STL Generation/terr50_gagg_gb/data/HU28.asc
ncols 200
nrows 200
xllcorner 420000
yllcorner 1180000
cellsize 50
[rows 148 to 184 of 200, columns 84 to 167 of 200]
37.5 37.5 38.6 40.7 42.4 47.7 48.9 46 44.2 43.6 43.1 41.8 40.7 40.4 40.2 42.2 44.6 47.2 49.7 50.7 50.8 51.5 55.6 59.8 64.1 64.1 62 59.8 61.1 61.3 61.5 62.6 63.7 64.8 65.9 67 68.1 69.2 70.9 76.5 83.5 90.4 97.4 102.5 106.2 109.9 112.5 109.9 107.4 104.3 102.4 101 99.6 102.3 101.2 100 99.7 99.7 97.9 93.2 88.4 74.6 65.6 -0.9 -0.9 -0.9 -0.9 -0.9 -0.9 -0.9 -0.9 -0.9 -0.9 -0.9 -0.9 -0.9 -0.9 -0.9 -0.9 -0.9 -0.9 -0.9 -0.9 -0.9
37.5 37.5 38.9 40.7 42.5 45 48.7 47 45.3 44.7 43.5 42.3 41 40.6 40.5 43 45.1 47.3 49.5 50.8 50.8 52.9 57 61.2 65.4 66.3 64.2 62 61.2 61.4 62.5 63.6 64.7 65.8 66.9 68 69.1 70.2 73.7 79.2 86.2 93.1 99.5 104.1 107.8 111.1 114.3 113.7 110.8 107.4 106.6 105.9 104.5 106.5 108.4 107.2 106 104.8 101.7 98 93.9 85.3 79.1 74.7 14.5 -0.9 -0.9 -0.9 -0.9 -0.9 -0.9 -0.9 -0.9 -0.9 -0.9 -0.9 -0.9 -0.9 -0.9 -0.9 -0.9 -0.9 -0.9 -0.9
37.5 37.5 38.9 40.7 42.5 44.3 47.7 48 46.4 45.3 44 42.9 41.8 40.8 41.1 43.8 45.9 48 50.2 50.8 52.8 55.5 58.4 62.6 66.7 68.5 66.4 64.2 62.1 62.4 63.4 64.2 65.1 66 66.8 67.7 68.6 69.4 73.3 81 88.9 95.9 101.2 105.7 109.2 112.4 116.4 115.9 112.3 110 108.9 108.2 107.6 110.8 115.5 114.2 112.9 111.5 107.7 105.5 99.5 91.6 85.3 86.6 65.2 1.8 -0.9 -0.9 -0.9 -0.9 -0.9 -0.9 -0.9 -0.9 -0.9 -0.9 -0.9 -0.9 -0.9 -0.9 -0.9 -0.9 -0.9 -0.9
37.7 37.8 38.9 40.7 42.5 44.3 46.1 47.3 47.3 46.2 45 43.9 42.8 41.7 41.8 44.6 46.7 48.7 50.7 51.6 56.1 60.5 63.6 66.6 69.6 69.3 67.3 64.9 62.5 62.3 63.1 63.9 64.7 65.5 66.3 67.1 67.9 68.7 72.1 80.3 88.3 96.2 102.4 107.3 111.5 115.7 118.9 117.4 113.9 112.5 111.3 110.6 111 115.3 119.6 121 119.6 118.3 114.2 110.9 105 98.4 90.3 88.8 80.4 54.1 61.1 55.4 -0.9 -0.9 -0.9 -0.9 -0.9 -0.9 -0.9 -0.9 -0.9 -0.9 -0.9 -0.9 -0.9 -0.9 -0.9 -0.9
38.5 38.5 39.2 40.6 42.4 45.2 48.4 49.5 48 47.2 46.3 45.5 44.6 43.8 43.2 45 46.7 48.5 50.3 53.3 58 62.7 66.7 69.9 69.6 67.7 65.9 64 62.4 62.2 63 63.8 64.6 65.4 66.2 67 67.9 69 72.3 77.1 85.1 92.5 99 106 112.4 118.8 119.9 118.7 116.3 115.1 113.9 112.9 115.5 117.5 123.8 126.5 126.4 125.1 121.1 116.3 108 99.1 90.9 86.8 83.9 86.3 84 89.6 58.4 26.5 18.7 -0.9 -0.9 -0.9 -0.9 -0.9 -0.9 -0.9 -0.9 -0.9 -0.9 -0.9 -0.9 -0.9
38.5 38.9 38.2 41.1 45.1 48.8 52 50.5 48.9 47.9 47.1 46.2 45.4 44.5 44.2 44.9 46.7 48.5 50.1 54.3 59.1 63.9 68.7 68.8 68.7 66.7 64.6 62.5 62.3 62.1 62.9 63.7 64.5 65.3 66.3 67.4 68.6 70.6 74.4 78.1 82 89.2 96.2 103.3 110 113.6 115.4 118.1 118.3 117.3 116.3 115.7 117.7 119.7 127.9 132 132.2 131.8 128.1 123.4 118.5 106.3 95.1 90.6 90.2 92 90.5 90.1 100.1 91.1 76 37.7 -0.9 -0.9 -0.9 -0.9 -0.9 -0.9 -0.9 -0.9 -0.9 -0.9 -0.9 -0.9
32 31.2 36.1 41.3 46.4 50.1 52.1 51.6 49.9 48.6 47.8 47 46.1 45.5 45.5 45.5 46.6 48.5 50.3 54.4 60.1 65.6 67.4 67.2 66.3 66.5 64.4 62.3 62.3 62.3 62.8 63.6 64.6 65.8 66.9 68.1 69.2 72.6 76.4 80.1 83 87.9 94.8 101.7 107.4 110.5 113.3 116.2 117.7 116.6 116.4 117 119.2 123.4 132 137.5 137.6 137.9 135.4 131.1 124.9 112.1 102 94.4 94 91.8 90.8 89.5 95.3 95.4 88 74.1 47.5 -0.9 -0.9 -0.9 -0.9 -0.9 -0.9 -0.9 -0.9 -0.9 -0.9 -0.9
29.9 31.7 36.3 41.6 46.9 51.3 51.6 51.8 51 49.4 48.5 47.7 46.9 46.7 46.7 46.7 46.7 48.3 50.1 56.9 62.4 64.8 66 66.5 65.5 64.6 63.9 62.3 62.3 62.3 63 64.1 65.3 66.4 67.6 68.8 70.9 74.7 77.6 80.4 83.8 88.1 94.1 99.9 104.9 109.7 112.2 114.6 117 117.3 117.9 118.5 119.8 126.3 135.1 142.5 144.1 144.5 142 137.7 128.2 120.4 110.9 102.1 96.3 93.1 93.9 94.6 93.6 93.5 88 82.5 72.2 61.9 14.5 -0.9 -0.9 -0.9 -0.9 -0.9 -0.9 -0.9 -0.9 -0.9
31.4 33.3 36.4 41.6 46.9 50.7 51.1 51.3 51.6 50.4 49.3 48.4 48 48 48 48 48 48.1 49.9 58.2 61.6 63.8 64.7 65.6 64.8 63.8 62.9 65.3 62.3 62.3 62.3 63.5 65.1 66.6 68.1 69.4 72.2 75.1 77.9 80.9 84.7 89 92.2 97.4 102.4 107.4 111.4 113.8 116.9 118.4 119.1 119.9 120.6 128.5 136.8 145 148.1 150.2 147.4 139.9 133.9 130 122 114.4 107.9 98.5 99.2 99.8 98.9 96.1 92.3 86.9 77.6 71.8 46 45.8 39.8 -0.9 -0.9 -0.9 -0.9 -0.9 -0.9 -0.9
32.8 35 38 41.5 46.8 49.5 50.8 51 51.1 51.2 50 49.3 49.3 49.3 49.2 49.2 49.2 49.2 49.7 56.5 60.9 62.5 63.4 64.3 64 63.1 62.3 65.4 62.3 62.3 62.3 63.1 64.8 66.5 68.3 70.4 72.5 75.3 78.2 81.4 85.7 88.5 91.1 93.6 99.5 104.9 110 113 116.9 119.3 120.1 120.8 121.8 130.2 137.7 146 150.6 151 148.7 145.1 141.2 137.3 133.8 126.6 119.1 110.7 109.5 109.7 105.3 100.4 97.9 91.3 81.1 75.6 62.3 51.3 40.2 -0.9 -0.9 -0.9 -0.9 -0.9 -0.9 -0.9
34.3 36.7 39.7 42.8 46.8 48.4 49.6 50.9 50.9 50.9 50.8 50.5 50.5 50.4 50.2 50.1 50 49.8 50.5 54.7 60.1 61.1 62 62.9 63.2 62.3 64 62.1 62.2 62.3 62.2 63.5 65.2 67.2 69.3 71.4 73.6 75.7 78.7 82.2 84.8 87.4 89.9 92.5 95.1 100.7 107.1 112.2 116.8 120.3 121 121.8 123.3 129 134.3 141.6 148.3 150.1 147.3 143.9 140 139.5 139 134.8 128.8 123.5 121.9 122.4 115.9 108.3 103.4 95 84.6 76.2 63.7 53.3 43.6 30.6 20.6 -0.9 -0.9 -0.9 -0.9 -0.9
34.3 38.3 41.3 44.4 46.5 47.5 48.6 49.7 50.8 50.8 50.8 50.7 50.6 50.5 50.3 50.2 50.1 50.9 51.8 52.8 59.1 59.9 60.7 61.6 62.5 62.6 61.9 62 62.1 62.1 62.2 64 66.1 68.2 70 71.7 73.4 75.1 78.2 80.5 83 86.1 88.8 91.4 93.9 96.5 102 108.4 115 119.8 121.1 122.4 123.9 126.4 129.4 135.3 141.1 144.9 145.7 144.1 143.4 142.7 141.9 142.7 138.6 133.9 133.2 131.8 124.4 117 109.5 99.2 88.5 76.4 65.8 56.2 46.4 40.9 38.3 33.4 23.2 -0.9 -0.9 -0.9
36.7 41.8 43 45.9 46.5 47.2 48.3 49.4 51.1 50.8 50.8 50.8 50.7 50.6 50.4 50.3 51.2 52.2 55.4 57.8 58.9 59.6 60.3 61 61.7 61.7 61.8 61.9 62 62 62.4 64.1 65.8 67.5 69.2 71 72.7 74.4 77.3 79.4 80.4 82.9 86 89.1 92.2 95.3 97.9 103.2 109.2 113.5 114.8 116.8 118.9 120.7 123.1 128.3 132.9 138.2 143.5 142.9 142.2 141.5 143.3 146.3 148.5 144.4 143.7 139.1 131.7 124.3 116 105.9 94.4 81.3 68.3 58.5 48.8 45.1 45 41.5 34.3 -0.9 -0.9 -0.9
36.9 44.5 48.5 46.9 46.9 47.9 49.7 51.4 52.3 51.7 50.8 50.8 50.8 50.7 50.5 51.5 54.4 55.8 57.2 58.5 59.4 60.2 60.9 61.5 62 61.6 61.7 61.8 61.9 61.9 62.6 63.6 65 66.8 68.5 70.2 71.9 73.6 76.5 78.2 79.3 80.3 82.8 85.9 89 92.1 95.3 98.2 103.4 107.6 109.7 111.8 114 115.9 117.4 121.3 126.2 131.6 136.9 140.9 141.1 143.9 146.8 149.7 152.2 154.3 152.3 146.5 139.1 130.9 122.5 112.6 100.3 87.4 74.5 61.3 53 49.4 46.2 47.6 41.7 31.2 -0.9 -0.9
36.3 43.6 49 47.8 48.5 50 51.4 53.2 53.4 53 52 51 50.8 50.9 52.5 53.8 55.2 56.6 57.9 59.1 59.9 60.7 61.4 62.1 62.1 61.6 61.6 61.7 61.8 61.8 62.9 63.8 64.7 66 67.7 69.5 71.2 72.9 75.6 77.1 78.1 79.2 80.3 82.7 85.8 88.9 92.1 94.4 99.1 102.7 104.8 106.9 109 111.1 112.7 114.7 120.9 127.2 133.4 137 141.2 143.5 145.8 148.2 153.2 156.7 159.2 153.8 145.8 137.4 128.9 119.3 106.3 93.4 80.6 67.5 57.1 53.4 49.5 45.7 44.8 38.1 25.9 0.4
35 42.3 47.2 48.6 49 51.1 53.1 53.4 53.4 54 54.2 54.1 54.2 53.6 53.2 54.6 56 57.3 58.7 59.6 60.4 61.2 61.9 62.6 62.2 61.7 61.5 61.6 61.7 62.6 63.1 64 65 65.9 67 68.7 70.4 72.2 74.8 76 77 78.1 79.1 80.2 82.6 85.7 88.5 90.9 94.8 97.9 99.9 102 104.1 106.2 108.1 111.9 117.8 124 129.7 133.7 139.4 141.9 144.2 147.1 152.8 158.8 159 159.2 152 143.9 135.4 125.2 112.4 99.5 86.6 74.1 63 56.7 52.6 45.7 41.3 36.6 31.8 17.1
34.1 40.9 45.3 48.6 49.6 51.6 53.4 53.4 55.2 56.8 57.5 58.2 58.5 57.5 55.6 55.4 56.7 58.1 59.3 60.1 60.9 61.6 62.4 62.9 62.4 61.8 61.4 61.5 61.6 62.7 63.4 64.3 65.2 66.1 67 68 69.7 71.4 73.8 74.8 75.9 76.9 78 79 80.1 82.5 85 87.3 90.5 93 95.1 97.2 99.2 101.3 104.1 109.1 114.6 120.9 125.4 131 136.6 140.2 142.6 146.7 152.5 159.4 159.6 159.2 157.2 149.5 141.8 134.8 122.4 109.9 96.2 83.2 74.2 67.1 60.7 53.8 51.5 45.3 37.3 25.9
36 41.1 42.2 45.8 49.6 51.3 53.5 58 60.5 62.2 62.9 63.5 63 61.4 59.8 57.5 57.5 58.9 59.8 60.6 61.3 62.1 63 63 62.5 62 61.4 61.4 61.5 62.9 63.6 64.5 65.4 66.4 67.3 68.2 69.1 70.7 72.6 73.7 74.7 75.8 76.8 77.9 79.3 80.9 82.5 84.2 86.1 88.8 91.7 94.5 97.3 99.5 102.9 106.6 111.5 117.7 122.6 128.2 133.8 138.6 140.9 146.3 153.9 160 160.1 159 158.9 156.5 149.1 145.5 135.7 122.6 109.5 91.7 83.8 83.2 81.9 67 61.4 53.4 42.2 31
37.8 40 39.6 40.8 48.4 50.6 53.9 57.7 62.1 67.5 68.1 68.6 67.9 65.7 64.1 61.8 59.5 59.5 60.3 61.2 62.2 63.1 63.9 64.5 63.1 62.1 61.6 61.3 62 63 63.9 64.8 65.7 66.6 67.5 68.4 69.3 70.2 71.5 72.7 74.1 75.5 76.9 78.3 79.7 81.8 82.8 84.6 86.3 87.8 90.5 93 95.2 98.2 101.8 105.4 109 114.2 119.8 125.4 131 136.7 140.1 147.5 155.4 160.6 159.8 158.9 159 159 159.6 155.7 145.6 134.6 122.8 102.5 96.7 100.7 98.2 81.8 69.8 59.2 48.6 38
39.5 39.3 39.2 39 45.4 49.8 53.1 54.8 60.6 65.7 68.8 69.8 69.3 68.6 67.9 65.9 63.5 60.4 61.4 62.3 63.1 63.9 64.7 65.5 64.7 63.3 61.7 61.2 62.9 63.2 64.1 65 65.9 66.8 67.7 68.3 69 70.1 71.6 73 74.4 75.8 77.2 78.6 80 82.7 83.3 84.9 86.6 88.2 89.3 90.7 93.6 97.4 101.3 105.2 108.8 111.9 117.2 122.8 128.4 134 141 148.9 156.7 160.6 159.7 159 159.1 159.1 160.4 161.6 154.8 142.7 130.1 112.9 104.1 109.2 107.4 93.8 78.4 67.8 57.1 45.7
39.5 39.6 39.5 40.5 44.6 49.3 50.3 53.1 58.6 63.4 68.1 69.6 69.1 68.7 68.8 69.1 66.8 62.7 62.4 63.2 64 64.8 65.5 66.3 66.3 64.8 63.4 62.1 63.3 63.3 64 64.6 65.3 65.9 66.6 67.7 68.8 70.5 72.3 73.4 74.8 76.2 77.6 79 81.1 83.6 84.2 85.2 87 88.6 89.6 91.9 95 98.7 102.5 105.7 108.7 111.9 115.1 120.6 126.2 131.8 139.6 148.7 156.7 160.6 159.6 159.1 159.1 159.1 160.2 160.7 159.5 149.3 136.8 122.9 114.1 108.3 107.5 101.7 87 76 64.7 53.4
39.6 40 40 43.2 49.1 49.9 50.5 52.6 57 61.9 66.7 69.9 69.6 69.4 69.8 69.8 68.9 66.5 64.2 65 65.9 66.4 67 67.6 66.5 64.6 63.3 63.3 63.3 63.3 63.3 63.5 64.3 65.4 66.4 67.5 69.2 71 72.8 73.7 75.1 76.5 77.9 79.3 82.6 84.5 85.2 85.8 87.3 88.9 89.8 92.9 96.3 99.6 102.6 105.5 108.6 111.8 115 118.4 124 129.6 137.6 146.7 155.8 161.1 160 159.1 159.1 159.1 159.1 158.3 156.9 153 142.3 131.7 120.6 115 110.4 103.2 95.7 83.9 72.6 61.4
39.7 40.3 42.4 47.2 50.6 50.6 50.8 51.5 56.4 61.2 65.9 70.4 70.1 70.4 70.1 69.7 69.1 66.8 66.3 66.6 67.2 67.8 68.3 67.9 66 64.2 63.3 63.3 63.3 63.3 63.3 63.3 64.1 65.2 66.3 67.8 69.6 71.4 73.2 74.3 75.5 76.9 78.2 79.6 84 85.4 86.1 86.7 87.6 89.3 90.6 94 97 99.4 102.4 105.3 108.5 111.8 115 118.2 121.8 127.4 135.6 144.7 153.3 159.3 160.7 159.1 159.1 159.1 159.1 159.9 156.4 152.6 143.8 132.2 128.4 127.5 123.1 111.6 104.3 93.9 81.9 69.9
39.1 40.2 44.2 49.1 50.8 50.8 50.8 51 54.2 59.7 65.1 70 70.8 70.4 70 69.6 69.2 68.2 68.2 68.1 68.5 69.1 69.4 67.5 65.6 63.7 63.3 63.3 63.3 63.3 63.3 63.3 63.9 65 66.5 68.3 70.1 71.9 73.7 75 75.8 77.2 78.6 80.4 85.5 86.3 87 87.6 88.2 89.7 91.6 94.7 97.1 99.4 102.2 105.3 108.5 111.7 114.9 118.1 121.3 125.2 133.5 142 150.6 157.2 157.9 159.1 159.1 159.1 160.4 160.4 154.6 149.7 145.4 133.7 127.9 130.5 129.9 119.6 112.2 104 92 80
40.2 39.5 42.1 48.8 49.5 50.2 50.8 50.8 52.4 56.8 61.1 65.8 67.8 67.6 67.4 67.3 68.1 70.2 70.1 70.1 70 70.4 68.9 67 65 63.3 63.3 63.3 63.3 63.3 63.3 63.3 63.8 65.2 67 68.8 70.5 72.3 74.1 75.7 76.2 77.5 78.9 81.9 86.6 87.2 87.9 88.5 89.2 90 92.4 94.8 97.1 99.4 102 105.2 108.4 111.6 114.6 117.5 120.3 123.2 131 139.5 148.1 155.3 157.8 159.1 159.1 160.5 162.9 162.3 156.5 150.8 144.8 136.8 127.6 130.2 132.2 126.3 119.3 112.2 102.5 91
40.7 41.9 41.7 49.3 50.4 50.9 51 50.8 52.5 54.4 57 60.3 63.2 63.4 63.7 64.7 66.1 68.6 71.2 72.1 72 71.7 68.2 65.4 62.3 63.3 63.3 63.3 63.3 63.3 63.3 63.3 63.8 65.6 67.4 69.2 71 72.8 74.6 76.4 76.9 77.9 79.3 83.4 87.5 88.1 88.8 89.4 90.1 91.1 93.1 95.5 97.9 100.3 101.2 103.7 106.1 109 111.8 114.7 117.5 120.4 128.7 137.2 145.7 152.6 155.8 158.9 160.2 163.2 165.6 164.3 157.9 151.5 145.1 138.7 130.4 130.4 130.2 128.9 121.8 116.1 112 102.5
38.9 40 41.1 48 51.5 51.7 51.9 50.8 52.4 54.8 54.8 56.8 58.8 60.1 61 63.1 65.1 67.3 69.6 71.8 74.1 73.6 70.2 66.8 63.4 63.3 63.3 63.3 63.3 63.3 63.3 63.3 63.5 66.8 68 69.7 71.4 73.2 75 76.8 77.6 78.2 79.7 84.8 88.4 89.1 89.7 90.8 93 93.2 94.9 97.3 99.7 100.3 100.7 102.5 105 107.5 109.9 112.4 114.9 117.8 126.3 134.8 143.3 149.9 153.2 157.9 157.8 160.7 163.7 162.3 156.1 149.7 143.3 137 131.9 128.9 128.3 127.6 124.5 121.4 118.6 110.9
36.2 38.2 39.4 47.7 51 54.8 59.2 50.8 51.6 54.2 54.8 54.8 56.7 59.1 61.1 63.1 65.1 67.1 69.3 71.6 73 70.9 68.9 65.4 63.3 63.3 63.3 63.3 63.3 63.3 63.3 63.3 63.3 66.5 69.8 71 72.2 73.7 75.5 77.3 78.4 78.8 81.2 86.3 89.3 90.1 92.8 94.9 95.1 95.3 96.7 99.1 99.6 100 100.4 101.4 103.9 106.3 108.8 111.3 113.7 117.6 125.7 132.4 140.9 147.2 152.9 156.5 156.7 158.3 161.3 158 153.8 147.4 141 135.4 131.1 127.5 126.9 126.3 125.7 122.9 119.4 115.9
31.3 36.3 37.5 48.2 51.8 52.5 57.5 53.7 51.3 53.9 54.8 55.1 57.1 59 61 63 65 67 69.1 71.3 71.2 69.2 66.9 64.2 63.3 63.3 63.3 63.3 63.3 63.3 63.3 63.3 64.3 66 69.5 72.8 74 75.2 76.3 77.7 79.1 80.4 84.4 88.9 92.1 94.9 96.8 97 97.2 97.4 98.4 98.8 99.2 99.6 100 100.4 102.7 105.2 107.7 110.2 112.7 117.7 126.8 134.3 140.6 146.4 151.7 155.1 155.7 155.9 157 153.7 150.4 145.2 139 134.6 131 127.4 125.6 125 124.4 123.4 121.9 118.6
30.9 33.8 39.6 50.7 55.9 55.5 51.3 49.5 52.3 55 56.9 54.4 55.8 58 60.2 62.5 64.7 67 69 71.1 69.3 67.3 65.4 63.3 63.3 63.3 63.3 63.3 63.3 63.3 63.3 65.7 68.2 70.6 72.1 73.6 75.8 77 78.3 79.7 82.8 87.2 91.1 95.4 98.4 99.8 100 100.4 100.7 101 100 99.4 98.9 99.3 99.7 100.1 101.6 104.1 106.6 109.1 111.6 117.6 126.4 135.4 146.6 150.3 152.7 154.3 154.8 154.3 152.8 149.5 146.2 142.8 138.2 134.5 130.9 127.3 124.1 123.6 123.5 123.8 124.7 121.5
33.5 36.2 40.9 52.4 59.4 58.7 52.3 51.2 54.6 57.6 58.9 54.4 54.2 56.5 58.7 61 63.2 65.4 67.7 70.3 68.6 66.4 64.5 63.3 63.3 63.3 63.3 63.3 63.3 63.3 66.7 70.2 72.8 75.1 76.6 78.1 80.6 82.1 81.6 84.7 88.5 92.8 97.6 101.8 104.8 104.4 104.4 104.7 105.1 105.3 102.9 102.3 101.7 101.1 100.5 99.9 100.5 103.1 105.8 108.5 111.3 116 124.8 133.9 145.4 153.4 156.8 155.5 154.4 153.8 149.9 146.5 143.2 142.8 139.2 135.1 131 127.4 123.8 123.2 123.2 123.2 124.9 127
36.2 38.4 42.1 51.7 58.9 58.8 53.5 53.7 57.2 60.8 58.5 54.5 53.3 54.9 57.2 59.4 61.7 63.9 66.6 69.3 68.7 66.4 64.2 63.3 63.3 63.3 63.3 63.3 63.3 66.1 70.6 74.8 77.3 79.6 81.1 82.6 86.5 90.4 90.5 92.2 94.2 98.1 102.9 107.5 109.3 108.9 108.8 109.1 109.4 108.5 106.1 105.1 104.5 104 103.4 102.8 102.1 102.8 105.5 108.3 111 115 123.4 132.5 141.6 150.5 156.4 155.4 154.1 152.2 148.2 144.2 144.3 144.5 140.7 137 132.9 128.8 124.7 123.2 123.2 123.2 127.4 130.5
37.2 41.3 42.2 50.1 57 57.5 49.5 53.9 59.3 59.4 57.4 54.5 52.6 53.4 55.6 57.9 60.1 62.8 65.5 68.3 68.7 66.5 64.2 63.3 63.3 63.3 63.3 63.3 64.4 69.4 74.4 78.8 81.9 84.1 85.6 88.3 92.3 96.2 99.1 100.8 102.4 104.1 106.8 110.1 113.2 113.5 113.1 113.5 113.8 111.7 109.3 108 107.4 106.8 106.2 105.5 104.7 105.1 105.6 108 111.1 116.4 123.6 132.9 143.3 148.6 155.1 154.9 154.6 152.7 150.2 147.6 146.8 146 142.3 138.5 134.8 130.7 126.5 123.2 123.2 125.4 130.6 136.3
32.2 39.6 41.4 49 53.7 53.1 50.7 55.7 59 57.6 55.8 53.8 51.8 52.3 54.1 56.3 59 61.8 64.5 67.3 68.8 66.6 63.7 63.3 63.3 63.3 63.3 63.3 67.8 72.8 77.8 82.7 86.4 88.6 90.2 94.2 98.1 100.8 102.4 104.1 105.7 106 109.3 112.7 115.9 117.9 117.6 117.8 117.4 114.9 112.5 110.9 110.3 109.7 109 108.2 107.3 107.8 108.2 108.6 112.1 118.1 124.1 134.6 145 153.3 157.6 158.6 159.2 156.5 153.9 151.3 149.2 147.5 143.8 140 136.3 132.6 128.4 124.4 123.2 126.3 133.3 139.5
39.1 40.4 41.1 47.2 50.7 51.7 52.7 54.2 56.7 55.4 53.5 51.8 51.6 51.8 52.5 55.2 58 60.8 63.5 66.3 68.9 65.9 63.3 63.3 63.3 63.3 63.3 66.1 71.1 76.1 81.2 86.2 90.8 93.1 96 99.6 102.2 104.7 105.8 107.2 107.5 108.3 111.7 115.2 118.5 121.2 122.2 122.2 120.6 118.2 115.7 113.7 113.1 112.5 111.7 110.8 110 110.4 110.8 111.3 113.2 117.7 125.3 136.1 146.4 156.1 161.3 162.3 163.2 159.4 157.1 154.7 152.4 149 145.2 141.4 137.6 133.7 129.9 126 123.5 127.2 134 137
41.4 43.5 43.1 44.5 47.7 48.9 53.1 54 54.2 53.4 52 50.5 51.4 52.5 54.2 56.3 58.3 60.5 63.3 66.1 66.8 65.3 63.3 63.3 63.3 63.3 64 69.2 74.4 79.4 84.5 89.5 94.6 97.9 100.9 103.5 105.8 107.5 108.7 109 109.3 110.6 114.1 117.1 118.6 123.4 125.9 126.3 123.8 121.4 119 116.6 116 115.2 114.4 113.4 112.6 113 113.5 114.2 115.7 119.5 127.3 137.7 148.1 158.9 163.4 166.1 167.1 162.3 159.4 157.1 152.5 148.8 145.2 141.7 138 134.2 130.4 126.6 125.4 127.2 131.4 134.6
42 45 47.3 45.3 46 49.5 53.7 53.8 53.3 52 50.7 49.5 51.2 52.8 56 58.3 60.3 62.2 64.1 65.8 65.1 63.9 63.3 63.3 63.3 63.3 67 72.2 77.4 82.1 86.6 91.5 96.3 99.7 101 102.8 104.5 106.1 107.3 108.5 109.4 110.6 112.1 113.6 115.5 120.5 124.4 124.7 123.5 121.7 120 118.2 118.4 117.9 117 116 115.2 115.7 116.4 117 118.2 123 129.5 141 152.1 160 164.1 167.4 170.6 167.7 161.8 157.5 151.8 148.3 144.7 141.2 137.6 134.1 130.5 128.1 127.3 126.6 128.4 131.6
