STL Generation/terr50_gagg_gb/data/HU31.asc
ncols 200
nrows 200
xllcorner 430000
yllcorner 1110000
cellsize 50
[rows 114 to 151 of 200, columns 85 to 169 of 200]
165.3 180.8 171.3 166.5 172.7 181.8 190.9 191.3 192.1 188.8 188.9 181.7 172.4 162.2 148 134.1 127.8 123.7 121.2 118.3 114.6 110.6 110.7 107.5 102 93.4 83.2 73.9 68.9 67.7 62.9 59.3 55.7 52.2 49.6 50.1 47.7 46.8 45.9 47.5 50.2 51 53.1 57 60.7 60.7 60.6 61.2 62.4 61.8 60.4 55.9 51.5 50.7 49.1 45.2 40.6 35 30 26.1 23.8 21.9 19.7 16.3 13.2 11.1 10.7 14.8 18.9 24.4 27.2 28.5 28.3 28.2 29.1 28.9 28.5 28.1 27.9 29 30 29.8 32.5 38.7 42
128.8 168.8 175.6 169.9 174.8 185.3 193.1 195.7 195 196.6 192.7 186.3 179.5 170.1 159.2 145.8 132.3 121.3 116.4 112.1 108.4 104.4 103.3 100.1 97.7 87.8 80.9 71 66.6 63.8 61.4 60.1 56.5 52.5 50.2 50 49.2 48.9 48.8 48.9 49.8 50.8 54.1 58.1 60.2 59.9 60.4 61.7 63.2 64.3 62.5 60.6 58.6 57.5 55.9 50.8 43.1 37.2 31.7 26.4 23.9 21.6 19.4 16.2 13.3 10.8 12 12.1 15.4 20.1 21.8 23.9 24.7 24.1 25.1 25.1 24.9 25.2 26.2 28 29.9 30.3 30 36.1 39.9
90 152.4 180 176.7 178 187.2 195.3 198.4 199.6 200.7 196.1 189.8 183.6 176.9 165 152.9 141.7 128.8 115.4 107.3 101.8 98.5 95.6 90.1 87 80.4 74.1 69.4 65.3 61.8 59.9 60 56.6 51.7 50.5 49.2 49.2 49.4 49.3 49 49.9 50.9 54.6 58.6 59.4 59.1 60.3 63.4 65 66.2 65.8 64.7 64 63.1 61.1 54.4 46.3 38 29.9 26.6 24.1 21.7 19.5 15.7 12.4 10.2 10.3 11.6 13.7 16.9 18 19.1 20.6 20.8 20.4 21 21.7 22.8 23.7 25.4 27.2 28.9 29.8 33.4 38.2
80 143 181.1 180.7 180.2 186.7 193.8 199 201.7 201.4 198.8 193.1 186.8 181.5 171.1 158.2 146.2 133.8 123.1 115.3 105.5 99.9 94.9 90 83.9 79.1 71.3 69.8 67.3 64.3 60.2 59.6 56.5 49.9 49.2 49.3 49.9 50.1 49.9 49.4 50 51.1 54.6 56.6 58.6 59.2 60.2 63.5 66.5 68.1 69 68.8 68.5 67.1 63.8 56.7 48.3 39.1 31.2 26.8 24.4 21.9 19.6 15.7 12.3 10.1 8.2 8.2 11.4 13.7 15.2 17.1 18.3 19.3 20.1 19.9 19.3 20.3 21.3 22.7 24.6 27.5 29.4 33.4 38.1
97.6 157.7 185.6 187.6 184.8 190.8 196.7 200.7 204.2 204.4 202 197.4 190.8 184.4 176.7 165.6 152.6 141.7 133.4 126.7 120 114.9 107.1 99.3 91.2 83.5 76.5 72.6 70 66.8 62.9 60.4 59.7 51.5 49.2 49.3 50.2 50.8 50.1 49.2 50.1 50.9 53.1 54.5 56.5 58.4 60.2 62.3 65.1 67.9 69.5 71.1 71.4 70.7 65.3 58.1 49.9 40.7 33 30.1 25.7 23 20.3 17.5 12.8 10 8.2 8.2 9.1 11.4 13.5 14.7 15.9 16.9 18.1 19.5 19.1 20.7 20.9 20.8 24 27.4 29.3 33.3 38.1
96.9 136 179.4 190.6 189.1 195.7 202.2 207 211.3 211.1 208.9 205.2 198.2 191.1 182.3 173.3 163.3 154.1 145.7 137.2 130.5 124.3 117.1 109.3 100 90 80.2 74.6 72.2 69.8 66.2 62.5 58.5 53.8 51.8 50.2 50.2 50.7 51 49.9 49.6 49.2 51.2 52.5 54.5 56.6 58.9 60.7 63.7 66.1 69 71.2 72.2 70.4 64.8 57.2 49.7 42.4 36 32.2 28.4 24.7 22 19.4 15 10.2 8.2 8.2 8.2 9.9 11.1 12.3 13.5 14.9 16.6 18.2 19 19 19.3 20.8 24.2 27.5 31.4 34.4 38.8
58.4 103.8 172 194.8 195.5 202.9 210.9 216.5 222.2 223 220.9 213.9 207.1 200.7 191.4 181.5 173.8 163.1 152.2 144.1 137 130 124 113.8 103.7 95 85.8 76.2 73.4 71.5 69.3 66 61.6 58.9 56 54.6 53.2 51.7 50.6 51 50.7 49.2 49.8 50.8 52.9 55.3 58.2 59.4 63 66.2 68.8 71.4 72.6 70.1 63.6 55.7 48.2 41.2 37.9 34.2 30.4 26.6 23.9 20.5 15.8 10.9 8.2 8.2 8.2 8.2 9.6 11.1 12.1 13.7 15.3 16.9 18.5 19 20.3 20.9 23.2 27.1 30.6 34.6 38.9
43.8 85.6 142.1 190.2 201.4 210.2 219.1 225.7 234.9 235 230.7 222.8 213.3 207.4 197.9 187.5 179 168.3 158.4 148.9 142 135.3 124.4 114.3 105.1 96 87.1 77.6 75.3 73 71 68.9 67.8 65.1 62.4 58.2 56.1 54.5 52.3 49.7 49.2 51 50 51.7 53.5 55.3 58.1 59.9 63.6 67.5 70.1 73.4 74.7 69.4 62.3 54.4 47.1 41.6 39.3 36.1 32.4 28.7 24 20 15.6 10.9 8.2 8.2 8.2 8.4 10 11.4 11.9 12.9 14.5 16.1 17.7 18.7 19.1 20.7 23.1 26.8 30 33.1 38.7
15.7 62.6 104.2 168.3 199.7 219.9 228.4 236.6 247 244.2 237.9 231.6 222 211.7 201.9 191.7 182.6 172.9 161.8 152.3 145.6 135.5 124.5 112.3 102.5 94.5 86.4 79.4 77.2 74.9 73.8 74 74.1 71.6 69.4 64.6 60 57.2 54.7 53.4 52.8 52.7 51.9 52.9 54.6 56.2 58.5 60.6 64.1 68.4 72 75.3 75.6 68.2 60.7 53.1 46.4 42.2 40.4 37 33 29.2 24.9 20.5 16.2 12.2 9.4 8.3 8.3 9 10.6 11.3 11.8 12.3 13.7 15.3 16.8 18 19.3 20.4 22.8 25.9 28.8 30.4 36
-0.3 51.9 89.4 159.4 202.8 230.8 238.3 252.1 258.1 252.4 245.2 237.6 227 216.7 205.4 193.1 184.4 175.2 163.7 153.4 145.3 134.8 122.6 108.5 99.9 91.1 84.9 80.7 78.7 75.7 77.4 78.6 79.6 79.4 76 71.7 65.4 61.1 58 57.7 57.8 57.5 56.3 55.6 56.1 57.5 58.9 61.7 65.7 69.2 72.4 76.9 75.4 68.4 60 51.9 46.4 43 40.9 36.9 32.9 29 25 21 17 13.1 10.8 8.9 9.6 10.3 10.5 11.1 11.6 12.1 13 14.6 16 17.4 19 19.4 21.4 24.3 27.2 30.2 34.6
-0.3 57.8 104.2 180.5 218.3 244 253.6 266.3 264.7 259.1 251.5 240.4 229.3 218.3 208.8 194.8 185.8 177.4 165.8 154.6 145.1 134.9 123.1 113.2 104.1 95.2 82.8 77.5 76.8 77.3 79.1 80.7 82.9 84.5 81.3 78.2 70.4 65.2 62 64.1 65.1 65 60.4 58.7 58.7 58 59.7 61.3 66.1 69.8 70.8 73.1 71.6 68.2 59.7 51.7 46.8 43.8 40.7 36.7 32.7 28.8 24.7 20.3 16.5 12.8 9.7 9.9 10.5 10.8 10.5 10.7 11.4 11.9 12.4 13.8 15.1 16.8 18.3 20.2 19.6 22.3 24.9 27.8 31.6
-0.3 82.7 153.5 188.9 226.8 257.5 270.1 274.7 270.9 264.9 256.5 246.5 236.1 225.6 213.5 199.8 187.3 179.9 169.8 158.2 149 138.4 128 118.4 108.9 99.8 88.3 77.3 72.2 71.2 75.4 79.2 82.6 83.4 80.7 77 72.4 70 70.2 71.1 72.5 71.7 70.1 64.6 58.8 54.9 58.8 60 63.2 67.4 70.7 71.4 71 64.9 57.5 50.6 47 43.9 40.8 36.1 31.8 27.7 23.6 19.9 16.1 12.4 8.9 10.5 11.1 10.8 10.6 10.6 10.8 11.6 12.3 13 14.5 16 17.2 18.9 19.7 19.6 22.4 25.5 28.7
-0.3 77.3 149.3 189.4 223.9 260.3 277.4 280.1 276.3 270.2 261.6 251.9 242.2 232.5 218.6 206.3 193.5 182.9 174.4 161.8 154.1 144.4 133.5 123.9 114.5 103.5 92.1 80.4 72.4 67.2 68.5 76.3 80.1 79.5 75.5 72.5 69.1 69.7 71.2 73.8 76.6 77.2 74.1 70.7 66.2 59 57.2 57.9 60.4 64.4 68.3 71 68 63.1 57.5 50.7 46 42.2 40.7 36.1 30.9 26.7 23.1 19.5 15.8 12 8.7 9.8 11 10.9 10.6 10.6 10.8 11 11.8 12.5 13.6 14.9 16.3 16.9 17.9 19 20.6 22.5 25.8
26.7 75.5 142.4 191.2 228.5 250.3 272.2 283.9 279.4 273.8 265.3 256.8 247 236.6 226.5 213.5 201 190.2 178.8 167.8 158.8 148.8 140.1 129.9 118.2 107 93.6 83.7 75.5 68.2 62.7 70 73.6 72.6 69.8 69.1 69.1 69.1 70.5 72.8 76.9 78.7 75.7 71.4 71 62.3 49.7 52 56.8 61.5 65.6 66.3 62.9 59.6 56.1 50.2 43 39.4 37.6 34.9 30.2 26.3 22 18.4 15.2 11.6 8.7 9.1 10.3 10.4 10.4 10.5 10.7 10.8 10.3 10.4 12.2 13.8 15.2 15.1 16.3 17.4 18.8 19.6 22.2
22.2 66.2 121.4 164.5 203 218 253.8 283.6 280.9 276.8 268.1 260.3 252.7 242.8 232.9 220.5 208.4 196.7 185.5 174.6 163.4 153.6 144.8 134.6 124.4 113.6 102.9 92.9 81.3 70.8 61.8 67.1 70.9 70.3 69.4 69.1 69.1 69.1 70.9 71.6 73.7 75.4 73 71.5 71 61.2 51.3 48.6 53 57.7 59.6 59.6 57.3 54.8 52.2 48 41.1 36.8 34.4 32 28.7 25.8 22.8 17.9 13.6 10.4 9.1 9.3 9.6 9.6 10 10.8 10.4 9.9 9.3 10 11.3 12.7 13.1 13.4 14.8 16.1 18.2 19 20.3
-0.3 39.6 82.2 131.9 157.7 196.3 237.5 276.9 281.8 278.1 269.4 262.5 255.5 247.5 236.9 225.5 214.5 203.2 191.7 179.2 167.5 158.1 148.8 139.4 131.1 122.5 111.4 99.1 84.6 70.9 60.2 64 71 71 70.5 69.3 69.1 68.8 68.2 67.2 68.6 70.6 70.2 67.6 64 59.3 52.5 45.7 43.1 48.8 53 52.3 50.8 50.3 48.6 43.1 36.8 32.2 30.5 28.3 26.6 24.7 22.6 19.2 14.6 10 9 9 9.7 9.1 10 10.9 10.7 10.3 9.8 10.2 11.1 11.6 11.1 12.2 13.7 15.5 18.1 22.3 24.5
-0.3 -0.3 32.2 95 140.3 177.5 213.4 260.4 281.8 279.3 270.6 263.7 257.1 250.2 240.5 230.7 219.6 208.4 196.3 183.7 172.1 162.8 154.5 146.3 138.1 129.1 118.8 104.2 89.6 72.9 58.8 59.4 69.2 71 71 71 71 64.5 59.7 59.8 59.7 59 59.7 59.5 56.2 53.8 47.5 42.1 37.3 38.2 40.2 42 43.2 43.8 40.4 36.3 31.6 26.5 24.9 23.6 23.5 22.6 21.7 20.5 15.6 9.8 9 9 9.5 9.7 9.6 10 10.8 10.2 9.5 9.9 10.4 10.4 10.5 12.2 13.7 15.5 18.3 22.3 26.9
-0.3 -0.3 -0.3 70.3 117.4 156.7 198.5 246.2 282 279.6 271.2 265.6 258.8 252.2 243.3 234.3 223.5 212.2 200.8 188.3 176.9 167.2 158.6 152.3 145.1 136.2 124.1 108.5 93.9 76.6 58.5 51.6 60.4 66.7 69.4 69.4 65.6 58.1 52.8 49.2 46.6 45.9 49.4 50.4 48.2 45.9 42.5 37.5 32.5 28.2 29.5 32.1 33.2 33.8 32.6 28.5 23.7 21.7 20.7 20.2 22.4 21.8 20.9 20.6 14 9 9.2 9.2 10 9.6 9.3 9.3 9.3 9 9.6 9.8 9.6 9.8 10.1 11.8 13.5 15.8 18.7 24.2 30.1
-0.3 -0.3 -0.3 39 96.1 144.2 189 225.8 271.5 275.5 272 267.4 261.5 255.4 247 237.7 227.4 216.1 204.6 193 181.8 172.3 162.8 156.3 149.8 140.8 127.1 111 94.3 73.1 59.5 52.8 51.6 55.3 59.3 62.4 58.5 51.9 45.4 40.5 37.6 35.8 39 40.9 39.7 37.9 35.9 32.4 27.9 24.6 23.8 23.3 23.2 23.9 23.9 20.7 17.6 17.3 16.4 17.3 19.7 21.1 19.6 16.4 11.2 9.2 9.5 9.7 9.7 9.2 9 9 8.9 8.9 8.9 8.9 9.1 9.4 10.6 11.1 12.7 15.8 19.5 25.5 31.4
-0.3 -0.3 -0.3 -0.3 79.3 125.9 163.7 201.6 240.1 272.2 272.5 269.6 264.7 256.9 250.3 241.5 231.3 219.9 208.6 197.3 186.9 177.2 167.1 160.8 153.2 143.1 130.5 116.3 97.2 74.5 60.9 53.8 48.6 47.6 48.1 49.2 50.3 45 38.8 36.4 35.3 33.7 33.6 32.6 31.4 29.5 27.5 25.6 22.4 21 19.8 18.3 17.4 17.3 15.3 13.3 13.5 12.8 12.5 13.3 15.4 18.2 16 13.8 9.9 9.2 9.6 9.8 9.3 8.8 8.6 8.6 8.5 8.5 8.4 8.4 8.6 8.5 8.7 9.3 12.5 15.6 19.3 28 31.7
-0.3 -0.3 -0.3 -0.3 63.9 113.5 153.5 193.9 236.6 271.7 273.1 270.3 266.9 260.3 253.7 246.1 236.4 225.1 213.1 202.2 191.2 181.3 171.4 163.6 154.9 146.2 134.1 120.5 102.3 81.1 63.1 52.7 50.1 46.7 44.5 42.7 40.7 39.3 37.9 36.5 36.1 35 34 31.7 29.4 27.4 26 26.5 22.7 20.8 20.5 22.9 24.5 20.8 18.3 13.9 11 9.3 10.3 10.8 11.3 12 12.1 11.1 8.7 9.2 9.2 9.2 8.9 8.4 8.4 8.4 8.3 8.3 8.3 8.4 8.6 8.2 8.2 9.6 11.6 14.2 18.6 25.8 33.3
-0.3 -0.3 -0.3 -0.3 48.4 105.2 144.4 188.8 228.8 269.2 273.4 270.4 268.6 263.4 256.9 250.2 239.6 227.7 216.3 205.4 195.7 184.3 174.8 165.5 156.8 148 136.9 124.6 106.7 88.7 75.2 59.7 53.8 50.6 47.9 45 42.6 41.1 39.9 40.8 40.7 38.8 38 35.3 32.4 28.8 28 27.9 26.1 24.5 26.4 27.5 28.5 24.4 20.8 16.4 13.4 10.2 5.9 8.4 8.9 9.2 9.5 9.3 8.7 8.7 8.6 8.6 8.4 8.3 8.3 8.2 8.2 8.2 8.2 8.4 8.5 8.2 8.3 9.1 11.1 13.4 17.9 25.3 34.8
-0.3 -0.3 -0.3 -0.3 -0.3 81.2 140.7 182.4 227.1 270.1 274 270.6 269.3 265.5 259.6 251.6 241.1 230.5 219.7 208.8 197.8 186 175.5 166 157.2 148.5 137.6 125.4 112.5 98.1 83.4 71.3 61 54.2 49.7 46.6 44.6 45.4 46.5 47.5 46 43.5 40.5 39.6 38.2 36.6 36.8 37.6 35 32.3 35.3 37.4 37 30.5 24.5 20.2 16.6 12.7 7.9 6.2 6.7 7.4 8 8.4 8.4 8.3 8.2 8.1 8.1 8.2 8.2 8.1 8.2 8.2 8.2 8.4 8.5 8.5 8.7 9.1 10 14.6 18.2 26.5 35.8
-0.3 -0.3 -0.3 -0.3 -0.3 75.2 151.7 193.4 233 270.3 274.8 270.5 268.7 265 260.1 252.5 241.9 231.6 221.3 210.4 198.5 186 174.9 165.3 156.6 148.4 137.2 125.7 113.2 99.3 91.2 79.2 66.4 58.9 52.1 48.6 49.3 51.4 52.7 53.4 51.5 49.1 45.5 43.8 42.6 43.5 43.5 45.5 47.7 48.7 48 47.7 46.9 38 31.2 24.8 16.9 12.7 8.8 6.7 5.9 5.8 6.5 7.2 8.7 8.9 9 8.8 8.8 8.5 8.2 8 8.1 8.1 8.2 8.3 8.8 8.9 9.1 9.4 12 17.1 19.5 28.8 36.3
-0.3 -0.3 -0.3 -0.3 -0.3 62.7 136.1 179.6 218.3 257 274.3 271.5 268.1 265.4 262.1 253.4 243 232.7 221.8 209.8 197.1 184.4 173.6 164.3 155.6 145.4 133.2 122.9 112.1 100.4 91.1 81.8 71.4 65.4 58.5 53.5 55.9 58.9 60.4 60.6 58.6 55.3 56.8 56.8 54.1 51.7 52.8 55.9 59 63.3 63.9 59.5 53.1 43.4 33.6 23.9 14.9 8.7 7.7 6 5.3 5.2 5.1 6.1 9.3 9.6 9.4 9.5 9.5 8.1 7.5 8.6 8.2 6.5 6.2 6.4 7.9 9.5 9.6 10.6 14.2 17.5 22.6 29.2 37
-0.3 -0.3 -0.3 -0.3 -0.3 52.6 117.8 159.7 195.2 234.8 270.5 270.5 269.3 267.7 262.7 254.6 243.9 233 221.4 208.2 195.5 182.7 172.1 161.8 152.7 142.5 130.5 120.6 109.9 98.5 87.3 80.8 74.3 71 64.3 65.8 69.2 71.7 73.4 73.5 73.4 71.3 73 76.4 76.3 72.3 66.8 68.9 71 72.7 69 61.5 51.1 40 29.6 20.2 10.6 7.9 6.5 4.8 4 3.9 3.9 4.6 8.1 9.9 9.9 8.4 8.5 7.2 6.8 7.9 9.1 9.2 4.6 5.5 7 8.7 9.9 12.4 16.3 19.7 25.9 31.7 38.3
-0.3 -0.3 -0.3 -0.3 -0.3 51.9 109.6 148.8 187.7 227.8 265 268 270.1 269 263 255.4 244.5 233.1 221.1 206.7 193.6 181.5 170.4 159 149.1 139.3 127.8 118 107.9 96.7 83.6 80.9 76.2 69.9 68.5 72 77.4 85 87.4 87.4 88.4 88.4 90.5 93.1 92.8 89.9 84.9 81 78.7 74.9 67.3 58.9 48 37 26 16.2 11.7 7.1 5.2 3.7 2.8 2.7 2.7 3.1 6.7 10 7.4 5.5 6.3 6.4 6.1 7.2 8.1 8.7 8.1 4.3 6.2 8.2 9 12.8 17.2 19.4 26.9 32.2 38.1
-0.3 -0.3 -0.3 -0.3 -0.3 47.8 125.8 178.6 218.3 249.9 262.3 265.3 268.1 267 263.1 256 244.7 233.3 220.6 206.1 192.3 180.1 169.2 157.2 145.9 135.6 124.7 114.7 105.2 93.8 81.4 78 71.5 64.3 65.8 71.2 77.1 84.8 92.6 96.1 98.8 99.9 99.8 100.1 98.7 96.8 90.4 87.2 82.3 74.4 65.7 55.6 44.5 33.6 22.6 14.2 10 5.8 2.9 2.1 1.5 2.5 3.7 3.9 6.9 8.8 5.1 4.4 4.2 5 5.3 6 6.7 7.3 3.7 3.1 4.7 3.2 3.7 8 16.4 23 26.4 30.7 37.2
-0.3 -0.3 -0.3 -0.3 -0.3 40.1 115.9 174.7 236.6 251.3 256.5 259.9 263.8 264.7 262.2 256 244.9 233.5 220.2 205.6 191.9 179.7 167.9 155.4 142.7 130.7 121.7 112.7 101.5 89.1 76.8 69.8 65.6 59.3 63 69.9 75 80.8 92.2 98 100.9 103.4 106.8 106.4 102.4 100.5 94.8 89.2 84.6 76 63.9 52 41 29.7 18.5 11.8 7.9 4.2 4.3 5.4 5.9 5.1 4.6 4.4 4 4 4.8 6.1 6.4 6.3 6 5.3 5.2 4.7 4.5 4 3.8 7 6.1 13.3 20.7 26.9 30.9 34.6 38.7
-0.3 -0.3 -0.3 -0.3 -0.3 69.8 132.6 182.2 228 244.6 250.4 254.5 259.2 261.9 260.9 255 245.5 234.1 220.7 205.8 193.4 181.6 169.7 158.7 147.2 134.1 122.2 111.7 102 94.2 85 72.3 63 58.4 58.3 66 71.5 78.4 85 94.7 100.5 104.1 106.8 107.1 102.7 97.6 91.3 84 78.2 69.1 56.1 43 29.7 19.4 9.8 4.8 1.4 0.6 0.5 0.3 0.3 0.2 0.2 0.2 0.2 0.3 0.3 0.4 0.5 0.6 2.4 6.1 8.9 7.4 6.2 5.4 4.9 7.8 5.8 13.1 20.8 27.1 32.5 37.6 41.9
-0.3 -0.3 -0.3 -0.3 -0.3 45 111.7 166.8 210.3 238.7 246.6 251.1 255.1 258.5 257.4 252.5 245.9 234.8 221.3 208.8 196.9 185.1 173.2 163.2 153.8 143.6 131.8 121.1 115.5 105.7 94.5 77.3 65.9 54.6 52.5 58.5 64.7 69.5 76 87.4 94.8 97.9 99.5 100.1 95.9 91.2 84.9 76.4 68.2 57 44.7 31.5 19 9.1 1 0.4 0.1 -0.3 -0.3 -0.3 -0.3 -0.3 -0.3 -0.3 -0.3 -0.3 -0.3 -0.3 -0.3 0 0.2 0.3 0.5 0.7 2.3 6.4 7.6 6.7 7.2 12.3 19.9 28.5 34.5 39.6 44.9
-0.3 -0.3 -0.3 -0.3 -0.3 -0.3 86.3 153.3 196.4 218 239.3 246.6 251.2 254.2 253.4 250 245.1 236 222.9 212.7 200.5 188.6 177.5 168.1 159 150 141.6 131.8 123.3 113 100.5 82.7 68.9 56.1 46.9 49.8 55.1 59.5 64.4 72.4 80.2 83.6 85.3 84.9 82.9 77.6 71.5 65.1 55 44.4 32.8 19.9 7.3 0.5 -0.3 -0.3 -0.3 -0.3 -0.3 -0.3 -0.3 -0.3 -0.3 -0.3 -0.3 -0.3 -0.3 -0.3 -0.3 -0.3 -0.3 -0.3 -0.3 0 0.1 0.3 0.5 0.7 4.7 9.8 19.7 28.8 35.1 41.6 47.3
-0.3 -0.3 -0.3 -0.3 -0.3 -0.3 64.7 124.3 165 180.7 201.2 241.8 248.5 248 249.4 247.7 243.6 237.3 225.6 215.7 204.7 192.3 181.8 173.2 164.5 155.5 147.6 139.8 129.5 119.2 104.3 83.6 71.1 58.3 44.5 41.4 45.6 49.7 53 57.5 64.8 71.2 68.4 69.7 66.9 61.5 55.9 50.8 44.5 33.1 20.6 7.4 -0.3 -0.3 -0.3 -0.3 -0.3 -0.3 -0.3 -0.3 -0.3 -0.3 -0.3 -0.3 -0.3 -0.3 -0.3 -0.3 -0.3 -0.3 -0.3 -0.3 -0.3 -0.3 -0.3 -0.3 -0.3 0.2 0.4 1.6 15.7 26.5 34 40.5 47.7
-0.3 -0.3 -0.3 -0.3 -0.3 -0.3 39.6 83.8 120.3 154.7 169.8 188.8 223.1 244.3 247.4 246.6 242.4 237.4 228.6 218.6 208.7 197 185.5 177.2 169.3 161.1 153.4 145.2 134.6 123.7 106.9 85.6 70.1 55.3 41.2 37.6 37.4 40.8 43.9 47.7 54.1 61.5 59.3 55.9 53.3 46.2 42 36.2 30.2 23.6 7.1 -0.3 -0.3 -0.3 -0.3 -0.3 -0.3 -0.3 -0.3 -0.3 -0.3 -0.3 -0.3 -0.3 -0.3 -0.3 -0.3 -0.3 -0.3 -0.3 -0.3 -0.3 -0.3 -0.3 -0.3 -0.3 -0.3 -0.3 -0.3 0.6 13.5 25.1 33 41.7 49.4
-0.3 -0.3 -0.3 -0.3 -0.3 -0.3 -0.3 60.8 103.2 131.4 150.2 163.6 189.8 214 237.9 243.5 242.1 237.9 231.3 223.6 211.6 200.9 189.8 180.6 172.4 164.5 157.2 149.4 139.5 126.1 110 88.3 69.8 53.7 38.4 32.8 32 35 38.2 41.6 45.6 50.2 47 43.8 41.1 34.8 29.1 24.5 19.8 14.8 -0.3 -0.3 -0.3 -0.3 -0.3 -0.3 -0.3 -0.3 -0.3 -0.3 -0.3 -0.3 -0.3 -0.3 -0.3 -0.3 -0.3 -0.3 -0.3 -0.3 -0.3 -0.3 -0.3 -0.3 -0.3 -0.3 -0.3 -0.3 -0.3 -0.3 13.3 24.1 33.1 41.7 50.8
-0.3 -0.3 -0.3 -0.3 -0.3 -0.3 -0.3 23 70.7 99.4 125.5 154.7 173 194.6 231 240.9 239.2 235.1 230.4 223.1 214.1 203.9 193.2 184.1 175.6 167.5 159.6 151.4 140.1 127.7 112.3 89.9 69 51.6 39.3 32.5 30.2 29.8 31.9 34.5 35.3 35.5 33.5 34.6 32.9 26.8 23.7 20.5 15.9 9.6 -0.3 -0.3 -0.3 -0.3 -0.3 -0.3 -0.3 -0.3 -0.3 -0.3 -0.3 -0.3 -0.3 -0.3 -0.3 -0.3 -0.3 -0.3 -0.3 -0.3 -0.3 -0.3 -0.3 -0.3 -0.3 -0.3 -0.3 -0.3 -0.3 -0.3 10.7 22.7 33.2 42.5 51.8
-0.3 -0.3 -0.3 -0.3 -0.3 -0.3 -0.3 -0.3 -0.3 65.4 98.9 128.6 152.6 183.8 221.1 233.9 235.5 231.9 228 222 214.3 205.4 196 186.8 178.3 168.7 160.2 150.9 139.4 129.8 114.1 88.9 72.3 52.8 41.9 33.4 30.2 28.3 27.1 26.9 26.8 26.1 26.4 28.8 24.5 20.2 17.8 15.3 10.6 2 -0.3 -0.3 -0.3 -0.3 -0.3 -0.3 -0.3 -0.3 -0.3 -0.3 -0.3 -0.3 -0.3 -0.3 -0.3 -0.3 -0.3 -0.3 -0.3 -0.3 -0.3 -0.3 -0.3 -0.3 -0.3 -0.3 -0.3 -0.3 -0.3 -0.3 16.1 22.9 31.7 40.7 49.8
-0.3 -0.3 -0.3 -0.3 -0.3 -0.3 -0.3 -0.3 -0.3 -0.3 61 93.7 129.9 156.1 178.8 204.9 232.9 228.2 224.5 221.6 213.6 205.7 197.1 187.3 178.7 168.5 159.5 147.9 135.8 127.8 113.3 92.3 73.5 53.8 42.6 32.5 29.7 23.1 21.8 23.5 26.6 22.2 19.5 17.4 14.8 14.1 12.4 10 6.1 -0.3 -0.3 -0.3 -0.3 -0.3 -0.3 -0.3 -0.3 -0.3 -0.3 -0.3 -0.3 -0.3 -0.3 -0.3 -0.3 -0.3 -0.3 -0.3 -0.3 -0.3 -0.3 -0.3 -0.3 -0.3 -0.3 -0.3 -0.3 -0.3 -0.3 -0.3 11.4 25.2 32.6 41.3 47.7
