STL Generation/terr50_gagg_gb/data/NC12.asc
ncols 200
nrows 200
xllcorner 210000
yllcorner 920000
cellsize 50
[rows 0 to 36 of 200, columns 0 to 83 of 200]
50.3 50.3 50.3 50.3 50.3 50.3 50.3 50.3 50.3 50.3 50.3 50.3 50.3 50.3 62.2 69.2 85.1 100 92.8 92.9 95.1 85.2 79 76.5 74.1 72.7 71.3 70.5 70.6 75 83.1 92.9 98.5 96.4 80.3 69.1 70.6 74 83.2 99.9 103.4 109.8 103.9 97.7 100.4 104.2 113.1 102.8 90.8 90 90.6 88.3 87.7 89.1 92.9 97.8 95.4 79.2 79.2 80.6 89 95.7 99.6 100 99.1 104.9 109.4 117.7 119.6 125.1 130.7 134 137.9 130.5 137.8 140.2 132.7 123.7 113 110.5 110.5 110.5 110.5 110.5
50.3 50.3 50.3 50.3 50.3 50.3 50.3 50.3 50.3 50.3 50.3 50.3 50.3 50.3 50.3 50.7 59.1 71.9 76.5 82 81.1 82.2 78.8 70.3 70.6 70.5 69.3 70.5 68.7 68.3 72.3 78.5 92.2 91.5 85.1 73.6 70.2 75.6 81.7 100.1 100.3 106.8 99.5 99 95.5 96.3 105.6 108.4 100.1 96.4 101.6 106 101.6 97.7 103.7 102.4 100.5 79.2 79.2 90.8 97.6 95.2 111.9 116.4 106.8 99.5 106.8 114.5 119.8 118.8 123.7 130 131.3 130.4 134.1 127.2 120.4 112.6 110.5 110.5 110.5 110.5 110.5 110.5
50.3 50.3 50.3 50.3 50.3 50.3 50.3 50.3 50.3 50.3 50.3 50.3 50.3 50.3 50.3 50.3 50.3 56.4 59.1 65.6 68.5 68.8 67.6 69.1 75.4 73.9 69.6 69.2 69.2 66.6 66.3 65 71.9 88.4 89.2 76 67.3 77.1 90.2 98.7 100.6 100.7 98.8 97.3 90.2 88.2 96 111.5 114.5 105.2 102.7 105.7 107.9 108.4 108.4 102.7 90.6 79.7 93 106.9 114.5 99.5 117.8 121.7 108.1 101 107 113 119.4 118.3 117.7 122.5 129 128.4 127.9 117.2 110.5 110.5 110.5 110.5 110.5 110.5 110.5 110.5
52.9 50.3 50.3 50.3 50.3 50.3 50.3 50.3 50.3 50.3 50.3 50.3 50.3 50.3 50.3 50.3 50.3 50.3 50.3 53.6 55.4 54.7 55.7 63.1 67 68.7 79.4 76.5 74.8 71.1 64.2 62.5 61.8 76.1 84.6 71.8 65.1 75.1 89.9 99.6 102.8 102.8 99.8 89.9 84.1 83.2 86.8 100.3 103.1 96.2 105 116.5 113 110.9 104.1 91.7 93.6 80.3 95.1 114.3 127 118.6 117.7 118.4 111.9 105.3 108.4 119 118.5 116.3 115.2 117.1 121.9 124.3 122.7 111.3 110.5 110.5 110.5 110.5 110.5 110.5 110.5 110.5
91.1 71 50.3 50.3 50.3 50.3 50.3 50.3 50.3 50.3 52.3 56.4 55.9 56 53.8 56.1 56.3 52.4 50.3 50.3 54.2 53.7 60.6 60 59.4 59.4 63.1 68.8 75.8 78.4 68.5 67.1 62.4 64.1 72.7 68.5 69.9 80.9 86.2 98 102.7 101.8 97 85.6 79.9 86.4 91 89 86.5 85.7 93.7 98.7 113.4 120.4 103 85.8 81.6 78.7 103.7 116 132.4 132.3 118.7 115.9 114.4 109.9 108.3 116.9 120.8 116.2 112.6 116.4 119.6 119.2 121 112.6 110.5 110.5 110.5 110.5 110.5 110.5 110.5 110.5
92.2 72.6 58 50.3 50.3 51 56.6 54.3 50.3 50.3 57.7 68.1 69 68.6 64.8 60.5 59.8 59.3 59.4 57.8 53.5 54.8 59.4 62.1 66.2 67.9 58.9 59.6 65.8 73.5 81.5 72.3 66.9 61.9 63.5 67.2 68.9 76.2 88.7 94.5 95.8 91.1 83.5 78.8 78.4 85.1 95 88.8 80.1 80 82.8 82.3 96.7 104.3 90.8 81 72.2 79.9 102.3 114.2 131.7 130.7 115.8 111.8 114.5 110.7 109.1 109.5 118.1 119.2 111.9 111.2 119.3 114.7 116.3 110.5 110.5 110.5 110.5 110.5 110.5 110.5 110.5 110.5
85.6 72.2 63.1 60.3 56 59.3 69.8 66.3 63 60 64 67.6 72 86.4 79.9 64.7 59.2 59.2 60.1 58 53.5 54.4 63.1 66.6 69.1 69 69 64.3 60.6 61.1 65.3 69.2 78.3 67.5 62.9 69.7 68.9 70.4 81.6 89.6 87.7 85 78.3 76.1 79.8 81.4 89.1 87.1 76.5 73.3 75.5 75.5 83.3 83.2 81.6 79.8 69.5 90.5 102.7 103.5 110.1 121.5 114.6 111.8 114.1 116.2 117.8 112.7 109.5 113.7 112 110.5 119.8 111.4 111.6 118.4 115.1 110.5 110.5 110.5 110.5 110.5 110.5 110.5
84.8 75.8 67.4 66 62.9 61.3 62.8 70.1 74 69.9 68.7 69.4 76.8 81.2 83.3 66.7 58.6 60.6 63.1 53.3 53.1 55 70.6 69.8 70.4 69.8 70.5 71.6 75.5 78.5 65.7 58.9 63.3 66.1 64.3 70.6 68.1 69.2 75.9 80 79.2 76.7 72.4 74.4 79.4 81.1 80.4 79.3 76.4 71.3 70.5 74.2 79.9 70.8 70.5 68.3 72.3 95.7 112.1 105 100.3 106.5 110.7 112 116.3 121.5 129.8 121.6 118.3 119.4 120.3 114.5 110.7 114.6 116.5 119 117.9 124.5 120 110.5 110.5 118.3 118.8 110.5
95.8 79.5 71 71 69.1 69 70.2 69.1 69.6 69.5 70.7 69 72.8 80.4 79.9 66.5 60.3 59.5 58.9 53.4 53.2 61.4 73.8 75 72.6 71.1 75.9 78 79.8 79.4 68.9 68.9 65.9 58.4 58.4 62.6 65.9 65.7 72.5 79.8 78.2 75.4 71.9 71.8 77.4 81.1 79.1 79 81.1 76.9 69.6 70 69.5 68.5 67.9 68.4 83.5 92.6 94.8 95.1 98 108.2 109 109.1 118.5 123.9 130.6 129.9 127.6 121.1 120.6 119.3 113.9 114 118.6 120.6 124.4 130.7 122.1 110.5 110.5 110.5 110.5 110.5
113 95 76.4 71.7 70 69.8 74.1 80.9 73.9 71.1 68.9 69 70.9 77.4 72.9 64.8 61.1 61 57.3 53.7 55.4 67.3 81.9 81.9 77.8 74.4 79.4 81.2 79 80.8 71.5 58.4 58.4 58.4 58.4 58.4 58.4 58.9 64.3 71.8 79.3 79.6 75.3 70.7 71.8 76.2 77.3 79.5 84.3 81 71.1 67.1 65.9 62.7 64.1 70 80.4 89.9 86.7 87.9 97.5 111.1 106.6 116.9 126.7 123 129.4 133.8 130.8 124.2 119.6 120 118.5 116.1 121.4 131 130.1 131.2 118.8 110.5 110.5 110.5 110.5 110.5
116.6 105.6 96.2 77.6 71.9 71.5 76.4 83.6 91.7 85.2 74.1 72 70.7 69.6 64.9 59.7 60.3 60 57.7 54 60 76.8 86.4 92.6 89.1 87.3 87.3 85 84.4 81.1 78.4 64.4 58.4 58.4 58.4 58.4 58.4 58.4 58.4 58.4 68.3 72.4 70.1 69.9 68.8 69.4 76 74.7 78.7 73.9 69.1 61.5 61.5 61.5 64.7 76.2 84.2 86 84.3 83.7 94.2 100.2 96.8 108.4 119.6 130.6 129.7 126.9 135 126.7 121 120.5 124.3 123.5 130 132.9 136.8 133.5 116 110.5 110.5 110.5 110.5 110.5
114.4 110.9 106.7 88.3 76.7 75.8 81.8 92.7 101.6 94.4 84.2 79.7 78.3 75.3 61.3 64.7 58.4 57.1 55.1 54.5 63.7 83.6 94.3 99.7 92.9 94.5 96.6 94.8 90 81.7 75.7 69.1 60.4 58.4 64.6 58.4 58.4 59.8 66.8 59.6 58.4 59.2 70.9 66.1 64.2 66.9 76.1 69.8 65.6 62.9 61.5 61.5 61.5 61.5 65.8 78 89.9 88.5 84.8 83.8 87.5 88.5 89 100 107.1 113.8 116 114.5 114.6 115.9 124.1 131.4 140.5 135.3 133.6 138 141 140.9 127.1 124.8 123.2 116.2 110.5 110.5
115 111.3 107 97.4 87.3 78.6 90.3 97.8 100.1 93.8 88.7 81.4 80.9 72.7 61.2 59.1 58.2 59 60.1 59 67.8 81.9 94.7 100.4 101.1 104.3 108.2 103.1 95.1 87.7 78.9 68.5 66.5 80.7 77.2 71.3 84.9 77.5 75.8 73.4 76.1 67.5 61.5 61.5 61.5 61.5 61.5 61.5 61.5 61.5 61.5 61.5 61.5 61.5 62.9 73.4 83.9 92.9 89.1 87.4 80.3 79.5 86.6 92.4 93.7 93 98 97.2 99.4 108.8 124.5 127.4 142.5 152.6 143.4 140.1 141 140.4 135.2 136.1 136.3 120 110.5 110.5
119.8 116.3 111.1 108.3 98.6 82.5 90.5 99.3 99.4 90.3 83.8 76.5 71.5 64.5 59.1 60.7 60.2 71.2 74.5 72.4 78 83.2 89.3 98.7 98.7 112.1 111.3 108.1 100.3 92.8 81.5 72.6 80.8 99 99.6 85.1 91 90.1 90.6 96.1 85.1 69 61.5 70.7 78.5 72 61.5 61.5 61.5 61.5 61.5 61.5 61.5 61.5 61.5 67.4 73.7 77.2 84.9 80.2 78.9 79.6 82.5 86.2 85.6 84.4 87.1 89.4 97.4 109 119.3 122.3 128.3 129.6 139.2 140.3 140.9 146.4 139.6 139.5 135.8 118.8 110.5 120.8
121.9 120.9 115.6 110.6 104.1 92 90.7 99.7 99.5 91.2 90.5 86.1 72 62.7 59.8 62.6 67.2 86.8 89.1 86.3 96.7 91.1 91.1 95.8 98.9 111.2 113.9 111.2 109.4 103.7 91 100.1 111.5 110.7 100.2 89.7 92.4 95.2 100.1 101.9 91 76 76.7 97.5 99.9 96.5 89.5 75.3 61.5 61.5 61.5 61.5 61.5 61.5 61.5 61.5 70.2 71.2 75.8 77.2 84.5 83.4 79.8 79.7 81.5 83.1 86.5 90.8 98.5 106.5 114.6 120.1 122 121.7 123.9 129 141 141.8 148.9 139.7 130.2 121.7 134.2 129.8
128.5 125.8 120 112.7 108.3 102.8 91.4 93.4 97.2 91.9 91.1 85.8 75.1 64 59.3 63.8 75.4 99.7 99.6 97.9 103.3 106.2 104.1 98.6 103.9 111.9 118.1 118.9 111.9 105.4 98.9 105.5 113.7 111.5 109.9 99.2 106.7 99.3 104.8 106 98 86.4 106.7 113 106.5 99.7 100.8 89 69.7 61.5 61.5 61.5 61.5 61.5 61.5 61.5 62 64.5 71.1 72.8 77.1 80.4 79.5 80.6 80.9 84.5 87.9 92.7 100 106 112.5 119.8 120.3 119.9 119.9 123.6 128.6 131.3 140.5 139.1 129.1 129.8 139 134.3
129.9 122.4 118.1 119.2 113.7 106.8 101.9 98.6 98.2 94.9 92.9 84.6 76.9 68.2 63.2 71.2 87.4 99.3 95.8 99.5 104.8 110.5 110.5 108.9 108.8 112.4 116.9 117.8 110.2 103.2 102.1 105.1 109.9 111.2 111.1 105.9 110 108.9 111 106.8 100.8 115.5 125.7 121.2 115.5 111.4 100.2 93.7 77.5 61.5 61.5 61.5 61.5 61.5 61.5 61.5 61.5 61.5 61.5 66.2 69.8 74.6 77.6 80.6 85.1 88.6 90 94.1 100.8 110 116.7 119.7 119.8 119.9 119.7 127.6 128.5 128.8 129.6 137.9 140.7 144.5 144.9 140.6
118.8 114.2 118.6 119.1 119.2 113.4 104.5 99.3 99.3 103 98.1 87.9 78.5 69.3 69.7 79.4 84.2 89.8 89.4 95.2 99.1 103.6 106.9 121.8 122.1 112 111.1 110.9 108.6 102.4 103.2 105.3 109.8 111.1 111.1 109.9 110.4 119.6 116.4 124.6 131.5 126.6 129.1 128.9 128.3 117.4 104.6 99.2 86.8 65.9 61.5 61.5 61.5 61.5 61.5 61.5 61.5 61.5 61.5 61.5 64.4 69.5 71.5 72.9 84.6 89.9 94 100.3 106.2 118.3 121.4 121.4 120.3 122.9 125.7 130.6 129.7 129.7 129.2 130.3 132.1 148.8 159.1 154.9
109.6 111.7 119.2 119.5 119 114.7 109.4 105.5 99.9 101.5 97.7 89.5 82.2 74.4 81.9 89.2 85.3 82.7 83.9 88.6 90.1 92.4 100.4 107.2 111.8 109.4 109.3 109.4 108.8 104 104.2 106.7 110.9 111 110 109 110.5 109 118.1 139.7 139.6 130 129.8 131.2 132.1 125.7 114.3 104.6 86.1 72.7 61.5 61.5 61.5 61.5 61.5 61.5 61.5 61.5 61.5 61.5 61.5 67.3 67.2 68.8 73.9 87.9 95.7 100.8 109.9 121.5 128.4 127.3 121.5 125 131.8 139.9 131.6 127.4 127.7 123.7 121.2 138.2 151.4 148.3
110.7 115.8 120.5 119.3 119 117.7 113.6 111.5 107.4 104.4 96.4 89.7 88.2 82 85.7 89.3 84.3 82.4 82.5 86.7 91.6 106.9 99.3 98.5 98.5 98.8 99.2 107.9 109 107 104.9 106.9 110 110.6 108.2 109 109 109 116.2 124.1 129.2 124.6 122.5 124.1 121.3 113.6 103.1 92.5 83.7 75.6 64.9 61.5 61.5 61.5 61.5 61.5 61.5 61.5 61.5 61.5 61.5 61.5 62.4 65.4 68.6 77.9 87.8 96.6 107.4 127.8 137 128.8 117.8 118.3 127.9 132.1 124.6 120.5 127.3 121.2 115 116.9 123.9 126
118.2 119.4 119 119 120.8 119.4 117.9 119.2 115.4 105 96.2 93.4 89.5 86 86.1 88.6 84.4 82.3 82.9 88.2 98.6 103.8 100.7 100.1 99.5 99 99 100.4 109.4 113 108.1 108.5 110.9 110.6 109.6 109 109 126.6 123.7 120.2 120.2 115.8 109.1 107 106.4 100.2 91.4 86.5 82.2 71.5 68.9 66.2 62.5 61.5 61.5 61.5 61.5 61.5 61.5 61.5 61.5 61.5 61.5 61.8 65.3 71.1 75.8 85.4 99.7 129.2 131.7 120.3 108.9 109.2 113.9 112.9 113.1 118.5 135 130.6 121.7 115 115 115
120.2 119.7 119.8 119 119.5 121 119.7 121 117.2 106.6 99.3 98.2 94 90.9 90.3 91 91.1 87.6 88.7 92.8 90.8 90.9 91.7 91.6 96.4 99.4 98.7 98.9 113.3 120.9 119.9 114.1 119.3 113.9 109.4 108.4 130.8 131.2 129.3 122.1 120.2 119.7 107 100.5 98.7 98 97.3 94.9 85.2 69.6 68.8 69.1 75.4 61.5 61.5 61.5 61.5 63.2 61.5 68.8 70.9 61.5 61.5 61.5 61.5 67.5 73.6 83.9 101.3 114.3 115.6 108.8 107.8 110.1 108.8 108.4 108.9 117.1 129.3 130.9 131.2 115 115 115
121 120.7 120.5 118 117.4 116.8 117.9 119.9 112.7 109.8 101.4 99 99.1 99.6 99.6 100.1 89.5 93.7 102.9 95.9 92.5 91.9 91.7 93.5 93.4 92.5 97.6 103.8 119.1 125.5 126.9 133.1 132.7 115.9 111.2 115 133.5 138.5 133.1 124.6 118.7 109.7 101.6 99.7 99 105 110.9 107.3 95.7 77.5 69.8 68.7 69.1 62.2 62 61.5 61.5 61.5 61.5 68.2 71.8 69.1 61.5 61.5 61.5 62.6 75.1 83.7 92.7 96.3 94.1 98.3 108.6 110.5 110.1 109.7 110 117.4 129.4 131.4 131.6 123.6 115 115
119.8 119 118.1 115 111.8 110.9 111 111.1 109.7 110 105.8 98.9 99.5 102.4 98.3 97.5 88.8 92.3 99.4 93.3 91.3 90.8 90.8 97.4 90 92 98.4 105.3 124.6 130.6 129.2 131 125.4 119.3 117.9 120 149.9 149.7 140.2 129.3 114.7 108.4 108.3 107.8 110.8 119.9 116.6 111.3 103.3 94.7 80.6 69.2 63.2 61.5 61.5 62.6 61.5 61.5 61.5 61.5 67.2 69.7 83.2 81.7 68.1 61.9 69.7 80.8 81.4 85.8 94.2 101.8 107.9 109.3 113.8 121.7 126.4 126.9 137.5 140.8 132.3 120.5 115 115
119 118.9 118 111.6 109.8 109.1 109.1 109.8 109.4 107.6 110.2 104.7 106.3 110 110.2 102.5 95.1 91.1 90.6 90.8 90.2 90.1 90 89.7 89.7 89.7 99.9 112.3 119.2 125.9 129 129.8 126.4 124.1 127.7 141.5 149.7 149.8 142.2 130.8 121.1 111.9 113.6 112.6 117.8 119.9 118.1 114.8 111.4 104.5 85.1 71.9 66.5 61.9 61.5 61.5 61.5 61.5 61.5 61.5 66.7 76.2 89.4 86.6 69.5 68.8 68.7 68.1 71.7 82.3 95.6 104.1 110.6 111.3 117.6 120.2 130.4 132 127.7 124.9 126.8 120.7 117 115
129.9 125.9 119.9 114.5 109.2 109.6 109.2 109.2 109.3 108 109.7 109.9 109.4 109 109.1 99.1 97.1 93.5 90.4 90.1 90.9 90.5 89.7 89.7 89.7 89.7 96.6 103.7 111.3 120.7 120.9 125.2 130.7 130.8 134.4 149.4 151.7 155.3 145.9 135.8 125.8 125.1 127.7 129.3 120.5 119.4 117.4 115 110.5 100.6 84.5 73.6 69.4 68.3 64.4 62.3 61.5 61.5 61.5 65.3 67.8 76.6 84.8 83 80.9 85.5 85.8 70 69.1 77.2 88.7 100 111.1 111.3 119.1 119.7 120.7 122.1 118.1 111.2 109.9 113.5 118.2 121.6
142.7 138.4 132 120.8 113.8 111 109 109.1 110.2 109 109.8 109.3 119.3 109.2 106 101.8 100.4 108 99.6 97.5 92 89.7 89.7 89.7 89.7 89.7 96.6 101.5 107 109.5 115.4 121.3 129.3 132.3 140.3 156.1 161.4 156.7 145.8 137.9 133.4 136 139 140.7 128.8 123.6 118.1 116.8 115.7 104.7 90.9 79 75.1 76.1 74.7 75.2 74.5 80.5 71.4 76.4 74.8 71 79.1 78.4 84.6 100.7 105 87 73.6 69.8 78.6 96.1 107.9 107.5 111.3 109.7 112.3 110.3 107.2 99.9 101.8 110 114.4 129.1
147.5 144 135.3 125.8 121.3 116.9 110.8 114.8 116 109.9 109.5 110.2 117.6 119.8 113.1 111 115.4 120.9 114.2 103.3 97.8 94.8 102.3 107.5 103.5 101.7 101.3 105 109.5 109.5 112 120.3 127.1 141.3 153.4 167.5 159.6 150.1 139 138.2 139.1 145.7 146 143 136.7 131.1 126.8 121.7 120.4 103.8 89.9 85.5 86.9 88.2 91 87.3 88.6 86 78.9 85.8 80.3 83.3 86.1 79.5 91.5 104.9 110.2 101.1 80 77.4 74 80.3 90.8 94.6 98.5 97.4 100.1 98.3 96.2 91 89.9 103.6 117.3 128.9
156.8 142.5 133 130.7 126.8 118.1 121.3 126.2 123.7 115.7 109.4 122.2 122.4 130.6 118.2 119.2 123.8 118.7 110.1 102.3 105.7 110.6 116.7 119.6 122.7 114.5 109 111.2 112 123.8 132.5 140.1 148.2 172.4 187.3 180.8 171.3 156 140.6 138.2 153.8 157.3 150.9 143.3 136.7 130.5 130.1 124.2 108.3 98.8 90.8 90.8 96.1 99.8 89.4 89 88.9 89.3 85.1 81.3 80.7 89.4 91.6 89.1 111.4 110.3 109 105.4 89.9 88.6 92.9 82.5 78.9 83.3 90 88.5 89.1 88.1 85.4 82.6 86.4 93 103.1 111.5
154.1 141.3 135.5 129.8 131.2 129.6 132.7 135 128.6 119.1 111 119.1 130 127 120.5 119 119 120.3 113.1 109.5 109.6 113.8 122.5 130.2 130.3 121 117.7 112.3 133.2 161.5 174.5 166.1 177.7 199.6 195.4 187.6 171.5 156.2 148.4 151.5 159.3 160 148.7 138.6 136.2 131 123.3 104.8 100 100.8 98.3 98.6 101 94.5 88.4 88.9 90.9 90.9 87.4 83.1 81.1 88.1 89.3 89.8 104.5 120.4 124.5 110.7 96.9 92.8 103.7 86.7 78.5 78.7 81 83.5 84.2 81 79.7 80.2 85.9 91.4 99.3 98.9
147.9 140.7 138.8 139.2 139.7 146.9 146.3 142.1 132.5 120.7 111.6 113.1 118.6 118.8 121.9 130.4 123.2 121 117 114.7 113.2 117 128.8 130.6 129.6 117.6 112.3 112.3 143.5 163.6 177.4 189.3 191.8 199 198.6 189.1 178.1 159.4 155.9 151.3 149.9 144.4 139.5 143.1 136.5 128.1 116.2 106.1 101.1 100.3 94.8 94.1 96.2 88 83.7 85.9 90.4 89.8 82.6 81.6 81.2 82.9 83.5 89.8 102.6 118.1 118.7 108 104.2 98.8 110 99.4 83.9 81.5 78.5 79.6 80 79 80 82.9 88.7 94.2 101 101.8
143.2 139 139.3 139.9 139 146.5 149.4 141.7 138.3 123.5 119.4 118.7 111.8 115.9 124.9 127.7 128.9 123.2 123.2 125.3 122.7 123.5 128.6 129.6 128.8 112.3 112.3 112.3 133.3 151 171.5 197.8 201.6 204.3 198.2 187.4 178.3 166.4 157 150.4 148.3 151.1 156 150.1 137.4 130.7 121.1 113 105.4 95.7 88.7 87.9 87.6 83.7 83.7 83.8 89.6 92.6 88.7 84.5 89.7 92 83.3 87.4 93.9 112.3 110.2 109.3 108.9 110 110.9 103.5 97.6 97.3 92.1 87.2 78.8 78.5 80.5 90.8 91 97.3 102.5 108.5
140.9 139.2 139.3 139.5 139.3 140.3 141.7 140.9 135.7 128.6 128 126.7 117.3 116 120.1 121.2 126.5 126.1 130.2 138.6 138.8 130.8 127.7 124.3 116 112.3 112.3 129.7 143.5 156.4 190.2 208.1 211.1 204.6 197.4 183.9 177.7 167.2 161.7 159.4 171.4 178 166.2 147.4 139.4 136.1 127.2 114.8 104.9 96.2 87 84.3 83.7 83.7 83.7 85.4 93.5 101.8 98.5 88.8 91.1 88.2 85.3 85.5 91.3 102.8 101.9 104.1 104.5 104.8 105 102.1 102.2 100.8 100.9 103.4 90.7 79.6 79.2 80.2 85.5 98.3 106 121.2
141.8 146.2 147.1 144.5 149.3 148.8 147.2 143.9 140.7 136.6 139.5 133.5 120.6 116.6 119.1 124.9 130.5 138.7 138 134.1 132.1 128.9 122.1 116.2 118 129.2 147 165.2 170.6 177 193.1 203.5 208.2 199.2 197 185.3 176.7 170.3 170.9 167 184.1 179.7 169.5 164 158.6 145.3 130.4 117.5 106.5 91.7 88.1 84 83.7 83.7 87.8 98.7 108.5 112.3 107.4 89.1 88.7 84.3 82.7 85.2 90.4 91.9 91.2 95.8 97.3 97.9 100.1 106.4 106 100.1 96 96.2 98.3 92.4 87.2 85.7 79.2 84.4 98.9 120
142.5 152.2 152.2 149.9 150.2 149 149.6 147.3 138.7 135.6 134.4 131.3 121.6 123.9 130.4 139.7 149.5 144.4 138.9 131.1 123.2 119.7 119.8 119.4 119.1 145 168.9 179.5 181.8 191 199.8 203.4 202.3 200 199.7 190.7 178.9 186.1 182.8 188.2 190 180.6 177.7 173.4 167.4 157.2 139.2 126.2 115.3 93.7 88.3 88 87.9 91.8 101.2 112.2 121.4 124 104.9 90.6 91.1 87.3 83.4 85.8 85.7 85.5 85.5 88 91.7 96.3 104.5 110 109.5 95.8 92.5 92.5 96.1 100.5 97 91.6 87 87.7 88.5 92.6
138.4 137.8 143.8 153.4 157.4 155 161 150.8 136.9 130.4 129.1 129 127.1 128.4 132.3 140.5 149.5 145.8 137.4 128.9 119.4 119.4 119.4 119.4 116.6 126.5 148.5 159.9 168.8 184.3 193.5 194.3 201 198.1 199.7 196.2 199.7 210.4 200.7 204.4 196 191 185.4 177.5 167.9 153.9 138.2 126.4 113.3 102.3 101.7 107.8 107.3 107.8 117.7 126.1 131 126 103.8 98.1 103.6 97.8 89.7 84.9 85.5 85.5 85.5 92.1 97.9 100.7 100.7 102.5 102.8 92.5 92.5 92.5 98.6 113 105.1 95 91.1 93.5 91.2 89.2
130.7 135.7 147.3 155.8 162.4 168 163.5 152.9 134.6 129.1 128.9 128.8 130 131.8 133.2 138.6 150.2 143.1 131.2 122.7 119.4 119.4 119.4 118.1 119.9 118.6 134.1 145.6 155.7 166.2 175.4 179.6 190.1 184 190 199.5 220 219.5 221.2 211.8 200.6 189.7 179.6 170.1 159.3 141.1 125.8 123.8 127.1 132.1 128.3 121.9 125.4 126.6 129.3 132.4 130.2 119.3 107.4 105.5 110 98.7 89.1 88.4 85.5 86.9 91.9 98 100.7 105 100.6 98.4 95.6 92.5 92.5 92.5 99 103.8 99.1 92.5 93.9 99.9 100.9 99.5
