STL Generation/terr50_gagg_gb/data/NC34.asc
ncols 200
nrows 200
xllcorner 230000
yllcorner 940000
cellsize 50
[rows 35 to 69 of 200, columns 0 to 77 of 200]
149.3 159.4 166.8 171.5 197.6 201.9 208.4 211.2 211.4 214.8 216.6 215.6 214.2 214.9 217.6 223.3 227.1 229.7 228.6 225.3 221 218.8 219.1 224.3 225.7 228.6 232 236.4 239.8 244.5 249.2 250.2 258.4 266.6 272.7 277.3 286.6 307.3 319.5 340.5 360.8 388.1 411.6 449.2 481.2 504.3 523.2 551.2 589.4 614.8 652.7 687.4 698.1 691.1 688.2 682.6 676 668.1 663.9 652.1 627 603.1 578.3 565.7 557.8 562.3 590 630 658.3 667.9 683.9 707.1 727.9 733.5 740.3 756.3 760.3 755.3
149.8 157.8 163.3 167.9 183.6 193 199.2 203.6 210.5 211.4 211.2 210.9 209.6 209.4 212.3 215.1 219.8 224.6 224.4 224.6 222.9 219.2 219.4 221.4 227.2 229.4 230.4 232.8 236.6 241.4 246.1 250.1 251.9 258.5 264.9 267 276 287.1 300.3 323.6 344.9 363 387.9 425 455.1 471.1 510.2 539.9 560.3 598.2 636.3 657.5 668.8 672.5 685.5 684.5 674.8 667 655.8 630.4 598.2 571.7 549.5 545.1 547.5 550.4 578.1 617.7 645.8 662.4 680.3 699 719.9 726.7 739 749.5 749.4 746.4
143.2 152.6 158.4 169.2 179 180.4 189.2 200.5 210 210.5 211.1 210.6 208.8 209.8 211.2 210.3 213.2 217.6 222.3 224.6 223.1 223.7 222.9 226.3 229.2 229.4 229.9 231.2 234.5 237.7 241.6 245.7 248.7 250.1 255.4 257.7 265.9 271.2 290.6 304.7 319.5 338 362 394.7 422.9 462.1 485.1 516.2 547.5 582 606.1 617.9 632.5 645 675.6 678.2 668.4 638.6 618.8 589.2 564 544.1 529 525.9 532.9 539.2 573 601.7 637.2 664.6 685.2 702.9 716.7 720 737.7 744 741.6 740
145.7 154.5 160.6 165 181.3 184.2 189.2 196.8 202.8 207.6 210.3 208.8 208.8 210.9 208.8 208.9 211.7 216.6 221.7 224.6 224.6 224.6 224.7 228.3 228.9 228.8 230.4 230.1 231 233.5 236.1 239.9 241.7 243.4 248 252.3 258.5 265 277.8 293.7 305.2 319.2 346.8 371.4 403.1 428.9 460.2 492 523.7 552.2 574.7 584.4 595.2 629 664.6 657.9 627.4 603.4 577 555.6 541.7 528.1 516.9 517.5 522.3 531.3 561.8 601.2 642.7 672.1 687.3 707.6 714.7 722 737.9 737.8 732.4 727.7
149.7 158 162.4 166.9 178.4 190.1 190.5 197.3 200.4 204.5 204.9 206 209.7 211.1 208.8 210.6 215.9 220.2 219.4 223.5 225.4 224.6 231.3 229.1 228.8 228.2 228.6 228.9 228.3 229.2 231.6 233.6 235.2 237.8 243.5 250.2 253.3 257 268.8 278.6 291.3 312.8 329.5 352.7 377.6 407.4 439.6 472.4 500.1 525.9 541.3 550.7 581.6 614.5 643.3 622.9 592.9 569.3 545.9 531.7 518.2 501.1 502.4 507.3 516.7 530.9 564.9 602.7 641.9 671.5 688.6 706.3 716.1 728.3 735.1 731.7 726.1 723.5
155.6 161.3 163.4 168.8 179.6 191.9 208.5 208.8 205.7 205.5 204.5 204.5 208.3 208.8 209.1 210.6 218.2 221 219.8 223.1 228 231.2 230.4 229.4 226.8 223.8 224 224.6 227.9 229.1 229 229.3 229.6 232.7 235.6 240 243.1 249.8 257.3 264.5 279.7 297.6 313.9 338.8 359.1 391.3 418.8 446.9 478.6 495.3 509.5 532.8 567.7 594.9 618.2 590.5 567.3 540 521.2 504.9 492.6 492.4 496.5 502.3 512.2 529.6 562.2 593.1 635.9 672.5 695.5 706.4 716.8 725.8 727.8 723.1 719.1 716.1
158.3 161.1 164.4 174 183.1 190.2 199.8 209.6 221 219 209.1 213.4 216.7 208.5 210.3 212.3 218.4 217.3 217 217.2 220.8 224.2 223.8 221.8 219.4 217.1 217.5 217.6 220.2 224.7 225.2 222.6 225.3 227.7 228.3 229.4 230.8 236.3 245 250.7 261 284.2 298.2 315.6 343.3 366.5 395.1 420.9 447.6 465 497.3 524 550.1 582.3 591.8 564.3 539.8 518 502.9 487.9 482.8 489.6 489.7 500.1 510.4 524.9 550.7 590.3 636.6 674.5 696 707.1 715.2 719.5 720.2 715.9 713.3 708.3
154 157.1 162.4 179.6 185.7 190.7 198.5 207.5 217.5 220.8 216.6 221.6 225.2 219.5 219.2 218.9 218.9 212.2 212.5 212.3 212.4 211.8 210 212.2 212.3 211.2 211.6 211.4 211.5 212.9 215.7 216.9 219.8 221.3 221.5 222 223.7 227.4 232.1 242 250 261.5 275.8 294.4 321 348.7 368.2 395.9 417.3 452.3 484.2 511 533.1 554.7 569.3 541.9 519.6 503.1 489.4 479.3 473.9 480.6 487.8 497.5 509.6 524.8 546 583.2 635.3 677.6 698.9 707.5 714.1 715.8 714.8 710.2 708.4 698.6
151.4 153.3 159.1 186.1 193.6 194.4 198.8 203.6 210.3 211.8 212.5 221.9 236.7 228.3 220.6 218.8 217.6 209.5 209.9 208.6 205.9 204.1 203.3 204.3 205.2 205.5 208.1 210.3 208.9 208.2 209.2 212 214.2 215.3 215.6 216.5 217.7 220.2 225.8 230 235.2 246.3 262.4 276 301.3 325 345.4 367.1 396.2 427.5 457 490.8 513 537.2 549.3 532.5 514.6 493.9 478.9 473.6 471.3 471.9 481.2 494.2 510.3 522.9 546.8 588.2 634.6 677.3 697.2 706.4 711.1 710.4 707.2 704.4 699 688.7
150 152.9 158.9 172.5 188.3 198.6 191.9 195.4 198 198.5 199.6 216.5 232.3 220.2 218.5 217.2 211.9 206 203.2 200.3 199.5 198.4 196.8 196.8 199.2 200.5 201.3 203.4 203.3 202.9 203.7 207 210.7 210.8 210.5 214.2 215.5 216.9 219.6 223.5 228.5 236.7 247.2 266.2 291.6 316 327.6 347.9 375.5 404.3 429.4 465.8 494.7 516.1 533.6 533.1 513.1 496.3 480.3 469.2 466.2 470.8 478.5 495.9 511.4 526.6 553.9 589.3 637.2 681.2 693.1 703 707.1 705.4 701.4 701.4 688.7 681.5
149.8 153 160.1 166.1 183.5 190.6 188.4 187.2 190 192.1 190.5 199.4 206.2 207.6 209.1 211.6 204.4 199 196.7 195.2 193.4 191.6 191.1 194.8 201.1 200.1 198.4 198.2 199 201.3 200.4 201.8 203.8 208.8 208.9 211.6 211.6 212.2 214.2 217.2 221 229.1 241 254.2 276.3 302.6 312.9 326.6 347.9 375.4 402.7 435.7 467.5 494.5 513 523.4 509.3 493.8 474.8 463.5 448 458.5 474.8 494.4 514.9 532.2 560 596.3 638.1 675.7 689.2 699.4 702.3 702.5 697.5 692.1 683.9 676.1
148.5 154.5 157.7 162.6 181 182.1 178.1 177.7 181.4 181.8 178.1 186.4 191.7 188.1 197 201 195.9 189.4 190.4 188.4 188.6 185.8 186.4 191.8 196.8 197.1 193.1 192.9 196.9 200.5 199.5 199.6 200.1 204.3 210.1 211.2 211.2 211.2 210.2 214.3 217.1 222.1 228.7 247.6 260.5 279.7 297.9 305.9 328.2 352.4 379.9 407.4 439 469 493.5 506.3 494.1 475.2 456.4 442.2 439.3 451 469.9 492 513.9 536.3 562.7 595.3 632.4 674.4 688 695.6 699.5 700.4 692.8 686 675.4 668.8
156 160.1 158 159.4 168.1 173.5 171.8 169.3 167.5 168.8 169.8 173.2 174.6 183.1 187.3 187.5 186.7 183.3 183.5 179.9 182.2 179.6 182.9 186 188 190.3 188.7 191.1 190.7 189.5 192.9 195.5 199.2 200.8 206 208.5 207.2 206.2 209.7 211.2 213.5 215 221 230.2 242.2 265.8 284 296 306.9 330.2 359 383.9 412.9 444.2 470.5 491.8 476.3 458 437.2 421.8 428 444.5 461.7 488 512.6 538.3 566.1 601.9 645.9 683.2 687.4 692.8 695.9 694.6 685.5 676 667.6 662.3
162.1 160.6 160.7 158.8 158.8 168.5 168.7 161.6 161.5 162.6 167.9 169.6 171.8 180.5 178.2 174.3 176.8 175.3 172.5 171.3 171.2 172.1 180.8 180.3 179.8 185 185.7 186.1 188.6 187.4 190.1 190.8 196.4 200.8 202.4 204.7 201.7 200.1 203.2 206.3 208.8 209.6 215.3 221 235.2 250.4 276.4 286 291.8 308 334.1 360.9 388.2 420.6 444.6 466.7 456 434.5 414.3 414.9 423.4 436.9 460.7 486.3 514.2 540.4 571.8 606 647 681.5 685.6 688.5 691 688 680.4 672.3 664.3 659
169.1 166.4 166.7 164.3 158.6 162.8 165.9 158.3 158.3 158.3 161.5 160.6 164.4 167.6 164.9 163.3 165 165.3 161.8 162.5 163.5 169.4 169.6 171.5 174.5 180 177.6 178.4 175.9 181.2 179.7 180.7 190.3 199.7 201.7 199.1 195.9 196.7 198.9 197.9 199.5 206.8 209.9 218.2 226.3 239.7 259 272.5 280.4 288.1 313.5 337.3 364.3 391.1 421.9 440.2 433.2 412.8 400.6 406.2 417.3 438.1 460.8 487.6 511.3 543.2 576.9 609.4 646 678 685.9 686.7 687.5 681.2 674.2 666.5 659 655.2
179.8 172.3 171.9 172.4 169.1 159.7 158.9 158.3 158.3 158.3 158.3 158.3 158.6 158.3 158.3 158.3 158.3 158.3 158.3 158.3 158.3 159.2 158.3 158.5 158.9 161.3 159.7 162.9 167.4 171 173.3 179.2 185.2 190.2 190.8 190 189.9 191.5 191.9 192.9 195.7 200.1 202.7 211.8 220.7 231.2 242.2 258.4 267.3 273.7 290.3 313.9 341.9 364.4 392.1 419.4 406.3 394.1 390.1 396.8 414 434.7 460.9 489.5 515.4 547.9 583.2 612.9 650.9 674.6 680.5 682.2 680.5 671.4 670.4 662.5 652.3 648
188 186.7 182.8 181.4 179.7 177 168.3 158.3 158.3 158.3 158.3 158.3 158.3 158.3 158.3 158.3 158.3 158.3 158.3 158.3 158.3 158.3 158.3 158.3 158.3 158.3 158.3 161.3 163.6 170.7 169.5 172.6 176.4 181.7 178.5 182.7 181 185.9 191.1 191.1 189.3 192.5 198.5 204.9 215.1 219.2 229.3 245.8 259.8 263.2 271.4 295.2 313.1 342.4 370.7 392.8 380.3 375.7 384.1 396.5 415.4 440.1 464.2 497.1 525.4 556.8 592 621.6 655.8 670.5 675.6 675.4 672.8 667 660.1 653.1 647.9 642.9
195.5 199 200.9 202.6 197.6 201.2 189.3 170.6 159 158.3 158.3 158.3 158.3 158.3 158.3 158.3 158.3 158.3 158.3 158.3 158.3 158.3 158.3 158.3 158.3 158.3 158.2 158.3 158.3 162.8 163.4 164.6 165.7 160.4 170.3 172 175 181 189.3 191.1 188.8 189.2 190.7 200.5 211.2 210.2 219 233.6 246.7 253.3 259.9 272.9 295.6 322.9 346.9 366.4 352.4 361.7 383.9 400.9 414.8 435.7 470 506.7 538.1 572.3 603.4 635.3 665.1 669.5 670.1 669.9 667.7 663.9 655 648.4 643.6 636.7
205 209.7 214.8 214.9 220.2 219.2 207.8 192.1 179.5 166.9 158.4 158.3 158.3 158.3 158.3 158.3 158.3 158.3 158.2 158.3 158.3 158.3 158.3 158.3 158.3 158.2 158.3 158.3 158.3 158.3 161 160.7 158.3 159.1 165.2 170.4 172.6 177.7 182.1 185.5 184 189.3 188.4 192.5 204.1 209 217.8 231.3 239.9 246.9 252.7 262.4 282.6 303 324.4 335.8 342 370.6 389.1 403 417.1 439.4 479.5 515.2 552.4 585.9 616.5 644.7 663.1 666 666.9 665.7 663.8 660.5 654.1 644.7 641.4 627.5
222.2 225.6 225.4 229.5 234.9 230.3 220.6 208.2 196.2 179.4 168.6 158.3 158.3 158.3 158.2 158.3 158.3 158.3 158.2 158.3 158.3 158.3 158.3 158.3 158.3 158.3 158.3 158.2 158.3 158.3 160.8 158.2 158.3 158.3 163.2 168 169.8 173.4 177.8 179.6 181.4 183.3 187 193.4 201.4 211.3 218.7 230.3 233.4 240.5 248.6 256 275 289 303.9 311.3 344.2 364.7 382.7 400.6 421 440.9 486.3 526.2 559.2 597.3 628.2 653.7 656.5 658.7 661.2 660.5 659.4 656.3 648 636.7 630.1 616.6
240.2 239.7 243.5 242.2 245.6 240.9 231.4 216.3 203.2 198.9 185.5 173.8 158.7 158.3 158.3 158.3 158.3 158.3 158.3 158.3 158.3 158.3 158.3 158.3 158.3 158.3 158.3 158.3 158.3 161.3 158.3 158.3 158.3 160.8 162 163 166.5 169.6 173.8 175.7 178.7 182.9 190.5 193.7 201 207.8 215.3 223.5 229.1 234.4 241.8 250.6 260.4 277.3 289.8 315.2 336.9 353.6 375.7 397.2 419.5 440.1 487.1 526.4 560 595.9 632.7 655.2 652 652.7 654.4 654.3 652.5 647.9 636.4 628.7 618 609.8
256.8 259.5 262.7 258.2 263.6 253.6 241.5 225.9 217.5 215.8 209.3 187.1 174.7 168.8 158.3 158.3 158.3 158.3 158.3 158.3 158.3 158.3 158.3 158.3 158.3 158.3 158.3 158.3 161.1 159.3 158.3 158.3 158.3 160 160.1 162.2 165.2 168.4 170.3 173.3 177.3 183.4 190.4 193.9 200.1 206.9 212.3 218.9 226.5 232 237.8 245.8 255.1 273.1 288.8 307.6 327.9 345.9 369.3 391.2 415.7 442.1 487.9 517.6 554.8 590.9 626.6 651.2 645.8 647.7 650.4 645 642.4 634 627.5 624 604.3 599.5
278.1 282.2 279 278.4 279.9 272.8 257.5 241.8 236.2 231.5 220.4 198.8 187.1 178.7 167.7 161.7 159.4 158.3 158.3 158.3 158.3 158.3 158.3 158.3 158.3 158.3 158.3 158.3 159.2 158.3 158.3 158.3 158.2 160.4 160.6 162.2 163.7 166.4 169.2 172.1 178 186.8 189.9 197.4 202.8 208.8 211.6 217.5 224.4 230.8 230.5 241.4 252.4 263.4 281.3 295 315.5 339.6 365.8 386.7 404.1 440.8 484.5 513.2 547.8 582.2 620.6 638.4 633.1 639.5 639 635.6 629.2 620.8 617.9 615.1 597.2 591.2
297.2 295.3 301 301.6 304 290.8 275.9 262.1 249.7 241.8 229.6 213.6 202.4 200 191.2 180.9 176.3 170.2 159.7 158.3 158.3 158.3 158.3 158.3 158.3 158.3 158.3 158.3 158.3 158.3 158.3 158.3 170.1 173 165.2 163.1 163.3 164.2 166.8 171.4 178.5 190.4 201 207 207.8 210.1 213.9 218.6 222.9 226.2 228.9 235.8 248.5 255.3 270.1 285.3 309.8 339.3 362.2 381.6 402.2 438.6 476 510.5 542.5 577.3 612 622.8 621.3 629.9 632.2 628.3 620.9 613.3 608 597 586.2 585.4
313.9 314.6 320.8 323.9 318.2 305.4 291.2 279.8 267 256.8 245 235.6 227.2 221.4 211 200.1 191.3 186.8 183.1 173.8 163.6 158.3 158.3 158.3 158.3 158.3 158.3 158.3 158.3 158.3 160.7 172.4 191.3 186.7 172.9 165.1 164 164.8 167.5 170.1 180.3 195.2 211.4 218.7 214.5 213.8 217.7 220.5 220.6 221.4 227.4 232.7 240.3 249.9 257.1 275.3 299.2 335.3 359.4 380.5 408.3 439.1 472.3 504.6 537.5 575.4 602.9 603.7 610.8 619.4 625.1 620.5 610.7 606.5 602.7 587.5 580.3 578.3
332.2 335.8 335.3 336.2 330.2 319.7 310 299 289.9 282.9 270.7 261.8 254 243.2 234.6 225 212 205.4 202.3 192.4 178.1 169.7 159.3 158.3 158.3 158.3 158.3 158.3 158.3 162.3 170.6 185.4 195 198.2 185.8 168.2 165.3 167.1 168.8 178 192.6 203.2 209.4 216.5 221.3 219.9 219.3 218.8 214.8 215 216.9 225.7 232.7 239.7 251.3 266.8 289.3 320.4 349.1 376.7 405.8 444.2 469.6 501.6 534.9 569.8 587.8 589.9 599.9 616 620.3 607.2 591.2 594.3 590 582.2 576.5 571
357.1 363.5 363.9 362.4 352.3 349.2 345.4 334.6 321.9 308.6 294.2 287.4 291.4 278.7 264.5 250.7 240.7 232.7 228.5 217 206.5 194.5 184.1 177.4 170.3 165.7 158.3 158.3 162.5 169.1 177.8 182.3 194.2 225.7 198.5 179.6 170.4 170.9 173.4 180.8 185.6 187.4 191.5 205.6 221.7 221.3 216.9 213.3 209.6 210.8 210.3 219 227.8 238.1 247.6 259.4 279.6 315.3 340.3 373 409.6 446 468.1 500.8 536.8 562.6 573.7 584.3 591.7 606.3 606.9 592.9 585.4 582 579.1 574.6 571.4 566.8
379.3 390 398.1 397.7 385.6 387.2 392.1 379 360.6 344.9 328.5 334.1 346.2 334.7 315.8 293.2 283.3 274.9 271.2 258.2 247.6 224.1 210.9 198.1 191.8 182 172.6 171 178 182.1 192.3 199.7 221.3 248.8 215.7 192.5 179.4 178 178 178.7 179.1 180.3 185.8 199.9 214 216.1 212.1 208.2 205.4 204.7 208.4 215.3 225.7 235.2 244.1 254.8 279.3 309.7 333.3 366.9 408.4 446.6 476.2 503.4 539.1 552.4 568.2 581.6 590.9 600.7 588.3 581 577.5 574 570.6 566.2 563.2 559.3
405.5 414.7 422.3 424.4 424.7 433.5 429.4 407.8 399.3 392.4 386 377.3 380.9 372.2 358.8 337 338.4 323 303.4 296.1 276.9 255.8 244.3 234.2 216 201.8 200.5 193.6 196.2 198.3 211.4 224.2 237.6 255.5 225.5 209.8 197.8 194.7 188.3 184.7 179.5 180.7 186.7 199.5 210.6 210.1 207.7 203.3 200.7 200.4 200.3 209.6 220.4 226.8 237.4 251.4 271.8 294.5 324.1 359.6 408.9 455.4 484.4 512.9 534.5 551 570.8 586.2 591.7 584.5 576.3 570.6 570.7 567.5 564.1 559.5 554.3 550.8
436.4 449.2 455.9 458.3 458.6 465 453.3 443.7 441.2 441.4 436.9 439.6 433 414.8 404.6 390.3 385.3 375.1 356.8 353.9 319.6 282.6 268.9 267.3 254.6 238.3 230 229.8 228.7 219.5 228.2 263.5 278.5 256.2 235 224.2 219.3 216.8 196.2 189 187.3 183 187.2 191.3 200.6 205 202.1 198.6 197.3 198 199.2 200.9 213.1 221.3 232.7 244.8 268.6 286.3 315.7 350.5 414.6 456.9 494.2 519.9 535.4 556 575.4 584 585.7 575.8 567.4 562.5 556.6 553.2 553.2 551.8 547.7 544.5
466.1 476.4 489.5 493.3 496.7 498.1 489.5 480.4 480.7 482.4 479.2 477.2 469 455.7 446.5 443.9 428.8 419.7 412.5 407.4 388.8 360.3 342.5 322.3 305.7 320.1 313.1 301.1 263.2 254.9 258.2 261 277.8 259.2 249.8 236.7 233.5 225.2 208.5 194.5 191.5 188.7 191.1 188.8 193.9 198.4 197.7 194 193 194 195.9 199.1 205.7 214.2 227.2 238.7 260.4 281.4 313.7 343.6 409.2 458.9 491.2 518.8 540.6 566.4 574.7 578.3 577.2 568 560 555.1 546.4 543.9 545.2 543.6 540.3 538.5
499.8 514 523.4 529.1 532.2 535.3 529.3 521.3 516.1 515.8 517.1 512.8 503.8 490.3 481.6 472.3 458.2 446.1 438 428.2 414.2 394.5 365.7 353.5 352.7 347.3 341.9 332.4 312 287.7 295 292 281.1 272.3 262.3 259.5 243.8 230.7 216.1 202.4 197.4 193.2 193.3 190 188.4 189 189.6 188.9 189.8 190.1 192.1 194.6 199.2 206.2 221.5 237.5 254.6 280.6 311.1 336.8 403.1 452.2 485.3 514.8 547.4 572.6 572.5 572.3 566.6 558.9 549.9 539.6 538.7 539.5 539.8 537.4 534.4 531.5
528.9 545.2 555.9 564.3 564.1 569.5 563.4 553.8 552.1 548.5 549.9 549.3 537.2 532.8 516.5 500.8 487.9 480.4 467.8 447.7 431.2 401.3 374.3 361.9 351.1 342.5 332.1 330 317.8 306.1 302.7 298.2 282.5 275 267.9 259.1 245.7 235.9 224.4 212.5 206.9 200.8 199.1 193.1 188.4 188.4 188.4 188.4 188.4 188.4 188.4 190.7 194.5 202.3 215.8 231.9 247.7 275.7 307 331.7 389 437.6 474 510.2 546.3 571.6 572.3 567.6 551.4 549.8 541.4 535.1 532.2 534.3 534.6 533.2 529.9 526.5
557.7 576.8 589.4 596.7 596.5 606.7 604.6 586.8 584.3 586.2 592.8 586.8 579 574.6 557.3 546 543.4 526.1 506.9 481.8 452 421.3 384.6 357.5 347.3 337.9 331.1 327.2 318.2 309.9 304 297.8 285.7 277.3 268.6 260.1 248.3 237.6 227.3 217.5 209.9 207.5 201.2 193.8 188.4 188.4 188.4 188.4 188.4 188.4 188.4 188.4 190.1 198.7 210 221.9 238.7 268.1 294.3 327.1 371.2 415.5 457.9 497.9 552 566.6 566.4 557 540.2 539.6 534.4 528.9 526.9 528.1 529.1 529 525.5 521.9
585.9 607 623.5 634.6 633.1 640.7 639.9 634.8 632.2 628.7 627.5 622 615.3 611.8 596.2 585.3 582.4 560.3 541.1 507.4 467.7 437.5 399.5 369.4 343.8 335.1 329.8 323.9 318 310.6 302.2 295.6 285.8 277 269.5 262.1 254 242.6 231.2 223.2 214.2 211 203.2 194.9 188.4 188.4 188.4 188.4 188.4 188.4 188.4 188.4 188.4 188.4 204.9 213.8 232.1 254.7 286.5 317.3 350.2 393.8 450.3 492.9 532.5 554.8 554 547 539.6 534.2 526.2 524.1 522.2 522.7 525.1 524.9 523.2 518.1
