STL Generation/terr50_gagg_gb/data/NC35.asc
ncols 200
nrows 200
xllcorner 230000
yllcorner 950000
cellsize 50
[rows 0 to 35 of 200, columns 81 to 161 of 200]
51.1 51 48.8 47 44.4 41.8 40.5 38.2 31.8 30.2 29.6 29.7 29.7 29 30 30.5 30.9 31 31.5 32.1 32.5 33 32.8 31.9 32.8 30.5 27 20.8 18.4 18.2 18.3 19.5 21.5 26.8 30.6 31.6 32.3 34.4 39.2 44.9 51.7 60.8 70.4 79.9 87.4 93.8 101.1 107 114.1 122.4 133.1 142.9 150.2 157 162.5 176.2 184.4 191.2 199.1 206.5 211.4 214.8 217.5 219.7 225.4 230.6 233.8 239.4 252 264.1 275 291.6 305.1 327 346.8 368.1 379.9 393.2 397.6 394.5 386.5
51.2 50.2 47.9 45.6 44 41.5 40.7 35.6 30.9 29.2 29.2 29.2 29.1 30.3 30.2 30.2 30.1 30.8 31.1 31.4 30.2 30.7 29.9 29.4 24.8 20.5 19 19 19.4 18.9 21.4 22.7 27.4 30.2 31.7 32.5 33.2 36.7 42.2 48.5 56.3 67.6 76.2 86.7 92.9 99.7 108.9 114.2 123.8 133.3 143.5 151.7 156.8 164.2 177 180.6 191.9 197.8 203.3 211.8 216.5 220.5 222.9 226.6 233.3 237.3 239.4 246 257.8 271.7 284.6 299.7 314.4 340.1 362.5 385.1 395.4 401.3 401.1 396.5 389.4
51.2 49.2 47 44.4 41.8 41.2 38.9 34.9 30.8 30.6 30.9 28.8 29.1 32 32.1 32 31.4 30.9 31 27.5 27.9 27.1 24.2 21.3 18.8 18.9 18.9 19 18.8 21.4 23.1 26 29.5 31.8 33.7 35.7 37.2 39.7 47 53.8 63.8 72.8 78.5 92 99.9 110 115.2 121.7 132.8 143.7 152.6 159.6 167.2 173.7 182.9 189.8 196.8 203.4 210.1 216.7 222.2 226.3 228.7 234.2 240.8 243.4 246.1 254.7 265.1 278.2 297.2 309.6 327.5 352.8 375.1 393.8 403.1 405.3 403.1 398.9 391.2
49.2 47.5 45.3 42.9 40.6 39.9 37.7 35.4 32.6 30.4 30.9 30.6 28.9 31.6 32.5 32.1 31 29.8 24.5 23.1 23.2 21.9 19.8 18.6 18.3 18.4 18.8 18.9 21 21.7 23.5 26.1 29.8 33 36 38.4 42.4 45.4 51.3 59.5 70.5 79.8 86.3 96.4 109.4 114.6 119.4 130.2 142.4 153.2 161.9 168.7 176 182.4 189.7 196.9 199.5 210.1 217.6 221 226.4 231.9 237.2 242 244.9 246.1 252.4 262.4 273.4 286.1 305.4 322.7 341 364.7 388.1 401.1 407.9 408.6 403.7 399.6 391.1
47.4 45.7 43.5 41.1 40.4 38.5 36.6 34.8 32.9 29.7 29.2 29 28.9 31.3 32 29.3 24.9 24.2 19.7 19.4 19.2 19 18.6 18 17.8 17.8 18.2 18.6 19.4 20.3 21.7 24.8 29.5 32.4 36.8 41.8 47.1 52 57.5 66.9 77.4 87.9 95.6 104.1 114.6 120.6 129.2 140.1 150.9 160.9 170.5 178.3 183.1 189.3 197.7 204.1 207.5 217 223.5 226.1 229.8 234.5 240.4 246.1 249.3 251.9 260.9 270.3 282.1 295 313.4 332.8 351.3 373.7 395.5 409.8 411.3 408.9 403.9 397.4 389.6
45.6 43.8 41.7 39.8 39.2 37.4 35.4 33.7 32.8 30.7 30.4 29.2 28.9 29.8 30.4 24.5 19.8 19.7 19.2 19.4 21 19.9 17.8 17.1 17.7 17.8 17.8 18.3 18.8 18.9 18.8 24 29.1 30.7 36.9 42.8 49.5 56.2 65.3 75.1 83.9 95.1 104 111.3 119.9 128.4 139.1 148.3 157.9 169.3 178.9 186.4 190.8 197.6 205.5 211.2 212.8 217.6 222 229.1 234.1 238 242.8 249.3 253 258 266.2 277.3 292.2 304.6 324.3 340.5 364.6 383.6 402.7 413.9 411.8 408.8 403.9 397.8 389.1
43.7 42.1 40.8 39.3 39.2 36.9 34.9 34 33.1 32 30.3 29.8 26.7 25.1 23.7 19.2 19.9 21.5 22.8 21.9 20.5 19.2 16.8 16.8 17.1 17.8 17.5 18 18.5 19.6 24.4 29.4 30.1 31.3 39.5 45.7 54.1 61.9 72.6 83.2 91.1 103 111.3 118.4 127.2 137.4 147.6 157.3 167.8 178.6 185.2 191.8 199.2 204.8 210.8 216.3 220.2 221.5 220 226.6 235.4 240.5 244.4 249.7 254.4 261.6 270.6 281.4 299 313.7 333.8 351.3 375.2 394 412.9 418.6 418.2 412.9 405.7 399.1 389.3
41.2 40.9 40.8 39.6 39.2 37.8 36.2 34.3 33.3 32.3 30.8 30 21.7 19.7 19.1 19.1 26.6 28 27.4 24.1 19.7 17.7 16.2 16.2 16.2 17.3 16.7 18 18.6 18.9 23.2 28.3 30.8 34.6 41.4 49.6 60.9 71.4 80.7 91.5 100.4 110.1 118.7 128.1 136.5 147.5 157.7 166.9 177.3 186.6 193.3 198.9 206.1 211.8 217.4 221 224.5 225.7 222.2 226.1 232.8 240 245.8 252.3 259 264.2 275.4 290.5 306.5 322.7 340.9 361.1 386.9 405.4 421.4 427.2 424.1 415.9 407.8 399.4 389.2
40.1 40.3 39.7 41 39.7 39.6 37.9 36 34.1 32 29.7 29 19.7 19.1 19.1 24.7 40.9 39.4 30.4 22.8 18.9 16.6 16.2 16.2 16.2 16.2 16.2 17.6 20.2 20 22.9 28.4 34.5 39 47.7 56.2 70.2 81.6 89.4 99.8 110.8 119.2 129.3 139.4 148 157.8 168.3 177.4 186.7 193.6 200.4 207.4 212.6 217.5 223.3 226 230 229.8 227.4 228 231.4 238.7 246.2 253.8 260.9 270.1 283 300 316.8 332.4 352.5 376.1 400.1 419.1 432.4 438.4 430.5 418.9 408.3 397.9 391.8
40 40 40.7 40.8 41 39 36.7 34.4 31.8 30.7 29.9 24 21.1 23.4 28.1 36 46.4 45.4 31 20.8 17.7 16.3 16.2 16.2 16.2 16.2 16.2 17.3 19.2 22.3 24.9 27.8 34.9 43.7 52.7 62.1 79.4 90.4 100.7 110.3 118.3 128.5 140.5 150.4 158.7 168.2 178.3 189.2 194.7 202.1 209 215 218.9 224 230.6 232 236.3 234.9 231.9 231.8 233.3 238.9 249.1 256.7 264.1 275.9 288.2 305.8 325.9 343 364.9 389.9 414.5 430.3 444.6 446 437.6 424.1 412.7 402.8 396.7
40 41 41 41 39.2 36.1 33 31 29.4 30.9 29.3 28.8 27.8 30.9 28.7 31.6 38 35.6 27.8 19.8 17.6 16.2 16.2 16.2 16.2 16.2 16.2 16.9 18.7 21.6 24.8 28.7 35.6 45.3 58.3 69.4 85.2 98.1 108.1 116.5 125.4 137.8 150.5 159.8 169.3 177.7 187.9 195.6 202.5 211.4 218.5 222 226.9 232 235.4 239.2 240.7 239.4 238.2 238.1 239.8 242.6 253.5 262 268.5 282.7 296.4 312.9 334.4 351.9 378.9 401.6 424.2 442.1 453.4 457 449.2 438.6 425.8 413.6 405.3
40.4 40.7 41 40.9 37.3 33.1 29.7 29.5 29 28.1 27.2 27.8 28.9 29.2 28.8 28.9 31.2 29.5 25.2 19.8 18.5 16.2 16.2 16.2 16.2 16.2 16.3 17.4 18.8 21.6 26.8 31.5 38.9 48.7 59.6 73.9 89.6 103.8 114.7 123.9 134.4 147.1 159.3 168 178.8 187.8 198 205.7 213.8 221.1 226 229.5 234.6 238.9 241.9 245.4 245.7 244.3 243.9 245 247.2 252.2 259.2 265.3 278.8 286.8 304.2 323.4 342.1 362.4 387.9 411.3 431.8 449 463.6 466.5 459.3 448.5 435.4 422.5 410.6
41 40.4 38.9 38.1 35.7 30.9 30.2 27.3 25.5 24.5 24.1 24.7 26.1 27.8 29.3 30.1 29.9 27 23.1 21.3 18.9 16.9 16.7 16.8 16.7 17.3 19.5 20.4 19.5 23.3 29 36.1 43.2 54.3 66.5 80 92.8 105.7 120.1 130.4 143.1 156.1 166.8 178.3 189.8 199.3 208.7 216.7 224.6 230.3 234.5 238.7 243.6 246.8 250.1 252.1 249.2 251.1 252.1 255.7 258.6 260.6 265.5 269.7 288.6 302.1 309.1 331.6 349.1 370.4 392.4 415.8 438.4 457 469.5 471.7 463.9 452.3 439.2 426.3 414.2
40.6 40.3 39.4 39.3 34.1 29.6 25.8 22 21.7 21.3 21.1 22.2 23.1 24.9 28 29.7 29.1 22.8 20.9 19.4 18.8 18.3 18.1 18.3 18.9 19.3 21 20.7 18.8 29.6 33.9 40.4 49.7 57.4 69.3 82.9 101 115.5 127.7 138.1 150.9 164.8 176.6 189 200.2 210.4 219.7 227.4 234.2 240.1 244.7 248.9 253 255.5 257.8 258.8 251.7 255.1 261.7 265.4 268 269.7 272.5 279.7 295.7 312.2 324 340.8 357.4 376.7 397.2 420.3 443.5 463.4 472.9 471.5 463.9 452.9 441.5 431.1 416.5
40.9 40.7 40.2 37.8 30.2 25.5 21.2 20.9 21.3 19.9 19.4 20.5 20.8 22.1 25.9 27.2 24.8 20.3 19.1 19.1 18.6 18.3 18.7 19 22 21.7 19.4 20.3 23 30.6 39.4 44.8 54.2 62.5 78.8 89.5 104 120 136.8 148.7 161.1 174.1 188.1 200.6 212.6 221.7 229.9 237 244.1 250 255 258.8 262.2 264.1 265.2 264.1 259.1 265.1 270.4 275.7 279.2 280.2 282.5 290.3 303.4 317.7 334.5 349.1 366.2 381.4 403.2 425.4 446.9 467.7 474.9 471.7 466.1 463.8 458.4 447.3 429.7
41.2 39 33.2 29.3 26.1 21.8 19.1 18.9 18.9 18.5 18.7 19.1 19.5 20.6 20.5 20.7 19.4 19.2 20.2 19.4 18.9 19.9 20.1 20.9 20.9 21.5 20.7 24.7 31.1 40.3 45.3 51.8 61.3 71.5 82.8 96.1 117 131.6 143.1 159.4 171.2 185.2 197.5 214.2 224.8 232 239.6 246.5 254 261.1 264.6 268.1 271.2 272.8 272.1 270.4 264.2 274 279.4 283.7 286.5 287.8 294 303 317.2 328.6 338.7 357.7 375.3 389.5 410.4 430.2 450.6 471.1 477.7 475.2 474.3 471.9 463 450.5 438.6
41 33.6 29.1 25.9 22.3 19.1 18.5 18.7 18.7 18.2 18.5 18.9 19.1 21.3 21.3 19 18.3 19.8 20.8 21 21.4 23.3 24.7 22.9 22.6 23.7 25.3 29.4 36.9 44.5 50.7 58.8 68.8 82.4 94.8 111.1 126.8 143.3 162.8 169.2 189.8 198.6 212.8 226.4 236.3 245 252.1 257.6 264 270 273.6 276.7 280 281 279.1 276.9 269.4 280.1 284.7 289.4 293.7 297.1 302.2 311.4 325.8 336.8 347 366.5 384.9 396.2 416.7 435.5 457.6 474.2 480 480.3 481.3 474.3 462.6 450.6 440.3
36.5 29.2 26 23.3 19.7 18.4 18.7 19.2 18.8 18.6 18.7 18.9 19.4 20.6 19.1 19.2 18.9 19.6 21.9 25 26.9 29.1 28.4 26.6 24.3 25.9 29.5 37.2 43.8 49.5 56.8 67.1 79.4 93.9 108.1 123.7 141.7 162.3 176.3 187.4 200.2 211.9 226.2 239.9 248.5 256.2 262.5 269.6 275.5 279.6 281.8 283.4 286.9 288.3 287.1 282.5 277.8 282 290.4 294.5 302.1 307.2 314.1 322.5 335.1 345.7 360.9 376.2 394.9 405.5 419.9 439.9 461.1 475 481 483 481.2 472.2 458.3 446.7 437.8
29.5 24.8 22.8 21 19.2 18.2 18.8 19.5 19 18.9 19.3 18.9 19.1 18.9 18.9 19.9 19.4 22 24.2 28.3 30.7 31.1 29.3 28.6 27.4 29.9 35.2 40.9 47.3 55.4 63.6 74.5 88.4 105.9 120.6 139.5 158 179.6 195.6 208.9 208 226 240.6 251.7 259.1 266.7 274.6 281.1 285.4 287.8 290 290.9 292.5 294 291.3 286.5 282.5 289.4 297.5 303.1 309.3 312.3 320.5 332.9 346 357.5 372.5 388.1 404.5 414.3 425 441.6 461 474.9 481.6 488.2 481.3 469.1 455.9 445.3 436.7
27.2 24.4 21 20.4 19.2 18.2 18.9 19.5 19.9 19.6 20.5 19.3 19.3 19.2 19.7 20.7 21.8 23.7 27.6 30.7 32.9 30.9 29.3 28.8 30 34.1 40.6 45.8 52 61.6 73.7 87.2 103.9 115 137.3 157.3 176.9 195.2 211.7 221.6 226.7 241.8 254.1 265.7 272.9 280.5 285.3 289.8 293.3 295.8 297.9 299.2 299.9 297.5 292.8 289 290.1 293.7 302 311.1 314.7 321.5 330.8 343.2 356.4 367 385 399.6 410.6 423.2 429.5 442 457.3 472 479.1 482.9 480 468.7 457.1 446.1 436
23.5 23.2 20.2 19.1 18.8 18.5 18.9 19.2 21.3 20.8 20.6 20.4 20.3 20.3 20.4 22.5 24.2 27.7 35.4 40.2 37.8 33 31.2 31.1 32.6 38.7 43.8 50.4 59.2 70.4 83.3 97.8 116.5 134.1 147.1 176.9 193.7 212.5 226.9 238.3 243.9 252.1 268.1 278.8 285.7 290.4 295.3 298.2 300.2 302.5 304.6 304.5 303 299.8 292.1 288.5 289.7 292.8 300.3 310.3 317.9 326.4 337.7 352.6 370.9 379.5 392.9 405.8 417 427.2 434.2 442.1 453.9 465.2 473.5 477.5 473.4 466.1 456.3 445.7 434.4
21.2 19.9 19.6 19.9 19.1 19.1 19.4 20.8 21.3 20.2 20.2 20.4 20.3 20.3 20.3 23.5 28.3 37.6 44.6 42.4 38.1 35.5 36.7 40.9 39.7 42.8 50.5 56.9 69.5 82.4 91.9 114.6 129.7 148.4 168 191.6 209.2 228.6 243.3 252.2 256.2 268.7 277.8 290.5 297.1 300.9 304 306.3 307.2 309.3 310.2 308.2 304.2 299.7 293 288 288 288.7 295.1 303.9 315.2 324.4 339.3 353.9 372.4 382.6 392.4 404.8 415.9 426.6 432.7 438.7 449 457.4 465.6 469.5 467.8 463.2 454.5 443.6 432.3
19.1 19.1 19.2 20 19.4 19.2 19.5 21.2 20.5 20.2 20.2 20.3 20.3 20.2 20.9 27.8 37.2 46.6 51.1 46.4 40.3 39 40.6 40.9 42.7 47.7 55.8 66.1 80.6 93.2 107.4 125.8 148.5 170.2 188.4 209.5 228.1 245.7 257.1 269.1 275.3 278.5 293.7 302.8 306.8 308.8 310.2 311.8 313.7 313.5 311.2 309.6 303.7 299.5 291.3 288 288 288 289.1 295.2 305.3 316.7 332.3 347.4 365.7 377 387.8 399.5 408.5 421.3 429.9 435.9 443.9 451.3 457.1 460.8 462.5 461.1 453.1 442.5 431
19.1 19.1 19.3 19.9 19.6 19.2 19.1 20.4 20.5 20.2 20.2 20.2 20.3 20.4 25 34.6 45.5 50.3 57.6 49.9 45.7 45 45.1 44.3 47.3 52.7 61.6 75.4 87.4 106.8 123.6 143.9 168.6 193.2 208.6 225.7 246.8 260.1 271.8 281.6 292 288.5 305.9 311.7 313.9 316.3 318.1 319.1 317.8 316 313.1 309.1 303 297.9 290.6 288 288 288 288 290.3 300 309.7 323.9 340.9 354.7 368.3 380.1 390.3 401.1 413.9 423.5 432.5 437.6 444.7 451 455.3 458 457.5 450.3 441.5 429.7
20.6 21.3 19.1 19.8 19.5 19.7 20.5 20.2 20.3 20.2 20.2 20.2 20.3 26 34 45.4 56.6 72.1 61.8 55.2 52.8 52.4 48.7 47.2 49.8 58.9 71.2 87.8 101.5 118.5 140.3 166.4 188.3 210.4 229.5 245.5 262.9 276.8 285.9 294.8 306.4 308.3 315.3 318.2 319.7 321.8 324.3 323.5 322.5 318.8 314.3 309.4 302.4 294.2 289 288 288 288 288 289.6 298.4 305.2 317.3 332.7 346.6 359.6 369.4 378.6 392.1 402.6 414.6 424.7 430.8 436.6 443.4 450.3 452.9 451.7 447.8 439.4 428.5
21.3 21.3 21.3 20.9 19.5 20.2 20.5 21.2 20.3 20.2 20.3 22.8 26.4 33.9 48 63.6 84.6 84.8 69.3 58.9 60.7 56.1 49.4 49.9 57.3 68.6 83 97.1 115.9 138.9 162.1 184.2 206.9 231.9 248.1 264.5 277.8 290.9 299.4 305.7 315.3 321 319.8 323.4 326.3 328 329.5 328.2 325 320.4 315.3 310.3 303.9 295.1 288.9 288 288 288 290.7 289.4 305.2 321.8 316.8 324.6 337.4 352 358.7 369.1 380 392.1 405.4 416.9 423.7 428.9 434.6 441.9 446.3 446.2 443.8 437 427
21.3 21.3 21.3 21.3 19.4 20.6 21.4 22.2 21.3 21.1 25.5 30.5 34.9 46.8 64.1 99 111.4 99 84.3 64.3 60.9 55.5 51 55.3 64.9 79.8 95.2 115 143.7 178.9 193.7 206.4 230 249.3 265.7 277.8 292.7 304.4 311.2 316.9 323.7 328.1 327.5 328.2 331.6 333.3 332.7 331.4 327.7 322.1 316.8 312.2 306 299.3 288.9 288.6 288 289.4 292.8 300.3 328.4 333.7 330.3 330.6 334.5 342 355.6 364.1 373.4 383 398.1 409.6 421.5 423.7 425.5 430.9 437 438.8 438.3 433 425.7
21.3 21.3 21.3 21.3 19.3 20.5 22.3 23.4 25.4 26 30 35.9 46.3 66.8 106.3 124.5 122.1 117 105.5 77.9 64.9 59.4 57.7 62.7 76.2 93.5 111 142.1 173.4 196.1 216 230.7 249 267.4 278.8 293.6 305.2 314.6 321.8 328 332.4 335 334.4 334.2 336.7 338.3 336.5 334.3 329.8 324.9 320.5 316.5 312.5 307.9 299.2 293.3 292.8 300.4 302.8 316.3 333.3 341.4 341.2 343.4 344.7 352.9 362.3 369.3 370.7 379.8 392.2 403.6 414.6 418.1 418.7 423.1 428.2 432.7 432.8 428 422.8
21.3 21.3 21.3 21.3 20 21.7 23.6 25.8 29.1 29.1 36.1 48.6 67.4 113.9 117.5 125 128.3 146 121.3 90.5 73.3 65.3 64.8 72.9 92.8 110.6 133 167.6 199.1 219.9 234.7 252.2 266.6 281.4 295.5 305.7 316.1 325 332.1 335.6 338.7 339.7 339.7 340.6 342.7 343.2 341.4 339.4 335.7 331.3 327.6 325.8 323.5 318.8 311.4 303.3 312.3 321.5 316.7 329.2 340.1 345.8 352.7 358.9 373.8 391.3 393.1 385.8 379.5 377.7 378.9 392.7 407.5 412.3 414.4 418 421.2 426.6 427.9 422.8 417.4
21.3 21.3 21.3 20.8 20.7 21.6 22.9 27.3 28.6 33.8 47.5 64.1 90.2 118.8 123.9 135.1 151.7 142.8 116.6 95.1 82.9 74.2 76 90.3 114 122.8 161 198.1 216.7 233.3 253.9 270.1 284.2 296.5 307.1 317.2 327.6 336.1 340 342.6 344.6 344.3 345.4 347.2 349 348.2 348.7 348.4 347 344.2 337.5 335.2 333.7 329.6 323.1 321.2 326.4 331.3 333.2 347.1 349.9 355.7 366.2 372.4 393.2 399.1 396.6 387.8 378.9 385.9 388.3 396.7 405.8 410.6 411.4 415.6 418.7 420.8 421.3 420.5 414.5
20.9 20.8 21 20.1 21.5 22.5 23.2 26.5 32.4 45.2 60.9 86 138.2 130.9 150.2 165.7 160.4 142.9 120.8 103.9 92.8 88 91.9 110.4 128.2 160.2 200.4 217.8 233.2 255 270.9 285.9 297.8 308.5 316.7 327.1 336.9 343.4 346.5 348.8 349.4 349.2 351.2 353.9 356.6 356.5 356.3 356.6 354.5 355.5 350.8 345.8 343.6 345.3 339.7 343 347.6 349.4 355.8 365.3 366.3 377.2 385 388.8 400.6 401.2 393.1 387.4 389.8 396.9 408.7 407.5 407.7 410.4 411.6 416 417.9 419.2 420.9 420.8 412
20.2 20.2 20.2 22.8 25.3 25.9 28.2 32.8 43.9 59.8 82 146.5 150.2 162.1 175.1 180.9 167.7 158.2 143.4 116.2 111.7 115.2 122.7 131.6 153.8 196.8 219.1 230.6 255.2 271.4 284.7 299.3 311.3 320.7 328.8 337.8 345.3 350.4 353.3 354.2 354.6 356.5 359.2 361.4 363.7 365.3 365.1 364.9 362.5 365.7 363.6 359.7 357.2 358.5 361.5 361.4 372.6 376.9 374.5 380.7 388.3 396.1 402.9 406.8 405.5 397.9 392.2 392.8 397.6 411.1 413.9 415.2 419 420.8 418.4 417.8 418.5 420 420.9 420.1 413
20.2 20.3 21.6 26.2 29.8 30.7 33.4 41.8 55.9 80.7 129.7 164.5 173.8 183.7 188.2 190 186.4 179.8 168.4 149.4 138.5 141.4 148.3 160 178.5 212.4 236.5 254.3 268.1 285.3 298.7 311.4 322.4 331.6 338.5 346.5 352.6 354.5 356.6 358.6 360.9 363.2 367 369.5 370.7 372.4 374.1 373.6 374.9 376.1 377 376.3 376.4 374.4 375.3 380.4 386.2 395.6 396.6 399.4 405.2 411.9 420.2 422.2 412.8 408.3 403.2 403.7 411.3 415 424.3 428 429 432 430 418.3 418.8 420.9 420.9 421 415.4
20.2 20.3 23.7 29 33.1 34.1 38.4 53.5 72.7 113.4 157.2 181.6 198.7 195.9 199.2 196.5 197 187.1 174.4 158.6 152.3 157.2 166.3 183.8 203.2 221.8 251.4 269.7 284.1 297 310 321.8 331.8 340.1 346.9 352.9 356.3 359.3 362.2 364.5 366.7 369.7 373.5 378.4 379.8 379.8 385 387.9 390.7 393.2 392.2 391.9 391.8 389.8 388.2 392.1 398.1 403.3 409.8 418.1 423.5 426.9 438.2 436.3 423.1 427.9 420.9 418.2 425.8 436.3 436.2 442.8 442 440.8 434.7 425.1 422 421 421.1 421.2 418
20.3 21.6 27 32.7 40 42.3 50.3 67.7 96.3 132.5 181.9 206.5 220.5 216.2 214.6 207.2 200.3 189 176.7 165.2 161 168 189.6 207.7 231 248.8 262.1 274.8 294.7 308.2 320 330.1 339.6 348.7 354.1 358 361.5 365.1 368.6 370.9 373.3 376.2 380.4 384.6 386.7 389.7 395 399.4 403.1 406.7 410.8 409.9 409.6 406.7 404.5 406.9 412.8 415.5 426.9 435.1 441.4 443.9 451 448.4 446.6 453.2 449.4 446.5 449.3 458 455.5 455.7 454.6 447.4 440.6 437.6 428.6 424.4 421.4 419.9 414.9
20.5 23.3 29.2 38.2 45.8 51.7 62 85.6 121.1 157.3 200.3 227.3 242.8 243.2 242.4 226.8 206.2 189.4 179.9 172.7 175 188.8 207.3 221.1 243.3 261.9 276.6 293.6 300.2 315.7 326.4 334.7 344.5 353.4 359.7 364.6 368.6 372.3 375.5 377.7 379.7 382.7 387.4 393 396.6 400.4 405.5 410.6 415.6 422.1 427.7 431.6 430.6 432.7 427.1 426.4 433.4 435.6 443.9 454 465.3 468.1 469.5 473.4 475.8 476.7 483.7 478.7 479.3 484 476.7 476.1 467 457.1 442.8 438.7 430.9 423.7 420.7 417.3 412.3
