STL Generation/terr50_gagg_gb/data/NC37.asc
ncols 200
nrows 200
xllcorner 230000
yllcorner 970000
cellsize 50
[rows 152 to 189 of 200, columns 0 to 83 of 200]
66.3 76.7 87.4 97 106.2 115.2 124.1 132.9 138.5 146 150.3 153.3 156.3 159.3 162.4 166 169.5 173 176.6 180.1 183.6 187.1 190.2 192.9 195.6 196.6 199.3 200.4 201 204.6 207.5 209.3 215.8 228.1 245.2 261.8 269.2 273.5 277.9 280.4 280.2 279.9 279.7 279.2 275.3 272.5 275.7 277.2 277.9 277.6 280.3 285.2 285.8 281.9 270.9 252.8 231.4 218.9 203.9 190.7 169.1 133.2 105.2 88.1 82.6 82.8 79.1 75.6 74.7 65.7 2.3 -1.7 -1.7 -1.7 -1.7 -1.7 -1.7 -1.7 -1.7 -1.7 -1.7 -1.7 -1.7 -1.7
57.7 70.6 82.3 93.8 105 114.7 123.6 131.5 135.3 140.5 147.5 150.5 153.5 156.5 160 163.5 167 170.6 174.1 177.2 180.4 183.5 186.4 188.9 191.8 195.1 199.6 200.9 200.7 202.5 204.3 207.7 214.6 222.9 239.1 254.2 262.9 269.2 273.6 277.9 279.3 279.1 278.8 278.3 275.8 278.5 281.8 285.3 287.8 288.1 291.8 291.8 291.1 290.4 285.3 274.9 256.4 239.4 225.3 208.7 194.9 167 127 110.3 105.4 88.2 82.3 77.6 74.3 50.6 20 24.7 23.2 -1.7 -1.7 4.5 -1.7 -1.7 -1.7 -1.7 -1.7 -1.7 -1.7 -1.7
53.4 63.7 76.1 89.9 102.9 114.1 123.1 130.1 133.9 137.7 142.5 147.7 150.6 154 157.5 161.1 164.3 167.4 170.6 173.7 176.8 179.9 182.4 185 187.7 190.8 195.6 198 199.6 199.8 201.2 206.5 213.2 220 232.4 246.6 255.9 265.2 269.6 274 276.4 278.2 277.9 278.5 281.9 284.6 287.9 291.4 294.8 298.4 297.8 297.1 296.5 295.9 293 286.6 277.8 260.8 242.4 225.5 208.7 189.5 146.7 128.2 111 94.2 86.5 79.9 76.5 22.2 52.5 68.1 65.9 59.5 61.2 54.5 23.4 -1.7 -1.7 -1.7 -1.7 -1.7 -1.7 -1.7
49.5 58.1 72.1 85.3 98.5 111.7 122.6 128.7 132.5 136.3 140.1 144.4 148 151.4 154.5 157.6 160.7 163.9 167 170.1 173.2 175.9 178.5 181.1 183.7 186.6 191.4 192.9 194.4 196 198.9 204.3 210.7 217.4 229.9 240.4 249.8 259.8 265.1 270.1 273.3 276.3 280.6 282.5 286.9 290.6 294.1 298 304.7 305.9 304 303.2 302.6 301.9 296.8 289.2 279.3 268.8 255.8 237.6 215.4 188.1 157.5 133.5 115.8 99.3 91.4 83.4 59.2 59.2 69.1 68 71.6 67.6 66.6 67.4 53.1 33.1 0.2 -1.7 -1.7 -1.7 -1.7 -1.7
51.2 54.8 70.4 83 95.7 108.3 120.9 127.1 130.8 134.5 138.2 141.8 144.7 147.8 150.9 154 157.2 160.3 163.4 166.5 169.4 172 174.6 177.2 179.7 182.5 186.3 187.8 189.3 194.2 199.3 204.4 209.6 214.7 225.2 235 245.7 253.9 259.1 265 274.5 278.5 282.7 286.5 291.4 297.4 304.3 311 315.4 313.4 311.5 309.5 308.7 307 299.1 289.5 279.5 269.1 257.4 242.9 213.4 184.3 154.6 136.1 122 107.3 93.5 82.4 77.9 78.7 74.8 74.8 74.8 74.5 73 67.1 62.2 55.9 23 -1.7 -1.7 -1.7 -1.7 -1.7
58.8 59.4 69.7 82.3 94 105.6 116 124 128.2 131.9 135.6 138.5 141.3 144.2 147.3 150.5 153.6 156.7 159.8 162.9 165.5 168.1 170.7 173.2 175.8 178.4 181.2 184.4 189.5 194.6 199.7 204.9 210 215.1 220.8 231.5 242.3 247.9 255.4 264.9 274.4 282.1 285.9 289.7 299.2 308.5 315.8 322.2 322.5 320.7 318.8 317 315.1 309.1 299.4 289.7 279.7 269.4 257 237.6 209 175.8 156.2 133.2 119.9 106.1 96 87.7 85.5 85.1 78.1 78.1 78.1 77.6 74.6 70.7 66.5 59.6 54.7 43.6 -1.7 -1.7 -1.7 -1.7
60.4 62.5 70.4 78.6 90.3 100.8 110.6 118.3 125.7 129.3 132.5 135.2 138 138.9 143.8 146.9 150 153.1 156.3 159 161.6 164.1 166.7 169.3 171.9 174.8 179.7 184.8 189.9 195 200.2 205.3 210.4 215.5 221.4 228.1 236.7 245.8 255.3 264.8 274.2 284 289.4 294.7 306.7 319.3 324.1 327.5 328.8 327 325.2 322.1 318.8 310.2 299.7 290 279.9 267.2 246.2 226 201.9 172 152.9 134 117.9 107.9 101.1 95 93.6 91.7 83.4 81.5 80.7 78 75.3 71.6 68 64.9 58.2 51 44.3 19.6 -1.7 -1.7
69.1 72.6 72.1 75.1 85.6 95.6 104.9 112.6 120.3 126.5 129.2 132 134.7 136.7 137.4 143.3 146.4 149.6 152.5 155.1 157.6 160.2 162.9 167 171 175 180.1 185.2 190.3 195.5 200.6 205.7 210.8 215.9 222 228.2 236.6 245.9 255.2 264.6 274.1 283.8 293 301.8 317.1 327.1 329.7 332.9 334.9 331.6 328.2 324.8 321.4 312.1 301.3 288.5 271.4 256.1 236 214.5 190.3 169.2 151 132.1 119.7 112.8 106.1 104.7 103 98.9 90.1 83.8 81.3 78.7 76.2 73.5 70.9 67.6 62.2 55 48.4 43.5 5.9 -1.7
78.1 80.3 79 76.8 79.3 90.3 99.2 106.9 114.4 122.7 125.7 128.7 131.4 134.1 134.4 137.4 142.9 146 148.6 151.1 155.1 159.1 163.1 167.2 171.2 175.4 180.6 185.7 190.8 195.9 201 206.1 211.2 216.5 222.6 229.7 237.9 247.1 256.3 265.6 275.6 287.2 298.2 316.3 330 333 336 338.7 336.9 333.5 329.9 326.3 322.7 311.3 300.1 279.8 259 242.2 228.4 200.9 178.9 163 147.7 133.1 125.3 115.4 110.8 112.9 111.6 107.9 100.2 90.2 84.2 81.7 79.1 76.4 73.7 70.3 65.6 59 52.8 44.3 36.6 -1.7
84 87.4 86.9 84.7 82.5 82.3 92.3 99.8 110.9 118.4 121.5 124.7 128.1 130.8 132.1 132.3 137.3 143.2 147.2 151.3 155.3 159.3 163.3 167.4 171.4 175.9 181.1 186.2 191.3 196.3 201.4 206.5 211.6 217.1 223.9 231.2 239.1 248.4 257.6 268.6 280 292.7 305.9 326.9 335.2 337.7 340.8 340.8 337.3 333.4 329.8 326.3 321.6 307.9 290.6 269.9 248.4 234.7 221.3 195.8 177.1 166 153.3 140.6 125.1 118 119 120.1 117.9 115.8 110.3 99.9 88.9 84.6 82 79.3 76.6 73 68.2 63 56.4 48.1 39.3 -1.7
88.6 93.8 95.8 93.6 91.4 90.1 95.4 96 106 111 117.7 120.4 123.7 127.1 130.3 129.4 137 143.3 147.4 151.5 155.5 159.5 163.5 167.6 171.6 176.3 181.6 186.6 191.7 196.8 201.9 207 212.1 218.2 225.4 232.7 240.4 250.2 261.6 273 284.6 298.7 315 331.4 337 341.5 343.4 341.2 338.4 334.1 329.8 326.2 319.1 299.7 279.6 258.6 239.8 226.1 209.8 193.3 183.4 170.4 159 134.5 131.3 130.6 129.4 128.2 125.4 122.5 119.9 109.7 98.6 87.6 84.9 82.2 79.5 75.6 70.9 65.9 59 49.5 40 17.8
93.4 99.9 101.8 102.4 100.6 99.3 101.2 102.6 104 104.6 108.9 112.3 119.2 124.6 131 137 138.9 143.1 147.5 151.7 155.7 159.7 163.7 167.8 171.8 176.8 182 187.1 192.2 197.3 202.4 207.4 212.7 220 226.7 234 243.2 254.8 266.1 277.4 290.3 307.5 324.7 333 338.6 344.3 344.7 341.6 339.4 335.2 330.9 326.5 317.8 294.2 270.8 252.7 235.3 219.6 207.3 195.5 188.7 176.8 154.2 146.7 143.1 140.1 139.8 135.2 131.3 127.3 123.4 113.7 103.7 93.8 88.1 85.4 81.7 73.6 67.8 66.9 61.8 54.3 46.7 38.3
95.9 101.2 103.7 105.9 107.5 108.3 106 106.4 109 111.5 112.8 112.2 116.3 120.7 129.2 135.6 138.4 143.4 147.4 151.7 155.9 159.9 163.9 168 172 177.2 182.5 187.6 192.7 197.7 202.8 208.1 214.3 222.3 228.7 235.2 247 259.5 271 282.3 298 315.6 333.2 338.5 343.2 347.7 346.5 342.9 339.8 336.4 332 328.5 320.5 291.2 267.9 249.1 231.4 220 208.8 197.8 189.2 178.3 168.5 160.7 157.7 152.2 148.4 141.5 134.2 130 126 115.9 105.9 96.4 90.5 85.7 81.7 73.8 70.9 69 64.2 56.3 48.3 41.8
98.1 102 104.3 106.3 107.9 109.6 109.4 110.1 112.7 115.2 117.3 116.8 121.2 124.8 128.4 132.7 138.2 143.2 147.8 151.8 156 160.1 164.1 168.2 172.3 177.7 183 188 193.1 198.2 203.6 209 216.2 224.5 231.1 240.4 251.1 263.3 275.7 287.3 304.4 323.9 336.3 342.4 346.8 349.5 347.7 345 341.3 337.5 332.8 328 317.2 286.7 265.6 246.6 227.6 218.8 210 206.1 203.5 198 189.3 183.9 178.2 165.1 157.1 150.2 142.9 135.6 128.2 119 109.7 100.5 94.6 89.8 82.3 76.4 71 67.9 64.4 57.6 50 41.3
101.7 102.9 104.5 106.7 108.8 110.2 111.6 113.8 116.4 118.9 121.4 122.4 126 129.6 133.2 136.6 139.5 143 148 152.1 156.1 160.2 164.3 168.4 172.7 178.1 183.4 188.5 193.6 199 204.4 209.9 218.2 226.6 236.6 246 256.1 267.8 279.9 292 312 330.1 340.1 345.9 350 350.4 348.7 346.9 343.5 337.3 330.3 325.1 311.3 282.3 265.6 247.3 229.3 218.8 217.9 218.5 218.6 218.6 214.4 213 205.6 189.6 167.3 158 149.9 141.9 129.8 121.7 113.3 104.6 97.8 91.5 85.2 79.7 73.5 66.8 62.6 57.5 51.2 46.2
102.7 103.8 105.2 107.8 109.4 111.2 113.1 115.8 119.2 122.5 125 127.2 130.8 133.9 136.8 139.8 142.7 145.3 147.8 152.5 156.5 160.5 164.4 168.6 173.2 178.6 183.9 189 194.4 199.9 205.3 211.8 220.5 229.5 240.6 251.7 261.3 272.4 284.4 299.1 319.3 337.1 346 349.2 353.1 351.4 349.6 347.8 345.6 337.9 329.4 316 302.2 280.9 265.4 248.6 232.5 233.4 230.2 228.4 228.5 229.8 225.4 220.8 216 205.4 178 163.6 155.5 140 131.1 123.5 115.1 105.6 99.5 94.4 88.1 82.9 77.4 70.6 63.9 58.1 55.4 52.5
103.6 104.9 106.8 109.1 111 112.9 114.9 117.2 120.6 124 127.4 130.5 134 137.1 140.1 143 146 148.6 151.1 153.6 157.1 160.8 164.8 168.8 173.7 179.1 184.4 189.8 195.3 200.6 205.8 214.4 223.4 232.5 242.8 255.4 266.7 277.6 290.3 307.3 326.1 340.6 350.9 353.6 355.1 352.5 350.8 349.1 345.8 338 324.7 308.2 293.4 279.3 263 249.2 251.7 249.6 245.3 239.9 239.2 238.1 232.1 227.6 223.1 209 187.4 169.3 154.2 140.9 132.5 125.3 115.4 103.9 97.3 94.8 91 86.2 81.2 74.5 66.4 60.1 56.9 56
104.5 106.2 108.4 110.4 112.4 114.8 116.6 119 122 124.8 128.2 131.2 134.6 138.1 141.6 145 148.5 151.5 153.3 156.3 159.6 163 167.2 171.5 175.8 180.8 185.1 189.4 193.8 200.7 208.5 217.2 227.2 238 248.3 259.5 271.8 288.4 302.4 318.6 337.3 352.5 355.4 356.2 357.6 355.7 353.1 348.8 344.7 335.2 318.5 303.2 289.2 271.6 271.6 266.3 260.1 255.7 252.6 250.4 252.9 246.4 238.1 229.4 221.8 210.1 191.2 172.5 156.6 143.9 135.7 123.8 112.6 102.5 97.8 95.2 92.9 88.5 85 78.1 72.6 64.9 63.1 63
105.5 107.8 109.9 111.4 114.6 118 119.6 119.6 122.2 125.8 129.3 132.1 135.3 138.8 142.2 145.7 149.3 153.5 155.5 158.6 161.7 164.9 169.1 173.1 177.8 182.3 186.6 190.8 195.4 202.7 210.7 222.7 235.1 245.6 255.3 265.9 281.6 301.6 319.4 336.6 352.5 358.9 360.3 359.7 359.6 356.6 352.5 348.3 343.1 333.8 319.8 303.6 292.4 289.4 286.5 276.5 269.4 267.9 265.6 263.7 261.2 252.7 241.5 228.3 221.8 209 184.7 169.5 155.9 143.7 130.6 119.5 110.9 102.7 99.9 97.5 95.3 92.1 89.7 83.9 77.7 72.5 70.9 67.6
107.5 108.4 110.5 113.6 117 120.3 120.7 120.4 122.7 127.4 130.9 133 135.9 139.4 142.8 146.4 150.3 154.7 158 161.1 164.3 167.4 170.6 173.8 179.1 184 188.2 192.4 197.6 203.8 215.4 228 242 252.3 260.8 278.3 294.7 316.2 337.3 354 362.2 361.3 360.8 359.9 359.4 355.7 351.8 347.6 341.1 331.5 319.2 307.3 297.7 294.7 288.2 282.6 277.5 273.9 270.7 266.5 260 250.1 239.9 231.3 222 203.9 180.8 167.5 151.9 131.6 123 116.1 108.4 105.1 102.6 100.2 97.8 94.9 91.2 88.6 80.8 76.2 72.7 68.9
109.5 109.4 112.1 115.4 118.7 120.5 123.3 123.6 124.9 129.5 131.9 133.8 136.6 140 143.6 147.5 151.3 156.2 160.9 164.1 167.3 170.4 174.6 177 180 185.3 189.7 194.5 201.1 207.7 217.7 230.5 243.7 256 269.8 288.8 313.6 338.5 362.2 370 368.5 362.3 360.9 359.7 358.2 354.5 350.8 346.9 339.7 331.2 319 308.5 302.1 297 293.1 286.8 281.4 276.4 270.3 265.1 257.1 245.8 236 231.4 216.3 195.1 176.9 162.4 137.2 123.2 117.6 111.7 109.4 107.4 105 102.5 99.8 96.4 92.1 89.7 83.3 78.8 75.3 69.8
110.6 111.4 114.3 117.1 120.4 124.8 128.6 128.8 129.3 129.4 132 134.6 137.5 140.6 144.5 148.4 152.6 158.4 162.9 167.1 170.3 174.6 177.3 180.2 183.1 186.3 191.2 198 204.8 211.4 220.5 229.1 241.4 253.5 269 291.5 326.3 356.8 368.2 368.7 366.1 360.8 359.3 357.9 355.8 352.3 348.7 345.7 339.7 331.6 321.2 311.6 304.1 297.3 292.8 288.3 282.7 276.1 270 263.7 254.1 243.3 236.3 227.2 208.1 189.8 170.9 150 130.4 123.8 118.6 113.3 110.6 109.7 107.3 104.7 100.6 95.5 90.5 88.7 85.7 80.3 77.4 69
110.9 114.5 118 120.7 125.2 129.1 132 131.8 130.5 129.4 134.3 135.8 138.6 141.6 144.6 147.7 153.7 160.2 164.6 169.1 174.5 179.8 180.4 183.4 186.3 189.1 193.4 200.2 207.2 214.1 221 229 238 249.7 268.2 292.2 326.2 348.1 358.2 358.1 358.1 355.3 354.7 353 351.8 350.5 348.2 344 338.3 333.1 325 315.4 306 298.3 293.2 288.1 282.2 276.2 269.8 263.6 251.3 244.7 234.7 219.5 200.3 186.2 165.2 146.1 130.3 127.9 123.5 117.1 114.7 112.5 109.5 104.2 98.9 93.6 88.9 87.6 84.6 79.8 71 59.7
114.2 117.3 121.2 125.8 130.5 133.5 134.7 134.9 132.2 129.4 132.5 135.4 139.4 142.4 145.5 148.9 155.7 159.9 165.3 170.9 177.1 180.9 183.2 186 188.8 191.6 195.8 202.4 209 215.7 222.6 229.8 237.2 251 266.7 295.3 329.9 334.5 339.9 345 346.6 347.7 348 348.6 349.2 349 347.5 343.3 337.6 332.2 324.9 316.4 307.9 300.1 293.5 287.6 281.7 275.8 269.1 261.6 249.3 240.4 229.1 211.3 196 180.6 162.7 146.7 137 130.7 128 121.4 119 114.8 107 102.1 97.8 91.6 86.7 84.6 81.1 72.5 62.6 51.7
114.7 119.5 124 128.6 134.6 137.9 139 137.2 133.9 130.5 131.2 134.4 138.9 143 146.6 150.6 155.1 160.4 166.9 173.2 179 182.8 185.5 188.2 190.9 194.5 198.8 204 210.6 217.3 224.3 231.3 237.3 251.1 269.4 292.7 312.8 315.5 321.4 327.6 331.9 337.5 341.8 344.4 347 347.3 346.4 343.2 338.3 332 323.9 315.5 308.4 300.6 292 285.9 280.1 273.9 265.9 257.9 249.7 236.5 221.6 206.2 192 177 164.5 152.8 144 137.4 129.3 123 118.3 111.3 102.7 97 91.7 86.2 81.5 77.9 72.8 62.1 52.9 44.2
117.3 121.7 127.8 130.8 135.3 139.7 140.3 140.2 136.8 132.9 132.6 134.2 138.4 142.9 147.7 151.6 155.7 161.8 168.4 173.4 178.2 182.3 185.8 189 192.2 197.2 201.9 207.2 212.4 218.8 225.6 231.3 237 250.5 267.9 280.9 289.7 297.4 303.4 310 316.1 325.6 335.4 340.1 344.4 346 344.7 342.2 338.1 330.6 321.7 314.8 308.1 299.7 291 283.6 277.7 271.1 263.3 255.5 244.4 228.9 213.8 203.5 190.7 177 166.8 154.9 143.8 134.5 129.3 121.4 112.6 105.6 97.3 91.2 85.4 79.4 74.8 70.6 62.6 51.8 42.1 38.3
119.6 121.1 127.4 132.3 134.9 138.8 140.9 141.4 141 135.5 134.4 135.1 137 142.2 148.7 152.4 155.9 161.8 166.3 170.9 175.8 180.8 185.6 188.8 194.4 200.2 205.8 210.6 215.3 219.5 225.2 231.3 237.9 246.2 258.4 266.2 275.7 286 292.5 296.7 303.8 318 329.9 335.8 339.9 343.3 342.4 340.5 335.5 328.8 319.9 313.4 307.1 298.8 290.1 281.2 275.4 268.4 260.9 249.9 235.8 221.9 208.2 200.8 186.7 178 163.2 150.3 139 129.7 123.9 114.1 104.1 97.9 91.7 83.9 77.8 73.5 68.7 60.8 52.1 42.2 39 37.4
120.4 121 124.7 131 135.1 138.9 141 143.1 141.6 140.4 138.3 139.2 140.3 142.1 148.3 152.8 156.3 160.4 164.9 169.6 173.9 178.9 183.9 188.9 194.1 201.6 208.5 213.2 215.7 218.9 223.4 228.9 236.1 241.5 247.9 255.7 265.7 275.1 283 286.8 293.5 307.7 319.7 330.1 335.4 339 338.6 336.3 331.3 326.2 319.4 312.6 306 297.3 287.9 279.1 273.2 265.7 255.6 241.7 228.3 211.1 199 187.8 178.6 168 154.9 141.7 134.1 126.3 118.9 107 97.9 93.3 86.5 77.2 70.2 66.1 60.7 50.9 40.9 41.9 39.9 38.6
123.4 123.9 126.3 128.6 133.1 137 139.2 141.1 141 139.7 141.1 141 140.8 144.2 148.4 152.1 155.8 159.5 164 168.8 173.2 177.5 182.4 188 194.5 201.6 207.7 212.3 214.5 216.9 221.1 224.9 229.4 233.7 238.7 244.7 254.5 264.1 269.9 275.8 283.2 293.8 304.2 316 327.3 331.9 333.4 330.9 328.2 323.2 318.8 312.8 304.1 294 284.8 277.3 269.9 259.4 245.5 231.6 213.8 194.1 180.7 170.9 161.9 150.6 141.2 133.4 126.6 118.4 110.9 101.7 95.2 89.7 78.9 69.7 62.8 56.4 50.6 48.8 46.2 49.9 45.8 42.8
126.2 127.8 128.8 129 130.9 134.7 137.7 139 140.1 139.8 141.1 140.2 141.7 144.8 148.3 152 155.7 159.1 163.1 167.9 172.4 177.2 182.5 188.5 194.6 200.7 206.8 210.9 212.9 214.2 217.4 219.3 222.4 226.4 230 235 243.5 252.6 257.9 265.7 275 284.2 292.1 302.8 315.2 324.2 326 326.8 325.8 321.2 317.5 312.1 298.8 288.9 279 271.6 262.8 249.9 233.2 215.9 195.6 178.1 165.6 156.8 146.8 138.7 131.3 124.8 119.2 110.4 102.8 96.3 89.4 79.6 69.6 61.3 57.1 50.2 49.9 51.7 58.8 56.8 51.4 49.9
129.1 130.9 131 129.7 129.4 132.3 136.2 135.3 133.3 134.4 136 137.8 142 145.2 148.4 151.8 155.3 158.9 162.4 166.3 172.3 177.3 182.4 188.4 193.7 199.4 205.5 208.5 210 211.4 213.1 214.7 216.8 220.4 223 228.4 234.2 242.6 249.1 257.1 266 275.2 281.8 290.6 303.4 314.1 320.1 324 323.5 319.4 315 307.4 293.7 281.7 271.5 262.4 253.9 239.9 222.7 199.1 179.5 165.3 154.3 145.3 136.9 128.6 121.2 114.3 108.2 105.5 103.1 90.3 79.4 68.5 60.2 58.3 59 55.5 56.9 63.3 70.7 67.7 58.2 55.4
131.9 133.5 135 134.7 133.2 129.9 131.8 131.7 133.1 133.8 134.6 137.8 141.7 145 148.1 150.3 155.1 158.9 162.2 164.9 170.7 177.2 182.4 187.9 193.1 198.2 202.3 204.9 206.6 208.1 208.3 210.1 212.2 214.8 218.2 222.5 227.4 233.9 241.4 249.4 257.5 265.8 272.2 280.2 293.7 307 316.5 320.4 321 316.6 310.2 300.2 286.3 273.3 263.9 254.8 243.1 229.3 206.5 184.7 170.3 157 145.3 136.1 126.2 117.2 105.8 101.3 99 99.8 91.6 77.1 65.1 58.6 58.8 60.6 63.6 61.7 64.5 71.7 75.1 69.5 62.9 58.9
134 135.5 136.4 136.5 136.7 134.4 132.6 132.7 133.8 134.5 135.3 138.3 139.6 143.5 147.4 149 150.6 156.1 161.5 164.1 169.9 176.3 182.6 187.1 191.9 196.8 199.8 201.9 203.3 204.6 205.2 206.7 209.3 211.7 214.1 217.8 222.6 226.6 233.6 241.3 248.8 257 264.3 272 284.2 300.9 313.1 317 317.2 311.8 303.8 289.1 277.9 266 258.1 247.2 230.4 212 194.4 176.7 163.7 151.1 138.5 126.9 115.5 104.6 97.3 94.2 95.5 92.5 75.7 65 59.7 58.7 63.2 70.5 69.3 68.5 74.6 81.3 79.6 70.6 66.8 60.4
136.1 137.6 137.3 137.7 137.9 137.9 138.5 135.2 134.5 135.3 136.1 136.1 136.1 138.5 142.1 144.6 148.7 154.2 159.1 164.4 170.8 177.7 183.8 188.5 193.1 195.2 197 199.2 200.6 202.2 203.1 204.4 206.3 208.7 211.1 213.5 217.2 220.4 224 231.9 240.3 248.4 255.8 264.5 276.2 292.8 308.6 312.9 309 303.4 291.8 278.3 268.9 258.7 248 233.3 212.8 195.2 178.4 168.6 156.7 143.7 131.2 118 106.3 96.7 92.2 89 86.2 74.1 62.9 60.3 61 68.9 79.1 80.5 76.7 78.5 87.2 88.5 78.6 69.2 65.7 65.3
138.1 138.2 138.5 138.9 139 139.5 140.2 140.4 138.5 138.5 137.5 136.3 137.8 139.8 139.7 143.9 148.6 153.2 158.6 164.9 171.4 178.2 182.6 187.3 191.2 193.4 194.7 196.6 198.1 199.6 201.1 202.2 204 205.2 207.1 209.3 211.9 215.1 218 223.7 231.4 239.1 244.9 252.3 264.6 278.4 291.7 297.4 293.5 289.7 278.1 267.5 257.1 246.2 232.7 215.8 198 183.5 171.8 160.4 149.2 137.8 125.9 110 98.4 90.5 85.2 77.5 68.4 61 65.6 70.6 75.1 85 92 92.8 93.2 91.3 93.9 89.1 74.8 69.3 68.2 83.7
139.9 139.2 139.7 140.1 140.6 141 141.2 141.1 140.2 139.2 138.2 139 139.9 140 139.2 143.5 148.5 154.1 159.8 165.9 172.2 176.6 180.9 185.6 188.9 191.6 192.8 193.8 195.5 197 198.6 200 200.8 201.8 202.9 204.2 206.4 209.7 213.2 218.4 224.4 231.1 236.9 242.8 252 261.8 269.2 271.9 272.5 270.5 263.7 253.8 243.9 232 211.9 197.7 187.4 176 164.6 153.1 144.6 135.1 121.1 103.6 95.6 88 76.4 69.1 69.4 71.1 78.4 84.5 92.4 96.1 101 102.2 103.2 100.3 91.8 79.4 71.5 69.7 71.8 95
141 141 140.9 141.2 141.5 141.7 141.9 141.8 140.8 139.9 139.1 139.1 139.2 139.3 141.7 145.1 148.7 153.9 159 164.4 170.8 175.3 179.3 183.5 186.5 188.8 189.7 190.8 192.5 194.1 195.7 196.7 196.9 198 199.2 200.4 201.5 203.2 208.1 213.3 218 223.4 228.1 234.3 239.4 245.8 249.2 250.4 250.5 247.9 241.3 235.4 227.7 212.9 197.9 185.5 176.9 167.3 155.9 147.1 140.3 130 115.7 101.4 94.1 77.9 68.6 68.6 73.6 84.3 93.2 100 106.7 111.3 116.6 112.9 103.3 96.1 86.2 78.6 71.8 73.8 87.8 94.7
140.8 140.8 141.3 142.4 142.4 142.4 142.7 142.4 141.5 141.2 140.8 139.7 139.3 140.9 142.1 145.5 148.9 152.5 157.3 162.8 168.9 173.9 177.7 180.7 183.2 185.2 186.5 187.8 189.5 191.1 192.1 192.6 193.1 193.7 194.8 196 197.1 197.9 202.4 208.1 212.9 216.6 220.3 225 227.8 231.5 233.7 234.1 231.8 229.7 224.5 218.6 210.5 201.7 187.4 176.5 167 158.6 149 142.5 135 123.7 110.7 98.3 82.2 68.1 68.2 78.1 86.6 99.2 110.4 113.8 119.6 128.1 130.9 122.1 106.9 96 84.6 79.2 78.3 83.5 91.5 97.4
