STL Generation/terr50_gagg_gb/data/NC42.asc
ncols 200
nrows 200
xllcorner 240000
yllcorner 920000
cellsize 50
[rows 35 to 69 of 200, columns 78 to 155 of 200]
342.7 338 331.5 323.4 312 298.5 284.8 272.6 263.9 254.8 245.8 238.3 236.3 230.3 226.1 221.7 216.2 210.7 209.8 208.6 206.5 204.4 202.5 202.5 202.5 202.5 202.5 202.5 202.5 204.6 214.1 220 232.2 245.7 257.5 268.9 280.2 285.2 291 294.2 295 295.6 296.2 296.4 296.4 296.4 296.4 296.4 296.4 298.4 302 303.5 304.6 305.7 306.9 307.6 308 307.4 305.8 303.7 303.2 303 303.8 304.6 305.4 306.1 299.2 300.6 302.3 302 301.5 299.5 296 293.8 293.9 291 287.9 284.8
342.5 338.5 332.3 324.3 313.2 298.4 285.9 275.7 266.7 257.8 249.4 241.2 237.9 231.1 227.2 223.3 219.1 214 212.8 210.9 211 211.2 202.7 202.5 202.9 203 202.7 202.5 202.7 203.4 210.6 220.4 230.9 241.6 252.8 264.1 275.3 284.1 290.8 295.6 294.9 295.6 295.9 295.9 296 296.6 296.3 296.3 296 297.8 302 304.1 305.6 306.7 307.8 308.5 309.1 308.1 305.8 303.4 300.9 298.4 298.1 297.7 297 296 295.1 295.8 296.4 296.7 296.8 294.2 293.3 291.3 291 288.9 285.9 282.8
341.3 337.3 332.7 324.8 315.1 302.6 289.8 278.7 269.9 261.2 253 244.8 239 231.9 228.3 225 221.2 217 214.9 212.6 211.7 211 204.3 202.5 203.8 208.7 207.1 204.4 202.9 202.9 209.1 218.7 227.8 237.7 248.8 260.1 272.1 282.9 290.7 296.9 295.3 295.5 295.5 295.4 295.3 297 296.2 295.7 295.5 297.1 302 304.5 306.2 307.7 308.7 309.3 310 308.4 306.3 305.4 302.1 299.7 296.7 293.5 291.5 288.6 283.7 286.9 289.3 291.3 292 291.4 290.9 289.2 287.9 286 283.6 283.6
340.6 335.9 331.4 324.4 315.1 304.1 291.3 282.1 273.3 264.9 256.7 248.4 240.4 233.6 228.7 228.8 225.5 220.1 216.5 214.4 212.9 211.5 208.3 207.1 208.6 209.8 210.4 205.8 202.9 202.9 208.3 216 224.3 234 244.8 257.2 268.2 277.7 286.9 293.7 295 294.3 294.9 294.8 294.8 294 291.9 293.9 295 297.1 302 304.9 306.6 308.5 309.7 310.4 311.1 309.4 308.9 308.4 303.7 301.1 298.2 294.6 289.6 285.1 283.7 283.7 283.7 283.7 285.8 286.7 287.7 284.8 285.5 283.8 284.3 284.3
336.6 332.8 329.4 324.1 314.9 304.8 295.9 285.6 276.9 268.6 260.3 251.5 243.6 237.1 230.4 228.2 225.5 219.8 215.8 214.9 215 213.5 212.1 211 210.1 210.4 207.6 203.4 202.9 202.2 205.4 213.7 221.8 231.1 242.3 253.5 263 272.5 281.6 288.1 291.5 290.7 291.3 292 292.7 289.1 288 289.7 293.3 297.6 302 305.3 307.5 309.6 311.1 312 312.4 312.1 311.6 311.2 306.7 302.5 299.6 295.6 291.3 287.9 283.7 283.7 283.7 283.7 283.7 283.7 283.7 283.7 283.8 284.3 284.7 285
332.2 329 326.3 321.5 313.1 306.5 299.8 289.1 280.6 271.8 263.1 254.3 246.8 239.7 232.1 228.4 225.3 219.7 215.6 215.3 215.5 215.6 213.2 212.2 211.2 210 207.4 204.9 203.7 204.5 205.8 213 221.9 232 240.4 248.8 257.8 267.3 276.1 281.8 285.2 287.2 287.7 288.4 286.2 286.5 287.8 291.5 295.7 299.9 304 308.3 309.8 310.9 312.1 313.6 314.2 314.6 314.4 313.9 309.7 305 301 295.5 289.2 287.3 287.9 283.7 283.7 283.7 283.7 283.7 283.7 283.7 284.1 284.7 285.2 285.5
329.6 326.8 322.8 318.9 311.3 305.7 299.3 292 282.4 274.2 265.8 257 248 239.8 232 227 223.4 219.7 217.7 216.5 215.2 214.4 212.3 211 210 208.2 206.4 205.1 206.1 207.4 208.7 215.1 221.7 227.7 236.9 245.4 253.6 261.9 270.3 276.2 280 282.5 283.7 285.5 285.8 286.1 289.8 294 298.1 302.2 306.4 311.2 314.2 314.1 315.4 318.1 317.7 316.5 316.9 316.6 312.7 308.7 303.3 296.5 290 286.7 287.4 287.3 283.7 283.7 283.7 283.7 283.7 284.3 285.2 285.3 285.5 286
328.4 326.3 322.8 318.5 310.5 304.4 297.7 291.3 283 273.8 265.6 256.7 246.8 238.9 231.7 226.5 223.2 220 218 215.8 214.5 213.2 211.5 209.8 208.3 206.6 205 204.9 208.3 209.8 211.2 217.6 226.5 234.2 236.7 243.7 251.1 257.2 263.9 269.3 273.9 278.6 282.7 285.3 285.9 287.7 292 296.4 300.5 304.6 308.9 313.8 318.7 319.3 321.9 324.8 324.4 321.9 320.7 319.6 317.2 314.5 307.8 300.1 293.3 286.2 287 286.9 283.7 283.7 283.7 283.7 284.4 286.6 288.1 288.1 288.1 286.6
326.8 324.9 322.2 317.6 312.1 304.8 297 289.7 282.2 273.8 265.2 255.3 245.4 237.9 232.6 225.7 221.7 219.2 216.7 215.2 213.4 212.9 211.8 209.9 208.5 206.8 205.2 204.4 207.2 208.8 212.3 219.1 228.5 235.6 240.3 246.6 253.1 256.8 260.2 264 270 276.9 282.1 285.1 287.5 290.6 294.7 298.8 303 307.4 312.3 319.2 325.4 327.2 327.9 330.8 331 328.3 325.9 325.3 325.6 320.3 313.4 304.4 296.5 291.2 287.2 284.5 283.7 283.7 283.7 284.4 287.4 289.4 290.5 290.4 288.8 287.2
324.3 323.3 321 316.4 311.9 305.3 297.5 289.7 282.6 275.3 265.5 255.4 247.3 241.2 234.9 228.5 221.2 216.5 215.2 213.7 213.2 212.6 212 210.6 210.6 207.9 205.1 203.4 205.6 207.7 213.3 219.9 227.4 236.8 243.6 249.4 254.9 258 260.5 263.3 268.8 274.6 281 283.9 286.2 290.2 295.2 299.3 304 310.5 315.6 322.2 327.1 330.2 334.1 335.5 335.1 331.3 327.6 326.6 326.1 321.4 312.8 306 299.6 294.9 290.2 283.7 283.7 283.7 285.2 289.2 291.3 293.5 292.8 291 289.4 287.8
322.2 321.8 320.4 315.8 311.1 305.7 297.8 289.9 283.2 276.1 266.5 260.7 252.6 244.6 234.1 226.2 219.3 214.7 214.4 213.5 212.9 212.3 211.6 210.7 209.1 206.5 204.8 202.8 204.9 207.9 216 223.8 230.2 237.7 245.1 251.6 256.2 258.9 261.7 264.5 270.1 275.8 278.6 281 283.3 288.8 294.4 299.6 305.4 312.6 317.7 322.1 326.9 330.5 334.6 336 336.1 331.8 326.1 325.9 323.5 318.9 310.7 305 300.2 295.1 289.7 285.2 285 288.8 290.9 294.2 295.3 295.7 294.4 292.5 290.5 288.7
323.4 323.8 321 315.4 308.1 303.6 297.9 290.5 283.4 275.6 264.3 255.4 248.8 239.7 231.3 224 218 216 215.1 213.8 211.6 210.5 209.7 207.9 205.8 204.1 203 202.2 204.4 208.1 215.3 223.6 231.3 238.3 244.4 250.3 254.5 259.2 262.9 265.9 271.1 273.2 275.5 278 281.9 287.6 293.3 300 306.7 313.3 318.6 323 326.9 331.4 335.1 336.7 336 329.3 326.9 324.7 320.9 315.5 310.5 305.5 300.6 295.9 290.9 287.6 288.9 294.9 296.5 297.3 297.4 297.6 296.4 294.7 293.1 291.2
324.4 324.6 318.2 310.9 306 301.3 295.8 289.1 281.7 273.9 262.5 254.6 245.5 236.1 229.1 222 219.5 217.3 215.7 213.8 211.6 209.2 206.8 205.1 203.4 202 201.2 205.2 204.2 208.5 214.9 222.1 229.4 236.1 243 248.7 252.5 256.9 261.4 265.7 267.9 270 272.5 276.8 281.3 286.6 293 300.1 306.2 312.3 317.3 322 326.1 328.5 331.3 332.1 329.2 327.3 325.1 323 321.5 316.1 311.5 306.3 301.1 296.9 293.5 294 295.4 299 299.2 299.9 300.1 301.3 299.2 297.6 295.9 293.1
321.7 319.5 313.5 307.9 303.8 299 293.4 286.7 279 271.5 262.6 258.8 247.1 238.5 227.1 222.6 221 218.6 216.1 213.6 211.1 208.5 205.1 201.7 200.5 199.5 203.7 208.8 203.7 208.8 215.3 222.5 228.3 234.6 241.4 245.6 248.7 252.7 257.2 261.7 264.5 267.8 272.1 276.3 280.7 286.5 293.2 300.1 306 310.6 315.7 320 323.9 324.4 324.1 323.8 324 324.1 323.3 321.4 319.9 316.9 312.7 308.9 303.8 299.9 296.3 298.5 300.7 302.1 302.1 302.6 303.8 305 302.5 300.4 298.2 295.1
319.1 315.2 310.4 306 301.7 296.5 290.8 284.4 276.6 269.2 263.1 260.4 255.1 245.5 231.8 222.6 220.8 218.4 215.2 213 210.6 207.7 203.4 198.6 197.5 201.4 208.5 206.7 203.7 209.2 215.6 222.2 227.7 233.5 238.1 241.5 244.8 248.6 253 257.5 261.6 266.2 270.8 275.4 280.1 286.9 293.6 299.6 304.1 308.8 313.6 318 320.1 320.9 320.1 320 320.3 320.8 321.2 319.6 317.8 316 312.5 309 308.3 304.4 301 302 304.2 306.1 306 308.4 309.3 308.8 306 303.2 300.1 297
319.4 315.1 310 305.3 301.1 295 288.3 282 274.9 267.9 261.9 256.2 250.7 245.1 233.2 223.5 220.3 217.4 213.9 212.3 210 206 200.5 195.8 198.3 201.8 206.8 204.2 204.9 210.8 216.4 221.9 228.3 230.8 234 237.4 240.8 244.5 249 254.7 259 264.2 269.4 274.1 278.8 285 292.1 297.3 302.1 306.8 311.5 315.8 316.6 317.3 316.3 316.3 316.5 316.7 317.2 316.1 315.1 313.6 311.2 309.3 308.6 307.8 305.8 305.5 306.8 309 311.7 313.9 313.2 310.7 307.9 304.3 300.9 297.9
320 315.8 312.3 307.5 302.7 295.6 288.9 281.8 274.1 266.5 261.6 257.4 251.5 243.6 235.4 226.3 221.2 216.5 211.8 210.5 210.1 204.1 199.4 195.8 197.1 199.8 201.4 200.4 202.8 210.8 215.4 219.9 222.4 228.5 233.6 236.2 238.7 241.7 247.4 251.8 256 261.2 266.4 271.6 276.8 283.3 289.4 294.7 299.9 303.8 308.3 311.9 313.1 313.8 314.6 313.9 314 314 314.5 313.4 312.4 311.3 311 310.4 309.6 309.5 309.4 309.4 309.5 312.8 317.5 318.2 316.3 312.8 309.8 305.5 301.3 298.3
320.5 318 314.6 309.8 305.2 297 289.5 282 274.6 267.3 262.4 258.7 250.6 243.6 237.5 229.4 222.3 219.5 213.5 208.8 207.3 203.5 199.2 196 195.1 197.6 197.4 197.1 200.2 209.4 213.4 217.2 221.3 226.2 233.3 235.4 237.4 240.1 245.1 248.9 253 258.2 263.4 268.8 275.4 281.9 287.6 292.7 297.6 300.2 304.7 307.6 309.7 310.6 312.2 312.6 312.7 313.1 314 313.8 312.7 312.8 313.9 311.5 311.5 311.6 311.7 311.5 312.3 317.3 323.1 322.9 319.3 314.4 310.7 306.6 302.4 298.8
320.7 319.9 316.9 312.3 307 298.8 290 282.9 275.6 268.2 262.3 258.6 252.1 244.8 239.2 230.1 223.9 219.6 214.2 208.1 204.7 201.8 199.1 196 193.3 194.1 194.9 196.7 198.5 205.1 209.6 215.2 223.5 228.1 231.6 233.8 236 238.4 242.2 246.1 250 255.2 261.1 267.7 274 280.3 286.3 290.5 294.9 297.2 300.4 303.3 306.2 307.7 309.2 310.7 311.8 312.6 313.4 314.1 314.1 314.3 314.4 313.3 313.4 313.1 312.8 312.5 312.7 318.1 322.5 324.4 320.2 315.8 311.6 307.5 303.4 299.2
320.6 319.9 318.1 314.7 308.5 298.3 290.3 283.4 276.5 269.1 262.1 258.1 251.6 245.4 237.7 230.2 225.7 221.2 215.1 208.2 205.1 202 199.1 196.6 193.5 193.2 194.9 196.6 199.1 200.9 206.5 216 221.2 225.6 230.5 232.2 234.6 237.2 240.3 243.7 247.1 253.2 259.5 265.9 271.9 278.8 286.1 290.5 296.3 299.2 301.5 304.3 308.1 310.5 312 312.6 312.2 312.3 313.1 313.9 314.5 314.6 314.7 314.1 313.7 313.3 312.9 312.5 312.5 316.7 319.4 320.2 319.6 316.7 312.5 308.4 304.3 299.5
320.6 319.7 317.4 314.6 307.3 297.8 290.7 283.8 276.9 270 262.7 257.5 251.5 246.6 238.7 231.8 227.3 222.9 216.8 210.9 207 202.4 199.6 197.7 193.6 193.2 195.9 198.7 198.9 199 203.9 212.3 218.1 222.3 228.6 230.9 233.5 236.2 239 242.4 246.6 251.5 257.7 263.9 270 276.8 285.2 291.6 297.8 302.8 305 307.3 310.3 313.2 313.6 313.8 313.3 313 312.9 313.7 314.6 314.7 313.9 313.1 312.5 312.3 312 311.6 311.2 314.6 318.2 319 319.3 316.2 311.9 307.7 304 299.2
320.3 319 316.8 314.3 305.4 297.8 293 285.6 278.2 270.7 263.5 257.4 252.4 247.5 241 234.7 228.9 223.9 217 211 206.7 202 199 196.3 192.5 195.3 198.1 199 198.8 198.6 201.8 208.6 217.4 221.4 227.3 229.9 232.5 235.1 237.7 241.2 246.2 251.1 255.9 261.2 267.6 276.5 286.2 293.3 299.4 305.5 308.7 312.7 315.3 315.6 315.3 314.8 314.3 313.9 313.5 313 313 313.4 313.1 312.3 311.5 310.8 310.6 310.4 310.1 312.5 316.4 316.8 316.1 313.8 309.7 306.2 302.9 298.9
319.7 318.3 316.4 313.8 303.9 298.2 294.2 289 281.6 274.2 266.7 260.4 254.9 249.4 242.2 235.6 229.6 223.9 217.1 211 205.6 201.5 197.8 194.8 192.1 195.3 198.1 199.1 199 198.2 199.5 209 211.2 217.5 224.7 228.5 231.2 233.9 236.4 240.6 245.3 250 254.8 260.2 268.1 278.7 288.4 296.5 303.2 309 314.2 318.4 319.3 318.2 317.2 315.7 313.2 312.1 311.5 310 309.9 310.2 310.9 310.6 310.4 309.8 309.2 308.9 308.4 308.6 309.1 310.8 311.6 309.3 306.8 303.2 299.5 298.2
319 318.9 318.5 313.7 303.8 298.6 294.6 290.6 285 277.6 270.4 263.9 258.4 251.8 244.4 236.6 230.5 223.7 217.2 211.2 205.3 200.1 196.8 192.6 190.6 192.7 195 197.4 198.7 197.4 199.1 205.2 209.7 214.8 221.7 225.7 228 230.4 232.8 238.4 244.1 248.8 253.9 259.6 267.5 279.5 290.6 299.6 306.9 313.8 319.2 320.2 318.7 318.2 318.5 316.1 312.7 310.2 308.7 307.2 306.6 306.5 308.6 308.4 308.1 307.9 307.6 307.8 307.9 308 308.6 307.7 306 304.8 302.2 299.6 296.4 294.1
317.1 317.1 315.5 311.5 304.6 300.3 295.5 290.9 286.9 281 274.2 267.7 261.4 254.3 247.3 240.1 232.1 224.5 217.3 211.9 206.6 200.9 196.5 192.8 189.9 189.7 191.8 193.6 194.9 195.9 197.9 201.3 207.8 212.2 217.6 223.4 225 226.8 229.9 235.8 241.7 247.6 253.2 259 266.8 278.9 290.3 300.2 309.6 317 320.5 319.1 317.6 318 317.2 313.5 309.7 306.9 305.6 304.3 303.2 302.8 304.9 306.2 305.9 305.7 306.3 307.2 307.5 307.6 308 305.5 303 301.3 298.5 295.5 292.6 290.1
314.9 314.9 314.4 312.1 306.5 301.8 298.6 294 289.1 283.8 277 270.3 264.2 257.2 250.1 243.1 235.2 229 223 212.7 209.1 204.3 198.6 193.4 190.2 187.8 188.7 189.5 191 193.8 195.8 198 203.6 209.2 214.6 220 222.7 223.8 227.3 233.2 239.1 245 251.6 258.3 266.2 277.6 288.6 298.1 307.2 313.9 316.6 315.8 313.3 311 310.9 306.7 304.5 301.3 299.4 298.1 298 298.2 301 303.3 303.7 304.5 305.5 306.5 307.4 307.3 307.8 305.8 302.3 299.2 296.3 293.6 290.9 287.4
312.6 312.6 312.6 311.1 308.5 303.2 300.1 296.9 291.4 285.2 278.4 271.6 265.1 259.9 253 246 238.9 232.1 223.7 217 211.1 207.9 201.1 194.3 190.7 187.7 187.3 188 189.1 191.7 194 196.7 200.4 206.3 211.4 216.2 218.8 221.7 225.3 230.7 236.7 242.4 248.3 255.7 264.1 275.6 286.9 294.6 302.1 307.5 309.9 309.1 306.5 304.1 302.1 299.9 298.6 295.8 292.8 292.5 292.4 292.7 295.7 298.6 300.8 301.8 302.8 303.8 307.2 308.2 308.4 305.9 302.5 297.8 294.8 292.2 289.5 285.6
310.2 310.2 310.2 310.1 307.6 304.6 301.3 297.7 292.9 286.5 279.7 272.9 266.9 262 255.9 249 242.7 235.4 226.2 220.1 214.1 209 203.5 196.1 191.5 188.3 186.4 187.2 188.7 189.9 192.7 195.4 199.5 202.5 207.2 212.5 216.4 220 223.6 228.2 234.2 239.8 245 252.4 259.5 270.6 282.6 288.6 293.8 300 302.7 300.7 299.6 297.2 295.2 293.3 291.9 290.2 286.9 285.7 285.6 288.3 291.3 294.1 296.3 297.8 301.2 304.6 307.6 308.5 308.9 308.4 301.2 297.3 294.1 290.9 288.1 283.8
307.9 307.8 307.7 308.4 306.1 304.4 302.3 298.3 294 287.9 281.7 275.6 270.3 264.8 259.3 253.3 247.2 238 227.8 220.2 212.9 209 201.9 196.4 191.8 188.8 185.8 186.4 187.4 188.4 189.4 193.6 197.8 199 204.5 209.9 214.3 218.4 222 225.6 231.7 237.2 241.9 249 256.1 262.3 268.9 275.9 283 290.3 294.3 292.6 291.9 291.3 289.8 287.7 285.5 283.3 281.2 279.9 281.2 284.4 287.5 290.6 294.7 298.6 302 305.4 307.8 308.9 308.5 307.6 300.1 296.8 293.7 290.5 287.3 282.9
305.3 305.5 306.2 306.9 305.2 303.9 302.3 299.2 295 290.2 284.3 279 273.7 269.3 263.8 257.3 250.7 240.3 230 220.1 212.7 208.3 200.9 195.9 192 189 186.1 186.8 187.6 188.5 188.6 190.1 194 196.9 202.1 208.2 211.9 216 220.2 224 229.1 234.6 239.3 245.3 250.6 255.8 262.3 269.4 277.9 285.2 288.2 286.6 286.8 286.2 284.2 282.1 279.8 277.6 275.8 275.4 276.7 280.3 284.3 289.3 293.4 297.6 301.7 305.9 308.2 309.1 308.5 307.9 301.8 296.9 293.8 290.3 286.9 282.9
301.9 303.2 304 304.8 304.2 302.6 301.1 299.5 296.4 291.4 287.9 283.1 279 275 268.8 261.4 253.3 242.6 232.2 221.4 212.3 205.5 200 195.2 192.2 189.3 186.6 187.5 188.3 188.3 187.6 186.8 189.9 194.7 199.9 204.9 209.1 213.7 217.8 222 226.3 231.5 235.8 240.1 244.7 250 255.7 263.6 273.4 279.5 281.7 280.7 281.3 280.9 278.4 276.4 274.2 272.5 271.3 270.8 273.9 277.4 281.9 287.1 292 296.2 300.3 304.5 308.5 308.4 309.1 308.5 303.2 297 293.4 289.9 286.4 282.3
298.9 300.6 301.4 302 302.5 301.4 299.9 298.3 296.7 294.1 291 289.2 286.5 281.8 273.6 265.6 255.2 244.9 233.7 222.3 212.7 205.8 199.4 195.5 192.5 189.6 187.3 188.1 188 187.3 186.6 185.8 187.3 193 198.7 202.9 207.1 211.2 215.3 219.7 223 227.2 231.7 235.9 240.3 244.8 249.4 257.8 266.1 271.1 272.6 273.8 274.9 274.9 272.7 270.8 269.1 267.9 266.9 269.2 271.9 275.4 279.1 284.2 289.3 294.4 298.9 303.1 307.8 307.4 308.4 309.1 304.8 300.1 294.6 289.5 285.8 282.2
295.9 298 298.6 299.2 299.7 300.2 298.7 297 295.2 293.7 292.5 290.2 290.2 285.3 275 264.2 253.8 243.3 233 223.1 213.2 206.4 200 196.2 192.9 189.9 187.9 187.8 187 186.4 185.7 185.1 185.4 190.1 195.8 201.4 205.6 210.5 214.5 217.7 221.7 223.7 227.5 231.7 236.1 240.5 245.2 247.8 254.1 259.4 262.5 265.2 266.5 267 265.7 266.2 264.8 263.5 265 267.7 270.4 273.2 276.4 281.4 286.5 291.6 296.7 301.7 305 308.1 309.1 309 308.1 301.7 295.1 289.1 285.9 283.5
291.7 294.1 295 295.6 296.1 296.6 297.3 295.5 293.8 292.7 292 290.2 290.8 282.6 273.3 262.7 251.6 241.9 231.5 222.3 214.6 207.5 200.7 196.9 193.6 190.3 187.7 187.1 186.5 185.9 185.2 184.6 185.3 186.7 193 198.6 202.2 205.4 210.1 214.5 220.6 223.4 225.1 228.1 231.8 236.5 241 243.3 245.6 248.8 253.3 257.1 258.8 259.4 260.6 261.9 261.7 260.9 263.7 266.5 268.2 270.7 274.1 279.3 285 290.7 296.3 302 305.4 308.2 308.3 308.2 305.4 299.2 292.4 288.3 285 282.6
286.6 288.1 289.7 290.4 290.9 291.4 292.6 294 292.4 291.6 290.9 290.1 286.1 277.8 269.5 258.9 249.1 240.2 230.4 221.2 213.7 207.1 202.4 197.3 193.6 190.2 187.9 186.6 186 185.4 184.7 184.1 185.1 186.2 190.3 195.5 197.7 200.5 205 209.6 215.2 220.6 224.2 226.2 228.6 232.5 236.6 238.8 241.5 242.6 246.7 249.3 251.4 253.1 254.9 256.7 258.7 259.8 261.5 263.9 266 268.2 271.2 278 284.8 291.2 297.4 302.6 306 307.6 307.6 305.6 302 297.3 291.6 287.6 285.1 283
