STL Generation/terr50_gagg_gb/data/NC44.asc
ncols 200
nrows 200
xllcorner 240000
yllcorner 940000
cellsize 50
[rows 35 to 69 of 200, columns 0 to 78 of 200]
348.5 342.3 343.7 342.9 341.8 339.6 342.2 343.3 344 344.4 345.1 344.4 343.8 340.8 331.7 319.8 312.2 307.3 302.3 299.7 300.7 307.5 314.1 320.3 327.3 334.3 340.7 348.7 353.5 358.2 361.8 364.8 364.8 361.9 355.2 345 338.3 331.3 329 331.7 338 345.2 353.7 363.4 371.2 372.4 373.3 371.4 368.1 365.6 364.7 367.6 367.5 369.8 378.2 367.3 362.9 351 328.7 320.6 306.7 287.2 274 257.9 250.3 241.4 236.8 223.9 213.5 205.5 197.4 191.3 187.7 185.5 183.9 184.4 188.6 190 190.2
349.3 343.5 338.7 338.4 338.4 339 340.9 340.9 341.9 341.9 342 340.2 339.1 335.4 328.5 318 311.4 305.9 300.5 294.7 300.3 306 312.3 319 327.2 335.2 342 348.3 352 354.8 357 357.6 355 352.9 347 340.6 331.8 328.9 328.5 331.3 338.1 344.3 351.9 361.6 370.3 371.1 369.4 371.1 363.7 358.2 356.3 358.5 357.3 355.4 356.1 351.6 347.3 334 317 311.9 294.3 271.4 261.2 255 245.6 234.5 223.8 215.2 204.8 200.5 192.1 189.1 187.5 187.2 188.9 189.8 190.1 189.9 200.8
347.6 343.7 338.9 338.9 338.2 338.5 340.5 339.6 339.7 340 339.1 336.4 333.9 329.6 322.8 315.9 309.5 303.5 296.7 290.1 300.5 305.1 310.8 317.9 326.8 338.3 343.4 346 349.1 350.3 349.6 348.5 346.6 343 338.9 334.7 328.4 324.7 327.3 331 335.9 341 347.1 356.7 369.6 371.1 364 363.9 361 354.2 350.3 351.7 343.9 345.4 343.1 341.9 333.1 319.7 309.9 297.9 277.2 252.3 243.4 238.5 227.9 218.8 211.3 208.6 199.9 195.2 190.7 190.5 188.2 189.1 192.1 192.6 191.9 194.4 206.6
344.7 340.4 339.3 339.2 337.9 338.3 338.6 337.9 336.6 336.4 335.5 331.4 328.4 322.6 315.6 309.9 306.1 300.1 294 290.2 298.2 303.9 308.5 316.3 326.1 340.6 342 343.4 344.2 342.5 339.5 338.2 337.5 336.4 333.5 329.1 324.3 320.7 323.1 327.6 331.3 334.7 340.8 349.1 363 369.8 360.5 359.2 356.5 350.2 343.6 339.7 333.2 335.3 333.9 331.2 323.4 311.9 297.2 277.6 260.8 265.5 255.6 244.5 236.4 229.5 222.1 212.4 202 194.4 190.9 189.6 189.6 194.3 199.3 199.3 199.2 204.3 217.5
346.1 339.7 338.9 340.8 335.2 331.5 333.4 333.5 332.1 330.9 329.8 326.1 321.6 314.7 308.4 304.4 300.9 296 290 289.4 296.3 301.5 305.5 313.7 325.6 335.1 338.6 338.5 338.2 334.2 329.6 327.2 328.6 330.5 330.7 324.6 318.9 318.9 320.6 323.3 326.6 327.2 329.9 339.1 353 361 359.9 354 352.1 347.1 338.5 331.4 327.8 325 323.5 319.7 314.6 304.5 291.2 275 279.2 271.6 259.1 246.6 238 229.5 219.9 209.4 200.3 196.5 193.2 192.6 196.1 200.6 203.4 206.5 214.4 220.6 231.7
349.3 342.4 338.9 338.9 334.1 329.8 329.9 330.8 328.5 327.1 326 322.9 317.6 309.8 304.9 300.7 296.8 292.5 289 289.8 293.8 299.5 303.3 312.4 323.9 331.8 334.1 333.7 331.7 327 322 321.3 323.5 324.9 328.1 322.2 318.7 318.8 318.4 319.8 321.2 320.4 321.2 330.8 347 355.4 353.5 349.3 351 345 335.4 328.9 325.6 320.8 319.6 320.5 322.2 313.7 298.1 293.3 284.6 272.6 260.2 250 238.9 229.8 218.8 207.8 201.6 199.3 199.3 198.3 201.9 205.4 211.5 223.5 234.2 241.9 257.3
348.7 343.1 339.2 334.4 330.1 327 327.8 329.5 325.9 323.1 321.9 319 314.1 306.6 301.8 296.6 293.8 290.3 280.3 290.5 293.1 296.2 300.2 309.4 318.1 330.7 329.6 326.9 324.2 319.2 315.8 315.9 318.5 318.8 319.7 320.9 318.5 317.3 315.4 315.3 315.1 312.6 311.3 319.7 339 349.6 350.8 344.8 340.6 333.7 329 328 327.6 327.5 331.3 337.1 333.2 327.8 317.7 306.5 288 271.5 259.4 253.1 241.5 231.9 226 219.2 210.9 208.3 207 205.6 208.5 218.2 228.3 245.4 259.7 268.5 292.6
345.1 341.5 337.1 331.9 326.8 322.3 319.8 319.9 320 318.5 317 314.6 310.3 303.4 297.4 292 289.4 285.3 280.1 290.3 292.8 294.6 299 305.7 313.6 320.6 320.3 319.9 318.1 315.1 312.3 311.2 312.8 315 316.8 316.7 315.1 314.3 312.7 311.6 310.6 309.7 309.7 309.7 324.4 337.3 340.5 340.1 337.7 332.4 329.2 328.5 331 339.9 345.5 350.9 348.9 348.2 333.9 315.9 292.9 273.5 263.9 254.9 249.3 244.1 237.9 231.5 226.6 218.1 212.6 212.4 218.5 236.5 255.6 278.9 283.3 295.3 339.8
342.6 338.4 332.8 328.1 321.6 318 314.7 313.7 314.6 313.7 312.3 309.1 305.4 299.6 294 288.8 284.2 280.6 280.5 290.3 292.9 294.2 297 303.2 309.2 314 314.7 314.1 312.1 310.5 306.6 304.5 307.8 311.4 313.8 313.3 312.6 311.9 310.6 310.7 309.7 309.7 309.7 309.9 319.5 331.2 335.5 337.5 337.8 336 335.1 337.3 346.8 356.9 360.8 366.5 378.5 394.3 371.1 346.6 308.8 291.4 276.8 265.4 260.8 255.5 248.5 240.1 234.5 225.5 218.9 223.8 244.3 271.4 278.7 296.2 309.3 330.8 368.8
343.8 332.1 325.9 320.5 316.9 314.5 311.4 311 309.3 307.9 306.2 303.2 299.4 294.6 289.6 284.9 279.7 279 280.4 286.9 291.7 293.2 295.2 298.6 303.5 307.1 309.2 308.6 306.5 304.8 301.5 300 305.6 310.5 311.2 310.4 311 310.8 311.1 310.1 309.7 309.7 309.7 314 320.6 328.1 334 337.8 340.2 342 346.9 350.4 358.9 367 375.2 393.1 422.9 438.4 431 391.2 340.6 312.9 294.3 281.7 271.3 265.8 255.4 247.7 239.1 228.5 237.9 259.1 273.6 283.8 294.4 309.8 324.8 351.8 368.8
341 328.7 322.7 317.4 312.9 310.6 309.7 306 304 302 298.5 296 292.1 289.1 284.9 278.7 271.1 277.4 282.3 285.5 290.3 292.4 293.2 293.7 295.6 299.6 306 304.8 300.9 299.7 299 300 305.4 309.2 310.6 310.8 313.2 319.5 313.2 309.7 309.7 309.7 309.7 316.7 321.6 330.1 336.1 341.3 344 350.7 356.8 362.9 370.8 380.9 397.2 414.7 438 440.1 435.8 416 359.9 327.4 303.6 288.3 279.7 271.5 261.7 253.5 244.5 230.6 254.4 270.4 283 292.7 306.1 318.6 334.1 364.4 369.1
332.1 329 323.9 314.3 309.1 307.1 306.4 302.8 300 298 292.7 288.1 284.8 282.5 279.6 274 269 274.3 279.5 283.5 287.1 289.6 291.3 289.6 288.9 292.8 301.4 301.4 299.7 296.3 297.2 300.2 306.1 310.8 311 311.1 309.9 315.9 310.8 309.7 311.7 314.4 319 324.5 326.3 333.4 340.5 345.5 353.7 362.8 370.5 375.6 384.6 400.3 415.7 426.5 435.5 431.7 430.2 417.5 380 341.4 323.1 305.6 289.3 277.4 268.8 260 250.2 244.8 261.7 274.9 290.2 307.1 319.6 328.4 348.2 371 370.2
325.5 325.9 323.2 310.9 306.2 304.3 304.4 302.1 297.5 291.7 290.4 284.6 281.6 278.3 275.6 272.4 269 271.7 277.5 281.6 284.5 286.5 287.5 285.8 284.9 288 294.9 298.4 294.8 292.4 296.2 299.2 303.4 308.7 311.1 310 309.3 309.8 310.8 314.1 319.5 324 329.2 332.9 334.2 339.6 346.6 353.3 363.8 372.1 378.9 391.3 410.8 419.6 426.1 430.3 430.7 424.9 421.1 420 396.9 366.3 332.4 315.2 295.9 279.5 272.5 263.8 251.6 258.7 270.4 283.3 299.5 314.4 329.6 339.5 361 371.6 369.3
321 317.4 315.1 308.3 304.2 301.6 302 300.2 295.2 290.9 284.1 280.2 277 273.4 272.3 270.5 268.4 270.8 275.5 280.3 283.1 284.5 283 281.1 281 286.4 292.6 290.9 290.2 291.5 299.4 299.5 301.3 304.2 307.8 308.8 308.4 310.3 314.6 319.7 327.1 332.2 339 342 341.6 346.7 353.3 360.9 369.6 380 390.3 407.6 423.5 429.3 430.1 423.2 419.3 416 415.2 413 412.4 397.2 347 323.7 306.8 293.7 279.4 264.9 252.9 270.2 277 289.8 305.3 321.3 341.6 365.5 377.5 371.8 367.8
314.1 310.6 309.2 305.7 303.6 300.3 299.2 296.7 293 290.1 284.6 280.3 272.1 270.6 269.4 265.4 259.6 269.5 274.2 278.4 281.1 281.7 280.4 280.6 279 282.1 291.1 291.1 290.6 295.3 301 300.8 300.1 300.3 302.9 306.2 308.7 314.6 320.4 331.2 334.5 339.9 349.2 349.1 347.7 351.8 357.4 366.4 377.5 388.7 402.3 418.9 430.3 429.4 423.5 415.3 410.6 407.6 402.1 409.6 415.1 417.9 374.5 332.4 312.4 292.4 275.9 264.4 264.2 279.2 284.9 299.8 308.5 333.8 362.1 388.2 399.4 383.5 369.1
310 305.6 302.4 301.2 300.2 297.5 293.7 291.7 289.5 286.1 281.9 277.9 273.6 269.1 266.1 261.9 259.5 269 272.4 275.9 278.8 281 281 281 279.2 283.3 289.5 289.8 291.4 298.2 304.4 305.6 300.7 300.9 302.7 306.3 312.4 321.2 328.7 339.8 341.8 346.9 350.6 349.5 351.7 355.7 361.5 372.6 386 398 412.4 422.3 426.4 421.2 411.5 405 401.8 396.1 391.4 396.2 399.2 409.1 392.3 342 314 295.4 275.2 268 272.6 283.8 290.6 305.1 323 350.3 382.8 400.9 401.3 388.9 383
308.1 301.6 300.1 297.9 296.4 293.6 289.9 287.1 284.3 281.4 278.7 274.8 271.7 268.2 260.5 257.9 259.8 265.6 270.9 271.7 272.2 274.8 277.5 279.4 279.3 283 288.2 290.5 295.2 305.3 311.3 310.5 306.9 305.2 307.5 311.5 318.8 328 341.8 348 349.5 352.8 353.8 355 358.7 360.9 366.9 379 390.5 404 414.7 420.2 416.6 406.9 399.2 391.4 388 382.5 380.8 381.8 384.3 391.5 390.7 351.9 318.4 302.5 276.5 268.5 273.6 284.4 295.9 314.6 340.4 369.6 397.2 403.2 400.6 390 387.2
303.6 299.7 297.6 295.7 294.1 291.4 286.5 281 280.1 277.4 274.7 271.8 269.9 266.8 261.8 259.3 258.9 261.6 265 269.9 269.1 274.1 280 283.3 279.6 285.3 290 295 301.5 311.7 316.9 314.3 310 309 312.6 316.7 326 336.2 350.8 357.1 359.5 359.8 361 362.2 366 365.9 368.8 382.6 397.5 409.2 413.6 413.2 406.1 396.1 387.2 381.8 376.1 369 367.1 362.9 367.6 368.3 371.6 365.5 319 302.5 278.1 273.1 278.9 293 305.4 326.4 366.1 388.5 398.3 406.5 399.4 390.5 399.9
296.6 297.2 295.4 293.9 292.4 289.9 282.5 279 276.7 274.2 271.7 269.1 267.2 265.2 261.8 259.6 258.7 259.4 260.4 270 273.2 279.7 285.9 290.1 284 289.2 293.6 297.4 310.2 316.5 320.9 316.9 309.6 311.5 316.9 323.2 331.4 345.2 361 361.3 359.6 369.3 369.4 369.1 370.9 370.8 369.3 384 401.5 412.2 413.6 410.3 398.3 387.1 378.6 371.4 363.8 355 353.4 349.8 353.1 353 354.4 355.9 325.8 301.5 278.5 280.6 290.5 301.3 321.1 355.5 376 392.3 400.2 410.7 401 405 413.7
291.8 295.9 293.3 292.1 290.8 285.9 280.1 276.9 274.8 271.5 269.5 266.8 264.8 263.5 261 256.6 254.1 258.2 263.3 269.3 274 277.6 280.7 286.4 288.8 291.9 296.6 304.8 316.4 319.2 319.2 318 312.5 313.9 319.9 328.3 337.4 349.9 361.3 362.6 364.8 369.2 369.2 370 373.1 376.8 375.9 386.9 401.9 410.7 409.2 400.2 388.5 379 370.8 362.1 350.6 342 342.2 340 337.5 338.2 339 341 324.3 293.4 280.8 284.9 301.8 317.2 350.5 379 378.9 388.1 401 401.5 408.3 420.5 426.2
296.2 299.4 290.7 289.3 287.1 282.7 278.5 275.6 272.7 269.6 267.5 264.6 262.6 260.9 258.6 252.8 248.9 254.5 262.7 267.3 271.5 275.2 278.7 283.4 288.2 292.8 298.9 310.5 317.9 318.9 318.9 318.5 315.9 317.2 322.4 332.3 343.4 356.4 362.1 366.4 369.3 368.7 368.3 373.8 378.4 385.8 383.3 390.4 400.2 401.9 398.5 390.9 380.3 370 358.7 351.2 339.5 331.6 333.2 331 327.6 326.2 324.8 323 319 296.5 285.1 289.4 309.5 331.4 359.9 370.9 377.1 391 400.6 398.1 413.5 430.5 431.9
295.5 299.4 287.9 283.5 281.2 279.3 276.4 273.5 270.8 268.8 265.4 262.4 260 257.6 253 249.2 250.5 256.3 261.5 265.1 269 273.1 278.5 283.2 287.5 294 301.9 313.4 318.8 318.9 318.5 318.3 318.5 321.4 328.7 337.2 350.4 365 366.8 368.2 370.1 369.1 369.6 378.7 388.1 391.1 388.9 390.7 395.9 393.6 390.1 380.9 369.9 359.1 348.9 337.3 327.7 322.5 321.4 321.2 318.8 317.4 315.3 311.2 308.7 296.4 288.6 297.4 324.1 340.9 362.7 368.4 382.5 398.6 399.9 401.9 425.5 440.5 431.3
291 290.4 283.2 279.5 278 276.7 273.9 271.5 269.5 266.6 263.5 260.4 257.8 254.4 252.3 249 249.4 254.8 260.4 263.6 267.8 271.5 277.6 285.4 289.9 296 305.4 317.9 320.1 319.2 319.2 320.2 321.4 325.3 333.2 343.2 354.9 367.1 371 370.9 371.8 370.9 373.6 384.2 400.4 398.1 389.7 391.1 390.6 383.9 376.4 370.2 359.6 348.7 338.5 327.9 320 316.3 311.1 311.7 309.7 307.7 305 302 296.9 288.6 290.9 315.2 329.9 346.8 360 373 387.7 400.1 398.7 413.4 431.8 435.4 425.6
290.5 287.1 279.7 277.5 274.9 273.3 271.9 269.7 267.1 264.3 261.3 258.3 254.7 251.2 250.8 248.9 249.5 253.6 258.4 262.8 267.1 272 279.8 288.3 293.9 298.6 307.1 315.7 319.2 320.5 320.6 322.8 325.7 330.3 338.1 347.2 361 366.7 370.1 374.5 375.2 375.8 380.8 396 409.8 397.6 389.2 385 381.7 371.9 362.6 357 348.1 338.7 329.1 318.9 312 309.5 305.4 303 301.2 295.8 293.4 291.6 288 287.2 297 311.6 326.9 344.9 360.3 375.2 390.3 398.5 399.4 416.4 430.9 427.4 420.1
289.5 283.9 280 278.5 275 271.9 269 268.9 264.6 262.1 259.1 256.3 252.9 250.8 249.6 249.2 250.6 255.2 260 263.2 267.9 273.9 280.3 288.3 294.3 299.4 306.9 313.9 319 322.1 323.6 326.3 329.7 334.5 344 353.9 363.9 369 372.8 377.4 379.7 379.1 388.6 404.3 415.3 398.7 386.8 379.1 373.1 362.9 353.2 344.4 335.7 329.5 319.8 312.3 306.1 303 300.1 292.6 290.9 286.4 286.8 287.1 287.9 288.4 302.8 318.9 332.1 345.9 362.4 378 398.8 398.6 399.2 413.4 426.5 421.5 418.9
282.1 281.1 280.7 277.3 274.6 271.4 270.9 268.3 262.8 259.1 257 254.2 251.5 248.8 248.9 249.6 252.3 256.3 259.8 265 269.5 274.8 280.4 288.5 295 299.2 306.2 312.6 316.9 321.9 326.6 330 333 338 349.5 360.2 367.3 372.6 376.1 378.9 381.7 385.7 395.8 410.6 419.9 406.4 386.3 374.1 364.6 354.4 344.2 334.7 324.8 320.1 312.4 306.5 300.9 295.7 292 285.5 282.1 281.7 282.6 284.2 288.1 291.6 307.3 321.2 335.4 346.7 369.6 388.2 399.4 399 404.8 416.6 421.6 419 416.7
278 279.3 278.6 276.4 273.7 270.7 269.5 266.4 261 256.7 254.6 251.9 246.5 240 248.2 250.5 253.9 257.2 261.2 266.4 271.4 276.9 282.6 290 299.2 300 306.1 312.6 317.6 322.5 327.1 332.3 335.5 341 355.9 367 371.9 374.7 377.2 378.6 382.1 389.2 399.8 412.7 419.9 412.1 390.9 372.3 358.6 348.9 336.8 326.5 317 311.3 305.3 301.2 296.1 290 284.3 279.7 280.3 280 281.1 284.8 289.7 296.3 310.4 323.5 336.8 359.5 375.8 392.3 400.4 400.3 411 420.3 420 416.7 410.7
274.5 275.6 275 273.5 271.5 269.3 268.5 264 259 254.8 251.8 247.9 238.9 241.7 248.8 251.4 253.4 258.1 262.1 266.1 271.1 277.3 283.1 290.4 301.4 303.2 306.7 312.5 318.2 323 328 335 340.1 348.7 362.4 371.1 375.9 377.3 378 379.1 380 389.9 401.2 411.5 415.2 411.9 390.1 370 356.1 341.6 329.7 320 310 302.9 297 293.6 290.5 285 278 279.4 280.8 280.2 284.4 288.5 295.2 306 317.4 328.3 347 366.4 378.4 390 398.3 406.6 419.1 420.9 419.8 414.1 409.1
271.7 271.6 271 269.9 268.3 266.4 264.3 261.9 257.3 253.2 248.3 243.1 238.9 241.1 250.9 250.6 252.8 258.9 262.2 266.2 270.7 275.6 282.1 286.8 300.6 305.1 307.5 311.7 318.9 324 329.9 337.2 344.9 355.7 368.5 376.1 377.8 379.6 381.1 379 378.4 389.7 400.9 411 414.3 407.1 388.6 367.2 352.1 336.1 324.4 312.6 301.5 294.9 289.2 286.3 283.2 278.3 271.1 274.2 280.1 280.7 287.7 289.9 298.6 307.4 318.6 333.9 352 365.6 377.5 387.7 390.1 417 419.7 420.9 418.9 416.2 408.9
267.8 268.3 266.6 265.2 264.6 262.7 260.7 258.4 255.6 251.6 247.3 240.9 238.9 242.2 250.1 249.6 252.2 259.6 261.8 265.9 268.8 273.1 280.7 282.7 296.5 304 306.4 310.8 319.3 324.9 331.6 339.7 348.2 361.9 374.6 379.1 379.7 380.4 379.1 379.1 378.4 387.3 398.2 408.2 409.5 399.5 381.3 363.9 345.7 328.4 315.7 302.7 293.7 287.6 283.4 279.7 275.8 270.5 269.2 278.7 279.8 288.8 298.6 301 299.4 307.1 319.4 337.6 353.6 368.2 377.1 382.9 399 419.6 421.1 421 420.9 423.4 408.3
263.2 263.1 260.6 261.4 260.4 259.6 257.7 256.1 253.9 250 245.5 239.7 238.9 243.2 245.8 248.9 254.8 260.5 262.5 266.1 268.8 270.9 278.9 286.3 299.2 304.4 305.8 310.8 319.7 326.4 332.7 340.7 351.3 364.5 378.2 381.4 380.4 380.9 379.8 379.1 378 383.1 391.7 398.4 400.1 392.1 373 358.6 339.7 319.6 307.2 295.2 286.8 282.9 278.7 270.5 269.1 269.1 273.8 287.3 292.1 291.4 295.1 302.2 308.5 313.2 326.7 342.7 355.8 368.9 375 385.2 407.9 418.7 424 427.3 430.3 426.5 412.7
259.3 261 258.5 257.7 257.3 256.1 253.8 253.2 251.8 248.8 243.4 239.5 239.3 240.8 244.1 249.1 255.7 261.7 263.7 267.6 271.1 275.7 282.9 289.8 298.4 309.6 308.5 311.3 318.8 325.7 332.6 341.2 354.1 365.2 379.4 381.7 380.4 379.4 380.5 377.4 375 377.8 384.2 387 387.6 379.5 366 351.1 332.5 313.2 300.9 288.2 281.6 277.1 270.4 264.9 263.7 268.8 276.2 290.2 296.7 299.4 300.4 302.5 312 319.1 332.7 348.9 362.4 372.5 380.1 389.8 410.9 420.9 426.2 430.7 430.9 425.5 419.2
259.1 260.4 256.5 254.7 254 252.4 250.6 250.6 249 246.2 241.8 238.8 238.9 241.7 245.9 251.2 258.4 262.5 264.9 268.4 272.6 278 285.8 293.2 299.4 310.6 309.2 311.2 317.9 323.6 328.9 340.4 352.8 364.6 374 383.5 381.9 380.3 377.6 372.9 370.2 371.1 377.6 376.4 375.5 368.6 357.6 344.6 324.6 306.4 293.7 282.5 275.3 270 264.4 259.3 263.4 270.4 276.7 290.1 298.1 304.7 310.2 312.7 317.8 327.2 339.2 354.8 367.6 377.6 385.3 399.7 417.3 424.2 429.4 433.7 429.8 429 425.1
256.1 255.5 254.3 251.7 251.7 250.4 247.1 247 246.7 243.4 239.8 233.3 239.7 242.9 248.1 254.8 260 262 265.9 269.6 272.9 278.6 288.1 294.6 299.9 306.4 309.1 312.1 315.4 318.8 324.7 335.9 351.6 362.6 369.5 379.3 380.2 376.9 373.9 370.9 367.4 367.7 366.9 364.8 363.4 357.2 349 336 315.2 297.7 284.4 273.7 266.6 261.3 259.2 258.9 262.2 269.4 278.7 288.3 296.8 307.7 317.4 322.3 328.6 338.8 349.3 362.9 377.4 385.8 393.7 415.2 426.1 431 438.9 436.2 430.6 430 430.2
251.5 249.9 248.9 247.7 248.1 246.6 242.5 239.8 242 242.1 237.9 229.6 240.1 243.1 248 252.9 258.4 262 266.1 269.6 273.3 278.4 287.4 293.6 299.1 304.7 309.1 311.9 313.7 316.1 320.6 333.4 347.2 360 365.4 372.5 374.8 370.7 368.8 366.5 363.3 362.5 358.8 353.5 349 344 336.4 325.7 304.7 288.3 273.4 264 258.8 258.3 258.2 258.4 262.7 271.1 281.1 293.1 303.1 312.3 323.3 332.7 339.7 348.1 361.8 376.9 387.8 395.7 407.6 431 435.9 438.8 440.2 435.9 430 430.8 428.4
