STL Generation/terr50_gagg_gb/data/NC61.asc
ncols 200
nrows 200
xllcorner 260000
yllcorner 910000
cellsize 50
[rows 105 to 139 of 200, columns 0 to 78 of 200]
159.2 164.4 168.2 171.1 171.5 172.9 174.1 175.1 176.9 178.8 181.5 180.6 180.7 181 181.3 180.2 180.3 180.9 181.2 181.1 181.6 183.4 185.7 187.4 188.8 191 193.5 197.4 200.8 202 202.8 203.5 204.1 202.2 200.3 198.5 196.7 194.8 194.1 194.1 191.5 191.4 188.3 183.9 182.2 181.7 179.5 178.7 173.1 171.1 169.8 169.1 169.2 169.2 169.4 169.7 170 169.7 169.4 169.2 168.9 169 169.1 168.9 168.8 168.2 168.7 169 168.6 168.7 169.3 169.2 169.4 171.2 169 168.6 168.2 168.1 168.1
157.6 158.3 160.9 164.7 166.3 168.1 169.5 171.2 173.3 175.4 177.8 176.4 176.5 177.2 176.3 175.1 176.3 176.6 176.3 176.4 177.3 179.7 182.1 183.2 184.9 186.6 188.4 190.1 193.3 195.3 197.3 198.7 199.4 197.2 195 193.2 191.4 189.7 188 187.3 186.1 183.9 182.8 179.3 177.4 179.3 181 178.3 171 169.1 169.1 169.2 169.8 169.9 169.5 169.6 169.9 169.8 169.7 169.5 169 168.9 169 169.1 169 169.1 169.5 169.8 169.8 169.2 170.3 174.5 178.9 176.1 173.6 172.1 174.4 173.3 174.6
156.6 156.9 157.3 158.1 160.1 161.6 163 165.9 168.1 170 171.3 171.7 172.3 172.4 171.6 171.5 172.4 172.1 172 171.8 172.5 176.2 178.8 178.8 180.1 181.5 182.9 184.6 187 189.2 190.7 192.3 193.3 191.7 189.7 188.3 187 185.7 182.6 180.7 178.1 178.1 177 174.4 172.2 174.2 174.8 170 169.4 169.1 169.1 169.1 170.2 170.5 170.1 169.7 169.8 169.8 170 169.7 169.2 169.2 169.2 169.4 170.7 172 172 172.3 174.1 176.2 176.6 180.5 181.7 179.6 185.4 188.1 185.5 182.8 180
155.2 155.5 155.8 155.7 156.1 157.3 158.6 159.6 161.1 164.3 165.1 165.8 166.8 166.9 167.1 168.4 169.7 168.2 168.5 168.5 169 171.5 173.6 173.2 174.8 176 177.2 179.1 182.2 184.4 185.8 186.7 186.8 186.2 185 183.8 182.5 181 178 175.5 173.4 172 173 169.8 169.9 170.8 168.7 167.5 167.8 168.4 169.1 169.1 169.9 171.1 170.7 170.3 169.9 169.8 170.3 170 169.3 170.9 170.3 173.3 175.2 177.4 178.1 178.8 178.6 181.1 184.4 187.9 189.5 189.8 191.7 193.1 191 187.3 185
155.2 155.5 155.9 156 155.6 155.4 155.1 156.5 157.8 159 159.9 160.9 160.8 161.7 163.4 164.6 165.9 165.1 164.9 164.8 165.8 167 167.5 167.4 169.7 170.3 171.2 173 175.7 177.6 179.4 180.4 180.1 180.3 180.1 179.2 178 175.7 172.8 170.5 170.9 168.9 170.8 169 168.1 167.2 166.3 165.5 166.2 167 168 169 170.2 171.7 173.3 173.5 172.6 172.3 171.6 171.4 171.3 171.4 173.7 176 179.3 181 182.1 183.1 183.4 187 190 192.1 193.2 194 196.2 197.2 195.4 195.9 195.5
155.8 159 159.2 157 156.8 156.7 156.7 156.2 155.3 156.8 157.9 157.9 158.4 159.4 160 160.8 162 162 161.9 161.9 161.9 162.5 161.2 161.2 162 163.6 165.1 166.8 168.6 169.8 171.9 173.4 173.9 174.6 175 174.7 173.7 171.1 169.4 169 168.2 167.6 167.5 166.8 166.1 165.1 165 165.9 166.9 167.9 169 170 171 172.5 174 175.5 176.5 175.1 173.7 173.8 173.9 174.1 176.3 179.2 181.9 185 187.7 190 189.5 190.3 193.3 195.2 196.5 197.8 200.8 201.5 204.1 207.7 207.6
158 161.3 163.7 160.1 158.7 158.3 158.2 158.1 158.4 156.8 155.8 157.1 158.3 159.5 159.1 159 159.9 159.6 159.1 159.1 159.1 159 159.1 159.3 159 160 160 160 161.5 162.9 163.8 164.6 169.5 169 168.8 170.3 171 170.2 167.2 166.1 164.9 164.8 164.3 164.2 164.2 165.1 165.9 166.8 167.7 168.5 169.3 170.1 171 172.4 173.9 175.4 176.9 177.3 175.9 176 176.3 176.8 179.4 182.1 184.7 187.6 190.9 192.5 193.6 195.5 197 198.4 199.6 200.9 202 203.9 207 212.5 213.4
164.1 161.3 163.4 161.9 160.4 160 159.2 159.8 160.2 158 156.9 157.3 158.5 159.2 159 159 159.6 159.1 159 159 159 159 159.7 159.8 159 158.1 158.4 158.7 158.8 158.8 158.8 158.8 160.9 161.9 160.6 161 162.7 164 162.9 162.3 162.5 163.3 162.8 163.7 166.3 167.4 167.1 166.9 167.5 168.3 169.1 169.9 171 172.4 173.8 175.3 176.8 178.3 178 178.2 178.6 178.4 180.6 182.9 185.7 188.6 191 195.2 198.1 199.8 201.9 202 202.5 203.7 204.8 205.8 207.8 213.7 218.4
169.6 165.8 165.4 163.2 162.5 162.2 159.8 160.3 160.5 159.1 158.5 157.9 158.7 159 159 159 159.3 159 158.9 159 159 159 159.9 160.4 159.6 158.6 158.2 158 158.2 158.7 158.7 158.3 159.6 159.1 159.6 159.1 159.2 159.1 160.6 160 160.5 161.5 164 166.9 168.7 169.6 168 167.4 167.7 168.2 168.9 169.8 170.3 172 174.4 176 177.4 178.6 179.7 180.3 180 179.6 180.9 183.9 186.9 189.9 193.9 198.2 201 202.9 204.9 205.4 206 206.5 207.5 208.6 209.6 212.7 216.9
172.2 170.8 168.8 167.4 166.2 166.2 164.5 163 161.9 160.8 159.8 159.4 158.9 159 159 159 159.7 159.5 159.7 159.5 159 159 159.8 161 160.1 159 158.5 158.3 158.7 158.9 158.7 158.3 158.5 159.1 159 159 159.5 159.5 159.8 159.8 160.8 163.1 166.5 169.9 171.4 169.8 169 168.3 168.1 168.6 169 169.6 169.5 170.9 172.5 175.2 177.9 179.2 180.1 180.9 179.5 180.2 182.8 185.5 188.5 191.9 196.3 200.3 201.2 203.4 206.4 207.6 208.2 209 209.3 210.2 210.6 212.6 216.2
173.5 173.3 173.1 172 170.6 169.7 169.5 166.3 165.2 164 162.8 162.2 161.2 159.7 160.4 159.5 160.8 160.4 161.3 160.9 160.3 160.6 160.9 161 160.5 159.5 158.9 158.7 159.8 159.9 158.8 158.7 159.5 160.3 159.8 159.4 159.8 160 160.2 160.6 162.8 165.1 168.5 171.8 173.2 172.2 170.2 169.3 168.7 169 169.6 170.6 170 170.8 172.4 174.3 176.9 179.1 180 179.9 179.9 182.6 185.1 187.6 190.1 194.2 198.3 201 201.8 204.2 206.9 209.8 210.5 210.8 210 212.2 212.2 213.7 216.6
174.8 175 175.2 175.4 173.5 171.5 170.6 169.5 168.3 167.1 165.9 165.1 163.7 162.4 160.6 159.9 162 162.9 163.8 163.8 163.7 164.4 162.9 161.2 159.9 159.9 159.3 159.9 161 159.9 159 159.5 160.1 160.6 160.8 160.4 160.3 161.4 162.5 162.9 165 167.1 170.4 173.2 172.9 173.5 172.6 170.8 169.1 169.8 171.1 171.2 171.2 172.3 174.1 175.9 177.6 177.5 179.1 179.8 182.3 184.9 187.4 188.5 190.5 194.1 198.3 201.7 203.9 205.8 208.5 210.8 212.4 212.9 213.6 214.9 215.9 216.3 217.2
176.2 176.3 176.3 175.7 173.9 172.3 172.3 172.5 171.3 170.2 169 167.8 166.7 165.2 163.6 163.8 165.5 166.3 166.6 166.9 167.6 168.3 166.8 166.5 166.1 165.5 162.9 163.7 161.7 159.9 159.6 159.5 159.9 160.9 161.8 162.2 165 167.2 167.2 165.2 167.4 169.7 173.2 171.5 171.4 173.5 174.5 173.2 171.3 171.4 173.2 173.7 173.9 175.3 175.9 177.2 178.3 179.1 180.9 183.4 186.2 188.7 190.3 190.9 192.9 195.6 199.6 201.5 204.7 207.6 209.4 210.3 212.4 214.5 215.9 216.5 216.9 217.7 219
177.6 177.3 177.3 175.9 174.3 174.2 174.3 175.1 174.3 173.2 172.1 170.6 169.8 168.8 167.9 168.8 168.6 169.7 170.2 170.2 171.9 172.5 176.7 174.8 171.4 169.7 167.2 171.1 167.8 164.7 160.8 162.8 164.7 164.3 163.7 165.1 167.4 170.4 170.2 169 170.1 172.3 174.2 176 174.9 174.1 176.7 173.9 171.2 172.9 175.1 176.2 177.2 179.1 179.7 180.5 181.5 183.9 186.7 188.9 190.8 192.6 196.9 196.8 198.7 199.7 201.9 202.8 206.2 208.5 209 209.9 211.7 214.3 216.8 217.4 218.1 219.7 221.3
180 179.7 179.5 178.9 175.8 176 176.4 177.4 177.6 176.5 175.1 174.2 171.9 171.2 169.1 170.9 171.1 171.6 172.1 172.8 175.3 177.3 179.3 181 178.6 175.9 173.5 178.5 173.3 169.8 168.6 169.4 167.9 167.1 167.3 167.7 170.5 173.5 175.2 175.2 175.8 176.8 178.3 181 179 179.6 181 177 173.8 175.2 177 179 181.1 183 184 187.3 189.9 190.4 191.2 193 194.8 196.7 201 202.5 201.7 204.7 206.9 206.9 207.2 208 208.9 209 211.7 215.2 217.6 218.2 220.3 221.9 223.3
182.1 182.3 182.1 181.5 177.5 177.7 178.1 179.6 178.5 178.8 178.4 177.1 175.3 174.6 171 171 172.9 174.7 175.2 176 177.5 179.1 181 182.9 184.4 181.9 181 180 179.3 177.3 173.4 169.9 171.1 169.3 171 171.1 174.1 177.6 178.6 180.5 180.1 180.5 181.5 182.9 181.2 182.9 183.6 178.3 177.1 177.3 178.8 182.6 185 187 189 191 193.2 195.1 195.3 197 198.9 200.8 202.9 203.8 204.7 208.3 208.5 207.8 209.2 209.2 209.2 210.3 213.1 216.1 218.4 220.1 222.5 224.2 225.4
183.8 183.2 183 181.5 179.8 179.4 179.9 179.4 179.8 180.1 178.8 179.4 179.1 177.1 175.1 174 175.2 177.2 178.4 178.5 178.9 180.8 182.6 185 189 186.8 185.9 185 184 184.1 182 180.1 179.5 177 176.6 176 177.6 179.1 181.4 182.2 184.7 184.8 184.3 184.8 184.9 186.9 183.6 179.3 179.9 181.1 182.7 186.2 188.6 191.6 193 194.4 196.4 198.3 199.5 201 202.8 203.9 204.5 206.1 207.7 208.6 209.3 209.3 210.8 211.6 211.7 212.8 214.9 217.3 219.7 222.1 224.6 226.2 227.4
184.5 184.2 184 183.5 182.7 182 181.2 180.5 179.8 180 179.8 180.2 180.3 180.3 179.7 178.8 178.3 179.6 179.9 179.6 180.6 182.5 184.3 187.5 189.8 189.5 187.6 187.7 187.8 188.4 189.1 188.9 185.5 183.6 182.7 182 183 184 186.5 188.1 189.7 189.2 188.2 188.1 189 190.9 184 186.1 185.4 187.2 188.7 190.3 192.2 195.9 198.1 199 199.9 201.1 202.1 204.1 205.3 205.5 206.2 207.8 208.8 209 210 210.9 212.3 213.7 214.7 215.6 216.9 219.2 222.1 224.7 227 228.7 230
186.4 185.1 185.3 185.3 184.6 183.8 183 182.3 181.6 181.2 182 181.5 181.1 181.1 181.2 179.7 179.5 179.1 180.2 180.6 182.2 183.9 185.7 188.1 189.7 189.6 189.8 190 190.3 191.5 190.9 191.7 191.2 190.3 189.6 189.7 189 189 191.4 193.1 194.8 195.2 193.5 191.3 192.8 192.8 190 191.1 191.7 193.2 194.5 195.9 197.4 200.5 203.2 204.4 204 204.5 204.3 205.1 207.7 207.7 207.9 209.5 209.5 210 211.4 213.5 215.3 217 217.5 218.3 219.6 221.2 224.1 227.3 229.2 231.2 233.4
190.5 188.2 188 187.1 186.4 185.6 184.9 184.1 183.5 183.4 184.3 183.8 182.4 181.9 181.6 180 179.6 179.5 181 182.3 183.4 185.2 187.1 189.1 190.9 192 192.2 192.5 192.7 193.8 194.8 195.3 195.9 196.2 196.7 195.7 195 194.2 195.1 196.1 198.9 200.2 199 197.6 197.5 197.6 192.8 195.7 198.7 199.2 198.7 200.4 202.4 204.5 209 208.2 207.9 208.4 208.8 208.4 210.2 210.2 211.3 213.2 215 215 214.2 216.4 218.5 220.4 220.8 221.9 222.7 224.6 226.1 229 231.1 233.7 236.7
195 193.3 192 188.6 188 187.3 186.8 186.3 185.8 185.8 186.2 185.8 184.6 183.2 182 180.8 180.2 181.3 182.9 184 185.1 186.2 188 190.2 191 193.5 194.7 195 195.2 196.1 198.3 199.2 199.5 200.6 201.7 201 199.7 198.2 199 199.9 199.9 200.4 201.2 201 200.6 201.1 200.5 198.8 199.5 200.8 203 204.8 207 209.2 210.8 214.2 215.9 217.5 216.8 215 215 215.2 216.9 218.7 220.3 219.8 218.5 219.5 223 226.4 228 228.9 229.9 228.4 228.9 230.7 233.3 236.2 239.2
197.2 196.8 195.7 192.1 189.5 188.7 188.5 188.6 188.1 188.2 188.3 187.8 186.7 185.2 183.9 183.5 183 183.3 184.6 185.7 186.8 187.9 189 191.2 191 193.9 195.7 197.1 197.7 198.4 200.6 200.6 202.2 204 205.7 205.2 203.4 202.2 203.1 203.3 203 203 203.7 202.6 202.3 203 203.7 201.4 200.1 202.4 205.7 209 210.3 213 216.1 219.3 221.9 224.5 225.2 222.6 221.8 220.8 220.8 222.4 223.3 222.3 219.8 221.4 224.8 228.2 231.3 231.7 235.2 234.4 232.5 234.1 236.3 238.5 242.2
198.3 198 197.9 195.9 190.9 189.9 189.4 190 190.4 190.3 190.2 189.9 188.5 186.9 186.4 186 185.5 185.3 186.5 187.7 188.6 189.3 189.8 190.8 192.5 194 196.5 197.9 199.4 200.7 199.8 202.9 204.1 206.6 208.7 208.8 207.2 206.2 206.7 206.4 206.2 206.1 205.7 204.5 204.6 205.3 206.1 203.3 201.6 202.9 206 208.9 210.6 214.6 219.4 222.2 225.6 230.1 231 230.1 228.5 227.7 225.7 225.8 225.9 224.5 222.8 224.1 226.3 229.3 231.2 233.5 236.7 238.8 236 237.8 240.2 241.5 245.1
198.3 198.6 198.5 197.4 193.7 190.8 190.3 191 191.5 191.9 192.2 191.8 190.2 188.5 188.9 188.4 188.1 187.5 187.9 188.6 189.3 189.9 189.9 190.2 192.1 194.1 196.8 198.8 199 199.1 200.2 205.1 206.1 208.4 210.9 211.6 210.7 210 209.8 209.5 209.4 208.7 207.6 206.4 206.8 207.6 205.8 203.1 203.7 204.9 206.2 207.6 209.4 213.5 218 222.8 227 230.3 232 232.3 232.9 232.3 231.1 229.9 228.6 227.1 226.4 226.8 228.6 230.1 232.1 234.7 237.4 240.2 239 241.1 243.2 244.9 248.2
198.3 198.8 198.3 196.9 195.3 191.6 191.2 191.8 192.2 192.6 192.8 193 191.5 189.9 189.7 190.8 189.7 188.6 190.4 189.4 190 190.1 190.3 190.5 192.2 194.5 196.9 198.9 198.8 202 202.4 206.4 208.5 210.1 212.2 213.8 213.1 212.5 212.3 212.1 211.3 210.5 209.2 208.4 209 208 206.5 206.2 206.6 207.1 208.4 210 211.9 213.2 216.6 221.3 227.4 230.9 233.5 235.1 236.1 235.3 234 232.8 231.6 231 230.3 229 229.9 231.2 233.2 235.5 238.5 240.8 241.3 243.7 245.8 248.2 251.8
198.3 198.3 198.1 196.4 194.8 193.2 192.1 192.4 192.7 192.9 193.2 193.4 192.4 190.9 191.2 190.7 190.2 189.8 190.2 190.7 190.7 190.9 191 191.1 192.6 195 197.3 199.4 199.2 204.3 208.1 210 209.4 211 213.7 216 215.3 214.5 214.3 213.8 211.9 210.9 210.4 210.5 210.3 209.7 209.1 208.9 209.4 208.9 209.2 211.1 212.2 212.9 215.9 219.4 223.6 228.9 234.2 235.9 236.5 238.4 237.1 235.9 235 234.2 232.5 231.1 231.8 232.5 234.2 236.2 239.1 240.2 242.6 245.6 248.1 250.3 254
198.3 198.3 198.3 196.9 195.3 193.1 192.2 192.5 192.9 193.2 193.5 193.8 193.4 193 192.6 192.1 191.6 191.3 191.7 192.1 191.9 192 192.1 192.2 193.4 195.3 197.6 199.1 201.2 206.1 210 211 212.3 214.3 215.8 218.1 217.5 216.7 216.2 214.9 212.5 211.8 211.3 212.7 212.5 211.9 211.4 211.5 210.5 209.3 209.7 211.2 212.2 212.8 214.9 218.3 221.6 224.3 230.1 236 237.8 239.6 240.3 239 238.1 236.5 233.8 233.1 233.9 234.6 234.6 236.5 238.8 239.8 242.7 246.2 248.5 251.7 255.6
198.2 198.3 198.4 197.6 195.1 192.6 192.2 192.5 192.8 193.2 193.5 193.8 194.6 194.4 193.9 193.5 193 192.8 193.1 193.4 193.1 193.2 193.3 193.6 194.6 196.3 197.7 198.6 201.6 206.3 208.8 210.9 213.3 214.4 215.3 215.4 216.7 216.2 215.5 215 213.1 212.7 213.1 213.8 213.7 213.2 212.6 212 210.8 209.9 210.5 211.3 212.2 213 214.3 217 220.4 222.3 227.7 231.9 235.8 238.5 240.2 241.7 240.4 237.4 235.8 235.2 235.8 235.8 235.7 236.4 238 239.4 241.3 245.6 249.5 253.2 257.3
197.8 198 198 197 194.6 192.1 192.1 192.5 192.8 193.1 193.5 193.8 195 195.7 195.3 194.8 194.3 194.3 194.5 194.8 194.4 194.4 194.5 195 196 197.5 198.6 199.6 201.7 206 207.7 209 209.9 210.5 211.4 213.2 214.8 214.8 213.1 212.5 212.9 212.3 212.8 213.4 213.7 213.2 212.5 211.4 211 210.6 211.2 211.7 212.4 213.1 214.2 216.3 219.1 221 224.1 227.8 232.5 235.7 238.8 240.6 239.6 238.5 237.7 237 236.9 236.9 236.8 236.7 237.9 239.1 239.6 246.8 250.2 254.5 258.9
197.6 197.6 197.6 196.6 194 191.8 192.1 192.4 192.8 193.1 193.5 194.1 195.4 196.7 196.6 196.2 195.8 195.9 196 196.1 195.8 195.6 195.7 196.4 197.5 198.6 199.5 200.9 203 205.3 206.8 208.4 209.3 210 210.5 211.4 212.8 213.4 211.8 211.5 211.7 212 212.5 213.1 213.7 213.4 212.8 211.5 211.2 211.1 211.3 211.2 211.9 213.1 214 216.2 218.4 219.8 221.5 225.9 230.1 233.4 236.7 239.6 239.7 239.3 238.7 238.1 238 237.9 237.8 237.7 238.4 238.9 240.1 242.5 246.6 251.6 259.2
196.9 196.7 196.3 195.4 193.5 191.7 192.1 192.4 192.8 193.1 193.5 194.5 195.8 197.1 198 197.6 197.3 197.4 197.5 197.5 197.1 196.8 196.9 197.9 198.9 199.9 200 201.3 203.3 205.2 206.3 207.8 208.9 209.4 210.1 209.7 210.8 211.4 211.1 211.1 211.3 211.7 212.2 212.8 213.4 213.5 212.9 212 211.7 211.2 210.7 210.7 211.2 212.4 213.5 216.2 218.4 219.7 220.6 222.6 227.5 230.7 234 239.1 240 239.7 239.5 239.1 238.9 238.5 238.1 238 238.1 238.5 239.5 239.7 241.9 247.7 257.6
195.4 195.4 195 193.9 192.5 191.7 192.1 192.4 192.8 193.1 193.6 194.9 196.2 197.5 198.8 198.9 198.8 198.9 199 198.8 198.5 198.2 198.3 199.3 199.8 200.3 200.7 201.1 203.1 205.1 206.2 207.3 208.7 209 209.5 209.1 209 209.2 209.5 210 210.9 211.4 211.9 212.5 213.1 213.7 213.1 213.4 213.7 211.3 210.3 209.7 210.4 211.5 212.9 215.5 217.7 218.5 219.3 220.2 223.9 227.7 233.2 238.3 239.8 239.5 238.7 239.4 238.7 238.3 237.9 237.8 237.9 237.8 238.1 238.3 238.9 242.5 248.6
194.3 194.9 194.6 193.3 191.3 191 192 192.4 192.8 193.1 194 195.3 196.7 198 199.3 200.3 200.1 199.6 199.5 199.4 199.1 198.7 198.9 199.5 200 200.6 201.6 202.6 202.9 204.9 206.4 207 208.3 208.7 209 209 209 209 209 209.2 209.8 211.2 211.6 212.2 212.8 213.4 212.5 212.1 212.7 211.3 210.3 209.2 210.2 210.9 212.4 213.5 215.3 216.3 217.9 219.4 220.7 225 229.6 234.2 237.1 238 237.6 239.6 238.9 238 237.7 237.5 237.4 237.2 237.4 237.9 238.5 239 242.3
191.8 191.4 191 191.8 190.1 190.2 191.2 192.3 192.7 193.2 194.5 195.8 197.1 197.9 198.5 198.8 199.2 199.1 199.2 199.2 199 198.6 199 199.7 200.3 200.9 202 203.1 204.1 204.7 206.7 207.3 207.9 208.4 208.7 208.9 209 209 209 209 209 210.2 211.3 212 213.3 213.8 211.1 210.5 210.4 211.3 210.4 209.5 209.3 211 212.5 213.7 214.4 215.8 217.4 218.5 218.8 221.5 225.5 229.7 232.4 234.9 237.2 239.1 239 237.7 237.3 237.1 236.9 236.7 236.9 237.5 238.5 239.2 239
188.3 188.3 188.3 188.7 189.1 189.5 190.4 191.4 192.5 193.4 194.1 194.8 195.5 196.2 196.9 197.8 198.3 198.8 198.8 198.9 198.9 198.5 199.1 200 200.6 201.4 202.5 203.5 204.6 205.6 206.6 207.5 207.8 208 208.2 208.6 208.9 208.9 208.9 208.8 208.9 209.9 211.3 211.3 212.1 212.5 210.2 210.2 210.2 210.3 210.8 209.6 210.6 212.7 213.3 215.8 215 215.3 216.4 218.2 220.1 222.2 223.1 224 226.9 230.4 233.3 236.9 237.2 236.2 236.1 236 236 235.9 236.7 237.6 238.5 239.4 239.4
