STL Generation/terr50_gagg_gb/data/NC63.asc
ncols 200
nrows 200
xllcorner 260000
yllcorner 930000
cellsize 50
[rows 70 to 104 of 200, columns 79 to 157 of 200]
211.7 213.6 215.4 211.4 207.9 206.1 204.8 203.6 202.3 201 203.3 205.5 207.7 209.9 208.4 203.9 199.3 194.8 190.2 185.3 179.8 175.6 175.8 177 178.1 179.2 177.9 175.9 173.9 168.6 163.6 159.1 155.6 150.3 145 142.5 142 141.6 142 142.2 140.6 139.2 139.4 142.1 144.8 147.6 150 151.1 153 154.6 155.9 157.1 158.4 158.9 158.1 156.3 154.4 152.6 150.6 147.9 144.6 141.2 137.7 134 130.3 126.7 123 119.3 115.8 112.6 109.6 108.8 108.2 108.2 108.1 108 107.9 108 108.8
202.3 204.1 206 207 204.9 204.4 203.3 202.1 200.7 197.9 196.6 197.8 200 202.2 200.8 196.2 191.7 187.1 182.6 178 173.6 169.8 170 171.1 172.2 173.3 173 171 164.7 159.7 157.6 155.7 153.7 147.9 143.8 143.3 142.7 142.4 142.6 142.7 141.7 140.4 140 142.4 145.1 147.8 149.4 150.2 151.5 153.5 155.5 157.6 159.1 158.6 157.8 156.5 154.6 152.7 150.9 149 145.8 142.1 138.4 134.7 131.1 127.4 123.7 120 116.8 113.6 110.3 109.2 109.1 109.1 109 108.9 108.8 108.6 109.6
196.7 198.9 201 203.2 203.1 203 202.2 200.2 197.4 194.7 191.9 192.2 192.7 194.6 193.1 188.6 184 180 176.1 172.2 168.3 165.6 164.8 165.7 166.5 167.4 168.1 162 157.9 156.1 154.2 152.3 150.9 146 142.7 142.4 142.5 143 143.2 143.3 142.7 141.7 141.2 142.6 145.3 147.3 148.8 149.7 151.1 153.3 155.5 157.7 159.2 158.3 157.5 156.6 154.7 152.9 151.2 149.6 146.5 142.8 139.1 135.5 131.8 128.1 124.4 121 117.8 114.6 111.2 110.6 110.5 110.4 110.3 110.2 110.2 109.2 110.1
192.8 196.7 199 200.6 200.6 200.3 199.7 196.9 194.2 191.4 188.7 187.3 187.8 188.2 186.3 182.4 178.5 174.6 170.7 166.8 163 161.4 159.9 160.4 161.3 162.2 162.5 156.6 154.3 152.7 150.8 148.9 147.5 144.1 141.5 140.9 140.8 141 142.8 143.8 143.7 142.9 142.4 142.8 145.2 146.7 148.1 149.2 151.4 153.7 156 158.3 158.3 157.7 157 156.3 154.9 153.3 151.7 150.1 147.5 143.5 139.9 136.2 132.5 128.8 125.2 122 118.8 115.4 112.2 111.9 111.8 111.8 111.7 111.6 110.8 109.7 110.4
186.4 190.2 194.3 197.8 197.5 197.2 196.4 193.6 190.9 188.1 185.4 182.9 181.8 181.9 180.3 176.7 173.1 169.3 165.4 161.5 158.8 157.2 155.7 155.2 156.1 156.7 156.5 152.2 150.6 149.1 147.4 145.5 144.2 142.1 140.4 140.2 140.3 140.3 141.5 143 144.5 144.1 143.7 143.2 144.9 146.7 148.5 149.8 152.1 154.4 156.8 157.9 157.3 156.6 156 156.4 156.1 154 152.2 150.6 148.5 144.4 140.6 136.9 133.2 129.5 126.3 123 119.6 116.2 113.3 113.3 113.2 113.1 113 112.4 111.4 110.3 110.6
180 185.5 190.2 195.3 194.4 194.2 193.1 190.3 187.6 186.2 185.4 180.9 176 175.6 174.2 170.6 167 163.4 159.8 156.1 154.6 153 151.5 150 150.9 150.7 150.5 148.6 147 145.4 143.8 142.2 140.8 139.8 140 140.2 140.3 140.9 141.3 142.2 142.7 142.1 142.1 144.9 147.5 149.3 151.1 151.9 152.9 155.2 157.5 156.9 156.2 156.5 157 157.6 157.9 155.7 153.6 151.5 149.5 145.4 141.3 137.6 133.9 130.5 127.2 123.8 120.4 117 114.7 114.6 114.5 114.4 114 113 112 110.8 110.8
176.5 181 186.3 191.7 191.9 191.1 189.8 187.8 187 186.2 183.8 178.9 174 169.4 168.2 164.6 161 158 155.4 153.1 151.3 149.5 147.7 145.9 145.5 145.9 146.3 145.4 143.8 142.1 140.5 138.8 138.5 138.4 138.6 138.8 139 139.2 139.6 140.3 140.3 141.2 144 146.8 149.7 151.9 153.5 154 154.5 156 156.5 156.6 157.2 157.7 158.2 158.8 159.3 157.5 155.4 152.8 149.4 146 142.3 138.3 134.7 131.4 128 124.6 121.2 117.8 116 116 115.9 115.6 114.6 113.6 112.6 111.4 111.1
171.8 177.1 182.4 187.8 189.4 188.5 188.6 187.8 187 186.2 181.8 176.9 172.1 167.2 162.8 160.1 157.5 154.8 152.2 150.2 148.4 146.6 144.9 144 143.1 142.8 143.2 142.5 140.9 139.3 137.9 137.6 137.2 137.1 137.2 137.4 137.6 137.8 138 138.4 140.3 143.1 145.9 148.8 151.6 154.4 155.6 156.1 156.2 156.2 156.9 157.6 158.3 158.9 159.4 159.9 160.5 159.2 155.8 152.5 149.1 145.7 142.2 138.8 135.6 132.2 128.8 125.4 122 118.9 117.4 117.3 117.1 116.2 115.2 114.2 113.2 111.9 111.3
167.9 173.2 178.5 183.9 186.9 188.4 188.7 187.8 187 184.7 179.8 175 170.6 166.2 160 156.9 154.2 151.6 149.1 147.3 145.5 143.8 143 142.3 141.4 140.3 140.1 139.7 138 137 136.7 136.3 136 135.7 135.8 136.1 136.2 136.4 136.8 137.3 140.1 142.9 145.8 148.6 151.5 154.1 155.7 155.8 155.8 155.7 156 156.7 157.4 158.1 158.8 159.5 159.3 157.6 154.5 151 147.5 144.1 140.6 137.1 133.4 131.7 129.6 126.2 122.8 120 118.7 118.6 117.7 116.8 115.8 114.8 113.9 112.5 111.5
164 169.5 174.6 179.8 185.8 188.7 188.8 187.9 187 183 178.6 174.2 169.8 164.8 158.2 153.7 151 148.4 146.2 144.4 142.7 142 141.4 140.7 139.8 138.7 137.6 136.8 136.2 135.8 135.4 135.1 134.7 134.4 134.5 134.7 135.1 135.6 136 136.5 138.9 141.8 144.6 147.5 150 152.5 155 155.3 155.2 155.1 155.1 155.8 156.5 157.2 157 156.7 155.6 153.8 152.1 149.4 145.9 142.4 138.9 135.5 130.6 128.5 126.8 125.1 123.3 121.1 120.1 119.3 118.4 117.4 116.4 115.4 114.5 113 111.8
159.9 165 170.3 176.4 182.4 188.5 188.6 185.9 183.2 180.8 177.8 173.4 169 163.1 156.4 150.5 147.8 145.1 143.4 141.6 141 140.4 139.7 139.1 138.2 137.1 136 135.6 135.3 134.9 134.5 134.1 133.7 133.3 133.4 133.9 134.3 134.8 135.3 135.8 137.8 140.6 143.4 145.9 148.5 151.2 153.5 154.8 154.7 154.5 154.4 154.9 154.8 154.4 154 153.6 151.9 150.1 148.3 146.6 144.2 140.8 137.3 133.8 129.4 125.4 123.7 121.9 121.7 121.8 120.9 119.9 119 118 117 116 115.1 113.5 112
157 160.9 166.9 173.2 179.3 183.8 184.2 181.4 178.9 176.5 174.1 171.7 167.9 161.3 154.6 148 144.6 142.3 140.6 140 139.4 138.7 138.1 137.5 136.6 135.5 134.4 134.7 134.9 134.4 134 133.6 133.2 132.7 132.6 133.1 133.6 134 134.5 135 136.6 139.2 141.9 144.6 147.3 149.8 152 154.3 154.3 154.1 153.8 152.8 151.8 151.4 151.1 149.9 148.1 146.3 144.6 142.8 141 139.1 135.6 132.1 128.3 122.3 120.5 120.3 120.2 118.5 115.1 116 117.6 118.6 117.6 116.6 115.7 114.1 112.3
157 158 164.1 170.2 175.3 177.1 178.9 177 174.6 172.2 168.5 164 162.3 157.9 152.8 146.2 141.3 139.6 139 138.4 137.7 137.1 136.5 135.8 135 133.9 133.4 133.8 134.2 134 133.5 133 132.6 132.1 131.8 132.3 132.8 133.2 133.7 134.4 135.4 138.1 140.8 143.5 146 148.3 150.5 152.3 153.9 153.5 152.8 151.8 150.8 149.5 147.6 146 144.3 142.6 140.8 139.1 137.3 135.5 133.8 130.5 127 120.7 118.5 118.3 116.9 115.3 115.8 116.2 116.2 116.2 116.2 116.2 116.4 114.5 112.8
157 158 161 166.8 168.6 170.4 172.2 172.6 167 161.3 157.9 156.3 154.6 151 146.7 142 138.4 138 137.4 136.7 136.1 135.5 134.8 134.2 133.4 132.2 132.5 132.9 133.2 133.1 132.8 132.4 131.9 131.5 131 131.5 132 132.8 133.9 134.9 135.9 137 139.7 142.3 144.5 146.2 147.7 149.3 153.5 152.6 150.8 148.8 146.9 145 143.2 141.5 139.9 138.3 136.7 135.1 133.5 131.8 130 128.2 125.3 120 116.4 115.3 115.5 116 116.5 117 117.3 117.7 118.1 118.5 117.7 115.3 113.2
157 157.4 160.2 159.6 161.3 163 164.7 159.8 154.1 151.9 150.3 148.7 146.9 143.9 139.7 136.3 134.9 134.5 135.1 135.1 134.5 133.8 133.2 132.6 131.7 131.2 131.6 131.8 131.7 131.6 131.3 131.1 130.8 130.5 130.3 131.1 132.1 133.2 134.2 135.3 136.4 137.4 138.5 140.1 141.6 143.1 144.7 146.8 148.6 148.9 146.9 144.8 142.6 140.6 138.7 136.9 135.3 133.7 132.1 130.5 128.9 127.3 125.7 124.1 122.8 118.9 115.3 115.4 115.9 116.3 116.8 117.4 118.9 120.1 120.5 120.9 118.8 116.4 114.1
157.3 157.3 159 157.7 155.2 155.3 152.7 150 147.2 144.2 142.6 141 139.2 136.9 134.2 133.3 131.6 130.2 130.6 131.1 131.7 132.2 131.6 131 130.1 130.3 130.3 130.3 130.2 130 129.8 129.6 129.3 129 128.7 128.5 129.6 130.6 131.7 132.7 133.8 134.9 136.4 139 140.1 141.2 142.4 143.5 145.8 145.3 143.1 140.9 138.8 136.6 134.4 132.4 130.8 129.5 128.2 126.9 125.6 124.3 123 121.7 119.6 116.7 116 115.6 116.1 116.5 116.9 118.2 119.7 121.1 122.6 122.3 120.2 118.2 116.1
158.3 157.8 157.9 155.8 153.8 151.4 149.5 148.1 145.4 141.5 137.5 133.6 133.1 132 131.1 130.3 128.5 126.8 126.1 126.6 127.2 127.8 128.4 129 128.9 128.8 128.8 128.7 128.7 128.5 128.3 128.1 127.8 127.5 127.2 126.8 127 128.1 129.1 130.2 131.3 132.3 134.2 138.3 139.4 140.6 140.7 140.6 142.9 141.5 139.3 137.1 134.9 132.7 130.6 129.6 128.3 127 125.7 124.4 123.1 121.8 120.5 119.2 118.1 117.4 116.8 116.2 116.2 116.7 117.5 119 120.5 122 123.8 123.8 122.2 120.2 118.2
161.5 158.8 157.9 156.2 153.9 150.7 147.6 146.3 143.6 139.7 135.7 133 130.5 129.1 128.1 127.3 125.5 123.8 122 122.2 122.7 123.3 124.7 126.6 127.7 127.3 127.3 127.2 127.1 126.9 126.7 126.5 126.3 126 125.7 125.3 124.9 125.5 126.6 127.6 128.7 129.8 132.1 137.6 138.8 139.7 137.7 137.8 139.7 137.6 135.5 133.3 131.1 129 127.9 127 125.7 124.4 123.1 121.8 120.5 119.3 118.7 118.4 118.1 117.7 117.3 116.9 116.4 116.9 118.2 120 121.7 123.5 124.8 124.9 123.6 122.2 120.2
166.1 159.8 158.3 156.4 153.1 149.9 146.7 144.5 141.8 137.8 135.1 132.5 130 127.5 125 124.2 122.5 120.7 119 118.4 119.8 121.6 123.6 125.6 127 125.8 125.7 125.7 125.6 125.4 125.2 125 124.8 124.5 124.1 123.7 123.3 122.9 124 125.1 126.1 127.5 129.9 135.4 138.1 136.6 135.3 135.3 136 133.8 131.6 129.5 127.4 126.3 125.4 124.4 123.2 121.9 120.6 119.4 119 118.7 118.3 118 117.8 117.6 117.1 116.7 116.4 117.9 119.7 121.5 123.2 125 125.8 126 124.7 123.3 122
176.3 171.8 164.5 158.7 153.5 149.1 145.9 142.7 139.9 137.1 134.6 132 129.5 127 124.5 122.1 120.2 118.8 118.4 118.4 118.6 120.5 122.5 124.7 126.3 125.1 124.2 124.2 124 123.8 123.6 123.4 123.2 123.1 122.6 122.2 121.8 121.4 121.4 122.5 123.6 125.2 127.7 133.2 135.7 133.6 132.8 132.9 132.2 130 127.9 125.7 124.7 123.7 122.8 121.8 120.6 119.7 119.4 119 118.7 118.3 118 117.7 117.5 117.3 117 116.6 116.4 118.5 121.2 123 124.7 125.9 126.8 127.1 125.8 124.4 123.1
185.5 177.6 169.8 164.7 159.5 154.3 149.2 144 139.1 136.6 134.1 131.6 129.1 126.6 124.1 122 119.3 118.4 118.4 118.4 118.4 119.5 121.5 123.8 125.6 124.5 123.3 122.7 122.5 122.3 122.3 122.3 122.3 122.4 121.9 121 120.2 119.8 119.4 120 121 122.9 125.5 132.2 133.2 131.1 129.9 129.9 129.1 126.3 124.1 123 122.1 121.1 120.4 119.7 119.7 119.3 119 118.6 118.3 117.9 117.6 117.4 117.2 117 116.7 116.4 116.6 119.2 122.1 124.5 126.1 126.9 127.7 128.2 126.9 125.5 124.1
190.7 182.8 175.8 170.6 165.5 160.2 154 147.7 140.9 136.3 133.8 131.3 128.8 126.3 124 121.9 118.9 118.4 118.4 118.4 118.4 118.4 120.6 123 124.9 123.8 122.6 121.6 121.4 121.4 121.5 121.5 121.6 121.6 121.5 120.6 119.7 118.8 117.9 117.5 118.7 120 125.1 132.2 130.5 128.6 127.2 126.9 124 121.9 121.8 121.1 120.4 119.7 119 118.6 118.9 118.9 118.6 118.3 117.9 117.6 117.2 117 116.9 116.7 116.5 116.4 117.6 120.3 123 125.7 127 127.9 128.7 129.3 128.1 126.8 125.5
195.5 188 181.8 176.3 170.1 163.8 157.6 151.1 144.3 137.6 133.4 130.9 128.4 126.1 124 121.8 119 118.4 118.4 118.4 118.4 118.5 120.5 122.5 124.2 123.2 122.2 121.6 121.2 120.9 120.7 120.7 120.8 120.8 120.9 120.3 119.4 118.4 117.5 116.6 116.4 116.4 118 126.5 122.8 120.8 119.9 116.7 117.2 119.1 120.7 120 119 118.4 117.7 117.6 117.9 118 118 117.9 117.5 117.2 116.9 116.7 116.5 116.4 116.4 117.2 118.6 121.3 123.8 126 127.1 128 128.8 128.5 127.4 126.5 125.5
198.7 191.9 186.2 180 173.7 167.5 161.2 154.5 147.7 140.9 134.2 130.6 128.1 126 123.9 121.8 119.6 118.4 118.4 118.4 118.4 118.9 120.7 122.5 123.9 122.9 121.9 121.5 121.2 120.9 120.5 120.2 120 120 120.1 119.9 119 118.1 117.2 116.6 116.4 116.4 116.4 116.4 116.4 116.4 116.4 116.4 116.4 117.1 119.4 119.1 118.8 117.1 116.6 116.7 116.9 117.1 117.1 117.1 117.1 116.8 116.6 116.4 116.4 116.4 116.4 117.8 119.5 122 124.5 126 127.2 128 128.9 127.6 126.2 125.3 124.3
200.2 193.5 188.7 183.6 177.3 171.1 164.6 157.9 151.1 144.3 137.6 130.6 128.5 126.7 124.9 123.1 121 118.9 118.4 118.4 118.4 118.8 120.6 122.2 123.6 122.6 121.8 121.5 121.2 120.8 120.5 120.1 119.8 119.5 119.3 119.3 118.7 117.8 117.2 117.8 117.7 116.4 116.4 116.4 116.4 116.4 116.4 116.4 116.4 116.4 117.5 117.8 117.7 116.4 116.4 116.4 116.4 116.4 116.4 116.4 116.4 116.4 116.4 116.4 116.4 116.4 116.4 117.4 119.6 122.4 124.8 126 127.2 128.1 129 126.7 125 124.1 123.2
199.7 195 190.1 186.1 181 174.7 168 161.2 154.2 146.5 138.7 133.8 131.4 129.4 127.3 125.1 122.9 121.3 119.7 118.4 118.4 118.7 120.4 122 123.2 122.2 121.8 121.5 121.1 120.8 120.4 120.1 119.8 119.4 119.1 118.8 118.4 118.2 118 117.7 117.7 117 117.3 116.6 116.4 116.4 116.4 116.4 116.4 116.4 116.4 116.4 116.4 116.4 116.4 116.4 116.4 116.4 116.4 116.4 116.4 116.4 116.4 116.4 116.4 116.4 115.7 116.9 119.6 122.6 125.5 126 127.2 128.2 128 125.8 123.8 123.2 123.2
198.7 196.6 191.6 187.5 183.5 177.9 170.1 162.3 154.5 146.7 139.8 137 134.3 132 129.4 126.9 124.5 122.9 121.2 119.6 118.4 119.3 120.1 121.7 122.9 122.1 121.8 121.4 121.1 120.7 120.4 120.1 119.7 119.7 119.7 119.7 118.7 118.1 117.9 117.7 117.2 118.4 118.6 119.9 120.6 119.5 116.7 116.4 116.4 116.4 116.4 116.4 116.5 117.7 117.3 118.7 117.2 116.4 116.4 116.4 116.4 116.4 116.6 116.7 116.4 115.5 115.1 116.9 120 126 126.4 126.1 127.2 128.3 127.1 124.8 123.3 123.3 123.3
197 195.3 192.1 187.5 182.8 177 169.5 161.9 154.3 146.7 142.2 138.9 136.1 133.8 131.2 128.7 126.1 124.4 122.8 121.2 120.6 121.7 121 121.5 122.6 122.1 121.7 121.4 121 121 121 121 121 121.1 121.1 121.1 119.2 118.6 118 117.7 117.7 119.5 121.9 124.2 124.3 121.9 120.6 119.4 116.4 116.4 116.4 117 118 121.6 121.4 121.6 119 116.4 116.9 118.1 118.6 118.7 118.8 117.7 115.3 115.8 115.1 117.4 122.7 127.7 127.3 127 127.4 128.9 127.2 125.2 123.8 123.9 124.1
195.3 193.9 191.1 186.5 181 175.3 168.5 160.9 153.3 147.4 143.1 139.7 137.5 135.5 133.1 130.5 127.9 126 124.4 122.8 123.1 123.4 123.2 122.6 122.4 122.3 122.3 122.3 122.3 122.4 122.4 122.4 122.4 122.4 122.5 122.5 119.6 118.9 118.3 117.7 117.7 123.5 126.1 128.6 127.5 126.6 125.8 125 120.4 116.4 117.6 117.3 118.4 123.4 125.5 123.9 121 119.2 119.2 120.1 120.8 121 120.9 118.3 115.6 114.8 114.8 118.5 126.1 128.6 128.3 128.3 129.5 130 128.7 126.7 124.8 124.6 124.8
193.6 192.6 190.1 184.8 179.2 173.5 167.4 159.9 153.1 148.8 144.5 141.1 139 136.9 134.8 132.3 129.7 127.5 125.9 124.4 125.3 125 124.9 124.7 124.3 124.2 124.1 124 123.9 123.8 123.8 123.8 123.8 123.8 123.8 123.9 122.6 122.2 121.4 120.6 123.5 127.3 129.5 131.7 131.5 131 130.5 130 127.4 121.6 118.3 118.6 119.8 124.9 128.8 126 124.1 123 122.7 122 123.1 123.2 121.5 119.3 117.8 116.4 114.8 120.8 128.6 129.6 129.3 130.4 131.3 131.2 130.2 128.3 126.3 125.2 125.3
191.5 190.8 188.7 183 177.4 171.7 165.8 158.9 155.1 152.4 149.6 144 140.8 138.3 136.2 134.1 131.5 129.1 127.5 126.8 127 126.7 126.4 126.5 126.4 126.3 126.2 126.1 126 126 125.9 125.8 125.7 125.7 125.6 125.5 125.5 125.4 124.8 126.4 130.6 133.8 134.6 135.4 135.1 135.2 135.3 135.4 133.5 128.3 123 118.9 120.2 124.6 128.3 129.1 128 126.9 126.1 125.4 125.2 124.7 122.9 121.5 120 118.5 117.5 124.1 128.3 131.1 132.3 133.1 132.8 132.4 131.7 129.8 127.8 125.9 125.7
187.4 187 183.9 179.6 174.5 169.6 166.5 163.4 160.8 158.2 153.5 147.9 143.8 140.8 137.7 135.5 133.3 130.8 129 129 128.7 128.3 128 127.9 128.4 128.6 128.6 128.5 128.4 128.4 128.3 128.2 128.2 128.1 128 127.3 127.2 127.6 129 133.1 137.3 141.3 142.1 143.1 141.6 140.8 140.8 140.9 139.5 134.2 127.7 120.9 120.7 124 126.9 129.8 129.1 128.7 128.3 127.7 127 126.7 125.3 123.9 122.5 121.1 120.7 126.9 131.4 134.6 136.4 136.9 136.5 135.1 133.4 131.9 130.2 128.5 127.2
184 183.7 181.9 181.2 178.5 175.6 172.6 169.4 166.6 163 157.4 151.9 146.8 143.7 140.7 137.7 134.8 132.6 130.6 130.6 130.3 130 129.5 129.3 129.9 130.6 131 130.9 130.9 130.8 130.7 130.7 130.6 130.5 130.3 128.9 129.3 132.7 136.1 139.8 143.9 148 149.5 151.7 149.7 147.3 146.4 146.5 145.4 139 132.2 125.2 120.3 123.3 126.3 128.7 128.8 127.7 126.6 126.9 128.5 128.4 127.3 126.2 125.2 123.8 123.9 128.6 133.4 137.9 140.5 140.7 140.1 137 134.8 133.8 132.8 131.3 129.6
184.1 186.1 184.7 184.4 184.3 181.6 178.7 175.4 172.4 166.9 161.4 155.8 150.3 146.7 143.7 140.6 137.6 134.6 132.6 132.1 131.5 131 130.5 130.5 131.4 132 132.7 133.3 133.3 133.2 133.2 133.1 133 133 131.9 132 135.9 139.8 143.2 146.7 150.5 154.6 157 160.3 158.1 154.6 152.9 152.1 147.9 142.8 135.8 128.6 119.9 122.7 125 127.4 126.6 125.5 126.9 128.4 130 130.1 129 128 126.9 125.8 125.4 128.9 133.2 138.2 141.5 142.5 141.5 137.3 136.2 135.2 134.2 133.2 132.2
185.1 187.2 187.5 187.5 189.6 187.4 184.7 181.5 174.9 169.5 164.1 158.7 153.3 148.6 145.1 141.7 138.3 135.7 133.6 133 132.5 132 131.6 131.8 132.2 133.2 134.1 134.8 135.5 135.7 135.6 135.5 135.4 134.9 135.1 137 140.2 145.8 150.3 153.7 157.5 161.3 164.5 168.9 166.2 162.8 157.4 151.2 145.6 141.9 138.2 130.3 120.7 121.5 123.7 125.5 125.3 126.8 128.4 130 131.5 131.8 130.8 129.7 128.6 127.8 127.6 129.3 133 137.1 139.4 141 140.1 138.6 137.5 136.2 134.8 133.5 132.6
