STL Generation/terr50_gagg_gb/data/NC71.asc
ncols 200
nrows 200
xllcorner 270000
yllcorner 910000
cellsize 50
[rows 35 to 69 of 200, columns 78 to 155 of 200]
181.5 180.6 179.4 179.5 179.7 179.8 179.3 178.6 178.4 178.3 178.2 177.3 174.3 171.5 169 166.6 164 161.3 159.2 160.1 159 155.9 152.6 150.3 149.8 149.5 148.8 148.6 148.7 148.8 149 149.2 149.5 149.7 149.6 148.6 147.8 147.4 146.9 146 148.4 151.4 155 158.3 159 160.5 159.1 159.5 161.9 164.7 170.2 175.8 181.3 186.9 191.5 194.7 197 199.3 200.7 201.7 203 204.4 205.7 207.1 208.5 210.3 212.7 215.1 217.6 220 221.6 222.5 224.8 227 229.1 228.2 226.9 226.1
179.9 178.8 177.7 177.9 177.8 177.5 176.7 175.7 175.1 174.9 174.8 173.9 172.6 169.9 167.5 165 162.3 160.4 159.5 159.1 158.7 155.8 152.5 151.6 151 150.5 150.1 149 149 148.9 149.1 149.3 149.6 149.8 149.9 149 148.6 148.1 147.7 146.7 146.1 149.7 153.2 155.6 156.8 156.6 157.7 159.1 160.5 162.4 168.4 174.6 180.7 186.9 191.7 193 195.5 198 200.5 201 202.3 203.5 204.8 206 208 210 212.4 214.8 217.4 220.6 220.8 221.3 223.1 225.3 226.3 225.8 224.6 223.5
176.8 176.6 176.1 175.8 175.5 175 174 172.9 171.9 171.6 171.3 170.4 169.6 168.2 165.9 163.7 161.7 159.9 159.3 158.4 157.7 155.9 153.4 153.3 152.7 152 151.3 150.7 149.2 149 149.1 149.4 149.7 149.9 150.2 149.7 149.3 149 148.8 148.1 146.7 146.7 149.3 152.3 152.6 154.3 155.1 155.2 159.7 162.6 168.8 175.1 181.4 187.7 190.8 191.7 193.5 196 198.6 199.6 200.8 202.1 203.8 205.9 207.9 210 212 214.6 216.7 218.5 220.2 220.6 221.4 222.7 223.4 223.5 222.2 221
173.4 173.5 173.7 173.5 173.2 172.3 171.2 170.2 169.1 168.6 168.7 167.8 167.1 166.1 163.8 162.7 161 159.7 158.8 157.9 157 156 155.4 155 154.3 153.5 152.8 152 150.8 149.6 149.3 149.7 150.2 150.7 152.5 152.1 152 153 153 150.7 147.9 144.8 145.3 146.9 149.7 151.1 151.4 151.6 155.7 160.6 166.8 173.3 179.8 186.3 189.8 190.3 191.7 194.1 196.8 198.1 199.7 201.7 203.8 205.8 207.9 209.9 211.9 213.2 214.6 216.3 218 219.8 220.4 220.9 221.3 221.5 221.1 220.8
170.3 170.6 170.9 171.2 170.6 169.5 168.3 167.2 166.3 166 166 165.2 164.6 164 161.9 161.3 159.9 158.9 158.1 157.3 156.5 155.8 156.5 156.3 155.6 154.8 154 153.2 152 150.9 150.2 150.7 151.5 153.4 155.3 155.9 157.4 158.8 158.1 155.7 152.5 149.4 147 143.9 142 144.5 148.1 147.2 152 157.9 164.3 171 177.7 184.4 186.4 188 189.9 192.3 194.9 197.3 199.4 201.5 203.6 205.7 207.8 209.9 211.1 212.3 213.8 215.3 216.7 218.2 219.7 221 220.9 220.6 220.1 219.6
169.1 168.9 169.2 168.3 167.4 166.3 165.2 164.4 163.8 163.4 163.4 162.8 162.2 161.6 160.2 159 158.7 158.3 157.8 157.3 156.6 155.9 156.7 157.4 156.8 156 155.2 154.4 153.2 152.3 151.4 152.4 154.2 156 157.8 159.4 160.8 160.8 160.7 159.8 156.5 154.5 152.8 149.4 147.4 144.7 139.1 143.4 148.9 155.2 161.7 168.3 175 181.5 184.1 186.2 188.4 190.5 192.7 195.8 197.9 200 202.1 204.2 206.3 208.7 210.2 211.4 212.9 214.4 215.9 217.3 218.8 220.3 220 219.5 219 218.5
168.2 166.9 165.7 164.8 163.9 163 162.6 161.9 161.2 160.9 161 160.4 159.7 159.1 158.6 157.9 157.3 157 156.5 156.1 155.8 156.3 156.9 158.4 157.8 157.2 156.5 155.6 154.6 153.9 153.7 154.8 156.4 158.2 159.5 160.3 160.9 160.9 160.9 160.9 159.5 159 157.4 153.7 151.2 144.6 139.6 141.6 146.5 152.6 159.1 165.2 172.6 179.2 182.9 184.9 187 189 190 193.2 196.4 198.5 200.6 202.7 205.3 207.6 209.3 210.5 212 213.5 214.9 216.4 218 219.2 218.8 218.4 217.9 217.3
165.7 164.3 162.4 161.5 160.8 160.6 160.5 159.8 159.3 159 158.8 158.3 157.9 157.8 159 158.9 156.6 155.8 156 156.3 157 158.6 159.9 158.8 158.8 158.2 157.6 156.9 156.9 157.1 156.3 157.4 158.9 158.7 159.4 160.4 160.9 161.1 161.9 161.8 160.4 159.3 158.3 153.6 150.3 142.7 140.1 141.1 146.2 150.3 156.9 163 171.2 176.4 180.4 184 186.1 188 188.4 190.6 194.8 197.1 199.2 201.8 204.4 206.4 208.1 209.6 211.1 212.5 214 215.5 216.9 217.6 217.4 217 216.6 216.2
165.2 162.2 160.2 159.4 159 158.7 158.3 158 157.6 157.2 157 156.7 156.4 156.9 158.2 159.8 160 157.5 157 157.7 158.5 160.6 161.6 160.4 159.9 159.1 158.1 159.1 160.2 159.8 158.9 159.7 159.3 159 159.7 160.5 161.3 162.1 162.9 162.5 161.3 160 156.7 152.1 146.6 139.6 139.9 141.6 144.4 148.2 155.1 162 169.4 173.6 177.6 181.6 185.2 186.6 188.1 189.9 192.8 195.7 198.3 200.9 203.5 205.4 207.4 209.4 211.1 212.3 213.5 214.7 215.3 216 216 215.6 215.2 214.7
164.9 161.5 159.4 158.8 158.6 158.2 157.6 157.1 156.7 156.3 155.9 155.4 155.5 156 157.5 159 160.5 160.1 158.6 159.1 161.7 165 163.6 162.3 160.9 159.1 159.8 162.8 164.3 163.6 162.7 161.9 162.1 161.9 163.8 163.1 163.1 163.1 163.6 163.2 162.2 159.8 154.8 149.2 143.9 139.4 140.2 141.1 142.2 146 153.1 162.7 168.5 172.9 176.7 180.5 184.2 186 187.8 189.3 192.2 195 197.6 200.2 202.6 204.6 206.7 208.8 210.8 212.7 213.9 214.3 213.7 214.4 214.5 214.1 213.7 213.3
163.4 161 159.3 158.6 158 157.4 156.8 156.3 155.9 155.5 155 154.6 154.8 155.2 156.7 158.2 159.8 161.2 163.5 162.1 165.8 167.6 166.3 165.3 164.4 165.5 166.7 168.6 169.1 168.8 168.3 166.4 167 166.9 167.1 166 166 165.8 164.6 164.1 162 159.5 153 147.2 141.5 139 140.4 140.9 141.5 144 152.6 161.2 167.2 172.1 176.6 180.9 182 184.1 186.3 188.6 191.8 194.3 196.8 199.2 201.7 203.7 205.8 207.9 210 212 213.8 213.9 212.7 212.8 213.1 212.7 212.3 211.9
163.1 160.9 158.8 158 157.3 156.7 156.1 155.6 155.1 154.6 154.2 153.8 154.1 155.5 157 158.2 161 169.3 168.6 165.4 168.6 170.5 169.4 169.7 170.4 171.2 171.9 172.6 173 173.3 175.9 176.9 174.2 173.4 171 168.9 168.4 167 165.9 164.2 161.5 158.7 151 145.9 140.7 138.9 139.4 139.8 140.9 142.6 149.5 158 164.8 170 173.4 177.8 180.2 182.8 185.4 187.9 190.7 193.4 195.9 198.3 200.8 202.8 204.9 207 209.1 211.2 212.2 213.1 212.3 211.2 211.6 211.2 210.8 210.4
162.5 160.3 158.6 157.3 156.7 156 155.3 154.8 154.3 153.8 153.4 153.2 154.1 156.3 158.2 160 166 168.5 168.7 168.5 171.4 172.5 174.4 179.5 176.8 175.6 175.6 176.3 176.5 178 181 181 181 180.2 177.4 170.4 169.5 168.2 166.1 163.8 160.7 157.9 151.9 146.4 140.7 138.7 138 139.2 140.6 141.9 148.1 155 162.5 166.1 169.3 173 177 180.4 183.2 185.7 188.6 192.5 195 197.4 199.9 202 204 206.1 208.2 209.8 210.7 211.4 211 210.6 210.2 209.8 209.5 209.4
161.9 160 158.6 157.4 156.1 155.4 154.8 154.2 153.8 153.3 153.1 153.3 156.2 158.2 160.8 165.1 169.2 169.1 170.9 174.9 175.8 177.2 179.4 180 181.2 181.2 180.6 179.9 180.7 181.4 181.5 179.2 177.2 174.9 171.6 169.9 168.5 167.4 165.6 163.8 160.7 157.9 151.7 146.7 141.5 138.3 136.3 137.5 139.8 141.6 146.7 153.6 159.3 162.1 165.1 169 173.2 176.6 180.1 183.5 186.4 190.4 194 196.5 199 201.1 203.2 205.3 207.3 208.2 209.3 209.6 209.3 209 208.9 208.5 208.5 208.5
160.5 159.4 158 156.6 155.3 154.8 154.2 153.6 152.7 152.5 152.6 155.3 159.3 162 164.8 169.3 170.3 173 177.6 180.2 180.3 182.1 183.1 184 184.6 184.8 184.2 183.9 184.3 184.6 184.3 180.7 177.3 173.7 172.8 170.5 168 166.4 164.7 163.1 161.1 158.6 152.2 148.8 145.4 142.2 138.1 135.8 138 140.1 146.5 151.7 154.9 157.9 161.3 165.1 169.4 172.8 176.6 180.5 185.1 189.7 192.5 195.2 197.8 200.2 202.3 204.4 205.8 206.9 207.9 207.9 207.5 207.6 207.8 207.4 207 206.6
159.1 158.3 157 155.6 154.7 154.1 153.5 152.3 151.4 151.2 155.1 157.6 161.4 165.9 168.8 171.2 173.9 176.8 179.8 182.6 184.2 185 186 187.8 189 188.7 188.8 187.8 187.7 187.4 186.9 183.8 182.2 179.3 176.9 174.4 169.7 167.7 167.2 165.6 163 160.2 155.8 152.7 150.1 147.2 143.2 138.9 135.2 136.9 141.4 148.4 152.2 155.8 159 162.6 167.4 171.4 174.6 178.9 183.6 187.6 190.1 192.7 195.4 198.3 201.3 203.3 204.4 205.5 206.1 206.1 206.2 206.5 206.7 206.4 206 205.6
157.5 157.3 156 154.7 154 153.3 152.7 151.5 150.3 154.1 157.6 160.1 164.4 168.6 172.2 175.8 178.7 180.6 182.7 186.2 188.1 188.7 189.4 191.6 193.5 193.6 193.3 192 191 190.2 189.2 188.6 187.3 185.2 182.9 180 177 170.9 170 168.1 165.2 162.3 159.3 155.7 153.3 150.9 148.4 145.3 141.9 136.8 138.4 147.5 151.3 154.4 157.6 160.9 165.5 168.6 172.8 177.4 182.1 185.5 187.6 190.2 192.9 196.7 200.1 201.3 202.6 203.8 204.1 204.2 205.1 205.4 205.6 205.4 205 204.6
156.4 155.6 155 153.8 153.2 152.6 151.9 150.7 150.5 156.6 159.3 164.7 168.8 173.6 177.9 179.4 181.2 183.2 185.3 189 192.1 193.1 194 195.5 197.3 198.6 197.7 196.3 195.1 194.6 195.1 194 192.6 191.1 188.4 185.4 182 177.9 173.2 169.7 165.9 162.4 159.2 157.2 155.2 153.1 150.6 147.2 143.1 137.8 134 140.6 148.1 153 156.2 158.9 162.3 166.5 171.3 176 180.7 183.4 185.2 187.7 190.5 194.5 197.8 199 200.2 201.3 201.4 201.7 202.5 203.4 204.3 204.4 204 203.6
154.6 154.3 153.8 153.1 152.5 151.8 150.7 149.8 153.2 157.9 163.3 169.3 174.4 179.4 180.5 181.7 183.8 185.9 188.1 191.4 193.1 195.2 197.2 199.2 200 200.8 200.9 200.5 199.7 200.7 201.4 200.6 198.8 196.7 193.4 189.8 185 180.8 176.9 172.7 168.1 164.4 160.1 158.1 155.8 153 150.2 148.4 144.6 139.4 133.8 137.7 146 150.6 153.6 156.2 159.6 162.6 167.1 172 177.2 180.7 183.1 185.2 188.6 192.6 195.2 196.5 197.6 198.5 198.7 199.1 199.9 200.8 201.5 202.4 203.1 202.7
151.7 151.4 152 151.9 151.5 150.6 149.2 152.1 156.5 161.1 166.9 172.8 178.7 181.8 182.6 183.9 186.3 188.5 190.8 192.5 194.2 196.2 198.3 199.8 200 200.7 201.2 201.1 202.8 205.6 207.3 206.9 204.5 200.7 196.3 192.5 187.9 183.8 177.9 173.9 170.4 165.9 161.4 158.5 155.6 152.7 149.9 147.4 144.2 140.5 135.3 134.8 142 146.7 150.3 153.5 156.6 159.6 162.7 168 173.2 177.2 179.9 182 185.7 190.2 192.5 193.9 195.1 195.7 196 196.5 197.4 198.1 198.7 199.8 200.5 201.1
148.7 149.9 150.3 150.2 150.2 149.3 150.2 156 160.6 164.4 170.8 175.9 180.2 182.8 185 185.8 188.4 190.7 192.1 193.7 195.4 197.3 199.2 200.3 200.5 200.7 201.2 201.8 204.2 208.2 210.6 208.9 206.6 202 197.7 194.3 189.4 184.4 179.2 172.6 169.1 165.3 161 157.6 154.9 152.3 149.7 146.5 143.3 140.1 138 130.8 137.7 142.8 146.4 150.3 154.4 157.5 160.3 164.6 169.8 174.1 176 177.9 180.6 185.5 190 191.3 192.6 193 193.2 193.9 194.6 195.2 196 197.2 197.9 198.3
147.5 148.9 149.4 149.6 149.5 151.6 155.5 159.9 164 167.6 173 178.6 181.7 183.9 186.1 188.1 189.9 190.9 193.3 194.9 196.5 198.4 199.8 200.9 201.2 200.9 201.3 201.4 203.6 206.5 208.9 207.8 206.3 203 199.1 195 189.1 184.2 178.6 173.5 169.3 165.6 162 158.8 155.2 152.2 149.5 146.4 143.2 140.2 138.3 131.2 134 138.6 142.9 147.1 150.7 154.2 157.7 161.6 166.6 169.3 172.1 174.5 176.9 181.4 185.5 188.7 189.4 190.1 190.5 191.2 191.8 192.4 193.4 194.6 195 195.5
146.3 147.5 150.4 150.3 150 155.2 159.4 162.2 166.2 170.1 174.8 180.2 181.8 184.4 186.8 189 189.8 190.5 192.8 195.2 197.6 199.2 200.3 201.3 201.4 200.8 200 199.5 201.7 203.2 206.1 205.6 204.2 202.8 200.8 194 188.7 184.1 179.1 174.4 170 166.5 163.1 160.2 156.6 152.9 149.4 146.3 144.4 141.7 138.4 131.7 131.9 134 137.5 141.8 145.9 150.2 154.6 159 161.8 164.5 167.7 170.5 173.4 177.7 180.8 183.5 185 185.1 186.7 187.8 188.5 189.2 190.4 191.5 192.1 192.6
145.6 147.4 150.7 152.2 153.7 158 161.8 163.8 167.1 171.1 175.1 179 181.5 184.1 187.1 188.7 189.5 190.3 192.4 194.6 196.9 199.8 200.7 200.1 199.1 199.4 198.7 198 198.2 199.9 202.7 202.2 201.6 200.3 197 192.7 188.1 183.6 179.2 174.9 170.6 166.9 163.4 160.4 157.1 153.5 150.3 149.1 147.3 143.5 139.3 132.7 129.3 130.4 132.3 137.1 142.4 146.8 151.2 154.4 157.3 160.3 163.8 167.6 169 173 176.9 178.6 179.8 180.6 182.7 184.2 185.2 185.9 187.1 188.3 188.9 189.4
144.8 149.4 151.6 154.7 157.7 159.4 162 165.5 167.9 171.9 174.8 177.9 181.2 183.9 184.9 186.5 187.6 188.6 190.5 193.1 195.7 197.7 199.2 198.2 196.9 196.4 195.5 194.8 192.8 194.7 197.9 198.1 197.5 196.2 192.4 190.3 186.2 182 178.4 173.7 169.8 166.2 162.9 159.9 157 154.2 153.5 152.3 150.2 144.8 140.1 134.9 131.1 129.2 129.3 132.8 137.9 143.4 147 150.3 153.5 156.6 160.6 163 165.2 167.5 170 172.4 174.9 177.4 179.9 181.4 182 182.3 183.8 185 185.5 185.7
143.8 149.5 151.9 154.4 156.7 158.4 161.7 165.4 169.1 172 174.5 177.4 180.5 181.2 181.9 183.7 185.5 186.5 188.4 190.4 191.3 194.1 196.6 195.1 194 193.1 192.6 191.1 189.5 189 191.7 194.2 193 191.7 189.5 187.4 184.1 180.6 176.7 172.6 169.1 165.5 162.3 159.3 157.2 156.2 155.3 151.9 150.8 144.4 140.1 137.1 133.4 130 129.4 129.1 132.4 139.9 143.3 146.8 149.9 153.7 156.8 159.3 162.3 164.8 166.8 169.8 172.3 174.6 177.3 177.7 179 179.3 180.8 181.4 181.4 182.6
142.5 148.6 151.3 153.7 156 159.1 162.3 165.5 169 171.8 174.3 176.4 176.3 178.2 179.2 181 182.8 184.4 185.8 186.9 187.8 191.8 193.8 192.2 190.7 189.4 190 188.2 186.6 186.9 189.2 190.4 190.6 189.6 187.4 184.9 182.6 179 175.4 171.9 168.4 165 162.5 160.2 159.1 157.9 156.6 152.9 150.1 146 142 138.4 134.2 130.3 129.3 129.1 129.1 135 139.5 143.3 147.2 151 154.1 157.3 159.9 161.8 163.6 166.4 169.7 171.9 173 174.1 175.8 177.6 178.9 179.3 179.6 181
144.2 150 150.7 153.7 156.8 159.9 163 165.3 167.6 170.3 172 172.3 172.2 174.1 176.4 177.9 179.5 181 182.2 183.4 184.6 188.3 191.3 190.5 188.2 186.5 185.8 184.9 183.7 184.3 185.4 186.5 188 187.7 187 185.8 184.4 181 178.3 176.5 172.8 168.3 165.9 163.5 160.1 160 158 154.1 149.9 146.2 142.7 138.8 134.7 130.6 129.2 129.1 129.1 131 136.3 140.7 144.6 148.3 151.6 154.9 156.9 158.7 160.6 163 166.7 168.5 169.6 171.1 172.8 174.7 174.6 175.7 178.1 179.5
142.3 148.8 150.1 152.2 155.1 158 160.8 163.1 165.2 166.9 167.9 168.1 168.3 170.2 172.2 173.9 175.5 177 178.3 179 178.6 179.2 181.8 182.7 183.6 183.9 182.2 181.3 180.2 180.6 182.6 184.6 186.6 187.8 187.7 186.9 185.5 183.8 181 178.9 175.1 171.8 168 164.7 160.8 160.7 158.5 155.1 151 147 143.4 139.7 133.8 131 129.1 129.1 129.1 130.4 134.6 139 143.3 146 149.4 152.3 154.4 156.2 158.1 160.6 163.7 165.4 166.9 168.4 169.9 170.6 170.3 172.6 175.1 177.8
139.9 144.8 149.6 150.6 152.9 155.8 158.5 160.4 160.9 162 163.5 163.9 164.3 165.9 167.9 169.6 171.3 173 173.1 172.7 172.3 173.1 174.6 175.8 176.8 177.1 177.5 177.7 177.1 178.8 180.9 182.9 184.9 186.4 186.9 187.3 185.8 184.4 183 180.8 176 171.9 169 164.3 160.2 159.6 157 154.7 151.7 148.1 144.2 140.6 133.4 130.7 129.1 129.1 129.1 129.9 133.6 138.1 141.5 143.8 147 149.5 151.8 153.7 156.2 158.6 161 163 164.8 166 167 167.7 167.7 170 172.5 175.6
134.9 140 144.8 148.9 150.9 152.6 155.2 156.5 156.6 157.1 158.6 159.9 160.5 161.6 163.5 165.2 166.9 168.2 168.4 168.1 167.9 167.7 168.5 169.7 170.9 172.1 173.2 173.5 174.2 176.5 179.1 181.1 183.1 184.5 185.3 186 186 184.6 183 181.2 177.2 173.3 168.8 163.6 159.2 158.2 156.2 154 150.8 147.6 144.4 141.1 133.9 130.1 129.1 129.1 129.1 129.1 132.2 137 140.1 141.6 144.2 146.5 149 151.7 154.2 157.2 159.8 160.7 161.6 162.8 164 164.6 165.5 167.8 170.1 173.1
139.2 134.9 139.6 144.3 148.5 149.3 149.7 151 151.8 152.3 152.4 155.3 156.6 157.4 159.2 160.8 162.3 163 163.8 163.8 163.7 163.5 164.5 165.6 166.7 167.8 169 170.5 171.5 173.5 176.7 179.2 180.9 182 182.8 183.3 183.5 183 181.7 180.4 177.7 173.3 169 164 160 156.1 154.9 153.5 150.9 146.4 143 138.9 134.7 130.8 129.1 129.1 128.8 128.9 130.1 133.5 136 139 141.5 143.9 146.6 149.7 152.4 155.2 156.6 157.4 158.6 159.7 160.9 161.9 164.7 166.5 168.2 170.2
142.1 135.1 134.8 139.1 142.6 143.1 144.4 145.9 147.5 148 148.8 149.9 152.1 153.3 154.6 156.2 157.3 157.6 158.9 159.7 159.5 159.9 161.2 162.3 163.5 165 166.5 168.1 169.2 171.9 174.6 177.3 178.3 179.4 180.2 180.1 180 179.9 178.8 179 176.2 173.3 169.5 165.4 160.1 157.3 155.3 153.7 151 147.6 142.4 138.4 135.1 132 129.2 128.8 128.5 129 130.1 131.8 133.8 136.3 138.9 141.4 144.4 147.6 150.2 152.7 153.8 154.6 155.6 156.8 158.4 160.6 164.4 166.2 168.4 169.8
142.8 138.2 130.6 134 137.2 138.3 139.3 140.9 142.9 144.8 146.6 147 147.4 149 150.2 151.2 151.7 152.6 154.1 155.5 155.4 156.5 157.7 159.3 161 162.5 164.1 165.6 167.8 170 172.2 174.2 176.6 177.5 178.2 177.9 177.6 177.3 178.2 177.3 174.4 171.6 168.7 164.8 160.5 158.5 156.2 153.3 150.4 146.1 141.1 137 133.5 131.6 130.2 129 127.8 128.4 129.6 130 132.2 134.5 136.8 139.3 142.1 144.9 148.4 149.6 150.8 151.9 152.8 153.9 156.5 159.5 164.1 166.3 165.1 168.7
145.9 139.2 134.4 130.2 133.5 134.5 136.4 138.4 140.9 142.7 144.1 144.5 144.9 145.4 146.4 147.6 148.1 148.6 149.7 150.9 151.9 153.1 154.3 155.3 156.7 159.5 161.4 162.6 164.8 167 169 171.1 173.5 175.9 176.9 176.7 176.4 177.3 177.9 176.2 173.8 171 167.8 163.6 161 158.9 156 152.7 149.3 144.7 140.5 136.2 132.4 130.3 128.7 127.6 126.4 127.5 128.3 129.3 130.7 132.9 135.2 137.7 140.4 143.2 145.5 146.6 147.7 148.8 149.9 152.1 154.8 159.2 161.4 162.4 164 167.6
