STL Generation/terr50_gagg_gb/data/NC82.asc
ncols 200
nrows 200
xllcorner 280000
yllcorner 920000
cellsize 50
[rows 140 to 174 of 200, columns 79 to 157 of 200]
321.8 324.1 328 331.3 334.7 339 342.2 343.9 345.5 345.6 342.1 340 337.4 333.5 328.8 324.1 316.2 310.9 305.8 301.4 299.9 297.5 294.4 290.6 285.6 282.2 280.9 281.3 281.5 280.1 278.1 278.4 278.6 280.6 281.2 280.9 279.8 276.9 275.1 273.8 273.2 272.4 272.8 273.2 274.6 276.4 277.9 279 280.1 281.1 282.1 283 284.3 284.6 283.1 280.9 277.9 274.9 272 267.9 263.4 257.9 251.5 245.8 241.7 237.2 233.3 229.6 225 220.7 216.2 211.7 207.1 203.3 200.7 198 194.7 190.8 188.8
322.1 325.2 329 331.6 334.9 338.8 342 344.5 345.9 346.8 343.3 341.3 338.7 334.7 329.4 324 318.6 312.6 306.9 303.1 300.3 298.1 294.4 290.6 288.3 285.8 284.4 282 283 278.5 277.1 274.2 275.4 277.4 278.7 278.8 278 275.7 273.4 272 271.4 270.8 270.7 270.6 272.3 274.3 275.8 277.1 278.3 278.9 279.8 280.8 282.5 284.1 283.2 282 279.4 276.2 273.1 268.9 264.1 259 252.8 246.9 241 236.3 232.3 228.1 223.8 219.3 214.8 210.3 206.4 203.5 200.9 198.4 195 192.1 190
322.9 325.7 329.4 331.9 335 338.6 341.9 345.3 347.1 347.6 345 342.6 340.3 336.9 332.1 327.2 321.4 314.2 307.6 303.8 300.3 298 295 291.9 289.7 287.5 286.4 285.3 284.3 281.4 278.9 275.2 272.9 276.2 276.2 277.1 276.6 274.3 272.1 270.2 269.4 268.9 268.9 268.8 270.3 271.9 273.1 274.4 275.9 276.8 277.6 278.7 280.7 282.7 283.4 283 280.6 276.9 273.3 268.9 264.1 258.6 252.9 247.1 241.3 235.9 231.3 226.8 222.4 218.2 214.1 210.1 206.1 203.6 201.1 198.7 195.4 193.4 191.3
323.3 326.5 329.7 332.2 335.1 338.5 341.8 345.9 348.1 349.2 347.8 345.6 343 340 335.8 330.5 323.7 315.9 309.1 303.8 300.2 297.4 294.5 291.6 290.2 288.5 287.2 285.9 284.9 283.3 280.2 276.7 275.3 272 273.4 273.9 273.4 271 269.4 267.9 266.9 267.1 267.2 267.1 267.9 269 270 271.5 272.9 274.4 275.4 276.9 278.8 280.3 281 281.6 280.5 276.8 272.9 268.7 263.5 258 252.4 246.9 241.6 236.2 231.5 227 221.7 217.4 213.4 209.9 206.2 203.8 201.4 198.9 196.6 194.4 192.2
323.9 326.7 329.9 332.5 335.4 338.4 342.1 345.5 349.1 351 350.1 348 345.8 342.7 338.8 334 326.8 317.2 310.6 304.7 299.8 296.8 293.8 291.4 290.1 288.9 287.6 286.5 285.3 283.6 281.2 278 275.9 272.2 269.1 269.3 269.2 267.9 266.6 265.2 265.1 265.2 265.4 265.6 265.8 266.4 267.7 269.1 270.5 271.8 273.2 274.8 276.7 277.4 277.7 278.4 278 275 270.9 266.9 261.9 256.9 251.3 246.5 242.1 236.8 231.9 226.7 221.4 217.6 213.7 209.6 206.2 204.2 201.9 198.9 196.3 194.4 192.6
324.6 327 330.7 333.7 336.7 339.6 343.2 346.8 350.6 352.9 352.7 351.1 348.9 345.8 341.3 335.4 329 320.3 311.7 304.8 299.5 296.6 294.2 291.7 290.5 289.2 287.7 286.4 285.3 283.8 281.4 278.8 276.1 271.8 267.3 265.1 264.9 263.4 262.5 262.7 263.2 263.5 263.8 263.8 263.2 263.5 265.2 266.7 268.3 269.7 271.2 272.9 274.6 276.5 276 275.5 273.5 271.4 268.2 264 259.4 254.4 249.6 244.9 240.5 235.9 231.4 226.8 222.3 217.7 212.8 209.1 206.2 204.6 202.2 199.1 196.6 194.8 193
325.3 327.9 331.4 335 338 341 344.5 348.6 352.2 354.9 355 353.3 350.8 347.9 342 335.6 329.1 320.5 311.1 303.9 299.6 297 294.5 292.3 290.9 289.5 288 286.6 285.2 283.9 281.4 278.6 275.6 272.4 269.2 263.8 260 259.9 260 260.4 260.7 261.6 261.9 261.7 260.5 260.3 262 263.7 265.8 267.5 269.5 271.9 273.8 275.1 275.1 271.8 268.8 265.6 262.2 258.2 255 251.8 247.2 243.1 238.6 234 229.9 226 222.6 218 212.6 208.3 206.1 204.5 202.3 199.8 197.3 195.2 193.2
326.1 328.9 332.1 336.1 339.4 342.5 345.7 350.3 354.1 357.3 358.2 355.3 352 348.3 342.9 336.4 328.4 319.1 309.7 302.4 299.3 296.5 294.2 292.9 291.2 289.8 288.3 286.9 285.5 284.1 280.9 277.9 274.8 271.6 268.2 264.6 259.9 257 257.9 258 258.1 259 259.9 259.6 258.7 258.2 258.5 261.6 264.1 266 268.5 270.9 273.4 275.9 276 273.2 269.6 264.6 258.8 252.7 251 248.6 245.1 241.1 236.9 233 229.2 225.3 222 218.6 213 208.8 206.1 204.3 202.4 200 197.7 194.8 193.6
326.6 329.4 333 336.8 339.6 342.5 346.6 351.2 354.9 358.5 359.8 357 353.3 349.5 343.6 336.6 328.1 318.5 309.5 301.9 298.6 295.8 294 292.6 291.5 290.1 288.6 287.2 285.8 283.9 280.8 277.4 273.9 270.3 267 263.2 260.6 254.9 253.5 255.7 255.5 256.7 257.7 258 258.3 255.7 257.3 259.8 262.3 264.9 267.4 270.2 274 276.5 276.9 275.1 271.9 267.5 261.8 256.2 251.8 247.8 244.3 239.7 235.3 231.4 227.7 223.9 219.9 216.1 213.4 209.9 207.2 204.6 201.9 199.7 196.6 192.6 190.2
326.9 329.6 333.2 335.7 338.5 341.9 346.4 351.1 354.8 357.3 358.4 355.6 351.9 349.2 342.7 335.4 327.8 318 309.4 301.7 297.6 295.2 293.6 292.8 292.3 290.7 289 287.6 285.7 283.8 280.7 277.5 274.2 271 267.2 262.5 258.5 254.6 248.4 251 252.2 253.5 254.6 254.9 253.7 254.3 256.8 259.2 261.1 263.7 266.2 270.3 273.8 275.5 276.6 275.5 272.8 269.3 264 258.3 253.2 249 243.3 238.2 233.7 229.8 226 221.8 217.7 214.7 212.3 209.3 205.8 202.7 200.8 198.2 193.9 192.3 193.9
325 328.4 331.8 334.7 337.1 340.9 345.5 350.1 353 354.2 354.2 351.5 349 345 338.9 331.5 323.6 314.3 306.6 299.7 296.2 294.2 292.9 292.5 292.3 291.2 289.4 287.6 285.6 283.6 281 277.3 273.6 270.9 266.6 262.1 257.7 253.1 248.6 247.8 248.4 249.6 250.1 250.3 250.8 253.4 255.3 257.1 259.8 262.4 265 269.3 273.4 275.4 276.2 275.4 273.5 270.2 265.8 260.8 255.6 251 245.2 238.3 233.7 229.1 224.9 220.6 216.7 214.5 212.4 210 206.4 202.6 198.8 197.8 197.6 196.8 195.4
322.2 325.7 328.1 331.2 334.1 337.1 342.2 346.9 350 350.2 348.4 345.3 342.9 339.7 332.9 325.2 317.1 309.4 301.8 297.7 294.7 293.4 292.1 291.6 291.4 291.1 290 287.7 285.7 283.5 281 276.7 272.8 269.7 265.8 260.9 256 251.6 247.1 244.9 245.4 245.9 246.3 245.6 248.9 250.5 252.5 254.9 257.6 260.3 263.8 268 272.2 274.8 276.1 275.4 274 271.3 268.3 264.1 259 253.6 248.1 240.3 234.6 230.8 225.8 220.9 217.9 215.3 213.1 210.6 208.1 204 204.2 203.2 202.2 200.9 197.7
316.7 320.2 322.9 325.1 328.3 332 336.9 341.9 344.3 344.7 342.6 339.1 336.2 331.7 325.3 316.6 309.7 303.5 297.8 294.6 292.2 290.9 290 290.2 290.4 290.2 289.1 287.3 285 282.4 279.8 276.1 272 268.6 264.4 259.2 254.3 250.3 246.1 239.8 243.5 242.5 243.2 243.6 246.4 248 249.6 251.8 254.2 256.5 261 265.2 269.3 272.8 275 275.3 274.5 272.7 270.4 266.6 262.4 257.2 251.8 245.4 238.8 232.6 227 221.2 218.6 216.3 213.8 211.5 209.4 207.2 206.8 205.9 204.9 203.9 200.8
307.2 311.7 315.9 317.7 320.8 324.2 328 331.8 335.9 337.1 335.3 332.6 328.3 323.4 316.8 309 303.5 299.2 294.8 291.8 289.7 288.2 288 288.5 288.9 288.9 287.9 286.5 283.5 280.7 277.9 274.7 270.8 267.7 263.1 257.8 252.6 248.8 245.8 242.5 238.4 240.4 239.6 241 243.3 244.6 245.7 247.1 249.5 252.9 257.6 262.1 266.1 269.7 272.1 273.9 274.5 273.5 271.4 269.7 265.9 261.4 255.9 249.8 243.4 236.8 230.3 223.4 219.5 217.9 215.2 213 210.9 208.8 208.4 208 207.6 206.7 203.4
297.7 302.2 306.1 309.2 312 314.5 317.3 320.8 326 327.6 327 324.8 321 316.1 309.2 302.9 298.9 295.9 292 288.8 286.9 285.4 285.3 285.8 286.3 286.6 285.8 284.5 281.7 278.7 275.8 272.3 268.5 265.8 262 256.6 251.8 247.5 244.4 242 237.8 235 237 237.7 239 240.3 241.6 242.7 245.4 249.2 253.2 258.2 262 265.5 268.5 271.2 273 274 273.6 272.2 269.5 265.2 260.1 254 247.8 241.2 234.6 228.7 222.7 220.7 216.7 214.5 212.4 210.5 210.1 209.7 209.3 208.7 206.2
289 292.4 296.1 300 303.2 305.3 307.6 310.9 313.7 315.7 317.7 315.5 312.7 308.4 301.8 297.5 293.9 291.6 288.6 285.3 283.6 283 282.8 283.1 283.5 283.4 282.8 282 279.2 276.4 273.4 269.6 266 263.1 259.5 255.6 251.3 247.4 244.4 241.5 237.6 233.3 232 234.5 236.4 237.5 238.4 238.7 240.5 244.2 248.9 253.3 257.4 261 264.3 267.1 270.5 272.1 274.6 274.4 272.2 268.6 263.2 258.5 252.8 246.2 238.5 233 227.7 223.3 218.8 216 213.9 212.2 211.6 211 210.6 209 208.6
280.6 282.9 286.1 289.8 292.7 295.9 297.2 300.3 302.3 304.1 306 305.3 302.5 300 296 290.8 289.8 287.5 284.8 280.8 278.9 279.1 279.7 280.1 280.5 280.4 280.1 279.1 276.4 273.3 270.9 267.1 264.3 261.6 258.3 255.2 251.6 248.2 244.7 241.2 237.9 234.6 231.5 231.9 233.8 235.8 236.1 236.2 237.1 240.1 244 247.9 251.8 255.8 259.9 263.3 268 270.4 273.9 275.4 274.1 270.4 266.5 262 256.9 251 244.1 238.1 232.8 227.3 222.2 218.2 215.5 214.1 212.8 212.4 211.7 209.5 209.7
275.6 275.4 277 279.1 281.9 285.1 287.5 289.4 291.3 292.7 294.1 295 293.3 291.2 289.3 286.2 284.7 283.3 279.7 276.4 275.6 275.8 276.3 276.5 276.8 277.1 276.9 276.1 273.1 270.8 268.5 266.2 263.5 260.9 257.8 254.1 252.2 249.2 245.1 240.8 237.5 234.3 229.6 231.1 233.1 234.2 234 234.2 234.9 237.2 239.3 242.7 246.3 250.3 254.1 258.9 263.5 267.6 271.1 273.4 274.2 271.4 268.3 265.1 260.8 255.4 249.9 243.9 238.2 232.2 226.8 222.2 217.8 215.9 214.5 213.4 212.1 210.8 211.3
269.7 268.1 267.4 268.5 270.5 272.9 277.4 280.5 281.2 283.1 285 285 284.1 283.1 282.7 281.2 279.7 276.8 274.1 272 271 271.6 272.2 272.1 271.9 271.9 272.6 272 269.9 268.5 266.3 265.4 262.9 260.3 257.4 254.7 252.1 249.2 245.1 241 236.9 233.5 230 229.1 231.6 232.1 232.2 232.2 232.4 234 235.9 238.2 242.1 244.9 248.7 253.8 258.3 262.8 267 270 271.6 271.3 269.2 266.6 263.2 258.5 253.2 248.4 243.2 237.6 230.9 226 221.2 218.2 216 214.9 212.4 212.3 212.7
262.5 258.2 257.1 257.1 257.2 261.1 265.2 270.2 271.6 272.7 275.6 276.6 276.1 275.5 275.2 274.4 272.8 270.3 268.1 267.7 266.1 266.3 266.5 266.9 266.7 266.7 267.4 267.1 266.3 265.8 264.9 264.2 262.9 259.9 257 253.7 251.6 249.4 245.7 241.8 237.4 233.1 228.7 225.8 229 229.7 230.1 230.2 230.3 231.3 232.9 235.3 238.1 240.7 243.6 248.8 253.7 258.2 262.2 265.2 267.9 269.6 269.2 267.5 265 261.6 256.6 251.5 246.8 240.7 234.1 229.1 224 221 218.1 215.8 215.3 215.8 215.2
255.6 251.3 251.3 251 251.1 253.8 255.8 258.5 261.7 263.7 267.1 269.9 268.7 268.2 267.4 267.2 265.9 264.5 263 263.2 262 260.5 260.7 261.2 261.5 261.1 261.6 261.4 262.1 262.7 262.8 262 260.9 259.6 256.7 253.5 251.3 249.5 246.3 242.6 238.4 235 232.1 228.5 223.8 226.3 226.7 228.1 228.2 228.6 230.1 231.9 234 236.6 239.3 243.7 248.6 253.5 257.5 260.5 263.5 265 266.5 266.2 264.8 262.4 258.5 253.9 248.7 242.8 236.8 231.3 225.9 223 220.4 218.2 215.9 216.3 215.8
250.6 249.9 248.2 247.5 246.4 245.7 247.8 251.7 255.4 257.8 260.7 262.3 263.4 262.5 260.1 259.2 259.9 258.7 258.8 258.7 257.9 256.4 256.4 256.8 256.8 256.5 256.9 257.8 258.8 260 260.2 259.8 258.8 258.1 255.9 253.8 250.9 249.2 246.1 242.5 239.9 236.3 233 231.1 227.8 226 224.7 223.9 225.1 226 227.3 229 231.2 233.8 236.4 240.4 245.2 249.9 254.1 257.1 260.5 262.5 264.1 265.3 265.4 263.1 259.9 255.6 250.3 244.4 238.3 233.1 228.4 225.2 222.8 220.5 218.2 217.1 217
247.8 247.6 246.5 245.2 243.9 243 242.4 245.4 248.6 250.3 253.4 255.3 256.4 257.5 255.9 254.7 255.3 254.8 254.4 254.8 254.7 253.3 253 253.1 252.5 251.9 252.2 253.1 254.8 256.3 256.8 256.6 256.4 255.4 253.6 252.5 250.8 249.1 245.8 243.5 241.3 237.5 234.3 232.7 231.3 229.5 226.9 219 222.4 223.7 224.5 226.1 228.2 230.8 233.6 237.7 241.7 246 250.2 254 257.4 259.8 261.6 263 264.2 263.5 260.8 257.2 251.9 245.9 239.8 234.8 230.9 227.5 225.1 222.8 220.6 219 218.7
244.7 245.9 244.5 243.4 241.8 240.2 238.9 240.1 240.3 242.4 246.4 249 250.1 251.7 250.9 249.2 249.8 250.7 250.8 251.2 251 249.9 249.1 249.6 249.1 248.5 247.7 248.3 249.7 251.7 252.2 252.5 253.3 252.8 251.4 250.6 249.9 248.9 246.6 244.6 242.6 238.8 234.8 233.1 231 231.2 229.1 223.8 219.4 221.7 222.3 222.9 224.8 227 230.3 234 237.3 241.3 245.5 250.1 254 255.9 258.3 258.7 260.1 260.1 258.9 255.9 252.9 247.6 242.5 237.7 234 230.4 227.5 225.2 223.4 221.5 221
240.8 243.2 242.1 240.9 239.3 237.6 235.9 237.2 236.7 238 239.8 242.1 244 245.8 245.6 244.4 244.7 246.1 247.2 247.6 247.2 246.3 245.1 246.1 245.8 245.1 244.3 243.7 244.2 246.9 248.7 249.4 250.2 250 249.8 249.4 249 248.1 247.1 245.1 242.6 238.5 235.2 232.8 230.9 230.3 229.3 227.8 216.9 219.6 219.4 220.6 222 223.8 225.9 229.1 232.8 236.7 240.7 244.5 248.8 251.7 253.9 255 254.7 254.6 253.7 251.7 250.2 246.9 244.3 240.7 237.2 234.7 230.9 227.6 225.4 223.4 223.3
235.6 237.1 236.5 236.2 235.5 234.6 233.1 232.9 232.6 232.6 233.1 233.8 235.2 237.4 237.3 237.5 237.5 240.3 241.8 243.6 243.1 242.4 241.5 242.3 241.9 241.1 240.9 240.1 240.5 242.4 244.6 245.8 246.9 247.4 247.3 246.9 246.4 246.1 244.8 243.4 240.4 236.9 233.7 231.4 229.3 228.1 227.2 223.5 218.2 215.6 217.1 218.6 219.9 221.1 222.3 224.3 228 231.4 235.1 238.3 243.1 246.7 249 250.7 250.2 249.5 248.6 247.1 245.7 244.4 241.2 239.8 238.8 236 233.8 231.2 227.3 225.7 225.2
231.9 231.6 231.4 231.3 231.1 230.8 229.8 228.8 227.8 226.8 224.7 224 223.7 223.9 224.8 227.5 229.1 232.4 235.5 237.5 237.7 237.2 236.8 237.5 237 235.5 235.3 236.1 236.3 238.2 239.4 241 241.7 242.9 243.7 243.6 242.6 241.9 240.3 239.7 237.2 233.9 231.4 229.1 227.2 223.7 221.7 218.2 215 213.7 215.5 216.7 217.5 218.3 219.6 220.9 223.6 226.8 230.6 233.8 237.4 241.5 243.7 245.6 245.7 245.2 244.5 242.9 241.3 239.9 238.2 237.2 236.4 235.9 233.3 232.2 229.6 227.5 226.1
229.2 228.6 229 228.7 228.2 226.9 227.1 226.1 223.4 221.6 219.9 219 217.5 217.4 217.5 220.1 220.9 223.6 227 230.2 232 232.2 232.3 232.1 231.7 230.4 228.8 230.4 231.2 232.3 233.3 235.3 236.5 238 238.2 238.4 237.6 237.2 235.3 232.9 232.5 230.5 228.7 226.8 222.9 219.4 217.4 215.7 212.4 211.6 213.6 214.6 215.5 216.4 216.8 218.4 220.2 223.4 226.9 230.4 234.1 236.9 239.5 241.6 242.3 242.2 241.8 240.3 238.7 237.1 235.9 235.2 234.5 233.9 233 231.3 228.9 226.9 227.4
229.4 225.2 226.1 225.5 225 223.2 223.6 221.1 218.7 217.8 216 215.8 213.5 212.3 212.4 213.1 214.3 215.2 218.8 222.5 225 225.8 225.4 226.1 226.4 224.5 223.8 225.8 226.2 227.7 229.3 230.9 231.8 232.4 233 233.2 232.5 231.9 230.2 228.4 227.2 226.3 224.8 222.7 220.4 217.8 215.4 212.8 209 209.3 211.3 212.9 214.1 214.5 214.6 215 216.9 220 223.6 227.5 231.3 234.9 237.5 238.7 238.9 239 238.9 237.7 236.1 234.9 234.1 233.4 232.9 232.6 231.6 230.8 230.7 229.9 229.6
232 229.6 227 225.1 223 220 219.2 218 214.3 214 212.5 212.3 211.1 211 210.2 208.6 211.8 212.5 213.2 215.7 216.7 217.8 219.6 220.3 218.7 219.5 220.9 221.6 222 222.7 225 226.1 227.2 228.7 229.4 229.1 227.2 225.9 224.9 222.7 220 219.1 218.8 216.9 214.9 213 211 209.2 206.7 207.7 209.3 210.9 212.4 212.8 212.9 213.1 214 217.1 220.8 224.8 228.7 232.6 234.6 235.4 235.5 235.6 235.8 235.2 233.9 233.1 232.3 231.9 231.8 231.6 231.1 231 231 231.1 231.6
234.4 232 229.7 227.8 226.1 226 225.3 223.4 223 221 219.8 217.9 216.1 214.7 212.9 207.7 208.8 209.5 209.2 210.7 209.5 211.7 212.1 211.2 212.4 216.2 217.1 218.2 218.2 216.6 219.7 221.1 223.2 224.7 225.3 224.2 224 222.9 220.5 218.5 216.1 215 214.4 213.6 211.9 210.5 209.3 206.4 203.9 206.8 208.3 209.6 210.6 211.1 211.3 211.4 212.5 214.4 218.1 222 225.9 229.7 231.8 232.9 233.3 233.3 233.2 232.9 232.1 231.3 230.5 230.2 230 229.5 229.5 229.9 230.2 231 231.5
236.8 234.5 232.3 230 229 228.9 228 226.9 225.7 224.7 223.4 221.8 220.2 218.4 216.2 213.9 210.7 207.6 206 207.1 206.6 204.3 204.5 202.3 204 207.4 211 213.1 213.1 210 212.7 214.9 218.2 220.7 220.5 221.2 221.7 220.4 219 217.3 216.2 215.1 214.7 213.9 212.9 211.2 209.4 206.3 204.5 205.4 206.7 207.7 208.7 209.2 209.5 209.9 210.9 212 215.5 219.4 223.5 227.4 229.7 230.8 230.9 231.3 231.6 231 230.3 229.5 228.6 227.9 227.4 226.9 226.7 227.4 228.5 229.6 230.5
239.3 237.1 234.9 232.8 231.3 230.4 229.7 229 228.2 228 226.3 224.6 223 220.8 218.6 216 212.4 210.5 208.1 206.2 206.4 205.7 204.9 203.9 197.3 198.4 201.7 203.7 204.5 203.3 205.7 208.7 213.3 216.7 217.5 218.7 220 220.1 219 217.5 216.4 215.5 215.1 214.2 213.2 212.1 210.4 208.1 204.6 204.4 204 204.6 206.7 207.6 207.8 207.6 208.7 209.9 212.6 217 221.8 225.1 227.5 228.7 228.8 229.1 228.9 228.8 228.3 227.3 226.3 225.5 224.8 223.9 224.2 225.4 226.3 226.7 227.7
242.6 240.5 238.4 236.6 235.3 233.9 232.5 231.8 231.5 231.2 229.3 227.3 225.6 223.5 220 217.6 214.9 213 211.4 213.6 212.1 209.5 208.3 207.6 204.7 200.1 193.8 196.3 196.7 197.7 200 203.6 208.9 212.8 215.2 217 218.7 219.8 218.8 217.9 217.1 216.3 215.5 214.5 213.7 212.9 211.9 210.4 208.2 206.1 202.6 202.6 204.9 205.7 205.3 206.1 207.2 208 210.1 214.1 218.2 222 224.6 226.5 226.9 227.3 227.2 226.6 225.6 223.9 222.9 222.3 221.4 220.9 221.7 222.9 223.1 223.7 224.7
245.6 243.9 241.8 240.5 239.2 237.9 236.4 235.3 235 234.2 232.8 231.1 229.4 227.2 224.6 220.4 218.4 215.9 217.8 216.8 215.3 212.4 209.1 208.2 207 204.2 200.5 192.1 191 192.8 194.6 198.8 203.6 208.2 211.9 215.7 217.7 219.7 219.3 218.8 217.8 217 216.5 216.2 215.7 215.4 214 212.6 210.8 208.7 204.4 201.6 202.2 202.1 203.7 204.7 205.8 206.1 207.6 211 215 218.4 220.8 223.2 224.8 225.7 224.9 223.7 222.9 221.4 220.1 219 218.4 218.6 218.7 219.8 220.4 220.6 221.7
