STL Generation/terr50_gagg_gb/data/ND03.asc
ncols 200
nrows 200
xllcorner 300000
yllcorner 930000
cellsize 50
[rows 140 to 174 of 200, columns 78 to 155 of 200]
213.7 211.5 211 208.8 207.4 209 211.3 211.4 211.8 212 211.5 210.5 209.6 210.2 210.1 209.9 210 209.8 209.7 209.4 209.3 208.8 208.2 207.7 207 205.2 204.8 208.1 210.3 215.4 219.4 221.1 222.3 223.6 224.8 225 224.8 224.6 223.3 221.6 220.6 219.1 216.7 214.3 212.1 209.9 205.2 201.9 198.4 196.3 195.8 194.4 192.9 191.1 189.6 187.9 186.1 183.8 181.2 179.9 181.4 180.3 178.4 176.1 175.9 175.5 174.8 173.8 172.6 171.5 170.2 168.5 166.7 165.4 164.7 164 164 163.8
218 215.3 214.1 213.3 210.8 213.4 213.9 214.1 214.6 214.4 213.5 212.6 211.6 211.4 211.2 211 211 210.8 210.7 210.5 210.5 210.1 209.2 208.7 208.3 208 206.1 207.2 208.7 211.2 215.2 218.2 219.4 220.6 222 224.4 225.4 226 226 225.2 224.1 221.5 219.2 216.4 213.2 210.6 207.2 202.1 202.9 202.2 201 199.6 197.2 194.3 192.8 191 188.9 186.5 183.8 182.1 183.3 182.5 180 178.4 179.6 179 177.8 176.7 175.5 174.3 172.6 171 169.1 167.6 166.7 166.4 166.4 166
219.7 217.6 215.1 214.9 213.4 215.1 215.9 216.7 216.9 216.5 214.8 213.7 212.8 212.4 212.2 212.2 212.8 212.1 211.7 211.7 211.7 211.4 210.4 209.7 209.3 209.4 209.1 205.9 207.4 208.7 212.4 214.8 216.8 219.2 221.5 224 225.6 226.5 228.4 227.5 226.4 223.8 221.6 219.3 216.1 212.9 209.2 207.4 207.9 207.5 206.2 204.2 201.4 198.2 195.6 193.5 191.4 189.3 185.7 184.4 185.6 183.5 181.5 180.7 181 181.3 180.7 179.5 178.4 176.8 175.1 173.4 171.5 169.9 168.8 168.8 168.8 168.2
220.9 218.7 216.7 216.7 215.9 216.4 217.4 218.4 218.8 218.3 216.9 215.2 214.1 213.6 213.3 213.9 214.4 213.9 213.6 213.4 213.3 212.7 211.5 210.5 210.4 210.7 211.1 209.4 209.2 209.2 208.7 212.7 216.4 218.7 221.1 223.6 225.8 227.1 229 229.9 228.5 226.3 224.1 222 218.9 215.5 212.2 211.7 212.4 211.6 210.1 208.7 205.9 203.1 199 195.7 193.7 191.7 188.9 186.9 188.5 187.1 185.2 185.1 184.5 183.7 183.1 182.4 180.9 179.2 177.5 176.2 174.3 173.7 172.7 171.2 171 170.5
222.3 220 219.2 218.9 218.1 218.3 219.2 220.1 220.8 220.1 218.9 216.8 217.1 215.3 215.5 215.9 216.2 215.9 215.7 215.2 214.8 214.3 213.1 212.4 212.6 212.6 212.8 212.7 212.8 213 213.1 211.3 215.1 218.2 220.6 223.2 225.8 227.8 229.7 231.2 230.4 228.5 226.6 224.4 221.8 219 216.5 214.8 215.1 214.5 213.7 212.8 210.8 207.8 203.6 199.4 196 193.7 193.2 190.3 190.8 190.8 189.1 189.1 189.1 188.1 187 187.4 186.4 185.4 184.2 182.3 180.9 179.2 177.3 175.4 173.8 173.2
224.1 222.5 221.7 220.9 220.1 219.9 220.9 221.9 222.8 223 221.5 219.7 218.1 217.6 217.7 218.7 218.3 218 217.7 217.4 216.4 215.9 215.5 215.4 215.3 216.2 216.4 215.8 215.9 216 216.2 215.4 214.7 217.3 220.3 223.2 226 228.4 230.3 232.2 231.7 230 228.1 226.2 224.7 222.5 220 218.1 219.2 219.3 218.5 217.3 215.1 211.8 207.9 204 199.8 196.4 195.9 193.7 193.6 193.3 193.1 193.1 193.4 194.7 194.5 194.5 193.5 192.1 190.4 187.1 184.4 182.5 180.7 179 177.1 176.6
224 223.9 223.5 222.8 222 221.3 222.6 224.2 227.4 228 225.5 224.1 221.6 220.6 220.8 222.1 221.7 220.5 220 221.1 221.7 220.7 220.2 221.2 221.8 222.2 220.6 219.3 219 219.1 219.2 218.8 218.1 216.6 220 223.4 226.3 228.9 230.9 232.9 232.7 231.6 229.7 228.1 226.7 225.3 222.3 223.5 224.8 224.6 223.2 221.2 219.2 215.2 211.4 207.8 204.2 201.5 199.4 197.6 197.6 197.8 196.4 197.6 198.8 200.1 201.3 200.1 198.4 196.6 194.3 191.9 188.6 186.3 184.6 182.9 181.2 180.4
225.9 225.5 225 224.5 221.8 223 227.8 231.2 232.5 232.3 231.6 230.2 227.7 227.4 226.2 225.3 227.2 227.3 228.2 228.9 228.5 227.1 227.5 228.4 228.5 227.4 225.5 223.8 222.1 222 221.2 220.3 219.4 217.6 219.3 222.7 226 229.4 231.4 233.4 233.8 233.1 231.5 230.1 230 229.7 230.3 229.9 229.9 228.9 227.5 226.6 222.7 218.5 215 211.7 208.2 205.5 203.3 200.9 200.5 200.7 200.1 202.3 203.9 205.4 206.8 205 203.1 201.2 198.3 196.6 193.8 191.5 189.3 187.3 185.9 185.1
230.4 230 228.3 228.1 229.3 231.3 235 235.9 237.2 238.3 238.7 238.8 237.2 234.4 235 235.3 236.6 238 237.3 235.7 235.8 235.2 236.2 235 233.7 232.6 230.4 227.9 225.4 224 222.9 221.8 220.6 219.1 219.5 223 226.6 229.3 231.8 233.8 235 234.2 233.6 233.8 234 234.3 233.9 232.8 232.5 232 231.1 228.7 226.1 221.9 218.6 215.3 212 211.2 208.2 205.6 205 206.5 208.5 211.3 212.9 212.9 212.5 211.1 209.2 207.2 204.2 202.5 199.4 196.8 194.5 192.3 190.5 189.7
238.8 238.8 237.2 237.4 238.4 239.9 241.1 241.9 242.5 242.9 243 243 241.5 239.9 240.2 242.4 244 242.6 241.8 240.7 241.2 240.9 240.2 239.2 237.3 235.2 232.6 230.3 227.8 226.7 225.1 223.3 221.4 219.2 220.3 223.7 226.5 229.3 232 234.2 235.8 235.8 235.9 236 236.3 236.2 235.8 235.5 235.1 234.6 233.6 232.6 229.4 226.7 223.4 220.1 216.8 215.7 213 213 213.2 214.9 216.9 218.6 219.1 218.7 218 216.6 215.2 213.5 210.9 208.5 204.7 201.9 199.7 196.8 195.1 194.5
244.2 244.6 245 244.2 243.9 244.4 244.9 245.9 246.6 246.9 246.9 246.5 245.9 245.2 245.8 246.5 246.8 246.3 245.7 244.5 244.5 244.1 243.1 241.2 239.3 237.1 234.8 232.3 229.2 227.4 225.5 223.7 221.8 219.4 220.4 223.7 226.5 229.2 232 234.1 235.7 237.1 237.4 237.6 238 238 237.7 237.8 237.8 236.9 236.1 235.3 234 231.8 228.4 225 223 222 219.3 219.3 219.2 220.5 222.5 224.5 224.2 223.5 223 221.8 220.1 217.9 215.3 212.8 209.5 206.3 204.5 201.2 199.7 199
249.6 250 250 249.6 248.9 249.2 249.7 250.1 250.7 250.3 249.7 249 248.3 248 248.2 248.6 248.4 247.9 247 245.7 245.2 245.5 245 243.1 241.3 239.2 235.8 232.4 229.7 227.7 225.9 224.1 222.2 221 222.4 223.9 226.6 229.4 232.1 233.8 235.4 236.9 238.1 238.4 239.1 239.7 239.6 239.5 239.8 240.1 239.4 238.6 237.2 235.3 233.2 230.3 228.7 226.8 225.1 225.1 225 225.7 227.7 228.3 228.5 228.3 227.8 226.5 224.4 222 219.4 216.8 212.6 209.7 208.7 206.4 204.5 204.1
255 255.1 254.9 254.8 254.2 253.9 254.4 254.8 253.7 252.9 252.1 251.5 251.2 251.4 250.4 249.9 249.1 248.6 248.2 247 245.9 246.2 245.9 245 242.8 239.7 235.9 232.6 230.1 228.1 226.2 224.4 222.7 221 223.2 224.2 226.9 229.5 231.9 233.5 235.1 236.6 237.9 239.1 239.7 241 241 241.3 241.6 242 242.3 241.9 240.4 238.4 236.4 234.5 232.7 230.8 230.5 230.5 230.6 230.7 231.2 231.9 232.4 232.1 231 229.6 228.3 226.2 223.6 221.1 217.4 214.9 213.7 211.6 209.9 209.9
259.4 260.1 259.9 259.8 259.6 259 258.5 257.5 256.5 256.2 254.8 254 253 252 251.1 251 250.6 249.4 248.9 248.2 247 246.9 246.7 246 243.6 240.6 236.3 233.3 231 228.4 226.6 224.9 223.3 222 223.8 224.7 226.6 229.6 231.6 233.2 234.7 236.3 237.8 238.9 241.6 242.5 242.8 243.1 243.4 243.6 243.9 244.2 243 241 239 237.8 236 234.3 234.5 235.5 235.5 235.8 236.1 236.2 235.7 234.7 233.6 232.4 231.6 230.2 227.9 225.5 222 220.5 219.1 216.6 215.6 215.6
263.1 264.7 264.5 264.1 263.1 262 261 260.3 259.4 259.1 256.9 254.7 253.6 252.6 252.1 252.2 252 250.9 249.7 249.1 248.2 247.7 247.5 246.1 243.7 241.8 238.1 234.8 232.2 229.4 227.1 225.5 224 222.4 224.5 225.9 226.8 229.6 231.2 232.8 234.4 236 237.7 240.6 242.9 243.5 243.8 244.1 244.3 244.6 244.9 245.2 244.5 242.5 241 240.3 239.5 238 238.4 239.4 240.2 239.7 239.2 238.7 238.2 237.6 236.4 235.8 235.1 233.6 231.7 229.5 228.2 226.1 224.7 222.5 221.3 220.7
264.4 265.4 266.5 265.6 264.4 263.9 263 262.4 260.5 259.2 257.8 256.1 254.2 253.2 253.2 253.3 253.4 252.3 251.2 250.1 249.3 248.4 248.3 246.2 244.3 242.7 239.6 236.5 233.3 230.5 227.9 226.4 224.8 223.2 225.1 226.8 228 229.5 231.3 233.1 234.9 236.7 238.3 240.9 243.2 244.3 244.8 245 245.3 245.6 245.9 246.2 245.9 244 243.4 242.6 241.9 241.4 241.8 241.8 241.9 242 241.7 241.2 240.8 240.6 239.6 239.2 238.2 236.8 235.6 233.3 232.1 231.1 230.1 228.4 226.5 224.6
265.1 266.4 267.5 267.1 265.8 265.3 263.8 262.2 260.5 258.9 257.6 256.3 255.1 254.3 254.4 254.4 254.5 253.7 252.6 251.5 250.4 249.5 248.7 246.8 245.2 243.5 241.2 237.8 234.3 231.4 228.8 227.3 225.8 224 225.7 227.5 228.6 230.4 232.2 234 235.7 237.4 239 241.3 243.3 244.3 245.7 246 246.3 246.6 246.9 247.3 247.3 246.4 245.7 244.9 244 243.2 243.5 243.6 243.7 243.8 243.9 243.7 243.4 243.4 242.8 242.7 241.4 240.3 239.2 237.2 236 235 232.5 231.7 231 229.8
264 266.4 267.4 267.4 266.7 264.1 262.8 262 260.4 258.6 257.3 256.1 255.2 255.4 255.5 255.6 255.7 255.2 254 252.9 251.8 250.7 249.4 247.9 246.4 244.9 242.1 238.8 235.4 232.6 230.2 229 227.5 226.1 227 228.2 229.1 231.3 233 234.7 236.4 238 239.7 241.6 243.5 244.2 245.5 247.6 248.7 249.8 249.6 249.1 248.8 248.7 247.8 247 246.2 245.3 245.3 245.4 245.5 245.6 245.7 245.8 246 246.1 246 245.9 244.9 243.8 242.8 241.1 240 237.8 234.9 234.2 233.5 232.9
262.4 264.6 266 265.7 264.9 262.6 261.5 260.8 260.1 258.4 257.1 255.9 256.2 256.5 256.6 256.7 256.8 256.6 255.5 254.4 253.3 252.3 251.2 249.6 248.1 246.3 242.8 239.9 237.5 235.4 233.2 231.4 231.1 230.6 230.3 230 230.1 232.3 234 235.4 237 238.7 240.4 242 243.6 244.8 248.3 251.2 251.4 250.9 250.4 250.1 250 250 249.6 249.1 248.3 247.4 247.1 247.2 247.3 247.1 246.9 247.2 247.9 248.8 248.6 248.5 248 247.4 246.3 244.9 243.2 240.2 237.3 236.7 236 235.3
260.3 261.8 263.3 263.7 263.1 261.1 260.3 259.6 258.9 258.1 256.8 256.9 257.2 257.5 257.7 257.8 257.9 258 257 256 255 254 253 251.4 249.8 248.1 247 245 243.2 241.5 240.4 237.7 235.7 234.9 234.3 233.7 232.1 233.4 235.7 237.1 238.5 240 241.4 242.9 244.8 246.8 250.9 252.4 252.2 251.7 251.3 251.2 251.1 251.1 250.2 249.7 249.3 248.8 248.5 248.3 248.2 248 247.9 248.8 249.6 249.8 250.8 250.7 250.4 249.9 249 248.5 245.5 242.5 239.8 239.2 238.5 237.3
259 260 260.7 260.8 260.3 259.8 259.2 258.5 257.8 257.1 256.3 257.6 258.2 258.5 258.8 258.9 258.9 258.5 258.3 257.6 256.6 255.6 254.7 253.2 253.5 254.1 253 252.6 252.1 250.2 247.5 244.7 242.7 240.6 238.6 237.4 235.4 235.5 236.9 238.8 240.1 241.6 243.1 244.8 246.9 249.2 252.1 252.6 253 252.6 252.4 252.3 252.2 252 250.8 250.3 249.8 249.4 249.3 249.2 249 248.8 249.8 250.4 251.1 250.7 252 252.8 252.8 251.7 250.7 249.3 247.7 244.9 242.3 241.7 240.4 239
257.5 257.8 258.7 258.6 258.1 258 258.4 257.8 257.1 256.5 254.6 255.4 256.7 258 259.2 259.4 258.9 258.7 258.8 258.4 257.9 257.2 256.2 256.5 257.4 258.3 258.8 258.1 256.5 253.8 250.9 248.4 246.9 245 243.1 241.2 238.5 238.5 239.2 240.4 241.9 243.2 245.5 247.1 249.2 251.9 252.1 252 253.2 253.7 253.6 253.4 253.3 252.7 251.5 250.9 250.4 250 249.9 250.1 249.9 250.5 251.7 252.1 252.4 251.7 253 253.3 253.1 252.8 251.6 250 248.5 247 244.8 243.5 242 240.8
255.6 255.6 256.3 256.4 256 256 257 257 256.5 256 253.6 253.3 254.5 255.8 256.6 259.4 258.8 258.9 259.2 258.9 258.5 258.5 257.1 256.9 258.6 259.5 260.1 260.2 259.6 256.9 254.3 251.9 250.1 248.7 246.8 244.9 242.6 242.4 243.9 246.1 247.3 247.8 249.5 250.5 251.5 252.5 252.2 251.8 252.6 253.6 254.6 254.5 254.3 253 251.5 251.2 251 250.6 250.5 250.9 251.2 252.5 253.2 253.6 253.4 252.7 253.4 253.2 252.7 252 251.3 249.9 248.5 247 246.3 245.2 243.8 242.6
253.7 253.6 253.6 253.7 253.9 254.1 254.6 254.6 253.6 253.4 252.5 251.1 252.3 251.6 255 258.3 258.8 259.1 259.5 259.4 259.4 259.6 257.5 256.9 258.7 260.6 261.3 261.5 261.7 260.3 257.8 255.3 252.9 252.1 250.6 248.6 246.6 247 248.8 252.8 252.4 251.9 252.6 252.7 252.6 252.4 252.2 251.8 252.1 253 253.4 254 253.5 252.6 251.4 251.3 251.1 250.8 251.1 251.5 253.1 254.4 254.7 254.9 254.3 253.5 253 252.3 251.6 250.9 250.8 249.4 248.1 247.5 246.5 246.1 245.1 244.4
251 248.9 249.1 249.6 250 250.6 250.7 250.7 250.5 250 249.4 248.4 248 248.9 251.2 253.9 257.5 258.5 259.1 259.5 259.8 260 257.8 257 258.8 260.4 261.9 261.6 261.6 261.8 260.8 258.7 256.2 254.9 254.1 253.5 253.6 252.4 252.4 253.6 253.3 253.3 253.3 252.7 251.8 251.5 251.3 251.1 250 250.5 251 251.6 251.8 250.8 249.2 248.7 248.2 249.2 250.6 252.2 254.5 254.6 254.7 254.7 254.6 253.6 252.2 251.2 250.5 249.8 249.7 249.3 248.6 247.6 246.8 245.4 244.1 243.5
246 244.1 244.5 244.9 245.3 246.2 246.4 246.6 246.8 246.5 245.1 243.7 243.9 245 247.2 250.5 254.4 255.3 255.9 255.9 255.5 255.8 255.2 254.3 255.3 258.1 260.2 261.2 261.6 261.9 261.7 260.7 259.2 259.4 260.4 261.6 259.8 257.5 256.1 254.5 253.8 253.1 252.8 251.8 251 250.6 250.3 249.2 248 248.1 247.4 246.7 246.9 246.6 245.8 245.6 246.9 248.3 249.7 251.5 253.9 254 254 254 254.1 253.9 252.5 251.4 250.1 248.8 247.5 247.1 247.1 247.1 246.2 244.7 243.1 242.1
241.4 240.4 240.1 240.1 240.5 241.9 242.1 242.2 242.2 242.2 240.8 240.1 240.3 240.6 242.8 245.2 250.7 252.1 252.5 252.2 251.6 251.5 250.7 251.2 253.2 255.9 258.2 259.9 260.8 261.8 261.9 263.3 263.2 263.8 265.3 264.7 263.6 261.3 259 255.3 253.4 252.7 252.1 250.5 250.1 249.6 248.4 246.9 244.8 243 241.8 241.1 240.4 239 242.5 244.6 246 247.5 248.9 250.8 253.2 253.4 253.3 253.3 252 249.6 246.9 246 244.9 244.5 244.2 244.2 244.8 245.3 245.3 243.9 242.4 240.6
237.5 236.8 236.5 236.3 236.5 237.7 237.4 237.3 237.3 237.6 236.5 236.5 236.3 236.7 237.8 239.6 243.1 246 248.7 248.6 248.1 247.2 247.9 248.4 250.5 252.9 255.2 257.6 260.1 261.6 263.1 266.5 267.6 268.5 269.9 271.4 269.3 267.2 263 257.6 252.8 252.1 250 248.6 247.7 246.6 244.2 240.4 239 238.2 236.8 236.6 236.6 237.9 241 244.6 245.4 246.7 248.1 250.1 250.4 251 251.6 249.8 247.9 245.7 242.7 240.2 239.9 240.3 241.5 241.8 243.1 243.7 244.2 243 240.9 237.4
233.9 233.2 233 233 234.1 234 233.1 232.5 232.5 232.8 232.7 232.4 232.1 232.9 233.5 235 236.5 238.4 239.9 241.1 241.8 241.7 243 244.8 247.4 250.5 252.8 255.2 258.9 261.4 265 269.4 270.9 273.8 277.1 278.3 276.1 272 267.3 261.8 253.3 249.6 244.2 238.8 235.6 234.1 235 232 233.2 234.2 233.6 234.2 235.7 237.2 240.3 242.9 244.5 244.6 244.8 246.7 246.4 247.5 247.6 245.7 243.8 241.7 238.8 236.9 237.4 237.7 238.8 239.1 238.8 239.7 240.1 237.4 234.5 232.8
231.7 229.7 229.9 229.8 230.7 230.3 229.4 228.6 228.2 228.8 228.6 228.3 228.2 229 229.7 230.4 231.9 233.1 231 234 236.1 237.6 239.3 241.4 243.5 246.7 250.2 252.8 256.8 261.8 267.6 272.6 277.5 282.6 285.5 284.4 280 275.8 269.1 261.7 252.7 244.2 237.6 232.9 228.3 226.8 225.9 226.3 229 229.5 231.2 233.7 235.2 235.5 237.4 239.6 238.1 239.4 239.7 241 240.8 241.1 241.1 240.5 238.6 236.8 235.1 234.6 234.9 235.3 236 236.9 236.6 235.9 232.9 230.2 227.4 226.1
231.9 228.1 226.8 227.1 227.1 226.6 225.7 225.5 224.8 225.1 224.6 224.2 224.3 225.2 225.9 226.4 226.6 226.7 226.9 228.8 231.2 233.4 235.9 238 240.1 242.4 245.9 249.6 254.5 260.7 269.2 276.9 284.2 288.9 288.2 283.1 277.2 268.4 264 252.9 242.2 235.4 229.1 224.8 221 219.8 220.6 222.2 224.4 225.8 228.7 230.6 230.8 231.4 232.1 231.6 231.2 231.3 232 233 233.1 233.1 234.1 234 232.7 231.2 231 230.6 232 232.1 232.1 231.7 230.6 229 225.9 223.1 220.5 219.3
230.5 228.1 223.5 223.5 223.5 222.9 222.5 222.4 221.6 221.2 220.8 220.5 221 221.6 221.7 221.3 221.9 222.6 222.8 224.6 226.4 227.6 230 233.2 236.3 238.8 241.7 245.7 250.1 258.6 269.5 277.9 285.8 287.1 282.2 275.3 266 255.7 245.7 237.3 225.8 222.6 218.7 216.7 216.2 216.1 216.9 218.5 221.3 223.9 225.6 227 227.3 227.7 228 227.6 226.7 226.5 227 227.2 226.9 227.9 228.8 228.4 227.4 226.6 225.5 225.8 225.6 225.5 225.2 224.1 222.6 221.4 221.1 220.1 218.8 217.5
230.1 227.4 224.6 220.4 219.9 219.5 219.9 219.3 218.1 217.7 217.3 216.9 216.5 216.9 216.7 216.2 216.6 217.9 218.7 219.3 220.6 221.9 225 227.8 230.6 233.7 236.1 239.3 244 252.4 264.1 273.2 277.3 273.5 268.1 257.6 246.1 235.8 229.9 223.8 217.8 214.8 214.9 214.8 214.1 213 214.2 215.7 218.1 220.7 222.3 223.1 223.5 223.9 223.5 223.1 223.7 224.4 224.7 224.2 223.7 224.1 224.3 223.5 222.6 221.8 222.2 222.7 223.1 223.6 223.2 221.7 220.1 219.2 218.8 218 217.1 215.8
229.4 226.2 224.4 222 217.8 217 216.8 215.6 214.4 214.1 213.8 213 211.6 212 211.7 211.2 211.3 212.8 213 213.6 213.4 216.5 220.6 224 226.7 229.2 230.3 232.2 234.9 242.2 254.1 261.7 258.7 253.3 242.6 234.9 229 224.6 219 215.4 213.5 213.3 212.8 213 212 211.4 212.3 213.2 214.7 215.7 217.3 219 219.5 220.2 220.9 221.3 221.5 222.1 221.9 221.6 221.7 221.9 222.3 221.5 220.6 219.8 220.3 220.8 221.3 221.6 221.4 219.7 218.2 217.1 216.6 215.8 214.9 214.1
227.9 225.2 222.9 220.3 217.8 214.6 213.7 212.2 210.7 210.4 210.3 208.6 207 205.2 204.5 202.9 204.1 206.8 206 204.1 206.9 210.5 214.1 218.7 222.6 224.7 225.9 227.8 230.1 231.8 238.7 235.9 228.6 227.5 225.5 223.3 222 218 214.3 212.4 211.4 211.4 211.3 211 210 209.1 208.7 209.5 210.8 212.3 214.4 216 217.1 218.1 219 219.3 219.3 219.6 219.5 219.7 219.8 220 220.3 219.5 218.6 217.8 218.2 218.9 219.3 219.6 219.7 218 216.3 215 214.4 213.5 212.7 211.9
