STL Generation/terr50_gagg_gb/data/ND05.asc
ncols 200
nrows 200
xllcorner 300000
yllcorner 950000
cellsize 50
[rows 0 to 35 of 200, columns 80 to 159 of 200]
70.9 71 70.3 69.7 69.5 69.4 69.9 70.4 69.9 69.4 70.1 71.2 74 76.2 78.7 82.3 86.8 91.5 97 99.3 101.2 103.5 104.5 106.8 109.3 112.1 114 115.1 114.4 110.2 105.7 100.6 96.6 92.8 89.9 91.3 91.5 88.4 87.8 87.1 84.7 83.6 83 81 77.6 73.2 68.3 66.9 66.6 66.4 66 65.9 65.9 65.9 65.9 65.9 65.9 65.9 65.9 65.9 65.9 65.9 65.9 65.9 65.9 65.9 65.9 65.9 65.9 65.9 65.9 65.9 65.9 65.9 65.9 65.9 65.9 65.9 65.9 65.9
71.6 71.9 72 71.5 71.7 71.9 72.1 72.8 72.7 72 72.2 73.6 73.2 77.4 78.7 82 85.3 89 95 98.3 99.9 102.4 104.3 106 109.1 111.5 113.5 115.8 116.9 114.8 109.3 103.6 98.6 94.9 92.7 93 93.1 90.4 89.4 87.8 85.9 86.2 85.5 82.5 79.8 74.4 71.5 68.7 67.8 67.4 66.8 66.2 65.9 65.9 65.9 65.9 65.9 65.9 65.9 65.9 65.9 65.9 65.9 65.9 65.9 65.9 65.9 65.9 65.9 65.9 65.9 65.9 65.9 65.9 65.9 65.9 65.9 65.9 65.9 65.9
72.1 72.5 72.8 73.4 73.4 73.9 74.2 75.1 75.5 75.2 74.8 75.4 74.6 78.8 79.4 82.5 85.7 88.6 93.4 97.1 99.6 102.1 104.7 106.7 109 110.9 112.8 115.9 118.6 119.1 112.8 106 100.1 97.7 96.4 94.9 93.5 92.1 91.3 90.4 89.5 88.3 85.9 83.3 81.5 78.8 75.6 70.5 68.8 68.2 67.7 67.9 66.1 65.9 65.9 65.9 65.9 65.9 65.9 65.9 65.9 65.9 65.9 65.9 65.9 65.9 65.9 65.9 65.9 65.9 65.9 65.9 65.9 65.9 65.9 65.9 65.9 65.9 65.9 65.9
72.6 72.9 73.1 73.6 74.5 74.5 74.8 76 77.1 77.7 77.1 77.4 77.1 75.5 79.2 81.9 84.9 88.3 91.8 96.8 99.6 102.2 105.1 107.1 108.3 110.5 112.5 116.2 119.6 118.8 113.3 105.8 101.9 101.1 100 98.6 96.8 94.5 93.5 91.9 90.3 88.7 86.7 85.5 83.9 81.9 78.9 73.8 70.1 69.2 68.6 68.3 67.3 65.9 65.9 65.9 65.9 65.9 65.9 66.3 66 65.9 65.9 65.9 65.9 65.9 65.9 65.9 65.9 65.9 65.9 65.9 65.9 65.9 65.9 65.9 65.9 65.9 65.9 65.9
73 73.2 73.4 73.6 74 74.4 75.4 76.7 78.1 79.4 79.2 78.2 77.4 75.5 76.8 80.2 83.2 86.1 90.9 95.8 99.3 102.4 105.4 107.1 108.2 109.4 111.8 114.6 115.5 112.9 108.2 106.2 104.5 103.6 102.7 100.7 98.5 96 94.1 92.2 90.6 89.2 88.1 87.3 86 84.3 81.5 77.5 73.4 72.4 71.4 71.1 69.2 67.3 65.9 65.9 65.9 65.9 66 66.5 66.5 66 65.9 65.9 65.9 65.9 65.9 65.9 65.9 65.9 65.9 65.9 65.9 65.9 65.9 65.9 65.9 65.9 65.9 65.9
73.8 73.5 73.7 73.9 74.3 74.9 76.1 77.6 78.9 80.3 80.9 79.9 78.8 77.5 75.6 78.6 80.2 85.1 90.6 94.9 99.2 102.1 104.6 107.1 108 108.6 109.7 111.2 111.4 109 107.3 106.8 106.9 105.8 103.8 101.7 99.3 96.3 94 91.7 90.6 89.6 89.1 88.3 88.2 88 85.9 82.3 78.6 76.3 74.9 72.8 70.9 71.4 69.3 66.5 66 66 66.5 67.1 67.5 67.4 66.4 65.9 65.9 65.9 65.9 65.9 65.9 65.9 65.9 65.9 65.9 65.9 65.9 65.9 65.9 65.9 65.9 65.9
75.3 74.2 74 74.2 74.7 75.7 76.7 77.9 79.3 80.7 82.4 81.5 80.2 78.8 77.2 77.2 78.9 83.8 89.7 93.7 97.6 101.3 103.8 106.9 108.4 109 109.6 109.7 109 108.3 107.5 107.3 108.1 107.3 105.4 103.6 100.6 96.6 92.6 91.5 90.9 90.6 90.2 91.4 91.8 92.2 91.6 89.1 85.4 81 77.6 75.2 73.1 74 72.5 70.5 68.4 67.6 67.9 67.8 68 69.3 69.5 68.5 67.5 66.4 65.9 65.9 65.9 65.9 65.9 65.9 65.9 65.9 65.9 65.9 65.9 65.9 65.9 65.9
76 75.4 74.7 74.5 75.5 76.5 77.5 78.5 79.6 81.1 82.8 82.8 81.2 79.7 77.6 76.8 78.5 82.2 88.3 91.9 95.3 100.6 103.8 107.5 108.9 109.5 109.9 109.7 109.2 108.5 107.9 107.9 108 108.5 108.4 106.1 103.4 98.4 93.2 91.7 92.1 92.5 93.7 94.9 96.3 96.5 96.6 95.3 91 86.5 81.7 78.4 75.8 75.4 75.9 73.8 71.8 69.4 68.7 68.8 69.4 70.8 70.7 70.7 70.7 69.5 67.8 66.7 65.9 65.9 65.9 65.9 65.9 65.9 65.9 65.9 65.9 65.9 65.9 65.9
76.9 76.3 75.5 75 75.6 76.9 78.2 79.3 80.3 81.4 82.7 83.4 81.6 79.3 77.5 77 78.4 81.6 86.5 89.4 92.8 98 104.3 107.9 109.3 110.1 110 109.6 109.4 108.7 108.5 108.5 108.2 108.4 109.5 110.2 107.4 102.8 99 96 94.6 95.8 97.1 98.8 100.9 101.5 101.7 99.5 95.7 91.6 87.1 82.8 78.7 77.6 78 77.2 74.8 71 70.8 70.9 72.4 72.3 72.6 73 72.7 71.8 70.1 68.7 66.9 65.9 65.9 65.9 65.9 65.9 65.9 65.9 65.9 65.9 65.9 65.9
78 76.7 75.6 75.7 75.8 76 77.3 78.6 79.9 81.2 82.4 83.1 81.9 79.5 77.5 77.5 78.6 80.9 83.6 86.5 90 94.5 100.5 107.1 110.2 109.9 110.5 110 109.4 109 109 109.1 108.8 109.7 111.6 113.6 112.6 108.3 104.6 100.4 98.1 100 101.3 103.5 106 106.8 106.1 104.8 100.8 96.6 91.1 85.8 80.8 80.1 79.6 79.2 77 74 72.9 73.7 75.5 75.2 75.1 74.7 74.2 73.7 72.2 70.3 68.4 66.1 65.9 65.9 65.9 65.9 65.9 65.9 65.9 65.9 65.9 65.9
78.2 76.9 76.2 76.4 76.5 76.6 76.7 77.7 79 80.6 82.2 82.4 81.4 80.2 77 77.4 77.7 79.4 82.5 85.3 88.1 91.8 97 104.3 109.8 110.2 111.1 110.5 110 110.2 110.2 110.2 110.6 111.5 112.9 115.4 114.9 112 108.1 103.4 102.5 104 105.5 108.2 111 112.2 110.6 107.5 103.7 99.2 93 87.4 83.1 82.7 81 80.2 76.9 75.8 75.1 75.8 77.6 76.7 76.3 75.9 75.5 75.1 74.5 72.1 69.6 67.2 65.9 65.9 65.9 65.9 65.9 65.9 65.9 65.9 65.9 65.9
79.1 77.8 76.6 76.8 76.9 77.1 77.3 77.5 78.3 80.1 81.8 81.8 81.3 80.1 77.2 77.5 77.8 78.1 79.8 84.8 87.4 90.9 95.5 100.6 110.5 111 111.5 111.7 111.9 112.2 112.5 112.4 112.3 113.1 114.6 116.3 118.3 116 112.9 109.3 107.4 107.5 109.9 113.8 115.2 115.6 113.8 110.4 105.2 99.6 93.9 88.3 84 83.4 83 80.7 78.4 77.5 77.5 78.2 78.6 77.6 77.2 76.8 76.4 76.2 75.8 73.5 71.1 68.9 66.6 65.9 65.9 65.9 65.9 65.9 65.9 65.9 65.9 65.9
79.9 78.6 77.4 77.2 77.3 77.5 77.6 77.8 77.9 78.7 80.6 81.4 81.1 80.1 77.4 77.6 78 78.4 79.1 81.6 86.2 89.2 93.5 98 106.9 111.3 112.2 112.4 113.1 113.7 114.9 114.5 114.1 114.8 116.4 118.1 119.8 119.4 116.9 114.1 112.1 111 113.8 117.2 119.2 119.3 116.7 113 107.4 101.7 95.3 89 85 83.8 83.7 81.8 79.7 79.4 79.6 80.2 80.7 79.7 78.6 77.7 77.7 77.7 77 75 72.6 70.3 67.7 65.9 65.9 65.9 65.9 65.9 65.9 65.9 65.9 65.9
80.3 79.4 78.1 77.5 77.6 77.8 77.9 78.1 78.3 78.7 79.5 80.2 79 78.2 77.5 77.9 78.3 78.7 79.1 80.2 82.9 88.5 92.5 96.3 101.9 111 116.3 115.8 115 114.4 115.4 116 116.2 116.6 118.2 120 121.8 124.2 120.5 117.5 114.9 114.8 115.8 119.3 122.3 121.7 118.4 114.3 109.8 103.7 97.2 90.9 85.6 84.7 84.7 83 81.6 81.3 81.7 82.2 82.4 81.4 80.2 79.4 79.3 79.1 77.7 76.1 74.1 71.6 68.2 65.9 65.9 65.9 65.9 65.9 65.9 65.9 65.9 65.9
81 80.1 78.8 77.9 77.9 78.1 78.3 78.4 79.1 79.7 80 80 79.3 78.6 78 78.3 78.5 78.9 79.4 80 81.3 87.7 91.1 94.7 99.3 106.9 115.9 116.4 115.6 115.2 115.7 116.2 116.8 118.3 120.6 122.5 123.8 123.1 121.5 118.1 116.9 116.6 117.5 118.7 121.5 120.8 117.9 113.5 109.2 103.9 98 91.6 86 85.3 84.4 84.6 83.3 82.7 83.6 83.9 83.8 83.1 81.6 80.9 80.8 79.9 77.4 75.4 73.8 71.5 68.6 65.9 65.9 65.9 65.9 65.9 65.9 65.9 65.9 65.9
80.9 80.7 79.6 78.7 78.3 78.4 78.8 79.3 79.5 79.8 80 80.2 79.8 79 78.4 78.7 79 79.3 79.6 80 82.2 86.1 89.7 93.3 98.7 103 111.4 116.5 116.2 116 115.9 116.5 117.9 118.6 120.3 122.2 122.9 121.3 119 117.2 117.4 116.7 116.5 117.6 119 118 116.1 111.8 107.9 102.9 97.2 92.9 85.7 84.4 83.9 84.3 84.1 83.7 83.6 84.4 83.7 82.3 81.1 80 79.7 78.4 76.6 74.4 73 70.9 68.1 65.9 65.9 65.9 65.9 65.9 65.9 65.9 65.9 65.9
80.5 80.7 80.4 79.5 78.6 78.8 79.1 79.3 79.5 79.8 80 80.3 80.1 79.5 78.9 79.2 79.4 79.7 79.8 80.2 81.8 84.1 86 92.4 96.3 100 106.3 114.5 116.6 116.5 116.5 116.8 117.1 118 119.8 120.4 120.5 118.9 116.6 115.5 116.1 117.1 116.4 115.5 114.7 113.8 112.2 109.8 106.5 101.7 95.6 90.2 85.7 83.6 83.8 84.2 84.5 83.8 83.2 83.1 83.7 82.4 80 78.7 78.6 77 75.1 73.3 72.1 70.5 67.6 65.9 65.9 65.9 65.9 65.9 65.9 65.9 65.9 65.9
80.5 80.7 80.5 79.8 79.3 79.1 79.2 79.4 79.6 79.8 80 80.3 80.3 79.8 79.3 79.6 79.8 80 80 80.2 81.4 86.4 87.3 91 96.3 100 102.3 109.3 116.3 116.2 115.3 115.4 115.9 116.8 117.4 117.9 117.3 115.7 114.6 113.6 114.3 115 114 112.6 111.2 109.5 107.8 106.1 103.3 99.1 93.3 87.6 85.9 84.3 84.1 84.6 84 83.4 82.7 82.1 84 82.2 79.6 78.1 77.2 76.3 74.4 72.5 71.3 69.7 67.7 66.1 65.9 65.9 65.9 65.9 65.9 65.9 65.9 65.9
80.6 80.8 80.4 80.3 80.1 79.8 79.6 79.7 79.9 80.1 80.2 80.4 80.6 80.8 80.8 80.6 80.2 80.3 80.4 80.5 82.3 87.1 89.2 89.8 94.9 99.2 101 106.2 112.1 114.6 113.7 113.8 114.1 114.4 115 115.4 114 113.2 112.4 111.4 111.8 111.1 110.9 109.8 108 105.6 103.6 102.7 99.6 96.2 90.7 88.6 86.5 84.5 84.8 84.2 83.6 82.7 81.7 80.6 80.4 81.5 79 77.4 75.5 73.7 72.9 71.7 70.6 68.8 66.9 65.9 65.9 65.9 65.9 65.9 65.9 65.9 65.9 65.9
80.7 80.7 80.7 80.7 80.7 80.6 80.3 80.1 80.2 80.4 80.6 80.7 81 81.8 82.5 82.4 82 82.4 81.4 81.4 83 87.3 89.7 89.9 92.3 98.2 100.7 104 107.8 111.4 112.2 112.1 112.3 112.4 112.6 112.4 111.7 110.9 110.1 109.2 108.3 107.2 106.5 105.8 104.4 102.7 101.2 99.2 95.9 92.7 90.7 88.8 87.4 85.5 84.1 83.5 82.5 81.2 80.1 79 78.4 78.8 77.4 75.9 73.9 72.7 72.2 72.1 70.2 68.1 66.8 66.2 66.1 66.3 65.9 65.9 65.9 65.9 65.9 65.9
80.9 80.9 81.1 81.1 81.1 81 80.9 80.8 80.6 80.7 80.9 81.1 81.5 82 83.2 84.2 83.9 85.7 83.7 82.2 83.4 87.4 90.2 90.2 91.1 95 99.2 101.7 104.4 108 109.2 110.2 110.3 110.5 110.5 109.3 108 107.4 106.4 104.9 103.3 102.1 101.7 101.1 100 98.4 97.4 95.7 92.8 90.5 90 88.4 86.7 85.2 84.1 82.7 81.6 80.3 79 77.6 76.5 75.7 75.3 74.3 72.8 71.7 71.5 71.1 69.3 68.1 66.3 66.2 66.4 66.3 65.9 65.9 65.9 65.9 65.9 65.9
80.7 81.4 81.5 81.5 81.5 81.4 81.3 81.3 81.2 81.1 81.2 81.6 81.9 82.3 83.4 84.8 85.4 87.7 87 84.7 84.8 88.4 90.1 90.3 90.4 92.9 96.8 99.2 101.8 104.2 105.6 106.7 108.4 108.2 107.5 106.2 104.8 103.3 101.8 100.3 98.9 97 96.6 96.3 95.3 93.9 92.6 90.9 89.3 88.8 87.6 86.1 84.5 82.8 81.3 80.2 79 78.1 76.8 75.4 74.8 74.4 72.9 71.7 71 70.5 69.8 69 67.2 66.3 66.2 66.3 66.4 66.4 65.9 65.9 65.9 65.9 65.9 65.9
80.5 81.5 81.9 81.9 81.8 81.8 81.7 81.7 81.6 81.5 81.8 82.2 82.5 82.9 84.1 85.2 86.6 88.1 88.4 86.3 85 89.5 90.4 90.8 90.7 92.6 95 98.5 101 101.5 102 103 104.4 104.9 104.2 102.6 101.1 99.6 98.1 96.7 95.5 93.7 91.6 91.1 90 88.6 87.7 86.5 86.1 85.8 85.5 83.9 82.4 80.7 78.6 77.4 76.1 75.2 74.3 73.4 73.1 71.9 70.2 68.9 68.1 67.5 67.5 67.3 66.4 66.3 66.2 66.4 66.5 66.5 66.3 65.9 65.9 65.9 65.9 65.9
80.2 81.3 82.3 82.3 82.2 82.2 82.1 82 81.9 81.9 82.3 82.8 83.2 83.5 85.5 86.3 87.2 88.6 89.5 86.2 85.1 91 91.5 91.4 91 93 95.5 98.1 99.7 100 100.2 100.3 100.6 101.3 101.7 99.9 98.1 96.3 94.6 93.6 92.2 89.8 87.4 86.1 84.6 83.6 84.1 83.5 83.2 82.8 82.6 81.8 80.2 78.6 76 74.6 73.3 72.3 71.3 71.4 72.2 70.2 68 66.8 66.5 66.1 66.2 66.3 65.9 65.9 66.3 66.5 66.9 67.3 66.6 65.9 65.9 65.9 65.9 65.9
80.6 81.7 82.2 82.7 82.6 82.5 82.4 82.4 82.3 82.4 82.7 83.4 83.8 84.2 86.2 87.7 88.6 90.1 90.4 87.6 86 90.7 92.1 91.5 91.4 93.4 95.9 97.3 98.8 99.7 99.9 99.1 98.9 98.7 98.5 97.4 95.6 94.2 92.6 90.7 88.5 85.5 83.8 82.6 82.4 82.1 81.5 80.8 80.2 79.9 79.6 79.4 78.1 76.5 73.9 71.9 70.5 69.6 69 68.4 68.4 67.1 66.7 66.3 65.9 65.9 65.9 65.9 65.9 65.9 66.3 67 67.5 66.8 66.3 65.9 65.9 65.9 65.9 65.9
80.9 82.1 82 83 82.9 82.9 82.8 82.7 82.7 82.8 83.2 83.9 84.5 84.8 86.7 89.1 89.9 92.2 91.3 88.4 87.8 92.1 93 91.7 91.8 93.3 94.7 96.2 97.8 99.3 98.8 97.7 97.7 97 96.2 95.1 93.7 92.4 90.7 88.9 86.9 83.9 81.7 81.5 80.9 79.4 78.6 78 77.4 76.9 76.6 76.4 75.9 74.4 72.7 70.9 69.3 68.3 67.7 67.1 66.7 66.4 66.5 66.3 65.9 65.9 65.9 65.9 65.9 65.9 65.9 66.3 65.9 65.9 65.9 65.9 65.9 65.9 65.9 65.9
80.1 81.4 81.9 83.2 83.3 83.2 83.1 83.1 83.2 83.2 83.7 84.3 85 85.5 87.3 90.3 91.5 92.5 92.7 90.1 90.2 93.8 93.5 92.5 91.8 93 93.7 95.1 96.7 98.3 98 96.3 96.1 95.1 94.3 92.8 91.5 90.5 88.9 87.3 85.6 82.7 79.9 78.3 77.3 76.2 75.7 75.1 74.6 74 73.8 73.9 74.1 73.5 72.4 70.6 68.3 67.3 66.7 66.4 66.1 66 65.9 65.9 65.9 65.9 65.9 65.9 65.9 65.9 65.9 65.9 66.3 66.3 65.9 65.9 65.9 65.9 65.9 65.9
79.9 80.6 81.8 83.1 83.6 83.6 83.5 83.6 83.6 83.7 84.1 84.8 85.5 86.1 87.9 90.8 92.7 94.2 93.5 91.1 92.4 96.8 95.4 93.8 93.1 93 93.1 93.9 95.3 96.6 96.6 94.9 93.7 92.6 91.4 90.3 88.4 88.3 87.3 85.8 84.4 82.3 79.5 77.8 76.1 74 72.7 72.5 72.5 72.4 72.4 72.7 72.9 72.5 71.4 70.4 68.9 66.9 66.5 66.3 66 66.1 65.9 65.9 65.9 65.9 65.9 65.9 65.9 65.9 65.9 65.9 65.9 65.9 65.9 65.9 65.9 65.9 65.9 65.9
80 80.9 81.8 83 84 83.9 83.9 84 84 84.1 84.6 85.2 85.9 86.6 89 93 93.8 96.4 97.4 94.3 97.2 98.8 97.3 95.3 94.3 93 92.7 93.1 93.8 94.4 94.5 92.8 91 89.5 87.9 86.4 84.4 84.7 85.4 84.3 82.9 81.5 79.1 76.8 74.5 72.8 71.4 71.3 71.3 71.2 71.2 71.3 71.6 72.2 71.6 70.2 68.9 67.1 66.6 66.2 66 66.2 65.9 65.9 65.9 65.9 65.9 65.9 65.9 65.9 65.9 65.9 65.9 65.9 65.9 65.9 65.9 65.9 65.9 65.9
80 80.9 81.9 83 84.1 84.3 84.4 84.4 84.5 84.5 85 85.7 86.4 87.2 89.8 93.6 94.8 98.4 98 96.6 99.7 100.2 99 97 95.2 93.7 92.8 93.2 93.9 94.5 93.6 91 89.7 87.9 86.7 84.6 82.6 81.3 82.3 81.9 81.1 80.2 78.2 75.2 73.1 71.7 70.4 70.1 70.1 70 70 70 70.7 71.4 70.8 69.8 68.7 67.2 66.8 66.3 66 66.1 65.9 65.9 65.9 65.9 65.9 65.9 65.9 65.9 65.9 66 65.9 65.9 65.9 65.9 65.9 65.9 65.9 65.9
79.9 80.8 81.9 83.1 84.4 84.6 84.7 84.8 84.9 85 85.5 86.3 87.1 87.9 90.8 94.5 95.2 99.5 100.1 99.6 102 100.6 100 98 95.8 94.4 93 93.2 93.8 94.5 93 90.9 89.9 87.1 85.7 83.9 82 80.9 79.7 78.8 77.9 77 76 73.7 71.9 70.4 69.5 69.4 69.2 69 68.8 69.2 70.1 70.6 69.4 68.5 67.7 67.3 66.9 66.5 65.9 65.9 65.9 65.9 65.9 65.9 65.9 65.9 65.9 66 66.3 66.3 66.3 65.9 66.1 66.3 66.2 66.2 65.9 65.9
80.1 81.2 82.5 83.8 85.1 85.2 85 85.1 85.3 86.1 86.6 87.1 87.9 89 92.1 94.9 95.8 100.6 101.9 103 104.8 103.8 101.8 99 96.8 94.9 93.6 93.5 94.2 94.3 92.4 92.1 91 87.1 85.2 83.9 81.3 79.3 77.5 76.4 75.6 74.7 72.8 71.8 71.4 69.5 68.9 68.8 68.6 68.4 68.2 68.2 69.2 69.2 68.3 67.9 67.5 67.1 66.8 66.3 65.9 65.9 65.9 65.9 65.9 65.9 65.9 65.9 66.3 66.5 66.6 66.7 66.6 66.5 66.4 66.3 66.3 65.9 66.2 66
80.6 81.4 82.9 84.3 85.7 86.2 85.2 85.8 86.5 87.5 89.2 89.2 88.8 90.4 93.6 95.3 96.3 99.9 104.3 108.8 108.1 106.1 104.3 100.5 98.2 95.2 94.1 93.5 94.5 93.8 93.3 92.6 90.4 89.3 87.1 84.4 82.1 78.7 77.1 75.7 74.3 72.8 71.4 71 70.5 69.9 68.5 68.2 68 67.8 67.7 67.6 68 67.8 68.1 67.7 67.3 67 66.6 66.1 65.9 65.9 65.9 65.9 65.9 65.9 65.9 65.9 66.6 67 67.1 67 66.9 66.8 66.7 66.6 66.4 66 66.1 65.9
81.1 81.8 83.1 84.5 86.1 87.2 86 86.8 87.9 89.4 91.6 90.8 90.3 92.1 95.3 97.4 97.7 99.7 105.4 110.5 109.3 107.4 105.5 101.5 98.1 95 94 93.5 95 94.2 93.4 92.6 91.8 90.3 89.1 86.7 84.1 81 77.6 76 75 73.2 70.7 70.1 69.7 69.4 68.4 67.7 67.4 67.3 67.1 67 66.9 67.3 67.6 67.6 67.2 66.8 66.5 65.9 65.9 65.9 66.3 65.9 65.9 65.9 65.9 65.9 66.6 67.2 67.4 67.3 67.2 67 66.9 66.8 66.7 66.3 65.9 67.4
81.6 82.3 83.4 85 86.6 88.1 87.2 88 89.6 91.4 93.9 92.7 92.3 94.2 96.9 98.1 99.4 101 105.4 110.5 109.2 107.4 105.6 102.4 98.9 95.9 94.8 94.1 94.5 93.9 93.2 92.6 92 91.5 91.5 88.4 86.8 82.6 78.5 77.5 77.3 75.3 70.8 69.4 68.9 68.6 68.2 67.6 67.1 66.7 66.5 66.4 66.3 66.3 66.8 67.4 66.9 66.4 65.9 65.9 65.9 65.9 66 66.2 65.9 65.9 65.9 66.1 66.1 66.6 67 67.4 67.4 67.3 67.2 67.1 67 66.3 66.6 67.1
81.9 82.6 83.7 85.3 86.9 88.9 88.3 89 90.4 93.7 95.9 95.2 93.9 95.7 97.4 99.3 101.5 101.4 108 111 109.7 108 105.7 103.6 100.2 98.9 97 95.3 94.6 94 93.6 93.5 93.1 92.5 92.3 89.8 87.4 84.7 80.6 79.4 78.4 75.9 70.8 70.4 69.9 69.2 67.8 67.4 66.9 66.4 65.9 65.8 65.6 65.5 65.9 66.5 66.6 66.1 66 66.3 66.3 65.9 65.9 66.3 66.2 65.9 65.9 66.1 66 66 66.3 66.7 67.2 67.6 67.5 67.4 67.2 66.4 67.3 67.3
