STL Generation/terr50_gagg_gb/data/ND23.asc
ncols 200
nrows 200
xllcorner 320000
yllcorner 930000
cellsize 50
[rows 111 to 147 of 200, columns 0 to 84 of 200]
122.3 121.8 121.1 120.5 119.9 118.2 117.4 116.1 114.3 112.5 108.7 105.6 101.2 96.9 93.1 90.1 87.8 85.6 84.3 83.1 82 79.7 74.4 68.5 67.5 66.5 65.8 65.1 64.9 65.6 66.2 66.2 66.4 66.9 67.5 68 68.4 68.2 68.1 68.1 69.6 68.9 67.3 71.4 73 74.6 75 74 72.2 69.1 66.1 63 60.6 58.2 55.6 52.9 51.1 50.3 47.6 44.2 42.9 30.1 47.2 46.8 46.2 44.8 42.7 44.2 46.7 48.9 51.1 52.5 52.7 52.9 55.1 55.7 57.7 61.4 64.2 63.6 62.5 60.9 58.6 56.2 54.2
122 121.6 121 120.4 119.8 118.3 116.8 117.2 115 112.7 109.7 106.8 103.7 98.1 92.7 89.9 87.2 85.6 84.5 83.3 81.2 80.1 74 68.6 67.5 67.2 66.8 65.6 64.7 65.3 65.7 65.8 65.5 66 66.7 67.1 67.7 67.5 67.4 66.4 66.8 67.1 67.3 69.1 71 72.4 71.8 71.2 69.8 66.5 63.2 60.2 57.8 56.1 54.6 51.8 49.5 48.6 45.4 43 37.8 26.1 45.9 45.7 45 43.6 41.5 43.2 45.1 46.9 49.4 50.9 51.5 52.4 54.3 55.2 56.3 59.6 62.6 60.5 58.5 57.1 55.3 53.3 50.3
121.5 121 120.7 120.4 119.3 117.7 117.5 117.6 116.6 113.6 110.4 107.2 103.8 96.8 93.3 89.7 87.4 85.7 83.9 82.2 80.3 78.3 71.7 68.2 67.5 67.2 66.8 66.5 65.4 66.1 63.7 63.8 64.3 65 65.9 66.3 66.6 66.8 65.9 65 64.4 64.3 64.2 66.5 69.4 69.2 68.6 67.6 66.1 63.4 60.1 57.4 55.6 54.1 52.5 50.5 48 45.7 43.4 41.5 31.7 29.7 44.9 44.4 43.7 42.5 40.5 42.3 44.1 45.6 47.1 46.5 49 51.3 52.9 53.8 54.7 56.7 59.6 56.4 54.1 52.7 51.4 48.5 36.1
120.5 121.2 120.9 120 118.8 117.3 117.6 118.3 117.6 114.5 111.4 106.5 102.7 97.1 93.4 90 88.2 86.3 83.6 80.9 78.8 77.3 72.6 67.8 67.5 67.2 66.9 66.7 66.4 63.8 64.5 62.1 62.2 64 65.1 65.5 65.9 66 64.4 63.3 63.3 62.3 62.4 65.2 66.2 65.8 64.7 63.7 62.2 60 57.1 55 53.4 51.7 49.9 48 45.8 43 40.8 38.9 28.4 26.7 43 43.1 42.3 41.5 39.5 41.6 42.6 43.8 45.2 43.6 48 49.7 50.4 50.2 51.7 54 54.7 51.6 49.7 48.4 42.3 -1.1 -1.1
120.6 121.4 120.2 119.3 118.3 117.1 116.9 117.5 117.9 114.9 112.1 106.3 103.4 98.3 93.4 90.8 88.9 87.1 81.5 78.5 78.4 77.2 73.5 67.7 67.6 67.4 67.2 66.9 65.8 65.1 64 64.8 60.9 60.5 64.2 64.9 65.3 65.4 63.5 61.4 59.3 58 60.1 60.4 61.4 61.7 60.9 59.9 58.2 56 54.1 52.3 50.4 48.6 46.7 45.3 44 41.6 39.2 34.1 15.5 33.7 41.2 41.7 41.2 40.1 38 40.7 41.7 42.5 43 43.3 45.7 47.2 46.8 45.7 46.7 47.4 42.8 39.1 36.9 35.1 -1.1 -1.1 -1.1
121 121.3 120.5 119 117.6 116.9 116.7 116.5 117.2 114.5 111.8 106.8 101.1 97.2 94.5 91.6 89.2 86.3 79.7 78.7 78.3 75.8 71.5 68 67.1 67.2 67.1 66.3 65.6 65.3 65 62.5 60.6 56.2 63.2 64.1 64.8 64.8 62.6 60.1 57.4 56.8 57.3 57.3 57.3 57.4 56.8 56.1 54.3 52.5 50.8 49.1 47.2 45.4 43.9 42.6 41.3 40 38.1 35.2 14.7 37.9 40 40.1 39.9 38.8 37.7 39.5 39.8 40.1 39.9 41.2 42.6 35.8 35.8 33 34.2 30.6 24 18.8 15.1 -1.1 -1.1 -1.1 -1.1
120.2 120.8 120.8 119.2 117.4 115.8 115.1 114.9 115.5 112.9 109.7 105.4 99.6 96.5 93.7 91.2 89.3 85.6 80.1 78.7 78.4 75.8 72.2 68.7 67.5 67.3 66.9 65.7 65.1 64.8 64.5 64.2 63.2 55.4 63.1 63.5 64 63.9 61.2 58.7 56.1 53.9 55.3 55.3 55.3 54.6 53.4 52.6 51.1 49 47.4 45.9 44 42.5 41.2 39.9 39 37.9 36.7 30.7 11.1 31.5 38.2 37.8 37.6 36 37.7 38.6 38.6 38.9 33 33.5 22.5 -1.1 -1.1 -1.1 -1.1 -1.1 -1.1 -1.1 -1.1 -1.1 -1.1 -1.1 -1.1
118.2 119.5 120.1 118.6 116.8 115.7 113.8 113.3 113.9 110.7 107.6 103 98.1 95.4 92.8 90.7 89.5 84.5 81.1 78.8 78.3 75.6 72.4 69.1 67.9 67.5 66.7 65.1 64.7 64.4 64.1 63.8 63.3 53.7 62.7 63.3 63.6 63 60.4 57.8 55.3 53.2 53.4 53.4 53 52.1 50.4 49.6 48.4 46.4 45 42.8 41.3 40.3 39.3 38.4 37.4 36.2 35 34.7 14.3 20.2 33.9 36.1 35.5 36 37.2 37.3 37.6 -1.1 -1.1 -1.1 -1.1 -1.1 -1.1 -1.1 -1.1 -1.1 -1.1 -1.1 -1.1 -1.1 -1.1 -1.1 -1.1
116.5 117.5 118.6 117.9 116.4 115.4 113.3 111.2 111.7 108.6 105.4 100.7 97.8 93.9 91.9 90.9 89.4 84.2 79.9 78.7 77.5 75.2 71.6 69.2 67.5 67.6 66.2 64.7 63.4 63.5 63.6 63.4 63 54.5 61.1 62 62.7 61.9 59.6 57 54.4 52.5 51.5 51.2 50.6 49.5 47.5 46.7 45.5 43.8 42.4 40.5 39.7 38.7 37.8 36.8 35.7 34.5 33.8 33.3 15.3 10.6 18.9 30.1 31.3 35.1 35.9 30.7 24.8 -1.1 -1.1 -1.1 -1.1 -1.1 -1.1 -1.1 -1.1 -1.1 -1.1 -1.1 -1.1 -1.1 -1.1 -1.1 -1.1
111.8 114.6 116.3 116.3 115.9 114.5 111.8 108.3 106.2 104.5 103.1 100.3 96.9 93.2 90.9 90.1 88.3 84.3 79.4 77.5 75.9 72.9 70.4 68.7 67.5 67.3 65.8 64.4 62.9 62.1 62.2 62.3 62.6 51.7 58.6 61.4 61.3 60.6 58.9 56.2 53.6 51.8 50 48.6 48.1 47 45 43.9 42.4 41.7 40.5 38.5 38.1 37.1 36.1 35.2 28.9 22.2 27.6 15.1 1.2 1.7 13.6 27.3 -1.1 -1.1 -1.1 14.7 -1.1 -1.1 -1.1 -1.1 -1.1 -1.1 -1.1 -1.1 -1.1 -1.1 -1.1 -1.1 -1.1 -1.1 -1.1 -1.1 -1.1
109.6 112.8 114.1 114.5 114.6 113.1 109.9 106.1 103.2 101.8 100.2 98.4 96.8 92.9 90.2 88.6 86.8 82.8 77.1 76 74.4 72 70 68.9 68.3 66.8 65.4 63.9 62.5 61 60.8 62 62.7 59.9 50.6 60.5 59.8 59.2 58.1 55.5 52.8 51.6 49.1 47.3 43 44.7 43.1 33.9 31 34.8 37.8 35.2 32.3 35.5 35 34.3 32.9 -1.1 -1.1 -1.1 -1.1 -1.1 -1.1 -1.1 -1.1 -1.1 -1.1 -1.1 -1.1 -1.1 -1.1 -1.1 -1.1 -1.1 -1.1 -1.1 -1.1 -1.1 -1.1 -1.1 -1.1 -1.1 -1.1 -1.1 -1.1
107.4 109.1 111.1 112.8 112 111.5 108 103.8 101.4 99.8 98 96.4 94.8 92.6 89.5 87.4 84.9 81.1 76.9 75.4 74.4 72.6 70.9 69 67.9 66.4 65 63.5 62 60.6 61 62.7 61.5 61 47.3 57.2 57.6 57.9 56.9 54.4 36.6 37.6 38.2 35.5 31.1 29.4 39.1 37.5 4.6 18.7 2.8 1.1 6.4 32.8 34.3 32.3 25.4 18.2 -1.1 -1.1 -1.1 -1.1 -1.1 -1.1 -1.1 -1.1 -1.1 -1.1 -1.1 -1.1 -1.1 -1.1 -1.1 -1.1 -1.1 -1.1 -1.1 -1.1 -1.1 -1.1 -1.1 -1.1 -1.1 -1.1 -1.1
104.1 107.5 105.7 109 110.8 109.9 107.3 103.4 100.3 98.6 96.6 94.4 92.7 90.9 87.6 84.9 82.3 79.4 77 75.2 74.7 72.9 71 69.2 67.6 66.1 64.5 63.1 61.6 60.1 60.4 60.9 60.5 59.6 52.6 47.5 56.8 57 55.5 43.4 23.8 25.6 17.9 8.6 5.9 10.9 17.2 18.4 -1.1 -1.1 -1.1 -1.1 -1.1 -1.1 -1.1 18.4 -1.1 -1.1 -1.1 -1.1 -1.1 -1.1 -1.1 -1.1 -1.1 -1.1 -1.1 -1.1 -1.1 -1.1 -1.1 -1.1 -1.1 -1.1 -1.1 -1.1 -1.1 -1.1 -1.1 -1.1 -1.1 -1.1 -1.1 -1.1 -1.1
100.7 103.8 104.8 106.7 109 107.7 106.1 103 100 97.8 95.6 92.6 90.3 88.7 86.4 83.4 80.3 77.5 76.1 76 75 73.3 71.8 69.7 67.9 66.3 64.8 63.2 61.6 60 58.6 58.9 59 58.2 58 43.2 49.1 55.9 54.1 35.5 2.9 1 1.2 0.9 0.8 1.6 2.7 1.8 -1.1 -1.1 -1.1 -1.1 -1.1 -1.1 -1.1 -1.1 -1.1 -1.1 -1.1 -1.1 -1.1 -1.1 -1.1 -1.1 -1.1 -1.1 -1.1 -1.1 -1.1 -1.1 -1.1 -1.1 -1.1 -1.1 -1.1 -1.1 -1.1 -1.1 -1.1 -1.1 -1.1 -1.1 -1.1 -1.1 -1.1
97.5 100.1 101.3 102.5 104.9 105.3 103.5 101.9 100.8 97.2 94.3 91.4 88.4 86.3 84.9 82.4 78.8 76 74.7 74.8 75.6 74.1 72.6 70.2 68.1 66.5 65 63.4 61.6 59.1 58.2 57.4 57.4 56.8 57.4 53.2 42.5 55.6 38.7 10.2 -1.1 -1.1 -1.1 -1.1 -1.1 -1.1 1 5.7 -1.1 -1.1 -1.1 -1.1 -1.1 -1.1 -1.1 -1.1 -1.1 -1.1 -1.1 -1.1 -1.1 -1.1 -1.1 -1.1 -1.1 -1.1 -1.1 -1.1 -1.1 -1.1 -1.1 -1.1 -1.1 -1.1 -1.1 -1.1 -1.1 -1.1 -1.1 -1.1 -1.1 -1.1 -1.1 -1.1 -1.1
94 96.8 97.1 99.5 103.2 101.1 99.9 98.9 97.9 95.1 91.9 89.3 86.6 84 83.2 80.3 76.4 73.9 73 74.6 75.6 74.9 73.1 70.6 68.3 66.8 65.2 63.1 60.7 58.3 57.7 57 56.3 55.9 56.5 57 44.1 50.8 48.4 40.3 -1.1 -1.1 -1.1 -1.1 -1.1 -1.1 -1.1 -1.1 -1.1 -1.1 -1.1 -1.1 -1.1 -1.1 -1.1 -1.1 -1.1 -1.1 -1.1 -1.1 -1.1 -1.1 -1.1 -1.1 -1.1 -1.1 -1.1 -1.1 -1.1 -1.1 -1.1 -1.1 -1.1 -1.1 -1.1 -1.1 -1.1 -1.1 -1.1 -1.1 -1.1 -1.1 -1.1 -1.1 -1.1
89.7 94.3 94.2 97.2 100.6 96.2 96.7 95.8 94.5 92.7 89.5 86.8 84.3 82 80.5 78.8 74.6 72.3 71.8 74 75.4 75.5 73.2 71.1 68.6 67 64.7 62.2 59.8 57.8 57.2 56.6 55.9 52.6 55.1 56.3 55.2 38.9 46.8 44.9 46.2 -1.1 -1.1 -1.1 -1.1 -1.1 -1.1 -1.1 -1.1 -1.1 -1.1 -1.1 -1.1 -1.1 -1.1 -1.1 -1.1 -1.1 -1.1 -1.1 -1.1 -1.1 -1.1 -1.1 -1.1 -1.1 -1.1 -1.1 -1.1 -1.1 -1.1 -1.1 -1.1 -1.1 -1.1 -1.1 -1.1 -1.1 -1.1 -1.1 -1.1 -1.1 -1.1 -1.1 -1.1
85.5 89.8 91.5 93.6 95.3 94 94.6 90.5 90.9 89.6 86.8 83.8 82 79.8 78.4 76.9 73.3 71.6 70.8 72.7 75.3 75.6 73.2 71.1 68.6 66.3 63.8 61.4 58.9 57.4 56.7 56.1 55.5 53.2 54.8 55.4 54.5 50.1 35.4 30.8 28.6 37.1 -1.1 -1.1 -1.1 -1.1 -1.1 -1.1 -1.1 -1.1 -1.1 -1.1 -1.1 -1.1 -1.1 -1.1 -1.1 -1.1 -1.1 -1.1 -1.1 -1.1 -1.1 -1.1 -1.1 -1.1 -1.1 -1.1 -1.1 -1.1 -1.1 -1.1 -1.1 -1.1 -1.1 -1.1 -1.1 -1.1 -1.1 -1.1 -1.1 -1.1 -1.1 -1.1 -1.1
81.7 85.4 89 89.3 90.4 92 89.7 86.9 87 85.1 83 82.1 79.5 77.8 76.2 74.8 71.9 69.9 70.1 72 74.2 74.9 72.6 69.9 67.2 64.6 62.7 60.5 58 56.9 56.3 55.7 55.2 52.1 55.6 55 54.5 52.3 48.9 44.2 36.1 23.5 23.1 -1.1 -1.1 -1.1 -1.1 -1.1 -1.1 -1.1 -1.1 -1.1 -1.1 -1.1 -1.1 -1.1 -1.1 -1.1 -1.1 -1.1 -1.1 -1.1 -1.1 -1.1 -1.1 -1.1 -1.1 -1.1 -1.1 -1.1 -1.1 -1.1 -1.1 -1.1 -1.1 -1.1 -1.1 -1.1 -1.1 -1.1 -1.1 -1.1 -1.1 -1.1 -1.1
77 82 85.6 86.5 85.6 84.9 84 83.8 81.5 79.7 78.4 77.8 77.3 75.4 73.8 72.4 70.6 68.3 69.5 71.2 73 74 71.4 68.6 65.8 63 60.9 59 57 56.5 55.8 55.3 54.9 46.9 54.9 54.9 55.2 52.4 48.8 45 29.3 11.3 25.6 -1.1 -1.1 -1.1 -1.1 -1.1 -1.1 -1.1 -1.1 -1.1 -1.1 -1.1 -1.1 -1.1 -1.1 -1.1 -1.1 -1.1 -1.1 -1.1 -1.1 -1.1 -1.1 -1.1 -1.1 -1.1 -1.1 -1.1 -1.1 -1.1 -1.1 -1.1 -1.1 -1.1 -1.1 -1.1 -1.1 -1.1 -1.1 -1.1 -1.1 -1.1 -1.1
74.6 78.6 82 81.7 80.4 77.6 78.1 78.2 76.5 74.5 73.7 73.1 71.9 71.1 70.7 70.3 68.7 67 68.3 69.8 71.3 72.7 70.1 67.4 64.3 60.9 58.8 56.9 55.3 55.5 55.3 55.1 53 43.2 54.2 55 55.6 52.5 48.6 44.8 41.9 31.5 -1.1 -1.1 -1.1 -1.1 -1.1 -1.1 -1.1 -1.1 -1.1 -1.1 -1.1 -1.1 -1.1 -1.1 -1.1 -1.1 -1.1 -1.1 -1.1 -1.1 -1.1 -1.1 -1.1 -1.1 -1.1 -1.1 -1.1 -1.1 -1.1 -1.1 -1.1 -1.1 -1.1 -1.1 -1.1 -1.1 -1.1 -1.1 -1.1 -1.1 -1.1 -1.1 -1.1
69.6 75 77.6 77.8 76.8 73.3 72 72.5 73.1 71.3 69.5 67.3 66.1 67 67.5 67.9 67.2 65.7 67.1 68.6 69.9 71 68.7 65.3 61.8 58.4 56.4 54.7 53.7 53.9 53.7 39.7 47.4 42.6 52.4 54.3 55.5 51.6 46.1 41.3 39.6 27.5 28.1 6.7 -1.1 -1.1 -1.1 -1.1 -1.1 -1.1 -1.1 -1.1 -1.1 -1.1 -1.1 -1.1 -1.1 -1.1 -1.1 -1.1 -1.1 -1.1 -1.1 -1.1 -1.1 -1.1 -1.1 -1.1 -1.1 -1.1 -1.1 -1.1 -1.1 -1.1 -1.1 -1.1 -1.1 -1.1 -1.1 -1.1 -1.1 -1.1 -1.1 -1.1 -1.1
65.7 70.9 72.4 73.1 74.7 70.4 66.8 68 69.6 68.2 66.2 63.9 62.9 64.3 65.1 65.6 65.6 64.4 66.1 67.5 68.7 70 68.1 62.7 59.3 56.2 54 52.3 52.1 52.8 50.8 3.4 4 35.1 48.9 52.6 54.7 50 -1.1 -1.1 1.7 11.9 -1.1 -1.1 -1.1 -1.1 -1.1 -1.1 -1.1 -1.1 -1.1 -1.1 -1.1 -1.1 -1.1 -1.1 -1.1 -1.1 -1.1 -1.1 -1.1 -1.1 -1.1 -1.1 -1.1 -1.1 -1.1 -1.1 -1.1 -1.1 -1.1 -1.1 -1.1 -1.1 -1.1 -1.1 -1.1 -1.1 -1.1 -1.1 -1.1 -1.1 -1.1 -1.1 -1.1
60.4 64.7 67.6 68.3 66.8 63 62.5 64.6 66 65.1 62.8 60.1 59.5 60.7 61.9 63.5 63.9 62.9 65.1 65.9 67.1 67.4 66 61.5 57.4 54.4 51.6 49.8 50.5 50.9 50.7 -1.1 -1.1 -1.1 20.9 45.8 -1.1 -1.1 -1.1 -1.1 -1.1 -1.1 -1.1 -1.1 -1.1 -1.1 -1.1 -1.1 -1.1 -1.1 -1.1 -1.1 -1.1 -1.1 -1.1 -1.1 -1.1 -1.1 -1.1 -1.1 -1.1 -1.1 -1.1 -1.1 -1.1 -1.1 -1.1 -1.1 -1.1 -1.1 -1.1 -1.1 -1.1 -1.1 -1.1 -1.1 -1.1 -1.1 -1.1 -1.1 -1.1 -1.1 -1.1 -1.1 -1.1
43.5 58.1 60.1 60.1 58.3 56.9 59.4 60.9 62.3 61.7 58.9 56.5 56.1 57.1 58.1 59.6 61.5 61.3 63.4 64.1 64.2 64 63.3 60.4 56.4 52.7 50.1 48 49.7 49 -1.1 -1.1 -1.1 -1.1 -1.1 -1.1 -1.1 -1.1 -1.1 -1.1 -1.1 -1.1 -1.1 -1.1 -1.1 -1.1 -1.1 -1.1 -1.1 -1.1 -1.1 -1.1 -1.1 -1.1 -1.1 -1.1 -1.1 -1.1 -1.1 -1.1 -1.1 -1.1 -1.1 -1.1 -1.1 -1.1 -1.1 -1.1 -1.1 -1.1 -1.1 -1.1 -1.1 -1.1 -1.1 -1.1 -1.1 -1.1 -1.1 -1.1 -1.1 -1.1 -1.1 -1.1 -1.1
42.9 47.9 52.1 52.8 52.6 54.2 57.1 60 60.2 57.7 55.1 53 52.4 53.4 54.4 55.8 56.1 59.3 60.6 61.3 60.6 60.7 57.6 51.2 43.7 34.9 38.5 27.9 28.3 -1.1 -1.1 -1.1 -1.1 -1.1 -1.1 -1.1 -1.1 -1.1 -1.1 -1.1 -1.1 -1.1 -1.1 -1.1 -1.1 -1.1 -1.1 -1.1 -1.1 -1.1 -1.1 -1.1 -1.1 -1.1 -1.1 -1.1 -1.1 -1.1 -1.1 -1.1 -1.1 -1.1 -1.1 -1.1 -1.1 -1.1 -1.1 -1.1 -1.1 -1.1 -1.1 -1.1 -1.1 -1.1 -1.1 -1.1 -1.1 -1.1 -1.1 -1.1 -1.1 -1.1 -1.1 -1.1 -1.1
52.1 36 34.2 36.7 49.5 51.5 54.4 56.8 56.1 53.4 51.7 50.2 50 49.9 49.4 49.6 53.3 55.7 57.3 54.1 44 46.9 36.9 33.1 23.1 1.8 18 -1.1 -1.1 -1.1 -1.1 -1.1 -1.1 -1.1 -1.1 -1.1 -1.1 -1.1 -1.1 -1.1 -1.1 -1.1 -1.1 -1.1 -1.1 -1.1 -1.1 -1.1 -1.1 -1.1 -1.1 -1.1 -1.1 -1.1 -1.1 -1.1 -1.1 -1.1 -1.1 -1.1 -1.1 -1.1 -1.1 -1.1 -1.1 -1.1 -1.1 -1.1 -1.1 -1.1 -1.1 -1.1 -1.1 -1.1 -1.1 -1.1 -1.1 -1.1 -1.1 -1.1 -1.1 -1.1 -1.1 -1.1 -1.1
52.6 49.7 47 26.8 45.9 49.6 50.8 51.3 51.5 50.5 48.6 48 47.9 47.2 46.7 44.7 48.9 51.7 53.5 36.2 22.4 20.1 16.6 1.8 1.6 -1.1 -1.1 -1.1 -1.1 -1.1 -1.1 -1.1 -1.1 -1.1 -1.1 -1.1 -1.1 -1.1 -1.1 -1.1 -1.1 -1.1 -1.1 -1.1 -1.1 -1.1 -1.1 -1.1 -1.1 -1.1 -1.1 -1.1 -1.1 -1.1 -1.1 -1.1 -1.1 -1.1 -1.1 -1.1 -1.1 -1.1 -1.1 -1.1 -1.1 -1.1 -1.1 -1.1 -1.1 -1.1 -1.1 -1.1 -1.1 -1.1 -1.1 -1.1 -1.1 -1.1 -1.1 -1.1 -1.1 -1.1 -1.1 -1.1 -1.1
51.1 48.6 46.4 24.6 38.8 46.5 48.1 48.9 48.9 49 48.4 47.2 40.7 29.9 33.9 23.4 28.8 36.2 25.4 4.9 1.7 1.3 0.1 -1.1 -1.1 -1.1 -1.1 -1.1 -1.1 -1.1 -1.1 -1.1 -1.1 -1.1 -1.1 -1.1 -1.1 -1.1 -1.1 -1.1 -1.1 -1.1 -1.1 -1.1 -1.1 -1.1 -1.1 -1.1 -1.1 -1.1 -1.1 -1.1 -1.1 -1.1 -1.1 -1.1 -1.1 -1.1 -1.1 -1.1 -1.1 -1.1 -1.1 -1.1 -1.1 -1.1 -1.1 -1.1 -1.1 -1.1 -1.1 -1.1 -1.1 -1.1 -1.1 -1.1 -1.1 -1.1 -1.1 -1.1 -1.1 -1.1 -1.1 -1.1 -1.1
48.8 45.9 45.6 31.6 33.8 43.1 45.4 46.2 46.7 44.7 43.2 40.2 32.1 1.8 1.4 1 1.1 1.6 0.7 0.3 -1.1 -1.1 -1.1 -1.1 -1.1 -1.1 -1.1 -1.1 -1.1 -1.1 -1.1 -1.1 -1.1 -1.1 -1.1 -1.1 -1.1 -1.1 -1.1 -1.1 -1.1 -1.1 -1.1 -1.1 -1.1 -1.1 -1.1 -1.1 -1.1 -1.1 -1.1 -1.1 -1.1 -1.1 -1.1 -1.1 -1.1 -1.1 -1.1 -1.1 -1.1 -1.1 -1.1 -1.1 -1.1 -1.1 -1.1 -1.1 -1.1 -1.1 -1.1 -1.1 -1.1 -1.1 -1.1 -1.1 -1.1 -1.1 -1.1 -1.1 -1.1 -1.1 -1.1 -1.1 -1.1
45.7 43.7 43.4 43.7 17.6 24.4 37 43.8 33.9 18.4 9 1.5 3.1 -1.1 -1.1 -1.1 -1.1 -1.1 -1.1 -1.1 -1.1 -1.1 -1.1 -1.1 -1.1 -1.1 -1.1 -1.1 -1.1 -1.1 -1.1 -1.1 -1.1 -1.1 -1.1 -1.1 -1.1 -1.1 -1.1 -1.1 -1.1 -1.1 -1.1 -1.1 -1.1 -1.1 -1.1 -1.1 -1.1 -1.1 -1.1 -1.1 -1.1 -1.1 -1.1 -1.1 -1.1 -1.1 -1.1 -1.1 -1.1 -1.1 -1.1 -1.1 -1.1 -1.1 -1.1 -1.1 -1.1 -1.1 -1.1 -1.1 -1.1 -1.1 -1.1 -1.1 -1.1 -1.1 -1.1 -1.1 -1.1 -1.1 -1.1 -1.1 -1.1
42.2 41.6 42.5 43.3 31.6 10.9 17 27.7 14.5 1.2 0.7 -1.1 -1.1 -1.1 -1.1 -1.1 -1.1 -1.1 -1.1 -1.1 -1.1 -1.1 -1.1 -1.1 -1.1 -1.1 -1.1 -1.1 -1.1 -1.1 -1.1 -1.1 -1.1 -1.1 -1.1 -1.1 -1.1 -1.1 -1.1 -1.1 -1.1 -1.1 -1.1 -1.1 -1.1 -1.1 -1.1 -1.1 -1.1 -1.1 -1.1 -1.1 -1.1 -1.1 -1.1 -1.1 -1.1 -1.1 -1.1 -1.1 -1.1 -1.1 -1.1 -1.1 -1.1 -1.1 -1.1 -1.1 -1.1 -1.1 -1.1 -1.1 -1.1 -1.1 -1.1 -1.1 -1.1 -1.1 -1.1 -1.1 -1.1 -1.1 -1.1 -1.1 -1.1
39.1 39.4 41.6 42.2 41.4 5.5 -1.1 -1.1 -1.1 -1.1 -1.1 -1.1 -1.1 -1.1 -1.1 -1.1 -1.1 -1.1 -1.1 -1.1 -1.1 -1.1 -1.1 -1.1 -1.1 -1.1 -1.1 -1.1 -1.1 -1.1 -1.1 -1.1 -1.1 -1.1 -1.1 -1.1 -1.1 -1.1 -1.1 -1.1 -1.1 -1.1 -1.1 -1.1 -1.1 -1.1 -1.1 -1.1 -1.1 -1.1 -1.1 -1.1 -1.1 -1.1 -1.1 -1.1 -1.1 -1.1 -1.1 -1.1 -1.1 -1.1 -1.1 -1.1 -1.1 -1.1 -1.1 -1.1 -1.1 -1.1 -1.1 -1.1 -1.1 -1.1 -1.1 -1.1 -1.1 -1.1 -1.1 -1.1 -1.1 -1.1 -1.1 -1.1 -1.1
35.8 36.4 31.5 25.3 29.1 1.2 -1 -1.1 -1.1 -1.1 -1.1 -1.1 -1.1 -1.1 -1.1 -1.1 -1.1 -1.1 -1.1 -1.1 -1.1 -1.1 -1.1 -1.1 -1.1 -1.1 -1.1 -1.1 -1.1 -1.1 -1.1 -1.1 -1.1 -1.1 -1.1 -1.1 -1.1 -1.1 -1.1 -1.1 -1.1 -1.1 -1.1 -1.1 -1.1 -1.1 -1.1 -1.1 -1.1 -1.1 -1.1 -1.1 -1.1 -1.1 -1.1 -1.1 -1.1 -1.1 -1.1 -1.1 -1.1 -1.1 -1.1 -1.1 -1.1 -1.1 -1.1 -1.1 -1.1 -1.1 -1.1 -1.1 -1.1 -1.1 -1.1 -1.1 -1.1 -1.1 -1.1 -1.1 -1.1 -1.1 -1.1 -1.1 -1.1
33.5 13.6 1 1 0.8 -1.1 -1.1 -1.1 -1.1 -1.1 -1.1 -1.1 -1.1 -1.1 -1.1 -1.1 -1.1 -1.1 -1.1 -1.1 -1.1 -1.1 -1.1 -1.1 -1.1 -1.1 -1.1 -1.1 -1.1 -1.1 -1.1 -1.1 -1.1 -1.1 -1.1 -1.1 -1.1 -1.1 -1.1 -1.1 -1.1 -1.1 -1.1 -1.1 -1.1 -1.1 -1.1 -1.1 -1.1 -1.1 -1.1 -1.1 -1.1 -1.1 -1.1 -1.1 -1.1 -1.1 -1.1 -1.1 -1.1 -1.1 -1.1 -1.1 -1.1 -1.1 -1.1 -1.1 -1.1 -1.1 -1.1 -1.1 -1.1 -1.1 -1.1 -1.1 -1.1 -1.1 -1.1 -1.1 -1.1 -1.1 -1.1 -1.1 -1.1
0.8 0.5 -1.1 -1.1 -1.1 -1.1 -1.1 -1.1 -1.1 -1.1 -1.1 -1.1 -1.1 -1.1 -1.1 -1.1 -1.1 -1.1 -1.1 -1.1 -1.1 -1.1 -1.1 -1.1 -1.1 -1.1 -1.1 -1.1 -1.1 -1.1 -1.1 -1.1 -1.1 -1.1 -1.1 -1.1 -1.1 -1.1 -1.1 -1.1 -1.1 -1.1 -1.1 -1.1 -1.1 -1.1 -1.1 -1.1 -1.1 -1.1 -1.1 -1.1 -1.1 -1.1 -1.1 -1.1 -1.1 -1.1 -1.1 -1.1 -1.1 -1.1 -1.1 -1.1 -1.1 -1.1 -1.1 -1.1 -1.1 -1.1 -1.1 -1.1 -1.1 -1.1 -1.1 -1.1 -1.1 -1.1 -1.1 -1.1 -1.1 -1.1 -1.1 -1.1 -1.1
-1.1 -1.1 -1.1 -1.1 -1.1 -1.1 -1.1 -1.1 -1.1 -1.1 -1.1 -1.1 -1.1 -1.1 -1.1 -1.1 -1.1 -1.1 -1.1 -1.1 -1.1 -1.1 -1.1 -1.1 -1.1 -1.1 -1.1 -1.1 -1.1 -1.1 -1.1 -1.1 -1.1 -1.1 -1.1 -1.1 -1.1 -1.1 -1.1 -1.1 -1.1 -1.1 -1.1 -1.1 -1.1 -1.1 -1.1 -1.1 -1.1 -1.1 -1.1 -1.1 -1.1 -1.1 -1.1 -1.1 -1.1 -1.1 -1.1 -1.1 -1.1 -1.1 -1.1 -1.1 -1.1 -1.1 -1.1 -1.1 -1.1 -1.1 -1.1 -1.1 -1.1 -1.1 -1.1 -1.1 -1.1 -1.1 -1.1 -1.1 -1.1 -1.1 -1.1 -1.1 -1.1
