STL Generation/terr50_gagg_gb/data/NF81.asc
ncols 200
nrows 200
xllcorner 80000
yllcorner 810000
cellsize 50
[rows 37 to 73 of 200, columns 0 to 83 of 200]
-1.8 -1.8 -1.8 -1.8 9.5 3.4 9.5 5.2 -1.8 -1.8 -1.8 -1.8 7.6 13.5 13.1 5.6 -1.8 -1.8 -1.8 -1.8 -1.8 -1.8 -1.8 -1.8 -1.8 -1.8 -1.8 -1.8 -1.8 -1.8 -1.8 -1.8 -1.8 -1.8 -1.8 1.8 -1.8 -1.8 -1.8 -1.8 -1.8 -1.8 -1.8 -1.8 -1.8 -1.8 -1.8 -1.8 -1.8 -1.8 -1.8 -1.8 -1.8 -1.8 -1.8 -1.8 -1.8 -1.8 -1.8 -1.8 -1.8 -1.8 -1.8 -1.8 -1.8 -1.8 -1.8 -1.8 -1.8 -1.8 -1.8 -1.8 -1.8 -1.8 -1.8 -1.8 -1.8 -1.8 -1.8 -1.8 -1.8 -1.8 -1.8 -1.8
-1.8 -1.8 -1.8 -1.8 16 14.2 15 17.1 20.7 12.2 4.9 11.3 14.8 26.5 22.5 17 14 10.2 -1.8 -1.8 -1.8 -1.8 -1.8 -1.8 -1.8 -1.8 -1.8 -1.8 -1.8 -1.8 -1.8 -1.8 -1.8 1.4 -1.8 2.8 2.3 4.1 1.4 3.6 3.4 4.3 1.7 -1.8 -1.8 -1.8 -1.8 -1.8 -1.8 -1.8 -1.8 -1.8 -1.8 -1.8 -1.8 -1.8 -1.8 -1.8 -1.8 -1.8 -1.8 -1.8 -1.8 -1.8 -1.8 -1.8 -1.8 -1.8 -1.8 -1.8 -1.8 -1.8 -1.8 -1.8 -1.8 -1.8 -1.8 -1.8 -1.8 -1.8 -1.8 -1.8 -1.8 -1.8
-1.8 -1.8 -1.8 -1.8 19.1 23.9 24.9 26.7 29.6 28.6 17.7 28.7 28.7 35.1 38.3 29.6 24.3 17.5 -1.8 -1.8 -1.8 -1.8 -1.8 -1.8 -1.8 -1.8 -1.8 -1.8 -1.8 -1.8 -1.8 -1.8 6.1 5.8 8.3 6.6 5 6 5.9 7.9 7.9 7.2 2.8 -1.8 -1.8 -1.8 -1.8 -1.8 -1.8 -1.8 -1.8 -1.8 -1.8 -1.8 -1.8 -1.8 -1.8 -1.8 -1.8 -1.8 -1.8 -1.8 -1.8 -1.8 -1.8 -1.8 -1.8 -1.8 -1.8 -1.8 -1.8 -1.8 -1.8 -1.8 -1.8 -1.8 -1.8 -1.8 -1.8 -1.8 -1.8 -1.8 -1.8 -1.8
-1.8 -1.8 10.1 10.3 22.4 32.4 38.9 41.4 34.1 28.7 27.2 38.1 44.6 44.1 40.6 34.5 33.6 30.2 11.3 -1.8 -1.8 -1.8 -1.8 -1.8 -1.8 -1.8 -1.8 -1.8 -1.8 -1.8 -1.8 -1.8 -1.8 -1.8 8.5 9.7 6.2 7.5 8.6 8 7.9 8.8 8.9 9.9 -1.8 -1.8 -1.8 -1.8 -1.8 -1.8 -1.8 -1.8 -1.8 -1.8 -1.8 -1.8 -1.8 -1.8 -1.8 -1.8 -1.8 -1.8 -1.8 -1.8 -1.8 -1.8 -1.8 -1.8 -1.8 -1.8 -1.8 -1.8 -1.8 -1.8 -1.8 -1.8 -1.8 -1.8 -1.8 -1.8 -1.8 -1.8 -1.8 -1.8
19.2 11.6 14.8 22.7 24.8 38.5 44.5 48.4 46.8 35.5 42.7 52.2 55.7 49.8 41.4 36.5 35.3 33.6 22.6 8.9 -1.8 -1.8 -1.8 2.1 11.9 11.7 8.3 9.7 9.6 -1.8 -1.8 -1.8 -1.8 -1.8 -1.8 -1.8 -1.8 4.4 1.6 -1.8 2.9 6.5 13.3 13.9 -1.8 -1.8 -1.8 -1.8 -1.8 -1.8 -1.8 -1.8 -1.8 -1.8 -1.8 -1.8 -1.8 -1.8 -1.8 -1.8 -1.8 -1.8 -1.8 -1.8 -1.8 -1.8 -1.8 -1.8 -1.8 -1.8 -1.8 -1.8 -1.8 -1.8 -1.8 -1.8 -1.8 -1.8 -1.8 -1.8 -1.8 -1.8 -1.8 -1.8
24.1 18.4 26 31.5 31.8 38.4 48.5 51.8 49 48 58.5 65.8 59.2 53 45.5 38.2 37.2 30.8 22.4 15.2 13.7 17.7 5.3 17.7 24.8 21.8 21.6 20.7 20.4 14.4 11.5 -1.8 -1.8 -1.8 -1.8 -1.8 -1.8 -1.8 -1.8 -1.8 -1.8 6.4 9.4 14.1 8.6 -1.8 -1.8 -1.8 -1.8 -1.8 -1.8 -1.8 -1.8 -1.8 -1.8 -1.8 -1.8 -1.8 -1.8 -1.8 -1.8 -1.8 -1.8 -1.8 -1.8 -1.8 -1.8 -1.8 -1.8 -1.8 -1.8 -1.8 -1.8 -1.8 -1.8 -1.8 -1.8 -1.8 -1.8 -1.8 -1.8 -1.8 -1.8 -1.8
28.7 26.5 34.2 43.1 44.6 40.9 48.7 57.2 56.5 63.2 69.3 69.2 65.2 58.9 52.6 46.4 38 35.4 22.3 15.1 16.2 19.3 20.3 26.2 37.5 36.7 35.6 30.5 30.8 26.2 24.6 24 18 5.1 -1.8 -1.8 -1.8 -1.8 -1.8 -1.8 -1.8 -1.8 -1.8 -0.5 -1.8 -1.8 -1.8 -1.8 -1.8 -1.8 -1.8 -1.8 -1.8 -1.8 -1.8 -1.8 -1.8 -1.8 -1.8 -1.8 -1.8 -1.8 -1.8 -1.8 -1.8 -1.8 -1.8 -1.8 -1.8 -1.8 -1.8 -1.8 -1.8 -1.8 -1.8 -1.8 -1.8 -1.8 -1.8 -1.8 -1.8 -1.8 -1.8 -1.8
29.2 34.9 47.2 49.5 50.3 44.9 47.4 58 60.4 62.8 73 79.7 73.6 66.2 57.3 51.5 41.8 25.4 21.5 18 18.7 29.5 37.7 35.9 42.3 46.2 48.3 46.6 41 37.2 32.1 29.1 23.3 18.1 10.9 -1.8 -1.8 -1.8 -1.8 -1.8 -1.8 -1.8 -1.8 -1.8 -1.8 -1.8 -1.8 -1.8 -1.8 -1.8 -1.8 -1.8 -1.8 -1.8 -1.8 -1.8 -1.8 -1.8 -1.8 -1.8 -1.8 -1.8 -1.8 -1.8 -1.8 -1.8 -1.8 -1.8 -1.8 -1.8 -1.8 -1.8 -1.8 -1.8 -1.8 -1.8 -1.8 -1.8 -1.8 -1.8 -1.8 -1.8 -1.8 -1.8
32.8 39.9 53.4 54.3 54.5 55.6 48.8 54.2 63.9 68.9 79.2 85.7 85.4 78 64.8 54.7 45 25.3 22.5 20.5 35.1 35.8 42.1 44.5 45.7 52.1 56.7 53.2 47.7 40.2 33.1 27 26.9 26 21.7 17.5 11.9 -1.8 -1.8 -1.8 -1.8 -1.8 -1.8 -1.8 -1.8 -1.8 -1.8 -1.8 -1.8 -1.8 -1.8 -1.8 -1.8 -1.8 -1.8 -1.8 -1.8 -1.8 -1.8 -1.8 -1.8 -1.8 -1.8 -1.8 -1.8 -1.8 -1.8 -1.8 -1.8 -1.8 -1.8 -1.8 -1.8 -1.8 -1.8 -1.8 -1.8 -1.8 -1.8 -1.8 -1.8 -1.8 -1.8 -1.8
40.3 43.6 53.1 59.6 58.7 59.7 55 55.5 64.9 74 88.1 86.3 87.6 83.1 70.7 57.9 45.8 28.1 25.9 29.9 41.3 40.4 43.6 49 44.8 48.8 49.7 47.6 44.7 38.8 32.4 31.5 30.8 29.9 25.2 20.8 14.6 10.6 -1.8 -1.8 -1.8 -1.8 -1.8 -1.8 -1.8 -1.8 -1.8 -1.8 -1.8 -1.8 -1.8 -1.8 -1.8 -1.8 -1.8 -1.8 -1.8 -1.8 -1.8 -1.8 -1.8 -1.8 -1.8 -1.8 -1.8 -1.8 -1.8 -1.8 -1.8 -1.8 -1.8 -1.8 -1.8 -1.8 -1.8 -1.8 -1.8 -1.8 -1.8 -1.8 -1.8 -1.8 -1.8 -1.8
51 47.7 50.3 61.3 60.8 61.9 58.9 55.1 61.6 71.2 87.7 89.8 85 80.4 72.9 61.4 45.9 43.4 37.1 45.9 45.9 52 48.7 50.2 49.6 47.7 50.3 49.7 51.1 41.8 40.3 33 29.9 27.6 25.4 20.4 14.3 11 -1.8 -1.8 -1.8 -1.8 -1.8 -1.8 -1.8 -1.8 -1.8 -1.8 -1.8 -1.8 -1.8 -1.8 -1.8 -1.8 -1.8 -1.8 -1.8 -1.8 -1.8 -1.8 -1.8 -1.8 -1.8 -1.8 -1.8 -1.8 -1.8 -1.8 -1.8 -1.8 -1.8 -1.8 -1.8 -1.8 -1.8 -1.8 -1.8 -1.8 -1.8 -1.8 -1.8 -1.8 -1.8 -1.8
60.7 58.5 53.5 59.6 64.7 65.4 63.6 59.3 60.1 66.1 80.6 90.4 83.2 77.6 71.5 61.8 56 58.9 52.8 54.2 56.2 57.5 59.6 52.9 51.9 49 50 50.2 51.7 48.9 46.9 45.6 37.4 29.6 30.8 22.8 12.9 11.1 4.7 -1.8 -1.8 -1.8 -1.8 -1.8 -1.8 -1.8 -1.8 -1.8 -1.8 -1.8 -1.8 -1.8 -1.8 -1.8 -1.8 -1.8 -1.8 -1.8 -1.8 -1.8 -1.8 -1.8 -1.8 -1.8 -1.8 -1.8 -1.8 -1.8 -1.8 -1.8 -1.8 -1.8 -1.8 -1.8 -1.8 -1.8 -1.8 -1.8 -1.8 -1.8 -1.8 -1.8 -1.8 -1.8
72.8 72.1 63.2 60 64.4 69.6 67.6 63.5 59.9 60.7 74.6 88.7 82.2 73.2 68 60.2 61.3 64.5 62.5 56.1 59.5 62.2 62.5 63.5 55.3 58.7 54.5 50.3 49.6 46.8 44.9 42.8 40 30.3 20.5 17.6 8.8 7.3 7.6 3.1 -1.8 -1.8 -1.8 -1.8 -1.8 -1.8 -1.8 -1.8 -1.8 -1.8 -1.8 -1.8 -1.8 -1.8 -1.8 -1.8 -1.8 -1.8 -1.8 -1.8 -1.8 -1.8 -1.8 -1.8 -1.8 -1.8 -1.8 -1.8 -1.8 -1.8 -1.8 -1.8 -1.8 -1.8 -1.8 -1.8 -1.8 -1.8 -1.8 -1.8 -1.8 -1.8 -1.8 -1.8
82.2 83.6 76.2 65.9 64.2 66.1 68.2 64.1 60.7 63.2 63 82.3 84.1 76.2 77.1 75.5 67.9 67.5 67.9 61.4 59.8 66.2 66.2 70.2 65.2 58.3 50.9 48.5 49.2 45.5 41.7 37 31.9 26 19.2 13.5 10.6 6.4 1.8 1.8 -1.8 -1.8 -1.8 -1.8 -1.8 -1.8 -1.8 -1.8 -1.8 -1.8 -1.8 -1.8 -1.8 -1.8 -1.8 -1.8 -1.8 -1.8 -1.8 -1.8 -1.8 -1.8 -1.8 -1.8 -1.8 -1.8 -1.8 -1.8 -1.8 -1.8 -1.8 -1.8 -1.8 -1.8 -1.8 -1.8 -1.8 -1.8 -1.8 -1.8 -1.8 -1.8 -1.8 -1.8
84.8 84.1 81.9 70.1 63.4 53.2 56.3 63.1 62.8 60.4 60.5 70 82.2 86.5 91.9 88.5 77 74 74.5 68.9 66.1 66.6 70.1 72.7 69.5 64.6 50.1 47.1 44.8 41.9 38.4 36.4 40 33.9 25.2 20.5 13.4 10.2 1.8 3.2 -1.8 -1.8 -1.8 -1.8 -1.8 -1.8 -1.8 -1.8 -1.8 -1.8 -1.8 -1.8 -1.8 -1.8 -1.8 -1.8 -1.8 -1.8 -1.8 -1.8 -1.8 -1.8 -1.8 -1.8 -1.8 -1.8 -1.8 -1.8 -1.8 -1.8 -1.8 -1.8 -1.8 -1.8 -1.8 -1.8 -1.8 -1.8 -1.8 -1.8 -1.8 -1.8 -1.8 -1.8
83.4 81.4 77.7 72.9 61.9 48.9 49.8 59.1 59.6 58.6 54.6 72.7 88.3 92.1 94.4 93.7 83.3 76.3 77 76.1 75.4 71.4 73.1 76.2 73.5 69.9 59.8 45.8 41.6 40.8 40.3 38.2 40.8 38 33.2 31.9 23.8 16.9 16.1 5 3.2 -1.8 -1.8 -1.8 -1.8 -1.8 -1.8 -1.8 -1.8 -1.8 -1.8 -1.8 -1.8 -1.8 -1.8 -1.8 -1.8 -1.8 -1.8 -1.8 -1.8 -1.8 -1.8 -1.8 -1.8 -1.8 -1.8 -1.8 -1.8 -1.8 -1.8 -1.8 -1.8 -1.8 -1.8 -1.8 -1.8 -1.8 -1.8 -1.8 -1.8 -1.8 -1.8 -1.8
81.2 80.3 73.5 66 59.1 57.2 44.1 49.6 53.9 44.1 54.4 76 93.7 99.1 95.2 94.7 91.1 89.2 89.7 92.5 87.8 81.8 73 80.9 77.6 73 70.6 66.5 48.4 39.9 39.6 42.1 41.4 43.4 42.4 38.8 33.7 25.4 23.8 20.4 10.2 6.6 -1.8 -1.8 -1.8 -1.8 -1.8 -1.8 -1.8 -1.8 -1.8 -1.8 -1.8 -1.8 -1.8 -1.8 -1.8 -1.8 -1.8 -1.8 -1.8 -1.8 -1.8 -1.8 -1.8 -1.8 -1.8 -1.8 -1.8 -1.8 -1.8 -1.8 -1.8 -1.8 -1.8 -1.8 -1.8 -1.8 -1.8 -1.8 -1.8 -1.8 -1.8 -1.8
71.2 71.6 66.5 56.8 46 60 51.6 37 33.4 37.7 52.3 69.6 89.5 95.7 96.1 96.1 97.5 92.4 89.6 91.6 93.4 90.3 85.4 82.4 82.5 78.4 75.9 72.6 64.9 45.2 41.3 45.1 42.5 44.1 44.1 43.5 41 36.6 27.2 23.4 17.7 11.7 10.8 -1.8 -1.8 -1.8 -1.8 -1.8 -1.8 -1.8 -1.8 -1.8 -1.8 -1.8 -1.8 -1.8 -1.8 -1.8 -1.8 -1.8 -1.8 -1.8 -1.8 -1.8 -1.8 -1.8 -1.8 -1.8 -1.8 -1.8 -1.8 -1.8 -1.8 -1.8 -1.8 -1.8 -1.8 -1.8 -1.8 -1.8 -1.8 -1.8 -1.8 -1.8
60.5 63 60.2 48.6 37.7 35.4 33.5 23.7 21.6 31 49.2 61.2 76.1 91.4 98.6 94 99.7 93.1 90.2 91.8 94 98.6 92 86.7 85.2 84.8 83.3 73.5 66.4 56.1 46.5 43.5 43.6 47 49.6 49.6 47.7 45.4 38.2 29.8 24 17.3 12.5 7.3 8 3.6 11.2 -1.8 -1.8 -1.8 -1.8 -1.8 -1.8 -1.8 -1.8 -1.8 -1.8 -1.8 -1.8 -1.8 -1.8 -1.8 -1.8 -1.8 -1.8 -1.8 -1.8 -1.8 -1.8 -1.8 -1.8 -1.8 -1.8 -1.8 -1.8 -1.8 -1.8 -1.8 -1.8 -1.8 -1.8 -1.8 -1.8 -1.8
45.6 47.4 48.6 44.4 30.6 22.5 17.7 18.7 23 30.9 45.2 51.2 57.9 72.8 88.1 90 91.5 93.4 91.5 92.1 95.7 97.8 97.9 92.3 88.1 86.6 79.7 73.2 66.8 60.4 53.1 46.3 49.6 54.8 56.7 56.9 55.7 51.5 47 36.1 31.4 28.1 21.4 15 14.4 14 23 24 10.3 -1.8 -1.8 -1.8 -1.8 -1.8 -1.8 -1.8 -1.8 -1.8 -1.8 -1.8 -1.8 -1.8 -1.8 -1.8 -1.8 -1.8 -1.8 -1.8 -1.8 -1.8 -1.8 -1.8 -1.8 -1.8 -1.8 -1.8 -1.8 -1.8 -1.8 -1.8 -1.8 -1.8 -1.8 -1.8
35.9 36.4 37 32.2 22.2 14.7 15.5 18.3 19.5 28 37 41.3 39.6 52.5 65.5 74.5 79.5 83.5 88.6 91.8 96 95.7 95.3 94.8 92.2 86.3 81.3 78 67.8 61.3 57.2 52.2 54.9 55 56.2 58.9 61.1 55.7 51.6 49 36.8 35.4 33.5 27.5 21.2 17.2 21.2 22 16.5 12.8 12.6 12 22.7 26.5 16.2 -1.8 -1.8 -1.8 -1.8 -1.8 -1.8 -1.8 -1.8 -1.8 -1.8 -1.8 -1.8 -1.8 -1.8 -1.8 -1.8 -1.8 -1.8 -1.8 -1.8 -1.8 -1.8 -1.8 -1.8 -1.8 -1.8 -1.8 -1.8 -1.8
22.8 26.9 24.7 17.2 12.8 17.9 17.7 18.9 19.5 26.2 25.4 25.7 25.7 33.5 43.8 51.6 66.3 71.3 80.1 87.5 90.5 92.1 93.9 99.5 97.4 87.4 77.5 72.3 67.3 63.2 59.1 56.9 55.3 54.1 55.1 57.7 60.4 60.6 57.7 51 42.6 35.1 33.7 29.7 26.6 20 21.4 23.2 25.5 22.9 25.5 42.1 40.9 32.4 19.2 -1.8 -1.8 -1.8 -1.8 -1.8 -1.8 -1.8 -1.8 -1.8 -1.8 -1.8 -1.8 -1.8 -1.8 -1.8 -1.8 -1.8 -1.8 -1.8 -1.8 -1.8 -1.8 -1.8 -1.8 -1.8 -1.8 -1.8 -1.8 -1.8
10.5 14.4 10.5 11 20.1 18.9 19.7 17.9 17.5 22.3 23.5 17 15.4 17.4 26.2 35.5 47.9 59.5 70.5 81.5 84.8 87.3 91.5 95.9 97.3 86.5 78.3 69.2 62.5 66.5 65.8 62.7 57.1 52.2 52.3 53 53.8 55.5 53.2 47.6 37.7 32.9 31.4 26.5 24.9 24.1 24.3 26.6 27 23.7 31.3 41.5 40.3 31.5 21.7 7 -1.8 -1.8 -1.8 -1.8 -1.8 -1.8 -1.8 -1.8 -1.8 -1.8 -1.8 -1.8 -1.8 -1.8 -1.8 -1.8 -1.8 -1.8 -1.8 -1.8 -1.8 -1.8 -1.8 -1.8 -1.8 -1.8 -1.8 -1.8
10.5 10.5 10.5 22.1 23.4 18.5 21 19.8 15.4 15.6 16.1 14.6 14.3 14.6 19.2 23.9 33.8 46.6 59.1 71.5 77.7 77.9 81.5 84.2 88 88.4 80.8 69.8 58.5 59 60.8 59.9 55.7 50.5 49.2 51 48.5 48.3 51.7 47.3 37.9 31.2 31.2 30.6 27.4 28.1 28.7 29.4 23 22.5 33.4 40.2 36 30.2 19.1 5.2 -1.8 -1.8 -1.8 -1.8 -1.8 -1.8 -1.8 -1.8 -1.8 -1.8 -1.8 -1.8 -1.8 -1.8 -1.8 -1.8 -1.8 -1.8 -1.8 -1.8 -1.8 -1.8 -1.8 -1.8 -1.8 -1.8 -1.8 -1.8
10.5 10.5 13.9 20.1 23.7 20.4 22 20.8 16.8 13 12.7 13.5 13.5 13.9 15.5 20.6 24.7 32.9 45.7 59.6 66.4 68.3 72.3 80 82.6 81.5 81.6 68.3 54.2 53.6 59.5 59.5 54.3 48.9 47.7 45.4 45.1 40.2 44.7 47.1 34.8 29.4 30 31.7 30.4 30.3 30.1 23.1 23.8 31.1 36 38.1 40 31.4 17.5 -1.8 -1.8 -1.8 -1.8 -1.8 -1.8 -1.8 -1.8 -1.8 -1.8 -1.8 -1.8 -1.8 -1.8 -1.8 -1.8 -1.8 -1.8 -1.8 -1.8 -1.8 -1.8 -1.8 -1.8 -1.8 -1.8 -1.8 -1.8 -1.8
11.2 10.7 13 17 22 18.4 16.9 17.6 16 14.4 12.9 12.7 12.8 13.3 13.6 15.1 21 23.1 33.7 46.8 56.8 59.4 69.7 76 75.4 73.2 67.9 60.9 57.3 49.4 50.1 56.4 55 47 46 41.3 35.9 34.3 34.3 40.2 31.2 31.4 36 36.2 33.4 28.4 25.9 32.9 36.1 35 36.2 37.3 33 28.3 17.2 -1.8 -1.8 -1.8 -1.8 -1.8 -1.8 -1.8 -1.8 -1.8 -1.8 -1.8 -1.8 -1.8 -1.8 -1.8 -1.8 -1.8 -1.8 -1.8 -1.8 -1.8 -1.8 -1.8 -1.8 -1.8 -1.8 -1.8 -1.8 -1.8
10.7 13.2 12.4 13.2 14.6 15.6 13.8 11.7 12 12.2 12.3 11.9 12 12.5 13 13.6 15 18.3 23.2 28.5 40.5 51.3 62.5 65.1 68.1 67.5 54.3 50.8 50.2 44.2 44.4 43.8 44.3 44.1 41.6 37.7 29.2 31.1 30.5 29.7 34.8 34.2 35.1 34 28.9 25.2 33.2 39.1 41 39.8 36 32.8 28.9 21.7 1.7 -1.8 -1.8 -1.8 -1.8 -1.8 -1.8 -1.8 -1.8 -1.8 -1.8 -1.8 -1.8 -1.8 -1.8 -1.8 -1.8 -1.8 -1.8 -1.8 -1.8 -1.8 -1.8 -1.8 -1.8 -1.8 -1.8 -1.8 -1.8 -1.8
12.8 10.5 10.5 10.5 12.3 13.1 10.5 10.5 12.1 12.6 12.5 11.1 11.3 12 12.7 13.1 13.4 15.1 17.5 18 24.4 40.5 52.2 53.3 55.6 50.7 41.3 42.1 43 38.9 36.1 34 36.3 36.8 34.7 29.5 25.9 24.9 24.9 25.6 30.9 34.5 34.9 27.3 22.6 30.2 39.3 41.7 42.2 39 34.6 30.1 28.2 21.1 5.2 -1.8 -1.8 -1.8 -1.8 -1.8 -1.8 -1.8 -1.8 -1.8 -1.8 -1.8 -1.8 -1.8 -1.8 -1.8 -1.8 -1.8 -1.8 -1.8 -1.8 -1.8 -1.8 -1.8 -1.8 -1.8 -1.8 -1.8 -1.8 -1.8
14.4 12.5 11.8 10.5 10.5 10.5 10.5 12 13.5 13.5 13.1 11.8 11.3 11.7 12.4 12.6 12.9 14.6 15.9 16.7 13.9 27.1 40.8 47.3 44 39.1 36.7 35.4 33.4 30.4 27.1 25.6 25.7 27 26.4 22.9 21 20.3 22.6 20.8 26 33.7 29.3 19.5 21.8 34.3 42.2 44 43.1 38.5 32.5 27.9 26.2 14.3 3.6 -1.8 -1.8 -1.8 -1.8 -1.8 -1.8 -1.8 -1.8 -1.8 -1.8 -1.8 -1.8 -1.8 -1.8 -1.8 -1.8 -1.8 -1.8 -1.8 -1.8 -1.8 -1.8 -1.8 -1.8 -1.8 -1.8 -1.8 -1.8 -1.8
15.6 14.7 13.8 13.9 11.3 10.5 10.6 11.4 14.7 14 13.5 13.3 12.7 12.4 11.8 12 15 15.5 15.6 14.5 11.8 14.6 32.3 36.2 31 29.1 33.4 28.7 22.8 21.2 17.2 17.7 18 19 19 17.6 18.8 21.1 16.4 18 19 25.6 22.3 17.2 25.5 38.8 44.3 42.8 40.4 37.1 30.5 24.5 16.2 -1.8 -1.8 -1.8 -1.8 -1.8 -1.8 -1.8 -1.8 -1.8 -1.8 -1.8 -1.8 -1.8 -1.8 -1.8 -1.8 -1.8 -1.8 -1.8 -1.8 -1.8 -1.8 -1.8 -1.8 -1.8 -1.8 -1.8 -1.8 -1.8 -1.8 -1.8
23.2 17.7 19.7 17.7 14.6 13 13.5 16 14.7 15.4 16.5 15.9 14 13.2 12.2 11 17.8 17.4 15.4 12.4 10.4 11.1 15.6 19.5 20.5 27.1 24 23.4 17.8 15.4 14.7 14.9 15.4 14.2 13.9 14.4 14.4 14.8 14.6 14.3 16.5 12.8 13.2 17.1 30.6 39.3 41 39.4 36.8 32.7 24.6 13.4 3.5 -1.8 -1.8 -1.8 -1.8 -1.8 -1.8 -1.8 -1.8 -1.8 -1.8 -1.8 -1.8 -1.8 -1.8 -1.8 -1.8 -1.8 -1.8 -1.8 -1.8 -1.8 -1.8 -1.8 -1.8 -1.8 -1.8 -1.8 -1.8 -1.8 -1.8 -1.8
27.1 28.2 26.6 22.8 17.5 15.4 13.8 16.2 17.1 18.3 18.8 19.2 17.9 15.9 13.6 11.3 9.8 11.2 9.5 10 9.6 9 10.5 13.6 16.7 20.5 19.8 15.4 20.3 13.8 14.1 14.4 13 11.7 12.1 12.5 12.9 13.1 13.1 12.2 12.1 10.3 11.6 21.9 31.6 35.8 37.1 34.8 30.2 24.5 12.3 -1.8 -1.8 -1.8 -1.8 -1.8 -1.8 -1.8 -1.8 -1.8 -1.8 -1.8 -1.8 -1.8 -1.8 -1.8 -1.8 -1.8 -1.8 -1.8 -1.8 -1.8 -1.8 -1.8 -1.8 -1.8 -1.8 -1.8 -1.8 -1.8 -1.8 -1.8 -1.8 -1.8
38.1 38.8 34.9 25.7 20.4 16.7 15.4 14.6 18.1 20.1 19.2 19.2 17.9 17.8 15.5 13.4 12.6 14.7 10.6 6.7 6.7 6.8 6.7 10.2 12.8 14.4 16.7 13.8 12.9 13.1 13.2 13.2 13.2 11.2 10.5 10.9 11.8 13.4 12.3 11.3 10 8.6 9.1 14.3 22.3 26.7 26.5 27.8 17.8 8.1 -1.8 -1.8 -1.8 -1.8 -1.8 -1.8 -1.8 -1.8 -1.8 -1.8 -1.8 -1.8 -1.8 -1.8 -1.8 -1.8 -1.8 -1.8 -1.8 -1.8 -1.8 -1.8 -1.8 -1.8 -1.8 -1.8 -1.8 -1.8 -1.8 -1.8 -1.8 -1.8 -1.8 -1.8
44.7 42.7 41.3 32.6 25.6 20.4 17.2 16.3 15.9 18.3 18.5 18.8 18.4 19.7 17.6 15.6 15.5 15.5 14.1 7.8 6.7 6.7 6.7 6.7 6.7 9.4 10.3 12.3 11.7 11.9 12 11.9 11.9 11.7 10.3 9.6 12.8 14.1 12.7 10.2 7.9 6.8 7.4 9.8 16.1 15.8 14 12.1 5.8 -1.8 -1.8 -1.8 -1.8 -1.8 -1.8 -1.8 -1.8 -1.8 -1.8 -1.8 -1.8 -1.8 -1.8 -1.8 -1.8 -1.8 -1.8 -1.8 -1.8 -1.8 -1.8 -1.8 -1.8 -1.8 -1.8 -1.8 -1.8 -1.8 -1.8 -1.8 -1.8 -1.8 -1.8 -1.8
52.6 50.7 45.7 37.6 28.2 24.7 18.1 17.1 18 17.7 18 18.3 18.2 21.4 19.7 17.7 16.9 16.2 16.2 16 10.3 11 6.7 6.7 6.7 6.7 6.7 6.7 9.7 10.6 10.7 10.7 10.7 10.7 10.3 8.9 10.1 13.5 13 9 6.5 6.4 6.5 7.6 8.9 10.7 8.2 -1.8 -1.8 -1.8 -1.8 -1.8 -1.8 -1.8 -1.8 -1.8 -1.8 -1.8 -1.8 -1.8 -1.8 -1.8 -1.8 -1.8 -1.8 -1.8 -1.8 -1.8 -1.8 -1.8 -1.8 -1.8 -1.8 -1.8 -1.8 -1.8 -1.8 -1.8 -1.8 -1.8 -1.8 -1.8 -1.8 -1.8
59.2 56.5 50.9 45.3 35.4 28.8 21.5 18.3 18.4 17.7 17.6 16.6 15.6 18.8 22.4 18.6 19.3 16.6 16.1 16 14.6 11.4 8.2 6.7 6.7 6.7 6.7 6.7 9.2 12.3 11.3 11.3 11.4 11.4 11.4 9.3 7.3 10.9 13.7 7.7 7.2 7.7 7.6 7 8.8 11.5 6 -1.8 -1.8 -1.8 -1.8 -1.8 -1.8 -1.8 -1.8 -1.8 -1.8 -1.8 -1.8 -1.8 -1.8 -1.8 -1.8 -1.8 -1.8 -1.8 -1.8 -1.8 -1.8 -1.8 -1.8 -1.8 -1.8 -1.8 -1.8 -1.8 -1.8 -1.8 -1.8 -1.8 -1.8 -1.8 -1.8 -1.8
66.4 61.2 59.9 52.2 43 31.9 26.5 20.5 18.2 17.7 17.4 16.5 15.6 15.6 17.7 16.1 15.6 16.3 15.7 15.8 17.1 13.8 9.5 7.2 6.7 6.7 6.7 6.7 6.7 6.7 12.2 12.3 12.2 12.2 12.1 11 8.3 8.5 9.4 7.4 10.2 10.1 9.7 6.7 8.7 8.8 4.8 -1.8 -1.8 -1.8 -1.8 -1.8 -1.8 -1.8 -1.8 -1.8 -1.8 -1.8 -1.8 -1.8 -1.8 -1.8 -1.8 -1.8 -1.8 -1.8 -1.8 -1.8 -1.8 -1.8 -1.8 -1.8 -1.8 -1.8 -1.8 -1.8 -1.8 -1.8 -1.8 -1.8 -1.8 -1.8 -1.8 -1.8
