STL Generation/terr50_gagg_gb/data/NG19.asc
ncols 200
nrows 200
xllcorner 110000
yllcorner 890000
cellsize 50
[rows 0 to 36 of 200, columns 83 to 165 of 200]
89.8 89.5 92.8 99.4 94.7 90.2 90.5 86.6 81.9 76.3 67.1 61.2 56 54.2 52.7 54.3 61.1 62.2 62.9 59.2 55.4 50.6 34 18.1 8.2 5.7 5.1 9.8 13.5 19.2 21.4 20.3 15.7 15.3 19 22 21.7 20.5 20.8 23 26.9 28.9 28.6 25.5 23.8 21.5 21.9 19.5 15.9 13.7 16.5 20.3 21 22.4 21.5 17.2 9.4 6.9 5.2 5.3 6.3 4.1 -1 6.9 16.2 26.8 36.7 50.4 56.9 59.1 64.6 56.6 58.2 55.6 58.8 54.9 51.6 41.6 37.2 28 16.5 9 9
90.3 90.4 95.5 100.6 98.4 92.8 90 90.1 85.4 81.2 73.7 59.5 58.7 58.7 56.6 57.1 59.9 67.5 67.5 67.5 66.2 62.7 50.3 35.6 20.6 4.5 4.9 -2.2 -2.2 -2.2 8.9 10.9 10.2 8 19.5 20.8 19.7 18.6 16.5 14.9 19.4 25.1 28.5 27 25.6 21.1 19.4 15.9 10.5 4.3 13.8 16.5 16.5 17 13.4 9.4 3.5 1.2 -2.2 -2.2 3 1.8 1.8 6.2 14.3 23.2 33.3 45.2 51.6 55.6 54.2 51.8 49.8 53.5 59.8 64.6 54.6 43.7 36 28 9 9 9
87.9 89.5 89 96.5 96 92.6 89.7 90.4 87.9 83.9 78.2 67 59.7 60.6 60.6 60.8 62.4 71.2 73 73.2 76.1 73.7 68 57.9 41.5 23.6 4.5 -2.2 -2.2 -2.2 -2.2 -2.2 5.1 6.8 14.5 16.9 14.7 13.7 9.3 11.6 14.1 19.5 24.8 29.5 34.2 22.9 16.3 14.3 7.2 2.1 10.1 11.9 13.4 13.3 9.1 3.7 -2.2 -2.2 -2.2 -2.2 -2.2 -2.2 -2.2 -2.2 10.1 19.7 29.8 40.3 46 48.1 47.4 44.7 39.7 45.9 52.5 55.3 50.1 38.7 29 19.2 9 9 11
86.3 90.3 89.5 90.1 90.8 90.5 89.3 89.5 88 83.8 80.7 74.9 67 66.9 65.2 65 70 73.1 78.5 80.1 82.7 81.5 77.6 71.4 60.1 39.8 27.5 10.5 -2.2 -2.2 -2.2 -2.2 -2.2 -2.2 6.6 5 4.3 4 5.3 4.8 11.7 18 22.9 24.2 26.1 21.2 15.2 10.7 5.8 -2.2 -2.2 -2.2 6.8 6.3 10.8 0.4 -2.2 -2.2 -2.2 -2.2 -2.2 -2.2 -2.2 -2.2 6.6 23.1 35.8 44 46.6 45.5 42.4 35 33.8 38.1 40 41 38.9 30.2 21.8 15.2 9 9 15.3
80.2 87.2 88.3 86.2 87 86.8 86.4 86.8 85.1 81.6 80.3 79.5 72.5 75 79.4 77.7 72.5 76.5 80.8 89.8 88.6 87.6 82.3 75.8 65.8 51 34.2 25.6 12.8 -2.2 -2.2 -2.2 -2.2 -2.2 -2.2 -2.2 -2.2 -2.2 -2.2 -2.2 7.6 16.8 21 20.9 18.8 18.2 12.7 10.1 -2.2 -2.2 -2.2 -2.2 -2.2 -2.2 1.9 -2.2 -2.2 -2.2 -2.2 -2.2 -2.2 -2.2 -2.2 -2.2 7.3 28.1 42.8 50.5 48.4 46.5 41.4 34.5 28.3 27.4 30.2 37 35.5 27.5 15.2 11.3 9.2 9.4 24.8
82.3 77.4 76.1 79.4 78.6 79 80.4 81.8 80.7 79.9 79.5 78.7 78.7 79.6 81.2 82.1 89 79.2 87.5 90.5 90.6 90.2 86.2 80.2 74.3 52.3 35.1 27 24.3 17 -2.2 -2.2 -2.2 -2.2 -2.2 -2.2 -2.2 -2.2 -2.2 -2.2 -2.2 7.8 18.4 21.1 17.6 12.8 -2.2 -2.2 -2.2 -2.2 -2.2 -2.2 -2.2 -2.2 1.9 -2.2 -2.2 -2.2 -2.2 -2.2 -2.2 -2.2 -2.2 -2.2 12.7 26.9 45.2 56.8 51.4 49 47.8 41.5 37.5 31.4 22.9 25.9 25.4 18.9 19 14.9 12.4 22.5 39.2
84.2 81.6 78 75.3 75.3 76.6 77.4 79.1 79.1 79.2 79 78.7 78.5 79.2 79.2 81.7 89.3 89.9 88.9 90.3 90.9 91 91 88.1 77.7 55.4 41.5 33.9 26.2 21.4 16.7 -2.2 -2.2 -2.2 -2.2 -2.2 -2.2 -2.2 -2.2 -2.2 -2.2 -2.2 -2.2 -2.2 11.8 -2.2 -2.2 -2.2 -2.2 -2.2 -2.2 -2.2 -2.2 -2.2 -2.2 -2.2 -2.2 -2.2 -2.2 -2.2 -2.2 -2.2 -2.2 -2.2 12.7 29.7 43.1 50.3 50.8 48.4 48.7 50.5 48.6 41.8 29.6 25.1 19.3 19.8 17.1 16.7 13 33.2 53.2
88.9 87.1 84.7 80.3 78.8 76.4 77.2 78.9 77.2 77 77.3 77.3 77 78 79.1 79.4 89.5 90.1 90.1 90.1 90.7 90.8 89.1 89.4 82 64.4 53.1 40.4 31.9 27.2 20.5 14.4 10.1 -2.2 -2.2 -2.2 -2.2 -2.2 -2.2 -2.2 -2.2 -2.2 -2.2 -2.2 -2.2 -2.2 -2.2 -2.2 -2.2 -2.2 -2.2 -2.2 -2.2 -2.2 -2.2 -2.2 -2.2 -2.2 -2.2 -2.2 -2.2 -2.2 -2.2 -2.2 -2.2 28.8 33.8 43.6 42.4 47.6 50.9 52 49.4 43.6 38.4 31.7 20 16.3 13.4 16 13.2 21.6 47.9
89.1 89.4 88 83.2 78.5 78.2 77.8 78.7 75.3 73.4 74.5 75.8 75.7 76.7 78.4 79.7 89.7 91.4 94 90.5 90.3 88.6 86.8 85.7 87.3 75.5 59.2 43.8 36.8 32.4 22.6 19.4 20.4 18.8 -2.2 -2.2 -2.2 -2.2 -2.2 -2.2 -2.2 -2.2 -2.2 -2.2 -2.2 -2.2 -2.2 -2.2 -2.2 -2.2 -2.2 -2.2 -2.2 -2.2 -2.2 -2.2 -2.2 -2.2 -2.2 -2.2 -2.2 -2.2 -2.2 -2.2 -2.2 -2.2 25.5 32.9 37.7 46.6 49.7 51.7 48.7 41.2 39.5 29 16.9 12.9 8.8 8.7 3 16.8 44.7
89.1 89.5 88.1 83.9 80.2 79.9 79.5 79.2 75.2 70 71.7 73.4 74.4 75.7 75.9 77.9 86.9 91.4 99.7 95.8 89.9 87.2 84.6 82.7 82.2 78.6 59.4 44 39.3 33.4 20.1 21.1 22.6 22.4 19.9 -2.2 -2.2 -2.2 -2.2 -2.2 -2.2 -2.2 -2.2 -2.2 -2.2 -2.2 -2.2 -2.2 -2.2 -2.2 -2.2 -2.2 -2.2 -2.2 -2.2 -2.2 -2.2 -2.2 -2.2 -2.2 -2.2 -2.2 -2.2 -2.2 -2.2 -2.2 14.3 23.6 30.2 40.3 45.3 44 42 31.7 29.6 25.9 12.4 6.1 2.9 -2.2 -2.2 20.2 51.8
89.1 89.4 86.4 82.8 80.1 80.7 80.4 79.8 78.2 69.6 69.7 71.6 72.2 71.3 70.5 72.5 80.4 87.9 98.6 98.1 90.4 90.9 90.1 88.4 74 69.5 62.5 47.3 39.3 32 22 22.3 23.9 23.9 20.9 13.9 -2.2 -2.2 -2.2 -2.2 -2.2 -2.2 -2.2 -2.2 -2.2 -2.2 -2.2 -2.2 -2.2 -2.2 -2.2 -2.2 -2.2 -2.2 -2.2 -2.2 -2.2 -2.2 -2.2 -2.2 -2.2 -2.2 -2.2 -2.2 -2.2 -2.2 -2.2 10.1 17.5 29.6 36.1 32.7 29.4 20 18.5 18.5 9.5 -2.2 -2.2 -2.2 -2.2 29.6 61.6
89 89.3 86.7 81.5 79.6 78.8 79.6 80.8 77.9 69.3 66.4 70.9 69.9 68.2 69 69.8 72.4 81.1 91.5 93.4 89.1 91 90.6 87.7 77.5 59.8 53.1 49.1 42.5 35.7 29.7 24.9 25.3 24.3 21.2 13.6 2.6 -2.2 -2.2 -2.2 -2.2 -2.2 -2.2 -2.2 -2.2 -2.2 -2.2 -2.2 -2.2 -2.2 -2.2 -2.2 -2.2 -2.2 -2.2 -2.2 -2.2 -2.2 -2.2 -2.2 -2.2 -2.2 -2.2 -2.2 -2.2 -2.2 -2.2 -2.2 6.2 16.7 25.7 22.5 16.3 6.2 -2.2 8.2 -2.2 -2.2 -2.2 -2.2 1.5 36 67
89.3 90.1 89 83.2 74.4 72.3 73.1 74.2 74.2 68.6 61.8 63.8 65.4 66.2 68.8 70.5 68.4 72.6 81.3 86.3 87.1 90 87.6 80.2 77 65.4 49.3 47.8 47 36.5 33.8 30.8 26.5 26.5 24.1 18.3 7.7 -2.2 -2.2 -2.2 -2.2 -2.2 -2.2 -2.2 -2.2 -2.2 -2.2 -2.2 -2.2 -2.2 -2.2 -2.2 -2.2 -2.2 -2.2 -2.2 -2.2 -2.2 -2.2 -2.2 -2.2 -2.2 -2.2 -2.2 -2.2 -2.2 -2.2 -2.2 -2.2 -2.2 11.6 11.8 8.5 -2.2 -2.2 -2.2 -2.2 -2.2 -2.2 -2.2 6.1 38.2 66.8
89.3 90.7 88.9 83.7 73 68.7 67.6 66.3 65.9 63.8 59.6 58.8 62.2 64.5 66.9 67.3 68.9 66.6 75.9 81.6 82.3 81 80.8 77.4 69.4 63.1 49 39.8 35.1 32.7 35.6 36.9 32.9 24.9 21.9 16 11.3 1.3 -1.2 -2.2 -2.2 -2.2 -2.2 -2.2 -2.2 -2.2 -2.2 -2.2 -2.2 -2.2 -2.2 -2.2 -2.2 -2.2 -2.2 -2.2 -2.2 -2.2 -2.2 -2.2 -2.2 -2.2 -2.2 -2.2 -2.2 -2.2 -2.2 -2.2 -2.2 -2.2 -2.2 -2.2 10.6 -2.2 -2.2 -2.2 -2.2 -2.2 -2.2 -2.2 11.9 37.6 60.5
89.1 83.9 82.6 80.7 78.3 67.1 62.2 61.1 61.9 59.4 56.4 55.1 58 60.5 60.1 59.2 60 57.9 58.4 67.6 65.5 71.1 74.7 79.6 78.5 59.6 52.4 28.3 24.1 24.4 31.2 41.2 38.8 30.4 21.8 17.3 12.6 3.4 -2.2 -2.2 -2.2 -2.2 -2.2 -2.2 -2.2 -2.2 -2.2 -2.2 -2.2 -2.2 -2.2 -2.2 -2.2 -2.2 -2.2 -2.2 -2.2 -2.2 -2.2 -2.2 -2.2 -2.2 -2.2 -2.2 -2.2 -2.2 -2.2 -2.2 -2.2 -2.2 -2.2 -2.2 -2.2 -2.2 -2.2 -2.2 -2.2 -2.2 -2.2 -2.2 8.4 42.7 50.6
89 80.1 73.1 75.1 76.5 67.6 62.7 60.3 58.1 54.8 52 53 55.2 53.8 52.2 50.6 49.5 50.4 47.5 44.7 48.8 62.6 68.8 76.5 76.4 62.1 43.3 25.7 21.9 21.9 34.9 41.7 37.6 33.7 25.8 18.4 12.5 3.8 -2.2 -2.2 -2.2 -2.2 -2.2 -2.2 -2.2 -2.2 -2.2 -2.2 -2.2 -2.2 -2.2 -2.2 -2.2 -2.2 -2.2 -2.2 -2.2 -2.2 -2.2 -2.2 -2.2 -2.2 -2.2 -2.2 -2.2 -2.2 -2.2 -2.2 -2.2 -2.2 -2.2 -2.2 -2.2 -2.2 -2.2 -2.2 -2.2 -2.2 -2.2 -2.2 -2.2 34.4 39.2
87.5 87.1 74.4 68.9 71 67.4 63.8 60.4 54.1 49.9 49.6 50.9 52.4 50.3 46.9 45.3 43.6 42.8 39.6 36.1 41.2 52.9 61.8 67.8 66.6 56.9 40.8 27.7 21.9 21.9 33.2 39.5 35.1 31.3 26.4 18.5 12.8 4.9 -2.2 -2.2 -2.2 -2.2 -2.2 -2.2 -2.2 -2.2 -2.2 -2.2 -2.2 -2.2 -2.2 -2.2 -2.2 -2.2 -2.2 -2.2 -2.2 -2.2 -2.2 -2.2 -2.2 -2.2 -2.2 -2.2 -2.2 -2.2 -2.2 -2.2 -2.2 -2.2 -2.2 -2.2 -2.2 -2.2 -2.2 -2.2 -2.2 -2.2 -2.2 -2.2 -2.2 23.5 32.2
86.5 86.8 72.7 64 59.8 59 57.1 57.6 50.7 44.8 40.3 49 48.4 48.7 44.5 40.2 39.5 33.8 31.3 33.1 35.1 43.4 49.7 58.9 56.9 52.4 40.8 27.3 21.9 21.9 23.5 29.3 26.5 28.3 26.3 19.4 15.3 5.8 -2.2 -2.2 -2.2 -2.2 -2.2 -2.2 -2.2 -2.2 -2.2 -2.2 -2.2 -2.2 -2.2 -2.2 -2.2 -2.2 -2.2 -2.2 -2.2 -2.2 -2.2 -2.2 -2.2 -2.2 -2.2 -2.2 -2.2 -2.2 -2.2 -2.2 -2.2 -2.2 -2.2 -2.2 -2.2 -2.2 -2.2 -2.2 -2.2 -2.2 -2.2 -2.2 -2.2 23.6 35.1
80.2 76.8 70.5 65.2 58.4 50.5 50.1 50.2 50 43.4 39.5 37.4 38.2 43.9 39.3 34.8 33.3 28.7 28 29.6 31.2 33.1 36.7 45.5 45.8 43.3 32.8 21.9 21.9 21.9 21.9 21.9 22.9 23.6 23.1 18.8 16.5 3.4 -2.2 -2.2 -2.2 -2.2 -2.2 -2.2 -2.2 -2.2 -2.2 -2.2 -2.2 -2.2 -2.2 -2.2 -2.2 -2.2 -2.2 -2.2 -2.2 -2.2 -2.2 -2.2 -2.2 -2.2 -2.2 -2.2 -2.2 -2.2 -2.2 -2.2 -2.2 -2.2 -2.2 -2.2 -2.2 -2.2 -2.2 -2.2 -2.2 -2.2 -2.2 -2.2 -2.2 22.8 34.7
81 76.9 69.8 63.8 56.2 51.5 45.7 43.6 42.4 38.3 35.4 33.8 32 34.1 33.7 29 28.6 27.6 26.8 25.9 26.9 29.5 32.8 38.9 39.1 35.1 25.4 21.9 21.9 21.9 21.9 21.9 22.5 22.3 19.7 13.7 9.5 2.9 -2.2 -2.2 -2.2 -2.2 -2.2 -2.2 -2.2 -2.2 -2.2 -2.2 -2.2 -2.2 -2.2 -2.2 -2.2 -2.2 -2.2 -2.2 -2.2 -2.2 -2.2 -2.2 -2.2 -2.2 -2.2 -2.2 -2.2 -2.2 -2.2 -2.2 -2.2 -2.2 -2.2 -2.2 -2.2 -2.2 -2.2 -2.2 -2.2 -2.2 -2.2 -2.2 -2.2 18.1 34.8
84.6 78.6 72.4 61.5 52.1 47.1 38.8 35 30.9 30.6 31.4 30.2 30.2 30.5 30.1 28.2 27.5 25.8 25.3 24.5 24.7 27.5 28.9 33.1 32.9 29.2 21.9 21.9 21.9 21.9 21.9 21.9 22.8 25 25.9 21.9 17 7.4 -2.2 -2.2 -2.2 -2.2 -2.2 -2.2 -2.2 -2.2 -2.2 -2.2 -2.2 -2.2 -2.2 -2.2 -2.2 -2.2 -2.2 -2.2 -2.2 -2.2 -2.2 -2.2 -2.2 -2.2 -2.2 -2.2 -2.2 -2.2 -2.2 -2.2 -2.2 -2.2 -2.2 -2.2 -2.2 -2.2 -2.2 -2.2 -2.2 -2.2 -2.2 -2.2 -2.2 -2.2 24.6
86.9 81.4 74 64.7 49.5 37.2 33 29.6 30 29.8 29.9 29.7 30.3 30.6 30.3 28.1 26.3 24.1 23.6 23 24.4 26.7 28 28.7 29.1 25.9 21.9 21.9 21.9 21.9 21.9 21.9 23.8 27.2 28.1 27.4 28.6 27.4 16 6.9 -2.2 -2.2 -2.2 -2.2 -2.2 -2.2 -2.2 -2.2 -2.2 -2.2 -2.2 -2.2 -2.2 -2.2 -2.2 -2.2 -2.2 -2.2 -2.2 -2.2 -2.2 -2.2 -2.2 -2.2 -2.2 -2.2 -2.2 -2.2 -2.2 -2.2 -2.2 -2.2 -2.2 -2.2 -2.2 -2.2 -2.2 -2.2 -2.2 -2.2 -2.2 -2.2 19.1
86.7 79.1 74.5 66.1 51.4 36.2 31.1 29.9 29.1 29 29.1 29.6 30.2 30.6 30.5 28.2 25.4 23 21.7 21.4 25.4 27.5 28.6 29.1 30.5 26.8 22.6 21.9 21.9 21.9 21.9 23.4 24.9 27.7 30.1 30.5 29.9 29.3 20.9 13.1 2.3 -2.2 -2.2 -2.2 -2.2 -2.2 -2.2 -2.2 -2.2 -2.2 -2.2 -2.2 -2.2 -2.2 -2.2 -2.2 -2.2 -2.2 -2.2 -2.2 -2.2 -2.2 -2.2 -2.2 -2.2 -2.2 -2.2 -2.2 -2.2 -2.2 -2.2 -2.2 -2.2 -2.2 -2.2 -2.2 -2.2 -2.2 -2.2 -2.2 -2.2 -2.2 -2.2
86.7 80.8 73.4 63.1 52.3 37.4 32.9 31.6 29.2 28.6 29 29.5 30 30.6 30.7 27.9 25 22.4 20.7 19.7 26.7 28.2 29.2 29.5 30.5 28.5 26.1 21.9 21.9 21.9 21.9 24.2 26.8 28.5 25.8 26.7 26.1 25.3 18.3 9.4 1.8 1.8 1.8 -2.2 -2.2 -2.2 -2.2 -2.2 -2.2 -2.2 -2.2 -2.2 -2.2 -2.2 -2.2 -2.2 -2.2 -2.2 -2.2 -2.2 -2.2 -2.2 -2.2 -2.2 -2.2 -2.2 -2.2 -2.2 -2.2 -2.2 -2.2 -2.2 -2.2 -2.2 -2.2 -2.2 -2.2 -2.2 -2.2 -2.2 -2.2 -2.2 -2.2
86.5 83.4 76.7 66.5 54.4 42.6 39.3 32.9 28.6 28.6 29.5 30 30.5 31 30.4 27.3 24.2 23.2 21.1 19.2 26 30.4 26.3 24.4 29.7 33.9 30.6 23.7 21.9 21.9 21.9 23.3 26 29.7 18.9 22.1 19.2 21.5 10.8 -2.2 -2.2 -2.2 6.4 -0.1 -2.2 -2.2 -2.2 -2.2 -2.2 -2.2 -2.2 -2.2 -2.2 -2.2 -2.2 -2.2 -2.2 -2.2 -2.2 -2.2 -2.2 -2.2 -2.2 -2.2 -2.2 -2.2 -2.2 -2.2 -2.2 -2.2 -2.2 -2.2 -2.2 -2.2 -2.2 -2.2 -2.2 -2.2 -2.2 -2.2 -2.2 -2.2 -2.2
89.7 86.9 79.6 73.5 65 50.2 41 35.4 31.2 29.2 30.4 30.9 30.8 30.7 29.6 28.1 25.2 24.1 22.3 20.4 19.8 19.5 18.6 20.2 20.4 34.6 41.8 25.5 21.9 21.9 21.9 22.7 26.1 24.3 20.5 14.6 10.5 9 1.1 -2.2 -2.2 -2.2 -2.2 -2.2 0.7 -2.2 -2.2 -2.2 -2.2 -2.2 -2.2 -2.2 -2.2 -2.2 -2.2 -2.2 -2.2 -2.2 -2.2 -2.2 -2.2 -2.2 -2.2 -2.2 -2.2 -2.2 -2.2 -2.2 -2.2 -2.2 -2.2 -2.2 -2.2 -2.2 -2.2 -2.2 -2.2 -2.2 -2.2 -2.2 -2.2 -2.2 -2.2
95.5 89.2 83.9 78.2 68.4 55.2 42.7 38.2 34.3 31.8 31.2 30.6 30.5 30.1 28.8 27.4 26.4 25 23.5 22.8 20 20.3 18 18.4 19.5 24.6 35.6 24.4 21.9 22.2 21.9 21.9 23.8 22.5 26.3 13.8 3.7 -2.2 -2.2 -2.2 -2.2 -2.2 -2.2 -2.2 4.6 7.3 1.7 -2.2 -2.2 -2.2 -2.2 -2.2 -2.2 -2.2 -2.2 -2.2 -2.2 -2.2 -2.2 -2.2 -2.2 -2.2 -2.2 -2.2 -2.2 -2.2 -2.2 -2.2 -2.2 -2.2 -2.2 -2.2 -2.2 -2.2 -2.2 -2.2 -2.2 -2.2 -2.2 -2.2 -2.2 -2.2 -2.2
102.4 90.7 89.2 80.4 70.6 57.9 45.1 40.8 36.9 33.2 32.7 29.7 30.3 29.6 29.5 30.3 29.7 28.5 27.1 24.3 20.4 20.6 18.2 17.7 14.8 13.9 17 16.7 17.5 23.5 23.3 21.9 21.9 28.8 27.2 14.7 1.8 -2.2 -2.2 -2.2 -2.2 -2.2 -2.2 -2.2 6.4 14.9 18.8 -2.2 -2.2 -2.2 -2.2 -2.2 -2.2 -2.2 -2.2 -2.2 -2.2 -2.2 -2.2 -2.2 -2.2 -2.2 -2.2 -2.2 -2.2 -2.2 -2.2 -2.2 -2.2 -2.2 -2.2 -2.2 -2.2 -2.2 -2.2 -2.2 -2.2 -2.2 -2.2 -2.2 -2.2 -2.2 -2.2
122.6 103.6 89.8 82.5 73.7 61.5 47.4 43 42.4 34.6 35 40.3 37.8 31.6 30.2 30.3 30.7 29.6 27.8 22 20.3 20.9 18.5 11.8 9.1 5.2 1.9 -2.2 14.9 23.9 27.1 25.8 25.2 25.3 25.7 12.2 9.2 5.1 -2.2 -2.2 -2.2 -2.2 -2.2 -2.2 -2.2 10 18.7 12.8 -2.2 -2.2 -2.2 -2.2 -2.2 -2.2 -2.2 -2.2 -2.2 -2.2 -2.2 -2.2 -2.2 -2.2 -2.2 -2.2 -2.2 -2.2 -2.2 -2.2 -2.2 -2.2 -2.2 -2.2 -2.2 -2.2 -2.2 -2.2 -2.2 -2.2 -2.2 -2.2 -2.2 -2.2 -2.2
138.9 129.7 101.7 83.5 72.5 66.5 49.4 47.2 46.6 43.3 39.1 39.8 36.5 31.2 27.3 26.7 26.6 25.6 22.2 18.7 19.7 22.2 14 9.7 3.7 -2.2 -2.2 -2.2 13.6 21.8 26.4 29 27.8 24.9 22.4 18.6 17.3 16.1 12.5 5.3 0.9 2.4 -2.2 -2.2 -2.2 -2.2 13.3 16.7 -2.2 -2.2 -2.2 -2.2 -2.2 -2.2 -2.2 -2.2 -2.2 -2.2 -2.2 -2.2 -2.2 -2.2 -2.2 -2.2 -2.2 -2.2 -2.2 -2.2 -2.2 -2.2 -2.2 -2.2 -2.2 -2.2 -2.2 -2.2 -2.2 -2.2 -2.2 -2.2 -2.2 -2.2 -2.2
145.3 131.5 112.9 97.6 72.4 68.8 56.9 49.2 48.1 40.8 40.8 39.3 35.2 29.9 24.5 22.3 19.7 17.9 15.3 13.5 13.7 11.9 9.3 6.7 -2.2 -2.2 -2.2 -2.2 12.3 20.5 26.8 30.8 29.9 27.4 27.2 22 24.4 27.4 23.1 12.6 5.2 7.8 -2.2 -2.2 -2.2 -2.2 -2.2 -2.2 1.1 -2.2 -2.2 -2.2 -2.2 -2.2 -2.2 -2.2 -2.2 -2.2 -2.2 -2.2 -2.2 -2.2 -2.2 -2.2 -2.2 -2.2 -2.2 -2.2 -2.2 -2.2 -2.2 -2.2 -2.2 -2.2 -2.2 -2.2 -2.2 -2.2 -2.2 -2.2 -2.2 -2.2 -2.2
151.4 126.6 118.2 101.2 87.7 67.3 54.9 48.3 41.8 37.9 38.2 35.3 30.8 25.3 22.5 20.9 19.1 13.4 11.4 10 9.7 5.4 1.8 -2.2 -2.2 -2.2 -2.2 -2.2 15.7 19 20.9 29.4 31.9 32.9 30.8 28.7 31.6 31.1 33.7 17.7 12 2.6 -2.2 -2.2 -2.2 -2.2 -2.2 -2.2 -2.2 -2.2 -2.2 -2.2 -2.2 -2.2 -2.2 -2.2 -2.2 -2.2 -2.2 -2.2 -2.2 -2.2 -2.2 -2.2 -2.2 -2.2 -2.2 -2.2 -2.2 -2.2 -2.2 -2.2 -2.2 -2.2 -2.2 -2.2 -2.2 -2.2 -2.2 -2.2 -2.2 -2.2 -2.2
153.6 130.3 116.9 110 98.4 80.4 59.6 47.8 39.4 34.2 30.1 28.9 24.3 19.9 20.7 20.2 20.3 10.6 10.4 10.2 9.4 5.6 -0.1 -2.2 -2.2 -2.2 -2.2 -2.2 9.4 9.5 17.2 25.8 32.8 37.4 39.7 38.9 34.7 29.9 29.4 21 14.9 10.2 -2.2 -2.2 -2.2 -2.2 -2.2 1.8 -2.2 -2.2 -2.2 -2.2 -2.2 -2.2 -2.2 -2.2 -2.2 -2.2 -2.2 -2.2 -2.2 -2.2 -2.2 -2.2 -2.2 -2.2 -2.2 -2.2 -2.2 -2.2 -2.2 -2.2 -2.2 -2.2 -2.2 -2.2 -2.2 -2.2 -2.2 -2.2 -2.2 -2.2 -2.2
141.1 134.9 115.3 111.9 97.9 82 67.5 49.4 36.4 30.3 27.5 23.7 19.8 14.5 13 15.6 18.9 12.3 2.8 4.8 7.6 10.4 4.3 -2.2 -2.2 -2.2 -2.2 -2.2 18.6 20.4 20.8 27.8 37.9 39.2 39.6 35.3 30 30.7 30.8 30.7 18.8 18.3 6.8 -2.2 -2.2 -2.2 -2.2 6.7 -2.2 -2.2 -2.2 -2.2 -2.2 -2.2 -2.2 -2.2 -2.2 -2.2 -2.2 -2.2 -2.2 -2.2 -2.2 -2.2 -2.2 -2.2 -2.2 -2.2 -2.2 -2.2 -2.2 -2.2 -2.2 -2.2 -2.2 -2.2 -2.2 -2.2 -2.2 -2.2 -2.2 -2.2 -2.2
120.8 122 99.9 96.3 85.7 74.6 65.5 47.9 38.2 26.6 24.1 18.3 16.2 7.9 3.9 9.6 12.4 10.4 3.1 1.8 1.8 1.7 10.3 -2.2 -2.2 -2.2 -2.2 -2.2 15.8 18.8 23.3 30.7 32.6 35.9 33.2 30.2 30 30 30.2 26.5 21.5 19.2 9.2 -2.2 -2.2 -2.2 -2.2 -2.2 -2.2 2.2 8.3 -2.2 -2.2 1.8 -2.2 -2.2 -2.2 -2.2 -2.2 -2.2 -2.2 -2.2 -2.2 -2.2 -2.2 -2.2 -2.2 -2.2 -2.2 -2.2 -2.2 -2.2 -2.2 -2.2 -2.2 -2.2 -2.2 -2.2 -2.2 -2.2 -2.2 -2.2 -2.2
117 102.9 88.9 77.6 74.7 74.1 61.3 45.1 36.3 25.8 18.2 12.1 9.2 -2.2 -2.2 -2.2 -2.2 -2.2 -2.2 -2.2 -2.2 -2.2 9.9 -2.2 -2.2 -2.2 -2.2 -2.2 -2.2 -2.2 16.7 24.5 27.5 26.7 26.2 26.9 30.4 29 27.4 21.9 19.7 21.5 18 -2.2 -2.2 -2.2 -2.2 -2.2 -2.2 11.1 10.9 -2.2 -2.2 -2.2 1.9 -2.2 -2.2 -2.2 -2.2 -2.2 -2.2 -2.2 -2.2 -2.2 -2.2 -2.2 -2.2 -2.2 -2.2 -2.2 -2.2 -2.2 -2.2 -2.2 -2.2 -2.2 -2.2 -2.2 -2.2 -2.2 -2.2 -2.2 -2.2
124.6 107.9 90.5 77.9 69.9 61.1 53.9 39.7 31.7 26 16.9 8.4 7.7 -2.2 -2.2 -2.2 -2.2 -2.2 -2.2 -2.2 -2.2 -2.2 1.1 -2.2 -2.2 -2.2 -2.2 -2.2 -2.2 -2.2 7.8 15.1 18.9 15.5 19.5 20.2 25.8 25.7 24 19.8 20.9 16.2 14.8 -2.2 -2.2 -2.2 -2.2 -2.2 -2.2 4.9 7 -2.2 -2.2 3.6 -2.2 -2.2 -2.2 -2.2 -2.2 -2.2 -2.2 -2.2 -2.2 -2.2 -2.2 -2.2 -2.2 -2.2 -2.2 -2.2 -2.2 -2.2 -2.2 -2.2 -2.2 -2.2 -2.2 -2.2 -2.2 -2.2 -2.2 -2.2 -2.2
