STL Generation/terr50_gagg_gb/data/NG23.asc
ncols 200
nrows 200
xllcorner 120000
yllcorner 830000
cellsize 50
[rows 0 to 37 of 200, columns 0 to 83 of 200]
123.2 116.3 109.2 100.2 92.3 84.5 74 59.1 43.9 39.6 38.5 40 53.8 74.8 89.3 97.5 99 101.2 102.7 105.9 110.8 118.6 148.5 175 180.5 197.8 203.1 210.2 215.4 214.4 210.9 203.4 186.3 184.6 175.9 167.2 162.3 161.4 158.9 160.6 165.4 169.6 182.7 204.1 217 234 242.1 249.6 255 257.6 267.9 286.7 290.3 291.9 297.1 305.6 324.4 337.6 346.7 352.8 352.1 344.9 332.3 318.9 305 292.4 280.4 269.4 260.7 255.1 251.7 250.9 256.5 262.2 266.9 267.4 262.9 259.6 262.1 260.2 252.8 242.2 231.1 223.2
111.2 104.6 99.9 94.9 88.3 80.8 71.5 56.1 40.9 35 35.4 43.8 58.5 77.1 92.7 97.5 96.8 96.9 100.3 104.6 111.4 115.8 137.4 168.9 178.5 194.4 201.1 205.2 206.8 203.7 200.6 189.9 170.7 169.1 162 153.5 148.1 149 151.5 158.8 161.3 166.7 176.7 196.8 216.6 231.2 242.7 250 254.8 258.6 266.4 277.3 282.5 286.9 294.1 302.9 316.9 327.5 333.6 338.6 338.4 328.2 320.5 310.4 295.1 286.5 271.1 264.1 259.3 257.3 256.5 261.5 268.3 271.9 283.8 286.6 284.3 279.6 281.2 275.4 266.3 257.8 251.2 238.1
102.2 97.5 93.9 90.3 85.9 78.8 70 53.9 35.2 30 32.1 47.6 60.6 76.6 91.3 93 89.8 94.2 97.9 101 111.5 116.3 133.7 164.6 184 194.1 199.4 200.4 196.9 193.2 187.9 173.4 162.6 159 152.9 139.7 141.8 149.3 154.3 159.8 164.1 170.2 173.9 194.6 218.2 231.7 243.1 249.5 253.1 258.2 262.1 266.7 273 283.3 289.9 300 312.6 322.4 329.7 330.2 321.3 314 308.5 296 286.1 276.9 267.4 259.5 260.2 258.8 267.4 273.9 283.9 289.4 298.3 304.4 298.3 294.5 290 286 279.2 271.4 262.6 254
95.4 94.2 88.3 85.8 82.8 77.4 68.7 48.9 32.8 29.5 37 55.4 63.4 68.8 80.9 87.9 84.3 91.1 95.4 98.1 108.5 116.2 127.8 159.6 185.3 194.8 196.8 194.1 188.7 182.5 172.9 159.7 152.6 148.2 144.1 130.3 141.2 151.9 159.5 160.9 163.8 168.3 175 192 215.3 230.1 243.8 248.1 251.5 255.1 256.3 257.3 268.7 279 287.7 298.6 310.6 325.6 333.5 331.3 319 306.1 298 289.1 279.4 269.5 263.1 261.1 260.6 261.9 273.4 279.5 290.8 302.8 311.9 316.3 312.1 309 301.3 297.7 292.5 288.2 282.7 271.7
92.7 91.5 87.8 84.4 80.1 76.6 64.2 43.8 29.6 30.2 44.4 58.1 65.5 68.8 73.2 79.8 79.5 85.4 93 95.4 102.2 112.8 121.7 144.6 173.7 183.8 183 180.2 177 168.6 156.3 147.4 141.4 141.3 136.2 129.2 142.2 151.4 159.4 161 160.3 164.7 171.3 188.3 206.1 225.3 241.5 242.7 244.9 249.9 249.8 252.9 266.4 280.5 291.4 303.3 322.3 337.9 340.4 332.6 318 302.7 294.1 284.9 275.1 263.9 257.9 257.8 258.4 259.6 274.8 285 296.8 307.5 317.3 324.2 323.8 321.4 312.8 307.2 303.3 300.2 294.7 288.7
90.3 88.8 87.2 83.1 77.9 70.4 56 41.7 28.8 31.7 46.5 57.7 66.3 70.2 71 71.1 69.8 76.4 89.1 94.1 97.9 110.3 119.8 129.6 147 153.7 149.9 147.1 146.5 144.1 137.1 130.2 132.6 136.7 121.6 135.9 146.3 151.7 159 159.3 158.9 159.9 168.7 180.5 198.2 219.5 231.4 230 237.9 245.8 251 257.1 272.3 288 301.9 317.6 334.7 342.5 338 329.1 316.9 303.2 288.4 282 272.1 260.6 255.2 251.9 253.2 256.7 273.3 287.9 299 308.8 319.6 332.3 333.2 329.7 322.8 316.1 312.4 309.4 304.9 301.9
89.5 86.7 84.6 81.7 74 64.8 48.2 38.1 28.7 33.4 51.3 58.7 64.1 68.1 70 69.3 69 69 85.1 93.7 95.9 102.9 112.1 122 133.9 137.1 134.4 133.6 133.2 129.9 120 117.9 121.5 122.6 131.4 144.5 149.8 151.1 156.6 159 158.3 158.3 165.5 175.9 190.4 209.8 221.2 231.7 239.3 246.7 256.6 273.9 280.8 299.4 316.6 329.8 338.6 340.5 334.2 325.8 314.1 301.7 288.4 279.8 267.9 258.3 252.7 249.6 251.8 255 265.7 282.9 297.1 308.4 325 338.5 346.2 345.9 335.6 324.1 319.2 315.4 313 308.6
84.1 81.2 81.5 79.7 68.8 57 44 30.7 28.6 42.2 52 57.6 60.6 64.2 65.9 67.8 70.2 71.8 82 93.4 94.5 96.4 103.1 114.1 126.2 130.8 132.4 131.6 128.9 113.8 110.5 110.1 110.4 121.9 140.6 150.8 151.2 152.2 156 159.1 158.6 158.6 162.9 173.1 186.3 210.5 226.4 238.7 250.4 264.6 279.5 287.1 300.3 317.3 325.9 330.6 334.1 333.8 329.6 323.7 311.2 300.7 291 277.5 262.3 253.3 248 249.5 251.1 253.6 258.8 276.4 295.2 311.5 332.2 347.1 360.9 365.8 350.7 329 323.5 319.5 315.6 310.9
84.1 80.1 78.7 75.8 63 48 37.3 28.4 29.6 50.3 57.2 59.8 59.2 59.3 60.1 63.8 67.7 69.3 77.2 91 92.6 93.3 97.5 105.1 116.1 122.8 124.9 119.8 110.3 101.8 99.1 110.7 116.6 127.4 140.4 150.5 151.1 153.5 157.8 159.7 159.1 160.3 164.3 174.3 194.4 221.9 241.9 255.9 267.6 282.6 293.1 302.8 315.9 324.1 326.7 329 329.3 329.6 325.8 321.6 309.4 299.2 291 274.5 259 249.4 248.3 248.8 250.3 252.7 253.4 266.6 289.6 310.2 331.6 354.4 367.1 368 352.7 333.7 321.1 320.6 317.5 310.2
80 76 69.9 63.4 52.8 40.8 29.9 25 39.4 51.4 56.5 58.5 59.4 60.5 61.4 63.7 66.2 70 77.7 86.8 90.3 92.6 94.9 98.8 104.2 108.7 107.8 103.6 91 94.9 101.5 108.9 116.7 125.4 136.7 146.9 150.5 153.5 159.8 161.1 163.1 165.1 166.3 178.7 205.9 241.3 259.2 267.3 275.7 285.4 294.5 306.2 321.3 324.8 324.8 326.3 330 329.9 322.1 315.5 305 297.6 288 272.5 261 249.4 248.7 248.5 249.6 251.1 252.7 257.5 281.3 308.2 322.5 349.4 359.6 358 350.3 339.6 323.9 319.9 316.4 308.8
76.1 75.1 60.2 54 45.5 34 22.5 27.8 47.3 53.3 56.7 57.8 59.6 61.4 62.8 65.5 68.6 72 77.5 84.4 90.5 92.9 93.5 94.6 95.8 98.9 93.9 87.8 87.6 96.3 101.3 106.7 116.4 125.2 135.3 142.7 148.9 158 162.9 165 167.1 169.6 172.7 183.8 214 246.3 260.8 269.2 275.6 283.6 292.2 303.5 317.4 322.1 322.7 325.5 328.8 328.3 320.9 308.5 301.9 295 285.8 272.1 262.2 251.3 249.2 245.7 244.1 248 252 254.9 275.3 303.5 318.8 338.7 352.7 355.4 351.9 341.3 326.1 309.7 310 306.8
63.3 59.3 53 46.1 36.8 28.1 20.1 33.5 51.6 56.9 56.4 57.9 60.1 62.4 64.9 67.8 70.8 73.6 73.6 81.4 89.9 91.4 91.7 92.5 91 89.7 85.4 80.5 87.1 98.9 104.7 110.7 118.5 126.7 137.4 148.4 158.8 168.3 168.3 168.9 169.8 173.9 179.1 187.8 211.9 246.7 261 268.2 275.5 279.4 287.4 296.7 311.6 316.2 320.1 320.1 322.3 319.1 310.8 301.7 294.6 286.6 279.9 270.1 259.5 250.5 250 244.1 239.5 244.2 248.5 257.8 272.1 301.7 317.5 336 350.2 353.4 351.7 340 323.7 308.4 299.1 297.5
53.2 50 44.2 37.1 26.3 14.8 18.7 35.1 54 59 58.2 58.7 61.6 64.5 67.1 69.5 71.8 73.6 73.6 78.9 89.5 90.6 88.3 87.6 86.1 84 80.2 84.1 93.3 101.5 108.3 115.1 122.6 132.6 141.7 152.2 164.3 173.2 172 169.9 169.1 173.8 181.4 188.6 204.4 242.7 255.5 263 270.1 275.7 283.1 293.6 301.3 308.4 310.6 312.5 314.8 309 297.6 286.9 283.3 282.2 273.2 263.5 253.6 247.2 245.4 239.6 236.1 239 245.6 257.8 272.5 302.2 316.9 333.6 346.5 351.9 345.6 335.4 318.3 304.4 292 282.2
-1.8 -1.8 23.6 19.9 12.4 6 21.3 36.5 49.6 56 57.1 59.9 63.2 66.8 70.9 73.8 76.1 74.8 73.6 77.8 82.5 84.3 80.1 79.2 79.6 75.1 78.8 88.6 99.9 105.7 110.1 115.4 129 138.6 146.9 152.9 162.9 170.5 170.6 169.4 167.7 166.5 174 187.4 196.7 228.7 249.4 256.4 263.9 270.3 280.9 290.9 298.6 303.3 305 304.4 304.4 295.3 288.3 282.9 278.4 274.4 264.5 255.3 244.6 238.1 236 234.7 231.1 236.1 245.7 257.8 268.5 297.3 314.8 331.1 341.2 346 340.7 330.2 312.2 298.6 285.3 273.9
-1.8 -1.8 -1.8 -1.8 -1.8 1.7 19.6 33.9 45.5 52.4 58.1 61.6 66 70.4 73.8 78.7 80.7 80.2 77.2 78.1 80 80.4 79.2 78.1 74.3 70 79.1 89.2 100.6 104.1 110.2 118.8 131.8 142.1 146.1 150.6 159.8 165.1 168.2 167.4 165.4 163.4 166.1 174.3 193 208.7 225.3 246 257.6 271.5 279.7 288.4 295.7 297.5 299.4 297.5 294.8 287.6 280.7 277.3 274 266.6 256.8 243.8 233.4 230.2 228.4 226.7 228.3 240.8 250.1 257.8 268 289.5 313.1 329.1 335.2 339 335.3 325.4 307.7 290.8 279.5 267.4
-1.8 -1.8 -1.8 -1.8 -1.8 -1.8 18.6 27.5 40.2 56.3 59.2 62.6 67.8 74 77.3 83.5 90.9 90.9 82.7 80.5 78.9 78.8 78.1 74.3 71.4 69.5 75.8 85.7 95.5 101.9 113.4 122.1 131.3 141.3 146 149.6 155.8 162.4 164.6 164.8 162.8 160.9 161.1 167.2 179.8 193.7 212.6 232.3 252 260.2 271 281.9 291.4 293.6 295.3 291.9 286.4 278.8 274 270.7 268.9 260.8 246 232.5 225.6 222.3 217.7 218.8 234.8 250 256.1 262.4 267.4 282.4 309.1 317.9 326.6 332.9 329 319.1 301.8 286.8 277 263
-1.8 -1.8 -1.8 -1.8 -1.8 -1.8 1.7 27.4 43.3 59.5 59.5 62.6 68.8 77.3 87.7 92 95.7 93.4 86.4 84 81.1 79.3 77.6 74.3 71.1 69 72.7 81.8 91.8 103.4 112.4 118.3 128.3 140.4 144.1 149.8 154.3 159.8 161.9 161.8 160 157.8 156.5 158.6 168 180.7 199.2 219.3 243.4 254.9 269.4 277.8 284.7 290.8 291.2 287.5 281.9 280.9 277.5 268 265.8 255.5 238 220 215.5 214 210.4 210.6 230.7 254 261.3 263.6 265.2 276.9 297.3 311.6 319.3 324 321.4 311.4 295.6 284.6 270.9 254.7
-1.8 -1.8 -1.8 -1.8 -1.8 -1.8 0.7 3.4 46 54.3 63.9 69.2 74.9 86.9 95.7 100.5 100.6 98.3 89 86.4 83.4 80.5 78.6 75.3 71.1 69.1 70.2 79.2 88.8 104.3 107.7 113.7 123.9 136.9 140.5 147.8 153.5 157.5 160.1 157.5 155 153.1 153.3 153.9 159.8 170.2 186.5 210.8 239.6 256.7 273.2 276.5 278.7 282.2 284.8 282.1 281.8 281.1 272.9 266.7 263.9 249.7 232.6 212.3 204.7 204.1 203 207.8 221.8 244.6 259.4 261.6 264.5 277 294.4 309.7 314.9 317.1 315 305.2 289.3 272.5 258.4 246.6
-1.8 -1.8 -1.8 -1.8 -1.8 -1.8 -1.8 1.7 45.1 65.9 76 80.8 85.6 89.6 92 97.8 101 101.7 92.4 88 85.3 82.6 79 74.2 69.4 62.4 65.9 75.6 86.5 100.4 100.9 107.5 120.1 128.6 136.7 144.7 150.9 155.2 156.5 153.1 149.8 150.1 150.7 152.5 155.3 161.8 178 203 240.5 257.4 268.4 272.2 273.9 272.1 275.7 274.8 271.4 263.4 263.9 262.7 253.4 237.7 224.5 205.9 197.8 197.3 199.3 205.4 215.3 228.5 246.7 252.2 263.9 278.8 292.4 304.9 310.1 313.3 309 298.2 281 262 248.8 242.3
-1.8 -1.8 -1.8 -1.8 -1.8 -1.8 -1.8 1.7 56.9 76.8 84.3 94.3 99.2 88.6 88.9 91.7 100.2 103.3 93 88.4 84.6 81.7 78.1 73.2 68.1 60.3 61.8 72.3 83.1 97.9 97.5 100.5 114.9 123.6 128.6 138.2 148.1 152.7 152.4 149.8 148.8 148 146.2 146.5 150.2 154.6 168.5 194.8 231.3 254.8 258.9 263.1 264.6 257.2 253.4 249.3 248.4 250.5 252.3 248.4 239.1 226.3 212.1 199.7 195.1 190.4 195.1 202.3 211.7 222.8 232.7 249.5 264.4 280 297 306.7 308.3 307.7 304 288.3 269.3 257.3 243.1 235.3
-1.8 -1.8 -1.8 -1.8 -1.8 -1.8 -1.8 -1.8 46.8 78.2 86.7 94.2 98.4 94.6 85.9 84.3 88.5 94 92 90.5 86.6 81 76.7 72 65.8 58.1 57.2 64.1 76.6 89.7 93.3 95.4 106.2 118.2 124.7 132.3 142.6 149 149.9 146.7 144.3 142.5 140.2 140.8 144.3 150.4 158.9 177.7 209 238.9 245 249.3 246 237.9 223.6 224.8 230.2 232.8 231 229.5 222.4 214 204.2 193.9 190.5 189.9 194.5 200.6 209.9 220 231.5 250.1 265.6 276.6 296.4 304.1 305.5 302.6 294.5 277.3 263.9 253.4 243.8 234
-1.8 -1.8 -1.8 -1.8 -1.8 -1.8 -1.8 -1.8 13.9 77 77 77.9 78.5 81.8 81.2 78.2 83.3 88.9 93.8 92.6 88.3 82.5 76 69.5 62.9 52.2 51.9 59.9 69.5 87.4 92.1 95.1 103.5 113.2 118.9 125 132.9 143.5 145.2 143.6 140.6 137.1 136.4 135.9 139.1 145.6 153.2 165.9 180.2 204.8 218.4 222.9 220.1 212.9 211.4 213.9 214.6 214.1 214.7 214 211.4 204.7 192.3 185.1 184.7 189.4 193.7 199.2 207.2 223.5 234.4 246.7 262.4 270.7 282.5 301.4 302.5 299.3 287.8 269.1 261.6 254.3 246 236.5
-1.8 -1.8 -1.8 -1.8 -1.8 -1.8 -1.8 -1.8 1.4 37.9 65.4 69.7 68.9 73.5 66.3 69.9 80.2 88.9 89 91 89.1 85.1 76.8 67.2 60.7 52.8 52.5 59.7 65.9 76.3 89.9 95.7 101.1 110.3 115.8 120 126 132.8 136.9 138.5 133.5 131.6 131.8 132.2 134.8 140.6 147.9 159.4 166.5 178.6 186.7 194.5 201.6 203 203.8 202.8 203.9 206.1 207.6 207.2 202.6 194.3 184.1 180.7 181.4 186 190.7 195.3 205.5 222.9 235.4 245.7 263.7 274.6 279.6 293.6 302.3 299 281.2 269.2 258.6 251.8 247.5 240.8
-1.8 -1.8 -1.8 -1.8 -1.8 -1.8 -1.8 -1.8 -1.8 -1.8 2.4 7.5 -1.8 1.9 2 1.8 6.8 83.2 86.3 88.2 88.6 84.6 76 67.4 58.2 46.8 52.1 54.5 69 74.7 83.3 92.1 102.2 109.2 115.6 119.3 123.9 127.1 131.1 131.9 128 126.7 127 128.7 131.7 135.5 141.1 151.1 162.1 165.6 168.4 174.8 180.3 183 188.7 190.9 195.7 199.3 201.7 198.9 193.7 186.5 178.7 177.5 181.6 186.6 191.5 194.9 203.3 217.2 236.2 250.9 274.3 279.1 279.3 281.7 291.1 290.9 276.2 271.2 258.6 245.7 243.2 239.8
-1.8 -1.8 -1.8 -1.8 -1.8 -1.8 -1.8 -1.8 -1.8 -1.8 -1.8 -0.5 -1.8 -1.8 -1.8 -1.8 0.1 35.1 1.4 4 30.6 1.4 46.3 68.7 56.2 37.2 48.6 55.4 66.7 76.9 84.2 93.8 103.1 106.8 112.9 116.9 120.2 123.4 124.7 124.9 122.1 122.1 122.7 124.9 128.4 132.1 135.4 141.1 151.8 160 164.9 164.3 164.8 165.4 166.4 170 182.9 193 194 189.4 184.2 175.7 169.6 175 181.8 187.9 191.1 194.4 201.2 215.9 238.6 251.9 278.2 280.4 280.7 281 282 283 272.9 262.4 257.4 243.9 238.7 231.4
-1.8 -1.8 -1.8 -1.8 -1.8 -1.8 -1.8 -1.8 -1.8 -1.8 -1.8 -1.8 -1.8 -1.8 -1.8 -1.8 -1.8 -1.8 -1.8 -1.8 -1.8 -1.8 0.4 35.1 47.3 13.5 48.2 55.5 66.9 77.7 87.1 97 102.3 105.7 109.4 112.8 115.7 118.4 118.9 119.1 114.8 114.5 122.3 123.6 125.1 128.7 132.8 138 147 161.1 163.7 164.2 163.5 164.1 163 162.3 167.9 180.1 184.7 177.2 172.9 169.6 170.2 172.9 178.6 185 188 192.3 198.9 210.2 234.9 249.6 271.7 281.6 281.4 281.2 280.6 276.8 264.4 255.2 249.9 239.8 240.4 241.8
-1.8 -1.8 -1.8 -1.8 -1.8 -1.8 -1.8 -1.8 -1.8 -1.8 -1.8 -1.8 -1.8 -1.8 -1.8 -1.8 -1.8 -1.8 -1.8 -1.8 -1.8 -1.8 -1.8 -1.8 1.1 4.8 29.7 61.9 69.7 80.2 90.3 96.5 101 104.6 106.4 107.3 110.2 112.8 115 114.1 111.5 108.6 116.9 120.4 123.3 126.5 130.8 135.2 142.2 155.2 160.5 163 163 164 163.1 162.4 165.8 166.4 168.4 166.7 164.5 165.7 170.9 172.8 177.3 181.2 185.3 189.2 196.1 206.4 225 247.3 268.8 278.1 279.9 281.3 281.6 276.3 260.5 253.8 249 246.4 243.2 243.9
-1.8 -1.8 -1.8 -1.8 -1.8 -1.8 -1.8 -1.8 -1.8 -1.8 -1.8 -1.8 -1.8 -1.8 -1.8 -1.8 -1.8 -1.8 -1.8 -1.8 -1.8 -1.8 -1.8 -1.8 -1.8 -1.8 -1.8 55.2 77.1 83.7 91.8 98.2 101.9 102.5 103.1 103.6 104.7 107.3 109.3 110.8 108.1 101.3 107.9 114.8 122.2 126.4 130.2 134 138.7 147.1 154.5 159.8 162.4 162.2 163.2 161.8 162.2 163.8 164.5 164.3 162.8 161.3 164.9 166.9 169.9 174.9 180.8 187.6 194.8 203.6 222.1 249.2 273 278.2 280.6 289.2 282.5 271 260.2 261.2 260.5 256.3 247.4 245.5
-1.8 -1.8 -1.8 -1.8 -1.8 -1.8 -1.8 -1.8 -1.8 -1.8 -1.8 -1.8 -1.8 -1.8 -1.8 -1.8 -1.8 -1.8 -1.8 -1.8 -1.8 -1.8 -1.8 -1.8 -1.8 -1.8 -1.8 2.4 80.8 90.1 94.3 100.6 102.3 102.9 101.6 99.3 101 101.3 103 104.8 100 94.7 100.3 106.7 121.2 125.8 129.5 132.8 135.5 140.1 147.2 152.8 156.4 157.7 159.6 160.2 159.6 161.3 163.1 163.2 161.3 160.8 159.6 158.5 160.4 167.7 179.6 185.9 193.3 203.1 219.7 251.4 267.8 274.7 277.1 281.8 275 272.7 277 280.3 275.1 265.8 254.8 242.2
-1.8 -1.8 -1.8 -1.8 -1.8 -1.8 -1.8 -1.8 -1.8 -1.8 -1.8 -1.8 -1.8 -1.8 -1.8 -1.8 -1.8 -1.8 -1.8 -1.8 -1.8 -1.8 -1.8 -1.8 -1.8 -1.8 -1.8 1 30.7 97.7 101.8 100.8 102.6 102.9 99.7 94.8 90.5 93.9 96.4 95.4 92.8 89.4 92.5 100.1 110.3 122.5 126 129.6 132.4 136.5 141.9 146.9 150.7 152.4 154.2 156.8 159.2 160.5 160.9 162.1 161.7 161.3 159.5 154.9 155.6 160.8 171.5 183.7 192 205.3 223.2 250.3 257.4 261.8 270 278.4 280.9 282.4 286.9 288.7 279.4 275 264.9 258.2
-1.8 -1.8 -1.8 -1.8 -1.8 -1.8 -1.8 -1.8 -1.8 -1.8 -1.8 -1.8 -1.8 -1.8 -1.8 -1.8 -1.8 -1.8 -1.8 -1.8 -1.8 -1.8 -1.8 -1.8 -1.8 -1.8 -1.8 -1.8 0.9 58.3 106 105.2 101.5 98.3 94.9 88.4 83.9 85.7 88.8 87.2 85.6 81.2 87 94.4 101.7 111.6 119.8 123.1 128.6 134.4 139 143.5 146.5 146.8 147.7 152.2 156.1 159.7 158.4 158.3 159.1 159 156.3 152.7 151.7 157.1 166.8 180.1 193.1 207.1 221.9 244.1 250.3 252.5 270.9 283.7 287.2 291.6 296.7 297.3 296.1 290 284.7 280.2
-1.8 -1.8 -1.8 -1.8 -1.8 -1.8 -1.8 -1.8 -1.8 -1.8 -1.8 -1.8 -1.8 -1.8 -1.8 -1.8 -1.8 -1.8 -1.8 -1.8 -1.8 -1.8 -1.8 -1.8 -1.8 -1.8 -1.8 -1.8 -1.8 0.8 98.8 100.8 99.4 81.6 71.1 81.3 78.8 76.7 75.8 77.6 78 76.3 79.2 86.6 94.9 104.5 111.5 117.7 124.4 131.4 137.7 140.6 141.8 141.1 142.9 147.2 151.5 153.6 155.3 154.5 155.5 155.3 152.2 149.1 150.6 154.5 162 181.2 197.9 207 217.5 233.1 245.8 257.1 280 292.3 297.7 305.6 316.7 318.2 313.9 304.5 293.5 290.4
-1.8 -1.8 -1.8 -1.8 -1.8 -1.8 -1.8 -1.8 -1.8 -1.8 -1.8 -1.8 -1.8 -1.8 -1.8 -1.8 -1.8 -1.8 -1.8 -1.8 -1.8 -1.8 -1.8 -1.8 -1.8 -1.8 -1.8 -1.8 -1.8 -1.8 56.5 49.2 34.7 60.7 1.7 3.1 8.4 1.5 1.4 54.4 71.5 72.4 74.7 77.7 90.9 97.2 102 108 117.3 127.3 133.8 134.4 136.1 135.6 137.5 141.6 145.4 146 145.9 148.9 150 150.9 149.7 150.3 153.1 155.8 163.3 179.3 189 212.8 234.1 251.5 259.8 271.5 291.5 303.9 307.9 319.4 327.8 326.4 322 315.8 305.7 299.1
-1.8 -1.8 -1.8 -1.8 -1.8 -1.8 -1.8 -1.8 -1.8 -1.8 -1.8 -1.8 -1.8 -1.8 -1.8 -1.8 -1.8 -1.8 -1.8 -1.8 -1.8 -1.8 -1.8 -1.8 -1.8 -1.8 -1.8 -1.8 -1.8 -1.8 -1.8 -1.8 -1.8 -1.8 -1.8 1.7 -1.8 -1.8 -1.8 -1.8 64.7 68.7 71 70.6 80.5 91.4 94.4 99 110.1 119.4 124.3 127.3 130.1 130.2 132.1 136.1 135.9 134.8 137.5 140.7 142.9 143.7 143.9 152.3 155.1 158.2 167.8 188.1 210.3 229.5 256.3 265.6 268.2 288.5 302.3 308.9 314.6 327 335 331 325.7 320.2 317.1 308.5
-1.8 -1.8 -1.8 -1.8 -1.8 -1.8 -1.8 -1.8 -1.8 -1.8 -1.8 -1.8 -1.8 -1.8 -1.8 -1.8 -1.8 -1.8 -1.8 -1.8 -1.8 -1.8 -1.8 -1.8 -1.8 -1.8 -1.8 -1.8 -1.8 -1.8 -1.8 -1.8 -1.8 -1.8 -1.8 -1.8 -1.8 -1.8 -1.8 -1.8 58.5 61.8 67.2 67 72.4 81.9 89.3 95.6 101.2 108.9 115.2 120 122.9 124.7 125.4 126.8 128.1 128.6 130.9 131.3 129.8 141.8 151.1 155.2 157.8 162.1 182 217.2 233 252.5 265 268.9 283.4 298.9 306.1 311.4 319.6 335.4 339.3 331.5 325.6 320.7 319.3 306.5
-1.8 -1.8 -1.8 -1.8 -1.8 -1.8 -1.8 -1.8 -1.8 -1.8 -1.8 -1.8 -1.8 -1.8 -1.8 -1.8 -1.8 -1.8 -1.8 -1.8 -1.8 -1.8 -1.8 -1.8 -1.8 -1.8 -1.8 -1.8 -1.8 -1.8 -1.8 -1.8 -1.8 -1.8 -1.8 -1.8 -1.8 -1.8 -1.8 -1.8 -1.8 -1.8 57.4 44.5 66 80.1 85.6 91.4 96.9 104.7 110.6 114.5 117.9 119.9 121 121.3 122.2 121 123.1 131.8 141.3 150 155.4 160 162.6 167.6 192.7 231 255.4 266.9 271.1 280.3 295.7 304.6 310.5 315.6 325.3 338.6 339.6 331.6 327.2 323 321.2 305.2
-1.8 -1.8 -1.8 -1.8 -1.8 -1.8 -1.8 -1.8 -1.8 -1.8 -1.8 -1.8 -1.8 -1.8 -1.8 -1.8 -1.8 -1.8 -1.8 -1.8 -1.8 -1.8 -1.8 -1.8 -1.8 -1.8 -1.8 -1.8 -1.8 -1.8 -1.8 -1.8 -1.8 -1.8 -1.8 -1.8 -1.8 -1.8 -1.8 -1.8 -1.8 -1.8 -1.8 -1.8 16.9 77 83.4 89.1 95.7 101.3 106 109.8 113 113.7 112.2 118.8 118.9 123.1 133.1 140.1 148.7 156 162.4 164.9 167.1 172.9 202.8 242.7 265.8 279.3 280.2 288.7 301.8 308.7 313.9 319.6 329.8 336.8 337.7 332.2 328.9 325.1 315.8 302.1
-1.8 -1.8 -1.8 -1.8 -1.8 -1.8 -1.8 -1.8 -1.8 -1.8 -1.8 -1.8 -1.8 -1.8 -1.8 -1.8 -1.8 -1.8 -1.8 -1.8 -1.8 -1.8 -1.8 -1.8 -1.8 -1.8 -1.8 -1.8 -1.8 -1.8 -1.8 -1.8 -1.8 -1.8 -1.8 -1.8 -1.8 -1.8 -1.8 -1.8 -1.8 -1.8 -1.8 -1.8 0.9 65.3 76.7 82.8 91.3 99.6 100.7 102.6 107.4 109 115.1 124.5 127.6 133 141 148 155.1 161.9 168.7 169.9 171.5 179.9 209.8 247.9 272.8 284.7 287.4 297.1 307.5 311.5 317.5 324.7 331.8 334.6 335 331.7 330.1 318.5 309.7 298.3
