STL Generation/terr50_gagg_gb/data/NG50.asc
ncols 200
nrows 200
xllcorner 150000
yllcorner 800000
cellsize 50
[rows 111 to 147 of 200, columns 84 to 167 of 200]
-1.8 -1.8 -1.8 -1.8 -1.8 -1.8 -1.8 -1.8 -1.8 -1.8 -1.8 -1.8 -1.8 -1.8 -1.8 -1.8 -1.8 -1.8 -1.8 -1.8 -1.8 -1.8 -1.8 -1.8 -1.8 -1.8 -1.8 -1.8 -1.8 -1.8 -1.8 -1.8 -1.8 -1.8 4.2 12.8 21 26 30.7 36.9 47.3 59.7 69.1 79.2 81.7 86.2 93 95.8 91.8 81.8 74 77.8 78.6 77.4 69.5 67.9 63.3 65.6 66.3 70.9 83.4 106.8 107.1 108.9 109.1 111.2 111.1 118.1 137.5 133.5 135.8 138.8 144.6 160.5 149.4 146.1 135.9 155.4 175.9 167 177.4 189.4 194.9 202
-1.8 -1.8 -1.8 -1.8 -1.8 -1.8 -1.8 -1.8 -1.8 -1.8 -1.8 -1.8 -1.8 -1.8 -1.8 -1.8 -1.8 -1.8 -1.8 -1.8 -1.8 -1.8 -1.8 -1.8 -1.8 -1.8 -1.8 -1.8 -1.8 -1.8 -1.8 -1.8 -1.8 2.5 9.8 19.4 26.6 32.7 36.3 37 52.9 54.5 58.3 68.3 72.3 78.9 87.2 92 91.4 86.2 80.8 84.3 90.2 87 83.3 80 80.4 86.2 84 94.1 80.1 92.4 110.7 107.4 109.3 117.3 116.8 120.2 137.8 145.4 144.2 144.9 148.3 168.1 155.5 150.1 141 157.8 191.7 187.4 185.9 198.6 200.3 194.8
-1.8 -1.8 -1.8 -1.8 -1.8 -1.8 -1.8 -1.8 -1.8 -1.8 -1.8 -1.8 -1.8 -1.8 -1.8 -1.8 -1.8 -1.8 -1.8 -1.8 -1.8 -1.8 -1.8 -1.8 -1.8 -1.8 -1.8 -1.8 -1.8 -1.8 -1.8 -1.8 2.5 17.8 23.5 30.5 36.1 43.2 50.1 54.1 60.5 72 73.2 81.9 86.8 88 92.9 100.8 101 99.2 96 93.1 99.5 97 94.5 96.6 104.4 101.3 101.1 111.3 97.5 91.7 101.4 107.8 110.3 124.4 125.2 120.6 129.2 148.4 144.6 150.2 149.4 166.9 160.8 159.5 162.6 172.2 207.1 198.7 190.8 199.1 197.6 192.3
-1.8 -1.8 -1.8 -1.8 -1.8 -1.8 -1.8 -1.8 -1.8 -1.8 -1.8 -1.8 -1.8 -1.8 -1.8 -1.8 -1.8 -1.8 -1.8 -1.8 -1.8 -1.8 -1.8 -1.8 -1.8 -1.8 -1.8 -1.8 -1.8 -1.8 -1.8 4.7 12.6 24.9 32.7 39.2 46.6 53.4 62 71.4 66.2 76.6 83.9 87.4 90.6 92.5 93.5 103.8 105.8 106.2 104.2 98.8 104.1 106.4 105.6 110.1 109.8 108.3 109.7 122.4 111.3 102.8 105.9 103.7 108.3 118.3 124 119.8 132 147.8 145 149.6 157.6 164.8 171 170.6 181.8 191.1 209.2 206.6 199.4 194.1 187.6 188.3
-1.8 -1.8 -1.8 -1.8 -1.8 -1.8 -1.8 -1.8 -1.8 -1.8 -1.8 -1.8 -1.8 -1.8 -1.8 -1.8 -1.8 -1.8 -1.8 -1.8 -1.8 -1.8 -1.8 -1.8 -1.8 -1.8 -1.8 -1.8 -1.8 -1.8 1.9 9.5 27.7 34.5 40.7 49 56.8 65.1 76.7 83 84.3 81.3 92.7 93.4 93.8 95.4 96.2 97.5 100.7 105.9 109.5 104.3 109.2 114.1 117.7 115.4 112.4 110.7 111.2 119.9 114.6 106.9 110.4 116.9 113.7 110.9 114.5 115.9 122.9 143.8 144.2 148.8 159.5 168.9 169.4 173.9 193.3 199.1 207 200.8 191.3 181.1 180 179.6
-1.8 -1.8 -1.8 -1.8 -1.8 -1.8 -1.8 -1.8 -1.8 -1.8 -1.8 -1.8 -1.8 -1.8 -1.8 -1.8 -1.8 -1.8 -1.8 -1.8 -1.8 -1.8 -1.8 -1.8 -1.8 -1.8 -1.8 -1.8 -1.8 0.3 5.4 20.1 33.3 40.9 48.8 58.7 67.7 75.3 87.2 89.9 95.1 92.1 98.9 99.6 98.6 98.7 99.7 100.7 102.3 104.6 111 112 117 122.3 126.2 120.7 118 116.1 112.7 117.2 112.9 111.4 113.4 124.1 124.9 121 116.2 114.5 116.3 132.7 143.8 151.1 156.2 171.2 174.2 182.3 205.2 213.9 207.6 202.1 190.4 176.7 170.5 168.8
-1.8 -1.8 -1.8 -1.8 -1.8 -1.8 -1.8 -1.8 -1.8 -1.8 -1.8 -1.8 -1.8 -1.8 -1.8 -1.8 -1.8 -1.8 -1.8 -1.8 -1.8 -1.8 -1.8 -1.8 -1.8 -1.8 -1.8 -1.8 -1.8 0.9 9.7 24.5 33.8 41.2 48.4 56.8 66.2 75.1 85.6 88.6 96.8 99.8 106.8 110.5 102.2 101.2 100.7 104.6 107.2 110.8 116.9 120.8 126.9 132 132.4 126.2 122.5 120.9 115.2 123 115.4 111.2 114.7 127.3 130.9 126.4 117.9 115.1 116 128.4 147.5 156.8 160.9 171.8 180.2 190.5 215.1 213.9 207 197.9 188.2 177.5 168.9 169.1
-1.8 -1.8 -1.8 -1.8 -1.8 -1.8 -1.8 -1.8 -1.8 -1.8 -1.8 -1.8 -1.8 -1.8 -1.8 -1.8 -1.8 -1.8 -1.8 -1.8 -1.8 -1.8 -1.8 -1.8 -1.8 -1.8 -1.8 -1.8 -1.8 4 12.9 31.5 38.6 45.6 52.3 59.8 63 68.5 75.8 83.8 89.6 94.6 101.2 103.8 101.8 102.3 102.3 106.9 108.8 111.6 120.5 124 129.9 130.9 130.8 128.1 127.1 124.6 118.9 116.9 115.7 114.2 120.4 129 130.9 129.6 119.2 116.6 118 131.9 154.4 169 173.8 174.5 180.3 194.3 204.1 212.5 201.4 191.7 182 175.7 170.9 170.2
-1.8 -1.8 -1.8 -1.8 -1.8 -1.8 -1.8 -1.8 -1.8 -1.8 -1.8 -1.8 -1.8 -1.8 -1.8 -1.8 -1.8 -1.8 -1.8 -1.8 -1.8 -1.8 -1.8 -1.8 -1.8 -1.8 -1.8 -1.8 3.5 15.8 22.9 34.6 43.2 50.7 56.3 60.4 66.2 70.2 76.1 87.7 95.1 99.3 99.9 103.4 110 109.3 108 109.8 106.7 109.7 120.6 126.2 130.6 131.5 135 134.5 133.2 127.7 120.9 119.2 120.3 118.8 126.7 132.1 131.9 127 120.7 118.3 121.9 131.6 156.1 173.7 180.7 182.1 184.9 199.8 200.2 205.8 195.5 185.6 175.9 170.9 169.8 169.3
-1.8 -1.8 -1.8 -1.8 -1.8 -1.8 -1.8 -1.8 -1.8 -1.8 -1.8 -1.8 -1.8 -1.8 -1.8 -1.8 -1.8 -1.8 -1.8 -1.8 -1.8 -1.8 -1.8 -1.8 -1.8 -1.8 -1.8 -1.8 6.9 20.8 23.3 29.8 41.2 51.7 57.5 64.2 69.6 72.9 82 88.5 93.5 100.4 102.6 104.3 108.9 112.7 119.4 117.5 111.2 113.6 122.5 127 131 136.8 140.1 141 136.3 130.7 125.7 120.4 119.2 131.2 133.2 137.3 132.3 124 119.7 119.2 129.4 140.9 157.3 174.3 185.9 189.9 189.7 194.3 192.8 191.1 188 182.7 169.8 167.4 162.4 160.1
-1.8 -1.8 -1.8 -1.8 -1.8 -1.8 -1.8 -1.8 -1.8 -1.8 -1.8 -1.8 -1.8 -1.8 -1.8 -1.8 -1.8 -1.8 -1.8 -1.8 -1.8 -1.8 -1.8 -1.8 -1.8 -1.8 -1.8 -1.8 2.5 17.7 23.3 30.8 42.3 52.2 58.7 69.8 78.4 83.5 89.2 91.4 96.4 99.3 104.7 108.6 105.9 116.5 117.5 118.9 117.6 120.7 124.4 127.5 132.4 139.2 143 143.7 142.8 139.4 130.8 123.9 124 136.1 138.8 143.7 137.2 125 122.2 125.5 139 150.4 163.4 172.4 180.5 187.1 183 179.8 181.8 177.4 178.1 176.9 166.9 158.7 154.1 154.8
-1.8 -1.8 -1.8 -1.8 -1.8 -1.8 -1.8 -1.8 -1.8 -1.8 -1.8 -1.8 -1.8 -1.8 -1.8 -1.8 -1.8 -1.8 -1.8 -1.8 -1.8 -1.8 -1.8 -1.8 -1.8 -1.8 -1.8 1 7.7 20.8 28.2 35.8 45 55.5 59.7 68.6 76.5 85.4 91.6 95.5 99.4 100.2 97.9 99.9 101 106.7 113.5 119.5 127.6 132.3 131.4 131.4 134 140.4 148.7 145.9 143.8 142.3 133.9 130.3 131.7 131.7 136.1 140.5 137.7 127.5 125.7 128.9 144.5 151.7 162.7 168.9 171.6 174.2 170.4 169.6 175.5 168.9 163.8 163.4 158.5 150 145.4 151.9
-1.8 -1.8 -1.8 -1.8 -1.8 -1.8 -1.8 -1.8 -1.8 -1.8 -1.8 -1.8 -1.8 -1.8 -1.8 -1.8 -1.8 -1.8 -1.8 -1.8 -1.8 -1.8 -1.8 -1.8 -1.8 -1.8 -1.8 -1.8 8.6 19.6 31.3 41.6 51.2 57 63.5 74.3 79.7 86.9 93.1 95.1 94 92.7 90.8 89.8 93.7 98.8 105.5 119.2 130.1 138.2 140.3 137.7 134.2 141.8 148 146.8 139.9 137.2 132.7 138.8 137.2 134.1 133 135.4 131.1 133.7 132 130.7 139.4 145.1 154.5 161.9 158.1 158.4 158.7 160.4 164.4 161.9 155.1 146.1 141.8 137.2 138.9 146.2
-1.8 -1.8 -1.8 -1.8 -1.8 -1.8 -1.8 -1.8 -1.8 -1.8 -1.8 -1.8 -1.8 -1.8 -1.8 -1.8 -1.8 -1.8 -1.8 -1.8 -1.8 -1.8 -1.8 -1.8 -1.8 -1.8 -1.8 -1.8 3.6 24.2 33.5 43.5 50.9 57.2 63.9 76.4 81.7 88.6 97.9 99.6 93.4 87 85.1 84 88.1 97.4 99.8 117.3 127.4 135.1 136 133.5 133 140.8 143.5 137.5 131 132.8 144.5 143.3 138.3 136.3 135.2 130 131.5 129.4 129 129.8 132 135.1 140.2 150.5 146.3 148.8 151.2 157.4 159 157.6 148.4 137.6 135.6 135.6 135.6 144.5
-1.8 -1.8 -1.8 -1.8 -1.8 -1.8 -1.8 -1.8 -1.8 -1.8 -1.8 -1.8 -1.8 -1.8 -1.8 -1.8 -1.8 -1.8 -1.8 -1.8 -1.8 -1.8 -1.8 -1.8 -1.8 -1.8 -1.8 -1.8 1.6 7.9 25.8 29.6 41.4 55.5 59.5 72.3 78.5 78.9 86.4 85.9 84.4 81.3 80 80 83.1 88.7 90.2 105.2 115.4 126.8 128.5 126 128.8 130.3 133.7 126 126.5 132.8 142.2 138.2 142.2 134.1 135 128.3 127.1 126.6 122.4 121.9 123.1 126.6 132.3 139.3 139.1 141.9 146 145.3 148.6 147.5 141.9 135.6 135.6 135.6 135.6 145.4
-1.8 -1.8 -1.8 -1.8 -1.8 -1.8 -1.8 -1.8 -1.8 -1.8 -1.8 -1.8 -1.8 -1.8 -1.8 -1.8 -1.8 -1.8 -1.8 -1.8 -1.8 -1.8 -1.8 -1.8 -1.8 -1.8 -1.8 -1.8 -1.8 5.9 19.9 25.6 31 42.9 48.5 55.8 66.4 69.4 72.8 68 74.1 77.3 79 80.9 80.7 79.8 80.3 86.9 93 99.9 110.8 112.3 116.9 117.2 118.2 118.7 119.1 125.4 135 130.7 133 129.2 126.1 122.5 121.3 121.5 118.9 122.4 131 139.5 139.7 132 140.1 143.3 141.2 139.8 140.4 138.7 137.5 135.6 135.6 135.6 135.6 147.9
-1.8 -1.8 -1.8 -1.8 -1.8 -1.8 -1.8 -1.8 -1.8 -1.8 -1.8 -1.8 -1.8 -1.8 -1.8 -1.8 -1.8 -1.8 -1.8 -1.8 -1.8 -1.8 -1.8 -1.8 -1.8 -1.8 -1.8 -1.8 -1.8 14.6 18.5 20.7 27.9 35.9 41.6 45.8 51.3 52.5 56 62.7 68.4 71.3 78.1 79.3 75 79.6 79.2 82.7 83.7 88 92.7 99.7 104.2 105.1 106.8 108.8 109.3 110.8 115.2 119.4 117.9 118.9 116.5 117.8 119.2 118.2 119.3 125 138.2 146.8 148.6 136 136.5 137.5 136.9 135.6 135.6 135.6 135.6 135.6 138 140 139.3 155.3
-1.8 -1.8 -1.8 -1.8 -1.8 -1.8 -1.8 -1.8 -1.8 -1.8 -1.8 -1.8 -1.8 -1.8 -1.8 -1.8 -1.8 -1.8 -1.8 -1.8 -1.8 -1.8 -1.8 -1.8 -1.8 -1.8 -1.8 -1.8 15.4 41.8 36.2 18.6 25.3 30.4 32.3 39.1 42.7 46.7 50.3 57.9 68.1 71.7 74.9 73.5 76.3 84.5 82.5 81.5 83.3 90.1 92.6 93.8 96.8 98.8 100.5 103.8 102.9 106.1 110.1 111.2 111.5 114 117.8 118.4 121.9 126.9 137.8 142.8 144.7 148.4 151.8 139.4 135.9 136.9 138.1 138.7 135.7 135.6 135.6 137.2 141.1 145.8 149.7 159.1
-1.8 -1.8 -1.8 -1.8 -1.8 -1.8 -1.8 -1.8 -1.8 -1.8 -1.8 -1.8 -1.8 -1.8 -1.8 -1.8 -1.8 -1.8 -1.8 -1.8 -1.8 -1.8 -1.8 -1.8 -1.8 -1.8 -1.8 2.4 41.8 50.6 41.5 26 25.1 29.1 35.9 44 50.9 55.3 58.7 59.2 60.9 71.9 70.5 73.3 78.7 84.9 83.3 82.1 85.6 95.7 99.2 99.5 98.9 96 96.8 103.4 108.9 113.3 126.6 133.3 136.5 131.1 134.2 131.7 127.3 133.9 151.4 159 152.6 149.5 149 141.1 137.8 138.5 145.6 149.4 150.1 143.1 137.9 138.6 149.2 153.2 156.4 160.5
-1.8 -1.8 -1.8 -1.8 -1.8 -1.8 -1.8 -1.8 -1.8 -1.8 -1.8 -1.8 -1.8 -1.8 -1.8 -1.8 -1.8 -1.8 -1.8 -1.8 -1.8 2.5 -1.8 -1.8 0.5 1.5 8.4 23.3 47.9 53.9 40.6 28.8 27.6 31.9 39.7 47 56.9 69.3 71.7 69.8 69.6 71.5 73.9 78.4 81.2 81.8 81.9 84.8 92.7 99.5 99 96.5 95.2 97.3 98.7 105.1 109.5 118.9 135.6 148.6 148.6 141.6 143.9 149.1 138.9 137.3 151.4 161 157.3 148.7 144.9 139.2 138.5 140.5 143.1 151.3 148.4 143.8 141.4 141.6 159.5 169.8 168 171.7
-1.8 -1.8 -1.8 -1.8 -1.8 -1.8 -1.8 -1.8 -1.8 -1.8 -1.8 -1.8 -1.8 -1.8 -1.8 -1.8 -1.8 -1.8 -1.8 -1.8 -1.8 2.2 4.2 8.2 11.3 26.3 32.3 40.4 49.1 47 37.1 32.3 30.8 37 47 54.7 65.8 82.2 82.3 77.4 75 78 80.3 83.3 83.1 80.1 81.2 89.7 93.2 90.4 93.7 94.3 98.5 99.1 101.3 105.2 113.4 123.5 140.3 155.8 153.3 157 148.8 155.8 150.6 143.4 151.1 162.8 158.5 147.5 142.1 139.2 136 139.3 138.6 145.6 144.2 144.5 144.2 151.1 163.4 176.5 184.7 183.8
-1.8 -1.8 -1.8 -1.8 -1.8 -1.8 -1.8 -1.8 -1.8 -1.8 -1.8 -1.8 -1.8 -1.8 -1.8 -1.8 -1.8 -1.8 -1.8 -1.8 -1.8 4.1 8.5 20.7 31.9 38.2 39.1 39.6 42.2 36.6 35.2 34.6 40 50.8 58.1 60.3 72.3 82.4 84.6 82.7 92.1 96.7 89.2 86.5 83.2 80 84.1 92.8 92.9 87.1 90.1 92 102.4 103.8 102.2 107.4 121.2 133.4 147.6 162.3 162.1 162.6 151.7 152.9 153.2 146 148 158.1 154 150 144.4 137.8 135.6 135.5 135.9 138.9 149.5 146.8 147.4 158.7 173.5 184.9 192.2 191.7
-1.8 -1.8 -1.8 -1.8 -1.8 -1.8 -1.8 -1.8 -1.8 -1.8 -1.8 -1.8 -1.8 -1.8 -1.8 -1.8 -1.8 -1.8 -1.8 -1.8 -1.8 5.2 10.7 20.4 32.6 37.5 34.5 32.1 29.7 31.8 34.3 38.9 49.2 59.7 64.3 68.1 79.9 87.2 87.3 89.7 103.7 96.4 84.8 83.9 81.4 79.8 84.7 91.1 90.4 85 84.2 88.3 99.8 105.2 104.6 112.8 129.4 141.1 154 168.8 170.1 161.1 148.2 147.2 151.7 143.6 143.7 150.7 147.8 148.8 143.3 138.7 139.4 138.3 135.5 135.5 144 150.3 152.6 162.7 179.8 191 199.7 199
-1.8 -1.8 -1.8 -1.8 -1.8 -1.8 -1.8 -1.8 -1.8 -1.8 -1.8 -1.8 -1.8 -1.8 -1.8 -1.8 -1.8 -1.8 -1.8 -1.8 -1.8 7.1 12.8 20.2 28.4 28.2 24.2 21.7 25 28.5 31.5 41.9 51.3 59.3 67.8 74.6 79.7 84.2 88 93.3 102.6 88.2 83.5 83.6 81.8 80.2 83.5 84.4 84.5 83.7 83.4 88 94.8 104 105.9 114.5 130 144.6 155.2 164.3 170.6 162.4 148 143.7 144.1 139.4 140.8 140.5 139.9 138.4 138.8 136.6 138 138 135.5 135.5 142.9 146.7 154.1 166.1 179.2 194.4 208.2 217.8
-1.8 -1.8 -1.8 -1.8 -1.8 -1.8 -1.8 -1.8 -1.8 -1.8 -1.8 -1.8 -1.8 -1.8 -1.8 -1.8 -1.8 -1.8 -1.8 -1.8 -1.8 7.4 11.3 15.9 20.2 17.8 17.9 18.3 21.7 26 33.3 41.2 49 56.9 66.1 75.2 75.9 84 90.2 92.5 88.2 84.2 83.6 84 81.2 80.6 83.6 87.8 85 83.6 84.2 87.9 100.3 103 108.3 117.5 127.6 135.9 144.7 158.1 169.6 158.7 147.6 145 140.3 138.7 139 137.1 135.5 135.5 135.5 135.5 135.5 135.5 135.5 136.4 140.8 144 150.5 161.9 180.8 200.4 215.4 229.3
-1.8 -1.8 -1.8 -1.8 -1.8 -1.8 -1.8 -1.8 -1.8 -1.8 -1.8 -1.8 -1.8 -1.8 -1.8 -1.8 -1.8 -1.8 -1.8 -1.8 -1.8 5.2 11 9.2 9.6 11.9 14.5 16 19.5 26.9 41.2 48.1 49.5 59.9 68.3 74.3 76.2 80.8 90.7 89.5 88 85.4 83.3 81.5 80.2 81.5 83.3 83.5 83.1 83.2 85.2 92 104 110.2 117.2 129.1 147.8 151 146.9 156.8 174.2 171.9 153.4 154.3 149.3 138.4 138.2 135.5 135.5 135.5 135.5 135.5 135.5 135.5 135.5 135.5 138.2 141 148.6 159 184 209.1 222.9 238.6
-1.8 -1.8 -1.8 -1.8 -1.8 -1.8 -1.8 -1.8 -1.8 -1.8 -1.8 -1.8 -1.8 -1.8 -1.8 -1.8 -1.8 -1.8 -1.8 -1.8 -1.8 -1.8 7.4 5.6 7.4 9 10.7 13.7 18.4 23.8 31.8 44.8 51.3 66 70.7 72.1 75.1 80.2 87.5 91.6 93.2 91.3 90.3 85.2 80.5 80.4 81 83.1 83.2 83.6 86.7 95.4 104.8 118.2 124.8 138.9 160.2 157.7 149.4 153.7 164.9 167.1 157.7 157.3 148.9 139.9 139 136.9 135.5 137 135.5 135.5 135.5 135.7 135.5 135.5 135.5 138.6 145 154.2 177.3 206.7 224.4 235.9
-1.8 -1.8 -1.8 -1.8 -1.8 -1.8 -1.8 -1.8 -1.8 -1.8 -1.8 -1.8 -1.8 -1.8 -1.8 -1.8 -1.8 -1.8 -1.8 -1.8 -1.8 -1.8 3 2.2 6.4 9.5 13.4 16.7 18.5 21.3 28.4 41 50.3 55.2 62.6 66.9 73.4 81.4 90.1 92.3 92.3 91.3 91.1 85 85.4 86 83 82.9 87 88.6 86 92.5 102.8 116.1 124.9 142.1 159.9 159.7 155.8 153.9 156.2 159.8 157.7 157.7 145.8 139.5 138.2 137.2 136.7 143.8 142.4 141.9 146.1 146.9 137.3 135.5 135.5 139.8 146.6 155.3 175.4 203.4 223.8 233.7
-1.8 -1.8 -1.8 -1.8 -1.8 -1.8 -1.8 -1.8 -1.8 -1.8 -1.8 -1.8 -1.8 -1.8 -1.8 -1.8 -1.8 -1.8 -1.8 -1.8 -1.8 2.4 2.8 3 6.9 11.5 17.6 20.6 22.4 26.4 29.5 37.5 43.3 44.8 49.3 57.6 69.4 80.4 87.8 90.7 90.9 88.6 83.5 86.7 94.2 99.8 87.4 94.7 100 98.7 94.2 99.5 102.9 107.8 118.9 132 146 152.6 152.2 156 159.2 161.7 159.9 153.3 146.3 141.5 140.8 138.3 138.5 144.1 152.6 155.8 161.6 160.3 152.2 144 137.9 139.1 143.6 154.6 171.8 202.3 232.9 243.1
-1.8 -1.8 -1.8 -1.8 -1.8 -1.8 -1.8 -1.8 -1.8 -1.8 -1.8 -1.8 -1.8 -1.8 -1.8 -1.8 -1.8 -1.8 -1.8 -1.8 -1.8 -1.8 -1.8 0.7 5.8 11.9 18.8 23.1 26.3 32.2 40 48 58.7 56 55.3 56.3 57.7 71.9 82.9 86.9 91 83.4 82 90.8 97.4 100.2 93.9 99.5 110.5 104.9 107.9 117.1 120.7 112.4 118.9 124.9 134.2 140.1 145.7 150.3 150.1 162.5 157.2 151.5 147.7 147.6 144.5 138.9 138.3 146.6 161 165.7 168.8 171.4 160.7 152.5 145.8 141.5 144.2 153.4 169 194.2 234.7 245.7
-1.8 -1.8 -1.8 -1.8 -1.8 -1.8 -1.8 -1.8 -1.8 -1.8 -1.8 -1.8 -1.8 -1.8 -1.8 -1.8 -1.8 -1.8 -1.8 -1.8 -1.8 -1.8 -1.8 -1.8 4.8 14.4 21.1 25.1 28.9 33.5 42.8 54.1 62.5 63.7 63.3 62.1 58.9 63.8 75.5 82.1 86.6 78.6 82.5 92.2 97.5 100.4 102.5 111.7 105.7 106.9 111.7 123.9 137.2 133.4 127.3 128 127.7 134.9 139.4 142.6 145.5 149 153 150.3 148.1 145.9 140.2 139.4 139.5 150.8 165.1 172.1 175.1 175.4 167.1 158.4 151.4 144.7 146.4 154.6 169.5 191.7 220.2 239.8
-1.8 -1.8 -1.8 -1.8 -1.8 -1.8 -1.8 -1.8 -1.8 -1.8 -1.8 -1.8 -1.8 -1.8 -1.8 -1.8 -1.8 -1.8 -1.8 -1.8 -1.8 -1.8 -1.8 0.9 10.5 22.7 25.1 27.9 30.2 36.8 47.4 54.7 58.8 62.6 67.1 66.8 64.6 62.2 69 74.6 80.9 75.3 83.1 92.6 99.3 105.4 108.4 117.3 119.7 113.9 116 123.9 140.1 146 140.9 134.8 137 147.8 140 141.9 142.3 146.6 152.7 149.6 147.9 145.2 142.5 141.8 145 160 170 176.9 180.3 177.4 170.8 163.5 156.5 148.3 147 156.4 169.6 197.7 210.6 227
-1.8 -1.8 -1.8 -1.8 -1.8 -1.8 -1.8 -1.8 -1.8 -1.8 -1.8 -1.8 -1.8 -1.8 -1.8 -1.8 -1.8 -1.8 -1.8 -1.8 -1.8 -1.8 -1.8 0.5 12 26.6 29.6 29.7 32.2 38.6 49.5 55.6 62 67.6 71.4 74.2 72.7 67.4 63.6 68.3 76.5 76.9 86.1 97.3 107.6 116.5 120 119.9 128.4 127.1 122.8 120.3 134.7 148.8 147 137.2 136.7 151.2 145.1 146.7 147.6 148.5 154.8 150.6 150.4 148.8 146.2 143.1 146.7 160.3 170.8 175 180.1 175.9 167.9 162.2 156.7 150.9 149.6 156.8 166.5 199.6 206.9 217
-1.8 -1.8 -1.8 -1.8 -1.8 -1.8 -1.8 -1.8 -1.8 -1.8 -1.8 -1.8 -1.8 -1.8 -1.8 -1.8 -1.8 -1.8 -1.8 -1.8 -1.8 -1.8 -1.8 -1.8 10.2 25.9 33 33.2 34.1 37.8 48.3 56.8 64.4 71.4 77.2 78.7 78.9 78.2 71.1 68.5 73.7 83 91.1 98 110.2 122.1 130.2 129.9 136 139 138.2 124.2 121.3 131.7 144.9 139.7 139.6 146.8 151.6 151.2 149.9 152.9 154 152.6 150.8 149.7 150.2 145.8 151.7 157.2 171.5 172.8 176.7 178.6 167.2 158.5 154.6 150.9 154.4 158.2 165.4 186.2 204.2 215.3
-1.8 -1.8 -1.8 -1.8 -1.8 -1.8 -1.8 -1.8 -1.8 -1.8 -1.8 -1.8 -1.8 -1.8 -1.8 -1.8 -1.8 -1.8 -1.8 -1.8 -1.8 -1.8 -1.8 -1.8 2.5 24.5 31.8 36.2 38.8 40.4 45.4 51.7 58.2 62.4 71.3 76.3 77.2 77.9 78.4 74.5 78.3 93.8 100 98.9 110.9 122.7 129.1 132.5 137.2 141 142.6 140.4 124.1 122.2 128.6 136.4 136.3 140.5 160.5 155.6 154.4 156.7 163 158 157.1 154.4 153.5 148.6 158.1 167.5 167.1 167.7 170.7 174.1 164 157.6 154.1 153.2 157.2 161.2 167.3 193.6 207.1 211.4
-1.8 -1.8 -1.8 -1.8 -1.8 -1.8 -1.8 -1.8 -1.8 -1.8 -1.8 -1.8 -1.8 -1.8 -1.8 -1.8 -1.8 -1.8 -1.8 -1.8 -1.8 -1.8 -1.8 -1.8 2.5 14.8 26.5 32.5 38.1 40.3 41.9 48.4 52.8 57.7 64.3 70.6 74.8 75.9 76.4 77.9 78.9 91.3 96.3 100.1 106.6 117.4 127.1 134.3 140.4 144.4 148.8 147 129.9 124.8 126.7 126.9 129.2 133.8 150.4 154.8 154.7 156.5 160.8 158.6 162.2 159.4 154.7 157.8 162.4 177.4 178.4 176.7 169.3 165.2 160.4 155.6 153.2 154 157.2 160.1 166.3 195.1 200.8 205.4
-1.8 -1.8 -1.8 -1.8 -1.8 -1.8 -1.8 -1.8 -1.8 -1.8 -1.8 -1.8 -1.8 -1.8 -1.8 -1.8 -1.8 -1.8 -1.8 -1.8 -1.8 -1.8 3.3 2.5 7.8 17.2 23.4 29 34.8 39.9 41.6 44.7 49.5 53.9 58.2 64.6 71.2 74 79 80.9 77.7 82.7 98.7 99.8 102.8 110 121.1 130.1 140 139.2 147.8 149.9 139.5 135.9 138 134.5 129.5 131.7 146.8 154 155.4 153.3 153.7 155.4 158.5 160 157.4 168.4 169.7 182.5 189.5 179.6 173.1 167.8 158.8 155 153.8 153.3 156.1 158.9 165.4 185.9 196.3 199
