STL Generation/terr50_gagg_gb/data/NG54.asc
ncols 200
nrows 200
xllcorner 150000
yllcorner 840000
cellsize 50
[rows 37 to 73 of 200, columns 83 to 165 of 200]
-1.9 -1.9 -1.9 -1.9 -1.9 -1.9 -1.9 -1.9 -1.9 -1.9 -1.9 -1.9 -1.9 -1.9 -1.9 -1.9 -1.9 -1.9 -1.9 -1.9 -1.9 -1.9 -1.9 -1.9 -1.9 -1.9 -1.9 -1.9 -1.9 -1.9 -1.9 -1.9 -1.9 -1.9 -1.9 -1.9 -1.9 -1.9 -1.9 -1.9 -1.9 -1.9 -1.9 -1.9 -1.9 -1.9 -1.9 -1.9 -1.9 21.1 14.2 2.6 2.7 18.7 31.3 38.6 43 34 20.5 19.1 21.2 27.2 41.1 38.2 29.1 18.6 19 29.6 17.3 -1.9 -1.9 -1.9 20.1 22.5 2.2 1.5 2.2 8.4 3.3 1.9 9 21.4 15.4
-1.9 -1.9 -1.9 -1.9 -1.9 -1.9 -1.9 -1.9 -1.9 -1.9 -1.9 -1.9 -1.9 -1.9 -1.9 -1.9 -1.9 -1.9 -1.9 -1.9 -1.9 -1.9 -1.9 -1.9 -1.9 -1.9 -1.9 -1.9 -1.9 -1.9 -1.9 -1.9 -1.9 -1.9 -1.9 -1.9 -1.9 -1.9 -1.9 -1.9 -1.9 -1.9 -1.9 -1.9 -1.9 -1.9 -1.9 -1.9 10 27.3 19.6 6.6 2.7 20.5 31.9 44.6 50.4 40.6 27.9 30 27.4 28.9 40.1 36.6 20.7 18.5 24.4 26.9 24.5 11.5 1.4 2.3 23.5 24 16.8 7.3 13.4 15.6 8 7.8 17.2 23.1 20.3
-1.9 -1.9 -1.9 -1.9 -1.9 -1.9 -1.9 -1.9 -1.9 -1.9 -1.9 -1.9 -1.9 -1.9 -1.9 -1.9 -1.9 -1.9 -1.9 -1.9 -1.9 -1.9 -1.9 -1.9 -1.9 -1.9 -1.9 -1.9 -1.9 -1.9 -1.9 -1.9 -1.9 -1.9 -1.9 -1.9 -1.9 -1.9 -1.9 -1.9 -1.9 -1.9 -1.9 -1.9 -1.9 -1.9 -1.9 -1.9 7.4 19.8 19.9 16.1 9.9 18.4 31.2 44.4 49.5 49.5 44.9 37.5 32.4 28.4 30.5 32.6 28.8 24.3 32.3 34.1 26 17.4 7.4 15.2 40.2 31 19.9 17.3 19.4 19.2 11.6 10.5 22.4 27.7 21.2
-1.9 -1.9 -1.9 -1.9 -1.9 -1.9 -1.9 -1.9 -1.9 -1.9 -1.9 -1.9 -1.9 -1.9 -1.9 -1.9 -1.9 -1.9 -1.9 -1.9 -1.9 -1.9 -1.9 -1.9 -1.9 -1.9 -1.9 -1.9 -1.9 -1.9 -1.9 -1.9 -1.9 -1.9 -1.9 -1.9 -1.9 -1.9 -1.9 -1.9 -1.9 -1.9 -1.9 -1.9 -1.9 -1.9 -1.9 -1.9 -1.9 15.5 19.1 19.2 17.4 18.6 28.9 44.4 49 48.9 53.9 47 41.7 28 29.2 30.8 28.9 30.8 36.6 33.1 29.1 28.7 15.3 21 42.3 42.1 32.1 25.8 23.4 22.6 19 18.5 23.3 30.7 24.9
-1.9 -1.9 -1.9 -1.9 -1.9 -1.9 -1.9 -1.9 -1.9 -1.9 -1.9 -1.9 -1.9 -1.9 -1.9 -1.9 -1.9 -1.9 -1.9 -1.9 -1.9 -1.9 -1.9 -1.9 -1.9 -1.9 -1.9 -1.9 -1.9 -1.9 -1.9 -1.9 -1.9 -1.9 -1.9 -1.9 -1.9 -1.9 -1.9 -1.9 -1.9 -1.9 -1.9 -1.9 -1.9 -1.9 -1.9 -1.9 -1.9 9.4 19.1 21.4 20 18.2 25.6 40.4 49.3 50.9 51.3 49.2 42.9 28.7 28.2 28.7 30.9 38.3 39.4 37.6 31.5 38.6 20.1 19.4 40.5 47.3 38.6 29 29 28.6 25.1 21.3 26.1 29.9 28.8
-1.9 -1.9 -1.9 -1.9 -1.9 -1.9 -1.9 -1.9 -1.9 -1.9 -1.9 -1.9 -1.9 -1.9 -1.9 -1.9 -1.9 -1.9 -1.9 -1.9 -1.9 -1.9 -1.9 -1.9 -1.9 -1.9 -1.9 -1.9 -1.9 -1.9 -1.9 -1.9 -1.9 -1.9 -1.9 -1.9 -1.9 -1.9 -1.9 -1.9 -1.9 -1.9 -1.9 -1.9 -1.9 -1.9 -1.9 -1.9 -1.9 16.9 29.7 24.8 19.9 18.8 22.4 33.3 47.3 51.1 51.2 49.7 49.1 34.8 28.3 28.7 30.3 37.9 38.8 39.1 39.5 39.2 22.2 19.8 37.7 46.8 40.6 29.9 29.1 32.5 33.1 27 28.4 30.1 29.8
-1.9 -1.9 -1.9 -1.9 -1.9 -1.9 -1.9 -1.9 -1.9 -1.9 -1.9 -1.9 -1.9 -1.9 -1.9 -1.9 -1.9 -1.9 -1.9 -1.9 -1.9 -1.9 -1.9 -1.9 -1.9 -1.9 -1.9 -1.9 -1.9 -1.9 -1.9 -1.9 -1.9 -1.9 -1.9 -1.9 -1.9 -1.9 -1.9 -1.9 -1.9 -1.9 -1.9 -1.9 4.9 2.6 11 -1.9 5.5 16.3 27.8 27.7 19.9 20 22.9 37.3 50.7 53.2 51.8 50 49.4 32.1 25.6 25.7 30.2 36 38.9 39 39.7 41.1 25.3 21.3 33.8 45.1 40.9 33 31.7 40.1 39.9 33.4 31.7 33.6 31.8
-1.9 -1.9 -1.9 -1.9 -1.9 -1.9 -1.9 -1.9 -1.9 -1.9 -1.9 -1.9 -1.9 -1.9 -1.9 -1.9 -1.9 -1.9 -1.9 -1.9 -1.9 -1.9 -1.9 -1.9 -1.9 -1.9 -1.9 -1.9 -1.9 -1.9 -1.9 -1.9 -1.9 -1.9 -1.9 -1.9 -1.9 -1.9 -1.9 -1.9 -1.9 -1.9 -1.9 2 13.8 9 8.7 2.6 10.1 23.7 26.5 28.1 23 23.7 28 42.3 52.4 54.9 52.1 49.9 43.8 35.8 25.9 28.7 32.6 36.3 39.6 39.6 39.2 40.9 26.9 22.7 35.6 44.1 39.3 38.3 38.9 40.4 36.4 33.6 36.8 36.4 36.2
-1.9 -1.9 -1.9 -1.9 -1.9 -1.9 -1.9 -1.9 -1.9 -1.9 -1.9 -1.9 -1.9 -1.9 -1.9 -1.9 -1.9 -1.9 -1.9 -1.9 -1.9 -1.9 -1.9 -1.9 -1.9 -1.9 -1.9 -1.9 -1.9 -1.9 -1.9 -1.9 -1.9 -1.9 -1.9 -1.9 -1.9 -1.9 -1.9 -1.9 -1.9 -1.9 -1.9 10.4 17.2 10 10.1 5.2 16.1 30 25.8 29.2 29.7 29.4 29.7 46.5 54.9 56.7 54.3 49.8 43.7 31.1 24.8 29.9 38.2 39.4 39 37.5 37.4 41 26.8 25 30.3 39.4 37.6 36.8 39.3 39.5 37.7 36.9 40.9 43.6 40.2
-1.9 -1.9 -1.9 -1.9 -1.9 -1.9 -1.9 -1.9 -1.9 -1.9 -1.9 -1.9 -1.9 -1.9 -1.9 -1.9 -1.9 -1.9 -1.9 -1.9 -1.9 -1.9 -1.9 -1.9 -1.9 -1.9 -1.9 -1.9 -1.9 -1.9 -1.9 -1.9 -1.9 -1.9 -1.9 -1.9 -1.9 -1.9 -1.9 -1.9 -1.9 -1.9 -1.9 -1.9 15.8 10.3 9.1 9.3 20.1 26.7 27.8 29.4 36.3 36.4 40.5 45.7 53.3 59.7 57.8 53.7 47.1 34.6 28.1 35.3 39.1 40.7 39 34.6 34.6 45.9 27.1 23 23.3 27.4 29.9 39.6 40 39.6 34.9 37.1 41.4 47.7 47.5
-1.9 -1.9 -1.9 -1.9 -1.9 -1.9 -1.9 -1.9 -1.9 -1.9 -1.9 -1.9 -1.9 -1.9 -1.9 -1.9 -1.9 -1.9 -1.9 -1.9 -1.9 -1.9 -1.9 -1.9 -1.9 -1.9 -1.9 -1.9 -1.9 -1.9 -1.9 -1.9 -1.9 -1.9 -1.9 -1.9 -1.9 -1.9 -1.9 -1.9 -1.9 -1.9 -1.9 -1.9 5.7 10.1 11.4 11.5 18.5 22.6 29 44.1 43.9 49.6 47.3 49.5 57.9 65.9 59.3 61.6 51.1 39.7 30 41.2 41.9 42.2 40 33.6 31.4 37.3 26.9 23.5 23.1 25.5 32.5 40.8 40.6 45.1 36 42.8 60.3 54.3 61.6
-1.9 -1.9 -1.9 -1.9 -1.9 -1.9 -1.9 -1.9 -1.9 -1.9 -1.9 -1.9 -1.9 -1.9 -1.9 -1.9 -1.9 -1.9 -1.9 -1.9 -1.9 -1.9 -1.9 -1.9 -1.9 -1.9 -1.9 -1.9 -1.9 -1.9 -1.9 -1.9 -1.9 -1.9 -1.9 -1.9 -1.9 -1.9 -1.9 -1.9 -1.9 -1.9 -1.9 2.7 15.3 18.2 17.2 18.8 18.9 25.9 40.6 50.8 50.9 56.8 57.4 52.1 59.9 73.6 69.3 68.6 51.9 43.7 32.1 40.7 43.9 42 40.4 35.8 30.5 29.6 27.4 25.6 23.8 28.7 39.4 44.2 46.3 43.3 42.9 56.5 73.8 68.4 70.9
-1.9 -1.9 -1.9 -1.9 -1.9 -1.9 -1.9 -1.9 -1.9 -1.9 -1.9 -1.9 -1.9 -1.9 -1.9 -1.9 -1.9 -1.9 -1.9 -1.9 -1.9 -1.9 -1.9 -1.9 -1.9 -1.9 -1.9 -1.9 -1.9 -1.9 -1.9 -1.9 -1.9 -1.9 -1.9 -1.9 -1.9 -1.9 -1.9 -1.9 -1.9 -1.9 -1.9 5.2 18.7 20.2 19.7 21.2 22.4 29 46 52.7 56.3 58.1 61.1 51.4 59 73.8 76 66.3 50.3 45.8 31 34.6 38.1 35.6 35.7 34.2 34 32.2 30.7 26.6 27.1 39.6 45.3 48.7 51.6 51 54 65.9 80.7 80.1 79.7
-1.9 -1.9 -1.9 -1.9 -1.9 -1.9 -1.9 -1.9 -1.9 -1.9 -1.9 -1.9 -1.9 -1.9 -1.9 -1.9 -1.9 -1.9 -1.9 -1.9 -1.9 -1.9 -1.9 -1.9 -1.9 -1.9 -1.9 -1.9 -1.9 -1.9 -1.9 -1.9 -1.9 -1.9 -1.9 -1.9 -1.9 -1.9 -1.9 -1.9 -1.9 -1.9 -1.9 25.7 23.6 21.5 21.3 22.4 23.4 27.5 46.9 59.5 61.1 61.1 61.4 50.5 58.2 69 76.5 60.6 46.5 41.5 33.2 30.5 32.1 35 37.7 40.9 40.8 46.9 33.2 29 32.2 42.2 51.2 54.5 58.8 59.5 61.1 71.9 81.1 81.8 83.6
-1.9 -1.9 -1.9 -1.9 -1.9 -1.9 -1.9 -1.9 -1.9 -1.9 -1.9 -1.9 -1.9 -1.9 -1.9 -1.9 -1.9 -1.9 -1.9 -1.9 -1.9 -1.9 -1.9 -1.9 -1.9 -1.9 -1.9 -1.9 -1.9 -1.9 -1.9 -1.9 -1.9 -1.9 -1.9 -1.9 -1.9 -1.9 -1.9 -1.9 -1.9 -1.9 -1.9 28.1 30.3 26.9 22.4 23.4 25.3 30 41.8 59.9 62.9 61.1 59.7 53.4 54.4 63 68.1 55.9 48.9 45.1 35.9 30.5 31.4 36 43.8 51.5 48.6 54.7 52.4 33.6 30.2 40 54.4 64 61.9 60.4 65 74.6 81.9 82.5 89.3
-1.9 -1.9 -1.9 -1.9 -1.9 -1.9 -1.9 -1.9 -1.9 -1.9 -1.9 -1.9 -1.9 -1.9 -1.9 -1.9 -1.9 -1.9 -1.9 -1.9 -1.9 -1.9 -1.9 -1.9 -1.9 -1.9 -1.9 -1.9 -1.9 -1.9 -1.9 -1.9 -1.9 -1.9 -1.9 -1.9 -1.9 -1.9 -1.9 -1.9 -1.9 -1.9 -1.9 30.3 30.5 29.5 24.7 25.1 27.7 32.3 38.9 54.8 62.3 59.4 56.4 50 52.6 59.4 61.2 59.7 61 58.7 39.8 30.5 33.5 41.1 47.6 56 59.3 60.2 63.2 50.1 34.2 42 57.7 66.9 69.3 61.9 70.3 79.5 86.7 85.3 97.5
-1.9 -1.9 -1.9 -1.9 -1.9 -1.9 -1.9 -1.9 -1.9 -1.9 -1.9 -1.9 -1.9 -1.9 -1.9 -1.9 -1.9 -1.9 -1.9 -1.9 -1.9 -1.9 -1.9 -1.9 -1.9 -1.9 -1.9 -1.9 -1.9 -1.9 -1.9 -1.9 -1.9 -1.9 -1.9 -1.9 -1.9 -1.9 -1.9 -1.9 -1.9 -1.9 1.4 26.1 31.3 29.6 27.7 30.6 33.6 40.6 39.7 51.3 62 61.1 53.2 50.6 54.8 59.1 61.2 61.3 65.3 60.6 41.3 32 32.3 41.4 51.5 60.1 60.6 61.2 64.1 64.1 38 43.8 59.2 61.9 69.7 65.8 71.7 84.6 90.9 87.2 91.1
-1.9 -1.9 -1.9 -1.9 -1.9 -1.9 -1.9 -1.9 -1.9 -1.9 -1.9 -1.9 -1.9 -1.9 -1.9 -1.9 -1.9 -1.9 -1.9 -1.9 -1.9 -1.9 -1.9 -1.9 -1.9 -1.9 -1.9 -1.9 -1.9 -1.9 -1.9 -1.9 -1.9 -1.9 -1.9 -1.9 -1.9 -1.9 -1.9 -1.9 -1.9 -1.9 2 22.6 41.4 47.6 32.8 44.1 43.3 46.3 46.5 47.2 58.5 56 52.4 52.6 54.8 59.2 65.2 66.3 67.7 55.3 43.3 41.9 38.6 47.6 56.6 59.1 60 61.6 69 67 39.6 47.7 53.1 65.4 73.1 78.5 70.1 75.5 82.6 80.8 80.2
-1.9 -1.9 -1.9 -1.9 -1.9 -1.9 -1.9 -1.9 -1.9 -1.9 -1.9 -1.9 -1.9 -1.9 -1.9 -1.9 -1.9 -1.9 -1.9 -1.9 -1.9 -1.9 -1.9 -1.9 -1.9 -1.9 -1.9 -1.9 -1.9 -1.9 -1.9 -1.9 -1.9 -1.9 -1.9 -1.9 -1.9 -1.9 -1.9 -1.9 -1.9 -1.9 9.3 37.1 56 60.7 50.2 50.1 50.2 52.2 50.4 48.5 59.5 60.1 55.2 57.5 61 64.5 69.2 80.3 75.1 59.3 49 54.2 38.8 45.1 60.3 59.5 62.5 66.4 78.4 70.9 43 44.3 57.8 69.2 71.6 70.2 69.8 77.9 75.5 75.5 75.5
-1.9 -1.9 -1.9 -1.9 -1.9 -1.9 -1.9 -1.9 -1.9 -1.9 -1.9 -1.9 -1.9 -1.9 -1.9 -1.9 -1.9 -1.9 -1.9 -1.9 -1.9 -1.9 -1.9 -1.9 -1.9 -1.9 -1.9 -1.9 -1.9 -1.9 -1.9 -1.9 -1.9 -1.9 -1.9 -1.9 -1.9 -1.9 -1.9 1.7 1.3 17.5 22.2 43.9 63 69.2 63.8 56.7 58.5 60.9 54.7 49.3 60 65 60.7 68.3 68.8 69.7 71.2 80.1 75 65.3 58.8 55.4 45.6 38.9 62.1 65 69.8 69.2 81.1 70.7 44.2 47.2 62.3 71.8 70.8 70.4 73.5 80.9 75.5 75.5 75.5
-1.9 -1.9 -1.9 -1.9 -1.9 -1.9 -1.9 -1.9 -1.9 -1.9 -1.9 -1.9 -1.9 -1.9 -1.9 -1.9 -1.9 -1.9 -1.9 -1.9 -1.9 -1.9 -1.9 -1.9 -1.9 -1.9 -1.9 -1.9 -1.9 -1.9 -1.9 -1.9 -1.9 -1.9 -1.9 -1.9 -1.9 -1.9 12.6 16.6 8.5 19.9 25 40.9 66.6 78.2 72.8 63.2 59.4 60.9 55 49.8 61.3 69.1 65.1 76.1 73.7 80.7 78.7 79.2 74.5 66.6 60.9 57.3 54.8 45.2 63.5 71.2 74.4 75.7 82.8 79.7 47.6 48.3 59.3 72.7 69.9 71.6 74.6 75.5 75.5 75.5 75.5
-1.9 -1.9 -1.9 -1.9 -1.9 -1.9 -1.9 -1.9 -1.9 -1.9 -1.9 -1.9 -1.9 -1.9 -1.9 -1.9 -1.9 -1.9 -1.9 -1.9 -1.9 -1.9 -1.9 -1.9 -1.9 -1.9 -1.9 -1.9 -1.9 -1.9 -1.9 -1.9 -1.9 -1.9 -1.9 -1.9 -1.9 -1.9 18 22.8 15.2 20 23.6 42.2 66.2 79.6 79.1 78.8 69.9 64.2 60.3 54.2 60 62.7 69.5 77.3 78.9 87.8 87.4 79.7 79.3 70.3 67.5 62.6 59.5 57.2 64.7 74.8 80.2 88.6 90.1 77.8 48.6 44.6 62.6 73.7 72.9 79.3 79.8 75.5 80.5 75.5 75.5
-1.9 -1.9 -1.9 -1.9 -1.9 -1.9 -1.9 -1.9 -1.9 -1.9 -1.9 -1.9 -1.9 -1.9 -1.9 -1.9 -1.9 -1.9 -1.9 -1.9 -1.9 -1.9 -1.9 -1.9 -1.9 -1.9 -1.9 -1.9 -1.9 -1.9 -1.9 -1.9 -1.9 -1.9 -1.9 -1.9 5.5 11.5 15.1 23.3 18.1 19.8 24.2 48.2 63.3 76.9 81.1 87.5 71.5 63.6 60.1 59.1 59.5 63.3 72.8 81 81 91 91.9 87.7 86.4 79.9 78.7 67.8 67 69.3 78.3 84.8 88 95.8 98.6 81.2 60.5 45.5 65.6 76.2 79.2 82.6 82.8 83 88.4 81.3 75.5
-1.9 -1.9 -1.9 -1.9 -1.9 -1.9 -1.9 -1.9 -1.9 -1.9 -1.9 -1.9 -1.9 -1.9 -1.9 -1.9 -1.9 -1.9 -1.9 -1.9 -1.9 -1.9 -1.9 -1.9 -1.9 -1.9 -1.9 -1.9 -1.9 -1.9 -1.9 -1.9 -1.9 -1.9 19.9 2.6 12 16.5 17.7 26.7 22.5 21.1 22.3 51 67.7 74.4 83.4 91.3 79.8 65.6 64.8 62.3 59.5 64.1 79.5 89.6 87.3 95.6 100.2 91.6 92.1 84.9 80.5 70.1 69 80.3 85.9 91.5 93.8 103.6 104.4 91.7 66.6 49 60.8 69.8 80.3 84.9 84.9 87.2 98.3 82.3 75.5
-1.9 -1.9 -1.9 -1.9 -1.9 -1.9 -1.9 -1.9 -1.9 -1.9 -1.9 -1.9 -1.9 -1.9 -1.9 -1.9 -1.9 -1.9 -1.9 -1.9 -1.9 -1.9 -1.9 -1.9 -1.9 -1.9 -1.9 -1.9 -1.9 -1.9 -1.9 -1.9 -1.9 -1.9 23.2 25.6 20.2 20.1 19.8 26.8 25.8 22.5 25.3 53.1 71.7 77.6 86.9 98.4 86.6 69.3 70.3 68.5 70.9 67.9 87.4 100.1 89.1 97.1 100.8 98.9 97.6 88.9 88.9 78.1 70.3 78.2 87.5 100.8 98.8 101.8 109.8 96 68.6 50.1 53.3 72.1 80.2 85.6 88.6 90.1 101.2 82.7 75.5
-1.9 -1.9 -1.9 -1.9 -1.9 -1.9 -1.9 -1.9 -1.9 -1.9 -1.9 -1.9 -1.9 -1.9 -1.9 -1.9 -1.9 -1.9 -1.9 -1.9 -1.9 -1.9 -1.9 -1.9 -1.9 -1.9 -1.9 -1.9 -1.9 -1.9 -1.9 -1.9 -1.9 19.4 22.7 26.5 30.6 24.2 24.8 29.3 25.5 29.4 26.7 51 77.8 80.6 90.4 100.8 84.6 70.4 79.6 71.3 84.3 80.6 90.2 102.2 100.5 99.6 106.3 107.1 100 92.5 91.3 87.2 77.4 81.3 95.1 101 100.4 101.4 100.3 90.5 69.2 52.6 53.9 72 78 87.4 91.2 94.7 99.8 87.8 75.5
-1.9 -1.9 -1.9 -1.9 -1.9 -1.9 -1.9 -1.9 -1.9 -1.9 -1.9 -1.9 -1.9 -1.9 -1.9 -1.9 -1.9 -1.9 -1.9 -1.9 -1.9 -1.9 -1.9 -1.9 -1.9 -1.9 -1.9 -1.9 -1.9 -1.9 -1.9 -1.9 -1.9 15.2 20.3 26.7 35.5 28.2 28.2 29.2 28.7 33.5 30.2 48.7 75.7 82.1 93.2 100.6 88.1 72.2 87.9 82.6 89.8 101.1 90.3 106.9 110.6 108.4 112.5 112.7 105.1 99.6 97.3 93.7 86.9 89.3 102.8 105.4 103.5 103.3 101.9 76 64.3 52.5 54.7 66.4 74.8 85.9 95.8 100.3 102.5 93.1 76.1
-1.9 -1.9 -1.9 -1.9 -1.9 -1.9 -1.9 -1.9 -1.9 -1.9 -1.9 -1.9 -1.9 -1.9 -1.9 -1.9 -1.9 -1.9 -1.9 -1.9 -1.9 -1.9 -1.9 -1.9 -1.9 -1.9 -1.9 -1.9 -1.9 -1.9 -1.9 -1.9 -1.9 12.4 17.1 27 36.6 38.9 31.1 28.5 29.4 39.1 39.5 49.7 74.4 84.7 96.3 102.2 92.8 79.9 93.6 99.3 94.1 105.6 102.2 106.4 110.7 109.2 121.1 117.7 111.9 106.8 105.3 101.9 99.1 96.8 110.3 108.4 106.1 102.7 99.7 71.1 57.7 48.9 57.7 60 71.9 87.4 99.7 108.8 105 98.1 88.1
-1.9 -1.9 -1.9 -1.9 -1.9 -1.9 -1.9 -1.9 -1.9 -1.9 -1.9 -1.9 -1.9 -1.9 -1.9 -1.9 -1.9 -1.9 -1.9 -1.9 -1.9 -1.9 -1.9 -1.9 -1.9 -1.9 -1.9 -1.9 -1.9 -1.9 -1.9 -1.9 0.1 10 16.5 25.6 38.7 47.9 38.9 33.9 31.1 41.2 41.7 54.5 77 90.8 103.4 109.4 99.5 89.1 103.6 109.8 104.3 109.8 109.3 108.8 111.1 118.7 122.2 120.9 113.1 109.9 109.7 109.7 108 108.7 109.2 105 109.9 100.1 97.6 71.3 56.6 52.2 57.7 59.3 70.3 86.6 102.7 114.3 110.6 106.2 104.5
-1.9 -1.9 -1.9 -1.9 -1.9 -1.9 -1.9 -1.9 -1.9 -1.9 -1.9 -1.9 -1.9 -1.9 -1.9 -1.9 -1.9 -1.9 -1.9 -1.9 -1.9 -1.9 -1.9 -1.9 -1.9 -1.9 -1.9 -1.9 -1.9 -1.9 -1.9 10.3 11 15.9 22.1 29 37.5 40.7 39.5 37.1 38.6 47 51.2 60.6 83.4 97.5 110.5 111 103.9 97.8 112.5 116.9 111.5 109.2 114.7 112.6 115.4 123.4 128.9 122.2 114.1 112.6 113.8 114.7 112.1 111.8 110.2 109 100.3 89.8 91 76.2 54.3 58.5 59.9 59.2 70 88 102.6 110 110 110.6 116.8
-1.9 -1.9 -1.9 -1.9 -1.9 -1.9 -1.9 -1.9 -1.9 -1.9 -1.9 -1.9 -1.9 -1.9 -1.9 -1.9 -1.9 -1.9 -1.9 -1.9 -1.9 -1.9 -1.9 -1.9 -1.9 -1.9 -1.9 -1.9 -1.9 -1.9 5.5 18 19.3 19.9 24.8 30.6 35.5 38.5 40.1 39.5 45.3 52 65.2 72.9 89.9 102.3 115.3 120.5 108.1 104.7 119.3 126.5 118.9 114.3 120.1 119.6 119.4 127.5 133.4 128.6 122.4 117.9 118.4 118.1 117.6 119.5 114.6 110.1 90.2 79 81.5 75.2 59.8 69.6 63.2 61.4 68.4 77.3 91.3 101.6 110.8 111.7 120
-1.9 -1.9 -1.9 -1.9 -1.9 -1.9 -1.9 -1.9 -1.9 -1.9 -1.9 -1.9 -1.9 -1.9 -1.9 -1.9 -1.9 -1.9 -1.9 -1.9 -1.9 -1.9 -1.9 -1.9 -1.9 -1.9 -1.9 -1.9 1.8 2.7 15.2 20.9 20.2 20.5 25.3 28.8 32.4 37.6 40.7 42.4 48.7 57.8 69.5 79 94.1 106 112.4 127.1 116.2 109.8 124.9 130.2 125.5 124.3 119.1 119.6 120.1 133 140.7 134.9 131.6 126.8 119.1 119 120.1 119.4 116.5 108.6 90.1 79 79 81.2 66.9 70.8 61.5 64.4 71.4 74.8 88.5 95 104.7 103.6 110
-1.9 -1.9 -1.9 -1.9 -1.9 -1.9 -1.9 -1.9 -1.9 -1.9 -1.9 -1.9 -1.9 -1.9 -1.9 -1.9 -1.9 -1.9 -1.9 -1.9 -1.9 -1.9 -1.9 -1.9 -1.9 -1.9 -1.9 -1.9 3.5 7.3 19.5 21.8 25.3 27 28.2 30.2 32 39.6 40.7 48.9 50.7 55.2 68.7 79.5 94.6 108.9 116.5 128.6 120 115.9 130.2 132.8 129.2 131.3 127.5 122.1 129.6 124 137.7 135.2 136.5 131.2 123.1 119.8 123.3 119.3 111.6 96.3 84.7 79 79 88 70.6 70.4 65.4 71 77.4 81.9 87.4 91.2 96.5 84 90.7
-1.9 -1.9 -1.9 -1.9 -1.9 -1.9 -1.9 -1.9 -1.9 -1.9 -1.9 -1.9 -1.9 -1.9 -1.9 -1.9 -1.9 -1.9 -1.9 -1.9 -1.9 -1.9 -1.9 -1.9 -1.9 -1.9 -1.9 -1.9 12.2 22.2 27.7 27.8 30.4 39.2 31.4 32.6 33.5 34.7 38.6 43.7 52 57 59.1 67.8 88.6 105 117.8 123.7 120.8 119 126.6 130.3 130.2 137.3 132.3 128.8 133.8 133.5 132.9 138.9 140.9 129.8 125.3 119.1 116.3 114.9 102.1 88.4 79.6 79 84.2 85.2 75.2 71.9 70.3 74.1 82 91 92.7 91.5 90.9 74.3 71.2
-1.9 -1.9 -1.9 -1.9 -1.9 -1.9 -1.9 -1.9 -1.9 -1.9 -1.9 -1.9 -1.9 -1.9 -1.9 -1.9 -1.9 -1.9 -1.9 -1.9 -1.9 -1.9 -1.9 -1.9 -1.9 -1.9 -1.9 -1.9 13 25 29.6 33.7 39.7 47.7 41.9 38.9 37.6 33.9 39.8 44.2 59.2 59.4 60 59.1 75.5 94.6 113.5 122.8 126.3 119 127 133.9 135.8 139.7 141.2 139.4 139.7 150.7 145.6 137.4 147 137.1 131.2 126.8 112.3 105.2 94 82.7 79.5 80.1 87.8 87.5 75.2 72.1 71.1 74.8 83.1 90.2 98.6 90.5 89.6 85.2 59.9
-1.9 -1.9 -1.9 -1.9 -1.9 -1.9 -1.9 -1.9 -1.9 -1.9 -1.9 -1.9 -1.9 -1.9 -1.9 -1.9 -1.9 -1.9 -1.9 -1.9 -1.9 -1.9 -1.9 -1.9 -1.9 -1.9 -1.9 2.6 13.3 23.4 38.5 39 46.6 51.4 51 50.6 46.6 39.8 51.1 65.8 69.5 67.9 67.4 64.8 77.2 98.8 114.9 126.9 129 121.6 132.9 143 144.9 142.3 151.7 149.2 148.6 154.7 154.2 146.4 154.1 148.8 138.8 133.3 116.8 113.5 99.4 83.4 82.1 79.7 81.1 90.5 75.4 72.3 74.5 76.6 82.6 91 99.5 93.6 82.7 89.9 77.3
-1.9 -1.9 -1.9 -1.9 -1.9 -1.9 -1.9 -1.9 -1.9 -1.9 -1.9 -1.9 -1.9 -1.9 -1.9 -1.9 -1.9 -1.9 -1.9 -1.9 -1.9 -1.9 -1.9 -1.9 -1.9 -1.9 -1.9 3 15.5 26.4 40.5 44.3 54 59.8 59.3 61.1 54.3 54.7 52.7 70.9 74.8 73.6 73.1 73.4 79.5 99.5 116.6 127.1 129 128.8 133.3 148.7 159.7 149.4 157.8 152.4 157.3 160.8 161.2 155 160.4 160.7 142.4 134.7 129.1 128.8 119.6 115.4 89.5 80.2 79 87 76.1 75.2 77.9 79.1 84.5 93.3 99.5 89.6 82.2 87.1 81.2
