STL Generation/terr50_gagg_gb/data/NG63.asc
ncols 200
nrows 200
xllcorner 160000
yllcorner 830000
cellsize 50
[rows 152 to 189 of 200, columns 0 to 84 of 200]
51.2 50.2 48.9 50.2 49 51 44.9 43.3 41.7 40.8 35.9 35.3 35.5 34.9 33 35.5 32.8 31.1 25.3 16.5 13.8 12.8 10.7 8.4 6.7 10.4 9 15.5 16.8 17.1 14.8 12 9.1 8.1 2.6 -2.1 -2.1 -2.1 -2.1 -2.1 -2.1 -2.1 -2.1 -2.1 -2.1 -2.1 -2.1 -2.1 -2.1 -2.1 -2.1 -2.1 -2.1 -2.1 -2.1 -2.1 -2.1 -2.1 -2.1 -2.1 -2.1 -2.1 -2.1 -2.1 -2.1 -2.1 -2.1 -2.1 -2.1 -2.1 -2.1 -2.1 -2.1 -2.1 -2.1 -2.1 -2.1 -2.1 -2.1 -2.1 -2.1 -2.1 -2.1 -2.1 -2.1
56 55.4 54.2 53.5 50.4 50.5 48.9 46.5 44.8 44.9 40.6 42.3 44.8 43.9 40.6 37.7 37.4 34.3 28.1 24.8 22 18.1 13.9 9.5 14.1 17.4 15.5 18.9 19.9 19.8 19.8 15.6 17.8 18.8 12.4 10.8 -2.1 -2.1 -2.1 -2.1 -2.1 -2.1 -2.1 -2.1 -2.1 -2.1 -2.1 -2.1 -2.1 -2.1 -2.1 -2.1 -2.1 -2.1 -2.1 -2.1 -2.1 -2.1 -2.1 -2.1 -2.1 -2.1 -2.1 -2.1 -2.1 -2.1 -2.1 -2.1 -2.1 -2.1 -2.1 -2.1 -2.1 -2.1 -2.1 -2.1 -2.1 -2.1 -2.1 -2.1 -2.1 -2.1 -2.1 -2.1 -2.1
60.6 59.2 59.9 58.2 57.4 53.4 49.5 50.3 47.9 49.6 48 50.9 52.9 51.2 49.6 47.9 48.8 44.6 42.1 38.2 28.8 19.5 16 14.9 18.7 20.1 20.4 21.5 24.1 23.6 21.2 20.1 21.6 27.7 20.7 18.7 9.3 12.5 -2.1 -2.1 -2.1 -2.1 -2.1 -2.1 -2.1 -2.1 -2.1 -2.1 -2.1 -2.1 -2.1 -2.1 -2.1 -2.1 -2.1 -2.1 -2.1 -2.1 -2.1 -2.1 -2.1 -2.1 -2.1 -2.1 -2.1 -2.1 -2.1 -2.1 -2.1 -2.1 -2.1 -2.1 -2.1 -2.1 -2.1 -2.1 -2.1 -2.1 -2.1 -2.1 -2.1 -2.1 -2.1 -2.1 -2.1
66.1 64.7 64 61.2 59.4 56.2 53.3 51.4 50.5 53.7 54.9 56.9 60.1 57.5 57.6 58.6 60.7 57.8 55.2 52 42.8 32.3 21.1 19.8 22.4 25.6 25.3 25.2 29 30.4 29.1 28.1 27.7 28.1 26.8 27.1 23.6 19.1 -2.1 -2.1 -2.1 -2.1 -2.1 -2.1 1.2 3.5 -0.8 -2.1 -2.1 -2.1 -2.1 -2.1 -2.1 -2.1 -2.1 -2.1 -2.1 -2.1 -2.1 -2.1 -2.1 -2.1 -2.1 -2.1 -2.1 -2.1 -2.1 -2.1 -2.1 -2.1 -2.1 -2.1 -2.1 -2.1 -2.1 -2.1 -2.1 -2.1 -2.1 -2.1 -2.1 -2.1 -2.1 -2.1 -2.1
69.9 69.6 68.3 65 60.8 60.6 58.7 56.7 57.3 58.4 60.1 60.6 60.5 61.6 64.9 67.3 67.6 63.5 64.4 61.3 57.7 51.6 41.5 32.8 28.9 28.2 27.8 28.7 33 39 38.3 38.2 37.9 40.2 34.5 30.6 30.7 27 19.2 18.2 -2.1 -2.1 -2.1 -2.1 12 13.9 12.8 -2.1 -2.1 -2.1 -2.1 -2.1 -2.1 -2.1 -2.1 -2.1 -2.1 -2.1 -2.1 -2.1 -2.1 -2.1 -2.1 -2.1 -2.1 -2.1 -2.1 -2.1 -2.1 -2.1 -2.1 -2.1 -2.1 -2.1 -2.1 -2.1 -2.1 -2.1 -2.1 -2.1 -2.1 -2.1 -2.1 -2.1 -2.1
75.2 73.7 71 68.9 65.1 63 61.1 60.7 60.8 61.1 64.3 65.5 65.2 67 69.9 72.1 70.4 69.3 71.5 69.2 64.9 63.4 59.4 52.5 41.4 31.8 29.4 29.6 35.1 42.2 46.1 47.5 46.6 47.2 44 36.6 35.1 31.3 31.7 28.7 23.7 -2.1 -2.1 -2.1 16.3 20.8 20.5 -2.1 -2.1 -2.1 -2.1 -2.1 -2.1 -2.1 -2.1 -2.1 -2.1 -2.1 -2.1 -2.1 -2.1 -2.1 -2.1 -2.1 -2.1 -2.1 -2.1 -2.1 -2.1 -2.1 -2.1 -2.1 -2.1 -2.1 -2.1 -2.1 -2.1 -2.1 -2.1 -2.1 -2.1 -2.1 -2.1 -2.1 -2.1
80.6 76.6 74.5 72.5 69.3 68.3 66.3 64.2 64.7 66.4 68.1 69.5 69.5 72.1 75.9 78 74.5 78 78.9 77.7 73.7 72.5 68 62.3 55.5 49.1 38.3 32.9 42.2 47.2 48.6 51.6 54.8 55.4 52.9 45.5 41.5 40.2 41.9 37.1 34.6 18.7 2.8 5.1 21.9 27.2 24.6 12.7 -2.1 -2.1 -2.1 -2.1 -2.1 -2.1 -2.1 -2.1 -2.1 -2.1 -2.1 -2.1 -2.1 -2.1 -2.1 -2.1 -2.1 -2.1 -2.1 -2.1 -2.1 -2.1 -2.1 -2.1 -2.1 -2.1 -2.1 -2.1 -2.1 -2.1 -2.1 -2.1 -2.1 -2.1 -2.1 -2.1 -2.1
84.4 79.8 77.4 75.1 71.4 70.8 69.3 68.1 68.7 69.4 71.6 74.7 76.3 80.3 81.1 81 83.5 84.4 87.4 85.9 81 77.2 73.1 68.6 62.6 56.7 48.8 39.1 51.6 56.3 55.8 55.6 60.4 60.7 56.6 54 49.5 44.6 43.6 43.5 39.5 20 6.3 17.1 25.9 29 21.8 9 -2.1 -2.1 -2.1 -2.1 -2.1 -2.1 -2.1 -2.1 -2.1 -2.1 -2.1 -2.1 -2.1 -2.1 -2.1 -2.1 -2.1 -2.1 -2.1 -2.1 -2.1 -2.1 -2.1 -2.1 -2.1 -2.1 -2.1 -2.1 -2.1 -2.1 -2.1 -2.1 -2.1 -2.1 -2.1 -2.1 -2.1
86.3 81.5 79 76.5 73.5 71.8 72.2 71.2 71 72.7 76.7 80.4 84.3 88 87.6 84.7 89.2 90.6 91.2 91.6 85.2 79.8 78.4 74.4 68.3 63 61.1 58.3 49.6 58.6 61 62 57.9 61.1 60.7 60.3 59 56.7 49.3 50.1 49.7 31 17.5 11.9 26.6 25.2 18.2 13.1 9.8 7.1 -2.1 -2.1 -2.1 -2.1 -2.1 -2.1 -2.1 -2.1 -2.1 -2.1 -2.1 -2.1 -2.1 -2.1 -2.1 -2.1 -2.1 -2.1 -2.1 -2.1 -2.1 -2.1 -2.1 -2.1 -2.1 -2.1 -2.1 -2.1 -2.1 -2.1 -2.1 -2.1 -2.1 -2.1 -2.1
88.1 83.5 80.2 78.5 79.2 77.8 76 75.4 76 77.7 82.6 88.5 91.9 95.3 96.3 92 96 97.8 99.9 96.9 91.7 85.4 80.4 79.6 74.6 68.9 66.6 65.2 63.6 59.8 68.8 70.9 67.6 64.7 63 65.3 66.1 67.9 59.1 59.4 58.4 42.8 30.1 20.3 23.3 22.6 20.4 16.7 16.6 18.2 15.6 -2.1 -2.1 -2.1 -2.1 -2.1 -2.1 -2.1 -2.1 -2.1 -2.1 -2.1 -2.1 -2.1 -2.1 -2.1 -2.1 -2.1 -2.1 -2.1 -2.1 -2.1 -2.1 -2.1 -2.1 -2.1 -2.1 -2.1 -2.1 -2.1 -2.1 -2.1 -2.1 -2.1 -2.1
89.9 86.7 85.2 82.6 81.6 79 80.1 80.3 80.4 83.8 89.3 95.7 98.7 102.6 103.9 99.6 101.1 102.3 102.7 101.3 98.3 92.5 87.1 84.8 80.8 77.8 75.9 73.3 74.7 69.3 68.8 69.6 70.8 69.7 68.9 68.8 70.6 71 70.3 67.9 65.5 51.1 37.9 24.8 25.8 27 25.8 21.8 24 21.7 17.6 9.5 -2.1 -2.1 -2.1 -2.1 -2.1 -2.1 -2.1 -2.1 -2.1 -2.1 -2.1 -2.1 -2.1 -2.1 -2.1 -2.1 -2.1 -2.1 -2.1 -2.1 -2.1 -2.1 -2.1 -2.1 -2.1 -2.1 -2.1 -2.1 -2.1 -2.1 -2.1 -2.1 -2.1
91.7 91.9 90 87.4 85.3 79.6 83.4 83.9 86.9 91.4 93 100.3 105.6 108.5 109.1 106.8 106.3 108 106.4 104.9 103 97.8 94.9 92.1 90.4 87.3 84 79.7 80.2 76.8 76 68.9 70.6 79.2 77.8 74.7 74 72.3 70.8 71.4 69.5 56.4 44.4 31.5 31.8 34.5 31.4 29.1 31.1 25.1 18.8 12.8 9.3 -2.1 -2.1 -2.1 -2.1 -2.1 -2.1 -2.1 -2.1 -2.1 -2.1 -2.1 -2.1 -2.1 -2.1 -2.1 -2.1 -2.1 -2.1 -2.1 -2.1 -2.1 -2.1 -2.1 -2.1 -2.1 -2.1 -2.1 -2.1 -2.1 -2.1 -2.1 -2.1
96.4 96.8 94.5 91.3 89.2 85.8 87.2 89.5 93.3 97.1 101.3 106.4 111.8 114.2 116.1 114 111.3 111.9 109.9 110.1 107.2 108.9 104.4 101.6 97.2 93.7 91.9 86.7 85.7 84.8 81.5 75.3 76.9 81 81.6 81.8 81.9 81.7 74.8 76.5 69.3 60.6 49 35.3 30.6 38.2 38.5 38.9 43 35.9 26.4 20.7 17.8 17.4 14.2 10.1 -2.1 -2.1 -2.1 -2.1 -2.1 -2.1 -2.1 -2.1 -2.1 -2.1 -2.1 -2.1 -2.1 -2.1 -2.1 -2.1 -2.1 -2.1 -2.1 -2.1 -2.1 -2.1 -2.1 -2.1 -2.1 -2.1 -2.1 -2.1 -2.1
99.9 101.7 99.7 98.5 95.3 90.1 91.1 95.2 100.7 104.9 109.2 113.7 118 119.6 120.5 121.5 120.8 121.3 120.1 118.9 115.2 114.8 110.5 108.9 103.9 99.7 99.3 93.2 91.3 92.1 89.4 86.6 80.6 80.3 82.8 84.3 82.8 82.2 79.4 76.9 70.5 63.4 51 36.5 34.6 45 50.8 51.6 52.9 54.3 41.9 41.8 34.9 31.8 22.3 18.1 8.1 -2.1 -2.1 -2.1 -2.1 -2.1 -2.1 -2.1 -2.1 -2.1 -2.1 -2.1 -2.1 -2.1 -2.1 -2.1 -2.1 -2.1 -2.1 -2.1 -2.1 -2.1 -2.1 -2.1 -2.1 -2.1 -2.1 -2.1 -2.1
106.7 105.9 105.3 103.4 99.4 91.9 95.7 102.9 109.5 112.4 116.9 121.3 122.4 124.7 129.8 128.1 129.6 130.8 127.4 126.6 123.1 124 121.4 116.2 110.9 110.4 107.3 102 99.9 99.8 96.5 92 88.2 88.4 78.6 84.2 81.5 80.8 78.9 79.5 77 68 55.8 42.8 45.5 58.2 59.9 67.1 62.4 63.9 52.8 54.8 49.1 43.8 38.7 32.7 28.3 -2.1 -2.1 -2.1 -2.1 -2.1 -2.1 -2.1 -2.1 -2.1 -2.1 -2.1 -2.1 -2.1 -2.1 -2.1 -2.1 -2.1 -2.1 -2.1 -2.1 -2.1 -2.1 -2.1 -2.1 -2.1 -2.1 -2.1 -2.1
107.7 109.2 106.3 104.5 99 96.4 100.9 108 114 116.3 120.1 126.4 127.6 130.5 133.2 134.5 135.7 137.1 136 134.5 132.4 133.5 130.8 126.2 121.2 120.2 116.5 111 106.7 107.8 105 101.5 95 95.5 85.1 75.3 79.3 81 81 80.9 79.8 69.2 57.6 46.1 56.2 70.7 73.9 74.1 77.9 73.3 65.6 64.2 60.6 55.7 50.2 43.9 38.5 32.5 14.8 -2.1 -2.1 -2.1 -2.1 -2.1 -2.1 -2.1 -2.1 -2.1 -2.1 -2.1 -2.1 -2.1 -2.1 -2.1 -2.1 -2.1 -2.1 -2.1 -2.1 -2.1 -2.1 -2.1 -2.1 -2.1 -2.1
113.6 107.8 105.7 103.6 101.5 101.8 105.4 112.2 119.5 121 123.6 128.3 131.7 134.7 137.2 139.8 141.6 143.9 144.3 142.8 140.7 142.1 139.5 135.6 131.8 130.4 124.1 117.7 110.6 113.8 112.6 109.4 105.2 102.1 94.8 80 74.6 79.1 81.2 81.6 79.7 71.1 60.7 54.7 60.8 75.2 86.3 84.8 82 80.3 76.7 73.3 72.9 68.9 60.7 56.1 45.3 36.6 18.7 -2.1 -2.1 -2.1 -2.1 -2.1 -2.1 -2.1 -2.1 -2.1 -2.1 -2.1 -2.1 -2.1 -2.1 -2.1 -2.1 -2.1 -2.1 -2.1 -2.1 -2.1 -2.1 -2.1 -2.1 -2.1 -2.1
122.3 115.3 109.2 103.7 102.5 106.8 110.7 115.9 124.2 129.3 130 133.4 137.4 138.2 139.8 144.5 150 152.5 151.9 150.2 148.2 151.1 148.4 144 142.8 138.6 132.7 126.9 122.4 123.7 120.3 117.5 111.4 110.1 104 91.6 73.2 73 78.6 81.2 79.5 73.2 64 54.3 62.2 75.4 91 95.2 91.9 85.1 83 80.5 79.6 80.2 69 65 56.2 40.9 21.9 -2.1 -2.1 -2.1 -2.1 -2.1 -2.1 -2.1 -2.1 -2.1 -2.1 -2.1 -2.1 -2.1 -2.1 -2.1 -2.1 -2.1 -2.1 -2.1 -2.1 -2.1 -2.1 -2.1 -2.1 -2.1 -2.1
126.8 121.6 118.3 113.1 108.7 106.3 111.1 118.9 129.3 132.1 135.7 139.4 145.5 145.3 146.6 152.3 157.9 161.2 159.3 155.7 152.3 153.9 152.3 151.1 153.1 148 142 135.9 131.1 131 129 125 118.6 119.1 113.7 102.7 84.7 75.1 72.2 78.7 79.5 75 67 56.2 58.9 69.7 90.7 99.2 103.9 92.4 85.4 84.6 85.2 87.8 78.8 75.5 67.9 61.4 51.4 31.5 -2.1 -2.1 -2.1 -2.1 -2.1 -2.1 -2.1 -2.1 -2.1 -2.1 -2.1 -2.1 -2.1 -2.1 -2.1 -2.1 -2.1 -2.1 -2.1 -2.1 -2.1 -2.1 -2.1 -2.1 -2.1
130.3 128.9 126.4 122.3 116.7 109.8 107 113.5 126.7 135 140.3 150.1 153.1 152.3 156 160.1 164.4 167.4 168.3 164.3 163.6 158.9 160 159 159.7 156.1 150.2 144.5 138.4 135.7 135.4 132.2 122.5 120.8 117.8 109.1 96.8 82.7 75.5 74 76.6 74.1 68.1 59.3 61.8 75.4 91.2 101.5 111.3 111 94.2 88.6 91.2 99.4 88.7 88.2 76.2 68.5 62.9 44.8 29.1 18 -2.1 -2.1 -2.1 -2.1 -2.1 -2.1 -2.1 -2.1 -2.1 -2.1 -2.1 -2.1 -2.1 -2.1 -2.1 -2.1 -2.1 -2.1 -2.1 -2.1 -2.1 -2.1 -2.1
137.5 136.9 132.4 127.2 120.6 114.1 112.1 113.4 117.6 134.9 147.9 154.8 158 159.9 165.8 169.3 170.3 174.9 178.4 175.8 173.3 168.3 166.5 167.1 164.9 162.8 160.4 153 145.8 139.9 142.8 137.5 130.8 127.4 122.2 114.7 106.8 90.1 81.3 74.7 71.2 71 67.7 61.4 60.2 68.4 91.3 104.6 116.4 117.7 111.4 97.4 96.4 100.7 95.3 91.3 83.7 72.7 67.2 55.8 41.1 22.5 10.8 -2.1 -2.1 -2.1 -2.1 -2.1 -2.1 -2.1 -2.1 -2.1 -2.1 -2.1 -2.1 -2.1 -2.1 -2.1 -2.1 -2.1 -2.1 -2.1 -2.1 -2.1 -2.1
141.9 142.2 137.7 133.4 126.3 119.6 118.1 119.1 114.9 128.8 147.5 158.8 164 167.6 172.3 176 178.7 181.7 185.5 187.7 181.9 175.1 171.7 172.5 169.1 168.4 167.7 162.7 155.7 149.2 150.5 147.3 140 133.8 128 121.7 107.4 96.1 88.5 78.5 69.2 69.4 66.4 62.9 60.9 68.8 92.9 109.9 121 119.6 112.8 108.4 101.4 99 100.6 99.3 91.9 80.4 74.9 65.1 51.7 33.8 23.9 13.3 -2.1 -2.1 -2.1 -2.1 -2.1 -2.1 -2.1 -2.1 -2.1 -2.1 -2.1 -2.1 -2.1 -2.1 -2.1 -2.1 -2.1 -2.1 -2.1 -2.1 -2.1
147 146.8 143.1 140 136.5 129.3 122.2 120.2 125.8 135.7 149 160.1 168.3 175.3 180.5 184.2 185.7 189.7 190 190.6 186.2 181 178 179.2 177.3 178.4 177.5 172.5 169 159.6 154.8 150.9 146.7 140.1 132.5 123.3 109.9 103.4 93.3 83.1 73.2 65.2 61.8 66.4 64.8 71.2 89.4 110 121.1 121 116.6 112.2 110.6 98.8 100.1 98.7 94.8 85 76.9 71.1 58.3 51.5 50.1 40.3 25.8 21.8 -2.1 -2.1 -2.1 -2.1 -2.1 -2.1 -2.1 -2.1 -2.1 -2.1 -2.1 -2.1 -2.1 -2.1 -2.1 -2.1 -2.1 -2.1 -2.1
151.5 151.1 149.4 147.6 144.4 137.2 128.2 125.4 130.3 141.5 152.3 165.7 177.7 186.3 192.2 192 194.4 196.5 193.9 191.8 188.2 186.2 185.3 183.8 183.2 185.7 182.7 178.6 177.1 167.6 160.9 156 152.3 145.9 137.1 128.2 122.1 114.3 93.5 90.9 80 68.1 60 63.8 62.6 73.1 86.5 102.8 118 120.5 118.7 112.3 113.2 106.9 101.4 101.5 96.6 91.1 84.2 79 70.8 59.3 59 48.3 35.7 30.2 29 20.8 -2.1 -2.1 -2.1 -2.1 -2.1 -2.1 -2.1 -2.1 -2.1 -2.1 -2.1 -2.1 -2.1 -2.1 -2.1 -2.1 -2.1
156.1 156.5 154.9 153 150.2 145.4 136.8 132.8 140.7 142.2 154.4 166.9 183.4 194.3 202.1 202.9 203 200.5 199.6 198.4 196.4 192.1 193.3 191.4 190.7 190.9 187.7 185.1 182.4 173 161.8 161.2 159.1 151.8 142.9 134.4 130.5 116.2 101.4 96.8 84.4 74.3 67.1 62.1 63.1 68.9 87 94.1 109.7 118.7 122.2 124.6 128.1 120.6 109.4 104.5 99.1 97.8 97 93.2 85.3 69 58.7 51 40.8 39.9 37.9 36.1 27.6 -2.1 -2.1 -2.1 -2.1 -2.1 -2.1 -2.1 -2.1 -2.1 -2.1 -2.1 -2.1 -2.1 -2.1 -2.1 -2.1
158.8 160.4 158.2 158.2 158.4 154.4 148.1 143.8 143 151.5 155.9 166.6 181.5 193.8 199 212 211 207.2 204.7 204.4 203.2 202.1 203.4 200.3 200.7 198.9 192.6 190.6 183.7 173.3 168.2 170.3 164.7 158.4 147.3 141.4 136.4 121.6 110.1 104.3 89.4 77.1 70.5 65.6 64.4 71.4 86 96 106.2 121.1 124.4 129.1 138.1 142.6 122.1 114 108.7 106.4 106.7 101.9 99.2 87.4 62.7 55.7 51.3 48.9 46.5 46.1 37.3 -2.1 -2.1 -2.1 -2.1 -2.1 -2.1 -2.1 -2.1 -2.1 -2.1 -2.1 -2.1 -2.1 -2.1 -2.1 -2.1
164 168.9 169.2 167.5 167.1 164.9 157.3 154.5 152.5 161.6 170.1 176.7 184.9 190 194.8 204.4 210.2 211.4 209.2 211.8 209.9 210.7 212.2 210.4 206.8 203 197.7 191.1 185.7 179.2 175.7 173.6 170.1 163.7 152.3 148.5 142.7 129 120.5 113.6 95.5 79.1 72.4 67.6 66.4 79.7 86 101.4 109.3 119.2 124.8 128.6 137.3 143 134.2 124.1 118.8 115.7 110 109.9 102.9 94.9 77.1 67.4 61.6 56 53.4 52.1 47.8 35.7 -2.1 -2.1 -2.1 -2.1 -2.1 -2.1 -2.1 -2.1 -2.1 -2.1 -2.1 -2.1 -2.1 -2.1 -2.1
168.4 175.4 178.9 177.6 175.8 172.6 162.2 160.1 163.7 169.6 177.9 186.9 194.6 196.7 197.5 194.2 201.1 207.1 211.3 219.6 218.3 217 217.9 216.5 213.1 210 205 196.5 188.7 185.6 185.3 182.4 175.4 170.4 155.2 156 149.9 136.2 128.8 119.7 97.6 84.9 78.8 72.1 65.6 85.1 95.2 101.8 109.4 118.9 124.7 129.4 137.2 139.2 138.6 130.2 124.3 120.7 113.7 114.3 105.5 91.8 82.5 79.2 72 64.6 62.1 59.5 54.6 43.9 27.7 -2.1 -2.1 -2.1 -2.1 -2.1 -2.1 -2.1 -2.1 -2.1 -2.1 -2.1 -2.1 -2.1 -2.1
172.7 181.9 187.1 187.1 183.6 177.8 170.2 168.7 173.3 177.5 183.4 196.5 202.5 207.2 211.1 211.7 199.4 201.5 204.1 221.8 221.2 220.1 220.6 219.9 219.6 218.6 209.1 202.3 197.7 191.7 193.3 186.2 178.6 172.4 163.5 161.2 153.5 140.7 134.5 123.6 106.4 93.6 83.4 78.1 71.1 92.9 105.2 107 107.8 116.8 127.2 136.8 145.1 143.4 140.9 140.7 130.5 124 115 113 109.2 97.6 86.7 83.6 79.8 70.9 70.8 66 58.3 48.2 38.6 23 -2.1 -2.1 -2.1 -2.1 -2.1 -2.1 -2.1 -2.1 -2.1 -2.1 -2.1 -2.1 -2.1
180.3 187.2 195.8 195.4 189 183.2 177.1 178.2 182.4 186.9 192.6 207.1 214.9 221.2 226.4 231.1 225.1 213.9 204 209.6 218.4 219.7 222.2 224.4 221.9 220.4 213.6 208.6 201.9 201.7 197 185.8 182.2 176.6 170.9 165.7 155.6 146.3 139.1 123.8 110.7 98.3 88.9 86.6 89.3 97.6 106 110.7 109 111.4 125.2 140.4 152.7 154.7 148.7 144.5 140.2 131.8 117.8 113.6 110.5 105.6 93.9 88.5 84.5 79.1 81 73.3 62.3 54.4 45.8 30.6 16.5 -2.1 -2.1 -2.1 -2.1 -2.1 -2.1 -2.1 -2.1 -2.1 -2.1 -2.1 -2.1
187.2 195.6 199.8 197.2 191.7 187.9 184.1 187.8 194.1 200.1 206.5 219.1 229.1 235.2 238.9 243.3 245.5 237.9 220.1 207.3 214.5 218.3 222.1 225.7 222.9 221 218 213.3 206.3 206.5 199.3 189.5 183.6 179.3 173.4 168.8 160.4 149.7 134.5 122.2 110 100.3 96.9 97.3 97.6 101.5 108.8 119.7 121 116 117.5 136.8 150.5 151.4 151.9 147.6 140.8 129.8 120.8 120 113.9 109.5 100.5 91.7 87.9 89.4 86.2 81.4 70.5 61.7 53.4 36.4 25.9 12.1 -2.1 -2.1 -2.1 -2.1 -2.1 -2.1 -2.1 -2.1 -2.1 -2.1 -2.1
189 198.3 199.5 196.8 195.1 193.8 191.9 193.7 199.3 216.2 224.3 231 240.3 249.2 252.2 252.6 255.2 256.9 246.3 223.7 216.6 224.1 223.4 222.9 223 223.5 221.8 220.7 213.3 208.8 200.9 193.6 185.6 179.8 175 164.6 152.6 135 129.9 131 124.7 113.1 106.1 101.3 99.5 111.2 119.6 130.6 133 130.2 118.1 126.1 142.7 145.4 147.7 150.4 138.8 120.9 118.3 118.7 113.7 110.2 104.3 97.3 91.1 95.7 94.3 90.3 80.1 70.6 59.8 48.2 24.6 16.3 -2.1 -2.1 -2.1 -2.1 -2.1 -2.1 -2.1 -2.1 -2.1 -2.1 -2.1
189.8 194.3 196.3 198.9 200 201 202 202.2 206.1 229.5 238.2 244.4 250.3 261.1 264.6 262.8 262 258.8 260.6 246.1 224.4 225.6 231.3 229.2 223.3 222.7 222 221 216.5 209.3 202.3 194.5 187.4 181.9 173.2 160.8 160.3 158.9 156.8 149.1 137.9 125 114.5 107.5 107.3 124.1 130.3 138.5 139.9 138.7 126 124.7 140.4 143.8 145.1 149.6 135.9 117.7 112.8 115.6 112.8 109.7 107.6 102.1 95.1 98.4 98.3 97 92 80.2 68.6 62.9 43.2 26.5 -2.1 -2.1 -2.1 -2.1 -2.1 -2.1 -2.1 -2.1 -2.1 -2.1 -2.1
189.6 196.1 199.1 203.6 207.1 208.8 209.4 209.8 218.8 235.3 250.6 256.5 261 271.1 274.3 274 271.7 267 267.2 265.2 244.2 229.9 231.1 232.4 227.6 226.4 223.4 217.1 212.6 205.1 199.4 194.6 185.4 179.4 169.2 168.7 163.1 167.7 165.5 157.2 148.4 140.6 127.2 122.5 120 138.5 141.2 144.6 146.2 143.3 131.7 128.6 138.7 145.6 144.9 142.9 130.9 119.8 113.1 107.5 108.5 109.3 107.8 105 99.3 102.8 102.6 102.2 97.1 90.1 80.6 72.6 55.1 41.5 -2.1 -2.1 -2.1 -2.1 -2.1 -2.1 -2.1 -2.1 -2.1 -2.1 -2.1
193.7 199.5 202.6 208.6 213.6 218.1 222.2 220.9 231.2 241 257 267.5 272.6 279 280.3 280.7 280.4 278.2 276.5 271.9 261.5 248.9 237.4 233.8 229.6 228.1 227.2 216.4 209.2 196.9 191.3 188.5 183 180.1 182.3 180.7 170.5 173.8 170.7 161.6 157.7 151.1 143.4 136.4 135.8 150.7 150 150.9 150.7 148.2 142.7 141 134.8 145.4 148.9 141.3 129.9 122.9 115.8 108.7 109.1 106.4 105.4 104.7 102.7 105.9 104.4 102.2 103 97.5 89.1 79.9 65.2 50.9 23.4 -2.1 -2.1 -2.1 -2.1 -2.1 -2.1 -2.1 -2.1 -2.1 -2.1
203.2 207.1 212.1 217 222.5 228.2 234.4 231.8 240 248 261.5 273.5 281.6 288.8 290.8 290.6 290.5 289.2 284.7 279 271.5 266.3 245 235.6 230.5 224.7 219 215.2 207.7 191 183 183 183 185 190.1 188.8 186.1 181.9 178.6 168.9 169.2 165.8 160.1 153.5 152.9 168.2 167.6 162.9 161.9 153.9 150.4 149.1 146.1 142.2 142.8 140.3 133.5 124.9 115.1 109.5 106 104.7 104 103.9 106.1 109.2 106.2 106.2 104.5 101.8 96.2 88.8 77.2 60.5 36.3 -2.1 -2.1 -2.1 -2.1 -2.1 -2.1 -2.1 -2.1 -2.1 -2.1
212.9 217 221.7 227.1 235.8 243.5 249.7 244.7 247 255.8 264.9 274.4 279.3 283.6 297 300.8 294.9 290.2 288 280 280 272.2 251.7 240.9 243.9 235.2 220.6 204.8 195.3 188.4 183 183 183 183.7 188.6 192.1 191.6 191.2 188.5 183.6 179.3 174.9 172.9 166.9 177.1 183.8 180.6 174.1 166.6 159.5 158.7 163.7 153.3 142.1 140.1 141 135.9 121.3 117.9 113.2 108.9 104.7 103.6 107.6 108.5 112.8 110.2 107.5 105.4 104.4 103.8 100.5 86.2 67.1 52.7 -2.1 -2.1 -2.1 -2.1 -2.1 -2.1 -2.1 -2.1 -2.1 -2.1
227.7 228.4 236.1 245.3 252.7 258.4 263.1 257.7 257.2 264.9 274.6 279.4 280.8 282 288 289.7 291.2 290.1 289.2 284.5 283 269.6 249 242 245 235.1 227.5 210.7 196 183 183 183 183 183 183.8 187 191.4 195.2 193.2 196.3 188.3 184.1 183.5 182.7 191.2 196.5 196.1 188.7 180.8 168.2 164.4 170 158.7 146.8 149.7 139.5 138 125.7 119.1 113.9 109.7 107.4 109.6 111.2 112.2 117.7 120.4 120.5 111.4 109.9 110.5 109 93 79.5 72.5 41.3 -2.1 -2.1 -2.1 -2.1 -2.1 -2.1 -2.1 -2.1 -2.1
