STL Generation/terr50_gagg_gb/data/NG84.asc
ncols 200
nrows 200
xllcorner 180000
yllcorner 840000
cellsize 50
[rows 70 to 104 of 200, columns 0 to 79 of 200]
822.2 828.4 833.2 838.9 822 778.1 751.4 796.7 794.4 805.7 814.3 766.4 724.1 694.5 663.6 643.2 631 617 593.7 566.4 544.6 507.4 479.2 438.9 397.8 375.8 359.9 347.1 326.9 316.3 303 296.6 291.2 284.1 283 283.2 283 286 290.7 298.5 305.6 310.8 318 332.1 338.2 352.8 362.9 365.4 367.5 370.5 378.6 368.6 362.9 362.7 361 354.5 354.6 343.5 340.6 336.1 328.1 317 302.7 291.5 280.8 269.8 259 257.8 253 248.1 240.5 230.6 231.1 231.1 229.1 229.8 225.2 220.5 215.5 210.9
812.2 818.6 823.6 827.3 827.2 801.6 777.5 825 841 844.8 836 783.7 741.2 705.7 672.2 648.3 625.4 609.6 590.8 560.7 543.1 507.6 486 450 414.1 383 361.6 347.4 328.9 317.9 308.3 300.5 292.4 286.7 283 283 283 283 285.2 292.5 301.3 306.5 313.2 321.6 332 335 345.9 353.4 354.1 363 371.4 364.9 356 350 347.4 347.7 343.2 333.4 328.1 327.5 319.5 306.2 293.7 280.8 273.9 263.5 256.8 251.4 247 244.8 241.2 230.2 228.8 227.3 225.2 225.9 221.8 220.8 208.3 209.2
803.5 808.8 814.4 818.7 821.5 820.2 803.9 829.5 838.3 840.4 832.4 787.7 749.7 712 682.1 653.1 625.9 612.6 595 567.5 545.5 512.8 493.1 455.4 420.4 386.3 365.9 349 330.3 321.7 307 301.6 291.4 288 283 283 283 283 283 288.6 296.7 303.6 306.9 314.7 324.1 328.4 336.8 343 347.3 348.2 354.4 351.9 344.6 340.9 334.5 337.6 329.3 321.3 317.6 316.1 313.5 300.6 287.3 276.2 267.6 260.3 252.7 246.4 241 240.9 235.8 230.3 225.4 220.1 220.7 221.4 219.2 215.1 203.4 201.6
794.3 799.8 806 811.8 817 817.8 818.7 824.8 832.2 836.7 829.9 792.2 756.5 718.7 694.3 658.1 633.5 624.8 604.8 577.9 549.4 515.3 494.1 468.6 434.5 401.3 375.3 354.3 338.2 326.2 313 305.3 296.7 288.1 283.3 283 283 283 283 283.2 290.3 297.9 302.3 308.9 315.1 322.5 332.7 339.6 335.4 335.4 336 340.9 335.6 325.8 323.4 319.5 317.8 313.5 309.7 305.3 305.3 290.2 278.9 267.7 264 259.6 251.5 245 239.1 235.4 231.9 226.1 221.4 218.7 219.9 220.7 213.1 208.2 198.7 201.5
784 793.4 798.3 805.9 811.5 810.1 810.9 819.7 829.9 830.6 832.5 799.2 765.8 733 712.3 671.3 646.2 635.6 619.1 591.4 562.8 526.6 494.4 474.2 441.6 410.1 380.6 355.5 341.5 329.7 319.5 310 301.4 292.6 286.9 283 283 283 283 283 285.7 291.3 297.9 299.7 301.5 309 314.8 326.2 328.4 322.5 325.8 326.8 318.9 316.6 312.5 310 309.1 303.6 300.3 291 289.8 283.7 272.9 262.2 257.7 253.6 247.6 242.7 238.7 232.5 228.9 224 218.7 218.9 219.1 217.7 211.8 203.5 199.1 199.7
783.8 789.5 794.8 802.6 806.8 806.9 807.9 818.6 829.2 816.1 819 781.5 775.7 750.6 715.8 696.5 662.4 648.5 636.9 605.6 587.4 540.6 496.5 480.6 445.6 415.2 385.4 362.8 348.6 336.3 324.1 313.4 307.3 299.3 289.7 288.1 285.5 286.7 285.4 283 283 288.1 289.3 286.1 288.4 298.6 303.8 312.4 314.8 316.4 314.8 315.1 312.2 307.8 301 304.4 301.8 295.8 287.5 280.3 278.7 275.3 264.8 255.7 251.6 247.6 242.5 239.7 236.9 232.3 228.8 229.1 218.7 219.4 218.4 214.5 209.9 202.4 196.1 193.8
783.8 789.7 795.7 801.9 804.7 803.9 799.8 794.1 822 797.4 764.5 748 744.6 735.7 716.4 701.1 675.2 659.5 651.3 623 599 559.2 502.6 482.7 459.6 422.8 391.6 373.8 358 340.8 329.4 321.7 314.8 307.3 291.6 289.3 289.3 289 288.7 284.8 283 283 283 279.3 278.5 286.7 293.7 297.5 301.4 305.5 304.1 299.1 299.4 296.5 291 289.4 291.9 288.2 286 280.7 271.2 265.7 258.6 249.6 245.6 241.8 237.4 231.5 231.9 230.7 228.5 228.8 220.5 218.5 215.4 211.9 211 201.1 195.4 188.4
788 790.7 796.5 802.4 792.7 780.1 769.5 753.2 791.8 754.1 720 705.2 699.3 694.5 684.1 692.2 674.2 661.2 657.6 630.5 607.4 575.8 512.6 483.6 465.2 427 392.8 376.1 356.5 341.8 333.5 329.5 324 313.1 297.7 297.6 301.6 296.4 290.7 286.3 283 283 283 280.8 279.2 278.6 283 285.1 288 293 292.5 286 282.6 283.4 277.9 279.8 282.3 283.6 281 273.3 268.1 256.4 248.6 242.9 238.7 234.4 229 228.8 231.2 231.1 225.7 219.9 218.9 216.3 212.3 208.6 206.6 201.2 196 190.7
794.6 796.2 788.5 768.1 737.8 728.6 717.9 719.4 739.2 700.1 670.4 655.3 652.8 649.7 648.8 662.7 665.7 659.4 650.6 634.3 611.1 575.8 520.4 486.5 465 422.5 394.5 374.4 359.4 344 333.9 331.2 331.4 321.3 303.3 304.7 307.2 304.9 298 291.8 286.6 283 283 285.4 282.8 278.6 279.4 278.6 279.2 274.4 276.2 272.9 270.6 274.1 271.2 271.6 272.9 275.6 274 270.4 261.9 252.6 244.1 238.6 232.5 227.9 225.8 226.9 230.2 227.8 222 218.7 216.3 213.7 210.3 205.9 201.3 201.5 191.8 188.8
800.5 791.4 773.4 735.1 696.5 681.6 667.2 670.8 658.6 647.3 634.6 624.8 617.4 614.4 609.4 627.8 632.5 651.5 643.7 632.2 602.2 575.7 535.8 503 471.9 429.3 393.7 376.1 361.5 347.5 338.4 337.4 335.3 327.4 313.9 311.4 313.6 315.6 307.6 300.8 291.8 284.3 283 283.1 280.6 278.5 278.3 278.8 280.4 269.5 267.9 265.8 261.2 264.2 262.2 259.1 262.1 265 263.5 263.9 257.4 242.9 241.1 235.8 230.3 222 221.7 222.5 224.5 222.5 221 213.8 212.4 210.3 209.8 202.4 195.1 200.3 193 186.9
787 751.6 731.1 707.2 675.5 651.3 632.8 631.4 620.9 614.7 604.6 597.2 582.3 570.2 572.6 586.5 610.8 625.5 627.4 610.3 585 559.5 535.3 503.8 476.1 434.9 400.1 378.8 363.7 348.4 343.1 342.5 341.5 336.1 319.2 324.9 333.3 339 329.7 316.9 301.4 288.4 285.3 284.3 281.6 278.8 276.7 275.7 275.8 269.1 265 259.6 259.3 259.2 254.4 249.2 255.7 257 254.2 255.2 250.6 239.8 230.2 225.6 217.1 216.6 217.6 218.7 220.8 218.7 216.8 210.2 209.2 206.7 205.2 198.4 187.3 186.8 186.2 181.6
757.3 726.6 709.3 697.2 666.3 636.2 609.2 601.9 594.3 588.4 581.5 572.8 560.5 548.7 543.7 547.2 556 566.9 570.6 549.7 541.7 533.5 526 491 471.7 432.2 401.6 381 367.9 353.8 350.4 349.3 342.4 337.1 329.9 337.6 346.5 351 351.4 340.3 319.6 308 302.8 295.2 285.1 280 276.2 273.1 270.7 271.4 260.6 256.3 252.8 252.5 250.4 248.8 249.1 249.1 251.3 242.3 239.7 232.8 224.6 219.3 208.6 208.9 211.1 219.3 221 211.6 211.2 209.2 206.2 203.3 198.1 191 180.4 181.7 175.8 177.8
758.8 722 697.4 672.7 651.2 626.7 598.7 580.4 575.3 570.3 564.3 557.1 547.4 539.2 531.3 526 516.7 502.3 492 491 492.2 485 481.6 472 456.9 424.2 404.9 386 370.4 361.4 358.2 357.8 354.5 344.8 342 345.3 352.2 353.6 358.4 355.5 339.1 331.4 313.3 305 292.1 282.8 273.9 269.3 269.7 267.1 257.7 250.7 248.8 248.6 249.5 239.4 244.1 243.9 238.5 233.1 234.3 224.3 219.6 213.1 208.6 206.1 206.7 209.7 208.3 209.1 211 206 203.1 199.8 191 187.1 179.2 170.9 166.9 167.1
764.2 724 690.4 655 633.2 609.3 588.1 572.7 562.8 557.4 549.6 543.4 535.2 531.1 527.9 524.9 515.7 501.3 485.8 479.2 473.1 471.2 466.2 458.2 443.7 421.9 404.1 388.6 378.7 374.8 371.7 367.9 360 353.8 351.2 354 366.2 363.8 361.8 364 369.4 353.1 332.9 313.9 301.7 287.9 274.2 269.5 266.2 263.2 256.5 247 240.6 243.6 243.9 239.3 241.2 240 231.5 229.3 227.8 219.3 211.7 209.8 207.7 202.6 201.9 202.8 203.6 206 205.6 202.7 201.3 193.8 187.2 181.9 171.8 166.2 159.7 159.5
765.5 728.8 696.7 661.6 635.5 599.3 581.2 565.8 555.6 548.8 540.1 534 529.3 525.8 523.2 522.1 515.3 503.1 487 473.9 465.5 461.6 458.4 450.3 437.8 419.5 407.2 403.2 397.2 389 381.5 373.5 365.2 360.5 354.7 358 363.7 370.5 368.4 369 371.6 371.1 353.8 328.9 311.1 293.9 278.7 270.7 262.2 261.4 254.1 245 236.5 238.9 232.3 228.7 232 230.3 231.1 221.6 218.7 211.2 207.4 202.4 202.9 199.7 198.4 196.3 197 200 201.2 197.4 195.4 186.6 180.1 177.3 170 158.8 153.2 151
772.2 742.2 711.3 683.5 642.3 612.9 586.8 568.2 553 545.2 536.5 529.5 525.1 520.8 516.2 514.3 511.4 501.9 489 476.7 464.4 456 449.6 444 434.8 426.9 416.7 408.1 406.7 393.7 384.5 380 370.7 368.6 362.3 360.3 364.6 370.7 371 369.4 373.2 377.4 360.3 341.1 318.2 303 286.4 274.9 261.4 260.2 248.2 243.1 231.4 230.2 225.7 221.9 222.8 222.6 218.9 219.9 213.2 205.3 203.3 196.9 195.3 195.1 193.1 191.5 189.1 185.4 187.3 189.6 187.3 181.8 177.2 170.9 165.5 153.4 147.6 147.4
787.7 757.8 728 688.9 656 627.1 602.6 582 555.1 541.6 529.2 521.2 514.9 509.5 507.9 504.4 499.3 493.6 484 473.8 465.3 460.4 452.7 441.1 429.6 425.2 421.2 413 410.9 394.6 381.7 380.3 373.8 370 365.9 359.9 363.5 369.3 371.1 373.2 379.1 380 371.4 349.1 326 303.3 289.7 278.3 263 253.1 246.8 240.2 231.9 228.1 223.2 217.1 214.6 218.2 216 215.9 208.6 201.7 195.6 191.7 188.6 186.1 184.9 184.3 182.5 180.1 179.1 182.8 178.2 172.4 170.8 166.8 161.4 150.1 143.4 138.7
802.6 775.4 739.9 706.6 674.3 650.9 628.1 596 564.6 547.3 533.6 525.8 521.8 513.8 508.8 503.5 499.6 491 484.2 473.4 462.8 453.3 450.1 439.1 427.7 418.6 416.5 409.7 398.7 389.8 383.6 379.5 377.2 372.7 368.3 362.7 365.5 369 373.4 377.6 378.8 381.2 376.7 355.3 329 305.5 289.9 278.9 265 251.9 243.2 236.2 229 224.4 221 215.4 211 210.1 207.1 206.4 199.9 200.3 191.5 187.5 182.8 181.3 180.4 178.9 181.3 181.3 174.7 173.6 170.3 169 171.2 161.7 155.1 147.6 141.2 137
825.7 809.5 826.8 775.7 726.2 678 659.1 631.9 596.9 566.9 552.1 541.3 544.9 544.1 534.3 517.7 519.7 513.5 502.3 482.2 464.9 453.3 441 429.6 421.9 414.1 409.3 404.4 397.2 391.6 390 383.8 380.3 371.9 369.2 370 369.3 372 381.2 381.2 381.1 385.5 385.4 360.2 335.9 316.7 306.8 288.4 273.5 256.1 244 233.1 227.8 223.6 220.5 214.8 208.5 204.3 200.1 192 193.3 194.1 189.4 184.1 179.2 178 174.9 173.5 176 174.9 170.9 164.7 163.3 164.9 171.2 162.1 151.2 143.1 140.4 136.8
829.9 834.2 846.4 860 860 777.5 726.5 659.8 625.4 593.2 573.6 558.3 560.6 551.5 553.4 534.3 537.9 550 550.6 502 472.1 453.7 443 433 418.2 407.9 402.6 400.2 395.7 392.5 390.1 384.5 380.9 375.9 372.5 371.5 374.6 379.7 381.1 381 384.2 391.1 395.1 389 367 358.1 343.6 316.6 297.6 269.2 250.8 236.8 228.8 222.6 218.7 210.2 205.6 201.6 191.7 187.8 188.6 190.3 186.4 182.8 181.3 177.9 172.2 168.5 167.9 171.2 171.2 162.3 158.6 161.1 159.3 161 150.3 145.4 138.6 134.7
828.3 832.3 839.2 854.7 861.2 860 832.7 748.7 645.2 621.8 601.1 584.4 575.7 571.1 573 567.5 576.4 599.3 621.5 565.2 491.1 454.3 439.1 426.8 412.1 402.3 398.3 395.8 391.6 387.9 384.6 382.1 381 375.7 370.5 371.6 377.5 381.2 381.2 380.9 382 388.1 394.1 391.4 383.9 373.5 351.9 323 303.5 291.4 258.8 240.4 229.5 224.1 221.3 214 204.5 198.8 187.5 182.8 181.7 184.5 182.7 178.9 180.3 172.4 165.6 160.5 160.3 164.7 165.3 158.1 156.7 161.1 159.1 159.4 150.6 142.5 135.1 130.6
825 828.4 833.3 850.8 860 870.1 868.6 832.7 743.4 655 624.2 613.6 603.7 600.7 607 611.1 612.6 632.9 637.8 623.6 535.2 461.1 439.2 419.2 402.3 397.8 391 389.2 386 382.8 379.6 378 379.1 376.9 371.5 370.9 378.1 381.2 381.2 381.2 380.1 384.4 390.9 391.3 382.5 375.2 353.5 324.2 303 293.8 266.2 244.2 233.3 226.3 221.4 213.6 204.7 192.8 189.6 179.7 178.9 181.3 180.8 174.5 173.2 171.3 165 159.7 158.8 161.1 158.8 149.6 151.1 153.7 152.7 148 151.3 139.1 131.4 127.1
821.3 824.6 829.5 846.7 857 864.6 871.2 866.9 829.4 782.3 718.2 654.2 650.6 644.7 642.3 642.4 652.3 663.6 667.2 641.1 582.7 473.2 444.7 431.6 408 399 384.4 380.8 378.4 378.3 378.3 375.6 378.5 378.8 369 368.1 375.8 381.1 380 379.1 378.7 380.5 388.5 389.8 383.7 371.5 348.3 318 301.8 294.7 275.1 249.2 234.3 227.4 220.4 211.9 204.2 193.8 190.2 180.6 178.9 179.4 176.8 170.7 170.5 168.8 160.7 161.1 158.9 159 155 150.2 148.7 147.8 145.5 140.5 138.4 132.1 127.9 123.8
822 821.8 829.2 840.4 856 864.6 873.4 880.1 862.7 819.6 762.7 659.5 625.3 608.2 601.7 599.3 609.1 632.8 651.3 645.6 612.9 505.2 451.3 435.7 429.6 393.1 378.9 378.3 375.7 376.5 374.5 373.8 375.4 370.9 366.9 366.9 371 379.2 380.7 380.3 372.9 376.7 382.4 380.6 381.1 365.2 340.2 322.6 305.4 299.4 282 255.9 236.6 229.6 221.8 210.4 204 197 187.8 181.5 178.9 181.3 177.8 172.9 168.8 169.4 158.2 156.8 154.2 152.9 151 150.8 147.5 142.7 140.7 135.7 130 125.9 122.1 118.9
822.6 820.7 826.8 840.1 859 870.4 879.5 884.9 859.1 783.8 699.2 620.9 588.9 572 564.3 558.6 565 571.1 597.8 625 605.8 510.3 448 440 438.5 419.5 390.4 375.9 373.1 372.9 372.8 372.2 372 366.9 366.9 366.9 366.9 370.7 372.3 375.2 371.1 366.1 370.1 372.4 369.1 350 335 322.5 304.9 296.1 280.1 255.1 238.5 229.4 223.6 215.4 203.8 193.2 184.4 180.4 179.2 179.1 177.8 172.6 170.7 170.4 156.2 152 151 151 149.1 146.3 141.4 141 136.8 134.8 130.9 126.7 117.1 114
823.1 821 828.5 846.4 863 875.1 881.7 883.1 848.1 760.3 667.5 602.3 571.5 553.5 543.8 533.7 531.6 533.1 535.8 540 533.4 475.6 444.1 440 441.1 429.9 391 376.2 371.6 371.6 371.8 371.3 370 366.9 366.9 366.9 366.9 371.1 370.5 371.1 360.6 360.3 365.5 364.3 350.8 343.3 333.6 321 302.9 293 279.2 258.8 240.2 232 225 217.6 207.9 192.6 181.1 181.3 178.9 176.9 173.3 171.1 169 163.9 157.4 149.2 151 151 147.8 145 140.1 141 135 131.7 129.4 123.4 111.8 111.3
820.6 823.8 829.6 846.5 865.6 878.6 886.7 882.7 818.5 726.8 650.9 583 555.7 540.2 532.5 532.5 523.6 519.4 512.9 502 485.7 451.5 438.5 433.1 429.6 395.8 380.8 375.6 373.3 373.3 374.1 372.1 368.1 366.9 366.9 366.9 367.6 371.1 370.2 367.7 359.9 354.5 354.6 355.1 341.3 343.8 338.9 326.1 312.7 291.9 278 265 251 236.7 227.6 217.2 207.9 195.5 180.6 179.1 173.9 172.6 171.2 170 170.1 161.4 155.7 147.4 149.3 149 147.2 143.5 139.3 138.6 135.8 131.5 122.7 116.4 109 108.9
826 829.2 831.5 846.3 867.7 879.9 890.3 884.6 821.1 706.9 642.6 584 556.5 535.8 532.5 532.5 530.9 517.8 517.3 513.3 480.9 458.6 444.8 433.1 403.6 388.8 379.4 377.7 377.5 377.2 378.1 377.2 374.7 370.3 366.9 366.9 370.8 370 366.8 361.8 358 353 348.2 340.3 339.4 341.8 339.1 328.9 317.8 302.4 285.7 277.3 266 244.5 230.1 226.4 207.8 198.5 183.6 173.3 170.5 171 167.5 166.9 164.4 160 151.5 146.4 148.6 148.5 145.2 142.7 141.3 134.1 130.5 130.3 120.1 110.4 109.2 103.1
833.9 830 835.3 849.1 868.8 883.3 893.4 892.8 833.9 721.2 652 591.8 561.8 540.8 532.5 531 531.6 518.6 521.2 518.2 491 458.7 444.6 440.6 414.4 395.8 383.6 379.3 379.8 382.6 383 385.9 383 377.6 373.8 372.2 371.4 369.2 366.1 359.4 355 350 350.3 338.8 336.2 331.8 330.2 324 315.9 303.4 291.3 299.4 282 251.9 229.5 222.5 210.4 201.8 186 175.4 166 164.4 163 158.8 160.7 158.8 151.5 147.8 149.9 148.7 144 139.4 139.8 135 125.8 119.9 121 109.1 98.1 99.2
839.1 832.1 837.4 848.7 870 884 892.6 892.5 844.3 745.6 670.3 606.7 576 556.9 542.2 530.7 523.6 518.6 520.3 520.5 508.8 475.3 444.4 442.6 434.4 419.5 406.7 397.5 391.3 393 394.4 396.5 394.4 388.7 383.3 377.9 375.5 373.3 367.5 360.5 353.6 350.3 346.9 339.9 332.5 324.6 317.5 313.2 306.6 301.9 297.3 298.5 281.2 255.5 227.7 220.2 211.4 198.3 185.2 178.6 163.4 161.1 161.1 158.9 160.4 159.7 153.2 145.6 145.5 148.2 143.2 138.6 138.8 133.8 125.5 117.8 115.6 107.7 96.4 93.9
842 833.8 839.4 852.2 869.5 881.7 889.8 894.8 870.8 807.9 727.7 634 597.2 578.6 563 538.3 518.6 518.6 518.6 520.9 515 502.3 486.2 458.1 453.1 447.8 446.5 430.2 412.4 418.3 410.7 411.8 409.6 402.4 395 387.3 381.1 377.2 373.3 365.5 357.4 348 341.4 335.6 328.4 321.1 314.6 311 302 295.9 292.2 290.7 271.5 251.3 228.6 219.3 213.4 202.3 188.6 176.3 161.4 158.8 159.6 158.6 160.1 160.4 151.2 146.1 141.6 146.9 143.2 139.3 136.4 132.1 125.5 110.6 109.8 102.5 91.1 88.4
844.5 834.5 838.9 852.2 867.7 880.7 887.3 890.2 893.3 863 785.6 703.4 631.9 607.3 590.6 556 534.6 522.5 520.4 525.7 537.9 540.2 539.1 500.5 510.8 516.2 497.6 480.6 462.2 447.2 430.8 431.7 427.5 418.2 407.8 398.4 389.4 384.2 379.3 371.2 358.5 346.9 340.3 333.5 325.6 320.4 313.2 305.8 298.8 292.5 286.4 278.6 265.3 247.8 231.3 217.5 208.7 200.3 190.7 177.4 163.1 158 157.3 155.3 157.1 157.3 150.8 149.2 140.7 143.7 140.7 139 135.6 129.9 122.6 110.1 102.7 97.1 88.7 83.8
841.4 829.9 833 848.8 861.5 875.5 884.1 890 891.3 884.9 851.7 794.8 699.9 647.2 639.6 601.6 564.5 563.7 561.9 546.5 580.6 612.6 594.8 577.3 599.3 602.8 583.8 560 525.4 496.9 486.6 468.7 460.4 444.4 426.6 411.7 399 394 386 375.1 362.3 349.1 340.6 331.8 323 317.4 311.2 304.9 297.6 290.5 282.8 272.8 259.4 241.6 227.1 215.9 206.9 198.7 189.9 174.1 161.7 154.2 153.3 151.4 153.2 152.5 150.7 148.1 142.5 140.6 138.8 138.7 132.3 127 117.9 110.6 102.4 95.9 83.9 80.6
828 813.1 805.3 820.8 840.6 858.6 874.8 880.4 886.9 887.3 880 836.2 769.9 699.3 727.9 650.9 601.4 585.6 578.8 580.3 594.8 615 628.2 648.5 664 675.8 667.2 634.3 535.8 589.8 559.2 516.5 507.6 487.9 448.9 432.9 413 401.4 393.1 380.1 364.2 350.2 339.1 329.8 320.6 313 305.8 301.4 292.2 285.3 276.6 269.4 257 242.1 224.6 212.5 203.8 195.9 185.9 173.7 159.7 151.4 150.3 148.9 151.2 151.2 150.6 148.1 142.9 138.5 135.9 132.7 130.2 122.1 117.2 109.9 99.7 93.3 82.7 77.4
805 783.7 774.7 784.1 809.6 836.6 859 869.3 875.9 876.4 877.3 862.8 815.5 738.4 806.7 740.5 632.5 624.8 606.4 610 619.2 632.2 667.9 699.2 709.9 729.8 721.8 670.8 602.8 640.2 600.2 568.7 537.6 511 482.4 459.4 430.4 405.8 393.7 381.9 367.6 351.5 339.7 330.3 321.6 313.3 305 298.2 287.7 279.9 272.7 263.9 251.4 240.9 225 211.2 199.6 190.6 183.1 173.8 162.9 155.5 149.5 148.9 148.2 147.1 148.1 149.4 144.8 137.1 130.4 127.3 123.6 121 116.4 104.6 94.4 87.7 81.2 75.9
