STL Generation/terr50_gagg_gb/data/NG99.asc
ncols 200
nrows 200
xllcorner 190000
yllcorner 890000
cellsize 50
[rows 88 to 131 of 200, columns 96 to 191 of 200]
-2 -2 -2 -2 -2 -2 -2 -2 -2 -2 -2 -2 -2 -2 -2 -2 -2 -2 -2 -2 -2 -2 -2 -2 -2 -2 -2 -2 -2 -2 -2 -2 -2 -2 -2 -2 -2 -2 -2 -2 -2 -2 -2 -2 19.1 36.5 48.9 55.6 61.7 67.3 70.1 71.2 72.8 71.7 71 70.9 71.3 70.7 68.3 65.3 59.9 53.7 52.2 57.4 60.4 57.3 52.1 45.8 41 40.3 34.9 29.2 29 29.1 27.3 20.7 20.9 18.3 11.7 10.7 2.7 -2 -2 -2 -2 -2 -2 -2 -2 -2 -2 -2 -2 -2 -2 -2
-2 -2 -2 -2 -2 -2 -2 -2 -2 -2 -2 -2 -2 -2 -2 -2 -2 -2 -2 -2 -2 -2 -2 -2 -2 -2 -2 -2 -2 -2 -2 -2 -2 -2 -2 -2 -2 -2 -2 -2 -2 -2 27.7 25.1 30.5 41.7 48 55.1 60.6 66.2 72.3 76.8 79.4 80.5 77.9 75.7 76.7 76.8 73.6 70 64.8 59.5 57 58.9 59.3 57.8 53.8 51.3 47 39.1 34.5 30.9 29 29.4 27.5 21.4 19.8 17.2 13.3 10.7 2 -2 -2 -2 -2 -2 -2 -2 -2 -2 -2 -2 -2 -2 -2 -2
-2 -2 -2 -2 -2 -2 -2 -2 -2 -2 -2 -2 -2 -2 -2 -2 -2 -2 -2 -2 -2 -2 -2 -2 -2 -2 -2 -2 -2 -2 -2 -2 -2 -2 -2 -2 -2 -2 -2 -2 21.3 37.3 42.9 48.4 39 43.1 47.4 53.3 58.5 67.7 78.2 83.3 86.1 87 84.8 84 85.3 83.1 80.8 77.9 74.4 70.1 65.6 62.7 59.8 60.6 58.3 52.8 47.7 39 35.9 33.1 29.9 28.5 25.1 21.5 19.3 17.5 14 11.5 2.4 -2 -2 -2 -2 -2 -2 -2 -2 -2 -2 -2 -2 -2 -2 -2
-2 -2 -2 -2 -2 -2 -2 -2 -2 -2 -2 -2 -2 -2 -2 -2 -2 -2 -2 -2 -2 -2 -2 -2 -2 -2 -2 -2 -2 -2 -2 -2 -2 -2 -2 -2 -2 -2 -2 16.5 32.4 40.2 47.7 50.6 47.2 48 51.4 55.1 61 70.6 79.9 88.8 93 94.1 94.7 93.5 91.9 89.6 87.3 84.9 82 78.6 74.5 71.6 68.9 65.5 61.6 55.8 47.9 40.9 38.6 35.5 32.6 29.2 26.7 23.7 20.6 17.8 15.3 12.7 6.5 0 -2 -2 -2 -2 -2 -2 -2 -2 -2 -2 -2 -2 -2 -2
-2 -2 -2 -2 -2 -2 -2 -2 -2 -2 -2 -2 -2 -2 -2 -2 -2 -2 -2 -2 -2 -2 -2 -2 -2 -2 -2 -2 -2 -2 -2 -2 -2 -2 -2 -2 -2 -2 -2 24.5 30.7 39.7 45.8 50.9 53.4 53.9 55 58.1 65.3 76.1 84.5 92.5 101.5 105.5 103.1 100.7 98.2 95.7 93.3 90.8 87.8 84.9 81.3 77.4 74.6 71.5 66.6 61.1 52.3 44.7 41.8 39.3 36.3 32.8 29.7 26.7 23.6 20.5 17.8 15.8 13.3 6.2 -2 -2 -2 -2 -2 -2 -2 -2 -2 -2 -2 -2 -2 -2
-2 -2 -2 -2 -2 -2 -2 -2 -2 -2 -2 -2 -2 -2 -2 -2 -2 -2 -2 -2 -2 -2 -2 -2 -2 -2 -2 -2 -2 -2 -2 -2 -2 -2 -2 -2 -2 -2 11.8 22.2 32.6 42.3 47.5 54.4 60.2 62.4 61.9 63.4 70.3 79.6 89.1 98.8 110.8 116.8 109.3 106.4 103.3 101.1 98.8 96.6 93.5 89.8 86.1 81.5 78.3 74.6 72.2 67.3 60.5 51.4 46.3 43.2 42.4 39.4 34.7 30 27.1 24.1 21.9 19.6 13.1 9.2 3.9 -2 -2 -2 -2 -2 -2 -2 -2 -2 -2 -2 -2 -2
-2 -2 -2 -2 -2 -2 -2 -2 -2 -2 -2 -2 -2 -2 -2 -2 -2 -2 -2 -2 -2 -2 -2 -2 -2 -2 -2 -2 -2 -2 -2 -2 -2 -2 -2 -2 -2 -2 11.4 20.4 35.3 46.8 54.2 59.7 61.8 65.6 70.2 70.7 72.9 80.4 90.3 101.6 121 122.8 116.2 110.6 106.5 103.1 101.6 99.8 96.3 91.9 88 84.4 81 77.5 75.2 72 66.8 57.7 48.7 50.4 49.3 46.8 42.4 37.6 32.6 28.3 26.4 23.2 20.4 17.1 12.9 4 -2 -2 -2 -2 -2 -2 -2 -2 -2 -2 -2 -2
-2 -2 -2 -2 -2 -2 -2 -2 -2 -2 -2 -2 -2 -2 -2 -2 -2 -2 -2 -2 -2 -2 -2 -2 -2 -2 -2 -2 -2 -2 -2 -2 -2 -2 -2 -2 -2 -2 8.2 17.3 30.6 45.6 57.7 61 60.5 64.6 68.6 70.3 70.7 76.2 82 92.6 110.6 120.3 112.3 108.6 107 104.2 102.9 101.4 98.3 94 89.6 85.7 82.5 79.7 77 75.3 71.9 63.3 51.3 54.3 56.5 52.6 48.8 43.8 38.8 33.9 30.7 27 23.7 20.9 18.4 12.1 1.2 -2 -2 -2 -2 -2 -2 -2 -2 -2 -2 -2
-2 -2 -2 -2 -2 -2 -2 -2 -2 -2 -2 -2 -2 -2 -2 -2 -2 -2 -2 -2 -2 -2 -2 -2 -2 -2 -2 -2 -2 -2 -2 -2 -2 -2 -2 -2 -2 -2 6.5 18.3 27.9 40 49 54.3 59.3 60.3 63.7 67.4 69.1 70.1 76.8 81 91.7 102.2 105.3 104.3 103.5 102.9 102.2 101.1 99.6 95.3 90.9 87.2 84.5 81.6 78.8 76.6 74.4 69.2 58.7 60.2 60.8 57.9 53.9 49.9 45 41.3 35.9 30.9 27.7 24.5 21.8 16.8 6.7 -2 -2 -2 -2 -2 -2 -2 -2 -2 -2 -2
-2 -2 -2 -2 -2 -2 -2 -2 -2 -2 -2 -2 -2 -2 -2 -2 -2 -2 -2 -2 -2 -2 -2 -2 -2 -2 -2 -2 -2 -2 -2 -2 -2 -2 -2 -2 -2 -2 8.5 17.6 30.1 39.6 50.6 60.8 61.1 61.5 63.5 64.1 67.3 70.9 71 73.9 76.6 90.5 93.2 93.9 97.9 100.1 100.5 100 97.2 93.6 91 89.3 86.4 83.4 80.3 77.9 75.5 71.8 62 59.8 61 61.6 58.1 54.4 51.5 48.9 43.1 38 33.2 29.6 25.6 21.2 15.9 5.1 -2 -2 -2 -2 -2 -2 -2 -2 -2 -2
-2 -2 -2 -2 -2 -2 -2 -2 -2 -2 -2 -2 -2 -2 -2 -2 -2 -2 -2 -2 -2 -2 -2 -2 -2 -2 -2 -2 -2 -2 -2 -2 -2 -2 -2 -2 -2 -2 13.9 20.3 32.1 36.8 47.2 59.8 62.2 64.5 65.7 66.7 67.9 69.1 70.3 70.9 69.5 73.4 78.5 81.5 86.1 89.8 91.1 92.3 92.5 91.3 89.8 89.8 87.5 84.7 81.7 79.5 76.4 73 69.7 59.4 60.2 63.1 62.1 58.8 57.8 54.1 49.5 46 39.9 32.9 28.5 24.5 21 14.1 3.9 -2 -2 -2 -2 -2 -2 -2 -2 -2
-2 -2 -2 -2 -2 -2 -2 -2 -2 -2 -2 -2 -2 -2 -2 -2 -2 -2 -2 -2 -2 -2 -2 -2 -2 -2 -2 -2 -2 -2 -2 -2 -2 -2 -2 -2 -2 8.9 14.6 22 36 41.7 51 60 64.3 68.1 69.1 68.1 68 68.6 69.3 70 69.1 71.4 77.7 79 79.8 85.9 89.1 89.3 89.3 89.8 89.1 88.8 86.6 84.5 82.3 81 77.9 74.9 71.4 66.2 62.6 67 65.1 62.3 60.5 58.1 54.9 51.5 44.2 36 34.1 30.4 25.9 22.3 15.5 4.7 -2 -2 -2 -2 -2 -2 -2 -2
-2 -2 -2 -2 -2 -2 -2 -2 -2 -2 -2 -2 -2 -2 -2 -2 -2 -2 -2 -2 -2 -2 -2 -2 -2 -2 -2 -2 -2 -2 -2 -2 -2 -2 -2 -2 -2 5 12.5 23.9 38.6 47.7 57.4 64.3 68.3 69.2 69.9 68.5 68.2 68.1 70 72.4 78.5 82 80.2 79.1 79.4 83.2 87.7 88.9 89 89.1 89 88.2 85.2 83.1 81.2 81 79.8 76.3 72.8 69.7 68.5 70.1 67.9 65.8 64.5 62.4 60.1 54.8 47.4 42.4 42.3 37.2 31.2 27.4 23.1 16.9 7.9 -2 -2 -2 -2 -2 -2 -2
-2 -2 -2 -2 -2 -2 -2 -2 -2 -2 -2 -2 -2 -2 -2 -2 -2 -2 -2 -2 -2 -2 -2 -2 -2 -2 -2 -2 -2 -2 -2 -2 -2 -2 -2 -2 -2 -2 11.8 23 35.5 48.4 63.2 74.8 78.6 73.7 70.9 69.4 70.6 73.9 77.4 83.5 90.8 91.1 89.2 83.4 82.3 86.1 89 89.6 88.9 88.7 88.7 87.9 84.3 81.6 80.5 81.1 81.1 77.3 73.8 71.3 69.6 69.8 71.1 69.5 68.2 65.4 62.5 55 48.9 52.2 48.7 43.7 37.8 32.4 28.7 24.8 19.7 9.7 3.1 0.9 -2 -2 -2 -2
-2 -2 -2 -2 -2 -2 -2 -2 -2 -2 -2 -2 -2 -2 -2 -2 -2 -2 -2 -2 -2 -2 -2 -2 -2 -2 -2 -2 -2 -2 -2 -2 -2 -2 -2 -2 -2 -2 14.3 24.3 37.2 50.1 58.5 75.6 79.6 76.1 73.4 75.2 78.2 82.9 88 93.8 97.9 99.8 95.8 91.1 87.4 89.2 90.7 90.6 89.8 89 88.6 87.7 85.3 82.6 80.2 81.1 79.7 78 76.3 73.7 71 70.7 70.1 69.9 69.1 67.5 62.9 58.8 59.9 58.7 53.8 48.5 42.7 37.5 34 30 24.7 20.5 11.9 8.9 5.5 2.4 -2 -2
-2 -2 -2 -2 -2 -2 -2 -2 -2 -2 -2 -2 -2 -2 -2 -2 -2 -2 -2 -2 -2 -2 -2 -2 -2 -2 -2 -2 -2 -2 -2 -2 -2 -2 -2 -2 -2 5.2 17.9 30.3 47.1 60.4 71.3 76.8 82 80.7 77.1 80 86.1 94.8 101 106.5 110.6 112.8 107 98.6 92.1 90.6 92.3 91.8 91.7 91.5 89.7 89 87 84 80.3 79.5 81 79.7 78.8 76.7 74.8 72.8 72 70.3 69.9 69.3 63 59.9 60.5 62.2 58.9 53.9 47.9 42.6 39.2 35 30.5 24.2 21.1 18.2 14.3 10 5.6 1.5
-2 -2 -2 -2 -2 -2 -2 -2 -2 -2 -2 -2 -2 -2 -2 -2 -2 -2 -2 -2 -2 -2 -2 -2 -2 -2 -2 -2 -2 -2 -2 -2 -2 -2 -2 -2 -2 7.8 21.1 35.5 56.5 75.4 95.3 100.2 97.7 87.9 81.8 82.7 88.5 100.5 114.2 119.7 124.3 124.2 116 108.3 100.4 96 95.2 95.1 95 94.5 92.4 90.5 88.4 85.6 83.3 81.4 80.6 80.3 79.5 79.6 78.6 76.6 74.3 73 71.6 70.3 66.7 63 64 64.6 62.1 58.5 53.5 48.6 44.1 40 34.5 28 26 23.9 20.5 16.1 11.6 8
-2 -2 -2 -2 -2 -2 -2 -2 -2 -2 -2 -2 -2 -2 -2 -2 -2 -2 -2 -2 -2 -2 -2 -2 -2 -2 -2 -2 -2 -2 -2 -2 -2 -2 -2 -2 -2 11.1 24 38.9 58.4 86.4 109.7 109.6 101.8 92.4 88.2 87.1 89.4 95.9 115.7 131.8 138.1 133.7 122.2 115 109 101.6 98.7 98.3 98.3 97.2 95.1 92.6 90.4 88.2 86.3 83.8 81 79.7 79.4 81.1 80.8 78.7 76.6 74.9 73.2 71.5 70.1 68.5 67.8 66.2 64.2 61 57.9 53.9 49 44.1 38.5 32.5 31.4 29.3 25.4 20.9 16.5 13.8
-2 -2 -2 -2 -2 -2 -2 -2 -2 -2 -2 -2 -2 -2 -2 -2 -2 -2 -2 -2 -2 -2 -2 -2 -2 -2 -2 -2 -2 -2 -2 -2 -2 -2 -2 -2 -2 17.9 28.4 42.2 61.4 89.4 103.6 102.1 98.4 96.5 93.5 91.9 93.9 98.6 104.2 113 139.3 135.8 123.2 117.6 112.5 107 102.6 101.6 100.7 99.3 96.7 94.2 92.1 90.2 89 85.9 83 80.8 80.4 80.9 80.8 79.8 78.1 76.2 74.3 72.3 70.1 70 70.9 68.6 66 63.2 59.9 57.2 53.6 47.9 40.7 41.5 38.1 35 31.4 27 21.4 18.2
-2 -2 -2 -2 -2 -2 -2 -2 -2 -2 -2 -2 -2 -2 -2 -2 -2 -2 -2 -2 -2 -2 -2 -2 -2 -2 -2 -2 -2 -2 -2 -2 -2 0.5 1.4 3.1 7.8 24.1 36.7 52.6 75.4 90.2 99.2 109.8 106 109.1 98.2 96.6 104.9 111.5 118.3 122.8 122.2 127.9 123.6 119.1 114.7 110.1 106.2 104 102.8 101.4 98.6 95.8 94 92.3 90.8 88.5 85.6 83.8 83.1 82.8 82.6 81.5 79.8 78 76.1 74.4 72.6 72.3 72.2 71 69.2 66.6 61.6 59 53.4 50.8 50.3 47.9 44.4 41.1 37.8 32.7 29.4 24.5
-2 -2 -2 -2 -2 -2 -2 -2 -2 -2 -2 -2 -2 -2 -2 -2 -2 -2 -2 -2 -2 -2 -2 -2 -2 -2 -2 -2 -2 -2 -2 1.9 3.3 7.7 9.1 16.8 23.6 32.5 44.2 59.3 79.5 105.6 118.4 121.4 114.7 113.1 108.8 108.5 115.3 122.4 130.1 134.4 132.4 129 124.5 120.6 116.6 112.8 110.2 107.4 104.7 103.5 100.6 98.2 96 94.4 92.9 91 88.8 87.8 86.7 85.7 85.2 83.8 81.4 79.2 78.3 77 75.6 74.2 73.7 73 71.6 69.4 61.8 58.7 58.4 58.3 56.6 54.6 51 47.1 43.8 41.6 37.2 32.1
-2 -2 -2 -2 -2 -2 -2 -2 -2 -2 -2 -2 -2 -2 -2 -2 -2 -2 -2 -2 -2 -2 -2 -2 -2 -2 -2 -2 -2 -2 -2 4.7 15.6 23.1 29.5 31.3 34.5 39.7 50.1 65.7 85.6 109.8 120.8 133.3 131.5 132.1 149.1 132.2 144.2 145.8 152.4 147.4 141.8 133.7 128.4 124.2 120.4 116.6 113.9 111.2 108.3 105.5 103.2 101 99.7 97.8 95.8 93.9 93 92 90.9 89.3 87.8 86.3 84.6 82.8 81.3 79.9 78.5 76.7 75.4 74.5 73.4 71.5 66.4 64.4 63.8 62.6 60.4 59.4 56.1 52.5 49.7 47.4 43.9 38.2
-2 -2 -2 -2 -2 -2 -2 -2 -2 -2 -2 -2 -2 -2 -2 -2 -2 -2 -2 -2 -2 -2 -2 -2 -2 -2 -2 -2 -2 -2 -2 10 29.6 35.1 38.8 43.9 46.1 48.4 54.5 67.9 84.3 108.9 111.9 130.1 143.5 165 164.5 154.8 163 172.8 169.8 161.6 150.5 142.4 136.4 131.6 127.8 123.4 120.4 117.2 113.5 110.1 107.6 105.9 104 102.1 100.1 98.4 97.2 96.2 94.6 92.1 90.6 89.6 88 86.2 84.5 82.9 81.3 79.4 77.8 76.9 75.6 73.6 70.7 68.6 68 65.9 63.8 62.2 60.2 56.9 54.3 51.9 48.8 44.5
-2 -2 -2 -2 -2 -2 -2 -2 -2 -2 -2 -2 -2 -2 -2 -2 -2 -2 -2 -2 -2 -2 -2 -2 -2 -2 -2 -2 -2 -2 -2 15.2 33.8 39.9 44.6 49.6 54.7 59.2 63.3 68.9 77.2 88.1 103.6 123.1 145.4 163 158.7 159 169.2 180.3 177.5 167 158 153.4 147.5 141.9 137.5 133.4 129.6 125.5 121.6 117.5 113.7 111.5 108.4 106.3 104.4 102.9 101.4 99.9 98.1 96.6 94.9 93.9 92.6 90.6 88.5 86.8 85.1 83.5 81.8 80.6 78.9 77 72.1 69.2 70.9 68.8 66.7 64.6 63.4 61.3 58.8 56.4 53.7 50.9
-2 -2 -2 -2 -2 -2 -2 -2 -2 -2 -2 -2 -2 -2 -2 -2 -2 -2 -2 -2 -2 -2 -2 -2 -2 -2 -2 -2 -2 -2 -2 13.1 32.9 40.8 47.4 53.3 59 65.7 71.5 78 84.8 90.6 102.4 112.9 125.1 137.2 149 159.4 170.9 175.4 173 169.6 166.2 161.2 157.7 152.1 147.9 143.8 139.9 135.5 130.1 125.7 122.4 119.9 116.2 112.9 110 108.1 106.3 104.3 102.8 101.1 99.5 98.2 97.1 95 92.9 90.9 89.3 87.7 86 83.9 82 80.3 76.5 72.9 74.5 72 69.5 67.1 65.7 64.5 63.4 61 58 55.6
17.3 -2 -2 -2 -2 -2 -2 -2 -2 -2 -2 -2 -2 -2 -2 -2 -2 -2 -2 -2 -2 -2 -2 -2 -2 -2 -2 -2 -2 -2 -2 11.5 28.5 37.6 46.8 54.1 61.2 68.6 76.4 84.4 90.7 95.6 102.8 112.3 123.8 135.2 148.6 158.4 162.5 168.3 171.8 172.4 170.8 168 166.4 162.6 158.6 154.5 150.5 146.3 141.1 136.5 132.3 128.3 124.6 121.7 118.3 115 112.1 110.1 107.8 105.7 104 102.9 101.5 99.4 97.6 96.1 94.9 92.5 90.3 88 86 83.3 79.8 79 78.3 75.7 73.2 71 68 66.3 66.4 65 62.4 60.3
17.7 -2 -2 -2 -2 -2 -2 -2 -2 -2 -2 -2 -2 -2 -2 -2 -2 -2 -2 -2 -2 -2 -2 -2 -2 -2 -2 -2 -2 -2 -2 9.3 22.5 33.4 43.6 52.9 62.1 71.7 79.5 88 95 101 107.2 112.5 118.1 127.6 135.6 144 152.8 161.6 167.5 171.1 169.9 170.3 170.9 168.3 165.8 162.8 159.7 156.6 152.4 148.3 143.6 138.5 135.9 131.7 127.4 124.1 121 118.4 115.2 112.1 109.7 107.5 105.9 104.4 102.8 101.3 100.2 98.4 95.4 93.4 91 88.2 84.2 81.8 82.1 79.9 77.7 75.4 72.2 69.5 67.6 66.7 65.3 64.5
28 -2 -2 -2 -2 -2 -2 -2 -2 -2 -2 -2 -2 -2 -2 -2 -2 -2 -2 -2 -2 -2 -2 -2 -2 -2 -2 -2 -2 -2 -2 6.5 17.7 28 37.8 47.7 58.2 69.1 78.4 89.4 97 104.2 110.7 116.2 121.3 127 134 141 148.4 156.5 161.9 169.5 169.4 169 169.9 170.3 169 166.8 165.2 162.5 160.8 157.7 154.4 150.6 146.4 141.6 136.8 133.3 130.1 127 123.5 120.6 117.9 115.1 112 110.3 108.4 106.7 105.8 103.8 101.5 98.9 96 93.2 90.4 87.8 86 84.1 82.1 79.7 77.7 73.6 71.5 70 68.4 67.5
26.1 -2 -2 -2 -2 -2 -2 -2 -2 -2 -2 -2 -2 -2 -2 -2 -2 -2 -2 -2 -2 -2 -2 -2 -2 -2 -2 -2 -2 -2 -2 3.1 15.9 23.6 30.3 40.3 51 62.9 74.1 85.1 95.6 100.7 106.2 116.8 122.5 128.9 133.5 140.8 148 154.9 162.5 169.1 169.8 168.6 168.2 168.2 169.2 168.1 165.2 163.5 163.7 163.6 161.6 159.6 155.4 152 147.7 143.2 138.5 135.7 132.5 130 126.8 123.6 120.4 117.3 115.3 112.5 111.3 109.1 107.1 104.6 101.7 98.9 96 93.5 89.9 87.8 86.1 84.6 83.2 78.8 75.4 73.6 71.7 69.2
26 -2 -2 -2 -2 -2 -2 -2 -2 -2 -2 -2 -2 -2 -2 -2 -2 -2 -2 -2 -2 -2 -2 -2 -2 -2 -2 -2 -2 -2 -2 2.9 13.9 20.2 26 33 44.4 56 65.9 74.3 83.2 90.9 99.6 108.7 114.7 120.8 128.6 136.8 144 150.8 157.7 164.3 168.8 165.1 164 166.2 167.8 167.2 164.7 164.8 164.8 164.8 164.7 164 162 160.1 156.9 153.8 149.3 145.2 141.8 138.8 135.5 132.2 128.8 125.5 121.9 118.5 116.6 114.8 112.6 110.2 107.5 104.6 102.3 100 96.4 92.1 90.9 90.1 89.4 84.5 79.6 76.9 75.5 72.8
27.2 9.3 2.1 -2 -2 -2 -2 -2 -2 -2 -2 -2 -2 -2 -2 -2 -2 -2 -2 -2 -2 -2 -2 -2 -2 -2 -2 -2 -2 -2 -2 2.4 12.2 17.7 23.3 29.9 37 47.1 54.9 61.9 70.7 81.4 92.5 99.2 105.8 113.2 122 130.8 139.1 146.2 151.6 156.5 159.1 160 161.6 163 164.5 164.6 163.7 164 164.4 164.8 164.7 164.7 164.7 163.9 162.7 161.4 158.8 155.2 152.1 148.2 144 140.4 136.8 133.9 131 126.9 122.8 120.5 118.1 115.7 113.2 110.9 108.8 106.5 101.1 97.4 95.6 96.1 93.2 90 85.4 81.2 78.6 76.8
26.4 12.6 -2 -2 -2 -2 -2 -2 -2 -2 -2 -2 -2 -2 -2 -2 -2 -2 -2 -2 -2 -2 -2 -2 -2 -2 -2 -2 -2 -2 -2 3.2 13 18 23.1 26.5 32.7 39.6 47.4 55.3 63.6 72.5 79.5 88.1 97.3 105.2 115 123.8 133.6 141.4 145.7 149.1 152 154.7 157 158.5 160 161.4 161.7 162.2 162.5 163.1 163.8 164.6 164.6 163.8 164.2 164.6 163.4 160.9 160.3 157.7 153.5 149.3 145.4 142.4 139.4 135.4 131.3 128.1 124.4 121.9 119.7 116.3 114 110.7 106.3 103.1 99.3 100.4 96.7 94.2 90.8 86.6 83.9 81.5
25.5 10.2 -2 -2 -2 -2 -2 -2 -2 -2 -2 -2 -2 -2 -2 -2 -2 -2 -2 -2 -2 -2 -2 -2 -2 -2 -2 -2 -2 -2 -2 8 13.6 18 21.9 25 29.7 37.1 42.4 50.5 57.8 65 72.2 80.2 89.9 98.1 110.2 119.1 128.2 133.9 138.2 142.1 145.8 149 150.6 152.8 155.1 156.6 158.2 159.1 160.2 161.3 162 162.3 163.1 163.2 162.9 163.3 164.2 164.7 163.6 162.7 161.6 158.8 155.9 151.9 147.7 143.8 140.2 137 133.5 129 126.6 123.5 119.9 115.4 110.7 109.7 102.3 102.5 101.5 99 96.4 91.9 90.6 87.9
21.7 2.4 -2 -2 -2 -2 -2 -2 -2 -2 -2 -2 -2 -2 -2 -2 -2 -2 -2 -2 -2 -2 -2 -2 -2 -2 -2 -2 -2 -2 5.3 11.5 14.9 17.8 20.8 24.2 27.1 32 37.8 44.8 51.9 58.7 66.1 74.8 84.5 92.6 100.3 108.2 116.8 123.2 129 133.4 138 142.2 144.1 145.9 148.4 151.1 153.2 155 156.4 157.8 159 160 160.7 161.5 161.7 162.3 162.8 163.3 163.7 164.4 164.7 163.1 161.1 159.7 156.4 152.5 149 145.9 142.3 138.7 134.2 130.6 126.8 119.6 115.8 112.9 108.7 108.7 106.9 104 101.8 98.5 94.4 92.2
16.9 1 -2 -2 -2 -2 -2 -2 -2 -2 -2 -2 -2 -2 -2 -2 -2 -2 -2 -2 -2 -2 -2 -2 -2 -2 -2 -2 -2 6.6 11.5 13.3 15.3 16.5 19.5 22.4 25.1 28.7 34 41 47.4 53 59.9 68.1 75.4 83.4 90.2 97.5 105.3 111.6 118.3 123.3 128.4 132.6 135.8 138.4 141.5 144.5 147 148.8 150.8 152.4 153.9 155.5 157.1 158.3 159.3 160.6 161.4 161.9 162.4 163.7 164.8 165.8 164 162.7 162.1 160.8 157.9 153.9 150.2 147.2 142.9 138.8 134.1 128.1 123.7 119 115.1 114.4 112.5 109.6 107 104.7 100.3 97.1
20.4 1.1 -2 -2 -2 -2 -2 -2 -2 -2 -2 -2 -2 -2 -2 -2 -2 -2 -2 -2 -2 -2 -2 -2 -2 -2 -2 -2 6.7 11.5 13 12.9 14.3 15.7 17.8 20.5 23.1 26.4 30.2 36.2 41.4 47.4 53.3 60.1 67.2 74.1 81 88.3 95.8 101.8 107.7 113.3 118.8 123 127.1 130.8 133.5 137.1 140.1 142.4 144 145.4 147.6 149.8 151.6 153.3 155.3 156.8 158.2 159.7 160.8 161.2 163.1 164.5 165.1 165.1 164.7 163.8 162.3 161 158.2 155 151.6 147.5 142.9 138.7 133.2 127.4 120.2 120.4 118.6 115.6 109.2 110.2 106.3 102.4
23.8 1.5 -2 -2 -2 -2 -2 -2 -2 -2 -2 -2 -2 -2 -2 -2 -2 -2 -2 -2 -2 -2 -2 -2 -2 -2 -2 3.1 11 10.6 10.7 11.1 12 13 15.2 17.9 20.5 23.9 27.1 30.6 35.2 40 45.8 52.3 59.2 64.7 71.7 79 86.3 92.3 97.7 103.3 108.9 113.6 117.8 121.5 125.2 128.5 131.5 133.8 135.5 136.9 139.5 142.5 145.2 146.9 149 152 154.4 155.5 156.9 158.8 160.1 161.5 162.8 163.1 163.4 164.4 164.6 163.8 162.7 161.3 159 154.9 150.6 147.3 142.6 137 132.2 128.4 124.6 121.5 118 119.3 110.2 107.8
22.6 1.7 -2 -2 -2 -2 -2 -2 -2 -2 -2 -2 -2 -2 -2 -2 -2 -2 -2 -2 -2 -2 -2 -2 -2 -2 -2 -2 -2 6.3 7.1 7.8 8.7 10.5 12.7 15.2 17.9 21.1 24.1 27.1 30.7 34.6 39.1 44.5 49.9 55.3 62.4 69.6 76.9 82.6 87.8 93.1 98.8 104.3 108.6 112.3 116.4 119.9 122.8 125 127 128.6 131.4 134.4 137.5 140.5 142.6 146.2 148.4 150.7 152.5 154.5 156.7 158.5 160 161.8 162.1 163 163.8 164.7 164.7 164.4 162.9 161.2 158.4 155.1 152.2 147.4 142.3 136.7 131.1 127.5 124.8 122.5 116.7 113.3
25.2 5.1 -2 -2 -2 -2 -2 -2 -2 -2 -2 -2 -2 -2 -2 -2 -2 -2 -2 -2 -2 -2 -2 -2 -2 -2 -2 -2 -2 2 3.6 4.5 5.9 8.1 10.2 12.6 15.2 18.1 21.1 24.1 27.1 30.7 34.6 37.3 41.9 46.2 53.1 60.4 66.8 73 78.9 83.4 88.6 94.7 99.3 103.4 107.8 111.3 114.1 116.2 118.3 120.6 123.4 126.2 129.3 132.4 135.3 138.3 141.4 144.3 147.1 149.9 152.3 154.1 156.1 158.2 160.6 161.3 162.5 163.8 164.6 164.4 164.9 165.1 163.4 161.8 160.3 156.2 151 145.1 139.3 134.9 131.6 127.9 122.9 119.7
28.5 14.3 -2 -2 -2 -2 -2 -2 -2 -2 -2 -2 -2 -2 -2 -2 -2 -2 -2 -2 -2 -2 -2 -2 -2 -2 -2 -2 -2 -2 -2 0.9 3.5 5.7 7.5 9.7 12.3 15.3 18.2 21.2 24.3 29 31.5 33.6 35.5 39.1 43.3 50.3 56.7 61.9 68.5 74.1 79.4 84.9 89.4 94 98.8 102.8 106.3 109 111.5 113.9 116.1 118.2 121 123.6 126.4 129.4 132.5 135.9 138.7 141.6 145.3 147.6 150.4 153.2 155.6 158.5 161 161.4 163.1 164.6 165.5 166.2 167 166.9 166.3 162.9 158.6 152.2 148.6 144.1 140.3 135.6 131.4 127.5
28.7 21.5 6.4 -2 -2 -2 -2 -2 -2 -2 -2 -2 -2 -2 -2 -2 -2 -2 -2 -2 -2 -2 -2 -2 -2 -2 -2 -2 -2 -2 -2 -2 -2 3 4.6 6.9 9.8 12.6 15.5 18.5 21.1 25.1 28 30 30.7 33.7 37.1 39.9 46.4 51.7 58.6 65.3 69.9 74.7 79 83.5 88.6 93.1 97.9 101.9 104.8 107.2 109.8 112.6 115.1 116.6 118.3 120.6 123.8 127.3 130.3 133.2 136.9 140.5 142.8 146.1 148.5 152.5 155.6 159.4 161 162.4 163.8 166.4 168.3 169.4 171 169.4 164.7 161.7 157.7 151.1 147.8 143.2 139.1 135.1
27.2 19.8 8.2 -2 -2 -2 -2 -2 -2 -2 -2 -2 -2 -2 -2 -2 -2 -2 -2 -2 -2 -2 -2 -2 -2 -2 -2 -2 -2 -2 -2 -2 -2 0 1.7 2.6 7.2 10.7 13.1 15.1 17.8 20.5 24 25.8 27.8 30.7 32.1 32.6 39.6 45.4 52 59.7 63.8 67.9 70.3 73.9 78 82.3 87.3 93 97 101.3 103.8 106.7 108.7 110.3 112.3 114.1 116 118.6 121.8 124.8 128.4 131.8 135 139 142.4 146.5 149.7 154.1 157.3 160.7 162.2 165.2 167.9 169.9 170.5 171.7 170.8 170.2 166.4 161.3 156.8 151.1 147 143
23.1 16.5 4 -2 -2 -2 -2 -2 -2 -2 -2 -2 -2 -2 -2 -2 -2 -2 -2 -2 -2 -2 -2 -2 -2 -2 -2 -2 -2 -2 -2 -2 -2 -2 0.2 1.5 3.7 7.4 9.8 11.8 14.5 17.7 20.6 21.2 23 25.9 28 31.3 37.7 44.2 51 56 60.9 62.3 63.6 65.7 69 72.8 77.1 82.7 86 90.7 95.2 98.3 101.4 103 104.4 106.1 110.3 111.8 113.4 117 120 123 126.6 132.1 136 140.5 144.6 148.6 151.9 156.9 160.4 163.4 166.1 167.9 171.2 172.1 173 172.7 171.3 169.6 165.1 160.3 155.4 149.7
20.3 13.5 -2 -2 -2 -2 -2 -2 -2 -2 -2 -2 -2 -2 -2 -2 -2 -2 -2 -2 -2 -2 -2 -2 -2 -2 -2 -2 -2 -2 -2 -2 -2 -2 -0.3 0.9 2.1 5.3 9.4 9.1 10.8 13.6 16.5 17.3 19 20.9 23.2 26.9 32.8 38.8 46.8 50.6 59.1 60.9 57.6 58.2 60.6 64.1 68 72.6 76.4 79.7 82.4 85.8 89.7 93 96.9 100.2 103.9 107.2 110.3 112.7 114.6 117.7 120.7 124.5 128.2 132.3 137.5 142.3 145.8 150.7 155.4 158.7 162.1 165.4 169 171.4 172.4 172.5 174.4 175.4 173.1 169.4 163.7 155.4
