STL Generation/terr50_gagg_gb/data/NH11.asc
ncols 200
nrows 200
xllcorner 210000
yllcorner 810000
cellsize 50
[rows 140 to 174 of 200, columns 78 to 155 of 200]
846.2 812.3 764.9 746.1 729.4 718.9 709 687.3 675.9 665.4 643.1 631 637.3 656.2 676.9 698.5 722.9 751.2 778.9 802.1 820.7 824.7 822.3 803.8 781.3 756.3 736.6 729.1 730.8 727.7 718.8 706.2 696.1 692.9 694.8 705.4 718.9 736 737.3 725.2 713.5 692.6 644.5 614.6 594.8 577.2 565.5 545.3 520.1 503 494.5 486.8 481.5 477 478.1 478.9 481.4 485.4 489.9 495.5 499.4 503.2 508.2 514.6 520.9 526 531.7 539.8 543.8 550.1 551.3 555.9 564.1 568.4 577 582.5 578.3 579
852.7 818 786 736.5 723.7 715.8 705.1 695.1 671.6 650.5 642.3 639.8 646.2 663.1 682 712.4 733.5 767.4 798.3 821.8 836.2 842.7 837 815.4 795.6 773.2 751.7 756.6 764.6 757.6 745.7 734.1 717.2 720.1 723.8 732.9 742.3 764.6 751.1 712.8 688.4 671 654.4 614.1 593.1 577.7 559.1 535.6 521.8 513.7 504 492.6 485.7 479.9 482.4 483.9 488.3 491.1 497.5 503.2 507.2 511.6 517.3 524.8 530.2 538.7 545.9 554.6 562.4 573.3 574.4 574.9 580.5 589 594.7 602.1 604 605.8
855.8 823.8 774.4 742.1 715.5 704.7 700.2 685.8 666.8 660.7 657.3 656 663.1 681.3 696.4 716 743.9 783.4 823 848.2 865.7 869.9 857.3 832.9 816.2 801.3 785.8 792.9 795.9 778 753.9 742.3 744.4 752.5 757.9 768.6 784.4 779.5 742.7 695.3 674.4 662.8 649.8 628 600.6 573.7 545.7 529.2 523.2 519.3 511.4 499.2 487.5 484.7 487.8 489.5 494.2 497 504.1 509.1 513.2 518.9 526.6 534.3 542.6 550.7 561.1 574.3 580.2 586.6 600.2 607.3 611 614.6 616.4 618.8 625.8 630.9
861 835.1 793.4 744.7 729.4 719.1 705.5 705.4 708.1 711.8 714 698.1 704.1 694.8 701.7 727.4 757.7 799 846.8 888.1 902.8 898.9 882.3 863.8 843.3 824.2 823.9 818.2 809.8 793.7 775.8 771.7 788.8 797.5 802.8 815.5 802.3 766.1 730.5 694.2 676.8 668.8 662.3 635.4 602.3 578.1 549.6 528.6 514.8 508.6 501 495.5 488.3 490.7 491.4 493 498.1 503.3 509.4 513.2 518.7 525.9 535.2 544.9 555.7 568.1 583.2 591.6 604.6 623.4 629.9 633.5 637.4 632.6 631.5 639.6 646.3 652.4
866.2 837.8 816.7 785.4 782.9 774.5 750.4 750.9 749.4 757.5 747.1 730.4 718.3 720.6 726.3 751.7 781.2 834.3 882 918.5 917.4 915.1 908.2 891.8 871.4 869.6 861.8 853.1 842.6 827.6 808.2 803.1 821.4 838.6 846.9 845.1 812.4 761.8 732.7 705 687.9 690.2 684.2 663.6 603 573.6 551.2 526.8 509.1 501.2 496.6 493.3 492.8 493.3 494.3 496.9 502.2 507.9 512.5 517.5 526.3 536 546.6 559.2 573.8 589.2 602.1 610.8 628.9 644.3 647.6 650.9 651.2 648.3 655.7 658.8 662.3 667
894.5 869 858.5 855.8 855.3 837.2 819.6 799.5 788.9 774.9 765.8 760.7 750.1 749.4 760.1 788.1 844.4 889.3 911.7 926.5 921.6 917.2 915.4 908.6 903.2 900.4 896.4 897.4 893.3 881.6 858.8 861.2 870.3 869.7 861.6 853.2 838.3 785.5 773.4 732.5 724.9 713.5 685.2 641.7 601.6 563.3 544.4 524.9 510.8 499.7 495.7 493 495.2 496 497.4 500.6 506.9 512.9 516.7 525.1 532.3 540.7 556.8 579.2 599.4 616.1 626.8 634.4 643.3 655.6 659.9 663.6 668.6 675.8 679.4 681.3 681 680.8
888.1 894.2 900.1 904.5 899.3 887.9 853.9 810.1 795.2 793.2 795.4 799.1 790 793.3 805.5 839.5 895.8 924.9 926.3 924.7 921.5 917.4 913 911.9 912.2 906.4 904.1 899.3 894.9 888.5 885.9 878.5 869.8 861.9 851.4 841.3 833.3 820.7 805.8 789.7 764.6 721.8 672.1 625.5 588.2 559.9 538.7 522.5 510.3 502.1 496.8 496.2 497.5 500.1 503.2 506.2 511.3 516.4 523.3 531.7 537.7 554.8 575.1 598.6 622.8 636.8 644.8 648.3 658.7 666.3 671.8 679.6 693.3 693 697.4 696.6 690.1 684.5
873.3 880.2 885.9 891.6 896.3 889.4 856.1 828 824.9 835.2 847.3 856.2 845 847.6 855.8 878.9 913.3 931.6 932.8 929.5 922.1 913.8 908.8 905.4 900.9 894.2 891.2 889.2 882.7 876.5 870.3 865.2 857.5 848.8 840.5 831.1 822.6 816.3 808.5 790.5 763.3 726.6 679.7 637 614.6 577 533.4 516.6 509.6 503.7 499.3 500.6 502.7 502.5 506.9 511.2 515.4 521.1 528.3 536.3 550.4 572.3 598.9 623.5 638.7 647.1 655.3 663.3 670.4 676.3 691.4 710.6 708.6 704.9 706.4 701.7 690.2 679.2
856.6 865.6 872 878.8 886.5 897 884.9 856.5 856.2 872.3 906.5 919.6 913.9 923.8 916.1 923.5 938.7 935 934.1 926.9 913.3 906.7 906.7 901.8 893.5 888.5 882.6 876.9 871 864 858.7 853.6 847.5 841.6 832.9 828.8 823.7 818.5 810.9 797.2 781.3 738.4 701.8 672.8 644.7 613 561.4 518.9 509.3 504.5 501.7 504.1 506.9 506.4 511.4 516.1 519.5 525.7 532.8 544.8 568.6 595.6 624.8 640.3 648.8 661 665.2 675 679.7 683.8 698.6 707.7 715 721.1 719.8 708.2 687.7 669.4
840.2 848.6 856.7 866.1 877.5 889 900.1 904.7 910.3 924.2 938.6 950.4 953.1 954.6 950.4 945.9 935.4 927.3 926.8 912.6 902.6 896.4 895.4 890 883.1 878.3 873.4 866.8 860 852.9 843.3 833.5 829.5 826.5 826.8 825.8 822.7 820.4 816.8 812.8 810.8 801.3 767.9 691 650.3 618.8 587.6 546.3 524.8 512.7 506.2 507.8 511.3 511 515.8 519.5 525.4 531.4 543.7 563.3 590.8 620.8 640 658.6 673.5 677.3 681 682.4 686.2 694.3 698.3 707.1 726.3 722 715.9 705.4 685.4 665
825.6 834 844.1 856.7 870.8 883.8 896.3 909.1 921.3 931.7 941.7 951 952.7 952 949.3 941.4 924.9 910.6 904.4 891.6 883.4 880.3 880.1 880 871 866.4 860.6 850.6 845.1 836.6 825.9 818.2 816.7 817.6 817.7 816.5 818 821.5 823.5 825.6 822.2 810 773.3 718.2 651.6 618.2 592 560.3 533.2 520.2 513.3 516.4 515.3 515.7 520.7 524.6 530.5 539 555.9 580.3 606.6 642.8 679 691.6 691.4 688.8 697.6 693.1 691.2 694.3 693.2 706.2 718.4 721.2 711 697.1 681.1 658.9
812.3 824.1 837 851.9 868.1 883.5 897.5 911.1 923.2 933.4 942.3 948.1 948.9 948.9 946.4 938 923.3 911.1 903 881.6 873.1 871.6 872.9 870.4 860.3 850 842.9 836.5 828.3 817.4 810.4 806.3 804.9 805.8 806.8 808 809.3 807 808.4 810.7 810.6 800.3 786.2 740.9 671 630.3 599.2 574.4 548.3 530.5 522 522.9 520.1 521.1 525.7 530.1 537.8 550.9 569 602.2 639.2 673.6 685.6 689.1 697.7 709.4 705.2 701.4 701 698.1 691.8 702.9 708.3 709.9 699.5 682.6 663.5 648.5
797.3 812 833.9 855.5 871.6 886.5 900.7 913.1 922.8 931.3 938.7 942.9 945.7 946.8 943.5 932.1 920 909.2 894.7 877.8 868.4 863.7 859.6 854.5 842.4 829.7 825.5 817.3 810.7 802.5 797.7 793.7 792.6 794.8 796.8 796.9 794.6 793.8 790.1 790.6 793 784.1 775.2 756.7 711.7 650.2 615.8 590.3 555.9 537.4 530.9 527.8 525.1 525.9 529.9 535.4 545 558.6 590 629.3 664.3 675.5 678.5 684.8 701.5 711.6 706.6 699.9 707.9 693.6 698.8 701.5 699.5 692.3 677.7 666 653.8 634.8
810.1 828.4 846.9 864.3 878.8 894.9 909.9 922.4 928.4 935 940.8 943.7 945 944.9 936.3 925.5 913.6 898.7 887.5 871.6 860 849 844 838.9 829.4 814.8 810.4 804.2 800.7 794.6 784.6 781 781.8 781.3 780.3 780.4 780 774.8 772.9 770.1 769.9 762.7 756.3 748.2 735 690.9 642.7 594.6 566.3 548.2 538.1 532.7 530.1 529.7 534.8 540 553.7 574.1 605.2 642.2 657.2 660.2 665.4 685.1 700 702.7 697.4 691.7 689.7 692.2 704 699.6 688.2 674.7 662.8 647.9 640.8 631.2
821.6 841 859.2 876.6 895.3 909.4 920.2 928.2 933.3 935.9 937.5 935.1 933.5 928.2 917.8 911.6 902.9 887 868.9 852 845.9 837.8 829.3 824.1 816.5 807.5 804.3 795.5 792.1 782.6 778.4 771.4 767.9 766.5 763.7 761.6 758.3 755.7 749.7 747.8 747.2 742.6 736.2 729.1 716.2 705.6 665.4 621.8 580.2 556.5 542.5 537 533.4 535.3 540.1 549.2 567.1 589.1 616.2 635.8 647.5 653 665.4 680.3 688.2 693.5 682.8 683.9 687.8 695.3 698.3 688.6 681.3 673.5 657.8 645.9 630.8 611.2
835.6 850.6 868.5 888.9 903.9 914.6 921 927.9 929.2 929.5 924.1 913.6 909.3 903.9 895.5 888.5 879.6 860.7 843 833.7 821.5 810.9 809.9 805.9 801.7 801 792.8 785.9 778.7 774.3 769.6 760.6 756 752 749.9 745.2 738.8 735.6 731.6 727.6 726.3 724.2 715.4 708.5 700 690.7 682.7 646.3 598 567.4 549.5 541.2 540.1 544.1 552.9 562.6 577.3 609.2 640.5 646.9 642.6 650.5 664.4 672.5 676.5 679.6 679.8 685 693.1 692 684.2 685 677.9 663.4 638.2 616.9 598.8 592.6
849.1 863.8 877.9 885.1 899.3 907.1 910.7 910.6 912.7 914.9 906.9 898.7 892.6 882.5 870 862.9 855.3 842.8 808.2 790.6 785.4 776.6 786.2 788.5 787 783.9 777.6 777.9 773.7 762.7 760 752.2 744.1 739.1 732.1 727 720.2 716 710.6 707.2 700.9 699.4 695.3 685 676 664.6 658.8 638.9 604.3 577.2 561.8 554.3 549.6 552.8 566.7 583.7 605.2 633.9 650.4 643.3 640.7 650.6 656.3 660.9 666.1 670.4 669.5 675.5 679.7 674.5 668.5 666.1 651.9 634 610 595.2 587.4 586.4
852.8 853.6 847 859.5 884.5 886.3 887.7 888.1 890.4 895.8 890.5 882.8 872.7 862.5 854.9 848.6 839 821.1 775.8 764.8 747.5 747.4 757.4 765.8 766.2 766.9 768.7 763.1 757 749.1 740.1 733.6 726.2 718.8 712.5 711.5 709 705.9 699.9 691.9 686.3 683.3 677.7 663.7 655.8 649.4 639.2 621.3 610.2 595.1 581.5 566.8 559.9 562.4 581.2 604.3 626.5 636.7 638.2 639.6 637.7 642.3 648 651.9 655.5 654 652.7 654.5 648.4 641.3 645.6 634.4 617 605.7 597.6 584.3 583.4 574
817.2 819 815.8 823.2 846.3 857.4 857.7 857.5 860.1 863.6 859.7 852.4 848 843.4 837.1 829.7 819.6 801.4 756 732.8 719.8 721.1 728.5 739.6 740.5 748.5 753.8 751.7 740.8 730.9 720.3 717.8 708.6 704.5 701.5 698.7 696.3 690.5 682.1 673.6 673.4 666.4 661.8 660.5 653.9 642.9 626.6 618.2 618.7 623.7 614.4 603.5 582.8 575.4 593.9 611.2 622 627 629.6 629.9 632.3 636 637.8 639.4 637.3 629.2 626.5 621.9 618.3 624.2 618.7 611.5 605.7 599.6 582.8 576.6 570.7 568.5
783.2 784 781.2 787.7 800 819.7 830.3 829 830.9 832 829.2 828.7 822.9 819 817.1 805.5 800.2 784.5 742.3 716.6 703.3 699 701.2 706.1 713.7 726.3 731.7 730.1 720.2 711.2 704.3 701.1 696.5 693.2 689.6 681.6 677.7 671.1 668.2 660.2 655 652 647.9 650.6 638.7 628.4 622.3 622 625.2 624.8 628.9 617.6 592.3 586.9 595.1 607 612.7 621.2 625 621.4 625.9 629.3 630.2 625.1 617.6 610.7 610.1 610.8 607.5 603.5 598.7 600.2 602 589.9 574.4 570.5 568 563.1
748 747.4 748.6 752.9 767.5 785.9 801 800.9 802 804.3 801 798.3 799 795.6 790.3 779.9 768.8 755.7 736.6 706.8 685.3 677.1 675.2 676.7 692.7 704.1 704.5 703.4 697.9 696.5 691.3 684.6 678 673.7 667.3 662.8 658.6 656 649.6 645.4 639.5 632.8 629.7 623 623 621.2 616.5 611.5 615.5 613.7 608 600.9 592.8 592.4 596.5 604.1 608.5 607.5 608.9 615.3 624.7 628.2 625.4 620 611.3 600.6 596.4 593.9 591.4 590.1 592.1 590.7 585.8 574.9 572.9 568.3 565.9 559.1
713.8 713.5 715 725.1 744.1 761.1 764.6 772 777.7 778.3 774.9 774.9 771.4 766.3 759.2 751.2 739.2 736.1 721.1 698.3 675.7 656.6 654.9 654.6 662.7 668.5 673.9 677.7 675 671.7 666.5 668.4 659.3 643.8 641.3 643 642.9 642.8 635.1 627.8 620 613.9 616.1 615.2 611.6 605.2 600.4 594.9 595 592.7 591 592 588.4 588 588.4 585.5 591.4 594.2 603.6 617.7 619 622.1 623.4 616.1 608.6 613.6 595.6 586 585.7 589.5 594.7 584.1 575.3 575.9 582.9 580.6 575.9 568.1
697.1 691.6 695.3 708.2 726.3 741.4 743.6 753.6 755.4 753.8 752.3 750.8 743.3 736.2 734.7 728.2 722.1 715.1 702.3 685 663.7 645.8 634 634.8 637.6 644.2 647.5 651.2 654.3 650.3 642.7 637.1 629.3 617.9 617.8 622.9 623.4 618.9 609.3 604.5 603.1 608.2 612.7 608.4 598.9 591.7 590.1 589.3 588.7 580.5 581.6 578.5 581.6 575.3 573.8 579.8 590.3 596.6 602.6 606 614.9 614.4 615.8 605.1 597 592.3 586.8 585.1 584.8 590.1 593.1 582.2 584.5 588.8 586 585.4 578.5 572
686.8 687.6 694.9 695.1 709.5 720.5 721.8 728.8 729.5 736.4 732 731.6 729.4 731.3 725.5 720.1 706.8 693.7 674.6 662.9 649.6 636.6 625.8 621.5 625.1 624.8 622 624.1 633.6 626.1 623.7 617.1 605.2 602.8 601.9 603.3 600.3 601.8 590 593.5 596.4 598.8 594.6 595.4 589.5 585.5 587.3 590.8 583.9 574.8 565.5 561.5 560 560.7 574 583.9 584.3 588.6 592.9 595.2 603.2 606.5 597.8 590.3 586.3 585.6 589.8 590.9 591.6 588.5 582.9 583.8 587.8 591 580 574.7 569.5 567.8
677.2 694.7 693.8 682.1 699.9 707.5 696.4 699.6 706 713 722.8 727.2 725.6 717.9 717.3 708.6 699 684.7 668.4 656.6 639.2 626.1 614.5 608.1 611 609.3 603.8 599.8 603.8 602.1 598.9 586.8 582.5 585 580.3 576.5 573.1 574.9 582.1 586.5 585.6 587.1 584.8 582.9 583.2 580.4 579 579.3 575.2 569.1 556.3 550.8 551.3 561.6 571.6 580.4 585.5 581 580.8 585.9 582.7 580.7 578 576.4 577.6 583.5 586.4 584.1 579.4 573 576.9 581.6 580.8 582.9 583 581.4 575.5 567.4
675.5 684.3 688.7 678.5 687.1 688.2 678.9 681.3 692.5 707.5 708.8 711.9 708.6 703.9 701.8 696.3 694.6 683.5 677.2 660.9 634.7 615.2 596.5 588.9 591.9 579 576.8 579.8 577.2 568.7 567.1 566.8 569.1 567.2 563.3 561.5 562.3 568.3 573.2 576.4 581.2 579.7 581.3 583.3 577.3 574.8 573.8 569.5 567.2 554.1 545.6 546.7 549.1 562.1 570.8 568.6 572.5 570.9 574.6 573.1 570 568.2 563.7 568.5 578.9 583.3 580.6 581.7 572.6 575.7 569.2 568.1 567.8 573.2 570.5 565.5 557.8 547.5
662.6 666.6 674.9 676.3 676.4 669.5 665.7 674.8 686.4 688.4 689.2 688.5 688.5 688.4 683.4 681.3 676.4 677 666.8 655.7 638.8 608.7 595.4 570.9 564.4 555.3 556.7 553.4 551 552.7 551.7 547.7 545.3 543.1 548.7 548 558.8 561.9 564.9 571.8 578 578.1 573.7 571.2 565.4 559 556.8 552 542.2 541.6 547.7 544.1 544 548.4 546.9 552.1 555.7 557.4 559.6 562 556.8 555.9 562.4 564.5 566.6 573.2 574.8 569.2 571.5 566.4 559.1 552 549.5 545.5 542.6 537.5 534.4 527.1
652.5 649.7 657.3 661.9 661.3 656.6 658.8 665.1 673.5 675.1 676.6 674.5 677.5 668.7 663.7 662.1 657.3 656.5 659.2 651.3 622 600.2 582.2 558.8 548.6 544 543.9 539.8 538 539.8 536.3 525.8 522.9 529.2 535.6 540.1 545.7 552.8 556.1 560.5 567.4 563.9 558.2 551.9 545.9 539.6 534.1 536.6 538.2 538.7 537.9 533.4 537.8 537.7 533.4 534.7 538.6 544 546.2 547.3 540.5 550.9 551.3 547.5 549.8 548.4 548.7 556.9 562.9 560.6 552.6 548.2 539.4 534 534.1 535.1 524.2 510.2
641 641.1 645.5 648.1 647.4 642.8 647.4 652.5 654.4 656.9 660.5 657.3 654.4 652.3 651 643.1 648.9 644.5 645 638.7 610.3 595.7 563.8 548.5 545.1 533.8 526.5 528 522.3 516.4 512 510.1 511.6 514.4 516 522.2 527 534.4 536.1 542.8 546 540 535.5 532.3 527.5 523.6 525.4 523.7 521.9 527.7 526.9 526.9 524.6 528.7 526.5 522.3 524.3 525.5 526.5 526.2 529.7 533.1 532.4 532.8 532.2 528.8 535.2 544.3 544 535.9 528.2 526.1 524.9 524.6 520.8 517.2 507.4 496.8
628.6 631 636.4 637 634.8 637.8 637.7 644.4 647.4 648.7 642.3 638.9 640.4 636.6 630.3 629.7 637 631.7 625.5 615 597.7 583.7 561.3 539.9 531.3 522.6 513.6 509.1 504.2 497.8 497.2 497.3 496 497.9 500.5 504.6 509.9 510.2 517.5 522.2 518.2 513.9 511.6 515.4 517.7 508 511.6 517.4 513.3 510.9 513.4 511.4 515 514.8 508.3 505.5 510.3 513.7 513.7 513.6 506.3 506.2 507.7 510.6 507.2 508.6 514.1 520.5 523.3 517.1 517.3 511.3 507.3 506.1 508 499.4 487.4 476.4
615.9 618.8 622.4 622.1 618.1 620.2 625.5 631.4 634 640.4 628.2 615 617 620.5 621.5 627.5 631.8 625.6 615.9 605.7 596.8 575.8 553.6 531.2 518.8 510.6 499.1 492.6 490 489.7 489.7 487.7 486.5 486.2 482.9 488.2 491.6 490.3 491.7 491.2 490.8 498.5 504.7 501.5 498.3 492.4 503.4 504.4 500.7 497 497.2 496.8 497.1 494.5 494.4 491.4 488.6 497.1 497.5 483.8 475 470.7 470.2 477.9 486.6 491.6 491.4 491.9 493 497 496.7 492.6 489.9 492.9 485.5 477.2 469.4 461.8
605.2 605.8 606.4 605.4 599.5 596.5 604.4 605.9 606.4 611.1 605.8 600 608.9 614.4 616.5 620.2 626.1 627 617.5 609 604.4 576.8 548.3 525 507 496.8 490.7 484.1 483.2 481.9 480 475.9 476.1 470.9 471.4 472.6 474.1 470.6 472.7 481 479.3 478.6 476.5 476.4 478.5 472.9 481.2 485.2 485.9 479.5 478.6 475.7 477.2 481 478.3 473.6 461.3 464.5 456.5 450.4 443.3 449.1 454.7 460.5 465.9 471 473.5 475.5 475 477.1 471.7 466.4 462.8 461 469.9 456.8 453.7 463.6
593.2 592 592.4 589.1 582.7 576.8 578 578.5 581 589 586.2 587 595 599.2 606.5 617.8 631.3 636.7 636.4 624 603.9 580.3 555.5 530.8 515.4 504.3 495.5 488.6 477.5 466.9 463.4 459.7 457 458.3 462.6 457.3 455 455.5 460.1 463.8 462.4 461.6 459.9 456.9 456.8 452.1 452.4 459.1 456.8 456.9 452 448.9 462 466.1 461.4 449.6 440.1 432.4 428.1 420.6 422.6 434.1 437.3 439.6 447.1 453.9 466.4 468.4 457.6 449.2 442.6 439.3 438.4 443.2 435 439.6 443.7 453.2
578 573.8 574.3 569.4 563.1 553.6 558.2 564.3 572.4 570 565.9 571.1 575.4 589.4 604.5 611.1 618.6 625.6 618.9 609.5 591.1 567.1 548.9 535.8 527.5 517.7 511.6 502.4 487.9 473.8 462.5 454.1 449.1 448.3 446.4 444.8 445.7 447.4 445.5 446.1 446.8 444.3 437.5 435.9 432.1 427.2 434.2 431.6 429.6 430.1 426.9 430.6 440.1 445.7 434.7 425.9 420 414.5 407.4 406.3 409.4 412.8 422.1 425.7 428 441.3 444.8 445.4 433 427.1 428.3 416 416.9 417.2 419.6 421 420.6 424.4
559.4 554 550.1 547.6 539.6 529.1 534.9 540 549.2 548.6 546.5 554.7 566.4 579.5 584.9 592.1 595.4 597.9 591.4 582.3 567.2 558 552.6 540.6 528.6 519.5 506.8 498.2 486.4 475.9 464.2 454.6 448.7 444.7 442.7 438.6 438.7 431.9 430.3 430.3 424.6 417.4 412.7 408.4 405.6 401.8 400.5 406.6 403.4 401.7 404.8 405.6 414.5 415.3 415.1 409.9 402.1 398.6 392 391.4 391.5 395.3 400.1 405.7 413 416.7 418.1 415.6 404 401.5 397.6 396.8 398 392 393.5 393.5 396.3 390.5
