STL Generation/terr50_gagg_gb/data/NH28.asc
ncols 200
nrows 200
xllcorner 220000
yllcorner 880000
cellsize 50
[rows 35 to 69 of 200, columns 0 to 77 of 200]
376.9 383.2 386.6 393.2 402.1 414 427.6 447.2 459.3 471.9 480.5 495.5 510.4 523.8 531.1 539.1 539.2 538.8 537 536.3 535.6 536.1 538.5 538.8 539.9 538.8 539.2 538.1 537.5 538.9 542.9 549.5 554.9 558.6 562.7 571.7 581.8 588 593.3 598.6 606.8 611.2 615.6 621.9 627.9 629.6 630.2 628.8 627.5 628 628.5 631.7 631.1 629 627.7 625.3 623.6 619.4 614.6 609.5 605 600.5 595.9 591.5 586.5 580.7 576.2 571.5 566.3 561.5 556.5 551.2 546.8 542.5 538 532.6 528.4 520.7
379.7 382.8 386.4 392.4 400.7 409.2 431.8 440.3 450.8 462.7 476.5 489.8 506 517.9 529.6 533.9 535.8 536.4 534.4 533.3 531.9 531.4 534.4 538.8 541.2 541.2 540.5 538.5 538.2 538.3 540.5 543.1 545.8 548.2 551.4 564.8 571.9 577.4 582.2 587.6 593.9 600.7 605.2 610.8 616.2 618.8 619.5 618.2 618.1 617.8 618.8 618.9 619.5 619.9 619.2 618 615 611.6 606.7 602.1 598.6 595.5 591.8 587.7 584 578.4 573.4 568.8 563.6 558.4 553.5 549.2 545.8 542.6 537.8 532.3 528.8 520.7
381 380.3 386.2 392.8 401.2 415.3 428.9 438.9 450.2 462.8 476 491.4 504.6 516.8 526.8 532.5 533.2 533.4 531.8 529.8 528.9 531.1 533.2 540.7 541.4 539.3 540 537.8 536.5 536 538.2 539.9 543.1 546.5 552 561.1 564.7 569.2 574.6 581.5 587.3 593.8 595.5 600.2 604 606.1 607.4 607.8 607.3 606.8 607.8 608.2 608.3 608.2 607.6 605.3 603.8 602.3 598.5 594.6 590.6 589.1 587 584 579.5 574.8 569.9 566.1 562.2 556.9 552.1 547.6 544.8 542 537.7 532.2 525.5 518.5
378.9 379.6 387.8 402.1 413.3 422.3 433.2 447.2 458.1 474.7 493.9 511.5 520.9 522.7 527.5 531.3 531 530.8 530.9 527.6 523 525.7 527.5 530.9 533.4 531.5 534.7 535 533.3 532.3 535.4 539.2 541.8 543.9 547.9 555 558.3 563 569.9 574.4 579.9 584.4 585.2 588.3 591.9 594.6 596 596.1 595.7 595.3 595.7 595.7 595.9 596.1 595.3 593.9 591.2 589.1 586.6 584.8 584 582.1 580 577.1 571.5 568.4 564.4 562.6 559.1 553.7 548.5 544.2 542.6 541.2 536.5 529.2 522 514.9
381.9 384.9 393.4 404.1 413 425 441.1 456.6 479.4 498.9 510.2 518.3 521.3 520 520.4 523.4 524.2 525.9 523.8 520.2 518.4 519.2 521.6 524.7 526.3 527.4 529.5 530.9 530.1 528.6 531.6 534.5 537.9 541.3 547.3 550.6 550.4 555 560 563.2 568.1 572.1 575 578.5 580.6 582.8 584.2 583.7 584.1 584.6 585.1 585 585.2 584.5 582.9 581.1 579.1 577.4 576.5 575.8 575.4 574.4 571.3 566 562.6 559.7 557.8 555.2 552.2 547.5 542.3 537.9 536.3 533 528.4 522.8 516.3 508.8
390.7 393 399.6 408.9 422.4 438.9 455.4 474.2 492.1 505.2 512.1 521.3 519 515 512.7 513.9 514.4 516.1 515.7 514.8 513.1 516.2 519.3 521.9 523.2 523.6 522.4 524.4 523.1 523.1 526.6 530.2 533.6 538 542.4 543.5 544.2 546 549.6 553 558.4 559.9 562.9 566.1 568.6 570.4 572 573.2 573.9 574.6 575.5 575.3 575.1 573.5 571.9 570.2 567.5 567.1 568 567.1 564.7 560.7 558.5 556 552 550.1 548.6 546.7 543.7 540.2 535.6 530.4 527.7 523.9 519.1 513.9 508.3 501.1
395.5 402.7 413.9 427.3 442 451.4 469.6 481.9 491.8 500.3 505 509.8 510.6 508.7 508.6 507.4 508.5 509.7 508.6 509.7 510 513.6 516.7 518.6 520.3 518.9 516.6 516.7 517.1 516.4 519.9 524.7 528.7 531.8 534.4 535.3 536 538.5 541.1 544.3 547 549.5 552.4 555.4 555.9 559 561.2 562.5 563.3 564.6 565.5 566.4 565.7 563.4 562 558.8 557.2 559.1 559.6 556.3 552.9 549.5 549.2 546.4 543.6 541.2 539.5 538 535.3 533.2 530.4 522.8 520.5 516.5 511.7 505.6 499.7 494.5
402.8 412.4 424.2 439 454.5 464.4 471.2 479.2 485 492.1 496.5 500.9 503.7 504.1 504.6 503 503.5 505.5 508.8 510.1 510.7 511.2 512.5 513.3 514.3 513.3 509.6 509.3 509.7 509.9 513.8 515.3 518.9 522.8 525.3 526.4 526.6 529.5 532.7 535.6 538.1 540.1 542.8 545.7 547.1 550.4 553.8 554.2 555.5 556.2 555.7 555.8 555.1 554.4 553.6 551.4 550.3 550 548.5 545.7 545.5 543.5 541.2 539.3 536.1 532.4 530.7 529 527 524.1 518.9 514.4 512.8 509.6 504.9 498.4 492.9 487
407.8 420 432.8 442.9 450.6 460.7 469.3 479.3 479.9 485.4 488.5 492.4 497.6 501.3 501.4 499 502.2 504.6 506.8 509.6 510 510 510.4 509.4 508.5 506.5 502.9 502.4 503.3 503.4 505.5 507.7 510.3 514.2 516.6 517.5 518.7 521.3 524.6 528 530.7 532.8 534.5 537.6 540.5 543.3 546 547.1 548 548.8 547.8 546.2 545 546.1 546 544.1 542.4 541.2 539.8 538.6 537.8 535.5 532.7 531.6 528.2 524.9 522.6 520.6 517.7 514.7 510.3 507.1 505.7 503 498.2 492.6 487.7 484.1
418.5 426 432.3 443.3 455.1 460.5 469.4 472.1 479.7 479.8 484.4 487.8 490 496.5 499 498.3 500.8 503.1 503.2 502.8 501.9 503.3 505.4 504.4 500.4 497.6 496.1 495.6 496.6 497.3 498.1 499.4 501.3 503.9 507.2 508.3 511.1 513.7 516.4 519.5 521.1 525.8 527.3 529.5 532.2 535.2 537.9 538.4 538.9 539.1 538.7 538.1 537.6 537.5 537.6 536.2 535.9 535.3 534 532.2 529.7 527.2 525.1 524 521.3 519.8 516.4 514.5 511.9 509 505.6 501.9 499.7 497.1 493.3 489.4 485.4 481.6
437.4 447.3 453.4 464.4 478.6 482.1 480.6 477 478.8 483.2 486.2 488.7 488.7 488.7 492.7 496.7 498.2 499.8 498.9 498.8 498.9 499.7 500.8 498.4 496 493.2 491.1 490.7 490 489.8 491.8 492.8 494 495.1 497.9 500.7 503.6 506.2 508.9 511.4 515 519.4 520.9 523.1 525.3 527.6 529.4 529.7 530.1 530.2 529.8 529.5 529.5 529.6 529.6 529.7 529.5 529.3 528 525.9 523.6 520.9 519.3 518.2 516.7 515 513 511 507.5 504.3 500.9 497.7 494.7 492.7 490.2 487.2 483.6 480.2
440.7 449.1 465.9 486.3 495.6 499.1 501.5 503.9 497.4 493.6 492.2 492.3 493.1 490.6 496.9 499.4 498.6 498.5 499.8 502.8 499.5 501.1 499.4 496 492.7 490.6 488.6 486.9 485.9 486.2 486.9 488.4 490 488.7 492.2 494.9 497.2 499.9 502.7 505.6 508.7 511.8 514.4 516.5 518.6 520.6 521.4 521.7 521.5 521.6 522 522.6 523.2 522.7 522.8 522.9 523.1 522.9 521.4 520.2 518.8 516.2 515.3 514.4 513 511.6 509.9 508.1 505.2 502.3 499 496 492.7 490.3 488.7 488.1 485.8 483.6
443.2 464 481.1 497.9 510.3 509.9 511.9 511.8 511 507 504 499.9 501.1 504.4 502.7 500.7 498.4 498.3 498.6 499.6 498.6 498.7 495.6 492.3 489.9 488 486.1 485 484.3 483.7 483.7 485 485.9 487.5 488.7 491.5 493.1 495.1 498 500.5 501.8 504.7 507.3 509.5 511.6 512.5 513.3 514.1 514.2 515.4 515.7 516.3 516.9 516.7 516.1 516.3 516.5 516.6 516.5 516 514.1 513 511.9 510.6 509.4 508.4 506.7 505 502.9 500.3 497.2 494 492.1 489.3 488.7 488.5 488.8 488.7
470.4 477.9 487.9 500.4 508.9 511.7 513.9 514.2 511.8 510.5 509.8 508.8 507.4 508.6 508 501.5 498.8 498.3 498.2 498.6 498.3 494.8 491.4 488.8 487.3 485.6 483.7 483.1 483.2 482.6 481.1 482.4 482.7 483.9 485.3 487.3 489 490.5 493.4 495 496.6 497.9 500.1 502.4 505.1 506 507 507.8 508.3 508.8 509.5 510.3 511.6 511.8 512.1 512.4 512.5 513.1 513.7 514 510.8 509.8 508.6 507.2 506.1 505.2 503.5 501.8 500.6 498.3 495.5 492.2 489.8 490.6 491.4 491.7 491.8 491.5
469.4 479.5 489.6 500.5 507.2 510.8 511.7 513.4 513.4 513.4 518.1 518.8 514.2 510.1 508.4 504.8 500.8 500.1 499.8 498.9 498.9 494.4 488.9 488.8 485.2 483.2 482.1 481.6 482.1 480.8 479 480.1 480.8 480.3 481.6 482.8 484.5 486.2 488.3 490 491.3 492.5 494 495.9 499.3 500.4 501.2 501.9 502.5 502.9 505.1 506.1 506.3 506.6 507.3 508.5 509 509.6 510.2 510.9 510.8 509.9 507.6 506.6 505 502.6 501 499.9 498.7 497.1 494.6 492.3 490.5 492.5 492.9 493.8 494.8 496.6
472.1 481.8 488.7 492.6 499.3 503.7 508.5 510.9 512.1 518.2 520.8 525.9 521.3 517.4 514.1 508.5 508 509.1 506.6 502.3 500.5 495.8 491.2 488.9 484.9 481 480.4 479.9 481.2 478.9 478.8 478.8 479.2 479.1 479.6 480.8 481.3 482.3 483.4 484.9 486.1 487.3 488.8 490.9 493.2 494.6 495.3 496 496.7 498.7 501.9 502.3 501.6 501.8 503.4 505.5 505.9 506.9 507.6 508.4 508.5 508.1 507.6 506.6 505.2 503.8 500.3 498.6 498.3 497.6 496 494.2 492.7 494.5 495.5 496.8 497.9 500.4
469.9 476 483.8 488.3 493.1 499.8 504.4 510.6 513.6 517.9 521.9 528 524.8 522 521.1 515.5 511.2 510.8 509.1 504.2 500.4 498.3 494.2 489.4 485 479.9 478.9 478.8 478.8 478.6 478.5 478.2 477.3 477.8 479.9 480.1 479.2 478.5 479.2 482.4 483.9 484.7 485.4 486.9 488.7 489.8 489.7 490.4 492.5 495 498.7 498.5 498.8 499.1 501.2 502.9 504 506.9 507.8 508.5 508.5 508.4 508 506.9 505.5 503.8 502.2 498.8 498.3 497.9 497.6 495.7 495.6 496.9 498 498.8 500.2 501.6
469.8 476.3 482.6 488.3 494.4 500.9 504.5 508.4 512 517.6 521.4 527.4 525.8 522.7 521.9 521.5 515.9 510.9 509.5 506.4 503.1 500.3 496.6 492 487.7 483.1 480.6 479.4 478.8 478.5 478.3 477 475.7 476.3 477.4 477.5 476.2 476 478 480.5 481.1 481.9 482.7 483.4 485.1 487.3 487.2 488.4 488.9 491.4 494.1 497.2 498.6 498.6 499.4 501.6 504.6 507.9 508 508.5 508.5 508.7 508.4 507.2 505.6 504 502.3 498.8 498.5 498.2 497.9 497.9 498.5 499.4 500.1 501.1 502.2 504.9
465.3 474.9 481.7 488.1 493.5 501.5 508.1 509.3 509.6 515.9 519.9 522.9 523.4 522.4 521.9 521.1 515.6 511.4 510.4 506.5 502.8 501.3 498.8 494.8 490 485.7 483.1 480.8 480.9 479 477.6 476.1 474.7 474.1 474.2 474.7 473.7 473.8 476.1 477.3 477.7 478.4 479.5 480.7 481.5 483.9 484.8 487.3 490.8 491.2 494.4 497.9 499.6 500.7 502.9 504.9 507.1 509.1 508.2 508.5 508.5 509.1 508.8 507.4 505.8 504.2 502.3 498.9 498.7 498.4 498.6 499.6 499.9 501.5 503.7 504.8 505.7 508.2
460.2 471.5 480.7 487.5 495.4 503.7 510.2 511 510.1 514.8 518.6 520.6 518.6 517.8 517.9 516.3 513.4 509.9 506.6 504 501.3 499.3 496.9 493.1 488.9 487 484.4 481.8 480.7 479.6 477.4 475.8 474.2 473.1 472.3 471.7 471.2 472 473.6 474 474.4 475.7 477 478.2 478.7 480.4 483.5 486.9 491.3 493.5 495.7 498.5 501.1 503.9 506.9 509.7 510.1 511.2 509.6 511.9 512.3 510.1 509.1 507.4 505.5 503.5 501.5 501.2 499.8 498.7 500.8 502.5 502.9 504.6 506.7 508.3 509.7 513.1
457.6 469.2 477.8 486.4 494.1 502 506.4 505.8 511 511.9 511.5 512.1 511.1 509.1 509.6 510.6 508.5 505.6 502.2 500.8 498.6 498.6 495.8 491 490.8 488.3 485.4 482.4 479.4 478.8 479.1 477.5 475.6 473.7 472 470.8 469.9 469.9 472 472.4 473.3 474.4 475.7 477.7 480 480 483.1 486.8 489.3 492.1 496.2 499.9 503.2 507.1 509.7 511.4 512.5 513.1 511.3 513.6 513.3 512.5 510.6 508.8 507 505.6 504.3 500.6 501.2 501.4 501.5 504.7 505.9 507.6 509.9 512.5 514.1 518.6
455.3 465.4 474.9 483.1 492.3 500 503 500.5 501.3 503.1 503.6 504.2 504.5 503.9 504.1 503.4 501.8 500.3 498.1 496.5 498.5 499 498.6 493.8 490.4 488.9 486.3 483.7 481.6 480.5 479.4 479.2 477.3 475.1 472.7 470.9 469 468.8 470.4 471.3 472.1 473.4 475.2 477.1 479 480.5 482.7 486.4 490.3 492 496.4 500.6 504.6 508.3 510.3 512.3 513.5 514.2 514.7 515.1 514.5 513.5 512.5 510.5 508.1 506.8 504.6 503 503.1 503.9 503.9 505.5 508.8 510.8 513 516 519.3 523
444.7 456.5 467.3 473.5 484.2 488.6 492.7 493.3 494.2 495.8 494.6 493.9 494.8 496.2 496 495.3 493.9 493.8 493.5 494.9 497.5 499.4 500.2 497.1 493.3 490.5 488.4 486.3 485.6 483.2 481 481.3 479 476.4 473.7 470.8 468.5 469.7 470.5 471.2 472.2 473.5 475.3 477.1 478.9 481.1 482.4 485.8 489.7 491.7 495.8 499.4 503.3 506.6 508.9 511 512.5 514 514.4 514.7 515.1 514.4 513.3 511.9 508.8 507.8 506.4 505.2 505.7 506.3 507.2 507.3 510.9 514.2 516.6 518.4 523.1 527.1
434 446.2 454.4 462.1 469.2 474.3 478.3 482.3 485 486.5 483.9 482.4 484.6 487.1 487.5 487.2 486.8 486.4 489.1 492.6 495.4 498.4 499 498.8 496 493.2 491.1 490 488.8 485.6 483 480.7 479.1 477.1 474.4 471 470.3 464.5 471.3 472 472.8 473.8 475.4 477.5 479.1 480.2 482 485.4 489 492 495.1 498.2 500.9 503.2 507.2 509.1 511 513 513.8 514.3 514.3 513.5 512.7 511.7 509.9 508.7 507.4 507.8 509.6 509.8 510.7 509.1 514.1 518 520.5 523.6 527.4 531.4
420.1 432.8 441.7 450.7 456 460.4 465.2 469 473.2 473.3 471.3 473.2 476.1 477.3 479.1 481.3 480.9 481.8 486.2 490.2 493.8 496.7 498.7 500.1 498 495.8 493.3 490.9 491.1 486.9 484 480.7 478.9 477.3 475.1 471.5 470.5 461.6 470.6 471.2 472.8 474.9 476.4 478.4 478.9 479.3 481.3 484.7 488.2 491 492.6 496 499.1 499.9 504.4 506.8 509.7 511.6 513.3 513.8 513.3 512.5 511.4 510.6 510.2 508.8 508.8 509.9 511.2 512.8 514.1 515.6 519.4 522.9 525.9 530.3 533.8 537.6
409.1 425.2 434.1 440.5 444.7 447.2 450.6 456.3 460 459.1 460.8 464.9 466.8 467.9 471.7 476.8 478 481.2 486 491.2 494.2 498.4 499.4 500.7 499.3 497.3 494.7 491.8 489.5 486.2 483.2 480.8 478.4 477 475.1 471.8 469.4 457 469.1 472.9 474.2 476.9 478 479.3 478.9 480.7 481.3 484.1 487.5 491 491.3 495.1 496.9 498.6 500.8 503.2 507.4 510.1 511.7 513.2 512.6 511.9 512.1 512.3 512.6 512.3 511.6 512.8 514.2 516 517.5 520.1 523.5 527.2 531.2 536.1 541.6 543.3
397.4 413.2 423.7 428.7 433 438 442.4 445.7 445.6 447.1 451.1 453.5 456.8 459 464.1 469.7 473.9 480.4 487.1 492 497.5 500.9 500.7 503.8 502.1 498.5 493.8 489.8 487.2 484.6 481.9 479.1 477 475.9 474.3 470.7 467.1 449.7 468.4 475.2 478.2 478.6 478.9 479.1 479.1 481.3 481.3 484.3 487.2 489.8 492.2 493.6 495.4 497.2 498.6 499.6 504.6 508.8 510.7 511.2 511 512.4 513.6 514.5 515.4 516.4 515.5 515.8 517.6 520.1 521.6 524.4 527.8 531.5 535.3 540.9 547.4 553.5
390.2 403.1 414.2 422.3 427.5 432.4 437.9 441.9 441.6 442 442.1 442.3 446.7 455.6 464.5 469.6 473.7 481.2 487 492.9 497.4 500.3 500.8 500.1 498.5 495.8 491.2 487.3 484.1 481.6 479.2 476.7 474 472.5 470.9 467.7 464.7 445 464.7 470.7 475.9 477.6 478.4 479.4 481 481.3 481.2 484.1 486.1 488.2 490.6 492.1 493.9 496 498 500.2 503.1 506.8 509.3 510.1 510.8 513.6 516.1 517.2 518.4 520 519.6 518.8 521.9 525.4 528 530.2 532.9 536.9 541.2 546.2 551.3 557.4
386.5 396.2 406.3 416.4 422.1 427.6 432.5 435 434.4 434.7 433.1 437 443 452.1 461.3 468.6 471.7 478.5 486 492 495.4 497.3 497.5 497.1 495.5 492.4 488.5 484.7 481.2 478.6 476.2 473.8 470.5 469.4 468.8 466.6 461.3 441.2 459.6 466.8 470.5 473.1 475.2 477.8 480.1 481.3 481 483.1 485.1 487.2 488.9 491.5 494.2 496 497.7 499.9 501.6 504.8 507.8 508.7 511.9 514.8 517.3 519.9 521.3 523.4 525.1 524.8 527.5 530.6 532.2 534.9 538.1 542.6 547.2 551.7 556.6 563
382.4 386.2 394.8 406 414.8 420.3 424.1 426.6 426.2 426.7 428.9 434.7 442.1 446.3 453.8 460.1 466.7 472.8 480.9 488.5 492.2 491.7 491.2 492.6 490.4 487.8 485.1 481.8 478 475 472.8 470.7 468.6 467.4 467 468.2 456.8 431.2 447.2 462.2 466.7 470 472.5 475.8 478.5 479.1 480.7 482.7 484.7 486.8 488.9 491.2 492.3 494.2 496.5 498.7 500.6 503.9 507 510.4 513.3 516.1 518.7 520.7 525.8 528.6 530.4 531.2 531.1 533.8 536.3 539.2 543.2 547.5 552.1 556.2 561.6 569.2
372.3 379.5 386.8 395.6 404.3 410.9 414 417.8 418.3 422.6 426.8 433.7 438.3 442.4 446.8 454.7 462.6 470 477.3 483.1 487.5 486.9 485.2 485.5 484.8 481.8 478.7 476.7 472.2 470.2 468.5 466.8 464.7 464.2 463.9 460.6 443.6 411.3 443 458.1 463.6 467.9 471.9 474.3 476.7 480.4 480.2 482.2 484.5 486.8 489.1 489.2 491.1 493.2 495.6 498.5 500.1 504.4 508.4 513 516.8 521 523.7 528.5 530.2 533.7 535.7 537.4 538 539.6 541.1 543.9 548.2 552.5 556.8 561.4 568.1 575.4
369.4 375.1 380.7 388.1 395.3 400.6 403 406 409 413.6 419.4 426.8 432.1 436.9 442.9 451.4 459.7 468.5 473.1 477.2 480.3 481.6 478.5 477.8 476.6 474.8 471.7 469.6 467.7 465.8 463.6 461.9 460.1 460.9 457.5 446.8 415.9 397.3 442.3 455.4 460.8 465.6 469.9 472.3 474.4 478.8 480.3 480.8 483.1 485.4 487.2 488.9 489.5 492.3 496.1 500.1 504 509.6 514.6 519.6 523.3 526.5 529.2 533.6 534.7 536.9 541.8 542.6 544 545.9 547.4 548.7 553.2 558 562.3 567.7 574 581.1
367.9 372.3 376.4 381.8 386.4 390.1 391.3 392 399.1 404.5 411.7 419.5 426.4 432 439.6 448.2 456.6 461.8 467.5 471.3 471.8 472.9 471 469.9 468.9 467.3 466.5 465.3 463.6 461.7 459.5 457.8 456.6 455.9 451.8 431.8 390.6 410.6 429.5 447 457.2 460.5 466.3 469.2 473.2 477.2 479.7 480.2 481.7 483.5 485.3 487.5 490.2 494.2 498.5 503.1 507.8 513.9 519.4 522.1 526.1 530.3 534.5 538.6 539.1 540.3 544.3 546.6 549 551.9 551.2 554.1 559 563.8 568.6 574.2 579.9 588.7
368 370.9 371.7 374.7 379 381.1 380.7 385.1 392.7 398.2 404.8 412.2 420.1 426.7 433.4 441.8 449.3 452.3 457.1 461.1 463 463.5 463.5 461.8 461.1 459.9 459.3 459.5 459.6 457.6 456 454.1 451.1 447.2 436.9 419.2 378.7 391.1 432 452.6 461.3 465.2 470.4 470.9 474.4 476.8 479.2 478.9 480.9 482.8 484.7 487.1 490 494.6 499.3 502.1 508.4 512.2 517 520.8 525.6 529.5 534.3 540.1 541 543.3 546.7 549.2 552.1 555.8 558.1 560.3 565 569.6 575.2 580.7 587.6 594.2
368.9 370.5 371.1 366.2 370.1 371.6 373.1 379.3 387.3 393.5 400 408.2 413.2 418 424.9 433.7 440.7 441.9 446 449.9 453.1 454.2 454.7 452.7 451.3 450.3 450.8 450.8 450.5 450.7 450.1 447.8 444.8 424 410.3 393.8 369.1 399.7 437.2 455.5 464.4 468.1 472.4 475.1 477.9 478.4 479.7 481.3 480.5 482.3 484.5 487 489.7 493.3 496.6 498.7 504.1 507.4 510.7 516.4 522.1 526.9 532.6 537.6 541.7 545.7 549.3 551.7 554.4 558.2 563.3 567.8 572 576.2 581.5 587.6 592.5 598.1
