STL Generation/terr50_gagg_gb/data/NH35.asc
ncols 200
nrows 200
xllcorner 230000
yllcorner 850000
cellsize 50
[rows 35 to 69 of 200, columns 0 to 77 of 200]
348.4 352.4 352.9 347.1 339.9 337.5 337.5 337.5 337.5 337.5 338.4 344.1 345.8 343.1 340.4 340.7 337.3 334.4 332.8 333.4 341.4 344.6 350.8 351.1 349.3 343.4 339.1 346 348.2 348.9 350.2 350.4 351.1 360.1 373.5 387.8 397.8 405.7 413.7 420.7 419.7 417.3 410.5 404.9 397.8 386.2 374.7 360.8 348.6 341 332.5 327.7 326.6 326.8 328.1 319 319.3 318 318.8 318.5 315.8 319.9 323.8 325.7 327.6 325.8 325.6 318.3 315.4 312.4 306.2 298.8 294.3 288.5 285.6 278.1 271.5 263.4
345.2 347.7 348.7 346 342.4 339.8 337.5 337.5 337.5 337.5 337.5 337.5 339.6 340.2 337.8 334.1 330.4 329.5 328.7 328.3 334.3 340.8 350.8 351.9 349.8 345.6 344.2 345.8 346.4 348.9 350.9 352.1 357.6 365.8 376.4 390.4 402 411.1 414.1 417.3 417.7 415.6 410.1 400.6 391.6 381.8 368.8 355 350.7 346.6 341.2 340.4 334.9 334.1 334.6 333.9 333.9 330.6 325.9 322.8 323.3 322.4 329.6 329.5 332.6 335 338.8 333 327.9 323.7 313.5 308.4 301.7 293.8 287.9 280.3 276.4 269.7
346.9 348.4 353.3 359.5 358.4 356.6 354.7 357.1 356.8 357.4 360.2 355.4 349.3 340.5 334.9 331.6 330.3 329.8 328.6 327.9 329.4 334.7 345.2 349.8 352.1 350.7 347.7 348.1 351 354.4 354.4 356.8 366.6 374.3 384.9 396.8 406.9 412.8 417 419.9 415.4 409 401.7 395 384.2 372 364.5 360.5 357.1 353.1 348.7 343.9 340 341.1 342.5 339.8 337.5 331.5 329.6 328 327.5 324.2 327.3 331.5 337.2 342.5 344.5 341.1 338.1 338.9 331 320.4 316.2 312.3 306.6 298.5 288.6 279.9
356.9 359.4 364.4 371.3 369.2 366.5 364.8 368.5 375.1 373.9 368.1 361.1 351 343.6 337.6 331.9 330.9 329.7 328 329.5 332.8 335.4 343.9 351.2 355.4 353 350.8 353.5 356.3 356.8 356.9 366.6 374.3 385.3 396.8 402.6 408.9 417.9 423.1 421.6 416.7 410 401.8 391.7 380.8 373.3 373.1 366.5 360.5 356 351.6 346.8 344.1 344.6 345.7 341.5 337.4 334.9 333.7 332.7 331.5 331.5 330.3 336.9 337.5 344.2 348.3 347.3 345.4 345.7 344.1 337.6 331.1 325.3 319.6 313 305.6 294.9
365.6 365.2 364.3 366 371 369.3 372.2 380.7 385.3 377.7 368 355.6 343.2 337.3 335.1 328.6 326.6 326.6 328.9 334 335.5 336.1 344.4 353.7 356.8 355.6 354.9 354.8 356.4 359.6 366.2 377.5 385.9 397.7 407.2 412.3 421.5 428.8 431.1 425.7 416.9 405.1 395.1 383 378.9 378.6 373.8 369.9 364.3 360.2 358 358.7 358.1 356.8 351.9 345.3 341.7 341.9 337.3 336.2 336.7 335.4 334 335.9 339.6 346.3 349.7 352.9 353.1 355 355.6 354.1 346.4 336.9 328 322.7 312.9 302
369.6 371.3 370.4 366.5 367.2 371.4 377.2 378.9 377.4 371.4 361.4 344.1 334.2 331.8 326.6 324.9 325.1 325.3 331.3 335.2 334.5 334.9 344.3 353.5 356.3 357.5 357.9 357.5 361.3 367 374.9 385.4 398.5 406.9 415.8 427.2 433.1 439.6 438.2 432.6 422.2 408.4 395.4 387.8 385.4 383.9 379.4 372.5 371.2 368.5 370.7 372.6 375.5 370.8 366.8 358.1 353.6 346 344.5 342.8 344.5 341.9 340.5 343 342.8 347.1 350.3 353.3 359 362.9 363 360.3 354.9 347.3 332.7 320.4 310 295.8
370 378.2 380 372.9 371.5 374.6 384.9 389 380.6 366.6 352 335.6 331.1 324.8 323.2 323.3 323.5 325.4 330 332.4 332.2 335.3 345.8 355.1 359.4 361.6 360.2 360.3 366.8 374.9 382.7 397.3 408.1 416.1 428.6 439.1 446.2 446.8 440.6 432 423 411.3 402.2 396.1 392.7 390.5 386.9 383.4 383.4 384.2 385.8 388.6 387.9 383.7 376.6 369 363 357 354.5 351.6 352.7 351.1 349.6 348.7 347.7 350.6 352.6 355.8 358.6 360 358.7 356.1 354.5 348.9 338.3 323.3 310.5 297.1
363.5 369.5 379.3 381.7 374 371.9 383.4 387.2 385.5 372.5 350.9 333.7 325.4 322.5 322.1 323.2 324.1 326.5 330.5 331.7 332.9 337 345.1 355.8 361.5 362.2 361.4 363.7 371.6 380 392.1 406.8 417.8 427.2 439.7 448 452.6 452.2 450.9 444.2 433.2 420.6 410 406.7 404.5 400.4 401.1 398.8 401.7 402.9 403 401.7 398.6 394.4 392.4 385.9 378.5 369.1 364.7 360.3 355.4 354.6 353.8 352.6 354 354.1 357.2 360.2 361 358.5 355.7 352.6 349.3 342.3 331.8 320.8 311.2 304.1
360.7 368.8 370.9 375.5 371.9 370.4 376.1 382.6 379.3 367.6 345.5 328.1 322.8 321.7 322.2 323.4 325.2 328.6 333.5 334.1 333.5 340.5 346 354.2 361.6 363.5 363.5 367.7 375 385.1 400.3 415.8 426.2 437.1 450.1 458.3 461.2 462.1 459.5 454.5 444.4 431.3 421.9 418.8 415.7 414 413.9 414.9 418 420 419.9 417.1 415.7 416.1 411.1 404.2 399.4 391 381.7 372.2 364.9 360.5 361.2 361.9 360.5 360.8 361.5 364.4 366.6 368.1 363.5 358.6 351.7 345.9 337.2 328.2 320 312.6
358.6 365.5 366.4 370.6 371.8 372.3 375.6 377.9 371.1 358.2 338.7 321.9 321.5 321.4 323.2 325.1 326.6 329.9 336.2 334.3 334 339.2 346.5 352.8 360 363.6 364.2 367.9 376.5 390.8 406.5 422.4 436.3 448.4 460.7 470.2 476.1 477 473.6 470.5 458.1 446.4 437.2 429.9 423.2 419 419 419.5 424.9 428.8 430.1 428.8 426.6 424.7 418.7 410.7 402.3 395.8 384.7 376.9 374.2 367.5 365 362.5 363.8 365.4 366.7 367.5 370.1 372.5 375.5 373.4 373.7 369.8 360.4 350.7 337.6 329.1
356.3 362.4 369.2 373.5 373 372.9 377.2 377.4 367.6 353.3 333.1 319.9 320.3 322.3 325.1 326.5 327.4 332.3 334.6 334.2 334.9 338.2 344.2 352.6 358.8 363.2 363.7 368 377.9 394 409.5 426 440 456.6 469.5 477.5 477.9 480.5 481.7 479.1 468 452.7 441 427.8 419 419 419 420.7 432.1 435.5 435.8 437.8 434.9 428.7 419.7 410.2 401.8 389.9 384.3 381 377.8 372.8 366.9 363.4 364.8 366.6 368.9 369.2 371.5 374.3 377.8 378.7 375.6 370 366.5 363.1 353 340.7
353.3 360.2 369.6 371.2 372.3 374.2 373.2 367.6 358 344.7 328.7 319.3 321 323.7 327 328.1 329.3 331.4 333 334.4 335.7 339.7 345.3 351.7 358.3 361.7 360.6 366.7 380.5 394.8 407.8 424.9 440.6 459.7 472.9 481.1 490.8 487 478.5 475.9 472.4 455.3 437.4 423.2 419 419 419 427.7 436.8 439.9 440.3 434.6 426.5 418.5 413.9 407.2 399.2 391.2 384.8 381.8 379.6 370.6 366.5 363.8 363.8 365.3 366.6 368.6 373.4 377.5 378.1 378.3 372.4 366.8 361.2 353.4 347.9 341.6
354.8 359.9 366 368.2 375 378.8 374.8 365.4 351.5 339.8 324.6 318.8 320.9 324.3 328 329 329.6 329.6 331.3 333.5 339.1 342 343.8 350.7 358.4 360.7 359.9 369.1 382.3 390.1 400.7 417.3 435.1 454.7 470.8 483.9 495.1 497.4 490.4 473.8 465.3 453.5 434.1 421.9 421.5 421.7 423.9 429 433.9 434.3 433.9 432.3 426.7 419.9 413.7 412.8 404 393.4 390.6 387 380.4 372.1 367 365.3 364.9 367.6 367.9 368 373.8 379.2 380 377 370.8 365.2 356 347.8 343.5 339.1
356.3 368.4 369.7 368.2 369.4 372.6 367.3 359.7 348.2 334.3 320.1 317.8 322.2 326.6 328.7 329.4 328.8 328.9 330.2 335.2 339.9 342.1 343.7 351.2 358.7 358.5 360.9 373.2 379.3 385.6 395.5 407 421.6 445.6 465.5 481.9 492.3 498.6 496.6 482.9 464.7 448.1 436.2 430.4 432.1 434.8 432.9 434.7 440.5 443.9 443.9 446.7 444.6 436.9 425.5 420.9 413.8 406.7 404.3 396.5 385.6 381.2 375.9 369.3 366 365 367.1 368.2 375.5 382 386.3 385.6 381.8 376.9 365.6 351.7 345.1 338.8
354.1 364.1 367.2 367.8 370.3 372.4 362.9 353.6 341.6 327.4 316.3 317 322 329.3 329 328 327.5 328.4 331.4 335.8 340 341.7 343.7 350.4 357.8 356.9 366.2 373.6 381.1 384.5 391.5 399.2 414.8 429.7 452.3 468.9 480.5 490.6 491.8 480.6 462.8 448.4 436.8 438.4 436.9 440.3 444.7 451 455.5 460.6 467.2 472.5 470 463 450.5 443.8 432.7 421.7 413.9 402.4 397.8 399.5 395.7 382.9 371.7 369.5 372.9 378.4 383 384.8 388.9 389.5 386.8 383.7 373.6 357.5 344.1 336.7
349.8 363.1 367.8 370.8 371.7 365.4 357.2 346.8 334.7 319.3 316.4 316.7 321.5 324.9 328 327.6 326.9 328.2 333 339.4 340.7 341.6 344.3 349.4 353.3 358.1 368.7 382.1 387.3 386.7 387.8 395.3 411 422.7 434 452.5 466.2 474.9 474.2 469.5 457.2 446.7 442.4 440.9 441.7 448.1 458.2 469.8 474.8 483.6 493.4 500.3 500.3 487.7 468.9 457.8 440.9 428.4 421.3 409.8 412 409.9 412.8 398.9 378.5 377.1 380.7 383.6 387.2 389.5 386.8 385.9 382.2 377.4 365.6 351.1 342.5 343.1
335.7 351.5 364.6 373.8 371.2 362.6 350.6 335.6 322.5 314.8 315.2 315.9 318.5 321.5 324.6 326.2 327 327.7 337.3 343 342.9 342.9 345.7 347.8 350.4 355.8 366.3 377.4 387.3 388.9 391.3 394.3 402.2 411.9 420 429.1 447.2 461.2 469.4 459.8 451.8 454 454.3 457.6 458.4 464.5 475.2 485.3 492.1 499.4 503.4 504.2 502.6 494.8 484.3 474 456.6 440.8 428.4 420.4 419.1 413.4 411.6 403.6 385.9 383 383.8 385.7 386.7 388.9 386.8 383.4 379.1 368.8 357.5 346.8 346.5 349.5
320.1 335 350.2 357.1 354.4 351 338.8 324.9 317.6 316.5 314.3 317.8 321.8 325 323.7 325.8 326.8 328.3 335.2 338.3 345.9 346.8 346.2 348 346.7 353.8 362.8 373.6 378.7 382.9 389.2 397.1 401 405.6 411.4 420.8 431 440.5 446.3 451.3 453.4 463 470.8 470 470.6 475.7 486 495.6 488.4 505.1 504.5 501.9 500.2 495.6 485.8 475.3 457.1 445.6 435.6 429.2 426.6 421.2 417.5 406.3 386 384.8 387.8 389.2 393.9 392.3 391.3 390.2 382.6 366.9 356.2 349.6 349.1 347.6
307.9 319.7 328.7 333.8 337.7 334.1 323.6 316.1 316.9 315.2 311.4 315.3 321.8 323.5 325.4 326.3 328.7 328.8 331.2 342.9 347.7 347 345.5 344.5 346.3 354.1 362.4 371.9 377.4 380.8 385.2 391 395.7 401.9 407.7 414.2 424.2 432.5 444.5 454.7 457.2 460 469.3 473.9 479 480.5 484.9 488.6 487.2 491.4 495.5 504.4 498.3 490.1 482.8 470.9 463.9 450.9 445.2 438.2 438.4 438.1 434.6 421 394.4 388.2 389.5 391.2 391.8 392.7 396.3 395.6 393.7 373.6 362.1 355.3 351.9 347.1
296.7 306.5 309.9 314.9 319 315.5 309.3 309.1 310 309.3 309.7 316.1 319.6 321.5 326.1 330 333.9 332.7 331.5 343 345 345.8 343.9 343.6 346.9 350.8 360.9 369 375.6 379.4 381.6 387 392.2 398 403.2 410.3 419.6 430.6 443.4 451.6 453.5 451.3 456.9 472.2 482 483.4 480.7 482.1 481.2 478.3 486.6 483.8 485.2 485.7 481.9 474.1 467.4 454.9 447 442.7 442.6 439.9 430.1 420.9 408.7 392.7 389.5 387 386.3 387.8 394.1 398.3 393 375.8 370.9 367.6 364.4 360.5
287.3 294.1 298.5 301.6 303 302.8 301.4 302.5 304.5 304.1 307.8 314.8 319.6 325.2 331 336.8 338.1 338 336.7 336.6 340.9 342.4 342.8 343.9 346.4 352.3 362.4 367.2 370.7 371.6 380 388.7 394.2 399.7 402.8 409.8 420.4 430.5 440.1 444.4 444 442.8 444.6 465.3 484.2 494.5 484.3 479.1 478.3 473.1 467.3 471.3 473.9 478.7 476.3 468.2 466.4 461 448.1 445.6 447.9 446.3 437.9 421.8 409.2 396.7 387.5 383 381.1 381.1 384.7 391.7 390.3 377.8 381.2 382.3 376.3 369.2
279.5 285.1 289.9 289.8 287.7 289.6 291.7 292.4 297 303.8 309.1 317.1 323.2 328.4 336.2 342.1 342.4 341.6 340.4 343 343.4 343.1 342.9 344.1 346.3 355.3 361.9 361.9 363.8 367.6 380.3 390.5 397.3 401.1 403.7 409 419.6 427.4 430.2 433.4 435.8 434.7 436.5 447.3 468.2 479.3 480.6 481.5 476.6 471.7 466.8 458.1 461.7 464.9 466.9 467.4 470.4 463.2 453.5 453.4 466.8 462.6 453.8 437.7 414.1 399.6 388.2 382.2 381.1 381.1 381.1 381.1 381.3 380.7 385.7 388.7 387.1 382.4
274.4 278.5 281.5 283 280.6 282.8 289.1 293.3 298.8 305.2 312.7 319.3 325 331.5 338.4 342.5 344.5 344 344.8 346.1 347.3 346.3 345.3 345.4 348 354 357.4 358.2 359.2 368.2 381.9 395.6 402.6 404.9 409.8 418.1 419.9 423.6 425.6 425.7 425.9 427.1 429.9 436.1 449.8 465.2 467.4 475.5 473.3 467.6 461.9 455.7 460.2 463.7 465.8 466.9 465.7 462 457.7 456.9 464.8 472.1 473.8 461.5 438.1 412.9 407.1 397.5 387.7 386 381.1 381.1 389.8 380.9 384.3 391.4 397.1 395.7
269.9 273.2 276.5 273.8 280.2 284.6 289.9 294.6 299.4 307.9 315.8 322.4 328.1 334 339.8 343.7 345.6 346.4 347.1 347.3 347.3 350.5 353.6 353.7 351.5 350.3 351.8 353.8 361.1 365.8 380.6 395.9 404.9 413.8 423.9 429.4 435.3 434.2 425.3 425.1 423.5 423.7 425 430.3 438.7 451.2 457.4 459.9 459.3 458.4 454.9 452.6 456.1 465.5 468.4 467.5 464 458.6 457.6 458.4 466 470.4 475.7 470.6 454.4 440.6 430.6 415.4 399 395 381.1 381.1 386.9 384 386.1 391.9 393.2 395.5
268.5 269.6 269.8 273.5 279.9 284 289.5 294.4 299.7 308.7 318.8 328.9 334.2 338.3 341.3 345.2 350.8 354.4 350.6 350.9 356.1 364.4 368.3 362.2 354.7 351.8 351.4 354.4 359.6 365.5 375.4 394.3 403.6 412.5 421.1 428 436.7 442 433.5 424.4 422.6 420 420.3 425.4 431.9 440.6 445.2 449.1 452.9 454.5 453.2 452 455.5 458.9 467.3 467.6 466.3 461.5 457 458.5 458.7 470.5 476.7 477.9 471.8 464.2 447.6 431.3 416.4 404.3 387.3 381.4 387.1 392.4 392.1 389.2 390.7 393.5
268.2 268.5 270.8 275.2 280 285 289.5 294.2 302.2 310.6 321.5 329.2 337.7 341.3 345.3 348.9 357.9 357.9 354.9 355 366.1 376.1 373.2 363.8 360.7 358 354.7 357 359.4 368.6 369.7 390.5 400 407.8 416.8 427.4 435.7 435.5 427.3 425.3 422.2 418.6 419.4 421.2 425.6 428.4 433.7 441.9 450.8 454.2 453.2 452.2 458.5 460.2 463.9 467.4 473 464 456 453.9 453.9 459.5 477.2 483.5 493.8 478.5 462.6 446.2 430.3 417.4 406 388.2 384.2 385 387.8 388.7 387.7 388.2
268.1 269.4 271.1 275.7 280.1 285.6 289.6 295.6 304.6 312.5 322.7 330.1 336 342.9 349.7 350.7 356.6 356.3 356.7 354.1 363.1 368.8 369 369 365.3 360.2 357.9 358.1 359.5 366.9 373.4 385.1 397 409.2 419.8 426.5 428 424.5 413.9 416.4 417.3 421.6 423.8 425.1 423.9 424.8 425.6 430.4 441.7 450.4 451.9 452.6 461.7 462 463 466.3 469.4 466.8 458 453.9 453.9 458 467.9 480.3 496.8 495.4 474.4 456.6 442.5 429.6 414 398.9 389 387.3 387.6 387 387.5 387.8
268.5 270.3 272.1 275.9 280.3 284.4 289.3 296.2 304.2 311.3 321 325.5 333.1 342.4 347.7 349.4 352 354.1 354.1 354.1 362.2 364.4 367.9 367.6 362.6 359.4 360.9 359.6 359.7 361.9 370.6 377.8 395 409.4 418.6 421.7 420 411.8 411 416.2 423.6 426.9 427.6 429.8 431.9 428.1 422.7 419.7 426.7 439.9 445.3 447.7 456.1 461.3 464 466.5 466.7 464.5 458.1 453.9 453.9 462.9 471.8 484.6 495.1 499.2 494.4 478 459.2 443 426.6 411.2 398.9 396.2 390.7 389.2 390 391.3
269.2 272 273.9 276.5 280.5 284.7 291.5 297.5 303.4 310.6 318.3 324.8 334.5 344.1 347.7 348.7 355.1 354.1 354.1 361 367.8 365.5 364.6 369 359.5 357.1 358 360.9 364.6 366.4 368.9 372.3 389.2 403.3 414 417.5 412.8 408.1 413.5 421.8 426.2 425.8 425 424.8 422.7 420.3 415.5 413.8 420.2 431.6 434.9 438.7 448.4 459.3 462.9 464.3 462 459.7 460.3 455.7 457.6 464.5 476.1 488.4 500.8 514.9 511.9 501 478.4 462.8 449.7 434 418.5 410.1 399 394.9 397.4 403
269 272.3 275.4 277.6 281.6 286.4 293.2 298.8 305.3 311.1 318.8 327.2 337.8 344.7 356 360.8 356.3 354.1 361.2 363.9 366.7 365.3 362.8 358.9 354.4 353.8 354.8 358.3 363.7 368.9 372.4 370.3 384.8 400.4 408.1 408.3 407.1 412.6 419.8 424.7 421.4 419.5 420.7 413 410.1 409.1 406.6 407.9 414.9 423.9 428.4 429.2 436.7 448.9 457.9 461.5 458.5 456.2 457.4 452.9 457.3 460.2 469.3 483.7 503.2 522 522.6 509.6 495.5 476.9 469.3 453.5 444.7 425.2 409.1 405.7 409.6 416.3
268 271.2 273.9 277.1 280.9 287.7 293.7 300.2 307 313.2 321.2 330.4 338.4 345 360.4 365.5 358.1 359.9 363.8 366.3 367.5 365.7 362.4 356.1 350.1 348.5 349.7 354.8 364.1 369.6 373.7 372.7 382.8 392.8 399.2 407.7 412.1 417.7 421.6 421.7 417.9 413.5 403.4 398.1 396 395.8 397.4 401.2 408 418.6 418.4 422.1 429.2 437.2 449.1 454.9 456.8 450.4 446.8 445.7 452.7 457.3 465.9 484.5 502.8 523.4 532.3 528.5 508.4 488.6 478 473.3 461.1 440.1 427.3 421 424 430
266.6 270.2 272.9 278.8 283.8 290 295.6 300.4 306.9 314.5 322.5 329.8 335.8 342.1 348.7 348.7 354.6 366.2 364.6 365.5 369.1 367.6 360.9 354.3 347 346.3 348.6 354.6 363.1 369.5 372.4 373 379.6 390.2 399.2 409.4 415.2 418.4 419.3 418.2 412.9 401.9 388.8 384.7 381.9 385 389.5 396.8 402.6 407.1 412.3 420.6 435.6 439.3 440.7 443.5 444.7 441.5 437.7 435.3 439.6 447.9 462.8 482 500.4 518 530.3 528.1 519.8 500.9 487 481.9 481.1 472.9 454.6 434.4 435.3 442.4
265.6 269.9 272.8 279.5 284.3 288.7 293.2 299.2 306.1 314.1 323.1 327.1 331.5 336.6 342.8 349.8 364.3 362.7 361.6 362.1 362.8 362.9 358.5 349.5 344.3 345.5 348.6 354.4 360.9 365.2 370.2 373.9 383.6 394.3 402.4 408.4 414.5 414.4 412.6 413.2 405.3 391.6 378.1 371.1 375.4 378.6 385.1 389.5 394.2 399.5 407.3 416.5 426.4 444 443.5 442 439 432.1 429 428.8 430.1 437.3 448.8 468.5 485 508.2 518.1 524.1 519 508.1 494.9 487.8 485.7 483.1 474.8 444.3 438.9 447.8
264.8 269.1 274.2 279.3 284 288.3 292.6 298 304.7 310.9 320.3 325.6 327.8 334.7 344.5 360.2 360.8 359.1 359.5 360.9 361.8 360.4 355.6 349.5 342.5 343.9 348.2 354.3 358.4 365.3 369.3 377.9 390.6 400.7 408.4 412.6 416.4 415 405.6 400.3 389.5 379.1 369.9 363.3 367.1 370.9 378.7 383.7 388.9 393.6 399.6 408.2 419.1 439.8 450.6 448.4 441.6 430 425.2 420.4 422.7 429.7 439.3 450.8 470.7 496.6 510.2 513.3 511.5 505.3 497.4 492.5 485.5 484.4 477.6 466.4 453.4 455.1
263 268.3 272.6 277.7 282.1 286.5 291 295.7 302 309.3 316.2 324.5 326.9 329.4 339.5 351.5 354.5 354.7 358.3 365.1 363.3 358.8 353.8 349.9 340.5 344.2 350.4 354.5 359 364 370.1 392.8 406.9 410.6 413.9 416.1 412.5 406 398 385.1 374.7 368.5 359.7 359.1 362.9 364.7 371.3 375.7 383.7 386.9 393.5 398 412.5 429.9 444.4 443.5 438.1 431.2 424.6 418.7 418.1 423.9 431.8 444.1 457.3 478.7 497.5 504.8 506.4 500.9 494.6 493.5 490.8 483 481.9 480.7 467.7 461.3
