STL Generation/terr50_gagg_gb/data/NH36.asc
ncols 200
nrows 200
xllcorner 230000
yllcorner 860000
cellsize 50
[rows 140 to 174 of 200, columns 78 to 155 of 200]
85.5 85.5 85.5 85.9 92 98.8 102.3 100.6 99.7 104.1 110.8 116.8 120.4 120 120.4 120.3 119.9 121.7 120.1 123.9 123.7 120.4 121.5 121.4 125.1 120.7 117.6 115.2 115.1 112 113.4 118.4 124.4 128.8 130.8 137.2 140.9 144.7 148.3 150.8 158.4 160.8 159.9 161.2 165.8 166.2 163.3 164.8 165.6 167.5 168.7 167.4 165.2 164.1 162.8 163.1 165 164.6 162.4 163.9 164.2 161.6 158.9 157.1 156.8 155.9 153.3 150.5 151.2 148.9 146.6 143 140.3 136.5 133.3 129.7 125.6 121.7
85.5 85.5 85.5 85.5 86.3 87.3 85.5 85.5 97.4 102.4 109.4 116.8 118 113.8 114.5 116.3 115.5 116.9 117.8 120 121 118.9 120.9 120.7 119 116.5 114.7 112 112.4 110.4 111.1 113.2 119.6 125.3 130.8 134.9 140 143.8 147.3 151.4 157.1 160.7 160.2 160.6 162 163.5 164.5 166.6 168.2 169.5 169.4 170.7 169.5 167.8 168.7 169.5 170.8 169.8 169.3 170.4 170.4 166.3 164 164 162.8 161.5 159.8 157.6 157.5 157 151.9 149.5 147.4 146.2 144.9 142.4 136.9 133.1
85.5 85.5 85.5 85.5 85.5 85.5 85.5 85.5 92 99.5 103.4 107.1 110.7 107.7 110.9 110.9 110.1 108.8 111.9 113.6 114.6 117.3 118.8 116.2 114 110.7 109.4 108.2 108.6 107.9 103.4 107.1 113 120.6 126.7 131.1 137 141.8 145.8 149.6 154.6 159.9 159.2 159.2 161.2 162.1 163.5 166.9 169.5 169.5 168.9 170.1 170.5 171.4 173.3 175.6 176.2 177.3 178.3 175.7 172.5 169.5 169.2 169.7 167.9 167.2 167 165.3 165.2 165.5 160.6 158.7 156.2 155.5 153.9 151.6 146.3 142.7
85.5 85.5 85.5 85.5 85.5 85.5 85.5 85.5 89.8 100.4 99.8 98.8 98.5 103.7 105.4 105.7 105.1 104.5 105.7 107.5 108 109 107.6 105.7 103 101.3 101.9 102.4 103.8 102.2 100.3 102.6 108.4 115.8 122.7 127.1 132 139.1 142.8 146.1 147.7 153.4 155 156.2 158.1 161.1 162.5 164.6 165.2 166.3 167.7 169 169.8 172.7 176.3 180.2 179 179 180.2 179.3 180.4 177.8 176.3 174.5 173.7 173.5 173.2 174.1 173.4 173.4 170.7 169 167.1 164.7 160.9 157.5 156.5 157.9
85.5 85.5 85.5 85.5 85.5 85.5 85.5 85.5 86.3 96.6 91.3 88.6 90.7 94 97.1 95 91.9 91.3 95.2 97.7 97.1 97 96 95.1 91.2 91 90.8 94.5 95.5 86.9 101.3 101.2 105.5 111.1 118.7 124.5 127.8 132 137.6 141.2 141.1 145.4 151.1 153.6 156.2 159.2 161.3 164.6 163.7 167.9 170.5 168.7 170.5 173.9 178.1 181.3 179.2 181.1 181.2 182.6 184.4 184.1 183 179.8 179.9 179.4 179 179.5 180.8 180.7 180.9 179.8 179 175.9 171.8 172.6 175.5 175.7
85.5 85.5 85.5 85.5 85.5 85.5 85.5 85.5 85.5 86.3 85.5 85.5 85.5 85.5 87.9 85.5 85.5 86.6 90.4 90.2 90.6 87 86.2 85.5 85.5 85.5 85.6 87.8 85.5 89.6 100.3 101.1 105 109.3 115.7 121.3 123.1 126.1 131.7 132.8 133.8 139.2 145 149.7 154.1 158 160 161.5 161.4 165.8 169.8 169.1 171.4 175.2 179 180.9 180.5 180.4 181.4 184.7 187.8 189.6 189.1 186.2 186 185.9 185.9 188.4 189.1 187.4 188.3 189.8 190.3 189.2 187.3 188.3 189.3 191.4
85.5 85.5 85.5 85.5 85.5 85.5 85.5 85.5 85.5 85.5 85.5 85.5 85.5 85.5 85.5 85.5 85.5 85.5 85.5 85.5 85.5 85.5 85.5 85.5 85.5 85.5 85.5 85.5 87 88.5 90.1 94.1 99.5 105.3 110.8 111.8 113.9 118.8 124.2 126.3 128.2 133.6 140.7 146 150 153.9 155.5 159.7 160.1 162.9 165.8 169.1 171.6 173.9 175.7 177.3 178.8 179.1 181 184.8 188.9 190.5 190.9 189.9 191.6 192 193.1 195.3 195.7 195 196 198 199.3 198 201 201.7 203.1 204.1
85.5 85.5 85.5 85.5 85.5 85.5 85.5 85.5 85.5 85.5 85.5 85.5 85.5 85.5 85.5 85.5 85.5 85.5 85.5 85.5 85.5 85.5 85.5 85.5 85.5 85.5 85.5 85.5 85.5 85.5 85.5 85.5 85.5 88.8 93.2 97.3 101.6 107.6 112.4 118.2 121.2 126 134.8 139.9 142.6 146.1 149.3 151.9 154.2 157.8 160.5 164.2 170 169.9 170.9 173.6 176.4 179.1 180.8 185.8 189 189.3 190.5 193.4 196 197.6 198.3 200.1 204.4 202.4 204 205.9 207.9 209.3 213.4 215.6 217.7 218.4
85.5 85.5 85.5 85.5 85.5 85.5 85.5 85.5 85.5 85.5 85.5 85.5 85.5 85.5 85.5 85.5 85.5 85.5 85.5 85.5 85.5 85.5 85.5 85.5 85.5 85.5 85.5 85.5 85.5 85.5 85.5 85.5 85.5 85.5 85.5 85.5 88.3 95.3 100.4 103.9 109.6 115.4 121.1 129.4 132.7 137.7 144.1 146.7 148.9 152.3 155.7 160.6 166.2 167.2 170.3 173.2 175.5 177.8 179.1 183.2 187.9 189.6 191.2 195.2 198.3 201 203.7 206.4 210.9 209.6 213 215.9 218 220.2 223.5 225.6 227.3 227.7
85.5 85.5 85.5 85.5 85.5 85.5 85.5 85.5 85.5 85.5 85.5 85.5 85.5 85.5 85.5 85.5 85.5 85.5 85.5 85.5 85.5 85.5 85.5 85.5 85.5 85.5 85.5 85.5 85.5 85.5 85.5 85.5 85.5 85.5 85.5 85.5 85.5 90.1 93.4 91.8 94.5 103.1 109.1 116.7 124.4 131.3 138.5 143 146.7 149.6 153.1 157.7 162.4 165.4 168.2 171.8 173.9 176.1 177.7 180.5 184.8 190.3 191 196.5 200.3 203.2 207.5 211.4 215 218.6 220.8 223.7 225.6 228.1 231.3 233.6 235.7 236.5
85.5 85.5 85.5 85.5 85.5 85.5 85.5 85.5 85.5 85.5 85.5 85.5 85.5 85.5 85.5 85.5 85.5 85.5 85.5 85.5 85.5 85.5 85.5 85.5 85.5 85.5 85.5 85.5 85.5 85.5 85.5 85.5 85.5 85.5 86 94.2 86.4 85.7 85.8 85.5 86.1 93.3 98.5 104 111.4 119.6 129 139.1 144.2 148.2 150.2 153.3 158.3 161.3 164.7 170.4 172.5 174.3 176.5 179.8 182.4 187.7 189.8 193.2 199.7 206.3 210.6 214.5 218.7 222.3 225 229 232.9 234.8 238.9 242.2 244.8 247.2
85.5 85.5 85.5 85.5 85.5 85.5 85.5 85.5 85.5 85.5 85.5 85.5 85.5 85.5 85.5 85.5 85.5 85.5 85.5 85.5 85.5 85.5 85.5 85.5 85.5 85.5 85.5 85.5 85.5 85.5 85.5 85.5 85.5 85.5 85.5 85.5 85.5 85.5 85.5 85.5 85.5 86.6 90.9 95.9 102.4 109.4 117.5 127.2 134.9 139.2 143.6 148.2 152.9 156.1 160.8 164.4 168.9 170 172.7 175.8 179.7 183.9 190.1 194 200.6 206.5 211.7 216.3 221.5 226.1 230.3 234.3 238.4 242.9 246.7 249.9 252.4 254.1
85.5 85.5 85.5 85.5 85.5 85.5 85.5 85.5 85.5 85.5 85.5 85.5 85.5 85.5 85.5 85.5 85.5 85.5 85.5 85.5 85.5 85.5 85.5 85.5 85.5 85.5 85.5 85.5 85.5 85.5 85.5 85.5 85.5 85.5 85.5 85.5 85.5 85.5 85.5 85.5 85.5 85.5 85.5 87.8 92 100.3 107.9 115 123.7 129.9 133.5 143.8 147.8 150.6 154.1 158.1 161.7 164.1 167.6 172.3 177.1 180.2 189.8 192.8 197.4 203 211.1 219.3 222.5 228 232.8 239.3 244.6 249.8 253.1 255.8 258.4 259.6
85.5 85.5 85.5 85.5 85.5 85.5 85.5 85.5 85.5 85.5 85.5 85.5 85.5 85.5 85.5 85.5 85.5 85.5 85.5 85.5 85.5 85.5 85.5 85.5 85.5 85.5 85.5 85.5 85.5 85.5 85.5 85.5 85.5 85.5 85.5 85.5 85.5 85.5 85.5 85.5 85.5 85.5 85.5 85.5 85.5 89 100.5 107.7 115.4 116.9 123.7 137.1 141.6 145.1 148.1 153.2 156 159.3 164.4 171.5 175.9 180.7 189.5 192.7 196.5 201.4 209.2 217.5 222.2 229.4 235.3 242 248.6 254 257.5 261.6 265.6 266.6
85.5 85.5 85.5 85.5 85.5 85.5 85.5 85.5 85.5 85.5 85.5 85.5 85.5 85.5 85.5 85.5 85.5 85.5 85.5 85.5 85.5 85.5 85.5 85.5 85.5 85.5 85.5 85.5 85.5 85.5 85.5 85.5 85.5 85.5 85.5 85.5 85.5 85.5 85.5 85.5 85.5 85.5 85.5 85.5 85.5 85.5 86.4 93.5 102.6 103.3 109.5 117.6 125.4 131.1 140.9 146.2 150.6 154.8 160.8 168.2 174.7 181.6 188.1 190.7 196.8 202.7 211.7 219.6 225.6 232.9 239.9 245.4 252.3 257.7 262.5 268.9 271.7 272.1
85.5 85.5 85.5 85.5 85.5 85.5 85.5 85.5 85.5 85.5 85.5 85.5 85.5 85.5 85.5 85.5 85.5 85.5 85.5 85.5 85.5 85.5 85.5 85.5 85.5 85.5 85.5 85.5 85.5 85.5 85.5 85.5 85.5 85.5 85.5 85.5 85.5 85.5 85.5 85.5 85.5 85.5 85.5 85.5 85.5 85.5 85.5 85.5 85.5 85.5 95.3 104.5 111.6 119 127.3 134.2 142.4 148.4 154.8 162.2 173.9 181.3 185.7 192.1 198.8 203.8 211 218.3 226.5 236.6 244.4 249.8 255.8 261.3 266 269.7 274.4 275.5
85.5 85.5 85.5 85.5 85.5 85.5 85.5 85.5 85.5 85.5 85.5 85.5 85.5 85.5 85.5 85.5 85.5 85.5 85.5 85.5 85.5 85.5 85.5 85.5 85.5 85.5 85.5 85.5 85.5 85.5 85.5 85.5 85.5 85.5 85.5 85.5 85.5 85.5 85.5 85.5 85.5 85.5 85.5 85.5 85.5 85.5 85.5 85.5 85.5 85.5 85.5 90.3 102.6 109.8 119 127.4 136.6 144.1 152.3 160.5 168.1 173.4 185.2 191.9 197.8 203.5 211.6 218.7 227.3 236.8 246.6 254.1 259 263.8 268 273.2 277.4 278.9
85.5 85.5 85.5 85.5 85.5 85.5 85.5 85.5 85.5 85.5 85.5 85.5 85.5 85.5 85.5 85.5 85.5 85.5 85.5 85.5 85.5 85.5 85.5 85.5 85.5 85.5 85.5 85.5 85.5 85.5 85.5 85.5 85.5 85.5 85.5 85.5 85.5 85.5 85.5 85.5 85.5 85.5 85.5 85.5 85.5 85.5 85.5 85.5 85.5 85.5 85.5 85.5 90.6 101.4 111.5 121 134.4 142.7 149.2 158.2 165.6 173.5 183 190.2 197.3 205.2 213.7 220.8 229.8 238.6 245.7 253.7 260.1 265.3 270.1 277.2 281 282.7
85.5 85.5 85.5 85.5 85.5 85.5 85.5 85.5 85.5 85.5 85.5 85.5 85.5 85.5 85.5 85.5 85.5 85.5 85.5 85.5 85.5 85.5 85.5 85.5 85.5 85.5 85.5 85.5 85.5 85.5 85.5 85.5 85.5 85.5 85.5 85.5 85.5 85.5 85.5 85.5 85.5 85.5 85.5 85.5 85.5 85.5 85.5 85.5 85.5 85.5 85.5 85.5 85.5 89.3 98.7 108.6 122.8 131.8 139.2 150.5 160.5 174.5 184.3 191.1 197.8 207.4 216.5 225.1 232.3 239.7 247 253.4 260.7 266.8 271.5 278.2 282.2 285.4
85.5 85.5 85.5 85.5 85.5 85.5 85.5 85.5 85.5 85.5 85.5 85.5 85.5 85.5 85.5 85.5 85.5 85.5 85.5 85.5 85.5 85.5 85.5 85.5 85.5 85.5 85.5 85.5 85.5 85.5 85.5 85.5 85.5 85.5 85.5 85.5 85.5 85.5 85.5 85.5 85.5 85.5 85.5 85.5 85.5 85.5 85.5 85.5 85.5 85.5 85.5 85.5 85.5 85.5 90.2 96 111.3 120.1 130.7 141.2 151.4 169.2 182.1 191.5 198.9 205.4 213.8 226.1 232.7 240.4 247.9 253.8 260.6 266.5 272.2 277.2 283 287.3
85.5 85.5 85.5 85.5 85.5 85.5 85.5 85.5 85.5 85.5 85.5 85.5 85.5 85.5 85.5 85.5 85.5 85.5 85.5 85.5 85.5 85.5 85.5 85.5 85.5 85.5 85.5 85.5 85.5 85.5 85.5 85.5 85.5 85.5 85.5 85.5 85.5 85.5 85.5 85.5 85.5 85.5 85.5 85.5 85.5 85.5 85.5 85.5 85.5 85.5 85.5 85.5 85.5 85.5 85.5 89.3 97.4 113 123.5 131.9 139.9 161.1 176.4 188.1 195.8 202.6 211.9 223 233.1 241.2 249.3 256.3 263.1 269.7 274.2 278.8 282 288
85.5 85.5 85.5 85.5 85.5 85.5 85.5 85.5 85.5 85.5 85.5 85.5 85.5 85.5 85.5 85.5 85.5 85.5 85.5 85.5 85.5 86.3 87 90.4 93.2 94.6 94.5 87.6 85.5 85.5 85.5 85.5 85.5 85.5 85.5 85.5 85.5 85.5 85.5 85.5 85.5 85.5 85.5 85.5 85.5 85.5 85.5 85.5 85.5 85.5 85.5 85.5 85.5 85.5 85.5 85.5 85.5 98.1 114.7 124.5 134 152.5 170.1 182.3 193.2 200.9 212.2 222.9 235.1 244.8 252.1 258.1 265.3 272 277.6 279.5 281.5 287.7
85.5 85.5 85.5 85.5 85.5 85.5 85.5 85.5 85.5 85.5 85.5 85.5 85.5 85.5 85.5 85.9 92.7 92.2 93.3 100.3 108.1 111.7 113.6 115.2 119.4 119.4 118.1 113.4 104.7 107.1 93.8 96.3 91.6 85.5 85.5 85.5 85.5 85.5 85.5 85.5 85.5 85.5 85.5 85.5 85.5 85.5 85.5 85.5 85.5 85.5 85.5 85.5 85.5 85.5 85.5 85.5 85.5 90.5 108.5 119.9 129.7 144.4 166.8 175.9 185.8 197.6 210.2 222 230.1 244 253.4 259.3 264.7 272.5 279.5 280.4 281 280.6
85.5 85.5 85.5 85.5 85.5 85.5 85.5 88.2 89.4 95.6 99.3 101.8 103.2 103.9 108.9 111.1 112.3 117.3 121.3 125.6 129.1 128.7 131.6 136.7 139.4 138.9 136.6 134.2 130 133.9 150.4 161.6 161.2 154 143.1 129.4 114.5 93.1 85.5 85.5 85.5 85.5 85.5 85.5 85.5 85.5 85.5 85.5 85.5 85.5 85.5 85.5 85.5 85.5 85.5 85.5 85.5 85.5 99.4 114.8 130.4 137.1 160.3 169.8 177.7 190.4 207 214.4 221.6 238.8 251.7 259.6 264.8 269.1 268.4 270.5 272.4 278.2
91.5 93.4 99.4 97.3 97 95 99.2 103.8 106.1 110.8 114.7 117.8 123.5 119.5 124 128.3 131.4 137.8 142.1 142 145.1 150.8 156.2 162.4 164.2 164.8 159.1 160 170.9 179.5 191.3 205.6 211.8 208.1 205.5 201 188.6 165.5 136.7 105.8 85.5 85.5 85.5 85.5 85.5 85.5 85.5 85.5 85.5 85.5 85.5 85.5 85.5 85.5 85.5 85.5 85.5 85.5 85.7 103.2 122.2 131.5 141.7 156.8 170 179.6 196.8 206.7 211.4 228.2 240.1 249.7 254.7 253.4 258.8 266.1 273.2 278.8
102.9 108.8 114.3 114.2 109.6 106.8 112.3 113.5 117.2 123.6 127.6 132.9 137.3 139.1 142.7 146.8 156.5 164.4 165.3 164.7 166.7 171.8 177.7 181.1 184.6 191.3 188.5 196.7 206.7 214 220.7 229.3 231.6 230.6 231.9 227 221.3 208.2 190.2 164.9 138.9 112.8 92.7 85.5 85.5 85.5 85.5 85.5 85.5 85.5 85.5 85.5 85.5 85.5 85.5 85.5 85.5 85.5 85.5 85.5 103.5 118.1 123.2 136.8 151.4 159.1 175.4 186.9 199.4 213.5 226.5 236.3 243.8 251.3 259.1 268.2 280.9 281.4
120.4 121.1 123.3 121.4 119 120.3 125.1 127.2 129.9 138.6 141.8 144.9 149.2 155.5 164.3 175.7 184.7 191 192 192.7 193.4 197.2 200.1 206.2 212.8 215.7 216.3 221 233 237.6 242.2 247.4 248.3 249.5 250.9 248.8 241.2 233 222.4 210 191.7 164.7 143.2 124.5 101.3 85.5 85.5 85.5 85.5 85.5 85.5 85.5 85.5 85.5 85.5 85.5 85.5 85.5 85.5 85.5 85.5 99.2 115.5 125.1 133.2 148.2 163.8 171.6 186.8 202.7 218.5 232 241.7 254.6 261.8 268.1 272.3 271.6
132.5 133.4 133.7 135.6 136.4 135.3 137.6 138.7 139.8 151.1 152.9 157.8 160.4 174.4 190.8 203.7 211.6 214 211.7 215.5 221.2 215.1 223.2 227.2 228.4 228.7 229.8 230.8 240.3 246.3 251.1 254.7 257.2 261 264 266.2 260.2 253.2 246 235.5 221.9 203.3 177.7 162.2 138.9 110.3 85.5 85.5 85.5 85.5 85.5 85.5 85.5 85.5 85.5 85.5 85.5 85.5 85.5 85.5 85.5 85.5 100.8 107.9 122.2 135.2 153.7 162.4 173.6 190.5 208.6 223.8 240 248.2 253.9 254.5 250.5 249.3
145.8 149.7 152.9 158.1 162.8 159.6 155.6 151.6 152.4 159.4 164.4 170 187.4 206.9 217.1 226.6 233 234.5 232.1 240.5 242.5 241.1 242.1 244.6 244.2 240.9 241.4 240.5 246.5 252.5 254.9 257.9 259 261.5 265.6 271 270 262.1 262.7 252 236.3 221.5 203.7 193.7 172.8 143.3 110.4 85.5 85.5 85.5 85.5 85.5 85.5 85.5 85.5 85.5 85.5 85.5 85.5 85.5 85.5 85.5 85.5 90.3 105.5 121.7 140.6 148 166.9 183.2 198.4 215.1 225.7 233.4 238.8 243.8 248.3 248.4
165.7 169.5 175.2 181.4 190.9 182.2 172.5 168.8 172.1 173.5 180.2 198.9 220.3 228.6 234.4 234.6 241.7 247.8 251.7 253.5 255 254.9 257.2 254 252.2 248.5 248.9 249.4 249.1 252.9 256.7 259.1 260.5 260.4 256.2 261.4 271.5 271.2 268.1 259 236.2 223.4 207.9 200.9 185.2 161.4 135 117.5 96.2 85.5 85.5 85.5 85.5 85.5 85.5 85.5 85.5 85.5 85.5 85.5 85.5 85.5 85.5 85.7 103.1 124.2 134 147.3 165.1 178.9 188.9 199.5 215.3 229.3 238.6 246.2 250.5 251.4
181.2 188.2 196.1 201.8 200.8 193.2 185 183.5 186.6 195.9 212.5 226.5 241.7 249.2 248.3 246.3 250.8 256.1 262.1 269.4 266 270.6 269.6 261.9 258.6 252.4 249.8 248.7 250.1 253.8 256.3 257.2 255.5 254 248.7 248.7 257.2 271.1 269.5 254.6 239.8 226.7 209.3 189.5 177.7 177.8 164.2 142.2 127.6 110.4 86.5 85.5 85.5 85.5 85.5 85.5 85.5 85.5 85.5 85.5 85.5 85.5 85.5 85.5 108.6 127.6 142.6 158.4 175.5 189.7 201.8 213.1 216.7 224.1 231.2 238.3 245 248.5
193.6 201.3 206 205.1 199 202.6 199.6 204.5 209.9 221.8 230.3 246.7 257.1 260.4 259 257.4 262.8 269.7 276 278.8 279.9 280.3 271.7 263.9 257.8 256.3 252.5 250 251.9 255.6 256.8 254.1 252 250.5 243.6 238.3 241.2 257.2 261.6 250.9 243.8 234.6 211.7 186.8 173.2 165.8 162.1 147.9 132.5 116.9 106.1 95.4 85.5 85.5 85.5 85.5 85.5 85.5 85.5 85.5 85.5 85.5 85.5 85.5 99.5 119.9 142.3 150.1 168.2 181.7 187.7 193.3 199.4 206 219 220 223.6 237.5
202.9 205.8 211.1 217 220.8 222.7 214.6 214.1 226.7 233.9 245.9 258.1 265.1 265.8 264.1 267.3 275.6 278.6 279.9 280.8 282.6 277.8 272.1 268.4 265.1 260.3 257.2 255.8 258.2 262.4 262.5 258.3 253.1 249 239.3 237.8 238 239.8 244.1 242.6 241.1 233 209.7 188.6 174.5 163.2 154.4 143.6 127.1 113.3 101.1 90.5 85.5 85.5 85.5 85.5 85.5 85.5 85.5 85.5 85.5 85.5 85.5 85.5 85.6 105.1 129.4 138.9 154.5 163.8 163.9 168.8 177.8 187 201.5 203 214.2 229.2
215.9 219.5 220.9 230.8 232.6 230.1 230.3 236 243 251 264.5 270.9 276.5 271.3 270.2 272.3 279.7 278.9 280.5 284.7 281.2 278.9 276.6 276.6 273.4 263.9 260.5 264.7 273.4 279.5 279 273.5 266.3 258.2 247.3 240.5 237.9 233.8 231.8 228.9 228 222.2 208 188.6 175.5 165.9 152.1 139 125.4 112.6 100.5 85.9 85.5 85.5 85.5 85.5 85.5 85.5 85.5 85.5 85.5 85.5 85.5 85.5 85.5 87.5 112.1 125.5 141.7 145.1 144.4 150.8 162.2 172.7 180.8 183.8 199.6 219.9
224.8 228.7 234.4 246.3 250.7 241.6 241.5 246.4 253.3 266.3 274.8 278.6 279.4 278.2 275.8 274.5 276.6 278.5 280.6 282.4 283.2 283.6 285.3 287.7 286.1 277 276.1 281.5 287.5 293.3 294.1 291.6 283.6 272.9 259.3 247.5 239 233.1 230.5 228.7 222.8 216.7 208 199.3 186.2 173.1 160.2 147.1 126.6 113.3 99.1 101.9 99.5 91.8 85.5 88.9 85.5 85.5 85.5 85.5 85.5 85.5 85.5 85.5 85.5 85.5 89 109 124.4 126.1 133.3 135.6 146.1 155.4 159.7 171.5 190.7 209.6
