STL Generation/terr50_gagg_gb/data/NH38.asc
ncols 200
nrows 200
xllcorner 230000
yllcorner 880000
cellsize 50
[rows 0 to 34 of 200, columns 0 to 77 of 200]
387.2 396.5 403.9 408.4 412.9 411.3 411.9 413.1 416.1 418.6 422.6 414.9 408.1 401.4 400.7 392.8 390.7 388.8 382.4 378.7 378.1 377.3 376.8 376.4 377.2 377.3 377.1 375.1 375.2 378.9 385.3 397.7 416.9 443.8 477.7 505.6 532 551.7 554.1 551.1 544.2 532.3 516.9 504.4 494.1 485.5 478.6 472.7 469.2 468 464.9 465.7 468.5 476.6 482.8 482.8 480.9 481 479.5 476.8 471.4 465.1 456.8 450.9 448.9 449.4 451.5 455.6 456.7 457.5 464.8 471.7 468.6 466.1 470.1 469.5 474.5 482.5
376.8 386.9 395.6 400 404.4 405.3 405.7 408.1 412.2 419.6 419.8 411.3 404.5 398.5 394 389.3 388.3 385.9 383 380.1 378.3 377.9 377.4 376.9 378.4 379.3 378.5 378.4 380.3 384.8 393.9 407.5 426.1 456.4 489 516.5 535.1 545.4 544.8 540.1 533.4 524.8 513.5 504 492.5 484.4 478.4 472.3 469.2 470.4 468.4 472.2 477.3 485.7 491 489.9 488.2 485.8 483 479.7 473.4 466.8 457.4 450 450.9 452.9 458.5 463.1 465.6 469.7 477 482.3 481.1 478.5 476.1 478.8 481.7 490.6
365.5 374.8 383 389.6 395.7 398.8 402.2 406.1 412.1 414.7 411.5 403.3 396.6 388.9 387.8 386.5 385.8 384.7 382.1 379.7 378.5 378.3 378.1 377.6 378.4 380.6 380.3 379.3 382.5 391.8 405 419.2 436.1 466 493.5 518.3 531.4 537.6 535.5 530.4 524.5 515.5 509.1 499.8 491.1 484.6 479.2 473.8 471.4 471.2 475.2 480.1 488 496.3 499.8 496.4 492.9 489.6 487.5 482.4 474.5 465.6 456.8 450.4 450 455.4 462.9 468.9 474.4 483.2 492.6 496.1 495.6 492.1 485 485.9 492.8 501.7
354.5 363.4 370.6 375.6 384 387.8 392.1 398.5 402.4 403.6 399.6 395.3 392.9 387.4 384.9 384.5 383.8 383 381.9 379.7 378.5 378.4 378.2 378.2 379.7 384.3 384.4 384.9 388.7 397.9 411.5 431.1 451.2 474.5 498.3 517.6 528 532.3 527 521.6 516.3 509.3 503.2 497.3 489.9 484.6 481 478.4 476.5 477.6 481.6 489.2 497.2 502.2 503.4 501.7 498.3 494.7 490.6 483.3 473.6 462.9 455.5 450.3 453.4 460.3 469.1 476.4 485.1 495.5 503.9 507.5 508.5 505.9 499.2 496.8 504.8 514
345.5 353.4 358.1 363 372.7 377.1 384.8 392.1 395.2 397.6 393.6 390.8 388.5 385.9 383.8 382.9 382.1 381.7 381.1 381.6 379.4 379 379.8 378.6 382.5 389 389.4 388.8 392.6 402.9 417.1 437.1 460.2 481.7 507.6 517.5 523.8 524.9 520 515 509.9 504.3 498.6 494.7 490.1 486.4 483.7 482.5 481.2 483.2 487 495.6 503.4 507.3 507.9 504.8 501.8 497.8 490.7 484 472.5 462.4 457.5 455.1 458.3 464.5 474.4 483.5 493.8 506.5 515.7 519 521.5 518.8 513.8 513.8 518.9 527.3
334.9 343.6 350.1 356.3 362.6 369.5 379 384.4 387.6 391.7 391.3 389 388.9 389 382.3 382.8 380.9 380.5 382.8 381.6 379.7 378.8 380.9 380.5 384.6 391 390.7 390.6 395.5 406.3 422.5 441.6 464 486.4 507.4 516.9 520.9 519.6 515.3 510.8 505.8 501.4 498.7 494.5 490.5 489.2 488 486.2 484.3 485.6 491.8 500.9 508.9 512.6 512.2 509.5 504.5 499.8 493.2 484 472.7 462.2 459.9 458.5 460.5 466.9 479.6 491.5 502.4 515.8 527 533 537.8 535.9 533.3 533 535.8 541
325.4 333.4 339.6 348.6 353.7 360.8 369.1 373 380.4 386.9 384.8 384.2 390.6 388.8 381.8 379.8 378.6 379.5 381.6 380 378.9 379.4 380.3 382.1 385.5 389.5 390.7 394.6 400.6 412.5 427.5 446.2 467.3 490 511.4 515.5 517.5 515.3 511 508.1 505.1 501 499.6 495.6 493.8 492.4 491.6 489.6 487.6 488.6 497 507.7 516.4 517.9 516.6 513.2 508 501.5 493.3 483.1 471.2 463.2 459 459.4 459.1 469.5 484.5 499.6 512.7 527.5 539.9 550.2 555.2 554.9 553.1 553.1 554.1 555.3
315.5 322.2 326.4 336.8 345.5 347.9 354.4 360.4 369.9 378.1 378.6 380.9 392.3 388.2 380.7 378.7 378.7 379.3 379.9 378.6 379 380.3 380.7 383.1 387 388.6 391 397.2 404 416.1 431.7 450.7 471.5 493.9 509.1 513.7 512.9 511.2 508.9 507 503.7 500.6 500.4 498.9 497.2 497 497.1 496.6 497.2 500.3 508.1 517.7 521.1 521.2 519.2 516.5 510.6 503 493.4 482.4 472.8 466.6 462.4 460.3 460.6 475.2 491.3 506.9 521.4 535.7 551.6 564 571.3 574.4 574 572.2 573.7 573.7
304.1 309.9 319.8 327.6 335.7 341.7 347.1 357 360.6 369.3 378.6 379.5 389.2 385.5 379.6 379 378.2 377.3 377.1 377.6 379.6 379.6 380.3 384 387.9 389.4 391.6 397.6 406.3 418.1 434 454.2 474.6 494.4 507 511.3 511.8 510.5 507.3 505.6 503 501.3 501.8 501.3 501.7 502.4 503 504.5 509.2 514.1 519.9 524.2 525.6 523.7 521.9 519 512.7 504.8 495 483.2 474.8 469.8 465.3 462.3 466.4 478.6 495.5 512.3 528.5 544.8 561.6 575.8 585.8 591.9 594.3 591.1 593 587
299.3 305.3 313.7 322.6 328.6 334.9 342.2 353.9 367.7 373 378.5 380.7 380.6 380 378 376.3 375.5 374.9 374.4 375.3 378.5 379.9 382.3 383.5 386.2 389.3 397.1 400.8 407.6 419.8 440.1 458.5 478.2 496.5 504.9 508.5 510.6 508.7 506.7 504.4 504.9 504.8 505.3 506.5 507.5 509.6 511.6 515.3 518.9 524.5 528.3 531.1 530.5 528.7 525.1 521.6 514.1 505.6 496.3 485.8 477.4 471.7 469.2 469.2 472.9 483.9 500.6 518.4 535.3 553.4 568.7 582.6 597.7 607.7 613.3 612 607 601.2
299.7 301.5 307.3 318.1 325.1 331.8 340.4 356.7 376.3 379.7 378.6 380.8 379.9 378.4 377.6 372.1 371.2 371.2 371.2 373.3 375.5 378.1 380 381.6 383.3 388.1 395 402.7 410 426.4 446.5 464.4 482.7 498.3 503.1 507 509.8 506.9 505.4 505.3 507.4 509 511.2 513.4 515.3 517.7 520.2 523.8 528 533.9 537.7 536.6 535.7 532.9 529.1 522.9 516.2 508.4 498.8 488.3 481.3 476.7 469.4 472.6 478.7 489.1 505.8 523.4 541.3 557.6 573.1 586.1 602.4 615.8 622.7 623 617.2 608.8
301.4 298.5 305.7 314.3 322.5 330 339.2 354.1 369.1 373.1 372.2 372.5 372.6 378.2 378.9 373 366.4 365.5 367.1 368.9 369.8 374.3 377 378.4 379.9 385.6 394.8 404.4 413.2 431.4 450.2 467.3 485.4 495.8 501.1 504 506.3 507.5 505 506 509.5 513.9 517 519.2 521.3 525.5 529.3 533.1 538.3 543.3 545.2 543.1 540.4 536.8 531.3 524.9 518.4 511.1 500.8 491.1 484.3 480.6 476.4 480.2 481.3 489.5 508 527.2 544.4 561.9 574.2 588.4 604.2 615.9 624.9 628 621.3 612.5
302 300.1 298.8 309.3 317.9 326 337.3 347.5 357.6 360.8 361.7 359.4 363.8 376.1 379.5 374.1 362.7 361.9 363.5 363.1 364.4 368.3 372 375.7 378.2 384.4 392.6 403.2 417.3 435.7 453 470 487.5 495.3 500.2 501.9 502.6 503.8 505.1 507.5 512.7 517.6 522 526.3 529.9 535 538.6 542.9 547.6 550.1 550.5 547.6 544.1 539.6 533.4 527.2 520.7 513.1 503.4 494.2 486.9 480.8 479.2 480.2 483.2 492.7 509.3 528 545.5 562.6 574 587.4 601.8 613.3 620.1 625.2 621.8 613.9
301.8 299.5 300.6 301.6 312.7 321 331.9 342 350.7 356.6 358.8 359.7 364.7 370.8 374.2 368.6 361.6 359.8 362.2 360.1 362.1 365.1 368.5 372.9 378.2 385.2 392.9 405.3 422.5 439.1 456.6 474.2 488.3 493.7 499.9 500.5 500.5 502.3 505.4 510.6 515.9 521.3 528 535.2 539.2 544.1 548.3 552.9 557.2 557.8 554.6 551.7 547.4 541.6 535.4 529.3 521.9 514 505.1 495.6 489.3 484.4 482.6 486.1 488.6 492.3 506.1 525.2 542.8 558.5 572.4 585.9 600.5 609.3 617.5 620.1 619.4 613.5
300.7 298.8 298 301.6 308.5 318.7 326.2 336.4 347.6 355.2 357.9 361 360.4 363.3 364.8 364 359.7 358.7 358.9 360.2 361.5 364.2 367.7 372.5 377.5 382.8 390.6 405.2 426.3 442.7 457.6 473.6 486.7 493.1 500.8 502.1 503.3 505.7 509.5 515.7 521.2 528.2 536.9 543.3 548.2 552.6 558.6 564.9 568.6 563.6 559.9 555.3 549.7 543.5 537 528.6 521.8 513.9 505.2 498.3 490.8 489 488.9 489.6 490.4 497.1 508.7 521.8 537.1 553.1 569 582.8 595.6 605.7 613.1 615.9 615.7 612.2
302.1 300 298 299 301.9 311 322.1 330.1 340.5 353.8 358.2 360.9 360.6 361.4 361.4 362.6 359.9 358.7 359 361 363.1 365.2 368.8 373.6 377.8 382 388.8 406.6 425.8 443.5 458.9 473.1 485.9 493.9 501.5 505.4 507.6 510.9 515.5 522.2 529.1 536 544.3 551.9 557.3 561.2 568 576.9 578.1 570.2 564.3 557.9 551.2 543.6 534.6 525.8 521 513.9 505.3 498.8 494.1 489.8 489.3 491.9 493.9 500.5 510.2 523.6 535.8 549.1 566.1 578.5 591 601.4 608.5 612.3 611.9 609.8
304.1 301.8 298 298 298.8 303.3 313.1 323.7 335.9 347.7 356.5 360.5 360.8 361.8 360.8 360.3 359.1 358.7 360.1 363.1 365.3 368.8 372.2 376.2 379.4 384.1 395.2 409.3 427.9 443.1 456.6 472.6 487.2 498.1 503.9 508.7 514.6 518.4 523.7 532.1 540.7 545.9 552.4 560.1 566.3 571.4 580.5 583.3 581.8 575.9 566.5 558.7 551.4 544.7 532.5 521.7 519.7 513.9 504.2 501.3 499.5 494.3 490 494.6 497.9 502.8 515.8 525.7 536 546 558.7 576.2 588 596.9 604.8 607.6 609 608.7
303.9 300.8 298 298 298 298.1 305.5 315.7 325.9 336.8 349.1 359.9 357.4 359.6 360.5 359.7 359 359 360.9 365.7 369.9 373.4 376.5 379.3 383.1 389 403.9 416.9 429.9 447 465.1 482.4 493.6 502.7 508.6 515.3 522.4 526.7 532.7 544.2 552.4 557.3 562.7 570.1 576.6 585 591.2 590.3 584.6 580.1 569.5 558.2 549.4 539.1 525.1 518.7 518.1 512.5 504.3 503.5 501.1 499.2 496.2 498.5 501.1 505.7 518.1 525.1 534.2 544 555.6 570.1 584 593.6 600.4 605 608.6 608.8
303.8 299.8 298 298 298 298 299.7 307.8 317.9 329.4 338 345.3 349.9 352.7 358.7 354.3 356.5 359.3 364.1 370.5 375 377.6 382.9 387.1 391.7 398.6 414.3 426 442.9 463.1 487.2 500.1 505.6 511.1 517.8 524 530 531.9 539.3 557.6 566.5 571.4 576.4 582.1 589.8 600 602.9 596.1 589 580.8 569.6 555.6 544.8 534.4 522.5 517.7 518.1 513 507.8 505 501.2 500.8 499 501.1 508.1 515.4 520.1 525.2 535.3 545.8 555.5 569.8 582.6 592.2 599.6 604.5 607.3 608.7
305.7 298.2 298 298 298 298 298 301.8 311.1 323.8 329.6 336.7 343.1 347.6 349.6 350.8 357.8 360.8 367.4 375.6 381.2 384.1 389 395.1 403.8 410.6 423.1 433.4 462.4 501.9 513.9 519.6 517.8 521.3 527.3 533.8 543.1 549.8 561 575.3 584.1 588.2 591.2 599.3 608.1 612.3 610 603.4 591.2 579.9 567.7 552.5 544.9 534.4 526 521.1 517.8 514.8 510.8 506.1 501.3 499.9 500 502.8 509.9 520.8 520.2 526 537.9 549.8 560.6 573.3 584.1 593.8 600.5 604.4 607.1 610.3
307.2 298.2 298 298 298 298 298 298 304.7 318.1 326.1 333.2 337 339.4 344.3 355.6 361 365.4 373.2 381.1 387.1 390.4 396.2 406.9 413.3 415.4 428.1 444.7 484.6 517.9 534 532.9 528 529.6 534.2 543.4 557.8 570.6 586 597 603.3 604.8 607.4 616 620.8 618 612.8 604.2 592.1 579.9 567.5 552.4 546.9 539.1 534.7 529 523.8 520.3 514.9 507.2 501.7 500.5 500.6 502.9 508.1 520.7 522.3 529.5 540.7 552.1 561.9 573.4 583.9 592.9 600.4 604.3 607 611.2
310.2 300.2 298 298 298 298 298 298 299.1 308 318.5 326 329.8 332.5 344.4 358.9 361.1 366.4 377.7 389.9 391 394.2 401 408.6 415.6 423 436.9 458.8 498.1 521.4 544.4 542.3 534.7 542 547.3 561.2 575.7 592.7 605.8 617.7 621.1 623.5 627 632.2 628.2 624 616.5 606.7 595.6 584.6 570.1 557.4 551.6 547.6 544.8 541.8 536.3 526 517.4 506.3 501.7 502.5 501.9 503.2 509.2 518.6 525.6 532.8 543.1 552.3 561.1 573.4 583.4 591.6 599.5 605.7 610.7 613.8
312.7 303.6 298 298 298 298 298 298 297.5 303.4 308.5 315.9 329.9 334.5 339.2 350.2 358 359.8 377.7 389.7 391.4 396.4 402 413.9 419.2 430.2 449.4 472 496.8 523.8 545.8 541.9 546.9 558.2 573.2 585.7 597.9 614.1 626.7 633.4 637.8 641 644.5 643.2 636.6 629 619.8 611.1 600.7 587.6 576.5 566.8 562.4 559 555.9 552.5 548.8 537.4 523.9 510.9 504.1 501.9 502.5 504 509.9 518 526.6 536.5 545.6 554.9 565.6 576.6 585.9 592.8 597.4 604.4 610.5 620.7
316 306.5 298.5 298 298 298 298 298 298.2 298.7 304.1 310.9 321.5 329.4 334.9 341.8 351.9 359 372.1 383.4 389.3 393.3 407.7 422 426.7 444.1 468.6 494.2 531.3 557 558.4 555.9 565.7 582.1 597.9 607.8 620.1 634.4 642 648.3 653.4 659.3 659.3 653.7 645.1 633.8 625.6 616.9 608.2 596.4 585.8 579.4 577.2 571.7 568.8 564.6 558.6 547.1 534.4 519.1 508.8 506.9 501.8 504.1 510.1 519.2 527.6 537.3 547.7 557.6 568.8 581.5 590 596.6 602.6 609.5 617.7 626.9
320.1 309.6 301.6 298 298 298 298 298 298 297.9 297.9 304.3 310.8 323.4 328 334.2 343 353.1 365.1 375.1 381.6 387.1 413.6 420.4 439 470.2 496.3 515.8 547.4 564.6 567.7 577.6 596.6 617.2 619.4 626.7 639.1 649.5 657.4 663.8 671.5 675.5 671.4 662.7 652.1 641 633 625.1 617 606.3 598.4 593.5 593.2 587.3 582.1 576.6 570 556 542.8 527.7 514.5 514.9 503.9 505.1 511.6 519.5 527.7 538.4 550.4 560.7 571.3 585.3 594.4 601.7 608.7 616.4 624.7 635.2
330.7 319.1 307.5 300.1 298 298 298 298 298 298 298 298.3 305.4 314 321.6 328.4 335.8 344.4 359.4 367 375.1 392.8 407.2 421.2 453.5 485.1 503.4 516.9 542.6 555.7 571.6 619.6 622.4 631 636.1 642.9 654.5 663.3 670.3 680.3 689.7 687.3 679.9 669.9 659.6 651.1 643.3 635.3 626.4 619.3 612 609.9 605.8 602.6 597.8 588.3 581.1 569.2 547.4 533.4 521 511.8 507.4 509.4 513.6 521.3 531.7 544.2 555.3 566.1 578.3 590.1 600 608.1 615.2 623.7 633.1 644.6
382.6 348 330 312.9 307.3 300.3 298 298 298 298 298 298 298.3 306.5 314.8 322.2 328.6 337.2 355.2 368.2 375.2 397.5 402.8 417.1 446.7 482.5 500.9 509.9 526.3 545.7 571.5 618.2 626.7 635 645 654.9 666.6 676.8 685.4 697.6 703.8 696.9 687.7 678 668.4 663.2 658 650.1 643.4 635.4 634.2 628.3 618.3 612.7 607.6 595.5 584.3 572.7 553 539 522.8 514.6 510.9 513.8 518 524.2 536 549.7 561.7 572.2 582.9 597 607.9 616.9 623.4 632.6 643.3 655.6
409.1 383.6 358.5 336.2 318.7 306.7 300.1 298 298 298 298 298 298 300.6 307.8 314 319.9 327.2 345.7 364.6 375.8 392.7 398.9 419 454.8 482.1 492.5 498.4 516.1 535.1 558 594 618.2 632.1 646.8 659 672 683.7 697.5 711 711.4 703.2 693.9 689.5 682.5 679 675.7 670.3 664.6 661.7 656.1 647.5 633.9 621.2 610.3 599.6 585.4 570.1 553.2 537.4 523.1 519 514.3 517.1 519 526.4 536.9 550.9 564.1 574.9 586.6 601.5 618.4 627.9 636.8 645 654.8 666.4
416.7 394.7 372 348.9 329.4 314.3 303.5 298 298 298 298 298 298 298 301.9 309.2 314.7 319.3 331 351.4 381.9 391.3 405.9 432.1 457.4 480.3 482.9 491.2 511.7 527.8 549.7 582.7 613.7 639.5 660.8 671.6 681.2 693.8 710.3 726.7 721.4 714 708 705.7 700.2 701 696.3 692.4 690.8 683.6 675.3 662.5 644 625.2 609.4 592.8 577.7 564.6 551.9 539.7 526 520.8 518.7 520.2 520.8 527.6 538.7 551.5 564.4 576 590.7 608.9 626.1 641.6 650.5 658.8 665.5 679.3
431.8 404.5 380.7 360.1 339.1 319.1 303.5 298 298 298 298 298 298 297.9 298.5 303.6 310.8 321.5 330.8 340 367.7 381.4 410.1 427.3 445.8 469.8 478.8 491.1 500.8 515.1 532 568.3 602.3 638.8 663.4 676.7 688.1 705.1 730.3 743.7 734.5 727.7 725.8 727.6 728.4 726.7 723 721 716.7 704.3 688.5 664.5 639.3 618.8 601.7 583.8 567.3 555.6 546.9 536.8 525.6 518.7 516.1 517.1 522.5 530.2 541.5 554.2 567.5 582.8 600.9 622.7 642.9 658.3 666.2 672.3 681.8 696.3
472.9 425.6 396 371.8 349.7 323.9 304.3 298 298 298 298 298 298 298 298.2 300.5 306.3 319.7 330.8 344.1 351.1 368.7 394.9 420.4 450.8 464.5 479.5 483 491 499.9 513.7 549.7 578.2 624.5 658.5 682 691.2 709.7 734.1 749.5 744.8 741.5 743.7 747.5 746.9 748.2 746.1 742.6 735.1 712 684.1 656.8 631.7 611.2 592.5 574.2 558 545.5 538.2 530.6 522.8 516.1 516.1 516.1 521.3 529.4 540.8 554.6 570 591.9 617.5 642.3 660.9 676.6 684.2 690.9 700.5 714.2
479.5 442.3 409.7 382.9 355.5 331.2 315.3 304.2 299.9 298.3 299.7 298 298.1 298.1 298.7 298.6 300.3 306.9 321 337.3 349.1 361.6 383.8 406.6 438.8 455.2 472.2 475.2 483.6 493.2 501.8 523.6 549.9 589.3 633 673.9 688.2 704.4 729.4 743.1 746.6 749.5 755.6 758.9 760.7 760.2 760.1 755.8 739.1 705.9 673.2 647.3 623 603.9 585.1 568.4 551.6 538.7 530.3 524.7 518.7 516.1 516.1 516.1 521.2 532.1 544.4 556.5 574.4 604.7 636.1 664.4 683.6 696.5 703.3 710.4 721.5 735.5
500.6 456.5 426.2 398.9 371 343.3 327.7 311.9 304.7 300.3 298.1 297.7 298.4 299.2 299.6 300.5 300.3 298.8 309.3 322.9 340 359.4 380 388.7 419.1 439.2 464.9 466.2 474.8 480.4 487.8 506.6 533 555.2 595.6 653.6 674.7 693.8 717 736 745.3 754.4 759.8 765 768.1 767.3 767.4 763.1 735.1 693.1 659.9 631.3 611.8 597.9 580.8 564.9 549.7 534.5 525.7 517.9 516.1 516.1 516.1 516.1 521 531.6 544.4 559.7 581.3 615.1 654.7 691 708.2 718 723.2 732 742.3 758
509.6 473.4 440.2 411 382.2 356.1 335.6 316.2 305.9 301.4 299.7 297.6 298.3 300.7 303.1 303.1 302.6 301.2 299.1 310.9 323.1 342.6 366.3 378.5 394.9 413.7 442.5 452.7 453.2 468.5 477.7 493.6 520.1 531.7 549.2 619.7 653.1 673.8 693.3 720.1 740.7 752.2 761.9 768 768.4 767.7 767.8 765 730.8 687.2 651.4 622.9 598.3 584.1 573.5 561.4 548.1 532.9 521.1 516.1 516.1 516.1 516.1 516.1 518.8 530.9 546.1 567.7 597 634.4 670.4 709.5 728.5 736.8 745.1 754 767.2 778.4
526.3 488.4 450.2 420.3 391.9 364.6 341.3 324.8 306.7 301.1 299.9 298.4 298.9 303.5 304.6 304.6 303.2 302.4 299.8 304.2 312 321.8 339.8 356.5 374.1 389.1 408.1 435.1 438.6 450.9 464.6 476.6 499 510.5 530 583.8 628.1 652.7 671.2 697.8 725.6 744.9 757.3 763.1 762.9 763.3 763.9 762.6 734.1 685.7 652.6 620.5 595.2 577.6 568.1 556.4 543.4 526.8 516.1 516.1 516.1 516.1 516.1 516.1 516.1 527.9 549.2 577.4 612 660.8 695.2 727.2 750.7 761.1 769.1 776.1 784.5 794.2
