STL Generation/terr50_gagg_gb/data/NH49.asc
ncols 200
nrows 200
xllcorner 240000
yllcorner 890000
cellsize 50
[rows 105 to 139 of 200, columns 0 to 77 of 200]
282.9 283.2 282.4 280.5 279 277.1 274.7 272.8 270.3 266.9 262.1 258.5 255 249.4 245.6 240.4 236.5 232.4 228.6 225.5 222.6 219.1 215.3 210.1 205.7 200.7 194.2 188 181.9 169.6 163.4 160 154.2 146.6 138.2 132 130.7 130.9 131.2 129.8 133.1 136 139.6 143 149 155.2 164.1 172.4 178.7 185.2 193.5 202.1 209.5 217.1 224.6 233.5 239.6 249.4 258.3 263.8 269.3 276.6 282.8 287.4 292.5 296 298.2 302.7 305.1 305.3 309.8 313.7 319.4 325.3 332 337.7 342.4 348.4
282.3 281.5 281.9 280.1 278.3 275.4 273.1 271.2 268.7 266 260 256 252.7 249.3 244.5 240 236.3 232.4 228.6 225.3 221.2 215.2 212.1 206.4 202.8 200 194.8 190 181.3 175 171.1 166.1 159 151.7 141.8 134 133.3 132.2 128.4 130.8 132.1 136.3 138.9 140.3 146.9 154.2 161.5 169.7 175.6 182.8 190 197.5 201.5 211.1 216.8 224 231.1 241.3 249.1 257.9 264.1 269.5 274.5 276.5 279.7 282.4 287 291.8 295.2 296 301.5 306.3 309.1 314 321.5 328.3 334.3 340.2
283.9 283.1 280.4 277.8 276 273.3 271.7 269.4 267.3 265.5 259.8 255.1 251.5 247.6 243.2 238.1 233.8 229.7 225.1 219.8 215.2 216 213.8 205.1 200.4 195.1 187.3 185.4 179.9 174.1 168.8 165.2 157.3 149.3 142.9 136.8 132.9 132.1 129.3 127.9 130 133.1 132.6 138.8 146 151.4 158.7 165.8 170.4 176.1 183.5 187.9 194.8 203.5 209.7 217.5 225 232.8 242.8 250.8 257 261.8 265.1 267.5 270.5 272.7 276.4 279.6 283.3 286.5 293.8 298.1 300.8 304.5 310.2 317.5 323.4 330
286.2 283.3 280.9 278.5 274.9 271.4 269.5 268.3 266.4 265 261.8 256.2 250 246.3 243.1 237.3 229.2 233.4 228 230 226.6 225.2 219.6 214.2 208.3 200.7 192.9 186.4 181.7 175.4 167.7 162 157.4 149.7 145.1 139.1 136.7 132.5 127.4 130.6 131.3 130.7 130.4 137 146.4 149.6 153.6 159.7 165.2 169.9 175.3 182.2 190.3 197.6 207.9 213.3 218.5 226.6 234.7 241.9 248.2 253.9 257.4 260.1 262.5 266.2 268.6 271 272.4 276.5 283.9 289.7 292.1 295.8 302 308.8 315.7 322.4
285.9 284 281.6 279.2 276.5 273.1 270.6 268.6 264.7 264.4 259.2 253.1 246.8 245.5 241.8 233.4 245.7 245.4 241.4 238.8 234.7 229.8 224.5 219.9 214.7 206.8 199.2 192 185.1 178.6 172.2 166 159.6 152.8 147.1 144.2 142.1 137.6 130.1 127.6 128.7 131.1 130.2 134.1 141.9 147.2 148.2 153.3 159.4 165.5 172 179.3 185.6 192.5 199.7 206.8 213.4 219 226 232.9 240.2 244.8 248.5 252.1 255.8 258.6 260.7 262.2 263.8 269.8 275 280.7 281.3 287.1 295 301.3 307.9 313.6
292.5 289 284.9 278.6 275.7 273 271.4 268.9 263.3 260.1 254.9 249.5 244.6 244.6 241.6 252 252.8 250 248 246.1 241.8 235.6 229.2 225.2 219.8 212.1 204 196.3 190.5 183.8 177.4 169.9 162.7 155.6 150.2 146.4 141.1 136.3 131.3 127.5 131.3 131 130 130.3 135.5 141.8 144.6 148.9 158 165.1 169.8 174.9 180.7 188 194.7 200 206.2 212.7 218.7 224.9 232.2 236.8 240.4 243.9 247.4 250.6 253.4 255.3 257.3 262.3 268.4 272.4 275 278.6 286.3 293.1 298.2 303.9
304.9 294.8 287.5 279.9 275.1 271.3 266.3 263.5 257.6 253.4 252.9 251.5 249.6 247.1 254.4 257 254.4 253.3 253.6 252.4 246.6 240.9 237.1 231.9 225.6 219 210.4 203.1 197.7 192.8 184.5 175.3 168.2 159.9 153.8 147.5 140.3 135.5 131.2 129.1 128.1 128 129.1 129.4 130.4 134.5 140.5 146.6 153.3 159.7 164.4 169.7 177.2 184.7 188.4 193.7 199.8 206.4 212.3 218 224.6 229.5 233.2 236.8 240.3 243.5 247.3 249.2 251 253.3 260.8 264.9 267.1 272.9 279.1 284.4 288.8 297.7
316.3 305.8 290.9 283.4 272.1 267.6 265.6 261.6 260.7 258 255.9 252.3 253.7 254.4 259.2 259.4 256.6 257.5 256.9 256 252.8 248.9 244.6 238.4 233 227.7 218.1 209.5 206.5 202 192.9 183.8 175.1 166.5 159 151.5 144.7 138.8 132.7 130.8 127.5 129.6 130.3 129.8 129.3 131.2 137 143.8 149.1 154 158.6 166.6 173.1 176.8 181.9 188.3 194.1 200 203.9 210.6 216.6 222.2 225.9 229.5 233.2 236.7 240.7 243.1 245 247 252.3 258.1 262.1 266.8 271.3 276.3 283.7 294.8
323.7 308 290.6 279.9 271.3 272.5 272 268.7 265.7 264.2 261.5 261.3 263.7 261.9 262.4 261.5 261.1 262 261 259.9 257.3 254.7 251.1 245.9 240.4 234.6 227.7 218.3 213.1 210.5 202.1 193.1 184.4 175.8 165.6 159 152.6 144.4 137.7 132.7 129.5 130.2 129.5 128.4 129.5 129.2 133 139.1 145.4 149 154 162.5 166.9 171.7 177.6 183.5 188.1 193 197.9 203.6 209.5 214.6 218.3 222 226.6 231.1 235.4 238.3 240.4 242.9 249.7 253.3 252.8 259.9 266.8 274.2 280.7 289.6
306.9 298.5 288.7 279.6 284.8 283.9 278.7 275.4 273.9 273.8 272.6 267.4 268.1 267.5 269.3 267.3 267 267.6 265.8 264.9 262.6 259.6 256.6 252.2 247.3 242.1 236.8 228.8 222.8 218.5 210.7 203 194.9 185.9 174.4 165.6 159.6 152.4 144.4 136.5 131.3 127 127.5 128.6 130.2 129.6 129.2 132 138.4 145.5 148.4 158.5 164.2 167.9 171.3 175.6 181.3 186.3 191.8 197 202.3 206.8 211.7 216.6 221.4 225.9 230.4 233.5 237.7 241.6 243.8 244.9 248.2 257.9 264.1 270.3 277.5 280.6
302.9 299.1 296.1 297.7 295.6 290.7 283.7 281.7 280.3 281.7 279 272.5 273.6 275.7 277.5 274.3 273.7 273.3 272.1 270.1 268.4 265.3 261.9 256.7 252.1 247.1 243.2 237.8 231.9 226.1 219.5 212.3 205.4 197.3 185.5 172.6 166.1 159.3 151.9 142.9 134.5 130.3 130.6 127.5 130.4 129 129.7 129.7 132.8 136.4 147.1 155 157.2 161.1 164.5 169.1 174.7 180.3 185.7 191 195.8 200.5 206.3 211.4 216.1 220.6 224.6 229.5 234.3 239.5 242.9 246.6 250.2 253.8 260 266.4 272.7 277.4
326.5 319.9 317.4 315.6 309.9 305 298.5 295.2 290.5 287.7 285.6 281.4 283.3 285.4 283.6 281 281.5 280.5 278.8 276.5 274.6 271.7 268 262.4 256.4 252.5 249.3 244.4 238.8 233.4 227.5 221.1 214.6 207.9 196 182.3 172.1 166.7 160.4 151 141.9 134.4 130.6 127.2 127.3 129.1 130.8 127.1 127.7 131.3 141 144.4 146.8 151.9 157.6 163.6 169.4 175.2 180 185.6 189.8 194.9 200.8 206.2 210.4 214.4 218.4 223.4 228.5 234 239 243.7 247.4 250.4 255.9 262.1 267.9 273.5
344.7 337.7 335 331.1 325.5 320 313.1 306.6 301.5 298.8 296.4 291.5 292.4 291.7 288.8 286.8 286.7 286.6 284.4 283.1 281.5 278.2 274.9 272.7 266.7 261.5 255.8 251.1 246 241 234.9 229 223.2 217.3 207.1 192.9 181 174.9 168.5 160.9 152.3 145.2 138.7 130.3 127.4 128.4 131.3 129.6 127.1 130.2 129.6 135.9 141.4 144.4 149.8 155.8 163.8 170 175.2 179.7 184.3 189.6 195.8 201.1 205.2 209.1 213.4 216.1 223.4 229.9 233.7 238.4 243.2 247.3 252.3 260.8 266.7 272.1
364.2 358.7 353.9 350.4 344.9 335.3 325.8 317.3 312.5 310.2 307.9 305.4 302.5 298 295.8 293.7 292.2 291.6 289.6 288.3 286.8 284.8 282.5 278.3 274.1 268.5 261.6 257.9 253.2 248.6 242.3 236.8 230.9 224 215.9 204.3 192.9 184.8 177.3 169.8 161.8 153.7 147 141.9 137.9 131 130.1 129.5 128.2 129.7 129.5 129 135.6 138.6 142.1 146.8 154.8 162.8 169.2 174 179.2 184.5 190.8 195.7 199.4 203.2 208.1 215.9 221.6 226.7 230.4 234.7 239.4 245.2 253.4 259.1 264.9 269.7
386.3 382.1 377 371.3 363 351.6 340.8 332.8 327 322.8 320.3 319.3 314.2 308.1 304.8 302.4 300.4 298.2 296 292.9 289.5 287.4 284.9 281.1 277.5 272.8 268.8 264 259.6 255.5 250.1 242.8 236.8 230.3 223.7 213.6 202.1 191.6 183.8 176.7 168.8 161.5 154.7 149.2 139.5 137.9 132.3 129.8 130.6 129.4 130.2 130.4 129.3 131.3 135.9 139.7 144.8 153.8 161 166.4 172.5 179.7 185.6 187.5 194 202.3 207.3 212.3 217.7 222.3 226.6 229.9 236.5 245.1 253.3 256.4 260.3 264.4
416.6 412.4 404.6 394.9 383.7 374.4 364.9 354.6 345.8 339.5 335.3 332.4 327.4 320.9 316.2 312 309.5 307.2 303.9 299.8 295.5 291.3 288.6 284 280.5 278.2 274.8 269.2 265.2 259.8 253.6 248.4 242.6 236.2 229 220.4 209.6 199.3 190.6 183 175 167.3 161.1 154.8 145 141.1 136.1 131.6 130.1 129.4 126.9 130 129.4 129 130.4 133.8 134 145.4 157.1 159.5 163.9 173.4 180.3 186.7 193 199.8 204.5 208.7 212.7 216.8 222.5 226.5 233.9 241.9 247.4 249.8 254.5 262.3
445.6 443.5 436.2 426.7 410.4 397.6 387.1 377.7 368.3 361 355.1 349.1 342.4 334.7 328.9 324.7 320.5 315.3 310.6 304.9 300 296.1 291.3 287 284 280 275.8 272.2 268.3 262.8 257.1 253 247.6 241.7 234 226.3 217.1 207 197.8 188.9 180.6 173.6 166.8 156.4 151.6 147.3 141.3 135.8 133.5 129.3 128.9 129.1 129.6 126.9 129.2 129 131.8 138.3 143.7 151.7 160.8 169.4 175.6 182.3 188.7 195 199.9 204 207.6 211.7 218.6 223.5 229.6 235.2 242.2 248.3 253 261.3
464.5 470 470.3 461.7 446.6 429.1 413.8 403.5 394 386.3 380.5 372.5 362.8 353 344.6 338.1 329.8 325 316.9 310 304.1 299.4 294.1 289.7 285.4 281.6 278.4 275.8 270.7 264.8 261 257 251.8 246.3 239.4 232.2 224.4 215.2 204.3 193.9 182.5 175.7 173.1 166.6 160.8 154.4 147.5 141.8 135.3 132.4 130 129.6 129.7 130.5 130.1 128.7 131.2 132.9 136.3 145.6 156 163.3 170.3 176.7 183.1 189.5 194.7 199.3 203 209.2 214.1 219.4 224.6 232.5 238.6 244 251.7 259.1
477.6 483.3 488 491.6 486.3 466.5 447.1 436.4 426.9 415.6 406.6 395.7 386.2 375 364 355 342.7 330.3 324.3 319.2 310 302.6 297.1 291.1 286.2 283.3 280.3 276.3 272.1 266.4 262.1 258.7 254.7 248.8 244.1 238.3 229.9 215.5 209.7 198.7 192.7 186.2 179.3 173.2 166.2 160.9 154.9 147.3 140.2 136.3 133.4 131.9 130.5 130 126.7 126.9 129.2 131.7 134.9 144.1 151.6 157.1 163.6 170.6 176.9 183 188.4 193.8 197.6 202 207.7 215.1 222.2 228.9 234.1 239.6 247 254.1
486 493.1 499.9 507.4 510.8 504.6 492.2 475.2 467.8 458.1 445.1 428.2 409.6 393.2 380.5 372.2 360.7 346.4 331.9 322 314.5 306.8 300.7 294.6 289.7 285.3 281.7 277.1 274.9 270.2 265.5 261.3 254.5 248.4 243.9 240.5 234.8 226.7 216.8 207.9 200 192.6 185.1 177.8 172 166.5 160.9 153.1 145.4 140.2 136.8 133.8 131.7 130.7 129.7 129.9 128.6 130.4 131.6 137.3 146.8 149.4 157.6 164.5 170.7 175.3 181.7 185.1 191.4 195.8 204.1 209.4 216 222.8 229.5 235.5 242 249.4
490.8 498.5 506 513 520.3 528.9 529.8 520.1 507.2 492.6 475 452.3 425.6 404.1 388.2 379.3 368.1 353.9 338.9 327 317.2 310.1 304.7 298.2 292.4 287.9 284.4 278 272.9 270.9 267.9 262.8 254.7 252.6 247.3 241.7 236.9 230 222.6 213.6 205.7 197.4 189.9 183.1 177.6 172.2 166.7 159.6 151.9 144.7 141.3 138.1 135.3 131.2 130.2 129.3 126.9 130 129.1 133.1 138.7 149 154.3 158.9 163.5 166.5 172.6 179.3 186 190.7 197.3 203 210.2 217.2 224.1 230.7 237.2 244.5
491.3 499.9 508.4 516.5 525.2 533.7 539.6 540.2 531.3 514.6 492.9 466.9 439.4 415.4 399.9 387.5 370.1 351.9 339.3 332.8 326.7 316.4 308.6 306.8 297.9 291.5 286.3 280.2 279.7 276.6 270.2 267 259.9 257.3 250.7 245.5 240.6 234.7 227.3 219.4 210.8 202 194.9 189.1 184.1 178.8 172.9 166.1 159.3 152.4 146 142.1 137.3 133.6 130.6 130.5 130.4 128.6 127.4 131.1 136.5 146.2 149.8 152.2 154.2 158.9 166.3 172.8 178.7 184.6 190.3 196.6 204.1 211.6 218.6 225.3 232.5 239.4
492.3 499.9 509.3 518.9 527.9 538.7 546.2 547.3 541 531.3 510.5 478.4 449.3 423.8 407.7 394.7 372.3 355.9 341.8 334.3 325 317.9 313.4 309.5 302.7 292.9 287.1 286.9 285.9 280.8 276.7 269.2 265.9 261.5 255.7 250.1 245.3 239.5 233.7 226.5 217.1 207.8 201.3 196 191.1 185.8 179.8 173.2 166.7 159.1 151.9 145.6 140.5 136.9 131.6 129.7 130.2 129.3 129 129.7 133.4 143.4 143.6 143.4 144.8 150.6 157.9 164.6 170.8 176.5 183.3 190.2 197.7 205.2 212.9 219.8 227.2 234.5
493.5 500.9 507.8 516.7 527.1 539.9 550.5 554.4 550.2 538.5 519.2 492.6 457.4 427.8 407.6 389.4 370.1 354.2 338.7 329.6 320 314.7 309.9 307.8 301.9 292.8 292.7 292.5 289.5 283.1 277.3 274 272.1 267.9 262.5 256.4 250.3 246 242 233.8 224.3 215.4 207.7 202.9 197.9 193 186.9 180.5 173.9 167.2 159 153.1 148 143.7 140.3 136.1 134 131.6 129.1 129.2 129.3 133.8 135.5 136.7 139.7 144.7 149.7 155.5 162.6 168.7 175.7 183.3 191.1 198.7 206.4 214.3 221.6 229.1
495 501.6 508.5 516.2 526 539.7 550.2 556.2 555.2 548.6 532.1 500.1 466.5 431.3 404.8 386.1 369.1 352.3 338.9 328.5 321.1 316.8 312.1 306.5 301.4 301.8 300.5 293.7 289.4 285.5 283.5 280.8 277 273 268.6 261.7 257.2 252.6 247.4 240.7 231.7 223.4 215.2 210.1 205.1 200.3 194.8 188.3 182 175.7 169 161.4 154.9 149.3 143.8 141.4 144.6 136.1 129.1 128.2 128.7 131.8 133.1 133.6 137 138.9 145.3 150.2 154 160.7 168 175.4 183.3 191.4 199.6 208.3 216.1 223.9
496.7 503.3 510.3 518.9 529.6 544.1 557.4 562 558.8 551.3 538.3 508.3 465.9 433.1 403.8 382 365.5 348.2 331.6 323.9 324.4 321.3 316.4 307.9 306.8 303.7 299.5 296 296.6 291.5 288.7 287.2 282.6 278.3 273.2 267.3 262.1 257.7 253.2 247.6 239.5 231.5 224.3 217.3 212.5 208.1 203.2 197.6 191.3 184.9 178.8 171.4 165 158.2 153.3 147.6 146.1 137.5 131.6 128.7 127.3 128.9 130.9 130.8 130.7 131.1 135.4 142.7 146 152.7 160 167 174.9 183.2 192.2 200.7 208.8 217.4
500.3 506.3 514.7 523.6 535.4 548.4 561.4 567.4 562.8 552.2 537.6 511.4 474.6 433.5 404.9 382 361.3 343.9 325.8 320.8 320.8 319.9 316.4 314.2 307 306.4 305.7 302.7 299.5 296.2 295 292.5 288.2 284.3 280.4 274.5 267.7 263.2 258.4 253.5 248.1 241.7 233.2 225.3 220.2 216.1 211.8 206.7 200.7 194.6 187.5 181.3 175.8 167.3 158.2 153.2 148.2 139.1 135.8 132 128.7 127.1 129.1 129.2 130.1 130 130.4 131.4 145.8 149.1 150.5 158.2 165.8 174.1 183.8 192.6 200.6 209.6
505.4 511.6 519.6 528.6 540 552.8 564 569.6 567 555.9 539.1 515.5 487.2 449.6 412.2 384.3 362.7 340.4 321.8 320.8 320.8 325 319.3 316.8 307.6 310 309.2 307.7 304.6 304.1 302.7 298.7 294.8 292.3 287.6 281.1 276.7 272.7 267.2 262 253.8 248.2 240.9 234.4 228.7 223.1 218.8 215.1 208.8 202.9 195.4 188.2 182.5 175.4 165.6 157 150.5 142.8 141 134.8 130.9 130 127.6 127.8 127.7 130 129.8 130.6 137 136.7 141.3 149.7 158.2 166.7 176.7 185.5 192.9 200.6
510.4 517.1 524.6 533.7 543.7 555.5 566 572 570.8 560 542.6 519 493.3 462.2 428.1 398.2 370.9 347.2 327.4 320.8 320.8 325.7 322 314.2 312.3 313.6 314.2 313.1 312.4 311.4 309.3 305.3 301.8 299.2 296.1 290.4 286.8 282.2 276.1 268.9 263.3 258.3 250.9 244.4 238 230.6 225.6 222.2 214.3 209.9 204.2 196.1 190.4 185.1 175.4 167 156.9 148.2 142.4 136.6 134 130.7 129.9 128.5 127.3 130.1 129.5 129.6 130.1 130.2 139.8 145.3 151.2 159.1 168.8 178.1 185.5 192.5
515.9 522.8 530.3 538.8 548.3 558.9 567.7 574.9 578.3 565.9 548.8 525.4 499.7 471.6 445.6 423.2 395.1 367 342.9 327.6 326.9 329.7 326.3 318.7 317.1 319 320.4 319.9 318.1 316.3 314.7 311.5 309.5 307.4 303.7 300.7 297 291.3 285.3 278.6 273.7 268.3 262.3 254.9 247.5 240.4 233.2 227.6 222.7 219.3 215.8 205.7 200.1 192.2 184.5 177.3 163.3 156.9 150.8 144.1 135.8 131.3 129.3 128.4 128.1 127.2 127.9 128.8 129.4 129.9 130.8 132.5 140.8 151.1 162.9 170.8 177.7 184.2
526.2 533 541 548.4 556 562.7 567.8 571.6 575.1 572.7 560.1 536.4 511.6 484.3 462.2 441.7 421.1 395.9 372.6 350.7 342.3 336.8 330.8 326.9 323.2 325.3 326.2 326.5 325.2 323 321.2 319.3 316.9 314.6 312.8 310.2 305.2 299.8 294.3 288.8 284.1 278.7 272.8 266.2 259.5 251.6 244.5 238 232.4 227.8 222.7 213.2 205.1 198.2 189.7 180.8 175.4 169.5 162.4 152.8 145.9 142.1 132 129 129.7 129.5 129.2 129.7 129.2 129.6 130.6 131.2 136.7 146.7 157.3 164.1 168.9 176.2
536.6 546 555.4 564.2 572.5 578.6 579.1 572.8 568.3 564.9 559.9 546.1 522.5 497.9 472.9 451.8 434.7 416.6 399.1 378.9 359.8 346.3 338.4 332.4 333.8 333.2 332.9 333.3 332.6 330.1 328.2 326.3 323.3 320.4 318.9 316.9 313.3 309.5 305.3 299.7 294.4 288.6 282.1 276 269.5 262.8 255.8 248.3 242.6 236.3 228.2 220 211.8 204.8 197.4 189.8 184.8 179.1 170.8 162.3 155.5 146.9 141.7 138.4 133.2 129.3 127.8 129.7 129.5 129.4 130.3 130.6 131.2 136.3 147.2 157.5 159 168.3
548.4 560.6 571.4 581.4 589.9 598.3 596.6 586.9 575.1 560.8 552.1 540.6 526.7 505.1 483.3 463.5 446.5 432.4 416.6 398 374.4 359.1 350.3 347.5 346 343.2 341.9 340.8 339.6 338.9 336.1 332.9 330 327.2 324.8 322.3 320.3 316.9 313.2 309.4 303.9 297.6 290.8 285 279.5 273.1 265.3 257.8 252.1 245 237.9 230.3 221.2 212.4 203.4 199.4 193.5 188 180.5 172.6 163.9 154.1 148.4 146.7 141.2 133.2 127.3 129.8 129.9 130 129.7 129.8 129.8 130.1 139.5 146.3 148.5 160
560.4 574.2 587.7 600.9 611.1 611.6 606.5 596.1 582.5 564.7 551.2 538.5 522 507.1 489.8 473.5 457.1 440.7 423.5 407 387.5 375.8 366.4 360.7 356.9 354.9 352.8 350.1 348.5 347.5 344.2 340.9 337.3 333.7 330.8 327.8 325.1 322.2 318.5 314.8 311.1 306.8 300.7 295.2 289.7 283.6 276.2 269.1 261.3 254.6 248.8 240.2 230.7 222 212.9 208.7 202 195.6 189 181.5 169.2 160.2 159.5 152.1 142.2 135.5 135.9 131.1 127.4 130 129.7 129.4 129.3 129.4 129.2 139.4 141.4 151.6
566.9 582.5 597.6 611.7 619.4 617.9 609.9 597.9 585.5 574 558.8 543 526.3 509.8 494.5 481.4 466.4 451.1 432.6 415.9 400.7 390.6 377.3 370.8 367.4 365.1 362.9 360.3 358.1 355.9 352.5 348.9 344.8 340.6 337.2 334.4 330.8 327.3 323.9 320.4 316.9 314.3 310 304.2 298.5 291 284.7 279.8 273.5 265.3 260 251.1 239.4 233.3 226.6 217.8 210.5 203.4 197.1 190.8 178.6 170.6 166.8 159.3 150.2 144 142.8 131.9 127.5 129.9 129 128.4 129.3 129.7 129.4 129.3 132.5 140.1
