STL Generation/terr50_gagg_gb/data/NH50.asc
ncols 200
nrows 200
xllcorner 250000
yllcorner 800000
cellsize 50
[rows 140 to 174 of 200, columns 0 to 77 of 200]
661.6 661.2 659.8 658.9 657.2 656.2 656.2 656.4 656.5 656.7 656.6 656.6 655.5 654.7 653.7 651.4 649.3 648.3 646.4 642.5 639.6 638 640.3 641.1 644.9 644.6 644.6 645.6 646.7 647.7 648 649 648.2 649.2 649.3 649.9 653.2 655.2 658.8 662 663.3 665.1 668.1 669.6 667.4 668 669.2 671.2 672.4 673.4 674.4 676.4 678 678.5 678.8 681.7 682.1 682.5 682.6 682.7 682.8 682.7 681.7 680.8 679.7 677.9 675.5 673.2 668.8 666.9 664.5 662.9 660.7 659.2 659.8 660.1 660.4 662.6
661.5 660.9 660.3 658.6 657.3 656.3 655.5 655.6 655.8 655.9 655.9 655.6 654.6 653.7 652.9 651 648.9 647.5 645.9 640.3 637.5 641.3 640.5 642.7 645.7 647.6 647.8 648.5 649.5 650.7 651.8 650.3 649.8 650.2 651.7 653.9 657.2 660.8 662.2 665.6 668.7 671.2 672.9 671.8 670.7 671.2 673.2 674.7 675.4 675.7 676.4 678.3 679.3 679.5 679.6 680.2 681.1 681.4 681.7 681.9 681.9 681 680.2 679.1 677.7 676.2 673.8 669.4 667.6 665.6 663.1 660.6 659.9 660 660.8 661.5 662.9 665.5
660.7 659.9 659.2 658.6 657.4 656.4 655.4 654.9 655.1 655.2 655.2 654.8 653.8 652.7 652.2 650.4 648.3 646.3 643.8 640.2 639.4 643.5 644.5 646 647.9 648.6 651 651.3 652.6 654.2 655.1 653.9 654.7 655.2 657.1 659.5 662.2 665.1 667.9 670.8 672.8 676.6 678.6 676.8 674.2 674.9 676.4 677.8 679.1 678.9 678.6 680.3 680.1 680.2 680.3 680.6 681.1 681.1 679.9 680.7 680.3 679.2 679.1 677.2 675.7 674.2 672 668.6 667.1 665.9 665.1 662.2 661 661.3 662.4 663.9 665.3 667.7
661.9 661.2 660.6 658.6 657.5 656.5 655.5 654.5 654.3 654.5 654.5 654 652.9 651 649.1 648.4 646.8 643.1 640.9 639.1 642.4 646.1 647.5 648.1 649.4 650.8 652.9 654.9 655.9 657.1 657.3 658.1 659 660.6 662.5 665.3 668.7 671.4 674.1 676 678.6 680.6 682.8 680.4 677.2 678.2 679.6 680.9 682.2 682.7 682.4 682.4 680.9 680.7 680.7 680.7 681.1 678.9 679.6 678.8 678.8 678.5 677.9 674.5 674 672.5 666.8 663.9 662.9 662.1 662.7 664.3 665.2 664.9 664.8 666.1 667.6 670.8
662.2 661.7 661.2 658.6 657.6 656.6 655.6 654.6 653.6 653.7 653.8 653.1 652 649.3 648.6 644.8 641.1 641.4 640.6 641.5 644.8 647 650.8 650.6 652 653.6 655.1 657.7 660 660.4 660.5 662.2 664.1 665.9 668.5 671.9 675.3 678.1 680.4 682.2 684.4 686.4 687.6 684 680.3 681.4 682.7 684 685.4 686.5 685.9 684 682.6 681.2 681.1 681 680 679.8 681.1 679 678.6 678 676.8 673.4 670.7 667.7 668.3 669.4 670 668.4 668.3 669.1 668.8 668.4 668 668.6 670.6 674.1
661.7 661.7 661.2 659.4 658 656.7 655.7 654.7 653.7 653 653.1 652.3 646.8 646.3 643.5 643.7 644.4 643.4 642.5 644.8 647.2 649.6 650.5 653.1 654.6 656.5 659.1 661.4 663.1 664.3 666.5 668.3 669.9 671.9 675.1 678.5 681.9 685.3 686.6 688.4 690.2 692.6 692.1 688 684 684.8 685.4 686.7 688.5 689.8 687 684.9 683 681.9 681.7 681.2 679 681.6 682.9 680.5 678.7 678.3 676.5 673.7 670.1 670.7 673.7 676 676.5 674.6 673.6 673 672.6 672.2 671.9 673.2 675.7 678.2
661 661.1 661.1 661 659.6 658.1 656.7 655.3 653.9 652.9 652.4 648.3 645 648.8 648.3 646.9 647.5 646.3 645.6 648.9 649.7 650.9 653 655.8 657.1 658.5 663 666.6 668.7 670.5 672.3 674.5 676.2 679.3 682.5 685.7 689 691.9 692.6 693.7 694.4 696.6 695.2 691.4 688.6 689.5 690.3 690.9 691.5 691.3 688.8 686.6 684.5 682.1 681.4 680.8 681.3 684.8 684.7 682.5 681.6 679.6 678.1 675.3 673.4 676.9 680.3 681.4 680.9 680.1 679.3 677.6 676.5 676.1 676.3 677.7 680 682.7
660.3 660.2 659.8 659.4 658.2 657.2 656.1 655 653.9 652.9 651.5 647 649.8 651.4 651.5 648.5 648 646.7 647.7 652.3 653 654.2 656.2 658.5 659.8 662.3 667.4 671.9 675.4 677 678.4 680.2 683.1 686.7 690.1 693.2 696.3 698.1 698.8 698.5 696.6 694.5 693.1 691.9 692.9 694 695.1 695.9 695.7 693.2 690.6 688.3 685.5 682.7 681.2 681.7 685.3 688.6 686.7 684.6 682.6 680.6 679.4 678.3 679.7 682.1 683.3 684 684.1 683.5 682.8 682.1 680.9 680.1 681 682.5 684.4 687.3
662.6 662.2 660.7 659.6 658.3 656.9 655.7 654.6 653.6 652.5 650.5 649.2 651.9 651.9 651.5 648.6 647.7 647.6 651.9 655.5 657.4 658 659.3 661.2 663 667.1 671.8 676.3 681.7 683.6 685 687.6 691.7 694.9 697.7 700.8 704.1 704.3 704.8 701.3 698.5 696.5 698.1 698.8 697.8 698.2 699.2 700.1 698.9 696.8 692.1 688.4 685.8 683.3 683 685.5 690.3 690.3 686.4 684.4 683 681.6 680.6 678.7 681 683.6 685.9 686.7 686.6 686.3 685.8 685.5 685.7 686 686 687.3 688.7 691.1
666.1 664.2 662.7 660.8 659.1 657.5 655.9 654.4 653.2 652.3 648.6 650.7 652.3 651.7 651.7 650.2 648.6 651.6 655.8 659.1 660.6 661.1 662.8 664.7 667.7 670.9 675.9 683 688.7 690.7 692.4 695.4 699.6 704 707 711.3 711 708 707.4 703.8 704 703.7 704 705 703.6 703 702.7 703.5 701.6 700.2 695.7 690 687.2 683 684.6 688.9 690.5 689.9 686.5 684.2 682.6 681.8 681.3 680 682.5 685.1 687.7 689.3 689.4 689.6 689.5 689.3 689.6 690.6 691.3 692.6 694 695.1
668.6 666.5 663.2 660.3 659.2 657.5 655.8 654.1 652.3 650.7 649.6 652.1 653 652.6 651.8 652.2 651.6 655.6 659.7 662.3 662.9 664.5 666.5 668.2 671.1 675.4 682.8 689.9 696.5 697.2 699.4 703.6 708.5 712.9 717 721.5 717.3 711.3 710.5 711.1 712.8 712.7 712.4 711 709.3 708.5 708.1 707.7 706.6 703.9 699.2 693.3 687.9 683.7 685.3 686.6 688.5 688.9 687.6 684.5 683 682.2 681.6 681.7 684.8 687.6 690.3 691.8 692.3 692.5 692.6 694.1 695.4 696.6 696.7 698.1 700 701.4
670.9 668.5 664.2 660.6 658.4 655.9 654.1 652.4 650.6 649.3 651.3 652.6 653.4 653.7 653.3 655.1 656.1 659.9 664.3 665.5 666.3 667.7 669.5 671.5 675.5 681.9 689.4 697.4 702.2 704.6 706.8 710.9 715.6 718.7 724.6 729.3 720.7 719.7 719.5 719.7 721.1 721.3 720.3 717 714.8 714.4 714.4 713.5 712.5 709.1 701.7 694.6 689.1 685.3 684 686.2 688.9 689.2 688.7 688.3 685.1 683.5 682.3 683.1 687.6 690.6 691.6 692.9 694.5 694.7 695.4 697.4 699.4 701.5 701.5 704.5 706.5 707
670.9 670.1 664.1 659.8 657.6 655.4 652.9 650.7 649.3 651 652.5 653.1 653.9 654.6 655.6 657.2 660 665 669 670.3 670.9 671.6 672.6 675.9 681.5 688.1 696 705.1 709.3 711.3 714.7 718.4 723 725.3 729.9 732.5 730.1 730.1 729 728.4 728.4 728.7 727.4 723.1 722.2 723.1 722.7 720.6 718.6 711.5 704 696.7 690.8 687 683.9 686.6 689.3 689.5 689 688.4 687.3 684.5 683.1 685.4 688.2 690.6 692.2 693.6 695.9 697.4 698.7 700.8 703.2 705.5 705.4 708.5 712.1 710.8
671.5 668.7 663 658.9 656.7 654.6 652.4 649.8 650.4 652.4 653.1 653.7 654.5 654.9 656.9 659.5 665.9 671.3 675 674.1 673.3 674.5 675.7 679.3 686.5 694.5 703.5 710.7 714.9 720.2 725.8 729.2 732.4 733.9 735.9 738.1 739.4 738.6 737.9 737.1 735.2 734.7 732.7 730.9 733 732.4 730.9 728.1 723.2 715.7 705.7 699.4 693.4 688.7 685.6 686.7 689.7 689.5 688.8 688 686.4 684.1 684 686.5 687.9 690.1 691.8 694.4 697.1 700 702.4 704.8 707.2 709.5 709.2 712.7 717.1 717.9
671.5 666.9 662.4 657.9 655.8 653.8 651.9 649.6 652.4 652.9 653.6 654.3 654.3 655.6 658.5 664.5 671.4 676.4 677.4 676 676.2 677.4 679.1 684.1 692.2 701 711.1 715.6 719.6 727.4 734.8 740.6 741.7 742.9 744.4 746 748.5 747.8 747.9 747.5 743 743.9 744.8 742.5 742.9 740.7 738.7 733.1 726.9 717 708.9 704.1 699.2 689.2 689.1 688 689.8 689.1 688.3 687.3 685.4 684 683.8 685.7 687.8 689.5 693.6 697 700.1 703.2 705.6 708 710.4 710.8 713.1 716.8 721.3 721.8
668.9 665.1 660.6 657.5 655.6 653.6 651.7 652.3 652.9 653.5 654.1 655.2 657.2 657.8 662.2 669.4 676.4 678.3 678.4 678.2 679 680.1 683.4 688.6 697.9 707 715.7 720.3 726.2 734.5 742.1 747.8 752.3 752.8 751.9 755.1 758.3 760.3 760 757.3 755 755.1 755.1 754.6 752.4 745.6 742.7 736.9 730.1 722 715.6 708.9 700.9 691.4 689.8 689.9 689.1 688.3 688.1 687.1 686.2 685.9 685 686.8 688.1 690.3 694.5 698.7 702.9 706.4 709 711 712.5 714 717.7 720.7 723.9 723.3
665 662.1 659.3 657.4 655.4 653.4 652.2 652.8 653.4 653.9 654.9 657 659.1 661.3 664.2 668.8 674.5 679.1 681.1 681.1 681.9 684.2 687.6 694.7 704 713.2 720.3 724.3 732.5 741.7 749.5 755.1 759.3 760.1 762.1 765.2 768.3 770.9 771 767 764.3 761.5 762.8 763 758.4 751 745 739.2 734.9 729.4 723.1 713.6 702.6 693.5 690.6 689.4 688.3 688.1 688.3 687.2 686.8 687.4 686.6 688 689.8 693.2 697.6 701.6 705.5 709.4 712.1 714.1 715.7 718.2 722.4 725.4 726.9 725.1
660.6 660.3 659 656.8 654.9 652.9 652.4 652.9 653.5 654 656.8 658.8 660.9 664.6 668.3 672 675.4 679.5 682.3 683 685.6 689.3 692.4 700.7 710.9 718.3 723.9 729.1 738.3 747.5 755.4 760.4 764 765.7 770.1 773.1 775.6 778.5 779.8 776.8 771.9 767.5 768.9 770.1 761.1 753.4 748.5 744.6 740.5 735.8 729.9 719.6 706.8 698.1 693.6 690.6 688.9 688.3 688.1 687.4 687.4 687.8 688.2 689.1 692.3 696 700.4 704.9 709.1 712.8 715.3 717.2 718.9 722.8 727 730.7 730.5 723.7
661.1 659.8 658.5 656.7 654.3 652.7 652.5 653 653.6 655.6 658.6 660.7 664.6 669 672.8 676.4 678.9 681.6 684.6 685.4 688.2 692.3 697.3 705.9 714.3 721.9 727.7 733.7 742.9 751.9 760.1 765.5 768.4 772.9 778.2 780.2 782.5 786.7 788.3 785.4 779.7 773.6 772.3 768.6 761.9 757.2 753.4 749.6 746.5 741.3 733.8 722.3 711.7 703.4 698.2 693.8 690.3 688.9 688.5 688 688 688.3 688.9 692.2 695.6 699 703.2 707.6 712.1 716 718.3 720.6 723.4 726.9 730.9 731.1 730.3 728.4
660.4 658.6 657.5 656.4 654.7 652.6 652.6 653.1 654.5 657.4 660.4 660.8 666.3 671.9 677 679.5 681.6 684.5 687 687.7 690.8 695.2 701.6 709.6 717.7 724.7 731.7 738.1 746.9 755.3 763.8 771.3 772.9 779.6 784.8 784.8 786.4 788.8 789.8 789.4 783.5 777.8 774 769.2 763.5 761.3 757.6 753.9 751.4 746.8 739.6 724.6 714.7 708.4 701.4 697.8 692.8 689.5 688.9 688.8 689.1 690.9 693 697.5 700.2 703 706.7 711.3 715.9 719.8 722.2 724.5 726.5 729.4 732.7 732.1 733 731.1
659.1 657.8 656.8 655.7 654.6 653 652.1 653.9 656.4 658.9 659.6 661.7 667.3 674 681.1 681.4 684.6 687.5 689.9 690.4 693.2 697.6 704.8 713 720.2 727.1 734.1 741.2 749.1 757.6 766 771.5 775.9 780.1 784.6 786.3 788.3 790.7 790.1 789.7 783.9 778.8 773.8 770.3 769 766 761 756.8 753 748.1 741.8 725.3 715.5 709.7 704.1 701.2 695.9 690.3 690.5 692.6 693.7 695.3 697.7 703.7 706.4 709.6 712.9 716.4 720 723.7 725.9 728.3 730.7 732.4 734 735.2 736.4 735.2
659.1 657.7 656.5 655.4 654.3 652.8 653 656.1 658.7 666.3 668.5 668.5 670.6 676.7 681 683.3 686.6 690 691 691.4 695.1 699.7 707 715.6 723.4 729.8 736.3 743.6 751.4 759.3 766.7 772.1 775.3 779.4 782.8 786.2 789.8 790.6 790 789 785.5 780.4 776.2 775.1 775.5 770.3 764.4 758.8 753.2 746.7 740.4 728 717.8 712.5 706.9 702.6 698 693.8 694.8 697.6 699 699.7 704.2 709.9 713 715.8 718.6 721.7 725.3 727.9 729.7 732.2 734.6 736.6 738 739 739.8 741
659.1 657.7 656.4 655.1 654.1 652.7 655.3 657.8 665.6 669.2 668.9 672.2 675.9 679.8 682.4 684.9 687.8 689.8 691.1 692.9 696.8 701.3 709.6 718 725.9 733.3 739.7 748.6 755.7 761.4 767.1 771.4 774.6 777.6 780 782.8 786.3 789.6 789.2 788.8 786.1 783.9 780.8 778.2 777.7 774.5 768.6 762.2 753.8 745.3 736 726.7 717.5 712.5 708 703.4 699 696.8 699.7 702.6 704.4 706.1 709.4 714.2 717.7 721.1 724.1 727.2 729.9 731.8 733.4 735.8 738.3 740.9 742.1 743.2 744.1 746.7
659.1 657.7 656.4 655.1 653.8 655.5 658.2 663.4 669.2 669 673.2 677.7 681.3 683.6 685.7 688.6 689.4 689.2 691.1 694.6 699.4 704.6 712.2 720.5 728.3 736.1 744.6 752.2 757.2 762.5 766.6 770 773.5 775.3 777.6 780.1 783.4 787.1 787.5 788 789.1 787.8 784.4 780.7 779.1 776.9 771.4 764.1 752.7 742 732.4 723.8 717.6 712.5 707.4 702.2 699.4 699.7 703.3 707.1 709.3 710.8 713.7 717 721.2 724.8 728.9 732 735 735.4 738 739.4 742.1 744.8 746.4 747.5 749.6 752.3
658.1 657.9 657.2 656.4 656.2 660 665.4 668.9 672.8 676.7 680.1 686.5 688.2 688.1 689.7 690.8 689.5 689.6 691.9 697.5 701.1 707.2 714.9 723.7 731.8 739 748.2 755.1 759.7 764 766.2 768.9 772.3 773.2 775.4 778.1 781.5 784.8 786 786.4 788.4 789.7 787.9 784.4 781.8 778 773 764.4 750.3 739.1 730.7 723.5 718.4 713.2 708.8 705.6 703.1 703.8 707.2 711.7 715.4 718 720.2 720.3 724.6 730.5 733.7 736.8 737.3 739.3 742.1 744.3 745.7 747.9 750.7 751.8 755 760.1
658.3 658.2 658.1 658.3 660.6 665.3 669.3 677.8 682.7 685.2 692.1 696 696.5 694.8 694.3 692.3 691.1 691.6 694.3 698.7 703.8 710.1 717.4 727.2 734.2 742.9 750.1 754.5 758.8 762.9 765.6 767.8 770.9 771.5 773.3 776.2 779.5 782.1 784 785.1 787.9 789.2 789.1 787 783.8 778.4 771.9 762 750.3 739 730.8 725.5 720.4 715.4 710.4 709.8 708.9 710.5 713.9 719.7 723 725.8 728.7 727.5 728 734.8 738.5 738.5 739.7 742.8 745.7 748.8 750.7 752.1 753.9 756.9 763 768.2
659 658.6 658.2 661.2 667.6 674.7 678.9 688.3 693 699.7 705.1 706.2 704.1 701.8 698.8 695.8 694.3 694.7 697.8 700.2 706.8 713.1 718.8 727.5 735.3 743.5 749.3 753.6 757.9 761.6 764.3 767 769.3 769.9 771.1 774.3 777.2 779.4 781.4 783.1 785.7 788.1 789.7 787.8 784.2 778.6 771.9 765.1 755.7 744.2 736.7 730.1 724.7 719.5 715.9 717.4 712.2 717.2 723.1 728.5 732.3 734.6 735.3 732.2 730.6 736.3 740.7 740.2 743.9 747.5 750.1 752.8 755.5 756.9 760 765.5 772 775
659.2 658.6 660.5 668.2 675.4 681.9 691.9 700.8 710.2 720.1 716.5 714.1 709.8 705.8 703 700.2 697.5 697.8 698.8 702.4 708.4 715.9 721.3 727.9 736 743.3 748.4 752.7 757 760.4 763.1 765.8 767.7 768.3 769 772 774.8 776.8 778.8 782 784.7 787.6 789.4 790.1 785.5 781.6 776.3 768.1 759.2 748.2 743.2 736.6 730.1 724.4 722.2 722.6 719.3 724.1 732.3 737.7 740.6 742.5 742.1 738.6 736.9 737.7 740.8 744 747.8 752.1 754.8 757.4 759.9 763.1 767.2 772.9 778.1 781.4
659.5 661.9 666.8 675 683 694 711.1 722.8 734.9 742.2 721.1 720.2 715.3 709.9 707.1 704.3 700.7 700.4 699.3 704.5 710.5 718.3 723.6 728.1 735.9 741 747.5 752 756.1 759.1 762.8 766.4 768.7 769.7 770 772.1 774.5 776.7 779.2 784 786.9 789.4 789.4 789.7 787.6 784.2 779.4 770.3 761.6 754.3 749.8 743.3 736.8 729.6 726.7 727.2 726.3 728.5 734.7 741.7 746.7 749.7 748.7 744.9 739.9 739 743 747 750.9 755.7 759.8 761.5 764 767.7 770.9 776.4 781.8 786.9
661.9 665.8 674 682.7 692.3 710 730.2 740.3 750.8 741.1 727.7 726.2 717.2 711.6 711.2 707.8 705 700.5 701.3 706.4 711.8 719.2 723.7 728.1 733 738.5 745.2 751.5 755.9 759.9 763.8 768.2 771 773.2 773.5 774.6 777.7 779.5 782.4 785.6 789.2 792.1 792.2 792 789.9 787 782 770.7 763.9 761.1 756.4 749.2 739.8 735.1 731 730.9 730.8 732.2 734.4 742.3 750 751.1 751.2 749.6 745.5 742.9 745.3 749.4 753.6 759.6 762.9 764.8 768.1 771 774.1 779.5 784.8 790.3
666.2 672.6 683 691.6 702.5 721.1 736 746.5 749.2 736 729.9 727.1 718.7 715.7 714.5 711.1 705.6 701.9 702.5 706.8 711.8 718.7 723.2 727.4 732.1 738.9 745.5 752.2 757.3 761.6 767.2 771.9 775.2 778.2 779.1 779.9 781.8 784.7 787.7 790.2 792.1 794.4 794.3 793.4 792.4 789.5 784.4 773.2 769.3 767.5 759.9 751.5 743.2 739 737.7 738 736 739.2 739.7 743 751 751 751 749.8 748.4 747.2 748.8 752.4 757 761.8 765.1 768.4 771.4 774.4 777.3 782.6 787.3 792.5
670.9 680.5 689.3 700.8 710.9 721.6 733.5 739.7 741.4 737.4 731.6 726.1 721.8 719.5 717.8 713.7 708.5 705.5 707 709.7 713.1 719.1 723.5 727.1 731.5 738.4 745.2 752.2 758 765.4 771 775.7 778.8 782.4 784.5 786.1 788.2 791.2 794.2 797.9 798.9 798.1 796.1 794.9 793.9 791.6 785.7 776.8 771.4 768 761.1 753 747 743.3 745.4 747.4 740.4 744.9 744.9 746.4 749.1 751 750.8 750.4 750.7 751.7 752.8 756.8 760.4 764.1 767.4 770.8 773.9 777 780.2 784.3 789.1 794.5
675.6 682.2 691.3 700.3 711.3 721.6 729.8 736.5 740.4 734.8 730.8 728.8 725.9 724.5 724.9 718.9 711.6 709.1 709.2 711 715.2 719.9 724.2 727.4 730.7 737.6 744.2 751.3 759.5 768.7 775.1 781 785.1 788.4 790.8 792.5 795 798.5 801.6 805.9 804 800.9 798.2 797 795.1 791.8 785.9 778 772.9 769.1 763.1 756.4 750.4 748.1 749.3 749.6 747.7 750.4 752.2 751.7 754 755.1 755.9 754.3 757.3 757.8 758.4 759.5 763 766.6 769.7 773.1 776.3 779.4 782.8 786.6 790.7 795.5
678.9 683.6 691.4 699.3 708.7 717.1 725.5 732.3 734.4 732 729.8 730.8 730.3 729.1 730.8 721 712.7 709.5 709.3 711.1 714.9 718.8 722 725.4 729.2 735.6 742.8 750 759 769.6 778.6 786.8 791.1 793.7 796.8 799 801.8 805.7 809.1 810.5 808.4 804.4 800.4 798.1 795.8 791.1 786 779 774.9 770.7 767.2 760.3 754.1 752.3 751.7 750.5 754.4 757.1 760.2 762.5 761 761 760 756.8 756.6 757.1 758.8 760.9 765.6 769.2 772.3 775.4 778.7 781.8 785.5 789.3 793.3 796.8
681.7 686.5 692.7 700.6 705.6 713.4 721.5 727 729.8 728.8 727.7 728.2 731.3 729.4 729.2 719.9 713.7 710.6 710 711.1 713.8 716.7 719.5 722.9 728.2 733.7 740.6 748.5 758.8 769.9 781.4 790.9 795.2 798.6 801.8 806 810.2 814.5 817 814.7 811.6 808.8 804.6 800.2 795.6 791.1 785.5 778.6 775.6 771.9 767.6 762.7 759.9 760.3 758.4 756.5 759.1 764.2 767 769 766 764.2 765 758.7 757.9 757.6 759.9 762.8 768.1 771.8 774.9 778 781.1 784.4 788.3 792.2 796.3 797.5
