STL Generation/terr50_gagg_gb/data/NH51.asc
ncols 200
nrows 200
xllcorner 250000
yllcorner 810000
cellsize 50
[rows 105 to 139 of 200, columns 0 to 77 of 200]
394 419 431.2 450.4 461 449.6 436.6 420.5 413.7 411.6 406.5 399.7 394.6 374.2 374.4 383 380.2 388.4 395.7 400.3 396.4 396.9 403.3 409.6 413 410.9 422.1 424.3 415 407.8 400.3 402.6 402.3 399.5 396.8 394.3 393.8 397 401.8 407.8 413.6 416.9 417.2 418.1 418.1 415.7 413.6 412.9 415.5 410 408.8 406.8 403 401.6 399 401.8 408.4 419.4 423.5 428 431.8 435.4 439.5 442 443.7 442.9 440.3 435.7 430 423.1 419.2 421.2 421.2 421 419.6 420.2 420.7 423.5
394.5 413.9 433.1 461.3 465.4 451.4 447.3 445.2 433.8 423.2 422.8 415.4 394.2 375.8 380.4 394.4 397.1 401.7 409.1 412.5 412.2 419.7 438.4 446 445.4 443.5 448.9 449.2 450.8 434.8 427.4 422.6 418.4 415.7 412.2 411.2 408.5 410.8 415.6 420.8 427.5 432.4 434.7 436.3 438.7 436.4 437.2 436.3 433.7 432.7 426.1 422.4 416.8 411.9 411.1 414.5 421 429.6 433.8 438.7 442.5 445.1 448.6 450.8 451 447.1 443.9 438.7 432.5 420.4 425.9 427.1 427.9 426.2 424.3 424.7 426.2 428.4
387.7 396 411.2 423.9 436.1 450.2 454.3 452.9 454 455.7 450.6 439.5 426.8 406.7 399.7 407.3 410.1 422.5 430.1 431.7 431.7 441.6 460.4 469.7 474.5 478.8 480.2 479 471 455.2 448.9 442.3 436.4 434.1 429.3 424.5 424.3 427.8 430.3 435.7 443.2 449.6 451.6 452.9 455.4 458.6 457.9 456.2 455 452.5 447.8 437.8 428.3 423 423.6 427.6 433.4 438.3 441.6 446.3 450.3 452.3 454.5 456.3 454 451.1 448.4 442.1 431.6 432.9 433.6 434.7 434.5 432.7 430.6 429.6 431.7 433.7
363.9 376.6 385.6 398.6 417.7 425 425.3 436.6 445.3 452 453.5 437.6 418.5 418 433 435.5 444.7 460 469.2 469.2 477.6 480.2 482.4 497.3 504.5 504.6 502 494.1 484.4 467.3 461.2 457 450.6 446.2 439.5 439.7 438.4 443.3 444.9 449.8 461.3 465.3 467.7 470 473.8 476.9 476.6 473.3 468.9 464.5 455.7 445 437.2 434 434.7 438.8 441.4 446.2 449.5 454.2 457.7 457.4 459.6 459.9 456.7 451 450.6 439.3 440.5 441.4 441.6 442.8 439.6 437.9 437.4 437.5 437.8 438.2
348.6 364.5 365.9 380.5 396.7 404.7 413.6 418.9 421.5 433.3 438.5 434.6 428.1 443 463.3 472 480.5 491.6 507.5 510 506.4 510.1 515.4 519.2 527.1 531.2 529 523.4 508.2 490.6 479 466.6 460.7 456.3 452.8 452.1 453.1 454 457.9 461.9 474.5 481.7 485.5 489.1 494 494.9 490 482 474 466 457.6 451.2 446.8 442.8 443.1 445.7 447.8 451.9 455.9 459.4 462.1 462.6 462.5 460.9 455.8 449.8 449 448.7 448.7 449.2 449.6 449.5 446.4 443.8 443.1 443.2 444.2 445
334.7 346.7 355.6 364.2 379.3 392.3 401.6 399.1 408.8 419.1 424.5 427.9 432.8 458.2 475.8 485.3 501.5 522.5 529.2 526.9 528.8 534.2 536.3 540.8 546.9 552 550.2 543.1 529.3 510.8 505.2 499 482.9 474.4 469.7 464.7 464.9 466.8 469.9 472.9 477.4 485.6 496.1 503.3 507.9 503 497.1 489.3 478.6 469.3 462.5 457.4 453.6 450.3 449.4 451.3 453.2 457.4 460.4 462.1 464.8 466.6 466 465.8 459.1 453 456.7 457.1 457.2 456.3 457.1 456.8 453.5 451.3 450 449.3 450.5 451.3
328.1 337.8 348.9 355.2 364.5 374.7 381.5 386.6 396.1 402.1 414.6 425.1 435.1 449.2 466.6 487 520 531.1 532.3 535.9 542.5 546.4 551.8 561.2 569.4 570.6 570 566.6 556.6 539.3 531.3 526.5 510.9 497.3 488.5 486 485 485.3 486.1 488.2 488.9 493.1 499.2 499.3 499.1 500.3 497.8 490.9 484.1 475.6 468.5 463.6 459.9 455.6 454.4 456.5 458.7 461.6 464.2 466.5 468.2 468.7 468.9 465.7 461.6 464.4 463.8 464.9 465.7 465.1 466.1 465.1 461.2 458.8 457.6 456.3 455.8 456
322.4 333.1 344.4 351.9 355 362 370.1 376.6 386 395.8 408.7 423.9 438.4 453.4 474.5 500.7 520.8 527.1 533.3 542.3 551.1 558.4 564.6 573.1 578.5 579.9 580.5 577.9 576.1 573.1 566.6 555 538.8 523.2 512.6 512.7 511.3 514.7 507.9 506.3 508.2 507.8 507.8 509.5 502.9 501.9 500 495.5 488.8 483.2 475.3 469.5 465.7 461.8 459.3 458.9 462.4 465.9 468.1 469.5 469 468.6 466 459.9 469.7 470.9 470.9 472.1 473.5 474.6 475.4 473.7 469.9 467.6 466.9 463.9 462.3 460.2
317 325.1 333.4 340.5 347.5 353 360.1 368.6 378.7 390.5 404.9 422 439.9 454.3 473.4 496.1 510.4 518.5 529.5 537.6 548.3 558.5 565.9 574.1 580.3 580.7 581.5 583.9 585.2 587.3 582.6 570.4 560.6 552.3 547.2 541.4 533.3 527.2 521.3 517.8 520.9 528.1 525.6 525.1 517.7 515.5 515.7 506.5 498.6 490.9 482.4 476.6 471.5 467.8 465.4 464.8 466.7 471 472.8 470.9 469.9 468.5 463.5 469.8 474.5 477.7 478.4 478.5 481.1 482.9 484.1 482.2 479.3 477.6 477.5 473.7 467.9 465.1
311.1 317.9 324.8 331.3 338.4 345.6 353.1 360.8 372.5 386.1 399.8 412.7 425.3 435.4 451.5 473.6 496.6 503.9 514.2 525.5 541.1 550.3 561.7 571.4 575.6 578.9 582.6 584.6 589.7 589.5 584.2 575.5 568.6 562.5 557.7 550.4 541.1 536.4 528.9 526.9 533.1 537.7 539.1 533.4 533.9 533.3 531.3 519.5 510.7 501.6 491.3 482 475.9 472.8 471 470.7 472.6 475.3 473 469.4 469.2 469.1 472.7 476.9 480.9 484.6 485.4 485.9 487.9 492 492.1 490.5 488.5 487.4 486.8 482.1 476.1 472.1
304.6 311.7 318.1 323.1 330 337.7 346 353.8 364 376.9 391 400.9 412.8 426.8 436 452.8 473.1 489.4 499.3 515.3 530.7 539.5 549 557 562.8 571.7 579.4 584.3 587.5 585.9 578.4 568.8 563.1 556.3 550.5 546.4 539.6 539.8 534.2 537.5 542.5 546.9 548.3 547.3 549.2 547.3 541.3 529.7 521.1 505.5 493.3 483.5 480.2 477.5 476.4 477.1 478.3 476.7 472.3 473.5 477.3 479.9 480.5 483.1 487.2 491.1 491.8 492.6 499.3 504.2 502.7 497.6 495.9 497.3 494.8 490.4 483.8 477.9
299.6 306.4 313.4 317.9 325.3 332.8 339 347.6 357.5 369 379.9 390.6 401.9 415.7 424.4 436.3 451.1 469.3 483.8 499.2 513.1 524.8 534.3 542 550.2 562.1 570.9 576.7 580.4 577.4 568.9 555.7 553.5 548.8 542.6 539.5 538.7 538.7 538.7 545.3 550.3 551.5 552.1 559.5 557.6 552.2 546.2 537.2 525.3 505.4 492.6 487.2 484.2 481.8 480.2 480.6 479.5 476.1 480.6 484.8 484.1 485 485.4 488.4 492.1 494.7 495.9 501 507.2 510.5 510.5 505.3 508.6 505.8 501.4 496.4 489.7 483.8
297.5 304.5 310.7 315.2 320.8 327.3 333 341.7 350.9 360.1 371 380.6 392.1 403.2 414.7 425.3 432.2 446.5 462.8 480.4 497.1 510.5 517.2 525 534.1 545.6 558.1 565.1 568.4 561.1 557.1 546.6 546.4 550.4 539.6 535.7 538.4 539.1 538.4 549.4 549.5 551.3 552.6 554.5 549.6 548.3 538.8 530 520.3 503.8 496.2 492 486.9 483.4 480.2 481 479.3 483.6 487.6 490.9 490.4 490.9 490.5 493.8 497.7 498.8 502.4 508 512.7 515 514 515 514 510.6 506.6 499.8 494.9 489.6
291.9 299.8 306.3 313.3 317.8 322.3 328.6 337.8 347 355.1 363.9 373.1 383.2 393.8 405 415.7 425.8 434.3 443.9 456.8 471.2 487.2 496.5 508 517.6 526.5 541.2 548.3 550.3 545.4 543.8 534.7 538 543.6 534.8 530.9 530.2 528.9 536.2 550.6 548.9 550.9 549.2 544.8 539.2 537.5 531.5 522.2 513.1 507.5 500.4 494.1 488.2 485.2 483.3 483.5 488.2 489.8 493.4 496.5 498 499.6 499.7 502.5 506.2 508.1 510.9 513.2 516.6 519 521.3 521.4 518.6 517.5 511.5 502.6 500 497.1
286.8 294.4 302.4 310.1 314.6 319.4 326.2 333.9 342 350 358.8 367.2 376.5 385.3 395.7 407.2 423 429.2 435.9 444.8 455.2 458.5 473.7 487.4 500.8 507.4 519.2 531.5 535.2 529.5 527.9 524.7 522.9 529.6 527.4 526.8 528.6 530 535.5 538 539.2 541.9 543.6 545.3 537.5 533.5 529.8 522.9 515.9 507.5 499.7 491.9 488.3 487.1 490.4 492.3 493.6 495.2 497.6 500.7 503.1 504.5 507.4 510.2 513 514.2 519.2 520 519.5 522.6 525.1 525.9 519.3 518.9 510.1 507.8 506.7 506
281.1 291.1 299.9 306.8 311.9 316.5 322.4 329.1 338.2 346.9 354.9 363 371.9 380.6 390.1 399.8 411.5 421.2 428.5 437 443.1 448.9 456.7 473.5 483.3 492 501.6 511.9 518.6 514.9 512.8 514.7 513.3 517.3 520.5 522.8 525.3 528.7 529.2 532.5 538.9 545.3 544.2 539 534.5 530.8 526.6 522.1 515.1 503.3 496.7 490.7 488.8 492 495.4 496.8 498 499.3 501.3 504.2 506.8 508.5 510.2 512.8 515.4 518.5 519.7 519.9 523.8 527.4 528.9 526.3 520.1 518.6 516.4 517 516.2 516.3
277 289.7 298.7 304.4 309.4 315.4 321.7 326.9 334.6 342.4 350.8 359.3 368.1 377.3 385.8 395.4 405 416.4 424 429.5 435.4 438.7 446.8 455.9 465.3 475.3 486.1 496 505.6 502.6 502.5 503.8 508.1 509.4 514.9 518.9 521.9 528.8 531.8 535 538.8 538.7 535.8 532.5 530.4 527.1 522.5 518.4 512.5 502 494.4 491 490.4 495.6 498.4 499 500.3 501.4 503.7 507.7 510.3 511.9 513.9 515.5 517.1 518.9 518.8 522.9 528.2 529 528.4 527.3 523.5 522.6 527.1 528.3 525.9 525.6
272.3 284.5 295 301.4 306.3 314.2 320.3 325.2 333.3 340.5 348.9 357.3 365.8 374.4 382.6 391.9 400.8 411.6 418.2 425.7 431.9 435.4 438.9 446 455 461.6 473 479.6 488.2 491.9 495.8 499.7 502.2 505.9 510 517.6 524.1 530.1 536.5 539.7 538.7 532.8 531.8 528.7 523.1 520.3 517.4 513.3 507 499.6 498.4 494.8 491.8 499 500.4 500.4 501.4 503.6 506.2 509.3 511.1 513.4 517.2 519.1 518.7 518.9 524 526.6 529.1 529.2 528.7 532.7 530 532.4 535.6 537.1 537.8 540.8
263.2 279.4 292.3 291.1 301.1 309.5 317.5 324.9 332.6 340.9 348.8 356 363.8 373.3 380.6 390.6 396.8 405.8 413.3 419.9 427.6 432.3 436.7 441.6 447.5 454.7 464.3 472.1 478 481.9 486.8 490.3 495.3 503.6 512.7 520.4 525.9 531.3 538.5 539.9 532.8 527.3 522.5 518.7 518.3 517.5 512.8 509.3 505.7 501 500.2 498.7 495.7 496.7 499.7 501 501.2 502 506.7 509.3 510.2 514 518.3 519.1 518.8 518.8 525.1 526.8 527.4 529.2 535.1 538.9 537.6 542.2 540.3 547 550 555.3
258.9 269.8 279.2 296.4 302.7 310.6 315.9 324 331.3 338.9 347.3 354.5 364.2 372 379.1 387.6 394.1 402.4 409.9 416.1 422.8 429.7 434.7 439 444.1 451.6 458.5 465.7 472.4 476.9 480.4 486.4 495.6 506.1 515.7 522.7 528.6 531.2 530.8 529.5 524.6 518.9 518.2 517 515.8 514 513.6 511.4 509.5 506.5 502.7 499.9 499.1 498.4 498.3 499.2 499.2 500.2 506.7 512 514.7 516.3 519 521 521.7 522.3 525.6 527.5 528.8 536.5 537.8 538.4 542.5 544.4 547.4 556 561 566.2
259 273.7 289 294.8 301.4 309.2 315.1 321.7 328.4 335.5 346 354 362 368.1 376.4 385 391.4 398.9 406.3 411.8 416.2 422.7 430.9 436.7 441.7 448.6 455.8 460.8 467.8 474 480.2 487.9 496 507 520.2 531.1 537 537.7 535.3 529.3 522.5 518.3 516.9 516 516.7 517.3 519.4 518.8 516.2 510.9 504.1 499.3 499.1 498.7 498.3 498.5 498.9 506.5 514.2 520.7 520.6 520.3 519.5 525.4 527.3 527.5 529 531 533.4 535.6 538 538.6 540.6 547.1 550.7 560.2 559.4 565.4
256.6 274.1 290.3 299.4 302.1 308.3 315.2 320.2 325.7 334.2 343.7 352.3 361.2 368.9 376 383.6 390.9 395 399.9 409.1 416.2 425.1 431.5 436.5 442.6 449.8 454.7 458.8 464.2 471.6 477.8 487.5 497.1 509.5 519.9 529.1 534.1 536 533.5 529.9 521.1 518.7 518.7 521.7 522.9 529.5 534.4 534.1 525.2 515.8 507.1 502.6 500.1 499 498.3 499 505.6 514.2 520.5 523.8 524.9 525.3 527.4 534.7 538 536.8 540.4 539.2 540 540 539.5 539.6 543.3 549.2 553.4 558.6 567.2 569.2
248.1 271.6 289.6 296.1 301 306.7 314 321 325.9 334.8 343.1 353.2 361.7 368.9 375.5 380.9 386.4 394.2 403.2 419.4 426.4 430.9 435.7 437.8 441.7 448.2 452.9 456.6 462.3 468.7 476.5 486 499.6 511.3 515.7 519.3 523 528.9 529.3 525.3 521.9 522 527.1 525 530.4 539.1 548.6 547.8 538.5 519.5 512.4 507.1 502.7 500.7 499.1 503.2 511 515.6 519.1 526.3 530 531.2 534.3 538.8 543.8 546.9 548.6 544.6 545.2 545 544.8 546.4 548.9 552 554.5 559.4 563.6 570.1
247 262 273.5 286.7 294.3 301.3 310.4 315.6 323.6 332 342.2 351.5 359.7 366.4 372.1 378.3 385 397.6 407.8 423 429.5 434.5 436.8 439.1 443.1 446.2 450.9 453.5 459.7 466.1 472.8 481.8 499.9 509.9 512.5 513 517.6 523.4 520.8 526.3 530.8 527.9 528.4 528.2 536.8 542.9 548.6 549.2 540.9 521.6 518.2 511.1 506.1 502.6 501.8 507.4 514.8 519.9 527.8 531.6 533.1 536 540.4 546 549.6 557.2 556.3 551.4 550.7 551.1 551.2 552.7 555.4 553.4 555.4 558.2 561.4 567.6
244.2 253.6 266.8 272.4 280.9 290.7 299.2 313.4 322.9 329.6 341.5 350.2 357.8 363.9 371.6 380 388.5 399.3 409.5 421.6 430.3 433.5 435.7 438.9 441.7 444.8 447.2 450.9 456.6 462.3 468.4 482.7 500.4 502.8 508.3 508.7 513.3 518.7 527.7 536.4 534.6 528.9 527.9 529.3 534.8 539.2 543.4 541.5 536.1 521.8 515.4 510.3 508.7 508.6 509.8 514.3 519.9 528.3 532.1 535.3 536.6 541.9 549.6 556 563 567.5 565.4 561.5 560.5 559.7 559.2 560.3 559.3 556.4 554 556.3 559.1 561.3
246.5 248.7 274 289.3 294.4 302.4 310 317.5 325.3 332.8 341.8 351.3 357.5 363.7 373.4 381.8 390.9 402.9 410.9 418.3 429.1 430.3 431.1 433.1 436 439.3 443.3 448.3 453.1 459.1 468.9 481.7 494.6 499.2 501.9 505.2 512 528 538.7 540 539.2 533.6 529.5 531.1 535.5 538.7 538.7 535.7 530.5 517.9 514.5 511.4 512.8 515.2 516.1 519.9 523.7 527.9 533.7 538.2 543.1 550.7 558.6 564.2 574.7 574.3 568.9 562.6 561 560.7 560.8 560.7 556.5 553.1 551 552.5 554.8 555.8
248.8 245.9 268 286.5 294.2 301.4 309.1 316.7 324.7 333 341.2 349.2 355.1 363.4 373.3 381.6 387.8 405.2 412.2 416 420.9 424.2 427.2 428.1 429.8 434 439.1 444.7 449.4 456.3 466.2 478.5 489.4 494 498.7 507 518.1 532.2 539.4 538.7 538.8 539.2 537.3 537 538.4 540 538.3 533.4 530.4 520.6 517.5 515.9 517.5 520.5 520.4 523.2 526 530 536.5 543.2 548.3 554.7 561 568.2 572.9 569 564.7 559.6 558.3 557.9 556.4 554.2 550.8 548 547.5 549 550 550.9
251.7 247.9 264.9 283.3 293.2 299.6 307.7 316 323.3 330.6 337.6 345.2 352.5 364.2 373.8 380.8 389.3 404 409.8 415.1 419.1 421.6 423.8 424.5 426.5 428.7 434.9 441.5 446.6 453.9 463.2 477.4 485 490.6 496.6 509.1 519.1 531 536.7 538.7 539.3 540.9 542.8 544.3 546.4 546 539 532.5 528.1 522 518.5 519.5 521.4 522.6 525.6 528.1 531.6 534.3 539.2 549.9 557.8 566.5 571.1 574.7 569.6 565.8 558.2 551.9 550.4 549.8 549.3 547.1 544.7 542.9 542.4 544.4 545.5 545.5
252 248.2 262.3 282.6 292.8 299.4 306.6 314.6 321.6 328.3 334.8 341.9 351.7 362.6 373.2 380.5 394.9 403.2 410.7 413.5 415.8 417.5 419.4 420.2 422.5 425.6 433.7 440.8 445.7 453.9 465.5 473.5 481.5 487.4 494.9 505.6 519 532.5 537.5 540.6 541.9 544.3 547.4 549.5 555.4 549 542.5 538.1 532.7 526.5 523.8 526.4 526.2 527.3 528.6 529.9 537.9 540.4 544.6 555.2 568.4 575.9 578.8 586.2 579.8 560.1 551.3 546.8 544 543.3 542.7 541.3 539.2 538 538 539.6 540.7 540.2
251.6 251.7 262 282.8 292.1 299.3 306 313.4 319.9 325.3 332.4 342.9 354 365 374.6 384.5 398.1 401.1 405.1 410.9 410.5 409.3 409.9 415.4 419.6 425.6 433.3 440.9 447.2 455.5 463.7 472 478.4 485.6 496.3 507 524.4 533.7 538.3 540.5 543.7 545 549.1 553 556.2 548.6 541.8 540.6 535.9 531 531.1 532.5 531 530.9 532.8 536.5 543.2 547.8 556.5 570.4 582 586.1 586.4 589.5 590.3 563.9 545 538.2 538.3 537.8 537.3 536.2 534.5 533.8 534.1 535.2 536 534.5
251.2 252.4 265.2 282.9 292.9 299.3 306 312 317.5 323.4 334.1 346.7 359.2 369.1 374.2 379.1 387.8 394.2 399.6 403.7 401.6 401.2 405.1 409.8 420.1 426.9 432 439.6 445.6 453.9 462.7 470.8 478.3 486.7 498.5 513.1 530.5 539 540.4 543.6 542.6 539.4 542 546.5 544.6 542.3 537.6 537.2 534.3 533.2 536.4 537.5 534.7 534.7 537.5 542.3 549.3 558.8 565.7 578.1 588.5 590.3 589.6 586.9 577.9 564.1 548.4 537.8 532.9 532.5 531.9 530.4 528.8 528.6 528.9 529.6 530.8 529.8
253.9 250.5 263.2 280.7 291.5 300.2 305.7 311.7 316.5 324.2 335.8 348.3 366.1 370 372.4 376.9 383.3 389.8 393.3 395.3 395.7 398.8 401 409 419.7 426.2 430.4 435.8 444 452.1 460 468.7 477.1 486.7 502.2 517.4 532.4 542.3 545.8 549.1 543.5 540.5 538.6 537.3 537.1 533.4 531.2 531.2 533.7 536.4 539.4 539.2 537 538 542.8 549.7 562.5 574.3 580.9 580.1 585.7 591.8 600.8 593.5 577.9 559.3 546.2 534.6 527.5 527.5 526 524.4 523 523.2 523.5 524.5 525.4 525.1
261.1 254.4 258 273.5 286.7 295.9 304.5 310 315.1 322.5 334.1 343.8 354.4 360.7 366.5 372.9 379.6 383.5 384.7 387.8 391.8 396.6 402.9 410 417.2 423.9 428.8 437.4 444.5 449 456.4 464.1 471.9 484.4 503 515.1 528.1 540 542.4 546.5 545.7 542.1 539 533.8 531.4 528.8 529.6 530.4 533.7 537 539.5 539 540.4 543.2 547.9 556.9 573.2 579.4 580.1 580.8 584.1 587.2 593.1 588.9 574 556.4 541.7 528.5 524.2 522.2 520.3 518.6 517.7 517.9 518.2 520.3 521.4 522.1
269.5 258.8 254.6 268.2 279.7 289.6 298.3 306.2 313.8 321.5 332.4 339.8 346.3 355 360.9 366.4 371.4 374.7 375.6 383.4 391.4 396.2 400.8 407.5 417.5 425.2 432.3 438.9 442.8 447.5 454.7 464.7 474.9 487 504.4 519.3 538.6 544.2 544.9 543 547.4 542.2 535.7 530.1 529.1 528.8 529.4 530.2 532 535.2 538.2 539.7 543.7 548 552.8 560.3 569.3 571.2 576 580.5 580.8 578.7 582 582.9 565.8 545.8 535.4 524.1 519.9 516.4 514.6 513.1 512.6 513.2 515.7 517.3 518.2 518.9
277.6 267.8 255.8 260.9 271.8 282.3 290.2 299.5 309.7 320.5 329.9 338.1 345 350.4 356.1 359.4 363.1 365.6 373 381.3 388.9 392.5 400.3 411 422 428.6 434.7 440.5 444.9 449.6 454.2 464.3 476.7 490.6 511 524.1 540.2 546.2 544 542.1 542.3 540 531.4 528.2 527.2 527.5 528.6 530.1 532.1 535.5 538.5 541.7 545.9 550.1 555.1 560.1 564.9 568.7 571.5 574 573.9 572.1 570.6 565.2 548.2 534.2 526.5 519.8 514.8 510.6 509.1 508.7 508.7 510.3 512.1 514 515 516.2
