STL Generation/terr50_gagg_gb/data/NH91.asc
ncols 200
nrows 200
xllcorner 290000
yllcorner 810000
cellsize 50
[rows 0 to 34 of 200, columns 78 to 155 of 200]
227.5 226 226.4 225.4 226.1 225.7 225.5 223.6 223.7 219.3 218.3 215.6 212.6 210.1 209.7 210.6 211.7 215.5 218.9 219.1 218.3 215 204.6 204 203.6 203.1 202.6 201 198.9 198.9 198.9 199 196.7 197 197.7 199.5 199.2 198.9 199 199 199.1 202.1 207.7 204.7 199 199.2 200.4 201.7 203.9 205.6 206.9 207.7 208.5 208.3 207.8 206.8 204.3 202.2 200.3 199.9 200.4 201.1 200.8 201 201.5 202.6 203.3 203.6 203.8 204.1 204.5 205.9 207.8 209.9 212.1 213.7 215.3 216.5
226.7 226 225.3 225.3 224.9 223.5 223.2 221.2 220.9 215.9 213.6 213.2 213.1 212.6 209.7 211.6 214 218.2 219.5 218.4 212.4 205 203.2 203.1 203.1 202.3 201.1 200 199.2 199.2 199.2 197.3 196.8 198.1 199.7 199.7 199.2 199 199.2 199.9 208.6 210.4 209.3 208.4 202.8 200.9 202.3 203.9 206 207.4 208.9 210.3 210.6 211.9 210.7 207.9 205.1 202.8 200.6 199.6 200.8 202.2 201.9 201.5 202.5 203.5 204.5 205.4 205.7 205.9 206.2 207.6 210 212.5 214.7 216 217.2 218.8
226.1 225.7 223 220.3 218.3 218.3 219.3 219.2 218.8 216.3 213.9 212.9 212.8 212.8 207.1 210.1 213.8 215.4 216.4 211.3 206.3 203.5 202.5 201.5 201.2 200.3 199.5 199.4 199.4 199.6 197.9 197.3 199.8 199.6 199.3 199.2 198.9 199.5 199.6 201.5 209.5 210.5 209.4 208.9 203.6 202 204.2 206 207.8 209.2 210.8 211.9 213.5 214.4 212.1 209.3 206.5 203.7 201.3 200.2 201.3 201 201.4 202.4 203.4 204.4 205.5 206.6 207.5 207.7 208 209.4 212.2 214.7 216.2 217.6 219.1 221.2
224.1 222.5 220 216.5 216.5 217 218 218.5 217.9 216.5 215 213.1 211.6 211.9 206.2 205.4 204.9 206.1 211.3 207.9 203.9 202.3 201.4 200.6 199.9 199.8 199.7 199.6 199.6 197.1 197.5 200 199.4 199.3 198.9 198.9 202.3 201.8 200.4 199.8 205.7 209 209.7 209.1 202.8 203.5 205.6 207.8 209.8 211.1 212 213.9 215.6 215.3 213.5 210.7 208 205.2 202.2 200.9 201.1 201.6 202.1 203.3 204.2 205.3 206.4 207.5 208.6 209.6 209.8 211.6 214.4 216.4 217.7 219 221.2 223
221.7 219.8 217.2 215.5 215.8 216.1 216.1 217.9 217.1 215.7 213.1 211.9 207.9 206.9 205.8 205.1 206.3 208.6 202.2 202.5 201.8 201.9 201.2 200.6 200.2 199.7 199.6 199.8 197.2 196.9 200.5 199.9 199.2 199 198.8 203.5 205.2 202.7 200.2 200.7 204.4 210.3 210.5 209.7 203.5 205.1 207.7 210.3 212.2 213 213.8 215.1 217.2 216 214.8 212.2 209.3 205.8 203.1 201.8 201.9 202.1 202.8 204.1 205.1 206.2 207.3 208.4 209.5 210.6 211.7 213.7 216.6 217.9 219.3 220.8 223.3 225.5
219.7 218.4 216.5 216.4 216.3 216.4 215.8 215 212.2 212.8 211.3 209.9 208.4 208 208.4 209.8 211 209.1 203.6 200.5 201.2 201.5 201.2 200.6 200.6 200.1 199.5 198.3 196.7 200.3 200.2 199.9 199.3 198.8 201.3 204.8 206.5 204.9 200.5 200.3 207.7 210.9 210.9 210.3 205.3 207.2 210.2 213 213.9 214.8 215.7 216.3 216.9 216.9 214.2 211.4 208.8 206.2 203.9 202.8 203 203.2 204.2 205.4 206.2 207.3 208.4 209.5 210.6 211.8 213 215.7 218.1 219.8 221.2 223.4 226 227.5
218.8 217.5 217.2 217.1 216.9 216.7 217.3 217.8 216.7 214.7 211.2 209.3 208.8 209.3 210.8 212.9 216.7 214.4 204.2 201.3 200.7 201 200.9 200.5 200.3 199.4 197.4 197.4 201 200.2 199.9 199.7 199.4 200.2 204.4 207.4 208.9 206.2 202.4 202.7 211.5 210.8 208.5 205.3 206.9 208.5 212.8 214.5 215.7 216.6 217.3 217.1 216.9 216.8 212.9 210.1 207.6 205.3 204.9 204.3 204.7 205.1 206.7 207.9 208.4 208.6 209.7 210.8 212 213.1 214.9 217.8 219.6 221.2 223.7 226.2 228.8 229.9
218.2 217.5 217.4 217.2 217.1 216.9 216.7 217.5 216.6 214.4 211.8 209.7 209 209.2 211 217.4 213.6 203.8 199.4 197.6 197.4 197.7 197.5 197.4 197.3 197.5 198.1 200.7 200.5 200.4 199.9 199.6 199.4 203.8 206.9 210.4 208.4 205.6 205.3 205.6 204.6 207.5 206.3 207 209.1 211.7 214.2 216.1 217.2 218.1 218.1 217.9 217.7 216.7 214 209.2 206.8 205.8 205.6 205.8 206.3 207.5 209.2 210.2 210.7 210.8 211 212.2 213.3 214.9 216.8 219.3 221 223.4 226.4 229.5 231.9 231.4
218.4 217.6 217.4 217.3 217.2 217.1 216.9 216.1 214.8 213.7 212.8 210.2 209.1 208.8 211 209 198.8 198.6 198.4 199.4 199.8 199.9 199.9 200 200 200 200.1 200.4 200.4 200.1 199.8 199.6 202.1 205.9 209.6 211.9 208.9 206.5 209.9 209.5 210.5 207.5 208 209.6 211.3 213.9 215.9 217.7 218.4 218.9 218.9 218.7 218.5 216.6 214.4 209.3 206.6 206.2 206.4 206.9 207.4 208 210.2 211.3 211.5 212 212.9 213.5 215 216.8 218.8 220.7 223.1 226.2 229.2 232.4 234.1 232.9
218.4 217.6 217.4 217.3 217.4 217.1 216.5 214.6 212.8 211.6 211.3 211.6 211.5 211 208.6 201.6 198.4 200 199.9 199.7 199.7 199.8 200 200.4 200.5 200.4 202.5 200.6 200.3 200 199.7 199.1 205.1 207.9 211.8 210.8 208.4 208.9 210.1 210.2 209.3 208.6 209.9 212.2 214.2 215.8 218.1 219 219.1 219.6 219.8 219.6 218.9 217 212.1 207.7 206.8 207 207.6 208.1 208.5 208.9 210.1 211.5 212 212.5 213.3 214.9 217.1 218.6 220.5 223 225.9 229 232.4 235.7 236.6 235.3
218.5 217.5 217.5 217.8 217.4 217 215.4 213.6 211.8 211.1 211.1 211.1 211.2 210 206.6 198.9 198.7 200.4 200.3 200 199.7 199.8 200 200.4 200.8 202.3 205.8 203.7 201 199.9 199.8 204.6 207 209.8 211.1 210.6 210.7 211.1 210.7 210.8 209.2 209.5 212 214.5 215.6 217.9 218.9 219.9 220 220.4 220.6 220.1 219.3 216.7 210.6 208 207.7 208.1 208.7 209.2 209.6 210 210.4 211.6 212.2 213.2 214.9 216.5 218.7 221 222.8 225.7 229 232.4 235.7 239 239.1 238
218.1 217.8 218.2 217.5 217 216.5 215 213.3 211.9 211.1 211.1 211.1 214.1 211.1 209.3 198.5 198.5 200.9 200.6 200.2 199.9 199.7 200 200.5 200.8 206.4 205 203.6 201.7 200.5 201.8 204.6 207.2 209.2 210.4 210 209.8 210.2 210.7 210.4 209.4 211.1 213.8 216.3 217.2 218.4 219.8 220.7 221.7 221.7 221.7 221.1 219.7 215.4 210.7 209.2 209.4 209.4 209.8 210.2 210.7 211.1 211.7 212.5 213.9 215.2 216.4 218.1 220.2 224 226 228.6 232.1 235.5 238.8 243.7 242.9 240.6
218.9 218.8 218.8 217.6 216.4 215.9 214.4 213.2 212.1 211.1 211.1 211.8 216.3 215.4 205 198.5 198.5 200.7 200.5 200.2 200 199.7 200.1 200.6 205.4 206.6 205.3 204 202.3 201.2 202.8 205.4 207.1 208.8 209.3 209.1 208.9 208.5 209 208.8 209.2 211.8 215 218.1 219.8 220.5 220.9 222.1 223 222.6 222.2 220.7 219.5 215 211.6 209.1 209.6 210.4 211.7 212.3 212.9 213.6 214.2 214.9 216 217.3 218.5 219.7 222.4 225.4 228.2 230.8 234.8 238.6 243.6 248 247.7 243
219.9 219.8 219.3 218.4 216.9 215.4 214.2 212.8 211.1 211.1 211.1 214.4 220.4 218.1 199.2 199 200.5 200.8 200.5 200.2 200 199.9 200.8 201.1 206.4 206.8 205.9 204.4 202.9 202 203.9 205.7 207.7 208.3 208 207.8 208.4 207.8 207.3 209 210.9 213.3 217 220.4 223.1 224 224 225.3 225.1 224.2 223.1 220.3 217.9 214 210.9 210 210.8 212 213.8 214.8 215.5 216.1 216.6 217.4 218.2 219 220.1 221.2 223.9 226.6 229.3 233.1 237.2 242.1 248.2 250.2 248.4 243.8
221.3 221.1 220.1 219.2 216.1 215.2 214.9 213.3 211.1 211.1 211.3 216.2 220.2 219.3 200 198.5 200.9 200.8 200.5 200.3 200 200.1 201 206.3 206.3 206.8 206.2 204.8 203.3 201.9 204.2 206 207.6 207.6 207.6 207.6 207.6 207.6 208.8 210.8 212.6 215.5 219.7 222.8 226.1 227.6 227.7 228.9 227.3 224.8 223.5 220.2 217.2 213.4 210.3 210.8 212.1 213 214 216 217.9 218.4 218.9 219.4 219.8 220.4 221.2 222.3 226 228.8 231.4 235.7 240.3 246.4 250.8 251.6 248 243.8
223 222.2 221.1 220.1 217.7 216.1 215.7 214.1 211.5 211.1 213.8 217.1 219.6 219.4 199.8 198.1 200.7 200.6 200.5 200.5 200.9 200.9 203.8 205.9 206.5 206.9 205.8 204.6 203.5 203.1 204.6 206.4 207.4 207.7 207.8 207.8 207.9 208.2 210.4 212.5 214.4 218 222.3 226.1 229.8 231.1 231.2 230.9 228.5 226.2 223.4 219.5 216.4 213 210.4 210.4 211.9 213.4 214.2 216.6 218.9 219.7 220.3 220.9 221.5 222 222.6 224.1 227.8 231 233.7 238.2 243.8 248.8 252.2 251.8 247.7 241.7
225 224 222.9 221.6 221 219.5 216.3 214.1 210.9 210.9 216 215.9 216.2 213.3 200.6 198.1 201.1 201.1 201.1 200.7 201.2 201.7 204.7 205.8 206.6 207.1 205.8 204.8 204 203.7 205.9 206.7 207.5 208.1 208.4 208.5 208.5 209.5 211.7 214 216.6 220.9 227.2 230.2 233 234 233.5 232 229.4 226.9 223.3 218.6 213.9 211.5 211.2 210.8 211.4 212.1 214 216.8 219.6 220.7 221 222.1 223 223.3 223.5 226.6 230.2 232.8 235 240.6 246.1 250.5 252.6 252 247.3 238.6
226.8 225.7 224.8 223.7 223.1 220.9 216.7 214.2 212.3 211.7 211.5 210.9 209.7 206.3 200.8 198 200.9 201.7 201.3 201 201.3 202 203.9 206.1 207 207.3 207 206.1 204.7 204.1 206.4 208.6 208.3 208 208.6 209.1 209.4 210.7 213 215.6 219.2 223.7 230 231.7 232.8 234.5 233.1 231.2 229 226.2 221.6 216.3 212.2 211.8 211.5 211.1 211.4 212.3 213.6 217.2 219.7 220.1 220.8 223.1 225.2 225.5 225.7 229.2 232.5 234.9 237.7 242 248.2 250.3 251.1 249 243.3 236.5
227.3 226.8 226 225.3 224.6 221.1 216.7 215.3 213.3 213.7 210.8 209.6 207.8 204.4 200.3 198.6 202.7 202.1 201.5 201.4 201.5 202.6 203.6 206.4 207.6 207.6 207.4 206.5 205.3 204.9 205.7 208.1 208.2 208.1 208.8 209.4 210.7 212.1 214.7 216.8 219.8 225.5 230.2 231.5 232.5 233.4 232.1 230.1 227.4 224 219.2 214.3 212.3 212.1 211.7 211.4 211.4 212.8 215.4 217.9 219.1 219.6 221.8 224.2 226.5 227.7 227.9 231 233.4 235.5 238.7 242.5 246.9 248.8 248.7 244.5 238 231.6
227.2 226.9 226.2 225.3 224.8 221.2 218.6 217.1 214.8 214.6 211.6 210.6 210.6 207.4 199.6 198.8 201.2 201.9 200.9 200.1 200.5 201.7 202.9 205.9 207.7 207.3 207.3 206.4 205.5 204.9 205.9 207.1 208.4 208.8 209.5 210.7 211.8 213.7 215.6 217.2 220.2 224.7 229.7 230.8 231.5 232.2 230.9 228.7 225.9 221.2 216 213 212.3 212.1 211.8 211.6 211.8 213.7 215.8 217.6 218.5 220.6 222.9 225.3 227.6 229.7 230.1 232.9 234 236.5 239.7 241.9 244.3 246.4 245.3 239.9 233.5 229.2
227 227.1 226.8 225.8 225.2 223.3 220.8 218.8 216.4 215 212.2 209.7 207.8 205.1 198.8 199.9 201.9 202.1 201.1 200 201.1 202.9 202.5 204.1 206.7 207.6 207 206.3 205.6 205.4 206.3 207.4 208.5 209.5 210.7 211.9 213 214.5 216.1 217.7 220.7 225 229.4 229.9 230.4 231 229.5 226.8 223.2 217.6 214 212.9 212.6 212.4 212.5 212.9 213.3 213.8 216 217.5 219.4 221.6 224 226.3 228.7 230.9 232.3 234.7 235 237.7 240.8 241.8 241.7 242.9 240.4 235 230.5 227.9
226.9 227 226.8 226.3 225.5 224.6 221.9 220.4 218.1 215.5 212 208.3 205.1 201.7 198.8 201.5 202.6 202.3 201.1 200 201 204.2 204.1 204 206.5 207.2 206.7 206.1 205.4 205.9 206.6 207.8 209.1 210.3 211.4 212.5 213.6 214.9 216.5 218.1 221.1 225.3 227.9 229.1 229.6 228.7 226.3 223.8 220.6 215.9 213.7 213.2 213.2 213.6 214 214.5 214.9 215.3 216 217.9 220.4 222.7 225 227.4 229.7 232 234.1 235.8 236 238.7 240.3 240.4 239.6 238.7 235 230.1 228.7 227.5
227.1 226.8 226.8 226.6 226.2 225.1 223 221.1 217.5 216.2 212.2 207.5 203.5 201.9 198.5 201.7 202.4 201.8 201.2 200.1 201 203.3 205.7 206.4 208.3 207.4 206.5 205.9 205.8 206.5 207.3 208.5 209.9 211.1 212 213.1 214.2 215.4 217 218.6 220.8 224 226 227.7 228 225.8 223.6 221.4 218.7 215.1 213.8 214.1 214.4 214.8 215.1 215.4 215.8 216.2 216.6 218.1 221.1 223.4 226.1 228.5 230.8 233.1 235.2 236.8 236.6 237.2 238 237.5 236.5 233.6 228.7 226.7 226.6 226.6
229.6 229 227.5 227.2 226.9 225.9 224 221.9 217.1 216.2 212.8 208.5 203.6 201.8 198.4 200.7 201.5 201 200.5 200.4 201.6 203.5 206.2 207.8 208 207.2 206.5 205.8 206.3 206.6 207.9 209.3 210.7 211.8 212.8 213.7 214.8 215.9 217.5 219.1 220.2 222.6 224.3 225.8 225.1 223.6 221.8 219.8 218.2 215.2 214.4 214.7 215 215.3 215.7 216.1 216.5 216.9 217.3 219 221.5 223.2 225.2 228.3 231.3 234.2 235.6 236.5 235.2 233.9 234.3 233.8 231.3 228.2 226.1 225.9 225.8 225.6
232.4 232 230.3 228.7 227.5 226.1 224.2 221.7 216.8 216.6 211.7 208.2 204.7 201.6 198.7 198.5 201.2 201 201.3 201.6 202.1 204 206.4 209.3 208.4 206.8 206.1 205.9 205.5 207.2 208.7 210.1 211.5 212.6 213.5 214.4 215.4 216.5 217.9 219.4 220.5 220.9 221.6 222.7 221.7 220 219.5 218.4 216.8 215.6 215.1 215.2 215.6 216 216.4 216.8 217.2 217.6 218 219.8 222.2 224.7 226.2 228 232.3 235.7 236 235 233.8 232.2 231.1 229.9 227.5 226 225.7 225.4 225.3 225.4
236 235.2 232.9 231.3 228.2 225.8 223.4 220 216.5 214.6 211.3 208.5 206.4 201.7 198.9 198.5 201.5 201.8 202.1 202.5 203 204.8 207.3 208.2 207.8 207.9 206.8 206.4 206.1 207.9 209.4 210.9 212.3 213.3 214.3 215.2 216.1 217.1 218.4 219.7 220.1 220.2 220.4 220.5 220.1 219.6 218.9 217.3 216.1 215.8 215.5 215.8 216.2 216.6 217 217.4 217.8 218.2 218.6 220.5 222.8 225 225.9 229.2 234.6 237.1 238 236.1 233.2 230.5 228.6 227.4 226.5 225.7 225.2 224.9 224.8 225.3
240.3 238.5 234.9 232 229.2 224.8 222 218.2 216.3 215.6 211.1 209.2 207.9 204.7 200.7 199.1 201.8 202.2 202.8 203.4 204 205.5 208.1 207.9 207.7 207.9 208.3 207.8 208 208.6 210.1 211.7 213.1 214.1 215 215.9 216.9 217.8 218.9 219.3 219.6 219.9 220.2 220.2 219.7 219.3 217.9 216.4 216.2 216 216.1 216.3 216.7 217.1 217.5 217.9 218.4 218.8 219.2 221.3 223.4 225.4 227.5 230.9 234.8 237.3 235.6 233.8 231.9 229 227.7 227.2 226.4 225.5 224.8 224.4 224.5 225.2
246.1 242 238.2 232.1 227.7 223.1 220.3 216.8 218.7 215 210.3 209.9 210.4 203.3 201.1 199.4 202.6 203.2 203.8 204.4 204.9 206.2 207.3 207.8 207.6 208 208.4 208.4 208.9 209.4 210.5 212.3 213.9 214.8 215.8 216.7 217.6 218.6 218.8 219.1 219.4 219.7 220 219.8 219.4 218.4 216.8 216.6 216.4 216.6 216.7 216.9 217.2 217.6 218 218.5 218.9 219.3 219.7 221.9 223.8 225.7 227.5 232.1 234.2 234.4 232.9 231.1 229.4 227.8 227.4 227 226.3 225.2 224.2 223.9 224.2 224.7
250.5 245.1 239.3 233.7 226.3 222 218.9 217.8 219.7 214.2 210.9 209.8 210.3 206.1 200.9 199.5 202.3 203.2 204.1 205 205.8 206.4 206.9 207.7 207.6 208 208.5 208.9 209.5 210.2 211.7 213.4 214.8 215.6 216.6 217.5 218.5 218.7 218.8 218.8 219.2 219.5 219.8 219.5 219 217.4 216.9 216.9 217.1 217.2 217.4 217.5 217.7 218.1 218.5 219 219.4 219.8 220.1 221.8 223.6 225.4 226.9 230.9 233.7 233.6 232.3 230.4 228.4 227.6 227.8 227.2 226.5 224.3 223.3 223.9 223.7 224.1
250.9 244.1 237.9 230 224.1 220.9 218 217.4 219.2 218.3 214.9 210.6 209.8 206.5 201.7 199.2 202.3 203.1 204 204.8 205.9 206.6 206.8 207.4 207.6 208.1 208.6 209.2 210.5 211.2 212.9 214.8 215.7 216.6 217.4 218.4 218.6 218.7 218.7 218.8 219 219.3 219.6 219.1 218 217.3 217.4 217.5 217.7 217.8 218 218.1 218.3 218.6 219 219.5 219.9 220.3 220.5 221.7 223.4 225.1 226.4 228.2 229.5 230.7 231.1 229.4 227.6 227.5 228.2 228.4 227 221.9 221.5 223.9 223.4 223.6
250.5 243.6 236.2 228.7 223.6 220.4 217.7 217.3 220.9 221.1 218.1 212.6 210.8 205.6 202.2 200.6 199.7 202.6 203.8 205 205.7 206.4 206.9 207.3 207.7 208.1 208.6 209.6 211.1 212.2 214.1 215.8 216.5 217.3 218 218.5 218.6 218.6 218.6 218.7 218.8 219.1 219.2 218.5 217.7 217.9 218 218.1 218.3 218.4 218.6 218.7 218.9 219.1 219.5 220 220.4 220.7 220.9 221.8 223.3 224.3 225.2 226.8 227.5 228.1 228.3 227 226 226.6 227 225.8 221.6 221.5 221.5 221.9 223.5 223.1
248.1 242.6 233.5 226.5 222.9 219.5 218.3 217.1 220.7 220.7 218.1 215.3 213 203.8 202.1 202 199.4 200.8 203.9 205.3 206 207.1 207.6 208 208.2 208.6 209.3 210.5 211.7 212.9 214.3 215.8 216.5 217.3 217.8 218.1 218.4 218.5 218.6 218.7 218.7 218.9 218.9 218.2 218.3 218.5 218.6 218.8 218.9 219.1 219.2 219.4 219.5 219.6 220 220.5 220.9 221.1 221.3 222 223.4 223.9 224.3 225 225.7 226.2 225.6 224.5 223.7 224.1 223.9 221.9 221.5 221.5 221.5 221.5 222 222.9
246 238.5 228.9 224 221 218.7 217.9 218.4 221.5 218.8 219.9 219.4 210.6 202.9 201.8 202 199.7 198.6 203.6 205.5 206.4 207.4 208.3 208.6 208.8 209.1 209.5 210.9 212.2 213.3 214.3 215.7 216.6 217.2 217.5 217.8 218.1 218.4 218.5 218.6 218.7 218.7 218.6 218.8 218.9 219.1 219.2 219.4 219.5 219.7 219.8 220 220.1 220.3 220.5 221 221.3 221.5 221.7 222.1 223.2 223.7 223.7 223.5 224 223.6 223 222.1 221.5 222 221.9 221.5 221.5 221.5 221.5 221.5 221.5 223.1
243.1 232.4 227.3 222.3 219.2 214 216.1 219 222.1 221.1 222.4 219.5 204.1 202.6 202 202.1 199.3 200.9 204.8 206.4 207.2 208 208.5 208.9 209.1 209.3 210.2 211.5 212.7 213.7 214.6 215.6 216.6 216.9 217.2 217.5 217.8 218.2 218.5 218.5 218.6 218.7 218.8 219.1 219.4 219.7 219.9 220 220.1 220.3 220.4 220.6 220.7 220.9 221 221.5 221.7 221.9 222.1 222.2 222.9 222.7 222.5 222.1 222.4 222.2 221.6 221.5 221.5 221.5 221.5 221.5 221.5 221.5 221.5 221.5 221.5 223.1
237.2 228.5 225.2 221.3 214.8 210.6 212.4 219.6 222.8 222.3 221 217.1 203.8 202.3 201.3 201.4 199.2 202.4 206.1 207.1 207.6 208.4 208.6 208.8 209.2 209.6 210.9 212.2 213.1 214.1 215 216 216.4 216.7 217.1 217.4 217.7 218.1 218.4 218.5 218.6 218.7 218.8 219 219.3 219.6 219.9 220.1 220.4 220.7 220.9 221.2 221.3 221.5 221.6 222 222.1 222.3 222.4 222.5 222.2 221.9 221.6 221.5 221.5 221.5 221.5 221.5 221.5 221.5 221.5 221.5 221.5 221.5 221.5 221.5 221.5 222.3
