STL Generation/terr50_gagg_gb/data/NJ02.asc
ncols 200
nrows 200
xllcorner 300000
yllcorner 820000
cellsize 50
[rows 0 to 34 of 200, columns 78 to 155 of 200]
243.8 247.5 246.8 245.4 245 244.8 242.5 240.7 237.9 235.1 231.3 224.1 219.4 215.7 212.5 211.7 210.8 211.3 214.9 222.1 228.1 232.5 236.4 239.8 243.9 247 251.1 252.7 251.8 248.8 246.5 244.3 243.1 242.1 240.8 239.9 239.1 239 239.2 239.5 238.8 236.7 234.1 231.6 229.2 227.6 226 223.5 220.4 215.8 211.2 206.7 201.8 198.4 197.2 196.2 195.7 192.5 191.8 190.9 192.3 189 189.4 189.2 190.1 192.6 195.3 200 199.5 198.1 194.3 189.1 176.5 175.8 174.9 173.5 177.5 178.6
241.7 245.2 244.8 244.4 244 242.3 239.9 237.6 235.9 234.9 230.5 221 216.3 213.8 212.3 210.5 210.2 211.5 213.6 220.9 227.1 230.6 234.1 237.9 242 245.9 249 250.2 249.9 247.4 244.5 241.7 240.9 239.9 238.2 236.3 235.1 235.4 235.7 235.8 235 233.5 231.4 226.9 223.9 222 219.8 217.5 215.2 212 208.4 204.8 200.6 198.1 197 196.1 194.4 191.3 190.9 190 189.2 188.5 188.2 187 187.2 187.9 188.3 191.6 194.1 191.3 187 180.8 176.6 175.4 174.4 173.7 173.7 178.9
239.7 242.3 242.9 242.7 241.9 239.8 237.3 236.3 235.6 234.9 227.5 217 215.3 214 216.3 210.9 209.8 211.6 213.7 219.5 225.2 228.6 232.2 235.9 240 244.1 245.6 246.4 246.6 245 242 239.1 238.1 237 234.6 232.9 231.1 231.6 232.2 232.1 231.2 229.2 224.7 217.6 211.4 210.6 211.7 213 210.8 209.2 205.5 202.4 199 197.9 196.5 195.5 190.9 189.3 192.2 192.5 191.4 188.6 187.3 187 187 186.9 186.9 187.3 188 187.3 183.2 177.3 176.7 175.4 174.2 174.4 174.1 179.1
239.9 238.5 240.8 241.1 239.9 237.6 236.1 236.1 234.9 230.8 223.4 216.3 215.5 218.9 218.5 208.6 209.6 211.5 213.7 219.1 224.3 227.8 231.1 234.3 237.4 239.6 241.1 243.5 243.3 240.4 237.3 235.7 233.7 232.9 231.2 229.2 227.3 225.5 226.4 226.6 224.7 219.2 209.6 207.2 206 204.9 205.4 204.6 204.5 204.4 203.7 203.1 200.6 201.6 194.8 191.7 187.9 188.1 189.8 191.3 192 190.9 188.1 186.6 186.6 186.8 187.3 187.7 188.1 187.1 181.7 177.3 177.5 176.6 175 176.2 177.1 177
242 237.2 238.5 239.4 238.6 237.4 236.3 233.5 230.5 226.2 220.4 216.4 217.6 221.2 218.8 208.2 209.2 210.9 213.8 218.5 223.3 226.9 229.4 232 234.3 234.3 236.6 239 239.3 235.4 233.9 232.3 230.5 228.3 226.7 224.8 223.2 221.6 218.7 216.7 213.2 209.5 206.9 205.4 204.1 203.1 203.6 204.2 204.2 204.1 204 203.9 200.9 194.9 191.9 188.2 187 189.5 189.3 187.8 188.1 188.8 186.9 186.4 186.4 186.2 187.9 188.4 188.8 185.4 180.3 177.6 177.7 177.4 175.6 175.4 176.9 174.2
242.4 238.3 236.9 237.7 237.3 235.8 233.7 229.3 226.7 223.9 219.3 218.3 226.4 222.7 219.5 207.9 207.5 209.9 214.1 218.9 223.7 224.8 226.5 229.1 231.1 233.1 235.1 236.4 236.6 233.7 230.9 228.9 227.3 225.1 222.6 220.9 219.4 216.4 212 211.7 208.5 207.1 204.6 203.6 202.2 201.5 201.4 202.3 202.9 201.1 200 199.9 195.6 194.2 193.8 190.2 186 188 188.1 186.8 186.8 186.9 187 186.3 186.2 185.9 186.9 189 188.3 183.7 179.5 177.8 177.8 177.6 176.4 174.3 177.2 174.2
243.4 238.8 236.8 235.7 234.9 234.6 233.1 228.3 225.5 223.3 219.7 222.2 226 223.2 222.4 207.7 206.5 208.7 211.5 214.6 220.8 224.3 225.7 227.1 229 232 234.5 235.6 234.2 232.4 229.7 226.9 224.1 221.7 219.1 215.2 210.2 207.9 206.3 205.5 206.4 204.3 202.7 202.3 202.6 202.9 202.8 202.5 200.3 201 200.7 197.7 195.7 196.1 195.4 193.5 185 185.2 185.7 185.8 185.9 186.1 186.6 186.3 186.1 185.7 185.8 187.4 187.1 183.4 179.5 178.2 178 177.8 176.5 175 177.1 174.6
244.7 240.5 236.7 235.2 234.2 234.6 232.6 233 231.1 230.4 228.6 227.8 225.7 223.8 222.6 208.9 207 207.6 210.4 212.7 215.3 220.5 222.4 224.3 226.8 230.9 232.4 232.4 231.5 230.1 228 225.4 222.2 218.5 214 209 207.4 206.3 206.1 205.5 204.8 204.5 204.8 203.6 201.2 198.8 195.9 200.2 202.5 202.3 199.1 193.6 192.7 188.5 185.5 184.6 184.8 187.8 184.9 185 185.1 185.3 185.9 186 185.8 185.4 185 185.1 183.9 181.4 178.7 178.4 178.2 177.9 176.8 175.6 174.1 174.8
245.9 241.6 237.9 235.3 234.6 234.3 233.6 233.3 233 232 230.6 228.7 226.6 224.9 224.3 213.8 207.2 206.1 208.7 211.1 212.9 214.4 216.5 219.3 222.6 226 227.7 228.9 228.3 227.6 224.1 220.8 218.2 214.2 210.5 208 206.6 205.7 205.9 205.5 204.7 204.5 203.8 200.5 203.3 203 201.5 195.1 195.9 195 193.5 189.7 187.4 186.3 183.5 183.8 184.7 183.8 184.5 184.1 184.2 184.6 184.9 187.3 190.2 186.5 183.2 183.2 182.6 180 179 178.6 178.4 178.1 176.9 175.8 174.9 175.3
246.6 242.3 238.3 236.1 235.3 234.4 233.4 232.8 232.5 231.7 230.7 229.5 227.5 226.3 224.7 221.3 207.6 205.5 205.5 208 209.9 211.2 212.6 213.5 215.4 217.4 218.8 220 220.1 219.3 217.3 214.7 212.3 210.1 209.7 208.1 205.5 205.3 205.5 205.7 204.4 205.5 204.8 203.7 203.2 202.3 200.8 193.9 190.5 189.9 189 188.7 185.8 184.7 183.4 182.3 184.2 181.7 180.5 180.5 181.8 179.7 179.7 179.7 179.7 181.3 181.5 181.3 181.2 179.8 179.4 179 178.6 178.2 177 176 175.5 175.8
246.5 242.7 238 236.1 235.3 234.3 233.3 232.3 232 231.3 230.4 229.5 228.4 226.5 224.4 221.9 214.3 206.4 204.2 203.8 206.5 208.3 209.7 211 210.6 209.8 209.4 209.6 209.7 209.6 209 209.2 209.6 208.3 208.8 205.1 205.2 205.2 205.2 205.4 205.5 205.4 204.9 203.4 197 200.6 196.2 192.1 190.3 188.9 187.3 186.8 186.3 184.6 183.2 182.2 182.1 180.8 181.8 181.2 180.3 180.4 180.5 180.1 179.7 180.5 180.9 180.8 180.6 180 179.7 179.3 178.9 178.3 177.2 176 175.4 176.2
245.9 241.6 237 236.1 235.1 234.1 233.1 232.1 231.6 230.9 230.1 229.2 228.1 226.5 224.3 222.3 220.7 208.5 206.3 204.1 201.8 203.8 207 208.4 208.6 207.7 207.7 207 206.5 206.6 207.1 207.1 207.1 206.8 205.9 204.8 204.8 205 204.9 205.1 205.1 205.2 203 201.5 203.1 201.3 198.1 195.2 195.4 192.4 190.9 186.8 186.9 184.2 183.1 183 183.2 182.2 183 182 181.2 181.4 181.6 181.2 181.5 181.6 181.9 181.5 180.9 179.8 179.6 179.4 179.1 178.3 177 175.7 175.6 178
245.1 240.6 237 236 235 234 233 232 231.1 230.5 229.7 228.9 227.8 226.4 224.6 222.7 221.4 220.5 217.1 210.7 206.2 203.2 201.9 205.9 206.9 206.4 207 206.5 206.4 206.5 206.9 207.1 207.1 206.6 205.9 204.7 204.4 204.6 204.7 204.8 204.6 203.3 202.1 204.2 203.8 203.1 199.9 196.7 197.7 193.3 188.2 189.6 186.8 184 183.6 183.8 184 184.2 183.5 182.8 182 182.3 182.8 182.5 183.1 183.2 182.1 181.7 181.1 180.5 179.5 179.2 178.7 178.2 176.9 176 176.4 181.5
243.8 239.2 236.6 235.7 234.8 233.8 232.8 231.8 230.8 230.2 229.3 228.5 227.5 226.1 224.7 222.9 222.2 220.9 220.3 220.4 217.6 209.6 203.2 200.5 200.5 205.3 206.4 206.5 206.3 206.4 206.7 207 207 206.4 205.6 204.8 204 204.2 204.3 203.6 202.3 204.5 204.9 205.2 204.1 203.5 199.5 198.5 198.5 192.8 196.6 198.3 186.4 183.9 183.9 183.8 183.7 182.8 183.5 183.4 182.9 183.4 183.9 183.9 184.5 182.1 181.3 181 180.7 180.6 179.1 178.6 178.2 177.7 176.7 176.3 178.9 179.2
242.1 237.9 236.1 235.2 234.3 233.4 232.5 231.6 230.7 229.8 229.1 228.2 227.2 225.8 224.4 223 221.7 220.4 220 220.1 219.1 217.4 214.5 207 201 200.4 205.7 206.4 206.1 206.3 206.6 206.9 206.9 206.1 205.3 204.5 203.8 203.7 203.8 203.2 204.9 205.7 205.3 204.8 203.5 202.4 202 200.7 189.3 191.1 193.3 194.3 187.8 183.1 182.5 182.7 183.6 184.2 183.6 179.5 178.5 178.5 180.5 180.6 183.9 181.8 181 180.8 180.8 180.7 179.4 178.4 177.8 177.2 176.6 177.5 181.9 180.9
241.3 237 235.5 234.6 233.6 232.7 231.8 230.9 230 228.7 227.8 226.9 226.1 225.3 223.8 222.1 221.2 219.8 219.7 217.7 218.2 217.5 217 211.5 208.4 204.6 198.2 204.5 204.9 205.9 206.2 206.4 204.4 203.7 203.6 203.2 203.8 203.8 203.7 204.3 205.3 205.5 205 204.1 203.2 204.4 204.4 188.5 186.9 187.1 188.6 187.7 183.1 182.8 183.1 183.2 184.4 178.5 178.5 178.4 178.7 178.7 178.5 178.5 179 179.6 180.9 181.1 181.2 180.9 179.8 178.6 177.7 177.1 176.6 182.6 184 183.2
240.8 236.7 235.1 233.7 232.8 231.9 231 230.1 229.1 227.2 226.6 225.7 224.9 224.1 223.3 221.9 220.2 219.4 219.2 217.9 216 213.5 210.8 209.1 208.4 207.8 205.9 200.5 206.6 206.2 205.7 205.9 206 204.6 203.3 200.6 202.2 203.9 203.6 204.4 204.7 204.6 204.3 203.9 203.4 205.1 201.6 189 187.5 188.1 185.6 181.6 181.9 185.1 183.7 183.8 178.6 178.5 180.3 180 180 179.6 178.8 178.7 178.5 178.5 178.8 181 180.6 179.9 179.3 178.5 177.6 176.9 180.7 184.3 185.2 186.3
239.4 236.4 234.8 233.4 232.1 231.1 230.1 229.2 227.8 225.7 225.4 224.5 223.7 222.9 222.1 221.2 220.7 220.1 218.8 217.5 215.4 213 210.8 209.2 208.3 207.6 202.5 196.6 205.5 204.9 205.3 206 207.1 205.4 203.5 202.2 202.7 201.8 200.2 200.7 203.6 203.6 203.4 200.7 196.5 196.7 192.3 191 189.6 188.2 186.6 182.5 182.5 184.2 181.2 178.6 180.4 180.4 180.5 180.3 180.1 179.7 179.3 178.8 178.6 178.5 178.6 178.6 178.7 178.5 177.7 177.4 176.9 176.3 184.7 185 185.1 185.5
238.7 236.4 234.7 233.3 231.9 230.5 229.3 228.4 226.3 224.2 223.5 222.1 221.3 220.1 217.5 217.5 217.3 213.8 210.9 210.2 209.7 211.2 209.6 208.9 207.8 205 197.4 195.2 199.3 201.8 205.1 205.8 205.8 204.6 203.4 202.7 202.1 199.8 196.1 196.6 199.1 198.1 196 197.4 193.4 193.5 193.4 192.4 191.8 190.5 189.2 183.5 183.4 184.1 178.6 178.5 181 181.2 180.7 180.5 180.2 179.8 179.4 179 178.8 178.5 178.5 178.3 178.4 178.1 177.2 177 176.8 181.2 185.1 185.3 185.5 185.8
242.1 237.9 234.6 233.4 231.9 230.4 229 227.3 225.1 222.9 220.9 220 217.3 216.1 216.4 215 214.7 218.5 215.1 211.1 209.2 208.9 208.1 206.5 203.8 198.6 195.1 194.5 194.2 193.2 193.6 197.2 198.2 199.5 195.9 194.5 194.5 193.4 192.8 191.7 190.6 190.2 189.6 188.8 192.3 194.4 194.4 193.6 193.1 192.5 195.6 192.1 189.1 185.6 178.6 180.3 181.1 181.4 180.9 180.7 180.3 179.9 179.5 179.2 179 178.5 178.3 178.1 178.3 178.1 177.5 179.2 185.4 185.6 185.6 185.7 185.8 185.4
244.3 237.2 233.9 232.8 231.7 230.6 229 227.2 225 222.7 220.8 221.4 223.4 222.9 220.9 219.9 217.9 214.8 212.5 210.7 209.7 207.9 205.3 203.5 199.9 196.5 195 194.2 193.8 193 192.1 191.6 190.7 191.1 191 190.5 190.3 191 190.3 189.7 189.4 188.6 189.7 191.7 194.2 195.2 195.4 194.8 194.1 193.6 196.8 196.1 194.1 181.5 178.5 180.7 181.5 181.4 181.1 180.8 180.4 180 179.8 179.5 179.2 178.9 178.8 178.7 178.8 179.2 179.3 185.3 186 186.3 186.3 185.1 186.4 193.8
243.5 236.5 233.3 232.2 230.8 229.3 228.3 226.6 223.8 222.1 223.9 223.9 223.1 222.2 220.4 218.4 215.9 212.1 209.7 209.5 208.6 206.8 204.2 201 197.6 194.8 194.2 193.8 193.4 192.7 192 191.7 191 190.1 189.8 189.5 190.3 191.7 192.4 192.3 189.8 188.3 191.6 193.6 194.5 195.3 195.6 195.1 194.7 194 194.8 196.8 187.2 178.7 178.5 181.9 181.4 181.4 181.3 180.9 180.6 180.3 180 179.7 179.4 179.3 179.5 181.7 180 180.1 185.3 186.4 186.7 187.1 187.2 188.8 194.4 198.5
241.3 235.3 232.3 230.6 229 227.9 227 225.8 223 223.4 224.3 223.5 222.6 221.7 220 217.4 214.7 212 209.9 208.8 207.5 206.2 203.5 199.9 196.4 194 193.8 193.5 193.1 192.3 192 191.7 191.2 191 195 192.5 188.3 190.9 189.7 188.5 188.6 188.6 188.8 189.9 192 194.4 195.6 195.3 193 193.4 192.6 186.9 180.2 178.6 178.5 181.9 181.8 181.6 181.3 181.1 180.8 180.5 180.3 180 179.9 181.2 185.7 184.8 181.9 181.2 188.3 187.9 188.2 188.3 189.1 193.8 197.7 200.9
238.7 232.5 230.3 228.8 227.3 226.5 225.6 224.5 222.7 223.6 223.9 223.1 222.2 221.2 219.7 217 214.3 212 210.4 209.5 207.8 206.1 203.6 198.5 194.9 193.5 192.8 192.8 192.7 192.2 192 191.7 191.8 194.7 196.3 191.8 188.8 188.7 188.1 188.4 189 189.6 189.1 190.4 190.6 196.8 194.8 192.8 192.4 192.9 187.8 181.5 180.9 179.6 178.6 182.7 182.5 182.3 182.1 182.2 182.3 182.1 181.6 181 186 186.3 186.3 184.8 182 182.7 189.2 189.4 188.7 187.6 194.2 196 200.3 203.4
233.4 229.9 228 226.9 225.9 225.2 224.3 223.2 222.7 223 223.2 222.6 221.7 220.8 219.3 216.7 214.1 212.5 211 209.8 208.2 206.3 204.2 199.3 194.3 192.9 192.2 192.4 192.5 192.5 192.1 191.8 192.4 196.1 196.7 191.4 188.1 187.5 187.7 187.9 188.4 187.7 190.2 191.4 191.3 196.3 193.9 192.9 193.6 192.7 181.9 180.8 181.2 181.1 178.7 183.6 183.1 183.2 183.4 183.5 183.3 183.5 183.5 186.5 190.4 189.1 187 185.3 184.1 184.8 189 189.4 189.1 192.8 196.4 200.6 202.5 205.7
229.5 226.8 224.6 223.6 223.1 222.8 222.9 222 221.8 222.1 222.3 222.2 221.2 220.3 219 216.3 214.7 213.1 211.6 210 208.4 206.5 203.7 200.7 195.7 192.7 192.6 192.6 192.7 192.4 192.6 192.5 194.6 194.9 197.1 191.5 187.1 187 187.5 187.5 187.4 190.7 190.9 191.4 191.4 195.1 193.8 192.5 185.3 183.2 182 181.3 181.4 181.4 178.5 184 184.3 184.5 184.7 184.8 184.5 183.8 184.6 186.6 187.2 187.7 188.3 187.3 185.3 184 187.2 189.7 189.5 195.9 200.1 201.1 204.4 207.2
225.9 223.7 221.2 220.5 219.9 219.7 220.2 220.8 220.5 221.2 221.4 221.2 221 219.9 218.6 216.8 215.2 213.5 211.6 210.3 208.3 206.2 203.4 200.1 195.6 192.8 193 192.9 193 192.5 195.7 198.4 197.2 195.1 195.8 190.4 186.7 186.7 187 187.4 186.9 187.3 191.3 191.6 190.3 194.6 192.3 183.8 182.4 183.3 182.6 182 182 181.6 178.9 183.5 184.2 185.8 186 186 185.3 184 184.9 185.9 186.7 187.1 187.4 187.8 188.5 186 185.5 190.3 193.2 197 200.2 201.7 206.3 208.3
222.6 220.9 218.5 217.7 216.7 216.9 217.5 218.9 219.2 220 220.5 220.4 220.3 219.5 217.8 216 214.1 212.3 210.4 207.3 206.3 203.2 201.1 199.5 195.3 192.6 192.8 193 193.2 197.9 201.3 197.2 194.9 199.4 193.7 189.3 186.9 186.5 187.8 188.6 188.4 190 189.6 190.5 189.9 186.2 184.6 182.1 182.3 182.4 182.6 182.6 182.3 182 179.3 183.4 183.5 184.5 186.9 187.3 186 184.6 188.8 186.2 186.8 187.3 187.6 188.1 189.4 190.4 186.9 190.8 194.7 197.9 201.7 202.1 206 209.2
219.1 217.9 217.9 217.5 216.1 215.1 214.8 216.2 217.3 218.5 219.2 219.9 219.8 218.7 216.4 214.3 212.6 210.6 210.5 205.2 203.1 199.4 199.1 199.8 195 192.4 192.3 192.3 192.2 201.4 203.2 197.5 199.3 196.5 191.1 189.5 188 186.8 187.9 193.2 186.2 186.1 185.6 186.9 184 183.6 182.8 182.4 182.4 182.5 182.7 182.9 182.5 182.3 179.3 183 184.1 184.3 186.6 186.4 185.1 184.9 185.7 186.5 187 187.5 188.7 189.7 189.9 189.2 189 192.9 196.1 200.7 201.7 202.1 205.4 208.7
218.7 218.6 218.7 217.6 216.9 216.5 215.6 214.7 214.1 215.1 216.8 218 218.2 217 214.7 212.6 210.6 207.3 204.7 203.7 201.2 199 199.7 198.2 195 192.7 192.9 192.6 192.3 201 201 199.2 196.7 194.5 191.3 191 189.6 188.4 186.8 186.3 186.5 187.5 187.6 186.2 183.6 183.3 183.2 182.8 182.4 182.6 182.8 183.1 182.9 182.5 179.5 183.5 184.6 186.4 186.1 185.5 185.2 185.7 186.2 187 187.3 189.3 191.2 190.7 190.4 189.8 188.9 194.5 196.2 200.6 202.2 202.5 207.3 210.2
219 220.9 219.2 218.1 216.8 216.5 216.1 215.8 215.4 214.3 213.9 215.3 215.7 214.7 212.5 210.7 208.4 204.1 200.7 200.4 197.5 198 200.9 196.2 193.9 195.6 201 192.9 193.3 200.3 201.5 200.4 198.1 195.7 192 191.4 190.8 189.8 188.4 189.3 191 191.9 192.5 189 185 183.7 183.6 183.7 182.8 182.7 183 183.3 183.2 182.7 179.3 184.9 187.9 186.9 186.3 185.4 185.1 185.5 186.2 187.1 189.3 191.5 191.9 191.5 191.2 191.3 193.2 189.9 196.6 200.2 202.6 203.4 205.6 209.8
220.5 220.7 218.9 217.6 216.6 216 215.7 215.5 215.7 215.8 214.5 213.8 213.3 212.2 210.4 208.5 205.3 201 198.4 197.3 196.1 196.8 197.7 195 193.6 195.1 204.4 197.6 197.6 201.6 201.7 201.3 201.7 197.5 192.7 191 190.9 190.4 190.1 190.5 191 190.8 190.2 186.8 184.7 184.3 183.9 184.6 184.4 183.1 183.1 183.5 183.3 182.5 179.2 187.9 188 187.1 185.8 185.1 184.8 185.2 186.4 187.8 191.2 191.6 191.3 192.8 193.3 193.7 192.6 190.5 193.1 200.3 202.6 203.5 204.2 208.3
218.2 218.5 217.9 217.1 216.4 215.6 215.2 215 214.6 214.2 213.9 212.9 211.6 209.7 208.1 206.2 202.3 198 196.9 196.3 195.3 195.1 194.3 194.6 193.8 195.5 204.2 200.1 200.4 202.3 200.3 201 200.6 199.4 195.4 192.5 191 190.6 190.9 191.2 190.8 190 188.9 186.8 184.5 183.5 183.9 184.5 184.9 184.6 184.1 183.9 183.2 182.9 179 188.9 186.4 185.3 184.7 184.4 187.4 188 185.5 189.5 191 191.3 193.9 194.2 194.5 194.5 194.4 193.6 192.9 200.4 202.5 203.4 204.3 205.6
217.7 217.3 217.3 216.8 215.4 214.7 213.4 212.6 212.5 212.3 211.9 210.8 209.2 207.1 205.8 204.7 200.2 197 195.9 195.2 194.4 194.3 194.3 193.6 194 197.7 202 199.1 200.6 200.6 198.6 198.8 200.9 200.1 198.4 197.1 192.3 191.9 192.1 192.4 191.6 190.4 188.7 187 184.9 183.3 184.1 184.7 185.4 185.2 184.4 183.7 183.1 182.4 178.9 184.4 185.8 185.8 185.1 186.4 190 190.8 192.3 191.1 191.3 191.8 194 193.9 193.9 194.1 195.1 194 194 197.7 202.3 203.5 204.7 205.5
217.6 217.4 217.3 216.6 214.8 213.5 212.1 210.6 210.4 210.3 209.7 208.8 206.7 204.7 206.2 203.7 199.4 196.4 194.8 194.3 193.7 194.2 194.4 193.4 194.2 205.4 199 200.7 201.7 200.1 200 198.3 200.2 200.8 201.8 201.7 194.6 194.9 195.2 194.3 191.8 190.1 188.4 186.7 185 183 183.8 184.7 185.5 185.7 185.2 184.4 183.7 183 179.7 184.6 186.2 187.2 188.8 190.8 192.3 192.6 192.5 192.2 191.9 192.6 193.4 193.6 193.5 195.6 199.1 195.8 194.2 196.4 200.8 203.5 205 205.5
