STL Generation/terr50_gagg_gb/data/NJ23.asc
ncols 200
nrows 200
xllcorner 320000
yllcorner 830000
cellsize 50
[rows 35 to 69 of 200, columns 78 to 155 of 200]
407.3 410.9 415.8 420.8 426.6 432.6 436.8 437.4 434.6 430.3 426.6 421.4 419.3 417.2 418.2 417.7 417.7 417.2 417.1 417.7 416 414.8 412.1 408.7 403.2 396.4 388.2 379.4 370.4 363 356 351.3 347 342.6 339.3 335.8 330.9 324.3 315.4 308.8 301.1 291.4 285 278.4 272.9 269.9 268.2 266.3 264.4 262.4 260.8 259.1 257.5 255.3 251.6 246.1 242.7 241.6 242.6 244 240.3 224.6 229.8 235.4 236.8 239.4 244.2 248.5 251.3 254.2 256.6 261.7 267.3 272.2 276 276.4 273.9 272.2
414.3 417.8 421.9 426.9 432 437 440.8 440.3 438.1 435.4 432.6 431.4 429.8 428.6 430 430.5 429.6 429.3 429 427.2 425.4 422.3 417.6 412.6 406.3 398.6 390.7 382.5 375 368.7 361.9 356.7 351.9 347.1 343.7 338.8 332.5 325.3 316.6 308.4 300.6 290.9 282.7 278.7 276.5 274.1 272.1 269.3 266.5 264.4 262.4 260.2 257.9 255.3 253 248.4 248.2 246.8 246.1 243 234.8 227.2 237 240.6 242.6 244.9 249.6 253.4 257.5 260.7 261.8 266.4 272.3 276.9 281.3 280.6 278.4 275.4
421.6 424 426.8 432 435.8 440.7 443.1 443.3 441.5 440.8 442.3 441.5 440.7 439.4 440.2 441 440.5 440.3 440.4 438 435.3 429.4 422.4 415.2 407.8 400.1 392.5 385.4 378.9 372.4 366.1 360.6 355.9 351.2 346.4 340.3 332.9 324.3 316.1 307.6 297.6 287.5 285.2 285 283.4 278.6 274.8 271.9 269 267.5 265.3 262.3 259.7 256.7 253.3 250.6 249.5 247.6 246.1 242.3 229 231 240.9 244.2 248.2 250.5 254.6 258.3 261.9 264.3 266.6 271.1 276.9 281.8 284.4 283.1 281.6 279.2
428.2 431 433.5 436.9 440.1 444 445.3 446.3 447.5 449.9 451.1 451.1 451.1 451.7 452.9 452.6 451.9 452 450.3 447.5 443.7 437.3 428.3 417.7 409 401.3 392.6 386.7 381.8 375.7 369.5 362.4 357.6 352.7 345.8 339.3 331.8 323.3 313.8 303.8 294.3 295.2 293.8 292.9 290.1 285.7 281 276 271.8 270.3 268 264.9 261.5 258.4 255.2 252.5 249.9 248.3 245.6 236.4 230.7 242.1 244.1 246.5 250.5 254.4 258.5 261.9 264.3 267.9 272 274.9 280.4 284.5 286.9 285.9 284.2 281.5
434.4 436.5 438.7 441.4 444.4 447.2 449.3 451.8 455.5 457.9 458.7 459 460.9 464.2 465.7 465.7 465.1 463.8 461.2 456 450.3 443.2 433.1 422.3 411.2 401.5 392.3 386 381.4 375.7 371 365.7 359.3 352.1 344.4 336.3 326.5 318.4 308.7 301.5 302.2 301.8 300.6 298.5 295.8 291.8 287.4 282.4 276.9 272.5 270.7 267.5 264.6 260.7 257.4 255.6 252.3 246.9 244.1 232.5 238.8 244.9 247.1 250.1 254.2 257.6 262.1 265.3 268.2 272.1 275.7 279.4 283.5 286.8 288.4 287.2 285.9 282.8
439.3 441.1 443.1 445.6 448.4 450.9 453.8 457.7 461.5 464.6 465.9 467.9 472 475.4 477.7 478 477.3 475.3 471.8 465.1 456.9 447 436.8 425.1 413.4 402.2 393 385.9 381.1 376.4 371.6 366.4 357.4 350.2 341.5 332.3 321.8 314.5 306.5 309.8 309.6 308.6 307.1 304.9 301.3 297.3 292.7 287.3 282.4 277 274.5 271.8 268.1 264 260.2 257.8 253.8 249.2 245.6 236.8 240.9 247.1 250.5 254.2 257.9 262.2 265.3 268.5 272.4 275.5 279.3 282.4 284.5 287.6 289.3 288.4 286.3 284.2
444.1 445.6 447.5 449.3 452 454.5 458.5 463.2 467.1 470.9 474.2 477.7 482.3 485.7 487.3 487.9 487.5 485.1 480.5 474.1 464.2 452.1 439.5 426 412.5 402.1 394.2 386.8 381.5 375.6 371.2 364.8 355.7 346.2 337 328 315.6 312.8 315.7 316.7 314.7 313.1 312 311 307.5 303.7 298.5 292.3 287.1 282.6 279.3 276.2 272 267.6 263 259.4 255.4 251.3 248.1 240.3 242.6 248.4 254.6 258.3 261.7 265.3 269.6 273.8 275.2 277.2 280.3 282.4 284.9 288.1 289 288 286.4 285.3
447.7 448.8 450.5 452.9 455.4 458 461.8 466.5 471.4 475.5 480.5 485.3 490 493.4 494.9 494.8 493.7 490.6 486.6 479.5 467.9 455.7 442.1 426.9 413.2 402.7 395 387.8 381.9 375.6 369.3 361.6 352.2 342.8 333.5 324.4 323.7 323.4 322.3 321.6 319.4 318.6 317.6 316.4 314 310.3 304.6 298.2 292.3 288 283.1 279.6 275.6 271.2 266.1 260.9 257 253.3 249.6 244.9 250 247.1 256.4 260.5 264 268.1 271.2 273.5 277.1 279.7 281 284.3 285.9 288 289.5 288.8 287.4 286.9
451.3 452 453.5 456.2 458.8 461.6 466.6 472.1 477.9 481.3 488.2 493.1 498 501.1 500.3 499.4 498.7 495.7 490.4 481.9 470.1 458.6 444.6 428.2 415.7 405 396.2 388.8 382.3 374.8 367.9 358.1 348.7 339.8 331.2 327.3 329.3 328.4 327.4 326.5 325.7 324.5 323.2 321.2 318.7 315 310.2 303.1 297.5 292.8 287.3 282.8 278.5 274 268.6 263.4 259.6 255.7 249.5 250.9 253.5 247.6 255.7 260.9 265.5 270.3 273 274.3 277.6 281.2 284 286.3 285.5 286.3 289.7 290 288.7 288.8
454.3 455.7 457.4 460.4 463.9 469.1 473.3 479.5 484.3 490.4 496.1 499.9 503.4 505.3 505.1 503.8 502.6 499.1 492.7 483.3 472.2 460 445.8 431.4 417.8 406.9 396.8 388.5 381.5 373.6 365.6 355.3 345.7 337 329.9 332.8 334 333.1 332.1 331.2 331 329.6 327.7 324.8 322.2 318.8 313.8 307 301.5 296.5 290.4 285.5 281.2 276.5 271.4 266.3 262.1 258.9 255.6 255.3 256.5 256.5 252.8 261.1 266.6 270.1 272.5 275.4 277.8 280.4 282.6 284.6 283.9 286.8 291.1 290.9 291.1 291.7
457.1 458.6 461.7 465.7 470.2 476.2 480.4 486.2 492.7 498.4 504.1 507 510.1 512 510.3 507.9 506.3 501.6 494.3 484.1 473.1 459.9 446.3 431.7 419.6 407.2 397.8 388.4 380.7 372.5 362.9 352.9 342.5 337.8 336.5 338.1 338.3 337.8 336.8 335.9 335.4 334.2 331.6 328.2 325.5 321.2 316.6 311.3 305.4 299.3 292.9 287.4 283 279.4 274.6 269.5 264.5 259.3 262.2 261.5 260.4 259.5 255.3 259.1 265.7 268.9 270.3 273.5 276.9 278.8 280.8 283.9 284.7 288.2 291.8 291.5 293.8 294.9
460.1 462.8 467 470.9 476.4 482.3 488.1 494.8 502.4 506.8 512 514 517.2 518.4 516.2 514.1 509.3 504.6 495.5 485.4 474.5 461.4 447.3 432.1 418.5 407.1 397.4 387.6 379.5 370 358.7 348.8 341.9 339.4 340.8 342.8 342.9 342.2 341.4 340.4 339.4 338.4 335.4 331.9 327.9 323.6 318.8 313.6 308.3 301.9 295.4 289.2 284 281.1 277.2 271.2 266.4 262.4 264.8 266.3 264.9 262.9 262.4 259.2 265 266.9 268.5 271.1 275.7 277.5 280.4 283.9 286.1 289.1 292.3 293.4 296.5 299.1
462.8 467.8 473 477.5 482.3 489.3 497.3 504.8 511.5 516 519.5 522.2 524.9 523.3 521.4 519.6 513.8 507.6 498.4 489.1 478.3 463.9 448.9 432.8 418.3 407.4 396.4 387.7 379.7 368.9 355.9 346.8 341.2 344.6 346.7 346.9 347.1 346.4 345.4 343.8 342.8 340.9 337.8 334 329.7 325.1 320.1 315.5 311 303.6 297.4 292.1 286.1 282.9 279 273.5 268.1 267.2 268.1 267.7 267.5 265.9 265.9 261.8 259.2 265 269.2 275.4 277.3 278 279.5 284 285.5 290.1 292.5 296.2 299.5 302
466.9 472.8 478.4 483.6 489.8 496.9 505.2 512.4 518 522.8 525.5 529 531.5 529.6 527.1 524.9 519.6 513.1 503.5 493.2 481.2 466 451 435.3 420.9 408.5 397.2 388.3 379.3 368.2 353.6 346.8 347.8 351.2 352.6 352.3 351.7 350.6 348.9 346.6 344.3 342.1 338.9 335.1 330.4 325.3 320.8 316.5 312.1 306 299.5 294.1 287.4 284.2 280.1 274.5 272.3 271.2 272 271 270 270.3 271.3 268.6 264 265.3 271.6 277 279.5 280.4 282.5 284.7 286.1 290 293.8 297.8 301.4 304
471.5 477.6 484.1 489.9 496.9 504.3 511.9 518.2 523.6 529 532.4 536 537.5 534.8 532.2 529.8 524.7 516.7 507 496.4 484 468.9 453 436.4 423.2 410.3 397.8 385.8 375.9 363.7 353.7 351.3 353.2 356.2 357.8 357.4 356.6 353.8 352 348.7 345.4 342.6 339.2 335.3 330.3 325.2 320.7 316.7 313.2 307.9 301.8 296.6 289.5 285.7 281.2 276.5 276.5 275.5 275.5 274.5 273.5 273.9 274.5 271.8 271.8 267.2 272.3 277.7 279.8 281.1 284.6 285.3 288.3 290.8 293.9 298.6 303.2 305.9
476.2 482.3 488.6 494.3 501.9 510.3 517.3 523.4 529.1 536.1 540.7 543.3 542.9 539.1 536.4 533.6 528 518.7 508.8 497 484.4 468.6 452.6 436.8 424.6 410.8 395 381.5 370.3 359.7 356.4 356.8 359.5 362.7 363.1 362.4 360.9 357 354 349.6 346 342.2 338.6 334.3 329.9 325 321.2 317.6 313.9 308.4 302 297.8 292.1 287.1 283.1 280.3 279.6 279.1 278.3 277.7 276.8 276.2 276.2 275.3 274.1 272.2 270.5 276.4 281.9 284 283.2 284 286.8 291.1 294.2 299.4 305.2 307.6
481.8 486.5 492.3 498.3 505.9 515 522.6 530 537.4 543.7 547.5 548.5 547.1 542.2 540.5 536.1 529.8 519.8 508.7 496.5 481.4 465.6 450.3 435.9 422.7 407.2 390 375 366.1 363.7 361.8 363.5 366.2 367.2 367.5 366.2 363.4 358.3 355 350 346 341.8 337.7 333.3 329 324.4 321.6 318.2 314.1 308.5 302.6 298.5 294.6 289.6 285.3 283.2 281.8 281.3 280.7 279.9 279 278 277.5 276.6 275.5 273.7 267.9 271.6 277 280.9 283.6 283.7 285 291.4 295.7 300.6 306.2 310.5
487.8 492.5 497.1 502.8 511.2 520.1 528.6 536.8 545 550 552.6 552.6 550.6 546.3 543 538 530.1 519.1 507.1 492.7 477.2 460.9 444.8 430.1 413.4 396.1 379.4 373.6 369.6 369.8 366.6 371.2 371.8 371.2 371.5 368.6 364.5 359.5 354.5 349.7 345.1 341 336.8 332.4 328 324 321.5 318.8 314 308.3 303.6 299.9 296.2 291 288.9 286.2 284.2 283.5 282.7 281.6 280.4 278.7 278.1 277.9 277 275.7 273.7 271.1 275.5 279.8 283.1 285.4 286.4 290.5 294.6 300.3 306.5 311.9
495.9 499.7 504.2 511.6 519.3 527.5 536.2 544.7 552.3 557.2 559.4 557.5 554 549.1 542.9 536.9 527.9 516.3 502.9 487.7 471.3 456.1 440 420.5 403.2 387.3 383.3 378.4 377.5 375.7 372.1 376.6 378.4 376 374.3 370.7 365.2 360 354.5 350 344.8 341 336 331.6 327.1 323.7 320.9 318 313.7 309.7 305.5 302.3 296.9 295.4 292.5 289.6 287.1 285.5 284.2 282.6 281.1 279.7 279.3 279.5 279.1 277.4 275.4 271.7 275.3 278.5 281.8 283.9 286.2 289.7 293.9 298.9 306 313
505.5 509.1 513.7 521.8 530.1 537.5 544.9 552.9 560 564.1 566.4 563.6 558.6 550.4 543.4 534.9 523.6 512.1 497.9 481.8 466.4 451.4 434.4 410.8 397.6 393.9 389.9 386.8 384.3 380.9 378.3 380.8 382.9 380.9 377.1 372.4 367.1 361.8 355.5 350.3 344.6 340.1 335.9 331.4 327.3 323.5 320.7 318.2 314.8 310.9 307 304.3 301.9 298.3 295.8 292.9 290 288.1 286.3 285.1 283.1 281.7 280.8 280.4 280 278.6 276.5 276 274.3 277.1 280.2 283.1 285.9 288.7 292.4 297.4 304.3 310.9
514.9 519.6 527.7 535 542.3 549.1 554.9 560.6 567.8 571.6 572.3 568.5 562 553.1 544 533 519.2 506 492 477.4 462.4 445.6 424.4 407.6 408.1 402.7 398 394.8 391.8 387.4 382.6 384.9 386.8 385.4 381.6 375.6 368.7 363.3 358.8 351.5 345.5 340.4 336.2 332 328 324.6 321.3 318.7 315.6 311.5 309.7 306.9 303.6 300.6 298.2 296 293.8 291.8 289.9 287.8 285.9 283.9 283 282.5 281.9 280.8 278.5 277.9 277.3 278.1 279.5 284.5 288.2 288 290.7 295.8 301.7 307.9
526.1 534.2 542.4 548.9 554.8 561.5 566.3 571 575.1 578.5 576.9 572.2 565 555.7 543 527.6 512.9 499.7 485.1 469.7 452.4 427.5 418.9 420.3 418 411.5 406.3 402.8 399.1 393.9 388.4 390.5 391.6 389.7 385.1 379.3 372.1 364.8 357.8 352.7 346.7 341.6 337.5 333.3 329.4 326 322.6 319.5 317.2 315.3 312.3 309.5 306 303.6 302 300.1 298 295.7 293.3 291.1 289.3 287.4 286 285.1 284.6 283.2 281.5 279.8 279.3 281.1 283.2 283 286.4 288.2 290.6 293.7 299.8 305.8
538.3 548.5 557.1 563.8 569.1 573.5 577.6 581.2 583.6 584.6 581.7 575.7 568.1 556.9 540.4 524.9 509.9 494.3 477.3 469.6 458.1 444.1 437.5 434.4 427.6 419.4 414.7 411.1 406 400 394.3 397.4 395.7 392.2 386.7 381.2 374 366.8 358.6 353.9 348 343 338.9 334.9 331.3 327.9 324.6 321.7 320 318 314.7 311.9 309.7 307.8 306.1 303.8 301.1 299 296.6 294.3 292.5 290.7 288.8 287.2 286.7 285.1 283.5 282.1 281.1 283.5 285.3 285.4 285.9 288.4 292.7 293.8 296.3 302.5
552.2 562.9 571.4 577.8 581.9 585.8 589.1 590.9 592.8 591.5 585.9 579.1 570.1 557.2 540.5 524.4 507.2 497.1 489.2 477.7 465.8 454.4 453.5 446.7 436.4 428.8 423.6 420.1 413.3 406.8 401.6 404.5 402 395.8 388.7 383.4 375.8 367.2 360.7 354.9 349.4 344.4 340.4 336.8 333.2 329.8 326.7 324.2 322.4 320.6 317.9 315.4 313.6 312 309.9 307.3 304.5 301.6 299.4 297.4 295.5 293.5 291.3 289.4 288.2 287.7 286.3 284.1 284.3 286.7 287.1 287.7 288.1 288.4 291.7 294.1 295.6 299.3
566.6 577.3 585.2 591.2 595.1 599.1 600.2 601.3 600.4 597.1 590.6 582.4 571.5 556.8 539.6 525.9 520.6 510.3 499.4 487.1 476.4 473.3 466.7 458.3 448.4 441 433.9 427.9 421.2 413.7 411.8 411.7 408 401.7 393.6 386.3 380.4 371.7 363.9 357.5 351.6 346.6 343.2 339.4 335.7 331.9 329.1 327.1 325.6 323.4 321 318.4 316.9 315.4 313.2 310.8 308.2 305.2 302.3 300 298.3 296.2 293.9 292 291.2 290.6 289.3 287.8 287.1 288.7 289.3 289.8 290.5 291.9 293.5 295.3 295.3 297.2
580.8 590.9 598.5 604.1 608.8 612.1 612.9 612.5 608.1 602.9 595.1 585.9 571.8 557.3 548 541.3 533 520.6 509.7 496.7 494.6 488.3 480.4 471.9 461.9 450.6 442.4 436.2 429 418 421.2 420.1 414.5 406.9 398.4 390.6 383.4 376.8 367 360.4 354.2 349.6 346 342.4 338.3 334.6 331.9 329.7 328.5 326.3 323.9 321.5 320 318 315.6 313.9 311.7 308.9 306.2 303.4 301.2 299.6 297.1 295.6 295.1 293.8 292.7 289.9 290.3 291.3 291.6 292.6 294 295.4 297.2 297.5 298.7 299.3
593.8 602.7 610 616.3 621.5 624.6 625.6 621.9 615.7 608.5 599.2 587.1 575.8 568.4 562.1 554.5 545.4 533.3 521.7 515.5 509.1 501.9 493.4 484.5 473 461.3 450.8 443.2 435.8 429.9 432.2 428.2 421.6 412.9 403.5 394.8 386.3 379.8 371.8 364.5 358.7 353.1 349.1 345.2 341.5 337.9 334.7 332.4 331.5 329.2 327 325 322.3 320.3 318 316.3 314.6 316 311.6 309.7 308 304.6 301.7 300.6 299 297.4 295.7 294.4 295.7 294.7 295.1 297.1 297.8 299.2 299.4 299.7 300.8 301.9
604.9 613.8 621.2 628.1 633.5 636.4 635.7 630.3 623.1 614.1 601.9 595.7 589.9 583.4 577.8 569.9 559.1 544.9 539.8 532 524.8 515.2 505.1 494.8 482.3 469 459 450.1 441.8 440.3 441.6 436.3 429.1 419.1 409.3 400.7 388.8 382.4 375.6 368.5 363 357.3 352.9 349.4 345.8 341.2 337.8 335.1 335.1 333.4 331.3 329.4 326 322.6 320.6 319.5 318.7 318.8 317.1 315.6 315.2 312.5 308.1 305.8 304 301.8 299.9 298 298.9 298.6 299.2 301 302.1 302.7 302.7 302 302.1 303.1
614.6 623.8 632.3 639.2 645.4 648.2 645 638.9 631.2 623.5 614.3 608 604 600 594.1 583.8 569 566.4 558.6 549.8 539 527.7 516.8 504.4 490.8 477.4 465.8 454.5 447.3 451.7 451.7 445.9 437.3 427 415.2 404.9 393.9 386.8 380.3 373.6 368.5 363 358.2 354.6 349.4 344.7 339.8 340.1 338.4 337 335.8 334.4 332.4 329.1 325.2 322.6 320.5 319.5 317.8 317.4 318.6 320.3 317.3 314.4 311 308.8 305.9 301.9 301.9 302.2 303.9 305.8 307 306.4 305.8 305 304.3 304.3
624.1 633.5 642.7 650.3 656.8 658 653.6 647.1 639.3 631.6 626.6 622 619.4 613.7 606.8 595.1 587.9 582.9 575.6 564.6 551.9 539.7 526.3 512.6 499 485.6 470.7 458.8 461 464.7 463.5 455.5 446.3 435 423.4 412.6 401.6 393.7 386.7 381.4 375.2 369.4 365 359 353.2 347.7 342.4 344.1 341.7 341.1 340.2 338.6 337 333 328.6 325.2 322 320.7 319.9 318.8 320.4 321.2 321.4 320.2 316.9 314.9 309.6 307.4 306.3 306.8 308.5 310.7 310.5 309.1 308.5 308.2 306.6 305
633.5 643.6 652.8 660.8 665.6 666.1 662.1 655 647.9 642.1 638.6 635.1 631 625.6 617.7 607 604.6 599.6 595.4 581.3 566.8 551.5 535.9 520 506 489.5 469.5 468.9 474.5 477.8 473.8 465.8 456.1 444.5 431.6 421.2 411.9 402.3 396.3 391.1 382.8 375.6 370.6 363.9 356.1 348.7 346.7 347.5 345.8 345.4 344.6 342.9 341 338.9 337.5 335.3 331.3 327.6 324.5 324.4 322.7 324.2 325 325.8 324.6 320.1 314.5 312.2 310.9 311.5 313.2 314.9 313.9 310.5 310.1 310.4 308.7 307.6
644 653.9 662.4 670.3 674.6 673.9 668.7 662 656.4 654.3 651.2 647 641.5 635.6 627.5 625 622.6 618.7 619 596.9 579.7 561.9 544.4 527.9 510.7 492.1 478.4 482.9 486.6 489.6 484.7 476.7 466.4 453.7 441.3 431.9 421.8 413.8 405.7 397.3 389 381.7 375.4 367.5 358.2 351.6 350.3 350.4 351.9 350.9 350.5 349.5 348.6 348.4 346.3 345.1 341.2 336 334.1 330.1 328.9 328.2 328.6 327.9 328.2 326.4 322.1 319.7 317.6 316.2 316.9 317.5 316.5 313.2 311.5 311.8 311.5 311.1
654.3 663.5 672 679.6 683 680.3 676 670.3 667.4 666.4 663 659.2 653.6 646.3 638.1 640 641.5 645 649.1 611.7 591.2 571.9 552.9 533.7 513 492.1 497.1 497.9 501.5 502.8 497.6 488.5 477.8 465.3 453.9 442.8 431.9 423.1 414.4 405.3 396.2 386.7 378.9 369.1 359.1 357.5 356.2 356.7 358.8 356.7 354.7 351.8 350 346.1 342.9 342.5 340.8 338.8 336.8 334.3 333.1 330.8 329.7 329 328.1 324.9 326.7 326.8 324.8 322.3 320.6 320.7 318.9 315.1 312.6 313.2 313.6 314.5
664.1 672.2 680.6 687.1 689.7 686.1 682.3 679.8 678.2 679.4 674.9 671.2 665.4 659 651.8 655.8 661.3 671 678.1 625.9 602.5 581.5 560.6 539.3 518.6 510.7 515.3 516.2 520 518.5 511 500.6 489.5 478.8 467.1 452.9 442.5 433.2 423.7 413.9 403.6 391.8 380 371.4 365.5 365.8 365.6 364.6 362.4 360 357.7 355.4 352.7 349.4 344.9 343.6 342.1 340.7 339.1 337.4 335 332.6 331.6 330.2 329.2 327.9 328.5 328.6 328.5 327.3 325.5 324.3 322 318.4 315.2 315.2 315.4 317.9
672.5 679.3 686.1 691.6 693.6 684.2 686.6 689.3 689.2 690.4 687.2 683.1 676.9 671 665.3 672 678.6 688.7 693.2 638.1 613.2 591.5 569.4 547 524.5 530.7 536.1 539 541.9 535.6 525.5 513.5 502.9 491.9 480.3 467 456.9 445.9 434.5 422 409.5 394.7 387.9 379.4 374.7 374.1 372.3 370.4 368.1 366.4 364.3 362.1 359.4 356.9 353.9 349.7 345.8 343.5 341.5 339.9 337.6 335.4 333.7 332.1 330.5 329.4 329.5 329.6 330.2 331.2 329.9 328.3 325.7 321.2 319.1 317.7 317.7 319.6
