STL Generation/terr50_gagg_gb/data/NK14.asc
ncols 200
nrows 200
xllcorner 410000
yllcorner 840000
cellsize 50
[rows 114 to 151 of 200, columns 0 to 84 of 200]
58.9 57.2 56 54.8 53.9 52.9 52 51.4 51.1 50.3 49.3 48.1 46.9 46.1 45.1 43.8 42.3 40.3 39.7 33.4 32.2 32.9 34.2 36.6 35.5 31.9 28.1 27.6 28.4 28.1 28.3 28.1 28 27.5 28 27.2 28.3 28.5 24.6 25.4 24.6 23.3 23.7 23.2 25.2 25.8 26.5 26.8 27.8 25.9 25.9 25.6 19.5 17.8 17.9 16.3 12.5 11.4 10.1 7.5 1.2 0.5 -1.7 -1.7 -1.7 -1.7 -1.7 -1.7 -1.7 -1.7 -1.7 -1.7 -1.7 -1.7 -1.7 -1.7 -1.7 -1.7 -1.7 -1.7 -1.7 -1.7 -1.7 -1.7 -1.7
58.6 56.8 55.3 54.1 53.2 52.2 51.2 50.5 50 49.7 48.7 47.7 47 46.2 45.7 44.3 42.9 42 41.3 42 33.6 32.4 31.2 31.2 31.3 28.9 28.6 29.3 34.1 32.9 31.4 30.8 29.3 29.4 29.5 29.6 29 29.2 24 22.8 23.3 24.3 23.5 23 19.7 19.9 19.2 18.9 21 19.2 21.5 21.9 18 15.7 17.7 15.5 7.2 7.9 1.4 0.1 -1.7 -1.7 -1.7 -1.7 -1.7 -1.7 -1.7 -1.7 -1.7 -1.7 -1.7 -1.7 -1.7 -1.7 -1.7 -1.7 -1.7 -1.7 -1.7 -1.7 -1.7 -1.7 -1.7 -1.7 -1.7
58.5 56.7 54.8 53.5 52.5 51.4 50.4 49.6 49.5 48.9 48.1 47.1 46.2 45.7 46.1 44.8 44 44 43.3 42 36.6 33 30.9 29.9 31.1 31.9 30.3 34.1 35.5 35.6 34.7 33.2 32.6 32.1 31.4 30.7 28.7 28.2 27.7 24.7 21.4 22.8 24.9 19 19.2 19.4 18.8 16.9 16.6 15.6 19.2 16.9 20.5 14.9 8.1 7.4 4.2 0.9 -0.1 -1.7 -1.7 -1.7 -1.7 -1.7 -1.7 -1.7 -1.7 -1.7 -1.7 -1.7 -1.7 -1.7 -1.7 -1.7 -1.7 -1.7 -1.7 -1.7 -1.7 -1.7 -1.7 -1.7 -1.7 -1.7 -1.7
58.1 56.1 54.3 53.1 51.8 50.6 49.6 48.7 48.6 48.6 47.3 46.3 45.6 45.4 45.5 44.7 44.5 44.2 43.8 41.6 37.9 32.4 30.8 30 29.3 32.5 33.8 35.6 36.8 33.7 34.5 34 34.4 32.7 32.1 31.6 29.9 28.6 27.6 26.3 23.7 23.1 19.3 18.5 18.6 18.8 18.6 16.8 16.6 16.3 16.4 10.1 7.6 8.2 7.1 1.2 0.1 -1.7 -1.7 -1.7 -1.7 -1.7 -1.7 -1.7 -1.7 -1.7 -1.7 -1.7 -1.7 -1.7 -1.7 -1.7 -1.7 -1.7 -1.7 -1.7 -1.7 -1.7 -1.7 -1.7 -1.7 -1.7 -1.7 -1.7 -1.7
57.2 56.6 55.4 52.9 51.5 50.2 48.9 48.1 48 48.1 46.6 45.2 44.2 44.5 44.9 44.4 43.6 44.1 43.9 41 36.8 33.3 34.9 34.9 34.6 33.8 33.8 34.5 37.1 38.2 38.8 38.5 35 34.8 33.8 31.4 29.1 28.4 26.5 25.5 23.3 19 18.5 18.2 18.3 18.2 19.3 18.4 15.7 18.2 17.8 3 7.9 1.2 0.4 -0.1 -1.7 -1.7 -1.7 -1.7 -1.7 -1.7 -1.7 -1.7 -1.7 -1.7 -1.7 -1.7 -1.7 -1.7 -1.7 -1.7 -1.7 -1.7 -1.7 -1.7 -1.7 -1.7 -1.7 -1.7 -1.7 -1.7 -1.7 -1.7 -1.7
57.5 57.2 55.7 53.2 51.1 50 48.8 47.7 47.5 47.4 45.5 43.6 41.4 43.2 44.5 43.9 42.4 42.9 43.1 40.6 36.9 34.5 36.4 35.2 35.3 35 34.6 35.6 36.6 37.3 37.3 37.7 34.9 34.7 34 31.9 30.8 27.3 26.4 24.3 22.6 21.3 19.6 19.3 18.6 18.5 20.5 21.9 21.2 12.6 1.6 0.7 -1.7 -1.7 -1.7 -1.7 -1.7 -1.7 -1.7 -1.7 -1.7 -1.7 -1.7 -1.7 -1.7 -1.7 -1.7 -1.7 -1.7 -1.7 -1.7 -1.7 -1.7 -1.7 -1.7 -1.7 -1.7 -1.7 -1.7 -1.7 -1.7 -1.7 -1.7 -1.7 -1.7
57.6 56.4 54.1 51.9 50.2 48.9 47.8 46.6 45.5 44.2 41.6 40.8 39.4 42 41.3 41.7 41.2 38.9 39.7 38.4 35.4 33.9 33.8 32.1 35.2 35.1 36.4 36.7 37.3 38.2 40.4 40.5 35 34.7 33.4 31.4 29.2 27.7 26.9 23.4 20.8 19.7 20.1 24.2 20.1 21.2 20.9 8.7 2.2 0.8 -0.3 -1.7 -1.7 -1.7 -1.7 -1.7 -1.7 -1.7 -1.7 -1.7 -1.7 -1.7 -1.7 -1.7 -1.7 -1.7 -1.7 -1.7 -1.7 -1.7 -1.7 -1.7 -1.7 -1.7 -1.7 -1.7 -1.7 -1.7 -1.7 -1.7 -1.7 -1.7 -1.7 -1.7 -1.7
57.2 55.8 52.6 50.6 49.3 48.2 47 44.3 41.9 40 39.8 38.6 37.5 37.2 36.7 36.6 36.3 35.3 34.5 34.1 34 33.7 33.6 33.6 36.1 36.1 36.9 36.8 38.2 39.7 39.6 40.5 35.7 34.6 33 32.2 30.5 23.8 26.4 24.4 28.2 21.6 20.1 21 21.4 16.2 5.6 1 -1.7 -1.7 -1.7 -1.7 -1.7 -1.7 -1.7 -1.7 -1.7 -1.7 -1.7 -1.7 -1.7 -1.7 -1.7 -1.7 -1.7 -1.7 -1.7 -1.7 -1.7 -1.7 -1.7 -1.7 -1.7 -1.7 -1.7 -1.7 -1.7 -1.7 -1.7 -1.7 -1.7 -1.7 -1.7 -1.7 -1.7
56.6 55.1 52.3 50.4 48.1 47.3 45 41.4 41.8 42.9 42.9 41 38.9 37.9 37.6 37.7 37.3 36.5 36.2 34.5 35.2 38 38.6 36.2 35.3 37.8 39.5 38.4 39.2 39.8 38.9 38.2 37.4 36.9 33.8 32.8 30.3 30.7 31.5 27.4 26.9 27.3 26.5 26.1 14.8 5.9 4.4 0.1 -1.7 -1.7 -1.7 -1.7 -1.7 -1.7 -1.7 -1.7 -1.7 -1.7 -1.7 -1.7 -1.7 -1.7 -1.7 -1.7 -1.7 -1.7 -1.7 -1.7 -1.7 -1.7 -1.7 -1.7 -1.7 -1.7 -1.7 -1.7 -1.7 -1.7 -1.7 -1.7 -1.7 -1.7 -1.7 -1.7 -1.7
55.6 54.5 51.9 49.5 47.1 46.1 42.3 43.5 44.1 44.6 44.7 43.3 41.4 39.8 39.3 39.7 39.2 38.3 37.6 35.8 37.9 42.3 42.8 41.1 35.5 37.6 39.5 39.7 39.9 40.1 39.8 38.2 37.5 37 35 33.8 34.2 32.6 31.6 28.3 28.5 28 26.7 25.3 12.7 6.2 1.6 -0.1 -1.7 -1.7 -1.7 -1.7 -1.7 -1.7 -1.7 -1.7 -1.7 -1.7 -1.7 -1.7 -1.7 -1.7 -1.7 -1.7 -1.7 -1.7 -1.7 -1.7 -1.7 -1.7 -1.7 -1.7 -1.7 -1.7 -1.7 -1.7 -1.7 -1.7 -1.7 -1.7 -1.7 -1.7 -1.7 -1.7 -1.7
53.5 52.4 50.2 48.1 47.2 45.4 44.9 46.3 46.3 46.4 46.1 45.2 44.2 42.8 41.6 41 40.6 40.1 39.7 39.4 38.2 41.6 42.2 40.7 36.5 41.7 40.8 41.5 41.5 40.5 40 40.1 38.3 36.6 32.3 34.4 34.2 32.2 31.1 28.8 28.7 27.9 26.9 25.4 13.3 6.3 1.5 -0.3 -1.7 -1.7 -1.7 -1.7 -1.7 -1.7 -1.7 -1.7 -1.7 -1.7 -1.7 -1.7 -1.7 -1.7 -1.7 -1.7 -1.7 -1.7 -1.7 -1.7 -1.7 -1.7 -1.7 -1.7 -1.7 -1.7 -1.7 -1.7 -1.7 -1.7 -1.7 -1.7 -1.7 -1.7 -1.7 -1.7 -1.7
53 51.5 50.6 50 49.1 46.6 46.5 49 49.2 49.2 48.6 47.7 46.2 45.6 44.3 43.3 42.9 42.2 42.3 42.9 40.9 40.9 41.6 40.2 39.6 40.9 41.8 42.7 42.9 41.3 40.7 41 40.3 38.1 36.1 33.7 34.1 33.4 31.2 29.5 28.8 27.8 27 25.2 13.8 5.7 1.6 -0.2 -1.7 -1.7 -1.7 -1.7 -1.7 -1.7 -1.7 -1.7 -1.7 -1.7 -1.7 -1.7 -1.7 -1.7 -1.7 -1.7 -1.7 -1.7 -1.7 -1.7 -1.7 -1.7 -1.7 -1.7 -1.7 -1.7 -1.7 -1.7 -1.7 -1.7 -1.7 -1.7 -1.7 -1.7 -1.7 -1.7 -1.7
54.2 54.1 52.8 51.8 50.7 48 47.5 50.7 51 52.1 50.8 49.4 47.8 46.4 45.3 44.9 44.8 44.7 44.7 44.3 43.3 42.3 41.4 40.7 41.1 41.4 42.5 43.4 43.4 43.1 42.9 41.5 41.2 39.9 36.3 34 35 34.1 31.6 30.1 29.6 28.5 27.5 25.7 15.4 6.1 2.5 0.3 -1.7 -1.7 -1.7 -1.7 -1.7 -1.7 -1.7 -1.7 -1.7 -1.7 -1.7 -1.7 -1.7 -1.7 -1.7 -1.7 -1.7 -1.7 -1.7 -1.7 -1.7 -1.7 -1.7 -1.7 -1.7 -1.7 -1.7 -1.7 -1.7 -1.7 -1.7 -1.7 -1.7 -1.7 -1.7 -1.7 -1.7
55.4 55.6 55 53.9 52.1 49.4 47.1 51.9 54.2 55 52.7 51 48.7 46.4 45.4 45.7 46.1 46.5 46.4 46.2 45.1 43.9 42.7 40.9 41.6 41.7 42.5 43.2 43.9 43.8 43.8 43.1 42.3 38.5 36.6 36.6 36.1 34.8 32.9 31.1 30.2 29.2 28.2 26.1 23.8 8.4 5.3 1 -1.7 -1.7 -1.7 -1.7 -1.7 -1.7 -1.7 -1.7 -1.7 -1.7 -1.7 -1.7 -1.7 -1.7 -1.7 -1.7 -1.7 -1.7 -1.7 -1.7 -1.7 -1.7 -1.7 -1.7 -1.7 -1.7 -1.7 -1.7 -1.7 -1.7 -1.7 -1.7 -1.7 -1.7 -1.7 -1.7 -1.7
57 57 56.3 55.4 54 51.4 48.6 52.1 55.4 56.3 54.2 51.7 49.3 47.7 47.5 47.3 47.7 47.6 47.4 47.5 47.2 46.1 43.4 41.5 42 42.1 42.1 43.1 44.1 44.4 44.6 46.2 44.8 41.5 39.4 38.6 36.9 35.7 33.9 32.1 31 29.8 28.6 27.2 26 22.5 13.1 3.8 0.3 -0.7 -1.7 -1.7 -1.7 -1.7 -1.7 -1.7 -1.7 -1.7 -1.7 -1.7 -1.7 -1.7 -1.7 -1.7 -1.7 -1.7 -1.7 -1.7 -1.7 -1.7 -1.7 -1.7 -1.7 -1.7 -1.7 -1.7 -1.7 -1.7 -1.7 -1.7 -1.7 -1.7 -1.7 -1.7 -1.7
58.5 57.7 56.9 56.6 55.7 53.5 50.5 52.3 55.3 55.1 53.3 52.7 50.9 49.7 49.2 48.8 48.2 47.8 47.6 47.7 47.3 45.4 42 41.7 44.1 42.7 42.5 43.9 44.9 45.1 45.7 47.5 46.2 43.7 41.5 39.8 38.1 36.5 34.8 33 31.8 30.5 28.8 27.4 27.1 26.4 25.5 14.7 1.5 0.7 -0.1 -1.7 -1.7 -1.7 -1.7 -1.7 -1.7 -1.7 -1.7 -1.7 -1.7 -1.7 -1.7 -1.7 -1.7 -1.7 -1.7 -1.7 -1.7 -1.7 -1.7 -1.7 -1.7 -1.7 -1.7 -1.7 -1.7 -1.7 -1.7 -1.7 -1.7 -1.7 -1.7 -1.7 -1.7
59.1 58.5 57.5 57.1 56.8 54.4 51.7 51.7 55.2 54.8 53.4 53.5 52.8 51.6 51 49.5 48.5 47.8 47.6 47.7 47.7 44.8 42.1 42 46.2 45.7 42.5 42.8 42.9 45.2 45.7 47.2 47.2 44.5 42.1 40.3 38.9 36.9 35.3 33.9 33 31.7 31.2 29.7 28.1 28 25.7 24.3 22.5 13.2 3.2 1.1 -1.7 -1.7 -1.7 -1.7 -1.7 -1.7 -1.7 -1.7 -1.7 -1.7 -1.7 -1.7 -1.7 -1.7 -1.7 -1.7 -1.7 -1.7 -1.7 -1.7 -1.7 -1.7 -1.7 -1.7 -1.7 -1.7 -1.7 -1.7 -1.7 -1.7 -1.7 -1.7 -1.7
60.2 59.3 58.4 57.7 57 55.4 53 50.9 54 55.1 54.3 53.4 53.8 53.3 51.9 50.1 49.1 48.1 47.5 47.8 49.4 44.2 41.6 42.7 48.6 48.7 45.9 43.2 43.3 43.6 48.8 48.2 48.3 46.7 44.7 42.2 39.7 37.5 36.5 35.2 34.3 33.8 35.3 35.2 33.5 29.4 27.9 26 26.8 27.1 25.3 17.9 3.7 0.3 -1.7 -1.7 -1.7 -1.7 -1.7 -1.7 -1.7 -1.7 -1.7 -1.7 -1.7 -1.7 -1.7 -1.7 -1.7 -1.7 -1.7 -1.7 -1.7 -1.7 -1.7 -1.7 -1.7 -1.7 -1.7 -1.7 -1.7 -1.7 -1.7 -1.7 -1.7
61.6 60.7 59.8 59.1 58.1 56.2 53.9 51.1 53 55.4 55.8 55.2 55.3 54.4 52.7 51.2 50.2 49.2 48.7 48.4 49.4 47 44.7 44.8 49 49.3 47.6 46.7 47.4 50.3 50.1 48.9 49.3 48.1 45.7 43.5 41.2 38.7 37.9 36.1 35.1 35.4 36.8 38.7 36.8 30.3 28.7 27.5 31.3 26.6 17.5 23.3 22.5 3.6 1.2 0.8 0.7 1.3 -1.7 -1.7 -1.7 -1.7 -1.7 -1.7 -1.7 -1.7 -1.7 -1.7 -1.7 -1.7 -1.7 -1.7 -1.7 -1.7 -1.7 -1.7 -1.7 -1.7 -1.7 -1.7 -1.7 -1.7 -1.7 -1.7 -1.7
63 62.1 61.3 60.4 58.7 56.9 54.4 51.8 53.6 55.1 57.5 56.9 56.4 54.6 53.8 52.8 51.8 51.3 50.4 50.4 50.5 49.6 48.2 46.6 45.9 46.7 47.3 46.9 48.2 51.3 51.4 51 50.4 49.6 47.6 45.3 43 41.7 40 38 36.6 36.8 38.7 42.2 39.5 31.2 29.5 27.3 26.5 16.2 9.9 12.2 18.2 20.7 17.8 8.6 5.8 4 0.9 -1.7 -1.7 -1.7 -1.7 -1.7 -1.7 -1.7 -1.7 -1.7 -1.7 -1.7 -1.7 -1.7 -1.7 -1.7 -1.7 -1.7 -1.7 -1.7 -1.7 -1.7 -1.7 -1.7 -1.7 -1.7 -1.7
64 63.1 62.1 61.6 60 57.4 53.6 52.9 55 56.1 58.3 60 58.7 57.1 56.1 54.7 54.5 54.3 53.9 51.5 51.7 50.7 49.4 47.6 46.8 47.8 49.4 49.5 51.2 52 52.6 52.5 51.5 50.4 49.2 47.4 45.5 43.6 41 40.1 39 38.1 36.6 43.5 44.2 37.6 29.5 27 19 12.7 11 10.9 22.8 21.2 10.5 9.6 12.3 9.7 2.2 -1.7 -1.7 -1.7 -1.7 -1.7 -1.7 -1.7 -1.7 -1.7 -1.7 -1.7 -1.7 -1.7 -1.7 -1.7 -1.7 -1.7 -1.7 -1.7 -1.7 -1.7 -1.7 -1.7 -1.7 -1.7 -1.7
64 62.7 61 59.9 58.3 55.2 52.5 55.5 57.3 58.2 60.2 61.6 59.9 60.2 59.6 58.7 58.2 59.6 56.4 54.3 51.5 50.9 50.5 48.8 47.4 48.7 50.6 52 53.3 52.9 53 53.3 52.1 51 49.9 47.9 46 45.2 43 41.7 40.5 39.2 38.7 40.7 45.1 45.1 40.5 29.3 19.9 12.9 12.8 18 20 20.3 10.4 9.3 9.2 14.5 2.3 -1.7 -1.7 -1.7 -1.7 -1.7 -1.7 -1.7 -1.7 -1.7 -1.7 -1.7 -1.7 -1.7 -1.7 -1.7 -1.7 -1.7 -1.7 -1.7 -1.7 -1.7 2.2 -1.7 -1.7 -1.7 -1.7
62.7 59.8 56.2 55.5 54.8 55.3 56.3 58.3 58.4 60.1 60.7 62.1 60.9 61.1 61.8 62.5 61.9 59.7 57.9 57 53.8 52.2 51.6 49.9 48.7 49.5 51.4 52.9 53.6 53.1 52.6 52.9 52.6 51.5 50.2 48.3 47.3 46.4 44.9 43.4 42 40.6 39.4 39.4 43.7 45.2 43.2 29.7 17.3 14.9 14.2 24.7 17.7 10.3 8.8 8.8 8.7 9.2 9.1 1.5 -1.7 -1.7 -1.7 -1.7 -1.7 -1.7 -1.7 -1.7 -1.7 -1.7 -1.7 -1.7 -1.7 -1.7 -1.7 -1.7 -1.7 -1.7 -1.7 -1.7 -1.7 -1.7 -1.7 -1.7 -1.7
59.4 57.6 56.2 57.5 58.2 57.9 59.1 60.4 60.5 61.1 61.3 62.4 63.2 61.4 63.8 63.7 63.4 60.8 58.5 58 55.2 53.7 52.2 50.8 50.7 51.1 52.2 53.3 53.8 53.4 52.7 52.5 52.3 51.3 50.3 49.4 48.5 47.7 46.4 44.9 43.4 42.4 41.2 39.7 42.4 44.9 43.3 28.1 17.7 16.7 16.6 13.8 9.5 9.3 8.3 8.1 8.3 8.6 8.9 5.6 1.1 -1.7 -1.7 -1.7 -1.7 -1.7 -1.7 -1.7 -1.7 -1.7 -1.7 -1.7 -1.7 -1.7 -1.7 -1.7 -1.7 -1.7 -1.7 -1.7 -1.7 -1.7 -1.7 -1.7 -1.7
58.7 59.2 59.5 60.1 60.1 60.1 61.4 62.5 61.9 61.1 61.8 62.5 63.6 63.5 64 64.5 64 63.9 63.7 60.5 56.8 60.8 52.8 52.2 52.4 52.5 52.7 52.7 53.9 53.6 53 52 52.1 51.3 50.3 49.2 48.4 47.5 47.2 46.5 44.5 43.5 42.1 40.5 39.7 45.1 43 33.3 24.2 18.8 20.6 15.3 13.4 8.4 8.3 8.3 8.3 8.3 8.8 8.8 4.3 0.8 -1.7 -1.7 -1.7 -1.7 -1.7 -1.7 -1.7 -1.7 -1.7 -1.7 -1.7 -1.7 -1.7 -1.7 -1.7 -1.7 -1.7 -1.7 -1.7 -1.7 -1.7 -1.7 -1.7
62.5 61.8 61.5 61 60.6 60.5 62.9 63.3 62.1 62.4 63 63.6 65 65.1 64.6 64.7 68.6 68.4 64.6 60.2 57.6 57.1 54.4 53.6 53.2 53.2 53.3 53.3 54.1 53.6 53.3 52.7 52 51.6 50.1 48.7 48.1 46.6 46.3 45.4 44.4 43.3 42.3 40.7 40 43.5 42 38.6 32.1 28.4 23.1 27 23.9 8.8 8.5 8.6 8.6 8.5 9 14.5 5.3 6 -1.7 -1.7 -1.7 -1.7 -1.7 -1.7 -1.7 -1.7 -1.7 -1.7 -1.7 -1.7 -1.7 -1.7 -1.7 -1.7 -1.7 -1.7 -1.7 -1.7 -1.7 -1.7 -1.7
63.2 63.4 63 62.6 61.8 61.7 63.7 65 65.4 66.3 67.2 66.5 66.4 66.3 64.7 64.5 64.5 64.6 65.1 60.2 58.1 57.3 55.7 55.9 55.3 54.6 54 54.2 54.2 53.7 53.4 52.4 50.9 51.8 49.9 47.7 46.9 45.6 44.8 44.2 45 43 42.3 40.9 40.1 41.1 40.6 36.7 32.5 28.7 28.7 26.8 26.6 15.5 9.1 8.8 8.7 8.7 9 9.1 5.6 6.2 -1.7 -1.7 -1.7 -1.7 -1.7 -1.7 -1.7 -1.7 -1.7 -1.7 -1.7 -1.7 -1.7 -1.7 -1.7 -1.7 -1.7 -1.7 -1.7 -1.7 -1.7 -1.7 -1.7
63.6 63.5 64 63.9 63.7 64.2 65.5 66.2 67.8 69.2 69.9 68.5 68 67.1 66.4 66.1 65.8 65.3 64.8 62.2 60.1 58.4 57.3 57.7 57.6 56.9 56.2 54.9 55.3 54.8 53.8 52 50.2 50.4 49.3 46.9 45.6 44.6 43.7 43.4 43.2 42.1 41.3 40.2 39.7 39.6 41.1 38.5 32.8 28.6 28.5 27.9 26.9 22.2 9.2 9 8.8 8.9 9.1 9.1 6.6 5.5 11.2 5.8 1.8 0.3 -1.7 -1.7 -1.7 -1.7 -1.7 -1.7 -1.7 -1.7 -1.7 -1.7 -1.7 -1.7 -1.7 -1.7 -1.7 -1.7 -1.7 -1.7 -1.7
62.7 63.1 63.7 64.3 65.2 66.3 66.5 67.3 68.6 69.6 69.9 69 68.7 67.8 66.9 66.4 66.1 66.2 65.1 64 61.1 59.4 59 59.3 59.7 59.2 58.4 56.1 56.2 55.2 53.7 51.9 50.3 49.8 48.6 46.4 45 44 43.1 42.6 41.8 40.7 40.1 39.6 38.6 38.6 41.9 41.8 33.6 28.7 28.8 28.4 27.3 19.2 9.8 9 13.2 15.5 21.7 21.7 16.2 10.5 6 9.9 4.1 3 0.7 -0.4 -1.7 -1.7 -1.7 -1.7 -1.7 -1.7 -1.7 -1.7 -1.7 -1.7 -1.7 -1.7 -1.7 -1.7 -1.7 -1.7 -1.7
62.7 62.6 63.4 63.7 64.5 65.5 66.4 67 68 69 70 69.8 68.8 67.6 66.8 66.7 66.7 66.7 65.7 64.6 62.2 60.5 60 60.1 60.4 59.9 59.4 57.3 56.6 55.8 54.2 52 50.8 49.3 48 46.2 44.6 43.5 43 41.8 40.6 39.7 39.6 38.8 37.3 36.3 38.7 40.9 36.9 34.4 29.5 29.6 28.1 16.7 21.4 26 25.8 25.3 24.7 24 29.2 22.7 14.1 13.8 5.1 4.9 4.3 1.2 -1.7 -1.7 -1.7 -1.7 -1.7 -1.7 -1.7 -1.7 -1.7 -1.7 -1.7 -1.7 -1.7 -1.7 -1.7 -1.7 -1.7
63.7 63.5 63.8 64.7 65.2 65.3 66.1 67.1 68.2 69.3 70 69.6 69.2 68.6 67.5 66.5 66.5 66.5 66.4 65.1 62.7 62.9 62.3 61.7 60.6 60.3 59.7 58.2 57.1 56.7 54.9 52.5 50.6 49.4 48 46.2 44.5 42.8 41.9 40.8 39.4 38.9 38.7 37.1 38 34.1 33.9 35.8 37.1 36.1 34.5 31.6 27.6 15.4 26.6 26.1 26.1 25.6 29.9 29.5 29.7 29.6 24.7 21.8 17.5 5.5 5 3.1 -1.7 0.6 0.2 -1.7 -1.7 -1.7 -1.7 -1.7 -1.7 -1.7 -1.7 -1.7 -1.7 -1.7 -1.7 -1.7 -1.7
65.4 65.1 65.5 65.9 66.2 66.1 66.4 67.5 68.6 69.7 69.5 69.2 68.9 68.9 68.5 67.3 66.3 66.3 66.2 65.1 63.7 65.3 64.7 63.9 61.4 60.7 60 59.2 57.8 57.3 55.6 53 50.4 49.4 48.2 46.6 44.6 42.8 41 39.3 37.6 35.1 35.3 36.1 38.8 35 30.4 30.9 33.6 33.2 31.6 28.9 18.9 28.3 27.6 26.6 26.6 30.2 29.8 29.4 29.4 29.2 28.4 23 18.7 14.2 6.9 -1.7 -1.7 -1.7 -1.7 -1.7 -1.7 2.2 -1.7 -1.7 -1.7 -1.7 -1.7 -1.7 -1.7 -1.7 -1.7 -1.7 -1.7
66.9 66.9 67.3 67.7 67.7 67.7 68 68.5 69 69.3 69.1 68.8 68.8 68.9 68.9 68.4 67.3 66.4 66.2 65.6 65 67.3 67.3 66.4 63.7 61.8 61.2 59.9 59.5 58.4 56.6 53.4 50.3 49.6 48.6 47 44.8 42.8 41.1 39.4 36.4 35.1 35.3 35.5 35.5 38.1 31.6 27.7 29.4 29.8 27.8 23.8 23.7 29.2 27.6 31.3 34.2 31.1 28.6 26.5 27.6 25.7 27.6 22.8 20.2 18.1 16 12 -1.7 -1.7 -1.7 -1.7 -1.7 -1.7 -1.7 -1.7 -1.7 -1.7 -1.7 -1.7 -1.7 -1.7 -1.7 -1.7 -1.7
68.4 68.6 68.8 69.8 69.6 69.4 69.8 70.4 70.4 70.1 69.9 69.6 69.4 69.1 69 68.8 68.5 67.5 67.4 68.2 66.9 67.9 68.7 67.5 65.7 64 62.9 61.4 60.8 60.1 56.8 53.3 50.2 49.2 47.3 47.5 45.3 43.9 43 40.8 36.9 35.2 35.4 35.3 34.7 36.2 30.7 28.5 27.1 27 27.9 34 37.3 36.6 37.3 38 33.6 25.8 24.9 26.8 26.7 25.8 25.3 24.5 21.8 17.9 14.8 12.5 5.8 3.7 -1.7 -1.7 -1.7 -1.7 -1.7 -1.7 -1.7 -1.7 -1.7 -1.7 -1.7 -1.7 -1.7 -1.7 -1.7
69.8 69.9 71.1 71.7 71.5 71.8 72 72.6 71.7 71.4 71 70.8 70.5 70.2 69.7 69.5 69.2 68.7 69.2 70.5 68.6 68.1 68.5 66.8 65.2 64.3 63.1 61.5 60.6 60.1 56.9 52.9 50.1 49.7 48.7 48.3 46.3 44.5 42.7 42.5 37.8 35.2 35.2 35.1 34.9 32.2 31.7 30.2 27.3 27.1 26.9 30.9 33.5 37.5 38.8 35.4 31 25 25.5 26.3 26.6 25.8 24.8 24.3 21.7 17.6 14.5 13.6 12.4 4.1 -1.7 -1.7 -1.7 -1.7 -1.7 -1.7 -1.7 -1.7 -1.7 -1.7 -1.7 -1.7 -1.7 -1.7 -1.7
71.4 72 73.3 73.6 74.4 74.9 74.8 73.9 72.9 72.5 72.1 71.9 71.6 71.2 70.5 70.2 69.8 71 70.9 70.6 68.8 68.3 68.8 67.2 65.3 64.8 63.2 62.1 60.8 59.7 57.9 54 50.2 50.4 50.4 49.3 47.8 45 42.6 43.3 42.7 35.4 35.3 35.7 36.9 33.9 32.9 31.8 29 27.5 27.2 27.2 27.7 31.8 36 33.3 26.3 25.5 25.1 24.9 25.1 26.9 25.4 23.3 20.5 17.9 15.8 13.9 11.3 1.6 -1.7 -1.7 -1.7 -1.7 -1.7 -1.7 -1.7 -1.7 -1.7 -1.7 -1.7 -1.7 -1.7 -1.7 -1.7
74.5 75 76.7 77.2 77.6 77.9 77.3 76 74.9 73.9 73.3 73 72.8 72.2 71.5 70.9 71.3 71.6 71.7 71.2 68.9 68.3 69.6 68.1 66.3 64.9 63.1 63.1 61.4 60.4 58.5 56.3 51.6 50.4 50.6 50 49.1 46.2 44 43.7 43.8 43 41.9 39.4 38.5 35.7 34.3 33 28.8 28 27.7 27.3 27.3 27.7 32 31.4 27.2 26.3 26 25.5 27 28.2 27.3 24.4 21.8 18.6 17.3 14.9 11.9 -1.7 -1.7 -1.7 -1.7 -1.7 -1.7 -1.7 -1.7 -1.7 -1.7 -1.7 -1.7 -1.7 -1.7 -1.7 -1.7
77.8 78.7 79.3 79.9 80.2 80.2 78.9 77.6 76.5 75.4 74.5 74.1 74.2 73.8 72.7 71.5 71.7 72 72.3 71.2 70.5 69.9 74 70.3 67.1 64.8 63.8 63.7 61.6 58.4 58.3 57.9 53.5 50.5 50.8 50.5 49.7 47.2 45.7 46.3 46.2 45.3 43.7 42.6 42.8 37.6 36 33.2 29.7 28.7 28.2 27.8 27.5 26.9 28.9 28.3 27.6 27.1 27 26.9 28 28.7 28 26.2 24 19.6 18 15.6 12.7 -1.7 -1.7 -1.7 -1.7 -1.7 -1.7 -1.7 -1.7 -1.7 -1.7 -1.7 -1.7 -1.7 -1.7 -1.7 -1.7
