STL Generation/terr50_gagg_gb/data/NM66.asc
ncols 200
nrows 200
xllcorner 160000
yllcorner 760000
cellsize 50
[rows 70 to 104 of 200, columns 0 to 78 of 200]
285.4 272.6 257.1 255.8 257.7 260.9 260.8 260.5 262.2 273.7 275.2 289.2 296.3 298.3 294.6 294.7 285.7 273.3 269.6 273.3 286 301.2 293.8 287.8 285.8 282.3 280.9 280.1 282 285.5 278.6 270.1 267.3 268.4 271.5 269.1 268.3 268.8 263.8 246.8 228.6 219 208.5 204.3 195.9 194.7 195.8 198.8 194.1 193 190.3 190.8 189.5 187 190.6 202.9 207.9 198.5 203.2 199.8 213.8 223.8 233.1 227.9 237 249.9 260.7 268 276.8 275.6 270.1 265.1 261.9 254.6 226.6 184.2 150 141.1 121.7
294.3 283.5 267.8 262 267.4 274.8 270.8 273.5 273.7 274 276.6 294.1 300.3 305.6 306.8 307.5 303.3 283.2 278.6 279.6 291.8 306.2 303.8 289.8 289.3 287.9 283.6 281.9 282.6 284.3 285.3 274.2 270.7 270.6 274 274.3 269.4 267.1 263 253.2 234.5 215.1 204.5 199.9 196.7 196.4 195.9 196.4 200.6 203.7 206.6 208 211.8 203.7 198.2 207.7 212.6 205.7 205.2 216.6 218.7 228.1 225.2 225.7 240.6 264.1 274.4 285.8 285.2 284.9 280.2 277 269.1 264 244.5 203.2 171.2 148.6 133.4
307.4 295 278.6 263.9 274.4 283.4 286.7 286.1 286.5 286.2 279 293.6 306.7 312.5 316.9 317 314.7 296.7 289.4 289.1 296.7 306.5 298.6 289.4 288.8 290.5 288.5 286.1 282.5 281 283.6 279.1 273.2 269.3 275.1 275.9 272.2 268.6 266 251.8 237.3 218 203.4 197.3 194.2 198 200.3 198 199.8 204.5 207.5 208.3 215.2 208 204 206.6 212.2 208.8 210.7 223.2 215.8 225.4 229.2 227.6 243.8 259.5 272.5 284.4 297 290.3 288.6 289 282.6 273.6 261 226.9 192.4 161 141.9
316.8 308.6 294 275.4 279 287.4 293.1 296.5 299.2 297.5 290.7 292.4 305.6 316.5 327.3 324 332.2 312.1 309.9 301.1 311.5 309.9 310.8 302.8 292.5 300.8 307.2 300.7 288.5 282.2 278.7 277.9 274.6 272.7 272.7 280.1 277 272.7 269.1 251.8 239.2 227.5 205.8 200.5 198.5 193.5 203.4 200.8 199.6 202.2 206.6 209 213.5 208.7 207.7 204.2 213 212.4 217.7 225.7 223 226.9 234.2 231 246.8 256 278.4 287.4 297.9 306.1 303.6 295.4 301.4 285 278.7 255 216.8 181 154.2
328 318.1 311.8 291.1 285.5 290.4 297.4 306.5 311.7 312.9 300.9 298.7 305.5 323.8 336.4 332.6 338.6 332.9 323.1 317.1 317.4 323.4 318.7 316.9 304.3 302.8 308.5 312.9 303.5 289.1 286.3 279.1 275.9 272.6 273.7 279.5 288.7 278.8 273.9 259.8 243.3 229.8 221.7 206.7 201.5 196.5 201.6 205.9 202.5 201.9 206.5 212.1 212.4 211 209.7 205.4 219.4 215.1 217.8 232.9 239.5 231.9 234.2 236.9 249.4 259 274.5 293.7 292.1 311.4 318.7 311.8 314.8 305.9 289.1 275.7 248.3 223.8 191.8
331.8 326.1 323.5 304.9 292.2 296.1 302.3 312.9 322.3 322.6 314 304.4 312.4 321.1 344.2 341.3 344.1 348.3 334.1 329.2 325.6 334.3 324.1 338 321.5 305.7 310.2 309.5 306.7 295.7 293.6 285.2 278.9 274.5 274.2 278.4 285.2 281.9 277.7 264.8 251.8 232.9 228.5 223.3 204.6 203.2 202.9 214.1 214.4 205.9 207.2 211 212.3 211.4 210.1 209.4 214.6 216.6 221.4 235.9 258.5 239.3 238.1 244 254.9 258.8 270.3 287.1 290.5 304.7 322.9 324.6 323 316.9 294.9 284.3 271 248.9 220.6
338.7 332 331.8 322.8 304.4 304.8 306.9 311.9 320.7 329 327.6 315.1 316 327.7 337.9 346.4 361.5 360.4 352.1 342.2 333.1 339.4 333.3 341.8 346 325.5 311.6 311.8 305.5 300.4 295.9 288.2 282.6 279.2 277.2 278.3 291.2 287.9 281.2 271.2 260.2 243.7 235 227.7 217.6 207.5 202.5 211.4 218.3 215.8 207.7 211 215 213.2 208.6 209.4 208.8 214.1 223.3 242.3 259.3 258.3 244.9 246.1 263.7 266.6 266 288.3 294.5 303.3 318.5 325 329.1 321.7 304.1 296.7 272.6 259.4 236
350.3 342.4 334.8 328.9 318.9 313.4 315.2 319.1 321.6 328.6 341 320.9 322.3 335.7 343.4 347.8 367.1 368.1 362.4 350.6 340.6 343.5 344.2 343.1 349.5 342.3 326.1 312.3 308.4 304.5 294.5 289.4 287.8 283.4 282.3 280.3 289.3 289 287.6 283.4 270.4 257.9 246.8 241 229 218.4 209.9 213.4 216 216.1 213 212.1 216.8 213 210.9 212.9 209.9 220.2 225 243.1 264.6 275.1 257 247.7 255.5 270.7 263 278.8 296.2 300.8 316 326.4 333.1 334.6 311.5 295.8 273.8 263.3 249.8
355.3 352.2 336.9 333.6 330 323.9 321.7 330 329.5 330.5 336.2 328.5 329.1 340.7 359.4 369.8 367 375 374.9 363.9 353.9 354.8 356.1 349.3 352.1 349.6 343 330.2 312.7 311 303.8 292.9 289.2 287.9 287.3 287.3 290 290.4 293.1 292.3 280.2 270.8 258.4 250 239.4 231 213.8 212.2 218.5 219 219 217.4 219.7 214 213.8 214 211.2 222.6 229.4 243.2 267.1 275.6 272.2 253 252.5 265.4 270.9 278.6 293.9 298.8 310.8 320.9 327.1 331 323.7 301.1 285.4 265 254.5
359.8 355.1 344.1 343 336.8 333.7 325.6 333 337.2 336.4 338.9 335.9 336.5 350.3 376.5 391 400.2 390.7 385.3 379.5 377.7 365 367.5 358.4 359.8 362 352.1 339.8 328.6 321 316.9 302.1 290.4 290.3 290.5 296.3 295.5 300.9 300.9 299.8 288.3 277.8 266.6 255 247.3 238.7 225.2 215.3 220.5 224.5 221.7 222.4 224.1 216.9 218 222.7 218.6 225.6 233.9 239.5 263.5 272.5 271.2 255.5 252.4 260.8 276.7 280.8 290.3 290.6 300.1 315.3 318.1 323.7 319.2 305.8 287.3 269.1 258.8
365.3 366.9 357.6 350.4 343.2 344.4 333.2 334.3 343 348 352.1 350.1 346.3 357.8 372.6 389.4 409 422 396 388.3 388.7 376.1 374.5 375 367 372.6 361 346.2 339.5 329.1 324.6 319.6 302.7 294.4 294.3 297.9 300.9 301.9 301.8 304.3 296.8 284.9 272.4 259.5 251.6 242.9 233.3 222.4 220.1 226.5 227.9 224.3 227 221.5 223.1 227.8 227.7 233.5 236 240.3 257.6 282.5 290.4 269.3 259.9 260.3 261.9 266.4 273 279.4 284.5 307.6 315.9 324.4 321.6 310.8 301 274.9 258.9
366.4 373.6 368.2 357.4 354.5 346.4 342.5 337.6 345.8 358 365.3 362.1 362.7 363.5 376.8 384.2 408.3 434 420.2 394.9 393.2 385.5 387.4 388.7 373.9 377.7 371.6 369.1 349.7 333.7 327.5 327.8 325.1 304.2 295.9 305.9 312.4 310.7 304.2 308.9 310.1 291.7 276.8 265.5 256.7 248.6 239.9 227.3 226.1 224.4 230.8 227.3 226.1 222.3 226.6 227.8 230.3 235.1 238.3 248.9 254.9 282.6 294.2 290.5 279.7 274.4 278.4 274.9 277.7 282.3 282.4 295.1 315.9 320 319.1 308.2 302.2 279.2 266.3
370.4 373.7 373.5 361.6 365.5 356.6 350.2 343.7 347.8 357.8 370.5 371.4 372.3 374.8 377.6 383.5 398.9 429.8 436.2 411.5 396.8 392.2 394.5 398.5 381.2 376.8 374.1 380.3 365.3 344.8 332.2 329.6 327.2 314.9 301.6 307.2 317.8 328.7 325.5 314.2 318.8 298.5 284.5 270.3 262.6 253.6 244.5 236.4 232.9 228.1 225.8 228.3 227 222.4 222.3 227.6 231.1 236.2 237.4 252.3 259.5 276.7 294.4 299.8 294.4 289.5 292.1 296.4 289.5 285.2 292.1 305.6 317.1 321.1 319 307 298.6 281.7 273.2
375.5 379.4 375 368.3 372 361.8 359 355.5 351.1 357.7 367.8 378.6 377.8 393.2 385.4 383.4 393.8 421.1 431.7 417.9 399.7 391.4 390.9 392.2 382.8 378.7 380.3 384.4 376.1 357.1 342.7 333.6 331.7 320.5 312.7 311.5 317.3 329.9 323.6 316.4 326.3 305.9 286.5 274.3 265.9 257.7 249.5 244 239.2 235.1 229.3 230.5 229.4 225.3 222 227.3 232.5 247.2 238.6 246.1 263.8 283.9 298.2 307.1 302.9 303.9 300.3 307.2 306.2 301.6 304.2 316.1 334.2 324.2 327.3 311 299.5 282.2 274.7
382.5 382.2 376.9 374 375.5 370.8 370.2 363.6 357.9 361.4 366.7 373.5 380 394.7 389.3 384.8 389.1 414.1 425 422.1 413.5 395.8 389.2 388.5 381.4 382.3 385.1 390.7 381.7 368.1 348.3 338.4 334 329.9 332.5 329 320.3 328 330.7 324.2 322.8 309.5 289.1 277.8 266.8 261.7 255.9 247.2 245.2 238.8 238.8 233.1 231.3 226.7 223.7 227.3 233.3 248.6 245.5 246.7 268.6 292.2 304 310.9 303.9 309.8 309.4 310.7 307.3 308.1 310.8 322.6 334.4 336.8 331.8 320.2 307.5 291.3 280.5
385.1 387.1 380.7 379.6 380.3 378 374.1 371.6 363.9 368.1 373.6 382 385.6 389.5 386.7 385.3 387.9 408.2 423.6 420.9 416.3 404.5 392.5 388.4 382.1 386.3 391.2 397 387.4 376.1 359.5 345.6 337.3 337.8 339.6 337.6 333.9 327.8 328.5 327.7 317.1 315.1 293.2 282.1 267.5 263.9 260.1 251.7 251.7 244 245.9 239.8 234.3 230.9 225 228.8 233.8 249.6 252.3 251.1 276.6 298.4 308.8 323 309.4 311.4 315.8 314.2 310 307.3 307.3 317.5 320.3 335.2 332.2 326.5 312.8 295 282.8
380.3 385.8 380.9 387.7 383.3 384.5 380.1 381.9 372.2 369.7 380.2 390.8 399 400.2 394.4 387.9 391.5 411.1 420.7 419.1 414.8 405.2 398.6 393.5 383.9 391.5 398.5 402.7 397.2 385.6 370.9 358.8 341.9 340.7 345 343.1 342.1 336.1 327.2 322.7 316.7 307.2 293.8 284.5 271.2 263.6 260.4 260.1 256.7 251.9 251 249.9 240.3 237 233 232 238.5 258.9 260 256.7 281.6 310 314.8 329.5 319.6 309.9 309.5 311.2 316.2 307.7 307.3 307.5 308.8 318.1 322.1 319.5 305.5 289.9 279.3
371.2 376.1 373.8 383 381.5 387.4 388.6 386.9 382.6 376.3 377.6 390.2 401.2 407.3 406.5 395.4 394.5 411.5 417.3 421.1 417.3 409.1 405.6 398.7 390.2 393.8 400.9 404.6 398.5 390 376.3 363.4 350.9 345.3 346.6 346.2 347.7 343.8 340.9 324.9 314.3 307.1 297.7 285.4 272.6 261.9 261.8 261 258.8 255.8 255 255.4 249.6 242.1 241.3 242.4 241.7 261.8 271.5 264.8 289.4 323.9 331.1 337.1 336.4 318.4 312.3 314.6 324.1 318.5 307.3 307.3 307.3 307.3 310.8 307.3 314.2 297.6 281.7
370.2 367.7 371.8 376.6 380.5 388.7 387.3 385.5 387.1 381.5 381.9 395.1 409.3 412.5 408.2 398.3 397.1 411.4 427 426.1 419.2 417.8 410.5 404.8 393.6 396 399.1 402.1 398.8 393.9 377.7 364.3 357.5 354.7 348.9 348.1 348.6 345.3 341 338.2 318.5 306 299.4 288.5 274 262.9 263.1 262.5 261.1 260.4 261.1 261.9 255.1 252 248.3 249.4 248.6 265.6 280.5 273.5 289.2 324.5 344.5 350 354 329.9 324.2 330.2 337.3 331.4 312 307.3 307.3 307.3 307.3 307.3 321.9 306 286
370.2 363.8 368.3 372.3 374.9 378.6 379.4 379.4 384 383.1 380.7 392.7 405.2 415.9 416.3 407.9 405.4 419 440.5 435 423.7 422 420.4 409 399.2 394.4 399.6 398.4 391.9 387.1 377.4 364.4 361.6 356.8 350.8 347.9 344.3 343.2 339.2 335.8 328.9 311.1 302.2 291.9 278.9 265.2 266.6 265 263 263.8 269.6 269.1 262.8 259.6 264.7 258.1 258.5 265.4 279.4 282.3 295.2 336 355.9 360.2 359.5 347.1 339.8 338.6 348.2 353.3 337.1 307.3 314.3 307.3 307.3 307.3 321.8 314.5 294.4
360.5 356.2 362.6 368.4 370.8 372.2 372.8 369.2 376.3 377.4 375.8 382.5 395.8 404 410.3 411.2 407.8 413.9 437.8 441.9 428.8 423.4 425.5 424.4 406.5 396.2 397.6 400.2 389.1 383.1 374.4 366 363.7 359.8 354.2 348.4 344.4 342.3 339.1 336.8 326.6 314.7 307.4 299 283.2 270.2 275.1 270.4 266.3 275.2 289.3 281.9 275.8 272.4 274 270.3 267.5 269.9 277 286.3 308.4 338.2 361.4 364.5 364.4 360.7 353.8 345.5 357.7 365.4 357.9 324.5 315.7 315.3 307.3 307.3 320.4 317.5 295
352.9 353.1 355.1 363.3 369.4 367.7 366.7 360.5 362.9 368.1 366.2 373.2 381.3 389.7 396.5 395.7 403 410.8 426.5 429.1 428.7 421.8 424.8 428.9 416.1 399.3 393.9 393.9 386.6 381.1 373.2 369.8 366.3 363.1 359.5 356 345.9 342.3 338.8 336.8 332.1 318.3 309.3 304.7 288.6 277.7 284.2 281.6 272.7 285.5 292.7 295.3 293.7 297.7 292.5 291.1 280.8 280.3 282.5 287.6 307.6 331.5 357.4 368.6 368.8 366.7 361.2 357.8 361 376.8 373.1 344.3 323.1 321.8 315.1 311.2 320.8 321.9 294.5
345.6 346.5 353.3 360.8 362.3 363 361.6 354.5 358.1 360.9 353.6 361.3 371.3 376.7 380.3 380.3 392.8 400.1 416.3 418.5 419.9 417.7 421.3 427.2 419.6 405.2 396.8 384.8 382.2 376.1 371.8 367.7 365.9 364.4 361.8 356 346.8 344.2 339.1 336.1 329.1 321.1 310.6 301.2 293.5 286.8 287.9 283.7 283.7 294.1 313 322 304.2 307.8 306.9 304.7 295.8 296.3 294.2 300.9 307.9 322.1 344 359.6 367.9 369.4 365.2 357.6 357.6 372 380.2 370.2 351.6 327.3 325.3 315.8 312 320.5 295.3
333.9 347.3 352 352.4 355 356.2 356.3 349 341.1 343.8 346.2 356.5 365.1 363.9 367.5 372.1 378.4 388.4 398.7 405.7 406.7 413.3 424.4 425.9 416.2 405 398.4 389.6 374.6 370.9 369.6 364.1 364.5 362.2 360.4 359.5 352.9 343.6 339.1 335.2 328.7 324.3 312.7 303.3 295.4 290.2 292.1 289.3 288.2 298.3 313.4 326.2 315.8 313.5 311.5 313.6 311.1 315.7 304.3 317.1 327.1 327.5 359.2 367.9 367.3 376.1 370.4 364.8 359 368.1 376 376.4 359.8 335.4 329 322.1 312.6 317.1 293.3
333.9 344.1 344.6 342.9 346.8 346.2 345.8 340.3 337 338.3 339.3 348.2 356.7 359.9 362.3 362.7 367.3 376.8 382.2 393.3 396.9 406.7 427.7 433.3 421.6 406.4 398.2 391.4 373.3 360.6 361.2 360 359.1 359.1 361 361.7 355.8 347.4 340.3 336.7 327 326.1 318.5 310.9 305.5 299.7 296.2 296.8 292.6 302 313.4 326.8 330.7 329 317.3 318.9 321.4 325.3 315.9 324.1 341.2 335 362.7 370 371.3 380.8 380.8 368.6 363.4 369.7 372.3 373.2 359.7 345.6 341.8 324.1 314.1 309.1 291.5
336.3 339.3 343.7 341.5 339.2 335.6 331.7 330.7 329.4 329.9 333 340 347.8 356.4 354.4 354.5 362.2 368 373.2 378.9 383.5 400.1 416.6 419.1 406.4 396.1 391.8 387 370.8 358.2 353.3 354.7 353.9 353.1 356.2 358.1 355.5 347.5 339.3 333.7 327.1 323.1 321.2 318.1 312.9 305.6 301 303.3 299 306.8 316.1 325.6 335.9 348.3 331.3 328.4 325.8 328.2 325.7 329.9 347.6 341 359.3 367.1 369.5 375.2 387.4 372.6 366.6 365.9 370.2 370.7 364.1 349.6 348.9 328.3 314.1 303.5 290.8
332.4 337.8 342 339 336.1 333.5 329.7 322.5 320.2 325.3 331.3 337.9 345.3 347.9 345.7 348.9 353.4 360.5 368.9 375.4 382.4 390.5 402.6 397 393.5 384.9 385.8 382.8 371.4 358.3 349.2 345.6 346.4 348.3 351.4 355.8 355 351.4 340.9 333.4 329.7 325.1 321.3 320.9 319.1 310.9 306.2 306.6 302.6 308 320.5 328.4 336.1 346.2 341.2 336.7 333.4 334 334 335.9 344.1 344 350.1 362.6 366.4 373.9 395.5 376.6 367 365.7 364.9 364.5 360.1 347.3 348.6 332 313.8 303.4 289
322.4 329.2 337 330.1 327.8 326.5 323 318.1 316.4 324.5 331.5 334.4 342.9 344.6 346.2 351.8 353.1 363.2 369.6 371.8 377.3 381.7 384 382.2 378.5 371.9 379.8 381.5 373.4 357.9 349.4 344 342.5 343.9 346.3 350.1 354.4 350.6 343.4 334.5 331.4 326.3 321 322.4 319.9 317.2 314.8 307.2 304.6 312.3 323.3 332.7 336.6 345.1 345.8 343.6 337.4 342.5 344.6 342.1 348.3 347 346.7 358 365 373.5 397.5 386.4 369.5 364.1 362.1 361.8 356.5 347.1 338.4 330 316.2 303.6 291.2
317.4 324.4 325.4 324 322.3 322.2 319.2 315.6 314.9 320.3 326.6 331.9 336.8 340.1 342.9 347.8 352.1 361.9 370.3 373.4 378.8 384.6 382.4 372 367.9 365.5 375.7 380.3 371 358.5 349.6 346.1 340.9 340.3 341.5 342.4 347.6 347 341.7 335.1 335.1 327.5 325.1 323.8 322.2 320.5 318.2 312.5 307.7 316.1 324.9 335.4 340.3 347 350.2 348.8 345.1 349.5 349.2 348.1 349.7 350.1 349.7 360.5 366.1 387.8 396.9 388.6 371 368.6 364.5 362.4 354 346.3 332.7 326.7 318.3 303.4 289.9
313.8 319.7 322.7 322 316.5 314.8 313.6 313 313 321.8 319.3 330.6 336.3 340 341.5 345.3 352.1 363.3 366.2 374 377.2 379.4 366.8 362.4 358.1 363.6 374.1 382.8 373.8 362.9 350.2 344.4 341.9 339 342.1 338 336.4 339 335.7 334.9 336.7 334.2 330.6 330.3 328.2 325.3 321.8 318.8 312.9 321.2 330.1 338.6 341.8 348.6 355.1 353.3 348.7 349 348.5 345.6 345.6 350.2 357.2 363.5 369 396.9 413.9 390.9 373.4 370.4 371.4 362.7 353.7 345.3 334.5 323.3 318.6 305 289.4
313.3 318.9 321.2 322.8 318.2 315 313.5 312.8 311.4 317 317.7 327.5 333.2 336.2 340.2 350.3 350.3 353.6 360.2 365.6 372.8 356 350.9 352.6 351.5 357.4 373 389.4 386 365.9 352.1 346 340.7 338.6 337.7 337.5 335.3 334.5 335.9 334.9 336.1 340.1 341.2 334.5 334.4 333.4 331.9 331.7 323.5 330.6 337.3 343.6 352.2 355.7 363.5 355.5 350.8 345.6 345.6 345.6 345.6 345.9 359.9 361.3 372.3 401.5 420.5 408 379.4 373.4 379.5 373.1 366.1 352.5 337.7 324.3 310.9 305.2 290.1
305.9 316.2 319.3 323.7 321 316.6 314.5 313.4 311.2 311.8 313.8 322.4 326.3 330.6 336.4 349.6 351.9 346.8 348.9 346.5 342.3 338.8 338.9 341.8 345.4 353 367.9 391.3 393.5 370.9 349.8 345.4 342 341.4 341.5 339 336.2 336.6 338.4 341.2 340.3 348.2 351.3 357.7 362.3 343.3 342.9 338.5 331.6 339.9 344.6 355 364 367.5 378.8 369.6 351.5 345.6 345.6 345.6 345.6 347.3 354.7 359.3 371.6 399.6 414.8 418.4 388.6 380.2 385 382.3 373.4 356.2 341.2 326.6 310.8 305.2 294.8
293.9 304.2 313.7 320 323.1 317.6 314.7 309.7 311.9 311 311.1 316.5 322.9 326.2 334.5 334.6 345.7 338.5 332 325.8 331.6 330.3 333.2 339.1 345.1 346.3 362.3 377.9 390 378 358.4 343.1 344.5 346 345.7 344.7 339.5 338.1 340.1 344.5 345 352 357.1 362.1 372.1 372.9 354.7 344.6 340.3 348.2 349.5 359.8 374.7 376.3 385.6 383.1 355.4 345.6 345.6 349.9 345.6 347.5 361.5 361 378.3 389.6 403 410.5 393.8 380.6 382.4 380.2 370.5 350.3 342.1 328.7 316.8 306 294.8
293.5 294.1 303.5 312.9 318.2 317 315.4 311.9 306.7 308.6 307 309.7 313.8 324.9 328.7 329.3 327.1 326.5 322.5 325.6 327.2 330.3 331 337.6 339.1 343.8 359.6 369.7 377 370.1 358.9 343.2 343.1 343.1 346.2 348.8 345.4 339.8 342.7 347 349.2 356.7 363.3 360.7 367.9 380.4 375.8 357.6 349.2 352.6 356.2 362.5 379.7 386.2 382.6 379.8 360.3 349.4 352.6 355.7 356.4 366 373.7 369.1 397.5 405.4 406.3 403.3 396.6 374.4 370.4 365.2 358.1 347.1 338.7 329.3 319.7 305.9 295
297.1 295.1 296.8 297.3 302.5 308 311.8 309.3 303.7 302.3 303.9 305.2 307.5 317.9 326.2 319.6 318.2 318.6 317.8 323.6 322.9 324 320.4 326.9 334.6 338.5 352.2 368.2 374.5 365.8 358.7 346.5 343.1 343.5 343.7 348.3 347.5 343 344.8 349.7 351.6 358 367.4 363.7 365 378.9 384.9 374.8 359.2 356.9 363.3 372.7 387.5 395.6 396.7 388.6 370.3 369.2 376.3 376.1 384.3 387.1 389 381.7 400.1 414.6 414.4 409.9 393.6 376.7 362.4 358.8 355.4 345.9 336.2 330.9 322.6 310.8 296.7
