STL Generation/terr50_gagg_gb/data/NM73.asc
ncols 200
nrows 200
xllcorner 170000
yllcorner 730000
cellsize 50
[rows 74 to 110 of 200, columns 0 to 84 of 200]
332.8 336.2 334.7 340 325.1 313.4 303.5 303.3 293.9 288.2 285.1 279.5 280.7 280 272.2 263.9 262.8 259.7 240.3 225.9 221.6 220.1 211.4 203.3 197.7 189.9 176.8 165.6 161.5 160.3 156.9 152.7 150 147.5 142.1 136.3 123.4 118.2 112.9 112.4 106.3 99.5 90.4 78.8 68.3 53.7 42.8 36.2 40.1 39 35.8 42.8 53.8 58.7 51.8 41.1 32 10.5 5.1 2.1 -1.4 -1.4 -1.4 -1.4 -1.4 -1.4 -1.4 -1.4 -1.4 -1.4 -1.4 -1.4 -1.4 -1.4 -1.4 -1.4 -1.4 -1.4 -1.4 -1.4 -1.4 -1.4 -1.4 -1.4 -1.4
350.6 357.2 354.8 350.7 350.6 336 320.3 309.6 302.1 295 292.4 287.2 289.5 289.5 286.2 269.1 269 269.3 249.7 233.7 225 221.4 212.7 205.4 199.2 190.3 180.7 168.8 161.6 157.1 155.2 151.6 147.2 144.5 140.1 134 127.2 121.2 117.6 114.9 107.8 103.3 94.2 81 66.8 55.2 45.4 37.3 41.4 42.1 38.5 40.5 55.8 63.3 62 49.2 36.6 25.9 7.2 3.5 2.3 0.2 0 -1.4 -1.4 -1.4 -1.4 -1.4 -1.4 -1.4 -1.4 -1.4 -1.4 -1.4 -1.4 -1.4 -1.4 -1.4 -1.4 -1.4 -1.4 -1.4 -1.4 -1.4 -1.4
363.2 369.5 371.4 373 368.7 363.7 335.6 320 314.1 305.5 299.8 295 299.7 298.5 292.4 277.6 272.9 271.2 261.3 241.8 227.4 222 213 208.9 200.3 192.5 185.2 175.7 164.4 159.3 156.6 155.6 148.7 143.7 143.9 142 131.2 127 119.6 115.4 108.7 104.2 96.7 81.9 67.4 57.8 46 39.5 43.1 43 45.7 41.1 52.7 63.9 67.9 59.7 45.3 38 14.7 5.1 3.6 2.4 0.5 -1.4 -1.4 -1.4 -1.4 -1.4 -1.4 -1.4 -1.4 -1.4 -1.4 -1.4 -1.4 -1.4 -1.4 -1.4 -1.4 -1.4 -1.4 -1.4 -1.4 -1.4 -1.4
379.5 378.6 383 383.5 383.6 382.1 355 340.3 339.8 320.5 312.7 307.6 301.9 302.4 296 284.5 274.2 268.1 261.1 248.8 232 221.5 218.7 209.7 201 194.8 188.8 179.6 170.8 165.8 158.2 156.2 152.5 147.8 144.9 141.6 133.9 132.6 124.9 115.6 110.4 104.9 98.7 93.2 84.5 68.1 55.5 43.1 42.8 40.2 46.1 48.3 50.8 62.7 70.8 66.3 56.1 45 33.4 7.5 5 3.3 1.6 -1.4 -1.4 -1.4 -1.4 -1.4 -1.4 -1.4 -1.4 -1.4 -1.4 -1.4 -1.4 -1.4 -1.4 -1.4 -1.4 -1.4 -1.4 -1.4 -1.4 -1.4 -1.4
390.4 390.8 393.2 395.5 390.2 389.4 375.4 360.6 355.5 337.7 324.7 314 306.7 307.1 298.7 288 276.6 269.7 261.1 253.3 234 226.9 222.6 214.4 207.8 200.1 193.8 187.3 179.3 173 171.4 162 155.8 156.3 147.8 142.1 136.4 135.8 130.1 120.7 113.6 110.3 105.7 100 95.2 78.1 62.7 47.5 35.9 36.8 45.3 51.4 51.1 60.4 73.1 73 63 51.4 39.6 17.8 6.5 4.3 3.3 1.5 1.2 -1.4 -1.4 -1.4 -1.4 -1.4 -1.4 -1.4 -1.4 -1.4 -1.4 -1.4 -1.4 -1.4 -1.4 -1.4 -1.4 -1.4 -1.4 -1.4 -1.4
399.3 399 397.9 400.8 401.8 396.4 390.3 378.4 369.9 349.3 339.4 328.9 312.9 309.3 300.4 290.6 279.7 275.4 263.4 258.8 244.1 230.9 226.3 217.4 214.6 205.6 198.6 192.8 185.7 178.8 175.3 167.1 161.2 156.4 148.5 145.1 141.9 137.7 130.4 121.6 116.7 114.8 110.5 105.5 104 91 71.1 54.8 39.4 33 41.4 50 54.6 60.3 74.8 77.5 69.9 56.4 44.2 25.7 8.4 5.4 3.9 2.4 2.4 2.4 2.2 -1.4 -1.4 -1.4 -1.4 -1.4 -1.4 -1.4 -1.4 -1.4 -1.4 -1.4 -1.4 -1.4 -1.4 -1.4 -1.4 -1.4 -1.4
411 408.9 406.6 405.6 406 405.4 401.4 395.5 389.9 362.9 353.3 340.8 324.5 311.5 302.1 291.6 283 275.8 269 261.3 253 234.9 228.8 220.8 219.7 210.7 202.5 196.4 192.3 182.2 177.2 170.6 166.1 163.3 155 146.9 143 138.6 131.3 126.5 120.3 116.6 114 110.4 108.7 102.5 82.2 66.7 47.7 31.3 33.9 46.4 55.3 56.7 73.9 79.8 73.5 59.4 48 34.8 9.1 6.3 4.2 2.4 2.4 2.5 2.6 2.4 -1.4 -1.4 -1.4 -1.4 -1.4 -1.4 -1.4 -1.4 -1.4 -1.4 -1.4 -1.4 -1.4 -1.4 -1.4 -1.4 -1.4
420.2 419 415.2 412.2 410.9 411 408.4 407.3 400.8 378.4 362.5 349.9 332 315.8 304.3 295.5 286.8 275 267.5 260.5 257.1 240.9 234.4 224.5 221 216.1 207.1 202.5 195.9 188.5 180.5 175 169.5 166.5 159.3 149.5 142.9 138.6 135.2 133.8 124.3 119.9 117.2 114.3 112.1 108.2 93.9 71.6 58.1 38 28.4 42.3 52.7 55.4 68.7 74.9 70 60.2 49.7 39 15.9 6.9 5 3.2 3.3 2.4 2.4 2.4 4.5 -1.4 -1.4 -1.4 -1.4 -1.4 -1.4 -1.4 -1.4 -1.4 -1.4 -1.4 -1.4 -1.4 -1.4 -1.4 -1.4
428.4 427 422.9 420 416.3 416.3 415.3 414.6 407.1 389.1 373.6 359.6 337.8 321.2 306.6 295.8 289.3 281.4 272.7 260.6 253.5 245.9 235.1 229.7 225.5 220.2 213.8 206.5 198.9 191.1 183 176.9 172.5 168.8 163.8 154.1 144.5 140.8 138.3 132.8 126.8 122.5 120.2 117.6 114.7 112.2 102.1 80.4 59.2 52.1 30.5 32.8 47.3 54.7 62.8 69.8 67.8 61.8 52.8 42.5 27.2 7.3 5.8 4.3 3.5 2.4 2.5 2.3 5.1 -1.4 -1.4 -1.4 -1.4 -1.4 -1.4 -1.4 -1.4 -1.4 -1.4 -1.4 -1.4 -1.4 -1.4 -1.4 -1.4
436.9 435.3 430.8 425.4 421.5 423.5 430.2 425.3 410.1 394.4 380.5 371.5 348.4 331.9 313.4 300.4 293.7 286 279.1 265.8 257.2 248.4 240.6 235.9 228.8 223.6 218.4 210.9 202.4 192.6 185.3 179.1 173.8 170 164.2 155.2 143.3 138.5 139.1 134.9 129.3 124.5 120.8 117.6 116.6 116.4 106.7 85.2 59 50.6 31.9 24 29 48.5 57.4 61.6 64.8 65.5 56.8 46 34.8 8 6 4.5 4.2 3.2 5.3 5.9 4.6 -1.4 -1.4 -1.4 -1.4 -1.4 -1.4 -1.4 -1.4 -1.4 -1.4 -1.4 -1.4 -1.4 -1.4 -1.4 -1.4
444.5 443.9 438.7 433.6 428.2 421.6 428.7 426.8 407.5 391 385.4 373 358.2 334.9 319.7 307.1 299.5 289.5 278.4 268.3 261.4 254.1 245.2 239.3 230.8 225.3 219.6 211.8 201.9 191.1 186.5 179.9 174.2 169.9 164.8 156.2 143 134.5 131 133 130.4 124.1 119.2 116.3 117.8 119.8 111.6 88.6 60.9 48.8 37.6 23.9 20.2 40.9 53.4 54.6 61.3 64.6 58.5 48.2 38.8 11.5 6.2 4.6 4.7 4.3 5.5 5.9 6.1 -1.4 -1.4 -1.4 -1.4 -1.4 -1.4 -1.4 -1.4 -1.4 -1.4 -1.4 -1.4 -1.4 -1.4 -1.4 -1.4
455.3 448.6 445.6 438.4 432.4 421.5 418 418.5 401.7 387.7 381.6 370.9 356.4 338.6 322.4 311.7 302.2 287.8 278.4 267.1 262.9 254.5 245.7 241.1 232.3 225.9 219 210.5 201.1 192 187.3 183.5 174.9 170.7 166.5 162.3 147.7 134.3 128.1 126.2 125.5 121.9 114.1 115.3 120 121.6 113.9 87.7 65.1 48.8 38.3 25.6 17.3 29.3 47.8 54 57.1 59.8 55.6 47.6 39.9 20.2 6.7 4.9 4.9 4.9 5.3 5.9 5.5 -1.4 -1.4 -1.4 -1.4 -1.4 -1.4 -1.4 -1.4 -1.4 -1.4 -1.4 -1.4 -1.4 -1.4 -1.4 -1.4
464.1 455.4 451.1 447.8 435.2 429.1 413.1 402.3 393.7 383.7 374.2 365.2 354.5 341.8 324.8 313.1 301.3 288 277.3 269.5 261.5 256.8 247 240 232.9 225.8 218.3 212.1 202.3 193.8 187.7 184.6 179.5 174.6 170.6 165.8 156.1 137 126.8 122.1 115.3 111.8 108 111 121.2 121.7 111.1 88 66.1 51 38.9 27.3 15.7 16.4 37.8 50.5 52.1 53.2 53.9 47.2 39.6 23.9 7.4 5 5 4.6 4.1 4.9 2.5 -1.4 -1.4 -1.4 -1.4 -1.4 -1.4 -1.4 -1.4 -1.4 -1.4 -1.4 -1.4 -1.4 -1.4 -1.4 -1.4
472.6 464 454.8 449.2 440.3 429.8 412.3 398.8 389.5 376.2 367.7 356.7 344.1 334.7 321.5 313.6 300.7 290.7 277.6 274.3 258.1 255.1 248.2 240.2 233.4 225.6 218.4 212.7 204.9 195.3 187.5 185.1 181.3 176.7 172.8 166 160.2 140.4 124.8 117.8 109.4 103.6 101.3 108.9 120.6 121.1 111.8 89.4 68 51.1 37.5 30.6 14.2 15.3 24.4 42.2 48.3 47.5 50 46.8 37.8 22.5 7.2 5.5 5 4.3 3.6 3.5 -1.4 -1.4 -1.4 -1.4 -1.4 -1.4 -1.4 -1.4 -1.4 -1.4 -1.4 -1.4 -1.4 -1.4 -1.4 -1.4 -1.4
477.8 474.3 461.6 447.3 436.2 426.5 408 394.3 385.2 374.4 365.7 349.7 333.9 329.4 316.2 310.7 301.5 290.8 281.5 269.2 263.1 253 245.9 240.9 235.5 226.9 218.7 212.8 205.2 193.9 186 183.7 181.2 177.1 172.9 166 157.5 137.8 124.2 115.4 104.7 100.2 99 102.1 114.2 119.5 114.2 87 72 50.9 38.1 31.9 14.6 13.2 13.8 28 43 43.6 42.2 42.5 34.4 23.3 8.3 5.9 4.7 3.9 3.2 -1.4 -1.4 -1.4 -1.4 -1.4 -1.4 -1.4 -1.4 -1.4 -1.4 -1.4 -1.4 -1.4 -1.4 -1.4 -1.4 -1.4 -1.4
481.4 474.3 463.5 445.4 427.2 414 402.5 393.2 378 372 361.5 347.7 332.2 320.9 310.8 305.5 301 293.4 281.3 269 254.6 245.8 242.9 236.2 235.5 227.1 220.9 212.4 202 191.7 185 181.1 175.2 172.8 169.4 163.6 153.3 135.9 121.1 111.7 101.9 97.3 95.9 97.9 105.4 114.7 111.5 88.9 73.6 52.4 37.5 31.8 24.2 12 13.3 19.4 35.6 38.9 34.9 36.4 31.4 25.1 8.6 5 3.8 3.3 4.1 2.9 -1.4 -1.4 -1.4 -1.4 -1.4 -1.4 -1.4 -1.4 -1.4 -1.4 -1.4 -1.4 -1.4 -1.4 -1.4 -1.4 -1.4
480.9 472.7 460.3 444.8 423.5 412 399.6 384.7 371.6 363.6 356.7 342.4 326.9 317 305 297.4 294 288.1 283.1 263.8 253.8 238.8 229.4 228 222.6 221.5 219.1 210.3 199.1 189.2 182 176 170.9 169.2 166.9 160.4 150.8 135.4 119.9 109.5 99.4 94.8 91.3 94.4 99.5 108 106.1 94.3 78.4 57.1 39.6 32.3 23.3 11.5 12.7 14.7 25.2 29.3 28.3 29.3 29.3 26 9.4 4.3 2.9 2.4 2.5 -1.4 -1.4 -1.4 -1.4 -1.4 -1.4 -1.4 -1.4 -1.4 -1.4 -1.4 -1.4 -1.4 -1.4 -1.4 -1.4 -1.4 -1.4
479.7 469.3 456 442.5 422.7 409.9 395.2 383.2 361.7 353.1 350.3 336.5 321.8 311 301.9 294.3 289 279 273.8 263.4 251.1 237.8 225.9 218.2 212.2 210.4 209.8 205.5 195.2 184.7 177.6 172.4 167 163.5 162.7 158 148.2 132.8 117 106.6 99.6 92.1 87.6 90.7 95.2 100.3 101.6 98.8 84.8 61.9 42.4 33.9 24.4 12.3 10.3 12.8 16 22.2 25.1 25.6 25.1 22.1 8.8 3.3 2 1.4 0.7 0.1 -1.4 -1.4 -1.4 -1.4 -1.4 -1.4 -1.4 -1.4 -1.4 -1.4 -1.4 -1.4 -1.4 -1.4 -1.4 -1.4 -1.4
478.3 464.8 452.1 444.2 422.9 401.5 389.2 373.5 361.9 345.5 342.1 330.8 316.5 305.1 296.7 290.3 285.4 278.1 273 253.8 247.2 234.8 224.9 214.9 201 199 198.3 195.8 188.2 178.9 171.5 169.2 163.6 159.2 157.8 154.1 142.9 129.3 114.5 106.5 99.3 91.1 84.3 86.2 90.7 94.4 99.9 101.9 90.6 67.4 47.2 33.6 24.9 15.1 11 10.6 13.1 16.9 20.1 20.5 19.3 15.7 5.9 2.2 1.5 0.8 0.1 -0.6 -1.4 -1.4 -1.4 -1.4 -1.4 -1.4 -1.4 -1.4 -1.4 -1.4 -1.4 -1.4 -1.4 -1.4 -1.4 -1.4 -1.4
478.8 462 448.8 439.7 419.3 393.8 383.9 367.8 354.8 341.4 330.3 323.3 311.8 300.4 289.5 281.9 278.5 275.1 271.5 261.4 243.7 227.5 218.8 213.5 201.8 189.4 189.1 183.9 178.8 173.4 168.2 165.2 162.3 156.1 152.9 148.4 139.1 125.6 109.9 104 95.5 88.5 81.5 82.8 85.8 90.4 98.3 102.3 90.8 72.7 52.7 40.9 29.3 17.6 11.5 9 12.5 15.2 19.1 16.6 12.7 9.1 4.1 2 1.3 0.8 0.2 -0.3 -0.8 -1.4 -1.4 -1.4 -1.4 -1.4 -1.4 -1.4 -1.4 -1.4 -1.4 -1.4 -1.4 -1.4 -1.4 -1.4 -1.4
478.8 459.1 446.9 435.6 416.1 390.5 381.4 363.1 350.7 334.1 318.9 312.8 301.8 294.1 282.3 276.5 269.2 268.1 265.8 257.3 242.8 229.5 215.9 208.8 196.8 190.7 179.2 175.7 169.5 166.1 161.5 159.7 161.5 153.6 149.2 145.9 138.6 124.6 108.7 98.4 91.9 84.1 80.7 78.8 80.6 85.1 95.1 98.5 89.2 72.5 53.4 42.3 30.6 19.9 12.6 7.7 10.9 15.9 14.7 10.6 8.5 5.6 3.2 2 1.5 1 0.5 0.1 -0.4 -0.8 -1.4 -1.4 -1.4 -1.4 -1.4 -1.4 -1.4 -1.4 -1.4 -1.4 -1.4 -1.4 -1.4 -1.4 -1.4
474.7 456.8 443 431.2 420 392.4 379.4 361.2 346.3 325.2 314.8 304.9 295.4 281.1 276.3 268.9 261.4 258.7 256.7 247.4 239.1 226.2 213.3 209.3 200.2 190.9 180.9 163.5 163.6 158.1 156 156.2 156 150.7 146.8 144.5 137 128.7 109.7 98.1 91.6 80.8 76.3 76.6 77.1 81.1 91.5 94 90 81.6 62 43.4 32.5 20 14.5 8.8 6.3 10.4 9.3 5.4 4.2 4 2.4 2.3 1.8 1.4 0.9 0.4 0 -0.1 0 -1.4 -1.4 -1.4 -1.4 -1.4 -1.4 -1.4 -1.4 -1.4 -1.4 -1.4 -1.4 -1.4 -1.4
467.5 451.4 436.6 425 414.2 389.8 378.4 361.6 347.5 328 310.8 302 289.2 280.5 271.2 260.8 252 250 243.4 235.6 228.4 220.1 206.2 199 197.7 190.5 180.6 169 160.7 150.2 150.2 155.6 150.2 147.5 142.6 140 135.8 128.8 116.2 99.2 90.3 79.7 72.2 70.6 71 76.5 85.5 91.1 92.4 87.1 67.8 45.6 30.9 20 13.1 9.3 11.4 5.8 4.9 4 2.5 3 2.4 2.4 2.2 1.8 1.3 0.8 0.4 0.6 1.1 0.4 -1.4 -1.4 -1.4 -1.4 -1.4 -1.4 -1.4 -1.4 -1.4 -1.4 -1.4 -1.4 -1.4
459.9 445.1 427.2 414.5 403.3 387 374.9 362.8 343.7 323.8 304.3 295.8 282.7 276.3 272.1 258.9 241.2 241 234.6 225 216.7 209.9 202.1 194.7 190.5 185.5 177.8 166.5 159.4 154.8 146.2 146.8 144.4 143.4 138.7 135.1 132.2 131.3 123.4 102.4 90.5 81.6 71.5 64.9 66.5 70.2 78.4 84.5 89.5 82.9 72.3 52.2 29.5 19.5 12.1 10.1 11.2 6 4.5 2.7 2.4 2.3 2.4 2.4 2.4 2.2 1.7 1.2 0.9 1.4 2.1 2.4 3.3 2.5 1.1 -1.4 -1.4 -1.4 -1.4 -1.4 -1.4 -1.4 -1.4 -1.4 -1.4
447.6 442.6 422.3 409.2 397.4 384 367.1 355.8 337.1 320.4 296 290.2 278.8 268.6 258.1 251.9 239.3 228.9 222.9 217.5 207.8 197.1 194.9 191.7 191.4 181.6 170.7 162.4 156.4 151.8 145.9 139.3 134.6 135.2 132.7 130.4 131.6 132.6 128.3 111.8 93.6 81.3 68.7 63.4 62.9 67 73.3 79.4 85.1 80 72.9 54.4 33.5 21 11.8 10.6 10.4 8 4.9 4.2 3 2.4 2.4 2.4 2.4 2.4 2.1 1.6 1.5 2.1 2.4 3.2 3.8 2.4 0.9 -1.4 -1.4 -1.4 -1.4 -1.4 -1.4 -1.4 -1.4 -1.4 -1.4
434.2 425.9 408.6 396 386.8 375.7 361.8 348.9 329.7 315.5 297 281.5 273.9 262 251.9 248.1 233.8 224.4 211 205.5 198.5 188.6 187.5 185.2 183.2 178.5 168.2 161.2 156.1 149.7 145.2 139.9 132.1 126.3 127.8 127 129 128.7 128.4 118.6 92.9 82.7 67.3 58.7 60.2 62.2 68.1 75 79.5 76.2 70.1 54.2 32 19.4 10.9 10.5 10.3 9.2 6.4 5.2 3.3 2.4 2.4 2.4 2.4 2.4 2.4 2 2.2 2.4 2.2 1.8 2.6 1.7 -0.3 -1.4 -1.4 -1.4 -1.4 -1.4 -1.4 -1.4 -1.4 -1.4 -1.4
425.8 406.3 394.4 380.3 374.9 364 349.5 326 318.5 305 293.7 274.4 267 254.7 246.6 241.2 226.4 219.3 210.1 198.7 191.6 184.4 181.4 178 175.7 174 165.9 161.6 157.7 149.5 145 140.6 137.4 132.6 122.9 120.5 120.9 122.2 124.7 121.5 102.7 83.1 68.5 58.7 58.7 61.4 64.3 69.8 73.1 71 60.3 42.1 29.2 18.4 13 11.3 11.2 5.7 11.3 8.4 5.2 2.6 2.4 2.4 2.4 2.4 2.4 2.4 3.6 3.7 3.1 2.7 2.4 0.9 -1.4 -1.4 -1.4 -1.4 -1.4 -1.4 -1.4 -1.4 -1.4 -1.4 -1.4
408.7 383.9 377.5 365.7 359.8 347 333.7 306.2 299.1 293.7 282.1 268.3 259.7 250 240.3 236.5 224.3 217.1 204 195 183.6 177.9 177.3 171.4 169.6 167.4 162.8 158.4 153.2 148.1 142.8 140.5 136.4 129.9 122.8 117.6 114.6 117.5 121 116.6 103.1 82.2 69.6 57.1 56.7 60.2 61.4 65.4 67.1 65 53.3 33 24.8 18.7 13.1 11.7 10.9 5.5 11.1 10.6 7.8 5.2 3 2.4 2.4 2.4 2.9 3.4 4.4 4.2 4.1 3.6 2.2 1.2 0.1 -0.6 -1.4 -1.4 -1.4 -1.4 -1.4 -1.4 -1.4 -1.4 -1.4
401.8 386.4 358.7 339.7 338.9 327.4 315.4 294.9 282 279.9 269.3 259.1 252.6 241.4 234.3 228.6 219.6 211.1 197.9 191.7 182.6 174.4 170.4 166.8 162.7 160.6 158.3 152.6 147.7 142.4 140.7 139.6 133.3 126.2 123.4 120.7 114.3 110.8 112.3 107.3 97.5 82 68.4 57 56.1 58.4 60.8 61.2 60.7 56.7 49.1 31.6 15.8 12.7 12 11.4 8.4 9.9 10.8 11.9 9.9 7.3 5.6 4.4 3.7 3.2 4.2 5 4.9 4.2 4.1 2.8 2.4 2 1 0.7 0.4 0.2 -0.2 -0.6 -1.4 -1.4 -0.9 -0.8 -0.6
383.8 374.6 353.1 331.2 308.8 303 294.9 277.7 273 265 260.8 251.4 246.6 234.5 230.1 219.5 215.4 205.8 193.6 186.8 178.3 171.9 168.5 167 157.1 149.6 147.8 147.7 139.7 137.1 137.2 135.9 130.7 124.2 119.6 117.4 111.9 104.4 102.5 98.7 96.2 88.4 66.9 55.5 52.1 57.4 60.3 59.4 58.3 53.2 41.4 29.5 19.7 13.4 12.3 10.8 10.6 11.2 13.9 12.7 11.9 9.9 7.9 6.7 6.2 5.6 5.4 6 5.4 4.7 4.5 3.9 2.5 2.4 2.1 2.1 1.9 2.1 1 0.3 -0.1 -0.1 -0.1 0 0.1
369.7 359.9 335.8 314.3 298.8 283 274.8 263.1 256.7 246.5 242.2 243.2 242.3 232 224.8 214.1 206.7 196.6 187.2 177.4 172.9 169.5 166.5 162.4 155.3 148.7 135.2 140.3 136.5 132.3 133.1 129.6 126.6 121 115.7 114 112.7 98.7 91.7 89.7 91.3 82.2 63 51.9 49.8 54.4 58.9 57.5 54.2 50.2 40.7 29.9 17.8 13.6 11.1 11.5 14.8 14.5 19.1 20.6 14.9 13.2 10.6 8.9 8.8 8.1 7.1 6.6 6 5.5 5.4 4.8 3.9 6.2 6.4 3.7 2.6 3.7 2 1.1 0.8 0.7 0.7 0.6 0.5
355.8 343.9 320.4 304.6 287.2 269.8 263.1 252.7 243.8 234.4 228.6 228.5 231.1 227.5 216.8 203.7 197.1 188.6 178.3 170.6 166.9 169.6 165.7 164 156.6 150 138.8 130.4 132.5 125.8 127.1 125.1 120.8 117 113.3 110.5 105.3 96.1 91.9 85.5 75.1 69.9 54.1 48.3 48 52 56.3 54.5 49.9 42.6 32.4 17.2 17.7 16.3 15.9 16.4 19.4 18.3 21.5 21.4 19.5 15.8 13.4 12.3 11.8 10.3 9.2 7.5 6.8 6.4 6.2 5.3 5.3 6.5 7.2 5.4 4.3 2.9 2.4 1.9 1.6 1.5 1.5 1.4 1
339.3 322.7 308.4 291.9 278.5 257.6 249.8 244.1 235.8 224.3 216.6 214.2 214.9 216.3 210.9 198 188.4 181.2 169.6 163 163.8 166.4 163.4 162.2 157.8 147.7 137.2 132.9 117.2 118.7 119.3 121.7 116.8 111.1 108.7 105.2 97.9 92.5 88.1 83.5 74.7 55.3 48.7 45 46.5 50.2 52.4 50 43.8 31.4 16.7 29.1 23.4 23.2 20.3 19.4 19 18.3 22.2 21.9 21.4 18.9 16.8 16.2 14.6 12.3 10.9 9.5 8.5 7.4 7.4 6.6 6.4 7.6 8.2 7.1 6 4.2 4.1 3.9 2.5 2.4 2.3 1.9 1.5
318.4 305.3 297.1 280.1 264.2 253.8 237.3 233.7 226 216.7 206.3 202.3 203 200.5 196.8 187.7 183 174.2 163.2 158.1 155.2 158.1 157.3 155.2 153.5 146.7 134.4 130 117.9 109.5 111.4 113.2 110.2 105.7 101.5 99.7 96.8 90.5 82.2 79.2 69.2 54.7 45.6 40.3 42.7 46.6 47.3 43.5 34.8 17.7 32.5 33.1 31.9 32.1 25.2 22.5 20.1 21.3 25.7 24.3 24.7 22.1 20.4 19.2 21 15.2 13.3 11.9 10.8 9.4 8.5 7.9 8.3 8.9 9.2 8.5 7.5 6.1 5.8 5.3 4.2 2.6 2.5 2.4 2
294.2 286.3 279.3 263.7 253.7 246.4 229.6 223.8 217.4 210.5 204.6 195.1 191 188.3 184.1 174.9 170.8 164.6 156 152 149.6 149.9 149.2 147 143.6 139.8 129.1 125.7 119.4 110 103.5 105.1 102.1 98.6 97.3 98.1 97.2 93.1 79.8 75.8 70.1 59.7 46.7 40.7 38.9 42.4 40.7 32.4 20.1 35.4 42.5 32.3 30.1 29.8 33.5 25.4 25.3 27.9 33 31.4 29.2 25.7 24.5 22.7 25.1 17.9 16.2 14.6 13 11.6 10.1 9.9 10.2 10.7 11.6 13.4 9.2 7.9 7.4 6.7 6.3 4.6 4 3.3 2.4
274.7 267.3 257.8 250.3 243.4 240 226.5 214.2 209.4 207.6 203.2 196.2 183.4 181.3 173.6 165.4 160.6 154.5 149.2 145.5 143.2 142.9 142.2 139.9 135.1 132.6 125.9 119.7 118.3 108.5 99.9 100.6 97.5 93.6 92.5 94.9 97.6 90.9 79.8 77.9 74.3 60.9 42.9 42.2 35 38.8 30 24.4 39.3 47.6 45.2 36.7 30.1 31 29.9 33.1 36.1 32.3 39.3 40.8 40.7 36.4 27.9 25.4 22.5 20.6 21.8 17.6 15.9 14.5 13.2 12.9 12.9 14.1 15.7 15.4 11.2 9.8 8.7 8 8.2 6.5 5.7 5.1 4.5
257.1 246.7 241.8 239.8 237.8 236.5 220.8 213.6 198.4 200.1 199.5 193.4 180.1 172.1 160 156.8 150.2 147.2 139.4 137.7 137.4 136.5 133 131.5 128.3 125.1 121.8 116.9 113.9 106.8 99.6 97.8 94.3 90.1 89.4 91.6 92.5 88 79.9 78.4 76.7 60.9 42.1 35.6 30.1 30.7 26.1 41.3 51.3 53.8 52.3 46.5 37.9 30.9 31.1 31.4 36 37.8 40 42.2 43.5 41.8 35.5 30.5 27 24.3 25.1 23.1 19.3 18.8 17.1 16.7 15.8 17.2 17.3 16.7 15.2 12.5 11.4 10 9.5 8.6 8 6.8 7.2
