STL Generation/terr50_gagg_gb/data/NM86.asc
ncols 200
nrows 200
xllcorner 180000
yllcorner 760000
cellsize 50
[rows 140 to 174 of 200, columns 79 to 157 of 200]
238.1 243.6 251.4 255.3 261 271.1 271 273.7 280 285.6 279 284.8 288.4 287.8 288.6 294.8 303.4 307.2 305 305.8 308.2 312.4 320.3 321.1 326.4 329.8 331.6 331.8 331.6 331.9 330.5 330.8 325.6 325.3 325.3 325.5 323.7 318.3 319.2 322.2 322.2 321.1 317.7 308.7 307.3 312.9 316.4 319.3 317 324.9 327.8 328.1 329.3 333.4 343.8 350.2 360.3 372 382 392 403.2 411.6 419.3 423.2 426.3 426 430.2 429.9 427.3 428.9 428 434.3 431.7 425.5 424 425.4 441.5 435.1 430.9
237.4 242.3 249.2 254 261 267.2 264.6 269.6 272.9 275.7 280.5 284.7 287.1 283.8 290.9 299.4 306.1 307.9 305.9 313.2 312.5 324.2 331.7 327.5 329.1 331.9 330.9 330.5 333.2 333.8 331.1 331.8 331.8 325.3 328.1 328.7 326.6 320.9 325.3 329 330.5 327.4 323 310.8 310.5 307.5 310.9 312.6 313.9 319.8 319.1 326.8 331.6 339.3 344.9 354.6 366.5 372.3 385.1 397.8 408 414.6 415.6 418 420.8 421.5 423.4 423.5 419.5 420.6 417.9 428.6 417.9 408.8 404.8 408.7 417.1 410.2 409.3
242.4 250.4 254.3 257.4 256.6 257.5 263.1 266 274.3 280.2 283.4 280.3 280.3 286.5 292.7 302.6 306.7 309.9 308 310.8 315.7 328.1 332.7 328.3 330.1 326.8 325.9 328.3 332.6 332.5 330.4 330.8 330.8 330.6 331.6 333 328.7 324.8 326.3 328.6 331.2 328.5 325.4 316.7 316.8 309.9 306.7 310.6 315.6 318.4 323.4 328.4 329.7 332 338.9 347.2 358.5 364.5 368.7 378.8 393 401.7 401.8 406.6 413.3 411.2 412.2 411.6 410.5 408.6 410.7 406.3 408.7 393.6 385.8 385.7 392.8 383.8 381.5
247.4 255.3 260.1 258.7 256 258.4 263.7 269.6 274.2 276.8 279.1 275.2 281.7 290.7 299.2 302.4 307.1 309.5 311.7 310.4 321.1 328.1 328.7 326.5 324.4 323.3 324.7 325.9 327.9 325.9 328.1 332 331.5 331.7 332.4 332.2 331.3 329.1 328.6 329.3 329.7 334 322.1 320.4 316.3 311.3 306.2 310.4 317.6 321 321.9 325.3 325.2 326.9 330.1 338.9 354 353.3 356.1 360.7 376.4 376.9 382 390.8 403.2 404.3 401.3 398.6 397.9 400.2 399.1 394.5 394.6 376.6 367.6 378.8 379.2 369.9 362.3
254.5 264.5 266.5 254.8 258.2 262.1 269.4 271.6 272.5 274.2 273.9 276.9 288.4 296.9 306.8 309.6 311.2 313.8 312.4 311.6 318.6 325.1 324.6 320.8 320 322 323.1 321 319.4 320.6 323.9 330 329.3 332.8 333.1 332.5 331.6 330.9 331.7 333.2 331.8 326.3 320 319.2 317.6 307.9 304.1 307.5 314.4 314.7 317.7 320.7 323.5 324.5 323.9 334.2 340.5 341.8 349.7 351.4 358.1 360.8 361.4 366.9 388 388.5 380.5 378.2 374.1 372.2 370.8 373.4 367.3 355.6 349.2 359.2 362.7 351.4 347.5
253.6 259.7 260 253 253.6 260.6 265.7 264.3 269.5 270.9 271.1 283.4 297.9 303.5 310.9 313.4 313.5 316 315.6 314.3 317.6 325.5 321.3 316.3 316.9 319.5 320 317.4 316.8 318.8 320.7 319.5 320.9 327 329.4 330.5 332.7 332.8 333.4 339.2 333.9 322.8 319.8 317.9 316.6 305.5 303.4 309 312 318.5 321.9 320.8 326.6 318.3 321.7 322.1 327.2 332.4 338.7 339.5 343.4 345.4 348.2 353.9 356.5 359.9 361.1 357.9 354.1 349.3 346.7 343.9 340.7 339.5 334.5 344.4 344 341.6 339.4
253.9 254.4 252.7 251.9 250.9 258.7 258.1 266.4 270.9 273.6 277.7 294 305.5 310.6 313.1 314.2 316.8 321.7 320.4 319.1 320.3 322.7 316.3 313.9 316.3 317.3 315.4 313.2 315.3 317.7 319.8 318.1 314.4 315.2 322 335.7 336.7 332.9 331.2 332.1 323.6 317 312.1 321.3 313.2 304.6 302.3 305 311.6 319.4 323.9 326.3 323.7 313.4 312.3 314.5 319.9 323.2 329.6 330.3 330.2 337 338.4 342.3 336.3 347.5 350.3 345 341.4 332.8 329.7 329.4 326.4 324.3 321.1 325.8 330.2 328.5 327.5
248.1 250.1 252.5 250.1 248.7 253.9 258.5 265.6 270 273.7 290.1 299.1 307.6 312.7 315.8 317.4 318.6 323.8 318.8 320.6 320.6 316.7 312.6 314 316.7 316 311.7 311.4 314.8 317.7 319.2 317.5 312.2 313.2 324.5 325.3 331.2 340.9 328.6 322.2 315.9 310.7 311.5 314.1 310.5 301.4 303 305.4 311.3 317.3 320.9 325.7 320.3 313.3 313.2 307.8 308.1 311.4 317.4 320.9 321.1 328.4 329.8 329.4 325.6 334.3 335.8 327.9 324.7 322.3 322 322.4 320.9 317.2 314.4 317.1 317.6 318 315.6
248.1 252.6 251.4 250.4 252.2 258.8 260.8 267.7 268.1 282.4 293.6 298.7 303.9 311.9 320 319.2 319.5 323.6 317.9 320.3 318.8 309.4 310.5 313.6 315.7 313.2 311.2 310.4 313.3 322.3 318.8 315.9 312.3 315.9 322 320.8 322.6 332.5 330.5 315.3 311.5 304.6 306.4 311.4 304.4 301 305.5 307.3 311 316.9 320.9 320.1 314.9 312 312.9 307.4 305.8 306.5 310.1 316 315.1 318.6 323.4 321.7 315.2 321.8 320.9 315.6 316.3 317.3 315.5 314.9 315.5 316.4 311 310.8 312.9 310.6 309.2
248.2 249.6 247.5 248.3 256.8 262.9 262.7 263.5 274.6 292.7 296.6 300.5 304.8 311.7 320.2 321.1 317.1 312.5 312.5 313 311.1 308 308.6 310.9 311.2 314.2 310.4 304.1 311.7 316.4 314.7 307.7 312.4 317.9 315 311.7 316.8 318.1 312.4 305.5 303.9 304.7 304.1 305.9 302 298.1 308.6 316.6 320.7 323.9 321.3 317.9 315.2 312.2 310.7 308 305.3 304.7 304.3 309.2 311.8 312.2 315.2 312.3 307.9 311.6 313.8 308 307.4 310.6 310.9 311 311.8 316 309.7 307.2 307.1 304.4 305.4
253.7 247.8 247.2 254.8 263.6 264.6 263.5 264.2 284.9 293.1 295.5 301.3 307.4 310.4 316.7 317.9 312.3 304.5 306.5 307.3 308 306.7 305.9 308 309.2 310.3 305.3 302.1 307.2 312 307.5 304.1 309.6 312.7 311 312.6 315.9 307.8 305 300.7 293.9 298.3 297.1 298.3 300 296.9 307.5 321.2 326.7 323.6 323.9 318.9 314.8 310.8 312.3 312 307.2 306.4 304.3 304.9 304.4 305.9 308.5 308.3 303.6 306.8 305.2 303.6 302.9 303.9 307.8 306.6 306.8 309.9 306.6 303.6 303.8 303.1 304
248.8 244.9 252.5 260.2 264.2 265.2 264.9 269.9 285.9 290.8 294.4 303.9 306.3 308.6 312.1 305.6 301.4 302.2 303.5 306.4 305.5 303.6 306 305.3 306.5 304.8 301.7 299.6 302.2 303.5 301.9 302.5 308.2 309.6 307.9 318.2 315.3 304.9 304.9 302.5 293.2 292.5 294.6 297.6 299.3 296.4 305.8 325.5 325.3 321.4 318.6 315.3 311.8 308.1 312 309.8 307.4 304.2 306.6 303.2 298.8 298.9 300.9 303.7 303.3 301.2 300.2 299.6 300.2 300.6 301.5 301.8 303.3 308.7 305.2 301.8 302 302.6 303.2
248.8 246.7 256.8 263.5 262.3 260.1 264.7 277.6 283.6 289.3 296.4 299 302 306.9 308.3 298.5 299.5 300.7 301.9 305.1 302.2 301.9 304.4 300.6 304.7 299.3 299.3 297.4 299.5 301.3 298.3 300.4 304.4 307.1 308.9 315.7 308.3 301.1 303.7 300.5 290 288.2 300.3 297.6 295.9 297.4 300.8 316.2 314.7 315.4 313 310 306.6 306.2 307.2 306 304.8 303.3 305 304.1 298.8 298 299.3 301 299.2 298.3 299.3 298.3 298.9 299.7 299.3 299.9 301.8 305 302.7 303.6 303.3 303 304.5
245.3 249.3 253.9 258.2 256 263 264.5 273.3 283.9 292.9 298 298 298.4 298.5 298.5 297.7 300.7 295.3 299.7 299.6 300.5 303.6 299.3 295.5 294.8 296.8 298.5 290.7 301.1 301.2 294.7 295.8 298.3 305 304.1 303.6 297.5 297.5 301.6 296.7 288 288.8 300.2 297.1 293.3 295.7 298.3 305.1 307 304.5 306 306.5 302.3 302.2 303.4 301.7 299.8 297.4 302.8 302.3 300.3 298.2 297.1 296.6 298.6 297.6 297.9 298.5 298.6 298.7 298.8 298.8 299.4 299.4 302.9 304.4 306.1 306.6 306.7
246.7 249.6 251.9 255 261.4 266.1 265.2 271.1 281.8 290.5 291.9 293.6 294.5 295.5 294.8 293.2 293.5 291.3 294.8 295.6 296.3 299.4 295 293.3 289.7 295.4 291.9 290.1 299.2 292.6 288.7 291.8 297.8 307 301.4 295.5 292.7 293.5 300 292.5 283 286.9 288.9 293.9 291.9 294 299.8 302.1 308.4 300.5 301.3 300.5 300.6 300.4 297.8 297.4 296.2 295 297.9 299.4 299.8 298.7 297.2 298.5 299.1 298.3 298.2 299.1 301.3 299.4 299.9 300.3 302.4 304 310.4 309.1 308.1 310 309.7
252.1 258.5 255.8 259.1 265.1 267.9 274.3 274.9 279.5 286.6 289.3 290.9 291.6 291.8 288.4 286.1 288.2 288.3 292.5 294.1 292 291.5 292.9 292.2 287.2 286 285.4 286.5 288.4 287.1 283.4 288.6 297.6 300.1 296.6 290.5 291.7 291.5 288.1 286.1 278.7 279.5 283.9 286.1 296.2 294.9 294.2 297.9 296.6 298.2 296.3 298.9 301.6 300.5 295.4 294.6 296.2 295.1 294.7 296.8 298.4 296.9 296.5 298.5 301.1 302.2 302.8 304.2 306.5 308.4 307.2 309.2 311.9 311 313.9 318.1 314.6 315.5 317.5
255.9 257.9 260.2 265.9 272 271.7 279.6 280.7 281.3 284.5 288.4 288.9 290 288.8 285 280.7 282.5 286.5 290.9 293.8 291.9 287.8 290.2 287.8 281.8 280.8 281.5 282.5 285.3 283.5 279.9 282.7 289.4 291.7 290.2 289.6 290.1 291.3 283.4 281.6 276 274.7 279.8 288.6 292.3 295.2 298.1 289.6 288.2 290.5 290.3 293.2 296.2 298.7 294.3 296.8 296.2 296 294.9 296.5 297.3 296.9 297 299.9 303.6 306.9 309 313.3 314.5 316.2 317.9 320.2 323.1 324.7 325.4 331.3 329 326.1 329.1
256.9 256.7 259.6 264.4 268 274.9 279.3 281.6 281.9 283.6 286.4 284.1 288.4 287.8 281.4 277.4 278.4 284.2 286.5 283.3 285.8 282.7 282.4 280.3 277.4 276.7 275.4 276.8 283.5 286.5 280 279.8 283.1 285.2 283.1 286.9 288.3 285.5 277.8 275.8 274.7 269 278.9 284.9 288.3 297.3 291.3 286.3 285.5 289.1 288.8 286.7 291.2 297.8 299.7 299.8 298.8 297.4 296 296.5 295.4 295.5 299.9 307.2 311.1 315.2 318.8 323.7 328.4 331.1 333 334 337.7 340.3 346.2 345.9 346.8 348.2 342.5
253 253.1 255.9 260 264.4 270.4 276.6 280.4 282.4 282.6 285.6 279.9 280.4 282.7 278.6 276.6 278.5 282.5 279.3 277.9 277.9 278 274.2 273.8 270.5 272.4 268.4 272.8 279.9 282.1 275.7 277.9 279.3 275.5 278.7 283.4 284.4 273.9 271 273.7 276.4 267.8 276.4 281.1 285.3 286.8 286.8 285.5 281.8 281.4 287.1 287.5 290 296.2 298.5 298.8 299.3 298.9 298 298 297.3 300.7 304.7 312.9 317.9 324.7 325.7 329.7 338.8 346.3 349.3 351.4 352.6 356.3 363.4 366.9 366 365.6 357.9
253.6 260.7 262.6 260.5 260.3 264.7 269.6 273.3 276.4 277.7 274.2 274.2 276.9 277.7 272.9 273.7 271.1 268.6 269.3 267.9 271 271.2 268.2 267.6 268 265.9 263.5 268.5 273.8 269.5 270.4 272.7 275.7 270.1 269.2 275.4 277 267.5 265.7 271.7 272.5 268 275.3 277.7 280.1 284.7 283.6 283.7 281.1 279.9 286.6 284.3 288 290 292.1 293.7 299.4 298.4 294.5 295.7 301 309.5 316.6 324 328.4 332.1 333.8 335.5 342.8 358 365.5 374.6 373.6 374.4 377.1 386.4 387.6 386.5 379.5
255.9 259.7 262.7 266 262.5 261.5 264.1 267.6 270.6 271 269.2 268.9 269.1 268.6 263.6 260.4 260.8 262.6 267.1 265.6 265 266.3 265.7 263.7 263 263.2 260 265.8 268.6 267.4 263.4 261.9 261 263.9 260.9 269.4 263.1 262.9 264.2 269.4 267.7 266.4 270.1 274.2 276.6 280.6 283.9 284.1 282.8 280.2 283.5 281.4 283.9 289.3 288 288.7 292.3 294.2 295.7 295 298.4 310.5 321.1 333.2 336.2 341.2 343.1 344.9 350 361.3 367.9 389 391.6 394.9 394.6 405.8 414.6 404.4 404.5
259.4 258.5 258.4 262.3 266.1 267.5 266.2 268.1 273.1 272.8 267.2 262.9 262 260 259.4 261.5 259.9 267.3 267.1 265.7 259.7 260.1 260 258.4 257.9 257.9 256 264.9 268 267.2 264.3 261.7 256.6 255.6 257.3 258.2 254.8 255.7 259 264.1 263.6 267.1 267.2 269.5 271.8 282.3 285 284.8 282.6 280.3 283.9 280.4 280.1 283.3 284 291.2 296.9 296.1 295.8 295 297.6 304.7 313.4 324.5 330.4 338.1 345.1 350.4 356.1 364.6 372.4 392 401.4 405 411.6 416.9 421.7 419.5 423.2
263.6 264.2 262.4 263.9 264.2 264.5 262.3 264.8 269.1 267 261.8 258.6 256.5 251.2 254.2 255 258 260.7 263.8 258.3 255.2 254.9 254.9 253.5 253.3 252.4 252.5 258 265.2 260.4 258.7 256.9 255.5 255.2 254.5 255.4 252.2 258 269.2 269.8 265.3 268.6 270 271.3 272.3 281.4 282.3 282.5 281.8 276 279.1 280.3 281.3 280.3 286.8 291.5 293.4 294.7 298.1 297.9 300.1 308.1 316.3 324.6 334.1 348.7 361.7 367.5 372.6 381.1 387.4 396.7 406.3 415.6 431.9 436.9 446.2 438.4 441.7
264.1 267.5 266.4 269.6 266.9 262.2 261.1 259.7 259.6 260.4 255.2 251.3 247.2 248.5 248.8 245.1 246.2 248.6 250.5 254 251.1 250.5 248.1 247 249.3 244.9 247.4 251.4 261.8 255.2 251.7 251.8 251.2 247.7 246.7 256.7 257.2 272.5 273.5 270.3 268.3 267.8 271.6 273.6 278 283.6 284.7 281.1 279.2 274.6 276.7 277.9 276.9 276 285.1 289.7 291.2 300.2 300.2 304.5 309 312.5 322.3 332.8 353 363.4 377.9 388.8 396.6 404.2 410.4 420.4 429.9 437.1 445.3 459.7 471.7 465.3 465.6
263.3 268.5 267.1 269.5 265.9 264.5 264.9 262.6 252.5 250.8 247.7 245.2 243.2 242 241.2 241.4 237.4 237.9 240 245 241.2 242.9 240.2 241.4 242.6 239.9 241.9 252.8 253.5 248.2 246.8 242 240.5 240 237.4 251.9 257.3 267.7 272.2 270.4 267.7 268 274.8 271.5 277.1 280.8 280.7 278.4 276.4 274.7 275 274.7 274.3 273.7 278.7 282.5 288.3 296.2 300.9 309.2 315.5 321.1 332.9 340 362.2 377 394.1 409.1 421.5 427.2 431.9 437.4 448.7 460.2 475.1 481.2 487.8 483.4 487
260.6 262.5 268.2 264.9 262.3 265.1 262.6 258.8 253.4 247.6 239.2 235.1 232.9 232.3 234.3 234.7 228 229.8 232.9 229.4 231.4 228.8 228.9 232.7 226.3 227.8 235.3 241.5 244.7 238.3 239.2 236.2 233 231.9 237.8 247.3 249.8 261.1 268.7 267 263.3 267.2 267.3 265.3 266.9 268.8 272.4 270.7 270.4 272.3 268.3 273.4 273.1 274.9 283.5 290.5 295.6 298.9 303.7 310.6 319.7 331.3 344.2 351.5 370.4 387.2 398.5 411.6 431.6 438.5 449 456.1 464.4 473.8 482.9 496.6 508.7 502.8 502.8
257 260.2 260.9 257.2 257.5 259.6 257.3 251.7 247.3 243.7 233.4 227.2 221.9 221.5 222.1 223.1 222.2 215.1 219.6 217.3 218 217.7 216.2 215.5 212.2 217.8 225 230.5 226.9 229.7 230 227.2 222.3 219.4 234.2 243 244 251.6 258.5 260 257.7 263.6 259.1 258.7 256.9 262.6 265.6 264.9 264.1 265.2 266.1 268.4 269.2 275.7 285.2 298.5 304.2 307.7 314.9 318.2 324.4 333.1 345.6 352.9 368.2 386.4 399.4 410.2 427.7 432.6 454.3 460.3 468.8 473 482.3 492.4 497.1 494.1 495.8
249.4 249.6 252.9 251.6 249.7 250 245.4 239.9 235.2 233 229 220.1 214.6 212.4 212.5 213.8 212.4 209.5 207.3 207.2 204.7 207.9 202.8 202.7 201.5 206.1 202.9 208.8 214.8 218.9 219.1 217.1 209.7 215 229.2 234 237.9 246.2 249 246.8 247.9 249.6 250.6 252.1 249.7 258.2 258 258.2 257.5 256.4 257.3 264.9 271.2 278.4 287.8 309.3 317.6 318.4 322.9 327.3 338.1 355.2 359.1 365.2 371.2 377.7 386.4 397 411.7 425.3 442.9 442.9 448.5 458.5 465.7 472.3 471.5 460.3 473
244.9 245.5 248.1 245.9 238.6 234.7 231.5 225.6 221.8 220.8 216.1 207.1 203.3 199 200.4 197.2 198.1 194 192.3 192.9 188.7 191.9 190.2 189.1 194 192.6 194.1 201.4 209.6 207 209 205.2 203.7 209.7 219.9 227 235.4 241.9 238.5 240.1 231.1 234.5 241.9 241.5 242.3 243.9 247.7 248.7 245.9 244.3 259.9 263.5 265.1 279.8 290.8 307.7 320.5 321 323.1 328.9 345.1 354.3 362.2 367.5 379 383.8 387.7 391.2 399.8 406.3 417 421.5 429 434.7 442.3 449.9 433.5 464.4 473.5
232 235.5 234.7 229.1 226.4 223.3 219.3 212.1 205.7 207.8 204.4 197.6 186 180 178.2 180.1 180 177.7 170.3 169.8 168.6 177.2 173.5 175.9 177.9 179.2 182 188.3 197.6 196.4 194.7 190.3 194.2 200.3 212 217.4 230.1 235.3 228.6 226.7 224.5 223.1 234.7 235.9 234.3 233.4 233.9 235.8 236.9 240.8 252.5 258.7 262.1 274.9 291.7 304.3 315.9 313.1 315.7 321.4 338.3 357.4 361.2 364.1 373.6 376.4 382 387.4 390.8 395.9 400.4 404.8 412.8 420.1 427.5 436.2 426.1 446.4 461.6
226.2 219.7 213.4 210.3 211.7 211.9 205.8 196.3 185.3 185.5 181.2 176.2 169.1 154.2 157.5 156.1 158.1 156.8 150.4 149.9 150.3 156.2 153.1 158.8 166.7 168.4 171.7 170.7 173.2 177.5 178.4 174.6 189.9 196.2 202.4 206.7 213.8 222.9 219 216.2 217.2 220.1 223.8 222.5 222.9 222.6 224.2 233.9 239.6 246.1 253.3 261 261.8 269.3 279.7 301.1 304.4 302.1 304.8 314.4 333.4 353 355.9 354.2 358.9 363.9 369.1 372.2 381.2 383.6 385.8 390.2 403.8 409.2 416.6 425 412.7 433 443.2
206.5 208.7 203 200.7 196.5 185.6 180.4 173.3 165.3 163.2 158.6 154.8 149.7 138.8 135.9 132.3 131.5 132.4 136.9 131.9 127.7 128.9 132.4 139.1 147.1 147.8 153.5 153.5 154.7 158 155.5 169.3 176.7 183.9 191.4 194.2 197.1 206 205 203.1 205.3 210.4 212.1 213.5 210.2 215.6 230.6 239.3 248.1 252.9 255.6 262.5 265.3 268.3 269 282.1 293.4 290.7 294.2 302 319.8 336.7 346.7 340.7 338.8 349.8 355.6 359 367.8 372.7 376.9 382 390.7 397.3 405 411.1 410.7 420.6 432.8
178.5 184.4 184.3 179.9 180.4 165.9 158.2 153.9 144.7 143.9 136.2 131.1 126.3 113.5 113.5 113.7 111.6 112.8 116.6 108.9 104.9 107.3 112.9 117.8 123.7 122.6 128.3 129 133.5 136.8 142.2 152.7 165.3 173.2 179.9 179.7 181.9 192.2 191.5 185.7 188.8 201 201.3 202.6 202 213.2 226.7 240.4 252.1 255.7 260.7 266.9 267.4 268.5 268.5 269 273.8 278 279.7 285.4 305.6 322.9 324.2 321.1 328.7 336.3 345 347.6 359.6 362.5 364.1 368.7 380.6 384.3 388.1 394.2 395.1 406.8 422.5
154.7 153.6 153 150.7 147.3 139.7 137.4 131.4 125.5 124.9 116.8 106.2 99.2 91.6 93.3 97.2 94.9 89.3 88 84.5 85.3 87.1 95.3 99.3 101.8 101.5 103.2 106.5 111 113.3 124.9 136.5 146.8 159 159.9 164.5 167.7 174.2 172.7 173.6 175.8 185.7 186.9 191.2 202.1 209.4 223.8 243.2 255.9 256.2 261.7 263.6 265.1 266.3 268.3 269.7 272.8 273.9 271.5 272.8 285.4 295 300.2 305.5 312.3 323.7 327.1 339.3 344.4 349 352.5 361.6 372.6 374.2 378.7 379.3 380.9 391.8 410.7
134.5 133.3 128.3 121.7 117.1 116.3 114.4 115.1 104.4 102.9 95.4 82.1 77.5 76.4 71 75.7 74.5 71.8 74.8 74.9 69.2 71.8 73.4 78.9 82.5 85.4 88.7 87.2 90.8 93.2 107.1 120.3 128.9 132.3 143.3 150.4 148.3 155.8 160.1 162.9 164.8 170.8 181.2 194.4 206.1 207.6 222.2 244 253 253.1 254.1 256.1 257 258.1 262.2 265.1 265.9 261.7 260.5 262.7 265.7 271.7 282.6 288.5 296.7 307.8 316.3 321.9 330.8 337.7 340.4 348.9 353.6 357.7 363.4 357.4 366.4 379.4 393.3
