STL Generation/terr50_gagg_gb/data/NM88.asc
ncols 200
nrows 200
xllcorner 180000
yllcorner 780000
cellsize 50
[rows 108 to 143 of 200, columns 80 to 159 of 200]
204.7 208.8 210.2 218.4 228.9 194.5 206.4 196.3 183.6 177.2 189.8 179.5 181.2 191.5 198.5 203.4 209.2 207.1 214.1 227.5 220.7 213.9 218.4 225.3 230.4 236.1 226.3 199.1 200.1 194.7 193.7 183.1 188.6 168.8 163 159.6 161.8 171.6 177 175.8 193.7 212 220.3 223 215.2 204.3 189.4 186.6 178.7 164.8 156.8 167.9 180.1 198.2 216.1 257 270.2 286 297.6 313.2 316.6 324.2 339.9 352.1 339.9 326.2 359.1 364.2 376.4 396.2 418.3 419.7 432.2 433.1 416.4 418.4 417.3 417.3 417.9 410.1
238 233.9 238.5 248.2 253.7 214.9 225.1 212.2 201.6 203.6 213.7 207.5 213 225.2 234.5 250.9 249.7 246 250.4 265.3 263.1 257.6 259.8 262.8 254.4 250.7 241.2 218.5 230 235.4 233.2 224.8 205.8 184.3 190.6 188.6 180.2 184.3 198.7 205.5 228.3 256.3 252 248.8 251.1 232.7 217.8 204.4 196.3 178.5 183.7 191.9 211.2 233.3 246 275.5 290.3 304.7 320 331.5 336.8 341.2 362.4 382.6 362.3 370.9 395.9 407.6 423.6 445.1 462.9 487.9 488.5 471.5 461.1 459.1 458.4 461.8 466.1 456
267.8 257.7 259.4 280.4 267.9 246.6 247 235.8 232.1 233.8 240.3 243.5 254.2 266.8 269 278.3 285.2 285.5 292.6 298.5 303.6 308.1 298.8 294.9 281.7 268.4 249.9 249.7 265.1 267.4 271.4 251.7 217.2 216.5 217.7 208.4 201.4 206.2 218.2 225.1 254.7 274.7 275.8 270.8 265.7 253.4 237.4 228 222.6 202.6 218.3 224.6 235.6 262 280.4 297.8 307.6 324.4 339.4 349.3 355.7 366.9 388.2 401.2 387.2 404.3 419.3 438.7 455.1 477.8 506.9 519.5 503.9 488.2 491.9 498.1 502.8 502 500.7 488.5
294.7 291.4 291.5 303.4 277.5 268 263 259.9 254.6 266.5 263.6 281.4 290.5 300.7 308.6 313 317.7 327.4 328 325.8 326.6 330.1 324 317.6 300 279.5 277.2 278.3 293.8 296.5 287.3 259.1 257.1 254.1 243 239.3 231.6 239.7 251.3 250 268 293.7 295 284.4 273.5 265.3 252 254.7 240 228.1 253.4 257.9 264.4 284 304.1 316.4 330.8 342 356.7 363.8 379.2 390.8 409.2 421.9 415.9 434.8 444.3 460.4 482.5 499.4 525.9 526.9 507.7 515.6 530.1 529.1 526 522 526.1 525.8
334 321.6 326.3 317.6 295.2 292.3 289.8 284.1 293.5 296.1 293 305.1 320.3 331 337.3 342.1 349.9 360.6 360.5 349.1 351.8 351.9 346.9 331 315 314.2 320.9 314.7 314.6 310.5 295.3 300.4 308.2 301.9 298.6 279.4 274.3 269.5 274.3 273.1 288.8 303.6 298.7 297.3 293.1 275.1 273.5 271.7 256.4 253.2 275.8 292.4 296.2 307.6 326.6 350.7 362.3 373.8 377.5 383.3 398.5 408 424.3 441.4 442.2 454.7 465.6 483.6 502.9 520.7 538.8 528.9 527.2 548.1 551.3 545.2 542.5 548.7 551.6 553.7
362.6 355.2 348.8 329.3 325.1 320.5 323.4 323.5 326.9 316.3 324.7 335.4 350.3 362.3 364.4 367.4 369.9 374.7 378.1 372.3 376.8 379.3 358.4 353.2 350.2 352.9 358 349.7 338.2 327.8 321.7 330.8 334.3 328.4 321.2 312.3 312.1 307.3 301 303.5 304.6 308.2 310.6 310.7 301 293.6 290.7 279.9 269.9 267.3 276.2 301.9 309.1 319.2 338.3 362.4 374.1 387.4 392.1 401.6 412.4 426.2 441.2 452.6 456.2 468.5 476.1 504.3 520.2 541.1 547.1 525.6 540.2 553.7 555.7 557.4 562.4 570.7 576 578.3
394.2 377.8 365.2 359.7 359 356.3 355.4 357.7 352.1 348 364.7 374.9 380.6 392.7 393.6 394 394.6 395.9 396.2 399 400.4 389 388.6 377.9 378.9 374.1 371.3 367 363.3 351.5 357.4 359.4 357.8 358.8 354.4 347.7 337.1 327.1 321.7 317.9 314.6 313.6 312.1 311.5 310.7 308.2 298.1 288.8 275 269.9 278.7 300.4 312.8 325.4 341.4 362.1 377 391.9 399.9 411.7 429.1 446.6 463.3 478.4 475.4 481.4 492.1 520.7 535.1 543.8 529.6 532 548.1 555.5 566.6 577.6 586.9 593.6 609.1 608
417.5 400.3 386.9 388.1 389.5 387.1 385.6 390.3 376.1 386.2 395.6 409 416.8 422 418.7 414.8 423 423.6 420 419.3 415.2 419.4 418.3 410.7 406.3 398.5 393.3 392.7 392.9 382.6 387 391.9 400 396.6 385.6 371.4 357.6 347.1 337.3 329.9 324.5 322.7 320.9 318 312.9 307.6 299.2 287.4 279.4 273 278.9 299.2 313.9 327.5 337.9 362.6 382.7 398.3 415.3 423.1 445.6 467.6 485.4 500.1 495 495.5 506 527.4 541 550.4 539.1 549.8 564.4 572.8 579.7 593.3 606.2 624.5 637.1 634.5
439.8 422.8 416.4 420.8 426.7 417.2 413.3 412.9 412 413.8 427.9 436 449.9 446.9 438.3 447.4 457.8 457.4 448.8 441.9 432.8 438.3 435.6 431.8 424.4 422.7 418.3 421.9 410.3 413.7 417.5 421 417.8 412.4 397.6 389.1 378.6 362.6 347.7 339.5 327 323.7 322.7 329.4 315.1 302.5 297.9 298.2 285.6 276 279.2 295.4 307.8 327.2 338.7 367.5 382.9 407.9 425.4 438.7 459.7 480.5 500.3 514.3 499.2 504.8 518.2 533.2 546.6 550.8 556.1 577.2 592.2 597.8 606.4 620.6 643.6 650.2 658.5 651.7
461.9 443.5 445.7 459.4 464.7 451.9 436.8 434.4 438.9 441.8 448.7 456.9 465.6 469.4 463.1 475.7 483.4 483 469.3 463.3 462.5 470.1 461.1 454.7 456.4 456.4 445.9 440.7 440.5 441.3 439.5 439.9 437.8 428.2 416.8 405.1 390.8 372.4 350.3 341.8 330.8 324.2 334.4 330.9 317.1 313.7 308.4 302.3 290.5 279.8 289.8 294.2 310.8 322.6 337.3 366.7 391.8 414.1 434.1 447.9 474.7 489.4 502.1 508.1 509.9 515.8 528.1 541.4 553.8 562.7 585.9 605.8 614 629 632.2 643.1 660 669.9 669.2 668.2
494.3 482.3 479.8 491.9 499.9 491.6 468.2 459.7 465.8 469 476.7 486.6 493 488.6 491.5 504.4 507 505.1 505.2 496.3 500.7 497.6 489.5 483.1 485.3 482.4 465.6 452.2 463.4 462.8 458.8 454.3 449.7 445.3 425.5 407.9 387.4 366.8 352.7 345 340.9 334.5 328.4 325.1 335.7 325.5 312.5 304 293.2 282.7 298.4 294.7 307.2 325.3 340.4 371.5 398.8 418.2 443.7 456.6 481 489.9 498 501 513.3 520.3 536.7 551.5 560.4 585.6 614.3 632.6 644.4 654.4 658.7 669.1 673.6 679.3 682.2 682.8
529.8 521.6 506.1 513.7 524.2 524.7 497 490.5 492.2 489.5 491.4 506.4 519.2 504.9 500.6 514.5 531.7 539.9 543.3 532.4 521.6 514 508.8 506.5 501.6 492.8 475.4 470.2 480.8 480.8 473.5 468.5 458.5 451.6 429.9 404.9 383.8 367.6 355.2 347.1 344.4 341.6 332.3 336.5 340.5 332 317.9 308.8 300.9 286.2 294.8 296.6 307.3 335.1 345.7 375.2 400.9 421.6 446.3 469.5 480.3 490 503 512.1 520.2 524.9 552.2 568.9 575.8 603.5 630.6 648.1 667 668.8 671.8 685.1 678.7 682.2 687.6 687.6
534.7 532.7 525.9 532.1 534.1 545.2 551.4 540.8 523.1 510 507.3 519.6 520.9 519 510.4 535.1 564.4 570.2 561.6 554 543.7 538.1 531.7 521.7 509 499.2 493.9 499 500.3 496.2 486.9 477.3 465.2 448.5 429 409.5 392.5 371.9 358.5 351 348.4 339.5 339.5 345.1 341.2 334.2 320.6 311.8 302.6 287.5 296.7 300.8 315.1 339.7 354.8 382.3 403.5 424.7 448.5 461.6 479.3 501.8 513 524.3 530.7 544.4 571.9 576.3 589.6 617.7 637 656.1 670.7 671.5 674.6 683.3 676 675.8 674.8 669.1
544.2 541 549.8 539.5 560.3 569.7 572.3 572.3 560.6 537.7 536.8 539.6 540.3 528.2 530.3 554.1 578.9 577.7 568.9 564.6 559.2 550.1 543.8 536.7 520.2 511.7 509.5 513.8 513 505 497.5 485.5 466.4 449 431.4 412.7 392 374.4 360.6 351.4 349.4 349.2 349.1 344 337.7 329.9 319.8 311.1 302.8 289.3 298.6 303.6 323.6 338.7 364.9 388.8 403.7 421.1 439.7 461 484.5 507 524.8 543.8 551.6 570.3 580.1 581 605.4 630.3 645.7 658.7 668.3 665 667.4 670.3 669 663.2 660.6 661.4
554.4 569.3 568.1 561.7 561.4 572.3 582.1 593.4 600 588.3 575.3 563.9 563.2 564.4 566.6 582.6 585.2 580.1 570.9 565.2 560.2 562.1 559.8 550.2 535.9 527 522.5 525.6 520.5 518.3 503.1 488.6 470.3 452.7 435.4 417.8 392.4 375.3 362.7 353.5 351.3 349.1 344.2 338.8 330.9 321.9 315.6 310.3 300 290.9 303.1 308.9 323.5 342.6 365.5 377.9 398.7 416.1 438.6 464.1 489.8 514 539.9 562.3 564.2 580.3 575.9 592.3 613.8 633.4 649.9 652.3 655.4 650.8 648.6 652.8 652.3 650 639.6 650.9
565.7 568.4 573.8 575.9 569.6 574.1 593.7 601.4 609.6 593.8 589.7 596.1 598.8 598.9 597.8 594.4 591.4 580.9 570.5 569.8 569.8 573.7 560.6 558.5 552.4 542.1 539.9 536.7 530.5 518.8 501.1 494.1 468.5 448.9 426.1 405.8 389.2 376 364.2 354.9 349.2 344.9 337.5 329.4 322.3 314.9 310.9 306.9 300.5 295.3 308.6 311.4 321.4 339.2 350.7 375 398.4 416.1 433.2 461 498.9 528.2 549.4 567.7 569.4 571.2 582.6 607.7 616.4 625 635 639.3 636.3 640.5 633.4 632 631 629.4 621.8 635.5
564.1 571.6 588.4 591.4 588.3 582.4 601.2 601 600.9 601.3 603.1 611.2 623.4 624.6 612.9 600.7 586 574.6 580.1 581.1 578.1 578.4 570.6 566.7 560.4 558.3 549.1 542.2 539.8 519.8 514.8 495.2 478 458 432.8 406.4 387.5 378 362.1 350.3 348.1 341.1 330.1 321 315.1 309.9 309 307.9 302.1 300.3 308.9 310.6 321.2 334.6 353.5 370.5 388.4 411.1 435.2 472.3 508 532.7 555.6 570.7 570.9 565.8 583.7 603.4 603.2 614.4 615.5 617.8 618.7 618.3 619.6 612 609.5 605.6 608.4 619.3
559.5 573.9 585.7 590.3 594 593.9 595.1 586.5 589.3 599.7 611.6 621.6 628.8 619.8 606.1 590.4 579.7 578.5 581.1 581.6 586.1 580.5 578.2 575 569.6 554.8 550.5 548.7 539.3 524.9 515 497.9 486.7 470.9 438.8 411.1 392.2 381.1 372 357.3 347.8 336.6 325.1 315.4 311.4 310.4 309.9 308.8 302.8 301.4 304.1 309.2 316.6 335.9 346.6 359.9 381 414.3 439.7 472.2 510.5 538.5 560.2 569.3 570.5 559.4 579.7 593.9 595.1 591.5 594.1 596.4 600.5 602.5 600.3 594.3 592.9 592.5 596.1 608.5
560.9 566.3 583.3 600 601.2 592.9 581.3 586.3 590.4 604.1 612.1 606.3 609 605.2 601.6 593.5 577.1 580.1 581.5 582.1 589.7 588.2 578.5 578.2 566.1 560.9 553.3 541.3 541 527.1 510.4 499.2 485.7 469.9 441.3 416.8 398.2 384.2 377.5 358.8 348.5 333.8 318.2 311.5 313.7 315.5 309.2 304.1 303 301.5 310.3 313.1 328.8 347.6 353.5 364 390.7 427.5 442.7 479.2 513.4 536 558.9 570.1 562.2 549.9 564.2 575.3 581.7 583.4 581.4 584.8 585.3 584.6 585.7 583.4 583.7 568.6 581.9 601.3
561.1 568.8 589.3 593 592.8 576 579.4 587 589.6 602.4 597.8 600.3 591.5 590.8 593.3 589.9 571.9 581 581.4 580.5 582.9 581.8 569.1 568.4 567 555.3 549.4 551.2 543.2 523.9 509 499.9 479.8 462.7 435.4 417.2 401.9 397.4 380.3 368.1 350.2 334.5 317.5 309 317.3 319.7 314.5 304.9 302.9 301.8 310.2 326.3 344.6 359.2 366.4 372 391.6 428.3 452.5 481.2 522.5 543.5 558.6 570.4 557 546.8 548.3 553.8 559.6 569.4 572.6 574.6 573.4 570.7 572.3 568.8 564.1 548.7 567.9 589
562.1 581.4 595.5 587.9 572.8 571.4 569.3 567.8 565.2 571.8 578.4 579 582.9 590.9 585.9 581.7 571.6 581.2 583.1 578.8 577 565.6 559.2 559.6 558.3 549.3 549.5 540.6 527 511.1 500.8 489.3 470.2 451.5 433.1 419.7 403 388.3 373.3 363 349.9 335.5 316.6 307 311.7 311.4 307.5 302.2 302.1 298.4 324.6 334 339.7 348 358.1 372.5 400.6 442.7 457.6 490.3 519.2 544.3 555 566.3 559 542.6 539.2 546.1 547.4 552.4 559.7 553.6 552.4 552.4 551.8 546.3 539.7 534.9 555.3 571.9
561.4 575.9 577 570.5 579.5 569 564 552.8 564 570.6 569.8 569.5 568.7 571.7 576 569 559.9 568.3 570.3 572.3 565.9 559.8 558.5 555.9 551.3 550.6 545.3 534.3 516.7 503.5 496.3 482.5 469.2 459 444.1 415.3 392.6 379.1 367 355.2 346.3 330.6 314.3 304 301 302.9 299.1 299.7 296.5 302.4 326.2 332.9 335.7 349 365.8 378.7 395 451.9 468.1 488.4 514.5 536 550.7 556.2 552.8 543.2 525.8 525.2 525.1 526.2 536.2 542.8 543.4 533.1 531.2 526.7 521 521.9 539.7 553.2
564 569.4 561.1 571.3 572.4 562.1 551.5 550.1 550.1 560.7 569.9 568.4 563.4 558.2 562.2 555.5 553.8 561.3 562.1 560.4 557.6 558.8 548.8 549.5 544.4 542.7 536.7 530.7 519.1 502.5 487.5 474.7 457.3 447.6 426.2 408.3 385.8 374 362.1 349.4 338.6 324.3 311.6 299.7 292 299.6 299.9 299.1 301.1 308.2 324.5 329 334 352.8 371.9 381.1 393.8 437.9 464.7 484.9 511.9 522.7 534.3 537.6 537.8 533.4 523 508.7 506.1 500.8 510.8 523.5 519.8 513.7 509.6 507.1 502.4 512.5 529.1 542.4
543.6 544.8 561.9 560.3 558.7 557.2 556 550.1 551.5 559.5 559.1 553.6 554.6 546 547.1 546 548.5 553.5 549.1 545.9 547.4 540.9 549 549 540.4 534.6 525.5 518 505.1 494.3 482.1 466.4 454.7 440 424.1 399.8 386.1 369.6 353.4 345.4 328.8 314.4 308.6 297.9 288.9 291 299 300 300.7 299.1 305.3 313.1 322.9 348 363.2 378.4 399.4 425.3 449.7 469.6 492.2 508.4 511.5 515.2 519 518.7 511.8 503 496.6 488.5 484.5 485.6 489.7 492.4 491 484.5 486.6 503.4 521.1 524.1
521.5 537.3 541.9 549 544.6 542.8 553.9 553.7 556.3 564.4 552.3 542.9 538.3 538.6 537.2 537.4 536.5 528 536.4 541.9 540.6 538.4 541 540.3 538.9 528 517.4 505.4 493.3 481 468.2 449.7 441.1 426.8 411.8 399.3 379.3 357.5 347.7 335.1 316.2 307.4 299 298 293.7 284.2 293.3 299.9 297.1 294.9 296.9 302.3 307.8 333.2 357.5 381.2 411.7 421.7 433.3 450.3 471.4 480.2 482.9 489.4 497.4 499.1 500.4 493.6 488.8 482 469.5 460.8 469.8 467.2 470.3 473.9 474.2 493.9 512 516.5
509.1 527 541.3 535.4 535 551.9 562.2 554.5 552.3 563.2 564.1 544.8 536.6 525.7 523.7 522.1 518.2 516.8 521.9 538.3 539.7 538.8 539 538.8 539.1 524.3 509.8 493.6 483.2 476.1 467.4 450.8 433.2 418.2 406.9 386.2 375.2 369.8 351.6 340.4 316.8 306.8 298.3 295.5 289.2 280.8 282 290.1 285.9 281.7 283.4 293.3 300.6 321 347.4 379.8 402.8 416 419.5 422.7 436.4 448.2 462 469.4 475.4 476.5 479.7 479.6 475.9 465 454.9 446.4 444.7 450.2 444.4 452.8 450.9 476.6 497.5 498.6
515.1 528.4 523.7 524.6 544.3 565.2 571.2 560.4 544.1 544.2 553 546.8 529.1 518 503.8 508.5 510.8 523.6 535.8 540.8 539.3 539.6 538.6 538.4 541.2 528.2 510.2 489.7 476.5 469.7 462.1 449.4 434 420.2 403.6 387.5 387.2 379 362.9 343.4 318.6 303.8 295.4 287.1 283.7 280.8 274.6 274.4 272.8 271.3 274.7 284.4 302.5 320.8 342.3 366.8 377.9 389.4 403.4 409.3 415.8 423.3 442.4 450.3 455 457 458.8 462.5 457.6 449.7 446 433.6 419.7 427.7 428.2 434.9 443.6 459.3 478.1 471.8
511.9 511.7 517.1 531.9 542.5 554.7 556.7 548.3 546.1 541.6 528.3 522.8 508.9 501.8 510.3 521.4 520.8 525.1 536.9 539.6 540.1 538.7 535.3 521.4 520 512.5 499.5 484.9 469.5 456.7 449.7 441.5 433.2 427.5 409.1 402.3 400.7 395.2 384.3 351.7 322.5 307.4 296.9 291.5 284.6 282.3 280.8 280.7 278.8 271.7 268.2 279.3 299.9 316.1 332.1 348.7 358 371.3 385.3 397.5 402 412 424.7 433.6 433.4 434.8 439.6 442 435.9 427.5 425.3 419.7 404.5 401.9 411.3 417 430.6 441.5 448.2 449.3
503.4 510.5 521.9 539.9 550 556.9 554.8 554.9 553.7 547.6 521.5 504.8 498 498.1 503 520.4 515.6 531 538.5 538.6 538.9 539.7 531.8 519.1 510.5 497.7 485.7 472.5 460.1 449.6 440 432.7 423.6 417.8 415.6 420.7 413.8 405.2 386.1 355.6 330.1 310.9 300.3 294.6 287.4 283.5 281.5 279.8 279 273.8 264 271.2 292.7 304.7 320.4 337.6 340.7 346.5 358.9 368.2 386.3 396.2 406.3 410.4 416.8 418.8 425.5 426.4 420.5 419.6 404.2 399.9 393.8 383 394.1 399.4 420.3 425.7 426.9 429.4
500.4 508.5 527.7 543.3 549.3 559 557.3 557.5 548.8 532.8 515.1 503.8 498.1 496.5 498.9 504.6 520.3 542.6 546.6 541.5 539.9 536.7 533.4 517.9 499.4 483.7 473.9 459.6 450.1 437.9 427.7 421.9 417 426 426.6 423 422.3 407.3 383 356.5 333 312.8 302.9 296.9 288.3 284.7 280 277.9 279.7 278.7 267.7 260.4 277.3 282.6 292.7 306.5 318 322.9 332.1 344.5 356.5 368.1 376.1 383.8 399.2 403 401.7 407.2 406.5 401.6 393.4 382.4 381.2 374.4 376.2 390.4 410.7 413.2 407.6 405.7
499.9 504.7 524.2 539.1 549.4 552.3 552.9 554.7 528.8 507.4 503.9 495.9 503.8 498.2 496.8 504.5 524.3 543.8 544.7 541.4 532 527 527.1 508.1 480.7 467.5 460.5 449.1 436.3 426.8 422.5 419.3 432.3 451.3 441.6 423.6 428.9 413.1 384.3 358.5 341.4 320.3 304.5 298.8 290.3 280.4 273.5 270 270.8 275.8 270.6 254 261.8 265.7 272.9 286 298.4 304.9 308.8 322.8 330.1 344.1 345.9 352.9 371.5 378.4 387.8 389.4 386.2 379.3 378.6 375.7 370.6 354.6 355.4 380.3 390.2 392 384.9 383.7
493.6 505.1 513.4 523.9 529.3 543.4 548.6 531.7 510.9 502.8 497.3 494.2 505.7 499.7 496.8 503.4 524.7 530.9 536.1 532.6 523.4 514.9 505.7 486.3 467.3 449.1 448.2 433.9 425.4 422.2 425.4 427.1 440.5 453.3 448.6 425.7 426.1 405.6 384.1 365.8 350.1 331.1 310.3 301 293 283.9 275.8 270.6 270.1 269.2 268.3 255.4 245.2 248.9 260.1 268.8 277.7 285.7 292.7 300.1 309.3 325.9 339.8 342.2 340.8 346.8 361.4 367.7 370.6 366.6 365.3 362.8 355.1 341 353.1 364.7 370.7 371 361.7 366.2
494.3 499.9 499.3 513.5 526.6 542.7 527.2 512.1 503.4 496.4 493.7 495.9 507.6 498.4 496.8 508.9 521 525.6 526.8 522.5 511.6 497.4 483.7 464.7 451 443.1 432.9 424.6 424.2 424 426 441.2 442.7 451.9 449.9 448.2 441.7 417.6 398.5 376.4 360.3 338.3 320.6 307.1 301.6 291.9 282 274.5 270.6 268.5 262.6 252.9 242.6 244.6 248.2 255.2 262.1 270 275.8 281.7 293.3 305.2 318.5 337.5 336.9 339.8 335.7 342.7 350.7 354.7 355.4 352.5 345.8 338.2 344.6 349 354.4 347.6 346.3 360
481.6 479.6 496.6 500.8 510.8 510.6 511.8 503.4 494.2 495.1 493.7 496.5 501.9 502.2 506.1 519.2 519.8 521.6 521.8 514.6 500.9 489.2 475.3 461.8 450.2 440.1 437.6 438.3 434.2 425.7 425.5 428.2 427.1 434.5 450.4 449.1 445.8 425.9 404.4 384.1 369.7 349.7 335.9 329.4 324.1 305 294.3 281.3 269.9 263.3 257.1 249.9 241.1 237.4 238.5 243.4 247.8 250.8 257.9 265.1 274.9 286.7 305.9 314.1 321.1 322.5 317.8 328.2 336.7 345.7 353.7 347.8 319 318.7 330.1 335 330.7 345.1 358.2 375.7
459.7 459 477.5 476.8 485.2 498.8 499.9 493.6 489.3 494.3 491.8 493.1 503.3 513.1 520.1 519.2 518.4 519.7 509.7 509.4 499.9 487.5 473.3 460.3 450.7 448.4 451.2 456 452.1 443.7 431.2 425.5 425.5 425.5 440.6 455.5 449.9 435 417.6 397.2 385.7 374.4 356 351.5 343.1 314.6 293.2 279.2 267.9 258.6 252.9 249.2 240.1 234.4 233.9 234.3 235.3 238 241.1 246.1 254.3 265.3 285.2 299.5 304 304.6 307.7 312.2 318 340 348.3 331 302 301.9 307.3 316.5 337.8 352.4 364.5 380.4
429.5 440.1 450 458 481.4 491.5 490.1 487.5 486.4 493.7 487.8 497.3 512 529.6 529.4 523.6 519.1 519.3 521.3 507.7 499.4 474.5 464.5 454.5 456 451.2 460 461.1 462.2 458.7 444.9 432 425.5 425.5 439.2 459.3 455.6 442.7 428.7 417.2 400.1 386.3 381.2 371.7 348.5 320.8 296.5 280 272.4 260.6 251.4 245.8 237.6 233.4 232.1 230.8 232 228.2 227.7 233.7 244.2 249.5 260 280 286.4 296.8 302.4 309.2 310.1 305.7 319.4 306.3 281 297.8 319.7 328.9 339 352.4 366.7 389.2
