STL Generation/terr50_gagg_gb/data/NM90.asc
ncols 200
nrows 200
xllcorner 190000
yllcorner 700000
cellsize 50
[rows 0 to 34 of 200, columns 0 to 78 of 200]
308.3 301.1 294.2 283.2 273.2 264.8 260.2 259.9 257.8 247.9 245.2 236.7 226 223.5 210.6 222 224.4 222 224.1 222.4 220.8 217.8 215.4 221.1 218.3 208.3 206.8 193.2 188.9 201 195.7 184.1 187.3 196.4 215 234.6 246.8 253.2 251.5 264.3 278.8 286.6 290.3 288.7 292 293.9 296.2 303 311.8 318.9 330.3 335.3 337.5 336.5 327 316.8 309.8 306.3 302.7 297.1 291.5 291.5 281.2 283.2 294.2 286.7 290.5 294.6 299.9 302 297.5 298.4 301.4 291 284.4 277.4 270.6 265.8 257
301.3 294.9 286.4 277.5 268.5 261.8 260.3 258.7 251.6 243.9 238.5 228.2 222 211.8 213.2 221.9 221.1 221.1 225.5 222 216.2 216.7 214.8 221.3 215.3 212.7 204.7 193.2 187.3 197.4 183.4 188 194.8 208.7 228.3 244.1 253.8 252.5 260.3 272.7 282.9 287.7 288 287.8 291.7 296.6 301.4 308.1 314.4 322.3 328.4 334.2 337.1 334.1 325.6 320.4 308.3 297.4 293.8 290.1 284.2 287.8 280 280.7 285 286.9 292.6 297.5 302.3 302 297.5 291.3 289.3 285.8 281.6 274.3 270.1 263.4 258.4
294.6 289.2 281.8 272.6 265.2 260.5 259.2 257.9 249.2 239.2 230.1 220.9 212.1 210.8 218 217.5 213.8 218.4 226.7 219.7 215.6 214.9 213.8 221 215.8 213.5 207.1 194 184.2 184.5 185.3 194.8 203 219.5 237.1 245.8 245.7 254.4 270.6 284 287.9 288.1 286.7 287.5 293.4 299.1 304 310.2 315.6 322.2 325 328.2 330.1 328.2 321.1 313.5 303.6 289.8 283.7 281.3 278.4 275.3 275.8 276.8 280.5 286.6 292 299 301.3 300.5 297.4 292.8 284.5 282.3 279.7 274.7 268.1 261.6 257.2
290.7 284 279 270.2 263.3 258.2 255.6 255.4 248.9 236.2 223.5 213.7 204.4 217.2 218.9 213 209 218 227.3 213.8 212.7 210.5 218.8 218.7 218.1 214.2 210.8 194.3 181.2 179.4 186.9 197 208.7 226.2 235.8 237.2 244.9 260.4 278.6 287.7 291.3 287.7 285 288 293.8 299.5 305.2 311.7 316.6 320.8 325 324.7 323.2 321.5 316.4 309.5 295.8 286.2 281 276.9 273.8 273.2 275.4 280.1 282.1 285.1 290.5 295.3 299.1 298.1 295.2 290.6 280.8 275 275.4 271.5 261.4 259.9 257.4
288.7 279.2 273.3 266.7 259.1 253.6 250.4 249 240.8 227.4 215 206.7 210 219.3 216.4 209.5 205 217.3 222.1 207.8 210.1 209.6 220.6 220.3 221 216.4 209.5 192.4 179.9 178.9 187.9 198.8 213.2 226 228.9 235 247.6 264.8 280.8 289.6 291 286.8 282.3 287.2 292.4 299.1 305.2 311.1 316.1 319.9 322.6 322.7 319.9 316.7 313.3 301.2 288.8 283.2 278 274.3 272.9 273.2 279.6 281 281.7 284.7 284.6 288.4 291.1 291.8 289.7 284.9 275.8 267.1 267.3 261.8 259.8 259.8 259.8
284.3 276 266.6 260 248.9 246.7 243.7 237.6 223.2 214.6 208.3 204.7 215.2 218.8 212.9 206.5 204.6 221.2 210.9 206.2 205.4 213.6 222.9 229.3 228 218.1 210.1 189.6 179.2 180.1 186 197.8 214.3 219.6 227.2 239.8 253.5 269 281 288.2 286.9 283.3 283.3 288.6 293.5 297.9 304.9 310.3 314.7 317.8 320.7 323.9 320.2 314.8 304 291.1 284.7 279.9 274.5 273.7 271.7 275.6 279.8 279.9 281.2 284.4 283.2 280 279.5 279.4 280.1 274.3 266.7 261.2 259.5 258.3 258.3 259.2 265.9
280.3 272.4 260.4 247.7 242.8 241.6 238.9 227 214 207.7 201.5 207.6 215.2 214.7 209.8 205.7 211.4 215.4 203.8 205.1 205.5 218.2 228.8 232.6 227.7 219 207.2 186.5 178 180.1 184 193.7 205.1 215.8 229 243.4 258.1 270.2 278.6 283 280.8 279.6 285.1 291.4 297.3 302.2 305.4 308.8 312.8 315.9 319.1 322.1 317.9 308.3 293.3 280.5 278.5 275 272.7 273.4 272.7 279 278.9 279.3 281.1 283.6 286.6 287 284.5 278.7 273.7 268.5 263.8 260.6 257.6 255.9 256.4 260.4 271
274.2 266.7 254.7 239.2 235.9 235 227.7 216.5 207.1 202.1 203.3 209.6 214.9 208.6 204.4 204.3 224.4 208.7 204.8 201.2 210.1 222.5 232.4 232.7 225.3 214.3 201.2 184.6 178 180 184.1 189.7 199.7 216.2 230.2 244.9 257.8 266.8 272.4 274.5 273.2 278.6 286.4 293.6 299.9 307 309 310.3 311.5 314.6 317.2 317.1 311 292.2 287.1 268.9 268.9 268.9 273.3 271.8 278.5 278.8 279.1 279.6 282.6 285.9 288.2 290 292.4 285.7 278 271.8 265.6 260.1 257.2 255.9 255.2 260 259.4
268.6 259.1 248.3 237.1 227.1 224.7 214.5 206.5 198.5 199.3 203.8 206.2 209 202.2 204 213.7 215.8 205.5 200.8 201.3 218.7 225.9 230.6 224 216.7 207 192.1 182.7 178.8 185.2 189.4 195.2 202.4 215.9 230.5 242.6 255.2 262.6 265.9 267 270.4 277.6 286.7 296.3 305.2 311.8 313.1 313.3 312 313.6 314.2 310.3 292 289.2 278.4 268.9 268.9 269.2 270.8 274.2 279.2 278.9 279.3 280.8 283.7 286.8 289.7 291.6 290.1 285.2 278.6 271.6 266 259 257 256.4 254.8 253.9 248.2
261.7 251.5 242.1 231.3 221.9 215.7 207.4 198.5 198.5 198.5 199.4 201.2 202.8 201.9 209.7 214.3 208.1 205.2 198.5 206.8 231.1 227.8 220.3 214.9 208.4 200.4 185.3 181.4 180.5 189.7 196.5 202.1 206.8 213.1 226.8 239.1 249 257.2 260.1 261.1 268.6 277.3 289.1 301.1 310.6 316.1 316.8 315.3 312.8 312.3 301.6 289.3 284.1 284.1 268.9 268.9 270.9 270.8 271.8 278.2 280.3 280.2 279 280.7 283.9 287.1 289.9 291.3 288 281.7 275.7 269.4 263 257.6 258.8 261.8 252.5 245.5 237.2
255.3 243.6 235 225.8 216.8 208.8 201.6 198.5 198.5 198.5 198.5 198.5 198.5 206 210.7 209.1 204.8 198.8 198.5 211.6 223.8 221.7 211.4 205.4 199.7 190.1 181 177.8 188.1 197.7 204.4 209.2 212.2 213.3 223.3 233.2 241.4 248.4 252.6 256.8 265.5 277.7 293.7 307.2 312 315.5 315.9 315.1 307.8 300 285.8 277.6 281.5 279.6 269.1 268.9 272.4 272.8 275 280.2 282.1 287 280.4 279 283.5 286.3 287.6 287.9 285.9 279.3 269.8 263.4 260.3 259.3 269 262.4 253.6 250.2 241.5
249 238 227.2 220.5 212.7 205.9 198.5 198.5 198.5 198.5 198.5 198.5 198.5 203.8 199.2 202.3 201.8 198.5 199.9 210.2 218.6 217.2 205.4 198.3 192.6 183.3 177.5 185.2 198.7 206.7 210.4 217.2 216.6 216.4 220.5 228.5 235.3 240 245.2 251.8 261.2 285.3 300 308.3 310.8 313.8 311.6 302.6 300.2 289.4 276.2 276.9 278.7 276.4 268.9 269.9 271.2 278.6 276.6 280 294.3 284.2 278.2 278 284 283.7 283 283.3 282.6 273 261.7 259.5 262.2 273.3 267 258.4 261 248.8 238.7
245.5 235.2 223.7 217.1 208.8 200.8 198.5 198.5 198.5 198.5 201.5 198.5 198.5 198.5 198.5 198.5 198.5 198.5 198.8 206.2 208.6 204.4 197.6 192.7 185.6 176.9 177.9 193.4 206 208.8 218.9 224.2 221.7 218.9 218.2 224.3 229 234.2 240 248.6 265.3 291.1 300.8 306.8 308.8 311.6 313.5 299.8 294 281.9 271.6 274.7 277 270.9 268.9 274.4 272.4 281.4 276.7 283.5 291.5 274.8 276.5 280.4 286.5 279.4 277.1 278.4 275.1 265.4 258.8 263.5 271.1 278.1 265.6 269.4 257.4 243.2 249.5
243.5 231.9 220.4 213.4 205.9 200.7 198.5 198.5 200 206.3 202.3 198.5 198.5 198.5 198.5 198.5 198.5 198.5 199.2 201.9 200.8 198.4 195.2 185 178.5 176.2 185.6 196.6 206.5 217.8 226 229.1 229.9 224.9 218.5 220 224.7 229.2 237.7 247.1 267.2 287.1 296.5 301.8 304.4 309.5 305.1 296.4 286.6 276.3 271.6 274 272.5 268.9 274 273.5 277.6 278.1 276.1 279.5 273.5 273.7 281.2 284.3 278.4 274.9 272.3 271.6 267.5 260.2 262.1 268.3 279 279.6 274 270.5 247.6 247.9 247.8
238.6 226.1 215.5 211.9 203.8 201.9 199.7 198.5 206.4 204.2 202.4 198.9 199 202.2 203.7 201.6 198.5 198.5 201.5 203.6 202.5 200.8 192.8 180 175.4 182.6 191.4 200.7 212.3 226.4 231.1 233.7 231.8 222.8 217.3 217.3 222.6 232.1 243.9 257.9 272.3 286.6 292.2 295.7 301.9 300.7 300.1 291.8 279.8 271.2 271.8 273.9 270.9 276.5 275 274.9 276.9 276.7 277.3 274.2 271.6 280 283.2 278 271.3 268 266.1 264.5 261.4 264.5 266.8 276.6 281.2 278.7 274.3 258.1 250.6 249.4 247.6
231.9 221.2 211.9 207.1 202.7 205.8 206.1 213.2 211.3 207.2 204.6 204.6 205.4 206.7 206.3 198.5 198.6 200.8 203.7 204.2 201.8 195.6 187 176.3 178.9 190.1 196 205.6 219.3 230.6 234.1 235.1 225 217.3 217.3 217.3 225.3 236.3 248.7 261.8 275.1 285.2 287.6 287.2 291.5 293 297.1 285.7 274.6 270.4 272.1 270.9 273.5 281.7 276.3 274.7 276.8 276.5 274 270.1 274.6 281.2 279.9 271.1 266.2 261.6 260.8 262.4 263.3 265.3 268.6 274.3 280.2 279.3 271.6 257.8 252.5 249.1 245.9
224.6 212.4 206.3 203.7 202.8 208.8 215.3 217.4 213.6 213.3 208.9 209.9 209.8 203.8 198.9 200.3 202.1 204.2 204.4 203.7 197.2 190.1 181.4 175.5 180.8 190.1 200.1 210.7 223.2 232.4 236.4 234.2 217.3 217.3 217.3 217.3 224.3 238.1 251.8 264.9 277.9 282.8 282.5 278.5 283 292.9 290.5 279.1 270.7 275.8 278.2 271.2 278.8 276.6 273.3 275.2 278.5 277.4 272.5 268.5 273 275.3 272.5 265.6 261 259.9 263.2 264.8 266.2 266.6 266.6 271.3 275.8 269.4 264.5 259.9 252.3 247.1 236.5
217.4 204.1 202.6 202.6 208.4 212.1 219.5 218.3 217.7 215.3 215.6 213.5 204.6 199.6 200.7 201.9 202.3 203.5 204.2 200.7 193.2 185.6 177.4 174 181.4 193 203.9 216.6 227.7 236.9 241.5 228.5 217.3 217.3 217.3 217.3 227 240.5 255.1 267.9 276.1 277.7 276.3 273.5 279.1 285.2 277.6 271.6 271.6 279.9 277.5 274.1 282 274.8 274.1 275.9 278.8 277.2 274.8 269.9 267.7 268.4 266.5 261.6 259.1 263.9 265.7 266.9 268.1 268.4 267.9 262.8 266.8 262 259 255.5 251.6 244.3 232.2
211.9 200.7 200.5 201.6 210.8 221.1 219.4 218.3 221.9 219.1 215.9 206.3 199.5 200.5 201.6 202.6 202.3 201.9 201.7 197.3 190 182.4 175.5 176 192.4 205.2 216.7 228.1 235.1 242.4 244.1 219.9 217.3 217.3 217.3 217.3 230.8 245 254.3 265.4 272.8 268.5 266.9 274.2 280 276 270.4 267.4 273.7 281 277.9 277 279.7 276.8 275.5 274.9 276.9 275.7 273.8 272.1 268.7 265.1 262.4 257 262.8 268.9 271 271.4 272.2 271.9 268.9 261.7 257.3 256.1 254.7 253.8 249.2 239.4 233.8
207.1 199.1 196.7 204.2 216.6 218.5 218.4 219.7 218.6 221.4 211.8 200.2 197.9 199.6 201.3 202.5 202.1 201 198.5 194 186.7 178.8 173.1 186.8 204.3 217.1 227 237.9 247 249.9 233.9 217.3 217.3 217.3 217.3 221 236.8 250.1 257.5 260.1 260.8 257 261.5 273.4 280.1 269.4 266.6 269.8 278.1 279.5 275 278 281 279.2 274.7 273.7 274.2 273 271.5 270.3 269.7 264.9 259.2 258.6 265.1 272.1 274.6 275.2 273.8 271.9 267.8 264 256.7 253.1 251.8 250.1 245.5 235.5 234.2
204.2 197.8 194.7 203.7 218.5 215.3 217.1 213 214.9 213.4 204.8 200.5 195.4 198.8 200.4 201 198.8 196.7 194.7 190.5 182.4 172.6 181.7 197.8 213.7 227.5 236.2 244.2 252.4 253.6 234.8 217.3 217.3 217.3 226.2 238.4 247.6 256.3 258.6 257.2 257 257 262.4 276.8 272.4 266 263.9 271.8 278.3 275.9 275.4 279 280.6 279.2 274.8 272.5 271.4 269.9 268.8 267.9 266.1 260.9 256.7 259.5 266.2 271.3 275.6 275.4 273.1 270.9 267.5 263.6 254.4 251.4 249.8 246.3 241.3 236.6 234.2
201 194.5 193.7 210.1 212.1 213 209.6 208.7 209.9 204.2 201.2 200 195.9 198.3 199 199.5 196.9 194.4 189.9 184.2 176.4 178.2 190.4 208.9 220.7 233.7 242.8 250.6 254.4 255.9 245.2 230.7 236.6 237.6 246.2 252.2 255.9 262.6 261.8 257 257 257 269.2 273.1 264.7 262.9 261.9 270.9 277.3 275.3 275.3 278.2 280.2 276.9 272.9 270.6 268.6 266.5 264.9 263.5 262.7 255.7 266.5 262.2 265.6 271.9 274.5 274.1 273.1 271.3 267.3 257.4 252.6 250.4 251.7 247.5 237.9 235 233.8
197.4 191.3 196.5 208.4 208.3 208.1 203.9 207.2 203.1 199.1 199.6 193.2 196.5 198.3 199 197.8 195.3 190.6 184.7 178.8 170.4 184.5 199 214.4 227.8 239 246.5 253.4 256 257.4 253.1 256.2 253.9 255.8 256.9 259.8 262.8 266.2 265.3 258.9 257 257.9 264.3 264.3 261.8 260.1 261.4 268.8 268.2 271.4 275.2 278.7 277.1 273.1 269.5 266.7 264.8 262.8 260.6 257.5 255 268 271.6 265.9 266.5 272.7 273.1 272.7 272.4 271.6 271.9 254.7 253.7 255.6 251.8 246.5 236.6 235.1 233.9
194.1 191.1 198.4 202.3 204.7 200.5 200.9 204.8 195 196.6 190.7 190.2 196.5 198.1 198.2 195.9 192.8 186.5 179.5 173.2 175.5 190 205.7 220.7 234.5 245.1 251.4 258.4 258.5 259.1 260.2 262.1 264 262.1 263 264.5 265.9 266.4 266.1 261.7 259.9 261.2 263.2 262.6 261.3 259.8 260.2 264 266.7 270.9 275.7 276.8 274.1 269.4 265.8 262.8 260.8 258.8 256.3 253.8 268.9 272.7 266.8 268.2 271.4 271.3 270.8 271.1 270 272.9 264 254.5 256.3 258.2 253 250.7 237.3 235.6 234.1
190.1 191.3 192.5 197.9 195.5 196.5 195.3 191.5 193.5 191.1 183.8 189.7 192.2 193.6 194 192.4 189.4 183.6 175.9 169.5 180.2 195.5 209.4 223.1 236.9 248.6 254.7 257.9 258 257.5 259.6 262.2 264.3 266.3 268.2 268.7 267.8 266.2 265.4 263.1 262.3 263.5 264.4 263.2 261.4 260.1 260 262.3 265.1 269 270.7 274 273.5 266.9 261.6 258.8 257.6 255.7 255.3 260.2 257.3 260.8 264.2 269.6 269.9 269 268.6 268.8 270.3 262.7 257.1 255.7 256.7 252.2 251.8 244.4 236.5 237.3 235.9
188.2 190.2 189.6 193.9 193.9 192.9 184.8 183.5 188.9 177.1 183.3 182.1 185.1 187.8 189.5 188.8 184.6 177 169 172.1 182.6 199 212 224.6 237.7 249.7 252.6 253.7 255.4 255.9 258.4 261.2 264.5 268 272 271.9 269.4 267.4 264.2 263.7 263.7 265.4 266.6 264.2 261.5 260.5 260.5 261.3 262.6 263.9 264.6 269 265.5 260.4 258.5 255.9 255.5 255.5 255.1 253.8 255.6 263.9 266.2 266.5 267.2 267.1 266.7 266.1 261.8 258.3 257.4 257 251.7 246.2 245.4 241 239.2 239.5 237.7
187.8 187.8 186.9 189.4 185.3 183.2 179.1 177.7 170.8 176 176.1 177.6 181.5 184.4 185.6 182.1 176.8 170 165 174.9 185.3 197.4 212.1 225.8 235.6 241.8 245.2 248 250.3 252.5 255.7 261.1 265.7 270.6 273.3 273.2 269.8 267 267.3 266.4 264.2 266.1 267.6 265.4 263 260.2 260.5 261.6 262.8 263.6 262.9 261.4 262.9 254.9 254.8 254.5 255 261.3 253.8 255.4 267.4 271 269.3 268.2 267.9 265.7 263.4 264 264.3 269.8 265.2 259.9 251.6 245.1 241.5 240.3 241.9 240.4 236.3
185.3 185.4 183.6 183.3 178 176 173.4 170 165.6 170.6 171.8 177.3 184.5 183.4 179 174.3 168.6 167.1 170.5 177.8 189 200 208 218.1 226 229.7 234 239.9 247.3 249.4 254.2 260.6 266.6 272.3 273 273.5 271.7 271.1 269.9 267.7 266.5 265.5 267.6 266.2 263.9 263 263.1 264.9 269 265.1 264.2 261.3 253.7 252.4 253.1 252.9 262.1 257.5 256.4 273.8 277.7 269.9 268.8 269.2 269.5 268 266.6 266.3 268.7 272.2 268.9 265.2 257.4 252.3 247.8 245.5 246.5 246.7 240.2
187.4 179.2 176.6 177.4 176.6 174.3 171.7 172.7 163.5 167.4 171.2 182.2 190.7 186 173.6 167.6 165.1 174.2 183.9 191.7 198.4 211 220.5 225.8 228.9 235.1 241.4 247.1 253.7 257.5 261.8 266.6 271.4 274 274.2 274.5 275.2 275.8 273.5 271.5 267.9 263.5 265.8 264.7 269.6 267.6 265.7 266.5 266.4 261.9 260.9 255.3 248.8 249.8 250 255.8 253.6 256.9 275.4 279.7 270.4 269.7 271.3 271.6 272 271 269.3 267.8 269.8 271.8 271.3 266 261.3 259.4 256.5 252.4 250.6 251.5 244.7
190.9 184 178.6 173.4 172 168.6 169.2 165 161.9 163.4 174.1 183.2 189.4 183.9 170.2 160.9 172 182.4 193.7 204.2 216.1 226.1 234.7 237.1 241.1 245.8 249.5 254.8 260.4 263.7 268 272 275.7 276.2 276.5 276.8 277.8 278.2 281.6 280.7 272.8 265 262.8 265.7 269.8 266.8 264.1 262.5 258.5 254.3 248.5 250.9 251.8 249.6 258.7 255.3 255.4 265.7 275.4 264.8 265 270 272.6 273.9 275.1 275 270.8 268 269.2 270.7 268.7 265.5 267 266.1 259.7 252.5 252.6 253 234.8
192.2 181.9 178.9 173.8 166.4 164 166.2 157 160.7 173.3 179.1 182.9 184.9 176.1 164 168.8 180.8 192.6 207.3 219.5 233.5 241.6 245.6 247.4 250.9 254.4 258.8 261.2 266.1 270.1 273 275.9 278.3 278.9 278.8 279.1 280.1 286.3 289.9 282.2 273.6 264.5 261.3 262 264.4 263.5 262.3 247.3 246.9 247.7 252.3 257.4 256.6 253.8 252 248.8 262.4 267.8 257.3 255.9 264.7 271.9 273.5 275.3 276.4 276.6 269.3 267.3 268.5 267.9 265.1 266.4 267.4 266.9 259.9 254.2 249.8 241.4 220
190.1 183.3 180.5 177.7 167.5 159.8 155.6 153.2 171.7 183.6 182.1 183 179.9 166.1 158 176.7 192.3 209.1 222.9 234.1 244 249.6 253 256.4 259.8 262 265 268.7 272.8 275.5 277.2 279.8 280.9 281.6 281.5 281.3 285.5 292.1 287.6 278.6 272.3 266 256.8 252.5 257.1 259.4 248.9 245.2 247.4 251.2 255.9 258.7 256.8 255.5 242.6 254.3 257.5 248.9 242.7 253.6 264.2 274.3 277 276.5 276.1 270.6 265.1 271.4 266.8 263.7 264.7 267.5 267.7 265.3 259.8 252.6 240.6 221.1 204.2
187.1 183.6 181.3 179.1 168.3 160.8 153 159.5 179.4 183.3 182.1 175.9 174.7 154 164.9 185.7 207 224.9 237.1 244.1 250.8 256.5 260.9 263.6 266.7 268.1 270.9 275.1 278.6 281 282 283.2 282.9 282.8 282.5 282.4 288.6 289.6 282.5 275 273.6 259.6 247.3 252.5 254 253.7 246.9 246.3 250.8 253.2 253.3 256.4 262.4 244.5 237.5 246.7 243.4 237.9 242.1 251.4 262.8 272.3 277.6 279 268.7 263.7 268.8 275.9 265.1 261 265.3 268.6 268.4 264 258.1 248.4 223.8 204.5 184.4
186.1 182.9 181.4 178.2 164.4 154.4 150.1 162.4 174.4 178.2 177.1 171.3 161.4 156.8 168.7 188.9 212.1 232.3 241.4 244.4 253.9 262.3 267.3 272.3 272.7 272.7 275.3 279.4 283.1 285.9 286.5 285.3 283.9 283.9 283.9 284.6 285.3 282.7 276.5 273.4 268.6 247.8 243.9 246.8 250.6 252.6 242.4 250.4 259.1 251.4 249.2 254.3 244.9 247.4 236.3 228.7 228.2 232.7 238.4 247.5 259 269.7 274.4 264.6 260.4 264.6 275.1 273.8 260.6 262.3 266.7 268.8 266 257.8 249.8 232.9 206.1 183.3 167.1
186.2 182.9 179.9 174.5 160.8 150.9 151.1 160.2 169.7 171.1 169.7 163.4 151.8 164 176.9 188.2 206 225.2 236.3 239.1 248.7 259.2 266.5 272.3 274.6 275.2 278.7 282.9 286 287.6 287.6 286.4 285 284.9 283.9 282.4 280.5 277.5 272.1 267.6 257 241.2 236.7 241.9 247.4 245.9 240.4 253.7 252.6 242.7 243.8 241.9 247.3 242.1 232.6 227 226 230.7 236.2 242.8 253.5 261.7 262.4 256.5 258.8 273.1 275.1 263.6 258.6 266.9 268.3 265.6 254.8 244.1 230.8 207.3 183.5 167.8 151.5
