STL Generation/terr50_gagg_gb/data/NN09.asc
ncols 200
nrows 200
xllcorner 200000
yllcorner 790000
cellsize 50
[rows 0 to 34 of 200, columns 78 to 155 of 200]
459.6 454.9 457.3 441.6 424.7 415 403 396.5 393.9 395.9 403.4 403.4 400.9 394 378.3 361.4 348.3 338.9 330.2 323.2 312.6 304.1 295.4 284.5 274.8 268.2 264.3 265.1 266.9 261.3 254.7 253.2 242.5 237.7 230.1 224.5 222 218.6 218.9 221.8 227 227.9 226.6 223.1 216.5 212 208.9 206.3 204.5 205.6 216.9 226 231.7 236.1 243 245.6 250.1 249.3 251 250.2 247.8 246.9 248.3 249 249.8 257.2 266.7 274.8 283.9 291.8 296.7 299.9 299.3 298.6 293.1 288.4 284.9 281.3
499.2 494.3 492.2 470 453.2 439.7 425.9 417.7 412.5 409.6 411 414 411.3 399.8 384.9 369.4 358.5 348 340.2 334 326.4 319.3 309.2 296.5 284.9 277.2 274.3 270.5 267 263.1 257.8 251.3 249.1 245.1 239.1 229.9 225 223.6 224.3 228.2 237.8 247.9 242.3 235.5 226 219.5 215.1 211 206.4 201.8 203.9 211.2 217.2 222.9 231.1 232.8 238.8 242.6 241.5 240.9 240.2 242.2 243.3 245.2 251 254.5 262.6 268.4 279.1 288.5 297.4 305.9 304 300.6 295 293.7 289.7 287.1
539.3 531.3 524.3 495.5 472 457.1 445.6 434.3 429.8 422.7 417 421.6 421.3 406.4 393 383.1 370.8 360.1 355.2 351.8 342.8 334 321.9 308.2 296 290.4 281.4 277 272 267.7 261.3 255.7 250.5 245.5 241.1 237.5 233.2 229.7 232.4 235.1 243.9 251.3 246.3 240.6 233.2 227 219.9 214.2 208.7 204.1 200.1 202.3 205.9 210.1 218.3 223.1 230.7 232.7 231.7 231.5 232.6 236.4 241 248.8 253.1 258.8 264.1 269.2 277.6 287.9 298.7 306.8 306.4 302.3 300.1 297.8 297.2 298.7
562.5 555 550.2 524 497 481 467.7 455.4 444.2 437.4 429.8 424.7 418 407.3 398.5 388.8 379.3 373.1 367.3 365.4 358.4 346 333.1 320.3 308.4 297.7 289.7 283.8 278.8 275.4 271.9 266.3 261 256.6 255.1 250.7 245 240.1 239.8 239.7 245.7 248.1 244.5 239.6 235.7 228.2 222.4 217.3 211.4 206.6 201.3 198.9 200 205 209.4 215.2 221.5 224.9 226.5 229.5 234.7 239.8 245.1 253.8 260.9 265.4 269.3 274.1 278.3 286.5 293 299.4 303.9 301.4 297.6 301.2 301.5 303.3
570.2 567.6 566.8 552.3 526.4 505.5 489.6 478.1 466 454.3 443.5 432.7 425.8 412.4 402.8 393 386.3 381 376.9 373.5 367.3 355.5 343.1 330.9 317.8 306.3 297.3 290.9 286.3 284.4 280.2 275.5 272.6 271.1 271.1 270 261 253.6 246.6 245 247.4 247.1 244.5 242.8 238.9 232.1 226.8 221 217 212.1 205.7 200.7 199.9 201.4 205.2 210.3 216.1 222.8 225.5 229.7 238.3 245.3 250.2 259.1 270.8 274.8 272.2 274.2 276.4 280.2 285.4 287.5 290.1 291.8 292.6 299.7 304.1 308.8
574.1 575.2 577.6 576.7 557.3 527.5 512.5 499.8 487 472 454.7 442.9 431.8 419.3 410 401.2 394.9 390.5 384.9 380.5 374.6 363.8 351.9 340.8 328.5 315.8 306.6 298.7 295.2 294.9 288.6 286.4 285 287.4 294.3 284.3 278.2 270.2 260.7 254.6 251.6 248.9 247.4 246 241 236.8 234 231.7 229.4 225.1 212.4 206.1 199.2 199.4 201.9 206.1 215.2 224.8 225.3 233.4 235.1 242.9 251.6 260.5 267.2 267.6 267.8 269.2 269.3 273.3 276.2 274.8 277.1 281.6 285.8 293.6 304.3 309
577.9 579.8 581.8 576.8 568.5 552.5 536.5 524.5 509.6 488.2 466.7 456.1 442.8 429.7 421.5 412.7 406.9 401.7 395.9 390.3 384.8 377.8 365.9 353.3 339.5 326.5 316.1 308.4 303.9 303.4 300.7 298.7 299.8 303.9 304.3 301.6 293.6 284.5 275.1 268.2 261.7 257.7 253.3 252.5 249.3 247 247.2 244.7 245.3 236.1 217.7 212 203.3 197.5 198.8 203.1 211.8 218.5 223.3 228.6 231.5 236.3 235.9 242.4 252.4 255.2 257.4 258.4 260.2 261.5 263.5 262.6 268 274.8 277.6 286 296.1 299.5
577.1 576.6 574.8 571.3 566.6 556.9 545.3 535.1 518.2 497.7 482.3 468.3 455.1 442.8 431.9 425.1 419.7 414.9 410.5 405.3 398.3 389.2 378.1 366 354.7 344.2 332.6 323.4 318.4 316.3 315 314.5 318.3 320.9 322.2 318.1 308 299 288.8 279.8 274.5 271.2 267.6 266.6 262.1 262.2 259.2 260.9 262.2 246.6 230.1 225.8 214.2 202.7 196.9 197.5 203.7 209.4 215 221.2 224.8 224.6 225.1 227.5 235.8 237.9 239.2 242.1 245.9 248.2 250.1 252 260.2 266.6 268.5 273.3 274.9 274.9
575.8 573.5 568.2 563.4 558.7 552 544.4 536 520.4 506.8 495.9 480.7 469 457.8 447.5 441.3 435.1 429.3 423.7 417.3 410.1 400.1 391.7 381.4 372.7 364.2 356.8 347.1 335 333.6 333.2 331.5 334.3 337.9 335.2 329.9 321.9 315.8 304 292.8 287.6 285.9 288 289.3 279.1 277.7 274.6 271.1 263.8 255.2 244.8 237.5 222.9 210.8 197.8 196.5 197.3 200 209 214.7 215.3 213.9 215.3 215.6 222.5 225.3 226.9 228.7 232.8 237.1 238.5 242.7 247.6 251.9 255.7 253.6 250.8 248.2
573.8 568.4 564.4 562.9 555.8 548.3 541.5 535.8 527.1 519.8 510.5 501.6 492.1 478.4 468.3 460.4 455.1 446.8 443.7 436.9 426.1 420 411.6 399.2 391 384.6 374.6 365.3 356.1 354.5 355.5 352.8 354 355.2 348.6 343.4 340 334.5 320.9 307.4 304.6 307.1 312.1 311.5 293.1 291.5 286.5 290.4 276.5 259.8 245.9 231.2 228.5 218.5 206.3 197.7 196.2 196.7 201.2 207.4 208.6 205.5 205 204.4 210.9 214 217 218.3 223.2 225 225.7 231.5 237.2 237 237.7 239.2 235 227.1
569.7 566.4 561.9 561.2 556.8 548 542.8 542.3 536.8 530.8 525.1 516.6 509.8 502.6 495.5 488 478.6 471.5 469.2 457.9 449.3 441.8 434.1 421.7 414.7 413.5 404.3 391 378.9 378.2 379.6 377.2 373.8 369.7 363 362.9 364.5 351.5 338 323.2 323 330 332.2 323.4 313.1 299.5 297.4 291.6 274 254.1 237.3 223 224 215.4 207.3 201.3 198 195.6 200.1 205.2 206.8 206.6 202.7 198.4 202.3 205.7 206.4 208.7 213.4 215.7 217.6 220.3 223.6 221.7 221.6 219.7 216.4 212.3
562.2 558.9 558.9 558.8 552 547 546.1 543.9 541.1 538.9 534.7 528.8 521.9 516 509.2 502.7 495.2 489.9 482.1 477.5 467.3 460.8 456.6 450.8 436.9 433.1 427.1 414.4 399.7 398.2 396.3 392.5 390.3 381.7 374.1 368 365.5 355.8 347.5 338.4 338.6 343 333.3 325.8 313.6 300.9 293.7 279.3 262.1 245 230.9 219.9 212.5 208.1 202.7 197.6 196.6 194.5 203.7 214.8 208.6 209.1 204.2 197.7 195.4 197.6 199.6 200 201.6 204.8 206.4 209.2 213.8 218.2 209.4 208.7 204.7 197.4
553.9 552.3 553.5 552.9 550.8 549.4 547.9 545.2 542.5 542.1 539.5 532 524.8 518.8 513.3 507.9 503.8 499.3 493.4 487.7 482.7 473.8 468.2 462.9 452.5 444.6 438 425.7 412.5 412.7 409.4 399.5 395.4 390.3 381.1 372.6 363.1 357.2 352.3 348.1 347.4 340.4 325.4 313.2 302.9 287.9 279.7 261.9 249.9 236 224.3 214 207.1 201.2 195.1 192.5 193.2 192.9 202.4 209.1 207.6 200.1 199.2 193.6 190.2 192.1 192.2 191.1 194 195.7 192.3 190.9 196.2 199 193 193.1 192.9 187.6
544.4 544 547.2 549.4 550.6 551.3 548.3 547.4 545.8 542.9 538.7 532.2 524.6 519.2 514.4 508.4 504.6 501.1 497.5 494.2 488.6 478.9 471.1 465.8 456.5 446.7 442.5 433.3 419.5 417.7 416 405.7 398.6 390 379.7 367.7 357.2 354 353.4 347.6 342.2 327.9 314.1 300 288.9 277.1 265.9 252.8 240.5 227.8 214.5 207.2 200.7 194.8 191.4 188.4 189 186.8 195 201 208.4 202.9 197.7 194.7 190.8 186.2 185.1 183 182 184.2 183.3 180.4 179 176 173.5 172.1 171.4 169.7
532.3 536 542 548.4 551.1 548.4 546.7 550.8 544.1 538.4 534.5 532.5 524.7 519.4 512.5 507.5 503 499.5 495 489.6 483.7 478.1 470.9 464.3 455.2 445.2 434.3 424.4 418.5 416.5 414.6 408.4 399.3 387.8 378.3 369.4 356.9 350.1 343.7 335.4 327.6 318.2 305.3 292.2 281.9 271 258.5 246.6 233.8 221.5 209.5 201.9 196.6 190.6 185.9 183.3 184.2 176.5 185.6 192.6 203 198.1 193.6 188.6 193.1 184.6 178.3 176.2 175.8 179.5 176.7 172.5 167.3 161.8 157.1 154.2 154 149
521.5 529.2 537.2 544.1 545.1 543.1 545.4 546.5 539.5 534.9 532.8 528.3 523.8 518.9 511.6 505.6 500.4 493.6 488.2 483.3 479 473.3 467 462 451.2 441.2 431.7 418.6 409.1 407.2 406.5 401.5 393.8 381.6 369.4 360.5 351.2 340.5 331.1 322.7 320.2 310.1 294.7 285.2 276.3 267.1 250.8 237.5 226.8 216.3 208.2 202 195 188.6 182.3 178.9 176.1 170.8 177.8 178.7 184.6 186.4 184.1 185.3 189.7 184.8 177.4 173.4 171.7 170.2 168.2 163.2 156.8 152.3 148.2 145.4 143.3 139.6
508 516.5 527.9 538.2 538 539 543.1 540.9 536.6 535 528.6 521.5 519.5 516.3 509.4 501.4 496.7 488.3 481 475.8 469.6 464.4 457.9 451.2 441.3 434.2 425.9 413.8 405.4 398.1 396.5 391.4 384.4 379.9 371.7 366.4 355.6 342.7 328 315.3 309 298.4 287.8 279.6 270 256.4 243.6 230.4 219.6 217.1 213.3 206.2 197.5 189.9 182.6 175.4 171.2 165.3 168.5 167.4 172.5 177.2 181.6 185 193.2 192.6 184.5 181.4 173.9 169.9 162.3 158.2 155.2 149.1 143.2 140.6 140.1 135.3
493.7 499.1 512.6 525.2 526.3 528.3 528.8 527.6 525.6 522 515.9 513.7 512.1 507.2 498.3 491.4 486.9 480.8 471.9 461.3 455.3 449.9 442.4 431.5 424.8 418.4 414.5 410.5 400.2 393.9 385.9 381.7 377.9 372.3 366.1 358 347.4 332.5 320.7 309.3 306.1 294.8 283.4 274.7 262.8 247.7 234.8 229.7 227.2 222.9 218.1 209.9 200.4 190.3 182.3 175 168.3 164.1 159.7 160.3 163.9 167.2 174.5 175.8 186.3 192.6 199.4 194.5 185.3 170.7 160.3 157.7 159.6 155.9 143.8 139.4 137.6 134.3
475.8 479.5 487.1 503.2 505.8 506.7 511.8 510.3 508 499.4 496.6 493.9 493 486.8 475.5 467.9 469.9 460.5 452.3 442.6 433.1 424.3 415.3 407.9 400.3 398.8 399.2 392.4 384.1 376.6 371.1 362.3 355.3 348.2 339.5 332.7 324.4 313.8 305.8 296.7 292.3 281.2 270.7 260.2 252.3 241.1 235.9 235.2 229.3 218.6 211.3 205.9 199.1 190.5 182 175 169.1 163.6 157.9 155.1 155.9 158.2 164.6 168.4 177.8 186.7 190.2 188.6 180.2 167.3 151.7 147.2 146.3 148.5 137 135 132.5 133.7
452.9 457.9 461.4 468 474 477.4 481.3 484.5 486.7 479.1 475.6 470 464.3 459.2 450 438.6 432.3 425.6 416.9 408 403.1 392.4 385.1 380.1 375.9 371.3 368.7 364.9 360.6 355 350.8 343.4 334.9 327.6 320.5 312.7 306.3 298 290.2 282.3 273.7 268.4 259.4 250.8 243.6 236.9 232.7 227.5 220.4 212.9 204.9 197.4 193.9 188.2 182.5 177.2 171.7 164.9 158.8 154.7 151.3 150.8 157 160 167 171.9 174.8 172.7 170.6 157.9 149.9 141.5 136.6 133.5 133.1 131.1 131 133.3
427.8 433.9 438.5 437.4 437.3 444.6 445.5 450.2 451.8 451.8 453.6 449.8 438.1 430.3 427.5 415.4 405.3 400.5 392.2 385 376.6 369.8 364.2 361.7 357.6 351.9 346.2 343.4 339.7 335.3 330.5 324.8 316.9 310.1 303.2 296.1 289.1 281.9 274.6 267 259.6 257.5 251.5 242.7 237.4 231.2 223.6 218.2 214.1 208.4 200.6 195.5 192.6 191.1 184.3 179.7 174.2 167 160.7 155.4 149.7 145.8 147.8 149.9 152.2 157.3 154.9 150.7 146.9 144.3 142 136.8 132.9 131 131 131 131 131
405.3 408.7 412.8 410.8 410.2 410.6 412.1 417.3 419.3 420.7 423.2 423.5 409.3 401.5 397.7 390.6 383.9 377.5 369.2 365.9 359.6 352.5 347.3 342.5 339.5 336 330.5 326.1 323 317.5 312 307.1 302 295.1 288.1 280.5 273.3 268.9 262.7 256.6 250.1 246.8 245.3 240.4 233.8 225.9 219.7 214.6 209.4 202.1 194.1 191.7 191.6 189.5 185.6 183.9 174.7 165.9 160.7 155.7 147.5 144.1 142.9 143.2 142.5 142.4 142.9 141.6 139.5 138.7 136.9 134.7 132.1 131.6 131.9 131.9 131 131.2
383 383.5 384.8 383.2 382.4 382.5 383.6 385.7 388.1 390.7 391.3 389 380 373.7 369.3 366.3 361.1 355.2 349.8 347.5 341.9 338 333.4 329.1 323.7 320.6 316.8 313.4 309.9 304.7 299.8 295 289.5 282.9 275.8 268.4 261.5 255.8 251.2 248.2 245.3 239.7 239.1 238.5 229.7 221.6 215.7 211.2 204.4 196.1 189.1 186.3 187.2 185.3 177.5 172.9 167.5 161.3 156.6 153.1 145.3 142.1 141.2 139.9 140.3 140.5 139.6 137.4 135.2 133.8 133.3 131.5 133.7 134.6 134.8 134.5 133.3 133.9
359.2 357.8 358.1 357.3 356.2 357.6 359.5 360.9 360 359.4 358.3 357.1 352.5 349.8 345.4 342.7 338.7 336.9 334.6 332.2 328.6 325.4 321.3 315.6 310.1 307.2 305.6 302.7 298.6 293.2 288 283.1 277.2 271.3 264.6 257.9 250.8 244.6 239.4 235.4 237 231.7 232 234.4 226.3 216.8 210.4 204.8 200 190.1 182.1 179.9 181.6 179.4 174 167.2 161.1 154.5 149.3 146.1 142.2 140.6 139.5 137.9 137.3 137.3 135.3 133.9 134.4 134.2 135.3 136.7 138.3 138.7 138.9 137.7 137.1 136.6
339.3 337.5 335.3 336.4 334.4 335.6 336.8 338.9 337.7 338.6 335.9 334 332.5 330.8 327.7 325.2 321.6 320.6 320.9 318.4 316.3 313.6 309.6 304.7 298.3 297.4 295.8 292.4 287.4 281.3 276.2 270.9 262.8 257.8 252.6 246.3 240 233.3 227.7 223.2 222 221.7 218.3 221.3 224.6 211.4 204.5 196.9 190.3 183.8 175.4 171.2 170.3 167.2 164.4 158.4 152.2 147.8 144.8 140.8 139.2 139 140.1 138.4 137.7 139.4 140.3 139.1 140.1 141.3 142 142.5 142.3 142.8 142.9 142.3 141.8 142.3
322.5 318.8 316.4 315.3 315.1 315.9 317.7 318.9 319 321.6 319.5 317.5 316.2 314.7 312.1 309.4 307.8 306.5 305.5 305.2 303.7 302 299.2 295.2 289.8 286.4 286.6 285.8 280.8 270.9 269 263.6 253.4 245.4 240.1 234.3 228.4 221.6 216.4 212.3 209.2 204.6 205.1 203.9 201.5 198 192.3 183.9 178.9 174.8 171.5 166.2 160.5 159.2 154.9 150.8 145.3 144.7 144.3 141.1 138.6 138.8 140.4 140.8 139.5 139 140.2 141.9 146 150.4 152.9 155.2 150.8 147.2 147.4 146.7 147.8 149.1
307.1 305.1 301.9 301.1 299.3 298.5 298.9 302 303.7 304.3 302.4 302.6 301.4 300.1 299.3 297.3 295.2 293.9 292.9 292.6 292.1 290.5 288.6 286 281 278.9 278.9 278.9 274 264.9 257.7 252.2 244.3 236.4 229.8 223 216.8 210.3 205.3 201.7 195.7 189.1 187.7 185.8 183.1 181.1 177.9 174.8 171.6 167.3 163.6 159.8 154.3 150.1 148.8 146.8 144.8 144.4 142.1 139.9 138.9 138.2 140.1 140.4 144 142 143.5 144.7 149.4 154.7 161.4 163.5 160 155.3 151.5 148.7 150.9 154.6
292.3 289.8 287.6 287.3 284.7 283.4 284.3 286.3 287.9 287.4 286 284.8 286.9 287.1 286.4 285.1 283.1 281.4 281.5 281.1 281.4 280.5 278.7 275.8 272.9 271.5 271 268.4 263.9 257.7 251.5 243.9 236.3 229 221.9 213 206.5 200.4 196 191.1 186 181.5 179.8 178.4 176.2 174.3 171.3 168.2 164.6 160.5 156.8 153.1 148.5 146 146 146.2 145.4 143.8 141.2 139.6 140 140.2 141.8 141.6 145 147.1 149.2 150.6 153.6 158.7 163.9 166.7 165.8 161.2 156.1 152.6 154.5 157.4
274.7 276.5 275.9 273.1 270.3 270 269.8 270.7 271.2 270.9 271.3 271.1 273.7 274.6 272.3 272.3 270.8 270.6 271.3 272.7 272 272.5 271.1 268.8 266.2 264.2 262.5 259.1 255.7 250.9 245.6 240.4 233.2 225.9 218.7 210.1 200 194.4 189.4 184.4 178.6 174.2 171.5 171.3 170.2 168.2 165.2 161.2 157.5 154 150.2 146 144.4 144.4 144.4 144.4 144.9 142.8 141.6 143.6 143.2 142.6 143.7 148.6 151.8 154.8 154.8 155.2 159.2 160.8 165.2 165.2 164.6 162.4 160.1 158.2 158.3 158.4
260.3 264.2 262.8 260.2 257.5 260.6 256 253.3 257 257.6 256.8 257.8 258.8 259.2 259.6 260.1 259.8 260.3 261.5 263 264.2 265 264.8 263.9 261.6 259.1 256.6 255 253.1 249.6 246.1 240.7 233.5 226.4 219.4 211.5 203 193.1 184.5 178.4 173.3 166.4 161.4 163.6 165.5 162.6 158.4 153.6 152.2 149.5 147.3 144.4 144.4 144.4 144.4 144.4 145.5 144.7 145.5 144.9 144.3 145.7 154.9 164.4 167.7 169.6 169.4 164.8 163.8 167.2 169.5 167.6 168.1 167.2 167.6 164.4 161.8 160.3
245.1 248.4 250.4 246.9 244.8 245.3 244.3 240.8 245 245 245.3 245.3 246.2 246.9 248.3 250 250.6 251.3 252 253.2 254.3 256.6 258.1 259.2 257.3 254.9 252.8 250.8 249.9 248 245.2 240.8 232.7 225.1 217.5 209.2 200.9 193 184.7 178.5 172.9 166.8 160.5 156.9 155.3 153.4 153.4 146.9 144.4 144.4 144.4 144.4 144.4 144.4 144.4 146.3 146.5 145.7 145 145.7 150.1 159.3 169.9 179.9 184.4 184.4 180.9 179.8 174.4 170.8 172.6 172.5 172.8 174.2 171.9 168.4 166 166.2
231.1 231.6 232.5 232.4 233 228.8 231.7 226.3 230 234.4 234.1 235.9 237.4 237.4 239 240.6 241.6 242.4 243.7 243.3 244.9 247.4 249.1 249.9 250.3 249.5 247.7 246.3 247.2 246.8 245.6 239.9 230.9 222.7 214.9 206.5 198.3 190.3 183.5 177.4 171.3 166.3 159.2 152.8 150.1 147.9 148.2 144.4 144.4 144.4 144.4 144.4 144.4 144.4 144.4 144.4 144.6 145.3 146.6 154.3 162 174.1 183.1 188.6 187.9 193.6 191.9 190.5 186.7 177.6 180.6 176.5 174.7 173.7 173.2 170.6 168.4 168.6
217.4 217.6 218.8 218.1 216.5 214 218.3 215.3 216.7 219.2 224.3 226.2 227.2 227.5 229.3 231.2 232.1 234 235.4 236 237.6 238.6 240.7 243 245.1 243.6 241.2 241.6 241.3 240.5 239.2 236.1 230.1 220.9 212.3 203.9 195.7 188 181.1 175 168.9 162.7 158.9 159.1 149.7 146.5 145.4 144.4 144.4 144.4 144.4 144.4 144.4 144.4 144.4 144.4 144.3 150.1 157.5 164.7 174.9 186.4 196.4 194.9 194 200.4 202.7 199.5 194.4 184.3 186.3 179.9 176.4 174.8 174.2 171.8 169.7 169.7
207.5 208.4 207 205.6 205.5 205.1 205.6 204.2 204.5 208 211.5 214.6 216 218.1 219.8 221.8 223.2 224.4 226.1 225.8 229.7 231 231.7 233.4 234.4 233.6 234.8 235.4 235.1 233.9 233.3 231.2 225.8 217.4 207.4 200 193.4 185.7 178.8 172.6 166.5 161 155.5 152.9 151.2 145.7 144.4 144.4 144.4 144.4 144.4 144.4 144.4 144.4 144.4 145.9 154.4 162.2 168.6 175.2 183.1 193 200.1 204.6 205.1 205.9 204.6 202.2 195.6 190.1 184.2 178.9 177.9 176.6 174.5 172.9 174.1 175.9
195.4 198 197.3 194.5 194 196 197.1 194.6 196 196.7 198.2 201.8 205.2 205.3 211.3 213.6 214.5 215.4 214.9 215.6 221.2 222.4 223.2 223.8 226.4 226.2 225.3 226.1 225 226.8 226.7 223.7 218 210.2 200.9 194.4 188.6 183.1 176.5 170.2 165.2 160.7 153.5 148.7 147.6 144.7 144.4 144.4 144.4 144.4 144.4 144.4 144.4 146.6 151.4 159.6 167.4 174.2 182.5 187.5 194.1 202.5 206.6 204.7 205.1 204.8 202.8 199.7 196.2 190.5 184.7 180.6 178 176.5 178.8 180.1 185.1 189
