STL Generation/terr50_gagg_gb/data/NN26.asc
ncols 200
nrows 200
xllcorner 220000
yllcorner 760000
cellsize 50
[rows 140 to 174 of 200, columns 78 to 155 of 200]
440.6 440.5 444.9 452.5 460 468.5 484.5 493.6 507.4 510.8 516.2 528.1 532.9 540.3 547.1 553.8 559.3 561.6 569.4 569.9 567.2 568.3 568.8 575.2 574.2 569.8 567.5 570.3 574.6 583.3 589.1 590 590.4 587.6 592.5 604.3 610 615.9 620.1 621.3 620.8 625.2 625.8 614.8 593.9 566.2 542.4 514.6 493.8 481.8 467.8 460.2 454.5 426.5 414.3 407.9 402.8 398.2 395.4 391.9 395.5 398.2 401.8 404.7 408.9 412.6 416.5 418.3 424.7 432 435.8 438.5 440 440.1 438.7 437.4 437.9 437.7
432 438.6 445.7 451.6 460.3 474.9 484.8 494.8 503.4 511.5 518.4 530.8 532.6 539.9 550.6 554.8 559 560.7 568.6 570.2 566.3 568.5 568.6 567.2 565.9 561.2 561 564.7 570.3 579.9 582.6 583.4 580.3 581.8 591.7 600.3 607.6 616 620.3 621.7 617.6 618.6 617.3 612.1 593 562.9 535.1 508.9 488.9 470.9 459.3 444 440.5 419.5 411 404.4 398.7 394.5 391.6 389.8 392.6 397.7 400.1 401.3 405.8 410.2 413.2 415.8 422.8 429.5 431.9 434.3 434.6 432.4 429.5 429.3 426.4 422.6
430.2 437 444.4 451.1 463.9 479.3 486.5 493.7 504.9 511.8 518 530.1 533 542.6 550.9 555.3 558.9 561.4 568.7 570.4 565.8 567.8 570.8 562.8 555.5 551.9 555.6 558.6 564.5 571.7 575.8 576.7 579.4 590 592.3 599.7 605.8 613.4 616.1 616.6 614.2 612.8 611.1 609.2 590.2 563.5 530.8 510.1 485.2 466.4 448.1 432.5 420.2 411 409.4 400.7 395 391.1 390.3 388.3 388.7 392.1 395.2 396.9 400.3 405.9 409.9 412.1 417.9 423.8 426.5 429.1 429.5 426 422.5 418.2 416.5 412.9
425.6 436.3 445.5 455 468.4 479.2 489.4 494.5 503.5 510.6 521.7 530.6 537 543.5 551.7 555.1 558.9 566.7 570.4 570.4 566.1 565.8 570.7 556.4 544.7 547.9 550.4 552.2 557.6 562 567.9 570.4 577.2 586.7 591.7 598.8 604.2 609.2 612.2 611.2 610.4 610.5 614.1 609 591.9 571.6 544.3 511 486.4 464.3 447.3 433.4 421.8 411 401.3 395.2 390.7 389 388.2 385.7 384.9 387.4 390.1 392.7 396.1 400.9 404.3 407 411.3 417.1 419.2 421.9 422.6 418.5 414.5 409.8 405.3 404.5
427.6 437 446.2 457.4 467.9 479.3 486.6 495 503.1 512.4 530.8 529.5 540 542.3 554 560.1 566 572.3 570.6 569.5 563.3 560.7 560.3 547.2 538.8 542.6 542.3 547.8 553.5 555.4 562.8 570 570.8 581.5 590.8 591.6 597.8 600.4 600.4 598 606.6 613.3 610.3 590.7 574.4 563.5 540.6 511.8 484.1 460.4 443.8 431.6 420.1 410.2 401 392.4 387 383.5 380.4 380.3 382.5 385.5 388.1 389.2 391.9 397.2 400.8 404.2 407.6 410.7 412.4 414.1 416 410.8 409.8 403.7 400.4 398.4
427.7 436.3 446.7 460 465.7 475.5 484.4 492.2 499.5 509.9 530.1 529.1 533 541.1 557.7 559.3 568.3 571.5 571.6 568.1 561.4 555.4 549 539.6 533 533.9 536.9 541.7 547 548.7 557 565.4 568.8 578.6 581.2 585.2 589.4 589.9 588 594.1 600.5 603.3 588.4 570.6 556 549.5 529.2 509.9 477 456.3 440.7 426.6 417.2 407.8 398.7 392.2 388 384.1 380.5 379 381 384 385.1 385.8 389.1 392 397.5 401.6 402.8 404.1 406.3 406.5 407.5 409.1 403 398 395.9 394.3
425.6 437.1 447.2 453.5 464.1 473.8 479.4 487.6 497.2 510.8 522.2 527.4 532.4 542.5 560.6 560.5 560.7 568.6 570.8 566.6 557.8 544.7 537.5 532 528.6 529.6 531.2 534 536.9 542.9 551.2 558.8 562.4 568.5 573.5 573.9 575 576.2 575.2 574.9 576 577.1 567.4 550.2 536.3 515.3 507.4 492.9 469.3 451.6 436.9 422.5 413.5 405 396.3 390 387.5 382.9 377.2 378 379.9 381.4 382.1 382.8 386.3 389.2 392.6 395.5 398 399.3 399.6 400.7 400 397.1 395.9 392.7 390.4 389.7
423.1 433.8 440.8 452.6 463.4 471.2 477 486.5 496.9 512.5 519.2 525.7 532.2 544.8 559.8 559.4 559.4 570.3 571.3 561.6 549 537.1 531.9 526.1 521 518.5 523.2 525.9 530.6 535.6 543.8 549.7 553 552.1 558.6 557.9 561 565.3 561.1 558.5 554.5 554.1 540.8 524.1 513 495.9 483.1 472.3 458.8 444.7 431.4 418.3 408.9 401.2 394.3 388.3 384.8 381 376.3 373.7 376.2 377.1 377.3 378 381.8 385.4 388.4 390.5 393 395.1 395.5 396 393.9 391.4 390.4 387.4 382.7 380.1
417.8 426.8 439.8 451 457.9 467.8 475 485 502.6 517.6 522.3 528.4 532.8 541.6 554.6 559.6 558.8 561.4 560.8 557.6 538.9 531.3 524.6 518.5 516.8 513.4 510.5 519.6 522.3 526.3 535.1 540.3 540.6 537.6 539 537.5 540.6 547.1 548.2 542.7 532.4 519.4 506.9 500.6 487.8 475.4 465.8 452.8 443.6 432.5 423.4 413.4 405.5 399.1 390.7 386.3 383.3 379.9 378.5 373.1 371.9 373.7 373 374.1 377.7 381.1 384.9 387.9 389.5 391.1 391.7 390 387.7 385.7 384.9 381.3 378.2 375.6
413.5 424.3 438.7 444.8 456.6 465.2 476.2 487.2 511.3 520.2 522.9 530.8 536.3 543.8 551.6 552.8 558.7 569.4 564.4 552.2 539.4 526.8 516.4 512.5 511.9 510.9 509.1 509.7 515.1 518 524.5 527.8 523.9 526.4 525.7 522.7 523.5 525.5 522.1 514.6 506.2 495.5 485.1 478.7 464.5 457.4 449 441.3 430.7 422.2 415.9 407.6 400.7 393.9 388.8 384.4 381.3 379.7 377.6 373.8 370.8 371.1 371.5 374 376.7 377.5 381.3 385.2 387.6 390.3 389.4 387.2 385.3 381 380.2 377.8 373.1 370.3
411.1 422 429.9 440.9 453.7 465.7 480.5 494.4 515.9 519.8 521.3 528.3 535.7 546.5 549.8 553.1 561.5 562.4 555.1 545 536.3 523.1 511.1 509.8 508.4 504.7 501.5 500.2 506.8 516.9 516.7 514.3 517.2 521 518.4 513.1 506.4 500.3 499.8 493.1 484.4 474.7 462.8 456 448.7 443.2 437.9 429.7 421.1 415.8 409.8 401.9 398 388.6 384.6 381.4 379.7 379.5 375.9 372.2 369.7 369.2 370.9 374 376.9 379.1 377.7 381.4 384.9 385.6 384.6 384.5 382.6 380.1 374.9 370.8 368 364.8
409.7 417.8 428.1 439.8 453.1 468.3 478.4 503 508.4 509.5 515.6 520.2 541.4 547.1 551.5 558.9 561.3 560.7 553 543.4 530.3 516.4 509.4 504.7 500.2 496.4 492.4 493.9 500.5 508.9 506 506.9 508.6 510.8 507.4 502 495.5 485.6 481.8 474.9 467.4 458.6 447.6 439.9 435.9 433.1 429.7 421.5 416.5 409.4 403.5 396 389.4 386.1 380.3 379.3 379.4 377.5 374.2 370.9 368.8 367.7 370.5 373.5 376.2 377.4 375.6 378.9 380.4 379.2 379.7 380.7 378.9 371.7 368 365.4 362.6 362
403 413.7 424.3 440 454.7 461.8 489.4 495.8 499.7 504.3 509.2 522.2 537 546.1 553.2 559.1 561.3 558.9 547.3 538.8 521.9 513.2 506.4 501.1 493.8 489 487.6 489.2 489.6 494.5 496.6 498.5 496.3 499.2 496.6 493.8 486.2 476 465.7 458.8 452.5 446.2 437.1 429.3 424.8 422.1 421.8 415.9 410.6 403.2 397.8 392.5 389.9 385.4 380 377.7 377.6 376.1 372.9 369.9 368 366.6 369.9 372.4 375 376.1 376.3 377 376.2 376.2 376.2 375.9 372.7 370 363 360.1 362.5 365.5
402.6 415.7 426.9 440 450.2 467.6 480 489.4 490.2 497.2 507.9 521.5 539.6 545.5 554.3 559.8 558.8 555.8 543.9 531.4 516.8 507.4 501.3 495.2 488.6 482.5 480.3 482.7 484 485.6 490.4 490 486.6 485.4 482.9 479.7 471.4 464.5 457.5 449.5 441.4 436.5 430.2 421.9 417.6 415 412.2 409.9 405.1 399.2 392.5 389.7 387.4 382.6 377.7 376 376 374.4 371.6 369.1 367.6 365.9 367.3 370.1 375.3 375.4 376.1 375.5 373.2 373.1 372.9 368.8 365.6 361.9 361.3 364.3 366.4 373.2
399.8 410.8 425.5 434.5 452 459.6 471.9 477.1 485 492.9 503.9 519.2 532.7 545.1 553.1 552.9 553.1 548.8 537.8 524.4 513 506.5 500.8 488.5 484.6 478.8 470.6 474.6 477.3 477.4 480.2 480.3 475.9 474.6 473.1 468.6 460.3 453.9 447.3 439.9 432.2 428.6 422.9 414.6 411 407.7 405.1 402.4 397.8 391.7 387.8 383.5 380.6 377.5 374 373.9 374.5 372.6 370.4 368.3 366.7 365 366.4 369.3 372.4 373.1 374 373.8 371.8 370.3 369.1 362.8 359.1 358.6 364 368 369.7 374.2
397.3 408 420.3 433.4 446.6 453.5 461.3 468.9 475.3 489.4 500 512.9 527.2 543.3 546.7 547.4 546.7 544.1 534.7 521.2 511.8 506.5 497.1 483.6 480.7 475 463.3 467.4 468.2 469.1 468.1 469.5 466.7 465.4 464.4 459 452.6 443.6 438 432 423.9 420.2 412.9 406.3 402.7 397.7 399 394.9 389.9 388.4 383.2 377.4 374.8 374.8 373.3 374 373.4 372 369.6 367 365.6 364 365.4 368.7 371.2 371.3 369.8 369 369.2 364.6 360.3 358.8 357.8 356.8 361.4 365.3 364.9 363.1
394.9 407 417.8 427.4 440.5 447.4 452.4 459.4 474.1 487.2 497.7 509.3 526 535.2 538.4 539.4 539.3 538 531.5 517.7 510.2 500.3 492.5 482.2 476.3 470.5 460.8 458.8 461.2 461.3 459.7 458.8 458.6 460 456.5 450.9 441.7 435.6 430.6 421.7 412.8 408.9 401.7 398.5 395.2 390.5 387.2 384.9 382.9 381.2 378.6 373.6 373.4 373.5 373.6 372.9 372.2 371.3 368.7 365.7 364.3 362.7 364.3 366.4 368.4 369 366 366.5 362.4 359.6 357.5 357.6 356.7 356.1 359.4 362.3 360.9 359
394.9 405.2 419.3 430.9 439.4 440.2 443 454.8 470.3 480.9 488.7 502.6 516.2 521 520.8 529.5 526.2 527.3 522.3 518.3 509.9 498.6 488.2 479.1 471.3 469.1 462 450.3 456.3 452.2 450.9 451.2 449 449.5 446.7 439.6 433.5 427.1 417.8 409.9 404.3 399.7 396.2 391.5 388.8 384 379.3 376.4 377.2 378.9 371.8 371.9 372.2 372.5 371 370.9 370 369.6 367.1 364.4 363 361.4 363 364.3 363.2 362.7 362 360.2 358.7 358 357.4 358.1 357.6 355.6 356.1 358.7 357.8 357.2
392.3 404.4 418.2 419.3 429.2 431.9 438.2 451 462.9 471.8 488 493.8 502.1 506.3 510.6 515 516.4 512.7 515.8 514.6 507.1 492.3 482.4 475.5 470.6 462.1 453.8 447 441.6 441.7 441.7 443.7 441.3 439.5 435.9 429.4 424.8 418.4 409.6 402.5 398.5 395.1 391.6 389.8 385.5 379.8 374.2 370.6 369.5 370.5 370.8 370.9 371.2 369.9 368.9 369.2 367.6 366.8 365 365 363.3 360.6 360.4 361.9 359 356.6 354.5 355.4 357.3 357.2 357.6 358.5 358.6 355.8 354.5 356 357.1 357.7
392.3 403.6 403.3 416.2 424.2 423.9 435.6 444.7 455 466.2 476 486 489.8 488.3 500.4 508.3 504.3 498.4 504.2 501.3 494.7 482.8 476.6 470.1 464.2 452.4 448.9 443.7 436.7 435 433.1 434.8 432.9 430 425.7 420.6 416.6 410.3 405.5 400.5 394.2 388.5 387.4 384.4 380.7 376.4 371.6 368.4 366.8 368.3 369.2 370 369.1 367.1 366.7 367.1 366.2 365.4 365.5 365.5 365.5 362.6 358.4 354.6 353.2 351.7 352.6 353.6 355.8 357.1 358 358.9 357.5 355.3 353.5 356.3 358 358.5
389.5 393 400.2 410.4 412.6 420 429.4 438.2 445.1 453.8 466.2 478.4 479.5 479.1 492.2 491.3 487.7 487.8 498.9 497.2 485 478.9 471.1 464.6 454.3 444.5 443.6 441.4 437.5 426.4 423.4 423.8 423.1 421.9 418.4 415 410.7 404.4 400.1 394.6 388.3 383.4 380.5 379.9 376 371.6 367.2 365.9 366.6 366.5 366.6 367 366.2 364.2 364.5 364.9 365.4 365.9 366 366.1 364.2 361.6 357.5 351.5 350.8 351.4 352.2 353.2 355.9 356.8 357.2 357.8 356.3 354.3 352.3 355.4 357.7 359.2
380.1 389.9 398.8 404.8 403.9 412.7 422.3 426.4 431.8 443.6 453.9 460.5 465.2 471.1 479.5 475 472.3 479.1 486 484.1 478.4 471.7 465.5 459.6 445.2 439.5 440.9 438.2 431.2 424.3 413.3 417.9 417.3 414.1 409.7 407.3 402.3 398.5 393.7 389.5 386.4 381.9 379.8 375.7 371.1 367.4 363.9 364.2 364.6 364.6 364.1 364.9 364.4 363 363.2 364.1 365.6 366.4 366.6 364.3 360.8 357.2 351.8 349.3 350.1 351 353.8 354.6 356.3 356.5 356.7 356.8 355.1 353.4 351.6 354.3 357.1 358.5
377.1 386.2 394.2 389.6 399.2 407.6 411 415.4 423.5 436 441.4 444.9 453.6 464.2 465.1 461 460.2 469.2 470 467.2 467.1 458.4 453 442.9 433.8 433.4 433.2 428.5 422.4 419 407.2 409.2 411.7 410.5 405.5 400.9 398 395.2 391.8 388.1 384.9 381.4 379.5 371.7 367.3 365.5 362.7 360.8 361 362.3 367.1 368 366.3 365.1 364.2 364.4 366.2 367.1 364.5 360.7 356.8 351.2 347.4 349 350.5 353.8 358 357.8 358.9 357.3 356.6 355.3 353.5 352.1 350.7 353.3 356.4 357.5
373.8 379.9 379.8 386.5 390.8 397.1 403.4 410.6 417.5 424 429 436.3 446.7 453 451.1 445.5 451 455 455.4 455.4 451.1 445.9 442.8 436.7 428.7 427.4 425 420.2 417 412.5 405.1 402.2 407.4 406.5 401.8 396.7 394.1 391.6 388.6 385.7 382.5 379.3 374.6 366.8 365.4 364.7 363.1 362.3 362.5 359.4 364 370.2 368.3 366.8 364.1 364.7 366.2 364.1 361.8 356 349.4 346.7 348.9 350.9 353 355.9 359 362.2 361.1 358.7 355.5 353.4 351.8 350.9 352.2 354 355.6 356.2
370.6 371.9 371.3 379.1 383.9 389.8 399.5 407.5 411.2 414.3 419 428 435.8 442.1 442.3 439.1 445.7 442.5 439.8 439.1 436.7 434.9 435.6 430.4 426.1 422.2 417 411.2 410.6 406.3 402.3 396.5 400.2 400.3 397.3 392.2 390.2 387.4 384.2 381.7 379.5 375.1 370.3 367.5 365.2 364.4 363.6 362.8 366.8 360.5 359.8 364.7 366.8 364.4 365.1 364.1 363.8 361.3 354.6 347.1 344.8 346.8 350.5 353.7 356.1 357.7 359.6 364.2 360 356.2 353.3 351.4 351.1 352.3 353.7 355 355.6 356.2
366.9 363.9 367.5 374 378.1 387.4 393.5 400.4 404.9 407 412.3 417.9 422.3 431.3 434.7 432.4 434.5 434.7 433.2 431.3 427.8 424.1 425.9 422.7 421.9 415.7 410 409.3 405 399.6 398.5 391.4 393 394 392 389.5 384.6 381.7 379.6 377 374 371.2 368.8 366.6 364.9 364.2 363.4 366.1 368.1 361.5 356.8 358.6 362.9 363.8 363 360 360.2 353.4 345 344.1 344.5 347.5 351.4 355.4 357 356 356 357.8 356.9 352.9 350.2 351.1 352.1 353.4 353.9 354.4 355 355.7
359.2 360.2 365 375 379.3 381.4 386.8 390.8 400.5 403 405.3 408.3 410.1 421.3 423.7 425.8 426.6 429.9 425.3 425.3 420 420.3 419.5 421.1 415.4 409.2 408.9 406.7 400 395.8 392.8 388.1 388.8 390.1 389.4 386.9 380.7 377.3 376.3 376.6 377.6 372.3 368.9 365.4 364.7 363.9 364.3 368.4 365.7 362.5 359.4 353.5 358.5 360.3 356 352.4 349.2 343.1 343.5 343.8 346.4 349.1 351.6 353.5 354.2 353.8 352.4 351.2 351.2 349.9 351.4 352.3 352.9 353.6 353.4 353.4 354.1 354.7
357 360.2 361.8 378.6 380.5 377.7 380.2 386.4 392.7 397.9 400.7 401.4 404.3 408.3 413.7 416.2 413.4 415.9 418.1 419.5 415.7 416.1 417 416.5 408.9 411.5 409.2 403.7 399.4 394.9 390.3 385.8 385.5 390.3 389.3 383.1 376.9 372.7 374.1 375.6 373 370.3 367.5 363 363.6 363.7 366.2 368.4 365.6 362.6 359.7 354.3 350.7 352.6 350 345.4 342.6 343.6 343.9 344.3 346.9 350.1 351.6 351.7 351.9 350.1 348.5 347.3 349.6 352.3 353.3 353.2 352.9 353.3 352.9 352.6 353.1 353.8
354.3 358.5 368.3 372.6 373.3 371.1 373.4 381.1 387.7 388.7 398.4 400.5 399.8 398.3 401.9 407.4 407.6 411.8 414.3 412.9 410.1 409.8 417.7 412.7 409.8 408.8 405.2 400.3 398.7 393.7 389.8 384.4 382.2 387.2 383.4 377.7 372.3 369.1 368 368.1 368.1 365.6 363 360.8 361.8 362.9 365.3 367.1 365.1 362.2 358.8 353.8 350.5 346.2 342.9 342.6 344.1 345.3 345.1 344.9 346.9 349.5 352.8 352.5 350.8 348.1 345 345.6 350 351.8 352.8 353.5 353 352.9 352.5 352.1 352.2 352.8
353.8 358.9 360.5 370.8 369.5 370.4 371.1 380.2 383.3 386.3 392.4 398.6 399.2 394 394.9 400.7 401.2 410.4 410.8 409.7 409.7 410.4 409 408 406.9 404.8 400.9 399.5 397.8 392.9 389.3 382.7 378.4 381.3 378.4 373 369.5 366.8 364.2 362.4 362.6 361.1 360.3 360.9 361.5 362.1 364 365.9 363.8 361.8 358.2 354 348.8 344.3 342.1 344.1 345.5 346.1 346.5 346.9 347.8 348.9 350.1 349.9 349 345.5 343.2 345.4 349 349.7 350.9 352.2 352.3 352.5 352.1 351.6 351.3 351.9
352.3 356.9 360.9 364 365.6 368.8 370 373.9 378.6 382.2 390.1 393.6 393.4 391.1 390.3 392.3 400.1 407.4 409.5 408.8 410.4 407.8 405.1 404.4 403.5 401.3 398.2 396.1 393.4 391.5 388.8 381.8 376.5 373.5 372.1 370.4 368.7 366.2 363.9 361.9 359.4 360 360.5 361.1 361.4 361.6 363.3 364.6 362.6 360.6 357.4 352.2 344.7 341.4 345.4 347.9 349.8 350.8 351 350.8 349.8 347.4 346.8 345.2 343.2 341.1 343.8 346.4 347.3 347.7 349.1 350.3 350.4 350.8 351 351.2 350.8 350.9
351.3 354.3 356.8 359.5 360.2 365.7 366.6 368.3 372.8 376.6 382.8 389.7 388.9 390.6 383.9 386.5 399.5 400.3 400.9 403.6 406.6 404.7 401.1 400.5 399.9 397.7 394.8 392.3 390.2 390.1 388.7 383.8 378.8 371 368.1 370 368.2 365.8 363.6 361.3 358.7 359.4 360.6 360.6 360 361.1 362.7 362.6 361.7 360.3 356.2 349 340.8 346 348.9 352.1 354 355.6 354.9 356.1 355 351.3 346.6 343.5 343.6 339.8 342.2 344 344.6 345.6 347.4 348.3 348.6 349 349.2 349.4 349.6 349.5
358.6 355.8 355.8 358.2 359.5 360.8 362.9 368.6 370.4 372.8 377 380.2 382.2 381.4 376.1 384.9 389.9 396.6 399.8 399.3 399.6 398 396.2 395.6 394.7 394 391.3 389.8 390 390.1 388.8 383.9 378.2 369.2 365.8 367.5 366.9 365.5 363.2 360.7 358.2 358.7 359.6 359.4 359.4 360.6 361.1 360.7 360.2 357.9 351.6 341.4 346.9 350.7 351.6 352.3 353 354.2 355.4 357.1 359.3 352.6 347.5 345 344.2 340.7 339.8 341.1 341.9 343.4 345.4 346 346.2 347.2 347.3 347.5 347.7 346.3
359.7 359.4 360.5 359.4 357.9 359.8 361.3 367.6 369.6 370.8 374.2 378.6 378.6 372.9 374.4 388.5 390.5 393.2 393.3 394 393.2 391.4 390.9 390.5 390.4 390.6 390.4 390 389.9 388.7 385.5 381.7 376 368.7 363.7 365 364.4 363.7 362.5 360.1 357.7 358.3 359 360.3 362 360.9 359.5 359.3 358.8 352.2 340.4 344.8 350 350.2 350.9 351.7 352 352.9 353.8 354.4 354.9 349.6 347.8 346.1 344.3 341.8 339.1 339.1 341.9 343 343.3 343.6 343.2 345 345.4 345.6 345.8 343.1
357.3 357.8 358.7 358.5 355.2 357.5 360.1 367.4 370.5 370.8 372.2 375.2 371.1 366.8 378.3 385.6 390.6 390.6 389.3 390.1 389.2 385.6 386.4 388 389 388.6 387.9 386.5 386 385 381.5 377.4 371.6 364.4 361.4 362.1 362.3 361.9 361 359.2 356.9 358.5 359.5 361.1 364.6 366.1 364.7 360.8 354 341.4 346.7 350.1 350.2 350.3 350.5 351 351.1 351.4 350.8 350 349.9 349.8 348.3 345.9 344.4 343.2 339.3 338.9 343 344.6 343.9 342.9 342.2 342.7 343.6 343.7 342.9 342
