STL Generation/terr50_gagg_gb/data/NN30.asc
ncols 200
nrows 200
xllcorner 230000
yllcorner 700000
cellsize 50
[rows 111 to 147 of 200, columns 84 to 167 of 200]
243.5 264.1 284.2 308.8 317.4 318.8 339.7 366.7 374.5 383.1 406.2 428 460.5 468.1 491.8 508.5 486.9 476.2 465.8 454.6 442 426.3 414.9 405.6 402.5 396.5 388.9 389.2 386.5 386.6 389.9 394.8 400.9 407.7 416.1 424.5 434.3 442 450.6 461.6 475.4 488.4 499.2 501.1 493.6 477.1 441.2 420.3 408.6 401.7 392.1 384.9 378.6 370.3 366.7 361.2 354.9 349.2 343.8 336 337.3 336.7 331.2 322 328.5 329.3 320.1 318.6 311.1 304 297.3 294.2 286.6 279 271.1 262.7 253.4 244.7 238.7 229.3 220.1 209.5 200.6 192.1
246.8 269.4 292.5 319.8 329.8 328.8 341.1 356.3 366 394.2 419.9 445.7 468.7 469.2 488.4 500.9 489.9 477.7 472.2 459.1 446.4 431.3 413.9 406.1 401.2 394.8 389.4 391.1 389 394.7 397.4 401.1 405.5 412.8 420.6 431.7 440.7 449.5 459.2 471.5 483.6 495.4 508.3 504.1 483.4 460.4 435.2 416.9 404.5 397.8 389.3 380.3 372.8 368.5 364.5 358.9 355.4 350.3 345.7 342.8 343.7 344.2 339.9 330.6 340.1 339.5 330.4 326.4 325.7 320.1 312.9 304.8 298.6 289.6 280.9 274.4 265.9 256.2 243.3 232 221.9 211.8 204.3 196.4
244.9 259.6 296.3 318.8 332.4 332.6 336.8 351.7 375.7 404.6 428.4 458.4 466.5 470.4 481.4 494.3 488.9 479.8 472.2 460.2 450 433.8 417.7 404.8 398.9 398.4 395.3 391.8 392.1 399.7 404.9 408.9 413 419.4 428 437.4 447 457 470.1 482 493.2 506 510.7 503.8 488.6 475.9 458.6 428.8 404.8 395.1 387.7 380.5 373.2 370.7 365.9 360.5 350.3 349.1 350.1 348.4 348 347.2 342.8 341 348.4 351.2 347.6 342.6 339.3 332.4 326.6 316.3 314.6 305.3 293.5 286.6 278.1 265.1 251.2 245.1 233.6 220.2 212.7 205.9
250.7 263.8 294.3 321.4 341.9 339.3 340.4 361.5 390.9 419.2 446.3 470.9 469.5 470.7 477.3 485.7 486.3 481.6 468.3 455.1 447.2 433.9 414.8 404.3 399.2 400 401.5 397.9 398.3 403.3 410.8 414.2 420.3 427.1 435.3 444.4 454.2 467.5 480.6 492.3 502.2 509.2 511.8 505.8 501.6 477.1 457.3 432.3 405.5 393.7 385.7 379.4 375.3 369.1 366.6 361.3 360.3 354 356.5 355 353.3 353.4 352.3 350.2 353.8 355.9 354.8 350.8 345.9 348.7 344.2 334 324.8 316.1 303.1 301 288.9 275.8 265.9 250.2 238.2 226.8 220.7 211.6
258.1 265.9 284.9 319.2 339.3 340.4 347.1 376.7 408.8 432.1 466.2 476.3 475.3 472.5 477.2 481.8 477.9 471.8 460.7 447.5 428 420.5 409.2 402.9 399.9 400.7 401.2 398.9 401.8 407.4 416.1 422.2 428 434 442.6 452.2 463.4 477.3 490.2 503.5 515.1 519.2 527.1 522.4 516.5 493.1 471.7 433.5 410.6 399.1 390.2 381.3 375.1 371.8 370.6 366.1 362.1 361.3 361.9 360.3 359 359.3 360.2 357.1 360.6 361.4 361.3 360 360 359.2 351.1 343.6 330 320.3 314.5 309.8 300.1 287.6 278.2 265.2 249.9 233.3 215.9 208.6
250.7 263.2 285.6 306.9 333.3 341.1 358.4 396.1 426.2 445.5 472.5 479.3 480.1 477.5 479.4 480 463.7 454.6 449.4 437.5 421.8 416.2 408.8 405.1 402 406.9 401.2 400.6 406.2 412.4 423.1 430.2 433.6 438.9 451.1 461.8 473.1 488.5 501.1 518.2 532.3 536.3 533.1 524.1 519.8 489.8 462.4 451.8 433.3 420.1 404.5 390.2 380.8 376.6 371.2 368.4 368.6 368.1 367.8 363.6 362 364.3 364.9 361.2 365.3 369.1 370.2 369.6 368 364.5 359.5 348.3 339.5 332.2 323.1 318.1 311.2 298.5 288.5 279.6 262.4 240.8 224.5 208.3
247.2 257.1 289.5 306.6 323.4 336.1 371.4 413.4 453.4 458.7 471.3 486 479.1 469.7 475.2 480.5 464.4 445.3 430.8 424.1 420 416.3 412 408.3 408.9 409.2 404.1 404.1 410.1 416.7 425.5 432.8 439.4 448.9 460.7 472.7 483.6 498.8 515.4 531.5 542.8 548.2 545.2 531.2 517.2 503.4 481.8 465.8 452.6 443.4 420.8 397.3 389.1 381 378.6 377.2 379.7 375.8 373.2 370 370.1 371.7 372.2 368.3 371.4 377.4 377.1 377.5 377 374.2 371.6 365.3 358 345.2 329 323.5 320.8 305.7 290.6 279.6 268.4 247.8 228.1 214.1
236.7 248.6 287.7 301.6 319.1 345.6 382.8 436 460.5 465.6 476.6 490.8 475.2 469.2 469.9 474.9 454.8 441.5 438.7 424.9 418 414.1 411 408.8 409.3 410 409.5 408.9 415.5 421.3 429.4 438.6 446.2 457 471.5 486.5 494.7 512.4 529.7 544.4 554.3 562.9 567.4 552.5 538 536.8 514.7 491.9 465.4 449.1 419.5 404.8 401.3 391.6 384.9 385.3 384.2 379 378.1 377.8 378.5 379.8 377.2 375.5 375.5 381.6 383 384.4 384.7 381.9 381.1 375 367.8 354.6 340 324.4 317.4 309.5 301.4 285.3 274 261.9 240.2 225.7
235.7 251.4 273.3 294.8 329.1 355.3 389.4 445.1 464.7 470.7 473.3 480.2 466.5 463 461.7 458.7 443.2 440.1 435.7 428.4 418.8 413.8 409.9 409.1 411.1 410.9 408.7 414.2 420.7 426.6 434.3 444 452.8 464 480.3 498 505.8 524.6 544.5 559.2 569.3 576.4 578.5 580.3 575.3 566.5 542.6 496.9 473.8 444.9 419.5 413.4 409 398.2 392.2 391.5 388.3 386.7 387.5 389.3 385.9 381.3 379 379.4 379.4 385.4 388.7 390.1 389.9 385.7 379.4 375.3 365.4 353.5 345 331.6 320.8 307.8 296.4 284.5 273.6 260.2 241.2 226.6
232.8 255.3 284 310 340.8 358.6 390.2 451.6 469.4 466.2 476.7 478.7 464.9 455.9 449.8 449.3 443.2 438.1 431.2 431.1 422.6 415.9 411.9 410.9 410.5 411.6 416.4 420 425.6 431.1 440.5 450.6 459 472.7 487.9 503.9 516 535.8 556.6 572.3 584.4 598.3 603.7 604.3 589.4 575.2 559.5 527 494.6 474.4 436.8 420.2 412.3 411.9 401.6 399.8 398.5 401.3 400.5 395 390 388.4 385.9 386.9 384.5 390.8 393.1 395.3 394.8 391.4 387.6 380 370.9 358.5 347.1 337.2 324.5 313.7 300.8 287.5 271.8 248.1 233.6 220.2
231.1 261.6 296 320.1 350.2 358.1 389.3 436.5 457.4 455.8 471.5 479.7 473 457.8 449.5 448.5 448.4 441.1 431.7 428.3 422.7 419.9 417.6 416.4 415.7 418.4 422.7 425.1 430.3 436.5 446.1 454.6 466.7 482.9 497.3 513.2 525 543.4 569.9 590.8 610.6 624.8 629.3 628 611.4 583.3 563 536.2 502.7 485.8 463.8 433.2 421 416.1 413.9 413.5 414.1 413.5 408 400.8 398 396.4 392.7 390.2 391.7 395.1 399.4 401.3 399.7 400 393.7 390 379.8 365 357.1 345.4 333.1 319.3 307.9 285.4 268 249.9 232.2 217
234.4 262.5 297 325.9 346.9 355.9 383.5 426.7 439.9 447.2 465.2 479.9 478.9 460.6 448.8 448.7 449.3 441 433.7 427.1 422.6 420.9 419.2 418.8 419.5 423.2 426.8 430.3 436.5 444.9 451.5 463.2 476.3 489.8 506.3 522.3 535.1 555.4 584.6 609.5 628.6 637.4 642.6 637 618.6 588.1 561.1 543 516.9 492.2 477.5 448.8 432.9 430.7 428 427.9 426.2 421.6 418.3 416.3 413.6 410.1 402.2 398.9 401.9 402.6 403.9 404.1 406.2 404.9 399.9 395 387.3 380.1 363.5 348.3 336.7 326.6 316.1 302 281 258.6 238.9 222.1
236 267.1 291.3 318.5 334.2 350.4 379 421.3 437.6 442.8 461.4 467.3 470 463.8 453.5 447.5 443.2 435.2 429.7 428.8 425.1 420.1 419.3 419.4 421.9 426.7 430.5 435.1 442.6 453.7 460.8 471.7 486 500.4 518.2 534.6 548.3 572.6 601.9 627 641.1 649.5 649.9 647.5 626.3 591.9 561.3 535.9 518.2 497.3 485.4 459.3 446.4 444.6 443.1 442.1 439.9 434 428.8 426.4 417.7 408.6 406.8 406.1 410.6 410.7 410.6 411.6 412.6 410.8 406.6 402.5 400.9 391.3 372.6 354.2 343.5 334.1 323.6 305.7 284.2 264.2 251.6 238.4
238.2 257.8 281.2 305.6 325 346.2 379.6 409.4 429.2 437.8 456.5 468.4 474.1 465 457.3 442.5 437.2 432.7 430 431.2 426.8 424.2 423.4 423.6 426.6 430.2 433.4 439 447.2 455.9 466.4 478.5 494.1 510.1 528.8 546.6 563.8 591.6 620.6 639.2 652.1 661.6 661 642.4 625.8 594.7 564.5 538.8 518.8 506.9 495.8 467.7 459.4 459.3 457.2 454.8 448.9 440.4 435.4 427.4 417 410.9 409.3 414.6 418 418.7 420 420.2 418.3 415.8 412.5 404.1 396.9 387 374.3 363.5 353.1 342.1 326.8 311.9 298.7 284 270.4 256.7
237.3 255.7 275.9 299.9 314.6 336.3 372.7 396.5 414.8 433.7 454.4 467.6 469.3 465.4 453.8 445.5 439.8 439.5 431.9 428.9 429 428.8 428.5 429.2 430.2 432.8 437.6 445.1 451.7 462.8 474.4 485.4 497.5 518.2 538.1 558.8 578.5 608.2 635.3 653.4 662.8 668 663.2 641.5 610.3 585.4 562.7 544.5 524.3 510.8 490.6 472.5 477.7 475.7 471.5 469.1 461.3 460 447.5 439.7 424.4 420 422.6 426.6 429.5 426.7 426.9 427.5 425 423.2 419.5 412.2 406.3 399.6 392 376.7 366.3 357.1 342.7 332.5 317.1 302.8 285.4 266.7
242.2 250.3 267.9 288 301.6 325 359.7 386 407.5 437.6 456.7 466.8 461 461 459 450.7 442.4 439.4 434.7 432 430.3 430.9 430.2 430.2 432.4 437.2 441.3 448 457.3 467.9 480.3 492.5 506.6 525 546 574.1 593.1 621.2 645.4 665.6 674.8 674.1 661.6 644.1 615.8 594.9 580 566.6 537.3 515.4 502.4 491 495.8 491.5 488.2 487.8 476.2 470 452.6 442.9 435.3 437.9 435.3 435.2 437.9 438.8 440.9 439.7 435.9 429.9 427.2 424.6 419.4 410.7 398.7 388.5 381 375.4 365.5 349.6 334 322 305.5 290.2
239.2 249.7 256.4 283.5 295.9 316.1 342 375.6 403.5 433.3 452.3 457.6 452.2 459.4 459.9 458.8 445.4 439 438.8 435.6 432.2 430.8 430.9 430.9 436.1 441.5 446 451.7 461.6 473.1 485.5 501.4 516.6 536.2 560.7 586.1 605.2 631.2 659 671.4 679.8 672.8 662.3 642.8 632.8 613.5 590.3 563.9 540.7 530.3 523.2 514.7 513.2 511.1 505.7 498.4 482 477.8 471.2 456.8 454 450.7 443.9 447.4 450.2 453.5 453.9 455.2 452.6 441.3 435.2 429.9 428.1 414 398.6 396.1 391.8 382.2 369 348.9 335 320.5 308.1 291.5
230.8 243.8 259.3 282.1 294.8 313.6 344.1 378.7 393.9 416.4 433.2 449.4 460.4 462.9 461.5 460.3 451.1 440.6 441.5 438.3 434.8 433.4 432.6 433.7 438 442.7 449.1 455.3 467.8 479.6 491.4 512.7 527.9 546.2 574.1 602 617.9 637.4 668 677.1 676.4 669.3 660.7 649.1 629.1 606.8 594.4 561.9 562.5 553.3 541.9 537.7 534.3 532.4 523.6 508.1 501.7 496.9 485.8 478.7 472.3 462.2 457.2 460.9 466.4 481.4 483.2 486.1 483.1 468.8 438.9 432.7 426.5 421.8 414.1 407.1 401.8 392.8 382.6 363.2 345 335.2 314.4 298.7
232.5 246.8 262.7 281.6 297.6 316.9 349.9 379.1 402.6 421.2 440.7 457.5 467.3 468 463.6 458.5 448.4 439.4 439.3 438.2 436.7 435.5 436.8 438.5 441.2 445.7 452.1 461.1 471.6 484.6 497.9 518.3 535.2 556.5 589.8 617.7 627.5 649.5 671.3 681.5 678.7 671.5 663.9 646.2 625.7 607.5 600.6 587.9 578.3 568.9 560.7 558.5 553.3 545.4 532.2 532.2 522.2 510.7 500.8 492.7 486.9 485.6 481.7 488 489.6 497.5 501.1 499 491.7 476.4 449.2 439.9 437.4 431.7 422.8 417.5 411.6 404.1 387.1 361.7 344.5 332.9 319.7 307.9
226.1 247.2 260.3 283.9 299 318.8 357.6 382 402.9 426.7 446 465.7 471.4 470.5 465.9 460.6 449.6 444.2 440.4 439.2 437.7 436.4 438.7 441.1 444.2 448.2 455.2 464.8 478.1 488.8 508 521.6 543.3 573 602.8 631.3 640.1 660.3 674.8 689.3 692.1 680 668.3 658.7 643 626.5 613.3 603.8 592.8 590.8 575 573.9 565.3 557.9 555 541.8 533.8 527.6 525.6 529.7 515.1 507.5 511.9 514.8 512.7 511.7 512.7 508.4 489.4 476.1 452.5 451.8 448.2 443 437.6 430.6 423.8 406.8 389.6 373 360.2 346.8 331.4 323
216.8 241.3 263.9 291.7 301.8 319.5 356.1 370.4 392.7 424.1 465.6 480.1 476.9 470.3 469 462.7 452 448.4 441.2 440.7 439.4 437.4 438.9 442.5 447.5 452.5 460.6 470 482.2 493.5 510.4 530.6 549.8 583.3 612.2 636 644.3 664.9 684.5 702.5 703 697.8 697.3 685.8 677 657.3 637.2 630 617.2 601.2 590.6 591.1 584.1 576.1 569.7 567.6 558.5 553.1 561.8 551.5 534.9 527.1 527.4 529.9 531.3 521.5 515.8 507.9 495 478.6 470.5 463.3 460 459.9 459.5 450.2 450.3 441.9 426.1 404.4 381.1 364.5 350.9 339.3
225.1 251 274.2 290.7 299.7 314.7 346.3 366.4 394.4 436 470.3 480.2 479 472.2 471.5 462 449.7 447.8 440.9 439 438.4 438.8 441.2 445.9 451.9 458.7 467 476.6 490.2 502.5 517.6 540.7 556.7 585.4 616 635 647.7 666.6 691.5 713.2 722.7 723.8 722.9 701.8 692.1 675.7 667.4 653.9 630.4 612.6 609.5 605.2 603.8 609.9 611 585 582.1 587.5 580.1 570.8 554.1 547.2 536.2 534.8 528.6 520.8 510.1 509.3 504.1 509.4 504.9 483 474.3 475 480.2 469.9 467.4 463.1 453.2 438.6 417.2 399.2 381.5 344.7
229.8 257.7 270 284.5 291.6 314.1 333.4 362.7 398.4 451 468.9 476.7 478.9 479.4 475.9 468.1 455.2 448.7 445.2 440.2 440.2 443.7 447.8 451.7 456.7 460.6 471.2 484 496.4 509.2 526.9 551.5 572.3 594.5 620.3 642.7 655.4 673.9 696.7 729.1 743.3 745.4 735 729.3 706.6 688.3 671.2 655.8 639.3 635.3 624.4 619.8 626.7 629.4 631.2 611.5 609.5 601.3 598.7 589.8 564.6 554.2 546.7 538.9 529.8 526.9 526.5 525.1 527.9 532.8 529.2 509.4 486.4 486 480 478 477.8 475.5 461.9 448.8 426.5 402.6 385.3 361.7
233.1 257.2 266.8 278.6 291.2 312.2 335.9 368.1 404.9 450.3 468.8 476.7 489.3 487.6 478.6 471.1 464.4 460.5 453.5 449.4 447.6 449.6 452.1 455.7 461 468.9 476 489 504.4 512.6 535.2 561.3 572.6 604.9 630.9 653.3 663.9 681 711.4 742.3 755.7 759 751.1 736.9 716.8 689.2 673 662.5 657.2 645.6 649.2 646.7 655.5 655.2 648.7 654.3 645.8 633.2 621.2 605.8 583.9 559.4 552.7 542.1 541.8 544.5 545.4 551.3 552.1 550.2 539.7 530.6 510.1 497.1 491 482.9 480.5 479.6 461.9 438.5 426.8 409.2 385.6 361.6
229.1 254 264.2 283.7 295.5 319.1 340.6 367 405.9 446.9 470.2 474.8 489.6 492 482.9 472.7 466 460.8 457.6 456.5 455.1 453.9 456.8 460.3 465.3 477.9 486.2 495.7 510.9 526.1 547.2 560.4 585.5 614.2 644.1 663.6 671.5 690.4 728.5 747.3 768.8 770.1 764.8 748.7 723.8 703.7 688.4 680.6 679.2 675.5 681.7 687.9 695.6 686.7 684.3 680.1 656.2 638.6 622.9 607.5 593.7 580.1 571.7 567.3 565.2 568.5 575.8 587.5 574.1 567.9 555.9 542.2 527.7 506.8 490.7 490.1 482.2 477 464.7 446 431.2 415.2 390 365.4
230.4 249.2 262.5 283.1 296.5 318 339.1 369.3 411.8 447.1 468.4 476.6 491.4 492.6 487.3 476.3 470.1 468.1 463.1 463 461.9 458.5 461.2 464.1 472 484.8 490.6 507.1 524.3 534.6 553.2 568.9 598.6 621.9 645.5 663.1 682.8 710.6 743.1 756.6 770.8 772.6 771.6 759.8 743.5 733.5 722.9 713.7 727.3 726 720.6 728.7 725.2 717.7 711 692.7 666.5 650.7 641.7 626.1 616.4 614.9 601.6 590.4 591.3 600 619.7 614.8 591.6 578.3 565.8 548.8 537.4 525.7 496.9 486.7 480.5 477.6 465.4 453.6 433 412.5 391.1 368.7
225.3 240.7 259.8 279.6 299 318.7 343.9 379 424.2 451.8 473 477.2 493.2 498.4 495.5 482.3 480.5 477.4 471.8 469.8 467.4 463.5 466.9 471 479.2 489.4 498.5 514.6 526.6 536.6 557.3 578.6 605.9 620.5 643.7 667.5 698.4 720.3 755.2 766.8 771.3 779.4 779.9 784.2 782.2 773.9 766 765.4 764.7 762.1 757.8 761.6 760.4 756.6 748.3 725.6 696.2 677.6 672.9 661 666.2 641.3 621 612.1 620.9 642.1 646 627.7 603.9 583.2 571.1 555.2 543.8 530.3 511.6 484.9 476 474.4 462.5 443 422.3 407.4 388.4 361.4
219.8 239.1 264.5 278.8 294.3 322.1 348.3 382.8 422.9 444.3 474.5 480.3 495.9 500.9 497.1 489.2 486.8 483.1 480.8 477.3 475.5 474.6 479.9 482.4 487.5 495.6 505.9 521.8 536.1 547 567.5 586 604.5 631.2 656.5 675.9 711.1 730.6 756.4 761.5 765.1 770 780.3 812.2 814 813.5 808.9 804.9 798.1 795 795.3 804.6 803.9 800.8 784.1 765.5 730.3 702.4 696.4 685.3 679.8 643.5 644 646.7 669.7 684.9 665.9 636.1 617.1 588.8 574.5 561.4 546.9 530.7 507.6 491.6 477.5 450.9 443.7 430.1 416.5 401.3 378.8 395
215.3 246 271.2 280.9 289.2 317.9 340 377.7 422.5 439.2 467.6 479.9 500.3 500.8 497 492 494.7 495.2 493.1 490.5 486.9 486.9 491.7 494.1 494.1 502.7 515.1 537.9 544.8 554 571.5 589.4 612.6 639.8 671.6 699.9 731.6 742.7 741.9 750.7 757.1 758.6 771.5 816.4 835.8 852 846.6 842.7 833.9 831.3 841.9 854.4 848.7 841.2 820.6 794.4 771.4 743.5 716.5 699.2 679.8 681.3 676.8 685.7 715.9 694.9 668.2 635.8 614.8 591.4 583.6 572.5 560.7 546.7 529.5 499.1 487.5 451.3 435.8 424.7 411.4 388.9 400.8 439.6
222.4 253.2 271.7 273.8 281.1 309.2 340.9 370.8 415.3 439.9 467.7 483.4 497.7 498.8 499.7 498.8 503.4 503.3 504.1 500.3 497.3 497.4 501.1 503.7 506.3 510.6 522.5 540.8 552.2 562.1 581.4 602.4 623.6 653.7 689.1 721.1 743.6 753.4 749 748.5 744.6 758.8 760.7 795.2 831.1 865.2 888.2 887.1 874.6 873.5 886.9 906.5 893.1 870.3 846 815.2 784 753.1 720.4 708.7 707.9 703.5 693 720.8 745.5 717.8 690.7 653.8 623.7 602 587.9 581.9 572 558.1 543.7 512 499.9 462.4 439.6 427.6 407.4 416.5 445.9 447.8
232.3 250 262.8 262.4 270.6 307.1 342.3 365.4 403.3 439.9 461.3 481.4 493.8 502.8 507 504.6 513.6 512.3 512.4 509.2 507.2 508.7 511.2 514.6 518.2 518.9 528.3 541.2 552.5 575.3 596.9 620.9 644.8 673.9 709.7 736.2 757.6 766.3 759.4 750.6 739.8 747.7 750.2 774.3 814.6 847.2 904.1 923.6 910.9 918 929.3 932.3 905 879.2 853.7 820.1 783.2 761.7 736.6 727 726.7 715.2 724.2 759 757.4 731.3 705.3 667.3 634 611.7 597.4 587 578.2 566.2 551.3 517.1 496.9 481.5 456.5 434.1 422.7 456.2 458 454.6
221.2 250.9 256.1 250.8 260 300.7 328.1 368.7 386 428.7 446 482.2 498.5 509.6 509.1 508.2 518.3 520.8 518.5 519 519.6 523.3 527.8 527.5 531.2 530.4 533.6 544.8 565.3 589.6 619.3 647.2 673 703.4 739.1 755.6 775.1 774.2 770.2 750.2 740.2 729 741.4 767.5 793.7 824.2 877.1 912.8 938.2 962.4 964.6 940 907.1 876.7 848.9 815.7 783.2 758.4 745.6 740.2 741.8 736.3 756.9 800.7 778.2 744.5 712.5 679.4 650.6 620.9 600.8 591.9 581.7 572 555.7 520.5 499.1 482.9 464.6 436.9 456 478.9 478.6 464.7
209.3 247 246.6 246.5 250 280.6 317.5 351.6 374.5 407.7 426.5 468.8 498.1 511.3 511.2 507.5 520.9 524.6 520.6 533 534.7 542.8 543.1 537.1 540.9 539.8 540.8 554.2 578 611.6 644.3 674.6 697.7 728.4 761.2 761.4 771.1 768.7 759.8 748.2 730.9 724.2 732 758.6 784.6 817.2 859.4 894.5 910.2 932.4 965.6 942.9 903.8 868 842.8 816.5 784.4 771.7 766.7 766.9 761.6 767.2 820.1 819 788.6 756.2 725.3 685.3 652.7 628.3 616.5 602.4 589.5 579.7 560.4 535.4 506.5 487.6 461 467.9 492.3 491.7 488.7 482
200 228.2 237.3 236.7 241.1 271.2 302.4 333.3 361.8 379.4 409.1 448.2 478.9 502.6 510.6 499.9 518.1 524.6 526 541.4 550 552.6 549.7 549.4 551.5 548.5 548.2 563.6 597.5 634.3 667.9 687.9 717.5 740.2 755.2 759.6 766.9 760.5 752.4 743.6 729 720.2 728.3 752 778.7 812.6 847.9 877.5 883.5 902.6 944.5 941.4 906 875 849.9 829.2 822.8 813.1 798.9 787.3 797 859.8 850.3 816.8 784.8 760.4 734.3 708.6 672.4 646.7 630 619.2 601.7 585 569.1 530.4 508 483.8 478.2 511.9 509.9 505.5 500.6 500.4
182.3 196.5 224.6 229.9 229.2 255.3 284.2 317.2 339.9 369.2 401.3 427.3 457.7 487.7 502.8 481.9 517.1 530.9 529.3 545.5 551.5 552.2 555.7 554.4 549.3 548.8 551.7 575.8 617.4 661.5 685.8 707 726.9 742 748.7 752.4 751 744.6 738.8 738.9 731.3 722.5 720.9 743.3 774.1 803.2 829.3 856.9 862.2 887.8 922.6 941.3 948.1 932.7 898.9 870.9 851 829.4 829.1 841.2 885.9 875.4 847 818.2 782.1 755.8 738.5 713.7 690.8 669.1 649.8 626.1 607.9 586.1 562.9 531.4 504.3 501.6 523.9 535.2 535.3 523.5 511.3 498.7
166.1 188.4 207.9 223.5 218.4 234.4 259.6 302.4 317.5 353.7 375.9 406 433.8 454.8 474.3 471.2 499.6 528.1 528.5 539.7 548.9 557.5 562 556.9 549.9 549.2 554.4 588.9 635 677.8 701.6 724.1 736.7 743.6 742 732.9 728 730 740.1 734.8 728.4 718.6 710.8 733.7 763.2 788.1 808.8 831.3 843.3 868.3 896.9 917.1 936.2 944.2 924 892.1 867.7 866.6 875.2 919 899.5 866.5 836.8 807.7 781.1 753.3 735.7 718 699.7 681.1 660 629.7 603.7 584.8 559 527.3 525.8 536.1 556.7 565.6 553.5 537.7 520.3 504.2
161.8 182.8 192.4 205.5 204.5 222.5 249 283 302 334.5 348.3 384.3 411.3 421.2 436.7 459.5 495.1 514 517.9 536.3 564 569.6 571.4 553.2 547.8 548.6 558.1 597.1 645.2 690.6 712.1 733.1 747.1 747.2 724.3 709.8 720.6 724.4 726.2 724.9 716.7 710.8 699.5 724.5 748.5 764.4 784.9 807.8 823 844.9 873.5 892.6 910 921.7 932.1 928.8 939.9 938.7 929.2 928.4 895.3 860.8 825.8 801.5 777.5 756.3 736.5 715.5 699.3 684.1 662.1 631.4 600.5 584.6 557.5 548.1 563.8 579.6 585.9 582.1 564.9 548 527.4 505.7
