STL Generation/terr50_gagg_gb/data/NN37.asc
ncols 200
nrows 200
xllcorner 230000
yllcorner 770000
cellsize 50
[rows 0 to 34 of 200, columns 78 to 155 of 200]
188.2 179.5 177.4 177.6 177.6 177.3 176.5 177.4 177.3 177 176.7 177.6 177.6 177.6 177.5 177.5 177.8 178.3 178.4 178.4 178.8 180.7 182 183 184.3 180.3 179.6 186 187.9 187.5 188.7 191.1 191.5 192.9 189.8 186.3 188.1 198.9 200.7 201.9 203.8 204.6 206.3 209.4 212.9 219.7 224.4 227.5 232.2 238.6 243.9 247.8 253 257.4 258.7 260.9 262.4 263.8 265.3 265.9 267.3 272.4 278 280.1 277.3 277.5 278.6 278.9 279.9 280.9 282.8 285 286.7 288.4 289.3 296.6 300 298.7
193.6 188.4 178.3 179.3 179 179.9 180.7 178.7 178.3 177.7 177.4 177.5 177.5 177.8 178.1 178.2 178.6 178.8 179.8 179.8 179.7 180.4 183.3 184.3 185.4 186.9 183.8 181.3 186.8 186.3 186.5 189.5 190.9 186.2 187.7 188.5 189.2 192.7 200.9 201.1 203 205.4 208.2 211.6 218.4 223.9 227.6 230.5 235 239.5 243.3 247.1 251.3 255.2 258.2 260.5 263.2 265.5 267 268.4 269.9 274.8 279.9 285.2 282.4 282 283.4 284.2 284.8 285.4 287.1 287.4 288.1 289 288.8 289 291.7 294.7
194.5 192.1 188.8 194 194 190.2 189 190.4 179.9 178.5 178.2 178.4 178.8 178.9 179 180.3 185 184.2 182.9 182 181 182.1 186.3 187.8 189.1 190.4 188.1 183.3 182.9 187.1 186.8 188.3 186.3 188 189.6 190.6 191 193.4 198.3 201.5 204.5 209 211.8 214.6 221 225.6 230 233.2 236.4 239.5 243.7 247.7 251 254.4 258.8 261.9 264.2 266.9 268.7 270.1 273 276.9 280.8 283.2 284.9 285.6 287.2 289.4 290.1 290.1 290.5 290.6 290.3 289.8 290.1 289.8 290.8 289.8
196.1 196 193.7 199.9 202.8 201 197.8 196 192.7 190.4 185.7 188.8 187.9 184.2 188 187.5 186.5 184.7 183.8 182.4 181.9 185 187.2 188.1 191 191 191 190 183.1 184.4 184.2 187.1 188.4 190.2 192.9 194.5 195.8 196.2 198.8 199 204.6 209.6 213.8 216.9 221.9 226.8 231 233.5 236.7 239.9 244 248.6 251.7 254.6 258.9 262.5 265.9 269 270.8 271.7 275.6 279.1 282.4 285.4 288 289.3 291.5 294 296.9 297.4 296.4 295.5 293.6 294 298.3 298.7 294.4 292.2
198.1 197.9 196.3 199 207.7 209 210 204 198.7 198.5 197.5 196 193.9 190.1 189.9 188.6 187.1 185.7 184 182.7 183.1 185.3 188.2 187.9 190.5 191 190.9 190.7 189.8 191.8 191.6 191.6 193.2 196.4 199.1 199.7 200.5 198.4 199.6 199.4 204.9 209.7 214.1 217.8 223.3 228.7 231.4 234.2 237.4 240.6 244.9 250.2 253.1 255.8 258.5 263.7 267.8 270.4 270.5 273.6 277.1 280.7 283.5 286.6 290.2 293.3 296.2 299.2 301.5 301.8 301.5 299.9 298.2 298.4 301.5 300.7 298.5 297.3
206.2 201.5 200 203.4 208.4 218.1 221.5 217.9 200.5 199.7 197 197.1 194.8 191.7 190.9 190.3 187.9 186.3 184.7 182.7 184.3 186.3 188.8 188.4 189.7 190.9 190.7 190.5 194.3 198.6 198.2 199.2 200 200.2 200.8 201.8 201.9 200.9 199.9 201.2 206 210.6 215.8 219.7 224.7 229.9 233.3 236 238.9 242.2 246.1 250.9 253.8 256.7 259.5 262.9 268.3 270.9 274.2 277 278.9 281.9 285.5 289.4 293.2 296 298.8 301.1 302.8 304.4 303.3 301.5 300.1 300.5 301.2 302.5 301.9 300.8
215.5 206 206.6 207 210.9 212.5 219.5 211.8 204.3 202.9 200.1 198.1 195.3 192.9 192.4 190.9 188.8 187.2 185.7 184.2 185.6 187.1 187.7 188.5 189.3 190.8 190.7 192.2 197 200.4 201 201.8 202.5 202.6 203.4 205.3 205.2 204.2 203.2 204.7 206.7 212.6 218.4 221 225.2 230 235 237.8 240.3 242.9 246.4 250.3 253.9 257.3 260.6 263.6 268.9 271.1 276.8 280.2 281.5 285.6 289.2 292.7 296 298.7 301.6 303.8 305.5 306.7 305.2 303.4 302.2 302.6 303.4 303.9 302.6 301.5
220.9 213.7 216.5 208.7 216.3 214 210.7 209.1 209.1 205.1 202.3 199.3 197.7 195.7 194.4 190.7 188.9 189.1 187.6 186.6 186.2 187.2 187.9 188.2 188.9 190.2 191.2 194.7 198.5 200.5 203.3 204 204.7 205.1 206.1 208.6 208.6 208.6 208.3 208.5 209 214.2 216.5 221.6 225.2 230.2 236.1 239.5 242 244.5 248 254.1 259.6 264.6 267.5 268.5 269.4 273.3 279.4 282.9 284.6 288.3 290.9 294.1 297.1 299.4 304.3 306.7 308.1 307.6 306.5 305.4 304.5 304.4 305.2 305.3 304.3 303.4
229.8 218.9 219.1 227.1 217.8 217 211.9 217.6 214.6 208.6 204.8 201.3 198.7 197.3 195.4 192.6 188.8 191 189 188.8 188.5 187.8 188.6 188.9 189.6 194.3 195.4 196.9 199.8 203.1 205.6 206.3 207 207.6 208.7 211.3 211.6 210.8 211.3 210.4 210.8 214 217.8 220.2 225.1 232 236.8 241.8 243.7 246.3 252.2 258.3 264.3 269.1 273.5 275.8 275.4 278.7 281.8 284.8 287.6 290.2 292.9 295.5 298.5 303.2 309.3 309.9 309.4 308.8 307.7 306.7 306.1 305.6 306.4 306.3 306 305
234.2 230.5 231.3 224 219 222.1 220.6 220.9 217.7 213 208.4 206 202.1 198.7 195.2 192.8 192.6 192.3 191.2 189.4 190 189.7 190.4 192.5 194.9 198 200.2 200.8 204.7 208.5 208.3 208.9 209.5 210.5 211.1 211.7 212.3 210.6 210.6 209.2 211.2 213.9 217.8 222.5 227.6 233.4 240 243.2 244.6 248 255.1 262.7 268.7 272.1 275.1 276.7 280.1 283.6 285.6 287.2 288.7 291.2 294.1 297.2 300.3 304.7 312.1 311.8 311.2 310.2 307.7 307.8 307.9 307.4 307.4 307.1 306.7 306.2
250.6 237.8 226.3 219.8 223.3 226.2 223.3 222.3 221.6 220.3 215.8 215.2 204.5 199.9 193.6 194.6 194.6 193.7 192.2 191.7 191.3 192 195.9 200.7 200.3 206.3 209.9 212 212.7 213.5 212 212.8 214 214.2 212.3 211.3 211.2 211.1 212.2 210.8 212.1 213.9 218.7 224.7 230.1 235.1 240.9 244.6 246.4 250.1 256.6 265.2 271.1 274.4 277 280 285 288.8 289.9 291.7 293.8 293.6 296.2 299 302.4 305.9 310.3 310.6 310.7 310.4 307.8 307.9 308 307.3 308.2 307.7 307.3 306.8
261.3 248.8 232.3 225.3 228.4 230.6 229.5 228 229.2 231.1 219.2 217.9 203.4 198.6 196.3 195.6 196.4 193.8 191.3 192 193.3 196.7 199.7 201.7 207.3 213.3 217.2 216.7 217.6 218.4 216.9 216.4 216.2 215.5 214 212.4 212.1 212 212.1 211.5 213.1 215.6 220.5 226.3 231.3 237 242.6 249.4 250.6 254.9 258.7 265.9 271.1 275.9 277.7 285 292.1 297.5 299.5 300.3 300.5 299.1 301.6 303.6 304.3 307.4 309.2 310.5 310.8 309.5 307.9 305.9 305.1 306.7 308.3 308.4 308 308
269.1 260.7 240.6 228.4 234.3 236 230.7 231.1 238.5 233 218 209.4 202.1 198 197 195.7 197.8 197.3 194.2 194.7 197 201.2 200.5 202.6 209.1 211.3 215.5 217.5 219.3 219.8 220.1 219.4 218.5 217.2 215.7 214.1 213.1 212.8 212.3 213.3 214.6 217.3 221.7 226.8 233.4 239.2 245.5 250.9 255.7 260.5 263 269 273.2 278.4 284.1 291.5 298.4 304.6 306.7 307.4 306.9 308.3 310.3 309.4 308.3 307.6 307.3 308.7 307.1 305.6 304.4 302.8 303.4 304.7 305.9 307.3 307.6 309.6
277 264.7 249.8 234.1 229.6 238.4 240.2 240.3 238.2 227.1 218.6 205.6 198.6 199.3 199.9 199.5 199 200.1 200.3 200.9 209.2 209.1 204.7 204.7 208.4 210.6 213.8 217.4 219.7 220.5 221 220.6 220.3 218.9 217.4 215.8 214.3 213.7 214 215.3 216.5 218.5 223.3 228.7 234.6 241 246.3 251.9 257.1 261.2 267.3 272.3 275.5 281.2 289.1 295.6 303.4 309.9 312.3 310.3 308.5 310.7 311.2 310.1 309.1 307.7 305.1 302.1 300.7 300.4 300.5 300.3 300.9 302 303.6 305.7 307.7 309.6
281.4 270.4 256.9 241 233 231.1 233.7 234.6 228.4 224.3 211.3 202.3 201.4 202.5 202.5 205 204.4 212.6 222.5 224.1 220.3 217.3 212.2 210.2 209.6 210.6 214.7 217 220 221.1 221 220.8 221.3 220.5 219 217.3 215.5 215.1 215.7 217.2 218.5 220.3 224 229.9 236.4 242.3 248.3 254.3 259.3 264 268.9 272.3 276.7 282.5 290.2 298.7 305.1 311.7 311.9 309.2 308.4 308.7 307.3 305.9 307 302.4 300.8 299.7 299.7 299.6 300 300.2 300.8 302.4 304.7 306.3 308.2 309.6
285.5 275.7 260.5 248.2 238.4 233.6 230.4 226 224.7 217.9 207.6 203.9 205.7 206.1 209.5 212.4 212.3 218.4 236.7 240.2 232.8 227.6 222.6 218.7 216.2 216.6 217.1 219 221.5 222.9 222.6 221.7 221.4 220.9 219 217.8 217.1 216.9 217.3 218.8 220.3 220.2 226.7 231.3 238.2 244.2 252 256.7 260.3 265 270.5 273.8 277.8 283.2 291.4 300.4 303.1 309.7 308 305 302.8 304 303.7 302.1 301.1 298.9 298.8 299.2 299.2 299.2 299.9 300.1 300.3 303.4 306.6 308.2 309.5 309.6
288.4 281.1 268.8 253.5 241 233.3 230.8 220.9 218.8 211.5 207.8 206.9 208.6 215.1 224.7 227 225.5 215.2 227.2 243.6 247.5 242.2 237 232.2 226.2 222.7 221.7 221.5 223.3 224.7 224.5 223.4 222.7 221 220 219.2 218.9 218.6 218.5 218.8 219.1 220 226.3 232.3 238.3 245.2 254.8 256.9 261.3 266.9 272.4 276.7 280.7 285.5 291.3 297.6 301.5 304.1 301.6 299.8 298.8 299 299.3 298.6 297.6 297.6 297.9 298.3 298.6 298.8 299.5 299.9 300.8 302.8 307.9 309.2 309.3 309.4
288.5 280 270.3 257 244 234.2 226.2 215.3 210.3 208.3 207.1 211.8 224.8 232.3 228.5 226.8 222.7 227.5 222.2 234.8 247.7 254.2 253 247.8 241.8 234.8 231.1 226.6 227.7 227.6 226.6 225.4 224.2 222.5 220.9 219.7 219.3 218.8 218.7 219.9 220.4 220.5 225.5 231.1 238.2 245.9 254.4 257.8 264.1 269.7 276.1 279.8 283.9 288 292.3 296.3 299.4 300.7 297.6 294.5 293.1 293.8 294.1 295 295.9 297.1 297.6 297.9 298.3 298.8 299.4 300.1 300.8 303.6 307.3 309.1 309.3 309.4
289 280 269.5 258.1 246.8 233.4 220.9 216.4 214.9 214.5 221.2 231.7 231.7 232 233.6 227 225.2 231.2 227.8 230.8 235.2 249.3 261.4 262.3 256.9 248 238.2 230.5 230.1 230.3 228.9 227.3 226.2 224.4 222.4 221.4 220.2 219.1 218.9 220 221 222.2 225.5 229.8 236.9 246.3 255 259.2 264.9 270.3 279.1 281.4 284 289 292.3 293.5 295.1 294.6 292.6 290.1 289.7 290.1 291.5 293.6 294.9 296 297.1 298.2 298.6 299 299.3 299.8 301.5 303.3 306.4 309 309.2 309.3
288.2 280.8 271.5 262.3 247.7 228.5 218.6 224.5 223.8 229.8 228.4 234.1 238 239.3 240.3 234.8 229.2 231.4 228.7 233.4 229.2 241.6 256.5 262.8 262.6 259.9 250 236.7 232.9 232.1 230.6 229.1 228.1 226.7 224.2 223.7 222.5 220.5 221.6 226 228.5 228.1 228 230.8 236.1 244.3 251.2 256.6 263.5 270.1 276.3 279.2 282.4 288.6 290.1 290.8 290.6 290 289.2 289.2 288.8 289 290.7 292.5 293.3 294.3 295.4 296.6 298.2 298.7 299.2 299.6 301.2 302.1 305.3 308.9 309.1 309.3
287.9 279.6 272 259.3 242.5 222.7 228.3 239.5 236.2 237.1 244 243.7 245.3 241.8 245.5 238.7 231.2 230.5 231.9 236.6 232.2 237.3 250.5 261 264 263.8 255 240.3 236.5 234 232.9 236.3 230 227.8 225.7 225.4 222.9 220.3 223.4 229.4 231.4 230.8 228.4 231.2 235.5 240.7 247.3 254.4 261 270 275.2 277.7 279.8 285.2 287.6 289.3 289.2 289.5 289.7 289.5 289.5 289.5 290.5 291.1 291.8 292.4 293.3 294.9 296.5 298.2 298.8 299.2 300.4 301 303.7 308.3 309.1 309.3
287.4 278.2 268.3 251.5 232.7 229 251.1 253.6 245.4 249.8 254.7 256.8 253.7 249 242.7 240.1 237.8 235.8 234 237.6 235.8 238.5 245.2 254.9 261.7 261.5 256.2 243.6 239.1 237.4 237.3 238.9 233.4 227.7 226.5 226 222.4 220.7 225.1 230.7 230.2 230.4 229.2 231.2 235.6 239.6 246.6 253.1 259.8 267.7 272.3 275.1 276.6 282.1 285.6 287.8 289.6 290 289.7 289.8 290 289.3 289.5 290.7 291.7 292.3 292.9 294.1 294.9 296.5 298.1 298.8 300.1 302.2 303.8 307.7 309.2 309.6
282.3 269 250.1 235 233.1 251.8 258.1 254.6 259.2 266.1 268.7 265.9 261.5 256.4 248.2 240.1 239.1 239.8 237.1 236 237.3 239.2 243 253.1 261.2 261.9 259 246.6 244.1 242.9 243.9 242.4 237.7 230.9 225.9 227.1 220.3 224.2 228.1 230.7 230.6 229.6 229.8 230.9 235 239.1 246.3 253.2 258.1 264.1 265.8 269.4 273.6 280.6 284.2 286.4 289.8 290 289.2 289.7 293.1 294.3 292 291.6 292 292.4 293 294.4 295.8 296.6 297.4 298.2 300 302.4 305.8 309.3 309.8 310.4
268.8 249.3 237.7 238.2 260.6 267.3 259.6 263.5 272.8 281.5 283 276.9 268.6 266.2 257 243.7 238.8 241.3 236 236 236 244.1 248 256.7 263.9 265.7 263 253.6 249.9 256.9 260.1 251 243.4 234.5 227 227.1 222.3 224.6 227.4 230.7 230.9 229.7 230 232.8 235.7 239.3 248.1 252.5 257.2 261.5 264.3 268.7 272.6 277.9 281.9 284 285.9 287.6 289.7 291.3 298.5 296.8 291.9 291.2 292.1 292.4 293.2 294.6 295.9 297.3 298.3 299.1 302.2 305.6 309.7 310.1 310.6 310.5
250.4 238.1 250.2 264.4 266.3 267.1 266.9 272.2 284.7 290.5 293 285.3 276.5 269.4 260.1 246.9 239.2 238.9 236 236 236.6 248.2 251.8 259.3 266.4 270.5 266.1 262.7 259.8 262.1 261.3 258.1 242.8 231.5 229.5 225.9 224.1 226.6 228.9 231 229.3 229.8 231.5 234.4 237.4 241.4 247.8 251.3 254.9 257.5 260.6 268 267.7 271.5 276.4 278.7 281.1 283.1 287.6 291.7 294.3 291.8 291.2 290.6 291.2 292.1 293.6 294.9 296.3 297.6 298.9 300.4 302.8 307.2 310.4 310.5 310.5 310.4
240.8 248.1 271.7 268.9 267.8 271.2 277.7 280.9 289.4 301.4 300 293.2 285.4 270.9 261.2 247.7 238.5 238.2 236 236 237.8 246.8 254 260.5 267.2 271.1 266.5 263.2 261.6 260.7 261.6 258.1 238.2 230.7 228.6 226.1 226.8 227.7 230.3 231.8 229.5 231.3 235 238.4 242.3 246 248 250.3 251.9 255.4 258.8 260.9 263.5 267.5 271.1 274.2 276.9 278.9 284.6 291 292.2 291.5 291 290.6 290.7 291.7 293.3 295.5 297.6 298.9 300.1 300.1 302.3 306.3 309.4 309.4 310.2 310.1
257.2 271.1 280.8 272.5 273.6 282.9 290.1 288.2 295.1 304.9 306.5 303.2 293.3 275.3 268.6 254.3 239.8 238.7 236 236 236.4 243.5 255 260.1 266.5 269.7 267.9 262.1 261.3 260.9 257.4 248.5 236 227.4 227.1 230.7 228.5 229.3 232.8 238.8 240.4 236 237.7 242.5 247.3 248.7 250 250.8 252.1 254.5 257.3 260 261.4 264.9 268.3 271 273.7 276 280.4 288.3 292.2 290.8 290.7 290.6 290.5 291.6 293.3 295.2 297.5 300.2 300.7 300.5 302 305.3 308.5 309.5 309.8 309.8
278.3 281.1 281.1 281.2 286.1 293.5 295.3 298 303 307.6 312.8 310.5 299 279.2 273.6 260.2 244.5 240.6 236 236 236.8 242 255.4 259.7 262 265.6 263.1 257.1 262.5 260.8 244.1 243.5 233.2 227 229 233.8 237.9 233 236.4 240.6 241.3 239.3 240.6 244.4 248.8 250.3 250.2 251.2 252.9 254.3 256.9 258.6 261.9 263.7 265.1 267.6 270.2 274 280.7 282.4 286.8 287.4 288.1 289.2 289.3 289.6 291.7 294.6 298.8 301.4 301.3 301 301.3 304.2 308 309.2 309.4 309.5
288.3 287 287.4 292.9 299.4 304.6 304.3 309.4 312 314.4 317.6 316.7 308.3 286.8 279.4 258.4 254.4 237.8 236 236 236.6 239.9 251.5 261 262.8 264.4 257.7 249.7 249.9 243.2 240.6 233.8 228.2 228.1 230.9 236.9 240.5 238.3 239.7 243.3 243.5 242.6 243.1 245.5 249.9 250.1 251.2 252.4 253.9 254.7 258 258.2 259.9 262.7 262.5 264.7 267.8 270.9 276.2 277.7 279.9 281.2 284 286.7 288.5 288.9 289.7 292 295.8 299.4 301.9 301.6 301.8 305.7 309.2 308.8 309 309.2
294.6 292.8 297.7 307.5 315.4 314.9 313.8 322 322.9 321.6 323.5 323.8 313.2 292.6 280 263.5 257 239 236.9 236 238.6 240.1 251.8 264.2 263.2 258.3 255.6 247.1 239.8 237.3 231.8 227.2 228.9 230.5 235 246.7 246.7 238.2 241.4 248.2 247.4 247.2 247.5 249.7 251.5 252 253.6 254.9 255.3 256.1 258.1 258.7 259.2 260.1 261.6 262.4 266.1 268.5 270.1 273.4 276.9 280.3 281.3 284.5 287.2 288.9 289.4 292.8 294.8 295.6 298 300.3 301 307 309.5 309.2 308.9 308.9
301.1 301.7 307.1 321.8 326.2 320.5 326.4 330 330.4 327.3 329.4 329.5 317.8 297.1 281.3 266 260.6 243 237.9 236.2 238.5 242.6 250.8 258.2 255.9 251.2 249.5 244 237.8 229.9 229.4 231.5 233.8 240.9 250.8 260.6 261.2 249.7 242.6 256.3 253.9 253.2 253.4 254.3 255.8 256.4 257.3 257.7 257.8 259 258.9 259.5 260 261.3 261.2 261.5 262.7 265.8 268 270.8 275.4 279.5 280.8 282.2 284.9 287.5 289.9 294.1 297.9 298.5 299.7 300.8 301.2 305.8 309.4 309.1 308.9 308.7
310.9 309.3 319.4 332.8 332.7 335.5 342.9 344.3 345 338.7 337.4 335.3 321.3 300.7 281.3 270.6 262.5 251.2 237.9 236.2 241.1 244.4 248.4 251.6 250.9 248.1 244.7 245.2 232.3 231.1 233.8 232.8 237.8 257.2 263.3 264.7 262.9 255.3 252.8 259.8 259 257.4 258.6 258.4 260.8 262.4 263.8 264.6 263.8 261.1 261.3 260.2 261.3 261.8 261.2 261.4 262.8 264.5 267.1 270.4 272.9 279 281.3 285.7 288.4 289.7 289.2 291.5 295 299.1 300.9 300.5 302.2 306.9 309.1 308.9 308.8 308.6
321.8 319.2 328.9 339.6 347 354 358.7 359.7 358.2 353.4 350.4 343.9 318.9 297.6 283.6 278.3 266.6 249.7 238.8 238.5 238.9 245 249 249.5 250.2 246.6 243 238.9 231.6 235 235.7 236 240.3 260.9 262.7 261.8 260.7 254.9 254.7 259.8 259.8 260 262.4 264.2 266.8 269.3 271.2 271.5 269.9 267.1 266.7 264.7 265.2 264.1 263.3 263.1 264.2 266 267.7 269.1 273.5 280.4 280.2 286.9 293.7 291.3 291.9 294.1 295.8 298.9 300.3 302.7 305.1 309 309.2 309.3 309.1 308.9
333.4 329.2 340.3 352.2 365 371.8 377 374.7 371 369.3 361.2 348.2 316.8 300.4 291.9 286.8 274 248.4 237.8 239 245.6 244.9 247.5 249.9 250.5 245.3 241.4 233.8 237.6 238.5 238.7 238.8 249.1 264 263.4 262.4 260.7 256.4 249.7 258.7 262.3 267.2 268.1 269.7 272.3 274.3 273.9 275.6 274.2 273 273 268.1 267.3 266.2 265.7 265 265.7 267.4 269.1 271.5 276.8 280.8 280.1 285.9 291.1 292.2 295.2 297.9 298.7 300.4 301.2 304.5 307.9 308.8 308.9 309.1 309.4 309.5
344.6 341.6 354.9 363.6 374.8 384.5 392.4 387.1 383.4 383 369 347.2 317.8 304.2 299.6 292.7 277.6 249.7 238.8 238 247.8 245 247.4 249.3 248.6 242.3 237.5 237.3 248.5 247.3 245.8 245.9 262.5 264.6 263.6 261.5 260.7 256.3 251 263.2 271.6 276.2 276 277.5 279.9 280.9 281.2 280.8 278.6 278.9 278.7 274.4 269.4 268.3 268.4 267.7 267.7 269 270.7 275.5 279.5 280.9 280.2 282.7 287.5 292.8 298.6 300.1 299.9 301.2 303.2 306.1 309.4 309.2 308.8 308.8 309.1 309.3
