STL Generation/terr50_gagg_gb/data/NN38.asc
ncols 200
nrows 200
xllcorner 230000
yllcorner 780000
cellsize 50
[rows 105 to 139 of 200, columns 0 to 77 of 200]
169.3 178.8 191.2 202.7 213.6 225.1 238.1 250.2 260.5 269.8 275.6 281.2 287.7 293.7 299.3 305.1 310.5 315.5 324.5 323.2 324.9 327.7 326.6 321.7 319 315.6 314.4 309.8 305.7 297.2 292.6 287.5 282.5 277.5 271.6 265.8 258.7 251.5 246.2 242 238.1 236.6 233.3 233.4 232.3 231.8 233 233.4 233.4 236.1 236.2 233.7 224.2 241.4 249.2 255.6 263.5 270.6 280.8 294.9 304.8 305.8 303.7 309.5 322.6 334.9 344 358.1 371.8 387.3 408.3 424.6 433.1 432.5 430.3 424.8 420.8 418.4
173.9 184.8 195.2 205.6 215.8 225.2 236.2 246.3 255.7 263.7 270.4 274.5 278.4 284.5 289.5 293.6 297.9 301.5 304 305.7 307.7 304.4 300.3 298.6 298.3 295.4 293.5 289.9 286.2 280.6 275.7 270.1 263.7 257.1 250.5 245.7 238.6 233.4 229.7 224.4 220.9 218.9 217.6 217.6 218.3 218.4 217.5 215 214.7 218 227.3 221.3 234.1 241.8 247.1 254.8 265.3 276.4 282.5 291.1 292 296.8 311.2 318.9 329.2 340.2 351.7 364.5 381.1 402.5 420.2 430.6 437.8 435 431.6 425.1 418 415.3
179.1 190.3 199.8 208.5 216.2 225.3 234.2 242.7 249.9 255.2 261.4 265.8 269.4 273.4 277.2 279.6 282.9 284.7 282.4 280.5 278.8 276.5 275.8 274.5 273.5 272.4 271.2 269.8 266.4 262.7 256 249.2 242.6 236.9 230 225.9 220.4 215.8 213.4 211.5 209.9 209.6 208.4 208.2 209.2 210.5 208.4 216.2 221.5 217.5 216.1 227.2 230.7 237.5 243.7 249.1 261.6 272.7 275.1 273.9 280.6 302.8 316.4 328.2 340.4 349 358.3 369.2 386.4 409.7 424.4 434.3 441.2 438.2 428.2 420.8 413.8 409.7
182.9 192.8 201.5 210 216.9 224.3 231.5 237.6 241.3 247.2 251.9 255.9 259.3 261.5 264.4 266.8 266.9 267.2 263.7 258 256.3 254.1 253 252.2 250.4 250 248.9 246.4 244.4 240.5 234.2 228 221.9 216.6 211.6 207.3 202.2 203.5 199.6 202.7 206.1 204.6 205.2 208.8 212.3 214.9 217 216.8 216.7 224.8 231.2 234.2 232.9 235 239.9 253.4 261.8 268.4 279.5 285.7 298.4 310.6 325.1 338.3 349.3 356.9 362.6 370.1 389.7 410.1 427.1 439.6 441.1 436.8 426 416.1 410.6 408
183.6 192.6 199.3 204.4 211.2 217.3 222.4 227 232.5 237.9 241.3 244.2 248 249.8 250.5 250.4 248.6 244.8 239.9 238.6 233.8 230.9 228.1 224.6 221.6 222.5 223.1 221.9 221.8 217.8 213.8 208 203.7 199.2 197.7 196.7 195.8 197.6 199.6 201.5 204.6 208.6 212.2 216.8 220.4 221.9 223.5 224.8 226 223.7 226.8 233.3 237.7 242.2 246.8 256.8 267.2 277.5 285.4 295.7 310.6 325.2 339 348.2 359 364.5 364.8 371 392.2 409 425.9 437.4 439.5 433.8 424.9 414.3 406.8 404.8
182.3 188 192.7 197.7 203.7 209.3 215 218.3 224.4 228.5 232.2 232.8 235 236.4 236.4 232.9 227.9 222.9 217.2 215.6 212.5 209.4 199.7 193.7 194.8 196 199 200 199.4 195 191.4 198.6 194.7 192.2 196.7 199.6 207.1 204.5 204.7 208 213 217.7 222.9 226.6 227.9 229.1 230.7 232.2 232.8 230.1 226.1 231.6 238.7 246.9 253 260.1 271 282.6 292.1 303.8 318.6 333.5 345.3 356.7 366.1 368 367.3 372.6 384.1 405.1 419.6 431.1 432.9 425.7 419 411.4 401.7 399.8
177.2 181.6 185.7 189.4 195.8 201.2 201.9 205.5 213.1 214.7 215.6 217.7 217.1 215.4 212.8 210.2 205.2 200.5 194.9 191.9 189.5 186.8 180.1 178 176.4 179.8 180.9 181.7 187.7 192.4 197.1 193 199.1 207 212.5 213.2 223.3 222.5 226.7 230.6 231.5 232 233.4 235.8 237.1 237.4 238 238 235.5 233.5 232.6 233.7 239 249.4 255 264.3 274.3 286.4 297.1 308 322.3 333.8 342.7 351.3 356.1 359.3 362.7 371 381.5 403.2 417.4 424.6 421.5 414.4 409.3 403.2 396.9 401.2
162.4 169.1 173 175 174.7 177.4 179.3 182.7 190.2 188.8 193.8 197.7 197.5 198 194.8 185.7 178.3 174.9 173 172.2 173.9 178 173.8 181.2 186.6 192.1 195.9 197.6 210.5 212.5 212 211.8 216.2 222.1 228.1 233.7 239.1 242.3 243.5 244.5 242.3 243.8 244.1 244.9 246.1 245.8 245.9 244.1 241.4 237.4 240.2 241.1 240.5 243.4 252.3 264.1 275.7 287.8 300.3 314.1 326.5 335.2 341.3 346.6 350.4 353.6 358.2 369 382.3 400.6 406.4 406.1 406.4 400.5 396.2 392.6 390.7 400
131.5 143.3 146 150.1 149.6 151 152.7 152.9 157.9 158.2 164.5 174.6 181.2 177.5 167.6 168.1 167.7 168.9 173.7 174.8 181 183.8 181 194.3 199.9 203.7 206.7 209.3 213.4 220.2 222.3 225 229 233.1 238.7 244.3 249.9 251.7 253.7 254.9 254.2 254 254.4 254.7 253.9 253.7 251.6 249.9 247.4 242.4 245.8 248.4 251.7 251.5 248.5 259.6 270.3 285.9 297.5 311.4 325.7 336.5 341.3 343.1 345.7 348.7 356.6 369.6 381.4 392.6 392.5 394.2 393.2 388.1 382.9 380.6 392.3 401.5
172.5 176.9 174.2 176.4 184.8 183.4 185.8 185.8 182.2 175.6 173.3 165.6 159.6 160.5 160.2 178.9 187.4 191.2 195.5 197.3 198.7 200.4 202 209.3 213.6 215.6 217.9 220 224.1 227.9 232.1 236.3 240.7 245.9 251.2 255.7 260 262.1 264.2 265.1 264.5 264.5 264.9 263.6 261.5 259.8 257.7 255.1 253.1 249.4 253 255.4 256.8 260.5 254.3 253.9 267.5 280.5 291.9 306.3 322.5 331.3 336.5 339.9 342.9 346.6 354.7 365.1 373.4 380.6 380.9 381.3 381.5 377.4 373.3 381.7 394.4 401.8
182.5 189.5 195.7 200.3 200.9 202 203 204.6 202.5 201.4 204.5 202.3 199.5 194.8 196.5 203.4 206.7 212.1 213.5 214.3 214.3 216.6 217.9 223.1 226.6 227.9 230.9 235.5 239.2 243 247.7 251.9 256.2 259.8 264.9 269.6 271.5 273.2 273.9 274.4 273.8 276.4 276.9 272.3 268.9 266.4 265.4 262.4 258.8 256.9 260.8 262.5 263.6 264.3 265.1 253.3 262.9 274.8 287.2 300.3 318.4 327.5 330.9 334.5 338.1 341.6 349.8 358.4 364 368.1 369.5 369.6 368.5 368.9 372.1 381.6 391.5 400.6
191.4 198.2 204.5 209.1 212.8 215.1 219.1 222.3 224.6 224.6 224.2 225.2 224.2 225.9 226.2 228.6 229.7 230.6 230.8 230.5 231.5 232.5 235.1 238.6 242.4 245.1 247.2 250.9 255 257.6 262.7 266.1 270.8 274.3 277.8 281.9 284 284.7 284.1 283.5 283.3 283.4 284.1 280.4 276.8 275.3 274.2 270.6 265.8 265.5 269.1 269.8 270.9 268.6 269.3 253.6 256.2 268.4 282.2 295.1 306 313.6 322.3 326.8 331.4 334.4 339.3 344.4 350.3 355.8 357 358.9 361.3 363.2 372.6 380.6 389.1 397.6
197.7 205.8 212.2 217.7 221.9 226.6 231.7 236 238.5 240.3 241.6 243.4 245 245.7 245.9 247.7 248.3 247.5 247.1 246.5 246.6 248.2 251 254.7 257.9 259.6 261.5 264.1 268.4 272.2 276.5 280.9 284.7 287.8 291.2 293.7 296.1 296.9 296.7 295.4 292.9 293.4 292.4 289 285.5 283.8 282.1 278.7 272.4 274.2 278.1 279 277.2 274.4 275.1 268 262.9 259.4 274.4 289.5 292.5 299 306.5 319.3 323 325.2 330.6 337.6 342.3 345.7 348.3 349.7 354.3 362.4 372.4 379.3 387.3 395.3
203.8 210.8 218 225.9 232.4 237.9 243 245.9 248.9 251.9 255.4 258.6 259.5 260.5 261 262 262 260.6 259.5 257.2 257.3 260.2 263.9 265.9 268.8 270.2 273.6 276.9 280.7 284.6 289.5 293.4 296.7 299.4 301.7 304 305.5 306.8 307.5 305.9 305.2 305.3 303.3 299.9 296.7 293.1 290.1 284.9 277.9 282.7 286.2 286 285.1 282.5 281.4 281.6 275 268.5 267.4 275.5 281 288.2 292.5 304.5 310.4 316.7 323.5 330.5 333.9 337 341.8 343.8 354.8 362 370.3 378 385.5 392.9
208.7 216.1 224.5 233.2 240.9 247 251.2 254.4 258 262.9 265.6 267.6 268.8 269.6 270.1 270.5 271 270.2 269.7 268 269.3 272.2 273.9 274.3 278.6 279.8 283.8 287.8 292.4 296.4 300 303.5 306.8 309.6 312.3 314.2 314.8 316.1 317.9 316.3 316 315 313.2 310.8 307.7 302.3 297 290.5 288 294.6 294.3 292.6 293.8 290.2 288.3 288.5 283.4 279 278.5 278.4 281.9 290.4 297.4 299.2 304.1 311.1 316.1 325 327.4 326.1 336 344.6 352 359.1 367.2 375.9 384.4 392.3
213.8 221.6 229.7 239.3 248.1 253.3 257.6 261.7 265.8 270.3 273.3 275.6 277.3 277.5 277.6 277 277.9 277.9 278.8 278.8 280 280 282.5 283.3 286.9 289.1 293 297 301.2 305.3 309.3 313.3 316.9 319.4 322.1 323.6 323.3 325 327 325.6 326.4 325.8 322.2 320.2 315.6 309.4 303.1 296.5 297.9 302.1 300.1 300.4 301.7 301 298 295.9 292.1 289 288.8 288.9 285.9 288.8 299.8 300.9 305.3 308.6 308.7 317.1 323.9 332.2 337.7 343.8 349 356.8 365.7 374.8 383.1 392.4
219.5 226.5 235.5 245 252.2 258.7 262.7 267 271.4 275.4 278.6 281.4 283.5 283.3 283.2 283.3 283.5 283.7 284.3 285 285.7 286.9 288 290 293.6 297.2 300.1 304.9 308.6 312.6 316.6 320.8 324 326.2 328.4 330.8 332.1 334.2 336.3 338.2 335.1 331.7 328.5 325.2 322.2 317.5 311.2 304 307.8 308.2 306.8 308.3 308.7 307.9 303.4 301.5 299.9 299.5 298.8 301.4 299.5 299.8 302.4 307.7 310.8 311 314.2 318.9 327.6 334.4 339.5 345.5 351.3 358.8 367.1 375.3 383 392.6
224.8 231.8 241.3 249.5 256.6 263.4 267.8 272.4 276.9 280.4 283.7 286.9 287.2 287.7 287.2 287.3 288 287.9 288.4 289.3 290.1 291.7 293.2 295.2 298.3 302.5 306.6 311.2 315.2 319.4 323.8 328.2 332 335.7 339.7 341.1 342.4 343.5 345.2 344.6 341.5 337.6 333.8 330.4 327.6 323.3 315.7 313 318 313.6 314.6 317.6 317.8 315.1 309.7 308 307.9 307.6 307.8 309.7 307.2 307.7 309.3 312.3 315.8 317.1 319.6 320.5 325.7 332.8 340.4 347.5 353.9 363.3 368.9 375.4 383 390
230.1 237.6 245.8 254.1 261.2 267.1 271.6 276 279.9 283.3 287 288.9 289.4 288.6 290 291.1 291 291 291.1 292 293 295.8 297.3 299.7 302.7 306.2 311.1 316.3 321.3 326.1 330.9 336.1 341.3 346.5 351.4 354.6 354.1 355 355.3 352.5 348.7 345.4 342.5 339.8 332.5 325.2 321.5 322.6 323.6 323.7 325.8 327.7 326.8 323.3 319 314.7 309.7 308.7 311.1 312.2 312 310.9 313.3 315.3 318.7 321.3 321.4 323.3 327.1 332.6 340.1 348.9 356.9 364.2 369.3 375.2 381.4 387.5
235.6 241.9 249.4 257.8 265.7 270.8 275.2 278.6 282.1 285.8 288.2 289.8 289.4 289.4 289.2 290.5 290.3 291.5 292.3 294.3 295.6 298.3 301.4 303.7 306.8 310.3 315.4 321.3 328.4 333.1 338.1 344.9 352.9 359.3 365.7 369.3 369.7 369.6 364.5 361.1 358.6 353.6 351.4 346.7 337.7 332.8 331.6 332.5 332.9 334.6 337.1 339.1 335.3 331.9 327.2 320.5 315.1 314.2 313.5 313.8 315.2 316.4 316.9 317.5 319.7 320.2 322.2 325.3 329.6 334.4 340 347.9 355.1 362 366.6 370.8 377 382.6
240.3 247.1 254.1 260.1 265.9 270.8 275.7 279.9 282.9 285 287 288.1 288.3 288.7 288.9 289.6 291 292.2 293.5 295.5 298.1 300.3 304 308 311.6 315.2 322 328.3 334.9 341.4 346.3 354.1 363.4 375.3 384 386 383.5 380.6 376.2 373.2 369.9 364.6 358.6 352.4 343 341.7 343.5 342.7 342.7 345.1 345.6 345.8 341.7 336.6 332.7 327.2 321.7 319.5 317.7 315.8 317 317.7 319.5 320.6 320.5 321.1 323 325.4 329.9 335.6 340.3 346.1 352.7 358 361.1 365.4 370.5 375.3
242.7 250.2 256.7 262 265.2 269.9 274.8 279.5 282 283.9 284.8 285.3 285.7 286.6 286.8 288.4 290.2 291.7 293.2 296.1 298.7 302 306.1 310.3 315.3 321.5 328 335.7 343.1 350 356.4 364.8 379.7 394.5 400.4 398.9 396.2 391.8 390.2 384.3 380.2 373.1 366.2 358.4 351.1 351.8 354.4 354.8 356.3 354.8 353.7 351.9 347.7 341.2 336.1 332.5 328.5 324.7 321.9 319.4 318.6 319.1 321 321.3 321.9 322.4 324.2 325.7 329.1 334.5 337.6 340.3 345.7 349.7 353.4 359.2 364.5 369.6
242.5 250.5 258.3 262.9 266.1 269.2 273.5 277.8 279.7 280.8 281.7 282.6 283.1 284.1 285.1 287.1 289 291 292.6 296 299.1 302.6 306.9 312.4 318.4 326.7 333.4 341.9 349.7 357.6 364.3 375.2 395.1 409.2 416.1 413.7 408.3 402 398.5 394.9 388.5 379.9 373.1 366.9 362.8 363.8 367.4 369.5 369.7 367.4 364.7 360 355.9 349.2 342.7 338.3 334.5 330.3 326.5 325.5 323.1 321.3 321.3 323 324.2 324.3 325.3 326.6 328.1 329.5 332 335 338.6 343 347.7 353.5 358.3 365
242.1 250.4 256.4 261.4 264.2 267.1 270.8 273 274.5 275.9 277.3 278.7 280 281.4 283.4 285.5 287.4 289.5 292 295.5 300 303.3 308.8 314.3 321.3 329.7 338.8 347.5 355.4 362.9 372.5 389 410.3 426.5 428.1 422.7 417.6 412 408.5 404.6 397.3 389.8 382.9 376.1 374.1 378.6 383.7 386.1 386.7 381.8 376 370.7 364.3 357.7 351.6 345.1 341 335.3 332.3 331.8 330.7 326.5 325.5 325 326.5 326.1 326.5 327.5 327.5 327.6 329 331.1 334.1 339.1 343.8 347.1 350.6 357.9
241.3 249 253.7 258.6 262 264.9 266.5 267.8 269.1 270.6 272 273.4 275.7 277.5 279.8 282.3 284.9 287.5 291.2 296.1 301.1 305.2 311.1 318 325.1 333.5 344.1 353.1 360.9 369.2 379.6 402 419.8 430 430.8 428.8 426.6 422.9 419.6 413.2 407.3 399.8 392.3 385.2 387.2 391.8 397.5 401.7 405.2 396.1 389.4 381.4 375.6 365.7 360.6 354.4 346.6 340.6 337.6 336.9 334.8 332.4 330.5 329 328.7 328.8 328.2 328.3 328.2 327.9 327.7 328.4 331.2 337.6 340.4 341.7 343 349.8
237.8 243.8 248.8 253.7 257.4 259.9 261.5 262.7 264 265.3 266.7 269 271.7 273 274.9 278.2 283.1 286.9 291.3 298.6 303.1 307.6 314.7 322.4 329.6 337.8 347.8 356.7 365.2 374.6 387.3 407.4 418.8 427.3 431.9 433.3 437.5 436.4 431.3 424.7 418.8 410.5 403.2 396.4 400.3 404.6 409.8 413 412.7 404 397.4 390 380.9 372.7 367.2 362.9 354.4 347.7 344.3 342 339.2 337.4 335.9 334.4 333.5 332.3 329.3 330 329 329.2 328.7 327.8 327.6 328.7 331.4 334.1 335.9 344.5
232.4 238.8 243.7 248.2 251.1 253.6 255.6 256.9 258 259.2 261.5 264.5 267.1 267.2 270.6 277.6 282.3 286.3 291.5 299.6 304.7 310.1 318.2 326.1 334.6 342.9 349.7 356.3 366.5 378.4 393.5 407 415.6 424.5 433.7 443.2 447.8 447.5 443.8 435.8 428.6 420.3 414.2 408.4 413.3 416.8 418 420.4 417.1 411.3 403.7 395.7 386.3 378.5 373.2 370.1 364.2 356.7 351.3 347.4 345.1 343.3 341.7 340 338 336 334.5 333.2 331.1 330.7 329.8 328.8 328.5 328.8 328.7 329.4 332.2 337.2
227 233.1 237.5 241.7 244 246.3 248.4 249.8 251.1 253.4 256.2 258.5 260.7 264.1 270.2 275.7 280.8 286.1 292.1 299.9 305.8 312.2 320.2 328.9 339.3 346.4 353.2 359.8 367.7 378 391.3 402.7 413.7 423.7 434.4 446.6 452.4 458 453.6 447.2 440.5 433.4 424.5 420 423.6 426 427.5 425.7 421.3 415.8 408.8 401.4 391.9 383.4 378.2 374.1 369.7 363.6 356.7 353.5 351.5 349.6 347.3 345.5 343.6 342.2 339.2 336.9 335 336.3 334.1 331.9 329.1 328.7 328.7 328.7 328.7 332.1
221.3 227.1 230.6 233.9 236.1 238.9 241.6 243.4 244 249.2 250.4 249.8 256.8 265.2 270.8 274.9 280.3 286.1 292.2 301.4 307.8 314.3 321.5 330.2 339.7 346.5 353.7 361 369.2 379.4 392 405.6 416.3 425.5 434.1 442 449.9 459.1 458.7 453.7 448.7 442.8 436 432.4 432.2 434.6 434.9 432.3 427.4 420.7 413.6 405.9 398 389.4 382.4 376.9 373.7 369.5 364.1 360.4 358.2 356.3 353.4 351.1 349.4 348.1 344.7 342.4 340.1 340.6 339.8 338.1 333.6 331.5 329 328.7 328.7 328.1
215.2 219.5 222.7 226.4 229.1 232.2 234.5 238.3 237.3 243.7 249.6 255.3 259.5 264.1 270.2 274.6 280.9 287.1 294.4 302.7 308.9 316 322.8 331.5 339.8 346.9 354.6 362.1 371.7 381.1 394.5 408.1 418.4 428 435.9 444.1 451.4 453.2 451.8 451 449.5 445.5 442.7 441.1 440.3 442.3 442.6 438.9 432.9 425.7 418.5 411.4 404.2 395.7 388 383.7 381.5 376.4 371.7 367.2 364.6 362.5 359.6 356.7 356.1 353.9 350.2 347.9 344.9 343.1 342.4 341.2 338.4 335.9 333 330.1 329.3 328.6
208.5 212.5 215.7 218.7 221.1 223.7 225.1 230.2 236 246.4 249.5 257.2 260.5 264.3 270.3 279.1 283.8 288.1 297.8 303.6 310 317.3 325.3 334.5 341.7 348.7 356.4 364.8 374.9 385.7 398.5 410 421.3 433.5 442.9 450.8 456.8 458.3 457.2 454.7 449.5 447.3 444.8 445.4 447.4 449.1 450.4 445.1 437.5 432.1 425 418.1 411.1 403.4 397.2 392.7 388.6 384.5 379.8 375.3 371.8 369.7 366.3 362.8 362.7 359.6 355.7 352.6 349.6 348.9 347.6 346.3 342.7 340.9 339.3 336.1 331.9 328.6
200.4 203.1 209.4 208.7 213.7 221.5 225.1 234.1 240 245 249.9 256.1 262.8 266.4 272.9 280.5 285.1 288.5 295.3 303 311.7 319.5 328.1 336.5 344.4 352.1 360.6 367.5 376.2 388 398.4 413.9 428.7 441.1 452.3 460.8 462.3 461.6 460.7 458.2 453.6 450.4 448.5 449.2 450.7 451.4 451.1 447.7 441.5 436.6 431.3 424.5 417.7 413 407.3 401.4 396.8 392.7 388 383.4 380.2 377.1 373.6 370 368.3 364.9 362.3 359.7 355.8 353 352.1 350.3 346.9 345.6 343.3 339.7 336.2 334
192.5 199 205.3 211.7 218.4 225.2 229.6 237.3 243.6 248.1 254.1 259.3 265.6 273.2 280.6 284.7 289.8 293.8 299 307.5 316.1 323.6 331.8 339.9 348.8 356 362.5 371 379.8 388.5 401.5 418.7 434.6 447.5 462.4 464.8 463.6 465.7 465.7 463.4 459.6 455.7 453.6 452.5 453 453.2 453.1 450.1 445.4 442 437.1 431.8 427.3 422.8 417.7 411.6 405.3 400.8 396.5 392.1 388.2 384.5 380.9 377.2 374 371.3 368.6 365.9 363.2 360.4 358 354.2 351.2 352.2 347.7 343.6 342.6 337.1
198.9 205.9 210.7 216.5 223 228.9 235.5 240.9 244.1 250 256.1 261.6 269.2 278.7 286.4 290.6 294.6 298.9 304.5 312.9 321.1 328.7 339.4 349.9 356.7 362.3 366.9 372.7 382.3 393.2 407.9 423.9 442.6 455.6 463 468.3 472.8 475.8 475.7 473.3 468.9 464.3 460.3 457 456.4 456 457 455.6 452.4 450.2 446.4 441.2 436.9 432.3 426.4 420.4 414.9 411.2 407.1 401.3 395.6 391.7 387.8 383.8 379.9 377.2 374.4 371.7 369 366.3 364.1 360.9 357.4 357.5 352.1 347.1 346.8 341.7
205.6 211.8 218.5 224.2 229.4 235 240.9 243.6 246.6 251.5 259.6 264.8 274.6 283.5 290.4 296.3 300.1 306.1 313.5 319.3 325.3 332.4 343.2 351.2 360.3 365.2 370.4 375.9 386.4 398.1 415.1 430.7 447.3 460.5 472.4 482.4 489 488.5 487.5 484.3 480 473.7 467.4 464.3 463.7 463.8 465 465.5 465.3 464.4 459.7 453.2 447.7 441.7 436.1 431.2 424.8 419.9 414.8 408.2 403 398.5 394.4 390.3 386.2 383.1 380.3 377.5 374.8 372.1 369.4 366.5 362.9 359.4 356.9 353.4 350.5 345.8
