STL Generation/terr50_gagg_gb/data/NN58.asc
ncols 200
nrows 200
xllcorner 250000
yllcorner 780000
cellsize 50
[rows 0 to 34 of 200, columns 0 to 77 of 200]
449.8 450.6 450.5 449.4 446.8 444.3 442.4 439.5 436.1 432 427.8 423 418.6 415 411.9 407.6 403.6 400.4 396.4 394.2 390.2 387.1 383.2 381.1 379.5 377.7 375.9 371.9 370.7 369.9 367.6 364.7 362 359 361.9 359 356.2 353.3 351 346.2 341.7 337.8 335.6 331.8 327.9 325.5 322.8 320.1 316.4 315.2 316.7 314.1 314.2 313.3 311.5 310.1 311.9 308.7 299.6 298.1 299 301.2 304.9 309.9 314.3 310.4 308.7 309.1 310.5 314.6 315.8 314.6 310.7 308 307.8 306.6 305.3 301.4
442.7 443.3 442.3 441.2 438 435 433 430.4 426.3 422 417.7 413.6 410.2 406.9 403.1 398.9 396.9 392.7 388.6 387 383.9 379.9 376.6 375 373 370.9 368.6 364.6 363.4 362.1 359 357.6 355.4 352 353.3 350.3 348.6 346 344.6 340.7 335.5 332.7 331.2 328.8 325.2 322.6 320.5 318 313.8 313.3 314.8 314.4 315 315.5 314 313.5 314.9 310.7 299.6 290.9 288.8 295.5 300.5 307.4 308.4 305.5 306.2 307.6 309.1 312.4 310.4 308.8 305.7 302.8 303.6 304.4 298.8 293
435.5 435 434.1 432.8 429.4 426 423.5 419.3 415.5 411.6 407.7 405.1 402.3 398.6 394.4 391.8 389.2 384.9 381.8 380.5 377.7 373.4 371.9 369.3 366.3 363.4 360.5 356.9 354.5 354.5 351.8 351.3 350.4 346.6 344.6 342.7 340.9 338.8 337.9 334.2 330.2 327.7 326.7 326.1 323 320.6 318.9 317.1 312 310.5 314.5 315.2 315.2 314.5 315.4 315.5 313.7 309.7 298.3 290.2 280 285.8 294.5 302.3 302.1 300 304 304.5 304 305 307.4 302.1 300.5 299.9 295.8 289.7 285 292.4
428.2 426.8 425.6 423.4 419.5 416.1 412.3 407.8 406.3 404.3 400.7 397.5 394.4 390 387.6 385.3 381.5 378.3 376.1 373.8 371.2 367.4 364.1 362.1 358.3 355.3 352.4 349.6 347.1 347.4 344.5 344.3 343 340.1 337.8 335.1 333.3 331.8 331.4 329.2 326.8 324.6 324.6 323.7 321.2 320 320.4 318.4 313.6 309.1 312.1 312 312.4 311.1 313.1 316.7 313.6 310.5 297.4 291.1 275.9 275.1 285.1 293.8 295.9 292.5 296 298.4 299.7 297.7 297.3 296.8 294.5 291.6 289 286.8 282.3 286.4
420.5 419.2 416.5 413.3 408.7 405.8 404 401.8 399.4 397.2 394.3 391.3 387.9 384.1 381.8 378.7 376.7 374 371.8 367.8 364.2 360.6 357.6 353.7 350.4 348.1 345.1 341.9 340.5 341.2 339 337.4 336.7 333.5 331.5 329.9 327.2 324.6 324.8 324 323.9 321.4 321.6 322.2 321.1 321.1 321.1 318.1 313.7 310.9 309.1 309.2 308.6 308 309.3 311 310.2 305.9 301.4 282.5 267 263.3 276.5 286.9 289.4 287 287.8 287.3 287.1 286.7 288.7 289.7 283.1 274.9 286.6 286.2 274 272.8
415.5 412.1 407.9 405.2 401.8 399.4 398.5 396.2 393.9 391.1 388.2 385.2 381.5 378.2 376.1 373.6 371 367.8 365 360.6 356.7 352.5 348.8 345.9 343.8 341.8 338.9 335.9 334.9 335.3 333 330.9 330.2 326.9 325.3 324.4 322.2 320.2 319.6 318.9 319.8 318 318.9 320.5 320.9 319 316.8 314.9 311.4 311.2 308.9 304.9 302.5 303.1 303.6 303.1 300.7 299.1 296.1 280.4 258.7 258.3 264 271.7 273.2 272.8 271.8 270 269.9 272.1 275.4 272.5 267.3 266.9 269.1 266.9 259.5 257.1
410.8 406.9 402.4 399 395.5 394.7 393.3 390.8 388 385 382.1 378.8 375.5 372.2 370.4 367.5 364.8 360.8 356.2 351.5 348.7 345.2 342.4 340.4 338.2 336.1 332.9 329.5 329.5 329.3 327.6 325.2 322.5 320.1 319.4 320.6 319.9 319.8 318.3 316.3 315.4 313.7 313 314.8 315.2 313.5 311.3 310.1 309.1 308 306.3 302.2 299.1 299.5 299.3 295.4 292.9 292.6 286.5 269.8 256.4 255.3 258.3 268.1 274.4 275.3 268.8 267.7 267.1 268.2 268.3 265.9 261.6 256.1 253.6 251.5 250.7 247.1
403.7 400.3 396.2 394.2 391.6 390.6 387.7 385 382 379.7 376.3 372.5 369.5 366.3 364.1 359.9 356.2 352.6 348.5 345.1 343 340.2 337.5 335 332.7 330.5 327.5 325.9 325.2 325.4 323.3 320.2 318 315.8 317.6 318.9 317.5 316.7 316.3 314.8 312.3 309.3 309 310 309.9 309.4 308.7 307.4 306.3 304.9 303.4 300.1 298.5 295.8 297.3 294.3 288.4 283.2 275.9 260.1 251.3 246.9 248.5 258.6 257.8 256.8 255.2 252.2 251.6 252.1 253.8 254.8 253.6 251.8 250.8 247.1 249.8 251
396.4 394.3 391.1 389.3 387.5 386 383.1 379.5 375.7 372.8 369.7 365.4 362.3 357.9 353.3 350 346.7 343.7 341.1 338.6 336.6 334.8 332.2 330.1 327.7 325.5 324.6 323.1 322.2 322.1 318.7 315.3 312.9 312.8 313.6 314.8 314.4 313.2 313.1 312.6 310 306.8 306.7 307.5 306.2 305.5 304.9 303.1 303.3 301.8 300.3 298.4 295.4 291 292.9 291.5 289.6 282.7 274.6 251.9 248.7 246.6 246.6 246.6 246.6 246.6 246.6 246.6 246.6 246.6 246.6 247.6 249.6 251.2 251.4 251.5 251.8 252.1
394.4 391.8 389 383.7 380.7 380.8 379.2 374.5 370.1 365.9 362.4 358.3 354.8 350 345.2 342.6 340.4 337.9 335.8 333.5 331.2 328.8 326.7 325.5 323.5 321.1 320 319.8 319.3 318.3 314.6 310.8 308.9 309.7 310.3 310.7 311.3 309.5 310.8 310.9 307.4 303.9 302.6 302.8 302.3 301.6 298.8 294.2 295.5 295.5 298.9 295.7 293.9 288.4 285.7 283.3 281.2 279 271.8 250.2 246.6 246.6 246.6 246.6 246.6 246.6 246.6 246.6 246.6 246.6 247.5 251.9 251.8 252 252.1 252.2 252.7 253.1
396 393.6 390.7 385.7 378.4 374.5 372.7 368 361.4 356.8 353.1 349.5 346 344.4 340.4 336.7 334.9 333 330.6 328.3 326.7 324.7 322.9 321.3 319.7 317.1 314.9 313.2 314.2 314 310.1 307.3 307.3 307.2 307 307.5 307.8 306.9 306.5 305.4 302.2 299.8 298.8 297.3 295.4 295 294.4 291.6 288.1 287.5 286.7 288.8 290 286 277.7 276.1 273.8 269.3 260.8 246.6 246.6 246.6 246.6 246.6 246.6 246.6 246.6 246.6 246.6 246.6 251.9 252.8 252.5 252.8 252.7 252.6 253.1 253.8
402.5 398.1 391 385.7 378.2 371 366.5 360.2 354.2 350.6 346.7 343.2 339.5 335.9 335 333 329.8 327.9 326.1 324.2 323.3 320.2 315.9 311.3 307.8 307.3 305.5 305.1 306.5 308.2 305.8 303.2 305 304.2 303.3 303.4 303 301.8 300.2 298.7 297 295.6 295.3 294 293.2 289.9 289.8 286.8 283.9 281.5 278.5 277.2 277.3 276.5 270.7 269.2 268.3 264 248.7 246.6 246.6 246.6 246.6 246.6 246.6 246.6 246.6 246.6 246.6 246.6 252.1 253.3 253.7 253.5 252.8 252.7 253.2 254
404.9 399.3 391.8 384.8 377 371.3 367.8 361.1 354.8 349.4 344.7 340.7 336.1 331.4 327.1 326 324.2 322.7 321.1 319.3 315.1 307.5 303.9 302 300.2 298.3 296.5 297.1 298.9 300.7 301.1 301.2 301.2 301.3 299.1 298.5 296.4 294.2 293.1 293.1 291.7 290.4 289.2 289.6 289.6 287.1 282.1 278.8 276.1 274.1 271.3 271.5 271 270.3 270.2 260.8 260.8 246.6 246.6 246.6 246.6 246.6 246.6 246.6 246.6 246.6 246.6 246.6 246.6 246.6 246.6 253.5 254.1 253.5 252.9 253 253.8 254.6
408.5 402.5 392.8 383.7 376.6 371.5 366.8 358.8 352 346.5 341.5 336.6 331.9 326.7 322.2 319.1 318.3 315.4 312 310.1 306 299.1 298.7 295.8 292.6 290.3 287.8 289.9 294.7 294.9 300.9 301.2 296.5 295.3 291.5 291.5 287.7 283.6 283.5 283.4 282.6 281.5 278.4 278.6 278.8 277.5 273.5 269.8 267.8 268.4 266.8 265.4 261 255.6 246.6 246.6 246.6 246.6 246.6 246.6 246.6 246.6 246.6 246.6 246.6 246.6 246.6 246.6 246.6 246.6 246.6 253.6 254.3 254.3 254.2 254.4 255 255.8
412.4 406 395.7 384.2 375.4 368.9 362.3 354.7 347 342 337.5 332.7 329.1 324.1 319.5 315 314 311.8 309.9 305.6 301.3 300.7 297.3 292.7 289.6 285.7 281.7 287.7 295.4 291.7 289.2 292.3 289.3 287.4 286.5 284.3 279.8 272.5 269.2 270.1 269.6 269.3 267.5 267.4 265.3 263.1 260.5 257.4 258.3 256.3 252.1 247.9 246.6 246.6 246.6 246.6 246.6 246.6 246.6 246.6 246.6 246.6 246.6 246.6 246.6 246.6 246.6 246.6 246.6 246.6 246.6 251.8 254.2 254.5 254.8 255.2 256.3 257.5
420 408.7 395.7 382.7 371.7 364.6 357.8 350.6 342.3 337.3 333.2 330.3 327 322.1 317 312.6 309.7 310.6 306.8 303.8 300.8 300.3 297.1 291.6 287.5 281.5 278.9 283.1 286.6 285.2 279.1 281.5 279.8 279.7 280.3 280.7 280.1 272 265.5 262.1 260.5 252.7 246.6 248.7 248.7 246.6 246.6 246.6 246.6 246.6 246.6 246.6 246.6 246.6 246.6 246.6 246.6 246.6 246.6 246.6 246.6 246.6 246.6 246.6 246.6 246.6 246.6 246.6 246.6 246.6 246.6 246.6 254.1 254.3 254.8 255.9 257.1 259.4
418.8 407 394.6 379.5 365.8 358.5 351.9 345.2 337.9 334.5 331.5 329.6 325.3 320.9 316.6 311.5 308.9 307.2 303.7 302.1 299.8 297.3 295.4 290.9 284.5 276.1 272.2 272.6 272 269.7 270.9 271.6 273.4 277.2 279.6 281 280.8 275.1 261.6 256.4 246.6 246.6 246.6 246.6 246.6 246.6 246.6 246.6 246.6 246.6 246.6 246.6 246.6 246.6 246.6 246.6 246.6 246.6 246.6 246.6 246.6 246.6 246.6 246.6 246.6 246.6 246.6 246.6 246.6 246.6 246.6 246.6 253.6 254.7 256.1 257.1 258.1 261
416.7 403 388.9 372.9 360.3 352.6 345.9 339.3 335.1 332.8 330 327.8 323.6 320 318.5 312.4 309.1 304.9 301.3 299.6 297.8 295 292.1 288 281.5 272.3 268.4 268.4 267.1 266.7 267.5 268.1 270 274.8 280.5 278.9 273 266.4 259.5 246.6 246.6 246.6 246.6 246.6 246.6 246.6 246.6 246.6 246.6 246.6 246.6 246.6 246.6 246.6 246.6 246.6 246.6 246.6 246.6 246.6 246.6 246.6 246.6 246.6 246.6 246.6 246.6 246.6 246.6 246.6 246.6 246.6 255.2 256.2 257.4 258.4 258.7 263.3
418.3 399 382.4 367.2 354.5 346 338.9 334.6 332.8 331 329.1 326.7 321.6 319 319 314.6 309.3 301.9 299.3 298 295.3 292.2 287.1 281.6 274.3 269.6 266.7 265.2 264.4 265.4 267.3 269.9 268.9 269.9 272 270.3 263.7 259.9 253.7 246.6 246.6 246.6 246.6 246.6 246.6 246.6 246.6 246.6 246.6 246.6 246.6 246.6 246.6 246.6 246.6 246.6 246.6 246.6 246.6 246.6 246.6 246.6 246.6 246.6 246.6 246.6 246.6 246.6 246.6 246.6 249.9 258.5 260.4 260.8 259.6 259 263.4 269.4
411.5 390.4 372.4 360 348 340.3 335 332 329.6 327.5 327.2 325.2 320.1 320.5 314.3 310.2 303.9 298.6 297.6 296.7 294.1 289.2 284 278.7 273.7 271.4 267.1 264.6 265.3 267.2 267.6 270.3 268.7 268.5 267.8 266.8 260.6 255 246.6 246.6 246.6 246.6 246.6 246.6 246.6 246.6 246.6 246.6 246.6 246.6 246.6 246.6 246.6 246.6 246.6 246.6 246.6 246.6 246.6 246.6 246.6 246.6 246.6 246.6 246.6 246.6 246.6 246.6 246.6 260.3 263.4 262.7 265.7 265.8 265.9 267.8 270.1 272.7
399.9 382.6 365.2 354.3 343.6 336.8 333.1 330.7 328.1 325.2 322.7 317.8 317.6 312.4 308.3 304.1 302.4 301.7 298.3 296.9 292.1 287 281.9 278.1 274.8 272.2 265.1 263 270.2 275.3 269.3 270.6 270.1 268.8 267.1 262.5 258.3 246.6 246.6 246.6 246.6 246.6 246.6 246.6 246.6 246.6 246.6 246.6 246.6 246.6 246.6 246.6 246.6 246.6 246.6 246.6 246.6 246.6 246.6 246.6 246.6 246.6 246.6 246.6 246.6 246.6 246.6 246.6 246.6 259.4 275.1 271.6 270.6 271.3 272.1 274.3 276.5 276.7
387.7 372.3 355.6 350.2 338.8 335.4 332.5 330.8 329 325.2 321 316.9 313.9 313.4 310.3 310 308.8 307.2 302.6 295.7 290.3 285.4 282.8 279 275.9 269.2 262.4 260.7 267 273.9 274.4 273.2 272 267.5 262.2 258.6 246.6 246.6 246.6 246.6 246.6 246.6 246.6 246.6 246.6 246.6 246.6 246.6 246.6 246.6 246.6 246.6 246.6 246.6 246.6 246.6 246.6 246.6 246.6 246.6 246.6 246.6 246.6 246.6 246.6 246.6 246.6 246.6 248.2 255.7 266.5 271.4 271.2 273.2 277.5 279.8 283.3 283.1
368.7 360.1 344.5 341.5 337.6 333 332.4 333.1 330.7 326.3 321.9 317.7 316.3 316 315.9 316.7 316.1 307.1 301.4 295.7 288.5 285.5 282.4 278.7 273.3 264.5 258.1 259.3 267.8 276.9 276.8 274 268 263.2 258.8 246.6 246.6 246.6 246.6 246.6 246.6 246.6 246.6 246.6 246.6 246.6 246.6 246.6 246.6 246.6 246.6 246.6 246.6 246.6 246.6 246.6 246.6 246.6 246.6 246.6 246.6 246.6 246.6 246.6 246.6 250.9 254.4 251.8 257.8 256.3 259.3 266.4 270.9 276.9 281.9 285.8 289.2 289.4
354.6 343.3 335.3 334.5 332.8 336.7 340.3 334.8 331.5 327.2 322.9 320.5 320.2 320.7 320.8 318 312.7 304 297 293.1 288.3 284.5 281.4 276.3 270.8 260.2 255.8 262.6 270.4 274.9 272.8 264.4 262.7 258.2 246.6 246.6 246.6 246.6 246.6 246.6 246.6 246.6 246.6 246.6 246.6 246.6 246.6 246.6 246.6 246.6 246.6 246.6 246.6 246.6 246.6 246.6 246.6 246.6 246.6 246.6 246.6 246.6 246.6 246.6 261.1 268.2 270 270.1 269 265.4 260 270.5 276.7 279.9 283.1 286.5 289.9 290
344.8 337.8 334.1 331.5 332.5 333.9 335.5 333 330.5 327.8 325 322.3 321.6 321.7 316.5 310.5 308.4 304.8 298.4 292.6 287.6 283.3 279.1 273 266.9 256.5 258.7 266 267.6 268.8 260.4 251.9 248.4 246.6 246.6 246.6 246.6 246.6 246.6 246.6 246.6 246.6 246.6 246.6 246.6 246.6 246.6 246.6 246.6 246.6 246.6 246.6 246.6 246.6 246.6 246.6 246.6 246.6 246.6 246.6 246.6 246.6 246.6 261.1 271.8 276.4 276.8 277.8 275.2 272.6 277 279.2 280.6 283.4 288.5 289.1 290.7 294
338.6 334.9 331.2 330.8 331.8 332.4 332.3 332.8 330.1 328.1 324.8 322.3 320.1 316.6 314.5 310.6 306.6 299.1 292 286 283.6 280.9 276.6 268.7 256.9 254.7 262.6 266 259.9 253.8 246.7 246.6 246.6 246.6 246.6 246.6 246.6 246.6 246.6 246.6 246.6 246.6 246.6 246.6 246.6 246.6 246.6 246.6 246.6 246.6 246.6 246.6 246.6 246.6 246.6 246.6 246.6 246.6 246.6 246.6 246.6 251.6 258.2 264 273 279 283.7 289.6 291.2 283.4 282.4 284.1 285.7 296.6 293.2 291.3 293.2 297.4
333.5 330.5 329 329.8 331.3 332.2 334.6 338.6 333.5 329 325.5 322.9 320.5 323.2 319.9 311.8 302.7 289.4 283.1 280.9 280.9 277.1 270.8 264.6 257.1 257.5 256.5 250.1 246.6 246.6 246.6 246.6 246.6 246.6 246.6 246.6 246.6 246.6 246.6 246.6 246.6 246.6 246.6 246.6 246.6 246.6 246.6 246.6 246.6 246.6 246.6 246.6 246.6 246.6 246.6 246.6 246.6 246.6 246.6 246.6 256.4 263.5 267.7 271.5 280.4 286.4 294 295.9 295.4 292.9 289.4 290.2 292.9 295.3 296.6 295.4 297.2 300.9
330.1 330.6 329.8 329.3 331.6 334.7 339.2 338.3 334 329.6 327 325.1 325.3 327.4 315.6 306.2 294.4 284.5 278.4 279 279.2 276.7 271.4 258.4 246.6 246.6 246.6 246.6 246.6 246.6 246.6 246.6 246.6 246.6 246.6 246.6 246.6 246.6 246.6 246.6 246.6 246.6 246.6 246.6 246.6 246.6 246.6 246.6 246.6 246.6 246.6 246.6 246.6 246.6 246.6 246.6 246.6 253.1 255.7 257.7 264.3 270.4 274.7 279 289.5 295.2 301.2 301.4 300.2 297.5 294.5 294.3 294.7 297.2 298.3 299.7 301.9 305
325.9 327.1 335.1 328.5 329.3 332 337.5 335.8 331.8 329 327.1 325.8 323.8 318.9 311.1 300 288.8 279.7 273.7 272.3 270.5 272.3 260.4 246.6 246.6 246.6 246.6 246.6 246.6 246.6 246.6 246.6 246.6 246.6 246.6 246.6 246.6 246.6 246.6 246.6 246.6 246.6 246.6 246.6 246.6 246.6 246.6 246.6 246.6 246.6 246.6 246.6 246.6 246.6 246.6 248.9 254.6 260.5 265.7 268.2 271.7 278.2 283.3 290.3 293 298.6 300.8 302.5 303.2 302.3 298.6 297.8 298.3 298.9 300.6 305.5 305.5 304.4
332.7 321 325.1 318.2 319 324.9 328.5 328.5 330.9 330.4 326.4 321.9 318.1 313 303.8 290.5 282 275 266.1 261.1 257.3 257.3 246.6 246.6 246.6 246.6 246.6 246.6 246.6 246.6 246.6 246.6 246.6 246.6 246.6 246.6 246.6 246.6 246.6 246.6 246.6 246.6 246.6 246.6 246.6 246.6 246.6 246.6 246.6 246.6 246.6 246.6 251.9 257.5 257.1 259.1 263.8 266.8 272.8 278.6 281.5 283.5 286.8 289.2 293.8 299.5 303.8 305 305.5 306.3 303.2 301.3 301.2 301 301.2 303.1 302.7 301.7
334.8 323.5 311.2 310.5 310 313 317.6 328 329.6 329.7 322.3 317.8 315.6 308.7 300.6 290.7 280.3 268.8 261.1 246.6 246.6 246.6 246.6 246.6 246.6 246.6 246.6 246.6 246.6 246.6 246.6 246.6 246.6 246.6 246.6 246.6 246.6 246.6 246.6 246.6 246.6 246.6 246.6 246.6 246.6 246.6 246.6 246.6 246.6 246.6 257.4 258.4 259.7 261.5 263.6 266.9 272.2 273.4 278.5 286 288.7 289.2 292.7 298.8 302.3 310.8 309.5 308.8 309.3 309.2 307.4 305.3 303.5 304.1 303.2 301.5 300.2 300.5
331.2 320.9 310.3 310 308 307.3 310.4 319.3 319.3 318.9 311.6 310.7 311.3 308.9 299.3 293.9 284.3 262.4 246.6 246.6 246.6 246.6 246.6 246.6 246.6 246.6 246.6 246.6 246.6 246.6 246.6 246.6 246.6 246.6 246.6 246.6 246.6 246.6 246.6 246.6 246.6 246.6 246.6 246.6 246.6 246.6 246.6 246.6 246.6 259.3 262.8 264.1 263.7 265.9 269.1 274.3 279.6 285.5 286 289.9 294.7 297.8 302.2 307.4 311.5 312.9 312.4 312.8 313.7 313.6 312 309.5 307.5 307.2 305.8 303.6 301.6 299.6
328.9 321.2 309 305 302.3 302.4 302.8 307.2 306.5 304.5 304 305.1 300.6 296.3 289.7 285.5 268.4 246.6 246.6 246.6 246.6 246.6 246.6 246.6 246.6 246.6 246.6 246.6 246.6 246.6 246.6 246.6 246.6 246.6 246.6 246.6 246.6 246.6 246.6 246.6 246.6 246.6 246.6 246.6 246.6 246.6 252.7 254.4 256.6 264.2 268.2 271.7 270.3 271.7 275 280.2 285.4 289.1 292.7 297.1 301.3 304.4 307.4 312.2 314.6 314.9 315.5 317.3 318.6 318.8 320 315 311.4 310.3 308.4 305.4 303.3 300.1
322.7 309.3 301.4 300.5 301.6 302.7 303.1 299.1 294.4 294.1 294.7 292.6 287.7 278.7 272.9 264.9 253.6 246.6 246.6 246.6 246.6 246.6 246.6 246.6 246.6 246.6 246.6 246.6 246.6 246.6 246.6 246.6 246.6 246.6 246.6 246.6 246.6 246.6 246.6 246.6 246.6 246.6 246.6 246.6 257.4 259.4 263.5 266.4 269.4 273.3 276.9 278.8 276 277.3 282.6 287.3 290.2 295.9 300.8 305.4 308.5 310.5 313.5 316.4 318.5 318.9 321.7 322.5 324.5 325.1 322.5 319.1 314.9 312.2 309.5 308.3 303.9 300.5
308.9 301.1 296.7 299.2 301.6 309.6 310.3 296.3 285.3 281 280.8 276.7 274 264.2 259.7 246.6 246.6 246.6 246.6 246.6 246.6 246.6 246.6 246.6 246.6 246.6 246.6 246.6 246.6 246.6 246.6 246.6 246.6 246.6 246.6 246.6 246.6 246.6 246.6 246.6 246.6 247.6 251.3 257.4 267.2 269.1 272.5 275.4 280.8 283.2 281.7 281.3 280 284.8 290 292.8 297.7 303.6 308.1 312.1 314.9 317.7 318.7 319.9 322 325.9 329.7 330.6 331.2 330.6 326.4 322.6 319.1 316.6 312.9 308.2 303.6 300.4
