STL Generation/terr50_gagg_gb/data/NN65.asc
ncols 200
nrows 200
xllcorner 260000
yllcorner 750000
cellsize 50
[rows 140 to 174 of 200, columns 0 to 77 of 200]
458.8 463.7 470 472.2 480.6 484.3 490.3 496.3 502.4 508.7 514.2 520 525 533.6 541.8 547.7 553.8 560.5 567.2 573.8 580.4 587.7 595.1 601.1 606.1 611.1 615.6 618.6 620.4 618.3 614.4 610.6 604.9 598.2 591.9 584.9 577.4 570.8 564.2 556.8 550 542.6 535.2 528.8 524 519.7 516.9 500.5 514.2 515.9 513.1 491 489.5 508.8 521 526.1 532.5 539.3 551.6 563.3 577 595.8 612.8 627.2 639.1 651 662.7 680.6 697.2 707.2 713.5 707.7 700.9 693.7 681.6 664.6 650.3 642.9
462.7 468.4 473.5 478.1 479.5 485.6 493 499.3 505 510.9 516.9 522.9 527.4 535.2 543.6 549.4 556.1 562.8 569.6 576.8 584.2 591.4 598.9 606 611.2 616.4 621.3 625.1 626.7 624.6 621 617.2 612.1 606.3 599.3 592.9 586 577.6 570.7 563.1 557 550.1 543.7 538.2 533.2 526.8 522.5 509 518.4 518.4 517.6 509.6 493.8 502.4 523.8 526.7 531.9 536.2 545.5 558.4 570.6 587.3 605.5 621.3 636.4 646.5 655.1 666.7 687.5 698 705.4 702.3 694 685.3 671.4 658.6 646.2 639.3
467.1 472.5 477.5 480.9 485 491 497.5 504.1 508.7 513.7 518.7 525.1 529.6 537.2 545 552.3 558.7 565.4 572.1 579.5 588.2 595.8 602.7 609.7 616.6 622.3 627.1 630.6 632.7 631.2 628.3 625 618.9 612.4 605.6 599.9 593.4 585.9 577.8 569.8 563.3 557.9 552.6 546.8 540.8 534.7 527.2 512.8 521.6 520.2 520.7 522.4 505.7 499.5 505 518.4 531 534.6 541.3 552.8 566.5 576.9 598.2 613.1 629.8 641.2 650.2 659.1 676.8 689.3 699.2 695.6 687.7 677.8 662.2 650.1 641.1 635.7
470.9 476.4 481.4 486.4 491.3 491.8 501.4 507 512.1 516.7 521.2 527.5 533.5 540.6 547.9 555.4 561.4 568 574.7 582.1 590.7 598.3 606.3 613 619.9 626.7 632.3 635.1 637.5 637 635.1 631.9 625.8 619.5 615.9 608.1 600.7 594.1 586.3 578.1 572.7 567.3 561.3 554.1 547.4 540.5 533.4 525.2 525.5 525.6 525.9 526.8 522.2 505.8 522.7 524.9 530.3 534.6 539.9 549.9 561.8 571.4 590.3 604.5 619.3 633.8 644 654.9 667.1 681.8 695.7 694.8 681.3 674.2 655.8 644.7 638.6 632.9
475.4 480.8 486.3 490.7 495.1 497.8 501.2 509.2 512.8 517.7 523.8 530.2 536.6 543.6 551.2 558.2 564.5 570.6 577.4 584.9 592.5 599.8 608.9 616.6 623.2 629.8 635.2 638.9 642.1 643 641.4 637.9 634.1 630.4 625.3 617.8 608.5 602 595.4 587.2 581.7 575.9 568.3 561 554.4 547.3 535.7 531.5 530.7 530.3 530 530.7 528.6 511.6 526.2 530.8 534.4 536.3 539.2 549.3 558.5 567.5 584.2 598.8 612.1 623.8 637.2 651.3 660.8 675.7 688.8 688.1 677.2 668.7 654.1 643.6 637.7 632.8
479 483.6 489.5 493.8 498.2 502.1 505.5 509.3 514.1 518.9 525.2 532.5 539.7 546.2 553.5 559.9 566.9 573.2 580.1 587.5 595.8 604.5 611.5 619.9 627 632.6 638.6 643.8 647.4 649.4 648.3 646 643 638.1 632.5 624.5 616.9 610 602.7 595.7 590.2 582.8 575.3 567.5 558.9 550.2 541.6 528.5 536.3 536.4 534.2 535.3 531.8 513.9 524.2 530.3 534.6 536.2 540.3 547.5 556.4 568.6 580.2 593 606.7 619 633.4 648.5 660 670.6 682.6 681 675.5 669.5 652.9 642.4 638.4 636.9
484 487.9 492.5 497.2 501.6 506 510.1 513.5 516.2 520.7 526.7 533.7 540.8 548.6 554.3 561 568.1 575.1 582.2 589.7 598.4 608.1 615.3 623.2 630.7 636.6 642.5 648.5 652.2 653.8 653.9 652.6 648.9 644.4 637.7 630.9 625.4 619.6 611.6 603.7 596.5 589.4 581.6 572.5 562.2 554.2 547.6 532.8 542 541.1 539.4 539.9 534.8 527.4 519.6 521.9 536.2 537.1 542.2 547.3 555.7 568.6 579.3 589.9 602.6 616.5 631.6 646.1 656.5 665.5 671.1 673.5 670.1 665.8 651.8 641.5 640.6 639.9
487 491 495.6 500.4 505.1 509.5 513.6 517.4 520.8 524.6 528.8 535.7 542.6 548.6 555 562.1 569.2 576.4 583.8 592 601 611 619.2 627.2 634.7 640.8 646.7 652.6 656.7 657.8 658.7 657.5 654.6 650.5 644.4 640.3 635.9 629.6 621.6 611.8 602.9 595.2 587.1 577.1 566.5 561.1 551.3 537.6 549 547 547 542.8 537.3 529.3 529.1 527.4 539.7 540.5 544.3 548.4 556.5 568.4 579.4 588.8 600.9 615.5 631.5 644 655.1 664.3 669.7 670.4 666.5 658.5 650.1 649.6 649.6 649
489.6 494 498.6 503.4 508 512.4 516.5 520.7 525 528.6 532 537.7 543.6 549.6 555.9 562.9 570 577.1 585.1 593.7 603.9 613.6 622.1 631 638.5 644.9 650.8 655.9 659.5 661.4 662.2 661.8 659.8 656.3 651.7 647 642.1 635.8 628.4 618.2 609.3 600.5 589.7 580.3 574.1 567.4 552.9 542.9 553.1 552.4 550.2 544.4 539.5 536.8 538.6 532.9 542 544.1 547.3 552.9 558.4 568.9 579.9 590.1 600.4 617.5 634.4 644.4 656 667 673 675.3 669.3 660.6 660.4 660.3 660 656.1
491.1 495.5 500.6 505.5 510.1 513.5 517.5 522.5 527.5 531.5 535.4 539.5 545.3 551.1 556.7 563.8 570.9 579.1 588.3 596 607 615.8 624.1 633 642.1 649 654.5 659 662.9 664.1 664.8 665.5 664.1 661.7 658.2 653.4 647.7 640.4 632.7 622.4 612.2 603.1 592.9 583.5 579.2 571 553.2 555.2 559.8 556.9 552.6 548.1 544.4 544.9 544.4 540.8 541.4 548.1 552.1 557.5 561.5 571 582.2 592.4 602.1 618 635.5 645.3 658.5 670.3 678 680 669.9 667.4 670.6 669.4 667.5 664.2
492.2 497 501.8 506.7 511.3 514.5 519.5 524.4 529.3 534.3 538.8 543.2 548.7 554.6 560.4 566.2 573.4 581.6 591.5 599.7 609.2 618.8 627.4 636.2 645.1 652.4 657.6 661.8 665.6 667.8 668.5 669 667.4 665.4 662.7 657.9 652.1 644.5 636.6 625.8 614.4 604.2 594.9 587.9 579.7 570.6 553 568.6 565.5 560.3 554.8 552.5 553 551.7 550.2 547.8 541.8 551.8 556.4 560.4 564.2 572.2 583.4 593.2 604.5 618.8 636.4 649.1 667.3 674.6 681.6 683.3 676.9 677.7 679.7 677.7 674.9 672.3
493 498 502.8 507.4 511.5 516.7 521.6 526.6 531.6 536.4 541 545.4 551.1 557.1 563.3 570.7 578 584.4 592.5 603.7 613.5 622.3 631 639.6 648.2 654.8 660.7 664.5 668 671.5 672.3 672.4 670.4 668.5 666.6 662 655.9 648.5 638.9 627.1 617.3 606.9 597.2 589.4 582.8 567.3 563.2 572.1 568.6 561.9 560.8 562 561.4 558.3 556.9 555.3 549.8 547.8 559.1 562.8 566.7 573.3 584.6 596.7 607.5 619.4 638.7 653.5 672.3 679.1 686.2 689 684.5 685 689 687.8 681.9 679.5
492.5 498.1 503.4 507.9 513.3 518.6 523.6 528.6 533.7 539.1 543.4 547.7 553.7 559.9 566.1 573.5 581.8 590 596.8 604.8 615.1 624.7 633.7 642.7 651.2 658.1 664.5 668.2 671.9 674.3 675.6 676 673.9 671.9 669.8 666.3 661.5 653.8 641.7 630.3 619.2 608.8 598.4 590.2 582.3 564.5 573.7 579.1 569.7 569.3 570.1 568.1 565.1 565.5 563.8 561.8 557.3 551.4 555.3 564.8 571.2 577.9 586.2 597.7 608.6 622 640.7 657 674.2 684.4 696.7 699.4 695.9 694.3 694.1 692.8 690.4 690.3
492.2 498 503.5 508.9 515.1 520.5 525.5 531.1 536.6 541.7 546.7 551.1 556.5 562.8 569 576.5 584.9 592.2 599.5 608.2 617.4 626.8 636.1 645.9 655.2 662.2 668.2 673.2 676.3 677.4 678.9 680.1 679.1 677.1 674.7 671.3 666.4 658 645.4 632.9 620.5 609.9 600.2 592.9 579.6 572.7 582.1 580.4 577.5 576 575.9 574.7 573.1 575 571.6 569.4 564 558.5 556.5 558 566 571.9 586.7 597.6 608.5 621.3 639 658.7 674.5 685.9 704.2 707.1 706.7 703.6 700.7 698.9 699.2 700.8
492.1 497.9 504.1 510.5 516.9 522.3 527.3 532.2 537.2 542.4 549 554.5 559.6 565.5 572.8 579.8 587 594.3 603.1 613.3 622 630.5 641.3 652 660.2 666.1 674.3 678.7 681.6 682 682.4 683.7 683.2 682.2 679.2 675.3 668.3 659.7 648 635 622 611 601.6 589 572.3 588.7 588.8 583.9 584.5 583.4 582.6 585 584.4 585.1 583.8 578.2 571.1 565.3 564.3 562.7 568.3 568.1 583.9 597.6 609.1 618.4 633.9 653.6 672 687.9 709 714 716.6 713.4 706.3 705.2 707.8 710.5
492.7 499.2 505.4 511.3 517.3 523.1 527.9 532.8 537.8 543.1 549.7 556.2 561.9 567.9 574.8 581.8 588.9 596.6 606.4 613.9 623.5 635 646.3 657.4 665.2 674 682 685.3 686.7 687.3 687.7 688.2 686.2 684.8 681.4 676.5 670.4 659.1 647.5 635.8 623.1 612.3 603.5 599.9 586.2 597.1 593.1 591.1 591.5 592 591.7 594.1 594.8 594 591.1 586.2 579.4 575.7 574.2 571 573 568.9 583.6 604.8 611.4 616.5 629.9 649.1 667.4 685.9 706.4 719.7 723.4 722 714.6 714.6 721.4 721.4
493.3 499.8 505.7 511.7 517.6 523.5 528.8 533.6 538.8 544.2 550.6 556.7 563.3 570 576.7 583.7 591 599.3 607.2 615.2 626.8 638.8 650.4 662 673.4 682.1 688.5 691 691.8 692.5 694 694.4 689.8 686.8 682.4 677.5 670.3 660.9 648.2 636.5 625.7 615.4 610.1 606.3 586.1 604.7 598.7 599.3 600.8 599 601.4 603.1 603.4 601.8 598 593.2 588.7 585.6 584.7 585.9 580.7 576.2 579.6 604.4 614.9 616.7 627.8 642.8 666.2 682.9 701.7 724 729.1 730.6 726.9 726.3 737.3 740
494 499.8 505.8 511.8 517.8 523.8 529.6 534.8 540.1 546.1 552.3 558.8 565.5 572.1 578.8 585.6 593.9 602 610.2 618.7 628.8 643.3 654.8 667.3 679.5 688.6 692.8 696.3 698.1 699 702.5 700.6 695.3 690 684.5 678.4 670.1 661.1 651.3 640 630.4 621.8 616.4 612.1 593.1 610.3 606.6 610.2 608.5 608.8 609.4 611.3 610.9 608.9 605.4 601.5 595.8 593.1 591.5 591.1 590 585.5 580.1 603.5 611.7 616.6 624.3 638.1 657 677.4 698.6 722.5 731.8 737 737.9 736.1 746.4 753.1
494.5 499.5 505.4 511.4 517.4 523.6 529.8 536.1 541.5 547.6 553.9 560.5 567.1 573.8 580.8 589.6 597.6 605.1 612.7 622.4 633.7 646.9 659.9 675.2 686.1 693.5 697.1 701.2 703.8 706.6 710.2 710.5 706.2 698.1 690.7 682.1 672.4 663.6 653.7 644.3 634.8 627.2 621.2 614.2 613 617.8 614.1 617 615.9 617.7 618 618.7 618.3 615.9 612.2 608 604.6 602.2 598 596.4 594 597.8 584.1 596 610.5 615.5 622.3 634.9 652.8 672.5 692.4 715.7 735.1 740.9 742 745.1 754.3 762.3
494.5 499.4 504.9 511.1 517.3 523.5 529.7 536.5 542.9 548.2 554.6 561.9 568.8 576 584.8 593.5 601.1 608.8 616.4 625.9 637.4 650.3 664.2 681 689.8 697.9 702.7 705.2 708.5 713.9 718.3 719.1 715.2 707 695.6 685.3 678.3 668.5 658 650.6 641.3 634.9 631.6 614.3 620.4 623.3 621.1 625.1 625.8 627.8 628.2 628.5 626.7 623.1 618.9 614 611.7 610.1 606.2 602.8 599.4 602 598.8 589.8 609.4 614.7 621.6 631 648.3 668.4 688.3 708.8 734 741.8 746.1 753.7 762.9 775.3
495.4 500.3 505.5 511.3 517.2 523.4 529.6 536.2 543 548.2 555.1 562.8 570.5 578.9 587.1 595.4 604 612.5 620.4 630.3 641.2 654.9 668.4 685.2 694.8 703.6 707.9 710.9 714.9 722.6 728.6 725.6 720.3 711.3 699.3 688.4 681.5 673.9 664.3 656 648 643.2 638.1 619.4 629.8 629.9 628.1 633.6 636.6 638.2 639 637.8 635 631.2 625.1 621.5 618.7 615.8 612.9 609.8 606.5 607.6 608.3 592.1 606.2 615 622.5 631.4 645.2 661.6 683.1 700.4 727.9 742.9 752.8 763.3 771.7 785
496.7 501.5 506.7 512.3 518.1 523.8 529.5 536.3 542.6 548.6 556.6 564.9 573.2 581 588.7 597.4 606 614.7 625 635.1 645.5 657.6 671.1 689.5 699.1 708.5 714.1 718.3 722.9 731 734.8 731.6 726.4 716.6 705 693.2 686.8 677.6 669.1 661.7 654.2 647.9 640.3 629.1 634.9 637.9 638.1 641.7 645.2 647.4 649.5 647.6 643.4 637.9 632 628.9 625.9 622.7 619.1 614.4 613.4 612.9 611.8 603.8 600.2 614.9 621 629.9 641.2 658.5 680.6 698.7 722.5 746.7 760.7 771.7 777.9 790.4
498.8 503.4 508.1 513.3 518.4 523.7 528.9 534.9 542.1 549.6 557.6 565.7 574 582 590.6 599.3 608.2 618.3 629.2 639.5 651.4 661.1 675.1 692.5 706.2 714.1 720.3 727.2 732.4 737.3 740.3 737.9 731.6 721.5 710.5 700.8 692 684.5 675.7 668 660.3 652.7 645.2 640.7 637.8 642.5 647.3 650.7 654.3 657.8 660.1 657.4 650.7 644.4 639.4 636.1 632.8 629.2 625.2 621.3 619.3 618 616 614.9 608.1 616.5 622.7 630.7 641.4 657.9 674.7 694.3 717.4 743.6 763.8 774.8 782.2 799.7
500.9 505.5 509.4 513.5 518.7 523.9 529.5 536.7 543.9 551.3 558.6 566.5 574.7 583.2 592.3 601.2 610.8 620.9 630.7 641.8 652.1 665.7 677.2 695.2 710.9 720.3 727.6 735.6 741.2 745.1 746.7 742.7 737.8 729.3 718.2 708.1 699.1 692.6 683.7 675 667 659.6 654 649.9 647.1 652.4 656.1 660.3 663.7 666.5 666.7 663.2 657.7 651.9 647.2 641.8 637.9 634.8 631.2 627.3 626.4 623.9 621.7 619.7 610 620 625.1 631.3 642 654.9 669.6 685.1 712.8 737.6 757.6 774.3 783.5 806.5
501.2 506.7 510.2 514.3 518.9 524.3 530.6 538.2 545.6 552.7 560 568.2 576.9 584.9 594.2 603.7 613.5 623.8 633.5 645.2 657.2 667.8 681.3 698.7 713.9 724.9 734.2 741.9 748 752.3 752.3 749 743.3 736.5 725.4 715.3 706.3 699.7 691.7 683.2 674.9 668.7 661.7 655.9 654.7 661.1 665 669.8 673.1 675.1 672.4 668.6 664.2 659.8 656.1 650.8 644.7 640.5 637.2 635.5 631.8 628.6 627.4 627 619 619.9 629.1 633.2 641.3 653 668.1 683 705.3 729.9 749.7 766.6 782.8 806
501 506.9 511 515 519.3 525.3 531.6 540 545.8 553 561.9 571 579.9 588.5 597 606.3 616.1 626.3 638.3 649.9 659.5 667.6 683 701.3 717.4 730.9 739.8 747.8 753.7 758.2 758.5 756 751.5 742.7 731.8 721.7 713 705.7 697.8 689.7 682 676.4 668.8 658.2 671.8 671.4 676 680.6 683.4 681.9 677.3 675.6 672.8 669.9 667.5 660.7 653.4 648.5 644.3 641.1 636.2 632.7 631.2 631.3 622 628.8 631.9 636 641.4 653.1 666.1 678.1 697 719.2 737.8 757.1 779.6 802.6
503.2 505.5 510.5 515.2 520.3 526.2 532.5 539.3 546.5 553.8 562.5 571.5 581.4 588.9 598.7 608.3 616.2 627.3 640.1 652.7 661.3 670.4 687.6 704.9 719.8 733.2 744.5 753.8 758.8 764.2 764.9 762.3 759.2 749.1 738.2 728.1 719.3 709.6 701.9 694.4 688.3 680.5 678.3 667.2 675.8 680.8 684.4 690 693.4 691.3 689.8 686.6 683.1 683.3 678.2 670.8 663.4 657.6 652.1 646.8 641.5 636.6 634.1 632.5 630.2 631.9 635.2 639.1 644.4 651.4 664.5 678.4 691.1 707.8 729.9 750 772.4 798.1
510.4 509.6 509.8 514.8 521.2 527 532.9 539.8 546.9 554.8 562.9 572.3 583 591.3 600 609.6 618.6 630.1 640.5 653 662.6 673.7 690.2 707.2 722.9 737.3 751.1 761.3 767.3 771.6 772 770.1 764.5 754.4 744.2 733.6 725.9 715.8 707.6 701.1 694.5 687 681 677.7 684.5 687.6 693.1 700.9 704.5 705.4 703.5 698.4 695 691.4 686.8 679 671.6 665.5 659.8 653.1 646.7 641.2 638.9 629 635.1 635.8 638 641.7 647 655.1 664.2 674.4 686.9 706 723.9 743.5 765.3 790.1
513.9 514.4 513.8 515.2 520.3 525.8 532.1 539.9 547.8 555.7 563.6 573.2 582.9 592.6 602.4 612.4 621.7 633.4 643.5 653.7 664.9 678.4 694.6 711.1 727 743.5 758 769.1 774.5 778.1 779.8 777.8 772.2 762.1 750 739.8 731.4 721.6 713.7 707.2 699.7 694.2 684.3 684.8 689.4 693.9 703.3 711.2 719.2 721.1 718.1 712 706.9 700.5 692.8 684.7 677.2 672 665.8 659.3 651.6 645.3 643.6 639.1 640 641.6 642.9 645.1 648.2 656.2 666.2 676.4 686.8 702.4 720.7 738.6 758.3 778.7
517.1 519.2 519.8 518.5 520 524.7 531.2 538.7 546.8 554.5 562.9 574.1 584 593.5 603 613.5 625.6 634.8 645.8 655.4 668.5 683.1 699.4 715.9 732.8 749.9 764.1 776.1 781.4 785.2 787.1 785.1 779 769 756.3 744.9 736 727.4 719.8 712.4 706.7 700.4 688.2 691.9 698 703.3 711.3 723 733.8 736.8 733.4 729.6 721.1 709.8 696.9 688.6 681.8 676.8 670.9 665.2 657.1 651.6 643.8 644.5 644.7 645.8 647.4 650.9 654.3 657.5 665.8 675.9 686.3 702.2 720.8 738.9 756.4 773.4
520.4 522.5 524 522.4 521.5 524.7 531.5 539.5 547.5 555.3 563.7 574.5 585.2 595.2 605.1 617.3 628.9 637.8 647.8 658.1 673.3 690.5 707.7 725.1 742.6 758 772.1 782.1 787.9 792.8 794.5 792.4 784.7 775.3 762.1 751.5 740.9 733.3 725.9 718.3 712.3 704 698.5 698.4 705 712.1 722 734.8 745.5 749.6 749.1 745.1 733 720.3 703.6 693.4 686.2 680.2 674 668.2 661.1 656.5 645.1 650.3 650.1 650.6 653.1 656.2 660.6 666.2 670 679.1 688 703.1 720.1 736.9 755.3 772.1
523.7 525.7 527.3 527.5 527 527.4 533.4 542.1 548.7 556.3 564.6 575.3 585.7 596.2 607 618.5 630.5 640.1 650.5 666.3 681.9 702 717.3 734.7 752.5 767.4 779.5 786.8 794.5 801 802.1 798.4 790 780.3 768.1 757.5 746.9 737.5 730.1 722.3 715.9 712.6 704.6 707 712.8 722.1 732.7 745.9 754.4 757.8 757.2 751.2 739.8 729.1 710.4 697.9 689.6 684.3 678.2 671.3 666.2 657.4 650.6 655.8 655.5 656 659.1 663.5 668.1 673.1 679 685.9 693.1 706.5 723.2 741.2 756.2 772.7
526.4 529.5 531.6 533.6 532.5 531.3 533.8 542.3 549.2 556.5 565.8 575.6 584.2 596.3 607.7 619.6 631 644.9 658 675.8 690.8 709 726.1 744.5 761.9 777.1 788.2 795.3 802.1 807 807.6 803.7 795.6 785.8 773.7 763.2 752.7 742.3 733.7 726.3 722 716.3 713.4 716 721.5 730.2 741.8 754.6 762.7 764.6 761.9 752.9 741.9 728.7 711.2 701.6 692.9 687.7 681.7 675.2 670.8 667.3 659.3 663.4 661.7 663.3 669 672.4 676.3 682.6 690.1 698.9 702.5 718.8 731.7 747.3 762.6 777.3
530 533.1 536.3 539.8 536.7 536.4 537.4 542.9 549.8 556.9 566.2 575.1 583.8 595.3 609.3 620.6 632.3 647.4 664.9 683.2 699.3 717.7 736.6 754.7 772.6 785.7 796.3 803.8 810 813.9 814.3 810.5 802.6 791.1 779.4 769.9 759.8 748.7 737.6 735.2 730.2 724.8 722.1 723.6 729.8 738.4 752.1 763.3 770.2 772.1 766.3 754 741.6 727.6 713.5 703.2 696.2 690.3 684.9 678.2 676 671.9 670.8 668.7 668.3 671 677.8 683.2 690.9 697.5 701.7 710.3 714.5 727.2 740.4 756.2 770.7 783.8
534.4 537.4 539 540.2 541.4 541.4 540.1 543.1 549.1 556.2 565.1 574.5 583.8 596.2 609.3 623 637.5 653.5 671.5 689.4 707.2 725.4 745.3 764.5 781.7 794.2 804.6 811.1 817.5 822.2 822.5 818.8 809.7 798.7 787.8 778.8 768.7 754.7 745.5 742 737.7 733.6 730.9 731.8 737.7 748 759.9 770.1 778.4 778.1 765.2 752.5 740.7 727 713.5 703.7 697.9 692.9 686.3 680 679 673.6 675.4 673.4 675.2 681.2 689.2 696.2 703.3 709.5 715.1 726.6 726.6 743.3 755.9 766.3 781.9 794.8
