STL Generation/terr50_gagg_gb/data/NN67.asc
ncols 200
nrows 200
xllcorner 260000
yllcorner 770000
cellsize 50
[rows 140 to 174 of 200, columns 0 to 77 of 200]
943.7 929.5 913.6 901.5 889.8 880.5 871.9 866.3 859.7 851.6 843.1 836.1 829.5 824 819.1 813 805.7 799.3 792.4 781 762.6 746.3 732 715.5 701.4 689 677.9 666.3 650.5 637.2 625.8 611.1 594.2 585.5 577.8 566.4 549.1 537.2 539 534.9 529 519.4 522.5 515.2 511.5 504.6 501.9 501.3 502 495.5 494.8 504.3 499.2 506.3 506.8 509.6 513.8 517.3 520.4 520.5 518.5 518 515.7 512.4 511 506.7 503.3 499.3 490.1 481.2 471.2 469.2 464.4 461 456.4 448.1 440.3 432.5
925.7 907.9 893.8 883.8 874.8 868.7 862.6 855.6 848.6 840.8 833.9 828.4 823.2 818 813 807.9 802.2 797 788.7 775.4 758 740.9 724.5 707.3 692.9 680.8 671.3 657 640.1 628.8 614.5 599.6 586.2 578.6 570.8 557.3 543.5 538.4 531.2 525.8 519.4 516.2 512.6 509.3 506 510 512.9 506.6 498.5 497.2 494.7 490.9 492.5 495.6 494.4 499.9 503.1 506 508.5 509.9 507.1 509 506.3 502.4 501.6 500.2 495.6 491.6 483.7 478.5 471.6 470.3 466.3 461.7 456 446.5 441 431.4
909.1 894.3 881 872.9 866.8 858.9 852.7 844.4 838.6 831.9 825.4 819.6 813.7 808.6 804.6 800.1 795.3 790.2 780.4 766.6 750.8 735 715.6 699.6 684.5 671.4 660.9 643.5 630.7 619.7 607.5 588.5 581.1 572 558.8 549.4 541.5 528.5 525.5 522.1 524.2 523.9 523 516.5 519.9 520 520.8 518.6 507.9 504.7 499.8 490.5 489.4 486.7 487.6 485.3 493.2 494.4 498.2 499.5 494.5 499.9 497.7 495.1 494.5 490.7 489 484.7 480.6 475.6 473.3 470.1 466.3 461.8 456.8 451.3 445.9 435.5
898.9 886.2 875.8 866.6 859.6 852.2 844.4 837.5 830.6 823.8 816.2 810.2 804.2 799.6 796.6 792.1 786.4 779.8 773.1 758.1 742.6 723.9 704.4 688.3 673.4 657.9 647.5 632.4 617.2 605.7 595.5 583.1 571.4 564 559 551.6 535.9 534.5 533.5 537.2 533.1 526 524.9 527.4 525.8 525.6 520.6 517 512 503.9 498.4 497.2 494.1 487.5 483.4 482.8 480.9 479.9 483.7 484.9 487.5 488.6 489.4 488.2 488.7 484.4 482.3 478.6 475.2 471.6 470.7 465.8 464.5 460.6 458.2 452.7 447 437.6
889 877.5 868.7 859.5 852.5 844.9 837.4 829.9 822.6 814.6 806.6 799.2 794 790 785.1 780 774.5 767.7 758.2 744.3 728 708 691.2 675.5 657 643.6 636.7 622.3 605.5 592.4 584.5 579.6 576 566.3 555.4 539.4 542.7 544.8 545.9 543.9 545.3 537.8 535.5 537.5 536 532.9 525.9 520.5 517.6 511.5 505.7 506.2 501.9 495.3 494.7 490.1 484.7 479 477.4 475 471.6 476.8 476.8 478.7 480.3 477.2 474.1 471.3 468.9 468.7 471.2 468.8 465.2 461.1 458.2 453.1 447.2 440.6
881.1 870.3 860.6 851.7 843.8 836 828.5 820.9 812.1 802.3 792.7 785.2 779.8 775.3 771.4 767 762.5 754.7 743.3 730.1 712 694.6 673.8 657.2 644.1 628 621.2 611.2 602.7 591.3 575.3 568.1 566.7 550.3 544.9 555.1 557 559.4 556.4 553.7 545.3 545.8 546.4 545.4 542.5 538.1 533.3 529.1 523.5 518.4 513.7 511.6 504.5 505.3 500.8 493.2 488 490.2 489.6 487 479.1 473.2 469.5 465.2 470.6 473.5 470.6 467.9 464.1 465.2 467.8 466.6 461.2 458.5 455.8 450.7 445.4 442.3
872.7 862.9 852.4 843.9 835.4 827.2 820.2 810.6 801.6 790.4 780.4 770.7 763.4 757.7 754 750.4 746.5 738.5 725 712.3 693.3 671.2 655.7 642.4 627.9 617.2 607.6 597.3 585.7 587.4 572.4 563.9 554.3 563.1 560.6 575.6 575.5 572.1 567.5 561.8 558.9 557 556.1 553.9 551.6 547.5 542.8 537.7 531.7 525.8 519 513.6 515 509.3 499.5 500.1 495.8 492.7 495.7 491.2 489.7 488.7 480.7 470.8 463.6 463.4 464.4 462.1 457.4 461.9 462.3 460.3 458.1 452.7 451 446.8 443.1 435.5
864 854.2 844.3 836.3 828.7 821.3 812.7 801.3 789.2 778.9 767.6 755.8 744.8 739.2 734.6 730.6 725.5 718.4 705 688.4 670.2 652.2 639.4 628.1 617.9 605.5 598.1 591.8 583.7 581.7 572.8 561.7 568.2 580.7 573.9 585.6 586.5 583.6 577.1 570.9 570.8 568.9 566.4 564 561.2 556.6 551.7 546 539 533.5 523.9 521.1 517.1 509.8 508.6 502.6 499.9 501 495.3 494.4 492 489 485.2 479.9 467.2 457.5 454.4 453.7 454.6 455.5 454.8 454.3 452.8 447.9 446.6 444.5 441.7 437.9
855.6 846.1 837.3 830.1 822.9 815 804.6 790.9 778.8 766.2 754.2 741.9 728.1 720 715.3 710.5 702.7 694.2 680.5 666.4 650.5 638.3 627.4 620.1 611.7 602.1 593.7 591.6 582.5 578.4 563.4 576.8 586.3 586 585.5 589.2 589.4 588.9 585.5 582.4 581.2 578.9 578.1 576.4 573 567.1 557.3 551.1 543 533.5 533.1 530.2 520.3 516.3 511.5 507.3 507.5 502.9 498.8 494.1 489.4 487.1 483.3 477.1 473.1 469.5 463.5 460.9 453 446.1 448.4 446.4 446.1 444.8 445.5 443.7 440.7 436.4
847.9 839.3 832.3 824.2 815.9 805.7 792.6 781.4 768.1 753.6 739.6 726.7 717.8 705.4 697.3 688 681.7 672.1 659.3 648.7 637.7 623.8 617 611.7 606 596.6 594.4 587.2 574.5 568.8 580.3 584.7 593.5 592.8 590.8 590.4 593.1 592.8 592.2 590.4 589.5 587.8 588.7 587.4 584.5 577.9 570.4 563.7 556.5 548.1 544.2 536.2 531.6 524.3 516.5 512.6 508.6 503.6 501.1 497.4 496.2 489.7 482.4 480.1 477.2 474 464.6 463.9 456.4 449.9 447.8 444.3 442.2 437.9 437.4 433.3 432.6 431.8
840.9 834.2 827.2 818 807.2 796.9 785.8 771 754.7 743.5 729.7 716.4 704.6 691.6 683.1 671.3 660.6 651.8 639.1 629.7 621.2 612 604 601.5 599.6 593 583.3 578.1 576.5 590 591.3 591.3 596.4 598.8 597.5 597.7 599.9 600.5 599.9 599 598.2 597.9 599.2 597.4 594 588.3 579.6 573.7 563.1 559.2 552.2 544.1 538.4 531.3 526.2 519.1 510.5 504.9 501.9 498.4 492.4 490.3 485.6 481.9 476.4 472.4 467.4 459 455.7 457.7 453.4 447.6 444.8 441.1 437.4 434.6 433 431.8
835.4 827.7 817.8 810.3 798.4 787.9 775.6 764.4 753.7 739.3 721.1 704.4 689 674.6 661.7 652.2 641.7 631.9 626.8 621.2 616.7 609.9 608.4 595.6 590.8 586.9 591.8 595.5 590 597.8 601.5 601.2 608.4 609.6 611.1 605.9 609.6 609.1 609.2 608.7 608.3 608.1 607.5 606.5 602.8 595.5 588.3 581.8 575.9 568.6 562.2 553.4 546.9 536.4 532.1 527 519.9 508.9 501.4 497.4 491.9 487.3 483.4 479.5 476.6 473.3 469.7 466 464.2 462 456.5 450.5 447.4 443.9 441 438.1 437 435.5
827.6 819.9 810 798.9 789.9 780.7 770.3 756.7 745.5 732.5 716.8 695.2 682 680.1 671.8 664.5 658.3 650.3 643.6 634.4 625.2 615.5 602.9 602.2 603.1 600.1 603.3 602.7 597.5 608.5 613.2 614.3 619.1 622.4 625.7 615.3 621.9 622.1 621 620.7 619.8 619 617.4 614.3 610.3 604.1 597.8 591.1 584.9 578.5 570 562.5 554.5 544.8 538.8 533.8 526.7 516.2 507.7 498.1 493.8 487.2 482.6 479.6 479.4 475.5 470.8 468.5 467 464.7 460 455 449.9 446.1 441.7 441.2 439.5 434
816.4 809.3 799.7 789.9 778.2 766.5 758.8 751 741.9 733.8 721.1 711.9 701.4 690.8 682.2 674.4 664.9 656.6 648.1 634 623.7 611.7 610.9 611 607.8 607.8 608 607.9 610.1 610.3 622 625.7 628.9 631.6 633.3 626.5 633.3 633.8 632.4 632.2 631.3 630.2 626.9 622.8 618.4 613.5 607.5 600.9 595.3 589.3 581.5 572.8 563.1 553.7 545.8 538 529.9 520 514.2 505.7 496.1 490.8 487.7 484.2 480.8 475.7 474.1 472.7 465.5 465.3 460.1 456.7 451 446.8 442.3 440 436.4 430.5
807.7 798.5 789.2 782.8 779.5 777.2 771.9 765.1 756.8 747.5 737.2 725.8 713.1 701.1 690.9 680.9 668.6 660.9 652.6 633 626.1 623.9 621.8 621.3 618.1 616.1 616.5 617 618.9 621.9 628.6 634.9 637.2 639.4 641.7 639.4 642.5 643.2 642.1 642.4 642.8 640 636.9 633.2 629.3 625 618.1 611.7 606.2 600.1 592.1 583 572.7 562.8 552.9 543.5 536.3 527.9 520.7 510.7 504.8 497.8 489.1 485.2 481.6 477.8 471.6 467.6 465.2 467.2 464.3 457 449.8 444.3 440.9 437.8 434.5 430.3
797.1 793 794 790.9 788 787.9 784.3 779 770 760.2 750.2 738.1 722.9 711.6 698.3 687.4 672.7 665.6 651.5 639.6 640.4 636.7 634.3 631.7 628.2 626.1 625.6 627.8 630 634.1 634.2 644 647 649 652.6 650.1 651.8 653.2 651.8 653.1 653 650.2 646.7 643.1 639.5 635.9 629.3 622 616.9 611 602.5 593.2 581.5 570.6 560.8 551.9 541.9 532.4 525.8 516.2 512.6 502.8 494.3 489.7 484.1 481.1 474.4 468.1 461.5 460.9 463.2 456.6 448.6 443.4 439 435.5 433.9 428.2
801.6 801.5 799.3 799 798.7 798.3 793.8 787.3 779.7 771.4 760.9 749.3 734.7 719 705.8 693.4 681.3 671.2 660.6 657.8 654.3 649.1 646 642.6 636.7 636.2 637 638.9 639.3 641.2 644.4 653.1 657 659.5 661.4 661.6 661.2 662 662.3 663.6 663 659 656.3 652.7 649.1 646.1 641 633.9 628.7 622.1 613.7 603.1 590.7 579.7 569.9 560.3 549 540.5 531.8 520.5 513.4 507.5 502.5 495.4 487.9 482.1 473.8 467.8 463.4 457.4 456.3 452.8 449.9 446 441.4 432.1 430.1 425.4
803.7 806.4 806.6 806.6 805.3 803.4 798.4 791.3 784.1 776.7 767 756.1 740.6 726.5 711.8 699.1 688 682.4 676 669.6 666.7 662.3 657.7 653.1 650 649.7 650.5 648.7 649.2 652.3 655.3 659 663.3 666.7 669.6 670.1 669.4 670.2 670.8 672.8 673.7 668.4 665.4 662.3 659.7 656.9 653.8 646.5 640.2 631.4 622.2 610.4 599 589.7 580.8 571.6 559.3 546.4 537.9 528.2 521.5 512.6 505.4 497.5 492.6 484.4 474 466.1 462.9 458.7 452.4 451.8 446.6 444.8 439.8 432.2 429 424.7
804.2 809.7 811.9 813 811.7 809 804.1 795.3 788.3 781 771.8 761.8 750.5 734.6 717 707.3 701.8 698.2 690.3 684.2 679.9 677.1 672.4 669.4 665.8 663.2 661.8 660.5 661.4 664.7 667.2 670.4 674 677.2 678.3 676.1 677.8 679 680 681.7 684.1 680 676.7 673.3 669.5 666.7 665.3 660.1 651.6 642.4 633.2 617.8 609 601.2 592.3 582.3 568.5 554.9 545.4 535.9 527.4 516.7 508.3 498.1 489.9 481.3 474.6 470.4 466.1 460.4 453.3 450.1 442.8 436.3 433.1 429 423.5 419.7
805.2 813.3 816.7 818.6 818 815.5 812.5 802.6 791.9 784.9 776 768.2 759.4 741.8 729.5 725.1 716.5 717.1 711.9 705.4 698.7 694.7 692.3 688.9 683.5 679.1 675.2 674.1 675.2 677.5 677.6 682.2 685.6 688.4 688.6 686.5 689.9 691.7 693.3 694.4 695.8 694.5 690.7 686.9 682.2 678.3 675.4 672.9 663.9 654.9 642.4 624 618.3 614.4 605.2 592.7 579.6 565.3 551.1 540.7 530.4 518.2 508.6 498.8 491.4 482.3 475.8 470.4 461.8 458.2 453.9 448.4 444.9 442.8 430.6 424.9 420 414.1
805.3 815.2 821.8 826.1 824.8 822.6 819.4 807 800 789.9 781.7 774.2 764.8 759.6 748.5 737.1 739.8 739.5 734.1 729 726.7 724.2 719.2 712 706.8 702.1 698.2 696.6 697.8 696.2 694.5 695.3 696.9 698.5 700 700.6 701.6 703.9 707.1 709.7 710.3 711.3 707.2 701.5 698 693 687.2 682.3 673.8 663.6 652.7 637.2 627.8 627 616.9 601.4 586.3 571.5 555.2 543.6 531.1 519.1 509.3 500.3 489.5 478.4 472.6 465.9 460.9 453.7 449.8 447.4 444.4 442.1 432.3 424.7 417.5 411.8
803.4 814.2 824.2 830.9 832.3 829.7 824.3 813.3 805.4 796.1 788.5 781.5 774.8 767.4 756.4 751.4 760.5 760.7 758.3 756 755.5 753.4 750.9 744.9 747 739 734.2 732.7 730.1 720.3 713.9 711.1 710.9 712.3 712.6 713.7 714.9 718 721.9 725.7 728.9 734.9 734.1 722.5 714.1 709.3 700.6 691.4 681.9 670.8 661.9 639.7 635.8 640.2 627.2 611.2 594.5 576.9 558.2 544.3 532.8 520.9 509.1 496.6 485.8 476.1 467.5 462.9 459.7 451.2 445.7 445.1 442.9 436.8 425.8 422.4 411.8 411.8
799.7 809.1 821.3 828.9 835.3 833.4 824.6 818 810.3 802.8 796.4 787.7 780.1 777 764.5 773.1 776.7 780.4 782.6 781.5 777.7 775.9 776.3 772.9 771.3 765.7 758.8 748.4 741.9 737.2 733 728.5 726.7 726.5 725.4 727.1 729 733.2 737.8 746.8 755.1 762.3 765.5 750.7 737.6 725.4 716.5 699.7 689.5 678.5 669.6 641.9 644.9 647.6 634.2 616 598.3 578.4 557.5 544.3 532.5 519.8 507.3 495.2 482.9 474 462.3 457.7 449.7 446.8 442.3 439.2 433.2 427.4 423.9 416.1 411.8 411.8
792.8 801.8 814.1 824.6 833.1 830.3 826.4 820.3 812.8 807.3 800.9 796 786.9 778.7 780.6 789.4 793.6 799 802.1 804.6 802.1 801.4 800.9 796.7 792 788.7 775 766.7 762 757.5 751.6 747.9 741.5 739.9 739.3 740.3 742.7 747.7 756.4 768.4 776.2 779.9 778.4 772.5 761.6 745.5 731.9 706.2 695.2 684.6 673.2 643.4 651.9 649.4 635.8 618.4 598.6 576.3 556.1 543.2 528.7 514.3 502.5 491.8 481 466.1 456.8 448.8 445.2 443.9 438.2 433.5 428.5 425.7 414.3 411.8 411.8 411.8
784.5 793.3 805.6 815.7 822.8 826.8 824.1 819.9 815.2 810.1 805.1 800.9 800.4 795.5 796.9 803.5 808.1 814.4 820.8 827.9 832.2 833.9 830.8 823.6 816 808.9 793.4 783.4 776.6 769.7 763.9 759.2 754.3 754 752 754.6 757.3 763.7 773.3 784.9 789 790 787.4 782.8 774 759.5 739.7 715.5 701 688.3 675.1 646.3 651 646 631.2 611.2 592.1 569.4 553.1 538 522.8 508.3 497.2 484.7 473.3 463.7 455.5 444.5 440.7 435.6 433 428.4 419.6 414.3 411.8 411.8 411.8 411.8
775.9 785 795.1 804.3 811.8 819.7 821.3 820 816 812.2 810.5 811.9 809.2 809.4 810.6 815.4 820.5 827.3 835.2 844.3 851.6 856.2 850.7 840.4 830.9 821.6 811.2 800.5 789.2 781.6 775 768.7 765.9 766.1 763.8 767.2 772.5 778.7 788.2 795.2 796.8 796.5 794.3 788.9 778.1 764.5 742.5 720.2 704.3 689.2 672.7 648.4 647.4 635.8 619.2 599.4 582.3 564.7 548.7 529.7 515 503.3 489.6 478.8 468 459.6 448.6 440.5 437 433.4 426.7 419.7 411.8 411.8 411.8 411.8 411.8 411.8
767.8 776.1 785.1 793.8 802.7 811.7 816.3 819.3 818.3 817.5 820.3 819.1 816.2 817.3 820.4 825.1 830.4 837.6 846.1 853.9 860.2 864.5 864.2 852.4 841.4 831.6 821.5 812.7 799.3 789.8 782.5 777.6 775.8 775.2 777.2 778.7 785.9 791.9 798.5 802.2 802 800.5 797.6 790.1 779.7 764.7 739.9 721.6 701.3 685.9 666.5 649.5 638.6 624.4 605.7 586.9 571.6 555 539.9 521.8 508.1 495.4 482.7 472.4 460.4 450.8 442.1 435.8 431.3 426.9 421.6 411.8 411.8 411.8 411.8 411.8 411.8 411.8
760.6 766.9 775.7 783.7 793.6 804.2 812.2 817.7 820.4 825.3 825.3 824.1 821.5 822.2 825.7 831.4 835.9 843.1 852 859.3 864.9 870.5 872.5 863.1 849.1 839.1 828.4 818.6 808 798 792.4 786.3 783.7 783.4 786.6 790 797 802.3 804.4 806.6 805.5 803 798.9 790.2 780.3 762.5 735.7 719.3 695.4 676.4 658.7 644.5 629.3 612.1 592.7 574.2 558.1 543.8 529.2 513.9 501.2 488.1 476.7 465.8 453.3 445.9 437.8 431.8 426.1 414.1 411.8 411.8 411.8 411.8 411.8 411.8 411.8 411.8
753.4 759 766.1 773.6 783.4 792.8 801.7 811.5 819.5 823.6 825.3 825.6 824.5 826.1 829.7 834.6 838.2 845.8 854.5 861.9 869.4 874.4 876.6 870.4 856.1 845.7 835.1 824.4 815.8 807.3 801.1 793.8 791 792.1 795 798.8 805.1 808.5 808.1 808.3 806.6 804 797.2 788.4 776.6 757.7 734.5 715.5 689.4 668.5 652.9 636.7 619.2 600.2 580.4 562.8 547.8 533.3 519.4 506.1 491.1 481.4 469.2 459.5 447 439.6 433.5 429.2 416.3 411.8 411.8 411.8 411.8 411.8 411.8 411.8 411.8 411.8
748.4 752 756.4 762.8 773 782.2 791.4 801.8 811.6 815.6 819.5 822.7 823.1 826.3 829 834.6 840.2 846.8 855 864 872.1 877.8 878.3 874.5 863 852 841.8 830.8 822.3 814.6 807.9 801.1 799.4 800.4 802.8 805.3 809 810.4 810.1 808.6 806.8 801.7 794.2 783.8 772.7 754 730.8 709.3 685.5 661.6 645.4 627.2 608.2 589.3 571.8 553 537.9 524.7 511.4 497.4 482.3 470.9 461.1 449.4 440.9 433.6 429 423.8 411.8 411.8 411.8 411.8 411.8 411.8 411.8 411.8 411.8 411.8
747.1 746.5 750.6 754.6 762.6 771 779.3 788.2 797.5 806.5 809.7 814.6 819.4 822.6 826.2 831.6 837 843.8 851.8 861.2 870.5 877.1 878.2 872.7 866.6 857.2 846.3 835.5 827.2 819.1 812.6 807.7 806.3 807.4 807 809.2 808.8 807.6 805.2 804.7 802.8 796.4 787.7 777.8 766.3 747.8 725.3 705.2 682.1 653.3 634.1 616.3 599.4 581.6 563.6 545.2 529.1 515.9 502.5 486.1 469.9 461.7 449.6 442.9 435.3 430.3 427.4 421.2 411.8 411.8 411.8 411.8 411.8 411.8 411.8 411.8 411.8 417.8
739 742.3 743.4 747.6 752.3 759.5 767.1 773.9 781.5 790.3 799.9 804.8 809.6 815.5 821.9 827.7 833.9 840.8 848.9 858.2 867.3 875 875.9 869.6 865.7 861.1 850.9 839.3 831.5 823.6 816.4 813.3 810.5 809.8 809.6 808.4 805.8 803.6 800.9 797.9 794.6 787.9 780.9 770.9 757.6 738.1 720 700.6 679.6 646.7 620.4 606.3 591.9 572.3 555.8 535.7 519.4 506 486.8 474 463.4 452.3 446.1 440.9 435.3 425.4 416.1 411.8 411.8 411.8 411.8 411.8 411.8 411.8 411.8 411.8 412.3 426.2
735 737.7 738.4 739.9 743.7 749.4 755 760.7 767.3 774.5 781.8 791 799.7 806.1 814.5 820.6 828 835.6 844.2 853.5 862.4 869.5 870.1 867.8 866 861.4 852.5 840.7 832.3 825 818.3 814.1 811.6 808.5 807.6 805.1 802.1 798.4 795.1 791.4 787 780.2 772.4 762.7 747.9 728.9 714 695.1 675.1 637.5 609.6 595.8 583.2 562.3 541.9 524.3 509 492.3 478.6 466.6 458 446.4 439.9 435 433.1 420.9 415.2 411.8 411.8 411.8 411.8 411.8 411.8 411.8 411.8 411.8 425.9 441.5
731 734.6 735.2 734.9 736.3 740.2 744.3 749.2 754.8 760.4 767.4 775.4 785.4 794.4 804.2 813.7 821.3 829.9 838.5 847.2 855.3 861.3 864.3 863 863.9 860.3 852.3 840 830.4 824.9 818.6 813 809.8 806.8 804.5 800.7 797.5 793.6 789.5 785 779 771.6 763.8 752.7 737.2 720.3 707 691.2 662.8 623.6 598 585.3 569.6 548.6 528.3 510.9 496.2 481.3 469.8 461.5 452.1 440.7 433 426.7 418.9 411.8 411.8 411.8 411.8 411.8 411.8 411.8 411.8 411.8 411.8 420.6 438.5 457.8
734.3 729.4 731.3 730.5 731 734.5 737.5 740.4 744.8 749.3 756.2 762.8 770 782.9 793.9 805.6 815 823.4 831.8 840.1 847.6 853 856.2 858.4 859.6 858.4 851 840.3 830.4 824.9 818.4 811.6 807.8 805.2 800.9 797.2 792.4 787.4 782.3 776.7 770.3 763 753.2 742 727.8 711.7 697.3 678 643.3 611.7 588.3 574.2 558.4 535.4 514.4 499.8 486.1 474.4 464.6 455.6 444.2 435.7 427.4 420.7 412.5 411.8 411.8 411.8 411.8 411.8 411.8 411.8 411.8 411.8 415.9 434.9 454.4 475.8
