STL Generation/terr50_gagg_gb/data/NN71.asc
ncols 200
nrows 200
xllcorner 270000
yllcorner 710000
cellsize 50
[rows 35 to 69 of 200, columns 78 to 155 of 200]
110.9 106.3 103 108.9 121.1 124.3 130.5 136.3 144.6 153.3 160.6 167.9 175.9 182.3 188.5 193.2 196.9 198.5 198.2 200.6 201.6 200 198 196.8 196.3 195.7 200.1 202.2 202.3 203.5 207.4 208.2 210 207.8 210.6 208.9 208.5 206.8 207.5 209 208.9 208.2 205.5 199.8 195.6 193 192.8 193 192.6 188.8 186.1 187.5 185.3 185.7 183.4 180.9 180.1 178.5 176.6 175.6 173.2 171.1 168 166.5 166.3 164.3 164 162.3 160.8 158 155.9 153.5 152.3 152.2 150.9 148.3 146.3 146.6
106.8 114.4 124 125.7 130.5 137.4 145.9 155.4 163.5 169.8 176.2 181 188.6 193.7 198.4 203.7 209 209.4 209.7 210.8 211.1 209 205.8 205.5 206.1 204.8 208.1 211.3 213.9 214.3 218.2 218.9 221.6 222.3 222.8 218.7 218.8 219 218.2 217 216.3 214.5 210.4 206 205.2 203.7 202.7 201.8 200.8 196.7 195.4 197.2 196.6 196.5 194.1 189.7 185.7 184.6 183.6 182.3 179.4 177.9 175.3 172 171.9 169.9 168.6 164.8 163 159.8 157.7 155.6 154.7 154.9 154.6 151.2 146.8 146.8
127.4 130.5 132.6 139.3 146.6 155 164.5 172.2 177.9 182.8 191 196.4 200.3 206.6 210.2 213.1 216.5 217.5 218.2 217.6 216.2 213.7 210.6 210.2 211.2 208.5 212.8 214.9 218.1 221.4 226.7 231.9 232.4 230.4 229.2 226.7 225.6 226.4 224.1 223.3 222.7 220.3 218.5 216.7 212.6 212.8 211.1 209.9 208.2 206.1 205.1 204 204 202.6 200.4 199.2 195.7 194.4 193.3 190.9 187.6 184.8 183.1 182.7 180.8 177.3 173.4 168.9 164.9 164.3 162.4 160.1 158.4 157.5 158.3 155.2 149 147.3
134.2 142 149.4 157.8 165.7 172.7 178.9 186.2 193.1 197.4 202.7 205.9 209.3 215 218.5 219.6 220.6 221.1 221.7 221.4 220.5 218.1 214.8 215 216.1 216.2 215.7 222.1 226.6 229.2 231.9 236.6 237.7 235.9 234.1 233 232.5 232.3 231.4 230.5 230.3 228.6 226.6 224.5 222.7 220.9 219.1 217.2 215.3 214.2 213.4 211.6 210.3 208.9 207.2 206.5 206.5 204.2 203 201.9 200.3 197.4 193 190.2 187.5 184.5 180.1 175.6 175 173.2 169.7 167.1 165.1 161.9 158.9 155.7 151.2 149.4
148.3 157.4 167.7 174.6 182.1 188.2 193.9 199.6 204.2 208.4 211.2 213.5 215.6 218 221.3 223.4 224.3 225.4 226.1 225.9 225.2 223.1 219.8 221.7 222.8 224.7 224.5 230.6 235.5 236.1 238 241.2 242 242.4 243.3 242.2 241.6 241.3 239.4 237.7 237.4 236.9 234.6 231.2 230 228.6 226.9 225.1 224 222.8 221.6 219.9 218.6 217.3 217.3 215 214.5 214.7 214.2 213.3 212.7 209.4 204.1 199 193.6 190.2 186.5 180.4 180.1 178.1 176.1 173.3 169.2 164.7 159 155.9 152.4 150.8
164.5 174.5 183.2 189.1 194.7 201.5 206 209.1 211.7 214.2 216.3 219.1 220.9 222.7 224.5 227.7 229 230.1 230.6 231.2 231.3 231.1 226.2 229.3 232.1 236 234.2 236.8 239.7 241.8 243 246.4 248.3 248.8 248.8 246.2 246.8 246 244.5 243.3 244.1 243.9 240.3 239.1 237.5 236 234.9 233.5 233.3 233 233.9 231.6 230.7 230 227.9 226.6 227.3 227.7 226.4 226.2 224.2 223.7 217.8 209 200.2 194.3 192 188.1 184.9 181.2 179.2 175.7 172.4 167.2 161.7 155.9 153.8 152.5
180.4 189 195.3 201 207.1 211.2 215 217.3 219.7 222.2 223.8 225.1 226.9 228.7 229.9 231.9 233.5 234.6 237.3 238 238.1 240.3 240.7 241.9 240.1 241.5 241.6 239.4 242.6 244.9 247 250.4 254 255.1 254.2 252.1 252 251 250.3 250.6 251 249.4 251.1 249.9 250.2 247.4 246.8 244.8 245.2 245.5 244.5 243.8 243.1 243 241.1 240.7 241.4 239.3 239.2 239.3 244.8 233.7 219.1 214.9 211.3 205.7 200.8 194.4 189 185.2 181.7 177.3 174.3 169.6 162.9 157.3 155.6 154.3
193.7 199.1 204.8 211.7 216.2 219.7 222.9 225.6 227.7 230 231.7 233.6 234.8 235.5 236.6 237.7 240.3 242.9 246.2 246.9 246.5 245.9 245.1 244.5 244 245.4 245.7 246.3 251.3 254.6 256.4 257.8 259.3 261.1 262 261.2 261.8 261.9 261.1 262.4 264.1 262.7 258.7 257 255.8 256.1 258.7 261.5 263.1 262 264.8 265.4 262.9 262.9 263.5 261.2 258.9 258.2 252.5 240.6 241 246.1 238.5 236.3 225.9 220.2 209.7 203.1 195.5 187.8 181.3 178.1 173.5 167.4 161.3 158.8 156.6 156
204.3 209.5 215.3 219.5 223.8 227.3 230 232.7 235.3 237.4 239.9 241.8 243.6 245.4 246.4 246.9 249.3 249.9 250.2 249.2 247.8 247.7 247.8 248.6 250.5 251.8 254.2 255.8 260.6 264.4 266.8 267.5 268.9 268.7 270.2 271.4 273 273.6 273.5 271.1 268.5 268.8 266.9 265.5 266.1 268.9 272.9 275.1 278.7 281.1 283 286.1 286.2 287.2 286.2 277.8 269.8 266 264.3 261 256.1 253.6 253.7 249.6 246.5 231.2 220.8 215.1 204.9 192.2 185.9 179.2 174.2 166.1 160.5 158.2 157.5 156.9
212.6 217.8 223.2 227.2 231.4 234.3 236.9 239.5 241.7 243.1 244.8 247.4 249.7 251.6 252.2 253.1 254.3 255.6 255.3 255.8 256.7 258.1 258.9 259.2 261 261.6 263.8 261.7 269.5 273.5 276.3 278.7 282.1 283.8 283.8 281 281 280.1 281.4 281.5 280 281 281.6 281.4 281.3 284.9 289.3 295 300.1 307.2 314 313.6 309.7 300.6 289.8 283.5 276.6 277.2 274.9 272.8 271.4 270.5 274.1 274.7 268.8 258.9 248.6 238.9 227.7 210.9 196.3 184 174.7 166.9 161.8 160.6 158.8 158.1
220.8 226 231.1 234.9 238.4 241.2 243.8 246 247.9 249.1 250.3 252.6 256.2 258.4 260.4 262.3 263.5 265.1 265.1 265.5 266.9 269.4 270.3 271 271.2 269.4 271.6 267.8 277.8 282.5 287.6 292.8 298.2 300.9 297.1 294.2 293.7 293.1 294 295.1 294.9 295 294.5 294.5 300.9 308.5 314.6 318.8 317.4 320.9 320.2 317.5 312.5 305.2 293.3 287.3 282.5 284.2 283.9 280.3 278.2 278.5 283.2 286.6 284.4 277.4 264.8 250.5 238.6 223.4 206.9 189.1 180.3 174 168.3 163.7 161 158.9
229.2 233.7 238.1 241.6 245 247.8 250.3 252.2 254 255.1 256.8 259.6 263.5 267.5 270.2 272.1 273.8 275 274.8 275.1 278.8 279.3 279.6 279.2 278.6 278.3 279 278.3 286.6 294.4 301.8 307.2 313.5 317.9 315.8 310.2 308.3 307.3 306.8 309 308 308 309.6 308.9 310.1 315.3 319.3 323.8 323.8 322.8 320.4 312.5 303.8 299 291.9 287.2 285.4 287.7 290.8 289.2 285.1 285.6 288.6 294.5 291.8 285.8 274.8 258.2 246.4 233.4 218.9 199.2 182.8 177 173.6 168.9 164.9 161.7
235.3 240.1 244.7 248.3 251.6 253.5 257.3 260.3 260.4 262 264.3 266.4 271.6 276.2 280.1 282.6 283.2 284.4 284.3 284 285.6 285.9 285.7 286.1 287.7 288.5 289 287.6 294.4 304.3 312 319.6 326.9 330.4 331.3 329.5 330.6 327.3 326.5 325.5 322.4 318.6 314.8 313 311.9 315 320.6 325.5 326.1 323 316.7 308.3 301.1 296.2 294 290 288.3 290.1 292.8 293.1 289.1 289.1 291.8 300.7 299.6 294 282.9 267.6 254.9 246.4 236 215.6 196.7 183.6 176.5 174.2 169.9 165.8
241.3 246 250.2 253.1 255.7 259.8 263.7 266 269.6 272.5 274.1 277.3 280.9 283.2 285.4 289.5 290.6 292.2 292.7 294 295.5 296.7 297.3 298.1 298 298.5 299.1 297 302 313.2 324.3 333.3 338.3 342.6 341.3 341.5 343.2 339.5 329 325 324.1 320.2 313.2 312.5 312.8 317.1 322.2 325.8 327.4 324 316.3 309.6 303.3 297.4 295.9 292.9 291.6 292.1 292.8 292.6 291.7 293.2 294.3 305.5 307.6 303.7 294 277.2 266.7 257.1 249.1 233 213.7 197.6 184.7 177 174.7 172.7
246.6 251.4 256.3 259.7 263.5 267.4 271.9 277 280.1 282.5 284.1 287.6 291 293.4 295.7 298.7 299.8 301.9 305 308.3 309.1 307.6 308.7 308.2 307.7 308.5 309.3 309.4 298.9 321.5 333.2 342.3 345.6 350.4 351.7 349 346.4 342.7 332.8 326.8 322.4 316.6 311.6 311.6 311.6 315.8 320.4 322.1 323.7 322.1 318.6 312.1 305.6 299.1 296.6 295 295 294.1 294.5 293.2 294.4 296.4 300.3 310.4 314.3 309.7 302.3 286.1 276.7 269.4 261.4 248.2 225.8 212.7 195.5 185.8 179.5 175
252.8 258.8 263.9 267.4 271.5 275.9 280.2 284.5 287.9 290.4 295.4 299.5 301.5 305.1 307.5 308.8 311.4 313.5 315.8 317.9 319 317.8 316.9 317.1 317.1 317.5 318 316 311.4 330.2 339.3 346 348.1 355.2 359.6 358.4 348.1 340.3 334.3 326.4 319.8 313.7 310.7 310.5 310.1 312.2 317.4 318 318.9 318.2 318.4 313.9 306.7 301.3 297.7 296.8 299.2 298 296 294.7 295.7 296.7 303.9 316.5 315.5 311.1 298.9 289.4 283.9 278.8 274 260.9 236.4 216.8 202 190.5 180.8 176.1
257.7 264 269.4 274.1 277.9 282.4 286.9 291.5 295.4 300.1 306.7 312.5 316.3 322.1 322.1 322.8 321.7 323.9 327.5 329.7 329.1 327.1 326.2 324.8 327.2 326.3 324 317.3 324.9 336.7 343.8 348.1 351.4 351.4 356 354.9 347.9 340.5 334.7 326.8 321.4 314 310.5 308.6 308.5 308.9 311.8 312.4 313.4 316.1 318.1 315 308.3 302.2 299.7 298.5 301.8 301 298.1 296.9 296.3 298.5 303.5 315 313.9 307.6 301.2 292.6 286 281.9 280.5 269.7 244.8 221.8 207.3 196.6 186.8 180.2
264.8 269.6 274.5 279.5 284.1 288.7 293.3 298.6 306 313.8 319.5 324.4 335.4 339.1 339 336.9 333.3 334.6 338.3 339.3 339 336.4 334.1 331.5 333 330.5 327.4 324.7 332.3 346 353.5 353 349.3 347.4 344.3 346.1 342.9 335.6 328.4 323.1 318.6 314.5 312.2 308.9 307.3 308.1 310.6 309.8 311.8 313.3 312.9 312.9 309.5 303.1 301.5 299.9 302.6 302.3 299.7 301.6 301 301.4 306 312.5 313.9 311.6 310.6 308.4 301.7 296.5 286.8 270.8 255.2 237.6 220.5 206.5 197.4 187.6
270.8 275.7 279.8 284.6 289.7 296.1 305.5 314.2 322.5 328.8 335.2 344.4 350.1 354.6 354.5 350.4 344.9 343.7 343.6 346 345.7 343.4 341.2 339 337.3 333.7 331.2 331 336.4 345.6 350.8 348.5 347.5 348.9 345.6 338.9 335.3 332.9 332.2 327 322.9 317.8 314.1 312.3 308.2 305.8 307.8 307.9 309.9 311.2 310 310.7 308.3 304.2 302.7 301.6 302.8 303.3 302.6 306.1 306.4 307.5 312.5 317.7 320 322.9 321.8 317 305 301.2 299.9 299 278.7 258 239.6 224 211 198
276.8 281.9 286.7 292.2 298.7 308.5 319.2 328.8 337.8 345.2 350.8 356 362.8 366.3 364.1 359 353 351.3 349.4 348.6 349.5 347.9 345.3 342.6 340 335.7 334.7 334.4 337.9 343.1 347.5 347.7 349.4 354.3 356.7 354.5 345 339.7 335.2 330.3 328.1 321.3 315.7 312.4 307.1 305.3 305.4 306.3 307.5 308.6 308.9 308.6 311.1 310.7 306.2 306.7 310.6 309.5 307 310.5 313.5 312.2 320.9 323 322.2 321.1 318.9 311.5 310.8 314.8 309.2 307 291.8 270.2 251 236.3 221.9 207.4
282.9 288.2 294 300.8 308.4 318.8 329.2 338 347.3 354.2 360.1 364.7 369.7 369.8 368.5 364.3 360.3 354.7 352.7 351.7 351.8 350.8 348.3 346.2 344.5 339.9 339.1 338 339 341.5 345.6 348.5 352.7 358.5 361.5 363.9 366.4 360.4 349.8 335.3 328.7 323.3 317.5 313.1 307.3 305.6 304.7 304.7 305.9 308.7 309.5 312.4 316.6 317.2 311 314.5 318.5 316.6 312.7 313.3 316.8 317.9 323.3 325.5 321.4 321.6 322.8 324.4 322 315.2 305.1 297.1 289.9 275.2 259.1 242.4 228.2 215.4
288.8 294.8 300.9 309.3 317 326.5 335.9 344.6 353.4 360.6 363.9 369.2 371.2 370.7 369.4 366.8 363.9 358.5 355.5 354.1 353.2 352.7 351.5 349.9 348.2 345 343.6 343 340.9 341 347.7 355.5 363 367.9 368.2 368.4 367.2 366.4 364 347.3 333.4 325.2 319.3 313.4 309.5 306.3 305 304.2 304.8 308.7 312.1 313.8 315.7 315.3 313.1 310.1 314.4 315.1 313.5 314.4 317.7 317.1 321.9 325.8 330.9 335 334.8 332.8 328.7 316.6 304 299.9 296.9 281.4 265.3 250.4 233 221.4
294.2 300.7 307.7 316.5 325.4 332.5 340.6 347.9 356.3 363.5 367.5 369.7 370.9 371.2 371.6 370.4 367 361.2 356.9 354.8 353.5 352.8 352.6 353.9 351.2 348.9 348.4 348 344.4 347.7 355.4 362 370.7 372.4 371.5 367 364.7 362.4 359.2 354.9 339.5 331 323.4 316.6 311.9 308.1 305.2 303.8 303.8 307.3 308.8 309.2 309.6 309.7 307.2 308.6 309.4 311.9 314.5 315.5 317.8 319.8 327.6 337.2 340 341.4 339.2 336.4 327.3 313.1 304.6 302.1 300.5 286.7 270.3 253.1 240.2 225.7
299.6 306.7 314.5 323.3 332.1 338.7 345.8 350.6 358.3 364.5 370.2 372 371.6 374.9 377.2 374.3 368.2 363.2 358.3 355.5 354.2 352.9 352.2 352.1 353.3 351.7 351.1 349.8 344.4 354.9 364.4 369 373 375.3 375.3 372 366.7 361.7 358.1 356.7 351.7 336.9 327.2 319.1 314.3 310 306 304.1 303.1 304.5 303.9 303.1 301.8 301.4 300.6 303.1 306.3 311.1 314.3 317.8 321.2 322.8 333.4 340 343.9 346.3 345 341.9 330.1 315.1 303.1 297.9 294.7 282.6 265.7 251.9 238.5 228.3
305.2 313.2 321.4 330.1 338.9 345.6 349.8 353.7 359 364.2 368.1 371 376.5 379.4 377.5 374.6 369.9 365 360.1 356 353.7 351.7 350.6 349.6 350.8 348.3 347.6 346.7 348 358.9 369 375.3 377.5 379.6 379.2 373.8 369.5 365 359.7 359.3 355 349.8 333.1 324.8 317.7 312.4 307.2 303.6 301.2 300.4 299 297.8 297 296.9 295.1 298.9 304.4 309.9 315.4 319.4 323.1 327.8 336.7 341.4 343.3 342.2 339.3 336.8 327.6 316.3 299.6 290.9 281.9 271.3 259.5 246.9 236.5 229.1
312.5 321 329.4 338.1 344.7 350 352.8 356.6 362 366.2 370.6 373.7 378.6 379.9 380.5 377 373.4 366.7 360.3 354.8 351.9 350.3 349.1 348.3 348.3 347.3 347.6 346.8 351.3 360.6 367.4 372.6 374.9 377.3 376.3 375.5 374.9 370.4 365 362 360.7 354 341.1 329.4 321.9 315.2 310.5 304.8 301.6 299.1 296.6 291.6 291.4 292.4 292.1 297.4 303.4 312.3 315.8 321 325.7 330.8 341.6 346 346.4 340.6 335.1 331.9 326.3 315.1 293.9 283.8 272 260.5 249.5 240.8 235.1 228.7
319.5 328.9 337.4 343.3 349.2 352.8 356.2 362.4 368.2 372.9 375.2 377.4 380.6 382.4 381.2 378 372.2 366.8 360.1 353.4 350.8 349.3 347.9 347.4 347.2 347.3 347.4 348.5 353 359.7 368.1 374.5 378.7 381.5 381.7 380.5 381.2 379.1 375.2 369.8 363.5 360.6 351.5 338.1 329 321.8 317.7 311.2 307.1 303.4 299.9 293.1 288.6 289.3 290.5 291.4 297.2 308.3 313.6 318.6 326.4 333.4 347.2 349 347.3 339.9 333.3 329.7 323.2 309.2 285.5 276.8 264.8 254.3 246.6 239.2 232.9 226.9
326.9 336.2 342.4 348 352.3 357.6 361.9 370.6 374.5 377.7 377 378.4 380.5 380.1 380.6 377 374.2 367.8 362.7 354.5 351 350.1 349.4 349.5 348.1 348.2 348.4 350.5 353.4 361.4 369.5 376.2 382.2 385.7 387.8 386.9 384.9 381.3 379 374.2 366.5 360.9 359 352.5 339.1 328.3 320.8 313 310 306.5 300.2 293.8 289.3 281.7 281.7 283.1 289.2 299.8 306.3 314.3 324.2 331.8 340.4 342.6 340 337.4 332.4 325.3 313.5 297.2 275.9 268.5 258 247.6 241.6 235.5 229.6 222.1
334.4 342.1 347.9 353.9 360.5 364.5 368.8 373.7 376.9 379.9 379.1 379.4 380.2 380.3 381.1 378.5 376.5 373.9 370.6 359.5 357.1 355.6 354 354 350.7 349.2 350.3 351.7 353.1 360.4 367.7 375.2 382.1 389.7 394.8 395.6 394.9 391.3 384.8 375.6 368.8 365.7 363.1 357.4 347.3 336.7 325.6 317.3 308.5 303.1 297.9 294.1 287 280 275.4 275.9 280.3 288.7 295.3 303.3 312.3 327.6 333.7 335.3 332.5 327.1 320 309.1 294.5 280.3 266.4 259.1 250.7 240.5 233.8 228.1 221.7 214.6
344.8 352.6 357.9 362.8 366.7 370.8 373.2 376.5 380.2 381.8 381.6 382.4 384.7 386.3 385.6 384.5 381.3 378.7 374.9 369.9 361.5 356.8 355.9 353.9 351.8 350.4 350.9 352.6 354.2 358 364.4 371.3 379.6 384.9 389.8 391.1 390.3 385.8 381.3 373.8 367.3 363.5 363.3 360.5 357.7 346.3 329.8 317.9 309.5 302.5 299.1 294.8 286.6 278.6 271.6 269.3 272.2 277.7 284.1 289.6 297.5 312.7 310.5 309.8 306.8 303.2 297.8 287.6 276.3 265.4 257.2 250.7 243 233.6 225.7 219.4 213.8 209
355.2 360.6 363.9 368.7 372.3 375.4 378 384.5 385.8 386.6 391.7 393.9 393.5 396.3 392.2 390.8 385.1 381.8 381.5 376.6 367.9 360.8 356.9 354.8 352.8 351.8 351.4 351.9 353.4 354.9 359 365.1 368.8 371.1 372.5 373.1 372.6 370.2 368.6 363.5 360.9 358.5 358 356.1 354 349.2 338.7 323.7 311.6 305.6 299.4 292.3 284.9 278.4 271.9 266.6 266.2 268.9 272.8 276.4 280.2 284.7 286.5 284.8 284.7 281.5 275.6 271.5 263 255.8 250.9 242.7 236.3 227.7 221.4 213.3 208.2 207.7
358.2 363.5 368 374.1 378.7 380.3 386.5 392.2 395 396.7 402.7 401.9 398.8 398.9 396.1 395.6 389.2 383.4 382.6 379.3 372.7 365.5 359.4 356 354.9 354.9 353.5 352.6 352.5 354 355.4 356.6 358.3 359.9 360.3 360.1 359.5 358.1 356 353.4 350.7 352.5 350.8 347.7 345.3 341.3 334.9 327.5 313 305.8 297.7 291.4 285.1 278.7 270.7 265.8 262 263 264.4 263.4 264.5 267.2 267.5 268 268.5 267.1 263.7 258.8 252.1 245.8 243.9 237.1 230.4 224.7 218.3 212.1 212 212.8
368.2 373.4 378.1 381.8 384.8 389.9 396.1 402.5 406.8 405.9 406.9 407.2 404 401.6 402.8 398.6 392.5 386.9 381.4 376.3 372.8 369.7 365.1 360.2 360.7 358.4 356.6 355.3 354 353.1 354 354.7 354.3 353.2 352.5 353.1 352.2 351 348.5 346.2 344.1 341.3 340 336.8 335.2 333.5 327.1 320.9 307.7 301 293.6 287.2 281 275.5 267.8 263 258.6 256.9 258.3 257.9 257.7 257.1 257.7 256.7 257.7 255.7 254.4 251.5 245.2 240.1 237.3 232.2 227.7 222.9 218.5 219.1 218.8 217.9
378.9 385.8 390.6 394.3 396.4 400.4 406 412.2 417.6 413.4 410.3 409.9 409.3 406.7 402.4 399 392.7 389.2 383.7 378.2 373.2 370.9 368.2 366.8 364.5 362.2 360 358.7 357 355.3 354.7 353.7 352.3 350.9 348.6 347.7 346.2 344.6 342.7 341.1 337.8 336 331.6 327.5 325.1 322.8 317.6 312.5 305.7 296.7 291.2 287.2 280.7 273.2 264.9 260.2 256.3 253.4 250.1 251.3 250.8 251.1 251.7 249.2 248.5 247.1 245.8 244.3 239.8 236.2 232.5 230.1 226.3 222.9 223.5 222.8 223.6 224.4
391.4 397.7 403.2 404 408 411.6 414.5 418 419.5 417.3 414.7 410 407.3 403.4 400.3 396.8 393.3 390 386.1 380.4 375.1 371.8 369.1 369.3 367.7 365.8 364.3 362.5 360.6 358.7 356.2 355.1 353.7 352.3 349.9 347.7 344.2 341.3 341.3 338.5 336.4 332.4 329.4 326.4 320.4 315.6 310.3 304.7 299.1 294 297.4 287 278.3 276.2 270.3 267.3 263.7 259 254.5 244 243.8 243.9 246.2 244.4 243 241.9 240.6 238.8 237.1 235.6 232.2 230.7 227.7 227.5 227.4 227.6 228.3 229.1
