STL Generation/terr50_gagg_gb/data/NN83.asc
ncols 200
nrows 200
xllcorner 280000
yllcorner 730000
cellsize 50
[rows 35 to 69 of 200, columns 0 to 77 of 200]
634.4 626 619.9 613.8 607.2 601.4 595.9 590.3 582.9 589.4 591 587.6 591.4 595.4 601.4 608.7 617.6 626.3 637.6 651.4 665.5 674.3 678.9 682.2 683.5 684.1 681.1 677.3 670.9 651.6 627.3 611.4 598.1 586.4 575 564.3 554.3 543.8 534.2 527.6 520.2 517.6 521 522.8 527.8 529.9 528.3 531.1 540 552.4 566.2 577.2 582.6 584.2 582 578.6 585.7 592.2 596.6 594.9 590.6 591 592.4 597.1 601.5 602 597.9 594.2 588.6 577 549.6 527.3 517 508.3 503 498.8 497.2 493.3
642.4 633.2 625.3 618.6 614.3 609.4 603.1 596.4 590.6 592.3 595.5 590.4 598.6 604.2 610.7 617.9 625.3 636.5 649.3 663.8 676.1 682.7 688.6 692.8 693.6 692.1 689.3 683.8 670.7 647.3 626.4 611.8 599.2 588.5 577.4 565.3 555 545.7 535.7 528.4 520.6 523.5 524.2 528.5 534.1 534.9 534.5 542.1 551.5 562.1 574.9 584.5 591.1 596.6 590.8 589 598.5 604 604.4 603.6 602.9 603.9 606.3 601.4 603.6 605.1 604 598.6 588 578 544.8 529.4 523.7 518.8 511.5 499.8 494.6 490.9
651.5 641 631.2 624.8 620.5 616.3 610.3 602.3 595.8 595.4 601.1 600.6 606.6 612.3 618.7 626.2 633.9 645.1 660.9 675.8 686.8 693.9 698.1 701.2 700.5 697.6 695.4 689.1 666.2 643.3 628 612.1 599.1 588.2 578 565.8 555.7 546.4 536.9 529.4 530.4 530.4 531.2 534.9 540.3 541.2 543 553.8 563.8 572.2 582.7 595.2 606.1 608.6 601.9 601.7 612.3 613.5 613.1 617.8 611.1 614 615.5 614.5 610 609.9 610.6 603.4 588.1 577 545.4 533.4 528.4 520.8 511.5 500.7 495.2 491.4
661.5 649.6 639.5 631.5 626 621.7 618.7 610.7 604.2 602.2 608.5 610.6 614 619.5 624.8 632.8 643.9 656.6 675.4 689.5 696.3 701.6 704.4 706.6 707.3 705.7 702.7 692.2 662.1 644.6 628.1 611.7 599.7 588.7 576.3 565 554.7 545.6 539.8 530.7 535.4 537.2 539 541.9 547.2 550.8 555.5 569.1 577.2 583.6 591.6 605.1 617 619.7 610.2 615 621 624.4 629.2 626 620.7 618.9 620.2 622.1 620.8 616.1 613.3 603 590.7 567 543 536.4 530.2 522.9 515.5 504.5 497.1 493
675 658.6 648.8 640.4 632.2 627.1 623.9 618.4 612.2 612.8 617.8 620 621.3 625.5 630.9 639.6 650.9 668.2 690.1 702.5 707.8 709.3 711.3 712.4 715 714.3 706.5 690.1 661.3 643.9 627.3 612.6 600.6 588.8 577.2 565.4 556.6 548.3 540.3 539.4 542.8 544.7 547.4 549.1 553.2 557.9 566 578.6 586 595.4 605.1 615.3 623.5 627.7 621.9 620.7 625.6 638.4 642.5 637.7 625.5 625 623.7 626.6 625.1 620.2 609.3 596.8 580.4 556.2 548.1 542.6 535.6 527.3 521.6 506.5 499.2 494.4
683 667.8 656.1 649.2 640.3 634.1 630.3 626.6 622.3 621.7 624.6 626.1 628.3 632.6 638 646 659 678.5 696.1 710.1 714.4 716.1 717.1 718.4 723 720.7 704.8 680.1 660.9 646.4 628.4 615.1 603.2 589.4 577.1 566.8 557.9 550.3 542.5 548.7 550.5 551.8 553.2 555.1 559.8 568 577.5 587.9 593.8 607.3 618 620.9 629.8 632.1 629.3 627 634.4 646 646.4 639.2 629.3 633 635.4 633.5 630.5 623.8 604.7 589.4 572.8 570.5 558.9 550.3 541 532.7 525.7 514.7 503.4 496.6
688.9 674.8 661.6 653.8 647.1 640.7 639.4 634.4 630.3 630.3 631.3 634.2 636.9 640.2 645.5 652.2 664.4 682.3 699.3 711.1 716.3 718.4 722 728 729.9 718.6 702.1 677.6 661.4 646.7 630.5 616.7 603.8 590.6 577.9 567.5 557.8 549.9 551.5 554 557.1 559.2 560.2 561.8 567.8 579.8 591.8 595.1 605.8 616.4 626.5 629 632.7 636.5 635.3 636.6 644.9 652.4 650.6 637.8 635.1 640.6 642.8 643 637.1 626.6 604.9 583.2 575 571.3 563.9 557.2 544.9 536.1 527.4 519.8 508.9 499.1
694.4 682.2 668 659.7 652 646.1 646.7 643 638.7 639.5 640.6 643 644.6 648.4 652.7 658.6 669.4 683.9 698.5 710.4 716.7 720.5 727.4 732 730.8 719.6 699.7 676 660.8 646.9 631.8 617.7 604.4 590.5 577.4 566.5 557.9 555.4 559.3 562.7 564.2 565.8 568.1 571.8 578.1 592.4 603.9 604.2 614.6 628.2 635.8 638 640 641.7 639.9 645.2 655.8 659.3 650.1 644.2 640.2 640.7 649.5 648.4 643.1 628.2 604.7 582.7 579.6 571.5 566.1 559.4 550.5 540.6 530.5 523.5 510.5 503.1
700.3 686.8 675.5 669.9 658 652.8 653.8 651.9 649.4 648.1 649.3 650.6 651.4 653.7 659.9 664.4 673.9 685.9 699.3 711.7 717.8 721.6 728.8 736.8 735.2 720.7 702.6 678.5 662.8 645.7 631 618.2 604.6 589.7 577 566.7 559.3 562.7 565.5 570.4 572.9 574 579.2 584.8 590.7 604.1 609.1 615 626.8 643.3 652.2 650.3 646.4 647.9 651.6 657 658.6 658.8 654.4 652.8 648.1 646.4 647.9 647 643.2 631.5 599.8 586.3 582.4 574 567.9 559.8 552.4 545.5 531.9 520.4 517.2 509.8
707.9 691.4 681.5 675.5 668.1 661.7 661.6 659.6 658 656.2 656.2 657.9 658.6 660.7 663.5 668.8 677.5 690.2 701.4 712.5 718.5 722.8 727.9 730.6 728 717.3 706.9 685.3 664.1 646.1 631.9 619.8 604.4 589.6 575.3 568.6 567 570.6 574.6 579.2 582 585.2 589.8 595.6 603.5 612.9 621 629.5 642.7 656.2 663.6 659.3 651 652.5 659.1 668.2 665 661.8 659.5 655.4 650.3 648.9 642.5 640.9 633.2 626.6 601.4 591 585.4 579.3 569.5 561.5 552.1 543.3 535.4 530 524.7 517.4
718.1 696.9 690.1 684.4 677.4 674 671.3 669.6 668.4 666.8 664.3 667.6 668.1 668.8 668.3 674.1 681.7 691.8 701.4 710.3 715.8 721.2 722.3 719.9 714.8 713.1 706.2 690 665.8 645.4 631.2 618.1 601.9 587.1 576.5 571.3 576.5 579.1 585.3 590.1 593.9 598.4 602.4 612 621.1 630.8 636.4 646 657.6 668.9 674.6 668.1 659 657.9 667.9 673.4 671.7 667.9 660.9 660.5 654.6 650.8 638.8 629.4 622.3 608.5 601.1 591.3 583 579.8 571.3 563.9 557.8 545.8 540.5 539.7 529.1 523.2
723.1 710.5 697.2 691.7 694.6 685.2 679.9 678.4 676.1 674.3 675.6 677.3 677.2 675.7 675.1 679 687.7 693.6 700.8 707.5 712 717.8 716.7 709 706.5 706.6 703.1 690 665.1 646.6 629.5 616.4 599.2 587.1 582.2 583.8 586.3 590.9 596.5 601.3 608.8 614.8 621.9 632.9 640.7 651.5 656.3 660.8 668.1 679.5 681.3 674.7 666.2 668.5 673.6 677 674.7 670 663.1 659 654.9 649.4 635 620 612.4 606.2 600.1 592 584.2 581.4 576.6 567.5 561.2 555.2 545.2 540.7 535.6 528.9
733.8 722.2 709 704 702 695.1 691.4 690.2 689.3 685.4 685.3 683.7 682.9 681.9 681.9 684.6 690 694.5 698.2 701.4 704.9 708 703.7 700.3 700.3 698.7 696.9 685 664.3 646 629.8 616.3 600.6 592.9 593.5 596.3 598.2 605.4 611.8 617.7 624.2 634.4 647 656.8 663.7 669.5 676.5 679.2 679.7 685.1 688.2 685.2 675.7 678.4 678.9 681.2 677.5 672.5 665.3 658.5 651.6 645.3 633.3 619 615.7 608 599.1 592.4 590.5 583.9 579.5 575.5 566.3 559.8 551.4 543.8 538.6 528.4
743.5 728.8 723.9 718.1 711 704.5 700.3 702.7 700.3 698.4 694.5 692.5 688.8 687.3 687.4 690.1 691.9 694.3 694.3 695.6 696.5 695.1 692.1 692.7 694.4 695.3 691.6 677.3 662.2 645.1 633.4 618.5 608.4 607.2 605.8 609.5 615.3 624 629.7 635 643.1 655.4 673.4 684.8 691.9 691.6 694 690.2 690.4 692.2 696.7 697.6 687.3 683.9 685.5 688.8 682.2 676.6 669.9 661.6 650.9 639.7 628 622.7 618.3 606.4 599.3 598.3 593.8 588.7 586.7 582.8 574.7 568.2 562.3 548.2 538.3 528.7
756.8 746.1 739.4 728.1 724.8 719.4 710.6 711.4 711.5 711.3 710.6 701.2 695.7 692.3 692.1 695.6 692.7 691.6 689.2 686 686.9 684.3 682 686.7 689.3 689.9 681.6 673 661.3 646 636.6 627.1 622.6 620 621.3 626 631.7 640.5 647.6 653.8 666.4 682.2 693.7 703.9 708.2 709 709.4 705.3 701.6 706.4 710.2 707.3 694.6 688.8 689 697 687.9 677.6 672.4 660 649.8 641.7 631.7 628 622.2 610.7 604.6 600.1 595.9 593.3 591.3 586.2 578.4 571.6 563.1 551 539.4 539.9
769.6 758 746.5 739.8 737.3 732.9 722.7 719.4 721.6 719.6 718 708.8 702.4 700.4 700.4 699.8 691.6 684.3 671.7 677.2 674.1 673.7 673.4 676.9 677 678.2 676 670.8 665 654.8 644.5 638.8 636 636.6 639.4 644.8 652.9 658.5 667.7 680 693.1 702.3 710.7 718.5 722.9 724.3 725.1 720.6 716.8 719.3 722.9 713.1 703.7 699.8 698.1 698.8 692.7 684.9 671 660.8 661 649.1 636.7 632.8 625.1 616 607.8 602.6 599.4 598.1 595.5 590 581.5 571.6 558.9 553 549.3 548.6
786.3 773.8 760.1 752.8 748.7 741.6 734.5 728.5 729.5 726.6 721 713.4 709.9 702.6 698.7 696.2 688.5 672.2 659.3 659.9 662.4 662.3 663.4 667.4 666.8 671.6 671.6 671 671.4 668.3 656.2 654.6 654.8 657.3 661.1 667 671.6 685.1 693.6 700.8 711.6 718.7 724.5 729.6 736.7 740 737.8 733.9 733.1 729.8 730.8 724.8 719 713.6 706.2 700.6 696.8 685.2 674 671.9 670.3 653.7 642.5 637.6 628.8 617.5 611.9 606.5 602.6 600.8 599.7 592.9 579.3 571.5 572.1 567.2 559.8 555.7
797.3 789 778.1 766.8 757.1 747.5 741.8 736.3 736.6 731.1 723.3 719.6 716 707.8 690.7 687.5 681.6 655.2 641 650 650 648.1 653.8 656.7 660.9 666.8 670.9 671.5 675.6 676.6 672.3 673.9 679.6 685.8 690.4 688.3 693.1 702.8 714.5 721.5 726.4 733.5 737.2 744.8 751.7 755.5 749.4 744.5 743.9 738.6 735.3 733.6 731.8 721.9 711 707.5 700.5 687.9 680.8 681.1 668.2 651 650.2 643.2 629 619.6 614.9 608.9 603.5 600.8 601 589.5 587.8 583.1 579.2 573.9 569.1 562.6
804.2 798.9 786.4 775.4 765.1 753.5 744.5 737 733.6 728.4 725.1 722 716.8 704.8 686.3 679.9 667.8 644.8 631.9 634.7 634.1 634.3 641.7 646.5 654.2 662.4 669.6 671.7 678.5 682.6 684.3 691.7 705.6 717.8 722.9 721.9 717.6 723.5 733.9 741.4 748 751 751.7 757 763.7 766.3 758.4 750.7 749.5 743.8 739.3 736.4 731.8 722.1 714.6 710.9 705.7 693.8 688.9 684.7 668.5 656.5 651.7 643.7 629.6 622.1 618.4 611.5 605 599 601 596.7 593.2 590.5 585.8 581.2 575.6 570.2
807.5 802 789.3 776.7 766.2 755.9 747.2 738.1 727.9 722.1 721.7 720 711 693.1 680.3 674.7 641.5 629.8 626 619.7 620.9 620.8 627 632.6 642.7 657.1 664.9 671.2 679.6 686.2 696.9 712.8 724.5 734.4 743.8 749.3 746.8 748.7 750.9 756.6 761.9 767.2 768.8 767.6 771.9 771.1 765.3 759.7 756.8 749.9 743.8 737.6 730.1 723.4 717.9 714.5 710.2 700.1 697 690.9 674.1 663.3 654 641.3 631.7 627.4 622.7 618.4 613.8 608.5 603.8 601.7 598.3 594 590.6 586.5 581.4 576.1
807.4 799.3 789.3 777.2 765.6 756.5 745.8 735.1 721.9 714.6 713 695.9 686 679.5 668.1 664.9 645.2 627.9 619.1 610.9 620.3 608.6 616.9 622.4 628.5 652.2 662.9 673.2 681.2 690.9 707.5 721.5 733.9 746 757.9 764 767.5 772 772.9 775.4 776.2 778.7 777.2 775 776.8 774 768.8 765.6 761.9 753.6 745.7 738.6 733.1 729.9 722.4 717.4 711.4 704.6 701.5 695.8 680.5 665.3 650.1 645.1 638.1 633.3 628.9 625.3 623 615.7 610.6 606 602.2 599.4 595 591.3 586.1 580.8
806.3 798.1 790.9 779.7 768.2 755 740.6 726.4 711.2 702 691.2 679.9 671.6 671.6 658.5 650.9 637 633.1 615.7 607.7 611.4 598.9 601.1 616 620.3 644.2 663.1 673.1 683.8 698.3 714.7 729.8 740.2 751.9 761.5 771.5 779.7 784.8 788.6 790.8 788.8 785.9 783.6 780.8 781.2 777 772 770.8 763.5 754.9 746.4 739.2 736 731.6 727.1 722.3 717 709.3 706.3 700.8 682.5 668.6 661.9 655.6 648.6 638.8 633.6 630.8 627.5 623.4 617.1 612.7 608.7 603.9 599 595 590.5 584.6
806.7 799.1 791.3 780.8 768.7 754.4 737 721.2 711 692.2 677.2 665.3 669.8 658.3 646.6 635 633 627.7 616.8 602.2 589.1 584.7 591.5 607.3 614.1 642.6 662 673.8 687.6 700.8 718.2 730.2 740.9 751.6 763.3 776.2 784.9 791.5 793.6 794.4 791.9 790.8 788.5 785.3 782.6 779.5 774.9 769.4 762.9 754.1 746.3 741.6 738 732.3 729.9 729.2 725.6 718.5 711.7 694.6 689.7 684.8 678.8 665.9 658.3 649.7 642.1 639.8 633.5 629.4 623.6 619.3 614.7 609.3 604.1 598.2 593.7 589.3
805.5 799.4 791.9 780.6 767.6 751.7 730.2 717.4 704.2 687.7 669.7 660.9 654.5 649.2 623.9 628.6 627.2 622.6 610.3 597.8 580.2 581.9 589.3 592.8 612.9 639.5 662.1 673.2 690.5 704.3 720.3 732.1 741.1 753.9 767 778.5 786.7 791.2 792 795.2 795.3 792.7 790.3 788.1 783.4 778.9 773.7 767.8 762.2 753.9 747.9 743.3 738.9 734.1 730.6 731 730.1 719.9 709.5 709.7 706.3 699.3 690.2 678.4 668.1 661.4 651.7 645 642.9 637 630.5 626.8 620.6 613.7 607.8 602.1 598.4 593.8
802.7 798 791.9 780 766 748.6 727.1 716.8 700 683.8 665.2 655.7 647.4 634.8 619.7 616.7 615 613.1 608.2 599.2 576.5 570.9 579.1 592.1 612.1 638.4 659.9 669.5 684.6 701.8 720.9 731.9 743.5 755.7 768.1 777.9 784.1 787.9 790.2 793.9 796.6 793.9 791.4 787.5 782.5 777.4 771 766.6 761.4 754.9 749 742.4 739.3 736 736.1 733.1 728.7 725.9 724.3 721.9 716.5 710.6 700.6 692.3 681.9 674.4 662.4 654.4 652 645.6 640.1 633.2 626.3 619.9 612.5 606.5 601.8 597.9
801 796.5 790.1 780.1 765.9 743.2 723.5 711.7 691.3 674.4 658.8 650.1 639.3 618.7 608.1 599.6 609.7 607.8 601 589.8 569.7 559.5 575 595.2 620.1 640.7 655.2 671 683 701.8 721.2 734.1 745.2 755.7 765.9 774.4 780.8 784.2 789.3 793.4 794.7 792.6 790.2 785.7 780.3 775.1 769.9 765.5 761.7 755 748.8 742.5 739.7 738.7 737.4 734.5 731.7 733 730.8 727.3 721.7 715.3 708 699.5 690.4 681.8 672.2 666.7 663.7 655.7 647 641 634.2 626.5 618.9 612.1 606.3 602.5
796.6 793.2 787 777.9 765.8 736.2 718.4 703.2 682.4 668.2 654.9 644.2 629.2 615 608.1 601 595.7 599.9 594.5 583.2 559.2 551.1 576.3 598.7 620.9 637.5 655.8 667.8 684.6 695.9 720.2 734.8 744.7 754.2 762.8 769.4 776.2 779.4 786 790.6 791.3 790.4 789.6 784.8 779.4 774.2 769.3 764.6 761.2 752.2 747.1 743.7 740.7 740.1 739.3 738.3 735.9 738.5 738.3 730.4 725.3 720 713.4 705.5 695 686.9 681.5 676.6 673.3 667.1 658.2 650.3 643.3 634.2 625.4 618.1 610.8 607.2
791.4 788.8 783.6 774.1 760.6 735.2 714.7 699.5 678.9 664.7 651.7 644.2 626.8 609.8 604.2 593.9 591.4 583.9 573.9 561.5 549.5 554.5 572.9 596.5 625.7 636.4 649.8 669.1 692.4 698.1 719.6 732.6 741.7 749.7 759.2 766.5 772.6 778.6 783.7 785.7 786.7 786.8 786 782.6 777.8 773.6 768.7 764.1 760.6 751.8 748.4 745 742.7 741.1 741.4 740.4 738.6 739 741.1 735.5 728.3 723.5 718.9 711.3 701.6 693.8 691.2 687 683 676.6 667.9 660.2 652.6 643.8 632.8 623.1 616.4 612.5
783.5 781 777.4 769.4 754.6 736.2 712.1 695.7 677 660.9 649.3 637.7 619.5 604.6 593.8 591.1 582.5 570.9 555.8 554.3 539 559.1 579.7 604 623.4 636.3 656.3 676.1 692.7 701.8 717.8 730 738.5 746.8 756.2 764 769.9 775.5 778.2 778.7 780.8 780.5 781.4 778.9 774.9 771.4 768.5 764.3 760.3 754.4 750 746.8 744.3 742.7 743.4 741.7 739.1 740.5 739.3 735.3 729.5 724.6 719.7 713.6 706.5 703.3 700.5 697.4 692.3 684.7 677.4 669.4 661.5 653.3 641.3 631 622.4 618.6
771.5 771 768.4 762.5 749.8 736.6 707.5 688.4 674.6 655.8 644.9 630.6 610.5 600 593.4 583.4 577.2 560.1 548.6 539.7 541.3 558 580.7 602.7 626.2 646.5 663 680.6 691.1 701.9 716.7 727.8 735.8 743.5 753 761.2 766.4 769.5 772.3 770.7 773.3 774.1 774.5 774.3 772.2 769.6 766.5 762.7 760.9 755.8 750.6 748.6 746.3 744.4 745.5 744.3 742.4 742.5 739.3 735.1 730.2 725.1 720.5 715.4 709.9 709.5 707.2 706.4 700.1 692.1 686 677.8 669.5 660.8 647.2 637 628.5 624.1
757.6 759.7 758.1 752.8 745.5 731.2 707.6 686 670.6 653.4 641.8 626.9 608.6 593.5 586.5 578.6 562.4 547.5 536.2 533.5 544 563.6 588 611.7 631.1 647.6 662.3 677.8 691 702.2 715.3 723.4 732.4 739.4 744.9 751.5 757.6 761.2 762.5 760.8 763.3 764.8 765.4 767.6 769 766 763.7 761.2 760 753.5 749 748.7 748.1 747.7 748.2 747.2 745.7 743.1 739.8 735.5 730.9 726.5 721.6 718.9 715.5 713.7 711.3 711.1 705.6 698.2 692.3 685.6 675.7 665.8 654.3 643.8 634.7 629.2
740.2 745.7 748.2 746.3 742.3 726.1 704.1 684.2 663.4 650.8 635.3 622.3 611.2 594.1 581.4 573 551.3 535.5 529.1 535.6 558.4 577.7 601.3 618.2 632.1 646.3 664.4 675.4 690.5 699.6 710.2 716.5 724.1 730.5 735.7 739.8 744.3 745.8 746.6 744.7 748.8 755.2 759.6 762.8 763.6 762.3 761 759.2 759.4 757.1 755.1 753.2 752.9 753.7 753.4 751.8 749.4 745.5 740.6 737 733 729.1 724.1 720.2 718.2 716.3 714.8 712.5 709.7 703.8 698.2 691.5 681.9 670.3 659 650 642.3 637
722.7 732.1 737.2 738.7 732.9 720.3 701.9 679.2 660.2 643.7 628 619.1 607.1 591.5 576.4 560 544.8 528.2 528.6 548.8 564.7 581.9 604.2 620.3 631.6 645.5 663.2 676.6 688.5 696 703.4 708.1 714.7 720.5 723.5 728.8 733.1 732.9 734.8 736.3 741.7 748.2 753.5 759.5 760.4 760 759.6 760.4 761.2 762.1 763.4 763.3 762.4 762.1 760.7 758.2 754.3 749.6 742.1 738.1 733.4 729.1 724.7 721.5 718.7 717.1 716.3 714 711.5 707.6 702.3 695.5 685.1 674.3 664 654.8 647.5 641.5
707.7 718.9 727 729.2 725.2 710.2 693.6 671.4 654.8 641.8 626.1 616.2 603.7 590.9 568.1 553.7 531 527.6 534.7 553.4 563.6 581.3 604.1 622.1 632.2 648.2 665.4 672.6 680.3 687.7 692.2 697 701.8 707.2 712.5 716.7 718.4 720.3 724.5 726.7 732.5 740.2 747.4 750.6 756 759.2 761.1 763.5 767.2 769.2 769.9 770 767.4 767.8 767.9 765 759.8 755.2 749.5 740.4 734.3 728.8 725.2 722 717.9 715.9 713.9 712.7 711.1 708.9 703.6 696.3 686.6 676.9 666.9 659.4 651.2 644.9
692.7 704 713.4 716.5 712.8 700.2 684 665.6 651.8 635.9 622.9 611.5 597.5 586.4 559.5 547.5 527.7 528 538.8 550.2 564.1 585.5 601.2 615.9 632 650.9 662.2 666.9 672.5 676.3 681 686.4 689.7 694.8 699.8 700.5 703.2 707.8 713.3 719.1 725.2 732.2 741.2 747.6 752.9 759.8 763 766.4 770 773.1 774.1 776.3 775.6 776.4 774.6 771.7 766.5 760.3 753.3 746.8 739 731.2 726 720.7 715.9 711.3 707.8 707.6 707.2 705.9 700.5 692.9 685 676.7 666.8 659.4 652 644.9
