STL Generation/terr50_gagg_gb/data/NN93.asc
ncols 200
nrows 200
xllcorner 290000
yllcorner 730000
cellsize 50
[rows 140 to 174 of 200, columns 0 to 77 of 200]
344.4 354.6 366 380.7 402.3 427 448.8 441.2 447.5 450.4 450.2 453.1 458 464.3 475.6 488.5 501.6 514.3 528.8 540.5 548.2 554.5 560.1 561.4 559.8 554.3 544 544.6 546.3 543.5 536 530.6 531.7 532.3 531.8 535.6 543.5 558.4 561.1 564.5 566.1 568.3 571.9 570.8 571.5 570.7 566.2 556.7 543.8 527.1 518.1 514 505.4 497.5 492.9 489.3 486.4 481.4 474.9 467.3 456.6 446.3 436.8 425.8 418.6 418.4 426.6 434.3 440.4 444.2 453.4 469.2 482 493.5 505.3 516.5 525.7 533.2
342.1 352.3 364.7 377.2 394.1 415.8 434.4 439.1 445.3 451.1 454.8 456.4 460.6 467.8 478.2 489.4 501.5 513 530 540.5 546.4 550.6 550.8 557 552.6 546.7 537.4 537.7 539.6 532.2 526.3 518.4 516.5 516.7 516.2 524.3 541.8 554.9 559.9 561.5 562.9 564.4 564.7 567.3 570.5 571.3 562.1 552.5 540.6 534.8 532.7 522.2 513.7 508.1 503.5 499.4 495.6 490.9 484.6 477.1 468.3 456.9 446 434.2 420.6 417.3 418.4 429.7 434.3 438.3 443 452.1 467.6 480.8 490.9 502.2 511.7 521.8
341.6 352.6 364 376.8 389.9 405.2 424.5 438 445.9 455.7 458.4 458.8 459.9 471.4 480.5 489 500.4 512.5 523.6 535 539.3 542 545.5 547.4 543.1 536.7 529.3 527.4 526.9 519.3 514.9 508.2 506.8 504.6 505.6 521.7 541.6 553.8 561.6 561.6 560.8 561 560 562.3 567.9 567.8 559.4 554.4 551.4 548.5 542.6 531.8 526.2 523.9 518.6 514.7 511 501.7 492.7 488.1 476.1 464.9 454.8 442.9 424.8 412.8 413 420.7 427.2 432 435.2 440.4 448 462 475.7 488 498.8 507.9
340.1 350.3 362.1 375 388.1 400.1 417.8 440.3 448.4 460.9 464.5 465.1 465.1 473 483.4 491.2 502 512 518.8 526.9 529.6 534.4 539.9 539.4 532.7 525.7 519.7 514.9 514 509 503.8 498.5 497.3 491.2 501 519.6 535.9 546.6 555.3 558.4 557.3 555.3 559 559.7 564.8 571.9 575.7 564.9 560.9 556.7 549.7 538.8 534.7 533.9 532.1 527.1 522.8 520.2 511.1 497.9 485.1 472.4 461.4 450.4 435.5 418.8 409.6 411.9 417.8 424.7 429.5 433.2 437.9 446.1 457.7 472.4 483.1 491
339.4 348.4 359.6 370.2 381.7 395.1 410.3 425.3 444.6 458.7 470.3 470.3 470.1 472.8 482.8 492.2 500.8 509.7 514.9 518.3 523.6 525.8 525.6 525.4 522.2 515.9 511.3 507.8 501.6 498.2 493.8 488.1 485.6 488.7 499.2 511.5 523 533.1 541.6 545.6 549.1 550.2 558 559.8 566.8 570.6 577.6 570.7 566.9 561 558.7 549.8 541.1 542.9 544.3 540 534.5 532.3 527.8 512.9 504.9 483.7 468.5 457.9 446.1 431.8 415.4 408.7 409.9 415.8 421.4 427.1 431.7 435.9 444.4 453.1 466.9 477.6
338.6 346.5 356.3 367.2 378 391.8 405.4 418.2 439.8 455.8 466.2 471.1 471.3 473.1 480 488.9 497.6 506.6 512.6 516 519.2 521.9 520.8 515.5 512 507.6 504 500.3 496.5 489.8 486 481 480.3 489.9 497.7 505.9 509.6 522.7 530.1 536.5 548.9 560.5 561 560.8 566.1 568.9 569.4 570.2 569.6 563.9 562.7 561.6 554.1 551.6 551.6 552.8 550.3 540.4 535.7 530.6 521.1 501.2 478.8 465 454.4 443.7 429.1 416.6 409.7 408.7 410.8 417.6 424.9 430.6 437 443.1 450.5 462.8
338.1 344.2 351.3 363.2 374.2 387.9 401.9 414.1 432.3 455.5 469.4 471.6 472.7 470.5 475.4 483.4 489.5 502.3 508.8 513.4 514.7 517.4 519 512.1 508.4 499.8 497.5 494 490.4 485.6 481.2 478.4 478.8 483.9 489.5 498.2 502.1 514.7 527.9 539.5 549.5 561.3 561.5 561.8 565.8 567.8 567.9 567.5 566.5 561.9 561.2 562 561.3 559 557.8 558.7 562.2 559 545 535.8 531.4 522.8 492.1 475 462.2 451.1 439.3 426.9 415.5 408.6 408.5 409.7 416.5 423.7 429.5 435.6 442.8 449.7
336.6 341.9 349.5 358.7 369.6 380.6 394.4 411.1 427.6 444.9 460.3 466.2 467 467.7 467.4 474.8 482.4 493.5 502.2 510.4 510.2 509 512.5 510.8 510.4 500 490.8 488.6 485.3 482.7 479.4 474.9 476.5 480.1 487.2 493.7 498.7 515.3 527.7 534.5 543 553.2 560.3 562.5 563.1 564.4 563.7 559.8 560.6 552.7 551.3 556.5 560 561 560.8 560.5 559.3 558 550.9 538.4 529.6 523.8 509.9 487.1 471.7 458 449.5 436 425.8 414.8 408.8 407.8 408.9 414.7 421.9 429.8 436.8 443.2
334.6 339.7 347.6 356.5 365.6 377 389.2 404.4 417.3 430.2 442.4 451.1 456 460.8 463.6 467.3 475.8 487.1 495.8 500 504.7 504 507.7 507.1 501.5 499.4 490.4 484.3 482 479.3 476.3 471.8 478.1 478.1 481.6 486.4 494.4 506.2 517.1 526.2 539.6 549.5 555.4 559 560.1 559.8 558.1 552.2 543.6 538.9 539.6 547.1 559.8 561.4 561.4 560.5 559.3 554.6 546.5 538.3 526 519.5 510.4 498.3 486.9 467.7 455.4 445 436 427.4 418.8 408.9 400.6 407.6 415.5 423.2 430.3 437.2
335.2 339.2 345.1 352.8 361.9 373.9 385 396.9 410 420.1 429.6 439.2 447.3 453.9 459.3 462.6 466.3 480.7 492.4 494.4 498.6 500 502.1 503.4 500.6 493.1 485.9 481.1 479.2 476.4 473.1 471.8 471.8 474.4 479.7 483.7 490.7 503.1 514.8 526.3 539.9 545.4 550.5 551.5 550.9 550.8 550.3 544.1 534.7 533.9 535.7 542.3 551.6 560.6 562.9 563.5 561.1 561 550.7 543.1 532.7 524.1 513.8 502.2 493 480.4 463.7 451.6 443.6 434.3 426 417.4 401.7 400.9 408.7 415.8 421.5 429.7
338 340.6 344 350.5 358.2 369.5 380.2 390.9 401.5 412 422 431.5 440.8 447.9 453.1 457.2 461 467.6 479 487.4 495.1 498.8 499.9 500.8 497.9 490.2 485.3 479.3 478.3 474.6 471.4 471.8 471.8 477.5 480.6 482.9 487.4 496.9 510.2 523.6 534.3 542 545.8 547.5 546 544.7 543.7 535.9 528.8 530.2 534.3 540.3 554.1 562.9 567.9 568.6 564 560.1 555.7 550.5 541.1 534.3 525.9 511.6 495.4 487.4 476.8 458.8 449.5 439.2 432.1 424.7 414.7 399.7 401.4 407.7 414.5 424.3
340.5 340.7 344.1 349.2 355.3 363.9 374.1 385.9 397.1 406.4 414 423.1 433.5 442.1 447 452.5 455.5 460.6 467.7 480.7 495.6 499.5 500.8 499.3 495.1 490.9 489.6 488.6 480.4 475.8 470.1 470.2 471.8 478.4 480.7 482.5 486.1 493.1 497.6 512.6 524.5 532.5 537.3 540.1 541.6 538.2 537 527.7 524 528.8 530.2 540.5 554.1 562.6 570.2 569.2 564 560.3 555.8 551.1 543.5 537.8 531.8 521.7 509.5 492.6 478 469 457.9 445.4 436.1 429.4 421.7 411.7 398.7 398.9 407.2 416.5
340 340.9 344.3 349.2 354.5 360.9 371 380 390.2 398.5 406.7 415.5 425.9 434 441.6 448 452.6 455.2 459.9 471.6 486.9 494.6 500.3 507 502.1 496.3 493.9 492.1 486.9 479 472.6 469.1 470.9 477.3 481 482.4 486.5 491.1 492.9 499.6 508.4 517.1 522.2 528.8 533.2 529.8 525.4 519.9 519.5 526.3 530.7 537.3 550.8 560.4 565.2 564.8 561.2 559.5 558.9 551.5 544.9 538 532.3 525.9 519.6 512.4 489.9 470.1 461.8 452 441.7 434.7 427.5 420.3 410.9 398 394.3 405.3
341.7 343.9 347.7 350.2 354.2 359.8 367.2 373.7 382.8 392.7 400.7 408.2 417.8 425.7 434.3 440.5 446.4 451 456.1 464.7 477.2 485.8 492.8 509.7 518.1 513.9 499.5 494 490 482.3 480.7 472.5 468 469.6 473.5 474.4 477.7 482.3 487.4 490.9 498.4 502.3 509.5 516 521.2 520 521 519.6 519.5 527.1 532.8 538.8 549.6 557 560 561.1 559.9 559.8 560.7 550.7 540.8 536.9 532.5 527.8 521.1 517 505.7 482.5 462.9 454.8 446.5 439.5 432.9 425.3 417.4 406.5 389.4 390.4
347.8 348.8 349 350.1 354.8 360.7 365.2 371.3 379.9 388.6 396.5 403.3 410.8 418.1 426.8 432.7 440.4 446.1 453 461.5 474.6 483.2 498.8 510.3 514.8 519.4 516.2 497.8 491.1 484.4 481.4 477.3 463.2 460.9 464.9 467 470.8 476.2 481.6 486.5 491.2 492.1 499.3 503.1 509.4 511.5 516.3 519.5 520.4 531.3 536.1 543.4 550.4 556.5 561 560.7 557.3 552.8 552.7 549.5 539.2 533.2 531 526.1 520.1 515 508.9 495.7 474 460.4 449.3 443.4 437.5 429.5 423.4 414.7 404.3 391.5
351.8 352.1 351.4 351.9 355.1 359.5 364.7 369.6 379.7 385.2 391.6 398 404.5 412.1 420 427.3 435.5 441.5 448.9 462.6 477.6 486.6 500 510.5 509.1 509.2 508.9 499.6 491.8 484.4 475.3 467.9 461.3 457.1 460.9 463.1 465.4 471.5 476.9 482.4 488.4 491.7 497.1 501.4 508.7 510.6 515.1 519.6 525.9 533.2 539 544.1 548.6 554.1 559.3 560 551.7 550.5 544.2 540.3 531.6 525.8 523.3 519.9 515.3 508.6 503.4 495.3 483.8 467.6 452.5 443.6 436.2 433.9 429 420.1 412.5 402.1
354.6 354.9 355.4 355.4 356.8 359.4 363.6 369.9 376.5 381.3 387.2 393.8 400.4 407.9 415.3 423 430.5 437.5 446.1 463.5 478.8 483.4 501.9 510.7 510.8 508.4 503.6 502.9 496.8 483.7 470.7 461.6 455.7 449.8 453.6 458.6 461 469.8 474.7 479.4 485.7 490.6 496.4 504.2 510.2 513.9 519 523 527.7 533.8 540.6 545.9 549.5 558.4 559.5 552.9 548.4 549.2 542.1 533.8 524.1 514.5 511.4 510.1 505.4 500.7 493.9 489 481.7 473.4 459.1 445 435.7 433.4 431.8 428.7 416.9 406.2
357.3 359.7 360.7 360.1 360.6 361.5 364.7 369.5 374.9 379.5 384.4 390.2 396.9 404.3 411.4 419.3 427.2 435.8 444.5 456.8 469.7 482.9 503 511 511.2 509.6 507.5 509.1 504.9 491.6 477.8 460.6 451.1 443.9 446.7 450.6 455.1 461.7 467.4 474.4 483 489 496.1 506.9 517.4 523.8 529 532.6 538.2 539.5 541.4 544.7 548.7 551.2 551.8 548 541.4 537.8 534.3 529.1 520.5 513.2 502.9 497.9 492.4 492.8 491.1 489.3 484.6 478.4 468.2 455.2 440.1 431.2 430.7 430.6 422.5 412.3
362.9 364.9 366.1 365.7 365.6 366.6 369.1 371.2 375.3 379.5 383.7 388.8 395.1 401.9 409 417.3 425.8 435.1 444.6 454.2 466.7 480.8 490.9 503.7 507.6 507.5 508.8 514 513.1 503.4 489.1 466.5 451.4 441.7 440.6 441.7 448.3 453.6 460.9 466.8 478.3 489 500 512.2 525.6 536.3 542.3 544.6 546.3 544.2 540.8 540 541.8 541.6 542.1 538.1 534 528 521.1 519.1 512 504.9 497.9 492.1 488.9 489.9 490.9 490.9 486.4 479.6 468.9 459 449.4 436 429.2 429.2 424.5 416.5
369.8 370.7 371.2 370.9 370.9 371.2 372.9 375.8 379.7 381.3 384.4 388.7 394.1 400.1 407.3 415.2 423.5 432.8 443.2 454.7 464 476.8 488.7 499.9 499.7 503.9 514.6 521.2 517.9 503.4 494.1 472.8 451 439.6 434.2 437 442.2 448.7 457.7 465.4 479.7 495.2 509.8 522.1 533 542.3 549.9 551.7 550.6 547.4 540.6 530.2 529.4 527.3 524.9 525.2 521.3 517.2 511.6 505.4 499.5 494 489.4 482.8 485.8 489.1 489.8 490.9 486.8 478.1 470.1 461.7 450.3 441.2 431.9 421 420.7 417.6
374.3 376.1 376.6 376.8 376.8 376.8 377.8 378.9 380.8 383.7 386.2 389.5 394 400.1 406.1 413.7 421.7 430.1 442 456 463.9 472.7 482.3 492.5 494.2 505.6 518.3 517.2 506 492.7 483 463.4 447.7 436.5 430 431.1 438.2 445.9 457.8 469.3 481 498.7 515.7 530.6 541.9 548.7 552.3 556.3 553.4 548.5 541.3 534 524.3 510.8 508.2 508.3 504.5 502.1 497 493.5 487.4 482.1 476.8 473 479 483.2 485.9 484.2 481 477.8 469.8 463.7 453.7 443.7 434.2 424.6 413.4 410.8
381.5 382.7 383.6 383.6 382.8 381.7 381.9 382.3 383.8 385.3 389 391.5 395.8 400.3 405.4 413.2 421.3 430.6 443.2 454.9 465.9 470.9 476 481.4 488.5 498.1 507.5 504.6 491.9 480.5 464.6 452 437.8 431.1 424.4 429.2 436.3 445 457.6 471.8 484.1 498.6 518.2 537 547.6 551.8 556.9 558.8 553.7 548.3 540.9 535 528.8 516.9 502.9 493.3 491.7 489.7 484.8 479.4 474.5 469.9 465.5 463.7 465.2 469.6 475.1 476.4 472.8 468.7 463.4 457.9 451.3 442.1 430.7 422.4 414.4 403.5
388.7 390 390.4 389.7 388.1 386.9 385.4 385.9 386.7 388 389.3 392.4 396.7 401.4 409.3 414.5 424 434.1 446.8 458.1 467.7 472.9 478 479.6 481.8 486.7 485.4 484.3 474.7 463.2 450.9 438.8 428.1 422.8 420 426.8 434.5 445.2 457.5 471.3 486.7 502.8 523.7 537.1 546.3 551.9 556 554.9 549 541.4 537.4 534.3 528 518.5 509.4 499.1 488.3 478 473.5 468.8 462.2 457.4 453.7 453 451.4 451.6 453.6 455.2 458.1 459 455.2 449.9 443.6 433.9 426.8 420.4 413.6 404.5
396.3 396 396.2 396.4 394.8 393.6 391.3 390.4 389.9 390.6 392.1 393.9 397.1 401.4 409.2 415.1 424.6 436.3 447.5 459 470.2 477.9 484 491 486.7 477.5 468.9 464.5 460.8 453.3 442.5 429.8 418 411 417 425.1 434.9 447.3 461 478.7 490 502.3 521.4 533.1 542.5 547.9 547.7 546.4 543.1 535.7 533.9 532.1 529.5 522.7 515.3 505.8 494.6 483.4 468.9 459.8 454.1 448.6 444.1 440.9 441 438.8 438.8 441.4 449.4 451.8 447.2 443.9 437 428.6 421.3 415.2 409 399.9
403.3 402.5 403.1 404.2 402.8 401.2 399 396.1 394.6 393.9 394.7 396.5 398.3 401.2 407.1 414.5 422.8 433.5 445.7 457.8 469.4 479.5 489.8 503.5 496 477.9 463.1 456.5 452.4 444.9 434.6 418.3 409.8 403.2 413.1 421 434.6 450.4 468.8 488.1 501.7 509.1 510.1 522.5 530.3 534.5 533.6 534.1 530.3 527.9 529.2 528.9 526.9 523.4 519.7 514.1 503.8 484.9 471.1 461.5 451.3 442.9 434.8 430.4 432.2 433 433.5 434.3 441.7 440.3 441.1 437.2 432.2 424.7 416.5 408.6 400.6 392
411.5 411.1 411.8 412.4 410.7 408.8 406.8 403.5 399.5 397.9 397.4 399 399.9 401.8 406.1 412.5 420.5 430 443.1 455.2 467.4 479.6 490.3 499.5 498.3 489.4 467.9 453.4 442.9 435.6 425.5 413.4 402.4 399.6 408.3 417.4 431.9 445.7 462.7 481.3 496.9 507.7 501.4 504.3 510.4 518.3 521.6 518.3 518.8 520.6 521.8 523.4 521.4 520.8 518.7 513 504.7 491 476.7 463.2 454.2 446.8 439.1 428.6 422.3 426 426.9 427.4 430.6 431.7 434.7 433.9 430.2 421.1 410.3 402.8 394.7 385.3
422.6 424.1 420.6 421.7 419.7 417.7 414.7 411 406.3 402.6 400.7 400.7 400.3 402.1 405.2 410.6 419.2 427.1 438.8 451.9 464.7 478.9 491 499.6 499.1 490.8 481.6 460.6 443.7 427.5 419.4 410.4 400 398.3 403 413.6 426.6 440.5 453.7 470.7 482.1 487.8 494.8 494.2 499.2 502.1 505.2 510.1 512.8 513.7 514.8 517.8 519.8 520.8 518.6 510.3 501.8 491.8 482 466.2 455.3 448.1 441.5 433.6 421.2 416.6 417.8 418 421.9 423.2 425.6 426.5 422.1 415.1 408.5 399.6 390.1 376.7
435.9 437.3 435.3 433.2 430.7 426.9 423.5 418.5 413.1 409 405.2 403 401.6 401.9 404.7 409.1 417.4 425.6 436.2 449.2 464.1 478.3 490.8 495.5 494.7 489.4 480.2 461.2 444 427.4 414.5 405.7 399.8 398.2 399.3 408.4 418.5 432.9 444.8 456.4 466.9 474.8 481.7 484.7 486.5 492 496.4 504.9 507.9 509.2 509 516.1 519.8 521.1 520.8 512 502.4 492.5 481 467.9 458.2 451.1 443.9 435.4 425.1 411.5 408.7 404.4 409.6 413.1 414.6 415.1 408.8 406 401.5 395.1 386.8 369.9
444.2 445.8 445.3 444.2 442.7 437.3 432.7 426.9 421.4 416.4 410.5 405.8 403.6 402.9 405.4 408.7 415.1 422.7 433.9 447.9 463.5 477.2 487.4 491.1 491.9 485.5 474.7 454.2 441.9 425.8 413.9 404.6 398.3 394.5 395.8 403.1 413.4 423.8 432 445.2 457.4 464.6 467.7 472.8 475.2 484.7 492.7 501.6 504.4 507 510.3 516.4 520.8 520.6 518.9 509.7 499 487.8 479.3 472.5 464.3 456.3 446.8 437.6 426.7 417.3 407.8 399.6 389.7 396.7 400.1 399.7 396.2 396.2 392.9 387.4 381.6 365
454.4 458.1 456.6 456 454.5 450.3 444.7 438.8 431.7 425.2 418.3 411.6 407.1 405.1 405.9 408 412 419.3 430.3 446.1 464.7 477.8 485 489.9 490.1 477.8 464.6 452.1 442.5 428.3 411.6 402.6 393.9 390.2 392.5 400.4 406.5 415 423.1 434.9 449 456.8 459.3 469.8 480.8 484.8 489.7 498.1 502 505.9 509.4 511.7 515.7 519.6 519.1 509.6 495.1 488.3 485.1 480.8 472.3 460.4 451.8 441.3 433 420.2 408.8 399.4 390.7 379.5 383.5 384.1 385.3 386.6 383.8 380.4 372.4 356.3
461.9 464.7 465.2 468.6 466.6 463.3 457.6 451 444 436.5 428.8 419 412.2 408.3 405.4 404.6 409.2 415.2 426.1 441.9 461.9 479.6 487.1 489.6 481.1 470.1 463.6 455.7 445.7 432.8 416 403.8 389.8 389.7 390.2 396.6 401 408.2 416.3 419.8 434.3 452.5 465.8 475.3 483.5 490.6 492.4 498.8 500.7 504.6 507.9 509.6 511.7 519.5 520.8 511.6 500.2 495.9 491.4 485 476.7 469.6 460.2 449.5 441.5 426.6 413.6 399.9 391.1 385.1 368 373.5 376 377.9 376.3 373.1 365.7 346.6
465.3 470.5 473.7 480.7 477.7 472.8 469 463.5 455.3 449.4 441.8 429.4 418.9 411.5 404.1 401 405.2 411.7 420.7 438 455 470.6 480.8 489.1 486.3 472.4 467.1 460.4 448.7 435.4 422.3 411.3 399.1 389.4 389.8 391.5 395.9 402.3 410.9 419.8 431.1 446.7 461.6 476 482.1 488.3 493.9 501.2 502.2 505.6 508.4 512.7 516.2 519.1 519.5 511.3 504.6 500.6 495.5 488.8 481 471.1 465.8 456.3 445.7 432.6 418.3 402.9 391.4 381.9 372.3 361.6 365.1 366.1 367.4 365.2 357.8 339.2
466.9 476.8 482.7 490.8 489.9 488.9 480.4 476.4 469.4 461 455.6 443.5 426 413.3 404.5 399.8 400.8 406.5 415.5 429.3 447 458.8 462.2 471.7 476.3 472.9 475.9 471.5 458 444.8 429 418.6 408.7 390.9 387 389.3 393.4 401.1 408.7 416.3 425.5 440 456.3 474.9 487.3 491.4 496 502.6 506.7 508.8 510.9 518.7 521 520.6 520.3 512.1 505.1 499.4 494.4 490 482.9 480.2 477.6 465.9 453.6 438.6 421.6 408.1 394.1 382.5 372.3 362.9 348 349.3 354.9 355.2 352.1 334.8
473.7 486.2 492.7 497.5 506.1 503.6 493.5 486.3 477 469.4 473.5 456.5 443 423.6 407.2 399.9 399 403.1 411.4 420.8 434.2 448.2 453.9 464.8 468.5 479.9 484.9 480.5 466.8 448.8 440.2 430.2 409.3 397 381.2 382.8 391.1 398.7 406.1 413.7 421.8 432.9 449.1 468.2 485.2 495.8 502.7 510 512.4 512.9 516.1 519.6 520.2 520.4 517.9 510.9 502.7 496.5 491.3 487.4 480.7 481.9 481.8 475.6 460.2 444.4 425.1 408.2 392.9 381.6 371.9 366 358.5 344.4 342.8 347.3 344.1 324.3
479.6 493.9 501.1 504.3 508.9 509.3 504.7 491.6 486.3 476.6 469.2 462.9 450 433.9 415.3 401.9 398.2 400.1 408.1 416.3 427.5 437.7 448.1 461.3 475.8 481.1 480 476 463.2 450.7 442.7 438.1 416.3 397.5 382.4 379.7 386.3 395.1 403.3 410.5 417.9 428.1 444.1 461.1 483 499.5 510.4 516.2 518.9 518.5 519.5 530.8 526.5 519.7 511.7 504.3 496.4 489.7 485.6 477.7 473.7 480.4 475.9 468.6 459.6 446.6 427.8 409.9 394.4 380.1 370.3 363.9 355 346.6 330.4 341.3 340.1 320.2
