STL Generation/terr50_gagg_gb/data/NO00.asc
ncols 200
nrows 200
xllcorner 300000
yllcorner 700000
cellsize 50
[rows 70 to 104 of 200, columns 0 to 77 of 200]
387 379.8 374.7 370.3 363.4 355.6 347.9 340.4 333.8 331.8 333.1 331.9 329.6 326.7 318.7 316.6 314 311 306.3 299.3 292.2 282.3 277.2 268.1 265.2 285.7 301.2 307.9 312.2 314.5 321.1 328.5 338 347.7 349.8 347.6 344.5 341.8 341.7 352.6 367.3 385.3 398.1 410.6 422.4 430.4 435.6 437.7 440.1 438.1 434 428.6 423.4 417.3 411 403.3 393.1 383.2 375.5 368.7 362.9 359.6 358.2 357.7 358.8 363.1 373.3 380.1 382.3 382.6 381.8 379 375.5 371.1 366.6 362.4 356.3 349.8
380.7 374.4 372.5 367.6 361.9 354.5 346.5 338.4 332.2 326.3 324.5 322.4 321.8 319.3 316.1 308.3 308.1 304.5 299.1 295.7 289.6 280.6 274.9 269.5 264.1 281.4 294.7 302.6 307.6 310.6 315.7 324.4 332.6 338.7 342.2 340.6 337.5 332.8 344.4 359.5 376.1 393.5 407.9 420.3 430.5 436.6 439.5 441.7 442.1 440 435.9 431 425.2 416.8 409.4 402.6 394.2 384.8 375.7 368.6 362.1 356.5 352.2 352.3 350.2 359.2 369.5 377.9 378.9 379.9 381.2 379.6 375 370.7 366.4 361.9 355.5 349.2
371.7 373.8 371.3 366.9 362.4 355.1 348.7 342.7 336 328.7 322.1 318.4 315.7 311.1 308.9 305.3 297.9 294.2 291.2 288.3 281.6 275 272.4 270.1 265.7 272.1 285.3 292 299.5 304.8 310.2 318.1 326.7 333.1 335.8 333.4 326.1 339.5 351 370.5 389.5 406.4 420.2 429.2 438.6 445 446.6 446.3 444.8 442.5 437.4 430.5 423.8 416 406.6 399.6 393.1 384.4 376.6 367.7 361.2 355.7 349.7 346.1 344.7 355 364.6 372.2 374.2 375.3 376.6 376.8 374.4 369.7 365.7 361.4 355 348.8
371.8 373.5 373.8 372.4 369.1 363.4 356.2 349.5 341.6 334.2 326.6 323.3 320 315.5 311.1 304.4 299.8 295.5 291.3 288.5 283.7 279.2 277.2 274.9 269.3 262.1 275.5 284.9 292.3 299.3 306.9 312.6 318.2 327.2 327.5 317.9 328.2 341.8 358.9 381.9 402.8 421.2 434.1 442.3 447.3 450.3 450.4 449.7 447.5 442.6 434.9 426.7 418.7 410.9 402.6 394.4 388.4 383.2 377.4 368 359 353.8 348.1 342.3 339.9 348 356 362.8 369 370.7 372.4 372.4 370.4 368.4 364.4 360 355.6 348.8
371.1 374 378.5 381.3 380.2 374.2 364.4 355.2 347.2 339.9 331.9 327.4 322.8 317.9 313.3 307.7 304.9 302.5 300.5 297.9 293.3 284 279.6 276.3 271.8 261.3 273.5 280.8 286.1 293.7 303.1 309.3 313.4 316.4 312.3 317.8 332.6 346.8 367.7 391.9 413.7 433.4 448.4 454.4 457.8 454 452.6 450.6 449.3 442.7 433.6 422.8 413.6 405.8 397.1 388.7 382.6 377.7 372.3 365.3 357.7 350.3 344.6 340.9 334.7 341.6 347.9 353.2 359.3 366.4 367.8 367.8 366.7 364.7 361.2 357.2 352.9 347.8
370.6 374.6 381.8 389 390.9 383.3 372 361.3 352.8 345.4 337.4 331.4 325.4 320 315.3 312.3 309.4 309.1 307.6 305.3 300.7 290.3 283.8 278 275.6 264 265.4 273.5 281.4 287.9 299.2 304.3 307.2 308.4 300.8 320.1 334.2 352.6 374.8 397.5 419.7 439.9 456.9 460.2 465.2 460.6 456.4 452.6 447.8 441 431.4 419.6 409 401.7 393.2 383.1 375.1 369.8 364.2 359.4 354.1 348.6 342 338.9 331.1 336.4 341.9 345.8 350.5 357.5 362.5 363.7 363.5 360.9 357.4 353.4 349.2 344.9
367.5 376.6 385.4 392.6 396.3 389.9 378.7 368.1 358.8 350.6 342.1 334.5 328.6 322.8 318.1 315.7 313.4 313.4 312.3 310.2 305.4 295.3 288.8 281 276.6 267.7 258.8 265.9 277.5 282.1 291.9 299.4 303.1 288.9 304.8 318.3 335.8 356.4 377.3 396.4 415.4 433.7 451.9 462.8 467.4 469.6 464.9 456.4 447.8 439.9 428.5 416.8 406.5 396.1 387.7 378.9 369.1 361.4 357.4 353.2 348.8 344.7 341.1 335.3 327.2 328.6 336.2 339.3 344.1 348.1 353 357.7 358.3 356.4 353.7 349.6 345.5 341.5
365.5 375.3 385 392 395.5 390.6 382.8 374 363.8 353.6 344.6 336.8 329.8 324 319.7 317.8 314.8 313.4 313.2 312 308.1 302.8 294.9 285.8 277.9 270.5 257.3 265.4 274.1 275.9 283 290.7 282.8 290.9 306 319.3 335.9 354.6 372.9 388.3 405.4 420.6 436.2 452.6 463.8 471.3 473.1 464.5 451.3 440.6 429.5 414.4 402.1 390.3 380.5 371.1 362.7 355.6 351 346.6 342.3 339 336 333.7 327.6 321.8 332.3 336.5 340.3 342.3 345.5 349.4 350.7 349 348.4 346.2 342.2 338.3
361.2 373.1 382.4 387.2 390.5 387.7 380.2 371 361.8 353.2 345.5 336.4 329 323.6 320.3 316.7 314 312.9 312.1 310.2 307.4 307.8 301.5 290.9 278.9 271.4 261.2 265.5 268.6 269.6 279.4 270.5 278.6 293.4 304 316.7 331.8 347.9 364.2 377.7 391.2 403.7 420.9 442.5 461.7 469.5 476.3 474.4 457.7 445.9 432.5 416.7 399.6 385.8 372.6 362.7 354.8 349.4 344.4 340.1 336.2 333.2 330.5 328.8 327.3 315.9 326.8 332.9 335.2 337.1 340.8 342.7 343 342.1 342.6 341.6 339 335.3
356.9 369.8 378.3 382.1 383 380 374.4 365.7 357 351 343 335.9 328.1 323.1 319 315.2 312.6 311.6 310.9 310.2 305.8 307.4 305.7 295.6 281.5 273.9 256.5 252.9 257.7 259.7 270.3 279.1 283.7 286.9 298.8 312.5 326.7 341.4 353.1 365 378.8 393.7 411.8 431.7 453.8 465.1 470.8 471.7 460.8 448.1 435.6 421.7 404 384.7 368.5 358.8 350.2 343 339.7 334.9 332.4 328.8 326.4 325 323.7 317.5 316.2 327 330.8 331.8 331.7 333.5 335 336.4 337 336.1 335.9 332.4
352.1 365.1 372.8 374.7 373.4 370.2 366.3 359.3 351.5 345.3 338.5 331.1 326.3 322.3 318 313.2 310 309.5 310.3 310.6 307 307.2 305.7 299.7 284.1 274.1 263.6 252.1 259.2 274 281.4 288.9 293.5 298.5 302.3 307.6 321 333.3 343.3 353.1 367.5 385.2 404.8 424.4 448.1 459.1 463 463.5 460.4 448.6 434.7 421.3 408.5 390.6 370.6 357.8 350.2 344.3 338.2 331 328.8 325.4 322.8 321.1 319.5 316.6 309 322.3 324.8 326.1 323.8 323.9 328.9 330.7 331 330.6 330.4 329.1
348.8 359.4 367.1 366.9 364.3 360.4 356.4 352.5 345.2 338.8 332.5 327.2 323.5 319.6 315.7 311 306.2 306.3 307.5 308.5 303.1 308.3 306.2 300.3 289.3 276.4 263 248.9 267.4 284.7 292.2 296.8 302.5 306.9 311 312.4 321.5 330.1 338.3 347.8 360 377.6 396 416.5 440 451.6 455.2 457 452.3 443.6 430.9 417.4 404.4 391.2 376.5 361.5 351.6 344.8 338.7 333.1 326.2 322.2 320.7 316.5 315.3 314.7 307.7 315.5 319.5 320.3 316.9 315.5 322 324.3 325.3 325.1 324.9 324.6
345 355 361.6 361 357.4 353.2 348.9 344.4 338.5 332.4 326.9 322.8 319.3 315 311.9 308.2 303.6 302 303.9 299.4 302 307.3 305.9 301.8 290.7 275.9 259.7 250.7 272.7 290.6 301.7 307.8 314.2 318.5 320.8 322 324.5 331.8 338.3 346.7 356.9 372.2 389.1 405.9 430 442.6 447.3 448.5 442.5 433 423.2 411.5 398.4 385.3 373.9 364.7 354.7 346.5 339.6 334.2 327.8 320.2 314.9 314 308.2 309.1 304.7 311.1 314.9 311.7 312.9 314.9 316.6 319.3 320.2 320.2 319.9 319.6
342.9 350.3 353.1 354.4 350.4 347.1 343.5 337.8 331.5 327.3 323.2 319 313.4 310.5 307.9 304.3 301.1 296.6 297.9 292.4 301.6 302.2 301.6 299.4 288.3 273.1 252.1 253.5 274.9 293.5 307.7 316.6 325 332.1 333.5 332.5 334.1 336.8 340.9 348.6 357.6 368.6 383.1 399.7 415.3 428.6 436.4 435.2 430.1 421.6 412.3 403.3 393.9 381.9 370.1 362.1 354.3 348.5 341.8 335.7 328.9 322.9 318.7 310.8 306.7 300.3 299.5 303.2 306.3 307.5 308.9 309.9 312.5 314.1 314.3 315.4 315.8 315.5
342.7 345.7 347.4 347.5 344.2 342.3 339.8 333.2 327.4 324.7 322.6 317.5 312.7 309 304.2 299.7 297.3 293.8 293.5 289.4 294.6 296.9 296.8 295.2 281.8 263.9 247.3 253.8 274.8 294.3 311.2 320.7 328 339.1 342.6 341.6 343.7 346.1 346.8 352 358.3 364.3 377.6 392 406.1 412.5 419.3 420.4 416.9 410.3 403.3 396.5 389.1 381.1 372.8 363.9 354.7 349.3 343.6 337.3 331.1 325.7 321.1 316.3 311.3 307.3 298.8 294.7 298.5 301 303.9 306.2 309 309.4 309.3 309.8 310.8 312.3
342.7 341.7 343.3 341.5 339.2 336 333 329.9 324.9 323 321.2 317.6 313 310.2 306.3 301.3 293.9 289.9 286.2 284.7 287.6 291.6 293.1 292.3 275.1 255.3 246.6 260.2 273.1 292.1 310.1 320.8 328.5 341.9 348.5 349.6 351.9 353.1 352.5 353.4 356.2 360.1 367.5 381 392.6 401 404.2 403.8 403.7 401 395.5 390.7 383.4 378.4 373.8 369 359.3 349.9 344.8 337.3 330.3 325 320.3 315.8 311.1 307.1 303.1 296.6 289 295.1 299.3 301.9 306.9 308.4 307.5 305.9 306.8 308
343.1 341.2 339.2 338.7 336.1 332.6 328.1 324.7 322.3 320.5 318.7 317.3 314.8 311.8 308.1 302.8 297.5 291.6 286.6 278.2 284.8 287.5 286.9 282.4 271 253.2 248.6 260.9 273.8 286.6 304.7 317.1 324.6 338.4 344.6 350.7 356.2 356.2 352 351.2 351.2 355 360.9 370.6 381.7 392 395 394.7 394.1 390.2 387.7 383.4 378 375.1 372 367 359.9 350.5 341.5 335.1 329.1 325.2 319.4 315.6 311.1 306.1 301.7 299.4 296.5 286.5 294.6 299.3 301.9 305.4 306.5 304.5 302.7 302.8
344.7 340.3 336.4 334.5 332.9 329.2 324.9 320.5 318.8 317.1 315.7 315.1 314.3 311.4 307.9 303.1 297.8 292.2 285.3 275.6 280.1 282.2 279 277.5 271.9 254.3 238.7 255.9 266 279.3 297 308.4 320.7 332.4 341.2 345.2 352.4 353.7 350.5 347.1 346.6 349.9 355.8 363.7 374 383.7 386.7 386.8 384.3 380.8 378.1 374.9 370.1 368.9 366.2 362.4 358.9 354.7 351.7 346 337.5 329.2 322.3 317.5 312.3 306.9 303 297.7 292.1 288.9 286.4 295.3 299.2 301.7 303 300.3 301.2 298.2
345 340 335.1 330.9 328.9 326.8 319.1 317.2 315.3 313.4 311.2 311.4 310.5 309 306.4 303.3 298.5 293.6 287.1 280.1 275.8 274.3 272.7 272.3 273 260.5 242.7 241.5 252.8 272 286.9 298.1 312.7 324.4 336.9 339.1 344 343.9 341.5 339.9 339.3 344.5 351.4 359.5 369 376.3 379.5 380.2 377.3 374 371.1 368.5 367.1 367.5 366.9 368.4 368 362.9 361.1 359.4 350.5 340.1 330.5 321.9 315.8 308.8 303.2 299.2 294.9 290.9 281.1 291.5 295.5 298.2 300.3 301 300 297.1
344 339.2 334.3 329 324.5 320.2 316.5 314 312.1 309.7 306.9 307.2 306.3 305 303.2 300.7 298.7 295.4 290.6 283.2 273 268.7 268.1 268.4 269.8 269.1 251.1 237.9 244.3 262.2 279.7 289.4 302.9 313.5 326 331.1 334.9 333.1 332 330.4 334.8 340.1 348.3 356.4 364.3 370.6 372.6 372.5 371.4 369.3 365.9 364.1 364.4 366.6 369.8 371.1 371.6 371.7 369.6 367.4 362.8 352.6 339.3 327.7 318.6 311.7 304.7 299.7 295.4 291.4 285 281.8 290.2 293.3 296.6 298.1 298.1 296.6
343.2 338.5 332 327.1 322.8 318.6 314.4 310.9 308.6 305.7 303.3 300.3 300.5 299.5 298 296.8 295.3 295.8 292 284.5 276.3 267.1 263.3 263.2 266.9 268 257.9 236.3 239.3 252.4 273.5 283 296.6 306.4 312.7 318.8 323.2 322 321.2 323 332.3 339.9 348.1 355.1 361.1 365.4 367.8 367.5 366.4 364.4 361.5 359.3 363.6 367.3 371.2 374.7 375.7 376.5 379.9 376.7 372.6 365.3 352.5 337.2 322.9 314.4 307.3 300.9 295.6 291.1 286.2 275.7 282.5 287.2 290.5 292.6 293.6 294.4
342.6 336.2 329.5 325.2 321.4 316.9 312.8 308.9 306.4 303.7 301 297 294 294 292.6 291.4 290.6 292 291.3 285.2 279.3 272.7 266.8 257.5 261.8 263.1 262.2 241.6 235.8 247 265.7 277.9 288.7 298.8 302.8 306.5 310.9 312.3 318.5 326.4 334.2 342.1 350.2 355.9 358.2 360.5 363 362.2 360.9 358.8 356.3 356 361 366.1 374.6 375.7 376.7 379.1 385.3 388.9 387 371.5 360.9 348.8 333.3 318.3 310.7 304.5 296.8 291.1 286.6 276 274.9 278.4 281.7 284.4 290 289.8
339.7 333.7 327.1 323.3 320.3 315.3 311.7 307.9 305.7 303 299.9 296.2 292.3 290.3 287.1 286.2 286.4 287 287 287.5 281.8 277.3 268 256.1 253.8 257.8 253.7 236.2 235.2 249.7 262.9 274.6 279.6 288.1 293.1 297.7 302.6 314.1 323.5 332.3 340.2 347.6 355.4 359.9 359.7 358.7 358.8 359.1 357.5 356 355.5 354.1 354.4 359.7 370.3 374.8 376.7 381 392.8 400.3 397.1 387.7 369.2 353.4 341.7 327.2 314.8 305.8 299.2 292.2 286.3 279.6 269.6 272.3 274.7 277.5 280.6 284.4
332.5 330.7 324.6 321.4 320.5 316.5 310.7 307 304.9 302 298.7 295.3 291.6 287.6 281.6 282.1 282.3 283 283 282.9 280.4 274.8 265.6 253.8 241 246.3 244.4 233.1 239.1 250.9 261.7 270.3 275 283 281.1 294.9 307.7 318.4 328.4 336.9 344.4 352 357.9 362.1 359.5 359.2 359.9 359 357.9 356.7 354.9 352.5 352.6 354 361.1 369.2 375.8 381.7 393.2 404.7 403.6 395.4 381.1 363.1 347.6 334.1 321 308.5 301.3 295.1 289.4 284.3 278.8 268 269.4 271.8 271.8 275.1
334.9 328.4 323.3 320 321.2 318.1 311 305.1 302.7 300.8 297.6 294.5 290.8 286.3 280.4 274.3 275.9 277.1 274.3 274.3 271 263.5 254.4 244.1 237.6 235.5 234.1 231.9 238.6 248.4 259.1 266 271.3 273.1 285.1 298.7 309.9 319.5 331.3 339.7 346.8 353.8 359.5 360.5 359.4 359.4 359.5 358.5 357.5 357 354.8 352.5 350.4 351.1 353.1 358.1 365.5 375.8 388.2 399.4 402.1 395.7 385.6 370.8 356.1 340.6 327.8 314.9 303.2 296.9 293.6 288.2 282.7 276.8 267.9 263.9 264.2 266.5
329.3 326.2 324.7 320.1 317.8 314.9 308.8 303.3 299.1 297.3 295.2 292.6 289.1 284.7 279.2 272.3 267 267 264.1 260.9 254.8 248.1 240.6 233.4 232.6 233.3 232.8 231.8 233.3 242.1 252.6 259.7 263.6 270 284.9 299.1 308.9 318.5 330 338.2 346.2 352.6 358.2 360.7 359.4 360 359.2 358 357 358.1 355.8 353 350.8 348.3 350.2 354.3 360.4 368.5 378.6 389 394 390.1 382.1 373.9 359.8 347 333.3 319.3 307.7 298.7 294.7 290.4 285.4 281.3 275.3 269.7 263 259.8
327.6 327 323.7 320.5 313.5 309.7 305.8 301.3 297 292.7 290 287.8 285.6 281.8 278.1 271 260.4 256.4 252.6 247.8 240.6 234.9 231 231.8 232.7 233.5 232.5 231.4 230.3 234.4 244.4 245.8 256.7 266.4 280.5 296.7 307.2 316.7 327.3 334.4 342.3 349.3 354.8 359.1 359.2 358.9 358.8 357.6 357.9 358.9 356.7 353.5 351.2 346.9 346.7 350.8 357.7 365.8 374.6 378.7 380 380.2 378.6 371.2 361.1 347.3 335.1 322.5 310.6 300.4 294.6 291.9 288.2 283.5 277.8 272.6 267.7 262.7
325.2 323.9 323 318.3 310.7 305.3 301.7 298.4 294.1 289.7 285.4 282.3 280.1 278.4 275.7 270.1 261 250.1 240.7 236.3 232.1 230.7 233 244.7 247.7 245.8 239.3 232.2 230 230.3 233.3 252.5 254.8 264.6 275.4 290.1 303.1 313.5 325.1 331.7 336.8 344.8 350.4 353.8 355.8 355.9 357 358.9 358.9 360.7 359.9 357.1 352.7 349.1 344.5 346.9 354.4 363.1 370.5 374.5 372.8 371.2 369.3 367.1 360.5 347.8 334.8 323.5 313.9 302.8 294.2 288.9 287.3 284 279.6 275.1 270.2 266.1
322.8 320.7 318.7 313.1 308 303.5 298.9 294.6 290.5 285.8 281.4 277.4 274.2 273.5 271.6 267.8 260.7 250.2 236.9 233.8 231.3 234.6 247 254.2 257 256.1 251.9 245.3 234.3 229.6 230.3 234.2 247.6 259.9 268.1 280.8 293.8 306.7 315.9 327 332.1 339.7 346.1 349.2 351.5 353.6 356.4 359.7 360.9 362.3 362.9 361.3 357.5 353.1 346.8 341.6 346.5 355.2 364 369.8 368.8 364.3 360 358.4 357.5 347.8 336.3 325.8 315 305.7 296.6 289 283.2 282.2 280.3 276.3 272.5 267.9
321.1 317 313.6 308.6 305 300.7 296 289.2 286.3 281.5 277.5 272.8 268.2 267.8 266.9 263.5 256.8 244.3 233.4 232.4 234.5 244.1 254.4 260.8 265.3 268.6 265 257.2 245.3 233.1 228 227.8 240.1 253.2 261.9 272 283.6 296.4 307.1 316.7 325.4 332.8 340.1 345.4 348 351.4 356.4 359.7 362.5 364.5 365.1 364.6 362.2 359.3 353.4 343.7 338.8 345.9 354.4 360.8 362.1 360.1 355.2 351.2 349.2 345.5 336.5 325.5 315.1 306.2 297.8 290.6 284.6 278.9 276.8 273.8 271.5 268.7
316.6 312.8 308.8 305.6 302 296.4 292.4 287.9 279.7 276.6 271.8 267 262.3 261.3 261 257.9 249.6 238 231.5 233.2 240.7 250.6 262.1 270.7 277.4 280.3 279.5 269.8 259.7 248.8 228.8 226.6 227.9 240 253.7 263.7 274.7 286.5 300.2 309.8 318.1 325.1 330.5 337.9 345 350.8 356.6 360.8 363.6 366.1 368.6 367.9 366.2 362.5 356.9 349.5 336.2 336.5 343.1 350 352.1 351 346.6 342.1 339 337.3 334.4 324.4 315.2 305.8 297.6 289.6 284.3 279.1 273.7 271.9 269.1 266
312.9 310.7 306.5 302.2 295 292.2 288.3 284.5 279.7 271.8 263.9 260 255.4 255.4 255.4 252.2 243.2 233.6 230.7 233.9 244.8 258.9 272.4 284.9 293.2 299 295.5 284.6 272.6 262.3 245.9 226.9 226.3 228.6 243.1 256.4 264.9 277.9 291.5 301.6 310.7 318.9 324.1 332.4 341.8 348.3 355.2 360.9 367.4 372.3 376.2 374 370.7 365.1 359.5 352.4 343.9 331.5 330.2 337.2 340.1 338.9 336.3 332.2 329.1 328.6 327.3 321.1 313.1 304.6 295.6 286.2 280 275.1 269.5 269.4 264.3 258.7
312.4 310.8 307.2 303.1 294.9 286.2 282.9 281.2 276.4 268.5 259.3 249.3 246.3 247.5 247.6 245.2 236.4 231.7 230.7 237.1 252.3 268.4 282.6 297.9 313.4 321 316.2 301.2 285.6 274.7 262.6 244.1 225.7 224.6 234.3 247.6 257.4 268.5 281.2 293.2 302.4 311 320.3 328 339.3 346.1 353.3 360.1 366.6 375.8 379.7 375.3 370.8 365.8 359.5 352.3 344.8 336.3 326.2 320.9 325.1 325.2 324.3 322.1 319.4 319.3 318.2 315.1 308.7 300.7 294.7 285.2 276.7 267.9 266.7 264.9 268 265.4
313.7 311.5 308 302.8 294.6 286.4 279.9 276 272.2 267.4 259 250.6 246.1 243.6 239.7 237.4 234.7 231.6 230.2 242.5 259.1 275.6 292.5 310.6 326.7 334.7 330.1 315.6 299.3 285.3 273.4 258.9 236 224.8 223.7 236.3 247.8 260.2 270.7 283.8 294.2 303.1 311.8 323.9 336.1 343.8 351.1 358.7 367.1 372.1 375.3 372.4 368.5 364.1 359.8 353.5 344.9 338.2 331.4 324.1 314 312.6 313.2 312.2 309.4 309.5 309.7 307.1 303.6 297.9 291.1 283.8 272 273.5 272.8 268 266.9 266.3
313.9 311.3 307.1 300.7 294.2 287.2 280.5 274.9 268.9 264.1 256.5 251.2 252.9 256.5 254 248.3 239.7 229.6 231.5 246.4 262.2 279.1 296.1 316 331.2 338.6 338.8 326.9 311.3 296.8 283.4 270.2 253.5 230.8 223.7 223.4 226.5 241.6 259.4 269.9 284.5 296 306.5 317.9 329.7 338.6 345.6 354.7 364.4 369.1 369.5 367.8 365.5 361.6 357.8 351.1 343 335.6 329.5 324 317.5 311.3 303.9 301.4 298.6 299.5 300.9 300.9 296.8 292.1 282.2 275.4 284.2 287.3 286.6 278 270.8 267.3
