STL Generation/terr50_gagg_gb/data/NO04.asc
ncols 200
nrows 200
xllcorner 300000
yllcorner 740000
cellsize 50
[rows 0 to 34 of 200, columns 80 to 159 of 200]
296.1 293.8 293.9 290.7 286.1 283.5 282.3 283.4 285.3 285.6 287 287.9 288.8 290.3 291.2 291.4 291.4 291.1 290.4 289.7 290.6 296.1 302.9 313.6 325.6 335 344.8 351 359.4 363.4 370.1 374.3 380.5 385.3 389.8 390.3 394.4 399.3 407.9 417.1 416.2 408.6 402.2 394.4 384.7 380.5 373.7 369.5 364.3 353.4 342.6 342.4 339.5 339 338.8 337.2 331.7 321.5 313 309.5 308.3 308.2 308.2 308.2 308.2 308.2 308.2 308.2 308.2 308.2 308.2 309.8 312.5 315.2 316.8 318.4 321.2 320.3 322.2 328.6
293.4 292.4 291.1 289.3 288.5 284.3 282 283.8 284.3 284.1 284.6 285.7 287 288.7 289.3 289.4 290.1 289.1 288.2 289 290.1 296.9 303.9 311.6 320.8 331 340.1 347.9 354.4 359.2 364.9 369.2 378.3 387.3 391.9 396.7 402.6 409.9 420.9 420.7 419.3 413.2 408.2 403 393.8 389.3 381.1 373.4 369.4 353.9 350 351 350.7 350.9 349.4 345.8 340.1 330.5 322.5 316.7 314.3 313 311.1 308.2 308.2 308.2 308.2 308.2 308.2 308.2 308.2 308.2 310.2 312.6 313.9 316 318.4 320.2 319.4 323.5
292.7 290.6 289.3 288.6 288.1 286.9 279.6 282.6 281.1 283.4 283.3 283.3 284.2 287.1 287.2 289 289.4 286.8 283.7 286.4 289.8 298.2 305.5 312.8 319.2 329.2 334.5 340.5 348.2 355.4 363.5 371.9 380.6 390.1 395.3 401.6 409.6 422.2 424.5 418.7 413.8 411.4 411.4 411.4 406.2 397.8 389.5 376.5 367.8 360.4 356.7 356 360.1 367.3 359.8 354.2 348.1 341.7 335.4 324.1 320.9 321.4 322.3 319.2 315.6 311 308.2 308.2 308.2 308.2 308.2 308.2 308.2 309.9 311.4 313.2 314.8 316.9 317.6 319.8
290.7 290.4 290.8 290.2 290.6 290.1 285.4 277.3 277.5 280.5 281.3 280.8 281 283.3 284.5 287.5 287.5 284.5 281.2 284.4 290.4 296.4 304 310.8 318 324.6 329.4 335.9 343.2 353.2 366.5 377.2 386 393.3 398.9 404.9 410.8 419.3 412.2 408.3 408.2 410.5 419.6 419.9 411.3 406.2 395.8 384.7 372 365.4 363.1 365.6 375.6 380.5 381 368.5 358.2 352.8 345.9 331.1 327.9 329.7 331.3 329.2 322.9 318.4 314.1 308.4 308.2 308.2 308.2 308.2 308.2 308.2 309.3 311.1 312.7 313.8 314.8 316.3
291.4 291.2 290.8 290.2 290.2 289.9 286.9 280.3 275.6 274.8 276.4 279.4 280.3 278.9 279.6 281.6 281.7 280.1 278.8 282.4 290.3 291.8 301 308.1 315.3 321.3 326.9 336 344.7 352.8 367.4 381.8 387.9 392.9 399 401.7 403.9 402 403.5 404.8 406.6 411.8 416.7 414.4 410.9 407.2 396.7 391.9 382.3 372.1 368.8 380.5 388.8 390.3 386.1 377.8 370.6 361.6 353.8 340.9 332.9 330.5 332.3 330.4 328.8 323.2 318.3 311.6 308.2 308.2 308.2 308.2 308.2 308.2 308.2 308.2 310.2 310.8 311.9 313.6
292.3 292.3 291.8 291.4 292.7 291.1 289.1 284.3 276.8 273.5 273.3 273.2 274.4 275 276.3 277.3 275 276.4 279.4 282.4 287.2 289 298.2 306.2 313.4 320.1 327 337.1 344.8 352.7 363.5 373.3 382.9 389.1 393.6 394.3 392.9 396.9 402.5 403.4 409.9 412.5 413.2 412.5 409.3 404.6 406.9 404.7 391.6 380.3 383.7 392.2 397 397.6 393.2 389.6 384.7 368.5 360.4 352.4 341.4 330.4 328.7 329.1 329.2 325.4 321.5 315.9 310.1 308.2 308.2 308.2 308.2 308.2 308.2 308.2 310.2 309.2 309.3 311
293.4 293.3 292.9 292.6 292.3 292.7 291.3 290.9 283.1 273.2 272.3 272.3 272.5 272.3 272.2 272 272 272.5 274.8 280.9 285.2 290.4 297.8 305.2 312.9 320.5 328 337.2 345.2 352.4 360.7 370.3 381 385.1 387.4 386.6 388.7 393.9 398.5 403.1 410.5 412.7 413.2 413.3 413.7 417.8 418.9 408.3 399 403.1 398.5 401.5 402.6 402.1 401.4 397.7 395.9 380.5 368.4 365.9 360 342 330.7 328.5 324.3 323 321.7 318.4 313.8 309.7 308.2 308.2 308.2 308.2 308.2 308.1 307.7 307.9 307.4 308.6
297.5 295.8 295.2 295.1 294.2 293.5 292.5 289.3 285.7 275.3 271.6 271.9 271.9 272.1 272 271.8 271.7 271.9 272.9 279.4 285.4 292.1 298.8 305.8 313.7 320.4 326.7 336.9 344.2 350.4 358.4 366.8 375.7 380.9 382.2 383.2 386.4 392.9 403.4 410.6 411.3 411 416.4 417.5 426 431.7 417.7 407.9 411.9 417.5 415.3 409.9 406.3 408.1 410.9 411.7 406.1 393.5 380.3 368.5 362.6 348.2 337 327.3 322.3 319.6 318.8 317.4 315.4 312.1 310.7 309.9 308.8 308.2 308.2 306.9 305.7 306.7 305.5 306.7
302.3 301.6 299.5 297.8 295.9 294.1 292.7 290.8 286.4 276.7 271.8 271.5 271.8 271.9 271.8 271.7 271.5 271.4 272.4 277.3 283.8 292.8 299.3 305.6 312.2 318.7 328.4 335.6 341.6 347.8 356 363.8 370.7 375.6 378.1 380.2 385.4 393.7 405.7 411.7 411.1 411.1 415 421.9 440.2 433.3 420.1 416.8 425.9 428 424.8 418.1 412.6 410.2 419.6 425.8 420.6 413.4 402.2 375.5 360.6 348.4 341.9 329 323.7 319.9 318.2 317.1 315.3 313.2 311.9 311.3 310.8 310.5 310.7 309.9 308.5 306.2 303.8 304.7
306.2 308.7 303.1 300.1 297.2 295 295.8 291.9 286.7 279.6 276.5 271.3 271.9 271.7 271.6 271.5 271.3 271.1 273.7 280.9 281.7 288.8 297.1 302.6 308 315 325.3 332.2 338.7 345.2 352 359.7 366.8 371.6 377 380.3 386.5 393.1 400.7 406.4 410.5 416 425.1 440.9 441.1 431.7 429.2 430.3 434.3 434.6 431.2 426.2 421.4 419.9 424.6 432 429.9 421.8 413.5 396.2 371.1 348.6 337.9 331.7 323.9 320.8 318.5 317.4 316.4 314.3 313 312.5 312.1 312.3 312.8 312.4 310.7 308.4 306.6 303.5
310.9 309.1 306.9 302.5 301 297.4 295.9 293 289 282.4 278.3 271.9 271.5 271.3 271.1 270.9 270.9 270.9 271.2 276.1 280.3 283.8 293 301.4 305.1 312.9 320 327.2 333.5 339.2 346.3 354.5 362.9 369.2 375.2 379.7 387.1 392.9 398.5 403.6 409.9 415.2 433.7 442.3 437.5 430.9 431.1 433 434.8 435.2 434.5 432.5 430.9 428.1 425.3 430 431.4 430.3 422.9 410 388.3 356.4 336.2 327.5 322.6 321.3 319.2 317.7 317.4 315.4 314.1 313.8 313.5 314.2 314.8 314.4 313 311.1 309.2 307.7
314.4 312.3 310.2 306.6 303.4 303.2 298.7 293.1 289.6 283.1 280 271.3 271 270.8 270.6 270.6 270.6 270.6 270.9 271.8 275.7 283.1 292.4 297.4 304.7 311.1 316.5 321.2 326.9 332.6 339.6 348.9 359 366.3 373.2 378.1 384 388.9 396.2 404.4 410.7 423.3 438.9 437.6 429.2 430.6 432.4 433.8 435 435.9 445.2 445.6 441.4 436.5 428.9 429.5 431.1 428.5 420.5 407.2 391.5 366.3 339.3 326.7 321.8 321.2 318.7 317.9 317.9 316.9 315.5 315.4 315 315 317.5 317 315.4 313.5 311.4 310.2
319.3 315.1 312.9 310.5 310.5 309.7 303.1 297.7 289 277 273.3 271.3 270.7 270.3 270.3 270.4 270.3 270.3 270.6 271.8 274.3 282.5 290.4 297.8 303.2 308.8 314.2 318.6 322.6 327.1 333.7 345.1 355.2 363.6 370.5 376.4 380.9 385.5 391.2 404 415.9 426.6 424.4 417.9 427.3 429.6 429.3 430.9 433.2 449.5 454.9 453.3 454.9 455.8 450.4 434.9 431.4 424.8 415.4 399.4 385.2 365.6 343.5 328.1 323 319.9 317.9 318 318 317.9 317.7 317.8 318 317.8 318.2 319.6 317.7 315.6 313.8 312.6
323.5 317.1 313.8 311.6 310.9 310.7 305.1 295.4 285.3 275.2 275.8 275.8 272 271.5 270.8 270.2 270.1 270.1 270.4 271.9 274.1 281.7 288.9 295 300.1 305.1 310.1 315.1 320.8 324.2 331.1 341 352 360.7 367.6 373.6 378.5 383.1 387 401.8 414.4 417.7 404.6 401.7 414.1 420.6 424.3 429.4 448.5 457.3 457.4 462.1 466.8 472.8 463.8 450.5 433.7 424.1 409.8 393.5 378.3 360.2 341.1 327.5 321.2 318.4 317.2 317.6 317.9 317.8 319.1 320.8 321.9 321.4 321.7 321.6 319.8 317.8 316.2 314.7
323.8 317.2 312.7 311.1 307.4 302.5 295.9 288.4 280.2 280.5 284.6 281 273.5 271.7 271.1 270.1 270.1 270.3 270.4 271.9 277.3 285.2 290 294.5 298.4 302.3 305.5 311.8 317.6 317.9 324.6 336.6 348.2 357.5 363.7 369.9 375.7 380.2 384.8 395.7 401.1 399.1 391.7 390.8 398.8 411 423.5 442.7 452.8 453.6 463.3 473.2 481.8 476.9 470.6 456.6 440.3 427 417.2 390.4 370.4 348.2 335 326.8 319.1 317.5 316.8 316.2 316.3 318.8 319.1 320.5 322.7 324.9 324.7 324.5 322.3 319.9 318.3 316.4
325.7 316.4 310.6 306.9 300.6 295.6 287.9 284.5 287.5 286.8 285.2 281.6 275.6 271.6 270.8 270.1 270.1 270.1 270.1 271.3 275.7 281.5 290.7 292.2 294.2 296.8 300.1 306.1 312.3 316.5 322.5 332.1 342 351.4 360.2 366.3 372 376.8 381.4 385 386.7 388.9 388.5 389.1 394.5 405 424.5 442.5 452.3 467.9 472.5 474 477.9 475.9 470.5 461.4 446 426.6 411.5 385.6 363 342.7 328.1 321.6 317.6 315.7 315.1 316.1 316.9 318 319.6 320.8 322.5 326.4 326.6 327.2 323.7 321.6 321 319.2
324.2 314.5 310.5 300.1 294.4 289 285.7 286.8 289.3 287.6 282.4 280.1 275.3 272.4 271.6 270.6 269.9 269.9 269.8 270.3 273.1 277.7 285.1 290.4 291.3 292.9 297.7 301.7 306.4 311.7 318.7 327.7 335.9 344.7 352.9 360.3 367.4 373 378 382.8 385.1 386.6 387.9 388.8 392.9 403.4 425.8 444.5 465.1 470.5 477.7 482.3 479.1 476.3 471.1 458.7 449.8 429.5 399 372.8 352.8 336.3 324.8 317.5 316.3 314 314.7 315.7 316.6 317.6 320.3 321.1 322.2 323.4 324.4 326.1 323.6 323 323.5 322.1
318.4 307.1 299.1 299.5 293.5 288.8 286.7 287.5 288.1 288.2 283.3 278.7 276.9 276.6 274.2 271.5 270.4 269.7 269.6 269.4 271.6 274.2 279.2 285.5 290.7 290.7 293.8 296.9 301.2 306.8 314.1 321.6 329.5 336.2 343.7 353 361.6 369 375 380.7 384 387.2 388.2 391.3 396.9 406.9 427.4 450.6 466.6 470.8 474.6 481.6 480.1 472.5 471.3 464.8 446.5 427.2 394.7 364.7 346.1 330.8 323.7 317.1 313.9 313.5 314.5 315.5 316.4 317.1 321.9 324.5 329.3 328.4 326.2 325.5 324.9 324.3 324.9 324.6
319.2 306.7 299.6 297 299.6 292.9 288.3 288.4 288.5 288.4 285.9 282.4 280.9 279.1 276.2 273.1 271.7 270.4 269.6 269.3 270.8 272.7 274.9 280.8 288.8 289.8 290.3 293.9 297.4 302.1 307.6 312.4 320.7 327.3 335.8 347.1 357.5 364 370.6 376 381.8 386.6 389.5 393.1 398.8 411.9 433.5 451.6 460.3 469.3 472.3 473.9 473.7 474.2 469.7 459.9 446.6 424.3 392.7 365.7 350.2 333.2 323.1 316.6 313.7 313 313.8 315.2 316.2 315.6 316.6 326.8 334.4 333.3 330.6 328.1 326.2 325.6 326 326.9
321 309.8 301.3 299.4 300 297.9 288.3 288.8 288.9 290.7 289.6 283.5 280.8 280.7 279.6 275.4 273.6 272.3 269.8 269.4 269.4 270.5 273 275.9 282.9 289.4 289 290.2 293.5 297.1 302.3 307.7 314.4 321 329.6 340.2 348.4 356.9 366 372.5 378.6 384.8 390.9 393.9 398.7 410.5 426.8 446.2 457.9 469.4 470.7 471.2 471.9 471.2 463.9 454 443.5 429.5 395.9 365.8 347.6 332.6 323 317.4 314.2 312.9 313.2 314.7 315.2 314.4 315 326.1 338.6 338.1 334.9 331.5 328.1 327.2 328.6 331.2
321.1 310.3 305.6 301.3 298.8 294.7 288.4 288.9 292.4 296 293 287.5 283.9 284 284.1 280.4 277.2 274.8 271 269.1 269.4 270.1 271.4 272.5 276.7 284.8 287.8 284.2 290.7 292.8 297.8 302 308.4 314.8 323.5 333.4 341.1 347.8 359.9 366.5 373.4 380.6 386.4 391.1 395.7 404.4 418.8 435.3 448 460.7 469.5 476.6 472 463.3 455.3 447.5 433.6 428.9 410.5 370.5 349.7 335.3 324.8 319.2 315.1 314.2 313.2 313.7 314.1 314.2 317.9 333.9 340.3 339.5 336.7 334.9 332.1 331.6 332.9 336.5
322.5 313.4 309.5 305.1 298.4 297 289 289.5 292 295 291.6 287 287.9 287.8 288.1 287.9 285.3 281.2 272.4 269.1 269.2 269.3 270.7 271.4 273.4 279.1 283.2 279.9 287.4 290.3 292.7 296.7 302.3 308.6 317 326.2 331.9 343 352.1 360.2 367.7 375.1 380.6 385.9 389.8 397.1 411.1 431.8 444.3 449.1 454.8 463.3 457.2 450.7 446.1 441.5 434.5 428.9 409.1 375.4 350.7 336.2 326.2 320.3 316 314.9 313 311.8 312.6 313.4 327.3 338.9 340.9 339.3 337.6 335.8 334.1 334.5 336.7 340.9
321.5 315.9 310.6 305.7 299.9 296.2 290.8 291.7 293.5 293 293.8 291.8 290.6 290.3 290 291.3 290.6 284.2 272.4 269.8 269 268.9 269.2 270.9 272.8 276.1 278.4 276.5 282.3 285.6 286.6 291 296 301.5 308.3 315.7 326.8 335.5 344.9 354.2 362.3 369.6 375.2 380.4 384.6 391.6 402.4 427.9 436.1 437.6 443 440.7 443.1 440 439.8 439.4 435.8 426.4 411.7 380.8 353.6 334.6 324.8 319.2 316.1 314.1 312.4 310.9 312.2 316 333.2 340.8 341 340.1 339.8 336.2 335.5 336.8 342.8 343
320 319.5 313.6 308.3 302.4 298.3 293.5 295.1 296.4 298 299.2 300 295.8 290.8 290.4 294.8 293.9 282 271.1 270.2 269 268.9 269 269.7 271 276.1 273.8 273.2 276.9 279.7 280.9 282.8 286.7 292.7 300.2 311 319.9 328.1 336.4 347 356.1 364.2 369.8 374.8 378.9 386 392.9 402.5 412.3 419.2 423.3 426.8 429.5 434.8 438.2 442.9 440.1 430.2 411.8 385.6 353.9 337.5 327.9 318.5 316.4 313.8 312.1 311.3 313.2 320.4 339.2 341.2 342.6 346 346.5 340 336.9 337 339.5 340.9
320.3 317.2 315.8 310.5 306.5 302.3 298.9 296.9 300.5 303.4 306.1 302.1 298 294.6 290.5 293 289.1 280.9 271.1 269.4 269.6 271.4 270.4 269.7 268.5 270.6 272.7 271.9 272.3 273.6 276.1 277.6 280.5 285.7 294.8 304.5 314 321.8 331.6 341.3 350.7 358.3 364.4 369.1 373 378.7 385.1 390.7 396.9 402.2 406.6 413.8 418.7 423.1 435.9 437.7 432.4 426.3 412 381.4 354.8 341.2 331.5 325.9 320.8 315.8 312.4 311.8 312.6 325.2 339.2 342.8 345.1 344.9 346.3 345.3 344.2 342.9 340.5 347.4
325.1 321.9 317.4 313.1 310.1 308.7 308.9 303.3 304.9 307.5 308.5 303.8 305.7 300 293 289.2 284.5 277.6 271.3 269.3 273.2 278.1 277.1 273.8 270.7 267.9 268.5 269.2 270.5 273.1 272.7 273.2 275.7 280.6 288.3 297.6 308.1 316.5 325.4 335.8 345.2 353.1 358.9 363.8 367.9 372.5 378.4 383.1 386.6 389.9 391.5 398.8 405 418.5 433.8 430.9 426.4 414.9 397.4 378.4 359.7 342.4 331 325.7 319.7 315.5 313.1 312 311.7 328 339.9 343.7 345.1 347.5 347.7 347.7 348.3 350.8 345.7 347.3
335 332 321.3 315.3 314.8 316.5 310.2 307.4 310.6 312.8 312 312 312.9 305.7 294.7 286.2 280.6 273.7 271.1 270.7 275.3 282 283.2 279.7 273.9 268.8 269.6 269 268.2 271.7 270.7 271 271.5 275.8 283.1 291.8 302 311 320.1 330.4 339.9 347.8 353.6 359.1 362.7 367.8 375.6 379.7 379.3 381.1 382.5 387 391.7 408.5 415.3 415.9 417.2 408.6 387.9 368.8 352.8 340.7 330.1 324.2 319.2 317 318.2 313.2 311.4 325.6 337.5 340.5 342.7 346 348.6 350.5 348.2 349 349.6 349.5
342 330.2 326.9 326.2 329.3 328.8 314.2 318.9 320.5 321.9 316.3 316.6 310.3 306.1 299.3 290.7 281.8 273.4 272 272.4 275.8 283.6 286.9 285.5 280 270.6 269.4 268.5 267.6 268.6 268.7 268.9 269.4 274.3 278.9 287 296.2 304.3 313.5 323.7 333.5 342.3 348.3 354.1 356.9 360.6 366 368.1 369.8 372 374 378.5 383.1 390.6 392.7 409.4 411 399.7 383.3 365 350 338.5 329.8 323.4 320.8 321.2 320.7 315.1 311.4 322.9 332.3 338.2 340.1 342.8 350.4 350.9 349.6 347 347 347.8
347.8 340 337.4 339.8 347.9 332.5 326.6 337.1 338.6 334 326.7 315.8 310.7 307.7 305.1 297.8 287 281.9 279.1 275 273.8 278.4 282.2 288.2 281.3 276.8 269.3 268 267.6 267.5 267.7 267.1 267.4 271 274.2 279 290.6 299.1 307.7 317.1 326 335.1 342.9 348.5 352.6 355.3 360.1 362.3 364.2 365.1 365.9 369.9 378.3 381.3 384.3 396.4 399.8 387.9 382.2 364.6 346.7 337.8 329.9 322.6 321.6 321.4 321.1 319 313.7 319.1 330.3 332.7 337.7 344.2 348.3 348.1 346.3 345.5 345.5 346.7
360.2 353 350.4 351.9 358.3 348.1 343.4 350.8 347.3 339.5 332.4 318.4 315.3 314.7 314.5 307.7 293.8 287.5 280.6 275.6 274 273.5 279.6 280.3 280.2 274 270.6 268.1 267.5 267.4 266.4 265.6 265.8 267.1 269.5 274.5 283.8 293.2 301.9 310.5 319.1 328.6 335.8 342.2 348.2 351.7 354.9 357.3 360 361.1 364.2 369 373 375.3 378.3 383.9 382.7 381.8 378 365.7 349.8 333.3 323.2 319.6 320.3 320.9 320.8 318.3 311.1 316.3 325.4 328.6 336.3 341.8 342.8 341.3 341.8 345.7 349.1 351
375.1 368.1 366.4 373.1 370.8 358.9 357.7 357.4 356.2 347.9 340 330.3 325.2 322 319.8 306.6 291.5 282.7 278.2 275.4 273.6 273.6 274.7 276.1 273.9 270.4 269.4 267.8 267.5 267.3 265.6 264.4 264.4 266.2 267.9 271.6 278 286.6 294.9 302.9 313.1 321.8 329.3 335.7 341.2 346.1 350.3 353.4 356.3 357.8 362.1 369.1 370.6 371.5 369.2 370.8 368.7 370.2 368.2 358.5 349.3 334.4 325.1 319.4 317.9 320.2 319.7 316.9 311.1 314.2 322 329.1 334.5 337.8 337.5 338.9 340.6 349.3 351 351.1
397 391.9 382.1 379.9 378.6 367.6 372 374.9 370.2 359.6 351.7 343.7 336.2 319.5 308.6 300.6 293 285.2 279.5 276.5 274.1 273.6 273.1 270.4 269.7 269.4 268.4 267.6 267.3 267.1 265.5 264.4 264.5 266.7 268.2 269.9 276.3 282.8 289.7 296.4 305.1 314.2 322.4 328.8 334.3 339.7 343.8 348.4 352.5 354 357.6 363.5 367.8 367.8 367.2 364.6 363.3 363.2 360.3 354.7 345.4 334.9 325.5 318.8 316.5 318 316.2 314.9 313.3 315.1 321.6 329.1 330.3 330.4 332.5 334.9 339.5 347.9 350.4 350.2
415.1 397.9 391.4 386.4 385.6 377.8 388 390.5 378.8 362.6 346.2 335.1 325.2 313.2 306 298.9 292.7 287.2 281.4 278.1 276 273.8 274 272.6 269.4 268.7 267.9 267.7 267.5 267.3 266.3 265.6 266.7 269.3 269.8 269.7 273.4 278 283.9 290.3 296.4 306.1 315 322.2 327.2 332.2 339 341.7 347.1 350.6 354.3 357.4 360.3 364.9 364 362.6 361.2 360.7 360.8 354.7 345.7 334.1 325.2 318.2 314.4 313.4 311.5 310.9 311 314.2 319.1 323.6 325.6 326 327.8 330.6 336.1 343.8 348.9 347.5
426.4 415.9 404.2 393.3 391 381.1 387.7 371.8 353.3 339 329.3 321 314.7 307.7 301.9 295.8 290.2 288.7 286.2 282 278.7 276.7 274.7 273.9 272.3 270.7 268.8 267.8 268.2 268.3 267.1 266.9 267.7 270.9 275.4 271.7 269.7 273.8 279.2 284.5 291.3 299.6 308.1 315.9 321.1 326.1 331.3 335.3 340.4 346.1 350.8 354.3 358.2 362.2 361.4 360.3 360.4 357.5 352.7 348 339.8 332.6 325.6 318.9 312.9 310.3 309.1 309 309.9 312.4 314.3 318.4 320.9 321.7 324 326.9 332.7 339 341.5 342.4
441.3 422.8 395.6 378.7 364.7 356.8 349 342.8 330 322.3 319.5 313.9 308.8 304.1 299.2 295.1 291.1 289.3 290.8 286.7 282 278.5 276.9 276.4 277.3 276.5 275 277.2 273 271.7 269.9 268.5 269.1 272 275.2 276.2 271.8 271.4 275.7 279.3 285.6 293.9 301.8 309.4 315.2 319.8 322.7 326.5 332.5 338.4 343.7 348 354 360.7 361 360.6 356.3 350.4 345.4 338.6 331.7 326.5 322 318.4 313.3 309.1 308.4 308.2 308.2 309.6 311.1 313.3 314.7 318.7 320.9 325.4 330.1 331.6 333.5 335.7
