STL Generation/terr50_gagg_gb/data/NO32.asc
ncols 200
nrows 200
xllcorner 330000
yllcorner 720000
cellsize 50
[rows 152 to 189 of 200, columns 0 to 84 of 200]
-1.9 -1.9 -1.9 -1.9 -1.9 -1.9 -1.9 -1.9 -1.9 -1.9 -1.9 -0.4 0.5 1.6 2.7 14.1 24.2 30.9 34.6 37.7 41.2 43.3 43.4 42.2 46.7 50 51.4 53 53.9 55.4 56.1 55.9 55.6 55.3 57.7 61.3 65.8 70.9 77.2 80.9 84.2 87.2 89.4 92.3 95.1 96.8 97.9 98.7 98.8 99.9 100.9 102.3 102.5 103.6 103.4 103.4 104.2 104.9 104.5 104.2 104.3 105.1 106.3 108.1 108.9 106 112.9 117.2 122.3 128.5 133.9 138.8 143.8 148.2 151.1 153.5 154.9 155.8 155.8 155.4 156.5 157.1 158.2 159.6 165.1
-1.9 -1.9 -1.9 -1.9 -1.9 -1.9 -1.9 -1.9 -1.9 -0.5 0.4 1.6 2.4 6.8 19.5 27 32.3 36 39.2 42.1 45.2 47.8 47.9 49.1 48.7 53.7 55.2 57.3 58.2 58.2 58.6 58.4 58.3 61.1 65.2 69.6 74.1 79.8 85.7 91.3 94.7 98.3 100.7 101.5 103.7 105.4 107 107.9 109.1 110 110.4 111.6 112.3 113 113.7 113.5 113.2 111.9 111.7 111.5 111.6 113.1 114.4 116.9 117.7 115.4 114 121.3 125.7 131.9 136.5 140.4 144.8 147.8 151.1 153.4 153.8 155 155.7 156.3 157.8 159.1 161.8 166 172.5
-1.9 -1.9 -1.9 -1.9 -1.9 -1.9 -1.9 -0.4 0.3 1 1.9 4.1 16.3 23.4 29.6 33.6 37.4 42.3 46.2 47.8 49.5 52.3 53 53.3 47.1 55.9 56.8 57.6 58.8 60.5 61 62.1 64.7 69 73.5 78.4 81.9 87.6 94.3 101.1 106.8 110.9 112.1 112.8 114.5 116.1 117.5 118.8 120.1 120 119.8 120.4 120.5 120.3 120.2 120.1 119.9 119.2 118.6 118.5 119 120.1 121.5 122.7 124.2 124.5 123.3 123.8 124 131.6 135.3 139.5 142.6 145.3 148.2 149.9 151.6 153.6 155.3 157.7 159.1 163.1 169 177.1 179.1
-1.9 -1.9 -1.9 -1.9 -1 -0.4 0.2 1 1.7 2.5 11.9 18.7 25 30 34.5 38.5 44.6 49.6 53.1 55.1 56.3 56.9 56.2 55.4 51.2 55.6 55.4 56.1 58.1 60.2 62.2 67.6 73.5 79.5 86.7 90.3 94.5 97.6 102.7 108.7 116.2 120 120.6 121.9 124.2 124 125 125.9 126.5 125.7 126 126.7 126.5 126.8 126.7 126.6 126.4 126.2 125.7 125.7 126.5 127.4 128.5 128.9 130.8 131.8 132.4 133.5 133.3 135.9 136.3 139.3 140.7 143 145.2 147.1 149.5 152.9 156.3 159.3 164 172.4 181.1 183.8 183.9
-1.9 -1.9 -1 -0.4 0.3 0.9 1.6 2.4 9.1 16.4 21.5 25.9 29.2 34.2 38.9 45.8 52.1 55.8 58.4 60.2 58.6 57.5 57.1 56.7 54.5 55.7 55.5 57.2 59.8 63.2 68.8 78.4 87 93.4 100.9 105.5 109.7 111.2 113.8 118.7 122.4 125.7 126.3 127.2 128.2 129.6 130.8 130.2 130.5 130.8 131.3 132 132.9 133.2 133.2 133.6 133.7 134 133.5 133.2 133.5 134.4 136.3 137.5 138.7 139.5 139.7 140.2 140.9 142.8 143.2 141.8 141.4 143.2 145.4 147.1 149.8 154 156.7 163.2 172.1 180.2 184.5 186.1 185.6
-1 -0.4 0.2 0.8 1.5 2.2 7.9 11.5 17.8 21.5 25.9 29.6 33.1 37.2 44.3 51 54.9 57.7 60.4 60.9 59.3 58.1 57.8 58 57.9 58.6 60.6 64.5 67.5 71.3 79.3 89.1 99.9 107.4 112.3 116.5 123.1 123.7 124.4 128 130.4 132.1 133.5 135.1 137.5 138.6 138.1 139 140 139.5 140 141 142.1 143.8 144 144.2 144.7 144.7 144.1 142.2 141.7 142 140.5 142.2 144 145.5 146.5 146.3 147 146.4 145.9 145.6 145.3 146.1 148.1 149.8 151.8 154.2 161.6 166.4 173.6 180.5 185 186.3 185.8
0.3 0.7 1.4 2 3.5 11.5 15.7 17.3 22.3 26.2 28.8 32 35.7 40.4 46 51.4 55.4 58 60.6 61.1 60.2 58.7 58.5 59 60 63.3 68.9 74.6 77.7 83.8 94 99.5 109.2 118.1 122 126.1 129.8 132.8 133.7 135.6 136.8 140.2 142.8 147.1 151.6 153.9 156.2 154.6 154.1 153.9 154.6 155.6 156.1 156.1 155.7 156 156.7 157.3 155.7 153 151.1 149.7 147.9 147.9 147.7 149.9 150.2 149.4 149.6 147.5 147 146.7 146.3 146.1 147.4 148.2 149.7 153.1 158.4 165.8 172.5 178 183.3 186 185.2
1.5 1.9 2.5 7.1 13 18 20 22.7 25.3 28.3 31.4 34.5 38 41.1 46.4 53.1 56.3 58 60.5 61 60.7 59.4 60 60.8 62.2 69.2 77.4 84.8 90.9 96.5 104.6 110.2 117.1 123.4 127.8 132.2 135 138.2 141.5 143 142.5 144.8 150.6 158.9 165.1 166.7 167.9 168.1 168.4 167.3 166 165.7 165.5 164.7 163.9 162.1 161.5 159.6 156.4 154.6 154.3 153.7 152.8 153.3 153.3 152.9 151.4 152.2 150.6 148.5 148.1 147.5 147.7 147.6 148.1 148.9 148.5 150.5 153.6 160.5 166.5 172.9 179.7 183.1 183.7
3.3 5 11.1 14.5 17.5 20.8 23.1 25.8 28.7 31 33.9 37.2 40.6 44.3 51.3 55.5 57.6 58.7 59.7 60.4 60.7 61.6 62.7 65.1 69.1 78.5 88.4 95.5 101.6 108.4 114.4 119.8 125.6 132.3 137.8 141.1 143.9 146.4 149.5 152.3 157.8 158.2 156.2 161 166.7 169.8 170.7 171.5 171.9 171.1 170.8 169.3 166.8 164.5 162.1 159.3 156.5 154.5 153.1 151.4 150.8 150.3 152.1 151.9 154 153.5 151.5 151.8 150 149.7 151.3 152.5 150.5 150.3 149.1 148.5 146.9 147.6 149.5 154.4 160.9 167.9 174.9 177.9 179.4
9.8 8.3 15.3 17.2 19.3 22.7 26.1 29.1 32 35 39.5 41.3 44.6 50.7 57.1 58.7 59.7 59.9 60.5 60.6 62.3 66.3 70.2 76.3 82.9 92.6 102 106.7 112.4 120.1 126.2 130.8 135.7 142.1 146.1 150.6 154.4 157.8 163.2 169.9 171.8 170.3 167.2 165.2 166.4 166.9 167.9 168.1 168.4 167.6 166.4 164.3 161.8 159 155.9 153.4 151.6 150.7 149.8 148.5 147.5 147.2 149.4 150.7 150.6 151.1 152.1 153.9 156.3 159.1 158.9 158.2 154.4 151.8 148.7 145.2 144 144.5 145.9 148.8 155.2 162.9 169.6 172.6 174.4
15 15.8 15.2 18.1 22.2 25.5 29.5 32.3 35.4 40.2 45 49.9 54.4 56.6 60.5 61.7 62.7 62.9 62.8 65.1 70.1 76.1 83.5 89.9 97.1 104 112 117 121.7 128.9 134.5 139.1 144.4 149.7 154.2 162.1 169.4 171.7 170 169.9 169.1 168.4 168 167.2 166 165.5 164.9 164.9 163.1 162 161 159.5 157.5 155 152 149.7 148.1 147.5 147.3 147.6 148.3 149.5 150.3 149.8 149.9 149.9 153.6 159.2 162.4 162.5 159 158 155 154.9 151.4 144.4 140.2 140.7 140.7 143.3 149.2 156.9 165.9 170.3 172.4
17.1 18.1 19.2 20.2 27.1 31 34 38.1 42.8 47.8 52.1 56.9 59.6 61.1 62.5 63.8 65.3 66.3 68.6 76 82.7 88 95.5 103 106.3 110 113.6 120.3 125.2 134.1 141.4 146.5 151.5 156 160.3 166.2 169.4 168.8 167.3 166.3 165.5 165.5 165.7 165.6 165.4 164.2 162.7 162.6 161 160.4 159.1 157.6 155.7 153 150.9 149.1 148.6 149.8 150.4 153.5 155.7 157.6 161.6 163.1 162.4 162 158.6 160.9 162.3 158.2 151.3 148.8 150.2 160.4 157.5 147.4 139.5 134.4 134.9 137.8 143.2 151.2 162.5 168.5 171
18.9 20.6 22.2 25.5 30.2 35.3 40.2 45.6 51.7 55.7 58.4 61.5 62.7 64 65.3 66.7 68.8 72.6 77.5 86.2 92 98.4 102 103.8 106.1 109.5 115.5 122 128.7 137.8 145.7 151.6 156 161.2 165 167.1 167 165.3 163.8 163.1 162.8 163 163.2 162.8 160.7 159.4 158.6 157.3 158.3 157.8 156.9 155.9 154.2 151.9 149.6 149.8 151.1 154.4 160.9 170.9 181.6 188 189.1 185.9 181.4 172.7 164 155.9 150.9 147.2 145.3 146.8 149.7 164.9 163.4 153.3 140.9 133.6 129.6 132.7 139.1 148.3 159.9 169.5 172.3
20.7 23.7 27.1 32.2 36.9 43.1 47.8 52.6 57.2 60.4 62.7 64.4 65.7 66.9 68.4 70 73.1 79.7 87.7 94.6 100.4 102.6 105.5 109 113.1 116.6 120.5 125.3 133.3 140.8 149 157.7 162.4 167.2 167.2 165.9 163.7 161.4 161.6 162.2 162.4 161.2 159.5 156.5 152.5 151.4 149.2 149.4 150.8 152.6 152.6 151.6 150.3 149 148.2 152.5 163.2 177.5 186 197.3 199.4 192.2 185.6 180.5 175.2 168.1 160.1 150.5 144.1 141.8 143.3 147.6 159.7 168.2 168.3 159 145.8 134.4 128 127.7 136.1 145.6 156.9 168 171.3
24.5 29.4 35.1 40 45.9 51.6 55.3 58.7 61.3 63.2 65.3 67.1 68.7 71.4 71.5 74.2 79.9 87.4 95 99.7 104.5 109.9 114.1 115.8 119 122.2 126.2 133.1 141.9 149.9 154.4 158.4 161.2 163.2 163.5 161.7 159 157.5 158.6 161 161.3 159 153.1 148.3 145 143.5 143.5 144.5 145.2 146.1 147 147.1 146.8 148.9 158.2 176.6 184.1 193.8 189.1 190.3 180.3 173.9 170.2 165.9 161.5 157.2 151.3 143.9 137.2 136.8 141.1 151.2 164 167.6 167 160.8 149.1 135.6 126 124.1 133.4 143.9 154 160 166.3
30.2 37.5 43.9 49.5 55.5 59.1 62.1 64.7 66.6 69.9 71.5 73.1 74.6 76.9 76.6 80.9 86.6 91.5 96.9 104.6 112.3 117.8 120 120.7 122.6 126 132 140.2 146.5 149.4 152.2 154.2 155.5 156.9 156.1 154.2 152 151 152.9 156.1 156.5 153.5 146.6 143.5 144.1 146.7 146.9 147.4 146.1 145.2 144 143.4 146.3 157.4 169.8 175.2 181.4 185 178.1 170.1 164.7 161.5 158.2 154.3 151 149 145.2 138.2 130.8 131 141.8 153.9 159.9 163.3 164 159.7 149.7 136.7 125.7 121.4 130.9 142.4 152.7 156.4 157.6
37.3 46 53.1 58.6 62.5 65.9 67.8 69.9 72.1 75.6 79.2 80.9 84.1 84.6 85 88 93.4 98 102.3 107.9 114.1 119.6 124.7 126.4 127.9 130.2 136.9 142.2 144.3 145.2 146.1 147.5 148.8 149.6 147.7 146 144.1 144.3 145.4 148 149.3 148.7 146.4 154.4 170.7 180.7 179.3 165.2 157.5 152.7 147.2 143.3 145.1 154.5 162.4 167 172.7 167.5 160.5 155.2 151.9 150.4 149.5 147.5 146.3 143.9 140.6 135.3 129.6 128.3 137.6 148.1 154.6 158.9 161 157.1 148.7 136.7 124.4 118.2 126.1 137.1 148.3 152.2 152.3
45.9 51.3 60.5 64.2 68 70.5 72.8 75 77.8 81.3 84.7 88.7 91.5 92.2 93 95.7 100.1 104.1 109.5 112.4 118.4 125.2 132.4 134.4 133.7 134.4 135.8 138.4 139 139.6 140.4 141.3 141.4 141.4 139.6 137.5 136.6 137.7 138.8 141.3 145.2 147.1 152.1 171.9 186.6 187.7 185.2 177.1 168 157.8 151.3 145.6 141.8 144.6 152.8 156.9 157.7 154.3 149.4 146.2 145.3 143.6 143.5 144.1 143.8 141.4 137.6 135.3 130.8 124.8 130.8 140.4 148.6 155.7 158.5 155.8 148.2 136.9 124 115.5 119.5 130 140.2 144.5 146.1
55.9 56.8 63.3 68.4 73.1 76 79 80.5 81.4 84.8 88 91.5 94.6 96.2 98.2 102.1 106.1 110.6 115 118.7 122.6 126.2 137.2 136.1 132.9 132.3 132.9 133.5 134.1 134.6 135.3 135.8 135.8 134.2 132.2 130.1 130.7 132.6 134.9 140.4 144.6 151.2 154.4 163.7 176.1 178.8 177 169.1 163.2 157.4 150 144.2 138.9 138.5 139.6 143.1 145.5 145.1 141.9 140.2 139.6 140.2 141.8 146.3 153 156.1 148.5 140.8 132.5 124.7 122.8 130.3 142.8 151.9 155.3 154.1 149.9 138.4 125.4 113.6 112.4 121.2 130.3 135.2 137.7
62.6 63.6 67 72.9 77.8 81.4 83.5 85.3 85.8 88.6 91.9 95 97.6 100.1 104 109.2 113.2 120.3 127.9 132.3 129.4 131.9 131.5 132.1 131.6 130.5 130.4 130.7 129.6 130.3 131 131.2 129.4 127.5 125.8 125.6 127.1 130.3 135.4 141.9 146.6 153.1 156.8 153.4 161.7 166.8 164.6 158.2 153.6 149.1 145.4 140.4 134.9 132.2 132.6 133.6 135.3 135.7 135.2 135 134.7 137.7 146.2 153.9 156.3 154.9 151 145.5 136 126.6 117.9 120.7 133.9 144.2 149.3 150.2 147.5 138.8 127.1 115 105.8 111 120.4 127.1 130.1
67.3 69.8 71.4 76.1 80.6 84.1 86.1 88.1 90.2 91.8 95.9 98.8 102.7 106.3 111.2 121.5 137.5 141.9 151.4 152.7 150.6 145.6 137.1 134.4 132.4 130.3 131.3 130.8 128.1 126 126.6 124.9 123.6 122.4 121.7 122.9 125.8 131 137.8 144.2 148.8 151.7 153.8 149.6 146 152.9 151.9 146.5 142.7 138.9 135.1 130.9 127.7 127.1 126.2 128.3 129.4 129.3 129.8 130.4 132.1 139.3 150.3 153.6 156.4 157.2 153.8 147.1 137.8 128.4 118.7 113.9 125 137.5 145.4 145.4 144.4 137.9 127.7 117.2 106.1 102.5 110.8 118.8 122.2
72 74.7 77.1 80.4 83.7 86.7 88.7 90.7 92.7 95.4 99.3 103.2 108 112.9 118 145.6 152.1 154.9 156.4 155.7 153 148 143.1 139 135.5 132.7 132.5 130.8 128.2 125.9 123.2 121.8 120.8 119.2 119.1 121.7 129.4 138.5 148.3 153 150.7 148.7 148.1 145.1 140.6 138.7 138.8 135.7 133.5 130.1 125.1 122.5 120.9 120.8 121.8 126.5 129.9 127 126 126.9 130.4 142.1 148.8 153.1 154.8 155 153.5 147 138.9 128.2 118.8 110.3 117.1 129.9 139.6 141.5 140.4 136.4 127.5 118.5 107.9 99.7 101.1 108.1 110.9
77.3 79.9 82.9 86.2 89.5 91.4 93.1 95.2 97.6 100.2 104.2 108.7 112 117.5 124.8 136.4 151.8 155.1 156 155.8 153.8 151.7 147 142.6 138.5 136.3 134.4 133.4 131.7 129.3 125.9 122.6 118.6 117.8 119.6 133.5 152.7 158.9 156.7 153.3 150.8 146.9 143.5 140.5 137.3 132.3 129.5 128.3 125.9 124.3 119.3 117.9 118.5 122 125.6 127.1 128 127.1 122.8 121.5 127.1 138.1 146.4 151 151.6 151.8 151.8 148.5 139.9 128.5 118.8 109.2 110.8 122.8 132.6 135.5 134.3 131.7 126.7 118.6 109.6 100 93.5 95.5 97.5
82.5 85.1 88.5 92 94.8 96.4 98.1 99.8 103.1 106.7 111.6 115 118.6 120.5 128.8 141 145.6 151.1 153.7 153.7 153.5 151.4 149.3 145.8 141.2 138.6 136.2 134.6 133.3 132.2 128.4 122.8 118 116.4 125.8 144.9 158 159.5 159 154.3 151.8 147.1 141.4 136.7 133.6 128.4 124.1 121 119.4 118.3 115.6 116.5 121.7 130.9 131.3 129.9 126.8 124.8 121.6 121.5 121.5 129.8 140.3 147.1 151.4 151.5 150.2 149.1 142.3 131.6 120 110.1 104.6 114.9 123.3 126.6 124.8 123.2 120.9 114.9 109 100.6 92.3 88.5 89.7
87.8 90.2 93.8 96.8 99 101.1 102.9 105.4 109.7 115.1 119.9 123 123.6 125 127.7 132 137.6 147.4 153.3 154.8 154.8 153.7 150.7 147.4 144 141.6 137.2 134.2 132.5 130.7 127.6 122.7 117.9 116 127.5 146.8 154.2 156.1 151.3 148.4 146.6 143.6 139.4 134.5 129.2 124.3 119.4 116.4 114 113.4 114 117.6 127.1 133.3 135.3 134.2 130.9 126.4 122.5 121.8 121.8 121.5 131 141.2 147.8 151.1 150.2 150 144.2 134.6 123.1 110 101 104.5 114.9 117.9 115.5 113.4 115.1 113.3 105.8 99.8 93.1 86.5 86.2
92.3 95.1 97.7 100.3 102.9 105.3 108.4 115.6 121.7 125.9 129.3 132.7 131.9 130.3 130.8 132.3 137.5 146.7 152.9 154.7 154.6 153.2 150.9 148.9 146.7 141.7 136.9 134.5 132 130.6 127.4 122.3 117.6 116.1 123.5 135.4 139.6 143.6 141.2 139.3 137.9 135.3 132.3 127.7 123.4 119.1 114.8 112.2 111.3 111.9 116 124.5 132.7 137.9 139.9 138.9 134.5 129.7 123.9 122.1 122.4 123.8 126.9 135 143.4 150.2 152.1 151.4 145.8 136.7 126 113.8 103.8 95.6 104.2 108.6 105.7 103.9 107.2 109.6 102.3 96.7 90.5 84.8 83
95.2 98.5 101 103.9 107.4 113.1 125.1 132.4 137.9 141.7 143.3 143.2 141.9 140.5 137.8 135.5 138.7 146.7 150.2 152.1 152.5 151.2 149.3 146.4 144.1 140.8 137.2 134.8 131.9 131.2 127.3 122.7 119.4 116.4 116.1 121.8 124.6 128 129.3 127.2 126.9 126 123.7 119.1 116.4 113.3 110.9 109.9 110.5 113.3 120.4 127 136.8 141.5 142.5 142 137.8 132.8 126.7 122.6 122.5 124.4 128.7 132.7 137.9 145.1 151.6 151 146.4 139.1 130 119.2 108.4 97.6 92.4 95.3 95.3 95 96.5 96.5 96.1 93.3 87.9 82.9 80.7
98.4 102 105.5 110.3 120.5 130.9 135.1 141.5 145 149.7 152.4 151.3 150.3 148.9 145.7 141.8 140.2 145.2 147.5 148 148 147 144.8 142.6 141.3 139.6 137.9 135.8 134.3 132.2 129 125.6 122 119.2 116.9 114.9 116.8 120.7 123.2 122.4 120.3 117.1 114.4 112.1 110.6 108.9 108.4 109.4 111.8 116.4 122.6 129.8 139.4 143.7 145.7 146.2 141.6 135.7 128.9 123.6 122.5 124.2 130.3 133.6 135.7 135.5 142.6 148.6 146.1 139.4 132.9 124.2 113.6 103.2 93.4 89 87.7 87.1 86.3 86.5 86.4 85.8 83.7 80.5 77.4
104.1 108.4 112.6 117 126.9 135.4 141 146 151.7 157.5 158.3 157.6 155.7 153.6 149.2 145.8 144.1 146.6 146.9 145.6 144.8 145.3 144.2 144 143.9 143.4 140.6 138.3 136.5 134.2 131.7 128.4 124.5 122.5 120.2 118.3 115.6 116.3 118.4 118.6 116.5 113.2 110.1 107.9 106.9 107.1 107.6 109.6 113 119.1 126.5 133 140.5 147.2 151.3 150.7 145.8 139.1 131.6 124.8 122.7 124.9 131.5 134.5 134.3 130.9 132.7 138.6 140.5 137.8 133.2 129.1 119.4 109.5 100.2 91.8 85.3 82.3 81.4 79.8 78.5 78 77.1 75.1 74.3
112.9 119.8 127.7 130.7 131 139.6 147.8 153.3 156.9 160.3 161.7 161.4 162 157.9 153.5 150.9 150.2 148.6 146 146.5 147 152.2 152.4 151.6 149.8 146.8 143.1 138.8 135.5 132.2 131.1 128.6 125.7 124.1 122.4 118.9 116.2 114 113.4 113.6 112.7 110 109.5 107 105.8 106.2 106.9 108.6 114.5 121.5 128.8 135.4 141.5 146.9 151.8 152 148 141.5 133.8 126.2 124.3 124.9 129 133.3 136.5 134.7 127.7 127 132.5 134.5 130.6 126.6 121.2 115.3 108.1 100.3 92.3 85.8 79.6 75.7 75.3 73.2 71.8 71.3 71.8
130.4 134.4 142.7 146.1 146.7 146.4 151.1 156.1 160.8 162.6 163.6 164.5 163.5 160.7 157.3 153.9 153 149.3 147.6 151.2 153.6 152.8 156.7 154.7 150.5 146.3 141 136.3 133.3 130.4 128.7 127 126.6 125.4 123.4 120.5 117 115.3 112.5 111.3 109.9 108.7 109 107.3 105.5 104.2 104.7 109.4 117.1 123.8 128.7 133.9 140.1 144.6 148.6 148.3 145 140.5 135.1 130 127.2 125.7 126.3 129.3 132.5 135 132.2 127.5 122.3 126 127.9 126.3 126 121.4 114.3 106.6 98.2 91.5 85.4 79.6 74.2 70.9 70.3 69.6 70.1
147.3 148 152.6 154.8 156.2 157.1 157.3 156.9 161.8 164.8 164.6 164.7 163.6 160.8 157.6 153.9 151.6 151.1 159.1 160.6 158.5 155.6 155.9 155.6 149.7 143.9 138.6 133.7 129.5 126.5 124.7 123.8 123.8 124.3 123.6 122.2 119.8 120.9 119.5 114.2 112.3 111.1 108.3 106.5 104.9 102.4 104.4 108.4 114.3 121.8 126.1 131 136.3 140 143.3 143.5 140.4 137.9 134.7 131.6 129.6 127.4 124.9 125.6 127.4 128.4 128.1 126.8 123.8 119 123.5 125.4 127.9 127.1 122.3 116 107.3 100.2 92.8 85.6 79.6 74.2 70.4 68.6 68.3
158.9 158.6 160.5 162 162.9 163.2 162.1 160.4 162.8 164.9 164.8 163.3 161.2 159.6 156.6 153.5 153.7 159.1 164.7 166.9 166.3 164.6 160.8 155.5 148.6 141.8 136.4 133.3 131.4 130.2 127.7 126.6 126.5 126.4 128.1 131.7 138.3 141.2 139 136.3 126.4 115.2 109.8 106.4 103.6 102 101.7 105.6 109 115.5 122.2 126.7 133.3 136.5 138.6 137.5 136.2 134.5 132.6 131.6 130.4 128.1 125.8 123.8 124.2 125.3 125.2 125.1 123.5 121.3 118.3 121.8 123.2 124 122.1 120.7 116.5 108.9 101.6 94.8 86.9 81 75.7 70.1 67.1
165.7 165.9 166.6 167.3 167.5 166.5 164.9 164 163.6 162.9 162.5 161.7 161.6 159.9 156.4 156.4 156.8 164 170.1 174.5 178.6 173.5 165 157.2 148.4 145.3 150.7 151.2 153.2 156.2 159.7 157.4 149.6 143.4 137.8 143.1 146.5 149.3 147.8 144.8 137.5 129.1 118.1 111.5 104.4 101.1 96.8 99.7 102.7 107.4 114 120.7 129 133.5 134.9 134.2 132.4 131.1 130.7 129.6 128.8 128.1 126 124.1 122.3 122.5 122.8 122.3 122.8 122.4 118.8 115.9 116.1 118.5 121.4 122.6 119.4 114.2 108.7 101.9 95.1 88.3 81.8 75.5 70.6
171.5 171.7 173.1 175.2 175.6 175.4 174.2 171.6 169.6 168 167 165.6 163 160.5 158.1 157.2 160.2 165.1 171.4 178.1 178.9 174.2 166.8 158.6 149.7 156.1 164.7 173.3 176 171.1 170.9 171 165 154 145.8 138.7 144.8 146.1 141.2 138.5 133.1 129.2 125.9 118.8 111.6 105.9 99.5 94.2 95.5 99.5 105.6 113.4 120.8 126.8 129.7 130.1 129.4 128.9 128.7 127.7 126.5 125.9 123.9 122.3 122.2 122.3 122.5 122.6 124.9 125.9 123.6 119.9 114.3 114.9 117.8 124.1 121.9 117.3 110.9 104.9 99.4 93.4 87.3 81.7 77.1
180.1 184.6 188.6 193 194 192.7 191.1 186.5 181.6 180.6 178.8 175.7 172 167.9 164.2 160.5 166 168.9 171.5 176.3 175.7 171.4 166.3 158.9 151.9 153.1 163.8 169.4 170 166 161.5 157.8 154.4 150.1 144.3 139.5 135.4 135.2 134.4 129.8 125.6 124.6 122.3 119.1 113.4 107.9 103.7 98.5 92.9 92.3 96.9 104.4 111.1 117.7 122.8 124.3 125 126.1 126.4 125.8 124.6 123.4 122.1 121.9 121.9 122.8 121.9 128.2 128.9 130.8 129 125 118.3 113.2 115.7 115.9 118 115.6 111.3 105.6 100 94.9 90.1 85.6 80.1
190.8 198.8 213.5 217.7 221.8 222.4 218.3 210.2 205 201.3 196.6 190.6 185.4 181.5 177.6 174 173.5 173.2 171.6 172 171.8 168 162.2 158.4 153.7 151.4 156.9 157.7 156.8 153.8 149.9 147.4 145.4 141 136.2 133.8 132.2 130.9 129.1 126.8 124.9 122.2 118.4 114.6 110.3 105.8 103.8 101.2 96.3 90.7 88.7 94.1 101.7 109 114 117.5 119.3 121.9 123 124.2 123.2 122.2 122.1 121.9 121.9 126.8 129.9 131.2 132.6 134.4 134.5 133 127.8 120.5 115.4 113.9 110.7 109.2 106 101.3 96.8 93 89.3 85.1 82.3
219.5 235.3 240.2 241.7 242.7 241.6 236.9 230.8 227.3 221 213.6 204.3 200 195 190.4 182 179.6 178.9 177.6 172.6 167 162.9 158.5 154.8 149.4 144.6 146.3 147.6 146.8 145.5 143.3 139.6 136.3 132.2 129.3 128.4 128 128.9 128.4 126.6 122.8 116.5 111 107.6 104.6 100.8 99.7 98.2 94.7 89.7 87.2 85.8 91.3 98.5 105 110 111.9 114.8 117.8 121.1 122.2 123 124.2 125.4 128.1 130.7 132.9 134.4 136.4 138.2 139.2 138.2 136.5 131.1 124.4 116.8 114.1 108.9 105.4 98.8 93.2 89.9 86.7 84.3 81.6
