STL Generation/terr50_gagg_gb/data/NO37.asc
ncols 200
nrows 200
xllcorner 330000
yllcorner 770000
cellsize 50
[rows 70 to 104 of 200, columns 78 to 155 of 200]
759.6 762 770 775.1 779 782.8 784.7 786.8 786.3 785.2 786.7 785.1 782.9 781 779.3 778 784.6 790.2 793.5 803.5 812.9 820.3 825.2 828.3 828.4 825.5 822.3 816.5 807.4 794.6 780.2 768.4 756.4 746.6 735.4 726.2 725 728.9 726.8 717.5 707.2 694.4 687.7 703.6 715.8 728 739.1 747.9 754.3 759.2 764.2 768 772.5 774 775.9 777.1 778 780.2 781.1 780.2 776.3 769.8 759.1 748.9 740 733.3 726.4 729.3 737.4 748.6 758.3 770.3 782.3 794.5 806.9 816.7 822 823.7
760.8 769.3 775.2 781.3 786.8 788.3 791.6 793.5 792.9 793.3 791.3 788.6 787.4 785.7 780.1 778.1 783.3 788 793.1 800.4 810.7 818.9 824.3 827.6 828.2 827.2 824.1 817.8 809.3 796.5 784.3 770.8 759 748.9 739.3 729.4 726.6 728.8 727.8 718.9 709.1 697.3 694.5 707.1 716.9 727.7 740 750 758.4 765.7 773.1 779.6 782.6 783.1 783.8 784.5 784.5 786.6 788.9 787.6 784.2 778.4 768.5 756.6 747.1 738.8 735.1 731 738.2 748.8 760.3 771.8 784.1 795.3 807.1 814.8 819 820.6
765.1 773.5 781.8 788.2 792.6 795.4 796.4 799.1 799.3 799 797.9 796.7 795.3 792.9 786.3 781.3 782.9 786.7 794.2 800.7 807.7 816.1 822.2 826.9 829 828.4 824.5 818.4 809.3 797.2 784.7 772.8 760.6 751.1 741 732.7 728.4 731.1 727.7 719.4 709.3 698.3 699.2 709.1 718.1 729.4 740.5 750.1 760.2 770.7 778.7 788.6 790.8 792.2 792.2 792.1 791.5 793.3 794.2 793.7 791.5 786.3 777.1 765.5 755 745 743.6 742.1 738.8 748.8 762.1 773.3 785.3 796.5 804.7 812.2 815 816.2
770.9 779.7 786.4 791.7 797.4 800.7 802.4 804.4 803.4 803.8 802.7 801.9 799.5 798.1 794.9 789.2 786.8 789.2 792.2 797.8 804 812.5 820.8 827 829.3 828 824.1 817.7 808.8 796.7 784.4 772.5 762 752.4 740.9 733 731.7 732 727.6 719.2 709.2 699.7 703 711 720.5 730.7 740.9 751.5 762.8 773.2 785 794.8 798.9 801.3 801.3 799.2 798.7 799.5 799.9 800.3 798.3 794.2 785.8 774.6 763 753.1 753 752 749.3 748.9 761.8 774.2 785.2 795.4 803 808 810.7 812.2
776.5 784.1 785.9 795.3 800.7 804.7 806.7 807.4 807.7 808.4 808.6 808 807 806 801.7 797 794.5 795.3 794.1 796.8 801.4 809.1 819.2 826 827.4 826.2 822.4 814.4 804.1 792.5 781.3 770.9 760.4 750.2 740.1 735.5 732.9 731.7 726.2 718.4 708.7 705.4 705.6 711.7 720.8 730.3 741.8 752.9 764.2 776.2 788.9 798.5 805.1 808.5 808.6 806.4 805.3 805.1 805.6 806 804.5 800.5 792.9 784.7 774.3 767 764.9 763.1 758.6 750.7 761.1 773.7 784.8 794.2 800.4 804.6 807.2 809.1
778.4 782.1 785.9 797.1 801 806.9 808.7 811.2 812.1 811.6 812.5 813.4 813.8 814.1 809.6 804.4 801.9 802.2 800 801.9 805 813.1 816.8 821.4 823.7 822 819 808.8 797.2 786.5 777.6 766.9 760.3 749.6 743.6 739.2 734.2 730 724.8 717.8 709.1 711.2 712.3 713.5 721.2 730.4 741.3 753.3 764.4 776.8 790.3 800.2 807.7 811.8 813.7 813 811.9 810.9 811.2 810.5 808.6 807.7 803.3 795.6 786.2 781.6 778.8 774.1 767.7 762.1 762.5 772 782.8 791.4 798 802.1 804.6 806.2
779.3 781.5 789.2 795.7 802.7 807.6 810.2 814.1 818.4 818.9 819.3 819.5 820.4 818.9 815.8 810.2 808.2 809.2 810.7 812.5 815.4 820.4 821.4 824 823.8 820.1 812.9 802.2 793.1 782.1 771.1 764.6 760.9 756 749.6 741.9 733.6 729 723.5 717.8 712.7 716.1 716.9 718.6 722.3 730.7 740.3 752.7 765.1 777.5 789 800 808.4 814.7 817.4 818.9 818.4 816.8 816.6 816.4 816.3 815.1 811.7 804.8 799.3 795.4 791.7 787.6 778.8 769.7 773.1 778.8 780.9 787.8 794.7 799.7 803 803.5
780.4 783.6 788.4 795.5 803.5 807.5 812.8 817.6 823.6 825.2 826.9 826.2 824.4 822.3 820 816.5 814.8 818.3 821.1 820.9 825.1 826.7 827 826.7 824.8 818.5 807 799.5 790.9 779.6 769.2 766.9 766.7 762.5 752.8 745.9 738.6 730.4 724.8 719.8 716.7 721.6 723.6 725.9 725.2 730.8 739.6 752.1 764.4 777.2 788.9 798.3 807.2 815.1 820.2 823 824.6 823.2 822.8 822.5 822.5 822.8 819.9 814.4 810 806.8 803.4 797.7 788.7 780.2 781.5 789.7 791.5 795.2 798.9 801 801.3 801.5
783.5 781.3 787.2 797 803 812.3 818.3 823.3 827.7 830.8 831.5 830.5 827.3 825.8 824.7 825.3 825.6 829.1 831.4 830.3 833.2 833.4 832.4 830.8 826.5 814.7 803.3 799.5 790.4 777.9 774.1 773.3 770.7 766.2 761.2 755.8 747.8 737.6 729.4 722.1 721.1 726.6 729.7 731.7 731.6 732.7 740.4 751.9 764 774.3 785.4 795.4 804.6 813.7 821.3 827.2 830.3 829.5 828.9 828.6 829.7 830 828.5 824.1 819.4 816.5 812.4 806.7 798.4 791.6 789.3 797.2 798.3 800.4 801.8 802 801.1 799
785.1 777.3 790.6 798.7 805.2 815.8 821.4 826.5 830.6 833.3 833.6 831.7 829.6 829.1 830.2 833.9 836.2 839.2 840.7 839.9 841.9 841.2 839.6 835.2 827 813.4 804.8 798.2 789.7 779.2 779.8 778.6 772.9 770.6 769.1 763.7 756.1 745.7 734.9 724.7 725 730.2 734.4 737.9 739.1 737.7 741.3 751.3 761.7 771.5 781.1 792 800.7 810.6 821.1 829 832.9 834.2 834.3 835.1 835.9 836.9 835.4 832.6 828.4 823.6 818.5 813.4 807.4 801.2 799.1 802.4 804.1 805 805.6 804.5 802.1 799.8
783.8 773.1 792.4 800 800.3 811.4 825.8 829.7 834.4 836.6 835.5 833.5 833.9 833.3 835.6 839.1 842 845.2 847.9 848.8 849.8 849.3 846.3 841 828.1 814.2 808.2 801.2 794.1 793.8 788.3 784.1 776 775.9 774.6 769.1 761.2 749.7 738.3 728.7 730 736.2 741.6 747.5 748.8 746.6 744.1 750.9 759.4 768.3 778.2 787.5 798.1 808.5 819.9 829.1 833.9 837.2 838.9 840.2 841.5 841.8 841 837.8 833.6 828.7 823.2 818.2 812.6 807.2 805.3 806.9 807.5 807.9 807.8 806.1 803.1 799.6
754.9 773.7 788.7 763.7 771.5 780.9 806 826.2 833.1 835.8 834.6 835.4 834.5 837.5 842.5 844.3 847.9 851 854.4 855.4 855.6 854.5 851.1 844.8 831.4 820.2 813.3 808.6 806.5 803.6 794.6 789.6 784.7 785.6 783.6 776.2 765.8 753.5 743.9 735.8 734.6 741.5 749 756.1 757.8 756 752.1 757.5 761 766 774.7 784.6 796.6 806.5 818.5 828.8 835.9 839.4 842.2 845.3 846.5 846.1 844.2 841 836.5 831.1 825.3 819.8 815.3 811.1 809.1 808.8 809 808.6 808.4 806.8 803.2 799.4
714.8 706.9 706.4 722.9 736 751.8 768.3 788.2 813.1 827.6 829.1 834.3 838.7 843.9 846.8 849.6 851.6 855.2 858.9 860.1 859.8 857.9 855.2 847.1 837 827.9 819.2 815.3 814.9 811.6 800.2 796.5 794.6 795.3 790 782.9 772.5 761.2 755.5 746.5 741 747.6 756.2 763.4 766 765 761.4 765.1 769.6 773.8 776.3 786.5 795.5 806.1 817.6 828.6 836.5 841.4 845.3 848.5 849.1 847.4 844.9 841.6 837 831.7 826.3 820.7 816.2 812.3 809.2 809.6 808.2 806.7 807 805.1 802.2 797.4
653.6 661.2 672.1 686.4 701.2 726.9 745.5 759.6 776.9 802.8 824 836.1 842.4 846.8 849.6 851.3 853.3 858.5 862.3 864.3 863.2 860.1 856.3 848 841.3 834.3 829.6 829.2 822.2 817.5 808.4 801.7 803.7 803.6 798.1 790.3 781.6 774.5 766.6 756.8 750.5 753.5 760.8 770.3 773.8 773.7 770.5 774 780.8 785.6 785.4 789.8 797.1 805.3 816.6 827.2 835.9 842.4 847.3 849.9 849.1 846.9 843.7 840.2 836.1 830.9 824.8 820.2 816.2 813 809.6 807.7 805.5 803 802.9 802.3 800 794.9
631.4 631.4 637.3 655.8 672.4 693.9 715.3 732.3 753.7 783.2 815 836.9 843.4 847.3 849.4 851.8 855.6 860.2 864 866.3 865.2 859.6 856.1 848.6 845.9 841.6 838.9 836.5 830 820.1 811.8 809.4 811.3 810.9 807.2 800.7 796 789.7 779.8 768.9 762.7 763.9 768.8 775.4 781.7 781.9 780.5 780.9 787.5 792.2 794.4 794.5 799.1 806.4 815.6 825.8 835 842.5 847.5 849 848.6 844.6 840.8 837.5 832.9 827.1 821.8 817.4 814.5 811.1 806.1 803.5 801.8 798.4 796.8 797.2 795.4 789.3
631.4 631.4 631.4 631.4 648.8 671.6 692.3 723.9 748.6 771.2 792.5 813.9 842.3 845.7 848.6 854.7 858 861.9 865.8 866.2 865.7 861.8 855.5 849.8 849.6 848.4 847 840.8 835.8 826.5 815.1 817.8 817.1 817.8 817.3 814.8 811.1 802.8 793.5 782.7 775.8 776.6 781.3 785.3 789.8 790.3 789.8 787.8 793.8 797.5 800.3 801.4 799.1 808.4 816.9 824 832.9 840.7 847.1 849.1 848 843.5 837.1 833.1 828.8 822.9 816.9 813.1 810.1 806.8 803.4 797.7 795 787.5 786.8 787.1 783.5 777
631.4 631.4 631.4 631.4 633.6 651.7 679.1 713.1 730.7 760.5 791.4 799 826.1 843.9 848.4 854.2 859.4 864 866 866.9 866.2 863.2 856.6 852.9 853.1 854 851.3 846.9 841 835.1 822.4 824.5 823.5 822.9 825.1 825.3 824.6 817.9 810.2 799.5 790.7 789.4 793.2 796.2 798.1 799.5 798.3 795.6 799 802.1 804.6 806.7 806.7 808.1 815.3 822.4 830.7 840.6 847.2 850.1 848.1 842.5 834.1 828.9 822.6 816.6 811.3 808.5 805.7 802.9 800.1 794.9 785.8 776.6 773.7 771.6 768.3 762.1
631.4 631.4 631.4 631.4 631.4 638 666.9 693.9 714.3 748.8 780.9 797.3 809.5 839.7 846.3 852.3 858.5 863 864.8 866.6 865.9 860.7 856.1 856.8 858.2 857.1 853.5 849.5 845.1 837.9 833.2 830.2 829.8 830.6 832.8 832.9 833.6 831.6 825.7 816.5 807.9 805.3 807 807.1 809.1 809.2 808.2 804.1 804.1 807 808.2 811 813.3 813.4 817.6 826 833 842.1 847.8 850.3 848.2 842.6 833.1 826.7 817.3 811 806.5 802.3 800.4 798.2 794.8 789.7 779 769.4 766 763.9 762.3 761
631.4 631.4 631.4 631.4 631.4 631.4 661.9 676.7 706.2 743.6 775.8 791.2 799.8 821.5 843.3 852.1 855.7 857.9 860.4 860.5 863.7 856.1 856.7 858.5 860 859.4 853.7 849.6 845.9 838 837.8 832.9 831.7 834.3 838.1 838.4 840.1 839.6 837.3 832.2 822.2 820.8 819.9 817 820.8 820.4 817.2 813 810.9 811.1 811.3 814.5 818.3 821.5 825.4 831.1 836.3 844.1 847.7 849.7 847.9 843.4 834 824 814.7 807 800.9 797.9 795.6 793.9 791.2 784.3 772.6 769.9 769.7 767.5 768.2 767.9
631.4 631.4 631.4 631.4 631.4 631.4 659.1 673.2 699.8 733.7 766.4 789.2 801.4 809.9 834.3 849.4 851.9 851.8 851.7 853.1 851.2 851.4 851.9 859.2 860.2 857.9 853.4 851.2 848.9 842.8 838.9 835.7 832.9 836.4 840.8 843.6 845.4 845.6 844.4 841.5 836.3 831.6 829.2 828.9 829.7 829.9 827.1 822.9 819.3 818.3 816.4 819.1 825.1 829.5 833.5 837.7 842.2 848.3 850.5 851 848.4 843 834.1 823.4 811.3 804.9 798.3 792.3 788.1 788.4 786.3 778.9 773.6 776.1 777.1 778.9 779.9 782.4
631.4 631.4 631.4 631.4 631.4 631.4 654 674.5 697.7 726.4 757.8 784 800.9 811.9 823.9 842.9 844.9 842.2 840.7 837.8 841.7 845.5 850.7 855.1 856.6 856.4 854 852 849.1 845.6 839.8 835.2 833 834.8 841.4 846.8 847.7 849.6 849.7 848 844.8 841.3 837.9 836.9 837.4 837.8 835.2 831.6 827.8 824.8 822 826.1 830.5 836.1 840.7 844.8 848.4 851.9 853.6 852.3 849 843.3 833.4 822.6 811.9 803.8 795.7 790.5 785.8 784 780.9 780.7 785 785.2 787.4 788.8 792.1 793.2
631.4 631.4 631.4 631.4 631.4 633.9 649.3 677.5 705.3 721.3 753.3 780.1 795.3 806.6 824.8 833.8 834.3 830.5 824.3 825.7 833.4 838 843.4 846.4 852 853.1 853.1 851.6 847.7 844.1 839.4 834.2 832.7 835.4 841 844.4 847.1 851.1 853.4 852.3 850.2 847 843.8 842.6 843.1 842.6 839.9 837.2 834.3 829.9 827 830.6 835.5 839.7 844.9 849.5 852.6 854.5 854.1 852.6 848.4 842.3 830.2 820.5 807.3 799.7 792.9 788.8 788.9 788.5 790.4 790.2 792.6 793.8 795.7 798 801.1 801.9
631.4 631.4 631.4 631.4 631.4 638.3 655 670 702.2 728.4 752.2 773.4 788.4 800.6 819.5 823.2 820.8 816.2 809 814.6 824.3 829.5 834.5 840.3 846.2 848.9 849.7 849 846 843.6 838.8 833.9 831.2 835.7 839.8 842.1 845.4 850.6 854.3 855.4 852.8 849.7 848.4 846.9 845.1 844.3 842.8 840.7 837.8 834.6 830.4 833.5 837.1 842.1 847.3 852 854.6 854.8 854.1 851.7 846.7 837.7 826.9 815.7 804.2 799.1 795.2 792.6 794.7 798.1 798.5 799.2 802.6 804 806.1 807.7 809.7 809.7
631.4 631.4 631.4 631.4 631.4 644.7 658 671.2 689.4 720 748.7 771.7 785.9 798.8 808.8 810 807 800.3 795.9 801.4 810.7 818 823 833.2 840 843.5 845.1 845.8 843.9 842.8 836.9 832.3 828.2 834.4 837.8 841.2 845 849.5 854 855.6 853.5 851.8 851 848.5 845.5 843.7 842.7 841.5 839.9 837.8 835 835.9 839.2 844.2 848.6 852.7 854.5 854.3 853.6 850.3 844.6 834.3 823.7 813.1 805 800.1 798.6 798.3 802.1 806.6 811 814.1 816.7 817.9 818.7 818.2 816.8 814.6
631.4 631.4 631.4 631.4 640.6 650.4 659.9 671.7 687.9 708.7 736.8 760.4 780.5 791.6 796.9 797.1 792.9 785.8 782.1 786 794.1 802.2 813.8 824.5 833.5 838.3 839.3 843.2 843.6 841.3 835.2 829.7 824.8 829.8 834.8 839.7 843.2 846.8 851.6 853.7 853 852.6 852.1 848.8 845.4 842.2 841 841.4 840 838.4 836.3 835.6 839.7 843.3 848 851.2 853.6 853.3 850.8 847.6 842.9 831.6 821 810.2 806 805.4 805.2 805.9 809.6 815 820 823.1 827.2 830.9 828.8 825.8 822.4 819.1
631.4 631.4 631.4 635.2 649 657.5 661 673.4 689 707 732.2 753.9 770.5 779.8 784.2 782.4 777.1 768.2 764.3 768.1 777.5 789 804.8 814.9 824 829.3 834.9 840.1 842.9 839.8 833.3 828.3 818.2 825.5 830.7 836.3 840.5 843.6 848.1 851.4 852.3 852.8 851.2 848.5 844.8 841.4 838.6 839 837.7 837.8 836.7 833.4 836.7 842.7 847.6 850.5 852.5 851.6 849.9 844.2 837.9 827.8 818.3 813.9 812.1 812.7 814.8 817.5 818.9 822.9 828.9 835.7 839.5 839.5 835.9 832.5 828.1 822.9
631.4 631.4 631.4 644.8 656.3 661.8 666.4 677 690.2 706.1 729.7 744.7 758.4 765.6 767.2 765 758.9 751.1 743.8 751.8 765.6 779.9 793.7 804.1 812.3 823.2 831 835.9 839.2 836.7 831.4 825.7 818 818.5 826.6 831.7 835.5 840.3 844.3 847.2 850.2 851.1 849.9 847.3 843.1 839.6 835.3 835 833.7 837.1 835.6 830.7 835.9 841.3 845.2 847.3 850.9 849.6 847.3 842.7 836.1 828.5 823 821 820.7 822.5 824.8 826.1 829.2 833.2 838.4 844.3 846.8 845.7 842.4 837.7 832 827
631.4 631.4 639.4 648.5 660.3 667 674.3 682.5 691.7 710 724 735.8 745.7 750.6 749.8 745.8 737.4 731.2 728.8 741.4 756.7 771.4 784.5 794.9 806 816.2 825.4 831.4 834.7 832.7 828.3 823 814.8 814 822 826.6 830.6 835.4 839.4 843.8 847 848.1 847.5 843.5 839 835.5 831.3 827.1 832 836 833.9 829.6 835 837.3 840.3 844.7 847.4 846 846.3 844.7 840.8 833.3 831.1 829.9 833.3 835 837.4 838.1 839.2 842.1 847.4 850.5 850.9 849.5 846.5 842.7 837.6 832.7
631.4 631.4 640.5 652.2 661.6 669.2 676.6 684.1 694 708.4 719.5 727.7 733.3 734.7 732.9 724.7 717.1 713.5 720.8 735 750 763.8 778.1 789.9 799.1 808.4 817.8 824.9 828.5 828 825.1 820.6 812.7 809.9 817.4 820.6 825 830.5 834.9 841 844.4 844.9 843.1 838.4 833 828.3 824.1 822 828.6 831.8 830.7 827.6 832.3 832.7 837 841.7 843.7 844 845.8 844.3 844.5 839 839.9 841.4 844.7 847.6 849.3 849.9 851.7 853.1 854.8 856.1 855.6 854.1 850.4 846.7 841.7 836.1
631.4 631.4 644.1 653.8 661 668.8 675.9 682.8 693.2 703.3 711.4 717.1 718 717.8 713 705.3 700.2 703 717.4 731.3 742.5 755.5 771 784.4 793 801.2 810.3 817.1 821.5 824.8 821.8 817.3 812 805.1 812.4 816.4 821.3 826.2 831.1 837.3 840.9 841.3 837.3 830.6 824.7 820.2 816 819.5 823.6 825.9 825 822.7 828.3 831.9 834.3 836.5 840.1 843.6 844.7 845.2 845.9 847.6 849 851.4 854.9 856.9 857.4 858.8 861.2 861.9 861.5 861.6 860.3 857.9 854.1 849.6 844 838.4
631.4 632.9 645.1 654.1 661 666.9 672.4 680.2 688.4 695.4 700.5 702.5 701.9 698.7 693.4 687.3 685.3 699.7 713.3 725.8 736.1 747.1 759.7 774.6 785.3 794.4 805.5 811.1 816 820.5 818.3 814.1 809.6 801.6 808.8 812.8 816.8 822.5 827.5 833 836.1 836 830.2 822 816.4 811.7 810.4 815.1 819.5 821.2 817.8 818 823.5 828.8 830.7 832.7 836.7 840.1 842.8 846.3 849.8 852.6 856 860.3 862.9 865.3 867.1 869.9 870.7 869.5 868.7 866.5 864.9 861.6 856.9 850.8 845.2 839.6
631.4 637.4 646.5 652 658 663.7 668.5 675.1 681.1 684.8 687.3 688.3 686.5 682.4 677.3 673.3 680.2 696 707.5 719 728.4 739.3 750.6 763.7 777.6 789.4 799.7 806.8 811.4 815.4 814 810.4 805.6 797.6 803.8 806.9 812 817.9 823.2 826.6 829.6 813.3 807.7 806.4 805.4 805.8 802.4 808 812.5 814.6 811.3 815.8 818 824 826.3 829.1 831.5 835.3 841.3 845.4 850 854.9 859.3 865 869.6 872.6 875.1 877.1 877.1 876.5 874.2 871.8 869.8 865.7 858.6 851.4 845.5 839.2
631.5 634.3 642.2 649 655.1 660 663.9 669.4 673.7 673.8 674.5 672.1 670.1 665.7 663 660.9 675.8 690.8 700.9 711.1 721 732.6 744.6 755.4 768.6 782.4 793.4 800 804.7 808.7 807.9 805.4 801.1 793 796.2 800.2 807.4 814.1 818.1 818.4 793.5 790.2 767.3 767.6 784.3 767 757.5 779.2 792.1 799.9 804.9 810.7 813.5 816.9 820.9 824.1 827.5 832.4 838.8 843.9 849.2 854.7 861.8 868.5 874 877.4 880 881.5 882 880.9 878.7 876.5 873.5 868.1 859.6 851.2 844.9 837.6
620.8 631.8 638.8 645.6 650.8 655.3 659.4 662.7 664.4 663.8 660.7 658.8 654.8 652.4 651.2 657.8 671 682.9 693.5 702.4 713.2 726 739.1 749.1 761.2 774.7 785.1 791.8 796.1 798.4 800.8 799.2 795.2 785.2 788.9 794.9 801.8 808.2 804.2 775.9 755.7 751.3 722.2 725.7 717 717.5 711.4 724.7 757.5 769.7 788.8 801.6 806 809.9 813.9 817.1 824 829.5 834.5 842 848.2 854.7 862.3 869.1 874.8 879.4 882.8 884.4 885.3 884.2 882.1 879.3 875.3 869.5 858.2 851 844.3 835.2
620.1 629.4 635.2 642 647.8 652.1 655.3 657.1 656.6 654.3 650.5 647 640.5 639.3 638.8 651.6 663.3 674.4 683.9 694.8 707 719.9 731.9 741.1 754.9 767.7 776.7 784.4 788 791.3 793.9 793.1 788.2 776.8 782.2 789.4 795.8 800.4 776.3 761.3 717.8 709.9 688.3 672.9 673 673.3 678.2 684 708.3 729.8 758.3 778.5 798.7 803.5 806.5 813.3 819.2 825.5 831.4 839.1 845.8 852.1 859.3 867.4 873.8 879.2 883.5 886.7 887.7 887 884.5 880.9 876.9 871.4 861.6 853.2 845.5 837
