STL Generation/terr50_gagg_gb/data/NO46.asc
ncols 200
nrows 200
xllcorner 340000
yllcorner 760000
cellsize 50
[rows 105 to 139 of 200, columns 0 to 77 of 200]
280.9 279.4 277.8 276.3 274.6 275.5 275.4 273.7 273.3 273.7 276.2 280.9 291 301 310.6 317.6 325.1 334.1 343 350.4 357.1 363.9 369.5 372.5 373.1 373 370.2 365.3 359.8 356.1 353.3 351.8 345.2 352.7 358.4 368.6 377.3 386.4 395 405.1 415.2 426.2 437.7 447.6 455.3 460.8 464.9 469.7 474.3 480.1 482.5 484.9 483.5 480.7 474.2 464.3 450.6 434.6 417.2 399.8 386.9 379.2 375.1 374.2 374.9 373.7 371.5 367.8 361.3 356.6 351.8 347.6 343.4 339.4 333.4 324.4 321 315.3
281.4 280.4 278.8 276.6 274.3 274.1 272.5 276.1 275.4 275.9 277.8 281.4 292.6 305.7 312.7 321.5 328.7 337.2 344.6 352 357.4 362.4 367.1 368.7 367.7 366.9 363.5 359.5 355.1 351.5 348.9 342.3 348.5 354.6 363.4 372.3 380.7 389.1 396.7 404.3 413.1 421.2 433.7 438.5 445.1 451.5 455.1 459.2 464.8 472.4 478.8 482.7 483.8 481.9 477.6 469.4 457.3 441.8 425.3 408.4 395.7 389.1 388 385.4 382.9 379.7 374.6 369.7 364.7 357.7 352.6 347.7 343.1 339.1 334 327.8 324.6 312.7
281.6 280.8 279 276.3 273.8 272 275.7 276.7 277.7 278.4 279.7 284 295.3 308.2 316.1 325.4 333.8 341.2 347 353 357.3 360.4 363.8 365.4 363.4 360.6 356.6 353.9 351.1 347.9 344.1 341.9 349.8 355.9 366.1 375.1 382.6 389.4 395.8 402.1 408.9 415.6 422.5 428.8 432.8 437.1 440.9 445.2 454.1 464.8 475.1 480.6 484.3 483.4 480.3 472.8 462 448.6 432.3 417.7 406.1 401.8 398.4 394.4 390.1 383.9 377.4 371.8 364.9 358 352.5 347.1 342.1 338 333 327.2 323.2 325.2
281.7 280.5 279.5 272.5 270.2 272.2 275.5 277.6 279.2 280.1 282.5 287.6 299.4 310.8 319.7 328.6 337.3 344.5 349.7 353.3 356.1 357.8 358.7 357.8 356.4 353.7 351.2 349.1 346.3 344.1 332.5 344 351.4 358.7 367.4 375 381.7 387 391.9 397.3 402.3 408.2 413.1 416.8 419.1 421.8 426.4 432.1 443.4 457.6 472.6 480.6 486.3 486.7 484.9 478.9 467.7 454.6 439.2 425.9 416.9 411.5 406.9 400.9 395.3 389 381.3 373 364.8 358.3 352.4 346.4 342.2 338.5 335.6 334.5 333.6 331
281.9 280.1 271.2 268.4 269.4 272.3 275.8 277.7 279.5 281.4 284.3 292.1 301.3 312.1 322.4 331.2 338 344.6 349.3 351.8 353.4 354.2 354.3 353.1 351.1 348 344.7 342.6 341.4 339 332 344.1 351.7 360 366.8 371.1 377.8 380.4 384.7 389.1 393.3 396.6 400.6 402.4 404.3 410.5 417.3 426.5 438.9 455.9 470.7 481 488.6 490.1 488.6 483.9 474.1 462.3 448.6 434.9 428.9 421.8 415.4 407.9 400.4 392.1 383.8 375.3 366.6 360.7 354.9 349.6 345.8 343.1 341.1 339.9 337.6 336.4
281.3 279.8 279.2 268.5 267.4 272.8 276.7 278.2 279.8 281.7 286.1 294 302.6 313.2 324.2 331.8 336.7 342 345.9 348.1 349.7 349.7 348.7 349.2 345.5 341.9 339.2 337.3 335.9 325.5 338 344.9 352.8 359.6 363.6 368.6 370.9 373 375 378.4 380.3 382.9 386.8 391 397.4 402 416.2 429.1 442.4 457 471.8 483 490.7 495.1 494.6 488.1 479.4 469.7 459.4 450.4 441.7 433.9 425.6 415.4 405.8 395.3 385.8 377.2 370.3 363.1 357.4 355.5 351.6 348.6 347.3 346.9 344.2 342.7
281.2 279.9 277.7 265 266.2 273.9 277.4 279.2 280.8 282.5 285.9 294.7 303.9 316 326.5 333.8 334.6 332.4 332.2 338.5 342.5 345.1 343 341 338.6 336.6 333.4 332.6 330.4 327.9 338.1 345.9 351.9 356.7 358.9 361.9 362.8 364.7 366.5 366.4 369.7 375.9 380.6 386.8 391.6 407.6 419.6 432.6 447.2 461.2 475.5 487.7 496.3 500.8 499.9 493.5 484.4 475.3 467.5 460.6 451.9 442.8 434.9 423.6 411.9 399.3 389.3 382 374.7 369.5 365.9 361.6 357.6 354.6 354.5 352.4 349.4 348.2
280.6 279.3 276.8 263.9 266.7 274.6 277.4 279.8 282.2 284.3 287.4 295.7 304.9 316.7 326.1 334.3 339.7 343.1 343.7 341.3 334.4 330.2 337.1 334.2 331.2 328.7 326.9 328 320.6 328.9 337.3 345.4 350.5 352.8 355.1 356.1 357.6 357.5 357.9 363.7 365.8 375.3 384.4 394.1 404.5 414.1 418.1 437.3 452.2 466 480 491.7 500.1 504.2 503.8 498.8 489.2 479.7 472 465 458.9 450.8 442.2 431.7 418.2 405.1 396.2 389.3 384.1 381.1 376.3 371.8 365.5 361.6 360 357 353.1 350.4
280.9 278.7 272.3 263.5 266.1 274.2 278.1 280.6 283.4 286.4 289.5 296.8 306.7 316.7 324.5 335.3 342.6 347.7 350.4 349.3 331.8 323.1 311.2 312.9 322.8 320.9 320.7 318.8 320 328.1 336.4 343.4 348.3 351.3 351.5 351.5 348.9 353.8 358.8 363.2 371.3 382.6 393.4 402.8 413.6 422.8 432.3 441.3 454.8 467.8 482.5 492.9 500.5 503.2 503.9 500.7 494 483.7 476.1 469.5 463.8 456.7 448.2 438.1 425.6 414.1 406.6 400.5 396 392.9 387.6 381.7 375 368.7 365.7 362.1 357.4 354.1
281 274.8 265 262.8 265.3 276.7 279.3 282.4 285.3 288.6 293 298.2 307.5 317.7 327.5 335.1 344.1 350.4 352.7 352.2 342.2 324.8 324.4 312.4 312.2 314.6 314.4 313.7 318.5 327.2 335.5 341.9 345.7 348.2 349.2 346.9 348.5 353 358.1 365.7 377.6 389.2 400.4 410.6 421.3 430.1 440.5 448.9 456.8 469.8 481 489.7 496.8 499 499.8 500.6 497.4 486.3 479.3 474.1 468.5 462.2 455.3 446.6 435.9 426.9 420 413.7 408.8 404.1 399.6 391.8 384.5 376.3 371.8 368.1 362 357.6
277.1 262 261 261.3 263.1 278.8 281 284.1 287.4 291.5 296.3 302.3 309.9 319.4 329.9 335.7 345.1 351.8 355.9 356.1 352.2 343.4 332.4 322.5 308.3 309 310.2 310.7 316.6 324.5 333.9 338.5 341.3 343.2 345.3 338.1 348 352 358.3 370 381.9 393.4 405.4 416.6 428.2 438.1 447.4 457.1 462.9 468.7 479.1 484.1 488.1 492.1 495.5 495 493.4 488.9 481.9 477.4 472.5 466.8 461.2 454.7 447.4 439.8 434.5 428.9 422.8 417.3 411 403 393.7 384.4 378.2 373.9 368 361.9
257.5 258.9 261.6 269.9 278.7 281.7 283.1 286.5 290.1 294.8 300.8 307.4 314.1 322.9 332.2 339 345.9 352.8 358.3 359.9 356.7 348.7 336.7 325.1 314.2 308.2 308.3 308.2 313.4 322 329.6 332.7 335.8 337.5 335 340.4 347.4 352.5 360.9 374.1 386.1 398.8 411.8 423.2 434.6 442.9 451.1 459.7 464.3 469.3 475.7 480 482.2 482.6 484.8 487.1 488.2 486.5 484.3 479.9 477.2 473.7 468.3 463 457.2 451.4 446.4 442.1 436.7 429 421 413.1 402 391.3 384.8 380.2 376 370.9
256.5 264.7 274.8 280.7 283.8 284.7 285.6 289.6 293.8 300.2 307.9 313.1 319.7 328.4 334.2 340.3 347.4 353.9 358.9 362.5 360.7 352.6 340.8 328 317 306.6 306.6 306.5 308.6 315.3 323.3 326.7 330 330.4 331.3 339.3 347.3 353.2 364 378.2 390 403.4 416.8 429.2 441 448.2 454.3 462.4 467 469 470.4 472.4 473 475.8 475.7 476.4 478.4 480.4 481.8 480.8 480.7 479.9 477.6 473.4 467.8 462.4 458.8 454.2 448.8 440.7 431.4 420.7 409.7 399.1 390.9 386.5 381.8 376.9
255.7 273 279.8 285.5 286.6 287.9 289.3 293.4 299.5 308 315 321.4 326.7 332.5 338.3 343.3 349.2 354.8 359.3 362.3 360.7 354.2 344.9 330.7 317.6 308 305.5 305.2 305.1 308.5 316.1 320.9 325.1 320.2 330.3 338.3 346.1 355.6 369.7 382.4 395 409.5 423.6 435.9 446.9 454.4 461.9 466.5 468.3 465.9 463.5 462.6 461.4 463.3 465.1 465.3 468.2 471.1 474.9 477.5 480.9 483 484.4 482.1 477.9 472.9 469.1 465.1 459.4 449.9 439.3 427.9 417.1 406.6 396.8 389.6 384.6 378.8
267.1 280.4 286.6 288.6 290.4 292 295.1 298.4 308.2 316 323.3 329 333.7 337.5 341.4 346.3 351 356.2 358.5 360.3 357.7 353.4 346 334 319.3 308.2 303.9 303.7 304.2 305.8 310.9 316.4 314.9 323.1 330.8 338 349.3 362.7 376.1 388.4 401.2 415.5 428.1 440.3 450.5 457.5 463.4 466.3 465.5 461.6 458.6 456.3 453.9 450.6 450.6 452.9 457.8 462.4 469.4 476.5 481.8 485.9 488.4 488 486.2 482.7 478 474.1 467.7 457.6 443.8 431.4 420.2 409.9 401.4 391.8 383.5 374.6
280.6 286.3 289.7 292.2 294.2 296.8 300.5 309.3 317.6 323.6 330.1 335.4 339.9 342.8 346.1 349 353.4 356.9 359 359.1 357 350.5 342.8 335.5 322.9 308.2 302.4 302.5 303.3 305.4 308.6 310.9 316 324.4 331.9 343.6 358.1 370.2 382.9 396.2 407.9 421.1 432.6 443.2 451.6 457.4 461.1 462.4 459.4 455.4 451.9 448 444.6 443 440.1 441.3 448.9 457.2 463.8 472 479.3 485.3 489.1 490.9 490.2 488.4 485.6 480.4 472.9 460.6 447.3 434.4 422 410.4 400.5 389.7 377.4 367.6
286.2 289.2 292.7 295.5 297.5 301.7 306.7 316.8 326 332.7 337.8 342.3 346 348.1 350.2 352.2 355.3 357.9 358.4 357.2 355.2 349.7 339.7 331.7 323.5 312.1 301.8 301.4 302.9 304.5 305.4 309.2 317.7 326.9 336.4 351.4 364.9 377.9 390.7 402.9 414.1 426.4 438.2 446.5 451.9 455.4 458 457.3 453.5 449.3 445.4 439.4 433.2 430.6 428.9 429.2 437.3 449 458.2 465.4 474.2 481.4 486.7 490.3 490.5 490.5 488.9 483.6 473.3 461.5 447.6 435.6 422.7 409.6 397.5 384.1 370.3 357.2
289.3 292.9 295.8 298.8 302.3 307 314.9 325.1 333.5 341.2 347.1 350.6 352.4 355.3 356.3 356.7 357.1 357.7 356.8 354 351.9 347.9 339.4 328.6 320.1 314.6 304.1 300.7 301.2 301.3 304.4 309.9 318.2 329.6 342.4 357.6 371 384.2 396.4 408.2 420.4 431.7 442.4 448.6 450.4 452.2 452.4 451.2 448.2 442.4 435.5 427.9 420.5 415.2 414.5 417.8 427.7 440.8 451.4 460.4 467.6 474.3 481.1 485.4 487.4 486.8 485.5 479.3 469.3 457.4 445.7 434.2 419.6 405.4 391.9 378.3 362.9 347
291 295.6 298.9 303 307.9 312.4 323 334 342.3 349.5 355.1 358.8 361.4 361.8 360.8 359.3 356.9 356.2 354 349.8 346.3 343.4 337.8 327.2 316.9 310.9 306 299 299.2 300.2 304.7 311.9 320.2 332.5 347.7 361.9 376.1 389.8 401.1 414.5 426.9 436.4 442.1 447.1 448 447.3 445 440.6 436.5 430.4 421.8 415.2 408.2 403.3 401.1 407.9 420.6 433.9 445.2 454.5 461.5 467.3 471.4 475.6 477.3 477.7 475.3 468.8 460.1 451 440.7 429.1 415.1 399.3 384.3 369.4 352.7 334.5
292.8 297.9 301.6 306.3 311.9 320.7 331.9 342.4 351.7 357.6 362.3 366.3 367.9 366.4 363.4 361.2 355.7 353.4 349.6 345.2 341.3 337.2 333.5 326.2 315.9 307.3 303.3 297.7 298.1 299 305.5 312.9 324 336 350.2 364.9 379.6 394.1 407.3 420.1 430.9 436.6 440.1 441.5 441.8 440 435.4 430.9 422.9 417.7 411.2 401.4 395.5 391 390.1 401.1 413.6 427.3 438.7 446.7 452.9 459 463.3 465.6 467.6 467 462.8 455.7 449.3 442.4 433.1 422.1 407.9 392.3 380.1 359.5 341.4 324.5
300.3 303.1 307.5 311.3 317.4 328.1 340 352 360.3 366.3 369.9 371.8 370.2 368.2 364.6 359.8 352 346.6 343.2 339.4 335.4 331.1 326.7 322.7 316.4 305.7 300.7 299.2 296.8 297.9 304.9 313.4 325.6 338.8 352 367 383 397.8 412 423.3 430 433.8 435.5 432.9 432.2 430.5 423.6 416.9 411 405.1 397.6 390.9 385.2 380.7 384.4 395.8 407.3 420 430 437.4 443.7 447.1 450.3 453.8 455.6 454.8 451.8 445.9 439.2 433 424.2 411.3 395.8 380.5 364.3 344.9 328.2 312.1
308.2 312.5 316.3 321.9 330.2 339.1 350.5 360.3 368.5 374.1 375.6 374.2 371.2 366.1 361.7 353.9 346.9 339.4 333.6 331.4 328.4 325.4 321.6 318.2 314.3 307.6 299 297.3 295.6 296.9 304.5 314.4 328.3 341 355.2 368.5 384.5 400.1 413.4 422.1 427.5 429.3 427.9 424.8 421.2 417.7 412.5 406.3 398 391.8 387 380.6 375.7 373.9 377.5 389.8 401.2 412.3 420.7 427.5 432.3 435.3 436.3 436.8 440.1 441.7 438.8 434.5 428.3 420.7 410.6 397.4 379.9 365.5 349 333.9 315.4 301.1
317.4 323.6 330 336.9 343.7 353.5 361.9 369.7 376.5 380.6 379.2 375.9 370.7 364.9 357.3 349.4 340.4 332.2 324.8 320.3 319 317.7 316.4 314.2 312.3 309.2 301.7 296.2 294.5 296.8 304.9 315.4 331.4 342.1 356 368.6 383.8 399 410.6 418 422.7 423.8 421.4 416.6 411.6 406 401.1 395.1 389 383.7 377.3 372.4 368.5 366.4 370.6 382.6 393.7 403.8 410.3 415.3 420 422.9 423.5 425.1 426.5 427.2 426.1 422.2 415.6 407.1 395.1 380.3 365.8 350.3 336.2 320.8 306.5 292.9
326.6 334.2 342.2 349 356.6 363.9 372.8 377.9 382.1 384 380.8 376.9 371.5 362.9 354.7 344.7 333.9 325.2 317.9 313.7 311.2 311.6 311.3 310.3 309.9 309.3 305.8 297.2 292.6 298.1 307.5 316.9 333.5 345.4 355.7 368.4 383.3 395.7 405.8 412 414.9 414.4 411.5 405.6 399.8 394 389.9 384.3 379.6 373.1 367.3 363.8 361.2 357.3 364.6 374.6 385.1 394 400.4 404 405.6 408.1 411.5 414.4 415.6 415.6 413.9 409 403 394.4 378.9 363.5 350.9 337.1 322.1 310.7 298.5 287.6
334 342.4 349.8 357.6 365.3 373.8 381.9 386.7 388.2 386.9 381.5 376.2 369.4 360.9 349.9 339.2 328.2 318.1 310.5 306.4 303.5 304.4 306.1 307.4 307.6 307.5 302.6 293.8 295.2 300.1 309.3 318.7 333.8 347 355.8 364.3 378.9 392 400.4 402.4 403.5 400.3 396.6 393.4 386.9 380.1 376.6 371 366.4 362.6 358.2 355.2 351.8 346.9 356.6 367.6 375.8 382.7 388.3 392.4 394.2 394.7 396 398.2 400.1 400.1 398.6 395.4 389.8 380.2 363.6 351.2 339.3 325.5 314.9 303.6 291.5 281.1
336.4 346.5 355.4 363.9 373 381.6 387.6 390.9 389.8 386.2 380.8 373.1 364.9 355.1 345.4 334.4 322.3 312.2 304.6 300.9 298.6 298.4 300.4 303.8 305.8 306.4 300.3 292.3 300.9 305.1 312.3 322.9 334 348.2 357.9 362.1 367.3 381.6 391.9 391.1 383.6 379.8 382 378.3 371.4 366.5 360.6 357.8 353.6 350.9 347.7 343.4 339.8 340.1 350.9 355.1 365.4 372.1 376.5 379.4 381.1 381.7 381.4 380.5 379.2 377.4 377.2 375.2 374.2 365.9 353.3 340.3 329.8 319.1 310.3 298.6 285.5 271.6
339 349.5 360.9 369.2 377 385 389.3 391.1 390 384 378.1 371.6 363.1 352.9 341.4 328.9 317.8 307.5 299.9 296.3 294.7 294.6 296.5 300.4 304.6 306.1 298.4 293.5 304.3 311.2 319.6 329.2 338 349.4 360.3 364 363.4 363.2 374.6 371.1 364.5 360.9 357.8 361.8 354.3 347.5 341.9 346.3 343.2 337.8 331.9 330.4 322.9 332.7 342.2 345.8 352.7 360.1 363.7 366.4 367.4 367.1 365.7 359.3 346.7 338.6 335.9 336.9 342.4 347.6 339.4 333.3 324.3 316.1 305.9 291.8 279.8 269.4
341 351.9 361.8 371.7 379.7 385.2 388.2 387.9 386.8 382 375.8 369.2 362.4 352.2 341.3 326.3 313.3 303.3 296.7 292.7 291.6 292.2 294.5 298.3 302.6 303.1 293 296.2 308.7 315 321.6 331.4 339.6 350.5 361.3 367.6 370.2 361 358.3 361.2 360.8 356 351 345.9 341.5 338.1 335 334.3 331.1 328.5 326.2 324 320.1 312.2 320.1 326.7 335.7 341.7 344.2 345.3 346.7 345.8 340.1 328.1 316.6 310.8 309.3 309.3 313.3 317.5 324.1 323 316.6 309.6 299.4 282.6 274.2 267.2
341.2 352.3 362.6 372.3 381.1 385.8 388.5 386.5 381.7 379.3 374.5 367.4 360.4 351.6 340.9 325.7 310.8 299.9 294.3 290.8 289.1 290.3 293.2 296.9 300.3 295.6 284.9 301.8 310.6 319.6 326.1 335.9 344.6 354.2 361.7 365.2 366.1 363.1 355.9 356.8 354.8 351 346.1 341 336.9 333.8 331.7 329.6 327.4 324.7 322.2 319.8 318.1 310.9 298.4 298.3 306 315.1 318.1 318.7 318.2 316.4 309.3 301.3 294.7 289.7 287.3 287.4 287.7 287.5 290.7 291.2 288.5 286.7 282.3 275 270 264.9
342.6 351.7 360.8 371 379.9 385.8 384.9 383.2 378.3 372.6 367.8 361.8 353.6 343.8 333.5 321.9 308.3 297.8 292.1 289.2 286.8 289.1 291.9 294.2 291.7 281.4 296.5 307.2 315.9 322.2 330.2 337.4 345.4 353 355.5 357.8 359.6 357.9 353.3 351.5 349.2 342.9 339.7 335.8 331.6 329 326.9 325.7 323.7 321.1 318.6 317.1 316.5 315.5 311.8 295.8 285.3 288.9 290.9 293.4 294 292.2 288.6 283.3 277 272.6 269.3 270 268.9 268.9 266.8 269.4 269.4 266.8 262.6 263.6 260.7 261.4
345.1 352.4 360.5 367.7 376.5 382.9 384.5 382.8 376.7 369.8 362.6 354.1 344.3 334.9 324.2 313.8 304.3 294.6 289.3 286.2 284.8 288 291 287.1 279.1 293.9 305.2 315.7 322.4 330.5 336.6 341.4 337.7 345.7 350.8 349.9 350.3 351.1 348 341.7 338.9 335.9 332.5 328.8 324.1 323.2 322.4 320.9 319.3 316.9 315 312.7 311.7 311.4 306.8 292.6 281.1 279.7 277.2 280.2 281.7 279.8 275.3 270.2 267.2 266.9 265.7 264.2 263.6 263.1 263 262.6 261.5 263.3 261.9 260.5 260.1 261.5
348.8 356.3 362.8 368.2 373.7 380.1 381.7 378.8 372.5 364.7 356.8 345.6 334.6 323.4 315.3 304.5 297 291.3 286.1 283.6 283.8 286.4 288.4 276.9 289.2 303.5 315.3 323.8 331.7 339.4 345.4 346.4 340.5 331.5 338.5 342.6 341 338.1 338.1 334.2 328.5 325.7 323.5 317.9 316.3 316.4 315.9 315.1 313.8 312.7 310.1 307.3 303.7 300.2 288.9 278.2 277.4 276.7 275.1 273.5 272.9 272.5 269.4 268.6 268 272.8 276.4 276.9 275.4 272.6 270.3 269.3 270 269.8 271.5 272.3 271.5 270
357.6 365 367.9 371 372.8 374.8 374.1 372.4 367.1 358.3 348.3 337.7 325 316.6 306.5 297.4 289.7 285.8 282.6 280.2 281.9 283.8 281.3 273.6 292.2 310.1 322.6 331.2 338.4 345.4 352.3 353.8 348.8 339.1 330.3 325.5 331.5 329.8 323.1 322.8 320.2 315.9 313.2 309.9 309.3 308.7 308.5 307.1 306.5 304.3 302.4 298.3 293.2 287 277.9 277.2 277 279.1 278.9 275.5 273.6 270.5 269.4 276.8 286.9 299.4 305 303.4 300.8 296.7 294.3 291.2 288.2 286.7 288.7 292.7 292.8 288
366.7 373.3 376.9 377.3 374.2 370.2 367.1 363.3 359.1 351.2 340.2 330 319.1 309.8 298.8 289.1 283 280.1 278.2 276.3 279.5 277.6 270.3 280.4 298.7 311.8 323.8 334.3 340.8 347 351.1 352.6 350.4 345.2 335.8 327.2 317.3 316.2 313.2 304.1 305.2 303.8 301.7 302.2 301.9 301.2 299.7 295.6 292.8 292.1 290.5 284.3 282.2 281.4 283.7 283.5 286.5 293.6 292.1 286.4 283.4 287.1 292.7 302.1 314.9 325.3 331.6 332.6 329.8 328.4 325.4 322.6 319.3 317.8 312.5 307 301.6 296.9
377.1 382.5 385.4 384 379.2 370.7 363.8 356.6 350.8 343.1 333.4 322.1 312.3 301.4 292.5 285 278.7 275.2 274 273 276.1 270.5 269.7 286.4 298.9 311.1 323.8 333.5 339.9 344.7 347.6 347.5 345.9 343.2 337.3 329.2 320.2 314.9 309.2 304.7 300.2 298.8 293.4 291 291.3 294 288.7 283 281.1 281.7 282.2 278.3 281.3 284.9 288.3 292.7 304 314.4 314.9 309.3 309.2 312.8 321.4 330.6 341.2 352.6 357.6 358.2 355.1 348 343.6 339.2 335.5 330.1 322.3 317 309.4 303.2
