STL Generation/terr50_gagg_gb/data/NO50.asc
ncols 200
nrows 200
xllcorner 350000
yllcorner 700000
cellsize 50
[rows 0 to 37 of 200, columns 0 to 85 of 200]
140.5 140 139.6 138.3 137 135.9 134.9 134.6 134.3 133.9 133.8 133.9 134 135 136.6 138.1 138.1 137.4 134.3 138.1 139 139.9 141.2 141.2 139.8 140 138.2 133.7 130.3 127.9 127.1 129.1 130.8 130.4 127 123.8 122.8 121.6 120.2 118.3 117 116.5 115 113.2 112.1 111.2 110.5 109 109 110.5 109.6 109.7 110.6 111.9 111.9 110.7 109.6 110.2 112.7 112.1 117 118.4 118.7 119 119.2 119.1 119.2 119 117.9 116.8 115.9 115.4 115.4 114.9 114.2 113.4 112.6 111.2 107.9 102.9 107.1 107.4 106.2 105 104.2 104
139.3 136.9 136.8 136.3 135.2 134.8 134.4 134.1 133.8 134.1 134.1 133.6 133.4 133.4 134.8 136.5 136.8 136.4 135 137.9 140.6 141.4 142.1 142.4 143.1 144.4 141.6 136 133.4 131.6 130.3 132.4 133.9 133 130.1 129 127.7 126.4 124.6 122.8 120.9 119.2 117.9 116 114.5 113.6 112.2 110.2 109.7 110.1 111.7 112.4 112.9 113.2 112.1 111.5 109.8 112.2 113.6 114.6 118.1 118.7 119 119.3 119.3 118.9 119.1 118.5 117.4 116.3 115.4 114.5 114.5 114.5 113.9 113.2 111.8 109.1 106.2 109.2 109.6 108.7 107.6 106.4 105.6 105.7
138.5 136.9 136.9 136.2 135.6 135.1 134.7 134.4 134.7 134.9 134 133.5 132.9 132.6 132.6 132.7 132.3 132.3 135.2 140.1 140.8 141.7 143 144.1 146.4 149 145.4 140.8 137.9 135.5 134 134.9 136.5 136.2 134.8 133.6 133.4 132.9 129.7 127.5 125.6 123.7 121.2 118.8 117.3 117.1 114.6 111.6 111.4 112.1 113.4 114.6 115.3 114.7 113.6 112.2 111.6 114 115.8 117.7 118.7 119 119.3 119.5 119.4 118.8 118.3 117.7 116.8 115.9 115 114.2 114 113.8 113.6 111.1 107.8 102.8 106.9 111 110.2 109.7 108.7 107.3 107.2 107.4
140 138.8 137.1 136.8 135.8 135.3 135 134.8 133.7 133.8 133.3 132.6 133.4 132.3 131.7 131.7 132.2 133.1 135.5 138.6 140.7 143.8 145.1 146.2 149 149.8 148.8 146.3 144.1 141.5 139.7 137.7 139.2 139.9 139 139.2 139.3 139.5 137.5 134.2 130.4 128.5 126 122.9 122.7 121.6 119 114.7 113.6 115.4 117.2 117.9 117.7 116.2 115 112.9 111.7 116.7 118.3 117.9 118.6 119 119.4 119.6 119 118.3 117.2 116.6 116.2 115.3 114.4 114.1 114 113.4 111.4 106.2 101.1 106.3 110.9 111.4 111 110.8 109.6 108.8 109 109.2
143.4 142 140 138.9 136.7 134.7 134.9 134.7 134.9 135.5 135 134.9 134.1 132.8 133.8 134.2 134.7 135.3 136.7 139.3 142.3 145.2 146.6 148.1 150.5 150.4 150.5 149.7 148.5 146.7 144.6 142.6 143.1 144.1 144.6 144.8 144.9 144.2 143.3 141.7 137.7 133.4 130.4 127.5 127.9 127.2 123.9 118.7 117.7 120.2 122 122.1 120.2 118.4 116.7 112.4 113.7 118.5 119.1 118.7 118.5 118.9 119.1 118.5 117.7 116.9 116.2 115.4 115.4 113.9 113.9 114.1 112.5 112.1 108.5 101.8 108.9 110.2 110.9 111.7 111.7 111.5 111.9 111.1 111 111.1
146.6 142.9 139.8 136.8 136.8 138.3 136.4 135.3 134.8 134.9 134.8 134.8 133.9 134.6 134.7 134.8 135.5 136.4 137.4 139.1 141.6 144.8 147.1 149 150 151 152 151.8 151.1 150.3 148.7 148.3 148.2 149.1 149.8 149.9 149.3 148.2 146.9 145.9 144 140.5 135.5 132.8 133.1 131.2 127.7 122.2 122.1 124 124.4 123.5 121.2 118.7 116.9 114.2 115.8 117.5 117.4 117.8 118.3 118.6 118.3 117.2 116.3 115.3 114.8 114 113.4 112.9 113.3 111.1 108.4 107.1 104.4 103.7 109.1 110.2 111 111.8 112.3 112 112.5 113 112.9 112.8
139.4 137.8 137.2 140.7 141.6 140.7 138.9 137.4 136.3 135.6 135.3 134.8 134.5 135.1 135.2 135.5 136 136.8 138.1 139.6 141.9 144.6 147.4 149 150.3 151.6 152.9 153.7 153.4 152.7 152.7 152.3 151.6 152.1 152.9 153.1 152.7 151.7 150.4 149.4 147.8 146.2 142.6 139.2 136.9 135.3 131.5 126.8 125.1 125.7 125.9 125 122.6 120 117.2 116.4 117 117.2 117.1 118.7 117.7 117.8 117 115.9 114.8 113.8 113.3 112.4 111.4 110.7 111 104.8 109.1 106.9 110.3 109.4 111.1 111.9 112.5 113.4 113.4 112.5 112.9 113 113.7 114.4
141.5 143 143.3 144.2 143.8 143.1 141.5 139.9 138.9 138.1 136.6 135.4 135.3 135.5 135.7 136 136.4 137.3 138.7 140.3 143.4 146.2 147.6 150.3 151.6 152.9 154.2 155.1 155 154.8 154.1 155.2 155.4 155.3 155.9 155.7 155 153.7 153.1 152.1 150.3 148.6 147 144.2 141.8 139 135.5 132.6 129.6 129.7 129 126.5 123.1 119.7 117.1 116.5 116.4 116.6 116.6 117.8 117.8 116.6 115 113.3 111.7 108.6 108 107.3 106.8 105.6 105.3 108.4 113 112.8 112.4 111.6 112.9 113.7 114.3 115 114.8 113.9 113 112.9 113.6 114.7
150.1 149.2 146.5 146.5 145.9 145.2 144.1 142.5 141.4 141.4 140.3 138.5 136.9 136.8 136.1 136.5 136.8 138 139.6 141.6 143.9 145.7 148.1 150.8 152.8 154.1 155.5 156.5 156.4 156.4 156.2 156.6 157.2 157.8 158.4 157.2 155.8 154.5 153.9 153.2 151.5 149.8 148.3 146.3 144.5 141.8 138.7 135.5 132.3 131.9 130.1 126.9 123.3 119.4 117.2 116.6 116.6 116.8 117.3 117.5 117.1 114.8 112.8 109.7 111.9 114 113.2 112.5 111.9 110.8 109.6 109.5 112.6 114 113.8 112.5 113.1 115 115.9 116.6 116.3 115.5 114.7 114.4 114.6 114.8
151.4 149.9 148.7 148.5 148 147.2 146.5 145.1 144.6 144.6 144 142.2 140.6 138.9 137.5 136.8 137.4 139 141 142.9 144.9 147.2 149.9 151.4 154 155.4 156.8 157.9 157.8 157.8 157.7 157 158 158.6 158.3 157.9 156.5 155.2 154.7 154 152.6 151.1 149.7 148.1 146.2 143.2 139.9 137.2 134.4 132.7 130.1 127.4 124.2 120.1 118 117.3 118 116.9 118.2 118.3 116.6 114.1 111.5 110.6 114.2 115.4 114.6 113.4 112.3 111.2 111.5 111.7 111.7 114.4 116.3 115 115.6 116.5 117.5 117.5 116.9 116.1 115.9 115.6 115.5 115.6
152 151.1 150 149.7 149.3 149 148.6 147.8 147.8 147.8 147.4 146.4 144.9 143.2 141.3 139.5 139.5 140.9 143.2 145.3 147.3 149.3 151.6 153.9 155 156.6 158.1 159.3 159.3 159.3 159 157.6 157.2 157.9 157.6 157.7 157.1 155.7 155.6 155 153.8 152.3 150.8 148.5 146.4 144.2 140.8 137.9 135.8 133.8 131 128.6 125.5 121.9 119.1 118.6 118.7 117.6 118.3 118.5 116.1 113.7 111.3 110.8 114.3 115.5 115.9 114.3 112.8 112.5 112.9 113.1 113 113.3 114.5 115.5 116.2 116.5 116.9 117.2 117.3 117.1 116.9 116.2 115.5 115.4
152.4 152.3 151.3 150.9 150.5 150.2 150.2 149.9 150.1 150.4 150.3 149.1 148 146.8 144.8 143.6 143.4 144.1 145.8 147.7 149.8 151.9 154 156.7 158.1 159.1 160.3 160.9 160.8 160.8 160 158.6 157.5 157.4 157.5 157.4 157.1 156.2 156.1 156 155.1 153.4 151.8 149.3 147 145.3 141.2 138.6 136.4 134.2 131.7 129 126.1 123 119.6 119.8 119.6 118.4 119.1 118.5 116.3 113.9 111.8 111.2 113.1 114.7 116.1 116.1 116 114.8 114.1 114.5 114 113.6 113.3 114.1 115.1 116 116.5 116.8 116.9 116.8 116.7 116.4 116 115.3
152.7 153.1 152.5 152.1 152.2 152.4 152.3 151.6 151.7 151.9 152.1 151.6 150.5 149.2 148.6 148.7 148.1 147.6 149.2 153.2 154.9 156.1 157.9 158.7 160.5 161.6 162.2 162.4 162.3 162.1 160.9 159.6 157.9 157.4 157.4 157.1 156.9 156.5 156.2 156 155.7 154.4 152.5 151.4 148.2 144.1 142.1 139.2 136.5 134.3 131.6 129 126.4 123 121 121.5 121.2 119.2 119.5 118.2 116.6 114.9 113.8 112.6 112.1 113.9 115.7 115.7 116.9 115.3 114 115.2 116.4 115.7 114.3 113.8 114.7 116.3 116.1 116.4 116.5 116.7 116.5 116.2 115.8 115.4
154.6 154.3 154.3 154.4 154.5 154.6 154.1 153.5 153.3 153.5 153.7 153.8 152.9 151.3 151 151.7 152.4 152 153 155 157.8 158.8 159.8 160.3 161.5 162.1 162.3 162.4 162.1 161.6 160.8 159.7 158.1 157.6 156.8 156.5 156 155.4 155.2 154.9 154.6 154 153 151.1 147.7 144.8 142.8 139.8 136.9 134.2 131.6 129.2 126.7 122.7 122.8 122.9 121.5 121 120.6 119.3 117.8 116.6 115.8 114.3 112.9 112.4 114.9 116.9 117.5 116.2 114.9 115.4 117.8 117.8 116.4 115.1 117 116.7 116.3 116 116.1 116.7 116.3 115.9 115.5 114.7
156.5 157 157.3 156.7 156.8 156.6 156 155.3 154.8 155 155.2 155.4 154.9 153.3 153.4 154.1 154.8 155.5 156.8 157.6 158.6 160 161 161.7 161.6 161.8 161.8 161.6 161.4 161.1 160.7 159.5 158.3 157.4 156.2 155.4 154.7 154.3 154.1 153.9 153.6 153 152.2 150.4 147.4 145.9 143.2 140 136.9 134.2 131.9 129.4 126.7 124.7 123.9 123 121.6 122.7 120.8 120.5 118.8 118 116.7 116.2 113.5 113.7 112.7 116.5 117.3 117.6 116.3 115.7 117.2 117.6 117.3 117.1 117.4 116.7 116.2 115.9 116 116.4 116 115.3 114.5 113.7
159.8 160.2 160.1 159.7 159.1 158.6 158.6 158.7 157.5 156.5 156.7 156.6 156.3 155.3 155.9 156.5 157 157.5 160.1 159.8 160.3 161.3 161.8 161.5 161.2 160.6 160.4 160.2 160 159.7 159.1 158.2 157.2 156.4 155.4 154.3 153.5 153.2 153 152.8 152.6 152 151.3 149.2 147.8 146.3 143.1 139.8 136.5 134.1 131.9 129.4 125.4 124.5 124.2 122.9 123.2 123.7 122.2 121.1 119.7 119.1 118.8 114.8 117.4 117.1 115 113.2 116.8 117.9 117.9 118 117.8 117.7 117.8 117.7 117.5 116.7 116 116.1 116.2 115.9 115 114.2 113.5 112.7
164.6 165.3 165 163 160.9 161.1 161.7 161.5 160.3 159.1 158.1 157.9 157.9 157.5 157.9 158.4 158.9 159.4 160.7 161.4 161.9 161.9 161.7 161.2 160.5 159.6 159 158.7 158.5 158 157 156.1 155.2 153.7 152.7 151.5 151 151.1 151.4 151.2 151 150.6 150.1 149 147.3 145.2 142.9 140.3 137.7 135.9 133.2 129.8 125.3 124.5 123 121.8 121.3 122 121.3 120.7 119.2 118 116.9 115.6 118.8 118 115.3 114.7 117.2 118.2 118.6 118.5 118.4 118.3 118.1 117.8 117.4 116.2 115.3 115.3 115.2 115.1 114.5 113.5 112.5 111.7
169.8 170.2 168.8 167.4 166 165.9 165.7 165 163.8 162.6 161.8 161.6 161.2 159.9 159.8 160.3 160.8 161.5 162.1 162.6 162.7 161.4 161.1 160.7 159.6 158.7 157.8 157.2 156.9 155.9 154.9 153.8 152.5 150.7 149.2 148.8 148.2 147.3 147.7 148.1 148.5 149 149 148.1 145.6 143.7 142.5 141.2 139.3 137.2 134.1 128.1 128.1 126.6 125.3 123.4 121.6 122.1 120.8 119.6 118.2 117.1 115.8 115.8 116.4 116.3 114.4 115.2 117.1 118.7 118.6 118.4 118.3 118.1 117.9 117.7 117.2 116.2 115.1 114.3 114.1 114 114.1 113.2 112.2 111.1
174.5 173.6 173 172.5 171.3 171.4 170.1 168.8 167.6 166.1 165.3 164.6 163.7 162.3 161.8 163 163.6 163.9 164.1 163.7 162.3 160.9 160.4 160.2 158.9 157.7 156.8 156 154.3 153.1 151.9 151.6 150.2 147.8 146.4 146 145.4 144.5 144 144.3 144.7 145.7 146 145.1 142.7 142.1 140.9 139.6 138.3 136.9 134.4 128.5 128.5 129.4 127.5 125.6 123.3 122.4 121.5 119.7 118.5 116.8 117 116.5 116.7 116 115.3 116.8 118.4 118.6 118.4 118.3 118.1 117.9 117.7 117.5 117 116.1 115.1 114 113.4 112.9 113 112.4 110.8 110.1
177.7 176.8 176.2 175.7 175.7 176.5 176.4 175.4 173.7 170.7 168 167.3 165.6 164.5 164.7 164.5 164.9 163.8 164.4 164.1 162.5 161 159.2 159 158.2 156.8 155.9 155 152.5 150.1 149.2 148.9 147.7 145.7 143.8 143.2 142.6 141.8 140.8 140.6 141.1 141.4 141.1 140.4 139.1 138.6 138 137.3 136.6 135.1 132 130 128.5 129.9 128.5 126.6 125.5 123.5 122 120.6 119.3 118.4 117.8 117.3 117 116.1 117.4 118 118.6 118.4 118.2 118.1 117.9 117.7 117.6 117.4 116.5 115.6 114.7 113.9 113 112 110.9 110.5 110.1 109.4
178.2 178.1 178.8 178.6 178.7 178.8 179.4 179.4 178.5 176.3 172.1 169.1 167.4 166.6 166.1 165.7 165.5 164.5 163.7 164.3 162.3 161.8 158.9 156.8 155.6 154.9 154.4 153.3 150.9 148.6 146.3 145.4 145.1 143.1 141.5 140.4 139.8 139 138.1 137.2 137 137.1 137.2 136.3 135.6 135 134.3 133.7 133 132 129.5 128.3 128.6 129.4 128.9 128.1 127 125.3 123.5 122 120.7 119.3 119 118.1 116.9 116.5 117.6 118.5 118.4 118.2 118 117.9 117.7 117.5 117.4 116.9 116 115.1 114.2 113.4 112.4 111.1 109.9 109.1 108.8 108.5
178.4 178.3 179.1 179.1 179 178.7 178.7 180.1 181.3 180.2 176.4 173.3 170.2 167 166.2 166.6 165.7 164.4 163.1 162.1 160.7 160 159.9 157.7 155.9 153.6 153 152.3 149.5 147.3 146.1 145.2 142.6 140.9 139.3 137.9 137.1 136.4 135.6 134.8 133.7 133.8 133.6 132.9 132.2 132.2 131.5 130.7 130 129.7 130.4 127.9 128.6 130.1 129.7 128.9 127.8 126.6 125 123.9 121.9 119.7 119.7 117.9 116.5 117.1 118 118.3 118.2 118 117.8 117.7 117.5 117.3 117.2 116.4 115.5 114.6 113.7 112.8 111.7 110.4 109.1 108.2 107.8 107.5
178.7 178.5 178.3 178.4 178.7 178.3 177.7 178.3 179.4 178.7 177.4 175.5 173 169.3 164.9 163.1 162.8 161.5 161.2 160.6 158.9 157.9 157.7 157.2 156.1 154.7 152.5 151.4 148.2 146.2 147.1 145.7 143 140.4 137.1 135.9 134.7 134.1 133.3 132.5 131.4 130.6 130 130 130.8 130.5 129.9 129.3 128.7 128.7 128.6 127.4 129.4 130.3 130.1 129.3 128.4 127.5 126.7 126.4 122.4 120.5 118 117.9 118.1 118.6 118.9 118.3 118 117.8 117.6 117.5 117.3 117.1 116.8 116.1 114.9 114.1 113.2 112.2 111 109.7 109 108.1 107.4 106.1
179.8 178.6 177.6 177 176.7 176.3 175.7 176.6 177 176.3 175.7 175.2 173.4 171.3 167.3 163.8 161 159.5 159.7 159 157.4 156.6 156.7 156.8 155.1 154.2 152.5 149.9 148.6 146.1 144 143.3 141.1 138.5 135.8 134.6 133.4 132.1 131 130.2 129.3 128.8 128.3 129 129.1 129 128.5 127.9 127.3 128 127.9 127.7 129.4 129.7 129.6 129.5 128.7 127.8 126.9 125.9 121.3 117.9 120.7 121.2 120.5 120.4 119.9 118.6 118.4 118 117.5 117.1 116.8 116.6 116.3 116.2 115.3 113.3 112.5 111.6 110.3 109.7 108.9 108.3 108.9 107.5
180.8 178 176.2 174.3 174.1 174.2 173.8 174.1 174.8 174.1 173.5 172.9 171.9 170.9 169.2 166.5 163.8 160.9 158.1 157.2 156.4 155.8 156.1 156.6 155 153.5 152.8 151.9 149.2 146.6 144.1 141.4 139.2 137 134.9 133.4 132.2 130.9 129.6 128.7 128.2 127.7 126.9 127.1 127.4 127.3 127.2 126.5 126.4 127.6 128 128.2 129.1 129 129 128.9 128.8 127.4 124.7 122.4 118.4 121.8 122.8 121.8 121.9 121.8 120.3 119.9 119.3 118.3 117.6 117.1 116.7 116.3 115.8 115.5 115.8 115.8 115 113.2 111.7 110.6 110.7 111.4 110.9 109.9
181.7 180.2 178.6 176.8 175.7 175.1 173.7 172.9 173.2 172.6 171.9 171 170.4 169.7 168.5 166.7 164.9 163.2 160.9 158.2 156.2 155.1 155.4 157.6 156.5 154.3 152.6 150.5 147.8 145.7 144 141.4 139.1 136.8 134.8 133 131.2 129.8 128.9 128 127.1 126.6 125.4 125.3 125.5 125.6 125.3 124.9 124.2 126.9 126 127.4 126.9 127.5 127.7 127.6 127.5 124.8 120.5 119.8 122.8 123.9 122.6 122.1 122.2 121.9 120.5 120.2 119.7 118.7 117.7 117.2 116.8 116.4 115.9 115.6 116.4 117 116.5 114.8 113.2 112.5 112.9 112.8 112.2 111.6
182.3 181 179.6 178.6 177.5 175.4 174.6 173.9 173.2 172.3 171.4 170.3 169.2 168.6 167.6 165.8 164.5 162.7 160.8 159.1 157.3 155.2 150.5 148.3 153.4 150.6 151 149.1 146.2 144.8 143.3 141.3 139 136.6 134.7 133.3 131.3 129.4 128.2 127.4 126.8 126.3 125.6 125.3 125.4 125 124.2 123.8 123.5 124.4 124.2 126.7 126.9 126.5 126.4 124.7 123.3 120.6 122.1 125.5 125.4 123.7 122.3 122.4 122.2 122 120.7 120.2 119.8 119.2 117.8 117.3 116.9 116.5 116.1 116.1 116.8 116.9 116.5 116.1 114.7 114.1 113.9 114 113.4 112.8
181.7 180 179.4 178.7 177.3 175.5 174.6 173.7 172.8 171.8 170.9 170 168.6 167.4 166.6 165 164.4 162.6 160.7 158.9 156.9 156.2 158.1 157 154.4 150.4 143.3 140.6 143.5 143 141.3 139.4 138 136.5 135.1 133.4 130.8 129.1 128.4 127.6 127.1 126.5 125.9 126 125.8 125.6 124.8 124.3 124.5 124 122.6 123.9 126.3 127.1 125.7 125.7 126.1 120.6 125.7 126.9 125.6 124 123.3 122.6 122.3 122 120.9 120.2 119.9 119.9 118.8 117.9 117.1 116.7 116.3 116.6 116.8 116.9 116.4 116.2 115.6 114.8 114.8 115.1 114.7 114.2
181.1 179.1 178.6 177.9 176.9 175.2 174 173.1 172.3 171.4 170.5 169.5 168.4 167 165.6 164.9 164.1 163.5 157.4 160.3 159 157.4 157 156 157.1 154.4 150 147.3 142 137.6 137.6 136.7 135.4 133.5 132.6 131.3 130.5 129.7 128.9 128.1 127.4 126.7 126.5 126.3 126.2 126 125.4 125.1 125.3 125.1 124.4 123.3 123.8 127 126.1 126.3 124.3 120.6 126.3 127 125.8 125 124.6 122.8 122 121.9 121 120.6 121 120.9 120.2 119.1 118.3 117.4 116.5 116.6 116.9 116.8 116.5 116.3 116.2 115.6 115.7 116 116 115.8
179.6 178 177.2 176.1 175.5 174.8 173.3 172.5 171.7 170.8 169.8 169 168.1 166 163 160.4 162.1 161.8 162 160.7 158.3 156.3 154.2 152.7 150.4 150.4 148.8 145.6 139.1 139.1 139.4 138.7 135.8 134.3 132.6 131.5 130.9 130.2 129.5 128.7 127.9 127.2 126.9 126.7 126.5 126.3 126 125.8 126 126.4 126.6 126 123.5 122.4 122.3 121.4 121.4 122.2 126.7 127.1 126.4 126.8 125.5 123.8 122 121.3 120.6 120.9 121.6 121.4 120.5 120 119 118 117.1 116.7 116.9 116.8 116.6 116.6 116.7 116.7 117 117.1 116.8 116.4
177.5 176.4 175.4 174.3 173.4 173.2 172.7 171.9 171.1 170.1 169.2 167.6 164.9 163.2 166.9 166 164.7 162.8 160.9 162.4 161.9 159.7 159.1 158.1 157.6 155.2 152 149.7 146.5 143.4 141 139.5 137.7 136 134.2 132.8 132.2 130.8 129.9 129.2 128.4 128.1 127.7 127.3 126.9 126.7 126.4 126.9 127.4 127.7 127.6 127 126.6 126.9 126.7 126.1 124.7 125.5 128.5 128.5 128.1 127.3 126.1 124.5 122.9 121.5 120.9 120.5 121.5 121.1 120.3 120.1 119.5 118.5 117.7 117.3 117 117 117.3 117.6 117.9 118.2 118.2 118 117.5 117
177.2 175.9 173.8 172.5 171.4 171.2 171.3 171.4 170.6 169.6 164.9 165 166.2 167.9 167.9 167.8 165.8 165.2 164.8 164.5 163.3 162 160.7 160.1 160.2 157.5 155.2 152.9 151.5 149.2 145.7 142.4 140.7 139.6 136.7 134.2 132.8 131.4 130.2 129.8 129.2 128.9 128.5 128.1 127.7 127.4 127.8 128.3 128.8 129 128.5 127.8 127.7 127.8 127.6 127.2 126.8 127.6 128.4 128.7 127.6 127.6 127.1 125.7 124.2 122.7 121.5 121.1 121.5 121.1 120 119.9 120 119.1 118.3 117.9 117.6 118.1 118.7 119.3 119.6 119.3 119 118.8 118.3 117.8
177 176 174.1 172.7 171.2 169.7 169.8 170.7 169.7 166.6 169.8 168.5 169.3 168.5 168 168.3 168 167.7 167.4 166.3 165.6 163.8 162.6 162.1 161.6 159.3 157.1 154.9 152.1 152.3 149.5 145 143.5 142.4 139.5 135.6 133.9 133.1 131.6 131 130.4 129.7 129.2 128.8 128.4 129.7 130.2 129.7 130.2 129.9 129.3 128.7 128.7 128.5 128.3 127.9 127.7 127.7 128.2 128.1 127.4 127.5 127.9 126.6 125.2 123.8 122.4 121.7 121.6 121 119.8 119.8 120.1 119.3 118.6 118.6 118.2 118.8 119.4 119.9 119.9 120.2 119.9 119.6 119.1 118.6
176.7 176 174.5 173.2 171.7 170.8 169.3 167.8 168.5 170.4 171.2 171.4 171.2 170.7 170.3 169.5 170.4 170.3 170 168.9 167.8 166.7 166.4 165.3 164.2 163.3 161.2 158.9 155.2 154.7 151.4 147.7 145 144.6 141.8 139.8 136.7 134.5 133 132.2 131.6 130.6 129.6 129.4 130.3 131.9 132.8 132 131.3 130.7 130.2 129.5 129.4 129.2 129 128.6 128.5 128.5 128.6 128.3 127.9 128 128.3 126.9 125.5 124.1 122.8 122.2 122.1 121 119.8 119.5 119.8 119 118.8 118.9 119 119.6 119.6 119.6 119.6 119.8 120.1 120.4 120 119.4
175.4 175.6 174.8 173.7 172.6 171.9 170.1 167.4 169.5 170.9 171.8 172.6 172.2 171.9 171.1 170.6 171.7 172.9 172.6 171.5 170.9 170.5 169.5 167.9 166.7 166.3 164.8 161.9 161.1 159.1 155.9 152.3 149.4 147.5 146.9 143.9 140.8 137.1 133.6 133.4 132.3 131.5 130.3 129.8 131.7 133.8 135.5 135.4 134.5 133.3 132.2 130.9 130.1 129.9 129.7 129.3 129.4 129.4 129.4 130.8 128.3 128.5 128.6 127.2 125.8 124.5 123.1 122.8 122.1 121.1 120.2 119.7 119.5 119.1 118.9 118.7 119 119.3 119.3 119.3 119.3 119.4 119.7 120.3 120 119.6
173.5 173.8 173.7 173 173.3 172.7 170.6 167.7 169.4 171.2 171.8 172.2 172 172.6 171.9 171.9 173 174.1 174.5 174.6 174.8 174 172.5 171.6 170.6 168.2 165.9 164.4 165.4 163.5 160.7 158.2 156.1 152.5 149.6 147.6 144.6 141.2 137.8 134.4 133.2 132.6 131.1 130.4 132.1 134.2 136.3 136.4 136.3 135.7 134.4 133 131.8 130.7 130.4 130.2 130.2 130.2 130.2 132.6 130.5 130.3 129.3 127.2 126.1 124.8 123.4 122.9 122.1 121.1 120.5 120 119.4 119.3 119.4 119.6 119.2 117.9 118.1 118.4 118.6 118.9 119.6 119.8 119.3 118.9
171.7 171.9 172 171.4 172.1 172.3 170.8 169.3 171.8 171.5 171.8 171.8 172 172.5 172.7 173.2 174.2 175.4 176.1 176.3 176.2 175.9 175.2 174.3 173.2 171.3 169.1 168.3 168.6 167 165.5 163.9 164.4 159 155.2 152.4 149.5 146.3 142.3 138.6 136.7 134.2 133.1 132.6 133.8 134.3 134.3 135.5 136.6 137.3 136.3 135 133.7 132.7 131.6 130.6 130.5 130.3 129.8 129.7 131 131.4 130.1 128 125.7 124.7 123.9 123 122.1 121.3 120.6 119.9 119.1 118.5 118.6 118.5 118.1 117.8 116.7 117 117.2 117.5 117.9 118.5 118.5 118.1
169.7 169.7 169.8 169.8 170.8 171 168.4 171.1 173.1 173.1 172.7 172.6 172.7 172.9 173.5 174.2 174.8 175.4 176.1 176.5 176.3 176.3 176.4 175.5 174.9 173.6 172.8 171.5 170.3 169.3 168 167.2 168.2 164.4 160.1 157 153.8 151.4 147.9 144.1 139.6 137 135.9 134.9 134.7 134.6 134.8 135.2 136 136.8 137.2 136 134.9 134.1 132.8 131.5 130.7 128.9 128 127.4 127.7 130.9 129.6 128 126.1 124.7 124.3 123.9 123 121.4 120.6 119.8 119 118.2 117.4 117 116.6 116.2 115.9 115.6 115.8 116 116.2 116.8 117.2 117.3
