STL Generation/terr50_gagg_gb/data/NO60.asc
ncols 200
nrows 200
xllcorner 360000
yllcorner 700000
cellsize 50
[rows 0 to 37 of 200, columns 0 to 83 of 200]
53.1 51.6 50.1 50.6 51 50.3 48.6 46.3 46.1 43.3 43.4 44.5 45.8 46 45.8 44.9 42.5 40.2 39.3 38.4 37.1 36.9 37 36.5 35.9 34.6 33.9 33.3 32.9 33.2 34.1 34.8 35.1 35 35.3 34.5 33.6 32.7 31.8 31.2 30.6 30 29 28 26.9 25.4 23.9 23 23.3 24.1 20.9 18 17.7 16.6 15.6 15.7 15.7 14.3 13.4 13.3 14 13.9 15.7 17.1 18.6 21.1 21.5 11.9 5.4 6.6 6 3.9 2.6 2.6 -2.2 -2.2 -2.2 -2.2 -2.2 -2.2 -2.2 -2.2 -2.2 -2.2
54.3 52.8 51.5 50.8 50.8 50.3 50.4 48.7 45.2 45.5 45.5 45.9 46.3 46.6 47 46.6 45.1 42.8 41.7 40.6 39.4 38.8 39.1 38.3 37.2 35.9 34.8 34.1 33.4 33.5 34.6 35.8 36.9 36.9 36.5 35.9 35.1 34.2 33.3 32.4 31.5 30.7 30 29.2 28.3 27.8 26.5 26.3 27 27.5 26.1 22.4 19 17.6 16.6 16.7 15.5 15.2 14.9 15 16.4 16.6 18.8 19.1 20.2 19.6 17.9 10.9 7.2 7.2 6.3 3.3 2.6 2.6 2.2 -2.2 -2.2 -2.2 -2.2 -2.2 -2.2 -2.2 -2.2 -2.2
55.5 54.1 53.1 51.9 51.5 51.4 51.7 48.6 47.3 49.9 48.7 46.9 47.2 47.5 47.9 47.8 47.3 45.4 43.8 43.3 42.6 41.9 41.2 39.8 38.5 37.3 36 34.9 34.2 34.2 35.2 36 37.1 37.8 37.6 37.4 36.5 35.7 34.7 33.5 31.9 31.3 30.6 29.9 29.8 29.1 27.7 27.3 27.6 27.9 27 27 23.6 20.8 18.7 17.3 17.1 16.9 16.4 16.6 18 19.5 21.3 20.6 19.8 18.3 14.5 12 10 9 4.9 5.9 7.1 3.5 2.6 0.2 -2.2 -2.2 -2.2 -2.2 -2.2 -2.2 -2.2 -2.2
56.7 55.6 54.5 53.4 52.7 51.9 51.7 50.4 49.8 52.6 51.4 49.7 48.2 48.5 48.7 48.5 48 46.6 45.5 44.7 44.1 43.4 42.5 41.6 40.1 38.7 37.3 36.1 35.1 35 34.8 35.8 37.5 38.7 38.6 38.6 38 36.9 35.7 34.2 32.3 31.7 31 30.8 31.1 30 28.7 28.2 28.1 28.1 27.2 27.5 27.7 25 22 20.1 18.7 18.3 17.8 18.2 20.9 24.1 22.5 20.8 19.5 18.1 16 13.6 12.2 11.4 10.2 11.1 11.5 4.6 2.6 1.7 0.6 -0.4 -2.2 -2.2 -2.2 -2.2 -2.2 -2.2
57.4 56.3 55 53.7 53.3 52.6 52.1 51.3 49.7 52.8 53 52.4 50.6 49.5 49.1 48.4 47.7 46.9 46.7 45.8 45.2 44.7 43.8 43.2 42 40.6 39.2 37.8 36.3 35.5 34.7 35.1 37 38.9 38.6 38.3 38 36.8 35.7 34.9 33.1 32.1 31.9 32.3 32.6 31.1 29.7 29.1 28.6 28 27.3 27.6 27.5 27.4 25.3 22.8 22.1 21.7 21.2 22.1 25.3 24 22.3 20.8 19.4 18.3 17.4 15.9 14.5 13.6 13.4 14.8 14.6 6 5.4 6.5 3.4 1.6 -0.3 -2.2 -2.2 -2.2 -2.2 -2.2
58 56.7 55.2 53.9 53.6 53.2 52 50.9 50 52.6 53 53.1 51.5 50.5 49.9 49 48.1 47.3 47.8 46.9 46.4 45.9 45.2 44.7 43.9 42.5 41.1 39.6 38 36.5 35.2 34.9 35.6 37.3 36.9 36.6 36.6 35.6 35.1 34.5 33.5 32.8 32.7 32.5 32.3 31.4 30.5 29.8 29.2 27.9 27.4 27.5 27.4 27.3 26.9 25.8 26.3 26.3 25.7 26.2 24.9 23.8 22.7 21.3 19.9 19.8 19.5 18.3 16.9 16.3 17.8 17.6 14.9 9.2 10.7 11.1 3.4 1.3 -0.3 -2.2 -2.2 -2.2 -2.2 -2.2
58.3 56.9 55.3 54.2 54.1 54.3 53.2 51.9 51.4 52 52.8 53.5 52.2 51.6 51.1 50.5 49.7 49 48.3 48 47.5 46.9 46.2 46.1 45.7 44.5 42.9 41.5 40.5 38.7 36.4 35.5 35.8 35.7 35.2 34.8 35.2 35 34.5 34 32.8 31.9 32.1 32.2 32 31.4 31 30 28.8 27.7 27.3 27.4 27.3 27 27 27.1 27.6 28.2 27.8 26.9 25.7 24.6 23.6 22.4 21.1 20.9 20.5 20 18.8 19.5 19.5 16.7 15.4 15.3 13.9 4.4 1.2 -0.1 -1.2 -2.2 -2.2 -2.2 -2.2 -2.2
58 56.7 55.6 54.7 54.3 54 53.5 52.3 50.9 51.6 53 53.7 53.3 52.7 52.1 51.5 50.9 50.3 49.7 49.1 48.2 47.3 46.5 46.3 46.2 45.6 44.6 43.9 43 40.9 38.4 36.9 37.3 36.1 35.1 34.6 34.2 34.4 34 32.9 31.6 31 31.2 31.5 31.4 30.7 30.6 29.7 28.6 27.6 26.5 27.3 27.5 27.5 27.4 27.1 27.7 28.3 28.8 27.7 26.6 25.4 24.5 23.3 22.2 22 21.6 21.2 20.7 20.6 17.9 16.9 16 15.6 7.3 2.1 0.1 -2.2 -2.2 -2.2 -2.2 -2.2 -2.2 -2.2
58.3 57.2 55.5 54.2 53.3 52.9 52.5 51.6 50.5 51 52.3 53 53.3 52.9 52.5 52.2 51.8 51.1 50.3 49.5 48.5 47.6 46.7 46.6 46.7 45.7 45.2 45.1 44.9 43.6 40.4 38.9 37.8 36.6 35.4 34.5 34 33.9 33.1 31.3 29.9 30.5 30.9 30.8 30.3 30.2 30.2 29.4 27.9 26.8 26.3 27.6 28.1 28.1 27.7 27.5 27.7 27.9 28.5 28.5 27.4 26.3 25.4 24.2 23.2 23.2 23.3 23.1 20.4 20 17.5 17.1 16.4 11 3.6 1 -2.2 -2.2 -2.2 -2.2 -2.2 -2.2 -2.2 -2.2
58.5 56.8 55.1 53.6 52.8 52.1 51.6 51.1 50.7 50.8 51.5 53 52.7 52.3 51.9 51.6 51.3 51.4 50.8 49.9 48.9 47.9 47 47.1 46.8 46.5 46.2 46.1 46 44.6 42.4 40.7 39.1 37.7 36.3 34.9 34.2 33.8 31.5 29.8 28.9 29.6 29.7 29 29 30.3 29.5 28.6 27.1 26.4 26.1 27.2 27.7 28.2 27.9 27.5 26.7 27.4 28 28.2 28.2 27.3 26.3 25.2 24.2 22.7 22.2 21.4 19.5 18.7 17 16.7 15.6 9 2.4 0 -2.2 -2.2 -2.2 -2.2 -2.2 -2.2 -2.2 -2.2
58.6 56.9 55.1 54.1 52.9 51.8 51 50.6 50.5 50.8 51.7 52.7 52.1 51.7 51.3 51 50.8 51 51.1 50.3 49.3 48.2 47.3 47.6 47.6 47.4 47.2 47 46.5 45.7 44 42.3 40.5 39.1 37.8 36.5 35.1 33 30.7 29.3 28.3 28.1 27.7 27.2 27.9 28.5 28.1 26.9 26.7 26 25.6 26 26.4 26.8 26.7 26.8 27.2 27.4 27.3 27.4 28.2 28.2 27.1 25 23 21.3 21.1 20.1 18.4 17.7 16.8 16.5 16.3 9.5 2.5 -0.2 -2.2 -2.2 -2.2 -2.2 -2.2 -2.2 -2.2 -2.2
58.6 56.9 55.7 54.7 53.6 52.4 51 50.5 50.5 50.8 51.8 52.1 51.6 51.1 50.7 50.6 50.9 50.9 50.3 49.7 49.1 48.5 47.8 48 48.3 48.3 48 47.3 46.9 45.7 44.2 42.8 41.2 40.1 38.7 37.3 35.8 33.7 31.1 29.1 27.8 26.8 26.1 25.8 26.1 26.7 26.9 26.3 26.7 25.2 24.7 24.6 25 25.7 25.6 25.2 25.1 25.8 24.8 25.1 26.1 26.8 25.5 23.6 22.7 21 20.4 19.2 17.4 16.6 14.8 11 13 2.6 1.5 -2.2 -2.2 -2.2 -2.2 -2.2 -2.2 -2.2 -2.2 -2.2
58.6 57.3 56.4 55.4 54.2 52.6 51.2 50.7 50.4 50.8 51.8 52.7 51.7 50.5 50.5 50.7 50.9 50.1 49.5 48.9 48.2 47.6 47.6 48 48.4 48.9 47.9 47.7 46.9 45.8 44.2 42.3 41.4 40.6 39.5 38 36.5 34.2 31.8 30 27.8 26.3 25.5 25.4 25.3 25.2 25.5 26 25.2 24.1 23.6 23.4 23.6 24.5 24.5 24.3 24.4 24.5 23.9 23.9 24 24.8 23.9 21.9 20.2 20.1 19.7 18.4 16.6 15.1 11.5 4.7 1.7 0.4 -2.2 -2.2 -2.2 -2.2 -2.2 -2.2 -2.2 -2.2 -2.2 -2.2
58.8 58 57.1 56 54.2 52.4 51.3 50.9 50.6 50.8 51 51.9 52.7 51.2 51.6 50.8 50.2 50.2 49.5 48.8 48 47 47 47.4 47.7 47.7 47.5 47 46.2 45.1 43.4 42.6 41.7 40.9 40 38.8 37.3 34.9 32.9 30.9 28.8 26.5 25.6 25.3 24.9 24.8 24.7 24.6 24.5 24.5 24.2 23.8 23 23 23.4 23.6 23.7 23.1 23.1 23.1 23.2 23.4 22.8 20.8 19.4 19 18.9 17.5 15.9 15.1 10.3 2.6 0.5 -2.2 -2.2 -2.2 -2.2 -2.2 -2.2 -2.2 -2.2 -2.2 -2.2 -2.2
59.2 58.4 57.5 55.9 54 52.5 51.5 51.1 50.6 51 51.8 52 52.8 52.2 51.1 50.2 50.2 50.1 49.8 49 48.1 46.9 46.4 46.6 46.6 46.6 46.6 46.2 45.3 43.9 43.1 42.4 41.7 41 40.3 39.4 38 35.5 33.7 31.9 29.8 26.6 26.1 25.6 24.9 24.6 24.5 24.4 23.8 23.9 23.9 23.2 22.9 23.3 22.8 23.5 23.1 22.5 22.3 22.2 22.4 22.5 22.7 20.8 19.4 19 18.7 17.7 15.3 14.4 7.7 2.3 0.4 -2.2 -2.2 -2.2 -2.2 -2.2 -2.2 -2.2 -2.2 -2.2 -2.2 -2.2
59.4 58.2 57 56.5 55 53.7 52.2 51 50.7 51.2 52 52.7 52.4 51.9 50.4 50.1 50.1 50.1 50 49.3 48 47 46.5 46.3 46.2 46 45.9 45.5 44.1 42.8 42.2 41.7 41 40.3 39.6 38.9 38.2 36.1 34.1 32.3 29.7 27.5 26.5 25.7 24.9 24.5 24.2 24.1 23.6 23.2 23.2 22.5 22.3 22.6 22.3 22.9 22.5 21.9 21.4 21.4 21.5 21.7 21.8 20.8 19.3 19.1 18.7 18.5 16.4 13.6 5.5 1.6 -0.3 -2.2 -2.2 -2.2 -2.2 -2.2 -2.2 -2.2 -2.2 -2.2 -2.2 -2.2
58.4 57.7 56.6 56 55.6 54.4 52.7 51.1 52.1 52.6 53.4 53 52 51.3 51 50.3 50.2 50.2 50.1 49.6 48.8 47.7 47.5 47.3 47.2 47.1 46.3 44.9 43.5 42.1 41.3 41.1 40.4 39.6 38.9 38.2 37.4 36.8 34.5 32 29 27.5 26.5 25.7 24.9 24.4 24.1 23.9 23.5 22.5 22.3 22 21.9 22.3 22.5 22.1 21.7 21.3 20.9 20.4 20.3 20.2 20.1 20 19.4 18.6 18.6 18.1 16.6 12.1 3.8 1.2 -2.2 -2.2 -2.2 -2.2 -2.2 -2.2 -2.2 -2.2 -2.2 -2.2 -2.2 -2.2
57.5 56.1 55.8 56.4 56.1 55.2 53.9 52.2 51.5 52.6 53.6 51.9 50.4 49.9 50.7 50.5 50.6 50.7 50.9 50.7 49.5 48.8 48.5 48.4 48.2 47 45.9 44.4 42.8 41.3 40.6 40.3 39.6 38.9 38.1 37.4 36.5 36.3 35.4 31.1 28.9 27.8 26.7 25.7 24.9 24.4 24 23.7 23.3 22 21.7 21.7 21.6 21.8 22 21.9 21.5 21.1 20.6 20.1 19.5 19.3 19.2 19.1 18.8 18.3 17.8 16.9 16.5 9.5 2.6 0 -2.2 -2.2 -2.2 -2.2 -2.2 -2.2 -2.2 -2.2 -2.2 -2.2 -2.2 -2.2
56.9 56.5 57.9 57.4 56.5 55.5 54.5 53.4 52.2 53.1 53 51.3 49.9 50.4 51.4 51.2 50.8 51.1 51.4 51.2 50 49.8 49.6 49.1 47.9 46.8 45.6 43.9 42.3 40.7 39.7 39.4 38.8 38.1 37.4 36.5 35.7 35.5 33.1 30.4 29.2 28.1 27 26 25 24.3 24 23.6 23.1 21.9 21.6 21.4 21.3 21.2 21.4 21.6 21.2 20.8 20.4 19.8 19.2 18.7 18.3 18.2 18 17.5 16.6 14.4 14 4.8 1.5 -2.2 -2.2 -2.2 -2.2 -2.2 -2.2 -2.2 -2.2 -2.2 -2.2 -2.2 -2.2 -2.2
56 57.2 58.5 57.8 56.9 55.9 54.9 53.9 52.9 54.6 52.3 50.7 49.8 50.7 51.6 52.2 51 51.1 51.5 51.2 51 51 50.8 49.9 48.7 47.6 46.1 44 41.9 40.2 38.8 38.4 37.9 37.3 36.5 35.6 34.9 33.1 31 29.9 29.3 28.4 27.3 26.3 25.2 24.3 23.8 23.4 22.5 21.9 21.7 21.4 21.2 21 20.9 21.1 21 20.6 20.1 19.5 19 18.4 17.8 17.3 17.1 16.3 13.3 4.4 2.6 3.1 -2.2 -2.2 -2.2 -2.2 -2.2 -2.2 -2.2 -2.2 -2.2 -2.2 -2.2 -2.2 -2.2 -2.2
56.8 57.4 57.8 58 57.4 56.4 55.4 54.5 53.8 54.9 52.3 50.2 50 50.8 51.5 51.9 51.4 51.3 50.8 50.1 51 52 51.7 50.7 49.6 48.4 46.5 44.4 42.3 40.2 38.2 37.5 37.1 36.6 35.3 34.2 33 31.5 30.5 29.4 28.6 28.2 27.4 26.2 25.1 24.2 23.6 23.1 22.2 22 21.7 21.5 21.2 21 20.7 20.6 20.7 20.3 19.8 19.2 18.7 18.1 17.6 17 16.4 14.1 10.2 2.4 0.9 -0.3 -2.2 -2.2 -2.2 -2.2 -2.2 -2.2 -2.2 -2.2 -2.2 -2.2 -2.2 -2.2 -2.2 -2.2
56.2 57.1 57.1 57.7 57.3 56.5 55.8 55 54.2 54.6 53.3 50.3 49.2 49.7 50.2 50.3 50.3 50.2 49.5 49.1 50.1 50.8 51 50.6 49.6 48.3 46.4 44.3 42.3 40.2 38.2 37.2 36.7 35.8 34.4 32.9 31.6 30.6 29.8 28.9 27.8 27.4 27 25.9 24.9 24.1 23.3 22.8 22.3 22.1 21.8 21.6 21.3 21 20.8 20.5 20.3 20 19.5 18.9 18.2 17.6 16.9 16.3 15.4 9.3 3.1 1.3 -0.5 -2.2 -2.2 -2.2 -2.2 -2.2 -2.2 -2.2 -2.2 -2.2 -2.2 -2.2 -2.2 -2.2 -2.2 -2.2
55.8 55 54.5 55 55.1 55.6 55.6 55.1 54.4 53.9 53.3 51 49.8 48.6 48.7 48.8 48.9 48.8 48.2 48.1 49 49.4 49.7 49.6 49 48.2 46.4 44.3 42.2 40.1 38.3 36.9 36.4 34.9 33.6 32.5 31.3 30.3 29.3 28.3 27.3 26.7 26.3 25.7 24.8 24.1 23.3 22.5 22.3 22.1 21.9 21.6 21.4 21.1 20.9 20.6 20.2 20 19.5 18.9 18.2 17.6 17 16.4 12.5 5.9 1.6 0.3 -2.2 -2.2 -2.2 -2.2 -2.2 -2.2 -2.2 -2.2 -2.2 -2.2 -2.2 -2.2 -2.2 -2.2 -2.2 -2.2
54.6 54.7 54.3 53.6 53.4 54.1 54.2 54.9 54.3 53.8 52.5 51.3 49.9 48.1 47.3 47.4 47.5 47.3 46.9 47.2 47.6 48 48.3 48.5 48 47.5 46.3 44.2 42.1 40 38.4 36.8 35.6 34.5 33.3 32.2 31.1 30 29 28 26.8 26.2 25.8 25.3 24.5 23.7 22.9 22.6 22.4 22.2 21.9 21.7 21.4 21.2 20.8 20.4 20 19.9 19.6 19.2 18.6 17.9 17.4 16.8 9 2.6 0.6 -0.6 -2.2 -2.2 -2.2 -2.2 -2.2 -2.2 -2.2 -2.2 -2.2 -2.2 -2.2 -2.2 -2.2 -2.2 -2.2 -2.2
55.1 53.9 53.3 53.5 52.1 52.5 53.3 54.1 54.1 52.4 51.3 50.3 48.5 47.2 46.3 45.9 46 45.8 45.6 45.9 46.2 46.5 46.8 47.1 47.1 46.8 46 44.1 42 40 38.5 36 35.1 34.2 33 31.9 30.8 29.7 28.6 27.4 26.2 25.7 25.3 24.8 24 23.2 22.7 22.6 22.4 22.2 22 21.7 21.4 20.9 20.5 20.1 19.9 19.8 19.6 19.2 18.8 17.8 17 10.2 6 1.3 -0.2 -2.2 -2.2 -2.2 -2.2 -2.2 -2.2 -2.2 -2.2 -2.2 -2.2 -2.2 -2.2 -2.2 -2.2 -2.2 -2.2 -2.2
56.4 54.1 52.5 53.3 52.2 51.9 52.7 53.4 52.4 50.7 49.6 50.2 47.4 46.4 45.4 44.5 44.5 44.3 44.3 44.4 44.5 44.9 45.2 45.5 45.5 45.5 45.4 43.8 41.9 39.8 37.3 34.8 33.8 33.6 32.6 31.6 30.1 29 28 26.8 25.7 25.1 24.8 24.3 23.5 22.8 22.7 22.6 22.4 22.3 21.9 21.5 21.1 20.7 20.3 19.9 19.8 19.7 19.6 19.2 18.8 17 16.4 7.7 2.5 0.5 -2.2 -2.2 -2.2 -2.2 -2.2 -2.2 -2.2 -2.2 -2.2 -2.2 -2.2 -2.2 -2.2 -2.2 -2.2 -2.2 -2.2 -2.2
57.6 55.4 53.3 53.7 51.9 51.7 52.7 51.8 50.1 50.1 48.4 48.6 47.1 46.1 45.1 43.7 43.2 43.1 43.1 43.1 43.2 43.4 43.5 43.8 44 43.9 43.9 43 40.3 38.2 36.1 33.8 32.6 32.4 32.2 30.6 28.9 27.8 27.4 26.3 25.1 24.5 24.3 23.9 23.1 22.9 22.7 22.6 22.3 22.1 21.7 21.3 20.9 20.5 20 19.8 19.7 19.6 19.5 19.2 18.7 16.8 15.1 6.8 2.1 -0.5 -2.2 -2.2 -2.2 -2.2 -2.2 -2.2 -2.2 -2.2 -2.2 -2.2 -2.2 -2.2 -2.2 -2.2 -2.2 -2.2 -2.2 -2.2
58.1 56.2 54.9 53.2 51 50.9 51.1 50.3 49.6 47.8 47.5 47.2 46.7 45.3 43.9 43.1 42.2 41.9 41.9 41.9 42 42.1 42.2 42.4 42.4 42.2 42.1 40.2 38.1 36.3 34.5 32.8 31.7 31.8 30.6 30.1 28.5 27.2 26.3 25.7 24.6 23.9 23.7 23.4 23 22.8 22.6 22.4 22.1 21.9 21.6 21.1 20.6 20.2 19.8 19.7 19.6 19.5 19.4 19.2 18.4 16.9 12.1 7.2 1.9 -2.2 -2.2 -2.2 -2.2 -2.2 -2.2 -2.2 -2.2 -2.2 -2.2 -2.2 -2.2 -2.2 -2.2 -2.2 -2.2 -2.2 -2.2 -2.2
58.1 57.7 56 53.8 51.7 51.6 51.3 50.9 50.1 49.5 48.6 47.2 46 44.1 43.2 42.3 41.3 40.9 40.6 40.6 40.7 40.8 41 41.4 41.2 40.9 40.4 38.9 37 35.2 33.4 31.8 30.9 30 28.9 28.8 28.1 26.8 25.8 24.8 24 23.3 23.1 22.9 22.7 22.4 22.2 22 21.7 21.5 21.5 21.1 20.5 20 19.7 19.6 19.5 19.4 19.3 18.7 12.9 3.6 1.5 0.9 -2.2 -2.2 -2.2 -2.2 -2.2 -2.2 -2.2 -2.2 -2.2 -2.2 -2.2 -2.2 -2.2 -2.2 -2.2 -2.2 -2.2 -2.2 -2.2 -2.2
58.7 57.6 56.7 54.5 52.5 52 51.6 51.1 50.5 50 48.5 46.8 46 44.5 42.6 41.4 40.4 40 39.5 39.4 39.5 39.6 40.1 39.8 39.9 39.7 39.1 37.7 35.9 34.2 32.3 30.7 29.6 28.5 27.4 27.4 27.2 25.7 24.9 24.1 23.2 22.6 22.4 22.1 21.8 21.6 21.3 21.1 20.9 20.8 20.9 20.6 19.9 19.3 19.2 19.4 18.5 18.7 17.7 10.9 3.3 1.2 -2.2 -2.2 -2.2 -2.2 -2.2 -2.2 -2.2 -2.2 -2.2 -2.2 -2.2 -2.2 -2.2 -2.2 -2.2 -2.2 -2.2 -2.2 -2.2 -2.2 -2.2 -2.2
58 56.6 56.3 55.1 53.2 52.5 51.7 51.8 51 50.2 48.4 46.5 45.3 46 43.5 40.6 39.5 39.1 38.7 38.4 38.2 38.1 39.3 38.3 38.7 38.4 37.7 36.4 34.7 33 31.3 29.7 28.7 27.6 26.9 26.7 25.9 25.2 24.4 23.4 22.4 21.8 21.6 21.4 21.1 20.8 20.5 20.3 20 20 19.9 19.8 19.2 18.5 18.7 18.6 19.1 7.2 3 2.3 1.4 -2.2 -2.2 -2.2 -2.2 -2.2 -2.2 -2.2 -2.2 -2.2 -2.2 -2.2 -2.2 -2.2 -2.2 -2.2 -2.2 -2.2 -2.2 -2.2 -2.2 -2.2 -2.2 -2.2
57.7 56.9 56.3 55.6 53.9 52.5 51.9 52.3 51.5 50.1 48.4 46.9 46.1 45.3 44.1 40.5 38.7 38.2 37.8 38.1 37.9 37.9 37.9 37.5 37.8 37.3 36.3 35.2 33.5 31.8 30.1 28.9 27.8 26.8 26.3 26.4 25.4 24.6 23.6 22.6 21.5 20.9 20.8 20.6 20.3 20 19.7 19.4 19.2 19.1 19 18.9 18.4 17.9 18.2 18.2 8.5 6.2 2.5 0.2 -2.2 -2.2 -2.2 -2.2 -2.2 -2.2 -2.2 -2.2 -2.2 -2.2 -2.2 -2.2 -2.2 -2.2 -2.2 -2.2 -2.2 -2.2 -2.2 -2.2 -2.2 -2.2 -2.2 -2.2
58.5 57.8 57.1 56.4 55.5 53.9 52.3 52.5 52.1 50.4 48.8 47.9 47 45.5 44.4 41.8 38.4 37.4 37.3 37.7 37.7 37.8 37.7 37.5 37.2 36.7 35.4 34.1 32.1 30.5 30.4 28.8 27.1 26 26.2 26.6 24.9 23.8 22.8 21.7 20.7 20.1 19.9 19.8 19.6 19.3 19 18.7 18.3 18.2 18.1 17.9 17.7 17.4 17.6 17.9 7.4 4.4 1.5 -2.2 -2.2 -2.2 -2.2 -2.2 -2.2 -2.2 -2.2 -2.2 -2.2 -2.2 -2.2 -2.2 -2.2 -2.2 -2.2 -2.2 -2.2 -2.2 -2.2 -2.2 -2.2 -2.2 -2.2 -2.2
59.1 58.4 57.8 57.1 56.4 55.7 54 52.3 51.8 50.8 49.5 47.9 46.3 44.6 43.2 41.1 38.4 37.2 37.1 37 37.5 37.6 37.4 37.2 36.6 36 34.6 33.2 32.4 31.6 30.4 28.7 27.1 26.2 26.6 25.5 24 23 21.9 20.9 19.8 19.2 19.1 18.9 18.8 18.2 17.7 17.3 17.4 17.5 17.3 17 16.8 16.9 17.4 15.6 6.1 2.1 0.1 -2.2 -2.2 -2.2 -2.2 -2.2 -2.2 -2.2 -2.2 -2.2 -2.2 -2.2 -2.2 -2.2 -2.2 -2.2 -2.2 -2.2 -2.2 -2.2 -2.2 -2.2 -2.2 -2.2 -2.2 -2.2
59.2 58.5 58 57.4 56.9 55.8 54.2 52.6 51.7 50.8 49.5 47.9 46.4 44.7 42.5 41.5 38.1 37.4 37.2 36.9 36.8 36.9 36.9 36.7 36.2 34.7 33.9 32.9 31.9 31 30 29 27.3 26.6 25.7 24.2 23.1 22.1 21.1 20 18.9 18.4 18.2 17.9 17.2 16.6 16.3 16.4 16.5 16.6 16.6 16.4 16.2 16.6 16.6 16.5 5.2 2.3 -0.2 -2.2 -2.2 -2.2 -2.2 -2.2 -2.2 -2.2 -2.2 -2.2 -2.2 -2.2 -2.2 -2.2 -2.2 -2.2 -2.2 -2.2 -2.2 -2.2 -2.2 -2.2 -2.2 -2.2 -2.2 -2.2
59.4 58.6 58 57.4 56.7 55.5 53.9 52.5 51.7 50.8 49.8 48.2 46.5 44.3 42.1 41.2 39.8 37.5 37.2 37.1 36.4 35.8 35.9 35.9 35.2 34.1 33.3 32.4 31.4 30.6 29.9 29.2 28.6 25.6 24.7 23.3 22.3 21.2 20.2 19.1 18.1 17.5 17 16.3 15.6 15.3 15.4 15.5 15.6 15.7 15.8 15.8 16.1 16.5 16.6 13.5 4.4 1.6 -0.8 -2.2 -2.2 -2.2 -2.2 -2.2 -2.2 -2.2 -2.2 -2.2 -2.2 -2.2 -2.2 -2.2 -2.2 -2.2 -2.2 -2.2 -2.2 -2.2 -2.2 -2.2 -2.2 -2.2 -2.2 -2.2
58.6 58.6 58 57.2 56.3 55.3 53.7 52.5 51.7 50.8 50 48.3 46.6 45 43.3 41.7 40.3 38.8 37.7 36.7 36.8 36.3 34.2 34.1 33.1 33.3 32.5 31.6 30.6 30.1 29.8 29.2 27.6 25.3 23.6 22.4 21.4 20.3 19.3 18.3 17.2 16.4 15.6 14.9 14.8 14.9 15 15.1 15.1 15.2 15.3 15.6 16 16.3 16.7 8.3 3.3 1.3 -0.9 -2.2 -2.2 -2.2 -2.2 -2.2 -2.2 -2.2 -2.2 -2.2 -2.2 -2.2 -2.2 -2.2 -2.2 -2.2 -2.2 -2.2 -2.2 -2.2 -2.2 -2.2 -2.2 -2.2 -2.2 -2.2
57.9 58.3 57.7 56.8 55.9 55 53.4 52.5 51.7 50.8 50.1 49.1 47.7 46.2 44.6 41.7 39.3 39.9 36.8 37 36.6 36 35.3 34.4 31.7 32 32.4 31.1 29.8 29.5 29.3 28.8 26.6 24.4 22.6 21.5 20.4 19.3 18.2 17.5 16.7 15.6 14.8 14.4 14.6 14.7 14.8 14.9 15 15 15.1 15.7 16 16.5 8.6 5 2 0.5 -2.2 -2.2 -2.2 -2.2 -2.2 -2.2 -2.2 -2.2 -2.2 -2.2 -2.2 -2.2 -2.2 -2.2 -2.2 -2.2 -2.2 -2.2 -2.2 -2.2 -2.2 -2.2 -2.2 -2.2 -2.2 -2.2
