STL Generation/terr50_gagg_gb/data/NO77.asc
ncols 200
nrows 200
xllcorner 370000
yllcorner 770000
cellsize 50
[rows 76 to 113 of 200, columns 86 to 171 of 200]
58.7 59 59.4 59.8 60.4 60.9 61.3 63.5 65.6 67.3 67.9 68.9 69.6 69.6 68.7 68.6 67.4 66.2 68 67.9 65.8 68.5 67.6 66.7 65.2 64.1 62.9 61.4 58.4 56 56.4 56.4 56.8 58.6 61.4 64.7 66.3 67.1 69.1 71.4 73.5 74.9 76.3 77.3 77.7 79.4 81.2 82.2 82.5 83.1 81.2 78.9 76.5 74.7 73.2 71.2 69.4 64.2 67.6 75.6 80.4 81.6 82.7 84.5 86.3 89 90.9 92.4 92.7 93.9 95.5 96.1 95.3 94.2 93.2 92.3 91.4 90.5 89 88 86.8 85.9 84.5 82.9 82.3 81.5
59 58.8 58.9 59.8 59.9 60.1 60.7 62.6 64.5 66.7 68.9 69.9 70.6 70.2 68.9 68.7 67.9 66.9 67.1 65.9 66.9 66.2 65.5 64.8 64.2 62.2 61.3 59.6 58 55.3 55.8 56.1 56.4 58.7 62 65.3 66.6 67.8 68.8 71.2 73.1 74.6 75.9 76.4 76.9 78.4 80.1 81 81.7 81.3 78.3 76.2 73.6 71.6 72 71.2 68.4 63.7 66.2 74.4 79.2 82.5 83.7 85.5 86.4 88.6 89.7 89.6 90.3 92.1 93.5 94.2 93.6 92.9 92.2 91.3 89.6 89.5 88.2 87 85.8 84.9 84 82.5 81.7 81
58.8 59 59.2 58.9 58.8 58.8 60.3 62.6 64.8 65.6 68.3 69.7 70.1 69.8 69.2 68.3 67.3 65.8 67.3 65.5 66 65.2 64.4 63.6 63.4 61.7 60.1 58.8 58 55.5 55.3 55.6 55.9 59.1 62.5 64.6 65.7 66.8 68.5 70.2 72 73.4 74.8 74.6 75.2 76.7 78 79.2 80.6 79.3 76.4 73.6 71.1 69.2 69 67.2 64.8 61.3 67 75.6 79.8 81 82.3 84.2 85.1 86 86.7 87.6 88.5 90.5 91.5 92.5 92.2 91.6 90.8 90.7 89 89.1 88.1 86.8 85.4 84.3 83 81.9 80.5 79.5
58.3 58.7 58.8 58.7 58.8 58.8 60.3 63 65.4 66.7 68 68.2 69 68.8 68.6 68.1 67.4 67 66.6 65.5 64.7 63.9 63.1 62.3 61.9 62.7 61.4 59.6 58.4 58 55.9 55.4 55.8 61 62.1 64.1 65.3 65.9 67.2 68.7 70.2 71.6 72.5 72.2 72.7 73.7 74.5 75.5 76.9 75.9 74.7 71.7 70.2 68.2 66.2 63.4 61.7 61.2 70.1 76.7 78.3 79.7 80.3 81.5 82.7 83.7 84.1 85.7 86.3 88.3 89.9 90.8 90 90 90.8 91.1 90.8 88.6 87.6 86.5 85.4 84.4 83.1 81.7 80.9 80
58.7 58.6 58.6 58.7 58.7 58.8 60.1 63.4 65.8 67.4 67.9 68.2 68.3 68.6 67.8 67.4 66.9 65.9 64.3 64.1 63.2 62.5 61.8 61.1 60.3 61.6 62.2 61 59.7 58.6 55.4 55.1 55.3 55.6 62.6 63.7 64 64.9 65.7 67.1 67.7 68.4 68.7 69.1 69.5 70.4 71.3 71.9 72.4 72.6 72.3 70.2 68.1 66.3 64.4 61.1 59.1 67.3 73.6 74.9 77 77.9 78.5 79.4 80.5 81.5 82.4 83.3 84.3 85.9 87.9 89.7 89.6 89.9 91 89.6 90.5 88.7 87.4 86.2 85.7 84.3 82.8 81.5 80.9 80.5
58.9 58.7 58.6 58.7 58.7 58.8 59.9 63.2 65.7 67 68.1 67.9 68 67.3 67.8 65.6 65.8 65.8 64.4 62.6 61.7 61.1 60.7 60.3 60.3 61.3 61.2 61.6 60.8 60 59 55.1 55.2 55.4 54.4 61.5 62.5 63.4 64.3 64.6 65.3 65.5 65.6 65.8 66.3 67.3 68.1 68.7 68.5 69 68.6 67.7 66.1 64.2 62.1 59.6 57.8 65.5 70.3 72.7 73.7 74.6 75.7 77.1 78.4 79.6 80.6 81.4 82.9 84.6 87.1 88.5 89 90.3 90.6 88.4 88 87.6 86.9 85.9 85.8 84.6 83.6 83.5 82.2 81.5
59 58.6 58.7 58.7 58.8 58.8 60.2 62.3 64.5 65.8 66.9 66.9 67.2 66.9 66.5 65.3 65.3 62.8 63.1 61.6 61.1 60.8 60.4 60.4 60.1 60 60 60.2 59.1 59.2 60.9 62.1 56.8 54.6 54.3 53.9 60.3 60.5 61.3 61.8 62.3 62.7 62.8 63 63.6 64.4 64.9 64.9 64.7 64.4 64 63.6 63.1 61.9 59.8 58.3 57.2 60.8 65.4 68.2 69.8 70.9 72.4 73.9 76 77.7 78.6 79.9 82 84.1 85.8 87 87.5 88.4 88.6 87.5 86.7 86.4 85.6 85.1 84.8 84.4 84.5 84.5 84.1 83.4
59 58.6 58.7 58.8 58.8 58.8 59.3 61.6 63.5 65.3 65.9 66.2 66.2 66.2 64.8 64.6 64.3 62.6 61.8 60.8 59.7 60 59.6 59.1 58.4 57.4 57.2 58.6 60.1 61 62.5 61.6 61.6 58.8 55.2 54.4 56.6 57.8 58.6 59.6 60.2 59.9 60.3 60.8 61.2 62 62 60.7 60.4 60.1 60.3 60.4 60.2 59.6 57.9 56.5 57.1 59.9 62.1 63.8 65.5 69.7 71 72.9 74.4 75.9 76.8 78 80 81.4 83.9 85.4 85.3 86 85.8 85.6 85.2 85.2 84.6 84.4 84.2 84.1 85.2 85.9 85.8 84.6
59.1 58.5 58.8 58.8 58.8 58.8 58.7 59.7 61.4 63.1 64.6 64.8 65 65.1 63.8 63.3 61.7 61.4 60.1 59.1 58.3 56.9 56.2 54.8 54.1 54.9 55.8 55.3 58.3 59.7 59.9 58.8 58.4 56.5 55.4 54.9 54.1 54.7 55.7 56.6 57.4 57.9 57.9 57.7 58.6 59.8 58.8 57.8 56.9 56.3 55 54.9 55.6 57.1 56.2 54.8 59.5 60.6 63.6 64.7 66.7 69.2 70.2 71.1 72.4 74 75.2 76.4 78.2 80.2 81.5 82.7 83 82.9 83.1 83 83 83.2 83.5 83.7 83.6 84 85.4 86 86 85.6
58.6 58.1 58 59.2 59.3 57.9 58.2 58.4 59.8 61.1 61.9 62.5 62.9 64.2 62.5 61.2 61.1 59.6 58.2 57.9 56.4 55.4 54.4 54.6 54.6 54.2 54.2 54.2 54.3 56.2 56.8 56.3 54.8 54.2 54.1 54.8 55.5 54.7 54.6 54.2 54.5 55.1 55.6 55.2 55.6 56.6 56.1 55.4 55.1 54.4 53.3 53.1 53.2 54 55.3 55.7 60 61.9 63.4 65.1 66.3 67.2 68.2 69.3 70.1 71.5 73.4 74.8 76.4 77.9 78.7 79.7 79.8 79.8 80.1 80.5 81.3 81.7 82.4 82.5 82.6 83.8 85 85.8 86 86
58.2 58.1 57.9 58.2 57 57.5 57.8 58 58.4 59.3 59.1 60.6 64.2 59.4 59.5 59.7 58.5 57.4 56.3 56.2 55.8 55.4 55.2 55.9 55.3 54.6 54.4 54.5 54.5 54.3 54.6 55.1 54.4 53.9 53.5 54 54.6 54.1 54.1 55.5 54 53.8 53.9 52.5 52.7 52.3 51.9 51.8 52.6 52.2 51.7 51.4 54.7 56.2 57.2 58.9 60.2 62.2 63.5 63.9 64.6 65 65.9 66.9 68.1 69.6 71.9 73.1 74.5 75.9 76.4 77.6 78.5 78.4 78.2 78.7 79.6 80.1 81 81.4 81.7 82.7 83.5 84.6 84.4 85
58.6 58.6 58 57.5 57 57 57.3 57.7 57.6 57.4 57.3 57.7 56.6 56.1 56.6 58.5 56.1 56.1 55.6 55.7 55.7 58.2 58.6 58.7 58.4 56.5 54.9 54.6 54.5 54.3 54.2 54.1 54.1 53.8 53.5 53.2 53.6 54.4 53.7 53.7 53.7 53.3 52.9 52.7 51.7 51.2 50.2 50.4 50.5 50.5 50.3 50.3 52 60 61 61 61.7 63.1 63.5 63.7 64 64.2 64.2 65.3 67 68.8 70.3 71.9 73 73.7 74.3 76 77.3 77.1 77.2 77.7 78 78.7 79.5 79.8 80.1 80.9 81.6 82.9 83.7 85.2
59.3 58.7 58.3 57.6 57.7 57 57.4 57.5 57.3 57.1 57 60.4 56.5 56.8 58.5 56.3 56.7 56.6 56.6 57 59.2 60.8 59.6 58.9 58.6 56.6 54.2 54.5 54.2 54.1 54.1 53.8 53.8 53.6 53.5 54 54.1 53.9 53.7 53.5 53.2 53 53 53 52.9 51.4 50.9 50.7 50.5 50.3 50.2 50.6 50.4 50.9 58.6 60.4 62.1 63.4 63.6 63.9 63.9 63.9 63.8 63.9 66 67.8 69.2 71.1 72.3 72.7 73.7 75.1 76 75.6 76.3 76.7 77 77.5 78.3 78.5 78.8 79.3 79.9 80.8 82.4 84
59.3 59.4 58.5 58 57.6 57.3 57 57.4 57.4 56.9 64.2 56.9 56.5 58.4 56.6 57.2 58.1 58.8 59.8 61 60 60 59.2 58.1 57.7 56.7 55.9 55.3 54.3 54.3 54.2 53.7 53.5 53.4 54.1 54.1 54.1 53.7 53.3 53.2 53 52.9 53 53 52.8 52.4 51.3 51.2 50.8 50.5 51 51.2 50.1 50.2 49.9 49.6 57.6 63.1 63.7 63.6 63.3 63 60.7 62 63.8 65.5 67.2 70.2 71.5 72.4 73.6 74.9 75.3 75.9 75.3 75.7 76 76.4 77.1 77.2 77.5 78 78.6 79.2 80 82
59.2 59.3 58.8 58.5 58 57.7 57.3 57.1 57.6 58.5 57.2 57.1 57.3 58.9 59.4 60.7 61.8 62.3 62.3 62 61.1 59.8 59.3 58.8 58.6 58.2 57.4 56.3 55.1 54.4 54.5 54.4 55 54.2 53.9 54 53.9 53.8 53.4 52.9 52.8 52.9 53 52.9 52.7 52.6 51.5 51.3 51.3 51.5 51.1 51.1 50.6 50.9 50.4 48.6 49 56.4 59.3 61.4 62.6 59.3 60.6 62.7 64.3 65.7 67.5 68.9 71 72.3 72.8 73.3 73.8 74.2 74.4 74.5 74.8 75.3 75.7 76 76.3 76.7 77.1 77.9 78.7 79.8
59.1 59.2 58.8 58.8 58.4 58 57.7 57.3 57.2 59.7 58.1 58 59 61.1 61.6 62.5 63.3 63 63 62.2 61.2 60.9 60.6 60.2 59.9 59.4 58.3 57.3 56.7 56.5 56.3 55.8 55.1 54.2 53.7 53.8 53.8 53.7 53.2 52.7 52.8 52.9 53 52.9 52.9 52.7 51.8 51 51.3 51.1 51.3 50.9 50.9 50.9 50.4 49.4 48.4 48.8 52.1 60.7 61 56.4 59.8 62.9 64.4 65.9 67.6 69.9 71.6 71.7 71.7 72.2 72.7 73.1 73.4 73.5 73.7 74 74.2 74.6 75.1 75.4 75.8 76.6 77.4 78.5
59 59.1 58.9 58.8 58.8 58.4 58 57.6 61.7 58.4 58.8 59.2 61.2 62.6 63.2 63.6 63.2 62.5 62.1 62.4 62.4 62.2 61.8 60.7 59.7 59 58.6 57.9 57 56.6 56.1 55.6 55.4 54.4 53.6 53.6 53.6 53.5 53 52.5 52.3 52.6 52.9 52.8 52.8 52.6 52 51.5 55.3 56.7 55.6 51.2 50.8 51.3 50.6 50.1 48.6 48.3 49.2 52.9 55.3 57 61.3 63.8 64.9 65.8 67.1 69.7 71.1 71.2 70.9 71.1 71.6 71.9 72.2 72.5 72.7 72.9 72.6 73 73.7 74.6 74.4 75.2 76 77.2
58.9 59 59 58.9 58.9 58.8 58.2 63.3 58.3 57.8 59.2 60.6 62.2 62.5 63.1 63.3 63.7 63.7 63.6 63.9 64.1 63.6 63.1 61.9 60.7 60 59.1 58.5 57.5 56.6 55.9 55.4 55.4 54.8 54.3 54.8 54.4 54.7 55.4 54.8 52.7 52.5 52.5 52.1 51.8 55.1 58.9 60.2 59.7 58.9 57.5 56.8 53 50.1 50.1 50 49 49 49.1 49.6 56.3 62.6 63.6 65.3 66.4 66.9 66.6 69.2 70.2 70.5 70.3 70.3 70.5 70.8 71.1 71.4 71.6 71.5 71.4 71.8 72.5 73.1 73.5 73.9 74.6 75.5
59.3 59.2 59 59 58.8 58.6 60 58.9 58.7 58.4 60.3 60.5 61.7 62.4 63.3 63.9 65.1 65.7 65.7 65.5 65.2 64.7 63.8 63 61.8 60.9 60 59.2 58.5 58 58 58 58.4 57.2 58.2 59.3 60.3 61.6 65.7 65.9 65.6 65 64.9 64.1 63.8 64.5 63.2 62.3 61.6 60.8 60 59.3 58.5 50.5 49.9 49.9 49 49 49 48.9 52.4 64.9 66 66.9 67.7 68 68.3 69 69.2 69.1 69.2 69.2 69 69.2 69.8 70.1 70.4 70.5 70.3 70.5 71.5 72 72.4 72.8 73.1 74.1
59.4 59.3 59.2 59.1 58.7 58.4 59.2 59.4 59.5 60.2 59.6 59.8 61.3 62.4 63.4 64.4 66.1 66.3 66.3 66 65.8 65.3 64.5 63.7 62.8 61.4 60.2 59.3 59.2 60 61.8 62 61.2 62.6 63 64.7 66.9 69.1 70.9 70.3 69.4 69.5 70.4 69.5 68.1 67.1 65.7 64.5 63.8 63.1 61.9 60.5 60 50.4 48.9 49.3 49 49 48.9 48.8 52.8 66.8 67.7 68.4 68.4 68.3 68.1 68.2 68.2 68.2 68 67.7 67.4 67.2 68 68.8 68.9 68.9 69 69.3 70.7 71.3 71.3 71.5 71.5 72.4
59.5 59.4 59.6 59.6 59.3 60.7 59.2 59.2 60.2 60.6 61.2 61.9 62.3 62.7 63.9 65.8 66.4 66.7 66.9 66.5 66 65.6 65 64.7 63.6 61.9 60.9 59.6 60 62.8 65.4 66.3 63.9 67.3 69.5 72 74.2 75.4 76.1 75.2 73.7 73.6 72.6 71.7 70.8 69.5 68.2 66.9 66.1 65.2 64.5 63.5 63.4 50.5 48.9 48.8 49 48.9 48.7 48.2 56.5 65.7 69 69 68.7 68.3 67.9 67.6 67.1 67.3 67.2 66.8 66.1 65.6 66 66.6 66.9 66.8 67.2 67.6 69.4 70.7 70 70.1 70.2 70.8
58.9 59.4 59.7 59.9 61.9 60.1 59.9 60.6 61.4 61.8 62.5 62.5 62.9 63.3 64.2 65.9 66.6 67.1 67.4 66.9 66.3 65.7 64.7 64.3 63.4 62.3 62.3 61.2 64.1 66.5 68.4 71 71.1 73.1 76.6 79.5 80.5 81.5 81.6 81 79.6 77.6 75.3 73.6 73 71.9 70.6 69 67.9 67.6 67 66.2 65.6 60.9 52.5 49.1 48.9 48.7 48.6 48.7 59.5 69.3 69.6 69.1 68.7 68.9 68.4 67.8 67.5 67.3 67.2 66.5 65.5 64.5 64.2 64.4 64.7 64.3 64.3 65.9 67.5 68.7 68.7 68.7 68.8 69.3
60.2 60 60.7 62.5 60.9 60.7 61.4 61.3 62.9 63.3 63.4 63.3 63.6 63.9 64.8 65.8 66.5 67.1 67.6 67 66.3 65.4 64.4 63.3 62.5 63.2 63.8 65.4 68.5 70.2 71.9 74.2 77.9 79 81.6 84.8 87.1 87.8 87.8 85.3 83.3 80.7 78 76.4 75.6 74.3 72.7 70.9 71 70.1 69.5 68.8 68 68.3 67.1 56.9 49 48.8 48.5 47.9 58.5 69.8 69.6 69.3 68.7 68.8 68.5 67.3 67.4 67.4 66.9 66.4 65.6 64.7 63.5 62.6 61.9 61.4 62.8 64.7 65.7 67 67.3 66.8 67.4 67.8
61.9 61.4 62.2 60.6 61.2 62 61.7 63.3 63.6 64.2 64.8 64.8 64.3 65.1 65.8 66.2 66.3 66.6 66.9 67.5 66.1 65.2 64 63.5 67.1 67.4 67.5 70.1 72 73.7 75.7 78.3 82 84.9 86.2 89 93.2 92 90.9 89 86.3 83.7 81.1 79 78.1 76.8 75.4 74.1 73.7 72.6 71.9 71.3 71 71 69.1 59.2 50.9 48.8 48.1 47.7 57.3 69.8 69.4 69.5 68.2 67.5 67.5 67.5 66.8 66.9 66.3 65.8 65.3 64 62.6 61.3 60.5 60.5 61.9 63.7 64.9 65.6 65.7 64.9 65.5 65.9
63.2 62.6 61.8 61.1 61.8 62.5 63.7 64.1 64.5 65.1 65.7 65.6 65.4 65.8 66.1 66.5 66.7 66.7 66.4 67.2 66.6 64.8 64.4 66.4 69.9 70.8 71.7 74.4 75.7 77.4 79.9 82.2 86.1 89.8 91.9 94.9 97.4 96.1 95 93.4 90.2 87.3 84.2 81.9 80.6 79.4 78.4 77 75.8 74.8 74.1 73.4 73.2 73.1 70.6 63.5 54.4 49.4 48.5 47.9 61.2 67.4 69.5 69 68.4 67.5 66.5 66.3 66 66 65.7 65.5 64.6 63.3 61.9 60.5 59.5 60 61.4 63.2 63.7 63.8 63.4 63.1 63.2 63.6
61.2 63 62.2 61.5 62.8 62.6 63.6 64.8 64.8 65.4 65.7 65.4 65.9 66.3 66.6 67 67.1 66.9 66.8 67 67.7 66.6 66.9 68.8 71.7 73.4 75.2 76.4 78.9 81.1 83.2 85.7 90.1 93.9 98.3 101.5 102.5 101.6 100.4 97.6 94.4 91.1 87.7 85 83.7 82.7 81.7 79.9 78.7 76.7 75.7 74.8 75.3 74.2 71.8 63.2 55.6 51.9 49.3 48 57 61.2 66.2 69.4 69.1 68.4 67.4 66.3 65.4 65.5 65.5 64.8 64 62.6 61.2 59.6 56.2 53.5 60.1 62 62.4 62.2 61.8 61.4 60.9 60.8
63.7 62.9 63.3 62.7 63.6 63.6 64.4 64.6 64.8 66 65.2 65.7 66.2 66.7 67 67.3 67.5 67.4 67.6 68.6 69.2 69.7 70.1 71.9 74.5 77.1 79.2 80.5 82.2 84.2 86.3 89.4 93.8 98.6 103.3 106.2 107.4 106.6 104.4 101.1 97.7 93.9 91.4 89 87.1 85.7 84.4 82.5 81 79.3 77.4 75.9 75.3 72.6 66 56.8 54 52.1 52.2 49.4 48.1 52.7 58.5 61.5 66.5 69.4 68.7 62.5 61.8 63.9 64.6 64 63.9 62.6 60.8 57 50.6 44.4 51 59.7 61.1 60.6 60.1 59.5 58.9 57.4
64.2 64.2 64 64 62.5 63.3 63.6 64.4 64.9 65.1 65.5 66 66.5 66.7 67.1 67.5 68 68.2 68.8 70.2 72 73 74.1 75.4 77.1 79.7 82 83.4 85.4 87.4 89.5 93.6 97.8 102.9 108.3 111.5 112.2 111.2 107.5 104 100 96.1 93.2 91.2 88.4 85.7 84.6 83 81.5 80.4 78.7 75.9 72.2 66.8 60.3 56.1 61.9 67.8 61.3 56.5 48.3 47.8 47.2 48.9 55.1 63.6 63.5 54.6 51.6 55.8 62.1 63.8 63.6 62.3 61.2 59.8 44.8 43.4 44.3 54.8 59.5 59.9 58.5 57.8 56.9 54
64.8 64.8 64.8 64.2 63.2 62.4 63.5 64.4 65.3 65.6 65.8 66.3 66.3 66.7 67.1 67.9 68.8 69.5 70.9 72 74.3 76 77.2 77.9 79.5 81.2 83.5 85.2 87.1 90.4 93.7 97.6 101.5 106.9 113 117.9 116.7 114.2 110.4 105.7 101.4 98 95 92.8 89.4 86.5 84.6 83.3 82.2 81 79.7 78.5 72.7 63.4 58.7 68.6 75.5 74.3 70.2 64.4 54 47.9 48.1 47.9 45.4 45.7 52.6 45.5 43 43.2 46.5 57.5 57.4 61 59.6 46 43.2 44 44.8 43.8 52.5 57.4 57.2 56.6 56.2 56
65.5 65.8 64.9 64 63.1 63.2 63.4 63.9 64.3 65.7 65.5 66 66.3 66.9 67.8 68.7 69.5 71.1 72.9 73.9 75.2 76.8 78.4 80 81.6 82.8 84.1 86 89.6 93.5 97.2 101.1 105.2 110.9 116.7 119.1 119.5 116.4 111.9 107.2 103.8 100.5 98 95.9 92.4 88.8 86.6 85.3 83.9 82.6 81.2 81.4 75.9 63.6 60.9 77.6 77.7 76 76.2 73.1 65.1 48.1 54.7 52 46.4 44.3 43.2 43 43 43 45 45.1 44.4 45.6 42.8 43.1 43.2 43.9 43.6 43.2 43.5 49.1 53.6 56.9 56.2 56.2
67.1 65.5 64.8 64.1 63.8 63.9 64.1 64.4 64.6 64.3 64.8 65.7 66.8 67.7 68.6 69.3 70.6 72.2 74 75.3 76.3 77.6 79.2 80.8 82.6 84 86 88.3 91.8 95.8 100.2 104.6 109.2 115 119.3 119.1 118.5 116.2 113 108.5 105.3 102.7 100.2 97.5 94.6 91.4 89 87.7 86.2 84.8 83.3 81.7 70.4 65 78.8 78.8 78.2 75.9 73.7 70.5 59 67.8 70.6 60 54.2 56.1 54.8 51.9 47.4 48.6 47.7 46.6 45.7 44.4 44.1 43.7 44 44.8 45 44.7 43.1 43.8 44.1 49.9 57.6 56.1
67.9 65.7 65 65.2 63.9 64.4 65 65.2 64.4 65.4 66.7 66.8 67.8 68.5 69.4 70.1 71.7 73.4 74.4 76.3 77.8 78.4 80 81.7 83.5 85.2 87.9 90.5 93.9 98.1 102.7 108 113.9 119.4 120.8 121.2 121.5 118.1 113.9 109 105.5 103.2 100.8 97.6 94.9 92.2 89.5 88.4 87 86 83.3 74.3 65.9 80.4 80.2 79.8 79 77.3 75.7 69.4 72 72.9 69.6 60.5 64.8 68.3 66.8 67.5 64.2 58.4 54.9 50.5 50.7 46.2 46.2 48.4 51.5 50.2 47 46.4 43 43.2 43.2 43.6 43.5 44.5
67.7 66.3 66 67 65.4 64.8 65.9 65.4 64.9 65.4 66 67.4 68.4 69.6 70.4 72.2 74.3 75.1 75.7 77.3 79.1 79.9 81.5 83.4 85.2 87.3 89.6 92.3 95.9 99.9 106.5 112.7 119 123.6 124.1 124.6 123 120 114.6 109.4 105.9 103.5 100.3 96.9 94.1 91.6 89.7 88.3 87.1 84.7 77.6 70.6 82.3 82.9 82.5 81.3 80 78.9 79 75.4 75.9 74.6 71.5 68.7 72.3 72.6 70.7 71.6 58.9 67.1 62.4 58.9 54.3 48.6 55.8 55 55.1 55.3 52.6 48.9 42.8 43.2 43 42.2 41.1 40.7
68.7 67.2 66.9 68.4 67.5 66.6 65.3 64.6 65.9 66.9 67.1 68.4 70.4 69.3 72.1 74.3 75.8 76.3 78 79.6 81.3 82.2 83.2 85.2 87.3 89.4 91.6 94.9 99.2 104.9 112.7 118.1 123 125.5 126.4 126.2 124.2 121.8 115.3 109.5 105.8 103.1 99.5 96.1 93.7 91.6 90 87.6 85.5 79.1 73.5 84.4 85.7 84.7 83.8 82.9 82.3 82.2 81.1 80.2 79.9 77.6 77.3 77.3 76.8 74.9 73.7 68.3 71.9 70.2 67.9 65.6 61.2 51.3 57.3 61.1 59.7 60.7 60.5 59.2 51.8 43.6 43.1 40 39.6 40.6
69.3 69.4 69.1 70.1 69.4 68.2 67.5 67.5 67.9 68.5 68.8 69.6 70.8 71.2 73.3 76.2 76 78.2 80.1 81.8 83.5 84.4 85.5 86.8 89 91.3 93.6 97.3 102.6 108.6 116.6 121.5 125 126.2 126.9 126.3 124.4 120.8 114.1 109.4 105.9 102.2 98.1 95.8 93.3 91.8 89.8 86.4 79.5 77.5 84 88.3 88.1 87.3 86.9 86.5 85.8 85.5 84.7 84.2 83.5 82.2 81.2 80.1 78.8 77.8 75.8 74.6 73.1 71.5 70.3 67.4 62.4 51.9 58.8 64.1 63.5 63.2 61.7 58.7 57.8 54.6 49.4 43.6 40.3 39.6
71.4 69.4 70.8 70.7 70.5 70 69.1 69.6 69.8 69.2 69.6 71.5 73.1 73.4 74.9 77.7 78.4 80.2 82 83.9 85.6 86.6 87.7 88.7 91 93.4 95.7 99.4 106 111.5 118 123.7 125.7 126.7 127 126.3 124.4 119.8 114.2 109.8 106.7 102.6 98.9 96.1 94 92.3 89.2 83.5 84.2 90.8 91.4 91.7 91.1 90.9 90.5 90.3 89.6 88.9 88.6 87.8 86.3 85 83.3 81.5 80.3 78.2 76.6 75.6 74.1 72.3 70.3 66.9 63.4 55.3 51.4 64.2 65.1 63.9 62 59.4 61.6 62.2 64.8 59.4 52.7 58.5
72.9 71 71.2 73.6 73.1 72 72.8 73.1 71.7 72.4 72.6 73.8 74.6 75.8 76.7 79.5 80.7 82.1 83.9 85.7 86.3 88.2 89.2 90.8 93.3 95.9 97.9 102.4 109.1 115.3 120.9 125.3 126.4 127.7 126.8 126.2 122.8 119.1 114.8 110.6 106.9 102.2 99.7 98.5 97.4 95.9 88.7 90.4 95.8 94.8 94.6 95.5 95.1 94.5 94.2 93.5 92 91.3 90 88.5 87.3 86.5 84.7 82.8 80.7 78.9 77.6 76.5 75.1 72.9 70.7 69.3 61 61.4 57.6 65.7 65.8 65.2 64.5 64.1 64.5 65.6 66.2 67.6 68.4 71.6
74.2 75.7 76.4 76.9 76.1 74.7 75.3 75.3 74.6 75.2 74.3 75.6 75.2 76.7 77.7 81.1 81 83.3 85.1 86.2 87 88.8 90.9 93.1 95.4 97.7 101.5 107.1 113.3 119.1 125 127.3 128.5 129.1 127.5 125.6 122.2 118.9 115.3 111.5 107.9 104.3 102.8 101.8 100.4 97.6 87.5 99.8 100 99.6 99.3 99.6 98.1 96.7 95.9 94.7 93.3 92.3 90.7 89.2 88.1 87 85.5 83.7 81.7 80.4 79.1 77.8 76.2 74.1 73.4 71 60.5 57.1 64.1 67 67.1 66.8 67.8 67.6 67.4 68 69.8 72.2 73.6 76.2
