STL Generation/terr50_gagg_gb/data/NO99.asc
ncols 200
nrows 200
xllcorner 390000
yllcorner 790000
cellsize 50
[rows 76 to 113 of 200, columns 0 to 84 of 200]
95.6 96.5 97.7 99.3 99.3 98.6 97.6 96.5 94.8 92.4 89.7 86.8 83.4 79.6 77.8 76.1 75.2 74.2 74.1 72.8 72.2 73.1 73.9 74 75.4 76 76.9 77.3 78.6 79.3 78.9 78 78.6 78.9 81.2 81.3 80.4 80 79.4 79.5 79.3 74.1 80.1 80.8 81.4 84 88.1 91.3 92.6 92.8 92.5 91.9 91 86.8 81.7 75.5 69.3 63.9 58.8 55.4 57.4 57.4 53.3 47.2 41.3 34.9 27.4 -1.7 -1.7 -1.7 -1.4 -1.7 -1.7 -1.7 -1.7 -1.7 -1.7 -1.7 -1.7 -1.7 -1.7 -1.7 -1.7 -1.7 -1.7
93.7 94.5 95.9 97.8 98.1 98.2 98.2 97.3 95.4 93.1 90 87.1 83.4 80.8 78.6 76.4 75 74 74.1 72.2 71.9 72.1 73.4 74.4 75 76.1 77.4 77.9 78.8 78.9 78.3 77.6 78.1 78.6 80.9 81.8 81.3 79.9 79.2 78.7 78.3 77.2 78.5 80.3 82 84.3 87.3 90.7 91.8 91.5 90.4 90 90.2 84.8 79.3 73.1 68 64 59.1 54.6 55.2 55.6 52.2 46.5 41.4 36.2 28.5 -1.7 -1.7 -1.7 -1.7 -1.7 -1.7 -1.7 -1.7 -1.7 -1.7 -1.7 -1.7 -1.7 -1.7 -1.7 -1.7 -1.7 -1.7
92.1 93.1 93.4 93.9 94.5 95.4 96.5 96.4 94.7 92.8 89.2 84.6 82 80.9 79 77 76 74.9 74.2 72.7 72.1 71.6 72.9 74.2 74.5 76 77 78 78.3 78.1 77.7 77.3 77.7 78.8 80.4 80.2 80 78.7 77.8 78.3 76.6 77.3 78.2 78.8 81.1 84.1 86.5 88.4 89.1 88.3 86.6 86.4 84.6 80.6 74.7 70.4 66.7 63 58.8 54.3 51.4 50.7 47.1 42.8 39.4 36 32.3 -1.7 -1.7 -1.7 -1.7 -1.7 -1.7 -1.7 -1.7 -1.7 -1.7 -1.7 -1.7 -1.7 -1.7 -1.7 -1.7 -1.7 -1.7
91.4 92.3 91.7 91.4 92.3 93.1 93.1 92 90.8 88.4 84.4 82.2 81.8 80.7 79.3 77.8 76.9 75.8 74.1 73.5 72.7 71.9 73.7 74.6 74.4 75.5 76.5 77.2 77 76.4 76.5 77.5 78.3 79.3 79.7 79.5 79.2 77 77.1 77.4 76.5 76.7 77 77.9 80.5 83.1 84.5 85.9 85.8 84.6 83.1 81.5 79.3 76.7 72.9 69.1 65.4 61.6 57.7 52 47.6 45.1 42.2 38.6 35.6 32.6 29.4 2.9 -1.7 -1.7 -1.7 -1.7 -1.7 -1.7 -1.7 -1.7 -1.7 -1.7 -1.7 -1.7 -1.7 -1.7 -1.7 -1.7 -1.7
91 90.7 90.2 89.7 90.1 90.4 89.9 88.6 86.7 84.9 82.7 81.7 81.9 80.7 78.7 77.1 76.2 75.4 74 73.1 72.5 71.7 72.4 73.9 73.4 74.3 75.1 75.6 76.2 76.1 75.8 77.4 78.4 79.5 79.2 77.7 77.7 76.2 75.7 76.4 75.7 75.7 76.2 76.4 77.6 79.3 81.3 82.9 82.6 81.1 79.6 78.4 76.4 73.8 71.3 67.9 64.3 60.5 55.7 51.4 46.3 42.2 39.3 35.9 32.3 29.1 23.4 2.1 -1.7 -1.7 -1.7 -1.7 -1.7 -1.7 -1.7 -1.7 -1.7 -1.7 -1.7 -1.7 -1.7 -1.7 -1.7 -1.7 -1.7
89.2 89 88.6 88.2 87.8 87.3 87 86.2 85.2 84.5 83.7 83.9 83.5 81.7 80.7 78.6 76.3 74.2 73.9 73 71.6 70.3 70.9 71.8 71.4 73.4 73.8 75.6 76.5 76.1 76.1 76.9 76.8 75.8 75.4 76.4 75.7 74.8 75.3 73.1 74.4 75.1 76.1 75.3 75.4 76.9 78.3 79 78.7 77.5 76.7 75.4 73.6 71.8 69.3 66.6 63 58.2 53.4 49 44.7 40.3 37.3 33.5 29.5 25.8 17.7 1.4 -1.7 -1.7 -1.7 -1.7 -1.7 -1.7 -1.7 -1.7 -1.7 -1.7 -1.7 -1.7 -1.7 -1.7 -1.7 -1.7 -1.7
88.2 87.6 87.3 87.1 86.8 86.4 85.9 85.4 84.6 84.7 84.7 85.5 86.8 84.6 82.4 80.2 77.9 75.6 73.8 72.6 70.7 70.1 70 70.8 70.5 72.1 72.3 73 74.3 76.3 76.5 76.2 76 75.4 75 75.3 74.7 74.3 74.4 74.5 74 74.5 75.2 74.4 74.3 75.9 77.6 77.5 75.4 74.4 73.6 72.6 71.5 69.2 67.7 65.4 60.6 55.9 51.1 46.4 42.6 38.9 35.6 32.2 26 22.3 4.2 -1.7 -1.7 -1.7 -1.7 -1.7 -1.7 -1.7 -1.7 -1.7 -1.7 -1.7 -1.7 -1.7 -1.7 -1.7 -1.7 -1.7 -1.7
88 87.9 87.5 87.2 86.4 85.8 85.2 84.7 84.5 84.8 84.8 85.2 85.6 84.2 82.2 79.9 77.3 75 73.7 72.2 71.2 70.1 70.1 70 70 70.2 71.5 72.1 73.2 75.4 75.1 75.7 75.5 75 74.8 74.5 74.4 74.5 72.2 73.7 73.9 74.5 74.5 73.8 74.6 75.8 76.6 75.2 72.7 74.1 73.6 71.5 70.5 67.8 65.6 62.6 58.3 53.5 49.1 44.7 41.2 38.4 34.8 27.4 14.7 7 -1.7 -1.7 -1.7 -1.7 -1.7 -1.7 -1.7 -1.7 -1.7 -1.7 -1.7 -1.7 -1.7 -1.7 -1.7 -1.7 -1.7 -1.7 -1.7
88.1 88.1 87.9 87.2 86.4 85.5 85 84.8 84.9 84.9 84.8 84.8 84.9 82 79.9 78.1 76.2 74.6 73.2 72.2 71.1 69.9 68.7 68.5 68.8 68.9 69.9 71.3 72.5 72.8 72.2 73.8 74.6 73.8 74.1 74.8 75.1 74.4 74.3 74.7 74.9 75.2 75.1 74.8 75 75.3 72.7 71.9 72.9 74.4 73.4 70.9 69.4 66.3 61.9 59.5 55.9 51.7 47.7 43.6 38.2 23.8 10.9 -1.7 -1.7 -1.7 -1.7 -1.7 -1.7 -1.7 -1.7 -1.7 -1.7 -1.7 -1.7 -1.7 -1.7 -1.7 -1.7 -1.7 -1.7 -1.7 -1.7 -1.7 -1.7
88 88.1 87.9 87.2 86.3 85.2 85.2 85.3 85.4 85.5 85.5 86.1 85.5 84 80.3 78.4 76.5 74.5 72.6 72.8 70.6 70 68.9 67.7 67.9 68.1 68.8 69.9 70.9 71.2 71.4 71.9 73.8 73.2 73.5 74.9 74.9 72.1 75.1 75.6 75.4 75.3 75.1 74.9 74.9 74.1 71.3 72.7 73.9 74.7 73 70.5 68.4 64.7 60 57.1 53.8 50 45.9 41.8 36.3 1.8 -1.7 -1.7 -1.7 -1.7 -1.7 -1.7 -1.7 -1.7 -1.7 -1.7 -1.7 -1.7 -1.7 -1.7 -1.7 -1.7 -1.7 -1.7 -1.7 -1.7 -1.7 -1.7 -1.7
87.6 87.2 87.3 86.5 86.4 86.4 86 86.1 86.3 86.4 87.6 86.8 85.5 84.4 81.5 79.6 77.8 75.8 73.9 73.5 71.1 70.5 69.1 67.4 67.1 67.4 68.2 69.5 70.1 70.4 70.6 71.3 72.5 72.7 73.2 74.6 74.6 71.7 74.8 76 75.4 75.3 75.2 75.2 75.1 72.3 71.4 72.9 74.3 74.8 72.3 69.6 66.9 63.3 59.3 56.6 52.6 48.2 43.9 40 11.8 -1.7 -1.7 -1.7 -1.7 -1.7 -1.7 -1.7 -1.7 -1.7 -1.7 -1.7 -1.7 -1.7 -1.7 -1.7 -1.7 -1.7 -1.7 -1.7 -1.7 -1.7 -1.7 -1.7 -1.7
86 86 85.7 85.5 86.2 86.5 87.1 87.3 87.5 88.4 88.4 86.6 85.5 83.6 82.4 80.5 79 76.5 74.5 73.7 71.7 70.7 68.9 67.1 66.6 67 67.9 68.9 69.5 69.9 70.8 71.5 72.3 72.8 72.4 72.9 73.1 71.2 74.4 76.3 75.3 75.5 75.7 75.6 73.8 71.1 71.6 71.6 72.8 72.4 70.4 67.7 65 62 59.1 56.2 52.3 47.5 42.1 34 1.1 -1.7 -1.7 -1.7 -1.7 -1.7 -1.7 -1.7 -1.7 -1.7 -1.7 -1.7 -1.7 -1.7 -1.7 -1.7 -1.7 -1.7 -1.7 -1.7 -1.7 -1.7 -1.7 -1.7 -1.7
83.6 83.3 83.4 84.7 86.6 88 88.5 88.6 88.9 89.2 88.2 86.2 84.4 83.5 83.2 81.9 79.8 77.2 74.9 73.9 72.3 70.1 68.2 66.8 66.5 66.4 68.4 69.2 69 69.5 70.1 70.8 70.9 70.4 70.3 71.2 70.5 74.7 76 75.6 74.8 75.3 75.3 75.7 72.4 71.6 71.9 70.7 70.1 69.7 68.2 66.1 63.4 60.9 58.3 55.6 51.1 45.1 39.6 35.5 2 -1.7 -1.7 -1.7 -1.7 -1.7 -1.7 -1.7 -1.7 -1.7 -1.7 -1.7 -1.7 -1.7 -1.7 -1.7 -1.7 -1.7 -1.7 -1.7 -1.7 -1.7 -1.7 -1.7 -1.7
83.2 82.9 83.6 84.9 86.5 87.6 88.7 90 90.1 89.3 88.6 87 85.6 84.5 84.2 83.6 80.3 77.8 75.4 73.6 71.5 69.3 67.8 66.7 66.6 66.8 67.4 69.4 69 69.1 69.3 69 68.1 67.9 68 70.2 72.8 78.2 74.2 74.8 74.1 74.5 76.1 74.6 72.1 71.6 70.3 69 67.7 66.8 66 64.3 61.3 59.7 57 53.7 49.2 37.5 35.8 33.6 -1.7 -1.7 -1.7 -1.7 -1.7 -1.7 -1.7 -1.7 -1.7 -1.7 -1.7 -1.7 -1.7 -1.7 -1.7 -1.7 -1.7 -1.7 -1.7 -1.7 -1.7 -1.7 -1.7 -1.7 -1.7
82.8 82.9 84.2 85.4 86.2 86.8 88.5 89.6 89.8 89.5 88.2 87.3 85.8 85.4 85 84 80.6 78.5 76.2 73.7 71.2 69.5 67.9 66.9 66.4 66.7 66.8 69 69.2 69.2 68.3 67.7 67.4 67.1 68.1 69.1 72.7 75.5 73.4 74.4 73.9 74.2 76.5 73.2 72.2 71.1 69.3 67.6 66 64.3 62.3 59.3 57 57.6 55.8 52.1 44.2 6.3 1.4 -1.7 -1.7 -1.7 -1.7 -1.7 -1.7 -1.7 -1.7 -1.7 -1.7 -1.7 -1.7 -1.7 -1.7 -1.7 -1.7 -1.7 -1.7 -1.7 -1.7 -1.7 -1.7 -1.7 -1.7 -1.7 -1.7
82.3 83.3 84.4 85.5 87.1 88.4 88.4 88.7 88.1 87.8 87.7 87.1 85.2 83.7 82.7 81.6 79.5 77.9 75.7 73.7 71.7 69.9 68.3 67.2 67.4 66.4 65.8 67.9 68.3 67.2 66.5 66.4 66.5 66.8 68.2 69.7 71.8 73.8 73.3 73.8 72.8 73.3 73.5 71.3 70.9 69.2 67.4 64.9 62.1 60.3 57.9 54.4 53.1 54.5 54.1 20.2 15.3 -1.7 -1.7 -1.7 -1.7 -1.7 -1.7 -1.7 -1.7 -1.7 -1.7 -1.7 -1.7 -1.7 -1.7 -1.7 -1.7 -1.7 -1.7 -1.7 -1.7 -1.7 -1.7 -1.7 -1.7 -1.7 -1.7 -1.7 -1.7
82.9 83.3 83.6 84.6 86.4 88 88.3 88.6 87.6 88.1 88.3 87.1 85.3 83.3 81.6 80 77.7 76.3 74.5 73.7 71.6 69.8 68.2 67 66.4 65.6 64.6 66.5 66.4 65.5 66 65.3 66.2 66.5 68.2 69.7 71 71 74.1 75 72.7 73.7 69.3 69.2 68.2 67.2 65.2 62.7 59.3 56.5 53.5 50 46.4 49.1 47.2 12.4 -1.7 -1.7 -1.7 -1.7 -1.7 -1.7 -1.7 -1.7 -1.7 -1.7 -1.7 -1.7 -1.7 -1.7 -1.7 -1.7 -1.7 -1.7 -1.7 -1.7 -1.7 -1.7 -1.7 -1.7 -1.7 -1.7 -1.7 -1.7 -1.7
83.7 83.8 83.9 83.9 85 86.4 86.8 87.2 86.9 87.4 88.4 88.5 86 83.8 81.8 79.8 78.2 77.8 76.7 74 71.1 69 67.9 66.9 66 65.6 64 64.8 65.3 64.8 65.3 65.8 66.9 67.3 68.6 71.2 70.6 72.1 74.6 74.7 73.4 71.2 69.6 68.6 67.8 66.6 64.4 61.7 58.2 55 52.3 49.1 44.3 42.5 36.7 -1.7 -1.7 -1.7 -1.7 -1.7 -1.7 -1.7 -1.7 -1.7 -1.7 -1.7 -1.7 -1.7 -1.7 -1.7 -1.7 -1.7 -1.7 -1.7 -1.7 -1.7 -1.7 -1.7 -1.7 -1.7 -1.7 -1.7 -1.7 -1.7 -1.7
82.9 82.9 82.9 83 83.9 84.8 85.4 86.5 86.6 86.6 87.8 87.4 86.9 84.9 82.9 80.7 77.9 77.2 74.9 73.6 70.4 69 67.8 66.8 65.7 65.7 62.9 64.4 65 64.4 65.4 67.3 68.2 67.6 68.2 69.8 70.8 71.8 73.1 74.1 72.9 71.2 69.5 68.6 67.8 66.7 64.6 61.8 58.3 55 51.3 47 23.5 1.6 -1.7 -1.7 -1.7 -1.7 -1.7 -1.7 -1.7 -1.7 -1.7 -1.7 -1.7 -1.7 -1.7 -1.7 -1.7 -1.7 -1.7 -1.7 -1.7 -1.7 -1.7 -1.7 -1.7 -1.7 -1.7 -1.7 -1.7 -1.7 -1.7 -1.7 -1.7
82.5 81.9 82 82.1 82.8 83.3 83.4 84.2 84.9 86.2 87.4 87.4 87 86 82.9 80.1 77.4 76.1 73.6 72.7 70 67.8 66.8 65.9 65.3 63.1 62.2 64.8 64.9 64.3 65.9 68 68.1 68.2 67.9 68.2 68.7 71.7 71.9 71.8 70.8 70.3 69.2 68.8 68.5 68.1 66.3 62.6 58.6 56.4 52.7 33.2 2 -1.7 -1.7 -1.7 -1.7 -1.7 -1.7 -1.7 -1.7 -1.7 -1.7 -1.7 -1.7 -1.7 -1.7 -1.7 -1.7 -1.7 -1.7 -1.7 -1.7 -1.7 -1.7 -1.7 -1.7 -1.7 -1.7 -1.7 -1.7 -1.7 -1.7 -1.7 -1.7
82 81.4 81 81.1 80.9 80.8 80.7 80.7 81.7 83.3 84.9 87.1 87.3 83.5 81.8 79.1 77 75.1 73.2 71.3 68.4 66.7 65.9 65.2 63.9 61.9 60.5 64 64.8 64.2 65.3 67 66.1 66.8 68.6 66.2 67.7 70.4 70.4 71 69.8 69.6 69.3 68.5 68.3 69.4 68.4 64.3 59.7 56.4 52.4 48.1 19.6 -1.7 -1.7 -1.7 -1.7 -1.7 -1.7 -1.7 -1.7 -1.7 -1.7 -1.7 -1.7 -1.7 -1.7 -1.7 -1.7 -1.7 -1.7 -1.7 -1.7 -1.7 -1.7 -1.7 -1.7 -1.7 -1.7 -1.7 -1.7 -1.7 -1.7 -1.7 -1.7
80.2 80.5 79.3 79.1 78.9 78.7 78.5 78.3 78.9 79.6 79.9 80.4 81.2 79.6 78.3 77.2 74.9 73.6 72.1 70.6 69.1 67.4 65.6 64.3 62.4 61.7 59.5 62.1 64.5 63.6 66.4 65.6 65.6 65.8 67.6 65.1 65.4 67.6 65 65.8 69 68.6 67.7 67.4 68 69.5 69.3 65.7 61.7 57.9 53.3 48.8 44.1 31.8 -1.7 -1.7 -1.7 -1.7 -1.7 -1.7 -1.7 -1.7 -1.7 -1.7 -1.7 -1.7 -1.7 -1.7 -1.7 -1.7 -1.7 -1.7 -1.7 -1.7 -1.7 -1.7 -1.7 -1.7 -1.7 -1.7 -1.7 -1.7 -1.7 -1.7 -1.7
77.3 77.4 77.3 77.1 76.9 76.7 76.7 76.9 76.7 76.2 76.1 76.5 76.4 75.8 75.6 74.6 72.8 71.9 70.3 69.7 67.9 66.2 64.7 64 63.1 61 59.8 58.9 64.2 62.6 63.9 62.2 63.2 63.7 64 62.8 63.3 64.5 61.3 64.2 66.5 65.9 65.5 65.2 65.8 68.3 70 65.8 63.3 59.5 55.6 50.2 45.1 40 16.7 2.8 -1.7 -1.7 -1.7 -1.7 -1.7 -1.7 -1.7 -1.7 -1.7 -1.7 -1.7 -1.7 -1.7 -1.7 -1.7 -1.7 -1.7 -1.7 -1.7 -1.7 -1.7 -1.7 -1.7 -1.7 -1.7 -1.7 -1.7 -1.7 -1.7
75.6 75.4 75.3 75.2 75.1 75.2 75.4 75.8 75.6 74.1 73.7 74 73.3 73.2 72.8 72.3 72 71 69.8 69.1 66.9 65.2 65.3 65.5 63.4 59.7 59.5 57.6 62.1 60.9 62 65 61.1 60.8 59.5 59.8 62 62.8 57.8 61.6 62.5 62.4 62.4 62.1 63.1 65.1 66.3 65.5 64 60.8 56.7 50.3 45.2 30.8 2.4 6.6 0.3 -1.7 -1.7 -1.7 -1.7 -1.7 -1.7 -1.7 -1.7 -1.7 -1.7 -1.7 -1.7 -1.7 -1.7 -1.7 -1.7 -1.7 -1.7 -1.7 -1.7 -1.7 -1.7 -1.7 -1.7 -1.7 -1.7 -1.7 -1.7
75.2 75.2 75.2 75 73.9 74.1 74.3 74.6 74 72.2 72.4 72 71 70.3 69.8 70.8 71.5 71.2 68.8 69.8 67.7 67.2 65.9 64.4 61.8 62.9 60 55 57.6 59.6 59.1 56.6 57.4 56.9 55 57.4 58.9 57.2 55.5 58.4 59.2 59.2 59.3 59 60.5 62.4 64 64.8 64.8 62 55 51.5 46.1 25.5 3.4 -1.7 -1.7 -1.7 -1.7 -1.7 -1.7 -1.7 -1.7 -1.7 -1.7 -1.7 -1.7 -1.7 -1.7 -1.7 -1.7 -1.7 -1.7 -1.7 -1.7 -1.7 -1.7 -1.7 -1.7 -1.7 -1.7 -1.7 -1.7 -1.7 -1.7
75.3 75.2 75.1 73.9 73 73.8 73.1 73.2 73.4 72.7 72.4 71.7 70.4 69.6 69.5 70.2 70.9 71.5 68.2 67.7 65.8 65 64.8 63 62 62.5 62.5 58.1 54.2 56.1 63.6 55.9 52.3 50.9 50.6 51.3 52.2 52.3 52.7 55.1 55.9 56.1 56.1 56 57.9 59.9 62 62.8 62.9 60.4 55.1 51 45.6 18.4 0.8 -1.7 -1.7 -1.7 -1.7 -1.7 -1.7 -1.7 -1.7 -1.7 -1.7 -1.7 -1.7 -1.7 -1.7 -1.7 -1.7 -1.7 -1.7 -1.7 -1.7 -1.7 -1.7 -1.7 -1.7 -1.7 -1.7 -1.7 -1.7 -1.7 -1.7
76 75.3 74.4 73.5 73.3 73.4 72.8 72.6 72.7 72.3 71.6 70.9 69.7 69.7 70 70.5 69.8 68.9 66.3 65.7 64.7 63.9 63.6 62.8 62.3 62.3 62 62.2 58.7 54 57.7 52.9 52.1 49.9 49.6 49.1 48.4 48.5 50.4 52.3 52.4 52.6 52.9 53.4 55.5 57.5 59.5 60.8 60.1 57.5 53.9 49 42.5 34 -1.7 -1.7 -1.7 -1.7 -1.7 -1.7 -1.7 -1.7 -1.7 -1.7 -1.7 -1.7 -1.7 -1.7 -1.7 -1.7 -1.7 -1.7 -1.7 -1.7 -1.7 -1.7 -1.7 -1.7 -1.7 -1.7 -1.7 -1.7 -1.7 -1.7 -1.7
76.4 75.5 74.2 73.9 73.6 74.5 73.9 72.7 70.8 70.1 70.5 69.7 69.6 70.1 71.7 71 68.6 66.3 66.7 65.1 64 63.1 62.2 63.7 62.7 62.7 62.7 62.2 60.5 60.3 56.1 52 50.7 49.2 48.6 47.4 45.7 45.2 49.3 51.3 50.8 50.3 50.2 50.5 52.3 54.2 56.6 58.6 57.9 56.2 52.8 47.7 41.4 35.5 33.1 4.4 -1.7 -1.7 -1.7 -1.7 -1.7 -1.7 -1.7 -1.7 -1.7 -1.7 -1.7 -1.7 -1.7 -1.7 -1.7 -1.7 -1.7 -1.7 -1.7 -1.7 -1.7 -1.7 -1.7 -1.7 -1.7 -1.7 -1.7 -1.7 -1.7
76.6 75.3 74.4 74 73.3 72.8 72 71.8 71 68.8 67.8 67.6 67.6 67.9 67.2 66.7 66.1 65.5 66.4 64.1 63.6 61.9 63.6 65.2 65.4 65 65 63.1 60.7 60.8 57.1 54.8 51 51.6 51.1 47.7 45.1 44.2 46.1 48.7 48.4 48.8 49.1 48.7 49 51.2 54 56.3 56.4 54.4 50.4 45.2 37 32.6 23.1 -1.7 -1.7 -1.7 -1.7 -1.7 -1.7 -1.7 -1.7 -1.7 -1.7 -1.7 -1.7 -1.7 -1.7 -1.7 -1.7 -1.7 -1.7 -1.7 -1.7 -1.7 -1.7 -1.7 -1.7 -1.7 -1.7 -1.7 -1.7 -1.7 -1.7
76.5 74.6 73.7 73.4 71.7 71.2 71.1 70.7 70.2 69 65.9 66.1 66.4 66.3 65.8 65.7 65.7 66.4 64.5 62.9 63 62.8 66.5 67.7 68 68.3 67.6 64.4 60.9 59.2 56.9 54.8 52.5 51.1 50.6 48.4 46.2 44.5 43.9 45 45.6 46.8 48.1 46.5 46.6 48.8 51 53.3 54.1 52.3 21.8 27.7 -1.7 22.2 6 -1.7 -1.7 -1.7 -1.7 -1.7 -1.7 -1.7 -1.7 -1.7 -1.7 -1.7 -1.7 -1.7 -1.7 -1.7 -1.7 -1.7 -1.7 -1.7 -1.7 -1.7 -1.7 -1.7 -1.7 -1.7 -1.7 -1.7 -1.7 -1.7 -1.7
75 73.4 71.9 71 70.1 69.8 70.4 69.7 69.1 66.9 64.2 65 65.3 65.6 65.7 65.7 63.4 65.3 63 61.9 62.4 63.2 66.8 70.1 70.2 69.9 68.1 65.3 62.5 59.4 56.7 55.5 54.9 53.5 52.1 49.9 48.1 45.8 42.8 43.5 42.9 43.3 43.7 43 42.9 44.7 45.8 47.7 48.4 48 9 -1.7 -1.7 4 -1.7 -1.7 -1.7 -1.7 -1.7 -1.7 -1.7 -1.7 -1.7 -1.7 -1.7 -1.7 -1.7 -1.7 -1.7 -1.7 -1.7 -1.7 -1.7 -1.7 -1.7 -1.7 -1.7 -1.7 -1.7 -1.7 -1.7 -1.7 -1.7 -1.7 -1.7
72.8 71.1 70.1 69.3 68.5 69.2 68.9 68 67.2 65.5 62.8 63 63.7 64.1 64.8 65.4 62.2 63.2 61.3 60.6 61.2 61.5 64.6 68.5 69.7 69.6 68.6 66.1 64 61.2 60.1 59.6 58.2 56.4 55.4 53.1 50.9 49.5 45.6 41.7 42.6 42.2 41.5 40.3 40.1 40.6 41.6 42.3 41.2 40 8.3 -1.7 -1.7 -1.7 -1.7 -1.7 -1.7 -1.7 -1.7 -1.7 -1.7 -1.7 -1.7 -1.7 -1.7 -1.7 -1.7 -1.7 -1.7 -1.7 -1.7 -1.7 -1.7 -1.7 -1.7 -1.7 -1.7 -1.7 -1.7 -1.7 -1.7 -1.7 -1.7 -1.7 -1.7
71.1 69.8 68.6 67.7 66.8 65.5 65.5 65.2 64.2 62.8 61.4 60.5 61.4 61.7 62.6 63.6 62.4 61 59.1 58.6 59.4 60.2 62.4 66.8 68 67.5 66.6 61.5 65.3 65.4 65 63.6 61.6 59.6 58.5 56.1 53.6 52.4 50 45.4 38.2 40.6 39.6 38.7 38.7 37 37.5 37.3 34.1 -1.7 -1.7 -1.7 -1.7 -1.7 -1.7 -1.7 -1.7 -1.7 -1.7 -1.7 -1.7 -1.7 -1.7 -1.7 -1.7 -1.7 -1.7 -1.7 -1.7 -1.7 -1.7 -1.7 -1.7 -1.7 -1.7 -1.7 -1.7 -1.7 -1.7 -1.7 -1.7 -1.7 -1.7 -1.7 -1.7
70.2 68.6 67.2 66.3 65.6 64.7 64.2 63.2 61.9 60.7 59.5 57.8 59.3 58.4 59.1 59.6 58.8 57.9 57.3 56.8 57.3 58.5 60.1 64.8 67.1 64.4 65.2 64.9 67.4 69.5 68.2 66.5 64.8 62.8 61.2 58.5 55.8 53.7 51.2 46.5 40.1 37 37.3 35.6 35.6 34 33.3 29.5 27.4 -1.7 -1.7 -1.7 -1.7 -1.7 -1.7 -1.7 -1.7 -1.7 -1.7 -1.7 -1.7 -1.7 -1.7 -1.7 -1.7 -1.7 -1.7 -1.7 -1.7 -1.7 -1.7 -1.7 -1.7 -1.7 -1.7 -1.7 -1.7 -1.7 -1.7 -1.7 -1.7 -1.7 -1.7 -1.7 -1.7
70.1 68 67.2 66.4 65 64.4 63.4 62.3 61 60 58.4 56.4 56.5 55.2 54.5 59.4 54.7 54.6 54.3 54.5 55.3 56.4 58.9 62.7 61.7 63.3 62.9 67.3 69.7 72.4 72.2 69.4 68.6 66.4 63.5 61 58.1 54.8 50.4 45.6 40.5 37.7 34.9 31 30.8 30.1 30.7 -1.7 -1.7 -1.7 -1.7 -1.7 -1.7 -1.7 -1.7 -1.7 -1.7 -1.7 -1.7 -1.7 -1.7 -1.7 -1.7 -1.7 -1.7 -1.7 -1.7 -1.7 -1.7 -1.7 -1.7 -1.7 -1.7 -1.7 -1.7 -1.7 -1.7 -1.7 -1.7 -1.7 -1.7 -1.7 -1.7 -1.7 -1.7
69.2 67.8 66.4 65.6 64.4 63.8 62.6 61.4 59.9 58.4 56.4 54.6 54.4 52.8 52 59.4 49.8 49 49.8 50.3 52.5 55.1 57.7 59.8 60.3 62.4 64.8 70.6 72.8 72.4 71.7 71.2 69.8 66.9 64.4 62 57.6 53.9 48.6 44.1 39.9 36.6 34 31.3 28.2 22 26.4 -1.7 -1.7 -1.7 -1.7 -1.7 -1.7 -1.7 -1.7 -1.7 -1.7 -1.7 -1.7 -1.7 -1.7 -1.7 -1.7 -1.7 -1.7 -1.7 -1.7 -1.7 -1.7 -1.7 -1.7 -1.7 -1.7 -1.7 -1.7 -1.7 -1.7 -1.7 -1.7 -1.7 -1.7 -1.7 -1.7 -1.7 -1.7
67.2 65.8 63.6 62.8 61.7 61.1 59.9 58.7 57.4 56.5 55.3 56.2 56.3 55.6 55.4 59.5 53.3 51.7 47.7 47 49.2 52.5 55.2 57.8 60.2 64 66.8 70.5 72.9 73.3 73.6 71.8 70.3 67.1 64.5 61.8 57.3 50.9 46 41.6 37.6 35 32.6 30.3 27.7 12.6 10 -1.7 -1.7 -1.7 -1.7 -1.7 -1.7 -1.7 -1.7 -1.7 -1.7 -1.7 -1.7 -1.7 -1.7 -1.7 -1.7 -1.7 -1.7 -1.7 -1.7 -1.7 -1.7 -1.7 -1.7 -1.7 -1.7 -1.7 -1.7 -1.7 -1.7 -1.7 -1.7 -1.7 -1.7 -1.7 -1.7 -1.7 -1.7
65.2 63.6 61 60 59 58.1 57.5 56.4 56.7 60.6 60.4 60.9 59.6 58.3 57.5 59.9 54.8 52.7 51.7 49.7 45.6 47.7 51.3 54.7 58.9 59.4 64.1 68.2 70.6 73.1 73.9 72.9 70.8 67.6 65.2 62.5 55.9 49.7 44.8 40.7 37.9 35 31.5 29.4 27.6 21.8 -1.7 -1.7 -1.7 -1.7 -1.7 -1.7 -1.7 -1.7 -1.7 -1.7 -1.7 -1.7 -1.7 -1.7 -1.7 -1.7 -1.7 -1.7 -1.7 -1.7 -1.7 -1.7 -1.7 -1.7 -1.7 -1.7 -1.7 -1.7 -1.7 -1.7 -1.7 -1.7 -1.7 -1.7 -1.7 -1.7 -1.7 -1.7 -1.7
