STL Generation/terr50_gagg_gb/data/NR34.asc
ncols 200
nrows 200
xllcorner 130000
yllcorner 640000
cellsize 50
[rows 117 to 155 of 200, columns 0 to 87 of 200]
144.1 144.7 145.2 147.1 149.3 150.7 149.4 146.8 141.5 135.9 128.2 118.8 116.2 122 119.2 120.3 121.1 115.8 107.2 97.6 92.2 90.1 89.2 91.2 93.2 93.9 102.3 106.7 116.1 119.3 122.6 123.7 124.7 127.3 127.5 126.7 128.7 129.6 127 128.1 126.8 126.2 125.4 123 121.5 115.9 109.4 95.6 87.2 81.4 76.2 74.6 74.7 74.7 75.2 75.8 76.5 86 92.1 94.3 98.8 105.8 110.7 112.7 114.6 117.2 117.9 113.1 111 103.7 104.5 107.7 116.6 115.9 116.1 116.3 108.7 105.8 102.9 99.6 96.1 93 89.1 80.4 70.5 67.2 61.8 47.1
139.5 142.5 143.9 143.2 144.7 147.8 150.3 148.3 144.8 141 137.9 134.6 129.3 124.1 122.1 118.9 117.1 111.5 108.4 105.9 95.1 91.7 90.2 91.2 92.8 96.3 96.6 103.4 111.6 117.9 119.6 121.3 125.1 127.6 129.9 133 133.6 133.6 133.1 132.8 132.2 130.9 127.3 126.3 124 121.7 116.9 106.7 90.9 84.6 78.1 75.1 75.3 75.4 75.6 76.2 77 78.2 83.8 90 94.4 100.1 109.8 116 118.5 121.3 124.6 124.5 117.5 110.2 105.5 106.4 108.8 109.9 107.7 108 107.5 105.1 102.7 99.8 96.5 91.9 86.9 80.4 70.6 62.2 60.1 52
134.4 136.7 139.5 140 139.6 141.9 142.9 143 142.9 144.2 141.4 137.1 134.4 134.3 129.4 123.7 116.6 111.2 108.2 104.5 103.7 102.7 96.2 91.5 92.6 92.7 96 95.3 106.1 114.5 114.8 117.5 121.6 126.8 131.2 134.8 136.4 135.5 134.8 133.3 130.2 128.3 128 127.2 125.8 122 113.2 104.5 94.8 83.6 77.7 75.7 75.9 76.1 76.3 76.6 77.5 78.4 80.1 84.2 89.4 92.7 102.4 110.9 118.4 121.6 127.3 129 127.1 123.5 115.6 109 106.1 104.6 103 104.2 105.6 103.5 101.5 99 95.2 91.3 86.9 80.6 74.8 63 53 47.4
127.7 130.8 133.1 133 132.3 132.7 134.3 136.7 139.3 140.5 142.2 141.8 140.6 139.1 138.3 135.4 129.3 129.1 127.3 114.8 108.9 112.2 111.1 104.2 93.3 93.1 93.9 95 96.3 102.7 108.9 113.5 119.3 125.9 131.7 135.5 137.2 136.2 135.2 133.7 132.1 126.9 126.4 126.7 124.1 119.9 111.5 102.5 92.3 82.8 78.3 76.3 76.5 76.7 76.9 77.1 77.6 78.6 80.2 81.9 85.3 89 95.1 103.7 111.1 118.4 123.8 130.3 130 129.3 123.6 112 108.6 103.1 101.4 100.2 101.1 101 100 98.2 93.8 89.4 86 79.9 72.5 64.2 48.8 38.6
122.1 125.3 125.6 124.9 126 128.3 131.3 133.8 135.8 138.2 140.8 143.4 144.3 144.1 142.4 141.5 139.7 137.1 133.2 127.2 114.3 115.1 112.8 109.4 107.2 96.3 94.6 95.4 96.5 99.4 104.7 111 118.6 126.4 131.7 134.5 136.6 136.8 135.6 133.8 129.7 127.3 124.3 123 121.4 116.8 105.9 98.6 91.3 84.3 79.6 77 77.2 77.4 77.9 78.5 79 79.5 81.1 82.4 84 86.8 88.6 99.2 104.9 111.8 117.3 123.7 126.9 129.2 125.4 120.6 111.6 103.6 101.3 99 96.6 97 95.5 92.9 89.7 84.6 81.6 78 68.6 58.6 46.3 26.9
116.2 116.9 118.2 119.6 122.6 125.7 128.5 131.2 134 136.8 139.1 143.6 145.1 145.8 146.4 144.5 142.4 139.8 133.6 124 119.9 116.7 112.9 111.8 108.4 105.7 100.1 97 97.5 99.2 102.7 110.5 119.9 125.8 129.8 132.6 133.8 133.8 131.7 128.5 125.2 123.4 120.7 117.2 115.1 114.2 108.5 100.5 93.1 85.4 81.3 77.9 78.3 78.8 79.3 79.9 80.5 80.7 82.3 83.2 85 87.1 88.8 89.6 96.8 103.4 110.1 117.5 121.4 122.7 123.3 119.9 115.9 108.4 103.6 100.1 97.5 92.6 89.7 86.8 83.2 77.8 72.7 68.7 63 50.1 38.5 17.7
107.5 110.3 113.5 116.7 120.5 123.5 126.8 129.8 132.5 134.3 136.3 139.7 141.5 142.2 142.1 141.3 140.4 139 133 123 119 114.9 112.2 108.4 107.7 107.9 108.3 103.3 101.1 100.1 101.1 107 119.3 126 128.9 130.3 129.9 128 125.9 123.5 121 119.1 117 114.2 110.7 105.9 99.3 91.4 86.6 83.4 79.7 79.3 79.6 80.4 81.1 81.5 83 85.5 86.3 87.2 86.6 87.9 88.9 89.5 90.6 95.6 101 110.2 115.1 116.9 118.4 118.1 116.9 111.9 108.3 103.7 100.4 95.3 88.2 79.9 76.3 70.5 64.3 57.1 50.6 39.7 27.3 7.4
103.7 106.8 110.2 113.5 117.9 121.8 125.4 128.6 130.4 131.5 133.6 134.5 135.8 136.4 135.9 136.4 135.5 133.4 127.3 120.2 116.4 112.8 109.6 108.4 107.5 106.5 106 106.9 107.1 102.9 102.6 104.7 115.2 123.5 125.1 125.7 124.5 124.5 122.7 119.7 116.7 115.1 113.1 110.5 109 106.1 101.5 92.3 84.6 81.6 80.5 80.7 80.7 81.5 82.3 83 85.3 88.2 90.3 89.3 89.2 88.2 88.9 89.2 89.7 91.6 94.7 101.4 109.6 113 115.4 116.2 114.8 111.8 110 108.4 103.5 96.8 89.4 79.5 71.1 63.2 54.5 46.4 39.4 19.1 3.9 0.1
100.3 103.6 106.9 110.2 114.2 118.2 122 125.3 126.8 127.8 128 127.7 128.3 128.1 127.7 128.8 129.6 126.1 118.9 115.3 112.7 110.4 107.6 107.4 106.4 105.3 106.1 108.4 110.7 109.2 101.9 105.9 116.3 118.2 119.4 119.8 119.5 119.1 118.3 115.1 112.4 111.2 109.8 108.5 106.7 104.6 100.5 90.6 84.4 84 82.3 81.9 81.8 82.5 83.1 83.6 84.6 88.8 93 94.7 94.1 92.7 93.3 90.8 89.7 90.2 91.5 93.9 100.4 108 111.9 113.7 113 111.9 110.6 107.2 103 95.6 86.4 76.8 66.8 55.2 46.1 39.3 29.9 7 0.8 0.1
97.5 100.3 103.3 106.3 110.4 114.6 117.8 120.6 122.1 122.5 122.3 121.8 121.5 121.4 120 118.8 119 114.8 112.8 110.9 108.8 106.7 105.9 105.5 104.9 104.2 105.9 107.9 110.3 110.4 104 105.4 118.4 119.3 118.1 117.8 117.9 115.2 110.4 108.2 107.9 107.3 107 105.8 103.9 100.8 93 89.6 87.1 89.1 90.9 88 84.6 83.4 84 84.6 84.4 86.6 91.7 96.2 97.5 94.8 93.4 95.2 89.8 88.7 88.7 91 91.9 99.1 107.1 111 112.7 110.1 107.7 103.8 98.1 91.3 80.9 70.9 60.5 49.3 41.1 34.3 24 8.2 1.7 0.1
95.9 98.7 100.9 102.7 106.4 109.4 112 114.7 115.6 116.3 116.8 114.3 113.5 113.2 112.3 111.5 107.9 105.3 105.5 104.6 105 104.2 104.1 104.9 104.4 102.8 104 106.1 108.9 110.2 101.2 103 120 119.7 113.5 115.5 113.9 109.2 107.1 105.4 105 105.7 105 104.5 102.4 99.8 95.5 92 92.8 95.6 97 98.8 91.6 86.1 86.6 86.1 84.8 85.4 86.8 91.9 96 95.7 92.6 94.1 91.6 87 86.3 88.1 89.3 90.4 98.7 107.5 110 108.4 103.7 99.1 92.1 83.9 74.3 64.6 54 45.7 38.9 31 20.9 7.1 0.1 0.1
95.8 96.4 97.5 99.1 102.5 105.6 106.5 106.6 107.3 108.4 106.3 106.9 106.5 104.2 104.6 101.3 103.1 101 100.4 100.1 100.3 101.4 101.6 102.7 104.6 100 101.2 102.7 105.1 108.8 100.2 99.5 112.6 112.7 113.6 110.3 108.1 107.6 105.2 104.3 104.5 104.9 104.3 103.5 102.2 99.4 100.5 99.7 99.2 99.7 102.1 105.9 103.9 97.4 89.2 85.9 85.3 84.9 83.6 86.2 89.4 90.6 90.6 93.1 92.9 86.2 85.8 86.1 85.8 86.9 88.7 98.2 103.2 101.1 96.7 91.5 86.2 80.3 71.5 62.7 51 42.3 35.3 27.1 19.6 5.5 0.1 0.1
93.5 94.5 95.2 96.5 98.5 100 101.3 101.2 101.1 101.3 102 102.3 99.3 98.5 98.9 97.9 97.2 97.3 98.2 98.2 98.2 98.7 98.6 98.8 98.4 98.2 98.6 98.9 99.3 100 99.2 99.2 102.4 110.4 113.5 113.3 111.3 109.1 104.8 103.7 104 104 103.6 103.3 102.2 101.5 102.5 102.3 103.2 104.5 106.8 110 108.2 105.2 101.6 87.2 85.7 84.5 82 81.8 85.2 89.3 87.3 85.5 86.6 82.2 82.9 83.5 83.8 83.9 84.5 86.8 93.3 92.6 88 83.7 80.8 74.6 67.3 58.6 50.2 41.3 32.4 21.5 13.6 0.1 0.1 0.1
90 92 93.2 94.4 95.8 97.6 97.6 96.8 97 97.7 98.5 97.9 97.7 97.2 96.8 96.1 94.3 95.7 96.3 96.2 96.3 96.7 96.2 96.1 96.8 96.6 96.7 97.3 97.2 97.7 98.3 97.1 100.9 108.4 117.2 119.5 117.1 111.1 103.8 103.2 103.5 103.3 103 103.6 102.9 102.1 103.3 106 107.8 109.3 112.7 115 115.9 118.3 115.1 105.1 89.8 83.8 81.3 79.5 80.1 81.1 83 79.5 78.7 78.7 79 79.3 80.2 81.2 81.6 82 86.4 86.9 83.8 80.9 75.5 70.2 64 57.8 48.9 40.2 29.9 14.7 13.4 0.1 0.1 0.1
92.1 91.8 91.5 92.3 93.6 95.1 95.8 95.7 96 96.7 96.2 95.9 96.4 95.9 95 94.1 94.7 95.8 96.7 96.9 97.2 98 98.3 98.1 97.5 97.3 97 98 99 97 97.2 97.1 98.3 104.4 111.5 113.5 112 109.2 110.3 113.2 103.6 102.9 102.9 103 102.9 103.5 104.5 107.5 110.4 115.6 118.2 120.4 121 121 121.3 116.3 105.2 93.1 83.2 78.4 75.7 74.1 73.5 74.4 74.6 74.5 74.9 75.6 76.6 77.6 78.7 80.8 83 82.8 79.2 77.9 73.7 69.2 63.1 56.7 49.5 38.4 21.2 3.9 3.1 0.1 0.1 0.1
93.8 93.3 92.6 92.1 92 93 94.3 94.7 95 94.8 94 93.9 94.6 93.4 94.5 94.9 96 97.4 98.5 98.4 99.7 102.2 101.4 99.5 98.6 98.8 99 100.5 101.3 99.5 96.4 97.2 97.9 98.1 101.3 101.7 103.4 104.9 107.1 111.2 106.5 101.5 101.8 102.5 103.2 103.9 105.4 110.6 115.1 120.1 123.3 125.5 125.5 124.9 121.7 117.4 111.6 103.3 96.3 86.1 76.5 68.4 66.5 65.4 68.2 70.4 71 72 73.3 74.5 75.7 78.5 78.7 78 76.4 75.5 73.5 70.1 63.4 55.9 49.7 39 14 0.1 0.1 0.1 0.1 0.1
95 94.5 93.8 93.2 92.9 92.4 92.4 93.2 93.6 92.9 92.8 92.9 94 94.5 95.2 95.9 97.1 98.6 100.1 100.8 101.6 101.8 102.1 101.6 102 102.2 102.3 103 103.6 102 101 98.9 99 97.5 97.9 99.3 99.9 100 100.4 102.4 100.4 100.9 101.6 102.1 102.4 103.1 105.8 112.5 119.2 124.1 128.2 129.1 129.8 128.5 125.8 124.1 122 116.4 108.8 98.6 85.9 74 64.6 62.6 62.8 65.9 67.8 69 70.3 71.6 72.8 76 77.2 75.2 74.1 73.7 72.9 68.5 60.4 52.5 45.1 30.4 0.1 0.1 0.1 0.1 0.1 0.1
94.5 95.1 95 94.3 94.4 93.9 93.7 93.4 93.3 93.8 93.8 93.8 95 95.3 95.9 96.8 98.5 100.3 102.8 104.3 103.9 101.5 102 103.5 103.9 104.3 105.1 106.6 107 107.1 106.8 104.7 103.4 101.6 99.2 98.3 98.1 98.7 98.6 99.3 99.9 100.8 101.3 101.8 102.1 102.5 103.9 111 120.1 126.8 131.4 132.8 132.6 130.3 130.5 128.7 126.1 122.8 118.5 110.4 96.2 87 70.1 61.8 61.1 61.6 63.4 65.7 67.3 68.6 70.3 73.3 75.9 75.9 75.3 72.7 68.5 63.4 56.2 47.8 32.1 12.4 0.1 0.1 0.1 0.1 0.1 0.1
93.2 93.8 94.7 95.6 95.9 95.8 95.6 96.1 95.2 94.8 94.9 94.9 96 96.4 96.9 100 101.8 103.1 104.4 106 100.5 100.5 102.3 104.2 105.6 106.5 107.7 110.9 111.4 110.1 109.9 108.6 108.1 105.2 102.3 99.4 99.1 98.9 98.7 99.1 100 100.8 101.1 101.6 101.9 102.5 103.5 109.6 117 124.8 131.7 136.6 134.1 132.1 134.3 134.5 134.9 131.6 127.6 120.2 109.9 97.6 87.5 65.5 59.6 59.5 60.7 62.5 64 65.6 67.7 70.7 74.7 76.5 73.4 70.3 66.9 62.6 55.6 47.1 17.5 0.1 0.1 0.1 0.1 0.1 0.1 0.1
91.7 93 94.9 96.5 97.8 98.3 98.5 98.6 98.5 98.7 97.9 96.7 96.7 99.2 101.3 102.6 102.5 102.1 100.5 100.5 100.5 101.5 104.1 106.9 108.1 110 109.5 110.9 112.2 112.3 111.8 110.6 109 107.8 104.9 100.6 100.1 99.9 99.6 100.8 102.9 104.7 104.9 104.7 102.3 103 104.2 108.6 115.5 122.1 128 134.5 133.6 132.6 134.2 136.8 137.4 138.6 136.6 131.4 123.7 110.6 94.7 77.4 61.8 56.7 58 59.2 60.4 62.2 64.8 70 72.2 73.2 72.1 67.5 65.3 61.3 56.9 49.9 32.7 10.4 0.1 0.1 0.1 0.1 0.1 0.1
92.5 94 95.4 96.8 98 98.7 99.3 100.8 102.7 103.8 103.6 103 102.1 100.7 101.3 100.5 100.5 100.5 100.5 100.5 101.6 104.2 106.5 109.2 110.7 111.4 110.4 108.4 109.1 109.1 110 109.9 108.4 106.8 104 101.6 101.2 101 103 107.1 111.5 112.8 113.3 115.6 114.4 108.9 107.6 110.2 115.9 120.5 125.2 130.1 132.9 131.9 132.9 136.6 140.9 142.6 144.2 140.4 132.5 121.2 106.3 91 71.8 58.3 54.6 55.3 56.9 58.5 60.5 66.7 69.7 69.8 68.8 63.6 61.7 60.1 57.4 52.5 39.4 0.1 0.1 0.1 0.1 0.1 0.1 0.1
92.5 94.3 95.8 97.2 98.2 99 100.4 101.7 103.6 105.4 107.4 108.3 108.2 105 101.5 100.5 100.5 100.5 100.5 102.8 106.1 108.5 109.4 110.4 111.8 112.5 112.6 110 106.1 105.2 105.4 105.7 103.9 103.5 103.1 102.6 101.7 101.7 107.9 115 118.3 121.3 119.3 126.1 125.3 120.7 115.7 113.4 116.3 120.9 125.2 128.2 130.2 132.2 134.4 138.5 144.3 146.9 147.4 146.1 140 129.7 117.7 106.2 91.8 64.4 57.9 54.7 53.6 54.6 56.1 59.4 62.9 65.7 59.8 57.8 57.1 56.1 52.1 45.2 11.6 0.1 0.1 0.1 0.1 0.1 0.1 0.1
94.6 95.9 96.4 97.5 98.6 100 101.4 102.7 104.5 106.5 108.5 110.5 111.2 110.2 107.8 106.7 107.7 109.8 110 109.2 109.7 110.4 111.1 112.1 112.8 113.2 112.1 104.1 96.6 96.8 99.7 100.6 101.9 103.6 104.4 104 102.4 102 102.5 114.1 119.6 122.5 122.2 126.6 131.3 127.7 124.5 126.4 121.5 121 125.7 129 131.1 133.5 137 141.5 144.8 147.6 150.3 149.6 144.6 137.2 128.6 115.9 100.9 76.2 60.5 56.6 53.3 51.5 52.2 54.7 55 56 52.8 50.7 49 47.8 32.2 0.1 0.1 0.1 0.1 0.1 0.1 0.1 0.1 0.1
95.1 96.1 97 98.4 99.6 101 102.4 103.8 105.8 108 110 111.6 112.8 113.6 114.5 115.5 114.4 114.1 113.1 112.4 112.5 113.1 113.8 113.9 111.9 109.8 107.5 96.6 96.6 96.6 99.5 104.1 108.5 107.9 108.4 109 105.7 102.8 102.2 105.9 119.1 122.9 125.8 128.9 134 134.6 137.5 137.2 134.9 127.5 124.3 129.4 131.7 134.8 140.1 144.4 147.3 148.9 150.3 150.2 147.6 141.1 131.6 120.1 103.3 85.5 65.8 58.1 54 51.2 48.6 48.9 49.3 49.7 48.3 45.2 41.5 29.4 0.1 0.1 0.1 0.1 0.1 0.1 0.1 0.1 0.1 0.1
97.1 97.4 98.4 99.7 100.9 102.1 103.3 105.3 107.5 109.5 111.2 112.7 114.3 116.3 117.3 119.4 118 117.5 116.4 115.2 115.5 116.5 116.9 114.9 111.8 108.5 103.2 96.6 96.6 103 109.2 109.6 110.3 109.1 108 106.7 106.2 103.6 100.7 103.1 111.5 123.1 125.9 132.5 139 139.2 144.7 142.9 141.6 136.3 127.4 127.8 134 136 140 144.3 147.9 148.7 149.6 148.6 145.7 141 134.3 124 108.7 88.2 68.1 59.7 54.8 50.7 48 44.7 45.1 42.4 43.8 41.6 36.8 10.7 0.1 0.1 0.1 0.1 0.1 0.1 0.1 0.1 0.1 0.1
96.3 97.2 98.2 99.2 100.5 101.8 103.1 105.3 107.3 109.7 111.9 113.8 115.4 117.1 118.1 119.8 120.5 120.8 119.8 116 112.9 110.5 109.3 104.6 101.7 100.3 96.6 96.6 96.6 104 107.5 108.7 108.6 106.5 101.8 100.9 100 100 99.2 100.8 104.3 116.4 123.9 130.3 140.6 143.5 149 147.2 146.8 144.6 138.9 131.9 130.7 135.8 138.6 144.3 146.5 147.4 148.4 148 146.9 141.2 132.5 119.6 103.9 87.9 71.4 62.3 56 50.7 46.9 36.6 11.3 16.9 34.6 22 22.2 14 0.1 0.1 0.1 0.1 0.1 0.1 0.1 0.1 0.1 0.1
95 95.3 96.7 97.8 99.1 100.3 101.5 104.8 107 108.7 111.2 113.3 115.9 117.4 118.5 119.2 120.2 120.3 116.8 111.7 107.3 102.5 96.6 96.6 96.6 96.6 96.6 96.6 96.6 98.1 101.7 103.3 105.3 103.6 98.8 98.2 98 98.6 98.5 98.7 101.9 107.8 118.8 127.3 137.9 147.8 150 148.6 149.2 148 143.9 140.4 132.3 134.4 135.7 141.5 144.5 146.3 148 147 142.3 135.1 123.2 109.9 97.8 86 72.1 64 57.2 49.9 32.7 6.9 1.8 11 7.4 0.1 0.1 0.1 0.1 0.1 0.1 0.1 0.1 0.1 0.1 0.1 0.1 0.1
94.1 94.9 94.2 94.7 95.9 98.1 99.8 103.5 106 107.7 110.4 112.6 114.9 116 116.3 117.4 118 116.7 113.5 108.9 104.2 99.4 96.6 96.6 96.6 96.6 96.6 96.6 96.6 104.9 106.6 106.8 106.7 102.1 98.3 98 97.8 97.9 98 98 98.7 103.4 110 118.6 131.9 144.2 146.5 147.3 148.5 148.6 146.2 140.5 132.2 130.1 130.8 139 141.8 143.9 144.6 140.8 132.2 122.7 113.5 103.2 93.5 84.3 72.2 65 58.1 49.8 21.2 2 0.1 0.1 0.1 0.1 0.1 0.1 0.1 0.1 0.1 0.1 0.1 0.1 0.1 0.1 0.1 0.1
90.5 91.4 92.4 93.5 94.8 97.4 100.2 102.7 104.6 106.6 108.8 111.3 112.9 113.5 113.5 114.1 113.8 112.7 109.5 106.4 101.5 96.8 96.6 96.6 96.6 96.6 96.6 96.6 102 112.5 115.6 113.1 109.9 105.7 103.6 100.9 98.1 97.5 97.5 97.3 97.3 99.8 105 114 124.4 135.5 142.3 145 146.1 147.8 143.3 135.4 131.1 127.8 127.9 130.8 134.2 139.3 136.3 131 123.6 115.4 107.1 97.2 87.3 79.2 70.8 64.2 58.3 51.3 16 0.1 0.1 0.1 0.1 0.1 0.1 0.1 0.1 0.1 0.1 0.1 0.1 0.1 0.1 0.1 0.1 0.1
86.5 87.6 88.6 91.7 94.7 97.7 100.2 101.5 104.2 106 105.1 107 108.1 109 108.7 107.4 108.1 108.4 105.9 102.5 99.3 96.6 96.6 96.6 96.6 96.6 96.6 96.6 105.7 116 125.6 124.2 118.2 110.6 114.8 110.4 106.8 99.1 97.8 96.9 97.2 96.7 100.1 106.3 116.9 125.4 134.6 135.1 137.7 138.2 135.3 130.4 127.7 125.2 125.1 125.8 128.3 128 127.1 122.6 117.3 109.1 100.5 90.4 81.5 74.5 67.8 62 53.3 13.4 0.1 0.1 0.1 0.1 0.1 0.1 0.1 0.1 0.1 0.1 0.1 0.1 0.1 0.1 0.1 0.1 0.1 0.1
83.7 84.5 86.3 88.9 93.1 96.2 98.8 99.4 100.9 99.8 97.5 98.9 101.6 99.7 99.9 100.7 101 100.4 100.9 97.9 97 98.6 98.8 96.6 96.6 96.6 96.9 101.8 116.3 121.9 131.6 131 133.4 128.9 116.1 121.5 119.2 114.9 114 106.9 96.7 95.9 95.5 104 107.6 111 122 127.7 127.9 130.3 129 125.3 125.7 123.1 122.3 123.6 124.6 125.4 123.5 119.8 113.4 102.4 91.3 83.8 77.2 70.3 64.6 59.1 21.3 0.1 0.1 0.1 0.1 0.1 0.1 0.1 0.1 0.1 0.1 0.1 0.1 0.1 0.1 0.1 0.1 0.1 0.1 0.1
81.6 81.9 81.8 81.3 85.2 89 95.7 97.4 94.5 91.2 89.9 89 90.3 93.3 94.7 94.9 95.6 94.3 93.3 96 101.6 103.6 105 104.9 105.7 103.7 106.4 116.8 128.9 132.4 135 142.7 140 139.9 133.3 129.3 130.9 129.1 121.1 112 102.8 95.5 95 95.4 101.3 106.4 109.7 115.9 120.8 121.8 121.5 121.2 119.1 116 120.2 123.8 123.2 122.2 118.8 116.8 105.9 100.2 92.2 83.9 76.7 68 60.4 53 9.8 0.1 0.1 0.1 0.1 0.1 0.1 0.1 0.1 0.1 0.1 0.1 0.1 0.1 0.1 0.1 0.1 0.1 0.1 0.1
79.5 79.5 80.4 79.5 79.5 79.5 85 95.4 100.3 96.9 85.7 84.2 84.1 87.4 87.4 90.1 89.8 89.7 91.6 96.8 100.2 104 108 112.2 113.7 115.9 117 123.1 135.7 140.8 145.9 147.4 148.5 151.5 148.4 139.9 134.2 123.2 120.6 114.9 106.7 96.3 94.8 94.1 96.2 100.1 104.1 107.3 110.4 114.6 114 113.6 111.4 113.6 121 121.7 121.7 122.5 119.9 117.1 112.4 104.6 97.3 86.8 77.7 68.3 56.1 46.3 2.6 0.1 0.1 0.1 0.1 0.1 0.1 0.1 0.1 0.1 0.1 0.1 0.1 0.1 0.1 0.1 0.1 0.1 0.1 0.1
79.5 79.5 79.5 79.5 79.5 79.5 79.5 79.6 85.1 85.4 82.1 79.5 79.5 79.5 79.5 83.1 85.6 85.2 90.7 93.9 97.3 101.5 106.6 112.3 116.7 123 128.7 135.7 139.6 146.3 149.6 154.7 150.3 146 145.6 141.7 131.9 128.5 115.4 110.9 104.3 97.8 95.5 93.3 93.9 96.1 99.8 101.5 104.8 108 109.4 109.7 109.8 112.2 116.7 109.5 123.1 126.5 126 122.6 119.6 111.2 101.4 89.5 74.2 54.9 32.6 5.2 0.1 0.1 0.1 0.1 0.1 0.1 0.1 0.1 0.1 0.1 0.1 0.1 0.1 0.1 0.1 0.1 0.1 0.1 0.1 0.1
79.5 79.5 79.5 79.5 79.5 79.5 79.5 79.5 79.5 80.3 79.5 79.5 79.5 79.5 79.5 79.5 81.4 86.4 90.2 93.8 98.1 103.9 107.4 114.5 123.2 130.8 138.8 144.9 148.6 152.3 157 157.2 155.5 152 147.3 142.1 137 130.2 119.6 109.9 104.3 99.8 96.4 93.6 90.6 92.1 94.1 96 97.2 104.5 105.6 104.2 105.5 104.6 104.3 114.6 112.5 119.4 125.7 125.4 118.4 106.9 94.9 80.1 63.3 50 18.7 0.1 0.1 0.1 0.1 0.1 0.1 0.1 0.1 0.1 0.1 0.1 0.1 0.1 0.1 0.1 0.1 0.1 0.1 0.1 0.1 0.1
79.5 79.5 79.5 79.5 79.5 79.5 79.5 79.5 79.5 79.5 79.5 79.5 79.5 79.5 79.5 79.5 81.2 86.1 94.1 99.5 102.7 107.2 114.3 123 130.9 137.4 146.7 153.1 156.3 159.1 163.3 166.4 165.1 157.7 153.7 147.2 139.3 135.4 130.5 119.8 108.1 104.5 100.2 94.2 91 87.5 89.2 90.8 91 94.3 98 98.7 98.9 103.6 112.6 115 110.3 113 115.7 113.3 106.8 92.1 83.9 71.7 57.8 18.8 0.1 0.1 0.1 0.1 0.1 0.1 0.1 0.1 0.1 0.1 0.1 0.1 0.1 0.1 0.1 0.1 0.1 0.1 0.1 0.1 0.1 0.1
82.2 79.5 79.5 79.5 79.5 79.5 79.5 79.5 79.5 79.5 79.5 79.5 79.5 79.5 79.5 79.5 79.7 84 88.8 95.2 106.5 113.7 117 123.1 136.1 143.4 147.6 156 161.5 164.2 165.2 166.1 166.6 163.9 156.9 149.8 143.2 137.9 132.6 123 112 107 101.4 95.5 90.3 85.6 83.6 84.6 86.5 89.7 92.5 96 97.3 102.3 108.2 110 114.7 117.2 108.5 101.9 90.1 84.4 73.9 60 46.3 0.1 0.1 0.1 0.1 0.1 0.1 0.1 0.1 0.1 0.1 0.1 0.1 0.1 0.1 0.1 0.1 0.1 0.1 0.1 0.1 0.1 0.1 0.1
80.2 79.5 79.5 79.5 79.5 79.5 79.5 79.5 79.5 79.5 79.5 79.5 79.5 79.5 79.5 79.5 83.6 87.3 88.4 93 98.2 108.4 116.1 122.4 130 140.7 146.6 155.7 162.7 164.5 164.5 164.4 164.3 161.3 155.4 150.3 144.5 138.8 132.5 121.5 113.5 107.2 101.3 95.5 90 85.7 83.6 81.7 83.8 84.6 89.9 96 100 104.9 110.1 113.6 120 113.7 98.1 94.2 89.2 82.3 70.1 53.7 38 0.1 0.1 0.1 0.1 0.1 0.1 0.1 0.1 0.1 0.1 0.1 0.1 0.1 0.1 0.1 0.1 0.1 0.1 0.1 0.1 0.1 0.1 0.1
79.5 79.5 79.5 79.5 81.3 84.9 88.4 87.2 79.5 79.5 79.5 79.5 79.5 81.7 85.2 88.3 90.6 94.4 97.9 99.9 102.1 104.9 109.9 119 127.8 136.8 143.6 150.7 160.2 161.1 161.4 159.9 157.9 155.7 151.5 147.4 142.4 137.9 132.2 123.3 115 107.5 101.2 95.6 90.1 86.2 84.2 82.1 80.8 82.1 88.7 95.7 101.6 106.6 110.3 106.3 103.9 101.1 97.9 93.5 86 79.3 65.2 49.2 38.1 7.2 0.1 0.1 0.1 0.1 0.1 0.1 0.1 0.1 0.1 0.1 0.1 0.1 0.1 0.1 0.1 0.1 0.1 0.1 0.1 0.1 0.1 0.1
