STL Generation/terr50_gagg_gb/data/NS03.asc
ncols 200
nrows 200
xllcorner 200000
yllcorner 630000
cellsize 50
[rows 74 to 110 of 200, columns 0 to 83 of 200]
112.5 113.4 112.8 109.7 103.8 98.2 92 83.8 75.5 67.9 60.5 52.7 43.2 30.4 16.5 10.4 9.1 8.1 5.2 3.9 3.5 3.1 2.6 2.5 2.6 2.6 2.2 1.9 -1.1 1.3 0 -1.1 -1.1 -1.1 -1.1 -1.1 -1.1 -1.1 -1.1 -1.1 -1.1 -1.1 -1.1 -1.1 -1.1 -1.1 -1.1 -1.1 -1.1 -1.1 -1.1 -1.1 -1.1 -1.1 -1.1 -1.1 -1.1 -1.1 -1.1 -1.1 -1.1 -1.1 -1.1 -1.1 -1.1 -1.1 -1.1 -1.1 -1.1 -1.1 -1.1 -1.1 -1.1 -1.1 -1.1 -1.1 -1.1 -1.1 -1.1 -1.1 -1.1 -1.1 -1.1 -1.1
114.8 117 114.6 108.5 100.7 93.5 85.6 77.5 69.5 62.1 55 46.6 35.8 21.6 12.8 10 9.8 9.2 5.7 3.8 3.5 3.1 2.7 2.6 2.7 2.9 2.9 -1.1 -1.1 1.9 0.3 -1.1 -1.1 -1.1 -1.1 -1.1 -1.1 -1.1 -1.1 -1.1 -1.1 -1.1 -1.1 -1.1 -1.1 -1.1 -1.1 -1.1 -1.1 -1.1 -1.1 -1.1 -1.1 -1.1 -1.1 -1.1 -1.1 -1.1 -1.1 -1.1 -1.1 -1.1 -1.1 -1.1 -1.1 -1.1 -1.1 -1.1 -1.1 -1.1 -1.1 -1.1 -1.1 -1.1 -1.1 -1.1 -1.1 -1.1 -1.1 -1.1 -1.1 -1.1 -1.1 -1.1
120.5 119.5 111.9 103.8 95.5 86.9 79.2 71.2 63.5 55.3 48.2 41 25.4 15.1 11.7 10.4 9.6 9.5 6.8 3.8 3.4 3.1 2.7 2.8 2.7 2.5 1.9 -1.1 2.1 2.3 1.1 -1.1 -1.1 -1.1 -1.1 -1.1 -1.1 -1.1 -1.1 -1.1 -1.1 -1.1 -1.1 -1.1 -1.1 -1.1 -1.1 -1.1 -1.1 -1.1 -1.1 -1.1 -1.1 -1.1 -1.1 -1.1 -1.1 -1.1 -1.1 -1.1 -1.1 -1.1 -1.1 -1.1 -1.1 -1.1 -1.1 -1.1 -1.1 -1.1 -1.1 -1.1 -1.1 -1.1 -1.1 -1.1 -1.1 -1.1 -1.1 -1.1 -1.1 -1.1 -1.1 -1.1
123.1 116.5 106.9 98.5 89.5 80.9 73.2 65.5 57.7 49.1 41.3 28.8 17.4 13.2 11.6 10.6 9.7 8.9 5.4 4.5 3.7 3.3 3.1 2.8 2.6 3.6 2.4 2.3 2.1 1.9 1.7 0.5 -1.1 -1.1 -1.1 -1.1 -1.1 -1.1 -1.1 -1.1 -1.1 -1.1 -1.1 -1.1 -1.1 -1.1 -1.1 -1.1 -1.1 -1.1 -1.1 -1.1 -1.1 -1.1 -1.1 -1.1 -1.1 -1.1 -1.1 -1.1 -1.1 -1.1 -1.1 -1.1 -1.1 -1.1 -1.1 -1.1 -1.1 -1.1 -1.1 -1.1 -1.1 -1.1 -1.1 -1.1 -1.1 -1.1 -1.1 -1.1 -1.1 -1.1 -1.1 -1.1
120.8 112.3 105.2 96 85.8 75.2 67.5 59.9 51.7 43.1 32.5 20.6 15 12.2 11 10.6 10.2 9.5 7.3 4.3 3.9 3.9 3.8 3.4 3.3 4.9 3.2 3.3 3.3 3.5 2.7 1.6 1.1 -1.1 -1.1 -1.1 -1.1 -1.1 -1.1 -1.1 -1.1 -1.1 -1.1 -1.1 -1.1 -1.1 -1.1 -1.1 -1.1 -1.1 -1.1 -1.1 -1.1 -1.1 -1.1 -1.1 -1.1 -1.1 -1.1 -1.1 -1.1 -1.1 -1.1 -1.1 -1.1 -1.1 -1.1 -1.1 -1.1 -1.1 -1.1 -1.1 -1.1 -1.1 -1.1 -1.1 -1.1 -1.1 -1.1 -1.1 -1.1 -1.1 -1.1 -1.1
118.5 109.1 100.8 91.2 84.5 74.5 64.9 55.2 45.3 34.7 24.2 16.6 13.1 11.5 11.2 11.1 10.7 10.3 8.1 6.4 5.4 5 4.6 5.1 5.9 6.3 4.9 4.3 4.5 4.8 4.9 5 4.9 4.4 3.7 1.4 -1.1 -1.1 -1.1 -1.1 -1.1 -1.1 -1.1 -1.1 -1.1 -1.1 -1.1 -1.1 -1.1 -1.1 -1.1 -1.1 -1.1 -1.1 -1.1 -1.1 -1.1 -1.1 -1.1 -1.1 -1.1 -1.1 -1.1 -1.1 -1.1 -1.1 -1.1 -1.1 -1.1 -1.1 -1.1 -1.1 -1.1 -1.1 -1.1 -1.1 -1.1 -1.1 -1.1 -1.1 -1.1 -1.1 -1.1 -1.1
115.4 105.8 96.5 88.4 81.3 72 60.9 50.7 39.9 28.8 19.7 15.8 12.8 11.2 10.8 10.7 10.6 10.4 6.8 4.8 5 5.5 5.1 6.5 7 8.1 6.9 5.9 5.7 5.8 5.3 4.7 4.9 5.1 5.5 3.9 2.8 2.9 1.6 -1.1 -1.1 -1.1 -1.1 -1.1 -1.1 -1.1 -1.1 -1.1 -1.1 -1.1 -1.1 -1.1 -1.1 -1.1 -1.1 -1.1 -1.1 -1.1 -1.1 -1.1 -1.1 -1.1 -1.1 -1.1 -1.1 -1.1 -1.1 -1.1 -1.1 -1.1 -1.1 -1.1 -1.1 -1.1 -1.1 -1.1 -1.1 -1.1 -1.1 -1.1 -1.1 -1.1 -1.1 -1.1
112.8 103.5 94.3 85.3 76.2 66.2 56 46.4 35.8 23.3 18.2 15.1 12.8 11.1 10.4 10 9.6 9.3 6.1 5.3 4.7 4.2 5.9 7.8 8.2 9.5 8.9 8.7 9.4 11.3 13 12.3 9.7 8.4 8.4 6.5 3.9 3.4 2.9 2.4 2.3 1.7 -1.1 -1.1 -1.1 -1.1 -1.1 -1.1 -1.1 -1.1 -1.1 -1.1 -1.1 -1.1 -1.1 -1.1 -1.1 -1.1 -1.1 -1.1 -1.1 -1.1 -1.1 -1.1 -1.1 -1.1 -1.1 -1.1 -1.1 -1.1 -1.1 -1.1 -1.1 -1.1 -1.1 -1.1 -1.1 -1.1 -1.1 -1.1 -1.1 -1.1 -1.1 -1.1
110.2 100.9 91.6 82.5 72.4 61.2 51.4 42.5 30.5 21.4 17.8 14.8 12.4 11 10.1 9.7 9.5 9.3 9.3 5.8 5.4 5.3 7.7 8.6 9.2 12.7 11.7 12.7 14.7 17.6 17.4 17.6 17.5 15 12.4 12.3 11.3 7 4.5 3.7 4.3 4.7 -1.1 2.5 3 2.9 3.7 2.5 3.9 3.5 3.5 2.8 3.7 2.5 -1.1 -1.1 -1.1 -1.1 -1.1 -1.1 -1.1 -1.1 -1.1 -1.1 -1.1 -1.1 -1.1 -1.1 -1.1 -1.1 -1.1 -1.1 -1.1 -1.1 -1.1 -1.1 -1.1 -1.1 -1.1 -1.1 -1.1 -1.1 -1.1 -1.1
107 97.5 88.1 77.7 66.5 56.6 46.4 37.4 26 21 16.7 14.5 12.1 11.2 10.3 9.4 8.9 8.7 8.9 8.4 6.3 6.1 9.9 10.9 15.4 18.7 18.9 18.6 20.5 23.1 23.1 23.3 22.9 21.1 18.5 20.3 19.2 18.3 15.7 14 10.7 6.5 4.3 6.9 7.1 10.4 8.1 6.9 8.3 4.7 4.3 4.9 5.1 5.4 5.7 6 5.7 4 -1.1 -1.1 -1.1 -1.1 -1.1 -1.1 -1.1 -1.1 -1.1 -1.1 -1.1 -1.1 -1.1 -1.1 -1.1 -1.1 -1.1 -1.1 -1.1 -1.1 -1.1 -1.1 -1.1 -1.1 -1.1 -1.1
102.9 93.5 82.7 71.5 60.7 50.6 40.8 28.3 23.7 20 15.4 13.8 12.2 11.3 10.4 9.5 8.6 8.1 8 7.9 7.2 9.6 14.2 17.2 22.8 23.7 24.6 24 27.5 29.7 29.7 29.7 28.4 26.6 24.6 25.1 24.6 23.3 21.4 19.9 17.1 14 11.6 10 17 20.2 21.9 23 23 23.1 20.9 19.7 17.3 13.9 10.3 9.8 8.2 8.4 8.9 8.9 6.5 2.7 0.8 -1.1 -1.1 -1.1 -1.1 -1.1 -1.1 -1.1 -1.1 -1.1 -1.1 -1.1 -1.1 -1.1 -1.1 -1.1 -1.1 -1.1 -1.1 -1.1 -1.1 -1.1
98.4 87.8 76.3 65.7 54.9 44 34.1 26 20.4 17.1 14.7 13.2 12.2 11.4 10.5 9.6 8.7 7.7 8.2 8.7 11.1 13.8 18.3 24.8 27.5 28.5 28.6 32 35.1 35.8 35.5 35.1 34 32.2 30.4 28.6 27.4 27.2 26.9 25.4 22.3 19.1 19.6 14.4 19.9 22.8 24.4 26.3 27.2 27.6 25.6 25.2 23.5 20.8 20.2 20.5 19.2 18 21.7 23.7 22.2 18.9 15.8 7.7 1.4 0.6 -1.1 -1.1 -1.1 -1.1 -1.1 -1.1 -1.1 -1.1 -1.1 -1.1 -1.1 -1.1 -1.1 -1.1 -1.1 -1.1 -1.1 -1.1
91.7 81.2 70.3 59.9 49.1 38.2 27.6 22.8 18.1 16.4 14.5 13.1 12.1 11.3 10.5 9.6 8.8 7.5 8.8 14.4 16 19.3 24.8 30 32 35.8 36.4 38.5 39.2 39.3 39.1 39.2 39 37.5 36.4 34.2 31.1 29.9 28.5 26.9 25.2 23.2 24.1 20.9 22.9 24.8 26.7 28.6 30 31 32.5 33.2 31 27.1 26 24.4 26.9 25.8 26.9 26.7 25.2 24.2 22 18.6 13.8 3.1 1.1 -0.2 -1.1 -1.1 -1.1 -1.1 -1.1 -1.1 -1.1 -1.1 -1.1 -1.1 -1.1 -1.1 -1.1 -1.1 -1.1 -1.1
85.2 74.7 64.1 53.5 42.5 32.4 25.9 20.8 17.2 16.2 14.5 13.1 12.1 11.3 10.5 9.7 8.6 7.2 14.7 16.6 20.3 24.3 28.5 33.1 36.7 39.8 40.9 42.1 43.4 43.5 43.7 43.9 43.3 41.9 40.9 40.2 36.4 32.1 30 28.5 26.9 26.9 26.9 25.2 24.7 27 28.9 30.8 32.8 33.8 33.7 38.5 40.3 38.9 35.5 31.1 34.7 38.6 36.6 36 35.3 33.6 32.9 31.8 29 20.3 5.7 -0.5 -0.8 0.2 -1.1 -1.1 -1.1 -1.1 -1.1 -1.1 -1.1 -1.1 -1.1 -1.1 -1.1 -1.1 -1.1 -1.1
77.9 68.2 55.2 44.6 34.9 27.7 23.4 19.5 16.9 15.7 15.2 13.4 12.1 11.2 10.4 9.8 7.7 10.1 17.5 20.6 24 28.5 33.9 37.9 42.2 45.7 47 48.3 48.8 48.9 48.2 48.5 47.5 45.5 44.6 43.5 40.9 35.2 32.2 30.3 28.7 28.9 28.4 28.2 27.5 31.3 32.9 34.4 35.9 36.9 37.7 39.7 40.6 40.5 37.8 37.9 40 41.7 43.3 42.9 42.7 43.4 44.9 46.5 45.2 38.7 29.2 11.6 1.6 1.9 3.3 2.1 1.5 -1.1 -1.1 -1.1 -1.1 -1.1 -1.1 -1.1 -1.1 -1.1 -1.1 -1.1
68.3 57.5 47.4 38.3 29.6 25.2 21.2 18.1 17.1 15.9 13.6 14 12.2 11.3 10.8 10.3 7.1 17.9 21.5 26 28.7 36.3 41.2 43.5 48.1 51.9 53.2 53.9 54 54 53.5 53 51.7 49 47.8 47.2 44.7 39 36.1 33.2 31.8 32.3 34.1 31.2 34.2 37.1 38.6 39.7 40.8 42.1 44.7 44.9 44.9 43.6 39.9 42.4 45.4 45.8 46.5 48.4 48.6 49.6 52.4 55.9 58.1 61.1 56.7 50.5 37.6 27.9 28.1 25.6 19.5 8.1 1.6 -1.1 -1.1 -1.1 -1.1 -1.1 -1.1 -1.1 -1.1 -1.1
62.2 51.5 41 32.1 26.6 23.1 19.2 18.2 17.2 16.1 14.6 12.1 12.6 11.3 10.4 7.9 20.4 24.6 28.7 32.4 36.6 43.6 48.5 50 54.1 58 59 59 59.1 59.2 59.3 57.4 56.4 54.6 52 50.5 45.9 42.2 38.9 36.5 36.2 35.5 35.8 29 36.9 39.3 42.2 44.1 46 47.7 50.1 51.7 52.3 50.8 46.5 50.4 52.9 52 51.8 52.8 54.3 55.7 59.5 63.3 68.5 73.6 74.9 73.6 70.3 67.5 63.5 59.2 52.5 39.8 26.8 6.1 1.1 -1.1 -1.1 -1.1 -1.1 -1.1 -1.1 -1.1
54.8 44.1 33.9 26.8 23.7 21 19.3 18.3 17.3 16.3 15.2 12.8 9.4 8.4 11.4 19.7 26.6 30.2 34.7 40.5 46.2 51.9 55.7 57.3 60.7 63 64.4 64.7 64.7 64.8 65.6 63.8 62.8 60.1 57.2 52.3 48.5 44.6 41 40.1 40.7 40.3 38.5 31.1 37.9 39.5 42.5 45.6 48.1 54.7 55.4 55.8 57.3 55.5 53.9 56.7 57.8 58.8 60.1 59.8 61.1 62 65.2 70.6 77.8 83 84.5 84.3 81.5 79.3 78.4 74.3 68.9 63.1 54.7 40.6 20.8 5.1 -1.1 -1.1 -1.1 -1.1 -1.1 -1.1
47 36.7 27.8 24.5 21.9 20.3 19.2 18.4 17.4 16.4 15.4 13.5 11.8 13.8 20.7 26.1 30.7 36.3 41 47.4 52.9 56.9 60.8 64.1 66.6 68.8 70.3 70.4 71.2 72 70.2 68.8 67.4 64.5 60.6 55.8 51.2 45.7 42.9 44 44.6 43.8 40.6 34.7 34.2 39.1 41.6 45.4 49.8 56.6 58.5 58.2 57.4 56.4 59 61.9 62.7 63.6 65.9 67.2 65.8 68.7 72.2 77 83.5 88.9 90.7 90.5 87.6 84.3 81.2 77.8 73.5 69.3 65.2 59 49.9 31.3 14 1.4 -1.1 -1.1 -1.1 -1.1
40.9 30.3 26.8 23.9 21.5 20.2 19.2 17.4 16.6 15.8 15 13.5 19.2 23.2 25.7 28.5 37 43 48.3 52.7 59 61.8 66.6 69.9 72.3 74.7 76.8 77.6 78.3 76.4 74.1 72.3 69.8 66.7 62.6 58.2 53.1 47.7 44.7 45.1 47.7 46.9 41.8 33.4 34.1 38.7 40.6 43.6 47.1 50.9 55.7 56.2 57 57.7 60.8 65.2 68.7 69.4 70 71.4 73.6 76.1 79.5 82.7 84.3 88.1 89.5 89.5 87.5 85.2 82.6 79.9 75.7 71.6 67.4 62.2 56.8 53.8 43.3 22.6 5.2 -1.1 -1.1 -1.1
35.9 29.5 26.3 23.4 21.4 20.1 19 18.1 15.6 14.8 14.3 20.5 24.8 27 28.6 33.9 41.8 50 55.1 59.5 64.1 67.1 72.2 75.1 77.6 80 82.3 84 84 82.2 79 75.4 72.3 68.8 64.5 60.3 55.1 50.5 46.2 45.4 48.2 47.4 40 31.1 37.3 42.9 47.8 53.1 55.1 54.3 54.7 55.4 56.8 60.7 64.2 69 72.9 75.1 75.3 77.2 80.4 82.1 83.6 84.3 84.3 87 88.4 89.2 87.4 84.5 81.9 79.1 75.4 71.3 67.4 63 58.7 55.4 52.1 47.7 37.7 7.8 -1.1 -1.1
31.2 28.9 25.6 22.7 21.2 20 18.9 17.9 15.5 16.3 22.1 25.1 27.6 29.2 37.8 43.5 48.2 56.5 61.2 65.7 69.3 72.7 76.8 80.4 82.9 85.3 87.5 88.8 88.4 86.2 81.8 78.3 75.3 71.8 67.1 62.2 57.7 53.3 48.6 44.2 46 45.1 36.7 34.7 42.8 49.1 55 61.7 63.3 61.7 61 60.9 61.2 62.9 70.2 73.6 77.7 79.6 81.4 80.4 83.1 85.7 87.1 86.6 86.2 85.9 87.4 87.8 87.2 84.7 81.2 78.2 75.1 71 67.4 64.1 60.1 55.6 51.3 46.5 43.4 22.7 2.9 -1.1
28.8 26.4 24.2 22.8 21.5 19.7 18.7 18.1 18.2 25.3 26.5 27.9 35.4 43.4 45.6 51.8 56.8 61.9 66.8 71.7 75.4 78.1 81.6 85.3 88 90.5 91.7 92.2 90.4 87.8 85.4 81.8 79.8 76.1 71.6 66.5 60.2 55.3 50.5 45.2 38.1 32.9 32 44.6 53.7 61.7 65.1 69.9 72.5 72 68.6 67.6 68.6 69.9 73.9 77.9 82 84.1 85.9 86.1 86.6 87.7 88.2 86.9 86.5 86 84.5 84.8 84.7 83.8 80.7 77.6 74.5 70.9 67 64 60.5 55.8 50.2 45.4 42.7 34.1 4.2 2.3
27.3 26 25.2 23.7 20.8 17.6 17.8 19.7 25.7 27.5 31 40.4 46.8 49.7 55.9 59.8 63.5 67.8 72.6 76.6 80 83.3 86.3 89.8 92.5 94.8 94.8 94.4 92 90.1 87.2 85.7 83.4 79 73.3 67.6 63.8 57.6 51.5 44.3 37.2 36 41.5 49.9 59.6 70.8 74.7 77.4 80 81.4 78.1 77 77.1 77 78.2 78.4 83.9 87.3 89.3 90.3 90.1 89.7 88.8 86.6 85.7 84.8 83.3 81.5 81.3 82.7 80.3 77.1 73.5 71.6 67.1 61.8 58.1 56.6 50 44.1 42.2 39.1 8.6 2.4
27.8 26.8 26 23.6 20.4 20.2 21.5 25.8 31.1 37.5 40.9 45.9 53.4 61.7 65.3 67.5 70.6 74.5 76.4 79.7 82.8 86 89.4 94.2 97 96.7 96.4 96.3 94.5 91.8 87.7 86 84.3 80 74.5 69.1 65.6 59.8 51.7 43.7 38.8 37.5 46.8 54.9 65.4 77.6 83.5 88.5 89.5 88.6 87.4 86.1 84.6 83.4 85.2 83.4 85 88.5 91.3 93 93.1 91.2 90.1 87.7 85.3 84.3 82.6 78.9 77.6 78 77.3 74.3 70.9 66 63.8 58.1 55 55.5 49.9 43.7 39.9 35.1 8 3.2
27.5 26.8 23.8 22.2 19.9 22.6 25.1 31 38.2 44.8 48.6 54.9 62.2 68.6 73.5 75.9 78.5 81.1 79.8 82.3 85.5 88.7 92.6 98.7 98.1 99.1 98.3 96.7 95.1 91.6 88.2 86.4 83.4 80.7 75.4 68.7 63.8 58.9 53.1 44.6 38.3 42.1 49.6 59.5 69.6 80.5 89.2 96.3 98.5 98.1 96.4 93.9 91.9 89.9 89.9 89.1 89.8 91.8 93.2 93.9 92.9 93 91.4 88.3 86.5 84.3 80.6 77.2 74 71.9 70.9 68.9 64.3 58.8 54.3 55.7 52.3 48.7 47.2 42.7 36.6 15 10.5 6.9
27.4 26.6 23.9 23.1 22.9 26.7 31.5 38.3 46.6 52.5 59 65 68.4 72 77.6 83.8 86.5 90.7 87.1 87.7 90.1 94.8 99.1 101.3 101.5 101.2 100.6 99.9 96.1 92 89 85.2 80.8 80.1 75.1 69.8 63.1 55.9 51.4 43.8 38.8 46.9 59.4 68.1 77.1 85.9 95.2 101.8 105.3 105.8 104.1 100.9 98.7 97.1 95.1 94 94.5 93.6 94 93.1 92.4 91.7 90.7 88.1 86 83.1 78.2 74.4 69.2 60.6 61.5 56.9 51.9 47.9 42.7 43.2 43 43.1 40 38 31.6 18.8 12.3 6.8
28.2 26.9 26 25.7 27.7 33.2 38.2 48.8 55 58.9 65.2 71 75.8 78.8 81.1 87.1 92.3 95.3 94.9 93.8 95.9 100.9 101.6 102.9 104.5 103.3 102.1 100.7 97 92.8 89.6 87.2 81.6 76.7 71.4 69.5 61.6 52.9 47.3 40.7 41.9 53.6 64.2 75.6 82.8 91.2 100.8 107.2 111.6 112.6 111.4 109.7 105.3 103.6 101.8 100 98.2 96.3 94.2 93.1 92.4 91.3 91 88.3 85.4 82 78 72.7 69.6 61.8 53.5 47.8 43.8 39.6 35.7 34.4 35 35 32.6 30.6 29.3 21.6 14.8 7.2
29.1 28.6 29 29.9 34.2 39.2 48.8 54 60.8 65.1 70.8 76 80.4 84.5 87.7 91.5 95.3 98.6 100.1 97.5 98.2 101.8 105.1 105.7 105.9 104.4 102.4 101.1 97.2 92.6 90.5 88.2 82.9 76 70.4 67.3 59.5 50.5 46.5 42.1 46.7 57.7 69 79.2 88.5 96.4 104.2 111.4 117.8 118.5 116.8 114.2 110.6 108.1 106 103.4 100.4 98 96 93.7 92.4 91 89.7 86.8 83.4 80.2 74.5 69.5 66.1 60.5 54.1 44.4 39.8 37.7 34.1 30.8 29.4 29 28.6 28.7 23.5 20 19.8 15
29.6 29.7 31.8 38 41.9 47.3 55.3 60.4 65.2 68.9 73.7 80.5 84.8 89.7 93.1 95.5 98.1 101.1 100.4 100.1 102.3 105.3 108.4 107.8 107.2 106.2 102.6 98.9 95.7 92 90.3 86 81.7 78.4 69.5 60 55.2 50 48.1 47.9 51.7 62.7 73.1 82.7 92.3 101.2 107.9 114.1 119.9 121.1 120.9 118.7 114.9 112.1 109.7 106.4 103.4 100.6 97.8 94.8 91.7 91 88.2 86.8 82.4 78.8 78.5 72.1 61 49.3 48.9 48.3 43.8 41.2 38.7 37.2 35.9 34.4 32.3 30.3 29.4 28.2 25.4 19
32.1 37.2 40.7 43.6 52.9 56.8 60.4 67.3 72.8 75.1 77 82.8 89.2 93.6 97.1 99.9 101.5 102.3 102.3 105.8 108.4 110.7 110.9 109 109.8 107.6 103.8 100.2 97.1 92.8 89.3 83 79.5 74.5 67.3 58.7 53.9 50.6 49.5 49.4 56.4 69 77.7 87 96.5 104.1 109.4 115.1 121.2 121.6 121.5 121.2 119.1 115.6 111.1 109.1 104.8 100 97.8 94.1 90.5 90 88.4 85.9 84 83.4 82.9 76.7 66.4 58.1 48.9 55.4 57.2 52.7 49 46.5 45.1 43.3 42.9 41.2 36 34.1 31.4 21.8
38.3 45.8 50.2 54 58.2 63.5 67.1 72.5 78.5 81.5 84 88 92.6 97.1 101 102.9 104.4 105.5 107.1 110.1 113 113.8 113.1 111.8 111.4 109 105.3 101.6 99.4 94.4 90.4 85.2 77.7 70.3 68.1 58.3 53.6 50.2 50.2 49.1 61.4 70.6 80.9 90.2 99.2 105.1 110.1 115 120.3 121.8 121.8 121.4 121 117.5 114.3 110.8 106 101.9 99.6 97.6 95.6 93.7 90.1 88.8 87.7 86.4 83 77.8 70.2 56.9 64.5 66.8 67.7 64.2 60.4 60.6 56.4 53.5 51 48.5 39.5 37.3 34.7 31.8
46.5 53.2 58 59.8 64 67.9 73.2 77.9 82.7 87.3 90.8 93 96.2 100.7 103.9 105.6 107.1 108.6 110.4 112.9 115.9 116.8 115.9 114.9 112.1 109.1 106.2 102.3 99.4 94.3 89.6 84.8 77.8 71.8 65.7 58.7 53.3 49.7 48.9 54.2 65 77 82.2 90.9 101.1 105.7 110.5 115.4 120.3 122.3 123.2 122.8 122.1 119.9 116.3 113.2 109.4 104.7 100.2 99.9 99.6 97.8 94.4 91.9 89.2 84.3 81.5 74.2 66.5 64 74 76.8 77.1 73.9 69.7 66.1 63.7 62.9 59.5 55.3 51.2 44.5 37.9 35.4
53.2 59.7 64.5 68.4 70.6 71.3 75 81.1 86.6 92.2 95.5 98.1 99.1 101.1 105.8 107.6 109.4 111.2 113.8 117.4 120.3 120.4 119 116.2 112.7 109.8 107 102.9 98.3 92.2 87.2 80.8 75.7 69.8 63.7 58.1 52.3 49.1 48.9 52.8 66 73.2 82.6 94 102.7 108.7 112.5 116.4 120.1 122.9 123.9 124.1 123.1 121.5 120.1 116.6 112.1 109.7 105.5 105.2 103.6 101.1 98.7 96.3 90.3 79.6 70.4 73.7 78 81.5 80.9 82 84.8 82.7 77.1 71.9 70 68.1 64.6 61 57.3 54.1 50.2 37.3
60.7 66.5 70.1 73.4 74.4 76.4 79.7 85.2 91.5 96.1 100.8 102.7 101.6 104.4 108.7 111.7 113.5 115.6 119.6 120.3 120.3 119.6 119.9 116.8 113.3 110.1 107.1 103.3 98.5 92.7 85.7 77.7 71.2 65.5 60.5 55.5 50.8 49.1 51.7 61.8 70.6 77.8 80 95.4 103.6 109.7 115.5 119.7 122.5 124.2 124.8 125.5 123.3 120.4 120.7 119 114.2 110.8 110.1 109.6 108.5 101.8 99.9 94 90 90.2 85.2 81.6 89 93.7 94.4 92.6 93.4 91.1 85.4 78.9 76.4 73.6 68.2 62.7 61.3 59.1 51.9 46.6
69.4 72.4 75 78.1 80.3 82 88.4 90.8 93.7 99 103.2 104.9 105.9 107.7 111.8 116.3 118 119.3 121.4 122.6 121.2 120.2 119.5 117 113.3 110.7 106.5 102 99.9 93 86.4 79 71.6 65.3 58.8 54.1 50.1 49.5 56.7 64.7 73.8 82.2 91.4 95.7 101.2 109.9 115 120.4 124.4 126 126.8 126.1 121.8 121 120 122.5 116.8 113.6 114.5 112.5 110.9 105.4 104.2 101.7 94.1 92.4 95.1 91.6 97.4 100.4 105.2 101.8 104.1 99.4 97.7 87.2 84 78.2 71.3 68.3 65.8 62.1 58.6 53.5
70.5 77.3 81.5 83.5 85.3 87.4 92.2 95.2 97 101.7 104.8 107.3 110.1 112.1 115.3 120.2 123.6 124.6 124.7 125.2 123.3 121.7 120.3 117.3 113.2 109.7 102.9 99.6 97.6 90.8 84.8 77.8 69.1 62 57.4 52.8 50 51.7 58.4 65.5 74 82.2 92.2 98.8 105.7 112.7 118.4 121.6 125.7 128.1 128.8 125.9 124.3 121.8 124.5 126.4 121 119.1 118.4 115.2 112 111 109 101 99.2 99.3 101 95.8 100.7 103.9 111.4 114.1 116.2 115.5 109.9 104.3 96.1 87.8 79.8 75.7 73.6 67.7 63.8 59.5
