STL Generation/terr50_gagg_gb/data/NS29.asc
ncols 200
nrows 200
xllcorner 220000
yllcorner 690000
cellsize 50
[rows 35 to 69 of 200, columns 0 to 79 of 200]
-1.3 -1.3 -1.3 -1.3 -1.3 -1.3 -1.3 -1.3 -1.3 -1.3 -1.3 -1.3 -1.3 -1.3 -1.3 -1.3 -1.3 -1.3 -1.3 -1.3 24.1 45.1 58.5 72.9 88.5 109.1 129.7 148.2 167.7 182 192.7 217.5 240.3 268.9 290.9 309.4 327.1 340.9 349.5 367.2 385.2 395.5 404.4 417.3 428.8 437.1 449.8 456.9 463.3 472.8 486 491.9 502.1 520.8 554 577.7 599.1 601.2 594 577.4 547.3 529.3 517.7 510.1 511.1 497.2 489.7 468.3 461.3 457.4 441.7 416.9 394.5 357 321.3 295.1 280.1 271.8 252.9 235.6
-1.3 -1.3 -1.3 -1.3 -1.3 -1.3 -1.3 -1.3 -1.3 -1.3 -1.3 -1.3 -1.3 -1.3 -1.3 -1.3 -1.3 -1.3 -1.3 -1.3 18.8 35.7 49.8 65.3 82.6 102.7 121.5 139.8 152.5 164.4 187.3 210.4 237.4 264.4 282.9 305.7 327 340.1 349.5 359.2 376.5 391.7 398.5 409.8 424.3 430.1 439.7 451.5 458.6 461.4 478.6 479.8 494.4 516.9 552.5 582.7 606.2 606.3 594.2 568.1 541 528.2 517.7 504.8 491.7 484.3 475.3 463.2 447.4 452.2 429.9 398.3 381.9 359.9 333.4 296.5 276.6 263 244.5 234
-1.3 -1.3 -1.3 -1.3 -1.3 -1.3 -1.3 -1.3 -1.3 -1.3 -1.3 -1.3 -1.3 -1.3 -1.3 -1.3 -1.3 -1.3 -1.3 -1.3 17.1 28.7 43.4 57.7 74.5 93.6 110.1 128.7 144.7 164.7 185.9 212.8 233.3 255.7 275.9 304.3 329.6 335.5 345.8 353.4 369.2 383.5 393.4 402.2 419.5 423.1 433 444.1 447.1 452.7 464.4 474.9 489.3 520 546.6 575.4 609.3 604.4 595.4 571.2 550.1 532.5 518.4 506.1 490.5 479.5 462.1 455.9 441.6 431.7 406.6 391.6 375.8 363 326.8 294.6 271.3 258.6 241.6 228.1
-1.3 -1.3 -1.3 -1.3 -1.3 -1.3 -1.3 -1.3 -1.3 -1.3 -1.3 -1.3 -1.3 -1.3 -1.3 -1.3 -1.3 -1.3 -1.3 -1.3 13.7 24.2 35 51.6 69.4 87 105.5 123.1 140.6 158.7 183.4 202.1 223.9 251.4 270.5 296.2 317.6 327.8 339.2 346 359.3 373.6 387.9 398.1 406.6 416.1 425 433.9 435.7 446.5 455.6 468.6 490.9 513 542.1 572.6 588.7 594.6 582.5 564.4 562.3 549.9 525.3 506.4 490.1 478.1 467.7 450.7 428.4 419.5 397 389.4 371.6 348.9 316.4 292.9 267.4 251.8 237.2 226.1
-1.3 -1.3 -1.3 -1.3 -1.3 -1.3 -1.3 -1.3 -1.3 -1.3 -1.3 -1.3 -1.3 -1.3 -1.3 -1.3 -1.3 -1.3 -1.3 1.5 13 21.6 33.9 49.3 66.5 82.4 100.5 117.8 135.1 152.4 173 192.9 214.8 238.2 265.1 287.9 305.1 318.8 333.4 344.5 353.3 370.1 384.2 392.4 398.2 407.9 417.4 426.5 431.1 440.3 461 463.3 485.5 511.1 531.3 572.4 590.6 587.1 571.1 558.5 561.8 553.3 529.2 509.6 492 475.6 461.8 452.3 435.8 403.8 388.9 368.2 348.4 332.3 308.6 282.7 262.3 247 232.1 216.9
-1.3 -1.3 -1.3 -1.3 -1.3 -1.3 -1.3 -1.3 -1.3 -1.3 -1.3 -1.3 -1.3 -1.3 -1.3 -1.3 -1.3 -1.3 -1.3 4 12.9 21.6 34.9 50.1 66.3 82.4 95.7 112.8 130.1 147.4 164.7 185.9 207.7 226.7 252.4 275 294.3 309.1 323.7 342 342.8 365.5 378.5 387 392 402.6 411.8 417.9 420.2 437.2 456.9 457.6 476.8 497.8 522.2 572.8 579 574.1 555.9 552.7 561.5 555.3 538.6 517.2 490.4 475.8 463.2 446.4 427 406.5 385.7 360 335.5 315.1 300.5 275.7 259.5 240.7 222.3 210.2
-1.3 -1.3 -1.3 -1.3 -1.3 -1.3 -1.3 -1.3 -1.3 -1.3 -1.3 -1.3 -1.3 -1.3 -1.3 -1.3 -1.3 -1.3 -1.3 4.9 11 16.9 28.4 51 63.9 77.2 92.9 108.8 125.9 142.9 160.6 179.4 198.7 217.2 236.5 265.2 284.2 300.1 315.9 330.4 336.4 357 372 381.5 391.1 396.6 403.9 411.1 418.8 437.7 449.2 450.4 469.8 485.6 506.3 553.8 566.2 556.9 538 535.7 531 539.1 533.6 521 507.8 483.5 458.9 440.6 429.8 409.1 390.8 370.7 339 313.2 286.5 267.9 252.3 232.8 216.7 205.3
-1.3 -1.3 -1.3 -1.3 -1.3 -1.3 -1.3 -1.3 -1.3 -1.3 -1.3 -1.3 -1.3 -1.3 -1.3 -1.3 -1.3 -1.3 -1.3 1.8 8 16.4 28.2 44.6 62.8 74.7 88 104.4 121.4 138.6 155.6 169.2 186.6 208.1 228.1 250.5 274 294.1 311.6 321.9 330.2 347.5 363.4 378 392.5 396.7 399.6 407.6 417.2 429.7 439.8 445.1 463.8 479.7 493.1 530.9 537.3 529.8 530.4 525.9 527.3 515.9 521.8 515.2 512.6 492.6 465.3 441.5 423 409.7 382.4 365.1 339.7 308.4 291.8 263.2 244.9 227.5 214 201.7
-1.3 -1.3 -1.3 -1.3 -1.3 -1.3 -1.3 -1.3 -1.3 -1.3 -1.3 -1.3 -1.3 -1.3 -1.3 -1.3 -1.3 -1.3 -1.3 1.6 12.9 24.3 45.4 52.6 63.8 68.4 78.6 94.9 113.5 129.9 149.9 164.7 179.7 196.3 218 238.6 255.5 278.9 301.6 312.5 321.7 343 354 375.6 394.3 396.2 397 401.6 415.4 424.9 432.8 439.5 462 480.3 482.3 501.1 518.9 520.5 521.6 520.1 520.3 510.3 509.7 506.7 497.4 489.8 466.6 441.9 421.9 402.8 377 350.3 332.8 307.6 294.2 263.2 242.2 227.2 215.9 193.1
-1.3 -1.3 -1.3 -1.3 -1.3 -1.3 -1.3 -1.3 -1.3 -1.3 -1.3 -1.3 -1.3 -1.3 -1.3 -1.3 -1.3 -1.3 -1.3 1.4 15.5 32.9 49 65.2 79.2 84.8 81.6 84.2 101.1 119.8 140.7 157.5 172.3 185.9 203.9 225.4 245.9 265.2 288.6 301.7 323 333.6 349.7 367.8 385.6 392.7 394.5 398.2 409.9 422.2 428.8 441.2 449.9 468.2 472.9 495.5 501.9 517.7 520.7 519.8 519.5 510.6 510 507.9 490.5 483.6 465 442.1 425.9 399.1 375.1 346.6 321.8 302.4 300.4 268 241.5 228.5 213.4 190.5
-1.3 -1.3 -1.3 -1.3 -1.3 -1.3 -1.3 -1.3 -1.3 -1.3 -1.3 -1.3 -1.3 -1.3 -1.3 -1.3 -1.3 -1.3 -1.3 2.6 15.6 36.9 55 73.6 87.5 102.2 111.8 117.3 110.3 109.8 125.6 147.3 164.5 178.8 193.7 213.4 230.3 247.7 269.2 287.9 307.1 322.6 337.9 361 373.4 389.7 391.2 394.2 407.5 417.3 427.8 440.2 448.4 452.9 461 483.1 495.7 508.7 520.7 521.2 512.1 510.4 506.6 497.1 481.5 469.8 453 434.1 430.8 406.5 373.1 344.2 320 307 286 263.6 242 226.8 210.3 192.6
-1.3 -1.3 -1.3 -1.3 -1.3 -1.3 -1.3 -1.3 -1.3 -1.3 -1.3 -1.3 -1.3 -1.3 -1.3 -1.3 -1.3 -1.3 -1.3 8.6 20.9 45.7 63.2 80.3 97 113.8 132.1 142.7 149.3 150.9 141.2 139.6 147.7 165.9 186.7 199.8 216.4 234.6 254.6 272.3 293.7 307.7 330.2 354.3 367.1 378.5 386.1 391.7 404 411.7 424.5 440.2 449.4 450.7 460.1 466 481.6 505 520.7 517.5 509 507.8 507.8 503.3 478.6 459.8 441.7 424.6 411.2 395.8 381.4 350.9 315.8 295.9 278.3 257.4 239.1 222.8 204.2 187.8
-1.3 -1.3 -1.3 -1.3 -1.3 -1.3 -1.3 -1.3 -1.3 -1.3 -1.3 -1.3 -1.3 -1.3 -1.3 -1.3 -1.3 -1.3 -1.3 16 32 53.9 70.3 88.8 108.7 127.3 145.4 158.8 169 177.2 179 174.7 181.2 180.5 175.3 190.8 214.5 230.8 245.7 260 280 300.5 325 344 356.6 368 376.9 391.1 399.5 405.8 418.5 430.5 449.1 446.1 452.9 462.7 482.7 493.6 512.6 513.4 509.8 501.3 488.7 487 474.5 461.8 433.5 413.9 397.3 383.6 364.7 346.6 319.6 286.3 272.8 261.3 239.4 226.7 203.2 185.1
-1.3 -1.3 -1.3 -1.3 -1.3 -1.3 -1.3 -1.3 -1.3 -1.3 -1.3 -1.3 -1.3 -1.3 -1.3 -1.3 -1.3 -1.3 -1.3 17.3 38.6 57.4 75.2 93.8 119.2 138.8 164.4 175.7 183.4 192 197.8 192.6 205.8 216.4 219.2 228.9 231.7 235.6 242.2 255.8 270.1 289.7 314 331.6 350.7 362.5 372.7 382.7 391.7 401.1 412.5 421.6 430.8 440.2 452.1 462.7 474.4 486.7 489.8 504.4 511.9 499.7 494.1 472.3 460.9 443.8 439.2 420.3 396.2 373.5 354.2 334.1 309.8 285.6 274.6 260.8 242.3 218.7 201.9 185.3
-1.3 -1.3 -1.3 -1.3 -1.3 -1.3 -1.3 -1.3 -1.3 -1.3 -1.3 -1.3 -1.3 -1.3 -1.3 -1.3 -1.3 -1.3 -1.3 24.5 44.5 62 79.3 97.6 125.1 162.2 188.9 199.9 207.1 204.6 212.7 217.1 223 234.2 246.7 245.6 247.8 253.8 253.6 255.1 272.2 287.1 307.7 331.2 351.1 355.7 368.8 376 384.5 401.7 409.8 415.8 422.6 432.1 443.1 458.1 463 479.6 477.4 494.5 490.8 480 474.7 465.9 450.3 429.7 420.3 416.5 390.4 373.3 348.9 322.4 298.4 283.8 274.5 258.2 234.8 213.5 194.4 186.1
-1.3 -1.3 -1.3 -1.3 -1.3 -1.3 -1.3 -1.3 -1.3 -1.3 -1.3 -1.3 -1.3 -1.3 -1.3 -1.3 -1.3 -1.3 5.2 33.1 46.9 64.7 83.9 106 135.9 174.4 194.7 220 231.7 240.2 233.5 234.4 239.6 245.5 257.7 259.9 259.1 262.3 270.6 276 278.2 285.1 304.3 329.2 345.9 352.3 358.3 368.6 381 399.2 405.6 410.6 421.6 427.8 435.2 452 458.3 477 468.6 478.2 475.8 471.7 463.9 447.4 440.9 433.5 413.1 397.2 387.4 383.7 352.1 314.3 293 276.5 266.8 248.8 226.3 210 195.2 188.7
-1.3 -1.3 -1.3 -1.3 -1.3 -1.3 -1.3 -1.3 -1.3 -1.3 -1.3 -1.3 -1.3 -1.3 -1.3 -1.3 -1.3 -1.3 13.2 32.1 48.3 66.7 91 113.8 142.6 171.3 201.1 227.8 244 252 256.8 250.7 251.7 251.2 260.5 264.5 266 269.6 279.1 286.7 289.9 297.8 308.4 315.7 334 345.4 363 366 379.5 396.6 401.5 406.1 413 421.9 434.9 447.7 450.2 452.6 456.7 467.2 463.1 452.9 447.6 445.1 432.3 437.2 413.7 393.1 381.2 370.6 357.2 320 298.2 276.8 259.8 238.4 221.5 207.8 193.4 186.6
-1.3 -1.3 -1.3 -1.3 -1.3 -1.3 -1.3 -1.3 -1.3 -1.3 -1.3 -1.3 -1.3 -1.3 -1.3 -1.3 -1.3 -1.3 8.9 30.2 49.5 73.5 96.8 122.7 151.1 183.4 203.3 236.4 250.2 258.9 265.5 268.6 264.7 259 261.6 267.3 270 276 286.3 293.9 299.8 308.2 320 331 341.1 350.9 363.3 370.8 379.3 391.9 397.5 402.5 408.5 418.1 429 441 444.2 450.3 448.7 448.1 451.8 443.9 435.4 441.6 429.4 428 409.3 390.3 373.8 359.7 346.4 327.9 302.8 281.1 253.7 236.5 222.7 206.5 196.5 186.3
-1.3 -1.3 -1.3 -1.3 -1.3 -1.3 -1.3 -1.3 -1.3 -1.3 -1.3 -1.3 -1.3 -1.3 -1.3 -1.3 -1.3 -1.3 12.7 30.7 58.2 79.1 105.7 133.8 171.1 183 210.3 235.8 256.4 267.8 281.9 283.9 287.1 268.8 260.9 268.6 270.9 277.7 286 297.9 310.1 322 332 341.1 351.9 361.8 369.7 379.1 384.5 387.3 393 402 408 415.3 426.5 437.8 437.8 449.7 449.7 443.8 451.3 450.1 430.3 420.1 414.6 407.9 396.8 386.6 370.8 352.9 343.8 326.3 307.7 278.2 255 238.8 225.2 213.7 202.9 191.9
-1.3 -1.3 -1.3 -1.3 -1.3 -1.3 -1.3 -1.3 -1.3 -1.3 -1.3 -1.3 -1.3 -1.3 -1.3 -1.3 -1.3 -1.3 17.8 35.7 63.9 93.2 118.2 144.9 169.7 187.2 199.6 228.6 251.9 275.8 281.2 283.9 295.6 287.2 270.9 268 272.1 287 287.7 297.7 313.9 326.3 341.2 351.2 361.7 371.1 378.3 387.3 393.8 396.7 399.1 401.6 406.3 410.2 416.7 425.6 440.5 448.8 448.5 440.5 440.7 438.4 425.1 419.8 413.6 398.2 392.1 378.1 364.2 350.4 336.9 318.5 301.2 279.4 250.2 239.6 234.5 221.8 207.9 193.5
-1.3 -1.3 -1.3 -1.3 -1.3 -1.3 -1.3 -1.3 -1.3 -1.3 -1.3 -1.3 -1.3 -1.3 -1.3 -1.3 -1.3 -1.3 20.7 46.2 73.2 95.8 132.2 154.8 179.8 196.1 214.8 227.2 246.6 264.2 270.1 288.2 290.9 290.7 283.8 273.6 274.3 290.4 290.8 303 313.6 326.2 343.4 360.6 372.1 383.6 390.9 394 400 403.2 404.7 407.8 410.8 413.7 417.5 420.3 446.1 452.4 450.6 444 432.5 430 419.5 411.6 406.2 395.3 385.1 371.2 354.6 342 326.8 313.3 290 272.1 250.1 246 241.5 221 209.7 193.8
-1.3 -1.3 -1.3 -1.3 -1.3 -1.3 -1.3 -1.3 -1.3 -1.3 -1.3 -1.3 -1.3 -1.3 -1.3 -1.3 -1.3 2.4 26.7 58.9 84.6 106.3 135.5 160.9 190.7 206.7 230.2 245.7 254.9 261.1 267.2 279.6 295.3 290.8 286 278.5 279.8 287.4 296.2 312.2 325 339.9 358.4 376.2 389.3 401 406.5 412.3 415.8 413.5 413.9 415.2 417.7 421.1 420.4 424 436 449.5 449.1 438.2 425.7 420.7 415.8 403.2 394 384.1 373.7 369.6 352.3 338.5 326.5 304.7 282.8 263.4 253.2 253.8 242.4 218.9 204.5 195.5
-1.3 -1.3 -1.3 -1.3 -1.3 -1.3 -1.3 -1.3 -1.3 -1.3 -1.3 -1.3 -1.3 -1.3 -1.3 -1.3 -1.3 8.9 37 70.5 90.4 113.3 144 163.9 189.1 208.7 220.5 251.7 261.4 266.9 274.1 280.8 292.6 293.6 288.8 286.6 290.6 300.2 306 321.4 337.5 357.1 371.4 384.1 402 411.7 417.2 423.8 431.5 436.1 430.9 426.7 425.6 424.1 423.7 428 430.4 436.9 441.4 430.7 421.3 418.7 404.8 397 388.1 374.8 366 356.8 347.7 325.4 316.5 295.3 273.9 261.7 254.7 251 237.7 219.7 202.9 188.2
-1.3 -1.3 -1.3 -1.3 -1.3 -1.3 -1.3 -1.3 -1.3 -1.3 -1.3 -1.3 -1.3 -1.3 -1.3 -1.3 -1.3 18.3 43.1 84.3 99.8 128.1 158.2 172.6 192.3 211 224.8 243.4 263.6 269.3 275.5 280.3 286.6 289.3 289.4 291.2 298.7 310.6 316.2 326.4 346.3 365.8 376.6 391.3 403.9 417.4 427.5 435.3 445 450.4 446.9 440.2 437.7 431.6 424.6 427.9 428.7 430.5 429.5 423.8 418.4 410.8 398.6 390.5 379.7 363.7 352.1 343.6 327 313.3 299.3 286 269.7 255.9 249.7 242.3 229.4 214.7 195.7 176.2
-1.3 -1.3 -1.3 -1.3 -1.3 -1.3 -1.3 -1.3 -1.3 -1.3 -1.3 -1.3 -1.3 -1.3 -1.3 -1.3 -1.3 38.8 53.2 83.6 101.5 140.5 169.2 183.6 192.6 214.4 231.4 244.4 262.3 276.9 283.1 281.4 284.7 289.5 289.8 292.2 302.8 312.7 330.8 337.8 357.4 376.4 383.8 396.2 410.7 416.1 432.8 445.2 455.7 467.3 479.4 467.6 457.3 445.6 434.3 421 422.6 430.5 420.8 421.4 406.2 403.7 392.2 383.7 375.4 362.7 340.9 328.6 314.6 308.3 292.8 278.7 263.6 251.1 244.6 235.9 221.6 205.5 188.2 167.7
-1.3 -1.3 -1.3 -1.3 -1.3 -1.3 -1.3 -1.3 -1.3 -1.3 -1.3 -1.3 -1.3 -1.3 -1.3 -1.3 17.5 40.6 55.9 80 105.1 143.7 170.9 186.9 201.2 222 234.5 253.1 266.6 278.6 286.3 287.7 289.1 291.4 291.8 295.3 305.5 319.5 334.7 351.5 370.9 387.2 392.9 410.9 416.8 422 433.2 446.6 458.5 478.4 505 501.6 478 476.3 446 424.7 408.4 412.7 408.2 393.9 388.7 394.8 390.3 381.9 373.7 365.9 340.6 322.1 305.1 300.3 282.5 265.5 251 245.2 241.8 239.4 220.7 208.7 183.4 158.1
-1.3 -1.3 -1.3 -1.3 -1.3 -1.3 -1.3 -1.3 -1.3 -1.3 -1.3 -1.3 -1.3 -1.3 -1.3 -1.3 22.7 39.1 60.2 81.9 109.3 146.6 168 187.6 209.8 227.9 236.7 258.6 271.9 283.6 287.8 289.1 294.3 296.9 295.9 297.9 309.7 322.1 330.6 357.8 380.5 392.8 416.8 426 421.4 425.5 430.5 439.4 452.4 480.5 510.2 520.2 498.3 499.9 483.6 434.6 408.9 392.4 381.2 371.7 372.9 385.3 377.6 370.9 362 351.1 336.4 321 303.5 285 280.1 253.9 242.5 239.9 232 233.2 212 200.1 181 158.3
-1.3 -1.3 -1.3 -1.3 -1.3 -1.3 -1.3 -1.3 -1.3 -1.3 -1.3 -1.3 -1.3 -1.3 -1.3 7.6 29.1 48.2 73.5 88.4 116.4 154.7 167.9 189.1 212.9 227.3 249.3 261 276.8 288 299.6 289.3 305.8 308.8 305.2 298.2 307.2 317.8 332 367.2 385 404.5 423.3 429.3 420.7 422 424.9 434.1 444 479.2 486.7 512.1 506.8 490.5 489.9 459.2 409.9 387.4 376.2 359 353.1 358.1 357.6 362.5 360.1 340 327.1 308.4 299.5 277.3 263.6 246.6 235.7 228.7 222.1 209.6 195.9 185.4 170.4 158.9
-1.3 -1.3 -1.3 -1.3 -1.3 -1.3 -1.3 -1.3 -1.3 -1.3 -1.3 -1.3 -1.3 -1.3 -1.3 19.6 41.9 65.9 77.7 98.1 123.2 145 175.5 200.1 214.5 231.1 247 262 273.3 283.6 290.7 304 320.1 319 309.5 304.5 308 322.6 332.1 367.7 387.8 421.9 431.5 427.5 414.4 407.5 409.6 429.1 436.3 467.8 478.8 476.8 498.2 482 465.3 441.1 408.3 381.2 371.3 353.5 337.9 338.9 337.9 349.7 352.6 333.8 307.4 289.5 282.7 265.3 251.3 235.7 230.4 218.5 210.3 202.3 197.9 178.8 166.4 151.5
-1.3 -1.3 -1.3 -1.3 -1.3 -1.3 -1.3 -1.3 -1.3 -1.3 -1.3 -1.3 -1.3 -1.3 -1.3 35.6 49.3 65.5 89.4 110.4 128.8 160 188.3 208.8 224.2 234.6 241.7 261.2 269.5 279.6 288.6 315.5 328.4 323.8 309.3 308.9 319.7 319.6 328.8 358.8 391.5 430 439.4 432 409.6 400.7 399.9 407.1 420.3 445.5 470.3 460.8 451.7 441.3 420.1 409 399.5 371.5 358 345.7 331.5 321 329.1 336 339 318.6 301 279.3 261.5 253.5 239.3 229.3 222.7 210.2 202.2 198.6 187.6 174.9 167 154.3
-1.3 -1.3 -1.3 -1.3 -1.3 -1.3 -1.3 -1.3 -1.3 -1.3 -1.3 -1.3 -1.3 -1.3 15.6 38.7 61.5 82.8 101.3 124.3 138.2 167.6 201.1 214 229.8 239.8 249.4 258.5 268.4 282.9 301.1 315.8 328.5 321 308.5 309.3 315.3 318.9 326.6 350.5 386.7 419.6 429.3 418.2 403.1 398.3 395.3 398.6 407.8 418.4 450.5 456.3 432.2 406.8 404.7 400.1 385.9 363.6 342.2 331.5 323.2 309.7 312.4 320 327 306.8 285.1 260.5 245.7 236.3 227 221.3 212.9 197.2 185.5 181.8 172.1 159.9 150 140.3
-1.3 -1.3 -1.3 -1.3 -1.3 -1.3 -1.3 -1.3 -1.3 -1.3 -1.3 -1.3 -1.3 16.5 29.1 54.4 77.2 102.6 116.2 135.8 149.9 169.7 205.3 217.7 225.6 241.4 252 262.2 276.9 298.4 306.7 313.8 327.1 326.1 305.6 299.8 305.3 311.2 323.8 350.7 377.2 396.7 411.4 402 401.2 392.1 389.7 391.9 401 409.6 416.3 421.9 413.9 404.9 398.6 380.7 364.7 346.5 328.3 322.3 316.2 300.7 295.3 294.4 300.1 291.5 268 247.4 236.7 223.2 219.2 211.8 201.2 187.2 180.8 175.2 159.6 146 134 122.1
-1.3 -1.3 -1.3 -1.3 -1.3 -1.3 -1.3 -1.3 -1.3 -1.3 -1.3 -1.3 21.5 28.7 42.7 65.2 85.2 110 132.7 154.2 164.2 174.2 199.9 212.1 219 243.8 251.8 268.7 294.3 313.4 318.7 309 320.9 321.2 301.8 298.1 298.6 306.5 324.4 362.6 380.4 385.6 389.7 398.1 391.7 384.5 383.5 384.7 397.5 403 405.9 409.1 409.3 410.1 401.4 376.3 358.2 327.1 316.1 319.5 309.2 294.3 276.6 273.1 263.8 271.8 254.1 233.5 219.8 212.1 220.3 201.2 199.3 186.7 179.1 171.6 154.2 138 129.9 119
-1.3 -1.3 -1.3 -1.3 -1.3 -1.3 -1.3 -1.3 -1.3 -1.3 -1.3 21.8 32.4 42.9 56.3 71.3 95.5 119.3 151.1 170.9 180.7 181.9 196.2 207 220.7 234.7 256.3 283.2 305.7 323.4 338.5 321.9 310.3 310.3 298.5 298.4 299.8 311.3 326.2 364.5 369.1 373.6 380.3 387.3 380 378.6 380.3 380.8 384.7 397 401.4 409.1 403.1 398.4 381.7 358.6 333.1 316.3 307.6 308.1 302 280.4 265.3 247.6 243.5 244.7 231 217.2 203.9 207.1 207.8 193.8 192.7 170.6 165.6 157.2 145.2 141 134.2 125.6
-1.3 -1.3 -1.3 -1.3 -1.3 -1.3 -1.3 -1.3 -1.3 -1.3 -1.3 30.6 46.4 57.9 66.1 80.7 110.8 125.5 163.9 180.8 187.8 189.4 195.5 207.7 223.8 238.8 272.3 306.2 332.2 345.5 348.7 344.4 313.3 296.5 289.8 301.4 305.2 311.3 323.8 350.6 363.2 366.5 377.6 379.6 371.9 372.7 378.2 372.4 370 391.6 400.4 409.4 405.6 389.6 374.6 351.5 315.2 302 299 298 288.9 268.3 255.5 236.9 225.7 235.1 214.1 198.7 189.4 194.5 187.5 180.7 176.1 160.1 153.9 156.4 143.6 148 147.3 126.8
