STL Generation/terr50_gagg_gb/data/NS39.asc
ncols 200
nrows 200
xllcorner 230000
yllcorner 690000
cellsize 50
[rows 160 to 199 of 200, columns 90 to 179 of 200]
305.3 306.2 310 318.6 324.8 322.7 310.3 296.2 285.7 269.2 248 228.9 213.3 202.1 191.7 175.2 153.5 123.9 105.1 103.6 77.6 45.2 31.6 24.3 13.3 11.4 9.7 6 6 6 6 6 6 6 6 6 6 6 6 6 6 6 6 6 6 6 6 6 6 6 6 6 6 9.3 10.9 19.8 19.8 19.4 18.9 23.5 27.4 24.3 21.6 19.4 14.2 10.5 6 6 6 6 6 6 6 6 6 6 6 6 6 6 6 6 6 6 6 6 6 6 6 6
295.6 303.6 312.6 327.8 331.1 329.7 316.5 303.3 294.4 278.3 258.7 240.2 226 210.3 202.2 187.9 170.1 147 107.1 92.1 76.1 41.6 32.8 24.6 12.2 9.2 7.1 6 6 6 6 6 6 6 6 6 6 6 6 6 6 6 6 6 6 6 6 6 6 6 6 6 6 6 8.9 12.9 10.5 13.6 20.2 35.1 36.4 26.9 22.7 19.3 10.8 6 6 6 6 6 6 6 6 6 6 6 6 6 6 6 6 6 6 6 6 6 10 6 6 6
296.3 304.4 322.8 336.4 335.3 329.4 320.1 310.4 302.8 289.6 268 258.5 238.3 217 204.1 194.4 176.4 150.1 108.7 91.7 66.8 43.6 36.9 27.5 14.9 9.6 7.8 6 6 6 6 6 6 6 6 6 6 6 6 6 6 6 6 8.5 9.7 8.4 10 11.6 11.3 8.5 6 6 6 6 6 6 8.4 15.2 30.5 48.9 39.5 27.1 22.9 17.9 6 6 6 6 6 6 6 6 6 6 6 6 6 6 6 6 6 6 6 6 6 16.4 19.7 6 6 6
295.3 312.3 334.5 342 339.4 333.8 325 317.2 304.2 291.7 277.7 266.6 244 222.9 206.2 195.6 173.6 145.7 116.5 91 70.5 57.1 44.5 29.1 18.4 11.3 9.9 6 6 6 6 6 6 6 6 6 6 6 6 6 6 6 6 11.1 15.8 18.4 20.6 20.1 17.6 15 10.9 8.7 6 6 6 6 10.7 20.5 31.9 37.6 34.6 29.2 22.7 13.6 6.8 6 6 6 6 6 6 6 6 6 6 6 6 6 6 6 6 6 6 6 6 19.7 20.1 8.8 6 6
297.7 316.7 337.2 344.1 343.8 338.2 331.5 321.2 307.6 299.1 284.1 264.8 243.8 222.2 207.5 194.9 168.4 138.7 113 92 77.2 63.3 51.8 34.1 22.9 13.5 11.3 6 6 6 6 6 6 6 6 6 6 6 6 6 6 6 6.9 19.6 27.8 31.5 33.9 35.5 35.4 26.5 19.7 12.5 6 6 6 6 13.4 23.2 28 31.9 30.4 25.1 16.2 6.5 6 6 6 6 6 6 6 6 6 6 6 6 6 6 6 6 6 6 6 6 6 17.5 20.3 10.1 6 6
299.7 322.5 334.9 342 346.2 347.8 336.4 322.9 310.8 307.8 284.7 264 243.5 222.6 208.4 196.9 168.3 133.1 107.9 92.3 77.8 65 54.7 39.4 26.4 16.1 12 6 6 6 6 6 6 6 6 6 6 6 6 6 6 6 23.8 44.9 51.5 53.1 50.9 49.4 39.5 28.6 18 11.2 6 6 6 6 16 21.9 23.1 27.8 22.3 14.7 7.4 6 6 6 6 6 6 6 6 6 6 6 6 6 6 6 6 6 6 6 6 6 6 8.6 12.8 6 6 6
305 322 335.1 343.6 350.1 350.9 340 319.4 305.8 297.8 283.1 261.4 241.4 220.8 206.9 197.3 163.4 132.2 109.6 89 75 66.2 57.4 42.7 29.8 17.7 9.8 7.1 6 6 6 6 6 6 6 6 6 6 6 6 6 7.7 39.8 68.2 69.1 62.1 50.4 46.8 40.9 23.7 13.7 9.3 7.8 6.3 6 11.8 17.4 17.4 18.5 9.5 8.3 6 6 6 6 6 6 6 6 6 6 6 6 6 6 6 6 6 6 6 6 6 6 6 6 6 6 6 6 6
314.4 324.6 332.5 343.3 350.2 346.9 334.7 321.6 296 282.8 274.7 258.7 238.8 218.7 205.5 190.2 169.5 136.4 108.5 91.5 77 65.7 56.9 45.5 35.7 28.2 13.7 9.9 8.4 7.3 6 6 6 6 6 6 6 6 6 6 6 18.4 56.4 83.6 74.8 61.3 49 47 44 27.5 15.2 8.2 6 8.1 6 7.4 9.2 9 9 9.7 11.2 8.9 6 6 6 6 6 6 6 6 6 6 6 6 6 6 6 6 6 6 6 6 6 6 6 6 6 6 6 6
311.3 319.2 330.9 343.4 345.1 339.3 320.7 299.2 280.9 267.3 260 248.1 227.3 214.4 201.7 189.6 161.2 131.1 108.7 89.1 74.8 65.2 57.4 48.6 37.9 31 21 16.3 11.4 10.6 8.7 6 6 6 6 6 6 6 6 6 6 19.4 51.9 70.6 63 57 47 40.7 34.7 25.6 13.8 6 6 6 6 6 8.6 8.9 9.2 10.6 13.2 19.5 20.1 11.8 6 6 6 6 6 6 6 6 6 6 6 6 6 6 8.3 6 6 6 6 6 6 6 6 6 6 6
310.7 316.3 326.4 332.6 325.5 321.6 304 285.7 271 256.1 246.1 232.6 218.1 206.9 196.1 181.3 156.5 135.6 114.7 93 77.2 59.3 51 48.1 43.5 36.5 29.3 25 19.2 12.5 7.7 6 6 6 6 6 6 6 6 6 6 16.8 38.4 46.4 48.7 45.9 43.4 36.6 30.4 18.9 6 6 6 8.5 8.5 13.6 14.5 9.5 10 13.3 18.9 29.3 22.9 11 6 6 6 6 6 6 6 6 6 6 6 6 7.1 7.7 10.6 11.7 12.4 14.1 7.7 6 6 6 6 6 6 6
315.5 318.9 315 315.2 311.3 302.1 284.9 274.2 263.9 251.1 240.2 228.4 215.6 203.6 191.7 174.8 157.2 137.6 113.8 97.4 78.4 66.9 49.6 41.8 49 43.4 32.5 22.5 16.7 14.5 10.1 6.8 6 6 6 6 6 6 6 6 6 13.8 22.2 28.5 32.3 34.7 27.6 21.2 17.1 6 6 6 6 7.9 15.6 21.6 21.5 15.9 10.8 11.5 17.6 23 20.8 9.7 6 6 6 6 6 6 6 6 6 6 6 6 6 7.3 9.9 14.2 19.4 19.4 14 7.4 6 6 6 6 6 6
318.3 316.1 307.5 301.9 298.2 287.4 278.9 269.6 255.3 247.4 230.6 219 204.8 193.8 178 169.2 165 165.3 152.8 130.4 103.9 83.3 60.2 43.4 38.7 30.5 27.9 29.1 27.8 19.4 11.5 8.6 6 6 6 6 6 6 6 6 9.8 16.8 23.6 28.9 29 15.9 10.9 9 8.9 6 6 6 6 9.8 18 27.9 26.7 18.6 9.7 9.6 13.7 19.3 16.9 6 6 6 6 6 6 6 6 6 6 6 6 6 6 6 9.2 12 17.3 17.8 16.5 11.1 6 6 6 6 6 6
312.6 311.1 306.4 299.5 294 285.3 278.5 267.3 246.2 239.8 236.6 232.1 225.3 207.2 190.8 180.1 172.8 171.4 161.6 143.1 118.7 87.8 59.7 45 45.9 40.8 44.3 27.7 35.3 25.4 12.3 6 6 6 6 6 6 6 6 6 9.2 10.6 17 17.9 10.7 8.9 8.9 10 7.8 6 6 6 6 10.2 16.6 29 26.6 18.9 8.2 7.5 10.2 12.9 9.3 6 6 6 6 6 6 6 6 6 6 6 6 6 6 6 6.2 8.8 11.2 12.7 11.8 10.5 9.1 6 6 6 6 6
314.5 310.9 310.1 307.2 300.6 288.2 278.5 273.5 266.5 259 255.5 249.6 238.2 219.3 195.2 180.6 173 165.9 149.1 132 110 82.5 65.6 68.9 67.1 69.2 58.4 29.6 26.5 18.8 11.4 6 6 6 6 6 6 6 6 6 10.7 12.7 14.2 16.1 16.2 12.4 10.9 15.4 8.8 6 6 6 6 10.1 15.3 22.5 22.1 17.1 8.7 6 7.9 10.7 6 6 6 6 6 6 6 6 6 6 6 6 6 6 6 6 6 8.7 11.3 11.7 11.4 10 8.9 8.6 6 6 6 6
322.2 317.9 313 308.7 299.6 291.7 287.8 281.4 275.2 266.4 256.3 248 241.1 229.5 191.8 166.9 164.1 159.7 141.2 117.4 108.9 115 106.4 100.6 85 68.7 48.2 29.6 16.4 13.3 8.6 6 6 6 6 6 6 6 6 12 23.2 29.1 26.2 21.4 28 20.1 14.4 9 6 6 6 6 6 8.5 12.4 17.6 17.1 11.9 6 6 6 7.2 6 6 6 6 6 6 6 6 6 6 6 6 6 6 6 6 6.8 8.4 11.1 11 11 9.8 9.4 9.5 8.6 6 6 6
328.1 323.1 317.1 311.3 304.7 301.4 295.5 283.7 277.3 271.6 261 246.7 235.8 231.6 198.6 198.5 163.7 149.7 153.6 158.8 145.9 139.9 125.4 101.8 77.6 60.5 40.7 25.2 15.9 11.4 7.9 6 6 6 6 6 6 6 9.5 20.4 33.9 36.2 33.3 28.3 29.2 18.9 12.2 9.2 6.1 6 6 6 6 6 8.8 10.7 11.4 7.2 6 6 6 6 6 6 6 6 6 6 6 6 6 6 6 6 6 6 6 6 6.8 8.5 11.1 10.7 10.3 10 10.6 11.2 10 6 6 6
328.7 324.8 319.4 313.4 310.4 305.5 296.1 287.3 280.9 272.9 264.4 244.1 241 237.2 236.1 224.4 203.2 188.9 183.2 172 148.1 133.1 114.6 96.6 71.6 54.4 34.6 24.5 13.3 10.3 9.9 9.9 6 6 6 6 6 6 22.5 33 40.3 41.7 37.9 31.1 27.2 16.8 12.6 9.8 6.9 6 6 6 6 6 6 8.8 7.7 6 6 6 6 6 6 6 6 6 6 6 6 6 6 6 6 6 6 6 6 6 6.4 8.2 11.1 10.7 10.5 10.6 9.2 8.9 9 8.5 7.5 6.2
329.7 325.6 318.3 310.8 310.6 305.6 296.4 288.8 279.4 271.5 269.6 263 252.2 243.9 239.6 226.7 214.4 202.8 191.4 173.5 149.6 128 107.1 86.6 63.3 48.2 30.8 23.9 10.8 6.4 9 15.2 15.6 6 6 6 6 13.7 33 41.5 48.3 44 38 31.5 22.4 16.1 10.9 8.2 6 6 6 6 6 6 6 6 6 6 6 6 6 6 6 6 6 6 6 6 6 6 6 6 6 6 6 6 6 6 6 7.6 10.3 10.7 10.6 10.6 11.2 10.3 9.1 7.1 6 6
333 327.5 315.9 310 307 300.5 295.6 287.3 280.5 283.1 286.3 274.6 260.2 246.1 236.7 225.5 210.4 199.2 188.5 173 150.3 124.4 98.8 80 62.8 46 30.1 22.4 6.8 6 6.3 7.2 6.5 6 6 6 6 26.8 38.6 53.7 51.1 42.9 32.2 23.3 17.8 14.7 10.6 6 6 6 6 6 6 6 6 6 6 6 6 6 10.3 6 6 6 6 6 6 6 6 6 6 6 6 6 6 6 6 6 8 8.8 9.6 9.7 9.5 9.4 10 11.2 9.4 7.4 6 6
332.8 329.1 321.8 311.5 311.3 305 299.4 294.4 289.6 292.2 290.9 279.9 259.2 247 236.9 225.2 208.7 193 182.6 175.2 158.5 129 95.5 76.8 63.2 48.5 31.5 17.7 6 6 6 6 6 6 6 6 11.2 36.8 43.9 49.2 46.4 36.1 27.2 19.4 14.4 11.8 9.6 8.3 6 6 6 6 6 6 6 6 6 6 6 6.3 7.2 6 6 6 6 6 6 6 6 6 6 6 6 6 6 6 6 6 6 6 8.7 8.6 8.7 8.7 10.6 10.4 9.2 8.7 8.5 8.5
330.9 330.1 327.7 326.4 320.5 314.5 308.5 304.2 303.5 298 286.9 276 262 249.9 237.9 224.6 206.8 189.9 178.9 175 160.3 135.4 99.6 73.6 62.2 48.3 27 13.7 6.7 6 6 6 6 6 6 6 15.4 31.2 37.3 42.2 38.8 33.5 25.1 17 11.7 10.1 9.8 8.7 6.5 6 6 6 6 6 6 6 6 6 6 6 6 6 6 6 6 6 6 6 6 6 6 6.3 9.7 9.9 6.8 6.4 6 8.4 6 6 6 7.7 7 8.8 10.1 10.2 9.2 8.6 8.5 7.1
332.3 337.7 336.7 337.8 332.9 330.1 326.6 317.2 308.5 299.5 288.5 279.5 266.4 244.9 231 216.5 198.5 182.6 171.2 167 156.6 137.2 108.5 75.2 62.3 46.1 22.7 10.9 6 6 6 6 6 6 6 6 19.7 33.3 32 30.9 30.7 28.1 20.1 16.2 11.2 8.8 6 6 6 6 6 6 6 6 6 6 6 6 6 6 6 6 6.2 8.5 6 6 6 6 6 6.6 9.1 10.1 10.6 12.1 10.5 8.2 6 6 6 6 6 6 7.2 9.3 9.5 9.3 8.9 6.1 6 6
342.9 348.6 350.1 350 345.5 341.2 336.4 327.2 314.6 304.5 292.2 281.5 268 244.5 233.2 215.5 194.7 181.8 165.4 155.6 148.9 131.8 106.7 76.2 53.8 36.3 20 6 6 6 6 6 6 6 6 6.8 18.7 26 26.9 25.8 25.8 23.5 20.5 15.6 10.6 6.6 6 6 6 6 6 6 6 6 6 6 6 6 6 6 6 6.6 8.5 8.6 8.6 8.5 6 6 6 8.6 9.8 10.9 12.1 12.2 11.5 9 6 6 6 6 6 6 6 6.4 8.5 8 6.5 6 6 6
354.6 356.5 357.2 356.9 356 352 346.4 337.2 323.1 310.3 296.5 281.6 263.2 249.7 241.1 225.7 198 180.5 158.9 148.3 145.9 123.5 93.1 62.1 43.1 28.3 19.4 8.8 6 6 6 6 6 6 6 9.1 19.7 23.8 23.2 22.1 21.5 21.1 19.5 14.6 9.5 6 6 6 6 6 6 6 6 6 6.9 6.6 6 6 6 6 6.2 8.5 8.6 8.6 8.7 8.6 8.6 9.1 9.6 10.5 11.5 11.3 11.2 11 10.8 6 6 6 6 6 6 6 6 6 6 6 6 6 6 6
364.7 364.3 362 360.4 364.1 371.1 359.7 346.3 332.3 317.2 301.7 280.9 261.7 250.4 238.8 226.4 203.6 182 156.1 137 126.8 108.3 82.7 58.4 34.1 24.1 16.7 7.1 6 6 6 6 6 6 6 12.6 27.1 29.7 29.7 20.7 19.6 17 13.1 9.9 6 6 6 6 6 6 8 6 7.1 8.7 8.4 7.3 6 6 6 6 8.3 8.6 8.6 8.7 8.8 8.8 8.9 9.9 10.8 10.7 10.6 10.2 10 9.8 9.7 7.9 6 6 6 6 6 6 6 6 6 6 6 6 6 6
372.3 371.2 367.7 364.1 368.4 379.9 367.8 355.5 336.3 315.9 302 278.4 258.4 248.2 236.5 221.4 204.4 184.4 159.1 136.9 115.3 99.7 82.7 60.8 39.4 24.5 16.2 7.3 6 6 6 6 6 6 6 22.2 34.7 28.7 23 16.5 14.1 9.6 9.2 6 6 6 6 6 6 6 7.9 7.7 6.8 6.9 6.6 6.4 6 6 6 7.8 8.5 8.6 8.7 8.8 8.8 9.4 10.7 11.1 10.6 9.8 10 10 9.6 9.2 8.8 6 6 6 6 6 6 6 6 6 6 6 6 6 6 6
377.4 376.4 375.8 369.7 366.8 371.2 365.1 352.3 337.1 318.2 293.9 271.4 261.6 250.2 239.4 223.5 205.1 182.9 150.1 125.4 107.9 95.4 83 65.2 46.3 26.8 14.3 7.8 6 6 6 6 6 6 10.6 21.7 20.4 16.4 12.5 9.8 6 6 6 6 6 6 6 6 6 6 6 6 6 6 6 6 6 6 7.4 8.5 8.6 8.7 8.8 8.8 8.9 10.4 10.3 10.1 9.1 9 9.1 9.2 9.3 9 8.6 7.6 6 6 6 6 6 6 6 6 6 6 6 6 6 6
379.1 379.1 381.1 376.5 360.1 363.7 354.1 340.3 327 306 284.8 264 253.5 241.3 231.6 211.4 190.5 166.8 141 122.8 104.7 90.5 79.6 66.4 49.4 26.8 14 10.5 6 6 6 6 6 6 6 7.5 8.7 7.7 6 6 6 6 6 6 6 6 6 6 6 6 6 6 6 6 6 6 6 6 7.6 8.6 8.7 8.7 8.8 8.9 10.2 10.7 9.2 9.1 7.2 9.2 9.1 8.9 8.7 8.5 6 6 6 6 6 6 6 6 6 6 6 6 6 6 6 6
382.2 380.3 381.5 376.1 353.8 346.4 333.5 318.2 305.9 292.9 274.1 254.2 238.2 225.8 208.8 191.2 178.8 158.1 134.3 117.7 100.5 84.9 75 60.2 41 21 13.4 6.1 6 6 6 6 6 6 6 6 6 6 6 6 6 6 6 6 6 6 6 6 6 6 6 6 6 6 6 6 6 6 6 8.5 8.5 8.6 8.7 8.7 9.7 7.8 7.8 6 8.5 9.1 9.6 9.4 9.2 8.8 6 6 6 6 6 6 6 6 6 6 6 6 6 6 6 6
382.6 379 378.7 359.1 341.1 327.9 314 303.6 293.2 283.1 263.3 245.6 228.6 211.5 194.1 177.8 166.8 147 127 111.9 96.6 80.7 68.1 51.8 32.6 18.1 14.4 11 9.6 8.4 6 6 6 6 6 6 6 6 6 6 6 6 6 6 6 6 6 6 6 6 6 6 6 6 6 6 6 6 6.9 7.5 8.1 8.5 8.5 6.6 8 6 6 6 6 8.7 10.2 9.8 9.2 8.8 6 6 6 6 6 6 6 6 6 6 6 6 6 6 6 6
380.9 372.5 363.1 351.7 339.9 329.8 308.6 296.6 282.5 266.7 253.5 236 219.2 205.9 187.5 171.3 157.1 138.7 123.9 110.9 96.1 79.3 61.2 47.6 32.8 18.4 16 15.1 14.9 11.3 6 6 6 6 6 6 6 6 6 6 6 6 6 6 6 6 6 6 6 6 6 6 6 6 6 6 6 6 6 6 6.3 7 7.6 6 6 6 6 6 6 6 6 8.4 7 8.6 6 6 6 6 6 6 6 6 6 6 6 6 6 6 6 6
378.8 372.1 365.8 354 339.7 323.2 305.9 294 276 253 236.9 222.6 206.1 193.1 176.6 161.1 149.8 135.7 124 111.8 98.6 81.2 63 44.7 29.8 18.4 16.5 18.8 19.9 11.9 6 6 6 6 6 6 6 6 6 6 6 6 6 6 6 6 6 6 6 6 6 6 6 6 6 6 6 6 6 6 6 6 6 6 6 6 6 6 6 6 6 6 6 6 6 6 6 6 6 6 6 6 6 6 6 6 6 6 6 6
379.4 372.1 362.6 349.8 335.8 318.2 301.1 284.1 261.5 241.1 225.1 206.4 192 180.3 166.1 153.6 143.6 129.6 119 115.7 102.8 78.4 60.1 42.9 26.3 17.2 16.1 18.3 18.9 8.9 6 6 6 6 6 6 6 6 6 6 6 6 6 6 6 6 6 6 6 6 6 6 6 6 6 6 6 6 6 6 6 7 6 6 6 6 6 6 6 6 6 6 6 6 6 6 6 6 6 6 6 6 6 6 6 6 6 6 6 6
376 366.4 355.9 343.6 326.5 307.6 287.4 266.8 249.4 231 214.7 202.3 188.4 171.6 156.7 144.9 135.2 121.2 116.7 112.8 99.3 75.4 61.4 44.7 26.1 16.4 14.8 16 12.8 7.3 6 6 6 6 6 6 6 6 6 6 6 6 6 6 6 6 6 6 6 6 6 6 6 6 6 6 6 6 6 6 6 6 6 6 6 6 6 6 6 6 6 6 6 6 6 6 6 6 6 6 6 6 6 6 6 6 6 6 6 6
368.5 359.1 344.7 329.7 310.3 290.4 270 250.2 237.5 226.2 214.7 203 184 165.9 150.7 135.8 125.6 116.1 110.5 107.3 91.8 73.2 60.3 43.1 25.7 18.6 13.7 10.9 7.5 6 6 6 6 6 6 6 6 6 6 6 6 6 6 6 6 6 6 6 6 6 6 6 6 6 6 6 6 6 6 6 6 6 6 6 6 6 6 6 6 6 6 6 6 6 6 6 6 6 6 6 6 6 6 6 6 6 6 6 6 6
359.4 348.7 331.5 317.1 296.7 271.9 256.9 243.4 233.3 229 212.3 201.3 176.7 159 142.7 128.7 116.9 111 105.5 99.7 82.8 70 55.5 40.2 33.4 21.6 12.7 7.4 6 6 6 6 6 6 6 6 6 6 6 6 6 6 6 6 6 6 6 6 6 6 6 6 6 6 6 6 6 6 6 6 6 6 6 6 6 6 6 6 6 6 6 6 6 6 6 6 6 6 6 6 6 6 6 6 6 6 6 6 6 6
351 338.1 320.5 304.6 286.6 268.8 254.7 239.5 226.3 216.5 203.3 189.6 167.2 151.1 136.3 121.6 112.5 104.7 100.1 92.7 76.6 66.8 56.9 51 37.8 24.4 12.5 6 6 6 6 6 6 6 6 6 6 6 6 6 6 6 6 6 6 6 6 6 6 6 6 6 6 6 6 6 6 6 6 6 6 6 6 6 6 6 6 6 6 6 6 6 6 6 6 6 6 6 6 6 6 6 6 6 6 6 6 6 6 6
339.8 330.3 312.7 299.7 284.2 269.6 251.6 232.6 215.7 203.7 192.3 175.7 156.8 143.5 129.7 114.3 106.7 100.3 94.8 84.1 72.5 67.7 66.2 59.5 39.9 25.8 12.2 6 6 6 6 6 6 6 6 6 6 6 6 6 6 6 6 6 6 6 6 6 6 6 6 6 6 6 6 6 6 6 6 6 6 6 6 6 6 6 6 6 6 6 6 6 6 6 6 6 6 6 6 6 6 6 6 6 6 6 6 6 6 6
329.2 318.7 306.9 294.8 285.3 265 237.9 220.2 204.4 191.3 180.3 165.3 145.2 134.3 123.7 111.4 106.1 98.6 90.2 79.8 74.2 73.7 74.5 64.6 46.4 28.8 13.3 6 6 6 6 6 6 6 6 6 6 6 6 6 6 6 6 6 6 6 6 6 6 6 6 6 6 6 6 6 6 6 6 6 6 6 6 6 6 6 6 6 6 6 6 6 6 6 6 6 6 6 6 6 6 6 6 6 6 6 6 6 6 6
323.2 306.6 295.4 284.1 265.3 253.4 231.9 210.7 193.7 180.8 170.8 155 136.8 125 114.4 109.2 106 95.6 84.7 80 78.8 81.7 84.3 69.8 52.6 31.9 14.3 6 6 6 6 6 6 6 6 6 6 6 6 6 6 6 6 6 6 6 6 6 6 6 6 6 6 6 6 6 6 6 6 6 6 6 6 6 6 6 6 6 6 6 6 6 6 6 6 6 6 6 6 6 6 6 6 6 6 6 6 6 6 6
