STL Generation/terr50_gagg_gb/data/NS45.asc
ncols 200
nrows 200
xllcorner 240000
yllcorner 650000
cellsize 50
[rows 0 to 34 of 200, columns 78 to 155 of 200]
178 180.1 181 182.6 184.1 185.3 185.9 187.5 187.6 187.9 188.1 189.3 190.7 191.8 193.1 195.3 197.4 198.8 201 201 200.6 200.1 202 204.3 205.1 207.1 212.4 215 213.6 214.1 212.8 214.2 213.8 215.6 214.8 213 211.5 210.9 209.7 206.2 203.3 200.4 197.5 197.8 199.1 201.1 199 195.8 192.6 194.7 197.5 196.3 199.7 199.9 195.7 195.8 195.8 193.6 191.4 190.6 189.1 187.6 184.8 182.1 180 180 178.2 175.1 171.9 168.8 166.6 164.9 164 164 164 164 164 164
177 179.6 181.9 182.6 183 184.6 184 184.8 187.1 187.9 188.2 189.4 190.7 191.7 191.8 193.3 195.8 197 198 197 196.9 198.5 200.9 203.6 206.4 208.6 212.3 215.3 215.8 215.2 215.9 218.6 219.2 219.2 218.5 217.5 215 213.8 212.9 209.2 205.6 202.4 201 199.1 198.9 198.2 196.6 194.8 192.6 195.9 197.6 199 200.8 200.9 198.6 199 199.2 197.2 194.6 192.5 190.1 187.5 185.1 182.5 180.7 180.8 178.8 175.6 172.6 170.6 168.7 166.8 164 164 164 164 164.1 165
175.9 178 180.4 180.8 181 182 182.8 184.5 186.9 187.6 188.2 189.4 190.8 191.5 191.6 191.7 192.5 194.2 195 194.8 195.2 197.4 200.2 202.9 205.8 208.8 212.1 214.8 215.4 217.8 220.2 221.1 222.3 222 221.7 220.3 218.3 217.2 213.9 210.8 207.5 204.2 202.5 200.5 199.7 197.3 195.7 194.6 195.3 196.8 200.3 200.6 201.2 201 200.7 201.4 200.9 199.3 197.5 193.9 189.7 187 185 183.4 181.5 180.4 178.5 176.3 174.2 172.1 170 169.5 168.1 167.2 167.6 170.1 169.2 168.1
175 176.6 178.2 178.7 179 180.1 182.1 184.4 186.5 187.9 188.7 189.6 190.8 191.4 191.5 191.5 191.7 191.9 192.3 193.1 194.1 197.1 200.2 203.2 206.2 209.1 211.9 213.6 215.6 221.4 223.8 224.7 224.5 223.7 223.9 223 222 217.7 214.6 211.4 208.1 205.7 203.9 201.9 199.1 197.9 198.4 197 196.3 198 201.3 202.1 202.1 202.2 202.3 202.3 200.9 199.6 197.5 194.4 190.9 186.6 184.7 184.5 184.6 181.1 178.8 177.4 175.3 172.2 169.2 170.7 172.9 171.9 171.7 172.7 172.4 173.7
174.2 175.2 176.3 176.9 178.2 180.1 182.4 184.6 186.8 188.9 190.9 190.2 191.1 191.4 191.3 191.4 191.4 192 192.2 192.3 193.8 196.5 199.5 203.4 206.7 209.1 211 212.8 217.9 223.3 227.5 227.6 226.1 224.6 224.4 225.4 221.9 218 215.7 212.3 208.9 206.8 204.8 200.2 201.8 202 202.2 200.6 199.4 200.5 202.1 203.7 203.8 203.7 204.3 203.7 202.2 199.8 197.3 194.3 191.4 189 186.3 186.1 186 183.5 180.5 178.5 175.7 174.1 174 173.7 175.1 175.5 175.5 178.4 180.3 177.9
173.7 175.1 176.1 177.5 178.7 180.8 183.1 185.4 187.6 189.8 191.6 190.9 191 191.3 191.5 191.7 191.8 192.3 192.3 192.3 193.6 196 198.9 201.8 205.2 208.2 210.6 214.2 218.8 223.9 228.2 229.3 227.4 225.6 225.1 223.8 221.3 218.2 215.9 213.4 209.5 207.7 205.9 204 205.3 206 206.4 205.7 203.9 206.3 204.1 205.2 205.9 205.5 205.2 204.9 202.5 200 198 196 193.7 192 188.2 188 186.9 186 182.7 178.6 175.5 176 177.3 177.3 179.1 179.9 181.5 183.9 185 185.9
174.3 175.2 176.6 178 179.3 181.5 183.8 186.1 188.4 190.7 191.3 191.1 190.8 190.9 191 191 191.9 192.1 192.4 192.7 193.2 195.1 198 200.5 203.2 206.8 210.4 214.8 219 224.1 228.6 228.6 226 223.8 222.8 221.7 220.3 218.6 215.5 214.3 212.1 210 209.2 207.7 208.6 209.5 210.4 209.8 210.1 211.4 210.6 211.8 209 207.9 206.8 205.9 202.2 200 199.9 197.8 195.2 194.2 190.9 188.4 186.8 185.8 181.9 177.9 175.1 177.3 180.7 182.2 183.3 188.2 190.5 192.5 193.2 191.1
175.2 175.2 176.6 178 179.5 181.2 182.9 184.6 186.4 188.7 190.3 189.6 189.8 190 189.8 190.3 191.7 192 192.3 192.1 191.7 194 196.4 199 201.7 205.6 209.7 213.5 217.9 221.7 224.4 224 222 219.7 219.2 218.9 218.7 218.4 216.4 215.4 214.2 212.8 212.5 212.1 212.7 213.7 214.7 215.4 212.6 213.9 214.2 213.7 212.6 211.6 209.6 206.6 201.7 201.4 200.8 198.3 195.8 193.4 191.3 188.8 185.9 183.4 180.8 177.5 177.4 180.7 185.6 187.1 190.4 195.2 198.5 199.2 199.5 199.2
175.6 175.8 176.9 178 179.5 181.2 183.1 185 187 188.4 187.4 188.2 188.7 188.7 189.6 191 191.6 191.9 192.2 191.6 190.9 192.4 194.8 197.4 200.1 204.5 208.4 212.4 216.3 218.6 220.3 219.7 217.9 216.9 216.3 216 216.5 216.2 216.4 216.3 216.7 216.9 216.9 217.5 217.5 218.8 219.8 220.4 219 218.1 215.9 214.6 216.1 216.1 212.3 209.5 205.9 203.2 200.5 197.7 195.4 194 191.3 189 184.4 181.4 179.3 179 181.8 188.1 190.3 192 196.8 200.7 202.2 204.3 203.9 201.3
176.1 176.8 177.8 178.9 180.7 182.6 184.6 186.5 188 188.4 187.8 187.8 188.6 188.8 189.5 190.3 190.9 191.5 191.8 191.2 190.5 190.4 192.8 195.2 198.8 202.7 206.8 210.7 213.9 216.6 217 215.4 214.5 214.7 214.9 215.7 216.7 217.2 218.1 218.5 219.2 220.9 223 224 223.2 223.2 224.9 225.4 224.1 221.8 219 217.9 218 217.5 214.7 211.5 207.9 204.2 200.5 197.2 194.9 193.4 190.7 189 188.6 186.8 183.4 183.9 188.4 193.3 193.1 195.1 198.6 201.8 203.5 209.6 211.3 207.4
177.2 177.9 178.8 180.5 182.3 184.1 186.1 187.6 188.1 188.5 188.4 189.3 189.2 189.5 189.9 189.6 189.9 190.4 189.9 189.7 189.5 189.3 190.5 193.8 197.6 201.5 205.3 208.5 211.4 213.2 213.1 212.1 212.2 212.2 214.1 215.6 217.2 219 219.7 219.8 221.8 224.1 227 227.7 228.1 229.1 230.2 226.5 224.2 221.6 219.9 221 220.3 217.2 214.2 210.8 207.8 204.2 200.5 197.1 194.7 192.3 190.5 190.4 191.5 190.7 188.3 189.8 192.9 197.9 198.5 197 200.6 204.6 210.4 214.6 213.4 217.5
178.5 179.7 181 182.4 183.9 185.7 187.3 187.7 188.2 188.9 190.3 190.9 190.9 191.6 191.1 190.6 190.2 189.8 189.4 188.9 188.7 188.5 189.5 192.4 195.8 198.9 202.5 205 207.2 208.8 209.2 209.6 209 210.7 212.7 213.9 216.4 218.8 220.3 221.6 222.7 223.7 227 229.8 231.8 233.1 231.1 225.7 223.2 220.6 219 219.7 218.9 216.9 212.5 210.1 207.3 203.7 200.1 197.5 195.2 194.1 192.8 193 194.1 194.5 192.4 195.7 201 203.1 203 203.9 204.4 206.9 217.2 216.4 214.6 223.1
181 181.9 183.2 184.6 185.9 187.2 188 188.8 189.5 190.3 191.7 192.5 192.7 193.4 192.5 191.6 190.7 189.5 189.1 188.7 188.2 187.7 188.7 191 193.5 196.3 199.4 201.6 203.8 204.6 205.1 205.7 205.9 208.9 210.9 212.1 214.3 217.1 219.4 221.4 221.9 223.4 226 229.5 231.7 229.3 226.6 223.2 220.6 218.6 217.3 216.2 215.9 214.5 212 209.3 205.8 202.2 199.7 197.9 196.3 196 195.9 196.9 201.1 200 198.7 202.2 207.4 210.5 209.8 207.2 206.4 209.4 216.2 220 216.6 218.3
183.3 183.7 184.7 185.9 187.2 188.5 190.1 190.8 191.1 191.7 192.7 193.7 194.4 193.8 192.9 192 190.9 189.3 188.9 188.4 187.8 187.4 187.4 189.1 191.3 193.3 195.5 198.1 200 200.6 201.3 201.9 202.5 205.6 208.2 210.3 212.2 214.6 216.8 218.9 220.3 223.4 225.3 225.9 226 224.3 220.7 219.7 218.7 217.4 217.4 217.8 215.5 213.2 211.2 209.3 207.1 203.9 202.4 200.5 198.8 198 198.1 200.3 205.7 206.4 205.4 208.1 211.4 213 212 208.9 208.7 211.4 214.1 218.7 219.8 216
184.7 185.1 185.7 187.2 188.5 189.9 191.4 193 192.3 192.3 193.3 194.4 194.6 193.8 193 192.2 191 189.2 188.5 187.8 187.1 186.4 186.5 187.9 189.7 190.9 191.3 193.8 196 196.7 197.3 198.1 199 202.5 204.5 206.8 209.8 212 214.2 216.4 217.8 221.6 221.6 220.5 219.9 218.6 217.5 218 218.7 218.9 219.1 219.9 217.7 215.8 213.8 211.8 210.4 207.8 206.3 204 202.8 202.1 201.4 201.7 205.8 207.6 207.9 210.4 213.2 214.6 217.2 214.9 210.3 210.4 211.9 216 214.6 211.2
186 186.6 187.1 188.1 189.7 191.2 192.5 193.2 193 193.2 193.7 194.8 193.8 192.9 191.9 191.2 190.8 189.3 188.6 187.2 186.4 185.2 184.9 186 187.7 188.8 189.5 190.9 191.6 193.1 194.2 195.1 195.9 198.8 201.3 204.5 206.7 209.3 211.6 213.8 216.1 217.6 216.8 215.6 215.1 216 217.8 219.5 220.8 221.3 221.9 221.9 220.2 218.4 216.4 214.5 212.8 212.6 210.7 208.6 207.2 206.7 205.9 206.2 207 208.9 209.2 211.4 213.7 219.7 222.3 218.7 213.5 210.4 209.2 211.5 210.3 208.5
187.4 188 188.6 189.1 191 192.1 193 193.8 194 194.2 194.4 194 193.2 191.7 190.6 190.2 189.8 189.6 189.5 187.8 185.8 184.2 184.1 184.9 185.4 186.6 186.5 186.4 186.9 188.1 189.7 191.3 192.9 194.9 197 200.6 203.1 205.7 208.3 211 212.3 215.3 212.7 211.5 214 216.2 218.8 222.2 223.9 224.4 224.5 223.7 222.5 220.9 219.2 218.2 217.6 217.7 217.6 214.3 212.2 210.7 209 208.9 209.8 210.3 208 210.4 214.8 221.3 221.3 218.9 214.9 212.9 210.9 210 208.6 207.8
188.8 189.4 190 190.6 191.4 192.7 193.8 194.8 195 194.9 194 193.4 192 190.8 189.8 188.9 188.5 188.9 187.8 186.5 184.9 183.4 183.1 184.3 184.3 183.8 183.5 183.3 183.1 183 184.6 186.2 188.9 191.3 192.2 197.6 200.4 203 205.5 207.9 209.2 210.4 210.4 209.1 214.1 216.9 220.1 224.5 227 227.3 226.7 226.4 229.1 228.2 226.1 224 222.8 222.5 223 220.2 217.6 214.4 213 211.6 211.3 210.8 209.1 211 216.5 221 220.9 218.1 215.7 214.9 212.9 213.2 212 210.2
190.3 190.8 191.5 192.3 192.7 193.8 194.8 195.8 194.9 194 193.1 192.2 191 190 189 188 187.3 186.6 185.8 184.7 183.1 182.9 181.4 182.9 182.8 181.2 180.4 180.2 180 179.8 180.6 182.1 185.2 187.7 190.3 194.2 197.5 200 202.5 204.6 206 207.4 206.6 208.2 212.2 216 221.5 226.1 228.2 229 230.6 231.7 232.9 233.5 231.9 229 226.7 226 227.3 224 221.1 219.1 216.1 213.2 210.9 210.4 210 210 215.4 220.3 219.4 216.6 216 215.9 215 216 214.2 211.9
191.6 192.3 193.2 193.8 194.1 195 196 196.5 195.6 194.6 193.2 191.4 190.1 189 188 187 186.3 184.8 183.6 182.9 183.1 183 180.8 180.3 181.2 179.3 178.1 177.3 177.6 178.2 178.8 179.5 181.8 184.5 187 190 193.8 196.7 199.4 201.2 202.9 202.7 201.3 205.9 210.3 215.4 221.7 227 228.9 229.8 231.9 235 235.2 235.4 233.2 229.8 227.1 226.8 227.2 226.7 224 219.4 216.4 213.3 211.1 209.3 209.1 209.7 213 216.8 216.9 214.7 215.4 215.9 215.3 213.9 213.5 216
192.1 193.8 194.5 194.9 196.1 197 197.4 197.1 196.2 194.3 192.4 190.7 189.8 188.7 187.4 186.5 185.9 184.8 183.9 183.2 181.7 180.7 180.1 178.8 178 177.6 177.2 176.5 176.4 176.9 177.5 178.1 178.7 181.7 184.3 186.7 188.8 191.8 194.6 197.1 198.6 196.5 200.8 205 210.3 215.9 221.8 226.6 229.8 231.2 233.2 236.7 236.6 235.3 232.5 229.6 227 226.2 226 224.8 223 219.3 216.4 213.5 210.6 209.3 207.1 207.4 209.9 213.1 215.1 213.4 213 213.2 212.6 212.4 213.7 214.6
192.6 194.1 195.4 197.3 198.9 199.8 200.1 198.3 196.5 194.8 193.1 191.4 189.8 189.2 188.9 187.7 186.1 185.4 184.6 183.9 183 181.3 180 179.6 180.3 180.3 179.7 179 177.4 176.2 176.2 176.6 177.7 179 181.8 183.3 184.5 186.7 189.6 192.5 195 195.3 200.6 204.1 209.4 214.2 220.4 225 229.4 231.7 233.7 235.5 234.4 232 230.2 227.7 224.9 224.6 224.7 222.7 221.7 219 215.8 212.5 210 208 205.6 204.5 206.6 208 209.5 208.8 209.1 211.4 213 215 215.4 215.7
193.9 195.5 197.2 199.5 202.3 202.6 202.3 200.3 197.2 195.5 193.7 192.8 192.4 191.6 190.6 188.7 187 186 185.3 184.6 183.8 182.4 181.1 180.8 181.2 180.8 180.2 179.2 178.4 177.3 175.8 175.4 176.3 177.3 178 178.4 179.2 181 184.4 187.8 190.5 194.5 198.4 201.9 206.3 211 218.5 223.3 227.3 229.9 231.4 232.3 230.3 228.3 226.9 224.1 222.8 222.9 222.9 222.7 219.9 217 213.8 211.5 209.2 207.2 205.2 204 204.3 204.2 204.5 205.1 208.7 213.6 215.6 216.8 217.6 217.3
194.4 196.3 198.3 200.6 203.3 202.6 202.5 199.1 197.3 195.5 194.1 194 194.1 192.2 190.3 188.2 186.6 185.8 185.5 185.2 184.5 183.4 183.5 181.9 181.7 181.3 180.5 179.4 178.3 177.4 176.6 175.7 174.5 175.6 176.4 176.7 177.1 178 180.5 183.2 186 192.2 195.9 199.3 203.1 207.8 215.4 221.3 225.3 227.5 228 228.3 226.8 224.7 223.3 221.8 221.3 221.3 221.2 221.2 219.7 215.4 212.8 210.6 208.4 206.3 204.7 205.3 206.3 202.8 199.2 201.4 205.6 214.1 216.7 217.8 218.2 218
194.1 196 197.9 200 201.7 202.3 200.8 197.6 197.1 195.5 195.2 194.5 193.5 191.9 189.9 187.8 186.2 185.5 185 184.7 184.3 183.8 182.9 182.2 181.9 181.8 180.6 179.5 179.4 178.7 177.6 176.7 176 174.3 174.6 175.4 175.9 176.3 178.4 180.9 184.2 188.9 194 197.3 200.5 206.5 213 219.3 223.2 223.9 224.3 224.2 223.2 221.2 220.9 220 219.8 222 221 220.5 216.7 213.2 210.4 208.2 206.5 204.5 206 207.8 211.5 205.8 198.9 197.7 208.3 219.4 214.8 217 218.4 218.5
194 195.6 197.6 199.6 200.4 200.5 198.2 197.1 196.7 196 195.4 194.2 192.7 191 189.1 187.1 186 185.2 184.5 184.3 184.2 183.4 182.3 183 182.9 182.2 181.2 181 180.8 179.6 178.8 178 177.4 178.3 175.7 174.1 174.5 175 176.4 178.9 182.2 186.1 191.2 195.4 200.1 205 209.6 215.4 218.8 219.9 220.7 220.2 218.7 216.9 216.2 218.2 220.9 221.8 219.5 217.1 214.2 211 207.8 205.4 204.1 204 207.1 213.7 214.7 208.8 200.9 213.3 220.3 209.1 210.6 214.7 216.7 218.7
194.2 195.8 197.9 198.1 199.7 198.6 197.8 197 196.2 195.4 194.6 193 191.6 189.8 188 186.2 185.1 184.1 183.5 182.9 182.5 182.4 182.4 183.2 184 183.2 182.8 182.6 181.9 181.2 180.4 179.4 179.5 179.1 176.3 173.5 172.8 173.6 174.5 176.7 180 184.3 189.2 194 198.1 202.6 206.9 211.2 214.6 215.1 215.4 214.4 213.8 212.1 211.3 214.8 218.1 218.9 216.6 214.3 211.3 208.2 205.2 202.5 201.4 203.4 207.5 211 210.7 202.1 209.5 211.4 213.6 202.8 209.6 215.5 218.4 220
194.5 195.9 197.7 198.2 198.7 197.7 197.2 196.4 195.3 194.5 193.7 192.3 190.4 188.7 186.9 185.6 184.5 182.9 182.2 182.6 182.8 183 183.4 184.1 184.2 183.9 183.8 183.3 182.6 181.1 178.7 177.3 176.8 176 175.2 174.1 173.1 172.1 173.3 174 177.8 182.9 187.5 190.7 194.4 198.6 203.3 207.7 209.9 210.2 209.5 208.5 208.3 207.4 207.4 211.1 213.7 215.3 213.5 211.4 208.6 205.7 202.9 200 198.4 201.5 205.8 209.2 207.8 199.2 193.7 197.9 201.7 204.8 213.1 217.5 220.5 220.3
194.6 196.2 197.1 197.7 197.8 197.2 196.7 195.8 194.8 193.7 192.8 191.6 190.4 188.3 186.1 184.4 182.8 183.6 184.1 184.3 184.4 184.6 184.2 184.1 183.6 183.8 183.1 182.8 181.2 180.9 183.5 182.8 181.2 179.6 178 177 175.9 174.8 173.6 172.7 176.3 181.6 184.1 186.3 190.1 194.1 199 205.9 205.2 203.9 203.6 202.9 202.9 202.6 203.1 206.9 208.9 211 210 207.5 205 202.9 200.1 197.2 196.2 199.4 203.8 206.7 205.1 195.6 189 196.7 201.5 208.9 217.7 222 221.4 220.3
193.9 195.3 196.1 196.7 197 196.7 196.2 195.3 194.3 193.2 192.1 191.1 189.6 187.6 185.4 184.3 185.4 186.1 186.5 186.4 186.6 186.2 185.6 185.2 184.5 184.8 185.2 185.6 186.2 186.2 187.4 185.7 184.2 182.8 181.4 179.9 178.7 177.6 176.5 176.3 174.9 180.3 180.6 183.2 186.3 189.8 194.8 200.6 201 196.6 196.3 195.9 195.9 196 198.1 201.6 203.2 204.9 204.1 203 200.6 198.4 196.3 193.5 192.8 196.3 199.4 202.2 201.1 190.9 187.8 197.1 203.4 207.7 213.2 213.8 214.3 212.7
193.3 194.2 195 195.7 195.8 196 195.7 194.8 193.8 192.7 190.9 189.3 188.2 186.5 185.8 186.9 188.1 188.8 189.2 189.4 188.7 187.8 187.2 187 186.7 187.4 188.1 188.5 189 189.8 189.5 188.5 187.1 185.8 184.4 183.1 181.1 179.9 179.2 176.8 171.4 176.5 176.4 178.8 182.4 186.5 191.1 195.2 193.2 189.8 188 187.1 189 189.6 193.2 195.2 196.8 198.3 197.5 196.6 195.3 193.1 189.9 186.6 187 189.7 191.5 193.1 192.9 179.7 189.1 195.9 199.5 203 205.4 204.7 201.9 198.8
191.6 193 193.9 194.5 194.6 194.8 195 194.2 193.1 192 190.2 188.3 187.8 188.8 189.9 190.6 190.7 191.5 191.9 192.3 191.8 191 190.8 189.9 189 189.9 191 191.5 191.9 191.6 191.3 190.9 190 188.7 187.4 186.4 184.6 182.3 181.5 178.5 175.4 170.3 171.4 174.8 178.7 182.6 187.2 190.7 187.9 185 182.8 180.9 183.4 184.5 187.3 188.9 190.4 191.9 191.1 189.6 186.9 184.7 183.4 181 180.2 183 184.9 184.3 183.2 168.4 186 191 194.2 196.4 197.6 196.8 194.1 191
190.6 190.9 192.7 193.6 193.9 194.2 194.5 193.5 192.3 191.2 189.7 188.4 190.4 192.6 195 196.7 197.3 197.3 196.9 196.3 196 195.2 194.3 193.7 192.9 193.4 194.2 193.9 193.5 193.1 193.3 192.5 191.7 191 190.2 189.2 187.1 184.7 181.7 179.6 177.2 174.7 173.5 170.6 174.2 177.8 182 184.8 181.1 178.9 177.8 177.7 179.8 180.3 181.1 182.2 183.2 182.9 181.5 180.5 177.9 175.8 173.4 171.3 171.9 174.5 176.5 175.4 174 165.1 178.3 182.3 186.9 188.4 189.4 188.9 186.3 182.7
190.9 191.4 192.8 193.1 193.4 193.7 194 193.3 191.6 190.4 189.9 192.1 194.3 196.2 198.6 200.7 202.1 201.9 201.1 201.1 201.6 201.2 200.2 199.3 199.2 199.8 198.4 198.2 196.9 196.6 194.4 193.5 192.9 192.5 192.5 192 188.3 185.8 183.1 180.7 178.6 176.3 173.2 170 170.5 173.6 176.4 179.4 177.2 175.3 173.8 174.1 175.8 175.3 175.9 175.6 175 173.8 172.6 171.1 168.4 166.4 164.1 163 163.6 164.4 165.8 166.5 164.7 158.9 166.8 172 179.2 180.9 181.2 179.7 178.2 174.3
191.6 191.8 192.4 192.7 193 193.3 193.6 193.2 191.3 191.1 193 195.6 198.2 200.7 202 205.6 205.7 205.5 206.4 209.1 208.9 208.4 209 207 206.8 206 205.5 205.2 205.2 200.6 197.6 195.2 194.8 194.8 194.9 191.4 188.7 187.8 185.7 182 179.8 176.2 172.8 170.1 168.7 169.6 169.3 172.3 170.4 169 169.4 170.7 172.5 172 170.9 170.2 169 167.2 165.7 162.2 160 158.1 158.3 158.3 151.9 148.6 150 152.3 157 153 158.7 163 170.1 173 174 172.2 169.1 165.2
