STL Generation/terr50_gagg_gb/data/NS55.asc
ncols 200
nrows 200
xllcorner 250000
yllcorner 650000
cellsize 50
[rows 140 to 174 of 200, columns 79 to 157 of 200]
203.4 205.8 206.3 205.3 204.2 204.2 202.1 200 198.1 197.6 200 204.3 205.8 204 201.4 199.9 198.6 200.2 201.5 202.9 201.5 200.7 199.2 196.1 193.5 190.9 188.4 186 187.4 191.5 192.9 192.5 191.9 191.4 191 188.1 186.2 184.4 182.6 180.8 179.7 177.6 175.2 172.2 169.7 167.2 165 164.5 163.2 161.9 160.5 155.7 151.7 146.8 140.8 134.3 132.6 133.5 134.2 134.4 136.7 137.9 138.8 139 139.2 138.6 137.7 136.7 135.8 137.6 139.2 140.6 142.1 140.4 136.9 134.5 132.1 129.6 127.9
205.4 206.3 206.2 205.2 204.8 205.9 202.5 200.1 199.2 202.1 205.1 207.8 206.3 205 204.5 202.8 202.8 205.1 205.3 204.5 203.4 202.3 200.8 197.7 195.7 193.5 191.3 189.1 190.9 194.1 194.7 193.1 192.4 192.8 191.9 189.5 187.4 185.4 183.6 181.8 181.2 180.7 175.7 171.6 168.5 166.6 165 165.7 164.6 162.1 160.3 155.9 151.8 146.9 141.1 134.8 136.2 137.1 136.5 136.9 140.5 140.8 140.4 141.7 141.3 140.9 139.7 138.5 138.4 138.9 142 145.5 147.5 147 142 137 134.3 131.4 129.4
205.4 206.8 207.6 206.2 208.4 204.6 203.8 204.5 205.9 206.6 209.6 209 207.3 206.6 206.7 205.6 205.5 205.8 205.9 206.2 204.9 203.8 202.4 199.3 197.5 195.6 194.6 194.4 194.8 196.2 194.8 193 193.1 194.4 192.9 190.9 188.6 186.6 184.6 183.3 180.7 180.3 177 173.2 169.5 167.6 166.5 166 165.7 163.7 160.3 156.3 152 146.8 141.3 135 141.3 143 142.7 142.5 144.9 144.2 143.4 144.6 144.2 143 141.7 140.8 140.4 140.8 147.5 150.2 150.1 149.6 147.1 140 137.6 135.3 131.2
209.4 214.4 212.2 211.2 214.1 211.5 213 212.2 210.4 210.3 209.7 209.1 209.4 209.3 208.5 208.6 208.4 207.3 207.6 207.9 207.7 206.4 204.4 201.7 199.9 198.8 198.2 197.9 197.9 196.7 195.7 194.6 195.6 195.2 193.6 191.9 189.9 187.9 186.4 184.4 182.4 180.3 178.5 174.7 170.5 169.4 170.4 169.5 167.2 164.8 160.8 156.1 151.8 147.5 142.7 138.7 145.6 147.5 148.2 149.1 147.7 146.9 147.6 147.7 146.5 145.3 143.8 141.8 140.6 143.4 149.1 150.3 150.2 149.1 146.8 141.7 138 135.6 134.2
224.8 225.5 219.7 220.5 221.1 218.3 224.5 219.4 215.5 213.9 211.8 212.6 213.5 212.4 211.5 211.7 212.8 211.3 210 209.5 209.5 208.7 206.9 204 202.3 201.3 200.7 200.3 199.7 197.9 196.1 195 195 195.5 194 192.5 190.9 189.9 189.1 188.3 185.5 182.5 180.1 175 175.3 172.1 171.8 170.6 167 163.9 160.9 155.1 150 147 139.7 139.4 145.5 150.9 150 150.2 149.8 149.1 151 150.2 149.2 148.3 144.8 143.4 141 146.1 151.6 150.8 149.6 148.9 146.1 143 139.4 135.9 133.2
224.8 227 228.6 229.3 227.4 224.1 224.5 223.6 220.2 217.9 216.9 217.2 218.4 217.1 217.3 217.5 217.1 214.7 211.7 211.2 212.8 211.2 209.4 205.8 204.7 203.8 203.4 202.9 200.7 198.8 197 196.4 195.4 194.4 194.3 193.1 192.4 192 190.9 189.8 187.7 184.1 182 176.9 174.2 174.9 173.1 171.2 168.5 163 160.1 153.7 147.3 145 143.4 141.9 146.2 153 151.9 152.2 151.6 152 153.5 152.8 152.1 149.8 144.6 142.6 143.2 148.2 151.1 150.5 150.1 149 147.2 144.6 140.6 136.6 131.5
230.3 230.8 234.4 233.4 232.3 229.4 227.2 225.1 224.1 221.5 222.2 223.3 222.9 223.2 222.8 222 219.6 217.4 217.5 218 216.5 215 212 208.4 208.1 207.5 206.6 205.5 202.4 199.7 197.9 197.5 196.7 196.4 196 194.5 194.2 194 192.7 191 189.7 185.9 180.3 177.6 175.4 175.3 172.7 171 170 162.9 153.9 149.6 150.9 149.6 147 146.9 151.3 152.3 150.5 152 153.1 154.3 155.9 155 153.3 150.5 148.1 144.5 148.7 150.3 150.2 150 149.6 148.8 147.7 146.4 142.4 137.6 134.2
236 238.8 241.3 240.6 237.8 235.3 233.6 231.5 230.4 229 228.9 225.5 225.5 225.9 224.9 223.7 221 223.6 223.9 222.9 221.1 218.7 215.1 211.7 211.5 211.3 209.5 207.6 204.7 201.5 198.9 198.5 198.1 197.6 197 195.8 196.1 195.8 194 191.1 187.9 185 181.3 180.7 177.8 175.7 173.3 167.1 161.2 160.1 160.5 156.5 155.1 151.6 147.9 146.9 148.1 149 150.3 151.9 153.7 154.3 157.1 156.1 153.7 150.9 150.1 148.2 150.5 150.6 149.7 149.4 149 148.6 147.4 146.2 143.5 140.7 134.2
238.1 242.9 246 245.7 243.1 241.1 239.2 237.1 236.5 238.4 237.9 235.6 230.8 227.8 225.6 226.8 230.5 230.2 228.4 227.2 225.4 221.7 218.2 215.1 215 214.8 212.6 209.8 207.1 204.4 202.3 199.1 200.3 200.2 201.8 199.3 197.7 196.2 194.4 192.1 189.2 186.3 183.4 181.4 178.3 174.3 169.1 166.1 170.5 168 164.1 162.5 158.6 154.6 152 150.8 148.6 149.6 150.2 151.7 153.5 156.3 159.6 157.2 155.1 151.2 150.5 149.9 150.2 150.5 149.7 149.6 149.3 147.8 147.1 145.8 144.1 139.8 138.6
240.6 244.4 244.4 248.7 250.8 247.4 243.5 240.6 240.9 241.3 240.6 237.3 234.4 230.9 229.2 234.2 234.2 233.9 232.6 230.4 227 223.9 220.8 218.4 218.2 218.1 216.3 213.3 210.8 208.5 206.4 204.7 203.5 204.4 206 201.7 199.2 198 196.4 193.5 190.7 187.8 184.8 180.9 175.1 170.5 165.6 170.7 170.9 171 167.1 165.8 161.9 158.7 157.8 152.9 151.6 151.9 151.2 151.5 152.4 154.7 157.2 156.4 156.9 154.3 152.1 151.4 151.8 150.5 150.6 149.9 148.4 147 146.3 144.5 143.4 144.2 143.6
245.1 245.9 246.4 248.9 250 247.7 245.9 245.1 242.5 241.4 240.8 240.3 238.7 234.6 236.7 238 238 237.7 235.1 232.4 228.6 224.9 223 221.4 221.2 221.3 220.2 218.2 215.3 212 210.4 208.5 207 207 206.4 204.5 201.2 200.7 198.2 195 192.1 189.3 184.6 176.7 170.6 169.4 170.7 171 171.2 171.5 170.9 168.2 165.5 163.7 161.3 155.8 157.9 160 159.8 158.9 157.7 156.1 157.1 157.9 158.5 156.4 154.8 153.9 152.8 151 149.9 148.6 147.3 146 144.9 143.9 143.7 145.5 147.5
243.2 246.3 247.9 247.1 247.5 247.9 247.9 247.7 245.7 242.6 245.7 243.2 242.7 240.6 243.3 242 241.3 240.1 236.9 233.1 229.4 227 226.5 224.3 224.5 224.7 224.1 223 219.1 214.6 212.4 211.5 209.3 207.8 206.8 205.6 202.4 200.4 198.8 195.7 192.1 187.4 181.7 174.9 177.1 176.4 171.8 172.2 173.2 173.8 172 168.9 168 165.1 161.8 161.2 164.4 165.1 165.4 165.1 163.7 161.2 161.1 161.1 160.1 158.4 156.6 154.2 153 151.1 149.6 148.7 147.6 146.3 145.3 144.3 144.8 148.6 148.5
242.3 245.6 248.7 249 249.4 251.2 250.1 248.4 248 249.4 249.9 248.9 247.1 246.6 245.2 242.6 241.1 239.4 236.1 232.9 231 229.4 228.6 227.3 227.6 227.8 226.6 224.3 221.4 218.4 216.2 212.8 210.2 208.2 206.7 205.3 202.7 199.9 197.3 194.4 190.3 184.9 177.4 175.4 184.4 183.6 177.5 174.9 175.8 175 172.2 169.3 166.7 165.7 165.1 166.6 167.4 168 168 167.8 167.4 164.7 166.3 166.5 162.6 160.6 157.2 155.3 154.3 152.1 150.5 149.1 147.7 146.6 145.7 144.7 147 150 149.3
239.1 244.2 247.7 250.1 251.1 253.1 250.9 250.6 253.2 252.7 252.4 252.6 250.2 248.6 247.1 244.7 239.7 236.9 233.9 232.8 230.9 229.1 228.8 228.9 228.3 228.2 226.6 224.5 223.5 221.5 217.7 213.4 210.4 208.3 206.2 204.5 202.8 201.2 197.7 193.1 189.1 182.2 176.3 177.8 185.7 187.1 183.4 180.8 178.6 175.5 172.7 170 169.1 168.4 168.9 173.4 173.9 172.7 170.5 169.9 170 168 168.4 167.2 164.8 162.2 159.2 155.6 154.2 152 150.6 149.2 148 147 146.1 145.7 147.2 148.7 149.9
238.1 240.2 246.5 250.3 251.5 252.9 251 252 252.5 251.6 252.4 252.7 250.9 249 247.4 246.5 241.7 239.1 236.5 233 231.1 229.8 228.4 228.7 228.5 229.1 227.7 224.8 220.5 218.6 215.8 211.4 209.3 207.1 205 202.8 201.1 198.5 195.2 191.4 185.5 181.1 181.2 182.7 187.6 189.3 188.6 185.2 181 175.5 175.3 174.3 171.5 173.8 177.2 180.1 180.6 179.2 177.7 175.3 172 170.1 167.5 166.9 164.9 162.2 160.3 157.9 154.7 151.9 150.4 149.3 148.3 147.4 146.9 146.4 146.3 147.8 148.6
241.9 239.7 243.1 249.9 251.1 249 247.7 248.3 249 248 247.9 246.5 245.5 246 244 247.4 245.8 241.4 237 235.3 233.5 232.3 231.4 229.6 229.4 230.3 230.3 225.9 219.9 217.6 214.4 210.3 208.2 206 203.3 200.7 198.7 195.7 189.6 187.8 190.4 189.3 188.8 190.3 190.3 189.9 191 189.2 185 181.5 182.7 183 183.1 185.9 187.3 187.2 187.4 186.9 187.8 184 177.3 172.9 169.9 166.8 165 162.1 160.6 160.1 156.4 152.8 149.5 148.9 148.6 148 147.5 146.9 146.7 146.8 149.2
244.1 244 244.7 239.8 248.3 244.5 243.9 246 247.7 248.8 248.4 245.9 244.4 243.8 245.8 246.2 242.2 239.4 236.7 235.7 235.5 234.5 233.5 231.2 230 228.5 227 222.6 219.7 216.6 214.1 210.3 207.8 205.7 200.7 199 196.2 193.4 195.3 192.5 193.2 192.5 191.1 190.5 189.9 190.5 190.1 188.7 184.5 188.9 190.5 190.9 192.1 194 191.6 192.1 192 192.6 192.7 187.4 181.2 176.1 172.7 168.9 165.7 162.5 159.9 159.9 155.7 152.5 150.4 149.5 149.2 149 148.2 147.5 147.4 148.2 150.5
240.8 241.5 243.8 246.5 243.4 243 247.3 250.9 248.4 249.3 247.8 244.5 244.8 243.8 242.2 241 238 236.9 235.7 234.9 234.6 233.1 232.6 231 229.3 227.9 224.2 222.2 220.3 217.2 213.3 211.5 208.5 204.3 199.3 198.9 195.3 194 194.7 195.3 194.9 194.9 192.7 190.6 189.9 189.3 189.4 189.8 188.2 191.4 195.3 194.7 193.9 193.6 193.1 193.4 195.1 194.1 193.3 187.5 181.5 177.6 173.1 170.9 167.1 163.3 160.3 157.6 155.1 152.3 151 150.3 149.3 150.1 149.8 148.7 148.4 149.2 150.4
240 242.4 244.5 246.3 246.1 244.6 249.6 250.2 249.7 249 247.6 246.4 245 242.4 242.9 240.1 237 235.5 234.5 233.8 231.4 231.2 231.6 230.9 229.3 226.3 222.2 221.1 218.3 213.1 212.5 211.9 209.5 205.9 201.4 200.4 198.5 196.5 197.3 198.2 197.1 196.5 194.4 192.3 190.2 189.5 189.7 190.7 190.2 195 196.4 198.2 196.8 195.7 195.2 194.9 194.5 193.6 192.8 187.7 182.3 174.9 171.5 169.7 167.6 164.1 160.5 156.6 154.1 152.6 152.5 152.3 152.1 152.8 152.1 151.3 150.7 150.4 150.5
242.3 244.4 245.6 246.6 246.6 246.8 247.4 250.3 249.7 248.8 247.4 246.3 243.6 241.9 240.5 238.2 236.6 235.7 235.4 232.8 230.8 229.3 229.6 228.4 227.1 224.5 221 219.6 216.5 213.8 212.1 209.7 207.5 206.2 203.6 205.1 204.7 204.4 204.7 202.6 199.3 198 196 193.9 191.8 189.8 190 190.5 192.4 195.8 197.9 200.2 200.5 198.1 197.3 196.2 194 192.9 192.5 189.6 184.4 176.8 171.8 168.7 166.7 162.7 159.3 156 155.8 155.2 154.7 154.3 155.1 155.9 155.2 154.4 153.5 153.9 153.2
244.8 245.8 246.7 247.8 246.4 249.8 247.8 249.9 248.3 248.1 246.8 245.6 244.4 241.8 239.4 238.6 238.3 237.8 235.8 232.8 231.1 230.1 226.7 224.8 225.2 222.5 220.5 218.5 216.1 213.7 212.3 209.3 208 207.1 206 206.8 206.5 206.2 205.7 205.5 203.2 200.2 196.8 194.5 192.4 191.3 190.8 191.7 193.6 194.4 198.5 202.1 202.5 200.4 199.3 197.5 195.3 191.6 192 187 186.2 179.6 173.5 170.5 166.2 161.7 158.7 158.4 159.1 157.7 157.2 156.7 157.2 158 157 155.4 154.9 155.3 154.9
246.6 247.7 248.9 249.7 249.2 248.3 247.4 247.6 247.8 248.1 247.8 247.5 246.7 246.8 241.7 240.1 240 241.4 238.8 234.1 231.7 229.1 228.2 225.6 225 223 220 220.6 216.5 214.1 215.1 212.2 210.4 209.1 208.7 208.3 208.2 207.6 206.5 205.5 205 202.5 199.2 195.8 193.7 193.1 192.9 193.1 194.9 196.4 200.1 200.8 201 201.2 199.1 198 196.2 193.8 192.2 186.6 184.2 180.2 173.9 170.1 166.4 166.1 166.3 163.8 163.3 160.9 159.8 159.3 158.1 157.5 156.9 156.4 156 155.5 154.1
248 248.7 251.7 253.1 252.2 250.6 249.1 248.3 248.7 248.1 248.4 249.1 248.1 245.6 241.6 243.3 239.5 239.6 236.8 233.7 231.3 230.4 229.6 226.7 224.9 222.8 221 219.5 216.4 215.8 216.7 215.5 212.9 211.5 210.6 209.4 208.9 208.1 207.3 205.2 203 201.7 199.2 197.5 196.5 196.6 196.1 194.1 194.8 197.1 201.5 206.9 206.2 202.4 200.3 199 196.8 195.1 189.9 188.4 182.7 179.2 174.2 169 169.8 168.8 169.3 167.8 166.6 164.9 161.9 160.1 158.7 158.1 157.4 155.6 154.7 153.9 152.8
246.7 248.9 254.1 254.2 254.7 252.5 251.9 249.5 252.2 250.8 250.7 251.5 248.6 248.7 245.1 240.6 237.4 235.5 234 231.8 229.2 228.2 228 226.7 225.6 223.9 222.2 220 219.8 220 219.2 217.7 215.9 213.9 212.4 210.9 209.5 208.5 208.3 205.7 203.8 203.1 200 197.9 199.2 200.3 199.2 198.3 197.9 198.6 205.6 208.8 209.8 206.8 203.4 199.9 198.2 196.6 192.8 188.7 183.9 180.6 173.4 173.3 173.5 171.6 170.7 170.3 168.1 164.7 162.5 160.4 159.3 158.5 157.6 155.4 153.4 152.4 151.5
249.1 253.2 255.7 256.3 256.3 255.1 257.2 254.7 250.8 251.4 250.8 250.4 249.8 249.7 247.3 243.2 240 239.2 233.2 231.2 229.3 228.1 226.5 226.2 225.4 224.9 223.3 223 225.3 225.4 221.5 220.4 218.6 216.8 215.4 213.9 212 210.1 208.7 206.5 205.9 205.3 203.8 202.5 202.1 203.6 204 203.1 203.8 205.4 205.5 207.5 209.8 209.1 207.3 204.6 201.9 197.5 194.1 189.4 181.1 181.1 180.7 180.2 177 174.2 174.1 169.7 169.2 166.4 164.6 163 160.2 158.8 157.4 156.8 153.7 151.7 150
252.9 256.8 259.4 258.9 261.9 264.2 263.2 256.5 251 251.6 251 249.8 249.1 249.7 248.7 246.8 242.6 238.8 235 231.2 230 229.3 227.2 226 225.8 228.4 228.9 226.1 228.1 228 226.4 225.1 223.7 220.2 218.8 217.1 214.8 212.1 208.8 208 207.4 208.2 208.5 205.8 204.4 205.1 206.4 206.1 206 206.1 205.9 207.3 209.1 209.7 209.4 206.8 203.5 199.5 196.4 191.6 187.3 187.7 185.8 186.7 182.2 182.6 182.6 180.1 178.5 172.9 169.2 167.3 163.8 161.6 158.6 157.6 154.4 151.3 147.9
254.6 256.9 259.5 258.9 264.7 264.5 259.8 255.5 252.4 255.1 255.3 254.9 255.1 254.2 251.4 249 243.7 240.2 235.6 232.1 229 227.9 227.3 228.3 234.3 238.3 233.7 232.2 232 232.6 231.4 230.2 227.8 224.2 222.4 220.6 217.5 214.5 211.3 210 210.9 211.4 211.4 210.4 209.6 206.8 208 208.5 207.4 207 206.7 207.3 208 209.1 208 205 203.1 202.2 198.9 195 193.2 192.8 190.5 192.1 192.1 192 190.1 186.2 183.4 178.4 176.1 172.8 168.8 165.1 162 158.6 155.2 151.4 147.2
254.6 258 259.3 259 261.6 256.5 255.2 254.7 253.6 257.8 258.5 256.5 257.1 256.1 253.6 249.4 244.6 241 238.1 234.9 231.9 231.4 229.2 231.6 240.9 234.9 235.5 235.3 234.8 237.1 234.9 233.1 231 228.3 226.2 223.8 220.6 217.4 216.4 214.1 212.4 212.4 212.5 213.5 215.4 212.7 210.4 211.1 210.3 208.5 208.1 208.9 209.1 207.2 205.4 203.8 203.4 203.5 201.4 201.1 199.4 198.6 198 200.2 202.9 201.6 196.7 192.4 186.5 181.6 180.3 177.9 171.8 168.6 164 160.2 156 152.4 149.5
255.8 259.2 259.8 256.6 255.8 256 255.8 256.5 256.2 256.3 258.3 258 257.9 257.7 254.7 250.7 248.1 243.6 241.1 237.6 235.4 234.7 232.6 234.2 234.9 234 234.7 235.8 236.3 237.8 238.9 237 234.4 231.7 229.2 226.8 223.9 223.3 220.1 218.1 216.2 214.3 213.6 214.2 216.1 217.1 217.1 214.6 213.1 212.8 210.4 210.5 209.4 207.6 206.6 206.6 206.6 205.8 205.4 206 205.1 204.2 202.4 204.4 207.5 204.3 199.9 195.8 191.3 184.6 180.2 177.4 173.8 171 167.6 161.9 157.6 155 152.9
256.5 258.7 259.9 259.6 256 255.7 255.6 258.6 260.7 260.1 255.7 256.1 256.8 256.3 254.1 250.4 248.2 248.5 243.9 239.7 239.9 240.7 238.3 235.1 234.3 236.8 239.8 239.7 238 240.4 241.4 239.9 237.1 234.6 232 229.2 226.4 225 223.8 222.1 220.2 218.3 216.5 215.9 216.2 219.7 220.4 218.9 216.1 215.8 213.9 212 210.8 209.9 209.5 209.3 208.8 207.5 209.4 211 210.3 209.7 208.1 207.8 209.1 208.9 204.4 200.4 196.4 189.8 183.3 178.9 176.5 174.2 171.2 165.1 161 158.3 156.2
257.5 257.2 258.5 260.2 258.5 258.1 257.7 257.9 260.1 260.9 258.4 256.8 255.5 254.7 250.4 249 249.6 244.6 244.2 244.1 245.4 242.6 240 237.4 235.7 238.8 246.3 245.6 242 243.5 243.3 242.5 238.9 236.4 234.9 232.9 230.2 229 226.8 225.1 223.4 220.7 219.2 219.1 219.4 219.5 219.4 219.5 218.9 219.4 218.3 216.2 212.1 212 212.3 212.2 212.2 212.1 210.6 214.7 215.4 214.6 213.1 209.9 213.1 212.8 210.7 207.4 201.3 195.2 189.6 184.7 181.2 178.6 174.4 169.6 164.4 161.6 159.3
260.9 259.3 259 259.5 260.1 260.7 260.2 259.1 259.6 260.6 260.5 260.1 259 257.3 255.6 254.1 251.7 250.2 249.5 249.3 252 248.7 242.2 244.7 241.7 239.7 244.2 243.8 245.2 246 245.7 244.8 241.4 237.8 236.3 235.5 234.3 232.3 230 228.1 226.2 224.1 222.1 221.2 221.3 221.1 220 219.7 220.2 221.5 222.5 219.1 214.5 214.3 214.3 214.3 214.3 214.3 214.3 215.1 218.6 217.5 216.7 214.4 210.7 210.3 207.9 206.4 204.9 199.9 195.9 194.1 186.6 182 177.2 172.7 168 163.5 160.8
269 269.6 269.4 265.8 262.8 262 260.1 259.1 259.5 260.5 260 259.6 259.1 259.7 255.7 254.8 252.9 250.4 250.2 250.9 255.7 249.3 246.3 246.1 247.9 249.1 249.1 245.7 246.4 246.6 245.9 245.2 242.5 238.8 237.6 236.9 236.1 234 231.9 230.6 230.4 227.1 224.2 223.2 223.2 222.4 220.5 220.6 220.8 221.5 220.9 219.1 216.1 214.3 214.3 214.3 214.3 214.3 214.3 216.3 219.4 219.7 218 217.4 215.3 213.7 210.1 204.6 202.4 198.7 196.1 195.1 189.8 184.5 179.4 174.8 170.7 166.4 162.4
273.8 275.2 274.2 269.6 265.2 263.6 260.6 259.1 259.5 260.2 259.5 259.1 258.3 257.4 256.2 255 253 252.4 254.1 252.8 255.8 249.3 249 251.8 252.4 254.5 256.9 253.7 249.7 247.4 245.2 245 242 239.2 238.7 238.3 237.6 235.6 234 231.1 229.9 228.6 226.9 225.2 224.8 222.9 220.9 221.5 220.4 220.2 220.8 219.1 216 214.3 214.3 214.3 214.3 214.3 214.3 216.3 219.1 221.4 219.2 218.2 217.1 215 210.6 204.2 199.9 197.4 195.7 195.2 190.7 185.2 181.4 176.6 172.2 169.3 166.4
275 275.5 272.2 267.5 265.8 263.5 260.5 259.1 259.6 259.8 259 260 258.4 259.2 257.7 259 256.5 255.8 256.1 254.4 255.8 251 252.2 255.5 255.2 255.3 255.5 255.6 254.8 252.1 248.4 245.5 242.7 239.9 239.5 239.2 238.7 237.4 235.2 234.1 230.8 227.7 226.9 224.7 224.9 223.5 221.8 221.2 220.4 220.1 220.6 217.7 214.5 214.3 214.3 214.3 214.3 214.3 214.3 216 219.4 221.2 221.3 218.6 216.2 214.1 208.8 203.7 199.2 196.5 195 191.7 187 185 182.4 179.7 176.5 172.2 169.2
