STL Generation/terr50_gagg_gb/data/NS64.asc
ncols 200
nrows 200
xllcorner 260000
yllcorner 640000
cellsize 50
[rows 0 to 34 of 200, columns 79 to 157 of 200]
206.7 206.5 205.4 204.8 204 201.8 200.9 202.2 205.2 204.8 203.8 205.3 205.4 204.3 203.5 203.3 202.1 201.4 201.5 202.2 202.1 201.1 201.6 202.8 204 205.9 206.2 205.7 205.4 205.9 206.2 208.3 212.1 211.4 210.9 211.9 210.9 209.8 209.8 210.9 215.1 219.8 220.4 220.2 211.9 221.7 224.4 224.6 224.7 228 229.2 231.6 233.1 234.1 233.9 233.1 230.6 232.3 229.9 228.1 229.7 231.8 234 236.1 235.6 233.9 234.9 236.4 238.9 240.3 242.6 245.2 246.7 247.5 248.8 249.8 250 248.7 249.9
207.9 208.3 207.2 206.4 207.7 206.1 201.2 203.7 208.1 206.1 205.3 207.6 208.2 207.6 207.1 206.7 205.8 204.1 203.5 206.8 207.3 206.9 201.5 203 204.2 206.3 208.2 208 207.9 208.4 211.6 213.1 215.8 216.7 215.6 214 213 212.4 214 217 220 222.9 223.6 224.5 215.4 226.2 228.4 227.4 229.1 231.6 232.4 232.6 234.6 235.6 236.1 235.4 235.3 233.2 232.8 232.5 234.3 235.2 237.2 238.1 237.8 238.9 239.9 240.9 241.2 243.5 245.9 248.6 250 251.3 252.7 252.8 253.7 252.2 252.8
208.8 208.7 208.5 208.9 209.7 210.2 204.3 204.5 209.8 208.1 207.4 208.5 209.7 209.3 209 209 209.1 207.7 206.6 209.1 211.8 210.7 208.9 203.9 205 207.5 210.4 211 211.4 211.5 215 216.2 217 216.8 216.7 216.2 215.1 218.7 221.2 223.1 224.2 225.2 226.9 228.2 221 230.2 231.7 231.3 234.4 234.9 234.6 234.8 235.1 236.3 238.1 238.7 237.9 237.1 236.1 236.9 237.9 238.7 239.3 239.8 239.8 243.7 244.4 245.3 246.1 248.4 249.7 251.7 253.6 254.6 255.7 256.1 256.2 256 255.1
209.3 209.3 210.1 210.8 211.4 211.1 205.7 204.5 209.5 209.6 209.1 209.5 210.5 211.1 210.2 210.4 210.5 210.5 209.2 209.9 212 212 211.5 205.6 205.8 208.8 213.1 213.2 214.4 215.1 214.3 215.1 215.4 218 217.5 218.2 219.6 224.5 226.8 226.2 226.6 228.8 231.4 231.9 228.5 234.2 235.3 234.5 234.9 236.4 236 234.6 235 236.4 238.2 238.5 239 238.2 236.5 237.3 238.4 237.6 239.1 239.6 240.5 242.2 243.9 245.6 247.7 249.4 250.3 252.6 254.4 256 256 256.8 256.4 256.9 255.8
209.7 210.9 211.9 213.1 213 213.2 210.9 203.2 206.7 210.6 210.2 210.6 211.5 212.2 212.5 212 212 212.6 212.7 212.2 212.1 213.6 210.9 207 203.3 210.3 213.9 215.4 216.2 216.6 215 214.7 216.2 218.9 222.1 222.9 224.6 225.5 227.4 229.1 229.9 232.2 233.7 233.1 230.2 231 234 234.7 235.3 235.8 235.7 234.1 234.4 235.7 237.3 238.2 238.4 237.6 237.2 236.8 236.9 237.8 237.7 238.9 240.2 241.4 243.6 245.3 247.2 247.7 250 252.7 254.6 255.9 255.6 255.9 256.7 257.7 257.1
212 215.4 214.6 215.4 215 215.3 213.9 210.3 204.5 211.4 211.8 213.4 214.2 215 215 215.8 216.6 216.9 215.7 214.5 214.4 215.7 215.8 214.7 206.5 211 216.8 219.2 218.9 218.5 217.4 218.3 219.7 222.4 226.1 228.4 230.4 231.4 232.7 233.8 233.8 235.5 235.7 234 231.8 230.3 233.2 234.2 234.6 235 234.5 233.9 234.6 236.2 238.6 240.1 240.5 240.1 237.9 237.5 237.3 237.1 237.2 238.3 239.9 240.9 243.5 244.5 245.9 248.2 250.2 252.9 254.4 255.7 255.8 255.8 256.1 256.9 257.2
214.6 215.1 215.9 215.8 215.6 215.8 214.9 214 205.9 211.7 213.7 214.8 216.2 217.7 219 220 220.9 220.7 221.5 219.3 217.6 218.6 218.6 218.3 214.2 212.9 219 220.5 219.9 220.5 221.3 222.9 226.4 230.3 231.9 233.2 234.7 236.3 235.9 235.8 235.7 234.5 234.7 233 231.6 231.7 233.2 233.3 233.6 233.8 233.3 234.4 235.4 238 240.5 242 242.1 240.7 239.2 238.6 238.2 238.3 238.2 238.1 239.3 240.6 242.9 244.8 246.3 248.9 251.4 253.6 254.1 255.1 255.9 254.9 255.4 256.4 257.7
216.1 218.1 218.7 216.9 216.7 216.3 215.5 214.4 210.1 214.1 215.8 217.8 219.7 221 221.7 222.8 223.7 223.1 222.5 221.9 220.8 220.5 220.5 220.1 218.1 216.1 220.9 222.2 222.4 223.3 224.5 228.9 232.5 235.3 236.8 237.8 238.4 237.4 236.8 236.4 235.7 234.3 233 231.9 231.5 232.1 232.8 232.8 233.4 233.7 233.9 236.6 239.7 242.1 244.4 244.2 243.8 241.6 239.4 238.5 238.6 238.5 238.5 238.9 239.3 240.8 242.1 243.4 245.3 248.1 250.9 252.6 253.8 254.7 255.2 254.1 255.4 256.8 258.7
218.7 219.6 219.8 219 217.7 217 215.6 212.9 212.8 215.3 219.7 223 224.1 223.9 223.5 223.8 224.4 223.5 223 223.1 223.3 223.6 223.9 223.8 221.9 219.7 222.7 224.3 224.6 226 226.9 231.3 236 239.2 240.5 240.4 239.8 238.3 237 236.3 235.3 233.9 232.8 232 232.1 232.8 233.4 233.1 233.6 233.9 236.1 240.2 243.3 243.7 244.6 245.5 243.6 241.5 238.7 239.1 238.9 238.8 238.7 239.3 239.1 239.2 240.6 242.2 244.6 247.2 249.4 251.3 252.7 253.9 254.4 254.9 257.2 258.7 258.9
219.6 219.3 219.3 218.3 217.4 216.4 215.5 214.5 217.1 216.5 221.5 225 225.1 224.6 223.7 223.6 224 223.1 223.5 224.6 225.8 226.7 227.2 226 224.4 221.2 224.1 225.3 227 229 231.8 235.1 239.4 242.3 241.1 240.2 240 238.2 236.1 234.9 234.1 233.8 233.6 233 233.4 234.6 235.4 235.3 234.5 234.5 237.2 241.2 244.1 245.3 242.7 244 241.9 240 239.2 239.4 239.2 239 239.3 239 238.5 238.5 240.3 241.2 243.8 246 248.2 249.9 251.5 252.5 254.2 256.4 258.2 258.5 257.7
220.6 219.3 218.5 217.6 216.7 215.2 215.1 217.5 216.9 216 220.2 222 223 223.5 223.9 224.3 224.5 225 225.3 226.5 228.5 228.7 228 226.2 224 221.8 225.4 227.1 229.9 233.7 237.5 240.2 241.7 241.8 240.8 239.1 237.2 236 235.5 235.3 235.4 235 235.5 234 235.7 236.4 237.6 237.7 237 236.2 237.2 238.9 241 241.5 240.5 240 240.1 239.2 239.7 239.5 239.4 239.4 238.9 238.5 238 238.1 238.5 240.2 242.5 244.6 246.4 249 250.9 252.3 254 256.1 256.7 256.5 255.9
220.9 219.3 217.8 216.9 215.3 215.8 218.5 218.5 217.5 216.9 219.4 221.3 223.5 224.2 224.8 225.8 226.6 227.3 227.8 229.4 230 229.6 228.6 226.8 223.4 223.9 224.9 227.9 232 236.1 240.4 240.9 241.1 240.9 239.8 238.2 236.7 236.4 237.8 236.7 237.2 237 237.1 236.6 237.3 238.5 239.9 240.1 239.1 238.4 237.2 237.1 237.3 237.7 238.2 238.8 239.3 239.4 239.3 239 238.8 238.5 238.2 237.8 237.4 237.6 238 238.6 240.8 242.4 244.6 247.1 249.9 252.3 254.4 254.9 254.5 254.8 254.1
221 219.4 217.6 216.4 215.7 219.9 221.3 220 218.8 218.7 220.1 223.1 226.1 227.7 228.4 228.7 229.1 229.7 230.4 231.1 230.5 229.8 229 228.7 225 224 225.1 228.1 233.2 237.7 241 240.3 239.2 238.6 238.7 238.1 236.7 238.2 239.4 238.1 238.8 239.1 238.8 239.1 239.5 240.4 241 240.8 240 238.6 238 237.5 237.8 238.3 239.1 239.3 239.3 239.1 239.2 238.5 237.9 237.5 237.2 236.8 236.4 236.6 237.1 237.7 238.5 240.8 242.7 245.3 247.9 250.8 252.6 252.4 252.3 252.6 252.2
220.6 219.3 217.6 216 216.5 217.6 218.3 218.6 219.4 220.9 223.1 226 229.4 232.1 232.7 232.8 232.2 232.4 232.8 232.4 231.1 230.3 229.4 229 225.6 224 224.5 226.6 231 233.4 236.1 235.5 234.7 236.2 236.9 237.1 236.2 237.3 239.7 239.1 238.9 239 239.5 240 240.3 240.2 240.2 240.4 239.9 239.4 238.8 238.2 238.1 238.5 238.9 239.2 239.4 239.3 239.2 238.6 237.6 236.7 236.1 235.7 235.4 235.6 236.1 236.5 237.7 239.9 241.2 243.3 245.4 248.3 249.4 249.8 250.4 250.3 250.3
219.6 218.5 217.2 216.9 216.5 217.7 216.4 218 220.4 222.7 225.9 229.1 231.8 233.2 234.5 235.4 235.2 235.8 236 235.1 232.5 231.2 230 229.8 226.1 225 226.3 225.5 227.8 228.8 231.2 232.8 233.5 234.5 235.7 236.3 235.8 238.1 238.9 238.2 238.8 239.1 238.2 238.6 238.6 239.8 239.8 239.8 239.8 239.4 238.9 238.5 238.5 238.9 239.1 239.4 239.6 239.8 239.9 238.9 237.6 236.8 235.9 235 234.3 234.5 235 235.4 236.5 237.9 240 241.5 242.9 244.9 245.7 247.4 247.7 247 246.4
219.2 218.4 218.5 218.7 221 219.2 219.3 221.2 222.9 223.6 227 229.8 231.2 232.3 234.3 235.8 236 235.8 235.7 235.5 234.1 232.3 230.6 230.1 228 225.9 229.5 228.8 227.2 227.7 229.4 231.8 234.7 236.4 235.4 235.1 237 237.9 237.8 238.6 239.4 238.6 236.8 237.6 238.9 239.8 239.8 239.6 239.3 238.9 238.9 238.9 238.9 238.8 238.9 239 239.3 239.8 239.1 237.6 236.6 235.7 234.9 234.3 233.7 233.8 233.9 234.3 235.3 236.6 238 238.9 240.3 241.4 243.2 244.9 244.7 243.8 244.5
219 218.4 218.7 219.9 221.3 221 222.6 224.3 224.7 225.8 227.4 229.4 230.5 231.8 233.5 235.4 235.7 235.5 235.4 234.8 233.5 233 232.1 231.1 229.9 228.2 229.6 231.1 227.8 227.5 229.3 232.1 233.7 234 234.9 235.9 236.8 237.4 238.1 238.7 239.4 239.1 237.1 237.9 239.2 239.7 239.4 239 238.7 238.3 237.7 237.6 237.5 237.5 237.8 238.3 238.8 238.7 237.1 235.6 235.5 234.9 234.2 233.5 233.4 233.7 233.9 233.9 234.3 235.6 237.2 237.8 238.7 240.3 241 242.4 242.3 243 243.7
220.9 221.6 220.7 223 223.5 222.6 223.8 226.2 226.4 227.6 228.8 230.1 230.5 231.4 232.9 233.7 234.7 234.9 234.8 234.2 233.5 233 233.7 232.5 231 229.6 226.7 230.2 229.4 228 230.5 232.2 234.4 234.6 235.3 236.2 236.9 237.1 237.8 238.4 239 239.2 237.8 238 239.3 239.2 238.9 238.5 238.2 237.8 236.9 236.5 236.3 236.4 236.9 237.1 237.2 236.6 235.4 234.1 234.6 234.1 233.5 233 233.3 233.6 233.9 233.9 233.9 235.2 236.8 237.6 238.2 239.4 240.5 241.1 241.6 242.3 242.1
222.3 223.1 223.6 225.4 225.8 224.3 224.9 226.4 227.8 228.1 229.4 231.5 232.2 232.6 232.4 233.1 234 234.4 234.6 234.4 234.5 235.1 234.9 233.6 232.2 230.7 228.9 228.2 229.3 229 230.1 232.7 234.3 234.9 235.9 236.8 237 236.9 237.5 238.1 238.6 238.7 238.6 238 239 238.7 238.4 238.1 237.7 237.2 236.5 235.9 235.6 235.6 235.9 235.8 235.6 235.1 234.3 233.7 233.5 233.4 232.7 232.8 233.2 233.5 233.8 233.9 234.4 236 236.9 237.7 237.6 238.5 239.9 240.3 241 240.9 240.3
223.6 224.1 224 224.7 226 226.2 225.6 227.3 228.6 229.2 229.8 232.2 233.1 233.3 233 233.7 234.6 235.1 235.1 235 235.3 235.1 234.2 234 232.6 231.3 230.4 229.1 229.3 230.4 230.8 232.7 234.2 235.3 236.4 236.3 236.9 237 237.2 237.9 238.1 238.3 238.5 238.1 238.5 238.2 237.9 237.6 237.2 236.7 236.4 235.3 235.3 235.4 235.2 234.8 234.6 234.4 233.3 232.7 233 232.6 232.4 232.7 233.1 233.4 233.7 234.2 235.2 237.7 237 236.8 236.1 235.9 237.6 238.4 239 239.5 239.5
224.3 224.3 224.3 226.1 227.8 229 227.2 229 229.3 230.3 231 232.1 233.3 235.4 234.9 234.2 235.1 235.7 235.6 235.5 235.8 235 234.3 234.2 232.7 231.6 231.1 230.2 229.7 230.8 231.6 232.9 233.9 234.9 235.3 235.5 236.2 236.8 237 237.6 237.7 237.9 238.1 238.2 237.9 237.7 237.4 237.2 236.9 236.6 236.3 235.4 234.8 234.9 234.7 234.6 234.6 234.5 233.7 232.5 232.8 232.9 232.8 232.7 232.9 233 233.1 234.3 235.2 235.4 235.6 235.1 234.8 234.9 235.2 236.6 238 239.1 239.7
225 225.3 226.8 228.6 230.5 230.3 228.9 229.9 231.5 232.3 233 233.4 234.3 235.8 236.1 236.5 236.2 236.3 236.3 236.2 235.7 235 234.8 234.3 232.8 232 231.9 231.1 230.7 230.4 231.3 232.2 233.5 234.3 234.7 235.2 235.7 236.2 236.7 237.2 237.4 237.7 238 238.3 238.1 237.8 237.6 237.3 237 236.6 236.2 235.5 234.1 234.4 234.3 234.4 234.5 234.5 234 233.5 233.8 233.9 233.9 233.1 232.1 232.2 232.8 232.5 232.4 232.7 233.1 233.8 233.9 233.9 234 234.8 237 238.3 239.2
227.5 229.5 231.1 231.2 232 231.5 231.1 231.3 233 234.3 234.7 234.7 235.4 235.8 236.3 236.9 237.5 237.7 238.4 237.1 236.4 235.6 235.5 235.4 235.6 234.5 232.5 232 231.4 231.3 231.7 232.2 233.6 234.8 235.3 236.1 236.6 237.1 237.2 237.2 237.5 237.8 238.1 238.4 238.3 238 237.8 237.4 237 236.6 236.3 235.9 234.2 233.9 234 234.2 234.3 234.4 234.4 234.4 234.8 234.8 234.7 234.3 233 231.8 231.4 231.7 231.8 231.8 232.4 232.7 232.8 232.9 233.3 234 234.7 237.3 239.1
231.3 233.2 234.7 234.5 234.3 234.3 234.2 233 234.4 235.5 235.5 236.1 236.2 236.4 236.9 237.4 237.8 238.7 239.2 237.9 237.4 237.3 237.1 237.2 236.7 234.4 235 234.5 232.1 233 233.5 234 234.2 234.4 235.8 237 237.5 237.7 237 237.3 237.6 237.9 238.2 238.4 238.4 238.2 237.9 237.5 237.1 236.6 236.3 236 235.5 234.6 234.8 234.6 234.1 234.3 234.4 235.3 234.9 235.5 234.5 234.9 234.2 232.7 232.6 232.3 231.8 231.3 231.7 231.7 231.7 232.1 232.7 233.2 233.5 236.6 238.8
236.2 236.1 236.7 236.9 237.2 236.5 235.1 234.4 234.6 236.2 237.1 237.8 237.7 237.6 237.5 238 238.2 238.5 238.2 238.6 239.2 239.6 239.4 238.9 237.3 235.9 235.6 233.8 233.5 233.9 233.9 234.1 234.3 234 235.7 237.6 238.2 236.9 237.1 237.4 237.7 238 238.2 238.5 238.6 238.3 238 237.5 237.1 236.7 236.3 236 235.3 235.9 235.9 235.9 235.9 235.1 234.9 235.2 235.7 235.8 235.6 235.1 235.5 235.9 234.5 233.9 232.4 231.7 231.8 231.5 231.3 231.6 232.1 232.6 233.1 237.1 238.5
238.2 240.6 240.6 240.7 240.5 238.5 237 236.2 235.8 236.6 237.5 238.2 238.2 238.4 238.5 238.7 239.1 239.3 239.1 239.1 240.9 241 240.3 238.8 237.4 235.9 235.6 233.6 232.6 233 234.9 235.2 234.2 233.9 236.1 237.9 237.4 236.8 237.1 237.4 237.7 238 238.3 238.6 238.8 238.5 238 237.6 237.2 236.7 236.4 236 236 235.9 235.9 235.9 236 236.1 236.1 235.9 236.2 236 235.8 235.6 235.4 235.2 235.3 234.5 233.1 232.5 231.8 231.5 231.1 231.3 231.7 232.2 232.8 235.3 236.4
237.8 239.8 240 240.1 239.8 239.3 237.8 237.4 237 237.3 238 238.4 238.4 238.8 239.3 239.8 240.1 240 239.9 239.2 239.6 239.7 239.4 238.5 237 236.2 235.8 233.9 233.8 233.2 234.6 235.7 234.1 235.5 236.2 236.9 236.7 237 237.3 237.5 237.8 238.1 238.4 238.7 238.9 238.5 238.1 237.6 237.2 236.8 236.4 236.1 235.8 235.9 235.9 236 236.1 236.3 236.3 236.4 236.2 236.1 235.8 235.6 235.4 234.8 234.1 234.7 234.5 233.7 232.2 231.7 231.3 231.1 231.6 231.8 232.3 232.5 232.9
236.1 238.1 239.3 239.8 239 238.9 239.2 238.5 238.2 238.6 238.8 238.9 240.1 239.8 239.8 239.9 240.2 240.5 239.8 239.2 238.6 239.1 239.2 237.7 236.8 236.2 235.4 233.9 233.9 233.9 234.4 235.2 235.5 236.3 236.2 236.4 237.7 237.8 238.1 238.4 238.7 238.9 239.3 239.7 239.7 239.4 238.8 238.4 238 236.9 236.1 235.9 235.8 236 236 236.2 236.3 236.5 236.5 236.5 236.3 235.9 235.8 235.6 235.4 235.7 235.7 236.1 235.7 234.2 232.7 232 231.7 231.4 231.5 231.6 231.7 231.9 232.8
237.2 236.9 238.2 239.4 238.9 238.5 238.6 239.1 239.3 239.6 239.4 239.5 239.7 239.7 240 239.1 239.7 240.5 239.8 239.2 240.1 237.8 236.8 236.2 235.8 235.6 234.7 234.9 234.7 234.5 235.3 236 237 237.2 237 237.8 238.5 239.1 238.9 239.2 239.6 240 240.5 240.7 240.5 240.4 239.8 239.2 237.6 236.3 236.2 236.1 236.4 236.7 236.8 236.4 236.5 236.7 236.7 236.6 236.3 235.8 235.6 235.6 236 236.4 236.3 236.1 235.6 234.4 233.1 232.6 232.1 231.7 231.7 232.8 233.9 233.7 232.7
239.8 239.1 238.9 238.5 238.6 239.6 239.4 239.8 239.9 239.9 239.8 239.6 239.6 239.9 240.4 238.9 239.1 239.4 239.3 239.1 238.2 236.3 235.7 234.5 234.9 235.2 235.5 235.9 235.9 235.8 236.3 237.4 238.3 238.2 238.2 238.9 239.9 239.6 240.3 240.6 240.9 241.2 241.6 241.4 241.1 241 239.9 237.5 236.9 236.8 236.7 236.8 237.2 237.5 237.9 237.2 236.7 236.8 236.8 236.7 236.3 235.8 235.2 234.9 235 235 235.2 235.3 235.2 234.4 232.8 232.5 232.3 231.3 232.7 234.1 234.6 234.8 234.6
240.1 240.4 239.6 239.3 240.4 240.8 240.7 240.2 240.3 240.3 240.4 240.9 241.2 241.1 240.3 238.7 238.6 238.5 238.9 239 237.2 238.1 237.2 236 236.1 236.1 236.5 236.7 236.6 237.1 237.7 237.9 238.1 239 240.3 240.9 241.2 241.5 241.7 242 242 241.7 240.5 241 240.8 239.4 238.5 237.2 237.3 237.3 237.3 237.5 238 238.3 239 238.3 237.6 237 236.8 236.7 236.3 235.5 234.9 234.4 234.9 234.4 233.5 233.3 233 232.5 232 232.3 231.9 231 231.9 232.7 233.8 234.8 235.2
240.3 240.7 240 240.6 241.1 241.7 241.7 241 240.8 241.7 243.2 243.6 243.1 242 240.1 238.8 238.4 239 239 239 238.7 239 238.8 237.9 237.2 236.9 237.4 237.5 237.7 237.8 237.9 238 239 240.6 242.2 242 242.4 242.7 242.9 242.8 241.9 240.6 239.6 239 239.5 238.8 238.2 238 238.1 237.9 237.9 238.3 238.7 239.2 239.8 239.4 239.2 239.1 237.4 237.5 236.7 236 235.8 236 236.1 235.2 234.4 234.5 234.3 234.2 233.6 232.4 231.4 231 232.2 233.1 233.2 234.7 235.5
240.3 240 240.7 241.3 241.9 242.5 242.7 241.9 241.4 241.8 242.2 243 241.5 240 239.3 239 239 238.8 238.8 238.8 238.5 239.4 238.5 238.6 237.5 237.5 237.7 237.9 237.9 238.8 239.5 239.6 240.9 242.2 242.5 242.8 243 243.1 243 242.9 242 239.7 239 239 239 239.4 240 238.9 238.8 238.9 238.7 239.9 240.7 242.3 242.4 241.8 241.1 241.1 240 238.7 238 237.1 236.5 236.6 236.7 235.8 235.5 235.6 235.7 236 235.7 234.8 232.5 231 232.8 233.4 234.1 235.3 235.7
241.8 241.4 241.5 242.1 242.6 243.2 243.7 242.7 241.6 242.2 242.8 241.3 240.2 239.3 239 239 239 239 238.8 238.6 238.5 238.7 238.1 237.9 237.9 238.4 238.6 239 239.6 240 241 241.5 242.9 242.8 243.1 243.4 243.6 243.1 242.8 242.6 242.3 241.1 240.3 240.5 241.4 241.1 240.7 239.9 240.4 241 242.4 245.8 248.4 249.4 249.5 248.1 245.1 242.6 241.8 239.6 239.1 238.5 237.8 237.3 237.3 236.3 236.5 236.5 236.5 236.1 234.8 233.2 233 231 232.3 234.1 233.7 234.5 234.5
243.5 242.7 242.3 242.8 243.3 243.8 243.7 242.6 241.7 241.6 240.9 239.5 239.5 238.7 239 239 238.9 238.8 238.7 238.6 238.7 239 239.1 239.2 238.7 239.3 239.8 240.5 241.3 241.1 242.1 243.1 243.4 243.5 244.2 244.6 244.5 243.9 243.9 243.8 243.5 242.5 242 242.5 243.4 242.6 243.5 243.3 244 243.8 245 248.1 249.7 249.4 250.1 250.7 251.3 246.4 245.4 245.3 240.3 239.3 238.8 238.3 238.2 237.6 237.3 237.1 237.1 237.3 236.6 235.7 234.4 232.4 230.3 230.9 231.8 232.2 232.2
