STL Generation/terr50_gagg_gb/data/NS79.asc
ncols 200
nrows 200
xllcorner 270000
yllcorner 690000
cellsize 50
[rows 40 to 79 of 200, columns 92 to 183 of 200]
8.1 7.9 8 8.1 8.2 8.3 8.4 8.1 7.7 7.3 7 7.2 7.2 7.2 6 5.6 8.3 14.4 25.5 28.1 31.2 33.8 34.5 34.9 34.9 33.2 30.4 26.9 18.1 11.1 9.9 9.4 8.9 8.3 8.2 8.6 9 9.3 9.5 9.6 9.5 9.4 9.2 9.1 9.4 9.6 9.9 10.1 10.3 10.4 10.6 10.7 10.9 11 10.9 10.9 10 10.2 9.4 9.1 9.6 10.1 10.6 11 12.5 15.5 25.8 29.3 34.1 38.8 40.6 41.9 43.2 42.4 41.5 41.3 40.7 39.7 28.7 17.2 14.4 17.6 27.7 34 42.6 45.4 45.5 45.7 46.9 50.8 54.8 58.4
8.4 8.1 7.8 7.9 8 8.1 8.2 7.8 7.5 7.1 6.8 6.8 6.9 7 7.1 6.9 5.1 8.6 12.9 19.6 27.2 29.8 30.8 31.9 32.3 30.8 28.1 22.5 13.2 10.5 9 9.1 8.9 8.3 7.7 8.1 8.5 8.9 9.3 9.6 9.5 9.3 9.2 9 9.2 9.5 9.8 10 9.8 10.1 10.4 10.6 10.7 10.9 11 10.9 10.4 10.7 10.1 9.5 9.8 10.3 10.8 11.1 11.4 13 15 27.9 31.9 37.2 38.6 39 39.2 38.3 37.5 37.5 37.9 36.9 26 20.4 14 16.6 25.9 33.2 41.8 43.8 44 44.3 44.6 44.7 46.7 48.6
8.6 8.4 8.1 7.8 7.8 7.9 7.9 7.6 7.2 6.9 6.6 6.7 6.8 6.9 6.9 7 7.2 5.3 6.5 10.2 13.4 14.7 17.4 21.4 26.1 27.3 21.8 14.9 9.6 9.5 8.2 8.3 8.4 8.3 7.7 7.7 8.1 8.4 8.8 9.1 9.2 9 8.9 9 9.1 9.3 9.6 9.9 9.7 9.6 9.8 10.1 10.4 10.7 10.9 10.9 10.8 11.1 11.1 10.5 10.1 10.5 10.8 11.1 11.3 12 13.6 19.2 22.5 28.3 33.6 34.8 34.9 35.2 33.4 33.3 34.1 35 26.4 21.6 13.3 14.4 16.3 21.4 36.7 42 42.5 41.5 42.1 43.9 44.4 44.6
8.8 8.7 8.4 8.1 7.8 7.8 7.6 7.3 7 6.8 6.6 6.5 6.6 6.7 6.7 7 7.6 7.7 5.7 7.5 9 9.3 9.3 9.3 9.4 9.5 9 9.7 8.3 8 7.3 7.5 7.6 7.7 7.7 7.2 7.6 8 8.3 8.5 8.9 8.9 8.9 8.9 9 9.2 9.5 9.7 9.6 9.5 9.4 9.5 9.8 10.1 10.5 10.8 10.9 11.1 11.2 11.1 10.6 10.5 10.7 11 11.3 12 13.7 23.8 18.7 22.5 26.9 31.1 33.7 29 26.4 25.8 28.1 29.4 26.3 21.7 10.8 13.1 12.6 12.7 13.6 37.1 39.8 38.3 39.2 42.4 44.5 44
8.9 8.9 8.8 8.4 8.1 7.8 7.5 7.2 7 6.7 6.5 6.3 6.4 6.5 6.8 7.1 7.1 7.2 7.3 5.6 7.1 7.9 8.1 8.2 8.3 8.4 8.4 8 7.3 6.7 6.5 6.6 6.8 6.9 7 7.1 7.1 7.4 8 8.6 8.8 8.8 8.9 8.9 8.9 9 9.3 9.6 9.5 9.4 9.3 9.1 9.2 9.5 9.9 10 10.2 10.5 11 11.1 11 10.5 10.7 10.9 11.6 12.5 13.3 21.1 16.6 14 18.9 16.7 21.2 23 20.2 13 14.2 18.7 21.8 25.4 23.6 21.3 12.2 10 9.9 18.2 40.6 37.1 36.2 39.8 43.3 43.1
9.1 9 9 8.8 8.5 8 7.5 7.2 6.9 6.7 6.4 6.2 6.2 6.6 6.6 6.7 6.8 7 7.1 7.3 5.4 6.3 7 7.1 7.2 7.4 7.3 6.9 6.2 6.1 6.5 6.5 6.6 6.6 6.7 6.7 7 7.6 8.2 8.8 8.7 8.5 8.8 8.9 8.9 8.9 9.1 9.4 9.4 9.3 9.1 9 8.9 8.9 9.2 9.7 10.1 10.6 10.9 10.8 10.8 10.7 10.6 11.2 11.8 12.2 11.8 18.6 15.8 11.8 11.6 11.5 11.5 11.5 11.5 11.7 11.7 11.6 21 20.3 21.9 21.5 18.9 13.8 10.6 10 41.8 38.5 36.3 36.6 38.1 39
9.5 9.3 9.2 9.1 8.7 8.1 7.5 7.2 7 6.9 6.6 6.2 6.2 6.4 6.6 6.8 7 7.2 7.4 6.9 6.4 5.3 5.9 6.6 6.8 6.2 6.2 5.8 5.1 6.1 6.6 6.6 6.7 6.7 6.8 6.8 7.3 7.9 8.5 9 8.6 8.2 8.5 8.8 8.9 8.9 9 9.3 9.3 9.2 9 8.9 8.8 8.9 9.3 9.7 10.2 10.6 10.6 10.6 10.6 10.5 10.4 10.7 10.8 10.9 10.8 16.4 15.4 11.3 11.1 11 11 11 10.9 10.9 11 11.3 20.5 17.4 11.1 13.5 15.3 11.8 15.4 9.4 25.7 39.3 35.9 33.6 34.4 35.2
9.8 9.7 9.5 9.4 8.9 8.3 7.7 7.3 7.2 7.2 6.8 6.6 6.4 6.6 6.8 7 7.2 7.4 7 6.6 6.5 6.5 4.9 5 6.2 5 5.1 4.6 5.4 4.6 6.6 6.7 6.7 6.8 6.8 6.8 7.5 8.1 8.7 8.9 8.5 8.1 8.2 8.5 8.7 8.9 8.9 9.1 9.2 9.1 8.9 8.8 9.1 9.2 9.3 9.8 10.2 10.4 10.4 10.4 10.3 10.3 10.2 10.5 10.6 10.6 10.4 14.6 13.9 10.8 10.6 10.4 10.4 10.4 10.4 10.4 10.4 10.4 19.7 11.5 10.8 10.7 12.4 12.2 12.1 11.7 13.7 27.5 27.3 28 27 29.2
10.1 10 9.9 9.7 9.3 8.7 8 7.2 7.2 7.3 7.4 7 6.6 6.8 7 7.2 7.4 7.2 6.8 6.7 6.6 6.6 6.7 6.8 4.1 3.9 4 4.2 5.8 4.3 6.7 6.8 6.8 6.9 6.9 7.1 7.7 8.3 8.9 8.8 8.4 8 7.9 8.1 8.4 8.7 8.9 9 9.1 9 8.8 9.1 9.4 9.5 9.4 9.8 10.2 10.1 10.1 10.1 10.1 10.1 10.1 10.3 10.4 10.2 10 14 12.1 10.3 10.1 9.9 9.9 9.9 9.8 9.8 9.9 10.1 19.2 10.8 10.8 10.4 10.7 11.6 11.4 9.9 9.7 12 12.3 13.5 17.9 24.3
10.5 10.3 10.1 10 9.6 9 7.9 7 7.1 7.3 7.5 7.4 6.9 7.1 7.3 7.5 7.3 7 6.9 6.8 6.7 6.7 6.8 7 6.9 4.6 3.5 4.1 6.3 4.1 6.4 6.8 6.9 6.9 6.9 7.3 7.9 8.6 9.1 8.7 8.3 7.9 7.6 7.8 8.1 8.4 8.7 8.9 9 8.9 9.2 9.5 9.6 9.7 9.4 9.8 9.9 9.9 9.9 9.9 10.1 10.2 10.2 10.1 10.3 9.8 9.8 13.8 10.6 10.1 9.7 9.4 9.3 9.3 9.3 9.3 9.5 9.6 18.5 10.8 10.4 10 10.4 10.8 10.6 10 6.6 9.8 11.1 12.4 12.4 13.2
10.6 10.6 10.4 10.3 10 9.2 7.8 6.7 7 7.3 7.5 7.6 7.3 7.3 7.5 7.5 7.2 7.1 7 6.9 6.7 6.7 6.9 7 6.8 6.6 6.4 3.9 3.3 3.8 6.2 6.9 6.9 6.9 7 7.5 8.2 8.8 9 8.6 8.2 7.8 7.3 7.5 7.8 8.1 8.4 8.6 8.9 9 9.2 9.3 9.4 9.5 9.6 9.7 9.8 9.9 10.1 10.2 10.4 10.3 10.3 10.3 10.1 9.8 9.6 13.9 10.7 10.2 9.7 9.2 8.9 8.9 9 9.1 9.4 9.7 18.1 10.4 10 9.6 10.1 10.6 10.6 9.2 5.3 9.1 10.1 10.8 10.8 10.9
9.7 10.3 10.7 10.6 10.4 9 7.6 6.4 7 7.2 7.5 7.7 7.7 7.5 7.6 7.4 7.3 7.2 7.1 6.9 6.8 6.8 7 6.9 6.7 6.5 6.4 6.2 6.4 3.3 3.7 7 7 7 7.1 7.7 8.4 9 8.9 8.5 8.1 7.7 7.2 7.2 7.5 7.8 8.1 8.5 9 9.2 9.3 9.4 9.5 9.6 9.8 9.9 10.1 10.2 10.4 10.5 10.5 10.5 10.4 10.5 10.4 10.1 9.9 14.4 10.3 9.9 9.3 9 9.1 9.4 9.3 9.1 9.4 9.6 16 10.3 9.7 9.3 9.8 10.1 10.2 9.8 6 8.8 9.4 9.7 9.6 9.9
10.1 9.4 8.7 10.3 10.9 10.1 8.8 8 8 7.3 7.5 7.7 7.7 7.7 7.6 7.5 7.4 7.3 7.1 7 6.9 6.9 7 6.8 6.6 6.5 6.4 6.2 6.2 6.8 3.7 5.8 6.7 7 7.3 7.7 8.3 8.9 9.6 8.8 8.1 7.6 7.1 6.9 7.2 7.6 8.1 8.6 9.1 9.4 9.5 9.7 9.8 9.9 10 10.2 10.4 10.5 10.7 10.7 10.6 10.6 10.5 10.5 10.4 10.3 10.2 13.3 9.5 9.3 9.3 9.9 9.9 10 9.5 9.1 9.4 9.6 11.9 10.3 9.4 8.9 9.2 9.4 9.6 9.3 8.8 8 8.3 8.6 8.9 9.4
10.6 9.2 10.1 10.2 10.7 10.7 9.8 9.7 8.9 8 7.4 7.6 7.7 7.7 7.6 7.6 7.5 7.3 7.2 7.1 7 7 7 6.8 6.6 6.5 6.3 6.2 6.1 6.5 7.2 3.7 6.4 7.5 5.1 8 8.8 9.5 9.3 8.8 8.3 7.7 7.2 6.6 7.2 7.7 8.2 8.7 9.2 9.7 9.8 9.9 10 10.1 10.2 10.4 10.6 10.8 10.9 10.8 10.8 10.6 10.5 10.4 10.2 10.1 10.1 12.7 9.7 9.6 9.5 9.9 9.9 9.9 9.6 9.2 9.3 9.4 9.3 10.4 9.3 8.6 8.4 8.8 9.2 8.9 8.5 5 8 8.9 9 9.3
10.2 9.7 10.3 10.5 10.6 10.9 10.2 7.5 7.9 7.6 7.4 7.5 7.6 7.5 7.5 7.5 7.4 7.4 7.3 7.2 7.1 7.1 6.9 6.8 6.6 6.5 6.3 6.2 6 6.4 7.1 7 4.3 4.2 4.4 8.7 9.5 9.5 8.9 8.5 8.1 7.7 7.3 6.9 7.1 7.8 8.3 8.8 9.3 9.8 10 10.1 10.2 10.3 10.5 10.7 10.9 11 11 10.9 10.8 10.7 10.6 10.3 10.2 9.9 9.7 11.9 9.8 9.9 9.7 9.9 9.9 9.9 9.6 9.3 8.9 8.5 8.2 9.9 9.2 8.1 8.3 8.8 8.5 8.4 8.3 8.5 6 9.4 9.9 10
10.5 10.2 10.6 10.7 11 10.9 9.5 6.6 6.9 7.1 7.2 7.3 7.3 7.3 7.3 7.4 7.3 7.3 7.2 7.2 7.1 7 6.9 6.8 6.6 6.5 6.3 6.2 6 6.2 6.9 6.8 6.7 5.2 4.3 8.9 9.8 9.5 9.1 8.7 8.3 7.9 7.5 7.2 7.2 7.6 8.4 8.9 9.4 9.9 10.2 10.3 10.4 10.6 10.8 10.9 11 11 11 11 10.9 10.8 10.8 10.7 10.7 10.1 9.8 9.7 9.7 9.8 9.8 9.8 9.9 9.9 9.8 9.5 9.1 8.6 8.5 12.8 7.9 7.5 7.8 8.8 8.6 8.4 8.7 8.6 4.6 9.2 9.8 9.7
10.9 10.7 10.9 10.9 10.7 10.7 9.5 6.3 6.7 7 7.1 7.1 7 7.1 7.1 7.1 7.1 7.1 7.1 7 6.8 6.6 6.6 6.6 6.6 6.5 6.3 6.2 6 6.1 3.5 3.4 3.6 4.9 3.8 9.4 9.6 9.5 9.4 9 8.6 8.2 7.8 7.4 7.4 7.4 8.1 8.9 9.5 10 10.4 10.5 10.6 10.8 11 11 11 11 11 11 11 10.9 10.9 10.8 10.8 10.7 11 9.6 9.5 9.4 9.3 9.3 9.6 9.7 8.7 7.7 7.6 8.3 8.8 13.4 7.5 7 7.2 8.8 8.6 8.5 8.4 8.3 6.8 8.1 9.3 9.2
10 10.3 10.7 10.5 10.4 10.7 10 6.3 6.5 6.8 7 7 7 6.9 7 6.9 6.9 6.9 6.7 6.5 6.3 6.2 6 6 6 5.9 5.9 5.9 5.9 3.7 6.5 5.1 7.6 7.6 8.4 9 9.4 9.3 9.2 9.2 8.8 8.4 8 7.7 7.7 7.7 7.9 8.7 9.5 10.1 10.6 10.7 10.9 11 11 11 11 11 11 11 10.9 10.6 10.6 10.6 10.5 10.4 11.1 9.7 9.8 9.9 10.1 9.9 9.6 9.4 7.4 5.9 5.8 7.3 8.6 8.7 7.1 6.7 6.5 8.9 8.7 8.4 8.4 7.9 4.4 7.5 7.6 7.4
9.8 9.7 10.2 10.7 10.7 10.5 10.2 9.8 6.2 6.7 6.9 6.9 6.9 6.9 6.9 6.8 6.5 6.3 6.2 6 5.8 5.7 5.5 5.4 5.4 5.3 5.2 4.8 4.3 3.4 7.3 7.2 7 6.9 7.6 8.8 9.3 9.2 9.1 9 8.9 8.7 8.3 8 8 8 8 8.4 9.2 10 10.7 10.9 11 11 11 11 11 11 11 11 10.9 10.5 10.2 10 10.3 10.3 11.1 9.9 10.2 10.5 10.8 10.7 10 9.2 7.6 6.2 5.5 5.5 6.4 7.7 11.6 6.8 8.1 7.9 8 9.1 8.1 7.2 7.4 7.5 7 7.1
9.7 9.5 9.4 9.8 10.3 10.5 10.5 10.6 8.3 6.9 6.9 6.9 6.8 6.8 6.8 6.4 5.8 5.7 5.6 5.7 5.5 5.4 5.1 4.8 4.5 4.3 4.1 3.9 3.3 7.4 7.5 7.4 7 6.5 6.8 8.7 9.2 9.1 9 8.9 8.8 8.7 8.5 8.2 8.2 8.2 8.2 8.2 8.9 9.7 10.5 10.9 11 11 11 11 11 11 11 11 10.8 10.5 10.2 9.8 9.6 9.7 9.8 10.1 10.4 10.6 10.8 10.9 10.5 9.9 8.7 7.1 6.6 5.9 5.6 7.3 12.5 8.1 6.9 6.5 6.4 6.3 6.3 6.9 7.1 7.6 7.4 7.8
9.6 9.4 9.3 9.2 9.4 9.6 9.9 10.2 10.2 10.1 8.1 6.9 6.8 6.7 7.1 6.6 7.4 9.1 8.6 7.9 7 5.6 5.3 5.5 5.6 5.7 5.8 3.4 7.2 7.5 7.6 7.7 7.4 7 7.2 8.5 9 8.9 8.8 8.7 8.6 8.5 8.5 8.5 8.5 8.5 8.5 8.5 8.6 9.3 9.8 10.4 10.5 10.7 10.8 11 11 11 11 11 10.8 10.5 10.1 9.8 9.4 11.1 9.9 10.1 10.4 10.6 10.9 10.9 10.5 10.1 9.6 9.1 7.3 5.7 5.7 5.8 6.2 7.7 6 6.2 6.4 6.6 4.8 4.3 6.9 7.8 7.9 8.6
9.6 9.3 9.2 9.2 9.3 9.6 9.9 10.2 10 9.8 10 10.1 7 6.9 7.4 8.2 9.2 9.1 8.7 8 6.9 6.2 5.5 5.4 5.3 5.2 5.2 3.4 6.6 7 7.5 7.8 7.8 7.4 7.9 8.3 8.9 8.8 8.8 8.7 8.7 8.7 8.7 8.8 8.9 8.9 8.9 8.9 8.9 9.1 9.2 9.8 10 10.2 10.3 10.5 10.6 10.8 10.9 11 10.7 10.4 10.1 9.8 9.4 11.1 9.9 10.1 10.4 10.6 10.9 10.8 10.5 9.9 9.5 8.6 7.1 6 6.9 6.8 6.1 12.8 6.2 6.3 6.5 6.6 3.7 6.9 7.2 7.6 8.1 8.8
9.5 9.3 9.2 9.2 9.3 9.6 9.9 10.1 9.8 9.6 9.4 9.6 10 10.7 8.7 8.9 9.6 9.2 8.7 8 6.9 5.9 5.6 5.5 5.4 5.3 5.3 4.9 6.1 6.4 6.8 7.3 7.8 8.1 8.5 8.8 9 9 8.9 8.9 8.9 8.9 9 9.1 9.2 9.3 9.3 9.3 9.5 9.6 9.6 9.7 9.7 9.9 10.1 10.2 10.4 10.6 10.8 10.9 10.3 10.1 9.8 9.6 10.5 9.8 10 10.2 10.4 10.6 10.9 10.8 10.4 10 9.7 8.6 7 6.3 8.4 5.7 5.5 5.8 6.6 6.7 6.8 6.8 6.8 7 7.2 7.3 8 9
9.7 9.4 9 9.3 9.3 9.5 9.8 9.9 9.7 9.5 9.3 9.2 9.4 9.7 9.8 9.8 9.8 9.3 9 7.8 6.7 5.7 5.7 5.6 5.5 5.4 5.1 4.8 2.9 6.2 6.6 7.1 7.3 6.4 8.4 9 9.2 9.1 9.1 9.1 9.1 9.2 9.3 9.4 9.5 9.6 9.6 9.7 9.7 9.7 9.7 9.7 9.7 9.8 10 10.2 10.4 10.5 10.7 10.7 10.2 9.4 9.2 9.3 11.6 10 10.1 10.3 10.5 10.7 10.8 10.8 10.4 10 9.5 8.5 7.1 6.8 8.5 5.5 5.5 5.8 11.4 6.6 6.8 3.8 6.7 6.4 6.1 6.5 7.7 9
9.9 9.5 9.1 9.2 9.4 9.5 9.8 9.7 9.5 9.3 9.1 9 9.3 9.6 9.8 9.8 9.8 9.8 9.2 7.9 6.4 5.8 5.8 5.7 5.6 5.4 4.9 4.4 3.2 6 6.3 6.5 6.7 5.4 6.9 9.4 9.4 9.3 9.3 9.3 9.3 9.4 9.5 9.7 9.6 9.5 9.7 9.7 9.7 9.7 9.7 9.7 9.7 9.8 9.9 10.1 10.3 10.5 10.6 10.6 10.3 9.3 9.2 9.5 9.7 9.8 10 10.1 10.3 10.4 10.6 10.9 10.7 10.1 9.4 8.2 6.9 7.3 8.4 5.3 5.5 5.7 5.5 6 6.1 5.6 6.5 6.3 6 5.7 7 8.6
10 9.5 9.1 8.9 9.3 9.5 9.8 9.6 9.4 9.1 9.1 9.1 9.3 9.6 9.8 9.8 9.5 9.4 9.9 8.1 6.7 5.9 5.8 5.8 5.7 5.1 4.8 4.9 5 2.7 5.9 5.9 5.9 5.4 6.8 9.3 9.7 9.5 9.5 9.5 9.6 9.7 9.7 9.6 9.4 9.5 9.7 9.7 9.7 9.7 9.7 9.7 9.7 9.7 9.9 10.1 10.2 10.4 10.6 10.4 10.1 9.3 9.1 11.5 9.7 9.7 9.7 9.8 10 10.1 10.3 10.7 10.7 9.9 9.1 7.7 6.3 7 8.5 5.7 5.6 5.7 5.6 10.1 5.6 3.6 6.5 6.3 6 5.6 5.9 8.3
10.3 9.6 9.1 8.7 9 9.5 9.6 9.4 9.2 9.1 9.2 9.2 9.3 9.6 9.7 9.6 9.5 9.4 9.3 9.4 9.1 7.4 6.7 6.9 7.5 7.9 7.9 7.9 7.7 7.2 6.7 5.8 2.2 2.2 2.2 8.1 9.1 9.8 9.7 9.8 9.7 9.6 9.5 9.4 9.3 9.4 9.7 9.7 9.7 9.7 9.7 9.7 9.7 9.7 9.8 10 10.2 10.3 10.5 10.2 9.9 9.4 9.2 10.4 9.6 9.7 9.7 9.6 9.7 9.9 10.1 10.4 10.3 9.7 8.7 7.5 6 6.8 8.5 6 5.9 5.8 5.3 5.8 4.9 6.1 6.7 6.3 6 5.6 6.1 8.5
12.4 11.6 10.8 10.9 11.1 11 9.4 9.2 9.1 9.2 9.3 9.3 9.4 9.6 9.7 9.5 9.5 9.4 9.3 9.1 9 9.6 9.3 8.9 9.2 8.7 8.7 8.6 8.1 7.7 7.2 6.7 6.1 6.3 2.3 7.5 8.4 9.3 9.7 9.6 9.5 9.4 9.3 9.2 9.2 9.4 9.3 9.6 9.7 9.7 9.7 9.7 9.7 9.7 9.8 9.9 10.1 10.3 10.3 10 9.7 9.4 11.2 9.8 9.7 9.6 9.6 9.7 9.4 9.6 9.8 10.1 10 9.4 8.8 7.2 5.7 7.2 8.4 7.2 6 5.1 5.2 5.6 7.6 5.8 4.5 6.4 6.1 6 7.6 9.3
13.8 13.2 13.3 13.2 13 13.2 11.5 9.2 9.2 9.3 9.3 9.4 9.4 9.5 9.6 9.5 9.4 9.3 9.2 9.1 9 9.2 9.6 10.6 10.1 9.5 9.4 8.6 8.6 8.3 7.6 7.4 6.6 6.4 7.1 2.3 8 8.3 8.5 8.8 9 9.2 9.1 9 9.1 8.8 8.7 8.9 9.3 9.8 9.7 9.7 9.7 9.7 9.7 9.9 10 10.2 10.1 9.8 9.6 9.3 11.3 9.7 9.7 9.7 9.6 9.6 9.7 9.3 9.5 9.8 9.6 9.1 8.5 7.3 6 7.4 6.7 6 5.1 4.7 5.1 6 5.6 8.9 6.2 3.2 5.5 9.3 8.7 9.4
14.1 13.7 13.7 13.4 13 12.6 12 9 9.1 9.2 9.3 9.4 9.5 9.6 9.5 9.4 9.3 9.2 9.1 9 8.9 9.1 9.4 9.8 10.2 10.4 9.9 9.2 9 8.8 8.3 8.1 7 6.7 6.9 2.1 7 7.2 7.4 7.6 7.9 8.1 8.3 8.5 8.3 8 8.1 8.3 8.7 9.1 9.5 9.8 9.8 9.7 9.7 9.8 10 10.1 9.9 9.6 9.4 9.3 10 9.7 9.6 9.6 9.7 9.7 9.7 9.4 9 9.5 9.3 9.2 8.6 8.3 6.7 6.4 5.8 5.5 8.5 8.1 6.3 5.4 5.1 5.8 5.8 0.2 10.1 10 8.8 9.3
14.4 14.1 13.9 13.5 13.1 12.7 12.3 9.6 8.9 9 9.1 9.2 9.3 9.5 9.2 9 8.9 8.8 8.7 8.6 8.6 8.8 9 9.2 9.5 9.7 10.4 9.7 9.6 9.3 9 8.8 7.8 7.1 6.5 2.4 6.4 6.3 6.3 6.5 6.7 6.9 6.8 7.3 7.5 7.3 7.5 7.7 8 8.4 8.8 9.2 9.7 9.8 9.8 9.8 9.9 10 9.7 9.5 9.5 10.6 9.8 9.7 9.6 9.5 9.5 9.6 9.3 8.9 8.5 9 9.5 9.7 9.9 9.8 9.1 6.2 5.9 6.6 7.4 0.2 6.3 6 5.6 6.2 0.2 0.2 10.3 9.5 8.6 9.2
14.7 14.4 14 13.5 13.1 12.6 11.9 10.6 8.7 8.8 8.9 9.1 9.3 9.5 8.9 8.7 8.6 8.5 8.4 8.3 8.4 8.6 8.8 9 9.2 9.6 10 9.9 10.2 10 9.7 9.5 8.5 6.9 6.4 6.3 2.3 6 5.7 5.6 5.5 5.3 5.5 6.1 6.4 6.7 6.9 7.1 7.3 7.8 8.2 8.6 9 9.4 9.8 9.8 9.8 9.8 9.6 9.6 9.4 10.9 9.9 9.7 9.4 9.5 9.3 9 8.8 8.4 8 8.7 10.5 10.8 10.8 10.7 10.5 0.2 0.2 0.2 3.3 0.2 0.2 6.4 6.4 0.2 0.2 8.1 9.4 8.8 8.5 8.9
14.7 14.6 13.9 13.4 13 12.5 11.5 10.2 8.7 8.6 8.9 9.1 9.3 9.3 8.7 8.3 8.2 8.1 8 8 8.1 8.3 8.5 8.7 9 9.6 9.5 9.5 9.9 10.2 10.4 9.8 7.1 7.6 7.4 7.3 2.1 4.7 4.8 5 4 2.3 2.2 2.2 7 6.6 6.3 6.5 6.7 7.1 7.5 7.9 8.3 8.7 9.1 9.6 9.8 9.7 9.8 10.1 9.6 10.5 9.7 9.8 12.1 9.6 9 8.5 8.2 7.9 7.6 9.3 10.9 10.8 10.6 10.5 10.4 0.2 5 0.2 5.4 6.7 0.2 0.2 0.2 0.2 0.2 9.8 8.2 8.2 8.4 8.7
14.7 14.6 14.4 13.4 12.9 12.4 11.1 9.7 8.8 8.7 8.9 9.1 9.3 9.1 8.6 8 7.8 7.7 7.6 7.7 7.9 8.1 8.3 8.5 8.8 9.1 9.1 9.2 9.5 9.6 9.9 9.6 8.9 9 8.8 8.1 6.7 4.5 2.8 3.9 7.7 7.1 6.6 5.9 2.2 6.9 6 5.9 6.1 6.4 6.8 7.3 7.7 8.1 8.5 8.9 9.9 9.5 9.8 9.7 10.1 14.5 15.6 10.1 9.3 9 8.6 8 7.6 7.3 7.7 10.5 10.6 10.6 10.5 10.2 9.7 0.2 6.1 6.6 7.4 8.5 8.8 0.2 0.2 0.2 9.9 9.7 10.4 8.5 8.3 9.4
14.8 14.6 14.5 14.2 13.2 12 10.4 9.3 9.2 9 8.8 8.7 8.6 8.5 8.4 7.8 7.4 7.3 7.3 7.5 7.6 7.8 8 8.3 8.7 8.7 8.7 8.9 9.1 9.2 9.2 8.6 9.4 10.2 9.7 8.3 8.1 8.6 8.8 8.9 8.1 7.6 7 6.3 5.3 2.2 6.2 5.3 5.5 5.8 6.2 6.6 7 7.5 8.2 8.9 8.6 8.9 9.5 9.5 9.9 9.3 9.5 9.2 8.8 8.4 8 7.5 7.1 7.9 9 9 8.6 9.7 9.7 9.7 9.7 0.2 5.4 6.2 6.9 7.6 8.9 9.6 0.2 9.7 9.6 9.6 9.8 11.2 8.4 8.8
14.8 14.7 14.5 14.4 13.1 11.4 9.8 9.6 9.4 9.2 9 8.8 8.3 7.8 7.6 7.6 7.1 6.9 7.1 7.2 7.4 7.6 7.8 8.1 8.2 8.3 8.3 8.5 8.7 8.7 8 8.3 9.2 9.8 10 9.4 9 9.1 9.4 9.1 8.4 8 7.4 6.7 5.9 2.4 2.2 5.5 4.9 5.1 5.5 6.1 6.7 7.4 8 7.9 7.7 8.2 8.9 9.4 10.3 9 8.6 8.3 8 7.7 7.4 7.1 8.6 8.9 8.8 7.5 6.7 7.3 8.5 8.8 8.7 0.2 0.2 5.6 6.3 6.9 6.9 9.2 10 9.6 9.5 9.5 9.5 9 8.1 9.1
14.8 14.7 14.7 14.3 12.6 10.6 9.9 9.7 9.5 9.3 9.1 8.9 8.7 8.3 7.8 7.4 6.9 6.7 6.8 7 7.2 7.3 7.5 7.9 7.9 7.9 8 8.2 8.3 8 8 8.2 9 9.6 9.7 9.5 9.7 9.5 9.8 9.3 8.8 8.3 7.9 7.1 6.9 5.1 2.4 2.7 2.8 2.5 2.2 5.6 6.3 6.8 7 7 7 7.5 8.2 8.9 10.3 8.8 8.6 8.3 8 7.7 7.3 7.1 8.1 7.3 6.8 5.5 0.2 0.2 0.2 3.3 0.2 0.2 0.2 0.2 5.8 6.5 7.2 7.7 9.4 9.6 9.4 9.3 11.1 9.3 9.8 9.3
15 15 15.1 13.9 11.6 10.5 10 9.8 9.6 9.4 9.2 9 8.8 8.6 8.3 7.9 7.4 6.9 6.6 6.8 6.9 7.1 7.3 7.5 7.5 7.6 7.6 7.8 7.8 7.6 7.9 8.2 8.8 9.4 9.3 9.4 9.5 9.8 10.1 9.6 9.2 8.7 8.2 8.4 6.8 4.6 2.8 2.9 2.8 2.5 2.1 2.3 2.4 3.4 5.9 6 6.2 6.8 8.7 8.6 10.2 8.5 8.6 8.3 8 7.7 7.4 7.2 7.6 6.3 0.2 0.2 0.2 0.2 0.2 0.2 0.2 0.2 0.2 0.2 0.2 5.9 6.9 9.2 9.7 10 9.5 9.8 9.4 9.8 9.2 9.7
12.8 14.3 15 12.6 11 10.6 10.1 9.9 9.7 9.5 9.4 9.2 9 8.8 8.6 8.4 7.9 7.4 7 6.7 6.7 6.8 7 7.1 7.1 7.2 7.2 7.4 7.3 7.5 7.8 8.1 8.7 9.1 9 9.2 9.4 9.5 9.6 10 9.6 9.2 8.4 8.8 7.5 5 2.8 5.3 5.5 5.9 5.9 3.6 2.6 3 3.5 4.3 5.7 8.4 8.5 8.6 8.9 8.5 8.4 8.4 8 7.7 7.6 7.4 0.2 0.2 0.2 0.2 0.2 0.2 0.2 5.1 0.2 0.2 0.2 0.2 0.2 0.2 4.6 8.2 8.7 10.2 9.5 9.7 9.2 9.6 8.7 9.4
10.3 11.5 12.3 11.6 11.1 10.7 10.2 10 9.8 9.7 9.5 9.3 9.1 8.9 8.7 8.5 8.3 7.9 7.5 7.2 6.9 6.6 6.7 6.7 6.8 6.8 6.9 6.9 7.2 7.5 7.8 8 8.5 8.7 8.8 9 9.1 9.3 9.4 9.9 9.6 8.9 8.9 8.7 8.5 5 2.8 6.1 6.5 7 7.4 6.5 6.4 6.3 3.3 3.4 5.5 8.3 8.6 8.8 8.5 8.5 8.5 8.2 8.1 7.8 7.9 0.2 0.2 0.2 0.2 0.2 0.2 5.4 6.1 6.2 6.3 6.5 0.2 0.2 0.2 0.2 4.1 5.8 6.4 10.4 10.7 10.1 9.6 8.8 8.9 8.4
