STL Generation/terr50_gagg_gb/data/NS94.asc
ncols 200
nrows 200
xllcorner 290000
yllcorner 640000
cellsize 50
[rows 0 to 34 of 200, columns 0 to 77 of 200]
263 264.4 265.5 266.3 267 267.7 269.3 271.2 273 274.4 275.2 274.7 273.8 272.2 270.1 267.1 264.4 261.1 258.9 257 255.4 254 253.1 252.4 251.6 250.9 250.8 250.6 249.4 248.8 248.2 247.9 247.1 245.9 243.7 241.9 241.9 241.6 242.2 242.4 242.8 243.4 243.5 243.9 244.5 244.4 245.7 246 245.8 244 242.8 239.6 236.3 231.1 227.4 224.4 224.2 223.9 223.5 221.8 220.1 219.8 217.8 216 215.1 213.9 213.6 213.4 213.3 213.1 212.9 212.9 212.9 212.9 213.1 215.3 219.5 226.9
265.2 266.1 267.2 268.6 269.3 270.4 272.5 274.6 276.2 277.3 277.6 276.7 276 273.8 271 267.6 264.2 260.8 258.4 256.3 254.7 253.4 252.4 251.7 251.2 250.6 250.7 249.9 248.2 247.3 246.7 246.8 245.9 245 243 241.2 240.3 241 241.7 241.8 241.9 242 242.4 243.7 244.6 244.5 245.5 246 245.4 244.2 243.1 239.8 236 232.5 229.3 226.6 224 224.2 224.9 223.3 221.1 219.9 217.5 215.3 215 214.4 213.9 213.8 213.6 213.4 213.2 213 212.9 212.9 213 214.6 218.1 224.8
268 268.5 269.2 270.8 271.6 273.5 275.7 277.7 279.2 280.3 279.9 279.1 277.5 275.1 270.9 267 263.5 260.2 258.1 256.1 254.5 252.9 251.9 251.4 250.9 250.4 249.5 248.4 247.3 245.8 245.2 245.5 244.7 243.9 242.6 240.8 240.1 240.4 240.8 240.3 240.6 240.9 242.2 243.6 244.7 246 245 245.8 244.9 243.7 242.6 240 236.2 232.9 229.6 227.2 226 225.6 226.1 224.4 220.7 218.6 217.8 216.3 215.5 215.9 214.9 214.7 214 213.7 213.5 213.3 213.1 213 213 213.7 217.3 223.4
270.7 270.8 271.5 272.8 274.4 276.6 278.8 280.8 282.3 283.3 282.4 281 278.8 275.5 271.3 266.9 262.5 259.4 257.2 255.5 254 252.3 251.1 250.8 250.2 249.7 248.3 247.1 245.9 244.6 244.2 244.4 243.4 242.4 241.8 240.6 240.3 240.8 239.3 239 239 240.2 241.7 243.1 244.2 245.1 244.3 245.2 243.9 242.8 241.6 239.7 236.4 233.1 229.8 228.3 227.1 225.8 225.9 225.2 220.9 219.4 218.6 218.2 217.6 218.2 216.9 215.6 214.8 214.1 213.8 213.6 213.5 213.3 213.6 213.9 216 221.2
272.8 273.6 274.2 275.5 277.4 280.1 282.4 284.4 285.4 286.2 284.5 281.9 279.9 276 271.4 266.9 261.7 258.5 256 254.3 253 251.7 250.1 250 250.2 248.6 247 246 244.7 243.9 244.1 243.4 241.9 240.4 240.2 239 239.1 239.6 239.5 239.6 239.3 240.9 240.9 239.7 241.4 242.9 243 243.1 242.3 241.3 241 240.2 236.4 233.1 230.4 229 227.7 226.6 225.6 224.6 221.2 219.1 217.5 216.5 218.8 220.1 219 217.4 216 215.6 214.4 214 213.9 213.7 214 214.5 215.9 218.6
274.9 276.1 277 278.6 281.4 284.2 286.3 287.6 288.3 287.8 285.4 282.1 279.4 275.4 270.6 265.8 260.8 257.6 254.8 253.3 252 250.7 249.4 249.2 249.1 247.5 245.9 244.7 243.9 243.9 244 242.9 241.4 240.2 240.3 239 239.2 238.3 237.6 238.1 238.6 239.5 239.7 239 240.1 241.8 241.3 241.1 241 240 241.1 241.1 236.5 233.2 230.8 229.3 227.9 226.7 225.5 223.1 219.8 218.2 216.6 216 217.7 219.6 218.2 216.8 216 215.9 215.4 214.2 214.1 213.9 214.4 215 216.2 218.1
277.8 279 280.4 282.6 285.6 288.2 289.7 290.9 290.4 289.5 286.2 282.9 278.5 274.3 269.2 264.4 259.8 256.7 253.7 252.4 251.2 250.1 249.2 248.1 247.5 246.5 244.8 243.9 243.9 244 243.3 242.3 241.5 240.9 240.2 240.9 239.5 236.6 235.8 236.3 236.8 237.6 237.1 237.1 238 240.3 239.6 239.1 240.6 240.3 239.5 239.8 236 233.6 231.3 229.6 228.2 226.8 225.4 222.7 220 218.5 216.9 215.9 216.7 216.9 216.9 215.8 215.6 215.1 214.9 214.2 213.5 213.3 213.5 214.9 215.9 217.1
280.2 282.4 284.2 286.7 289.7 291.9 293 294.1 292.8 290.7 287.3 282.9 278 273.1 267.7 262.9 259 255.7 252.6 251.8 250.7 249.4 248.4 247.7 246.9 246.1 245.7 243.9 244 244 243.4 242.7 242.2 241.5 241.1 240.9 237.8 235.4 235.3 235.7 236 235.3 234.9 234.3 235.7 237.8 237.1 237.5 238.1 238.5 238 237.3 236 234 231.7 229.8 228.4 227 225.4 222.3 219.9 218 216.1 214.3 213.9 214.3 214.2 214.7 216 214.2 214.5 214.2 213.6 213.2 213.7 214.9 216.2 217.1
283.2 285.5 287.6 290.1 293.3 295.3 296.2 296.5 294.7 291.4 286.9 281.4 276.6 271.5 266 261.8 257.4 254.3 252.2 251.2 249.8 248.6 247.9 247.7 246.9 246.5 246.4 245.9 245.2 244.4 243.8 243.4 242.8 242.3 241.2 239.9 237.2 234 235.2 236.1 236.1 234.7 234.2 233.2 234.3 235.3 235.1 236.1 236.2 236.7 235.6 234.6 235.8 234.4 232.1 230 228.4 226.8 224.4 221.7 219 217.1 215.1 213.9 214 214.2 213.9 213.9 213.9 214.5 214.1 214.3 213.9 213.4 213.6 214.5 216.1 216.5
287 288.5 290.7 293.9 296.9 298.8 299.5 298.4 295.7 291.8 286.1 280 274.7 269.1 264.4 260.3 256.3 253.5 251.6 250.1 248.8 248.4 248 247.7 247.2 246.9 246.7 246.7 246.3 245.8 245 244 243.5 242.1 240.7 239.4 236.9 234.8 235.1 234.7 234.2 233.8 233 232.7 233.2 233.7 234.7 235.2 234.5 235 234 233.6 233.8 232.3 230.9 229.2 227.7 226.1 223.7 221.2 218.7 216.3 214.3 214.5 215.2 216 215.7 213.9 213.9 216 215 214.5 214 213.6 214 214.4 214 216.2
289.3 291.6 294.5 297.8 300.5 302.4 302.1 300 296.1 291.5 284.4 278 272 267.1 263.5 259.5 256.1 253.3 251.1 249.3 249.1 248.8 248.6 248 247.8 247.4 247.5 247.5 247.2 246.5 245.7 244.9 243.8 242.5 241.2 239 237.3 235.4 235.5 236.1 232.2 231.4 231.8 231.6 231.6 231.7 233 233.4 233.1 233.7 232.9 232 230.8 230 230 228.3 226.8 225.3 222.6 220.9 219.1 216.5 215.7 216.2 216.4 216.1 216.2 215.3 215 216.3 216 214.2 214.4 214.1 214.1 214.3 214.6 214.9
292.6 295.5 298.5 302.3 304.7 305.6 303.9 300.6 296.9 290 282.6 275.2 270.4 266.1 261.7 258.8 256 252.9 250.6 250.4 250 249.4 248.8 248.3 248.4 248.4 248.7 248.3 248 247.2 246.4 245.5 244.5 242.8 240.5 239 237.2 236.2 236 235.1 230.4 230.6 230.6 230.1 230.3 230.1 231.3 231.8 231.8 232.2 231.8 231 229.8 228.8 228.1 226.9 226 224.1 220.4 219.1 219 217.3 217.6 217.6 217.4 217.1 216.9 216.7 216.8 216.8 216.4 215.7 214.3 214.1 214.1 214.1 214.3 215.6
296.2 299.2 302.8 306.8 308.9 307.7 303.7 299.8 295.4 287.6 280 274.1 269.7 265.3 260.4 257.4 254.7 251.8 250.1 249.9 250 249.7 249.1 248.6 249 249.5 249.9 249.1 248.7 247.9 247.1 246.1 244.7 242.7 240 239 238 237.1 235.6 232.9 229.3 230 229.1 228.4 228.9 229.3 229.3 230.3 229.7 230.5 230.3 229.6 228.3 227.2 226.2 225.9 224.7 222.4 219.7 219.2 219.1 219.2 219.7 219.2 218.7 218.1 217.8 217.8 217.5 217.2 216.9 215.7 214.3 214.2 214.4 214.2 214 213.9
299.9 303.6 308.5 311.4 311.3 309.1 304.1 298.4 292.6 286.3 279.1 273.4 268.9 263.9 259.1 256.1 253.1 250.9 250 249.1 249.2 249.3 249.1 249 249.6 250.3 250.9 250.7 249.9 248.7 247.1 245.6 244.4 243.1 241 239.9 239.4 236.6 233.1 230.3 229.2 229.1 228.3 227.6 228 228.1 228.6 228.5 228.7 228.5 228.2 227.6 226.9 224.9 226 226.2 223.3 221.3 219.6 219.3 219.2 219 221.1 219.8 220 219.3 218.5 218.1 217.6 217.7 217.2 216.3 214.6 214.5 214.2 214.1 213.9 213.9
304.4 309 312.4 313.4 312.4 308.9 302.7 295.9 289.2 284.2 278.8 272.7 267.6 262.5 258 254.6 251.6 249.4 249.1 248.9 248.9 248.9 250.7 250 250 250.2 250.9 251.1 249.9 248.3 246.7 245.1 243.9 243 241.8 240.4 239.3 235.9 232.1 229.2 227.7 227.8 227.6 226.9 227 227 227.2 226.8 227.1 226.8 225.6 225.1 224.7 224.3 226.2 225.3 222.7 219.8 219.3 219.2 219.1 219 219.6 221.1 221 219.3 217.5 216.8 217.2 217.5 216.8 215.8 215.7 213.9 213.9 213.9 214.1 214.1
309.4 314.5 315.4 314.5 311.6 306.7 299.2 293.1 287 280.8 275.7 271 266.4 261.2 257.2 253.6 250.3 249 249 248.9 248.9 249.4 250.7 251 250.7 250.4 250.5 250.4 249.3 247.6 246.3 245.2 244.3 243 241.7 240.5 238.1 234.7 230.7 227.9 226.6 225.9 226.1 226.1 225.9 225.9 225.6 225.1 225.6 224.6 223 221.9 221.4 222.9 223.9 221.6 220.9 219 219 219 219 219 219 221.1 219.1 218.1 216.7 216.2 217 217.6 216.3 215.2 214.3 214.1 213.9 213.9 214.1 214.1
313.8 316.3 316.4 313.7 309 302.1 296.2 291.3 285.6 278.5 273.8 269.3 264.7 260.1 256.2 252.7 249.4 248.9 248.9 248.9 249.4 250.1 251.1 252 251.8 251.3 250.4 249.9 249.1 247.9 246.8 245.7 244.3 243 241.7 240.2 236.5 233.5 229.7 227.1 224.7 225.6 224.9 225 225.4 225.9 225.8 224.5 223.5 222.6 220.5 219.5 220.4 221.8 221.1 219.9 219.9 219.7 219 219 219 219 219 219.4 216.6 215.5 215.1 215.3 217.3 217.6 216.8 215.4 214.7 215.4 214.6 214.6 213.4 212.8
317.4 317.2 315.7 310.7 304.3 298.1 293.4 287.8 282 276 270.9 266.2 262.2 258.5 254.8 252.1 249.4 248.9 248.9 249.8 250.6 251.3 252 252.8 252.7 251.8 250.9 250 249.2 248.1 247 245.9 244.8 242.9 241.6 239.9 236 232.4 228.9 226.6 224.8 224 224.5 225.2 226 226.2 225.9 222.6 221.3 220.3 219.2 219 219 219 219.3 221.1 219.1 219.6 219 219 219 219 219 219.5 215.3 214.1 214.2 215.4 217.4 217.6 217 216 216 216 216 215.4 214.1 212.7
316.7 315.5 312.1 306.8 301.4 296.2 291.2 284.1 278.5 272.6 267.7 264 260.3 256.6 255.1 252.9 250.6 249.8 250.3 251.5 252.3 253.2 253.9 254.5 253.5 252.6 251.8 250.6 249.4 248.3 247.2 246.1 245 243.5 241 238.2 236 231.3 228.4 226.4 224.7 224.2 226.1 226.2 226.2 226.2 222.9 220.4 219.1 219 219 219 219 219 219.3 219.4 219.3 219.3 219 219 219 220.7 220.9 220.5 215.4 213.9 215.3 215.7 217.7 217.6 216.7 216.2 216.2 216.1 216.1 216 215.1 213.7
315.4 312.6 308.5 303.2 297.8 292.8 287.8 280.7 274.8 269.4 265.8 262.2 258.4 255.4 254 253.2 251.7 251.9 252.6 253.6 254.4 255 255.9 255.7 254.6 253.4 252.2 250.9 250.2 248.5 247.4 246.3 244.9 243.6 241 238.1 235.2 231.5 228.2 225.5 224.2 224 226.1 225 224.5 223.2 220.6 219.3 219 219 219 219 219 219 219.1 219.2 219.2 219.1 219 219 220.1 220.8 221.1 221.1 216.7 213.9 215 217 217.8 217.5 216.5 216.5 216.4 216.3 216.3 216.3 215.8 215.2
311.8 309.6 305.1 299.9 293.5 289 283.1 277 271.5 267.5 264 260.4 256.8 254 254 253.2 253.2 253.6 254.6 255.7 255.5 255.8 256.1 256.1 254.6 253.4 252.2 251.2 250 248.8 247.4 245.8 244 242.6 240.1 237.2 234.2 231 228 224.9 224.1 224.2 224.2 224.9 223.2 221.3 219.8 219 219 219 219 219 219 220.3 219 219 219 221.1 219.5 219.8 221 221.1 221.1 221 216.9 215.1 216.7 218.2 217.8 217.5 216.8 216.7 216.6 216.6 216.5 216.5 216.1 215.5
308.7 306.2 300.5 296.7 290.6 284.6 278.7 273.3 268.3 265 262 258.6 255 254 254 254 254.3 255.1 256.1 256.7 256.2 255.7 255.6 255.8 254.6 253.7 252.7 251.6 250.2 248.9 247.5 246 244.2 241.5 239.2 236.2 233.3 230.3 228.7 225.7 225.2 225.7 226.2 226.2 223.2 220.3 219 219 219 219 219 219.6 221.1 220.7 220.3 220.2 220.6 221 221.1 221.1 221.1 221.1 221.1 220.7 219.8 218.6 219 218.3 217.8 217.3 217 217 216.9 216.8 216.7 216.7 216.3 215.8
304.6 301.5 296.3 292.2 285.9 280 275.1 269.8 265.5 262.1 259.1 256.3 254 254 254.6 255.6 255.8 256.6 257.6 257.3 256.9 256.4 255.9 255.4 254.1 254.3 253.3 251.9 250.4 249 247.7 246.2 244.4 241.9 238.6 235.6 232.6 229.8 229 229.6 228.8 225.8 226.2 223.9 220.9 219.1 219 219 219 219 219 220.6 220.1 220.4 220.8 221 221 221.4 220.9 221 221.1 221 219.7 219.9 220.9 219.9 219 218.6 217.8 217.3 217.3 217.2 217.1 217 216.9 216.8 216.6 216.1
300.5 296.3 292.1 286.3 280.8 276.4 271.9 266.3 263.2 260.2 258.6 256.4 255.8 256.3 257.3 257.6 257.9 258.1 258.5 258 257.5 257 256.7 256.4 255.6 255.2 253.4 252 250.6 249.2 247.8 246.3 245.3 241.8 238.3 235.3 232.4 230.2 229.8 230.4 229.8 225.5 224.6 222.3 219.8 219.1 219.1 219 219 219 220.6 220.1 220.3 221.2 221.5 221.8 222 221.7 221.4 220.7 220.8 220.6 219 219.4 221.1 218.9 218.5 218 217.7 217.5 217.4 217.3 217.2 217.1 217 216.9 216.6 216.4
294.7 290.7 287.1 281.2 276.4 272 267.6 263.8 261.5 258.9 258 257.7 258.3 259 259.3 259.5 259.6 259.9 259.1 258.7 258.2 257.8 257.9 257.4 256.6 255.8 254 251.9 250.3 249 247.5 246.1 244.6 241.7 238.2 235.1 232.8 230.5 230.6 230.8 229.5 226.2 223.7 221.6 219.5 219 219 219 219 220.6 220.5 220.2 221.1 222 222.3 222.4 222.2 222 221.7 221.1 220.4 220.3 219.3 220.8 221.1 218.8 218.1 218.1 217.9 217.6 217.5 217.4 217.3 217.2 217 216.9 216.7 216.2
289.4 284.4 280.4 275.5 272.6 268.4 264.3 262.1 260.1 258.9 258.5 259 259.9 260.8 260.8 260.9 261.1 260.7 260.2 259.3 258.9 258.8 259.3 258.4 256.9 255.5 254 252.1 250.3 249.2 247.5 245.5 243.9 241 238.1 235.3 233.1 231.4 231.6 231.4 231 226.6 223.5 221.6 219.7 219 219 219 219.4 220 220.3 221.3 222 222.7 222.8 222.7 222.4 222.2 222 221.6 220.7 220.3 221 220.9 219.5 218.7 218.5 218.4 218.1 217.8 217.6 217.5 217.4 217.2 217.1 216.9 216.8 216.3
283.5 278.2 273.7 270.1 268.2 265.2 263.2 261.6 259.7 259.9 260 260.4 261.1 262 262.2 262.2 261.9 261.6 261 260.5 260 260.1 260.3 258.7 257.2 255.3 254.2 252.6 250.8 249.8 248.3 245.4 243.3 241 239 236.4 234.2 232.4 232.3 231.9 231.3 226.3 224.3 222.3 220.7 221.1 219 219 220.1 220.8 221.4 222.3 223 223.2 223.1 223 222.7 222.4 222.2 221.8 221 219.5 220.7 220.3 220.9 219.9 218.8 218.6 218.3 217.9 217.6 217.5 217.4 217.3 217.1 216.9 216.8 215.5
277.8 274 269.6 267 265.1 263.6 262.3 262.1 262.1 261.9 262.1 262.4 262.8 263.2 263.5 263.3 263 262.6 262.3 261.8 261.3 260.4 261 259 257 255.1 253.9 253 251.6 250.5 248.5 246 243 241.1 239.1 237.2 235.5 233.5 232.7 231.6 230.3 225.3 223.8 222.2 220.6 220.6 219.3 219.8 220.8 221.9 222.2 223.1 223.3 223.6 223.5 223.3 223 222.6 222.2 221.6 221 220.3 219.7 219.1 219.5 219.7 218.7 218.8 218.5 218.1 217.8 217.6 217.4 217.2 216.9 216.7 216.1 214.7
273 269.7 267.1 265.5 263.9 263.4 263.5 263.8 263.7 263.5 264.4 264.7 265.1 265.3 264.8 264.3 264 263.4 263.6 263.1 262.9 261.3 260.6 258.9 257 255.2 254.1 253.2 252.1 251 249.9 247.5 244 241.1 239.2 237.4 235.7 233.8 231.8 230.5 228 224.7 223.5 222 220.6 220 219 220.5 221.4 222.4 223.8 223.7 223.7 224 223.6 223.4 223.1 222.6 221.9 221.2 220.5 219.8 219.2 218.6 218.8 219.5 218.7 218.7 218.7 218.5 218.2 217.4 217 216.7 216.4 216.1 215.5 215.1
269.2 267.7 266.6 265.3 264 263.8 263.7 264.6 265.1 264.6 266.1 267.1 267.4 267.4 266.8 265.9 265.2 264.6 264.5 265.1 263.4 261.5 259.8 258.9 257 255.9 254.8 253.7 252.5 251.4 250.6 249.1 245 242.1 239.3 237.5 235.5 233.5 231.5 229.6 226.6 224.4 223 221.7 220.6 219.4 219.5 220.2 221.5 223.5 224 224.7 224.2 224 223.6 223.4 222.9 222.2 221.5 220.8 220.1 218.8 218 218.1 218.4 218.7 218.7 218.8 218.7 218.6 218.8 217.9 217 216.6 216.1 215.9 215.7 215.2
269 267 266.1 265.1 264 263.9 264.6 265 267.1 268 268.3 269.2 269.4 269.3 268.7 267.9 267.8 267.5 266.3 266 263.4 261.6 259.8 258.6 257.9 256.9 256.1 254.7 253.4 252.2 250.7 250.2 244.9 242.3 239.4 238.1 235.8 233.4 231.3 229.2 226.4 224.2 222.9 221.6 221.1 220.2 220 221.1 222.8 223.7 224.3 225.9 225.7 224.3 223.6 223.3 222.6 221.9 221.1 220.4 219.3 217.9 216.9 217.4 217.7 218.1 218.6 218.8 219.7 219.7 221.1 218.4 216.6 216.2 215.7 215.9 216 215.6
269.1 267.3 265.6 264.3 264.7 265.1 266.4 267.4 269.5 270.1 270.4 271.2 271.8 271 271.1 269.3 269.4 271.1 268.1 265.3 263.8 262 260.1 258.9 259.1 258.5 257.1 255.7 254.4 252.6 251.1 249 244.9 241.9 239.8 239.5 237.2 235.1 231.3 228.6 226.3 224.2 222.9 221.9 221.3 221.2 221.1 221.8 223.3 225 226 226 225.8 224.7 223.8 223.1 222.3 221.5 220.7 219.7 218.3 216.9 215.7 216.7 217 217.5 218 219.3 220.5 221.1 219.1 216.9 213.9 214.7 215.7 215.9 216 215.6
269.5 267.7 266.9 266 266.5 268.1 268.6 269.6 272.1 273.1 273.1 273.9 274.1 272.7 270.7 269 270.1 271.1 269.1 265.8 264.2 262.4 260.6 260.3 260.4 259.5 258.1 256.7 253.9 252.1 250.1 247.3 244.2 242.3 241.1 240.5 237.7 234.9 230.8 228 225.5 224 223 222 221.7 221.6 222.1 222.8 223.4 225.1 226.1 226.1 224.9 223.6 222.6 221.8 221.5 220.8 219.8 218.1 216.8 215.5 214.3 215.9 216.4 216.9 217.4 219.2 220.6 219.3 216.1 214.7 214.5 214.4 215.2 215.3 215.3 215
269.9 268.8 268.3 268.2 268.7 269.8 271 272.8 275.2 275.5 274 275 276.2 274.5 272.2 270.9 270.2 270.9 268.8 266.8 264.6 262.5 261.9 261.6 261.3 260.3 259.1 257.2 254.4 251.2 249.1 246.6 244.3 242.5 240.7 238.9 236.3 233.7 230.6 228.1 225.3 223.9 223 222.5 222.2 222.6 222.9 223.5 223.7 225.9 226.1 226.2 224.4 222.5 220.9 220 220.3 219.5 218 216 215.6 214.5 214 214.1 215.5 216.2 217.2 217.7 217.9 216.1 213.9 213.7 213.6 213.8 214.3 214.3 214.4 214.3
270 269.1 269 269.7 269.9 271.9 274.1 276.4 277.2 277 277.1 276.7 275.9 275.2 274.3 273 271.9 270.3 269.7 267.3 264.8 263.5 263.1 262.9 261.9 260.9 259.9 257.2 254.2 250.6 248.5 246.6 244.3 242.6 240.7 238.4 235.7 233.2 230.3 227.9 225.5 224.1 223.7 223.1 223.1 223.5 223.8 224.2 225.3 226 226.2 225.9 223.8 221.8 220 218.8 218.8 217.9 216.4 214.7 214.4 214.3 214 214.3 214.5 214.6 215 215.2 215.1 214.5 213.4 212.7 212.7 213.2 213.6 213.6 213.6 213.4
