STL Generation/terr50_gagg_gb/data/NT06.asc
ncols 200
nrows 200
xllcorner 300000
yllcorner 660000
cellsize 50
[rows 140 to 174 of 200, columns 0 to 78 of 200]
191.7 192.2 191.4 189.1 179 174.9 180.3 179.2 180.5 183 184.8 185.1 185.3 186 185.5 183.1 180.6 171.9 163.8 164.6 171.1 174.5 174.1 175.5 176.4 176.7 177.1 177.8 178.8 179.1 178.9 178.9 178.9 178.5 177.7 179.4 179 179 179.8 182.1 182.7 183.1 183 182.1 182 182 181.8 181.1 179.7 179.6 180.1 180.9 181.6 179.3 176 182 186.1 186.8 186.6 186.8 187.2 187.7 188.3 188.5 188.7 189 189.2 190 190.7 191.5 192.4 194.6 196.2 197.8 197.7 198.3 199.5 200.9 201.3
187.6 187.9 184.8 182.5 175 181 180 179.3 180.3 181.8 183.3 184.8 186 186.6 186.6 184.4 180.7 170.1 164 168.6 172 175.1 175.7 177.2 178 178.4 179 179.5 179.6 179.7 179.2 179.1 179.5 181 179 179.7 179.7 181.1 184.3 185.6 186 185.3 183.8 183.2 183.2 183 182.8 182.2 181.4 181.8 182.5 183.3 185.4 180.1 179 185.1 187.5 188.1 188.1 188.2 188.3 189 189.6 190 190.3 190.7 190.9 191.2 192 192.8 193.7 194.7 197.5 198.9 200.1 199.2 201.3 203 203
180 180 177.8 179.8 180.1 179 179 179 180.7 181.9 183.3 184.8 186.1 187.1 187.3 184.2 177.4 165.7 164.4 171.7 174.9 176 177 178.4 178.8 179.2 179.2 179.2 179.3 179.4 179.6 179.3 180 181.9 183.3 184.6 185.5 185.7 185.8 186 186 186 184.2 184.1 183.9 183.6 183.5 183.6 183.1 184 184.5 185.3 185.7 179.3 179.3 186 188.2 188.9 189.8 189.5 189.3 189.4 190.9 191 191.3 191.7 192.1 192.6 193.1 194.1 194.9 198.5 200.3 200.7 200.5 200.4 202.4 204.4 204.5
178 178.4 179.3 179.6 179.3 179 179 179 179.4 181.9 183.3 184.9 186 187.2 187.2 180.7 171.1 167.8 171.4 174.2 176.8 177.3 178.2 179.2 179.7 179 179.1 179.1 179.1 179.1 179.9 180.5 181.5 183.4 185.7 185.5 186 185.9 186 184.5 184.7 184.4 184 184.1 184.1 184 184.5 184.7 185.3 186.2 186 186.6 183.5 179.5 184.3 187 188.6 189.3 189.3 190.8 190.6 190.5 191.1 192 192.3 192.9 193.5 194.4 195.2 197.4 200.2 201.4 202.7 203.2 202.5 203.3 204.7 205.3 205.4
177.2 178 178.9 179.9 179.1 179 179 179 181 182.8 183.6 185.3 186.2 187.5 186.1 173.1 172.5 173.8 175.7 177.8 178.4 178.7 179.4 181 180.9 179 179 179.1 179.1 179.1 181.5 182 182.7 183.7 185.1 186 186.4 186 184.1 184.4 184 184.1 184.1 184 184.8 185.5 186.5 187 187.7 188.5 186.8 185.3 178.9 179.2 186.8 189.1 189.7 190.3 190.6 191.1 191.8 192.2 192.6 193.1 193.7 194.4 195 197.4 198.2 200.7 202.5 203.7 204.9 206 204.2 204.5 206 206 206
177.9 178.1 179.1 179.6 179 179 179 179.2 182.4 183.8 184.5 186.1 186.6 185.7 178.2 170.5 175.7 177.9 178.6 180.6 180.2 180.6 180.9 181 181 179 179 179 179.1 181 183 183.7 184.2 184.5 184.9 186.5 187 186 185 185.2 185.4 185.7 186.1 186.9 187.7 188 188.7 189.4 190.1 190.3 189.9 186.4 178.9 182.5 188.8 190.8 191.1 190.9 192 192.8 193.1 193.5 194.5 195.1 194.6 197 199.4 200.4 201.1 202.6 204.3 205.4 205.8 204.9 204.6 205.6 205.8 206 205.9
177 177.2 178.1 181.2 186 183.9 183.3 183.9 186.1 186 185.9 186 184.5 178.9 170 171.5 179.7 180.1 180.9 181.9 181.9 181.8 180.7 180.9 180.6 179 179 179 179.2 181.7 184.9 185.1 185.6 185.8 186 187.3 187.7 187.6 186.7 186.3 187.2 188.2 188.5 189.5 190.2 190.2 190.1 190.6 191.9 191.5 190.3 187.8 179 182.4 189.6 190.9 191.4 191.7 192.9 193.9 194 195.3 197.3 197.8 197.2 200.1 201.1 201.7 202.5 204.3 204.7 206 205.1 204.5 204.9 205.3 205.7 206 205.3
179.3 178.8 183.3 180.9 179.3 179.4 179 179 179.6 179.6 179.3 181.5 178.9 173.2 169 179.7 180.9 181.5 182.3 183.1 183.2 183.3 182 179.7 180.6 180.1 180.7 181.6 180.6 184 185.6 186.5 187.1 187.8 187.1 188.4 188.4 188.4 187.7 187.2 188 189.1 190.2 191 191.4 191.7 191.8 192.7 193.4 193.3 191.7 191 179.3 182.6 190.8 190.2 190.3 193.8 194.9 194 194.2 197.2 200.3 200.4 199.8 202 202.9 203.5 203.9 204.5 205.5 206.6 206.3 205.6 205.9 206.3 206.3 205.3 205.2
181.2 181.2 184.8 179.1 179.5 179.5 179 180 180.8 180.6 180 181 175.9 172.2 175.9 180.6 182.2 182.8 183.5 183.6 183.6 183.9 184.3 184.5 185.4 184.4 184.8 185.1 184.3 185.8 187 187.8 188.5 189.3 188.8 189.3 189.3 189.3 188.8 188.3 189.4 189.7 190.7 191.8 192.7 193 193.1 193.8 194.9 195 191.6 188.3 181.1 179.5 184.8 185.3 189.4 195.9 196 194.3 195.5 198.4 199.1 201.2 201.8 204.3 204.8 205.2 206.1 207.3 207.4 208 207.8 207.1 206.9 207.3 207.9 207 207.1
185.5 184.5 184.4 180.3 180.1 180 180 180.7 181 180.9 178.3 176.8 174.2 177 180.5 181.7 183.1 184 184 184.1 184.1 184.4 184.4 185.2 184.7 185.6 184.8 184.1 184.9 186.9 188.5 189.2 190 190.8 191 190.5 191.2 191.3 190.6 189.8 190.2 190.8 192 192.9 193.8 193.8 194 195 196 194.8 184 184 183.2 189.4 190.8 190.4 192.6 195.6 195.9 196.8 198.5 199.4 200.4 202.5 203.7 206.4 207 207.5 209.1 210.3 208.8 209.6 209.5 208.6 207.9 208.5 209.5 209.2 209.2
187.2 184.6 184.2 181.6 180.5 180.2 180.2 180.2 180.6 181 177.5 174 180.5 179.7 180.6 181.6 182.7 184.1 184.3 184.4 184.5 185.1 186 185.6 184.6 184 184.7 185.6 186.4 188.4 190.1 191.1 191.8 192.5 193.3 193.8 193.6 193.5 193.1 192.3 192.2 192.6 193.4 194.4 195.3 195.3 194.3 196 195.2 185.3 184 190.2 190.9 192.3 193.4 194.2 195.1 194.3 194.1 199.8 201.8 203.2 203.8 204.1 205.8 208.2 209.7 210.2 210.7 211.5 210.5 211.2 211.1 210.3 209.4 209.6 210.4 210.9 210.9
184.6 185.1 184.4 182.2 181.7 181.1 181.1 180.9 180.7 180.4 174.2 177.5 180.7 180.8 181.3 182 182.7 183.6 184.2 184.5 184.3 185.9 186 186 184.3 185.1 186.2 187.4 188.4 190.5 191.8 192.8 194.1 195 195.7 196.1 194.3 195.1 194.8 194.7 193.9 194.2 195.5 194.6 195.9 196 196 193 186.8 183.9 185.4 193 193.5 194.8 195.3 195.8 195.7 194.5 196.9 201.5 203 204.9 205.8 204.6 207.9 211.4 210.9 210.1 211.2 212.3 212.4 212.9 212.7 212.1 211.6 210.9 211.2 211.7 210.7
185.9 185.6 184.7 183 182.6 182.1 182 181.8 179.9 176.9 178.7 180.6 181.2 181.8 182.3 182.8 183.5 184.2 185.2 184.9 185.1 185.4 185.3 185.5 185.6 186.7 187.2 188.7 190.5 193 193.6 194.6 196.2 195.9 196.3 196.7 195.8 195.9 196.1 195.8 194.9 195 196.9 197.3 198.4 195.9 191.8 185.5 189.2 193.2 195.4 196 196.8 197.7 198.8 198.7 196 195.9 202.2 204.5 205.5 205.7 206.5 207.6 210 209.9 210.5 211.2 212.3 213.3 214.6 214.9 214.7 214.4 213.9 212.7 212.7 212.9 212.7
185.3 186 184.9 183.9 183.5 183.1 183 182.4 180.2 175.9 180.3 180.5 180.8 182.1 183.4 184.1 184.5 185.3 185.4 185.5 185.8 186.5 186.9 186.9 187.4 188.3 188.1 189.1 192.3 194.6 196.3 197 198.1 197.8 197.5 197.2 197 197.3 197.7 197.4 196.8 196.7 198.4 199.2 201 190 188.7 189.4 194.5 196.2 198 198.7 200.3 200.8 200 200.6 196.9 202.4 206 206.8 207.1 207.1 208 209.4 210.6 211.7 212.3 212.4 213.4 214.8 216.8 217.7 216.5 215.4 215.7 215 214.1 213.7 214.2
186.1 184.5 184.1 184.6 184.2 184.1 184.6 181.6 179 179.9 179.1 179.3 180.6 181.9 183.5 184.8 185.5 185.6 185.9 186.1 186.5 187.2 188 188.5 189.3 189.7 189.5 190.5 194.2 196.5 198.3 200.4 200.4 199.9 198.8 198.2 198.2 198.6 199.1 199.2 199 198.9 199.3 198.6 195.7 189.1 192.4 196.6 197.4 198 199.8 200.3 201 201.4 201.8 201.9 199.1 202.7 205.9 207.3 208 208.7 210.3 211.9 212.6 213.6 214.2 213.7 214.7 216.7 220.3 220.7 219.3 217.2 215.5 214.9 214.1 215.5 216
186.3 185.1 185.3 184.8 184.7 185.8 185.4 181.3 179.1 181 181 180.1 181.2 182.6 184.1 184.7 185 185.7 186.3 186.8 187.2 188 188.8 189.6 190.8 190.7 190.7 192.4 196.2 198.4 199.7 201 199.1 199.3 199 198.9 199.3 200 201.4 200.7 200.3 199.9 199.1 198.5 195.1 189.2 196.1 199.4 199.8 200.7 201.7 202.3 203 203.4 203.5 206.2 202.1 203.4 205.8 207.5 208.9 210.3 212.2 214.9 215.4 215.1 215.1 214.5 215.4 218.5 220.4 220.5 219.5 217.6 216.4 214.6 215.4 215.8 216
187.2 186.3 185.8 186 186 186 184.7 181.2 179 180.8 180.3 181.2 182.5 184 184.7 185.1 185.7 186.3 186.9 187.5 188.1 189.1 190 189.4 192.2 193.3 194.1 197.5 200 200.4 200.6 201 199.1 199.1 199.2 200.2 201.3 204.9 204.2 202.4 200.5 199.4 199.3 199.4 193.2 189.1 197.4 201.5 201.7 202 202.6 203.2 204 205.2 204.8 205.8 206 204.6 207.1 208.8 210.6 212.9 215 216 214.5 216 216 214.5 215.4 217 218.4 218.1 217.4 217.8 217.2 218 217.4 215.9 216
187 185.4 186 186 186 186 183.9 181.6 179.5 180.2 181.8 182.9 183.7 184.7 185.8 186.3 186.8 187.4 188 189.1 189.7 189.5 192.2 194.7 195.2 196 197.8 200 201.4 201.5 201.2 199.8 199.7 199.7 201.2 203.8 205.6 206 204.6 202.7 200.7 199.6 200.3 200.4 192.7 189.2 200 202.8 202.5 203 203.6 204.2 204.7 205.9 205.7 205.8 204.6 206.4 209 211.2 213.1 214.9 215.8 214.9 215.5 215.6 215 215.3 215.9 216.6 217.7 216.6 217 218.8 218.3 219.4 218.7 215 212.8
186.8 185 185.7 185.5 184.6 184.1 183.8 181.5 180.4 180.3 182 183.4 184 184.7 186.5 187.6 188.1 188.5 189.7 190.5 191.4 190.6 195.1 196.8 197.9 198.7 201.3 202.5 202.9 203.5 202.3 201.2 201.4 202.7 205.7 205.7 204.6 204.1 204.5 203.2 200.8 201 200.7 195.3 189.7 192.4 201.9 202.9 203.6 204.2 205.6 206.9 206.1 205.1 204.6 204.7 206.3 209.5 211.9 213.8 214.6 215.6 216.1 214.8 215.5 215.7 216 216.2 216.4 216.8 217.4 215.5 216.5 217.6 215 214.9 214.8 211 214.2
186.6 185.1 184.8 184.9 185.5 185.7 184.3 180.6 181 182 183.2 183.7 184.4 185.6 188.1 189 190.1 190.5 191.9 192.5 193.4 194.2 197.1 198.6 200.5 202.2 205.4 206.1 206 204.5 204 203.1 203.5 204.1 205.9 205.7 204.1 204.1 204.1 203.1 200.3 201 197 191.6 193.2 201 202.3 203.3 204.3 207.9 210 209.2 207.9 207 206.8 207.7 209.7 211 213.2 216.2 215.6 215.3 215.4 215.7 216.3 216.7 216.9 217.1 217.3 217.5 217.7 216.5 216.2 216.6 216.9 215.9 215.4 215.5 217.1
187.3 186.8 186.3 187.4 185.6 184.8 184 183.5 187 187.4 185.7 186.3 186.7 188.1 190.8 191.2 193.8 194.2 194.1 194.3 195.7 196.6 199.5 200.9 203.2 204.7 206.6 206.6 205.3 204.1 204.6 204.6 204.3 204.2 205.8 204.4 204.1 204.1 204.1 203.5 198.3 195.2 193.8 198.9 198.5 199.4 203.5 205.6 208.2 210 209.9 209.7 209.3 209.1 209.3 210.2 211 212.4 213.9 215.7 215.3 215 215.8 216.3 217.1 217.5 217.8 218 218.2 218.4 218.3 219.3 222.8 223.5 223 221.1 220.9 218.8 219.2
189.5 189.2 188.5 186 184.8 185 187.1 190.8 190.2 189.3 188.4 188.2 188.5 189.1 191.9 194 195.6 195.4 194.5 194.4 198.8 200.5 203 204.7 206.5 206.5 207.2 206.3 205.9 206.2 205.9 204.2 204.1 204.8 205.7 204.4 204.4 205.4 206 199.5 194.3 194.1 199.6 200.8 201.3 199.6 206 205.9 208.2 209.8 209.4 209.3 209.1 209.1 210.4 211.1 212 213.9 215.3 214.7 215 215.9 216.6 217.1 217.7 218.4 218.7 219 219.1 219.3 219.1 219.7 225.3 225.6 225.6 223.2 220.6 219.2 219.2
190.5 190 187.5 185.1 184.8 187 189.3 190.8 189.5 189.2 189.4 189.5 189.6 189.1 193 194.2 194.1 194.1 195.8 200.1 203.2 204.1 204.9 208.6 210 209.2 208.1 207.7 207.3 206.6 205.8 205.4 205.7 206 206 205.9 205.8 205.8 204.2 196.6 194.1 199.9 201 203 204 204 205.3 206.5 208.6 209.5 209.3 209.1 209.1 209.6 210.8 211.5 212.8 214.9 215.7 215.1 215.6 216.5 217.2 217.9 218.5 219 219.6 219.9 220.1 219.5 219 221 224.5 225.3 225.7 223.7 221.9 220.3 219.2
191.3 189.3 188 186.8 187.1 189.5 189.6 190.7 191.1 190.1 190.8 191.1 190.2 189.5 196 194.8 195.8 197.1 200 204.6 208 209.5 210.2 210.7 210.9 209.8 207.8 209.1 208.5 207.8 207.3 207.2 206.4 206 206 206 206 204.5 201.7 195.3 194.1 201 202.3 204.2 205.9 206.3 206.8 207.7 208.8 209.3 209.1 209.1 209.1 210.6 210.9 212 213.2 214.7 216 215.2 216.1 216.9 217.6 218 218.5 219.4 220.2 220.5 220.7 221 218.7 220.9 225.1 225.4 225.3 223.8 221.7 221 219.4
191.2 189.5 189.3 188.2 190 191.1 191.8 192.8 193 194.2 193.2 193.5 193.1 191.8 195.7 196.7 199.7 201.3 204.1 210 211.6 212.1 210.4 210.8 211 210.2 207.9 208.2 209.6 209.4 208.8 207.4 206.8 206.2 206 206 206 204.4 200.2 194.1 199.3 201.4 203.1 204.9 206.9 208.1 208.5 208.9 209.5 210.2 209.2 209.1 209.1 210.3 211.1 212.3 213.4 214.7 214.8 215.6 216.4 217.2 218 218.5 218.9 219.3 219.9 220.1 220.2 220.6 219.8 221 225.3 226 225.6 222.9 219.6 214.3 211.2
191 189.3 189.9 190.6 193.1 194.5 194.5 194.6 195.2 195.9 195.3 195.2 196.4 194.1 195.1 198.7 201.1 205.2 208.3 211.9 213.6 213.4 210.5 209.8 209.2 209.2 209.2 209.3 210.9 210 209.9 208.3 206.4 206 204.8 205.4 205.8 202.3 199 198.2 202.1 205.4 205.5 206.3 208.3 210.1 210 209.1 209.6 210.5 210.6 209.6 209.7 210.7 211.5 212.3 213.5 214.8 215.4 215.9 216.8 217.6 218.4 218.9 219.3 219.8 220.9 221.2 221 220.7 223.2 223.8 225.9 226 223.3 220.4 214.2 217.3 219.2
189.4 189.7 192.6 194.2 194.7 196 196 196 196.5 197.2 197.2 197.2 199.2 197 195.3 201.9 205.1 210.2 211.6 213 213.6 212.9 211 210.6 209.7 209.1 210 210.4 212.5 212.2 209.7 207.4 205.3 203.9 202 201.3 199.4 199.3 198.3 202.7 205.9 207.4 208.7 209 209.7 210.8 210.9 210.5 210.5 211.1 210.6 210.4 210.9 211.4 212.2 213.1 213.4 214.9 215.5 215.9 216.9 217.9 218.7 219.4 219.9 220.5 221.7 223 223 223.4 224 224.5 226.4 225.5 218.1 216.2 220.1 223.7 225.6
190.1 191.1 194.4 197.5 197.9 197.3 197.7 197.4 197.8 198.5 198.7 199.7 201.3 202 198.4 204.1 210 211 210.6 211.9 212.6 211 210.4 210.8 211 211 209.1 211.2 212 211.2 208.1 205.9 204 200.6 200.1 199.4 198.6 199 199.5 205.6 207.1 208.4 211 210.9 211.5 212 212.1 211.8 211.9 212 211.8 211.9 212.6 213 213.3 214 214 214.4 215.1 216.2 217.1 218.1 219 219.8 220.5 221.2 222.6 224.1 224.3 225.7 224.1 226 226 220.3 214.4 216.3 226.4 229.8 229.9
194.8 193.9 198.5 200 201 199.2 199.4 199.7 199 199.7 201.4 205.6 205.5 206.1 202.9 201.6 209.2 211 210.7 210.5 210.3 210.4 210.5 210.7 211 210.8 210.3 211 211 209.6 206.6 204.3 203.2 200.2 200.5 199.2 198.9 203.9 204.9 205.4 208.2 209.6 210.9 212.1 212.7 213.2 213.3 213.3 213.4 213.4 213.4 213.6 214.4 214.6 214.8 214.3 214.4 214.6 214.1 216.7 217.8 218.7 219.6 219.5 220.6 222.4 223.8 224.8 225 225.2 223.4 226 223.9 215.2 215.7 222.7 230.1 230.5 231.4
197.7 196.6 199.3 201.4 200.1 200.2 202.3 206 205.5 205.6 203.3 207.1 210.7 210.3 208.7 204.4 204.3 210.8 210.9 210.3 210.8 210.6 210.6 210.7 211 210.6 210.9 210.7 204.7 205.1 205.1 204.4 207.8 210.6 205.6 200.1 199.2 205.7 207.9 209.5 210.2 211.7 212.5 213.3 213.5 214.5 214.6 214.7 214.4 213.9 214.8 214.6 215.6 215.8 215.9 215.4 215.1 215 214.1 216.4 218.5 219.9 220.6 219.4 222.9 224.9 225.5 225.4 225.6 225.5 222.9 219.3 218.1 216.8 223.9 231.3 236.6 235.4 234.1
200.1 199.5 201.1 202.9 202.6 205.5 205.8 206.7 210.4 210.9 209.9 208.7 210.6 210.4 210.8 209.8 204.1 205.8 209.2 209.8 211 210.8 210.8 210.8 211 210.2 210.5 205.6 204 204.1 204.7 208.9 210.7 211 205.6 199.9 199.1 206.4 209.9 213 213.6 213.9 214.4 214.4 214.4 215.5 215.8 215.4 214.9 214.8 215.4 215.6 215.9 216.6 216.7 216.3 216 216.8 216.1 217.5 219.6 221.3 222.5 223.4 225.8 226 226 226 225.9 225.5 218.6 219.1 220.3 222 229.8 237 240.7 235.5 234.2
202.4 202.2 203.8 205.9 207.6 208.4 208.9 210.6 212 213.6 213.9 213.3 210.4 209.2 209.3 208.1 203.8 205.6 209.6 210.5 209.9 211 210.9 210.9 211 209.1 209.2 210.1 211.9 210.7 211.4 212.5 212.4 210.9 203.5 199 205.6 210.5 212.8 215.9 215.6 215.7 215.1 214.4 214.3 215.1 216.3 215.9 216 215.9 216.3 216.6 216.7 217.2 217.5 217.1 217.5 217.7 218.1 219 220.7 223.1 224.8 225.8 225.9 226 226 226 226 220.2 219 225.1 228.5 229.3 231.6 238.7 240 235.1 235.1
205.5 205.1 206.9 210.1 211.1 211.2 211.2 214.1 215 215.6 215.4 215.2 214.8 214 210.5 208 210.4 214.7 213.5 216.1 214.5 212.3 209.1 210.1 209.3 212.4 216.2 218.6 217.3 215.4 213.7 212 211.7 204 200.1 206.1 213.4 214.1 215.9 216.7 217.3 216.9 216.5 216.4 216.4 216.6 216.8 216.7 216.6 216.5 217 217.6 217.7 217.8 218.3 217.9 219 218.9 219.5 220.6 222.9 225.2 225.8 225.8 225.9 226 226 226 224.2 220.8 223.7 229.7 231.4 229.8 234.2 241 240.5 236.1 234.1
208.6 210.2 207.2 212 212.9 213.7 215.1 216.3 216.7 216.9 216 215.3 215.9 216 211.9 209.6 214.8 217.3 218.8 220.9 218.7 215.7 211.9 211.7 217.2 220.4 220.8 218.3 215.6 215.1 212.7 210.2 205.2 199.1 207.3 211.4 213.7 216.1 218.1 218.5 218.4 218 218.1 218.3 218.6 219 218.2 217.3 217.2 217.1 217.7 218.4 218.7 218.8 218.9 219.2 220.5 220.2 221.1 222.7 224.9 225.6 225.6 225.6 225.5 225.6 224.7 224.1 224.6 223.1 219.8 231 233.1 233.3 236.8 240.7 238.3 235.8 234.3
211.9 210.9 209.1 214.2 215.2 216 216.4 217.4 217.7 217.9 216.8 215.3 215.2 214.5 214.1 215 218.4 220.5 221.3 221.5 219.7 218.1 216.9 218.3 220.7 220.9 218.9 215.4 214.3 213.4 211.2 206.9 200.8 207.8 210.9 215.2 215.9 217.1 219.1 218.8 218.7 219.1 219.1 219.2 220.2 220.2 219.2 218.5 217.7 217.7 218.3 219.1 219.7 219.9 219.4 220.5 222.6 223.1 223.3 224.5 225.9 225.7 225.4 225.3 225.7 224.1 225.7 226.6 227.4 228.2 224.3 229.4 233.7 238.1 240.9 239.3 235.1 234.2 235.1
