STL Generation/terr50_gagg_gb/data/NT54.asc
ncols 200
nrows 200
xllcorner 350000
yllcorner 640000
cellsize 50
[rows 140 to 174 of 200, columns 78 to 155 of 200]
231.7 227.8 225.2 222.1 218.6 215.9 212.5 210.1 207 204.1 200.8 197.6 195.1 192.3 191.6 190.8 191.8 192 191 189.6 187.9 186.6 184.6 182.5 179.3 175.7 173 170.3 166.9 162.9 159.1 155.7 151.9 147.6 143.2 138.7 137.2 128.7 128.1 126.4 127.5 128.7 141.7 147.1 152.5 160.5 167.2 173.6 177.9 179.4 181.2 185.5 192.4 198.3 200.5 201.8 202.2 202.7 202.5 202.4 201.5 199.2 197.4 195.3 193.5 191.3 191.6 189.9 186.8 186.8 184.8 184.3 187.3 187.2 187.2 187.2 186.6 185.9
232.1 229.1 227 223.7 220.5 217.7 215.1 212.1 209.6 206.8 204.3 201.6 198.8 195.9 196.6 197 197.3 196.3 194.6 192.9 191.3 189.2 186.9 184.3 181.5 178.5 175.3 172.1 168.9 166 162.1 158 153.9 149.7 145.3 141.3 137.4 133.8 133 126.1 127.3 128.1 140.9 146.3 150.9 157.5 165.3 173.4 176.2 176.8 179.4 182 186.8 192.3 195.4 197.1 197.4 196.5 195.5 194.5 193.8 192.8 190.9 189.3 187.7 185.7 184.8 183.8 180.5 179.7 179.9 178.4 179.7 179.1 179.6 180.4 180.2 179.5
232.5 231.6 228.7 225.5 221.9 220 217.3 214.8 212.6 209.9 207.5 205.1 203.1 201.6 201.6 201.8 200.7 199.5 197.9 196.2 194.7 192.1 188.9 186.1 183.4 180.5 177.4 174 170.6 167.4 163.6 159.5 155.2 151.1 147.2 143.3 139.4 127.6 128.4 127.7 129.1 127 132.7 143.2 147.3 151.9 159 169.2 174.7 176.5 177.9 178.9 182.1 186.8 189.5 191.3 191.7 190.4 189.3 189.1 187.8 186.8 184.9 183.1 181.3 179.9 178.3 177.6 175.5 174.4 174.7 173.4 172 171.7 172.2 173.5 172.5 171.5
234.6 233.7 230.1 226.2 223.6 221.7 219.8 217.3 215.4 213.3 211.1 208.8 206.8 205.6 205.5 205.5 203.1 201.5 200.4 198.7 196.7 194.8 191 188.1 184.8 182.3 179.4 175.8 170.9 167.4 164.2 161 156.6 152.7 149.1 145.1 140.5 127.2 126.7 126.2 127 132.7 127.3 137.2 141.7 146.9 152.3 159.5 167 171.5 172.3 175.5 178.7 182 183.5 184.9 185.9 184.5 183.2 183.5 182.5 181.3 179.6 178.1 176.4 174.7 173.4 172.1 171 167.8 169.2 167.9 166.9 165.9 163.2 164.6 164.5 163.7
235.9 234.6 230.6 227.5 225.4 223.5 221.6 219.6 217.8 215.6 213.3 210.9 208.8 208.7 207.4 206 204.6 203.3 201.8 199.6 197.7 195.3 192.1 188.9 185.6 181.9 178.2 175.3 169.9 166.3 162.9 160.4 156.1 152.3 149.3 145.4 141.5 127.1 126.7 126.2 126.1 126.8 132.5 133.2 138 141.5 146.9 151.2 157.9 164.2 168.2 171 175.5 178 179.2 180 179.9 178.6 177.2 176.2 174.9 174.1 171.8 170.6 169.4 168.5 167.9 166.7 166.8 162.1 163.1 163.1 162 160.7 156.9 155.9 156.2 157.5
236.8 234.5 231.3 229.1 227.1 225.2 223.3 221.3 220 217.8 215.4 213 210.8 209.6 208.1 206.6 204.8 203.3 201.4 200.4 198.8 195.7 192.2 188.7 185.3 181.5 177.7 173.3 168.8 165 161.6 157.8 153.7 149.8 147.3 144.4 140.9 128.9 126.8 126.4 125.9 126 126.2 133.2 136 138.6 142 146.5 151 158.1 163.2 166.9 170.1 172.4 173.5 173.5 173.4 171 169.9 168.5 166.6 165.7 165.7 165 161.5 159.5 158 155.9 154.9 154.3 153.6 154.2 154.3 155.3 154.1 152.9 153.2 154.1
237.7 235 232.6 230.2 228.3 226.6 224.7 222.9 221.1 219.3 217.1 214.8 212.5 210.3 208.5 206.8 204.6 202.5 200.2 199.8 199 195.4 192.2 189.1 185.1 181.2 176.8 171.7 167 162.8 158.6 154.3 151.3 147.3 144.9 144 141.4 137.7 129.3 126.1 125.2 126.1 126.4 125.7 135.1 138.2 141.5 143.8 148.6 154.6 159.4 162.4 164.2 166.3 167.4 167.1 167.1 164.7 163 161.5 160.2 158.4 156.7 155.8 154 153.7 152.3 148.6 146.7 147.9 147.9 150.5 151 153.3 154.5 151.4 151.9 153.5
237.7 235.1 232.3 229.7 227.7 226.3 224.5 222.7 220.8 218.8 216.4 214.1 211.7 209.4 207.6 205.8 203 200.8 198.4 197.2 195.3 193.5 190.4 186.6 184.3 180.4 176 170.4 164.9 159.8 154.9 150.5 147.5 144.7 143.1 143.9 143.7 140.2 139.1 127.9 125.5 126 126.3 125.4 133 138.6 142.2 143.5 146.1 150.5 155.4 157 158.8 160.7 163.3 165.3 165.5 159.9 157.2 155.1 154 148.7 151.7 149.5 149.8 148.4 146.3 143.8 144.8 144.7 145.7 149.1 150.2 152.4 153 150.6 154.4 154.9
236.6 233.9 231.2 229.1 227.1 225.3 223.4 221.6 219 216.9 215.1 212.6 210.1 207.6 205.1 202.7 200.3 197.8 195.7 193.5 191.7 189.5 186.3 182.5 181.5 177.5 172.1 167.1 162.3 156.7 151.4 148.9 146 143.4 141.7 141.3 140.9 139 137.6 136.3 125.9 125.5 125.7 125.3 126.6 138.5 141.7 143.1 144 147.1 151.1 154 155.8 158.1 159 159.8 159.3 156.6 154.1 152 146.5 147.1 149.4 149.4 147.3 143.3 141.9 143 143.2 148.6 149.1 146.2 147.4 148.5 149.8 152 153.9 155.4
234.7 232.1 229.4 227.4 225.4 223.2 221.1 219 216.6 214.7 212.2 209.6 207.1 204.5 201.8 199.6 197.2 194.9 192.2 189.8 187.7 185 181.6 179.2 177.2 172.4 167.3 163.7 157.8 153.4 150 147.2 144.7 142.6 140.9 139.5 138.5 136.8 135.2 132.7 131 125.3 125.1 125 124.4 133.4 138.6 141.3 143.3 144.2 146.8 150.2 153.3 154 154.1 154.3 153.2 152.2 149.4 149.4 144.5 145.2 148.9 148.6 145.4 141 140.7 144.5 146.3 148.3 150.1 150.6 150.8 150.7 152.4 154 155.2 156.1
232.9 229.5 226.8 224.5 222.4 220.1 218 215.3 212.6 210.3 208.4 206.6 204 201.3 198.6 196.3 194.1 191.7 189 186.2 183.4 180.7 178.4 175.5 171.8 167.3 163.6 160.3 154.1 151.7 149.1 147.1 144.2 143.2 141.3 140.1 139.6 139.1 135.7 132.3 128.1 128.1 124.1 124.1 124.5 132.3 134.9 137.4 140.8 143.3 143.7 146 146.7 147.8 148.6 149.4 148.5 147.1 144.8 142.7 143 145.6 145.4 142.6 139.4 145.5 146.3 147.3 149.3 152 153.9 153.8 153.2 154.8 156.2 155.8 157.6 158.3
231.3 228.1 224.4 221.6 219.3 216.9 214.2 211.5 208.8 207 205.1 203 200.9 198.2 195.5 193.1 191.6 189 186.2 183.3 180.1 177.1 174.1 171.8 168.9 163.5 159.8 159.8 159.2 156.3 153 150.4 148 146.4 144.7 143.1 141.9 141.7 138.3 134.8 130.8 128.6 124 124 123.6 131.5 132.1 134.1 136.7 138.1 140.2 142.2 141.4 143.8 143.8 143.3 144.1 143.8 141 140.2 141.7 142 139 139.3 146.6 147.8 149.2 151.5 155.6 159.6 158.9 158.4 158.8 159.6 160.8 162.1 161.9 161.6
230.5 227.1 223.3 219.6 216.6 214.1 211.3 208.4 205.2 203.2 200.9 199.3 197.4 195 192 190.1 188.5 185.1 182.4 180.5 176.4 174.4 172.5 170.1 169.9 167.4 166.4 165.4 163.2 160 156.3 153.4 151.4 149.8 148.2 146.1 144.7 142 139 135.8 132.5 129 124.2 124 122.7 135.9 132.1 131.6 131.3 132.1 134.6 136.5 137 138 140.6 141.1 140.7 139.4 139.9 137 138.6 137.3 141.1 145.6 148.5 150.8 153.2 159.1 164.4 165.9 164.3 165.2 165.6 166 167.8 169.2 168.1 168.3
230 226.1 222.2 218.4 214.8 211.2 208.5 205 202 199 196.3 193.8 192.9 190.3 187.5 185.1 183.9 180.7 178.9 177.4 174.4 174.4 174.8 173.4 173.5 172.2 170.5 168.2 165.9 163.7 160.9 157.1 154.5 152.3 151.7 148.1 145 142.4 139.9 136.7 133.3 129.4 124.3 124.4 123.1 134.4 131.1 130.3 129.8 132.5 132.4 133.4 132.8 133.7 136 137.6 135.4 132.8 137 139 140.2 142 146.1 148.9 151.7 154.6 160.7 166.8 169.6 170.4 170.2 169.6 170.6 171.5 172.5 174.3 173.1 168.9
228.7 224.9 221.1 217.3 213.8 210.2 206.9 203.2 200.1 197.6 194.8 192.2 189.9 187.8 186 182.3 180 178.7 176.1 174.6 177.8 180.4 179.2 178.6 177.1 175.5 173.4 171.1 168.8 167 164.6 161 158.4 155.7 153 148.1 144.5 142.1 139.9 136.7 132.8 130 123.5 124 123.1 130.8 129.2 128.8 128.6 128.6 129.7 129.1 129.1 129.5 130.2 131.1 134.8 142.8 145.2 146.3 147.6 149.6 151.5 153.9 156.4 159.7 166.9 172.2 174 174.5 174.7 174.9 175.9 176.8 177.7 178.7 178.8 173.4
227.3 223.5 219.9 216.3 212.7 209.1 206.3 202.2 198.8 196.8 193.7 190.7 188.4 186.5 184.6 182.9 183.3 182.6 180.2 179.3 181 182.6 182.6 180.5 179 178.1 176.4 174.1 171.8 170.4 168 164.9 162 158.4 154.3 149.7 144.9 141.5 138.3 136.6 133.6 130.5 124.7 123.6 123.2 123.9 127.2 129.5 127.5 127.3 127.1 127.9 129.7 135 139 143.2 147 150.1 151 151.9 153.7 156.6 159.3 163.9 165.3 168.5 173.2 177.9 180.1 179.6 178.3 178.6 179.9 181 182 183 183.6 179.7
226 222.3 218.7 215.1 211.6 208 202.2 196.4 195.3 195.5 192.2 189 187.6 185.7 185.8 186.1 186.8 187.5 187.3 186.3 184.1 184.7 185.2 183.1 181.2 180.3 178.6 176.9 174.7 172.9 170.4 167.5 164.6 161.1 157.1 152.1 146.1 141.5 137.8 136.2 133.6 130.5 123.3 123.1 123.2 123.8 124.6 131 126.4 126.1 127.8 130.3 136 141.1 143.9 147.3 150.9 154.2 157.9 159.2 161.3 164.3 165.2 169.3 173.1 176.3 178.9 183 184.8 185.8 184.8 185 185.1 185.7 186.3 186.9 186.9 185.6
224.7 220.9 217.7 214.3 210.3 206.4 197.8 199.9 195.8 194.1 189.6 187.5 187.4 188.7 189.9 190.3 190.8 191.3 190.9 190.7 189.5 187.6 186 185.7 183.9 182.5 180.8 179 177.3 174.9 172.1 169.2 166.4 162.8 158.5 153.2 147.2 141.5 137.3 135.6 133.4 128.8 121.8 122.9 122.9 123.2 123.6 124.9 125.2 125.2 126.5 134.3 145.3 147.1 148.3 151.4 155.2 160.1 165.1 166.7 167.3 170.1 172 176.1 180.4 181.9 185 188.1 189.2 190.4 190.7 188.8 188.5 189.1 189.7 190.3 190.3 186.6
223.6 220.3 216.9 213.5 210.9 209 199.1 199.1 199.5 198.1 196.9 194.4 192.5 193.4 193.8 193.9 194.3 194.8 194.1 193.6 192.3 190.2 188.1 186.1 185.6 184.3 182 179.7 177.5 175.7 173.6 170.9 167.5 163.7 159.4 154.2 147.6 141.4 137.3 135.5 134.2 128.6 121.2 121.7 122.1 122.7 123.3 123.9 131.2 123.9 132.4 146.9 149.9 152.8 154.6 155.8 161.2 166.3 169.9 172.6 173.5 175.8 180.1 183.2 183.7 185.6 188.7 192.3 193.5 193.7 193.7 192.3 191.9 192.3 192.7 193.1 192.6 189
221.1 218 213.9 210.8 209.9 210.5 200.9 201.3 203.1 202.4 201 199 197.8 197.6 197.6 197.6 197.9 198.1 197.2 196.3 194.4 192.3 190.2 188.1 186.4 186 183.6 181.3 179 176.4 174.7 172 169 165.8 161.4 156.8 150.7 144.1 140.4 138.1 136.3 132.8 129.2 120.6 121.3 121.9 122.9 123.9 134.9 124.9 142.3 151.6 155.2 158.1 161.1 163.8 167.2 171.3 176.2 180.7 183.3 183.9 187.3 188.6 189.7 190.6 192.8 196 197.4 197.8 196.8 194.8 194.2 194.5 195 195.5 195.2 194.6
214.8 211.9 209 206.6 204.3 204.1 205.8 206.7 206.6 205.5 204.1 202.5 201.7 201.5 201.4 201.4 201.5 201.1 199.7 198.6 196.8 194.8 192.7 190.6 188.6 187.6 185.3 183.2 180.4 177.5 175.7 172.8 169.9 166.8 163.2 158.8 153.6 147.5 143.3 140.7 137.2 136 135.1 123 121.1 122.2 123.3 124 129.7 136 150 155.8 160.6 164.2 168.8 170.6 173.5 178.3 183.3 187.6 190.4 193 195.4 196.9 198.4 199 200.7 200.7 201.1 201.2 199.2 197.9 197.2 196.5 196.9 197.6 198.4 197.8
218.1 214.5 215.6 215.8 214.1 213.2 212 210.7 210 208.8 207.6 206.8 205.9 205.2 205 204.8 203.6 202.8 201.4 200.6 199.1 197.3 195.3 193.2 190.9 189.8 187.4 184.7 181.8 178.9 176.6 173.7 170.5 167 163.5 160 155.6 151.2 145.9 142.6 138.7 136.6 129.1 121.6 122 123.4 123.7 124 124.5 141.6 152.4 159.5 166.4 170.9 174.7 178.5 181.5 185.8 190.4 194.2 197.1 199.1 200.9 202.8 204.7 206 206.3 205.8 205.5 204.2 202.1 200.7 200.1 199.5 198.9 200.5 200.5 200.8
226.6 224.8 223.8 220.6 218.2 216.4 215.4 214.2 213 211.6 210.4 210 209.6 209.1 208.6 206.6 205.2 204.3 203.2 202.6 201.3 199.6 197.8 195.6 193 191.1 188.9 186 183.2 180.3 177.5 174.2 170.7 167.2 163.7 160.2 156.7 152.2 147.8 143.5 139.6 134.4 127.4 120.9 122.3 122.9 123.1 122.7 123.8 140.8 155.4 163.4 169.7 174.5 179.6 183.8 188 193.3 196.9 200.6 203.4 205.1 206.2 207.8 209.4 209.8 209.9 209 208.5 206.9 205.3 203.7 202.9 202.2 201.9 202.4 202.6 202.6
230 228.1 226.7 224.1 221 219.5 217.9 216.5 215.4 214.2 212.8 212.4 211.9 211.2 209.4 207.6 206.9 206 204.8 204.1 202.9 201.1 199.2 197.2 195 192.7 190.3 187.3 184.5 181.6 178.5 174.8 170.9 167.4 164.1 161 157.3 152.5 147.9 143.5 139.6 133.2 124.9 120.9 121.6 122.1 122.4 122 125.3 144.6 154.5 166 171.8 177.3 183.2 187.7 192.8 198.2 202.2 205.9 208 210.5 212 212.9 213.2 213.4 212.7 211.9 211.4 210 208.1 206.5 205 204.4 203.9 204.6 204.5 204.1
231.9 229.9 228.1 225.5 223.3 221.6 220 218.8 217.7 216.5 215.4 214.4 213.6 212 210.1 208.9 208.6 208 206.6 205.3 204.2 202.4 200.5 198.5 196.2 193.9 191.6 188.6 185.7 182.9 179.6 176.2 172.1 168.2 165 161.9 157.9 153.1 148.3 143.8 139.9 132.1 123.3 120.5 121 121.5 121.7 121.2 127.9 146.6 149.8 167.5 174.3 180.5 186 192 197.1 202.1 206.7 209.7 212.6 215.2 216.5 216.8 216.2 215.5 214.9 214.4 215.2 213 211.1 209.1 208.4 207.7 207.1 207.1 206.7 206.4
234 231.7 229.5 227.5 225.5 223.6 222.3 221 219.3 217.6 216.2 216 214.6 212.6 210.9 210.6 210.2 209.7 208.4 207 205.4 203.6 201.7 199.7 197.3 195 192.8 190 187 183.9 180.7 177.5 173.7 169.7 165.9 162.8 158.4 153.7 149.5 145.3 142 138.8 127.2 120.2 120.3 120.8 121.1 120.4 126.8 145.8 146.7 165.8 173.8 181.4 188.1 194.6 200.7 205.6 210.2 213.7 216.1 217.8 218.5 219.5 219.6 219 218.4 218 217.9 216.6 214.8 212.6 211.4 210.9 210.5 210 209.7 209.5
236.3 233.8 231.7 229.8 227.9 225.8 223.4 221.5 219.8 218.1 217.4 215.2 214.2 213.2 212.2 211.2 210.2 209.4 207.6 206.3 204.7 202.8 200.8 199.4 197.7 195.2 192.7 190.1 187.3 184.3 180.9 177.1 173.7 170.3 166.9 163.3 158.7 154.6 150.7 147 143.6 142 129.5 120.2 120.1 120.1 120.3 119.9 122.6 140.9 145.2 164.3 172.7 180.5 188.5 196.7 203.3 208.6 213.6 216.8 218.5 220.7 221.7 222.5 223.1 222.4 221.9 221.7 221.5 220.2 218.4 216.3 215 214 213.5 213 213 214.2
239.5 236.9 234.4 232.5 230.6 227.8 225.2 223 220.8 218.6 216.3 214.2 212.8 212 211.6 210.6 209.7 209 207.2 205.4 203.8 201.9 200.1 198.5 196.4 194.1 191.8 189.3 186.6 183.5 180.2 176.4 173 169.6 165.9 162 157.7 153.8 150.1 146.4 144.7 142.4 141.2 124.4 120.2 120.1 120.1 119.8 119.6 134.6 145.2 161.7 171.1 180.4 188.2 196.3 205.1 210.5 215.2 218.6 221.2 223.5 225 225.8 226 225.9 225.6 225.4 225.1 224.9 223.5 220.3 218.4 217.2 217 216.4 216.2 216.4
242.7 240 237.3 235.2 233.1 229.7 226.9 224.8 222.5 220.1 217.3 215.2 213.6 211.9 210.7 210 209.4 208.6 206.5 204.2 202.6 201 199.2 197.3 195.2 192.9 190.5 188.2 185.8 182.6 179.3 175.8 172.2 168.4 164.5 160.7 156.8 153 149.7 146.7 144.3 142.1 140.7 138.5 126.7 120 120 119.9 119.4 130.1 145.1 158.2 169 178.6 189.2 196.7 204.8 211.4 216.7 220.5 224 226.8 228.4 229 229.1 229.4 229.2 228.9 228.6 228.4 227.2 225.6 224.1 220.9 220.7 219.5 219.5 218.9
244.6 242.2 239.8 237.6 235 231.7 228.7 226.4 224 221.6 218.8 216.2 214.4 212.3 210.2 208.6 207.9 206.7 204.3 202.5 200.5 199.2 197.8 196.1 194 191.6 189.2 186.5 183.5 180.9 177.7 174.5 170.6 166.8 162.9 159 156.3 154 150.7 147.1 144.7 142.2 140 139.1 135.8 129.5 120.2 119.9 119.4 127.3 146.3 152.9 164.2 174.1 185.2 193.1 200.3 207.4 215.2 220.9 225.5 228.6 230.8 231.4 231.9 232.4 232.4 232.3 232.1 231.7 230.1 230.1 228.8 226.7 224.9 224.4 224 223.7
246.2 243.8 241.4 239.4 236.4 233.3 230.2 227.8 225.4 223 218.8 215.8 213 210.8 208.5 206.4 205.5 204.5 202.6 200.9 198.7 197 195.3 194.3 192.4 189.7 187 184 181 178.8 175.9 172.5 168.9 165 161.1 158.3 156.3 154.5 152.2 149 145.7 143 139.3 137.9 136.7 135.3 127.4 119.8 119.3 130.7 146.8 152 161.3 168.8 177.8 187.1 194.7 202.5 211.1 219.3 225.5 230.6 232.9 234.2 234.8 235.3 235.4 235.3 235.3 235.5 234.1 232.9 232.2 230.3 229.4 228.8 228 227.7
247.8 245.4 243.2 240.5 237.6 234.6 231.6 229.2 226.4 221.7 217.8 215.2 212.1 209.3 206.5 204.4 204.1 204 201.7 199.2 197 194.7 192.8 190.1 188.3 187.2 184.5 181.5 178.5 176.3 174 170.6 166.9 163.2 160.6 158.3 156.4 154.4 152.2 149.8 146.9 143.8 139.3 135.8 134 128.2 121.6 120.4 119.5 132.9 151.4 158.2 164.2 168.8 175 182 188.6 196.8 208.5 218.1 227 232.5 234.8 236.2 237.7 238.7 238 237.8 239.2 237.8 236.5 236.2 235.2 233.9 233.4 232.8 232.1 231.5
249.7 247.4 245.2 241.9 239 236.1 233.1 230.6 227 222.7 219.3 216.2 213.3 211.1 208.7 207 206.6 204.5 202.4 200.2 198.4 196.4 194.1 191.7 188.5 183.7 178.2 171.6 170.8 172.4 170.8 168.3 163.8 162 160 157.9 156 154.5 153.7 150.7 147.3 143.8 138.9 133.6 128.8 122.8 121.1 121.2 119.3 139.1 158.4 165.1 169.7 173.7 176.8 181.8 189.3 199.2 208.4 220.2 228.7 234.4 238.1 239.8 241 241.2 241.1 241 241 240 238.8 237.5 237.1 236.1 235.4 235 233.8 234.8
252.1 249.8 247.8 245.5 242.1 238.8 235.4 232.1 228.8 225.7 222.7 219.7 216.6 214.5 211.8 209.6 207.7 205.6 203.5 201.4 199.8 197.7 195 192.2 189.4 186.3 183.2 179 174.9 165.7 165.2 163.2 161.5 160.1 158.9 157.2 155.3 154.4 152.5 150 147.3 143.5 139 133 124.8 120.6 119.6 119.9 120 143.2 164.7 175.1 180.1 183.8 186.4 187.8 193.2 200.4 211.2 225.1 232.4 236.9 239.9 241.2 241.4 241.5 241.2 241 241 241 241 239.9 239.1 238.1 237.4 236.6 236.4 236.5
254.5 252.4 250.4 248.1 245.7 242.3 238.9 235.7 233.5 230.9 228.2 224.4 220.6 218.1 215.4 211.9 209.1 206.9 204.7 202.6 201.2 198.4 195.5 192.7 189.7 186.5 183.4 178.2 173.8 169.3 162.8 159.9 159.3 158.3 156.6 154.6 153.1 151.4 149.6 147.8 145.3 141.7 138.3 131.2 121.3 119.7 118.3 118.4 125.3 146.3 170.2 182.1 191.1 195.5 200.6 201.5 204.2 209 216.5 228.8 234 239 241.1 241.6 241.9 241.6 241.1 241 241 241 241 241 240.9 240 239 238 238.1 238.5
