STL Generation/terr50_gagg_gb/data/NT71.asc
ncols 200
nrows 200
xllcorner 370000
yllcorner 610000
cellsize 50
[rows 70 to 104 of 200, columns 78 to 155 of 200]
282.4 278.2 274.6 272.1 268.2 260.8 253.4 245.8 245.8 249.4 253.7 257.1 260.1 262.9 263.5 263.7 264 265.8 268.5 269.7 275.9 283.5 290.5 297.3 303.3 308.9 311.9 313 312.2 309 305.1 301.2 297 291.4 288 288 288.9 290.4 290.8 290.4 289.8 289.1 288.6 287.8 286.9 283.8 283.4 282.8 282.6 283.3 286.3 287.6 286.6 286.1 282.5 280.4 276.8 261.1 242.5 224.2 208.5 195.2 180.7 177.8 189.1 201.7 218.7 237.1 248.1 258.8 271.9 285.2 292.3 300.1 303.5 306 305 302.8
280.2 280.2 278.8 278.1 274 268.5 260.1 251.6 249.4 254.1 258.1 261.1 264.2 266.7 266.7 266.7 267 268.7 272.7 276.2 279.9 286.9 293.6 301.3 307.4 312.5 315.5 317.2 316.1 312.5 308.6 305 300.7 295.4 292.5 291.9 293.6 295.5 295.7 295.2 293.5 292.1 291.3 290.7 290 287.4 286.3 283.3 282.6 283 284.9 284 282.5 279.6 274 271.4 270.5 258.4 237.8 222.1 206.2 192.3 177.8 176.6 189.1 203.4 219.3 235.7 246.2 255.8 268.2 283.2 295 308 309.3 308.3 305.5 305.4
282 284.3 283.4 283 279 274.3 264.6 255.8 254.6 258.8 262.3 265.5 268.3 270.5 270.5 270.5 270.3 272.7 277.1 280.5 284.5 290.7 297.7 305.3 311.8 317 320.4 321.6 319.8 316 312.1 308.7 304.2 300.2 297.3 296.1 297.8 299.4 299.5 298.3 296.9 295.3 292 291.2 291.4 288.7 285.8 282.6 281.9 282.4 283.7 281.5 278.7 272.9 263.6 261.2 260.4 255.6 237.5 222 205.5 189.5 179 177.1 188 204.5 216.1 233.3 247 259.6 272.5 285.2 298.3 303.1 307 309.3 309.5 305.1
284.9 286.5 287.7 286.5 284.2 277.6 266.7 259.3 258.9 262.9 266.9 269.8 272 274.3 274.2 274 273.8 275.6 281.5 284.8 288.6 295.2 301.4 308.6 315.7 320.5 323.3 323.5 321.3 318.2 315 311.7 307.9 304.4 301 300.5 301.5 302.4 302 301.3 299.6 297.3 294.6 292 291.7 287.9 284.6 282.6 280.4 279 278.1 275.9 274.7 263.6 252.6 246.9 245.8 242.8 232.7 220.3 204.4 189.5 178.6 177.6 192.7 205.3 218.7 233.2 249.9 267 282.4 294.1 298.1 300.1 308.4 311.5 312.8 311
286.6 287.6 288.7 287.9 284.8 277.1 267.9 262.6 263.1 267 270.9 273.8 276.1 277.4 277.9 278 278.2 278.8 284.9 290 293.7 299.6 305.3 312.4 319.8 324.2 326.3 325.2 323.1 319.8 316.5 314.5 311.3 308.6 306.4 305.3 304.5 304.4 304.2 304.7 302.4 299.4 296.5 294.9 291.9 288.4 287 284.4 279.4 268.5 268 266.8 268 257.9 244.2 235 232.1 231.9 222.7 212.9 201.5 184.2 178.5 179.3 195.6 206.8 220.3 233.6 250.2 275.9 282.9 284.7 292.3 304.1 306.1 312.6 315 314.5
288.6 288.5 289.6 288.6 284.4 275.9 270.7 266.5 268.2 271.4 274.4 277.4 280 280.8 282 282.7 282.5 282.4 289 294.9 298.9 303.3 309.4 315.7 323.6 326.9 328.4 326.9 324.4 321.1 318 315.2 313.1 311.3 309.1 306.3 305.4 305.8 306.3 306 303.5 299.8 298.1 296.3 292.7 288.6 286.9 284 274.8 255.7 254.6 248.4 251 245.8 236.5 225.6 220.7 219.5 213.8 205.4 194.5 180.1 180.2 185.6 197.8 209.1 221.9 234.4 249.3 268.7 272 276.6 291.1 306.8 311.1 312.3 314.3 311.6
291.1 293.2 289.9 287.9 282.8 277.1 272.9 270.7 271.2 275.5 280.1 283.8 285.3 285.1 286.2 286.4 286.1 285.8 292.6 299.1 304.8 307.7 313.1 319.1 325.5 330.4 330.3 328.3 325.5 322.2 318.4 316 314.2 312.4 310.3 308.7 306.5 305.3 304.8 305.4 302.9 298.7 295.9 293.7 288.8 281.6 280.6 276.8 265.4 245.9 237.9 235 229.9 227 222.7 216.8 209.9 207.6 202.8 197.5 180.8 181.1 184.4 188.3 199.8 211.3 221.3 231.7 245.3 255.3 261.8 270 286 304.4 308.9 309.3 309.4 304.3
292.5 295 290.2 286.4 281.7 277 273 272.7 274.7 277.5 284.7 288.1 289.6 289.6 289.2 288 288.8 289.3 295.5 304.1 310.2 312.2 316 321.3 328.8 333.4 331.6 329.1 326.4 322.6 318.7 316.6 314.8 312.9 312.1 310.6 308.3 306.8 303.9 302 299.1 291.8 284.2 276.6 270.7 260.8 260.7 256.4 247.1 233.5 227.5 222.6 219.2 215.3 210.3 207.6 202 197.5 194.3 189.6 180 179.8 186.4 189.9 199.8 209.9 217.4 226 233.2 238.4 245.9 258.6 269.2 290.2 301.3 303.2 304 296.3
289 291.2 288.6 283.1 280.2 276 273.7 273.8 276.1 279.3 288 290.9 293.4 292.9 290.8 290.5 291.7 293.3 298.1 306.9 314 314.8 316.7 324.7 331.6 332.5 331.8 329.1 325.7 322.7 319.2 317.2 315 313.1 310.4 310.4 309.1 307.9 306.1 302.9 295 282.2 265.7 247.7 248.5 242.9 244.1 239.8 233.3 226.5 220.1 215.7 211.7 207.1 204.6 202.1 197.6 191.3 188.1 182.9 179.6 179.1 187.7 190.1 197.8 205.5 213.4 219.8 223.1 226.2 234.4 243.8 256.8 273 289.1 290.2 285.8 279.4
281.9 290 286.2 278.6 276.1 274.3 273.4 274.7 277.8 281.8 289.4 293.3 295.8 294.4 290.7 291.6 292.4 294.2 300.1 310.4 316 315 317 326.2 330.9 331.4 330.1 327.4 324.8 321.8 318.9 317.5 315.4 311.6 307 306.3 306.8 306.1 305.4 302 295.6 285.7 263.5 244.6 232.8 228.2 225.1 223.5 221.7 217 212.6 208.7 205.1 203.7 199.5 196.3 191.1 186.9 183.9 180.8 179.6 179.5 184.5 190.2 193.7 200.4 208.2 213.2 216.1 219.1 224.5 233.1 246.1 261.2 268.6 267.2 267 267.4
276.4 282.8 278.2 272.5 269.6 268.3 271.2 274 278.1 283.5 289.3 294.5 295 294.2 290.3 290.1 291.2 292.7 300.6 310.6 310.8 314.1 318.3 325.4 329 330.3 328.5 325.8 323 319.9 316 313.7 312.3 306.5 303.6 302.1 304.5 302.9 300.6 298.3 294.2 287 269.1 249.4 236.2 229.3 224.3 220.6 217.3 214.9 212.5 210.8 208.4 209 206.7 198.6 193.1 187.4 181.7 180.6 180.3 179.4 187 192.6 200.1 205.6 207.5 207.4 210.2 214.4 218.6 225.6 235.6 244.3 248 249.8 258.4 266
270.4 273.8 267.4 262.1 258.8 262.2 268.4 274.1 279 283.7 285.2 291.2 293.1 291.5 288.9 285.9 287.4 290.5 300 305.5 306.1 309.8 315.7 321.8 326.4 327.4 326.5 324 321.1 316.9 311.8 307.5 303.5 298.2 297.9 298 300.1 297.6 294.1 294 292.5 289.3 284.3 266.4 253.5 242.9 235.1 229.6 226.6 225.6 221.8 220.4 219.7 219 216 206.2 196.9 189.6 181.2 181 180.9 182.1 190.1 194.9 202.5 211.5 213.9 211.9 214.5 218.3 222.2 225.8 228 233 240.5 250.5 264.2 279.9
262.9 263.4 255.4 249.5 250 258 266.2 273 276.9 282.3 282.6 285.5 289.2 288 285.6 283.5 281.6 290.5 299.3 300.8 301.2 304.3 312.6 318.1 322.1 324.1 323.3 322.4 318.8 313.1 306.2 301 296.1 291.3 290 291.7 291.8 289.4 284.1 285.1 286.1 287.1 286.1 280 268.8 259.9 251 244.6 240.7 235.7 236.8 233 229.9 230.9 225.7 215.9 204.9 192 181.1 181.2 181 188.3 193.1 197.9 205.3 217.9 221.1 218.7 222 226.7 232.1 240 242.7 240.2 251.4 264.3 279.7 294.2
251.2 250.9 242.8 239.7 243.1 254.1 263.9 269.4 274.4 277.4 279.4 281.1 284.6 283.6 279.1 278 280.2 287 294.3 294.2 295.5 299.2 307.5 314.4 318 320.6 320.2 320.6 319.5 314.7 303.6 295.1 290.3 285.6 282.7 282.5 282.3 278.5 274.6 275.8 280 280.9 281.2 279.7 277.3 274.3 271.6 264.1 259.6 254.9 252.7 250.2 246.8 244.3 235.3 225.6 214.2 198.9 186.8 181.1 181.3 191.7 195.4 201.2 210.1 222.6 229.9 227 229 232.7 240.1 246.7 249.9 253.8 266.4 278.2 288.4 298.4
238.6 235.2 231 232.9 238.6 245 254 261.2 267.6 272.1 275.5 276.3 275.8 274.1 272.3 272.5 276.6 283 287.5 288.2 291.2 295.5 304.1 310.6 315 317.7 318.3 318.7 317.9 309.1 298.3 290.4 285.5 281.1 277 274.7 272.7 270 266.6 265.6 269.7 272.5 274.7 273.6 274.1 273.9 271.9 269 264.4 258.2 257.2 259.5 258.1 252 240.4 231.8 221.8 208.5 192.4 182.4 181.6 195 199.1 205.4 214.6 225.9 234.2 232 233.2 238.8 238.4 241.9 246.9 257.1 270.5 281.9 293.7 301.2
223.9 220.5 221.7 226.5 234.2 238.6 243.2 248.8 253.7 260.4 268.1 272.3 269.9 267.9 267.4 269 273.8 280.8 282.8 284.6 289.6 295.7 301.4 307.9 312.5 314.8 316 316.6 310.5 300.9 291.8 286.2 282 278.2 273.7 270.6 267.8 264.6 260.5 257.2 260.1 264.3 268.6 267.4 270 269.7 268.1 263.7 260 256.5 256 256.1 252.7 247.8 241.1 234.4 224.6 214.8 194.8 183.2 184.4 196.5 201.3 209.1 217.8 226.2 230.4 230.6 232.8 236.3 239.9 244.8 250.6 258.7 271.6 284.1 293.8 300.8
211 211.5 215.7 220.3 226.2 232.4 237.1 241.6 243.3 246.9 253.7 258.6 261 258.5 262.8 267.8 271.2 275.6 279.5 285.1 290.9 297.6 302.4 307.2 310.5 312.3 313.2 312.4 305.4 296.3 288.1 282.8 278.5 276.1 271.9 267.8 264 260.5 256.3 251.9 251.3 256.5 259.2 260.6 262.9 264.2 262 257.7 253.9 250.9 250.1 249 245.4 241.4 234.6 226.1 218.2 210.8 192.5 182.6 182.3 196 202.5 211.6 217.8 221.9 226.3 227.9 230.7 235.4 240.6 246.8 259.6 268.3 275 283.5 292.8 299.4
201 204.8 207.9 212.5 215.8 221.1 225.9 229.8 234.5 237.4 240.7 244.9 249.6 250.4 263.4 268 271 275.8 280.7 286.6 292.7 299.2 304.3 306.4 308.1 308.7 308.9 306 299.7 292.2 284.7 279.6 276.1 274.3 272.1 268.4 264.7 260.2 254.1 247.9 243.8 247.3 251.2 255.6 256.9 256.8 252.8 249.1 245.9 244.9 243.7 242.4 238.1 232.2 224.3 215.2 206.5 198.6 186.8 182.8 183.9 194.5 201.6 209.6 213.8 219.6 223.5 226.9 230.8 237.3 243.8 255.2 270.3 278.3 280.3 282.9 288.2 293.6
203.6 209.8 214.7 216.4 214.9 216.5 218.2 221.1 225.7 228.2 231.6 235.7 239.7 247.2 258.7 264.7 270.5 275.8 281.8 287.9 295 302.3 306.9 307.9 306.7 306.8 305.8 301 293.4 286.5 279.7 275.4 272 272.9 272.8 268.7 264.6 259.8 253.6 247.5 240.1 237 243.9 250.2 251 248.8 243.5 239.9 237.9 239.1 238.5 235.5 231.3 222.5 214.4 205.9 197.4 187.8 183.1 182.9 186.8 193.1 198.3 204.7 213.4 220.3 224 226.5 232.5 240.9 249.8 266.9 280.2 285.5 288.3 288.7 287.8 284.3
205.1 210.3 216.2 219.3 220.3 220.3 222.4 225 226.9 231.3 234.9 238.5 241.5 246.1 253.2 262.5 269.6 276.4 282.6 289.5 296.8 303.8 308 307.5 305.8 304.3 301 295.7 287.7 280.2 276.4 272.7 268.5 270.4 271.4 267.4 262.1 257 251.4 246.1 239.8 229.5 234.6 241.3 243.3 240.2 234.7 230.6 230.1 231 232.2 229.5 223.5 213.5 205.8 198.3 185.2 183.8 183.3 184.3 189.6 193.1 196.5 202.3 210.3 216.5 220.3 224.6 230.6 240.7 257.6 278.1 288 292.9 295.4 295.4 290.4 272.2
206.1 212.4 218.9 222.7 224.9 225.5 228.1 230.6 230.4 235.4 239.2 242.9 246.7 249.3 254.9 262.1 269.4 277.7 284.2 291.5 298.8 304.3 307.9 306.7 302.8 300.3 294.2 287.2 280.4 276.6 273.3 269.9 265.9 267.7 269.3 265.6 257.4 252.8 249.6 243.7 237.5 227.4 224.1 230.3 234.4 230.4 225.9 221.6 222.4 222 225.9 224 215.1 206.5 199.1 185.5 184 185.3 186.3 188.7 190.1 191.8 196 199.8 204.6 210.6 215.6 222.5 230.6 246.5 269.1 288.8 295.8 299.5 302.1 299.7 288.2 270.9
207.8 214.1 221.5 224.8 227.8 229.8 231.7 234.3 235.3 239.4 243.3 247.2 251.1 253.1 255.7 262.3 270.6 279.1 286.2 293.5 299.5 303.5 306.7 302.9 298.9 296.5 288.8 282.4 274.9 271.9 270.9 268 264.9 261.7 263.3 258.8 252.3 249.7 248.7 243.4 235.8 227.4 220.2 219.6 223 220.9 218 215.4 213.7 215.4 217.9 214.2 206.5 199.6 192.4 184.5 184.2 188 189.9 190.6 191.7 193.6 198.1 198.4 200.6 206 214 223.5 236.9 258.8 280.3 296.9 303.6 307.2 306.6 302.2 293.3 284.2
210.7 216.8 223.4 227.1 230.8 233.4 235.3 237.6 239.4 242.2 246.1 250.1 254.1 256.5 257.8 263.5 271.9 280.5 287.2 292.9 299 303.8 303.8 298.2 295.4 293.2 285 277.5 270.7 267.6 267.9 268.1 265 259.3 253.9 250.8 246.4 246.4 248 244.4 235.1 227.1 219.2 217.2 216.2 215.3 213.6 211.4 209.7 207 206.9 205.5 201.3 195.3 186.8 184.7 187.7 191.1 190.6 191.5 193 194.4 200.4 201 201.4 206.7 216 229.3 246.7 269.7 289.3 303.9 309.4 312.8 312 308.1 303.7 297.3
213.1 219.8 225.7 230.1 233.8 237 239 241.3 243.4 245.1 249.1 253 257 259.7 261 265.5 273 280.6 286.5 290.6 297.7 302.2 296.5 291.5 290.5 289.4 280.3 272.1 266.4 263.1 264.4 268.2 263.2 257.9 250.3 243.3 240.3 242.1 245.8 241.9 233.1 225.2 219.5 216.3 214.8 213.8 211.4 209.8 207.3 204.1 200.5 199.3 196.7 192 185.5 185.2 190 192.6 191.6 192.4 194.1 195 202.5 204.6 204.1 207.7 220.7 239 258.2 280.4 298.4 310.7 315.2 317.5 316.5 314.6 310.5 303.7
214.8 221.9 227.9 232.4 236.8 240.3 242.7 245.1 247.4 247.8 252 256.2 260.1 264.2 264.7 265.7 272.5 277.4 282.2 287.1 292.7 294 289.9 285.9 283.1 282.6 275.1 268.9 263.7 259.2 259.8 261.4 255.8 250.2 242.3 236.4 234.2 235 236.9 231.8 228.3 223.1 219.3 216.5 214.8 213.2 211.3 209 206 202 197.1 193.3 192.4 186.5 185.6 186.2 192 192.8 192.3 192.9 193.9 196.4 205.9 212.3 210.6 211.3 228.3 247.8 270.5 290 305.4 316.6 321.8 321.7 321 319.5 315.7 309
215.9 224 230.2 234.6 239 243.4 246.4 248.8 251.1 251.1 254.7 259.1 263.3 267.6 269.3 270.1 272.1 277.2 280.6 283.6 287.9 287.5 285.1 281.5 276.9 273.9 270.4 265.6 262 257 252.3 253.1 247.2 240.9 236.4 232.1 229 228.4 228.1 226 222.9 220.3 218.1 216.4 214.1 210.2 210.3 209.7 208.4 205.4 199.4 193.3 187.4 186.2 185.9 185.5 189.8 192.6 192.8 193.5 194.7 199.2 210.6 220 223.7 216.7 226.9 248.2 269 291.7 309.9 321.9 327.1 327.4 326.9 324 319.6 313.2
218.1 226.2 232.3 237 241.5 246.9 250.8 252.7 254.6 256.3 258.1 262.3 266.1 270.5 274 274.9 275.5 277 279.4 281.2 283.2 283.5 281.4 278 274.1 271 268 262.9 258.2 254 247.3 243.1 239.3 236.3 232.8 229.3 226.4 224.9 223.9 222.6 220 218.1 216.5 214.6 212.9 210.7 206.5 203.6 204.1 201.7 197.6 188.6 186.8 186.6 186.5 186.3 188.8 191.4 192.7 194.4 196 204.4 217.1 227.8 235.3 229.5 226.6 237.5 260.1 281.6 304.6 322.7 332.2 333.2 332.8 329.8 325.3 317.5
219 227.9 233.8 239.7 245.2 250.7 255 256.9 258.5 260.5 260.5 265 268.9 273 276.4 278.5 279.4 278.5 279.1 279.6 280.1 280.4 278.8 275.2 272 269.3 266.5 263.2 255 249.8 245.5 241.2 237.5 234 230.2 227.5 225.5 223.9 222.7 221.9 221.3 220 219 217.9 216.1 212.8 209.5 205.8 199 196 192.3 187.6 187 186.8 186.7 186.6 187.2 190.2 192.4 196.4 200.5 210.8 223.8 235.5 245.5 245.9 239.4 240.5 250.8 273.5 298.4 321.2 335.4 338.8 339.3 336.4 330.3 320.8
219.9 229.6 235.9 243.4 248.7 253.8 258.9 261.5 263.2 264.5 265.1 266.7 269.8 273.1 275.8 280.1 281.9 279.8 279 279.3 279.3 278.8 277.3 274 272.5 271 268.2 265.2 257.7 252.6 247.3 241.4 237.2 233.7 230.5 227.9 225.5 223.6 222.4 223.6 223 222 220.5 218.3 215.6 212 207.9 204.3 200.1 195.1 191.3 189.1 186.8 186.7 186.8 187 187.6 190 193.3 197.4 208 218.3 229.6 241.2 252.4 258.9 257.4 255.3 261.9 274.5 297.3 323.2 337.3 344.9 345.6 342.3 334.1 321.3
219.8 229.6 239.2 246.7 251.8 257 262.2 265.4 267.8 269.2 267.7 267.8 270.2 272.6 275.6 281.1 279.9 279.1 279.5 279.6 279.2 277.6 275.7 273.1 271.1 271.1 270.1 266.6 258.2 252.5 248.3 243.9 239.1 234.8 231.3 228.5 226 224.4 223.8 224.9 225.9 223.5 221.3 218.3 214.2 210.1 206.1 202.5 198.7 193.6 187.9 187.3 187.1 187 187.3 187.6 189.8 191.8 195.4 203.6 215.7 225.5 234.4 246.4 259.5 266.7 271.4 273.7 281.9 289 306.9 328.7 341.3 351.3 351.8 347.2 336.4 321.5
221.3 232 244.2 249.8 255 260.1 265.2 269.2 271.7 271.5 270.4 269.3 271.5 273.6 275 278.5 279.7 280.4 280.8 279.7 278.9 277 274.9 272.2 269.5 269.3 267.9 264.6 257.7 252.6 248.3 244.6 240.2 235.6 231.9 228.9 226.5 225.3 225.2 226 228.1 225.5 220.9 216.8 212.2 208.3 204.2 200.6 197.1 192.2 187.9 187.9 187.8 187.2 187.7 188.8 190.8 192.9 196.6 206.7 220.9 233.6 244.7 250.8 262.7 269.6 276 284.4 296.8 307.8 320.6 334.5 350.6 358.7 357.5 344.3 324.2 313.3
224.5 240.1 248.5 252.6 256.8 261.8 268.4 274.2 273.9 274.4 273 271.7 274.3 276.3 277.8 279.2 280.5 281.2 280.3 279.4 278.5 276.5 273.9 271.2 268.6 267.2 264.8 260.9 255.4 251.7 248.2 244.7 241.3 236.7 232.7 229.8 228.2 227.2 226.8 227.5 228.4 225.3 219.9 215.6 210.9 206.2 202.1 198.9 196 189.4 188.4 188.4 188.5 187.9 188.7 189.7 191.9 194.8 198.5 206.7 222.5 236.7 250.5 257.7 261.7 269.6 279.1 292.5 310.9 321.7 334.8 347.3 357.2 362.5 358.2 343.1 316.3 290.6
226.7 244.7 252.5 256 259.4 264.5 271.8 276.6 276.2 276.7 275.1 272.9 275.1 277.1 278.8 283.2 282.4 282.8 281.6 279.3 278.2 275 272.3 269.5 266.8 265 262.2 259.4 256.1 252.2 248.8 245.6 241.7 237.5 233.8 231.8 231.5 230.7 230.3 230.2 228.9 224.7 219 214.3 209.7 205.1 200.5 197.6 193.2 188.8 188.2 189.1 189.3 188.9 189.7 190.6 192.9 196.3 199.7 207.2 222 234.5 244.1 250.7 256.3 268.6 282.6 300.4 319.5 333.6 347.6 354.2 361.2 361.3 356.9 347.9 319.3 293
228.8 247.7 255.8 258.8 261 265.9 270.1 273.7 275.1 275.7 272.7 270.6 273.3 276.2 279.7 286.4 286.8 285.9 284 280.6 276.4 272.6 269.4 266.7 264.7 262.6 259.9 257.2 254.2 252.1 248.9 245.6 242.6 239 236.6 234.3 234.2 233.7 233.9 233 229.6 224.8 218.3 212.6 208.2 203.8 199.4 193.3 190.2 188.9 189.4 190.1 189.9 190 191.3 192.7 195.3 199.5 204.3 206.5 218 229.5 235.8 242.7 253.5 269.4 287.6 305.8 324.6 340.4 349.8 352.3 352.8 355.2 353.6 351.1 328.1 296.5
231.7 250.2 258.5 260.2 262 265 266.7 270.3 272.3 271.9 269.1 268.5 269.8 273.7 279 289.2 291.8 287.8 285.6 280.7 275.1 271 266.5 263.1 260.8 259.7 257 254.6 252.8 251.6 249 246.6 244.4 241.5 239 237 236.2 235.6 234.9 234.4 230.6 224.3 217.2 210.5 205.8 201.2 196.6 191.3 189.2 189.3 190 190.8 190.9 191 193.4 195.7 199.5 204.4 209.9 211.7 215.1 222.5 229.9 240.4 255.9 276 295.9 312.1 327 336.5 337.2 336.7 335.6 340.5 346.4 345.9 328.3 301.2
