STL Generation/terr50_gagg_gb/data/NT72.asc
ncols 200
nrows 200
xllcorner 370000
yllcorner 620000
cellsize 50
[rows 144 to 179 of 200, columns 81 to 161 of 200]
149.4 153.5 161.9 166.6 171.4 174.4 174.6 173.1 170.5 170 168.4 167.2 168.8 166.8 159.5 151.4 143.7 141.5 141 140.8 141.4 142.7 143.9 140.8 137.4 135.4 136.2 138.1 135.7 127 135.1 139 138.2 138.2 137.5 137.4 137.8 143.7 150.9 159.2 166.1 164.1 161.8 160.7 163.4 163 163.9 172.6 179.9 182.2 183.3 182.4 179.2 176.4 170.8 165.9 161.7 156 150.7 150.2 149.4 152.8 160.6 171.1 182.2 186.6 191.2 196.9 200.4 205.1 209 208.9 207.2 203.2 193.8 183 169 158.3 149.8 141.6 133.1
157 154.3 162.8 168.6 174.9 176.9 176 173.5 170.8 170 169.2 169.6 170.6 167.2 159.8 150.8 143.6 141.9 141.7 141.6 142.9 145.3 145.7 142.6 139.3 136.7 136.1 137.5 134.3 130.3 136.8 140.1 139.9 139.8 139.8 139.9 140.6 145.1 152.6 161.5 166.5 164.8 162.9 163.4 165.1 166.1 167.5 175.8 182.2 183.9 183.1 182.7 179.9 175 169.6 165.1 160.3 153.8 149.8 149.8 153.3 157.9 165.8 177.5 188.6 193.8 199.3 206.2 210.6 213.6 215.5 214.4 210.8 206.5 195.1 180.5 167.3 157 148.2 140.2 131.3
159.7 157.5 166.6 172.2 178.5 178.9 177.7 173.3 170.9 169.2 168 170.8 172 167.7 159 150.6 144.3 143.1 142.7 143.5 144.8 148.1 148.4 145.2 141.9 138.2 136.3 137.2 133.6 132.6 138.3 141.8 141.5 141.7 141.8 142.7 144.6 148 154.7 162.2 166.5 165.2 163.7 164.5 166.7 168.8 170.5 177.2 183.8 183.8 183.2 181.4 178.2 173 167.3 162.5 157.2 151.6 151.7 153.1 159.4 165.7 172.1 185.7 196.7 201.9 208.3 216.7 221.8 222.6 222.4 219.4 215.3 208.8 194.4 179.2 166.4 156 146.7 138.2 130.2
162.6 161.1 169.9 177.8 181.6 181.8 179 172.7 170.7 169.5 169.4 170.9 172 167 159.5 151.4 144.7 144 144 145.1 147.5 151.1 150.7 147.7 144.5 140 137.7 138 133.2 135.2 142.6 144.1 144 143.8 144.2 146.2 149.6 152.6 156.3 163.7 165.1 165.8 164.8 165.9 168.3 170.6 173.8 180.4 184.9 184.8 182 179.4 176.1 169.7 163.5 159.3 154.5 153.9 156.2 160.9 166.7 173 180.1 191.9 204.1 210.7 218.3 227.7 232.3 231.9 230.8 225.6 219.7 211.2 195.8 178.8 165.7 155.1 145 136.5 128.1
162.9 163.4 173.9 182.6 184.5 182.9 178.3 172.7 170.7 170.3 170.1 170.8 171.6 165.7 156.5 148.2 145.5 144.7 144.8 147 150.7 154.8 153.2 150.2 147.1 142.5 140.2 140.3 132.1 140.1 145.9 146.3 146.4 146.3 147.3 148.8 151.2 154.5 159.6 164.8 166.6 166.1 166.3 167.5 169.9 172.7 178.5 183.7 186.2 184.3 181 177.2 171.2 165 160.9 158.3 158.6 159.8 162.4 167.8 173.8 181 188.3 198 209.6 218.6 227.6 238.7 241.6 239.6 237.2 231.4 223.6 213.1 196.1 178.8 166 154.9 144.5 135.3 128.1
165.8 164.7 177.7 185.2 185.2 182.9 176.6 172.9 172.6 171.5 171.1 172.2 172.4 165 154.9 148.4 146.7 145.8 145.9 149 154 156.6 155.4 153.4 149.6 145.2 142.4 141.2 133.4 139.1 146.8 149.1 149.7 149.1 150.3 151.7 153.9 158.1 163 167.1 167.7 168.2 168.6 169.1 172.1 175.4 180.7 186 186.7 185.6 182.4 176.3 169.8 165.6 165 163.4 165 167.1 169.9 175.7 181.4 188.1 195.5 204.2 215.3 225.9 238 248.6 251.4 244.7 240.4 234.8 225.6 213.9 197.3 179.4 166.4 154.5 144.4 134.9 127.9
171.3 167.1 178.4 184 183.5 179.8 174.7 174.9 174.2 173.1 174.2 174.5 172.1 162.8 153.8 148.9 147.8 147.1 148.9 151.6 157.4 159.1 158.1 155.2 152.1 148 144.3 141.6 135.5 141.8 148.9 153.4 153.3 152.6 153.8 155.3 158.3 163.1 165.7 168.8 169.4 169.3 169.8 171.7 174.7 178.6 183.4 187.6 187.8 187.1 184.1 179.3 173.5 169.5 169.8 169.6 171.7 174.6 177.4 183.3 189.4 196.2 203.3 211.3 222.7 234.6 245.5 259.6 263.5 255.4 244.4 235.4 226.5 213.8 198.3 179.8 168.2 154.9 142.3 133.4 126.5
177.6 177.4 173.5 181 180.5 177.3 175.8 176.5 175.3 174.6 176.7 176.9 171.3 162.1 153.8 149.1 148.3 149 151.2 154.9 160.6 161.7 160.6 157.5 154.3 150 146.5 144.5 137.8 146.6 153.4 158 157.4 156.6 157.8 159.8 161.9 166.8 169.6 170.8 172.6 172.4 173 174.7 176.8 179.9 184.4 188.3 188.7 188.6 186.4 181.6 176.5 173.6 174.8 175.4 178.8 182.1 185.4 190.4 197.9 204.8 210.9 220.2 232.2 241.9 251.8 266.4 272.9 265.5 257 235.7 224.2 213.8 199.6 182.2 167.2 153.7 141 130.8 124.8
181.3 181 179.9 177.6 178.7 178 178.2 176.5 175 176.1 178.2 178.2 170.3 161.2 153.6 150.5 149.4 150.8 153.4 158.2 163.9 164.1 162.2 159.1 155.6 151.7 149.4 140.4 143.7 150.4 156.8 162.2 162.2 161.4 162.5 165.1 165.6 170.6 173.7 175.3 176.8 176.7 178.2 180 181.2 184 187.4 189.1 190.2 190.8 188.9 185.2 180.9 179.2 180.8 182.2 186 189.8 193.6 198.3 205.3 213.1 219 226.6 235.5 244.9 258.8 271.1 275.2 268.3 261 237.3 224.9 214.4 197.7 182.1 167.5 153 139.7 129.9 124.3
184.6 184.1 181.8 178.9 180.8 180.4 178.9 176.6 174.9 177.8 180.4 177.9 169.4 161 154.3 152 151.4 152 155.3 161.4 166.3 166.1 163.7 160.3 156.7 152.9 151.4 143 146.5 154.4 161 166.1 167 166.6 167.5 169.5 170.2 175 178.7 181.8 181.8 181.2 183.1 185.5 185.5 186.8 188.6 189.7 191 192.4 191.7 188.7 185.4 185 186.9 188.9 193.5 198.2 201.4 206.5 212.9 219.7 226 232.5 240.3 249.4 264.2 268.9 263.1 256.8 248.2 233.9 223.3 211.3 194.9 179.8 166.5 152.1 139.3 128.8 123.2
187.2 185.5 181.8 180.1 182 181.9 179 176.2 175.3 179.6 182 177.4 169.2 160.3 155.1 154.3 153.8 154.4 157.9 164.4 168 167.5 164.5 161.2 158.1 154.8 153.9 140.6 151.3 159.1 165.8 169.2 171.3 171.8 173.1 176 177.1 180.5 182.6 184.3 185.6 185.8 187.8 189.4 188.8 187.6 189.7 190.4 191.7 193.8 194.6 193.8 191.4 191.1 193.2 196.5 201.4 206.2 209.4 213.5 220.2 227.3 232.2 238.2 243.9 252.2 268.9 264.8 254.2 245.6 237.2 228.2 219.4 206.3 190.6 176.4 164.4 149.6 136.9 127.2 120.6
189.8 186.4 182.3 182.6 184.3 182.1 179 176.9 177.4 181.1 182.1 177.1 169 159.9 157.3 157.2 156.3 156.8 161.3 167.9 170.3 168.3 165.1 162.4 160 157.1 153.3 146 155 163.5 170.3 174.2 176.4 179.8 179.1 180.1 181.2 182.6 186.6 188.9 190.1 191.2 192.3 192.2 191 190 191.1 191.7 192.5 195.8 198.2 198.6 197.9 197.7 200.3 204.1 208.6 214 217.6 221 226.7 234.2 239 244.5 246.6 251.8 262.2 258.2 246 235.7 225.4 219.3 211 199.1 187 176.4 161.7 147.5 134.5 126.8 118.1
191.5 187.1 183.3 184.8 185.3 182.5 179.5 179.3 179.9 181.8 181.3 177.3 167.9 159.9 159.2 158.8 158.3 159.2 164.4 169.8 171.4 168.7 166.1 164 161 158.7 152.5 150.8 158.9 169.1 176.2 180 181.6 183.5 183.5 187.9 186.3 186.4 190.2 193.5 194.7 195.8 197 196.1 193 192.3 192 193.4 196.4 198.6 201.7 203 203.6 205.2 207.5 210.9 215.7 222 224.8 228.4 234 241 245.9 249.9 250.3 250.9 250.7 246 237.6 223.8 212.7 206.7 201 192.9 184 173.2 159.3 143.9 132.4 126.1 114.8
192.7 188 185 186.1 185.4 182.1 180 180.6 180.6 183.3 184 176.6 166.4 161.5 161.1 160.9 160.6 161.6 166.3 170.8 171.9 169.6 167 165.3 161.8 160.1 149 154.3 164.4 175.4 182.9 185.9 188.7 190.2 190.8 190.8 191 188.6 192.6 196.7 198.7 199.9 201.5 200.4 195.7 193.2 193 196.4 198.9 201.1 205.3 207.7 208.8 212 214.3 217.6 222.6 228.4 231.9 235.2 241.2 247.7 250.7 254.8 254.7 248.3 244.4 233.2 221.8 211.4 202.3 195.6 188.8 182.5 177 169.3 156.4 144.5 132.4 121.5 109.9
192 187.4 188.8 189.7 185.9 181.8 179.7 181 182.9 186.8 185.1 175.5 168.8 164.2 164 163.5 163.1 164.3 168.7 172.4 172.3 170.5 167.7 166.4 162.9 160.4 147.9 158.1 168.2 179.8 187.5 192.2 194.5 195.1 194.9 195.3 194.5 190.6 195.6 199.7 202.4 204.5 206.2 203.9 198.3 195.2 195.7 198.6 201.2 206 209.2 212.3 214.6 218.2 220.8 224 228.8 235 238.5 241.5 246.7 253.7 254.4 255.8 254.8 248.4 239.6 227 214.8 203.2 194 186.7 180.5 174.2 169.5 162.2 151.9 140.6 128.5 117.1 112.4
190.8 188.9 191.6 192.6 187 181.8 180.2 180.4 186.3 188.9 182.8 175.3 170.7 167.2 166.9 166.2 165.7 167.1 172.1 173.5 174.3 171.4 169.3 167 164.1 152.8 153.4 158.7 172.6 185 193.9 198.4 200.5 200.3 199.5 199.8 199.1 197.8 199.8 203.2 206.1 208.4 209.5 208.3 203.2 198.3 199.1 201 205.3 210.2 213.5 216.4 219.2 223.6 226.7 230.1 234.8 241.3 244.6 247.9 251.7 258.8 257.7 255.4 255.1 247.3 236.8 224.1 210.9 197.2 187.8 180.8 174.2 167.4 162.2 154.1 144.1 130.1 125.7 118.5 111.3
191 191.1 194.3 193.6 188.2 182.8 180.6 180.9 185.6 188 181.1 176 173 171.6 171 169.9 168 169.1 173 174.5 175.3 172.1 170.8 168.2 163.6 154.5 158 163.1 175.1 188.6 199.3 204.3 207 206.2 204.8 204.2 203.1 201.9 202.9 206.3 209.6 211.8 212.9 212.2 207.7 204.2 204.7 208.4 210.1 214.2 217.8 221.3 223.9 228.5 232 235.4 240.1 247.5 251.3 253.9 257 262.1 263.1 257.2 252.5 244.6 231.7 219.7 205.8 191.7 183 177 170.9 162.4 153.5 148.8 148.4 141.6 132.7 120.7 112.2
190.3 193.5 196.2 193.7 188.8 183.6 181.6 182.2 184.5 185 181.2 178.2 176.1 174.2 175.6 173.2 170.9 169 171.1 174.8 176.4 172.8 172.3 168.8 162.3 163.8 159.4 165.4 176.2 189.6 203.8 208.1 210.4 210.8 209 208.1 207.2 205.5 205.7 209 212.1 214.9 216.5 216.2 213.1 210.4 210.9 213.2 215 219.2 223.7 226.7 228.4 234.4 239 243.1 246.1 252.2 256.9 257.7 261.1 264.9 267.3 258.3 249.5 239.4 228.6 214.2 200.3 189.4 181.8 175.4 169.6 160.3 158.4 156.4 149.6 139.7 129.7 125.5 112.7
192.5 195.5 197.7 194.3 188.8 184.5 183.1 183.5 185 185 182.4 181.4 179.6 178.6 179.7 176.9 172.5 171.5 172.5 174.6 176.8 173.4 172.9 169.7 162.5 165.1 164.1 167.3 175.8 188.7 205.5 210.9 213.6 212.7 212.1 211.4 210.6 209.6 208.6 211.5 214.6 218.1 220 220.3 218.5 216 217 218.4 220 223.9 229 232.9 234.9 239.7 245 248.8 252 255.4 260.3 262.3 263.9 266 266.7 257.7 248.1 236.8 224.2 211 198.2 189 182.9 177.2 172.4 163.2 161.1 157.1 151.1 141.1 130.3 126.5 112.3
194.3 197.4 198.1 195.2 189.7 186.3 184.7 184.6 186.1 186.3 185.7 184.8 182.3 183.5 183.5 180.1 174.5 172.3 172.6 176.1 177.8 175.1 173.2 170.7 162.4 166.6 165.2 168.6 175.6 188.5 204.1 213.5 215.9 216.6 215.7 214.9 213.8 210.5 211.1 214.7 218.2 221.7 224.3 224.9 223.9 222 222.3 224.6 225.7 228 233.6 238.1 241.2 246.4 249.3 253.7 256.9 258.9 263.2 266.2 266.8 266.1 269 261.8 247.1 236.7 225 210.6 198 190.4 185.8 179.7 174.3 164.7 163.7 160.1 152.4 141.7 131.9 125.2 112.8
195.6 198.8 199 195.5 190.7 188 186.5 186.5 189.3 189.9 189.4 188.2 185.1 187.4 186.9 183.5 176.4 172.7 172.4 176.2 176.6 176.5 174.9 167.7 170 170.3 169.2 168.6 175.9 189 203.8 213.4 217.1 219.1 219.1 218.2 217.1 213.8 212.6 217.6 221.9 225.4 228.5 229.3 229.6 228.4 229.2 229.3 230.6 233 237.6 242.7 247.2 250.7 253.3 257.9 260.2 261.8 266.1 269.8 270.1 267.8 268.3 265.6 252.6 238.4 228.2 215.3 201.4 193.2 187.6 179.9 169.7 163.5 166.4 161.8 153.2 141.3 133.1 123.4 113.5
196.6 200.2 199.5 195.9 191.9 189.8 188.3 189.8 193.4 193.3 193.1 190.9 189.5 191.4 190.3 187.2 178.8 175.2 173.7 174.4 176.3 174.2 169.5 169.8 172.1 172.2 171 171.4 178 188.1 199.9 208.6 215.1 218.8 220.4 220.6 219.7 217.2 215.1 219.5 224.3 228.9 231.1 232.9 236 235.3 235.1 235.4 237.1 238.8 241.7 246.7 251.8 254.5 258 261.1 262.4 264.6 268.9 273.5 275.8 271.7 266.4 260.3 254 239.3 226.5 214.3 203.5 193.2 184 174.8 165.5 166 170.3 164.2 154.8 140.8 132.8 121.4 114.2
197.9 201 200.2 196.6 193.7 191.8 190.6 194.7 197.1 197.4 197.3 194.2 194.5 196.1 194.5 189.8 183.5 178.3 176 175.7 175.9 173.6 171.7 174.3 174.6 174.3 173.7 173.1 177.9 188.1 199.8 205.7 209 214 218.3 219.8 220.5 218.7 217.3 221.4 226.7 231.8 234.7 237.6 240.6 241.9 242 241.7 243.8 243.6 246.7 251.9 256.1 258.5 260.5 262.6 264.7 267.6 270.9 274.9 276.4 273.7 267.5 260 250.8 236.1 223.7 212.1 200.7 187 175.1 168.7 167.3 171.7 172.2 167.6 157.2 144.3 134 126 114.6
198.3 200.9 199.8 198.3 195.6 193.4 194.8 200.4 201.4 201.3 201.3 196.8 199.5 200.1 198.6 192.7 186.2 181.4 178.7 177.5 176 172.8 174.9 176.9 177.9 176.7 174.7 175.3 179.6 188.5 201.6 209.1 212.2 215.4 219.5 221.4 221.1 220.9 219 222.9 228.7 233 236.7 243.2 247.3 249.1 248.2 248.7 249.3 249.2 251.1 255.9 259.9 262.2 264.1 265.3 267.8 272 271.4 273.1 274.8 273.1 267.7 260.8 247.5 232.9 221.9 210.6 198.1 182.5 172 170.6 174.9 176.1 175.9 171.5 160.8 146.5 134.4 127.2 115
198.1 200.7 201.4 200.1 197.7 196.8 200.3 205 203.9 205.1 204.3 202.1 204.7 204.1 201.3 195.7 189 184.6 181.4 179.5 177.4 174 177 179.8 181.4 178.5 176 177.5 181.2 189.5 203.4 211.2 215.5 218.8 221.8 224.6 223.9 222.9 221 223.8 229.5 234.2 240.4 248.4 254.8 255.9 256.1 254.9 254.6 254.8 256.8 260.4 262.7 265.2 267.4 269.4 268.5 268.5 268.7 268.8 268.9 267.3 262.1 253.8 240.1 229.4 219.6 208.1 196.2 181.1 174.5 177.3 182.5 181.3 179.3 175.2 163.7 148.3 135.9 129.2 116.7
199.9 202.5 203.6 202.1 200.9 201.5 205.2 208.7 206.9 208.2 207.7 206.8 208.7 208.5 205.5 197.8 192 187.1 184.1 182 178.9 175.6 179.8 182.8 183.6 180.8 178 179.5 182.9 192.6 204.8 212.7 216.7 220 223.5 226.3 226.3 224.4 221.8 224.2 230.1 235.4 242.5 251.9 261.2 262.7 262.3 260.6 258.8 257.9 260.5 263.3 265.7 268.8 270.7 273.5 272.1 269.7 266.4 262.4 261.2 258.4 252 244 234.5 227.3 217.5 206.6 190.2 178.8 181.1 186.6 189.5 186.7 183.2 177.5 166.5 150.7 135.7 129.7 122.8
202.3 205.1 205.5 204.9 204.7 205.5 211.1 211.9 211.1 210.7 209.4 211 212.8 213 208.4 200.1 194.6 189.6 186.8 184.6 180.5 178.6 182.8 186.2 185.9 183.2 180.3 181.4 184 193.6 205.2 213.5 217.4 221.2 225.4 228.1 228.7 226.9 223.6 226 231.4 236.2 244.2 254.5 266.3 269.6 269.2 266.2 264.2 263.4 265.8 267.5 268.6 272.1 274.2 276 275.6 272.3 265.7 258.6 252.7 249.7 243.5 237.1 230.5 221.5 211.5 199.6 184 187.3 191 195.6 194.8 193.3 185.8 180.1 169.6 152.7 135.6 127 122.9
205.4 208.1 208.2 208.8 208.6 211.2 216 214.8 215.4 214.9 212.8 215.4 216.7 216.5 210.3 203.1 196.9 192.1 189 186.6 181.9 182.5 186.1 191.3 190.5 186.9 183.3 182.8 185.8 195 206.3 214.1 218.2 222 226.2 230 231 228.3 224.6 227 233.1 238 244.4 255.8 267.6 274.8 273.2 271.3 269 268.6 269 271.2 272.3 275.4 276.7 275.7 275.9 270.3 264.1 257.2 249 240.6 235.2 230.7 224.3 214.2 201.6 193.5 196.6 199.7 202 202.6 199.4 200.3 193.9 183.8 174.8 156.3 137.7 127.8 124.7
207.4 211.2 212.7 213.4 213.2 217.2 220.1 218.1 218.8 217.9 216.2 219 219.7 219 212.1 204.5 199 194.1 190.6 188.3 183.5 184.6 189.2 193.6 192.7 189.9 186.1 184.7 186.8 195.6 206.3 214.2 219.4 223 227.8 231.6 233.1 230.1 226.2 228.4 235.9 241.4 245.5 254.4 268.6 275.6 274.8 275.4 272.9 272.3 272.2 273.6 275 276 277.5 275.4 271.7 267.8 261.8 255.6 247.7 238.3 226.8 221.8 214.8 204.1 204 204.3 208.3 211.3 211 208.3 204.7 205.2 200.3 188.5 175.6 156.3 138.7 130.4 127.7
208.5 214.5 218 217.3 218.3 223.3 223.4 220.8 222.4 220.2 220.1 222.2 222.5 222.3 213 204.3 198.5 194.9 191.8 189.9 184.2 187.2 191.9 195.9 194.4 192.2 190 188.3 188.7 196.6 206.3 214 219.4 223.6 229.4 233.1 234.6 231.9 227.8 231.5 239.2 244.5 246.1 252.7 261.9 269.7 272.9 276.9 276.4 274.9 273.5 275 276.5 277.2 276.6 275.6 268.3 263.3 258 252.9 243.1 232.9 222.5 213 210.1 211.1 212.6 213.8 215.9 217.9 217.4 213.1 208.5 205.8 197.5 188.1 175.2 156.1 140.8 131.9 119.3
212 219.7 222.2 222.2 224 228.6 226.4 225 225.3 222.6 223 225.4 226.6 225.3 214.2 205.5 199 195.3 192.7 189.9 183.9 189.5 194.7 198.8 197.8 194.6 195.1 191.7 190.6 198.3 206.8 214.6 219.6 223.1 229.4 234.4 236 233.5 230.3 235.3 243.1 249.6 253.1 256.7 262.8 267.8 273.5 277.4 277.6 277.7 276.1 276.5 275.9 275.9 275 273.9 270.6 259.4 254.1 248 237.8 226.6 217.1 216.8 218.1 218.5 218.7 220.6 221.5 222.8 223.2 217.5 211.2 203.1 193.6 183.7 169.7 152 138.8 125.3 117.9
215.8 223.3 225 225.5 230.7 233 230.7 229.3 227.5 224.5 225.2 227.8 230.2 227 215.5 206.8 200.7 195.5 193.3 189.3 186.6 191.8 197.5 201.4 200.9 200 199.1 194.7 192.6 199.3 207 213.2 218.1 222.8 229.7 235.2 237.7 235.5 233.7 240 248.2 255.4 260.7 265.2 270.1 272.5 275.3 278.4 278.9 279.4 280 279.5 278 275.3 274 272.6 268.6 258.8 251.9 245.7 234.9 227.2 224.7 223 223.3 223.5 224.1 225.1 225.2 226.4 228.5 222.5 210.8 199.2 188.3 174.5 161 147.1 139.2 119.2 118.4
220.9 225.9 227.5 230.6 235.2 237 234.8 232.4 229.7 226.2 227.9 229.5 233 227 215.9 209 202.2 196 193.5 189.4 188.6 194.9 201.1 204.8 205.1 204.1 202.5 199.6 195.2 199.3 206.6 211.5 216.9 222.3 229.2 234.8 238.4 236.8 237.4 244.1 253.3 261.5 266.7 272 276.6 278.2 279.5 281.1 281 282.2 284.5 285.1 283.9 279.7 274.8 270.7 266.7 261.2 255.6 246.4 237.6 232.1 229.6 227.1 226.3 228.1 228.7 229.2 228.7 227.5 229.9 219.6 203.9 192.7 180.9 168.8 154.2 143.6 129.9 119 118.9
227.4 229 231 235.1 241.3 241.7 237 234 230.4 228.4 229.4 229.2 232.5 223.1 215.8 209.7 202.8 196.9 194.1 188.8 190.2 196.6 203.2 208.7 208.7 207.9 206 203.9 200.1 199.7 205.3 210.8 216.3 221.8 228.2 234.3 238.5 238.9 240.3 247.6 258.9 266.9 273.1 278.3 282.7 283.7 284.7 285.9 285.1 285.5 288.7 290.4 290.3 286.6 279 271.9 267.9 266.5 262.7 252 244.2 237.3 233.9 231.1 230.9 231.4 232.5 231.6 230.1 229.3 222.2 212.4 198.8 186.8 172.1 160 148.9 139.2 120.1 119.4 119.3
230.9 232.7 233.5 239.4 245.9 243.5 238.9 234.3 230 229 230.4 229.1 227.3 221.9 215.1 210.6 203.5 198 193.7 189 192 197.8 207.3 211.4 212.4 211.8 210.1 208.1 203 204.1 204.5 210.6 216.4 222.1 228 234.6 239.5 242.1 243.9 251.2 263.7 272.6 279.4 284.6 288.4 289.6 289.8 291.2 290.5 289.2 293.1 295.6 295.4 290.7 284.4 276.9 270 269.3 266 256.3 249.1 241 237.5 234.5 233.3 233.7 235.1 233.5 231.7 229.9 217.8 206.4 193.7 178.2 162.1 151.3 142.3 131.5 120.1 119.7 117.4
234.7 235.4 237.5 242.2 248 244.8 239.6 234.1 229.4 228.9 230 228.5 226 221 214.4 209.8 203 197.7 193.9 190 194.5 200.4 210.5 214.8 216.2 216.2 215.9 212.3 207.2 207 206.8 210.4 217 222.6 228.4 234.5 240.6 244.6 248 258.7 269.4 279 285.9 290 295.5 296.7 296.6 298.1 297.1 294 296 298.2 300.3 294.2 287.3 281.7 271.1 269.6 264.8 258.4 251.3 243.8 240.3 237.5 235.3 235.7 237.1 234.4 231.6 228.4 214.9 202.8 188.8 171.7 157.3 144.5 134.9 121.9 120.5 120.3 125.5
