STL Generation/terr50_gagg_gb/data/NT86.asc
ncols 200
nrows 200
xllcorner 380000
yllcorner 660000
cellsize 50
[rows 140 to 174 of 200, columns 78 to 155 of 200]
174.8 172.2 168 162 154.7 146.5 135.3 123.7 112.5 102.4 97.4 92.1 83.7 83.4 83.8 87.4 90.7 90.6 91.5 92.7 95 97.8 101.1 104 106.5 108.2 110 111.4 112.1 111.9 114.2 115.6 117.6 119.7 121 119.2 116.8 115.2 114.8 114.3 114.7 115.7 116.5 116.1 115.2 114.3 109.8 97.5 102.6 105.8 106.6 105.4 105.1 105.4 105.2 105 104.9 104.5 103.2 101.6 99.5 97.2 94.9 94.1 93.4 93 92.7 93.1 94.5 95.4 94.4 94 93.6 93.7 93.9 94.2 94.8 93.3
180.6 177.4 172.5 168.1 161.2 152.8 143.2 131.7 120.1 109.7 97.4 91.6 83.6 83.1 83.5 84.8 89.3 91.1 88.7 89.5 90.1 93 95 97.5 99.9 102 104.3 105.7 106.6 106.4 109.3 111.1 114.6 117.3 118.6 118.4 116 115.1 113 110.9 110.6 111.6 112.9 112.9 112.3 111.5 110.8 104.6 93.4 95.3 103 102.3 102.1 102.3 102 101.8 102 102 101.1 99.3 97.3 96.5 95.4 93.5 92.3 91.6 91.1 91.1 92.4 92.5 91.8 91.7 91.5 91.4 91.6 92 92.3 90.7
186.6 183.1 179.5 173.3 166.4 159.9 149.8 140.9 129.8 116.4 105.4 93.9 83.1 83 83 83.7 86 87.3 87.5 89.1 89 90 92 93.1 94.4 95.7 98.9 100.1 101 102.1 104.4 107.4 110.9 113.6 114.7 116 115.9 115.1 112.5 110.4 108.4 106.1 107.2 108 109.2 108.8 108.6 106.1 102 94 98.4 99 99.1 99.1 98.8 99.1 99.2 99.6 99.8 98.1 95.5 94 93.8 92.4 91.3 90.7 90 89.4 89.4 89.7 89.9 89.8 89.6 89.5 89.6 89.4 89.6 88.6
192.4 190.3 185 180.9 174.4 168.2 157.5 147 136.5 126.8 113.5 101.5 85.4 83.1 83.4 83.2 83.9 84.6 85.2 89 90.9 91 89.3 91.1 92 92.7 94.2 96.5 97.2 98.2 101.9 104.9 108 108.3 108.8 111.2 111.8 112.6 111.8 110.9 108.3 105.9 103.6 102.2 105.3 105.4 105.3 104.8 103.4 98.2 89.2 95 96.4 97.1 97.3 98 98.5 99 98.9 97.4 95.6 94 93.3 91.3 90.3 89.7 89.1 88.7 88.3 88 88.1 88 88 88.8 88.4 88.1 87.8 85.4
202.6 197.9 193.4 189.2 183.7 178.7 168.4 157.8 148.6 138 126 112.5 101.3 86.6 83.5 82.9 83.2 83.5 83.8 84.2 85.9 89.1 89.2 88.7 89.2 90.4 92.3 93.4 93.7 94.3 98.7 101.5 103.3 104.2 104.9 105.8 107.1 108.5 109.9 110.1 109.3 107.5 105.5 100.7 98.3 99.1 99.8 100.6 101.9 101 95.5 89.2 93.1 95.5 95.5 95.3 97.2 98 97.8 96.5 95.2 94.3 92.2 90 89.4 88.8 88.4 88 87.6 87 86.5 86.4 86.3 87.7 87.3 87 86.6 85.4
210.3 206.4 202 199.7 192.8 188.9 180.5 172.6 162.6 150 137.8 127.9 115.1 101.6 90 86.2 84.2 83 82.7 81.3 82.6 83.3 83.7 85.1 85.9 87.9 89.9 90.9 91.3 90.1 91.9 94.6 97.9 99.8 101 102 103.8 105.4 105.7 107.8 108 107.1 105.2 102.1 100.8 95.9 90.5 92.2 94.5 96.1 95.2 92.3 86 88.1 87 88 90.6 93 94.8 95.9 94.5 92.2 90.7 89.6 88.5 88 87.6 87 86.5 85.9 85.2 84.8 85.7 86.6 86.1 85.8 85.5 84
215.4 214.9 212.4 207.1 201.2 196.6 192.4 185.6 175.2 165.8 153.2 140.7 129.7 115.3 102.8 93.4 86.8 85.7 82.6 80.4 79.6 79.7 80.8 82.4 84 85.4 87.5 88.3 88.7 86.7 87.6 89.8 91.6 93.3 95.7 98.4 100.8 101.2 101.6 103.8 106 105.1 104.2 103 101.9 100.9 96 89.5 87.3 88.9 88.6 84.7 79.2 79.7 79.7 79.9 82.2 84 88.4 92.4 92.4 90.9 89.9 88.7 87.8 87.3 87 86.5 86 85.4 85.6 85.1 84.1 85.8 85 84.3 83.7 82.7
220.5 219.5 217.4 213.6 208.7 205.2 200.4 194 188.1 177.9 166.6 154.7 139.8 128.9 116 106.2 98.2 91.9 86.9 82.4 80.3 79.7 79.5 80.8 81.3 82.6 85.4 85.2 84.3 83.3 83.9 84.5 85.8 86.9 89.3 92.9 95 96.1 97.4 99.8 102.2 102.3 101.7 101.9 101 97.7 94.7 90.8 83.8 80.7 81.6 80.4 75.4 74.1 74 73.6 73.5 70.5 84.3 91.1 91.6 90.5 89.2 88.4 87.5 86.8 85.8 86 85.7 85.6 85.9 85.7 84.8 84.7 83.4 82.8 82.4 82.3
225.7 223.9 220.8 218.2 216.4 209.5 205.6 199.8 193.2 187.4 176.5 168.2 156.9 145.3 133.4 120.1 110.8 102.9 96.4 90.7 85.2 81.7 78.5 78.4 79 79.3 79.5 79.2 80 80 80.4 79.8 80.3 81.5 82.5 86.6 88.6 89.6 90.3 92.7 95.6 96.8 95.5 93.9 91.9 89.5 86.1 81.8 78.5 76 75.2 75.2 74.7 73.8 75.1 74.9 73.1 70.8 79.5 87.7 87.4 87.1 86.5 86.9 86.9 86.2 85.8 85.5 85 84.4 85.4 85.5 85.1 83.1 81.7 80.9 80.6 81
230.9 227.3 224.1 220.6 217.6 212.9 207.6 202.7 198.1 192.2 185.4 175.5 167.4 160.2 146.4 135.2 124.8 116.7 109.4 104.2 98.7 94.5 90 83.6 79.1 78.1 78.6 78.7 79.1 79.1 79 78.3 78.3 78.6 78.5 78.7 80.9 81.9 81.9 83.6 86.1 86.4 85.7 84.7 81.5 79.2 77.3 74.6 74.8 73.9 73.3 78.5 82 84.8 85.9 84.3 80.8 73.2 71.3 73.4 72.5 74.3 84.4 85.5 86.1 85.6 85.9 82.6 81.9 83.2 83.8 83.7 83.3 81.3 80.3 79.1 79 78.9
234.4 230.5 227 225.2 218.9 213.6 208.3 204 199.4 194.2 188.5 182 175.6 168.8 161.2 149.4 139.8 131.9 125.2 118.4 112.5 105.5 99.6 96.5 92.6 85.8 79.3 78.6 79 79.1 77.9 77.9 78 78.5 77.9 76 76.9 76.7 77.5 77.4 78.4 78.9 77.5 74 73.2 73.2 73.4 74.7 77.9 82.8 86 88.9 92.5 94 94.2 92.1 90 86.9 76.6 69 70.1 69.7 70.8 81 83.6 80.5 83.7 81 79.7 81.6 82.1 81.9 81.6 80.4 80.9 80.9 80.7 70.4
233.5 230.7 227.5 224.1 219.7 214.3 209.3 205.1 200.5 195 189.7 183.6 178.7 173.9 167.4 161 154.3 147 140.4 133.5 126.5 118.3 109.3 103.6 99.6 96.9 93.4 90.6 87 82.6 80.7 79.3 79.2 78.9 78.1 76 75.6 74.8 75.5 75.1 74.2 75 73.8 75.8 81 84 85.3 87.2 89.9 96.1 97.3 97.4 97.5 97.4 97.5 97 93.7 92.9 91 88.5 78.3 71.6 69.9 69.9 73.4 73.4 76.6 77 75.2 79.6 79.9 79.8 78.7 79.6 79.7 80.1 79.6 75.1
233.3 230.6 226.6 222.7 218.5 214 209.6 205.4 200.6 195.1 190.6 184.1 180.7 177.7 172.2 166.9 161.4 157.4 151.6 145.1 139.1 131.9 120.3 113 106.8 102.3 98.5 96.9 94.1 91.9 88.9 87.3 83.3 82.9 79.4 77.3 75.9 76.4 74.3 73.7 74.3 80.2 85.1 88.3 90.4 93.6 93.7 96.6 99.4 101.1 103.6 103.7 103.3 102.5 101.9 101.2 98.8 97.2 95.6 93.9 89.8 74.8 69.4 70.3 68.8 68.9 70.2 73.3 71.1 71.1 71.6 71.6 70.9 71.5 71.9 71.4 71.6 70.8
233.3 227.8 223.8 219.9 215.8 212.7 208.4 204.4 200 195.3 190.9 186 181.5 177.9 174.4 169.7 166.1 161.3 155.2 150.5 143.7 137.2 131.1 123.9 116.9 109.1 104.3 101.3 98.2 96.6 94.6 92.3 89 91.8 88.5 86 83.9 85.4 87.4 89.4 90.4 92.2 94.8 96.3 97.9 100.6 103.4 106.6 110.7 114.3 115.5 113.4 110.6 108 107.2 105.4 103 101.4 99.6 98.2 95.9 88.6 79.2 68.9 68.6 68.3 68.5 68.8 68.6 68.6 69.1 68.9 68 67.7 67.8 67.5 66.8 67.6
231.5 226.2 220.8 216.2 212.1 209 206.5 203.1 199.8 195.5 191.3 187.2 182.2 177.6 173.4 169.5 165.6 161.6 157.8 152.4 147.2 141.2 135.8 129.1 125 120.6 111.5 106.5 102.1 99.5 97.4 96.7 93.9 97.5 95.8 94.9 93.3 92.8 94.1 96 98 99.5 102.1 104.8 106.8 108.4 113.2 120.4 124.2 126.5 128.3 125.2 121.5 115.3 111.6 109.1 107 105.4 103.5 101.8 100.1 97.1 93 88.1 85.1 71.9 68.8 68.3 68 68 68.4 68.4 67 65.3 65.3 64.9 64.2 65.1
227.6 222.1 216.8 212.3 207.8 204.9 203.4 201.3 199.4 195 193.4 189 183.4 178.6 173.9 168.1 164.7 161.7 158.7 153.6 149 145.9 139.6 135.5 130.9 125.5 120.6 111.4 106.6 102.8 99.8 99.7 98.6 101.5 101.2 100.4 101.3 101.1 100.5 102.5 105.2 107.3 110.1 114.4 117.9 119.6 123.3 128.7 132.2 134 132.7 132.2 128.8 124.9 118 114 110.4 107.8 106.1 103.5 102.3 99 96.7 93 90.4 88.9 77.8 70 69.9 68.9 69.1 69 68.1 66 65.5 64.9 63 63.8
221 216.2 211.8 207.8 203.5 200.7 199.2 196.8 197.4 196.1 195 190.5 185.8 180.1 176 169.4 164.6 161.5 158.7 155.1 151.7 147.7 142.6 138.8 134.8 130.6 125.4 118.9 112 107.2 103.8 102.7 100.5 105.7 106.8 106.8 108.6 110.7 112.9 115.6 116.6 119.5 123.5 126.7 128.9 131.3 133.3 135.3 136.4 136.2 134.8 132.4 130.1 127 123.6 118.3 114.3 110.5 107.5 104.6 102.9 100.6 98.3 96.8 93.7 90.6 84.6 84.5 86.1 83.3 83.5 81.5 79.1 73.5 74 73.4 68.2 64
214 208.2 203.8 200.1 197.4 195.1 194.4 194.1 193.8 194.8 194.4 191.8 187.3 181.8 177.4 172.5 167.2 162.2 158.1 154.8 151.6 148.9 144.7 141.3 137.4 133.9 129.8 125.1 118.8 113.5 109 108.6 108.3 111.7 114.7 115.2 118.6 122.1 124.7 127.2 129.8 132.8 134 136.1 138.4 139.7 140 139.2 137.6 136.1 133.7 131.1 129.6 126.7 123.5 121.2 118.2 113.6 109.9 106.9 104.2 101.9 99.6 97.5 94.3 91.7 88.4 87.7 87.4 86.9 87.3 85.9 82.2 80.2 80.8 80.5 79.6 77.4
207.9 201.8 196.6 193.4 190.9 189.8 189.6 189.8 190.4 192.7 192.6 191.3 189 184.5 178.4 175.4 171.3 164.5 159.5 154.1 150.8 147.1 143.8 141.5 139.1 136.8 133.6 129.5 125.5 121 117.2 115.7 116.5 119.1 123 125.2 130 133 135.3 139.3 141.3 142.6 143.9 144.7 144.8 144.2 142.8 140.7 138.8 136 133.1 131.2 127.8 125.4 122.7 120.4 118.7 115.1 111.7 108.2 106 103.5 101 98.2 94.9 92.7 90.3 90.1 87.3 85.8 84.6 84.9 83 81.7 80.9 80.4 80.3 79.5
203.7 198.2 193.4 191 188.7 188.2 188.4 188.7 189 190.6 192.5 191.9 190.2 187.2 181.5 177.7 173.8 168.8 161.6 155.8 149.9 145.9 142.5 139.7 137.5 135.8 133.3 131.8 129.8 126 122.5 119 122.1 125.5 130.4 133.1 139.2 142.7 145.3 145.6 146.2 147.5 148.8 147.5 146.2 145.9 143.6 140.9 138.9 135.4 132 129.7 126.1 123.5 120.9 117.8 115.8 113.7 111.1 107.4 105 103.3 101.1 98.2 95.9 95.2 94.2 91 87.9 85.4 84.5 84.4 83.2 81.8 81 80.3 80 79.2
203.3 197.6 193.8 191.3 188.7 188.5 188.4 189 189.8 191.6 193.8 193.3 192.3 189.2 185.6 181.7 176.5 171.1 165.8 159.4 153 147.2 142.7 138.4 135.9 133.9 132.4 130.9 129.7 126.9 125.2 124.4 127 130 134 140.9 145.4 148.3 150.2 150.3 150.1 151 150.4 147.6 145.9 144.3 142 139.9 137.5 134.7 131.1 126.9 124 121.5 118.5 115.6 112.9 110.6 108.6 106.9 104.5 101.8 100.1 98.6 96.6 94.7 94.2 93.6 90.3 86.5 84.8 84.7 83.5 82 81.1 79.9 79.9 78.6
207.2 202 196.8 193.3 189.6 189.4 190.1 193.9 194.4 195.7 196.1 195.6 193.5 191 188.4 184.1 179.7 173.7 168.5 164.3 158.1 151 144.4 138.9 135.1 132.9 131.5 130 128.5 127 125.6 125.9 127.8 131.5 135.9 142.8 147.8 150.7 152.8 153.6 152.6 150.7 149.4 146.6 144.2 141.3 139 135.6 133.4 131.3 128.5 125.6 121.7 119.4 116.8 114.1 111.3 108.7 106.8 105.1 104.7 101.5 99.4 97.7 96.1 94.8 94.2 92.7 89.3 88 85.1 84.8 83.6 82.2 81 80.7 79.2 77.9
206.5 203.1 198.2 195.5 193.4 190.3 192 195.8 197.9 200.9 200.8 199.5 197 194.1 191 187.3 182.4 176.5 169.9 165.4 159.7 153.9 149.7 142.7 137.4 133.4 130.7 129.1 127.6 126.1 125.4 125.8 127.8 130.9 134.8 141.9 147.3 151 152.9 153.4 152.7 150.3 147.9 145.1 142 138.8 135.2 131.7 128.9 126.7 124.5 122.2 119.1 116.6 114.3 111.7 109.5 107 104.8 103.1 102 101.2 99 97.4 95.8 95.1 95.8 92.8 89.9 88.1 85.8 86 83.9 82.6 80.5 79 78.8 77.5
206.4 202.2 198.1 194.6 193.4 189.6 191.1 195.4 199.5 201.4 201.5 201.1 199.4 195.2 192 187.9 182.2 177.6 171.6 165.5 161.8 157.5 152 147 140.7 136.5 132 128.5 126.9 125.4 124.5 125.1 126.8 129.5 133.7 138.3 143.4 147.5 150.5 150.8 150.5 148.8 145.7 142.8 139.6 135.9 132.4 129.3 126.4 123.7 121.2 118.8 115.8 113.7 111.8 109.3 107.6 105.2 102.8 101 99.4 98.7 97.4 96 95.4 94.3 93.6 91.5 90.9 88.1 85 84.3 84.5 82.9 80.7 79.7 78.5 77.4
207.5 202.9 198.7 195.9 192.9 189.3 189.4 194.1 199.1 201.3 201.6 201.2 199.2 195.3 191.1 186.6 181.9 177.5 173.4 168 163.2 159.7 154.3 149.8 144.1 139.8 135.4 131.1 127.3 124.6 124 124 125.6 127.7 130.9 135.3 138.9 143 146.6 147.5 147 144.8 143 140.1 137.2 134.2 130.9 127.4 125 122.2 119.5 117.1 114.5 112.3 109.7 107.2 105.4 103.8 101.1 99.4 98.1 96 94.5 94.9 93.9 92.7 90.9 89.7 89.5 88 84.6 85.1 85.4 83.8 80.3 79.1 78.5 77.6
207.7 204 199.7 195.4 192 188.9 185.9 191.4 195.2 197.5 198.7 196.9 195.3 192.5 189.1 185.7 181.5 178.3 174.3 169.7 164.6 160.8 156.4 152.6 148.1 143.4 139 134.2 129.3 125.5 124 124 125.9 127.9 130.5 134.7 137.9 141.3 143.2 143.5 142.2 140.8 139.3 137 134.2 131.8 128.8 125.8 123.8 121.1 118.2 115.6 113.6 111.2 108.6 106 104.6 102.2 100 98.4 96.7 94.9 94.4 93.6 91.7 90.7 89.1 87.8 87.2 86.5 86 86 86 85.2 81.1 79 78.3 77.6
206.9 203.5 199.1 195.3 191.7 188.5 183.8 185.7 189 190.7 190.9 189.7 188.4 188.3 186.1 183.7 182 178.7 175 170.2 165.3 161.6 157.7 154.2 148.9 145.3 140.9 136.7 132.4 128 125.9 126.6 127 128.7 132.5 136 138.3 140.3 139.9 139.6 138.3 136.7 135.3 133.8 131.2 128.8 126.4 124.3 122.3 120 117.1 115.1 112.7 109.7 108.6 106.7 104.8 101.8 99.5 97.5 95.8 95.2 94.1 92.6 91.2 89 88.8 87.5 85.8 84.1 84.1 85.5 85.7 84 81.1 78.9 78.5 78
209 202.9 198.7 195.1 191.6 186.4 182.2 177.7 180.2 180.6 181.8 182.7 181.5 180.2 181.2 181.3 179.7 176.5 172.2 169.9 166.2 161.6 157.6 153.6 149.5 146.4 142.6 138.8 135.2 130.8 128.6 128.5 129 130.4 135.7 135.7 137.3 138.7 138 137.7 136.3 134.4 132.4 130.5 128.5 126.5 124.7 122.9 120.8 118.8 116.5 114.6 112.3 110.4 108.2 105.6 104.1 101.3 99.5 97.4 95.4 94.1 94.1 92.2 90.2 89.3 88.8 87.3 85.5 85.1 84.1 84.5 83.5 82 80.1 79.3 79 79
211.1 206.4 199.1 194.2 190.5 185.9 179.9 173.6 170.8 170.8 172 173.7 175.4 175 175.6 175.9 174.9 172.6 168.6 166 163.7 159.8 156.1 152.4 149.5 146.7 143.8 140.8 137.2 133.9 130 129.1 129.5 132.3 136 136 136.3 137 136.4 135.8 134.3 132.4 130.5 128.4 126.6 124.8 122.9 121.1 119.3 117.4 115.4 113.6 112.2 109.5 107.3 105.2 103.8 101.3 100.1 98.6 96.5 95.7 94.4 92.5 90.5 89.5 88.2 86.8 85.6 85.8 84.5 84.1 82.2 80.2 79.2 79.4 80.5 80.5
212.4 208.7 201.2 194.6 189.6 185.1 178.3 173.2 167.4 162.1 161.7 162 165.3 170.1 168.7 169.5 168.4 167.5 165.3 161.2 158.4 155.7 152.4 149.8 147.3 145.4 143.2 140.7 137.8 134.7 133.2 131.5 131.3 133 134.6 136 136 136 135 133.5 131.8 129.7 127.6 125.7 124 122.4 120.7 118.8 116.9 116 114.2 112.9 111.4 109.8 107.3 105.3 104.9 103.1 100.8 99.3 96.9 95 95.2 93 90.9 90.8 88.8 87.7 86.3 84.7 84.3 84 82.3 81.1 80.2 80.5 80.7 81.5
211.1 207.5 202 195.6 189.6 184.3 178.3 171.2 165.6 160.7 153.4 152.9 154.8 157.9 159.4 160.2 160.5 159.5 157.9 154.2 152.8 150.8 148 145.6 143.8 142.6 141.1 139.7 137.4 135.8 134.6 133.6 132.9 132.5 132.7 134 135.4 134 132.5 130.8 128.9 126.9 124.8 123.3 120.9 119.3 117.7 116.1 114.6 113.8 113.3 111.9 110.4 108.8 107.4 106 105.4 105.3 102.4 99.4 97.8 96 94.1 93.4 92.7 91.6 90.1 89.1 87.9 86.1 85 85.2 84.2 82 81.4 81.4 81.9 81.9
205.8 204 200.1 194.1 188.5 183.1 177 169.5 163.5 158.6 152.9 146.9 147.7 148.7 149.8 151.2 151.7 152.4 151.6 149.7 147.4 144.6 142.9 141.1 138.7 138 137.6 136.2 134.9 134.9 133.8 132.5 132.1 131.7 131.1 129.3 132.2 131.5 129.9 127.9 125.9 124 122.2 120.7 117.7 116.2 114.6 113.6 112.6 111.6 111.1 110.9 109.4 108.4 107.5 106.7 105.5 105.9 103.5 100.8 98.6 97.1 96.4 94.4 94.5 93.9 93.2 91.5 89.4 87.3 86.5 85.7 84.4 83.2 82.6 82.4 82.5 82.2
200.1 199.2 196.9 193.1 187.3 182.1 176 168.6 161.4 155.3 150.7 146.1 142.4 140.3 140 142.2 143.7 144.4 144 144.2 141.1 138.1 137.2 135.6 133.7 132.6 132.5 132.2 131.2 130.3 129.8 129.7 130.9 131.1 130.5 129.5 130.1 130.6 127.4 125 123.2 121.4 119.3 117.7 115.6 113.3 112.2 111.2 110.2 109.3 108.8 108.5 108.5 107.7 106.9 106.3 106.1 105.3 103.2 101.2 99.5 99.4 99 97.8 96.8 96.8 95 92.7 90.6 88.7 88.7 87.8 86.4 84.3 84 83.4 83.2 82.8
194 193.9 193.1 191.3 188.8 183.9 178.2 170.8 164 156.6 149.5 144 138.7 134.8 135.1 135.7 136.4 136.6 136.4 136.3 136 131.7 130 129.6 128.1 127.4 127.5 127.1 126.3 126 126.2 127.1 129.1 129.7 129.3 127.8 126.5 127.5 125.7 124.2 121.4 119.3 117.1 115 113.1 111.3 109.5 108.5 107.5 106.9 106.5 106.1 106 106.2 105.9 105.7 105.5 104.6 102.8 101.3 100.9 100.9 100.8 100.8 99.4 97.4 95.1 94.2 92.6 90.4 90.9 88.9 88.7 86.9 85.1 84 84.1 83.7
186.7 187.4 189.3 189.6 188.3 184.5 180.2 174.2 166.9 160.5 151.7 143.8 137.2 133.2 129.2 129.4 131.5 131.1 130.2 128.2 126.7 124.8 124 123.1 122.6 121.8 122.3 122 122.6 123 123.9 125 125.6 126.8 127.6 126.3 124.1 125 124 122.1 120.1 117.7 115.3 113.2 111.2 109.4 107.2 105.8 105.2 104.6 104.1 103.8 103.7 103.9 104.4 104.6 104 103.2 102.2 100.8 101 101 101 101 100.5 100 97.2 94.6 95.1 92.5 90.1 89 90.9 87.4 85.7 84.3 84.8 84.6
