STL Generation/terr50_gagg_gb/data/NX06.asc
ncols 200
nrows 200
xllcorner 200000
yllcorner 560000
cellsize 50
[rows 0 to 36 of 200, columns 85 to 169 of 200]
-1.2 -1.2 -1.2 -1.2 -1.2 -1.2 -1.2 -1.2 -1.2 -1.2 -1.2 -1.2 -1.2 -1.2 -1.2 -1.2 -1.2 -1.2 -1.2 -1.2 -1.2 -1.2 -1.2 -1.2 -1.2 -1.2 -1.2 -1.2 -1.2 -1.2 -1.2 -1.2 3.6 5.7 12.6 36.7 54 70.7 89.1 104.4 109.1 120.3 139.1 148.7 155.8 160.5 165.2 164.3 160.2 156.2 151.8 147.1 141 135 131.8 129.9 127.3 124.1 113.1 131.9 152.3 166.5 173.4 178.4 179.8 183.4 187.8 190.6 193.3 195.7 198.8 200.8 202 202.6 204.1 203.9 206 210.5 211.5 211.6 211.4 211.1 209 209.9 209.7
-1.2 -1.2 -1.2 -1.2 -1.2 -1.2 -1.2 -1.2 -1.2 -1.2 -1.2 -1.2 -1.2 -1.2 -1.2 -1.2 -1.2 -1.2 -1.2 -1.2 -1.2 -1.2 -1.2 -1.2 -1.2 -1.2 -1.2 -1.2 -1.2 -1.2 -1.2 -1.2 3.7 5.1 6.4 23.3 47.8 63.8 86.8 101.4 103.2 110.7 134 145.5 152.2 156.6 159.9 159 155.8 150.9 145.5 138.8 133.4 128.1 125.5 122.5 120.2 118.2 100.1 122.6 151.3 166.8 173.7 177.2 180.5 183.4 187.6 189.7 192.9 196.1 199.3 201.2 203.1 205 206.3 205.9 207.9 209.5 211.6 211.4 211.1 209.7 209 208.4 208
-1.2 -1.2 -1.2 -1.2 -1.2 -1.2 -1.2 -1.2 -1.2 -1.2 -1.2 -1.2 -1.2 -1.2 -1.2 -1.2 -1.2 -1.2 -1.2 -1.2 -1.2 -1.2 -1.2 -1.2 -1.2 -1.2 -1.2 -1.2 -1.2 -1.2 -1.2 -1.2 -1.2 4.8 5.6 18.8 42 59.2 78.1 93 95.8 102.1 127.7 140.7 147.2 151.8 154.6 155.6 150.7 144.5 138.7 130.6 124.4 118.9 114.6 111 109.2 98 105.9 127.2 152.4 165.2 172.2 178.3 182.6 185.6 188.8 190.8 194 196.9 199.5 201.3 202.9 204.8 206.6 208.8 209.7 211.6 211.4 211.1 209.8 208.5 207.7 207 206.3
-1.2 -1.2 -1.2 -1.2 -1.2 -1.2 -1.2 -1.2 -1.2 -1.2 -1.2 -1.2 -1.2 -1.2 -1.2 -1.2 -1.2 -1.2 -1.2 -1.2 -1.2 -1.2 -1.2 -1.2 -1.2 -1.2 -1.2 -1.2 -1.2 -1.2 -1.2 -1.2 3.3 4.4 5.1 13.1 43.7 56.1 70.3 81.4 87 99.9 122.7 135.5 141.3 146 149.1 149.1 145 138.4 126.5 118.6 111.7 105.3 100.4 94.3 86.6 104.5 123.6 140.7 152.1 165.5 173.4 179.4 184.3 187.2 189.5 191.7 194.4 197 199.7 201.8 204.2 206.5 208 209.6 211.1 211.1 210.3 209.6 208.1 206.7 206 205.6 204.6
-1.2 -1.2 -1.2 -1.2 -1.2 -1.2 -1.2 -1.2 -1.2 -1.2 -1.2 -1.2 -1.2 -1.2 -1.2 -1.2 -1.2 -1.2 -1.2 -1.2 -1.2 -1.2 -1.2 -1.2 -1.2 -1.2 -1.2 -1.2 -1.2 -1.2 -1.2 -1.2 2 2.7 5.6 11.9 43.2 52.2 63.3 71.9 79.9 93.1 112.2 128.1 134.2 138.8 142.8 141.4 137.6 129.4 107.8 102.3 97.4 91.9 82.8 87.6 107.4 122.5 136.8 149.6 160.8 169.8 176 181.5 185.9 188.4 189.3 192.1 195 197.6 200.5 204.4 206.1 208 209.4 210.8 211 211 209.5 208 207.1 206.5 204.1 205.7 204
-1.2 -1.2 -1.2 -1.2 -1.2 -1.2 -1.2 -1.2 -1.2 -1.2 -1.2 -1.2 -1.2 -1.2 -1.2 -1.2 -1.2 -1.2 -1.2 -1.2 -1.2 -1.2 -1.2 -1.2 -1.2 -1.2 -1.2 -1.2 -1.2 -1.2 -1.2 -1.2 2.3 3.3 5.3 8.4 33.2 49 57.7 68.1 73.9 83.6 101.4 116.6 124.6 130.6 135.2 135.1 129.1 113.3 93.9 87.1 81.4 67.4 88.3 103.9 115.5 129.5 143.3 155.5 164.9 172.9 178.3 182.8 186.9 188.8 190.2 192.6 195.6 198.7 201.9 204.5 206.9 208.7 210.1 210.8 211 209.9 208.2 206.5 205.4 205.2 203 203.6 203.2
-1.2 -1.2 -1.2 -1.2 -1.2 -1.2 -1.2 -1.2 -1.2 -1.2 -1.2 -1.2 -1.2 -1.2 -1.2 -1.2 -1.2 -1.2 -1.2 -1.2 -1.2 -1.2 -1.2 -1.2 -1.2 -1.2 -1.2 -1.2 -1.2 -1.2 -1.2 -1.2 2.7 3.1 5.1 6.3 25.9 41.8 53.6 61.5 66.5 75.3 89.9 103.1 114.6 123.6 129.9 127.9 119.4 101 82.5 72.9 68.4 87.3 100.3 109.6 119.9 135 150 161.7 169.7 175.6 179.6 184 187.5 189.2 191 193.5 196.2 199.6 201.9 203.9 205.3 209.1 209.8 211.1 209.9 208.4 206.6 204.8 204.6 203.3 201.8 201.9 202.1
-1.2 -1.2 -1.2 -1.2 -1.2 -1.2 -1.2 -1.2 -1.2 -1.2 -1.2 -1.2 -1.2 -1.2 -1.2 -1.2 -1.2 -1.2 -1.2 -1.2 -1.2 -1.2 -1.2 -1.2 -1.2 -1.2 -1.2 -1.2 -1.2 -1.2 -1.2 -1.2 -1.2 2.3 4.6 6.1 21.9 36.2 48 54.5 59.7 67.4 79.4 93.5 107.1 118.4 126.9 126.1 109.8 89 69.4 58.5 83.1 94.2 100.4 110.4 125.3 143.5 156.7 165.9 172.7 177.9 181.5 185.1 188 189.6 192.5 195.5 197.6 200.3 202.2 204 206.3 208.6 208.9 209 208.9 207.3 205.3 204.2 203.5 201.6 200 200.6 201.3
-1.2 -1.2 -1.2 -1.2 -1.2 -1.2 -1.2 -1.2 -1.2 -1.2 -1.2 -1.2 -1.2 -1.2 -1.2 -1.2 -1.2 -1.2 -1.2 -1.2 -1.2 -1.2 -1.2 -1.2 -1.2 -1.2 -1.2 -1.2 -1.2 -1.2 -1.2 -1.2 -1.2 3.2 3.5 6.3 14.9 30 40.4 47.6 53.6 61.5 71.4 85.1 99.1 113.7 119.6 114.8 98.1 84 61.1 61.8 85.5 93.6 101 114.3 134.3 149.3 160.8 169.3 175.8 179.6 183.2 186.7 188.8 190.4 192.7 193.9 198.2 200.4 202.3 204 206 207.5 207.6 207.7 207.6 207 205.9 204.6 201.8 200.3 197.9 199.4 199.9
-1.2 -1.2 -1.2 -1.2 -1.2 -1.2 -1.2 -1.2 -1.2 -1.2 -1.2 -1.2 -1.2 -1.2 -1.2 -1.2 -1.2 -1.2 -1.2 -1.2 -1.2 -1.2 -1.2 -1.2 -1.2 -1.2 -1.2 -1.2 -1.2 -1.2 -1.2 -1.2 -1.2 -1.2 3 5.5 10.5 22.6 35.2 42.2 49.2 56.7 68.7 77.3 90.9 99.9 105.7 98.3 89.4 82.4 65 55.8 77.6 89.9 101.5 119 139.1 152.8 163.3 172.5 177.8 181.2 184.7 187.5 189.6 189 194.4 196.6 198.8 200.9 202.1 203.7 205.8 206.2 206.3 206.4 206.4 206.4 204.7 202 199 197 195.1 197.2 197.1
-1.2 -1.2 -1.2 -1.2 -1.2 -1.2 -1.2 -1.2 -1.2 -1.2 -1.2 -1.2 -1.2 -1.2 -1.2 -1.2 -1.2 -1.2 -1.2 -1.2 -1.2 -1.2 -1.2 -1.2 -1.2 -1.2 -1.2 -1.2 -1.2 -1.2 -1.2 -1.2 -1.2 -1.2 -1.2 2.7 6.3 20.8 27.3 34.6 44.2 52 62.7 73.1 82.8 89.8 91.6 88.1 82.6 78.2 66.5 48.6 70.9 92.1 104.8 120.9 142.2 155.5 165.3 174 179.3 182.8 186.2 187.5 189 191 195 196.6 199.3 201.4 202.6 203.8 204.8 205.7 206 205.8 205.2 203.7 202.1 200 195.1 192.9 195.5 196 194.9
-1.2 -1.2 -1.2 -1.2 -1.2 -1.2 -1.2 -1.2 -1.2 -1.2 -1.2 -1.2 -1.2 -1.2 -1.2 -1.2 -1.2 -1.2 -1.2 -1.2 -1.2 -1.2 -1.2 -1.2 -1.2 -1.2 -1.2 -1.2 -1.2 -1.2 -1.2 -1.2 -1.2 -1.2 -1.2 -1.2 0.8 10.8 21.4 27.9 38.7 45.8 56.8 65.7 73.3 76.8 79.3 78.2 74 71 59.1 46.9 70.4 92.3 109.1 123.3 141.6 156.9 168.1 175 180 183.7 187 189.1 191 193 195.2 196.9 199.8 201.8 202.6 203.4 204.2 204.8 204.7 203.5 202.2 200.9 199.9 197.5 193.7 189 192.8 192.5 190.9
-1.2 -1.2 -1.2 -1.2 -1.2 -1.2 -1.2 -1.2 -1.2 -1.2 -1.2 -1.2 -1.2 -1.2 -1.2 -1.2 -1.2 -1.2 -1.2 -1.2 -1.2 -1.2 -1.2 -1.2 -1.2 -1.2 -1.2 -1.2 -1.2 -1.2 -1.2 -1.2 -1.2 -1.2 -1.2 -1.2 -1.2 4 14.4 21.6 32.3 39.5 49.7 57.3 65.1 68 66.1 62.3 61.7 55.1 43.6 60.1 80.2 95.1 113.5 125.3 143.6 162.6 168.2 175.3 180.3 184.8 187 189.2 192 194.8 197.9 199 199 201.2 201.9 202.5 202.7 203.1 202.3 201.5 199.1 198 196.8 194.5 190.7 187.7 190 188.8 187.2
-1.2 -1.2 -1.2 -1.2 -1.2 -1.2 -1.2 -1.2 -1.2 -1.2 -1.2 -1.2 -1.2 -1.2 -1.2 -1.2 -1.2 -1.2 -1.2 -1.2 -1.2 -1.2 -1.2 -1.2 -1.2 -1.2 -1.2 -1.2 -1.2 -1.2 -1.2 -1.2 -1.2 -1.2 -1.2 -1.2 -1.2 -1.2 9.3 16.7 25.1 31.5 41.8 50.5 57.2 57.7 55.8 55.4 50.2 35.4 50.1 62.1 78.6 98.8 115.9 127.4 149 163.1 171.9 178.3 182.3 185.7 188.4 191.2 194 196.7 199.3 200.9 201.8 201.1 200.9 201 201.1 200.9 199.9 199.3 195.7 194.6 193.2 190.8 187.5 184 189.6 186.6 183.7
-1.2 -1.2 -1.2 -1.2 -1.2 -1.2 -1.2 -1.2 -1.2 -1.2 -1.2 -1.2 -1.2 -1.2 -1.2 -1.2 -1.2 -1.2 -1.2 -1.2 -1.2 -1.2 -1.2 -1.2 -1.2 -1.2 -1.2 -1.2 -1.2 -1.2 -1.2 -1.2 -1.2 -1.2 -1.2 -1.2 -1.2 -1.2 -1.2 11.9 19.2 26.3 35.8 44.9 50.6 52.1 45.2 42.2 39.1 32.9 51.3 64.9 82.9 101.7 116.6 132.8 150.2 165.7 174.9 180.9 184.7 188.1 190.6 193.2 195.9 198.7 200.5 202.1 202.5 201.3 199.9 199.9 199.8 198.2 196.8 194.3 192.3 191.7 189.5 186.5 183.6 181.4 186 183.3 180.7
-1.2 -1.2 -1.2 -1.2 -1.2 -1.2 -1.2 -1.2 -1.2 -1.2 -1.2 -1.2 -1.2 -1.2 -1.2 -1.2 -1.2 -1.2 -1.2 -1.2 -1.2 -1.2 -1.2 -1.2 -1.2 -1.2 -1.2 -1.2 -1.2 -1.2 -1.2 -1.2 -1.2 -1.2 -1.2 -1.2 -1.2 -1.2 -1.2 9.2 14.1 21.2 30.5 40.6 44.9 44.7 31.8 29 28.5 43.4 59.1 78.2 93.8 108.6 127.9 145 157.5 170.2 178.2 182.8 186.7 190.4 193.2 195.5 197.9 199.3 201.6 203.2 202.1 199.1 198.8 196 196.5 195.1 192.9 190 188.5 188.2 186.3 182.9 179.6 178.2 180.2 177.4 175.9
-1.2 -1.2 -1.2 -1.2 -1.2 -1.2 -1.2 -1.2 -1.2 -1.2 -1.2 -1.2 -1.2 -1.2 -1.2 -1.2 -1.2 -1.2 -1.2 -1.2 -1.2 -1.2 -1.2 -1.2 -1.2 -1.2 -1.2 -1.2 -1.2 -1.2 -1.2 -1.2 -1.2 -1.2 -1.2 -1.2 -1.2 -1.2 -1.2 8 10.2 19.4 27.5 35 38.9 26.2 24 31.1 41.8 55.2 72.3 87.6 102.7 118.9 141.3 159.5 167.4 174.5 180.6 186.2 190 192.7 195.2 198 200.9 201.2 203.3 202.2 201.5 200.2 197.2 195 193.2 192.2 188.1 185.2 184.8 184 182.5 178.8 174.6 173.7 172.8 169.4 168.9
-1.2 -1.2 -1.2 -1.2 -1.2 -1.2 -1.2 -1.2 -1.2 -1.2 -1.2 -1.2 -1.2 -1.2 -1.2 -1.2 -1.2 -1.2 -1.2 -1.2 -1.2 -1.2 -1.2 -1.2 -1.2 -1.2 -1.2 -1.2 -1.2 -1.2 -1.2 -1.2 -1.2 -1.2 -1.2 -1.2 -1.2 -1.2 -1.2 7 9 16.5 25 28 22.7 18.3 29.5 37.4 48.3 60.8 75.3 92 107.7 127.5 149.2 164.5 173.5 180.6 185.8 189.9 192.7 195.2 197.4 199.4 201.9 203.3 203.4 202 200.5 199.1 196.1 194.4 189.7 189.3 183.3 181.4 180.7 180.2 178 173.9 169.1 168.8 166.6 164.6 168.9
-1.2 -1.2 -1.2 -1.2 -1.2 -1.2 -1.2 -1.2 -1.2 -1.2 -1.2 -1.2 -1.2 -1.2 -1.2 -1.2 -1.2 -1.2 -1.2 -1.2 -1.2 -1.2 -1.2 -1.2 -1.2 -1.2 -1.2 -1.2 -1.2 -1.2 -1.2 -1.2 -1.2 -1.2 -1.2 -1.2 -1.2 -1.2 -1.2 6.3 7.3 11 13.2 13.9 13.7 27 33.7 42.3 51.6 61.7 77.7 94.8 114.9 136.7 151.1 168.7 180.7 187 191 193.4 195 197.2 198.7 200.6 202.8 203.9 203 201.1 199.4 197.4 194.7 192.4 189 184 181.1 176.6 175.8 176.6 173.1 169 163.7 163 163.6 166.6 172.4
-1.2 -1.2 -1.2 -1.2 -1.2 -1.2 -1.2 -1.2 -1.2 -1.2 -1.2 -1.2 -1.2 -1.2 -1.2 -1.2 -1.2 -1.2 -1.2 -1.2 -1.2 -1.2 -1.2 -1.2 -1.2 -1.2 -1.2 -1.2 -1.2 -1.2 -1.2 -1.2 -1.2 -1.2 -1.2 -1.2 -1.2 -1.2 -1.2 5.6 7.3 10.7 9 11.5 22.1 32.3 36.2 43.4 52.8 60.9 78 96.9 119.3 141.3 158.4 175.7 187.9 194.5 194.6 193.4 196.1 197.6 199.3 201 203.1 203.3 202.4 200.6 198 194.7 191.6 188.5 186.8 184.2 178.5 175.6 170.2 172.9 168 163.1 161.1 159.5 164.8 171.5 173.7
-1.2 -1.2 -1.2 -1.2 -1.2 -1.2 -1.2 -1.2 -1.2 -1.2 -1.2 -1.2 -1.2 -1.2 -1.2 -1.2 -1.2 -1.2 -1.2 -1.2 -1.2 -1.2 -1.2 -1.2 -1.2 -1.2 -1.2 -1.2 -1.2 -1.2 -1.2 -1.2 -1.2 -1.2 -1.2 -1.2 -1.2 -1.2 3.9 4.9 4.4 6.3 10.7 23.6 30.1 31.4 35.2 42.6 50.9 60.3 80 99.9 124.2 148 166.3 181.3 195 198.2 194.3 193 196.2 197.5 199.4 201 202.3 203.1 201.7 198.8 193.4 190.1 187.1 185.1 182.9 181.5 177.7 171.8 164.6 168.2 163.2 159.5 159 165.2 167.4 171.7 175.7
-1.2 -1.2 -1.2 -1.2 -1.2 -1.2 -1.2 -1.2 -1.2 -1.2 -1.2 -1.2 -1.2 -1.2 -1.2 -1.2 -1.2 -1.2 -1.2 -1.2 -1.2 -1.2 -1.2 -1.2 -1.2 -1.2 -1.2 -1.2 -1.2 -1.2 -1.2 -1.2 -1.2 -1.2 -1.2 -1.2 -1.2 -1.2 3 4.8 6.3 7.1 8 17.1 24.2 28.8 33.7 40.6 49.4 61 81.6 104.2 130.3 151.8 170 185.8 196.8 195.9 191.8 190.3 193.2 194.4 197.2 198.9 200.5 201.4 199.5 195.7 190.6 187.4 184.3 181.5 179.9 178.4 174.8 170.3 161.5 161.5 159.6 158.2 159.7 169.5 172 173 176
-1.2 -1.2 -1.2 -1.2 -1.2 -1.2 -1.2 -1.2 -1.2 -1.2 -1.2 -1.2 -1.2 -1.2 -1.2 -1.2 -1.2 -1.2 -1.2 -1.2 -1.2 -1.2 -1.2 -1.2 -1.2 -1.2 -1.2 -1.2 -1.2 -1.2 -1.2 -1.2 -1.2 -1.2 -1.2 -1.2 -1.2 -1.2 3.2 4.6 6.2 7.7 7.6 9.2 16.3 23.3 32.6 38.9 47.9 63.3 82.1 105.8 131.3 152.9 171.9 188.3 192.6 190.4 186.8 185.7 188.3 191.6 194.6 196.5 197 197.1 195.4 191.3 187.4 183.6 180.5 177.9 176 174.4 171.6 165.6 159 157.3 153.9 154.4 165.3 167.3 170 172.8 176.4
-1.2 -1.2 -1.2 -1.2 -1.2 -1.2 -1.2 -1.2 -1.2 -1.2 -1.2 -1.2 -1.2 -1.2 -1.2 -1.2 -1.2 -1.2 -1.2 -1.2 -1.2 -1.2 -1.2 -1.2 -1.2 -1.2 -1.2 -1.2 -1.2 -1.2 -1.2 -1.2 -1.2 -1.2 -1.2 -1.2 -1.2 -1.2 2.9 4.4 5.2 6.2 6.1 5.3 8.7 21.2 31 38.1 46.3 59.6 83.6 95.7 121.3 146.6 167.1 180 184.2 183.5 181.2 180.6 183.8 187.4 191.2 192.3 193.1 192.8 191 186.9 184.1 181.3 178.5 174.3 171.3 170.4 166.7 159.5 157 153.9 152.2 161 164.1 167.6 169.8 172 175.4
-1.2 -1.2 -1.2 -1.2 -1.2 -1.2 -1.2 -1.2 -1.2 -1.2 -1.2 -1.2 -1.2 -1.2 -1.2 -1.2 -1.2 -1.2 -1.2 -1.2 -1.2 -1.2 -1.2 -1.2 -1.2 -1.2 -1.2 -1.2 -1.2 -1.2 -1.2 -1.2 -1.2 -1.2 -1.2 -1.2 -1.2 2.6 3.9 4 4.4 4.8 4.7 5.1 7.9 18.6 28 34.9 43.2 55.2 75.2 92.1 110.8 129.9 146.8 164 176.2 175.7 174.3 173.8 179.1 182.6 186.3 187.9 188.7 188.5 186.5 183.3 179.8 177.2 173.8 169.3 166.7 164.1 161.5 154.2 149.9 148.9 157.5 162 165.4 166.8 168.3 170.2 173.1
-1.2 -1.2 -1.2 -1.2 -1.2 -1.2 -1.2 -1.2 -1.2 -1.2 -1.2 -1.2 -1.2 -1.2 -1.2 -1.2 -1.2 -1.2 -1.2 -1.2 -1.2 -1.2 -1.2 -1.2 -1.2 -1.2 -1.2 -1.2 -1.2 -1.2 -1.2 -1.2 -1.2 -1.2 -1.2 -1.2 -1.2 3.3 3.4 3.7 5.4 5.1 4.8 4.9 6.9 15.2 26.3 35.5 43.8 51.4 61.3 76.9 90.9 108.1 129.5 145.8 160.9 165.9 165.1 167.8 173.5 177.3 180.8 183.2 184 183.4 181.6 178.1 175.6 173.1 169.9 165.3 162.5 160 155.7 149.3 146 153.2 158 161.2 164.2 165 167.2 170.3 172.7
-1.2 -1.2 -1.2 -1.2 -1.2 -1.2 -1.2 -1.2 -1.2 -1.2 -1.2 -1.2 -1.2 -1.2 -1.2 -1.2 -1.2 -1.2 -1.2 -1.2 -1.2 -1.2 -1.2 -1.2 -1.2 -1.2 -1.2 -1.2 -1.2 -1.2 -1.2 -1.2 -1.2 -1.2 -1.2 -1.2 -1.2 3.4 3.5 3.5 4.2 4.8 4.8 4.9 6.3 14.2 23.7 33.4 41.8 49.1 56.1 66.4 80.3 92.6 109.7 126.6 141.6 151.3 156.8 163.3 166.2 170.9 176.5 178.5 179.5 178.5 176.7 174.6 172.2 169.2 165.9 161.4 157.5 155.2 149.9 145 142.3 152.9 156.1 159.7 159.9 162.1 165.6 171.9 174.6
-1.2 -1.2 -1.2 -1.2 -1.2 -1.2 -1.2 -1.2 -1.2 -1.2 -1.2 -1.2 -1.2 -1.2 -1.2 -1.2 -1.2 -1.2 -1.2 -1.2 -1.2 -1.2 -1.2 -1.2 -1.2 -1.2 -1.2 -1.2 -1.2 -1.2 -1.2 -1.2 -1.2 -1.2 -1.2 -1.2 -1.2 3.2 3.3 3.1 3.5 3.9 4.6 4.9 4.7 11.6 21.2 31 39.7 47 53.8 60.7 70.7 82.2 92.5 107 119.2 132.2 142.5 156.8 160.5 166.5 171.2 173.7 175.3 173.8 171.5 169.6 168 166.2 162.5 156.9 151.6 149.6 144.7 141.5 146.8 153.3 157.6 157.5 160.8 165.1 167.7 171.7 174.5
-1.2 -1.2 -1.2 -1.2 -1.2 -1.2 -1.2 -1.2 -1.2 -1.2 -1.2 -1.2 -1.2 -1.2 -1.2 -1.2 -1.2 -1.2 -1.2 -1.2 -1.2 -1.2 -1.2 -1.2 -1.2 -1.2 -1.2 -1.2 -1.2 -1.2 -1.2 -1.2 -1.2 -1.2 -1.2 -1.2 -1.2 -1.2 -1.2 -1.2 2.7 2.9 3.7 4.2 4.7 7.7 17.1 30.1 37.5 43.5 52.8 57.4 58.9 67.7 75.2 88.3 101.9 118.1 133.2 148.3 155.2 161.1 166.1 168.5 169.1 168.4 166.3 164.7 163.9 162.7 158.5 151.8 145.5 143.8 139.8 137.8 147.2 154.3 158.2 159.6 164.4 169 172 174.3 175
-1 -1.2 -1.2 -1.2 -1.2 -1.2 -1.2 -1.2 -1.2 -1.2 -1.2 -1.2 -1.2 -1.2 -1.2 -1.2 -1.2 -1.2 -1.2 -1.2 -1.2 -1.2 -1.2 -1.2 -1.2 -1.2 -1.2 -1.2 -1.2 -1.2 -1.2 -1.2 -1.2 -1.2 -1.2 -1.2 -1.2 -1.2 -1.2 -1.2 -1.2 -1.2 -1.2 -1.2 4.1 5.9 9.4 24.4 32.2 37.8 44.3 50.1 51.9 54.6 65.6 75.4 90.5 107.7 124.2 136.8 149.6 154.6 159.7 163.3 164.5 163.9 161 159.6 158.4 157.6 152.9 145.3 140.3 138.3 131.3 132.2 146.1 154.5 159 162.9 167.4 171.8 175.8 176.9 178.1
-0.8 -1.2 -1.2 -1.2 -1.2 -1.2 -1.2 -1.2 -1.2 -1.2 -1.2 -1.2 -1.2 -1.2 -1.2 -1.2 -1.2 -1.2 -1.2 -1.2 -1.2 -1.2 -1.2 -1.2 -1.2 -1.2 -1.2 -1.2 -1.2 -1.2 -1.2 -1.2 -1.2 -1.2 -1.2 -1.2 -1.2 -1.2 -1.2 -1.2 -1.2 -1.2 -1.2 -1.2 -1.2 -1.2 5.6 18.3 27.6 31.4 36.7 42 43.6 48.1 57.4 67.2 81.5 97.9 112.1 128.2 140.3 148.2 153.7 157.9 160 160.3 157.5 154.1 152.3 149.7 145.3 137.7 135.6 132.6 128.8 134.9 147.3 155 160.2 162.9 169.2 173.2 176.7 179.1 180.8
-0.6 -0.8 -1.1 -1.2 -1.2 -1.2 -1.2 -1.2 -1.2 -1.2 -1.2 -1.2 -1.2 -1.2 -1.2 -1.2 -1.2 -1.2 -1.2 -1.2 -1.2 -1.2 -1.2 -1.2 -1.2 -1.2 -1.2 -1.2 -1.2 -1.2 -1.2 -1.2 -1.2 -1.2 -1.2 -1.2 -1.2 -1.2 -1.2 -1.2 -1.2 -1.2 -1.2 -1.2 -1.2 -1.2 -1.2 7.7 22.4 27.8 30.7 34.5 38.1 42.2 49 58.4 73.5 87.1 102.5 118 132.2 142.4 148.3 152.7 153.9 154.7 153.6 150.5 147.6 143.7 138.6 133.2 129.5 127.4 130.1 138.3 149.6 156.8 161.8 166 171.9 175.5 179 181.4 185.9
-0.4 -0.7 -0.9 -1.2 -1.2 -1.2 -1.2 -1.2 -1.2 -1.2 -1.2 -1.2 -1.2 -1.2 -1.2 -1.2 -1.2 -1.2 -1.2 -1.2 -1.2 -1.2 -1.2 -1.2 -1.2 -1.2 -1.2 -1.2 -1.2 -1.2 -1.2 -1.2 -1.2 -1.2 -1.2 -1.2 -1.2 -1.2 -1.2 -1.2 -1.2 -1.2 -1.2 -1.2 -1.2 -1.2 -1.2 -1.2 7.2 20.4 25.8 29.5 33 36.9 42.9 51.6 64.4 73.4 89.2 106 122 135.2 142.2 146.7 148.8 148.9 148.3 145.3 142 137.1 131.9 127.8 117 124.4 132.6 143.1 152.9 158.6 163.8 167 173.5 178.4 182.2 185.8 187.6
-0.2 -0.5 -0.8 -1 -1.2 -1.2 -1.2 -1.2 -1.2 -1.2 -1.2 -1.2 -1.2 -1.2 -1.2 -1.2 -1.2 -1.2 -1.2 -1.2 -1.2 -1.2 -1.2 -1.2 -1.2 -1.2 -1.2 -1.2 -1.2 -1.2 -1.2 -1.2 -1.2 -1.2 -1.2 -1.2 -1.2 -1.2 -1.2 -1.2 -1.2 -1.2 -1.2 -1.2 -1.2 -1.2 -1.2 -1.2 -1.2 7.5 17.4 26.6 27.8 31.8 37.6 48.4 59.5 64.9 77.7 96.1 113.4 127.6 134.8 141.5 144.5 126.1 119.2 137.3 132.9 129.6 124.8 119.7 115.2 127 135.6 146.9 156.3 161.9 166.4 170.8 176.1 181.3 185.3 189.2 191.5
-0.1 -0.3 -0.6 -0.9 -1.2 -1.2 -1.2 -1.2 -1.2 -1.2 -1.2 -1.2 -1.2 -1.2 -1.2 -1.2 -1.2 -1.2 -1.2 -1.2 -1.2 -1.2 -1.2 -1.2 -1.2 -1.2 -1.2 -1.2 -1.2 -1.2 -1.2 -1.2 -1.2 -1.2 -1.2 -1.2 -1.2 -1.2 -1.2 -1.2 -1.2 -1.2 -1.2 -1.2 -1.2 -1.2 -1.2 -1.2 -1.2 -1.2 6.8 14.6 26.2 29.1 37 42.8 53.4 61.4 71.6 87.4 105 117.4 126.2 134.9 139.9 130.7 128.1 115.2 125.9 121.9 118 109 121 130.2 139.6 151.1 158.7 164.8 168.8 173.2 178.7 185.5 186.9 190.7 193.9
0.1 -0.2 -0.4 -0.7 -1.2 -1.2 -1.2 -1.2 -1.2 -1.2 -1.2 -1.2 -1.2 -1.2 -1.2 -1.2 -1.2 -1.2 -1.2 -1.2 -1.2 -1.2 -1.2 -1.2 -1.2 -1.2 -1.2 -1.2 -1.2 -1.2 -1.2 -1.2 -1.2 -1.2 -1.2 -1.2 -1.2 -1.2 -1.2 -1.2 -1.2 -1.2 -1.2 -1.2 -1.2 -1.2 -1.2 -1.2 -1.2 -1.2 -1.2 6.4 18.8 30.4 35.6 40.5 47.1 55.3 64.3 77.9 92.5 104.6 116.4 125.5 125.9 123.9 110.3 102.5 106.4 116.7 112 105.3 126.3 136.3 143.9 152.8 160.3 167.7 171.8 177.8 180.5 183.7 188.2 192.7 196.2
0.3 0 -0.4 -0.7 -1 -1.2 -1.2 -1.2 -1.2 -1.2 -1.2 -1.2 -1.2 -1.2 -1.2 -1.2 -1.2 -1.2 -1.2 -1.2 -1.2 -1.2 -1.2 -1.2 -1.2 -1.2 -1.2 -1.2 -1.2 -1.2 -1.2 -1.2 -1.2 -1.2 -1.2 -1.2 -1.2 -1.2 -1.2 -1.2 -1.2 -1.2 -1.2 -1.2 -1.2 -1.2 -1.2 -1.2 -1.2 -1.2 -1.2 -1.2 7.8 24.2 34.2 37.3 42.9 50.4 57.6 69.6 82.1 89.7 96.5 99.9 99.4 102.3 100.8 92.8 93.1 117.3 102.4 109 130.1 138.8 146.7 154.9 163.5 169.7 174.6 178.2 181.9 185.5 190.4 195 199.8
