STL Generation/terr50_gagg_gb/data/NX29.asc
ncols 200
nrows 200
xllcorner 220000
yllcorner 590000
cellsize 50
[rows 0 to 34 of 200, columns 78 to 155 of 200]
45.2 45.6 42.9 35.5 39 40 40.5 41.9 42.3 43.5 43.9 44.3 45.3 45.8 48.1 49.4 48.2 48.5 55.5 60.4 63.2 64.7 65 67.4 66.9 62.8 59.5 59.4 61.2 64.9 64.9 60.8 66.3 70 72.3 72.4 70.8 77.7 83.6 87.8 88.3 92.5 99.3 104.8 107.5 105.8 103.5 100.9 101.1 103.3 104.8 107.8 110.8 112.9 116 120.1 123.7 129.3 129.2 128.8 129.3 129.9 131 130.6 128.2 124.4 121.5 118.3 116.4 118.2 118.9 118.9 124.9 129.2 135 140.9 146.7 152.8
48 46.2 43.9 39.9 42.3 45.3 45.7 46.5 47.6 46.6 45 45.2 46.9 49.2 50.6 53.2 55.8 59 60 58.4 62.2 65 68.4 70.8 73 73.8 68.7 67.1 71.7 73.5 74.2 68.1 74.3 77.8 81.5 84.5 83.8 83 88.9 94.8 95.5 99.4 106.4 112.8 113 113.2 112.9 111.3 110.2 112.8 114.7 116.6 119 120.8 123.2 126.1 129.2 131.4 132.5 134.4 134.6 135.1 135.3 134.8 133.2 129.7 129.3 127.3 128.3 129.4 130.9 136.6 141.9 143 144.7 150 158.6 167.3
48.2 48.1 47.6 47 47.6 49 49.8 50.4 52.4 52.7 51.4 54.8 58.1 58.3 59.9 63.6 66 67.8 70.4 67.1 65.6 70.1 72.9 75.4 77.3 77.7 77.6 78.9 80.3 80.6 81.4 73.3 83.6 86.1 88.8 91.1 92.1 91.3 91.7 97.1 101.8 107.1 111.8 117 119.7 121.7 120.8 120.5 119.4 121.3 123.4 125.2 127.6 128.1 130.1 133 135.7 136.8 139.5 141.9 143.9 143.5 145.3 146.8 145 145.2 146.8 148.1 153.5 157.4 163.8 169.1 159.8 156.5 155.9 161.1 167.5 170.8
50.4 49.6 50.4 51.6 51.3 51.3 52.2 53.2 55.6 60.1 59.5 62.9 65.5 67.4 68.4 71.5 73.2 75.3 75.3 75.7 69.3 78 83 81.4 80.5 82.6 83.8 85.4 87.3 85.4 88.2 85.4 92.3 98 99.8 97.9 97.9 99.5 97 101.7 108.3 114.8 119.2 121.7 123.1 125 127.7 126.6 128.2 129.9 131.3 132.8 134.3 137.9 138.9 141.2 144.6 146.6 148.8 150.5 155.2 156.8 160.6 166 167 168.9 180.9 186.6 191.1 188.8 183.1 181 176.8 173.6 175.1 175.4 183.8 187.7
52 50.7 51.4 52 52.2 51.1 53.3 56 58.5 61.5 63.7 66 69 71.6 74 75.9 78.3 80.2 81.7 83.2 80.5 79.2 84.1 82.6 83.7 86.3 88.5 89.9 93.1 94 94.8 98.3 95.6 99.9 105.6 106.4 103.4 106.8 103.3 108.5 115.8 121.1 125.9 127.6 130.4 132.3 134.9 135.1 135.2 137.8 139.8 142.4 145.1 148.4 150.1 153.9 156.1 158.5 162.2 166.2 172.1 178.6 185.5 192.1 199.4 207.2 208.3 209.2 207.5 203 202.8 202.7 203.4 201.4 204.4 205.9 207.3 209.8
53.5 50.7 50.5 50.8 51.3 49.8 51 56.4 59.4 61.8 64.5 67.4 70.4 74.7 77.7 80 81.5 84.1 86.6 89.3 85.7 75.9 81.8 85.4 86.2 89.5 91.4 95.1 97 97.9 102.6 104.7 107.4 107.8 107.5 107.3 107.9 107.8 105.2 112.3 120 126.1 130.6 132.9 137.6 143.2 145.6 145.8 145 149.1 151.5 155.6 157.2 161.5 165.5 168.7 174.4 178.1 181.1 186.3 194.3 204.6 208.8 221 224.1 226.8 229 227.8 227.1 226.5 226.2 228 230.2 230.7 231.3 231.2 233.3 233.7
58.5 55.6 53.3 52.6 53.2 53.8 53.3 53.9 58.3 62.1 65.3 69 73.2 78.5 83.3 86.2 88.3 90.5 92.1 92.3 94.4 90.3 91 90.1 88.6 92 97.2 100.8 103.5 105.7 109.2 111 112.5 113.3 111.8 111.9 113.2 113.7 113.3 117.4 125.1 130.7 135.6 138.9 143.1 150.1 154.2 157.7 159 162.8 165.8 169.8 172.7 179.5 184 185.7 188.5 195.5 202.7 209.8 219.1 230 236.6 240.3 245.4 250.4 253.4 258.5 259 256.5 252.4 254.4 254.2 255.2 252.2 250.5 252.6 252.2
68.1 67 64.2 60.7 57.7 55.8 56 55.9 57.4 62.2 65.8 70.8 76.1 81.1 87.4 92.1 95.9 99.7 101.8 103.2 102.9 100.1 99.4 96.1 92.8 96.2 102.1 106 109.3 112.4 115.7 117.1 118.2 117.2 117.5 118 124.7 122 122.5 122.7 132.6 138.4 142.9 147.2 152.6 159.8 165.2 167.9 171.9 174.9 177.2 183.3 185.5 195.1 198.1 202.4 207 216.4 225.8 235.6 242.5 249.3 254.7 261.6 266.8 272.3 277.6 281.1 278.1 275.9 271.4 269.1 268.8 268.3 267 268.3 267.5 266
72.3 73 72.4 71.9 69.1 65.9 62.7 60.2 59 62 66.1 70.9 76.2 82.7 89.9 96.7 102.6 107.5 111.4 114.3 114.7 112.3 108.9 103.2 93.9 104.2 108.6 112.1 116 119.2 122 123.9 125.2 127 127.4 126.3 131.6 130.8 131.4 132.1 135.4 143.9 150.6 155 161.6 169.4 173.8 178.7 184.3 189.6 190.8 197.7 199.6 210.3 211.4 217.2 227.8 241.1 248.1 253.2 258.2 263.5 267.8 272.4 278.2 285.3 289 291.8 291.8 287.9 285.7 282.8 282.5 283.8 283.1 279.8 279.2 278.5
76.5 76.9 77.6 77.8 76.8 74.4 71.5 67.1 65.8 65.1 67.4 74.1 79.6 85.3 92.2 98.9 105.1 112 117.6 121.4 123.6 121 116.7 110.9 100 110.7 115.5 119.4 121.7 124.9 128.4 131.4 131.7 135.3 138.5 141.1 138.4 139.1 140.7 141.1 141.5 144.7 152.3 161 169 176.3 182.5 188.3 196.5 202 205.5 210.6 214.4 222.5 227.3 232.8 244.6 256.9 262.8 267 270.9 276.6 281.8 286.9 293.5 298.9 301.4 302.9 301.4 301.6 299.7 296.7 295.1 295.1 293.9 291 288.8 287.5
77.7 80 82.5 83.1 83.1 82 79.5 76.3 73.3 72.9 71.3 75 82.7 89.1 96.1 101 106.3 112.9 120.4 124.7 127.7 127.8 124.4 121.6 108.8 115.3 124.6 128 130.7 131.9 135.5 138.9 140 143.4 146.1 147.6 150.2 149.1 150.4 151.5 152.2 154.4 157.3 163 169.1 178.1 187.6 198.1 206 214.2 219.1 225.6 226.8 229.7 243.1 248.9 256.1 266.6 275.3 281.5 285.2 292.1 299.8 302.8 304.9 309.8 311 310.8 308.8 307.6 307.9 307.5 305.7 303.7 303.1 301 299.1 298.2
81.5 83.6 86.9 89 90.6 90.7 89.2 87.2 84 83.5 79 81.6 88.1 94.1 99.5 103.8 107.7 112.8 120 125.4 128.7 132 131.7 131.7 115.9 118.1 134.1 137.5 140.2 142.2 145.1 147.6 150 150.4 155.6 157.3 157.6 159.6 161 161.7 165.2 163.6 167.6 171.6 177 184.4 196.2 208.4 215 223.6 230.1 236.9 238.8 239.9 254.3 261.9 267.7 273.3 281 288.6 296 303.1 310 313.8 312.6 314.1 315.6 315.7 313.9 312.4 312.6 313.5 312.2 310 308.5 307.1 307 306.2
90.6 88 92.5 95.7 97.4 97.2 97.1 95.4 93.8 90.4 86.8 91.1 95.9 105.6 111.7 118.6 125.7 129 126.6 128.8 132.6 135 138.9 139.7 119.5 127.6 142 148.5 151.3 153.8 156.5 159 161.5 161.7 167.8 167.6 168.9 170.2 170.3 173.2 176.3 177.8 179.4 184.3 190.1 197.4 205.2 218 227.4 235.2 243.1 251.9 258.9 257.4 263.3 271.5 278.5 284.6 290 296.7 303.2 308.7 314.8 319.6 319 318.3 317.9 316.6 316.5 315.9 316.5 317.3 317.1 316.2 314.6 312.6 311.5 310.9
96.7 95.6 98.6 99.8 103.8 104.6 104.4 102.6 100.2 96.3 94.1 102.2 106 116.8 123.1 129.2 134.5 136.6 139.2 140.6 141.4 139.6 140.6 141.8 125.6 146.3 152.9 156 161 164.6 167.7 170.5 173.5 175.2 177.7 175.2 177.4 180.2 181.6 186 189.4 192.1 198.1 203 208.1 215.8 223.4 229 243 249.6 256.3 262.9 270.7 270.6 273.8 279.2 285.6 290.6 296.9 302.8 308.4 313.4 318.5 322.1 321.8 320 318.5 317.1 316.5 317.4 318.3 319.4 318.8 320.8 318.7 316.4 315.7 315.3
99.4 99.5 99.4 101.7 105.9 110.7 111.1 108 106.2 102 98.2 104.8 109.4 120.6 126.1 131.6 137.6 141.7 143.2 145.4 147.8 144.7 145.3 132.8 146.9 157.5 162.3 166.3 169.2 174.8 178.1 181.5 184.8 185.9 187 187 187.8 189.6 192.9 199 202.6 208.8 215.9 222.8 231.5 239.1 246.3 260.7 267.6 268.7 273.1 276.3 279.3 279.1 282.2 286.3 290.5 294.7 300.6 307 312.9 318 321.8 323.6 322.6 320.3 318.6 317.1 315.9 315.7 317.9 320.2 321.1 321.1 321.1 320.2 319.4 317.8
104.8 102.9 99.6 100.9 106.4 110.5 111.1 113 110.5 108.9 109.2 117 116.9 117.5 119.2 124.9 134.7 141.5 144.6 147.5 151 150.4 151 139.7 158 164.6 171.6 175.5 177.2 184.6 188.4 191 193.7 196.3 198.2 198.2 196.8 202.4 208.4 214.9 223.7 229.3 236.8 243.7 256.3 269.2 280 285.9 287.9 286 285.4 284.6 286.4 284.9 286.8 291.4 294.4 297.3 299.9 309.6 314 319.4 321 322.1 321.1 318.5 315.5 312.9 312.8 313.8 315.5 318.4 320.4 321.1 321.1 321.1 321.1 321
109.7 106.2 103 103.1 105.4 109.3 112.4 116.5 117 116.1 120.6 128.5 131.3 132.4 136.4 140.2 129.4 135.4 144 148.2 151.3 152.8 152 152.1 163.7 169 178.9 183.2 186.6 191.5 196 198.9 201.4 203.8 205.8 206.5 209.4 216.3 224.3 230.1 237.7 244.2 251.8 265.1 275.6 291.2 298.1 296.3 296 295.3 294.2 293 292.8 291 289.7 292.4 295.7 298.7 301.7 307.1 312.5 316.5 319.8 320.6 317.9 313.9 310.3 308.4 309.2 310.4 311.9 314.1 317.8 318.4 320.8 321.1 320.8 320.9
113.1 110.5 106.8 106.5 108.4 109.4 113.7 120.2 122.7 122.1 126.7 133.5 138.9 142.2 146.2 146.1 146.6 137.4 144.7 151.3 154.9 157.1 151.9 154.8 168.9 176.9 182.1 188.2 192.3 197.5 202.2 205.9 207.9 210.4 213 217.9 221.5 228 235.4 241.6 249.5 260.5 271.4 283.2 291.2 297.2 303.4 303.3 301.7 301.7 300.8 299.6 298.3 295.9 294.3 294.1 297 299.5 302.6 305.8 310.2 313.4 315.2 315.6 313.6 309.4 304.6 302.8 304.5 306.3 308.2 310.2 313.3 315.3 317.6 320.3 320.5 319.4
118.9 115.3 110.7 110.3 109.1 108.9 114.2 121.4 124.8 127.1 132.5 140.8 146.9 151.3 155.1 153.4 153.2 151.2 137.9 149.2 157 161.8 154.9 165 177.9 184.9 190.4 193.6 197.6 203.8 209.5 215 220.2 223.7 222.6 227 232.4 241 249.1 259.1 269.3 279.4 289.2 296.9 303 305 305.1 306.3 305.3 304.4 303.8 304.7 301.4 298.5 296.1 296.1 297 298.5 303 306.7 309.6 311.6 312.3 310.6 308.7 303.2 299.6 300.3 302.3 304.1 306.1 307.9 309.5 311.4 313 314.7 315.9 315.8
116 116.9 114.4 112 110.3 113.9 120.5 124.2 128.4 132.2 137.8 144.9 153.1 159.3 163.3 161.3 160.4 158.3 150.8 151 158.7 165.1 166.4 174.8 183.4 193.5 198.4 201.7 203.9 210.3 217.1 222.8 225.7 231.1 233.6 238.6 246.5 256.6 268.5 279.5 288.3 297.5 305.7 308 310.8 310.4 307.7 304.9 304.5 305.9 304.2 300.6 300.7 296.2 293.5 292.5 292.7 293.9 298.1 302.7 309.5 312 312.4 310.6 309.2 300.3 296.7 300.7 302.8 303.9 305.5 306.6 308 309.9 311.4 312.7 314 314.3
108.6 111.8 114 115 114.9 116.4 122.8 127.7 134 137.2 143 147.8 158.1 163.9 166.6 167.5 165.7 160.2 152.6 153.1 158.4 164.7 169.1 177.8 187.8 198.8 206.6 210.6 212.7 218.1 224.5 228.7 232.3 237.9 245.6 255.5 265.1 276.9 285.5 296.2 305 310.9 312.1 313.1 309.9 307.9 306.9 305.4 302.2 300.7 298.6 294.7 293.4 293 290.3 288.7 289 289 291.3 295.2 302.2 307.1 309.7 308.5 305.1 296.6 298.3 300.7 302.4 304.1 305.9 307.6 309.1 310.4 312.2 314 314.2 314.6
109.5 111.5 115.8 116.4 119.7 121.1 126.5 133.9 138.3 142.2 148.3 154.4 160.3 166.4 168.8 166.3 162.8 158 154.3 156.1 164.4 166.2 173.1 179.4 189.3 200.4 208.3 214.6 219.6 224 229.2 236.1 241.4 247.7 254.6 263.1 272.3 279.6 286.8 295.5 303.3 310.3 311.7 311.2 309.3 305.8 304.4 302 298.7 295.4 293.5 290.5 287 286.7 285 284.1 283.6 284.5 285.4 288.6 291.3 297.3 301.1 301.9 298.7 293.4 291.6 295.4 298.1 300.8 304.6 307.4 309.8 312.3 313.9 316 317.8 318.5
114.7 116.4 117.9 119.1 119.6 126.3 130.9 139.4 144.4 148.2 152.7 158.6 162.9 167.7 167.9 165 161.4 157.7 156.1 157.4 163.5 169.4 177.3 186.4 196.1 201.9 206.7 213.9 220.7 226.1 232.7 238.1 244.3 250.6 256.5 264.2 271.6 278.7 286.3 292.8 298.7 302.5 305.4 305.9 304.3 301.2 298.1 295.8 293.1 289.3 287.1 284.1 281.5 280.1 279.7 279.1 278.2 279.1 280.6 282.9 285.2 287.2 290.5 292.2 288.8 284.5 284.8 289.4 292.6 295.5 300.3 304.2 308.8 313.2 315.3 318.4 320.7 322.1
121.9 123.4 123.8 124.3 130.1 134.6 139.7 143.8 148.3 151.7 157.1 161.7 164.9 166.6 163.9 161.2 159.7 158.5 161.2 166.9 168.3 175.5 182.8 193.1 201.2 207.5 213.3 217.8 224.1 230.1 236 241.6 247.1 252.7 259 265.3 272.2 279.5 285.5 291.1 295.5 299 299.9 299.9 299 296.7 293.5 289.7 286.5 283.4 280.5 279.8 278.6 277.3 276.4 274.1 272.7 272.9 273.6 275.7 278.1 279.5 280.9 281 281 279.2 278.7 282.9 286 289.6 293.6 298 301 307.2 310.5 313.4 313.8 316.7
129.6 130.8 131.1 136.5 137.7 137.2 142 148.1 153.4 158.5 162.5 166.2 169.5 170.3 165.7 167.5 165.7 166 168.1 171.2 174.8 184.1 194.9 200.1 205.7 212.7 218.1 223.5 228.8 233.7 239.6 245.2 250.5 255.4 261.6 268 273 278.4 283.7 288.4 292.2 295.3 296.6 295.9 295.3 292.3 288.9 284.4 278.4 275.9 275.1 274.2 274.6 274.9 273 269.7 269.2 269.1 269.2 269 271 272.1 273.2 275.1 276.5 275.7 276.4 279.3 280.9 283.3 284.7 286.3 287.4 290.7 294.6 298.8 300.9 304.7
131.6 133.6 135.9 137.9 137.2 139.1 144.5 152.2 158.7 163.7 167 170.5 174.2 173.3 172.5 174.6 173.7 174 176.5 178.2 176 189.3 199.6 207.3 212.2 216.4 221 225.5 229.3 235.1 241.2 247 252.7 257.9 264.1 270.8 277.3 282.5 287.1 290.2 291.4 292.6 293.7 294 291.8 287.8 284.8 277.7 271.4 267.3 269 267.9 268.6 271.2 272.8 270.6 267.8 265.2 264.7 264.7 266.7 268 269 269.7 270.9 271.3 273.7 276.2 278.1 279.8 281.5 283 284.9 286.1 288 291 294.8 298.1
132.3 135 137.3 138.2 141.3 146.5 151.3 161 164.9 169.4 172.7 176 179.2 180.5 180.6 181.4 181.4 185.6 187.1 183.3 183.4 183.8 199.8 206.3 213.5 219.8 221.2 225.3 229.2 235 241.5 246.8 252.1 258 265.1 271.6 276.6 281.7 286.4 289.5 289.4 290.7 289.8 289.2 286 283.1 276.5 267.9 260.8 260 263.9 261.2 262.9 266 267.4 268.5 269.1 265.7 262.8 263.5 263.8 264.3 265.2 266.6 268.2 269.3 268.5 270.4 272.6 276.4 280.2 281.5 282.8 284.8 287 289.3 293.3 296.1
131.7 134.9 139.2 142.8 149.4 152.6 157.8 168.8 171.9 175.1 178.4 181.7 185.1 187.3 188.6 189.4 190.1 194.1 196.3 195.3 191.9 188.2 200.4 206.9 212.4 216.6 220.5 224.8 228.8 233 238.6 243.7 250 255.8 261.4 266.6 270.9 274.6 278.4 280.5 281.2 282.4 281.6 281.3 277.9 270.2 263.8 255.1 254.5 257.5 256.9 255.6 256.8 259.2 262 264.1 266.6 263.9 261.8 262.5 263.4 264.3 266.2 266.4 269.3 269.1 268 266.5 267.2 269.5 272.6 275 278.1 280.5 281.5 284.5 287.4 289.6
132.3 135.8 140.1 147.3 151.8 155.2 159.3 167 173.3 179.1 182.5 187 191.2 193.9 195.5 198.8 201.6 204.5 206.2 206.8 207.1 203.2 201.9 211.9 216.6 220.3 224.1 228.2 230.3 233.4 237.4 239.9 244.9 248.9 250.6 253.3 253.6 257.3 262.7 265.6 266.9 267.3 268.5 268 264.7 258.9 255.1 252.6 251.6 252.2 252.8 255.6 257.4 258.5 259.4 259.9 260.4 260.7 261.8 263.1 264.3 265.2 265.6 265 266.9 269.7 269.5 267.9 264.7 263.8 266 268.8 271.2 273.2 276.3 279.1 281.5 283.7
135 139.3 142.3 150.9 155 159.8 161.1 168.1 174.8 181.8 189.7 193.7 197.7 200.4 202.2 206.4 209.4 212.9 215.1 215.6 217 214.7 209.6 210.8 220.7 224.6 228.4 231.4 232.8 235.3 238.8 241 243.8 245.5 244.7 249.9 255.5 261.2 261.7 259.3 257.7 259 259.4 259.7 257.9 255.4 253.3 252.3 250 252.1 254.5 256.9 259 261.6 263.9 265.5 266.2 266.7 267.3 267.8 268.2 267.2 266.2 264.4 262.7 263.3 263.5 263.8 263.9 260.9 260.8 263.4 266.3 267.5 270.6 273.7 275.2 276.9
138.7 144.1 149.6 154.3 158 162 165.1 170.9 177.7 183.9 191.7 198.4 203.6 207.5 209.9 212.3 215.5 218.8 221.8 223.8 224.2 220.9 219.1 216 218.1 225.2 228.9 228.9 233.8 240.7 246.5 249.9 253.5 256.8 259.5 262.5 265.6 263.7 259.6 254.6 254.5 255.9 257.5 259.6 261.6 260.6 257.8 254.8 250.9 249.6 253.6 255.5 258.4 261.5 264.5 266.5 266.6 267.1 268.6 269.6 268.7 265.3 260.6 257.9 256.4 256.2 256.4 257.1 257.1 253.5 255.4 258.2 261.4 263.6 266.3 269.2 270.2 272.2
140.3 145 149.9 155.2 160.9 164.8 169.1 174.3 180.6 186.8 194.2 202.6 209.2 212.5 216.2 218.6 221 225 229 230.8 230.4 229.5 229.1 229.8 229.2 227.4 227.7 237.1 241.5 245.1 250 252.2 256.1 260.2 263.6 267.5 269.1 262.1 253.9 251.7 252.5 254.3 254.7 251.8 254.3 256 254.3 254.9 251.5 245.1 250.1 252.7 254.3 256.4 260.1 260.5 260.6 261 262.7 263.4 262 258.2 254.3 250.5 249.6 249.4 249.3 249.5 250.2 247.8 250.7 254 257.4 260.1 262.3 265.4 267.6 268.9
141 145.5 150.3 155.4 160.6 165.4 171.2 176 181.8 188.3 194.6 202.3 212 220.1 222.8 225.5 228.9 232.7 236.2 239.2 242.5 242.6 241.4 242.4 243 242.9 244 248 246.6 248.3 248.9 251.1 254.2 257 259.1 261.5 262.1 258.3 251.2 249.2 248.6 247.1 246.9 244.5 247 249.3 249.8 250.8 246 241.1 244.2 246.1 248.1 249.9 253.2 254.5 254.8 255.6 257.2 257.7 257.2 253.6 248.3 245.1 243.3 242.4 242.3 243.9 244.4 243.7 247.5 250 252.7 255.1 257.9 261.1 264.1 266.8
140.6 144.8 149.6 152.6 159.1 165.1 172.1 178 183.1 189.3 194.5 200.9 210.1 219.2 227.9 232.6 236.2 240 246.2 251.5 254 256.2 255.3 256.2 254.6 252.9 253.4 253.6 253.4 254.3 253.7 253.7 254.3 254.4 254.8 254.8 254.2 252 250 245.4 242.2 239.5 238.9 239.5 239 242.8 245.5 244.8 242.3 239.5 243.5 244.9 245.3 245.3 246.8 248.9 249.8 250.5 252.2 254.1 253.1 248.8 244.1 239.7 237.9 236.7 236.7 239 237 242.8 243.9 245.7 248 249.2 252.5 255.6 258.7 261.7
139.7 143.2 148.3 156.3 161.3 165.5 171.7 178.2 185.6 191.4 196.9 203.2 211 219.2 227 234.9 242.5 247.8 252.7 257.1 260.2 263.1 264.9 263.7 261 259.5 259.5 259 258.9 259.3 257.6 256.7 256.2 255.2 254.4 253.2 251.3 250.8 249.4 242.6 235.1 230.9 234.1 234.6 235.1 237.5 239.3 237.4 236.5 240.6 240.9 241.7 242 241 241.8 243.1 244.7 246.3 248.1 250.5 249.2 244.6 239.9 234.8 232.7 231.8 232.2 229.9 237.4 239.6 241 241.8 243.4 244.6 247.2 249.6 252 255.2
