STL Generation/terr50_gagg_gb/data/NX36.asc
ncols 200
nrows 200
xllcorner 230000
yllcorner 560000
cellsize 50
[rows 37 to 73 of 200, columns 84 to 167 of 200]
77.7 77.4 77.8 77.7 77.9 77.9 77.2 76.3 75.6 75.6 74.8 74.8 74.9 73.6 73.7 70.9 70.8 68.5 68.6 65.2 66 66.9 67.7 69 71.7 72.2 75.1 80.5 83 87.9 91.1 92 91.5 87 88.3 85 84.4 83.8 83.2 85.3 85.7 88 88.1 87.8 89.5 89.4 89.6 90.6 88.9 85.9 81.7 75.5 71.2 69.4 66.6 64.5 61.9 61.1 60.5 59.7 59.8 58.2 53.1 44.4 40.8 37.3 34.5 33.3 32.3 31 32.2 34.4 35.3 36.4 34.6 32 32 32.6 33 33.8 33.2 33 31.7 31.2
78.1 77.6 77.6 77.6 77.8 77.5 76.6 76.2 75.7 76.5 75.5 74.5 76.6 72.8 71.7 73.1 72.2 67.4 67.8 65.2 65 66.1 66.9 67.7 68.8 72.3 77.2 82.8 85.5 85.2 88.2 90.1 85.3 84.9 84.5 84.8 84.5 83.9 83.2 83.2 85.4 86.7 87.9 88.8 88.9 89.5 89.2 88.3 86.9 84.6 80.4 76.1 71.4 69.5 64.9 62.9 60.8 60.1 60 59.6 58.8 56.8 50.7 44.1 42.4 38.1 33.7 32.5 31.4 31 31.3 33.2 37.1 36.7 31.9 31.2 33.5 32.1 33.2 33.5 33.1 32.7 31.2 29.9
79.3 77.9 77.5 77.5 77.6 77.1 76.1 76 74.5 73.4 74 73.1 72.6 71.5 71.3 71.3 73.5 67.7 67 65.1 65.2 65.2 66.1 66.8 69.5 74.2 78.5 83.9 86.2 84.2 83.9 84.2 84.1 84.2 84.3 84.3 84.2 84.1 83.1 82.8 85.8 87.9 88.2 90.7 89.8 89.3 87.3 85.4 84.2 83.4 79.2 74.9 72.8 70.8 67.4 64.1 61 59.5 59.3 58.6 57 54 51 43.7 41.7 39 33.6 31.9 31 31.1 30.8 32.1 32.1 31.8 30.8 31.2 37.2 35.4 33.4 33.3 32 32.5 31.6 31
79.2 78.2 77.4 77.4 77.5 76.6 77.4 75.3 72.6 72.1 71.3 70.6 70.1 71 71.1 70.9 71 69.5 66.8 65.3 65 64.6 64.9 66.8 70.1 72.8 76.7 80.5 84.3 82.5 82.8 82.9 84.4 83 84.3 85.1 85.3 85.4 85.3 82.2 86.4 88.3 89.9 90.5 88.3 86 84.3 82.7 82.1 81.9 78 74.7 74 72.6 69.3 66 62.2 59.2 58.2 57.6 55.8 52.7 50 45.3 42.1 39 35.2 32 31 32.2 30.6 30.5 31.1 30.8 30.8 32.8 34.9 37 34.1 32.8 33.8 32.7 32.7 33.3
79.3 78.6 77.8 78.1 79.2 77.1 75.4 75.8 74.9 72.6 72.6 69.8 68.4 70.8 71.6 71.2 68.3 69.9 69.3 64.2 62.5 63.3 64 67.5 69.7 69 71.9 76 81 80 83.8 82 83.3 83 83.6 86.1 86.2 85.4 85.9 82.2 86.1 89.9 90.8 88.9 85.4 83.4 81.6 80.6 80.1 79.6 77.3 74.7 74.6 73.9 71.2 68 64 59.8 59.4 57.2 56.5 51.3 48.1 46 42.2 43.3 35 31.1 31 31.1 30.4 30 30.7 30.8 30.9 31.7 31.6 33.4 32.9 32.5 34.2 33.6 34.6 35.2
79.9 79.9 78.9 79 79.3 77 77.4 76.8 75.5 75.3 72.3 71.5 68.5 67.9 67.2 68.1 66.6 66.1 64.8 62.3 61.5 63.2 64.2 65.5 64.9 66 68.3 71.9 76.4 77.8 83.1 80.2 82.5 83.4 84.1 84.3 84.9 84.8 82.9 81.3 81.7 84.8 89.2 86.6 82.5 81.4 80.2 79.4 78.8 77.7 76 74.3 75.2 74.8 72.4 69.9 65.9 61.7 59.8 58.7 56.8 52.8 47.9 41.2 39.1 39.3 34.8 31.5 30.6 30.8 30.6 30.6 31.4 32.4 33.7 32.1 32 32.4 31.6 32.5 36.5 34.1 33.9 34.6
79.2 78.8 79 78.9 81 79.1 78.1 77.6 76 73.7 72.3 71.5 69.5 70.5 67.9 66.6 65.7 64.5 64.4 62.6 62 62.6 63.6 63.5 63.7 63.7 66.2 68 72.6 76.2 78 79.6 81.7 84.2 84.6 83.7 82.6 82.1 80.9 79.9 80.3 81.4 82.1 82.2 81.1 80.1 79.7 79.4 78.7 77.8 76.1 74.8 75.9 75.5 74.2 74.2 70.4 64.6 62.2 62.5 60.2 57.2 52 46.4 40.8 37.1 35.1 35.8 31.8 30.5 30.5 31.5 31.2 32 33.6 33.6 35 31.9 33.1 31.8 32.8 32.5 32.9 31.9
80.7 80.2 79.8 79.6 80.7 80 79.6 78.3 77.8 74.8 74.3 73.6 71.8 73.1 74.3 71.6 66.9 64.5 63.2 62.3 61.9 62.1 63.3 62 61.9 63.1 65.1 68.2 73.1 75.8 78.1 79.4 82.2 83.7 83.8 83 81 80 79.2 78.5 80 83.2 83.7 81.1 80.4 80.1 79.7 79.4 78.6 77.8 76.4 75.6 77.4 79.9 80.7 80.7 74.8 70 68.9 68.1 65.7 62.3 58.6 54.2 47 39.9 37.2 39.4 39.1 30.3 29.8 30.1 30.5 31.9 31.6 32.7 31.8 29.9 31 31.5 32 30.5 30.3 29.7
81.9 82.1 81.4 80.6 80.8 80.7 80.2 79 76.1 76 76.2 76 78.1 79 75.5 72.3 68.7 64.2 61.5 61.1 62.1 61 60.8 60.4 61.1 62.3 65.9 69.2 72.3 75.3 79.3 80.1 81.5 83.2 82.8 81.7 80.2 79.2 78.3 78.4 82 82.7 84.5 81.1 80.3 80.1 79.7 79.4 78.6 77.9 77.2 76.3 78.1 81.3 83.4 82.2 79.6 75.6 74.5 72.1 69.1 65.5 62.9 59.5 53.3 44.7 37.6 38.7 36.2 32.9 34.1 31 29.6 30.4 30.6 30.8 29.9 28.3 27.3 27.2 27.1 27.6 27.5 27.2
82.6 82.4 81.8 81 80.7 80.6 80.4 79.9 78.4 77.9 77.1 78.9 79.5 81.2 75.5 69.5 66.7 65.3 62.1 60.5 59.8 59.8 59 59.9 60.8 61.9 66.5 68.3 70.8 74.7 74.5 74.9 78.2 81.5 81.8 79.7 79.7 79.5 79.1 78.9 79.8 81.7 81.9 79.9 80.3 80.2 79.8 79.4 78.7 78 77.3 77.3 78.4 80 82.5 82.7 81.2 78.4 76.7 74.5 71.3 67 64.7 61 54.8 47.2 39.3 35.6 35.7 34.2 32.7 30.8 29.6 29.3 29 29 28.4 27.7 27.9 27.5 26.4 27.3 27.6 26.2
82.9 82.5 82.1 81.3 81.1 80.9 80.9 82.7 81.1 79.4 80 80.2 80.1 76.5 72.7 70.2 67.7 64.1 61.8 60.1 57.9 57.9 58.1 59.8 61.1 62.1 63.8 65.9 70.1 71.1 71 73.9 77.7 79 78.1 78.9 79.4 79.8 78.7 77.1 78.4 80.5 79.7 78.6 80 80.1 79.7 79.3 78.9 77.5 78 78.3 78.9 80.2 81.6 82.4 81.8 80.2 78.3 75 69.3 65.6 63.1 58.1 52.7 47.8 40.7 35 32.7 31.5 31.2 30.1 29.9 30 30.3 28 27.9 28.4 28.8 28.2 28 28.5 26.3 25.7
82.8 82.8 82.4 81.8 81.6 81.5 81.6 83.2 81.9 80.4 81.5 80.1 79.8 76.6 75.1 69.7 66.4 63 60.4 59 57.3 58.2 58.3 59.7 61.4 62.2 62.5 64.5 67.7 69.1 70.5 71.8 77.4 77.5 77.3 78.4 79.4 79.9 77.6 77.4 77.5 78.1 78.5 78.8 79.6 79.8 79.5 78.6 77.5 77.7 77.7 77.8 78.5 79.8 80.9 80.4 80.8 78.8 77.1 74 69.2 66 63.6 58.3 52.9 47.4 41.9 35.6 32.8 29.9 30.1 30.6 30.8 30.7 30 28.1 28.2 28.5 30.2 29.7 30.4 29.5 26.3 26.1
82.5 81.7 82 82.2 82.1 82.2 82.4 83.2 84.6 84.2 84.1 81.7 76.8 76.9 77 71.9 66.7 62.9 60.2 59.1 57.6 56.8 58.3 59.8 61.7 61.2 62.2 63.2 65.4 68.2 69.6 70.5 74.1 76.8 77 78.2 79.1 79.2 78 76.9 77.1 78.7 79.7 79.8 80.7 80.5 78.9 77.2 76.9 77 77.2 77.3 78.1 79.2 79.5 79.2 80.7 78.7 75.6 73.4 69.2 65.5 63.1 58.8 53.5 46.6 41.4 35.5 32.4 30.1 30.6 30.8 30.7 30.6 30.2 29 28.9 28.8 30.5 31.6 30.6 28.8 26.9 26
81.3 81.5 82.9 82.9 82.5 82.4 82.9 84.5 84.1 84 84.7 81.9 79.5 77.2 72.9 69.5 66.1 62.6 60.8 59 57.7 56.5 58.1 59 59.9 60.8 61.9 62.7 64.1 67.1 68.1 69.7 72.5 76.3 76.7 78 78.2 78.4 78.4 77.2 76.9 78.6 80 79.8 80.6 79.8 78.1 75.4 76.2 75.9 76.3 76.8 77.3 77.6 78 78.1 78.9 77.2 74.4 72 68.9 66.5 64.3 59.7 54.5 46.9 40 34.8 31.8 30.5 30.5 30.4 30.3 30.2 29.8 30.7 30.1 29.4 29.8 30.8 31.6 29.3 27.6 26.1
81.8 82 83.6 83.1 83.3 82.9 83.3 84.6 84.5 84.4 86.5 86.9 83.4 78 74.1 69.8 66.9 62.3 59.8 58.2 57.7 57 57.2 57.7 58.4 59.5 60.6 62.7 64 65.7 69.7 68.8 70.7 73.7 75.4 76.4 76.2 76.6 76.8 76.2 76.6 77.4 78.6 79.2 79.5 79.1 75.9 74.4 75.1 74.7 75.2 74.8 75.5 75.8 76.3 76.8 77.3 74.7 73.5 72.2 68.5 66.6 66.1 61.3 54.4 46.5 39.8 35.3 32.2 30.6 30.1 30 29.9 29.7 30.2 30.8 30.4 29.3 29.4 29.9 30.2 30.2 28.5 26.1
82.3 81.6 82.6 83.3 84.2 83.9 84 85.5 86.3 87.9 89.8 90.1 87.7 79 71.7 70 65.2 61.3 59.2 58.3 58.2 57.7 56.2 57 57.4 58.5 60.8 63.3 63.8 66.5 66.9 68.2 70.1 71 72 72.5 72.7 74.3 74.8 75.8 75.9 76.3 77 77.3 77.6 77.3 75.8 73.4 73.8 73.6 72.5 72.6 73.6 74.2 74.9 75.3 75.1 73.9 72.7 71.5 69.4 66.4 66.2 61.5 54.8 50.2 43.3 35.4 32.4 31.2 30.4 29.6 29.5 30 30 30.1 29.5 28.9 29 30.8 31.1 30.1 27.3 25.6
81.8 81.4 82.1 84 84.2 84 85.1 88.7 91.4 92.2 92.8 90.5 85.8 76.7 75.3 70.5 64.5 61.2 59.4 58.4 58.6 58.2 55.9 55.9 56.7 57.9 59.2 62.4 62.1 64.2 68.3 71.8 69.3 70.9 73.6 72 71.7 72.2 73.3 74.6 74.9 74.7 74.9 75.5 75.6 75.2 74.8 73.4 72.9 75.2 72.2 70.4 72.3 72.7 73.4 73.8 73.9 72.9 71.7 70.3 68.4 65.8 64.1 61.9 58.1 52.2 45.6 38.5 33.3 31.9 31.3 30.2 29.4 29.5 29.7 30.1 31.7 29.9 28.2 27.7 28.9 28 26.7 25
82 83.5 82.7 82.5 83.2 84.1 85.7 88.4 91.2 92.6 91.5 88 83.3 80.2 73.1 68.9 65.1 61.3 59.5 58.3 58.9 56.7 55.8 55.4 56.5 57.6 60.1 61.3 62 65.4 68 66.1 66.3 67.5 69.5 70.8 71.3 72.1 72.8 74.1 73.5 72.1 72.6 73.5 73.9 73.7 73.5 73.4 74.2 76.1 73.7 71 68.9 69.8 71.4 72.9 72.4 72.4 70.9 69.4 67.6 66.1 63.9 61.3 57.9 53.3 47.7 41.9 36.5 33.2 32.2 29.7 29.5 29.3 29.5 29.7 29.5 29.1 27.2 28 28.7 27.7 26.6 25.1
83.8 85.5 84.4 83.1 83.7 84.4 85.2 85.5 90 91.3 89.1 88.6 84.8 76 72.2 68.3 64.5 60.7 59.3 58.1 58.1 56.6 55.9 55.4 56.1 57.7 59 59.6 61.1 63.2 64 63.3 64.8 66.2 69.3 70.8 71.5 71.2 71.4 71.2 70.8 70.9 71.6 73.7 73.8 73.6 73.2 72.7 72.9 73 71.3 70.1 68.4 68.2 70 72 71.7 71.5 71.7 70 66.4 64.6 62.8 59.9 56.6 52.5 50.9 45.2 39 34 31.7 29.9 29.5 29.1 29 28.6 28.1 27.7 27.1 28.4 29.9 29.2 28.2 26.3
85.8 87.9 87.8 85.6 85.9 84.7 84.3 83.8 88.3 89.5 86.5 87.2 85.1 78.6 73.7 67.3 63.4 60.5 59.3 58 57.5 56.8 56.2 55.6 55.1 57.3 58.9 59.9 60.4 60.9 60.7 61 63 67.8 73 70.5 71 69.7 69.7 68.8 69.8 70.5 72.9 73.7 73.5 73.3 72.5 71.8 72.4 69.8 69.4 68.2 66.9 66.9 68.6 70.6 72.3 73.9 73.9 71.1 67.8 62.5 61.3 58.5 55.6 52.6 49.3 44.5 38 33.2 30.7 29.6 28.8 29 29 28.5 28.3 27.8 28.6 31.2 32.2 31.6 29.7 27.1
86.7 88.5 90.3 89 88.9 86.5 84.1 83.2 83.8 87.9 86.3 86.7 83.3 81.4 73.2 69.7 63.6 60.4 58.9 58.7 58.5 56.7 56.1 55.7 54.8 55.9 57.5 58.6 58.2 58.3 58.9 59.6 61.3 68.4 68.7 69 68.6 67.2 67.1 67.9 68.8 71.1 75.2 72.4 71.4 72.1 71.6 71.3 70.1 68.9 67.5 66.9 66.3 66.2 68.1 70.6 72.6 73.2 73.8 70.5 66.7 60.7 59.7 57.2 54.4 51.1 47.9 45.2 38.5 34 30.6 30 29.3 28.8 29 28 28.1 29.3 31 34.3 34.7 33.1 28.9 26.7
86.3 88.9 90.4 90.1 91.1 88.4 85.2 83 81.1 84.8 85 83.8 83.8 81 75.3 68.5 62.5 60.6 58.9 58.1 57.9 58 56.5 55.1 54.5 55.5 56.1 57.7 57.6 57.5 58.4 58.8 61.1 65.4 66.5 67.5 67.7 66.6 67.1 66.9 67.2 67.7 70.8 70.3 70.9 71.5 71.8 72.4 71.8 69.4 67.3 65.8 66 68.6 66.2 70.9 70.4 71.1 69.9 67.6 64.2 60.6 57.9 55.6 53.2 50.1 46.9 44 39.5 35.5 31.3 30.5 29.9 29.3 28.9 28.1 27.7 28.9 31.8 36.6 39.3 36.7 31.3 28
85.4 89.6 91.1 92 91.2 87.9 86.3 85.3 80.3 81 84.4 80.5 81.7 79.4 71.7 68.6 66.1 62.9 60.4 59.1 57.7 57.6 55.1 54.6 54.2 54.8 55.3 55.7 55.4 55.7 58.3 60.2 62.1 64.7 65.4 66.3 66.9 66 66 66 66.5 67.2 68.7 69.5 70.4 71.5 69.6 70.6 71.7 69.6 67.5 65.6 64.3 64.8 63.9 66.3 67.4 67.7 67.6 67 62.6 59.9 56.7 54.3 52.1 49.2 45.8 42.7 40.5 35.4 32.1 31 30.3 29.6 29 28.5 29 29.6 32.3 39.2 42.2 42 35.6 30.2
84.8 88.5 91.4 95 92.5 88.5 86.9 83.8 80 77.6 77.2 77.8 78.9 78.9 70.7 68.7 67.5 63.5 57.5 58 57 55.8 55 52.9 53.1 53.7 54.9 55 55.1 55.7 58.3 60.9 63.5 63.6 63.9 64.8 65.4 65.2 65 65.8 66.7 68.8 69.7 69 69.9 71.2 69.7 68.8 70.4 69.4 67.4 65.1 63.5 62.5 61.7 62.2 63.2 65 65 64.7 62 59.9 57 55 52.1 47.9 45.2 42.1 40 36 31.7 30.7 30 29.3 28.9 29.5 29.9 30 31.4 39.6 44.6 45.8 38 31.1
83.6 86.9 89.7 92.8 91.1 89.4 85.5 82 82.2 78.1 75.4 74.9 75 77 72 69.8 64.4 58.4 56.7 56.6 56.6 56.2 55.8 54.9 52.8 53.7 53.9 54.3 55.6 56.7 59 61.7 64.4 63.4 63.3 63.3 63.9 65.2 65.4 66.1 67.4 67.9 68.2 68.6 68.9 69.9 69.1 68.2 69.1 68.8 67 64.6 63 61.7 60.3 60.4 61.2 61.8 62 63.1 63.4 60.4 57.7 55.6 52.5 47.3 44.3 40.8 38.6 36.5 33.8 31.3 29.7 29.3 29.1 30.2 30.9 30.1 30.8 37.5 43.7 46 41.8 32.4
82.5 85.4 88.2 91.2 91.2 86.4 82.9 81.6 81.4 80.1 76.9 74 71.9 71.8 70.1 65.9 61.9 58.1 55.9 55.9 55.2 55.5 55.1 54.2 53.4 52.4 53.5 54.7 56.4 58.1 60.4 61.5 63.3 63.2 63.4 64.5 65.5 66.4 66.6 66.4 66.9 67.3 67.7 68.4 68.5 68.4 68.2 67.6 68.3 67.3 66.8 64.3 62.3 61.2 60 60.8 62.6 60.2 61.2 61.7 62.7 60.8 58.4 56.8 52.8 48.2 44 40.1 37.5 35.8 32.4 31 29.8 29.6 29.1 30.4 31.6 31.5 31.6 34 41.7 44.5 42 34.1
81.3 85.1 88.5 89.2 89 84.7 82.7 81.3 80 77.4 76.8 75.2 73 68.9 65.4 64 63.6 59.7 55.5 55.2 54.2 54.8 54.4 53.1 52.6 52.4 53.5 55.1 56.7 58.3 60.1 61.5 62.8 63.5 65 66 67 66.9 66.4 66.1 66.3 66.8 67.6 68 68.1 67.9 67.2 67.2 67.8 66.4 65.6 64.3 61.8 60.8 60.2 60.2 61 59.6 59.5 59.6 60.3 59 58.9 56.7 53.4 48.1 44 39.9 36.5 34.2 32.2 31.4 30.3 29.7 29.4 31 31.9 32.6 32.8 32.8 38.5 41.9 40.9 35.1
79.6 84.8 87.9 88.4 88.1 84.9 81.4 78.6 76.6 75.6 75.7 77.8 74.9 71.5 64.2 63.3 64.1 57.7 54.3 53.5 53 53.3 53.2 52.4 52.4 53.3 54.3 55 56.2 57.9 59.7 61.4 63.6 64.1 65.7 67.6 67.8 67.3 66.6 65.9 66 66.7 67.4 67.6 67.8 67.9 66.5 67 67.6 66.1 65.5 63.7 61.2 60.7 60.4 59.9 59.8 59.3 58.8 58.7 57.9 56.8 56.6 55.5 53 49.8 45.8 41.3 36.3 34.6 32.3 31.5 30.7 29.8 29.8 31.7 32.4 32.9 33.2 33 34.6 38.7 39.3 37
79 84.7 86.8 86.8 87 84.3 78.9 77.6 76.1 73.7 74.5 75 73.6 72.2 69.3 59.3 58.1 56.2 53.7 52.4 52.4 52.4 52.4 52.4 53.4 54.5 54.8 55.2 56.7 58.4 60 61.3 62.4 67.7 66.6 67.6 66.7 66.7 66.4 65.7 67.3 67 67 67.2 67.4 66.9 66.5 66.6 67.3 65.7 65.5 63.1 63.1 61.8 61 59.8 59.2 58.9 58.9 58.6 57.8 56.4 55.3 54.6 52.1 49.4 46.8 41.4 36.5 34.6 32.8 31.9 31 30.1 30.5 31 32.9 33.4 33.2 32.7 35.2 36.9 37.7 36.5
77.9 83.6 85.5 85.5 85.2 81.5 79.4 77.4 75.2 71.9 72.7 73.8 73.5 71.7 66.5 57.2 56.1 54.6 52.4 52.4 52.4 52.4 52.4 52.6 54.8 55.1 55.4 55.6 57.3 59 60.5 61.8 62.5 66.7 68 66.8 65.8 65.7 65.7 66.3 68.6 67.8 67.1 67.2 67.1 67 66.6 66.2 66.9 66 65.4 65.5 66.3 64.6 62.6 60.8 59.4 59.2 59.3 59.4 58 56.5 55.4 54.7 52.4 48.8 45.6 42.3 37 35.8 33.8 32.5 31.5 30.9 31.2 31.5 33.3 33.2 33.1 32.8 33.7 35.7 36.4 35.8
76.7 82.3 84.1 82.9 82.6 80.3 77.6 76 74.3 71.4 69.9 70.2 68.5 67.3 62.7 56.8 55.2 52.5 52.4 52.4 52.4 52.4 52.4 53.7 54.8 55.1 55.4 56 56.6 58.6 61 62.4 63.4 64.2 66.3 65.1 64.9 65.8 66.6 67.6 68.5 66.9 67.2 66.9 66.9 66.9 66.6 66.1 66.6 66.6 68.1 67.2 65.9 63.7 62.3 60.6 60 59.5 59.6 60.8 58.1 56.6 55.7 54.2 52.8 49.9 46.1 41.5 40.2 36.4 34.4 32.9 31.8 31.6 31.8 31.8 32.8 33.1 32.9 32.7 31.9 33.8 35.5 33.3
73.6 80.9 81.9 81.6 79.6 77 76.2 74.5 73.6 70.4 68.3 68.5 67.7 65.2 61.6 56.5 53.6 52.4 52.4 52.4 52.4 52.4 52.4 54.4 54.8 55.4 55.9 56.5 57 57.6 59.7 62.1 64 65.5 64.3 64.7 65.7 65.8 67.8 68.7 66.9 66.3 67.2 67 66.8 66.7 66.5 66 65.9 66.5 66.8 66.6 64.3 63.1 61.8 61.2 60.6 60 60.7 63.1 61 56.7 54.5 52.6 51.2 48.5 45.9 43 38.3 36.7 33.9 33.6 32.1 32.2 32.2 32.2 32 33 32.8 32.6 30.9 30.6 32.7 31.2
72.2 76.6 79.1 78 77.8 75.9 75.6 75 73.7 70.3 67.5 67.6 66.5 65.9 56.8 56 53.1 52.4 52.4 52.4 52.4 52.4 53.1 54.9 55.4 56 56.5 57 57.6 58.1 58.6 60.7 62.3 63.3 64.4 66.3 67.2 66.4 67.7 66.8 66 66.3 67.1 67.2 66.9 66.7 66.4 65.5 65 64.6 65.2 65.2 64.1 63.6 61.6 60.9 60.2 59.7 61.9 66.2 64.8 58.1 54.3 51 49.5 47.3 46.3 43.4 41.8 40.8 35 33.5 32.8 32.5 32.5 32.5 31.9 32.9 32.7 32.2 30.4 30.5 30.8 30.9
70 74.3 76.6 74.7 75.3 76.9 76.3 75 72.3 70.3 66.5 64.7 62.8 60.8 57.2 55 52.6 52.4 52.4 52.4 52.4 52.4 54.9 55.4 55.8 56.3 56.7 57.2 57.6 58.1 58.6 59.9 60.1 62 66.6 66.9 66.3 66.9 66.5 66.1 66.4 66.6 67 67.3 67.1 66.8 66.6 65.9 64.9 63.6 64 63.8 63.5 63.1 61.6 60.5 59.9 59.8 62 71.4 69.6 61.6 54.7 50.9 48.4 47.7 45.9 44 42.1 40.7 36.5 34.9 33.9 32.8 32.8 32.3 31.6 31.7 31.7 30.5 29.6 29.5 29.2 29.7
67.7 71 72.3 74.8 75.3 75.3 75.4 73.8 71.9 69 64.5 62.8 62 58.9 55.4 54.1 53.2 53.7 55.8 55 54 52.8 55 55.3 55.8 56.2 56.7 57.1 57.6 58 58.6 60.7 62 63.6 65.9 64 68 65.5 65.8 66.4 66.7 67 67.3 67.4 67.2 67 66.7 66 65.1 64 62.9 63.8 62.8 62.5 61.4 60 60 59.9 60.9 71.5 75.1 64.7 57.5 51.2 49.3 45.9 44.7 43.9 41 39.3 38.1 36.9 35 33.1 32.7 31.6 30.5 30.4 30.7 29.6 28.6 28.3 29.2 30
65 66.3 68.7 72.8 74.6 73.4 73.1 72 68.9 65.7 63.4 61.2 58.3 56.3 57.1 56.9 55 54.8 55 55.6 54.3 53.5 55 55.3 55.7 56.1 56.6 57 57.5 58 58.7 60.4 63.2 62 62.4 66.1 65.5 65.1 65.6 66.7 67 67.3 67.3 67.2 67.5 67.3 66.8 66.1 65.2 64.1 63.3 63.8 63.4 61.9 61.5 60.5 58.7 59.3 59.6 69.6 74.8 68.6 59.5 51.7 48.6 45.5 43.9 41.6 39.9 39.7 39.6 36.9 35.6 34.3 32.8 31.9 31 29.3 29.2 28.6 27.8 28.2 29.1 30.7
64 62.8 65.9 71.6 71.9 72.7 72.2 70.8 68.5 66.8 62.2 59.7 58 57.6 59.6 59.2 55.8 55.4 55.6 55.7 54.3 54.3 54.9 55.3 55.6 56.1 56.5 57 57.4 58 58.7 60 61.9 61.5 62.8 64 65.1 66.2 65.6 66.7 67 66.9 66.7 66.6 66.5 67.2 66.8 66.2 65.3 64.3 63.9 64.6 63.6 62.5 61.7 60.2 59.5 58.2 57.7 65.1 72 71.6 61.7 53.8 49.7 46.8 44.7 43.8 41.5 39.4 38 37.4 36.6 36.6 33.6 32.7 31.4 30.1 29.6 28.3 27.6 28.1 29.9 30.4
