STL Generation/terr50_gagg_gb/data/NY00.asc
ncols 200
nrows 200
xllcorner 300000
yllcorner 500000
cellsize 50
[rows 74 to 110 of 200, columns 0 to 82 of 200]
26.3 24.4 23.2 26.3 27 21.4 16.6 17.1 19.2 17.4 19.7 23.7 21.8 13.7 12.7 12 12.3 10.8 12.1 12.1 12.3 13.4 12.7 13.8 13.6 12.8 12.6 13.1 14.4 15.5 16 18 16.4 18.2 21.1 23.5 25 24.7 24.4 24.5 27 28.8 31.5 33.6 34.8 37 40.9 44.7 45.7 46.4 46 47.5 48.6 47.4 47.2 47.4 47.3 47.5 48.8 50.3 50.7 53.5 53.5 51.8 56.3 57.3 57.7 58.7 57.3 56.1 59.4 60.7 56.8 57.7 60 63.9 70.6 74.2 74 73.7 74 73.5 73.5
27.1 23.3 25.1 25.7 25.5 21.4 17.3 17 14.3 15.1 18.6 23.1 22.8 13.6 12.4 11.8 12.4 11.9 11.8 11.8 12 12.3 12 12.6 12.6 12 12.2 12.8 15.7 16.5 17 22.7 17.4 19.5 23.7 24.8 25.7 25.8 26.6 27.9 30.5 33.2 37.1 38.8 38.1 36.4 39.1 42.4 44.5 44.7 44.7 46.6 48.2 48.3 48.1 47.9 47.5 47.7 49.3 51.6 51.5 51 50.9 49.1 50.8 52.4 48.7 47.4 47.6 48.2 52.3 56.8 56.8 58.9 61.6 65.6 69.3 71.6 72.2 73.3 74.2 74.2 72.9
26.1 23.1 24.8 26.1 24.6 20.5 16.6 15.7 13.4 15.2 22.7 19.9 17.5 11.8 11.6 11.8 10.6 11.3 11.3 11.5 11.6 11.8 11.9 11.9 12 12.2 12.7 14 15.2 16 16.7 23.2 18.2 18.1 24.3 25.9 26.8 28.1 30.9 33.2 33.9 35.9 38.9 42 42.4 39.4 38.4 42.4 45.5 45.8 44.3 45.9 47.8 48.1 48.3 47.8 47.4 47.3 50 51 52.4 50.1 52.3 49 47.4 46.9 47 47.9 48.8 48.9 49.9 51.7 57.4 60.6 60.3 65.5 69 70.3 70.8 72 73.3 74.6 70
26.5 22.3 23.7 24.8 23.1 18.3 15.8 13 12.7 16.6 20.9 16.1 12 11.7 11.6 10.7 12 11 11.2 11.1 11.3 11.3 11.3 11.1 11 14.5 17 17.5 15.4 16.4 17.2 23.5 19.7 19.7 24.5 28.8 31.6 30.5 30.9 33.3 35.2 36.7 37.6 41.1 42.7 43 41.4 41.7 44.1 45 43.9 45.8 47.6 48.3 48.2 47.9 47.7 47.1 47.9 49.7 51.5 49 46.7 47.1 46.4 46.5 48.6 49.5 51.3 51.4 49.2 53.1 56.8 60.4 59.3 62.8 66 67.6 69.4 71.3 72.6 72.8 65.1
12.5 21.1 21.6 23.8 21.3 18.3 14 12 12.1 14.1 15.9 13.7 12.1 11.8 11.1 12 11.3 10.9 9 10.9 10.7 9.4 10.8 10.3 10.6 18 20.4 23 18.6 19 20 23.3 26.2 28.4 27.4 30.9 32.4 33.1 34.1 34.5 34.9 34.1 36 39.9 42.3 43 42.6 42.8 43.5 43.4 44 46.3 47.4 48.1 48.1 47.8 47.6 47 47.9 50.3 50.4 49.7 45.7 46.3 45.8 47.1 49.3 50.5 50.4 51.1 51.3 51.7 57.9 62.2 62.6 61.9 63.8 66.3 68.9 70.9 72.4 72.9 56
5.2 14.2 17.8 19.8 18.9 18.8 13.4 12.1 12.1 12.1 12.5 12.6 12.3 12.2 11.3 11.8 11.6 10.7 10.5 10.2 10.1 10.3 9.4 9.7 13 17.7 24 21.5 17.8 18.6 19.3 20.8 21.5 24 26.8 25.9 24.8 27.5 35.7 35.9 34.1 34.1 36 39.7 42 42.7 41.8 41.9 43.6 42.8 42.6 45.7 46.9 47.4 47.8 47.9 47 47.1 49 49 49.2 47.9 47.2 46 46 46.9 49 49.2 50.6 54 54.9 49.4 57.4 61.1 62.2 61.1 63.6 65.9 67 70.7 72.5 66.6 55.2
3 5.4 15.4 17.5 18.4 19.7 14.8 12.1 12.1 12.1 14.3 13.1 12.6 12.3 11.6 12.8 16.8 14.7 10.3 9.5 9.6 10 10.5 14.1 21.3 23.2 23.7 21.1 18.2 17.6 20.6 21.9 22.5 23.3 25.4 25 24.9 24.9 31.9 35.6 36 34.1 35.8 40.9 40.7 41.6 41 41.2 41.8 41.6 42.6 44.5 45.8 46.3 46.1 46 45.7 46.9 48.4 47.9 47.2 46.6 46.1 45.5 45.6 46.2 48.7 48.9 49.6 56.9 61.1 50.2 55.2 59.6 61.3 59.7 62.8 62 58.3 63.7 67.4 54.4 55
2.6 3 6.3 18.3 18.7 16.9 20.3 16.1 12 12.1 16.4 16.3 15.5 11.7 11.4 10.5 10.6 10.9 9.8 9 8.9 9.4 9.9 9.5 20.3 23.4 25.5 24.2 23.9 16.9 18.2 22.2 27.1 24.3 24.1 24.6 24.9 25.7 30.6 36 38.2 37.8 39.6 41.1 41 40 39.4 40.1 40.7 40.7 40.9 43.5 44.2 44.2 45.3 44.5 45.5 47 48.5 47.1 46.2 45.5 44.9 44.4 44.4 47.8 48.4 48.5 50.6 56.2 62.3 54.1 50.2 52.7 54.3 56 56.2 55.3 55.4 53.7 53.7 53.6 49
2.2 2.6 3.3 11.5 22.7 26.3 25.8 20 12.1 14.9 17.6 16.2 17.3 19.4 18.4 15.3 12.1 10 9.6 8.7 8.6 9 9.5 8.3 13.6 26.6 25.8 26.8 25.3 18.4 18.5 19.4 25 25.7 24.1 24.2 25.4 27.1 30.9 34.6 38.7 40 41 40.6 41 39.8 39 39.1 39.8 40.1 40.3 41.6 42.5 42.7 43.2 43.2 46.2 48.5 49.3 48 45.2 44.2 44.2 45.1 47.3 47.8 48 48.1 52 57.5 61.3 57.5 51.1 44.1 41.4 41.9 42.9 47 52.9 53.1 51.7 48.9 54.7
1.8 2.2 2.7 4 15.1 24.7 23.2 18.4 18.3 19.1 16.3 20.6 21.1 20.8 20.5 20.4 9.4 9.6 9.3 8.3 8.7 9.2 9.6 8.1 8.6 15.5 23.7 24.7 22.7 17.2 19.6 16.2 21.9 28.1 25.6 23.4 27.5 29.1 31.4 29.9 34.8 38.4 39.2 38.8 38.6 38.7 37.4 37.8 39.2 39.2 39.6 40.1 40.3 40.7 41.2 44.9 46 47.8 49.3 49.5 47.3 44.5 43.4 45.4 46.5 47.1 47.5 48 52.6 57.8 60.6 59.3 43.4 50.5 63 57.8 54.2 51.3 51.4 50.1 54.7 55.7 56.7
1.4 1.8 2.3 2.9 5.6 22 24 21.8 20.5 19.8 17.9 21.7 21.4 20.8 20.8 20.8 19.1 8.7 8.2 8 8.6 9.1 10 8 8.2 8.3 20.9 21.4 23.1 18.3 18.5 16.5 16.5 25.1 25.1 25.1 30.8 32.5 37.3 35.1 34.1 34.1 36 36.5 37 37.4 36.9 38.4 40.5 41.2 41.1 40.6 39.4 38.8 44 43.9 44.1 45.6 47.4 48.5 48.6 44.9 43.4 42.5 43.8 45.6 47.2 48.2 53.2 58.8 62 62.1 56.2 42.2 58.4 62.5 64.1 61.8 61.4 62.6 61.9 62.1 57.5
1 1.4 2 2.5 3 7.9 16.3 19 14.7 9.4 13.5 21.2 21.2 21 21 17.9 19.2 12.7 8.3 7.9 8.4 9.1 7.9 7.9 8 8.1 12.8 19.1 21.4 19.1 19.6 16.6 17.1 24.9 28.1 27.9 33.3 33.4 36.7 36.9 36.6 35.7 35 35.7 36.5 37.4 38.7 39.2 41 41.1 41 40.4 39.1 42.1 43.5 41.7 41.8 44.1 47.4 48.4 49.4 49.9 47 46.5 43.8 42.4 44.6 47.6 51.4 56.6 60.1 61.3 60.9 44.9 52.5 61.2 63.6 64.6 65.6 69.2 72.4 73.9 67.1
0.6 1.1 1.6 2.1 2.7 3.6 11.5 9.4 7.7 7.4 18.8 20.7 21.1 21.1 20.1 16.8 16.6 11.1 9 8.8 8.6 7.9 7.9 7.9 8 7.9 8 18.1 21 22 19 16.9 18.3 25.6 28.6 30.3 34 34.8 32.3 35.9 38 37.1 36.5 37.3 38.8 39.6 38.6 38.8 41.2 40.8 40.8 40.4 41.3 43.7 40.1 39.3 39.8 42.3 46 47.5 49.9 50.9 50.2 47.9 46.3 43 42.8 45.9 50.9 54.7 58.6 59.2 45.7 45 58.6 60.1 63.3 64.6 65.4 67.6 74.2 76.6 76.1
0.2 0.7 1.2 1.7 2.3 2.8 5.1 10.1 8.2 7.2 16.9 18.4 20.8 20.8 20.1 15.5 14.4 7.4 8.2 8 7.8 8.3 7.9 7.9 7.9 7.3 7.3 13.2 21.5 21.3 19.5 16.7 17.5 22.8 28.1 30.4 33.1 34.5 34 33.5 37.7 39.2 38.8 39.5 40 39.1 38.2 39.1 41.7 41 40.2 40.6 43.3 40.8 40 39 38.9 40.7 44.5 47.2 49.5 51.6 50.8 48.7 46.3 43.2 42.2 46.6 48.6 49.3 53.5 45.9 44.5 49.7 58.2 59.5 61.5 63.9 65.3 66.9 73.1 76 76.3
-0.2 0.3 0.8 1.4 1.9 2.4 2.9 6.6 7.8 7.1 14.5 13.2 19 20.6 20.2 15.1 11.3 7.6 7.4 7.3 7.8 8.1 8.2 8.5 8.6 9 9.1 8.5 15.9 20.1 18.9 16.5 16.6 23.9 27.5 28.2 31.6 32.6 32.6 32.5 38.4 40.2 39.4 39.4 39.9 39.4 40.5 39.2 41.1 41.1 41 42 41 40.8 40.2 39.3 38.5 40.1 42.4 47.4 50.2 51 50.5 48.7 47.2 41.9 42.8 45.9 47.5 48.3 47.5 44.2 41.4 52.9 57.2 58 60.3 64.1 65.7 67.7 71.1 76.3 76.5
-0.6 -0.1 0.4 1 1.5 2 2.5 3.3 7.5 8.3 12.5 13.1 17.5 20.1 19.8 18.8 12.7 7 7 7.1 7.4 7.8 7.9 8 8.1 8.4 8.6 7.5 8.2 20.8 19.6 17.1 17.9 23.8 29.2 29.3 28.5 30.3 32.8 33.3 36.7 39.2 38.2 38.8 40.2 42.1 43.2 41.8 39.6 40.6 40.8 41.7 40.6 40.5 39.7 38.5 39.2 40.3 42.4 47.3 50.6 50.7 49.5 48.4 47 41.2 43.2 46 47.3 47.6 44.7 43.7 46.9 58.9 58 56.1 58.4 61.4 64 65.8 68.5 73.5 75.5
-1 -0.5 0.1 0.6 1.1 1.6 2.2 2.7 4.8 7.9 10.4 14.5 17.6 19.6 19.6 19 16.4 6.9 6.9 7 7.1 7.4 7.6 7.7 7.7 8 8.4 8.2 7.7 9.9 21.3 17.6 18.7 27 29.2 28.3 27.9 30.4 32.1 32.4 33.8 37 36.9 38.4 40.6 41.9 42.9 41.7 40.3 40 42.4 41 41.1 39.8 39.5 40.1 40.4 41.6 43.3 45.8 50.1 49.7 48.4 47.5 46.7 41.1 43.5 45.7 47.1 44.8 43.8 39.1 45.5 59.5 58.9 57.4 55.6 58.6 62.2 64 66.1 70.3 72.2
-1.4 -0.8 -0.3 0.1 0.7 1.2 1.8 2.3 2.9 6 11 13 17.9 22 21.8 20.3 16.6 7 6.7 6.9 7.1 7.1 7.2 7.3 7.3 7.6 8.4 8.8 6.8 6.6 23.8 17.6 18.2 24.4 28.1 27.1 30.2 29.2 31 31 31.4 33.9 35.2 38.3 40.7 41.7 42.3 42.2 40.8 42.2 42.3 38.7 38.8 39 37.6 39.6 41.7 43.3 44.5 45.5 48.1 48.3 46.9 47 45 40.4 43.7 45.4 45.8 41.6 37.5 42 43.8 56.4 59.1 58.7 56.8 56.9 60.3 62.8 64.1 66 66.4
-1.8 -1.2 -0.8 -0.3 0.3 0.9 1.4 2 2.5 3.1 7.3 13.1 19.3 26.1 24.8 22.6 17.2 6.7 6.4 6.7 6.9 7.1 6.7 6.5 8 7.9 7 7.2 6.7 6.2 23.7 20.5 18.7 26.6 29.4 27 29 29.8 30 29 30.6 32.7 34.4 37 40.5 41.4 42.5 38.9 44.6 44.3 42.5 38.8 38.2 37 36.6 38.6 41 43.6 45.4 45 46.2 47 46.2 46.1 42.9 41.3 44.4 45.3 40.4 38.1 40 41.9 42 53.9 58.8 59.1 58.2 56.5 57.6 61.3 63.4 64.2 62
-2.5 -1.7 -1.2 -0.6 -0.1 0.5 1.1 1.6 2 2.6 4.2 7.9 21.9 24.3 25.5 27.6 22.7 6.7 6.3 6.2 6.3 8.1 7.7 7.3 7 7.8 7.4 7 6.5 6 23.6 23.5 23.2 22.1 27.2 28.1 28.3 29.9 29.2 28.9 31.6 34.4 35 36.7 39.9 41.3 38.9 44 44.9 44.9 43 38.4 38.1 36.9 35.9 37.2 39.3 42.1 44 44.2 45.3 46.1 45.8 45.4 40.9 42.7 44.4 45.3 43.8 36.8 38.8 41.2 41 51.8 56.4 58.8 58.4 56.4 57.3 58.9 62 63.4 62.2
-2.5 -2.5 -1.5 -1 -0.4 0.2 0.7 1.1 1.5 2.2 2.8 5.3 12.6 25.5 28.4 26 27.2 11.5 6.4 6.1 6.1 7.1 7.2 7 6.6 6.7 6.7 6.7 6.1 5.9 16.1 25.8 23.1 21.9 25.5 27.7 28.7 29.8 29.3 29.4 33.4 35.8 36.7 36.6 39.2 42.6 40.6 45.5 48 47.3 45.6 41.3 38.9 38.4 38.4 36.6 35.9 38.3 41.4 42.2 45 45.4 46.1 43.8 39.7 42.5 44.2 43.8 42.8 40.2 38.6 40.1 40 47.8 55.5 57.6 57.9 56.3 59.4 58.9 57.9 59.6 60.8
-2.5 -2.5 -1.9 -1.3 -0.7 -0.2 0.2 0.6 1.1 1.7 2.4 3 7 16.6 22.7 25.5 27.2 23.2 6.4 5.8 6.9 6.7 6.7 6.6 6.3 6.3 6.3 6.3 5.7 5.2 6.2 26.4 24.3 24.1 25.8 26.5 27.5 29.4 29.8 29.5 33.2 36.3 37.4 35.9 35.9 39.2 43.4 47.2 50.7 49.9 48 45.1 42 39.5 39.9 40.2 38.9 36.7 35.6 39.9 44.5 44.7 44.3 41.9 39.8 42.3 42.9 42.9 41.5 40 36.6 39.1 38.9 44.8 53.8 56.5 57.5 55.4 56.9 57.4 55.7 54.4 55.1
-2.5 -2.5 -2.5 -1.6 -1.1 -0.8 -0.4 0 0.6 1.3 1.9 2.5 3.7 10 17.1 26.5 27.4 22.4 5.8 5.7 6.2 6.3 6.3 6.1 5.9 5.8 5.9 5.9 5.4 5.4 5.7 20.7 24.9 25 24.9 26.5 26.3 28.8 28.8 28.4 32.5 35 36.8 35.6 35 36.5 43.6 47.9 51.2 51.3 49.6 47.5 44.9 41.7 40.5 41.9 40.5 37.5 34.4 37.6 43.2 44.5 44.3 42.4 38.9 41.1 42.3 42.3 40.5 39.8 39 34.8 38.6 49.9 52.2 53.9 55.1 53.2 53.7 52.9 52.5 51.7 51.9
-2.5 -2.5 -2.5 -2.1 -1.7 -1.3 -0.9 -0.4 0.2 0.8 1.4 2.1 2.7 5.3 9.3 8.1 15.2 18.9 5.9 6.2 5.6 5.7 5.8 5.6 5.3 5.4 5.5 5.5 5.3 5.7 6.2 19.9 22.4 23.2 24.3 24.9 25 27.4 27.7 26.4 31.7 34.7 34.8 34.7 33.8 36.4 43 47 49.3 50.4 49.6 47.6 45 42.4 40.2 40.6 39.8 37.4 33.2 36.1 41 45 45.4 42.2 38.9 40.4 42.1 41.9 40.3 39.5 38.9 36 35.4 46.6 50.3 52.2 53 49.3 52.8 53.9 53.4 54.3 55.6
-2.5 -2.5 -2.5 -2.5 -2.2 -1.8 -1.4 -0.9 -0.3 0.3 1 1.6 2.3 2.9 7.8 8.7 7.8 7.1 5.6 5.5 5.4 5.5 5.5 5.1 4.9 5 5.1 5.3 5.7 6.2 6.7 18.5 23.7 20.4 21.4 22.8 24.8 26.5 25.9 26.4 30.1 33.2 32.7 32.9 33.1 36.2 40.3 43.9 47 49.3 48.6 46.9 44.9 43.1 40.7 38.8 38.2 37.1 33.5 34.7 38.8 42.1 44 42.3 38.7 37.9 42.1 41 39.8 39 38.4 35.8 34.5 39.6 42.5 45 48.5 51.3 52.9 53.2 54.4 58 59.1
-2.5 -2.5 -2.5 -2.5 -2.5 -2.5 -1.9 -1.5 -0.8 -0.1 0.5 1.2 1.8 2.5 3.6 10.4 9.3 7.2 5.7 5.5 5.4 5.3 5.4 5.1 5.2 5.3 5.4 5.5 5.5 5.9 6.9 19.2 22.4 21.1 20.7 22.6 24.6 25.9 25.4 25.3 26.1 27.4 29.2 30.5 30.9 34.6 39.3 42.9 45.8 47.5 46.2 44.6 43.2 41.8 41 39.7 38.2 35.5 33.7 32.6 35.5 39.2 41.2 42.2 40.2 37.8 37.3 38.9 38.3 38 37.5 34.8 33.9 39 48 50 48.2 49.8 51.6 54.3 57 60.5 59.9
-2.5 -2.5 -2.5 -2.5 -2.5 -2.5 -2.5 -1.9 -1.2 -0.6 0.1 0.7 1.4 2.1 2.7 5.5 7.7 6 5.7 5.7 5.6 5.5 5.3 5.4 5.5 5.5 5.6 5.7 5.7 5.6 5.8 11.5 20.7 21.7 20.5 21.9 25.4 27.3 24.2 24 25.7 27.8 27.3 28.7 30.6 33.7 37.2 40.8 43.5 45 44.9 42.5 41.3 40.2 39.5 39.7 38.8 38.6 35.2 32.1 32.6 36.5 39.2 41.5 42.1 43.2 43.6 37.8 37.6 36.7 36.8 34.7 33.3 39.6 43.6 48.2 47.5 49.3 52.7 55.4 57.6 59.3 59.7
-2.5 -2.5 -2.5 -2.5 -2.5 -2.5 -2.5 -2.3 -1.6 -1 -0.3 0.3 1 1.6 2.2 2.9 7.5 6.1 5.3 5.4 5.5 5.5 5.3 5.4 5.4 5.5 5.6 5.6 5.8 5.5 5.6 6.6 20 22.7 20.8 22.2 24.4 26 23.3 23 23.5 23.5 25.4 27.9 30.6 32.7 35.8 38.1 40.3 42.3 42.8 40.7 38.6 38.5 38.8 39.4 38.9 38.7 38.3 32.9 32.5 34.3 38.5 41.3 46.1 47.5 47.5 47.3 49.2 48.8 36.6 34.5 33.3 38.4 41 46.9 46.6 49.2 53.3 55.5 56 56.7 57.5
-2.5 -2.5 -2.5 -2.5 -2.5 -2.5 -2.5 -2.5 -2.1 -1.4 -0.8 -0.1 0.5 1.1 1.8 2.5 3.7 10.1 5.7 5.3 5.3 5.5 5.3 5.3 5.4 5.4 5.5 5.5 5.5 6.1 5.8 6.2 20.3 22.9 20.9 22.1 23.3 22.2 20.5 21 21.4 22.9 27 29.6 31 31.4 33.6 35.7 35.4 38.2 38.8 38.4 36.9 36.7 34.6 38.6 38.5 38 38.4 35.3 32.5 33.7 38.4 42.3 47.6 47.3 48.6 48.5 48.5 52 44 35.6 32.7 36.8 41.4 45.9 46.7 48.2 52.7 53.2 54.6 56.1 55.7
-2.5 -2.5 -2.5 -2.5 -2.5 -2.5 -2.5 -2.5 -2.5 -1.8 -1.2 -0.6 0 0.6 1.3 2 2.7 5.6 8 5.6 5.2 5.4 5.3 5.3 5.3 5.3 5.3 5.3 5.2 5.7 6.3 6.5 20.7 21.4 19.4 18.3 18.1 18.5 18 18.4 19.2 21.2 26.2 30.1 30.4 29.5 30.6 31.6 31.1 34.5 35.6 34.7 33.9 34.4 32.4 31.6 35.2 36.7 36.9 39.5 32.9 32.9 38.7 43 46.8 47.3 48.4 48.1 47.7 50.7 53.2 42.6 33.9 37 42.5 46.2 46.5 46.7 50.8 53 55.3 57.2 56.8
-2.5 -2.5 -2.5 -2.5 -2.5 -2.5 -2.5 -2.5 -2.5 -2.2 -1.7 -1.2 -0.5 0.2 0.9 1.6 2.2 2.9 6.6 5.7 4.4 4.8 5.3 5.2 5.2 5.2 5.2 5.1 5 5.4 6 8.2 17.3 17.5 18 16.7 17.7 15.4 15.4 16.8 17 18 22.9 27.9 28.2 26.6 27.1 27.7 27.7 29.2 32.1 32.2 31.2 31.7 31.4 31.5 31.7 31.8 36.3 36.5 33 33.6 38.1 40.2 40.8 43.6 48.1 48.2 47.7 47.4 55.1 44.2 31.3 37.9 42.4 43.3 44.1 45.6 48.7 51.8 54.9 56.5 56.8
-2.5 -2.5 -2.5 -2.5 -2.5 -2.5 -2.5 -2.5 -2.5 -2.5 -2.5 -1.5 -0.8 -0.2 0.5 1.1 1.8 2.5 3.6 9.4 4.2 4.7 4.9 5 5 5 5 4.9 4.8 5 5.6 6.5 14.8 14.3 12.3 11.3 14.4 18.5 18.2 18.8 17.4 16.9 20.8 24 25.4 23.4 24.3 24.5 25 24.9 26.3 28.2 30.2 31 30.9 31.3 31.6 31.8 31.8 32.9 31.8 32.8 37.6 39.6 41.8 43.2 47.6 48 47.3 45.3 53.5 42.2 30.1 40.3 49.1 49.9 49 50.6 51.3 48.8 52.5 54.9 56.7
-2.5 -2.5 -2.5 -2.5 -2.5 -2.5 -2.5 -2.5 -2.5 -2.5 -2.5 -1.9 -1.3 -0.6 0.1 0.7 1.4 2 2.7 5.2 9.5 4.4 4.6 4.6 4.8 4.9 4.8 4.7 4.7 4.7 5.4 5.8 10.3 9.9 11.2 10.9 16.6 19.3 19.8 18.9 18.9 18.5 19 20.4 21.9 22.4 22.5 22.9 23.2 24.4 25 25.2 28.7 29.1 30.5 30.7 31.2 31.6 31.8 31.6 31.4 34.8 37 39.2 42.1 45.1 46.8 47.6 47.3 45.4 48.4 38.1 29.2 45.7 55.6 57.9 58.7 57.3 55.9 55.4 50.7 53.3 55.7
-2.5 -2.5 -2.5 -2.5 -2.5 -2.5 -2.5 -2.5 -2.5 -2.5 -2.5 -2.3 -1.7 -1 -0.4 0.3 1 1.7 2.4 3 7 7 4.4 4.2 4.2 4.3 4.4 4.4 4.3 4.4 5.2 6 11.3 14 14.6 12.1 14.7 16.9 17.8 18.2 18.5 18.6 18.7 19.2 20.8 22.4 22.5 22.9 23.4 23.6 24 24.9 26.1 26.8 29.4 30.3 30.7 31.2 31.6 30.8 31.5 33.6 37.7 40.1 42.6 43.7 45.7 47.2 46.9 44.9 35.6 29.4 34 42.8 56 60.4 62.4 60.8 60 57.6 53.1 50.7 55
-2.5 -2.5 -2.5 -2.5 -2.5 -2.5 -2.5 -2.5 -2.5 -2.5 -2.5 -2.5 -2.5 -1.4 -0.7 0 0.7 1.4 2 2.6 3.5 8.1 9 6.1 5.5 4.4 3.7 3.5 4 4.5 4.9 5.9 13 14.5 14.7 12.8 13 15.1 16.1 17.3 17.9 19 18.7 18.7 19.7 21 21.7 22.7 22.7 22.6 23 23 24.9 26.2 27.5 29.4 30 30.9 31.4 30.3 31.6 32.6 37.1 40.1 42.9 43.3 44.6 45.9 46.1 38.8 29.7 31.7 32.5 45.3 56.3 62 60.7 63.5 64 61.6 56.8 50.3 54.6
-2.5 -2.5 -2.5 -2.5 -2.5 -2.5 -2.5 -2.5 -2.5 -2.5 -2.5 -2.5 -2.5 -1.6 -0.9 -0.3 0.4 1 1.6 2.2 2.8 5.3 9.4 7.9 5.9 5.6 5.6 3.1 3.8 4.7 4.9 5.4 13.2 18.2 18.8 17.4 15.8 16.5 15.6 16.3 17.3 18.5 19.2 19.3 19.3 20 20.4 21.5 21.7 22 22.2 22.8 23.4 24.7 28.5 29.5 29.6 28.2 29 29.7 31.3 33.5 36.5 39.8 41.6 42.9 43.6 44.4 46.7 32.6 28.8 32 32.8 43.6 55.2 57.6 60.1 63.4 66.3 66.4 59 50.4 52.9
-2.5 -2.5 -2.5 -2.5 -2.5 -2.5 -2.5 -2.5 -2.5 -2.5 -2.5 -2.5 -2.5 -1.8 -1.2 -0.6 0.1 0.7 1.3 1.8 2.4 3 5.9 10 6.6 5.3 4 3.7 3.4 5.3 5.3 5.2 10.4 20.1 21.8 21 19 19 18.1 18.3 19.2 18.8 19.6 19.6 21.2 19.4 20.1 21.7 22 22 22.2 22.8 23.4 23.7 25.2 28.1 27.7 27.9 28.4 28.8 29.3 31.1 36.2 38.5 40.9 42.5 43.3 46.3 43.1 30.1 29.1 31.4 32.3 43.4 49.6 54.2 59.5 62.7 65.3 66.6 65 57.1 51.7
