STL Generation/terr50_gagg_gb/data/NY03.asc
ncols 200
nrows 200
xllcorner 300000
yllcorner 530000
cellsize 50
[rows 114 to 151 of 200, columns 0 to 85 of 200]
-2.5 -2.5 -2.5 -2.5 -2.5 -2.5 -2.5 -2.5 -2.5 -2.5 -2.5 -2.5 -2.5 -2.5 -2.5 -2.5 -2.5 -2.5 -2.5 -2.5 -2.5 -2.5 -2.5 -2.5 -2.5 -2.5 -2.5 -2.5 -2.5 -2.5 -2.5 -2.5 -2.5 -2.5 -2.5 -2.1 -1.5 -1 -0.5 0.1 0.7 1.3 1.9 2.5 3.2 6.8 7.8 8.1 8.1 10.3 11.5 12.4 12.9 13.3 13.7 14.2 14.6 14.8 14.9 14.9 15.9 18.2 19.8 20.1 21.9 22.7 24.7 25.3 27.1 32.5 34.6 33.2 41.4 46.1 49.4 52.5 55.2 57.7 61.5 65.5 68.2 70.9 70.4 69.9 69.7 70.7
-2.5 -2.5 -2.5 -2.5 -2.5 -2.5 -2.5 -2.5 -2.5 -2.5 -2.5 -2.5 -2.5 -2.5 -2.5 -2.5 -2.5 -2.5 -2.5 -2.5 -2.5 -2.5 -2.5 -2.5 -2.5 -2.5 -2.5 -2.5 -2.5 -2.5 -2.5 -2.5 -2.5 -2.5 -2.5 -1.7 -1.2 -0.6 -0.1 0.4 1 1.6 2.2 2.8 3.9 8.4 8 8.8 9.4 10.6 10.4 12.2 12.7 13.1 14.5 15.2 15.2 15.6 16.1 16.5 17.8 20.1 22.6 27.9 28.7 26.5 25.1 24.6 24.9 26.8 30.3 38.6 44.7 49.1 53 56.2 58.5 60.2 63.4 66 68.2 69.1 66.1 65.4 66.1 64.4
-2.5 -2.5 -2.5 -2.5 -2.5 -2.5 -2.5 -2.5 -2.5 -2.5 -2.5 -2.5 -2.5 -2.5 -2.5 -2.5 -2.5 -2.5 -2.5 -2.5 -2.5 -2.5 -2.5 -2.5 -2.5 -2.5 -2.5 -2.5 -2.5 -2.5 -2.5 -2.5 -2.5 -2.5 -1.9 -1.3 -0.8 -0.3 0.3 0.8 1.3 1.9 2.4 3 5.5 8.4 8.4 9.1 9.9 10.8 11.2 11.9 12.3 13 14.8 16 15.9 16.8 17.4 18.5 19.9 23.1 26.5 30.2 32.9 34.1 33.1 31.2 31.7 30.3 31.2 37 45.7 51.3 55.6 60.3 59.3 58.9 60.4 61.9 62.8 63.8 59.4 61.4 65.6 71
-2.5 -2.5 -2.5 -2.5 -2.5 -2.5 -2.5 -2.5 -2.5 -2.5 -2.5 -2.5 -2.5 -2.5 -2.5 -2.5 -2.5 -2.5 -2.5 -2.5 -2.5 -2.5 -2.5 -2.5 -2.5 -2.5 -2.5 -2.5 -2.5 -2.5 -2.5 -2.5 -2.4 -2 -1.5 -1 -0.5 0 0.6 1.1 1.7 2.2 2.8 3.5 8.1 7.5 8.6 9.1 10 10.6 11 12.4 13 12.6 14.2 16.2 16.7 17.5 18.7 20.3 23 25.8 29 33.1 36 36.5 37.3 37.6 39.5 41.6 36.2 34.4 41.9 44.4 47.8 51.4 52.6 51.6 51.5 54.7 54.1 63.8 68.5 70.6 71.4 74
-2.5 -2.5 -2.5 -2.5 -2.5 -2.5 -2.5 -2.5 -2.5 -2.5 -2.5 -2.5 -2.5 -2.5 -2.5 -2.5 -2.5 -2.5 -2.5 -2.5 -2.5 -2.5 -2.5 -2.5 -2.5 -2.5 -2.5 -2.5 -2.5 -2.5 -2.5 -2.5 -2 -1.5 -1.1 -0.6 -0.1 0.4 0.9 1.5 2 2.6 3.1 5.8 7.6 8 8.7 9.4 9.9 10.3 10.7 11.4 12 12.6 13.8 15.3 16.7 18.4 19.6 22 26.2 28.9 31.6 34.2 36.5 37.5 38.4 40.8 43.4 46.6 47.8 46.5 41.5 40.5 43.5 44.1 44 54.9 55 62.3 64.5 69.5 72.2 73.8 75.2 77.8
-2.5 -2.5 -2.5 -2.5 -2.5 -2.5 -2.5 -2.5 -2.5 -2.5 -2.5 -2.5 -2.5 -2.5 -2.5 -2.5 -2.5 -2.5 -2.5 -2.5 -2.5 -2.5 -2.5 -2.5 -2.5 -2.5 -2.5 -2.5 -2.5 -2.5 -2.5 -2 -1.6 -1.1 -0.6 -0.2 0.3 0.8 1.3 1.8 2.3 2.9 4.4 8.3 7.6 8.3 8.9 9.8 10.5 9.4 10.2 10.4 11.7 13 14.3 16 17.6 19.1 20.1 22.8 27.9 30.8 30.8 33.1 36.1 38.5 40.3 43.5 46.5 49.9 52.8 53.5 50.8 50.3 51.9 56.1 61.9 66 66.4 67.8 69.8 72.8 75 77 78.9 80.2
-2.5 -2.5 -2.5 -2.5 -2.5 -2.5 -2.5 -2.5 -2.5 -2.5 -2.5 -2.5 -2.5 -2.5 -2.5 -2.5 -2.5 -2.5 -2.5 -2.5 -2.5 -2.5 -2.5 -2.5 -2.5 -2.5 -2.5 -2.5 -2.5 -2.5 -2.2 -1.7 -1.2 -0.8 -0.3 0.2 0.7 1.1 1.7 2.2 2.7 3.2 6.7 7.3 8 8.7 9.2 9.4 9.4 9.6 9.6 10.8 12.2 14 16.1 18 20.5 22.7 19.3 21.8 24.4 27 29.9 31.2 36.9 40.6 42.6 45.8 49.4 51.4 55.2 54.9 54.7 58.3 61.7 63.1 65 67.9 69.5 72 74.3 76.5 78.3 80.1 81.4 82.6
-2.5 -2.5 -2.5 -2.5 -2.5 -2.5 -2.5 -2.5 -2.5 -2.5 -2.5 -2.5 -2.5 -2.5 -2.5 -2.5 -2.5 -2.5 -2.5 -2.5 -2.5 -2.5 -2.5 -2.5 -2.5 -2.5 -2.5 -2.5 -2.5 -2.5 -2 -1.5 -0.9 -0.4 0.1 0.6 1.1 1.6 2 2.6 3.1 5.1 8.1 8 8.7 9.4 9.7 9.5 9.3 10.6 9.8 11.6 13.7 15.8 18 19.9 23.1 26.3 25.3 26.3 26.9 27 28.6 29.6 33.5 35.2 38.7 40.6 43.8 47.7 50.9 52.7 57.8 61.7 65.2 67.3 68.3 71 73.9 76.3 78.6 80.4 81.8 83.2 84.2 85.1
-2.5 -2.5 -2.5 -2.5 -2.5 -2.5 -2.5 -2.5 -2.5 -2.5 -2.5 -2.5 -2.5 -2.5 -2.5 -2.5 -2.5 -2.5 -2.5 -2.5 -2.5 -2.5 -2.5 -2.5 -2.5 -2.5 -2.5 -2.5 -2.5 -2.5 -1.8 -1.2 -0.7 -0.2 0.4 0.9 1.4 1.9 2.4 2.9 4 6.5 7.3 8.2 9.3 10.1 9.8 9.6 9.3 9 10.6 13.3 15.5 17.6 19.8 21.7 24.9 27.9 29.3 29.3 31.2 32.1 32.1 31 30.8 34.5 35.7 38.8 40.4 38 41.7 46 53.8 62.3 64.8 67.8 72.1 74.8 77.8 79.9 82.2 83.6 84.8 85.5 86.6 87.7
-2.5 -2.5 -2.5 -2.5 -2.5 -2.5 -2.5 -2.5 -2.5 -2.5 -2.5 -2.5 -2.5 -2.5 -2.5 -2.5 -2.5 -2.5 -2.5 -2.5 -2.5 -2.5 -2.5 -2.5 -2.5 -2.5 -2.5 -2.5 -2.5 -2.5 -1.6 -1 -0.5 0.1 0.6 1.2 1.7 2.2 2.7 3.3 5.3 8.1 7.6 8.5 9.4 10 9.6 9.4 9.1 9.1 11.2 14.9 17 19.1 20.3 23.3 25.1 26.8 28.8 30.5 34.5 37.9 38.6 36.4 37.8 39.7 41.3 43.5 45.1 46.3 49.1 51.8 46.8 56.7 61.5 67.9 74.7 77.8 80.3 84 84.9 85.6 86.7 87.6 88.7 89.8
-2.5 -2.5 -2.5 -2.5 -2.5 -2.5 -2.5 -2.5 -2.5 -2.5 -2.5 -2.5 -2.5 -2.5 -2.5 -2.5 -2.5 -2.5 -2.5 -2.5 -2.5 -2.5 -2.5 -2.5 -2.5 -2.5 -2.5 -2.5 -2.5 -1.9 -1.4 -0.8 -0.2 0.3 0.9 1.4 1.9 2.5 3 4.4 6.4 7.4 8 8.7 9.6 9.9 9.4 9.1 9.4 10.6 12.4 15.5 18.2 20.5 21.8 24.4 26.5 28.1 30.5 33.9 37.8 41 41.3 42.1 44 46.8 49 50.9 51.2 51.7 55.1 59.2 56.6 50.5 60.3 67.8 74.5 78.1 81.8 84.4 85.9 87 88.2 89.3 90.5 91.6
-2.5 -2.5 -2.5 -2.5 -2.5 -2.5 -2.5 -2.5 -2.5 -2.5 -2.5 -2.5 -2.5 -2.5 -2.5 -2.5 -2.5 -2.5 -2.5 -2.5 -2.5 -2.5 -2.5 -2.5 -2.5 -2.5 -2.5 -2.5 -2 -1.5 -1 -0.5 0 0.6 1.1 1.7 2.2 2.8 3.3 5.7 8.3 7.6 8.3 9.2 9.5 10.5 9.8 9.6 10.9 12.2 13.5 16.3 19 21.3 23.4 25.4 27.5 29.4 32.1 36.2 39.8 42.5 43.7 45.2 48.8 51.4 54 55.3 56 57 58 60.5 61.4 58 57.5 65.8 72.9 77.9 80.8 83.3 85.4 87.4 88.4 89.9 91.6 92.7
-2.5 -2.5 -2.5 -2.5 -2.5 -2.5 -2.5 -2.5 -2.5 -2.5 -2.5 -2.5 -2.5 -2.5 -2.5 -2.5 -2.5 -2.5 -2.5 -2.5 -2.5 -2.5 -2.5 -2.5 -2.5 -2.5 -2.5 -2.5 -1.6 -1.2 -0.7 -0.2 0.4 0.9 1.4 2 2.5 3.1 2.6 7.3 7.7 8.4 9.2 10.1 10.6 11.6 12 11.5 12.4 13.8 15.1 17.5 20.1 22.4 25.4 29.2 31.8 33.4 34.7 34.5 42.6 45.6 48.1 51.2 55.6 57.4 59.1 60.1 60.9 61.5 62.3 64 65.4 65.9 58.9 60.3 66.4 68.7 71.5 76.4 82.6 83.7 86.9 90.4 92.2 93.8
-2.5 -2.5 -2.5 -2.5 -2.5 -2.5 -2.5 -2.5 -2.5 -2.5 -2.5 -2.5 -2.5 -2.5 -2.5 -2.5 -2.5 -2.5 -2.5 -2.5 -2.5 -2.5 -2.5 -2.5 -2.5 -2.5 -2.5 -1.9 -1.3 -0.8 -0.3 0.2 0.7 1.2 1.8 2.3 2.8 3.1 5.2 8.2 7.7 8.8 9.8 10.9 11.1 11.9 12.9 13.4 13.9 15.1 16.6 18 20.9 23.8 27.5 31.7 35 36.9 38 39.6 42.1 46.9 50.6 56.9 60.4 61.9 64.1 65.9 66.4 66.5 67 67.5 70 71.9 71.9 65 60.7 65.5 67.6 70.3 74.2 79.7 82.5 88.1 92.9 94.3
-2.5 -2.5 -2.5 -2.5 -2.5 -2.5 -2.5 -2.5 -2.5 -2.5 -2.5 -2.5 -2.5 -2.5 -2.5 -2.5 -2.5 -2.5 -2.5 -2.5 -2.5 -2.5 -2.5 -2.5 -2.5 -2.5 -2.1 -1.5 -1 -0.5 0.1 0.6 1.1 1.6 2.1 2.6 3.2 5 7.4 7.6 8.1 9.2 10.2 11.1 11.2 12.3 13.7 14.8 15.6 16.4 17.5 19.7 23.2 26.7 29.5 33.5 36.5 38.9 41.2 43.7 46.2 48.6 53.7 60 63.3 65.6 66.9 68 68.5 70.4 71.1 71.3 73.2 75.2 75.6 75.6 77.4 78.6 81 81.3 80.6 78.7 76.6 83.6 91.8 94.3
-2.5 -2.5 -2.5 -2.5 -2.5 -2.5 -2.5 -2.5 -2.5 -2.5 -2.5 -2.5 -2.5 -2.5 -2.5 -2.5 -2.5 -2.5 -2.5 -2.5 -2.5 -2.5 -2.5 -2.5 -2.5 -2.1 -1.6 -1.2 -0.7 -0.2 0.4 0.9 1.4 1.9 2.4 3 3.3 5.6 8.2 7.4 8.5 9.7 10.6 11.3 11.4 12.7 14.2 15.6 16.4 17.8 20 22.8 27 29.9 33.1 36 38.8 41.4 43.8 46.6 49.2 51.7 54.2 59.3 63.7 65.8 67.2 68.3 69.4 72.2 76 76.3 76.6 78.4 79.6 79.8 81.2 82.9 85.4 86.9 85.7 83.3 80.5 79.5 81.9 88.7
-2.5 -2.5 -2.5 -2.5 -2.5 -2.5 -2.5 -2.5 -2.5 -2.5 -2.5 -2.5 -2.5 -2.5 -2.5 -2.5 -2.5 -2.5 -2.5 -2.5 -2.5 -2.5 -2.5 -2.5 -2.5 -1.6 -1.2 -0.7 -0.3 0.2 0.7 1.2 1.7 2.3 2.8 3.4 6.2 7.7 7.4 8 8.7 9.7 11.2 11.7 11.3 12.6 14.3 16.1 17.4 20.1 22.6 25.6 30.3 32.7 35.4 38.2 41 43.7 46.4 49.1 52.2 54.8 57.7 60.9 63.8 65.7 67.6 68.8 70 73.4 77.6 80.6 79.6 80.7 82.6 83.3 84.2 86.2 87.8 88.8 89.3 87.5 84.7 82 80.2 80.4
-2.5 -2.5 -2.5 -2.5 -2.5 -2.5 -2.5 -2.5 -2.5 -2.5 -2.5 -2.5 -2.5 -2.5 -2.5 -2.5 -2.5 -2.5 -2.5 -2.5 -2.5 -2.5 -2.5 -2.5 -1.7 -1.2 -0.7 -0.3 0.2 0.7 1.1 1.6 2.1 2.6 3.1 5.3 7.6 7.4 8.1 8.6 9.3 9.9 11 11.4 11.4 12.6 14.5 16.6 18.1 20.5 22.6 28.9 33.1 35.9 38.6 40.4 43.1 45.8 48.4 51.3 54.3 57.7 60.8 63.7 65.3 66 68 70.4 72.5 74.7 78.4 80.5 81.3 82.9 84.7 86.3 87 87.8 89.3 89.9 90.8 90 89.4 87 84.2 83.8
-2.5 -2.5 -2.5 -2.5 -2.5 -2.5 -2.5 -2.5 -2.5 -2.5 -2.5 -2.5 -2.5 -2.5 -2.5 -2.5 -2.5 -2.5 -2.5 -2.5 -2.5 -2.5 -2.5 -1.8 -1.3 -0.8 -0.3 0.2 0.7 1.1 1.6 2 2.5 3 4.4 7.4 7.9 8.1 8.8 9.3 9.9 10.5 12 11.7 11.9 13.5 15.7 17.5 21.7 24.7 27.4 23.2 34 38.8 41 39.9 44.3 46.7 49.8 53.2 56.5 60 63.1 65.3 64.5 67 70 73.3 75.1 76.9 78.6 80.8 82.8 84.7 86.5 88.3 89.3 89.7 90.5 91.4 92.3 91.8 91.2 90.5 90.6 91.6
-2.5 -2.5 -2.5 -2.5 -2.5 -2.5 -2.5 -2.5 -2.5 -2.5 -2.5 -2.5 -2.5 -2.5 -2.5 -2.5 -2.5 -2.5 -2.5 -2.5 -2.5 -2.5 -1.8 -1.3 -0.8 -0.3 0.1 0.6 1.1 1.6 2 2.5 3 4.1 6.6 8 7.7 9 9.7 10.2 10.6 11.1 12.2 11.4 12.9 14.9 17 21.6 27.4 30.5 32.3 29.1 27.4 36 34.6 40 46.3 51.1 48.8 54.3 57.9 60.5 63.7 66.7 70.2 69.2 73 76.1 77.6 79.1 80.8 82.6 84.5 86.5 88.3 90 91.2 91.6 92.2 93.3 94.2 93.5 92.9 92.6 92.7 92.3
-2.5 -2.5 -2.5 -2.5 -2.5 -2.5 -2.5 -2.5 -2.5 -2.5 -2.5 -2.5 -2.5 -2.5 -2.5 -2.5 -2.5 -2.5 -2.5 -2.5 -2.5 -1.8 -1.2 -0.8 -0.3 0.2 0.6 1 1.5 2 2.5 3 3.9 6.3 8 7.1 7.4 9.4 10.7 11 11 11.5 11.3 12.5 14.4 16.3 19.4 24.3 28 30.7 33.7 35.9 34.9 30.7 43.8 46.7 50.3 53.7 52.7 55.6 57.4 59.1 64.7 69.5 74 73.6 74.3 77.3 79.5 81.1 83.1 85 86.8 88.5 90.1 91.6 93.1 93.4 93.1 95.2 95.9 95.4 94.9 94.9 95.2 94.8
-2.5 -2.5 -2.5 -2.5 -2.5 -2.5 -2.5 -2.5 -2.5 -2.5 -2.5 -2.5 -2.5 -2.5 -2.5 -2.5 -2.5 -2.5 -2.5 -2.5 -1.8 -1.3 -0.7 -0.2 0.2 0.7 1.1 1.6 2 2.5 2.9 3.8 5.9 8 6 7.7 8.2 9.9 10.5 10.9 11.4 11.8 12.1 14.4 16.4 18.1 22.9 27.7 29.5 32.8 36.1 39.2 41.9 40.2 40.1 47.8 50.8 54.1 58.4 60.7 62.8 67 69.9 70.4 73.3 76.1 76.9 78.9 81.4 83.2 85.2 87.5 89.2 90.9 92.3 93.6 94.7 95 94.5 96.4 97.8 97.4 96.9 97.1 97.5 97.4
-2.5 -2.5 -2.5 -2.5 -2.5 -2.5 -2.5 -2.5 -2.5 -2.5 -2.5 -2.5 -2.5 -2.5 -2.5 -2.5 -2.5 -2.5 -2.5 -1.8 -1.3 -0.8 -0.2 0.3 0.8 1.2 1.7 2.1 2.5 2.9 3.8 6.1 8.1 5.6 6.7 8 9.4 10.6 11.5 11.2 11.7 12.1 12.5 15.8 19.2 23.7 28.2 32.9 32.6 35.5 39.3 42.6 43.9 46.4 44.8 41.6 51.2 57.7 60.9 63.3 66.6 70.3 73.1 74 74.5 75.2 78.1 80.8 83.2 85.2 87.3 90 91.9 93.6 95 95.8 96.4 96 96.2 97.9 98.8 99.4 99 99.3 99.7 100.7
-2.5 -2.5 -2.5 -2.5 -2.5 -2.5 -2.5 -2.5 -2.5 -2.5 -2.5 -2.5 -2.5 -2.5 -2.5 -2.5 -2.5 -2.5 -1.7 -1.2 -0.7 -0.2 0.3 0.9 1.4 1.8 2.2 2.6 3 3.9 6.7 6.9 5.3 5.6 6.8 8.1 10.1 12.1 12.9 12.8 12.2 12.3 15 18.6 22.8 26.4 31.3 35 37.1 38.6 42.5 45.1 46 48.5 51.4 52.2 53.4 60.1 63.5 66.2 69.6 72.5 75.1 75.7 74.7 75.4 78.4 81.6 84.7 87.3 89.9 92.4 94.7 96.7 97.9 98.7 97.7 96.9 98.2 99.3 100 100.7 101.5 102.4 103.3 105.1
-2.5 -2.5 -2.5 -2.5 -2.5 -2.5 -2.5 -2.5 -2.5 -2.5 -2.5 -2.5 -2.5 -2.5 -2.5 -2.5 -2.5 -1.7 -1.2 -0.7 -0.2 0.3 0.8 1.4 1.9 2.4 2.8 3.2 5.2 6.6 4.9 5.5 5.4 6.3 7.4 9.6 11.5 13.4 14.5 14.8 13.6 15.2 17.4 21.1 25.9 30.5 34.4 37.8 40.2 41.8 43.6 46.7 48.9 51 54.1 58.2 61.8 64.6 68.9 69.3 70.4 73.4 76.3 76.2 76.7 77.9 79.1 82.2 85.4 88.8 92.4 95 97.4 100.2 102.1 102.8 100.3 99.9 101 102 102.6 104.1 106.1 106.6 107.9 109.6
-2.5 -2.5 -2.5 -2.5 -2.5 -2.5 -2.5 -2.5 -2.5 -2.5 -2.5 -2.5 -2.5 -2.5 -2.5 -2 -1.7 -1.3 -0.7 -0.2 0.3 0.8 1.4 1.9 2.4 3 4.1 6.9 8 5.7 5.9 6.2 6.2 7.1 8.8 10.4 11.9 13.5 14.5 14.4 13.9 17 20.4 24.2 29 33 37 40.1 42.3 43.3 45.5 48.3 51.1 53.6 57.4 61.8 67.8 71.1 74 71.7 74.1 76.1 77.5 78.2 78.4 79.9 82.2 84.7 87.7 90.7 94.6 97.8 100.9 103.6 104.6 104.2 102 102.9 104.3 106.2 107.2 108.4 110.2 111.1 110.5 112
-2.5 -2.5 -2.5 -2.5 -2.5 -2.5 -2.5 -2.5 -2.5 -2.5 -2.5 -2.5 -2.4 -2.1 -1.8 -1.5 -1.1 -0.7 -0.3 0.3 0.8 1.3 1.9 2.4 2.9 4.1 6 7.9 6.3 6.4 6.6 6.2 6.6 7.4 10.3 12.2 12.7 14 13.4 13.3 14.7 18.3 21.6 28.1 32.9 37.7 40.5 42.2 43.7 44.6 47.3 50.2 52.9 56.3 59.9 64.7 71.1 75.2 76.6 76.1 75.3 77.1 78.5 80.5 81.1 83.2 85.4 88 91.5 94.5 97.5 101 105 105.1 104.2 103.2 104.1 106.1 107.9 110.9 112.9 111.6 111.1 111.3 111.2 110.9
-2.5 -2.5 -2.5 -2.5 -2.5 -2.5 -2.5 -2.5 -2.5 -2.5 -2.5 -2.5 -1.9 -1.6 -1.3 -1 -0.6 -0.1 0.3 0.7 1.2 1.8 2.3 2.9 4 6.8 8 6.2 6.8 6.9 7.2 6.6 7.2 8.4 11.9 14.2 14.4 14 12.7 13.6 17.8 22.7 23.4 27.5 33.9 37 39 41 44.1 46.1 49 52.2 55.9 59.4 63.3 67.4 72.2 76.5 77.3 77.5 76.7 77.3 79.7 82.6 85.2 87.5 89.5 93.1 95.6 98.1 101.2 103.4 104.6 104.9 104.4 104.5 105.6 107.5 109.6 111.1 113.6 111.8 111.6 111.4 111.1 110.8
-2.5 -2.5 -2.5 -2.5 -2.5 -2.5 -2.5 -2.5 -2.5 -2.5 -2.5 -1.8 -1.4 -1.1 -0.8 -0.4 -0.1 0.4 0.8 1.3 1.7 2.2 2.8 3.7 6.6 8.4 7.5 7.6 7.5 7.7 7.7 7.9 8.9 9.9 13.4 14.6 14.3 13.5 14 13.9 20.3 26.5 31.2 27.9 31.3 35.8 36.1 40.7 43.3 45.7 49 54.5 58.8 62 65.4 69 72.6 74.9 75.9 77.2 79.3 79.5 82.5 85.8 88.7 90.6 93.5 95.8 95.7 97.6 99.7 100.8 102.3 103.6 104.8 105.8 107.2 109 111 111.2 112 112 111.6 111.3 111 110.7
-2.5 -2.5 -2.5 -2.5 -2.5 -2.5 -2.5 -2.5 -2.5 -2 -1.7 -1.4 -0.9 -0.5 -0.2 0.1 0.4 0.9 1.3 1.8 2.3 2.7 3.2 5.6 8.5 7.9 8.4 8.5 8.5 8.3 8.5 9 10 11.4 12.7 14.1 14.1 13.8 15.4 17.8 22.8 28.2 32.8 36.2 35.1 33.3 40.1 44.1 43.8 47.6 51.9 58.3 61.5 64.7 67.6 70.4 73.3 74.6 76.3 78.1 80.6 82.8 85.4 88.9 91 92.3 94.3 94.4 95.1 96.2 97.3 98.5 100.1 101.6 103.7 105.6 108 109.8 110.6 110.8 110.7 110.5 111 111.3 111.1 111.1
-2.5 -2.5 -2.5 -2.5 -2.5 -2.5 -2.5 -2.5 -1.8 -1.5 -1.2 -0.9 -0.5 -0.1 0.3 0.6 0.9 1.3 1.8 2.2 2.7 3.3 5.7 8.5 8.2 8.2 8.7 9 9 9.1 9.2 9.8 10.5 13 14.3 15 14.9 14.9 17.9 21.4 26.6 28.2 33.1 36.7 39.9 43.2 45.8 48.8 51.5 54.1 57.5 61 64.4 67.4 70.3 72.8 74.5 75.2 77.1 79.3 81.9 84.3 87.2 91 95.1 97.5 96.7 92.2 92.9 94 95.6 97.2 98.9 100.1 102.1 104.8 107.6 110.2 110.9 111.3 110.4 109.6 109.7 110 110.4 110.8
-2.5 -2.5 -2.5 -2.5 -2.5 -2.5 -2.1 -1.8 -1.3 -1 -0.7 -0.4 0 0.3 0.8 1.1 1.4 1.8 2.3 2.7 3.2 5.3 8.5 8.3 8 8.4 8.8 9.2 9.6 10.7 12.5 11.4 11.1 12.8 14.1 16 16.7 18.2 20.6 24.9 30.7 32.9 35 39 42.4 45.7 48.7 51.4 54.2 57.8 61.4 64.4 67.1 70.1 72.2 74 75.8 75.3 77.5 80.2 82.9 85.5 87.7 90.6 95.3 100.4 103.1 94.4 90.5 92.4 94.4 96.1 97.9 99.3 102.5 105.4 108.3 110.8 112.8 110.6 110.2 110.1 109.1 110.4 111.6 111.8
-2.5 -2.5 -2.5 -2.5 -2.5 -2 -1.6 -1.3 -0.9 -0.4 -0.1 0.2 0.5 0.8 1.2 1.6 2 2.3 2.7 3.2 5.5 8.3 8.3 8.1 8.8 10.2 10.6 11.1 11.5 13.6 15.8 14.7 13 12.4 14.5 16.7 19.5 22.2 26.5 27.4 32.3 36.7 39.4 41.7 45.3 49 51.9 54 56.3 61.1 64.5 68.1 70.3 72.3 74.4 75.8 74.6 74.9 77.7 80.4 82.5 84.6 85.9 87.5 91 94.1 101.3 93.5 90.3 92.3 94.3 96.1 97.5 99.6 103.5 106.2 108.4 110.4 110.6 110.2 110 109.9 109.9 111.4 113.2 114.5
-2.5 -2.5 -2.5 -2.5 -2 -1.5 -1.1 -0.7 -0.4 0 0.4 0.7 1 1.3 1.7 2 2.4 2.8 3.2 5 8.4 8.4 8.3 8.2 9.5 10.9 12.5 13.3 13.7 15.8 17.5 17.6 15.6 13.9 16 18.2 22 25.4 29.7 30 34.2 38.7 42.1 44.8 48.7 52.6 56 58 61.6 65.1 66.7 69.2 71.1 72.7 73.8 74.8 75.6 76.7 77.7 80.9 80.6 81.9 82.7 84.6 88.3 90.2 90.3 89.4 90.3 92.2 94.2 96.7 99.3 100.2 103.3 105.4 106.6 107.3 107.8 110 110.9 110.6 111.1 113 114.9 116.3
-2.5 -2.5 -2.5 -2 -1.6 -1.1 -0.6 -0.2 0.2 0.5 0.9 1.3 1.6 1.9 2.2 2.5 2.9 3.3 5.4 8.4 8 8 8.7 9.9 9.8 11.5 13.1 14.7 15.8 16.9 18.4 18 16.6 15.5 17.5 20.2 24.4 28.1 32.2 36.2 32.9 40.5 44 48.7 52.2 55.9 59.2 62.1 64.7 66.5 67.9 69.8 71.2 72.4 74.3 75.6 75.3 76 77 79.3 80.3 79.3 79.6 81.8 85.2 88.2 87.7 90.5 90.6 92.6 95.6 98.6 100.5 101.6 102.9 102.4 104 105 107.6 109.9 111.8 111.8 112.2 113.5 114.7 115.9
-2.5 -2.5 -2.1 -1.6 -1.1 -0.7 -0.2 0.3 0.7 1 1.4 1.8 2.1 2.4 2.7 3 4.4 5.8 8.4 7.3 6.8 7.8 10.1 10.2 10.3 11.9 13.9 16.1 17.1 16.3 17.3 17.5 18.7 18.5 19.3 20.6 25 31.8 34.9 39.1 40.2 42.3 45.8 52.2 55.7 59.2 62 64 66.1 67.6 69 69.7 70.6 72.5 74.3 75.8 74.9 76 76.3 77.4 77.6 77.2 77 81.1 84.5 86.3 88.4 90.7 91.3 93 96.2 99.1 100.7 101 100.7 100.2 102.9 106 108.7 110.7 111.3 111.3 112 113 114.1 114.7
-2.5 -2.5 -2 -1.4 -0.7 -0.3 0.2 0.7 1.1 1.5 1.9 2.3 2.7 3 3.3 4.9 6.5 8.3 6.8 5.8 6.4 8.8 10 10.5 11.5 14.1 16.2 18.1 18.5 16.6 16.9 17.9 19.8 22 20.4 20.6 21.8 27.8 34.5 39.7 44.5 48 51.4 53.7 58.3 60 62.4 64.2 65.1 67 69.7 71.1 72 73 74 74.2 74.9 75.8 70.3 68.2 75.1 77.2 78.1 80.9 84.3 86.8 88 89.8 92.2 93.5 96.3 97.3 98.3 98.6 100.4 102.2 104.5 106.1 108.7 110 110.5 111 111.6 111.6 111.5 111.5
-2.5 -2.5 -1.8 -1.2 -0.6 0 0.6 1.1 1.5 2 2.4 2.8 3.2 4 5 6.7 8.2 6.7 5.8 5.4 8.2 9.6 10.8 11.4 13.1 15.3 16.1 16.5 17.3 17.7 17.9 19.3 23.1 30 29 33 34.9 33.7 27 38.7 45.3 50.8 55 57.6 58.8 58.8 61.2 63.1 65.2 68.2 70.7 71.2 71.6 72.2 72.9 74.1 74.5 68.4 76.2 77.2 77.4 78.6 79.5 81.5 84.4 87.4 88.3 89.7 92.7 94.5 95.4 96.7 97.8 99 101.1 102.2 103.9 105.3 106.7 109.8 110.1 109.7 110.6 110 109.3 108.6
