STL Generation/terr50_gagg_gb/data/NY07.asc
ncols 200
nrows 200
xllcorner 300000
yllcorner 570000
cellsize 50
[rows 74 to 110 of 200, columns 0 to 83 of 200]
13.5 13.4 13.8 14.1 14.3 14.2 13.4 12.9 12.8 13.5 14.2 14.1 12.8 12.2 12.7 12.9 13.2 13.2 13.7 14.3 14.7 14.5 13.8 13 12.9 12.8 13.2 13.7 13.6 13.5 14.8 15.9 16.4 16.8 17.2 17.1 16.9 15.5 14 13.1 13.5 14 9.9 8.5 9 10.3 10.7 11 10.4 9.7 9.7 9.8 10.5 11.1 14.2 15.9 16.9 13.7 12.1 17.3 21.8 24.6 28.8 32.2 36.2 39.9 42.7 44.5 43.9 44.4 42.3 41.4 40.6 42.2 46.9 49.6 52.8 54.9 57.2 57.6 57.1 54.6 52.6 52.4
14.1 13.4 13.4 13.6 13.8 13.8 13.1 12.9 12.6 13 13.3 13.8 14 12.6 12.5 12.9 13 13.1 13.6 14.1 14.5 14.4 14.1 13.7 13.2 13.3 13.6 14 13.4 14 14.9 15.6 15.8 16.3 16.7 16.5 16.3 15.9 14.9 12.1 13.1 12.9 10.5 8.9 8.2 10 10.6 10.8 10.3 10.1 10.6 10.7 10.7 10.6 13.4 15.4 17.8 15.5 12.2 15.9 20.7 23.8 27.9 31.3 36 39.3 40.7 41.8 42.7 42.7 41.3 40 38.8 40 42.4 46 50.8 52.5 55 55.9 57 55.8 54 52.3
14.3 14.2 13.8 13.6 13.4 13.4 13 12.8 12.6 12.5 13 13.5 14.2 13 12.4 12.9 12.9 13 13.4 13.9 14.2 14.2 13.9 13.5 13.3 13.5 13.6 13.5 13.6 14.1 14.7 15.4 15.2 15.6 16 16 15.8 15.4 13.3 10.7 11.2 11.4 13.5 11.8 9.3 9.4 10.7 10.5 10.3 10.5 10.5 10.6 10.8 10.3 10.5 15.4 16.2 15.6 11.9 15.7 18.8 21.8 27.3 29.4 33 37.7 39 40.4 41.1 41.2 41.6 40.5 38.8 37.2 39.3 42.8 48.1 50.6 52.3 53.1 54.5 54.8 54.2 53.7
14.9 13.9 14.4 14.2 13.5 12.7 12.6 12.6 12.4 12.4 12.7 13.2 13.3 13.2 12.3 12.6 12.7 12.8 13.3 13.7 14.3 14.4 14.1 13.3 13.3 13.3 13.3 13.1 13.8 14.2 14.5 15.2 15 14.9 15.3 15.4 14.9 13.8 11.6 13.2 13.8 13.3 13.4 12.7 9.5 8.4 10.1 10 10.8 10.8 10.8 10.8 10.7 10.2 10.2 12.4 18.3 15.9 12.7 15.5 17.1 20.9 25.7 28.9 31.8 35.2 36.8 38.5 39.4 40 40.5 38.2 37.4 36.6 36 40 43.9 47.5 49.6 50.5 52.5 54.7 55 54.3
13.5 14.7 14.6 14.5 13.9 13 12.3 12.4 12.3 12.4 12.4 13 13.7 14.3 13.1 12.4 12.5 12.7 13.3 14.1 14.4 14.7 14.5 13 13 13.1 13 13.7 13.9 14.2 14.6 15 14.8 14.6 14.6 13.9 12.8 12.6 11.5 12.6 14.4 14.7 14.7 13.2 9.9 8.1 9.9 10.2 11 11.1 11.1 11.2 11.2 10.9 10.8 11.9 14.8 14.3 12.9 14.2 15.9 20.1 24.3 27.3 31.1 34.1 36 36.9 37.6 39.4 38.3 39.9 37.6 35.3 35 36.6 39.8 44.7 46.6 48.8 52 53.8 54.5 52.7
12.3 13.6 14.1 13.9 13.9 13.4 12.6 12.7 12.6 12.1 11.8 12.4 13.5 13.9 14.2 13.7 13.2 13 13.8 14.3 14.6 14.6 13.9 14 13.3 13.2 14.2 14.5 14.6 14 15.2 15.1 15 14.9 15 14.5 14.2 14.1 12.8 13.1 14.8 15.3 15.1 12.8 8.6 10.5 10.4 10.3 10.7 11.4 11.4 11.5 11.5 11.6 11.8 12.5 13.5 17.5 12.1 14.5 15.4 18.8 23.2 26.1 30 32.4 33.9 35.3 36.7 38.1 38.9 39.7 36.9 34.3 34.3 33.9 36.1 41.8 45.2 48.2 51.3 52.5 53.2 51.1
12.7 12.9 14.2 14.2 13.8 13.5 13 12.9 12.9 12.6 11.8 11.5 11.6 13.2 13.5 12.9 13.7 13.7 13.7 13.8 13.4 13.5 14.2 13.8 12.5 12.3 13 13 12.8 13.8 15 15 14.9 14.6 14.5 15.3 15.1 15.1 14.9 14.7 14.4 14.7 15.7 12 8.5 10.5 10.5 10.8 11.1 11.6 11.6 11.5 11.6 11.4 11.5 13 14.9 21.6 13.6 14.1 15.9 17.4 21.4 24.8 27.1 30.2 32.4 34.7 36.2 37.3 38 37.7 36.8 33.8 33.2 33.2 34.5 39 43 46.7 49.2 51.2 52.3 50.6
12.6 12.7 14 14.2 13.8 13.5 13.3 13.1 13.1 12.9 11.3 11.4 11.6 12.6 12.6 12.5 13.4 13.2 13.1 13.2 13.3 13.1 13 12.4 11.7 11.9 12.8 12.8 12.9 13.3 14.4 14.7 14.6 14.4 14.6 15.3 15.4 15.2 14.9 14.5 14.1 13.8 13.4 12.6 10 10.7 11 11.2 11.5 11.8 11.9 11.7 11.6 11.3 11.7 12 15.1 17.1 15.1 14.5 15.3 16.3 22.6 23.5 26.5 29.2 32.3 34.9 36 37.1 37 37.2 36.4 34.5 32.4 32.3 32.6 34.6 38.9 44.4 48.3 50.7 51.4 50
12.4 12.6 13.7 13.9 13.7 13.6 13.4 13.2 12.9 12.3 11.2 11.4 11.6 13 12.8 12.3 12.8 12.9 12.6 13.4 13.3 13.1 12.8 12.6 11.8 11.7 12.8 12.9 13 13.3 13.9 14.5 14.4 14.5 14.7 15.3 15.4 15.2 15 14.6 14.2 14.6 15.4 11.3 11.1 11.8 11.6 11.6 11.8 12 12.1 12 11.9 11.5 11.5 11 15.8 20.1 16.5 15.9 15.2 16.6 18.5 22.9 26 28.8 31.2 33.5 35.5 36.3 35.2 34.9 34.9 33.6 32.3 31.8 31.7 32.8 36.7 43.7 47.6 49.2 50.3 48.8
12.2 11.7 11.6 12 13.8 13.7 13.5 13.3 13.1 12.9 11.2 11.6 11.9 12.6 12.6 12.3 12.2 12.3 12.6 13.4 12.7 12.5 12.7 12.9 12 12.4 12.9 13.1 13.2 13.4 14 14.3 14.5 14.5 14.8 15.4 15.5 15.3 15 14.7 13.3 14.9 15.4 11.2 7.7 9 10.5 11.2 12 12.3 12.4 12.5 12 11.6 10.7 12.5 17.1 20.7 19.6 16.7 15.6 17.2 18.7 22.1 24.8 27.8 30.3 32.3 34.4 34.7 33.6 34.4 33.5 33.2 32.1 33.4 32.8 32.1 36.1 42.5 46.1 47.6 48.7 47.6
12.3 11.7 11.1 11.1 11.5 11.8 12.2 12.4 12 12.3 13.1 13 12.9 12.9 11.8 12 12.5 12.1 12.9 12.5 12.3 12.6 12.9 12.9 12 12.6 13 13.2 13.3 13.4 13.7 13.9 14.2 14.5 14.9 15.5 15.5 15.3 15.1 13.8 11.7 14.5 14.9 11.9 10.4 10.6 10.2 10 10.5 11.3 11.8 13.1 13.3 13.4 13.9 14.2 14.9 19.3 20.5 20.9 19.2 17.7 19.8 22 24.9 27.5 29.5 31.3 33.3 33 33.2 33.6 32.9 32.6 33.3 33.9 31.7 32.3 36.2 40.5 44.5 46.3 45.9 48.1
12.3 12.5 12.7 11.4 11 10.6 10.6 10.6 10.6 11.3 12.1 12.4 12.6 12.5 12.7 13 13.1 12.6 12.6 12.9 12.8 13.1 13.1 12.7 12.2 12.8 13.1 13.3 13.4 13.4 13.6 13.8 14.1 14.3 14.6 15.2 15.3 14.9 14.6 14.2 12.3 12.8 13.2 10.8 10.7 9.7 10.5 10.6 10.3 11 12.6 11.7 11.7 12.8 13.3 14.6 15.7 16.6 17.8 19.4 20.7 22 20.5 21.3 24 27.2 30.1 31.2 32.9 33.1 33 34.3 33.5 32.9 33.7 32.1 31.5 32.2 37.3 41.7 43.5 44 48 48.7
12.5 12.8 12.9 13.2 12.5 11.9 10.6 9.9 10.2 10.6 11.3 11.6 11.8 11.9 11.9 12.3 13 12.3 12.8 12.9 13 13.2 13.1 12.5 12 12.3 13 13.4 13.2 13.5 13.7 13.7 13.9 14.2 14.4 14.7 14.8 14.5 14.2 13.9 12.6 11.2 10.9 11.5 8.8 7.9 9.7 10.7 10.9 11.1 13.7 12.1 10.8 10.5 10.6 14.2 15.7 16.8 17.9 19.8 18.5 18.1 18 21.8 25 26.7 27.7 28.7 31 33.2 33.5 34.7 35.5 33.6 33 31.7 32 32.6 36.2 39.2 39.1 44.7 46.9 47.4
12.5 12.8 13.1 13.4 14.3 12.6 11.9 11.7 11.2 10.6 9 10.8 11 11.9 11.6 11.9 11.7 12.1 12.3 12.3 12.2 12.6 13.1 12.5 13 11.2 12.1 12.9 12.9 13.6 13.8 13.7 13.8 14 14.3 14.7 14.8 14.3 13.8 13.5 12.8 11.7 12.2 12.2 11.4 8.8 8.8 10.1 10.9 13.3 14 14.4 10.1 9.9 10.7 14.8 15.8 15.7 16.3 18.5 18.6 17.8 18.3 20.9 23 27 30.3 33.2 33.9 33.4 32.2 30.8 32 33.5 32.6 32.1 32.1 32.9 35.7 36.3 40 44.6 44.8 45.4
12.5 12.8 13.2 13.5 14 13.7 12.2 13.4 12.9 12.1 11.6 11.1 10.6 11.7 11.3 10.9 11.3 11.6 11.8 11.8 11.6 12.2 12.5 11.9 11.4 11.6 11.8 12.4 12.1 13.7 13.9 13.8 13.8 13.9 14.6 14.9 15.5 15 14.5 14 14 13.9 13.8 13.4 13 10.3 9.4 8.1 11.5 13.4 14 13.9 10.2 11.9 10.3 15.2 15.6 15.3 16.2 18.3 19.4 19.4 19.3 21.1 22.7 26.1 29.8 32.3 33.5 34.4 34.3 33.5 33.2 32.6 33.3 32 31.8 32.2 34.6 34.6 40.9 43.2 41.9 44.5
12.6 12.7 13.2 15.8 13.8 12.5 12.2 12.9 13.6 13.5 12.7 12.1 10.7 11.9 12.7 11.1 11.1 11.2 11.3 11.3 11 11.3 12.2 11.9 11.4 11.6 11.9 12.3 12.3 13.3 13.6 14.1 14.7 15.2 15 15.2 16 15.2 14.7 15 14.2 13.8 13.9 13.9 13.5 12.5 9.9 7.9 12.2 12.9 14.5 14.4 12.2 12.2 14.6 15.7 15.5 14.9 17 18.9 19.4 19.7 20 20.1 21.8 24.6 28.1 30.1 32.2 35.3 36.1 35.7 34.7 33.5 31.9 32.5 31.5 31.3 33.3 34 37.5 39.8 41.1 43.8
12.5 12.7 13.1 13.5 14 13.1 13 13.2 13.2 17.3 13.4 13.7 12.1 12 12.4 12.5 11.9 11.7 11 9.7 10.7 10.8 10.8 11.8 11.5 11.7 12.2 12.5 12.5 14 15.2 16.2 16 14.1 15.3 16 15.1 14.2 14 14.1 14.1 13.9 14 14 13.9 13.1 11.2 9.1 7.4 12.1 13.4 13.1 12.3 11.8 13.5 14.5 14.6 16.1 17.9 19.3 19.6 19.8 20 19.8 21.1 23.5 25.6 28 31.8 35.6 37.1 36.6 37.1 33.7 32.8 32.2 30.8 30.3 30.8 31.6 36 38 40.7 44.7
12.5 12.6 12.8 13.3 12.5 15.1 13.4 13.2 13 12.9 12.6 13 12.6 12.4 12.6 12.8 12.9 12.9 12.4 11.9 11.5 10.6 10.3 11.6 12 12 12.1 12.3 12.4 14.5 16 15.7 14.3 14.1 14.6 13.2 14.7 13.7 13.4 13.6 13.7 13.8 13.8 13.9 13.9 13.5 13 10.9 9 7.6 9.1 10.5 10.6 10.6 11.7 12.5 12.8 14.4 16.8 19.5 19.6 19.7 19.9 19.4 19.9 21.9 23.9 27.2 31.2 34.6 36.5 36.7 37.1 35.2 32.8 31.7 30 29.4 29.6 31.1 32.9 35.9 39.4 41.6
12.5 12.6 12.7 12.9 12.8 13.3 14.2 13.1 13.2 12.9 12.5 12.6 12.9 12.7 12.8 13 12.9 12.6 12.2 11.7 11.3 10.5 9.2 11.1 11.9 11.8 11.8 12 12.1 13.8 14.4 14.7 14.1 13.6 13.6 14.3 14.1 13.1 13.2 13.4 13.5 13.5 13.6 13.7 13.5 13.5 13.3 11.2 8.9 7.6 8.7 10 10.2 10.4 10.5 11 11.6 13.1 16.4 19.1 19.7 19.8 19.9 19.7 18.9 20.6 22.8 26.8 29.2 32.1 35.7 36.5 36.7 36.4 33.8 31.3 30.2 28.5 29 31.2 31.1 34.1 37.3 39.3
12.5 12.6 12.7 12.8 13 14.5 15.6 12.8 12.7 12.5 12.5 12.8 13 13.1 13 12.8 12.6 12.4 12 11.5 10.7 10 8.9 10.3 11.9 11.8 11.8 11.7 11.8 12.8 11.5 12.5 12.7 14.3 15.1 14.1 13.5 13.2 13.2 13.1 13.2 13.3 13.4 13.5 13 11.9 12.8 9 7.8 7.7 9.2 9.5 9.8 10 10.2 10.7 11.2 14.5 17.1 20 20 20.1 20 19.7 19.1 19.4 21.7 25.3 27.5 31.2 33.8 36.4 36.4 36.1 34.2 32.5 30.2 27.5 28.3 30.3 29.3 32.2 33.9 37.5
12.5 12.6 12.7 12.7 12.7 12.6 12.6 12.7 12.7 12.6 12.8 13 13 12.9 12.8 12.6 12.4 12.2 11.6 10.8 10 9.3 8.8 9.7 11.9 11.9 11.8 11.8 11.7 11.5 11 10.8 12.2 14.6 15.2 14 13.3 13.2 13.2 13.1 13.1 13.1 13.3 13.3 11.9 9.9 11.2 8.1 8 8.6 9.5 9.4 9.4 9.7 9.9 10.4 11.2 15 17.3 18.8 20 20.1 20 19.8 19.1 18.8 21 22.7 25.4 27.6 31.6 34.2 35.6 35.1 33.6 32.2 31.1 27.6 26.7 28.9 27.6 29.2 31.8 36.4
12.5 12.5 12.4 12.4 12.4 12.4 12.5 12.6 12.6 12.6 12.9 12.9 12.8 12.7 12.5 12.4 12.2 12 11.5 11.1 10.7 10.3 9.5 9.3 10.2 11.2 12 12.1 12.1 13.1 12 10.7 11.8 13.4 14.6 13.8 13.4 13.2 13.2 13.1 13.1 13.2 13.2 13 12.3 10 9.3 7.6 8.3 9.1 9.8 10.4 10.4 9.4 9.7 10.1 10.7 11.6 15.6 14.6 19.6 19.7 19.8 19.6 18.9 18.7 20.1 21 23 25.9 29.6 32.2 33.8 33.7 34.7 33.7 32.5 30.1 25.5 26.1 26.6 26.2 30.1 32.3
12.3 12.2 12.1 12.2 12.2 12.3 12.4 12.5 12.5 12.6 12.7 12.7 12.6 12.5 12.3 12.2 12.2 12.1 11.8 11.3 10.7 10.2 9.3 9.1 10 10.6 11.2 11.7 12.1 12.6 12.6 12.1 11.9 12.9 13.7 13.4 13.4 13.2 13.1 13.1 13.2 12.9 12.4 12.9 12.3 10.4 7.6 7.6 8.2 8.9 9.6 10.3 11 9.6 9.6 9.8 10.1 12.9 16 13.6 19.5 19.6 19.6 19 18.9 18.7 18.4 20.2 22 24.8 27.9 30 31.2 32.8 34.2 34.5 33.3 29.8 26.2 24.1 25 25.1 27.5 29.3
12.1 12.3 12.2 12.2 12.2 12.2 12.3 12.3 12.4 12.5 12.5 12.5 12.4 12.3 12.3 12.2 12.2 12.1 11.9 11.7 11.1 10.4 9.4 8.9 9.4 9.9 10.4 10.8 11.3 11.6 11.6 11.8 12.2 12.6 12.9 12.9 12.9 12.9 12.6 12.6 12.1 11.7 12.5 12.7 11.8 11.4 12.6 7.8 9 9.6 9.9 11.4 11.3 9.5 9.5 9.8 10.1 12.5 15.4 12.7 17.7 19.4 19 18.6 19 18.9 18.4 19.8 21.3 23.5 26.5 27.7 30 31.7 32.9 34.5 33.5 30.5 26.8 23.4 23.4 23.8 25 25.9
11.9 12 12.1 12.2 12.2 12.3 12.3 12.3 12.3 12.3 12.4 12.4 12.4 12.3 12.3 12.2 12.2 12.1 11.9 11.7 11.6 10.8 10 8.8 8.8 9.2 9.6 10.1 10.5 10.7 10.8 11.1 11.6 12.1 12.4 12.7 12.6 12.6 11.8 12 11.3 11.6 12.9 12.8 11.8 10.1 8.3 11 9.7 9.8 11.2 12.2 10.6 9.8 9.4 10.1 12.7 13.9 13.7 12.2 14.3 19.1 19 18.6 18.9 18 18.2 20.4 21.3 22.7 25.1 26.2 28.5 28.6 31.6 34.2 34.1 31.4 26.8 24.4 22.3 22.4 23.5 24.2
12.1 11.8 11.8 12.1 12.1 12.1 12.1 12.2 12.2 12.1 12.2 12.2 12.2 12.2 12.2 12.2 12.2 12.1 12 11.9 11.9 11.5 10.7 10.1 9.6 8.5 9.6 10 10.1 10.2 10.3 10.8 11.3 11.8 12 12.5 12.6 12.5 12.1 11.2 10.3 11.2 12.5 12.3 9.9 8.8 7.7 8 9.4 11.3 11.5 12.2 10.8 10 10 10.6 12 14.4 12.4 12 12.7 13.7 18 18.4 16.7 16.3 18.2 20.1 20.6 21.7 23 24.4 25.6 26.2 29 32.2 33 31.2 27.4 24.4 22.3 21.7 22.1 22.7
12 11.5 11.5 12 12 12 12 12 12 11.9 12 12.1 12.1 12.1 12.1 12.1 12.1 12.2 12.2 12.2 12.2 12.1 11.6 11.2 10.7 10.5 9.3 9.2 9.6 9.7 10 10.5 11 11.6 11.6 11.8 12.5 12.4 12.2 11.1 9.7 9.5 10.2 11 9.4 8.3 7.2 7.4 8.6 10.8 13.2 12.6 11.1 10.3 10.7 11 13.5 13.2 11.9 12 12.5 13.2 14.5 16.1 14.8 16 18.1 19.6 20.5 20.1 21.3 21.6 22.9 24.1 27.1 29.7 30.8 30.9 28.2 24.9 22.2 20.8 20.9 21.5
11.8 11.5 11.2 11.9 11.9 11.9 11.9 11.8 11.8 11.7 11.8 11.9 12 12 12 12.1 12.1 12.1 12.2 12.2 12.2 12.3 12.2 12 10.9 10 9.1 8.8 9.2 9.3 9.8 10.2 10.7 11.2 11.2 11.3 11.8 12.5 11.3 9.8 9.7 9.6 9.2 10 8.9 7.8 7.9 7.6 9.2 11.7 12 15.4 11.9 10.8 13.1 16.9 18.6 14.8 11.8 12.1 12.4 12.6 12.8 13.5 14.5 16.3 17.9 18.5 19.4 19.5 18.4 19 20.3 22.7 25.7 27.8 28.9 28.9 27.3 25.5 22.4 21.2 20.9 20.9
11.9 11.5 11.3 11.6 11.6 11.6 11.6 11.6 11.6 11.5 11.6 11.7 11.9 12 12 12.1 12.1 12.1 12.2 12.2 12.3 12.3 12.2 12.1 11.6 11.1 10.6 8.9 8.7 9 9.5 10 10.5 10.7 10.7 10.5 10.8 11.9 10.3 10.3 10 9.5 9.1 9.1 8.3 7.4 8.3 7.3 11.5 11.9 12.3 12.4 12.8 13.2 16.2 17.2 16.6 14.6 11.9 12.5 13 12.5 12.5 13.2 13.9 15.9 18.2 18.9 19 19.3 18.9 19.8 20.4 21.9 23.5 25.3 26.7 26.6 26.5 25.3 23.4 21.1 19.2 20.4
11.4 11 11 11.3 11.3 11.3 11.3 11.3 11.3 11.3 11.5 11.8 11.9 12 12.1 12.1 12.1 12.1 12.2 12.2 12.3 12.2 12.1 12 11.7 11.2 10.9 9.9 8.8 9.1 9.6 10 10 9.9 9.7 9.6 9.9 10.1 10.3 10 9.9 9.5 9.1 8.6 7.9 7.2 7.1 10.2 11.2 11.4 11.8 12.5 13.7 13.7 13.1 14.6 14.6 12.7 11.3 13.1 13.6 12.9 12.4 13.7 14.7 17.5 18.7 18.5 18.4 18.6 19 19.1 19.3 20.1 21.7 22.8 24 25.1 26.7 26.1 23.9 20.4 19.2 19.1
11.8 11 10.8 10.9 10.9 11 11 11 11.2 11.3 11.6 11.8 11.9 12 12.1 12.2 12.2 12.2 12.2 12.3 12.2 12.2 12.1 12 11.8 11.4 11.1 10.8 9.6 8.8 8.5 8.5 9 8.8 8.6 8.5 8.8 8.5 7.9 8.6 8.2 8.6 8.4 7.5 8 8.6 9.8 10.4 10.9 10.9 11.4 12.1 13 14.3 13.4 12.6 13.5 11.7 11 12.4 13.4 13.1 13 14.2 16.5 18.2 18.7 18.4 18 17.8 17.2 17.3 18.4 18.7 20.5 21.1 21.3 23.4 23.9 26.4 25.2 21.3 19 17.9
12 11.4 11 10.6 10.6 10.6 10.8 11 11.2 11.4 11.6 11.8 11.9 12 12.1 12.2 12.3 12.3 12.2 12.3 12.2 12.1 12 11.9 11.7 11.5 11.2 11 10.9 10.8 10.5 9.5 9.2 9.1 9.3 9 8.6 8.7 10.4 11.6 10.9 10.5 9.9 9.2 8.2 7.8 8.7 10 10.5 10.6 11.6 12.4 12.9 14 14 12.7 12.9 12.5 12 11.8 12.6 12.7 12.5 12.7 14.7 17.3 18.7 18.4 17.6 17.5 16.8 16 16.6 17.4 17.9 18.4 18.9 20 20.9 22.3 23.4 23.1 20.6 17.9
12.2 11.6 11.1 10.5 10.4 10.6 10.8 11 11.2 11.4 11.5 11.7 11.9 12 12.1 12.2 12.3 12.3 12.3 12.2 12.1 12 11.9 11.8 11.6 11.3 11.1 10.8 10.7 10.9 11 11 10 10 10 10 10.1 10.4 11.5 11.7 11.9 12 11.4 10.4 9.4 8 7.8 9.3 9.9 9.7 10.3 11.5 12.5 12.6 12.4 13.1 12 12.2 11.7 11.7 12 12 11.9 14.3 14 14.7 17.1 17.4 16.4 17.1 17.3 15.7 16.1 16.6 17.1 17.2 17 17.7 18.9 19.4 20.8 22.2 21.8 19.2
12.3 11.2 10.6 10.2 10.3 10.6 10.7 10.9 11.1 11.1 11.4 11.7 11.8 11.9 12 12.1 12.2 12.3 12.3 12.2 12.1 12 11.9 11.7 11.5 11.2 10.9 10.7 10.6 10.7 10.8 10.9 10.8 10.7 10.7 10.8 11.1 11.5 11.2 11.2 11.6 12.6 12.3 10.6 9.4 8.5 7.8 7.3 8.2 9.3 9.8 10 9.9 9.8 9.9 10.2 10.6 10.5 10.5 10.5 11.1 11.2 12 13.7 13.4 13.9 13.6 15 14.6 16 17.1 16.3 15.5 16 16.7 17.8 18.4 18.2 17.5 18.1 19.2 20.4 20.7 19.5
12.4 10.7 10.3 10 9.9 10.4 10.7 10.9 10.9 10.9 11.5 11.7 11.8 11.9 12 12.1 12.1 12.2 12.2 12.1 12 11.9 11.8 11.6 11.4 11.1 10.8 10.5 10.4 10.5 10.6 10.8 11.2 11.4 11.4 11.5 11.9 12 11.7 11.4 11.5 11.5 11.8 11.1 9.9 9 8.7 7.6 9.1 9.2 9.5 9.7 9.8 9.8 10 10.1 10.3 10.3 10.4 10.5 12 10.7 11.6 12.2 11.7 11.7 12.1 13.6 14.2 14.8 15.9 16 15.1 16.1 17.6 18 18.9 18.6 17.6 17.5 18 19.3 20.3 21.7
12 11 10.4 10 9.5 10.1 10.6 10.7 10.6 10.6 11.6 11.7 11.8 11.8 11.9 12 12 12.1 12.2 12.1 11.9 11.8 11.7 11.5 11.3 11 10.7 10.4 10.5 10.8 11.2 11.5 11.7 12 12.1 12.2 12.1 12 11.8 11.6 11.3 11.2 11.2 11.1 10.2 9.2 6.8 7.7 8.2 8.7 9.3 10.2 11 11.8 11.9 11.2 10.6 10.6 11.1 11.6 11.5 13 12.2 13.5 12 11.3 11.5 12.4 13.4 13.4 14.3 14.5 15.9 16.7 16.9 17.5 18.7 19.4 19.5 17.4 17.8 18.6 18.5 19.6
12.8 11.7 10.8 10.5 9.6 9.3 9.4 10 10.4 10.3 11.5 11.5 11.6 11.7 11.8 11.9 11.9 12 12 12 11.8 11.7 11.5 11.4 11.3 10.9 10.6 10.7 11.1 11.5 11.8 12 12.2 12.5 12.7 12.5 12.3 12.1 11.8 11.4 11.1 11.1 11.1 11.1 9.8 8.4 7.3 6.6 7.1 9.3 11.1 10.8 11.6 12.1 12.5 12.1 11.6 12 12.6 13.2 13.4 13.6 13.2 13.5 13.9 13.2 12.2 12.3 12.7 13.5 14.3 16.1 17 17.2 16.9 17 17.8 19.2 20.3 20.5 19.1 19.4 18.3 18.1
