STL Generation/terr50_gagg_gb/data/NY34.asc
ncols 200
nrows 200
xllcorner 330000
yllcorner 540000
cellsize 50
[rows 0 to 34 of 200, columns 0 to 79 of 200]
22.2 24.2 26.4 27.7 28.1 29 28.2 27.9 27.1 24 22.9 22.9 22.9 22.9 23.1 24 24 25.1 25.8 26.1 26.6 27.1 27.5 27.8 27.9 28.8 30 29.7 29.9 32.7 33.8 32 31.2 30.9 31.1 32 32 32.4 33.4 34.5 35.9 35.6 34.5 34.5 35 34.9 35 35.6 36.8 38.6 39.5 40.5 40.8 40.8 40.9 40.9 41.4 41.4 41.5 41.1 40.1 38.9 37.6 36.9 36.4 36.7 37.3 38.3 38 38.3 38.5 38.6 38.9 39.3 39.5 39.7 39.4 38.2 34.9 33
22.5 22 23.8 23.8 24.8 25 24.8 24.7 24.4 23.3 22.9 22.9 22.9 22.9 22.9 23.1 22.9 23.8 24.5 25.2 25.8 26.4 26.8 27.5 27.9 31.3 31.4 31.6 33.2 34.7 35.2 33.5 30.9 31.5 32.8 33.8 34 35.1 35.7 36.2 37.7 37.7 36.8 36.7 36.9 36.5 36.1 36.5 37 37.4 38.1 39.6 39.6 39.4 39.4 39 40.3 41.6 42.1 41.4 41.2 39.7 39 38 36.8 36.8 37.2 38.8 38.8 38.9 39.2 39.4 39.5 39.8 39.7 39.4 38.3 36.8 34.1 32.6
22.5 21.4 22.5 22.1 23.8 24.2 24.4 24 24.9 24.5 24 23.1 24.8 24.7 24.7 23.1 23.2 24.1 24.8 25.3 25.9 26.5 26.9 28 29.5 32.6 32.4 32.4 33 35.4 36.7 35.6 31.9 31.6 34 35.5 36.5 37 37.5 38.5 40.8 40.9 40.1 40.4 40.7 39.9 39.8 40.2 40 39.6 39.4 39.3 39.3 38.8 39 38 38.9 39.3 38.8 39.3 40.3 39.6 39.2 38.5 37.8 37.1 38.1 38.8 38.9 38.9 39.2 39.6 39.9 39.7 39.2 38.7 37.4 35.4 32.6 31.9
23.1 23 22.2 22.7 23.4 23.9 24.2 25.8 25.6 26.2 26.1 26.2 26.8 27.9 29.1 29.2 27.3 26.4 26.2 26.1 26.3 26.6 27.2 28.3 29.3 31.2 31.9 32.3 33.2 34.4 34.6 34.5 33.1 31.8 33.8 35.7 36.6 36.7 38.2 40.5 42.9 43.5 43.9 44.2 44.4 44.6 44.7 45 44.7 43.9 43 42.8 41.8 41.5 39.9 38.6 38 37.9 37 37.4 38.4 38.4 38 37.6 37.7 37.5 38 38.2 38.5 38.7 39.2 39.6 39.7 39.2 38.7 37 35 32.8 31.8 32.7
23.9 24.1 23.3 22.6 22.9 24.5 25 25.7 25.9 26.3 27.3 28.4 28.9 30 30.5 30.2 29.9 29 27.9 27.5 27.4 27.6 28.1 28.3 25.2 25.1 25.2 26.1 26.4 28 31.3 32.8 33 31.6 32 35.5 37.4 38.7 40.5 42.7 43.9 44.9 45.4 45.6 46.1 46.4 47.5 49.1 49.3 48.8 47.4 47.1 46.3 45.4 43.9 42.1 39.8 38.6 37.8 37 37.3 37.4 36.9 37.2 37.5 37.6 37.5 37.5 38 38.5 39 39.5 39 38 36.4 34.6 31.4 31.6 32 32.6
22.9 23.5 24 23.1 22.7 24 24 23.9 23.6 24.2 24.8 28.2 29.4 30.2 30.4 30.4 30.5 30.4 30.3 30 30.1 29.5 28.2 24.8 25 25.1 25.4 25.6 25.5 26.3 26.3 26.8 28.4 28.4 29.2 31.7 34 37 40.5 43.1 44.2 45 45.4 45.3 45.9 46.7 48.1 49.5 50.5 50.8 50.8 49.5 49.6 49.1 47.9 45.3 43.1 41.6 39.9 37.4 37.6 37.3 37 37.5 37.6 37.6 37.5 37.1 37.2 36.3 38.6 38.2 36.8 35.4 33.4 31.7 32.2 32.2 32.4 32.7
23.5 23.5 23.8 23.4 22.6 22.5 21.7 21.8 22.1 22.4 22.4 24.3 27.3 28.5 30.6 30.7 30.9 31.2 32 31.4 31.1 30.9 26.7 25.4 25.1 25.3 25.5 25.8 25.6 25.8 26 26.4 27.7 27.1 26.9 27.2 28.1 30.8 34.6 36.4 42.7 44.8 45.1 45 45.9 47.2 48 48.6 48.8 49.6 50.3 51.1 51.2 51.7 51.3 49.7 48.5 44.1 41.9 38.4 37.6 37.3 37 36.2 35.7 35.5 35.1 35.8 35.6 34.8 34.5 33.7 32 32.5 32.2 33 33 33 33.3 40.2
25.1 24.4 24.6 24 22 21.8 21.8 22 22.4 22.7 22.9 23.3 23.5 26.2 30 30.7 31.4 31.8 32.3 31.5 31.5 30.4 24.9 25.1 25.3 24.9 25.6 25.9 25.9 25.3 25.7 26.2 26.8 27.1 27 26.9 26.9 27 27.5 29.7 36.1 41.8 43.1 42.9 45.3 46.4 46.9 47.2 47.2 48.2 49.4 49.6 50.1 50.3 50.9 51.1 49.4 47 45 41.5 38.5 37.7 36.5 34.4 33.1 32.7 32.5 32.9 32.6 32.7 32.8 32.4 31.7 34.8 33.8 33.4 33.8 33.7 40.6 43.7
25.8 26.2 26.2 24.7 21.9 22 22.1 22.3 22.6 22.8 23.1 23.3 23.3 23.7 26.7 28.9 29.8 30.5 30.7 31.1 31.4 30.4 24.8 25.2 25.5 25 25.2 25.9 26.2 24.8 25.4 25.9 26.1 27.2 27.2 27.1 27.1 27.2 27.5 27.3 27.7 29.9 33.2 37.3 41.3 44.7 44.7 45.6 45.7 46.4 46.8 47.1 47.7 47.9 48 48.3 46 46.5 46.1 43.3 38.6 35.9 34.7 33.7 32.4 32.2 32.2 32.3 32.5 32.8 33 35.3 34.8 34.8 34.3 34.4 38.1 41.2 38.2 42.8
22.7 23.3 24.4 22.4 22.3 22.4 22.6 22.4 22.6 22.8 23.1 23.3 23.4 23.3 25.4 27.2 27.6 28.4 25.1 26 27.2 26.4 24.1 24.1 24.6 25.2 24.3 24.4 24.4 25 25.7 24.7 27.4 27.4 27.3 27.3 27.2 27.3 27.4 27.7 27.9 28 28.2 31.9 37.3 39.8 41.4 43.4 44.4 45.1 44.8 44.7 45.4 45.2 43.6 41.8 39.9 38.9 38.3 36.2 34.4 34.1 33.2 31.4 32.3 32 32.2 32.4 33.3 34.1 35.3 35.8 34.8 35.2 35 38.2 42.5 43.7 44 44.3
22.4 22.3 22 22.1 22.4 22.8 22.7 22.4 22.7 22.9 23.1 23.2 23.5 23.4 24.3 24.6 26 22.4 22.9 22.7 22.7 23.3 23.6 24 24.2 24.4 24.7 25.8 26 26.3 26.7 25.5 25.6 26.1 27.3 27.7 27.5 27.5 27.6 27.8 28 28.1 28 28.8 32.5 33.9 35.9 39.8 41.5 42.8 43.2 43.4 42.3 40.1 36.2 34.4 33.6 31.6 33.5 34.1 34.4 34.4 34.3 33.9 33.5 33.4 33.4 34.1 34.8 35.4 35.4 36.4 37.3 37.8 39.7 43.1 44.5 45.6 46.6 47.1
22.1 22 22.6 22.8 22.3 23.3 22.4 22.4 22.8 23.1 23.1 23.4 23.7 23.5 23.5 24 25.6 24 24.7 23.9 24.1 23.9 24.1 24.8 24.9 24.8 24.9 25.9 27.4 27.8 27.7 27.7 28 27 25.7 27.8 26.3 26.8 27.8 28 28.2 27.6 27.7 28.5 30.3 29.6 29.7 33.3 37.3 37.4 39.6 40 37.3 32.9 32.5 33 33.2 33.5 33.7 34 35 35.1 35.1 34.5 34.4 34.6 34.8 35.3 35.8 36.1 35.8 36.6 39.6 42.1 43.8 44 45.6 46.8 47.6 49
21.9 21.8 22.4 23.1 22.3 23.1 22.4 22.5 22.8 23 23.6 23.5 23.9 24 23.8 23.9 26.9 23.8 24.7 24.6 24.3 24.1 24.7 25.6 25.5 25.5 25.5 25.5 25.9 27.4 28.4 28.6 28.9 28.8 26.9 26.2 28.6 26.1 27.2 28.1 28.3 26.9 27.5 28.4 29.4 29.7 29.8 30.8 33.4 33.5 32.6 32.6 32.3 32.2 32.5 33 33.2 33.8 33.9 34.1 35 35.8 35.8 35.1 35.2 36.3 36.7 36.3 37.5 38.5 37.5 36.2 39.2 41.4 42.7 43.6 45.7 46.9 48.1 49.5
21.6 21.6 21.7 23.7 22.5 21.9 22.3 22.9 22.5 22.7 24 23.5 23.6 23.6 23.8 23.9 27.1 24.3 25.2 25.3 24.5 24.4 25.2 26.2 26.2 26.2 26 25.6 26.7 26.3 27.2 28.2 28.5 28.7 28.1 26.9 27.4 26.9 26 27.7 28.1 26.7 27.3 28 29.6 30 30.5 30 30.2 29.8 32.2 32.2 32.5 32.7 32.7 32.9 33.3 34 34.2 34.3 34.7 34.6 35.4 36.3 37.4 37.5 37.8 38.4 39.4 40.4 40.1 38.1 37 39.2 39.4 41.5 44.7 46.3 47.4 48
22.8 23.1 21.9 23.5 22.2 24.3 24.3 24.2 23 22.4 24.4 23.7 23.4 23.4 23.6 23.9 25.8 25 25.6 25.8 25.1 24.6 25.7 26.7 26.9 27 24.9 25.5 27.3 28.5 28.3 27.9 27.8 28 28.5 28.4 29 28.9 29.2 28.4 28.7 28.2 30 30.7 28.7 29.7 28.1 29.5 30.2 32.2 33.2 32.5 32.5 31 31.7 32.8 33.7 34.2 34.1 34.5 34.4 34.4 34.9 37.7 39.2 39.9 40.2 40.7 41.6 42.2 41.8 41.4 40.5 43 44 41.7 42.3 44.6 45.2 47.1
26.2 24.1 22.9 22.4 22 21.9 23.5 23.1 22.3 24 28.4 29.1 27.6 26.9 25.5 24.1 25.6 25.2 25.2 26.1 26.5 25.2 26.4 26.9 26.3 27.7 28.7 29.2 27.6 28.8 29.3 29.5 30 28.8 31 30.8 30.8 30.8 30.9 31 31 30.6 30.9 31.1 31.5 31.6 31.8 32.2 32.2 32.4 32.9 32 32.2 32.9 32.5 32.3 33.3 32.4 32.9 34.6 34.4 34.2 34.8 37.9 39.1 42.2 42.9 43.2 43.8 43.9 43.6 43.4 43.1 45.5 46.8 44.4 43.7 44.3 45 46.4
29.1 26.3 25.6 24.9 23.3 22.7 23 22.5 22.7 24.8 27.7 28.5 29.2 29.1 28.7 25.9 25.7 28.1 25.2 25.7 26.2 25.6 25.7 28.4 29.7 30.2 31 30.7 29.7 29.7 31.3 32.2 32 32 33.6 33.4 32 32 32 32.1 32.7 30.4 29.4 30.5 30.8 30.7 31 31.5 31.8 31.7 32.9 31.3 31.6 31.6 31.8 32.3 33.1 34.5 35.2 35.5 34.2 35 36.8 36.2 37.5 38.9 42.1 44.5 45.4 46 45.9 45.2 45.3 47.1 48.2 46.4 45.4 46.2 46.5 46.5
32.9 29.7 29.7 29 26.8 24.8 23.4 23.3 24 28.1 29.2 29.3 29.3 29.3 28.7 27.5 29.2 27.5 26.2 25.3 25.8 26.8 31.9 33.6 34.5 35 35.3 34.8 33.6 33.7 33.7 32.8 33 32.8 33.3 33.1 32.9 32.9 33.1 33.4 34 33.3 31.1 30.2 30.2 29.9 30.1 30.7 31.7 32.5 31.7 31.2 31.2 31.5 32.3 33.8 35.7 36.3 36.4 37.2 37.9 36 36.5 36.7 36.9 37.9 38 39.7 44.9 47.4 47.6 47 48.2 49.4 49.6 48.3 47.4 47.7 47.9 48.1
38 36.3 35.1 34.5 32.9 31.2 31.2 30 28.9 30.8 32 31.6 31.6 31.3 30.8 31.3 30.2 27 26.7 26.7 25.9 29.7 31.8 33.6 34.6 35.1 36.2 37.5 36.2 38.1 38.2 37.5 37.6 36.7 36.1 34.2 33.8 33.9 34.2 34.7 35.3 34.6 33.5 30.7 31.9 31.6 31.9 32.6 34.2 35.8 38.7 38.5 36.8 39.3 39.2 43.1 44.7 44.1 43.4 41.9 40.8 39.5 37.2 37.3 37.9 38.2 37.8 38.2 40.3 47 48.7 48.8 49.6 51.5 50.8 50.8 49.6 49.7 49.7 50
40 40.2 39.5 40.2 39.8 39.6 40 39.7 39.1 37.5 36.6 35 34.6 33.9 33.6 33.9 31.6 27.7 27.1 26.6 27.7 30.4 32.8 33.5 33.8 34.6 36 36.9 38 39.3 40.9 41.7 42.4 42.3 40.9 40.5 39.9 39.1 38.4 37 36.6 35.9 35.4 31.5 36.1 38 38.9 39.6 39.7 41.4 42.1 43.1 43.5 44.9 45.5 45.4 49.4 50.3 50.8 50.1 49 46.8 44.5 42.7 41.5 39.6 37.7 38.1 38.9 42.6 48.7 50.4 51.7 52.5 52.5 52.5 51.1 51.4 51.7 52.2
42.7 43.5 43.7 43.7 43.5 43.4 44.2 44.3 43.7 42.9 41.9 41.2 39.8 37.6 36 35 33.3 30.2 28 27.1 27.6 30.5 35 36.5 36.6 37.1 38 38.3 38 38 38.5 40.4 42.1 43.5 43.6 42.4 43.7 44.5 44.8 43.6 42.3 40.9 38.4 33.6 32.8 36.4 40.2 42.2 42.2 44 44.5 45.4 46.1 47.4 48.6 48.9 50.7 52.1 53.8 54.8 55.1 54.5 53.1 51.2 49.7 46.5 44.1 38.4 39.3 39.1 46.5 51 53.2 54.6 54.1 54 53.6 53.8 54 54.3
46.4 46.7 47.1 47.4 47.6 47.9 48.3 48.2 47.9 47.1 46.1 45.5 44.4 42.2 39.9 38.2 36.5 33.2 30.1 27.9 27.5 29.8 37.1 39 39.6 39.9 40.4 41.1 41.6 41.4 41.5 42 42.3 43.2 43.2 43.1 44.8 44.8 45.9 47.1 47.2 46.2 45.8 43.1 40.8 37.1 36.2 40.1 43.1 45.9 46.8 48 49.1 50.4 51.3 52 52.1 52.8 53.7 55.2 56.2 57.2 57.4 56.9 55.8 53.1 49.5 45.7 38.9 39.4 43.4 51.4 54.4 57 57.1 55.6 55.4 55.7 55.8 56.1
49 49.6 50.1 50.1 50.3 50.8 51.6 51.4 51 50.6 50 48.4 47.9 46.4 43.9 42.6 40 38.3 35 32.8 28.3 29.8 32.8 36.3 37.9 39.3 41.2 43 43.6 44.3 45 45.4 45.9 46.2 46.3 46.9 46.9 47 46.9 47.3 47.9 49.1 49.5 49.1 47.1 44.2 38.3 36.9 42 44.1 46 47.6 49.3 50.9 52.2 53.5 54.4 54.5 55.1 55.3 55.6 56.2 57 57.9 57.2 56.5 56.6 51 46.7 40.8 45.1 52.6 55.5 57.5 57.8 56.1 55.9 56.4 57 57.6
51.5 52.1 52.8 52.9 52.7 53.5 54.4 54.3 53.7 53.4 53.2 52.3 50.9 49.8 48 45.7 42.8 41.6 41.4 38.6 30.5 29.9 36.2 36.7 35.5 35.7 37.7 40.2 42 44 46.4 47.3 48.1 48.4 49.1 49.2 49.9 50.2 50.5 50.4 50.3 49.5 49.6 49.9 49.6 47.4 42.6 38.3 41.1 43 44.4 45.6 46.9 48.5 50.5 52.9 54.5 55.7 56.5 56.7 56.6 56.9 56.5 56.9 56.8 56.3 54.7 53.4 46.8 40.6 43.9 52.6 55.6 57.7 58 56.2 56.7 57.4 58 58
53.7 54.5 55.1 55 55.7 56.6 56.9 57 56.6 56.3 55.9 54.9 53.7 52.6 51.2 49.3 47 46.1 43.3 39.3 33.2 29.4 36.8 41.9 42 41.6 40.5 39.5 39.4 39.5 41.5 43.7 46.1 48.5 49.6 50.6 51.3 52.2 52.6 52.8 53.1 53 51.8 51.1 49.8 46.8 41.5 40.4 43.8 45.2 45.2 45 45.7 46.2 47.4 49 51.2 52.8 54.8 56.1 57 57.5 57.6 57.3 56.6 55.4 54.2 50.4 46.1 40.9 40.5 49 54 56.7 57.7 56.1 56.7 58.4 58.7 58.4
55.5 56.3 57.4 58.2 58.7 59.2 59.4 59.5 59.3 58.9 58.4 57.8 56.5 55.6 54.1 52.3 51 48.3 45.2 41.9 35.7 31.9 31.2 45.1 46.1 46 45.8 45.3 45.3 44.3 43.8 43 43.1 44.3 46.3 47.7 49.7 51.9 52.4 53.7 54.2 54.5 54.7 52.8 50.9 49 41.9 43.7 46.8 47.7 47.4 47.2 47.1 47 46.9 47.4 48 48.6 50.2 52.5 53.5 54.8 55.1 56.3 56.1 54.9 53.2 48.9 42.9 39.6 40.8 41.2 47.3 53.2 51.6 53.4 56.1 58.3 59.8 60.1
56.8 58 59.1 60.1 60.8 61.5 61.9 62 61.8 61.4 60.9 60.4 59.4 58.6 56.9 55.6 54.3 50.7 46.8 44.2 39.2 34.8 33.6 35.8 47.3 48.8 49.4 49.3 49 49.3 49.3 49 49.3 48.1 47.5 46.9 47.4 48.1 49.2 50.1 51.9 52.8 53.3 53 51.5 47.2 41.7 46 49.4 49.2 48.9 49.2 49.2 49.1 49 48.8 48.7 49 49 49.2 49.9 50.7 51.5 52.6 52.7 51.4 49.2 46.6 46.6 44.5 41.9 41.8 42.7 41.3 42.3 42.5 43.7 52.1 57.2 59.6
58 58.6 59.9 60.9 61.8 62.7 63.5 63.8 64.2 63.9 63.4 62.9 62.2 61.6 60.2 58.9 57.1 54 52.3 50.2 45.2 40.9 35.4 34.8 36 49.4 51.1 51.5 52.4 52.7 52.9 52.8 52.9 52.4 52.3 51.9 51.2 50.5 49.8 48 48.2 49.9 49.6 48.8 48.4 44.4 44.5 48.6 50.2 50.5 50.6 51.5 51.1 51.3 51.1 50.8 50.6 50.3 50.2 50.1 50.4 50.2 50.9 49.8 48.6 47.6 47 46.5 48.5 44.8 45.7 47.8 45.9 44.6 43.7 45 42.6 44.7 50.9 56.3
58.6 59 60.1 61.1 62.1 63 63.6 64.4 64.9 65.1 65.3 64.8 64.5 64.2 63.3 62 60.3 57.8 55.9 53.5 50.8 46.6 41.2 36.9 34.8 45.6 52.6 53.2 53.6 54.9 55.3 55.5 55.9 55.7 55.4 55.3 55.1 55.1 54.6 53.3 51.4 50.2 47.9 46.2 45.3 45.9 45.1 47.2 49.2 50.4 51.2 52 52.6 52.8 52.5 52.1 52.7 52.3 52.2 52.2 52.1 51.8 52.1 51.1 50.6 50.3 49.3 48.8 48.7 48.6 46 50.7 50.5 49.6 49.2 47.6 43.5 44.4 45.1 46.3
58.9 59.5 60.4 61.4 62.3 62.9 63.5 64.3 65 65.4 65.7 66 66 66.2 65.5 64.6 63.1 61.6 60.1 57.7 54.8 52 46.3 41.1 36.4 35.7 51.2 53.7 54.3 56 56.6 57 57.4 57.5 57.8 58.1 58 57.9 57.8 57.2 55.7 55.2 54.2 51.9 49.2 49 48.8 46.9 47.1 48 49 50.4 51.5 52.2 53.1 53.5 53.8 54.1 53.9 53.7 53.9 53.9 53.5 53.3 53.1 52.9 52 50 48.4 49.7 49.6 50.8 52.6 53.5 53.2 52.8 46.8 44.8 45.8 49.5
59.5 60.3 61 61.6 62.4 63.3 64.1 64.7 65.2 65.6 65.9 66.3 66.7 66.6 65.8 66.1 65.6 64.6 63.4 61.4 58.8 56.2 51.2 45.3 39.6 35.2 45.2 50.2 52.8 54.4 55.3 56.3 58 58.5 59.7 59.7 59.7 59.8 60.2 60.2 59.6 59.2 58 56.5 54.7 52.5 50.9 49.8 49.1 48.6 48.7 49.3 49.8 51 51.9 52.5 52.9 53.8 53.9 53.6 53.6 53.9 54.3 54 53.8 53.5 53.8 51.5 51.6 52.1 51.9 50.8 53.3 55 55.5 56.4 54.2 44.8 45.8 53.6
61.7 62.2 62.3 62.5 62.9 63.6 64.3 64.9 65.3 65.8 66.3 66.8 67.2 66.8 66.3 67 66.9 66.1 65.3 63.9 61.8 59 55.6 48.6 38.4 37.2 47.2 49.9 50 51.4 52.7 53.9 55.4 56.5 57.9 58.7 59.7 60.3 61 61.3 61.1 60.7 60.2 59.1 57.7 56 52.5 51.5 50.5 49.9 49.9 49.8 49.8 50.3 50.9 51.6 52.2 53.1 53.3 53.2 53.5 53.9 54.3 54 53.7 53.4 53.9 53 53.3 53.2 53.1 51.6 54.2 56 57.4 57.6 54.3 45.7 46.1 56.3
64.2 64.4 64.3 64.3 64.4 64.4 64.6 65.5 65.8 65.1 65.6 66.1 66.1 66.8 66.9 67.7 67.4 67.1 66.9 65.5 63.9 60.5 56.4 41.1 39.6 42.6 40.8 46.3 50.4 51.5 52.1 51.9 52.9 53.4 54.7 55.8 57 58.4 59.6 60.9 61.5 61.4 61.1 60.8 60.1 58 55.7 52.8 51.9 51.5 51.2 51 50.9 50.7 50.9 51.6 52.3 52.6 53 53.2 53.5 53.9 54.4 54.8 55.4 55.8 54.2 54 54.3 54.5 54.7 53.8 54.8 56.7 58 56.8 52.3 45.3 50.2 57.8
66.4 66.4 66.6 66.4 66.2 66.2 66.1 66.2 66.4 65.7 64.9 65.4 65 64.8 65.4 65.5 65.7 65.8 66.1 65.8 64.8 57.7 42.5 40.8 45.3 49.4 50.6 48.7 45.7 50.6 52.1 52.3 52.6 53.4 53.8 54.4 54.9 55.3 56 57.2 58.4 59.3 60.4 60.3 60.1 59.2 57.1 55 53.1 52.7 52.5 52.4 52.2 52.1 52.3 52.5 52.7 53 53.5 53.9 54.1 54.5 55.1 55.3 55.5 55.5 55.2 54.7 54.9 55.4 55.5 55.4 56.2 57.3 58.2 58.3 54.1 46.2 53.6 58.3
67.8 67.8 68.1 68.1 68.1 68 67.9 67.4 67 66.3 65.5 64.8 64.9 64.9 64.6 64.5 64.2 63.9 63.2 62.2 61.5 42.9 42.6 47.9 52.5 55.8 54 52.6 51.1 49.9 47.9 51.8 52.6 52.9 53.6 54.1 54.5 54.9 55.1 55.9 56.2 56.5 57.5 58 58.9 58.5 56.8 55.9 54.6 54 53.9 53.7 53.6 53.5 53.7 53.9 54.2 54.5 54.7 55 55.1 55.4 56 56.2 56.5 56.9 56.3 55.7 56.1 56.2 56.4 56.6 56.7 57.5 58.5 59.1 57.8 50.5 55.4 59.4
