STL Generation/terr50_gagg_gb/data/NY43.asc
ncols 200
nrows 200
xllcorner 340000
yllcorner 530000
cellsize 50
[rows 0 to 34 of 200, columns 0 to 77 of 200]
143.5 134.3 135.1 131.8 136.4 146.7 152.6 152.7 153.9 155 155.1 156.2 157.7 159.6 161.6 161.9 162.8 164.2 165.2 166.2 167.6 168.9 169.7 169.8 169.9 169.3 168.7 168.4 168.4 168.6 169.6 170.5 170.5 170.2 169.7 169.2 168.6 166.6 164.6 162.6 162 162.2 162.4 161.4 160.1 159.2 159.9 160.1 160.3 160.6 159 158.7 160.9 162.3 163.9 164.5 164.2 163.2 162.6 161.5 159.9 158.1 157.1 156.7 155.2 154.7 153.6 153.8 154.4 155.6 154.8 155.7 158.5 160 160.3 161.2 162.8 164
139.5 141.2 138 132.3 134.3 143.3 151.9 153.1 153.9 154.6 155.8 157 158.1 159.5 161.2 162 162.5 163.4 164.5 165.5 167.1 168.4 170.2 170.8 170.6 169.8 169.4 169.2 168.9 169.2 169.3 170.3 170.5 170.5 170.5 169.7 168.9 167.1 165.7 164.3 162.8 163 163.3 162 161.2 160.5 160.2 160.9 161.1 160.6 160.1 159.4 160.6 162.1 163.7 165.1 165.2 164.8 163.9 163.1 162 160.2 158.6 158.4 158.3 157.2 155.8 155.4 155.5 155.7 156 155.7 156.7 159.2 160.8 161.4 162.5 164.1
145.6 146.3 139.7 134 133.9 142.1 151 152.1 152.2 154.1 155.3 156.6 157.8 159.2 160.8 161.8 161.6 162.9 163.8 164.9 166.4 167.9 169.7 171.5 171.2 170.4 170.1 169.9 169.7 169.8 169.5 170 170.3 170.6 170.4 170 169.2 167.5 166.3 165.2 164.1 163.7 163.9 163.1 162.3 161.6 161.1 161.3 161.8 161.4 161.1 160.5 160.3 161.2 163.5 165.1 166.1 165.7 165.3 164.7 163.7 162.1 160.4 160 159.6 158.7 157.9 157.4 156.6 156.6 156.9 157.5 156.7 158.3 161 161.7 162.3 163.6
149.7 149 144 138.3 134.4 133.1 140 152.1 153.8 154.1 155.1 156.3 157.6 159 160.5 161.2 160.7 162.5 163.2 164.2 165.8 167.4 170 171.2 171.7 171.1 170.8 170.6 170.4 170.4 170.1 169.8 170.2 170.4 170.2 169.9 169.4 168.1 166.8 165.7 164.6 164.6 164.8 164.1 163.3 162.8 162.2 162.1 162.3 161.9 161.7 161.7 161.8 161.1 163.3 164.9 166.3 166.7 166.3 165.8 165.4 163.7 162 161.3 160.6 160 159.3 158.4 157.5 157.3 157.8 158.5 157.9 157.7 161.2 161.7 162.3 163
151.7 150.5 147.3 141.9 134.2 135.4 136.1 145 154 154.7 155.3 156 157.3 158.7 160 160.7 159.7 161.5 163.3 163.6 165.2 166.8 169.1 171 171.7 171.5 171.3 171.3 171.1 171 170.7 170.7 170.5 170.2 170.1 169.9 169.5 168.5 167.4 166.2 165.4 165.6 165.4 164.9 164.3 163.6 163 162.7 162.5 162.3 162.1 162.2 162.5 162.6 162.4 164.7 166.1 167.6 167.2 166.8 166.4 165.2 163.7 162.7 161.9 161.3 160.3 159.3 158.5 158.1 158.7 159.4 158.1 157.9 160.8 161.7 162.3 163
153.9 151.8 148.6 142 138.7 136.2 137.2 139.4 149.4 154.8 155.6 156.4 157.1 158.2 156.4 159.4 159.3 160.5 163.1 163.1 164.7 166.3 168 170 171.2 171.3 171.2 171.4 171.7 171.6 171.8 171.4 170.9 170.7 170.6 170.4 169.4 168.4 167.4 166.7 166.6 166.6 166.5 166.4 165 164.2 163.5 164.3 164 163.8 163.3 162.8 163 163.4 163 164.1 165.8 167.6 168.1 167.7 167.4 166.9 165.8 164.6 163.6 162.9 161.7 160.4 159.5 158.8 159.2 159.8 157.6 158.5 160.3 161.6 162.3 161.4
155.1 153.2 148.8 144.9 143.3 138.6 137.5 137.8 143.2 151.1 155.5 153.9 151.6 156.4 158.9 160.3 161.7 162.1 162.2 162.8 164.7 166.1 167.4 169.2 169.9 169.9 169.9 171 171.8 172.5 172.4 171.9 171.4 171.2 171.1 170.4 169.4 168.4 167.9 167.6 167.3 167.3 167.6 167.5 166.1 164.7 164.1 165.3 165.6 165.2 164.4 163.5 164.4 164.8 164.5 163.4 165.5 167.3 169 168.8 168.5 168 167.3 166.5 165.5 164.6 163.2 161.9 161 160.2 160 159.8 157.6 157.4 158.1 159.1 160.3 159.7
156.3 151.5 144.6 151.7 147.2 142.7 142.4 139.6 140.4 143 144.8 151.6 156.2 157.9 159.2 160.6 162.1 163 164 164.9 163.9 165.6 166.9 168.2 168.6 168.6 169.8 171 172 172.5 172.9 172.4 171.9 171.8 171.3 170.3 169.4 169.1 168.8 168.5 168.1 168 168.3 168.6 167.4 165.8 164.7 166.3 167.1 166.2 165.2 164.3 165.1 166 165.5 164.6 164.6 166.5 169.2 169.5 169.3 169.1 168.2 167.5 166.8 165.9 164.8 163.4 162.3 161.6 161.4 160.7 160 158.8 158.7 158.8 159.3 159
153.7 149 152.6 153.6 151.9 148 146.3 140.7 140.9 140.5 153 156.8 157 158.2 159.5 160.9 162.2 163.1 164.6 166 166.8 165.9 166.2 166.9 167.3 168.4 169.4 170.4 171.5 172.5 173 172.8 172.4 172.2 171.3 170.6 170.3 170 169.6 169.3 169 168.8 169.1 169.4 168.7 167.4 166.2 167.2 167.8 166.8 165.8 165.1 165.8 166.8 166.2 165.7 165.1 166.4 169.2 170.3 170.1 170.2 169.4 168.3 167.5 166.6 165.7 164.9 163.3 162.8 162.2 161.5 161.5 161.7 161 160 161.6 161.9
155.5 157.2 156.5 155.3 153.6 152.3 151.5 148.3 146.4 142 142.7 156 157.8 158.7 159.8 161.2 162.3 163.7 165 165.9 167.1 167.3 166.3 166.4 167 167.8 168.9 169.9 170.9 172 173 173.3 173 172.2 171.8 171.4 171.1 170.8 170.5 170.2 169.9 169.5 170 170.2 169.6 167.5 167 168 168.5 167.5 166.5 165.9 166.2 167.4 167.6 167.2 166.3 165.8 168.1 169.3 169.8 170 169.2 169.2 169.1 168.4 167.7 166.8 165.1 164 163.3 162.3 162.3 162.4 161.5 161 161.5 162.8
161.1 159.8 158.7 157.2 154.7 155.3 155 154.9 151.1 145.4 142.9 146.2 157.8 159.3 160.3 161.4 162.6 163.5 164.5 165.5 166.7 167.8 166.9 166.5 167.1 167.6 168.3 169.4 170.4 171.4 172.5 173.5 173.3 172.9 172.6 172.3 172 171.7 171.4 171 170.7 170.4 171.1 171.1 170.3 168.2 168 169.1 169.4 168.4 167.3 166.2 166.7 168.1 168.6 168 167 166.3 166.4 168.4 170.1 170.2 170.3 170.3 170.2 170.2 169.8 168.6 167.3 165.5 163.8 163.4 163.2 163 162.6 162.3 161.7 163.5
163.6 162.1 160.3 158.7 156.7 156.8 156.9 157.1 155.5 148.3 143.5 145.4 156.9 159.3 160.9 161.9 162.7 163.5 164.3 165.1 166.9 167.9 167.6 166.9 167.1 167.6 168.1 168.8 169.9 170.9 172 173 173.8 173.8 173.5 173.2 172.9 172.6 172.2 171.9 171.6 171.6 171.6 171.5 171.1 169.1 168.4 169.3 169.8 169.1 168.2 167.2 167.1 168.6 169.5 168.5 167.5 167.4 167.2 167.6 169.5 170.7 171.3 171.3 171.3 171.2 171.2 170.2 168.4 166.6 165.1 164.1 163.7 163.5 163.5 163 162.3 162.9
165.5 163.7 162 160.3 158.5 158.6 158.8 158.5 155.8 151.7 144 144.1 151.2 159.7 161.5 162.5 163.4 164.3 164.7 165.2 167 168.6 168.4 167.8 167.3 167.7 168.2 168.7 169.4 170.4 171.4 172.5 173.9 173.9 174.1 173.9 173.6 173.3 173 172.7 172.4 172.1 172 171.9 171.8 170.4 168.8 169.8 170.3 169.6 169 167.9 167.5 169.1 170.3 169.4 168.4 168.2 168.2 167.3 169.1 170.6 171.1 172.3 172.3 172.3 172.3 171.3 169.7 168.3 166.8 165.4 164.9 164.3 164 163.1 163.1 163.2
167.4 165.5 163.7 161.9 160.8 160.4 159.7 159.5 158 156.6 150.2 145.3 147.5 160.9 161.8 162.8 163.8 164.4 164.7 165.3 166.8 168.3 169.3 168.5 168.2 168.2 168.3 168.8 169.2 169.9 170.9 172.3 173.9 173.9 174 174.2 174.4 174.1 173.8 173.5 172.9 172.4 172.4 172.4 172.2 171 170.1 170.8 171.3 170.7 170.1 169.2 168.5 169.5 171.1 170.5 169.8 169.3 169.4 169.4 168.5 169.6 171 172.4 173.1 173.2 173.3 172.8 171.4 170 168.5 167.1 166 164.9 164.2 163.8 163.8 163.8
169.3 167.4 165.5 163.8 162.4 161.4 160.7 160.5 159.7 159.6 153.1 146.9 145.4 158 162 163.1 164.1 164.4 164.7 165.4 166.4 167.8 169.2 169.3 169.1 169.1 169.2 169.2 169.3 169.7 170.4 171.7 173.5 173.7 173.9 174.1 174.3 174.5 174.5 173.9 173.3 172.8 172.8 172.7 172.7 172.1 171.2 171.8 172.1 171.8 171.2 170.2 169.3 169.8 171.7 171.4 170.2 169.8 170.3 170.2 169.5 169.7 171.1 172.3 173.3 173.6 173.7 173.9 173 171.5 170 168.4 167.1 165.9 164.6 164.6 164.6 164.6
171.1 169.3 167.3 166 164.6 163.1 161.6 161.4 161 160.7 157.3 151.1 147.4 148.9 157.8 163.2 164.2 164.5 164.5 165.1 166.3 167.7 169.1 170.1 170 170 170 169.9 169.9 170.3 170.8 171.2 172.8 172.9 173.4 174.4 175 175.1 174.9 174.4 173.7 173.1 173.1 173.1 173.1 173 172.8 172.8 172.7 172.3 171.9 171 170.1 170.5 172.1 172.3 171.6 170.1 170.7 170.5 170.1 169.9 171 172 173.1 174 174.3 174.6 174.3 172.7 171.2 169.7 168.4 167 165.7 165.1 165.4 165.4
172.9 171 169 168.2 166.6 165 163.5 162.3 162.1 161.3 157.1 157.5 154.5 146.9 146.7 156.9 163.6 164.4 164.4 164.8 166.2 167.7 169 170.2 170.4 170.7 170.6 170.5 170.5 171 171.1 171 172 172.4 173.3 174.2 175.3 175.4 175.2 174.7 174 173.4 173.4 173.4 173.7 173.3 172 172.9 173 172.6 172.3 171.5 170.9 171.7 172.8 173 173 171.4 170.9 171.3 171 170.7 171.1 172.1 173.2 174.2 174.7 175.1 175.4 174 172.4 170.9 169.5 168 166.8 165.9 165.7 166
174.1 172.2 170.2 170 168.4 166.9 165.4 163.8 163 162.5 161.5 160.1 158.6 155.1 151.2 148.7 157 164.4 164.2 164.7 166.2 167.6 168.9 170.3 170.9 171.5 171.3 171 171.2 171.2 171.2 171.1 171.4 172.3 173.2 174 175 175.8 175.6 175.1 174.4 173.7 174.1 174.5 174.6 173.5 173 173.7 173.2 172.8 172.6 172 172.1 172.6 173.3 174.1 173.9 172.4 171.9 172 171.5 171.6 171.8 172.2 173.3 174.2 175 175.4 175.6 175.2 173.7 172 170.5 169.2 167.9 167 166 166.2
175.4 173.4 172.6 171.6 170.2 168.7 167.2 165.7 164.2 164.1 163.4 162.7 161.4 159 154.9 150.6 149.4 155 159.8 164.7 166.1 167.5 169 170.4 171.4 172.1 172.3 171.9 171.7 171.8 171.9 171.9 171.7 172.5 173.3 174.1 174.8 175.7 176 175.6 174.9 174.3 174.6 175.3 175 174 174 174.6 174 173.3 173.2 173.2 173.3 173.2 173.9 174.7 174.7 174 173 172.3 172.2 172.4 172.7 173.1 173.4 174.3 175.2 175.6 175.9 175.7 174.9 173.2 171.6 170.3 169 168.1 167.4 166.6
176.6 175.1 174.1 172.9 171.5 170.1 168.6 167.1 166.4 165.7 164.7 163.8 163.2 161.6 154.5 155.5 160.5 152.5 151.1 161.1 165.8 167.8 169.3 170.5 171.8 172.5 173.2 173 172.8 172.9 172.9 172.6 172.2 172.8 173.6 174.1 174.9 176 176.4 176.2 175.5 174.9 174.9 175.5 175.9 174.5 174.9 175.3 175.3 174.7 174.6 174.6 174.7 174.1 174.5 175.5 175.7 175.3 174.5 173.4 173.5 174 174.2 174 173.7 174.1 175.3 175.9 176.3 176.3 175.7 174.1 172.9 171.8 170.6 170.5 169.5 167.7
178.6 176.9 175.6 174.2 172.8 171.4 170 168.8 168 167 166 164.9 164.1 160.7 157.5 154.3 164 162.7 159.1 153.6 162.2 167.2 169.4 170.7 171.9 172.9 173.5 174.1 173.9 173.9 173.7 173.3 172.8 173.1 173.8 174.1 175.1 176.3 176.8 176.8 176.1 175.6 175.2 175.8 176.8 175.5 175.4 176 176.4 176.1 176.1 175.6 175.2 175.2 175.5 176.6 176.3 175.8 174.4 173.7 175.1 175.3 175 174.8 174.5 174.2 175.2 176.4 176.6 176.7 176.3 175.3 174.4 173.4 172.3 172 171 169.3
180.4 178.7 177.5 176.2 174.9 173.6 172.3 170.8 169.7 168.1 167.1 166 164.6 157.9 163.2 159.1 164.8 165.8 164.4 161.3 154.6 166.7 169.1 170.5 171.8 172.9 173.7 174.4 174.9 174.7 174.4 173.9 173.5 173.4 173.7 174.2 175.4 176.6 177.2 177.4 176.7 176.2 175.7 176.1 177.1 176.5 175.8 176.4 176.8 176.7 176 175.4 175.4 175.5 175.9 176.8 177.5 176.8 174.6 174.6 175.7 175.7 175.4 175.1 174.8 174.6 175 176.5 176.9 176.9 177 176.4 175.8 174.9 173.9 173.3 172.3 170.8
182.2 180.6 179.7 178.5 177.4 176.1 174.7 173.3 171.5 169.3 167 164.7 162.1 165.5 164.9 163.7 165.4 166.4 167.1 165.2 159.4 157.8 167.3 169.3 171.3 172.7 173.2 174 175 175.5 175 174.4 174.1 174 174 174.5 175.7 176.9 177.6 177.9 177.4 176.8 176.3 176.4 177.4 177.5 176.3 176.3 177.4 178 176.9 175.8 175.9 176.1 176.5 177.1 178 177.2 175.1 175.4 176.1 176.3 175.7 175.4 175.2 175.1 175 176.4 176.9 177.2 177.2 177.2 176.7 176 175.4 174.5 173.5 171.8
183.5 182.1 181.4 180.6 179.5 178.3 176.8 175.1 173.4 171.6 169.3 166 160.5 167.9 166.2 165.5 166 166.7 167.4 168 164 159.2 167.8 168.4 170.4 172.7 173.9 174.4 175.5 175.7 175.5 175.5 175.4 175.3 175.2 175.2 175.4 177.1 178.1 178.6 178 177.4 176.9 177.3 177.8 177.2 176.7 176.3 178.1 179.2 178 177 176.4 176.7 177.2 177.7 178.5 178.3 176.4 176 176.9 177.1 176.1 175.8 175.7 175.6 175.5 176.3 177.2 177.4 177.4 177.4 177.3 176.9 176.2 175.4 174.6 173
184.6 183.2 182.1 181.3 180.7 180.1 178.5 176.8 175 173.3 170.8 165.8 167.4 170.1 163.9 167.3 168.1 168.8 168.6 168.5 167.5 158.3 167.6 170.3 170.1 173.2 174.2 175.2 176.1 177.2 177 176.8 176.7 176.6 176.5 175.3 175.9 176.9 178.5 179.8 178.6 177.9 177.9 177.5 177.3 176.9 176.9 176.8 178 179.8 179.2 178.1 177.1 177.3 177.8 178.4 179 179.1 177.2 176.5 178.4 178.1 177.1 176.4 176.3 176.1 176 176 177 177.6 177.6 177.6 177.5 177.5 177 176.2 175.4 174.1
187.3 185.7 184.4 182.4 182 181.8 180.2 178.4 176.6 174.8 170.1 171.1 171.6 171.4 166.4 169.2 169.9 169.8 168.8 168.8 169.1 163.1 163.1 170.4 170.2 173.1 174.1 175.1 176.5 178 178.2 178.2 178.1 177.7 176.9 176.1 176.4 177.8 179.2 180.2 179.5 178.6 178.3 177.8 177.5 177.4 177.3 177.3 177.9 179.6 179.9 178.6 177.7 178 178.5 179.1 179.6 180 178.3 176.8 178.4 179.2 178 177 176.9 176.8 176.6 176.3 177.3 177.7 177.7 177.7 177.6 177.6 177.7 177.1 176.2 174.5
189.8 188.4 186.7 184.5 184.3 183.1 181.7 180 177.4 173.5 170.8 173.1 173.1 172 168.7 171.1 171.7 171.2 170.6 170.6 170.8 169.4 161.1 166.8 170.4 172.7 174.1 175.5 177.1 178.6 179.2 179.3 179.6 179.2 178.4 177.5 177 178.1 179.1 180.1 180 179.1 178.7 178.2 178 178 177.9 177.8 177.8 179.2 180.6 179.2 177.8 178 178.8 179.7 180.3 180.8 179.4 178.1 178.2 180.3 179 177.7 177.5 177.2 176.9 176.8 177.5 177.6 177.8 177.8 177.7 177.7 177.8 177.9 177 175.5
191.4 190 188.6 187.2 185.9 184.6 183.3 181.2 177.7 174.7 177.3 175.8 174.3 171.3 171.7 173.8 173.4 173.1 172.5 171.6 170.5 166 169.4 162.3 171.8 172.8 174.5 176.1 177.6 179.2 180.3 180.8 181.4 181 180 179 177.6 178 179 180 180 179.5 179 178.6 178.5 178.6 178.5 178.4 178.4 179.3 181.1 180.1 178.7 178.4 178.9 179.7 180.6 181.4 180.2 178.8 178.4 180.2 180.4 178.6 177.9 177.6 177.2 177.2 177.5 177.6 177.7 177.9 177.8 177.8 177.9 178.1 177.3 176.8
193 191.6 190.1 188.7 187.2 185.7 184.1 180.9 180.4 179.7 179.5 177.4 175.1 171.9 173.1 175.8 175.5 175.1 173.9 172.2 171.6 171.8 172.1 164.7 167.5 173 174.7 176.5 177.9 179.3 180.7 181.6 182.2 182.1 181.3 180.1 178.8 178.6 179.1 179.9 180.4 179.9 179.4 179 179.1 179.2 179.1 179.1 179.1 179.1 180.8 181.4 179.9 179.2 179.1 180 181.1 181.4 180.3 179.2 178.2 180 181.8 179.8 178 177.7 177.5 177.3 177.4 177.6 177.7 177.8 177.9 177.9 178 178.5 178.5 177.7
194.8 193.1 191.7 190.3 188.7 187.2 185.4 178.9 183.8 183.6 182.6 180 176.7 172.6 177.2 177.3 177.4 176.8 175.2 174.6 173.1 174.1 174.4 171.9 165.3 168 172.8 176.3 177.8 179 180.6 182.2 183.1 182.9 182.6 181.2 179.9 179.1 179.7 179.9 180 179.8 179.8 179.6 179.6 179.7 179.7 179.7 179.7 179.7 180.2 180.9 180.5 179.7 179.6 180 181.1 181.8 180.7 179.6 178.4 179.8 181.4 181.7 178.8 178.4 178 177.8 177.6 177.6 177.7 177.8 177.9 178 178.4 179.3 179.2 178.5
196.5 194.8 193.3 191.8 190.3 188.6 182.4 186.2 185.8 185.5 185.1 183 178.9 175.1 180.6 179.9 179.5 178.3 177.2 176.7 174.6 175.4 176.1 174.9 173 170.1 168.3 173.8 177.6 178.8 180.4 182 183.8 184.1 183.8 182.4 181.1 179.7 180.1 180.2 180.3 180.4 180.2 180.4 180.8 180.9 180.7 180.4 180.4 180.4 180.2 180.6 180.6 179.8 179.9 180.2 180.9 181.8 181 180 179.1 179.6 181.2 182.1 180.1 178.9 178.6 178.4 177.9 177.9 177.9 178 178 178.1 178.6 179.1 178.9 178.6
198.1 196.4 194.7 193.1 191.1 187.5 183.6 188.2 187.9 187.4 186.6 185.1 178.8 180.4 182.3 181.8 181.7 179.8 179.2 178.4 176.9 177.3 177.6 176.8 175.3 174.3 172.2 167.5 170.5 177.4 180.2 181.1 182.9 185.2 185.6 184.1 182.7 181.1 180.6 180.7 180.8 180.8 180.9 181 181.7 182.1 182 181.7 181.4 181.6 181.2 180.6 180.4 180.1 180.4 181 181.6 182 181.6 180.7 179.9 179.9 181.1 181.5 181.6 179.3 179.1 178.9 178.5 178.1 178.5 178.6 178.5 178.4 178.7 179.3 179.8 179
199.5 197.8 196.1 194.5 192.1 187.1 190.8 190.3 189.6 188.8 188.1 186.9 180.1 184.4 184.9 183.8 182.8 182 181.4 179.3 178.7 179.2 179.3 178 177.5 176.8 175 176.5 172.7 171.7 179.2 181.7 184 186.4 187.1 186 184.3 182.6 181.2 181.4 181.8 182.1 182.1 181.7 182.2 183.1 183.1 182.7 182.3 182.1 181.5 181.1 180.6 180.6 181.2 181.8 182.5 183 182.2 181.5 180.7 180.2 181.1 181.6 182.1 180.2 179.4 179.5 178.9 178.9 179.1 178.9 178.8 178.7 178.9 179.5 180.2 180.5
200.9 199.3 197.6 195.8 190.9 192.8 193.2 192 191 190.3 189.5 188.7 177.9 186.6 187.3 185.5 183.9 183.9 182 181.1 181.1 181.2 180.6 179.2 177.8 178.2 177.2 177.1 177.8 170.5 178.1 181.2 183.3 186.3 187.8 187.4 185.8 184.1 182.6 181.8 182.2 182.6 182.9 182.8 183 183.8 183.9 183.5 183.3 182.9 182 181.5 181.1 181.1 181.8 182.3 182.9 183.7 182.9 182.1 181.3 180.5 180.5 180.8 181.3 180.6 179.4 179.7 179.3 179.8 179.6 179.5 179.3 179.1 179.1 179.5 180.2 181.3
202.7 200.5 198.7 194.9 196 195.3 195.2 193.9 192.5 191.6 190.9 189.1 185.2 189 189 187.7 186.7 185.7 183.5 183.8 183.7 182.9 182 180.8 178.8 179.1 178.9 178.2 177.8 176.4 173.1 180.2 183.2 185.5 188.5 188.5 187.1 185.6 184.1 182.9 182.6 182.9 183.1 183.4 183.6 184.3 184.9 184.6 184.5 184.4 183.8 182.8 181.5 181.3 181.4 181.8 182.6 183.3 183.3 182.5 181.6 180.8 180.8 180.7 180.4 180.8 179.6 179.7 180.1 180.3 180.2 179.9 179.6 179.4 179.5 179.7 180.3 181.3
