STL Generation/terr50_gagg_gb/data/NY61.asc
ncols 200
nrows 200
xllcorner 360000
yllcorner 510000
cellsize 50
[rows 70 to 104 of 200, columns 0 to 77 of 200]
294.2 292.8 289.3 283.5 276.7 270.9 266 260.7 252.4 241.7 234.5 231.2 228.5 225.8 226.6 226.2 223.6 222.5 218.9 217 216.2 215 211.3 208.2 202.2 197.5 194.8 193.2 191.9 191.3 190.3 187.3 186.2 188.1 188.1 184.9 188.6 188.6 190.2 187.3 181.5 174.9 169.4 168.1 167.9 168.1 169.1 171.7 172.8 168.7 166.5 167.2 174 180.9 189.5 189.9 188.3 192.1 196.3 200.1 204.3 208.5 214.4 220.2 225.7 228.6 229.8 230.8 231.4 235.1 240.4 245.6 250.1 250.5 248.9 247.2 245.5 244
293 292.2 289.5 283.3 276.1 268.1 262.3 256.6 247.4 238.8 234.8 231.1 228.6 227.6 228.8 228.7 228.2 226.8 223.6 219.2 217.4 214.9 210.1 204.2 201.1 198.4 196.4 194.6 193.6 194.2 191.9 188.7 186 186.9 188 183.4 185.7 186.6 187.6 186.5 182.6 175.3 170.7 169.4 168.6 168.6 168.6 171.2 173.5 169.5 167.3 167.4 172.9 179.9 188 190.5 188 190.4 195 198.6 202.6 208.7 215.3 221.1 226.5 230.6 232.1 233.1 233.5 236.2 241.4 246.7 251.8 253.3 251.6 249.9 248.2 246.6
291.8 291.1 290.2 283.2 275.9 266.1 258.1 252.1 244.4 240.2 237.1 232.7 229.4 231 232.8 233.7 233.4 231.7 228.4 222.7 218.3 213.4 209 205.9 202.9 200.6 199.1 196.5 197.5 197.8 194.1 190.6 186.5 186.8 186.9 182.1 183.1 182.5 183.8 184.3 181.5 175.2 171.2 169.9 169 168.8 168.8 171.1 174.9 170.8 168.1 167.7 171.5 177.4 186.6 190.8 186.7 188.2 194.1 197.8 202.1 208.5 215.8 221.7 226.8 232 234.6 235.3 235.9 237.6 242.9 248.7 253.4 255.9 254.8 252.9 251.1 249.3
291.7 290 287.5 283.7 277.9 268.1 261 252.8 246.7 242.1 238.7 234.5 233 235.1 236.3 238.1 240.6 239 234.4 226.8 220.5 216.3 212.3 209.8 204.8 205.6 202.5 201.6 201.7 201.6 196.4 191.5 187.1 185.2 184.9 183 180.1 178.8 179.5 182.6 176.5 172.7 171.4 170.4 169.5 169.1 169.1 172 176.3 172.6 168.5 168.5 170.6 175.7 183.8 190.2 186.5 185.8 192 197.3 201.4 207.8 215.8 223.6 228.5 233.4 236.4 237.4 238.4 239.4 244.3 250 255.1 258.4 258 256.2 254.4 252.7
292.2 289.9 288.1 286.1 279.9 271.4 264 255.3 249.5 244.5 240.3 236.7 235.8 239.2 238.7 242 247.2 244.5 238.3 230.9 223.8 220.1 216.4 214 207.5 210.5 206.5 207.5 206.9 205 199 193.3 188.5 184.6 182.9 182.6 180.9 178.1 176.4 175.5 174.4 175.8 173.7 170.8 170 169.4 169.6 173 177.3 175.1 169.5 168.3 169.3 173.8 181.4 189.5 187 184.4 189.7 196 200.2 208.2 217.5 223.7 229.2 234.2 238.6 240 241.1 241.2 245.5 251.1 256.8 260.7 261 259.1 257.6 255.6
292.7 289.6 287.9 286.3 280.9 271.3 262.8 256.9 252 247.1 243.3 239.1 240 242.2 241.1 245.3 250.6 247.9 241.6 234.4 227.4 223.2 221.4 217.3 214.6 215.1 210.7 212.8 210.8 208.9 201.8 194.7 189.4 185.2 182.4 181.2 180 178.1 177 176.6 178 178.8 176.2 173.1 170.4 169.8 170.2 173.7 177.4 177.7 172.3 169.1 169.5 170.9 177.7 187.5 187.7 183.4 187.9 193.9 199.1 208 217.9 224.5 229.3 234.4 240.1 242.8 244.1 243 245.8 251.5 257.7 262.6 263.8 262.7 260.5 258.3
293.5 290.4 287 284.4 277.2 270.9 266.3 259.7 254.7 249.7 246.1 242.1 243.4 245.4 243.9 246.3 252 250.2 244.4 237.8 230.8 227 224.8 216.3 220.3 218.6 215.2 217.9 216.2 212.8 204.9 196.1 191.6 187.3 183.2 181.3 179.9 178.9 178.6 179.1 179.9 181.2 178.5 175 170.7 170.5 171.4 175.2 179.6 180.3 173.5 169.3 169.9 169.9 175.4 184.2 187.5 182.6 186.9 192.9 198.6 207.6 218.5 225.7 230.6 235.1 241.5 244.6 246.6 245.1 247.7 252.3 258.4 263.7 266.6 264.7 262.1 260.1
294.5 291.6 288.1 284.4 279.7 274.4 269.6 263.7 258.1 252.4 248.2 244.6 247.3 248.6 247 247 252 251.3 246.4 241 233.9 230.4 228.1 219.4 224.1 222 219.1 222.3 220.9 216.5 208 197.9 192.9 188.7 185.4 182.7 181.2 180.2 180.6 181.3 181.8 184.2 181.3 177 171.6 170.9 171.9 176.3 181.3 182.9 175.7 169.3 170.2 170.5 172 180.8 185.6 181.5 184.9 190.5 197.8 207.8 217.7 225.6 231.6 235.8 241.1 245.9 248.9 248.7 248.7 253.1 259.2 264.8 268.7 267.2 264.3 262.2
294.2 292.9 289.2 285.4 281.9 276.4 271.8 265.8 260 255.5 250.9 252.2 252.2 251.6 250 248.9 251.3 251.5 248.2 243 237.1 233.9 229.3 227.9 227.8 224.9 222.7 225.9 224.9 220 210.2 199.9 194.6 190.8 187.7 184.5 182.6 181.8 182.1 183.9 184.9 187.5 183.9 179.1 173.4 171.9 173.2 177.3 182.1 185.7 180.4 170.3 171.7 171 171.6 176.4 183.6 179.6 185 189.3 197 207 217.2 226.3 233.2 236.7 240.5 246.9 250.9 251.4 250.7 254.1 260.2 265.5 270.4 269.6 266.5 264.4
297.2 294.9 291 287 283.2 278.8 273.5 267.6 263 258.5 254.1 257.9 256.3 255 252.6 251.5 251 251.3 249.1 246.1 240.4 236.3 231.9 232.8 230.5 228.4 225.6 228.5 227.7 222.7 213.8 201.8 196.3 192.4 189.4 186.7 184.9 183.4 186 189.3 189.6 191.3 186.3 181.2 175.1 172.7 174.9 179.3 184.3 187.2 183.4 173.1 170.1 170.9 172.3 173.4 178.7 177.8 181.8 189.4 196.3 206 216.5 226.5 233.5 237.5 240.7 247.2 251.2 253.1 252.9 255.8 260.9 266 271 272.3 269 266.3
299 297.2 293 288.7 284.5 280.4 274.9 269.7 264.7 259.8 257.9 261.9 260.4 259.3 255.2 253.8 252.4 251.8 250.2 248.2 243.3 238 234.4 236.2 232.9 230.3 227.9 229.5 230.2 224.9 217.2 203.9 197.9 194.2 191.5 189.1 187.3 184.3 187.7 191.9 194.7 195.4 190.1 183.6 176.5 174.1 176.5 181 184.1 188.8 186.5 175.2 171.1 170.4 172.4 173.3 174.9 176.7 181.6 188.6 196.6 205.2 216.2 225.8 234.6 239.1 241.7 246.9 251.1 254.2 255.4 257 261.7 267.1 272.3 273.7 270.7 268.1
300.9 298.9 295.2 290.8 286.4 281.9 276.2 271.2 266.4 262.6 262.1 265.7 264.7 262.9 257.9 254.6 253 252.5 251.8 249.4 245.3 241.9 237.5 239.4 236.1 232.3 230.1 230.6 232.5 227.6 219.4 205.1 199.4 196.2 193.4 190 187.2 186.2 189.7 194.3 198.1 199.1 193.2 185.9 177.9 174.2 177.8 182.7 185.9 189.2 188.3 178.5 172.1 171.2 172.9 173.6 175.1 177.3 182.2 188.6 196.7 205.3 215.3 226.3 235.4 240.4 243.1 246.4 251.7 255.7 257.7 258.5 262.5 268 272.5 274.8 272.7 270.1
302.3 300.5 297.1 292.6 287.9 282.8 277.1 272.7 268.7 266.2 265.9 268.3 268.3 266.4 260.4 254.7 253.4 253 251.8 250.8 246.6 243.7 243.5 242.7 238.3 234.3 231.8 231 234 229.1 221.2 207.5 201.4 198.3 195.5 192.2 189.6 188 192.1 196.4 200.8 201.7 195.9 187.4 179.7 175.6 179.5 184.1 186.6 189.4 190.1 182.2 172.7 171.6 173.2 175.1 176.5 178.6 183.3 189.6 196.9 205.2 214.8 224.9 235.2 241.1 244.1 245.8 252.1 256.5 259.5 261 263.1 268.2 273.1 275.8 274 271.9
303.6 301.6 298.7 293.7 288.9 283.6 278.7 275.3 271.8 268.2 270.4 271.8 271.5 269.6 263.1 256.3 253.5 253.5 252.6 251.7 248.9 246.4 247.5 246 241.8 236.7 232.8 231.2 235 230.6 221.4 209.3 203.7 200.5 197.8 194.1 191.4 192.2 194.4 198.9 203 204.1 199.3 188.5 180.9 176.6 181.2 185.3 187.5 189.1 190.4 183.3 173.7 172 173.2 176.6 178.4 180.1 186 190.7 197.5 206.4 215.4 225.8 235.2 241.9 245.4 248.3 252.5 257 261.6 262.4 264.5 268.8 272.4 276.1 274.8 272.9
304.6 302.6 300.3 296.1 289.4 284.7 281.2 277.9 275 270.5 273.6 275 274.6 272.3 266 257.3 254.7 254 253.5 252.2 250.2 248.4 249.9 249.2 244.9 239.1 234.7 231.7 235.2 230.3 220.3 211.4 206 201.5 197.9 195.3 194.4 195.3 196.5 200.8 204.4 206.2 201.5 189.2 182.4 177.5 181.5 187.1 188.2 188.4 190.2 184.2 173.9 172.6 173.8 177 179.2 182 188 192.3 198.9 207.5 216.5 225.6 234.7 242.4 246.8 249.2 253.1 257.4 262.1 265.1 266.6 269.3 272.8 276 275.9 274.2
306.1 303.5 301.3 297.9 292.5 287.1 282.7 280.4 277.3 273.2 276.4 278 276.9 275.3 268.8 259.6 255.8 255.2 254.6 252.7 251.4 250.5 251.6 252.3 247.7 241.4 235.6 232.2 233.9 229.1 219.8 212.5 208.3 204 199.1 200.4 197.9 198.1 198.6 202 205.8 208.1 203.1 190.6 183.4 179.5 182.1 188.5 189.4 188.4 190.4 184.4 173.4 173.2 175.5 176.3 180.2 183.8 188.4 193.8 199.6 208.3 217.2 225.6 234.3 242.9 247.7 250.7 254.4 258 262.1 266 268.3 269.7 273.3 276.4 276.2 275.5
307.6 304.7 302.3 299.1 294 289.2 285.2 282.4 279.6 277.3 278.5 280.6 280.1 278.3 271 262.1 257.3 257.2 255.6 254.3 253.2 252.1 254.4 256.1 250.6 244.1 238.3 234.2 232.3 227.7 218.9 213.6 209.8 205.7 203 204 199.6 200.9 200.4 203.3 207.3 208.9 204.4 192.2 184.1 181.5 182.4 188.9 189.3 187 189.3 184.2 174 173.8 175.1 177.1 182.2 185.2 190.8 195.5 200.6 207.9 217.5 225.9 235.2 242.1 248.7 252.3 256 259.7 263 266.6 269.8 271.7 273.8 276.5 276.8 275.8
309.4 306.5 304.1 300.7 296.4 291.9 287.9 284.7 283 280.7 280.5 283.1 282.8 280.6 274.7 265.7 259.9 258.6 257 257 255 253.5 256.6 258.9 255.4 248.3 241.4 236.2 232 224.7 218.4 214.1 211.2 207.1 206.8 206.5 203.4 204.1 202.4 204.4 207.8 209.5 205.3 192.6 184.1 181.8 183.2 189.1 189.5 185.1 185.3 179.9 174.5 174.1 175 178.7 183.3 187.3 192 196.7 202.1 208 216.7 226.1 234.5 241 248.6 253.5 256.7 260.7 264.8 268.2 271.3 273.6 274.5 276.6 277.5 276.2
311.2 308.4 306 302.9 298.7 294.6 290.4 287.4 285.3 282.5 281.8 285.5 285.6 283.2 277.5 268.2 261.7 259.7 259.6 259.9 257.1 255.3 258.1 261.5 258.9 252 244.9 239.1 233.4 224.4 218.1 215.2 212.3 209.7 208.6 208.8 206.1 206.3 204.7 205.7 207.8 209.2 205.4 192.6 186 183.4 182.8 188.5 189.1 183.5 176 175.3 174.8 174.9 176.3 181.5 185.7 189.3 194.1 198.3 203.6 209.3 217.7 225.7 234.4 241.4 249 254 257.2 261.2 266.3 269.6 272.6 275.5 276.4 277.5 278.5 278.2
313 310.4 307.8 305.1 301.2 296.9 292.8 290 287.7 286.5 284.9 286.7 287.3 285 279.7 270.5 264.3 260.8 262.4 262.8 260.2 257.6 260.1 263.9 261.6 255 249.5 243 235.5 226.9 218.5 215.2 213.7 212.2 210.6 210.1 209 208.7 206.3 206.5 208 207.8 204.2 192.4 186.2 184.6 181.2 187.1 188 180.1 175.9 174.6 176.1 176 177.7 184.1 187.6 190.8 195.5 200.4 205.5 210.5 218.1 225.7 234.1 241.7 248 254.2 258.5 262.2 267 270.8 274.2 277.2 278.5 279.7 280.4 280.1
314.9 312.3 309.6 306.9 303.5 299.2 295.6 293.2 289.9 288.9 287.9 288.7 288 285.9 281.3 272.9 267 261.4 266.6 265.8 263.1 259.8 261.7 266.2 264 257.6 250.8 246.2 239.3 229.1 219.7 216 215.4 214.4 212.8 212.4 211.5 211.2 208.3 206.2 206.5 206 202 191.2 184.7 184 180.9 184.7 185.3 176.4 175.3 176.2 177.1 177 180.2 185.3 189.2 192 196.6 201.6 206.6 211.6 219.2 226.8 232.4 242.1 248.2 254.9 259.5 263.1 266.8 270.9 275.2 278.8 280.7 281.9 282.3 281.7
316.7 314 311.4 308.6 304.1 301.2 298.2 294.9 293 291.4 290.1 289.5 287.6 285.9 282 275.8 269.2 265.9 269.2 268.4 265.6 262.2 262.6 267.7 266.2 260.4 252.9 248 242.2 231.8 222.3 217.7 217.1 216.1 215 214.5 213.9 213.5 209.8 206.6 204.8 202.3 198.1 187.8 185.2 184.2 181.3 177.7 176.7 176.4 176.8 176.9 177.3 178.6 182.9 187.1 190.5 193.6 198 202.9 207.9 212.8 219.6 227 234.2 242.2 248.7 255 260.3 263.7 267.4 272.1 276.1 280 282.7 283.8 284.2 283.2
318.5 316 313.3 309.8 307.5 304 300.9 297.8 295.9 293.8 291.3 289.5 287.2 283.8 281 276.6 270 269.8 271.6 270.6 268.1 264.6 264.9 268.7 267.7 262 255 250.8 245.4 235.3 225.9 220.4 218.8 218.4 216.6 217.2 216.2 215.2 211.5 205.4 201.5 197.3 192.6 186.2 185.6 184.3 181.4 177 177.5 177 177.5 177.6 178.2 179.6 183.1 187.7 191.7 194.6 199.3 204.2 209.1 214 219.7 227.6 235.3 240.8 249.2 254.4 260.6 264.4 267.5 273.1 277.4 281.2 284.7 286 286.6 285.3
320.4 317.9 314.8 311.4 310 306.4 303.1 300.2 298.1 295.7 292.7 289.6 287 284 280.5 277.7 274.3 271.9 273.9 272.9 271 267.1 264.8 268.1 267.6 262.6 256.1 252.8 247.7 238.7 229.2 222.5 221.9 221.4 218 218.1 217.6 216.5 212.1 205.1 197.8 192 188.6 184.3 184.1 181.5 177.1 178.3 178.1 177.9 178.1 178.3 178.9 180.7 183.2 187.1 192 195.6 199.8 204.8 209.7 214.3 219.5 227.8 235.9 241.1 249.1 254.1 259.8 265 268 273.2 278.5 282.3 286 288.4 288.7 287.5
321.3 319.1 316.5 313.5 311.9 308.8 305.4 302.5 299.9 297.2 294 290.9 286.6 284.3 281.9 279.2 275.6 274.4 274.7 274.8 273.5 270 266.2 266.3 266 261.4 257.1 253.9 250.8 242.2 232.1 225.5 225.2 224.2 220.8 219.2 218.7 217.1 212.4 203.7 195.5 188.7 185.4 182.7 182.5 181.1 178.6 178.5 178.7 178.8 179 179.1 179.5 181.2 183.4 187.4 192.5 197.7 200 203.7 208.1 213 217.6 224.1 232.9 240.6 247 254.6 259.7 264.4 268.8 273 278.2 281.9 285.8 289.3 290.9 290.3
322.5 320.3 317.7 315 313.9 311.4 308.2 305.1 302 298.5 295.3 290.6 287.4 284.7 282.2 280.2 277.4 275.9 275.7 275.9 275.2 271.9 268.2 264.9 263.6 260.6 257.4 254.8 252.2 245.5 234.6 229.1 228.2 226.7 222.8 220.7 219.2 217 210.2 200.3 191.5 185.8 182.5 180.7 180.1 178.9 179.2 179.1 179.1 179.8 180.1 180.3 180.7 182.2 184 189.7 194.8 199.1 202.8 207 211.1 215.3 219.6 227 236.6 239.5 245.2 253.4 258.3 263 268.5 272.5 278.2 281.8 285.7 290.2 291.8 291.9
323.5 320.9 319.2 316.4 315.1 313.6 310.6 308.2 304.9 301.1 296.7 292.1 288.9 285.2 282.5 280.7 280.2 278.6 278.2 278 276.5 273.3 268.7 265.8 263.7 261.2 257.9 256.2 254.3 247.2 238.3 232.8 230.6 229.1 225.3 221 219.2 214.7 210.3 198 187.7 182.7 180.8 180.2 180.1 179.2 179.7 179.4 179.8 180.3 180.9 181.8 182.1 183.4 185.9 190.5 196.9 199.8 203.8 208 211.8 215.7 220.1 228.2 237.1 242.3 242.4 251.2 256.9 262.5 267.9 272.2 277.6 281.7 285.4 289.8 292.1 292.5
324.5 321.9 319.9 317.9 315.9 314.4 312.8 310.8 306.6 302.7 298.6 294 289.6 287.4 284.8 282.6 281.7 280.7 279.7 278 276.4 274 268.7 266.4 264 261.1 258 256.6 254.8 248.5 241.4 235.5 232.8 231.4 227.8 220.8 218.7 214.2 209.5 194.2 184.4 181.9 181.1 180.9 180.6 179.5 180 180.4 180.9 181.3 182.3 183.6 184.2 185.9 188.6 192.7 199.2 202.7 204.7 208.5 212.4 216.4 220.3 227.2 236.9 244.7 245 248.8 255.5 261 266.6 270.7 277 281.5 285 289.1 292.1 292.6
325 322.7 320.8 319.3 317 314.5 312.8 310.5 305.4 302.1 298.3 295 292.9 290.3 288 285.7 283.5 281.6 279.6 277.8 276.2 272.6 268.7 266 263.1 260 257 255.5 254 250.4 243.8 238.2 234.1 233.7 229.7 220.6 218 212.6 203.4 189.9 183.1 182.3 181.7 180.9 180.4 179.7 181 181.5 181.9 182.3 183.9 186 186.9 188.5 191.3 195 201.6 204.9 204.8 209 213 217 221 225.8 236.2 245.9 247.5 247.1 253.1 259.6 265.3 268.7 274.4 281.1 283.4 287.7 290.7 290.8
325.5 324.3 322.6 320.5 318.1 315.6 313.1 309.4 305.9 302.8 300.6 297.8 294.9 292.6 290.1 287.6 284.1 281.3 278.6 275.8 273.7 269.3 267.2 264.4 261.5 258.2 256.2 254.3 252.9 250.9 245 239.2 236 235.1 230 219.4 216.9 209.4 200.2 188.5 183.5 182.8 182.2 181.6 180.7 181.2 181.7 182.4 182.9 183.6 185.7 187.8 189.6 191.2 194.3 198.6 205.7 208.4 208.2 209.3 213.1 217.9 222 225.8 235.4 245.3 250.5 246.5 250.1 256.4 263.3 266.9 271.2 278 281.7 286.6 288.8 288.7
327.7 326 323.8 321.7 319.3 316.8 314 310.4 307.7 305.2 302.8 299.8 296.7 294.2 291.6 289 285 281.3 278.2 274.7 270.5 268.1 265.7 263 260 257 255.5 253.4 251.6 248.9 243.7 240.1 237.5 235.2 230 218.3 213 207.2 196 187.2 183.9 183.3 182.7 182.2 181.6 181.4 182.7 183.4 184.1 185.3 187.5 189.6 191.7 194.1 197.7 202.6 208.1 211.5 211 212.8 213.6 218.2 223 227 234.6 244.2 251.7 247.3 247.2 251.1 260 265.2 268.6 274.3 279.9 284.6 287 287
329.4 327.2 325.1 322.9 320.4 318 315.4 312.4 309.8 307.3 304.8 302.2 299 295.7 293.1 289.9 286.2 281.6 279.1 275.9 272.1 269.6 266.4 264.3 260.3 256.3 254.5 252.9 250.4 247.4 242.9 239.7 236.4 233.5 226.9 215.6 212.7 206.1 194.5 185.8 185.1 184.4 183.1 182.6 182.2 182 183.1 184.7 186.1 187.2 190.6 193.2 195.1 197.9 201.5 206.4 211.4 214.3 213.7 214.9 216.8 218.7 224.1 228.1 233.6 242.7 251.1 249.9 247 247.8 254.7 261.7 266.1 272 278.1 283.3 285.9 286.7
331.1 328.7 326.3 324.1 322.2 320.5 317.4 314.6 312 309.6 307.1 304.9 301.5 298.5 295.3 291.2 287.4 283.2 280.5 277.6 272.5 268.8 265.5 264.4 259.9 255.9 253.1 251.1 248.8 245.8 242.1 237.8 233.6 230.5 226.6 214.1 213.8 204.9 190.9 186.2 186.1 185.7 184.7 183.3 182.3 181.2 183.2 184.9 188 189.8 193.7 197.4 200.6 201.7 205.7 210.5 215.6 217.7 217.4 217.9 219.6 221.5 226 230.1 234.7 243 250.7 251.6 247.9 248.3 249.2 254.7 263 271.4 276.6 282.1 285.3 286
332.7 330.3 328.2 326.3 324.6 322.5 319.9 316.7 314.6 312.1 309.6 307.2 303.2 300.4 296.7 292.5 288.7 283.9 281.5 277.6 271.2 267.3 264.8 262.2 258.2 253.5 250.7 248.6 246.1 242 239 234 227.7 223.7 218.5 211.6 209 200.9 188.8 186.5 185.9 185.7 185.6 183.5 182.5 182.7 183.3 182.6 190.8 194.2 197.6 202.7 205.4 206.9 210.4 215.2 219.6 221.2 221.4 221.7 222.5 224.3 228.1 232.9 236.1 242.8 249.6 252.6 249.6 251 251.4 254.3 261.9 270.5 276.2 280.4 285.1 285.7
334.6 332.6 330.5 328.5 326.8 324.9 322.8 319.5 316.4 314.3 312.2 309.3 305.4 301.7 298.2 293.1 288.9 283.6 281.2 277.2 270.2 266.5 262.2 258.5 253.4 249.3 247.5 245.7 242.5 236.5 231.4 224.4 217.6 215.7 212.2 205.8 203.1 196.7 189 187.2 186.2 185 183.8 183.6 183.2 183.6 184.1 183.4 193.1 197.3 201.9 208.2 211.1 212.9 214.8 218.8 222.8 224.3 223.9 224.5 225.7 227.6 231.5 236.6 239.7 242.2 247.1 252.3 251.1 253.7 254 253.3 261 269.5 275.1 278.7 282.7 285.8
