STL Generation/terr50_gagg_gb/data/NY83.asc
ncols 200
nrows 200
xllcorner 380000
yllcorner 530000
cellsize 50
[rows 35 to 69 of 200, columns 78 to 155 of 200]
437.9 438 438.6 439.1 438.2 435.4 431.4 422.3 421.9 430.3 434.5 437.5 440.9 442.8 443.5 443.2 442.7 442.1 441.5 440.9 440.3 437.6 434.9 431.6 429.4 426.3 423.3 419.3 415.3 410.8 406.3 401.1 395.8 389.8 385.2 382.2 378.7 375.8 372.2 354.3 360.4 377.4 382.4 386.2 390.3 393.9 397.1 399.1 399.8 399 397.1 395 391.6 386.3 385.8 387.3 386.9 383.3 378 372 368.3 362.4 357.4 354 351 347.6 342.8 343.1 341.2 339 335.4 333.1 331.5 329.8 327 324.2 318 314.7
443.3 443 443.3 443.1 440 435.7 424.5 428.5 431.2 434.9 438.2 441.4 444.6 446.1 446.3 446 445.3 444.4 444.7 441.3 441.6 437.6 434.9 430.4 428.5 425.2 421.2 417.2 413 409.3 405.1 400.9 397.3 392.2 387.9 382.6 381.2 379 368.6 358.1 368.9 382.7 384.1 390.9 394.6 397.8 400.3 401 401.4 400 398.3 396.2 393 389.2 391 391.2 389.3 386.2 381.4 376.7 371.7 365.9 361.5 358.1 354.8 351 348 345.9 344.7 343.6 340.8 338.7 339.5 338.9 336.1 333.7 331.8 327.7
448.8 448 447.8 445.1 442 430.9 437.4 436 434.7 438.6 442 445.3 448 449.2 449.1 448.9 447.9 446.6 445.3 443.1 440.6 437.8 434.3 429.4 426.9 423.2 418.9 414.6 410.6 407.2 403.1 398.9 396.2 392.5 388.7 385 374.5 369.1 357.5 370.1 385.6 390.1 393.7 395.2 398.9 401 402.8 402.9 402.3 400.8 399 397.4 392.1 394.8 397 395.8 392.4 388.9 384.4 379.6 374.1 368.4 364.1 360.6 356.7 353.5 350.4 347.5 347 346.8 346.1 344.1 343.7 343.8 343.2 341.7 339.6 335.6
453.7 451.9 450.8 447.7 441.4 441.2 442.1 439.5 438.4 443.1 446.3 449.5 451 452 451.9 451.8 450.1 448.5 446.6 442.6 441.1 437.6 434.1 429.4 422.8 420.8 416.4 411.9 408.3 404.9 401 397.2 395.1 390.9 387.3 378.3 361.2 359.7 373.5 386.9 392.2 396.2 400 407.6 403.1 403.9 405 404.3 403.2 401.7 400.3 397.7 396 400.2 402 400.8 397.7 393.3 387.8 382.6 378.3 373 367.3 362.6 358.4 355.6 352.5 349.5 349.3 348.5 347.4 346.1 344.9 344.5 343.1 343.5 342.9 339.4
458.8 455.3 453.7 450.4 446.1 447.6 445.7 441.7 444.4 447.6 450.8 452.8 454 455.5 455.5 454.3 452.3 450.1 446.7 444.7 440.3 436.9 432.2 427.1 421.9 414.7 412.8 409.4 406 402.5 399 395.8 393.6 390.2 380.4 365.6 374.5 384.5 390.6 395.1 399 403 405.8 408.5 406.9 406.4 407.3 407 405.1 403.5 403.3 402.2 400.2 405.1 406.7 405.6 402.6 396.3 390.2 386.9 383.6 378.4 373.3 367.5 362.9 357.5 354.2 351.5 350.3 349.5 348.9 348.3 347.2 347.9 345.5 342.5 343.3 341
463.8 460.6 456.8 449 453.9 453.6 450.6 445.7 449.8 452.4 454.8 455.8 457 458.5 458.5 456.3 452.2 448.9 445.6 442.8 438.2 434.5 429.5 424.3 419.3 413.4 409.2 406.5 403.9 400.4 396.8 393.5 383.1 375.9 365 368.8 388 393.4 398.9 403 406.5 409.8 411.6 411 409 410.4 412.3 412.6 411.9 409.7 407.6 407.8 406.1 410.4 411.2 410.5 407.8 403.7 399 393.7 389.5 384.5 379 372.7 367.9 363.7 360.7 358 355.5 352.7 352.3 351.5 352.6 353 351.3 346.6 340.6 340.1
468.9 466.1 457.6 460.5 459.2 457 454.5 449.1 453.8 456.5 457.8 458.9 459.5 457.9 456.9 455.1 450.3 446.9 443.7 440.5 435.8 431.8 426.7 421.5 417.1 411.8 408 404.2 401.8 398.4 393.9 384.3 369.6 370.5 376.9 388.2 396.2 398.6 405.6 409.5 413.6 417 418.3 418.6 416.8 418.7 419.7 421.1 421.5 419.2 418 417.9 413.2 418 417.2 415.9 413.4 408.6 404.5 399.3 394.4 389.7 385 379.1 374.5 370.6 367.1 363.3 360.5 357.8 355.9 356.2 355.9 355.3 354.8 352.6 348.2 345.9
472.4 464.2 466.5 465.2 463.4 461 458.1 455.1 457.8 459.9 460.9 461.1 460.3 458.2 455.8 453.1 447.5 444.1 440.2 438.3 433.4 429 423.9 419 414.9 410.2 406.3 402.5 399.9 396.1 388.6 372.3 371.6 387.2 393.4 397 402.9 408.9 414.2 417.5 420.7 424.1 425.3 426.7 426.9 426.5 426.8 428.5 428 425.1 426.1 424.6 421.1 424.3 423.6 421.6 419.2 413.6 408.3 403.4 398.7 393.8 389 384.1 380.1 375.6 371.9 367.5 364.5 362.2 359.1 358.7 358.1 357 355.9 354.4 352.5 350.9
472.2 475.2 471.8 469.4 467.9 465.5 462.7 461 463.1 463.5 462.8 462.6 460.8 458.8 456.4 453.6 450.2 446.7 441.2 434.2 430.9 426.2 421.2 416.8 412.7 408.5 404.6 400.9 395.1 391.3 379.5 377.6 384.5 396.2 400.1 405.1 410.8 416.9 420.8 425 428.6 432 434.1 435.7 436.1 434.9 434.5 437.9 433.3 435.8 435.4 433.6 427.9 431.6 430.8 429.4 426.4 420.8 414.5 410 404.6 396.8 391.7 387.7 383.7 379.8 376.2 371.8 368.6 365.2 361.5 356.9 358 357.1 355.2 352.7 351.8 351.4
481.3 480.2 477.4 474.6 472.4 469.8 467 466.7 467 466.1 465 463.6 461.9 460.1 457.8 455.4 451.7 447.5 442.8 436.2 429.2 423.1 416.6 413.9 409 402.1 398.5 395 384 377 378.1 386.7 396.7 402.4 404.4 412.7 418.4 422.5 425 432.2 436.3 440.3 442.9 444.5 445.1 443.6 438.2 444.3 446 445.5 445.3 443.9 439.5 441 439.8 437.6 433.8 429.2 423.5 418.2 411.3 404.4 397.6 391.7 385.4 380.8 377.8 374.9 371.9 368.3 364 361.2 358.3 356.8 354.6 350.9 349.4 351.7
487.2 485 482.7 479.8 477 473.9 472.6 471.6 469.8 468.7 467.6 465.8 464 462.2 459.7 457.2 452.5 447.6 441.7 435.3 428.6 423 417.2 412.2 407 404.4 399.3 385.4 380.2 387.4 394.4 399.4 403.9 409.8 419.6 419 425.3 430.1 433.4 438.9 443.7 448.5 452.9 451.7 451.5 451.7 452 452.5 452.7 452.7 451.8 450.8 449.1 448.2 446.2 443.9 439.2 435.3 429.8 424.1 417 409.8 403.3 397.7 391.4 385.7 381.4 377.5 375 371.2 368.8 365.3 361.6 358.4 354.7 351.2 347.6 348.2
492 489.9 487.2 484.2 481 477.9 476.4 475 472.5 471.3 470 468.1 466.2 464.2 461.5 457 451.9 446.4 440.4 433.5 426.7 420.5 415.9 411.7 406.7 402.4 398.2 383.9 391.7 399.7 402 405 410 417 425.6 424.5 429.4 434.6 438.8 444.1 451 456.1 458.6 461.4 462.1 461.7 460.7 459.9 459.7 459.3 457.6 456.2 454.7 455 452.4 448.5 443.9 440.7 435.9 429.5 422.3 415 409 403.5 398.6 393.6 387.5 380.3 377 373.8 370.2 366.2 362.7 358.8 354.3 350.8 347.4 341.2
497.2 494.6 491.3 488 484.9 481.7 479.8 477.7 475.2 473.9 472.2 470.3 468.4 465.1 461.1 456.3 451.1 445 437.9 431.2 424.8 418.1 413.6 409.3 405.6 400.7 390.7 383.2 398.3 403.5 406.9 410.1 416.4 423 425.8 423.7 424.5 437.3 445.3 449.1 458.2 463.5 466.5 467.9 468.1 468 467.7 466.8 466.7 465.7 463.1 460.7 458.3 458.5 458 453.6 448 445 441 433.7 427.5 420.2 414.3 408.7 403.4 398.2 393 387 380.2 374.2 370.3 367.3 363.9 359.5 354.1 347.6 341.6 340.8
502.3 498.6 495.6 492.2 488.8 485.5 482.9 480.4 477.9 476.3 474.4 472.2 469.1 465.2 460.7 455.6 449.7 442.6 435.5 428.4 422.1 415.9 411.2 406.7 402.9 394.1 383.7 393.4 401.7 406.7 411.1 416.5 423.4 425 423.6 430 425.8 438.4 449.7 456.7 461.5 467.9 471 473.6 474.4 474.3 474.2 473.6 473.8 472.3 468.8 465.8 462.4 461.7 461.3 457.9 452.5 447.7 442.3 435.5 428 422.2 416.3 410.5 405.5 400.3 393.9 388.3 383 377.6 370.8 364.6 362.7 359.9 350.7 353 350.3 346.8
505.6 502.9 499.9 496.5 493.1 489 485.6 483.1 480.6 478.3 475.8 472.7 469.2 465.1 459.8 454.1 447.4 440.2 433.1 426.1 419.8 414.2 409.5 404.7 400.3 389 393.4 396.8 407 412.5 418.3 424 429.4 435.1 440 444 447.1 451.7 456.3 461.8 466.7 472 477.8 481.4 481.1 480.2 480.4 480.4 480 477.2 472.8 469.2 466.5 463.3 461.9 458.9 454.3 447.3 441.7 435 428.3 421.3 414.2 408.1 403.1 399 394.2 388.5 384 379.6 374.8 368.9 363.1 358.5 354.1 355 353.7 351.4
509.6 506.9 504.1 500.3 496 491.8 488.4 485.6 482.5 479.7 476.2 472.6 468.5 463.7 458 452.2 445.1 438.2 431.4 424.6 418.1 412.7 407.9 403.2 390.8 386.8 401.2 408.9 411.7 421.6 427.5 432.8 437.6 443 448.1 453.1 456.9 460.1 462.7 466.6 470.9 476.9 484.6 488.3 488.2 487.1 486 485.5 483.9 481 476.9 472.5 466.8 464.7 462.7 459.7 455.4 449 442.3 435.4 428.3 419.1 410.8 406.1 400.8 397.5 392.7 385.8 383 378.5 374.4 367.8 365.2 360.2 357.5 355.5 355.4 350.2
513.4 511.1 507.2 502.1 498 494 490.2 487 483.4 479.6 475.6 471.8 467 462.3 456.4 450.1 443.4 436.6 429.8 423 416.4 410.4 405.4 395.2 392.4 399.8 410 417.6 418.9 430.7 436 440.8 445.9 451.1 457.1 462.3 465.7 468.8 470.8 472.5 476.9 481.9 489.4 491.9 491.8 491.1 491.4 489.9 487.5 484.3 479.6 473.7 469.7 468.1 464.8 460.8 456.5 450 440.9 432.1 424.5 416.6 408.4 404.2 399 392.1 387.3 382.7 378.8 376.1 371 370.5 368.5 365.8 363.2 360.8 358.2 346.9
517.8 515.3 510 504.7 499.4 495.2 491.3 486.9 483 479.1 475 470.5 465.8 460.9 454.8 448.3 441.1 434.4 427.7 421 413.6 404.6 392.3 395.6 405.8 411.5 421 427.3 432.5 438.3 443.6 448.8 454.9 460.4 466.5 471 474.2 476.3 478.1 479.7 483.3 488.1 492.1 494.9 495.7 496.3 496.1 494.5 491.2 487.9 479.8 479.8 475.9 471.9 466.9 463.5 458.7 449.7 434.1 425.4 418.7 414.5 409.7 404.4 402.1 397 393.5 389.2 384.6 380.8 375.5 374 370.8 367.7 365.2 362.7 360.1 345.6
523.1 517.9 512.8 507.4 501.8 496.2 491.4 486.7 482.6 478.4 474.1 469.5 464.7 459.5 453.4 447.1 438.9 432.1 425.3 417.9 410.4 398.5 400.2 409.3 416.2 424.1 429.8 435.4 440.6 443 451.2 457.2 463.4 467.6 472.1 476.3 479.9 482.9 484.8 486.6 489.7 493.6 496.2 498.8 500.7 500.7 499.7 496.8 493.2 487.9 487 485.1 481 476.2 470.8 464 456.8 445.3 434 425.9 422.4 418.1 411.1 409.3 407.1 401.9 397.1 391.7 386.4 383 380.2 376.8 372.7 370.4 368.3 365.9 359.9 354
526 520.6 513.9 507.6 502 496.3 491.4 486.7 481.8 477.5 473.2 468.6 463.6 458.1 452 445.4 436.9 429.6 422.7 415.8 408.6 400.2 412.3 420.3 428.1 435.1 427.2 443.4 448.2 453.7 457.5 465.2 469.7 473.9 478 482.2 486.9 489.4 491.1 492.8 496.2 500 498.7 503.2 502.9 502 500.9 496.4 495.8 493.4 490.1 486.9 483.6 479.8 471.7 463.8 457.6 450.5 443.2 435.8 429.9 422.7 418.2 414.9 409.2 403.6 397.6 393.4 388.9 383.6 381.4 379.1 375.7 373.6 371.9 368.1 350.5 367.3
528.4 521.7 514.9 508.4 502.1 496.5 491.5 486.5 481.4 476.8 472.3 467.6 462.1 454.8 448.1 440.1 431.9 423.3 417.9 411.9 398.6 411.1 423 430.7 436.5 440.5 445 450 455.6 461 463.7 470 474.5 478.8 483.6 489.9 493 495 496.9 500.1 505.4 507 505.9 505.5 504.6 503.5 502.3 500.3 497.7 495.2 491.9 488.6 485.3 479.2 475.3 469.6 463.4 457.6 450 441.9 435.4 428.9 422.7 416.8 410.7 405.1 400.3 393.2 388.6 385 381.8 375.2 366.8 358.9 357.2 356.9 363.7 374.4
529.4 522.7 516 509.5 503 496.6 491.5 486 481 476.4 471.5 465.7 459.7 451.6 443.6 434.8 426.8 419.2 411.4 404.6 409.5 425.2 432.8 438.8 443.2 447.4 452.7 457.4 462.2 467.6 471.4 474.8 479.3 484.6 490 495.3 498.4 500.8 503.4 506.2 511.8 509.6 508.5 507.5 506.3 505.2 503.9 501.7 499.5 497 493.9 490.8 487.6 482.9 478.3 472.4 466.8 460.4 452.9 444.7 437.7 431.4 424.9 418.7 412.5 406.7 401.7 396.6 388.9 383.9 377.8 369.3 374.2 365.4 372.5 368.3 375.6 379.6
531.3 523.7 517 510.5 504 497.2 491.1 485.6 480.6 475.7 469.8 463.9 456.5 447.3 437.5 428.7 420.6 411.9 406.7 407.2 425.6 435.6 441.4 445.3 449.4 454.3 459.9 464.4 468.7 472.8 476.6 480.5 486.3 491.2 496.4 500.2 503.7 507.5 510.2 511.7 512.6 512.2 510.8 509.4 508.1 506.9 505.3 503 500.6 497.3 494.8 492.3 489.7 486.6 480.7 473.9 467.1 460.5 453.4 446.4 438.9 433.7 427.8 420.1 414.4 408.2 403.1 398.3 392.3 382.7 373.8 386.3 381.9 370.3 382 382.3 383.8 385.5
533 526.3 517.7 510.4 503.1 496 490.6 485.2 479.9 474 468.1 462.1 452.3 442.6 432.2 421.6 408.7 408.7 409.9 428.2 438.1 444.1 448.5 450.8 457.1 461.5 466.9 470.3 474.2 477.7 482.3 487 492.4 495.6 501.3 505.4 510.9 514.9 516 516 515.3 514.4 513 511.5 510 508.7 506.6 504.2 501.2 497.8 495.2 492.6 489.5 485.4 479.6 473.1 465.6 458.2 451.7 445.2 439.3 434.4 427.4 419.8 414.9 409.5 404.6 399.9 394 378.2 387.2 389.9 381.7 379 389.1 390.1 391.6 393.1
533.8 526.7 517.8 509.1 501.8 495.5 490.1 483.9 478.1 472.2 465.9 458.3 448.3 437.7 427.4 415 411.5 413.3 425.9 439.2 445.7 450.7 455.1 459.2 464 468.2 472.4 476.5 479.7 482.7 488.4 493.8 498.3 500.5 506.3 512.5 517.9 519.5 519.6 519.3 518.3 517.3 515.6 514 512.5 510.6 507.7 505 501.8 498.4 494.9 491 487.4 482.5 476.7 470.4 463.2 456.2 449.9 443.4 438.3 432.9 426.9 419.7 415.1 409.8 405.8 400.6 388 383.9 396.1 394 384.2 389 397 397.8 399.3 400.7
534.8 526.3 518.1 508.8 500.5 494.5 488 482.1 476.3 469.7 462.4 453.4 442.8 432.2 420.1 412.7 416.9 426 441.1 447.7 451.4 454.8 459.9 465.5 470.8 474.6 478.5 482.3 486.7 491.6 497 500.7 503.7 506.6 512.2 518 521.7 522.7 522.9 522.1 521.2 519.9 518.2 516.6 514.7 512.5 509.5 505.7 501.9 498 493.7 489.3 484.4 479.6 473.8 467.4 460.8 454.4 448.1 442 436.6 430.8 425.8 419.6 415 410.6 403.7 392.6 382.3 397.1 400.4 398.2 379.6 396 403.9 405.5 406.9 408.2
533.5 525.7 516.8 507.2 498.2 491.9 486 480.5 473 465.7 458.6 447.9 437.3 426.2 418.2 418.9 429.3 439.8 445.5 453.1 458.2 462 467 472 477.3 481.4 485.9 490.7 495.4 500.1 504.8 508.4 511.8 515.4 519.1 522.9 524.9 525.8 525.8 524.9 523.9 522.3 520.6 518.5 515.9 513.4 510 505.5 501.1 496 490.9 485.8 480.9 475.8 469.4 463 456.5 451.4 445.5 440 434.6 428.6 423.7 417.4 411.2 396.4 390.3 392 400.9 403.5 403.8 397.6 385.8 401.4 410.4 412.4 414.2 415.8
533.4 524.9 515.9 506.2 498.3 491.8 484.3 476.5 465.8 461.8 453.2 442.1 432 423.3 417.9 428.1 440.4 447.9 450.8 458.9 463.9 469 474.1 478.9 483.9 489.4 494.3 498.9 503.6 507.9 512.4 516 519.7 522.5 524.3 526.6 527.7 528.2 527.8 526.8 525.9 523.8 522.1 519.6 517.1 514.5 509.7 504.7 498.6 493.1 487.6 482.4 477.1 470.7 464.3 457.9 451.3 446.8 441.3 436.4 430.7 423.7 417.2 406.4 396.8 401.5 405.3 407.1 406 405.5 401.2 389.9 394.4 407.2 414.9 418 419.9 421.7
533.2 524.1 515 506.3 498.4 490.2 483.4 475.3 467.2 457 443 435.7 426.7 421.2 427.5 437.9 447.5 453.5 458.5 465.2 470.3 474.3 479.8 485 491.7 496.4 501.8 507.2 511.9 516 520 522.8 524.8 526.8 528 529 530.3 529.8 529.4 528.8 527.6 525.4 523.6 520.8 518.2 514.9 509.9 503.8 497.1 491 485.5 479.2 472.4 465.7 459.2 452.8 446 440.5 436.8 428.8 419.6 412.3 405.9 412 416.4 413.9 412.2 410.4 408.7 404.8 395.1 395.3 405.7 414.5 419.1 422.2 425.1 427
531.4 522 512.9 504.6 496.4 487.9 479.8 471.5 463.5 452.8 438.8 428.2 425.8 429.8 438.3 447.9 453.8 460 465.5 471.1 476.3 481.9 485.7 492.6 499.3 503.3 508.7 514.1 519.5 523.6 525.2 527.2 529.2 531.2 532.2 533 532.6 531.8 531 530.6 529.3 527.1 524.8 522 519.2 515.3 509.7 503.3 496.5 489.8 482.2 474.6 468.2 461.4 454.6 447.9 440.3 434 424.8 421.6 420.9 424.1 425.8 422.8 420.4 417.9 415.7 413.8 410.9 402.9 398.5 409.2 415.4 419.6 423.2 426.2 429.3 432.3
529.6 520.2 510.8 502.1 493.6 485 476.8 467.7 455.4 442.6 432.2 430.4 437.3 445.3 448.7 454.9 460.6 466.2 471.9 477.7 483.8 489.2 494 499.6 506.9 510.7 515.7 521.2 526.3 528.9 530.4 531.8 533.5 535.5 536.5 536.9 535.9 535.1 534.3 533.3 531.3 529.1 526.4 523.5 519.7 515.7 509.2 502.8 495.7 488.4 479.9 471.5 465.1 459.7 448 438.7 434.6 437.8 434.3 431.4 429.7 430 428.4 426.7 425 422.2 419.5 417.7 402.4 401.1 413.8 419.8 422 425.3 428.3 430.9 434.3 437.8
525.3 516.3 507.4 499.1 490.7 482.2 472.9 459.1 445.9 431.6 431.3 442.2 449.9 449.4 455.7 461.9 467.6 472.9 479 485.2 491.2 496.6 501.9 507.8 514.1 518.7 523.4 528.5 531.9 534.3 535.7 537.2 538.6 540 540.4 540.6 539.4 538.5 537.4 535.5 533.5 531.1 528 524 520.3 516.3 510 503 495.3 487.2 478.5 470.9 465.6 460 453.7 439.7 446.2 444.1 440.9 437.8 436.7 434.5 432.8 431.4 429.4 427.2 422.3 408.7 412.6 420.8 424.6 427 428.5 430.7 434.2 438.1 442 445.5
521.9 511.9 503 494.9 487.8 478 465.2 448.6 435 443.6 447 451.5 457.4 457.8 463.4 468.4 473.9 479.2 485.6 492.3 498.7 504.3 510.1 516 521.5 526.1 531.4 534.1 537.4 539.7 541.1 542.5 543.9 545.1 545.3 544.6 543 541.6 539.6 537.6 535.6 532.4 528.4 524.5 520.8 516.9 510.9 503.3 494.9 486.7 478.2 471.6 466.1 461 448 449.8 450.6 448.5 446.5 444.6 443.2 440.2 438.1 436.2 434.5 431.3 423.9 412.3 423.6 427.5 431 432.9 433.9 437.5 441.6 445.8 449.7 453.1
518.9 508.7 498.9 491 483.9 472.7 455 445 444.3 450 453 457.7 462 464 469.3 474.3 479.9 485.5 492.1 499.1 506.7 512.5 518.4 524.4 529.6 534.1 538 540.5 542.9 545.1 546.5 547.7 548.9 550.2 550.6 550 548.5 546.4 543.5 541 539.1 533.9 528.9 524.9 521.4 517.5 511.8 503.6 494.6 486.2 478.5 472.3 466.2 454.1 456.5 457.1 456.3 454.1 451.9 451.1 449.6 446.5 443.6 441.7 439.7 433.7 421.9 423.9 430.2 433.8 436.6 438.7 441.2 445.2 449.3 453.5 457.8 460.9
516.1 506 495.9 487.9 477.9 465.4 449.9 459.4 453.7 453.9 458.8 463.2 466.9 470.1 475.2 480.3 485.8 492.8 501.2 508.8 514.8 520.8 527 533.3 538.4 542 544.6 547.1 548.9 550.3 551.6 552.8 554 555.3 555.9 555.2 554.1 551.8 548.9 546 542.3 537.2 530.8 525.3 521.9 518.1 511.6 503.5 494.1 485.5 477.4 471.2 457.8 463.9 465.1 463.3 461.6 459.9 458.5 457.3 456.1 452.8 449.5 447.3 442.4 436.2 420.9 431.9 437.3 441.1 443.4 444.9 449.5 453.7 458 462.3 466.4 468.9
