STL Generation/terr50_gagg_gb/data/NY86.asc
ncols 200
nrows 200
xllcorner 380000
yllcorner 560000
cellsize 50
[rows 36 to 71 of 200, columns 81 to 161 of 200]
193.9 192.8 192.2 191.1 190.6 189.6 189 188.4 187.6 187.7 186.9 185.6 186.1 186 183 179 175.5 171.6 167.3 168.2 167.2 166.4 164.4 161.1 158.4 155.9 153.2 149.1 145.5 143.7 141.9 139.1 135.9 134.1 123.7 127.6 123 119.1 112.5 105.5 101.8 97.9 97.8 94.9 90.5 91.4 91.1 90.7 88.6 85.2 81.9 81 80.8 79.3 79.5 81.2 80.7 82.7 81.5 81.5 81 80.1 78.2 75.2 74.4 79.5 79.7 78.9 78.2 78 79.1 80.3 79.8 79.1 78.3 77.3 76.2 74.8 73.7 73.2 72.8
192.3 191 190 189 188.5 188.4 188 187.9 188 188.2 188.5 186.9 187 186.2 185 182.1 178.8 175 173.8 172.7 171.5 169.9 167.6 164.7 162 159.4 156.1 151.4 147.9 145.4 142 138.4 132.6 132.4 132.1 132.3 130.1 125.6 119.5 115.4 112.6 108 105.5 103.1 97.6 91.6 88.6 85.9 85.2 85.2 81.3 80.5 80.6 79.1 77.2 76.5 76.6 77.7 77.9 77.3 78.2 78.3 75.3 71 76.9 78.6 78.3 76.4 76 75.3 76.1 76.8 76.5 76.6 75.6 74.5 73.4 72.1 71.5 70.7 70.9
192.4 191.4 189.7 189.9 189 188.1 188 188.2 188.4 188.6 188.9 188.7 187.7 186.6 184.7 181.8 178.5 179.6 179.6 178.9 175.8 172.9 170.7 168.3 165.5 162.5 158.7 153.4 151.5 147.9 143.8 143.8 142.5 139.5 138.7 137.8 136.7 132.7 127.1 121.9 117.8 113.5 111.3 106.7 102.5 96.6 92.3 89 86.8 86 83.1 83.1 82.6 81.8 81.3 78.4 76.4 75.9 73.5 70.5 71.6 74.9 71.6 72.2 75.2 77.5 77 74 73.6 72.8 72.7 72.8 72.9 73.4 72.6 71.6 70.5 69.4 69.3 68.4 69.5
192.5 191.2 190.6 190.7 189.9 189.3 189.1 188.9 189.7 190.1 189.3 187.3 186.1 185.2 183.8 186.2 187.7 188.3 187.9 186.6 181.9 180 176.4 172.2 168.6 164.8 160.8 157.5 154.5 150.4 149 150.3 150.1 148.1 144.9 141.8 140.3 136 131.9 126.5 121 116.8 112.4 105.8 102.7 99.9 95.9 93.7 91.2 87.6 84.4 84.7 84.3 83.4 83.3 82.6 79 76.1 76.8 74.6 69.1 69.8 68.5 70.5 72.1 75 75.5 71 71.6 70.3 70 69.4 69.6 69.6 69.1 68.3 67.3 67.8 67.6 67.5 68.1
193.4 192.6 192.3 192.5 191.9 192.9 194.4 195.1 197.4 195.7 195.3 193.8 191.7 191.3 193.1 194.8 195.3 196.4 195.4 192.4 189.3 187.5 184.7 177.3 171.4 167.3 162.8 162.4 160.9 159.7 157.8 157.7 156.4 153.1 150 147.3 142.9 139.7 135.8 131.2 126.4 121.5 115.9 110.8 105.5 101.4 99.3 98.5 94.7 90.1 86.1 85.4 85.7 85 85.1 86.1 82 79.6 77.6 76.8 74.4 66.2 66 67.4 68.7 69.7 71 69.7 68.5 67.8 67 66.4 66.3 65.7 64.8 64.5 65.2 66.4 67.1 67 67
198.1 198.3 198.3 198.1 198.6 199.9 201.8 203.6 204.7 203.8 203.8 204 202.8 201.4 201.8 202.1 201.7 200.6 198.6 197 193.9 190.4 188.6 183.6 178.1 172.1 163.2 168.7 167.9 165.7 163.2 161.2 158.9 158 155.4 152.3 147.5 142.2 139 136 131.6 126.7 121.7 115.5 109.2 106.2 103 102.2 100.1 95.7 91.3 87.5 86 84.5 84.1 83.6 80.6 79.2 77.8 76.7 74 71.5 66.1 64.5 65.8 66.1 67 67.4 66.1 65.8 64.3 63.6 63.1 62.7 62 62 63.7 65.7 66.5 66.8 66.5
205.4 205.4 205 205 206.1 207.2 209.5 211 212.1 212.5 212.5 211.4 210.3 210.3 208.2 207.3 205.4 203.4 202.3 201 198.7 196.1 193.8 190.1 185.1 179.6 173.2 174.8 174.7 172.2 168.5 165.2 162 160.4 159.5 156.5 151.5 145.9 141.6 137.6 134.1 130.6 126.5 120.6 114.2 111 107.6 105.2 103.6 99.2 94.1 89.1 87 84.8 82.7 81.9 80.2 78.5 77.1 75.3 72.7 69.9 67 63.1 63.6 63.9 64.4 65 64.3 64.4 63 62.5 62.4 62.9 62.6 63 64.7 66.5 66.6 66.8 65.4
212.4 211.4 210.3 209.1 211 212.1 214.6 216.2 216.5 216.2 216 214.9 214.2 213.7 212.8 210.5 207.6 207.8 207.3 205.8 204.3 202.2 200.1 196.2 192 185.9 181.3 180.3 179.9 179.2 174.9 168.7 164.4 162.6 161.6 158.7 154.3 149.1 144 139.6 136.5 133.3 129.4 123.9 117.7 113.1 110 106.9 103.9 99.9 95.4 90.9 88.3 85.5 82.8 81.4 79.6 78.1 76.7 75.3 72.9 70.5 67.9 61.2 61.8 61.8 63 63.7 63.5 63.6 62.9 62.5 62.5 63 62.7 63.7 65.4 66.8 65.8 65.3 63.7
214.4 213.3 211.9 211.8 212 212.1 214 214.3 213.9 214.3 214.3 212.8 212 212 212.8 211.6 211 214.1 213.7 213 209.9 206.5 203 202.3 198 191.1 187.5 187.1 183.2 178.6 179.8 174.1 168.4 163.5 158.6 159.2 156.2 151.2 146.2 141.4 138.2 134.2 129.2 124.7 118.7 114.9 111.5 107.3 103.2 98.7 94 91.2 88.5 85.9 83.2 81.1 79.3 77.7 76.3 74.9 73 71 68.9 63.3 58.6 60.3 61.5 62.4 62.5 62.6 62.6 62.1 62.7 63.2 63.2 64.6 66.1 67.1 66 63.9 62.5
214 213.3 213.9 212.7 211.8 211.1 210.9 211.4 211.1 211.8 211.1 210.2 209.9 209.9 211.3 210.9 210.8 213.3 213.9 213.2 211.1 208 201.1 202.6 202.3 195.1 190 195.4 190.9 183.5 176.4 180.6 174.7 168.7 160.3 158.5 156.7 152.2 147.5 142.9 138.9 135 130.3 123.4 117.9 114.6 110.8 105.9 100.4 96.9 95 91.5 88.5 85.9 83.4 81 79.3 77.9 76.4 74.9 72.5 70.4 68.1 64.2 58 58.2 59.8 61.3 61.6 62 62.1 61.8 62.5 63.4 64.1 65.5 66.9 66.1 64.6 62.6 61.2
214.2 215.5 215.8 216 215.4 214.1 213.2 212.5 212.5 211.7 211.3 210.4 210.1 210.8 211.4 211.7 212.4 211.4 211.1 209 206.9 204.4 198.2 198.5 198 194.8 187.9 193.9 192.2 184.5 175.4 179.4 177.5 170.9 163 158.2 155.6 152.4 148.2 143.9 139.4 135.5 130.5 122.8 116.7 111.3 107.9 106.3 102.6 99.8 96.5 92.8 89.4 86.7 85.4 81.7 78.8 77.9 76.3 74.3 71.5 69.3 66.9 64.3 58.8 56.3 58.1 58.5 59.9 60.8 61.7 61.5 62.2 63.3 66.6 68.5 65.9 64.2 62.7 61 58.8
217.2 218.3 218.4 217.8 217.1 215.8 214.4 213.7 213.6 213.4 212.4 212 212.6 213.5 213.4 213.5 212 210.4 208.3 204.7 202.6 198.9 194.8 190.7 191.5 189 186 185.9 188 183 172.4 171.8 174.9 171.5 165.2 159.1 155.1 151.7 149.2 144.9 140.5 135.6 128.6 125.9 123.4 119.9 117.8 114.8 108.8 105.1 99.5 97.1 94.3 90.5 87.3 84 79.5 78.3 76.3 73.6 70.5 68 65.5 63.2 59.1 54.3 56.2 56 56.3 59.2 60.3 60.7 62 63.2 66.1 65.4 63.8 62.5 61.4 59.7 56.7
219.5 219.1 218 217.1 215.5 214.2 213.2 212.5 211.9 211.4 211.1 211 211.5 212.1 212 211.6 210.4 208.7 207 202.9 198.8 194.1 192.9 188.9 186.4 183.6 180.4 177.2 179.3 179.8 171.2 167.3 171.1 169.4 166 159.7 154.3 151.2 149.4 146 141.6 135.8 134.9 133.7 131 126.9 123.1 119.1 115.4 109.8 104.9 103 100 95.6 92 88.4 81.7 79.3 76.8 73.8 70.7 67.1 64.2 62.6 58.9 55.3 55.4 52.8 54.1 55.5 59.2 61.3 62.4 62.8 63 63 62 61.7 60.2 58.3 54.4
219.6 218.4 217.2 216.1 215 214.1 213.7 212.7 213 212.1 212.4 211.7 211.7 213.5 210.9 210.2 208.5 206.8 205.4 202.7 200 200.2 199.7 195.6 196.8 195.3 191.7 185.9 178.5 173.9 172.3 164.7 167.1 167.1 165.2 159.6 154.4 150.9 149.2 146.9 142.3 142.5 140.8 137.5 133.4 129.5 126.9 122.3 119.4 115.5 110.6 105.6 102.5 99.1 94.3 90.2 85.1 80.5 77.2 74.3 70.9 66.8 64.3 62.4 59.2 56.6 55 53.3 52.5 56 58.3 62.5 61.5 61.2 61.1 61.1 60.5 59.9 56.3 52.7 51
220.1 218.2 217.9 217.3 216.8 215.7 216 216.4 217.2 217.4 217 215.9 216.3 216.1 214.6 212.6 210.7 209 207 205.3 203.4 202.9 202.5 201.9 199.4 197.4 195.2 190.4 187.3 178.1 168.7 165.4 162.5 161.7 162.8 159.4 154.7 150.8 149.2 147.2 146.1 146 142.5 137.7 132.9 129.3 127.3 124.1 119.8 117.3 112.7 107.5 102.2 98.6 95.1 90.9 86 80.7 77.7 74.7 71.1 66.9 64 62.8 60.7 57.3 55.1 53.6 53.7 55.2 62.5 61.8 60.8 59.7 59.4 59.1 57.5 54.9 51.9 51.2 50.7
220.8 220.5 220.8 221.4 221.7 222.2 221.4 221 219.9 218.2 216.6 216.1 216.4 215.8 215.3 213.4 212.1 210.8 208.9 207 204.9 203.6 202.2 200.7 199.5 197.1 194.3 190.6 187.4 178.2 178.9 173.8 166 158.5 163.3 160.8 156.6 151.6 148.9 147 146.4 144.7 140.8 136.1 129.7 126.8 125.3 123.1 117.3 117 112.7 107.2 102.4 98 95.3 91.5 85.6 80.6 77.4 74.7 71.1 67 63.9 63.6 62.5 57.7 55.6 53.7 53 53.8 63 60.7 59.3 58.3 57 55.4 53.9 51.4 50.8 50.7 49
225.2 225.3 225.2 225.9 224.4 223.6 222.6 220.8 219.7 217.9 216.2 215.1 215 214 212.8 211.5 210.2 209.5 208.5 206.5 205 204.1 202 199.2 199.4 196.1 193 190 185.6 179.2 181.6 175.5 168.1 158 161.9 161.7 158.2 153.4 148.9 145.9 144.2 142.1 138.2 133.8 128.7 125.1 123 121.2 116.8 114.7 112.4 107.6 102.6 98.4 92.4 88.6 84.8 79.5 77.1 74.6 71 66.8 62.9 62.8 62.5 59.6 56.6 52.5 52.5 52.7 58.7 58.3 57.4 56.4 53.8 51.9 50.1 49.6 47.7 46.1 44.8
229.3 230 228.9 227.6 226 224.4 223.2 221.4 219.5 217.6 215.9 214.1 213.6 212.3 210.5 209.5 207.7 206.2 204.9 204.8 203.8 201.7 198.7 196.8 195.8 194 190.9 187.7 183.6 181.2 178.2 176 169.2 161.4 158.1 161.2 159 155.2 150.6 147.1 144.2 139.7 135.5 132.1 128.4 123.9 120.4 118.6 116.1 111.8 109.6 108 103.2 99.7 97.2 90.4 82.3 78 75.5 73.6 71.1 66.9 62.5 62.7 63.2 61.7 59.2 52.4 52.2 55.4 56.5 56.6 55.5 53.9 51.1 47.9 43.4 42.8 42.4 42 41.4
231.5 230.3 228.2 226.4 223.2 222.1 222.1 221.8 219.1 216.8 215.1 213.4 212.4 210.4 207.1 203.8 200.6 199.9 198.9 197.6 197.3 195.3 192.7 189.9 189.8 186.6 182.4 179.8 179.2 176.4 172.2 171.9 167.9 161.8 151.8 155.6 158.4 156.7 153.4 148.3 145.5 143.4 138.4 134.2 131.1 127.3 124.3 120.9 117.8 112.3 107.4 106.4 107.3 106.9 103.3 90.2 81.5 76.7 73.4 71.6 69.8 67 63.6 64 64.4 63.7 61 55.7 51.2 52.8 54.6 53.7 51.7 47.2 45.1 44.6 43.9 47 51.7 51.9 50.1
227.8 226.6 225.2 224.4 223.2 219.6 219.1 218.6 215.7 211.3 209.4 208.8 206.8 204.8 202 202.6 203.8 201.9 199.8 197.6 190.9 188.1 188.1 183.6 181.3 178.5 175.6 174.7 170.6 171.8 167.5 168.5 165.5 160.8 155.6 148.3 149.1 155.5 155.8 150.8 149.4 148.5 145.9 139.6 134.7 131.2 128.3 125.6 122.6 119.8 116.9 105.4 104.7 108.8 104.4 95.2 85.6 79 73.8 71.9 69.6 67.7 64 64.5 64.7 63.2 61 57.5 55.1 49.6 51.7 47.1 45.3 44.3 52.1 55.6 54.6 55.3 55.1 54.3 53.7
226.2 225.9 225.6 224.9 222.5 219.7 215.6 213.8 210.5 211.2 210 208.9 208.5 208.1 207.5 207.3 206.8 203.8 203 199.5 196.9 196.9 196.6 195 191.8 188.5 186.5 183.8 176.9 173.1 171.5 172.9 168 161.2 156.8 151.4 143 148.3 152.6 152.8 146.2 147.7 145.4 141.2 136.9 133.8 130.4 128.4 125.3 123.9 120 112.8 101.6 103.5 103.6 93.7 85.2 78.4 73.9 71.5 69.9 68.6 65.9 63.4 63.1 60.7 58.3 55.1 51.3 45.8 45.3 50.9 60.6 59.5 58.4 57.3 56.2 58.2 57 56 55.7
226.6 226.2 224 221.6 219.6 217 213.8 212.5 214.9 217 216.9 215.1 212.8 211.7 211.4 210.8 209.6 208.1 207.3 205.6 201.8 201.5 201.6 199.8 196.8 194 191 187.8 184.9 178.5 171.6 166.6 164.9 166.7 163.3 158.3 151.4 137.1 142.3 146.7 147 144.9 143.3 139.1 136.7 134.2 130.9 128.2 124.7 122.2 118.5 112.9 106.2 96.2 95.7 89.3 81.2 76 73.4 72 71 69.4 66.9 62.4 59.6 57.2 52.9 46.5 44.8 58 70.1 70.1 70 68.6 66.6 66.9 65.2 64.1 61.8 59.5 57.8
226.2 225.1 222.2 219 216.5 215.3 216.2 217.9 216.8 217 215.5 215.4 215.1 216.1 214.8 214.4 213.3 214 214.4 214.9 211.9 209.7 207.8 205.1 201.6 199.9 197.1 193.7 190.3 185.7 180.7 170.9 165.3 166.5 167 164.7 159.9 148.4 132.4 144.4 146.2 144.7 142.5 139.1 136 133.3 130.8 127.9 124.5 121.4 118 113.6 108 97.3 91.2 84.2 78.7 75.1 74.3 73.5 71.4 69 64.5 60.5 56 52 45.5 57.4 75.4 74.5 72.9 73.2 73.9 75.2 72.9 70.3 68.5 67.5 67.4 64.9 63.1
225.2 225 221.8 220.8 221.1 224.2 225.5 224.4 223.2 221.9 221.3 221.6 221.8 221.6 221.2 222.4 225.4 225.6 226.3 226.8 225.3 222.4 216.7 213.2 210.2 207.7 205.6 202.9 199.3 194.5 191.6 183.2 173.3 171.8 168.3 162.2 157.9 151.9 140.1 142.3 147.3 141.4 138.9 137.1 135.1 132.5 129.9 127.3 125 121.6 118.1 115.2 107.8 95.7 86.4 81.5 77.8 75.4 74.6 74.1 70.8 64.4 59.7 54 46.2 47 69.6 77.9 76.5 77.5 77.3 76.3 76.9 79.3 77.3 75.2 73.3 71.3 69.9 68.7 67
223.3 224.2 224.5 225.3 229.1 229.4 230.1 229.3 228.8 232.4 231.9 230.1 232.5 231.9 233.5 232.4 234.2 234.6 234.3 233.1 231.5 227.7 223.7 220.9 219.5 216.9 214.4 211.7 206.7 199.3 194.7 188.8 182.2 172.7 174.5 170.5 160.3 154.4 144.6 133.1 144.5 141.1 136.8 135.2 133.5 131.6 128.9 126.3 124.2 122.1 119.1 117.4 108.1 92.8 84.7 79.7 77.2 75 74 72.3 66.2 58.2 52.5 46.7 56.8 76.9 78.8 79.6 81.8 82.6 84.2 83 82.3 82.4 82 80 77.9 75.9 73.4 72.6 69.7
223.3 224.9 226.6 228.2 230.5 232.3 234.7 235.7 235.8 234.9 235 235.3 235.1 235 234.4 235.4 236.8 235.8 235 233.9 231.5 229.9 225.9 224.8 224.2 219.2 214.1 209.1 204 199.1 195.8 191.9 182.6 170.3 167.6 165.7 158.9 153.1 147 135.4 129.3 136.9 136.1 132.7 129.8 128.9 128 125.3 123.1 121.1 119.8 117.7 106.3 90.1 81.5 78.7 76.5 74.2 71.4 65 57.5 50.4 46.8 60.4 78.5 80.9 82.7 84.9 88.3 89.5 89.8 89.7 88.7 87.6 86.4 84.4 82.4 80.4 78 75.2 75.1
224.6 225.6 226.9 230.9 236.6 239.1 240.4 240.3 241.5 240.8 239.7 238.3 237.4 237.4 237.5 236.5 234.1 232.3 231.4 228.8 226 224.3 221 220.6 220.7 213.6 208.7 204.1 198 193 188.4 183.9 178 168.7 160.2 156.6 153.7 149.3 146 139.9 125.4 126.8 133.4 130 128.2 126.8 125.3 123.8 122 120.3 119.2 116.3 101.7 87.3 80 77.6 75.7 73.8 68.6 59.9 49.1 47.2 67.1 76.1 80 84.2 87.5 91.5 94.4 96.9 96.4 95.3 93.9 92.9 90.8 88.8 86.8 84.8 83.9 81.5 80.8
231.7 235 236.2 239.5 240.6 242.5 243.3 243.9 243.2 242.2 240.9 240.4 239.7 238.6 237.5 236.4 234.5 232.4 230.5 228.5 225.3 222.1 218.6 214 213 209 203.3 197.5 192.8 187.2 182.4 178.8 173 165.4 157.5 152.5 149.2 147 145.1 140.4 130.5 117.5 126.7 131.1 128.4 125.8 124.2 120.4 120.6 119.5 118.3 107.6 96.2 84 79.7 77.8 76.2 74.2 62.1 53.4 47.1 61.9 75.2 78.6 83 86.9 100.2 105.8 104.5 102.6 101.4 100.7 99.4 97.9 95.3 93.1 91.2 90.3 89.5 88.2 86.8
237.7 239.3 240.7 242 243 244.3 245 244 243 242 240.9 239.7 238.4 237 235.9 234.8 233.1 230.6 228.8 226.7 223.5 220.2 215.9 212.8 208.6 203.9 200.6 192.1 182.8 179.6 175.9 171.7 166.3 161.4 158.8 154.8 150.1 145.9 145 141.1 133.8 115.6 122.9 131.4 131.7 126.7 122.8 119.9 115.7 115.4 107.9 97.5 88 82.3 79 79 77.8 74 54 47.3 50.7 74.2 76.4 80.9 87.6 100.8 105.5 106.2 105.8 105.9 106 105.8 105.5 103.4 99.8 97.6 96.8 96.1 96.1 95.7 94.4
240.3 241.7 243 243.4 244.3 245.6 244.2 243.2 242.2 240.6 238.7 238.3 237 235.7 234.1 233 231.4 229 225.8 224.3 221.7 218.6 215.6 212 208 204.3 199.9 194.9 190.8 186.8 183.1 177.6 173 167.2 161.8 156.1 150.5 146.8 144.6 141.6 136 118.9 119.6 127.2 130.1 126.9 126 124 114.8 108 101.1 94.4 88.3 85.8 84 82 78.3 69.4 54.1 46.3 65.5 76.4 78.3 82.6 94.2 101.7 105.8 107.3 107.3 110.6 114.1 114.2 110.9 103.8 101.2 101.5 101.2 101.4 100.1 98.3 97.3
241.8 243.2 243.7 244.2 244.4 244.3 243.5 242.3 240.3 238.4 236.7 236.4 235.7 234.3 233 231.3 229.6 228 227 224.1 221.1 218.3 214.7 211.1 207 202.3 197.7 192.9 189.4 185.9 181.4 176.4 172 166.7 161.2 155.5 150.7 147.4 143.4 141.9 140.8 128.6 108 122 128.4 125.6 124.4 121 113.2 104.6 96.7 94.2 92.7 89.1 86.3 81.6 73.1 57.5 47.1 58.3 73.4 77.5 81.5 86.3 94.8 100.7 104.2 105.2 112 114.9 111.9 107.2 103.4 101 101.5 101.4 100.2 97.8 97.2 96.2 94.1
242.9 244.1 244.3 244.1 243.6 243.1 242 240 238.1 236.1 234.6 234.4 233.8 233.2 231.6 230.3 229.5 230 228.4 225.5 222.1 218.4 214.3 209.4 204.7 200.1 195.6 191.2 186.8 182.4 178.2 174.1 169.1 163.7 158.1 153.6 150.5 146.4 142.3 138.8 137.8 129.5 111.6 114.4 125.1 124.1 121.2 116.3 109.9 103.2 95.5 90.3 89.3 86.3 81.2 75.5 62 55.3 47.3 66.9 75.7 80.4 85.1 90.3 95.3 98.9 101.1 108.1 111.9 109.8 104.9 100.7 98.8 99 99.6 97.2 95.7 93.8 92.8 91.9 90.4
243.3 244.1 243.2 242.7 241.9 240.6 239.3 237.8 235.9 233.9 232.5 232.3 232 231.1 230.5 229.1 226.6 228.1 226.8 224.1 221 217.5 212.2 207 202.3 197.8 192.6 187.1 183 178.9 174.6 169.5 164.5 159.3 154.4 151.6 149.7 145.9 141.2 135.4 131.8 123.2 109.5 106.5 119.2 120.3 118.1 114.3 108.2 100.9 92.5 85.2 82.6 79.7 76.7 67.9 56.6 47 57.9 73 79.3 84.6 88.6 92.1 94.9 97.6 101.3 106.3 105.8 103.3 100.6 97.1 96.3 96.2 95.2 92.8 91.3 89.8 88.4 88.2 88.5
242.6 243.3 241.7 240.4 239.1 237.9 236.6 235.3 233.6 231.7 230.5 230.2 230 229.3 228.7 227.7 226.7 226.4 223.9 221.4 217.8 213.1 209.7 204.5 199.7 194.4 189.1 183.3 178.6 174.4 169.8 164.9 159.8 155 151 148.9 147.5 146.4 142.1 137 131.3 122.7 113.1 99.2 109.1 116.2 114.4 111 104.8 98.8 91.4 86 82.2 75.9 65.2 55.9 48.8 49.8 69 78 83.3 87.6 89.7 91.8 92.6 95.4 99.4 99.8 99 96.4 93.8 93.3 93 92.9 91.7 89.3 87.6 87.4 87.9 89.1 90.6
241.1 240.4 239 237.7 236.4 235.1 233.8 232.5 231.3 229.4 228.4 228.2 228 227.6 222.5 225 218.7 217.3 220.9 217.8 213.6 209.3 205.9 201.8 196.4 191 185.3 179.5 173.8 169.3 164.6 159.8 155.4 151.2 148 146.7 146.6 146.2 142.8 138.4 132 126.3 123.2 100.5 100.2 111.4 110.6 106 101 96.3 92.4 88.5 84.2 72.5 56.2 49.4 47.7 57.9 70.6 81.6 86.3 88.6 89 89.5 89.9 92.2 94.9 93.9 93 91.6 90.7 90.7 90.3 90 90.7 90 91.7 92.8 95.1 93.8 95.9
238 237.2 236.3 235 233.7 232.4 231.1 229.8 228.5 227.2 226.3 226.1 225 223.7 222.4 221.8 222 216.4 214.3 214 209.6 205.5 202.4 197.3 191.9 186.6 180.8 175 169.3 164.1 159.4 155.1 151.3 148 145.9 145.8 145.6 145.5 143.5 139 132.2 126.4 122.9 109.4 93.8 105.8 105.6 101.7 97.5 94 91.6 84.9 76.2 56.5 47.6 47.7 62.6 71.5 73.9 81.4 86.5 87.6 87.2 86.9 86.5 88.8 90.5 90.4 90 88.2 87.3 89.2 91.8 94.3 96.1 97.4 98.5 98.5 99.9 101.9 101.3
