STL Generation/terr50_gagg_gb/data/NY90.asc
ncols 200
nrows 200
xllcorner 390000
yllcorner 500000
cellsize 50
[rows 35 to 69 of 200, columns 0 to 77 of 200]
451 450.5 450.2 450.1 449.4 448.6 447.7 447.1 446.6 446.1 446 444.9 444.2 440.4 445.6 447 446.8 446.4 446.3 445.5 444.7 443.8 443 442.4 442 441.5 440.8 440.2 439.5 438.7 437.9 437 436 432.6 429.1 430.2 432.3 432.8 432.3 431.6 431 430.1 429.2 428 426.5 426.2 427.4 428.5 429.6 430.3 430.8 431.5 430.8 432.2 433.2 432.5 431.3 430.5 430.1 430.1 430 429.8 429.5 430.6 431.2 430.6 431.2 433.3 433.7 433.7 433.3 433 433.4 433.7 434.9 435.5 436 436.1
453 453.1 452.7 452.2 451.4 450.5 450.5 449.9 449.6 449.5 447.5 444.9 442.1 444.5 447.1 448 447.9 447.5 446.7 446.2 445.9 445.5 444.8 444.2 443.3 442.7 441.4 440.1 439 438.3 437.6 436.8 435.1 430.7 435.2 435.1 434.9 434.2 434.1 433.3 432.4 431.7 430.6 429.4 428.2 428.8 429.7 430.4 431.6 432.1 432.7 433.5 433.8 434.3 435.3 435.2 434.9 433.9 434 433.7 433.6 433.2 432.9 432.6 432.9 432.8 433 434.6 435.9 435.9 435.9 436.1 436.5 437 437.7 438.4 438.8 439.6
454.4 455.2 454.8 454.3 453.8 454 453.6 452.8 452.6 451.2 448 443.3 445.9 447.3 448.2 448.7 448.8 448.5 447.6 447.5 447.8 448.4 447.9 446.4 444.2 442.7 441.8 440.1 438.9 437.5 435.7 434.2 431.4 436.6 436.6 436.5 436.5 436 435.5 435 434.3 433.4 432.6 431.8 431.1 431.6 432 432.1 433.3 433.9 435 436.1 435.7 436.8 437.8 438.4 438 437 437.3 436.9 436.5 436.3 436 435.6 435.3 434.6 434.7 436 436.8 437.2 436.9 437.1 438.1 439 439.7 440.5 441.1 442.2
456.6 457.2 457 457 457.4 457.6 456.7 455.6 454.6 449.6 444.7 448.4 448.6 448.6 449.5 449.5 449.6 449.4 450.1 450.3 450.1 449.6 448.3 446.8 444.8 443.1 441.8 440.7 438.8 437 433.5 432.3 436.7 438.3 438.3 438 437.7 437.3 437 436.8 436.4 435.5 434.6 434.7 434.3 434.6 434.6 434.5 436.4 437.7 438.6 439.1 438.9 439.2 440.3 440.1 439.8 439.6 440.2 439.8 439.4 439 438.9 438.7 437.9 436.8 436.9 437.4 437.8 438 438.7 439.7 441.1 442 442.4 442.9 443.9 444.5
459.2 460.3 460.7 460.7 460.7 459.8 458.7 456.2 451.9 446.8 450.6 451.3 451.1 451 452.2 453.3 454.1 453.3 452.2 451.7 451.3 450.6 449.1 447.2 446.1 444.2 443.3 441.6 438.8 435 438.3 437.2 439.2 439.8 440 439.7 439.5 437.7 438.9 438.3 437.7 438 437.2 437.2 437.3 437.4 438.1 439 440.4 441.2 441.7 441.6 440.8 440.7 441.5 441.9 440.8 441.7 442.4 442.8 442.3 441.8 441.5 441.1 439.9 439.1 439.1 439.3 440.1 441.2 442.7 443.9 445.3 445.8 446 446.5 447.2 448
462.3 463.3 463.6 463.2 462.4 460.3 454.1 451 451.2 453.6 454.3 454.2 454.8 456 456.7 456.9 457.1 456.4 454.3 453 452 450.7 449.8 448.9 447 445.7 443.9 439.7 437.4 438.6 439.8 440.6 441.6 441.7 441.7 441.5 441.3 440.1 440.4 439.4 439 439.6 440.2 440.4 441 441.7 442.4 443.5 444 444.3 444 441.9 442.6 442.2 442.5 442.8 443.2 443.7 444.5 445.1 445.2 444.8 444.3 443.8 442.2 441.8 441.9 442.3 443.1 445.2 446.9 448.1 449.2 449.7 449.7 450.2 450.5 450.6
465.7 465.7 465.7 464.2 462.3 452.5 458.2 458.9 457.4 458.3 458.9 459.3 459.7 460.3 460.2 459.7 458.9 457.7 456.2 454.7 453.6 452.6 451.6 450.4 448.3 445.6 440.2 440.7 440.9 441.6 441.8 443.1 443.5 443.7 443.7 443.1 442.5 441.9 442.3 441.9 441.6 442 444 445 445.3 445.5 445.9 446.3 446.5 446.3 444.8 445.1 444.5 443.8 444.2 444.7 444.8 445.4 447.1 448.5 448.8 448.4 447.8 446.6 445.4 444.9 445 445.3 446.5 448 449.2 451.3 452.8 453.1 453.3 453 452.1 450.1
467.5 466.7 464.2 456.7 453.4 461.2 462.3 462.4 462.7 463.4 464 463.6 462.7 462.1 461.4 460.6 459.9 458.2 457.4 456 455.1 454.1 452.9 450.9 446.1 442.6 442.2 443.9 444.7 444.4 443.3 445.2 445.3 445.5 445.6 444.8 444.4 444.1 444.2 444.1 445.1 445.8 446.4 448.1 448.2 447.8 448.4 448.8 448.7 448.4 447 447.6 446.8 445.8 446.4 446.6 447.5 447.9 449.7 451.3 452.2 451.5 450.5 449.4 448.3 448 448.4 448.5 449 449.8 451.2 456.1 459.5 458.5 454.7 452.8 449.9 447
468.8 466.6 461.9 460.6 463.4 464.7 466 466.8 467 466.9 466.2 465.3 464.5 463.5 461.9 461.3 460.9 459.9 458.7 457.3 456 454.6 451.8 449 450.4 448.8 443.4 447.7 448.8 448.5 446.8 447.6 447.5 447.5 447.1 447.2 447.3 447.2 448.1 447.8 448.7 449.4 449.2 451 450.5 450.3 450.8 451.3 450.9 450.3 449.8 450.4 450.1 449.6 449.9 450.4 451.5 452.9 454.2 455.1 455.5 454.2 453.1 451.9 451.2 451.7 451.7 451.9 451.7 451.6 453.5 456.1 458 456.8 455.5 452 446.9 444.3
467.4 463.1 456.1 463.7 468.3 469 469.6 469.6 469.2 468.5 467.6 466.8 465.3 463.7 462.8 462.2 461.4 460.2 458.4 456.7 454.1 452.1 453.5 453.7 453.2 450.8 449.7 451.1 451 450.8 449.7 449.5 449.4 449.5 449.7 450 450.2 449.7 450.8 451.3 451.3 451.7 452 453 452.7 452.9 454 454.6 454.7 453.7 453.8 453.9 454 454.6 454.8 456.5 458.3 460.1 459.5 460.2 458.9 457.5 456.7 455.3 455 454.7 454.3 453.9 453.6 453.6 452.7 453.5 455.8 456.5 455.7 450.9 444.3 442.8
469.6 467.9 457.4 466.9 470.8 471.1 471.3 471 470.7 469.9 468.8 467.3 465.9 464.5 463.8 462.6 461 459.8 457.4 455.9 457 457 457.1 456.6 455.9 448.2 452.9 453.2 453.2 452.9 452 452.9 453.3 453.3 453.2 453.3 453.5 453.1 453.8 453.3 453.3 454 454.4 454.8 455.5 456.7 457.9 458.2 458.6 457.7 457.9 458 458.9 461.4 463.4 465.9 466.2 466.4 465.9 465.2 464.4 463 462.1 461.2 457.6 457.1 456.1 455 454 453.5 452.2 452.8 454.7 455.7 453.6 447.6 443.6 442.6
470.1 462.2 460.7 470.3 471 471.5 472.1 471.8 471.2 470.1 469.5 468.2 466.8 465.5 464 462.7 460.6 458.3 459.1 459.5 460 460.2 459.5 457.5 451.6 448.6 456.2 455.8 455.4 455.1 454.9 456.3 456.8 457 456.8 456.8 456.7 456.3 456 455.4 454.9 456.2 456.3 457 459 460.9 461.9 462.5 462.3 461.7 461.7 462 466.2 470 470.9 470.7 471.4 472.2 472.9 472.5 471.4 467 465 462.8 459.5 457.2 455.8 454.3 453.2 451.9 449.9 451 453.2 453.4 450.3 444.6 443.2 442.3
466 460.2 467.6 469.2 470.4 471.3 472.2 471.9 471.4 471.1 470.3 469.1 467.1 464.8 462.7 463 461.4 462.3 462.7 462.7 461.9 460.6 458 455.6 450.8 459 460.2 459.7 459.2 457.5 457.9 459.5 460.1 460.6 460.4 459.8 460.4 460.5 460.3 459.7 459.1 458.5 459.2 460.2 462 464.2 465 466.2 466 465.7 465.8 467.4 469.7 471.7 471.8 470.9 471.2 471.8 472.3 472.3 470.2 467.3 464.2 462 459.8 457.2 455.1 453.4 451.1 450.4 448.7 447.8 451 449.9 444.3 442.8 441.9 441.7
464.2 466.5 466.5 470.6 472 472.5 473.1 473.2 473.1 472.1 471.3 468.3 465.9 465.2 465.9 465.9 465.6 465.6 465.3 464.1 463.3 461.6 462.2 462.2 452.5 463.4 463.4 463.1 462.6 461.1 461.2 462.6 463 463 463.5 464.8 466.7 467.4 467.3 466.2 464.7 464.2 462.9 463.9 465.1 467 469.5 469.5 469.4 469.8 469.7 471.2 471 470.8 470.9 469.5 469.3 470.1 470.2 469.5 468 465.1 463.3 461.2 459 457.1 455.5 453.6 447.7 446.4 445.6 444.8 446.8 444.9 441.4 440.3 439.8 439.7
469.5 469.2 467.2 472.3 473.8 474.3 474.8 475 474.2 472.9 470.6 469 469 469.5 469.4 469 468.3 467.3 466.2 465.2 465.7 466 465.8 464.9 456.3 466.4 466.7 466 465.5 464.7 464.5 465.3 465.8 465.9 467.3 470.8 474.6 475.2 474.4 473 471.4 469.4 467.4 468 471.5 474.6 475.6 475.2 475.4 474.4 474.1 474.3 474.6 474.4 473.6 471.4 465.3 467.8 467.9 466.7 465.4 463.6 461.7 459.7 458.1 456.6 455 453.4 450 446 437.4 433.1 438.3 439.1 438.2 437.4 436.7 436.9
471.9 471.2 472 474.8 475.6 476.2 476.2 475.4 473.5 472.7 470.3 472.6 472.6 472.9 471.8 470.4 469.3 468 467.3 468.3 468.9 468.7 468.2 456.7 468.3 469.4 470 469.2 467.9 467.5 467.4 467.6 468.6 469.6 471.6 477.4 481.4 483 482.3 480.5 477.7 475.1 473.3 474.3 477.4 480.6 481.7 481.4 481.1 479.7 479 479.4 478.6 477.2 475.5 472.6 468.5 461.5 465.8 464.5 462.2 460.3 457.4 456 454.8 454.4 453.6 451.3 447.8 444.7 441 434.8 426.9 428.4 434 433.4 431.9 432.5
475.2 475.5 476.3 477.5 478 477.7 476.9 476.4 475.6 474.6 471.9 475.4 474.8 474.3 473 471.7 470.6 470.5 471.6 472.2 472.2 472.2 471.9 460.6 472 472.7 471.9 471.5 470.8 470.3 470 471.1 472.3 474.9 478.1 482.8 486.7 489.1 490.5 487.5 484.5 481.1 479.7 481.5 486.2 489 489.8 489.1 487.5 485.2 483.4 482 479.4 476.6 474 471 467.2 460.5 457.5 458.5 457.6 453.6 451.2 449.3 450.9 450.3 449.2 447.6 444.2 439.7 436.6 433.3 427.4 422.4 425.4 426.8 426.7 425.8
479.6 475.4 477.8 479.8 479.2 478.9 478.4 478.1 477.5 475.9 474.7 475.9 475.7 475.4 474.6 473.7 474 474.3 475.3 475.7 475.4 474.7 469.7 461.4 474.4 474.5 474.4 474.1 473.9 473.6 473.9 475.1 477 479.7 482.5 487.3 491.4 494.7 495.3 492.6 489.8 486.9 487.8 490.3 494.3 496.4 494.8 492.1 489.6 487.4 484.6 482.5 480.2 476.2 471.8 467.5 464.9 461.7 457.8 453.8 448.5 445.8 441.7 439.9 441.7 441 443.5 440.2 438.1 437.4 434.9 433 430 426 419.1 417.9 422 419.5
480.4 482.4 481.7 481.4 480.8 480.3 479.9 479.7 479 476.5 476.6 476.7 476.9 477.4 478.4 477.5 478.8 479.1 479 478.7 478.6 477.1 469.9 465.8 476.7 477 477.3 477.5 477.7 477.8 479 482.1 484.6 487.1 488.7 492.1 495.7 498.6 499.7 497.3 495.1 494.1 495.8 496.6 497.5 497.7 495.5 492.6 489.9 488.1 484.8 482.1 480 477.2 472.9 471.2 468.6 466.9 464.5 461.7 454.6 448.5 445.8 440.1 437.1 433.4 433 434.9 431.2 431.9 430.8 428.7 426 423.2 420.9 418.1 416 416.5
484.5 484.2 483.8 483.3 482.7 483 482.6 481.1 480.1 478.1 478.6 479.7 482.1 484.1 483.5 482.6 483.2 483.5 482.7 482.4 482 477.6 479.4 468.3 480.4 480.7 480.6 481.2 481.9 482.8 487 490.3 492.4 493.7 495.5 497.5 500.3 501.9 503.5 502.9 501.5 501.3 501.5 501.1 500 498.6 496.2 493.3 490.5 488.5 485.7 483.8 481.5 478.9 475.5 472.1 468.4 466.2 465.7 463.9 460.4 456.7 453.5 448.3 442.2 441.7 437.7 435.9 431.9 422.9 420.7 421.9 422 418.1 419 418.9 416.4 411
486.6 487.5 487.7 488 488.9 487.8 485 482.8 480.4 479.7 484.3 487 489 490.5 488.9 487.7 489.9 488.7 486.1 485.3 484.3 481.2 483.5 472.2 484.3 484.5 484.8 485.9 487.9 488.3 493.4 498.3 498.7 499 500 500.9 502.4 504.3 506.6 506.6 505.8 505.6 505.1 504.1 501.8 499.7 496.9 494 491.6 489.2 487 483.9 482.2 479.3 476.2 472.2 467.9 464 463.7 462.9 459.8 455.9 451.9 447.6 444.1 441.3 439.2 436.1 433 430.3 424.2 418.1 413.8 412.7 409.8 409.7 408.9 413.8
490.5 492.2 494.8 496.5 494.4 490.5 486.5 484.5 485.3 486.1 494.5 496.9 496.3 493.2 489.5 495.3 494.4 492.9 491 489.2 486.1 486.9 472 477.8 487.8 488.7 489.1 492.5 495.8 498.5 500.9 504 503.9 504 504 504.8 506.1 508.2 508.3 509.8 509.7 509.6 508 506.3 503.6 500.3 496.9 494.1 491.4 489.9 487.9 485.6 482.9 479.4 475.5 471.4 468 465.8 461.7 460.7 458 454.6 451.4 448.4 445 441.6 438.6 432.7 428.1 424 418.2 415.3 419.1 421.9 416.8 410.9 407.6 405.2
496.5 499.6 502.4 500.6 497.3 493.2 490.1 491.5 497.2 489.1 499.6 501.9 493.8 495.6 500.1 500.9 499.5 498 495.4 491.8 490 487.5 476.7 486.4 491.5 493.6 497.3 502.7 506.1 506.7 504.1 507.7 508.6 508.7 509.1 509.9 512 512.8 513.3 514.1 514.3 512.9 510.4 507 504.4 501.8 499 496.9 494.8 492.6 490.6 488 483.8 478.8 474.2 470.3 468.8 466.3 463.1 461.4 458.1 453.7 450.5 447.3 443.3 440.2 433.5 426 421.2 418.4 420.7 425.6 426.2 422.6 419.2 416.3 414.8 411.5
502 507.5 505.7 502.8 500.2 499.1 500.2 503.5 506.4 491.7 500.8 503.3 499.1 507.5 508.2 507.7 506.2 503.1 499 493.4 490.8 478.6 486.5 492 496.7 502.9 507.5 508.8 509.7 510 509 510.5 512 513.5 514.2 515.6 517.5 518 518.4 518.9 518.2 515.3 512.2 511.3 509.5 507.4 504.1 501.2 499.8 495.8 492.8 488.8 483.2 477.9 474 470.8 468.2 465 462.7 460.7 457.2 452.5 448.4 442.4 434.6 428 424.1 426.1 431.2 431.6 432.5 426.6 428 426.2 423.4 419.2 417.9 416.6
507.5 509.4 508.1 507.7 507.3 508.8 510.4 510.2 500.9 502.8 505.7 511.1 511 513.7 514.4 513.6 510.6 507.1 501.5 493.4 479.4 485 491.7 499.1 505.8 510.5 512.2 512.7 512.8 512.8 512.4 514.4 517.1 522 523.4 523.8 524.6 524 524.4 522.8 520.2 518.4 517.4 516.2 514.5 512.6 509.5 506.1 503.5 498.9 493.5 488.9 483.4 478 475 472.3 469.2 465.3 462.5 457.8 455.2 451.1 444.5 433.5 429.4 431.2 433.8 437.8 437.4 437.3 435.2 429.4 431.1 427.5 423.9 421.1 420 418.9
511.5 512.6 513.4 514.9 515.6 515.3 516 507.9 510.6 514.6 515.9 516.7 516.9 518.3 518.5 517.3 514.3 508.3 497.8 489 482.6 491.8 498.5 507.4 513.2 515.1 516.4 517.1 517.1 516.7 517 518.9 524.6 531.9 533.6 531.7 529.8 528.9 528.2 526.3 524.3 523.4 522.4 521.1 519.1 515.8 512.9 508.6 503.7 498.3 492.9 488.3 483.2 478.7 475.9 473.1 469.6 465.7 462.5 458 442.6 437.5 436.5 436.1 439.3 441.9 442.4 443.1 443 441.4 438.4 432.9 433.2 428.7 424.8 422.9 421.9 421.1
517 520.6 521.4 522 520.6 520.4 511.4 518.4 519.4 519.2 521.3 521.7 520.5 521.8 522.3 520.8 514.7 504.9 492.2 488.2 488.6 500.2 509.3 515.1 517 518.4 521.8 522.6 521.7 522.2 523.5 529.8 537 543.5 541.4 537.6 535.7 533.5 532.3 530.8 529.3 528.4 526.5 524.9 522 518 513.3 508.1 502.8 497.5 492.5 487.4 482.8 479.6 476.2 472.9 469.4 465.9 461.8 451.5 440.8 448.5 451.2 449.5 448.3 445 444.3 446.7 447.3 444.7 435.2 438 434.7 430.5 427 425 424.1 423.7
527.6 528.8 527.6 526.5 525.2 523.1 515.9 523.3 524.6 525.2 525.4 524.9 524.2 525.2 524.3 519.3 511.4 496.8 489.1 500.7 504.8 496.1 515 519.1 520.4 527.6 538.7 538.4 537.1 537.4 537.9 543.9 549.5 548.4 546.6 544.1 541.6 539.8 537.8 535.9 534.3 531.1 528 526.4 522.8 517.5 512.4 506.8 501.6 496.7 491.6 486.8 482.8 478.8 475.5 472.1 468.4 463 448.8 443.9 454.6 459.2 458.5 456.6 452.4 448.7 448.6 451.3 451.4 449.4 439.3 437.2 436.5 432.2 429.8 428.1 427.4 426.7
534.1 533.5 532.8 530.2 527.2 526 518.2 527.4 528.5 525.9 527.4 527.8 527.7 527 522.7 517.7 504.9 507.9 502 510.7 515 508.9 510.2 522.9 529.9 541.4 551.4 554.4 554.9 553.2 553.4 555.7 554.6 553.4 551.6 549.2 548.4 547.5 545 542 537.9 533.7 529.9 526.3 521.5 516.5 510.8 505.2 500.5 495.6 491 486.3 482.3 476.9 469.8 466.9 463.1 453.2 449.6 459.7 462.6 464.3 463.1 460.6 456.6 454.6 454.9 455.9 455.6 454.1 448.9 438.1 436.8 434.8 432.7 431.4 430.5 429
538.1 537.2 534.7 532.2 530 528.5 523.7 529 528.6 528 529.6 530 529.5 526.2 522.4 513.4 510.9 512.9 507.9 516.2 519.7 521.9 514.5 523.7 538.1 546.4 552.1 557.6 560 561.5 562.9 561.1 559.6 558 556 554.8 556.1 555.2 551.2 546 540.6 536.3 531.2 525.1 519.3 514.3 508.9 503.9 499.4 494.8 490.2 485.6 481.4 472.8 469.8 467.3 456.9 451 464.2 466 467.9 466.8 466 463.7 461.1 459.9 460.1 460.9 459.9 457.6 452.6 447.3 442.6 439.4 438.3 435.7 432.7 430.9
539.8 538.8 536.6 534.4 531.7 530.2 526.4 529 529.2 530 531.6 531.6 530 526.8 523.7 512 520.2 513.1 517.3 518.7 522.5 525.4 530.4 536.2 542 549.8 552.8 558.9 563.9 566.9 566.5 565.8 564.8 562.9 561.2 560.5 560.5 557.4 552.6 547.4 542.7 537.5 531.2 525 519 512.8 507.5 502.7 498.5 493.9 489.5 484.9 478.6 475.1 471.6 466.6 450.9 459.8 468.3 469.7 469.6 469.2 469 467.4 466 465.3 466.3 466.3 464.7 462 457.3 452.3 449 446.2 441.1 439.6 435 431.7
542 541.7 539.5 537.7 534.1 531.8 528.1 529.1 529.5 531 532.9 532.4 530.5 528.2 521.3 513.9 522.6 513.4 519.4 521.4 526.1 531.3 537.2 546.1 549.1 551.4 554.1 559.9 566.9 570.3 569.5 568.8 567.2 565.3 564 563.3 559.7 556.2 552.2 547.7 542.6 538.2 531.7 524 517.7 512.1 507.1 503 498.6 493.8 488.9 483.8 478.2 474.7 471.1 455.9 461.9 470.1 472.4 472.9 471.5 471.3 471.5 471.8 471.8 472.1 472.4 471.6 469.5 465.8 461.6 455.3 453.5 451.3 446.3 439.7 437.3 434.3
543.7 544.4 542.9 541 537.2 533.6 529.2 529.9 530.5 531.8 533.5 532.9 531.1 525.5 518.6 526.4 524.6 517 523 527.4 532.7 540.8 548.8 552.6 551.9 553.4 555.3 563.9 568.6 570.6 570.2 569.3 566.8 564.5 564.3 562.1 558.1 554.7 552.1 548.5 543.3 537.8 530.8 523.3 517.3 511.2 507.3 501.9 497.9 492.3 487 482.8 479.1 474.1 458.2 461.9 473.1 476.1 476.8 476.9 477 477 476.8 477.6 478 478.4 477.7 476.8 473.3 469.9 463.9 460.1 457.1 453.5 448.1 441.4 440 438.9
544.9 547.2 547.3 545.3 541.6 535.2 530.3 531.1 531.7 532.8 534.1 533.3 526.2 524.3 528.9 529.2 526.7 524.4 528.7 534.1 542.5 550.5 554.2 555 553.4 553.9 557.8 563.9 567 568.4 569 568.6 567.6 565.9 564.1 562.1 559.6 556.2 552.9 548.5 542.3 536.5 529.8 522.8 516.8 511.2 507.5 501.8 496.7 491.4 486.9 482.7 477.2 462.7 462.8 473 480.9 482 481.9 482.2 483.5 483.4 483.8 484.6 484.2 483.7 482.9 481 478 474.1 468.1 464.4 460.7 456 451.2 442.7 440.6 439.4
546.4 548.6 548.8 547.3 543.4 535.5 531.6 531.5 532.5 534 534.8 532.2 520.6 531.9 532.6 531.8 529.2 529.5 534.7 538.6 547.2 552.5 554.8 556.1 555.3 557.1 558.7 561.9 565.1 567.8 568.5 567.9 567.5 566.3 564.9 562.9 559.9 556.7 552.3 547.6 541.4 535 528.1 522 516.1 511.9 507.2 500.9 495.5 491.1 486.5 480.3 463.5 465.9 479.5 485.8 487.4 487.3 487.6 487.8 489 490.6 491.5 490.9 490.1 489.1 487.8 485.1 481.5 476.8 470.9 467.4 463.1 459.2 455.1 451.4 447.3 443.7
