STL Generation/terr50_gagg_gb/data/NZ60.asc
ncols 200
nrows 200
xllcorner 460000
yllcorner 500000
cellsize 50
[rows 140 to 174 of 200, columns 0 to 77 of 200]
200.6 204.4 214.3 225.8 235.5 245.8 257.7 272.1 291 309.3 326.6 349 375.3 389.5 400.7 412.8 422.1 425.6 424.7 423 420.7 418.2 415.7 413.6 411.4 409.2 406.4 403.1 401.1 400.1 399.1 398.8 398.5 397.5 396.4 395.2 394.3 392.8 391.2 390.1 389.1 388.6 387.5 386.3 385.1 385.2 386.6 389.2 393.2 397.1 400.7 403.4 405.9 408.6 411.7 415.5 418.6 421.4 423.7 425.2 426.4 427.8 430.7 432 432.8 432.1 430 429.1 428.1 426.7 422.2 415.5 410.9 407.6 404.4 400.2 395.3 390.6
202.8 206.7 213.1 223.4 232.4 243.7 258.7 274.4 290.4 307.8 324.5 339.8 371.9 384.3 398.7 412.2 420.8 425.2 425.2 423.9 421.7 419.4 417.1 414.9 412.7 410.5 408.5 407 405.5 404.1 402.7 402.8 402.9 402.2 401.1 399.9 398.8 397.2 395.6 394.1 392.9 392.6 392.1 390.4 389.3 389 390.4 393.3 396.1 398.8 402.8 406.6 409.3 412 415.1 419.1 422.2 425.1 427.1 428.3 429.2 430.5 432.2 433.1 433.9 433.6 431.5 429.9 428.3 426.4 422.4 415.8 410.7 407.3 404.4 399.8 395 390.6
205.6 208 213.4 222 231.4 242.8 255.7 272.1 289.4 304.3 323.1 340 368.5 382.5 397.9 410.5 419.6 424.6 426.2 425.6 423.6 421.3 418.7 416.4 414.1 411.9 410.3 409.5 409 407 406.3 406.3 406.3 405.9 405.2 404.2 402.9 401.5 400.1 398.5 397.1 396.5 396.6 395.4 394.1 394.4 395.5 396.6 400 402 404.8 409.1 412.4 415.4 419.5 422.8 425.9 428.7 430.6 431.5 432.1 432.7 433.4 434.1 434.4 434.3 433 429.9 428 426.2 423.7 416 411.1 407.3 404.6 400.7 395.1 390.2
207.8 210.1 214.2 222 232.3 244.1 255.8 269.6 285.6 301.7 320.4 340 361.1 378.4 395.8 408.7 418.4 424.2 427.1 427.5 426.1 424.1 421.6 418.9 416.7 414.8 413.2 412.7 411.9 410.1 410 409.9 409.9 409.3 408.6 407.9 406.8 405.4 403.9 402.3 401.6 400.5 400.9 400.7 400.2 400.1 400.4 400.7 402.9 405.3 408.7 411.8 415.6 419.4 422.5 425.7 428.8 430.4 431.7 432.3 432.9 433.6 433.9 434.1 434.2 434 432.6 430 427.9 426 424.2 416.4 411 407.5 404.8 400.7 396.1 390.4
210.5 212.1 217.2 223.1 231.9 243.6 255.5 268.3 284.4 300.2 316.1 334.6 358.6 375.3 391.4 405.7 418 424.1 427.8 429 427.8 426.2 424.6 422.2 420 417.9 416.2 415.4 413.9 412.9 413.2 413.4 413.4 413 412.1 411.3 410.3 408.9 407.3 406.1 405.4 404.8 405.2 405.4 406 405.7 404.3 404.3 405 407.8 411.1 414.9 418.6 421 424.6 428 429.8 431 432.4 433.2 433.7 434 433.8 434 433.8 433.1 431.7 429.8 427.6 425.2 423.5 415.8 410.8 407.7 404.9 401.1 396.4 391.1
212.7 214.8 218.7 224.1 228.4 242.3 252.9 266 279.7 296.8 310 329.6 356 373.2 388.4 404 417.6 423.7 427.9 429.6 429.1 428.3 427 425 423 421 419 417.5 415.9 415.6 415.9 416.2 416.5 416.7 416 415.2 414 412.6 411 410.1 409.4 408.8 409.3 410.5 410.5 409.7 409 408.4 408.2 410.7 413.8 417 419.6 421.8 426 428 429.9 431.4 432.9 433.7 434 433.9 433.7 433.5 432.9 432.2 430.9 428.8 426.6 424.3 420.8 415.4 410.6 407.8 404.7 401.6 396.7 391.3
215.4 215.2 218.7 225.5 233.4 240.4 247 260.5 275.4 290.6 304.3 322.1 349.9 373.4 388.5 403 414.9 422.5 426.6 429.2 430.5 430.2 429.2 427 424.9 423.2 421.5 420 418.8 418.5 418.9 419.2 419.5 418.8 419.3 418.2 417.1 416.1 415 413.9 412.7 412.4 412.8 413.2 413 412.5 412.1 411.8 411.3 413.1 416.1 417.9 419.9 422.6 425.6 427.4 429.2 430.7 432.1 433.2 433.5 433.3 433 432.4 431.7 431 429.4 426.7 424.4 422.3 420.2 414.6 410.6 407.2 403.9 400.6 395.9 391.4
220.6 220.2 220.1 227.5 236.2 245.2 254.1 257.5 269.8 286.2 296.7 312.3 334.9 372.1 387.4 401.9 413.9 420.4 425.2 428.3 431.1 431.8 430.9 429 427.4 425.7 424.1 422.5 422.1 421.7 422.1 422.4 421.7 421 420.9 420 419.1 418.2 417.2 416.3 415.4 415 414.6 414.5 414.4 414.4 414.2 413.7 413.4 415.1 417 418.2 419.3 422.3 424.6 426 427.3 429.1 430.4 431.3 432.1 432.3 431.8 431.2 429.6 427.7 427.1 424.2 422 420.6 418.6 414.5 410.6 407 403.7 400.5 396.4 392.2
228.3 227.5 227 225 237.6 247.6 257.4 266.2 272.6 281.6 292.9 308.6 327.8 368.6 385.9 401.9 414.7 419.8 423.9 427.4 430.4 432.1 431.4 430.4 429 427.4 425.8 425 424.1 423.9 424.1 424.4 423.7 423.1 422.1 420.9 419.8 419 418.2 417.4 416.7 416.1 415.8 415.6 415.5 415.5 415.5 415.3 415.5 416.2 417.2 418.4 419.2 420.9 422.2 423.7 425.2 426.9 428.2 428.9 430.3 430.6 430.1 428.8 426.7 424.1 422.7 421.5 420.2 418.8 418 414.4 410.5 406.9 403.7 400.1 396.5 392.9
238.6 236.4 234.3 234 236.4 248 259.2 270.3 280.4 288.4 300.5 311.5 327.5 361.7 382.9 401 412.4 417.3 422.4 426.5 429.2 430.9 431.3 430.3 429.3 428.3 426.8 426.5 426 426 425.6 425.2 424.5 423.3 422.2 421.2 420.2 419.1 418.1 417.2 416.3 415.9 415.9 415.8 415.7 415.9 416 416 416.4 417 417.5 418.4 418.4 418.7 419.2 419.9 420.9 423 424.5 425.6 426.7 427.3 426.2 423.8 422.6 420.9 420.3 419.4 418.6 417.7 417.4 414.3 410.3 407 403.8 400.5 396.7 393.1
247.4 244 242.3 241.9 243.6 246.6 258.7 271 283.3 294 304.6 313.3 330.5 344.8 365.9 400.2 410.9 415.6 420.4 425.2 428 429.3 430.4 430.4 429.4 428.3 427.5 427.1 426.7 426.3 425.9 425.4 424.4 423.2 422 420.8 419.7 418.6 417.7 416.7 415.8 415.5 415.3 415.2 415.7 416.1 416.2 416.2 416.4 417 417.5 417.8 417.6 417.3 416.8 416.9 416.5 417.5 418.7 420 420.5 421.2 420.5 419.9 419.3 418.1 417.3 417.6 416.7 416.4 415.9 414 410.2 407.2 404.5 401.7 398.1 394.5
256 251.9 249.6 248.8 250 252.7 257.7 267.4 287.3 299.4 308.3 317 335.9 346.8 372.6 400.1 409.4 415 419.5 424.1 426.4 427.6 428.7 429.2 429.2 428.3 427.6 427.2 426.8 426.4 425.9 425.3 424.2 423 421.7 420.4 419.2 418.1 417.2 416 414.9 414.4 414.2 414.2 414.9 415.6 416 416.1 416.1 416.4 417 416.9 416.8 416.5 415.5 414.5 414 413.6 413.7 414.6 414.6 414.7 415.3 415.4 414.2 413.7 413.5 413.8 414.1 414.4 413.9 412.4 410.6 408 405.3 402.4 399.9 397
264 258.4 256.4 255.6 256.3 258.8 264.5 275.5 291.5 314.8 320.5 327.4 333.6 346.9 384.2 400.2 408.5 414.6 419.5 423.4 425 426.2 427.5 427.9 428 427.7 427.1 426.7 426.3 425.8 425.2 424.6 424 422.7 421.4 420 418.6 417.2 416.2 415.2 414 413.4 413.1 413.4 414 414.3 414.6 415.1 415.6 416 416.2 416 415.9 415.2 413.5 412.3 411.8 410.4 409.7 409 409 409.2 409.4 409.6 409.9 409.9 410 410.3 410.6 411.5 412.2 411.7 411 408.9 406.4 404.4 402 399.5
273.2 267.2 264.8 263.1 264.3 268.1 276.9 295.5 310.9 328.9 336.8 341.8 341.3 355 378.9 399.8 408.5 415.3 419.5 423.4 424.1 425.3 426.4 426.6 426.7 426.7 426.3 425.8 425.4 424.9 424.3 423.7 423.2 421.9 420.5 419.2 417.8 416.3 414.9 413.8 412.8 412.1 411.7 412 412.6 412.9 413.1 413.6 414.1 414.4 414.5 414.8 414.7 413.6 411.6 410.1 409.1 407.7 406.2 405.4 405.3 405.3 405.1 405.7 405.9 406 406.4 406.6 407.3 408.5 409.6 410 410.1 409.6 408.1 406.1 404.1 401.8
285.3 277 274.8 274 275.2 279.6 298 319 323.2 338 349 357.6 366.4 365.1 377 398.5 409.2 415.3 419.4 423.1 423.8 424.5 425.1 425.2 425.4 425.3 425.2 425 424.5 424 423.5 423 422.3 421 419.7 418.3 416.9 415.4 413.9 411.9 410.9 410.1 409.8 409.6 410.4 411.2 411.7 412.1 412.4 412.6 412.6 412.8 412.5 411.9 409.9 407.9 406.3 404.9 403.5 402 401.5 401.2 401.4 401.7 401.7 401.8 402.7 403.1 404.3 405.4 406.5 408.2 409.4 409 409.3 407.3 405.6 403.2
301.3 289.3 287.3 288.1 289.9 290.4 308.9 332.2 341.7 340.7 358 367.5 375.1 383.1 392.5 400.9 410.1 415.5 419.7 422.9 423.6 423.8 423.5 423.6 423.8 423.7 423.6 423.5 423.4 423.3 422.8 422.2 421.5 420.1 418.8 417.4 415.9 414.2 412.6 410.4 408.3 407.4 406.9 406.9 406.9 407.9 409.1 410.4 410.7 410.6 410.7 410.4 410 409.6 408.1 406.1 404.1 402.5 401 398.8 398 397.6 397.4 397.5 397.6 397.7 399 400.1 401.2 402.4 403.6 405.8 408 408.3 409.4 408.7 407 404.5
320.7 312.6 309.4 307.3 305.2 309.6 326.2 347.3 350 358.9 365.3 373.8 383 389.4 395.6 403.6 410.7 415.7 419.9 422.5 422.9 422.4 422.2 422 421.9 421.9 421.8 421.7 421.6 421.6 421.6 421.2 420.5 419.4 418.1 416.9 415.2 413 411.3 408.8 406.1 404.4 403.7 404.1 404 404.8 406 407.3 408.8 408.7 408.4 408 407.6 407.2 406 404.2 402.2 400.1 397.8 395.8 393.8 393 393 393.3 393.5 393.5 396.1 397.3 398.6 399.8 401.2 403.3 405.7 407.9 408.9 409.3 408.4 407.1
335.4 326.1 322.7 326 319.9 336.4 350.8 355.9 359.9 367 373.6 378.4 384.5 393.6 399.4 404.8 411.1 416 419.4 421.6 421.7 421.1 420.9 420.7 420.5 420.6 420.4 420.3 420.1 420.1 420 419.9 419.5 418.8 417.5 416.5 415.2 413 410.9 408.4 405.2 401.3 399.9 401.6 401.4 402 402.8 404.2 405.7 405.9 405.5 405.2 404.9 404.6 404 402 400 397.3 394.4 391.5 389.6 388.6 388.7 388.9 389.6 390.1 392.5 394.2 395.7 398.1 399.8 401.8 404.2 406.5 408.2 408.9 409.2 409.3
363.9 354.6 338 340.6 347 363.3 366.5 364.9 368.1 375.3 381.8 387 392 396.6 401.1 406.4 411.5 415 418.5 419.8 420.4 419.8 419.6 419.5 419.6 419.7 419.8 419.7 419.5 419.2 419.1 418.9 418.5 418.2 416.9 416 415.1 412.9 411.2 408.6 405.4 402.2 398 397.7 398.3 398.7 399.7 400.9 402.2 402.4 401.9 401.9 401.6 402 402.1 400 398.1 395.7 392.7 389.1 385.8 383.3 383.7 383.8 384.6 386.2 388.4 390.2 392.1 395.2 398.5 400.3 402.7 404.9 406.8 408 408.7 409.3
397.5 382.3 377.1 365.3 376.8 377.1 377.9 374.5 378.4 385 389.2 394.7 398.3 400.8 404.5 407.9 412.4 414.8 417.3 417.9 418.1 418.4 418.5 418.6 418.7 418.8 418.9 419 418.8 418.5 418.2 417.9 417.6 417.2 416.5 415.6 414.7 413.1 411.5 408.3 405 401.2 398 391.8 395.1 396.1 397.1 397.9 399 399 398.2 398.5 399.3 399.8 399.9 398.7 397.2 394.1 390.5 386.8 381.8 376.4 376.8 378.9 380.6 382.5 384.3 386.9 389.9 393.1 395.9 398.9 401.2 403.1 404.9 406.4 407.6 408.2
411.3 398.8 401 393.3 389.1 388.6 389.1 385.9 387.9 392.2 395.7 401.5 404.3 406.1 407.9 410.5 413.3 413.2 416.7 416.9 416.7 416.5 417.4 417.8 417.9 418 418.1 418.2 418 417.7 417.3 416.5 416 415.5 415.3 414.5 413.8 413.1 411.4 408.2 404.6 400.2 396.4 392.7 389.6 393.3 394.8 395.5 395.9 395.8 395.4 395.5 396.5 397.7 398.8 396.9 394.5 391.8 388.2 384.8 380 372.7 370.5 372.9 375.4 378 381.7 384.6 387.9 391.1 394.3 397.5 399 400.9 402.6 404.7 405.9 406.5
425.4 421.8 417.3 411 404.3 402.3 399.6 398.6 399.9 400.5 403 408.1 409.6 411 411.9 412.9 415.5 415.3 415.2 414.9 414.6 414.7 415.6 416.5 416.9 417.2 417.3 417.4 417.3 416.7 416 415.1 414.3 414.1 413.9 413.2 413.7 412.8 411.3 408.2 404.3 399.8 395.7 391.4 384.5 389.5 391.7 391.4 392.3 392.8 392.6 393.1 393.8 395.2 396.8 395.4 392.6 389.7 387.2 383.8 379.3 372.9 360.6 366.9 370.8 374.8 379.2 382.5 385.8 389.4 392.6 395 396.8 398.2 399.8 401.8 403.3 403.4
434.3 433.7 432.4 427.8 422.5 415.4 412.7 410.2 409.3 409 408.9 413.1 414.6 415.9 415.5 415.1 416.2 415.4 411.6 412.9 412.6 412.9 413.8 414.7 415.6 416 416.3 416.6 416.4 415.6 414.7 413.7 412.7 412.7 412.6 412.7 413.4 412.5 411.1 408.2 404 399.4 394.9 390.5 383.4 383.1 390.1 387.9 387.7 388.1 389.1 390.5 392 392.6 394.1 394.2 391.5 388.8 386.2 382.4 377.4 370.5 361.8 359 366 371.6 377 380.3 383.9 387.3 390.1 392.1 393.4 394.6 395.9 397.8 398.8 399.9
437.6 437 436.3 434.1 431 427.6 425.2 421.4 419.2 417.3 416.8 417.9 419.6 419.5 418.4 417.8 416.5 415.1 412.9 411 410.4 410.7 411.9 413 413.9 414.8 415.1 415.4 415.3 414.6 413.6 412.5 410.9 411.2 411.7 412.7 413.1 412.4 411 408.3 404.7 400.1 395.9 391.3 384.2 382.6 381.3 382.7 383.2 383.4 384.5 387.5 390.2 391 391.8 392.6 389.7 387 384.1 380.5 374 368.5 360.8 347.2 362.4 368.7 374.1 378.3 380.9 384.4 387.1 388.5 389.7 391 392.3 393.6 395.2 397.1
440.7 439.9 439.1 438.7 436.2 434.5 434.1 433.1 429.2 424.9 423.6 423 423.9 422 420.6 419.3 416.8 414.4 412.4 409.7 407.2 407.4 409.4 410.6 411.7 412.8 413.9 414.5 414 413.5 412.1 410.6 409.1 409.1 410.9 412 412 412 411 408.6 405.3 401.3 397.4 393.2 391.2 382 372.3 376.2 377.2 377.7 379.9 383.5 386.8 389.9 390.7 390.8 388.3 385 382.1 377.5 370.8 366.1 358.3 339.1 356.6 366.1 372.4 375.5 377.8 381.2 383.2 384.8 386.1 387.4 388.6 390 392.2 394.2
442.7 442.2 441.8 441.8 441.1 440.4 440.2 439.6 436.4 432.7 430.4 429 427.6 424.9 422.6 419.5 416.2 412.3 410.5 408.3 405.6 406.2 406.4 408.1 409.2 410.3 411.8 412.7 412.7 411.5 410.6 408.5 407.2 407.3 409.4 410.7 410.9 411.2 410.9 409 405.8 402 398 394.5 391 385 378.8 366.1 370.3 373.4 376.6 380.2 383.8 387.3 385.7 386.8 385.2 384 379.7 373.2 367.2 362.4 354.4 336.2 351.6 362.9 368.9 372.7 375.1 378 379.5 381 382.3 383.4 384.5 386.7 388.9 390.9
443.8 443.2 443.1 443.7 443.9 443.6 443.5 442.3 440.6 438.2 435.1 433.1 430.2 426.9 423.1 419 415.5 411.5 408.9 406.1 402.8 400.9 402.7 405.1 406.6 407.6 408.8 410.2 410.6 409.5 409 407.4 405.2 404.8 407.1 409.1 409.8 410.5 410.3 408.5 405.5 402.2 398.4 395.3 392.1 387.5 381 373.8 359 369.6 373.2 376.3 379.7 382.2 386.4 387 386.1 381.7 376.3 371.1 364.6 359.1 350.2 330.4 344.4 356.9 364.4 368.4 371.9 375.1 375.5 376.8 378.2 379.4 380.8 383.4 385.8 387.6
443.7 442.4 442.9 443.6 444 444.5 444.9 443.7 442.2 440.6 438.1 435 431.8 428.2 424.1 419.7 415.3 411.4 406.3 402.6 399.3 397.9 398.7 401 402.9 404 405.1 405.6 407.3 407.5 407 406.2 403.6 402.5 404.1 406.2 408.3 409.2 409.4 407.8 404.9 401.4 397.4 394.7 392 387.6 381.6 375.5 364 364.2 368.8 371.7 375.1 377.6 382 384.6 384 380.3 375 369.8 363.1 355.3 346.9 326.2 338 348.3 358.6 362.3 366.7 370.5 371.7 372.4 373.8 375.3 377.5 380 382.5 384.9
442.3 441.5 441.9 442.3 442.8 443.3 443.8 443.8 442.6 441.1 439.2 436.6 433.2 429.6 425.4 420.5 415.8 412.4 407.5 401.8 397.7 394.9 394.6 396.7 398.9 400.1 400.8 401.4 402.5 402.2 405.8 404.5 402 400.3 400.8 402.8 405.4 408.2 408.4 406.8 403.8 400.2 396.7 393.9 391 387.4 381.7 375.9 367.1 351.5 363.8 367.4 371.6 374.9 378.6 380.6 379.2 377.5 373.8 368.8 361.9 352.9 344 332 329.7 338.8 348.7 355.3 361.1 365.6 366.7 366.9 368.3 370.6 373.8 376.4 379.3 382.1
441.3 440.7 440 440.8 441.5 441.9 442.1 442.4 442.5 441.3 439.3 437.2 434.1 430 425.1 420.6 415.4 411.8 406.9 401.3 396 393.3 391.4 392.1 394.3 396.1 396.7 397.3 397.9 399.3 400.6 401.9 400.8 397.9 396.9 399.8 403.2 407 407.8 406 402.5 399 396 393.1 389.9 386.3 380.7 375.7 369.5 355.7 352.1 362.5 366.5 372.5 376.2 377.7 376.8 375.3 372.1 367.1 358.6 351.2 341.7 329.2 315.3 330.1 339.7 346.1 352.6 356.7 359.7 360.2 361.9 366.3 369.7 373.1 376.1 379.1
440.5 440 439.3 439.2 439.9 440.1 440.3 441 441.3 441.2 440 437.4 434 429.5 424.5 419.6 414 408.9 404.8 400.8 395.5 390.6 387.9 387.4 389.6 391.8 392.9 393.5 394.2 394.8 396.8 399 400.8 395.9 393.8 397 401 405.5 406.9 404.8 401.4 398.3 395.3 392.3 389.3 384.8 379.4 375.1 368.7 357.9 341.4 356.2 362.4 368.9 373.4 375.1 374.5 373 370 364.7 357.4 348 339.5 330.9 302.7 320.6 331.7 337 341.4 345.4 349.9 352.6 356.6 362.5 365.8 369.2 372.8 376.1
438.8 438.1 437.3 437.5 437.4 438.3 438.7 439.5 440.1 440.2 439.7 437.4 434 430.1 425.3 419.7 414.3 408.6 404.1 399.5 395 390.6 386.2 383.3 384.9 387.1 389.1 389.7 390.3 390.9 392 394.9 395.5 393.7 399.6 395.1 398.9 403.6 405.1 403.8 400.7 397.6 394.6 391.6 388.6 383.4 377.8 373.9 367.6 358.1 330.1 349.4 355.3 364.3 368.6 371.2 372.3 370.6 366.3 360.3 355 346 338 330.2 312.2 308.1 324.6 329.8 332.1 333.5 337.9 342.2 349.5 356.9 361.2 365.5 369.4 374.2
438.5 436.7 435.3 435 435 435.9 436.8 437.8 438.8 439.4 438.9 437 434.7 431.1 426.7 421.3 416 410.6 405.8 401.2 396.6 391.7 386.6 382 380 382.1 384.5 385.8 386.4 387 387.5 390.1 391.6 390.3 389.7 392.5 397.9 401.7 403.9 402.6 399.8 396.8 393.7 390.4 387 382.3 377.1 372.9 366.7 354.7 327.1 343.4 349.1 356 362.7 365.8 367.7 368.2 363.1 357.4 350.7 344.4 335.9 327.5 310.8 287.8 311.8 320.1 322 322 326.1 332.3 340.6 349.8 355.9 361.7 366 371.8
439.2 436.4 434.4 432.9 432.6 433.3 434.3 435.4 436.9 438.2 438.3 436.8 434.7 431.2 427.3 422.4 416.5 411.2 406.5 402.1 397.7 392.8 387.7 383.6 379.8 375.6 378.6 381.4 382.2 382.4 383.1 385.4 388 386.3 386.2 389.9 394.4 398.6 398.7 399.9 398.3 395.6 392.2 388.9 385.6 380.6 376.2 371.8 365.9 355.9 334.1 330.7 341.5 346.2 351.1 357.9 361.2 364 359 353.3 346.2 342.2 334.9 325.5 309.6 277.3 288.8 297.8 309.9 312.4 315.9 323.1 332 342.6 351 358.5 363.7 368.7
439.4 436.5 433.5 430.4 430.4 430.7 431.6 432.9 435 436.9 437.8 436.8 434.7 431.5 427.4 422 416.9 411.7 406.8 402.4 397.8 393.4 390.7 387.8 384.3 379.5 374.2 375.8 377.5 378.6 379.1 381.4 383.9 383 384.3 387.6 392.3 396.6 399.1 399 397.2 394.5 391 387.7 384.3 378.9 374.6 370.4 364.9 354.9 333.8 309 330.6 335.1 339.1 344 349.8 355.1 350.2 343.7 339.5 338.1 332.7 325.8 310.3 291.9 269.3 277.6 283.9 292.6 304.7 314.3 325.1 334.9 343.2 353.4 360.4 364.9
