STL Generation/terr50_gagg_gb/data/NZ80.asc
ncols 200
nrows 200
xllcorner 480000
yllcorner 500000
cellsize 50
[rows 108 to 143 of 200, columns 0 to 79 of 200]
133.2 130.7 128.8 127.3 127.3 131.2 133.3 131.3 129.3 127 122.8 119.9 118.2 116 117 117.1 117.7 117.3 113.6 106.6 106.3 105.8 103.8 101.5 102.2 104.2 105.7 104.2 104.9 106.5 109.2 111.4 112.7 114.2 114.9 116.8 115.3 110.7 101.2 91.1 84.1 72 61.5 54.9 50.5 46 42.3 39.2 38.7 38.2 37.9 38.2 38.4 41.3 50.9 68.9 83.2 94.2 97.9 99.9 97.5 92 89 91.9 78.9 73.9 93.5 99.8 107.6 117.3 128.9 143.6 150.7 157.4 165.3 172 177.8 183.7 188.4 191.1
138.5 136.3 134.7 134.2 136.6 139.9 139.8 137.2 134.6 130.2 124.1 119.9 119.3 119.3 122.6 127.1 131 129.7 123.7 118.9 115.8 113.9 111.2 108.8 108 110.2 112.2 114 115.3 115.8 118.2 120.5 121.2 119.5 119.6 120.5 117.8 111.7 98.9 89.4 80.8 68.6 57.3 50.9 45.8 42 39.6 39.1 38.1 37.9 37.9 37.9 38.8 47.1 59.9 74.3 92.1 104.5 106.9 109.1 109.3 104.5 96.9 97.7 95.5 87.7 79 95.8 102.9 112.8 117.8 130.4 143.5 151.5 156.6 165.7 174.7 181.8 185.1 187.9
146.5 145.7 144.7 145.6 150.6 148.9 148.7 146.2 138.9 132.8 126.9 123.8 123.6 124.3 129.6 130.9 132.6 133.6 130.6 126.6 123.3 120 116.4 114.7 113.7 116 118.6 121.2 122.5 123.6 125.7 129.2 128.6 126.9 124.2 127.5 121.7 112.9 100.1 87.5 79.1 63.7 54.6 48.5 43.1 40 38.7 38 37.9 37.9 37.9 37.9 45.1 55.8 71.9 88.4 102 111.6 113.4 115.4 116.9 115 107.3 103.7 102 99 93.5 89.1 95.3 104.9 112.5 116.6 133.5 146.4 157.3 165 173.5 178.2 182.6 185.7
150.8 151.5 151.9 152.1 153.2 153 152.9 150.4 141.9 136 131.4 129.8 128.6 128.4 129.1 130.8 132.7 135 134.3 131.4 127.2 123.4 120.6 118.2 118.5 120.3 122.4 124.4 125.8 127.2 130.1 131.6 131.9 131.2 130.7 131 125.7 114.2 99.8 86 74.9 62.6 52.9 46.8 42.4 40 38.8 38.3 38 37.9 37.9 39.2 57.5 76 87.1 104.7 112.1 116.5 117.8 119.8 121.4 121.9 120.7 118.2 108.8 106.1 103.7 101.4 99.6 98.5 101.8 111.5 132.2 147.1 155 158.9 169.9 175.5 178.8 182.6
150.5 151.4 152.2 153.1 153.4 151.3 150.4 149.5 141.7 142.3 142.6 140 136.6 133.5 132.2 133.1 134.9 135.4 135.6 134 130.4 127.6 125 123.4 123.9 124.9 125.7 126.9 128.2 131 132.8 134.8 134.2 134.1 133.7 132.2 126.1 115.1 99.5 85.5 73.2 61.6 50 44.4 41.3 39.5 39.7 39.6 38.8 37.9 37.9 57.7 66.2 78.8 92.8 106 112.6 117 120.2 123.3 125.2 126.5 126.8 125.9 125.3 120.7 115.7 109.3 109.1 104.9 106.8 108.9 121.6 137.4 142 151.7 161.3 171 174.8 179
147.4 150.8 151.6 153.7 153.3 149.8 150.3 149.8 148.7 150.5 151.2 150.8 144.1 140.3 139 137.5 137.9 137.8 137.5 138 137.5 133.9 129.5 129.2 131.5 130.5 129.4 129.5 133 137.5 137.3 136.9 135.5 133.9 132.6 130.8 122.4 113.5 98.6 87.3 71 59.2 50 44.4 41.6 40.5 41.6 42.1 39.1 37.9 43.2 68.6 78.9 94.3 100.8 106.2 110.8 117.7 122.8 126.7 129.3 130.3 132.2 132.8 132.9 132.5 131.1 129.2 126.5 124 122.4 118.1 112.7 118.7 137.7 147.9 154.2 160.4 169 175
143.1 148.9 151.7 155.7 156.9 156.6 154.2 151.2 149.1 151.7 152.2 151.8 149.3 146.8 146.6 144.8 142.7 142.2 142.5 143.5 143.1 140.3 137.5 137.7 140 138.2 137.2 138.4 140.5 141.6 139.7 138.2 134.6 130.6 130.3 125.7 118.4 110.4 100.6 82.9 66.6 58.1 49.3 43.8 41 40.4 41.5 41.7 39.4 38.1 58.4 69.1 81.1 99.6 101.1 105.3 109.5 116.5 124.4 129.8 133.2 136.4 138.4 139.5 139.6 140.3 140.7 140.7 142.2 140.8 141.2 137.3 130.7 126.2 125.2 131.8 144.5 152.5 161.9 168.8
144.7 148.2 152.3 158.7 160.1 161.4 159.9 156.9 151.4 153.1 154.3 153.7 152.7 151.5 151.2 150.8 149.2 148 148.3 148.8 146.9 144.6 143.6 144.8 145.9 144.3 142.8 143.1 144.7 144.8 142.1 136.6 130 130.1 127.2 123.4 115.9 107.1 95.4 73 60.6 50.6 46.8 42 40.8 40.4 40.9 41 38.8 41.9 63.6 67.5 89.4 95.8 100.1 105.3 110.3 118.2 125.5 131.7 135.3 139 141.7 143.5 144.4 148.8 151.3 152.7 154.8 155.6 157 154.2 150.7 142.4 137 136.5 139 146.8 155.6 162.9
145.7 148.9 153.3 160.8 162.7 163.2 162.5 160.7 157.9 156.9 157 156.3 155.5 154.8 153.9 152.8 152.6 152.4 152.9 152.1 150.1 148.5 148.9 150.2 150.4 148.8 147.1 146.8 148.1 147.9 143.5 136.6 129 127.4 124.8 121.6 112 102 91 72.4 52.6 44.2 39.1 39.1 40.3 40.2 40.9 40.2 38.8 51.7 70.2 73.7 93.5 99.3 104.3 109.1 113.2 120.4 127.6 132.9 135.8 139.9 142 144.5 150.6 161.3 168.2 169.5 169.2 168.5 169.4 168.9 169.2 162.3 161.9 153.9 145.7 140.5 148 154.3
146.4 149.1 152.6 161.4 164.5 165 164.3 161.9 159.8 161 159.5 158.8 158.5 156.8 155.8 155 154.6 154.4 154.9 154.2 153.4 152.7 153.1 153.6 153.3 152.4 151 149.1 148.7 147.8 143.9 137.9 128.7 124.8 121.5 116.7 106.7 96.3 84.6 67 48.9 42.3 40.3 40.7 39.5 39.7 39.5 39.3 46.8 61.9 74.2 84.6 96.5 102.1 107.6 116.1 121.3 125.2 130.4 135.2 137.2 140.4 143.6 147.4 156.4 172.6 181.9 179.5 178 178 178.2 178.4 178.9 177.8 175.5 171 167.1 157.8 156.1 157.7
149 150.9 154.9 160.6 163.9 165.9 164.5 162.4 160.6 161.2 161.8 162.4 161.8 159.8 158.6 158.2 157.5 156.7 156.5 156 155.6 155.5 155.7 155.9 155.1 154.3 153.9 151.3 148.1 146.5 143.3 137.4 128.3 124.7 119.3 112.4 101.7 90.3 78 62.7 47.4 40.6 40.5 41.8 42.5 42.1 44.7 53.2 58.4 68.1 77.5 92.2 101.8 105.8 110.9 117.9 124.9 130.3 132.8 136.1 138.9 142.3 146.5 152.6 164.4 179.5 187.5 187.1 185.3 185.5 186.6 187 187.1 186.5 186.9 185.4 181.8 176.8 176.7 177.3
152.5 155.4 159.3 162.9 166.2 168 167.6 165.7 163.8 163.7 164.3 164.7 165.9 166.7 167.7 168.5 167.1 163.1 159.7 159.3 158.8 158 158 157.4 156.6 155.8 155.1 151.9 148.7 145.8 142.7 136.6 128 123.7 116.9 109.3 96.8 84.1 69.5 60.2 48.2 47.8 44.6 46.1 48.4 48.6 51.7 58 65 75.4 87.5 94.2 103.4 108.4 113.3 119.5 125.7 130.4 134.5 137.6 141.5 145.3 150.1 159.2 170.9 181.2 188.3 191.4 190.3 190.2 192.6 195.1 195.9 196.1 195.7 196.1 193.7 190.7 188.3 190.9
156.5 159.3 164.1 168.6 170.3 170.5 170.6 168.7 167.1 165.4 165.7 166.5 168.3 171.6 174.5 177 176.9 174.2 171.1 170.9 169.7 166.2 162.1 159 157.8 156.3 154.3 151.6 148.6 145.6 142 134.4 126.6 120.7 113.9 106 93 78.9 66.8 56.1 47.8 47.8 47.8 48.4 51.1 54.2 59.9 62 65.8 74.2 83.6 93.9 102.3 109 114 120.5 126.4 131.5 137 140.9 144.7 148.5 155.5 164.2 175 183.2 190.2 194.2 194.9 195.3 197.7 200.3 202.7 203.5 202.6 202.8 203.3 200.2 200.4 200.5
161 164 169.3 173.2 172.2 171.9 173.5 172.1 170.8 167.9 167.1 168.5 169.1 173.6 179 181.5 180.7 178.1 175.6 174.3 173.2 171.7 171.5 169.2 160 157.5 154.8 151 148 145 142 134.1 125.3 119.1 112.8 104 92.6 75.4 65.3 54.5 47.8 47.8 47.8 48 49.7 55.4 64.2 70.5 73.9 76.4 84.8 94.6 103.4 110.6 114.6 119.3 127 132.2 139.5 143.2 146.1 151.7 160.9 168.2 176.2 185.4 192.6 195.6 197.1 200.3 202.4 204.5 206.2 208 209.1 209 209.3 207.7 207.5 207.3
162.9 165.8 170.8 175.8 177.7 176.8 176.8 176 174.1 171.1 169.7 169.1 169.1 173.2 181.9 185 184.2 181.7 179.1 176.8 175.4 174.6 174.6 172.8 168.8 159.8 155.4 150.4 147.7 145.2 140.8 132 123.6 117.2 110.4 101.3 90.4 75.7 65.1 54.1 48.2 47.9 47.9 48 49.7 54.7 63.8 75.5 86.1 88.9 89 96.6 106 113.3 118.5 120.8 126.2 134.1 140.7 144.1 148.7 155.3 163.3 171.5 179 188 193.8 196.7 199.3 203 206.3 208.4 210.8 212.7 213.9 214.2 214.7 214.5 215 215.1
164.7 168.1 174.3 181 184.2 185.9 183.4 181.8 178.4 175.6 174.2 172.7 170.9 174.1 181.8 188.6 187.2 184.4 181.6 179.1 177.1 176.1 176.8 174.8 170 163.3 156.4 149.1 145.5 144.3 140.1 131.2 121.5 114.5 107.7 101.3 90 75.1 63.6 52.1 48.3 47.9 47.9 47.9 48.5 53.2 61.8 74.6 87.1 92.3 89.5 100.3 108.5 114.9 120.6 125.2 131.8 138.5 141.3 145 149.2 156.6 166.5 174.2 181.3 189.6 194.7 198.6 201.8 205.7 210.2 213.5 215.9 216.9 218 219.3 220.2 220.7 221.1 222
166.1 169.9 178 189.1 190.7 191.1 191.1 190.9 188.7 180.9 178.6 176.6 176.5 177.4 179.8 190.5 189.9 187.6 184.8 181.4 179.3 178.3 177.3 174.9 170.1 164.4 157.4 149.1 142.8 140.2 136.3 128.7 119.6 112.2 105.8 100.3 88.9 74.2 63.3 52.3 48.1 47.8 47.8 47.8 47.8 50.8 58.3 72.6 87.5 97.1 100.1 99.6 108.4 115.5 121 126.8 133 138.1 142.5 146.8 152.1 158.5 168.1 176.5 184.2 191.3 196.5 200.8 205.5 210.8 215.6 219.3 221.1 222.1 223.5 225.1 226.4 226.8 227.3 228
168.8 173.7 180.1 190.8 193.8 194.4 193.9 193.2 192.4 189.3 183.1 179.7 177.5 179.6 179.9 190.5 192.1 190 187.6 184.4 181.6 179.2 176.8 174.4 169.9 164.4 157.2 148.6 142.8 140.9 134.6 126.4 117.7 109.4 101.6 95.2 82.8 70.3 61.2 52.1 47.9 47.8 47.8 47.8 48 50.1 59.7 72.7 87.8 98.1 100.8 101 110.5 113.6 120.3 126.9 133.1 138.5 143.6 148.6 155.9 161.9 170 176.6 184.1 190.3 198.7 203.2 208.5 213.8 219.8 221 222.8 224.9 227.3 230.7 231 230.8 231.8 232.2
172.2 176.3 184.3 192.2 196.2 197.3 196.5 195.8 194.3 191.4 187.4 180.2 178.1 174.1 178.2 189.8 192.1 191.1 189.2 186.8 183.7 181.1 178.3 174.9 170 165.6 159.3 150.1 145.2 139.9 136.1 128.4 118.1 108.7 99.8 90 77.7 67.1 58 50.5 47.9 47.8 47.8 47.8 48.1 52.5 63.9 79.7 90 99.5 104.1 105.2 111 114.8 122.1 129.4 135.5 140.9 145.9 151.8 158 163.6 169.5 175.4 182.7 191.2 198.8 204 210.3 216.1 219.6 221.4 224 226.5 228.9 230.5 232 233.6 235.1 235.7
176 179.8 188.7 194.5 199.5 199.4 198.6 198.7 195.9 193.3 189.4 180.9 177.7 175.5 178.8 190.3 191.6 191.4 189.2 187.6 185.3 183 180.2 176.2 170.2 165.8 161.4 153.6 147.1 141 135.4 129.1 116.5 107.3 98.6 87.9 74.9 64.3 56.1 49.3 47.9 47.9 47.8 47.8 48.7 59.2 73.2 86.4 94.3 103.5 111.9 111.7 111.6 116.4 122.6 130.7 136.9 142.7 148 154.7 161.6 166.6 170.8 176.1 182.5 190.4 198.6 205.4 211.4 215.5 219.4 220.7 223.9 226.3 229 229 231.3 233.9 236.6 237.6
180.1 184.8 191.8 199.4 202.3 201.5 200.9 200.1 197.9 195.1 191.5 183.9 178.8 178.9 179.6 191.1 192.6 191.7 189.5 188.3 186.7 184.5 181.4 176.3 170.2 164.8 160.1 153.7 147.4 142.1 136.3 129 115.1 106.5 98.2 85.8 72.1 60.7 53.3 49.6 47.9 47.9 47.8 48.4 55.1 69.4 80.7 91.6 99.7 108.9 112.4 116.2 120.3 121.8 126.1 131.4 136.8 142.2 148.5 158.5 162.7 168 172.8 177.6 184.1 190.2 198.5 205.1 210.9 214.7 217.7 219.8 223.4 227.2 229.9 231 232.2 235 237.7 239
184.6 188.8 196.3 201.4 204.4 204.3 203.8 202 199.8 198 193.9 181.6 178.3 178.8 179.5 189 190.2 191.4 190.1 188.7 186.1 183.2 181.2 176.2 170.4 164.8 158 151.4 146.2 140.9 138 127.3 112.9 104.3 96.2 84 71.3 58.4 49.1 47.9 47.8 47.8 49.4 54.5 59.6 75.4 86.2 96.2 104.2 110.8 113.4 117.2 121.8 126.6 130.8 135.2 139.5 144.7 149.9 157 162.3 167.8 172.6 180 186 191.8 198.8 204.1 209.7 214 216.4 218.9 222.5 227.1 229.5 230.8 233.2 236.1 238.8 239.8
188.4 192 196.4 201.4 205.5 206.9 206.3 203.8 202.7 201.1 196.1 180.3 177.9 178.3 186.5 192.5 190.3 189.1 191 188.4 185.5 183 179.6 176.2 171.5 164.6 156.4 150.1 144.5 139.3 138.2 127.1 112.5 100.2 90.9 79.8 66.1 50.2 48.2 47.8 48.1 49.5 50.7 60.6 68.7 82 91.2 100.5 107.1 112 115.4 119.1 123.4 128.8 133.6 138.8 143.9 148.1 153.8 160.6 167.3 171.4 177 181.4 187.7 193 199.4 204.3 209.1 213.1 215.4 218 221.5 226 229.3 231 233.9 236.7 239.6 240.7
192 195.8 200.1 204.2 207.8 209 208.1 205.8 204.7 203.5 194.7 179.3 177.8 181.1 196.4 199 194.4 190.5 189 188.9 186.3 182.6 179.4 176.2 171.6 162.7 154.8 148.7 143.1 139.5 135.9 128.4 110.3 96.3 83.5 68.2 54.6 48.1 47.8 47.8 49.5 50.8 51.8 63.8 76.1 88.1 95.7 104.1 109.4 113.5 117.1 121.6 126.4 130.8 136 141.7 147.4 154.9 161.1 168.1 173.2 176.5 181.4 185.7 190 194.3 199.9 204.5 208.9 212.7 215.4 218 221.4 224.8 228 230.7 233.1 236 238.8 240.5
194.7 199.5 203.4 207.4 210.7 210.8 210 208.4 207.5 205.1 194.1 178.4 177.8 188.9 201.8 200.2 199.4 192.2 190 189.7 188.1 185 181.5 177.3 170.9 160.9 152.8 146.5 140.4 135.3 132.8 120.5 106.8 92.2 72.1 58.8 50.2 48 48.6 49.7 50.6 50.7 55.8 69.6 84.7 93.3 100.3 106.4 111.2 115.4 119.7 124.1 128.8 133.8 139.1 145.4 155.1 163.4 169 173 176.9 180.7 184.9 189.8 193.4 196.9 200.5 205.2 209.4 212.8 215.6 218.2 221.4 224.5 227.4 230.4 232.4 234.7 236.8 238.2
197.6 201.2 205.7 209.1 212 212.6 212.3 211.8 211.3 207.9 192.3 178.4 177.8 185.8 197.3 195.7 193.9 190.3 191 189.9 190 187.6 183.8 180.3 170.8 159.8 151.3 145.4 140 129.9 130.7 116.4 104 85.3 66.1 52.1 48.6 47.9 48.8 49.4 50.7 54.2 62.4 76.1 90.6 98.2 103.8 108.8 112.4 117.4 121.9 126.5 132.2 136.3 142.7 151 162.7 171.8 176.3 179.7 183 185.5 188.8 192.9 195.6 199.2 202.9 207.5 210.3 213.4 215.8 218.3 221.2 223.8 226.2 228.5 230.6 232.5 234.3 235.8
199.4 203.2 207.5 210.5 213 214.7 215.8 217 216.2 211.4 196.7 178.8 177.9 180.3 181.5 178.7 178.1 178.3 181.6 189.9 189.8 189.1 185.8 180.4 170.7 159.7 151.4 145.1 138 129.4 130 113.7 99.6 74.1 60 48.8 47.8 47.8 48.3 48.8 49.1 59.8 74 86.5 95.3 103 108.1 112.3 115.1 118.4 123 127.9 134.4 140.1 148.4 161.9 173.1 179.7 184.2 186.7 188.9 190.9 193.5 196 198.4 201.5 205.3 209.5 211.9 213.9 216.1 218.2 220.5 222.2 224.5 226.5 228.8 230.8 232 233
200.8 205.1 209.5 211.5 214.4 216.3 217.2 217.9 217.9 214.8 203.8 180 177.5 174.3 173.7 170.9 169 170.8 173.2 183.8 189 186.9 182.9 177.4 168.9 159.4 151.5 146 137.1 131.1 123.2 108 88.6 71.8 60.7 51.7 47.9 47.8 48.3 48.2 52.7 72.2 89.7 95.9 100.4 106.5 111.3 114.2 116.3 120.5 124.6 130.3 137.8 145.1 158 174.8 182.4 185.3 188.8 191.3 193.6 195 197.4 199.5 201.6 203.9 207.6 210.4 211.7 213.6 215.6 217.5 219.4 220.2 222 224.3 226.6 229 230.8 229.8
203.9 207.4 210.6 213.3 215.9 217.5 218.1 218.2 217.4 218.7 213.2 191.5 174.7 170.6 169.2 169.1 168.1 168 168.6 179.3 188.1 185.6 180.6 174.5 166.5 157.6 150.8 145.3 139.7 128.9 117.6 101.1 87.1 76.1 66.3 56.9 52 48.8 48.4 49.5 65.3 86.5 94.3 97.5 103.5 109.3 113.7 115.5 118.6 122.9 127.5 133 141.6 153 170.1 181.4 184.5 188.6 191.3 194.6 196.9 199.2 201.1 202.7 204.5 205.9 207.7 210.4 211 212.6 214.3 216.1 217.4 218.3 220.2 222.3 224.5 226.7 227.9 227.1
206.7 209.9 212.8 215.7 217.6 218.8 219.2 219.7 218.6 219.1 218.4 205.7 184.5 171.6 168.5 171.1 176.1 175 168.4 173.7 181.6 180.2 179.5 172.6 163.4 155.7 149 143.6 136 126.7 113.8 99.7 90.6 80.8 73.4 63.2 58.2 50.6 49.3 55.3 76 93.5 96.7 99.4 105.5 110 113.6 117.6 121.1 125.1 131.3 136.4 146.2 164 177.8 186 187.6 190.1 193.4 196.1 198.8 201.1 202.3 203.8 205.2 206.6 208.2 209.4 210.7 210.9 212.5 214.1 215.4 216.5 218.3 220.1 222.1 223.4 224.7 224.9
210.1 212.3 214.9 217.8 220.1 220.1 220.3 220.9 220.8 219 217.8 213.4 203.4 184.3 175.5 179.4 193.9 184.2 170 169 171.3 174 175.8 170.3 160.6 153.7 147.5 141.5 133.4 124.7 109.4 101.1 91.2 83.9 75.8 66.7 61 53.6 49 58.4 74.9 96.1 98.1 103.9 109.6 112.4 116 119.9 123.8 127.7 134.2 143 155 171.6 179.9 185.5 188.2 191 195 198.1 200.3 201.9 203.3 204.5 205.6 206.9 208 208.2 208.3 208.9 210.9 212 213 213.9 215.7 217.5 218.6 220 221.4 222.4
213.1 215 217.2 219.5 220.9 220.9 221.6 221.8 221.7 219.7 217 214 209.4 189.2 190 201.2 201.8 188.5 174.8 168.6 168.3 169.4 171.2 168.3 159 153.7 147 139.3 131.4 120.4 106.2 100.3 91.7 85.6 76.7 68.6 61.1 53.7 48.7 62 77.3 95.6 102.9 108.1 112.5 115 118.8 122.9 127.2 132.3 139.2 150.7 164.8 176.3 181.4 185.8 188.5 191.9 195.3 198.4 201.1 201.9 202.7 203.6 204.6 205.8 206.1 206.1 206.4 207.2 209.3 211.1 210.5 211.3 212.9 214.1 215.2 216.2 217.6 217.9
216.1 217.7 219.5 220.3 221 222.4 223.4 223.9 223 220.2 216.8 213.3 197.8 188.4 202.7 210 200.9 186.8 174.8 169.1 166.3 164.4 167.5 164.2 159.1 154.3 149 142.3 132.4 119.1 103.3 95.5 92.3 82 71.7 68.6 60 52 50.2 60.1 73.8 97 107 111.8 115.7 117.2 121.2 125 130.6 137.3 145.7 159.7 171.6 178.3 183.5 187.3 190 192.1 195 197.9 200.9 201.4 201.6 202.3 203.4 203.7 203.9 203.7 203.2 204.3 206.7 207.9 208.8 209.8 210.8 210.7 211.7 212.8 212.2 211.6
218.5 220.5 220.8 221.1 221.4 222.9 224.5 224.7 224 220.5 216.7 211.7 197.8 193.4 207.7 208.9 196.2 183.8 175.1 169.3 164.4 162.1 161.9 160.8 157.3 154.8 151 142.6 132.3 121.2 104 91.9 89.5 81.1 77.8 69.8 66.5 49.6 49.1 55.2 72.7 97 106 112.6 116.6 119.5 122.9 127.2 133.3 142.1 154.8 169.7 176.5 180.8 184.3 188.1 191 191.1 192.8 198.5 200.9 201.2 201.2 200.5 201.2 201.5 201.6 201.1 199.7 201.5 204.1 205.2 206.1 206.9 207.6 207.6 208.2 208.1 206.8 206.7
220.5 221.1 221.2 221.4 221.7 222.3 223.9 224.7 223.7 221.5 216.9 209.3 196.9 196.1 193.6 191.4 188.3 180.6 174.7 169.4 164.9 162.5 160.2 158.1 155.5 152.1 149.9 138.4 126 115.9 104.2 93.5 89.4 82 75.7 70 67.6 54.7 48.3 51.6 71.8 97.1 106.1 113.5 116.6 120.7 125.3 130.5 139.4 152 165.4 173.7 177.3 180.1 183.5 188.1 190.3 189.1 191.4 197.7 200.9 201.1 201 200.5 198.7 200 200.7 199.3 199.2 200.5 201.3 202.5 203.5 204.1 204.4 204.2 204.7 204 200.4 201.8
221 221.7 222.1 221.6 221.6 221.1 222.2 222.6 222.9 222.3 217.4 210.9 195.3 189.9 188.2 187.9 179.2 178.2 173.9 169.9 166.1 163.3 159.3 156.5 153.7 151.1 151.3 150.1 138.1 123.2 107.9 94.9 88.9 83.7 76.7 70.6 69.8 59.5 51.8 51.8 69.7 94.7 105.2 112.5 116.7 121.7 128.5 133.9 148.1 162 168.5 174 176.3 178.8 180.7 185 187.6 187.4 188.1 192.1 196.6 198.8 200.6 200.2 194.4 194.8 197.2 195.9 196.1 198.1 199.6 201.1 199.8 200.7 200.7 199.9 200.8 199.2 196.9 198.7
