STL Generation/terr50_gagg_gb/data/SD18.asc
ncols 200
nrows 200
xllcorner 310000
yllcorner 480000
cellsize 50
[rows 38 to 75 of 200, columns 84 to 167 of 200]
308.7 319.3 331.3 341.4 351.3 359.8 367.8 376 384.1 391.4 397.2 402.1 407.1 410.6 414 415.4 415.5 416.7 417.2 417.7 417.9 418.6 420 422.2 423.5 425.4 427.2 430.2 432 435.3 440.2 443.1 442.6 442.4 436.1 426.4 415.5 404 381.5 363.2 349.6 336 323.2 307.3 293.8 283.6 279.3 274.9 267 254.2 243.6 238.9 232.5 226.8 220.6 215.8 210.2 210.9 209.1 204.3 202.7 200.8 197.6 194.5 190.8 184.4 178.6 174.6 166 153 166.3 173.8 175.2 171.8 165 160.1 155.8 148.1 151.2 153.2 168.8 185 195.9 199.8
314.6 321.9 324.4 327 343.4 355.5 364.4 374.7 383.8 391.8 397.5 402.1 406.7 410.9 414 416.3 418.1 419.5 421.1 422.2 422.6 423.4 425.2 427.9 430.4 433.1 437.5 441.6 445 448 452.1 452.8 446.3 437.9 425.2 406.5 383.5 369.2 356.9 344.8 335 322.1 308.2 297.6 279.5 270.8 265.1 256.7 248.8 242.7 239.8 234.8 227.7 223.9 218.6 213.6 208.9 208.9 207 205.8 204.3 202.6 200.1 197 192.5 186.6 179.4 174.2 166.9 155.9 156 169.9 170.6 163.9 159.7 154.1 146 142.9 148.2 159.4 171.1 187.7 194.6 194.7
332.2 335.7 339.3 344 348.6 351.3 363.1 374 382.2 390.2 397.2 401.2 406.2 410.8 413.8 417.6 420.5 422.4 424.9 426 427.2 428.6 430.7 433.3 435.8 439.1 444.2 448 450.8 452.5 452.3 448.2 435.4 416.6 397.5 378 363 351.1 339.6 330.4 320.9 308.4 298.6 288.7 275.6 260.7 254.7 245.8 240.5 237.3 235.2 230.2 224.7 221.7 216.9 211.4 207.8 208 206.1 205.5 205.5 204.5 202.6 198.9 194.1 189.1 181.9 177.4 173.5 160.5 150.1 154.3 160 156 154.1 146.1 140.7 140.8 146.1 160.2 168.7 185.3 189.4 193.2
344.1 346.9 350.8 355.1 358.8 363.5 367.4 369.4 378.7 386.4 395.2 401.2 407.1 412.1 416.3 420.1 423.2 426.3 429.2 430.3 433.6 434.7 436.5 438.4 439.8 441.9 445.3 446.8 446.7 445.2 437.9 427.8 411.1 391.8 376.1 361.8 346.9 334.6 325.2 316.6 306.3 296.5 285.1 276 269.4 258.3 242.7 237.7 234.1 233.1 230.8 225.2 222.1 219.3 215.1 209.3 205.8 206.6 205.3 205.2 206.2 206.1 204.7 200.5 195.6 190.2 184.9 179.7 174.4 165.7 146.2 145.9 145.3 144.8 145.8 141.5 139.1 137.9 143.3 153.7 165.5 178.2 188 194.1
352.9 356.3 360.6 364.9 369.3 373.6 377.4 379.8 375.1 386.1 395.1 402 408.3 414.5 419 423 427 430.7 432.9 436.4 440.1 440.9 440.8 441.2 442 441.7 440.8 438.7 435.3 429.5 416.6 403 385.6 371.9 362.9 349.6 335.2 322.6 310.9 299 289.8 283.5 273.1 266 259.2 247 237.8 230.8 228.9 229.6 225.1 221.7 219.6 216.9 212.5 206.3 205.5 205.6 205.9 207 208.1 207.8 206.3 202.6 198.2 193.4 188.2 183.1 178.9 173.5 164.4 146 140.9 139.2 139.3 138.3 136.5 135.5 140.2 150.6 162.3 177 189.4 194.6
360.5 363.7 369.1 372.7 378.3 382.3 386.6 389.3 389 383.1 393.5 401.9 409.8 416.4 420.8 426.3 431.3 435.2 438.7 442.7 446.5 447.1 446.5 444.9 443.7 440.3 434.9 427.9 420.1 408.3 393.6 381.7 369 359.5 347.7 334.7 322.3 310.5 297.4 283.3 272.3 267.1 258.8 254.1 247.9 240.1 231.6 225.3 222.3 221.5 218.2 218 216.9 217.1 211.5 206 204.2 205.3 206.1 208.3 209.8 209.4 209 205.7 201.4 196.3 192.4 187.8 182.6 176.6 169.5 159.7 147.2 137.4 136.3 134.7 134 133.5 137.7 146.2 159.9 170.2 181.7 190.3
366.3 370.7 375.9 380 385.7 391.2 395.6 399.2 400.4 398.5 397.2 401.1 409.8 417.5 423.6 429.4 435.4 440.5 445 449.4 453 454.2 452.5 448.6 445.2 438.3 423.3 406 396.8 383.5 373.8 363.7 350.9 342 328.1 316.1 307.7 294.6 285 276.3 264.6 254.3 247.5 245 239.1 231.6 225.9 221 215.8 213.2 212.3 212.6 214.4 217.4 213.4 203.9 204.6 206.3 207.3 209 211.4 211.8 212.1 209.9 204.5 201.7 197.8 192.2 186.7 179.7 172.6 162 155.9 154.1 146.7 132.3 132.3 131.8 133.8 139.7 148.7 162.4 176.2 181.8
370.6 376.7 380.8 385.9 392.8 398.9 404.1 407.5 408.4 407.9 407 408.4 410.5 419.7 426.6 432.5 438.6 446 453.6 456.9 457.6 458.8 457.3 452.8 447.1 437.9 415.4 386.5 372.3 367.6 353 340.6 329.8 325 307.1 294.7 284.6 277.3 268.6 258.7 251.8 243.6 237.6 235.9 228.1 224.4 220.3 212 209.3 206.9 204.9 202.7 211.3 215.4 209.4 202.4 203.5 205.1 208.6 212 213.5 214.4 215.4 213.4 210.4 207.1 203.6 198.7 194.4 185.2 174.8 166 160.7 154 146.7 138.6 130.4 130.2 130 134.5 139.9 152.7 162.8 171.7
376.1 381.9 385.7 392.1 398.9 404.9 411.1 413.5 414.8 414.8 415.3 417 419.2 423.6 431.2 438.3 445.2 453.9 458.2 461.8 462.5 462.1 460.2 455.8 449.8 440.4 415.4 382.1 368.2 349.4 331.7 325.5 312.5 304.5 292.2 285.2 278.8 275 267 266.7 266 265.5 254.8 253.7 245.4 227.3 216.3 202.2 203.6 200.5 196.5 196.7 205.9 203.4 200.8 200.3 204.9 207.4 211 214 214.5 215.1 217 217.2 217.1 214.8 210.2 205.6 200.5 189.9 177.7 168.1 161.7 157 149.8 141 135.2 133.9 129.7 130.9 135 147.3 157.2 168.5
379.5 385.8 391.8 398.4 404.3 410 415.8 418.6 420.9 421.7 421.9 424 426.5 430.3 435.9 443.3 450.6 457.2 462.4 465.2 465.9 466.6 465.6 460.3 453 444 423.6 388 372.3 360.9 340.7 322.8 318.6 312.5 311.2 311.3 308.1 293.9 298.7 298.2 294.4 288.1 280.1 269.6 260.8 250.1 237.6 217.3 195.5 194.2 190.9 191.3 198.9 196.5 195.1 198.8 205.6 209.7 213.5 214.6 215.2 216.2 218.6 221.3 222.6 222.4 217.6 212.8 203.8 194.4 181.2 170.3 165 160.8 152.6 145.5 138.1 131 126 126 131.6 141.3 151.7 166
381.7 389.7 396.9 403.8 409.8 415.7 420.2 424.7 426.9 427.9 428.3 430.5 433.1 437.2 441.7 447.6 454.1 459.9 463.9 467.1 467.2 467.5 465.6 460.8 455.8 448.7 434 404 379.9 368.7 355.3 346.8 339.7 336.4 335.7 335.5 333.9 326.2 325.5 321 312.8 303.6 292.8 284 271 259.6 244.3 223.9 204.1 192.5 188 185.6 188.8 189.8 193.5 203.4 213.4 214.2 215.3 215.8 215.5 218.5 221.4 224 227.3 234.6 228.7 219.4 209.8 197.4 184.3 173.6 165.9 161.1 153.5 149.2 142.4 136.2 126.4 121.8 129 133.5 147.2 159.7
385.7 393.4 400.7 408.2 414.3 419.8 425.4 429.6 432.4 433.5 435.9 439.6 442.5 444.4 447.8 451.6 456.3 461.1 465 467.6 468.2 468.4 466.1 460.5 455.1 450.1 438.5 423.6 403.9 388.5 377 368.3 363.6 358.9 358.2 355.4 349.1 343.4 339.9 335.2 326.3 319.1 309.2 294.9 283.3 269 251.2 229 207.3 194.3 188.2 184.1 184.5 185.6 190.2 202.7 215.6 216.2 216.9 217.6 215.2 219.3 224.7 229.2 240.5 249.8 243 232.9 219.1 203.5 188.6 178 170 165 157.5 150.3 146.8 143.1 126.9 118.9 128 128.9 139.6 154
388.4 396.3 404.1 413 419.8 425.1 430.8 433.6 437.6 440.3 443.1 446.9 449.4 450.7 454.5 457.8 460.5 463.9 466.6 468.4 469.2 468.6 466 458.8 450.1 443.5 435.2 425.6 415 405.8 396.5 388.3 381.4 378.3 377.9 373.1 367.3 361.7 357.5 352 343.9 333.7 321.4 305.9 289.2 276.3 254.7 230 210.6 196.4 188.7 183.4 180.4 181.7 186.2 195 209.4 215.7 216.1 213.7 214.3 221.6 230.1 239.6 250.7 264.4 261.9 246.4 229.4 207.6 193.1 181 172.9 165.6 159.5 153.1 148.1 138.9 127 113.9 122.8 128 134.1 145.2
390.1 400.4 410.5 418.9 425 431.7 435.5 438.5 443 445.3 448.3 451.2 452.9 455.6 458.8 461.7 464.6 467.4 468.8 470.3 469.9 468.8 465.1 457.7 442.3 425.9 426.3 421.2 417.7 414.2 411.1 403.8 397.6 392.2 388.6 385.5 380.8 378.6 374.3 367.6 357.8 347.6 335.2 316.6 295.3 277.8 259.7 237.8 219.7 198.2 189 183.7 179.1 176.6 183.1 186.3 198.2 212 212.9 208.9 214 225.2 237.6 247.9 259.7 274.1 267.7 254.3 234.7 209.5 194.1 182.8 177.1 167.7 162.5 156.6 145.4 131.9 126.7 113 116.6 122.6 129.2 139
394.1 405 415.4 423.8 431.1 437.1 441.8 444.2 447.5 449.6 451.6 453.1 454.9 458 460.6 463.4 466.5 468.1 470.6 470.6 469.4 468.4 465.1 454.5 431.4 403.3 409 410.5 413.6 414.2 413.5 410.5 404.8 396.4 391 388.3 387.3 389 389.3 382.4 372.6 359.3 340.9 322.6 303.5 285.4 267.1 253 229.6 199.5 192.6 183.2 178.8 174.7 178.8 183.2 186.2 202.9 206.5 205.2 211.1 224.7 241.6 253.8 265.5 276.6 270.3 258.5 236.8 209.3 193.8 183.9 176.8 168.7 162.9 154 140.7 130.9 127 114.6 109.4 115.2 122.2 135.2
397.8 408.9 418.2 427.4 435.2 440.5 445.2 448.1 449.6 451.6 452.5 454 456.3 459.8 462.7 465.8 468.5 469.7 470.7 469.6 468.8 464.4 450.8 413.7 393 386.2 383.3 390.1 401.3 406.1 408.1 405.6 400.4 393.6 389.6 389.6 390.8 393.5 393.1 390 379.2 365.5 352.3 335.4 313.2 294.7 278.3 261.7 236.7 203 193.1 185.3 180.7 174.1 176.1 180.9 184.5 192.2 200 200.3 207.8 223 238.2 260.4 274.1 279.1 270.6 256.5 235.7 208.5 193.3 186.6 174.9 167.6 164.7 151 135.8 130.4 127 118.7 108.5 108.5 119 132.5
400.4 411 421.9 430.9 439.5 444.5 448.2 450.3 451.7 453 453.5 454.3 456.3 459.6 463.2 465.4 467.9 468.7 468.8 467.1 463.5 456 436.7 397.8 377.9 370.8 363.9 371.9 384.1 391.2 393.3 391.8 390 385.9 384.7 387 390 390.3 390.8 389.6 384.2 372.1 355.2 339 319.1 304.5 287.3 271.7 244.6 208.9 195.3 186.3 178.8 174 173 176.4 179.6 182.9 189.4 193.5 203.7 220 239.9 262.9 277.7 278.3 267.3 251.9 232.8 205 190.8 184 173 167.4 160 148 135.9 128.1 125.1 119.6 114.4 105.7 116 129.1
402.7 412.5 423.5 434.7 442.1 446.8 450.4 451.5 452.2 451.5 450.9 451.4 454.1 459.2 461.8 464.1 465.9 466.3 465.2 461.9 456 445.6 432.3 394.7 372.7 356 351.2 356.4 365.8 373.7 378 378.1 377.2 375.5 378.3 380 384.9 388 390.7 391.9 381.5 367.1 353.3 337.3 319.4 302.9 289.7 275.3 248.5 217.3 197.6 188.1 180.4 174 167.9 172.1 174.8 178.9 182.9 187 197.3 215.2 240.6 256.6 268.7 262 253 243 219.5 199.7 190 181.1 173.7 165.2 156.8 143.4 136 130 122.1 119.5 116.6 104.1 112.9 122.9
408.7 418.3 426 435.8 443.4 448.1 450.8 451.6 451.2 448.9 446.2 446.9 450 455.1 459.1 461.4 463 463 460.6 455.7 446.1 435.6 421.8 401.1 375.9 356.1 340.5 339.9 345.3 355.3 362.4 362.1 362.4 362.2 363.3 369 373.5 378.3 381.8 380.4 373.5 358.2 346.6 332.5 317.2 300.1 286.6 270.8 253.9 225.8 206.8 191.9 181.9 176 167.9 166 170 175.6 179.3 182.6 190.3 207.9 228.8 241.3 247.7 248.6 247.1 242.6 217.1 199.9 189.2 181.8 173.9 164.5 158.9 143.7 135.1 130.6 121.5 117 114.7 104.5 105.5 118.2
416.2 424.5 431.7 435.2 443.8 448.2 450.1 450.4 448.3 443 433.8 438.3 444.2 449.5 454.6 457.3 458.5 457.7 454.8 447.3 437.6 425.9 411.4 393.6 373.7 357.8 342.2 333.2 334.6 340 344.5 346.4 348.2 348.2 349.1 353.2 356.7 361.3 365.3 364.1 352.2 348.4 337.8 324.1 306.7 293.4 281.1 268.8 247.7 226 211.5 195 183.1 176.4 170.1 157.6 165.5 171.1 174.3 177.8 184.4 193.3 207.3 220.5 232.7 239.7 243.5 240.5 212.9 198.8 190.6 184.3 173.3 165.4 153.2 143.6 135 127.9 120.9 117.1 113.3 104.7 100.4 111.5
425.9 432.9 439 441.5 442.5 446.3 447.7 446.5 443.3 435.7 416.7 424 435.9 442.8 447.9 451.9 453.2 451.7 448.2 441 431.9 419.8 405.1 387.7 367 352 339.7 333 325.9 322 327.3 329.4 330.1 331.4 333.2 336.8 340.3 344.2 344.1 336.6 336.8 333 323.4 309.1 295.8 283.5 273 260.4 238.9 220.6 209.8 197.7 184.3 177.7 171.4 162.6 157.8 162.6 167.4 171.7 179.6 188 194.4 204.9 217.1 228.8 236.6 231.3 209.7 195.5 190.6 184.6 174.1 162.2 148.9 142.1 133.1 127.4 121.2 116 110.5 103.4 97 105.4
435.4 441.5 443.8 444.1 445.3 445.8 446 443.4 438.6 423.7 396.7 406.4 425.4 436.5 440.4 443.4 445.2 443.7 440.8 434.6 426.3 414.8 399 383.5 365.4 346.6 331.5 320.9 310.8 310.2 308.8 311.7 315.2 316.5 317.7 322.7 324.9 326 327.1 325.8 323.2 318.9 311.7 298.9 288.5 274.8 263.1 247.5 222.4 209.9 203.7 201.4 187.8 178.3 172.1 162.2 148.3 155.6 159.3 164 170.1 179.4 184.2 194.2 200.5 215.5 228.4 221.8 202.3 191.9 190.7 176 171.7 156.4 144.7 139.1 132.1 128.2 121.8 114.7 108.3 100.1 94.1 101.9
443.9 445.6 447.2 447.2 446.5 445.2 442.5 437.4 426.6 399.3 384.8 390.4 410.6 428.1 434.4 436.5 438 437 434.3 430.6 423.5 412.8 398.7 384 371 353.9 339.3 325.1 311 301.7 297.1 295 297 300.8 305.3 306.4 307.8 310.1 311.8 311.4 311 308.6 301.2 289.4 277.7 265.8 253.2 234.6 213.5 197.8 192 196.4 186.7 177.2 170.7 163.4 155.2 144 148.8 158.2 163.6 169.2 175.7 182.7 188.5 204.2 221.3 210.2 193.3 188.7 184.9 174.7 166.7 152.9 140.9 135.5 130.6 127.5 117.5 110.8 104.9 98.4 92.9 95.1
450.7 450.3 449.9 448.3 445.7 443.1 436.7 410.4 388.4 375.6 359.2 379.6 401.2 420.8 430.5 432.9 433.9 433.9 432.6 429.6 423.6 414.5 403.5 391.1 375.8 358.6 341.1 325.8 317.8 313.6 306.3 294 275.8 283.9 289.8 293.4 294.9 296.6 298.2 299.5 298.4 295.7 288.8 277.2 266 255.9 241.9 222.8 208 201.5 184.1 184.7 180.5 175.8 171.3 164.4 156.7 146.3 139 149.1 155.2 163.7 171.6 174.8 179.9 195.3 211 196.8 185.2 185.6 168.1 171.3 160.7 144.4 137 131.2 126.5 121.1 111.8 109.2 104.2 97.5 91.7 96.8
456.3 454.4 452.1 449.6 445.4 435.8 407.1 382.5 367.9 353.4 342.1 371.9 395.1 417.1 426.6 431 432.6 431.6 430.6 428.2 424.1 416.2 406.1 391.9 375.8 352.2 345.1 345.1 337.5 327.9 316.7 306.2 281.3 262 266.4 282.6 281.9 281.8 282.7 283.2 282.8 278.9 272 263.2 253.8 242.3 231.4 214.1 202.1 197.5 179.8 178.4 177.7 174.8 171.1 164.7 157.9 145.7 133.5 141.8 149.4 158.7 166.8 170.5 173.5 185.9 195.9 186.3 179.7 166.5 174.9 164.8 150.8 139.1 126.8 125.2 120.5 113.8 108.8 106.1 102.9 95.1 90.3 94.5
460.8 458.6 455.4 451.5 444.2 402.1 380.9 360.8 340.7 326.1 336.3 364.5 389.4 412.9 422.9 428.4 432 431.2 429 426.9 421.9 415.8 406 390.6 379.5 374 367.2 359.1 350.6 341.6 328.6 313.7 299.3 281.5 259 252.1 261.3 263.8 264.3 266.7 264.6 261.3 256.4 249.6 241.4 233 218.4 199 190.7 181.7 175.4 177 177.2 174.2 169.1 165.6 158.4 149.3 130.1 134.4 142 148.9 157 161.8 167.1 176.4 183.4 177.5 161.4 167.1 170 158.2 142 132.7 120.8 121.3 111.9 108.1 107.8 103.8 99.7 91.7 88.5 94.2
466.3 462.8 458.7 453.5 422.9 384.6 358.4 340 322.8 310 330.2 357.1 382.4 403.4 416.7 424 429 429.4 428.1 425.3 421.5 416.1 409.1 402 397 390 383.9 375.6 366.9 355.4 339.3 328.5 316.5 300.1 280.4 256.2 228.9 233.2 235.8 242.6 246.4 247 243 235.7 230.6 222.9 206.3 189.4 181.3 173.3 171.7 174.3 177 171.5 167.3 164.2 158.2 152.4 132.1 127.8 134.7 142 145.5 152 160.8 170.7 176.1 169.4 151.4 165.8 160.9 149.5 136.4 128.2 119.5 114.7 106.4 108.7 107.8 101.1 96 85.9 87.4 93.3
471.6 467.7 461.5 444.1 402.8 367.1 345.1 323.2 305.7 300 320.6 345.1 369.6 394.4 408.2 417.5 424.3 427.2 427.2 426.6 423.1 418.8 415.1 411.8 407.9 402.7 393.6 386.9 378.4 366.6 355.2 343.9 331.4 316 294.5 274.5 235.1 220.9 206.2 207.9 220.4 231.6 232.9 228.2 222 213.7 201.9 181.8 173.1 168.7 168.1 170 170.6 168.4 164.4 161.2 157.3 151.8 142.5 119.7 125.8 133.2 136.6 142.6 150.9 158.6 162.9 155.6 143.8 159.4 151.8 142.7 132.9 126.4 115.9 107 106.2 110.8 107.2 99.7 94.9 86 87.4 91.7
475.5 469.7 464.2 435.2 397.1 358.4 334.4 312.9 293 295.8 311 333 358.6 380.4 398.6 409.9 417.7 423.1 426.2 426.4 425.6 422.8 420.1 416.3 415.1 410.1 401.2 392.4 384.5 372.8 364.7 353.9 338.3 312.9 286.4 271 263 251.3 232.6 205.5 192.7 206.1 206.3 215.3 209.9 204.4 194.6 176.8 167.7 165.2 163.9 165.5 167.3 164.4 161.7 159.1 153.8 149.5 142.7 120.1 119.5 127.4 132 134.6 141.6 144.9 141.4 136 146.5 149.8 143.2 134.6 125.4 119.5 109.4 103.6 105.8 107.3 105.3 97.4 89.8 84.8 85.4 90.8
477.4 471 463.9 432.5 389.4 358.3 331.6 307.9 281.9 284.6 300 321.7 344.3 365.8 383.3 399.2 408.7 415.9 421.7 425 424.8 424.6 423.2 419.8 413.5 408.6 401.4 394.9 387.8 375.7 364.7 343.6 333.5 326.7 320.8 308.9 294.5 279.4 256.9 231.7 204.7 179.8 181.8 190.3 190.9 185.1 182.5 171.3 163.3 161.8 160 160.1 160.8 160.8 159.6 156.7 152.2 146.5 141.2 125.3 113.5 120.8 125.3 127.7 131.8 132.7 129.9 135.8 144.2 142.2 135.3 129.4 120.8 112.8 104.6 103 106.3 106.3 100 93.7 84.4 83.7 88.2 90.2
477.5 469.3 460.8 430.5 387.5 363.1 330.9 300 277.1 268 283.4 304 320 344.9 364.5 382.9 397.6 406.5 414 419.1 421.8 422.7 422.3 419.3 412.7 405.9 399.9 394.2 385.8 368.6 368.3 362.6 356 349.6 338.2 325.2 310.8 293.7 280.8 253.2 226.5 201.4 179.9 164.5 160.9 162.4 165.2 163.2 157.9 157.9 156.5 155 157.2 157.6 156.8 154 149.6 143.4 137.6 129.8 112.2 114.5 118.6 119.7 124.2 129 134.8 140.5 138.8 134.5 129.6 124.5 117.5 108.5 100.1 104.1 106.2 102.2 96.4 89.2 84.1 85.1 89.5 91.8
472.1 462.9 453 429.2 398.2 366.4 330.6 294.8 270.9 252.6 266.4 281.2 300 320.8 344.3 362.1 383.1 395.3 405.8 411.7 416.3 418.8 419.4 416.4 413.9 408.8 401.1 393.1 385.6 378 373.6 369.5 368.8 362.3 352.2 332.1 319.6 304.5 291 267.8 243.2 219 197 181.2 167.4 152.9 155.6 154.3 152.4 152.9 151.2 149.8 152.6 154.5 153.4 151.3 146.6 139.7 134 123.8 109.7 108.9 113.8 118.9 123.6 128.9 135.2 135.7 135.8 131.3 123.8 115.5 112 102.7 101.5 104.4 103.4 98.7 89.3 84.6 85.1 90.2 93.2 93.2
467.7 458 445.1 409.9 386.9 377 327.9 286.7 263.4 246 252.3 264.9 279.4 296.9 318.6 338.8 364.1 382.6 394.5 402.4 409.5 413.8 415.7 415.6 415.1 412.3 404.7 396.1 386.8 379.1 375 374.5 371.5 369.3 358 336.1 325.4 310.6 296.4 273.5 255.8 236.3 217.1 200.5 178.9 160.5 141.6 148.3 147.6 147.1 145.4 146.1 149.6 149.9 147.2 146.5 141.5 134.2 128.4 114.7 107.7 103.9 107.3 112.5 120.4 129.3 128.4 132.4 133.1 127.5 119.5 109.5 104.1 99 101.3 102.8 99.9 89.3 87.2 78.6 86.7 91 94.9 96.8
461.9 449.9 415.2 376.6 359.7 342.6 307.7 278.6 258.1 242.5 240.6 249.6 260 276.1 294.3 316.5 339 360.1 376.9 391.1 399.7 409.7 414.5 415.7 415.2 412.5 406 397.9 388.2 378.8 373.5 366.4 363.4 360.6 346.2 331.3 323 306.6 286.9 274.2 258.9 243.8 228.1 213.2 191.7 171.6 146.2 140.4 142.8 141.4 140.4 143.4 146.4 144.3 142.1 139.1 137.3 132.7 124.1 108.3 105.3 102.7 102.6 109.5 116.2 120.8 125.8 130.1 129.9 125.9 120.5 102.9 96.7 98.8 99.9 98.5 90.7 90.1 86.1 76.6 89 92 94.4 101.9
453.5 426.6 377.7 359.1 340.9 317.2 296 276.8 259.2 241.7 235.7 233.5 244.7 255.9 272.9 291.7 314.4 335.5 356.7 376.1 391.6 401.9 411.5 414.8 414.6 412.6 405.9 396.3 385.5 377.7 371.5 365.3 355.4 345.7 332.4 322.3 308.7 294.1 280.5 269.5 253.8 240 226.6 210.2 196.7 181 157 131.2 138.6 134.2 137.7 138.4 139.5 139.8 138.3 136.2 132.3 128.6 117.2 106.1 101.8 99.3 99.5 103.1 117.5 122.3 125.7 127.7 128.3 124 115.6 97.4 95.2 95.8 95.6 92.8 88 88 83.5 77.1 87 88 94.8 103.9
448.1 417.1 379.5 345.8 325.3 306.2 281.6 265.4 258 250.2 240.6 230.1 230.9 240.4 254.4 272.2 292.9 314 336 360 381.7 395.4 407.2 413.8 414.7 412.3 403.9 392.8 383.9 374.3 365.6 356.9 349.8 338.8 324.6 308.3 295.5 288.4 274 263.7 246.1 233.4 221.9 208 195.8 182 166.5 146.7 122.4 128.5 131.7 134.2 134.5 134.9 134.1 131.9 128.8 120.5 111 107.5 98.8 97 95.8 102.9 115.2 118.6 126.5 129.2 124.2 118.8 101.8 96.3 95.2 91.3 89.3 86.3 87.4 87.9 78 77.3 82.1 86.1 94.9 99.6
440.3 407.5 380.9 351.8 333.2 318.4 296.1 282.3 268.6 260.2 251.4 242 223.3 227.2 238.1 250.9 269.1 290.1 318 346.4 374.3 390.1 403.3 413.3 414.7 411.2 401.9 393.1 381.5 371.2 361.1 348.7 337.1 325.4 315.2 302.3 283.3 275.3 266.1 256.5 235.8 224 212.1 198.2 184.7 171.7 161.1 145.9 127.4 117.4 124.3 127.4 128.2 129.3 129.6 129.8 124.6 114.5 112.4 105.2 95.8 93.3 93.4 98.8 108.6 118.8 127.6 125.8 117.4 108.8 95.3 96.3 92.5 87.8 82.9 84.8 87.1 83.3 69.7 78.7 82.4 84.9 89.9 92.1
442.7 416.1 395.1 380.5 367.2 342.9 322.2 304.7 290.4 276.2 264.1 253.2 235.8 218.6 219.1 231.9 247.8 272.6 303.4 335 363.5 383.3 398.5 409.1 412.5 404.9 399.4 393.2 382.3 369.2 354.9 338.6 324.5 316.1 304.6 289.2 272.1 262.9 255.3 239.7 224.1 211.9 195.9 181.7 167.7 160 148.9 141.2 128.7 112 120.6 122 118.2 119.8 127.9 127.4 113.5 109.3 107.7 101.8 93.5 90.5 90.1 95.2 107.6 119.3 126.6 120.9 113.4 101.3 94.2 91.7 88.7 84.3 82.9 83 82.6 76.1 68.9 77.8 82.7 85.6 86.9 85.7
