STL Generation/terr50_gagg_gb/data/SD19.asc
ncols 200
nrows 200
xllcorner 310000
yllcorner 490000
cellsize 50
[rows 0 to 34 of 200, columns 80 to 159 of 200]
38.3 38.6 39.7 42.9 49.2 52.7 49.7 45.7 46.2 41.9 36.8 33.6 37.3 37.8 36.4 33.8 32.3 29.4 27.9 26.5 25.9 25.4 25.3 25.4 25.8 26.2 26.7 26.7 26.1 25 26.7 28.8 33.5 37.5 39.6 38.4 32.4 30.9 30.7 30.9 31.4 33 33.4 34 35 38.6 41.9 43.6 43.2 43.1 43.3 43.6 44.2 47.2 44.4 45.3 46.5 46.7 52 59.4 72.1 80.9 79.3 77.9 82.3 78.6 71.4 59.3 61.8 61.6 62.9 65.4 76.7 69.4 67.2 68.7 70.6 73.6 76.9 77.7
37.5 37.7 38.1 39.4 43.8 47.5 50.2 47.4 48.2 42.9 38.6 32.9 31.2 30.9 34.5 31.7 28.1 28 27.8 26 24.9 24.5 24.7 25.2 25.8 25.7 25.9 25.8 25.4 25.4 31 32.7 34.3 37.3 37.5 36 37 35.8 36.5 37.1 35.5 35.5 35.3 36.6 36.2 39.2 41.7 42.7 42.2 42.2 43.1 44 45.5 45.7 46.3 48.5 49.9 50.5 53.7 61.7 72.6 83.9 82.6 84.1 87.3 84.9 79.1 70.1 63.1 64.4 64.5 66.2 66.9 71.2 76.8 83.5 90.4 98 100.6 99.7
36.6 36.9 37.1 38.9 42.7 49.1 51.8 54.2 49 42.7 38.4 33.7 29.1 32.5 37.6 31.6 25.5 27.6 26.6 24.8 23.5 24.2 24.5 25 25.5 26 25.7 25.7 25.5 27 31.7 33.1 35.3 37.4 38.2 41.7 45.9 47.8 46 45.6 45.8 43.9 42.3 42.8 41.4 40.1 41.8 43.1 42.8 43.3 43.7 44.6 46.8 48.5 50 52.7 53.1 53.6 59.6 67.9 74.9 83.6 86.1 88.7 93.1 90.7 84.9 74.4 64.3 66.1 66.9 67.2 77.9 91.5 101.3 105 110.5 114.4 112.7 112.2
35.8 35.9 36.1 41.2 49 58 61.2 56.9 47.7 40.8 34.6 29 27.6 30.6 30.5 22.5 22.8 22.8 24.4 23 23.2 23.8 24.2 24.8 25.3 25.8 25.9 26.2 26.9 30.1 31.5 33.5 36.3 41 46.9 54.2 59.4 63.4 58.8 58 59.1 55.3 54.9 58.1 58.3 56.4 59.5 61.1 59.4 57.8 56.3 57.8 63.4 68.3 66.9 64.9 66 71.1 77.1 85.4 94.2 96.6 102.7 107.1 107.3 96.2 86.3 78.8 74.9 69 70.5 76.2 91.8 110.1 117.8 116.3 118.8 120.9 121.2 120.6
35.3 35.7 37.4 47.7 51.9 56.9 58.8 51.5 43.5 35.7 26.9 25.5 24.9 25.8 22.5 20.8 21.1 21.5 21.8 22.5 23.5 23.7 23.8 24.4 24.9 25.5 25.8 25.8 29 31.2 37.3 40.2 42.5 47.8 61.1 66.5 73.1 70.7 68.3 68.3 66.4 65.3 67.9 77.6 78.4 72.3 77.7 79.1 79.7 83.8 79.4 81.6 83.1 87.9 88.7 79.8 82 89.1 96 102.9 109 109.6 118.2 123.3 108.7 97.4 93.2 90.5 90.2 78.5 86.4 90.2 91.7 105.7 117.1 119.5 124.4 127 126.4 127.6
34.1 34.7 37 43.5 48.7 49.6 44.1 38.6 34.4 27.9 24 24.2 23.6 23.8 20.8 21 21.3 21.4 21.9 22.4 23.1 23.5 23.6 24 24.5 24.7 24.8 26.7 34.6 44.7 48.1 50.8 52.8 67.9 76.9 79.4 83.3 83.5 81.1 80.7 79.2 78.3 79.7 87.6 88.6 87.4 94 100.6 102.1 106.2 110 106.7 105.4 108.8 105.4 92.5 99.1 108.3 118.7 126.1 125 124 125.8 118 111.5 109.7 114.9 104 104 96.7 105.3 113.9 111.9 106.8 114.2 120 132.8 130.4 131 135.6
33.5 33.5 35.9 40.3 40.5 38.3 33.4 30.9 28.8 22.8 20.7 21.6 21.7 21.6 21.3 21.4 21.4 21.3 21.8 22.3 23 23.5 23.3 23.6 25.1 26.1 28.7 36.3 46 56.9 66.9 70.9 69.5 86.3 104.6 112.9 102.3 102.8 102.9 101 96.8 92.1 93.7 99.6 106.4 106.9 110.4 118.6 120.4 123 130.3 127.4 127.5 122.7 119.2 106.1 116.5 126.2 137.7 146.7 138.7 133.5 128.3 124.4 120.4 119.3 125.3 109 99.5 95.8 122.2 135 139.3 132.3 125.9 120.6 129.1 136.5 139.1 145
33.3 32.6 32.8 34.4 34.8 34.1 31.8 29.5 25.2 19.9 19.1 18.3 19.4 20.7 21.3 21.1 20.9 21.5 21.7 22.2 22.9 23.2 23 27.2 33.8 34.3 37.1 47.2 57.7 72.2 86.3 88 82.8 107.2 104.9 111.2 115.1 123.6 127.9 124.5 121.4 117 116.8 122.2 125 125.3 122.9 129.3 128.5 125.4 128.5 141.6 136.2 131.3 135 124.6 129.4 137.4 136.2 136.2 137 138.5 135.3 131.8 130.6 128.4 124 113.1 104.4 120.5 132.3 148.6 155.6 148.6 141 132.6 135.8 141.1 140.6 155.8
33.4 31.8 33.8 33.8 29.9 31.7 32.5 27 21.9 19 18.5 18.2 18.6 19.6 20.7 20.5 21 22.5 21.6 21.7 22.5 22.9 24.9 35.7 40.2 42.1 56.5 69.9 77.2 81.5 91.5 93.9 89.9 91.7 103 110.3 123.5 132.3 136.2 139.8 149 141.6 141.3 136.9 145.3 146.6 141.1 140.1 132.1 128.5 133.5 150.1 148.6 136 139.4 136.1 132.1 134.6 136.5 139.3 141.6 144.6 150.3 145.3 146.1 137.1 125.5 121.6 121 142.2 151.1 161 161.4 154 147.3 138.6 142.5 150.1 150.9 169
36.1 37.8 40.1 38.9 33.3 28.4 23.8 20.9 19.1 18.6 18.1 18.1 18.2 19.1 20 20.8 21.6 22.8 21.6 21.2 22.3 32.1 35.9 43.3 45.3 54.3 64.8 85.3 96.4 99.8 106 102.7 98.1 92.9 103.2 113.8 122.7 134.5 146.2 146.4 145 152 159 155.4 149.5 147.6 143.3 137.5 130 127.5 136.3 141.6 137.3 129.9 130.3 134.3 135.6 138.6 148.3 150.1 150.9 151.2 159.9 159.4 153.8 142.5 135 136.7 131.8 161.2 159 167.6 164.6 158.8 151.3 144.9 148.6 149.1 163.9 189.8
39.3 41.7 41.2 39.7 35.6 32 29.2 19.1 18.8 18.3 18 18.1 18.1 18.7 19.6 20.5 20.9 22 27.1 34.6 47.7 50.9 48.4 49.3 53.3 65.3 73.9 94.2 106.1 106.9 109.9 108 107.7 98.9 113.8 127.8 128 129.2 139.7 142.9 148.9 150.2 155.2 156.3 147.3 141.6 141.3 129.2 123.3 121.9 123 126.4 141.5 138.7 138.9 143 143.7 144.9 151 155.1 151.1 164.1 169.3 161.3 157.3 146.3 141 151.1 139.6 162.4 155.7 166.3 166.4 161.7 156.3 152.9 150.9 153.6 171.8 181.6
42 44 41.3 40 38.5 35.5 32.4 20.4 18 17.9 18 18 18 18.3 19.2 20 20.3 25.4 36.4 48.7 69.3 64.4 57.2 58.2 59.3 75.9 87.7 99.1 107.6 111.2 110.7 108.3 102.7 105.5 117.4 130.6 126.1 128.3 140.1 143.4 132.9 135.2 131.1 135.3 129.4 127 125 122.6 123.8 124.8 130.6 137.7 144 146.7 148.9 156.4 157.7 150.3 152.7 156.9 154 168.9 167.4 163.4 158 149.3 149.4 151.7 150.7 148.5 155.7 166.3 166.9 163.2 159.6 158.6 158.4 160 174.6 182.5
42.6 42.3 41 39.2 36.9 34.5 33.2 23.3 17.4 17.9 17.9 17.9 17.9 18 18.8 20 25.4 36.9 49 69.4 83.7 69.9 70.9 77.1 76.7 90.6 99.8 105.2 112.9 120.8 118.5 112.3 97.8 96.7 107.5 125.6 123.9 131.1 130.9 124.8 111.9 106.4 105.5 108.6 111.9 129.1 128.2 128.6 134.9 142.6 149.6 154.4 157.1 155.4 154 167 158 150.8 153 153.1 152.9 169.8 171.5 169.5 163.6 155.9 150.7 152.8 154 149.9 150.3 161.2 165.6 163 163.6 163.2 166.3 168.2 174.5 188.1
40.8 40.6 40.3 38.6 36.5 34.9 33.9 29 17.9 17.8 17.9 17.9 17.9 17.9 21.9 31.1 35.8 51.4 66.9 66.8 72.5 71.4 73 80.5 91.7 91.8 96.4 108.3 119.7 119.1 108.5 106.1 91.2 89 99 113.9 108.4 107.6 104.9 98.7 89.4 83.6 87.9 108.3 116.1 121.8 130.1 142.4 160 169 176.5 169.6 164.7 161.8 161.5 170.1 158.1 151.3 151.4 152.3 153.3 165 173 172.9 169.3 163.9 158.6 159.4 158.2 158.3 150.3 161.9 163.3 163.7 167.9 170.7 170.7 175.3 182.7 191.9
38 34.9 35.6 37.1 36.5 35.4 34.5 33.5 20.3 17.7 17.9 17.9 17.9 17.9 25.9 41.2 41.4 49.2 57.3 66.9 79.9 75.1 80.1 91 99.5 89.4 93.3 101 101.6 101.5 99.1 97 83.4 81.9 87.8 90.9 87.4 82.3 78.8 74 70 80.6 93.8 104.6 116.2 128.8 136.6 144.1 161.6 169 185.3 181 168.6 168.1 168 159.1 153.7 150.9 151 151.3 158.3 171.7 179.5 181.4 179.3 172.2 169.3 170.4 167.7 164.2 155.2 156.8 164 165.5 169.4 172.5 177.1 180.6 188.1 199.4
31.9 27.3 27.4 32.1 35.7 36.4 35.4 33.9 26.5 17.5 17.9 17.9 18.3 19.3 27.6 39.3 34.4 41.1 48.3 57.4 73.8 74.8 83.5 85.6 91 88.8 93.8 87.1 86.7 84.7 83.8 82.4 74.9 72.2 67.1 65.8 61.6 56.8 59.9 70.9 76.3 86.8 99.7 111.2 122.7 128.9 136.3 145.2 158.3 169.2 189.6 186.4 176.1 170.6 165.1 157 152.4 150.9 151.1 151.3 162.9 176 183.1 193.1 189.7 181.9 173.8 178.5 173.4 169.2 165 154.1 161.9 167.5 169.9 174.9 181.2 187.4 190.6 198.3
29.2 24.2 24.7 28.1 35.8 35.3 33.5 32.4 24 16.3 17.7 18 18.3 18.6 18.9 37.6 35 31.8 49.1 53.3 69.9 72.2 80.2 74.2 76.8 72.6 73.6 81.4 83.8 81.3 74.6 69 59.6 53.5 48.9 47.3 49.1 55.5 60.5 64.3 71.1 84.1 103.8 108.7 119.3 125.1 130 144.3 157.9 165 178.8 178.5 178.2 170.9 164.2 158.5 153.3 151.7 151.2 151.4 162.3 178.2 182.8 192.8 189.9 189.5 177.8 176.6 180.3 174.3 168.1 158.9 159.8 165.9 169.3 175.1 180.6 185.2 189.8 198
23 22.2 23.1 28.8 40.5 39.7 26.9 22.4 16.6 17.1 17.7 18 18.2 18.3 18.5 18.8 22.6 24.2 35.3 51.2 63.3 56.4 55.2 60 55.7 65.9 71.9 78.7 71.9 65.2 59.2 50.2 40.9 42.8 44.3 48.4 50.5 56.2 61.8 73.3 80 88.4 88.1 105 114.4 121.4 128.6 138.6 151.8 156.2 163.7 169.2 175.6 170.5 165.2 158.3 153 152.1 151.5 151.5 166.9 185 187 186.1 185 183.3 180 178.7 179 177.6 172 165.1 158.4 163.5 167 173.3 181.1 183.9 187.6 195.4
21 20.1 24.4 34.7 39.9 29.1 20.7 16.3 16.9 17.2 17.5 17.6 17.8 17.9 18.1 18.4 20.5 22.8 24.1 33.8 32.7 33.6 39.1 42.5 47.6 52.6 64.1 53.4 50.2 43.1 38.3 37.7 38.1 40.6 44.4 51.6 55.9 64.4 72.3 79.7 85.8 101.5 87.5 98 108.8 117.2 126 135.5 143.6 150.1 154.3 166.9 174.8 166.6 161 158.4 152.6 151.5 151.6 151.6 163.1 176.8 193.3 194.8 189.2 191.5 185.5 181.9 180.7 180 173.4 168.7 160.3 162.4 167.8 174.9 179.3 181.9 187.9 192.1
21.1 19 22.7 28.6 28.5 22 16 16.3 16.7 17 17.2 17.3 17.4 17.6 17.7 18.2 20 21.9 22.9 24.7 26 29.3 35.8 35.4 39.3 42 37.8 37 36.6 35.9 36.7 36.9 37.7 41.2 48.1 54.9 64.4 79.1 88.4 99.5 108.5 115.4 125.6 93.7 90.7 109.1 124.9 131.9 136.6 143.7 150 157.8 164.3 159.4 160 158.4 152 151.5 151.7 151.6 159.9 177.7 183.2 185.8 189.8 191.4 187.3 181.1 179.5 179.8 173.6 171.6 164.2 165.8 172.2 182.7 189.1 186.7 198.4 197.7
18.8 18.1 21.1 21.7 20.9 16.8 15.9 16.1 16.4 16.8 17 17.1 17.2 17.3 17.4 17.9 19.7 20.8 21.6 23.3 24.3 25 27.7 28.7 30.2 29.8 29.8 31.2 31.9 34.2 35.6 39.9 46.5 51.1 59.9 67.1 76.6 85.2 107.1 111.4 123.7 125.9 150.5 134.3 100.8 91.5 116.3 128.4 133.9 137.4 141.8 147.9 156.6 159 159 159.1 151.9 151.3 151.7 151.8 162 171.6 169.8 177.6 185 187.7 186.5 181.5 180.8 180.2 173.8 166.4 166.5 168.4 174 182.7 188.1 193.2 200.2 199.3
16.6 16.9 17.2 16.1 15.4 15.7 15.5 15.8 16.2 16.6 16.7 16.8 16.9 17 17.3 17.9 19.1 19.7 20.2 22.3 23.9 25.8 27.4 28.3 29.1 29.3 29.1 31.8 33.8 38.5 43 50.6 63 69.5 76.2 87.7 104.6 106.8 129 140.1 148.3 137.3 145.8 149.9 139.8 112.3 94.9 111.5 128.2 136.2 140.3 146.5 157.8 159.2 157.2 155.7 151.7 152.5 153.2 152.8 155.1 160.5 169.1 179.5 183.4 185.6 184.9 181.9 182.1 187.3 175.5 165.2 169.7 172.1 175.9 180.4 185.8 189.6 191.4 199.4
14.2 14.8 15.3 15.1 15 14.9 15 15.6 16 16.3 16.4 16.5 16.6 16.9 17.3 17.9 18.9 18.9 19 20.6 23.2 25.7 27.4 28.4 29.1 29.4 32.5 38.5 43.4 51.3 61.1 71 81.3 93.1 105.6 119.1 126.9 128.9 140.1 139.6 167.1 160.1 153 152.1 162.7 142.7 126.8 110.8 122.2 137 141.4 146.6 157 157.7 153.9 151.9 153.4 156.3 159 156.5 156.5 160.3 170.3 179 189.1 185.5 185 182.8 185 187.1 174.7 167.7 171.6 176.2 174.3 179.1 181.1 183.4 188.3 198.3
13.5 13.7 14.3 14.7 14.7 14.9 15.2 15.3 15.9 16 16.1 16.2 16.5 16.9 17.3 17.9 18.6 19.3 21.1 23 24 26.1 27.5 35.1 44.7 51.5 54.7 60.9 67.8 74.8 87.3 96.4 109.9 122.7 137.8 157.7 162 160.7 170.9 168.4 168.9 170.6 164.2 159.5 160.4 154.5 145.6 139.7 109.4 131.1 136.8 143.4 149.9 149.5 147.2 153.1 157.5 160.8 165.9 164.7 161.8 168.7 173.9 180.9 184.3 185 184.7 182.8 187.6 183.6 175.1 169.1 171.8 173 173.3 177.9 180.7 184.9 190.2 199.8
13.2 13.3 13.5 14.1 14.4 14.6 14.9 15.1 15.4 15.7 15.8 16.1 16.5 16.9 17.3 17.9 18.4 22.5 24.8 28.2 28.7 33.8 47.5 60 70.6 77.9 87.2 90.7 95.6 104.3 116.9 125.7 139 150.8 169.5 175.5 191.9 189.3 194.2 192.8 169.6 173.3 167.7 159.7 159.2 156.8 151 144.7 133.7 115.8 128.3 133.5 137.9 142.3 150 155.8 160 162.9 163.4 164.7 166.2 171 178.6 189.3 187 179.4 179.6 181.6 183.6 178.6 174.6 172.4 170.7 171 172.5 175.8 180.9 186.4 194.5 205.1
13.7 13.9 13.8 13.9 14.2 14.4 14.7 14.9 15.1 15.3 15.7 16.1 16.5 17 17.4 19.6 27.9 35.6 38.8 39.5 44.5 54.1 68.3 91.2 104 110.4 124.2 129.1 141.6 147.3 150.6 155.4 168.5 186.8 197.9 207.6 211 206.5 212.5 204 182.5 178.9 172.2 162.1 157.1 155.4 152.9 148.1 141.7 132 132.6 134.7 133.3 140.5 149 151.3 154.8 156.4 158.8 160.9 162.8 164.2 165.7 168.6 173.7 177.6 180.2 185.3 182.9 178.8 175.7 175.2 173.7 172.9 175 177.1 181.4 191.5 198.4 206.7
13.8 14 14.1 14.1 14.2 14.2 14.5 14.7 14.9 15 13.7 14.9 15.9 17.3 23.3 35.7 43.7 53.2 55.6 60.9 62.2 71.9 87 109.4 121.9 128.9 140.9 151 174 180.8 180.8 184.2 196.3 207.5 226.3 235.5 232 227.6 215.5 203.4 190.3 177.2 173.7 164.5 158.4 155.9 155.1 150.8 145.7 142.8 140.1 141 140.8 142.1 145.3 148.8 152.5 156.9 161.2 164 161.8 163 163.9 166.1 171.1 177.1 183.6 187.5 185 180.1 177.2 178.8 176.9 176.3 177.5 179.1 183.7 192 200.9 202.3
13.3 13.7 14.3 14.3 14.2 14.2 14.3 14.5 14.6 15.2 14.1 15.6 24.6 34.6 47.8 62.8 74.4 77.4 84.5 85.2 96 97.5 104.7 123.2 139.6 151 161.6 174.8 196.6 207.9 202.6 205.2 212.3 224.1 232.6 239 239.3 229.5 217 203.5 191.7 180.7 173.4 167.6 162.6 158.1 155.5 153.5 150.1 150.3 149.1 145.1 145.3 148.4 153.6 156.8 159 162.5 165.3 167.9 166.4 165.3 163.8 166.3 174.7 181.6 188.3 192.7 185.4 180.8 179.7 181.6 180.2 179 179.4 181.3 183.9 188.4 194.9 201.2
12.7 13.1 13.6 14 14.2 14.2 14.2 14.3 14.8 15.3 17.3 31.4 41.5 60.6 78.7 105.9 104.5 109.2 115.2 114.1 124.2 133.4 132 141.4 166.2 179.8 195.1 195.9 202.9 214.2 213.5 219.8 221.8 231.8 236.6 240 235.3 228 219.2 206.5 198.2 186.3 179.5 171.6 167.4 161 159.5 157.8 155.5 156.4 156.9 150.3 152.4 154.7 160.9 162.1 163.3 164.8 166.4 168.8 169.4 168.6 166.6 166.7 177.3 183.5 190.3 194.8 186.1 180 181.3 182.8 180.6 179.2 181.6 182.6 184.6 187.2 192.1 201.2
12.4 12.4 12.9 13.4 13.7 14 14.1 14.5 15.4 20.7 32.5 46 60.4 80.7 99.9 114.9 141.8 143.4 139.1 141.8 139.9 153.6 159 167.1 176.8 195.3 206.2 212.1 213.7 219.2 222.4 230.8 235.9 236.1 237.7 237.7 234.7 228.6 223.5 211.4 204.5 195.9 185.8 179.2 172.2 167.9 164.3 163.9 161.5 163.2 163.9 162.8 161.8 161.3 164.8 165.7 167 168.6 170.2 171.8 173.2 174.6 172.4 172.7 177.4 180.5 186.9 187.5 182.2 181.3 180.5 181.1 180 180.2 183.4 184.2 185.8 187.3 195.4 203.5
12.3 12.2 12.4 12.7 13.1 13.4 13.8 16.2 22 34.8 49.6 69.2 80.2 99.5 113.1 143 166.4 170.6 171.4 161.2 160.5 170.2 173.3 179.1 188.6 208.7 222.6 229 228.8 234.4 227.4 229 232.2 233.2 234.7 237.2 236.1 235.7 230 220.9 211.3 203 191.7 183 175.2 169.7 168.1 169.7 169.8 171 172.1 173.2 172.2 169.2 167.8 167.9 170.8 172.3 173.9 175.6 177.6 180.1 178.6 179.6 180 180.5 183.5 182.6 182.3 182.1 181.6 181 181.4 181.6 184.6 186.9 188.1 189.3 195.6 206.1
12.2 12 12.1 12.3 12.3 12.4 16.7 25.9 37.1 50.2 69.5 87.5 99.6 119.7 142.3 158.4 192.7 197.6 194.9 178.3 176.8 181.8 184.6 184.3 190.9 215.3 232.6 243.4 241.1 230.5 221.7 222.1 227 230.3 232.6 234.9 239.8 241.1 239.9 224.6 214.5 203.8 194.2 185.2 178 175.1 174.6 176.4 178.1 178.6 179.1 179.9 179.9 174.5 169.7 170.7 173.8 176 177.5 179.4 181.5 184.8 185 185.4 184.9 184.6 188.8 185.4 184.2 183.5 183 182.7 183.1 183.6 187.4 190.5 192 193.4 199.1 206.8
12.2 11.9 11.9 12.1 14 19.8 29.3 41.9 58.5 69 89.3 106.8 129.7 148.6 170.7 185.1 200.8 207 207.2 200.5 190.6 193.1 194.6 193.4 199.3 215.5 228.4 242 235.6 221.7 216.3 216.4 221.1 230.6 228.4 233.9 240.5 242.6 240.3 224.3 213.9 205.3 195.6 190.1 187.3 186.1 185.9 187.4 184.3 183.2 184.1 183.7 181.1 179.1 175.1 174.5 176.6 179.3 181 183.2 185.3 187.3 190 191.1 190 189.7 190.9 188.5 185.8 185.1 184.7 184.7 185.2 185.7 189.9 193.6 196.1 197.5 197.5 205.2
10.8 11.5 11.5 15 22.1 32.6 43.4 63.5 82.8 103.3 122.9 131.8 154.9 162.8 186.1 200.2 219.8 221.5 225.3 221 206.6 206.7 210.7 208.5 205.4 215.9 226.2 222.7 221.8 213.1 208.6 208.1 210.8 218.4 225.6 231.7 241.3 239.1 234.2 222.1 213.7 205 200.1 200 198.9 196.9 194.9 193.1 190 189.1 187.9 186.7 184.8 183.4 180.5 178.9 180.6 181.6 183.2 185.3 187.8 190.2 192.5 195.3 195.6 195.6 199.9 192.5 187.8 186.9 186.4 186.8 187.4 188.1 191.7 196.3 199.4 201.2 200.3 204
12.2 14 17.4 22.3 31.4 41.9 60.5 83.7 105.1 129.4 153.4 165 183.8 185.9 195.9 211.5 226.3 231.4 239 237.5 224.5 216.1 219.6 216.2 211.6 212.9 215.7 210.7 209.5 203.8 198.9 201.9 207.4 215 223 229.5 234.3 228.2 225.4 219.7 215.9 215.2 212.8 213.2 206.8 203.2 199.8 196.8 194.6 193 191 189.3 188.7 188 184.8 183 182.9 183.2 185.3 187.3 189.9 193.3 194.3 196.9 200.3 202.5 206.9 198.5 190.4 188.4 188.7 190 190.4 190.4 194.4 199.2 204.7 206.6 207.3 203.4
