STL Generation/terr50_gagg_gb/data/SD46.asc
ncols 200
nrows 200
xllcorner 340000
yllcorner 460000
cellsize 50
[rows 78 to 116 of 200, columns 88 to 175 of 200]
-1 -0.7 -0.5 -0.2 0 0.3 0.5 0.7 1 1.2 1.5 1.7 1.9 2.2 2.3 2.5 2.6 2.7 2.9 3 3.1 3.2 3.4 3.5 3.6 3.7 3 2 1.1 0.2 -0.8 -1.7 -2.9 -0.9 1.1 3.2 3.7 3.7 3.8 4.3 4.9 6.4 6.5 9.9 22.4 27.7 29.2 29 27.9 21.6 26.2 27.9 30.2 31.7 32.6 33.2 30.7 28.7 28.7 29.5 29.1 31.8 35.1 36.6 37 39.3 42 40.6 40.8 44 47.9 49.4 48.3 41.9 39.1 40.2 40.8 40.5 40.1 39.7 40.2 40.4 42.6 45.8 56.5 61.2 65 68.7
-1 -0.8 -0.6 -0.3 -0.1 0.2 0.4 0.6 0.9 1.1 1.4 1.6 1.9 2.1 2.3 2.5 2.6 2.8 2.9 3 3.2 3.3 3.4 3.6 3.7 3.6 2.6 1.7 0.7 -0.2 -1.2 -2.1 -2.9 -2.9 3.3 3.8 3.7 4.4 6.2 6.8 6.3 5.9 6.5 18.6 22.8 23.6 23.8 24.6 25 21.6 26 26.6 28.1 29.4 31 32.2 29.8 26.9 27.2 31.3 31.1 32.4 35.2 36.9 37.9 39.9 43.3 42.9 44.6 46.6 49.8 47.4 41.3 37.9 38.7 38.1 38.7 39.5 40 39.8 40.2 40.6 46.8 55.3 60.7 65.6 68.9 70.8
-1.1 -0.9 -0.7 -0.4 -0.2 0.1 0.3 0.6 0.8 1 1.3 1.5 1.8 2 2.2 2.5 2.7 2.8 3 3.1 3.2 3.4 3.5 3.6 3.7 3.2 2.2 1.3 0.4 -0.6 -0.7 0 0.2 -2.9 0.8 3.7 7.4 6.7 6.7 6.2 6 6.7 9.9 20.2 22.1 20.3 19.1 20.1 20.7 22 24.8 26 27.2 28.4 29.4 30.6 27.4 27.2 27.5 32.1 32.2 33.1 35.4 35.8 38.8 41.4 43.9 44.5 45.8 46.4 47.5 42 38.2 37.2 38.5 38.7 38.4 39 40 40.1 41.4 45.4 55.6 62.2 64.4 68.2 70.7 72.1
-1.2 -1 -0.7 -0.5 -0.3 0 0.2 0.5 0.7 0.9 1.2 1.4 1.7 1.9 2.1 2.4 2.6 2.9 3 3.1 3.3 3.4 3.5 3.7 3.7 2.8 1.9 0.9 0.6 0.8 1.2 2.5 2.6 2.1 -2.9 7 6.1 5.4 6.4 8.7 13.2 14.6 13.5 19.3 20.2 17.1 16.6 17.5 19.7 22.4 25 27.2 29 29.7 31.4 30.5 27.6 28.9 31.3 32.6 31.2 33.8 35.7 35.6 37.9 42.3 45.9 46.6 46.7 51 48 41.7 37.5 37.1 37.8 40.7 41.7 42.3 44.1 44.1 45.8 51.1 59.2 63.5 65 67.1 69.2 72.1
-1.3 -1.1 -0.8 -0.6 -0.4 -0.1 0.1 0.4 0.6 0.9 1.1 1.3 1.6 1.8 2.1 2.3 2.5 2.8 3 3.2 3.3 3.5 3.6 3.7 3.4 2.5 1.9 2.1 2.3 2.5 4.9 5.9 7.1 8.3 5.4 5.3 5.6 5.7 5.6 6.7 6.3 6.1 13 17.2 18.2 16.1 16.1 17.2 21.5 23.4 25.9 28.8 31.7 33.1 33.8 29.5 28.6 30 32.4 32 31.5 34.1 37 36.3 39.6 44.4 48.6 48.8 50.2 56.2 49.3 42.3 37.3 36.9 39.8 52.9 53 52.3 54.1 49.9 49.1 53.8 61.1 64.7 66.2 66.7 68.2 71.4
-1.4 -1.2 -0.9 -0.7 -0.4 -0.2 0 0.3 0.5 0.8 1 1.2 1.5 1.7 2 2.2 2.4 2.7 2.9 3.2 3.4 3.5 3.6 3.7 3.1 3.3 3.5 3.7 3.7 6.9 7.1 7.5 9.6 7.4 4.3 5.1 5.3 5.2 5.1 5.6 5.6 9.8 10.4 13.9 16.6 16.6 17 18.5 21.7 23.6 25.7 28.5 31.8 32.4 32.3 29.6 29.4 30.8 32.2 31.8 32.4 36.1 37.6 37.1 40.3 45.6 48.7 48.2 53.7 55.4 48 41.7 37.4 36.8 42.9 54.7 58.4 60.5 60.3 53.6 52.2 57.2 61.9 67.3 70.1 67.1 67.5 69.4
-1.5 -1.3 -1 -0.8 -0.5 -0.3 -0.1 0.2 0.4 0.7 0.9 1.2 1.4 1.6 1.9 2.1 2.4 2.6 2.8 3.1 3.3 3.6 3.7 4.4 3.7 3.7 6.1 8.6 7.2 6.2 6.2 9 9.3 6.7 4.5 4.9 5.2 5.1 5.1 5.1 5.9 10.2 12.1 12 13.8 17 18.8 19.6 21.7 22.6 23.9 26.2 28.2 29.9 29.6 29.1 30.8 33.2 32.1 33.3 36.1 39 38.7 38.2 40.8 46.1 47.7 47.1 54.2 51.6 45.8 40.4 37 36.8 44.1 54 58.8 63 61.4 55.9 58.4 62 64.1 68.5 71 69.3 68 69.9
-1.6 -1.4 -1.1 -0.9 -0.6 -0.4 -0.1 0.1 0.3 0.6 0.8 1.1 1.3 1.5 1.8 2 2.3 2.5 2.7 3 3.3 3.6 3.7 3.7 8.4 8.7 9.9 8.7 5.8 5.6 8.2 10.1 9.1 5.9 4.7 4.8 4.9 4.8 5.3 5.8 7.6 11.1 13.5 13 11.7 15.7 18.5 19.2 20.3 22.1 23.5 25.9 29.1 31.2 29.1 30.7 32.9 35.4 34 35.3 38.4 39.7 39.4 39.6 41.8 43.4 44.7 47.4 50.8 47 42.1 38 36.8 37.8 47.4 54.2 59.3 63.7 60.8 58.2 61.9 65.4 66.2 68.8 70.1 69.6 69.6 70.9
-1.7 -1.4 -1.2 -1 -0.7 -0.5 -0.2 0 0.2 0.5 0.7 1 1.2 1.5 1.8 2.1 2.3 2.6 2.9 3.2 3.5 3.7 3.7 6.5 10.1 11.5 10.8 8.3 5.4 6.5 9.9 11.7 10.1 6.5 5.2 4.7 4.7 4.8 5.7 7.3 10.2 11.7 14 14 13.4 13.4 16.3 17.7 19.9 22.2 24.8 28.8 30.9 31.1 29.1 32.7 35.5 39 38.1 37.9 40.2 39.4 38.8 40.3 41.3 42.3 43.2 46.6 44.6 40.4 37.1 35.9 36.9 41 46.3 53.9 59.4 62.2 59.7 59.5 63.5 65.2 65.7 66.8 68.4 66.3 68.3 71.9
-1.8 -1.5 -1.3 -1.1 -0.8 -0.5 -0.3 0 0.3 0.6 0.8 1.1 1.4 1.7 1.9 2.2 2.5 2.8 3.1 3.3 3.6 3.7 3.7 8.3 8.1 11.6 9.7 5.5 5.7 8.8 12.1 13.1 11.4 9.3 9.8 6.7 4.7 4.8 6.9 9.1 10.4 11 13 13.3 13.3 13.9 15.7 17.9 21.6 25.3 28.7 29.9 32.5 31.9 29.1 29.1 39.2 41.4 41.5 40.4 39.5 39.2 38.5 40.2 41.7 41.2 41.8 41.5 38.5 35 35.7 37 44.5 51.1 52.8 53.5 57.7 59.7 57.5 59.7 62.1 63.7 64.1 64.9 66.7 64.5 68.7 74.3
-1.8 -1.5 -1.2 -0.9 -0.7 -0.4 -0.1 0.2 0.4 0.7 1 1.3 1.5 1.8 2.1 2.4 2.7 2.9 3.2 3.5 3.7 3.7 7 7.3 8.1 10.9 9.1 5.6 6.5 10.7 13.7 14.2 13.7 14.8 15.3 8.2 4.8 6.3 8.6 10 9.6 9.4 10.3 12.8 14.4 15.5 17.2 21.5 24.3 28.4 30.6 30.7 32.1 32.5 29.1 29.1 36.5 42.3 41.8 40.9 39.3 38.9 40 41.6 40.3 38.9 37.9 36.3 34.9 36.4 37.7 46.3 53.6 58.3 60.7 59.8 60.1 59.3 57.6 58 59.7 62.3 64.2 64.1 64 64.2 68.9 74
-1.6 -1.3 -1.1 -0.8 -0.5 -0.2 0 0.3 0.6 0.9 1.1 1.4 1.7 2 2.3 2.5 2.8 3.1 3.4 3.6 3.7 4.2 8.2 7.4 6.4 7.1 8.4 5.8 8.6 12.1 14 15.2 15.6 18.7 16.8 10.5 5.8 6.6 8.1 9.7 9.4 9.5 10.3 12.3 14.6 17.6 19.1 22.8 26.9 30.2 31.1 31.2 32.5 33.6 30.1 29.1 37.8 41.8 41.2 40.3 39.5 39.9 40.8 38.6 34.8 33.9 35.1 35 35.2 39 44.4 51.7 59 64.1 66.8 66.4 66.9 63.8 60.3 58.6 59.5 63.3 65.2 64.8 65.1 65.9 69 70.8
-1.3 -1.1 -0.8 -0.6 -0.4 -0.1 0.2 0.5 0.7 1 1.3 1.6 1.9 2.1 2.4 2.7 3 3.2 3.5 3.7 3.7 8 8.6 8.1 6.4 6.9 7.2 7 9.4 11.9 14.2 16.8 18.8 20.2 17.1 9 5.3 6.9 9.4 8.1 8.6 8.8 9.8 10.5 14 18.4 21.2 22.4 25.3 29.5 31.5 32.1 32.7 31.6 29.1 36.7 42.7 41.3 41.5 40.3 41 40.4 36.3 33.2 32.6 33.2 33.7 34.2 36.8 42.4 46.8 55.4 64.8 68.9 70.2 71.2 71.5 67 62.6 59.7 63.6 67.2 68.4 70.2 71 69.1 68.1 66.6
-1 -0.7 -0.5 -0.2 0 0.2 0.4 0.7 0.9 1.2 1.5 1.7 2 2.3 2.6 2.8 3.1 3.4 3.7 3.7 7.9 10.4 9.7 9.5 7.4 7.1 6.3 7.3 9.3 11.2 14.6 18.4 19.2 18.4 13.4 6.4 7.5 8.6 9.4 10.8 8.2 9.5 9.7 10.4 13.8 18 21.1 20.3 21.7 25.6 31.2 32.3 33.2 30.4 32.5 43.4 41.5 41 41.6 41.6 40 36.8 32.9 32.7 33 33 33.1 34.9 38.5 46.1 51.5 58 66.4 69.6 71.7 73.8 72.8 67.4 63.2 61.4 65.4 69.2 71.1 73.1 74.3 72.4 66.8 64.2
-1.2 -0.6 0 0.1 0.3 0.6 0.8 1 1.3 1.5 1.7 1.9 2.2 2.4 2.7 3 3.3 3.5 3.7 7.8 9.1 8.5 8.4 10.3 8.3 8 6.9 7.6 9.4 10.6 13.5 16.2 16.3 15.3 10.9 6.4 8.4 9.7 7.8 8.8 8.4 10.3 11.4 12.3 14.8 17.9 18.4 18.4 20.3 23.4 27.5 29.5 33.2 29.1 34.1 42.3 40.2 41.5 42.3 41.4 37 34.2 32.3 32.2 32.8 33 33 35.5 42.7 50.1 56.4 62 65 68.1 71.1 73.5 71.5 66.2 62.8 63.8 65.9 68.1 70.4 73.3 74.3 72.7 66.3 64
-1.8 -1 -0.2 0.4 0.8 1 1.2 1.4 1.6 1.8 2.1 2.3 2.5 2.7 3 3.2 3.4 3.7 7.2 7 5.6 5.8 5.6 7.7 8.7 10.4 8.2 6.5 7.6 9.1 13.3 14.1 13.1 11.8 9.8 5.8 8.4 8.8 6.4 7.2 7.3 9.6 11.8 13.4 15.6 16.1 16.8 19.2 21.7 25.3 28 28.3 28.9 30.4 36.6 37.7 39.9 42.6 42.8 38.9 34.3 32.5 32 31.8 32.4 32.9 32.6 37.8 46.4 53.2 58.2 59.6 61 64.8 68 70.3 68 64.1 63 64.4 65.9 66.6 68.7 71.2 72.7 69.8 65.7 64.3
-2.5 -1.7 -0.8 0 0.8 1.4 1.7 1.8 2 2.2 2.4 2.7 2.9 3.1 3.3 3.6 3.7 7.1 6.7 5.7 5.2 5.6 5.8 5.9 8.1 9.3 9.8 7.7 6.1 8.6 12.5 12.5 11.1 9.7 9 5.1 8 7.6 6.5 7.3 7.9 9.4 11.2 14.1 15.2 15.2 16.7 21.2 22.2 24.1 26.3 26.7 28.6 32.1 33.2 36.3 39.1 39.9 39.7 35.3 32.7 31.7 31.5 31.5 31.9 32.5 33.2 40.8 48.9 55 55.1 55.6 57.1 60.2 63.1 64.6 62.6 60.9 64 67.7 69.9 66.3 65.8 68.9 69.4 66.9 66.1 64.6
-2.9 -2.4 -1.6 -0.7 0.1 1 1.8 2.3 2.5 2.7 2.9 3 3.3 3.5 3.7 3.7 7.2 7.1 6.3 5.7 5.7 5.6 6 5.3 6.3 7 9.7 7.8 5.5 8.6 11.2 10.6 8.8 4.7 5.1 5.4 7.8 7.6 6.6 7.5 7.9 9.8 12 14.4 13.6 16.1 18.3 21.8 22.1 23 26.3 28 30.7 35 38.5 40.9 39.2 39.3 38.4 33.8 32.1 31.5 31.3 31.3 31.4 32.2 34.7 43.1 51.1 54.3 52.7 51.7 52.6 55.4 58 58.6 57.7 59.8 65.6 71 72.9 69.4 64.4 66 66.5 65.6 64.8 63.5
-2.9 -2.9 -2.9 -1.5 -0.6 0.2 1.1 1.9 2.8 3.2 3.4 3.5 3.7 3.7 3.7 7.3 8.3 7 6.3 5.4 6.3 7.2 8.9 7.2 7.2 7.6 9.8 8.6 5.9 7.7 10 9.6 7.1 5.7 5.7 6.3 7.3 6.7 6.8 6.6 8.3 11.3 14.6 12.9 13.7 16.6 18.8 22.3 21.2 23.4 26.5 28.6 33.2 38.4 42.7 43.8 39 40.2 37.9 33.1 31.5 31.3 31.2 31.1 31 32.2 36.8 45.3 53.3 53.7 50.5 49.2 49.1 50.9 53.6 54.5 54.9 60.5 67.3 72.5 74.3 69.8 63.3 64 64.3 64.2 63.3 62
-2.9 -2.9 -2.9 -2.9 -1.5 -0.7 0.2 1.1 1.9 3 3.7 3.7 3.9 4 7.4 8.5 9.8 7 6.9 7.5 9.5 9.2 9.2 8.9 8.8 8.3 7.5 5.9 5.4 7.8 8.6 8 5.7 5.5 5.4 5.7 7 5.9 6.7 8.3 10.5 13.8 14.6 12.3 13.8 16.7 19.1 21.3 20.7 22.4 25.6 28.6 33.7 41.4 44.2 41.8 39.4 39.7 37.2 32.4 30.4 30.6 30.9 31 31 32.1 39.6 47.9 55.5 54.7 51.2 49.4 49.1 49 51.3 52 55 60.8 66.9 71.4 71.5 66.6 61.9 61.5 61 61 61.7 60.3
-2.9 -2.9 -2.9 -2.9 -2.6 -1.3 0.1 1.6 3 3.7 3.7 5.1 7.2 7.7 8.8 9.7 10.9 11 10.8 9.9 9.2 8.8 8.3 7.2 7 7.8 5.9 5.1 5.8 7 6.8 6.4 5.2 5.3 5.4 5.4 5.4 5.7 7.7 9.4 10.8 11.7 11.7 14.1 17.4 19.4 21.8 22 22.6 23.8 25.7 32.2 39 45.8 48.3 44.1 41 37.4 35.7 34.8 30.8 30.2 30.5 30.6 31.1 32.6 43 53.7 57.3 56.3 53.8 51 49.3 49.8 50.9 51.9 54.1 59.4 65.2 68.3 69.3 63.9 57.6 55.4 57.5 59.6 59.4 59.3
-1.1 -2.9 1 1.2 -1 0 1.5 3 3.7 5.4 7.4 7.6 7.9 8.8 9.7 10.6 10.9 10.8 10.1 9.1 8.6 7.9 6.7 5.8 5.7 5.3 5.5 5.4 5.2 5.8 5.4 5.9 6.3 5.5 5.3 5.5 6.1 6.3 8.7 10.7 12.5 11.6 16 21.2 28.6 27.4 25.1 21.8 22.9 23.9 26.6 34.9 42.9 48.2 53 45.3 39.3 36.3 35.9 37.3 33.6 30.3 30.1 30.4 31 36.1 47.2 56 58.4 57.9 55.4 52.9 52.7 52.9 52.9 51.8 52.1 56.8 61.4 63.6 62.5 57.8 53.1 50.7 52.6 54.9 58.4 56.6
0.8 3.6 3.7 3.7 2 2.7 3.8 6.9 7.3 7.3 7.4 7.9 8.7 9.5 10.3 10.3 10.2 9.5 9.3 9.2 7.8 6.8 6.1 5.9 5.9 5.6 5.4 5.6 5.7 5.7 6 7.2 6.7 5.4 5.9 5.7 5.7 6.7 8.3 9.9 11.9 13.9 19.6 26.8 30.6 25.7 23.1 22.1 24.8 23.8 28.7 37.4 45.3 52.6 51.4 44.9 40.2 36.8 36.6 38.2 33.7 29.8 29.6 30 30.8 40.2 50.9 57.1 58.1 58 56.1 55.8 56.8 56 55.9 54.1 49.6 54.4 57.7 57.3 56.2 52.6 48.7 47.6 49.9 53.3 56.3 53.3
3.7 4.6 4.5 4.8 6.5 7 7 6.9 7 7.1 7.3 7.9 9.1 9.8 9.7 9.7 9.9 9 8.9 8.2 6.9 6.1 5.8 5.9 5.9 5.7 5.4 5.7 5.8 5.8 6.5 6.9 8.3 7.3 7.5 9.9 5.9 6.3 7.4 8.1 9.2 14.9 27.2 32.5 28.1 24.6 22.6 23.3 24.8 26.7 31.7 39.7 47 54.1 51.2 45.3 41 37.5 36.6 37.2 32.8 29.2 29.1 29.3 32.9 42.6 51 55.4 55.3 55.6 55.1 58.1 59.9 58.5 59.3 55.4 50 49.9 52.3 51.1 48.7 46.8 44.2 44.5 47.2 52 52.7 50.7
6.4 6.7 6.7 6.9 6.6 6.5 6.5 6.4 6.4 6.7 7.3 7.3 9 9.3 8.8 8.9 8.9 7.8 7.8 8 6.4 5.9 5.7 5.8 5.6 5.6 5.3 5.5 5.5 5.6 7.1 8.3 8.2 8 7.4 5.7 5.6 11.7 9.2 8.3 9.1 17.6 26.5 27.5 24.8 22.3 22.3 22.6 24.3 27 34 40.9 48.3 55.3 50.7 46 42.4 38.9 37.7 37.7 33.3 29.5 28.9 29.3 33.6 42.7 50.1 52.6 53.8 53.8 55.6 58.6 60.8 60.3 60.9 54.4 47.8 45.4 48.5 47.8 44.2 43.8 44.3 44.1 44 47.5 49.4 51.4
5.9 6.1 6.3 6.6 6.5 6.4 6.3 6.2 6.1 6.3 7.3 7.3 7.8 8 7.5 7.4 7.5 6.4 6.1 6.3 5.5 5.9 5.7 5.7 5.4 5.4 5.2 5.1 5.9 6.2 10.1 9.8 9.3 8.3 8.2 5.7 5.6 6.8 12.5 9.1 10.9 18.5 24.3 26.1 22.8 21.1 21.7 22.4 23.5 28.3 35.1 41.9 49.6 54.4 49.6 45.8 43.3 40 39.2 40.9 35.8 30.3 28.9 29.5 33.8 42.4 48 51.2 52.6 54 55.7 59.3 61 60.7 59.4 52.7 46.8 44.1 45.5 45 44 45.2 44.9 44.3 44.5 45.1 48.1 51.5
5.6 5.7 5.8 6.2 6.5 6.3 6.2 6 5.4 5.9 6.3 6.1 7.1 6 6.9 6.3 6.2 5.7 5.2 5.6 5.8 5.8 5.8 5.7 5.5 5.4 5.4 5.9 5.6 6.7 9.5 10.6 10 8.8 7.7 6 5.9 7.4 9.9 12.6 11.8 15.9 22.2 24.1 21.5 20.5 21.7 22.2 24.7 29.8 36.3 43.3 51.1 51.9 48.1 44.8 43.2 40.8 39.2 42.7 39.5 32.8 28.6 28.7 32.6 41.5 47.2 49.5 51.4 52.8 55.9 58.9 57.3 57.4 55.6 49.7 45.4 42.5 44.1 44.5 44.3 45.6 46.2 44.5 44.9 46.6 48.9 51.6
5.6 5.7 5.9 6.1 6.2 6.1 6.1 6.1 5.6 5.7 5.7 5.7 6 5.5 5.7 5.7 5.9 5.9 5.7 5.6 5.7 5.8 5.8 5.7 5.8 5.9 5.6 5.4 5.6 6.6 8.5 9.8 10.2 9 6.7 6.8 7.9 7.7 9.6 12.8 12 15.9 21.2 21.6 20.3 19.7 22.5 22 23.7 31.1 36.7 44 50.2 48.7 45.4 45.1 43.9 41 41.9 44.2 40.8 34.4 29 27.6 30.4 39.3 44.4 47.8 49.8 52.3 55.7 54.4 52.3 54.7 51.8 47.1 43.2 40.3 44 45.8 47 48.1 47 45.5 46.4 47.2 49.2 51.1
5.6 5.8 6 6 5.9 5.9 6 6 5.9 5.9 5.8 5.8 5.9 5.9 5.8 5.3 5.5 5.9 5.8 5.7 5.6 5.8 5.7 5.2 5.8 5.4 5.3 5.5 5.7 6.7 7.7 8.7 9.6 9.7 7.3 8.1 7.6 8.2 9.1 9.2 11.3 14.2 19.3 19 18 18.1 20.2 22.1 22.9 31.6 37.5 45 46.4 44.4 42.4 44.9 45.8 43.1 42 45.3 41 36.5 31.3 27.2 28.3 36.4 43.3 46.2 48 49.1 49.9 49.4 49.6 52.1 47.1 43.3 39.8 41.5 45.6 47.8 48.3 47.2 46.5 45.5 46.8 48.2 49.2 51.1
5.5 5.6 6.5 6.1 6.1 6 6.1 6.1 5.9 5.8 5.7 5.7 5.8 5.8 5.8 5.2 5.5 5.9 5.8 5.8 5.9 5.8 5.9 5.6 5.4 5.4 5.6 5.6 5.7 6.1 8.2 7.8 8.5 7.8 7.3 11.2 9.7 8.7 11 8.2 9.2 13.2 18.8 16.5 16.1 18.9 21.5 23.5 24.8 30.4 36.9 42 42.2 40.1 40.2 43.9 46.3 47.5 45.7 44.6 45.5 40.2 32.1 27.3 27.7 33.1 40.8 44.2 46.1 46.8 46.2 45.1 46.8 46.8 42.1 38.2 37.8 42.1 47.2 49.7 48.6 45.7 44.9 44.7 46 47.1 48.2 49.1
5.6 5.8 6.1 6.1 6.4 6.4 6.1 5.8 5.7 5.6 5.7 5.6 5.6 5.7 5.7 5.7 5.6 5.6 5.5 5.6 5.8 5.8 5.6 5.4 5.5 6.1 6 6.5 5.3 6.2 8.5 11.1 9.4 6.9 6.6 7.8 7.2 6.5 9.2 7.3 12.5 12.4 15.5 14.2 15.3 19.4 21.3 22.7 23.9 27.2 33.3 36.2 37.4 36 38.8 43.2 47.6 50.5 46.3 44 46 43.7 35.1 27.9 27 29.6 36.6 42 43.9 44.4 44.3 44.3 44.5 43 38.2 34.8 40.2 45.9 49.4 50.1 46.7 43.7 43.1 43.9 44.9 45.6 46.4 46.9
5.8 5.8 5.8 5.9 5.7 5.5 6 5.7 5.8 5.8 5.8 5.7 5.7 5.8 6 5.4 5.3 5.6 5.5 5.6 5.8 5.9 5.6 5.5 5.3 5.6 5.5 5.6 5.4 7.9 12.5 18.7 16.3 11.4 8 7 6.4 6.4 8.1 7.8 10.1 12.2 12.6 13.5 15.8 16.5 18.6 22 22.7 24.9 29.7 31.1 32.6 31.6 38 43.3 48.2 50.6 45.9 43 45.4 45.7 36.9 28 26.7 26.7 27.4 39.5 42.4 42.1 42.3 42.7 43.7 40.2 34.8 35.4 40.7 47.7 50 49.3 45.1 41.7 41.2 43 43.8 44.3 45 44.2
5.7 5.7 5.7 5.7 5.7 5.6 10.6 5.9 6 5.9 6 6 5.4 5.4 5.4 5.3 5.4 5.5 5.6 5.7 5.8 5.9 5.6 5.7 5.5 5.5 5.4 5.5 7.4 12.9 20.2 26.4 23.6 16.9 10.8 6.7 6.5 6.5 8.8 8.4 9.1 9.6 11.9 13 14.9 14.5 19.3 21.9 22.5 26.8 25.8 25.8 27.5 30.9 36.9 42.8 47.7 50.2 44.5 39.9 42.4 44.3 40.2 29.5 27.3 26.6 26.9 36.8 41.7 41 40.3 40.8 39.5 36 32.9 33.9 41.9 48.7 50.9 47.8 44.1 39.9 40 41.8 43.5 42.5 42.4 39.4
5.6 5.5 5.4 5.7 5.7 5.6 8.8 6.2 5.6 5.4 5.3 5.3 5.3 5.3 5.3 5.7 5.4 5.4 5.6 5.7 5.8 5.8 5.6 5.7 5.8 5.7 5.9 7.7 12.3 18.8 27.6 33.9 28.8 21.3 11.7 7 6.4 7.6 8.8 8.2 8.9 13 12.1 12.8 13.5 14.6 20.5 21.7 23 24.5 22.3 23.4 25 29.4 35.6 41.6 46.8 48.3 42.7 38.8 40.4 42.1 41.1 34.1 26.4 26.5 27.1 36.5 41.4 41.5 40.6 39.8 36.5 33.3 31.7 34.7 42.6 48.6 50.5 46.9 43.3 39.4 38.8 40.6 41.1 39.3 36.7 31.8
5.4 5.4 5.8 5.6 5.5 5.7 5.8 10.5 5.5 5.4 5.4 5.3 5.2 5.3 5.3 5.3 5.3 5.4 5.6 5.7 5.9 5.8 5.6 5.7 5.9 6.1 7.3 10.1 15.5 23.3 32.5 35.9 30.7 22.1 12.9 8.7 7 8 8.8 8.4 9.3 11.1 12.3 12.7 12.8 13.7 21.3 22.8 21.6 21.5 21.6 23.4 23.5 28 34.1 40.4 45.8 44.8 39.4 36.2 36.8 40 39.4 31.6 24.4 26.3 30 39 42.6 43.6 42.1 39.1 32.5 30.5 31.3 35.4 42.6 48 48.4 44.4 41.7 37.3 37.4 37.5 37 34.2 30.8 23.9
5.6 5.6 6.2 6.2 5.7 5.8 5.9 8.4 6 5.5 5.7 5.5 5.5 5.5 5.5 5.6 5.5 5.5 5.6 5.8 5.9 5.7 5.6 5.7 5.8 6 8.3 10.8 17.1 26.2 33.3 37.6 31.1 20.7 11.9 8.8 6.6 7.3 8.7 10.2 9.6 10.7 11.2 12.6 12.3 14.3 19.1 19.7 18.9 19.9 21.8 23 21.4 27.4 33 38.7 42.9 40.6 35.3 33.8 35.3 38.3 35.4 27.6 25.8 26.2 33.7 42.1 46.4 46.4 43.7 37.5 29.3 30.9 33 36.9 43.3 45.5 44.7 40.4 37.5 34.8 34.2 34.1 31.4 28.8 25.1 21.2
5.8 6.2 6.7 7 5.9 5.9 5.9 6 7.3 5.8 5.5 5.5 5.5 5.7 5.8 5.8 5.8 5.8 5.6 5.6 5.7 5.8 5.6 5.7 5.9 6 8.2 11.8 18.2 26.6 34.5 39.4 30.4 18.2 10.8 7.5 7.2 8.4 9.2 10.9 11.2 11.1 13.8 15 14.5 18.1 18.7 17.1 17.1 18.9 20.1 21.5 21.8 26.6 31.6 36.5 39 34.7 31 29.8 34 34.9 30.4 26.8 25.6 26.5 35.7 44.5 48.8 48.8 44.8 36.4 27.1 31.2 36.2 40.3 43.8 45.1 40.3 36 32.8 31.1 29.9 29.4 26.7 23.7 21.9 15.7
5.7 6.5 7 7.3 7.2 6.7 6.1 6.1 6.4 6.4 6 5.6 5.6 5.8 6.2 6.1 6.1 6 5.6 5.8 5.9 5.7 5.9 5.7 5.6 5.9 8.4 12.8 19.9 26.8 34.6 39.4 27.8 16.5 11 8.5 8.9 8.9 8.9 10.7 11.2 12 13 16.1 17.3 20.2 18.3 15.4 16.3 18 18.4 19.2 21.7 25.7 30.4 33.8 33.5 28.4 26.7 27.8 33.5 32 27.8 25.8 25.4 26.3 35 44.7 50.2 47.9 41.9 34.9 25.8 31.3 37.6 41.3 44.2 43.4 37.7 31.4 28.6 26.3 25 24.7 23.2 22.7 18 11.6
6.2 6.7 7.5 7.6 7.8 7.2 6.3 6.1 6.4 6.7 6.2 5.8 5.7 5.9 6.6 6.7 6.6 6.1 5.6 5.8 5.9 5.8 5.9 5.7 5.6 6.1 8.2 11.6 19.5 27.1 34.4 35.4 26.1 14.9 10.3 10.7 10 9.6 8.9 8.9 10 12.6 14.8 14.5 18 18.3 15.3 14.5 16.6 17.6 17.1 16.7 21.7 25 29.1 30.6 28.4 24.7 25.1 28.4 34.2 30.4 26.7 25.3 25.1 26.3 35.4 44.5 48.2 44 37 30.7 24.2 28.6 35.1 40.4 42.6 41.4 34.8 28 25.6 24 23.2 22.5 21.7 14.4 11.5 8.9
