STL Generation/terr50_gagg_gb/data/SD50.asc
ncols 200
nrows 200
xllcorner 350000
yllcorner 400000
cellsize 50
[rows 38 to 75 of 200, columns 85 to 169 of 200]
48.8 46.6 47.7 47.6 47.5 47.4 46.4 45.6 45 43.1 38.9 35.6 36.8 38.5 35.9 32.9 29.1 33.7 36.3 38.4 38 36.2 40.6 41.3 42.6 43.5 44.3 47 48.2 49.5 51.9 53.9 55.5 53.9 57.6 60.9 62.7 64.4 65.8 67.6 71.2 74.1 76.5 76.5 75.8 75 73.8 72.2 69.3 64.8 63.6 64.4 66.2 67.5 69.2 70.7 71.3 71 69.2 67.8 66 63.5 64.4 65.5 67.5 68.2 68.2 67.9 66.3 68 70.1 72.3 75.7 76.1 75.7 73.8 71.3 68 62.5 56.5 49.3 42.2 47 57.6 61.7
46.7 45.1 46.6 46.8 47 46.9 46 45.1 43.9 43.4 42.6 38.6 34.1 31.8 34.3 32.1 27.8 31.9 34.5 36.6 37 37.7 41.6 43.1 43 43.8 43.2 44.5 46 47.7 49.5 51.1 51.5 49.3 55.3 57.3 58.9 61.5 63.2 64.8 68.7 71.3 73.8 75.7 75.5 74.2 73.9 72.5 70.1 66.7 62.5 60 63.8 64.9 69 70.9 69.7 69.9 69.6 67.6 65.6 64.2 63 63.2 65 65.9 66.1 66 65 65.5 67 69.2 71.3 72.2 72.9 74.6 74 71.1 64.2 61.8 54.1 45.3 42.8 53.4 60.1
43.1 42.4 45.5 46 46.3 46 45.4 44.7 43.8 42.7 40.2 41.7 39.7 37 32.9 27.5 27.4 30 32.7 34.1 38.4 42.5 43.7 43.7 44 45.7 45.7 45.8 43.9 45.6 47.3 48.6 48.8 49.7 50.7 52.3 55.7 57.6 60 62.3 65.6 68.1 70.5 71.9 73.1 72.5 72.1 71.7 69.8 67.3 61.7 59.3 60.9 62.2 63.5 65.5 67.5 68.6 69.6 68.4 66.1 64.4 62.5 61.2 62.5 63.8 64.2 63.9 61.7 64.7 64.7 65.6 66.3 67 70 75.3 75.9 74.9 74.3 64.8 58.7 50.4 43.3 46.5 56.4
39 39.8 43.4 45.1 45.4 45 44.4 44 43.5 42.8 40.8 37.9 36.6 34.5 30.6 27.3 26.8 30.1 31.4 32.9 38 41.9 41.8 42.3 43.1 45.4 44.9 44.7 45.5 42.6 44.8 45.3 46 48.6 48.8 49.5 51.6 54 56.3 58.6 62.3 63.8 65.3 67.8 70.2 70.3 70.3 70.2 69.8 65.3 60.9 57.9 59 59.8 61 63.1 65 66.7 68 67.9 66.4 64.7 63.1 61.9 60.2 61.5 62.2 62 60.6 63.4 63.1 63.5 64.1 66 71.2 77 76.3 78.1 77.1 70.3 68.2 58.6 47.5 41.9 54.6
37.7 39.5 43.1 44 44.5 44.1 43.5 43.2 42.9 42.2 40.7 39.5 38.3 36.8 34.2 29.8 25.5 29 31.8 33.6 37.4 40.4 35.5 37 38.7 40.6 40.3 39.8 40.2 39.3 41.6 43.9 45.5 46.2 45.5 47.7 48 50.5 51.9 54.8 58.9 59.8 60.9 63.4 66.9 68.4 69.1 69.3 66.9 63.3 60.4 57.6 57.1 58 58.8 60.5 62.3 64.8 66.4 67 66.4 65 63.8 62.9 61.6 58.7 59.8 60.7 60.2 63.7 63.4 62.5 62.6 66.5 72.4 77.2 77.9 76.9 78.5 76.7 75.5 62.8 51.4 43.4 50
36.3 38.2 42.6 42.7 42.1 41.2 41 42.4 41.7 40.5 40.9 39.8 39.1 38 35.3 32.6 25.2 25 31.5 33.6 35.8 36.3 30.3 30.9 32.4 32.7 34 37.7 38.6 39.4 40.9 39.6 40.2 43.6 46.3 45.5 45.8 46.9 47.6 52.4 55.6 58.7 61.4 62.9 64.3 65.3 64.8 67 64 62.2 59.7 57.3 54.4 56.5 57.3 58.3 60.1 62.6 64.7 65.3 66.2 65.2 64.3 63.7 62.5 60.9 59.2 59.1 59.4 62.1 62.1 61.2 60.5 61.8 64.5 66.8 70 76.2 77.6 77.9 77.1 66.8 53.1 44.9 46.6
34.4 36.9 40.4 42.3 41.2 40.2 38.6 38.6 39.7 39 39.6 39.6 38.6 37.1 35.3 33.3 30.8 24.8 29 32.8 33.7 30.2 30 30.9 29.6 31.9 34.1 36.8 38.4 36.3 39.6 39.6 39.6 40.4 41.4 44.4 46.6 45.2 45.6 49.3 53.5 58.2 61.1 62.7 63.4 62.5 61.3 62.7 61.3 60.1 58.2 56.4 54.2 55.6 56.3 57.3 58.5 60.9 63.6 64.8 65.1 64.6 63.2 62.8 62.3 60.2 58.9 57.3 58.6 60.6 60.2 60.2 59.4 59.8 61.6 65.8 68.2 72.4 73.9 77.7 77.4 69.7 54.8 45.7 46.1
34.5 36.6 39.1 40.5 39.2 39.1 38.5 37.2 37.2 36.8 37.6 37.7 37.1 35.7 34.2 32.5 30.7 24.7 24.8 31.7 28.1 27.6 31.2 31.1 29.9 31.7 32.7 34.7 35.2 35.7 37.2 39.6 38.3 38.5 39.8 41.7 43 44.1 47.1 47.8 51.5 55.5 59.5 61.9 62.4 61.8 59.8 60.5 58.4 57.1 56 55 54.5 54.4 55.1 55.9 59.2 60.7 62.9 64.8 64.5 63.3 62.4 61.7 60.5 59.1 58.5 57.5 57.9 58.7 58.3 58.2 58.4 59.5 61 66.6 67.1 68.8 71.7 72.9 76 69.8 55.9 45.1 45.1
34.1 35.5 37 37.8 36.5 36.4 36.4 36.3 35.4 35.1 36.3 36.8 36.2 34.5 33 31.5 30.3 26.6 23.9 29 24.4 29 31.7 31.3 27.5 28.5 32.4 34 34.5 35.1 35.8 37.4 36.7 37.1 38.3 38.7 41.1 41.2 41.9 46.3 48.5 52.4 56.8 58.9 60.4 60.2 57.9 56.2 55.2 54.1 54.3 52.2 50.5 53.5 55 55.5 57.3 58.9 60.8 62.4 63.4 62.1 62 61.4 58.3 58.4 58.6 58.3 57.3 56.8 56.7 56.1 57.8 59.5 60.4 65.1 67 68.9 70.1 69.2 68.6 68.2 59.3 43.9 44.2
31.8 34.8 35.3 35.2 34.1 34.2 34.2 34.1 33.2 33.5 35.3 35.6 35 33.4 31.8 30.9 27.7 24.2 22.3 23.9 24.7 30.2 30.8 29.9 25.9 29.6 29.6 32.8 33.6 34.1 34.3 34.8 34.8 35.5 35.4 37.5 40.1 40.3 41.6 45.3 45.4 47.6 51.7 54.3 56.9 54.8 56.6 55.8 53.6 46.2 47 51.2 52.6 52.9 53.5 53.9 55.2 58.1 59.1 59.4 60.2 60.2 59.5 58.6 58.7 58.9 59.1 57.7 56.8 55.8 55.3 54.7 56.6 59 60.1 62.1 66.1 68.8 69.7 69.8 67.1 65.3 62.5 44.8 41.6
30.3 33.3 33.9 33.4 32.4 32.1 32 31.8 30.9 31 34.4 35 35 33.7 31.9 30.9 29.7 27.5 25.3 24.6 24.3 28.9 29.9 28.8 25.6 29.1 30.5 31.1 32.7 33.1 33.1 33.7 33.4 32.3 34.2 36.7 38.8 38.6 41.3 41.6 44 45.8 48.1 49.1 51.5 53.7 51.8 47.5 44.1 47.1 51.6 52 52.5 53 53.3 54 54.4 55.3 57 58.4 58.8 59.2 59.3 59.2 58.9 58.7 58.9 58.9 56.3 54.7 54.1 54.7 56 57.5 59.1 61.1 64.9 67.5 68.5 66.1 65.7 64.8 62.5 50.6 40.8
31.8 32.7 30.7 29.2 29.6 29.6 29.5 29.3 27.8 27.1 28.8 30.1 33.4 33.4 32.6 32 30.4 28.3 27.5 26.8 24.7 26.3 28.3 27.8 25.4 29.8 29.5 30 29.6 32.3 32.2 31.4 31.9 33.4 34.6 36.2 37.7 38.5 39.7 41.3 43.9 45.8 46.7 46.9 48.3 46.4 41.6 49.5 53.3 53.6 53.1 52.7 52.8 53.1 53.5 53.6 54 54.5 55.1 56.1 56.9 58 59.1 58.9 58.7 58.8 58.9 59.5 55.9 53.5 53.4 53.7 54.8 56.2 59 60.9 64.3 65.4 65.5 65.2 64.6 64.3 62.5 59.2 49.2
31.9 30.8 25.1 24.5 24.9 25.2 25.1 24.8 23.5 22.3 22.3 22.7 25.3 29.3 30.8 30.9 31 29.8 28.8 27.6 26.5 25.9 27.1 24.7 26.7 28.5 28.8 29.2 29.8 30.9 31 30.3 31.3 33 34.5 35.3 36.5 38.3 38.7 40.7 43.4 44.8 44.3 41.6 38.8 43.1 50.9 53.4 54.5 55.2 55.1 53.9 53.6 53.5 53.3 53.4 53.2 54 54.4 55.5 56.7 57.8 59 58.9 58.7 58.7 58.7 58.5 55.1 54.1 54.2 54 55.4 57.4 58.8 60.6 62.1 63.3 60.9 60.9 64.2 64.2 63.8 61.6 60.3
31.2 24.8 22 21.5 21.9 22.1 22.3 22.3 19.8 21.8 21.9 20.7 22.3 22.6 22.9 26.5 28.7 28.8 29 27.7 26.6 24 25.8 25.2 24.7 27.9 27.7 27 28 29.6 29.8 30 31.2 31.8 32.7 33.8 35 36.3 37.2 39.1 41.9 41.6 37.5 38 45.3 47.1 48.8 54.1 55.1 56.7 55.9 54.6 54.2 54.2 53.2 52.6 52.8 53.3 53.6 54.8 56.3 57.5 58.9 59.2 58.8 58.8 58.5 58.3 56.4 58.8 58 57.1 57.2 57.3 58.7 59.8 61.4 60.9 60.9 63.9 64.3 64.3 64.3 63 61.2
23.6 21.8 19.4 20.3 20.8 21.1 20.4 20.1 21.2 21 21.3 20.5 20.6 20.9 21.5 22.6 24.2 25.9 27 26.1 25.1 22.7 23.7 25.4 23.5 24.9 24.5 24.7 25.8 26.8 28.6 29.8 30.3 31.2 31.8 32.4 33.4 34.5 35.7 37.5 34.5 34.6 40.7 41.1 43.9 46.1 47.7 49.3 54.6 56.1 56.1 55.2 54.8 53.9 52.8 52.7 52.7 52.4 53.1 54.1 55.4 56.8 57.5 57.7 57.5 57.4 57.6 51.3 57.2 59 58.9 58.7 58.4 58.6 59.1 60.7 60.6 61.4 62.6 64 64.1 64.5 64.7 63.7 62
22.2 19.4 21.1 21 21.6 21.3 21.2 21 20.7 20.9 20.9 21.5 21.4 21.4 19.8 21.9 22.6 23.1 25.6 25.5 24.1 23 22.7 23.3 23.4 24.7 24.6 24.2 25.2 26.7 27.8 29.5 29.7 30.3 31 30.8 30.9 32.5 28.7 35 37.3 38.8 40.8 41.2 43.2 44.4 47.2 49.4 53 54.9 55.7 55.4 54.6 53.4 52.9 52.7 52.7 52.5 52.3 53.4 54.6 56.1 56 56.1 55.8 56 56.2 51.6 57.2 58.9 59.5 58.9 58.6 59.7 60.1 59.9 60 61.2 63.1 63.4 63.4 65 64.8 64.1 63.3
20.1 20.7 22.6 22.8 23.2 23.1 23.3 23.2 24.5 23.5 23.1 21.3 22 22.1 21.7 19.8 22.3 22.7 23 24.5 23.8 22.7 22.7 23.4 22.7 22.6 22.7 23.8 26.8 27.7 28.6 28.7 29.2 29.5 30.1 29.1 28.2 29.3 32.9 33.2 34.5 36.2 38.7 40.4 41.9 44.3 46.8 49.9 52.2 54.4 54.9 54.5 53.7 52.9 52.1 52 52.2 52.3 52.2 52.9 54.2 54.8 54.8 54.4 54.7 54.5 54.9 58.5 58.9 60 59.3 58.3 58.6 59.3 59.6 58.7 59.3 62.7 63.4 63 63.6 64.4 64.5 63.6 63
26.8 27.3 26.9 26.3 26 25.2 24.8 25.4 25.4 25.6 24.9 22.4 22.4 22.9 22.5 21.7 20.7 21.8 22.3 22.7 22.8 22.7 22.7 21.7 22.4 22.9 21 21.9 22.5 24.9 25.9 27.1 28.4 28.7 29 28.5 26.7 27.3 29.5 31.5 33.6 34.5 35.9 37.9 40.6 42 45.5 48.8 50.9 52.7 53.5 53.6 53.1 52.4 51.3 51 51.4 51.7 52 53.3 54.3 54.6 54.2 53.5 52.5 52.3 50.2 52.4 54.7 55.2 55.9 56.3 56.6 57.2 57 57.1 59.2 63.4 63 62.3 63.6 63.9 63.8 62.2 63.3
32.3 33.8 32.4 30.4 28.5 26.8 26.9 26.8 25.4 27 26.2 24.4 22.8 23.3 23.1 22.5 19.8 21.1 21.5 21.5 21.7 22.1 20.6 21.9 22.7 21.8 22.4 21.6 22.5 22.3 22.7 23.6 26.6 27.7 27.4 27.3 26.4 26 26.5 29.7 30.9 32.4 34.7 36.2 38 41.6 44.5 47.2 49.3 50.7 51.6 52.2 51.7 52.1 51.4 49.9 50.2 50.3 50.9 52.5 53.9 54.1 53.8 53.3 52.5 50.8 48.9 51.2 52.8 53.1 53.1 53.3 56.6 57.5 57.2 57.4 61 61.8 61.4 61.7 62.6 62.6 63.4 61.9 63.4
43.1 40.2 34.5 32.2 31.3 29.8 29.1 28.5 28.2 29.5 28.5 25.8 23.4 24.1 24.5 23.7 22.7 19.8 20.8 21.4 21.4 21 21.4 23.7 25 26.2 21.5 21.5 22.5 22.4 21.5 22.3 23 23.3 25.2 26 24.4 25.6 26.6 28 29.2 31 33.6 35.8 36.7 40.9 42.7 44.7 46.3 48.4 50.2 51.8 52.8 53 51.2 49.1 48.8 49.3 50.1 51.4 53.2 53.5 53.2 52.8 52.1 50.3 48.2 50 52.3 52.4 52.5 53.1 56.5 57 56.6 56.5 60.4 61.3 59.7 59.8 60.6 60.6 59.9 61.4 63.5
51.2 47.9 44.5 40.2 37.2 35 33.1 32.8 32.4 31.9 31.1 25.8 25.2 26 25.2 22.3 22.7 22.3 22.2 20.8 20.6 20.8 23 25.3 25.9 25.8 21.5 21.5 21.8 20.8 21.3 20.1 20.1 22.4 23 23.1 23.6 23.8 24.7 26.7 28.4 30.3 31.1 33.4 36 38.7 40.8 43.3 45.7 46.3 47.9 49.8 51.2 51.2 49.8 47.9 47.7 48.6 49.4 49.8 52.4 52.6 52.1 51.5 50.9 49.7 47.7 48.5 52.1 52.4 52.2 53.4 55.6 56.1 56.8 56.3 56.7 57.8 58.4 58.4 59.1 58.6 60.1 62 64.3
56.8 53.6 46.4 45.3 43.3 40.9 37.4 38 36.9 35.8 33.6 31.6 32.9 30.8 27.9 25.2 25.8 24.1 22.4 22.3 22.3 22.6 24.9 25.4 23.5 22.7 21.5 21.5 22.1 22.8 21.9 22.6 23.4 23.6 20.2 21.9 24.5 23.2 23.6 24.2 26.9 28.1 27.1 31.7 33.2 35.5 38.6 40 41.6 43.4 46.3 47.3 46.7 48.9 47.3 46.4 46.5 47 48.7 49.3 50.3 50.9 50.8 50.1 50 49 47.5 47.8 51.8 52.1 51.8 53.5 54.5 54.9 55.3 54.9 55.6 56.1 56.2 56.9 58 58.3 61 63.6 65.6
57.2 48.7 47.7 47.3 46.7 44.3 42.7 42.5 40.7 37.7 31.3 24.8 30.4 31.8 32.3 31.8 32.2 29.2 24.8 22.5 22.3 23 25.8 24.9 24.4 27.6 27.1 26.5 25.2 26.9 22.5 30 28.5 27.8 25 22.3 23.2 22.8 22.5 23.4 26.5 25.9 25.8 27.9 30.8 32.9 34.1 35.8 37.2 41 43.4 45.9 46.4 42.8 44.5 47.2 46.9 46.1 47.2 47.9 49.1 50.3 49.8 49.3 49 48.3 47.2 47.1 51.3 51.6 51 51.6 53.5 53.9 54 54.4 54.7 54.8 54.8 55.7 57 61 62.1 64.8 65.3
57.5 55 52.9 52.4 49.1 45.3 46.9 46.5 42.4 34 25.5 30.5 33.4 33.9 35.6 35.6 35.5 35.5 35.5 33 31.2 30.4 27.7 28 28.2 29 28.3 30 29.2 30.1 30 30.9 29.8 28.8 27.9 24.4 21.2 23.3 23.7 22.7 23.9 25 25.8 26.9 28.7 30.4 31.6 32.2 35.3 38.3 42.7 41.6 42.4 42.4 43.7 45.3 46.2 45.5 45.5 46.5 48.1 49.3 49.6 49.2 48.6 47.4 46.4 46 48.7 47.6 50.8 51.7 53.1 52.8 53.1 53.4 53.7 53.8 53.5 54.7 55.9 62.1 63.9 65.2 64.6
59 58.3 56.4 52.6 50.1 49.8 49.4 46.3 37.4 27.7 34.3 37.9 37.8 39.8 35.8 35.7 35.6 35.6 35.6 35.6 37.1 29.8 30.7 30.8 30.6 29.5 30.5 31.2 30.8 30.7 30.4 30.7 29.2 27.8 26.2 24.4 24.2 23.3 21.6 23.5 22.8 23.5 24.4 25.8 27.6 28.4 30.2 31 33 36.9 38.5 40.9 41.8 42.3 43.3 44.8 45 45 44.4 45.3 46.4 48 48.7 48.9 47.9 46.7 45.3 44.5 45.9 45.6 49.6 49.8 51.9 52.7 52.3 52 52.9 52.9 53.9 55 56.9 61.3 64.1 62.3 62.9
59.5 58.2 56.7 54.4 52.7 51.9 49 42.4 33 35.9 41.1 40.4 41.8 41.7 35.9 35.7 35.7 35.7 35.6 35.6 41.1 31.3 31.2 31.2 31.5 31.7 31 31.2 28.6 31.1 31.2 30.6 29.8 28.4 26.5 25.5 24.9 24.4 22.7 24 23.4 23.6 23.8 24.4 25.9 26.9 30.1 31.1 34.4 35.9 36.5 37.1 41.4 41.4 42 42.9 43.3 43.9 43.8 44.6 45.7 46.9 47.6 47.9 47.1 46.1 45 44.3 47.3 44.6 47 47.7 50.3 52.6 50.6 51.5 52.2 53.2 54.5 55.8 58.3 61.7 62.2 60.6 61.2
59.2 58.2 57.3 55.6 54.5 52.7 45.1 34.3 42.2 45.8 45.6 43.4 45.5 40.8 36.2 35.7 35.7 35.7 35.6 35.6 42 32.6 31.7 31.6 31.9 31.6 30.9 30.8 30.6 30.7 30.6 28 31.2 29.1 27.4 26.3 23.8 23.4 23.9 23 24.3 24.2 29.3 26.3 25.3 26.7 30.2 31.2 31.6 34.7 35.4 37.7 38.6 39.7 40.2 41.2 41.8 42.4 42.8 43.6 45 46.4 46.8 46.8 45.9 45.1 44.5 44.4 47.4 44.5 46.4 47.9 48 48.8 49.7 50.9 52 53.4 54.2 55.5 57 60.2 61.8 61 59.6
58.8 58 57.4 54.2 51 43.4 38.1 45.5 49.7 48.1 46.9 47.3 47.8 40.4 38.4 36.4 35.8 35.7 35.6 35.6 36.2 32 31.9 31.9 31.9 31.2 31 30.6 30.5 30.5 30.5 30.5 31.6 28.3 27.9 27.1 25.1 22.9 23 20.6 25.2 28.4 28.5 28.8 28.1 26.4 28 30.4 30.9 31.9 34.6 38.3 38.7 39.7 40.1 40.2 40.9 41.3 42 43.1 44.1 45.5 45.7 45.7 44.7 43.8 43.2 43.1 47.6 45.4 46 46.7 47.2 48.7 49.8 50.7 51.9 52.9 53.7 54.7 56.2 56.4 58.5 58.6 58.5
59 57.6 52.7 47 38.9 40.7 47.8 50.5 50.4 49.6 48 48.3 45.7 40.4 41.5 41.4 39.7 38.4 37.6 36.9 36.4 33.6 32.4 32 31.6 30.8 30.5 30.3 30.4 30.4 30.4 30.4 29.8 28.8 27.7 23.6 21.9 25.1 22.3 21.9 26.6 26.4 26.6 27.8 28.3 27.1 26 29.6 31.1 31.6 32.3 32.8 37.5 38.2 39.5 39.7 40.5 40.9 41.9 44 43.5 43.3 43.3 43.5 42.9 41.9 41.8 42.4 47.8 45.3 46.1 44.8 48.9 49 49.7 50.7 51.8 52.3 52.5 53.7 55.2 55.8 56.8 57.3 57.6
56.6 51.8 45.6 46.7 49.5 52.2 50.5 50.5 50.5 51.3 49.5 50.7 46.4 45.2 44.1 42.5 37.9 37.9 37.8 37.6 36 33.6 32.6 31.9 31.7 31.6 31.2 30.7 30.1 30.1 29.2 28.2 28.1 28 22.7 22.7 22.6 21.2 24 28.4 26 25.2 26.1 27.3 27.7 27.2 26.7 25.8 29.8 30.7 32.1 32.3 33.1 37.7 38.6 39.2 39.9 40.5 41.6 43.1 42.5 42.9 42.1 41.4 41 40.3 40.7 40.8 47.7 40.3 44.1 48.4 49.1 49 49.4 49.7 51.5 51.2 50.9 52.4 53.2 54.6 55.4 56.4 56.2
47.8 46.3 52.2 53.5 53.3 53.8 53.9 53.4 53.1 52.6 52.5 53.1 45.9 44.1 44 43.2 38 37.9 37.9 37.7 37.6 36.7 32.8 32.2 32.2 31.3 30.7 30 29.2 28.6 27.9 26.9 26 25.3 23.9 22.9 22.4 21.8 21.8 23.3 24.8 29.2 25.6 26.3 26.9 27.4 26.7 25.9 26.1 29.5 30.4 31 32.5 32.8 35 39 39.6 40.2 41.3 41.8 42.1 41.3 40.4 39.4 38.6 38.5 38.8 39.7 47.4 37 39.6 43.3 48.9 49 48.9 48.5 48.2 48.5 48.8 49.7 51.3 53.6 54.5 55.7 55.8
54.5 55.9 55.2 56.8 57.5 53.8 53.4 53.2 53 52.9 53.2 51.8 49.1 43.9 45.7 45.1 41.7 39.4 38.1 38 37.7 34.1 33.1 32.8 32.2 30.6 29.8 28.6 27.9 27.7 27.1 26.5 25.6 24.6 24.5 23.2 22.4 22.1 21.8 21.1 21.6 23.6 24.2 28.5 26.3 26.9 25.2 25.5 26 26.5 28.6 30.2 31.6 32.6 33.9 35.9 38.2 39.6 40.4 41.1 41.1 40.2 39 37.5 37.1 37 37.5 38.4 47 36.1 38 42.9 45.5 49.1 48.9 47.1 47.1 47.5 47.3 47.8 50.1 51.4 53.6 55.4 55.1
57.3 57.5 57.5 57.5 57.5 56.8 52.9 52.9 52.9 52.8 52.9 52.2 51.2 47.1 47.1 44.9 41.2 38.6 37.9 36.9 37.9 34.3 33 32.8 32.4 30.7 29.7 28.6 28.1 27.7 26.6 25.6 24.9 24.1 24 23.5 21.8 21.8 23.2 21 23.5 24.8 23.6 23.6 25.1 27.3 25.5 25.4 25.7 27.1 27.9 29.7 31.3 31.6 33 36.4 37.3 38.7 39.2 39.4 38.9 38.1 36.7 35.2 34.6 35.2 36.4 37.2 46.3 35.8 37.6 40.1 43.8 45.7 48.6 45.6 45.7 45.8 45.1 45.4 48.8 50.4 52.2 53.3 53.7
57.8 57.5 57.5 57.5 57.5 57.5 52.9 52.9 52.8 52.8 52.6 52.8 50.9 48.2 47.7 45.6 42.5 37.7 37.1 36.5 35.7 35.2 35.8 35.1 33.4 30.5 30.3 30.2 29.6 27.8 26.5 25.8 25.6 25.4 25.1 24.8 22.3 24.4 26.1 23.4 21 24.6 23.7 24.5 24.1 24.1 26.9 26 27.1 27.2 27.4 29.1 30.3 31 32.3 34.3 36.1 37.1 37.2 37.4 36.6 35.8 33.8 32.4 32.5 33.6 35.1 36.2 45.7 36.3 37.2 39.9 41.1 43.1 43.9 43.5 44.6 45.1 44.1 44.3 46.3 49.5 50.7 51.5 52.7
59.3 57.5 57.5 57.5 57.5 57.5 53.3 52.8 52.8 52.8 52.6 52.8 52.1 50.1 47.6 46.3 42.9 37.4 36.7 36.7 36.4 36.2 36.2 36.2 33.4 30.4 30.4 30.4 29.8 28.1 26.7 25.5 24.5 25.2 25.6 26.3 25.8 26.8 27.6 26.4 20.2 24.2 24.4 24 23.6 24.1 24.1 24.1 28.3 27.2 27.4 29.5 30.3 31 32.1 34 34.9 35.6 35.8 35.8 35.1 34.4 33.1 32.3 31.3 32.7 34.2 35.5 45.3 36.7 36.3 37.8 38.6 39.6 38.8 39.9 42.1 44 43.8 43.3 43.8 47 48.5 49.7 51.1
57.7 57.5 57.5 57.6 57.4 56.2 54 57.3 57.2 53.5 53.9 53.3 52 50.4 46.5 45 43.2 40.9 36.6 36.8 36.6 36.4 36.3 36.4 33 29.5 29.3 29.8 29.9 28 26.6 25.5 27.9 28 27.6 27.1 27.6 27.7 28.6 28.8 25.8 20.2 21.5 21.5 22.5 23.9 23.6 24.1 24.1 28.2 28.5 29 29.6 29.8 29.8 29.5 31.7 34.2 34.3 34.5 34.2 34 32.7 31.5 31.4 31.6 33.4 35.4 36.3 36.8 36.7 35 35.7 36.6 36.8 37.2 40 41.1 43.3 42.9 43.7 44.6 46.3 48.5 50.1
56.6 57.2 57.3 57.4 58.6 59 59.2 59.2 58.4 57.9 56.9 54.7 52.2 50.6 49.1 44.4 44 43.5 36.9 36.8 36.7 36.5 36.4 33.3 28.1 27.9 27.7 27.3 27.1 27.8 27.9 28.6 29.2 29.2 28.2 27.8 27.7 28.1 28.8 28.9 28.1 25.8 23.4 22.4 22.3 22 22 22.3 23.6 29 28.4 28.5 28.9 29.7 28.9 29.3 29.7 31.6 33.3 33.4 32.4 32.4 32.1 30.7 30 30.9 32.8 34.9 44.3 36.6 36.6 35.3 35 35 36 36.2 37 39.3 41.2 42.7 43.6 44.5 44.9 45.2 49.5
55.8 56.5 56.8 57.3 58.7 60.1 60.1 59.8 58.8 57.6 55.7 54.6 55.3 50.8 49.9 47.8 44.1 44.4 43.8 42.2 38.2 37 30.8 28.3 28.3 28.2 27.9 27.3 29.5 30.1 30 30.4 30.3 29.7 29.1 28.7 28.4 28.5 28.8 28.8 28.9 28.4 25.8 26.8 21 22.2 22.2 22.3 22.8 28.3 28.3 28 28.3 28.9 29.3 29.5 28.7 28.6 31.8 31.2 31 30.8 31 29 28.9 30.4 32.1 33.8 43.9 36.9 36.1 34.6 34.6 34.7 34.7 35.1 36.6 38.4 40.3 41.9 42.8 43.9 43.9 45.7 48
