STL Generation/terr50_gagg_gb/data/SD79.asc
ncols 200
nrows 200
xllcorner 370000
yllcorner 490000
cellsize 50
[rows 70 to 104 of 200, columns 78 to 155 of 200]
400.4 409.3 418.9 427.4 430.7 437.8 445.2 451.9 462.3 472.3 477.3 483.6 490.9 495.8 501.4 508.8 518.9 536.8 552.7 561.9 568.7 575.2 582.4 589.7 599.8 616.4 635.2 648.6 655.4 661.5 667.8 671.2 672 672 669.8 666.9 666.4 665.5 634.6 606.7 588.6 574.9 561.4 550.6 545.6 543.3 544.6 542.4 534.7 524.4 516.6 510.9 505.5 499.2 495.8 493.6 492.9 487.3 478 466.2 449.6 448.7 446.5 439 433.9 431.2 423.7 412.5 400.2 385.1 375.9 371.2 369.7 366.6 364 358.7 356.9 357.7
392 404.4 414.3 419.4 422.9 432.2 439.1 447.5 455.8 466.2 474 480.1 487.4 492 496.7 504 513.7 526.7 549.6 561.2 568.2 574.5 581.7 589.6 597.9 611.4 628.3 643.3 652.2 658.1 664 667.5 669.6 669.1 669.3 667.1 665 664.5 658 624.2 600.9 587.8 570.5 556.3 549.3 545.6 544.5 543.2 539.2 529.3 521.9 514.8 507.1 501 497 496.5 493.7 483.4 473.8 461.3 459.2 458.1 451.5 444.6 438.2 432.5 424.2 411.7 394.6 395.7 387.9 380.1 376.6 372.3 368.2 363.1 359 359.2
387.3 399.7 408.7 412.8 415 424.1 434.2 441.7 448.7 458.7 467.8 475.2 481.8 487.6 494.7 502.2 510.9 529.7 547.3 561.5 570.1 577.1 582.5 588.7 596.7 605.8 620.9 636.7 648.8 655.4 660.1 664 666.4 667.5 667.9 667.8 664.4 663.6 663.2 649.1 618.6 596.3 579.2 563.6 553.7 548.3 545 542.6 540.1 532.8 523.5 517.5 512.6 505.6 500 495.7 490.5 488.1 479.9 467.4 464.1 462.1 456.3 447.5 439 430 420 409.1 407.5 404.2 398.1 386.8 381.8 377.7 372.2 365.1 361.4 360.9
386 393.7 400.3 405.8 408.6 415.3 425.7 434.7 441.6 448.2 455.4 467.6 477.5 487.3 493.4 500.1 507.9 522.8 538.9 557.4 567.5 576.5 582.3 586.9 594.1 602.6 612 626.5 642.5 650.3 656 659.9 661.7 664.3 666.1 665.9 663.6 662.4 662.2 661.9 641.9 610.2 590.8 572.5 558.7 551.9 547 542.3 538.8 534.9 527.8 522.6 515.1 508.5 502.6 499.6 496.6 492.4 484 474.8 468.2 461.8 452.2 453 443.9 434.3 424.4 409.7 415.5 412.2 404.8 394.9 385.4 380.1 373 366.2 364.4 362.6
393.9 397.7 401.1 403.8 407.5 413 418.9 426 430.5 438.1 450.8 461.5 471.8 482.8 491.5 498.7 504.8 513.9 527.5 544.3 560.8 570.1 579.2 585.1 590.7 596.6 604.7 616.8 633.4 645.4 651.8 655.9 658 659.8 662.1 663 663.2 661.6 661.4 661.4 660.8 630.4 600.7 583.5 567 556.8 549.8 543.5 538.3 532.5 525.2 520.7 517.4 512.7 507.5 502.7 500.2 495.9 487.9 478.7 470.2 463.1 461.2 455.8 447.7 438.8 430.2 421 422.5 417.2 408.7 399.2 390.2 382.6 377 370.5 368.5 366.3
398.2 403.9 407.3 408.5 409.3 411 414 418.6 425.1 434 442.1 451.3 462 474 483.3 492.4 499.4 507.3 518.5 531.6 547.8 559.9 570.9 579.8 585.2 590.4 597.8 608.4 623.3 638.4 643.5 650.6 654.2 655.6 657.7 659.9 660.8 661.2 660.5 660.3 660.6 650.7 616.2 592.4 578 561.9 552.7 544.8 538.4 531 528.3 524.3 521.4 519.8 512.5 507.9 506 499.5 492.3 482.3 472.4 466.6 463.3 458.1 448.9 440.9 431.2 428.6 424.6 419 408.8 397 391.4 385.6 380.1 374.1 371.6 369.9
397 403.6 403.8 402.8 406.2 406.7 409.1 413.4 419.2 425.9 434.3 443 452.1 465 476.1 484.7 494.1 502.1 512.4 523.8 534 548.6 561 572.3 579 585.5 591.5 601.4 613.9 629.1 633 641.7 649.7 653.2 654.7 657.1 657.9 658.3 658.3 657.8 658.2 651.9 624.2 606 587.3 568.6 555.6 546.5 540.7 537.5 533.5 528.6 527.6 524.5 517.1 513 509.1 502 494.8 484.2 474.5 467.9 462.6 455.5 445.7 436.2 436.6 432.8 423 415.1 408 401.4 391.2 386.5 381.3 377.9 376.1 372.1
394.5 397.6 402.4 402.9 402 402.9 406.1 408.8 415 421.1 428 435.9 445.2 455.4 466.9 476.9 486.9 495.7 505.3 518.3 527.1 537.1 551.3 561.4 571.3 580.7 586.8 593.7 603.1 614.2 621.4 629.6 641.2 650.3 652.2 653.8 655.1 655.4 655.7 655.6 653.2 646.4 633.6 618.6 593.7 577.8 564.1 549.9 545.2 541 537.1 533.4 533.3 528 520.3 515.5 509.3 502.7 495.4 486.8 478.2 471 461 448.9 456.3 451.3 443.4 435 427.3 425.5 420.4 412 397.6 390 385.4 382.8 381.2 377.4
401.7 404.9 407.3 407.1 407.1 406.8 406.7 406.5 412.1 417.3 422 429.8 437.6 446.9 458.1 468.5 478.4 486.5 496.5 508.4 518.8 527.8 540 553.5 563.9 574.1 581.1 587.5 595 603.7 613.1 620.3 630.5 642.5 647.4 647.9 649 649.8 649.8 648.1 647.3 641.9 634.2 619.3 603.7 591.1 573.9 558.2 548.7 544.1 541.7 539.7 536 530.3 523.9 517 510.4 504 497.7 489 483.6 472.8 465.5 468.3 463.5 457.1 447.9 440.7 436.7 434 427.9 419.5 409.3 399.2 391.7 386.6 384.7 380.7
401.9 405.9 408.4 409.9 411.6 412 411.8 412 410.9 411.2 415.3 423.8 431.8 439.5 448.8 459 469 478.9 487.7 497.4 506.4 515.9 529 544.5 556.4 565.9 575.6 581.3 587.1 595.1 604.4 614.2 622.1 632.6 641 643.9 644.4 644.8 644.5 644.5 643.4 639.1 635.3 632 624.5 604 582.9 566.5 554 547.5 545.1 543.5 540.6 534.8 526.7 518.1 510.9 505 498.8 491.9 484.3 478.2 476.6 474 470.5 463.5 455.2 448.2 442.9 438.7 433.2 425 413.8 403.4 394.5 388.7 384.8 381
402.3 406 409.1 412.1 415.1 416.8 417.6 418.4 417 415.7 414.9 417.8 426.1 434.3 442.2 450.8 460.3 469.2 479.5 489.7 497.3 505.8 515.4 529.9 545 555.8 563.7 573.6 580.7 587.6 592.7 604.1 616.6 625.7 633.9 641.6 644.3 643.8 643.5 642.7 641.3 640.5 641.4 642.6 637.1 622.6 596.9 575.2 560.7 551.9 548.3 546.5 543.5 537.6 528.2 519.5 512.5 505.7 499.9 492.8 488.1 489.4 485.5 480.9 476.2 469.3 460.7 452.6 445.8 439 433.1 425.7 413.8 404.2 394 386.1 380.7 378
401.5 406 409.3 412.4 416.9 420.4 423.1 425.1 425 423.7 422.1 419.3 419.8 428 435.8 444.5 454.4 462.2 471.3 480.4 488.8 496.4 505 515.9 529.1 543.2 552.4 560.3 570.3 576.8 582.4 591.9 607.8 618.5 631.7 637.1 640.6 641.2 641.9 641.4 640.4 641.9 647.4 648.6 645 631.9 612 586.9 569.3 558.4 552 549.4 545.6 539.9 530.1 521.5 514.1 507.4 500.2 492.9 495.4 498.5 494.4 488.2 482.2 472.6 462.5 453.8 445.5 440.7 427.9 417.2 409.6 407.5 399.3 393 386.2 377.1
400.5 406.2 409.3 412.5 417 422.2 426.3 428.8 430 429.9 428.9 426.7 422.6 422 431.7 440.2 448.5 455.6 464.4 473.2 480.5 488.7 496.2 504.4 514.9 528.3 541.9 549.2 555.8 567 573.9 581.9 595.6 609.4 625.1 632 635.3 638 638.9 639 639 642.6 648.7 650.2 649.5 639 622.5 598 579.7 565.4 556.8 551.9 547 540.7 532.3 525 517.1 508.7 499.4 496.7 499.9 506 503.1 495.5 485.7 474.6 464 454.5 452.5 444.9 434 423.4 415.6 413.8 405.9 399.6 393.9 384
399 404.8 409 412.9 418 423.1 428.6 431.5 433 434.3 433.2 433.9 431.8 427.2 425.7 434.7 444.6 450.9 458.3 466.8 474.3 481.5 488.6 495.8 504.7 516.1 527.6 539.6 546.6 554 564.8 570.4 584.7 598.9 611.4 623.8 628.6 629.9 631.4 632.6 638 645.4 650.1 651 650.2 646 628.7 611.5 590.7 575.4 562 555 548.6 542 535.2 528 521.8 512.1 503.8 500.5 503.4 507.7 503.4 495.6 485.7 474.8 464.9 460.9 458.3 450.3 442.4 434.1 424.9 420 413.2 406.6 398.6 389.1
395 400.9 407.3 413.2 418.6 425 430.2 433.6 436.1 437.5 438.1 439.8 438.8 437 432.9 430.4 438.2 446.2 453.9 460.9 467.6 475.1 481.4 488.4 495.8 504.4 514.1 525.4 534.8 543.9 552.8 562.5 572.7 588.8 599.1 611.3 618.3 621 623.8 631.1 639.4 646.9 647.2 648.6 650.2 648.5 633.6 618.9 601 584 570.6 559.3 550.3 544 537.9 534.1 526.7 519 511.1 505.3 506.7 509.2 501.5 487.8 477.8 470.5 470 468.9 464.7 457.6 451.6 444.1 435.5 426.1 419 411.4 402.9 388.6
390.9 397 404.5 411.7 419.6 426.1 431.4 436.1 439.6 441.7 443.4 444.7 445.3 444.4 442.4 438.2 433.8 440 451.2 456.8 462.2 469 474.9 482.3 488.5 495.5 503.5 512.6 522 532.8 544.2 554.3 564.3 575.8 590.7 600.2 610.3 616.6 619.8 624.5 636.5 644.6 645 645.2 646.8 647 637.8 625.6 609.3 592.4 578.3 565.4 554.9 547.8 542.2 538.1 534.1 529.9 524 514.9 513.6 512.6 504.6 489.1 477.8 475.3 473.7 474.3 469.7 464.1 458.4 450.9 441.6 431.8 421.6 414.8 396.5 384
387.6 394 401.4 409.6 418.4 425.7 432.6 438.1 442 444.5 446.7 448.1 449.3 450.3 450.4 448 443.7 439.5 442.8 450.2 457.1 463.3 469.2 474.7 481.2 488.5 495 502.8 511.9 521.6 532.4 544.7 555.4 568.9 583.5 592 599.2 610 615.1 621.1 626.6 635 640.3 641.9 640.7 639.4 638 627.8 613 598.1 584.8 572.7 561.6 553.3 547 541.6 537.7 533.7 528.2 522.7 519 515.2 506.6 496 484.1 480 477.6 476.1 473.6 467.3 456 446.3 437.8 432 418.8 418.1 407.7 393.9
384.1 390.9 398.7 406 414.6 423.8 431.4 438 443 446.3 449.2 451 452.4 453.7 454.5 454.2 452 448.3 444.6 445.9 452.1 458.5 464.6 470.2 475.9 483.1 488.8 496.8 503.2 510.4 520.6 531.5 543.4 555.6 572 583.6 591.1 603.7 610.7 614.1 618.2 623.3 629 633.7 634 631.5 630.2 625.8 613.6 599.9 588.2 578.8 570.3 561.8 553 545.6 540.2 535.6 529.7 524.4 519.7 514.9 507 496.5 487.8 482.6 479.4 476.8 471.4 468 466 454.9 438.9 427.7 420.6 422.1 415.5 400.7
379.6 389.2 395.9 402.2 410.2 420.2 429.4 436.4 442.4 446.6 449.9 453 455.4 456.9 458.2 459.2 457.7 455.6 452.6 448.9 448.1 454 460 465.2 470.8 477.5 484.3 491.4 496.6 503.1 512.2 521.4 531.1 543.1 557.8 571.4 584 594 605.7 609.7 612.6 615.2 618.5 623.8 625.9 624.7 624.8 621.1 613.7 602.3 594.2 583.4 574.6 566.4 558.9 550.8 542.6 536.4 530.4 525 520.1 512.8 502.1 493.1 487.2 483.2 479.2 474.8 474.9 474.6 469.4 460.7 447.4 434.9 430.7 424.1 421.6 412
372.7 385.3 392.3 398.9 406.6 415.2 424.6 433.1 440.2 445.5 450.2 454.7 457.7 459.7 461.4 461.7 461.4 460.4 458.1 456.1 453.7 451.5 456 461.1 467.7 475.3 481.4 485.5 491.5 498.2 505.9 513.3 521.3 531 544.9 560.5 575.5 585.2 594.9 605.6 608.4 610.8 612.9 615.1 616.1 617.7 619.7 618.2 612 603.9 594.6 583.9 576 568.4 561.7 553.9 545.8 539.2 532.7 527.7 522 514.5 503.1 493.5 486.9 482.8 481 480.3 479.1 477.9 474 467.5 459.6 450 444.8 433.4 424.1 417.7
366.6 376.3 387.4 394.1 401.4 410.2 420 429.6 437.2 444.8 450.6 455.1 459 461.1 462.6 463.9 464.2 463.3 462.5 460.7 458.4 455.6 454.9 460.4 466.3 472.6 477.2 481.7 487.3 493.8 500.2 506.3 514.2 522.7 534.3 550 565.6 577.4 586.2 594.5 603.7 607 609.1 609.6 610.1 611.5 611.1 608.8 604.8 598.1 590.9 582.4 576.4 570.2 563.8 556.3 549.8 543.8 538.1 531.8 524 516.5 509.3 501.9 494.4 487.8 484.4 482.8 481.9 480.9 477.6 473.6 468.6 461.2 452.8 442 429.6 419.1
357.1 376.2 379.6 387.9 397 403.3 413.7 425.8 434.9 443.2 449.5 455 459.3 462 463.6 464 464.7 465.7 464.4 463.7 462.6 460.6 459.6 460.9 465.6 469.4 473.7 477.4 481.8 488 494 500.5 507.4 515.8 526.1 539.3 554.2 567.6 578 585.3 592.3 600.9 604.3 604.4 603.9 603.8 602.5 600.5 596.6 590.6 586.7 581 575.6 569.9 564.2 558.4 552.6 547.1 542.3 535.2 527 518.5 511.8 505.9 500 495.2 490.8 488.1 484.5 483.6 481.2 478.4 473.6 465.6 454.9 444.4 432 419.2
347.6 367.1 373.7 385 393.7 401.3 408.7 420.7 431 440.2 447 453.3 457.7 461.1 463.4 464.2 466.2 467.6 467 466.8 466.3 465.1 464.1 464.9 466.5 468.6 470.6 474.3 478.4 482.4 487.8 493.7 500.4 508.6 519.3 529.2 543.8 556.6 567.3 576.3 583.2 588.6 594.4 599.2 598.4 597.9 596.9 594.4 590.5 587.2 581.8 576.7 571.4 566.8 562.7 557.8 553.3 547.8 541.8 534.2 525.9 518.1 511.9 506.6 501.9 497 495.6 494.7 490.4 486.7 484.4 481.9 475.8 464.5 452.4 436.5 426.4 419.5
369.7 349.7 365.4 378 386.2 398.6 407.4 414.2 424.2 435.6 444.8 450.7 455.9 459.9 462 465.4 468.3 469.3 469.7 469.2 468.9 468.6 466.9 465.8 465.9 467 468.3 471.3 474.8 478.4 482.8 487.4 492.4 499.6 509.5 520.5 532.6 544 556 564.8 572.9 579.1 582.5 584.7 585.9 589.1 590.1 587.9 584.6 580.9 576.2 571.2 567.8 563.3 560.4 556.2 552.2 546.3 538.9 531.8 525 518.2 512.3 507.2 502.1 498.8 498.9 500.6 497.8 493.7 489.1 485.9 479.5 467.4 452.5 436.7 428 422
387.6 373.3 356.4 369.4 378.1 392.7 402.8 410.3 416.2 427.4 438.9 447 454 458.4 463.1 466.7 469.6 471.7 471.9 471.5 471.2 469.7 467.2 466.2 464.8 465.5 466.1 468 470.3 473.5 477.8 482.3 486.9 492.4 500.3 510.6 520.9 531.2 545.1 554.4 561.5 567.6 571.2 574.4 577 579.7 581.1 580.1 577.2 574.3 570.1 566.2 563 560.1 556.2 552.7 549.5 544.6 536.4 529.3 523.2 516.8 512.9 510.2 505.1 502.6 505.6 507.9 505.8 500.6 495.2 492.3 486.2 475.3 463.8 450 434.2 426.9
399.4 385.8 376.5 357.2 370.5 381.5 397.1 403 413.8 426.8 436.3 445.1 451.4 457.5 463.2 467.9 470.4 472.1 472.9 473.1 472.3 469.4 467.6 466.1 464.6 463 462.2 463.6 464.9 468.5 472.6 476.4 480.9 486.3 493.6 502.4 512.9 522 531.7 543.4 552.3 557.4 560.9 563.6 565.8 570.3 572 571 569.7 567.6 563.8 560.5 557.5 554.6 552.2 550.2 546.6 542.7 535.6 528.1 520.6 516 512.8 510 508.2 507.2 510.6 511.5 507.5 502.3 497.8 493.7 488.8 480.6 469.5 458.6 444.3 434
406.1 395.8 382.8 371.7 366.3 375.6 387.8 400 411.4 423.9 434 441.5 449.8 456.4 462 467.2 470.4 472.7 471.7 471.2 470.4 469.3 468.4 467 465.2 464.7 462.9 458.3 459.8 463.3 466.3 470.1 475.3 480.5 487.9 495.5 504.1 512.7 520.7 529 539.6 547.3 550.9 553.8 556.6 560.1 563.4 562.4 563.4 562 558 553.3 551.4 549.1 548.1 547.1 544.2 540.1 534.8 527.7 521.1 515.9 512.6 509.3 507.4 507.7 509.1 507.1 502 495.6 489.8 485.9 481.3 476.4 469.6 455.9 447 447.9
416.5 402.8 389 379.4 365.9 369.3 381.1 394.8 405.7 419 431.1 439.4 447.6 454.5 460.6 465.4 468.2 470.8 471 470 469.8 470 470.4 467.6 466.6 465.1 462.9 459.5 455.4 458.8 460.9 465 470.2 475.5 482.1 489.2 497.1 505.1 512.1 519.3 527.3 535.5 541.2 546.8 550 552.5 553.9 554.2 555.4 555.6 552.3 549.1 546.8 545.6 544.9 544.2 541.4 536.6 532.3 527.1 522.6 518.1 513 506.4 504.5 505.1 504.4 501.6 495.5 488.9 481.2 475.5 461.8 457.7 453.6 450.9 459.9 458.1
425.1 411.9 399.1 389.3 379.8 368.5 373.3 387.4 400.5 413.5 426.3 435.8 443.9 451.7 458.4 462.6 465.7 468.3 471 470.3 470.4 471 470.4 468.9 466.9 465.6 462.9 460.1 455.6 454.3 456.1 460.6 465.2 470.4 476.1 483.1 490.4 498 505.3 511.3 518 524.9 531 537 541.2 545.9 547.1 548.3 549.7 549 546.8 544.7 542.3 541.3 541 540.7 539.7 536.3 532.8 528.8 526 521.4 514.4 507.4 501.6 502.3 501.4 499.1 495.9 490.5 483.7 472.8 481.5 479.4 468.4 469.8 470.5 468.2
432.5 422 408.8 400.2 385 368.6 370.5 380.1 395.6 407.5 419 429.5 438.9 447.3 453.9 459.4 462.7 465.8 468.7 470.9 471.8 472.1 471.4 469.5 467.8 465.5 463.3 461.2 457.7 453.3 451.1 454.3 460.7 465.2 469.8 477.3 484.3 491.1 498 503.7 508.7 514.8 521.5 527.9 533.2 537.8 540.6 542.1 544.4 543.9 542.8 540.7 537.6 536.7 536.6 537.9 538.9 536.4 532.6 528.8 526.1 522.4 516.3 508.2 501.7 500.2 499.5 497.2 493.6 490.5 487.1 485.3 484.7 482.1 479.4 479.7 480.1 477.5
439.6 430.7 419.9 406.7 398 385.8 370.6 371.3 385.6 403.1 413.7 422 430.8 440.1 448.8 455.3 459.4 463.1 465.8 468.5 469.8 470.6 470.6 470.3 468.4 465.9 463.4 461.5 458.3 455 452.8 449.9 453.5 458.5 464.7 470.4 477.5 484.3 490.6 495.7 499.8 506.9 514 519.9 525.3 529.3 533.5 535.9 537.1 536.7 537.3 536.9 531.3 532.1 533.7 535.1 536.2 535.2 531.6 527.5 524.2 520.2 514.7 508.4 502.4 499.6 498.8 497.5 497.7 497 494.7 491.8 488.9 487 484.9 487.2 488.3 483.9
439.9 435.5 420.7 418.1 405.7 396.3 389 371.7 375.7 389.8 403.9 416.1 424.1 432.6 441.2 450.4 455.1 459.7 462.8 465.3 467.3 468.5 469.2 469.2 468.6 466.9 464.9 461.9 458 453.8 452 449 447.9 452.4 458.1 463.2 470.4 476.7 482.7 488 492.8 499.4 506.4 512.1 517 519.6 524.1 527 528.9 529 530.3 531.6 529.7 526.8 530.5 530.6 531.3 531 529.1 526.1 522.2 517.5 512.5 506.7 502.2 499.7 499.6 500.1 500.6 500.3 499.2 498.3 495.1 493 491.7 492.9 490.5 480.5
441.5 439.8 435.3 428.3 418.3 411.7 402.7 385.5 374.4 378.2 395.9 410.2 419.9 427.7 436.3 444.1 451.2 456.3 459.7 462.4 464.5 465.8 466.9 467.9 467.5 466.4 464.9 462.9 459 453.5 450.2 447.6 444.3 450.3 454.3 458.2 463.4 468.8 474.7 480.3 485 491.6 497.6 501.5 506.1 510.3 512.9 515.1 518 520.6 522.5 525.6 524.4 521.1 526.4 526.5 527.4 527 525.5 522.7 519.8 516.1 511.1 505.6 502 499.2 498.8 500 502.8 503 502.5 501.7 500.3 499 498.9 497.2 489.7 479.7
445.3 444.8 441.6 436.2 430.6 424.3 415.7 398.5 380.2 377.8 389.1 404.8 415.9 423.7 430 436.9 446.6 452.6 456.6 459.3 461.3 462.7 463.8 465.4 466 465.3 464.4 462.3 459.2 454.6 449.9 444.6 443.2 448.4 451.5 454.4 456.4 458.6 464.2 465.1 474 483.3 488.1 491.7 495.6 499.2 503.9 506.4 509.3 512.7 513.9 515.2 516.5 516.8 521.9 522.7 523.1 522.6 522.4 519.3 515.8 511.8 508.5 504.6 501.1 498.9 498.5 501.5 503.8 503.8 502.2 499.4 499.6 500.5 499 496.2 488.7 479.1
449.9 447.6 445.1 441.1 436.7 431.3 422.9 409.7 394.7 378.4 381.6 395.2 410 419.4 424.6 430.9 439.6 447.6 452.5 455.9 458.3 459.6 461.1 462.7 463.6 463.5 464 461.7 458.9 455.3 451.4 445.3 440.9 445.6 447.6 449.6 451.2 453.2 456.5 455.4 466.5 474.9 478.5 482.5 487.2 490.7 494.6 497.8 501.2 504.1 505 505.4 507.6 511.7 514.7 517.8 517.9 517.4 517.3 516.8 511.7 507 503.1 499.4 497.7 499.1 501.8 503.6 504.6 504.3 501.6 498.9 498.3 497.2 495 491.2 485.8 478.9
