STL Generation/terr50_gagg_gb/data/SD93.asc
ncols 200
nrows 200
xllcorner 390000
yllcorner 430000
cellsize 50
[rows 70 to 104 of 200, columns 0 to 77 of 200]
293.1 291.7 291.7 293.4 293.8 294.9 295.7 297.5 301.4 306.7 309.2 310.9 313.9 317.2 320.2 323.5 325.8 328.9 331.3 332.9 335.8 339.1 340.9 341.3 338.8 332.9 327 322.2 317 311.7 309 308.3 305.6 303.7 302.2 302 297.8 300.2 290.6 297.2 301.5 299.6 299.6 303.8 305.1 308.2 301.9 296.2 298.1 304.4 310.6 316.3 323.7 332 339.1 346.5 358.5 367.5 375.8 382.1 389.8 393.8 396.3 399.6 401.7 406.7 411.1 414.1 414.8 416.8 418.3 417.6 415.7 410.8 405.1 405.3 408.3 412.8
282.5 280.5 287.1 290.6 290.4 291.3 292.5 295.7 302.1 307.8 307.6 309.3 311.8 314.3 318.6 322.5 324.4 325.9 328.3 331.9 334.8 337.4 339.5 340.5 338.1 335.4 330.4 325.4 322.5 320.9 315.6 312.7 310 306.3 305.2 305 300.9 301 298 303.9 306.2 304.9 304.6 308.6 310.6 310.3 306.7 304.9 302.4 310 317.3 322.8 331 340 352.2 359.6 364.2 374.8 385.9 392 399.5 404.2 407.1 409.8 414 419.2 421.8 423.1 423 423 425.7 424.9 422.7 417.9 414.8 416.9 418.9 421.7
269 282.8 288.9 288.9 288.9 288.9 289.8 295.1 301.9 303.8 305.3 307.5 311.1 312.8 315.2 320.5 322.4 323.4 324.5 330.9 332.8 335.5 337.7 338.2 336.8 334.7 331 330.2 328.7 327.4 323.8 319.9 315.2 309.6 308.9 308.9 305 305.1 304 310.4 311.9 309 310.3 313.4 315.4 315.3 313.3 312.1 315.2 313.5 321.9 330.2 338.3 351.2 361.2 370.8 376.6 382.9 392 402.2 409.1 413.5 420.7 422.4 426.6 429.9 433 436.1 433.5 432.7 434.1 432.8 430.7 427.9 426.7 431.4 434.1 434.3
282.4 288.4 288.9 288.9 288.9 288.9 289 289.7 294.5 299.5 305.9 305.6 307.6 309.7 313.1 318.5 320.3 321.8 323 324.2 329.4 333.5 335.4 336.2 336.4 335.9 336.4 335.5 334.5 335 332.1 323.8 318.9 314.2 313.3 313.5 310 303.9 309.1 314.8 318.2 315.3 317.7 320.6 320.5 321.9 321.9 320.2 321.4 322.7 326.9 337.2 351.8 359.2 371.2 379 384.2 390.4 399 410 417.1 422.3 431.3 435.1 438.7 440.9 442 443.3 444.9 439.5 439 439.2 441.9 441.8 441.6 446.5 446.2 447.6
282.5 288.9 288.9 288.9 288.9 288.9 289.6 290.4 291.1 294.9 298.5 299.2 303.7 306.9 310.5 314.3 316.9 319.7 322.1 323.9 327.4 332.1 334.3 336.9 339.5 339.8 339.8 342 343 343.6 340.9 330.8 323.6 318.9 317.5 315.8 310.7 311.2 314.8 318.8 323.6 327.1 325.1 329.1 328.8 328.6 330.2 329 330.3 332.8 338.7 346 363 371.5 378.6 386.7 394.9 400.8 408.6 417.1 422.9 432.1 439.7 444.9 449.6 452.6 451.2 449.4 450.3 448.4 444.2 449.8 453.4 455.9 457.7 459.1 463.1 464.4
282 287.8 290.1 288.9 288.9 289 293.7 294.2 296.5 296.2 298.5 303.2 308.2 310.1 309.9 313.8 315.6 319.4 320.5 322.8 325.5 330.1 333.5 336.5 342 344.3 345.7 347.5 349.3 350.2 348.5 344.7 332.5 323.7 321.2 314.4 318.8 319 319.2 322.4 331.8 335.6 334.3 335.4 335.3 335.4 338 338.7 340 343.9 352.1 359.2 371.8 381.2 387.5 395.9 405.4 412.1 418.8 425.5 431.3 440.3 446.5 452.4 457.3 460 459.8 456.8 457.3 457.1 455.9 461.4 466 466.9 467.9 470.3 474.4 479
289 289.3 293.5 288.9 288.9 289 295.3 298.6 299.4 301.1 300.7 305.4 309.8 311 311.1 316 319.1 320.5 323.5 324.1 325.5 328.2 331.9 336.6 344 348.3 348.9 350.6 352.5 355.5 355.4 349.7 339.8 326.9 324.5 320.2 322.6 322 323.9 328.8 339.3 342.4 341.8 342.6 342 341.7 344.1 346.9 350.1 357.1 367.3 373.8 381.9 391.7 400.5 406.3 412.1 419.8 430.7 434.4 441.1 447.8 453.1 457.8 461.7 465.3 465.8 463.1 466 466.9 465.4 469.3 474.2 475.4 474 477.1 482.6 484.7
294.6 292.5 293.6 289.3 288.9 292.6 299.2 301.1 301.6 304.2 306 307.2 310.7 309.9 309.6 314.7 317.8 321.1 324.3 325.7 325.2 328.2 331.5 338.4 346.3 351 352.1 353.6 356 358.9 360.1 352.2 341.7 332.2 320.6 325.1 327.3 327.8 330.4 337.3 344.5 347.1 348.5 348 347.1 347.9 350.4 353.5 358.7 370.4 381.3 389.9 394 399.6 405.8 415.9 422.3 429.5 438.8 443.7 447 451.4 457 461.5 465.5 467.8 471.2 473.3 476.4 478.2 476.8 476.2 481.1 481.1 478.5 480.2 484.5 485.2
296.7 296 294.8 296.2 288.9 291.6 298.9 304 304 304 304 304 304 304 309.4 311.2 314.1 317.1 319 320.9 322.9 328.1 332.8 340.6 347.6 349 352.2 355.6 358.3 360.6 359.8 354.1 344.5 329.4 328.8 332.2 332.2 333.2 336.3 342.1 350.1 353.1 353.8 354.3 354 355.2 357.1 362 372 383.6 395.1 404.8 406.6 410.5 417.2 428.1 437.6 443.3 448 453.1 453.9 456.4 461.7 464.7 468.5 471.8 476.4 481.9 485.9 485.6 483.8 481.4 481.1 479 480.4 480.7 483.1 484.5
301 299.7 295.8 296.1 288.9 289.8 294.8 304 304 304 304 304 304 304 305.8 308.8 312.2 314.9 317.1 319.2 322 328.8 333.2 339.9 347.3 349.7 352.2 356.1 359 360.9 360.8 355.4 346.5 333.6 336.3 337.6 337.7 339.6 343.8 348.6 354 359.7 359.8 360.3 361.1 362.1 365.6 375 387 397.3 407.8 415.7 419.4 426.3 429.6 439.9 447.7 455.2 459.7 461.6 462.5 462.3 465.2 468.6 471.4 474.9 482.6 486.5 487.6 486.1 485.9 480.8 479.1 479 480.3 481.1 481.1 481.6
302.6 300.5 297.6 297.1 298.7 288.9 290.7 304 304 304 304 304 305.6 308.8 309.1 308.8 311.7 314.3 316.9 319.3 322.3 326.8 333.8 341.3 347.5 350.3 353.4 356.5 360 361.4 361.2 355.2 343.4 341.1 343.4 344.5 344 346 351.6 357.6 362.7 366.8 368.3 370.1 370.1 370.6 377.2 387.7 398.2 408.6 419.9 427.5 434.4 440.9 444.7 449.7 456.7 464.2 468.6 469.8 470.1 470.5 471 473.2 476.3 481.6 485.7 486.2 486.5 485.9 481.3 478.4 477.9 477.6 476.4 475.6 478 478.5
305.4 304.9 298.8 299.9 301 297.2 291.6 301 304.2 305.4 307.5 308.2 309.7 310.7 313.6 312.5 313 314.2 317.9 320.8 323.5 327.5 333.1 341.3 347.6 353.9 355.6 358.3 361 362.2 361.7 353.9 341.4 348.5 350.5 349.9 352.8 357.5 362.6 368.1 371 372.5 375.4 377.1 379.2 382.6 389.4 398.7 408.6 419.9 429.3 438.6 444.3 452.4 457.2 461.8 464.8 471.4 475.5 476.7 477.3 477.2 477 480 483.3 485.6 486.8 485.2 485.1 482.5 479.5 477.5 476.4 476.2 474.1 473.3 474.1 473.4
306.3 305.5 302.1 299.4 298.9 298.2 293.9 300.4 305.3 309 311.8 314.4 313.9 314.7 317.9 317 314.5 314 318.1 321.9 325.2 329.1 335.5 342 347.7 355.9 358.4 359.9 361.3 363.1 361.4 353.6 347.4 353.6 355.3 357.3 359.8 365.6 371 375.7 377.7 378.3 382 383.2 387.8 393 399.2 409.3 420.9 430.9 441.7 448.2 454.3 461.6 467.5 471.9 471.9 476.8 480.8 482.2 483.3 484.3 485.4 488.4 490.3 491.9 489.3 485.6 482.2 480.2 478.7 477.2 474.9 474.2 472.5 471.1 471.4 471
307.7 307.1 304.1 303.7 302.3 299.3 299.6 299.5 301.5 306.3 311.4 316.3 319.2 321 322.4 323 318.8 314.6 317.6 323.2 326.8 331.5 339.3 344.4 353.7 355.8 358.6 360.4 360.9 361.2 358.8 349.1 355.4 358.3 360.3 362.2 366.2 371.6 378.6 382.7 384.2 385 387.4 389.7 394.4 400.9 408.8 418.9 432.3 442.5 450.5 456 463.8 471.6 476.4 479.6 479.2 482.7 485.9 488.3 489.5 492 494.9 497.1 498.7 495.9 491.6 485.8 482.3 479.3 477 475.9 475.3 472.9 471.4 469.9 469.4 467.2
312.6 310.5 307.3 304.9 299.7 303.3 304.2 302.2 300.1 305.2 309.9 315.7 319 321.3 324.5 325.8 323.7 320.1 319.2 324.4 328.5 332.7 339.9 345.5 348.9 354.8 359.6 361.5 361.5 360.2 353.9 355.6 359.7 362.7 366.1 368.9 374 379.2 384.6 387.9 391.2 391.7 393.7 395.8 400.6 407 419.1 429.8 443.8 453.7 463.9 471.8 473.3 480.1 484.8 487.8 486 488.8 491.6 494.3 495.5 499.7 503.3 505.8 500.2 493.9 489.2 485.9 482.6 479.8 476.1 474.6 473.4 471.3 469.7 469.1 468.9 466.7
319.5 315.2 312.4 308.1 304.3 306.4 307 306.2 304.6 304 309.8 313 317.5 320.4 323.9 327.8 330.1 327.3 320.1 325.7 329.9 335.7 342.8 348.2 355.1 359.3 363.2 363.7 363.8 361.5 360.5 360.6 363.9 367.8 371.5 375.8 382.2 385.4 391.8 394.8 397.2 396.9 398.7 402.4 408.9 418.3 430.4 442.6 453.9 465.3 473.7 480 481.6 487.3 492.9 496.5 497.7 496.1 498.9 500.7 504.4 508.4 508.3 506.7 497.7 494.2 490.2 487 484.8 481.4 476.5 473.8 471.6 469.7 470.7 468.2 466.3 466.8
325.3 321.6 319 313.3 310.2 310.9 310.4 310.3 307.7 307.2 308.3 312.2 316.6 320.9 324.5 328 330.9 331.5 325.1 327.1 331.8 337.9 346.6 352.9 359.3 365.5 368.8 367.6 365.5 359.7 365.5 365.9 368.8 372.7 377.2 381.9 389.9 393.2 396.1 399.6 402.4 402.9 405.7 409.1 417.4 429.3 441.2 450.7 463.5 473.5 479.7 485.1 488.8 493.6 499.7 504.7 505 503.4 507.3 508.7 511.5 511.4 507.1 503.3 495.5 492.6 490.2 486.2 484.7 481.4 476.5 473.3 471.4 469.4 469.3 467.9 465.3 463.5
328.5 326.5 323.4 321.3 316.3 317.1 314.9 314.2 311 308.7 309.6 314 318.3 322 325.7 329.2 332.4 334.8 328.6 335.7 336.2 339.8 348.5 355.3 363.4 371.5 374 370 368.5 366.6 368.2 370.5 373 377.1 382.6 389 394.6 397.8 401 404.6 407.5 409.3 411.1 416.8 425.3 439.1 448.1 460.6 471.1 477.7 482.3 489.1 493 498.5 505.2 509.1 510.4 511.2 514 515.4 514.2 511.6 503.1 496.7 493.1 490.9 488.4 485.6 480.9 480.2 475.5 473.5 471.5 469.6 468.8 468 466.7 464.8
331.1 330.4 329 326.9 325.9 323.2 320.2 317.9 313.4 311.8 312.2 315.6 318.9 322.7 326.8 330.4 333.2 337.1 335 341 340 343.8 351.2 358.6 369 376.5 376.9 372.8 369.9 370.1 372.2 374.6 378.8 382.9 389 393.7 398.8 402.4 406.2 409.9 413.1 415.8 417.8 422.6 434.9 446.5 456.7 467.4 475.4 481.2 485.4 490.7 495.6 500.7 507.2 511.1 513.8 515.7 515.9 511.9 508.3 504 495.6 492.1 489.8 488 485.8 484.5 479.8 477.2 475.7 473.2 471.4 469.4 468.9 468.2 466.8 465.6
335.2 337 333.8 331.2 331.6 328.6 325.5 319.5 316.4 315.1 314.7 316.7 319.4 323.1 327.3 332 337.5 341.5 342.7 340.8 343.1 348.1 355.1 363.7 373 380.5 380.8 375.5 372.3 372.7 375 379.1 383.4 389.2 394.2 398.4 402.8 407 411 414.7 417.5 421.5 425.1 432.6 445.2 453.7 462.4 470.6 478.3 480.4 484.9 491 496.7 502.6 506.3 509.9 514 515.9 511.6 502 496.6 493.9 489.6 485.4 484.3 484.1 482.5 481.7 478.4 474.9 474.3 472.5 469.9 468.9 468.7 468.3 466.9 465.7
338.5 341.2 340.7 334.4 334.5 334.2 330 322.8 319.8 317.3 318.2 321.2 320.9 323.9 329.6 334 341.2 345.7 346.6 345.7 346.4 352 358.8 367.7 377.4 383.3 381.5 376.4 374.6 376.1 378.8 382.9 389.3 395.1 399.6 403.5 407.4 410.7 415 419.3 422.1 426.1 432.2 440.7 450.4 460.5 467.5 473.7 478.4 482.5 485.6 491.5 496 499.4 505 509.1 511.6 511.3 499.4 489.6 486.4 486.1 482.6 479 478.1 476.8 476.7 476.9 475.7 474.3 473.2 471.3 469.4 469 468.8 468.4 465.3 463.7
337.4 340.8 341.1 338.8 337.1 337.2 334.1 328.3 322.9 320.5 321 322.2 323.5 324.6 331.3 335.5 340.5 345.8 348.2 348.8 349.5 354.4 363.7 373.4 384.1 387.6 382.3 379.2 378 380 382.2 387.7 394.2 399.3 403.4 407.3 410.8 414.7 419.9 422.7 425.9 431.7 438.2 445.1 458.1 464.2 469.8 474.2 478.2 480.8 484.4 488 492.3 496.9 501.6 505.5 506.5 497.2 488.5 480.9 477.4 476.2 473.3 471.3 470.3 470.5 470.3 470.9 471.6 472.3 471.7 472 470.9 470.2 469.9 468.9 466 464.1
334.6 338.1 342 344.9 343.3 340.2 338 331.8 329.2 326 325.5 324.8 325.8 326.6 331.1 335.8 340.9 346 350.2 350.2 350.4 356.3 368.9 380.5 389.9 389.5 382.7 380.5 380.5 382.9 386.3 391.6 398.3 402.8 406.6 410.3 413.7 419.9 423 426.1 430.9 436.1 441.8 450.2 460.9 466.1 470.4 474.3 476.3 478.3 481.7 485.2 488.7 493.6 496.9 497.2 488.8 483.6 475.5 471.9 469.6 466.4 465.6 464.8 464 465.1 464.6 465.5 467.2 469 471.3 473.3 473.5 473.1 472.6 470.9 468.6 466.1
336.1 338.7 342.7 346 346.5 345.7 344.2 338.5 334.7 328.3 326.3 326.4 325.9 326.1 331 335.8 340.7 346.7 350.3 350.8 353.1 363.6 375.8 387.3 390.9 386.9 383.4 381.6 382.6 385.9 391.1 396.8 403 406.2 409.4 413.2 417.7 421.9 425.3 428.5 433.3 438.7 444.8 454.3 461.2 465.6 470.4 471.7 473.3 475 476.5 479.9 483.6 485.9 484.4 478.3 474.1 471.6 468.1 464.8 462.9 462.3 460 459.5 459.2 460.1 461.5 461.7 464.5 467.5 471 473 475.2 475.2 475.8 472.5 469.3 464.6
339.6 341.6 343.3 345.8 349.6 349.4 348.3 345.2 341 331.4 327.6 326.7 322.3 326 331.1 336.3 340.6 346.4 348.9 351.8 356.3 368.1 382.6 390.8 389.9 384.5 383.5 382.6 385.5 390.1 396.2 402.3 407 409.6 411.9 415.7 420.6 425.6 426.5 429.5 436.1 441.9 447.8 454.5 460.6 463.4 466.2 466.5 467.6 471.5 471.5 473.4 475.4 472.3 465.4 464.4 462.6 462 459.5 458.2 455.8 455.3 455.8 455.4 455 455.9 457 459 462.4 465.3 469.1 475.3 477.4 477.8 475.6 470.9 467.5 461.5
338.3 341.1 343.9 345.6 349 350.7 347.4 342.4 338.3 330 324.9 323.5 318.2 327.5 332.1 337.5 340.7 345 347 349.9 359.9 373.9 386.9 387.8 384.3 381.3 381.3 384.8 388.7 393.9 400.6 407.5 410.8 411.7 413.9 418.1 421.7 425.1 424.9 430.7 437.2 442.7 449.2 454.8 457.6 458.9 459.8 460.8 464.1 467.7 466.5 464.5 459.9 455 454.8 455.6 455 454.7 453.4 452.3 450.6 449.9 449.6 451.8 453.6 456 454.9 458.5 460.5 464.2 469.7 475.6 477.2 476.7 474.1 470.5 466.3 461.3
335.5 338 341.4 344.8 347 344.5 336.9 334.1 328.9 325.5 318.3 313.6 320.4 323.8 328.9 335.7 337.8 338.2 341.9 348.6 364.8 377.5 385.6 380.2 377.7 377.9 381.5 385 391 396.1 404.8 411 412 413.2 415.3 420.4 420.9 421.9 425.2 432.6 437 442.9 449.5 453.7 452.9 452 451.9 453.2 457.3 459.2 455.3 450.1 447.5 446.8 448.7 449.8 449.8 448.8 449 447.7 445.6 446.3 447.4 450.1 450.3 453.9 453.5 456.4 459.6 463.4 468.9 474.7 475.9 473.7 471.1 468.5 464.7 458.8
331.1 333.4 334.3 336.6 331.5 328.1 324.3 321.1 319.5 323.2 310.9 303.4 309.1 318.8 322.6 324.4 320.5 332.2 340.9 351.7 365.7 378.6 379.4 372 370.5 376.3 381 385.2 392.2 400.3 409 411.2 410.9 412.2 415.3 421 421.1 419.3 426.1 433.2 437.5 443.2 449.3 449.7 448.5 446 445.5 446.8 448.7 445.7 444.9 443 442.5 442.3 443.2 444.6 444.3 444.4 444 442.3 440.9 445.7 445.7 444.7 449.8 449.6 453 456 460.3 463.4 467.1 471.8 473.1 470.9 469.7 466.7 462 457.1
324.6 320.8 315.2 311.9 312.4 310.7 309.9 306.9 310.1 311.3 300.8 290.6 297.3 305 302.5 310.3 321.5 331.9 342.8 356.5 367.5 376 369.5 365.7 370 376.7 380.9 385.4 393.3 404.1 408.8 409.1 408.5 411.4 415.5 421 419.5 418.5 423.7 432.5 436.7 439.6 443.7 445.9 443.9 441.4 439.8 439 438 437.6 437.5 437.5 438.2 438.1 439.1 440.1 439.4 439.9 438.9 434.2 437.5 440.5 440.7 445.5 449.4 451 455.7 460 464.3 465.7 468.5 471.1 470.3 469.1 468.1 464.3 459.5 456.8
309.4 303.7 297.8 294.7 296.3 297.8 295.5 293.7 293 291.4 288.3 281 283.4 293.4 295.6 303.3 316.8 332.5 347.3 358.4 367.1 364.4 361.6 361.4 367.4 374.6 379.9 384.9 395.4 403.2 404.7 405.5 405.8 411.2 416.2 417.6 416 414 424.2 431.2 435.2 437.4 439.6 440.4 437.8 437.9 435.5 435.1 433.3 432.9 432.9 433.3 435.3 433.8 435.7 436.6 437 436.3 434.6 430.7 435.8 440.4 444.4 446.6 449.4 451 456.9 461 465.4 467.7 470.1 471 469 466.7 464.3 460.5 457 453.3
293.8 291.8 284.5 284.9 287.2 286.6 282.5 282 279.5 278.1 273.9 270.3 276.6 283.8 290.3 304.1 317.8 334.6 350 359.9 360.1 356.4 356.3 360.5 366.8 372.4 379.5 387.7 396.4 400.8 401 401.7 404.8 410.1 415.1 413.5 409.9 413 423.8 429.5 433.1 435.2 436.5 435.6 433.3 432.8 430.4 430 430.6 430.3 429.6 429.5 430.4 430.8 432.9 433 432.4 432.2 429 432.8 437.4 440.3 443.8 447.5 451 453.7 460.6 464.6 468.4 469.4 469.3 469.2 467.2 464.6 460.8 456.9 453.8 452.7
287.4 284.9 281.5 280.4 281.8 280.3 275.4 267.6 268.8 266.7 261.8 264.3 273.7 280.4 288.9 304.9 319.2 335.1 350.7 355 348.5 347.3 350.3 360.3 365.7 371.7 381 390.3 396.1 396.9 397.7 400.1 404.9 409.3 410 406.5 405.3 414.8 422.8 427.1 429.7 431.8 433.7 433 431.4 428.2 424.1 425.3 426.8 427.1 426.5 425 426.3 427 428.6 429.6 430.4 428.8 431.2 434.7 438.1 440.2 444.1 448.2 452.1 456.1 463.7 469 472.2 471.1 469 467 465.1 460.8 458.6 454 452.4 451.5
284.5 279 276.9 276.2 277.6 269.1 260.9 256.5 258.5 258.2 258.1 258.4 267.3 277.3 287 297.7 316.7 334.7 348.4 341 339.3 339.4 351.7 358.5 365.2 372.8 384.8 392.4 395.3 393.8 395 398.5 402.5 404.7 401.6 399.3 405.6 414.4 421 424.1 425.9 429 432.3 432.6 431 428.2 424.2 422.5 424.4 425.4 426.1 423.6 424.6 425.8 426.1 425.3 424.4 431.2 435.1 435.5 437.7 439.8 443.1 447 449.6 457.8 465.8 472.8 475.1 471.3 467.2 464 460.8 457.7 455.7 452.8 449.4 447.1
279.2 272.1 270.7 271 273.2 261.2 250.9 253.7 253.5 257.4 262.2 263.4 263.8 272.6 285.1 294.6 311.7 328.4 329.4 328.2 328.6 339.1 348.7 356.6 366 375.9 389.1 391.4 392 389.4 393.4 397.7 400.3 397.4 393.5 397.9 406.2 414 416.7 420.3 423.6 427 428.8 427.1 425.1 423.1 420.8 419.3 420.3 421 422.2 420.3 419.1 421.7 423 424.7 428.7 430.3 433.5 435.3 437.4 439.1 443.3 446.4 451.6 459.5 470.7 475.7 473.7 469.7 466.2 462.1 458.8 456.1 453.4 451.4 447.3 446
267.7 263.7 260 262.4 257.7 251.8 255 259.6 263.8 265.6 269.6 272.1 265.4 264.2 280.3 294.3 307.5 311.5 313.8 315.7 324.6 336.3 345.6 356.2 365.7 379.3 387.2 388.2 387.1 387.6 392.5 395.4 391.4 382.1 389.5 397.7 403.3 409.3 413.7 416.5 420.3 421.4 420.9 417.7 417.4 416.3 416.2 414.7 414.7 417.2 418 417.7 420.6 424.6 425.5 427.3 429.9 432.5 434.8 437.7 437.8 439.3 442.8 446.7 452 461.6 473.9 475.1 471.4 467.7 463.5 459.7 457 454.2 451.6 448.6 444.2 442.3
