STL Generation/terr50_gagg_gb/data/SE26.asc
ncols 200
nrows 200
xllcorner 420000
yllcorner 460000
cellsize 50
[rows 72 to 107 of 200, columns 80 to 159 of 200]
140 151.7 162.6 169.9 173.8 173.8 173.5 172.1 169.7 168.2 166.8 164.5 160.9 159.6 158.9 158.1 157.5 155.7 152.8 150.2 142.2 130.1 137 144.7 146.7 147.6 148.3 148.5 148.1 147.7 146.4 144.9 142.9 142.1 140.7 138.3 135.6 130.7 118.9 114 108.6 104.4 114 125.2 128.4 125.9 124.4 124.2 124.3 121.5 120.2 117.8 113.5 112.1 114.1 115.2 116.5 119.7 120.4 120 119.3 119.5 120.2 121.1 121.4 121.8 122.5 123.2 124 124.2 123.5 121.3 120.7 120.1 118.9 117.8 118.2 120.1 123.7 127.4
136.4 137.9 152 161.5 166.5 168.2 167.9 168 166.8 164.6 163.7 161.9 159.4 157.5 158.1 158.2 156.7 155.2 153.9 151.1 143 131.2 128.8 142.1 142.5 145.2 146.3 146.6 146.4 146 144.5 142.9 140.8 138.4 136.8 135.2 133.5 130.9 122.8 110 106.6 104.6 112.7 122.2 125.3 125.2 122.8 122.9 123 121.7 117.9 116.7 113.1 111.5 112.3 113.1 115.4 119.2 118.6 118 118.3 118.5 118.6 119 119.4 119.5 120.2 120.9 121.7 121.1 120.5 118.3 117.3 116.8 115.7 115.5 115.8 118.5 121.7 125.1
150.3 133.1 138.1 150.3 158.2 160.2 163 164 163.6 161.4 159.2 157.5 157.7 154.8 156.2 156.6 155.2 153.8 151.8 148.3 141.4 132 119.2 130 138.7 142.9 144.2 144.4 144.7 144.3 143.1 138.9 136.7 135.4 134.1 132.4 130.2 128 121.1 109.9 105.5 104.5 109.1 117.6 122.1 124.8 122.6 121.3 122.1 119.9 117.4 115.1 112.9 111 110.5 112 114.1 117.1 116.9 117.4 118.1 118 117.9 118 117.8 117.7 118.1 118.6 118.5 118 117.5 116.2 114.8 113.5 113.6 114 114.4 115.3 119.8 118.7
162.3 150.6 132.8 133.6 140.9 149.4 158.6 161.3 160.5 158.7 156.8 153.9 153 150.9 152.3 152.8 152.9 149.9 146.1 143.8 140.3 140 121.9 117.6 128.6 140 141 140.5 140.6 139.6 138 135.1 133.8 132.6 130.9 129 126.1 123.5 120.3 110 104.9 104.4 105.1 110.8 116.4 122 122.7 120.8 119 117 116 113.6 112.4 110.9 110.3 111.1 112.8 114.9 115.8 117.1 118 118.5 118.3 118.1 117.6 117.4 117.9 118 116.6 115.8 115.3 114.6 113.1 113.2 113.7 113.9 114.1 114.3 114.5 114.6
163.9 160.1 152.6 131.3 129.4 135 147.2 156.9 155.2 153.5 152.3 150.5 149.3 146.8 148.2 149.5 145.3 140.4 138.6 137.7 136.1 134.3 124.3 112.4 117.4 127.1 130.9 132.1 132.3 131.6 131.3 131 130.7 128.9 126.9 124.5 122.6 121.1 119.6 111.6 105.2 104.2 104.3 106.7 113.3 117.8 121 120.4 118.9 118 116.8 114.4 112.7 110.8 110.1 110.6 111.9 113.7 115.1 116.7 118.1 119 118.8 118.6 118.4 118.1 117.6 117.2 115.6 114 113.1 112.3 112.8 113.5 113.8 113.8 113.1 112.9 112.4 112.6
166.5 163.7 157.3 142.2 131.3 127.7 133.8 143.6 146.5 145.3 145.7 148.1 147.8 147.1 142.2 140.1 135.4 131.2 128.2 127.3 128.5 127.1 124.5 118.8 108.2 114.3 120.7 122.1 122.8 123.9 125.2 128 127 124.8 122.4 120.7 120 118.9 117.8 112.8 107 104.4 104.1 104.7 107.4 113.7 117.1 118.4 118.2 118.4 116.8 116 114.9 112.9 110.1 110.2 111.2 113.8 115.2 116.6 118.3 119.7 119.3 119 118.2 117.7 117.2 116.7 114.2 112.6 111.4 111.1 111.5 112.3 113.2 111.9 111.4 110.9 110.4 110.5
168.1 164.1 158.2 149.5 146.5 142.2 125.3 128.9 132 129.3 136.2 145.8 148.5 148.4 143.1 131.8 120.5 117.4 116.1 116.7 119.1 120.5 122.8 122 112 106.1 112.1 113.8 114.7 117.8 121.4 122.2 121.8 120.4 118.9 117.8 116.6 116.7 115.9 112.2 107.7 105.2 103.7 103.7 104.6 106.7 110.6 113.3 114.5 115.1 113.4 113.6 115 115.1 112.1 110.3 110.6 112.9 114.8 117.5 119.5 120.7 120.3 119 117.8 117.3 117 116.6 114.3 111.6 110.4 110.2 110.4 111.5 112.5 110.9 109.7 109.3 109 108.6
168.8 165.9 161.6 157.4 154.5 151.5 134.6 126.5 122.6 122.2 123.6 136.4 149 151.3 148.3 127.4 115 112.6 113.2 113.2 111.4 113.3 117.3 117.3 112 108.1 107.4 107.8 110.5 112.7 115.6 115.9 115.9 115.5 115.8 115 113.4 113.4 113.2 110.8 108.6 106.9 104.1 103.7 104 104.6 104.4 106.2 110.6 111.7 110.5 110.7 113.1 115.3 114 110.2 111 112.1 114.2 117.9 121.1 122.5 122.1 120.1 117.9 117 116.5 116 115 112.2 110.3 109.4 109.4 110.1 111.2 111.2 109 108.2 107.7 107.5
170.6 168.4 164.8 161.1 158.2 154.5 148.9 147.6 143.6 124.6 120.1 120 133.7 147.4 136 118 112.9 117.4 113.4 112.2 111.1 110 109.6 111.5 113 108.6 107.4 107.2 107.6 108 109.7 111.8 111.8 111.9 112.2 112 110.4 110.7 111 109.8 108.4 108.3 106.4 103.5 103.4 103.2 103.4 104.1 106.2 108.8 108.5 110 112.3 114.3 114.9 112.6 112.3 113 114.4 119.6 122.9 124.3 124.2 121.8 119.1 116.5 115.4 114.6 113.7 112.3 110.5 108.7 108.2 108.6 109.1 110.1 108.9 107.8 106.5 107
172.8 170.2 167 163.5 161.2 158.6 155.6 155.3 153.1 144.5 122.9 118.5 117.8 122.6 115.8 114.2 129.5 139.3 130.5 118.9 113 109.7 109.3 108.9 108.7 109 107.7 106.9 106.8 107.1 106.3 107.8 108.6 108.3 107.6 106 105 107.5 108.3 109.3 108.4 108.4 107.4 104.9 103.2 103 103.1 103.4 104.4 105.9 106 109.7 111.5 112.7 113.5 113.9 114.2 114.9 115.5 121.1 123.9 124.2 123.3 120.8 118.8 116.3 113.8 113.1 112.1 111.1 110.6 108.9 107.4 107 107.2 107.5 106.8 106 105.8 107.3
174.5 171.6 168.6 165.3 162.5 161 159.1 156.2 152.6 144.5 129.7 118.6 117.6 116.8 116.2 131.7 152.3 151.6 146.2 134.4 125.9 118 112.8 109.4 108.6 110 107.7 106.5 106.4 106.4 106.2 106.5 106.6 105.8 105.2 105.1 104.7 105.4 104.6 105.9 107.5 108.1 107.6 106.4 104.2 102.8 102.9 103 103.7 104.5 105.7 107 109.5 111 111.8 113.2 115.2 115.9 116 121.1 124.3 122.8 121.6 119.7 117.8 115.2 112 111 110.3 110 110.2 109.5 108.5 107.6 106.7 105.4 104.5 104.2 104.6 106.8
175.7 173.1 170.2 167.1 164.4 161.5 159.1 155.3 150.5 144 130.5 128.9 129.2 127 126.4 137 151.6 152.5 150.9 149.5 142.6 134.8 125.8 119.9 116.9 115.5 111.5 109.8 107.8 107 106.2 105.9 105.5 104.9 104.7 105 106.6 109 109.1 103.9 103.6 104.1 105.4 107.1 104.6 102.7 102.8 102.8 103 104.1 105.2 106.2 107.4 109.6 110.4 112.3 114 115.5 115.7 119.7 122.5 120.8 118.6 116.5 116.4 113.7 110.2 109.1 108.6 108.9 109.3 109.8 109.4 108.5 107.1 105 102.8 102.5 103.3 105.3
176.7 174.1 171.5 168.5 165.7 163 158.4 156 152.6 139.6 136.9 139.3 140 139.1 139.2 141 145.4 151.5 154.8 157.1 154.2 146.7 139.3 133.5 129.1 125.5 121.7 117.3 115.6 114 112.5 108.3 105.7 105.3 106.7 107.3 109.9 111.7 112.9 109.8 108 105.4 104.2 102.7 102.7 102.5 102.4 102.5 102.4 103 104 105.1 106.3 107.8 109.4 111.5 113.3 114.5 114.5 116.4 119.1 118.2 115.3 112.7 112.6 110.7 108.5 108 107.6 108.2 108.8 109.4 108.6 108.3 106.4 104 102 101.5 101.6 103.6
177.2 174.1 171.4 169 167.7 165.4 160.8 156.9 151.2 145.5 146.6 148.6 146.9 145.5 148.8 149.3 150.7 151.8 153.9 158 157.4 153.1 148.1 143.2 140.4 137.7 133.5 129.1 125.3 122.8 123.3 120.4 115.9 114.3 115.8 115.1 114.1 115.5 118.7 123.2 125.3 122.8 117.6 109.7 102.6 101.9 102 102.7 102 102.4 102.9 104 105.2 106.6 108.6 110.6 112.4 113.2 113.5 114.7 115.2 113.7 111.5 109.5 108.5 108 107.3 106.8 107.5 108.3 108.6 109.1 108.6 106.6 104.1 102.7 101.7 101 100.9 101.8
176.7 174 172 171.4 170.6 168.7 164.5 160 154.8 153.8 154.4 154.7 154.3 154.4 156.7 159.4 158.1 158.5 157.5 158 159.2 157.5 154.2 149.8 146.8 144.5 140.1 135.7 132.9 131.5 131.6 131.1 126.6 125.7 127.2 126.4 123.1 126.5 129.4 128.6 128.6 127.4 123.9 118.8 111.8 105.3 102.1 101.4 101.5 101.9 102.3 102.8 104 106.7 107.8 109.6 110.7 111.9 113.7 115.5 114.4 111.5 108.6 107.1 106.6 106.5 106.2 106.5 107.4 108.2 108.8 109.1 108.3 104.8 102.5 102.1 101.4 100.7 100.1 100.5
177.7 176.2 175.1 173.5 173.1 171.1 167.4 163.5 161 160.7 161.2 161.3 160.7 160.7 161.9 164.6 164.8 163.3 161.4 159.9 160.7 159.3 156.6 154.7 150.8 146.8 143 139.8 138 137.3 136.7 136.3 133.7 131.8 132.8 132.3 131.5 131.8 130.8 129.5 127.7 126.5 124.7 120.1 115.2 109.9 105.4 100.9 101.1 101.5 101.9 102.3 102.8 104.6 106.4 107.2 108.4 110.1 113.6 115.6 114.2 110.8 108.3 106.3 105.4 105.1 105.3 106.1 107 107.9 108.9 109 108.2 105.7 102.7 101.4 100.9 100.7 100.1 98.9
181 179.6 178.3 177 174.6 171.6 169 166.4 165 164.8 165.3 165.1 164.6 163.8 163.6 164.3 166.9 165.5 163.5 161.9 161.4 160.3 157.7 155.3 153 149.2 144.2 141.5 140.4 139.9 140 138 136.3 135.6 135.4 133.8 131.5 129.2 128.2 127.9 126.5 124.6 122.6 120 116.6 112.7 108.2 104.1 101.3 101.1 101.5 102.1 102.6 102.7 104.7 106.4 107.3 109.4 112.9 114.1 113.1 110.5 108.2 105.9 104.9 104.6 104.8 105.7 106.7 107.7 108.4 108.2 107.3 106.1 103.5 101.4 100.9 100.4 99.1 97.9
185.5 184 182.5 181.2 179.3 173.1 171.1 170.6 169.5 168.6 169.6 170.9 169.9 167.7 165.6 164.8 166.5 166.4 164.6 163.5 162.7 161.1 159.1 157.6 155.3 151.2 145.6 142.9 141.4 140.4 139.5 137.7 135.9 135.8 135.5 133.3 129.6 127.3 126.6 125.7 124.2 122.2 119.5 117 114.7 112 109.6 105.6 101.9 100.8 101.3 102.1 102.6 102.5 103.5 105.2 106.2 108.6 111.2 111.8 110.8 108.5 107.2 105.4 104.3 104.1 104.8 105.6 106.5 107.4 107.8 107.1 106.4 105.2 103.2 101.1 100.7 99.4 98.1 96.9
189.8 188.2 186.8 184.9 182 177.1 174.8 173.8 173.1 172.8 173.5 174.2 174.6 171.2 168.4 166.6 167.1 166.5 165 164.3 163.4 161.4 158.5 156.9 155.5 152.2 147.4 144.4 141.3 140.1 138.6 136.6 135.4 132.7 130.8 128.3 125 123.7 123.7 122.1 120 117.8 115.2 113 111.5 110.1 109 105.5 101.8 100.8 100.7 101.5 101.8 101.9 102.7 103.8 105.6 107.6 109.2 109.8 108.2 105.9 104.4 103.6 103.7 103.8 104.7 105.6 106.4 106.9 106.6 105.5 104.8 104 102.8 101 99.7 98.6 97.4 96.2
192.7 191.4 189.5 187.7 185.1 183 180.4 177.5 176.4 176.4 175.9 175.9 175.6 173.5 170.7 168.6 167.6 165.9 164 163 162 160.4 157.4 154.2 151.6 149.5 146.6 144.3 141.7 139.6 137.4 134.6 132.2 129.2 126.7 121.8 119.2 118.6 119.5 117.7 115.2 112.1 111.1 108.1 107.1 106.6 106.7 103.9 101.7 101.1 100.5 100.6 101.3 102.2 103 104.2 105.8 106.7 108 107.9 106.3 104 102.4 102.4 102.8 103.6 104.5 105.5 105.9 106.2 105.1 103.7 102.9 102.4 102.3 101 100.1 98.9 97.7 96.4
192.9 193.4 191.5 189.3 186.9 184.6 182.5 180.4 178.4 177.1 176.5 176 175.3 173.3 170.3 168.8 167.1 165.2 163.1 161.2 159.7 158 155.9 153.2 150.3 147.8 145.3 142.9 140.9 138.3 135.5 132.4 129.8 127.1 122.8 121.3 117.2 115.9 114.7 114 114.7 113.6 112.1 109.9 106.7 105 104 103.1 102.6 101.7 100.9 100.2 100.5 101.9 103.3 104.5 105.5 106.4 106.4 105.8 104.4 102.4 101.1 101.4 101.9 102.9 104.3 105.3 105.4 105.6 103.8 102.6 101.7 101.5 101.6 101 100.2 99.3 97.9 96.6
191.5 191.8 190.7 189 186.6 184.5 182.5 180.6 178.3 177.2 176.9 176.4 175.1 172.8 169.9 168.8 167.3 165.3 162.9 159.8 157.9 155.6 153.5 151.1 148.9 147.3 145.1 142.4 139.2 136.3 133.4 130.4 127.3 122.7 121.8 124.1 124.8 123.6 122.2 121.5 122 122 119.1 114.6 110.4 109 107 105.1 103.4 102 100.6 100.1 100.2 100.4 102.1 104.5 104.6 104.5 104.3 103.4 102.5 101.4 100.7 100.5 101.1 102.2 103.6 105 105.4 104.9 103.5 102.2 101.5 101.2 101.2 101.1 100.1 99 97.7 96.4
189.5 188.6 188.5 187.2 185.1 182.7 181 179.3 177.5 176.8 176.5 176 174.2 172.2 169.4 168.3 167.1 166.5 163.4 160.4 157 154.3 151.8 149.9 148.5 146.9 145.3 142.7 139.1 135.3 132.7 130 126.4 125.3 127.3 128.9 130.8 131.2 129.7 128.3 127.3 125.6 123.4 119.4 114.7 115.3 112 109.3 103.1 101.1 100.2 99.9 100.1 100.1 101.3 102.2 102.6 102.4 101.9 101.1 101.3 101 100.5 99.8 100.3 101.4 102.8 104.4 104.8 104.4 103.2 102.1 101.4 101.1 101 100.8 100 98.7 97.3 95.8
187.8 186.4 186.4 184.7 183.1 181.1 179.2 177.9 176.7 176.4 176.1 175.3 173.2 171.3 169.1 167.6 166 164.2 162.1 159.3 156.8 154.1 151.3 148.8 147.5 146.2 144.5 141.6 137.9 134.3 131.3 128.2 127.1 128.7 130.6 132.5 134.6 135.4 135.8 134.5 130.9 128.6 126.2 123.4 120.1 118.8 117.4 115.7 110.1 101 99.8 99.7 99.6 99.5 99.7 100.2 100.4 100.4 100.2 100.4 100.6 100.3 99.8 99.3 99.6 100.7 102.3 103.8 104 103.9 103 102.1 101.4 100.9 100.7 100.4 99.8 98.5 97 95.1
188.1 186.5 185.9 183.2 183 181 178.9 176.8 176 175.6 175.4 174 172.5 170.4 168.5 166.7 164.9 162.7 160.1 157.8 155.5 152.1 150 147.7 146.4 145 142.9 140.2 137.2 133.9 130.5 128.7 129.8 131.6 133.5 135 136.6 137.6 137.7 137.2 134.6 131.1 128.9 126.9 124.3 123 122.3 120.5 118.4 109.6 102.2 99.1 98.7 98.6 99.2 99.9 100.3 99.8 99.5 99.7 99.9 99.7 99.1 98.7 99.4 100.4 101.8 103.2 103.3 103.1 102.8 102.1 101.3 100.7 100.2 99.7 98.5 97.5 96.1 94
188.2 186.6 184.8 183.5 182.4 180.2 178.5 176.9 175.7 174.6 173.6 172.6 171.6 169.8 167.7 165.5 163.7 161.7 159 156.3 153.5 150.7 148.3 146 144.5 143.1 139.9 138.1 135.6 132.4 132.5 132.5 134.3 135.3 135.8 136.9 138 138.1 137.6 137.1 136.3 134.7 132.3 129.9 128.2 126.8 126 124.4 121.4 115.7 105.9 99.2 98.2 97.7 98.8 99.8 100.1 99.9 99.4 99 99.2 99 98.4 98.5 98.9 100.3 102 103.4 103.3 103.2 102.6 101.9 101.1 100 99.3 98.3 97 95.8 94.2 91.9
188.2 186.7 185.3 183.7 182.1 180.4 178.7 177.1 175.9 174.1 172.9 171.9 170.8 169.2 167 164.9 162.8 160.7 158.5 156.3 153.1 150.5 147.9 145.8 144.2 142.7 140.6 138.9 136.6 134.1 134.4 135 137.4 137.7 137.7 138.7 138.4 138.2 137.7 137.2 136.1 134.8 133.4 131.3 130.3 129 127.8 125.8 122.2 117.2 110.9 101.1 98.6 97.5 97.7 98.7 99.2 99.2 99.1 99 98.5 98.4 97.8 98.1 98.9 100.4 102.6 103.7 103.6 103 102.5 102.1 100.5 99.4 98.4 96.7 95.4 94 92.4 90.8
187.9 186.8 185.6 183.9 182.5 180.8 179.1 177.4 175.5 173.6 172.3 171.3 169.9 168.3 166.4 164.3 162.2 160.3 158.8 156.2 153.4 150.8 148.2 146.9 145.3 143.4 143.1 142.6 139.9 136.2 136.4 136.4 138.4 139.8 139.9 139.2 138.8 138.4 137.7 136.7 135.3 134 132.6 131 129.5 128.7 126.9 124.4 120.6 116.6 111.9 104.8 98.4 97.8 97.5 97.2 97.5 98 97.9 97.9 97.8 97.9 97.8 97.7 99.1 100.9 103.1 104.2 103.8 103.5 103.1 102.3 100.5 98.9 98 96.3 94.4 92.6 91.1 89.9
187.4 187 185.7 184.3 182.9 181.2 179.5 177.4 175.1 173.1 171.6 170.6 169 167.4 165.8 163.6 161.5 160 158.9 156.5 153.8 151.1 148.9 147.8 146.7 144.8 145 145.6 143.4 139.8 139.4 138.2 139.9 141.5 142.6 141.2 138.9 138.2 137.3 136 134.6 133.1 131.5 129.9 128.4 127 125.1 121.2 117.8 114.2 110.2 106.4 100.4 98.1 97.1 96.8 96.7 96.7 96.8 97.1 97.3 97.3 97 97.1 98.8 101.5 103.9 105.2 104.8 104.1 103.7 102.6 100.6 98.7 97.6 96.1 94.1 91.9 90.2 88.9
186.9 186.7 186 184.8 183.3 181.6 179.5 177.3 175.2 172.6 171 169.8 168.2 166.6 164.9 163 160.9 159.7 158.6 156.7 154.1 151.3 149.8 148.8 147.7 146.6 147.2 147.6 147.4 146.2 144.2 142 140.6 141.6 143.1 143.7 140.3 137.9 136.5 134.9 133.2 131.5 129.8 128.4 127.1 125.3 122.6 118.7 115.1 111.6 108.1 105.2 101.5 97.8 96.8 96.6 96.3 96.2 96.3 96.5 96.7 96.8 96.4 96.7 98.3 101.5 104.6 105.9 106 105.1 104.4 102.8 101.2 99.7 98.3 96.2 93.8 91.6 90.1 89.2
186 186.1 186 185.3 183.8 181.6 179.4 177.2 175.1 172.7 170.3 168.9 167.3 165.7 164.1 162.4 160.5 159.5 158.4 156.4 154 151.8 150.7 149.5 148.2 147.7 148.8 149.1 148.9 149.1 148.5 146.3 143.4 142.5 142.3 143.3 140.6 137.3 135.6 134.5 132.3 129.8 128.4 127 125.7 123.9 120.7 116.9 112.9 109.6 106.8 104.8 102.4 99.3 96.7 96.5 96.3 95.9 95.9 96.1 96.3 96.3 96.5 96.5 98 101.6 105.1 106.4 107.4 106.8 106 104 102.4 100.9 99 96.6 94.7 92.4 90.6 89.5
184.9 185.4 185.4 185.3 183.8 181.5 179.3 177.1 175 172.8 170 168.1 166.5 164.8 163.2 161.6 160.6 159.8 158.2 156.1 153.8 151.8 150.4 149.1 147.9 148.2 148.4 149.3 150 150.2 150.4 148.4 146.6 144.2 142.2 140.3 138.8 137.7 137 135.3 131.9 129.3 127.7 126 123.8 121.2 117.2 114.1 111.6 108.9 106.1 104.7 102.7 101.4 99.6 97.8 96.3 95.8 95.6 95.8 95.9 95.6 95.9 96.2 98 102.2 105.1 107 108 108.2 107.5 105.2 103.7 101.9 99.3 96.2 94.4 92.7 90.9 89.1
184.1 185.2 185.4 185.5 184.3 182.4 180 177.6 175.2 172.9 170 167.7 165.7 164 162.3 160.6 159.3 158.2 156.4 154.8 152.8 151.7 150 148.7 148.4 148.3 147.3 147.4 148.2 149 148.9 148.4 147.5 146.1 142.2 139.3 137.3 136.1 135.6 133.8 131.2 129.3 127.9 126.7 124.9 121.7 116.4 112.3 110.2 108.1 105.5 104.7 103.3 101.8 100.7 98.9 96.6 95.7 95.3 95.5 95.2 94.9 95.1 95.3 95.9 96.5 102.9 106.8 108.6 108.3 107.7 106.7 104.7 102.5 99.6 95.8 94 92 90 88.2
183.8 184.9 185.4 185.4 184.3 182.5 180.3 178.2 175.9 173.4 170.8 168.3 165.8 163.9 162 160.1 158.2 155.8 153.8 152.5 151.3 150.4 149.6 148.5 147.8 146.9 145.9 146 146.2 147.1 147.1 146.9 145.4 144.8 142.4 139.5 138.4 136.8 135.2 133.7 132.1 130.1 128.6 127.5 126 123 117.8 112.9 109.5 106.8 105.1 104.1 103.7 102.3 101.5 100 97.7 95.6 95.2 94.9 95 95 94.4 94.4 94.7 93.9 94 98.3 104.7 107.7 107 106.3 104.7 102.5 98.4 95.3 92.6 90.9 89.3 93.1
183.7 184.8 185.5 185.1 184 182.5 180.5 178.3 176.2 174 171.5 168.9 166 164.1 162.3 160.7 158.8 156.3 153.5 151.4 150.2 149.2 148.4 147.4 146.3 145.4 144.5 144.6 144.5 144.9 145.2 145.3 144.7 143.6 141.9 140.6 139.6 138 136.4 134.8 133.3 131.2 129.4 128.1 126.5 123.3 118.9 114.2 109.8 107.2 105.5 103.8 103 102.7 102.4 100.8 98.4 95.1 97.1 97.1 97 96.1 95.2 94.5 99 102.4 97.3 95.3 96.8 100.3 104.8 104.6 104.3 102.7 98.8 95.2 93.2 91 93.8 96
183.5 185.1 185.4 184.8 183.7 182.2 180.6 178.6 176.5 174.3 172.1 169.5 166.5 164.5 162.9 161.4 159.4 157.1 154.5 152.4 150.2 148.2 147.3 146.1 145 143.8 143.1 143.2 143.3 143.5 143.8 144.1 144.3 144 142.4 141.7 140.6 139.1 137.6 136 134.4 132.2 130.4 128.7 126.5 123.3 119.2 114.6 111 108.2 106.2 104.6 103.4 103.2 101.5 100.2 97.8 97.1 97.1 98.4 100.8 100.3 100.8 105.8 110.8 111.8 110.7 101.6 94.3 95.5 97 101.7 101.9 100.2 98.3 95.4 92.4 91.5 95.1 98.4
