STL Generation/terr50_gagg_gb/data/SE57.asc
ncols 200
nrows 200
xllcorner 450000
yllcorner 470000
cellsize 50
[rows 108 to 143 of 200, columns 0 to 79 of 200]
40.3 38.3 36.6 36.2 36.1 36.1 36.2 36.3 36.6 36.9 37.2 37.8 39.4 41.8 44.1 47.6 57.5 62.8 66.8 67.2 66.1 64.1 62.2 52.6 49.9 52.3 58.1 64 67.3 68.8 69.5 70 71.3 75.6 81.4 85.5 88.2 89.3 88.4 86.3 84.6 82.9 82.3 83.3 85.5 86 86.2 86.6 87.8 87.4 88.8 91.8 95.5 98.1 99.8 99 97.1 89.6 86.6 86.8 91.4 96.9 98.5 101.1 107.5 114.4 117.2 118.7 121.7 124.4 123.7 125.9 129.8 130.6 130.9 130.9 128.9 125.3 123.6 123
40.3 39 36.5 36.2 36.1 36.1 36.1 36.3 36.5 36.7 36.9 37.3 39.1 42.2 45.8 52.6 58.3 61.2 62.5 62.3 60.8 59.2 57.3 50.8 51.8 54.2 58.7 65.7 69.6 71.8 72.2 72.4 74.8 79.5 84.8 87.8 89.3 90.3 90.6 89.1 86.6 85.1 82.2 80.5 81.1 83.3 83.2 84.4 84.9 84.4 87.1 90.8 95.3 97.2 98.1 96 93.4 86.8 83.4 85.7 91.4 95.3 95.4 101.9 108.4 113.6 115.8 114.8 116.3 118.1 119.9 126.4 129.8 130.2 130.6 131 131.2 128.2 125.9 121.8
41.6 39.5 36.3 36.2 36.1 36 36.1 36.2 36.5 36.7 37.3 37.9 40.3 44.1 51.2 56.7 59.3 59.6 59.1 57.5 55.7 54.9 53.3 51 53.5 59.1 64.6 69 72.9 75.6 77.2 78.6 80.8 82.7 86.3 87.9 88.5 89.3 90.2 90.1 88.8 87.4 84.3 80.7 77.6 78.8 80.4 81.7 82.2 81.9 85.6 91.4 94.9 96 96.9 96.9 90 83.4 81.6 86.7 90.3 91.5 96.6 104.1 109.9 110.7 111.3 109.9 112.1 114.9 118.4 124.2 128.1 128.1 128.7 129.4 131.5 130.9 127.1 121.4
41.4 39.3 36.1 36.3 36.2 36.1 36 36.2 36.7 37.3 38 38.6 41.8 49 54.2 56.2 58.3 57.6 55.6 53.4 51.6 50.8 50 51.3 56.2 61.6 66.5 71.2 73.2 77.1 78.8 82.6 84 84.5 86 86.7 87.6 88.5 89.5 90.4 90.5 89.3 85.5 81.1 76.9 74.7 76.6 77.8 79.4 82 87.2 92.1 93.5 93.3 94.5 94.3 88 81.6 80.4 85.3 88 94.8 102.2 106.5 107.5 108.4 108.1 106.1 107 110.1 112.2 115.4 121 123.7 127.1 127.9 129 130.4 128 122.5
39.5 38 35.8 36.2 36.1 36 36 36.3 36.9 37.5 38 38.7 43.5 48.7 52.7 56.6 56.6 55.5 53.1 50.8 49.6 48.5 50 53.4 57.9 62.6 66.3 70.3 72 74.1 79.4 82.8 83.5 84.7 85.9 86.4 87.1 87.8 88.8 89.7 90.5 88.5 84.6 80.3 75.7 71.6 72.8 75.4 78.6 83.4 87.4 90.9 91.6 90.9 92.4 92 85.8 80 79.2 84.4 92 99.8 104.1 105.6 103.8 105.1 105.3 103.1 103.4 105.9 107.4 110 113.4 116.2 121.8 124.3 121.5 122.8 124.2 119.8
37.8 37.1 35.7 36.5 35.7 35.9 36.1 36.4 36.8 37 37.5 39.7 43.5 46.3 51.3 56.9 56.3 54.4 52.3 49.7 47.6 49.1 52.6 56.2 58.9 62.3 64.1 65.9 69.3 71.4 78.8 81.9 83.8 85.1 86 86.1 86.8 87.5 88.2 89 88.7 86.7 82.7 77.9 73 69.2 72.1 76.4 80 83 85.9 87.8 89.3 89.1 89.1 86.5 81.9 78.5 81.1 88.8 98.7 102 101.8 103.6 101.6 99.4 99.7 98.5 100.8 102.9 105.6 108.8 110.7 112.4 114.6 117.6 117 117.4 116.7 115.6
37 36.3 36.3 36.5 36.3 36 36.3 36.5 36.9 37.4 39 41.3 42.6 44.6 49.3 55.8 55.7 54 51.9 48.9 47.3 50.9 54.1 56.3 58 60.5 60.9 62.5 66.2 69.1 75.9 81.2 84.2 85.6 86 86.2 86.5 87.1 87.7 87.8 85.6 83 80.6 75.9 70.8 67.6 70.6 76 80.2 82.2 83.7 85.7 87.2 85.9 82.7 78.9 76.4 77.3 84 91.9 98.7 95 91.7 92.3 94 93.2 93.3 94.1 97.1 101.1 103.9 107.3 108.1 108.9 110.8 113.2 113.5 114.4 114.6 115
37.3 36.7 36.6 36.3 36.4 35.9 36.2 36.6 36.9 37.4 39.8 41.3 42.1 43.1 47.1 53.1 54.9 53.7 51.1 46.4 47.2 51.4 53.9 55.9 57.8 59 58.9 60.9 65.2 67.8 72.4 78.4 82.7 85.3 85.7 85.7 85 85.9 86.6 85.4 82.2 80.2 78.2 75.1 69.7 66.6 69.2 74.4 80.2 82.1 83 84.5 85.6 82.9 76.6 74.2 76.1 81.5 88.6 90.3 88.5 84.2 83.2 84.6 87.4 92.4 97 99.1 98.9 99.7 102.6 103.8 105 106.9 108.8 110.8 111.6 112.5 113.4 114
37.8 36.7 36 36 36.2 36.3 36.2 36.5 36.8 37.9 40 41.1 41.9 42.8 44.6 49.9 53.5 52.7 49.8 45.2 45.6 51 52.9 55 55.9 56.2 57.9 60 63.3 65.6 68.5 73.4 77.9 81.2 83.5 82.9 82.2 83.9 84.6 82.8 80 78.5 77.3 75.1 70 65.7 67.9 73.1 79.6 82.1 83.3 84.7 84.1 79.2 74.2 74 78.5 82.4 83.2 83.1 80.4 82 87 91 94.7 99.8 103.6 104.7 103 101.6 101.9 103.2 105.2 107.5 109.5 110.9 110.6 110.3 111.5 111.7
37.8 36.1 35.6 35.7 35.9 36.1 36.1 36.5 38.4 38.6 39.9 40.7 41.6 42.5 44.1 46.6 50.8 50.9 47.6 44.3 44.8 49.3 51.4 53.4 54.2 56.3 57.6 59.2 61.8 63.9 65.6 68.9 72.8 77.4 79.5 78.3 78.4 79.5 79.7 79.1 78.5 77.3 76 74.2 69.7 65.1 66.3 70.5 76 77.6 78.5 79.5 78.6 75.3 72.3 71.5 73.7 75.7 76.3 77.6 80.4 84 90.1 97.9 103.2 103.6 105.8 107.6 106.3 103.8 103.3 104.9 106.9 107.3 107.3 108 109.5 107.7 107.9 108.6
38.5 36.4 35.6 35.8 36 36.2 36.3 36.7 38.1 39.4 40.1 40.9 41.7 42.4 43.6 45.9 48.7 49 45.8 43.5 44.3 46 49.9 54.3 55.8 57.6 59.1 60.3 61.3 62.8 64.6 68 72.3 75.9 76.8 76.4 76.9 77.2 76.7 76.3 76.3 76.7 75.1 73.1 69.1 65 62.4 65.4 66.9 68.9 71.2 72.8 73.1 71.8 68.8 71.8 72.2 74.1 75.1 78.8 83.6 88.7 94.7 102.1 106.4 106.8 107.2 108.4 108.2 106.5 106.8 107 107.7 107.7 106.6 103.8 103.9 104.4 105.3 106
39.4 37.3 36.5 36.3 36.5 36.7 36.5 37 38.2 39.1 40.3 41.6 42.4 42.8 44.4 47.9 49.9 50.1 44.4 43.7 44.1 47.6 51.8 54.7 56 57.4 59.1 60.9 62 63.1 64.2 66.8 71.1 74.2 75.4 76.2 76.7 75.4 74.2 74.1 75 76 75.3 73.7 70.7 65.6 62.2 60.8 64.4 67.6 66.3 66.2 68.8 73.2 76.6 77.3 79.8 81.4 81.6 80.1 84.6 91.3 98.3 102.3 107.2 109.3 110.5 110.9 111.5 110.8 110.6 109.9 109.7 108.6 108.4 104.6 100.8 99.4 101.1 99.8
39.6 38.5 37.7 36.9 37 37 36.8 36.9 37.7 38.7 39.6 40.9 42.2 43 46.1 49.8 52 51.7 45.2 42.3 42.9 47.7 51.8 54 54.8 55.6 56.9 59.1 61.3 62.5 62.8 65.2 67.8 70.5 71.8 73.9 75.3 74 72.6 72.6 73.7 74.6 75.5 74.1 71.1 65.1 60.6 61.3 66.6 72 74.5 75.4 78 79.8 82 83.7 85.7 87 87.1 85.5 84.9 89.8 97 102.6 107.6 111 113 113.7 114.3 114.8 114.1 113.2 111.1 109.9 110.3 108.5 100.5 96.4 94.2 91.8
39.7 39 38.3 37.8 37.4 37.4 37.4 37 37.4 38.2 39.1 40.2 41.3 43 45.5 49.1 51.8 52.4 47.2 41.4 43.3 48.8 51.6 52.7 53 53.4 54.7 57.1 59.5 60.8 61.7 62.1 65.2 67.1 67.6 69 71.7 70.8 69.4 69.3 70.7 71.9 72.6 71.7 68.3 63.6 59.6 62.5 67.4 75.8 81.1 82.9 86.3 87.3 88.1 89.8 91.3 92.7 92.5 91.6 90.8 91.9 95.7 100.9 106.4 110.3 113.3 114.9 115.3 116.5 116.2 115.5 113.1 111.1 110.6 108.6 99.9 93.8 89.3 87.3
40 39.7 38.6 37.9 37.4 37.3 37.3 37.4 37.2 38 38.8 39.6 41 42.2 43.7 47.2 49.5 51 50.8 42.4 41.4 49 52 51.9 51.4 51.5 52.4 54.3 56.4 57.7 58.8 59 61.5 63.3 63.8 63.7 65.7 64.7 63.9 65.3 66.6 67.8 68.6 68.5 66.5 62.1 58.6 62.8 68 74.9 82.3 86 89.7 92.4 93.8 95.8 97.5 98.8 98.3 96.5 95.7 94.8 97.2 100.3 104.6 109.1 112.9 114.5 115.4 115.6 115.5 114.7 112.5 110.2 109.3 107.1 95.6 90.3 86.2 86.1
40.5 40.2 39.2 38.2 37.6 37.1 37.2 37.3 37.4 37.7 38.6 39.3 39.8 40.3 41.8 43.8 46.3 48.4 49.3 44.5 40.3 45.4 51.7 50.9 50.2 49.9 50.2 51.4 53.1 54.5 55.3 56.1 58.2 59.3 59.6 60.2 60.7 60.6 60.4 61.1 62.5 63.5 64.3 65.2 63.4 60.2 58.5 63.4 69.4 76.7 82.6 89.6 94.3 97.3 99.8 101.4 102.8 103.2 102.7 101.4 100.5 99.6 99.3 100.5 103.9 107.9 111.5 112.7 113.6 114.2 113.6 112.6 110.8 108.1 106 100.4 91 86.9 82.4 88.6
41 40.7 39.9 38.8 37.7 37.2 37.3 37.4 37.5 37.7 38.7 39.1 39.5 39.9 40 41.4 43.8 45.7 46.1 44.8 39.9 43.6 50.1 50.1 49.4 48.6 48.6 49.1 50.3 51.5 52.3 53.1 55.2 57.2 57.5 57.8 58.3 58.3 57.9 58.5 59.6 60.8 61.8 62.7 60.8 59.5 60.9 64.4 70.4 77.2 82.1 89.6 96.6 100.4 102 103.4 104.9 105.4 105.2 105.1 105.2 103.7 102.7 102.7 105.3 106.6 109.2 110.2 111.3 112.1 111.6 110.2 108.6 105.4 102.2 94.4 87.5 82.6 82.9 88.8
41.7 41.2 40.4 39 37.9 37.4 37.2 37.5 37.7 37.8 38.5 38.8 38.9 39 39.2 39.8 41.2 43 43.5 44.8 39.8 42.6 48 49.3 48.8 48 47.2 47.2 48 48.9 49.8 50.6 52.2 55.2 56 56.3 56.9 56.8 56.4 56.5 58 59.1 60.2 60.4 58.7 57 61.8 64.5 69.5 75.2 79.6 84.4 90.5 96 96.9 98.8 100.6 102.4 104.3 106.6 106.7 105.2 103.5 102.9 103.5 105.2 107.1 107.1 107.7 108.2 107.9 107 105.2 102.5 98.5 91 85.1 79.7 78.7 86.7
42 42.4 40.9 39.2 38.1 37.6 37.2 37.4 37.7 37.8 37.8 37.9 38 38.2 38.3 38.7 39.5 40.8 42.6 42.3 38.8 42.2 46 47.6 47.8 46.7 45.9 45.7 46.2 46.9 47.5 48.3 49.5 52.2 54.3 54.6 55.2 55.6 55.3 55.2 56.5 57.6 58.5 58 58.4 56.1 60.1 63.8 67.5 71.9 75 78.7 82.3 86.1 88.6 91.5 94 96.1 98.6 102.3 104.2 103.1 101.1 99.6 100.6 101.7 103.6 103.6 103.8 104.1 104.2 103.3 101.7 99.9 95.7 88.9 84.4 79.2 77.3 81.1
42 42.1 41.4 39.7 38.3 37.8 37.2 37.4 37.4 37.4 37.4 37.3 37.3 37.3 37.5 37.6 38.5 39.6 39.6 39.2 38.5 41.1 44.3 45.8 45.6 44.9 44.6 44.8 45.2 45.4 46 46.5 48 49.9 51.8 52.6 53.1 53.7 54.3 54.1 54.7 55.7 56.5 53.8 55 56.4 60.2 62.4 65.6 68.7 71.3 72.8 74.3 77.4 80.3 83.2 85.9 88.2 91.7 95.6 97.4 99.3 98.3 96.9 96.7 97.1 98.6 100.2 100.5 100.6 100.3 99.3 98 96.2 93.1 86.8 83.7 79.8 76.3 77.7
42 41.7 41.4 40.1 38.4 37.9 37.3 37 37 37 37 36.9 36.9 36.9 36.8 36.8 37.3 38.1 37.9 37.7 38.3 40 42.4 44 44 43.7 43.5 43.9 44.1 44.4 44.9 45.5 46.7 48.6 50 51 51.8 52.2 52.6 53.1 54.1 54 53.7 55 58.2 58.8 59.1 60.7 63.2 65.7 66.9 68.1 69.2 70.9 73.1 75.3 77.9 81.4 84.9 88.5 91.1 93.8 95.1 93.8 93.3 93.1 93.9 95.3 96.7 97 96.2 95.2 94.2 92.7 89 85 82 78.7 76.1 75
41.4 41.1 40.8 40.6 39 37.9 37.4 36.7 36.7 36.7 36.6 36.6 36.5 36.5 36.4 36.2 36.4 36.9 37.2 37.1 38.3 39 40.7 42.3 42.7 42.4 42.6 42.8 43.1 43.5 44 44.7 45.5 47.4 48.9 49.5 50.4 50.9 51.3 51.4 52.9 52.2 51.3 53.7 56.7 57.7 58.1 59.7 61.4 62.6 63.8 64.3 65.5 66.8 68.4 70.3 72.9 76.1 78.5 81.6 84.8 87.6 88.8 87.6 86 86.4 85.9 87.5 91.4 92.1 90.4 88.6 87.4 86.5 84.5 83 81.7 79.6 77.4 75.4
41.5 40.8 40.2 39.7 39.2 38.4 37.6 36.9 36.3 36.3 36.2 36.2 36.1 36 35.8 35.7 36 36.2 36.5 37 37.8 38.4 39 41.1 41.2 41.3 41.6 41.9 42.2 42.6 43.2 43.9 44.6 46.1 47.8 48.4 49 49.7 49.1 49.6 50.2 50 51.5 53.9 55.5 56.1 57.1 58.7 59.6 59.9 60.7 61.4 61.9 63.5 65.3 67 69.4 71.5 73.8 76.3 78.7 80.6 81.5 79.4 77.1 76 75.6 78.2 81.8 83.8 83.7 79.3 79.1 79.6 79.1 78.5 79.9 80.1 79.3 77.1
41.7 40.7 40 39.6 38.9 38.2 37.7 37 36.2 35.9 35.8 35.7 35.5 35.3 35.1 35.2 35.6 35.9 36.1 36.6 37.4 37.9 38.3 39.7 39.9 40.2 40.7 41 41.3 41.7 42.4 43.1 43.8 44.6 46.2 46.6 47 48 47.6 47.3 47.7 49.5 51.5 53 53.7 54.7 55.9 57.6 57.9 58.2 58.7 58.9 59.3 60.6 62.9 65.1 66.9 68 70 72.5 74.8 76.4 75.7 73.1 71.4 70.3 70.1 71.6 74.1 75.6 74.3 72.7 73.4 74.9 75.1 75.9 77.8 78.8 78.3 77.2
41.6 40.6 39.9 39.4 38.7 38.2 37.8 37.5 36.7 35.6 35.3 35.1 34.9 34.7 34.5 34.8 35.2 35.6 36 36.2 36.9 37.3 37.8 38.2 38.6 38.9 39.5 40 40.4 40.8 41.5 42.5 42.5 42.2 43.3 45.2 46.6 49 49.9 49.3 49.3 50.1 50.7 51.7 52.7 53.7 54.8 56.2 56.8 56.6 56.6 56.7 58.1 59.7 60.8 62.7 64.3 65.4 66.9 68.7 70.8 72.8 71.9 70.1 68.6 68 67.7 67.9 68.6 70.5 69.1 69.5 70.1 71.1 72.1 73.6 74.8 75.3 75.6 74.8
41.6 40.5 39.7 39.1 38.7 38.3 37.6 37 36.3 35.3 34.9 34.7 34.5 34.4 34.2 34.5 34.9 35.2 35.6 36 36.4 36.7 36.9 37.2 37.3 37.6 38.2 38.8 39.4 40.3 41.3 41 40.7 42.3 45.6 47.6 49.5 50.2 50.5 50.5 49.9 49.5 49.6 50.7 51.7 52.8 53.9 54.7 54.6 55.2 55.3 55.9 57 58.1 59.2 60.3 61.9 63.1 64.7 66.4 67.9 69.1 68.3 67.2 66.4 65.9 65.4 65.5 66.2 66.3 66.6 67 67.6 68.6 69.3 70.2 71 71.6 71.9 72
41.5 40.4 39.6 39 38.3 37.6 37 36.6 36 35 34.6 34.4 34.2 34 33.9 34.3 34.6 35 35.4 35.5 35.6 35.6 35.6 35.8 36.1 36.8 37.4 38 38.7 39.4 40.3 39.9 40.3 41.8 44.6 46.9 49 50.1 50.6 50.7 50.8 50.3 49.9 50.2 50.5 51.6 52.4 52.7 52.7 53.8 54.6 55.5 56.6 57.7 58.5 58.8 59.4 60.1 61.7 63.8 64.7 65.9 65.7 65.2 64.6 64.1 63.6 63.7 64 64.5 64.7 65.4 65.8 66.5 66.9 67.6 67.6 67.9 68.6 69.2
41.4 40.5 39.1 38.3 37.6 36.9 36.5 36.1 35.6 34.7 34.4 34 33.8 33.6 33.7 34.1 34.4 34.6 34.8 34.9 35 35 35 35 35.3 36 36.7 37.3 38 38.7 39.4 39.1 39.7 41.3 43.7 46.4 48.4 49.7 50.6 50.8 50.6 50.6 50.6 50.5 50.2 50.1 50.6 50.8 51.4 52.1 54.1 55.6 56.2 56.5 56.8 57 57.1 58.2 59.6 60.1 61.2 62.6 63.3 63 62.8 62.5 62.6 62.7 62.8 63.1 63.6 64 64.2 64.8 65.3 66.5 66.6 66.4 66.6 67.1
41.1 39.7 38.6 37.6 36.9 36.5 36.1 35.7 35.2 34.4 34.1 33.7 33.4 33.2 33.5 33.7 33.9 34 34.1 34.3 34.3 34.3 34.3 34.5 34.8 35.3 36 36.6 37.3 38 38.5 38.6 38.9 40.5 42.8 45.7 47.8 49.4 50.4 50.9 50.6 50.5 50.4 50 49.7 49.3 49.6 49.8 50.4 51.3 53.2 54 54.4 54.8 55.1 55.2 56.5 57.6 58.2 57.5 58.5 59.3 60.2 60.5 60.9 61.4 61.5 61.7 61.9 62.1 62.6 63.2 63.7 64.3 64.7 65.7 65.7 65.3 65.7 65.6
40.9 39.6 38.2 37.1 36.4 36 35.6 35.3 34.8 34.1 33.8 33.5 33.1 32.8 32.9 33.1 33.2 33.4 33.5 33.6 33.6 33.7 33.9 34.1 34.3 34.6 35.2 35.9 36.6 37.3 37.8 38.1 38.4 40.1 42.5 44.8 46.9 48.6 49.8 50.7 50.5 50.2 49.8 49.5 49.2 48.9 48.6 49 49.8 50.7 51.3 51.7 52.2 52.7 53.2 54.3 55.9 56.5 55.4 55.2 56.1 56.7 57.4 58.5 59.4 60.2 60.6 60.9 61.1 61.4 62.4 63.1 63.7 64.3 64.8 64.8 64.4 64.2 64.8 64.7
40.9 39.5 37.8 36.7 36 35.6 35.2 34.8 34.4 33.8 33.5 33.2 33.1 32.9 32.6 32.5 32.6 32.8 32.9 33 33 33.2 33.4 33.6 33.7 34 34.5 35.1 35.8 36.4 36.9 37.2 37.7 39 40.9 43.2 45.4 47.5 48.7 49.5 50 49.7 49.3 49.1 48.8 48.6 48.6 48.5 48.8 49.7 49.3 49.5 50 50.8 51.9 53.8 54.9 53.8 52.8 53.3 54.5 55.6 56.7 57.5 58.5 59.4 59.9 60.2 60.4 61 62 62.9 63.6 64.2 64.2 63.7 62.9 63.1 63.9 63.9
40.8 39.4 37.6 36.3 35.5 35.2 34.8 34.4 34 33.5 33.3 33.3 33.3 33 32.7 32.4 32.1 32.1 32.3 32.3 32.5 32.7 32.9 33 33.2 33.5 33.8 34.3 34.9 35.4 35.9 36.3 37.3 38.5 39.3 40.9 43.1 45 47.3 48.4 49.2 49.3 49 48.7 48.6 48.5 48.6 48.7 48.5 48.7 48.1 48.3 49.2 50.1 51.1 52 53.1 52.1 51.8 53.1 53.8 54.9 55.7 56.5 57.6 58.6 59 59.4 59.7 60.6 61.4 62.2 62.9 63 62.8 62.3 61.5 62.3 63 62.8
40.3 39.2 37.4 35.9 35.1 34.7 34.3 34 33.6 33.5 33.4 33.4 33.2 33 32.7 32.5 32.2 31.9 31.7 31.8 32 32.1 32.3 32.4 32.6 33 33.3 33.7 34.1 34.5 35 35.6 36.4 37.2 37.9 38.7 40.3 42.7 44.7 46.6 48.4 48.9 48.8 48.6 48.5 48.4 48.6 48.7 48.6 48.4 47.3 48 49 50.1 51.1 51.2 51.2 50.7 51.4 52.9 53.4 53.9 54.6 55.5 56.5 57.7 58.2 58.6 59.2 60 60.7 61.5 61.4 61.2 61 60.7 60.7 61.2 61.8 61.7
39.4 38.9 37.7 36.2 34.8 34.4 34.1 33.8 33.5 33.5 33.4 33.1 33 33 32.7 32.5 32.2 31.9 31.6 31.4 31.6 31.7 31.9 32.1 32.3 32.6 32.9 33.3 33.7 34.1 34.5 34.9 35.4 36.1 36.9 37.6 38.7 40.9 43.3 45.3 47.4 48.6 48.7 48.5 48.4 48.4 48.6 48.7 48.7 47.8 46.3 46.7 49.1 50.2 51.1 50.9 51 51.3 51.6 52.6 53 53.3 53.8 54.8 55.8 57 58.1 58.5 59 59.6 60.3 60.5 59.7 59.4 59.1 58.9 59.2 59.8 60.4 61
37.8 37.3 36.1 35.3 34.7 34.4 34.2 33.9 33.5 33.4 33.1 32.8 32.8 32.8 32.7 32.4 32.2 31.9 31.6 31.1 31.2 31.4 31.6 31.7 32.1 32.3 32.5 32.9 33.2 33.6 34.1 34.4 34.5 35.2 35.9 36.8 38.2 39.5 42 44.2 46.4 48 48.3 48.4 48.3 48.4 48.5 48.3 47.5 46 45 45.8 48.7 50.3 50.8 50.9 50.7 50.5 51.4 52 52.3 52.6 53.4 54.4 55.5 56.5 57.6 58.5 59 59.4 59.3 59.5 58.5 57.8 57.3 57.2 57.6 58.2 59.6 60.4
36.2 35.7 34.7 34.1 34.4 34.4 34.3 33.9 33.5 33.2 32.7 32.6 32.6 32.6 32.7 32.4 32.1 31.9 31.5 31.1 30.9 31.1 31.2 31.4 31.8 32.1 32.3 32.5 32.8 33.2 33.6 33.9 34.1 34.2 35 36.2 37.5 38.7 41 43.3 45.6 47.1 47.5 47.9 48 47.9 47.7 47.2 45.3 43.7 43.6 44.9 48 50.2 50.7 50.4 50 50.2 50.8 51.3 51.7 52.2 53 54 55.1 56.2 57.2 58.3 59 59.2 58.9 58.5 57.6 56.5 55.6 55.9 56.8 58.3 59.5 60.1
