STL Generation/terr50_gagg_gb/data/SE79.asc
ncols 200
nrows 200
xllcorner 470000
yllcorner 490000
cellsize 50
[rows 0 to 34 of 200, columns 78 to 155 of 200]
354.4 352.4 349.7 346.9 344 341.2 339.3 337.3 334.9 332.7 329.7 326.6 323.3 319.2 317.1 318.2 318.6 319.4 319.6 319.4 318.4 316.6 315.9 314.1 312.1 310.3 308.9 307.4 305.8 303.9 302.4 301.3 299.6 297.6 295.4 292.5 290.9 291.8 292.1 292.7 294.2 296.5 297.3 297.5 295.4 295.2 293.3 289.6 285 282 278.1 273.4 269.2 267.1 265.7 262.4 262.2 266.2 266.8 265.5 267.1 267.6 262.5 255.8 255 256.7 258 259.1 260.7 262.5 263.9 265.2 266.4 267.2 267.8 268.4 269.3 269.5
355.6 352.8 350.1 347.4 344.6 342 339.8 337.7 335.5 333.4 330.9 328.3 325.7 322.5 319.7 314.4 315 315.9 317.3 317.6 315.8 315.6 315.5 313.7 311.1 309.2 307.4 306 304.4 302.6 301.5 300.4 298.9 296.9 294.5 291.6 287.6 287 287.5 288.9 290.7 294 295.7 294.6 292.1 290.7 287.7 283.4 277.8 271.5 267.9 271.5 274.3 275 275.6 275.5 280.3 279.3 277.6 277.6 280.6 281.8 273.5 268.3 263.2 256.7 250.1 251.3 252.3 253.7 255.3 257.1 259.1 261.8 262.5 263.2 264.3 265.4
357.4 354.7 351 348.2 345.4 342.5 340.4 338.1 336.2 334.1 331.8 329.7 327.1 324.6 321.6 317.6 312.5 313.8 314.9 315.2 315.3 315.6 315.1 313.4 310.9 308.8 306.6 304.8 303.1 301.3 299.8 299.1 297.7 296.2 292.4 287.4 285.2 284 283.4 285.1 287.1 290.7 292.5 292 289.3 285.9 280.5 274.7 271.9 277.7 284.6 288.2 289.5 290.6 291.3 291.2 291.4 291.2 288.6 290.4 290.5 290.7 285.4 281.2 276.7 270.6 263.1 255.9 250.7 245.6 245.7 247.1 248.8 251.4 254.6 258 258.9 260
358.1 356.8 352.5 348.9 346 343 340.7 338.4 336.1 334.7 332.4 330 327.4 325 322.2 318.9 315.1 311.1 312.5 313.8 315.3 315.3 314.6 313.1 310.7 308.2 306 303.8 301.6 299.8 297.4 294.5 291.1 289.5 287.5 289.5 290.1 287.9 285.6 282.2 281.7 286.4 289.3 289 286.1 279 273.3 278.5 285.9 289.2 291.5 293 294.8 295.9 295.4 295.2 295.3 295.6 295.7 295.2 295.2 295 291.8 287.4 283.7 280.3 272.7 267 261.9 259.1 254 248.8 241.6 240.4 243.7 250.9 252.5 254.5
358.8 356.1 352.5 349.4 346.5 343.6 341.1 338.8 336.4 334.2 332.2 329.2 326.3 323.5 321.5 319.2 315.7 310.4 310 311.2 313 314.4 314.1 312.4 309.9 307.6 305.4 303.4 301.1 298.8 295.2 291.4 292.3 296.2 296 294.6 293.8 291 287.3 284.1 281 281.6 285.1 283.7 280.2 273.8 281 287.7 291.1 293.6 296.1 297.7 298.8 299.4 299.8 299.6 299.6 299.3 299 298.4 297.9 296.3 294 289.5 286.9 285 281.7 278.7 274.4 273.3 268.3 263.5 257.5 249 238.2 237.6 243.9 246.6
359.6 355.8 352.4 349.9 347.2 344.3 341.5 339.2 336.8 334.1 331.5 328.4 325.3 322.6 320.7 318.7 315.5 312.3 308.1 308.8 309.9 311.4 311.7 311.2 309.2 307 304.9 302.9 300.6 297.9 293.9 295.3 299.3 297.5 296.7 296.6 295.8 292.7 289.4 286.7 283.3 278.8 279.4 278.3 276.2 280.9 287.1 292.6 295.1 297.5 299.8 301.5 303.4 304.3 304.7 304.9 304.4 303.4 302.5 301.6 300.9 299.3 296.8 293.9 291.1 288.9 286.4 284 280.9 277.5 274.7 271.6 267.7 262 254.2 246 235.2 232.6
358.4 354.8 352.4 350.1 347.6 345 342.1 339.6 337.2 333.7 330.6 327.5 324.5 321.9 320.3 318.2 315.2 312.5 309 306.6 307.1 308.3 307.2 307 306.9 306.3 304.3 302.3 298.9 297 293.3 297.9 300.5 298.6 298.5 297.6 296.5 294.3 291.8 289.1 285.5 280.2 276.1 275.3 278.5 286.7 291.3 295.6 298.8 301.5 303.5 305.2 306.8 308.3 309.1 308.9 308.5 307.8 307.5 306.1 304.4 303 301.9 299.2 295.7 292.8 290.1 287.3 284.7 281.5 279.4 277.3 274.4 270.2 264.8 259 251.5 241
356.3 353.1 350.8 348.8 346.7 344.7 342.6 339.9 336.4 332.8 330.3 327.3 324.3 322.1 319.8 317.6 314.5 311.5 308.5 305.3 305.1 305.1 303.9 302.9 302 301.8 300.8 298.5 296.6 297.1 298.1 300.5 301.6 300 299.3 297.9 296 294.2 291.7 290.4 286.9 282.4 283.2 283.5 286.4 291.4 295.9 298.7 302.1 304.8 306.7 308 309.6 310.8 311.2 310.8 311 311 310.4 309.9 308.1 306.9 304.9 301.7 299 296 293.3 290.6 288.7 285.9 283.5 281.1 278.5 276 272.6 268.8 264.5 254.7
354.1 351.5 349.3 347.2 345.2 343.1 341.4 338.9 335.4 332 329.5 327 324.3 321.7 319.2 317 313.9 310.9 309.1 305.2 303.4 302.6 301.9 301.4 301.6 298.9 297.3 298 300.6 301.4 302.6 303.2 302.4 301.2 299.3 297.3 295.6 294.2 293.3 290.7 288.5 287.1 287.4 289.5 291.7 295.7 299.6 302.3 304.6 307.5 308.8 310.6 311 311.5 312.2 312.5 311.8 311 310.4 310.1 309.5 308.6 306.4 304.4 301.4 298.5 295.9 293.1 290.7 288.4 286.8 284.9 282.6 280.4 278.2 275.2 269.8 260.5
352.2 350 347.7 345.6 343.7 342.1 340.1 337.7 334.6 331.2 328.2 326.2 324 321.3 318.7 316.4 313.3 311.3 309.8 308.3 306.1 304.3 304 301.9 302.1 302.1 302.6 303.5 303.8 304 304.1 304.5 302.7 300.7 298.7 297.2 296 294.7 293.4 292.1 292.2 291.4 291 293.5 296.2 299.3 302.5 305.3 306.8 308.1 309.4 310.6 311.5 312.1 312.5 312.4 311.8 311.1 310.4 310 309.4 308.3 307.2 305.1 302.4 299.5 297 295 293.4 290.7 289.7 288.3 286.9 284.8 282.4 279.4 272.4 264.1
349.6 348.3 346.1 344.4 342.8 341.1 338.8 335.8 333.1 330.2 327.4 325.3 323.2 320.8 318.3 315.8 313.7 312.2 310.8 309.4 308.5 307.9 307 305.3 305.3 305.4 305.7 306.4 306.9 306.6 306.3 304.9 303.1 301.2 299.5 298.1 296.5 295.1 293.7 295.1 295.6 295.2 295.3 296.6 299 301.6 304.9 306.6 308 309.4 310.5 311.6 312.4 312.5 312.5 312.1 311.6 311.1 310.4 309.9 308.9 307.8 306.7 305.6 303.4 300.5 298.4 297.2 295.7 294.2 293 291.6 290.2 288.2 285.3 282.2 276.2 266.1
347.4 346.1 344.9 343.4 341.8 339.6 336.8 334.7 332.8 330.2 327.6 324.8 322.5 320.1 317.8 316 314.7 313.2 311.8 310.6 310.2 310.3 310 308.7 308.4 307.6 308.7 308.6 308.4 307.8 306.8 305.7 303.9 302 300.5 299.2 297.6 296.1 295.6 296.2 297.5 297.7 297.7 298.6 301 304 306.7 308.1 309.7 311.2 312.3 313 313.6 314.3 314.3 312.9 312.1 311.5 310.8 309.7 308.5 307.4 306.5 305.1 303.9 301.9 300.3 298.6 297.4 297.1 296.2 294.4 292.8 290.7 288.7 285.2 280.3 274
345.7 344.4 343.1 342 340.4 338.1 336 333.8 331.9 330 327.3 324.6 322.1 320.3 318.3 316.8 315.5 314.2 312.8 312.2 312.1 312.6 312.9 312.2 311.5 310.7 310.3 309.8 309.2 308.6 307.5 306.5 304.7 302.8 301.5 300.2 298.7 296.9 297.2 298 298.4 300 300.2 300.8 303.1 306 308.1 309.8 311.3 312.8 313.5 314.2 314.8 315.5 316.1 315.3 313.3 312.4 311.3 310.2 309.4 309.3 309.2 307.4 305 303.4 301.4 300.1 299.7 299.7 299.7 297.9 296.5 294.1 292 288.1 283.6 277.4
343.4 342.7 341.4 340.2 339.1 337.2 335.1 332.9 331 329.4 327 324.4 322 320.3 319.1 317.7 316.2 315 314 313.5 314.1 315.4 315.1 313.7 312.2 311.5 310.9 310.4 309.9 309.4 308.4 307.7 306.5 303.7 302.5 301.2 299.9 298.3 298.3 299 299.8 300.8 302.1 303.2 304.2 306.1 307.7 309.2 310.5 311.8 312.9 313.7 314.5 315.2 316.1 315.9 315 313.4 311.9 310.9 311.3 311.7 311.8 310.7 308.7 306.9 304.1 302.3 302.5 303.1 303.1 302 300.1 297.6 294.7 291.1 286.9 281.3
341 340.3 339.5 338.2 337.1 336.4 334.2 332.1 330.2 328.6 326.7 324.1 321.8 320.4 319.3 318.2 317 315.8 314.9 315 316 317.2 316.5 314.9 313.2 312 311.4 310.9 310.5 310 309.2 308.2 307.2 304.9 302.8 301.2 299.6 300.1 299.8 300.4 301.7 302.9 303.6 304.4 305.1 305.8 306.9 308.2 309.5 310.8 312.1 313 313.8 314.6 314.6 314.5 314.7 314.6 313.3 312.4 312.7 313 313.4 312.5 311 310 308.2 305.7 306.4 306.1 306.2 304.2 302.8 301 297.6 293.7 289.5 284
338.6 337.9 337.2 336.1 335.1 334.7 333.4 331.2 329.3 327.7 326.1 323.8 321.6 320.5 319.4 318.2 316.6 316.7 316 316.9 317.9 318.3 317 315.5 314.1 312.7 311.9 311.5 311 310.5 309.5 308.4 307.4 306.1 304.3 302.5 301.5 302.2 301.9 302.6 303.7 303.8 304.5 305.2 305.9 306.6 307.4 308.1 308.9 309.8 311.1 312.4 313.2 313.4 313.5 313.7 314 314.2 313.9 313.5 313.7 313.8 313.9 313.4 312.6 311.7 310.5 309.3 308.3 307.7 306.6 305.4 304.1 302.8 300.1 296.3 292 286.8
336.2 335.5 334.8 334 333.1 332.6 332.2 330.4 328.4 326.8 325.2 323.5 321.7 320.5 318.8 317.2 316 316.3 316.6 317.5 319.1 318.7 317.3 315.8 314.6 313.5 312.4 312 311.5 310.8 309.8 308.7 307.8 307.2 305.9 304.5 303.7 304.3 303.8 304.7 305.3 305 305.3 306 306.7 307.4 308.2 308.9 309.7 310.4 311.2 311.9 312.4 312.6 312.8 313 313.2 313.4 313.7 313.4 313.6 313.7 313.8 313.3 312.5 311.6 310.4 309.6 308.6 307.6 306.6 305.6 304.5 303.1 301.8 299 295.1 290.8
333.6 333 332.5 331.7 331.1 330.6 330.2 329.5 327.5 325.9 324.3 322.8 321.1 319.5 317.8 316.2 315.6 315.9 315.5 317.2 319.1 319 317.6 316.7 315.7 314.3 313.2 312.5 312 311.1 310.1 309.4 308.8 308.3 306.9 305.6 306.1 306.2 305.8 306.4 307 306.6 306.5 306.9 307.5 308.2 309 309.7 310.4 311 311.6 312.2 312.4 312.2 312.1 312.3 312.5 312.7 313 313.2 313.4 313.5 313.6 313.1 312.3 311.4 310.3 309.2 308.2 307.1 306 305.1 303.9 302.8 301.6 300.5 297.8 294.3
330.8 330.3 329.7 329.1 329 328.7 328.2 327.8 326.7 325.1 323.6 321.8 320.1 318.5 316.8 315.2 315.2 315 314.4 316.6 318.8 319.6 318.8 317.8 316.5 315.2 314.1 313 312.5 311.4 310.9 310.3 309.8 309.3 307.9 308.2 308.5 308.4 308.1 308 308.6 308.3 307.9 308.1 308.5 308.9 309.5 310 310.6 311.2 311.8 312.4 312.5 312.2 312 311.8 311.9 312.1 312.3 312.6 312.9 313 313.2 312.3 311.4 310.6 309.7 308.7 307.7 306.6 305.5 304.5 303.3 302.2 301.1 300 299 295.9
328.1 327.5 326.9 326.3 326.3 326.3 326.4 326 324.8 323.7 322.5 320.6 319.1 317.5 315.8 314.5 314.5 313.3 313.8 316 318.2 320.5 320 318.6 317.3 316 314.9 313.8 313 312.4 311.9 311.3 310.8 310.2 310.2 310.3 310 310.1 310.1 310.2 310.2 309.9 309.5 309.3 309.5 309.9 310.3 310.8 311.3 311.7 312.2 312.7 312.5 312.3 312.1 311.8 311.6 311.4 311.6 312 312.3 312.5 312 311.1 310.3 309.5 308.8 307.8 306.8 305.8 304.8 303.9 302.8 301.7 300.6 299.4 298.4 296.6
324.9 324.6 324.1 323.5 323.6 323.5 323.4 323.9 323.2 321.9 320.6 319.4 317.8 316.4 314.8 314 312.7 312 313.2 315.4 317.6 319.9 320.8 319.4 318.1 316.9 315.8 314.7 314 313.7 313.5 313.3 312.7 312.1 312.2 311.4 311.4 311.5 311.6 311.4 311.4 311.1 310.7 310.3 310.5 310.9 311.3 311.8 312.3 312.7 313.2 312.3 311.7 311.6 311.4 311.3 311.1 311 310.6 310.9 311.2 311.4 310.9 310 309.2 308.4 307.7 306.9 305.9 305 303.9 302.8 302 301.1 300 298.9 297.5 295.8
319.8 319.6 319.8 320.2 320.4 320.3 320.8 321.2 321.6 320.4 319.1 317.9 316.5 315.1 313.5 312.2 311.1 310.6 312.6 314.8 317 319.1 320.4 320.3 318.9 317.7 316.6 315.9 315.1 314.3 314.1 313.9 313.8 313.6 313.2 312.8 312.9 312.6 312.3 312.2 312.2 312.1 311.7 311.4 311.5 311.8 312.3 312.8 313.2 313.7 312.7 311.7 311 310.8 310.6 310.5 310.3 310 309.5 309.5 309.6 309.8 309.8 308.9 308.1 307.4 306.6 305.9 305.1 304.1 303 301.9 301 300.1 299.2 298.4 296.9 295.5
315.5 315.6 316 316.5 317.1 317.7 318.1 318.6 319 318.9 317.6 316.4 315 313.2 311.4 310 309.6 309.5 311.8 313.9 316 317 318.1 319.2 319.5 318.6 317.8 317 316.3 315.4 314.8 314.6 314.4 314.2 313.9 313.7 313.4 313.1 313 313 313 313.1 312.8 312.5 312.5 312.8 313.3 313.8 314.2 313.1 312.1 311 310.3 310 309.9 309.7 309.5 309 308.2 307.8 308 308.1 308.2 307.8 307 306.3 305.6 304.8 304.1 303.1 302 301 300.1 299.2 298.4 297.5 296.3 295.1
311.5 311.7 312.3 313 314.4 315.3 315.6 315.9 316.4 316.8 316.1 314.9 314.2 312.6 310.9 308.7 308.3 308.3 310.8 313 315.1 315.8 316.4 317.2 318.9 319.7 318.9 318.2 317.4 316.6 315.8 315.2 315 314.8 313.9 314.2 313.9 313.8 313.9 313.9 313.9 313.9 313.8 313.6 313.7 313.8 314.3 314.6 313.6 312.5 311.5 310.4 309.5 309.3 309.1 308.9 308.4 307.3 306.2 305.9 306.1 306.3 306.5 306.6 305.6 304.7 303.8 303.1 302.6 301.9 300.8 300.4 299.4 298.4 297.5 296.5 295.4 294.3
307.6 308.2 308.9 309.8 311.6 312.7 313.3 313.6 313.9 314.2 314.5 313.6 313.1 312 309.8 307.8 307.1 307.2 309.5 312 313.9 314.4 314.8 315.2 316.4 317.9 319.2 319.3 318.6 317.8 316.9 316.1 315.7 315 314 314.8 314.7 314.7 314.7 314.7 314.7 314.7 314.8 314.7 314.8 314.8 315 314 312.9 311.9 310.8 309.8 308.7 308.5 308.3 307.6 306.7 305.8 304.9 304.6 304.6 304.8 305 304.4 303.4 302.6 302.2 301.7 301.4 300.7 300.1 299.9 298.9 297.7 296.7 295.6 294.5 293.4
304.2 304.7 305.5 307.1 308.8 309.9 311 311.3 311.6 311.9 312.1 312 311.8 311.2 309.2 307.2 305.8 305.5 307.7 310 311.4 312.1 312.7 313.4 314 315.4 317 318.4 318.9 318.9 318 317.1 316 315 314.5 315 315 315 315 315 315 315.1 315.1 315.3 315.5 315.4 314.6 313.6 312.6 311.6 310.6 309.4 308 306.9 306.8 306.5 305.7 304.8 303.7 303.4 303.5 303.5 303.5 302.8 302 301.3 300.8 300.4 300.1 299.9 299.6 299.3 298.4 297.1 296 294.9 294 293.1
300.7 301.2 302 304.1 306 307.2 308.3 309 309.2 309.4 309.5 309.4 310.1 310.1 308.7 306.3 305.1 304.2 305.8 307.5 308.9 309.5 310.2 311.4 312.6 313.4 314.4 316.2 317.9 318.3 318.3 317.1 315.9 315 315 314.5 314.3 314.1 314.1 314.1 314.1 314.1 314.6 314.9 314.9 314.8 314.1 313.5 312.5 311.5 310.2 308.8 307.3 306.2 305.3 305 304.6 303.8 302.4 302.2 302.3 301.9 301.5 301.3 300.9 300.2 299.6 298.5 297.6 298.6 299 298.8 298.3 297.4 296.7 295.5 294.1 292.8
297.3 297.6 298.6 300.9 303.2 304.3 305.3 306.4 306.6 306.8 306.9 307.5 308.4 308.7 307.6 306 304.7 303.3 303.5 305 306.4 307.7 309 310.3 311.3 311.7 312.4 313.8 315.5 316.9 317.8 316.9 315.7 315.5 314.6 313.4 313.3 313.3 313.2 313.2 313.2 313.8 314 314.3 314.4 314.2 313.6 312.9 312.2 311 309.6 308.1 306.5 305.4 304.6 304 303.4 302.6 301.2 300.7 300.3 299.9 299.5 299.3 299 298.8 298.3 297.3 296.4 296.6 298.7 299.2 298.8 297.5 297.4 296.2 295 293.5
293.3 293.6 295.4 298.1 300 301 302.3 303.8 304 304.1 304.5 306.1 306.6 306.9 306.8 305.4 303.8 302.2 301 302.6 305 306.6 307.9 309.1 309.4 309.4 310.4 311.6 313.2 314.6 315.7 316.7 315.9 314.7 313.6 312.5 312.1 312.1 312.2 312 312.5 312.7 312.6 313.3 313.9 313.5 313 312.1 311.1 310.1 308.9 307.4 305.8 304.5 303.9 303 302 300.8 299.4 298.8 298.3 297.9 297.6 297.3 297.1 296.8 296.4 297.1 297 296.1 298.1 298.7 298.9 298.3 298.1 296.9 295.8 294.5
290.1 289.8 292.1 294.3 296 297.7 299.4 301 301.3 301.5 303 303.9 304.6 304.8 305.1 303.3 301.6 300.4 298.8 300.4 303.3 305.1 306.7 307.1 307.1 307.2 308.5 309.7 311 312.3 313.5 315.6 314.7 313.6 312.5 311.4 310.7 310.6 310.4 309.1 309.8 310.7 311.2 311.7 312.1 311.9 311.5 310.5 309.5 308.6 307.6 306.4 304.6 303.3 302.3 301.2 300.1 298.9 297.7 296.9 296.3 295.9 295.6 295.4 295.1 294.6 294.2 294.6 295.3 296.1 297.1 297.9 298.2 299.3 298.8 297.6 296.5 295.3
287 286.4 288.6 290.3 292.1 294 296.3 298.2 298.6 299.7 300.7 301.6 302.4 302.7 302.8 301.1 299.3 297.9 296.8 298.5 301.3 303.3 304.3 304.6 304.8 305.3 306.5 307.7 308.9 310.8 313.5 314.3 313.6 312.1 310.9 309.6 307.9 308 305.6 305.9 306.6 307.5 308.2 309.6 310 309.8 309.6 308.7 307.8 306.8 305.9 305.1 303.5 301.5 300.4 299.3 298.2 297 295.9 295.2 294.4 293.9 293.6 293.4 292.8 292.3 292 292.1 292.9 293.8 295.8 296.9 297.9 300.3 299.4 298.3 297.2 296
283.5 283.3 284.7 286.5 288.4 290.4 292.7 295 296.5 297.5 298.4 299.4 300.2 300.6 300.4 298.7 297 295.5 294.7 295.8 299.2 300.8 301.4 301.6 302.5 303.3 304.6 306 307 307.8 310 312.6 312.5 311.1 309.6 306.9 304.8 304.5 302.4 302.8 303.1 303.6 304.1 305.6 307.3 307.9 307.7 307 306 305.1 304.3 303.4 302.4 300.3 298.6 297.5 296.3 295.1 294.1 293.4 292.6 292 291.7 291.1 290.5 290 289.7 289.7 290.4 291.9 294.4 295.6 299 300 299 298.1 297.2 296.2
280.2 280 282.5 283.8 285 287 289.6 292.2 294.3 295.2 296.2 297.1 298 298.4 298.8 297.2 295.6 294.4 293.3 293.9 296.2 297.4 297.1 298.1 299.2 301.7 303.1 304.1 304.8 305.6 306.4 309 309.9 308.7 306.3 303.5 301.8 301.7 299.6 299.5 299.5 299.7 300.3 301.7 303.1 305.4 305.7 305.2 304.3 303.4 302.5 301.6 300.8 298.7 297 295.6 294.4 293.2 292.4 291.6 290.9 290.1 289.3 288.7 288.2 287.6 287.5 287.5 288.4 290.2 292.7 295.8 297.9 298.8 298.6 297.6 296.7 295.7
275.5 275.6 278.9 280.8 282.5 284.7 286.8 289.3 291.5 293.1 294 294.9 295.8 296.5 297.1 296.5 294.9 293.5 292.1 291.3 292.4 293.9 293.3 294.2 296.6 299.4 301.2 301.9 302.6 303.4 304.2 305.2 304.3 303.3 300.3 299 298.8 298.4 297.2 297.1 296.9 296.7 296.5 297.7 299 301.4 303 303.5 302.6 301.7 300.8 299.9 299 297.3 295.6 293.9 292.6 291.4 290.6 289.8 289 288.1 288 286.4 285.9 285.3 285.2 285.1 286.7 290 292.1 295.7 296.5 297.1 297.5 296.7 295.9 294.9
272 271.7 275.3 277.3 279.5 281.5 283.7 286.1 288.5 290.8 291.7 292.5 293.9 295.4 295.7 295.4 293.5 291.5 290 289.2 289.1 289.4 289.2 290.6 293.9 297.8 299.3 299.7 300.5 301.2 301.9 302.2 300.4 298.6 297.2 295.9 295.8 295.4 295 294.9 294.6 294.3 293.9 293.9 295.3 297.9 300.3 300.7 300.8 299.9 299 298.1 297.1 295.7 294 292.4 291 289.6 289 288.3 287.4 286.6 285.6 284.3 283.6 283.3 283.2 283.6 286.4 288.7 291.1 294.3 294.9 295.3 295.8 295.7 294.9 294.1
