STL Generation/terr50_gagg_gb/data/SE91.asc
ncols 200
nrows 200
xllcorner 490000
yllcorner 410000
cellsize 50
[rows 40 to 79 of 200, columns 91 to 181 of 200]
4 3.8 3.7 3.6 3.4 3.3 3.2 3 2.6 2.4 2.1 2.1 2.2 2.4 2.5 2.6 2.7 3.4 4 4 4 3.9 3.9 3.8 3.8 4 4.1 4 4.1 4.1 4.2 4.2 4.2 4.3 4.3 4.2 4.2 4.1 4 3.8 3.5 3.2 2.9 2.8 2.8 2.8 2.8 2.7 2.7 2.9 3.1 3.3 3.5 3.6 3.7 3.3 3 2.8 2.6 2.5 2.5 2.5 2.5 2.5 2.5 2.5 2.7 3 3.4 3.8 4.1 4.4 4.7 5.3 6.4 7.5 8.6 9.7 10.8 12.2 14.2 16.3 18.4 22.4 27.3 36.2 43.3 50.8 58.7 68.1 82.2
4.2 4.1 4 3.8 3.7 3.6 3.4 3.1 2.9 2.6 2.3 2.3 2.4 2.5 2.6 2.7 2.7 2.7 4.7 5 4.7 4.3 4 3.6 3.6 3.7 3.8 3.7 3.7 3.8 3.8 3.8 3.8 3.9 3.9 3.9 3.7 3.6 3.5 3.3 3 2.7 2.6 2.6 2.7 2.7 2.7 2.7 2.7 2.7 2.9 3.1 3.2 3.4 3.6 3.3 3 2.8 2.6 2.4 2.4 2.4 2.4 2.4 2.4 2.5 2.6 2.6 2.9 3.2 3.5 3.9 4.2 5.1 6.2 7.3 8.3 9.4 10.5 11.8 13.9 16.1 18.2 21.7 27 34.2 41.5 49 57 64.3 80.7
4.5 4.4 4.2 4.1 4 3.8 3.6 3.4 3.1 2.9 2.6 2.6 2.7 2.7 2.7 2.7 2.7 2.7 3.5 3.5 3.5 3.4 3.4 3.3 3.3 3.5 3.6 3.3 3.4 3.4 3.4 3.4 3.5 3.5 3.5 3.5 3.3 3.2 3 2.7 2.6 2.6 2.7 2.8 2.8 2.7 2.7 2.7 2.7 2.7 2.8 2.9 3.1 3.3 3.4 3.3 3.1 2.9 2.6 2.4 2.3 2.3 2.3 2.3 2.3 2.4 2.5 2.5 2.6 2.7 3 3.3 4 4.9 5.9 7 8 8.9 10.1 11.4 13.4 15.6 17.7 21 26.2 33.5 39.5 46.9 55.1 63.3 78.7
4.7 4.6 4.5 4.3 4.2 4.1 3.8 3.6 3.4 3.2 3 2.9 2.9 2.9 2.8 2.7 2.7 2.7 2.7 2.7 2.8 2.8 2.9 3 3.1 3.2 3.2 3 3 3 3 3 3.1 3.1 3.1 3.1 2.9 2.8 2.8 2.8 2.7 2.8 2.8 2.8 2.8 2.7 2.7 2.6 2.7 2.7 2.8 2.8 2.9 3.1 3.3 3.3 3.1 2.9 2.6 2.4 2.2 2.2 2.2 2.2 2.2 2.3 2.4 2.4 2.5 2.5 2.5 2.9 3.6 4.3 5.1 6.3 7.5 8.6 9.9 11.3 12.8 15 17.2 20.5 25.5 32.1 38.7 46.2 53.7 62.4 77.5
5 4.9 4.7 4.6 4.5 4.3 4 3.8 3.6 3.5 3.3 3.2 3.2 3.1 2.9 2.7 2.7 2.7 2.6 2.7 2.7 2.6 2.4 2.5 2.7 2.6 2.7 2.9 2.9 2.8 2.8 2.8 2.8 2.9 2.9 2.9 2.8 2.8 2.9 2.9 2.9 2.9 2.9 2.8 2.7 2.7 2.6 2.6 2.7 2.7 2.8 2.8 2.9 2.9 3.1 3.3 3.1 2.9 2.7 2.4 2.2 2.1 2.1 2.1 2.1 2.2 2.3 2.3 2.3 2.4 2.5 2.6 3.4 4.1 4.8 6 7.2 8.4 9.8 11.1 12.5 14.4 16.6 19.5 24 30.2 37.6 45.3 53.4 60.6 75.2
5.4 5.2 5 4.9 4.7 4.5 4.3 4 3.9 3.7 3.6 3.4 3.3 3.1 2.9 2.7 2.7 2.6 2.6 2.7 2.6 2.5 2.3 2.2 2.2 2.4 2.6 2.7 2.7 2.7 2.7 2.7 2.7 2.7 2.7 2.8 2.8 2.7 2.8 2.8 2.9 3 2.9 2.7 2.7 2.6 2.6 2.6 2.7 2.7 2.8 2.8 2.9 2.9 3 3.1 3.1 2.9 2.7 2.5 2.3 2.1 2 2.1 2.1 2.1 2.2 2.2 2.3 2.4 2.4 2.5 3.2 3.9 4.6 5.7 6.9 8.3 9.6 11 12.3 13.7 15.9 18.7 22.6 28.2 35.3 43.9 49.5 56.4 64.2
5.8 5.6 5.3 5.1 5 4.7 4.5 4.2 4 3.8 3.6 3.4 3.3 3.1 2.9 2.8 2.7 2.6 2.6 2.6 2.6 2.4 2.3 2.2 2.1 2.3 2.5 2.6 2.5 2.5 2.5 2.5 2.6 2.6 2.6 2.6 2.7 2.6 2.7 2.7 2.8 2.8 2.8 2.7 2.6 2.6 2.6 2.6 2.7 2.7 2.8 2.8 2.9 2.9 3 3 3.1 2.9 2.7 2.5 2.3 2.2 2 2.1 2 2 2.1 2.2 2.3 2.4 2.4 2.5 3 3.7 4.4 5.4 6.8 8.1 9.5 10.8 12.1 13.5 15.3 18.2 21.2 26.6 32 39.1 45.2 49.6 60.5
6.2 5.9 5.7 5.5 5.1 4.8 4.4 4.1 3.9 3.8 3.6 3.4 3.3 3.1 3 2.8 2.7 2.6 2.6 2.6 2.5 2.3 2.2 2.2 2.2 2.2 2.4 2.4 2.4 2.3 2.3 2.3 2.4 2.5 2.5 2.5 2.5 2.5 2.5 2.6 2.7 2.7 2.8 2.7 2.6 2.6 2.6 2.6 2.7 2.7 2.8 2.8 2.9 2.9 3 3 3.1 2.9 2.7 2.6 2.4 2.3 2.2 2.1 2.1 2 2 2.2 2.3 2.4 2.4 2.4 2.9 3.6 4.3 5.1 6.5 7.9 9.2 10.6 12 13.3 14.7 17.6 20.4 25.1 30.3 36.5 43.6 51.6 60
6.5 6.4 5.9 5.3 4.9 4.7 4.4 4.1 3.9 3.7 3.6 3.4 3.3 3.1 3 2.8 2.7 2.6 2.6 2.6 2.4 2.3 2.3 2.3 2.3 2.2 2.2 2.3 2.2 2.2 2.1 2.2 2.3 2.4 2.4 2.4 2.4 2.4 2.4 2.5 2.5 2.6 2.7 2.6 2.6 2.5 2.6 2.6 2.7 2.7 2.8 2.8 2.9 2.9 2.9 3 3 2.9 2.8 2.6 2.5 2.4 2.3 2.2 2.1 2 1.9 2 2.3 2.4 2.4 2.4 2.7 3.4 4.1 4.8 6.1 7.4 8.7 10.1 11.4 12.7 14.3 16.9 20.5 24 27.8 34.6 41.3 49.1 57.9
6.7 6.6 5.7 5 4.7 4.5 4.2 4 3.8 3.7 3.5 3.4 3.2 3.1 3 2.9 2.7 2.6 2.6 2.5 2.4 2.4 2.4 2.4 2.3 2.2 2.1 2.1 2 2 1.9 2 2.2 2.2 2.2 2.3 2.3 2.3 2.3 2.4 2.4 2.5 2.6 2.6 2.5 2.5 2.6 2.6 2.7 2.7 2.8 2.8 2.8 2.9 2.9 2.9 3 2.9 2.8 2.7 2.5 2.4 2.3 2.3 2.2 2.1 2 1.8 2.2 2.4 2.4 2.4 2.5 3.2 3.9 4.6 5.6 6.8 8.1 9.4 10.8 12.1 14 16.3 19.4 23 26 32.6 39.1 48 55
6.9 6.6 5.6 4.8 4.5 4.3 4.1 3.9 3.8 3.6 3.5 3.4 3.2 3.1 3 2.9 2.8 2.6 2.5 2.5 2.4 2.4 2.4 2.3 2.3 2.2 2.1 2 2 1.9 1.8 1.9 2 2.1 2.1 2.2 2.2 2.2 2.2 2.3 2.3 2.4 2.5 2.6 2.5 2.5 2.6 2.6 2.7 2.7 2.7 2.8 2.8 2.8 2.9 2.9 2.9 2.9 2.8 2.7 2.6 2.5 2.4 2.3 2.3 2.2 2 1.9 1.9 2.4 2.5 2.5 2.7 3.1 3.8 4.4 5.4 6.5 7.6 8.8 10 11.6 13.6 16 18.3 21.7 25 31 37.7 44.5 53.1
7 6.7 5.7 4.7 4.3 4.1 4 3.8 3.7 3.6 3.4 3.3 3.2 3 2.9 2.8 2.7 2.6 2.5 2.5 2.4 2.4 2.4 2.3 2.2 2.1 2 1.9 1.9 1.9 1.9 2 2 2 2 2 2.1 2.1 2.1 2.1 2.2 2.3 2.4 2.5 2.5 2.5 2.6 2.6 2.6 2.7 2.7 2.7 2.8 2.8 2.8 2.9 2.9 2.9 2.8 2.7 2.6 2.5 2.5 2.4 2.4 2.3 2.1 1.9 1.7 2.1 2.6 2.6 3 3.4 3.8 4.3 5.2 6.3 7.3 8.5 9.7 11.2 13.2 15.5 17.9 20.6 23.9 29 35.4 41.9 51.1
7.2 6.7 5.8 5.1 4.9 4.6 4.1 3.8 3.4 3.3 3.1 3 2.9 2.9 2.8 2.7 2.6 2.6 2.5 2.5 2.4 2.4 2.3 2.2 2.1 2 2 1.9 1.9 1.9 1.9 1.9 1.9 1.9 1.9 1.9 1.9 2 2 2.2 2.2 2.3 2.4 2.4 2.5 2.5 2.5 2.6 2.6 2.6 2.7 2.7 2.8 2.8 2.8 2.8 2.8 2.8 2.8 2.7 2.7 2.6 2.6 2.6 2.5 2.4 2.3 2.1 1.8 1.7 2.4 2.8 3.2 3.6 3.9 4.3 5 6.1 7.2 8.5 9.8 10.9 12.7 15.1 17.4 19.8 22.9 27.5 33.8 40.1 48.2
8.1 7.2 6 5.7 5.2 4.7 4.2 3.9 3.4 3 2.9 2.8 2.7 2.7 2.7 2.6 2.6 2.5 2.5 2.5 2.4 2.3 2.3 2.2 2.1 2 1.9 1.8 1.8 1.8 1.8 1.8 1.8 1.8 1.8 1.8 1.8 1.9 2 2.2 2.3 2.3 2.4 2.5 2.5 2.5 2.5 2.6 2.6 2.6 2.7 2.7 2.7 2.8 2.8 2.8 2.8 2.8 2.8 2.8 2.8 2.8 2.7 2.7 2.6 2.5 2.4 2.2 1.9 1.7 2 2.6 3 3.3 3.6 4.1 4.8 5.8 7 8.3 9.6 10.9 12.3 14.5 16.8 19.1 22.2 26 32.1 38.3 44.8
9 7.4 6.4 5.9 5.4 4.9 4.4 4 3.5 3 2.6 2.5 2.5 2.5 2.5 2.5 2.5 2.5 2.5 2.4 2.4 2.3 2.2 2.1 2 1.9 1.8 1.8 1.7 1.7 1.7 1.7 1.7 1.7 1.7 1.7 1.7 1.9 2.1 2.3 2.3 2.4 2.4 2.5 2.5 2.5 2.5 2.5 2.6 2.6 2.6 2.7 2.7 2.7 2.7 2.7 2.7 2.7 2.8 2.8 2.8 2.9 2.8 2.8 2.7 2.6 2.5 2.4 2.2 2 1.8 2.4 2.7 3 3.5 4 4.5 5.6 6.9 8.2 9.5 10.8 12 13.9 16.2 18.5 21.5 25.5 30.4 36.5 42.6
9.7 6.8 6.5 6 5.5 5 4.5 4.1 3.6 3.1 2.6 2.5 2.5 2.4 2.5 2.5 2.5 2.5 2.5 2.4 2.3 2.3 2.2 2.1 2 1.9 1.8 1.7 1.6 1.6 1.6 1.6 1.6 1.6 1.6 1.6 1.7 1.9 2.2 2.4 2.4 2.4 2.5 2.5 2.5 2.5 2.5 2.5 2.5 2.6 2.6 2.6 2.6 2.6 2.6 2.6 2.7 2.7 2.7 2.8 2.8 2.8 2.8 2.8 2.7 2.5 2.4 2.3 2.3 2.2 2 2 2.4 2.9 3.4 3.9 4.4 5.5 6.8 8 9.2 10.4 11.6 13.2 15.6 17.9 21 24.9 28.9 34.6 42.3
9.3 7.8 6.5 6 5.6 5.1 4.6 4.2 3.7 3.2 2.8 2.6 2.6 2.5 2.6 2.6 2.6 2.6 2.6 2.6 2.6 2.5 2.4 2.3 2.2 2.1 1.9 1.7 1.5 1.5 1.5 1.5 1.5 1.5 1.5 1.5 1.8 2 2.2 2.4 2.5 2.5 2.5 2.5 2.6 2.6 2.6 2.6 2.6 2.6 2.6 2.6 2.6 2.6 2.6 2.6 2.6 2.7 2.7 2.7 2.6 2.7 2.7 2.7 2.6 2.5 2.4 2.3 2.2 2.1 2 2 2.2 2.7 3.2 3.7 4.2 5.3 6.4 7.6 8.8 10 11.2 12.5 14.8 17.2 19.8 23.3 27.9 33 39.4
9.6 8.2 6.9 5.9 5.6 5.3 4.8 4.3 3.8 3.3 2.9 2.7 2.7 2.6 2.7 2.7 2.7 2.7 2.8 2.8 2.8 2.7 2.6 2.5 2.4 2.3 2.1 1.9 1.7 1.5 1.4 1.4 1.4 1.4 1.5 1.6 1.8 2.1 2.3 2.5 2.5 2.6 2.6 2.6 2.6 2.6 2.6 2.6 2.5 2.5 2.5 2.5 2.5 2.5 2.5 2.6 2.6 2.6 2.6 2.6 2.6 2.6 2.6 2.6 2.6 2.4 2.4 2.3 2.2 2.1 2 2 2 2.4 2.9 3.5 4 4.9 6 7.2 8.4 9.6 10.8 12 14.1 16.5 19 22.2 26.4 31.5 37.1
10.8 9.5 7.3 5.9 5.4 5.1 4.8 4.3 3.9 3.5 3.1 2.9 2.8 2.7 2.8 2.8 2.9 2.9 2.9 2.9 2.9 2.9 2.8 2.7 2.6 2.4 2.2 2 1.8 1.6 1.4 1.4 1.4 1.6 1.7 1.8 2 2.2 2.4 2.6 2.6 2.6 2.6 2.6 2.6 2.5 2.5 2.4 2.3 2.2 2.1 2.2 2.3 2.4 2.5 2.6 2.6 2.6 2.6 2.5 2.5 2.5 2.5 2.5 2.5 2.4 2.3 2.2 2.1 2.1 2 2 2 2.1 2.7 3.2 3.8 4.4 5.6 6.8 8 9.2 10.4 11.6 13.4 15.8 18.2 21.3 24.5 29.7 35.1
11.3 10.1 8.4 6.7 5.2 4.9 4.8 4.5 4 3.6 3.2 3 2.9 2.8 2.9 3 3 3 3 3 3.1 3.1 3 2.9 2.7 2.6 2.4 2.2 2 1.7 1.5 1.5 1.7 1.8 1.9 2.1 2.2 2.4 2.6 2.7 2.6 2.6 2.6 2.6 2.5 2.5 2.4 2.3 2.1 2 1.8 1.8 1.9 2.1 2.5 2.6 2.5 2.5 2.5 2.5 2.5 2.5 2.4 2.4 2.4 2.3 2.2 2.2 2.1 2 2 2 2 2.1 2.4 2.9 3.5 4.2 5.2 6.4 7.6 8.8 10 11.3 12.6 15.1 17.5 20.2 23.6 26.9 33
11.5 10 8.3 6.7 5.3 4.8 4.7 4.4 4.2 3.8 3.3 3.2 3 2.8 3.1 3.1 3.1 3.1 3.2 3.2 3.2 3.2 3.2 3.1 2.9 2.7 2.5 2.3 2.1 1.8 1.7 1.8 1.9 2 2.1 2.3 2.5 2.6 2.7 2.7 2.6 2.6 2.5 2.5 2.5 2.5 2.3 2.1 2 1.8 1.5 1.4 1.7 2.1 2.5 2.5 2.5 2.5 2.5 2.4 2.4 2.4 2.4 2.3 2.3 2.3 2.2 2.1 2 2 2 1.9 1.9 2.2 2 2.6 3.3 3.9 4.8 6 7.2 8.4 9.7 10.9 12.1 14.1 16.4 18.6 21.3 24.8 29.7
11.4 9.9 8.3 6.8 5.5 4.9 4.7 4.4 4.1 3.9 3.5 3.3 3.1 2.9 3.1 3.2 3.2 3.2 3.2 3.2 3.2 3.1 3.2 3.1 2.9 2.8 2.6 2.4 2.2 1.9 2 2 2.1 2.2 2.4 2.5 2.7 2.7 2.8 2.8 2.7 2.6 2.5 2.5 2.5 2.4 2.3 2 1.8 1.7 1.5 1.6 1.7 2.1 2.5 2.5 2.5 2.4 2.4 2.4 2.4 2.4 2.3 2.3 2.3 2.2 2.1 2 2 1.9 1.9 1.9 2.2 2.4 2.2 2.3 2.9 3.7 4.4 5.6 6.8 8 9.2 10.4 11.6 13.2 15.3 17.4 20 24.1 26.9
11.5 9.8 8.3 7 5.6 5 4.7 4.4 4.1 3.8 3.6 3.4 3.2 3 3 3.1 3.1 3.1 3 3 2.9 3 3.1 3.1 2.9 2.8 2.7 2.5 2.3 2.1 2.1 2.2 2.3 2.4 2.6 2.7 2.8 2.8 2.8 2.8 2.8 2.6 2.5 2.5 2.4 2.4 2.3 2.1 2 1.9 1.7 1.8 2 2.2 2.5 2.5 2.4 2.4 2.4 2.4 2.4 2.4 2.3 2.3 2.3 2.2 2 1.9 1.9 1.9 1.8 1.8 2.8 2.5 2.3 2.1 2.6 3.4 4.2 5.2 6.3 7.5 8.7 9.9 11 12.5 14.6 16.7 18.5 22.4 24.7
11.3 9.7 8.1 6.7 5.2 4.8 4.8 4.5 4.2 3.9 3.7 3.5 3.3 3 2.8 3 2.9 2.9 2.8 2.8 2.7 2.9 3 3 2.9 2.9 2.7 2.6 2.4 2.2 2.2 2.4 2.5 2.6 2.8 2.8 2.8 2.8 2.9 2.9 2.9 2.7 2.6 2.5 2.4 2.4 2.4 2.3 2.2 2.1 1.9 2 2.1 2.3 2.5 2.4 2.4 2.4 2.4 2.4 2.4 2.3 2.3 2.3 2.3 2.2 2 1.9 1.8 1.8 1.8 1.8 2.9 2.7 2.4 2.2 2.4 3.4 4 4.6 5.8 7 8.2 9.3 10.5 11.8 13.9 15.8 17.6 19.9 22.8
10.2 8.6 7.3 5.9 4.9 4.9 4.9 4.6 4.3 4.1 3.8 3.6 3.4 3.1 2.9 2.9 2.8 2.7 2.6 2.6 2.7 2.8 2.9 3 2.9 2.9 2.8 2.6 2.4 2.3 2.2 2.6 2.7 2.8 2.9 2.9 2.9 2.9 2.9 2.9 2.9 2.8 2.7 2.5 2.4 2.4 2.4 2.4 2.4 2.3 2.1 2.1 2.3 2.4 2.5 2.4 2.4 2.4 2.4 2.4 2.3 2.3 2.3 2.3 2.2 2.1 2 2 1.9 1.8 1.7 2.4 2.9 2.7 2.4 2.2 2.5 3.2 3.7 4.3 5.3 6.5 7.6 8.8 10 11.2 13.1 14.9 16.7 18.5 21.2
9 7.9 6.5 5.6 5.1 5 5 4.7 4.4 4.2 3.9 3.7 3.5 3.2 3 2.8 2.7 2.7 2.6 2.5 2.8 2.7 2.8 2.9 2.9 2.9 2.8 2.7 2.5 2.4 2.3 2.7 2.9 2.9 2.9 2.9 2.9 2.9 3 3 3 2.9 2.7 2.6 2.7 2.7 2.7 2.7 2.5 2.4 2.3 2.3 2.4 2.4 2.4 2.4 2.4 2.4 2.4 2.3 2.3 2.3 2.3 2.3 2.2 2.2 2.1 2.2 2.1 2 2.1 2.3 2.8 2.7 2.5 2.3 2.4 3 3.5 4 4.8 5.9 7.1 8.3 9.5 10.7 12.4 14 15.8 17.8 20
8.4 7.1 6.5 5.9 5.4 5.1 5 4.8 4.5 4.3 4 3.8 3.5 3.3 3.1 2.9 2.8 2.7 2.6 2.6 2.8 3.1 3.2 2.9 2.9 2.9 2.9 2.8 2.7 2.5 2.5 2.7 2.8 2.8 2.9 3 3 3 3 3 3 2.9 2.8 2.9 2.9 2.9 2.9 2.8 2.6 2.4 2.4 2.4 2.4 2.4 2.4 2.4 2.4 2.4 2.4 2.3 2.3 2.3 2.3 2.3 2.2 2.2 2.2 2.2 2.2 2.1 2.2 2.4 2.5 2.5 2.4 2.2 2.2 2.7 3.3 3.8 4.3 5.4 6.6 7.8 9 10.2 11.3 13.2 15.1 17.1 19.1
8 7.5 6.9 6.3 5.7 5.4 5.1 4.9 4.6 4.4 4.1 3.9 3.6 3.4 3.2 3 2.9 2.8 2.7 2.6 2.7 3 3.3 3.6 3.5 3.4 3.2 3.1 3 2.9 2.8 2.9 2.8 2.6 2.6 2.7 2.8 2.9 3 3.1 3.1 3 3 2.9 2.8 2.8 2.7 2.6 2.5 2.4 2.3 2.3 2.4 2.4 2.4 2.4 2.4 2.4 2.3 2.3 2.3 2.3 2.3 2.3 2.3 2.3 2.3 2.3 2.2 2.2 2.3 2.4 2.5 2.4 2.2 2 2.2 2.4 2.9 3.5 4.1 4.9 6.2 7.3 8.3 9.5 10.8 12.5 14.3 16.2 18.4
7.8 7.2 6.7 6.3 5.9 5.5 5.2 4.9 4.6 4.3 4.2 4.1 3.9 3.6 3.4 3.1 3 2.8 2.7 2.6 2.7 3 3.4 4.3 4.2 3.8 3.5 3.4 3.3 3.2 3.1 3 2.9 2.6 2.4 2.5 2.6 2.7 2.8 2.9 3 2.9 2.8 2.7 2.6 2.5 2.5 2.4 2.3 2.2 2.2 2.3 2.3 2.4 2.3 2.3 2.3 2.3 2.3 2.3 2.3 2.4 2.6 2.4 2.3 2.3 2.3 2.3 2.3 2.2 2.4 2.5 2.4 2.2 2 1.9 2.1 2.4 2.6 3.1 3.7 4.6 5.8 6.8 7.8 8.8 10.2 11.9 13.6 14.6 17.3
7.6 7.1 6.5 6.1 5.8 5.4 5.1 4.8 4.5 4.3 4.4 4.3 4.1 3.9 3.7 3.3 3.3 3.1 2.9 2.7 2.7 3.5 4.4 5.3 4.8 4.3 3.9 3.7 3.6 3.4 3.2 3.1 2.8 2.6 2.4 2.2 2.3 2.4 2.6 2.8 2.7 2.6 2.5 2.5 2.4 2.3 2.3 2.2 2.1 2.1 2.2 2.3 2.3 2.4 2.3 2.2 2.2 2.2 2.2 2.2 2.2 2.2 2.4 2.4 2.3 2.3 2.3 2.3 2.3 2.3 2.5 2.4 2.2 2.1 1.9 1.8 2.1 2.3 2.6 2.9 3.3 4.3 5.2 6.2 7.2 8.1 9.2 10.9 12.6 14.1 15.5
7.5 7 6.4 6 5.7 5.4 5 4.7 4.4 4.4 4.5 4.5 4.4 4.3 3.9 3.5 3.5 3.4 3.1 2.9 3.4 4.4 5.3 6 5.3 4.8 4.2 4 3.7 3.5 3.3 3 2.8 2.6 2.3 2.2 2.2 2.3 2.6 2.8 2.5 2.3 2.3 2.3 2.2 2.1 2.1 2 2 2.1 2.2 2.3 2.3 2.3 2.3 2.2 2.1 2.1 2.1 2.1 2.1 2.1 2.3 2.3 2.4 2.4 2.4 2.4 2.4 2.4 2.4 2.3 2.2 2 1.8 1.6 1.9 2.2 2.4 2.7 3 3.8 4.6 5.5 6.4 7.4 8.4 9.7 11.4 12.7 14
7.7 7.1 6.5 6 5.6 5.3 4.9 4.6 4.5 4.6 4.6 4.6 4.6 4.6 4.2 3.7 3.7 3.6 3.4 3.4 4.2 5.2 6.2 6.6 6 5.2 4.6 4.2 3.9 3.7 3.3 3 2.8 2.6 2.4 2.2 2.2 2.5 2.6 2.6 2.4 2.2 2.2 2.2 2.1 2 2 1.9 2 2.1 2.2 2.2 2.3 2.3 2.2 2.1 2 2 2 2 2 2 2.1 2.1 2.2 2.2 2.2 2.3 2.3 2.3 2.3 2.2 2.1 2 1.8 1.5 1.5 1.8 2 2.4 2.8 3.2 3.9 4.7 5.7 6.7 7.7 8.9 10.1 11.6 13.3
7.2 6.8 6.4 6 5.4 5.1 4.7 4.3 4.6 4.7 4.7 4.8 4.8 4.9 4.6 4 4 4 3.9 3.9 4.7 5.5 6.6 7.2 6.5 5.7 4.9 4.5 4.1 3.8 3.4 3 2.7 2.5 2.4 2.2 2.2 2.5 2.8 2.6 2.3 2.2 2.2 2.2 2.1 2 1.9 1.8 2 2 2.1 2.2 2.3 2.3 2.2 2.1 2 2 2 2 1.9 1.9 2 2 2 2 2 2 2.1 2.1 2.2 2.2 2.1 2 1.8 1.5 1.1 1.4 1.7 2.1 2.6 3 3.4 4.1 4.9 6 7.3 8.4 9.8 11.5 12.9
7.2 6.8 6.4 6.1 5.4 5.4 4.1 4.1 4.3 4.6 4.8 4.9 5 5.1 5.2 4.9 4.7 4.6 4.6 4.4 5 5.8 6.9 7.8 7 6.1 5.3 4.8 4.4 4 3.6 3.1 2.7 2.5 2.3 2.2 2.2 2.5 2.9 2.6 2.3 2.2 2.1 2.1 2.1 2 1.9 1.7 1.9 2 2.1 2.2 2.3 2.2 2.1 2 2 1.9 1.9 1.9 1.9 1.8 1.8 1.8 1.8 1.9 1.9 2 2.1 2.2 2.3 2.2 2.1 2 1.9 1.8 1.3 1.2 1.6 2.1 2.5 3 3.3 3.6 4.5 5.6 6.8 8 9 10.4 11.8
7 6.7 6.3 6.1 6.1 6 5.5 4 4.6 4.9 5.3 5.2 5.5 5.6 5.6 5.6 5.4 5.3 5.2 5 5.5 6.3 7.3 8.3 7.5 6.6 5.7 5.1 4.5 4.1 3.6 3.1 2.6 2.5 2.4 2.3 2.3 2.6 3 2.5 2.4 2.3 2.2 2.1 2 1.9 1.8 1.7 1.7 2 2.1 2.2 2.2 2.2 2.1 2 1.9 1.8 1.8 1.8 1.8 1.8 1.8 1.8 1.8 1.9 1.9 2 2.1 2.2 2.3 2.2 2.1 2.1 2 1.9 1.8 1.9 1.7 2 2.5 2.9 3.2 3.4 4.6 5.8 6.3 7.1 8 8.9 10.7
6.9 6.5 6.1 6.1 6.1 6 6.2 5.4 6.2 6.5 6.3 6.1 6.1 6.1 6.1 6.1 6.1 6 5.8 5.6 6.1 7.3 8.1 8.9 8.1 7.2 6.2 5.4 4.9 4.4 3.9 3.4 2.8 2.7 2.6 2.5 2.5 2.4 2.8 2.5 2.4 2.3 2.2 2.1 2 1.9 1.8 1.6 1.6 1.9 2.1 2.2 2.2 2.2 2.1 2 1.9 1.8 1.7 1.7 1.7 1.8 1.8 1.8 1.8 1.9 2 2.1 2.1 2.2 2.3 2.3 2.2 2.1 2 1.9 1.9 2 2.2 2.4 2.5 2.9 3.1 3.6 4.3 4.8 5.2 6.2 7.1 8 8.8
6.7 6.3 6.1 6.2 6.5 6.4 6.5 6.7 6.9 6.8 6.5 6.7 7.1 7.2 7.2 7.3 7.2 7.3 7.2 7.1 7.1 8.4 9 9.4 8.8 7.6 6.7 5.9 5.4 4.9 4.4 3.5 3.1 3 2.9 2.8 2.7 2.4 2.2 2.3 2.4 2.3 2.2 2.1 2 1.9 1.7 1.6 1.5 1.8 2.1 2.2 2.3 2.4 2.5 2.5 2.5 1.9 1.7 1.7 1.7 1.7 1.8 1.8 1.8 1.9 2 2.1 2.2 2.3 2.3 2.3 2.2 2.1 2 2 1.9 2 2.2 2.4 2.7 2.9 2.9 2.9 3.4 4.3 4.8 5.9 6.8 7 8.7
7.2 6.6 7.3 7.6 7.6 7.1 6.7 6.6 6.7 6.9 7.3 7.7 8 8.3 8.4 8.5 8.8 9.2 9.3 9.2 8.6 9 9.3 9.1 8.9 8.1 7.4 6.6 5.9 5.2 4.2 3.8 3.4 3.2 3.1 2.8 2.4 2.1 1.8 2.5 2.4 2.2 2 2.1 2 1.8 1.7 1.7 1.9 2.1 2.3 2.4 2.6 2.9 3.1 3.1 2.2 1.9 1.6 1.7 1.7 1.7 1.7 1.8 1.8 1.9 2 2.1 2.2 2.3 2.4 2.3 2.2 2.1 2 2 2 2.1 2.2 2.4 2.7 2.5 2.5 2.5 3 4.1 4.6 4.9 4.7 6.4 8
8.4 8.2 7.9 7.9 7.6 7.1 6.7 6.4 6.6 6.8 7.4 7.8 8.1 8.2 8.3 8.3 8.4 8.6 8.8 9 8.2 9.1 9.3 9.1 9 8.4 7.7 7 6.2 4.7 4.4 4.1 3.7 3.2 2.8 2.4 2.1 1.9 2.4 2.5 3.2 2.9 2.6 2.3 2 1.9 2 2.1 2.2 2.3 2.4 2.5 2.7 2.9 3.5 2.5 2.2 1.9 1.6 1.6 1.6 1.7 1.7 1.7 1.8 1.9 2 2.1 2.2 2.3 2.3 2.3 2.2 2.2 2.1 2 2 2.1 2.3 2.5 2.3 2.2 2.2 2.4 2.6 3.5 4.2 4.5 5.8 6.6 7.3
8.5 8.3 8.1 7.9 7.6 7.1 6.7 6.2 6.4 6.6 6.4 6.4 6.7 6.8 6.8 6.9 6.9 7 7.1 7.5 7.9 8.9 9.3 9 8.6 8 7.3 6.8 6.3 4.1 3.9 3.9 3.9 3 2.4 2 2.2 2.3 2.4 2.2 2.3 2.4 2.2 2.1 2.1 2 2.1 2.1 2.3 2.4 2.5 2.6 2.8 2.9 3.4 2.5 2.2 1.9 1.6 1.6 1.6 1.6 1.7 1.7 1.8 1.9 2 2.1 2.2 2.3 2.3 2.2 2.1 2.1 2.1 2 2.1 2.1 2.2 2.3 2.3 2.1 2.3 2.4 2.6 2.9 3.5 4.1 4.5 6.4 7.2
