STL Generation/terr50_gagg_gb/data/SH39.asc
ncols 200
nrows 200
xllcorner 230000
yllcorner 390000
cellsize 50
[rows 147 to 195 of 200, columns 0 to 95 of 200]
20.9 21.5 24.1 27.1 29.1 31.7 32.7 29.8 24.5 18.9 16.5 19.4 22.4 20.3 17.3 16.1 15.6 14.3 14.7 15.8 17.5 19.3 20.5 21.6 22.8 22.9 20.1 17.6 19.7 25.3 28.9 26.5 20.8 14 9.8 12.5 13.6 15.4 19 17.3 11.8 8.7 9.5 10.6 11.2 15.5 20.2 22.5 23.4 24.3 25.4 26 24.9 22.3 22.3 22.8 20.1 18.4 16.8 12.8 8.7 7 6 6.2 6.3 6 8.2 7.7 7.3 8.1 9.3 12.4 16.1 20.2 23.7 26 24.4 22.5 19.3 18.2 18.7 15.7 14 16.5 19.5 22.7 25.8 24.6 22.3 18.1 17.3 18 16.4 16.3 16.6 17.2
25.7 25.5 27.8 30.7 34.3 36.9 34.1 29.9 26 21.7 17.1 17.8 20.8 21 18.8 17.9 18.8 18 16.2 18.3 20.3 21.4 21.5 23.8 25.6 24.1 22.8 19 20 22.5 23.5 21.4 18.3 14.2 14.2 14.5 14.2 15.5 18.1 17.7 11.3 10.5 13.4 15.6 16 17.2 22.2 24.2 26.6 28.3 30 31.4 29.7 25.5 21.5 19.3 18.8 19.4 13.9 8.7 6.9 5.9 5.9 6.6 6.9 8.4 10.5 10.7 7.5 8.5 10.5 13.6 16.9 20.3 23.3 24.8 22.9 20.6 19 18 17.1 14.2 15.4 19.5 22.8 26.4 26.7 23.9 19.8 16.4 17 16.9 16.3 16.4 16.8 17.5
33 26.2 27.6 28.1 31 33.1 33.6 32.8 29.2 24.1 19 16.4 17.8 22 20.9 22.1 27.6 24.9 22.5 21.4 23.8 24.6 24.8 26.2 27.4 27.4 26.8 24.5 21 20.7 19.8 17.8 14.4 18 17.3 16.9 14.1 12.8 12.6 12 10.8 13.3 16.6 19.9 20.7 21.4 24.4 26.4 29.6 33.8 36.3 35.4 30.3 26 22.2 21 18.4 16.8 13.3 9.5 7.8 7.2 8.7 10.7 11.3 10.4 11.5 11.2 9.3 9.2 11.2 13.8 16.6 19.8 22.3 21.9 20.6 19.3 18.7 17.8 17 13.5 17.5 21.9 25.7 27 25.4 22 18.2 16.1 16.5 16.3 16.8 16.8 17.1 17.8
40 34.9 27.5 26.3 27.1 29.9 34.1 33.7 28.2 22.8 18.9 16.3 17.8 21.5 24 25.9 32.9 30.7 27.9 26.1 27.2 30.4 30.4 31.1 28.9 28.5 28.8 26.6 25 20.7 18.2 15.1 14.6 17.1 20.3 19.7 17.6 14.9 13.1 12.9 12.8 16.3 22.3 24.8 27.2 26.9 27.3 29.5 33.4 37.8 41.3 36.4 30.5 26.1 22.3 22.6 21.2 20.2 17.2 13.3 11.6 13.8 14.8 15.4 15.9 14.9 13.6 12 10 9.8 11.8 13.3 16.1 19.3 19.9 19.3 18.3 18.7 18.5 17.6 15.9 15.4 19.7 23.9 25.2 24.3 20.8 17.9 16.1 16 15.7 16.5 18.6 18.8 21 19.7
48.9 37.6 33.5 27.5 27 27.9 30.8 29.3 25 21.1 18 17.2 20.8 28.2 29.5 30.1 34.5 34.3 30.1 27.2 27.9 28 27.7 28.4 28.2 22.5 18.9 17 15.6 16.7 19.5 20.9 18.6 18.6 20.8 22.5 22.2 21.8 19.8 18.4 19.1 24 27.9 30.7 31.5 28.9 30.6 33.8 37.6 40.6 39.5 34.6 28.4 24.8 21.3 22.2 22.1 24 21.6 16.3 16.5 17.7 18.8 19.3 19.9 19.3 18 15.9 12.3 10.5 10.8 12.6 15 16.7 16.1 16.9 16.9 18.8 18.6 17.1 15 16.6 20 21.5 20.7 18.1 15.8 15.5 15.7 16.1 15.7 17.2 18.5 20.8 21.1 21
46.5 42.7 37.5 32.6 31.9 33.6 29.7 28.1 22.1 18.6 17.1 19.2 25.3 30.1 32.4 33.2 32.4 31.1 22.8 22.3 22.7 18.5 17.1 17.1 16.4 15.7 15.4 18.1 19.9 20.5 19.9 21.8 22 20.5 22.5 23.2 24.3 25.4 25.5 25.6 25.4 28.2 30.5 33 31.1 28.8 31.7 37 39.4 37.7 34.4 30.8 25.4 22.2 20.6 23.4 23.5 23.6 23.6 20.9 21.1 21.6 22.7 24 24.4 25 23.8 19.5 16 14.2 13.5 12.3 12.6 12.9 15.7 16.1 15.8 18.4 18 16.4 14 16.7 18.7 18 16.3 14.7 15 15.1 16.1 16.6 17 18.1 19.4 21.6 20.9 21.9
51.6 47.1 39.1 35 34.1 34.1 31 27.2 24.7 18.8 17.6 18.1 22.9 28.2 32.9 33.7 29.8 28.1 21.4 18.6 16.7 16.3 16.7 16 15 15.1 15.4 15.9 17 16.6 17 20.1 20.3 22.6 24.9 24 24.2 26.7 30.8 28.2 27.6 27.4 26.7 26.5 25.8 26.3 31.6 36.4 36 33.6 29.4 25.9 22.7 20 22.5 23.9 23.9 23.7 23.6 22 24.4 26.4 27.9 29.7 30.7 30.5 25.8 21.9 19.2 15.9 15.2 15 12 14.3 16.7 17.6 17.8 17.1 16.1 15.3 14.3 15.4 15.9 15.2 15.3 16.6 18.5 18 19.3 21.5 21.9 21.8 22.1 21.9 21.8 24.2
50.3 45.5 42.1 38.3 34.6 31.8 28.9 24.5 22.6 18.6 20.9 20.3 19.6 26.1 29.4 29.1 26.1 22.8 20.1 17.4 16.2 15.8 15.8 15.2 15.2 15.2 15.5 15.8 15.9 16.2 17 16.8 18.5 22 27.4 26.3 24.5 27.1 31.3 31.8 29.1 24.6 22.3 21.2 21.1 24 28.5 30.7 31.1 28.7 26.8 22.4 20 20.5 22 22.6 21.7 21.2 20.8 21.8 26.4 31.7 34.6 36.4 36.1 30.8 23.8 21 20.2 18.9 16.8 13.5 13 15.7 17.5 18.6 19.5 17.7 15.3 14 14.6 15 15.7 16.3 17.2 18.8 21.8 23.9 25.2 25.9 26.9 26.8 24.6 23.3 23.6 27
46.4 41.1 36.8 34.5 31 27.7 27.7 25.4 23.4 23.2 26 22.2 20.6 22.8 24.3 24 22.5 21.6 20 17.8 16.2 15.6 15.5 15.5 15.5 15.6 15.6 15.7 15.9 16.1 16.4 16.6 17.7 22.5 30.7 30.3 28 28.1 31.3 32.4 29 24 21.5 20.7 20.5 22.1 24.1 25.8 25.1 23.8 22.3 20.7 20.6 21.2 21.4 21.7 20.6 18.4 15.3 18.6 23.9 27.4 30.2 32 30.1 25.6 22 19.5 18 17.8 15.4 12.6 13.4 17.1 18.9 20 19.4 17.5 15 15.6 15.6 16.1 18.5 19.6 21.7 24.3 26.1 27.7 28.9 28.5 27.4 26.1 25.1 23.5 25.8 28.8
36.6 32.2 29.5 27.9 27.7 27.7 32.8 29.6 26.8 24.2 28.1 25.5 24.7 24.7 25.2 26.6 24.8 24.3 21.9 18.9 16.4 15.7 15.7 15.7 15.8 15.8 15.8 16.5 16 16.2 16.3 16.6 18.1 20.9 23.2 31.8 30.5 32.6 32.6 33 28.7 24 22.9 21.6 21.2 21.5 21.3 22.3 22.9 22.9 21.7 20.5 19.5 18.9 17.5 18.1 17.5 14.4 14.3 15.7 16.3 20.6 22.3 23.8 23 20.5 17.9 16.3 17.3 16.4 13.5 13.1 14.2 17.9 19.9 20.2 18.5 16.9 15.6 18.7 17.3 18.2 20.3 23.5 26.6 29.3 32.2 33.2 33.5 30.2 26.7 25 25.6 25.4 27 30.3
36.9 35.9 35.7 33.4 34 33.6 34.2 34.8 30.1 27.5 26.4 27.8 29.8 30 28.2 28.8 28 26 23.1 20.2 17.1 15.9 15.9 16 15.9 15.9 15.9 16.8 16.6 16.3 17 20.4 20.4 18.2 20.4 25.1 31.6 34.7 36.4 33.2 27.8 24.6 22.1 23.4 22 21.6 23 23.9 24.1 24.2 22.6 21.3 19.4 17.3 15.5 15.5 13.8 13.5 14.5 14.2 13.6 15.5 14.7 15.2 17 16.3 14 13.7 14.1 15.1 13.3 15 15.6 16.9 19.1 19.2 17.5 15.9 15.2 18.2 18.4 20.4 21.2 24.5 28.9 32.1 36.6 38.5 34.2 30.1 27.1 24.4 26.1 26.4 27.9 30.8
36.3 37.8 37 35 33.5 33.4 39.9 38.9 35.3 33.4 32 30.9 31.3 31.8 30.8 30.2 32.3 27.3 23.2 19.5 16.4 16.1 16.1 16.1 16 16 16 16.8 18.4 18.4 17.5 17.8 18.3 17.7 17.7 21.8 29.1 33.8 35.3 32.9 25.2 21.5 26.1 23.8 23.4 23.7 24.9 26.2 25.9 25.5 23.7 21.3 18 15.7 14.1 13.2 13.2 13.2 13.3 13.1 13.4 13.1 13 12.8 12.6 12.5 13.1 13.4 13.2 14.3 15.9 18.1 18.9 18.8 18.9 18.4 17.5 15.7 14.6 16.7 17.4 20.1 22.9 26.2 31.1 35.5 38.3 36.7 33.3 28.7 27.7 25.7 24.8 26.6 28.8 28.3
26.9 32.7 35 35.6 35.7 37.9 46.4 41.8 38 38.6 39.4 37.5 33.5 32.9 32.7 33.6 32.6 32.7 26 20.6 16.6 16.2 16.2 16.2 16.2 16.1 16.1 16.6 17.9 18.9 17.5 16.9 17.3 17.5 16.6 17.9 24.3 28.1 27.1 21.3 20.2 19.5 21.6 23.3 25.3 25.4 26.5 27.7 27.2 27.1 24.7 21.8 18.1 15.1 13.4 13.4 13.3 14.2 13.4 13.8 15.3 15.7 14.3 13.3 13.6 14.4 15.4 15.7 15.1 17.6 19.9 20.9 21.3 20.8 18.7 17.9 17.4 17.7 16.5 15.2 16.2 18.1 22.1 26.4 31.1 35.4 35.9 33.4 30.3 28.8 27.8 26.2 24.3 24.9 25.9 25.4
24.3 33.7 40.1 36.1 36.8 42.4 43.8 43.3 44.7 47.5 45.4 43.2 41.5 36.6 36.9 36.7 35.7 33.8 28.4 21.4 17.6 16.3 16.6 16.4 16.2 16.2 16.4 17.3 17.2 17.2 17.5 16.9 17.4 17.6 16.7 17.3 17.4 20.9 23 22.1 18.8 18.6 19.5 21.6 23.9 26.5 27.1 32.7 29.9 27.2 24.9 22.7 19.7 17 13.8 13.5 13.4 14.8 14.1 14.1 16.3 17.7 15 15 16 19.3 19.8 20.4 21.2 22.8 23.7 22.4 21 20.6 18.4 17.7 17.1 18.5 19.8 15.2 15.9 17.1 21 26.6 30.9 33 31.7 30.5 30.5 29.6 28.3 25.7 23.3 23.4 22.9 22.7
29.8 27.3 28.5 33.7 38 40.2 43.3 49 47.8 50 49.6 49.1 46.8 44 42.8 41.1 38.4 35.9 29.9 25.2 20.4 18.1 17 16.9 16.7 16.5 17 17.9 17.4 17.1 16.9 16.9 17.8 17.7 16.8 17.3 17.5 17.4 17.3 18.2 17.6 18.7 18.5 19.9 22.6 25.9 29.1 29.5 29.6 29.2 25.9 23.3 21.6 18.8 13.9 13.6 13.7 14.3 14 13.9 15.6 17.3 15.8 16.9 20.6 22.9 23 23.6 24.5 26.6 27.4 25.5 22.6 20.3 18.9 17.6 16.2 15.6 14.8 16.7 17.9 18.5 22.3 26.8 29.1 29.8 28.7 29.2 29.7 29.3 27.4 24.8 25.1 25.3 23.2 22.8
23.5 24.3 24.5 27.1 32.5 46.6 51.5 53.2 53.6 51.7 53.5 56.9 55.7 50.3 48 45.2 42 37.9 32.6 29.2 27.4 20.9 18.5 17.3 17.1 16.8 17.5 18.3 17.5 17.3 17.1 17.4 18.2 18.6 17.1 17.5 17.4 17.4 17.3 17.4 19.2 20 20.4 23.7 23.8 28.7 29.9 29.5 31 29.4 26 23.5 21.9 18.9 14.1 13.9 14 14.6 14.5 14.1 14.6 16.4 18.8 22.1 24 25.1 25.6 27.7 30 31.4 29.4 25.2 22.6 21.7 21.2 18.9 15.8 15.4 15.6 17.2 18.2 19.9 22.7 25.9 26.9 26.7 26.3 27.2 28.6 28.1 26.5 26 26.4 25.3 24.2 23.3
24.1 24.7 27.7 33.7 41.8 50.7 52.6 51.5 56 55.5 55.1 57.3 57 54.2 52.9 50.2 46.6 41.2 36.3 32.7 28.3 23.1 19.7 18.5 17.7 17.4 18.1 18.5 17.7 17.7 18.1 17.9 18.9 20.1 18.9 18.7 17.4 17.6 17.7 18 20.1 22.4 25.3 28.5 24.6 27.5 27.1 27.7 28.7 22.8 21.3 22 19.2 17 14.9 14.5 14.4 14.4 14.4 14.4 15 19 20.7 23.2 26 27.7 29.1 32 35.1 34 29.7 25.5 22.7 23.6 23.5 20.6 16.3 15.2 15.7 15.9 17.3 20.1 22.7 24.6 23.7 22.7 24.2 26.6 27.6 26.4 25 26.3 27.1 25.7 25.6 24.7
29.9 27.7 32 35.1 41.9 47.5 54.3 52.6 54.8 55 56.4 58.1 58 58.2 58.9 56.2 52.6 45.2 40.6 36.2 30.1 24.8 21.1 19.9 19.2 20 21.3 20.7 18.5 18.2 18.2 18 18.2 19.1 18.8 18.7 17.8 17.8 18.6 19 20.1 22 23.6 26 24.4 23.8 22.7 21.6 20.5 19.7 19.9 18.3 17.4 16.4 15.6 14.9 14.6 14.8 14.9 14.9 17.7 21.6 23.4 26.8 29.1 31.3 34.3 36.2 37.5 34.5 30.1 25.8 24.6 25.1 24.3 20.7 15.8 15.7 16.3 16.8 18.4 20.8 22.8 22.6 20.7 19.3 22.6 27.2 27.4 24.1 25.7 27.6 25.7 27.1 30.8 30.9
43.4 39.1 35.2 35.5 41.7 46.8 49 53.2 55.4 56.1 60.9 61.6 61.4 61.9 63.7 62.5 56.1 46.9 41.9 34.6 29.5 25.2 23 22.1 22.3 23.2 23.1 22.3 20 19.6 19.4 18.9 18.7 19.7 20.1 19.5 19 18.4 18.6 20.6 21 21.6 23.1 24.1 25.3 25.4 24 21.9 20.7 23 22.3 21.2 21.7 20.8 18.8 15.6 15 15.1 15.4 16.8 20.2 23.6 25.8 29 32.5 35.3 39.3 41.3 38.3 33.4 30 26.6 27.4 27.1 23.3 17.9 15.9 16.1 16.4 16.3 17.4 19.6 20.6 20.1 18.3 18.1 21.4 24.9 24.3 25 28.4 29.8 32 30.2 32.9 29.3
61.5 54.6 48.4 46.9 43.7 46.6 49.6 52.1 55.8 62 64 64.4 63.6 64.7 65.7 63.3 55.5 47.1 42 35.3 30.5 30.1 26 26.4 28.2 26.9 25.4 23.6 22.5 23 22.3 21.6 21.9 23.1 22.8 21.4 20.1 19.6 20.4 22 22.4 23 23.5 25.5 28.2 27.9 27.2 25.1 25.8 27.9 26.9 25.2 25.7 25.3 23.6 19.5 16.7 16.5 16.8 18.1 21.8 25.1 27.7 31.3 35.1 39.9 43.4 40.2 36.4 32.7 29.4 28.3 29.6 26.2 20.6 16.2 15.9 16.2 17.2 16.6 16.9 17.5 18.6 17.7 17.5 17.9 20.1 22.6 25.2 26.5 30.8 32.7 30.3 28.4 29.7 28.2
65.7 63.6 56.1 50.7 50.9 48.9 49.3 51.1 54.2 59.7 63.8 63.1 62.2 63.9 63.9 57.1 52.7 47.7 44.1 36 40.7 38.5 37.8 31.2 32.4 34.4 30.8 26.9 29.2 26.3 25.2 24.9 25.5 25.3 25.7 25.1 22.2 21.8 22.5 23.6 23.8 24.3 25.1 27 30.2 31.6 31.4 30.3 30.8 32.1 31.4 28.8 30.9 30.2 27.2 22.6 19.8 18.3 18.3 19.1 21.8 25.9 30.5 34.5 37.8 41.6 40 37.5 34.7 31.2 28 29.2 28.8 24.4 19 16.1 16.3 16.5 18.1 17.2 17.5 17.7 17.3 17.6 18 18.4 19.9 21.1 26.1 28.7 29.1 30 28.5 28.3 28.4 30.5
59.2 56.8 53.6 53.1 55.3 53 52.5 53 57.7 56.1 56.5 61.8 60.7 60.9 58.6 55.8 52.9 50.6 42.9 47.7 49.1 48.5 48.5 43.3 38.9 43.9 37.3 32.4 31.6 30.3 29.2 28.4 27.6 27.2 26 25.3 25.6 26 27 28 28.5 28.4 28.8 28.4 29.4 31.9 34.3 36.4 35.7 36.5 37.7 37.3 37.2 35.1 31.2 26.7 23.1 21.5 19.8 19.8 23.1 28.5 33.5 35.4 36.4 36.2 35.2 34.1 32.2 28.5 28 28.4 26.4 21.9 17.7 17.3 17.8 18.4 18 17.3 18.5 19.6 19.1 18.4 18.7 19 20.3 21 23.4 24.1 27.1 32.3 32.6 32.2 34.5 36.5
56.7 54.8 54.3 57 56.9 55.5 56.6 57 58.7 57.9 58.6 58.9 57.3 59.4 60.1 58.2 57 49.4 50.1 51.3 54.4 54.1 50.9 49.4 48.5 45.8 42.7 41.4 36.9 36.1 34.1 32 30 28.4 28.5 27.2 27.4 29.9 31.7 33.4 34.1 33.8 33.3 32 31.2 31.5 38.3 39.9 41.5 43.2 43.2 42.4 42.2 38.7 33.4 29.9 26 23.2 22.6 21.4 25.2 29 30.9 32.2 32.7 32.5 31.6 30.3 28.5 24.8 27.4 27.4 23.8 19.3 17.7 19.3 19.5 18 17.3 17.8 19.2 20 20.4 19.1 20.3 20.5 20.6 21.4 23.1 22.8 25.1 30.6 30.4 33.7 37.4 38.4
57.3 56.2 54.8 56.8 56.8 56.7 56.9 58.2 59.5 60.5 61.5 62.6 61.9 61.1 58.3 55.6 54.1 52.2 59.7 60.9 59.3 56.4 56 55.5 53.8 49.7 47 49.2 45.9 44.3 43.5 39.1 33.6 30.5 29.7 29.1 29.8 32 35.5 37.7 39.1 39.8 38.9 38.4 36.5 34.7 40.9 43.6 46.7 49.2 49.1 49.4 46.9 41.1 35.6 31.8 26.5 27.4 26.4 22.5 25.5 27 27.9 29.1 29 28.7 28.4 26.8 23.7 23.5 26 23.5 20.4 19 18.3 20 19.5 18.6 18.4 21 21.7 21.4 19.6 19.8 21.7 22.5 20.7 21.4 22.5 23.8 25.3 26.7 28.8 33.7 38.3 40.3
53.2 52.6 54.4 59.5 60.1 61.3 60.5 59.8 61.5 64.9 66 68.2 66.3 64.4 62.8 54 54.1 60.2 60.2 64.7 64.2 62.1 61.9 59.8 57.1 54.8 54.5 56.2 54.1 52.4 51.2 47.9 41 35.2 32.6 32.9 33.5 36.1 40.8 43.4 44.7 46.1 45.6 44.5 41.8 37.2 43.8 47.2 51.8 55.3 55.8 55 48.4 42.5 37.7 33.8 27.8 27 25.3 22.7 24 26.5 28.8 28.7 26 24.7 23.8 22.5 21.6 23.3 23.7 20.6 18.9 17.6 19.3 20.9 20.4 19.8 22 25.2 25.7 23.2 20 21.7 24.3 23.9 22.3 21.5 22.4 25.3 27.4 29.3 30.8 32.8 39.2 39.4
51.8 59 61.2 62.9 62.4 61.9 61 60.9 62.9 64.2 64.3 66.4 66.9 60.6 56.6 58 62.7 62.8 64.4 72.4 71.8 73.2 69.6 66.9 64.7 62.7 63.7 62.9 62.1 61.7 59.7 56.7 49.8 42.8 40.7 39.2 39.7 40.9 47.2 50.9 53.2 54.2 52 48.5 45 41.6 45.4 50.3 55.3 60.3 62 55 47.5 42.9 38.5 34.2 28.1 26.4 24 23 25 28.3 30.7 29.6 26 20.4 19.4 19.1 19.9 21.5 20.3 18.6 17.6 18.9 19.5 21.4 21.1 24.5 27.3 29.2 27.9 24.8 20.6 23.7 24.2 24.7 23.3 23.2 22.8 25.3 30 31.6 31 32.4 34.9 36.5
60.6 65.6 67 67.2 66.9 65.7 64.7 65.5 66.3 64.9 63.6 63.1 61.5 65.3 66.4 67 66.6 68 73.5 75.6 75.1 79.5 78.3 77.9 75 73 72.4 71.8 72 71.9 72 69.2 63.2 57.2 53.9 55.1 54 51.8 53.9 58.7 60.7 59.4 55.8 52 48.3 45.3 46.9 53.2 59.7 64.1 59.9 53.6 47.4 42.2 37.7 32.5 28.2 24.6 23.6 23.8 26.6 30.5 31.4 28 24.2 21.1 18.9 18.9 18.9 19.5 18.3 17.7 18.4 20.3 20.7 22 24.1 27.1 30.7 30.6 27.8 24.4 22.3 23.6 24.1 24.4 26.1 24.3 23.4 24.3 26.4 28.8 30.1 31.6 30.6 31
63.4 65.6 66.8 66.6 65.3 63.4 63.6 62.6 62.4 63.4 64.1 64 67.4 69.1 71.3 70.9 76 80 82.3 83.3 83.8 84.6 86.2 85.1 83.7 83.4 83.1 83.1 81.6 80.3 81.5 81.1 75.4 69.1 67.5 70.5 62.8 61 58.6 61.4 64.1 64.8 59.9 54.7 50.6 44 48.2 54 57.4 58.7 54.9 52.1 47 41.6 35.3 30.9 27.8 24.8 24.2 24.2 28.4 31.3 29.5 26.1 23.2 20.7 18.9 18.9 18.9 18.9 18.5 18.7 20.5 22 21.2 24.8 26.8 30 32.8 30.9 28.1 22.9 25.3 24.9 25 25.7 28.3 25.6 24.2 25.9 24.8 26.4 30.2 30.5 28.8 29.9
62.8 64 66.6 67 66.2 64.9 64.4 63.4 65.3 68.7 67.7 68 68.8 70.3 73.9 77.2 81.8 86.9 88.9 91.1 91.3 92.2 94.7 93.8 93.9 93.6 93.2 92.5 90.7 89.3 91.5 91.5 89 83.8 82.1 77.7 74.5 69.7 66.6 61.1 63.3 66.1 63 56.5 51.6 46 48.3 52.8 54.7 53.8 51.4 48.7 46.2 42.2 39.8 35.4 31.3 26.4 25 26 29.9 30.5 27.3 24.1 21.8 20.1 19.6 20.5 20.2 20 19.7 20.5 22.8 23.2 23.3 27 29.6 31.9 33.1 30 25.8 24.5 26.4 26.9 26.5 28 28.4 27.9 28.3 30.1 27.6 26 28.4 26.8 27.4 30
61.4 64.8 67.1 65 64.6 66.5 68.2 68 71.4 73 72.6 72.4 72.6 75 78.9 81.4 87.8 92.7 95.7 97.3 98.1 98.3 98.9 101.4 103 104.4 104.4 102.3 100 100.2 102.8 104.7 98.2 92.2 86.4 83.6 83.9 78.4 70.1 63.8 62.6 64.7 61.9 56.8 52 47.3 46.6 49.8 51.2 50 48.3 46.3 43.5 40.2 41.8 40.3 39 31.2 26.4 27.3 30 29.7 26.2 22.8 21.6 21.1 21 22.5 22.4 21.4 20.7 21.3 24.4 24.4 26.3 29.4 31.9 34 31.4 28.1 24.5 25.1 26 26.6 28.3 29.3 28.5 29.7 30.7 30.4 29.6 28.1 26.7 25.9 26.4 27.2
62.1 64.4 64.2 67 68.2 70 70.8 73.1 75.2 76.6 76.7 75.6 75.2 78.8 82.9 87.9 93.6 96.5 98.4 99.7 100.4 101.9 104.4 108 110 111.7 112 111 108.5 108.5 113.1 115.3 113.5 102.1 97.9 91 89.2 82.4 73.6 69.2 63.9 63.5 60.7 55.8 50.7 48.2 46.5 48.8 48.1 47.6 46.5 45.3 42.4 39.7 36 36.2 38.8 32.6 28.8 29.4 29.1 30.6 27.1 22.5 22.1 22.1 23 24.9 24.6 22.7 21 22.4 24.7 26.6 28.7 31.8 33.8 32 29.4 26.1 24.1 23.9 25.5 26.7 29.1 30.3 28.7 29.2 29.9 30.6 32.8 31.2 28.1 27.5 26.9 26.9
63.8 65.7 65.3 67.7 69.9 70.4 72.6 77 80.7 79.9 78 77.1 78.1 81.4 85.5 92.7 95.9 98.5 101 102.3 104 106.8 110.1 113.7 114.7 116.5 116.7 116.7 113.8 115.3 118.5 119.5 117.4 113.4 105.2 101 95.9 86.2 75.3 68.4 65.2 62.1 60.3 54.5 50 48.2 47.1 47.5 47 47.7 47.4 46.4 43.7 41 35.9 32.5 31 34 31.5 32.9 29.9 29.8 27.3 24.2 24.3 23.7 25.4 24.9 23.8 21.8 21.8 22.8 24.9 27.4 30.2 31.6 31.2 29 26.7 26 24.8 24.3 25 26.4 28.9 29.7 27.5 30.1 29.2 31 33.4 30.9 29.6 31.3 30.4 28
63.8 63.7 63.5 67.5 68.7 71 77.8 79.9 80.8 80.9 80.5 79.6 80.3 83.3 88.9 94.2 98.3 102.5 105.2 105.6 108.2 110.3 113.7 116.4 119.2 121.6 119.9 119.1 118.8 120.7 119.9 119.2 122.3 116.8 111.4 107.1 99.4 90.9 80.2 73 68.3 63.3 58.5 54.5 51.7 50.7 49.4 49.1 49.4 48.3 47.7 47.1 46.9 44.3 38.3 32.8 30.2 29.5 30.2 32.2 31.1 29.5 25.4 26.1 25.7 25.4 27.3 25.6 23.4 22.7 22.7 23 24.9 27.7 29.7 29.4 27.1 25.4 24.8 25.6 24.5 24.2 25 26.5 28.2 26.6 28 29.1 29.9 31.1 32.2 30.4 31 34.3 36.4 31.7
65.4 67.7 70.2 71.8 73.1 74.6 74.5 78.3 79 80.9 80.1 81 81.8 85.8 91.5 97.2 101.8 105.3 105.4 107 108.5 111.1 114.4 118.8 122.3 124 123.6 124 127.3 124.9 122.4 120.8 118.5 115.5 116.8 116.1 103.4 92.8 85.5 78.7 72.6 65.7 58.1 55.5 55.1 53.7 52.3 52.8 52.6 52.8 50.4 47.7 47.2 44.3 38.3 33.5 30.9 30.6 30.4 30.4 30.4 27.8 26.6 28.6 26.5 26.9 27.9 26.2 25.8 26.5 24.8 23.6 24.4 27.2 28.2 27 24.8 24.1 24.6 24.5 24.3 24.3 24.7 26.1 27.3 27.2 30 31 30.4 30.4 30.7 30.2 31.7 34.3 36.2 33.8
64.3 67.4 72.3 73.1 75.3 78.5 79.7 81.5 82.6 80.7 81.4 85.3 87.2 88.6 91.2 98.8 101.6 101.3 103.5 105.4 107 110.1 116.1 117.9 121.1 123.9 126.7 128.8 129 128 125.5 125.1 123.1 118.3 117.5 111.9 101.5 94.5 88.3 83.7 78.1 73.6 66.1 59.9 59.5 59.7 58.8 57.6 56 54.2 52.2 50.2 44.6 41.3 36.9 34 32.1 32 32.5 31.5 30.1 28.3 27.9 28.8 28.4 28.4 27.9 27.7 29.5 28.9 25.8 24.2 24.4 26.1 27.6 26.6 25.8 24.7 25.7 26.7 26.8 25.8 25.2 28.5 29.9 28.8 32.2 32 31.3 30.5 30.1 30.3 31.1 33.4 35.1 34.8
64 66.4 68.4 72.1 74.7 77.2 80.9 83.4 85.7 85.9 88.2 89.9 91 94 96.8 96.9 98.3 100.6 102.5 106.1 109.6 113.3 115.7 118.3 119.4 119.2 124.6 128.3 130.3 135.4 136.4 138.9 137.9 126.7 119.7 112.7 104.3 98.8 91.6 84.1 79.6 74.4 70.6 68.5 67.3 66.8 64.1 63 60.2 56.9 51.8 49.5 46.6 41.8 37.4 34.1 34.3 35.6 36.5 35.5 34.2 31 29.2 29.7 29.9 29.5 27.9 29.8 32.4 30.1 26.7 24.9 24.9 25.6 26.5 27.8 27.9 26.2 28 29.5 29.5 28.5 26.6 29.2 29.4 29.2 31.1 32.3 32.4 30.5 31.3 31.1 31.8 32.2 35.4 37.7
62.4 65 67.9 71.4 74.2 77 81.7 84.9 87.5 90 92.7 94.8 96.6 97.8 101.3 104.7 105.7 105.9 106.5 109.6 113 115.5 116.6 119 121.2 122.4 125.5 131 135.2 148.6 153.1 152.2 144.3 135.6 128.1 118.8 111 100.5 94.7 87.3 81.7 75.2 73.4 72.5 72 69.9 67.4 65.2 62.8 59.7 53.7 50.3 46.9 43.1 40.7 36.3 39.9 40.3 40.5 40.1 37.2 33.9 30 30.5 31.1 30.4 30 32.1 34.5 32.5 27.8 26 25.9 27.3 29.2 29.7 30.1 28.9 29.6 31 30.1 30.2 28.8 28.8 29 29 29.3 30.1 30.4 30.3 30.6 31.7 33.1 34 36.3 38.7
62.5 65.1 68.1 71.9 73.1 76.3 80.1 84 88.5 91.8 94.3 97.3 101 104.2 105.8 107.7 108.5 109.3 110.2 113.2 115.1 115 118.3 119.1 119.3 123.1 129.8 136.1 144.3 159.7 163.1 157 148.6 140.5 132.1 124.2 116.7 108.1 102.6 88.7 81.9 77.8 77.2 76.2 75.7 73.1 70.4 67.4 64.4 61.3 55.2 49.9 47.2 41.8 41.2 44.1 44.8 45 45.3 43.4 40 34.9 32 31.9 34.3 35.7 34.5 35.1 35.9 33.3 29.6 29.1 29 29 30.9 31.3 31.8 31.2 30.8 31.3 30.1 29.4 26.8 28.7 30.2 30.6 31 29.8 29.6 30.1 31.6 32.5 34.8 36 37.2 37.8
61.4 64.9 68.1 69.8 72 75.2 77.1 81.9 88.6 92.2 96.5 100.8 104.8 107.6 108.6 110 109.3 111.1 113.8 115.7 114.4 119.6 122.3 115.4 117.8 124 130.6 138.9 156.4 163.6 161.5 158.1 151.5 141 132.7 127.8 118.9 114.7 105.6 97.2 90.1 83.1 81.3 81.6 79.7 74.9 71.6 67.7 64.9 61.9 59 52.2 49.7 43 45.4 47 47.7 49 48.7 45.7 42 36.8 33.2 33.1 34.4 38.2 38.4 38.3 37.8 34 31.9 31.1 30.2 30.3 31.8 31.5 32.4 32.6 30.5 29.2 29.5 29.7 28.9 29.9 32.8 34 33.3 32 30.1 30.5 32.1 35 36.7 37.6 38 38.6
59.5 63.2 66.4 68.4 71 73.8 76.1 83.5 88.5 93.9 99.2 103.7 107.8 109.7 110.4 111 115.3 116.1 117.1 114.5 116.2 119.2 116 115.8 117.3 124 131.8 140 152.5 165.8 163.9 156.3 149.5 139.3 134.4 130.9 126.4 117 109.9 103.5 91.7 86.2 87.3 86.8 83.1 77.8 73.5 69 65.3 62.1 58.1 53.2 50.1 45.3 48.4 51 52.1 54 49.7 46.7 44 38.5 36.4 36.1 37.8 36.7 39.2 41.4 39.2 37.4 35.3 33.3 31.6 30.5 30.3 30.1 31 31.6 29.4 28.1 28.3 28 28.3 31.6 35.2 35.9 35.5 33 30.3 31.2 32.6 36.1 37.9 38.3 39.1 40.2
63.5 66.6 68.5 69.2 70.6 72.8 77.2 85.9 90.9 95.7 100.5 103.9 107.5 110.4 111.1 115 116.5 118.2 115.4 115.3 118.8 116.4 115.5 116.5 117.9 123.8 131.8 137.9 140.5 150.1 149.5 150 139.5 134.3 127.7 124.8 114.2 110.8 110.9 103.2 98.5 94.7 94.4 90.8 86.9 80.7 74.9 70.2 65.2 61.6 57.8 50.9 48.1 48.1 51 53.9 56.4 55.9 50.5 47 44.1 41.7 40 40 39.7 39.2 39.4 43 42.9 39.5 38.8 35.5 33.6 31 30.2 29.9 29.6 29.2 28.6 28.3 29.2 29.2 31.6 34.9 37.2 37.1 36.1 32.5 30.4 31.7 33.2 36.6 38.5 40.3 40.9 42.2
65.2 68.4 71.4 72.3 72.5 75.1 82.3 87.6 92.7 96.7 100.8 104.2 108.8 111.5 115.7 118.8 119.3 118.1 114.8 117.6 118 116.2 116.6 121.4 120.6 124.4 129.3 134 134.5 134.3 139.6 137.3 136.4 130.4 122 115.6 111.9 108.7 111.8 107 103.2 100.4 101.1 100.2 98.9 88.5 80 71.9 65.9 61.1 57.8 51.7 50.9 52.2 56 58.8 58.7 56.3 50.9 48 45.1 42.7 42.6 43.4 43.9 41.3 40.2 43.7 44.7 43.8 41.4 38.5 35.2 33.3 33 33.4 33.1 31.4 28.9 28.8 29.6 31.5 34.7 37 39 38.3 35.4 32.5 31 34 34.5 37.3 40.4 41.9 42.8 44.2
66.7 69.8 73.3 75.9 78 79.5 82.4 88 93.4 96.5 100.7 104.8 108.5 113.1 116.2 120.7 118.4 115.6 115.5 115.7 116.9 116.4 118.3 121.2 121 124.5 127.7 128.5 124.3 125.1 127.1 130.4 130.3 123.8 115.7 109.3 108.3 110.7 114.8 106.8 104 104.3 106.9 106.3 105.7 101.5 90.1 78.9 69.9 63.2 61.1 55.5 55 55.6 59 60.9 58.1 55.2 51.3 48.2 44.8 45.3 45 44.7 44.6 41.3 42.1 43.9 44.4 45.7 43.2 39.6 36.5 36.1 36 35.9 35.1 34 30.6 29.4 29.4 31 34.7 38 39.7 38.7 35 33.2 34.9 38.2 38.9 39.2 42.5 45.1 45.1 47.1
66.1 68.8 72.8 77.2 80 82.8 86.4 89.7 92.7 96.5 101 106.7 111.2 112.6 117 116.2 113.9 114.3 114.9 114.9 115.1 117.1 119.3 120.7 119.2 122.1 123.3 122 116.5 116.4 114.4 117.3 121.3 116.8 115 110.1 111.2 110.2 107.8 106.2 106 110.1 111.7 109.8 110 107.2 94.5 83.7 75.8 67.5 69.3 66 59.6 57.7 56.9 56.7 54.8 52.8 49.9 46.2 46.8 47.6 45.7 44.9 43.3 42.2 44.2 44.3 44.3 43.7 42.7 40.4 39.2 39.6 39.7 38.2 37 34.1 31.3 29.6 29.3 30.4 34.4 36.8 38.1 37.6 38 38 40.3 43.3 43.3 42.7 45.3 49.3 47.5 49.3
65.7 69.1 72.2 76.2 81.3 85.5 88.8 93.4 95.6 98 102.3 107 111.5 114 113.8 112.1 112.7 114.6 114.3 114.9 117.2 118.7 120.6 118.8 116.2 118.4 119.2 118.5 113.9 101.5 105.2 103.4 111.3 109.4 110.3 107.8 110.6 109.1 103.7 109.3 109.9 112.8 119.8 113.3 112.5 111.3 96.3 89.6 77.7 76.2 73.7 70.7 65.9 59.8 57 53 50.2 50.4 47.6 45.5 45 46.4 44.7 43.1 42.7 45.2 45.9 46.1 45.8 44.1 43.5 44.1 43.8 43.8 43.6 41.7 38.8 35.7 33.4 30.6 30 30.4 33.6 34.8 36.7 39.9 42.9 43.9 46.3 46.7 45.4 44.3 46.1 47.9 47.7 50.6
66.3 69.7 73.3 76.9 82.1 87.1 91.4 95.3 98.1 99.4 103.2 107.9 110.9 111.9 112.5 113.4 114.4 114.9 115.4 116.9 117.4 118.7 118.6 115.9 115.5 114.8 116.4 116.4 111.3 99 94 96.5 96.3 103.2 106.4 110.7 98.3 97.6 107.6 113.5 113 114.8 115 115.3 111.1 107.2 93.6 87.1 82.9 80.9 78.5 73.9 70.3 66.2 58.4 54.4 50 48 46.7 46.7 45.1 44.5 42.7 43 44.3 45.9 46 46.3 45.7 45.3 44.6 45.4 46 46.5 46.4 42.8 39.9 38 35.1 32.5 30.7 30.8 32.8 37.7 39.3 44.7 47.8 48 49.3 49.3 47.2 45.4 45.9 47.7 49.5 51.6
65.3 69.9 73.9 78.1 83 87.9 91.6 95.8 98 100 103.9 107 112 114.3 115 116.4 116.2 116.3 116.7 117.9 118.3 118.5 115.5 113.9 114.4 114.5 113.5 111.9 105.3 92.5 89.4 88.5 84.1 90.4 99.4 100.9 94.5 92.3 101.5 108 110.8 112.9 112.8 110.4 109.8 92.3 85.9 83.8 87.5 85.7 82.2 77.3 72.5 64.4 60.2 54.6 51.7 51.3 50.2 49 45.2 43.4 42.9 44 45.8 45.8 46 46.2 45.2 44.4 44.9 44.8 45.5 46.7 46.8 44.4 42.8 40.1 39.1 35.8 32.9 32.5 33.5 40 42.6 47.9 51.6 53.1 53.8 51.8 49.4 46.7 46.4 48.4 51 50.1
69.2 73.8 77.8 81.7 85.7 88.7 91.6 94.7 98.1 101.6 105.7 110.1 114.5 116.5 117.9 117.7 117.7 118 118.9 118.9 119.2 116.3 115.5 113.5 112.8 111.6 109.5 105.8 96.9 89.6 83.1 75.5 75 75.7 81.8 81.6 81.4 91.1 96.9 104.3 105.9 108.2 113.1 109.8 101.4 93.4 89.9 91.1 90 86.5 83.3 77.6 70.9 64.6 60.6 58.4 53.4 53.2 52.9 51.1 47.2 43.7 43.2 45.3 46.4 46.2 46 46.5 46.7 46.9 46.2 44.3 44.3 46.2 46.7 46 42.8 46.2 43.8 41.8 38.9 35.9 34.2 42.1 45.3 48.7 53.2 57.1 55.9 52.2 49 46.6 45.8 48.4 49.8 48.5
73.9 81 84.8 86.5 90.7 92 94.4 98.3 101.1 104.7 109.3 113.8 116 118.5 119.1 119.1 119 119.3 119.7 118 116.8 117.4 115.6 112.5 108 107.4 104.9 98.1 91.1 82.3 75.1 72.7 71 70.7 70.6 72.6 75.2 78.6 85.1 88.1 95.9 100.7 102.4 98.3 102.2 97.7 91.1 95.9 89.8 87 84.4 79.3 70.9 66.9 62.1 59.7 57.7 53.9 53.5 51 46.7 44.6 44.5 48.3 50.1 47.5 46.7 47.5 47.1 47.7 45.8 44 42.8 43.5 44 43.4 40 41.1 41.1 42.2 41.4 35.1 40 45.3 49.2 52 56.7 59.1 55.6 52 48.6 45.8 46.9 48.1 48.4 48.3
