STL Generation/terr50_gagg_gb/data/SH68.asc
ncols 200
nrows 200
xllcorner 260000
yllcorner 380000
cellsize 50
[rows 152 to 189 of 200, columns 0 to 83 of 200]
-2.3 -2.3 -2.3 -2.3 -2.3 -2.3 -2.3 -2.3 -2.3 -2.3 -2.3 -2.3 -2.3 -2.3 -2.3 -2.3 -2.3 -2.3 -2.3 -2.3 -2.3 -2.3 -2.3 -2.3 -2.3 -2.3 -2.3 -2.3 -2.3 -2.3 -2.3 -2.3 -2.3 -2.3 -2.3 -2.3 -2.3 -2.3 -2.3 -2.3 -2.3 -2.3 -2.3 -2.3 -2.3 -2.3 -2.3 -2.3 -2.3 -2.3 -2.3 -2.3 -2.3 -2.3 -2.3 -2.3 -2.3 -2.3 -2.3 -2.3 -2.3 -2.3 -2.3 -2.3 -2.3 -2.3 -2.3 -2.3 -2.3 -2.3 -2.3 -2.3 -2.3 -2.3 -2.3 -2.3 -2.3 -2.3 -2.3 -2.3 -2.3 -2.3 -2.3 -2.3
-2.3 -2.3 -2.3 -2.3 -2.3 -2.3 -2.3 -2.3 -2.3 -2.3 -2.3 -2.3 -2.3 -2.3 -2.3 -2.3 -2.3 -2.3 -2.3 -2.3 -2.3 -2.3 -2.3 -2.3 -2.3 -2.3 -2.3 -2.3 -2.3 -2.3 -2.3 -2.3 -2.3 -2.3 -2.3 -2.3 -2.3 -2.3 -2.3 -2.3 -2.3 -2.3 -2.3 -2.3 -2.3 -2.3 -2.3 -2.3 -2.3 -2.3 -2.3 -2.3 -2.3 -2.3 -2.3 -2.3 -2.3 -2.3 -2.3 -2.3 -2.3 -2.3 -2.3 -2.3 -2.3 -2.3 -2.3 -2.3 -2.3 -2.3 -2.3 -2.3 -2.3 -2.3 -2.3 -2.3 -2.3 -2.3 -2.3 -2.3 -2.3 -2.3 -2.3 -2.3
-2.3 -2.3 -2.3 -2.3 -2.3 -2.3 -2.3 -2.3 -2.3 -2.3 -2.3 -2.3 -2.3 -2.3 -2.3 -2.3 -2.3 -2.3 -2.3 -2.3 -2.3 -2.3 -2.3 -2.3 -2.3 -2.3 -2.3 -2.3 -2.3 -2.3 -2.3 -2.3 -2.3 -2.3 -2.3 -2.3 -2.3 -2.3 -2.3 -2.3 -2.3 -2.3 -2.3 -2.3 -2.3 -2.3 -2.3 -2.3 -2.3 -2.3 -2.3 -2.3 -2.3 -2.3 -2.3 -2.3 -2.3 -2.3 -2.3 -2.3 -2.3 -2.3 -2.3 -2.3 -2.3 -2.3 -2.3 -2.3 -2.3 -2.3 -2.3 -2.3 -2.3 -2.3 -2.3 -2.3 -2.3 -2.3 -2.3 -2.3 -2.3 -2.3 -2.3 -2.3
-2.3 -2.3 -2.3 -2.3 -2.3 -2.3 -2.3 -2.3 -2.3 -2.3 -2.3 -2.3 -2.3 -2.3 -2.3 -2.3 -2.3 -2.3 -2.3 -2.3 -2.3 -2.3 -2.3 -2.3 -2.3 -2.3 -2.3 -2.3 -2.3 -2.3 -2.3 -2.3 -2.3 -2.3 -2.3 -2.3 -2.3 -2.3 -2.3 -2.3 -2.3 -2.3 -2.3 -2.3 -2.3 -2.3 -2.3 -2.3 -2.3 -2.3 -2.3 -2.3 -2.3 -2.3 -2.3 -2.3 -2.3 -2.3 -2.3 -2.3 -2.3 -2.3 -2.3 -2.3 -2.3 -2.3 -2.3 -2.3 -2.3 -2.3 -2.3 -2.3 -2.3 -2.3 -2.3 -2.3 -2.3 -2.3 -2.3 -2.3 -2.3 -2.3 -2.3 -2.3
19.2 16.9 7.4 6.4 2.2 -2.3 -2.3 -2.3 -2.3 -2.3 -2.3 -2.3 -2.3 -2.3 -2.3 -2.3 -2.3 -2.3 -2.3 -2.3 -2.3 -2.3 -2.3 -2.3 -2.3 -2.3 -2.3 -2.3 -2.3 -2.3 -2.3 -2.3 -2.3 -2.3 -2.3 -2.3 -2.3 -2.3 -2.3 -2.3 -2.3 -2.3 -2.3 -2.3 -2.3 -2.3 -2.3 -2.3 -2.3 -2.3 -2.3 -2.3 -2.3 -2.3 -2.3 -2.3 -2.3 -2.3 -2.3 -2.3 -2.3 -2.3 -2.3 -2.3 -2.3 -2.3 -2.3 -2.3 -2.3 -2.3 -2.3 -2.3 -2.3 -2.3 -2.3 -2.3 -2.3 -2.3 -2.3 -2.3 -2.3 -2.3 -2.3 -2.3
39 35.3 34.2 34.7 33.7 31.2 24.8 -2.3 -2.3 -2.3 -2.3 -2.3 -2.3 -2.3 -2.3 -2.3 -2.3 -2.3 -2.3 -2.3 -2.3 -2.3 -2.3 -2.3 -2.3 -2.3 -2.3 -2.3 -2.3 -2.3 -2.3 -2.3 -2.3 -2.3 -2.3 -2.3 -2.3 -2.3 -2.3 -2.3 -2.3 -2.3 -2.3 -2.3 -2.3 -2.3 -2.3 -2.3 -2.3 -2.3 -2.3 -2.3 -2.3 -2.3 -2.3 -2.3 -2.3 -2.3 -2.3 -2.3 -2.3 -2.3 -2.3 -2.3 -2.3 -2.3 -2.3 -2.3 -2.3 -2.3 -2.3 -2.3 -2.3 -2.3 -2.3 -2.3 -2.3 -2.3 -2.3 -2.3 -2.3 -2.3 -2.3 -2.3
45 41.2 39.3 38.9 37.3 34.9 31 23.3 -2.3 -2.3 -2.3 -2.3 -2.3 -2.3 -2.3 -2.3 -2.3 -2.3 -2.3 -2.3 -2.3 -2.3 -2.3 -2.3 -2.3 -2.3 -2.3 -2.3 -2.3 -2.3 -2.3 -2.3 -2.3 -2.3 -2.3 -2.3 -2.3 -2.3 -2.3 -2.3 -2.3 -2.3 -2.3 -2.3 -2.3 -2.3 -2.3 -2.3 -2.3 -2.3 -2.3 -2.3 -2.3 -2.3 -2.3 -2.3 -2.3 -2.3 -2.3 -2.3 -2.3 -2.3 -2.3 -2.3 -2.3 -2.3 -2.3 -2.3 -2.3 -2.3 -2.3 -2.3 -2.3 -2.3 -2.3 -2.3 -2.3 -2.3 -2.3 -2.3 -2.3 -2.3 -2.3 -2.3
46.6 46.2 43.8 41.8 40.6 37.8 33.9 29.1 11.6 -2.3 -2.3 -2.3 -2.3 -2.3 -2.3 -2.3 -2.3 -2.3 -2.3 -2.3 -2.3 -2.3 -2.3 -2.3 -2.3 -2.3 -2.3 -2.3 -2.3 -2.3 -2.3 -2.3 -2.3 -2.3 -2.3 -2.3 -2.3 -2.3 -2.3 -2.3 -2.3 -2.3 -2.3 -2.3 -2.3 -2.3 -2.3 -2.3 -2.3 -2.3 -2.3 -2.3 -2.3 -2.3 -2.3 -2.3 -2.3 -2.3 -2.3 -2.3 -2.3 -2.3 -2.3 -2.3 -2.3 -2.3 -2.3 -2.3 -2.3 -2.3 -2.3 -2.3 -2.3 -2.3 -2.3 -2.3 -2.3 -2.3 -2.3 -2.3 -2.3 -2.3 -2.3 -2.3
50 50.4 48.1 45.6 42.3 38.5 36 32.1 25.3 5.2 0.4 -2.3 -2.3 -2.3 -2.3 -2.3 -2.3 -2.3 -2.3 -2.3 -2.3 -2.3 -2.3 -2.3 -2.3 -2.3 -2.3 -2.3 -2.3 -2.3 -2.3 -2.3 -2.3 -2.3 -2.3 -2.3 -2.3 -2.3 -2.3 -2.3 -2.3 -2.3 -2.3 -2.3 -2.3 -2.3 -2.3 -2.3 -2.3 -2.3 -2.3 -2.3 -2.3 -2.3 -2.3 -2.3 -2.3 -2.3 -2.3 -2.3 -2.3 -2.3 -2.3 -2.3 -2.3 -2.3 -2.3 -2.3 -2.3 -2.3 -2.3 -2.3 -2.3 -2.3 -2.3 -2.3 -2.3 -2.3 -2.3 -2.3 -2.3 -2.3 -2.3 -2.3
54.4 53.1 51.4 49.7 45.2 43.9 41.4 38 33.5 20.1 8.7 3 4.3 1.7 -2.3 -2.3 -2.3 -2.3 -2.3 -2.3 -2.3 -2.3 -2.3 -2.3 -2.3 -2.3 -2.3 -2.3 -2.3 -2.3 -2.3 -2.3 -2.3 -2.3 -2.3 -2.3 -2.3 -2.3 -2.3 -2.3 -2.3 -2.3 -2.3 -2.3 -2.3 -2.3 -2.3 -2.3 -2.3 -2.3 -2.3 -2.3 -2.3 -2.3 -2.3 -2.3 -2.3 -2.3 -2.3 -2.3 -2.3 -2.3 -2.3 -2.3 -2.3 -2.3 -2.3 -2.3 -2.3 -2.3 -2.3 -2.3 -2.3 -2.3 -2.3 -2.3 -2.3 -2.3 -2.3 -2.3 -2.3 -2.3 -2.3 -2.3
57.8 56.9 56.8 53 49.5 48.8 46.8 45.1 41.1 36.6 33.3 28 23.5 2.6 -2.3 -2.3 -2.3 -2.3 -2.3 -2.3 -2.3 -2.3 -2.3 -2.3 -2.3 -2.3 -2.3 -2.3 -2.3 -2.3 -2.3 -2.3 -2.3 -2.3 -2.3 -2.3 -2.3 -2.3 -2.3 -2.3 -2.3 -2.3 -2.3 -2.3 -2.3 -2.3 -2.3 -2.3 -2.3 -2.3 -2.3 -2.3 -2.3 -2.3 -2.3 -2.3 -2.3 -2.3 -2.3 -2.3 -2.3 -2.3 -2.3 -2.3 -2.3 -2.3 -2.3 -2.3 -2.3 -2.3 -2.3 -2.3 -2.3 -2.3 -2.3 -2.3 -2.3 -2.3 -2.3 -2.3 -2.3 -2.3 -2.3 -2.3
63.5 61.3 61.7 58.2 57.9 57.7 54.8 51.5 45.8 39.4 41.4 39.1 30.9 17.4 1.9 1.9 5.4 26.4 21.9 9.9 20 -2.3 -2.3 -2.3 -2.3 -2.3 -2.3 -2.3 -2.3 -2.3 -2.3 -2.3 -2.3 -2.3 -2.3 -2.3 -2.3 -2.3 -2.3 -2.3 -2.3 -2.3 -2.3 -2.3 -2.3 -2.3 -2.3 -2.3 -2.3 -2.3 -2.3 -2.3 -2.3 -2.3 -2.3 -2.3 -2.3 -2.3 -2.3 -2.3 -2.3 -2.3 -2.3 -2.3 -2.3 -2.3 -2.3 -2.3 -2.3 -2.3 -2.3 -2.3 -2.3 -2.3 -2.3 -2.3 -2.3 -2.3 -2.3 -2.3 -2.3 -2.3 -2.3 -2.3
67.8 68 68.6 66.9 66.5 66 62.4 57.2 49.1 49.2 48.8 44.2 40.5 39.6 28.7 17.1 34.2 42.1 32.4 27.1 26.2 26.5 13.1 -2.3 -2.3 -2.3 -2.3 -2.3 -2.3 -2.3 -2.3 -2.3 -2.3 -2.3 -2.3 -2.3 -2.3 -2.3 -2.3 -2.3 -2.3 -2.3 -2.3 -2.3 -2.3 -2.3 -2.3 -2.3 -2.3 -2.3 -2.3 -2.3 -2.3 -2.3 -2.3 -2.3 -2.3 -2.3 -2.3 -2.3 -2.3 -2.3 -2.3 -2.3 -2.3 -2.3 -2.3 -2.3 -2.3 -2.3 -2.3 -2.3 -2.3 -2.3 -2.3 -2.3 -2.3 -2.3 -2.3 -2.3 -2.3 -2.3 -2.3 -2.3
73 74.8 76 75.2 74.3 71.6 67.1 61.4 48.9 49.9 51.2 47.5 45.9 43.7 42.5 42.3 46.3 51.4 40.7 31.5 30.3 29.2 25 17.4 -2.3 -2.3 -2.3 -2.3 -2.3 -2.3 -2.3 -2.3 -2.3 -2.3 -2.3 -2.3 -2.3 -2.3 -2.3 -2.3 -2.3 -2.3 -2.3 -2.3 -2.3 -2.3 -2.3 -2.3 -2.3 -2.3 -2.3 -2.3 -2.3 -2.3 -2.3 -2.3 -2.3 -2.3 -2.3 -2.3 -2.3 -2.3 -2.3 -2.3 -2.3 -2.3 -2.3 -2.3 -2.3 -2.3 -2.3 -2.3 -2.3 -2.3 -2.3 -2.3 -2.3 -2.3 -2.3 -2.3 -2.3 -2.3 -2.3 -2.3
78.1 80.4 81.6 80.3 78.4 73.1 66.6 58.1 56.6 55.4 54.8 52.6 51.9 47.9 50.1 53.5 57.3 55.3 45.3 37.4 35.4 33.3 27.6 25.8 23 4.6 -2.3 -2.3 -2.3 -2.3 -2.3 -2.3 -2.3 -2.3 -2.3 -2.3 -2.3 -2.3 -2.3 -2.3 -2.3 -2.3 -2.3 -2.3 -2.3 -2.3 -2.3 -2.3 -2.3 -2.3 -2.3 -2.3 -2.3 -2.3 -2.3 -2.3 -2.3 39.6 11.8 11.9 10.7 10.1 8.1 2.5 -2.3 -2.3 -2.3 -2.3 -2.3 -2.3 -2.3 -2.3 -2.3 -2.3 -2.3 -2.3 -2.3 -2.3 -2.3 -2.3 -2.3 -2.3 -2.3 -2.3
80.9 83.3 83.6 81.9 76.5 70.7 68.7 64.9 63.5 62.1 60.5 58.9 56.9 54 56.7 61.3 63.2 58.1 49.9 41.7 40.1 37.2 33.3 33.2 27.8 19.7 16.5 14.1 -2.3 -2.3 -2.3 -2.3 1.7 -2.3 -2.3 -2.3 -2.3 -2.3 -2.3 -2.3 -2.3 -2.3 -2.3 -2.3 -2.3 -2.3 -2.3 -2.3 -2.3 -2.3 -2.3 12.8 -2.3 -2.3 8.7 19.5 19.4 36.7 10.2 10 10.7 10.6 10 12.7 2.5 -2.3 -2.3 -2.3 -2.3 -2.3 -2.3 -2.3 -2.3 -2.3 -2.3 -2.3 -2.3 -2.3 -2.3 -2.3 -2.3 -2.3 -2.3 -2.3
83.8 83.5 83.7 82.1 77.8 81.3 78.9 73.2 70 67.8 65.2 63.7 62 60.9 63.5 66.7 67.7 59.6 53.3 46.6 42.9 42.8 39.7 36.4 30.9 28 26.6 28 21.8 29.8 27.1 23.2 15.1 4 4.8 2.6 1.4 0.5 -2.3 -2.3 -2.3 -2.3 -2.3 -2.3 -2.3 -2.3 -2.3 -2.3 -2.3 -2.3 4.2 8.8 16.9 12.5 23.9 26.8 25.5 35 13.8 10.1 10.2 10.4 10.2 10.7 9.6 3.3 -2.3 -2.3 -2.3 -2.3 -2.3 -2.3 -2.3 -2.3 -2.3 -2.3 -2.3 -2.3 -2.3 -2.3 -2.3 -2.3 -2.3 -2.3
90 87.7 85.7 83.4 84.6 84.2 82.1 78.6 74.1 71.6 69.9 68.3 66 66.7 68.9 70.9 70.1 63.3 57.1 49.2 47.3 46.7 43.5 39.1 33.2 32.3 31.2 32.8 43.3 35.1 32.2 29.1 25.7 21.2 15.3 19.3 14.5 10 2.7 2.4 0.5 -2.3 -2.3 -0.2 -2.3 -2.3 -2.3 1.5 6.8 23.4 34.9 26.3 28.1 29.7 33.8 34 29 30.8 37.5 16.1 13.9 10.4 13.5 13.5 24.7 8.6 6.9 2.2 2.9 -2.3 -2.3 -2.3 -2.3 -2.3 -2.3 -2.3 -2.3 -2.3 -2.3 -2.3 -2.3 -2.3 -2.3 -2.3
95.9 91.8 88.5 86.1 87.6 87.1 85.2 81.3 77 73.4 71.7 70.6 69.6 70.7 72.4 74.2 72.6 67.2 60 52.5 50.7 49.1 46 42.3 36.1 35.3 35.8 38.2 46.6 43.7 35.1 32.4 28.9 25 21.2 22.1 22.2 21.3 17.4 12.7 8.4 3.5 2.5 3.7 9 17.8 20.3 23.5 27.1 30.5 39.1 33.5 35.1 37.3 40.9 35.3 30.5 30.8 36.1 36.9 35.7 12.8 14 18.5 33.1 17.3 12.5 9.1 15.1 14.7 6.6 -2.3 -2.3 -2.3 -2.3 -2.3 -2.3 -2.3 -2.3 -2.3 -2.3 -2.3 -2.3 -2.3
98.8 94.6 91.1 89.5 89.4 90.6 88.2 84.6 79.5 74.2 72 71 71 73.3 75.1 77.6 74 68.5 63.3 58.4 55.3 52.5 49.4 43.3 38.1 41.1 44.6 43.2 49.4 47.7 39.7 35.5 32 26.7 25.5 25.5 25.1 24.4 23 21.8 19.1 22.1 23.1 23.2 23.2 24.6 25.6 29.2 32.8 35 38 41.7 45.1 43.8 42.3 34.6 31.4 33 36.1 38 27.2 13.4 22.1 30.5 35 23.8 12.9 18.2 12.9 11.2 12 4.4 7 2.8 -2.3 -2.3 -2.3 -2.3 -2.3 -2.3 -2.3 -2.3 -2.3 -2.3
103.4 98.5 93.8 92.7 92.1 91.3 90.8 87.6 82.2 75.6 72.2 70.4 71.8 72.9 75.9 80.4 78.1 70.9 66.6 63.1 59.8 56 50.6 47.1 43.2 47.6 50.8 48.2 51.7 49.4 44.1 38.1 33.7 28.4 29.4 29.4 29.4 27.9 26 24.8 23.3 24.4 26.3 26.9 27.3 29.1 30.8 33.3 37.2 40.3 42.2 43.8 47 47.3 43.8 34.9 33.7 34.6 36.7 39.4 41.6 14.7 23.3 32.2 29.5 24.3 15.2 11.9 10 9.3 8.9 15.2 16.3 13.6 14.4 3.2 -2.3 -2.3 -2.3 -2.3 -2.3 -2.3 -2.3 -2.3
105.8 102.3 98.9 96.2 95 94 93 89.6 84.5 78.6 71.7 70.4 71.5 72.3 77.5 86.2 83.5 74.9 69.8 68.6 65.1 61.4 57.9 53.8 47.7 51.8 53.8 54.1 54.2 52.4 48.1 39.4 36.4 35.8 34.5 35.4 34.9 32.8 29.6 28.1 25.7 27.5 29.3 30.1 32.3 33.8 34.8 36.7 41.2 44.2 45.3 47.2 47.8 49.3 45.7 38 36.2 37.9 39.4 40.9 49.4 21.6 36.8 36.5 31.9 25.4 22.3 22.9 10.4 9.1 8.2 7.7 20.3 16.8 17.4 12 3.4 3.8 2.6 2.5 3.3 4.3 1.8 -2.3
109.8 107 102.8 99.9 98.1 96.9 94.6 91.6 87 81.4 74.2 70.3 70 72.2 79.2 88.4 88.7 80.4 75.2 73.8 70.6 66.7 62.6 56.5 52.7 56.1 58 58.3 57.7 55.3 50.9 45.4 41.9 45.7 42.6 43.1 40.7 37.9 34.5 31.4 28.2 30 33.7 34.7 36.7 38.2 38 41.1 40.8 47.6 50.3 51 50.6 48.7 45.8 41.7 40.1 40.2 41.8 43.1 54.5 34.4 8.8 36.6 36.1 28 24.1 28.2 11.5 13.8 10.8 7.7 28.7 20.9 19.6 19.2 15.4 12 6.1 4.6 4.8 9 5.2 -2.3
112.6 110.3 106.3 104.2 103.8 99.8 96.3 93.4 88.5 83.8 77.5 70.5 70 72.1 77.2 88.7 91.9 85.7 79.9 77.7 74.6 70.4 66.7 61.5 61.8 63 62.2 63.1 62 61.8 58.7 51.5 47.5 53.9 50.3 47.9 45.5 42.8 39 36.7 32.7 34.5 39 40.3 40.8 43.3 40.9 44.7 44.9 49.5 53.7 54.7 52.7 49.4 46 44.3 44.2 44.2 44.2 45.5 58.6 47.4 28.7 39 40.1 28.9 27.8 30.7 29.6 36.7 34.5 7.7 10.5 23.6 22.3 23.3 19.8 16.4 13.1 12.3 12.5 9.5 7.6 1.5
113.9 111.5 108.8 109.4 110.5 108 102.3 94.1 90.5 87.1 80.6 72.7 69.3 71.3 76.1 89.5 93.7 90.1 83.9 78.6 75.9 73.1 69.8 66.5 66.3 67.9 67.1 68.2 67 65.3 62.3 58.4 55.1 58.8 56.4 52.5 50.7 46.3 43.2 42.2 35.4 36.5 43.9 45.3 45.7 46.6 44.3 48.4 48.7 50.6 56.1 57 55 51.9 49 48.5 48.3 48.2 46.7 46.3 48.4 47.3 44.5 42.1 38.8 31.3 34.3 34.5 37.8 39.6 39.1 31.5 15 25 24.7 26.9 23.5 21.5 17.4 16 14.5 10 7.5 0.3
115.3 112.9 111.8 116.7 114.5 112 109 102.2 94.1 90.2 84.3 75.1 68.5 70.6 76.4 85.3 93.5 92.6 88.7 80.8 78.6 76.9 72 69.9 69.4 71.8 71.8 72.8 70.4 67.9 64.9 62.3 60.9 62.5 60.8 57.4 54.8 51.1 48 45.5 39.5 38 44.6 49.7 50.1 49.9 48 51.5 52.8 50.8 57.8 58.8 57.2 54.4 53.8 53.3 52.6 50.9 48.7 48.3 47.6 46.7 45.3 43 40.8 34.9 37.9 38.8 41.1 41.7 40 38.7 32.9 27.6 28.7 32.7 27.4 25.6 21.4 22.3 17.2 9.5 2.1 -2.3
114.4 114 113.6 115.4 117.9 115.7 113.2 103.8 96.7 90.8 83 72.9 68.5 68.1 74.6 80.1 90.5 93.6 91.5 87.8 83.2 81.2 77 73.5 73.4 74.8 75.4 76.1 74.2 71.3 68.4 66.6 66.3 66.2 65 61.4 57.7 55.4 53 48.4 49.1 47.9 45.6 52.2 53.7 52.9 52.6 55 54.9 53.8 59.5 60.1 59.1 58.6 57.7 56.5 55 51.9 49.4 47.9 46.9 46.1 45.4 43.9 42.8 41.3 42 43 43.7 42.6 40.6 37.3 31.2 30.3 30.8 37 30.5 27.6 23.7 21 3.8 2.2 -2.3 -2.3
106.2 105.6 108.1 107 111.3 113.4 110.4 105.5 98.9 89 78.1 72.1 70.6 66 69.1 76.3 83.1 93.5 91.5 90.6 88.2 83.7 80.4 77.5 78.6 77.5 78.4 80.2 78.9 76.7 74.7 74.1 72 71.1 68.9 65.8 62.6 60.5 58 50.7 53.6 53.2 45.8 55.1 56.2 56.2 56.1 56.7 56.1 53.8 59 62.3 62.5 61.6 60.7 58.7 55.4 52 49.8 46.8 44.4 42.9 44 43.9 44 44.8 44.8 44.8 45.5 44.8 42.6 39.2 35.4 33.3 33.7 34 34.6 29.6 18.1 2.7 1.1 -0.5 -2.3 -2.3
95.2 95 96.5 95.5 98.7 102.2 100.6 97.6 89.6 81.1 71.8 65.5 64 61.4 66.1 73.2 79.6 86.2 89 89.2 92 83.2 81.6 82.1 84.3 86 87.6 88.1 86.3 82.5 80 79.8 76.1 74 71.5 69.6 67.8 65.1 62.4 55.9 58.5 56.6 49.9 56.9 58.6 57.4 57.9 57.9 57.7 54.6 58.1 66.6 65.6 63.9 62.2 60.1 56.8 54.2 50.8 47.8 43 39.2 40.6 41.2 44.9 47 47.9 47.5 48.3 48.9 44.6 40.3 36.6 35 35.7 35.7 34.3 30.4 5.1 1.5 -0.2 -2.3 -2.3 -2.3
87.3 84.9 84.4 87.3 84.1 88.2 86.4 83.6 69.1 68.1 63.3 59.5 59 55.6 59 66.6 75.6 80.1 80.8 89.2 89.6 78.8 79.1 85.3 87.6 89.8 91 91.3 90.1 87 83.2 81.1 78.4 76.1 73.5 71.3 69.6 67.9 65.2 61.6 60.6 57.4 51.7 59.3 60 59 58.1 57.8 57.6 55.3 56.9 61.7 66.3 65.2 64 63.7 59.4 56.2 53.6 49.3 44.2 41.8 33.5 41.6 45.7 47.1 48.4 49.8 54.8 51.9 46.9 41.8 38.8 34 36.5 39.7 31.6 9.3 2.5 0.6 -1 -2.3 -2.3 -2.3
80.9 79.5 78.6 76.6 74.1 71.8 70.5 65.8 62.6 59.5 57.9 54.3 53.7 54 59.4 63.1 68.7 72.5 73 81.5 87.7 75.8 76 88.3 90.3 91.8 94 93.7 92.7 89.5 85.1 82.7 81 77.2 74.8 72.2 70.1 68.2 66.2 64.7 61.1 56.2 56.9 60.7 59.8 59.1 58.5 57.8 57.1 57.6 58 59.7 60.3 63.4 65.6 65.6 62.3 57.7 54.2 49.7 43.1 36 32.3 40 43.9 44.4 46.4 51.9 56.8 53.2 47.8 28.6 35.5 33.6 32.7 39.2 26.8 3.3 1 -0.5 -2.3 -2.3 -2.3 -2.3
77.5 76.7 76.6 75 73.1 69 63.4 59.1 56.3 53.9 52.1 50.5 50.5 55.8 59.9 61.8 63.7 64.6 63.3 72.2 73.2 72.1 73.7 86.2 91 94.1 95.8 96.4 95 92 88.4 84.9 82.9 79.1 76.4 73.6 70.9 68.9 66.8 64.7 61.6 55.4 59.7 60.6 59.7 59.2 58.8 59 59.3 60 60.4 60.1 60.2 59.7 57.1 56.2 56 55.3 51.7 48.4 42 31.2 30.5 37.7 41.5 38.9 41.7 36.3 28.3 27.4 25.9 24.7 25.2 34.3 30.8 32 21 1.5 -0.6 -2.3 -2.3 -2.3 -2.3 -2.3
76.2 74.5 74.9 73.1 70.3 64.8 60 55.9 51.8 48.6 47.1 46.8 49.1 55 57.8 59.5 61.1 60 58 60.6 65.8 69.5 72.1 81.4 89.2 93.9 96.5 96.1 97.1 96.4 93 88.5 84.5 81.3 78.2 74.7 72 69.5 67.2 64.9 62.7 58.8 59.4 60 59.7 59.9 61.8 62.3 62.1 61.9 62.8 62.2 61.4 60.7 57.1 54.7 53 48.4 45.6 41 36.7 27.8 27.6 34.1 35.1 32.5 36.4 42 12.8 12.5 25.1 22.3 10.4 28.7 29.8 22.6 11.3 0.1 -2.3 -2.3 -2.3 -2.3 -2.3 -2.3
74.4 72.8 72.8 70.4 67 60.9 56 51.5 47.4 45 44.5 45.2 49.2 52.4 53.4 55 56.8 56 55.7 57.2 58.5 63.3 67.1 74.5 82 91.2 93.5 95.6 98.7 97.8 95.8 93.2 87.7 83.9 80 75.9 73.1 70.7 68.4 65.9 63.4 60.9 60.2 61.5 61.3 61.8 64.1 66 65.8 65.6 64.8 65.1 64.9 63.4 59.9 58.1 52 45.1 39.8 31.7 31.1 25.5 26.3 33.1 29.5 26.8 29.9 40.2 15.8 11.5 21.4 11.2 9.7 14.3 24.5 27.2 2.1 -2.3 -2.3 -2.3 -2.3 -2.3 -2.3 -2.3
72.9 71.5 70.5 67.4 64.6 59.3 54.3 48.7 44 41.8 41.9 43.9 46.8 49.1 49.2 49.9 50.8 51.8 53.6 55.6 55.3 55.9 59.7 68.2 75 80.3 87.6 92 97.9 98.4 96.5 94.1 91 85.8 81.7 77.6 73.7 70.3 68.1 66.5 65 63.3 61.4 61.7 64.7 64.7 66.3 68.9 69.5 69.2 68.1 67.5 69.6 67.1 62.4 56 49 41.7 38.8 27.2 23.8 21.1 24.1 27.5 23.2 22.1 22.2 24.1 30.3 12.4 17.1 24 14.4 25 27.2 27 -2.3 -2.3 -2.3 -2.3 -2.3 -2.3 -2.3 -2.3
71.7 68.8 66.9 65.1 62.5 58.2 54.1 50.1 43 40.2 40.5 42.5 44.4 45.1 45.2 45.3 46.2 47.9 50.6 52.5 52.2 52.8 56.5 62.7 68.1 73.3 76.9 84 95.2 97.4 95.9 94 91.7 87.6 83.3 78.9 74.7 70.9 69 67.3 65.4 63.8 62.5 62.2 64.7 67.1 68.5 71.8 73.3 72.8 72 70.8 70 67.9 63.9 58.4 43.6 40.5 37.2 26.1 21.7 18.8 20.6 20.7 19.5 18.1 17.1 15.7 15.5 20.2 12.5 20.1 19.4 21.7 13.5 -2.3 -2.3 -2.3 -2.3 -2.3 -2.3 -2.3 -2.3 -2.3
69.6 67.3 65.9 64.2 62.1 57.2 54.9 52.5 43.9 38.9 39.5 40.7 42.4 41.9 41.5 41 42 43.8 46.5 48.8 48.7 51.4 55.5 59.2 62.8 69.2 71.4 77.4 89.2 94.5 95.2 93.8 91.5 87.4 84.2 80.2 77.1 71.8 69.8 68.1 66.2 64.5 63.6 63.1 65 68 70.9 74.1 76.3 75.8 75 73.6 71.5 68.4 65.1 61.1 44.6 45.6 32.6 23.7 19.7 17 16.4 16.4 15.7 13.8 3.5 3.2 3.8 3 2.7 2.1 1.9 -2.3 -2.3 -2.3 -2.3 -2.3 -2.3 -2.3 -2.3 -2.3 -2.3 -2.3
67.1 66.2 64.9 63.3 62.1 60.4 57.9 53.4 43.8 38.1 40.8 41.4 39.6 38.9 37.7 37 38.6 40.3 43 45.3 46 50.4 55.4 57.7 60.3 63.5 66.5 73.6 80.7 86.9 91.9 92.3 91.4 88.2 85 83.1 78.7 72.1 70.7 69.2 68.1 66.8 65.2 64.4 66.1 69 72.2 75.7 78.9 78.5 76.8 75.4 72.7 70.1 66.7 62.6 51.9 45.3 27.9 20.4 18 15.7 13.2 12.7 3.3 2.3 1.7 1.4 1.2 0.5 -0.3 -2.3 -2.3 -2.3 -2.3 -2.3 -2.3 -2.3 -2.3 -2.3 -2.3 -2.3 -2.3 -2.3
