STL Generation/terr50_gagg_gb/data/SH81.asc
ncols 200
nrows 200
xllcorner 280000
yllcorner 310000
cellsize 50
[rows 70 to 104 of 200, columns 79 to 157 of 200]
123.3 127.6 132.1 131.4 133.1 137.1 141.1 142.1 144.4 149 157.6 170 184.5 200 218.8 238.5 258.6 277.2 299.4 323.9 348 369.5 394.7 421.8 449.3 479.4 515.4 537.3 538.3 538.2 536.9 532.3 498 461.9 439.9 415.9 401 385.1 376.4 369.4 355.2 336.2 311.8 289.3 271.8 238.7 207.9 178.1 149.5 127.2 108.9 106.3 105.9 109 111.1 120.4 131.3 149.2 161.6 178.8 202.4 222.6 243.8 265.1 278 279.3 272.4 263.2 256.1 251.2 249.6 252.8 262.5 270.6 277.1 274.8 265.2 271.3 285.5
121.4 124.2 129 129.5 128.5 130.5 133.2 135.5 133.4 139.1 149.3 158.7 170.2 186.5 202.7 219.1 237.9 260.7 285.3 310.9 332.8 357.1 382.7 410.6 439 469.4 509 531 534.9 536.1 534.1 531.9 525.2 501.1 478.7 455.5 442.2 429.5 425.1 411.5 391.3 362.5 333.6 312.6 293.7 265.2 229.8 197.5 166.4 138.6 116.1 107.5 105.3 107.7 109.1 118.2 129.5 144.5 157.4 175 197.9 219.6 241.8 265.4 282.8 289.7 285.1 287 281.5 274.8 268.2 265.4 268 270.6 273.2 262.7 245.1 267.1 264.9
120.2 121.6 120.7 121.7 124 124.8 125.4 128.6 124.6 132.1 139.9 147.8 156.8 171 181.1 202.4 223.2 244.6 272.1 295.4 319.7 345.7 372.1 401.4 428.8 461.3 498.4 524.4 529 531.9 531.5 527.1 522 519 515.2 501.1 487.1 476 464.5 439.5 409.5 378.2 348.3 329.1 305.9 278.1 248.9 215 183.1 153.5 129.1 111.3 107.8 107.7 108.1 113.9 126.3 139.3 155.5 175.1 197.6 218.9 244.9 263.9 276.8 282.2 285.8 294.8 297.7 298.7 297.6 289.7 281.5 271.6 270.5 254.6 239 249.2 244.4
117.5 118.8 114.8 115.5 117.7 121.7 123.6 119.5 119.1 126.9 133.3 139 146.3 149.7 163.7 185.6 207.4 229.7 254.7 280.2 307.1 333.4 360.5 389 417.2 452.5 488.2 515.2 520 525.9 524.7 520.2 519.7 519.7 519.9 519.8 510.3 499.9 481.9 454.9 420.1 387.2 360.4 337 314.9 287.8 258.7 229.3 195.5 165.2 137.9 120.1 108 107.3 106.2 108.3 121.4 135.9 155 176.3 200.6 225.2 251.5 264.1 269.6 272.3 281.7 291.8 298.2 298.7 298.2 285.9 274.1 261.5 258.4 241.7 218.7 229.3 222.1
120.9 115.6 113.8 112.8 114.3 116.6 119.1 113.4 117.4 125.4 124.7 130.3 137.8 143 153.2 171.2 193 216.7 241.2 267.1 292.9 319.4 348.1 375.5 406.4 440.8 477.2 504.8 509 513 511.4 516.7 520.7 521 519.8 520.5 512.5 500.1 489.8 466.5 428.1 394.6 369.2 344.2 319.8 293.7 264.7 236.6 205 176.1 149 125.7 108.9 104.4 104 107.6 121.9 136.8 156.2 179.5 205.4 229.4 249.8 255.9 255.9 263.3 273.7 283.6 284.5 283.9 288.3 272.4 259.7 247 238.6 225.6 194 198 198.9
131.3 123.2 117.5 114.5 112 111.4 110.6 110.9 114.4 119.8 119.5 124.3 129.7 137.8 148.4 165.4 182.7 205.4 228.5 253 279.1 306.5 335.1 363 393.8 428.4 464.3 487 494.7 498.6 500.7 508.6 512.9 519.1 519.7 520.4 508.5 499.5 490.8 475.4 438.1 405.6 374.8 348.9 324.1 297.4 269.8 241.5 211.5 183.5 155.1 133 111.2 104.1 103.2 106.3 119.2 136.1 159.3 183.9 206.6 231.5 243.6 248.1 238.9 247.6 256.8 263.4 263.1 264.5 264.4 255.8 243.6 231.4 219.2 209.3 192.2 168.6 179
147.7 133 123.6 117.1 113.5 110.9 109.3 108.1 109.1 109.8 112.6 118.1 123.9 132 142.6 155.7 172.5 193 215.5 239.2 265.6 292.7 321 350.7 382.4 418.9 453.1 466.6 475.1 484.6 490.4 500 504.3 513 517.1 515.6 510.1 499.6 491.7 482.5 454 416.9 382.9 354.8 333.1 304.7 277 248.2 218.5 190.9 162.6 136.4 114 105.5 102.1 103.1 118.1 135.5 164.8 187.2 208.3 226.1 231.9 228.1 222.3 229.6 239 243.3 245.7 247.7 246.2 238.7 227.3 215.2 204.5 193.6 178.7 161.6 154.8
162.4 144.5 130.8 120.2 115.8 112.6 110.9 108.2 108.3 107.2 107.7 111.1 117.2 123.8 130.8 143.5 162.8 182.2 203.8 227 251.9 279.6 307.6 338 371.2 407.4 438.5 446.6 455.5 468.1 477.6 487.5 494.6 504.5 511 509.6 506.2 498.4 492.1 480.1 463.5 430.9 394.1 363.1 337.3 309.8 283.3 255.8 224.3 197 168.2 141 117.2 104.8 102.1 104.8 119.7 137 165 185.2 207.4 220.3 215.7 210.7 207 214.4 221.7 227.9 229.6 229.1 227 219.4 209.4 199 190.6 178.9 166.2 154.3 139.4
177 154.6 135.4 123.6 116.9 113.8 112.7 113.1 110.3 106.3 106.4 108.9 111.6 114.1 123.4 134.8 152.4 172 193.3 216.4 238.7 263.8 292.9 325.6 359.8 397.2 415.4 422.5 434.8 449.5 461.9 473 483.5 495.6 502.2 502.1 500.6 497.2 492.5 484.2 464.5 444 415.2 379.9 349.7 317.9 290.9 262.4 230.2 202 174.2 144.4 119.9 102.9 100.2 106.6 121 140.7 161.8 181.4 200.8 202.9 197 191.3 191 197.6 205.2 212 213.3 211.5 206.7 200.6 193.3 184.8 175.3 163.1 150.9 139.7 131
193.1 168.1 146.2 129.7 121.6 117.3 115.1 114.5 111.8 107.9 104.9 106.4 108 109 116.2 124.2 140.4 159.8 179.9 203.4 226.7 249.1 280.1 312.7 346.5 380.9 392.5 399.1 410.7 426.2 442.4 455.8 469.7 482.1 491.2 490.2 491.5 493.6 488.5 478.3 456.7 449.6 428.1 393.7 361.1 329.1 297.9 271.2 238 206.7 178.3 148.1 122.2 99.7 99.7 107.3 121.4 140.7 156.4 176.4 189.8 185 178.6 170.8 172.7 180.2 189.1 196.7 196.9 193.3 190.5 184 178.7 170 160.5 149.5 136.5 126.3 119.2
204 179.2 158.7 139 131.5 124.5 116.6 114.7 113.8 111.9 108.4 105.8 105.4 106.7 109 118.5 130.3 148.9 169.4 190.5 213.4 234.4 268.1 301.2 335.9 354.7 364.5 372.4 388 406.7 421.3 436.2 452.1 467.1 476.8 477.5 484.1 486.6 480.9 466.4 449.3 439.8 422.2 387.5 364.3 342.7 312.8 283.6 243.3 207.5 181.6 153.6 128.7 111.1 99.7 101 119.4 138.7 152.3 164.9 176.2 169 159.8 150.1 154.9 163.9 174.7 179.8 180.6 177.9 174.9 170 164.6 155.9 146.7 135.9 124.8 115.6 109.6
211.6 189.2 167.6 145 136.2 126.6 119 115.2 114 112.7 110.2 106.9 105.6 105.4 108.4 113.1 122 138.4 158.2 176.1 195.9 223.3 256.1 292 323.4 333.1 334.6 347.1 362.6 384 398.5 413.9 431.3 444.6 455.1 459.2 465.7 473.1 469.5 452.8 441 424 404.6 379.1 356 331.4 305.4 275 239.8 206 179.9 155.3 134.2 115.7 99.8 99.1 117.3 133.6 143.8 151.4 151.9 147.4 140.5 129.9 137.7 147.9 157.7 163.1 164.1 162.8 160.6 156.4 151.2 144.6 136.3 125.5 114.6 108.7 114
225.7 202.1 180.2 159.7 142.6 128.5 120.3 116.1 114 112.7 110 108 106.7 105.4 105 109.9 114.6 128.1 145.7 164.2 184.6 208.9 237.8 269.4 298.1 306.6 310.1 321.1 339.1 359.6 375.1 390.5 407.7 417 432.9 441 448.8 454.4 453.6 435 426.4 405.4 383.5 362.7 338.6 312.1 289.5 258.5 228.6 199.2 175.4 154.7 136.5 119.1 103.7 100.2 114.8 124.9 130.4 135.9 133 129.9 121.4 113.8 121.5 131.7 141.5 148.1 149.5 149.6 147.9 144.2 138.4 132.4 126.3 117.3 109 113 121.7
246.1 215.4 194.4 172.2 154 137.2 124.2 116 114.5 114.1 112.2 114 108.3 106.2 104.7 103.4 107.7 118.4 134.4 150.2 167.4 189.3 211.8 236.7 262.7 271.1 280.7 295.7 316.5 332.9 348.3 364.3 377.4 386.1 402.7 416.2 429.1 430.6 427.7 414.9 399 379.9 359.3 336.8 314.5 291 269 240.3 215.1 187.7 169 151.4 134.6 120.2 106.9 97.9 100.9 108.7 115.2 117.6 115.5 113.4 105.2 105.8 110.3 120.6 131.8 135.3 135.8 136.7 135.2 130.6 126.8 120.4 114.8 110.3 112.6 123.7 135.7
268.6 233.2 208.3 184.7 163.2 142.4 128 119.7 117.1 117.1 112.7 112.7 112.4 106.7 104.8 104.3 100.7 108.5 122 132 151.3 170.5 187.5 205.3 228.5 240.3 249.7 266.7 289 302.2 321.5 334.1 346.8 354.5 373.8 384.4 396.1 403.2 401.2 390.1 372.4 355.8 333.8 312.1 291.2 270.3 244.1 221.7 199.2 176.7 160.7 144.5 131.3 120.5 111.7 100.3 96.7 95.5 101 100.3 99.9 98.7 99 101.1 104.9 115.6 121.4 125 126 126.1 123.9 121.1 116.4 110 108 115.6 129.4 141.8 153.5
281.7 252.3 225.6 196.9 170.9 148 132.8 122.1 119.5 119.7 118.5 111.6 112.5 112.1 106.6 103.9 96.6 100.2 109.1 118.7 132 149.4 165.6 179.8 197.1 214.1 223 238 254.7 271.9 293.7 306 309.5 316.5 335.2 350 358.4 365 365.6 362.8 345.6 330 307.5 286.8 266.1 246.9 222.6 201.5 182.9 164.2 148.7 136.2 124.5 115 108.7 99.7 93.4 91.1 98.7 98.7 97.9 98.4 99.1 99.2 99.1 101.6 113 115.5 117.1 116.4 114.5 110.9 106.2 111.3 121.2 137.2 148.3 160.3 173.3
278.3 258.8 233.8 207.7 181.2 158.8 138.7 124.4 121.8 120.9 119.6 117.5 111.2 107.7 106.1 92.8 94.6 96.4 97 102.6 115.8 128.9 142.8 155.7 172.2 185.8 198.8 208 224.7 241.1 265.6 273.5 275.9 276.9 292.8 308.4 314.6 322 323.5 327.1 317.6 301.7 281.5 262.8 243.5 222.2 203.6 184.5 165.5 150.8 138.5 127.3 117.6 108.7 99.8 92.2 90.4 96.2 99.6 102.1 103.4 104.7 108.1 108.6 109.3 106.8 99.4 99.5 100 102.5 104.1 109.9 117.4 127.5 142.2 153.8 167 179.8 192.9
265.8 248.2 228.7 207.3 185.2 163.7 143.5 126.5 122.8 120.1 119.5 112.4 108.7 110.7 103.1 94 91.5 90.8 90.4 92.5 98.5 108.6 124.1 135.7 143.9 156.8 173.7 180.6 197.2 210 225.1 234.7 236.9 243 256.7 268.2 272.9 279.7 288 289 287.7 274.2 258.1 242 221.8 201.7 184 167.5 152.2 139.2 127.9 119.2 110 101.5 93.1 89.9 89.6 103.3 111 116.9 118.7 123.8 126.9 125.6 126.5 124.8 120.1 114.1 115.1 115.8 123.8 128.7 139.5 152.5 163.8 175.5 188.4 202 215.9
251.7 234.5 215.9 196.8 178.2 160.8 143.5 131.1 124.5 120.1 118.2 111.1 107.7 107.4 111.1 109 107.3 95.7 89.8 88.8 87.9 93.9 104.4 113.9 118.3 134.3 147.7 156.6 168.6 180.9 192.2 200.9 204.6 212.3 221.8 232.7 242 247.5 252.6 257.2 257.6 249.6 234.4 220.7 201 182.2 167.4 153.7 139.3 127.6 119.2 111.5 104.3 96.4 90 88.6 100.2 117 126.2 131.7 138.7 146.1 150.2 144 148.3 146.2 142.2 138.2 139.6 140.3 147.6 153.2 164.2 176 186.2 197 208.8 223.1 234.9
232.5 217.9 199.2 182.7 167.4 152.8 139.2 128.3 121.7 120 113.4 113.6 115.4 114.8 112.5 111.8 112.6 110.4 99 89.6 89.2 88.8 91.6 94.2 104.4 116.6 124.8 131.5 142.3 152.3 162.7 170.7 178.6 185.5 193.5 202.3 211.8 217.2 222.3 223.7 222.1 218.4 208.8 196.6 181.3 166 151.8 138.3 127.2 118.2 110.9 104.2 97.8 92.3 89.8 99.1 117.2 128.5 139 148.1 159.8 171.5 176.4 167.1 170.3 170.3 169.5 168.5 165.2 167.9 173.8 181.7 190.3 200.4 209.3 220 232.4 244.7 254.9
212.9 198.3 183.1 169.1 154.2 141.3 133.2 124.6 123 122.4 121.6 121.5 119.5 117.9 116.8 116.1 112.8 112 109.4 105.8 92.1 89.2 88.3 88 89.5 95.6 104.3 109.6 118.9 129.6 137.8 143.6 152.3 159.2 166.5 176.7 183.8 188.3 192.8 194.6 192.2 187.5 182.5 173.6 162.5 150 138 126.1 118 110.5 104.4 97.5 90.6 89.3 96.3 114.4 131.1 142.5 155.1 168 186.7 194.1 196.5 189.1 194.4 195 196.9 196.9 193.2 194.9 202.8 209.5 216.9 225.5 234.4 244.7 255.7 265.9 277.7
191.9 177.3 167.5 155 141.2 128.8 132.3 131.6 130 128.7 128.5 128.5 127.1 125.7 124.9 122.4 119.2 115.2 111.6 109.1 98.9 93.2 89.7 88.5 87.9 88.1 88.5 90.2 96.9 107.9 114.2 123.9 130.5 133.8 141.4 151.4 158.2 161.4 165.4 168.1 167.7 163.8 161.1 153.4 144.5 136.3 126.3 116.7 111.4 103.3 98 92.6 89.2 96.8 110.9 126.3 142.8 158.1 174.7 190 201.3 213.5 212.1 210.1 214.5 217 221.4 224.1 226.6 230 234.1 239.6 245.2 251.9 260.2 269.4 278 284.6 289.6
173 161.4 151.4 143 135 137.4 139.6 138.3 138 137.4 137.9 137.9 137 134.2 132.6 128.4 125.2 123.1 118.5 111.6 107.4 101.6 99 90 88.2 87.7 87.7 87.4 87.5 89.1 90.7 100.6 108.5 111.2 118.7 126.4 133.1 137.3 140.5 143.2 143.4 142.5 142.4 136 130.5 125.3 116.4 108.9 104.4 99.8 93.9 89.7 96.9 108.1 122.1 138.4 157.9 175.7 192.7 209.2 224.2 229.1 227.6 229.1 232.1 236.2 241.9 246.6 252.1 258.5 264.4 269.8 274 279.6 286.4 296.3 296 291.6 290.4
156.5 149.5 140.8 133.9 139.2 148.8 148.5 147 146.8 148.5 149.6 148 148.5 146.8 144.8 139.5 135.7 133 127.9 121.2 115.7 108.8 105.5 99.8 91.5 87.5 86.1 86.1 85.6 86.4 85.7 84.1 85.3 92.3 97.2 103.2 111.4 116.6 121.1 124.2 125.5 126.5 125.5 124 119.2 114.1 107.3 101.6 97.4 92.9 89.3 95.5 105.6 118.6 135.6 157.7 175.2 191.6 209.5 228.5 242.7 242.4 241.4 246.8 250.8 256.2 261.1 268.8 276.4 284.1 291.3 297.1 300.2 299 302.8 301.6 297.6 290.4 280.3
142.6 139.1 138.1 143 150.7 159.1 159.6 160.6 161.9 163.2 165.1 164.3 164.7 162.1 160.3 157.8 154.2 148.8 142.5 134.9 122.6 124.2 116.5 107.5 102.6 101.8 96.1 89.1 85.1 86.3 84 83.7 83 83.1 83.3 88.3 94.9 102.1 108.5 110.3 112.9 115.8 113.1 110.1 105.6 100.1 98.3 94.6 90.9 89.2 94.9 106.1 116.9 130.8 149.4 171.8 188.7 205.2 228.1 247.6 251.7 255.2 256.9 262 267.2 272.7 277.6 286.8 294.5 307.5 314.4 316.7 316.1 312.7 308.8 300.7 285.6 275.6 266
138.8 138.9 149.9 156.6 161.9 168.5 172.5 176.9 177.5 179.1 181.6 183.1 182.8 181.3 179.2 177.1 174.1 169 161.3 154.4 138.9 138.3 132.2 125.3 116.4 107.5 104.8 100.6 96.9 92.9 86.8 83.4 82.9 82.7 82.2 81.8 86.7 91.8 99 100 104.6 105.4 101.6 95.6 91.7 91.2 91.8 89.1 86.7 93.2 103.1 113.6 126.5 144.5 173.7 185.5 195.9 219 243.8 253.7 254.4 259.6 264.6 269.7 272.8 282.1 289.4 296.8 314 325.7 327.7 324.9 320.5 315.5 305.9 291.4 273.2 262.1 252.2
141.4 153.2 161.7 171.2 177.6 184.3 191.3 195.2 195.3 197 199.5 202.6 203.6 203.8 202.1 201.1 198.7 191.5 182.6 173.7 159.8 158.7 154.1 144.7 137.5 129.8 120 111.5 107.4 102.4 97.1 92.6 88.7 86.3 84.1 82 82.3 81.4 82.6 88.3 92.5 93.5 89.2 86.3 85.4 83.8 84.9 83.5 90.3 102.9 109.6 121.3 139.2 169 181 184.4 200.2 224.8 244.8 250.6 248.7 252.7 260.3 266.1 272.6 285 298.4 314.1 329.7 339.6 331.9 324 316.7 308.3 296.7 278.8 261.3 248.7 238.5
149.3 161.2 173.9 185.3 193.6 200.9 208.1 213.1 216.7 219.4 219.9 222.7 224.2 225.3 227.7 227.7 225.4 220.5 210.6 194.9 183.2 185.8 176.7 168.8 161.5 153.8 140.8 126.7 121 109.9 105.7 99.2 96.7 94.2 92.4 89.1 83 81.6 82.4 80.7 80.6 81.5 83.7 82.3 82 80.2 80.6 90.3 98.2 105.3 114.4 124.8 154.1 171.9 171 181.4 206.4 226.5 232.5 234.2 234.4 239 247.3 258.3 268.8 291.4 307.8 323.1 333.2 336.8 330.1 319.9 308.3 296.9 283.2 266.3 248.7 235 225.3
158 172 187.6 202 210.2 217.2 223.6 228 232.8 237.7 242 246.7 249.9 252.6 254.4 257.1 255.4 250.1 238.7 218.5 213.9 210.9 202.4 197.8 184.5 173.6 164.3 152.8 139.8 126.9 115.1 109.1 104.7 101.7 98.9 94.5 91.9 90.2 87.7 81.9 81.4 80.3 79.7 79.8 79.3 79.2 82.1 87.7 97.2 106.6 118.8 132 151.3 159.7 167.8 186 199.3 207.4 210.3 219 227.3 233.6 241.6 251.3 270.2 298.1 316.4 327.1 329.2 328.5 320.6 310.6 299.8 286.2 272.7 254.9 234.6 221.6 212.3
168.2 184.5 203 214.9 225.7 232.9 239.7 245.8 253.3 261.1 268.3 274.1 277.9 285.2 287.2 290.8 290.9 285 272.7 250.7 247.3 250.1 234.4 225.6 212.6 201 189.6 178.6 161.1 142.3 131.4 119.2 112.2 107.5 102.7 97.6 94 91.5 92.1 87.1 80.9 79.7 79 79.1 79.5 80 82 85.4 94.3 105.6 119.6 127.8 141.4 160.2 174.9 183.7 193 206.8 219 229.9 241.1 253.3 264.4 273.9 291.9 312.2 322.5 325.3 321.5 319 309.2 299.8 289.4 277.4 262.1 242.4 221.7 207.7 203.3
180.5 200.8 218.3 230.9 239.7 247.9 258.2 267.2 276.4 285.9 295 304 314.1 326.7 333.5 334.2 332.6 329 312.4 286.4 280.5 272.5 265.7 255.3 252.2 243.1 229.6 208.6 189.7 166.6 149 137.1 124 113.1 108.4 102.8 96 92.4 92.5 90.3 80.6 80 79.8 79.6 80.4 80.8 81.9 83.8 91.3 104.2 119.8 131.4 144.2 159.4 169.7 180.5 195.4 214.9 230.7 247.4 258.3 266.5 277.1 292.4 306.8 316 319.9 318.9 313.3 307.4 301.6 291.5 278.6 266.4 251 231.3 212.9 201.7 197.4
192.9 212.3 228.5 241.9 252.6 265.2 277.4 287.8 298.8 310.3 324.2 339.4 353.3 364.3 373.3 379.4 376.6 366 348 327.7 322.2 308.2 300.1 295.3 291.7 286.7 275.1 257.3 227.1 198.4 175 154.8 137.2 122.9 113.1 107.6 98.7 93.8 92.6 89.5 81.4 80.4 80.3 80.1 79.9 85.6 81.1 82.5 90.6 107.3 124.2 135 147.1 162.6 171.6 182.9 202.2 226.8 242.9 253.4 263.1 273.4 284.7 302.6 308.5 309.7 310.5 307 301.3 292.3 285.3 276.1 264.5 252.4 236.8 218.2 203.2 193.3 200.8
202.6 223.5 239.2 253.6 267.6 281.4 294.6 309.6 323.3 338.6 355.8 372.5 391.1 406.2 416.2 417.6 408.7 396.9 382.4 376.1 370.1 356.8 355.3 342.8 327.3 321.9 311.7 292.9 270 239.4 208.2 180.7 161.1 142.7 126.2 113.4 102.4 95.4 93 89.8 79 79.1 79.2 79.3 79.4 79.1 81.5 84.3 100.7 114.4 129.5 137.9 149.5 160.9 169.4 178.5 205.3 226.3 240.2 248.8 257.6 268.9 281.8 296.1 301.7 298.6 295.4 290.4 286.1 277.3 268.8 259.4 248.2 238.9 225.7 207.4 193.4 190.8 205.9
213.3 233.3 247.7 267.3 284.3 298.1 314.5 333 353.7 368.9 391.4 409.9 425.1 436.2 434 427.5 419.4 412 406.9 406.2 403.3 393.9 393.6 388.4 372.7 358.3 353.7 329.4 301.4 268.9 233 202.7 178.7 158.6 140.4 121.7 109.7 99.9 94.1 77.2 78.5 78.6 78.7 78.8 78.9 78.5 83.5 88.5 107.3 125.9 143 146.3 150 159.3 167.4 178.8 199.6 216.2 229.4 239.9 248.2 262.5 273.1 286.4 290.1 287 281.9 275 268.6 261 250.8 242.4 232.7 223.3 211.7 197.6 186.6 196.5 213
223.7 243.7 265.9 283.3 301.4 316.9 339.3 361.9 382.3 403.6 426.9 443.1 450.5 445.6 438.4 431.8 425.5 421.9 417.6 415.4 412.3 406.7 403.2 395.3 389.3 383.9 370.4 356.4 335 300.6 261.9 222.5 185.3 165.2 150.1 129.3 113.6 100.8 92.5 77.9 78.1 78.1 78.2 78.3 78.4 77.9 78.6 93.5 113.9 134.3 162.6 168.6 162.4 164.4 170.7 181.5 190.5 205.2 215.9 230.1 243.4 258.4 268.1 277.6 276.4 272.7 264.9 258 251 244.3 233.6 225.7 218.7 210.5 199.8 186.2 188.1 199.6 216.3
