STL Generation/terr50_gagg_gb/data/SJ08.asc
ncols 200
nrows 200
xllcorner 300000
yllcorner 380000
cellsize 50
[rows 156 to 194 of 200, columns 86 to 171 of 200]
4.6 4.5 4.6 5 5 4.6 4.1 3.7 3.7 4 4.2 4.4 4.5 4.2 4.4 4.5 4.4 4.9 3.1 4.5 4.9 5 4.9 4.8 4.9 5.1 5.4 5.5 5.5 5.9 6.1 6.1 6.2 6.6 8.4 9.7 11 12.6 13.9 15 15.9 15.9 16.2 17.1 19.1 22.2 25.8 28.1 29.3 30.4 33.5 35.4 37.9 41.6 45.5 49.5 56.4 68.6 83.6 94.1 106.6 120.4 126.9 133.9 141.2 152 159.9 164.2 166 165.1 164.3 161 159.3 163.4 163.9 176.3 184.1 186.5 192 195.2 198.6 199.8 199.5 199 197 196.7
4.4 4.3 4.5 4.9 4.7 4.5 4 3.7 3.7 3.8 4 4.2 4.2 4 3.7 4.7 5.3 5.5 4.5 4.5 4.8 4.6 4.4 4.6 4.8 5.1 5.5 5.5 5.6 6.2 6.4 6.1 6.3 8.2 9.5 10.5 12.4 14.5 14.8 15.5 16.4 16.4 17 18.2 20 25.5 26.5 27 28.8 30.6 34 37.8 41.3 44.1 48 52.6 61.4 74.6 96.1 107.3 117.1 124 136.5 140.6 150.9 161.3 169.1 173.5 175.1 174.7 174.1 173.2 170.8 171.1 175.8 180.7 188.6 192.7 193.8 199 202.7 205.6 205.5 206.7 204.4 202.6
4.3 4.2 4.4 4.6 4.4 4.2 3.8 3.8 3.8 3.8 3.1 4 4.1 4 3.7 5.2 5.6 5.6 4.6 4.5 4.3 4.1 4.2 4.6 5 5.3 5.7 5.6 5.6 6.5 6.7 6.1 8 9.7 11.4 13.3 14.8 15.6 15.8 16.4 17.1 17.3 17.8 18.9 21.2 24.6 26.7 28.3 29.6 32.8 36.7 40.7 44.4 47.4 52 57 65.7 87.1 108.6 121.9 129.5 136.9 146.6 152.9 157.6 168.1 175.5 182.1 184.3 184 183.5 182.4 183.9 182.8 184.2 188.3 193.4 197.9 202.6 204.5 207.8 210.9 209.1 207.9 206.9 205.2
4.3 4 4.3 4.4 4.1 3.9 2.6 3.9 3.9 4 3.9 3.9 4 4 3.9 5.1 5.7 5.7 5.2 4.3 4.1 4.7 5.1 5.3 5.3 5.4 5.8 5.8 5.8 6.1 6.8 8.2 9.7 12 13.9 14.8 15.3 16.1 16.4 16.6 17.4 18.3 18.7 19.3 21.6 25 26.5 28.2 30.1 33.7 37.9 43.1 47.1 51.7 56.5 62.1 74.5 101.8 122.3 139.9 144.8 149.4 156.9 161.3 164.8 171.8 179.9 189.5 191.9 191.7 192 191.4 193.7 193.1 193.9 195.3 199.9 204.9 208.5 208.8 210.5 209.8 209.3 208.7 209.3 208.7
4.3 3.9 3 4.3 4 4 4 3.9 4 4.1 4 3.9 3.8 3.9 3.9 5.3 5.8 5.9 4.9 4.7 4.1 5.3 5.7 5.7 5.7 5.7 5.9 6 6 5.7 6.3 8.7 11.6 13.7 14.9 15.3 15.9 16.6 16.8 16.6 17.1 18 18.2 21.1 23.2 25 26.7 29.2 31.5 34.5 38.5 44.8 50.2 54.7 60.1 68 83.8 116.5 133.4 149.3 153.1 156.1 167.1 171.6 174.8 178.4 185.9 192.8 196.8 198.8 199.9 202 203.3 201.6 202 202.7 205.2 210.2 211.1 210.5 210.9 209.7 209.8 211.8 212.1 213.4
4.3 4.3 4.2 4.3 4.3 4.2 4.1 4 4.1 4.1 4 3.9 3.8 3.8 3.9 5.5 5.9 6 5 5.5 5.7 5.8 5.2 5.4 6 7.1 6.6 6.2 6.1 6.2 6.8 8.6 13.2 14.9 15.4 15.7 16.4 17 16.5 16.8 16.8 17.2 20.2 21.5 23.8 26.4 27.2 30.5 33.4 35.7 40.5 46 52 56.2 62.7 73.6 97 123.5 138.9 154.5 159.5 163.5 177.4 182.5 186.9 187.5 190.6 198.9 205.1 207.4 210.5 211.5 212.2 211.2 211.1 211.3 213 213.6 212.9 213.3 213.9 215.1 215.9 218.1 219.3 218
4.2 4.2 4.2 4.3 4.5 4.3 4.2 4.2 4.2 4.1 4 4 3.9 3.8 4.4 5.6 5.6 5.6 5.9 7.1 7.3 7.4 6.9 7 8.6 8.9 8.4 8 8 7.3 7.5 7.9 11.4 15 15.9 16.1 16.6 16.7 16.7 16.6 16.3 16.9 21 23.1 24.4 26.5 28.7 32.5 36.6 38.9 41.4 48.4 52.2 59.8 68.3 84.2 87.7 137.4 145.9 159.9 165.9 170.7 184.7 194.4 197 195 196.5 206.4 215.3 218.8 219.6 219.5 222.1 219.5 218 216.1 216 216.8 216.9 218 220.2 223 226.1 225.7 227.7 227.8
4.3 4.1 4.2 4.3 4.5 4.4 4.3 4.3 4.3 4.2 4.1 4.3 4.4 4.9 5.4 6 6.6 7 8 8.6 8.6 8.5 8.9 9.7 10.2 10.8 11 10.7 8.8 7.9 7.6 7.4 9.2 10.6 13.2 14.7 15.9 16.4 16.1 15.2 14.6 17.5 21 22.4 25.5 27.5 30 34.3 37.4 39.8 45 50.4 56.1 62.5 76.6 94.4 101.3 147.6 154.3 165.8 173.3 177.5 188.1 197.8 201 199.9 202.5 212.5 221 223.9 224.3 232.2 229.5 225.6 222.7 220.8 219.8 221 222.8 223.4 225.1 227.7 231.2 233.5 234.1 233.5
4.3 4.3 4.3 4.4 4.5 4.5 4.4 4.5 4.6 4.7 4.9 5 5.5 6.3 7 7.6 8.2 8.9 9.5 10.1 10.4 11.1 11.7 12.5 12.2 13.2 12.6 11.2 10.2 7.8 7 7.2 7.5 8.6 8.5 9.9 11.1 12.3 13.1 12.7 13.8 16.4 19.1 22.8 25.3 28.3 31.4 35.3 38.9 42.5 47.4 53.9 59.2 70.9 84.6 111.3 155.3 163.2 163 170.3 179.4 182.1 188.4 197.1 200.7 202 206.8 215.4 223.1 226.8 229 230.1 229.9 228.1 225.8 223.3 221.9 222.6 222.4 221.4 224.2 230.3 235.2 237.4 237.3 236.4
4.8 4.6 4.8 5 5.2 5.2 5.1 5.2 5.2 5.5 5.6 6.3 7.3 8.2 9 9.5 10.1 10.6 11 11 12.8 13.2 14.3 15.4 15.2 15.6 15.7 11.1 9.8 7.7 7.1 7.3 7.4 7.5 8.3 8.7 8.3 8.1 9.5 10.7 12.6 15.9 20.9 24 27.1 29.9 32.7 38.1 42.1 45.8 51 56.3 66.2 79.7 109.1 149.8 167.9 170.7 168.3 172.9 181.4 184.4 187.5 192.4 198.2 202.4 205.9 215.9 223 228.6 229.7 230.1 229.3 227.5 224.3 221.1 218.4 215.6 214.8 216.4 222.3 229.3 233.8 235.1 234.5 233.6
5.7 5.8 5.9 6 6.2 6.4 5.9 5.7 5.7 6.2 7 7.9 9 10.2 11.2 11.8 12.1 11.8 12.4 12.6 13.7 15.2 15.9 15.9 16 16.5 17.3 16 10 8.4 7.5 7.3 7.4 7.6 8.1 8.9 8.1 8.5 8.7 9.2 13 20.2 25.9 28.1 29.9 32.1 35.2 39.5 43.7 47.1 52.2 59.6 71.4 91.2 128.5 160.8 175 178.8 176.1 177.9 181.9 184.1 186.5 190 197.5 202.6 205.6 213.3 223.9 230.9 232.2 231.5 228.9 225.9 221.9 218.6 214.6 210.7 209.9 212.2 218.5 227.3 234.1 234 228.7 226.3
6.4 6.4 6.5 6.6 6.8 7.2 6.8 6.3 6.8 7.6 8.4 9.5 11.1 12.1 12.8 13.5 13.4 12.9 13.3 13.8 15.2 16.6 17 17 17.4 18.3 18.3 16.7 12.3 9.7 8.5 8.4 8.3 8.9 10.1 12.4 12.1 10.3 9.4 9.2 13.7 19.9 26.2 30.2 32.3 33.6 37.9 41.5 44.6 48.1 53.5 65.5 83.8 111.5 146.6 175.2 185.9 184.2 183.1 183.9 185.4 186.8 187.2 188 195.6 202.9 205.9 213.3 223.3 227.9 230 230 227.2 223.5 218.9 214.5 210.3 206.9 205.1 208.4 214.5 224.5 231.2 228.3 222.3 218.6
7 7 7.1 7.2 7.6 8 7.8 7.3 7.9 8.6 9.4 10.9 12.6 13.3 13.9 14.4 14.1 13.7 14.2 15.8 17.1 17.7 18 18.8 19.7 19.7 19.1 17.2 15.9 13.2 12.2 11.3 11.5 11.4 13.2 13.1 12.5 11.2 9.6 9.5 14.9 19.4 25.2 30.9 32.9 37.5 39.6 42.4 44.9 49.1 55.3 69.5 97.6 128.7 161.7 184.6 196.2 192.9 191.8 192.2 190.6 191.2 188.3 188.5 195.9 201.7 206.3 212.2 219 222.4 224 225 222.9 219.8 215.6 210.4 205.9 203.4 201 203.1 211.7 217.4 220.3 216.6 214.7 213.5
7.7 7.7 7.7 8 8.4 8.7 9 8.5 9 9.6 10.5 12.1 13.5 14.1 14.7 15.2 15.1 16.3 16.9 17.7 18.6 19.3 20.1 21 21.2 20.8 20.2 19.5 19.1 17.1 16.6 15.1 15.8 17.9 13.9 13.4 12.8 10.6 10 11.1 16.4 23.4 27.8 31.7 34.3 38 39.8 41.8 44.8 50.6 61.3 79.1 108.1 142.3 175.1 198.5 205.8 200.9 197.7 195.3 193.8 191.8 188.7 187.2 192.3 196.8 200.9 208 213.4 216.3 218.1 220.2 218.6 214.8 210.4 205.6 201 198.4 196.3 197 204.2 206.5 206.3 205.3 206.7 208.2
8.5 8.4 8.6 8.9 9.2 9.5 9.9 9.7 10.2 10.8 11.8 13.5 14.5 15.3 15.5 15.9 16.6 17.4 18.2 19 20 20.8 21.6 22.1 22.2 22.3 22 21.6 21.3 20.1 19.8 18.9 18.9 18.8 18.3 14.5 11.5 10.8 10.7 12.9 17.3 21.7 25.7 29.8 31.7 36.5 39.1 42.4 45.7 53.2 64.5 83.2 117.3 153.4 184.9 207.3 209.4 204.3 197.7 191.1 188.3 186.6 185.4 184.4 187.4 189.1 193.5 197.6 204.4 208.7 211.2 213.5 211.9 208.1 203.4 198.6 194.9 192.1 190.5 191 193 196.1 197.5 198.3 199.3 199.6
9.3 9.2 9.7 10 10.3 10.6 11 11.1 11.7 12.4 13.4 14.4 15.4 16.3 16.7 16.9 17.5 18.1 18.8 19.6 20.3 20.8 21.8 22.8 22.8 23.1 23.4 23.7 23.2 22.6 21.8 20 19.1 18.9 14.9 13.2 10.4 10.8 11.6 15.5 20 23.3 26.4 31.5 33.2 35.7 38.5 42.1 45.8 54.3 67.8 89.4 128.6 162.9 190.2 206.1 206.2 199.6 191.1 180.6 180.5 181.2 181.4 181.9 182.9 185.7 188 190.9 195.5 200.4 202.7 202.8 202 197.9 194 190.3 188 185.9 184 185.2 188.3 190.8 191.1 191.5 191.6 192.3
10 10.4 10.7 11.1 11.4 11.8 12.2 12.6 13.3 14 14.8 16.2 16.9 17.4 17.9 18.1 18.7 19.3 19.5 19.7 20.3 20.7 21.8 23.2 23.4 23.4 23.7 24 24.1 23.7 22.5 20.9 19.4 16.6 14 10.5 10.3 11.1 14.8 16.3 18.2 25.9 28.5 32.1 34.2 36.1 39 42.3 46.4 56.7 72.5 107.8 139.1 164.5 190.1 194.4 193.5 191.8 177.3 174.9 176.5 178.8 179.2 180.1 180.9 182.4 185.2 187.5 190 193 194.4 194.1 192.9 187 185.8 183.6 180.8 179 178.7 179 180.9 182.9 183.4 184 184.3 184.5
11.1 11.6 11.9 12.2 12.5 12.7 13 13.5 14.5 15.5 16.3 18 19.3 19.9 20.2 19.1 19 18.9 18.9 19.3 20 20.7 21.8 22.6 23.1 23.2 23.2 23.5 23.5 22.6 21.9 18.2 16.9 12 10.8 10.5 11 16.3 19.7 21.1 20 22.3 24.9 28.4 32.7 35.4 39.5 43 47.3 59.2 88.9 117.7 145.2 165.8 188.3 186.5 182.1 175.9 171.9 170.4 172.8 175.2 176.8 179.2 180.7 181.3 182.4 184.2 186 187.9 187.4 186.2 184.2 179.3 178.8 178.3 174.9 173 173 173.7 175.2 176.1 176.6 176.8 177.1 177.4
12.3 12.8 13.1 13.4 13.2 13.3 13.8 14.3 15.3 16.5 17.6 19.3 20.6 20.5 20.1 18.3 18.3 18.3 18.4 18.8 19.2 19.8 20.1 20.6 21 21.3 21.2 21.1 20.8 19.1 16.8 13.9 12.1 11.7 11.6 12.2 15.2 20.3 23.8 26.1 24.2 23.4 23.3 24.6 30.1 35.4 40.9 43.5 48.6 72.4 98.8 127.7 149.5 166.3 184.6 180 175.3 172.2 170.8 170.3 171 173.5 176.5 179.4 181 181.7 180.8 180.9 182.1 184.1 183 180 174.1 172.8 172.6 173.8 170.8 169.3 169.1 169.9 172.7 173.8 174.4 175.7 176.1 176.3
13.4 13.9 14.2 14.5 13.9 14.4 14.8 15.2 16 17.5 19.3 20.1 20.1 19.7 18.8 17.5 17.1 17 17 17.1 17.5 17.7 17.9 18.2 18.4 18.1 17.9 16.8 17 15.4 13.3 12.2 12.3 13.8 14.2 15.7 19.7 24.3 27.6 29.7 28.6 26.3 26.9 26.8 30.3 36.1 41.5 44.9 54.8 83.8 110.2 136.3 151.9 171.5 182.2 178.6 173.8 171.6 170.3 169.2 169.7 173.2 176.4 178.6 181 180.3 179 177.4 177.5 176.4 174.3 172 169.9 168.2 167.7 168.5 168.8 167.2 167.1 167.9 170.9 173.8 175.6 175.3 175.2 175.6
14.4 14.9 14.7 15.1 15 15.5 16.1 16.5 17.3 18.8 19.2 19.2 19.2 18.3 17.3 16.6 15.9 15.7 15.9 16 15.8 15.6 15.8 16 15.8 15.4 14.3 13.7 14.1 12.2 12 12.4 13.4 15.2 16.5 18.5 24 27.9 30.7 31.6 31.1 33 32.1 30.9 32.5 38 42.9 48.7 61.9 95.5 121.5 145 171.2 186.1 188.7 180.5 173.7 171.6 170.3 169.3 169.3 172.1 175 177.7 179.4 180.4 178.2 176.3 174.2 172.8 171.4 169.7 168.6 166.4 165 165 165.7 165.3 164.4 165.3 168.5 171.4 172 167.9 169.9 172.3
15.4 15.8 15.7 15.7 16.1 16.7 17.2 17.8 18.3 18.6 18.4 18.3 18.1 17.2 16.6 16 15.2 15 14.9 15.1 14.8 14 13.7 13.7 13.5 12.7 12.2 12.5 12.9 12.5 12.5 12.4 15.8 18.5 18.7 21 24.9 28.9 32.5 35.1 33.9 36.9 36 35.8 35.1 40.5 45.2 52.1 74.4 104 127.8 157.2 180.3 190.3 187.9 180.1 174 170.9 169.8 168 169 174.4 176.8 178.6 180.1 179.8 176.8 174.9 172.7 171.4 170 168 167 165.6 164 163.6 162.4 160.5 160.4 162.4 164.2 165.7 159.8 150.1 148.8 150.3
16.2 16.8 16.8 16.8 17 17.3 17.7 18 18.9 18.1 17.8 17.5 17.5 16.9 16.2 15.4 14.8 14.5 14.2 14.1 13.8 12.8 12.8 12.7 12.5 12.4 12.3 12.3 12.1 12.3 13.1 15.5 18.7 23.1 25.1 22.3 25.9 26.9 32.9 36.9 37 38.8 38.5 38.2 38.7 43 48.8 57.1 82.1 117.8 133.1 157.5 175.4 185.2 184.8 178.2 171.3 168.6 167.3 166.1 168.9 174.8 179 179.2 178.3 175.6 172.8 171.9 171.3 170.1 168.6 166.7 165.1 164 162.1 161.9 160.4 158 155.6 156 157.8 153.9 144.9 138.6 138 138
16.8 17.3 17.4 17.5 17.6 17.8 17.8 17.3 17.6 17.2 16.8 16.5 16.9 17 16 14.7 14.4 14.1 13.8 13.6 13.3 13.1 13.1 13.3 12.9 12.6 12.6 13 13.3 16.6 19.2 22.6 21.5 24.2 29.1 27.4 32.7 33 34.8 37.7 40.5 40.8 40.5 41.1 42.4 46.4 52.7 62.4 95.1 129.1 143.4 152.3 170.3 179.5 177.8 174.2 170.5 167.5 165.8 164.5 163.9 170.8 176.7 177.7 178.2 173.8 170.1 167.9 167.2 167.2 167.4 165.6 163.9 162.3 161.2 160 158.4 157.2 156.2 151.1 145.9 139.4 138.9 139 146.8 148
17.7 17.9 18 18 17.8 17.6 16.9 16.4 16.2 16.1 16.1 15.9 15.4 15.6 14.8 14.7 14.5 14.2 14 13.7 13.5 13.4 13.4 13.9 13.5 13.6 14.2 15.6 19.5 22.3 25.9 27.6 26.3 25.2 30.2 31.4 36.4 36.8 36.4 39 42.5 43.1 43.8 44.4 46.2 49.3 56.1 65.4 96 134.1 149.6 157 162.7 170.2 172.2 170.4 169.4 167.9 166 163.1 161.2 165.8 171.3 173.8 173.2 171 167.5 165.1 164 164 165 165.5 163.8 161.7 161.1 159.5 157.7 156.5 153.3 149.4 144.1 138.8 145.7 152.3 154 155.3
18.1 17.7 17.5 17.5 17.5 17.3 16.8 16.3 16.1 16 15.9 15.7 15.4 14.9 14.8 14.9 14.7 14.5 14.2 13.9 13.7 13.7 13.7 14.4 14.5 15.3 17.4 20.4 23.4 26.4 28.8 30.3 29.9 30.8 32.5 35 38.9 40 37.3 40.6 43.9 45.8 47.5 47.7 49.1 53.9 59.3 68.9 101.5 134.5 155.1 162.6 165 167.7 169.3 168.8 168.1 167.3 166.1 163.6 160.9 162.7 165.8 167.5 168 166.5 164.6 163.8 162.8 162.5 162.1 163 162.6 161.2 160.4 158.6 156.3 153.4 149.3 144.1 141.1 149.3 153.5 155.4 156.7 158.4
17.4 17.1 17.1 17.1 17.2 17 16.5 16.3 16.2 15.9 15.6 15.5 15.3 14.9 14.9 14.9 15 14.7 14.4 14.1 13.9 14.2 14.8 15.9 18 20.2 22.8 25.7 27.7 29.4 31.4 31.6 32.9 35.5 37.7 37.3 40.4 41.6 40.4 43.5 46.9 49 50 50.7 53.4 59 63.9 75.5 108.8 134 155.4 167.7 168.7 168.8 168.6 168 167.9 166.9 165.9 163.6 162 161.7 161.8 162.5 163.1 163 163.3 161.5 161 160.2 159.5 158.9 159 158.9 157.9 156.2 154.5 151.3 145.3 140.9 145.6 152.9 156.1 157.5 158.1 159.4
16.4 16.4 16.7 16.8 16.8 16.7 16.3 16.4 16.3 16 15.7 15.4 15.1 15 15 15 15 14.9 14.7 14.4 15.2 15.5 17.3 19.3 22 25 27.7 29.5 31.6 33.3 33.5 34.3 36 38.2 40.1 42.8 43.9 44.7 45 47.3 48.7 50.3 52 53.4 57.8 64.6 68.6 83.1 113.2 133.6 149.7 164.5 167.7 168.1 168.5 167.7 167.5 167 166 164.4 162.7 162 161.6 161.1 161.1 160.9 160.1 159.6 159.1 158.5 157.8 157 156.7 155.9 155.2 153.8 152.6 150.8 146.6 140.2 147.3 155.2 156.9 158 158.6 160.3
16.3 16.3 16.3 16.3 16.5 16.4 16.3 16.4 16.4 16.1 15.8 15.6 15.6 15.6 15.5 15.4 15.2 15.1 15.4 15.9 17.2 19.4 20.9 23.1 26 29.4 30.5 32.4 34 35.5 35.9 37.1 38.8 40.3 43.3 47.8 48.6 51.1 51.1 51.7 52.6 55 56.7 59.4 64.5 85.9 78.7 94 119.8 133.9 144.2 158.4 164.3 166.2 168 167.7 167.3 167 167 165.2 163.3 163.1 162.4 161.5 160.7 160 159.3 158.5 157.6 158 158.4 157.4 156.2 154.9 153.8 154 153.1 152.8 147.7 140.5 148.3 154.5 156.3 157.5 159.5 162.2
16.4 16.4 16.4 16.3 16.3 16.4 16.4 16.5 16.5 16.4 16.3 16.2 16.2 16.1 16.3 16.2 16.1 16.2 16.5 17.2 20 21.9 23.6 26.3 28.9 32.1 33.8 35.2 36.4 37.4 38.7 40.9 43 44.8 48 53 54.5 55.8 57.3 56.8 57.1 60.1 62.8 67.1 81.9 106.3 90.7 92.4 100.6 135.6 145.5 156.3 161.5 164.9 167.2 167.2 166.9 166.6 167 165.8 164.2 163.6 163.1 162 160.8 160.8 160.5 159.4 158.6 157.6 158.2 157 155.7 154.4 153.5 154.2 155.1 153.9 148.9 142.1 144.6 151.9 155.7 157.2 159.2 161
16.5 16.4 16.4 16.4 16.4 16.6 17 17.1 17.1 17 16.9 16.8 16.8 16.7 16.8 17 17.3 17.6 18 19 22.2 23.3 24.7 26.9 28.8 32.3 34.7 36.4 37 39.2 41.6 43.7 45.7 48.7 52.6 57.4 59.2 62.9 64.2 65.6 61.4 65.1 69.3 78.8 111.9 126.2 104.9 94.5 101.5 136.5 147.8 156 161.1 163.5 165.4 166.2 165.7 166.3 166.5 166.7 165.5 164.3 163.5 163.3 163.2 162.3 162.3 160.6 159.1 157.5 156.9 156.1 154.8 153.6 154.2 155.8 157 154.3 149 143.9 143.8 148.1 152.5 155.5 157.6 157.5
16.5 16.5 16.5 16.4 16.6 16.8 17.2 17.7 17.6 17.6 17.5 17.4 17.4 17.3 17.4 18 19.1 19.5 19.5 19 21.5 23 24.8 26.8 28.8 31 33.5 35.7 38.8 41.3 43.1 45.4 50 53.9 58.5 69.1 74.3 73.9 70.8 74.2 70.5 67.9 77.2 90.1 127.7 135.3 120.8 104.1 117.6 138 147.7 154.7 159 160.9 162.7 164.1 163.8 165.8 166.1 166.6 166.6 165.5 165.1 165.6 166.2 165.5 164.1 161.5 158.9 156.5 155.7 154.9 153.9 153.5 153.9 155.5 155.8 152.5 147.4 142.7 143.7 148.4 152.8 156.3 157.3 157.9
16.6 16.5 16.5 16.6 16.8 17 17.4 17.8 17.9 17.9 17.9 18 17.9 17.9 18.2 19.2 20.3 21.3 21.1 20.4 21.2 23.6 25.6 27.6 29.1 31.3 33.9 36.9 40.4 43.7 46.8 51.4 55.3 64.8 88.1 107.4 98.7 92.4 84.7 80.3 74.5 77 89 109.8 133.7 137.8 134.1 116.7 118.3 136.3 146.2 152.5 156.1 158.4 161.7 163 163.7 164.9 166.4 166.8 167.3 167.6 167.8 168.3 168.4 166.6 163.5 160.1 157.2 155.5 154.8 154.1 153.3 152.7 153.2 153.7 153.1 149.9 145.8 142.9 145.5 150.9 156.3 158.4 159.4 160.2
16.6 16.6 16.6 16.8 17 17.2 17.5 17.9 18 18 18 18.1 18.1 18.4 19.3 20.2 21.2 22.3 22.9 21.8 22.1 24.6 26.4 28 29.8 32.1 34.8 38.7 42.6 46.5 50.7 53.8 72.1 107.8 123.2 121.1 116.6 109.6 104.1 92.4 91 85.6 97.2 119 136.8 140 138.3 134.8 138.5 141.9 145.7 150.5 153.4 156.3 159.5 162.8 164.1 164.9 166.6 167.3 168.9 169.2 169.1 168.7 166.8 164.1 160.7 157.4 156 155.5 154.9 154.2 153.2 152 151.2 151.4 150.3 146.7 143.8 144.1 148.4 154.2 159.2 161.7 163.6 164.7
16.7 16.7 16.8 17 17.2 17.4 17.7 18 18.1 18.1 18.1 18.2 18.7 19.7 20.5 21.3 22.1 23.5 24.8 23.7 24.1 24.2 25.9 27.9 29.8 32 35.6 40 44.4 44.9 54 77.9 117.8 133.7 133 125.1 124.3 119 115.4 109.9 103.9 98.4 106 126.3 136.4 142.1 142.5 143.6 144.1 145.8 147 149.2 151.1 153.8 156.7 161.8 165.2 166.2 167.2 167.9 169.2 168.5 167.6 165.8 163.6 160.7 159.6 158.9 158.1 156.5 154.9 153.9 152 149.9 148.9 150.1 148.4 143.3 143 146.2 151.2 158.1 163.1 167.1 169.6 171.9
16.7 16.9 17 17.2 17.4 17.6 17.9 18 18.1 18.2 18.2 19 20 21 21.8 22.8 23.8 25 26 25.4 24 23.8 25.5 27.5 29.8 32.3 36.8 41.2 44.6 49.5 59.8 102.5 133.1 143.9 138.7 131.2 126.6 123.4 119.5 113.5 108.6 106 114.5 127 136.8 141.1 142.9 145.5 145.8 146 146.5 148.2 149.6 151.5 156 162.7 166.2 168.1 168.3 167.8 167.4 167.3 166.1 164.1 163 163.1 163.3 162.6 160.8 157.8 155 152.6 150.2 147.9 147.9 148.8 144.3 141.5 145.2 149.8 156.4 162.4 166.8 171.4 177.9 184.9
16.9 17.1 17.3 17.4 17.6 17.8 18 18.1 18.2 18.3 19.3 20.1 20.7 22 23.1 24.2 25.4 26.5 26.8 26.2 25.3 25 24.9 27.4 29.7 32.8 37.4 42.3 45.1 47.1 63.5 106.3 142.8 148.8 145.7 135 128.1 125.8 120.7 119.3 113 111.4 119.8 125.6 137 141.5 143.8 145.6 145.6 145.2 145.2 146.8 149.7 151.8 155.3 160.8 166.3 167.7 168.3 166.3 165.7 165.9 165.7 166.3 166.4 167.2 166.2 164.1 161.3 158.1 155.4 152.6 149.6 146.9 143.8 142.2 142.6 143.6 149.2 154.1 159 164.1 170.9 178.6 191.3 199.8
17.1 17.3 17.5 17.6 17.8 18 18.2 18.6 18.8 19 19.2 19.2 20.6 22.3 23.4 24.6 25.8 27.1 27.7 27.1 26.7 26.3 25.9 27.2 30.3 33.6 38 42.4 45.2 50.4 64.3 103.7 134.3 152 144.1 137.3 131.4 126.4 124.3 121.6 118 114.7 124.7 125.4 135.7 140.7 143.3 144.2 145.1 145.3 145.9 147.6 150 152.2 154.9 160.4 165 166.8 166.3 165 164.4 165 167.3 168.9 169.2 168.4 166.2 164 161 158.9 156.4 152.9 148.2 144.1 142.3 142.9 144.9 147.6 151.2 155.9 160.1 167.9 178.7 193.3 205.2 214.1
17.3 17.5 17.6 17.8 18 18.3 18.5 19.3 19.6 19.6 19.7 19.8 20.9 22.7 23.9 25.1 26.3 27.6 29.1 29 28.8 28.4 27.7 28 31.5 35.2 40.7 43.9 47.6 51.1 61.3 81.2 109.6 138 140.6 135.9 131.5 131.8 129.1 124.5 123.5 119.4 124.8 129.4 132.8 138.1 141.1 143 144.4 145.4 147.1 148.6 149.9 151.6 153.9 159.2 163.3 165.7 164.8 163.7 162.6 166 168.8 168.8 168.3 166.9 165.2 163.2 161 158.4 154 149.7 145.1 142.3 142.5 144.6 147.9 151.3 154.3 158.1 161.5 173.1 191.5 210.9 216.9 223
