STL Generation/terr50_gagg_gb/data/SJ83.asc
ncols 200
nrows 200
xllcorner 380000
yllcorner 330000
cellsize 50
[rows 140 to 174 of 200, columns 0 to 78 of 200]
110.5 110.5 109.7 109.1 108.2 107.2 106.2 104.4 102.2 102.2 103.8 104.2 105.3 105.7 105.9 106.3 107.1 107.3 106.9 106.4 106.6 106.5 106.3 105.9 105.6 107.7 110.5 113.4 115 116.3 119.2 121.6 123.8 125.9 127.4 127.4 127.1 127.2 127.6 129 130.2 131.2 132.2 131.9 127.9 120.2 112.2 105.4 100.3 97 96 96 96 95.9 95.6 95.3 95.1 94.8 94.5 94.1 93.9 93.8 93.6 93.5 93.4 93.5 93.5 93.4 93.2 93.1 93 92.8 92.8 92.7 93 93.3 93.2 93.1 93.3
108.1 108.1 108.4 108.7 107.9 106.9 105.9 104.2 101.5 100.9 101.2 101.5 102 102 102.3 103 104 104.2 104.4 104.3 104.2 104 103.8 103.6 105.1 107.7 110.3 112 112.5 114.4 117.3 119.7 121.7 123.6 124.2 124.8 124.9 125.7 127.3 128.7 130.1 131.3 131.7 131 126.5 119.3 111.2 103.7 99.8 97 95.8 95.9 96 96 95.7 95.5 95.2 94.6 94.3 94 93.9 93.8 93.6 93.5 93.4 93.5 93.4 93.3 93.1 92.8 92.7 92.9 92.4 92.7 93.1 93.2 93 92.9 93
106.1 106.3 106.9 107.6 107.6 106.6 105.4 103.3 101.4 101 99.7 101 100.8 100.7 100.7 100.8 101 101.4 102 102.4 102.2 101.9 101.8 102.1 103.8 105.9 107.5 108.6 108.9 111 114.7 116.3 118.5 120.6 120.8 121.1 120.6 123.2 126 127.6 128.6 130.2 130.8 129.2 125 117.6 108.9 103.2 99.5 96.9 96 95.6 95.7 95.8 95.8 95.3 94.8 94.4 94.1 94 94 93.8 93.6 93.5 93.4 93.4 93.4 93.2 93 92.9 93 93.1 93.3 92.8 93.2 93 92.9 92.7 92.6
106 105 105.5 105.6 105.2 104.8 104 102.6 102 101.4 100 98.8 99.5 99.8 99.9 99.9 100 100.4 100.4 100.6 100.4 100.2 100.3 100.6 101.7 103 104.4 105.1 105.5 107.1 111.1 112.3 114.4 117.2 119 118.5 117.2 120.3 123.6 125.7 126.7 128.6 130 128.9 123.2 114.8 107.3 101.9 99.2 96.8 96 95.6 95.4 95.4 95.3 95 94.6 94.3 94 94 94 93.8 93.7 93.6 93.5 93.4 93.3 93.2 93.1 93 92.9 93.9 92.5 93.1 93 92.9 92.8 93 92.6
105.3 105.2 105 104.9 104.7 104.7 104 103.4 103 102.3 101 100 99 98.8 99 98.8 99 99.7 99.8 99.7 99.4 98.7 98.9 98.8 98.9 100.1 100.5 101.3 102.2 103.5 106.1 107.5 110.3 114 115.6 115 114.7 118.7 121.1 123.1 124.6 126.6 128.4 129.3 124.9 116.3 107.5 102.3 98.7 96.5 95.8 95.3 95.1 95.1 95 94.8 94.5 94.2 94 94.1 94 93.8 93.7 93.6 93.5 93.4 93.3 93.1 93 92.9 92.9 93.1 93.2 92 92.7 93.6 93.8 93 92.6
105.9 105.8 106.2 106.5 106 105.9 105.1 105 104.6 103.8 102.8 101.8 101 100.4 99.7 98.9 98 98 98.9 98.8 98.6 98 97.8 97.7 97.2 97.3 97.6 98.3 99.9 100.9 102 103.8 106.4 109.2 111.3 110.8 112.1 116 118.4 119.8 121.6 124.4 126 126.8 122.1 114.4 109.1 104.6 99.3 96.1 95.3 95.1 94.9 94.8 94.7 94.5 94.4 94 94 94.1 94 93.9 93.8 93.7 93.5 93.4 93.3 93.1 93 92.9 93 93.3 93.5 93.2 92.7 93.1 94.4 93.6 92.8
107.6 108.1 108.5 108.1 107.6 107 107 107.1 107.3 106.3 104.6 103.6 102.9 102.3 101.4 100.5 99.7 98.9 98.4 97.8 97.7 97.3 97.1 96.6 95.8 95.8 95.5 95.4 97.2 99.1 100.2 101.3 102.7 105.1 106.9 108.4 111.2 114.4 116 117.5 119.3 121.1 122.5 120.4 116.4 112.6 108.3 104.6 99.5 96.2 95.1 95 94.8 94.6 94.5 94.3 94.1 94 94.1 94.1 94 93.9 93.8 93.7 93.6 93.4 93.3 93.1 92.9 92.8 93.1 93.4 93.6 93.3 93 93.9 92.5 93.5 93.8
110.3 110.4 110.2 109.9 109.6 109.2 109.3 109.4 109.3 107.8 106.5 106 105.5 104.9 104 103.1 102.1 100.9 100.1 99.5 98.9 98 97.6 97 96.7 96.8 96.6 96 95.1 97.2 98.3 99.3 100.6 102.2 103.5 106 109.6 111.5 113.5 115.2 117.6 120.1 119.8 116.2 111.7 108.8 106.3 102.8 98.8 96.6 95.1 94.9 94.8 94.7 94.6 94.5 94.3 94.2 94.2 94.2 94.1 94 93.8 93.7 93.6 93.5 93.3 93.1 92.9 92.8 93.2 93.4 93.5 93.4 93.1 92.9 94.6 92.2 93.8
113.6 113.1 112.7 112.1 111.8 111.6 111.6 111.8 111 109.6 108.6 108.4 108.2 107.5 106.7 105.8 104.8 103.4 102 101.3 100.5 100.1 100.1 99.7 98.3 97.6 97.3 97.3 96.4 95 96.4 98 99.3 100.4 102.5 104.8 107.6 110 111.6 113.5 115.9 118.5 118.6 115.4 110.8 107.2 104.1 101 98.6 96.7 95.1 94.9 94.8 94.7 94.6 94.5 94.4 94.3 94.3 94.3 94.2 94.1 93.9 93.8 93.6 93.5 93.3 93.1 92.9 92.9 93.1 93.3 93.4 93.2 93.1 92.9 92.6 94.5 91.4
116.2 115.8 115.4 115 114.5 114.1 114 114 112.7 111.4 111.6 111.3 110.9 110.1 109.3 108.4 107.3 105.9 104.5 103.1 102.8 102.7 103 102.7 101.9 100.5 99.5 98.7 97.5 96.4 94.4 96.7 98 99 100.5 104 107.2 108.6 110 111.5 114.1 116.9 117.2 113.8 109.8 106.6 103.6 100.3 98 96.2 95.5 94.8 94.8 94.7 94.6 94.6 94.5 94.5 94.4 94.4 94.3 94.2 94.1 93.9 93.8 93.7 93.3 93.1 93 92.8 93 93.2 93.2 93.1 92.9 92.9 92.5 92.2 91.8
118.8 118.4 118 117.5 117.1 116.6 116.4 115.7 114.4 114.3 114.4 114.2 113.8 113 112.1 111.1 109.6 108.1 106.5 105.6 105.3 105.3 105.6 105.7 105.3 104 102.1 100.6 99.3 98.1 96.6 95.1 96.2 97.7 98.9 102.2 106.6 107.7 108 109.9 112.3 114.9 116.4 115 111.2 107.4 103.4 100.4 97.7 96.3 95.5 94.7 94.7 94.6 94.6 94.6 94.5 94.5 94.6 94.8 94.6 94.5 94.5 94.4 94.4 94.2 93.8 93.6 93.6 92.9 92.9 93.1 93.1 93 93 92.8 92.5 92.5 92.7
121.1 120.9 120.4 119.9 119.5 118.8 118.4 117.2 116.2 115.4 116 117 116.8 116 115.2 114.6 111.8 110 108.5 108 107.7 108 108.3 108.6 108.6 106.5 104.6 102.9 100.9 98.9 97.3 96.4 95.7 96.2 97.3 99.4 103.8 105.1 106.6 108.8 110.9 112.3 114.4 115.3 113.3 109.3 104.2 99.5 96.9 95.9 95.2 94.8 94.7 94.6 94.6 94.6 94.5 94.5 94.6 94.8 95.1 95.7 96 95.6 95.3 95.1 94.7 94.3 93.9 93 93 93 93 93 93 92.9 93.1 93.4 93.6
123.2 123.5 123 122.9 122.1 121.1 120.2 118.7 117.3 116.5 117.5 118.5 118.9 118.3 117.3 116.1 114.8 112.5 110.9 110.2 109.8 109.7 109.7 110 110.2 108.7 106.4 104.5 102.3 100 98.4 97.5 96.6 94.7 95.7 96.8 99.7 102 105.6 108.3 109.6 110.7 112.2 112.9 112.2 108.1 103.3 98.8 96.1 95.6 95.2 94.8 94.5 94.5 94.5 94.6 94.5 94.6 94.6 95.4 97.5 96.8 99.4 98 97.2 97.8 97.4 96 94.5 93.3 93.2 93.3 93.3 93.4 93.8 94.4 93.9 94.7 95
126.2 126.6 126.8 126.4 124.8 123.5 122.1 120.4 118.7 118.1 118.4 118.2 118.6 118.3 117.2 116.3 115.4 113.3 112.3 111.7 111.3 110.8 110.3 109.8 109.6 109.3 108.2 105.8 103.5 102 100.8 99.2 97.1 95.5 94.3 96.4 97.8 99.9 102.8 105.4 107.5 108.1 108.4 108.4 106.5 102.7 99.5 96.5 95.9 95.4 95.1 94.9 94.6 94.4 94.4 94.5 94.5 95 95.6 96.4 97.9 98.4 99.3 98.9 98.2 99 100.1 98.5 95.7 93.6 93.5 94 94.3 94.5 95 96.1 96.1 97.6 98.8
129.7 129.6 130.2 130 128.4 125.7 124 122.3 120.4 118.4 117.8 117.6 117.3 117.1 116.8 116.3 115.6 114.4 113.4 112.5 111.3 110.6 109.9 109.2 109 108.9 108.7 106.6 105.7 104.2 102.3 100.2 97.3 94.8 94 96.2 96.8 97.9 100.7 104.4 105.8 105.6 105.4 105.8 103 99.3 97 96.3 95.6 95.1 94.9 94.8 94.7 94.8 94.7 94.6 94.7 94.9 95.2 95.1 95.8 96.1 96.4 96.9 96.9 97.6 98.7 97.4 95 94.1 94 94.4 95 95.1 96.6 97.4 97.9 98.6 98
132.7 132.5 132.9 134 132.8 129.4 126.1 123.7 121.7 119.6 117.8 116.7 116.3 116 115.6 115.5 114.7 113 111.8 111.2 110.9 110.1 109.3 108.4 108.2 108 108 106.5 105.7 104.6 102.8 100.5 97.2 94.8 93.9 95.7 96 97.1 101 103.4 104.5 104.8 102.6 103.3 100.5 97.4 96.3 95.6 95.1 94.8 94.7 94.6 94.5 94.6 94.7 94.7 94.8 94.9 94.8 94.6 94.4 94.5 94.5 94.9 95.3 95.5 95.8 95.4 94.7 94.5 94.4 94.7 95.2 95.7 96.7 97.8 98.5 98.7 98.7
135.8 135.5 135.4 135.5 135.1 131.8 128.4 125.3 122.8 120.6 118.1 117 115.9 114.9 114.5 114 112.8 111.4 110.6 109.3 108.9 107.6 107 106 106 106.4 106.6 106.3 105.6 104.1 102.4 100.3 97 94.7 94.7 95.1 95.5 98.2 101.1 103.1 103.3 103.3 102.2 100.8 98.2 96.3 95.6 95 94.8 94.6 94.5 94.4 94.3 94.4 94.5 94.7 94.7 94.5 94.4 94.3 94.5 94.8 95.6 96.2 96.2 96.3 95.6 95.3 95.3 95.1 95 95.2 95.6 96 96.7 97.8 98.4 98.7 99.7
137.8 137.3 136.7 135.5 134.1 131.9 128 125.6 123.4 121.2 118.9 117.6 116.8 115.7 114.3 113 113 113.8 112.7 111.2 109.8 108 106.6 105 104 104.8 105 104.9 104.3 103.4 101.4 98.8 96 94.8 94.4 94.8 95.5 98.1 100.3 101.5 101.6 101.6 100.4 98.3 96.4 95.4 94.9 94.6 94.5 94.6 94.4 94.3 94.2 94.2 94.3 94.5 94.6 94.6 94.9 95.6 96.7 97.2 99.4 99.1 98.9 98.5 97.6 97.2 97.8 97.7 97.3 96.6 96.4 96.4 97 97.8 98 98.7 99.8
139.2 138.5 137.4 135.4 133.4 130.5 128.2 126 123.9 121.7 119.6 118.6 117.9 116.9 116.1 114.9 113.9 114.6 113.7 112.4 110.8 108.5 106.8 105.7 104.8 103 103.5 103.3 102.7 102.1 100 97.5 95.5 94.9 94.2 94.5 94.9 96.5 97.2 98.3 99.1 99.3 98.2 96.4 95.4 94.7 94.4 94.3 94.6 94.5 94.3 94.2 94.1 94.1 94.2 94.3 94.4 94.8 96.4 96.4 97.4 99 101.2 101.4 101.2 100.8 100.4 100.5 100.4 100.2 99.9 99 97.4 97.9 98.6 99.4 99.6 99.3 100.8
139.7 139 137.5 135.4 133.1 130.8 128.6 126.5 124.3 122.2 121.3 121.3 120.7 120.1 118.6 116.8 115.7 115.1 113.9 112.8 111.1 109 107.6 106.7 105.1 103 101.6 101.7 101.1 100.6 98.8 96.8 95 94.5 94 93.9 94.1 94.5 94.8 95.3 96 97.1 96.3 95 94.6 94.5 94.2 94.5 94.7 94.5 94.3 94.1 94 94 94.1 94.1 94.3 95.3 98.1 98.4 98.7 99.4 100.9 102.5 102.7 102.4 102.3 102.2 102.7 102.6 102.5 101 99.4 99.8 100.4 101.1 101.1 100.8 101.8
140.4 139.3 137.7 135.9 133.4 131.1 128.8 126.6 124.5 124.1 123.8 123.8 123.8 123.2 122.1 119.7 118 116.3 114.3 112.9 112.2 111.2 108.7 107.1 105.1 103.1 101.1 100.1 99.7 99.3 97.7 96 95.2 94.5 94 93.7 93.5 93.9 94.3 94.6 95 95.3 94.9 95.2 95 94.6 94.2 94.7 94.7 94.5 94.3 94.1 93.9 93.9 94.1 94.2 94.7 96 99.4 100.2 99.9 100.9 101.6 103 103.8 103.9 104 104.4 105.2 106.2 106 105.3 103 102.8 102.8 102.9 102.7 102.3 102.8
140.6 139 137.4 135.3 132.9 130.7 128.5 126.7 125.9 125.9 126.1 126.1 126.1 126.3 124.9 122.7 121.8 119.8 117.4 116.8 115.9 113.8 110.8 108.5 106.4 104.2 101.5 99.9 98.7 98 96.8 96.2 95.4 94.7 94.1 93.6 93.8 93.6 93.7 94 94.4 94.4 95 95.6 95.2 94.7 94.2 94.8 94.7 94.4 94.2 94 93.9 94.1 94.3 94.4 95.2 97.2 99.8 101.2 101.2 102 102.6 103.8 104.5 105.1 106.1 106.8 109.1 110.7 112.3 112 110.5 108.3 107.3 106.4 105.3 104.1 103.4
140.7 138.8 137 134.8 132.6 130.6 128.7 127.7 127.8 128.1 128.3 128.4 128.4 127.8 126.7 125.4 123.9 122.1 120.4 119.3 118.3 114.5 112.5 110.2 107.7 104.9 102.2 100.5 98.9 97.9 97 96.4 95.7 94.9 94.3 94 94.1 93.9 93.7 93.5 93.8 94.1 94.7 95.4 95.2 94.8 94.3 94.4 94.5 94.3 94.1 93.8 94 94.2 94.5 94.8 96.7 98.3 100.5 101.9 103.2 103.8 103.8 104.4 105.2 106.1 107.5 110.2 112.7 114.7 116.8 117.7 117.2 111 113.1 110.8 108.4 106.6 104.7
140.8 138.8 136.9 134.9 132.9 130.9 129.2 129.5 130.1 130.2 130.5 130.6 130.5 129.2 127.7 126.3 124.5 122.9 121 119.8 118.6 116 113.6 111.2 108.4 105.4 103 101.3 99.6 98.5 97.6 96.9 96.2 95.5 95.1 95 95 94.5 94.3 94.1 93.7 93.5 94 94.5 94.9 94.8 93.9 94 94.2 94.2 93.9 93.7 94.1 94.3 94.6 95.5 97.2 99.3 101.5 103.6 104.9 105.1 105.2 105.8 106.3 108.2 109.7 112.5 115.4 117.3 119.2 120 120 118.6 116.7 113.3 110.9 108 106
141 139 137.1 135.2 133.2 131.2 130.5 131.2 132.3 133.1 133 132.9 132 131.1 129.8 126.9 124.4 122.7 120.7 119.5 118.3 116.6 113.8 110.8 108.9 105.9 103.7 102 100.6 99.4 98.3 97.6 97.3 96.9 96.5 96.5 97.1 96.5 95.9 95.3 94.5 93.8 92.9 93.3 93.9 94.2 93.7 93.7 93.8 94 93.8 93.6 94.2 94.4 94.9 96.1 98.2 100.4 102.5 104.4 105.6 106.4 107.4 108.2 108.3 108.7 111.3 114.1 116.8 119 120.1 120.8 120.6 120.2 119 116.2 112.1 108.6 106.5
141.2 139.2 137.3 135.4 133.4 132 131.8 132.9 134.1 135.2 136.2 136.1 135.9 135.1 134 131.5 128 122.6 120.5 119 117.4 115.3 112.2 110.6 108.9 106.4 104.4 102.7 101.6 100.4 99.2 98.3 98.2 98.1 97.8 98.2 98.4 98.1 97.6 96.6 95.2 94.6 93.9 93 92.7 93.5 93.4 93.5 93.6 93.7 93.7 93.7 94.3 94.5 95.5 97.1 99.2 101.5 103.2 104.9 106.4 107.9 109.5 110.3 110.2 110.5 112.8 115.4 116.8 118.6 119.3 118.6 119 119.1 118.5 111.7 112.3 109.3 106.9
140.8 139.5 137.6 135.7 133.9 133.4 133.8 134.8 136 137.2 138.4 138.5 138.6 138.1 136.8 134.1 130.4 124.8 119.5 117.5 115.8 113.5 111.8 110.1 108.6 106.2 104.5 103 102 100.9 99.7 98.7 98.5 98.4 98.5 99.2 99.6 99.4 98.8 97.8 95.9 94.9 94.2 93.5 92.8 93.2 93.5 93.4 93.4 93.4 93.5 93.8 94.4 95.1 96.5 98.8 101.3 102.7 103.2 105.6 107.7 109.7 110.8 111.4 111.8 112.6 114.5 115.8 114.7 116.4 117.1 116.4 116.5 115.9 113.1 113.1 110.4 108.5 107.2
140.5 139.6 137.9 136.2 135.1 135 135.7 136.9 138 139.2 140.4 140.6 140 139 137.5 135.4 132.3 125.6 120.4 116.9 113.6 112.2 111.1 109.6 108.3 106.1 104.5 103.1 102.3 101.2 100 99.1 98.6 98.5 98.6 99.3 100.1 100.3 99.5 98.8 96.9 94.9 94.3 93.5 92.7 93.3 93.9 93.8 93.7 93.6 93.5 94.2 95 96.6 98.1 100.3 102 102.2 104.7 110.3 110.8 111.2 111.6 112.1 113.3 114.8 116.2 116.7 115.9 115.7 114.6 113.7 113 112.3 111.6 110.9 109.7 108 107
140.5 139.4 138.5 137.4 136.6 136.6 137.7 138.9 140 141.2 142.4 141.9 141.1 138.7 137 135.7 132.3 126.8 121.7 117.9 114.4 112.3 110.7 109.3 108 106.1 104.6 103.1 102.4 101.5 100.4 99.4 98.9 98.6 98.7 99.5 100.1 100.3 100 99.4 97.9 95.3 94.3 93.5 92.7 93.5 94.2 94.2 94.1 94 94.3 95.4 96.2 97.9 99.6 100.9 102.2 103 109.7 112.6 113.2 112.8 112.8 112.8 113.8 115.8 116.8 116.9 116.3 113.9 112.6 111.5 110.2 109.4 108.9 107.9 106.8 105.9 105.6
140.9 140.4 139.9 138.9 138.2 138.5 139.6 140.5 141.5 142.5 143.3 143.3 141.9 138.4 135.3 134 131.9 127.8 123.6 120 116.1 113.4 111.4 109.5 107.7 106.2 104.7 103.2 102.5 101.8 100.7 99.7 99.3 98.8 98.8 99.1 99.2 99.4 99.4 98.9 97.6 95.1 94.1 93.3 92.6 93.1 93.8 94 94 94.4 95.2 96.4 97.4 99.3 101.2 102.9 102.2 109.4 114.2 115.2 115.4 114.7 114.5 114.2 114.6 115.9 116.3 116.1 114.6 112.4 111 109.6 108.2 106.9 106 105.1 104.6 104.1 103.6
142.1 141.3 140.6 140.2 139.9 139.7 140.7 141.7 142.6 143.4 144.1 144.6 142.9 139.3 134.4 131.4 130 127.8 123.9 121.4 112.9 114.2 112.3 110.2 108 106.3 104.7 103.3 102.6 101.9 101 100.1 99.6 99 98.3 98.2 98.3 98.5 98.5 97.7 96.6 95 94.1 93.2 92.4 92.4 93.2 93.4 93.8 95 96 97.3 99.1 101.5 105.8 109.5 104.8 110 116.6 117.1 116.5 115.5 114.2 113.9 114.3 115.2 115.4 114.2 112.6 111 109.5 108.1 106.6 105.2 104.4 103.8 103.3 102.8 102.3
142.7 141.7 141.2 140.9 140.7 140.7 141.6 142.8 143.6 144.2 145 145.3 144.4 141 135.8 129.6 125.4 124.3 122.4 119.1 113.6 114.2 112.6 110.4 108.2 106.4 104.8 103.3 102.6 101.9 101.2 100.4 99.7 98.7 98 97.7 97.5 97.6 97.2 96.4 95.4 94.7 94.4 93.9 93 92.2 92.5 93 94.3 95.6 98.1 99.3 101.1 105.1 110.8 114.5 116.2 117.7 118.6 117.2 116.5 116.3 115.1 113.7 113.5 113.9 113.9 112.7 111.1 109.5 108 106.5 105.1 104.1 103.3 102.6 102 101.5 101
143 142.3 142 141.8 141.6 141.2 141.1 142.6 142.5 142 142.2 144.5 146 143.8 139 133.1 127.4 122.4 119.3 117.3 115.6 112.9 111.3 109.7 108.1 106.5 104.9 103.4 102.7 102 101.3 100.6 99.6 98.6 97.6 97.3 97 96.7 96 95.2 94.4 94.2 94 93.7 93.2 92.6 92.4 94 95.4 97.4 101.1 103.2 106.6 108 111.8 117.5 119.2 120.3 120 118.7 117.8 116.9 116 113.8 111.9 112.2 111.9 110.9 109.7 108.1 106.5 105.1 103.8 103.1 102.3 101.6 100.8 100.2 99.8
143.3 143 142.8 142.6 141.8 140.2 138.5 137.4 137.2 135.6 136.8 141.7 145.7 146.3 142.8 136.8 129.4 122.6 117.9 115.9 113.9 112.2 110.9 109.3 107.7 106.3 104.9 103.3 102.1 101.8 101.5 100.8 99.9 98.9 97.7 96.5 96.5 96.3 95.5 94.7 93.9 93.7 93.6 93.5 93.1 92.8 92.5 94.9 97.2 99.3 103.7 107.5 109.5 114.2 115.4 118.2 120.6 121.4 121.4 120.6 119.8 118.8 116.8 114.3 111.7 111.2 110.1 109.4 108.8 107.1 105.5 103.9 102.8 102.1 101.4 100.6 99.9 99.2 98.7
143.7 143.1 142.6 142.4 141 139.6 135.8 132 131 130.8 131.8 136.3 142.5 145.2 142.7 138 131 124.2 118.5 115.2 113.2 111.6 110.2 108.8 107.3 105.9 104.7 103.3 101.9 101 100.7 100.3 99.9 99.2 98 96.8 96.3 95.9 95.1 94.3 93.6 93 92.4 92.4 92.8 92.9 93.6 96.2 98.3 100.3 104.7 108.7 111.6 115.4 117.6 119.7 120.6 120.8 121.6 121.4 120.7 119.5 117.3 114.7 112.1 110.2 108.7 107.7 107.2 106.1 104.5 102.8 101.7 101 100.4 99.7 99 98.3 97.7
