STL Generation/terr50_gagg_gb/data/SK08.asc
ncols 200
nrows 200
xllcorner 400000
yllcorner 380000
cellsize 50
[rows 35 to 69 of 200, columns 78 to 155 of 200]
255 262.5 270.6 278.9 284.7 291.4 291.2 294.6 299.8 305.9 308.2 310.7 315.8 320.7 327.9 334.7 339.3 346.1 349.8 353.1 354.5 351.2 349.5 346.7 337.9 326.1 318.2 311.2 302.2 293.8 286.4 281 277.7 277.7 277.7 277.7 277.7 277.7 277.7 277.7 277.7 284 296.2 305.3 312.3 315.1 315.8 311.5 309 313.9 319.1 322 322.9 326.3 331.4 343.8 355.9 365 372.2 374.5 366.3 369.2 377.1 382.5 387 389.2 393.5 395.9 399.6 402.6 404.8 409.4 419.9 437.5 442.6 435.9 451.3 467.5
259.1 267.1 275.4 282.5 289.8 295.7 300.1 304 309 315.2 320.8 322 322.5 326.7 332.9 336.5 341.7 348.3 351.8 355 355.1 355.2 348.3 327.8 320.6 311.8 301.8 293.1 282.4 273.3 265.5 267.4 277.7 277.7 277.7 277.7 277.7 277.7 277.7 277.7 281.3 292.7 300.1 308.6 314.6 317.2 318.7 319.4 321.3 324.3 331.1 338 343.7 350.3 354.4 359.3 368.3 373.8 379.4 380.8 379.1 373.4 380.4 383.5 388 392.2 397 401.8 404.8 410.3 416.7 417.4 440.4 458.4 466.8 463.9 464.6 478.2
261 270.4 277.9 285.1 292 298.6 304.9 310.3 317.6 323.3 328.1 329.9 331 331.3 335.1 338.3 344.1 350.2 353.8 357.3 359.1 357.7 346.5 321.2 304.2 295 284.6 272.1 259.2 249.1 248.2 255 270.4 277.7 277.7 277.7 277.7 277.7 277.7 279.8 289.4 298.4 304.6 311.3 315.4 318.3 321.8 324.2 327.8 332.6 339.8 348.4 355.8 362.7 366.7 368.2 374.8 379.8 382.3 380.9 380.4 379.7 381.1 385.4 389.9 394.7 400.2 408.8 415.8 422.9 428 440.5 456.9 472.2 479.7 486.7 487.8 492.5
263.3 271.4 279.1 285.9 293.4 300.7 307.6 314.7 321.6 328.2 332.9 335.7 336.8 336.2 337.4 340.9 346.7 351.2 355.4 359 362.2 361.9 341.1 317.7 296.3 277.7 265.2 257.6 248.1 245.3 245.6 247.1 258.1 277.2 277.7 277.7 277.7 277.7 277.7 281.5 292.5 301.2 307.2 312.7 316 320.1 323.4 327.4 332.6 339.8 347.2 355.7 363 367.6 371.9 375.7 379.7 381.4 380.8 380.8 381.7 383.6 385.4 388.3 392.4 398.3 405.3 417.8 429.8 434.6 438 448.1 462.6 490.4 489.4 492.9 502 508.4
264.3 273 279.9 286.7 294.1 301.9 309.4 316.5 323.6 331.5 336.1 339.5 341.5 342 342.2 345.3 348.5 352.8 357.1 360.7 363.3 363.5 338.6 305.4 289.2 269.6 254.1 243.2 241.1 241.3 243.5 251.7 258.7 266.5 277.7 277.7 277.7 277.7 277.7 277.7 287.1 298.4 303.1 310.7 312.1 318.2 322.9 327.1 334 342.7 353.1 359.7 365.5 370.3 375.8 379.6 380.8 380.9 380.4 379.8 382.9 385.6 388.9 392 397.8 405.5 418 429.2 439.2 446.9 455.4 463.8 476.5 483.5 489 499.8 504.7 512.8
266.2 273.7 280.6 287.5 294.7 302.3 309.8 317.3 325.1 333.4 339 343.5 346.6 344 345.5 347.6 350.8 354.8 358.9 362.6 365.7 362.9 327.6 302.8 277.4 261.4 245.5 241 243.5 247.4 255.5 259.6 266.3 272.1 280.2 279.2 287.8 277.7 277.7 277.7 279.1 288.9 298.4 301.2 304.8 311.5 318 323.8 333.8 346.4 355.9 362.3 367.4 372.2 378.8 380.8 380.8 379.3 378.4 379 382.9 387.2 392 396.3 405.2 414.2 425.2 435.6 445.5 456.1 466.7 480.7 491.6 503.1 503 509 520.1 537.5
267.2 274.4 281.4 288.3 295.4 302.6 310.1 317.5 326.2 335.1 341.7 347.5 350.9 348.7 348.6 350.7 353.2 357 360.7 364.3 368.4 351 321.3 292.1 268.4 252.9 238.2 244.1 253.6 258.8 265.5 267 274 280.6 285.3 292.6 297.7 291.9 277.7 277.7 277.7 277.7 279.6 288.5 294.7 301.4 308.4 316.4 327.6 341.2 352.9 362.1 368.4 371.9 378.8 380.8 378.8 373.1 374.9 378.5 383.4 388 392.8 400.7 412.1 423.4 432.8 441.3 450.4 462.9 479.7 494.3 505.9 516 532.8 548.2 554.9 565.4
268.7 275.2 282.1 289.6 297 302.9 309.9 318.1 327.6 336.8 343.8 350.6 354.8 356.5 352.9 354.1 356.1 358.8 362.2 365.1 362.1 333.7 305.1 281.6 259.1 241.5 236.2 249.5 257.6 269.3 274.4 276.5 278.2 286.8 294.9 301.7 305.3 307 299.6 290 281.3 278.3 277.7 279.9 286.7 294.8 303.3 312.5 324.1 338 350.5 359.5 365.5 369.3 375.6 376.2 371 368.8 372.7 376.3 380.4 387.1 395.7 405.6 415.8 427.9 436.1 446.5 458.1 473 488.3 509.6 512 520.6 542.1 555.8 564.8 577.6
270.6 276.3 283.3 291.2 298.4 305.1 311.3 320.5 329.8 338.4 345.4 352.8 358.7 362.3 358.6 357.3 358.6 360.3 364 365.7 345.6 315.8 291.9 272.2 251.1 235.8 242.7 251.7 264.9 274.3 279.6 284.9 286.8 292.8 302.1 309.5 313.2 316.5 313.2 308.6 306.3 300.4 292.1 287.5 281.2 289.6 301.8 310.1 320.3 332.5 344 352 359.3 365.6 370.6 370.5 362.8 365.3 370.8 375.5 379.8 384.8 394.6 409 419.7 427.3 439.2 454 465 481.5 496 512.5 523.1 532.6 543.9 561.2 569.5 577.8
270.2 276.6 284.5 291.6 299.4 307 314.3 323 331.3 337.7 345.4 353.7 360.9 366.2 364.6 361.7 361.7 361.4 363.2 355 330.6 303.1 284.6 265.3 245.2 231.8 242.7 255.5 268.5 276.9 283.6 289.6 294.3 299.5 307.8 316.1 321 324.4 323.7 321.7 318.2 311.2 302.7 302.1 298.5 288.7 292.8 304.8 315.1 325.9 338 346.2 354.1 361 365.7 364.3 357.4 361.6 368.2 373.2 378.3 384.7 398 412 422.1 431.3 443 457 471.5 489.2 504.4 519.6 530.1 539.7 547.3 555.6 568.1 577.1
268.1 276.2 284 292.2 300.4 308.5 315.1 322.5 330.6 338.1 346.9 355 362.1 366.1 365.6 364.4 363.4 362.8 363.2 347 322.2 295.8 276.9 258.7 238.3 237.3 245.1 256.6 266.9 277.8 285.7 292.2 300.3 304.5 312.1 321 327.6 330.3 330.7 329.9 327.4 322.6 315.3 310.4 306.9 307.9 298.9 299.9 313 322.9 331.6 339.6 347.5 354.9 358.1 352.2 352.7 359.7 366.8 372.4 378.9 386.1 401.3 415.4 423.3 433.8 446.6 460.1 476.6 492.3 509.6 522.8 530.9 544 551.8 559.2 570.2 579.2
265.3 273.5 282.9 291.6 300 307.9 316.2 323.4 331.9 339.1 347.1 355.8 363 367.4 368.8 366.2 364.4 363.9 361.3 338.7 313.6 288.8 269.6 250.8 233.6 239.1 243.5 254.7 267.1 277.6 285.8 293.6 299.6 306.3 315.1 324.3 330.7 335.9 339.1 337.8 335.5 332.4 325.9 318.4 315.8 312.6 310.6 300 310.4 317.6 324.1 331.8 338.7 343.2 348.2 344 352 358.7 365.4 372.1 378.9 388.1 405.2 414.2 426.7 431.2 445.8 461.4 483.3 497.8 509.6 524.5 538.3 551.8 559.2 563.3 569.5 584.2
262.9 270.4 279.4 288.7 298.2 306.2 314.6 323 330.1 338.2 347.5 356 362.8 367.8 369.1 367.8 365.5 363.6 355.2 326.8 302.6 279.4 263.1 244.8 229.1 232.1 238.7 251.7 263.9 275.9 284.3 290 296.3 305.5 316.6 327.2 335.7 341.8 345.9 347.1 344.7 342.5 336.8 332.7 328.2 323.9 318.2 305.3 303.5 310 314.5 319.5 326.1 331.7 335.7 340.9 349.4 357.9 365.2 371.9 378.9 388.2 405.5 415.5 426.1 439.4 456.5 466.5 474.3 496.5 512.1 525.8 539.9 548.9 559 565.5 580.9 590.7
260.3 268.6 277.4 286.8 296.2 303.8 312.7 321.2 328.5 337 346.1 354.2 361.6 366.8 368.4 367.9 366.2 361.7 344.5 316.8 292.6 275.6 258.9 242.5 228.4 231.5 240 250 262.7 273.8 277.5 283.3 295.4 307 318.9 329.9 338.3 346.7 351.4 355.1 356.6 355.3 351.6 345.8 340.4 335.4 327.5 319.4 311.6 311.5 310.5 316.5 319.2 323 330.2 339.9 349.8 358.5 364.9 371.4 378.7 388.2 404.5 415.3 426.2 440 459.5 466.9 470.7 498.2 512.2 522.7 532.4 544.9 556.2 568.1 580.8 591.7
257 265.7 274.5 283.9 293 301.3 310.5 318.7 327.5 336.1 344.6 352 358.5 364.8 367.6 367.2 365.5 357.9 335.9 312.5 288.9 272.2 257.2 241.3 228.4 226.8 233.1 248.5 261.9 268.8 270.7 281.1 294.4 307.2 318.2 331.3 341.5 350.1 355.5 360.4 363.5 367.6 365.6 359.9 354.7 348 339.8 329.6 324.5 324.1 323 323.1 322.4 321.7 328.3 335.6 341.1 351.7 362.8 370.4 379.1 386.6 399 412.7 423.5 436.2 449 461.3 469.9 495.1 511.1 522.8 539.9 548.4 563.1 575.9 590.8 602.1
252.4 261.1 270.2 279.3 287.9 297.2 307.5 315.1 324.5 333.2 341.3 349 356.3 362.4 366.5 366.8 364.4 355.2 331.7 309.9 289.4 271.6 255 241.1 227.4 226.5 232.1 245.2 257.5 260.9 268.1 279.9 293 305.5 316.9 330.4 341.7 352 357.5 363.9 371.9 378.4 377.1 373.9 369 360.8 351.8 346.7 339.9 338.4 335.9 335.2 334.5 333.4 330.5 339.8 345.9 348.3 352.2 364.6 375 384.7 392 403.5 417.6 425 441.8 454.8 462.2 490.3 510.4 528.3 541.5 553.4 568.1 585.6 598.9 610.2
247.1 254.8 264.9 274.1 284.4 294.6 303.1 311.2 321.1 330.4 338.3 346 352.7 358.8 363.8 366.2 365 357.2 333.9 310.7 295.8 273.7 256.2 239.8 226.6 222.5 229.4 242.7 251.2 256.7 266.5 278.6 290.9 302.7 316.1 328.6 340.7 349.2 356.3 364.7 375.7 383 386.6 384.1 378.5 369.9 365.3 360.1 356.6 359.5 359.2 356.6 352 347.6 344.6 340.5 353.1 359.2 364.6 362.2 369.8 376 381.1 389.6 400.5 410.7 425.5 445 467 494.6 513.3 528.6 543.4 554.9 576.2 588.4 601.5 612.1
239.6 250 258.4 270.7 282 292.1 299.7 308.1 317.4 326.7 334.8 342.6 349.5 355.7 361.5 364.8 364.4 361 344.4 313.1 298.8 281.4 262.5 244.1 225.5 219.6 228.6 240.3 248 255.4 264.2 274.3 288.2 302.7 314.2 327 339.4 347.8 354.8 361.7 372.9 381.7 389.5 389.9 384.9 377.4 375.3 372.6 370.1 372 373.4 373.5 371.7 365.1 359.6 354.4 353.4 365.6 370 377.7 383.7 388.8 395.5 398.1 409.1 419.5 431 450.2 475.2 495.9 516.3 530.2 544.5 563.5 580.8 589.6 600.2 609
234.1 245.8 257.3 268.7 279.9 289.3 296.3 303.6 313.6 322.6 331.1 339.1 346.1 352.3 358.6 362.8 366.2 361.4 345.8 323.3 298.7 282.7 261.6 243 222.9 220.3 230.6 242.8 251.1 258 266.2 275.4 292.4 304.3 316 327.4 336.9 345.2 352.4 359.5 369.6 380.3 388.7 390.5 389 384.4 382.8 380.9 381.1 382.1 383.8 385.1 385.3 381.1 374.6 367.7 357.8 366.5 378.3 386.9 393.4 398.5 407.3 416.4 414.9 425.8 439.2 456.6 483.5 506.1 523.8 536.1 549.8 567.7 580.2 588.5 596.3 607.1
230.4 242.1 254 265.6 275.4 283.5 291.5 300.2 309.7 318.5 327.1 335.3 341 348.1 356.6 361 363.9 351.4 338.4 318.7 294.1 273.7 256.8 235.1 219.6 218.6 233.6 244.9 251.2 257.1 265 276.5 290.7 303.8 315.2 323.4 332.7 341.3 349.2 356.9 366.2 377.1 387 391 391 390.2 388.9 388.2 388 390.2 392.5 394.2 394.1 392.5 388.4 379.4 369.5 369.7 379.8 390.2 397.2 407 417.2 426 428.4 433 446.1 461.3 489.7 512.4 525.9 542.4 557.5 572.6 580.3 589.2 598.7 615.5
226.9 237.5 248.8 258.9 269.9 279 288.2 297 306 313.8 321.5 331.3 337.5 344.4 352.7 358 352.8 339.3 324.9 304.3 279.1 262.6 246.4 224.5 218.2 221 233.6 241.8 249.4 255.8 266.3 278.8 291.7 302.5 311.4 319.5 327.6 339.1 346.8 354.7 363.7 373.3 383.8 390.8 391.2 392 391.9 392.9 393.5 395.7 398 400.2 401.2 401.7 399.7 390.2 374.6 380.2 383.5 385.3 395.1 405.1 414.8 423.1 430 438.7 450.2 467.3 490.3 512.4 530.2 546.2 562.9 573.7 581.1 591.4 605.6 619.1
222.2 231.7 241.4 252.8 264.1 274.4 284.5 292.9 300.9 308.9 316.8 326.8 334.1 341.5 349.7 351 339.1 326.2 310.1 286.7 263.9 249.5 232.1 218.1 216.8 227.7 240.9 245.6 251.1 258.3 267.9 278.7 291 301.9 311.3 318.6 328 337.5 345.1 352.2 359.9 367.8 378.5 385.8 390 392.9 394.9 396.3 396.7 399 400.8 403.7 406.3 407.9 408.2 400.2 380.7 386.6 393.7 394.1 398.3 404.3 414.4 423.1 433.3 443.8 458.5 475.8 507.4 522.7 533.2 541.7 555.7 569.2 579 593.7 608.8 622.2
217.8 224.5 237.1 247.6 258.2 268.6 278.1 287.5 295.7 303.8 312.6 321.4 330.2 337.5 343.8 339.2 322.4 313.3 293.7 267.4 249.4 235.6 220.4 216 219.7 239.5 246.7 250.7 256 263 272.5 283.7 293.8 302.8 309.4 316.2 322.5 331.1 339.9 347.1 354.6 362.1 370.6 380.5 389.1 394 396.6 397.7 399.2 400.8 403 407 410.1 412.2 414.3 410.1 394 390.6 397.3 401 406.1 405.6 411.4 423.5 434.7 446.8 465.1 492.1 519 530.4 536.1 546 558.5 566.4 579.4 595.6 614.7 625.3
214.7 223.7 234.2 242 252.5 263.1 273 282.1 290.9 299 308.3 316.7 324.2 332.1 335.5 322.8 308.8 300.7 276.3 251.9 236.4 221.6 214.7 215.9 228.1 244.7 250.3 251.9 257.5 266 275.2 285.7 293.3 299.9 306.6 309.8 315.3 324.2 332 341.2 348.6 355.9 365 374.4 387.5 393.1 394.2 395.7 397.8 400.5 403.2 407.6 412.1 415.3 418.6 420.7 406.3 393.9 399.7 406.3 415.5 416.6 420.1 427.8 437.8 449.1 472.6 503.6 534 539 540.5 548.4 558.7 567.4 581.1 600.1 616.2 627.5
211.5 220.9 230.7 237.9 247.6 258.2 268.1 277.3 286 294.3 303.5 311.7 318.2 323.2 325.6 306.9 296 280.8 260.1 238.3 220.4 213.5 213.3 229.3 236.8 241.2 245.1 247.7 255.1 265 273.1 282.1 289.1 294 297.3 300.6 303.2 308.1 319.1 332 342.1 350.5 359.7 367.6 382 388.9 390 390.7 392.7 398 403.4 408.4 413.6 419.3 422.6 425.3 421.7 410.6 399.3 407.6 420.9 422.7 429 436.3 445.1 460.4 481 515.7 535 540.8 541.8 549.5 559.8 569.9 583.6 602.9 617.6 628.1
208.3 217.1 226.4 234.1 243.5 252.5 262.5 272.9 281.4 289.6 297.6 303.7 310.5 312.3 308.9 283.4 280 261.5 242.1 214.7 213.4 214.1 214.3 220.1 227.2 233.8 238.2 242.5 251.2 262 270 277.9 282.6 282.5 281.5 278 282.6 288.9 298.2 315 331 343.7 352.5 362.9 372.7 378.6 380.5 380.9 385 394 401 407.1 415.7 421.9 427.3 429.4 429.2 424.5 418.8 412.5 414.6 425.8 433.2 443.3 454.4 479.8 508.9 522.7 532.2 539.8 544.5 550.7 561.5 573.9 589.6 607.9 619.3 625.7
204.8 214.2 221.9 229.6 238.1 247.9 257.3 267 277.1 283 289.1 294 299.6 297 290.4 272.1 261.4 243.1 225.8 211.9 214 214.2 220.2 215.5 221.5 228 234.8 240.2 248.4 258.6 265.4 270.6 270.1 264.9 262.2 263.9 267.8 271.5 284.2 299 311.4 327.5 344 355.2 362.1 358.8 358.6 361.8 376 390.3 400.7 409.6 418 424.8 430.6 432.8 432.8 435.6 432.6 431 425.1 433.7 442.1 452.5 467.8 496.1 523.1 532.8 536.5 540.5 546.3 554.1 566.2 579 595.6 609 617.6 623.8
200.7 208.7 217.1 225.4 232.7 243.2 251.5 260.2 267.3 273.9 273.9 280.3 283.2 279.6 266.3 252.4 241.2 225.9 212.8 210.6 215.2 220.1 224.5 216.4 219.5 226.2 235.3 241.2 248 252.7 257.5 257.2 250.9 257.5 266.7 275.7 283.3 287.7 285.8 282.9 298.2 311.8 328.2 341.7 348 334.6 345.9 357.5 372.6 388.4 402.9 411.1 421.2 427.1 431.8 435.8 439.9 445.7 448.3 444.9 440 441.5 451.3 462.9 482.8 504.9 522.9 533.2 539.4 544 551 560.5 571.3 585.8 599.9 609.6 617.4 622
191.6 201.1 209.9 216.3 225.5 233.4 240.5 250.1 255.9 259.6 259.3 255.1 260.6 253.9 242.2 231.8 223.5 214.8 208.1 209.4 212.6 223.8 228.7 230.2 218.2 222.2 234.5 238.6 242.1 245 245.7 245.7 257.3 268.9 280.3 289 296.6 304 306.1 300 296.2 301.2 316.1 328.6 330.9 336.9 352.8 367.8 383.8 395.4 403.5 413.3 421.2 428 433.8 438.4 443 452.4 463.6 459.2 454.1 455.8 463.9 480 501.1 515.9 528.6 535 543.6 548.2 560.2 572.5 582.2 593.9 602.1 610.2 614.8 617.9
192 193.9 194.6 202.8 214 219.3 226.2 230.9 235.5 238 237.6 239.2 238 229.7 221.1 217.8 209.3 208.1 209 208.8 218.8 226.8 230.2 233 221.6 219.6 228.8 233.4 232.1 237.1 244.9 255.7 266.2 276.9 286.8 296.3 304.9 313.1 323.3 323.5 318.9 315.5 312.9 315.1 327 341.2 354.9 371.5 391.3 402.7 410.7 417 424.1 429.9 435.6 440.6 448.1 459.6 469 471.6 470.7 472 480.2 495.6 511.5 527 540.6 550.2 559.2 567.7 580.5 590.4 595.8 599.7 603.5 609 611.3 612.5
200 198.3 193.9 193.6 195.5 202.7 211.2 215.1 216.6 218.9 216.2 216.5 215.7 211.3 207.4 207.3 208.2 208.4 211.7 219.9 225.4 231.7 235.3 238.7 235.9 224.4 222.6 233.9 236.8 244.4 254 263.7 272.4 280.1 289.7 299.7 308.3 318.4 330 338 340.1 339.7 336 335.8 344.3 358.7 371.1 383.1 400.2 410.3 414.9 421.2 426.1 432 437.8 444.4 454.1 466.4 477.9 486.3 493.5 495.1 500.5 512 522.7 542.1 562.3 573.1 583.7 589.8 595.5 601 604.1 602.5 603.2 604.4 603.7 604.7
208.5 208.8 206.6 205.7 200.2 202.1 200.1 199.4 202.3 201.5 202.2 205.1 205.5 205.2 206 208 215.7 219.4 222.2 226.8 231.5 237.2 240.5 243.5 245.8 238 224.3 230.3 235.7 243.3 254 264.7 273.7 282.6 291.1 299.2 308.7 320 331.4 341.7 346.9 353.6 360.4 361.9 369.1 380.4 388.7 398.5 409.4 414.8 419.6 423.7 427.3 434.2 441.1 450.3 465.1 477.5 492.4 515.5 523.8 524.1 523.9 536.6 551.8 567 582.6 593.3 601.1 600.9 601.3 602.3 600.3 598.4 599.9 598.1 598.7 599.6
221.5 218.7 217 216.6 207.6 208.2 211 212 217 217.2 218.5 221.7 220.3 219.7 220.9 223 225.1 227.3 230.5 234.1 242 246.2 249.2 251.6 253.7 251.3 235 226.2 229.1 239.5 251.3 263.5 274.2 283.1 291.3 299.1 307.1 318.1 330.9 341.8 350.1 358 367.4 377.1 385.7 394.1 400.6 409.9 416 420.2 422.2 424.3 428.7 435.7 444 455.9 471.2 489 513.2 540.2 550.7 555.6 560.5 565 581 584.3 588.4 594 595.8 598.6 593.7 590.8 585.5 586.7 584.9 589.8 594.3 594.8
230.7 229.3 227.5 226.3 222.9 210.8 215.8 230.6 232.2 238.9 247.1 250.4 248.7 244.3 240 239.8 242.6 243.6 248.9 258.1 265.3 262 258.5 261.1 264.7 264 249.2 234.9 226.7 234.6 246.2 262 273.5 283.1 290.1 297.5 305.6 318.4 330.3 341.6 350.9 360.4 370.2 379.9 391.3 399.8 408.1 414.6 418.9 421.8 421.6 424.3 428.5 434.4 446.3 459.7 479 504.1 530.7 540 550.6 556.4 567.4 575.6 579.4 578.8 581.7 580.6 580.7 577.9 569.1 569.6 569.7 570.7 579.8 587.9 592 591.1
232.2 237.8 241.1 238.6 233.8 224.7 238.7 250.8 257.1 263.5 269.7 272 273.2 272.2 268.3 264 263.6 269 276.9 284.1 287.4 284 273.1 274 278.1 277.9 263.7 245.4 232.1 227.9 239.7 256.8 270.5 279.7 286.8 294.4 303.7 316.8 330.7 341.1 350.2 360 369.8 380.9 393 401.6 408.7 414.5 419 421.2 421.5 423.2 425.4 435.5 453.2 462.9 474.5 490.5 511.5 534.6 543 549.7 557.2 564.1 564.4 564.3 562.8 550 546 547.1 547.4 552.9 556.1 569.1 579.1 587.1 590.8 590.2
