STL Generation/terr50_gagg_gb/data/SK18.asc
ncols 200
nrows 200
xllcorner 410000
yllcorner 380000
cellsize 50
[rows 140 to 174 of 200, columns 0 to 77 of 200]
500.2 503.3 505.5 506.9 505.4 505.3 504.3 502.4 496.8 491.7 486.8 481.8 476.1 469.3 462.8 457 451.2 445 437.5 433.3 430.2 425.4 422.4 415.7 409.3 406.6 405.4 400.8 398 395.6 394.8 394.1 393.3 393.3 394.5 394.6 394.3 395.1 396.1 396.1 395.6 395 395.4 396.2 397 397.9 400.6 398.8 400.3 400.8 406.2 410.8 419.1 409.9 403.1 398.4 398.2 397.1 393.2 391.9 391.2 389.9 388.4 383.1 379.3 380.7 384.5 387.5 392 379.9 356.2 331.6 302.1 271.8 254.9 243.7 234.3 227.8
496.1 498.3 499.4 500.8 497.4 493.6 489.5 485.1 479.9 475 470.2 465.8 458 450.9 445.9 440.6 435.3 430.1 424.8 423.2 418 411.6 405.7 402.3 400.3 397.7 395.2 394 392.1 390.1 388.5 388.1 388.4 388.6 389.3 389.6 390.2 392 393.1 392 391.7 390.3 391.1 392.2 392.2 392.8 394.1 395.8 398.4 401.4 407 413.3 413.4 408.2 404 400.2 398 395.5 392.2 391.9 391.4 390.5 390.4 385.9 381.2 373.4 382.1 387.8 392 385.1 367.7 341 314 284.4 264.1 251.1 239.4 232.7
487.4 488.4 488.7 487.2 480.9 476.4 472.2 467.7 463.9 460 456 451.2 444.5 437.1 432.1 426.4 423 416.5 411.8 406.1 402.8 401.5 399.2 395.8 393.4 390.9 389.4 388.2 386.4 384.7 383.8 383.9 384.7 384.3 385.4 385.4 386.6 388.4 389.5 389.9 387.3 385.7 386.4 387.6 389.6 389.1 390.5 391.5 396.2 400.7 407.7 414.7 412.7 407.4 403.9 401.8 399.5 396.9 395 393.6 391.6 388.1 387.8 384.5 376.7 363.8 376.2 384.7 392.8 389 375.6 352.4 327.5 304.7 281 261.8 250 239.9
475 472.1 469.4 467.6 464.4 460.9 457.4 453.9 450.6 445.8 441.8 436.6 430.9 424.8 419 412.9 406.8 402.4 398.3 396.4 395.3 393.5 391.5 389.2 386.7 385.3 383.9 382.5 381.1 380.4 379.8 379.8 380.9 381.5 381.9 381.1 382.9 383.4 383.8 385.4 382.9 381.2 381.6 382.6 384.1 386.1 388.8 390.9 394.3 399.5 408.3 414.5 412.8 408.7 404.8 402.9 400.8 399.1 398.2 398.1 398.4 399.6 398 390 377 357.5 362.5 384.3 396.5 395.4 385.4 363.7 339.9 317.8 296.8 277.3 262.4 251
458.5 455.9 453.8 453 451 447.1 443.9 440.9 437.2 432.3 427.6 422 416.5 410.4 403 399 396.6 393.9 391.7 389.1 387.6 385.6 383.9 383.2 381.5 380.1 378.8 377.5 377.2 376.5 375.8 375.8 376.8 375.4 377.3 379.5 380.9 381.2 380.8 379.9 379.7 380.3 379 380.2 380.7 383.8 387.8 389.7 393.2 396.9 406.6 412.6 414.4 410.4 407.3 405.7 404 403.1 402.6 403.7 405.6 409 408.7 406.6 392.4 365.1 347.9 361.3 378.7 387.5 391.1 372.7 351.6 330.6 310.4 290.2 272.1 258.7
443 442.4 441.5 440.6 439.2 435.4 431.5 428.3 424.4 418.5 414.2 409.3 403.4 398.7 393.8 391.5 389.7 387.3 385.8 383.2 381.5 380.8 380 378.9 376.6 375.2 374 373.2 373.2 372.6 371.9 372.5 370.6 372.7 374.2 382 388.8 384.2 376.7 371.9 374 377.6 377.9 379.3 381.2 382.7 385.5 388.3 390.5 395.1 400.1 408.8 415.5 413.1 410.4 408.9 407.3 407 406.8 407.7 410 413.1 413.7 411.9 398 380.4 355.6 337.6 346.4 353.5 363.5 374 362.7 327.8 300.4 280.4 258.4 258.7
431.5 431 430.6 427.3 427.1 424 419 415.4 410.1 404.9 400.8 396.9 392.9 389.2 386.3 384.1 382.5 380.6 379.3 378.2 377.7 376.8 376.1 374.3 371.8 370.4 369.6 368.8 369 370.1 369.6 368.5 370 369.1 376.1 381.1 374.1 368.7 374.9 387.2 396.1 397 396 392.9 389.5 386.8 389.4 394.2 398.9 396.9 398.6 406.2 416 414.4 413.9 413.1 412 412 411.7 410.9 410.9 414.2 414.9 411.4 403.2 387.6 362.1 342.8 327.1 317.8 327.1 339.1 344.7 310.3 277.1 267.5 281.6 285.4
421.6 420.9 419.4 415.5 412.1 408.4 405.9 401.5 399.5 396.3 392.6 388.8 384.8 382.1 379.5 378.1 376.5 375.1 374.6 373.5 372.2 372.3 372.1 369.6 367.4 367 366.7 366.2 366.4 367 366.1 365 365.6 367.7 368.8 368.7 376.8 391.1 403.7 411.7 410.3 409.7 411.4 411.2 408.3 403.4 400.6 405.2 408.6 406.8 400.7 405.6 413.9 416.1 417.8 418.5 417.9 419.1 419.4 416.3 415.5 417 416 411.1 405.2 395.5 384.4 361.5 349.8 328.8 307.7 306.5 300.9 281.6 282.3 303.4 327.9 320
409.7 409.4 408.6 404.4 401.8 397.3 394.2 390.8 389.1 386.4 383.9 381 378.8 376.9 374.9 374.8 372.4 370.2 370.1 368.7 367.5 366.3 365.5 363.5 364.9 364 363.5 363.4 363.8 363.7 362.9 361.6 362.1 365.9 375.2 387.7 403.4 413.2 418.6 418.4 416.8 416.7 418.3 418.6 415.4 413.4 412 412.1 411.8 411.9 408.4 411.3 414.9 417.9 420.3 422.1 421.6 422.5 422.4 420.7 421.7 422.3 420.9 417.3 411.8 407.9 400.6 391.3 382 355 329.6 297.3 293.2 301.1 315.4 350 359.3 350.3
398.4 396.8 396.2 393.6 389.4 387.4 384.9 383.5 381.2 378 376.9 375.6 374.2 372.5 370.2 370.4 369.2 366.6 365.8 364.9 363.9 362.7 361 360.3 361.9 361.1 360.3 360.8 361.4 360.4 359.7 359.2 362.6 370.9 386.9 403.1 411 415.5 419.3 420 419.2 420 419.2 418.2 417.3 416 415.7 414.5 413.4 413.4 411.5 413.1 417 420.5 422.9 425 425.5 425.8 425.8 426.4 427.6 428.1 425.9 423.2 420.2 415.5 408.3 403.6 394 393.3 367.4 340.7 325.5 339.3 371.9 387.4 380.7 373.9
389.1 387.4 385.5 382.8 379.4 378.3 377.1 376.9 374.4 372 371.1 370.3 369.1 368.1 366.4 366.7 364.7 363.4 362.4 361.3 360.4 358.9 357.2 355.8 355.7 357.6 357.3 358.1 359.4 356.4 356.9 359.3 363.5 374.3 390.1 403.8 412.9 418.2 421.7 422.1 420.7 420.6 419 417.7 416 415.2 415.7 415.5 414.8 415.3 413.8 415.2 419.4 421.2 423.9 426.7 427.3 428.6 429.2 430.6 431.9 431.1 430.8 428.3 425.8 422.2 417.1 409.8 403.5 399.4 394.3 382.3 370 366.8 392.8 393.2 388.9 385.1
378.1 378 376.3 375.6 374.3 372.3 371.3 369.6 368.5 366.6 365.8 365.2 364.7 364.2 363.6 363 361.4 360.4 359.3 358.6 357.7 356.4 354.6 352.6 355.8 354.7 354.6 355.2 356.9 354.8 356.6 356.7 362.7 376.5 393.6 404.2 414.4 419.6 424.6 424.7 421.8 420.4 417.8 415.9 414.2 413.9 414.6 416.1 416.4 417 417.5 419.5 420.5 421.4 423.8 426.2 427.6 429.6 432.3 433.6 434.4 433.7 432.8 431.9 429.5 426.7 422.9 418.5 412.7 408 401.4 395 393.4 392.4 392.7 393.2 391.6 390.3
371.6 370.8 370.1 369.2 368.5 367.7 367 365.3 360.4 361.4 361.9 361.4 360.9 360.4 359.9 359.4 358.6 357.9 357.2 356.5 355.2 354 352.5 350.2 352.1 352.5 348.7 352.9 353.4 351.6 353.8 355.4 363 377.9 394.9 408.1 415.9 421.4 425.2 425.2 421.8 420.7 415.5 413 412.1 412.1 412.5 416.1 417.6 418.2 419.3 420.6 420.9 422.2 424.3 427.1 427.9 430.1 433.1 435 435 435 434.7 433.2 431.8 430 427.5 425 421.5 416.5 410.9 403.6 396.6 395 394 393.1 391.4 391
366.6 366.1 365.2 364.4 363.8 363.1 362.4 360.5 359.7 359 358.8 358.4 358 357.5 357.1 356.7 356.5 355.8 355.1 353.8 352.7 351.5 351.4 350.7 345.9 345.8 346.9 347.7 348.4 354.1 354.9 356.7 364.1 376.6 392.8 406 414.2 419.7 423.1 419.8 416 411.8 409.6 410.4 411.2 413.2 415.1 417.6 418.2 419.8 420.3 421.2 422.5 424.1 426.2 428.3 429 431.3 435.8 435.3 435.6 436 435.5 435 433.9 433.2 433.1 430.5 428.2 424.7 419.2 412.5 404.9 400.1 394.7 392.7 391.2 389.7
362.1 361.4 360.5 359.6 359 358.1 356.3 357.5 356.4 356.4 356.1 355.7 355.3 354.8 354.4 354.2 354 353.7 353 351.3 350.2 350.6 348.6 347.8 343.6 349.6 354.7 359.9 364.3 360.2 359.1 363.2 366.6 377.5 388.2 402.9 411.4 416.6 418.2 413.1 408.7 407.6 410 417 422.3 426.7 429.6 429.1 422.6 421.7 421.8 422.9 424.1 426.1 428.1 429.8 430.6 431.2 435.6 437.3 436.8 436.1 435.5 434.6 435 436.6 437.9 436.9 434.8 431.2 426.4 422.3 416.8 411.2 403.4 396.8 392.8 388.4
356.8 357.3 356.6 355.8 354.9 353.5 350.4 352 353.2 353.8 353.5 353 352.6 352.1 351.9 351.6 351.4 351.2 350.4 349.3 348.8 347.9 345.5 343.3 342.9 352.9 364.2 374.5 380.2 377.4 369 370.5 370.1 379.2 388.5 397.4 405 407.3 408.5 405.6 406.4 415.4 425.8 434.5 441.7 443.3 442.7 438.9 427.2 424.6 424.4 425.7 427.7 428 429.5 431.7 433.6 433.2 434.9 436.6 436.6 436 435.2 434.1 434.9 438.8 440.5 440.8 440.3 436.6 431.6 427.8 423.7 419.7 413 405.8 399.7 393.5
354.1 353.7 353.1 352.4 351.7 350.7 350.9 351.2 350.4 351.3 350.9 350.3 349.9 349.6 349.3 349.1 348.9 348.1 348.4 347.8 347.1 346.1 344.6 341.6 354.8 368.5 379.3 390.1 394.1 390.2 383.5 369.9 373.5 381.2 387.8 392.1 396.3 398.3 398.8 406.3 418.1 429.1 442.1 450.6 454.2 455.5 455.2 449.6 438.9 433 430.2 430.4 434.2 436.1 435.9 435.8 437.7 436.3 435.8 435.1 436.5 435.9 434.7 433.6 435 437.8 438.6 439.7 439.8 437.4 434.2 432 429 424.6 420 413.2 406.6 399.2
350.7 350.2 349.7 349.3 348.6 348.9 348.4 347.7 347.6 348.7 348.2 347.6 347.3 347 346.8 346.5 345.9 345 345.6 345.9 345.2 344.3 344.8 354.6 368.7 381 391.8 401.9 403.1 397.6 391.3 381.5 374.7 382.8 387.8 389.3 392.1 398.5 408 418.7 431.2 444 456.3 461.9 463.4 464.6 464.9 461.5 454.8 451 448.6 445.9 444.1 443.1 441.5 440.5 440.7 439.2 438.3 437.5 436.7 435.5 434.4 432.9 432.9 431 432.4 433.7 434.4 433.7 431.8 430.9 430.9 428.3 423.5 417.4 411.3 404.5
348 347.6 347.8 347.8 347 344.5 344.6 344.1 344.6 345.8 345.9 344.9 344.7 344.5 344.3 344.1 342.6 342.4 342.9 342.8 342.5 343.7 349.1 359.9 374.6 386.2 396.8 403.9 406 402.8 394 381.2 384.1 383.9 385 394.1 401.9 412.2 424 436.2 447.7 456.8 464.3 467.6 471.3 472.2 471.8 469.3 463.4 460.8 457.1 453.9 450.8 448.2 445.7 444.5 444.2 442.4 440.9 440.1 439.1 436.4 433.1 429.2 428.7 428.1 428.2 428.8 428.8 429.4 429.7 430.5 429.4 426.6 422.5 418.6 413.1 407.9
345.5 345 344.9 344.9 346.4 341.3 341 341.5 342.3 344.1 345.5 342.8 342.5 342.3 342.1 342.3 340.7 340.2 340.5 340.4 343.1 346 353.5 363.2 378.1 388.5 395.3 401.2 403.9 399.1 391.4 379.4 381.6 386.3 396.9 406.5 415.6 428.6 440.7 449.8 456.4 463.3 467.6 471.7 474.7 475.6 475 472.1 466.4 465 462.2 458 455.7 453.3 450.8 448.8 448.4 446.8 444.9 442.8 441.4 438.3 432.8 428.1 426.6 425.4 424.9 425.2 424.5 424.9 426.3 428.9 428.6 425 421.1 419 416.4 412.7
343.4 341.9 342.3 341.8 342.2 340.3 340.7 340.1 339.9 342.1 342.4 340.8 341.2 340.3 340.2 340.5 339.4 339 338.3 340.4 343.6 348.4 356 367.4 379.2 388 394.1 398.9 398.8 392.7 387.5 385.4 391.7 402.7 412.9 422.6 430.3 441 449.4 456.6 461.8 466 468.8 472.4 475.9 476.5 475.1 472.3 469.5 466.7 464.4 461.5 459.9 458.4 456.2 453.9 452.8 450.4 449.2 447.3 444.3 441.3 430.5 427.3 424.6 423.1 422.2 421.8 420.7 420.3 422.7 425 426.2 423.5 422.9 421.7 419.9 418
341.3 340.3 340.8 340.6 339.7 338.9 338.5 337.9 338.7 338.7 338.6 338.4 338.6 338.8 339.4 338.9 338.1 336 340.2 342.1 345.1 350.9 359.2 371 383.6 392.6 398.3 398.7 396.8 390.2 391.5 392.2 406.4 419.9 430.8 437.7 442.8 448.6 454.9 459.9 465.2 468.5 471.3 474.2 475.8 476.2 474.2 471.4 470 467.9 465.5 464.3 464.1 463.5 462.3 459.7 458.1 455.5 452.5 450.9 445.3 440.1 433.1 427.9 424.8 422.2 421.5 418.9 419.2 420.8 421.2 424.2 425.6 426.6 426.8 427.1 425.2 422.6
340.1 338.8 338.9 338.8 337 336.1 335.1 334.6 335.5 334.3 334.2 334.2 334.8 335.6 337.6 337.3 331.2 337 340 344.4 348.6 354 361.5 371.5 387.8 398.4 403.8 402.8 396.5 391.3 394 403.1 419.6 434.9 444.2 446.2 449.3 452.8 457.8 462 465.8 470.1 472.7 473.5 474.1 474.5 473.1 471 470.3 470.6 469 467.3 468.2 466 461.5 459.8 460.4 457.8 452.4 448.8 443.9 439.1 432.5 428 424.4 421.7 420.3 419.1 418.9 420.1 421.3 423.4 426.4 428.8 430 430.6 429.8 426.3
337.3 337.2 337.1 337.1 334.6 333.4 332.3 331.4 332.7 331.1 330.8 330.4 331.1 332.6 335.2 333.6 330.6 337.3 342.4 347.2 354.3 360 367.2 378.4 393.2 405 410.8 408 397.9 393.1 396.9 408 426.2 441.2 446.9 448.2 452.2 455.2 458.6 461.4 464.2 468.3 470.9 471.8 471.9 471.6 470.8 471.3 470.9 471.2 470.2 469.8 470.1 467.7 465.6 461.5 459.1 457.6 451.8 447.7 443 438.2 432.6 427.7 424.1 421.5 419.8 419 418.9 419.4 420.7 422 425.4 427.8 428.7 430.4 430.8 425.9
335.6 335.5 335.5 335.4 334.2 333.7 330.3 328.5 332.4 330.4 328.2 329.7 331.4 334.6 330.9 331.2 338.3 341.2 345.1 351.7 359.5 366 373.9 383.5 395.6 407.6 417.2 408.8 395.5 392.3 398.9 411.8 428.8 439.5 445.6 448.7 450.8 453.9 457 460 463.1 466.1 467.9 468.7 469 468.8 469.3 470.3 471.1 471.2 470.5 470.7 469.9 466.7 464.4 461.7 457.5 453.8 450.3 446.4 442.1 437 431.4 428.1 424.8 422.3 421.2 420.3 419.8 418.9 419.3 420.9 423.2 425.5 427.1 428 425.9 421.1
333.9 333.7 333.6 333.7 332.3 329.7 330.5 326.9 332.6 332.6 331.4 335.2 336.4 339.1 339.3 340.4 343.2 344.6 346.6 354.2 362.2 369.9 377.6 385.5 394.7 403 404.6 399.1 391 386.7 395.5 410.5 425.6 436.9 444.4 447.5 449.2 451.3 454.2 457.1 460 462.6 463.5 464.3 466.5 466.4 467 468.5 469.5 469.5 470.4 470 468.3 464.7 461.9 459.4 456.3 451.7 448 444.5 441 436.2 431.6 428.9 426.3 423.9 421.5 418.9 419.2 418.8 418.7 419.1 420.6 421.7 422.5 420.8 419.1 416
332.4 331.8 331.8 330.7 331.7 327.5 331 327.3 336.1 338.5 338.8 340.4 341.9 344.1 345 346.7 349.4 351.2 350.2 355.5 363.9 371.1 378.5 386 392.2 392.5 390.6 388.4 384.4 382.9 389.1 403.2 418.4 431 438.8 443.4 445.1 447.5 451 453.9 456.8 458.2 459 459.9 463.4 464 464.7 466.3 467.8 468 467.9 467.7 465.8 462.2 460.4 458.6 454.3 449.9 447.4 444.3 440.8 436.7 432.3 429.2 427.4 425 422.3 420 417.4 415.2 414.3 414.2 415.7 416.6 416.1 414.7 412.9 409.8
331.4 330.6 330.3 330.1 330.5 324.7 332.5 335.4 337.9 339.1 341.9 344.6 346.9 349.1 350.6 353 355.8 357.6 356.3 357.2 364.7 370.6 376.5 380 383.3 383.7 381.6 381 380.4 382.8 386.2 392.9 404.4 417 430.7 437.5 440.7 443.5 447.2 450.7 452.8 453.8 455.2 457.3 460.3 461.5 462.5 464.2 465.2 465.5 465.4 465.1 463.3 460.4 459 455.8 451.5 448.7 446.2 443.6 440.5 436.2 432.6 429 425.2 424 421.5 419.2 416.3 413.1 410.9 410.1 409.7 409.7 409.6 408.9 406.3 403
329.9 330 330.1 326.1 330.2 331.1 332.7 337.8 340.7 342.9 345.3 347.9 350.1 353.6 356.5 359.5 360.9 362.4 362 361 364.4 370.2 374 376.6 376.8 376.2 380.7 384.1 384.2 388.1 397.3 396.8 396.5 407.2 419.8 430.8 434.9 439.1 442.2 446 449.5 451 452.9 455.8 458.1 460.4 460.6 461.8 462.6 463.1 462.9 462.6 460.5 459.9 456.3 453.2 450 447.4 444.7 442 438.4 433.6 430.1 427.4 422.8 422.6 420.6 419 416.6 413.3 410.4 407.9 408.9 410.4 409.3 410.6 409 406.3
328.4 329.1 329 326.9 332.8 336.3 336.9 341.3 344.6 347.3 349.3 350.8 354.2 358 360.9 363.1 364.9 366.1 367.3 366.7 365.7 369.4 372.3 369.6 370.9 372.9 385.2 391.1 396.2 401.2 392.7 395.3 364 403.3 413 423.4 429.9 434.5 437.4 440.3 443.8 447.3 450.1 452.5 455.3 456.8 458.2 458.8 459.7 460.4 460.4 459.8 457.8 456 453.6 451 449.5 446 442.9 440.2 435.9 431.4 428.4 427.9 423.6 422.8 421.4 419.7 417.5 415.4 413.5 410.9 411.7 412.5 414.4 416.3 414.1 413
327.3 327.8 323.2 331.3 335.4 339.5 342.5 346.8 350 353.7 356.3 357.5 358.2 361.1 362.8 364.6 366.4 368.2 369.3 369.5 369.7 369.8 369.4 369.4 379.5 387.7 391.4 400.1 389.3 364.9 364.9 364.5 363.6 362.7 395.1 415.1 424.7 429.7 433.3 436 438.8 442.1 446.7 450.1 452.1 454 455.4 456 456.5 457.5 458.5 456.3 454.3 452.3 450.6 449.7 448.5 446.8 443.3 439.8 436.8 432.9 430.5 429.2 425 423.7 422.3 420.9 419.6 417.8 416.4 415.3 415.2 416.5 417.6 418 418 417.8
325.7 326.5 321.4 333.2 337.9 342.7 348.3 352.3 356.1 359.7 359.9 360.9 360.6 363.1 363.2 364.9 366.9 369.7 370.1 370 369.8 369.6 371.2 378.7 388.1 389.2 385.7 366.5 367.5 366 365.9 364.6 362.9 361.9 361.6 375.5 391 390.9 395.3 416.3 430.6 438.3 443.3 447.3 448.9 451.6 452.6 453.3 454.2 455 453.5 452 450.8 449.7 448.7 447.7 446.8 445.8 444.2 440.5 438.5 434.7 432.3 429.4 425.2 423 423.4 422.1 420.6 419.4 419.3 417.7 418.3 418.9 419.1 419.4 420.1 421.2
322.3 327.8 329.8 335.5 341.5 346.9 352.1 356.8 361 360.8 361.9 362 362.3 364.3 364.8 365.4 367.5 371.3 369.9 370.1 370.1 369.6 373.6 388.6 389.7 387.6 384.5 380.5 370.1 368.8 367.2 375.1 391.9 378.2 362.9 361.4 360 358.2 408.6 433.2 434.3 436.5 439.9 443 446 449.1 450.1 451.3 452.6 452.3 450.4 447.3 446 444 443.7 444.6 443.9 443 441.8 439.9 438.4 434.6 430.9 427.9 425.1 421.8 422.1 421.7 420.2 419.5 420.7 419 420.8 420.1 420.5 421 421.8 422
321.7 325.9 330.8 337 343.5 349.3 352.8 357.1 359.7 360.5 361.7 362.5 363 362.1 362.3 365.3 378.6 377.3 374.7 371.7 372 376.9 385.3 392.5 405.8 383.4 380.8 378.1 372.2 372.4 399.2 439.4 443 440 421.8 396.1 364 388.8 435.1 436.9 435.7 434.6 438 441.1 444.1 447.2 449.9 451.2 451 450 448.3 443 441 440 439.2 440.3 440.6 439.8 438.3 436.3 434.3 430.8 428.7 426.2 423.5 420.8 420.2 419.7 419.3 419.2 419.6 420.5 420.8 421.1 422 422.5 423.3 422.5
322.9 326.9 331.9 338 343.3 349.2 352.7 355.4 357 357.7 358.9 359.4 359.3 360.1 361.6 362.8 370.3 371.7 374.4 371 366.8 383.9 386.9 395.3 395.8 373.2 373.8 373.7 375.6 409.1 453 454.6 453 452.3 449.9 448.1 446.8 444.9 439.9 436.2 430.7 430.3 436.4 441 442.6 445.4 447.2 448.8 448.7 447.6 445.2 440.2 438.2 436.2 434.9 435.8 434.7 433.4 432.1 430.8 429.6 428 426.2 423.9 421.3 419.6 419.4 418.9 418.6 418.9 419 420.3 421.9 421.6 423.5 424 424 423
