STL Generation/terr50_gagg_gb/data/SK33.asc
ncols 200
nrows 200
xllcorner 430000
yllcorner 330000
cellsize 50
[rows 38 to 75 of 200, columns 85 to 169 of 200]
81.7 86.3 86.7 86.4 86.6 87.2 86.2 83.6 82.5 82 83.2 81.8 81.2 79.7 78.7 71.2 63.1 55.6 50.2 49.4 48.6 48.2 47.8 48.4 48.8 48.7 48.7 48.6 48.6 48.3 48.1 48 48.7 47.8 48.2 48.2 48.2 49.3 49.5 51.3 52.6 51.9 53.9 56.7 59.2 62.9 69.2 74.7 79.4 86.1 86.9 87.2 86.8 85 83 84.4 88 91.4 92.2 92.5 92.9 93.5 94.1 94.6 94.5 93.3 92.5 92.1 92.1 92.7 92.8 91.8 88.3 84.5 81.2 77.2 74.1 72 71.6 71.1 72 74.4 76 80.9 82.3
81.1 83.3 85.1 84.3 83.9 84.1 82.9 81.6 81.1 81.3 82.3 81.9 81.2 79.6 75.9 69.7 61.1 54.7 49.8 49 48.4 47.9 47.9 48.3 48.6 48.7 48.6 48.4 48.3 48.1 48 48.1 49.5 48.3 49 49.3 50.4 50.5 50.6 50.4 52.9 51.3 54.1 56.9 58.6 61.8 67.5 71.8 78.2 85.8 85.6 85.5 85.1 83.2 81.6 84.9 87.7 89.9 90 90.1 90.6 91.2 91.6 91.9 91.7 91.1 90.5 89.9 89.5 89.9 90.8 89.9 86.7 83.1 79.5 77.3 73.4 71.3 70.4 70 70.8 72.5 73.8 75.1 80.9
80.4 82.8 83.5 82.9 81.2 79.9 79.1 79.5 79.6 80.2 81.2 81 80.7 80.3 76 70.2 61.3 53.8 49.8 48.7 47.8 47.9 48 48 48.2 48.5 48.6 48.5 48.3 48.2 48 48.3 49.6 48.7 49.4 50.3 50.2 50.5 50.7 49.4 48.9 51.6 54.3 54.9 57.7 60.8 66.5 71 75.9 83.7 84.5 83.9 83.3 81.7 80.6 83.5 84.5 85.4 86.4 87 87.6 88.6 88.6 88.8 88.3 87.8 87.5 87.1 86.7 86.8 88.5 88.2 86.2 83.2 79.6 76.1 72.9 70.9 69.6 69.1 69.8 70.9 72.2 73.4 74.6
79.2 81 81.1 80.6 79.2 78 76.8 76.9 78.1 79.7 81.3 81.4 81.1 79.2 74.7 67.2 58.8 53.5 49.9 48.7 48.1 48 48 48 48.1 48.1 48.4 48.5 48.4 48.2 48.2 48.5 49.1 49.1 50.6 50.2 50.5 50.5 49.1 50.8 49.7 50.9 53.1 53.9 56.7 60.2 64.3 68.7 74.9 82.6 83.6 83.2 82.6 80.8 79 79.3 79.6 80.2 82.6 84 85.3 86 86 85.8 85.4 85 84 84.1 83.8 84.8 85.9 86.9 85.9 83.7 79.9 76.2 73.5 70.7 68.3 67.7 68.1 69 70.4 71.5 72.9
76.7 79.1 79 78.2 77 75.9 74.8 75.8 77.3 79.4 81.5 81.9 81.5 79 73.4 65.2 57.7 52.1 48.5 48.3 48 48 48 48 48.1 48.1 48.2 48.3 48.4 48.3 48.4 48.6 49 49.3 49.9 50.2 50.4 50.3 49.1 50.3 49.7 50.1 51.8 53.6 56.1 59.3 63.1 68.5 72.8 81.6 82.8 82.8 81.8 80.1 78.3 77.8 77.8 78.2 79.4 81.3 82.9 83.3 83.6 83.9 83.8 83.4 82.5 82 81.8 82.1 83 84.3 84.1 82.8 81 77.2 73.9 70.9 67.9 66.5 66.9 67.3 68.3 69.4 70.3
75.2 75.6 75.9 75.3 74.7 73.5 73.2 75.4 78.6 80.3 82.1 82.9 82.1 78.8 72.7 64.4 56.9 50.8 47.7 48 48.1 48 48 48 48.1 48.1 48.2 48.2 48.3 48.3 48.6 48.8 49 49.3 49.7 49.9 49.8 49.8 50.7 49.1 49.5 49.9 51 52.5 54.3 57.8 61.8 65.8 72.3 79.6 81.4 82 81.3 79.9 77.8 76.8 76.9 77.3 77.9 79.2 80.8 81.3 82.1 82.3 82.5 82.2 81.1 79.9 79.6 79.7 80.4 81.1 81.8 81.1 79.9 77.5 74.4 71.2 67.8 65.5 65.9 66 66.6 67.6 68.7
71.9 72.4 72.3 72 71.6 71.1 71.7 74 78.2 81.8 83.2 83.5 82.1 79.1 71.8 63.4 54.5 49 47.7 48.1 48 48 47.9 47.9 47.9 48 48.1 48.1 48.2 48.3 48.3 49.2 49.4 49.3 49.4 49.8 50.1 49.7 49.6 50 51 52.3 52.5 52.1 53.2 55.5 59.5 64.4 71.5 77.9 81.1 80.9 80.6 79.2 77.1 76.1 76.4 76.7 77 77.7 78.8 79.9 80.9 81.3 81.7 81.2 80.1 78.8 78.2 78.1 78.6 78.7 79.2 79.6 79.7 77.4 74.2 71 67.7 64.4 64.6 64.8 65.4 66.3 67.2
69.9 70.3 70.4 69.2 67.5 68.7 71.5 74.1 79.2 81.5 82.4 82.8 82.1 78.9 72.2 64.1 52.1 48.5 47.7 48 48.1 48.1 47.9 47.9 47.9 47.9 47.9 48 48.3 48.4 48 49.2 49.5 49.2 49.3 49.7 50.8 51.4 51.4 51.5 50 49.3 50.1 49.5 51.6 54.3 57.5 62.3 68.9 76.4 79.5 80.1 79.3 78.3 76.4 74.8 75.5 76.1 76.3 76.7 77.4 78.4 79.8 81 80.9 80.6 79.2 77.9 76.7 76.1 76.2 76.4 76.9 77.5 78 75.8 72.6 69.3 66.1 63.8 63.5 63.7 64.4 65.1 65.4
67.8 68.6 68.6 66.9 67.3 68.1 71.7 75.8 79.2 81.1 81.7 80.9 77.8 75.1 69.2 62.3 50.8 48.4 47.7 48.1 48.2 48.3 48.2 47.9 47.8 47.8 47.8 48.1 48.6 48.4 48.2 48.9 49.5 49.3 49.5 50.2 50.4 50.1 48.4 48.3 48.2 48.1 49 49.1 50.2 52.6 55.4 60.2 66 73.2 77.1 78.7 78.2 77.2 75.8 74.2 74.1 74.7 75 75.5 76.3 76.8 78.2 79.1 79.7 79.7 78.8 77.2 76.1 74.7 74.3 74.6 74.5 75.3 76 73.9 70.6 67.7 64.7 63.3 62.3 62.5 62.6 62.8 63.6
66.1 67.5 67.3 65.3 66.9 69.4 74.1 76.8 79.2 80.5 79.9 77.9 73.2 70.1 64.7 57.8 51.9 49 48.2 48.1 48.1 48.3 48.4 48.1 47.8 47.8 49.3 48.8 48.9 48.8 48.6 49 49.4 50.4 50.3 50.4 50.6 48.1 48.5 48.5 48.4 48.2 48.1 48.8 49.5 51.2 53.6 57.8 63.8 69.5 75.7 76.9 77.5 76.4 75.1 73.5 72.8 73.4 73.9 74.4 75 75.4 76.4 77.5 78.4 78.7 78.7 78.3 76.5 75.2 74 73.1 73.2 73 73.2 71.8 69.2 66.9 65.2 62.6 61.2 61.2 61.1 61 62.6
64.4 64.8 64.7 64.1 66.9 72.8 74.8 77 78.4 78.7 77.9 77 74.3 72.4 68.3 60.7 52.3 48.7 48.1 48.2 48.5 49.1 49.5 49.1 49.2 49 48.8 48.9 49.2 50.8 52.6 49.7 50.5 51.2 50.9 50.6 50.5 48.2 48.6 48.8 48.6 48.4 48.1 47.9 48.6 49.9 51.7 55.5 60.4 65.7 73 75.7 75.8 75.6 74.3 72.7 72.2 72.2 72.9 73.4 73.5 73.8 75.2 76 76.9 78.3 79.1 79.1 78.2 77.4 76.1 74.2 72.9 71.6 70.1 68.8 67.3 65.3 63.7 61.9 60.3 60 60 60.1 61.2
62.1 62.9 62.6 63.7 66.9 70.8 74.7 75.9 77 76.7 76.1 77.6 77.3 76.2 73.8 64.8 54.7 48.1 48 48.3 48.7 49 49 48.7 48.5 48.5 48.4 49 49.1 48.8 49 50.2 51 51.2 50.8 50.5 48 48.3 48.7 49 48.8 48.4 47.8 47.7 47.8 48.9 50.2 53.6 58.1 63.4 70 74.6 75.3 74.9 73.6 72 70.4 71 72.1 72 72 72.1 73 74 75.8 78.1 79.1 79.7 80.3 79.6 78.3 76.2 73.9 71.6 69.1 66.8 65.5 64.1 62.6 61.9 60.4 59.5 59.4 59.2 60.7
60.7 61.5 61.5 63.3 66.2 68.9 70.5 73.6 75.2 75 74.7 77.3 77.9 77.4 75 67.4 57.5 48.4 48.1 49.1 49.3 48.8 48.7 48.3 48 48 48.2 48.4 48.3 48.2 47.7 50.6 50.8 51.1 50.7 50.3 48.2 48.6 48.9 49.1 48.6 48.1 47.6 47.6 47.6 48.2 49.1 51.9 56.3 61.9 69.9 74.2 74.7 74.3 73.3 71.9 70 69.7 69.8 69.9 69.8 70.3 71.1 72.3 75.9 77.3 78.6 79.9 80.4 81 78.8 76.6 74.5 72.3 71.4 68.1 66 65.2 63.6 62.1 60.6 59.3 59 58.7 60.1
59.7 60.1 60.9 62.4 64.4 65.8 67.5 69.5 71 71.6 73.1 75.2 76 75.6 74.1 70.1 60.1 49.3 48.4 47.9 47.8 48.4 48.3 47.9 47.6 47.6 47.8 48 47.8 47.6 47.5 51.4 51.9 51.3 50.1 50.1 48.2 48.5 48.7 48.6 48.3 47.7 47.5 47.5 47.9 48.4 48.9 50.2 53.9 60.2 68.1 73.5 73.7 73.2 72.5 71 69 67.6 67.2 66.9 67.5 68.4 69.2 71.1 73.6 75.7 77.5 78.8 79.9 79.8 77.8 76.6 76.1 74.3 72.1 69.4 68.3 66.7 64.1 62.3 60.4 59.4 59.1 57.6 58.6
59.1 59.3 60 61.4 62.8 64.1 65.3 66.3 68.4 69.8 71.3 73.2 73.8 73.9 72.6 69.6 64.7 49.2 48.4 48.1 48 47.8 48 47.6 47.2 47.4 47.6 47.7 47.6 47.5 48.3 50.4 51 51.4 49.4 49.5 48 48.1 48.3 48.1 47.8 47.7 47.7 47.6 47.8 48.1 48.6 49.1 51.1 57.9 65.7 71.6 71.8 71.7 71.1 69.8 68.4 66.8 65.5 65.7 66 66.7 68.1 69.9 71.9 74.1 76.2 77.3 77.8 76.9 75.9 74.8 74 72.9 71.5 69.9 67.9 66.7 64.4 62.7 60.6 59.8 57.9 56.4 57.3
58.8 58.6 59.2 59.9 61.3 62.4 63.9 65.8 67 68.3 69.5 71.1 71.5 71.3 68.9 66.6 63.8 49.3 48.4 48.6 49.1 48.8 47.5 47.5 47.4 47.3 47.4 47.5 47 47.1 49.3 50.2 50.6 51 49.1 49.4 47.8 47.8 47.8 47.6 47.6 47.6 47.7 47.7 47.8 48.2 48.5 48.6 49.8 55 61.3 69 69.9 69.7 69.6 69.3 68 66.1 65.7 64 64.7 65.4 66.4 68 70 71.8 74 75.4 75.2 74.5 73.4 72.6 71.9 70.9 69.7 68.1 66.9 65.7 64.3 62.9 61.4 59.5 57.3 55.3 56.5
58.1 57.9 58.2 58.8 59.8 61.3 63.2 64.6 65.9 66.9 67.4 69 69.5 68.7 67.2 65.7 62.9 51.6 48.5 48.5 49.3 48.3 47.3 47.4 47.4 47.4 47.4 47.4 46.7 46.5 47.1 50.1 50.2 50.3 49.7 48.3 47.8 47.7 47.6 47.6 47.6 47.7 47.7 47.7 47.9 48.1 48.3 48.4 48.8 51.2 57 64.8 66.9 68 68.5 68.3 67.6 66.2 65.6 64.4 64.1 64.4 64.7 65.9 67.5 68.7 70.6 72.5 72.7 71.7 71.1 70.4 69.7 68.9 68 66.5 65.4 64.1 62.6 61.1 59.6 58 55.8 55 56.1
57.5 57.2 57.3 58.4 59.4 60.3 62.8 63.6 65.1 65.8 65.7 67.7 67.7 67.2 66.2 64.6 61.6 55.2 48.6 48.8 48.8 48.1 47.1 47.1 47.1 47.1 47.2 47 47.3 47.8 48.4 50.2 50.2 50.4 49.7 48.3 47.7 47.6 47.5 47.5 47.5 47.5 47.6 47.6 47.6 47.8 48 48.2 48.3 49.7 54.5 60.4 65.6 66.7 67.5 67.5 67.1 66.2 64.8 63.8 63 62.9 63.2 63.4 64 65.5 67.1 69.1 69.6 69.4 69 68.2 67.4 66.8 66.2 65.1 64 62.4 60.8 59.2 57.8 56.2 55.3 54.7 55.4
56.6 56.3 57.1 58.8 59.9 60.2 60.9 62.4 64.3 65.1 65.2 66.7 66.1 65.6 64.4 62.4 60.5 58.1 49.4 49.2 48.6 47.7 46.9 46.9 46.9 47 47.1 47.3 47.8 48.3 48.8 50.2 50.3 50.3 50 48.1 47.6 47.5 47.4 47.4 47.3 47.4 47.4 47.5 47.5 47.6 47.7 48 48.2 49.1 52.6 58.9 65.1 66.1 66.7 66.5 66.2 65.6 64.2 63.2 62.4 61.6 61.4 61.6 61.6 63.3 65.1 66.2 67 67.1 67.1 65.9 65.1 64.8 64.7 63.7 62.4 60.8 59.2 57.5 56.1 55.1 54.3 54.9 56.2
55.5 56 56.7 57.9 58.5 59.4 60.2 61.1 62.3 63.3 63.9 64.8 63.1 64.7 62.9 60.5 58.8 55.1 52.3 49.1 48.3 46.9 46.8 47 47.1 47.3 47.4 47.7 48.1 48.5 49 50.3 50.3 50.2 49.9 47.7 47.5 47.4 47.3 47.3 47.2 47.2 47.3 47.3 47.4 47.5 47.5 47.6 48 48.6 51.2 57 62.4 65.7 66.1 66.2 65.7 64.8 63 62.2 61.4 60.8 60.3 60.4 60.3 61.4 62.8 64 64.9 65.1 65.2 64.2 64 63 62.6 62.3 61 60.1 59.2 58.6 56.2 54.8 54.1 55.7 58.1
54.9 55.2 56.1 56.7 57.2 57.9 58.7 59.4 61.6 61.5 60.6 59.9 62.8 63.3 61.8 60.3 57.8 55.9 49 48.8 46.7 46.2 46.9 47.1 47.2 47.4 47.4 47.9 48.5 49 49.4 50.1 50.3 50.1 49.7 48.2 47.4 47.3 47.3 47.2 47.1 47.1 47.2 47.2 47.2 47.3 47.4 47.5 47.7 47.9 50.1 54.8 61.3 64.7 66.6 66 65.5 64.1 62.2 61.2 60.7 60.2 59.7 59.2 59.1 59.6 61 62.2 62.8 63 63.4 62.8 62.4 61.8 61.4 61.2 59.9 59.1 60.9 59 56 54.6 53.8 56 59.7
54.2 54.6 55.1 55.6 56.1 56.6 57.3 57.8 58.2 61.6 60.7 59.3 61 60 59.8 59.2 57.3 55.5 47.5 48 48.9 46 46.9 47.3 47.3 47.3 47.4 47.8 48.3 48.9 50.2 49.9 50.1 50 49.7 48 47.2 47.2 47.2 47.1 47 47 47.1 47 47.1 47.2 47.4 47.5 47.4 47.4 48.9 52.8 60.1 64.5 65.9 65.5 64.7 63.6 62.1 60.8 60 59.5 58.9 58.4 58 58.4 59.3 60.3 61 61.3 61.6 61.3 60.8 60.3 60.1 60.3 59.2 57.8 59.7 57.5 55.8 54.2 53.5 56.6 59.5
53.6 54 54.3 54.8 55.2 55.4 55.8 56.6 57.6 57.9 58.2 57.7 57.9 58.5 58.4 58.2 57.1 54.6 48.6 48.2 48.2 46.1 46.6 47.4 47.3 47.2 47.2 47.6 48.1 48.3 49.4 50.1 49.9 49.9 49.6 47.9 46.9 46.9 46.8 46.9 46.9 46.9 46.9 46.9 47.1 47.3 47.2 47 47 47.1 48 50.5 59.6 63 65.2 65.1 64.2 63.2 61.8 60.7 59.5 58.8 58.2 57.7 57.3 57.3 58 58.8 59.1 60 59.9 59.8 59.2 58.9 58.7 59.3 58.6 57.5 58.6 57.6 55.8 53.9 53.5 56 58.9
53.1 53.3 53.6 53.9 53.8 53.7 54.3 54.5 55.5 55.9 56.9 57.2 57.2 57.5 57.5 57.3 56.2 53.9 49.2 48.2 48.3 47.6 46.2 47.6 47.4 47.4 47.4 47.4 47.5 47.6 47.4 50.1 50 49.7 49.3 49 46.6 46.6 46.6 46.6 46.6 48.3 47.5 47.1 47.1 47.1 47 47 46.9 47 47.3 51.6 57.4 62.8 64.8 64.9 64 63.1 62 60.7 59.6 58.4 57.5 57 56.6 56.6 56.5 57.3 57.9 58.2 58.3 58 57.5 57.4 57.5 58.4 58.1 57.7 58.7 56.9 54.2 53.5 53.3 55.4 58.3
52.4 52.4 52.7 53.4 52.5 52.5 53 53.5 54.4 54.8 55.3 56.3 56.7 57 57.2 56.4 55.4 53.8 50.7 48 48 47.5 46 47.5 47.6 47.5 47.6 47.5 47.4 47.4 46.7 46.9 49.9 49.8 49.2 48.7 46.3 46.4 46.5 46.6 46.8 46.8 47 47.3 47.1 47 46.9 46.9 46.8 47.1 47.3 51.1 55.9 60.4 61.3 64.2 64.1 63.3 62.3 61 59.7 58.5 57.6 56.8 55.9 55.7 55.7 55.8 56.1 56.4 56.4 56.2 55.9 56.2 57 57.9 57 57.2 56.9 54 53.5 53.1 52.9 54.9 57.7
51.6 51.2 51.5 52.2 51.5 51.7 52.2 52.3 52.6 52.6 54 55.2 55.1 56.3 57.1 56.1 55.3 54.8 51.2 48.5 48.1 47.7 46 47.8 47.7 47.7 47.6 47.4 47.2 47.2 47.3 47.4 49.7 49.6 48.8 48.3 47.5 46.2 46.2 46.2 46.3 46.7 46.8 47 47.1 47.1 47 46.9 46.9 46.7 46.8 49.6 54.2 56.3 61.9 63.4 63.5 63.5 62.7 61.5 60.1 59 58.2 57.3 56 55.1 55.1 54.8 54.8 54.9 54.9 54.8 54.5 55.4 56.4 57.3 56.3 57.1 55 53.3 52.6 52.4 52.4 54.1 56.8
51.5 50.9 51.2 51.1 50.7 50.9 51.1 51.1 51.4 51.3 52.2 52.8 54 56.4 56.6 55.9 55 54.9 51.1 49.9 48.9 49 46.1 48.7 47.9 47.7 47.4 47 46.8 46.7 46.9 47.1 50.6 48.9 48.4 48.2 47.3 45.8 45.6 45.6 45.8 46.3 46.8 47.1 47.1 47.2 47.1 47.1 47.1 46.9 48.6 49.4 52.4 56.5 59.2 63.2 63.9 63.6 63.2 61.7 60.4 60 59.3 58.1 57.1 55.6 54.3 54.1 54 53.8 53.6 53.7 54.5 55.2 55.9 56.2 56.5 56.6 53.7 51.3 51.2 51.4 52.3 54.2 56.3
52.1 51 50.7 51.3 50.8 50.4 50.6 50.5 50.2 50.4 50.8 51.8 54.6 53.9 55.1 55.2 48.7 48.6 52.3 50.6 50.1 51.2 46 50.3 48 47.7 47.4 46.9 46.5 46.2 46.7 47.1 50.7 48.7 48.5 48.6 48 47.1 46.6 46 45.6 46.1 46.7 46.9 47.1 47.1 47.3 47.3 47.5 47.8 48.2 49.5 51.7 56.3 60.1 61.3 63.4 62.8 62.1 61.8 60.9 60.5 60.5 59.5 57.9 56.2 54.8 53.8 53.6 52.8 52.3 53.7 54.7 55.5 56.3 55 56 54.8 52.7 51.5 51.5 51.9 52.5 54.2 55.9
54.8 53.7 52.3 51.6 50.7 50.3 50.9 50.5 50 49.7 49.8 50.2 51.7 52.5 50.1 49.3 54.8 54.5 53.8 51.2 48.6 47.3 46 51.2 48.5 47.6 47.3 47.1 46.3 46.2 46.7 47.2 49.8 48.7 48.8 49 48.7 47.8 46.9 46.4 46 46.2 46.9 47.1 47.2 47.2 47.3 47.5 47.6 47.8 48.3 49.3 50.9 54.9 59.6 62.5 63 60.5 63.7 62.4 61.7 60.2 59.9 59.1 58.2 56.7 55.2 54.1 53.2 52.3 52 53.1 54.4 55.8 56.5 53.3 53.4 52.2 52 51.6 51.6 51.9 52.1 53.5 54.9
56.2 55.2 54 52.5 52.2 52.1 49.5 49.6 49.8 49.5 49.5 49.4 50.1 50.9 51 52.4 52.4 53.6 53.5 51.9 48.6 47.5 46 46.7 47.8 49 48.5 44.4 46.3 46.2 46.6 46.7 46.4 47.6 48.1 48.4 48.7 48 47.1 46.5 46.5 46.2 47 47.2 47.4 47.5 47.5 47.6 47.6 47.8 48.4 48.9 48.8 52.1 55.8 62.9 64.9 64.8 63.9 61.9 60.7 60 59.2 58.4 57.6 56.6 55.4 53.9 52.8 51.8 51.9 53.3 54.7 55.4 54.9 51.8 52.2 50 50.3 50.6 52.9 52 52.4 53.9 55
56.2 55.8 55.5 53.7 52.9 52.3 51.5 51 50.7 49.8 49.8 49.6 49.4 49.8 50.4 51.6 53 53.4 54 51.4 49.3 48.5 46 47.6 47.8 47.4 46.1 47.6 47.1 46.4 46.1 46.2 46.7 51.6 47.3 47.6 47.7 48.1 47 46.3 46.3 46.5 46.7 46.8 47 47.1 46.7 46.4 46.1 47.5 48 48.3 48.4 48.7 53.1 61.2 63.1 63.5 63.1 61.7 60.4 59.9 58.8 57.8 57 56.1 54.8 53.3 52.1 51.1 51 53.2 53.4 53.1 51.4 51.5 50.3 49.9 50.2 50.4 50.8 52.7 53.2 54.3 55.3
56.2 55.7 55.3 54.9 54.3 53.3 52.5 51.4 50.6 50.2 49.8 49.6 49.4 49.3 49.5 50.6 52.3 52.9 53.5 52.6 51.2 49.9 46.1 46.8 47.2 47.7 46.6 47.3 48.1 49.5 45.7 45.3 46.3 48.5 45.4 46.2 46.8 48.1 46.3 45.8 46.2 46.7 46.3 46.2 46.3 46.3 46.2 46.1 46.4 47.1 47.4 47.7 47.9 48.2 54.2 55.7 62.5 62.1 61.7 61.2 60.3 59.7 58.5 57.5 56.5 55.7 54.4 52.9 51.7 50.4 50.3 50.8 51.5 50.7 50.2 49.9 49.4 49.6 50 50.6 51.9 53.3 54.6 55.6 56
56.1 55.7 55.3 54.9 54.6 54.2 53.8 52.4 51.3 50.1 49.6 49.6 49.5 49.3 49.2 49.8 51.6 52.5 53 52.1 51.3 50.1 47.1 46 46.4 46.7 46.3 47.6 47 48.7 46.3 43.7 45.9 44.2 46 46.3 46.5 46.1 46.2 45.4 51.4 52.2 46.4 50.9 47.2 46.3 45.9 46 46.3 46.7 46.9 47.2 47.4 47.1 53.9 55 59.8 61 61.2 60.9 60.3 59.7 58.8 57.3 55.9 54.9 54 52.8 52.1 50.5 49.5 49.8 50 49.6 49.2 49.1 49.3 49.5 50.3 52 53.3 55.5 57.2 58 59
56.1 55.6 55.2 55 54.6 54.2 54 53.4 51.8 50.6 50 49.7 49.6 49.3 48.6 49.2 51.2 52.2 52.5 51.7 51.1 50.2 48.5 46.6 46 46.9 46.4 46.1 44.6 45.8 52.3 47 46.5 46.3 50.3 45.9 46.3 46.2 46.3 46.5 45.5 45.6 45.7 46.1 46.6 47.1 47.2 46.8 46.4 46.2 46.5 46.8 46.9 47.2 50.9 54 58.6 60.6 60.8 60.4 60 59.4 58 56.6 55.1 54 53.2 53.3 53 51.3 49.4 49.4 49.4 49.3 48.9 49.3 49.4 50.6 52.6 53.9 55.7 57.9 60.1 60.8 62.5
56.4 55.8 55.2 54.8 54.5 54.7 54.7 55.8 57.5 51.8 50.6 49.8 49.3 48.7 48.5 48.7 49.3 51 52.4 51.5 50.8 50 48.4 48.4 47.3 46 46 45.9 42.8 46.7 47.1 46.7 46.7 46.7 49.1 45.5 46.1 46.4 46.3 46.2 46.3 45.6 45.7 45.6 45.9 46.4 45.1 44.6 44.3 44.9 46.1 46.2 46.3 46.6 47.5 49.8 54.6 59.7 60.3 59.9 59.5 58.5 57.3 55.8 54.6 53.7 52.9 53.2 53.8 51.9 49.6 49.5 48.3 49.6 49.6 49.6 50.8 51.7 53.6 56.3 59 60.8 62.4 63.8 65.3
56.2 55.9 55 54.2 53.9 54.3 57.2 57.5 55.1 52.6 51.4 50.6 49.5 48.4 48.3 48.5 48.7 49.1 49.2 48.9 48.5 47.7 47.4 47.2 46.9 46.8 46 45.6 43 51.2 46.2 42.1 47.1 46.6 46.1 47.3 45.4 46.2 46.6 46.4 46.2 45.9 45.8 45.7 45.7 45.7 45.1 44.5 44.3 44.3 45.2 45.6 45.9 45.9 46.7 48.2 50 56.3 59.1 58.9 58.2 57.4 56.5 55.1 54.3 53.8 53 52.7 52 52.6 49.7 48.8 48.1 48.1 49.2 50.2 51.8 53.5 57 59.5 61.9 62.8 64.5 66.2 67.5
56.4 56.1 56.3 55.5 53 57.1 57.3 56.6 54.8 52.6 52 51.5 49.7 48.9 48.2 47.7 48 48.2 48.2 48.1 47.9 47.4 47.2 47 46.6 46.1 47 48.5 49.9 51.6 50.4 46.4 43.9 46.6 46.4 49.8 46.1 46.4 47 46.3 45.9 45.9 47 45.8 45.7 45.5 45.1 44.4 44.7 44.5 44.4 44.8 45.3 45.4 45.7 46.1 47.9 51.1 56.7 57.4 57 56.4 55.5 54.8 54.4 53.7 53.1 52.5 51.4 49.9 48.7 48.2 48 48.3 48.6 50.8 53.6 55.8 57.4 62 64.2 64.9 65.8 66.2 68.3
55.8 53.9 57 57.7 57.3 57 57 56.9 51.1 51.3 50.3 50.7 49.7 48.9 48.3 48.2 47.7 47.6 47.6 47.5 47.5 47.5 47.4 47 46.4 46.4 47.3 48.3 47.8 48.7 50.1 48.8 47.4 43.6 46.2 46.8 46.4 46.6 46.9 47.9 44.4 44.6 46.4 45.7 48.5 46.6 45 44.8 45 44.9 45 44.5 44.6 44.7 45 44.4 45.6 47.2 52.6 56.1 55.7 55.3 54.8 54.4 54.4 53.7 52.8 52 50.9 49.3 48.3 47.9 47.7 48 49.3 51.8 54.9 57.7 59.9 62 64.7 64.9 65.3 66 67.6
