STL Generation/terr50_gagg_gb/data/SK49.asc
ncols 200
nrows 200
xllcorner 440000
yllcorner 390000
cellsize 50
[rows 76 to 113 of 200, columns 85 to 169 of 200]
53.6 53.1 52.7 51.4 49.2 48 46.5 44.6 45.5 42.1 39.9 38.9 35.7 32.5 30.6 29.2 27.8 26.3 25.8 25.3 23.9 24 24.5 23.1 21.4 21.2 22.7 23.3 20.3 19 19 18.9 18.9 18.9 18.9 18.9 18.9 19.1 19.4 21.1 22.2 24.2 25 30.7 37.7 45.9 51.1 55.8 56.1 53.6 49.7 46.1 43.9 46 45.9 46.1 45.8 45.6 45.4 46.7 48.3 50.5 50.5 49.6 50.9 50.2 47.9 45.6 38.7 36 41 45.4 47.5 51 53.6 55.4 54.4 53.4 54.9 57.6 60.1 64.5 68.7 75.3 76.8
52.8 51.9 50.6 50.6 51.1 50.8 47.8 44.2 45.3 38.4 34.9 35.5 33.5 31.1 29.9 28.6 27.4 26.6 26.1 25.7 24.2 24.5 23.2 20.5 19.6 20.3 21.2 20.8 19.3 19.2 19.3 19 18.9 18.9 18.9 18.9 18.9 19.2 19.8 21.8 23.5 26.7 30.2 35 40.3 46.5 51.2 56 56.1 54 50.6 49 46.7 48.6 49.1 49.9 50.9 50.4 49.3 49.8 50.6 51.1 52 51.7 51.1 51.5 50.7 46.4 39.7 38.4 47.4 48.4 50 52.5 56.5 58.2 57.7 56.9 57.8 61 63.6 66.8 69.6 75 80.2
51.6 50.1 48.7 51.1 50.6 51.2 48.4 42.7 39.1 34.5 30.9 32.9 31.2 30.1 29 27.8 26.8 26.2 26.1 25.7 25.8 25.3 22.7 21.1 19.3 19.9 20.7 19.9 19 19.1 19.5 19.2 18.9 18.9 18.9 18.9 18.9 19.5 20.1 22.6 25 28.9 32.6 38.8 41.6 44.8 49.5 56.2 56.4 55.5 52.8 49.2 51.6 52 53.5 54.1 53.8 52.7 50.5 50.5 51.9 52.3 52.9 52.4 52 52.2 52.2 52.2 52.2 52.2 52.2 52.2 52.2 52.3 56.7 60.8 60.5 60.2 60.6 64.5 67.4 70.3 74.9 78.8 81.7
51.2 48.4 45.5 44.1 46.2 46.1 41.6 39.6 36.9 33.1 30.5 30.7 30.2 29.1 28.1 27.1 26.5 25.9 25.5 25.9 26 25.5 23 20.8 20.1 19.6 20.3 19.8 19.7 19.3 19.4 19.7 19.1 19.2 19.3 19.6 19 20.5 23.5 26.2 29.6 33.6 35 39.2 40.1 44 50.5 56.6 59.4 57.4 54.5 54.9 55.6 55.7 57.6 57.2 56.6 53.8 52 51.9 52.1 53.5 52.3 52.2 52.2 52.2 52.2 52.2 52.2 52.2 52.2 52.2 52.2 52.2 55.3 60.5 62.7 63 63.5 66.6 72.2 74.9 79.5 82.6 85.7
51 47.1 44 42.2 40.2 39 37.1 35.6 35.9 34 31.3 30.6 29.6 28.5 27.6 26.8 26.2 25.5 24.2 24.9 25.7 25.6 23.3 21.1 19.9 19.4 19.4 19.2 19.5 19.7 20.7 21.7 21.7 20.4 21.7 23.7 23.2 24.1 26.8 30.9 34 36.9 44.7 40.3 40.5 45.3 51.9 60 61.6 59 55 56.5 58.1 59.3 60.4 60.1 56.7 54 52.9 52.2 52.3 52.3 52.2 52.2 52.2 52.2 52.2 52.2 52.2 52.2 52.2 52.2 52.2 52.2 53.8 59.9 63.6 65.9 66.8 70.4 76.3 79.7 80.9 83.3 85.3
51.8 47.4 43.2 41.3 40.8 39.5 35.5 34.1 34.6 33.1 31.3 29.9 29.2 28.5 27.7 26.9 26.1 25.6 25.3 24.5 24.4 24.3 22.5 20.3 17.9 18.9 19 20.1 19.5 21 24.2 24.4 24.1 24.8 25.7 25.8 26.7 27.3 31.1 32.6 35.6 41.6 48.5 45.2 46.3 49.2 55 60.7 61.2 58.9 57.8 59.4 61.6 62.3 61.1 59.9 57 54.2 53.5 52.4 52.2 52.2 52.2 52.2 52.2 52.2 52.2 52.2 52.2 52.2 52.2 52.2 52.2 52.2 55.8 60.3 65.2 67.4 70.1 74.9 79.7 81.4 81 80.7 82.2
51.5 47.3 43.7 41.7 40.6 37.3 34.2 34.4 33.4 32 30.8 30.5 29.2 28.5 27.7 26.7 25.7 24.4 23.7 22.8 21.9 20.5 19.4 18.1 15.9 18.6 21.5 20 19.7 22.9 24.3 25.6 25.4 26.5 27.4 28.2 28.9 29.8 32.2 34.4 41.3 52 50.3 49.6 51.8 55.4 59.2 60.7 61.1 61.4 60.5 62.3 64.2 63.3 61.6 59.7 57.6 55.3 54.2 53 52.2 52.2 52.2 53.3 54.6 53.7 52.2 52.2 52.2 52.2 52.2 52.2 54.5 57.7 61.5 64.5 67.8 72.2 75.5 78.3 80.2 80.9 79.6 78.9 77.8
51.1 48 44.7 42.5 40.4 37.3 35.1 34.1 32.5 30.9 29.5 29.4 29.1 28.3 27.3 26.1 25 23.8 22.5 21.3 19.8 18.1 16.7 15.6 15.5 16.2 25.4 26 24.5 24.3 25.6 26 26.6 27.9 29.1 30 30.9 31.7 32.5 38.5 53.5 57.3 53.9 55.2 57.9 61.5 63.3 63.2 63.3 63.7 63.5 64.8 65.5 64.4 62.2 60.6 57.3 55.4 54.5 53.3 52.4 52.4 53.2 54.9 56.3 56 52.2 52.2 52.2 52.2 53.5 57.6 62.7 64.3 68.9 71.3 74.1 79.4 79.8 79.9 81 81 78.1 75.9 73.8
51.2 48.3 45.5 43 40.8 38.2 35.8 33.6 32.1 30.5 30 29.5 28.9 27.7 26.8 26.2 24.9 23.7 22.4 20.6 18.6 17 15.6 15.1 15 15.2 18.8 20.2 21.2 24.1 25.8 26.5 27.8 29.1 30.1 31.2 31.9 33.9 37.2 47.3 61.1 61 59.5 61.3 64.4 66.3 65.9 65.4 63.8 65.1 65.3 65.9 65.4 62.9 60.3 59.4 56.9 54 54.3 53.7 54.1 54.7 56.2 57.8 58.7 55.7 52.2 52.2 52.2 54.9 61.3 65.8 69.7 72.1 75.7 80 83.3 84.5 85.1 83 81 79.8 77.2 74.9 70.6
51.3 49.1 46.5 43.9 41.3 38.5 35.6 33.5 32.2 31.6 30.9 30 28.1 27.1 26.6 26.6 25.3 24.1 22.8 21 18.5 16.7 15.5 15 15 15 17.1 18.9 19.7 21 25.2 26.5 27.4 28.4 29.2 30.6 32.9 36.2 42.9 60 62.6 61.6 64 66.9 70.2 69.2 66.7 66 64 65 65.4 65.9 64.4 61.1 58.9 59.1 57.2 55.7 55.7 56.6 57.2 58.1 59.6 59.9 61 56.6 52.2 52.2 56.6 63.5 66.2 70.2 73.3 77 81.5 89.2 91.4 89.3 86.4 83.6 80.6 78.8 76.3 73.2 69.4
50.6 48.3 45.3 42.7 40.2 37.6 34.7 33.4 32.5 31.6 30.8 30.1 28.5 27 26.7 27 25.8 24.6 23.5 20.7 18.7 17.3 16 15.1 15.2 15.4 17 18 19.1 19.9 24.8 25.9 26.8 26.9 27.7 30.7 34.9 39 52.9 61.9 61.2 62.5 65.6 69.7 71.1 67.9 65.8 64 65.8 65.8 65.4 65.9 63.6 60.3 58.9 58.9 60 60.1 60.3 59.6 60.3 61.7 63.1 62.3 60.7 55.4 52.2 56.2 60.8 63.6 64.3 67.8 71.9 77 85.5 91.4 90.7 88.5 85.2 83.1 80.6 78.1 75.7 71.5 69
49.2 47.8 44.5 41.8 39 36.4 34.6 33.7 32.8 31.8 31 30.3 29.3 27.3 28 28.3 27.6 26.3 23 20.9 19.5 18.2 16.8 15.9 15.6 15.8 17 18 18.7 19.5 21.8 25.5 26.3 26.5 28.3 31.3 37.3 43.5 61.7 60.2 59.1 61.1 64.9 70.1 69.2 65 62.9 63.5 65.3 65.3 65.2 65.9 63.5 61.1 59 60.3 62.9 64.9 65.3 63.9 65.4 66 66.9 64.6 60.7 55 52.2 56.3 61 60.6 62.6 66.2 72.1 77.6 88.4 91.8 91.1 89.4 85.3 83.8 80.8 77.9 75.1 70.6 69.1
48.3 47.1 44.6 41.6 38.8 36.1 34.8 33.9 33 32.1 31.2 30.7 30.3 28.8 29.3 28.8 26.5 25 23.5 21.9 20 18.7 17.6 17.1 16.1 16.5 16.9 17.9 18.9 19.3 25.1 25.3 25.9 26.5 28.8 32 37.5 49.4 61.7 58.7 56.7 58.4 62.9 67.4 65.7 61.6 59.2 61.5 65.6 65.5 64.4 65.2 63.8 61.4 60.8 62 64.5 67.5 68.5 68.6 70 70.6 70.4 65.8 60.8 54.1 52.2 52.8 56 58.1 61.2 65.8 71.3 78.2 88.4 91.9 91.4 91.1 87.8 83.8 80.8 77.3 73.7 69 69.1
47.3 46.3 44.3 41.5 38.7 35.9 34.3 33.2 32.5 31.8 31.4 31 30.7 30.1 29.5 28.2 26.8 25.3 23.8 22.2 20.7 19.4 18.9 18.1 18 18 17.6 18.3 20.3 22.6 25.8 25.8 25.4 26.5 29 32.4 38.4 51.4 56.7 53.7 53 55.5 61.7 64.5 61.2 58.6 57.5 59.3 63.4 64.5 64.5 64.4 64.5 63.5 63.1 64 67.5 70.9 71.4 71.6 71.4 71.5 70 65 59.8 54.9 52.2 52.2 54.4 57.1 61.5 66.3 71.4 76.5 84.5 90.3 91.2 91.3 89.1 85.1 81.7 78.5 75.6 71.6 71
46 45.5 42.7 40.1 38.3 35 32.8 31.8 31 30.3 29.4 29.7 29.8 29.9 29.5 28.5 27.1 25.6 24.1 22.6 21.4 20.3 19.2 18 18 18 18 18.3 23.3 25.4 25.9 26.1 25.9 26.8 29.3 31.5 34.7 41.5 46.4 45.7 50 54.4 60.7 60.5 58.2 56 54.7 57.2 60.8 62.3 62.8 65.4 64.8 64.5 65.4 67.1 71 73.8 73.4 73.7 73.3 71.3 68.2 63.3 59.1 54.9 52.2 52.2 53.7 57.4 61.7 65.7 69.9 75.2 82 89.9 91.8 91.3 89.7 86.5 83.2 79.9 77.8 74.3 73.2
44.2 43.2 40.4 38.3 36.4 33.2 31.1 30.3 29.5 28.7 28 27.5 27.2 28.4 29 28.6 27.4 26.1 25 23.9 22.7 21.6 20.5 18.8 18 18 18 18.1 20.3 25.3 26.1 26.5 26.9 27.7 30.9 37 45.9 46.9 41 40.4 46.4 53.7 58.2 57.6 56.4 54.2 52.7 54.6 57.2 59.4 61.8 65.4 66.7 67.8 68.4 70 72.9 75.7 75.2 75.9 75.1 71.9 67.4 63.4 59.1 55.1 52.2 52.2 53.4 57.2 61.5 65.4 69 73.5 80 89.2 92.2 91.7 90.5 88.1 85.7 83 80.9 78.2 75
42 40.9 38 35.2 33.5 30.9 29.4 28.7 28 27.3 26.9 26.5 26 26.6 28.1 28.1 27.9 27.2 26.3 25.1 24 22.9 21.8 19.9 18.2 18 18 18.3 19.3 24.4 25.2 25.5 26 29 34.3 44.7 57.7 55.6 46 43.6 43.8 48.6 54.2 53.5 53.2 50.2 51.7 54.1 57.3 60.3 62.6 66 68.4 70.7 71 72.9 75.8 77.9 78.2 78.2 74.9 70.3 67.3 63.3 59.5 55.7 52.8 52.2 53.5 57.3 62.1 65.6 68.8 73.3 79.5 88.3 91.9 92.1 91.5 90 88 86.2 83.3 80 75
36.7 37.1 35 31.5 30.5 28.5 27.3 27 27.2 26.8 26.4 26 25.5 25.9 27.5 27.3 27.2 27 26.7 25.8 24.9 23.9 22.8 20.7 18.4 18.1 18.3 19 19.8 25.5 25.9 25.3 26.1 31.1 39.2 53.8 60.9 57.1 52.2 49.2 45.5 43.9 45.4 49.2 49.3 50.7 55.4 54.9 57.2 59.3 62.4 67.6 71.3 72.1 73.9 76 78.8 80 79.8 77.7 74.3 70.7 67.1 64.3 61.4 56.9 54.3 52.2 54.5 58.3 63.5 66.5 69.4 73.8 79.9 87 91.4 93.6 93.4 92.1 90.2 88.6 84.5 80.7 76.1
32.4 33 31.7 27.9 27.7 27.2 25.9 26 26.7 26.3 25.9 25.4 25.3 26 27.4 27.2 27 26.8 26.6 26.2 25.2 24.5 23.1 21.1 19.5 19.6 19.7 21.1 24.1 26.1 26 25.5 27.8 33.6 46.5 60.5 59.8 57.3 57.3 56.7 54.9 52.8 49.9 48.7 49 54.1 55.4 54.9 56.8 59.7 62.8 68.8 71.4 74.1 75.8 78 81 82 80.1 76.3 72.9 70.3 67.6 65.3 62.2 58.5 54.5 55.5 56.2 58.7 63.1 66 68.5 72.8 80.2 87 91.3 94.4 94.3 92.8 90.8 87.8 85.9 83.1 79.2
29 30.9 29 25.7 26.5 26.2 25.6 25.6 26.1 25.8 25.5 25.6 25.7 26.2 26.8 27.3 27.1 27 26.9 26.6 25.6 24.5 22.7 20.8 20.2 19.9 25.8 25.1 25.7 26.7 25.9 25.1 30 37.8 51.8 61 58.9 60.1 61.6 62.9 61.2 57.3 53.2 52 54 55.8 55.1 55 56.7 60.6 66.6 71.1 71.6 73.7 75.8 78.6 82 81.5 78.8 75.1 71.6 69.1 66.7 64.3 62.4 59.5 56.3 56.1 57.4 61.1 65.3 67.6 70.7 74.6 83 90.1 94.6 95.8 95 93.8 91.9 89.5 86.9 84 80.8
28.9 28.9 25.8 24.2 25.2 25.1 26.5 26.8 26.6 25.7 26.1 26.2 26.3 26.5 26.9 27.4 27.3 27.2 27.1 27.1 26 24.9 22.4 20.5 20 24.7 25.3 25.6 25.7 26.3 26.6 26.5 31.9 44.8 57.2 58.9 60.4 62.5 65.4 67 64.7 59.6 54.2 56.8 59 57 57.3 57 57.3 61.1 66.2 69.8 70.6 71.2 73.8 76.3 81 79.1 76.4 73.5 70.4 68 65.5 63 60.9 59.1 58.6 58 59.8 64.3 67.4 70.4 73.7 78.8 87.3 93.5 96.6 96.8 96.6 96.1 92.3 89.2 86.6 84 85.4
28.3 26.7 25.1 24.7 24.8 25.8 27.3 27.5 27.4 26.5 26.2 26.8 27.1 27.3 27.5 27.5 27.5 27.4 27.4 27.5 25.9 25.3 24.1 21.6 20.6 22.3 25.9 26.2 26.3 26.5 27.3 28.5 34.3 51.3 56 57.1 59.1 63.6 67.8 69.7 65.9 60.5 57.1 60.6 61 60.1 60.1 59.7 58.8 60.6 64.6 67.1 68.1 69.3 71.4 73.8 75.8 75.2 73.3 70.8 69.3 66.9 64.4 62.3 60 59.5 60.8 58.9 61.1 66.1 69.7 72.8 78.8 86 91.4 95.6 97.8 98.1 97.3 96.7 93.5 88.8 87.2 86.5 87
26.3 26.1 24.9 25 25.2 25.6 27 26.6 27.1 27.1 26.3 26.8 27.4 27.5 27.5 27.5 27.5 27.4 27.4 26.8 26 25.5 25 23.6 22 20.3 25.7 26 26.1 27.1 28.7 30.2 39.1 52.5 54 54.8 58.7 64.9 69.8 71 65.9 62.3 62.7 63.8 64.4 64.2 64.1 62.1 59.5 60.3 63.1 64.7 66.1 67.7 69.5 71.2 73 72.2 70.8 69.2 68.6 66.9 64.9 62.8 61.2 61.2 62 61.5 61 66 70.4 74.2 80.7 87.9 93.3 97 98.5 99.4 98.9 97.4 94.3 89.9 89.1 90.4 90.3
24.5 25.2 24.3 25 25.7 25.9 25.6 25.6 26.7 27.3 26.9 26.8 27.4 27.5 27.5 27.5 27.5 27.5 27.5 27.4 26.2 25.7 25.2 24.9 21.7 21.2 24.9 25.2 25.4 26.3 28 31.2 44 51.3 50.1 54.2 59.2 66.1 70.9 69.7 68.3 66.2 66.5 66.8 66.7 66.2 65.6 63.2 60.1 59.5 61.1 64 65 66.4 69 70.2 70.5 70.7 69.2 69.2 69.1 67.2 65.2 64.3 63.1 63.8 64.9 65.8 64.5 65.5 69.5 73.6 79.8 87.9 93.8 98 99.1 100.7 99.8 97.4 93.5 89.1 89 92.5 94.2
24.5 24.2 24.8 24.8 24.8 25.5 25.6 25.3 25.2 27 27.1 27.2 27.4 27.5 27.5 27.5 27.5 27.5 27.5 27.5 26.2 25.8 25.3 25 19.3 24.8 25.5 26.4 27.3 27.3 28.5 36.4 52.1 50.4 49 54.8 61.2 67.7 70.4 69.1 69.7 69 68.8 69.8 69.9 67.9 65.6 64.2 63.9 63.9 62.4 63.9 64 65.3 68 69.3 71.1 71.1 70.9 70 69.7 67.7 65.7 65 64.3 65.7 67.9 67.3 66.5 67.6 71.4 75.7 81.5 90.9 92.3 98.8 100.5 100.8 100.2 97.1 95.1 91.5 91.1 95.1 95.7
24.3 24.8 24.9 24.9 24.8 24.7 25.2 25.2 25.1 25 25.3 26.4 27.4 27.4 27.5 27.5 27.5 27.5 27.5 27.1 26.1 25.6 25.1 18.8 22.9 25.3 26.6 27.3 27.5 27.7 28.8 41.4 54.6 53.3 50.8 57.1 63.9 67.6 69.9 70.6 71 69.6 69.5 70.8 70.8 68.8 66.7 65.5 65.4 65.4 64.8 64.6 65.8 66.6 68.4 69.5 70.7 70.9 70.6 70.4 71.1 68.9 67.5 67.1 66.6 68.9 70.9 70.8 69.7 69.5 74.2 78.7 90.3 94.9 97.2 100.5 100.7 100.9 99.8 97.8 95.9 94.8 93.6 96.4 97.2
24.6 24.8 24.9 24.9 24.9 24.8 24.8 24.9 24.9 24.1 24.4 25 26.9 27.4 27.5 27.5 27.5 27.4 26.3 26.9 25.8 25.2 21.1 21.5 25.5 26.3 27 27.7 27.8 28 32.2 37.3 53.6 56 55.8 59.9 63.7 65.9 68.3 70.5 68.4 69.1 69.4 70.9 70.5 69.5 66.7 66.5 66.6 67.2 67.9 67.7 68.6 69.5 70.1 70.6 71.2 71.9 71.7 70.6 70.3 70.1 69.3 69.9 69.8 73 74.5 73.1 71.3 71.4 76 86.1 92.2 94.6 97.6 100.7 100.9 101.1 100.7 99.3 97.5 94 95.5 97.5 99.5
24.6 24.7 24.9 25 24.9 24.9 24.8 24.8 24.8 24.4 24 24.3 25.4 26.7 27.4 27.4 27.4 27.5 27 27.2 25.6 24.9 20.9 25.9 25.8 26.7 26.8 27.8 28.3 29.9 44.3 40.6 45.8 54.9 56 59.3 61.7 64.1 65.4 67.1 67.9 66.9 67.2 67.4 67.5 67.5 66.9 67.5 68 68.6 69.7 70.6 71.6 72.5 72.8 72.8 73 73.7 73 71.9 71.3 70.9 72.5 73.3 73.4 75.9 75.4 74.5 74.5 75.7 78.6 89.7 91.7 92.8 94.7 99.5 101.1 102.4 102.9 101.4 101.1 98.4 99.1 100.8 101.4
24.6 24.7 24.9 25 25 24.9 24.9 24.9 24.8 24.8 24.5 24.2 24.7 26.3 27.4 27.3 27.4 27.4 27.4 27 25.2 18.9 26 26 26.1 25.9 26.7 27.8 28.4 38.6 44.6 40.4 42.7 48.4 53.8 57.2 59.1 60.9 63.5 65.8 65.9 64.9 64.3 64.1 64.4 66.1 67.3 68.9 69.4 70.4 72 72.7 73.8 74.6 74.7 74.7 75.1 74.9 74.4 73.7 73.2 74.8 77.1 77.4 77 77.5 78 77.8 77.2 78.1 80 86.6 88.4 89.7 93.6 96.2 99.7 103.6 105.1 104.9 104.1 100 99 100 102.5
24.5 24.7 24.9 25 25 25 24.9 24.9 24.9 24.9 24.9 24.7 24.3 25.3 27.2 27.3 27.3 27.3 27.4 27.4 23.2 19 24.3 25.6 25.5 25.6 26.7 27.7 31.3 41.2 39.7 37.6 40.3 44.6 50.1 56.3 55.9 57.9 62 65.9 65.6 63.8 63.3 64.4 64 65.6 68.4 70.3 70.7 72.6 74.3 74.6 75.3 75.9 75.6 76.1 75.2 74.5 74.1 73.8 74.2 77.2 80.6 80.9 80.3 80.1 80.8 80.9 80.3 80 80.1 81.9 85.2 87.7 91.8 94.9 99.2 103.9 105.4 105.8 105.2 101.9 100.5 102.5 103.6
24.5 24.7 24.8 25 25.1 25 25 25 24.9 24.9 24.9 24.9 24.8 24.7 26.8 27.2 27.2 27.2 27.2 27 22.1 19.6 22.2 24.5 24.4 24.8 26 29.4 40.8 38.6 33.8 33.8 40.3 42.3 47.6 51.9 53.8 56.2 61.4 65.9 64.8 62.7 61.8 63.1 64.8 67.9 70.5 71.1 71.8 73.6 75.9 76.8 77.7 75.6 75.6 76.8 75.7 74.2 74 74.7 75.5 78.1 80 80.8 81.7 81 82.2 82.1 80.8 80.1 80.5 82.5 84.1 87.2 90.9 95.3 99.7 103.9 105.7 106.4 106.1 104.2 104.6 105.7 105.4
24.5 24.7 24.8 25 25.1 25.1 25 25 25 25 24.9 24.8 24.9 24.8 24.9 27.1 27.2 27.3 27.3 27.4 21.7 19.5 21.8 23.7 23.6 23.9 24.8 29.4 39 33.4 31.5 32.6 35.6 39.2 41 46.7 50.2 56.1 62 64 63 61.1 60.3 61.2 64.6 67.7 71 70.9 72.2 73.9 75.1 75.1 75.3 75.5 74.8 74.8 74.1 73.7 74.3 74.9 75.2 78.4 80.4 81.4 82.3 82.7 83 82.5 81.6 80.8 81.8 83.8 84.9 87.8 91.3 96.6 100.2 104.1 107.6 108.4 107.8 105.8 105.3 107.4 107.5
24.5 24.7 24.8 25 25.1 25.1 25.1 25.1 25.1 24.9 24.8 24.8 24.9 24.8 24.8 26.1 27.2 27.3 27.4 27.5 25.7 19.4 21.5 23.1 23.3 23.5 24.9 30.3 32.1 30.1 30.7 31.4 34.3 34.7 39 45.6 50.1 55.4 61.4 61.6 60.1 58.1 57.7 58.4 61 63.4 66.9 70.8 71.4 73.3 73.8 74.5 74.9 74.7 73.5 72.2 71.3 70.6 72.7 74.8 75.4 79.4 80.7 81.9 83.2 84.3 83.8 82.8 82.3 82.3 83.1 84.7 87 89.3 92.7 97.7 102.1 106.2 109.2 110.9 109.8 106.9 108.5 110.7 111.5
24.6 24.7 24.8 24.9 25.1 25.2 25.2 25.1 25 24.8 24.6 24.8 25 24.9 24.9 24.9 26.8 27.2 27.4 27.5 26.3 19 20.9 22.8 23.3 23.8 24.3 28.4 27.7 25.6 28.6 30.1 32.3 34.7 39.8 44.9 50.2 54.5 57.8 58.7 57.1 54.2 52 54.5 56.8 57.3 58.6 59.7 62.3 66.3 71.3 73.5 74.5 73.2 71.1 69.8 68.8 69.2 73.4 76.4 78.7 81 82.2 83.2 84.7 85.9 84.9 83.8 83.9 83.8 84 86 89.9 91.8 95.2 100.4 105.2 109.8 113.1 114.8 115.2 111.8 110.8 114 115.6
24.6 24.8 24.9 25 25.1 25.2 25.2 25 24.8 24.6 24.6 24.8 25 25 23.7 22.8 24.2 26.2 26.9 26.9 25.8 19 20.1 22.7 23.3 24 23.7 24.8 24.9 24.1 24.2 26.3 30.7 34.1 38.5 42.5 49 53.5 56.2 56.6 55 50.1 47.6 50.5 52.3 53.1 55.4 57.6 56.3 55.2 58 61.6 66.8 68.8 68.3 67.2 67.6 69.4 74.5 76.8 80.2 82.9 84.5 84.2 86.2 87.4 87.2 86.4 85.9 86.1 86.5 87.6 91.1 95.1 98.6 103.3 108.1 113.7 119.1 119.4 117.9 115.4 115.1 116.3 117
24.7 24.8 24.9 25 25.2 25.2 24.9 24.9 24.7 24.5 24.6 24.8 25.1 24.6 23.4 20.8 20 20 19.6 24.9 22.2 18.8 20.2 22.5 23.6 24.7 24.2 24.2 23.8 23.5 24.2 25 29.4 31.9 35.5 40.3 46.8 51.1 53.9 53.9 50.5 45.3 44.1 46.1 48.7 50.3 52.8 56.1 53.4 48.8 49.7 51.2 53.2 56.1 62.3 62.4 65.6 69 74.2 77.9 81.2 84.4 85.5 84 87.2 89.1 89.6 89.2 88.9 88.6 88.4 89.4 91.6 95.3 100.1 105.1 111.4 118.6 121.9 121.8 120.8 118.8 118.3 118.7 118
24.7 24.9 25 25.1 25.2 25.1 25.1 24.9 24 24.1 24.1 24.5 24.9 25.1 24.8 24 22.9 20.1 20 20.5 19.9 20.2 21.9 24.4 25.8 26.3 25.1 24.4 23.3 23.7 24.4 25.8 28 31.2 34 37.5 42.7 46.8 49.5 49.8 47.1 42.8 41.5 43.9 44.5 45.6 49 49.3 47.3 43.4 42.3 42.6 43.3 45.3 49.5 52.5 64.8 68.3 76 79.3 81.7 84 85.8 87.4 90 92.2 93.4 93.1 92.5 92.1 91.6 91.7 93.7 95.6 99 105.6 113.1 121.2 124.6 123.5 122.1 120.7 120.8 120.6 119.6
24.8 24.9 25 25.1 25 25 25 25.1 24.7 24 24 24.4 24.8 25.3 25.1 24.8 24.6 21.8 20.6 20.9 21.5 21.7 24 30.6 31 29 26.1 23.8 23.3 23.9 24.6 25.4 26.3 29.1 31.7 34.5 38.7 43.1 47 47.6 45.3 40.5 38.6 40.6 40.9 41.4 44.6 46.7 43 37.6 34.7 35.7 39 39.3 40.3 47.2 60.5 65.1 76.2 82.3 85.2 85.4 87.6 90.7 92.9 94.9 96.4 97.1 96.6 95.9 94.6 94.6 96.2 97.9 101.1 107.4 114.8 123.8 125.8 125.1 123.3 122.4 122.3 121.6 120.8
