STL Generation/terr50_gagg_gb/data/SK57.asc
ncols 200
nrows 200
xllcorner 450000
yllcorner 370000
cellsize 50
[rows 114 to 151 of 200, columns 0 to 83 of 200]
128.8 127.9 127 126.1 124.5 122.9 120.8 119.4 117.8 116.2 114.6 113.1 111.3 108.1 114.4 116.2 115.6 115.6 114.8 114.3 113.8 113.5 113.7 114.2 114.8 115.5 114.9 114.1 113 111.6 110.3 108.9 108.2 107.6 107.9 106.7 104.8 102.6 100.6 98.4 96 93.5 90.6 87.6 85 83 81.4 79.3 77.9 77.9 78.9 78.6 76.9 75.2 73.4 72.6 72.1 72.1 74 76.1 78.3 80 81.8 86.7 87.8 86.2 87.9 89.9 91 90.5 86.8 76 68 67.1 65.9 63.6 63.3 66.8 68.4 67.6 66.3 65.1 64.2 63.9
129 128.2 127.2 126.2 125 123.5 121 119.9 118.3 116.7 114.9 113.1 111 107.9 114.3 115.7 115.3 115.2 114.8 114.2 113.7 113.8 114.4 115.1 115.7 115.7 115.8 114.9 113.6 112.3 110.9 109.6 108.2 106.8 106.6 105.3 103.3 101.4 99.6 97.8 95.3 92.8 89.8 86.9 84.5 82.6 80.9 83.1 80.6 81.2 81.2 79.3 77.6 75 73.7 72.6 72 71.9 72.5 74.2 75.4 76.6 78.9 82.7 87.4 87.2 88.5 88.7 88.3 88 71.3 67.1 67.1 70.1 73.8 66.6 65.2 70.6 70 68.4 66.8 65.4 64.4 64
129.2 128.4 127.6 126.7 125.2 123 121.1 120 118.6 116.8 115 113.2 111.4 108.9 112.8 114.5 114.5 114.6 115 115.2 114.6 114.7 115.4 115.5 115.3 115.6 115.9 115.4 114 112.7 111.4 109.8 108.6 106.7 104.5 103 101.9 100.6 99 97.1 94.7 92.1 89.4 86.6 84.3 82.8 82.9 83.1 81.8 82.4 81.7 79.7 77 75.3 74.1 72.8 72 71.4 71.8 73.3 74.5 75.2 76.3 79.1 83.2 88.6 88.2 75.4 67.7 67.1 67.5 72.8 81.5 81.8 76.3 67.7 65.7 68.8 69.8 68.6 67.2 65.9 64.6 64.2
129.4 128.4 127.4 126.4 125.8 123.7 120.8 119.6 118.7 116.9 115.1 113.4 111.9 109.6 111.2 112.5 113.8 114.5 114.8 115.1 115.3 115.5 115.3 115.1 115.2 115.5 115.9 115.3 114.2 112.9 111.5 109.3 108.1 105.8 103.3 100.9 99.8 98.7 97.6 95.6 93.4 91.1 88.7 86.3 85.3 84.3 83.3 83.5 82.1 81.8 81.2 79.2 76.9 75.7 74.4 73.2 72 71.3 71.4 72.3 72.8 73 73.2 74.2 75.4 87 69 68.3 77.7 85.7 89.2 88.1 86.5 83.8 77.6 70.2 67.2 67.6 69 69 67.9 66.8 65.6 65.2
129.1 128 127 126.6 126.2 123.9 120.9 119.1 118 117 115.5 114.1 112.6 110.6 109.6 111.5 113.9 114.8 115.1 115.4 115.6 115.8 114.9 114.9 115 115 115 114.7 114.2 113 111.4 108.7 106.9 104.1 101.6 99.5 97.6 96.4 95.1 93.9 92 89.7 88 86.8 85.9 85.3 84.6 83.9 81 80.2 79.5 78.6 77.2 75.6 74 72.7 71.7 71.1 70.7 70.9 70.6 70.6 70.9 69.9 69.4 68.6 72.3 91 91.6 90.3 89.5 88.6 87.7 83.6 77 72.3 69.1 67.7 68.4 69.1 68.7 67.8 66.8 66.2
128.7 127.6 126.6 125.3 124.8 123 120.7 119.8 118.2 116.6 115.7 114.7 113.3 111.7 110.3 111.7 114.1 115.1 115.4 115.6 115.5 115.3 114.6 114.2 114.2 114.1 114.1 113.8 113.8 112.3 109.9 107.8 105.2 102.4 100.2 98.5 97 95.7 94.2 92.5 90.8 89.7 88.5 87.3 86.1 85.4 84.8 84.3 81 80 78.3 77.5 76.1 74.5 73.4 72.3 71.5 70.9 70.5 70 69.9 69.4 69.2 69.2 68.7 68.2 81.1 91.1 86.9 82.6 89 88.7 86.2 80.9 76.7 74.9 70.6 68.5 68.4 69 69.2 68.4 67.5 66.3
128.2 127.2 126.2 124.8 124.3 124.2 122.7 120.7 118.6 116.9 115.3 114.3 113.4 112.6 111.2 111.7 114.2 114.8 115.2 115.2 115.1 114.7 114.2 113.7 113.5 113.5 113.5 114.3 113.1 111.4 109.9 107.2 103.6 101.5 99.6 97.7 96.5 95.4 93.8 92.3 91.2 90 88.9 87.7 86.5 85.7 85.2 84.7 81 79.6 77.9 76.2 75.3 74.2 73 72 71.2 70.7 70.3 69.8 69.4 69 68.8 68.8 68.3 71.1 84.1 91.7 91.4 89.7 91 89 85.3 80.5 76.8 73.6 71.2 69.4 68.8 69 69.2 68.9 68.2 67.1
127.9 127 125.7 124.7 124.1 124.8 123.1 121.1 119 117.4 115.8 114.2 113 112.2 111.5 111.7 112.8 113.7 114.4 114.6 114.7 114.3 113.8 113.3 112.9 112.9 113.6 114 112.5 111.3 110.1 107 104 101.8 100 98.3 96.6 95 94.2 93.3 92.1 90.8 89.4 88.1 86.8 86 85.5 85.1 81.7 80.1 78.5 77 75.9 74.3 72.9 71.8 71 70.5 70 69.6 69.2 68.9 68.6 68.4 68.5 71.9 82.3 90.9 91.7 91.8 90.4 89 85.7 81.2 76.7 73.2 71.2 70.1 69.4 69 69.2 69.3 68.2 66.8
128.6 127 125.7 124.6 123.9 123.9 123 121.5 119.5 117.9 116.3 114.4 112.9 112.4 111.9 111.3 111.9 112.7 113 113.5 114.1 114.1 113.5 113 112.5 112.4 113.8 114.3 112 111.4 109.6 106.3 104.9 102.5 100.7 99 97.4 96 95.1 93.9 92.5 90.9 89.6 88.2 87.2 86.3 85.8 85.3 82.9 82.3 79.4 78 76.3 74.2 72.9 71.8 71.1 71.4 71 70.7 70.2 69.4 68.6 68.3 69 72.9 81.9 90.1 91.5 92.3 90.8 89.2 86.2 81.6 77 73.4 71.8 70.9 70 69.7 69.9 70 68.8 67.4
129.8 127.5 125.9 124.7 123.8 122.9 122 121.1 119.7 117.6 115.6 113.5 113.2 112.7 112.1 111.9 112.1 112 112.4 113 113.6 114.2 113.4 112.7 112.2 112.3 114.1 114.2 111.4 109.1 107.6 105.7 104.4 103.1 101.1 99.7 98.3 96.9 95.6 94.3 92.8 91.2 89.7 88.4 87.6 86.8 86.8 85.6 83.5 83 80.4 78.6 76.5 74.9 73.1 71.9 71.3 71.9 72.2 71.8 71.3 70.5 69.7 68.8 68.8 72.3 77.7 87.6 91.3 92.2 91 89.4 86.7 82.1 77.8 74 72.6 71.7 70.8 70.5 70.9 70.4 69.4 67.8
131 128.7 126.4 124.9 123.6 122.9 122.2 121.4 119.6 116.7 114.7 113.2 113.4 112.9 112.7 112.7 112.6 112.2 112.3 112.6 113.1 113.7 113.6 112.7 111.9 112.3 113.5 113.3 110 107.1 104.8 103.9 103.1 102.1 100.4 98.7 97.3 97.1 96.1 94.7 93.1 91.6 90.6 88.9 88.1 87.5 88 88 85 82.9 81 80.7 77.8 75.7 74.4 73.6 71.7 72.3 72.7 73 72 71.3 70.7 70 69.4 71.3 74.9 82.4 91.1 92 90.9 89.7 87.6 83.6 78.8 73.7 72.7 72.5 71.8 71.9 71.7 70.8 69.7 68.1
132.1 129.8 127.6 125.3 123.6 122.4 121.7 119.9 116.9 114.7 113.4 113.4 113.6 113.4 113.4 113.3 112.9 112.4 112.5 112.7 112.8 113.3 113.8 112.9 112 112.1 111.1 110 108.6 107.2 104.2 103 102.2 100.9 99.3 97.7 97 96.3 95.8 94.6 93 92.1 91.2 90.2 89 88.6 89.3 89.1 83.4 83.5 81.8 81.9 78 79 81.7 78 72.1 73.6 73.9 73.7 72.3 71 70.4 69.7 69.3 69.7 73.4 78.8 89.1 91.8 90.3 89 87.7 84.6 79.2 74.6 73.5 73.1 72.9 72.8 71.8 70.5 69.3 68.3
131 130.3 128.1 125.6 123.5 121.4 119 116.2 115.2 115.6 115.7 115 114.2 114 114 113.9 113.2 112.6 112.7 112.9 113 113.2 113.4 113.2 112.1 111.2 110.5 109.7 108.4 106.8 103.9 102.1 101.3 99.8 98.2 96.8 95.8 95 94.4 93.8 93 92 91.2 90.1 89.4 89.3 89.8 89.3 83.9 83.8 82.8 82.6 85.9 87.6 84.6 80.1 76.1 74.3 74.4 73.3 72 70.7 70 69.3 69.5 69.4 71.5 76.3 86.4 91.2 88.9 88.1 86.9 83.7 80 76.8 75.1 74.5 73.8 72.9 71.7 70.4 68.8 67.6
129.1 129.8 128.4 125.8 123.3 120.9 116.2 119 121.5 120.1 117.3 115.6 114.8 114.6 114.6 114.2 113.5 112.8 112.9 113.1 113.2 113.4 113.5 112.8 111.2 110.5 110.1 109.7 107.8 105.7 103.7 101.7 100.2 98.7 97.3 96 95 94.4 93.8 93.2 91.6 91.1 90.7 90.7 91 90.3 90.5 90.4 84.2 83.6 86.9 94.1 93.8 91.1 87.2 81.8 76.9 72.7 71.9 71.4 70.5 70.6 70.7 71.7 71.4 70 70.3 75.5 84.3 88.6 87.5 87.1 86.7 85.2 82 78.4 75.9 74.3 73.6 72.7 71.6 70.3 68.8 68.6
126.3 128.4 127 125.3 119.2 118.1 121 124.8 124.1 121.7 119 116.3 115.5 115.1 115.1 114.5 113.8 113.1 113.1 113.3 113.4 113.6 112.9 112.3 110.6 109.9 109.8 109.8 109.1 106.6 104.4 102 100 98.8 97.6 96.4 95.4 94.7 94.4 95.2 91.4 90.3 90.5 92.2 91.4 90.8 91 91.1 84.2 87.6 96.5 101.4 99.2 94.2 90.7 85.3 79.1 71.4 69.8 69.9 70.2 71.1 71.9 74.4 74.2 71.9 69.9 75 83 86.5 86.6 86.7 86.6 85.3 82.4 80.1 77.8 75.4 73.4 72.6 71.5 70.2 70.5 70.5
123.5 124.6 123.2 121.6 119.9 124.4 123.6 125.7 124.6 122.2 119.4 117.1 116.1 115.4 115 114.8 114.1 113.4 113.3 113.5 113.6 112.9 112.2 111.6 110.5 109.7 109.2 109.1 109 107.3 104.8 102.4 100.3 99.1 98 96.8 95.7 95 93.4 92.7 91.6 91.7 90.8 92.6 92.1 91.2 91.4 91.2 85.3 90.3 100.8 104.5 102.9 99.3 94.3 88.3 77.3 70.9 69.6 69.6 69.7 71.1 74.8 76.5 75.9 73.1 70.5 74.8 81.6 85 85.1 85.4 85.7 84.6 81.6 79.8 77.8 75.9 74 72.8 72.7 72.6 72.4 71.3
122.2 121.8 123.1 120.8 125.3 126.7 125.5 125.6 124.5 122.1 119.6 117.9 116.8 115.8 114.8 114.1 114.4 113.7 113.5 113.5 112.9 112.2 111.7 111.6 111 109.8 108.7 108.2 107.4 106.2 104.9 102.9 100.7 99.5 98.4 97.2 96.1 94.7 93.3 93 92.3 91.2 90.4 93 92.9 92.4 92.1 91.8 85.7 90.6 101.6 104.4 103.8 101.3 97.5 90.3 77.1 71.3 70.1 69.9 70.5 73.1 76.4 77.4 76.3 74 71.4 75.1 80.9 84.1 84.5 84.7 84.3 83.8 81.1 79.4 77.5 75.6 74.4 73.8 73.5 73.3 73.2 72.2
123.2 122.4 121.7 121.4 123.8 126.7 126.5 126.2 125 123.3 120.5 118.7 117.6 116.6 116.1 115.2 114.2 113.8 113.5 113.2 113 112.7 112.4 112.1 111.3 109.8 108.5 107.8 106.9 105.8 104.2 102.6 101.1 99.9 98.8 97.6 96.5 95.7 95 94 93.6 91.5 90.7 91.9 94.3 93.8 93.4 93.3 89.3 89.3 101.5 104.3 103.9 101 97.1 91.3 78 71.9 70.5 70.3 71.1 74.5 77.8 77.8 76.4 74.2 72.2 74.4 79.3 83.7 83.7 83.3 82.9 82.5 80.7 79 77.6 76.3 75.2 74.8 74.5 74.1 73.8 73.4
124.3 123.3 122.2 121.5 123.8 125.9 126.5 126 125.6 124.3 121.9 119.5 118.4 118 117.6 116.8 115.3 114.4 113.6 113.3 113 112.8 112.5 112.1 112.1 110.8 109 107.4 106.5 105.5 105.3 104 102.2 100.9 99.7 97.9 97 97.4 96.3 94.6 92.4 91.1 96.4 97.1 94.9 95.2 94.9 94.6 90.6 86.9 100.6 102.3 100.1 98.4 94.4 89.1 79.4 71.6 70.9 71.1 72.4 75.8 79.1 79.2 77.4 74.9 72.9 74.5 77.9 84.1 83.9 83.4 82.8 82 81.2 80.3 78.1 76.6 76.5 76.2 75.8 75.5 75.1 75
123.9 122.8 122.2 122 124.2 125.3 125.9 125.6 125.3 125 123.2 120.8 119.8 119.2 118.6 117.8 116.5 115.2 114 113.4 113.1 112.8 112.5 112.2 112.4 111.6 109.7 107.7 106.5 105.2 104.2 103.9 102.8 100.8 98.7 97.3 97.9 98.2 96.4 94.1 92.7 91.8 100.3 99.1 98.7 98.5 98.3 96.2 90 85.5 96.6 95.8 95.1 93.2 90.1 86.7 81.3 72.8 71.3 72 75 78.1 80.6 81 78.5 75.9 74 73.9 77.8 83.4 84.5 83.8 83 81.9 81 80.3 78.2 77.9 77.8 78 78 77.6 76.7 76.5
123.6 123.2 122.8 122 122.7 123.7 124.7 125.4 125.6 125.3 124.8 122.4 121.2 120.3 119.4 118.5 117.6 116.3 115.1 113.9 113.2 112.9 112.6 112.3 112 111.7 109.9 108.1 106.4 105.1 103.8 102.7 101.5 100.4 98.9 97.7 98 97.8 96.2 94.5 94 94.4 100.6 99.3 99.5 99.3 98.3 97.2 92.2 83.8 90.8 86.6 85.5 85.5 83.6 81.8 78.6 72.6 71.6 74.8 78.6 82 83.3 82.4 79.9 77.1 75.1 73.9 77.4 82.6 84.8 83.9 82.8 81.7 80.9 80.2 79.5 79.4 79.3 79.4 79.6 79.3 77.9 77.8
127.1 125.1 123.2 122.2 122.2 122.2 123.6 124.7 125.6 126.3 127 124.9 122.6 120.7 119.8 118.8 117.9 117 116.1 114.7 113.4 113 112.7 112.4 111.9 111.5 110.7 108.9 107.1 105.1 103.1 102.3 101.3 101.5 100.7 99 98 96.8 96.9 96.4 97.1 97.9 100.3 99.4 99.2 97.8 97.1 96.7 94.3 82 87.1 82.4 81.3 80.8 80.9 79.8 77.3 78.6 73.8 75.1 80.9 84.2 85.3 83.9 81.6 78.6 76.6 75.1 77.3 82.7 84.8 83.5 82.2 81.8 82.2 81.2 80.8 80.8 80.7 80.8 80.9 80.3 79 78.6
129.8 126.1 123.7 122.5 122.7 122.9 122.6 124.1 126.1 127.5 127 125.6 123.9 122.3 120.6 119.2 118.3 117.3 116.4 115.5 114.2 113.1 112.8 112.5 112 111.4 110.9 109.7 108.1 105.9 103.8 103.2 102.5 102.9 103.2 101.5 101.2 100.4 99.5 99 98.6 98 99.5 99.2 99.6 96.4 96.7 96.8 94.5 84.4 85.4 83.2 82.9 86 81.6 81.1 86.6 86.3 76.3 76.5 81.8 85.5 85.8 85.2 83.1 80.4 78 77.3 76.7 80.5 84 82.6 82 82.1 82.5 82.6 81.8 82 82.2 82.1 81.8 81.2 80.1 79.8
129.4 126 124 123 123.3 123.7 121.6 123.2 127.3 127.3 127.2 125.7 124 122.3 121.1 119.8 118.5 117.6 116.7 115.8 114.9 113.6 112.9 112.6 112 111.5 111 110.5 109.7 107.8 106 105.5 104.9 104.1 104.8 104.3 103.6 101.1 98.7 98.2 96.2 95.2 94.5 93.8 92.9 92.9 92.8 94.1 92.2 88.1 86.5 86.5 85.3 84.1 88.3 92 95.4 89.1 77.2 80.4 82.8 85.3 85.7 84.8 83.5 80.8 78.7 78 77.5 78.9 81.9 82.1 81.5 81.4 82.5 82.9 83 83 83.1 83.3 82.7 82 81.2 81
130.2 126.7 125.2 123.7 123.6 122.8 120.5 122.2 125.6 126.7 127.4 125.7 124.2 122.8 122.2 120.6 119 117.9 116.9 116 115.1 114.2 113.1 112.7 112.1 111.6 111.7 111.7 111.4 110.4 108.9 107.6 105.2 104.1 105 104.7 103 100.7 98.3 95.6 93.8 92.2 91.7 92.9 92.9 92.9 93.5 91.5 92.5 87.5 87.9 85.9 87.1 88.4 93.6 96.2 93.9 87.2 81.8 86 85.5 84.8 84.5 83.6 83.1 80.6 78.8 77.5 76.5 78.1 81.1 81.5 81 81 82.5 82.7 83.5 84.7 84.9 84.3 83.6 82.9 82.2 81.6
131.3 127.4 126.3 124.8 123.9 121.5 120 121.4 123.2 125.5 127.5 126.1 124.7 124.2 123 121.4 119.8 118.2 117.2 116.3 115.4 114.5 113.6 112.8 112.7 112.8 113 112.9 112.6 111.4 109.7 107.5 105 104.1 104.1 103.1 101.6 99.4 97 94 92.3 90.7 89.6 93.1 90 89.7 92.2 89.6 91.4 89.8 82.9 86.3 88.7 92.4 96.9 97 93.6 84.5 84.8 87.8 86.1 83.5 83.2 82.7 82.2 80.4 79 77.9 76.8 77.2 78.9 80.4 80.8 81.1 82.1 83.4 85.5 85.6 85.5 85.2 84.5 83.8 83.1 82.5
132.7 128.8 126.4 124.4 123.7 121.7 118.4 119.5 121.1 123.6 127.5 126.7 125.7 125.5 123.9 122.3 120.7 119.1 117.6 117 116.2 115.5 114.7 113.9 113.9 114.2 114.3 114.1 112 109.8 108.2 106.5 104.8 103.5 102.5 101.6 100.1 99 96 94.2 92.5 91.6 91.6 93.8 91.1 92.3 94.5 98.3 99.6 91 82.7 86 90.7 94.3 96.9 95.9 92.7 82.2 88.2 89.8 88.8 87.3 84.5 82.4 81.6 80.8 79.7 78.7 77.7 77.2 78 79.6 81.1 81.6 82.5 83.9 85.9 86.8 86.5 86 85.4 84.6 84 83.4
134.5 130.4 125.5 123 122.9 121.7 118.4 117.5 118.9 121.6 126.1 127.3 127.3 126.3 124.7 123.2 121.7 120.2 118.5 117.5 117.2 116.9 116.3 115.6 114.9 114.8 113.5 112.2 110.2 108.5 107 105.6 104.2 102.8 101.8 100.7 99.9 99.4 97.6 94.5 92.9 91.8 91.6 90.6 92 98.2 103.9 107.4 103.7 91.3 81.1 83.6 90.1 94 95.1 93.7 86.1 84.2 91.5 91.9 90.7 89 86.3 83.2 81.7 82.2 81 79.9 78.7 78 80 80.1 81.7 82.2 83 84.4 86.3 87.8 87.8 87.6 86.3 85.4 84.8 84.2
136 131.5 126.3 122.4 121.4 120.9 118.2 115.6 116.8 119.1 123.1 127.9 128.7 127.4 125.9 124.4 122.9 121.3 119.7 117.6 117.3 117.1 116.8 116 114.6 113.3 112.1 110.4 109.5 108.1 106.6 105.2 104.2 104.4 103.4 101.9 99.9 99.3 97.9 95.4 92.8 91 89.9 89.9 95.2 103 109.7 109.7 104.9 92.7 81.4 82.3 87.4 90.9 92 90.7 85.1 87.9 94 93.9 91.7 89.9 86.8 83.4 82.6 83.6 82.5 81.4 79.7 79.1 81.2 81.7 81.8 82.9 83.5 85 86.8 88.3 88.9 88.4 87.5 86.3 85.2 83.9
136.3 132.9 127.9 123.2 121.4 119.7 117.2 114.4 114.7 116.3 120.1 125.3 128.8 128.6 127.1 125.6 124 122.5 120.8 118.4 117.5 117.2 116.9 115.9 114.2 112.5 111.1 110.2 109.3 107.8 106.2 105.3 105.8 105.2 103.5 101.7 99.9 98.3 96.5 94.6 92.5 92 90.7 89.3 94.6 103.4 109.4 109.8 105 94.9 84.2 81.3 84.6 87.4 89.7 89.4 88.4 94.1 95.1 94.6 92.4 89.3 86 83.8 84.4 85.1 84.1 83 80.9 79.8 81.1 80.4 81.5 83.4 84.1 85.1 86.6 87.9 89.2 88.3 87.3 86.2 84.9 83.6
136.2 133.6 129.7 125.6 122.5 120.1 118.2 115.1 113.5 114 117.1 121.8 127.6 128.6 128.3 126.7 125.2 123.6 122 119.6 117.6 117.3 116.7 115.7 114.5 112.5 111.2 110 109.1 107.7 106.1 105.5 104.9 104.2 103 101.2 98.7 96.2 94.8 94 94 93.7 91.4 89.7 92.7 100.9 106.5 107.3 104.5 96.9 87.1 80.4 85.5 89.6 92.1 92.7 93.1 96.5 96.4 95.1 92.3 89.2 87.5 86.5 86 86.7 85.7 84.2 82.1 81.1 80.3 80.3 81.2 82.6 84.4 84.8 85.9 87.2 88.4 87.6 86.8 85.9 84.6 83.3
135.3 132.9 129.3 125.1 122.5 119.6 117.7 116.7 114.6 112.5 114.9 119.7 124.2 128.6 128.2 127.2 126.2 124.8 123.2 120.8 118.3 117.5 116.5 115.6 114.7 113.2 112 110.6 109.2 108 106.3 105.2 104.1 103.3 102.3 100.7 98 96.4 95.4 95.1 95.6 94.8 92.3 89.8 91 97.9 103.1 104.5 103 100.6 88.9 82.9 84.8 91.7 95 96.7 97.2 98.1 97.1 95.8 92.7 90.9 91.4 90.3 88.6 88.3 86.9 85.3 83.5 82.4 81.7 81.1 81.8 83.1 84.6 85 85.2 86.3 87.4 87 86.3 85.4 84.2 82.9
132.9 131.4 128.2 124.2 121.1 118.6 117.7 117.8 114.4 112.5 112.1 114.4 119.4 125.5 128.1 127.1 125.9 125 124.2 121.9 119.5 117.4 116.5 115.6 114.6 113.2 111.7 110.3 108.9 107.4 106.8 105.7 104.6 103.5 103.2 102.4 101.5 98.8 97.1 96.2 96.4 95.4 93.2 90.8 90.1 96.5 102.5 103.4 103.2 100.9 91.2 81.9 84.4 92.8 96.6 99.9 100.6 99.6 98.1 96.8 94.4 94.2 94.4 93.2 92 90 88.3 86.6 84.9 83.7 83 82.3 82.6 83.7 84.2 84.5 84.6 85.1 86 86.6 85.9 84.9 83.8 82.7
134 133.1 130.3 126.8 123.2 122.3 120.2 118.8 116 112.5 111.2 111.7 114.3 119.6 126.1 128.7 127.8 126.2 124.5 122.9 120.6 118.1 116.7 115.7 114.4 113 111.5 110.1 108.6 107.1 105.7 105.5 105.1 104 104.8 105.5 104 101.1 98.7 97.1 96.5 95.8 94.2 91.7 90.3 95 101.4 103.5 104.3 102.2 93.7 81.2 83.7 92.3 100.6 102.5 101.7 100.2 99.1 97.7 96.6 97.5 96.7 95.9 93.8 92.1 90.2 88.3 86.3 84.8 84 83.2 83.5 84.1 83.5 83.6 83.9 84.4 84.9 85.7 85.4 84.4 84 83.1
134.8 132.4 130.3 128.1 124.6 123.5 121.7 118.2 115.6 112.2 110.7 110.2 111.7 115.6 122.9 129.6 128.3 126.8 124.6 123.1 121.5 119.2 116.9 115.6 114.2 112.8 111.3 109.9 108.4 106.9 105.6 105 105 104.5 106.3 106.1 104.5 100.4 98.5 97.8 96.5 95.9 95.1 92.9 91.6 92.7 100.3 106.7 107.2 103.4 95 83.9 83.7 92.5 101.9 104.2 102.3 100.9 99.8 98.6 98.4 98.1 97.5 96.8 95.5 93.9 91.8 89.6 87.7 86.1 85 84.2 84.6 84.1 83.5 82.8 82.8 83.5 84.2 84.7 85 84.7 84.2 83.4
137 132 128.3 126.9 125.6 124.1 121 117.9 114.9 112.6 110.8 110 109.6 112.4 118 124.7 128.6 126.9 124.8 123.3 121.7 120.2 117.9 115.6 114.1 112.6 111.2 109.6 107.9 106.4 105.8 104.6 104.5 104.6 103.9 103.7 102.6 99.2 98.3 98.2 95.9 95.5 96.2 93.7 92.5 91.4 98 106.1 107.5 104.4 97.1 86.7 81.7 89.6 97.1 101.3 101 100 98.7 99.5 99 98.5 98.1 97.6 96.3 94.6 92.9 91.1 89.2 87.6 86.2 85.1 84.9 84.2 83.5 82.6 81.4 81.5 82.2 82.9 84.3 84.9 84.4 83.7
140.8 135.7 129.7 125.5 125.2 123.7 121.3 118.6 116.1 114.6 112.7 111.2 108.8 110.9 114.9 119.2 125.9 126.7 124.9 123.6 122.1 120.6 118.6 116.5 114.3 112.2 110.6 109 107.4 106.7 106 104.8 104 103.3 101 99.1 98.8 98.4 96.8 95.7 95 95.3 96.4 94.1 93 91.9 95.7 103.8 107 104.4 98.8 88.6 83.2 83.1 88.8 95.8 97.5 96.6 97.1 98.5 98.9 98.2 97.7 97.3 96.4 95.1 93.4 91.6 89.9 89 87.5 85.8 84.2 83.4 82.6 81.8 81.2 80 80.1 80.8 83 84.8 84.3 83.7
141.7 137.7 131.7 126.5 126.6 123.6 122.4 120.1 118.1 116.6 114.7 111.7 108.6 111.4 112.7 115.8 120 123.7 124.2 123.1 122 120.8 119 116.8 114.5 111.8 110.1 108.5 107.5 106.9 106.2 105 103.7 102.2 100.7 99.2 97.8 97.7 97.6 96.1 94.5 94.9 93.6 93.6 93.1 91.8 94.9 101.9 102.4 99.9 95.6 88.3 84 82.1 84.4 88.6 91 93.5 95.9 98.1 98.9 98.2 97 95.8 95 94.2 93.2 92 90.6 89.3 87.4 85.4 83.3 81.9 80.9 79.7 79.5 79.4 78.5 79.2 81.6 83.1 83.4 82.8
