STL Generation/terr50_gagg_gb/data/SK74.asc
ncols 200
nrows 200
xllcorner 470000
yllcorner 340000
cellsize 50
[rows 0 to 37 of 200, columns 86 to 171 of 200]
14.7 14.5 19.1 27 35.1 33.9 33.9 31.2 28.3 24.5 21.7 19.5 19.2 18.8 19.9 20.8 22 22.9 21.1 19.7 18.7 18.5 18.8 20.4 22.6 23.4 23.6 23 21.5 20.2 20.3 20.1 19.8 19.7 19.4 18.9 17.7 17.8 17.7 17.3 16.5 15.8 15.4 14.9 14.5 14.2 14.6 16.8 17.5 19 19.5 17.8 19.3 20.1 19.9 19.7 19.2 18.2 17.7 17.7 17.7 16.9 17 17.3 17.4 17.3 17.1 16.9 16.5 15.9 15.2 14.6 14.3 14.3 14.3 14.3 14 13.4 13.6 13.9 14 13.8 13.6 13.3 13.2 13.5
15.7 22 32.6 37.2 37.3 37 36.3 34.9 30.6 27.8 24.8 20.3 20.2 20.2 19.5 21.1 22.2 22.4 21.6 20.6 19.7 19 19.5 19.6 21.3 20.8 22.1 21.3 20.4 19.9 19.8 19.6 19.3 19.1 19 18.7 17.5 17.6 17.2 16.8 16.6 15.9 15.5 15.1 14.8 14.4 14.1 15 16.1 17.4 18 17.8 19 19.1 19 18.9 18.4 17.7 17.9 18.4 18.7 18.4 17.9 17.4 16.9 16.8 16.6 16.5 15.8 15.2 14.6 14.1 14 14.1 13.9 13.9 13.5 13.4 13.7 14 14.2 14 13.8 13.5 13.2 13.2
26.8 38.9 38.9 38.6 38.3 37.7 37.1 36.2 34.5 31.3 27.1 24.5 21.4 21.5 19.9 21.4 21.6 21.8 22 21.1 20.1 19.2 18.6 18.7 18.5 20.2 20.4 19.5 18.7 18.6 19 19.1 18.8 18.6 18.4 17.2 17.5 17.1 16.7 16.3 16.4 16 15.6 14.9 14.4 14.3 14.2 14.1 14.8 15.7 17.4 17.9 18.1 18.1 18 17.9 18 17.5 18 18.3 18.4 18.6 18 17.6 17 16.1 15.4 16.2 15.5 14.8 14.1 13.9 14 14.1 14.1 14 13.4 13.5 13.8 14.1 14.4 14.3 14 13.7 13.3 13.1
38.4 39.3 38.9 38.6 38.2 37.8 37.5 36.9 35.4 33.6 30.4 27 25 23.9 22.7 21.9 21.5 21.9 21.8 21.1 20.1 19.1 18.4 17.9 17.5 17.9 18.6 17.8 17.4 17.3 17.7 18 18.2 18.1 17.9 17.4 17 16.6 16.2 15.8 15.6 15.4 14.7 14.5 14.4 14.3 14.2 14.1 14 14.9 16.2 16.7 17.2 17.2 17.1 17.2 17.3 17.4 17.5 17.5 17.6 18 18.1 17.7 17.4 16.7 16.1 16.2 15.5 14.8 14.1 13.9 13.1 13.3 14.1 13.3 13.8 13.7 13.9 14.2 14.5 14.5 14.2 13.8 13.4 13.5
40.7 39.9 39.2 38.5 38.1 37.8 37.3 36.6 35.8 34.3 32.3 29.9 28.3 26.7 25.3 23.4 22.8 21.6 21.6 20.9 20.1 19.1 18 17.5 16.8 16.2 16.9 16.2 16.1 16.1 16.4 16.7 17.1 17.3 17.3 16.9 16.5 16.1 15.7 15.5 15.5 14.9 14.7 14.6 14.5 14.4 14.3 14.2 14.1 14 14.6 15.2 15.8 16.2 16.1 16 16 16 16.3 16.5 16.8 17.2 17.8 17.9 17.6 17.3 17.4 16.5 15.6 14.8 14.1 14 14 12.6 12.3 12.5 13.1 13.9 14 14.3 14.7 14.7 14.4 14 13.6 14
41.8 40.8 39.9 39.2 38.6 38 37.2 36.4 35.7 34.4 32.3 30.4 29.3 28.1 27.1 25.7 24.2 21.9 21.3 20.6 20.2 18.4 17.7 16.7 16.2 15.6 15.1 15 15.1 15.1 14.9 15.4 15.7 15.5 16.2 16.6 16 15.6 15.3 15.2 15.2 15.1 15 14.9 14.7 14.6 14.4 14.3 14.1 14 14.2 14.8 15.4 16 15.9 15.8 15.7 15.6 15.5 15.7 16.1 17 17.9 18.3 18 17 16.7 16.5 15.8 14.9 14.2 14 14 14 13.7 13.9 14 14.1 14.2 14.7 14.8 15 14.8 14.7 14.6 14.5
42.6 41.9 40.9 39.9 39.3 38.8 37.8 37.1 36.4 35 32.6 30.6 29.5 28.6 27.8 26.6 24.2 23.7 22.2 21.1 19.4 17.8 16.8 15.7 15.3 15.1 15.7 15.4 15.4 14.5 13.8 13.5 13.9 16.4 15 15 15.1 15.1 15 15 15 15.2 15.1 14.9 14.8 14.6 14.5 14.3 14.1 14.1 14.2 14.4 15 15.5 15.7 15.6 15.4 15.3 15.2 15.2 15.7 16.7 17.6 18.5 17.7 16.7 16 15.9 15.6 14.9 14.2 13.9 13.4 12.9 13.8 14 14.1 14.2 14.3 15.3 16.5 16.3 15.8 15.8 15.7 15.6
44 43 42.1 41.1 40.2 39.6 38.5 37.7 37.3 35.5 33.5 30.9 29.8 28.8 24.8 26.5 25.3 23.9 22.3 21.1 20.1 18.4 17.2 16 15.3 15 14.9 15.2 15.3 14.6 13.4 13.5 16.4 15.7 14.1 14.2 14.8 14.8 14.7 14.7 14.8 15.1 15.1 15 14.8 14.7 14.5 14.3 14.1 14.2 14.3 14.4 14.6 15.1 15.5 15.3 15.2 15 15 14.9 15.5 16.4 17.3 18 18.4 17.3 16.4 15.7 15.1 14.6 14.4 14.3 14.1 13.8 13.9 14.1 14.2 14.3 14.4 15.7 16.8 17.5 17 16.9 16.8 16.6
45.6 44.3 43.4 42.4 41.5 40.5 39.1 38.5 37.8 36 34.3 31.6 30 28.8 27.5 26.1 24.6 23.6 22.5 21 18.9 19.2 17.6 16.3 15.3 15 15.3 14.7 15 14.3 13.9 13.8 15.8 14.1 13.8 14.7 14.9 14.7 14.5 14.5 14.7 14.9 15.2 15 14.9 14.7 14.5 14.3 14.1 14.2 14.4 14.5 14.5 15.1 15.3 15.1 14.9 14.8 14.7 14.6 15.2 16.1 17 17.6 18 18 17 16.3 15.5 14.6 14.7 14.6 14.5 12.2 13.9 14.1 14.3 14.4 14.6 15.6 16.6 17.4 18 17.9 17.8 17.7
46.9 45.7 44.7 43.7 42.8 41.8 39.9 39.4 38.3 36 35.1 34.3 32.7 29.8 27.6 25.9 23.8 22.8 21.9 20.9 19.7 19.1 17.9 16.8 15.4 15 15.4 14.9 14.1 13.7 14.3 15.8 13.9 13.8 13.8 15.1 15.1 14.6 14.2 15.1 14.6 14.8 15.1 15.1 14.9 14.7 14.5 14.3 14.1 14.3 14.4 14.5 14.5 15.2 15.3 15.2 15.2 15.1 14.5 14.4 14.9 15.8 16.6 17.1 17.5 17.9 17.7 16.9 16 15 14 13.9 13.2 14 14.1 14.1 14.2 14.5 15.4 16.3 17.1 17.4 17.9 18.5 18.6 18.3
48.2 47 46.1 45.1 44.1 43.1 41.5 40 38.2 37.9 37.9 36.2 33.6 30.6 28.3 26.2 24.3 22.5 21.4 20.4 19.4 19.3 18.1 16.9 15.7 15.3 15.4 15.6 15 14.1 14.1 14.9 13.8 13.8 15.1 15.1 15.2 15 15 15.3 15.3 15.2 15 15.1 14.9 14.7 14.5 14.3 14.2 14.3 14.4 14.4 14.4 15.1 15.2 15.2 15.2 15.2 15.4 15.3 15.1 15.4 16.1 16.6 17 17.4 17.9 17.5 16.4 15.4 14.4 13.4 12.9 14.4 14.4 14.5 15.4 16 16.9 17.7 17.7 17.7 18.1 18.4 18.9 17.9
49.5 48.4 47.4 46.1 44.8 43.9 42.3 40.6 40.4 40.2 39 37.1 34.8 31.8 29.8 28 26.2 24.3 22.2 21.4 20.3 19.2 18.3 16.9 16.2 15.9 15.7 15.4 14.8 20.5 15.6 15.3 16.8 14.1 14.6 14.9 15.3 15.3 15.4 15.3 15.3 15.2 15.2 15.1 14.9 14.7 14.5 14.2 14.2 14.3 14.3 14.3 14.3 15.2 14.9 14.9 15.1 15.3 15.4 15.3 15.8 16.1 16 17.1 17.5 17.9 18.3 17.7 16.8 16 15.2 14.4 13.6 14.2 14.7 15.6 17.5 17.4 18 18.1 18.1 18.1 18.3 18.7 18.3 17
51.2 48.6 47.3 46 45 44.3 43 42.4 41.2 40.1 39 38 36 33.4 31.5 29.8 28 25.9 23.1 21.8 20.4 19.4 18 17.2 16.8 16.5 16.3 15.9 15.7 14.8 15.8 21.5 18.4 14.4 14.6 14.2 14.5 15 15.4 15.4 15.3 15.3 15 15.1 14.9 14.7 14.4 14.2 14.3 14.3 14.3 14.3 14.3 14.9 14.7 14.9 15.2 15.4 15.3 15.2 15.7 16 16.7 17.6 18.4 18.7 18.8 17.9 17 16.1 15.2 14.4 13 14.2 16 18 19.2 18 18.2 18.6 18.5 18.5 18.6 18.7 17.9 17
53.1 50.2 47.2 46.2 45.3 44.2 43.3 42.1 41 39.9 38.7 37.7 36.4 34.2 32.6 31 29.3 26.6 24.1 22.5 20.9 19.4 18.1 17.8 17.4 17.1 16.7 16.3 16.1 15 17.5 14.8 17 15.1 14.9 15 14.6 15.3 15.5 15.4 15.3 14.9 15.2 15.1 14.9 14.6 14.4 14.2 14.2 14.3 14.3 14.4 15.3 14.7 14.7 15 15.2 15.4 15.1 15.1 15.5 15.8 16.3 17.3 18.2 19.1 19 18 17.1 16.2 15.4 14.5 14.1 15.4 17.7 19.9 19.8 19.3 18.7 18.9 19.1 19 18.8 18 17 16.1
53.9 50.4 47.2 45.6 44.9 43.5 42.5 41.5 40.6 39.6 38.5 37.3 36.1 33.3 31.8 30.7 29.7 27.4 25.3 22.8 21.1 19.8 18.9 17.8 17.4 17.6 16.8 15.9 18 15.6 17.2 15.1 14.7 14.5 14.9 15.3 15.4 15.2 15.5 15.2 14.8 15 15.3 15.1 14.8 14.6 14.4 14.3 14.2 14.2 15 15.1 15 14.8 14.7 15 15.3 15.1 14.8 14.9 15 15.3 16.2 17.3 18.3 19.3 19 18.2 17.3 16.3 15.4 14.5 14 15.4 18.6 19.9 19.6 19 19.4 19.9 20 19.5 18 17.1 16.2 15.2
54 50 46.8 44.9 43.9 42.8 41.6 40.7 39.8 38.9 38 37.1 35.8 33.4 31.2 30 29 27.8 26.5 23.8 21.5 20.6 19.7 18.6 17.5 16.7 16.4 15.6 16.3 15.8 15.7 15.6 15.4 15.2 15.1 15.1 15.2 15.4 15.2 14.7 14.9 15.1 15.3 15 14.8 14.6 14.5 14.4 14.2 14.2 14.9 15.3 15.1 14.9 14.6 14.9 15.2 14.9 14.7 14.9 14.6 15.5 16.4 17.4 18.3 19.4 18.8 17.9 17 16.1 15.2 14.2 14 14.5 17.5 18.6 19.1 19.4 20 19.4 19.8 18.2 17 16.2 15.3 13
53.9 51.2 47.8 44.4 42.9 42.1 40.8 39.9 39 38.1 37.2 36.5 36.2 34.7 32.6 30.4 28.7 27.6 26.2 24.3 22 21.2 20.4 19.2 17.9 17.5 16.3 17.5 16.2 16 15.8 15.5 15.3 15 14.9 14.9 15.1 14.8 14.6 14.8 15 15.3 15.2 15 14.9 14.7 14.6 14.4 14.3 14.1 14.8 15.2 15.1 15 14.7 14.9 14.9 14.7 14.8 15.3 15 15.8 17 18.1 19.2 19.6 18.3 17.4 16.6 15.8 14.9 13.9 14 14.1 15.6 17.3 19.2 19.9 20.4 19.3 18.5 16.9 15.2 13.5 13.4 10.5
52.3 51.3 48.3 44.6 42.1 41 40 39.1 38.2 37.4 37 36.5 36.2 35.7 33.5 30.6 29 27.4 26 24.7 22.6 21.4 20.5 19.6 18.9 18.4 19.5 15.8 15.9 15.9 15.7 15.4 15.2 14.9 14.7 14.7 14.5 14.6 14.5 14.8 15.1 15.4 15.2 15.1 15 14.8 14.7 14.5 14.4 14.6 15.2 15.1 15.1 15 14.8 14.9 14.7 14.8 14.9 15.5 16.2 17.3 18.4 19.5 19.7 19.6 18.3 16.9 16.2 15.4 14.5 13.6 12.6 14.2 15.7 17.6 19.5 21 20.1 18.6 17.6 16.2 13.7 14.7 14.4 14
50.4 49.9 48 44.7 41.7 40.4 39.2 38.4 37.8 37.3 36.8 36.5 36 35 33.6 31.7 29.5 27.9 26.3 24.7 22.7 21.1 20.6 20.2 19.7 19.4 18.1 16.2 15.7 15.8 15.6 15.4 15.1 14.7 14.5 14.5 14.6 14.6 14.5 14.8 15.1 15.3 15.2 15.1 15 14.9 14.8 14.6 14.8 15.3 15 14.7 14.8 14.8 14.8 14.8 14.9 14.9 15.1 15.8 17 18 19.1 19.4 19.4 19.5 18.6 17.3 16 15 14.7 14.4 12.9 14.6 15.9 18.1 19.9 20.6 19.3 17.3 16.3 15.5 14.8 14.4 13.7 13.4
48.1 46.8 45.4 42.6 41.3 40.3 39.1 38.1 37.5 37.1 36.4 35.6 34.9 33.9 33.1 32.1 30.3 28.3 26.7 25 23 21.1 20.9 20.4 18.9 19.8 18.3 16.7 16.1 15.6 15.5 15.2 15 15 14.7 14.6 14.6 14.6 14.5 14.8 15.4 15.2 15.1 15 14.9 14.8 14.7 14.7 15 15.4 15.6 15.5 14.6 14.7 14.8 15.1 15.2 15.2 15.4 16.4 17.4 18.5 19.1 19.1 19 19.1 18.5 17.3 16 15.1 14.7 14.5 14.3 14.2 15.5 17.5 19.3 18.3 17.1 15.7 15.4 15.1 14.5 11.9 13.3 13.5
47.1 45.2 43.5 42.1 40.7 39.7 38.7 37.8 37 36.1 35.3 34.5 33.8 32.5 31.7 31 30.1 28.8 27.1 25.1 23.3 21.6 20.9 20.5 20.7 18.9 18.9 18.3 16.6 16.1 15.5 15.5 15.4 15.2 15 14.7 14.6 14.7 14.6 14.8 15.2 15.1 15 14.9 14.8 14.8 14.8 14.7 14.9 15.3 15.4 15.6 15.3 14.7 15.5 15.6 15.7 15.8 15.9 16.8 17.9 18.9 18.8 18.7 18.7 18.7 18.1 17.2 15.9 15.2 15 14.5 13.4 14.1 14.4 15.6 16.6 15.8 14.6 14.4 14.9 15.2 11.7 14.1 13.6 13.8
46.2 44.6 42.8 41.4 40.2 39.1 38.2 37.5 36.8 36.3 35.2 34.4 33.7 32.9 31.7 30.5 29.3 28.3 28 27 25.3 23.7 22.2 22 22.3 22.2 22 21.2 19.5 17.8 16.3 16.2 15.6 15.4 15.2 14.9 14.7 14.7 14.6 16.2 15.1 15 14.9 14.9 15 15 14.9 14.8 14.8 15.2 15.3 15.6 15.5 15.5 15.7 16.2 16.3 16.4 16.5 17.3 18.3 18.5 18.4 18.4 18.3 18.3 17.7 17 15.7 15.3 15.2 14.6 13.5 13.7 13.7 13.8 13.8 14 14 14.4 15.1 15.3 15.1 14.4 14 14.1
45.7 44 42.2 40.3 39.4 38.6 38.4 37.1 36.4 35.9 35.4 34.3 33.9 33.2 32.1 30.9 30 29 28.8 28.3 27.2 26.1 21.9 22.6 23.3 24.3 24.4 23.8 21.7 19.6 18.2 18.5 17.8 16.3 15.5 15.2 15 15.1 14.5 15.4 14.9 15 15 15.1 15.1 15 14.9 14.8 14.7 15.1 15.3 15.5 15.7 15.3 15.4 16 16.6 17.1 17.2 17.7 18.2 18.2 18.1 17.7 17.4 17 16.8 16.6 15.6 15.4 15.2 14.4 14.6 14.3 14 14.5 15 14.9 14.4 14 15.5 15.2 14.4 11 14.4 14.8
45.1 43.3 41.5 39.7 38.2 37.7 37.4 36.7 36 35.3 34.6 34 33.8 33.6 32.6 31.8 31 29.9 29.2 29.2 28.6 23.3 25.8 25.7 25.9 25.8 25.8 25.5 24.2 22.3 21.3 20.8 20.8 19.4 17.9 16.4 15.4 14.8 15.4 15.3 15.1 15.2 15.2 15.3 15.2 15.1 15 14.9 14.8 15 15.2 15.5 15.6 14.9 15.2 15.8 16.3 16.9 17.5 17.9 17.5 17.2 16.8 16.4 16 15.6 15.3 15.3 15.5 14.2 13.8 14.9 14.6 14.5 15 15.1 15.2 15.1 15.1 14.9 14.6 15.2 13.5 14.5 14.2 14.7
44.5 42.7 40.8 39 37.2 36.4 36 34.9 34.3 34 33.6 33.6 33.4 33.2 32.8 32.5 31.8 30.7 29.6 29.6 26.4 24.4 28.6 27.8 27.5 27.1 27 27 26.5 25.2 24.7 24.1 23.5 22.4 20.5 18.7 16.7 16 15.3 15 15.3 15.4 15.4 15.3 15.2 15.1 15 14.9 14.8 14.8 15 15.1 15.3 14.9 15.5 16.1 16.6 17.2 17.3 17.4 17.5 17.1 16.7 16.3 15.9 15.4 15 14.8 14.7 13.5 14.7 14.9 15 15.1 15.2 15.3 15.3 15.3 15.2 15.3 15 13.8 13.7 14.3 14.4 14.5
44 42.5 40.9 39.3 37.5 35.2 34.7 34.2 33.8 33.3 33.2 33 32.9 32.6 32.1 31.9 31.2 29.8 29.5 27.8 23.9 28.9 28.6 28.7 28.7 28.1 27.6 26.8 26.3 25.8 25.2 24.8 24.4 23.8 22.4 20 18.1 17.3 16.3 15.9 15.5 15.6 15.5 15.4 15.3 15.2 15.1 15.1 15 14.9 14.8 14.8 14.9 15.2 15.8 16.4 16.5 16.6 16.8 16.9 16.9 17 16.8 16.4 16 15.6 15.2 15.1 14.7 12.6 14.9 15.2 15.2 15.3 15.4 15.5 15.5 15.5 15.3 15.3 14.5 13.9 13.5 14 15.2 14.3
44.5 43.1 41.8 40 37.5 34.9 34.1 33.8 33.5 32.3 32.6 32.5 32.3 32 31.5 31.2 30.9 29 27.9 23.9 26.6 28.2 28 27.5 27.6 26.9 25.5 24.5 24 24.9 25.2 24.9 25 24.4 23.4 21.4 19.5 18.6 17.6 16.9 16.6 16.6 15.6 15.5 15.4 15.4 15.3 15.2 15.1 15 14.9 14.8 14.7 15.6 15.7 15.8 16 16.1 16.2 16.3 16.4 16.4 16.5 16.5 16.1 15.7 15.3 15.2 15.2 14.8 15.2 15 15.3 15.5 15.6 15.7 15.7 15.8 15.5 15.3 13.9 13.9 13.5 14.1 15.4 14.4
44.8 43.7 42 40.3 37.6 34.8 33.8 33.2 33.6 32.1 31.9 32 31.8 31.4 30.9 31 30.6 28.6 23.7 28.8 28.6 27.1 27.7 27.2 26.2 25.9 24 22.8 22.3 23.1 23.6 24.1 23.8 23.5 22.9 22.3 20.8 20 18.9 18 17.9 18.1 17.8 16.7 15.7 15.5 15.4 15.3 15.2 15.1 14.9 14.8 14.8 14.8 14.9 15.1 15.4 15.6 15.7 15.7 15.8 15.8 15.9 15.9 16 15.8 15.4 15.3 14.5 14.9 15.4 14.8 15 15.3 15.5 15.8 15.9 16 15.8 15.5 14.1 13.8 13.6 13.9 12.2 14.6
43.8 42.3 41.9 40.2 38.8 35.8 33.9 33.9 33.1 32 31.8 31.5 31.3 31 31.1 32.2 29.1 25.1 27.7 28 27.6 27.4 27 26.5 26.2 25.4 23.5 22.4 21.9 21.3 21.7 22.2 22.5 22.4 21.8 21.3 20.6 19.7 19.8 19 19 19.8 19.3 18.3 17.4 16.4 15.5 15.4 15.2 15.1 14.9 14.8 14.9 14.9 14.8 14.9 15 15.2 15.2 15.3 15.3 15.3 15.3 15.4 15.4 15.5 15.5 15.2 14.6 14.7 15.5 14.6 14.7 15 15.3 15.5 15.8 16 15.9 15.5 14.4 12.5 13.3 13.7 13.4 15.1
42.3 40.8 40.9 40.1 38.7 37 34.6 33 32.3 31.8 31.7 31.5 30.2 30.5 30.8 28.5 25.4 26.7 27.1 27.1 25.9 26.2 25 24.6 24.7 23.9 23.2 22.4 22.1 21.5 21 21 21.3 21.4 20.8 20.4 19.5 19.5 19.7 20 20.1 20.1 19.9 18.9 18 16.9 15.8 15.4 15.2 15.1 15 14.9 15.2 14.9 14.8 14.9 15 15.1 15.2 15.1 15.1 15.2 15.2 15.2 15.2 15.2 15.3 13.7 14.7 14.7 14.7 14.7 14.5 14.7 15.1 15.7 15.6 15.6 15.8 15.4 13.5 13.8 13.7 13.7 14.8 15.1
39.9 39.4 39.4 39.4 38.5 36.9 35.1 32.8 32.4 31.7 31.1 30.6 31.3 24.5 25.3 27.1 28.3 27.1 26.7 26 25.6 25.4 24.6 24.4 24.3 23.7 23.4 23 22.7 22.3 22.5 21.5 20.5 20.3 19.9 19.4 19.3 19.5 19.7 19.9 19.7 19.6 19.6 19.5 18.6 17 16.1 15.5 15.2 15.1 15 15 15.3 15 14.7 14.8 15 15.1 15.3 15.1 15 15 15 15.1 15.1 15.1 15.2 13.4 15.2 15.2 15.2 15.2 14.6 15.1 15.2 15.2 15.1 15.1 15.3 15.3 14.1 13.8 13.8 13.7 12.5 15.7
41.4 39.9 36.7 36.8 36.9 35.6 34.9 32.9 32.4 31.7 31 30.8 32.4 28.1 24.7 24.3 29.5 27.9 26.4 26.4 26.7 26.2 25.6 25.2 25.1 24.5 24.4 24.3 23.8 24.1 24 23 21.8 19.9 18.1 19 19.2 19.4 19.7 19.8 19.5 19.3 19.1 19.1 18.7 17.1 16.4 15.8 15.3 15.1 15 15.4 15.3 15 14.8 14.8 15 15.1 15.3 15.1 14.9 14.8 14.9 14.9 14.9 15.4 13.2 15.4 15.3 15.3 15.2 15.2 15.1 15 14.7 14.6 14.6 14.7 15.6 15 14.4 12.5 13 13.7 12.5 15.6
41.4 39.4 36.3 35.7 34.8 34.7 34.1 33.2 32.4 31.7 31 30.5 29.9 30.8 29.1 28.1 27.2 26.6 27 27.2 27.2 27.1 26.6 26 25.9 25.5 25.4 24.8 25.1 25.3 25.1 23.8 22.4 20.5 18.7 18.5 18.2 19.2 19.6 19.6 19.3 19.1 18.7 18.2 17.6 17.2 16.7 16.1 15.5 15.6 15.6 15.6 15.6 15.5 15.2 14.8 14.9 15.1 15.3 13.9 14.9 14.8 14.7 14.7 15.1 12.8 15.2 15.2 15.4 15.3 15.3 15.2 15.2 14.9 14.7 14.5 14.3 15.1 15.4 14.8 14.3 12.4 13.8 13.7 13.7 12.1
39.5 37.7 36.6 35.9 35.4 33.3 32.3 31.9 31.9 31.7 31 30.5 25.4 28.6 31.9 29.6 27.1 27.4 27.6 27.4 27.3 27.3 27.2 27 26.6 26.3 25.6 25.2 25.7 26.1 25.2 24 22.9 21 19.4 17.9 17.8 17.3 18.3 19.2 18.8 18.3 17.5 17.2 17 16.8 16.4 15.9 15.5 15.1 15.5 15.4 15.3 15.1 15.1 15.3 14.7 15.1 15.3 13.6 14.9 14.8 14.7 14.6 14.6 14.7 14.8 15 15.3 15.3 15.3 15.2 15.2 14.9 14.7 14.5 14.5 15.2 15.4 15.1 14.2 13.8 13.9 14 14 14.2
40.7 38.9 37.7 36.7 35.6 34.1 32.7 32.4 31.8 31.4 31.5 26.4 29 28.7 28.8 28.9 28.1 27.8 27.7 27.6 27.5 27.4 27.4 27.3 28.1 26.4 25.7 25.8 26.3 26.8 26.2 23.8 22.7 21.6 20.1 18.6 17.7 17.2 16.7 17.5 17.9 17.2 16.9 16.8 16.5 16.3 15.9 15.5 15.1 15.7 15.3 15.2 15.1 15 14.9 14.3 15 14.8 15.3 13.9 14.9 14.8 14.8 12.8 13.4 14.1 14.5 14.8 15 15.3 15.3 15.3 15.1 14.9 14.8 14.8 14.8 15.2 15.3 14.9 14.6 13.9 14 14.2 14.4 14.4
40.7 39.5 38.3 37.7 35.6 34.3 33.2 34 35.2 32.9 26.2 30.6 32.4 30.4 29.9 29.2 28.7 28.2 27.9 27.8 27.7 27.6 27.5 28.1 29.3 28.1 26.5 25.5 25.6 25.9 26.3 25.5 23.1 19.9 19.5 18.8 17.8 17.1 16.3 16.7 16.7 16.3 16.2 16.2 16.1 15.8 15.5 15.1 15.3 15.3 15.5 15.4 15.3 15.3 15.1 14.9 14.2 12.8 13.8 13.4 14.6 14.7 14.3 14.6 14.5 14.4 14.5 14.6 14.8 15.1 15.3 15.3 15.1 15 15 15 15 15.3 15.2 14.7 13.3 13 13 13.3 14.1 14.3
39.6 39 38.1 36.5 34.4 33.5 34.3 36.5 33.9 27.3 31.1 31 30.7 31 30.3 29.7 29.3 28.9 28.4 28 27.8 27.8 28.4 29.3 30.4 29.4 27.6 25.9 25.5 25 25 24.5 23.8 21.2 20.3 19.2 17.9 17.2 16.7 16.4 16.1 15.9 15.8 15.6 15.5 15.4 15.1 15 15 15.4 15.7 15.7 15.6 15.4 15.2 15 14.9 13.5 15 15 14.8 14.5 14.3 14.6 14.5 14.5 14.5 14.7 14.8 15 15.1 15.3 15.2 15.2 15.2 15.2 15.2 15.4 14.9 13.9 13.3 13.5 13.7 13.9 14.1 14.3
38.6 37.2 36.7 35.1 34.3 34.9 35.3 33.4 27.3 32.7 32 31.6 31.4 31.4 30.8 30.4 30 29.6 29.1 28.7 28.3 28.7 29.5 31 31.6 30.7 29.3 27.5 25.7 24.7 24.1 23.4 22.7 22 20.4 19 18.1 17.7 16.9 16.3 16.3 15.9 15.8 15.6 15.4 16.2 15.9 15.5 15 15 15.5 15.6 15.7 15.6 15.4 15.2 15 14 15.2 15 14.8 14.5 14.4 14.4 14.5 14.5 14.6 14.7 14.9 15 15.2 15.2 15.1 15 14.9 15 15 15.1 14.7 14.3 13.3 13.4 13.7 13.9 14.1 14.3
