STL Generation/terr50_gagg_gb/data/SN10.asc
ncols 200
nrows 200
xllcorner 210000
yllcorner 200000
cellsize 50
[rows 114 to 151 of 200, columns 0 to 84 of 200]
51 52 52.3 51.3 52.3 56 58.3 59 56.8 52.5 57.7 58.4 60.3 60.8 66.2 66.5 64.4 61.5 59.4 58.5 58.6 58.4 61.9 62.5 60.8 61.9 62.4 60.9 58.4 57 60.1 65.9 67.8 68.3 68.7 69.2 71.5 73 74.6 75.9 76 76.5 77.4 77.1 74.2 73 70.3 68.2 65.4 63.8 62.4 62 56.6 52 52.4 58.3 71.2 77.8 80.4 81.9 81.9 81.2 80.2 79.3 78.7 76.2 73.1 69.4 63.7 57.8 51.7 40.5 29.8 22.7 19.9 21.3 26.2 2.9 1.1 -1.1 -2.4 -2.4 -2.4 -2.4 -2.4
53.4 55.8 57 57.3 57.6 60.3 62.8 62.3 58.3 55.9 60.9 64.6 66 65.4 67.8 69.8 68.7 64.7 63.2 63.1 63.3 63.1 66.8 66.3 66.5 66.4 67.8 66.7 64.5 62.3 59 61.5 67.2 67.1 67.3 68.2 70.2 72.5 74.6 76.7 76.2 77.6 77.5 76.3 73.1 69.9 67.1 62.8 59.9 57.8 56.4 55.8 55.5 56.9 62.4 67.5 74.7 79.1 82.7 84.5 85.3 84.9 84 82.5 81.1 79.4 77.9 74.9 69.6 62.7 56 44.1 27.8 24.9 28.8 31.6 36.2 6.2 1.7 -0.2 -2.4 -2.4 -2.4 -2.4 -2.4
55.2 58.4 60.7 62.5 63.5 64.5 65.6 64.1 61.7 62.8 62.8 68.4 70.9 71 69 71.2 69.4 69.9 70.3 68.5 69.3 68.3 70.9 71.1 70.9 70.8 71.8 70.9 68.1 65 61.1 61.1 64.5 64.1 64.7 67.2 69.7 72 73.5 75.3 76 76.1 76.4 74.7 72.6 70.9 69.3 60.8 57.6 57.7 59.6 64.1 67.6 70.9 74 75.2 75.9 79.3 82.4 84.8 85.5 85.7 83.8 82.6 81.3 79.7 77.6 76.1 72.4 68.2 60.6 45.2 30.6 38 42.1 43.2 44.8 38.2 3.9 1.7 -2.4 -2.4 -2.4 -2.4 -2.4
56.8 59.8 64 66.9 68.4 69.7 69.6 67.6 64.6 67.8 68.1 69.4 73.9 74.8 73 73.1 73.6 75.7 77.1 75.8 75.1 72.8 74.8 74.7 74.7 73.9 73.3 72.3 69.9 66.7 63.8 65 66 65.8 66.8 68 69.7 72.5 73.8 76.2 76.5 76.7 75.7 74.2 72.2 70.4 66.2 59.6 61.9 65.9 66.8 72.2 77.7 80.4 81.3 81 80 79.8 82 83.1 83.9 83.2 80.9 79.4 78.1 76.3 74.8 73.4 70.5 66 58.4 41.1 37.4 48.4 51.3 51.6 50.7 42.6 40.7 3 0.1 -2.4 -2.4 -2.4 -2.4
63.9 64.6 67.2 70 73.6 74.8 73.9 72.1 69.3 73.5 74.5 73.6 75.7 77.1 77.5 77.1 77.5 80.1 82.1 82.4 80.5 78.4 79.3 80.1 79.7 77 74.7 72.7 70.1 67.5 65.3 66.9 67.9 67.5 68.2 70.3 71.7 74.5 75.1 77.3 77.1 77.3 76.5 74.7 72.7 71.8 65.2 65.3 71.4 72.4 74.2 77.4 81.7 84.1 85.4 84 82.7 80.9 80.4 80.1 79.1 78.1 76.5 76.2 74.1 72.3 69 66.9 63.9 58.8 47.3 41.6 47 56.3 58.7 56.2 55.5 47.5 43.9 36.4 8.6 -2.4 -2.4 -2.4 -2.4
69.1 70.6 72.1 73.6 76.7 78.8 79.2 77.5 76.2 76.1 78.7 79.4 79.6 80.4 80.1 80.2 81.6 82.1 83.3 84.7 83.9 83.9 84.1 83.6 83.3 79.3 76.4 74 70.6 67.1 66.5 69 69.3 69.2 69.1 70.4 71.7 73 74.5 75.9 76.3 77.4 77.3 75.2 71.8 67.7 64.4 71.3 74.9 77.5 80.2 82 84 86.1 86.3 83.5 81.1 77.9 76.4 78 76.2 74 69.3 68.7 65 63.2 60.4 58.4 55.8 52.4 52.2 57.9 61.1 63.4 63.4 62.8 59.6 52.6 48.7 42.7 21.9 1 -2.4 -2.4 -2.4
74 75.5 76.7 77.8 79.7 81.7 82.3 81.7 80.2 78.2 78.6 79.5 80.3 80.9 79.7 81.1 82.3 83.8 85.4 87 87.9 88.1 88 87 85.8 83.1 79.9 76.7 73.8 71.1 70.3 70.4 70.5 70.4 70.3 70.7 71.8 72.8 73.9 75.2 75.6 75.4 75.5 74.5 71.4 67.4 67.5 70.8 73.8 76.4 79.2 81.6 83.6 84.8 83.9 82.4 80.1 78.9 76.6 74.8 70.6 66.3 65.6 65.3 64.9 64.7 61.6 60.5 57.5 56.1 58.2 62.7 63.7 64.3 65.1 64.3 62.5 57.5 55.3 49.7 29.6 2.9 -2.4 -2.4 -2.4
75.8 77.2 78.6 80.6 81.9 83.1 83.6 83.6 81 78.6 77.9 77.9 78.7 79.4 79.5 80.9 81.5 82.5 84.8 87.6 89.3 90 90 88.8 87.5 84.6 82.3 79.2 76.8 74.9 73.3 72 72.1 71.7 71.4 72.5 72.9 73.5 74.3 74.9 76.3 75.6 74 73 71.9 67.9 69.2 69.4 71.6 75.6 78.8 81.4 83.4 84.8 85.4 84.8 83.1 81.6 79.9 77.7 74.5 71.1 70.3 70.6 69 67.2 66.2 65 64.5 62.1 60.9 65.6 65 65.5 65.9 65.7 62.8 59.6 55.8 48.6 40.1 29.6 1.8 -2.4 -2.4
73.6 75.5 77.7 80.4 81.6 82.4 83.1 83.2 81.4 78.4 77.1 76.4 77.3 78.1 77.4 78.9 80.3 82.1 85.1 87.2 89.2 89.4 89.6 88.5 87.1 84.8 82.7 80.8 78.9 77.1 74.9 73.2 72.4 72.8 73 73.1 73.8 74.5 75.2 75.7 76.4 75.3 74.3 73.5 72.7 72.7 73.5 73.1 73.8 75.4 78.6 82.8 85 86.8 87.7 88 86.9 85 83 78.9 75.7 73.5 73.6 73 71.7 71.5 70.6 70 68.2 65.1 62.8 65.5 65 63.8 62.7 62.4 59.3 54.1 48.9 45.2 37.9 31.1 6.7 0.8 -2.4
72.1 73.9 76 78.3 79.8 80.6 81.2 81.5 80.5 78.4 75.3 74.6 74.4 74.1 74.5 76.8 79.8 81.8 83.4 85.3 86.8 87.3 87.9 87.5 86.3 84.8 83.1 80.6 78 76.1 74.8 72.9 73.5 73.1 74.1 74.4 74.7 74.9 75.1 75.4 75.4 74.4 73.4 73.1 73.9 74.5 76.1 76.5 77.8 79.8 81.6 84.8 87.1 89.2 90.7 91.2 91.1 90 85.9 82.6 78.7 77 76.8 76.1 74.7 74.3 75 73.2 69.9 66.5 62 63.9 63.5 62.5 59.4 57.7 54 48.1 41.4 38 35.3 32.3 17.5 2.9 -2.4
66.9 70.1 72.9 75.3 77.2 78 78.7 78.9 78.6 77.3 74.9 73.6 70.2 70.3 70.8 73.7 78.3 79.8 80.9 82.4 83.8 84.3 84.8 84.7 83.6 82.4 80.6 78.3 75.5 72.8 71.8 70.1 71.6 73.5 74.9 74.6 74.3 74.2 74.2 74.4 73.7 73.2 73.2 72.8 74.3 76.1 77.7 79.5 80.7 82.1 84.4 86.5 88.8 91 93.2 95 95 95.3 92.3 89.8 84.3 80.8 82 79.2 77.6 74.5 72.4 71 66.9 63 61.2 61.5 61.2 60.8 57.7 53.6 48.3 43.1 36.4 32.3 30.1 26.2 13.1 23.5 2.1
64 66.6 69.5 72.3 74.6 75.4 75.8 76.1 76.2 75.4 73.5 71.8 69 65.3 67 69.7 74 76.3 77.5 79.2 80.5 80.7 81 80.9 80.2 79.1 76.6 74.4 72.1 68.5 66.6 64.6 70.8 71.8 72.9 73.1 73.1 72.6 72.6 72.6 72.3 72.1 72.1 72.4 74.9 76.8 78.6 81.6 84.3 86.6 85.7 87.5 89.8 92 94.2 95.9 97.5 97.2 95.5 93.3 89.4 85.3 84.7 82.6 79.7 75.8 72.3 67.1 63.3 59.2 58.5 60.8 59.7 57.9 53.6 49.9 45 41.6 35.4 31.8 29.3 32 34 38.5 2.9
61.8 64 66.6 69.3 71.5 72.8 74 73.9 73.6 73.2 71.4 69.5 67.4 64.4 62.7 65.7 68.1 70.4 73 75.1 76.2 76.6 76.4 76.8 76.4 74.8 72 70.2 67.7 64.7 60.6 60.9 65.3 66.4 67.5 68.3 69.1 68.2 69.3 70.4 70.1 69.8 69.1 71.7 74.7 77.3 80.3 83.7 86.4 88 89.4 88.8 90.8 92.9 94.8 96.5 98.5 98.3 97.3 95.9 93.1 90.7 88.3 84.9 84.9 80.3 75.4 69.5 63.8 59.4 60.1 62 61.4 57 52.7 49 44.2 40.5 37.9 35.3 38.5 43.6 45.9 46.3 37.8
59 61.6 63.7 66.4 69.6 72.1 72.7 72.1 71.4 70.8 68.9 66.9 64.7 62.5 59.8 61.5 63.1 65.5 67.7 69.4 70.7 70.6 70.8 71.3 70.2 69.4 67.6 65 62.9 58.9 55.4 59.2 58.8 60 61.3 63.7 63.5 61.5 63.4 65.4 65.7 66.9 67.7 70.8 74 77.7 81.1 84.4 86.3 87.9 89.7 90.1 91 92.9 94.8 96.8 98.7 98.8 98.6 97.6 96.1 93.6 90.3 86.4 82.9 81.1 77.1 70.3 64.4 65.6 67 67.6 66.4 63.4 60.2 55.2 46.2 39.7 38.7 41 49.3 52.6 54.5 54.1 45
59.3 62.2 64 67.8 70.2 71.2 72.7 71.6 69.5 68.1 65.7 63.6 61.8 59.3 56.8 57.1 58.6 59.8 62 63.7 65.2 65.5 66.4 66.5 65 63.5 62.7 61.6 53.4 48.7 51 58.7 52.7 54.3 54.5 55.9 58.1 60.8 61.6 62.6 63.2 65.6 66.3 70.9 75.4 77.9 81 82.7 83.4 85.5 88.5 89.9 91.7 92.4 94.4 96.5 98.6 99.3 99.5 99 97.6 95.7 92 87 80.7 75.7 73.4 70.9 72.7 74.7 74.6 73.5 72.3 70.5 67.9 64.4 55.3 47.7 44.2 53.3 59.1 61.5 62.6 60.1 55.5
60.2 62.6 65.5 68.2 70.5 71.9 72.8 71.7 69.9 65.9 63.3 60.9 59.5 58.7 58 55.9 54.7 54.9 54.9 57 59.3 60.2 60.4 60.7 59 57.3 56.2 51.7 45.8 54.5 56.4 59.1 59 60.2 61 62.3 63.5 64.7 65.9 67.1 67.2 68.6 68.8 68.9 70.5 74 77.9 79.9 81.4 83.2 86 88.5 90.3 91.9 93.9 95.9 97.5 98.2 98.9 99.3 98.4 96.8 94.4 89.7 84.3 79.3 79.4 80.1 81.5 83 83.4 82.2 80.6 79.2 76.4 72.4 66.6 55 52.5 60.9 66.9 71.6 72.8 68.2 67
59.8 62.2 65.5 68.7 70.9 72.6 72.4 72.4 71.1 67.3 64 63.4 63.6 64.2 61.8 59.5 57.6 55.6 52.3 50.8 52.6 53 52.5 51.5 49.8 49.1 46.6 42.2 48.9 55.1 58.3 60.2 61.6 63.6 65.7 67 67.6 68.7 70.1 71.5 72.5 72 72.1 73.2 73.2 73.9 74.1 76 78.5 80.3 83.4 86 88.4 90.8 93.5 94.8 96.4 97.7 98.7 98.9 98.5 96.8 95.2 92.3 87.5 84.6 85 86.1 87.5 88.6 90.6 90.7 89.8 88.5 85.2 80.2 74.4 68.3 64.2 68.5 71.7 74.4 75.8 74.6 71.6
59.8 62 65.2 68.2 70.4 72.8 73 72.7 71.7 67.3 68.4 71.2 72.4 71.6 70.7 67.3 62.9 60.8 58.4 54.1 49.8 48.6 47.1 46.1 43.3 42.4 40.5 47.5 51.9 55.8 58.6 59.4 61.8 64.6 67.4 71 72.3 73.5 75 76.5 76.4 76 75.9 77 76.8 76.3 76.5 77.7 78.8 80.1 82.1 84.3 87.3 89.7 92.2 93.6 94.8 96.6 98.1 98 98.6 97.5 96.2 94.3 92.1 91.5 91.3 91.7 92.8 93.7 93.7 93.9 93.6 93 90.1 85.8 78.7 75.1 74.5 77.3 79.3 79.9 78.6 77.6 73.8
62.2 63.6 65.4 69.2 72.3 73.3 73.7 73.4 70.7 67.6 71.8 74.7 76.2 77 76.1 74.7 72.9 69.5 66.2 62.2 56.7 51.1 47.9 46.8 46.5 44.7 38.7 47 51.5 54.8 56.6 58.5 62.3 65.3 68.9 73 76.2 77.9 79.4 80.6 80.3 79.8 79.8 80.9 80.4 79.9 80.2 80.9 81.3 81.9 83.5 84.1 87.3 89.8 91.5 92.7 93.1 94.9 96.6 97.6 98.3 97.8 97.1 95.6 95.6 95.2 94.8 93.9 95 95.8 95.1 96 95.5 94.2 92.5 89.3 84.8 79.9 80 81.1 82.5 81.8 79.8 76.8 73.3
65.1 66.8 68.9 71.4 73.1 75.6 76 75.1 72.2 70.4 72.7 75.9 77.6 78.2 77.7 76.5 75 73.2 71.4 68.4 63.3 59.1 58.6 56.6 53.3 48.1 39.5 37.1 44.6 48.6 49 57.9 62.7 66.9 71.3 75.3 79.3 81.5 83.2 84.8 85.1 85.4 85.3 84.6 83.4 83.7 84.3 85 85.5 85 85.3 85.8 88.5 89.9 91.1 91.9 94.7 95.2 96.8 97.3 97.9 97.7 97.1 96.5 96.8 95.9 95.2 94 94.4 94.9 94.1 94.6 95 94.6 93.6 90.7 87.7 85.3 84.6 84.3 83.6 82 80.5 74.6 69.1
66.7 68.8 71.9 74.8 76.6 79.1 79.2 78.2 75.9 73.3 72 75.1 77.5 78.4 78.5 77.2 75.3 73.2 70.9 68.1 65.7 63.6 62.5 60.5 57 52.7 43.8 39.3 36.2 39.7 44.4 55.5 56.8 62.8 70.2 76.6 81.1 84.7 87 88.7 88.3 88.6 88.6 88.3 87.9 88.3 88.7 89.3 89.2 87.3 87.2 87.2 88.1 90.1 91.1 91.3 93.7 94.5 96.5 96.8 97.4 97.5 97 96.6 96 95 94.8 93.8 93.5 92.8 91.5 92.7 92.4 92.3 92.7 92 89.6 87.7 86.8 86.9 85.9 84 82.6 78.2 72.8
66.6 69 73.5 77.9 81.4 83.2 83.4 82.2 79.6 76.3 74.6 76.4 77.6 78.4 78.7 77.2 75.2 72.7 70.2 68.2 66.4 65.1 63.8 61.6 58.6 54.3 49.7 43.3 39.7 35.2 40.4 51.2 52.3 57.9 65.9 74.3 79.8 83.6 86.7 87.9 88.8 87.8 87.4 87.2 88.5 89.9 93.4 92.7 93.2 92.7 91.9 90.9 90.6 90.7 91.5 91.6 92.5 93.7 94.6 95.5 96.4 96.1 95.7 95 94.7 93.5 93.9 93.1 92 91.1 90.3 90.2 89.6 90 91 91.6 90.3 90 89.1 89.1 88.1 85.9 84.2 81.3 77.7
67.4 71.3 76.9 82.1 85.8 87.4 87.3 86 82.8 77.8 77.1 78.7 79.3 79.6 79.4 78 75.3 71 66 64.2 64.1 63.2 61.5 61.4 58.4 57.2 54.3 48 39.8 34.2 39 49.4 58.3 64.4 69.3 73.3 77.1 80.4 83.6 85.4 86.4 86.5 86.4 86.2 87.5 89.6 93.7 94.6 94.7 93.4 92.3 91.3 91.3 91.5 91.5 91.1 90.7 91.5 93.9 95.2 94.8 94.7 93.9 93.1 93.1 92.4 93 92.1 91.1 90.1 89.4 88.1 87.2 87.7 88.7 89 89.9 90.7 90.9 89 88.8 88.2 86.7 84.8 81.9
69.2 74.8 81.3 86.4 90.8 91.6 91.1 88.3 84 78.4 78.7 82 82.9 83.2 83.1 81.8 77.9 72.7 65.2 59.5 57.8 58.7 55.7 57.5 57.9 57.1 54.9 50 43.1 33.3 35.4 49.4 60.3 63.2 66 68.8 72.6 76.2 79.5 82.1 83.4 83.8 84.3 85.1 86.5 88.7 91.7 92.4 92.4 92.3 92 90.9 89.8 90.5 89.1 88.4 86.7 87.9 89.7 91.7 91.9 92.3 91.6 91.2 91.5 91.6 92 91.3 91.6 89.7 87.7 85.3 83.7 84.1 85.5 87.4 89.3 90.3 90.5 89.8 89.7 89.2 87.6 86.8 85.2
71.5 78.5 85.3 90.3 94.4 95.1 92.6 88.9 85.5 81.6 79.5 79.8 82.8 83.7 84.1 82.6 78.4 71.8 63.1 58.1 55.5 52 49.6 50.2 51.7 54 53.8 48.8 39.9 31.5 33.5 45.5 54 58.6 61.2 64.3 68.5 72.2 75.9 78.2 79.4 79.8 80.3 80.6 82.8 85.7 86.8 87.1 87.9 87.4 86.7 85.6 84.1 85.4 84 82.7 81.5 83.2 85 87 87.5 87.6 88 88.5 88.7 90.3 91.7 92.3 91.7 90.6 88.9 86.3 83.4 80.4 81.6 84.8 87 88.1 89.9 90 90 90.4 89.8 88.6 87.5
75.8 78 85.2 91.5 95.1 95.4 93 89.8 87.6 85.4 83.5 82.5 83.2 84.5 84.1 80.2 75.7 69.4 61.2 56.9 54.5 48.4 46 45.8 45.2 46.8 49.7 45.3 35.5 29.6 33.8 44.9 53.2 53.1 55.6 60.2 65 68.3 71.9 74.3 76 76.6 77 76.6 78.1 80.7 81.8 82.2 82.6 82.3 81.2 79.8 77.5 79.2 77 76.4 79.1 79.5 80.7 83.5 83.4 83.4 84.4 85.4 86.9 89 90.6 92.4 92.5 90.8 89.3 87.3 84.6 80.6 77.8 82.2 83.7 87.1 89 90.2 90.8 91.3 91.3 90.3 89.2
77.1 79 84.3 90.2 92.9 95.2 93.2 90.8 88.8 86.8 84.6 84.3 84.3 85.1 82.6 76.9 70.9 66.8 57.6 55.5 52.6 52.3 55.9 53.9 49.5 44.3 44.3 38.2 32 28.7 37.9 46.8 48.4 47.4 53.4 56.2 61.2 65.4 69.2 71.4 72.5 73.4 73.2 72.8 74.3 76 76.8 77.2 76.9 76.4 75.3 72.5 71.7 71.6 71.6 71.2 77.5 77.4 77.5 79.7 79.5 79.4 81.6 83.7 85.6 88.1 90.3 91.6 91.2 89.7 88.3 85.7 81.1 74.5 69.2 76.7 81.6 85.7 87.5 88.5 89.4 91.2 91.5 91.4 90.8
75.9 78.6 82.6 87.8 91.7 93.1 91.4 89.5 88.3 86.1 84.5 85 86.3 84.7 81 73 65.6 62 56.7 54.4 52.5 59.6 62 61.1 57.7 52.3 47.3 38.3 30.9 28.4 39.9 44.6 44.7 45.4 50 54.9 59.4 63.3 66 68.5 69.3 69.7 69 69 69.5 70.6 71.9 71.1 70.7 70.3 68.5 66.9 66.8 67.9 68.8 73.2 75.3 76.3 76.4 76.6 78.1 79.4 82.4 85.1 86.7 88.1 90.6 91.1 91.1 90.5 89.3 88.4 86 79.9 66.7 69 80.3 82.6 84.1 85.7 87.1 88.9 89.5 89.7 88.5
78.7 80.7 84.9 88.8 89.7 90 88.5 87.2 86.9 85.1 83.2 82.2 86.5 85.4 80.1 73.1 67.2 61.1 59.8 58.3 55.3 62 64.8 65.6 62.7 59.1 53.7 44.6 34.9 28.7 36.1 40.4 39 42.7 47.6 51.2 56.8 59.6 62.8 65.4 66.9 67.5 67 65.5 65.4 65.8 66.7 66.7 65.9 64.9 64.5 65.8 67 70 71.6 73.9 75.1 76.1 76.6 77.6 78.2 79.7 83.3 86 88.2 89.6 90.7 90.4 90.9 90.8 89.8 88.8 87 83.6 79.6 63.1 76.2 79.3 80 81.5 82.2 83.1 82.3 82.8 82.1
81.6 82.7 85.6 87.2 87 85.5 83.6 82.9 83 82.1 79.7 81.3 84.9 86.2 81.8 76.4 70.2 64.6 64.6 64.3 58.2 61.7 66.5 68.6 67 63.4 58.1 49.3 39.3 31.1 27.3 29.7 33 36.7 42.3 46.9 55.8 60.1 62.8 66.3 67.3 66.9 66.4 64.9 62.6 64.1 65.2 64.4 62.2 59.1 63.4 66.1 68.3 71.5 73.2 75.6 76.5 77 77.6 78.2 79.3 81.3 83.2 84.5 86.9 88.1 88.9 89.1 88.9 88.4 87.5 86.3 84.6 82 77.3 64.2 71.9 67 65.3 65.5 64.6 60.1 58.2 58.9 47.7
82.6 82.8 84.1 83.1 81.8 80.1 78.4 78 78.8 78 76.8 80.3 84.7 85.7 84 78.8 72.6 66.2 66 67.9 64.3 60.4 66.5 69.8 70.2 67.9 63.8 54.8 45.1 36.7 31.4 26.8 27 28.7 33.6 48.7 54.5 59.5 63.3 67 67.5 67.5 66.1 64.7 62.2 61.3 65.2 65.4 57.4 57.9 61.6 66 69.5 72.6 75 76.9 77.9 78.2 78.6 78.5 79.3 81 81.7 83 84.4 85.1 85.5 85.6 85.2 85.3 84.5 84 81.4 76.6 69 59.1 59.9 53 47.4 44.7 41.3 36.5 33.7 36.9 11.7
81.4 82.1 81.2 79.1 77.8 75.9 74.1 73.8 74.7 73.9 76.8 80.2 84.5 86.1 83.1 78.3 74.3 67.4 69.9 70.5 69 63.9 64.4 70.4 71.8 71.6 69.3 64.2 57.6 49.5 41.1 34.7 30.5 26.9 23.5 32.1 44.1 53.3 60.6 65.5 66.6 66.2 66.3 64.8 61.1 58.8 59.7 60.7 54 56.4 61.1 66.3 70.3 73.6 76 77.9 78.8 78.6 79.1 79.1 79.3 80 80.1 80.3 80.5 81.1 81.5 81.8 81.3 81.3 81.6 81.3 79.3 76.7 71.7 65.2 58.3 50.2 45.2 43.3 39.2 34.8 28 22.1 2.9
79.5 80.3 78.4 76 73.6 71.8 71 71.8 75 75.5 78.1 81.2 85.3 85.5 80.4 77.2 74.5 69.7 69.6 71.3 70.3 68.1 65.4 68.9 72.5 73.8 73.3 71.5 68.8 64.4 57.9 49.2 39.4 31.3 25.4 22.3 31.5 46.9 61.1 64 65.2 64.3 63.7 62.5 59.5 55.5 53.2 49.6 50.9 57.6 63 67.9 71.1 74 76.6 78.2 79 76.1 80.1 80.1 78.9 78.5 77.5 76.6 76.3 76.3 76.8 78 77.4 78.6 79.2 79.2 79.7 79 76.9 73.5 66.4 62.9 60.7 58 53.9 51.7 46.3 39.8 2.9
75.3 77.5 78.1 77.5 74.9 70.1 69 76.1 77.4 76.3 79.2 82.8 84.9 82.1 78 76.4 74.1 71.5 71.8 72.6 72.1 69.8 66.6 67.8 72 73.7 75.1 75.2 73.9 70.9 66.9 60.7 53.3 42.7 30.1 22.7 24.4 41.8 57.6 63.1 64.2 62.7 60.5 57.2 52 46.8 42.6 46.5 51.1 57.3 63.1 68.1 71.2 73.2 76.4 77.7 78.2 76.1 80 80.4 77.5 76.6 74.1 72.1 71.4 70.4 70.9 72 74 76.8 78.6 78.1 81.1 82.2 79.9 76.5 72.3 68.9 68.8 68.1 65.1 62.7 59.4 51.4 2.9
71.6 73.8 75.6 76.6 76.5 72 68.5 75.8 78.4 75.4 78 81.5 82.1 79.4 76.6 75.3 73.5 74.6 74.6 74 72.2 70.5 68.8 70.9 72 73.4 74.7 75.1 74.3 72.5 70.2 64.9 60.1 53.2 43.7 28.1 20.7 37.6 50.5 57.9 61.2 61.3 60.4 56 42.6 39.1 41.6 48 56.7 62.2 66 68.6 70.3 72.8 75.8 77.3 76.6 75.1 77.9 77.6 75.8 74.2 69.3 64.3 66 63.4 64.3 66.9 72.8 76.6 78.3 77.9 81.9 82.1 81.1 79 74.8 73.6 75.5 74.5 73.2 67.5 63.6 52.5 38.3
69.9 73.4 73.1 73.7 73.7 71.6 66.6 74.5 75 71.7 75.3 80.1 80.3 77.1 73.3 72.1 73.5 75.8 76.3 75.4 74.6 73.1 72.5 72.6 73.7 72 72.7 72.6 71.6 70.3 68.4 65 61 56.3 47.7 34.4 21.1 34.9 39.3 49 55.7 59.9 59.3 54.4 37.2 41.2 52 57.6 62.6 64.9 66.2 67.6 69 72.1 75.2 75.4 73.9 73.6 74.9 75.2 73.6 71.7 68.1 60.1 57.4 55.4 60.5 67.3 71.9 75.3 77.3 77 79.4 81.4 80.5 78.9 78.4 78.9 79.1 78.4 73.2 70.5 60.9 47.9 32.5
71.5 73.2 72 69.7 69.3 66.9 63.9 70 67.7 72.4 77.2 79.3 77.4 72.7 68.9 72.2 75.6 74.8 75.3 75.6 75.2 75.2 75.2 74.8 72.1 70.5 69 68.1 66.8 65.3 63.1 61.1 58.5 52.8 44.3 30 19.7 33.8 29.9 37.3 45.7 54.7 53.3 43.8 34.4 42.7 53.5 57.5 60.6 62.8 64 64.2 66.5 70.3 73 72.9 71.9 71.6 71.8 71.6 71.4 69 65.9 60 50.7 50 62.1 66.7 70.2 71.8 74.3 75.7 77.3 79.7 80.2 80.5 79.8 79.3 80.2 79.1 69 64.4 50.1 5.6 -2.4
70.2 71 69.9 66.2 62.9 62.1 61.6 64.6 70.1 75.9 79.6 78.8 75 68.1 62.3 72.2 74.9 73.1 72.8 74 75.2 76.2 76.1 74 71.1 67.2 63.9 61 59.6 58 54 51.2 47.6 41.2 33.7 21 18.3 37.1 24.3 26.6 31.5 35.1 34.5 30.4 35 42.5 51.2 57 60.7 61.2 60.8 59.6 63.4 67.4 70.8 70.7 70.6 70.4 69.5 68.6 67.2 65.7 62.4 58.6 51.1 47.7 58.6 63.5 65.4 67.8 70.6 73.3 75.5 77.2 78.7 79.5 79.2 76.5 75.4 74 47.4 27.9 26.1 -2.4 -2.4
