STL Generation/terr50_gagg_gb/data/SN12.asc
ncols 200
nrows 200
xllcorner 210000
yllcorner 220000
cellsize 50
[rows 140 to 174 of 200, columns 0 to 78 of 200]
59.6 46.2 55.2 66.5 66.9 61.4 44 40.5 40.2 40.3 40.4 49.9 55.6 59.4 61.7 63.1 63.5 64.1 64.1 64 63.6 62.3 59.4 59.1 59.3 60.2 60.3 62 64.3 69.3 73.4 80 88.1 94.1 99.2 104.3 109.9 116.6 121.3 126.1 130.5 133.2 136.7 139.6 142.2 145 146.1 146.5 145.9 145.8 145.5 145.8 147 147.4 147.6 146.7 144.6 144.8 146.7 148.2 150.3 152.7 155.2 157.8 160.3 162 162 161.2 158.9 155.6 151.5 147.1 142.8 138.9 134 127.9 120 114.5 102.8
51.5 46.4 56.4 67.3 67 63.1 41.3 40.4 40.1 39.8 39.8 50.5 54.3 58 61.1 63.3 64.6 66 69.3 70.9 73 75 76.6 74.1 73.2 73.1 73.9 72.5 65.6 73.1 85.1 90.3 95.5 100.8 106.5 111.8 117.2 122.1 126.6 131.1 134.4 138 140.7 143.3 146.2 147.6 148.7 149 148.3 147.3 146.9 146.9 146.7 146.9 145.7 144.7 142.7 140.8 141.8 143.2 145.5 147.9 150.4 152.8 155 156.8 157.6 156.6 154.7 152.3 149.2 145.3 141.7 138.3 134 128.2 118.8 111.6 100.5
46.9 44.8 59.4 67.3 67.8 65.1 43.9 40.1 40 39.7 39.8 49 52.6 56.3 60 62.6 64.9 67.3 71.4 76.5 81.5 85.2 87.9 88.6 90 89.9 88.8 87.2 78.3 70.2 86 93.3 98.5 104.4 109.9 115.1 120.3 124.8 129.9 133.5 136.9 140.3 142.9 145.3 148.3 149.5 149.7 148.9 148.7 147.9 147.1 147.1 146.8 145.9 144.4 143 140.6 138.1 137.2 138.6 140.5 142.9 145.1 147.4 149.6 151.8 152.3 152.1 150.3 148.5 146 143 140 136.4 132.2 127.2 120.8 111.3 100.9
44.4 43.6 59 67.4 68.1 67.2 50.5 40.4 40 39.7 39.4 48.2 50.6 54.9 59 61.9 64.6 68.3 75 82.2 87.8 94.1 95.4 98 99.1 99.5 98.5 95.8 90.4 70.4 85.8 93.5 99.7 106.2 111.9 117.3 121.6 125.7 130.3 134 137.2 140.6 143.6 146.3 148.6 149.5 149.8 148.8 148.5 148.1 147.5 146.8 145.7 144.5 142.9 140.9 138.9 136.4 133.6 133.9 135.8 138.1 140.4 142.8 145.1 147.3 147.3 147.4 146.2 144.8 143.2 140.6 137.1 133 129.2 124.6 118.4 111.2 101.8
43.4 45 56.3 67.5 67.7 66.8 57.8 42.7 40 39.4 38.9 47.2 49 52.1 56.3 60.4 64.3 68.8 78.8 87 94.3 99.1 102.2 105 106 106 105.3 102.5 96.7 78.3 81.6 85.6 95.1 105.1 112.6 117.9 122.3 126.2 130.7 134.2 137.5 140.6 143.5 146.2 148.2 149.9 149.9 148.9 148.2 147.3 146.7 145.3 144.2 142.7 140.9 139 137 134.8 132.1 129.9 131.8 133.8 136.1 138.4 140.7 142.9 143.2 143.6 143.3 142.3 141.2 138.7 134.8 130.1 125.8 120.1 111 100.6 90.9
44.6 43.7 54.1 66.1 68.1 66.7 63.5 47.7 41.4 39.6 38.9 39.7 41.9 48.6 52.9 57.6 62.8 71.1 82.6 92.2 98.5 104 107 110 112.6 112.6 111.5 108.7 103.3 88.2 80.8 99.4 104.2 108.7 113.4 117.9 122.5 126.6 130.4 133.8 136.7 139.7 142.5 145 146.7 147.9 148.1 148 147.1 146.4 145.5 144 142.4 140.9 139.2 137.4 135.5 133.6 131.6 129.4 127.9 129.4 131.8 134 136.2 138.3 139.7 140.3 140.8 140.7 138.8 136.5 132.4 127.8 122.9 107.7 107.2 105.1 106
48 42 47.4 60.7 66.8 66.4 64 51.2 43.8 41.3 39.2 38.9 39.2 45.5 49.8 55.5 63.4 73.5 85.6 94.8 101.9 107.2 111.2 114.1 116.7 118.2 116.8 113.4 109.2 102.5 80.7 94.6 104.2 109.3 113.7 117.6 121.7 125.7 129.2 132.5 135.8 138.7 141.1 143.1 144.5 145.6 145.9 145.8 145.7 145.1 143.6 142 140.5 139.2 137.5 136.4 134.7 132.9 131.3 125.9 123.9 124.3 126.6 129 131.5 134.1 136.5 137.8 138.5 138.7 137.9 134 129.3 125.4 124.1 122 119.4 114.7 105.8
61.3 43 41.5 51.1 62.4 65.3 64.6 56.2 46.1 42.6 40.2 39.1 38.6 38.9 47.2 53.9 63.2 75.6 86.3 95.8 102.9 108.4 112 114 115.6 116.3 115.8 114.4 111.5 104.1 88.8 92.1 97.1 106.5 112.1 116.5 120.5 124.3 127.6 130.8 133.8 136.5 138.9 141.2 142.5 143.2 143.7 143.7 143.5 143.2 141.7 140.1 138.6 137.4 135.8 134.8 134.4 132.8 131.3 128.4 127 122.5 120.4 123.5 126.4 129.4 132.6 135.1 136.2 137.4 138.6 137.3 134.7 132.6 130.5 126.8 123 118.9 114.8
72.4 51.8 40.5 44.8 54.8 61.6 64 62.1 49.7 44.3 41.4 39.7 37.9 38.1 40.5 49.6 60.6 72 81.9 91.6 99.4 104.7 106.4 107.1 105.1 106.4 109.6 112.1 112.5 110.8 108.2 106.1 99.9 101.3 109.2 115 118.8 122.4 125.4 128.3 131.2 134 136.4 138.8 140 140.8 141.6 141.4 141.3 141.1 140.2 138.3 136.6 135.2 134.2 134.4 134.4 132.9 131.9 131.4 129 125.4 119.7 116.8 121.3 124.6 128.2 132.2 135.4 137 138.5 138.8 136.8 134.9 132.4 129.5 126.5 122.6 118.4
79.4 68.9 40.3 42.4 47.7 55.2 60.2 62.7 62.5 53.4 44.5 41.2 37.3 37.7 38 43.8 52.6 62.7 70.7 77.7 82.5 87.6 88.9 87.1 85.5 91.2 105.2 112.6 116.9 116.6 114.9 113.3 111 104.3 108.1 113.5 117.3 120.3 122.8 125.7 128.6 131.4 133.7 136 137.4 138.2 139.4 139.3 139.2 138.9 138 136.9 135 133.2 133.5 134.5 134.5 134 133.7 132.9 130.7 127.9 122.6 115.3 115.1 120.1 125 129.7 133.4 136.1 137.6 138.4 137.4 136.1 134.1 131.4 128.6 124.9 120.5
84 78.4 48.8 39.9 42.8 48.4 53.1 58 62.2 61.9 55.8 44.2 38.2 37.5 37.3 40.1 44.7 50.1 55.5 61 64.6 66.4 66.3 63.9 60.4 71.8 103.7 115.5 120.9 120.7 118.5 116.5 114 111.5 110.1 113.2 115.4 118.3 120.6 122.7 125.3 127.8 130.3 132.1 134.8 136.1 137.2 137.3 137 136.8 135.9 135 133.6 131.3 132.2 134.6 136.1 136.1 135.8 134.5 132.4 129.1 125.7 118.7 110.6 115.4 121.9 127.2 131.3 134.4 136.1 137.7 137.7 136.6 135 132.5 129.3 125.8 120.6
85.9 82.4 65 39.4 39.8 43.2 46.7 51.4 56.8 59.6 59.1 56.4 42.7 36.6 37.5 37.9 40.2 42.8 45.1 49.1 51.4 53.1 51.6 51.2 59.6 81 107.3 117 122.3 123.7 121.6 119.1 116.6 114 112.8 112.8 114.6 115.9 117.7 119.3 121.8 124.3 126.5 128.6 132.5 134.4 135.1 135.4 135.1 134.8 133.6 132.7 131.8 127.7 131.7 135.1 136.7 138.1 138 136.7 134.6 131.8 128.2 123 114.4 108.9 118.2 125.2 129.6 132.3 134.5 135.6 135.9 135.6 133.9 132.1 128.8 125 120.4
85.3 82 77.7 50.4 38.5 40.1 42.9 45.2 50.2 54.5 57.2 55.9 53.1 35.8 36.9 37.2 37.3 39.1 41 42.6 44.8 46.2 47.8 53.2 72.2 97.1 107.8 114.5 119.9 122.7 122.7 119.9 117.3 114.6 112.6 112.3 112.3 113.4 114.3 115.6 117.5 119.9 123.1 128 131.1 132.3 133 133.5 133.3 133 131.9 130.6 128.8 125.6 131.6 134.9 137.2 138.5 138.2 137.8 136.6 134.5 130.4 125.2 116.9 107.5 114 122.9 127.1 129.6 132.1 133.1 133.2 132.9 132 130.6 127.8 124.2 120.3
83.5 80 75.8 66.6 38.6 38 40.1 42.2 44.4 49 54.6 54.5 52.5 49.3 37.4 35.3 35.7 36.7 38.9 40.5 42.5 45 48.9 58.8 75.7 96 105.1 111.2 115.9 119.7 120.2 119 116.7 113.9 111.8 109.6 109.8 110.4 110.7 113.3 117.1 122.5 126.3 129.4 130.9 131.4 131.9 131.1 130.5 131 130.4 129.3 126.6 123.7 130.2 134 135.9 137 137.3 136.9 136 134.5 131.4 126.6 119.2 107.2 108.3 120.1 123.9 126.7 128.8 130 130.1 129.6 128.6 127.7 125.4 122.8 119.9
80.4 76.8 72.8 68.1 52.6 37.8 37.7 38.8 40.5 45.3 50.4 51.7 51 48 45.9 36.8 35.5 35.9 37.6 39.3 41.5 44.9 55.8 72 84.1 93.1 101.7 108.1 112.8 116.9 118 117.4 115.7 113.2 110.7 107.9 106.8 107.4 111 115.6 120.5 124.5 126.6 129.1 130.1 130.4 130 128.6 127.7 127.5 128 126.5 123.5 121.6 128.4 131.8 133.6 134.9 135.6 135.4 134.9 133.6 131.3 127.3 121.9 110 100.2 114.6 119.2 122.3 124.1 125.2 125.3 125.3 124.6 124 122.8 120.2 118.2
76.5 72.9 68.9 64.2 59.2 48.9 36.1 36.1 38.9 42.1 46.8 48.6 48.1 47.9 46 37.7 35.6 35.6 36.4 38 40.9 46.8 65.1 78.1 86.2 95.1 100.5 104.2 109.9 114.1 115.3 115.4 113.9 112.4 109.6 106.5 104.5 106.6 110.4 114.4 118.9 122.7 124.9 127.3 128.1 128.5 128.4 127.1 125.5 125 125.3 123.7 120.9 119.3 126.2 129.5 131 132.5 133.2 133.3 133.2 132.2 130.6 127.4 122.6 112.9 100.2 99.3 112.7 116.6 118.5 119.7 119.7 120.1 120.3 119.9 119.6 118.2 116.2
70.5 67.4 63.9 59.5 54.9 50.5 37.6 35.8 36.8 40.9 44.9 45.9 45.7 45.6 45.5 44 36 35.8 35.2 36.2 39.7 48 63.8 71.9 78.8 86.1 91.6 97.4 104.3 109 110.3 110.9 111.4 110.2 107.6 103.9 101.1 104.9 108.3 111.9 116.5 120.3 122.4 124.9 125.5 126 126.6 126.1 124.6 121.8 122 121.2 118 117 123.7 126.4 127.9 129.7 130.5 130.6 130.7 130.3 129.2 125.9 122.4 116.4 103.9 94.3 98.8 109.2 111.7 113.1 113.9 114.3 115.2 115.1 114.9 114.6 113.9
62.8 61.1 58.4 54.4 51.3 47.3 42 35.1 35.6 38.4 42.4 43.9 44.1 44.3 44.5 43.8 42.9 35.2 35.6 34.7 38.5 43.2 52.3 59.4 69.5 75.9 82.2 90 97.4 101.6 104.1 105.8 108 107.4 105.4 101.9 99 102.8 106.1 109.2 113.4 117.2 119.8 123.1 124.5 125.3 125.7 125 123.6 120.9 117.2 117.8 115.3 113.8 119.4 123 124.7 126.2 127.6 127.7 127.9 128 127 124.2 121.2 117 108.3 96.8 90 93.4 100 103.9 105.7 107.5 109.4 108.9 109.1 109 108.7
50.4 52.6 51.1 49.8 46.9 45.2 42.5 35.4 35.3 37.5 42.3 43.3 43.8 44.1 43.7 42.4 39.6 35.9 35.6 35.2 37.3 39.1 42.3 48.1 57.9 64.3 73.3 83.2 89.4 92.9 97.3 101.3 104 104.5 103 98.7 95.7 98.8 104.1 107.1 110.7 114.7 118.6 121.6 123.8 124.7 124.6 123.7 122.7 120.3 116.5 113.5 112.1 110.9 116.1 118.7 121.1 122.7 124.1 124.8 124.9 124.8 124.7 122.6 120.1 116.3 110.9 101.5 92 87.9 84.5 81.7 90.8 99.3 101 101.6 102.3 102.4 102.1
54.1 47.9 41.9 44.1 43.7 43.2 39.4 35 34.9 38 41.9 42.2 42.5 42.8 41.9 39.2 35.6 35.2 35.3 35.4 37 42.3 53.7 57.2 51 57.2 65.3 72.6 75.5 81.1 90.8 98.9 101.6 102 97.5 94.1 95.6 100 104.2 108.7 113.6 117.8 120.6 122 123.1 124 124 123.2 122 119.8 117 113.4 108.6 107.5 111.6 114.4 117.1 119.4 120.7 121.8 121.8 121.7 121.7 121.1 118.8 114.4 110.2 103.9 95.8 90.8 87.8 85.3 80.3 78 77.6 81.1 88.2 93 95.2
55.9 50.8 44.7 38.9 39.7 38.9 37.5 34.1 34.4 37.4 40.1 41 39.6 38.1 36.1 35.4 35 34.7 34.7 35 36.9 47.6 67.4 75.5 71.6 66.3 64.6 69.9 78.6 89.5 97.6 98.4 99.9 99.6 95.6 90.7 96.1 102.9 107.3 111.4 116 118.8 120.6 121.3 122.1 123 123.4 122.4 121.2 119.4 117 113.7 109.4 104.1 106.8 110.3 113.2 116 117.4 118.7 119 119.1 119.1 118.7 116.4 113.2 109.4 105.6 98.3 94.5 87.5 85.1 82.1 79.3 77.2 75.2 72 80.7 87.3
55.2 43.5 38.1 36.8 35.6 34.7 33.7 33.4 33.8 34.7 35.2 35.5 35.7 35.4 35.3 34.7 34.4 34.3 34.2 34.5 38.9 61.7 83.3 88.5 89 83.6 80.1 81.7 91.3 97.5 99.2 99 97.9 95.4 90.4 92 98 103.8 108.7 112.7 116 118.4 119.2 119.8 120.6 120.9 121.2 120.9 120.1 118.7 116.4 114.7 110.9 105.5 102.5 106.6 110.4 112.7 114.1 115.4 115.9 116.2 116.6 116.2 114.7 112.3 108.8 104.9 101 96.2 92.2 85.9 85.1 84.6 80.7 77 72.5 70.8 80.1
38.5 32.1 33.1 34.6 33.8 33.7 33.8 32.6 33.1 33.7 34 34.1 34.1 34.4 34.6 33.9 33.7 33.7 33.7 35.9 51.4 76.7 86.7 92.5 95.3 94.3 93 93.3 95.4 99.4 99.2 98.3 96.9 89.6 86.4 94 100.9 105.1 109 112.4 115.2 117.2 117.8 117.8 117.5 117.6 118.4 118.2 117.9 117.1 115.3 112.9 110.3 105.6 100.1 103.6 107.1 109.5 110.6 112.2 112.8 113.4 114.3 114 113.1 110.6 108.1 104.9 101.1 96.4 91.6 89.8 88.3 88.1 86.4 82.9 77.4 68.8 72.9
31.9 31.4 32 32.6 32.2 32.2 33 31.8 32.1 32.5 32.8 32.9 33.1 33 33.7 33.2 34 39.7 49 60.1 76.6 86.5 90.9 94.8 98.8 100.2 99.4 99.3 99.4 99.9 99 97.6 95 81.3 90.2 97.3 101.7 105.5 108.6 111.8 113.7 114.8 115 115.2 114.7 114.3 115 115.3 114.9 114.2 113 110.8 108.3 103.5 97.8 100.3 103.1 105.2 106.6 108.9 109.7 110.9 112.1 111.8 111.7 109.8 107.6 104.5 101.2 97.5 96 93.8 94 93.2 90.6 86.9 81.5 75 67.2
31.4 31 31.1 31.6 31.1 31 30.6 31.5 31.7 31.7 31.8 32.1 32.9 32.1 32.6 36.4 46.9 61.5 78.7 85.2 88 90.8 93 95.5 98.9 101 100.8 100.5 100.3 100 99 96.3 89.3 80.2 91.2 96.6 100.6 103.6 106.6 110.3 111.4 112.4 112.2 112.5 111.6 110.7 111.2 111.6 111.4 111.1 110.1 108.5 106.4 101.8 96.8 96.5 98.8 100.8 102.7 105 106.9 108.6 110.1 110 110.2 110.3 107.8 106.7 103.6 100.5 99.4 99.2 99.9 99.3 95.8 89.4 83 76.5 69.4
31.1 30.6 30.4 30.5 29.7 29.5 30.3 31.1 31.3 30.4 35 38.1 40.6 42.5 45.1 47.6 64.7 78.6 83.2 87.2 90.4 91.7 93.4 95.2 97.1 98.6 99.4 100 99.9 99 97.8 94.3 86.2 79.1 89 93.9 97.7 101.2 104.5 108 108.9 109.6 110.2 110.7 109.2 106.4 107.3 107.7 107.5 107.5 107.2 106.6 104.7 101.8 96.9 94.1 95 97.3 99.4 102.4 105 106.4 108 108.4 108.7 109.2 109.4 108.6 106 103.5 102.7 104 104.6 103.3 98.1 92.5 84.4 78.8 74.5
30.6 30.1 29.6 30.5 31.4 35.2 39.8 42.4 49.2 58.8 63.5 64.9 68.3 69.9 71.8 76.9 77.3 80.5 83.1 85.6 88.3 91.5 92.7 93.3 94.8 96 96.6 97.4 97.7 97.3 95.7 90.5 79 79.1 86.8 90.5 94.1 97.7 101.2 105.1 106 107.5 108.6 108.9 107.8 105.9 102.2 103.7 104.1 104.2 103.9 103.9 104 102.6 99.9 91.9 92.5 94.1 97.3 100.7 103.2 104.5 105.7 106.5 107 108.1 108.7 109 107.1 105.3 103.8 104.5 104.7 103.9 100 95.1 88.7 83.1 80
29.8 28.6 29.7 32.6 35.5 38.5 40.2 43 48.9 57.5 64.9 71.5 75 77 78.7 79.1 79.8 81.3 83.2 85.5 87.3 88.1 89.8 91.2 92.2 93.1 93.7 94 94.3 93.6 90.8 84.6 75.8 78 82.4 85.7 89.6 94.5 99.6 103 105.3 106.8 106.9 107.1 105.8 104.2 101.9 98.7 100 100.6 101.8 102.1 102.2 101.1 98.5 93.7 89.7 92.2 95.6 99 100.8 102 104.3 104.3 105.4 106.4 106.5 106.4 105.6 103.5 102 103.8 104.1 103.2 99.9 96.8 94.7 91.1 86.9
28.4 29.9 32.1 34.3 37.8 39.5 41.2 43.3 47.8 57 66.2 72.5 76.1 78.4 79.2 79.6 80.3 81.5 82.4 84.8 85.7 86.2 86.5 87.9 88.8 89.6 90.2 90.4 90.3 90 86.9 75.7 74.7 77 80.1 86.3 90 92.7 97.1 101.5 103.7 105.6 105.3 105.4 104 102.4 101 97.4 97.1 96.6 98.4 99.1 98.8 97.8 95.8 91.6 87.6 89.8 93.4 96.3 100.1 102.4 104.2 102.3 102.8 103.5 103.7 103.3 102.5 100.5 99.2 101 102.1 100.9 98.4 97.3 95.7 93.3 90
29.1 31.4 33.5 35.8 38.6 40.2 41.8 43.7 48.1 56.6 64.8 71.8 76.3 78.7 79.6 79.6 79.9 80.8 81.2 82.8 83.6 84 83.3 84.3 85.2 86 85.6 85.8 85.8 75.7 69 71 76.1 81.2 87.6 93.1 95 96.3 97.6 99.5 102.2 104.2 104.3 103.9 102.2 100.7 99.3 96.4 93.8 92.2 93.4 95 94.9 94.8 93.1 88.6 85.6 87.7 90.7 95.4 100 102.7 103.3 100.9 99.8 100.5 100.5 99.6 98.6 96.6 95.3 97.5 98.5 97.4 96.7 95.4 93.6 91.4 88.4
30.7 31.7 34 37 38.9 40.9 42.5 44.3 48.4 55.3 62.7 70 76 78.5 79.2 79.2 79.4 79.7 79.7 80.1 81.1 81.3 80.9 80.7 81.3 81.3 80.5 80.2 73.6 66.5 70.6 73.4 79.2 84.9 88 94.3 97.5 98.9 100 102.1 102.4 104 103.8 103.3 101.1 99 97.1 95.4 93.6 91.7 88.6 88.8 91.3 91.8 89.9 86.2 82.8 85.5 90.2 95 99.4 101.4 101.3 99 97.1 97.6 95.9 94.8 93.7 92.5 91.8 94.3 94.4 94.5 93.9 92.6 91.1 89.6 88.2
30.5 31.9 34.3 37.5 38.8 40.8 43.2 44.9 50.1 55.7 62.1 69.1 74.1 77.5 78.1 77.9 77.6 77 76.2 76.9 76.5 76.1 76.1 74.9 77.1 76.8 73.9 71.8 63.9 68.6 73 78.4 82.4 84.9 89.8 93.2 96.4 98.8 100.6 102.8 103.6 104.1 103.7 103.3 102.1 100.5 100 99.8 98.6 95.7 92.5 88.5 85 88.3 88 84.8 81.5 85.4 90.1 94.3 97.9 99.1 98.6 96.7 94.2 92.8 92.4 91.6 90.6 89.6 89.1 90.6 91.3 91.6 91.1 89.8 88.3 87.1 85.9
30.5 31.9 34.6 37.6 39 40.5 42.8 45.5 51.9 57.7 63.1 68 72.6 74.5 76.3 76.6 75.5 74.2 72.6 72 71.4 70.7 69.9 68.4 69.4 68.3 63.9 61.7 65.7 69.7 75.8 80.1 81.8 85.8 88.5 92.5 95.1 97.4 99.3 102.1 104.7 105.2 105.1 104.8 104.4 103.6 103.1 102.5 101.7 99.4 97 93 87.2 81.9 84.1 83.1 79.3 82.3 88.9 92.6 95.4 96.4 96.3 94.8 92.1 88.4 89.2 89 87.8 86.8 86.5 87.6 88.1 88.8 88.3 87 85.9 84.8 84.8
30.6 32.1 34.9 36.9 38.5 40.2 42 47.9 53.9 57.6 64.3 68 70.8 72.4 73.8 74.2 73.6 71.3 67.8 66.5 65.2 64.3 63.4 61.7 59.2 58.5 60.1 63.2 66.5 71 76.5 78.9 81.4 84.5 87.7 90.1 93 95.1 98.3 100.6 102.9 105 105.7 105.7 105.7 105.2 105.1 104.6 104.1 102.5 100 96.4 91.4 85.2 81.2 79.4 78.3 78.2 84.4 88.7 91.8 93.4 93.6 92.1 89.8 86.9 85.8 85.7 85.5 84.2 84.1 85.2 85.6 86.1 85.6 84.5 83.2 82.9 84.7
30.6 32.2 34.5 36.2 38 39.7 41.4 48.6 54 58.1 62.6 65.5 67.4 69.3 70.4 70.7 70.5 66.6 62.9 60.3 58.9 57.6 56.2 56.4 56.8 59.2 62.4 65.5 69.2 75.5 77.9 80.1 82.7 85.6 87.4 88.3 90.9 92.5 95.5 98.2 100.7 103 104.2 105.4 106.2 106.4 106.2 106.1 106.2 104.5 102.3 98.9 94.5 89.7 83.8 79.2 77.1 73.8 79.2 84 88 90.1 90.1 89.8 87.6 85.1 83.5 82.3 82.3 82 82.5 83.4 83.7 84.2 83.6 82.3 81 82.6 84.2
