STL Generation/terr50_gagg_gb/data/SN60.asc
ncols 200
nrows 200
xllcorner 260000
yllcorner 200000
cellsize 50
[rows 140 to 174 of 200, columns 79 to 157 of 200]
111.2 112.8 114.4 116.2 118.4 120.3 120.7 120.9 120.7 119.4 116 111.2 102.5 89.6 93.8 101.7 105.7 111 113.9 113.7 115 116.3 116.4 117.8 120.4 121.1 122.9 126 129.6 135.1 133.8 134 136.4 142.1 145.9 149.4 151 151.2 151.4 152 151.8 150.6 148.9 147 147.7 149.3 147.1 142.3 134.7 135.9 141.6 148.9 153.3 155.1 156 157.6 159.3 161.1 162.8 164.6 168.2 172.3 175.1 176.8 176.9 177 176.3 172.7 166.8 161 154.9 144.6 132.8 122.1 106 89.4 67.4 62.2 76.9
105.2 106.3 106.9 108.4 110 111.3 110.5 109.6 108.8 107.5 104.5 96.9 84.9 90.3 95.5 99.5 104.2 101.9 103.4 106.2 111.4 112.6 114.3 115.6 118.1 120.7 124.3 128 131.3 136.2 137.1 135.5 136.7 141.7 144.9 147.7 147.6 148.1 148.9 148.8 148.3 146.3 144 144 146 146.3 143.3 136.6 136.8 135.4 143.5 150 154.2 156.7 157.6 156.9 156.2 157.8 159.5 162.3 166.3 170.7 172.7 173.4 173 173.1 171.6 167 163.5 160.5 152.5 143.4 135.5 125.2 114 96.2 79.9 56.2 67
99.2 98.2 97.3 98 97.4 94.7 93.3 91 90.9 91.5 89.7 85.7 91.7 96.6 97.7 100.7 105.4 108.8 112.2 115.4 117.4 118.8 119.5 119.7 120 122.4 126.1 130 134.1 137.5 139 137.9 136.4 139.1 142.2 144.9 145.6 146.4 145.4 145.1 144.1 141 142.4 142 142.4 142.4 135.3 137.6 136.5 134.4 145.3 150 154.4 156.7 155.5 155 154.5 155.1 158.2 162.2 165.4 168 169 169.9 169.3 168.9 166 163.2 161.9 158.7 151.2 143.7 136.4 123.7 116.1 104.6 90.7 72.1 53.1
88.7 86.7 84.3 83.2 83.9 85 85.6 86.4 87.3 88.6 89.9 94 99.7 103.2 105.4 108.7 112.1 115.6 117.4 120.3 122 122.8 123.3 123.6 123 124.3 128 131.7 135.3 137.9 138.2 138.2 137.4 138.8 140.9 142.6 144.2 143.4 141 141 138.7 140.5 141 139.8 138.6 136.6 134.2 139.1 132.5 136.2 145.9 150 152.7 155 152.6 151.9 148.6 151.6 155.6 159.5 162.8 165 165.9 166.2 165.5 163.5 160 161.8 160.6 156.7 149.7 141.5 131.2 121.7 115.2 109.4 95.1 87 68.2
81.3 82.4 83 86.1 89.7 94.6 98 99 100.4 102.4 102.4 102.8 105.3 109 114 117.3 119 121 122.5 125.1 125.5 126.4 127.7 127.6 125.5 126 129.2 133 136.5 138.3 138.1 137.7 137.3 138.5 139.8 140.6 140.4 138.6 135.9 136.4 136.2 138.2 137.6 136.4 133.3 130.1 134 132.4 129.2 141.8 146.5 149 148.5 149.6 149.4 147 143.9 150 153.9 157 159.8 161.9 162.5 161.8 160.1 157.5 155.5 157.7 157.9 155.3 148.3 138.9 127 120.6 115.9 110.5 103.5 91 82.3
85.2 88.4 93.8 98.7 103.3 107.7 110.5 112.8 114.2 115.3 113.6 112.6 112.6 115.5 119.9 122.3 123.9 124.8 126.4 127.6 127.8 128.7 130.2 130 128.2 127.2 129.6 133.4 137 138.1 138.2 138 137.8 137.4 136.8 136.4 136.2 133 132.1 132.6 134.4 134.9 133.9 130.3 127.9 128 127.1 129.9 139.5 143.6 146.1 147.8 147.9 148 145.4 141 140.3 146.9 152.5 155.7 157.7 158.9 158.2 156.6 155.1 152.8 151.2 152.9 154.1 149.9 144.9 135.9 125.3 120 115.7 112 106.8 100.8 89.5
93.7 96.5 105.6 110.3 115.8 119.6 121.7 123 122.8 122.6 120.9 120.6 119.3 121.3 123.6 125.9 126.4 126.9 128.4 129.3 130 130.9 131.9 132.1 130.6 128.7 130.2 133.7 137.1 137.7 137.5 138 137.2 135.5 134.5 133.7 132.4 129.7 130.4 132.2 132.8 131.7 129.5 126 126.2 125.2 126.7 137 142 144.6 147.1 145 145 142.7 139.9 137.6 138.5 144.5 150.8 153.6 154.9 154.1 153.3 152.2 151.2 150.2 147.9 147.4 146.3 142.7 139.7 131.2 125.6 119.7 116.5 113.7 111.4 110 96.5
102.2 102.7 110.3 115.8 119 122.1 125 125.8 126.7 126.3 126 124.9 124.2 125 126.7 128 128.6 129.1 130.3 131 132.1 133.3 133.8 133.5 132.1 130.8 131.7 133.5 136.5 137.7 137.1 136 135.2 133.1 132.1 130.9 129.5 127 129.1 131 131.3 128.5 124.4 124.8 124.6 125.1 128.2 139.1 141.5 144.5 144.5 143.8 140.2 138 135.8 135.2 135.7 141.7 147.6 150.6 151.7 150.9 150.3 149.3 147.8 145.3 142.8 141.6 135.8 136.3 134.9 127.8 123.8 118.3 115.6 114.8 114 112.8 105.5
106.1 108.1 112.7 116.5 119.6 123.1 126.2 127.4 128.9 129.5 128.3 127.4 126.4 127.3 128.8 130 131.1 131.4 132 132.5 135.7 136.4 135.9 134.9 133.6 133.2 133 133.6 136.3 137.1 135.5 134.2 132.2 130.6 129.6 128.5 127.4 125 127 129.1 130.1 125.6 122.6 122.5 122.6 122.3 135.5 138.6 141 142.7 141.8 142.7 138.5 136 133.8 132.6 133.1 139.6 143.6 146.9 148.8 148.4 147.7 145.6 144.2 139.6 132.7 131.9 131 131.9 130.6 125.5 122 117.8 115.5 114.8 114 113.2 110.2
108.5 111.3 114.5 117.2 119.7 123.5 126.7 128.1 129.1 129.9 129.1 128.9 128.7 129.7 131.3 132.3 133.4 134.6 135.6 135.8 136.4 136.5 136.7 135.9 135.8 135.6 135.7 136.3 136.2 136.1 134.6 133.2 131.8 130 128 126.7 124.8 124 124.4 125.6 126 123 121.5 121.9 121.9 128.9 134.3 138 140.4 141.2 139.6 139.8 137.3 134.2 131.4 130.9 133.7 133.7 138 143.7 145.5 145.9 144.7 140.7 139 133.3 128.1 130 130.3 128.8 126.2 122.9 118.3 114.8 115.1 114.9 114.4 114.3 116.2
110.6 113.6 116.6 118.7 121.1 123.8 126.4 127.7 128.2 128.8 129 129.6 131.4 132.6 133.9 135.3 137.5 137.9 138.4 137.5 137.1 137.2 137.5 138.1 138 137.9 138 139 137.7 135.6 134.1 133 131.6 129.9 128.5 125.7 122.6 122.5 122.2 121.7 121.4 120.4 120.2 120.1 123.9 128.7 133.1 136.9 139.6 139.2 136.6 135.1 134.1 132.3 128.3 127.8 128.2 131.9 135.1 139.5 142.4 143 141.2 137.2 134 127.2 125.4 126.5 127.6 125.2 122.1 118.3 114.5 114.8 115.4 115.4 114.7 116.5 120.5
112.4 115.8 119.2 120.4 125.1 125.6 127.7 131.3 131.4 131.6 129.7 130.2 130.9 130.6 136.5 139.1 140.1 140.9 139.8 138.2 137.8 138.1 139.1 139.9 140.2 140.1 140.6 140.1 138.2 135.5 133.4 132.1 131 130.3 127.7 122.8 122.1 119.7 119.5 118.9 118.4 118.3 118.5 119 121 126.3 131.9 136 138.6 137.7 135.6 134 131.9 128.7 126.2 126.5 128.2 129.1 131.4 135.7 139 140.6 138.1 134.2 128 125 125.1 124.2 122.9 120.9 118.9 115.1 114.4 115.5 115.6 115.6 115.5 118.1 120.1
115.3 117.9 120.2 122.1 124.9 126 131 131.2 131.1 130.6 130.4 130.9 131.1 131.2 139.4 140.1 141.1 141.4 140.3 138.9 138.8 139.7 140.7 141.4 141.8 142.6 143 141.3 137.9 134.6 132.3 130.3 129.5 128.5 126.5 123.3 121 117.8 116.9 116.8 117.3 117.9 116.7 118.4 117.9 124.1 130.3 134.3 136.9 136.6 133.4 131.1 129.1 126.3 124.8 123.8 125.1 126.2 128.2 132 135.7 136.9 133.8 127.8 123.4 123.4 123.4 119 118.6 118.3 114.3 113.5 114.8 115.4 115.8 115.8 116.3 119.6 123
117.6 119.9 121.9 123.8 125.7 127.5 129.8 131.1 131.4 131 131.2 131.2 131.4 139.4 141.1 142.8 142.2 141.4 139.4 138.4 139.7 140.6 140.9 140.7 142.2 144 144 141.4 137.9 134.3 132.1 129.6 127.9 126.6 124.1 121.3 118 117 115.3 115.6 116.2 116.8 117.2 117.6 117.7 122.4 127.7 130.9 133.1 132.1 130 127.9 126.5 124.2 123.1 122.2 123 123.8 126.7 130.2 133.6 133.3 127.2 120.6 119.5 118.7 117 115.2 116.7 115.3 112.1 113.2 114.5 115.2 116.4 115.1 118.5 123.7 128.2
120 122.2 123.6 125.4 126.7 128.2 130.5 130.9 131.3 132.2 133.4 135 137.2 140.7 141.5 143.2 143.9 140.7 137.9 138.3 139.7 140.4 139.1 138 140.1 143.6 143.1 140.8 137.8 134.6 132.5 130.1 127.8 125.4 121.9 119.1 116.6 115.8 115.1 114.8 115 115.6 115.9 116.2 116.4 119.6 123.2 127 128.4 127.6 125.7 124.2 122.8 121.6 120.2 119.9 120.8 121.8 124.9 128.2 130.3 128.1 120.4 117.9 114.5 113.3 113.3 115.1 114.6 112.7 112.2 113.3 114.3 115.5 117 118.8 123.2 129.1 135.4
122.1 123.5 124.4 126.1 127.3 128.5 129.5 131.7 134.1 135.6 137.4 138.8 140.1 141.2 142.7 145.8 143.1 136.3 134.8 136.9 138.9 139.1 137.6 136 137.9 141.5 141.4 139.5 136.4 133.8 131 128.5 126.2 124 121.4 117.8 115.8 114.6 114.3 114.1 113.9 114.3 114.6 114.9 115.1 115.4 117.6 121.4 122.2 123.2 121.9 120.3 120.2 119.6 120.8 119.1 119.4 121.4 123.3 125.7 126.2 123 117.2 117.9 111.4 110.5 112.1 113.5 112.5 111.3 112.5 113.6 115.7 116.5 119.6 124.8 130 136.5 143.6
121.8 121.7 122.3 123.9 125.6 128.2 128.6 130.6 133.2 133.3 132.4 132.1 135 139.6 144.7 143.6 137.3 132.5 132.4 134.4 136.4 135.7 134.4 133.3 134.2 137.6 138.4 137.2 133.5 131.9 129.3 127 124.6 122.6 121.3 116.9 113.5 116.6 117.2 114.7 113.3 113.2 113.4 113.5 113.8 113.6 114.6 116.4 117.5 118.2 118 116.7 117.7 119.1 118.2 115.8 118.1 119.6 120.9 122.2 121.2 115.5 118.8 117.9 110.2 110.5 109.9 110.7 110.9 111.4 112.7 114.5 117.6 120.8 126.4 132.4 138.2 145.1 152.5
116.8 116.7 117.7 120.9 124.3 127.8 127.2 127.1 128.1 128.7 130.4 132 133.3 137 138.2 135.8 131 129.3 129.6 132.6 134.2 133.6 132.1 130.1 129.6 130.7 130.9 130.5 130.1 129.1 128.1 126 124.1 121.8 120.9 117.2 112.3 118.8 118.2 114.5 112.7 112.5 112.6 113 113.3 112.7 112 111.6 113.2 113.2 113.5 113.3 115.3 117.4 116 113.9 116.9 118.6 118.3 117.9 114.6 115.9 116.4 113.6 109.2 110.5 114.3 111 111.3 111.9 114.4 117.5 121.8 128.4 133.7 139.6 147.3 154.6 161.9
110.2 112.4 115.5 119.1 122.1 123.4 123.4 124 127.4 128.6 130.2 131.7 132.8 133.1 132.3 129.8 127.5 125.3 126.4 129.7 131.1 131.4 129.3 126.9 125.2 124.4 123 123.5 125.6 127.2 126.7 125.9 123.2 120.8 119.8 117.7 110.9 117 119.3 114.8 112.4 111.5 111.4 112 112 111.5 111 110.2 109.6 109.6 109.7 110.7 112.6 114.6 114.2 112.8 114.9 115.8 115.4 113.5 111.3 116.2 113.6 110.6 107.3 109.3 112.8 111.7 112.6 114.8 117.4 122.5 127.7 133.9 139.5 147.7 160.1 166.6 171.5
107.8 110.5 113.5 115.3 118.2 120.8 120.8 124.8 128.2 128.7 130 131.4 131.7 130.1 128 125.5 122.7 121.8 122.6 125.8 127.5 128.1 126.2 124.4 122.1 121.3 120.8 120.8 122.3 123.7 125.6 126 123 119.6 118.1 115.8 109 116.9 119.7 116.8 113.6 111.1 110.6 110.6 110.6 109.8 109 108.9 108.5 108.1 107.6 108.6 110 111.9 112.7 109.6 111.6 112.9 111.2 109.1 107 110.3 109.3 107.3 105.4 108.7 111.8 112.8 116.1 119.6 122.9 126.9 131.5 137.8 145.2 157.3 169.7 176 178.6
106.2 108.9 111.3 112.8 114.9 117.6 123.1 127.3 128.9 128.9 128.8 130.2 129 126.6 123.7 121.7 119.9 118.7 122.8 126.4 124.7 124.7 122.7 121.8 120.6 120 119.7 119.4 118.8 120.1 122 124.2 122.7 119.6 115.1 110.7 110.2 119.2 120.2 117.3 113.5 110.3 109.9 109.9 109.8 109.3 108.8 108.8 108.3 107.5 106.6 105.2 108.7 110.3 110.9 109.9 107.1 109.9 107.2 104.6 101.7 102.2 103.2 104.3 106.4 110.5 113.2 117.3 120.8 124.2 128.2 132.2 135.9 142 152.1 165.1 178.7 184 185.1
105.4 107.4 110.3 112.7 115.1 119.7 126.1 128.5 128.8 128.1 127.4 126.5 124.7 122.5 120.7 119.4 117.6 116.6 121.9 125.6 124.7 120.3 119.6 119 118.5 118 118.6 118.2 116.4 116.5 118.6 120.7 121.8 119.1 112.9 107.8 112.8 119.4 117.5 115.1 112.2 109.8 109.4 109.5 109.6 109.2 108.7 108.7 108.8 107.8 107.8 108.1 103.9 107 106.6 104.8 103.9 102.7 102.3 102 102.6 105.2 106.8 107.6 112.1 115.5 118.1 122.1 125.9 129.9 133.6 138.5 142.6 149.2 159.5 174.2 186.8 191.1 190.9
106.2 108.5 111 113.2 119.3 124 127.7 127.4 126.6 126.3 125.7 124 122 119 117.5 117.1 115.5 115.1 118.9 124.9 125.3 119.5 118.1 116.9 116.6 117.2 117.7 117.3 116 113.6 113.6 117 120.1 118.5 114.1 108.8 113.6 116.7 114.6 114.2 112.1 109.9 109.3 109.1 109.3 108.9 108.6 108.2 108.9 107.8 107.8 107.8 108.4 107.6 107.5 106.1 107.3 104.7 101.7 99.7 103.8 107.6 112.6 116.1 118.9 120.5 122.9 127.6 131.7 135.6 140.3 145.5 150.7 158.7 169.7 183 193.7 197.8 196.6
107.5 110.6 113.5 114.9 122.3 123.4 125.2 124.4 125.1 124.8 123.1 121.5 118.5 117 115.9 115.4 115 114.6 115.2 121.9 123.1 118.7 117.9 117.1 116.6 116.9 115.8 114.6 113.7 113.6 110.9 113.1 115.9 115 111.8 106.1 109.2 114.1 114 112.5 111.6 109.8 109.2 108.9 108.9 108.6 108.7 110.1 110.7 110.9 110.4 111 111.7 111.7 110.5 112.5 111.9 111.6 106.6 99.7 104.6 108.6 113.2 117.2 121.1 123.9 127.8 131.8 136 141.1 146.2 152.8 160.4 169.7 179.8 188.5 200.7 205.3 204.2
109.6 114.3 120.7 115.8 118.8 120 121.2 122.4 123.4 123.7 120.9 116.3 114.9 114.8 114.7 114.6 114.6 115.3 115.6 118.9 117.3 116.9 117.2 117.4 115.8 113.6 112.1 110.8 110.1 110.3 109.3 112.4 115.7 113 107.6 101.3 107 112.3 111.9 110.9 111.5 110.8 109.8 109.3 108.8 109 110 111.5 112.7 113.1 113.7 113.6 113.6 114.8 115.1 114.9 114.1 112.6 109.1 100.9 101.1 103.7 111.2 117.3 121.8 126 130.2 135 139.7 145.2 151.8 161 171.5 180.4 187.7 197.3 204.7 208.6 207.2
110.5 117.3 121.2 117.9 116.8 117.1 118.6 120 121.1 120.5 116.8 110.7 111.7 113.9 114.2 114.1 115.4 116 116.3 116.5 116.7 116.8 116.2 116.2 112.3 111.5 110.8 109.3 107.5 107.5 109 111.9 113.8 112.4 106.8 101 106.3 109.2 110.8 111.1 111.5 112.1 111.1 110.3 110.4 110.7 111.4 113 114.5 115 115.3 116.1 115.9 117 117.2 115.8 114.2 112.3 107.6 99.6 100.4 103.8 111.4 117.8 122.8 127.9 132.8 138.2 144 150.4 160.9 170.4 180.5 189.7 197.2 201.9 205 209.6 208.9
110.4 115.3 119.1 119.6 117.1 115.3 116.1 117.4 117.7 115.5 110.7 118.8 120.9 118.8 116.1 115.8 115.6 116.1 116.3 116.4 116.2 114.9 115.4 116.1 115.6 114.6 111.9 110.3 108.2 106.4 104.9 107.6 109.9 110.2 105.2 97.1 101.9 104.2 107.5 110.6 112.9 113.7 112.4 112.9 112.5 112.9 114 115.4 116.6 117.1 118.1 119 118.7 118.4 117.7 115.5 112.8 107.6 100.6 95.6 98.5 107.1 114.4 120.9 125.8 130.3 137.3 145.9 153 160 169 178.6 187.6 195.6 200.7 203.6 206.9 210.7 210.2
110.5 115.9 121 119.5 116.9 114.5 114.2 114.8 113.9 111 116.2 121.8 124.1 125.9 122.2 117.3 117.3 115.9 116.2 116.4 116.1 116.5 117 116.1 117.4 115.8 114.4 111.5 109.1 103.4 100.7 103.2 105.3 104.2 100.7 97.5 97.9 102.9 107.3 110.7 112.8 113.4 114.6 115.2 114.3 114.6 116 117.6 118.5 119.3 120.1 120.2 119.4 119.2 117 114.4 107.8 99.3 92.9 99.3 106.1 112.7 119 124.5 129.6 136.8 144.2 152.2 161.5 168.6 175.8 183.4 189.9 195.6 200.6 205.4 208.2 211.5 211.2
111.4 117.4 120.3 119 116.8 113 112.5 112.9 109.9 111.9 116.1 118.5 121.2 123.7 125.8 119.9 117.1 116.6 116.2 116.3 116 114.7 111.6 111.4 112.2 111.1 112.3 112.2 112.4 106.2 100.6 97.9 100 98.6 97.8 95.1 98 102.6 106.5 111.2 112.4 112.3 113.9 115.6 116.2 116.4 117.5 118.8 119.6 120 120.1 119.7 118.8 117.8 116.1 112.3 99.6 92.5 101.6 107.5 111.8 117.2 123.9 129.6 135.6 142 148.9 158.1 168.4 175.4 183 188.1 190.6 195.8 204.2 207.6 210.1 212.3 211
111.5 117.1 119.4 117.8 116 112.1 110.5 109.5 109.1 111.8 113.9 116.2 118.8 121.2 123.2 120.6 116.5 116.2 116 116.4 117 112.7 107.2 106.1 107.2 108.2 107.4 109 110.8 107.8 100.5 96.2 95.7 95.5 93.7 93.6 95 100.2 104.1 107.8 109.6 107.9 110.8 113.3 114.9 116.5 117 118.1 119.4 119.9 119.6 118.3 117.1 116 113.8 105.1 90.6 100.7 108.7 113.6 118.2 123.8 129.2 135.7 141.6 147.8 152.6 161.1 173.7 181.2 184.9 188.7 192.3 198.7 204.6 208 210.3 212.6 211.3
112.4 117.6 118.6 116.5 114.4 111.5 109.1 108.3 108.8 110.2 112.2 114 116.4 118.8 121.4 121.5 115.3 116 115.8 115.9 115.1 106.3 103 103 103.9 104.8 104.1 103.6 105.7 102.8 98.9 94 93.2 92.3 91.2 91.8 92.8 97.3 100.9 101.5 104.3 103.6 105.9 110.2 112.5 114.4 114.8 116.1 117 118 117.8 116.9 115.5 114.1 110.4 98.3 96.1 104.6 112.4 117.8 122.7 127.1 134.4 141.8 147 151.1 155.8 164.1 173.5 179.5 184.7 188.5 192 199.1 204.9 208.6 211.2 212.7 208.3
112.4 116.7 116.2 114.5 112.8 110.3 109 107.6 108.5 109.6 110.2 112 114.1 116.9 119.5 118.2 113.4 113.9 116.4 112.4 105.7 101.8 98.6 99.3 100.2 100.4 99.8 99.9 101.2 100.6 97.8 93.4 91.3 89.9 89.4 90.4 90.6 93.6 96.6 98.3 98.6 99.9 101.7 105.6 109.9 112 112.8 113.1 113.4 114.8 115.8 116.3 113.3 111.5 104.1 90.3 103.4 111.2 115 119.8 125.4 131.7 139.3 146.4 152.2 156.6 160.5 165.7 172.6 179 184.6 188.3 192.2 198.6 204.8 208.4 211.4 209 192.1
111 114.6 114 112.3 110.7 108.2 107.5 107.5 108 109.1 109.5 110.6 113 114.5 116.9 114.5 112.3 114.9 113.7 107.9 102.1 97.9 94.9 95.8 96.6 96.2 96.2 96.3 96.3 95.6 94.7 91.2 88.6 87.6 88 89.1 89.4 91.3 93.8 94.7 95 96.4 97.9 100.6 105.2 107.4 109.4 110.4 111.2 111.9 112 111.3 109.5 106 95.9 97.2 108.8 114.6 117.7 122.2 128.2 135.7 143.4 149.5 154.8 159.5 163.3 167.3 173 179 182.8 186.1 191.2 198.4 202.8 206.7 208.2 197.1 178.3
110.1 111.1 111.7 110.5 108.8 106.7 107 107.1 107.6 108.9 109.9 110.5 112.7 113.1 113.3 111.9 110.3 112.1 109 105.1 99.4 94.2 91.6 92.7 93.3 93.1 92.9 93.3 92.5 91.6 90.4 87.6 85.5 86.2 86.7 87.3 88.7 90.5 91.9 91.2 91.8 93.2 95.2 97.6 99.9 103.3 107.3 109.4 109.8 110 107.4 105.5 102.5 95.3 92.7 101.7 112.2 115.6 121 127.5 132.9 139.4 145.4 150.9 156.1 161.2 165.3 169.4 174 177.5 180.7 183.7 189.3 194.9 199.2 203.2 198.5 178.9 169
107.8 109.4 109.1 108.6 106.2 106.2 106.5 106.7 107.4 108.5 109.7 110.7 111.4 112.3 112 110.2 107.7 107.6 105.3 101.5 97.7 92.7 91.4 90.9 90.6 90.6 90.9 92.1 92.3 91.1 88.2 85.9 84.2 84.9 85.4 86.2 87.8 89.6 89.8 90.2 90.8 91.9 93.3 96.1 98 99.9 102.9 106.6 107.6 108 106.2 101 96.5 91.7 100.4 108.1 112.5 116.9 124.1 131.2 136.9 142.3 147.1 152.4 157.5 162.7 166.9 170.6 174.1 177 179.7 182.6 187.1 190.5 193.5 194.2 182 168.3 162.9
