STL Generation/terr50_gagg_gb/data/SN85.asc
ncols 200
nrows 200
xllcorner 280000
yllcorner 250000
cellsize 50
[rows 0 to 34 of 200, columns 78 to 155 of 200]
552.3 549.3 546.7 547.8 548.8 549.3 549.9 551.2 552 552.7 555.2 556.9 556.4 558.5 561.1 566.3 570.7 574.2 578.6 579.4 582.5 584 582.7 582.3 581.8 580.8 578.6 576.4 577.2 577.3 575 572 567.9 563.3 560.1 560.1 560.5 560.3 561.5 561.8 562.4 560.9 558.7 556.3 553.6 551 548.9 544.6 540.9 534.8 528.5 520.8 514.6 508.1 502.2 493.7 483.8 473.6 459.6 461.5 466.8 469.5 468.6 464.7 456.7 447.1 436.7 426.9 421.5 417 410.8 407.1 407.2 410 419.7 430.3 438.5 428.1
550.2 546.6 541.7 543.2 544.8 545.6 545.9 546.2 546.4 548.1 550.8 551.4 551.3 556 560.7 563.5 567.8 572.8 578.1 581 583.8 583.9 582.2 583.4 582.4 581.4 579.3 578 579.9 578.9 576.8 574.2 570.7 566.1 561.8 561.4 560.9 561.7 562 562.5 561.8 559.5 559.7 557.5 553.3 549.5 548 544 539.8 533.1 525 517.1 510.3 505.4 493 481.2 468.2 465.2 463.4 457.8 453 463.5 466.5 459.6 443.9 433.1 426.4 419.7 414.2 410.3 414.6 413.9 426.9 436 446.2 456.5 456.9 436
547.4 543.7 537.8 539.7 541 541.7 541.6 540.5 541.2 542.5 543.8 545.3 549.4 554.2 559.1 563.4 569.1 574.1 579.3 582.4 583.6 583.7 584 585.1 583.7 581.9 580.2 579.1 580.4 579.2 578.1 575.4 572.6 568.4 564.4 562 560.8 561.4 562.1 560.4 559.2 560.3 560.8 556.8 551.6 547.6 544.6 540.3 535.3 528.9 520.1 510.5 502.6 493.4 479.6 471.7 475.5 479.3 476.5 468.9 457.3 445.1 446.7 438.6 433.7 426.8 421.2 414.2 423.3 428.4 433.9 440.9 453.9 465.8 472.2 472.2 466.1 445.7
545.5 542.2 536.7 533.7 535.4 537.4 536.8 535.3 533.8 533.2 537.8 542.5 548.4 553 558.8 564.2 570.3 575.5 580.2 582.7 584.9 586.1 586.6 586.4 585.1 583.4 581.2 580.2 578.4 577.9 578.2 576.2 573.5 568.7 565.2 562.8 560.8 560.5 558.6 558.2 557.8 559.7 559.1 554.4 549.6 545.2 541.8 537.9 529.4 517.2 508.3 502.8 491.5 478.1 479.2 487.3 492.4 491.6 489.2 485.2 479.2 468.2 444.9 434.2 422.9 418.8 424.3 434.8 445.4 453.1 459.7 471.5 486.4 489.5 488.8 484.8 476.1 464.2
545.5 543.4 540.5 531.1 529.4 531 532.1 530.5 528.5 529.6 536.5 542.4 547.5 552.6 557.9 564.5 571.2 576.4 580.8 582.8 585.7 587 587.9 587.7 586.8 585 582.9 581 578.6 576.2 574.3 572.6 570.1 566.2 563.3 562.1 560.7 559.2 557.4 556.7 557.6 559.5 556.8 552.9 546.5 540 538.7 530.3 519.6 506.8 502.1 492.9 478.6 484.1 494.1 502.1 508.1 506.7 502.7 500.4 491.5 480.5 467.1 449.9 436.9 435.1 438.8 456 469.2 477.2 485.8 494.5 501.4 502.7 499.8 495.4 490.9 484.9
547.8 545.4 540.2 531 525 525 526.3 525.4 523.2 527.7 535.1 541.8 546.6 551.8 557.6 564.2 570.9 576.4 581 582.6 585.6 587.7 588.8 588.7 588.1 586.5 584.4 582 579.8 577.4 575.1 571.3 568.9 565 561.6 560.8 559.2 557.8 556.5 557.8 557.9 556.6 554.5 550.8 542.7 535.6 530.3 522.3 511.1 500.5 493.3 482 498.1 504.3 510.4 515.5 520.5 514.7 509.3 507.8 500.8 488.9 474.8 459.9 456.3 442.5 456.5 478.3 486.7 492.3 501 506.4 511 510.3 507.8 505.6 503.9 502.4
549.6 544.6 539.8 532.6 528 519.3 519.8 520.2 519.4 524.3 532.9 539.5 544.3 548.8 555.9 562.9 569.1 574.7 580 581.7 585 587.7 589.4 589.6 589.1 587.4 584.8 583.2 581 578.5 575.6 571.2 568.2 564.3 560.2 558.6 557.5 557 556.8 552.2 553.2 553 550.6 545.3 537.6 533.6 527.3 518.8 506.2 494.6 486 500.2 510.5 514.7 519.6 525 524.8 521.2 518.7 515.2 509.5 500.2 485.2 473.2 464.9 451.5 470.9 485.1 494.9 501.7 508.4 514.2 517.5 516.3 515.1 515.3 516.2 515.3
550 546.1 540.9 536 527.7 522.2 518.2 515.9 517.2 523 528.7 535.5 537.4 545.2 551.3 559.2 567.5 573 578.5 580.8 584.6 587.7 589.1 589.7 589.5 587.1 585.2 583.3 581.2 577.9 574.6 571.3 567.1 562.3 558.7 557 555.5 555.3 554.1 549.5 548.2 547.6 543.7 538.6 534.3 530.1 520 509.8 502.2 489.3 497.7 510.3 516.4 521.7 526.4 528.3 530.2 527.9 525.6 522.2 517.3 507.9 492.4 482.5 473.3 458.7 473.8 490.1 499.1 507.2 513 518.1 521.3 521.9 521.9 524 525 524.2
552.2 548.5 543.2 535.2 528.4 522.9 519.3 513 515.8 519.9 527.1 533.3 539.5 546.7 557.3 563.7 569.2 574.1 578 580.3 583.4 586.8 589.4 590.9 589.8 587.1 585 582.7 580.8 577.2 573.5 570.2 566.1 560.6 557.6 555.2 553.8 551.2 547.8 544.6 541.7 539.9 536.5 534.9 531.2 521.7 511.5 506.6 511.5 513.1 512.9 514.7 521.4 526.8 530.3 532.3 534.3 531.8 528.3 526.3 522.4 514.8 506.5 491.9 482.5 467.8 473.5 491.3 501.4 509.8 515.9 520.7 524.7 526.3 528.8 531.7 531.7 530.1
554.4 550.7 544.5 535.7 528.9 523.5 518.2 510 515 522 529.9 536.6 543.6 551.7 560.4 567.5 571.4 575.1 577.9 580.2 582.9 587.8 591 591 589.8 589.2 587 584.3 581.3 578 574.1 570.1 565.9 561.5 558.2 555.8 553.5 547.3 541.3 538.2 535.5 532.5 531.2 530.2 524.7 513.4 508 512.1 516.5 518.1 521.2 518.7 524.8 530.3 533.8 536.2 536.2 532.4 530.6 530.2 529.3 523.4 514.7 498.5 491 483.5 475.3 491.6 504.1 512.6 517.8 523.2 527.5 530.5 534.3 537 538.1 536.2
555 550.7 541.6 534.8 530.6 523.7 516.6 509.8 512.8 519.8 528.2 538.2 545.5 554 562 568.6 571.6 575.1 578.3 580.6 584 587.7 590 590.5 590.8 589.5 588.6 586.2 583.3 580.1 576.4 571.3 565.9 561.7 558.8 557.2 554.5 548.9 542.8 538.5 535.4 532.6 526.1 518.2 511.6 511.5 512.2 516.5 521.5 523.6 525.3 523.8 527.7 532.8 536.5 539.4 537.3 535.8 535.9 535.3 532.6 528.7 518.9 504.1 496.1 480.9 477.9 493 505.8 514.1 521.3 527.1 532.8 536.4 541.5 544.6 545.4 542.7
552.5 546.5 538 532.2 529.4 524.7 518.9 509.9 507.3 513.7 524.3 537.7 546.8 555.9 563.1 567.4 570.6 575.2 578.5 581.7 585.2 588.2 590.6 591.5 591.5 591.1 590.5 587.9 585.8 582.2 578.2 572.2 566.2 561.7 560.7 559.4 556.8 550.9 544.8 540.5 534.6 528.6 516.6 517.8 517.5 517.7 519.5 523.4 527.8 529.5 529.8 531.2 530.2 535.6 539.5 543.3 540.2 540.1 540.2 538.5 535.1 529.5 523.5 507.7 500.2 496.4 487.6 492.6 506.4 515.8 524.7 530.9 536.9 543 548 551.4 552.2 550.3
549.3 541.4 533.2 528.1 525.3 522.7 519.8 512.8 504.8 506.3 525.2 538.1 547.5 556.4 561.6 565.4 569.5 574.8 580.4 583.5 586.7 589.4 590.7 592.2 592.5 592.6 591.7 590.5 588.3 584.4 580 573.9 567.6 561.5 565.2 563 558.3 552.6 547 541.6 534.5 525.2 525 526 528.1 530.5 529.3 529.4 533.5 534.4 534.5 535.3 534.2 538.4 543.8 543.2 541.1 542.7 543.1 541.7 538.2 532.3 525.3 514.3 508.4 505.1 502.9 498.1 505.5 517.6 527.4 535.5 542.4 548.9 554.1 556.8 557.4 556.4
542.9 535.4 527.8 524.2 520 520.7 517.7 509.7 499.8 507.1 524.8 537.3 547.1 554.8 559.1 562.5 568.2 573.2 579.9 583.2 587.8 590.9 592.4 594.1 594.2 594.2 593.5 592 589.9 586.2 581.6 575 568.6 564.8 567 563.1 558 554.2 549.2 543.6 532.7 530.5 535.6 538.3 541.1 542.1 538.8 536.5 538 539.1 539.4 539.3 539.4 540.2 542.6 543 544.1 545.2 546.2 543.5 540.4 534.7 530.5 522.3 514.2 513.3 510.2 506.7 506.7 519.1 529.5 537.8 545.9 553.4 559.7 562.1 563.2 563.1
534.3 529.3 525 521.6 516.3 513.6 508.2 497.9 498 509 520.9 534.6 542.3 549.8 555.1 560.6 566.9 573.3 578.4 583.1 587.8 591.8 594.6 595.8 596 596.1 595.4 594.2 591.4 587.5 581.3 575 570.1 567.1 565.6 561.2 558.3 555.7 550.8 542.3 531.9 540 542.6 542.5 545.6 546.9 544.1 544.9 544.4 543.8 543.8 542.6 542.7 541 542.5 545.1 547.1 548.3 548.6 545.8 541.6 540.8 535.6 529.1 518.7 516.9 516.2 516.1 509.4 518.7 531 538.8 546.7 555.5 564.4 568.2 569.2 568.5
526.8 522.4 517.4 512.8 507.2 504.5 493.9 491.3 504.2 515.6 524.4 531.2 540.5 547.7 553.7 559.7 565.8 571.6 577.7 583.8 589.1 592.6 595.9 597.7 597.9 597.9 597 595.3 592 587.6 580.7 574.2 570.7 568.3 565.3 563.4 559.5 554.8 547.9 541.9 546.7 544.3 546.1 547.7 549.6 552.1 550.7 551.7 550.6 550.6 547.8 547 545.8 543.7 542.9 546.1 548.8 551.3 550.5 547.8 549.1 546.2 540 533.8 527.1 524.1 523.4 521.8 520 521.3 531.1 539.4 549.1 558.4 568.5 574.4 574 572.4
520.6 515.1 507.7 502.3 497.2 486.8 485.6 501.3 512.5 521 529.6 537 543.7 549.9 555.7 561.5 567 572.7 579.3 586 590.2 594.3 598.2 599.6 599.4 599.2 598.9 595.9 592.6 589.6 581.3 575.2 572.5 569.3 565.9 564 560.9 555.3 548.8 548.8 549.4 549.9 550.5 552.2 553.7 554.6 554.9 555.4 554.5 552.8 551.6 550.7 548.9 546.6 546.3 549 549.9 552.6 552.2 552.7 553.2 548.5 543.2 539.8 535.7 534.4 530.7 527.3 522.1 523.7 533 540.2 550.3 560.6 571.1 577.9 578.8 572.6
513.2 504.5 497.6 489.6 482.1 485.2 496.8 508.2 517.1 526.7 532.8 540.4 546.3 552.5 558.7 564.6 569.7 575.9 582.1 588 592.4 596.3 599.5 600.1 599 599.4 599.4 596.4 592.8 590.2 582.9 576.3 571.5 567.7 564.8 562.9 559.8 555.3 552.6 551.4 551.6 551.9 552.5 553.8 554.9 556.1 556.8 559.1 557.7 556 555.3 554.1 552.6 549.6 549.4 551.2 553 555.1 556.9 558.1 556.5 553 550.2 546.8 544.3 542.2 537.6 532.9 530.4 528.6 534.5 541.6 550.9 560.4 570.2 576.8 575.9 569.2
498.6 489.6 484.2 476 481.3 494.4 504.5 512.5 521.6 530.8 535.8 542.3 547.9 553.8 560.2 566.5 572.3 579.9 583.7 589.1 592.8 596.1 598.9 599.4 600.7 601 598.4 595.8 592.3 588.2 582 576.9 571.4 565.6 563.3 560.5 558 557.1 555.6 553.6 553.7 553.9 554.4 554.8 555.9 558 559.8 561.5 559.5 559.7 558.9 557.8 556 553.5 553.9 555.8 557.5 559.5 561.7 561.9 560.1 559.2 556.7 553.5 551.5 547.8 541.3 538.9 535.3 530.1 535.5 542.8 552.2 561.4 566.2 569 567.7 564.5
481.8 473.8 471.2 481.9 490.3 498.2 507.7 516 524.5 531.8 537.7 543.2 548.3 554.8 561.3 568.3 575.9 582.2 586.6 591.4 594.6 597.6 598.9 600 600.4 601.6 598.6 594.7 591.5 586.8 581.2 576.8 571 565.3 561.7 560 558.6 558.3 557 555.7 555.5 555.6 555.6 555.4 557.8 559.3 563.3 563.9 563.9 563.4 562.7 561.5 559.9 558.5 559.4 560.9 562.3 564.2 565.9 566.9 566.6 565.6 563.2 560.2 557.9 550.4 544.3 542.4 540.3 534.9 539.2 545.8 554.2 560.2 564.4 568.3 565.9 563.9
468.8 466.1 475.2 484 490.2 498.1 508.7 517.1 523.7 530.5 536.3 542.1 548.9 556 561.7 569.9 577.2 583.8 588.9 592.9 595.9 598.3 599.7 599.9 601.5 601.3 597.9 593.7 589.7 584.7 579.7 575.9 570.1 566 562.8 560.3 559.5 558.9 558.5 557.6 557.1 556.9 556.9 557.4 560.6 562.9 565.7 566.7 567.1 567.2 568.1 567.3 565.3 564.3 564.2 565.7 567 568.4 568.9 570.1 571.6 572 568.9 567.1 562.3 554.2 549.7 545.8 541.9 540.7 543.3 549.2 555.9 561.5 565.2 567.3 566.9 565.2
467.6 477.4 479.7 482.1 488.8 498.2 504.8 511.9 519.5 527.8 534.8 541.3 549.1 555.4 561.8 570 577.4 585.2 591.2 593.7 597.2 599.2 600.7 600.7 601.4 599.4 596.5 592.5 587.9 582.2 578.4 574.1 570.7 567.9 564.7 563.7 560.4 561.1 560.6 558.6 559.9 559.2 559.1 560.9 564 567.1 568.6 570.4 571 572.1 573.4 572 569.8 569.9 571.8 571.8 573.1 573.6 574 576 579.1 578.3 576.2 575.4 567.9 559.6 553.8 548.9 546.5 545.4 548 551.5 556.6 562 564.9 566.4 567.6 566.8
474.7 480.2 486.8 494.1 499.2 503.6 507.4 511.5 517.2 524.8 531.9 541.3 549 555.8 562.6 570.5 577.2 585.3 591.7 595.3 597.6 599.4 599.9 599.8 599.8 598 594.6 590.9 586.5 581.9 577.9 573.4 571 569.6 567.5 564.3 563.5 562.9 560.6 560.9 562.4 562.1 563.1 566 569.1 571.6 573.5 574.8 576.1 577.6 578.1 577.8 576.7 575.6 578.3 580.2 579.2 578.4 580.5 584.3 586.5 586.2 586.9 581.2 572.9 563 556.8 553.7 551.2 551.5 552.3 554.7 558.8 560.5 562.1 565.6 567.5 568.6
477.9 485.6 493.2 500.4 507.6 514.4 520.7 526.3 531.3 535.5 540.1 540.5 548.6 556.5 564.4 571.5 578.5 585.1 590.3 592.9 595.5 597.2 599.2 599.9 598.2 595.6 593.1 591.2 586.4 581.8 578.1 574 570.7 570.8 569 566.9 565.1 564.1 563.4 564.1 565.5 566.3 568.5 571.5 574.1 576.3 578.3 580.5 582.4 584.5 584.8 585.6 583.8 583.9 585.8 585.5 583.3 583.8 588.2 592.6 595.2 597 593.5 585.6 577.2 566.3 559.1 557.6 556.4 556.8 557.9 558.1 559.9 561.2 563 566 568.1 569.8
481.6 489.4 497.9 505.1 511.8 519.8 526 532.8 538.1 543.4 547.6 549.5 553.1 558.4 563.7 571.2 577.5 583.2 587.9 590.4 593.7 595.3 597.3 597.1 595.9 593.7 591.2 589.6 585.6 582 580.1 577 574.4 572.3 570.2 568.9 568.3 568 567.5 567.7 569.2 571.8 574.3 577.5 580.6 582.4 584.9 587.6 589.9 590.9 592.2 592.8 591.5 589.3 588.5 588.9 590.7 592.6 597.2 604.4 607.5 606.9 598.4 588.9 581.4 572.6 568.2 564.9 561.8 560.9 561.9 561.7 562.9 563.9 566.4 568.5 569.6 571.1
482.8 489.6 497.9 505.9 514.5 522.7 530.9 537.1 543.2 547.7 551.8 554.4 557.2 561.7 566.7 571.6 576.8 580.6 585.3 589.8 593 595.2 595.8 595.1 594.3 592.7 589.9 588.2 586.3 583.6 583.1 580.4 578.9 574.6 573.1 572.3 571.2 570.2 570.9 572 575.1 578.3 580.6 584 587.5 590.9 593 595.7 597.7 598.6 598.8 597.7 595.1 594.5 595.2 599.8 600.7 603.3 611 612.8 614.7 609.2 600.7 592.7 584.8 578.3 574.1 568.9 566.8 565.6 565.5 565.5 566.3 567.7 569.3 569.5 571 572.3
479.9 487.8 496.5 507 517.1 525.1 533 541 546.4 551 554.6 557.6 560.9 565.6 569.9 573.5 578.3 581.1 586.1 590.4 593.4 595.8 595.9 595.1 595.8 596.6 593.5 590.6 588.7 587.6 585.5 583.1 580.6 576.7 576 575.4 573.7 573.7 576 578.8 581 584.4 587 590.6 595 599.6 602 603.9 605.7 606.3 605.3 602.6 602.7 602.9 603 607.1 610.9 614.9 616.9 618 615.4 609.7 602.2 594.2 587.6 584.3 580.6 574 571.3 569.7 569.3 569.3 570.4 570.4 571.9 573 573.2 572.8
474.2 482.5 492.6 504.2 516.3 526.6 535 541.7 548.2 552.7 556.1 559.6 563.7 567.3 571.1 575.3 579.1 582 587.5 591.1 594.3 597.5 597.3 598.4 599.5 600 597.8 594.2 590.9 590.1 587.3 584.2 581.3 578.8 578.3 578 578.1 578.9 581.3 584 586.4 590.1 594.2 598.5 602.9 607.7 611.1 611 613.3 612.7 612.4 611.7 608.6 608.1 608.7 613.4 617.6 623.7 623.8 618.9 617 610.9 602.8 596.6 590.8 586.7 582.6 580 575.9 572.1 570.7 571.3 572.1 573.2 574.4 573 572.3 571.9
467.9 476.8 487.7 495.4 509.4 524 535.3 542.7 549.1 553.9 557 560.4 564.5 568.8 572.6 577.2 580.9 584.3 588.5 592.4 594.8 597.2 599.3 600.7 600.6 599.8 597.3 595.2 592.8 590.6 588.2 584.9 582.1 581.4 579.5 579.1 579.1 582.2 585.7 588.9 593 596.7 600.6 606.4 611 615 616.8 618 620.1 619.6 620 620.3 615.4 611.2 614.2 619.6 624.1 625.9 620.6 616.9 612.9 608.3 603.4 598.9 594.3 588.7 584.6 582.9 580.1 577 574.2 574.8 575.1 574.7 574.1 572.8 571.6 571.2
482 492.2 501.1 504 506.2 520.1 534.2 542.8 549.4 554.5 557 560.8 564.8 568.8 573.3 578.4 582.5 585.5 589.6 592.6 594.9 597.5 598.8 599.5 599.4 598.3 596.8 594.7 592.8 590.7 588.2 584.9 584.3 579.5 578.9 580.6 581.5 583.8 587.7 591.3 596.3 600.7 608.5 613 616.9 621.4 623 624.8 626.4 625.8 626.6 624.8 621.8 617.6 620.7 623.6 622.2 621.3 618.3 614.1 609.1 604.9 601.5 597.2 596.4 591.8 586.3 584.7 583.7 580.6 577.7 576.7 575.9 575.3 574.1 571.6 570.6 570.1
487.5 497.9 508.7 516.9 522.4 517.8 533.1 541 548 553.6 556.7 561.3 565.2 569.6 574.1 578.5 581.7 585.1 588.5 591.7 594.6 596.9 598.1 598.6 598.1 596.8 595.6 594 592 590.3 587.4 584.5 582.9 577.6 579.1 581.1 583.1 585.3 589.3 594.9 599.9 605.7 612.7 616.7 620.8 625.8 629.1 631.8 631.4 631.7 631.2 629.8 626.5 621.9 620.4 619.6 617.7 615 613 611.4 606.9 600.1 598 594.8 591.3 587.3 585.5 583.9 584.6 582.7 580.3 579.9 578.1 575.2 572.5 570.2 569.4 568.1
493.1 503.8 512.2 521.3 526.8 532.1 527.4 536.1 543.6 550.9 555 560.6 564 568.6 573.1 577.5 581.4 583.8 586.5 589.3 592.1 594.9 597 597.1 596.7 594.9 593.5 592 591 588.3 584.5 582.8 580.6 576.8 578.5 580.5 582.7 585.8 589.9 596.7 602.6 608.8 613.9 619.5 624.5 629.5 636.7 638.5 638.1 636 631.4 626.1 621.5 617.4 616.7 615.7 613.5 610.4 609.7 608.3 604.3 596.2 591 591.2 588.8 586.6 585.4 584.4 584.8 583.8 582.5 580.5 576.6 573.1 570.7 570.1 568.2 566.8
496 505.8 514.5 523 530.3 536.4 540.9 541.4 546.8 548.3 553.6 559.6 562.7 567.4 571.8 575.9 579.7 581.6 584.4 587.3 590.1 592.8 593.9 594 592.9 591.2 590.6 590.3 587.8 584.9 582 580.3 578.4 576 577.9 579.9 582.3 585.4 590.6 595 602 608.1 615 621.2 627.5 633.7 640.7 637.3 632.9 629.6 624.6 618.8 615.1 612.9 612.2 611.3 608.2 606.9 608.4 607.2 598.9 591 588.1 587.7 587.5 587.2 586.7 586 583.6 581.4 579.2 577.6 574.6 571 570.8 569.2 567.4 565.1
497 507 516.5 525.3 532.7 539.1 543.8 547.2 551.9 554.4 557.7 558.3 561.7 566.5 570.3 574.7 578.8 580.5 583.2 586.3 589.2 591.5 591.7 591.5 591.6 589.7 590.2 587.2 583.7 580.4 578.6 577.1 576.1 575.3 577.1 578.4 580.2 584.1 586.3 592.9 600.4 608.1 615.7 621.9 628.8 631.1 631.9 629.3 625.9 621.2 618.6 610.9 608.5 608.2 607.4 606.2 606.1 607.9 608.4 601.8 592.2 588.9 587.9 587.8 586.4 585.3 584.2 582.8 580.4 578 575.7 573.4 571.2 569.9 569.1 568.2 566.4 564.6
497.2 509.4 517.6 526.2 533.9 541.2 546.2 550.9 554.5 557 560.5 561.1 564.2 567.5 570.7 575.1 578 579.8 581.9 585.3 588.2 590 590.2 590.1 589 588.1 586.3 583.6 580.2 577.6 575.6 574.2 574.7 574.6 573.3 575.1 577.6 579.2 583.5 590.5 599.9 609.8 614.1 620.7 623.3 623.2 624 624.7 619.9 608.7 603 603.9 602 600.9 601.9 603.9 605.8 604 602.1 596.6 590.6 587.7 586.2 587.6 586.5 584.5 581 579.6 577.1 574.6 571.8 570.1 568.8 567.8 567.4 566.2 565.9 563.1
