STL Generation/terr50_gagg_gb/data/SO00.asc
ncols 200
nrows 200
xllcorner 300000
yllcorner 200000
cellsize 50
[rows 105 to 139 of 200, columns 79 to 157 of 200]
284.1 276.6 267.3 261.1 254.3 248.2 242.3 236.8 229 222.5 215.3 210.1 206.5 206.1 205.3 202.9 186 182.1 177.2 174.6 173.8 172.6 173.6 171.1 160.5 157.6 158.5 158.5 164.6 157 158.4 164.6 164.6 172 182.1 191.3 210 210.1 209.9 195.1 214.6 214.3 215.9 216.4 215.3 226.2 229.9 229.6 228.3 225.1 228.2 228.9 237.2 244.9 256.5 263.4 268.7 275.5 284.3 291.4 296.5 302.5 310.7 320.8 337.3 352.9 366.4 375.1 380.7 379.7 380.7 383.7 386.6 385.5 384.4 382.3 381 377.9 371.2
278.7 270.8 262 257 251.7 246.2 240.8 235.9 228.1 220.9 215.2 209.9 206.5 205.8 204.9 203.2 186.5 182.1 177.4 174.6 173.8 173.1 173.4 171.8 164.2 159.4 159 159.7 163.6 161.5 154.9 163.8 163.9 164.2 174 187 198.6 209 206.3 191.8 208.9 210 210.2 202.7 207.2 221.8 224.5 224.5 224.8 225.4 226.7 229.4 242 250.6 254.2 263.1 270.4 279.7 288 296.3 303.4 310.5 319.3 333.7 346.5 357.3 366.2 372.2 376.2 377.5 378.4 381.6 383.5 383 382.3 381.8 380 376.1 371.5
265.6 261.7 256.7 252 247.3 243.5 239.3 234.7 227.2 219.3 213.9 208.7 206.6 204.9 203.8 200.6 185.8 182.1 177.6 174.8 174.2 173.8 173.4 169.6 163.2 159.1 157.5 156.4 159.8 162.3 150.6 159.5 161.8 162.8 166.8 179 187.1 194.1 194.8 188.4 202.1 205.3 204.9 203.7 198.8 210.6 217.9 219.8 219.4 218.3 223 231.6 246.1 251.8 256.8 261.3 272 282.5 290.9 301 311.5 318.8 335.2 346.6 353.8 360.5 367.4 370.5 370.9 370.9 376.4 380.3 380.1 381.2 380.6 380.9 379.5 378.7 372.5
257.8 255 251 247.3 243.6 239.9 235.7 230.7 225.2 217.2 212.3 208.1 206.2 204.3 202.4 193.8 184.4 180.6 177.2 175.3 174.7 174.1 173.1 167.2 161.4 156.9 156.7 156.3 156 159.6 151.6 158.3 159.6 161.6 162.7 168.6 178.8 182.1 187.6 185.3 196.5 201.4 199.8 199.4 197 196.7 205.6 211.3 212.1 212.4 218.8 226.4 238.4 248.7 254.5 263.7 271.9 283.5 293.7 305.7 317.2 332.4 344.5 352.9 358.3 363.3 367.8 370.8 370.6 370.3 372.7 374.8 376.4 379 379.7 380 380.3 380.9 379
250.4 248.8 247.3 243.6 240.5 236.2 232.1 226 219.8 214.6 210 206 203.5 201.1 198.6 190.6 185.3 181.1 177.5 177.1 176.8 174.6 168.9 164 160 158.2 157.1 156.7 156 158.4 155.6 157.6 157.8 159.3 159.9 159.6 167.2 177.1 182.3 181.3 186.2 196.5 196.8 199.1 196.5 192.5 195.8 201.1 205.7 209.2 217 223 229.9 243.6 255.5 263.9 272.6 284 296.4 308.7 325.8 339.2 345.8 349 352.4 360.7 364.7 365 365.2 368.9 370 370.5 371.3 376.8 379.1 380.4 381.5 382.1 380.6
247.7 243.5 242.4 240.1 237.2 232.6 226.8 220.2 215.1 211 207.2 204.4 202.8 200.7 195.6 190.2 186.3 182.4 178.9 178.2 176.8 175.4 167.3 162.8 159.7 158.5 157.5 157.4 157.5 157.4 157.8 154.4 156.7 157.4 158.5 158.1 157.8 165.2 173.8 175.3 176.6 184.2 189.7 195.2 196.5 191.3 194.1 197 200.2 205.9 215.2 225.6 233.6 246.8 256.5 264.6 272.8 284.1 297.7 311.9 327 337.9 341.6 343.2 344.5 352.1 359 359.9 363.5 367.6 368.8 369.7 369.2 376.5 380.2 381.4 382.6 382.3 381
244.9 240 238.6 235.6 233.4 226.5 220.4 216.8 213.3 209.5 204.8 201.6 200.8 199.7 193.4 191.3 188.5 185.1 182.9 181 178 175.7 170.4 164.6 161 158.6 157.6 157.4 157.3 157.1 157.6 150.1 155.3 155.2 157.3 155.9 155.7 156.6 164.2 170.9 172.6 176.5 185 194.7 194.4 187.3 187.7 191.3 196.4 203.8 215.6 229.1 237.6 246.1 256.2 264.4 271.2 280.9 294.3 308.2 323.5 332.2 335.1 336.7 335.8 343.3 352.1 354.8 358.7 363.9 366.3 367.9 370.2 375.8 381.7 384 385.2 382.6 381.3
240.8 236.9 232.8 230.9 227.2 220.1 209.4 211.8 211.5 207.7 203.5 200.3 197.2 191.4 191.5 190 188.9 186 183.4 181.3 178.9 176 173.7 169.8 163.1 159.2 157.2 157.3 157.6 157.7 157.4 149.6 154.7 153.7 155.3 156.2 156.1 155.6 155 163.8 168.7 170.2 181.3 185.3 184.6 181.1 182.4 187.8 194 198.8 213.9 225.4 235.2 245.5 255.9 263.8 266.8 273.1 286.7 301.2 315.3 325.7 327.3 329.4 329.5 334.1 340.4 347.3 352.1 359.4 363.4 365.6 368.7 375.3 383.2 388.9 387.9 384.1 381.7
239.3 239.5 234 227.2 220.9 216.9 214.9 210.4 211.6 208 201.5 196.6 189.4 191.2 193 190.3 188.7 186.6 183.4 180.4 176 176.5 169 165.3 163.9 160 159.6 157.3 157.5 157.5 157.2 151.8 156.1 154 152.7 154.9 155.4 154.8 154.2 152.8 164.7 164.8 171.4 179.7 178.8 178.6 180.1 184.8 192.7 199.3 208.7 220.9 232.7 243.4 252.9 259.8 261.4 266.8 278.7 292.1 306 314.6 319.3 317.8 321.3 326.6 331.6 338.3 346.1 353.8 359.3 362.1 369 375.9 383.1 389.6 389.3 385.8 383.3
240.5 240 236.8 231.2 230.8 227.5 222.7 218.9 213.6 209.3 200.7 196.4 193.9 193.2 192.3 189 187.3 187.2 184.4 182.4 176.9 177.2 167.7 164.9 163.9 160.5 160.2 157.4 157.4 157.3 157 156.8 155 153.8 152 152.6 154.7 154.2 153.3 152.4 151.6 161 160.8 170.4 175.9 176.8 178.8 182.9 187.9 196.6 203.9 216 227.3 238.7 249.2 254.5 256.9 261.5 271.9 282 295.3 303.3 308.7 309.2 314.1 316.9 322.5 329.2 338.8 351.2 355.7 360 369.1 375.1 380.6 386.7 388.1 387.3 386.2
248.7 243.4 238.8 233.3 230.4 229.4 223 214.6 210.2 208.7 204.6 203.5 201.6 199.9 197.1 191.2 189.2 188.2 186.6 184.9 184.6 178.4 173.2 168.2 164.4 162.3 161.4 159.9 157.7 157.2 156.9 156.6 151.3 154 154.2 154.1 153.5 153.7 152.6 151.8 151.6 151.7 158.6 158 163.5 175.8 178.7 181.3 182.3 190.8 201.9 212 223.6 234.7 243.6 249.1 252.2 255.5 263.3 272.4 280.6 289.6 293.9 295.8 305 307.1 311.4 319.4 331.1 346.9 354.2 358.2 364.2 371.1 378.7 383.4 386.8 390.6 391.9
251.3 247.3 243.1 237.7 229.4 224.9 219.1 219.4 215.2 212.4 210.1 208.3 207.6 205.4 202.7 200 194.1 190.4 190.2 189.5 188.1 179.5 175.8 171.3 167.6 164 161.1 159.9 158 157.1 156.8 156.4 148.2 155.1 154.5 154 153.4 152.4 151.8 151.2 151.2 151.5 153 153.8 157.3 167.4 179.8 182.3 179.4 184.7 195.9 208.5 220.7 227.4 236.9 243.6 246.6 249.3 253.8 262.4 270.4 273.6 275.6 286.8 292.7 295.6 299 315.5 331.6 347.1 352.4 356.5 361.7 369.2 377.1 382.7 389.3 394.7 400.3
253.8 249.5 245.2 240.3 230.7 224.3 228.9 223.6 222.1 218.6 215.9 213.3 212.2 210 207.4 204.8 202.4 197.5 193.1 192.8 191.1 183.2 177.6 174.2 170.7 167.1 163.5 161.2 158.8 157 156.7 156.3 149.9 155 154.5 154 153.2 152.2 151.1 150.8 151.1 151.7 152.2 153.3 152.4 152.7 157.8 163.8 174.4 179.7 186.3 201.9 218.4 222.5 228.9 235.9 240.8 243.7 246.6 252.3 260.3 262.7 267.2 275.7 282.5 280.7 297.3 311.7 333.3 344.2 350.3 355.1 360.4 367.4 374.5 382.5 390.7 399.8 407.1
254.2 251 246 239.6 233 234.7 234.5 230 227.9 224.7 222.4 219.9 217.5 214.8 212.3 209.8 208.8 204.2 197.5 194.9 193.8 190.4 179.9 177.2 173.9 170.1 166.5 164.6 161.4 157.3 156.2 155.7 155.2 150 154.5 153.9 152.9 151.8 150.4 150.3 150.5 150.8 151.7 152.2 151.7 151.5 152.9 154.1 165 174 182.4 192.4 212 217.3 222.9 227.2 232.8 235.7 238.7 243.9 252.6 258.7 258.4 265.2 265.7 273.4 288.9 308.9 333.1 342.5 347.9 353.1 359 364.9 372.2 381.8 392.4 405.6 419.4
255 249.3 239.3 246.3 243.5 243 243.1 241.2 239.1 236 231.7 227.8 225.4 221.9 217.5 216.2 213.4 210.1 206.3 198.1 195.8 194.2 182.8 180.6 176.8 173 169.9 169 165.3 160.4 157 156 155 147.4 154.5 153.7 152.5 151.1 149.8 149.9 150 150.2 150.6 151.1 150.7 150.3 152.2 150.9 155.6 162.5 174.6 187.1 199.7 208.6 215.2 218.9 223.2 227.7 231.8 238 242.3 244.8 248.6 256.4 263 276.9 286.4 305.4 330.1 341.7 345.5 351.3 357.1 363 371.7 381.3 394.7 411.3 427.4
258.2 252.7 258.4 256.8 257.4 257.2 257 257.1 255.2 253.1 248.9 244.5 239.1 237.1 230 227 221.2 212.3 209.9 206.1 197.9 194.7 191.2 182.2 180.9 178.8 175.6 173.8 167.8 163.4 160 156.9 155.3 153.1 146.8 154 152.4 150.9 149.4 149.4 149.5 149.7 149.8 149.8 149 148.7 149.1 148.5 148.6 153.7 165.7 179.5 190.8 202.1 208 212.1 215.9 220 224.3 230.8 233.9 236.4 243.3 256.8 274.9 288.2 287 302.1 325.1 336.7 342.8 348.8 354.7 362.5 371.3 382 397.1 415 438.5
259.2 265.9 268.2 270.3 270.3 270.4 275.7 277.5 277.9 276.5 272 266.4 260.8 254.6 249.2 244.3 236.1 226.8 219.9 213.7 203 196.5 197.5 185.9 182.9 185.8 181.2 179 170.4 166 162.7 159.3 156.5 154.1 150.1 146.8 153.5 152 150.7 150 149.3 149.3 149.8 149.3 148.5 147.6 147.7 148 148.2 148 156.4 171.2 185 194.6 200.2 205.7 209.7 213.4 218.9 224 228.4 229 242.2 247.3 280.7 288.8 288.3 299.1 321.9 332.6 339.4 344.6 352.9 362.1 371.2 383.3 399.3 420 443.1
272.4 275.7 278.9 281.9 287 291.1 295.7 296.1 295.4 295.7 291.9 286.6 280.4 274.1 267 257.9 250.2 242 231.9 222.4 211.8 203.7 200.5 196.4 185.6 184.7 185.5 183.3 174.7 168.9 165.8 161.8 158.6 155.6 151.4 147.1 148.4 148 152.1 151.2 150.5 149.4 149.2 148.7 148 146.9 147.2 147.5 147.4 147.7 152.6 163.2 176.5 187.9 190.2 197.7 203.3 206.8 212.5 218.6 220.5 224.4 230.2 267.5 282.5 279.8 280.4 298.2 320.8 330 337.2 343.4 349.1 357.7 369.6 383.6 402.9 428.3 444.3
283.3 286.8 290 296 304 308.7 313 315.1 316.4 315.2 311.9 304.6 298.3 290.9 281.8 272.1 261.4 251.6 241.3 231.3 221.1 210.9 204.4 199.9 197 186.2 189 185.5 178.4 169.1 169 164.6 160.6 155.1 150.8 149 147.5 144.8 147.3 151.2 151.5 149.6 148.5 148.4 147.3 146.1 146.1 146.4 147.2 148.1 149.9 158.6 169.8 179.2 187.8 190.9 195.5 200.2 205.9 211.8 213.1 219.8 229.6 246.2 250.2 265.2 284.5 302.6 319.8 327.5 334.4 339.9 346.2 355.9 368 382.5 404.6 433.9 444.9
297.7 301.5 309.2 317.1 324.3 328.7 332.1 333.7 333.6 331 325.7 318.5 311.2 301.5 292.6 283 273.2 262.4 251 239.7 229.7 219.4 208.9 202.9 199.3 196 186.9 190.2 181.2 180.2 172.6 166.8 160.7 157.1 153.7 150.3 149.3 148.8 148.7 147.6 144.6 150.2 148.8 147.9 146.8 145.3 144.6 145.4 146.2 146.9 149.1 155.7 163.2 172.4 179.4 185 190.6 195.4 199 198.8 202.4 217.7 222.7 234.1 247.7 268 284.2 301.8 316.4 324.7 331.6 336.3 344.8 354.4 365.8 381.9 404 435.1 441.7
314.5 319.2 325.8 334.1 339.9 345.6 349 352.2 350.9 347.9 341.5 331.8 324.8 315.2 302.3 292.7 280.9 271.7 260.4 248.2 238.3 227.9 216.6 207.9 202.6 200.3 197.2 187.9 186.6 182.3 178 170.4 164.1 160.6 157.2 153.3 151.8 150.9 151.9 150.5 149.2 143.6 149 148.3 148.2 145.4 144.6 145.3 145.9 146.2 148.7 153.9 160 165 172.9 178.2 184.2 188.6 192.3 199.6 204.9 211.7 217.3 229.4 245.5 266 283.8 300.6 312.9 319.9 327.5 332.3 340.4 350.4 363.9 381.5 404.8 432.8 439.1
330.1 335.1 343.7 352.2 359.8 365.3 369.2 373.8 372.6 365.7 351.5 341.5 332.6 323.2 311.1 298 287.5 278.1 268 256.6 243.9 234.8 225.5 215 210.2 207.1 202 195.1 189.7 187 181.1 178.2 178 165.5 160.1 156.5 154.9 153.2 155.2 153.3 150.3 146.9 145.1 148.6 149.4 148.2 144.8 145.2 145.3 145.5 147.7 153.8 158 161.1 166.8 169.2 176.4 181.7 188.2 191 196.8 206.4 220.2 234.8 251.5 267.2 283.6 300.1 312.1 318.2 322.7 328.5 336.9 348.1 362.3 379.8 402.8 433.4 436.1
342.4 353.1 361.4 372.6 383.1 390.4 390.4 388.6 382.9 372.7 359.1 346.1 336.2 327 316.6 303.7 293.2 282.3 272.2 263.4 250.9 236.9 230.6 225.2 218.8 210.8 201.8 197.5 193.9 190.7 186.3 180.4 181 174.9 163 159.7 156.8 156 155.4 153.2 150.5 147.8 142.4 150.7 148.9 148.9 145.2 145.2 145.5 145.1 146 151.5 155.6 158.4 161.2 165.9 170.1 176.2 182.6 182.8 193.2 206.6 218.3 232.3 250.1 263.7 280.3 296 308.1 313.6 319.3 325.9 333.6 345.5 359.3 377.1 404.3 432.1 434.6
360.6 370 383.4 394.7 398.7 400.6 400 395.5 388.6 376.5 365.4 350.1 338 327.7 319.4 309.4 296.7 285.1 274.9 265.1 257.4 241.4 231.9 228.5 219.9 215.3 209.8 203.9 198.6 193.3 191.3 185.1 180.3 181.5 171.4 163 159.7 157.9 154.4 152.7 150 147.9 145.7 142.8 149.4 147.3 149.3 146 145.3 144.6 144.6 145.2 151.2 154.5 156.5 161.4 165.8 169.8 174.7 178.7 188.8 202 214 227.7 246.1 259.1 275.3 291 304 309.7 316.4 323.3 330.7 342.9 358 376.8 405.4 430 434.6
378.7 387.6 395.3 400.9 403.5 402.2 400.8 395.8 389.8 381.2 370.9 357.2 342.3 328.9 317.6 310 299.6 282.7 272.6 263.1 250 243.3 237.3 232 228.6 221.5 214.5 208.6 203.2 197.9 192.6 191.7 185.8 186.3 182.8 168.5 161.4 158.6 155.6 152.7 150.5 148.4 146.2 142.1 149.9 148.2 149.7 146.1 145.5 144.9 144.1 144.3 144.9 150.7 152.2 156 161.4 166.2 169.4 174.1 183.5 195.7 208.4 223.7 242.6 255.8 270.8 285.7 298.7 306.5 312.9 319.9 327.6 340.2 358.1 379.5 413 428.8 438.8
383.9 392.2 397.7 400.6 401.4 402.4 401.4 396.3 392.6 385.1 374.5 360.3 348.2 333 319.7 308.6 290.6 278.4 268.7 260.1 250.8 250.4 243.7 237.3 231.2 225.4 219.5 213.4 207.9 202.3 197.1 192 191.1 190.6 188 176.2 166.9 159.8 157.8 154.4 151.1 148.9 146.7 144.4 144.2 148.6 155.9 146.7 145.6 144.6 144.1 143.8 144.3 145.5 148.5 151.7 157.8 163.9 162.5 170.5 179.8 193.2 206.8 221 237.7 251.1 265.9 280.9 291.8 299.5 308.7 316.6 324.9 339.3 359.5 382.5 418 430.3 439.3
386.6 393.2 399.4 401.1 403.4 403 402.3 398.5 395.4 389.5 376.8 359.7 346.8 334.1 323.1 306.4 292.8 280.6 269.6 262.8 259.1 253.2 246.7 240 233.5 227.6 221.5 216.4 210.6 205.8 202.9 199.8 192 191 187.9 182.1 169 164.3 162.1 154.8 150.2 148.1 147.7 144.6 142 149 155.8 146.2 145.1 144.7 144.4 143.9 144.3 144.4 146.3 149.9 162.3 163.2 163.9 164.8 175.4 188.9 200.2 216.3 232.4 245.2 261 275.8 286.4 295.3 305 313.4 323.3 339 360.8 385.7 418.7 429.8 440
392.6 397 400.4 402.3 403.8 403.5 401.8 398.1 393.9 388.6 380.5 358.6 347.5 335.2 322.2 308.7 297.3 288.2 276.8 269.8 261.8 257.7 249.7 244.1 235.7 229.1 223.2 218.9 213.9 209.3 206.4 203.4 199.6 191.6 188.5 181.2 173.6 169.5 167 160.8 154.5 152.6 149.3 146.4 142.5 147.8 149.1 146.3 145.3 144.9 144.4 143.9 143.9 144.6 146.3 157.8 162.6 162.9 163.3 163.9 167.3 179.8 192.3 211.4 224.5 239.6 254.1 268.8 283 291 300.3 308.8 321 339.6 360.8 386.6 418.2 432.5 441.8
399.2 402.6 403.8 404.9 404.1 403.8 400.2 395.6 391.5 385.2 378.1 361.8 350.2 338 324.6 315.4 306.6 297.5 287.4 281.5 274.9 269.8 262 253.5 243.4 235.7 227.5 222 217.4 212.8 210 204.4 202.1 195.6 191.3 183.8 171.6 169.3 168.5 164 160.7 157.4 154.8 150 144.7 142.9 148.4 147.2 145.9 144.5 143 145.1 144.4 151.1 160.7 162.2 162.4 162.2 162.6 163.2 164.4 171.6 181 197.2 212.4 234.9 248.4 261.5 274.7 285 295.4 305.9 320.8 337.1 359.7 388.9 415.5 432.4 443.7
403.4 406.3 407 407.6 406.1 404.9 399.8 396 391 380.7 372.5 362.9 354 342.6 335.5 326.5 317.3 308.3 301.2 295.4 290.5 285.4 277.3 268.8 258.3 247.1 237.3 227.7 221.1 216.3 211.3 206.2 202.5 196.9 192.8 190.4 183.8 174.4 170.6 167.2 163.4 160.3 159.5 156.9 157.1 143.6 143.8 147.3 146.4 145.8 145.3 146.2 145.5 145.2 157.4 161.7 161.8 161.9 161.9 162.5 163.3 164.6 172.2 189.5 213.1 229.8 242.3 254.8 270.2 279 289.6 301.9 317.2 335.9 357.5 388.9 414.8 429.5 440.4
410.6 411.1 414 413.3 411.8 408.8 404.5 398.6 392.9 382.7 373.2 366.7 359.6 353.6 347.3 340.6 333.7 325.2 318 311.6 304.2 298 290.3 282.3 272.3 260.8 249.6 239.8 231.7 222.4 216 209.4 203.9 200 195.6 191.4 189.8 184.5 178.3 173 167.3 164.7 164.2 163.3 162.3 156.2 142.2 143.8 147 146.4 145.7 145.5 145.1 145.1 148.1 160.4 161.4 161.4 161.5 161.6 162.3 163 173.7 188.1 207 223.1 236.1 248.7 262.7 273.7 285.1 297.6 310.9 333.9 356.6 387.3 408.5 425.7 436.3
423.2 423.5 423 422.2 421.1 419.1 413.2 405 397.7 389.1 381.6 376.1 370.2 363.4 359.2 354.5 349.6 342.2 334.9 328.5 324.6 317.4 306.7 295.3 286.4 277 263.9 252.2 242.5 232.3 224.9 217.8 212.9 208.4 199.9 192 191 189 186.5 180.1 173.3 169.6 169.2 174.8 167.5 161.6 151.7 140.4 143 146.5 146.1 145.6 145.4 145.8 145.8 151.1 161.5 161.1 160.7 161.3 162.1 162.7 166.1 179.1 195.7 217 230.8 243.3 258.8 269.6 279.9 291.6 305.7 329.2 352.7 385.4 404.4 419.1 430.8
430.7 431.6 431.6 432.7 433 431.6 425.5 420.6 411.3 403 395.3 388.8 383.6 377.2 371.6 366.5 361.7 357.3 350.4 343.6 337.5 330.4 320.1 312.7 303.8 290.6 277.4 264.2 253.2 242.3 233.1 226.4 221.6 214.6 207.2 203.2 198.3 195.3 189.7 185.9 183.4 179 176.5 179.8 177 170.5 164.2 157.9 142 142.2 146.4 146 145.6 145.7 145.3 145.3 152.8 160.6 160.8 161.5 161.9 162.5 163.1 173.8 189.8 209.5 224.5 239.1 254.3 265.3 275.7 286 301.4 324.1 345.3 379.1 398.9 408.2 421.4
438.7 441.6 443.6 444.8 444.8 442.3 437 431.5 425.1 419.6 412.3 404.6 396.9 392.1 386.8 378.9 373.3 368.5 363.3 357.9 352 342.3 331.6 321.5 314.2 304.4 291.5 277.2 265.2 254.4 242.2 234.6 228.4 219.7 218.7 213.6 208.5 203.3 195.9 193.1 187.4 182.7 182.3 181.6 180.5 176.8 169.1 166.1 161.8 151.2 139.4 146.4 145.9 145.1 144.8 144.8 144.8 153.2 156.9 161.7 162.4 163.3 163.6 167.2 180.4 200.7 218 231.1 246.5 259.1 270.2 281.3 298.8 316.7 337.4 363.4 391.9 396.7 411.9
448.2 454.6 460.9 460.1 460.3 456.1 449.5 442.9 436.6 431.5 425.5 419.9 413.8 410.9 404.1 395 386.3 379.6 374.4 368.1 361.7 355 344.9 333.8 323.4 311.8 302.3 290.8 278.7 266.7 252.6 241.8 233.6 230.7 227 223 219.8 217.3 212.6 206.3 199.9 191.9 183.9 182.5 181.5 178.7 177.1 172.2 164.6 161.9 149 139.4 146.3 145.1 144.3 144.2 144.3 143.5 142.4 147.8 161.4 163.9 165.3 163 173.3 191.9 211.8 227.6 239.8 255.5 266.2 276.9 292.9 311.1 329.7 353.5 382.2 388.2 403.3
