STL Generation/terr50_gagg_gb/data/SO10.asc
ncols 200
nrows 200
xllcorner 310000
yllcorner 200000
cellsize 50
[rows 0 to 34 of 200, columns 0 to 77 of 200]
376 372.5 368.8 361.8 355.8 350 347.7 344.5 335.9 330.7 344.6 356.1 365.7 372.3 377.3 375.2 372.6 370.9 366.3 373.5 375.1 372.8 371.2 370.8 369.5 370.8 371.5 375 375.8 376 373.8 366.2 373.6 376.9 379.2 380.6 381.7 380.1 383 383.9 382.9 382 381.5 381.6 381 379.3 377.7 376.3 374.3 372.9 371 369.8 368.7 367.9 367.6 368.2 369.1 367.6 367.6 367.6 370.3 365.8 361.5 359.5 358.3 357.2 351.4 349.5 347.6 345.7 344.2 339.3 337.1 332.5 328.2 326.1 323.6 324.3
379.7 376.3 374.1 367.8 358.1 349.6 346.4 343.9 335.1 330.5 335.9 355.1 364.4 370 372.7 372.5 373.2 370.6 363.6 366.9 368.7 366.8 366.7 367.8 367.1 362.7 368.2 372.3 374.2 370.8 364.8 372.9 376.5 379.7 381.3 380.7 379.2 381.9 386.2 387.5 387.8 386.8 385.7 385.1 384 384.7 383.6 381.3 379.2 377.6 375.4 373.5 371.8 369.9 367.6 367.6 367.6 368.5 367.6 367.6 367.6 368.8 363.2 360.4 358.9 358.8 358.2 350.4 348 347.2 346.1 343.4 338.8 336 330.5 326.6 325.4 325
380.2 377.3 374.6 370.1 358.5 350.2 345.3 342.6 337.1 327.7 334.1 352.1 360.7 364.7 367.7 369.2 368.5 366.7 361.3 359 361.9 363.2 362.6 363.4 362.8 360.7 364 368.9 361.3 365.1 374.8 376.9 379.9 381.2 379.9 378.6 380 383.1 386.8 390.4 391.6 391.1 391.4 390.5 389.7 390.7 388.4 385.8 383.4 381.5 379.8 377.3 374.3 372.2 369.6 367.6 367.6 367.6 367.6 367.6 367.6 367.8 365.2 362.2 360.7 359.1 358.5 358.4 351.6 347.8 346.6 345 340 337.8 332.8 327.2 325.9 324.9
377.6 375.7 371.1 367.7 358.6 351 344.7 342.3 338.2 327.9 331.3 345.8 355.3 359.1 360.9 362.3 363.5 361.3 359.1 356.3 357.8 359.6 357.7 358.4 359.5 360.8 358.8 359.9 369.1 373.3 377 380.1 382.4 379.8 377.8 378.1 379.1 383.7 389.4 392.3 393.8 394.5 395.4 395.7 395.3 394.6 392.8 390.2 387.8 386.1 384.9 383.7 381.4 378.8 376.7 375.1 374 373.1 372.1 370.8 368 367.6 366.6 363.7 362.2 360.8 358.8 357.7 355.2 351.2 348.5 346.4 343 339.2 335 329.6 326.6 325.4
376.4 371.7 369.8 365.1 357.4 351.1 345 341.6 339.9 331.1 323.5 336.8 347.7 353.8 355.4 355.8 357 357.4 355.8 354.8 356.1 358.2 357.6 356 353.9 355.9 362.3 367 370.9 375 378.4 380.7 382.6 377.3 376.2 376.5 378.3 384 389.8 393.3 396.2 397.7 398.4 398.7 399.1 399.1 396 393.9 392.3 390.2 389 386.9 384.9 383 381.5 380.6 380 379.6 379.1 378 375.2 372.9 369.6 364.8 363.5 361.8 361.5 361.4 359.8 357.4 354.2 350.2 346.6 342.6 338.5 334.5 330.8 328.3
374.2 371 368 362 354.7 349.8 345.1 341.6 339.6 334.8 324.6 323.4 338.3 345 350.1 349.8 351.3 353.4 352.6 352.7 352.8 350.2 350.2 351.2 353.6 358.4 364.1 369.2 372.7 375.5 377.6 379.2 377.1 375.5 374.4 374.7 377.5 384.4 390.3 394.9 398.2 400 401.8 401.9 401.1 398.7 396.8 395 393.7 392.5 391.1 389.1 387.6 386.3 384.8 384.1 383.4 383.1 382.6 380.5 380.9 382 379 375 369.4 364 363.7 363.3 363.3 364.1 363.8 359.3 355.5 352.5 344.5 339.5 334.7 330.2
372.5 369.2 366.2 361.7 354.2 347.9 343.1 340.4 339.2 337.5 323.9 321.1 329.2 342.1 345.4 343.7 344.2 342.6 343.5 345.1 348.1 355.1 358.6 360.5 351.2 355 361.9 367.5 372 373.8 375.7 375.2 374.2 373.3 372.8 373.9 378.2 384.8 390.7 395.6 399.6 402.7 404.6 403.9 402.6 401.9 397.8 397.1 396.7 395 393.1 391.2 389.5 388.4 387 386.4 385.8 387.1 387 383.4 384.5 392.3 389.7 387.1 383.2 379.4 374.6 368.8 364.1 364.4 364.9 365.5 358.8 356.5 347.2 342.7 337.7 332.5
370.3 366.8 364.5 360.1 356.5 350.7 345.4 342.1 339 335.8 333.9 334.5 335.3 336.1 337.1 338.9 339.3 341.4 343.6 346.5 350.2 350.1 352.7 353.8 360.1 355.7 357.3 364.8 370 372.8 372.1 371.6 371.4 371.2 371.1 373.9 379.4 385.5 391.2 396.2 401.3 406.2 407.9 406.6 405.4 404.1 403.1 402.4 401.1 400 398.7 397.3 396 395.1 394.5 393.7 391.9 393 395.2 390.2 389.3 397.1 396.4 398.5 396.6 393.2 389.8 383.6 377.4 371.3 365.2 365.2 363.4 356.6 354.2 343.6 340.2 334.2
367.4 364.6 358.7 352.3 348 345.4 345.7 342.6 335.2 333 333.2 334.1 325.7 331.8 332.9 332.3 334.8 337.7 341.6 344.8 347.2 349.3 345.2 344.7 348 352.3 352.6 357.4 364.4 367.4 368.3 368.1 368.3 368.7 369.2 374.7 380.6 386.3 391.8 397.3 403.9 410.1 412.9 413.4 410.5 408.1 407.5 405.2 405.3 405.2 405 404.2 403.5 402.7 402 400.8 398.9 399.9 401.5 400 398.1 395.4 392.3 391.7 394.4 398.9 399.1 395 390.8 383.6 374.5 370.5 365.1 356.6 356.4 347.7 340 336.2
364 359 354.4 359.6 351 345.1 336.3 334 338 338 330.5 321.2 317.6 327.9 330.1 329.6 332 331.8 342.8 344.4 347.1 348.7 344.7 340.1 347 349.7 351.7 354.5 358.5 362 365.1 364.8 366.3 367.5 369.7 376.1 381.4 386.9 392.4 399.1 407.7 413.8 418.3 419.6 418.2 416.6 412.7 409.2 405.9 405.9 405.9 405.8 405.8 405.7 405.6 405.5 405.5 405.4 405 404 402.8 401.7 398.5 398.7 397.4 399.9 403.8 401.3 398.4 387.3 380.4 375.9 371.6 365.1 357.8 350.7 344.3 337.5
360.2 358.4 357 347 339.8 337.1 341.7 341.3 335.7 333.7 330.1 324.1 315.8 319.1 324.9 328.1 329.6 330.6 341.5 343.4 346.5 347.2 341.9 338.7 347.8 352.9 355.5 358.1 360.3 363.1 363.7 364.1 365.9 365.1 371.4 377.8 384 388 386.6 399.4 409 416.4 420.3 422.2 422.9 420.1 418.6 411.8 412.7 411.1 411.2 410.9 410.2 409.1 407.4 405.8 405.7 405.7 405.8 405.9 405.6 405.8 405.8 406.1 405.5 403.7 405.2 404.5 400.6 390.9 379.1 377.3 374.5 369.1 360.8 353.2 346.2 338.8
357.8 352.1 342.7 341 341.4 340.8 340.2 339.1 336 333.4 327.1 324.2 309.9 316.4 323.1 324 328.5 333.4 338.2 340.8 342.4 342.5 338.9 336.9 348.4 355.5 359.1 360.9 362 362.6 362.9 363.2 363.1 364.5 372.3 379.3 384.3 384.8 390.3 398.2 406.8 414.1 419.7 423.8 423.8 420.8 416.8 416.4 415.5 415.5 416.7 417.4 417.4 416.7 415.5 414.3 412.8 411.1 409.5 408 406 405.6 406.2 406.3 406.2 405.6 402.4 402.8 402.7 394.8 383.9 374.1 370.3 366.8 364.7 356.9 347.5 342
345.3 344.1 342.9 342.7 339.3 339.3 336.1 339.2 333.4 328.2 324.7 321.9 311.7 313.2 321.8 317.5 320.7 330.1 334.7 336.7 337.7 337.8 335.4 336.4 348.6 357.4 360 360.6 361 360.8 361.1 362.3 362.5 368.5 374.4 378.6 383.7 382.7 391.8 397.1 403.1 411.2 416.8 419.7 420.5 419.6 419 422 424.8 424.7 424 425.2 424.9 423.1 422.6 422 421 420.5 418.3 416.4 414.1 413.5 413.5 412.6 410.4 407.9 406.3 403.7 402 396.3 391.4 378.8 369.2 365.4 365.4 360.7 351 345.3
344.3 340.8 337.5 338.4 335.6 333.3 331.7 329.6 327.9 325.6 323 321 319.7 306.9 319.6 315.2 324.9 326.6 331.6 333.7 333.8 333.1 330.1 338.4 351.4 358.9 359.8 360.3 360.3 359.5 362 362.8 365.8 371.3 375.4 379.8 384.4 387.9 391.8 396 400.2 406.3 410.7 412.8 413.9 416.4 420.4 424.2 428.2 431.2 432.5 434.3 433.1 432.2 432.1 431.3 431.4 429.9 424 421.8 419.5 419.1 420.9 420.9 419.8 417.5 413.8 407.2 402.1 397.5 392.9 388.1 373.3 365.7 362.3 360.8 348.5 342.6
338.4 337 333.5 333.7 331.5 331 329.3 327.5 326.3 324.1 321.3 318.7 310.2 306.1 305.3 307.7 319.1 324.1 330.1 332.4 332.4 331.6 329.1 341.5 353.1 358.5 359.4 359.9 358.2 360.5 362.5 363.9 367.7 371.6 375.7 379.1 380.9 389 391.5 395.6 400.2 402.4 404 409 414.6 418.8 422.1 425 429.3 434 437.9 439.3 440.5 442.3 441.7 441.7 442.5 439.9 432.2 426.3 422.1 421.1 421 420.4 417 414 409.7 405.3 400.5 395.9 391.6 386.5 381.3 366.5 361.2 359.3 351.4 346.4
333.1 329.2 327.2 329 328.6 326.3 326.9 326 324.9 323.2 320.7 318.6 315.6 313.2 306.8 303.1 308.6 322.6 327.6 329.7 330.6 328.1 332.2 342.2 351.9 357 358.7 359.6 357.4 360.1 362.3 364 367.3 370 373.9 377.8 383.2 388 391.2 395.3 395.4 399.5 407.6 412.3 417 419.9 424 426.3 429.3 436.2 441.8 446.2 447.9 448.6 447 446.9 446.9 444.7 441.1 435.4 429.3 426.9 423.2 418.5 415.7 412.5 407.8 402.1 397.3 392.7 389.4 385 381 370.7 358.5 356.9 352.1 345.8
328.1 327.4 324.9 324.9 324.9 324.9 325.1 323.5 322.8 322.1 321 320 316.8 313.7 307.1 304.5 302.5 317.3 322.8 324.8 325.8 320.7 334.1 340 345.4 353.4 356.8 358.3 355.4 358.5 360.7 362.2 365.9 368.5 372.7 375.9 381.9 386.2 390.4 392 395.9 401.5 407.5 413.4 418.6 422.4 425.8 428.2 431.3 440 449.5 452.6 453 452.8 451.6 451.4 449.7 447.7 446.8 443.5 436.7 428.3 426.1 421.4 416.6 412.3 407.6 400 394.7 390.4 386.8 383.7 379.8 374 357.4 352.6 349.8 344.5
324.9 324.9 324.9 324.9 324.9 324.9 326.1 321.5 321.3 320.9 320.8 320.8 317.3 313.9 306.1 305.2 298.1 311.8 319.4 318.7 315.8 326.1 337.2 338.8 341.5 349 353.4 355.1 353 356.2 357.4 359.7 363.7 369.3 372.7 373.3 379.1 384.7 386.8 388.6 395.9 401.7 409.3 414.1 419 423.1 425.7 428.1 436 445.6 452.8 452.3 452.6 451.5 450 450.3 448.9 447.7 447.6 445.5 440.2 436.1 427.7 420.9 417.3 411.6 409.9 401.5 395.2 389 383.6 380.1 378.1 372.4 359.4 346.3 345.2 341.5
324.9 324.9 324.9 324.9 324.9 326.2 319.2 318.4 317.9 319 319.8 318.5 316.1 313.8 304.9 303.5 295 301.5 306 309.5 319.7 332.2 337.7 339.3 342.5 346.1 348.6 350.4 351.5 352.8 354.7 357.4 362.8 368.6 371.7 372.2 378.4 383.2 383.7 388.3 395.7 403.7 410.4 414.9 418 420 423.5 430 438.8 449.9 452.9 452.3 452.3 451.2 448.6 445.1 442.6 441.1 440.9 440.3 438.9 436.9 431.2 424.5 417.7 413.1 406.4 400.3 395.4 390.4 381.6 378.1 376.7 374.6 362.6 345.3 342.6 340.1
324.9 324.9 324.9 322.9 318.6 317.6 316 314.4 315.5 316.3 317 315.4 313.6 312.4 303.4 300.7 295.9 298.1 306.5 321.1 323.5 331.4 335 340.4 342.4 344.8 346.6 347.8 347.9 348.8 350.8 354.6 361.5 365.6 368.3 369.3 376.9 381.1 383.2 390.9 398.5 408.5 411 413.6 415.2 419.9 425.5 433.1 441.9 450.8 453.3 453.6 452.7 452.4 450.7 447.9 444.3 440.8 437.7 435.9 435.1 433.6 432 427.7 420.9 415 407 399.1 396 389.4 382.9 377.1 374.7 372 368.5 346.5 344.2 341.9
325.8 319.5 318.7 317.6 315.7 315.1 313.3 311.5 311.5 312.5 313 313 311.2 307.2 302.5 300.7 295.9 303.3 315.7 321.6 324.4 330.3 335.1 338.4 341.3 342.8 343 343.7 344.3 346.3 350.3 352.7 356.9 362.7 365.2 369.3 375.7 381.9 388.7 392 398.7 405.5 408 413 418 422.2 427.8 437.5 447.8 452 453.9 456.4 454.2 451.6 450.7 449.1 447.4 444.6 439.7 435.6 432.9 431 428.6 423.6 422.2 415.8 410.2 401.8 393.8 389.2 385.3 377.8 376 376.1 375.4 360.8 349.3 343.8
317.1 311.1 314.1 316.5 313.2 312.8 311.1 309.4 307.4 309.1 311 310.7 310.1 305.5 300.3 298.3 294.2 305.4 313 320.9 324.1 328.5 332.8 336.1 338.3 339.4 339.1 339.7 341.3 345.8 350.1 353.1 357.1 361.7 367.2 371.4 382.2 390.7 397.4 397.1 401 407.1 412.8 417.2 421.4 425.2 432.3 441.8 449.9 452.9 455.2 454.6 452.1 449.8 448.5 448.3 446.4 443.9 441.1 438 435.1 430 423.9 419.8 419.1 414.4 408.3 401.8 395 387.9 384.1 377.4 376.6 376.2 376.1 371.7 357.5 347.5
316.8 312.9 305.4 313.5 311.1 309.6 309.4 308.5 306.9 305.1 306.9 308.7 308.8 305.6 300.2 294.5 296.1 308.7 310.6 318.2 321.3 326.2 330.5 333.9 335.1 335.8 335.3 336.5 339.9 344 348.5 351.9 356.6 362.4 370.7 378.1 389.8 396.5 401.1 404.2 408.8 413.3 417.8 420.9 424.2 429.1 436.5 445.1 450.9 451.8 453.3 452.9 450.5 448.1 446.6 447.1 445 442.9 440 435.8 433.7 429.8 423 418.8 413.6 411.4 405.7 398.9 391.7 385.1 379.5 377 375.8 375.2 371.9 365.8 354.8 352.4
313.9 306.7 306.2 305.3 300.9 299.7 304.2 307.3 305.8 301 303.1 305.3 305.9 306.5 301 293.8 298 310.7 312.5 315.5 318.9 323.6 328.4 330.6 331.5 331.8 332.1 335.5 339.1 343.4 346.5 350.2 357.7 366.9 375.3 385.1 394.2 400.5 403.9 407.4 412.3 417.1 419.9 422.9 426.8 434.1 440.6 446.6 449.6 451.7 453.7 451.4 448.9 446.3 443.7 444.7 443.5 442 439.7 436.2 431 426.8 420.4 416.2 410.3 407 400.5 394.1 388.6 382.7 377.1 376.6 372.2 362.3 356.1 357.4 353.9 350.8
309.6 308.7 317.4 307.8 302.1 300 300.4 300.4 299.8 299.1 299.1 301.7 303 303.7 302.4 292 296.6 312.6 314.6 315.4 316.6 320.7 325 326.4 326.7 326.9 331.4 334.7 338.1 341.2 346.1 352.4 360.3 370.6 380.9 392.1 394 395.7 403.5 409.8 416.1 421 422.2 425.5 432.6 438 444.7 446.7 449 453.2 451.8 448.4 446.2 444.6 442.6 442.5 442.4 441.9 441.1 438.8 433.3 427 419.8 414.7 409.4 401.4 396.8 391.1 386.5 383.5 380.2 372.3 362.2 352.2 351.7 352.2 350.3 338.6
320.4 318.1 315.6 314.3 311.3 305.3 301.3 296.6 297.9 296.1 295 297.6 298.8 300.8 300.6 288.2 295.2 312.4 314.3 315.6 316.5 318 321.1 321.8 322 324.6 328.1 333.1 335.9 342.5 349.3 355.9 364 375.3 381.7 385.9 394.5 399.6 406.4 411.6 417.7 423 423.9 431.6 437.4 442.9 444.1 445.7 449 451.9 448.9 445.4 442.3 441.6 441 441.4 441.9 442.3 441.6 439.7 435.3 428.9 420.7 415.8 411.3 402.4 397 393 386.7 379.6 373.7 367.6 360.8 354.6 348.8 343.5 339.4 337
326.3 323.4 322 318.5 315.7 313 307.9 304 301.2 299.1 293.5 294.4 295.6 295.9 294.6 283.8 292.8 309.1 313.3 315.8 316 316.6 317.8 318.3 320.4 321.9 325.5 330.1 336.5 344.1 352.2 358.8 363.9 370.8 379.8 388.9 397.4 402.8 408.7 413.6 418.8 425.7 430.5 434.2 440.3 442.2 443.6 446.8 450.4 448.6 445.2 442.1 439.9 440.5 441 441 442.3 442.6 441.8 439.7 435.8 430.8 424.2 418.8 414.1 407.5 400.4 395 390.3 384.2 379.3 373.4 364.6 359.3 351.9 345.7 342.3 342.6
330.5 328.8 328.2 325.6 322.7 319.6 314.7 309.8 307.2 304.8 297.3 292.2 292.1 288.8 290.1 284.6 290.3 298.1 313.2 315.9 313 314.2 315.6 317.3 319.3 320.2 323.9 329.1 335.8 343.7 352.1 357 361.8 371.2 380.8 390.5 397.9 402.7 409.8 415.4 420.2 429 433.9 437.1 439.8 441.7 443.5 447 445.9 444 440.6 438.3 436.3 439.2 441 441.9 442.1 442.1 440.6 440 436.7 432.5 427.5 423.2 420 413.9 407.7 402.8 398.3 392.6 388.3 381.8 373.8 366 359.6 350.1 348.7 343.9
336.3 334.6 334.6 332.8 329.8 326.1 320.7 315.3 311.2 308.6 302.6 294.7 291.2 287.6 288.7 282.1 289.6 296.8 304.5 307.9 309.6 310.7 312.4 313.7 316.9 318.6 321.7 327.9 333.8 341.5 348.8 351.7 360.9 370.2 378.8 386.2 391.8 399.8 409 415.8 421.2 429.1 433.7 436.3 438.5 441.2 442.3 442.1 440.6 438.9 436.5 434.2 434.9 439.5 441.1 441.1 441.2 441.2 439.9 439.1 435.6 432 429.8 425.4 420.8 416.1 411.9 406.5 400.3 394.9 390.7 385.4 376.3 370.1 363 355.6 349.4 344.8
341.6 341.2 340.9 339.3 335.6 331.3 324.8 318.8 314.4 311.1 304.8 295.3 293.1 288.1 280.4 282.4 290.6 296.3 302 305.1 305.9 306.9 309.3 310 311.3 313.3 320.1 326.2 331.9 338.6 345.8 347.3 357.4 364 370.8 378.7 388.9 399.9 407.4 415.9 423 431 431.5 433.1 434.1 441 440.9 438.6 436.8 434.6 432.1 433.8 435.8 437.6 439.6 441 441 441 441 438.8 435.4 432.2 429.7 423.2 419.2 415.6 411.5 407.7 400.6 395.4 389.5 385 377.4 371.6 363.7 352 348.6 345.4
346.7 345.9 343.6 343.3 341.8 336.4 329 323 317 311.3 304.9 298.3 298.6 287.8 284.1 286.5 291.5 295.3 300.7 303.1 303.2 303.5 306.4 307.3 307.5 310.1 318.4 324.4 330.5 337.6 341.5 344 352.1 356.5 367.3 378.9 388.5 397.6 406.2 414.8 422.7 428.4 431.1 429.8 436 440.2 437.7 435.5 433.3 431.1 430.7 431.2 432 433.9 437.3 439.9 441 440.9 439.8 437.3 435.4 433.3 431.2 426.5 420.5 416.2 411.2 405.4 399.5 395.4 389.5 383.8 377.3 372.2 363.7 353.3 348.6 345.7
351.5 350.3 349.6 349.7 347.4 341.8 331.4 323.5 315 311.6 305.1 299.1 299.3 290.3 285.1 286.3 290.1 292.9 299 299.2 299 300.9 303.5 305.4 306.6 309.7 316.7 324.7 330.1 339.1 340.9 340.4 348.2 358.2 369.4 378 386.7 394.2 402.1 410.3 421.7 425.7 428.1 426.8 431.9 436.1 434.4 432.2 430.1 429.7 429.6 429.4 429.2 431 434.6 438.2 440.2 438.4 436.4 434.3 432.3 431.2 431.1 426.4 421 416.2 410.9 405.9 400.3 396 391.5 384.3 377.6 372.2 363.7 354.2 349 345.9
356.8 357.1 356.8 354.8 351.4 345.2 336.3 324.8 313.3 312.2 305.6 299.3 300.8 296.2 285.6 277.5 288.3 290.9 294.5 295.4 296.2 298.3 301.4 304 304.7 307.4 316.8 325.9 334.3 339.7 339.6 337.8 347.6 358.9 366.6 375.1 382 389.2 397.2 407.3 420.4 422.6 424 424.4 429.5 431.5 430.8 429.4 428.3 428.3 428.2 427.9 427.4 428.4 431.8 434 436.3 435.1 432.9 430.8 428.5 429.1 427.8 425.8 420.8 416.8 410.8 405.1 400.3 396.3 391 385.9 379.9 373 365.5 356.7 348.9 343.8
363.4 362.5 360.5 358.7 354.4 347.9 339.1 329.1 318.7 310.7 306.3 299.6 299.8 300.5 287.5 279.5 282.8 289.5 291.4 292.7 294.5 296.3 298.6 301.2 302.5 308.8 316.4 324.8 332.8 339.2 336.2 334.6 344 353 362.5 370.5 376.8 383.7 391.8 403.1 414.8 418.5 419.7 420.7 426.1 429.1 428.4 427.3 426.9 426.9 426.9 425.3 424.9 425.6 428.4 430.8 432.1 431.3 428.9 426.5 424.7 424.2 422.8 421.5 420.4 417.1 412.1 406.7 399 395.6 390.8 386.6 382.2 374.1 368 360.6 353.7 347.7
370.3 369.2 364.7 360.9 355.5 349.4 340.9 333.7 324.2 313.4 306.9 299.9 299.9 300.5 292.3 283.2 278.6 285.4 287.8 289.9 291.9 293.8 295.7 298.2 301.4 306.8 314 321.5 328.6 335 332.1 332.5 338.7 345.8 355 362.6 369.1 376.1 385.5 395.6 406 412.7 415.2 415.8 420.9 425.3 425.5 425.3 425.6 425.7 425 422.7 423 423.1 425.1 427.6 428.3 426.7 424.6 422.5 420.8 419.4 418.6 417.8 417 415 412.3 410.1 400.8 396.9 393.7 387.9 383.5 376.3 371 364.8 360.2 353.3
