STL Generation/terr50_gagg_gb/data/SO20.asc
ncols 200
nrows 200
xllcorner 320000
yllcorner 200000
cellsize 50
[rows 140 to 174 of 200, columns 78 to 155 of 200]
444.8 445.3 446 446.2 446.2 446.8 448.1 449.3 450 450.6 451 451.4 451.7 452.1 452.3 452.5 453 452 450.8 450.8 449.7 448.5 447.1 445.4 442.4 437.1 427.5 416.5 390.3 365.4 344.3 334.9 318.5 316.9 309.3 299.8 293.5 291.8 289.6 286.8 282.5 282.9 277.9 274.3 270.5 262 261.3 260.5 257 255.5 253.1 250.8 245 241.9 237.8 230.3 218.6 204.6 189.6 181 173 166.4 160.7 162.2 187.5 190.5 223.4 230.5 236.4 243.3 250.2 258.2 266.6 272.1 274.1 277.9 281.1 284.2
438.1 438.4 439.6 440.5 440.6 441.8 443.1 444.2 445 445.8 447.1 448.3 449.5 449.9 451.2 451.4 452.5 451.3 451.1 451.1 448.9 449.4 450 449.2 448.9 445.8 439.6 431.5 422 383.6 362 350.5 349 338.4 324.9 315 305.3 298.4 295.2 291 288.5 287.6 286 281.3 276.7 267.5 266.3 264.2 258.7 256.8 254.2 251.4 248.3 239.9 236.1 229.1 214.9 197.1 187.1 177.6 171.4 164.5 159.7 168 186.4 212.6 223.6 229.6 235.8 242.4 248.9 256.1 263.6 267.7 271 274.2 277.4 280.6
430.3 431.9 433.1 434.3 435.4 436.7 437.7 438.8 439.6 440.6 441.9 443.1 444.3 445.8 448.5 449.8 450.6 450.9 450.3 450.2 449.1 449.9 450.2 450 448.9 447.1 444.3 438.3 431 418.3 396 390 369 353.6 342 329.8 320.5 310.9 303.1 296.5 293.9 293.1 291.7 287.6 284.7 276.6 269.8 265.5 260.1 257.1 254.1 250.9 246.5 239.8 234.9 228.7 215.9 203.3 184.9 176.6 169.3 160.5 158.7 170.5 182.7 213.8 222.8 229.1 234.5 241 247.5 254.3 259.8 263.9 267.2 270.4 274.2 277.3
423.5 425.1 425.1 427.5 430 431.1 431.9 433.5 434.2 435.4 436.6 437.8 439 441.2 444 445.7 447.5 447.6 448.1 448.4 448 448.3 449 448.5 446.9 445.1 442.7 438.2 435.7 428.1 417.7 403.4 383.7 367 356.7 345.6 334.1 324 314 305.5 300.6 299.1 296.9 289.6 288.4 284.7 277.6 269.6 263.5 256.9 253.7 249.6 245.4 237.8 235.5 225.5 214.8 203.2 184 174.5 168.3 154.9 157.8 173.2 194.2 213.6 221.9 227.9 233.3 239.5 245.7 250.9 255.8 259.9 263.3 266.5 271.1 274.2
413.8 415.5 418 420.2 422.3 424 425.3 427 428.2 430.1 431.3 432.5 433.8 436.6 439.3 440.5 441.6 442.3 443.3 445 445.3 446.3 445.4 443.6 441.8 439.9 438.6 436 433.6 428.5 420.6 410.8 395.2 381.2 367.8 361.3 349.7 338.3 327.4 316.9 308.4 304.1 302.4 298.6 292.2 289.4 282 276.2 265.8 258.7 252.9 248.8 243.8 239.4 232.7 224.2 214.4 202.8 186.3 172.9 166.5 155.4 157.6 172.8 194.6 212.8 220.2 226 231.2 237.2 242.6 247.6 251.9 255.9 259.3 263.3 268 272.2
403.4 406.2 410 412.6 414.6 417.1 417.7 420.1 422.3 424.1 425.9 427.2 429.2 431.4 433 434.3 435.7 436.7 437 438.7 438.4 439.2 437.9 435 433.7 432.3 430.2 428.9 427 423.4 417.5 411.6 401.4 390.3 376.4 368.2 361.1 351.2 339.8 327.9 317.8 308.9 305.2 302.3 296.9 287.1 288.6 276.5 268.4 259.9 252.7 247.9 243.2 239.6 231.5 223.2 214.2 201.4 184.9 172.6 165.1 153 157.3 179.8 200.3 210 218.3 223.8 228.2 234.2 238.7 243.4 247.8 251.8 256.4 261.6 265 270.1
387.3 396.9 401.2 404.5 406.7 408.5 408 412.2 414.8 417.1 419.3 421.6 422.9 424.4 426.1 428.2 429.5 429.4 429.9 430.5 429.6 427.7 423.8 421.4 419.3 416.2 415 412.5 412.2 410.4 410.9 407.1 401.8 393.7 383.1 375.3 368.2 361 353.2 337.3 327 316.2 309.3 305 301 295.2 286.6 286.2 273.9 261.3 252.4 245.4 242 239.3 232.1 222.5 213.4 198.7 183.9 169.3 162.6 152.2 158.5 174.8 193.4 207.1 214.7 218.7 222.1 229.5 233.7 238.2 244.1 248.5 254.2 259.1 262.4 266.7
375.5 388.6 392.4 395.6 396.7 398.7 398.4 403.3 406.7 409.3 411.4 413.4 415.4 416.8 418.9 421.3 421.8 419.9 412.3 410 406.9 404 400.8 395.6 394.2 395.3 395.8 394.7 395.2 396.7 397.7 395.7 393.5 389.6 384.8 378.4 371.5 366.3 360.1 346.7 332.8 321.2 312.2 306.5 302.1 297.3 287.9 287.4 277.3 261.8 251.2 245.2 242 236.9 230.3 221.8 213 199.9 184.5 168.2 161.1 152.1 155.6 172.4 177.9 204.5 213.2 215 217.4 222.2 228.7 232.9 238.5 245.1 250.8 255.7 259.8 263.6
363.5 377.6 382.8 384.9 382.2 384.7 387.2 392.2 397.3 400.4 403.2 404.8 406.5 407.7 410.1 410.6 406.2 394 383.8 376.1 374 372 368.5 365.4 370.2 374.3 372.4 374.1 376.2 378.7 381.5 381.3 380.7 379.4 376.7 373.1 368.4 366.8 360 346.3 332.3 319.7 308.8 302.7 298.2 295.1 291.3 286.7 275.7 262.5 252.7 245.7 240.4 234.6 229.1 221.1 213.6 200.4 186.4 171 159.6 153.2 153.9 162.3 175.3 198.3 208.2 210.5 212.7 217.4 222.7 229 234.6 241.7 247.4 252.3 256.5 260.5
348.6 360.9 369.6 371.1 368.7 362.5 369.2 378.7 385 389 391.8 392.1 391.1 390.3 386.7 382.4 376.6 369.1 355.8 353.1 353.3 355 352.6 352.1 352 352.1 355.6 358.2 361 362.9 363.6 362.9 360.1 355.4 351.2 347.9 347 348.3 340.8 328.2 316.1 305.5 297.5 294.4 291.6 289.8 288.5 285 274.7 261.3 252.9 244.3 239.4 234.6 230.3 221.9 213.6 202.2 188.4 171.7 159.5 152.4 152.9 157.8 168.7 187.7 197.8 203.3 206.9 211.9 217.6 223.4 230.6 237.6 244.6 249.1 254.7 257.5
328.8 339.5 348 351.5 350.5 346.5 348.2 359.4 367.4 372.1 372.9 370.8 364.2 358.6 355.9 353.1 346 341.1 341.8 342.7 345.2 344 343 341 340.6 340.8 341.2 339.9 340.8 342.8 343.3 341 332.3 328.2 323.4 320.5 324.5 318 315.9 308.1 299.7 291.6 288.1 286.7 285.5 284.7 283.2 281.7 271.6 257 250.5 242.1 238.9 234.6 229.5 223.4 215.7 203.9 191.2 174 159.5 152 152.9 154.7 161 170.9 178.1 185.4 197.5 206.8 214.1 220.4 227.3 233.5 239.5 245.9 251.8 255
312.4 318.6 325.2 326.2 326.5 324.2 328.4 338.4 342.5 347.8 347.6 341.8 339.4 336.7 334.3 331.3 329.5 330.9 328.6 326.8 328.4 327.3 324.3 325.3 325.1 322.8 319.3 317.1 315.4 316.8 316.2 314.1 306.8 303.9 300.3 299.9 301.1 295.6 294.8 291.6 286.7 280.9 278.5 279.2 276.4 279.2 277.8 274.7 261.9 252.8 247.2 239.4 237 232.5 229.4 224.9 217.4 205.5 191.8 175.1 160.9 154.5 151 151.6 155.8 161.1 165.9 176.2 189.6 203.2 209 215.4 222.5 229.8 235.4 241.8 246.6 251.1
311.4 312.2 312 311.7 311.6 307.7 309.5 317.9 324.7 328.7 326.6 324.8 322.1 318.2 317.1 318.1 317.6 315.6 312.2 309 308.1 306 303.9 303.3 303.2 303.4 304.4 303.7 302.2 300.4 297.2 292.7 289.5 285.6 282.3 279.6 279 280.3 276.2 279.2 277.5 275.3 275.5 274.1 273.7 272.7 268 261.6 255 246.6 240.3 236.1 234 230.7 229.5 225.3 218.6 209.7 192.7 174.7 161.6 158.8 149.9 150.2 150.9 157 162 168.7 179 190.9 200.3 207.8 215.1 223.2 230.7 236.2 241.1 245.5
324.4 311.6 311.6 311.2 307.8 304.5 303.1 306.9 308.6 308.8 308.5 307.7 306.1 305 304.1 304.8 303.9 302.5 298.6 294 292.4 288.1 287.6 290 292.7 294.6 295.6 289 286.7 281.9 276.9 274.9 273.2 268.1 263.3 262.5 265.6 264.6 262.3 264.1 263.9 267.9 265.1 259.9 260.4 256.5 252.8 249.3 246.8 241.6 236.3 233.1 231.3 229.9 228.4 224.8 219.2 210.5 196.6 179 166.9 159.5 153.8 149.5 147 147.9 146.4 160.1 168.9 176 185.1 192.8 204.5 217.6 224.7 230.8 235.1 238.9
343.9 324.2 310.9 310.2 303.9 301 298.9 299 293.2 298.2 298.8 298.3 295 291.7 296.8 297.5 296.6 290.8 283.2 276.2 273.5 280.8 280.7 280.8 283.5 288.4 283 274.9 265.9 259.6 258.5 257.3 254.9 253 250.6 250 250.1 253.5 256 255.9 257.4 257.3 252.9 249.2 247.9 245.8 241.4 239.6 237.6 233.8 230.9 229.5 229.3 228.8 227.9 224.5 219.2 213.2 201 184.5 170 163 157.8 149.6 148 147.4 146.8 145.3 163 168.7 175 181.9 191.3 206.4 218.2 224.2 229.3 232.8
365.1 345 324.1 316 309.2 305.8 297.3 288.8 285 281.6 280.6 280.2 278.1 275.1 273.2 277.3 275.8 273 269.4 259.5 263.9 269.3 268.6 272.7 276.1 275.8 267.3 260.6 254.9 251.7 245.5 241.8 237.5 239.7 240.5 241.3 240.8 241.1 241.2 240.9 242.1 242.1 239.3 238.6 237.6 235.8 232.5 231.7 230.2 227.3 225 224.5 224.7 226.7 226.2 224.4 219.8 214.6 205 188.6 175.3 168.1 163.2 152.5 148.4 147 145.9 143.4 155.6 162.5 166.7 174.6 182.2 194 211 217.9 222.4 226.8
376 357 335.5 338.3 334.9 327.2 316.4 310 300.7 286.3 278.8 272.1 265.7 261.4 258.1 255.1 253.8 251.9 250.5 250.3 246.5 246.4 248.1 253.6 258.2 259.2 251.7 247.7 247.9 242.4 238.5 233.8 232.2 228.3 228.3 229.9 230.2 230.1 228.1 225.9 229.5 229.8 229.9 228.2 229.5 227 225.6 223.8 222 222.1 220.5 219.4 220.7 222 223 221.7 218.9 214.9 201.9 193.4 181.3 174.5 170.1 159.8 150.8 147.1 145.1 144.3 148.8 155.3 165.4 167.3 175.4 183.7 199.8 211.2 215.7 219.4
384.6 360 358.4 355.4 355.3 350.2 340.3 330.4 314.7 314.2 309 298.7 284.4 282.2 279.2 274.3 270.4 264.9 261.6 259.1 259.1 255.8 244.8 236.9 236 238.2 235.6 233.2 236.3 235.3 231 223.4 220.8 217.1 214.2 217.2 218.1 215.3 216.1 212.5 216.1 219.7 219.7 215.9 217.8 218.2 218.6 216.7 215.4 215.7 214.8 213.8 215.5 217.4 217.9 217.7 217.4 213.3 201.8 194.3 184.7 177.1 170.8 165.8 156.2 148.1 145.2 143.9 142.4 150.6 155.5 162.4 169.8 178 191.4 203.7 208.6 212.6
397.1 376.5 380.2 374.9 370.3 367.6 364.8 355.1 345 325.4 314 314 310.4 307.1 304.6 302.2 299.7 289.1 290.3 286 279.4 274.7 262.8 253.6 247.9 239.1 230.4 223.1 224.2 222.5 216.4 214 213.3 211.6 209.7 208.2 206 207.7 207.6 206.3 206.3 209.3 207.6 206 207.7 209.6 210.7 210.4 209.6 209.4 207.9 207.8 209.5 211.6 213.8 212.9 213.9 205.8 199.4 192.7 183.5 176.2 171.2 167.2 162.4 153.6 145.1 143.7 142.5 140.9 150.3 155.8 162.6 172 185.8 194.3 200.6 205.8
401.8 400.9 399.3 394.8 388.3 380.6 385.4 372.9 362.7 341.8 313.9 326 327.4 319.6 319.6 316.5 314.3 312.2 311.7 309.1 299.6 299.7 292.8 278.8 270.2 256 249.7 241.3 237.6 229.9 226.4 223 221.7 218 213.9 211.1 208.5 205.7 199.5 195.8 194.3 193.3 194.6 198.5 200.7 203 202.5 204 204.6 202.5 201.8 201.8 203 204.8 204.9 206.1 205 206.3 200 191.9 184.5 176.3 172.5 168.4 164.1 157.6 150.1 143.6 142.6 141.5 142.2 148.3 154.8 163 173.5 182.6 191 197.2
406 405.4 404.9 404.3 404.4 399.9 388.5 380.8 373.3 349.8 332.7 350.2 354.3 349.8 345.9 344 339.7 335.8 330.5 323.7 314.1 309.3 308.8 311.5 296.4 277.2 267.7 261.6 257 249 243.4 236.9 234 229.2 224.5 220.4 217.3 211.7 206.8 202.3 197.2 191.7 188 188.5 191.1 194.9 196.1 195.6 196.5 191.4 193.6 196.3 199.5 200.2 201.9 197.8 196.6 194.4 192.5 187.2 183.2 176.2 172.4 168.2 164.8 160 153.7 149.3 143 141.4 140.6 140.3 147.1 154.7 159.8 169.9 178.6 186.8
403.5 405.5 406.3 406.9 407.2 406.3 404.2 391.5 376.4 354.5 354.3 365.7 369.9 367.8 369.9 368 364.5 364.2 356.7 349.7 337.9 330.2 324.3 319.5 316 310.6 297.9 288.6 279 272.4 263.4 256.3 249 243.5 238.6 231.5 226.2 221.2 215.2 208.2 203.2 196.9 194.6 187.2 184.2 186.1 186.4 184.3 184.3 182.4 182.9 186.8 191.2 193.5 194.3 193.8 193.4 192.8 192.2 188.8 178.2 174.4 171.5 167.7 164.4 160.3 156 151.7 149 143.2 140.2 140 139.8 147.1 152.1 156.8 162.7 171.2
405.8 403.6 404.5 405.3 406.1 405.8 404.5 399.3 385.3 362.6 374 375.1 378.4 379.9 382.7 380 379.6 379.8 380.1 374.5 367.7 360.1 353.1 345.2 336.6 327.8 319.2 313 307 299.2 289.9 279.9 268.7 259.5 252.2 244.4 237.1 230.3 222.9 215.7 207.8 199.4 194.5 191.1 189.5 184.2 181.1 179.1 176.3 180.8 181.7 182.1 185.2 186.3 186.3 186.6 186.7 186 185.6 185.2 181.6 175.5 171.6 168.6 163 159.7 155 152.8 149.5 144.8 140.4 139.9 138.7 140.1 144.4 149.4 155 164.4
411.2 406.8 405.4 404 405 404.9 403.9 400.1 396.7 388.4 392.7 389.8 387.8 394.3 387.9 388.5 386.9 386.9 386.3 384.3 385 384.3 379.8 373 365.8 358.1 349.2 339.4 329.4 322.3 315.1 306.5 297.1 285 271.8 262.3 250.9 240.7 230.9 222.6 213.8 203.3 196.5 192.2 191.5 187.3 185.5 181.3 178.5 172.7 173.5 180.8 181.6 181.4 181.1 179.1 179.3 179.2 178.9 178.3 177.1 172.8 170 166.9 162.6 159.3 155.6 152.6 150.6 145.7 140.6 139.1 138.3 137.8 134.3 141.4 149.8 158.9
415.8 413.7 410.6 407.1 404.1 404.2 404.3 401.9 399.1 400.8 403.3 405 407.8 409.7 404.7 397.7 394.3 392.9 391.9 391.9 392.5 394.4 392.5 390 387 382.6 377.4 368.5 359.3 348.1 340.2 331.4 321.1 308.9 295.9 279.1 264.5 250.8 240 229.5 220.4 208.3 198.2 193.1 187.4 186.3 183.9 180.3 178.5 175.1 169.6 168.3 170.1 172.9 176.1 172.4 171.9 171.9 169.9 169.4 170.2 168.2 166.2 162.3 160 157.4 156.3 149.2 148.9 147.7 141.3 140.1 139.7 138.9 138.4 135.6 140.1 148.9
415.4 415.2 414.6 412.1 408.9 405.5 403.9 404.4 404.2 404 405.6 407.3 409.6 410.5 408.8 405.2 401.7 399 398.6 399.3 399.3 397.8 399.3 399 395.9 393.4 390.6 383.7 378.3 373.1 365.2 355.5 344.4 331 318.6 298.2 276.6 259.1 247.3 235 225.4 215 202.7 195.1 189.9 186.3 182.1 178.8 176.5 174.9 171.6 167.1 165.9 164.8 166.5 166.6 165.8 165.6 163.5 161 159.7 157.8 158.3 158.8 154.1 152.4 150.3 149.2 148.6 147.7 141.5 142.3 139.8 140 136.5 133.2 134.9 134.7
413.2 413.6 413.9 413.9 413.1 410.2 407.6 404.8 404.6 405.8 407.3 408.4 409.1 410.5 410 407.1 405 404.9 405.4 405.7 404.3 401.5 398.2 400 400.1 398.2 396.3 391.9 387.1 383.3 381.6 372.7 364.9 350.9 334.6 318.3 290.3 270.5 253.6 238.5 228.9 220.2 210.6 201.5 191.9 186 180.9 176.7 174.2 173.9 167.9 167 164.6 163.5 161.7 162.5 157.8 157.2 156.9 156.2 155.9 155.6 154.9 154 152 151.3 150.2 149.4 148.7 147.9 147.4 147.1 148.4 140.8 141.8 135.6 133.7 133.1
410.4 411.3 412.3 413 413.8 413.1 412.1 410.5 408.3 405.7 405.8 406.6 407.3 409 410.4 409 408.7 408.7 408.8 408.9 408.4 403.6 396.2 403.4 402.9 401.4 399.4 395.7 390.9 387.6 385 379 370.8 361.5 344.8 329.3 309.3 278.8 258.2 240.9 229.5 221.7 213.3 204.8 189.7 187.6 181.9 180.2 179.5 177.3 167.6 165.9 163.3 161.3 162.2 161.4 158.5 157.5 156.5 156.5 156.8 157.1 155.4 154.3 152.3 151.9 151.9 152.3 152.9 152.3 152.4 152.4 151 147 141.8 144 137.6 130.2
410.2 411 410.5 411 412.2 413.3 414.2 414.8 414 411.5 409.1 407.2 407.2 409.1 410.9 410.4 411 410.5 411.2 411.2 410.5 401.7 397.2 402.9 402.9 402 400.9 398.1 393.8 390.1 386 380.9 372.8 364.2 348.5 327.1 302.5 270.3 254.7 236.7 224.2 216.7 208.6 203.1 192 188.6 182.3 180.6 179.5 179.1 166.3 164.7 163.2 168.1 168.2 168.2 169.2 172.1 171.6 171.1 170 170.6 167.9 163.4 160.1 158.2 157.5 158.3 158.1 155.5 156.4 154.9 154 153.7 154 142.4 142.8 139.5
412.6 412.6 412.3 411.8 412.7 414 414.9 414.6 414.8 414.6 414.3 411.6 410 409.5 411.2 411.3 411.1 411.2 410.2 408.8 405.4 399 399.5 400.3 400.1 400.4 397.6 395.5 393.5 391.2 386.1 381.6 373.7 363.8 347.9 319.6 289.2 261.9 250.4 236.1 221.8 212.3 204.9 200.3 194.4 185.6 180.5 180.3 177.3 168.6 169.7 172.8 175.1 175.1 175.3 175.4 175.3 178.5 179.7 179.7 179.6 175.4 170.8 167.2 165.5 164 163.3 164.8 166 162.3 161.7 160.1 158.1 158 156.4 154.7 142.6 141
409 410.4 410.5 407.8 409.3 411.5 414.1 415.2 414.8 414.7 414 412.6 410.8 413 411.4 411.7 410.3 410.4 406.4 403.2 397.4 394 396 397.2 397 397.1 395.5 393.1 391.4 389.5 384.7 379.7 372 362.6 345.9 311 280.7 258.1 242.3 231.2 218.2 209.8 203.1 196.9 191.2 185.5 181.6 175.5 171.9 179.3 182.2 182.1 179.3 183.7 187.7 188.8 191.4 190.1 189 189.4 188.1 186.5 182.7 185.2 182.6 181.1 181.7 182.9 177.7 172.1 170.2 167.1 164.7 163.5 162.1 159.2 157.2 143.1
362.3 364.2 366.8 381.4 387.1 391.5 408.5 410.3 411.6 412.6 412.4 411.2 410 412.3 411 411.3 410.3 406.3 401.9 397.6 391.6 388.2 389.2 390.6 391.4 390.9 391.2 390 389.1 386.2 382.4 376.6 370.1 361 343.9 308 276.8 248.7 235.1 224.6 214.8 206.9 201.7 193.7 188 184.6 175.7 178.9 182.3 186.6 188 190.8 196.2 199.1 198.5 200.8 202.5 202.9 204.5 204.2 202.1 198.9 196.8 197.4 197 196.1 193.4 193.2 185.9 179.4 176.4 173.8 170.5 167.3 165.8 163.9 160.9 156.5
367.9 374 379 383.6 382.6 379.3 385.9 400.6 403.5 405 406.5 407.2 409 411.4 411.3 409.3 405 400.1 393.7 387.7 384.6 381.9 383.9 385.2 386 385 385.9 384.9 384.2 381.6 378.2 373 365.7 356.3 336.7 307.6 281.4 252.9 232.6 218.8 209.7 204.2 200.2 193 186.1 179.8 184.1 186.9 191.1 196.1 201.1 204.3 207 210.5 212.4 213.5 216 213.1 214.4 215.1 213.7 211.6 207.2 203.2 202 201.2 198.7 195.4 190.7 185 181.2 177.4 174.1 170.7 168.2 166.1 164.3 159.6
361.7 378.3 391.8 395.5 394.5 394.4 392 386.6 384.7 383.4 383.2 401 404.7 407.3 407.3 404.3 399 391 384.8 381.3 378 375.6 376.1 377.1 378.7 379.4 380.6 379.8 378.9 376.3 372.7 367.8 360.6 350.6 325.9 298.3 277.5 252.5 231.4 216.5 206.8 203.3 197.3 191.1 183.2 185.5 188.6 192.6 194.9 202.2 211 214.4 219.7 222.3 225.3 227 227.6 226.5 227.6 227.5 227.2 222.4 219.1 215 209.7 208.2 204.8 201.7 195.6 189.2 184.8 180.8 177.8 173.9 170.6 167.8 166.2 162.1
356.5 374.8 397.5 406 406.3 402.9 400.4 398.3 395.7 393.4 390.5 384.6 400.4 401.5 401.7 397.9 392.9 382.7 378.1 374.4 371.3 368.3 367.1 368.9 370.8 374.5 375.3 373.9 374.1 372 368 362.5 352.7 339.7 314.3 290.3 268.5 246.6 227.2 211.9 205.7 197.9 192.8 186.2 188.9 190.5 192.9 198.9 202.5 214.4 220 224.2 227.6 232.9 238.7 240.3 242 242.5 244 242.2 242.2 238.6 233.8 227.1 220.5 215 211.3 207.8 201.2 192.5 187.4 182.5 179.2 175.8 172.6 169.4 167.5 165
