STL Generation/terr50_gagg_gb/data/SO22.asc
ncols 200
nrows 200
xllcorner 320000
yllcorner 220000
cellsize 50
[rows 0 to 34 of 200, columns 0 to 77 of 200]
541.7 552.4 561.7 571.2 579.5 586.8 593.2 603.5 615.2 626 638.2 649.5 663.1 677.1 690.6 703.6 713.8 721.4 727 734.4 741.3 746.6 750.6 756.7 765.3 774.2 779 784.4 795.4 806.9 810.1 810.7 809.5 807.9 805.9 804.8 802.8 799 791.3 784.5 778 769.7 761.4 753.4 748.5 741.1 732.2 725 718.3 711.1 702.5 688.3 674.7 657.7 641 626.3 621.4 623.6 623.5 622.2 620.3 619.3 616.1 614.9 611.4 606.3 601.3 594.9 590.1 584.9 580.6 575.4 571.7 566.2 560.3 554.1 547.2 537.4
547.9 559.1 570 576.2 583.2 593.4 604.8 616.2 625.5 636.3 648.1 661.7 676.6 691.7 706.6 716.6 724 730.1 735.9 740.2 743.1 745.6 750 756 764.4 774 777.2 784.9 795.6 806.4 809.3 809.5 808.2 807 806.2 805.7 803.9 800.6 796.1 790 783.5 776.1 767.6 758.7 752.5 747.1 739.9 733.2 726.6 718.5 710.5 696.6 677.3 654.9 636.7 632.9 631 632.6 631.7 631.5 629.9 628.2 625.7 623.6 620.4 615.9 609 602.7 594.7 588.4 582.8 578 573.3 567.8 561.5 553.8 542.9 524.7
554.5 567 575 582 592.4 606.1 617 627.8 637.3 648.2 659.9 674 688.9 703.5 714.8 724.8 733.2 737.2 739.4 740.8 742.3 743.6 747.7 754.8 761.4 770.1 773.9 778.8 788.7 801.1 806 807.4 806.9 805.8 806.3 806.5 805.2 802.4 799.8 795.8 788.4 781.5 774.6 766.4 760 753.1 747.4 740.8 733.8 726.1 717.8 704.1 676.8 652 654.3 649 642.5 645.1 643.9 642.2 639.9 637 635.5 631.7 627.4 622.7 616.1 609 599.8 592 585.2 580 574.5 568.6 560.7 545.6 519.6 495
563.3 573.3 584.5 596.2 606.6 617.8 629.1 639.3 648.8 660.1 673.3 685.1 700.6 712.7 721.3 729.1 736.3 737.8 738.4 739 739.9 741.1 743.6 749.8 757.6 764.8 770.1 773 779.5 790.8 801.1 803.9 805.2 805 805.6 807.8 806.7 804.6 801.6 798.9 792.8 785.3 779.8 774.2 766.2 758.8 753.5 747.3 740.5 733.2 725.2 712.2 686.6 678 673.7 662.1 655.6 661.7 660.1 658.2 654 648.4 642.8 639 633.6 627.7 620.3 612.7 603.1 594.8 587.2 580.4 575.2 567.9 556 531.5 504.2 516
571.4 582 596.4 606.7 618.3 629 638.3 648.1 658.5 671.7 685.1 695.1 707.8 717.2 723.6 729.7 734.9 735.3 735.7 736.2 736.6 737.5 739.9 743.8 750.1 756.6 764.9 768.3 772.6 782.1 794.5 800.6 802.8 804 804.5 807.4 806.5 805.2 802 800 796.8 789.3 784.2 779.5 773 765.2 757.8 752.6 746.6 740 732.6 725 711.9 703 690.9 673.1 673.5 679.2 677.1 671.8 665.4 658.6 651.3 643 637.5 630.6 623.5 615.1 605 596.3 588.2 581.2 575.3 567.5 547.2 519.5 529.9 540.6
586.9 596.3 606.4 616.4 628.3 638.2 647 657 667.5 681.7 694.5 702.8 711.1 718.2 724 727.5 730.5 730.6 730.6 730.9 731.2 733.8 735.6 737.9 741.5 749.9 758 764 768 775.2 787.1 796.7 800.7 802.5 803.6 804.9 805.9 804.7 800.9 799.2 798.9 794.2 787.7 782.2 776.7 769.5 762.1 756.4 751.7 746.2 739.3 733 725.5 718 707.7 689.5 691.8 695.1 692.3 686.2 677.3 668.3 658.7 649.3 639.4 632.3 624.6 615.8 606.4 597 588.5 581.7 575.1 560.7 530 536.9 550.3 551.8
600.6 608.8 619.5 628.2 638.2 648.3 657.3 666.2 678 690.8 701.1 708.4 715.2 722.6 722.5 721.6 720.9 719.3 718.3 718.8 721.6 726.4 729.6 732.9 735.2 740 749.4 758 763.6 770.4 780.8 792.4 798.1 800.8 801.5 801.7 803.7 803.2 799.7 798.1 797.4 795.1 789.1 784 779.6 774.2 767.7 760 756.3 751.3 746.3 739.4 733.6 726.8 719.5 713.4 709.6 706.6 703.5 696.3 685 674.3 662.7 653.1 641.4 632.8 623.9 615.9 605.9 596.4 588.1 581.6 574.8 548.6 546.8 558.9 560.2 558.8
611.3 620.9 631.2 640.3 649.1 658.4 667.7 676.9 687.4 698.9 706.2 713.3 719.6 716.5 712.1 709.5 706.5 705 702.8 704.8 709 715.1 720.6 725.3 728.7 734 743 752.6 759.4 766.4 774.8 787 795.1 799.2 799.8 799.1 799.4 799.3 799.4 797.3 795.7 791.4 788.4 785 782.7 778.1 770.9 763 759.6 755.4 750.9 746 740.4 734.6 727.8 722.4 717.6 713.6 710 704.1 691.2 679.6 665.9 655 642.2 631.1 623.4 614.1 604.1 594 586.1 579.7 567.5 549.2 567.2 568.9 566.7 563.9
621.2 631.9 641.5 650.7 660 668.1 677.8 687.4 696.9 703.8 709.4 714.1 709.7 701.1 693.1 689.8 690.3 688.7 687.7 691.2 696.1 700.8 705.1 710.4 718.7 728.3 737.3 747.4 757.6 765.4 771 782.3 791.9 795.5 796.6 796.1 797 797.1 796.7 795.3 793.6 790.5 785.6 783.5 781.7 777.9 772.5 766.1 759.8 757 754.5 750.4 746.6 741.8 735.4 729.2 723.3 718.2 713.4 706.5 693.9 683.5 669.5 653.8 640.2 627.7 618.3 608.8 598.5 590.8 580.7 567.9 565.8 569.4 573.7 573.1 571.4 568
630.8 640.9 651 660.5 669.8 679 687.4 695 700.3 704.9 708 704.5 694.9 680.9 673 670.5 667 667.4 666.9 669.3 676.4 680.7 686.2 692.7 714.6 727.1 735 745.3 756.4 763.1 768.8 776 784.3 789 791.9 792.3 793 792.8 791.8 789.8 787.1 778.6 773.1 773.2 771.5 770.6 769.6 763.8 757.9 757.6 756 753.3 750.5 747 741.6 734.6 728.8 722.8 716.1 708.7 695.6 682.2 663.6 646.4 631.3 618.9 607.3 595.1 584.6 582 578.2 579 579.7 579.3 577.9 576.2 574 571.6
638.7 648 658.5 670 678.5 687.3 695 700.6 704.8 706.1 700.3 693.6 673.9 661.7 654.3 649.8 648.2 645.8 645.8 648.4 651.1 660.8 682 702.2 720 726.4 732.6 740.9 752.4 760.2 765.1 768.9 774.9 779.6 782.1 783.6 783.5 781.1 777.4 774.2 770.1 767.3 761.2 759.2 758.6 757.6 756.1 755.7 752.8 754 755.6 754.6 752.6 750.6 746.9 740.3 734 726.8 718.4 709.1 689 666.7 645.5 630.1 628.8 623.5 616.2 609.4 604 596 591.4 588.2 586.4 584.8 583.4 580.9 577.5 574.8
643.2 652.8 665.3 676.5 685.1 693.6 699.2 703.2 705.4 701.4 691.2 672.2 654.9 644.8 638.2 633.6 629.1 626.9 625.4 642 657.9 677.6 697 712.2 720.3 724.9 729.3 736 747.4 757 761.7 764.8 767.8 773.1 773.1 771.2 767.9 764.2 763.5 761.7 756.8 754.4 752.1 749.7 748.5 748.3 747.6 748.2 748.8 750.6 752.4 753.9 753.5 751.5 749 745.5 738.7 729.8 721.7 708.8 681 658 656.7 655.3 648.5 639.3 630.6 624.5 617 610.5 606.3 601.4 598 594.4 589.2 585.8 582.3 577.7
644.3 657.4 669.7 680.8 690.9 697.4 702.6 706.2 704.8 692.8 678.8 655.2 640.7 630 623.5 618.4 606.4 624.4 641 657.1 674.4 690.1 699.8 710.4 718.5 723 726.1 731.5 741.9 751.3 758.1 760.9 762.6 763.1 762.6 759.5 757.4 755.6 754.1 751.3 746.3 743.4 740.5 737.6 739.4 741.4 742.6 743 745.9 748.2 750.3 752.5 753.4 752.1 751 748.4 743.8 736 727.9 712.6 693.5 684.2 681.2 677.7 670.9 660.7 650.4 642.1 635.4 628.9 624 617 611.8 606.8 600.1 592.5 585.7 579.6
644.8 657.4 669.6 682.4 692.2 698.8 704.1 706 694.8 683.9 662.3 643.2 627.6 616.7 607.6 598.3 619.8 633.6 648.2 666.8 679.9 688.3 698 707.2 715.6 720.2 723.3 725.8 731.3 740.3 748.5 753.5 755.2 752.4 748.9 745.1 742.7 740.7 738.9 734.4 732 728.7 726.5 722.9 724.8 730.1 734.1 739 743 745.8 748.4 750.6 752.6 753.3 753 750.8 747.5 741.7 734.5 727.1 717.7 708.9 704.4 699.8 692 683.9 674.6 666 657.6 649.8 639.7 631.5 623 614.6 607.8 599.2 590.9 581.9
643.7 655.1 666.8 679.4 690.6 697.6 702.6 700.5 688.8 671.5 650.5 633 616.9 604.7 586.7 604.5 618.5 631.5 645.2 664 675.2 685 693.8 701.7 711.3 716.5 720 722.1 724.4 728.4 733 735.6 735.2 733.3 730.8 729.8 727.9 726.1 724.3 721.3 720.1 717.4 714.4 711.7 712.5 717.4 723.2 730.6 737.2 743.1 746.4 748.8 751.2 753.3 753.4 752.7 750.6 746.9 742.1 735.4 728.9 722.1 716.3 711.8 706.9 700.4 693.6 687.2 678.1 667.4 653.9 642.1 630.1 620.2 612.4 602.2 592.6 581.8
638.7 650.8 661.9 671.3 683.5 694.3 699.1 695.2 682.3 657.9 640.2 622.8 607.3 585.8 587.2 599.7 613.1 624.2 637.6 652.9 667.9 679.1 688.1 696.6 706.3 712.6 716.7 718.9 720.6 722.1 723.9 725.5 725.1 721.8 719.4 717.8 715.5 711 706 702.1 700.3 696.8 694.2 690 697.6 704.9 712.2 721.4 729.6 738 743.8 746.8 749.3 751.6 753.2 753.7 753 750.6 747.6 743.6 737.8 731.5 727.3 722.1 716.7 710 704.4 698.8 690.9 681.9 666 650.4 635.4 623.2 611.8 603.1 592.5 580
630.1 642 652.6 661.2 670.7 687.1 693.2 689.6 669.7 649.7 632.1 614.5 596.4 568.6 580.8 590.3 602 615 627.9 643.3 658.5 671.4 682.2 691.6 700.8 708.1 712.5 714.8 716.5 716.7 716.9 715.6 713.1 709.3 703.7 697.1 690.9 685.5 679 675.3 673.2 669.9 665.9 658.3 674.4 685.8 698.8 710.8 722.4 732.9 739.7 744 747.1 749.5 752.4 754.3 755.5 753.9 752 749.4 746.2 741.7 737.4 731.8 726.1 719.5 713.2 707.7 700 689.1 674.7 656 638 623.5 611.6 600.3 587.3 575.5
620.4 630.7 641.8 651.1 659.7 674.7 685.5 684.7 663.6 644.4 625 607.3 586.9 560.8 572.9 579.3 591.1 601.8 615.2 632 648 663.3 674.3 684 693.3 700.7 707.8 709.9 710.4 708.5 707.1 701.8 694.5 687.9 680.3 670.2 661.4 653.8 648.1 644.5 642.2 640.7 638.2 634.7 645.2 661.7 684.9 698 713.9 725.7 735.7 741.5 744.9 748.6 753.1 756.2 758.1 757.7 755.4 753.4 751.2 748.4 744.8 739.9 734.8 727 720.4 713.3 705.6 694.9 679.4 659.7 640.2 621.9 607.7 594.7 580.9 570.7
609.7 619.1 628.6 638.6 648.8 657.5 672.5 681.6 659.5 639.8 619.2 600.2 582.1 557.6 564.8 570.7 579 588.1 601.2 618.4 635.8 652.3 667.7 677.1 684.8 692.6 700.7 705.5 698.8 691.4 686.2 680.1 669.6 659.9 651.6 643.2 634.5 629 622.4 619.1 617.5 616.6 615.3 617.3 623.4 642.3 664 689.2 704.1 719.4 731.2 739.3 744.2 748.5 753.5 760.1 760.9 760.2 758.3 757.1 755.2 752.4 748.9 745.9 741.4 734.6 724.9 717.6 708 696.3 680.9 661 638 618.9 602.2 588 573.6 564.4
597 605 613.7 624.6 635.6 645.8 656.3 671.8 656.8 635.3 614 593.6 577.6 557.8 556.4 563.1 571.9 578.9 589.7 605.6 624.1 638.6 652 663.3 674.4 682.9 690.2 690.2 682.1 676 665.1 654.9 644.3 636 629 623 613.2 606.3 600 596.6 595.4 596.5 595 596 614.5 629.1 647.5 673.3 697.5 712 724.3 736.3 742.5 747.1 752.4 762 767.5 765.2 762.4 761.5 758.5 756.1 752.6 749.1 744.9 738.6 729.9 718.5 706.8 694.3 678.4 656.2 634.4 614.2 597.1 582.6 570.5 560.4
587.7 593.1 600 609.5 620.6 632.5 644.4 650.4 649.3 628.9 606.5 588.7 572.7 556.1 545 555 563.5 571.6 581.4 594.5 608.5 624.7 636.1 646.2 656.6 665.7 670.3 669.4 661.5 652.1 642.4 634.8 625.2 618.1 610.8 603.6 594.7 584.7 579.8 578.3 578.1 578.2 577.3 586.4 604.6 619.7 639.6 670 691.4 707.5 719.8 733.6 741 746.8 753.2 766.4 770.1 770 768 765.8 765.1 760.3 756 752.4 746 740.5 731.3 719.3 706.5 692 672.3 650.1 629.3 609.6 593 580.5 566.4 550.4
578.4 583.5 589.2 596.9 606.3 619.4 631.6 641.1 641.8 625.8 600.9 584.3 570 553.2 536.8 544.7 556.2 565.2 574.1 584.1 595.8 608.1 619.9 629.3 635.9 642.1 645.4 643.9 639.1 633.8 625.5 616 606.9 600.2 593.9 584.7 576.2 567.2 563.4 562.2 563.3 564 562.2 577.9 598.5 618.6 637.7 666.6 689.3 706.3 716.5 730.8 740.3 746.8 753.2 767 771.5 772.7 775 772.4 771.6 766.9 759.4 754.5 747.6 741.1 731.5 718.2 705 685.6 665.5 645.1 624.3 607.6 591.5 576.6 556.5 562.6
565 573.2 580.4 586.2 595.2 608 618.2 629.9 635.4 624.7 598.7 580.8 567.9 552.2 535.3 534.8 548.8 558.5 566.5 575.4 583.2 593.5 603.1 610.5 618.1 622.8 626.2 624.9 621.5 616.1 607.7 598.8 590.4 583.3 575.7 568.1 559.5 551.9 546.8 546.7 545 553.5 569.6 583.5 600.9 621 640.8 669 690.3 705.9 715.3 728.2 739.1 745.2 753.6 767 773.3 778.5 783.7 781.7 778.1 773.4 764.5 756.3 749.5 741.4 731.8 719.3 701.9 671.5 651.8 634.9 615.5 596.4 583 575 576.8 575.8
551.3 560.6 570.1 578.5 585.2 595.9 607.3 621.9 628.6 619.4 594.7 576.9 564.5 550 532.7 525.7 540.6 552.2 559.9 567.6 575.5 581.1 585.9 592.5 599.7 603.8 606.3 607.1 603.7 598.1 590 582.5 574.2 568.7 560 550.6 543.2 536.4 531.6 531.4 549.1 561.5 574.8 590.1 607.6 625.9 647.8 673.6 694 705.8 714.6 727.2 738.5 744.1 754.2 767.5 772.4 783.6 786 785.2 782.1 777.7 768.1 759.1 751.9 743.1 733.4 722.2 701.1 665.3 644.5 628.6 613.6 611.2 596.1 591.2 591.2 589.2
539.6 547.9 559.1 571 578.5 587.4 598.8 613.3 623.7 605.6 586.9 572.3 560.4 545.6 529.1 523.1 536.9 542.7 551.8 559.9 566.8 571.9 575.7 578.2 581.2 585.8 588 588.1 584.6 580.4 574.3 570 561.6 553.2 542.2 532.9 527.3 518 526.8 540.1 554.8 566.5 580.5 596.2 614.4 633.5 655.7 679.9 697.2 706.1 714.8 728.6 738.3 743.8 754.3 766.4 773.1 782.2 791.4 796.2 788.9 779.6 772.5 762 755.2 745.3 735.4 723.8 710.1 683.9 662.5 640.5 632.9 616.1 608.1 607.3 605.2 599.2
527 535 547.8 562 572.6 580.6 591.3 605.4 619.6 601.9 584.9 571.4 558.7 543.8 527.1 513.2 527 536.1 542.1 548.6 556.9 562.2 566.3 569.2 570.1 571.8 572.5 571.9 570.7 567.2 563.4 556.8 548.9 535 523.9 519.6 511.7 515.8 530.2 543.9 559 571.4 586.8 603.7 622.3 641.1 667.7 687.7 700.2 707.2 715.2 729.5 738.3 744.9 752.6 765.1 776 782 794.8 796.5 792.4 778.8 773.9 766.8 757.8 748.8 737.5 728.2 716.2 700.3 675.5 661.4 642.6 630.7 628.3 626.6 625 619.7
513.8 521.6 534.9 553 566.2 574.6 585.4 600.1 614.5 601.2 582.4 570.4 558.5 542.1 525.7 509 515.7 523.6 530.4 537.2 545.4 551.6 553.9 557.5 560.3 560.6 561.6 560.6 559.1 556.9 552.1 545.9 533.9 520.1 513.1 508.1 504.2 517.9 531.6 547.6 561.9 576.5 593.6 609.9 628.7 652.4 676 691.8 700.8 708.4 714.6 728.6 737.2 743.1 751 765.8 773 775.5 778.3 779.1 777.7 774 772.2 769.6 760.2 752.8 740.4 731.1 721.2 710 698.1 683.1 667.6 650.5 652 648.3 644.6 640.9
490.2 511.5 526 544.3 559.7 570.6 582.6 598 612.7 604.5 581.3 569.6 556.3 542 525.8 511.5 505.8 513 520.2 527.2 534.6 539.2 542.2 545 548.2 548.7 548.7 548.5 547 544.9 539.5 531.5 517.9 510.1 501.4 493.4 508.5 518.6 533 551.2 565.3 580.2 595.9 613.5 633.8 661.1 679.7 693.8 700.2 706.1 711.3 724.6 734.7 738.2 746.9 761.6 764.6 769.1 770.7 771.6 771.1 770.6 770.3 768.5 763 754.3 745.2 733.9 725.4 716 709.1 699.7 689.4 676.6 674.1 672.5 669.7 666.1
475.4 504.4 522.2 539.5 556 568.1 579 595.1 612.3 610.7 583.9 568.9 557.7 543.4 527.8 513.2 499.9 505.2 511.5 515.5 522.4 526.2 531.9 534.1 533.7 534.4 533.1 532.4 532.4 530.6 525 513.7 507.5 499.6 484.1 499.9 509.9 520 537.2 552.7 565.8 579.3 595.3 612.9 633.7 661.9 680.2 693.8 698.5 702.4 706.8 717.5 731.7 735.1 741.8 749.8 753 758.4 764.4 765.9 767.7 767.4 767.1 766.6 763.9 755.5 749.4 738.9 731.1 723 716.4 707.5 701.3 695.8 690.8 687.6 685.1 682.2
475.3 503.9 520.5 536.7 553.3 564.8 578.1 596.6 613 619.1 592.7 572.1 559.6 547.4 532.1 517.1 505.2 494.2 504.1 509 512.2 514.1 518.2 521.1 522.5 521.5 522.2 520.7 518.6 515.3 509.7 504.5 499.7 484.5 489.7 501.2 509.1 521.6 537.4 549.8 563.9 574.8 589.9 606.5 627 652.9 674.3 689.4 694.9 697.1 701.4 709.3 721.5 731.2 734.2 743.8 746.9 749.8 752.3 755.7 761.4 762.2 762.6 763.3 762.4 756 750.8 746.3 738.2 730.7 721.5 716.6 711.2 707.2 704 699.9 698.3 696.5
487.1 507.3 522.3 539.3 553.5 566.5 580.7 598.1 615.9 622.2 604.3 581.2 565.2 552.3 535.7 520.9 508.1 493.5 494.5 501.7 504.9 506.9 509.3 511.5 511.7 512.5 512.2 511.8 510.3 507.1 503.2 498.2 487.4 475 491.9 500.8 508.9 519 533.1 546.8 559.2 569.4 581 595 614.1 635.4 659.6 676.5 687.8 692.7 696.4 702.9 712.4 724.7 729.6 736.2 741 743.7 745.6 747.5 749.2 754.7 757.2 757.3 756.5 753.9 750.1 748.3 743.4 735.4 730.5 725 719.8 715.4 711.1 709 709.4 707.6
497.2 513.8 528.3 544 557 570.5 587.8 603.7 620.2 627.4 615.7 595.8 575.9 560.3 544 525.2 512.3 500.8 480.5 490.8 496.9 499.8 502.9 504.5 506.8 506.9 506 505.1 503.5 502 497.8 491.6 472.3 479.4 491.5 499.4 506.4 514.4 528.3 542.1 553.1 563.1 573.6 583.9 599 617 638.2 658.4 672.1 685.6 692.2 697.8 703 713.7 725.2 727.5 733.1 735.2 741.3 743 743.7 745.1 745.3 746.9 745.9 746.1 746.8 749.4 746.3 742.4 737.9 732.9 730.4 726.6 721.7 718.3 715.5 713.5
506.4 518.5 532.9 548.9 562 577.6 593.8 609.9 625.3 639.7 625.7 606.6 587.1 570.2 553.4 532.7 517.1 505.2 492.7 476.4 486.9 494.9 497.4 499.5 501.5 501.4 500.5 499.6 498.2 495.6 492.8 480.4 458.6 477.9 488.6 496.1 502.5 509.2 520.2 532.6 544.8 554.7 564.5 573.9 585.7 600.9 617.1 638.5 655 670.7 684.9 691 697.3 704.9 716 722.7 723.7 726.2 730 734 734.4 736.3 737.8 740.3 741.3 741.6 741.9 746.6 747.6 744.8 742.8 740.2 737 733.9 730.8 727.6 722.9 715.4
512.8 526.2 541.3 554.4 567.6 584.2 598.9 612.6 627.3 647.8 636.6 616.5 598.3 580.1 562.7 544.3 525.5 511.4 500.2 485.1 472.1 483.1 490.4 493.6 494.6 494.8 493 491.3 490.8 489.1 485.8 472.7 455.5 472.8 483.4 491.7 498.6 503.5 512.3 523.8 535.2 544.9 555.2 563.1 573.1 584.7 599.1 616.9 637 656.3 674.1 685.8 690.7 697.3 706.8 714.4 718.9 719.3 720.4 724.2 724 723.4 724.8 728.8 733.3 734.9 738.1 743.8 746.5 745.7 744.2 742.5 740.3 737.8 734.9 730.8 725.2 715.7
521.8 535.1 547.3 559.8 574.6 589.5 602.1 614.1 628 648.5 651.2 625.8 607.1 588.4 570.5 554.1 537.3 520.3 506.5 495.9 478.8 466.3 478 484.9 486.7 486.9 485 483 482.8 482.1 479.4 472.5 449.3 463 477.5 485.9 493.4 499 506.3 515.1 524.2 534.9 543.1 553.8 561.9 572.3 583.6 598.2 616.1 639 661.5 678.8 685.4 692 697.3 704.7 708.9 710.9 711.4 711.7 710.9 711.8 713.3 717.2 722.6 727.3 732 737.3 742.1 743 743.9 743.9 741.9 739.4 736.5 732.5 725.7 714.7
