STL Generation/terr50_gagg_gb/data/SO30.asc
ncols 200
nrows 200
xllcorner 330000
yllcorner 200000
cellsize 50
[rows 37 to 73 of 200, columns 0 to 81 of 200]
169.7 166.9 162.6 159.4 154.7 147.2 142.9 140.3 136.5 133.4 131.2 128.2 125.1 123.5 120.4 116.7 113.7 111.6 108.5 105.2 100.5 95.2 91.2 89.6 87.5 85.1 82.8 80.5 78.6 76.7 73.9 72.1 68.9 70.7 71.1 71.3 70.3 69.7 68 64.7 60.6 57.7 56.9 56.1 55.2 55.2 57.4 58.8 61.2 61.5 60.6 59.7 57.9 58.3 57.1 56.7 57.7 59.2 59.7 60.8 60.8 61.8 63.2 64.6 66 66.9 68.4 70.9 75.2 79.3 83.2 85.5 86.4 87.5 88.7 90.4 91.5 91.5 89.2 86.9 84.9 83.5
168.1 165.9 161.6 158.3 153 148.2 144.8 141.1 136.8 134.4 132.7 127.8 127.5 124.9 122.3 118.6 115.3 112 110.5 106.8 101.9 98.3 93.6 91.3 90.2 88.9 85.8 83.8 81.2 77.9 75.8 72.2 72.2 72.5 72.6 73.2 70.4 69.9 68.3 66.7 63.2 60.3 58.1 57.3 56.2 54.9 56.8 59 62.2 63.4 63.1 62.8 61 60.1 59 57.8 57.2 58 59.1 61.1 61.3 61.4 62.7 64.3 66.2 67.9 70.5 74.1 79.1 83.7 86.2 88.6 90 90.8 91.3 92.3 93.4 91.6 89.2 86.6 83.6 81.9
167.6 165.2 161.2 158 154.2 148.9 145.1 141.2 137.5 135.6 134 131.4 128.8 126.1 123.8 120.6 117.5 114.2 111.3 108.1 105.3 102.8 98.6 94.5 93.4 92.2 89 85.2 81.9 78.9 76.8 73.8 75.9 73.5 72.8 73.2 70.8 70.3 69 68.6 67 64 60.8 58.7 57.1 55.6 57 59.6 62.6 64.9 64.7 64.2 62.6 61.5 60.1 59 58 58.7 59 60.4 60.4 61.9 63.3 64.9 67 68.9 72.2 75.9 79.8 85.8 88.7 90.2 91.5 92.1 91.3 93.1 92.8 91.5 89.6 86.1 82.9 80.5
167 164.2 160.6 157.6 154.9 151.2 146.4 142 139 136.2 135.3 132.8 130.1 127.4 125 122 118.4 114.7 111.4 109.1 107.3 104.8 101.3 98.9 97.1 95.4 91.4 87.9 83.7 80.6 75.3 79.3 77.6 75.5 75.4 75.5 72.8 72.2 72.3 70.9 69.3 66.9 62.8 59.5 58 56.3 57.2 59.9 62.3 64.7 64.8 64.1 63.8 62.5 61 59.6 58.9 59.1 60 61.4 61.7 62.8 64.2 65.9 68.2 70.5 74.1 78.3 82.4 86.5 89.4 90.4 91.2 91.4 91.3 90.8 90.3 89.8 88.9 86.3 82.5 80.1
167.3 161.5 160.7 157.3 155.3 153.4 147.4 142.8 139.9 137 135.2 133.4 130.7 128 125 121.5 118.4 115 111.7 110.1 108.2 106.1 104.3 102.4 100.2 97.8 95.6 92.1 82.9 78 82.7 83.2 80.5 79.3 79.4 77.3 75.6 74.4 74.5 73.2 71.6 68.6 64.7 60 59 57.2 57.4 59.3 61.6 63.4 64.7 64.8 63.5 63 60.7 59.7 59.4 59.2 60.6 62 63.4 64 65.1 67 69.4 72.1 75.2 80.1 85.4 89.3 89.3 89.9 89.6 89.3 88.9 87.9 87.3 87 87.4 85.7 82.5 80.5
168.3 163.2 160.3 157.2 155.6 154.4 147.9 142.8 140 137.6 135.4 132.8 130.2 127.5 124.7 121.1 117.3 113.8 111.7 109.2 106.8 104.9 103.3 100 97.2 94.8 89.6 83.7 79.9 81.7 87 86.5 83.3 81.6 80 78.6 76.3 74.4 74.5 73.7 71.7 68 64.1 61.1 59.7 58.2 57.7 58.5 60.6 62.8 64.1 64.5 64.1 63 61 60.2 59.3 59.7 61.3 62.6 64 65.4 66.2 68 70.5 73.9 78 83.7 88.3 89.5 89 87.7 86.6 85.8 84.7 83.7 83.6 83.8 84.4 84 82.6 81.1
165.5 163 159.5 157.4 155.1 152.2 146.6 142.3 139.2 137.2 134.7 131.9 128 124.5 121.7 118.5 115.4 112.2 111.2 107.9 105 103 100.3 93.6 87.7 83.5 86.6 85.1 86.5 89.6 91.5 88 84.1 82.3 80.3 77.5 74.6 72.7 72.2 71.7 68.7 65.8 63.7 62.4 60.6 59.3 58.2 58.9 60.4 62.6 63.4 63.8 63.9 62.7 61.2 61.2 61.2 60.6 62 63.3 64.6 66 69.8 70.2 73.4 77.2 81.7 86.9 89.5 89.2 88.3 86.7 84.7 83.5 81.9 80.4 78.8 78.6 79.4 80 80 81.3
158.5 155.6 155.8 156.5 153.3 150.1 145.3 141.7 138.1 135.9 133.3 130.2 126.3 121 118.2 115.7 113.3 111.3 110.4 108 103.9 100.9 96.9 89.5 89.6 95.2 94.2 95.1 93.9 93.2 91.3 87.3 84.7 81.9 80 77 74.5 73 72.1 70.9 68.8 69 67.2 64.7 62 60.5 59 59.4 60.3 62.4 62.8 63.2 63.6 63.6 62 61.1 61.6 62 62.5 63.8 65.1 68.3 71 72.7 75.9 81.1 87.1 90.8 90 89.1 87.5 85.3 82.9 81.7 80.2 79.2 76.1 74.7 75.6 76.5 78 79.1
152.2 151.1 150.8 151.3 150.4 148 144.4 141.3 138.4 134.1 130.7 127.4 123 117.1 114.2 113.1 111.7 110.9 108.9 106.7 104.1 99.9 93.7 90.4 97.4 97.5 98.3 99 96.9 92.7 90 87.6 83.7 81.3 79.5 77.4 75.8 74.2 72.6 71.5 70.6 70.1 68.9 66.7 64 62 60.7 60.1 60.9 61.7 62.9 64.3 65.3 64.3 62.7 63.1 63.1 63 63 64.2 66.4 68.8 71.9 74.1 78.1 83 89.1 92 91.1 90.2 87.2 84.8 82.2 80 79.6 77.4 74 71.9 71.9 73.2 75.4 77.6
151.4 150.2 148.9 145.5 144.6 143.4 141.8 136.5 139.3 134.3 125.7 121.1 120.5 118.6 116.5 114.1 112.3 110.9 108.4 107.3 103 97.6 92.3 94.7 101 100.3 102.7 101.9 97.9 94.2 91.1 89.3 86.2 83.4 81.6 79.8 78.1 76.5 74.9 72.9 71.7 71 70.2 67.8 65.4 64.1 62.8 61.7 62.1 63.5 64.9 66.3 67 66.2 64.3 65.1 64.5 63.9 63.5 64.5 67 69.7 73.1 76.9 80.8 83.6 88.7 92.3 92.7 91.4 87.9 85 82.3 79.4 79.5 76.9 73.9 70.4 67.8 70.1 72 74.4
150.3 147.9 146.1 140.8 139.6 139.1 137.8 136.4 139.5 132.8 123 120.8 119.1 117.3 116.3 115.2 113.1 111.4 110.8 106.6 101.5 95.3 94.1 100.5 104.1 104.5 106 103.3 102 98.3 95.2 92.2 89.5 86.7 84.6 82.8 81.2 79.6 78.3 75.6 73.3 71.3 70.6 68.6 67.4 66.7 65.9 64.6 65.1 66.1 67.4 68.4 69.7 68.9 66.9 66.8 65.7 64.3 64.5 66.2 68.4 71.3 74.4 79.9 82.8 84.8 87.9 92.1 94 92.5 89.1 87.5 85 80.8 78.8 76 72.4 69 66 64.8 68.2 71.3
150.7 148.9 144.3 144.8 142.1 139.8 138.8 136.5 139.8 130.8 125.1 122.9 120 116 115.4 115 113.3 111.7 109.3 105.7 100.5 95.8 100.4 105.4 106.2 108.6 108.5 106.7 105.6 101.9 99.1 95.8 93.3 91.9 89.2 86.4 85 83.4 81.4 78.4 75.7 73.1 72.3 71.1 70.3 69.5 68.7 68.3 68.8 70.4 72.4 72.9 73.4 72.3 70.6 68.7 67.9 65.8 67.1 68.2 70.1 73 75.9 79.4 82.6 85.4 88.2 91.3 93.9 93.1 90.5 89.8 88.5 84.1 79.5 75.7 72.7 69.7 66.6 64.2 63.7 66.6
140.3 142.1 146.7 145.4 142.8 141.4 139.9 138.1 140.1 131.1 126.8 124.6 122.1 118.4 116.4 115 113.5 111.7 108.1 102.1 98.1 96.8 106.2 107.3 107.5 111.3 110.4 109.8 108.3 106.7 104 100.6 98.2 95.5 93.1 90.2 88.7 87.2 84.8 81.6 77.6 75.8 75.1 74.4 73.7 73.2 72.6 72.2 73.6 75.2 76.9 77.9 77.4 75.6 73.4 71.9 70.5 68.2 67.1 69.1 71.6 74.5 77.6 81.3 84.3 85.9 88.9 91.4 93.8 93.8 91.5 90.3 90.7 88.3 82.3 76.6 73.3 70.3 67.1 63.9 62.1 63.9
138.8 135.1 134.3 138.3 141.5 141.9 141.1 140.8 139.4 134.6 129.3 126.8 124.4 121.6 119 116.8 114.8 112.5 106.6 101.3 99.3 104.5 110.3 109.1 109.3 111.4 112.5 111.7 109.9 109.2 106.8 104.2 102 99.1 95.7 93.9 92.8 91 88.2 84.8 80.5 78.9 78.1 78.1 77.8 77.3 76.7 76.2 78.4 80 81.7 81.7 81 79 76.5 74.5 73.1 71.4 67.7 71.2 73.7 75.5 78 81.4 84.4 86.4 88.9 91.6 92.7 92.7 91.7 90 90.4 89.4 84.6 78.7 74 70.5 67.1 64.1 61.4 61.7
147.6 140.8 134.3 130.5 131.5 140.5 140.7 143.1 139.8 136.1 131.5 128.7 126.2 122.7 120.2 117.9 115 109.8 102.3 101.4 104.7 110.5 112.5 112 111.6 112.4 111.9 113 112.2 111.9 109.7 108.1 104.7 101.7 99.2 97.8 96.4 94.7 93.2 90.4 86.4 83.8 82.1 81.9 81.7 81.3 80 80.3 82.8 84.7 86.1 85.6 84.8 82.6 80.2 77.2 75.6 73.4 71.6 73.1 77 77.8 79.6 81.3 83.3 86 88.7 91 91.7 91.4 90.7 89.1 88.5 87.7 83.2 78.6 73.7 71.2 69 65.9 62.8 60
159.1 149.2 139.9 134.4 130.8 127.4 134.3 142.7 140.7 134.6 129.2 124.9 119.5 117.1 114.8 111.6 110.3 104.6 105.1 110.2 112.1 113.6 116.2 114.2 116 115.9 114.3 113 114.9 114.1 113.4 110.3 106.7 103.9 102.4 101.1 99.7 97.5 96.4 94.5 90.6 87.8 86.4 85.7 85.3 84.5 83.3 84.6 85.7 88.3 90.3 89.4 88.3 87 84.2 80.4 77.9 75.5 69.9 76.3 77.6 80.2 81.9 84.9 85.4 87 88.2 90.8 91.5 91.2 90.1 88.3 86.8 84.7 79.6 76.9 75.3 72.8 71.4 68.3 65.2 62.1
168.7 157.5 150.2 143.2 138 131.1 125.4 127.5 132.1 125.9 115.3 113.8 111.1 110.4 110.4 109.9 110.1 111.9 112.6 113.6 115.5 116.7 118.2 117 119.3 118.6 117.6 111.7 115.3 115.7 115.2 112.9 109.7 106.7 105.2 104 102.2 99.2 98.2 98 94.4 92.4 91.5 89.1 88.8 87.9 86.8 87.5 88 91.3 94.1 93.3 91.9 92.2 89.9 84.7 83.4 77.1 69.6 77.2 79.7 82.7 84.2 86.7 89.3 89.1 88 89.8 91.8 91.5 89.6 87.7 85 83 82.5 82.6 80.1 77.6 73.7 70.9 67.6 64.1
177.7 168 159.4 153.1 146.3 138.3 129.3 126.5 122 118.9 120.8 121.7 121.7 119.4 118.7 117.8 117.5 118.8 117.7 117.4 116.7 117.1 119.6 121.3 120.7 119.8 118.1 112.8 116.6 117 116.2 114.4 112 109.5 107.1 105.2 103.3 102.4 100.4 99.2 98.7 97.3 94.6 92.7 90.7 90 89 88.8 89.8 93 94.9 94.3 93.4 94.4 94 89.4 83.3 79.8 70.7 79.5 81.4 84.5 86.6 87.7 90.2 91.5 89.9 90.4 93.1 92.2 90.4 89 87.8 86.4 85.6 84.9 83.5 79.9 75.5 73.2 69.7 66.2
184.1 177.1 164.8 156 152.4 148.7 144.4 137.9 130.4 122 136.5 134 128.9 125 123.6 123.2 122.4 122.8 123 123.3 120.6 124 124.2 122.5 121.2 120.2 119.1 115.9 117.7 117.2 116.2 114.8 113.4 111.1 108.8 106.6 105.5 104.4 103.4 102.3 101.3 100.7 97.6 95.1 92.6 90.7 90.2 90.5 91.5 93.8 95.1 94 93 92.2 92.1 89.9 84.7 81.5 70.1 81.8 84 86.3 88.7 89.6 91.5 93.5 91 91.1 94.3 93.3 91.9 90.4 90.5 89.4 87 86.4 84.4 82.5 79.2 75.5 72 67.4
190.7 181.4 172.7 161.2 154.6 153 147.8 143.5 136.4 124.5 135.2 132.7 132.3 129.5 128.2 126.9 125.6 125.9 126.5 123.8 124 125.6 125 123.6 121.9 120.4 118.8 117.2 111.4 116.4 115.8 115.1 114.1 111.7 109.7 108.5 107.7 106.7 105.5 104.4 103.3 102 99 97.3 94.3 91.8 91.4 90.9 92.4 94.5 94.8 93.9 93 92.2 91.6 90.5 88.2 82.4 70.6 82.8 85.9 87.6 90.6 92.2 94 94 90.6 94.1 95.1 94 93.3 92.6 92.4 92 88.7 87.4 84.8 82.9 80.2 77.2 72.7 68.1
191.7 181.9 171 163.4 155.3 153 146.8 144.2 138.7 130.4 136.5 140.3 136.3 131.9 129.7 127.8 126.4 127.3 126.5 125.7 124.9 123.8 124.1 123.3 121.2 119.3 117.6 116 111.9 113.3 115.7 116 114.9 112.1 110.2 109.2 108.4 108.7 107.6 106.9 105.6 103.9 101.4 99.7 96 91.3 90.8 91.2 92.6 93.4 93 90.7 90.7 90.7 89.4 88.9 87.9 83.9 70.5 83.6 85.2 88.4 91.6 94 96.5 95.3 91.1 95.1 96 94.5 93.2 93.6 93.8 92.4 90.4 87.7 84.9 82 78.8 74.8 71.5 66.8
189.1 174.6 165.2 163.2 159.8 153.3 147.9 143.9 137 136 138.2 144.7 139.1 134.7 131.1 128 127 126.2 125.3 125.9 124.3 122 119.5 119.3 119.5 117.6 115.5 113.2 109.1 110.9 114.8 115.8 116 113 109.5 109.4 108.1 108.3 108.8 108.4 107.1 104.2 101.3 99.1 97.1 92.6 90.7 90.7 90.9 90.6 90.3 88.6 87.4 87.4 88.3 87.9 87.3 83.8 71.6 79.3 85.1 88.6 92 94.8 96.5 97.3 91.2 93.6 95.9 95.1 93.9 93.5 92.6 91.9 90.3 87.7 83.9 80.7 76 71.6 68.5 65
179.1 167.5 163.6 160.5 159.9 150.4 146 142 136.7 142.2 144.9 147.2 143.2 139.2 134.9 131 128 126.2 124.6 124.2 122.3 120.5 119.1 116.3 116.4 116.4 113.8 111.5 109.1 109.6 113.8 115.7 117.8 115.6 112.3 109.7 109 108.9 109.4 108.5 105.9 102.9 99.8 96.9 94.4 92.4 89.8 88.1 88 88.2 88.3 86.7 85.3 85.8 87.2 86.9 86.1 84.7 73.7 80.3 84.5 87.9 91.3 94.3 96.1 98.9 92.5 89.8 93.8 95.3 93.6 91.9 91 90.3 89 87.2 82.3 79 74.4 70 66.7 64.5
172.6 165.3 159.7 156.1 152.9 149.8 146.9 145.3 146.4 146.2 147.4 151 148.2 142.7 138 133.7 130.8 127.8 124.9 123.5 121.6 119.6 117.4 114.5 112.8 111.8 109.7 107.5 106.7 108.6 111.8 115.3 118 118.3 116.5 109.1 110.1 111.8 111.7 109.8 105.9 102 99.8 95.8 92.9 90.7 89.5 87.2 87.4 87.5 87.2 86 84.2 83.2 82.9 83.1 83.2 84.3 75.3 79.8 83.1 86.8 90.5 93.2 95.4 97.9 95.2 87.4 90.6 94.4 92.7 90.9 89.4 88.9 87.6 86 82.1 79.6 77.8 75.1 69.9 68.4
170.9 165.4 164.3 164.1 161.2 158.2 157.4 153 152.4 151.8 153.4 153.1 150 145.7 142.2 137.6 133.3 129.8 125.3 123.8 122.5 120.9 116.3 113 111.1 109.4 106.3 104.9 106 108.8 111.9 113.1 116.1 118.5 116.7 108.4 111 114.3 114.4 110.9 106.8 102.3 98.3 93.6 91.2 89.4 89.6 88.3 87.5 88.2 88.8 88.5 86.5 82.9 82 81 80.5 80.9 78.2 77.8 81.7 85.5 89.3 92.4 94.9 97.4 96.7 86.6 88.9 92.5 91.2 90 88.9 88.4 87.9 87 84.8 84.2 83 81.5 79.1 75.7
173.5 171.9 175.8 174 172.5 166.7 163.5 162.7 158.3 156.2 156.2 154.5 150.2 146.9 143.7 141 137 132.7 127.6 125.6 123.9 121 118.3 113.8 111.2 109.2 105.8 103.7 104.2 105.5 107.9 110.4 113.5 116 115.3 106.4 110.1 112.6 114.4 112.9 107.4 101.7 94.7 91 89.5 89 88.9 88.7 89.2 90.7 91.5 91.8 91.9 90.8 89.1 87 81.8 79.7 78.1 76.6 80 84.6 88 91.1 93.7 96.1 97.1 88.9 83.1 85.1 90.6 89.4 88.9 88.6 89.2 89.4 88.3 87.6 86.7 84 82.1 78.9
175.7 181.4 188.2 190.7 189.7 182.6 173.1 167.9 162.2 158.1 156.3 155.1 151.6 149.2 146.1 143 138 134.2 129.8 127.3 125.2 123.6 120.2 115.7 111.8 108.7 107.2 105.2 103.2 102.1 104.5 108.7 112.1 113.9 111.7 105.1 107.5 110.1 115.4 114.9 108.6 101.9 92.2 90.3 90.2 89 88.9 89.2 90.6 92.7 94.4 95.5 96 95.2 93.3 89.7 85.1 81.3 79.3 74.7 78 82.2 85.8 88.8 91.5 93.9 95.4 93.6 84 86 86.9 88.3 89 89 89.8 90.7 91 90.4 88.2 85.7 82.7 79.4
182.4 191 197.4 204.5 206.5 197.2 189.1 176.8 169.6 164.1 160.2 155.6 153.4 150.4 146.5 142.9 138.6 134.2 129.9 126.7 123.6 121.9 117.9 116.5 114 110.9 108 105.3 103.6 102.2 101.6 101.7 105.8 107.8 105.4 99.5 101.5 111.2 115.9 115.8 109.3 102.1 94.6 91.6 91 89.1 89.3 89.9 91.9 94.2 96.7 98 98.4 97.2 94.6 91.4 87.4 83.6 80.8 74.1 76.8 80.3 83.4 85.8 88.5 90.7 92.4 91.7 87.4 79.2 79.8 85.4 88.4 89.4 89.6 90.5 91.4 91.6 90 87.2 83.3 79.3
190 198.3 206.3 212.5 216.2 215.7 202.5 189.1 178.7 169.8 164.7 159.5 153.8 152.2 148.4 143.5 138.7 133.4 129.8 126.5 123.3 120.5 118.6 116.8 115.3 112.1 108.9 105.7 105.1 103.5 102.1 98.9 97.7 98.7 97.7 97 99.4 109.2 112.9 114.1 110.9 102.9 96.6 91.4 91.5 90 89.8 90.9 93.2 95.4 97.8 100 100.2 98.5 95.8 92.7 89.3 85.1 81.4 78.3 76.5 78.4 80.5 82.9 85.5 87.6 88.9 89.5 87 79.9 76.7 81.7 85.4 86.8 86.8 87.9 89.4 90.6 89.6 87.8 83.2 77.1
198.8 207.4 218.2 221.8 227.7 231.3 220.2 205.5 186.6 180.8 173.5 164.7 157.3 151.6 150.9 145.5 140.1 134.7 130.1 126.3 123.1 122.2 119 116.4 114.8 112.2 107.9 105.7 104.7 103.8 102.7 100.1 97.2 95.7 93.5 92.3 95.1 100.7 107.5 110.2 108 102.3 97.1 92.3 91.6 89.7 89.5 92 94.1 96.1 98.6 100.7 99.7 97.5 95.3 92.8 89.3 85.3 81.9 79.4 74.6 75.3 77.5 80 82.5 84.1 85.4 86.3 83.6 76.1 74.9 78.7 80 81.5 81.5 83.3 86.1 87.4 87.1 85.9 81.7 74.9
208.4 220.7 227.6 228.8 236.5 239.1 233.1 216.7 199.1 186.3 179.1 169.4 160.3 148.7 150.3 147.8 141.5 136.6 131.5 127.2 125.9 122.7 119.3 116.1 114.3 111.8 107.6 106.1 104.5 103.7 102.8 100.9 99.3 95.7 93.2 91.7 90.5 93.9 98.9 102.5 105.2 102.2 98.3 94.4 92.5 89.2 88.6 91.2 93.2 95.8 98.3 99.9 98 96 93.9 91.2 87.4 83.6 81.7 77.9 74.1 72.4 74.7 76.9 79.1 80.7 81.8 81.9 80.8 74.2 72 73.6 73.8 74.4 75.9 78.7 81.8 83.7 84 81.8 78.1 71.7
216.7 227.8 235.4 240.8 246.1 250.8 244.9 230.3 212.3 193.1 182.8 175.8 165.8 155.7 145.6 145.1 141.5 138.1 132.8 128.6 126 123.1 120.1 116.4 113.9 111.9 108.8 106.7 105 104.3 103.3 100.7 98.4 96.2 93.6 91.9 90.3 88.7 91.9 97.1 100.5 100.2 98.1 94.4 92.7 90.8 86.1 87.4 91.8 94.6 96.9 97.8 97 94.8 92.8 89.6 87.1 83.4 80.7 76.4 72.7 71 71.8 72.7 74.9 77 78 78.2 77.5 72.9 71.4 69.6 69.2 69.2 71.8 75.1 77.9 80.1 79.9 77.6 72.3 66.9
227.1 235.7 244.6 253 257.7 261.9 260.1 241 221.9 202.5 186.8 177 168.4 158.9 146.2 143.8 141.6 138.7 133.5 129.3 127 124.3 121.8 116.7 111.4 112.6 110.5 108.5 106.3 107.1 105.1 102.2 100.1 97.5 94.8 92.8 91.9 90.9 89 93.1 96.4 97.8 96.6 93.8 92.7 89.7 84.3 84 88.3 91.1 92.7 94.2 95.8 93.9 91.6 89.2 86.9 84 81.3 77.8 74.4 74.3 70.7 70.2 70.1 72.5 73.8 74.7 73.6 71.9 69.5 67.2 65.9 65.6 69.5 72.7 75.7 78.2 77 72.5 65.8 60.2
237.1 243.1 249.8 258.9 265.5 268.6 265.8 254.4 229.2 210.5 191.9 179.2 170.4 161.5 151.2 142.7 138.9 137.6 135.2 131.1 127.8 125.6 122.3 118.1 113.4 111.4 111 109.7 108.4 107.3 105.4 102.7 101.1 99.3 97.1 95 93.4 90.9 87.6 89.2 91.8 93.2 93.5 92 91 88 83.9 81.6 82.7 85.2 88 89.5 92 93.4 92.2 89.7 87.3 84.7 81.9 79.2 75.1 70.6 69.1 69 67.7 68 69.5 71.1 71.3 70 67.8 66.6 65.8 65.7 67.4 71.4 75.6 77.4 74.7 67 59.3 53.8
243.8 249.9 255.2 263 270 276.3 272.4 259.6 237 216.1 196.9 180 171.5 163.7 154.8 147.8 139.5 136.5 138 133.6 127.1 124.5 122.2 119.4 115.9 114.1 110.9 109.2 108 106.3 105 103.3 101.8 100.1 98.3 96.6 94.1 91.7 89.7 87.8 89.2 89.3 88.8 89 88.8 87.1 84.8 82.1 79.8 80.1 82.7 86.6 89.5 92 92.5 92.5 90.4 87 83.6 80.9 78.1 73.2 69.3 68.9 67.2 65.4 66.2 67.4 68 67.8 67.3 66.6 65.9 65 65.1 71.6 77.7 76.4 72.1 64 55.7 49.5
250.4 256.3 262.5 268.4 274.4 280.1 280.2 265.8 244.2 223 199.7 180.8 172.5 165.4 158.9 152.4 148.6 139.1 137 135.8 129 123 120.2 117.5 113.7 108.6 111.3 108.5 102.5 103.2 104.8 105.1 102.7 101 99.6 97.8 96 93.2 92.2 89.9 87.9 85.9 85.2 85.9 85.9 85.2 83 79.6 78.7 79.1 80.4 84.7 87.1 89.4 91.4 92.3 91.3 88.5 85.7 82.6 80.3 76.4 72.1 68.9 66.5 64.6 63.4 63.7 64.7 66.7 67.4 66.8 67.1 66.5 62.9 70.8 77.6 74.2 69.1 62.6 56.1 49.3
262.1 268.1 272.1 278 283 287.2 283.4 269.9 249.7 225.4 202.5 181.7 173.7 166.5 160.7 155.2 149.5 142.6 135.4 135.5 129.4 123.4 120.5 117.2 114.3 112.3 107.9 106 102.4 102.4 102.5 103.7 102.9 102.3 100.8 99 97.2 95.3 93.5 91.5 88.7 85.7 83.2 83.1 84.3 83.2 81.5 79.2 78.2 78.3 79.5 81.7 83.8 86.9 89.5 91.2 91.2 89.1 86.4 83.6 81.7 78.2 74.2 72 69.3 66.5 62.6 61.4 63.3 65.3 66.5 68.3 69.3 69.3 60.3 67.7 76.4 72.8 68.2 61.7 55.7 49.2
