STL Generation/terr50_gagg_gb/data/SO35.asc
ncols 200
nrows 200
xllcorner 330000
yllcorner 250000
cellsize 50
[rows 35 to 69 of 200, columns 0 to 77 of 200]
252.6 249.5 244.9 237.5 229.1 214.4 212.6 210.1 206 201.6 196.1 191.3 188.2 184.1 181.1 180.3 182.3 183.1 185.5 186.4 187.2 183.9 180.5 182.5 179.7 178.3 178.5 178.7 177.8 178.3 178.8 176.3 174.9 173.1 174.8 172.3 170.5 164.5 160.5 157.2 153.1 151.9 149 145.5 141.9 138.1 135.4 134.4 134 133.9 131.6 133.7 134.6 135.4 136.4 138 139.6 141.7 147.5 152.4 151.5 153.5 156.7 156.8 156.5 156 156.1 156.6 154.7 151.7 150.3 150.3 149.7 147.8 146.4 142.6 141.3 141.6
254.5 248.3 240.7 233.4 223.9 215.3 209.2 202.6 199.9 196.6 191.1 186.6 183.5 181 179 178.3 178.8 181 182.7 185 182.5 178.3 177.7 179.7 178.1 176.8 176.1 177 177.4 178 174.8 173 174.8 173.8 169.9 169 165.9 163.8 160.9 155.8 154.1 151.8 146 142.9 139 135.6 134.6 134 132.9 133.2 133.3 135.4 136.4 139.4 140.8 142.2 141.9 143.2 147.9 150 150.5 151.8 155.1 158.4 156.7 157.4 156.6 155.1 152.9 151.4 150.6 149 147.6 145.4 148.3 143.9 142.1 141
250.4 243.9 236.5 228.6 218.4 208.5 205.1 199.8 194.3 191.1 187 183.3 180.5 178.3 176.4 175.8 177.8 178.8 180.3 180.7 178.3 174.8 173.6 175.9 175.8 172.9 174.2 176.1 176.8 176.9 176.1 174.7 174.7 171.8 168.8 168.1 165.6 162.4 160.5 159.3 154 148.3 146.1 143.1 139.4 135.8 134.6 134.4 133.4 134.9 136.9 137.4 140.1 146.3 148.5 148.3 147.1 144.5 145.4 147.4 149.8 150.1 153 156.5 156.8 156.8 154.6 153.2 151.3 151 149.3 147.1 145.4 144.4 147.2 144.4 140.5 139.6
245.5 239.4 232.2 224.2 214.8 208.5 202.3 197.2 191.9 188.7 185.7 182.2 179 176.6 174.5 173.3 176.1 178.3 178.4 176.7 175.8 176.3 173 172.5 170.1 170.3 172.1 173.5 174.5 174.5 174.8 174.9 173.7 170.2 167.9 168.1 165.8 162.3 159.8 155.5 153.6 149.3 145.5 138.6 136.2 135.3 135.4 134.7 136.4 138.5 139.4 146.9 144.8 149.7 153.6 153.4 151.9 149.1 147.7 148.8 151.8 152.3 153.7 155.6 154.1 153.3 152.8 151 150.3 148.7 146.8 145.5 142.9 142 141.5 141.8 141.2 141.9
240.4 233.6 226.3 219.5 209.4 204.3 199.1 194.1 189.7 186.4 183.3 180.3 177.5 175 172.8 171.7 173.5 176 177 172.8 170.7 171.8 170.4 166.7 167.1 169.1 170.6 170.5 172.6 173.8 174.5 173.7 173.1 170.6 168.5 168.3 165.4 161.4 157.1 154.4 153.1 151.7 147.3 136.6 135.4 134.3 134.7 136 142.3 145.9 145.4 145.3 151.4 157.2 158.1 159.1 157.6 154.2 150.4 151.7 153.9 156.3 156.4 158.5 153.5 151.4 150.8 150.5 150.8 148.1 145.9 144.8 143.5 142.4 142 141.9 142.1 142.9
234.3 227.7 220.7 214.7 206.1 200.1 195.8 191.8 187.5 183.9 181 178.3 175.9 173.4 171 169.7 171.6 174 175.4 171.3 169.7 167.7 165.2 164.8 165.4 168 169.4 170.2 172.4 173.6 173.3 172.9 172.2 170.8 169.2 166.9 162 159.2 155.8 157 153.8 147 142.5 136.2 135.9 135.5 140.3 143.1 150.7 152 152.2 149.7 157.2 162.5 161 161.1 161.7 155.9 152.5 153 154.3 156.5 155.6 156.5 157 152.5 150.2 151.1 151 148.5 146 145.7 145 146 144.8 142.4 142.9 144.6
228.3 222.5 216 209.5 202.7 196.1 191.8 188.7 185 181.4 178.7 176.6 174.3 171.4 169.3 168.2 169.3 171.7 173.1 171.8 168.1 164.6 164.1 163.7 165 166.4 168.8 170.3 170.7 172.5 173.1 172.8 171.7 172.3 171.3 166.5 161.4 158.3 156.4 155.3 148.2 140.2 138.6 136.4 136 139.7 145 152.6 158.5 160.4 155.8 153.7 158.3 162.7 162.6 162 162 159.4 154.8 153.8 155.9 155.7 155.4 156.1 157.4 154.6 152.6 150.2 150 148.7 148.2 148.5 147.6 148.9 147.2 144.4 146 146.7
223.2 216.9 210.6 204 197.7 191.9 187.8 185.1 182.4 179.4 177.3 175.1 173.3 170.6 168.1 167.1 166.2 167.9 169.3 168.3 164.4 162.3 162.1 164.3 166.6 166.8 167.7 169.5 171.5 171.9 171.1 170.1 172.6 173.8 173.7 168.8 161.5 158.9 156.9 155.8 152.8 142.3 137.2 136.9 136.1 143.1 155.4 162.9 165.4 163.4 160.5 156.7 161.4 166.5 165.7 166.1 163.1 161.3 156.3 154.2 155.5 158.1 155.7 156.2 158 157.2 156.4 151.2 151 148.3 149.2 151.3 150.5 151 151.7 148.8 149.3 147.9
218.8 212.6 206 199.5 193.9 189 185 182.4 179.8 177.9 176.7 175.6 173.6 171 168.4 166 164.2 162.9 162.6 163 162.7 162 161.9 164.4 165.7 166.7 167.3 169.8 172.1 172.2 170.3 170.9 174.4 173.8 174.2 170.4 162.5 160.7 158.9 155.3 151.2 140.2 137.1 136.3 138.6 152.4 162.7 170.7 171.1 165.7 163.2 160.5 161.2 166.2 168.1 163.6 161.8 160.7 155.8 154.9 157.3 160.5 158.7 157.7 160.6 159.9 156.4 157.7 160.2 158.2 155.4 155.6 154.7 154.1 153.8 151 146.4 146
214.4 208.4 202.2 196 190.5 186.4 182.4 180 178.2 176.8 175.5 175 175 171.8 169.3 166.9 166.8 165.1 161.7 159.5 159.2 160.9 161.4 163 164.6 165.6 167.4 170.2 170.8 171.5 172.4 173.4 174.9 173.6 173.4 171.9 166 162.9 159.2 154.7 148.8 139.6 136.7 135.4 143.4 159.8 170.7 176.1 174.8 167.1 165.1 161.8 162.2 164.3 166.7 165 162.7 159.5 156.2 156.9 159.2 157.9 158.2 157.8 158.9 157.2 158 162.2 165.2 164 162.3 159.7 156.4 157.1 155.3 152 147 149.4
209.8 203.9 198.2 193.3 187.9 183.7 180.1 177.7 176.1 176.4 175.3 174.8 173.5 172.9 171.2 168.1 169.5 166.6 162.9 160.2 157.3 157.6 160 162.2 162.7 164.6 167 169.3 170.5 170.7 171.4 172.4 173.7 175 174.1 172 168.4 162.3 156.8 154 145.8 138.8 137.1 137.1 151.1 165.3 177.1 179.9 178.6 170.3 166.5 166.6 165 171.2 174.7 169.7 166.1 163.6 157.8 156.3 158.6 158.7 157.9 159.9 159.9 161.2 163.2 166.8 166.9 167.2 165.4 164.4 162.8 161.9 156.6 153.8 153.5 152.1
204.7 199.7 194.4 188.5 185 181.1 177.8 175.4 174.5 175.8 174.8 172.7 171.1 171.4 171.8 170.1 170.3 166.7 162.9 161 157.7 155.3 159.5 161.3 163.1 166 167.8 169.8 170 170.1 170.8 174.3 177.3 176.7 175.2 171.8 166.6 162.3 156.7 151.1 142.5 138.7 137.4 140.3 156 169.8 180 182.3 177.4 172.8 170.6 171.6 173.4 179.4 177.1 172.1 169.5 162.3 159.1 156.9 157.3 157.7 157.4 157.9 160.5 162.9 166.3 168 168 166.9 165.7 163.4 161.9 160.2 156.4 153.7 154 152.2
200.4 195.5 189.4 185 180.6 177.1 175 172.9 172.7 173.5 172.7 170.5 168.6 168.5 169.8 170.9 169.1 161.9 160.8 160.8 157.9 154 160.2 163.2 165.8 168.1 169 168.3 167.5 171 173.8 177 179.1 178.2 175.1 171.5 167.6 164 161.4 155.8 141.5 138.7 137 145.4 159.4 172.1 180.1 180.3 180.3 176.2 177.1 173.8 174.5 180.4 179.2 175.3 170 170 162.7 160.8 158.6 157.9 161.3 162.1 162.8 164.3 165 165.9 166.1 165.2 165.1 163.6 161.5 158.9 156.2 153.1 153.7 153.4
195.4 188.8 183.7 179.7 176.1 172.9 171.5 169.5 170.2 170.2 170.4 168.3 165.9 162.7 162.7 165.2 163.7 158.5 158.5 159.2 155.8 152.9 161.4 165.2 167.6 168.2 168.5 167.5 169 173.6 176.2 178 178.4 176.5 174.2 170.8 167.6 162.2 160.2 153 142 139.6 137.3 148.9 161.6 171.5 178.4 180.1 181.1 179.2 178.1 175.3 175.8 180.5 179.8 178.9 178.1 175.5 171.5 168.4 165.8 164.2 162.2 163.9 164 164.9 165 163.8 163.7 165 164.9 162.8 160.3 156.7 153.7 151.6 154.1 154.9
192.8 187.8 180.4 175.2 171.3 169.1 167.8 166.6 168 166.9 166.6 163.9 159.6 158.1 157.6 159.8 161.6 158.3 158.7 155.1 152.6 154.9 163 167.3 168 167.4 166.6 169 171.1 173.5 175.1 176.1 175.3 174.9 171.1 168 163.8 162.9 160.3 151.6 141 139.1 137.5 150.3 163 172.4 179.3 180.4 179.3 180.2 178.8 176.2 177.6 179.9 181.2 182.1 182.3 180.6 176 175.3 174.7 168 164.2 163.4 164 165 164.5 163.5 162.8 162.4 163.3 159.9 158.3 154.9 153.4 151.5 154.6 155.7
190.5 185 178.5 172.1 168.6 166.1 164.5 163.3 163.1 161.6 160 157.7 155.8 154.5 153.9 153.1 154.8 154.2 154.1 151.7 151.5 161.1 164.5 166.7 166.8 165.9 165.9 168.3 168.9 172.3 172.9 173.9 174.1 172.8 171.6 165.2 163 162.6 160.9 152.1 141.3 138.8 138.7 152.9 165 174.5 181.9 181.6 179.5 178.6 178.8 176.1 179.2 183.3 186.7 186.5 182.3 178.6 175.9 177 177.8 173.1 166.1 161.6 161.7 162.9 161.1 160.4 160 159.7 160 157.1 154.1 152.3 152 151.1 155.2 156.1
187.4 181.2 175.1 169.4 165.6 163.4 162 160.7 159.8 158.4 156.2 153.9 153.1 152.5 151.8 150.6 150.8 150.2 150.7 150.4 154.2 161.1 164.3 165.3 165.1 163.7 164.7 167.1 167.9 168.1 168.3 171.2 172.7 172 171 163.7 161.7 161.9 159.8 150.5 141.7 138.9 142 156.7 168.8 176.3 181.2 180.4 179.6 178.7 177.8 180.2 182.3 187.1 189.2 189.2 181.7 177.2 175.7 173.6 172.3 171.1 164.3 159 157 159.7 157.3 156.8 157.9 156.3 156.2 153.1 149.4 146.6 146.4 148.2 153.7 152.4
183.3 178.2 172.1 166.7 163 159.9 159.9 159.2 159.3 157.5 156.7 154 153.9 155.2 152.2 150.6 147.6 146.9 148.6 147.6 152.4 155.7 159.9 161.6 166.3 164.1 165.5 164.6 164.1 163.2 163 167.3 169 171.2 167.9 161.4 161.1 161.3 159.9 146.8 141.2 138.5 150.7 165 173.7 179.6 180.2 179.9 179.7 177.9 178.3 181.4 186.4 189.7 190.9 190.3 183.7 177.3 174.4 172.6 168.9 165.1 167.6 163.6 159.3 156.6 154.5 154.8 156.9 158.3 155.5 150.6 148.2 142.2 144.2 144 145.8 143
181.5 175.7 171 165.7 160.6 158.4 158.1 159 157.4 157.1 154.2 151.3 150.2 149.1 147.1 146.8 145.8 145.6 147.5 147 146 147.7 153.6 158 163.7 164.1 164 162.6 160 159.6 156.8 157.8 162.5 163 161.9 162.8 160.8 159.8 151.3 143.3 140.1 142 158.8 175.4 180.5 182.4 182.7 180.3 179.8 179.5 180.8 184.9 190.9 192.9 192.6 187.8 183 179.2 176.5 173.9 168.4 168.4 171.9 168.6 165.3 159.5 153.3 151.5 151.5 153.5 152.3 149.6 146.4 140.5 138.6 139.9 140.9 138.2
177.6 170.8 169.2 165.2 160.9 158.5 157.1 156.6 156.1 154.4 150.1 150.3 149.2 148 146.5 145.7 145.1 145.2 145.3 145.3 145.2 145 147.8 154.6 161.1 159 159 159.5 154.1 149.8 147.5 145.6 145.8 147.1 149.5 154.2 157.9 158.5 148.2 141.3 139.8 146.8 164.2 182.1 184 184.4 183.1 180.8 181 182.1 184.6 189.8 194.6 194.8 192 187.6 183.5 179.8 176.7 174.4 165 172.7 174.6 172.4 167 161.4 153.7 152.1 145.4 147.7 144.9 139.6 137.7 136.3 136.2 137.7 137.1 134.7
172.1 169.2 166.7 163.4 160.1 158.1 155.4 154.6 153.7 150.1 149.7 148.8 148.2 147.1 146.2 145.4 144.8 144.6 144.8 144.9 144.7 144.5 144.5 144.1 145.8 159.1 157.4 153.3 144.2 143.5 142.2 139.8 142.1 141.4 140.9 140.2 144.9 145.6 141 140.9 139.6 148.3 165.8 182.1 184.9 185.4 183.2 182.5 182.7 185.8 190.6 195 194.7 195.3 190.3 186.7 183.9 180.7 177.1 175.3 165.4 175.6 176 173.3 168.3 162.9 152.7 150.5 145.4 141.3 138 135.5 134.7 134.5 132.5 132.6 132.3 131.9
169 167.3 165.1 162.1 157.8 154.3 152.6 151.9 151.1 149.8 149.3 148.6 147.4 146.2 145.9 145.1 144.9 144.1 144.8 144.6 144.3 143.6 143.2 142.8 143 144.1 144.9 143.6 142.9 142.4 140.8 144.9 149.5 148.8 145.3 143.5 140.1 138.7 137.8 138 138.7 148.8 163.4 176 183.4 182.8 183.5 184.5 187.8 190.7 196.2 196.8 195.6 194.2 191.7 187.4 184 181.3 179.1 174.6 168.4 178.2 177.9 174.4 167.7 156.6 151.5 149.5 146.9 141.7 137.5 134.6 133.7 132.5 129.9 128.9 128.7 129
167.9 166.4 164.1 157.7 153.7 152.2 150.9 150.5 149.1 149.6 149 147.9 146.5 146.1 145.2 143.8 144.8 144.4 144.1 147.6 145.1 143.7 143.2 142.9 143.3 143.2 142.5 142.6 142.2 142.6 151.2 159.3 165.1 169.4 164.3 155.2 150.4 146.4 144.4 141 139.9 149.7 162.5 172.8 180 184.8 185.6 189.9 193.5 196.7 196.8 197 194.5 193.2 191.8 186.9 182 180.4 178.5 173.1 175.6 180.7 177.6 170.1 157.2 150.2 146.7 145.4 142.4 139.1 136.5 134.4 132.7 130.4 129.2 128.7 128.4 127.9
163.4 164.9 156.9 153 151.5 150.9 151.3 150.7 147.4 147.5 147 147.3 146.8 145.8 143.8 145.3 145.8 149.5 153 153.4 154.9 151.6 144.2 144 144.2 146 150.4 152.4 156.4 163.6 173.4 180.1 181.7 179.6 174.6 167.8 165.5 160.9 154.8 147.8 145.6 150.4 161.9 172.4 181.9 186.2 190.9 196.1 199.1 198.5 197.6 197.3 194.6 192.3 190.8 186.5 181.3 178.1 174.9 173.6 180 179.8 173.7 161.8 149.5 144.7 140.9 141.2 139.5 135.5 133.5 133.5 132.5 130.7 130.9 129.2 129.8 133.6
152.9 153.7 152.2 151.8 150.9 151.1 151.4 149.1 148.8 148.1 147.5 147.7 147 146.4 144.5 145.8 153.6 158.9 161.9 163.4 163.6 168.3 160.7 158.5 162.6 167.4 172.5 175.9 182 189.8 190.5 189.5 187.6 184.7 179.5 172.6 164.7 156.8 152.8 147.9 147.8 150.8 160.8 173.3 183 190.6 195.7 199.1 200.3 199.7 196.8 194.9 191.4 188.5 186.7 184.2 181.3 177.8 174.8 176.4 177.5 168.6 158.4 153.8 147 140.6 140.6 141.4 144.2 135.6 133.6 133.1 132.2 132.2 137.2 139.6 139.5 143.4
155.4 150.7 150.4 149.2 150.8 151.3 148.8 150 149.7 148.7 148 147.9 148.3 148.3 147.5 156.2 160.9 165.7 168.6 170.6 170.1 175 180.3 180 182.8 188.5 194.1 198.6 197.6 196.4 194.8 193 190.7 187 182.3 172 161.5 155.2 151.1 150.7 151.6 153.6 160.1 172 183.9 192.2 196.9 199.7 200.3 195.4 188 182.4 179.7 178.8 178.3 181.5 179.3 176 175.1 171.5 163.3 154.7 151.2 150.9 145.3 147.2 148.1 153.9 153 146.5 140.8 140.4 136.3 138.2 146.9 149.7 149.8 148.9
163.8 159.6 153.4 151.4 152.1 152.3 151 150.3 149.1 148.3 147.5 147.1 148.4 147.9 155.6 161.9 167.5 172.1 175.1 177.1 179 182 186.4 193 201.1 207 206.1 203.8 201.1 198.5 196.1 194.4 191.6 186.6 177.7 166.2 160 155.9 154.3 154.7 154.9 156 161.5 171.5 184.5 191.2 197.4 199.2 194.5 186.2 177.8 172.8 171.5 170.6 171.4 173.2 175.4 173.7 170.7 162.7 156.3 157.1 159.8 158.3 157.2 159.4 164.2 165.2 162 155.7 150.7 147.9 139.5 139.9 150 151.9 151.4 149.8
160.9 159.6 157.4 152.7 151.7 151.5 150.2 149.7 148.5 148.1 147.5 147 145.6 154.5 162.5 169.4 173.2 178.4 181.2 182.3 184.9 187.2 191.3 199.6 208.4 211.7 209.1 205.8 202.4 199.2 197.6 195.1 191.7 186.4 173.5 162.5 161.7 161.5 160 158.2 156.7 156.5 160.8 168 179.1 186.5 196.1 194.4 184.1 175.8 172.8 169.5 169.7 169.5 166.4 166.8 169.5 167 163.3 160.4 161.2 163.2 167 168.6 169.2 168.7 166.9 165.8 162.6 158.7 153.9 145.4 140.3 144.8 152.5 152.8 151.2 149.9
155 153.8 152.9 151.9 150.5 150.7 149.7 149.2 149.1 148.4 147.4 147.5 149.3 159.7 170.4 174 178.3 183.3 185.6 185.3 187.4 190 195.6 203.3 210.3 211.5 209.2 205.8 202.4 199.3 197.4 196.1 191.4 185.6 173.9 166.8 169.9 174.2 171.5 167.5 162.8 160.3 158.5 163.3 171.1 179 185.3 183.4 179.2 173.5 171.3 171 171.4 170.4 166.6 165.2 164 163.1 161.9 164.8 168.8 175.6 179.4 177 174.4 171.5 168 165.6 162.1 157.7 151 145 142.5 150.4 154.5 154.8 153.4 151.6
152.9 153 152.5 151.8 150.6 150.3 150.8 149.5 149.3 148.3 148.1 146.6 155.9 165.9 174.5 179.8 184 187.8 188.5 188 190.3 193.3 199.4 206.2 209.8 209.7 207.6 205.3 202.1 199.3 197.1 194.3 189.1 180.4 175.6 178.9 178.1 182.2 186.4 184.4 175.4 166.9 162.8 162.3 163.7 168.9 174.3 173.5 172.7 169.7 169.5 173.6 174.8 175.6 173 169.7 167.1 167.5 169.6 175.6 185.3 182.9 181.3 177.6 174.6 171.9 168.6 167.6 165.3 161.1 153.9 147.8 145 156.3 155.8 156.3 155.2 153.9
153.6 152.6 152.2 151.8 150.7 150.7 150.7 149.5 148.4 148.3 146.8 149.8 158.4 170.5 177.7 183.1 188.3 191.1 191.1 189.9 192.1 196.7 203.2 207 208.1 208 206.1 203.7 201.5 199.4 195.4 191.3 188.1 182.1 183.4 187.4 182.2 186.4 191.6 191.9 185 177 169.1 165.8 165.7 166.8 167.5 167.1 167.1 167.1 167.1 177.2 182.8 186.7 185 182.5 180.7 180.6 183.8 188.9 186.8 184.1 181.7 177.8 174.8 173.2 172 170 166.5 161.8 154.6 148.1 145.2 154.4 157.8 157.2 156.7 155.6
153.1 152.5 152 151.4 150.8 151 151.5 148.7 149.2 148.8 149.2 154.9 162.4 173.7 179.3 185.6 190.9 194.1 192.9 192.2 194.8 201.2 205.3 209.5 208.6 207.1 204.8 202.5 200.1 197.9 194.3 189.4 184.7 182.3 187.8 190 182.8 190 193.8 191 189.8 187.6 179.9 171.5 169.5 167.1 169.6 169.4 167.1 170.9 177.9 184.8 193.9 196.6 195.2 193.6 190.8 192.9 192.7 189.9 187.1 183.8 181.7 178.2 176.5 175.6 173.6 169.5 165.6 159.4 153.3 152.5 147.7 151.2 159.6 159.3 158.5 157.7
153.8 151.6 151.3 151 151.3 151.6 150.4 149 147.8 149.3 150.7 157.2 164.5 173.5 180 186.2 191.1 194.3 193.3 193.8 197.4 202.5 206.6 208.5 207.4 206.3 203.9 201.5 199.2 197 194.3 185.8 191.4 194.4 189.4 190.9 185.8 193.3 196.1 193.6 195.5 193.3 183.2 182.1 178.9 176.9 180.5 181.4 182.6 184.4 189.5 194.7 200.4 200.2 198.8 197.7 194.9 195.1 193.1 189.3 186.1 183.3 181.6 178.9 178.1 176.1 173.2 170 165.6 160.3 156.8 155.5 149 155.7 162 160.6 160.2 159.9
152 150.6 150.9 151 151.1 150.1 150 149.4 149.8 149.6 152.1 157.6 166.7 174 179.2 184.8 190.1 193.3 192.8 193.8 197.1 201.3 205.1 207.7 207.5 205.5 203 200.6 198.3 196 193 187 195.3 194.9 189.1 190 188.7 196.2 199.3 198.4 201 194.6 191.9 194.2 194.3 193.3 194.1 194.1 191.1 192.7 195.9 200 203.7 202.2 199 197.3 195.3 195.7 190.8 186.7 184.2 182.5 181.1 179.4 178 175.6 173 171.4 169.8 162.3 157.1 154.1 151.2 160.6 163.3 162.4 162.3 161.8
152.2 151.6 149.9 150.6 150.3 150.3 149.2 151.2 151 149.4 151.7 159 168.7 172.7 177.1 181 186.7 190.9 190 189.7 194.5 198.3 201.5 204.2 205.5 204.6 202.5 200 197.3 195.4 194.2 187.1 191.3 190 192.6 191.4 190.6 197.3 201.4 201.3 203.2 201.2 199.6 201.9 203.1 202 199 197.5 196.5 198.7 199.8 202.9 205 201.5 198.3 196.4 196 193.3 188.7 185.7 184 182.3 180.8 179.5 177.3 175 173.5 173.3 170.3 161.8 156.1 153.1 154.3 163.6 164.5 163.7 163.8 163.5
