STL Generation/terr50_gagg_gb/data/SO67.asc
ncols 200
nrows 200
xllcorner 360000
yllcorner 270000
cellsize 50
[rows 70 to 104 of 200, columns 0 to 78 of 200]
422.7 420.8 419.3 419.8 420.4 420.8 419.9 420.6 420.4 418.1 416.4 415.3 413.5 412.4 411.4 410 410.2 411.2 411.2 409.9 408.9 407.9 406.1 402.8 397.7 389.8 383.2 374.3 368.8 361.5 355.6 348.7 341.2 330.2 320.5 316.8 311.2 307.7 303.3 298.1 294.6 289.8 284.2 279.6 275.4 271.1 268 264.7 261.6 258.9 256.3 254 251.6 250.6 248.8 245.7 241.9 238 233.6 230.1 227.2 224.4 222.5 218.1 212.7 207.5 201.6 195.7 188.5 183.4 177.8 172.2 168.3 167.8 169.2 170.4 164.6 160.2 154.7
418.1 416.2 416.3 415.1 416.2 417 416.9 417.2 417.1 414.9 414 415.1 413.6 409.7 408.4 406.8 407 407.8 407.9 406.3 405.2 403.9 400.9 396.3 390.3 380.6 370.2 363.5 358.4 351.8 347.2 342.2 334.9 325.3 319.6 315 308.2 303.8 297.5 295.6 292.1 286.4 280.7 276 271.6 267 262.8 260.6 257.6 255 252.4 248 244.9 244.6 243.4 241.2 238.8 234.5 230.3 226.6 223.6 221.3 218.6 215.9 212.3 206.6 201 195.4 188.9 183.5 178.6 171.9 167.9 165.9 164.4 166.5 164.4 159 154
415 413.3 411.4 410.1 411.5 412.3 413.3 413.4 413.7 413 413.5 413.7 409.1 407.3 405.7 404.2 403.4 403.9 403.9 402.5 400.9 398.6 395.4 390.1 383.8 374.2 364.6 359.7 352.7 345.1 342.7 338 331 322.7 318 308.9 304.7 301.1 295.9 292.6 289.6 285.1 278.9 274.8 269.6 264.4 260.8 255.4 252.7 249.8 246.8 240.4 238.2 238.6 237.7 236.2 234.3 232 227.7 224.2 220.9 217.6 215 212.5 208.6 204.8 200.9 195.5 190.3 185 179.1 173.1 168.9 165.9 160.1 161.2 161.7 155.7 153.4
411.1 407.5 405.4 404.9 406.3 407.8 409 410.3 410.9 410.6 410.3 408.8 407.6 405.1 403.5 401.9 400.8 401.1 400.4 397.6 395.8 393.6 388.7 382.2 374.4 366.3 356.5 349.5 344.7 341.5 337.5 332.6 327.1 320.5 314.3 307.5 302.7 299.5 294.6 289.5 286.3 283.2 277.4 273 267.3 262 257.1 252.5 246.7 243.5 240.5 235.4 232.3 232 230.9 230 229.3 227.6 226 222.6 219.1 215.4 212.1 209.1 205.6 201.7 198.9 195.2 191.4 185.1 179 173.4 168 163.8 159.6 157.5 158.7 154.2 156.8
406.2 402.6 400.3 399.9 402.8 405.6 407.4 408 408.7 408.6 408.3 407 405.4 403.6 402.3 400.8 398.2 397 395.6 392.8 390.5 385.1 376.9 370.1 364.1 359.6 350.3 341.9 341.8 338.1 332.6 326.9 323.1 317.7 312.2 306.5 302.3 298.6 294.3 288.8 283.6 279.8 275.9 269.5 264 258.6 254.8 249.8 245 241.1 237.2 232.9 226.4 225 224.6 224 223.4 223.1 222.4 220.2 217.2 213.4 209.2 205.6 203 198.9 196.5 193 188 182.7 177.5 172.2 167 162.4 158.9 154.3 152.3 150.4 162.8
401.9 397.9 395 396.5 398.3 400.8 404.5 404.6 406.1 407 406.7 406.3 403.7 402.7 401.7 400.1 395.5 391.2 389.7 389.6 380.1 372.5 369.5 364.3 358.4 352.1 344.4 339.2 338.5 333.1 327.7 323.3 321.1 315.2 309.1 305.4 301.8 297.4 292.8 288.2 282.9 278.4 274 268.3 261.4 256.7 252.4 246.6 241.4 238.1 232.8 229.8 224.9 217.2 217.3 217.8 217.4 217.5 218.5 216.8 214.1 210 204.7 201.5 199.3 196.2 193.2 189.2 184.2 180.1 175.6 170.6 164.9 161 157.9 153.5 149.1 152 166.3
398.4 394.9 391.1 391.9 393.9 396.1 399.4 401.5 403.2 405 404.4 402.9 401.2 400.6 399.2 395.7 392.3 387.5 381.9 377.9 371 366.5 362 357.3 350.5 343.4 339 336.1 334.9 327 323.1 320.1 314.6 309.1 306.4 303.3 300.1 296.4 291.8 287.2 282.9 277 271.9 266.8 258.3 253.3 248.7 242.7 238.2 234.1 230.3 224.5 220.9 217.4 209.5 211.4 211.5 212.5 213.7 213 210 205.8 200.3 196.9 195.4 194.3 190.2 186.4 182.8 178.1 174.2 169.7 164.2 159.9 156.2 151.5 148.7 157.9 168.4
391.9 391.6 386.7 387.1 390 392.4 397.1 401 402.3 403 401.6 399.8 397.1 396.8 393.3 390.4 387 381.4 372.2 365.2 364.2 360.4 352.7 347 341.1 337.1 334.2 331.2 326.6 323 319.7 314.5 309.8 305.5 302.1 300.6 298 294.6 291 286.6 283.1 277.5 271.7 265.6 258.1 251.4 245.7 238.8 234.2 230.8 226.6 221.3 214.4 213.3 206.8 204.3 205 206.6 207.8 205.7 203.3 199.2 194.8 191.2 192.1 190 187 186.2 182.5 178.7 173.3 169.1 162.7 157.6 152.9 149.1 151.1 160.3 164.9
387.6 385.6 380.9 383.5 387.2 390.5 395.6 400.7 401.1 401.1 398.8 397.1 391.5 387.4 382.8 379.4 374.7 370 364.5 361.8 357.4 352.3 344.6 339.7 335.2 332.5 329.1 325.6 323.5 321 314.2 310.9 306.4 301.9 298.4 296.6 295.3 292.2 288.8 285.6 282.2 278.3 272.9 267.5 261.3 253.1 246.9 239.7 229.4 225.3 222.3 218.4 213.3 206 200.9 196.3 195.7 199.1 200.1 199.7 197.4 193.5 188.8 185.8 188.1 183.2 182.4 183.3 181.6 178.5 172.7 166.5 160.4 156 150.9 146.5 155.7 160.1 162.4
385.9 380.3 375.8 380.8 386.2 390.4 394.3 398.1 398.2 395.6 392.9 388.1 381.8 377.4 375.2 371.2 367.5 363.1 358.4 355 349.5 344.6 338.5 333.9 330.3 328.4 324.1 320.6 318.4 314.1 310.2 306.5 302.5 298.5 295.3 293 290.6 288.9 286.4 282.8 280.1 277.3 273.5 268.8 263.4 256.7 251.4 245.4 237.6 227.6 215.6 212.6 210.3 204.9 197.8 194.6 190.1 190.8 192.7 194.2 191.4 188.7 182.9 183.4 183.7 176.4 176.1 178 177.8 176.2 172.1 165.9 160 155.4 151 143.9 155 157.6 162.1
387.2 380.8 380.4 378.4 385.4 390.1 391.2 392.7 390.8 387.5 379.3 375.5 373.2 369.9 367.6 365.9 362.6 358.2 353.1 349.1 344.3 339.8 334.4 328.8 326.2 323.5 319.9 316 312.4 309.4 306.3 302.5 298.9 295.6 292.3 289.9 287.4 286.2 283.3 280.3 277.9 275.2 272.3 268.3 264.8 260.1 255.1 248.2 239.8 230.8 221.3 211.6 205 200.4 196.1 191.7 187.8 184.1 185.7 186.8 186 182.8 177.4 179.8 177 169.5 169.8 172.5 172 171 169.6 165.6 160.8 156 148.2 145.4 152.3 158.4 164.4
387.8 378.6 368.7 376.4 379.3 382.5 382.4 382.1 378.4 373.3 370.9 368.4 366.3 364.2 362.1 359.7 355.5 352.4 345.9 343.1 339.4 334.3 329 324.9 320.8 318.2 314.7 311.5 308.4 305.3 302.3 299.5 296.3 292.6 289.5 286.9 284.4 282.4 279.6 277 274.2 272.5 269.4 265.7 262.7 260.3 255.4 249.6 241.2 232.7 224.8 216.5 210.3 203.4 196.1 191.5 188 182.2 178.9 178.2 178.1 174.3 172.6 175.4 169.7 164.9 165.4 166.6 166.3 166.1 166.3 165.6 161.4 156.6 147.9 144.5 154.4 160.8 166.6
378.5 369.4 358.9 363.7 364.8 366.8 370.1 370.8 368.6 365.5 362.9 360.4 359.1 357.4 354.6 351.2 345.6 342.7 339.2 335.8 332.1 327.1 323.7 318.8 315.2 312.7 310.2 307.6 304.5 301.7 299.4 296.9 293.7 290 286.1 282.6 280.7 278.5 276.1 273.9 271 268.7 266 263 260.1 256.6 252.5 247.8 242.7 236.2 228.9 221.7 213.2 206.4 199.4 195.4 191 186.2 182.5 177.1 173.6 170.1 169.3 168.4 165.3 163.3 162.3 162.3 162 161.7 162.1 162.3 160 154.9 148.3 143.9 154 162.4 168.6
368.7 362.9 355.1 350.4 351.8 355.9 361.1 363.2 362.9 360.2 356.6 353.3 351.9 349.3 346.9 344.2 339.7 334.9 332 327.8 324.5 320.9 317.5 313.2 309.7 307.4 305 302.7 300.5 298.2 296 293.7 290.6 287.4 283.5 279.7 276.8 274.6 272 270.5 267.4 264.4 262 259.4 257.2 253.6 249.8 246.1 242.4 237.4 231.6 223.9 213.2 208.4 205 201 195.8 191.3 187.2 181.6 175.2 170 167.4 164.7 161.7 161.3 160.7 158.7 158.4 157.8 158.8 161 160.6 155.6 147.6 143.7 153.3 162 169.4
364.3 359.2 350.7 343 346 350.9 353.8 354 354.2 353.3 349.6 346.7 345 342.1 339.6 336 332.3 329.3 325.9 322 318.4 313.8 310.3 307.1 303.6 300.9 299.9 298.4 296.6 294.2 291.8 289.3 286.5 283.3 280.6 277.3 273.8 270.8 267.8 266.3 262.9 259.9 257.4 255.1 252.9 249.8 247.3 243.9 240 236.7 231.7 225.9 220.8 216.3 212.8 207 200.2 197.4 192.7 185.9 179.1 172 168.8 164.8 159.3 159.4 157.4 155.6 154.5 154.9 157.3 160.7 161 155.8 147.9 144.5 153.2 160.6 168.8
362.8 356.1 347.4 340.5 329 344.8 347.2 346.4 345.4 344.1 341.9 339.2 337 334.4 331.6 328 324.5 322.7 319.3 315.8 312.2 307.2 303.4 300.9 297.4 294.3 293.4 292.9 291.7 289.3 287 284.7 281.9 279.2 276.9 273.6 270.9 267.3 264.3 261.6 258.6 255.5 252.9 249.8 247.8 245.5 243.2 240.3 236.9 233.8 230.8 226.7 222.6 218.7 215.5 210.9 207 203 199.3 193.5 187.3 178.8 173.2 168.8 164.8 160.6 156.9 153.1 150.9 150 154 157.7 157.1 152.4 146 143.9 153.9 161.6 170.4
361.3 354.4 345.9 336.6 320.7 327.3 336.6 337.7 337.6 335.6 333.8 331.9 329.2 326.8 323.9 320.4 317.4 315.3 312.1 308.9 305.5 301.7 297.7 295.2 292 288.7 286.6 285.7 285.2 284 281.7 279.7 277.5 275.1 272.7 269.6 267.1 265.2 261.5 258.7 255.2 251.3 248.7 245.1 242.5 240.2 238.3 236.4 233.5 230.5 227.2 223.8 221.2 219.1 215.9 212.5 209.6 205.5 200.6 196.6 192.5 186.3 179.3 174.4 169.5 164.7 161.7 158.2 154.4 149.6 148.6 152.6 152 148.8 144.7 146.6 157.2 164.1 172.3
361.7 355.4 348.2 336.7 318.9 311.4 321.6 329.2 328.6 327.5 325.9 324.8 320.9 319.1 316.1 313.9 310.2 307.7 305.6 302.7 298.8 295.4 291.8 288.8 286.6 283.6 280.9 279.7 278.9 278.2 276.6 274.7 272.9 270.6 268.3 265 262.6 260.2 258 254.6 250.6 246.8 244 241.1 237.3 234.5 232.8 230.5 227.9 225.6 223 220.1 217.7 216.1 214 210.7 208.8 204.8 200.7 196.9 192.5 187.5 183 178.7 175 170.5 167 163.2 158.3 152.7 145.6 146.2 148.1 144.8 142.6 156.1 161.8 166.2 173.7
362.2 355.1 346.1 332.9 320.7 295.1 306.1 318.5 320 319.3 318.5 314.9 311.7 310.1 309.1 306.4 304.1 300.9 298.3 296.5 292.9 289.9 286.7 283 278.4 277.4 275.2 273.9 273.3 272.7 271.8 268.8 266.4 264.7 262.9 260.3 257.7 255.3 253.1 250.8 246.1 242.2 239.1 236 232.2 228.3 226.5 223.7 221.9 220.3 218.2 215.8 212.6 210.6 209.8 207.1 206.5 203 200.5 196.2 190.3 186 180.4 176.8 175.7 174.7 169.2 162.9 155.1 149.1 146.1 142.2 142.6 138.2 150.5 158.8 164 169.4 176.3
357.6 350.2 341.4 330.9 317.6 296.7 289.3 301.7 308.7 310.1 307.8 301.8 297.3 300.7 302.5 302.5 298.8 295.3 292.2 290.2 287.4 284.8 281.8 277.3 273.5 271.7 268.9 268.6 267.4 267.4 266.4 263.9 260.5 258.6 257.1 254.6 252.7 250.4 248.3 246.3 243.2 238.4 234 230.1 225.4 221.8 219.3 216.7 214.6 214.2 211.5 208.6 205.6 204.3 203.4 202.9 203.3 200.5 199.4 194.7 188.3 181 173.8 170.7 168.4 166.6 165.3 161.8 154.1 147.5 146.2 139.9 138.7 150.7 157.7 163.5 168.2 173.1 180
352.2 344.8 337 328 316.3 299.1 278.6 278.5 296.9 299.5 295.9 289.5 289.1 296.2 298.4 297.4 294.4 290.6 287.2 284.7 282.6 278.5 275.3 271.6 268.1 266.4 264.8 261.4 261.3 261.4 261.1 258.8 255.6 253.1 251.9 249.4 247.5 246 244 242 239.7 235.4 230.4 224.6 219.5 215.8 213.1 208.8 206.9 205.9 205.3 202 197.6 196.7 196.7 197.3 197.8 197.1 195.6 192.1 186.4 179.4 173 165.3 161.8 160.4 159.1 158 150.5 146.3 140.8 134.7 149.6 157.8 164.8 168.8 173.2 177.8 181.7
345.6 338 330.6 324.6 312.3 297 278.4 263.1 274.9 287.8 283.2 284.5 287.5 291.8 293.6 292 289.1 286 282.4 279.1 274.9 272.9 270.2 266.6 263.4 262 262 257.3 254.2 255.7 255.3 254 251.3 248.7 246.8 245.6 243.7 242 240 238.1 236.1 232.3 227.6 222.9 217.3 210.9 207.5 203.7 199.9 197.1 195.4 194.7 191.7 190.3 189.5 189.7 190.6 191 190.6 188 184.4 178.9 173.7 167.4 163.8 155.9 154.1 149.3 145.6 143.1 135.3 135.8 152 161.7 168.3 172.8 176.3 181.2 180.9
338.5 331.4 324.4 316.1 306.1 296.3 277.6 262.5 261.8 271.9 275.8 279.2 282.9 286.9 287.3 286.7 283.8 281.3 277 273.1 270.7 268.5 265.5 263.6 260.2 258.7 258.5 255.8 248.4 249.1 249.5 248.9 247 244.4 241.7 240.4 238.6 236.9 235.5 234.1 232.2 228.8 224.9 220 215.4 210.2 205 198.6 194.3 190.3 188.1 186.4 186 184.5 183.6 183.3 183.1 182.8 183.4 185.1 183 180.1 176.7 173 169.3 163.5 158.4 152.2 147.4 143.5 136 135.4 151.8 161.6 168.6 172.5 173.9 175.1 177.5
331.9 324.9 318.9 309.7 299.2 289.7 276.3 263.3 251.3 262.4 265.4 270.9 276.1 280.9 281.1 281.6 279.9 276.8 273 269.2 264.4 263.9 258.1 257.7 255.8 254.8 254.7 249.7 245.1 243.8 243.7 243.6 242.5 239.8 236.6 235.1 233.5 232 230.4 228.8 228.2 226.2 223.4 219.9 214.8 210 204 198.9 192.8 188 184.6 181.1 179.5 178.4 177.7 177.4 176.7 176.4 176.7 175.5 176.9 175.1 171.1 170.5 171 166.4 160.6 155.5 149.6 145.9 136.4 134 149.6 160.2 165.2 166.4 167.4 171.2 176.9
326.3 319.9 312.6 302.8 294.3 280.8 267.7 257.5 246.3 250.4 253.9 263 270.5 275.4 275.7 275.8 275.1 272.1 269.2 264 259.2 258.6 254.4 253.2 251.5 251.7 250.6 244.6 240.9 237.9 237.8 237.6 237.8 233.6 229.9 228.7 228 227.1 225.7 223.8 223.2 222.8 222 221.1 216.9 212.6 207.4 199.8 193 188.2 184.7 180.8 177.5 173.9 171.8 171.2 170.7 170.1 170.3 169.4 167.9 165.9 164.9 166.3 168.4 165.4 161.2 156.7 151.5 145.7 137.7 130.9 147.6 154.7 156.8 160.2 166.3 172.7 178.4
319.6 312.9 306.7 299.1 286.5 269.9 262.7 252.1 240.8 238.8 245.7 254.7 260.5 265.8 266.5 269.2 270.8 268 265.1 260.9 256.3 253.5 252.6 249.2 244 246.1 247 242.5 237.7 233.4 234.2 234.9 233.3 229 225.1 223.3 221.8 222.3 220.9 218.9 217.7 216.8 217 217 214.3 211 206.4 200 195.7 190.7 186.7 182.9 179.1 174.7 170.7 168.6 165.8 165.6 163.8 163.2 161.6 159.5 159.6 161 162.4 161.8 160.3 157.7 153.7 146.9 137.4 128.8 144.6 148.2 155.9 163.2 168.2 171.8 177.4
312.5 306.1 301 288 275.1 264.2 255.4 245.2 236.7 233.7 234.7 243.5 248.8 255.8 257.9 261.9 264.6 263.4 260.9 258 254 249.9 248.5 247.6 243.8 240.7 244.4 241.6 237.2 232.2 228.3 228.7 228.1 225 221.2 218.2 216.6 217.2 216.1 214.3 213.2 211.6 211.1 210.3 209.5 207 205 202.7 200.6 199 194.2 188.5 183.4 178.4 174.1 171.2 165.1 161.9 159.5 158.4 155.5 155.1 155.8 157.1 158.3 158 155.9 156.1 153 147 139.1 129 138.7 150.1 158.3 161.5 164.1 168.6 173
305.2 299.5 290.6 275.6 264.2 255 245.3 239.3 233.2 229.8 228.2 233.8 240.9 245.7 250.9 255.2 257.7 257.6 257.1 255.3 249.4 247.5 243.1 242.3 240.6 234.3 237.7 240.8 238 233.9 228.7 223.8 222 220.2 217.1 213.9 212.6 212.5 211.6 209.9 208.4 206.6 204.6 204.3 203.8 203.4 203.4 204.5 204.6 204 203.6 197.4 190.3 185.1 180.2 177 171.4 165.4 161.7 159.5 156.7 154.1 152.8 152.5 154 152.8 151.6 152.2 150.2 144.1 140 129 136 148.7 154.1 155.6 158.9 164.8 169.3
297.5 290.9 278.9 268.1 257.5 246.6 239.1 234.3 229.7 226.7 224.2 226 233.7 241 243.9 248.1 250.2 252.2 251.5 248.6 246.2 244.2 239.9 239.3 237.5 232 232.7 236.3 236.3 235.7 233.3 227.2 220.1 217.2 213.4 210.3 208.8 207.5 206.7 205.5 204.7 203.6 202.1 201.4 199.7 199.7 201.1 203.4 205.9 207.4 208.5 204 198.5 192.1 187.7 183.7 177.6 170 166.4 162.4 159.9 156.6 152.4 148.9 148.8 147.1 145.5 144.6 142.9 139.8 136.9 128.6 130.8 141.9 148.6 152.5 155.5 159.3 163.1
289.1 279 270 262.7 250.6 240.1 235.2 230.7 226.3 223.1 220.4 221.7 227.9 234.1 237.2 243.8 246.8 247.5 247.3 245.2 243.1 240.2 235.4 231.1 234.2 229.7 228.8 232.5 235.9 236.2 236.4 235.5 231.8 226.5 223 215.5 208.2 204.7 203.1 202.3 202 200.9 198.7 196.3 194.5 195.2 199.6 202.1 204.9 208.2 209.9 207.4 204 200.2 196 190.5 183.9 176.9 171.8 166.1 162.1 159.3 156.1 150.6 149.9 148 146.5 145.6 143.7 138.7 135.7 132.5 128.9 134.6 144.6 149.1 152.5 154.3 158
280.5 269.1 262.7 253.5 241.7 235.9 231.7 227.5 223.5 219.8 216.9 217.1 222.9 224.5 230.9 239.9 242.4 242.6 242.8 242.1 240.5 237.1 232.8 227.5 229.2 227.8 227.2 231.9 235.9 236.6 237.7 239.4 237.6 234.1 228.4 220 211.6 206.2 202.3 198.6 198 196.5 193.1 191.7 189.5 191.1 194.5 199.8 203.9 207.2 208.7 208 206.3 204.7 202.1 197.4 190.8 185.5 178.1 172.3 165.1 161.6 158.6 156.1 156.5 157 157.9 157.5 152.9 145.2 140.5 136.6 128.5 126.8 135.7 144.2 149.3 151.2 155.7
273.9 265.3 257 244.7 238 232.7 228.5 224.4 220.6 217.2 213.7 213.3 215.2 218.5 228.5 236.2 235.1 233.8 235.6 238.2 236.7 234.3 229.3 225.9 221.4 220.6 223.9 230.6 233.9 235 236.2 237 238.5 236.1 230.1 223 217.4 212.9 205.2 201 194.1 191.7 189.9 188.5 185.4 186.1 188.4 194.6 202.8 203.7 204.9 205.5 205.4 204.6 203.1 201.1 196.8 190.8 185.2 177.4 168.5 165.5 163.6 161.7 163.4 164 163.4 159.7 153.6 145.3 139.4 136 129.9 124.3 136.2 141.6 145.7 149.4 152.7
267.8 259 249.9 237.6 234.3 229.5 225.4 221.3 218 214.7 211.1 208.9 210.6 217.3 227.7 231.6 230.6 227.2 227.9 232.4 232 230 227.7 222.6 216.6 215 221.9 228.3 229.6 230.5 233 236.5 237.6 236.6 232.4 227.7 225.2 221.7 217.3 212.1 207.5 200.9 197.2 192 186.6 183.3 183 186.3 191.8 197.2 200.8 202.8 203.9 204.1 202.8 201 198.3 194.4 187.2 182.7 178.9 175.9 171.6 170 171 170.7 167.9 161.1 153.1 143.9 138.9 136 130.2 123.9 135.4 138.3 141.5 145.9 148.1
260.9 255.7 241.4 233.6 230.3 226.2 222.1 218 214.4 211.4 208.2 205.5 207.5 215.4 223.9 226.4 225.2 219.8 220.9 225.3 227.9 227.4 224 218.6 214.6 211.8 217.3 223.9 224.4 226.2 229.8 234.4 236.1 235.4 234.7 231.7 229.6 227.1 223.5 219.2 216.6 211.1 204.8 197.1 191.4 185.1 179.2 179.2 183.9 189.9 194.5 198.7 201 201.9 201.8 200.1 197.6 196 192.5 189.7 187.9 183.6 179.9 177.6 178.5 176.3 170.4 162 153 144.4 138.7 134.4 128.6 123 130.1 134.3 136.5 139.1 142.7
252.1 250 234.9 229.9 226.2 223 218.9 214.7 210.6 207.6 205 203.4 206 213.2 219 221.1 221.5 216.1 214.5 221.5 224.9 226.3 221.7 215.9 211 209 215.5 217.5 217.5 219.4 227.4 231.1 234.5 235.3 234 232.1 230.4 227.9 224.8 220.6 217.2 211.9 206.7 200.5 195.7 190.2 182.8 177.6 178.5 184.1 188.5 193 195.9 198.6 199.8 199.3 197.9 197.2 196.2 194.5 191.5 187.4 185 182.6 180.7 177.8 173 166.4 157.7 147.2 139.5 134.3 126.6 124 136.3 141.3 144.8 147.9 151
