STL Generation/terr50_gagg_gb/data/SO68.asc
ncols 200
nrows 200
xllcorner 360000
yllcorner 280000
cellsize 50
[rows 105 to 139 of 200, columns 0 to 77 of 200]
449.3 442.2 434.6 422.8 416 406.6 396.2 387.9 391.3 392.1 360 349.9 350.7 344.2 335.8 327.4 321 316 311.5 305.9 301 296.1 291.7 287.3 283 279.4 275.6 272.4 269.4 267 264.9 262.5 259.7 256.2 251.8 247.5 242.4 236.9 232.6 228.5 224.9 223.2 221.1 218.9 217.2 214.9 213.2 211.4 209.5 207.3 205.2 203.7 201.7 199.2 198.1 195.4 196.8 196.4 194.9 192.7 190.3 188.1 186.4 185.2 184.3 182.5 180.4 178.1 175.5 173.4 172.2 169.6 169.2 169.6 174.3 175.3 173.3 172.6
450.2 441.1 434 425.6 417.6 407 397.5 390.6 380.4 373 361.9 353 339.8 333.2 332.8 324.5 316.9 312.5 309.1 304.7 299.9 295.1 291 286.8 282.5 278.1 274.2 270.7 267.6 264.4 262.1 260.7 258.9 255.8 251.4 247.3 242.6 237.5 233.4 229 225.1 221.9 219.3 217.7 215.9 213.8 211.7 209.6 208 205.6 203.8 202.3 200.5 199.3 198 196.1 194.7 194.2 193.1 190.8 188.4 186.3 183.1 182.3 181.4 181.2 179.8 177.5 174 172.7 170.9 169.6 168.2 166.5 169.3 174 172 171.3
447.3 441 433.2 425 418 407.6 400.2 390.7 381 370.6 359.3 348.8 340.4 331.2 322 315.7 311.2 307.3 304.1 299.5 295.5 292 287.7 283.2 279.7 276.4 272.6 269 265.7 262.5 259.7 256.5 253.7 253.2 250.4 246.2 242.5 237.3 233.2 229.2 225.6 221.7 218.1 216.6 214.6 212.5 210.4 208.3 206.8 204.7 202.8 201.4 199.9 198.8 197.7 195.5 193.9 192.3 190.5 188.2 186.9 184.6 183.1 181.1 179.6 178.4 176.7 176.1 173.3 171.9 170 170.5 167.6 166.1 165.9 168 169 169.8
445.8 438 430.5 424.5 416.2 409.1 401.5 391.8 381 371.7 362 351.5 342.2 333.7 326.4 319.8 313.8 308.4 302.9 296.9 291.5 287.1 283.2 279.9 275.8 273.2 269.4 265.6 263.1 260.3 257.6 254.4 251.1 249.4 247.2 244.4 240.4 236 232.2 228.5 225.1 220.9 219.2 216.5 214.1 211.7 210.7 208.9 206.5 204.4 202.7 200.9 199.2 197.5 195.9 194.3 192.2 189.9 189.4 187.5 186.7 186.7 185.1 183.6 182.3 180.1 178.4 176.2 173.4 174.9 174.5 174 171.6 168.6 166.4 164.4 166.1 167
443 435.7 429.2 422.7 414.7 408.6 398.8 388 377.6 368.8 360 352.7 344.5 335.7 328.7 321.7 315.4 310.3 304.4 299.1 293.6 288.2 283.2 278.8 273.6 269.8 265.7 261.3 258.9 256.9 254.5 251.5 248.3 245.1 242.6 240.4 237.4 233.9 230.3 227.4 224.4 221.7 219.6 217.2 215.4 213.5 211.1 209.5 207.8 206 203.2 201.2 199.4 197.4 195.8 194.3 193.5 191.3 190.8 190.5 189.4 188.4 187.1 185.7 184 182.4 180.9 179.3 178.4 177.4 176.3 174.9 173.5 171.1 167.9 164.4 163 162.9
443.3 436.3 428.8 422.1 415.2 409.1 400.2 393.4 384.9 375 363.4 354.8 346.7 337.9 330 323.8 317.8 312.3 306.6 301.1 295.7 290.2 285.1 279.9 275 270.4 265.8 261.2 257.9 254.7 251.5 248.5 245.5 242.8 239.8 237.6 235.6 231.9 229.3 226.4 224.4 222.3 220.2 218.5 217.5 216.3 215 212.1 210.5 208.1 205.4 201.9 199.7 197.4 196 194.9 193 191.9 190.9 189.2 188.3 187.5 187.2 186.4 185.1 183.7 181.9 180.7 179.2 178 176.9 175.7 174.7 172.7 170.2 166.6 164.4 162.3
443.5 438.4 429.7 420.5 415.6 408.1 400.5 392.3 383.1 374.1 364.6 355.9 346.4 337.6 330.5 323.9 318.6 313.1 307.6 302.3 297.1 291.8 285.9 281 275.5 270.9 267 263.1 258.8 253.9 249.8 246.6 244.3 241.2 238.8 235.8 233.3 231.1 229 226.7 225.8 224 222.5 221.8 221.4 219.5 217.2 214.7 212.1 209.9 207.2 204 202 199.2 195.9 194.3 192.3 191.2 189.3 188 187.2 186.5 186 185.1 183.8 182.6 181 179.4 178.1 177 176 175.1 174.1 173.2 172.1 169.6 165.7 163.1
444.3 438.7 431.3 423.5 416.2 409.3 399.2 386.5 379.7 368.8 359.4 353.4 345.2 338.1 327.7 323 317.6 312.5 307.5 301.9 296.7 291 284.9 280 275 271 267.3 263.7 259.4 254 249.7 246.4 244.4 241.9 239.7 237.1 234.7 232.6 231.3 229.6 227.4 226.3 225.2 224.4 222.7 219.7 217.4 214.9 212 209.4 207.1 204.4 202.6 199.6 195.8 193.9 191.8 190.2 187.8 187.3 186.4 185.4 184.9 183.8 182.5 181.1 179.6 178.2 177.1 175.9 175.1 174.3 173.4 172.6 171.8 170.8 167.3 163.9
445.4 439.9 433.1 425.4 415.7 408.3 397 387.4 377 367.3 354.9 348.7 343.4 335.1 327.8 322.6 316.1 311.5 306.3 300.4 295.3 289.5 283.8 278.8 273.8 269.7 265.9 262 258.5 253.3 251.2 249.9 247.8 246.7 243.2 240.8 237 235.5 234.4 232.6 229.8 228.7 227.1 225.3 222.5 219.3 216.8 213.7 211.3 208.3 205.8 203.4 201.4 197.9 195.3 193.1 191.6 188.9 187.3 185.6 186 184.5 183.9 182.5 181.2 179.7 178.5 177.5 176 175 174.1 173.3 172.5 171.7 170.8 169.8 168.2 164.5
445.5 439.8 432.8 424.4 414.3 405.1 394.8 382.7 373.6 365.2 357.9 348.4 340.2 333.5 327 321.7 315.7 309.5 304.4 299 293.8 287.7 282.7 277.7 272.7 268.2 264.7 260.7 257.7 255.9 255.3 254.3 252.2 249 245.4 242.3 239.8 237.4 235.3 233.2 231 228.7 227.1 224.5 221.5 218.6 215.8 212.5 210.2 207.3 204.8 202 199.6 197.2 194.1 191.3 189.1 187.2 185.6 185 184.3 183.9 182.9 181.2 179.8 178.7 178.1 176.9 175.7 174.3 173.2 172.3 171.5 170.7 169.8 168.7 168.3 165.9
443 438 432.4 422.3 412.1 402.4 394.1 381.6 373.9 366.2 357.3 350.3 341.9 333.2 326.1 317.6 313 308.3 302.7 297.3 293.2 287.6 282.6 278 273.4 268.8 264.6 261.8 260.1 259.7 257.7 255.5 252.4 249.1 244.5 243 239.2 236.8 234.5 232.1 229.7 227.5 225.2 222.8 219.7 217.2 214.2 210.7 208 205.6 202.3 199.6 196.5 194.3 192.2 189.8 187.1 185.8 184.3 183.6 182.9 182.1 181.5 179.9 178.9 178.2 177.6 176.7 175.5 174.1 171.8 171.1 170.5 169.6 168.7 167.9 166.9 165
443.6 436.3 429.1 421.6 411.2 402 392.3 379.9 374.2 365.4 359 351.5 341.1 332.5 325.6 320.3 314.4 306.9 301.3 297.1 292.5 287 282.3 277.7 273.2 269.4 266.5 264.3 263.5 262.6 259.6 255.7 251.6 247.5 243.1 241.1 236.9 234.3 231.9 229.6 227.3 224.9 222.5 220.3 217.8 215.4 211.7 208.2 205.4 203.4 201.1 198.3 194.6 191.7 189.7 188 186 184.3 183.1 182.2 181.5 180.7 180.3 179.3 177.7 176.9 176.2 175.7 174.7 173.3 171.7 169.7 169 167.6 166.2 165.2 163.8 162.8
442.1 433.2 424.9 417.9 407.1 399.4 388.5 380.8 373.6 365.8 355.7 348.5 341.2 332.6 326.1 318.8 311.3 307.6 303.5 297.1 292.8 288.8 283.8 279.7 274.9 271.1 269 268.1 266.2 263.2 259.7 255.1 250.5 246.5 242 239.8 235.6 231.8 229.4 227.1 224.8 222.3 219.4 217.5 215.2 212.4 208.9 205.6 202.2 200.7 198.7 196.5 193.5 190.5 188 185.7 184.1 183 181.7 180.8 180.3 179.9 179.4 178.7 177.3 175.8 175.1 174.8 173.9 172.5 170.7 168.5 167.7 166.6 165.7 164.5 163.5 162.5
439.8 430.5 423.6 414.2 403.3 393.3 386.5 378.9 372.2 365.3 356.2 345.2 337 331.1 326.9 321.9 316.2 311.6 306.5 301.3 294.9 291.6 286.3 281.8 277.5 274.2 271.4 269.6 266.5 262.9 259.5 255.3 251.2 246.6 241.8 238.6 233.3 229.5 227.1 224.7 222.3 219.2 216.5 215.4 212.3 209.1 206.1 202.7 199.6 197.9 196.2 194.1 191.5 188.5 186.7 184.5 183.5 182.1 180.8 179.8 179.5 178.9 178.4 177.4 176.2 175.2 174.4 173.8 173 171.5 169.7 168.8 168 166.9 165.8 164.6 163.2 162
436.3 429.4 421 410.6 400.9 392.5 384.4 376.9 370.7 363.2 357.9 353.1 345.1 338.3 330.4 324.6 318.9 313 307.5 302.1 295.4 290.8 286.9 283.7 279.4 276.3 273.7 270.2 266.2 262.5 256.3 255 250.8 246.4 241.7 238.3 233.4 228.4 225.4 222.8 218.6 215.7 214.7 211.3 209 205.7 203.3 200.5 198 196.5 194 191.7 189.7 188 185.6 185.2 183.9 182.9 181.4 180.6 179.5 178.9 177.8 176.8 176.7 175.5 173.7 173.1 172.2 170.3 170 168.9 167.7 167.7 166.5 164.7 164.7 163.5
434.2 426.9 418.7 410.5 400.3 392.7 385.5 378.5 372.9 367.1 361 354.7 347.4 339.5 332.4 326.1 320.7 314.7 308.6 302 296.7 291.4 286.5 284.1 279.9 277.7 273.5 270 265.6 261.7 257.9 254.2 249.9 245.5 241 235.9 231.9 227.5 223.8 220.1 217.4 214.6 211.4 209.9 207.6 204.6 202.4 200.3 197.8 195.7 193.6 191.6 189.1 189 187.2 186.1 184.5 183.7 183.4 182.5 181 180.2 178.2 178.1 177.4 176 173.8 173.5 172.6 172.1 172.5 171.5 171 169.8 169.2 168.7 168.1 166.1
433.7 425.2 415.3 407.3 398.1 391.4 384.6 378 372.3 366.8 360.6 353.9 347.1 340.2 333.2 326.8 321.3 315 308.4 301.8 295.8 290.6 286.3 281.6 278.2 275.5 272.3 268.1 263.4 259.2 256.1 253 248.8 244.2 239.3 233.5 229.6 225.6 222.3 219.6 217.5 214.6 211.7 208.8 206.3 204 201.8 200 197.5 196.2 193.7 192.5 191.2 190.8 189.4 189.1 187.1 187 187 185.8 184.8 183.7 182.4 181.3 180 178.9 177.3 176.4 176.9 175.9 174.7 173.2 172.8 171.7 170.6 169.4 167.4 165.6
433.1 422.6 412.8 404.8 397.5 389.8 383.1 376 371 365.6 359.5 353.1 346.5 339.7 333.2 327.1 320.7 314.6 307.7 301 295.7 290.6 286.1 279.6 275.6 271.5 266.8 262.1 256.5 253.7 250.4 246.9 243.3 239.6 235.5 232.7 230.3 227.2 224.5 221.9 219.3 215.4 211.6 208.9 205.6 203.5 201.4 199.5 198.6 198 196.9 194.8 194.2 193.8 193.6 192.9 190.5 190.6 190.9 190.2 188.4 186.7 185.4 184.5 183.4 182.4 180.1 179.5 178 177 175.4 173.4 172.1 170.7 169.8 167.9 165.7 164.1
431 419.2 408.7 401.8 395.6 388 381.1 374.1 368.9 363.9 358.2 352.4 346.4 340.6 334.6 329.2 322.7 315.8 308.1 301.9 296.6 291.3 286.3 280.8 275.7 269.7 263.6 261.6 258 254.5 250.7 247.4 244.4 242.7 240.1 237.6 233.9 230.6 227.3 224.7 222.1 217.5 213.3 208.8 206.3 203.7 203 201.9 200.6 200.2 198.4 197.4 196.9 197.6 197.5 195.9 194 193.9 193.9 191.8 189.9 187.8 186 184.4 182.5 181.7 180.4 178.4 176.8 175.5 174.2 172.3 169.8 169.2 168.2 165.8 164.4 163.2
426 414.4 404.2 398.8 392 384 378.1 372.2 367.2 361.9 356.2 351 345.1 339.4 334.2 329.6 323.8 316.2 309.1 303.7 297.9 291.9 286.2 281.5 276.1 272.2 269.8 267.7 263.4 258.7 255.4 252.1 249.6 247 243.1 240.1 236.9 232.7 228.6 225.4 222.6 219 214.8 210.5 207.4 206.6 205.9 204.6 203.3 203.1 201.6 201.1 200.8 200.6 199.2 198.1 196.8 196.3 193.1 191.4 189.1 187 185.1 182.9 181.2 180.7 178.6 176.7 175.5 174.1 172.8 171.3 169.1 167.7 166.4 165.6 164.1 162.9
422 410.8 403.8 395.5 390 383.3 376.2 370.3 365.4 359.9 354.6 349.5 343.3 338 332.8 328.4 323 316 308.5 303.9 297.4 292.7 286.6 282.5 279.2 276 272.5 269 264.9 260.8 257.5 254.6 251.7 248.5 245.1 241.5 237.9 233.7 230 226.1 222.1 219.7 215.8 212.9 212 211 209.4 208.3 207.1 205.4 204.9 204 203.6 202.2 200.1 199 198 196.2 192.4 190.1 188.3 186.3 183.6 182.1 180.2 178.8 176.8 175.3 174.3 172.9 171.6 171.2 170.7 170 168.7 167 164.9 162.2
413.8 407.5 401.4 394.2 388.2 382.3 376.2 369.6 362.5 356.9 351.1 345.7 341.9 336.5 331.5 327.2 322 315.4 309.2 304.5 298.1 293 288.8 284.8 281.5 277 272.8 269.4 265.9 262.3 258.7 255.3 251.9 247 245.2 241.6 238 234.3 228.9 226.6 223.4 221.7 218.7 217.1 216.1 214.7 213.2 211.6 211.3 209.2 208.1 206.8 206 203.6 201.3 198.9 197.1 195.1 190.9 188.5 186.2 184.3 182.2 180.3 177.8 176.4 175.1 173.9 173 173.1 173.3 173.2 172.2 170.5 168.2 165.6 163.2 160.9
408.6 402.6 396.7 392 386.2 380.9 374.7 368.6 361 351.2 345.7 340.8 338.1 334.6 330.4 326.4 321.6 316 309.4 304.6 300.5 295.7 291.9 287.5 282.9 278 273.1 269.2 265.7 261.9 258.2 254.8 251.9 248.4 244.7 240.5 238.4 235.2 231.5 228.7 225.9 223.4 221.5 220.7 219.4 218 216.6 215.3 213.1 211.9 210.7 207.9 205.8 203.3 200.8 197.4 195.1 192.8 189.7 186.5 183.9 181.7 180.6 177.8 175.9 173.5 172.7 171.7 171.1 170.9 173 172.4 170.3 168.4 166 163.9 162.2 161.4
405.1 399.1 393 388 383.5 377.9 371.9 366.9 360.3 351.2 342.8 338.8 334.9 331.7 328 324.2 321.6 316.1 311 306.5 302.8 297.9 293.8 288.5 283.4 278.7 273.5 268.9 265.1 261.4 257.8 254 251 247.9 244.4 240.9 239.4 237.1 233.1 230.6 228.5 225.9 224.5 223.1 221.8 220.4 218.8 217.3 215.6 213.6 211.3 208.2 205.6 203 199.6 196.3 193.3 190.3 187.1 184.7 181.7 179.2 176.6 176.2 176.6 176.4 175.1 173 170.7 169 170 169.4 167.5 165.4 163.5 164 164.7 165.7
399.8 395 388.3 382.5 377.9 373.8 369.3 364 359 350.8 344.4 339.1 333.4 327 325 321.8 319 316.4 311.1 307.6 303.8 299.2 294.3 289 283.7 278.7 273.6 268.6 264.3 260.6 257.1 253.1 249.5 246.3 243.6 240.7 238.6 237.1 234.3 232.4 230.6 228.8 226.9 225.4 222.8 221 219.4 217.6 215.6 213.3 211 208.3 205.7 202.6 199.6 196.8 193.6 190 187 184 181.6 178.6 178 178.6 179 177.9 175.6 174 171.7 168.8 168.6 167.6 165.6 164.8 166.6 168.9 170.8 168.6
391.2 389.2 382.3 378.1 374.1 370.3 365.3 360.4 354.6 347.9 343.3 338 333.9 329.4 325.2 320 315 310.3 306.9 306.7 303.3 298.5 294 289.5 283.9 278.5 273.4 268.5 264.1 259.9 256.4 252.3 248 244.7 242 239.8 237.4 235.7 233.7 231.9 230.8 229.5 228.2 226.3 222.9 220.6 219 216.9 214.5 212 209 206.4 203.9 201.4 198.7 196.1 193.7 190.3 187 183.7 181.4 180.3 179.9 179.8 178.2 176.9 175 174 173.2 171.6 170.7 170.1 169.3 170.3 172.7 173.5 172.1 168.1
381.3 379.4 376.7 372.1 370.5 367.1 361.9 356.2 350.6 346.2 342.1 337.1 332.6 329.3 325.6 321.4 317.8 308.8 298.8 302.1 299.8 297 291.8 286.6 283 278 272.8 268.1 263.8 259.6 256 251.8 247.7 243.9 240.6 237.5 235.2 233.1 231.9 230 228.9 228.4 226.8 223.8 221.7 219.3 217.2 215.3 212.2 209.2 207.2 204.5 201.8 199.2 196.4 194.5 192.2 189.3 186.3 184 183.7 182.4 181.1 179.4 177.8 176.3 175.6 175.3 174.8 174.3 173.6 172.7 172.9 174.6 176 174.1 170.8 167.1
373.8 371.2 370 366.4 366.4 364.2 359.2 353.4 348.4 344 340 335.9 331.6 328.1 323.9 319.7 316.8 312.5 306.7 298.9 292.2 291.9 288.3 284 280.5 276.4 272 267.5 263 258.9 254.9 250.7 247.7 243.7 240.5 237.3 234 230.7 229.1 228.1 226.7 224.8 223.8 221.3 218.7 216.1 213.8 211.5 208.1 205.2 203.7 201.5 199.5 196.6 194.9 193.1 191.3 188.9 186.5 185 183.9 182.6 181.2 179.4 177.8 176.9 176.3 176.5 176.6 177.3 177.7 178.7 178.9 177.5 175 171.7 168.2 164.3
370.4 365.9 364 360.9 362.5 361.4 357.1 351.8 346.4 342 338.1 334 330.7 326 321.6 317.1 314.5 310.5 305.7 300.3 294.6 287.8 280.3 278.3 275.4 272 268.6 265 261.5 257.3 253.4 249.1 246.1 243.2 240.2 236.7 233.3 231.2 227.8 225.7 223.8 222.2 220 218.6 215.7 213.1 210.6 208.1 205.7 203.9 201.4 199.5 196.8 194.7 193.5 190.8 190.5 188.7 187.6 186.1 184.3 182.8 181.3 179.5 178.8 177.9 178.6 179.4 179.9 180.8 180.3 180.8 180.5 177.8 174.1 170.6 168 169.2
362.9 357.6 355.7 356.9 360.4 358.5 354.4 348.9 343.8 340 336.3 332.7 328.5 324.2 318.4 314.9 311.1 307.3 302.3 296.7 293.4 289.8 283.6 277.6 272.2 267.1 264.1 261.1 258.5 254.7 251.1 247.7 243.2 240.1 238.3 235.8 232.9 230.3 227.9 226 222.8 220.5 218.5 216.5 214.7 212.3 210.2 207.8 205.5 203 201 199.4 198.3 195.8 193.8 191.6 190.7 188.9 187.4 186.1 184.8 183 181.4 180.7 181 181.6 183.7 184.7 183.9 183.7 181.7 180.6 178.6 175.8 172.9 171.2 171.4 172.9
355.2 350.6 351.3 356.8 359.7 357.2 351.9 346.2 341.8 338 334.4 330.4 325.9 320.9 315.8 311.2 306.7 302 297 291.9 289.3 286.9 282.9 276.9 272.6 267.1 262.5 257.9 253.8 250.9 246.6 245.7 243.2 240.7 237.8 235.6 233 231 228.6 226.1 224.4 222.1 220.2 217.8 216 213.5 211.1 209 206.8 204.9 203.7 200 198.4 196.3 195 193.4 191.4 189.4 187.5 186 184.8 183.5 183.3 183.8 185.6 187.4 188.6 188.5 187.3 185 181.8 178.4 176.4 173.9 173.1 172.4 172.8 175.9
349.9 346.3 352.4 358.3 361.3 355.7 350.6 344.9 340.2 335.5 331.6 327.4 322.8 318.2 313.2 309.2 304.4 297.6 294.5 287.8 282.8 280.8 278.2 274.1 269.5 265.8 262 257.6 252.5 250.9 249.2 247.1 244.8 242.3 239.8 237.4 234.9 232 229.5 227.4 226.4 225.2 223.5 221.5 219.5 216.8 213.9 211.3 208.3 205.9 203.7 200.4 198.5 199.2 199.1 195.6 192 190 187.9 187.1 186.2 186.9 188.6 190.4 191.9 191.7 191.1 189 186.8 184.6 180.9 177.5 177.2 177.3 176.4 176.5 176.6 178
341.6 348.1 354.9 359.6 358.9 354.4 349.4 344.2 339.6 334.9 330.1 324.6 319 316 310.9 307.6 305.4 302.9 298 289.9 284.8 281.1 276.5 274.1 271.5 267.7 263.8 259.8 256.5 253.5 251.6 249.4 246.5 243.8 241.3 238.7 236.1 233.1 231.8 230.2 229.2 228.5 226.9 224 220.7 217.7 214.6 211.8 209 206.6 204.4 202.4 202.5 203.2 201.8 198.2 194.4 191.6 189.9 189.9 189.9 190.5 193.6 195.3 194.1 193.7 191.7 188.8 185.4 182.8 180.6 178.9 181.1 181 180 179.1 179.5 180.9
333.8 347.6 354.9 358.7 356.7 351.7 347.3 341.6 337.9 332.8 329.5 325 319.9 315.2 311.9 308.3 307 304.2 300.5 295.8 290.5 285.8 282.6 279.6 275.8 271.4 267 263 259 256.8 252.5 252 250 247.6 244.6 242.6 239.3 236.7 235.4 233 231.9 230.8 228.8 225.2 221.5 217.9 215 212.3 209.8 208.4 207.4 206.1 207 207.3 204.7 200.1 195.6 193.5 192.1 193.5 194.6 195.1 197.4 197.1 196.4 194.5 191.6 188.5 185.1 183.1 180.9 181.5 183.6 183.8 182.1 182.1 182.8 185.4
327.6 343.8 351 353.7 351.1 347.9 344.2 339.7 335.6 331.9 328.3 324.6 320.7 316.2 312.8 309.8 307.9 306.2 302.2 297.9 293.9 289.7 285.7 283.3 279.9 275.6 270.8 266.5 262.2 259.5 257.2 255.3 253.1 250.8 247.5 244.4 242.2 240.2 238.1 236 234.3 232.3 229.9 226.9 222.5 218.9 216.2 214.1 211.9 210.7 209.9 209.9 210.7 209.4 205.7 200.8 197.2 196.7 194.8 197.9 199.7 199.8 200.4 199.6 198.2 195.1 191.8 189 186.4 183.9 184.3 184.7 185.9 185.7 185.5 187.2 187.5 188.6
