STL Generation/terr50_gagg_gb/data/SO86.asc
ncols 200
nrows 200
xllcorner 380000
yllcorner 260000
cellsize 50
[rows 0 to 37 of 200, columns 0 to 86 of 200]
48.5 47.7 46.6 45.5 45.1 44.7 43.7 43.4 43.2 43.4 43 42.6 42 42.6 42.5 40.6 39.5 39.5 39.6 39.7 39.9 39.8 40.1 41.2 40.5 36.4 19.3 17.4 17.5 16.8 16.3 19.1 19.1 19 18.9 18.6 18.2 19.2 19.6 20.1 20.7 20.9 21.5 23.2 25.2 28.5 27.1 21.7 20 29.6 37.4 30.9 35.4 41.2 42.4 43.5 44.4 45.9 47.8 48.4 47.9 49 50.8 52 50.2 44.5 47.6 53.6 60.5 63.9 64.6 65 65.8 68.5 71.9 74.6 77.6 80.5 83.2 84.5 85.3 85.6 85.3 86 86.2 84.8 83.1
48.6 47.9 47.1 46.1 45.7 45 44.1 43.5 42.3 41.6 41.5 40.7 41.3 41.5 41.1 40 39.5 39.6 39.6 39.6 39.4 40.2 37.9 37.5 38.2 36.9 37.4 39.6 40.7 34.1 16.3 16.3 19.2 19 18.7 17.1 18.6 18.7 19.4 19.9 20.4 20.7 20.8 21.8 24 25.7 22.2 21.2 25.3 35.2 43.3 39.2 34 42.5 43.5 44.3 45 47.4 49.5 48.4 49 51 52.8 52.6 50.3 46.2 46.8 55.5 62.2 65 64.7 65.5 66.3 70.3 73.5 76 78.5 81.3 83.6 84.9 85.6 85.8 85.9 86.5 86.4 85 83.1
45.3 45.8 46.4 46 46.1 45.2 44.3 43.7 42.6 41.7 40.9 40.8 41 40.6 40.1 39.7 39.4 39.2 39.7 38.6 37.1 37.5 37.7 37.8 37.5 36.7 36 36.6 37.7 38.2 28 16.3 16.3 18.8 16.3 16.3 16.3 17.6 18.4 19.8 20.1 20.4 20.6 20.9 21.3 20.8 20.8 21.1 32.7 45 43.4 40.4 38 37.6 43.4 44.2 45.6 49.4 49.8 49.7 51.4 53.5 53.7 53.3 52.8 50.9 45 56.5 63.3 65.6 65.1 65.6 66.6 70.9 73.7 76 78.7 81.6 83.6 84.8 85.4 85.4 85.8 86.6 86.3 84.6 82.6
39.9 41 42.1 44.4 45.2 45.5 45 44.1 42.9 42.1 41.2 40.5 40.2 40 39.4 38.6 38.4 37 36.3 36.3 36.5 37.1 37.9 38.2 37.3 36 35 35.6 35.7 36.5 35 24.9 16.3 17.6 16.3 16.3 18.5 17.6 17.8 17.9 19.4 20 20.7 20.5 18.8 18.7 20 28.8 42.6 45.3 43.5 42.7 42.3 41.1 40.4 44.4 49.7 48.5 48.8 51.4 54 55.6 55.9 56 56 54.7 47.1 54.5 64.8 65.7 65 64.9 64.8 68.3 72.1 75.4 78.5 81.3 83.5 84.6 85.3 85.6 86 86 85.9 84 82.1
37.1 38.7 40.2 42.4 42.9 44.2 45.3 44.7 43.2 41.4 40.3 39.6 39.4 39.5 39.2 38.4 38.3 37.8 36.4 36.1 36 36.3 37.5 37.6 36.7 35.7 34.8 35.6 35.3 35 34 32.3 25.6 21.9 17.3 17.9 17.5 17.7 17.7 17.5 17.2 18.5 19.8 19.9 19.8 22.1 28 39.4 45.9 45.8 45.5 45.4 44.9 43.5 41.2 43.7 47.2 49.7 51.6 53.6 56.3 57.2 57.8 58.3 58.4 57.1 52.4 51.3 59.2 64.7 64.5 63.7 63.7 67 71.1 74.7 78.2 81.1 83.4 84.6 85.4 85.8 86.3 85.8 85 83.1 81.8
35.3 36.7 37.8 38.8 40 41.8 44.1 44.2 41.9 40.1 39.8 39.1 38.9 39 39.4 38.7 37.9 37.5 36.8 36.5 36.3 36.5 36.6 36 35.6 34.4 34.4 34.9 34.9 34.5 33.2 32.6 31.3 22.7 19.2 19 19.2 18.7 17.7 17.6 17.4 17.6 19.4 21.5 24.1 29.4 40.8 46.7 47 47.3 47.4 47.3 46.9 44.9 43.1 45.3 46.8 49.5 51.5 56.2 58 58.7 59.5 60.1 60.5 59.3 55.1 48.5 55.6 62.7 63.4 62.4 63.4 67.1 71.1 74.8 78.5 81.4 83.2 84 84.7 85.7 85.7 85.6 84 82.2 81.4
34.8 35.3 35.9 36.6 37.8 40.7 43.4 43.9 41.9 40.1 39.5 38.7 38.2 38.2 39.1 38.8 38.1 38 38.2 37.9 37.3 36.7 35.9 35.8 35.9 35.2 34.8 34.8 34.2 33.7 33.1 32.5 31.7 27.4 19.2 19 19.2 19 18.7 17.9 17.7 17.5 18.9 21.7 25.6 36.4 47.8 48.2 48.4 48.9 49.3 49.2 48.5 46.8 45.3 48 50 53.6 58 58.9 59 60.4 61.2 61.4 59.9 58 53 49.2 53.6 61.3 61.8 61.2 62.6 66.7 71.7 75.1 78.5 81.6 82.9 83.3 84.4 85.9 86.1 84.8 83.1 81.4 80.8
34.7 34 33.7 34.8 36 38.7 42 44.4 42.6 40.3 38.9 38.4 38.2 39 39.8 39.9 36.7 36.7 37.2 37.7 37.8 37.2 36.5 35.9 36 37.1 35.5 34.2 33.7 33.3 32.8 32.1 31.5 29.7 25.4 19.4 19.1 18.8 18.6 18.2 17.6 17.2 17.9 20.2 28.2 47.6 49.4 50 50.1 50.3 50.9 51.7 51.3 49.9 46.5 50.3 54.2 57.9 60.2 62.1 62.4 62 62.4 59.8 58.1 54.8 53.1 56.2 50.1 59.2 59 60.4 62.2 66.1 71.1 74.7 77.4 80.5 82.7 83.4 84.3 85.5 85.3 84.4 82.3 80.6 80.1
35 34.2 32.9 33.4 34.4 36.5 40.4 42.8 42.3 40.3 39.1 39.8 40.6 41.3 41.7 39.7 35.9 36.5 36 36.4 37.6 37.9 37.2 36.5 35.5 34.7 34 33.2 33.6 33.3 32 31.4 31.4 30 26 21.5 19.2 18.9 17.2 18.5 17.6 16.6 16.9 19.2 30.5 49.9 51 51.5 51.7 52.1 53 54.3 54.6 51.1 48.1 56.1 60.5 62 63.8 64.8 64.9 64.2 62.6 59.1 56.6 57.2 59.9 59.8 56.1 54.9 58.3 60.5 61.9 65.6 70.4 72.7 75.3 78.5 81.2 83 83.9 84.6 84.8 83.6 80.8 80.1 79.6
35 34.2 33.2 32.9 33.2 34.6 37.9 41.9 41.8 40.8 40.4 41.6 44 47.3 47.2 44.5 37.5 36.8 36.4 35.7 36.5 37.8 37.1 36.9 35.8 33.9 32.1 32.4 33.1 32.5 30.9 31 31.2 29.7 26.5 21.8 19.2 19 16.3 16.3 17.7 16.7 16.7 17.6 32.7 51.2 52.1 52.1 53.3 54 54.2 55.4 55.1 51.2 51.2 61.5 64.4 66.3 67.1 67.4 66.2 64.6 61.3 58.1 59.6 61.6 61.5 60.4 58.1 57.3 59.3 61.7 64.3 70.1 72.5 75 77.9 81.6 83.1 84 84.6 84.5 84.5 81.8 81 80.2 79.2
35.3 34.6 33.7 32.5 32.4 33.7 37.3 41.2 43.3 42.1 41.2 42.9 45.9 51.8 51.2 45 38.4 37.9 37.4 36.8 34.4 35.1 37.1 37.3 35.5 33.1 30.5 31.6 32.2 31.1 30.9 30.9 31 25.7 23.9 21.7 18.8 18.8 17.1 16.3 17.8 17.5 17.1 17.3 38 51.5 52.2 52.9 54.2 55.6 58.6 56.9 53.5 50.2 54 62.4 67.2 68.9 69.1 68.9 66.6 63.1 61.6 62.4 63.1 63.1 62.5 60.9 59 57.6 59.2 62.5 66.2 70.9 73.2 76.6 80 82.6 84.1 85 85.5 84.9 84.4 82.6 82.3 80.6 78.6
37.2 35.6 35.1 34.4 32.3 32.9 37.2 41.2 43.2 42.3 41.2 42.4 44.4 47.8 48.4 41 36.8 37.1 37.6 38.2 35.1 33.6 36.1 37.3 34.8 32.4 30.5 31.1 31.2 30 30.4 30.7 30.5 26.5 24.4 23.6 21 18.5 16.4 14.2 19.2 16.3 16.7 16.7 48.6 51.1 52 53.8 55.5 59.1 58.5 54.8 51.9 52.2 58.5 66 68 70.4 70.1 68.2 65.9 61.6 63.1 64.7 64.4 63.9 62.7 61.7 59.7 58.1 59.2 63.1 67.7 71.6 74.2 77.6 81 83.2 84.8 85.9 85.9 85.5 84.7 83.8 82.4 80.6 78.7
38.9 38.2 37.3 35.7 32.7 32.5 37.3 41.1 41.7 40.6 40.5 41.8 44 45.3 45 39.9 36.4 37.2 38 38.9 37.7 34.6 32.7 34.3 33.2 31.7 31.2 30.5 29.3 29.3 29.9 30.4 28.3 27.2 25.5 23.5 21.4 18.3 18.8 14.2 17.6 17.9 16.9 17.4 48.1 50.5 52.7 56.8 58.9 58.9 56.1 54 52.9 56.9 62.5 69.1 70.3 70.6 70.2 68.8 65.8 62 64.4 65.7 65.1 64.4 63.5 62.5 61.6 59.8 60.5 66.3 69.9 72.4 75.3 78.5 81.9 83.8 85.5 86.4 86.4 85.5 84.5 83.5 81.7 80 78.2
39.2 38.5 36.3 34.2 32.1 32.2 36.4 37.7 38.4 38.7 40.2 43.1 46.1 46.2 44.8 42.6 36.9 37.2 38.3 39.2 39.3 37.4 33 31.5 31.2 30.3 29.4 28.3 27.8 29.1 29.7 30.3 25.9 24 26.2 24.2 21.1 18.5 18.6 14.2 14.6 19.4 17.7 21.2 47.8 50.8 53 58.1 59 57.9 55.2 53.1 55.7 62.1 67.8 71.1 70.8 70.4 69.4 67.1 64.6 64.9 66.2 66.6 66.2 65.3 64.5 63.9 64 60.1 61.2 67.1 71.7 73.7 76.6 79.6 82.4 84.2 85.4 86.6 86.6 85.4 84.1 82.8 81.8 79.3 77.7
37.8 34.6 34.1 32.5 31.2 32.6 34.8 36.5 37.6 39.7 43.4 46.9 45.6 44.3 43.4 42.2 37.3 36.2 37.8 38.3 38.2 37.9 35.4 32.6 31.5 31.5 31.1 28.8 27.5 28.6 28.6 26.3 22.4 21 20.6 21.4 20.6 18.5 18.3 16.1 14.3 19.1 14.7 26.8 47.9 50.9 53 58.1 57.6 56.3 53.9 53.9 58.7 64 68.8 70.8 70.4 70 68.9 66.9 65 66.3 67.3 67.4 67 67.1 66.3 65.9 64.5 63.8 65.4 66.9 72.8 75 77.9 80.9 83.4 85.4 86.1 86.9 86.7 85.3 84 82.5 80.4 78.8 77.3
34.6 33 32.1 31.4 31.6 33.7 36.2 37.4 38.7 41.8 45.6 45.1 43 41.5 41 40.8 39.3 37 36.3 37.8 37.8 37.9 35.3 32.9 33 32.6 31.2 27.4 27 29.1 28.6 24.7 21 20 16.5 16.4 16.4 18.1 18.2 18.3 14.3 18.5 14 34.6 46.4 49.1 55.5 56.1 56.5 55.6 53.6 55.5 58.1 63.2 67 68.9 69.1 70 69.3 67.4 66.6 67.1 68 68.1 68.4 68 68.8 67.9 65.4 70.6 70.8 71.5 73.3 76.4 79 82 84.7 86.3 87.2 87.9 86.8 85.6 84.2 82 80 78.1 76.3
33.1 32.2 30.4 29.8 30.7 33.1 35.4 36.5 37.7 41.1 42.6 42.3 40.3 39.7 39.8 41.2 42.4 39.5 35.1 36.3 37.7 36.8 34.9 33.9 33.6 33.4 30.1 26 26.1 28 26.1 22.3 18.7 17 16.4 16.4 16.4 17.8 18.1 18.6 14.3 16.8 15.8 32.2 44 47.5 54.1 56.9 56.2 55.5 54.3 55.3 57.6 61.1 65.7 67.9 69.4 69.9 69.4 68.7 67.6 67.7 68.4 68.4 69.4 70.1 71.2 70 68.2 75.9 73.8 73.8 75.5 78.3 80.8 84 85.8 87.1 88.1 87.6 86.7 85.6 82.9 81 78.9 77.1 75.3
31.5 31.4 29.5 28.7 29.3 31.2 33.9 34.5 35.5 38.6 40.6 40.5 38.8 38.6 38.9 42.2 45 41.4 35.6 36.3 37.1 35.6 34.2 33.2 32.4 33.1 27.7 24.7 25.8 25.9 24.6 21.7 17 17 16.4 16.4 16.4 17.7 18 18.3 14.1 14 39.2 44.2 47 51.1 55 57.1 55.6 55 54.9 55.7 57.1 61.9 65.8 68 70.1 69.9 69.4 69.3 68.5 68 68.4 68.8 70.4 72.3 74.8 72 72.2 75.9 74.5 75.2 77.8 80.3 82.6 84.7 86.3 87.6 88.2 87.7 86.6 85.5 81.9 79.7 77.7 76 74.4
32.1 31.7 31 30 28.6 29 30.7 31.6 32.5 38 41.4 40.2 38.6 38 39.5 42.8 45.1 42.9 36.5 36.1 36.8 35.6 34.2 32 32.7 31.9 26.4 24 25.3 24.5 23.1 20.8 17 17 16.4 16.4 16.4 17.7 17.8 17.9 13.7 30.3 46.2 46.8 49.7 53.9 56.8 56.1 54.7 54.3 54.7 55.6 57.2 63.3 67.1 69.3 70.8 71 70.4 69.5 69 68.3 68.9 69.5 70.8 72.7 74 72.3 75.1 76.7 74.7 76.1 78.7 81.1 83.3 85.2 86.7 88 87.9 87.4 86.3 83.9 81.3 78.5 76.6 74.9 73.2
34.1 33 32.5 31 29.7 28.9 28.5 28.8 30.7 37.6 41.8 40.8 39 38.4 40.3 42.2 43.4 42.4 39.2 37.3 36 35.7 33.8 32.1 32.8 29.7 26.5 24.7 22.9 22.8 22.5 18.6 17 17.1 16.4 16.4 16.4 18.4 18.4 13.4 21.6 48 47.8 48.5 51.7 55.7 56.6 55 54.2 54.6 55.4 56.9 59.1 65.7 69.8 71.9 72.1 72.1 71.8 70.9 74.4 72.1 70 70.5 72.5 74.3 74.1 74.1 76.2 77.1 75 77.6 80.3 81.8 84.1 85.8 87 87.4 86.6 86 85 82.9 80.4 77.4 75.7 73.6 72
36.1 34.4 32.7 31.3 30.1 29.6 28.9 27.4 29 34.5 38.7 39.2 40.2 39.2 39.4 40.2 41.5 40.7 38.7 37.3 35 34.5 33.3 31.9 32.1 27 26.4 25.5 24.3 21.9 20.9 17 17 16.4 16.4 16.4 18.1 18.7 14.6 13.4 39.8 49.7 50.5 50.9 53.7 55.9 55.9 54.6 53.8 55.8 57.1 58.7 61.3 69.5 73.4 73.7 73.3 72.9 72.1 71.1 70.3 72.2 71.1 73.1 75.4 77.3 77.8 77.7 77.6 78.1 76.4 78.4 80.5 82.4 84.3 85.5 86.8 87.3 85.8 84.9 84.5 80.8 78.3 75.7 73.8 71.9 70
36.4 35.6 33.6 32.6 31.3 30.3 29.6 28.1 26.1 30.3 35.6 37.3 40.4 39.7 40.1 40.4 40.2 38.7 37.5 35.8 35.5 33.2 31.2 30.6 29.5 27.3 26.5 25.9 24.4 21.8 20.2 17 19.1 16.4 16.4 16.5 18.6 18.8 13.4 32 50 50.9 52 53.1 55.9 56.4 54.7 53.9 55.1 56.8 58.5 61.1 67 72.1 75.4 75.3 74.6 73.3 72.3 71.4 71.5 72 73.5 75.8 78.4 80.5 80 79.2 79.3 80.3 79.3 78.1 80.5 82.7 84.3 85.9 86.9 86.6 86.4 84.3 81.8 78.7 76 73.9 72.6 71.3 69.9
36.4 35.7 34.6 32.6 30.7 29.9 30.4 28.7 26.7 27.4 31.7 40.2 40.2 40.4 40.6 40 39.4 36.8 36.2 36.3 36.5 32.8 29.3 28.1 26.9 26 26.4 24.9 23.4 21.5 20.1 17 16.4 16.4 16.4 18.5 19 13.4 25.2 51.4 52 52 52.6 54.3 55.9 55.4 54.5 53.6 55.2 57.3 59.6 63.9 69.8 74.9 75.9 75.4 75 73.9 72.7 72.4 72.6 73.9 76.3 78.8 81.2 81 80.5 80.2 80.8 82 80.5 79.1 78.9 81.8 84 86.4 87.4 87 86.7 86.2 84.7 81.4 77.9 74.2 72.9 71.6 70.2
36.1 35.3 34.2 31.6 30.4 29.7 28.4 28.4 28.5 27 28.9 35.4 39.6 40.3 40.2 39.7 38.9 36.9 37 37.1 36.6 31.9 28.1 26.8 25.7 25.3 25.6 24.9 21.6 20.5 19.4 16.4 16.4 16.4 18.2 18.7 14.6 14.1 45 53.8 53.8 53.9 54.1 55 55.2 54.5 53.9 53.8 55.8 59.9 62.7 68.3 74.9 76.1 76.2 75.8 75.5 75 73.3 73.6 74.4 76.6 79.1 81.5 82.5 81.5 81.3 82 82.6 82.4 81.2 80.1 80.3 81.3 83.7 86.1 87.9 87.8 88.2 87.6 85.8 83.2 79.7 75.9 73.2 71.9 70.1
35.4 34.6 33.1 30.7 29.7 28.2 27.5 27.5 27.9 27.9 28.6 31.1 36.2 39.3 39.3 39.7 37.9 37.1 37.2 37.1 36.7 32 27.2 25.6 25.1 24.6 25 24.4 20.3 18.7 18.2 18.8 16.4 18.5 18.3 17.9 13.4 34.7 54.6 55.1 55.5 55.3 55.9 55.4 53.5 52.9 53.1 54.7 56.9 61.5 66.6 73.1 77.2 76.9 77 76.6 75.9 75.5 74.9 75.7 77.4 79.4 81.7 83.1 84 83 82.7 83.4 85 84.6 83.1 81.5 80.8 82.7 84.5 86.3 88.7 88.9 89.1 88.8 86.7 83.8 80.5 77.4 73.8 72 70.8
34.6 32.9 30.6 29.5 29.1 28.5 27.8 26.5 26.7 26.7 26.4 27 31.7 35.7 37.3 38.5 37 37.3 37.3 36.9 36.3 31 26.3 25.2 24.7 24.2 23.1 21.1 19.1 17.5 17.7 18.1 18.4 18.6 18.6 13.9 24.7 53.6 55.8 56.8 56.3 55.8 56.4 54.2 51 50.8 50.9 55.6 58.5 63.4 68.8 75 76.5 77 77.4 77.8 77.4 76.7 78.4 79.9 81 82.6 83.4 84.7 85.5 85 84.7 85.8 86.8 86.6 85 83.4 82.4 81.8 84.5 87.8 89.5 90.1 89.8 89.4 86.9 83.4 79.9 76.8 73.7 72.1 71.1
32.1 30.5 29.9 29 28.3 28.5 27.8 26.1 25.6 25.5 25.5 25.9 27.7 30.1 32.3 34 36.1 37.1 36.9 36.4 35.5 29.5 25.2 25.2 23.8 22.4 21.8 20.6 19 17.4 17.3 17.8 18 17.6 13.9 15 38.8 55.7 56.4 56 55.6 55.9 55.9 52.8 49.7 48.5 49 52.6 57.5 60 61.3 64.9 75.7 77.9 78.2 78.3 78.6 80.3 83 84.7 86.1 87 87.3 87.8 88.3 87.1 88 89.2 89.9 89.1 86.5 85 85 85.7 87.7 89.1 89.6 90.2 89.6 89.1 86.4 82.6 79.1 76 73 71.4 70.6
30.8 31 29.9 28.9 28 27 26.7 25.6 25.3 25 25.1 26 27.2 27.7 26.8 27.4 29.3 30.2 31.8 34.5 35.3 28.1 25.5 23.7 22 21.2 20.6 20 18.1 17.4 17 17.3 17.5 17.3 13.4 20.6 53.4 56.4 55.9 55.4 55.7 56.2 53.7 51.9 48.9 47.6 49.1 53.9 58.1 59.8 63.9 76.6 75.5 79.1 79.4 79.7 83.5 85.8 87.7 89.4 90.2 90.6 90.7 90.9 91.4 91.9 92 92.5 92.9 91.5 89.1 88.8 88.8 90.2 91.2 91.3 91.2 88.3 88.3 87 85 82.4 78.2 75.4 72.5 70.8 70.1
30.2 30.9 29.6 28 26.6 26 26 26.3 25.8 25.2 24.7 25.4 25.9 26.3 25.5 24.9 24.6 24.4 24.8 26.8 27.5 25.5 23.8 21.9 21.2 22.4 21.5 21 20.1 16.6 16.8 17 17.6 13.4 17.8 29.9 58.7 57.8 55.5 55.2 55.1 55.5 53.5 51 48.1 46.3 48.7 53.6 59.4 70.5 80.6 80.3 81 81.7 81.8 84.7 88.5 90.7 92.1 92.7 93.3 93.7 94 94.4 94.6 95.5 96.2 96.5 95.3 93.7 92.6 93.7 93.7 94.1 93.4 92.5 91.4 89 85.7 85.5 83.8 81.2 78.6 74.4 72.3 70 69.5
30.9 30.6 29.6 26.6 26.4 26.6 26.7 27 26.4 25.8 25.2 25.1 24.7 24.9 25.2 27.2 25.5 24.4 23.8 23.7 23.5 23.5 22.6 21.6 21 20.5 21.4 29.1 23.2 16.7 17.1 17.4 16.5 13.4 17.9 39.9 58.4 55 54.7 54.7 54.6 54.3 52.7 49.7 46.9 45.1 47.3 52 56.8 67.4 81.8 82 82.6 84.3 84.8 90.3 93.6 94.6 95.5 95.9 96.5 96.8 97.1 97.5 97.8 98.9 100.2 100.5 98.6 96.8 95 97.1 96.8 95.6 94.9 93.8 91.6 88.7 86.1 83.9 81.6 78.3 76.1 75.6 75.2 69.5 69
32.3 29.1 29.1 27.3 27.3 27.3 27.5 27.5 26.9 26.4 25.8 26.2 25.8 26.7 31.5 33.7 29.7 27.4 27.6 26.1 24.2 24.3 23.1 22.1 20.3 20.6 23.5 31.6 22.1 17.3 17.1 17.7 13.5 17.4 20.3 47.6 58.4 54 53.5 53.5 53.6 53.4 51.2 48 45.8 44.8 47 50.2 55.6 63.9 82.4 83.8 86.1 89 93 94.5 96 97.6 98.8 99.1 99.6 99.9 100.3 100.7 101.1 102.7 103.2 102.3 100.4 99 97.9 97.3 97.4 96.9 96.1 94.4 92.4 89.3 87 85 80.9 77.5 75.3 75.4 71.7 69 67.9
29.7 29 28.6 28.2 28.2 28.3 28.3 28.1 27.6 27 26.5 26.7 26.9 29.1 33.1 35.8 33.9 32.8 33.9 33.2 29.5 26.1 23.5 21.3 19.9 20.9 23.9 32.1 19.1 17.2 17.2 15.3 13.4 17.9 24.6 49.8 56.7 53 52.3 52.4 52.4 52.5 50.1 47 44.9 43.9 47.8 52.9 62.5 72.4 82.3 87.9 91.7 95 96.2 97.7 98.6 100.6 101.8 102.2 102.8 103.2 103.6 104 104.4 105.1 104.4 103.1 101.8 100.6 99.3 98.1 97.8 97.1 97.2 94.9 92.9 90.1 88.3 86.2 82.5 78.2 75.6 74 71.8 69.5 68.5
29.8 29 29 29.9 30 30.1 29.8 29.7 28.7 27.7 27.1 27.1 28.2 31.7 35.9 40.7 44.9 51.1 53.6 51.5 34.3 26.8 23.7 20.4 20 21.5 24.6 31.7 16.5 16.9 17.4 13.4 17.7 17.9 26.8 51.3 55.6 51.7 51.3 51.5 51.7 51.8 49.9 47.3 44.9 43.1 47.8 54.5 66.7 81 85.4 92.2 97.6 99 99.1 99 100.8 102.6 103.8 104 104.5 105.1 105.8 106.5 107.1 106 105.2 104.4 103.2 102 100.8 99.6 98.2 97.8 97.4 95.5 93.9 90.9 89 86.8 83 79 75.4 73.7 72.7 69.6 69.5
30.6 30.1 30.2 31.1 31.9 31.8 31.6 31.1 30.4 29.4 28.5 28 29.9 34.8 40.4 46.4 51.4 54.5 54.1 51.2 35.9 27.2 23.3 20 20.6 22 24.4 29.3 16.4 16.6 13.6 16.1 17.3 17.7 27.1 50.5 54.1 50.8 51.2 51.5 51.6 50.9 48.7 46.3 43.9 42.9 48.1 54.9 66 71.8 85.8 93.6 98.8 99.6 100.9 101.6 102.7 103.9 104.8 105.6 106.3 106.9 107.4 107.9 107.4 106.3 105.6 104.7 103.3 101.9 100.5 99.1 98.2 97 96.6 95.6 92.9 90.8 89.4 86.5 82.7 77.1 74 73.1 71.9 69.9 69.7
33.9 34.4 34.4 33.3 35 36.8 36.9 33.6 33 32 30.2 29.7 32.6 38.4 43.5 48.8 53.5 54.6 53.5 49.7 34 27 22.2 20.5 20.8 22.5 24.8 24.3 16.5 13.9 13.6 17.2 17.7 16.8 26.4 44.7 49.6 50.3 50.6 51.1 50.8 50.2 46.9 44.7 42.3 42.5 48 54.3 58.4 58.4 80.1 92 97.7 99.6 101 102.4 103.4 104.3 105.4 106.7 107.9 108.5 108.4 108.3 107.6 106.5 105.4 103.9 102.5 101.2 99.8 98.5 97.9 96.2 95.8 95.4 93.6 91.5 89.8 86.1 81.8 77.5 72.6 70.4 70.2 68.9 68.9
45.9 38.7 39.4 39.5 39 40 37.8 36.6 35.9 34.2 32.2 32.2 36.7 41 44.8 50.9 54.9 54.9 52.7 50.9 38.6 27.5 21.9 21 21.1 23.1 25.3 20.7 15.5 13.4 17.3 17.4 17.7 16.8 25.1 40.3 46.1 48.1 49.1 50 49.9 49.1 45.4 43.3 41.4 43.7 49.3 53.9 51.5 53.4 65.5 85.3 97.6 99.9 101.4 102.4 103.4 104.5 105.6 106.5 107.3 108.3 108.3 108.2 107.2 106 104.5 103 101.7 100.4 99 98 97.6 95.7 95 94.6 93.2 91.7 87.5 83.2 78.5 73.1 70 67.4 67.5 67.7 66.9
59.6 52.7 47.1 42.5 41.6 40.8 38.2 39.2 38.1 36.3 34.5 34.5 38.2 41.1 45.5 50.4 53.3 53.7 50.7 49.1 40.1 28.4 21.5 20.9 20.9 23 24.9 17 13.3 17 17.4 17.5 17.7 16.8 23.6 39.3 44.7 47.7 48.7 49.1 49 47.3 43.9 42.1 40.7 42.8 48.8 48.2 48.3 55.1 68.6 91.2 98.6 100.2 101.4 102.3 103.3 104.3 105.1 105.9 106.7 107.5 108.1 107.5 106.6 105.3 103.7 101.6 99.1 98.5 98.2 97.5 95.6 93.9 93.2 92.2 90.5 87.6 83.7 80.1 77.7 73.7 70.4 68.4 67.9 67.8 67.1
65.5 56.6 49.9 45.6 40.5 39.2 37.5 38.4 38.7 37.7 36.3 37.3 39.4 41.1 44.2 48.5 52 51.7 49.5 41.6 35 27.5 22 20.6 20.8 22.9 24.5 14.9 13.4 17.2 17.3 17.5 17.4 16.8 24.5 39.6 44.5 45.9 47.2 48.3 48.3 45.6 42.6 39.7 37.9 39 41 47.4 52.1 60.2 76.6 93.6 97.7 98.5 98.9 99.9 101.4 102.6 103.5 104.4 105.2 106.1 107.6 106.7 106.1 104.4 102.7 100.8 97.6 95 92.9 92.1 91 90.1 89.1 88.3 87.6 86.1 86 85.6 82.1 78.3 73.8 72.2 71.2 71.3 70.3
