STL Generation/terr50_gagg_gb/data/SO90.asc
ncols 200
nrows 200
xllcorner 390000
yllcorner 200000
cellsize 50
[rows 105 to 139 of 200, columns 78 to 155 of 200]
193.9 195 195.6 194.3 196.7 198.9 200.1 200.1 200 199.6 199.5 200.2 201.1 201.7 201.8 201.2 200.5 199.5 197.3 195.5 192.1 189.6 186.8 183.3 178 170.6 162.1 149.9 127.4 123.4 123.1 126.9 142.6 151.2 157.2 165.1 171.8 180.7 189.9 194.4 197.1 197.9 197.1 196.3 195.4 195.3 194.7 194.1 193.4 192.7 191.8 190.7 189.4 188 186.6 186.2 185.6 185.5 184.9 184.8 185.2 184.6 184.1 184.1 183.9 183 181.3 179.7 179.2 180.8 181 180.3 179 179 180.1 181.2 182.3 182.3
186 189.1 192.3 194 195 196.1 197.7 197.5 197.2 197.2 197.7 198.4 199.1 199.5 199.9 199.4 198.7 197.8 197.4 195.5 191.8 188.1 185 182 174.7 167 159 152.2 137 126.1 123.1 126.5 148.1 161.3 167.3 170.7 181.3 187.2 192.6 196 197 197.5 197 196.2 195.4 194.2 193.8 192.7 191.7 191 190.2 190.2 188.2 186.8 184.7 185.4 185 184.7 184.4 184 183.6 183.1 182.5 182.5 182.1 181.2 180.3 178 176.5 178.4 179.4 179.9 179 179.5 180.1 180.6 181.2 181.8
184.9 187.5 190 192.4 195.4 195.9 195.7 195 194.6 194.7 195.1 195.8 196.9 196.5 196.7 196.1 195.8 195.7 196 194.7 191.3 187.2 184.1 178.5 170.2 163.2 155.9 145.1 131.9 123.6 123.1 130.9 150.8 164 172.5 179.3 187.4 190.1 192.9 194.3 196 196.2 196.1 195.6 193.8 192.7 191.9 191 190.2 189.3 190.1 189 186.9 185.7 184.4 183.1 183 182.7 183.1 182.8 182 181.5 181.1 180.7 180.3 179.9 178.9 176.3 174.4 174.9 176.5 178.2 179.5 179.9 180.1 180.4 181 181.5
191.5 190.7 191.7 193.7 195.5 195.6 195.3 193.8 193 192.4 192.6 193.7 194.5 194.2 194.6 194.5 194.5 193.9 193.8 192.6 189.5 185.1 181 173.4 166.7 159.4 150.2 137.1 124 123 126.5 139.1 156.6 165.3 175.4 182.6 188.2 191.7 193.1 193.8 194.8 195 194.6 193.8 192 190.6 190.1 189.2 188.4 187.8 187.7 186.9 185.3 184.1 182.8 181.8 180.8 181.1 181.8 181.8 181.3 180.4 179.2 178.8 178.4 177.7 176.8 175.7 173.3 174.6 175.5 177.4 179.5 179.9 180.1 180.3 180.8 181.1
193.4 190.7 191.6 193.3 194.5 194.9 194.7 193.2 191.9 190.9 190.7 191.6 192.1 192.3 192.8 193.4 193.5 193.7 192.7 192 188.4 183.6 177.5 169.5 162.7 154.2 145.1 134.5 124 123.7 131.5 145.3 157.5 162.8 174.3 182.5 187.8 190.6 191.8 192.7 193.6 193.5 192.6 191.9 190.7 189.5 188.5 187.5 186.8 186.3 185.8 185.1 183.8 182.6 181.4 180.1 179.2 180.5 180.6 180.9 180.1 178.7 177.5 176.8 176.3 175.6 174.7 173.5 172.5 174 175.9 178.3 179.4 179.8 180.2 180.2 180.7 180.4
193.9 191.2 191.6 193.2 193.8 193.8 194.1 192.8 191 189.3 188.4 189.5 190.1 190.4 191 192.1 193.1 193.6 192.3 190.8 187.3 183 174.8 165.6 157.7 148.5 139.8 131.7 123.5 123.5 133.2 144.1 154.2 162.6 173.4 182.1 188.2 189.4 190.8 191.8 192.4 192.1 190.7 189.9 189.6 187.9 186.3 185.9 185.5 184.8 184.2 183.2 183 181.8 180.7 179.2 177.8 179.7 179.5 178.8 177.4 176.2 175.4 175.3 173.8 173 172.4 172.4 174.7 175.5 176.8 178.4 179.3 179.7 180.7 180.6 179.7 178.1
192.6 191.3 192 192.1 192.9 193.8 193.7 192.8 190.6 187.9 185 185.6 188.4 189.1 189.8 191.7 192.6 193.2 191.6 188.5 184.9 180.6 170.5 161.2 152.8 142.2 133.6 126.6 119.9 123.3 141.9 152.6 160.1 165.1 173.8 179.3 186.1 189.4 190.9 191.1 191 190.7 189.5 189.6 188 186.4 184.3 184.6 183.7 182.7 181.9 181.1 180.3 180.2 179.9 178.5 177.1 178.2 177.4 176.7 175.3 173.7 172.8 171.4 171 170.2 169.7 170.7 174.7 175.9 177.3 178.4 179.2 179.5 179.6 179.5 178.3 176.9
191.3 191.3 191.1 191.1 192 193.2 193.4 192.9 190.3 187.3 184.7 185.4 188.8 189.4 190.6 191.3 192.5 192.9 190.6 186.2 182.6 174.8 165.8 157 146.6 134.7 121.4 118.8 120.5 135.1 153.4 158.7 165.7 170.3 178.6 183.1 185.8 189.5 190.6 191.3 190.9 190.4 190.2 189.3 187.7 186 184.2 183.5 182 180.6 179.6 179.1 179.2 178.1 177.8 177.4 176.8 176.2 175.4 174.6 173.9 171.3 170 169.1 169.1 169 168.5 170.7 174.6 175.9 176.9 178.1 178.8 179 179 178.4 177.3 175.9
190.1 190 189.9 190 191.6 192.8 193.3 191.3 188 182.4 184.1 188.4 190.4 190.2 190.6 191.8 193.1 192.1 189.3 184.6 179.5 170.4 161 152.3 137.3 123.9 119.9 125.5 134 145.2 156.8 161.7 168.1 174.2 180 185.8 188.5 190 190.4 191.3 191.1 190.5 190 189 187.6 186.2 184.6 183.2 181.3 179.8 179 179 179.1 177.6 175.3 174.9 175.7 174.5 174.1 174.1 173 169.9 169.2 169 169.2 169.2 165.2 169.2 172.8 175.1 176.2 177.6 178.3 178.5 178.1 177.3 176.2 174.9
187.6 187.7 189 190.1 190.9 192.2 191.2 188.8 178.4 179.6 188.8 190.7 192 191.9 192 193 192.9 191.1 186.9 182.4 173.8 165.6 156.2 145.6 126.8 118.9 125.2 132.2 141.9 151.7 158 165.9 171.4 179.3 182.5 187.4 189.6 191.6 192 192.3 191.9 191.3 190 188.9 187.4 186.3 185 182.6 180.5 179.7 179 179 179.5 178.1 175.7 174.1 174 174 174 173.9 174 174.5 174.3 174.4 174.4 171.6 164.4 165.5 170.4 173.5 175.4 177.2 177.8 177.8 177 176.2 175.1 173.7
185.1 185.8 188.2 189.8 191 190 188.5 178.7 170.5 186.1 192.4 193.3 193.1 193.3 193.4 193.3 192.1 189.1 184.8 178.5 167.8 160 150.2 135.5 118.2 119 128 137.7 148.1 157.8 163 168.2 177.5 182.4 185.1 189.7 192.1 192.7 193.5 193.5 192 190.4 189.8 188.1 186.5 185.3 184.6 182.2 179.9 179.1 179.4 180.3 180.7 179 176.7 175 174.7 175.6 176 176.3 177.6 177.8 177.8 177.3 176.8 174.8 168.9 163.9 167.1 171.2 174.5 176.5 176.7 177 176 175.1 173.9 172.1
183.8 185.2 187.1 188.4 189.1 188.4 182 164.2 177.8 189.6 193.8 193.8 193.7 193.5 192.9 192.6 190.1 185.7 180.8 170 160.8 154.1 143.1 125.7 116.7 119.1 131 143.4 154.7 162.5 167 173.6 181.5 186.1 189.3 192.3 195 195.5 195.3 193.9 192.1 190.3 188.9 187.8 185.6 184.2 184.2 182.7 181.2 181.2 181.9 182.1 181.1 179.8 178.6 178.1 178.7 179.5 179.4 180.1 180.4 180.7 180 179.5 178.7 176.1 172.5 165.3 163.6 168.2 171.9 174.3 175.1 176 174.6 173.7 172.8 171.6
183.7 184.7 185.5 186.9 187.7 184.8 168.1 164 183.5 190.6 193.8 193.6 193.5 193.4 193 190.2 186.4 180.1 170.5 161 152.8 145.7 133.3 123.3 114 123.7 135.3 148 159.6 164.6 171.8 179.6 184.4 188.7 192 195.1 195.8 195.9 195.7 194.4 192.8 191 189.2 187.9 185.4 184 184.5 184 182.8 183.6 184.5 184.1 183.6 182.4 181.4 181.4 181.9 182.3 182 181.5 181.6 181.8 181.5 181.3 180.4 178.3 175.1 169.4 163.2 163.4 167.3 170.9 172.7 173.5 173.3 172.4 171.4 170.6
183.1 183.9 184.5 185.7 184.4 175.4 156.8 168.9 185.2 190.1 192.2 192.9 193.2 192.6 190.3 187.1 179.4 169.2 160.6 151.2 140.9 130.1 118.9 115.1 115 129 142 155.4 162.4 166.6 178.5 182.9 187 191.1 194 196 196.3 196.4 195.8 194.5 193.2 191.7 189.8 188 185.8 185.1 185 185.1 185 185.1 185.6 185.7 185.3 185.2 184.9 184.5 184.4 184.4 184 183.2 183 183 183.1 183 181.7 180.7 177.8 174.8 170.1 164 164.1 164.8 170.4 171.6 172.1 171.5 170.7 169.8
183.1 184.1 184.2 183.5 181.7 164.3 153.4 171 184.3 188.3 190.3 191 190.5 188.9 182.5 174.3 168.1 159.4 149.4 137.7 125.1 113.4 113.9 114.5 123.2 137.2 152 159.4 165.6 174.6 181.7 185.5 189.5 192.6 194.9 196.6 196.8 196.5 195.8 194.6 193.3 191.9 190.6 188.7 187.8 186.6 186.5 186.6 186.4 186 185.7 186.8 186.7 186.7 186.5 186.2 186 186 185.8 185 184.5 184.1 183.8 182.8 181.2 180.8 179.8 177.5 175.4 168.8 163.5 163.1 165.3 170.6 171.2 171.1 171 167.3
183.7 184.2 183.6 183 177.1 156 152.8 173.4 183.6 186.6 188.3 189.1 187.3 179.4 168.6 166.5 159.7 148.8 137.5 120.2 113.4 113 119.2 127.5 138 150.1 159.3 166.2 172.5 180 184 187.5 191.2 194.8 196.5 197.2 197.1 196.5 195.9 194.6 193.5 192.5 191.4 190.6 190.1 188.3 188.1 187.9 187.6 187.6 187.2 187.4 187.7 187.5 187.2 187 187 186.3 186 186 185.9 184 183 182 180.6 181 178.9 176.9 174.4 171.4 166.2 160.7 160.5 170 171 171 170.3 164.9
182.7 182.3 181.6 176.8 169.7 150.5 152.9 172.7 182.9 185.5 187.6 187.3 176.5 163.4 161.1 157.2 149.4 136.6 122.6 112.9 113.3 121.4 129.2 142.5 152.2 159.1 166.1 171.9 179.8 183.4 186.8 190.3 193.8 196.1 197.1 197.2 196.8 196.5 196 193.7 193.1 193 191.6 190.5 190.9 189.6 189 188.5 188.3 188.4 188.5 188.4 188.5 188.2 188 187.4 186.7 186 185.9 186 186 184.6 182.9 181.4 180.3 178.8 176.7 174.8 172.7 170.3 165.7 160.8 159 163.7 170 169.1 166.9 164.4
179 177.8 172.8 162.6 152.9 145 155.5 173.2 182.8 185.7 187.2 179.1 164 158.2 153.3 148.2 138.7 122.9 113.5 113.2 118.9 126.7 139.9 157.9 160.4 165.9 172.3 179 183.6 186.7 189.8 193 196 196.9 197.8 197.4 197 196.6 196 195.5 194.3 192.8 191.7 190.6 190.9 190.1 189.5 189.1 188.9 189 189.1 189 188.9 188.5 187.8 187.1 186.4 185.7 185.8 186 186 185.3 183.4 181.5 180 178.4 175.8 173.7 172 169.6 165.3 161.2 159 160.2 164.4 166.2 164.1 162.2
174.6 168.6 155.2 147.5 144.4 144.5 158.8 174.8 182.9 185.6 182.8 166.2 158.1 150.8 145.4 140.6 126.3 114.8 113 115.9 124.3 136.6 152 158.7 166.4 171.5 177 182.2 185.6 188.8 192.2 195.5 197 197.8 198 197.5 197 196.5 196 195.2 194.1 193 191.8 190.7 190.5 190 189.8 189.6 189.5 189.4 189.3 189.2 188.9 187.9 187.2 186.8 186 185.6 185.8 185.9 186 185.1 183.4 181.8 180.4 178.6 175.9 174.4 172.4 170.1 166.1 162.2 159.1 159.3 160.1 162.3 161.4 160.3
169.6 155 144.7 138.8 141.6 149.6 162.9 177.9 184.1 183.1 176.3 162.5 150.8 142.6 134.6 126.7 116.1 112.9 114.4 128.1 142.6 152.1 159.9 164.4 171.7 176.8 181.5 184.5 187.5 190.5 193.4 195.7 197.4 198.3 197.9 197.4 196.9 196.4 196 196 194.6 193.5 191.9 190.4 189.1 190 189.8 189.7 189.5 189.4 189.2 188.9 188.3 187.3 186.6 186.2 185.7 185.6 185.7 185.9 185.7 184.5 183.1 182.1 180.7 178.6 177.2 175.9 174.6 171.8 168.9 164.7 160.8 158.5 155.9 157 156.7 160.3
155.6 147.6 134.7 137 146 153.6 163.8 177.2 181.2 175.2 165.6 153.1 139.7 124.7 116.7 114.7 115.1 123.7 136.3 148.5 154.2 160.6 166.1 171.8 176.3 181.4 184.4 187.3 190.3 192.7 195 196.5 197.6 198.1 197.5 197.1 196.7 196.3 196 196 194.6 193.5 192 190.7 189.3 190.1 190 189.5 188.9 188.7 188.4 188.2 187.7 186.7 186 185.7 185.8 185.9 185.8 185.5 184.6 183.1 182.2 181.2 181.1 179.5 178 176.5 175.2 173.3 170.9 167.9 164 159.4 154.3 154.7 154.5 159.5
147.5 142.4 131 134.2 145.9 151.8 158.4 165.4 168.8 165.1 157.7 144.6 128 114.2 114.2 120.4 126.6 138.6 150.3 154.9 160.6 165.9 171.4 176.6 181.1 184.6 187.3 190.1 193.1 194.8 195.7 196.6 197.6 198.3 197 196.7 196.3 196 196 195.9 194.4 193.2 192 190.9 190.4 189.8 189.3 188.8 188.2 187.9 187.7 187.4 187.2 186.1 185 184.8 184.7 184.4 184 183.8 183.2 182.2 181.1 180 179.8 179.1 177.7 176.4 175.4 173.7 171.7 169.9 166 161.9 157.5 153.9 153.7 154
142 137 129.1 132.7 140.9 147.1 150.5 156 159.7 157.7 148.6 137.7 123.7 112.8 113.5 121 129.8 146.6 156.1 160.7 166.2 172 177 181.3 184.2 187 190.1 192.9 195.2 196.8 197.8 197.5 197.6 198.5 196.9 196.4 196.2 195.6 194.8 194.9 193.8 193 191.9 190.7 189.7 188.9 188.6 188.1 187.5 187.1 186.9 186.7 186.4 185.5 184.5 183.4 183 182.7 182.2 181.6 181.5 180.7 179.6 179.1 178.8 178.3 177.2 176.2 175.2 174.2 172.4 170.8 167.5 164.6 162 158.5 154.3 154.1
134.4 138.3 125.5 132.4 137.6 145.3 146.4 149.2 151.8 149.7 141.6 131.5 120.5 113.2 113.7 123.4 140.1 150.2 159.6 166 171.8 177.3 180.7 183.7 186.4 189.1 192 195 197.7 199.3 200.4 200.4 199.5 198.6 196.9 195.2 194.7 194.1 193.7 193.6 193 192.1 191.1 189.8 189 188.2 187.5 187.2 186.8 186.3 186.1 185.9 185.7 185 183.9 182.9 181.8 181.1 180.5 179.8 179.7 179.3 178.4 178.2 177.9 177.7 176.7 175.7 175.2 173.9 172.5 171 169.7 167.5 165.2 161.5 158.2 155.4
132.9 126.8 124.4 131.4 133.8 136.7 140.9 142.9 144.5 141.5 130.5 124.1 115.6 113.6 118 131.2 147.2 155.9 164.3 170.7 176.1 180.3 183.3 186 188.6 191.4 194.3 196.9 198.9 201 201.1 201 199.9 198.5 196.9 195.2 194.5 193.4 192.7 192.1 191.9 191.1 190.8 189 188.3 187.5 186.8 186 185.7 185.6 185.5 185.8 185.5 184.4 183.3 182.3 181.5 180.6 178.7 178.3 178.1 177.6 177.5 177.3 177.1 176.9 176 175.2 174.3 173.5 172.2 171.4 170.5 168.3 166 164.5 161.6 159.1
120.9 117.7 120.4 127.5 131.4 132.1 133.7 137 136 127.9 120.3 114.7 113.5 113 128.1 141.9 153.8 160.7 168 175.1 179.3 182.5 185.6 188.3 190.9 193.6 196.1 198.1 199.6 200.8 200.7 200.5 199.7 198.4 196.9 195.7 194.9 193 191.3 190.6 190.3 190.1 191 188.5 187.7 186.9 186.1 185.3 184.6 184.3 185.8 185.8 184.7 183.7 183.1 182.3 181.4 180.5 178.9 177 176 175.6 175.6 176.2 176.3 176.1 175.4 174.4 173.4 172.7 172.1 171.4 170.6 168.9 167.4 165.9 164.5 162
112.9 112.2 113.9 118.6 123.8 127.7 127.7 129.5 124.1 113.1 112.8 113.3 114.1 121.7 139.4 152 158.7 164.8 171.4 177.3 181.2 184.6 187.8 190.7 193.4 195.9 197.1 198.3 199.8 199.9 200.1 200.1 199.3 198.1 196.7 195.4 194.6 192.9 190.9 188.9 188.9 189.8 190.5 187.9 187.3 186.5 185.8 185 184.3 184.4 184.8 184.6 183.9 183.4 182.7 182.1 181.5 180.8 179.7 178.1 176.3 174.6 173.6 174 174.6 175.3 174.3 173.4 172.5 172 171.4 170.8 169.9 168.5 168.1 167.4 165.8 165.1
109.1 110 110.1 110.9 115 117.2 119.2 121.7 111.8 112.6 114 117.5 121.9 131.2 143.4 154.8 161.2 168.7 174.9 179.5 183 186.7 189.9 192.7 195.4 196.2 196.9 198.3 199.4 199.5 199.9 199.7 199 197.8 196.7 195.1 194.5 192.9 191.1 189.1 188.6 189 188.3 187.2 186.8 186.2 185.4 184.8 184.8 184.1 183.6 183.3 183.6 183 182.4 181.8 181.1 180.5 181.1 179 177.1 175.4 173.9 174.2 174.8 174.5 173 172.1 171.3 170.8 170.2 169.9 169.5 168.2 167.9 167.6 167 165.8
114.6 120.2 120 110.8 110.1 110.6 111.6 111.7 110.1 113.7 119.2 123.9 129.3 138.8 148.9 155.7 163.1 171.9 177.3 181.5 184.4 188.1 191.2 193.8 196 196.1 196.8 197.7 198.5 198.7 199 199.3 198.7 197.7 196.9 195.5 194.6 192.9 191.1 189.3 188.8 186.7 186.1 186.6 186.1 185.8 185.2 184.5 183.6 182.7 182.2 182.2 183.4 182.7 182.1 181.7 181.2 180.7 180 179.4 177.4 175.3 174 174.4 174 173.7 171.7 170.8 169.8 169.5 169.2 169 169.1 168.1 167.7 167.4 166.9 166.1
122.2 125.4 123 121.6 119.3 117.1 114.1 112.8 117.9 125.3 130.8 137 142.9 151.8 158.4 165.5 170.4 176.1 179.3 183.3 186.1 189.2 191.7 193.7 195.7 196 196.7 196.9 197.4 197.6 197.9 198.2 198.1 197.6 196.8 195.9 194.6 192.9 191.1 190 188.7 186.2 184.1 184.4 185.6 185.7 184.3 183.1 182.2 181.3 180.8 181.6 183.2 183 182.5 182 181.5 180.9 180.1 179.2 177.3 175.2 174 174.2 173.7 173.3 171.9 169.3 169.4 168.6 168.4 168.2 168.3 168 167.5 167.1 166.4 166.1
134.8 133.3 131.1 128.5 130.2 128.7 129.4 129.5 132.4 142.4 149.4 160.6 164.1 166.3 169.2 173.3 176.6 179.4 180.8 185.3 186.2 189.3 191 191.8 193.9 195.4 195.1 195.6 196.1 196.4 196.7 197 197 196.9 196.3 195.7 194.4 192.9 191.2 190.4 188.9 186.7 184.4 184.1 184.9 183.8 183.4 182.3 181.1 179.9 179.6 180.5 183.2 182.9 182.7 182.4 181.9 181 180.2 179.3 177.4 176 175.1 174.2 173.2 172.8 172.2 170.1 169.2 168.2 167.5 167.5 167.6 167.7 167.2 166.6 166 166
146.8 146 137.2 137 137.2 137.2 138.9 143.8 148.6 155.8 163.6 168.1 170.8 173.7 174.5 176.4 179.1 181 181.8 183.4 184.8 186.7 188.8 189.9 191.1 192.3 193.3 194.4 194.8 195.1 195.5 196.2 196.2 196.2 195.7 195.1 193.9 192.6 191 190.4 188.7 186.9 185.2 183.3 182.5 182 181.9 181.2 180.6 179.6 180.3 180.8 182.5 183 182.9 182.6 181.8 181 180.1 179.3 177.7 176.4 175.5 174.5 172.8 171.6 171.1 170.2 169 167.9 166.8 166.6 166.7 166.7 166.7 166.1 166 166
152 148.5 142.1 141.1 145.6 147.9 151.5 155.1 161.3 166.2 169.5 171.7 174.7 176.9 177.8 178.5 180.6 181 181.1 181.4 182.7 184 186.5 187.4 188.4 189.4 191.3 192.4 193.6 193.8 194.3 195.9 195.6 195.6 195 194.5 193.4 192.2 190.9 190.4 188.3 186.1 184.5 182.5 180.6 180.5 180.3 180.8 180.8 180.4 180.2 180.7 182.3 182.9 182.8 182.5 181.7 180.8 180 179.2 178 176.8 175.8 174.7 173.1 171 169.9 169.9 168.6 167.4 166.2 165.6 165.7 165.6 165.8 165.5 166 165.8
161.9 163.7 156.4 156.3 160.6 162.8 164.4 167.7 168.5 170.8 173.1 174.8 176.3 177.7 178.3 178.8 179.6 180.6 180 180.4 181.5 183.2 184.4 185.3 185.8 187.5 189.4 190.1 191.3 193.1 195.4 195.2 195.4 194.9 194.2 193.6 192.6 191.4 190.1 189.4 187.1 185.2 183.2 181.1 179.1 179.7 181.1 181.1 181.1 180 180.4 180.7 182.2 182.6 182.5 181.9 181.3 180.7 179.9 179.1 178.3 177.1 175.9 174.8 173.1 170.6 168.8 168.8 168.3 167.1 165.8 164.7 164.3 164.6 164.8 164.1 164.7 164.2
169.9 171.4 170.8 171.8 172 171.8 171.4 171.9 172.4 173.7 174.5 176.4 176.8 176.8 177.5 178.3 179.1 179.4 179.2 179.4 180.2 181.4 182.2 183.9 184.7 186.4 189.1 189.8 190.7 193 195.2 194.8 194.7 194 193.2 192.6 191.9 190.2 189.7 188.5 186.5 184.5 183.9 181.9 179.7 179.4 181.1 181.1 181.1 179.4 179.9 180.9 181.7 182.1 181.9 181.4 180.9 180.3 179.5 178.8 178 177.1 175.9 174.6 173 170.7 169 167.5 167.3 166.6 165.8 164.5 164.1 164.5 163.2 162.6 162.6 162.4
