STL Generation/terr50_gagg_gb/data/SP12.asc
ncols 200
nrows 200
xllcorner 410000
yllcorner 220000
cellsize 50
[rows 35 to 69 of 200, columns 78 to 155 of 200]
181.4 185.5 187.5 188.5 189.8 189.7 189.6 190.5 192.4 193.6 194.5 195.2 195.4 195 195.7 197.5 199.9 201.3 200.7 198.7 197.9 196.5 194.7 192.6 190.6 190.5 189.6 189 189 191.2 191.8 192 192.3 192.7 192.4 191.8 189.4 187.8 186.2 183.8 177.9 176.2 180.7 182.4 184.1 184.1 184.2 182.6 179.6 173.4 166.1 163 164.4 179.4 182.8 176 183.2 190.1 193.7 196.1 195.4 194.6 196.3 199 201.2 204 206.3 208.4 209.9 214 212 208.3 205.3 203.4 205.8 203.7 202.6 200.5
176.3 179.2 182.4 183.8 186.1 185.7 188.2 191 191.5 192.4 193.3 193.7 194.2 194.6 194.1 196.9 199 200.3 199.5 198 198.2 197.7 196.2 194.7 194.6 193.7 192.4 190.8 189.7 191.4 191.9 192 192.1 192.4 191.5 190.2 188.6 186.8 185.1 179.6 180.4 184.9 185.9 185.8 186.2 186.2 186 184.1 180.8 176 166.7 163.1 162.9 172.9 174.6 175.3 185.6 189 191.5 192.3 191 193.2 196.1 198.6 201.5 204.6 206.9 209.1 212.9 214.2 214 211.2 207.5 206 206.2 205.5 204.6 204.1
174.4 174.5 176 178.7 180.9 183 185.8 187.2 189.8 191.1 192 192.2 192.5 193.6 195 196.1 197.5 197.6 197.1 197.6 197.9 198.2 197.6 196.6 196.1 195.1 194.1 192.8 191.8 191.9 191.6 191.5 191.6 192.1 191 190.1 188.8 186.5 183.1 179.5 185 187.6 188.4 187.8 186.8 186.4 186.1 184.9 182.4 177.6 168.8 161.6 160.5 167 169.2 177 186 188.2 189.4 187.9 189.6 192.8 195.8 198.2 201 203.6 206 207.2 209.9 212.3 212.5 210.7 207.2 205.9 203.3 202.8 202.9 202.8
177.4 174.8 174.2 174.5 176.1 177.8 181 183.5 187.3 188.9 190.3 190.9 190.6 192.1 194.6 195.5 196.4 194.7 194.7 196.9 197.2 197.5 198.3 197.7 196.7 195.8 194.9 194.1 193.4 192.6 192.3 192.2 192.5 191.9 190.9 190 188.9 185.5 184.4 184.6 186.8 188.5 189.3 188.5 186.7 186.3 185.8 185.1 183.4 180.9 172.6 162.5 159.6 162.2 169.2 174.9 183 186.7 185.7 180.7 187.8 192.3 194.9 197 198.4 200.4 201.1 201.4 203.7 206.9 209.2 209.3 205.8 202.8 201.2 200.5 201.4 201.1
176.4 175 174.4 174.4 174.3 176.3 178.3 179.4 183.1 185.4 187.3 188.4 189.1 191.4 193.4 193.9 194.4 194.4 194.2 194 194.4 196.9 197.8 198 197.1 196.2 195.3 194.5 193.9 193.2 193 193.4 193.8 193.1 191.9 190.7 189 185.2 184.5 185.7 187.8 190 190.4 188.5 186.3 185.1 185 182.5 181.2 181.7 177.1 169.1 160.1 159.4 166.3 168.7 173.7 180.8 177.5 179.5 187.6 190 191.4 192.4 192 193.5 194.4 194.5 197.1 198.7 201.5 201.5 201 198.8 198.2 198.1 198.8 199.6
175.6 174.2 174.4 174.3 174.2 175.4 177.1 178.3 179.1 181 183.5 185 187.4 190.6 192.1 192.5 192.8 194 194 194 194 196.6 197.2 198.2 197.5 196.6 195.8 194.9 194.3 193.9 194.2 194.7 195.1 194.3 193.1 191.5 189 187.2 186.6 186.9 188.5 189.5 191 188.5 186.1 184.2 183.3 180.6 178.6 178 175.4 169.9 162.8 159.1 159.9 162 165.5 170 170.2 179.8 185 184.9 185.7 186.8 187.7 187.8 187.4 188.2 190 192.1 194.3 195.6 195.3 194.3 193.8 194.2 195.1 195.6
174.9 174.3 174.5 174.1 174 175.4 177.8 179.3 180.1 179.7 181.2 183.7 184.5 188.5 190.4 190.9 191.6 193 194.1 194 196.2 197.5 198.3 199.3 198.7 197.9 197 196.7 195.8 195 195.4 195.9 196.5 195.5 194 191.5 189 189.5 189.9 188.7 189.9 191.7 191.8 190.9 188.4 186 184.3 181.7 179.5 174 170.2 169.6 167.9 163 158.9 158.6 158.9 161.4 169.1 176.4 178.4 177.7 177.6 179.8 183.3 183.5 183.4 183.6 184.6 186.5 189.1 190.3 190 189.2 187.4 187.8 189.7 192
176.1 176.2 174.2 174 173.9 175.8 179.2 181.1 182.6 184.1 184.4 184 184 184.1 188.3 189.4 190.7 192.4 194 195.3 197.7 198.8 199.4 199.8 200 199 198.7 198.5 197.4 196.7 196.8 197.4 198 197.3 195.2 193 189.8 189.7 191.6 191.3 191.7 193.5 193.3 193.2 190.7 188.3 186.1 184.1 182.2 180.1 178.3 177.4 175.8 170.7 162.5 159 158 158.6 162.6 168.7 170.8 171.3 170.5 171.9 175.6 176.7 179.2 178.6 180.3 181.8 183.8 185.2 185.5 184.6 182.3 181.3 183.4 187.5
177.5 177.2 175.2 173.9 173.9 176.3 180.6 182.5 184.5 185.9 185.9 185.1 184.9 184.9 186.9 189.3 190.1 190.7 192.3 195 197.3 198.1 198.5 199.1 201 200.9 200.6 199.6 199.1 198.6 198.3 198.9 199.5 198.9 196.6 194.1 190.4 191.2 193.4 193.7 194 194.7 195 194.8 193 191.5 189.6 187.5 186.1 185.7 184.7 184 182.8 178.2 169.4 163.4 159.1 159.8 158.2 159.4 163.2 163.3 162.9 161.7 160.3 159.6 165.9 171.6 176.2 177.1 179.8 182 181.4 180.3 178 175.7 178.3 181.7
178.9 178.4 175.4 174 173.1 177.4 182.3 184.1 185.6 186.9 187.8 187.4 187.5 188.3 188.1 188.9 189.7 189.1 190.5 192.7 195.1 196.4 198.3 199.9 201 200.6 200.8 201.4 201 200.5 200.2 200.3 200.9 200.7 197.2 194.3 192.7 195 195.5 196.7 197.1 198 197.3 197.1 196.4 194.8 192.9 190.7 190.6 190.3 190.3 189.6 188.8 185.4 179.9 173.8 169 164 161.7 158.3 158.3 156.6 156.6 156.6 156.6 156.6 156.6 157.1 171.8 172.9 176.1 178.3 177.6 175.6 174.6 171.4 175 177.2
180.1 179.6 176.9 173.5 169.6 178.2 184.3 186.1 186.8 187.3 188.2 189 190.2 191.1 190.3 191.2 191.5 191.7 192.2 194 194.2 195.6 198.1 199.4 200 200.8 201.8 202.8 202.8 202.4 202 201.9 201.8 200.4 197.8 195.1 194.1 194.3 195.8 199.9 200 200.9 199.9 199.7 199.5 198.3 196.4 194.2 195.2 195.6 195.7 195.5 194.3 191.5 188.6 183.5 179.1 175.1 170.7 167.6 164.5 161.9 162.1 165.2 165.9 162.8 155.4 155.2 163.2 169.2 171.4 173.8 173.3 170.7 169.5 168.4 170 173.3
181 180.1 176.8 172.2 169.1 180.9 186.3 188.5 188.7 188.7 189.4 190 190.9 190.9 191.8 193 195.3 195.4 195.1 195.6 194.1 196.6 199.2 199.8 200.6 202 202.9 204.1 204.2 204.1 203.9 203.7 202.6 201.1 198.7 197.4 196.2 195.3 196.8 200.2 201.1 203.4 202.8 201.9 201.9 201.2 200.1 200.2 200.6 200.7 200.8 200.9 199.7 196.5 194.3 192.7 190.3 186.8 183.7 181.4 178.8 174 171.3 168.7 166 163.5 158 154.2 160.7 165.9 167.8 169.6 167.9 166 165.1 164.6 169.8 174
180.7 179.3 175.5 169.4 170.3 181.9 186.7 187.4 188.2 189.1 190 190.8 191.6 192.3 193.3 194.4 196.2 197.9 198 198 197.8 199.2 201.1 201.7 202.6 203.4 204.2 205.3 206.2 206.5 206.4 205.9 205 203.8 202 201 200.2 199.7 199.7 198.9 201.4 204 203.6 203.4 203.1 202.6 202 202.5 203.4 204.1 204 203.6 203.1 200.5 199.1 198.4 196 193.5 192.1 189.1 185.4 181.4 177.2 173.3 170.3 167.8 164.4 155.4 154.3 162.1 165.9 165.9 163.5 160.9 163.3 166.5 171.1 175.5
180.1 177.6 172.3 168.8 175.7 184.5 186.2 185.8 185.9 187.7 189.5 189.5 191.5 193.4 194.8 197 198.4 199.7 199.9 199.4 199.1 199.3 201.3 204.2 204.4 205.1 206 208.3 209.1 209.5 209.3 208.9 208.5 207.3 206.4 205.3 204.2 202.9 202.3 201.7 201.3 204.1 203.8 203.6 203.3 203.3 203.6 204.4 206 206.4 206.5 206.3 204.9 204.6 204 202.4 201.1 198.5 196.5 194.7 191.8 187.5 183 178.8 176 172.9 169.7 164.7 153.2 155.4 162 164.3 159.8 162 165.6 168.8 173.4 177.4
177.8 174.8 169.3 169.5 180 186.1 185.3 185.7 185 187.3 189.3 191.2 193.2 195 197.5 199.8 200.6 200.9 201 200.7 200.1 199.6 202.4 205.3 205.1 207.6 208.2 210.6 210.8 211 212 212 211.8 211.1 210.6 209.6 208.7 207.3 205.7 204.4 203.9 203.6 204 204 204.1 204.1 204.3 204.6 206.2 206.9 207 206.8 206.8 206.5 206.3 205.1 203 201.7 200.9 199.3 196.3 191.2 186.4 183 178.9 175.7 172.3 167.6 159 153 155.2 158.3 160.5 164.7 168.1 170.8 174.1 177.3
175 171.4 169.1 174.6 181.6 182.8 182.1 183.5 185 187 190.2 192.6 194.5 196.5 200 200.8 201.2 201.4 201.7 202.2 202.2 202.5 203 205.4 205.5 208.3 210.9 210.9 211.8 212.7 213.6 214.5 214.9 214.9 214.3 213.3 212.1 210.9 209.6 208.1 207.1 206.3 205.5 205.3 205.1 204.9 204.9 205.2 206.2 207 206.8 206.6 206.6 206.9 206.7 205.9 204.4 203.2 202.4 199.7 196.6 192.3 188.4 185 180.1 176.7 172.6 168 163.9 154.7 153.7 154.2 158.9 164.7 168.3 171.3 173.6 176.5
175.2 169.7 170.6 178.3 181 179.4 179.2 181.4 185 188.3 191 193.8 195.9 197.8 200.6 200.9 201.4 201.9 202.5 203.4 204.5 205.1 204.7 204 205.2 208 210.2 211 212.2 214 215.1 215.8 216.4 216.8 216.8 215.8 214.9 213.8 212.5 210.9 210 209.1 207.9 207.2 206.7 206.3 206 206.1 206.8 206.8 206.5 206.4 206.2 206 205.9 204.4 203.9 204.6 202.1 199.9 197.4 193.6 189.8 185.9 180.6 177.7 173.7 170.1 167.9 163.7 155.6 154 154.2 159.5 165 168.7 172.3 174.3
174.2 169.1 169.9 175.1 176 175 179.6 182.6 186.6 189.4 192.1 195 195.6 197.5 199.5 199.1 200.2 201.9 203.4 204.4 205.2 205.2 205 204.8 204.9 207.7 209.6 210.5 212 214 215.9 215.5 216.4 217.4 218.3 217.9 217.3 216.3 214.6 213.3 212.4 211.5 210.6 209.8 209 207.6 206.8 206.2 206.6 206.4 205.4 204.4 203.8 203.7 203.1 202 202.3 202.7 201.3 200.8 197.6 195.1 191.8 188.4 185.1 180.4 175.5 172.6 169.6 166.4 162.6 155.7 153.7 154.4 160 165.9 170.4 172
175.4 171.6 169.3 169 170.6 176.4 180.7 184.4 188.1 190.6 193.3 195.7 195.2 196.8 199.1 199.8 200.9 202.6 204.2 205.4 206.4 206.6 207 207.3 207.2 207.9 209 209.9 211.7 213.6 215.4 216.1 217 218 218.9 219 219.1 219.1 217.5 215.6 214.7 213.9 213 211.9 210.1 208.4 207.6 206.4 206.2 206.2 204.5 203.5 201.8 199.9 198.6 197 196.7 197.5 198 197.1 194.8 193.4 191.9 189 185.9 181 176.9 173.3 170.2 166.7 163.3 156.4 153.4 153.6 156.5 163.1 167 171
176.7 175.8 169.1 168.5 169.1 175.3 181 185.9 189.8 191.9 193.6 196 194.6 196 199.2 201.3 202.8 203.8 205 206.8 208.3 208.2 208.7 209.2 210.6 211.4 211.6 211.8 212.7 213.8 214.4 215.9 217.6 218.5 219.3 220.1 220.6 221.1 220.1 218.1 216.1 215.9 214.5 212.7 210.8 209.3 208.4 206.5 205.4 205.3 203.7 202.5 200.6 197.3 193.7 192.3 190.2 187.7 186.3 188.2 189.1 188.6 187.8 185.8 182.5 178.7 175.6 172.3 169.5 166.3 161.8 154.4 152.9 153.1 155.8 160.7 163.1 165.3
177.1 176.9 172.9 169.3 169 176.2 181.4 186 191.1 191.7 192.1 194 194 197.8 200.8 202.4 204.1 205.7 207 208.1 210.1 210 210.7 211.5 212.9 214.4 215.2 215.5 214.9 214.5 214.9 215.9 217.5 219 219.6 220.8 221.9 221.5 220.6 218.8 216.6 215.6 214 212.4 211.5 210 207.9 205.7 204.1 203.8 202.5 200.8 197.2 193.5 189.2 185.9 184 181.6 179.8 175.5 176.6 179.7 178.9 177.4 175.5 173.1 169.6 166.1 162.6 160.4 157.9 154 153.4 157.4 163.2 161 160.6 160.7
176.6 176.5 174.1 169 168.9 177 183.5 186.6 189.2 190.6 189.8 191.6 195.8 199.6 202 203.9 205.7 207.3 208.9 209.6 210.7 211.9 213.2 213.9 214.9 216.1 217.3 218.5 218.6 218.1 217.2 217.9 218.6 219.4 218.9 220.4 221 221 220.1 218.3 216.5 216 214 211.4 209.6 209.3 206.7 206.1 204.9 203.4 199.8 196.4 192 189.5 189.4 188 190.5 189.6 187.3 183 176.4 173.3 169.3 168.4 166.7 164.2 163.2 160.3 161.2 159.3 156 153.3 155.8 165.2 166.2 161.3 158.6 157.5
170.6 170.8 170.2 168.7 169.3 178.8 186.2 186.1 186.3 187.6 189 193.2 197.1 200.5 202.7 204.8 206.8 208.6 210.5 211 212.3 213.6 215 216.3 217.6 218.9 219.8 220.8 221.5 220.9 220.1 220.2 220.9 220.8 220.6 220.6 220.4 219.3 219.3 217.7 215.7 214.2 213.3 211.6 209.7 208.2 205.2 204.5 206.1 201.8 197.7 194 194.1 194 193.5 193.1 193.4 192.6 190.2 183.6 178.9 179 176.2 173.9 170.3 170.3 170.2 168 166.9 163.6 157.6 153.8 160 166.9 166.2 161 156.5 155.1
174.2 170.5 169.4 168.1 171.7 182 186.4 186.3 185.4 184.7 189.7 194.7 198.2 201.3 203.5 205.6 207.7 209.6 211 212.6 213.9 215.2 216.6 217.7 219.9 221.1 222.1 223.4 224.7 223.4 222.9 222.5 222.9 222.2 221.6 221.2 220 219.1 218.6 217.2 215.8 214.3 213.4 212.6 211 208.5 205.6 204 202.7 199 199.9 200.9 202.3 201.7 200 197.6 195.9 194.9 190.5 183.5 185.3 185.9 181.4 176.7 173.9 174.6 174.2 172.3 168.2 164.5 158.7 153.4 153.5 156.6 162.4 159.8 154.3 157.1
178.1 174.8 169 168.5 175.1 182.5 186.1 184.8 181.9 186.4 191.4 195 199 201.7 203.5 205.2 207.5 210.1 211.6 213.1 214.7 216.3 217.6 219.2 221.8 223.1 224.5 225.7 227.2 226.1 224.9 225 224.4 223.8 223.2 222.6 221.5 220.4 219.6 218.7 217.6 216.1 214.6 213.2 211.5 209.2 206.6 204.2 205 205.1 204.3 204.4 205.5 203.6 202.2 200.7 198.9 195.7 189.7 188.6 191.6 190.4 186.1 180.9 178.1 179 178.3 174.9 170.9 167.5 164.4 155.3 153.3 153.1 154.4 155.2 154.3 160.4
178.5 173.7 166.5 167.1 177.6 181.8 182.8 179.5 181.7 188.4 193.1 196.4 199.6 202.1 204.1 206.1 205.7 208.1 210.6 213.6 215 216.7 218.6 220.7 224.1 225.6 227.1 228.3 229.6 229.9 228.6 227.9 226.6 225.8 225.3 224.6 223.4 222.4 221.9 220.7 219.2 217.6 216.1 214.6 212.7 210.5 209.2 207.8 208.1 207.8 207.5 207.2 206.2 204.9 203.6 202.1 200.4 196.2 191 192.6 195.3 194 190.8 185.7 182 183.6 182.8 179.1 175 171.2 168.1 164.6 158.6 153.7 153.3 153.7 154.4 156.8
177.5 172.5 164.7 167.2 177.8 181.2 179.6 179 181.1 189.1 193.1 196 199.3 201.4 202.6 204.1 205.9 206 205.1 210.4 215.9 218.4 220.4 223.2 225.6 227.5 229 230.3 230.5 231 230.7 230.8 230.5 228.3 227.6 226.4 225.1 224.7 223.9 221.8 220.5 219.2 217.6 216 214.1 211.9 211.4 210.6 210.3 210 209.7 209.3 208.2 206.2 204.6 202.7 200.4 195.2 193.8 195.7 197.3 196.3 193.7 190.9 186.8 185.8 186.1 182.7 177.8 173 168.6 164.3 161.5 160.6 154.2 153.2 153.2 153.2
178.1 173.5 164 164.2 175.6 181 176.2 177.7 182.8 187.7 190.7 193.8 197.3 199.3 200.8 203.5 205.4 210.6 210.8 212.1 215.4 219.2 221.8 224 226.4 229.1 230.6 231.5 232.2 232.6 232.5 232.3 232 230.6 229.5 228.4 227.4 226.6 225 222.9 221.6 220.5 219.1 217.5 215.5 213.2 213.2 212.9 212.7 211.7 210.9 210.3 208.8 207.1 205.4 202.6 199.5 197.8 197.5 198.8 198.6 198.1 195.6 193.4 192.1 189.3 184.6 182.1 177.3 172.7 167.6 163.9 162.2 160.6 161.1 159.5 153.5 153.2
178.2 173.8 166.7 163.4 171.5 176.6 174.2 177.1 181.4 184.2 187.1 192.3 193.8 195.7 200 203.5 206.4 210.4 212.8 215 215.8 219.3 222.4 224.7 227.1 229.7 231.6 232.9 233.9 234.1 233.7 233.9 233.6 232.5 231.4 230 228.9 227.6 226 224 222.8 221.6 220.4 218.8 216.8 215 215.2 215 213.8 212.8 211.9 211.1 209.7 208 205.9 203.4 201.4 200.4 200.9 201.3 201.1 199.5 197.9 196.8 195.7 192.6 188.6 182.5 177.3 172.8 169 166.5 164.9 161.9 159.5 159.8 155.8 150.7
177.7 173.9 167.3 164 169.1 175.1 170 175.8 180.1 180.4 184.1 188.8 194.2 198.2 202 204.7 208.1 211.6 213.8 215.9 218.1 220.2 223 225.3 227.2 229.2 231 232.7 235.5 235.7 234.8 235.2 235 233.9 232.4 230.8 230.4 228.9 226.6 224.5 223.1 221.9 220.6 219.2 218.1 217.6 217.2 216.3 214.7 214.1 213.3 212.5 211 209.2 206.6 205.1 204.5 203.9 203.7 203.8 203.5 202.3 200.5 199.4 197.9 195.9 192.7 187 182 177.1 172.6 169.6 166.9 163.7 160.6 158 156 151.5
176.5 175 167.7 163.8 166.2 169.5 169.2 174 175.4 177.4 181.8 188.3 194.3 199 202.8 205.7 209.2 211.8 213.4 215.5 217.9 220.6 222.7 224.5 226.4 228.5 230.2 232 235.2 235.9 235.8 235.3 235 233.9 232.5 231.2 231.1 229.1 227.1 224.9 223.4 222.1 220.9 219.5 219.2 219.6 219.2 216.9 216 215.3 215 214.2 212.3 210.2 208.4 207.4 206.8 206.2 205.8 205.9 206 204.5 202.7 201.7 200.7 200 196.7 191.7 186.2 183.7 178.9 174.9 171.2 168.8 163.4 161.7 158.8 151.2
172.6 171.6 167.6 164.4 164.2 166.7 168.6 171.2 173.9 177.1 181.9 187.9 194 199 203 206.2 209.4 211.5 213.4 215 217.6 219.7 221.9 223.9 225.8 227.8 229.5 231.4 233.9 234.8 235.2 235.2 234.2 233.1 232 231.1 230.6 229.8 227.6 225.2 223.6 222.4 221.2 220.1 220.9 220.9 219.6 217.7 217.2 216.6 215.9 214.9 213.7 211.9 210.5 209.7 209 208.3 207.9 207.9 207.9 206.1 205.6 204.4 203.5 203.1 200.2 196.4 191.9 189 183.9 178.5 174 170.6 165.9 161.9 157.7 150.5
169.4 168.6 165.7 164 164 165.6 170.4 175.6 176.9 179.6 183.3 187.9 193.1 197.9 201.9 205 207.4 209.4 211.5 213 215.8 218.1 220.3 222.8 225.2 227.2 229.2 230.6 232.4 233.4 234 233.1 232.6 232 231.4 231.1 230.9 229.8 227.3 225.5 224 222.7 221.4 220.2 220.6 220.9 220.2 219 218.4 217.9 217 215.4 215.1 214 212.8 212 211.2 210.5 210.1 209.9 209.3 208.4 208.7 207.6 206.6 204.5 202.3 199 195.5 189.8 185.1 180.1 175.9 170.5 165.7 161.5 155.2 149.2
169.1 167.1 166.1 165.2 164.1 164.5 170.4 177.7 180.1 182.3 185.9 188.7 192 196.4 199.5 202.6 205.1 207.1 208.2 209.6 213.7 217 219.2 221.9 224.4 226.6 228.2 229.9 230.9 231.7 231.7 231.4 230.7 229.5 228.8 228.6 228.5 227.2 226.5 225.5 224.2 222.4 221.3 220.1 220.1 220.5 218.9 219.9 219.6 218.7 217.7 216.7 215.9 215.4 214.5 213.8 213.2 212.7 212.8 212.7 211.7 210.7 210.9 211 208.6 205.2 202.1 198.3 193.6 189.3 186.3 181.2 175.2 169.9 164.9 160.1 153.8 149
172.5 174.6 172.5 169.3 166.6 164 168.9 177.7 180.6 182.6 185.6 188.1 190.5 195.2 197.3 199.9 201.1 201.6 204.4 207.8 213.1 216.4 218.6 220.7 223.3 224.5 226.7 228.4 229.2 228.6 228.9 229.3 228.4 227.3 226 225.9 225.5 225.2 224.9 224 222.9 222 221 220 220.3 220.3 220.8 220.8 219.9 218.9 217.9 216.9 216.3 216.2 216.2 215.8 215.4 215.7 216 215.6 214.4 212.4 211.1 211 209.5 206.2 201.2 194.4 190.6 186.2 183.2 179 173.7 168.4 164.2 159.2 153.6 148.8
