STL Generation/terr50_gagg_gb/data/SP30.asc
ncols 200
nrows 200
xllcorner 430000
yllcorner 200000
cellsize 50
[rows 0 to 37 of 200, columns 86 to 171 of 200]
97.7 96.9 96.7 96.7 96.9 97 96.8 95.7 92.1 89 87.2 83.1 80.8 80.7 80.4 80.1 80 80.3 80.3 80.2 80 80.1 80.4 80.4 80.8 80.8 81 80.9 81 81.1 81.1 80.5 80.1 79.8 80 80.1 80.5 82.6 84.9 85.8 85.9 85.2 83 83.2 83.8 85.3 87 88.7 90.5 91.3 95.9 98.2 100.8 105.6 109.5 110.6 110.5 110.4 109.6 107.9 106.1 104.2 102.4 101.9 103.7 104.6 105.9 107.8 109.2 109.5 109.6 109.1 108 107 104.1 100.3 98.8 96.9 95.8 93.8 94.1 93.8 89.9 91.3 94.4 96.9
98.3 97.3 96.3 95.9 94.9 94.5 95.5 94.8 89.2 87.1 83.4 81.1 80.6 80.4 80.6 80.4 80.3 80.5 80.4 80.3 80.5 80.3 80.6 80.4 80.6 80.7 80.7 80.9 81 81.1 81.1 80.7 79.5 79.4 79.7 80 80.7 83.7 85.3 85.4 84.8 83.7 83.4 82.9 84.2 85.6 87.4 90.6 93.1 94.7 95.6 96.6 99.3 104.3 109.3 112.6 112.1 111 109.1 106.9 105.2 103.3 101.3 101.5 103.9 105.8 107.2 108.9 108.9 109 108.7 107.8 106.3 104.6 102.3 99.4 96.5 94.8 94.5 93.7 91.9 90.8 89.4 90.2 93 94.1
98.6 97.8 97.7 96.9 94.5 92.4 91.3 89.8 86.7 84.3 81.6 80.6 80.4 80.6 80.9 80.8 80.7 81 81.3 81.6 82.4 80.9 80.8 80.7 80.5 80.5 80.7 80.9 81 81.1 81.1 80 79.6 79.5 79.6 80 81 83.5 84.5 84.2 83.5 82.8 83.7 84.5 84.8 86.2 88.1 90.8 94.6 96.1 98.4 99.5 101.7 103.6 108.5 112.4 112.2 110.7 108.7 106.4 104.2 102.3 100.6 101.6 104.5 106.6 108.5 108.7 108.6 108.2 107.2 105.9 104.2 102.3 99.8 97.3 96.3 93.6 92.3 92.5 91.3 90.5 89.4 88.6 90.5 90.4
98.7 97.6 97.7 97.9 95.8 93.9 90.8 85.8 84.7 81.7 81 80.7 80.4 80.6 81 81.1 81.8 81.8 83.4 84.5 85 83.4 81.1 80.9 81.4 80.7 80.7 80.9 81 81.1 80.5 79.9 79.7 79 79.3 80 81.3 83 82.6 82.3 82.1 82.3 83.8 84.6 85.7 87.3 90.1 91.4 93.2 95.6 99.6 102.3 106.4 107.3 109.1 111.9 111.8 110.4 108.3 106 103.7 101 99.7 102.4 105.1 107 107.9 108.1 107.7 106.8 105.7 103.3 101.7 99.3 98.4 94.7 93.1 91.2 90.9 91.1 90.7 89.7 88.7 86.8 87.4 87.2
98.7 97.8 97.6 97.6 97 95.4 93.8 90.4 84.6 81.4 80.8 80.6 80.3 80.5 81 82.1 81.9 82.4 84.1 86.6 87 86.7 85.5 83.4 81.3 81 81.1 81.1 81.2 80.9 80.4 79.8 79.4 78.5 78.8 79.5 80.3 81.3 81.2 81.3 81.5 81.9 83.1 84.4 86.4 88.1 90.2 92.7 94.9 97.2 101 104.8 106 107.1 110.6 111.8 111.7 109.8 108.2 105.7 102.2 99.8 98.9 101.7 104.3 106 106.4 106.6 105.9 104.2 102.4 100.4 100.4 97.9 94.7 93.2 91.5 89.7 90.2 90.5 90.2 89.4 87.8 86.3 85.4 85.1
99.6 98.2 96.3 96.8 97.5 95.9 94 90.9 85.5 82.1 80.5 80.4 80.2 80.5 81 82.8 82.4 84.5 86.3 87.6 87.8 87.5 87 86 84.9 81.4 81.4 81.4 81.6 81.1 80.3 79.7 78.8 78.5 78.3 79.6 80.8 81.1 81.4 81.7 81.8 81.8 82.6 85.1 87.2 89.2 91.1 93.1 95.3 98 102.2 106.2 108.1 111.3 112.1 111.3 108.8 109.1 106.8 103.8 100.9 98.4 97.5 100 102.6 104 104.5 103.8 103 102.1 101.1 99.9 95.9 93.7 92.9 91.9 90.3 88.6 89.4 89.9 89.5 88.8 87.8 85.9 84.5 84.1
98.5 97.8 96 95.3 95.9 95 93.8 91.1 85.8 81.1 80.5 80.3 80.7 81.1 81.4 81.9 83.2 85 86.8 87.7 88.1 87.9 87.5 86.9 86.2 83.6 82 81.8 82.2 81.1 80.8 79.4 79.8 80.1 79.9 79.7 81.5 81.3 81.3 81.6 81.3 81.6 82.4 84.6 86.5 88.5 91.5 93.9 95.3 98.2 101.8 105.3 108.5 110.9 111.8 111.4 110.1 108.5 104.2 102.6 99.9 97 96.3 97.8 99.5 100.6 100.9 100.7 99.5 101.1 98.3 93.7 92.3 91.8 91.1 90.1 89.1 87.6 88.4 88.6 88.5 87.7 86.7 85.6 83.5 83.2
97 96.2 95.3 93.9 94.1 93.6 92.4 89.2 84.4 80.6 80.3 80.1 80.2 80.6 81 82 83.2 86.7 87.2 87.5 87.6 88.4 87.8 86.9 86 84.4 83.3 82.9 82.4 82 81.8 81.4 79.9 78.3 79.7 81.1 81.5 81.5 81.2 81 80.8 81.5 82.2 84.1 86.2 88.4 90.9 93.4 95.4 97.4 100.2 103.2 107 109.9 110.8 110.7 110.1 108.6 106.5 103.4 98.9 96.3 94.6 94.2 95.5 97 97.2 100.9 99.8 95.7 92.1 91.3 90.4 89.8 89.2 88.2 88.1 86.8 87 87.5 87.1 86.4 85.4 84.3 83.1 82.4
95.8 94.4 93.6 93 92.4 92 90.3 88.9 84.1 80.4 80.1 79.9 79.9 80.2 80.9 82.1 83.2 86.8 87.1 86.8 86.7 87.5 86.8 86.4 84.8 84.2 84 83.5 83.3 82.7 82.1 81.7 80.9 78 77.9 79.8 80.2 80.6 80.5 80.3 80.8 81.4 82.4 84.3 86.3 88.5 90.1 92.4 93.4 94.6 97.3 101 105.3 109.3 109.9 109.7 109.1 108.4 106.3 104.2 100.8 97.8 94.9 93.8 93.2 93.6 100.1 97.8 91.8 90.3 90.4 89.6 88.7 87.8 87.1 87 87.2 86 85.7 86.1 85.3 85.1 84.1 83 82.1 81.8
94.9 93.8 93 92.4 91.9 91.2 88.9 85.3 83.9 82 79.8 79.7 79.7 80.2 81.2 82.6 83.9 85.6 86.9 87 87.1 87.1 86.9 86.5 85.3 84.4 83.8 83.8 83.7 83 82.3 81.9 81.5 78 77.9 78.3 78.8 79.3 79.7 80.2 80.7 81.3 82.7 84.3 86.2 88.1 88.7 90.1 91.1 93.4 98.1 102.8 106.3 108.7 109 108.7 108.7 108.2 106.1 104.1 103.4 100.5 96.2 94.3 92.9 98.1 90.7 90.1 89.5 87.9 88.6 88 87.5 86.3 85.4 85.4 85.6 84.6 83.4 83.5 83.3 83.5 82.8 82 81.2 82.9
94.4 93.4 92.5 91.9 91.6 91.2 89.6 85 83.3 81.4 79.9 79.7 79.7 79.5 81.1 83.4 84.4 86 86.8 87 87.1 86.9 86.7 86.3 85.6 84.6 84 83.6 83.6 83.3 82.2 81.6 80.8 78 78.1 78.3 78.7 79.2 79.8 79.8 80.4 81 82 83.5 84.5 85.4 86.5 88.3 91.2 94 98.5 102.2 105.5 106.4 106.8 107 108.1 108 106.1 104.1 104.1 102.6 97.8 95.1 96.6 92.4 91.3 90.6 89.6 88.5 87.4 86.6 86 85.6 85.3 84.7 84.2 84 83.4 82.6 82 81.9 81.4 80.6 82.1 84.2
92.8 92.7 92 91.6 91.2 90.8 90.3 88.6 83.1 81.8 80.2 79.7 79.7 79.8 80.6 82.6 83.3 84.7 86.2 86.6 87 86.7 86.4 86 85.4 84.7 83.8 83.6 83.3 82.9 81.8 81.5 80.4 79.6 77.9 78.1 78.6 79.1 79.8 79.8 79.8 80.7 81.4 82.6 82.4 84.2 86.8 88.4 90.9 93.5 96.4 100 101.8 103.3 102.6 102.8 106.1 106.4 105.1 103.9 103.3 101.4 97.1 96.9 95.7 94.5 93.2 92.6 91.6 90.4 89.1 88.2 87.3 86.8 86.5 86.1 85.7 85.6 84.8 83.9 83.2 81.8 80.6 80.7 83 85.4
92.1 92.2 91.8 91.3 90.7 90.4 90.1 89.2 85.6 81.4 80.5 80.6 78.8 78.5 79.1 80.2 82.1 84.1 85.7 86.4 86.8 86.6 86.2 85.7 85.1 84.5 83.8 83.1 83.1 82.2 81.6 81.4 80.1 78.2 77.9 78 78.4 79.1 79.8 79.7 79.7 79.8 80.9 81.2 82.3 84.3 86.4 87.3 88.7 91.4 94.1 96 97.3 98 98.1 98.8 101.9 104.4 104.8 103.4 102.5 96.8 97.3 99.9 98.2 96.5 95.1 94.6 93.4 92.1 90.8 90 89.3 88.9 88.5 88.1 87.8 87.3 86.3 85.3 83.8 82.4 80.8 79.1 80.8 83.1
91.9 91.6 91.1 90.6 90 90 89.9 89.1 87.6 84 80.3 81 78.8 78.5 78.5 79 80.3 83.4 85.3 86.3 86.8 86.3 85.9 85.4 84.9 84.2 83.6 82.9 82.7 81.7 81.4 81.1 80 78.1 77.8 77.9 78.4 79.1 79.7 79.7 79.7 79.7 79.8 80.7 81.2 82.5 85.8 86.6 87.9 88.9 91.3 92.2 92.7 92.7 93.2 95.7 99.3 102.3 103.8 102.3 95.1 96 102.6 101.8 100.5 98.8 97 95.8 95 93.8 92.6 91.9 91.5 90.7 90.2 89.8 89.3 88.3 87.2 86.1 84.3 82.6 80.8 79.1 79.2 83
91 90.3 90.1 89.9 89.6 89.7 89.6 89 87.6 84.8 82.7 80.7 78.9 78.6 78.5 78.5 79.1 82 84.2 85.6 86.5 86.1 85.6 85.2 84.6 84 83.7 83.9 84.2 81.5 81.2 80.9 79.9 78.3 79 77.9 78.4 79.2 79.7 79.7 79.6 79.7 79.8 80.3 81.7 83.4 84.8 86 86.8 87 88.3 88.4 89 89.3 90.9 93.5 96.7 99.8 100.9 94.2 94.9 103.1 102.7 102 100.8 99.6 98.7 96.9 96 95.1 94.3 93.6 92.8 92 91.6 91.3 90.3 89.2 88.1 86.8 84.7 82.6 80.8 79.1 78.7 82.3
89.8 89.2 89.1 89 89 89.1 89.1 88.3 87.5 86.5 84.5 83.4 81.2 79.2 78.8 78.4 78.4 80.4 82.2 84.3 85.5 85.6 85.2 84.9 84.5 84.5 84.3 84.1 83.3 81.3 81.1 80.8 79.9 78.3 77.9 77.9 78.4 79.2 79.7 79.8 79.8 79.9 80 80 80.4 82.1 83.5 84.6 85.2 85.4 85.3 85.8 86.2 87.1 88.7 91.3 94.4 97.1 92.2 94.2 102.7 102.9 102.6 102 100.8 99.3 98.8 98.5 96.9 96.1 94.9 94.4 93.8 93.3 92.7 92.2 91.2 90.1 89.1 87.3 85.1 83 80.8 78.8 77.9 81.9
89.5 88.4 88.3 88.2 88.2 88.3 88.2 87.8 86.9 86 85.3 84.6 83.4 80.5 79 78.5 78.3 78.2 80.8 82.1 84.2 84.7 84.3 83.9 83.2 82.8 82.3 82.1 82.3 81.2 80.7 80.8 79.9 78 77.8 77.9 78.1 78.9 79.3 79.5 79.6 79.7 79.7 79.8 80 80.2 82 83.3 83.6 84 84.3 84.3 84.3 85.6 87.7 89.7 92.3 89.4 94 100.7 102.1 102.1 101.9 101.3 100.5 99.4 98.4 98 97.7 96.8 95.2 94.8 94.4 93.8 93.3 92.7 92 90.9 89.2 87.2 85 82.9 80.7 78.6 78 81.1
89 87.6 87.5 87.4 87.4 87.4 87.3 87.1 86.4 85.9 85.4 84.7 83.8 81.8 79.9 79.1 78.6 78.3 78.5 81.1 82.7 83.2 83.2 82.5 81.9 81.6 81.3 81 81.1 80.8 80 80.3 78.6 77.6 77.9 77.9 77.9 78.3 78.8 79.2 79.4 79.4 79.5 79.6 79.8 80.1 80.9 81.8 82.3 83.7 83.5 83.3 83.9 85 86.7 88.2 88 92.9 96.1 99 101.1 101.1 100.9 100.5 99.8 99.1 98 97.5 97.4 97 95.5 95.1 94.7 94.3 93.8 93.2 92.4 91.2 88.8 86.5 84.2 82.1 79.9 77.9 77.3 79.8
88.3 86.8 86.7 86.6 86.6 86.5 86.4 86.2 86 85.6 85.2 84.6 83.5 82.5 81.3 79.8 79 78.4 78.4 78.3 81.3 81.8 81.6 81.1 81 80.7 80.5 80.2 80 79.6 79.2 78.9 77.8 77.8 78.6 78.3 77.9 77.9 78.2 78.6 79 79.2 79.3 79.4 79.7 80 80.3 80.9 81.7 83.4 84 84.7 84.6 85.2 86.3 86.5 89.6 92.1 95.4 98.8 99.4 99.3 99.3 99.4 98.6 98 97.4 97.2 97.1 96.7 95.8 95.3 94.8 94.2 94 93.2 92.1 90.7 88.6 86 83.5 81.6 79.7 77.7 76.8 78.7
87.3 86 85.9 85.9 85.8 85.8 85.6 85 85.2 84.9 84.1 83.8 82.9 81.8 80.9 80.2 79.1 78.5 78.4 78.3 78.7 80.7 80.3 80.2 79.9 79.7 79.5 79.8 79.4 79.8 79.6 79.4 78.7 77.7 77.7 78 77.8 77.7 78 78.1 78.5 78.9 79 79.2 79.6 79.9 80.3 81 82.2 83.7 85.3 86 85.7 84.7 86.6 90.1 92.3 94.8 98.1 98.2 97.8 97.5 98 97.8 96.9 96.1 95.5 95.9 96.3 95.8 95.3 94.8 94.4 93.8 93.4 92.8 91.8 90.4 88.4 85.9 83.4 81.5 79.7 77.7 76.4 77.2
85.4 84.6 83.9 83.8 84.7 84.3 83.3 83.6 83.7 83.6 82.5 82.5 82.2 81.4 80.8 80.2 79.5 78.8 78.6 78.5 78.2 79.1 79.1 79.1 79.2 79.5 79.8 78.7 78.9 79 79.1 79.1 78.7 77.7 77.3 77.4 77.6 77.7 78 78.5 78.7 78.8 78.9 79.2 79.5 79.9 79.8 81.1 82.7 83.9 85.4 85.2 83.2 88 91.3 94 95.9 97.5 97.4 97.6 96.5 95.9 95.5 95.1 94.7 94 93.4 93.6 95.5 95.1 94.4 93.9 93.4 92.9 92.5 92 91.4 89.9 88.2 85.6 83.3 81.3 79.5 77.6 76 76.2
83.5 83.1 82.6 82.2 81.9 81.7 81.5 81.3 81.7 82.1 81.5 81.5 81.5 81.1 80.6 80 79.5 79.1 78.9 78.8 78.5 77.9 79.4 79.4 79.5 79.7 78.1 78.2 78.4 78.5 78.5 78.5 78.6 78.4 77.7 76.9 77.4 77.8 78.2 78.5 78.9 79.3 79.4 79.4 79.5 79.6 79.9 84.9 82.4 83.8 81.8 86.2 90.8 93.7 95.6 96.9 97.8 97.8 97.3 96.5 95.3 94.9 94.2 93.1 92.4 91.6 91.5 91.7 93.3 93.7 93 91.4 91.2 91.1 91.1 90.8 90.2 88.4 86.5 84.7 83.1 81.2 79.2 76.9 76.1 75.5
81.6 81.7 81.5 81.2 81 80.7 80.3 80.1 80.5 81 80.8 80.8 80.8 80.6 80.1 79.5 79.2 78.9 78.8 78.7 78.8 78.4 79.2 79.7 79.5 77.8 77.8 78 78.2 78.4 78.3 78.2 78.1 77.8 78 77.1 77.1 77.3 77.7 78 78.4 78.8 79.1 79.2 79.3 79.6 79.9 83.2 80.4 82.7 86.2 90.6 95 97.4 98.5 98.4 98 97.7 97.2 96.1 95 93.8 92.7 91.7 90.6 89.6 89.5 89.7 90.4 91.1 91.4 89.7 89.9 90.3 88.7 89 88.9 87.3 85.4 83.6 82.1 80.4 79.1 77.7 76.4 75
80.8 81.1 80.9 80.5 80.1 79.8 79.8 79.8 79.8 79.9 80.1 80.1 80.1 80.1 79.6 79.4 79.2 78.8 78.7 78.6 78.7 78.1 77.8 78.3 78.8 77.8 77.7 77.9 78.1 78.2 78.2 78.1 77.9 78.1 78.2 78.9 77.3 77.4 77.1 77.5 77.8 78.3 78.9 78.9 78.8 79.1 79.9 80.3 86.8 85 87.6 92.4 97 98.9 99 98.6 98.1 97.6 96.9 95.1 93.3 92.9 92 91.4 91.2 90.3 89.1 87.6 87.4 89 88.9 87.1 89.8 90.3 89.8 88.1 87.5 86.3 84.9 82.6 80.9 79.7 78.9 78 77.3 76.6
80.9 80.6 80.6 80.1 80.3 79.9 79.9 79.1 79.6 79.6 79.7 79.7 79.7 79.6 79.6 79.4 79.2 78.8 78.6 78.6 78.6 77.8 77.6 78.1 78.4 78.1 77.7 77.7 77.9 78 78 77.9 77.8 77.9 78.2 77.6 76.9 77.8 76.9 76.9 77.3 77.8 78.2 80 79.9 78.7 79.4 80.4 83 85.2 88.8 94.7 97.9 98.5 98.6 98.2 97.7 96.8 94.4 92.8 91.2 91.2 91.9 92.2 92 91.4 90.5 88.5 86.6 85.7 85 84.8 90.6 89.9 88.2 87.6 86.2 85.4 84 82.3 81.3 80.5 80.2 79.3 78.5 78.5
81.1 80.6 81.8 80.3 81.1 78.6 79.7 78.4 79 79.4 79.6 79.8 79.5 80 80.3 80.2 79.1 78.7 78.5 78.3 78.4 77.9 78.4 77.8 78 78.3 77.6 77.6 77.8 77.8 77.8 77.7 77.8 77.8 77.8 78 77.1 77.7 76.8 78 80.1 80.1 77.6 77.5 77.9 78.5 79.2 80 82.2 85 89.9 95.3 97.8 98 97.8 97 96.3 93.9 91.7 90.4 89.4 90.3 92.1 92.5 92.1 91.5 90.3 88.8 88 87.6 86.7 84.4 83.4 85.6 85.4 85 84.6 84.2 83.3 82.8 81.8 81.2 80.9 80.6 79.8 79.8
81.9 81.5 80.9 80.6 80.4 80.4 80.7 80.8 80.6 81.4 81.2 82.3 81.6 81.1 80.6 78.8 78.7 79.5 80 79.8 79.7 81.5 79.6 78.6 77.5 77.8 77.8 77.5 77.6 77.6 77.6 77.7 78.1 77.7 78.6 80 77.8 80.1 78.8 76.8 76.8 77 77.3 77.5 77.8 78.2 78.8 79.6 81.9 84.5 88.9 93.8 95.8 96.5 96 94.3 92.6 90.7 88.9 88 88.1 90.1 92.5 92.4 91.9 91.4 90.6 89.9 90.3 89.9 89 87.3 85 83 82.6 82.7 82.7 82.7 82.7 81.9 82.2 81.9 81.6 81.3 81 80.5
81.8 81.4 81 80.6 79.8 79.1 80.2 79 80.1 79.7 80.2 82 82.7 83.6 85 85.5 85.2 85.4 85.2 82.7 82.3 82 82.6 82.4 81.7 81.2 80.8 80.4 80.1 79.6 79.1 78.7 78.1 78 77.9 78 76.9 77.3 77.1 77.2 76.9 77 77.3 77.5 77.7 77.9 78.3 79.3 81 82.3 85.3 89.5 91.5 91.5 90.8 89.5 88.9 87.6 86.4 85.8 87 90.6 92.4 92.4 92 91.8 91.3 90.9 90.7 90.1 89.8 87.8 85.4 82.6 81.4 81.2 81.1 81.2 81.3 81 81.1 80.8 80.4 80.1 79.9 80.1
81.3 81.3 80.7 80.2 79.7 79.2 79.5 78.4 78.4 80.7 81.4 87 85.3 84.6 80.7 82 79.2 78.4 81.4 81.1 78.1 78.5 78.1 77.7 77 76.2 76.2 76.2 76.2 76.2 76.2 76.2 77.1 77.9 77.3 76.7 76.8 77 76.9 77.1 77.1 77.1 77.4 77.6 77.7 77.9 78.1 78.7 79.8 80.5 82.7 85.8 87.3 87.5 87.1 86.1 85.4 85 84.6 84.6 88.3 91.5 92.6 92.5 92.3 92 91.8 91.4 90.7 90 89.2 86.9 83.6 81.8 80.5 80 79.9 79.7 80 80.3 79.9 79.5 79.1 78.8 78.3 78.7
81.4 81.1 80.7 80.3 79.8 79.2 78.8 78.5 79.2 79.5 79.2 80 85.7 83.8 80.4 80.1 79.2 78.6 79.2 78.4 78 78 78 78 76.7 76.2 76.2 76.2 76.2 76.2 76.2 76.2 77.3 77.1 76.9 76.7 76.7 76.8 76.8 77.1 77.3 77.2 77.5 77.6 77.8 77.8 77.8 77.8 78.7 79.3 80.1 82.3 83.6 83.9 83.4 83.6 83.7 83.3 82.9 84.5 89.7 91.8 92.5 92.4 92.3 92 91.8 91.2 90.6 89.9 87.2 84.9 82.4 81 79.6 79 79 79 79.4 79.7 79.5 78.8 78 77.6 77.4 77.5
81.1 80.8 80.5 80.1 79.6 79.2 78.8 78.9 79.7 80.1 79.2 79.8 81.3 81.5 82 79.7 78.7 78.8 78.6 78.3 77.9 77.9 77.9 77.9 77.6 77.8 76.2 76.2 76.2 76.2 76.2 76.2 77.3 77.1 77 76.8 76.7 76.7 76.8 77 77.2 77.4 77.5 77.6 77.6 77.6 77.6 77.5 78 78.5 79.2 80.1 80.3 80.5 81 81.8 81.8 81.8 82.1 84.9 89.5 91.7 92.4 92.3 92.2 92 91.6 90.8 89.7 87.3 84.9 82.8 81.5 80.1 78.7 78.1 78.2 78.4 78.8 79.2 79.1 78.3 77.5 77 76.8 76.7
80.8 80.5 80.2 79.9 79.4 79 78.6 79.4 80.3 80.4 79.4 80.7 81.5 81 80.3 78.1 78.6 78.9 78.7 78.3 77.9 77.8 77.8 77.8 77.4 76.9 76.2 76.2 76.2 76.2 76.2 76.6 77.2 77.1 76.9 76.7 76.7 76.7 77.8 77.6 77.5 77.4 77.4 77.4 77.4 77.3 77.3 77.3 77.2 78.1 78.7 78.6 78.8 79.4 79.7 79.8 80.2 80.3 82.2 86 89.9 91.5 92.3 92.2 92.1 92 91.2 89.8 87.6 85.5 83.1 81.6 80.5 79.1 77.9 77.5 77.4 77.7 78.1 78.5 78.6 77.9 77.1 76.6 76.3 76.2
80.6 80.2 79.9 79.6 79.2 78.8 79.1 79.9 80.9 81.3 80.5 80.9 80.9 80.9 80 76.5 78.7 79.1 78.7 78.3 77.9 77.7 77.7 77.7 77.3 76.8 76.6 76.2 76.2 76.2 76.2 76.3 77 76.8 76.8 76.7 76.7 76.6 76.9 76.8 77 77.4 77.3 77.3 77.2 77.2 77.2 77.1 77 77.5 77.9 77.8 77.9 78.3 78.8 78.8 79.1 80.7 82.4 86.1 89.6 91.2 91.9 92.1 92 91.4 89.5 87.7 85.6 83.4 81.5 80.5 79.5 78.3 77.2 77.1 77 77.2 77.6 77.9 77.8 77.4 76.6 76.1 75.6 75.7
80.3 80 79.7 79.3 79 78.9 79.6 80.4 81.1 81.6 83.6 83.2 81.6 80.7 80 79.3 79.1 79.1 78.7 78.3 77.9 77.6 77.5 77.5 77 76.9 77.1 76.7 76.2 76.2 76.2 76.2 77.4 76.7 76.7 76.4 76.1 76.1 76.4 76.6 76.9 77.3 77.2 77.1 77.1 77.1 77 77 76.8 76.9 77.1 77.2 77.3 77.5 77.7 78.1 78.8 79.9 83 87 89.4 90.9 91.5 91.7 91.3 88.8 86.9 85.4 83.5 81.3 80.3 79.4 78.4 77.7 76.7 76.6 76.5 76.7 76.9 76.8 76.7 76.6 76.2 75.6 75.2 75.2
80 79.7 79.4 79.1 78.9 80.3 79.7 79.3 82 82.7 84.6 83.6 82.3 81.3 80.5 80 79.5 79.2 78.7 78.2 77.9 77.6 77.5 77.4 77.7 77.9 78.2 78.2 76.6 76.2 76.2 76.2 76.4 76.6 76.4 76.2 76.1 75.9 76.2 76.5 77.1 77.3 77.1 77 77 76.9 76.9 76.8 76.6 76.4 76.6 76.7 76.9 77 77.1 77.6 78.7 79.3 83.6 87.9 90 90.7 91.2 91.1 88.9 86 84 82.5 81.1 80.1 79 78.2 77.3 76.7 76.2 76.2 76.1 76 75.9 75.8 75.7 75.6 75.5 75.2 74.9 75
79.8 79.6 79.4 79.2 79.3 80.4 79.8 80.2 82.8 83.5 84.8 84.1 83 82.1 81.1 80.2 79.8 79.2 78.7 78.2 78 77.7 77.6 77.9 78 78.3 78.2 77 76.6 76.3 76.2 76.2 76.6 76.5 76.3 76.2 76.1 76.1 76.1 76.5 77.3 77.2 77 76.9 76.8 76.8 76.7 76.5 76.4 76.2 76.4 76.5 76.7 76.7 76.7 77.1 77.7 79.3 82.1 87 89.1 89.8 89.8 89.1 86.2 83.4 81.3 80 79.3 78.6 77.7 77 76.3 76.1 76 75.9 75.8 75.7 75.6 75.5 75.4 75.3 75.2 74.9 74.3 74.3
80 79.8 79.6 79.4 79.3 80.2 80.2 82 84.2 84.6 85.3 84.6 83.7 82.8 81.9 81 80.1 79.4 78.6 78.5 78.6 78.4 78.2 78.4 78.4 78.3 77.2 76.9 76.9 76.6 76.2 76.2 76.4 76.3 76.3 76.3 76.3 76.4 76.3 76.7 77.2 77.1 77 76.8 76.7 76.7 76.5 76.4 76.2 76.1 76.1 76.3 76.2 76.2 76.4 76.8 77.1 77.9 80 84.1 86.2 88.1 88 86.1 83.4 80.9 79.5 78.6 78 77.3 76.5 76 75.9 75.8 75.7 75.6 75.5 75.4 75.3 75.2 75.1 75 74.9 74.6 74.1 73.8
79.5 79.5 79.5 79.4 79.5 80.2 81.2 82.9 84.6 85.6 85.8 85.2 84.3 83.3 82.4 81.4 80.5 80.8 80.1 79.5 79.3 79 78.8 78.6 78.6 77.3 77.2 77.2 77.3 77 76.4 76.2 76.3 76.6 76.6 76.6 76.5 76.7 76.9 76.5 76.8 76.7 76.7 76.6 76.6 76.5 76.3 76.2 76 75.9 75.8 75.8 75.7 75.8 76.1 76.4 76.5 77 77.9 80.6 83.1 85.4 85 82.7 80.6 78.9 77.9 77.1 76.6 76.1 75.9 75.7 75.6 75.5 75.4 75.3 75.2 75.1 75 74.9 74.8 74.7 74.7 74.3 73.8 73.8
