STL Generation/terr50_gagg_gb/data/SP38.asc
ncols 200
nrows 200
xllcorner 430000
yllcorner 280000
cellsize 50
[rows 72 to 107 of 200, columns 80 to 159 of 200]
107.8 107.5 107.5 106.6 105.2 104.3 104.5 104.5 101.8 100.8 101.7 100.1 99.2 98.9 99.3 100.2 105 100.6 99.9 99.4 98.9 98.3 97.7 97.5 97.9 98.3 99.3 101 103.4 105.2 105.6 105.4 104.8 103.6 102.1 100.4 99.9 100.6 100.9 101.1 111.7 111.8 109.3 106.2 105.5 99.9 99.5 100.2 100.9 101.1 100.9 101.1 101.2 99.3 92.2 100.6 99.5 99.2 99.1 99.3 99.5 99.8 99.9 100 100.1 100.4 100.8 101.1 100.6 100.1 99.6 99 98.3 97.7 97.1 96.4 95.6 95.6 95.6 95.2
108.1 107.4 106.9 106.2 105.8 105.6 105.4 105.3 104.6 103.6 101.9 100.5 98.7 98.4 99.6 100.7 104.1 100.6 99.9 99.3 98.8 98.2 97.8 97.7 97.9 98.1 100 102.4 104.9 106.8 107.5 107.3 105.1 103.5 101.9 101.1 100.8 100.7 105.8 109.4 111.5 111.7 108.5 107.3 106.8 99.7 98.4 99.1 100.4 100.3 100.4 101.4 97.2 92.3 103.3 99.7 99.7 100 100 100.2 100.4 100.6 100.6 100.7 100.8 100.8 100.9 101.1 100.7 100.1 99.5 98.8 98.2 97.7 97.1 96.6 96.1 95.8 96.3 96.5
108.5 107.9 107.2 106.6 106.4 106.2 105.9 105.3 104.8 104.3 103.1 101.8 100.6 98.6 98.4 100.5 102.1 100.4 99.6 98.7 98.2 97.4 97.7 97.6 98 99.5 102.3 104.5 107.6 108.5 108.5 107.5 105.2 104 102.7 102.9 103.3 102.5 100.8 102.7 105.6 107.2 107.4 103.2 98.4 99.4 97.4 97.9 99 99.6 100.9 96.6 92.5 103.3 100.3 100.2 100.3 100.5 100.8 101 101.2 101.3 101.3 101.4 101.5 101.4 101.4 101.4 100.7 100.1 99.5 98.7 98.1 97.9 97.5 97 96.5 96.1 96.5 96.9
109 108.4 107.8 107.2 106.8 106.5 106 105.3 104.7 104.2 103.4 103 101.8 99.9 98 98.9 100.2 99.1 98.1 97.1 96.5 96.5 97.1 97.8 98.7 101.3 104.4 107.3 109.1 109.4 108.7 107.6 103.4 101.8 102.7 103.1 102.7 102.4 102.3 102.4 99.3 99.2 99.1 99 98 98.6 96.5 96.7 98 99.5 96.3 92.4 103.8 100.4 100.8 102.2 102.2 102.4 102.6 101.5 101.5 102.3 102 102.2 102.3 102 102 101.6 100.8 100.1 99.4 99 98.6 98.3 97.9 97.4 97 96.5 96.7 96.5
109.5 108.8 108.1 107.5 106.8 106.3 105.9 105.2 104.5 103.8 103 102.3 101.2 99.9 98.2 97.3 95.4 99.2 96.8 93.7 95.4 95.7 96.7 98.1 99.8 102.8 106.5 109.1 109.4 109.8 108.6 107.3 105.5 104.5 104.1 103.1 102.7 102.2 102 102 102.6 99.8 98.4 96.3 98.9 98.3 95.7 95.5 97.5 97.4 92.3 100.7 100.7 100.6 102.9 101.3 100.9 102.2 102.4 102.7 101.5 101.5 102.5 102.9 103.1 102.6 102.4 101.8 101 100.5 99.9 99.4 99.1 98.7 98.2 97.8 97.3 96.9 96.5 96.2
109.7 109 108.3 107.7 107 106.4 105.7 105.1 104.1 103.3 102.6 101.8 100.9 100.5 98.7 97.5 97.7 98.3 95.6 95.2 94.9 95 97 98.5 101.1 103.3 108.7 110.5 110.6 109.7 108.5 107.3 105.5 104.6 104.6 104 104.5 102 101.7 101.7 101.7 100.9 98.4 98 98.1 97.3 95.2 95.6 94.4 93.5 100.4 99.7 100 100.2 101.7 101.4 100.9 101.6 102.2 102.5 102.6 102.6 102.9 103.3 103.3 103.2 102.7 102.2 101.7 101.1 100.4 99.9 99.5 99.3 98.7 98.3 97.8 97.3 96.8 96.6
109.7 109.2 108.6 107.9 107.2 106.4 105.7 105.2 104.1 102.8 102 101.2 100.1 99.6 98.1 95.9 96.1 97.1 94.6 94.4 94.6 96 98.1 99.9 102.7 105.8 109.9 110.6 110.3 109.2 108.3 107.5 105.8 105.1 104.4 104.3 104.1 102 101.5 101.4 100.1 100.6 97.7 97.8 97.9 95.8 93.2 94.9 95.5 96.6 97.4 99 99.3 99.8 99.3 101.4 100.9 101.1 102.5 102.4 102.6 102.8 103.2 103.6 103.8 103.7 103.4 102.9 102.4 101.7 101 100.3 99.9 99.8 99.3 98.7 98.3 97.7 97.2 96.9
109.5 109.2 108.5 107.8 107 106.3 105.7 105.2 104.2 102.9 101.6 100.5 99.4 98.3 97.1 95.5 93.5 93.4 95.8 96.1 97.3 98.4 99.6 102 105.3 108 110.2 110.7 109.8 108.8 108.4 106.9 106 105.1 104.1 104.3 104.4 101.6 101.5 101.4 100.5 100.7 97.6 97.6 97.6 95.3 93.1 95.2 94.1 95.3 97.2 98.3 98.7 99.2 101.6 100.1 101.3 101.1 101.5 101.9 102.9 102.8 103.3 103.9 104.4 104.3 104.1 103.7 103 102.3 101.5 100.8 100.4 100.3 99.9 99.2 98.7 98.1 97.5 97.1
109.4 109 108.3 107.5 106.9 106.3 105.6 104.9 104 102.6 101.2 99.8 98.7 97.6 96.5 95 92.8 94.5 96.8 97.2 98.4 99.2 101.3 103.8 106.7 109.5 110.3 110.1 109.3 109 107.7 106.3 105.1 104.3 103.3 103.3 103.1 101.8 101.2 101.4 100.4 99.7 97.4 97.3 97.3 95.3 93.1 93.9 93.5 94.6 96.8 97.8 98.3 98.6 98.9 99.2 98.6 99.4 100.5 101.8 103.3 102.7 103.5 104.2 104.6 104.9 104.7 104.4 103.8 103 102.2 101.3 100.7 100.5 100.1 99.5 98.9 98.2 97.9 97.4
109.4 108.7 108.1 107.4 106.7 106 105.3 104.6 103.7 102.2 100.8 99.3 97.9 96.9 95.8 94.3 95.4 95.7 97.2 98.5 100.1 101.7 103.3 104.9 107.7 110 110.4 109.8 108.9 108 107.2 104.7 102.2 101.8 101.5 101.5 101 100.4 99.3 98.5 98.7 98.6 97.1 96.9 96.9 95.4 93.9 93.1 94.4 94.9 96.2 97.3 97.8 98.2 98.4 98.5 98.6 99.2 99.8 100.8 101.8 102.8 103.7 104.5 105.3 105.6 105.3 105.1 104.5 103.7 102.8 101.9 101 100.6 100.1 99.6 99 98.4 98 97.7
109.1 108.5 107.9 107.5 106.7 106 105.2 104.3 103.1 101.3 100.2 98.9 97.4 96.1 95.1 93.8 95.6 96.7 97.9 100.1 102.2 104.1 105.5 106.7 108.7 110.3 110.7 110.7 109.3 108 106.2 103.7 101.7 100.6 99.1 100 99.8 99.5 98 97.5 97.4 97.7 97.6 96.5 96.1 95.9 93.3 93.1 95.1 95 96.2 97.1 97.5 98 98.2 98.2 98.3 98.8 99.8 100.7 101.7 102.7 103.8 104.9 106.2 106.2 106 105.9 105.4 104.5 103.7 102.9 102.2 101.4 100.4 99.7 99.1 98.6 98.2 98
108.7 108.2 107.7 107.3 106.5 105.6 104.7 103.8 102.5 100.1 98.8 97.8 96.7 95.5 94.8 93.1 95.7 97.8 99 101.4 103.8 105.8 106.9 108.7 109.6 110.4 110.8 110.7 109.1 107.2 105.1 103.2 100.7 99.8 99.5 99 98.8 98.7 97.5 97.3 97.1 97.7 97.9 97.1 96.3 94.6 93.6 93.1 93.5 94.2 95.4 96.3 97.4 97.8 97.9 97.9 97.9 98.7 99.7 100.7 101.6 102.7 104.1 105.5 107.1 106.9 107.1 107.3 106.4 105.5 104.7 104 103.1 102.1 101.2 100.1 99.2 98.8 98.6 98.4
108.1 107.5 106.8 106.2 105.7 104.9 104 103.1 101.8 99.2 97.2 96.2 95.1 94.5 94.1 94.7 97.7 98.6 100.2 103.1 105.7 107.4 108.7 110 110.4 110.5 110.7 110.1 108.9 107.6 105.7 103.2 100.2 99.2 99.1 98.5 98.2 98.1 97.1 96.9 96.7 97.2 97.7 97 96.8 94.5 93.9 94 92.9 94.9 95 95.9 96.8 97.6 97.7 97.6 97.7 98.9 99.9 100.8 101.7 102.9 104.4 105.8 107.8 108.7 108.9 109 107.7 106.5 105.7 104.7 103.8 102.8 101.9 100.8 99.8 99.3 99.1 98.7
107.2 106.4 105.5 104.5 104 103.4 102.6 101.9 100.6 98.3 95.9 94.4 93.8 93.7 94.6 95 98.6 99.3 101.3 104 106.6 108.8 110.5 110.6 110.3 109.9 110 109 107.7 106.8 105.5 103.8 102.1 100.7 99.1 99.1 98.6 97.9 96.7 96.5 96.2 96.4 97.1 97.6 97.1 94.9 95.7 95.5 92.7 95.2 95.1 95.9 96.7 97.3 97.3 97.2 97.5 98.7 99.9 101.1 102.1 103.2 104.6 106.1 108.5 110.5 110.8 109.6 108.3 107.2 106.3 105.4 104.5 103.5 102.6 101.6 100.7 100 99.7 99.2
106 105.2 104.2 103.3 102.3 101.8 101.3 100.7 99.5 97.3 94.6 93.8 93.4 93.6 94.4 98 99.1 100.4 102.3 104.5 106.8 109.7 110.4 110.2 109.8 109.1 107.9 107 105.8 105.4 104.7 103.6 102.7 101.6 98.2 99 98.9 98.5 96.8 96.6 96 96.7 97 97.3 97 94.6 93.2 95.4 92.9 94.1 95.5 96.3 96.4 96.4 96.9 96.8 97.3 98.5 99.8 101 102.2 103.6 105 107.8 108.7 112.9 111 109.7 108.4 107.6 106.6 105.7 104.8 104 103.1 102.3 101.5 100.7 100.2 99.6
105 104 103 102 101.1 100.3 99.9 99.3 97.7 96 94.3 93.7 93.2 94 94.3 98.3 99.7 101.1 103.1 105.3 107.4 109.4 109.9 109.9 109 107.8 106.8 105.6 104.7 104.3 103.8 103.1 102.4 101.5 100.5 99 99.2 96.3 95.8 95.4 95.7 96 96.5 97.1 96.9 94.9 93.2 95.9 92.8 92.7 94.7 95.4 95.5 95.6 96.1 96.4 97.2 98.4 99.7 101.1 102.3 103.8 105.4 106.6 107.9 109.6 110.8 109.8 108.7 108.1 107 106 105.2 104.3 103.5 102.8 102 101.3 100.5 99.9
104.7 103.1 101.7 100.8 99.9 99.1 98.4 97.4 96.5 95.1 93.6 93.5 94.6 94.5 96.7 98.8 100.3 101.9 103.9 106.1 107.8 109.3 109.1 108.7 107.7 106.5 105.7 104.6 103.6 103.2 102.8 102.4 101.5 100.9 100.5 99 98 95.3 95.1 94.9 95.1 95.2 95.4 95.7 95.2 97.2 96 97.3 92.9 95 94.1 95.3 95.7 95.4 95.4 95.9 97.1 98.4 99.6 100.9 102.2 103.5 104.9 106 107 108.2 109.5 112.2 109 108.4 107.5 106.4 105.5 104.7 104 103.3 102.5 101.8 101.1 100.3
104.3 102.8 101.3 100.3 99.3 98.3 97.1 96.3 95.4 93.9 93.7 95.5 97 94.1 98.4 99.7 100.7 102.5 104.4 106.6 107.9 109.2 108.1 107.5 106.4 105.3 104.6 103.6 102.6 102.4 102 101.8 100.9 100.8 101.2 101.4 97.2 95.9 94.6 94.6 94.6 94.8 95 95.1 99.1 98.2 97.6 96.6 94.1 94.1 93.1 96.3 95.9 95.1 95.1 95.6 96.3 97.5 98.8 100.2 101.6 102.8 103.9 105 105.6 106.2 106.9 108.2 108.2 108 108 106.8 105.9 105.2 104.5 103.8 103 102.3 101.6 100.8
103.7 102.3 100.9 99.6 98.4 97.1 96 95.1 94.6 92.7 94.3 96.1 94.4 98.7 99.6 100.3 101.1 102.9 104.6 106.8 107.8 108.8 107.4 106.2 105.5 104.9 103.7 102.6 101.7 101.7 101.4 101.2 101 101.2 101.6 98.8 97 95.9 94.9 94.8 94.6 94.6 94.7 97.5 99.7 98.2 96.4 95.7 94.7 94.4 95.1 95.9 95.3 94.7 94.7 95.3 96 96.8 97.8 99.2 100.5 101.5 102.5 103.3 103.9 104.9 105.8 106.8 107.4 107.9 107.9 106.9 106.1 105.4 104.8 104.3 103.6 102.8 102.1 101.6
102 100.9 99.5 98.3 97.1 95.9 94.8 93.9 93.3 94.5 96.4 96.9 93.6 99.8 100.4 100.8 101.6 103.1 104.6 106.4 108.1 108.3 107.1 106 105.2 103.8 103 102.1 101.1 101.4 101.1 100.8 100.8 100.8 101.4 99.2 97.1 96.1 95.3 94.9 94.4 94.6 94.7 97.2 97.6 97.4 95.6 95.8 94.4 93.3 94.6 94.6 94.5 94.1 94.3 94.9 95.7 96.5 97.2 98.2 99.4 100.2 101 101.9 102.9 103.8 104.8 105.7 106.3 107.7 107.8 108.1 106.4 105.8 105.3 104.9 104.1 103.4 102.8 102.2
102.5 99.5 98.2 97.6 96.4 95.4 94.8 92.5 91.3 92.9 93.9 94 96.5 100.2 100.5 101 101.5 102.9 104.6 106.4 107.9 108.3 107.4 106 105.2 104.2 103.1 102.3 101.2 100.8 100.6 100.4 100.4 100.3 100.4 100.3 97.9 96.6 95.9 96.1 94.3 94 97.9 96 96 95.7 95.6 95.9 94.4 92.7 93 93.2 93.7 93.8 93.9 94.3 95.1 95.9 96.7 97.5 98.5 99.8 100.4 101 101.8 102.8 103.7 104.5 105.6 107.5 107.8 108.1 107.2 106.3 105.8 105.4 104.7 103.9 103.3 102.7
101.7 102.4 103 102.7 98 96.5 94.6 91.4 91 92.3 95.5 95.5 98.9 100.3 101.6 101.4 102.5 103.5 105.1 106.5 107.4 108.5 107.7 106.7 105.9 104.8 103.3 102.2 101.3 100.4 99.7 99.4 99.3 99.3 99.1 98.7 97.3 96.7 97.1 95.6 95.2 93.2 94.2 94.8 95 94.5 96.6 95.3 93.9 93 91.9 92.4 92.9 93.1 93.4 93.8 94.5 95.3 96.1 96.8 97.7 98.6 99.6 100.4 101.2 101.8 102.6 103.4 104 107.5 107.5 108.1 108.5 106.7 106.4 106 105.2 104.5 103.9 103.4
100.6 98.8 102.2 103.1 103.3 102.2 93.2 92.3 91.4 94 97.8 97.1 99.6 100.8 102.1 102.7 103.2 104.2 105.6 106.9 107.8 108.4 108.1 107.3 106.5 105 103.2 102.2 101.1 99.7 98.7 98.5 98.6 98.6 98.4 97.5 96 95.1 94.8 94.9 92.2 96.3 93.7 93.5 93.9 94.1 95 95.2 92.9 93.5 91.8 92.1 92.4 92.6 93 93.4 93.9 94.6 95.3 96.1 97 97.7 98.3 99 99.8 100.5 101.1 102.2 102.8 107.5 107.5 108 108.5 107.9 106.8 106.6 106.2 105.5 104.8 104.1
98.5 98.5 98.1 96.8 101.4 94 93.4 97.6 94.8 99.4 99.3 99.3 100.4 101.7 103.1 103.7 104.4 105 106.3 107.5 108.2 108.5 108.3 107.4 106.5 105 103.3 101.9 100.7 99.2 97.9 98 98.1 98.3 98.1 96.7 95.4 95.3 95 94.9 97.2 92.7 93.9 93.7 93.4 93.8 94.5 95 95.5 94 91.7 91.8 92 92.7 93.6 94 94.2 94.3 94.7 95.5 96.2 96.7 96.9 97.6 98.2 98.7 99.4 101 102.6 107.5 107.8 108.1 109.1 107.6 107.6 107.1 106.9 106.4 105.7 105
97.6 97.9 97.1 95.8 93.9 93.5 92.7 98.1 95.6 96.8 98.2 99.6 101.3 102.7 104.1 104.8 105.6 106.3 107.3 107.5 107.8 108.1 108.3 106.9 106.6 105.1 103.3 101.2 100.2 99 98 97.5 97.5 98 97.7 96.5 95.1 94.9 95.3 95 91.8 92.3 93.8 93.7 93 93 93.5 94.9 95.7 94.2 92.8 91.2 91.7 92.8 94.2 94.8 95.1 95.1 95.3 95.7 95.8 96.1 96.4 96.5 97.3 98.1 98.9 100.3 102.5 107.8 107.8 109.2 107.8 108.1 108.6 108.3 107.5 107.1 106.6 105.9
96.4 97.2 96.3 94.3 92.4 92.2 92.4 98.2 97.9 99 105.4 100.9 100.5 103.7 104.8 105.7 106.3 106.8 107 107.2 107.2 107.6 107.7 107.6 106.6 105.2 103.3 100.3 99.3 98.5 97.9 97.6 97.3 97.6 97.1 96.2 94.8 94.3 94.6 92.9 91.7 92.5 93.8 94 93.5 94.2 93.5 94.4 95.7 94.3 94.3 90.5 91.8 93.6 94.5 95.1 95.7 95.9 96 96.2 96.4 96.6 96.7 96.1 96.9 97.7 98.5 100.1 102.3 107.8 109.2 106.6 107.6 108.8 109.4 109.5 108.9 108.1 107.4 106.9
95.2 96.1 94.3 93.2 92.3 92.2 92.4 98 100.4 101.9 102.8 105.4 105.2 101.5 104.8 105.9 106.3 106.4 106.2 106.2 106.3 106.5 107 108 105.7 104.1 102.3 99.5 99 98.4 98 97.8 97.6 97.3 96.5 95.6 94.6 93.6 93.3 91.8 91.8 92.5 93.9 94.3 94.2 94 94.4 94.3 94.2 92.8 94.6 91.1 92.7 94.4 95.2 95.8 96 96.3 96.5 96.6 97.1 97.4 97.7 97.8 98.3 98.6 99.2 99.9 101.7 107.4 105.1 106.8 108.3 109.4 110.3 110.3 110.4 109.6 108.8 108.1
94.4 94.5 93 92.8 92.5 92.7 94.2 98.2 100.3 103.2 102.9 98.7 103.2 106 103.3 105.7 105.6 104.6 104.8 104.7 104.8 104.8 105.5 106.9 104.7 103.3 99.4 99.1 98.8 98.6 98.2 98 98.1 98.6 96.5 95.5 94.5 93.2 92.4 91.9 91.3 92.5 93.9 94.6 93.2 94.8 95.1 95 94.6 93.2 94.5 92.7 93.5 94.8 95.6 95.8 96.3 96.5 96.9 97.1 97.6 98.1 98.3 98.5 98.8 99.4 100.1 100.8 101.5 102.7 104.7 106.7 108.6 109.7 110.4 111.1 111.2 111.1 110.5 109.7
92.6 92.5 92.2 91.6 91.9 93.8 95.9 98.2 99.2 99.6 98.4 101.9 102.3 101.2 106.1 106.6 103.8 102.9 103.1 103.2 103.2 103.2 104.3 102.5 101.9 101.2 99.3 98.7 98.4 98.2 98.3 98.3 98.6 98.3 96.7 97.4 94.2 93.3 92.6 92.3 92 92.7 93.3 94.1 95.1 95.8 96 95.6 95.1 93.8 96.2 95.6 93.3 94.6 95.3 96 96.5 96.9 97.3 97.7 98 98.4 98.5 99 99.6 100.1 100.5 101 101.5 102.4 104.3 106.1 107.8 108.9 109.8 110.7 111.7 111.8 111.7 111.1
92.5 92.4 92.5 92 91.3 94.1 95.5 97.4 99.5 100.5 99.5 102 102.6 103 102.3 105.6 107 106.7 102.4 101.9 101.7 101.3 100.8 101 100.8 99.9 99.1 98.3 98 98.1 98.4 98.6 99 99.1 97.3 95.5 95 94.1 92.7 92.2 92.1 92.4 92.3 93 93.9 96 96 96.5 95.5 95.2 96.4 95.3 92 94.2 95.3 96.1 96.7 96.9 97.2 98.5 99.3 98.6 98.8 99.1 99.5 99.9 100.4 100.9 101.3 102.3 103.5 105.2 107 108.2 109.2 109.9 111.2 112.5 112.3 112
94.4 93.3 92.8 91.5 92.1 93.2 95.8 96.2 99.3 100.1 100.4 101.7 102.5 102.2 101.7 101.5 105.1 107 108.4 101.1 100.5 99.8 98.9 99.6 98.3 98.8 98.7 98.4 99 99.1 98.6 98.8 98.4 98.1 96.8 95.8 95.5 94.9 93.3 92.1 91.8 91.6 91.7 92.3 93 94.9 94.7 95.6 94 95.8 97.6 94.9 91.3 94 95.7 96.4 96.8 97 97.1 97.6 98 102 99.1 99.8 100 100.2 100.4 100.8 101.2 102.2 103.4 104.5 106.2 107.5 108.2 109 110.7 112.1 113 112.9
96.6 95.2 93.5 92.2 91.9 92.5 92.3 97.4 99.1 99.8 100.5 99 101.6 101.5 101.2 101 100.2 102.5 107.6 108.7 102.4 99 98.3 98.6 98.3 98.6 98.6 98.5 99.1 98.6 98.9 98.8 98.1 97.6 96.9 96 95.8 95.4 94.6 92.9 91.8 91.4 91.6 91.6 91.9 92.1 89.4 95.3 92.6 97.1 99.1 94.7 91.6 93.6 96.2 96.6 96.9 97.1 97.2 97.7 98.4 98.6 99 100.7 101.2 101.4 101.6 101.8 102 102.2 102.8 103.7 104.6 106 107.1 108.7 110.2 111.6 112.9 113.5
98.7 96.9 94.7 92.6 91.6 92.7 94.4 96.8 97.9 98.7 99.5 100.1 98.6 99.4 100.7 100 98.8 99 99.3 107.2 108.7 103.5 98.8 98.8 98.4 98.4 98.5 98.6 98.3 99.1 98.6 98.1 97.7 97.2 96.4 95.9 96 95.1 94.4 93.4 91.8 91 91.1 91.2 91.2 91.2 89.2 93 92.8 98.3 99.6 97.8 91.7 93.3 99.4 97.1 97 97.1 97.3 98 98.5 98.8 99.5 100.5 101.4 102.6 102.8 103 103 103.1 103.6 104.2 104.9 105.3 106.4 108.3 109.7 111 112.4 113.8
99.7 97.6 95.6 92.9 91 92.3 92.5 95.2 96.7 97.6 98.3 98.9 99.6 99.6 99.4 96.8 97.3 97.7 98.1 98 104.4 108.6 102.8 98.4 98.4 98.5 98.7 99 98.6 97.7 97.6 97.1 96.6 96.3 95.9 95.4 95.3 95 94.3 93.8 92.4 90 90.8 91.2 89.6 90 93.5 90.8 98.7 100.1 100.1 98.9 91.4 92.9 96.5 97.3 97.1 98.6 98 98.3 98.6 99.3 100 101 102 102.9 103.8 103.9 104 104.1 104.6 105.3 106 106.8 107.6 108.4 109.8 111.2 112.6 113.9
100.5 98 95.6 92.6 91.1 91.9 91.9 94.1 96.1 96.6 97.7 98.7 99.1 99.8 99.6 99.7 97.8 96.6 96.2 96.5 96.7 101.7 97.5 98.3 98.6 98.7 99.6 99.1 98.9 96 96.2 95.7 94.8 94.7 94.5 94.5 94.4 94.5 94.2 93.7 93.1 91.8 91.3 91.5 91.3 93 92.2 95.8 97.4 97.6 98.8 97.9 90.9 92.5 94.6 95.8 98.8 98.2 97.2 99.8 99.2 99.7 100.3 101.4 102.3 103.2 104.1 104.3 104.4 104.5 105.3 106.1 106.9 107.5 108.3 109.1 110.5 111.9 113.2 114.4
100 98.1 95.7 91.9 94.2 90.7 91.6 93.6 95.4 96.5 97.5 98.1 98.8 99.5 99.9 99.9 98.6 97.4 95.8 95.7 96 96.4 97 97.5 98 100.1 99.5 96 95.9 96.5 95.9 93.8 92.8 93.1 93.1 93.1 93.1 93.5 93.9 93.5 93 92.3 91.9 91.9 92.3 92 91.9 92.9 93.1 92.5 95.1 94.8 93.2 92.7 90.4 94 96.6 96.4 96.4 98.1 99.6 99.2 100 101.1 102.3 103.3 104.3 104.6 104.6 105.1 105.9 106.8 107.5 108.3 109.1 109.8 111.2 112.6 113.9 114.5
