STL Generation/terr50_gagg_gb/data/SP42.asc
ncols 200
nrows 200
xllcorner 440000
yllcorner 220000
cellsize 50
[rows 140 to 174 of 200, columns 80 to 159 of 200]
132.9 132.2 131.1 129.1 126.6 123 119.3 115.6 113.9 115.8 118 115.8 113.9 116.9 120.8 125 124.5 121.2 118.8 115.7 112.7 110.2 107.5 104.8 103.4 100.8 99.2 99 99 108.9 113.9 117.3 121.3 122.4 123.2 123.5 123.9 124.3 124.8 124.4 124.1 123.8 123.3 122.6 121.6 121 120.8 120 118.9 117.1 115.1 113.6 111.9 110.6 108.5 105.7 101.8 95.7 94 97.6 100.1 97.9 93.7 90.1 86.6 84 82.2 80.4 79.3 81 78.8 77.4 76.8 76.6 75.9 75.4 75.4 74 71.5 69.5
132.4 131.7 131.1 129.2 126.4 123.6 119.9 116.1 113.9 114.3 113.5 113.4 114 117 120.5 122.8 123.2 121.2 118.9 116.5 113.4 110.4 107.5 104.5 101.4 99 99.1 99.3 104 107.9 110.7 116.3 121.1 122.7 123 123 123.4 123.8 124.3 124.2 124 123 123.2 122.5 121.8 121.3 120.6 120.3 119.9 118.1 116.4 115.1 113.6 111.1 108.4 104.9 99.8 95.2 99 102.8 103 100.4 96.9 93.5 89.2 86.5 84.2 82.4 81.5 81.7 78.9 78.9 78.4 77.7 77.1 76.6 75.3 74.9 72.6 69
131.9 131.2 131 129.2 126.4 123.7 120.3 116.4 113.9 111.6 109.8 109.4 113.5 117 119.4 121.2 121.9 121.1 118.9 116.8 114.2 111.2 108.2 105.3 101.2 99 99 99.8 104.1 105.6 107 112.7 117.2 121.6 122.7 123.1 123.2 123.4 123.7 124 123.8 122.7 123.1 121.7 121.3 121.2 120.6 119.8 119.6 118.3 117.3 116.6 115.1 111.9 108.8 103.8 98.8 102.7 105.6 106.2 105.4 103 99.9 96.6 92.7 90.6 87.6 85.5 84.3 83.3 82.5 81.8 80.9 80.2 79.1 78.4 77.5 76.2 73 69.4
131.1 130.8 131 129 126.1 122.8 119.3 117.6 114.9 114.6 113.4 110.6 110.4 115.3 118.2 120.7 121 121 118.9 116.8 114.7 112 109.1 106.2 101.9 98.5 98.4 100 100 99 100 102.2 107.7 116.7 121.3 121.2 121.6 122.3 122.7 122.8 121 121 120.9 120.8 120.5 120.1 120.1 119.8 118.9 118.1 117.1 116.1 114.7 112.5 110 104.7 102.1 106.1 106.7 107.8 107.3 105.7 102.7 99.7 96.9 95.2 92.5 89.6 88.6 87.5 86.8 85.9 84.2 83.1 82 81 79.9 77.6 75.1 70
130.9 129.6 128.8 127.7 125.3 122.6 119.8 119.1 118.8 118.4 116.3 113.6 109.2 111.7 116.4 120 120.9 120.2 118.8 116.8 114.6 112.4 110 107.1 103.5 98 97.6 99.1 99 98.5 98.1 98.1 99.8 111.9 119.1 119.6 120.8 121.1 121.3 121.2 120.9 120.8 120.7 120.6 120.4 120 119.6 118.9 118.2 117.6 116.8 115.7 113.6 110.8 107.7 105.4 104 105.8 105.8 107.7 108.6 108 105.9 103 101.9 100.9 98.7 95.7 93.7 91.8 91.1 89.7 88.2 86.2 85.2 84 80.9 78.6 75.8 71.3
130.6 129.5 128.4 127 125.3 124.7 123.9 122.4 121.9 120.5 118.8 115.2 110.5 109 115.3 118 119.1 118.8 117.4 115.8 114 112.5 111 108.6 105.5 101.3 99 99 99.3 99.4 98.1 98.1 98.2 109.8 114.2 117.8 121.1 121.7 121.6 121.3 121 120.7 120.6 120.4 120.3 120.2 119.4 118.7 118 116.9 116 115.8 113.2 110.8 106.2 107.6 108 106.6 106.2 108.4 109.8 110.1 109.1 106.9 105.9 105.1 103.2 101 99.2 96.3 95 93.6 92.2 90.5 88.4 85.5 81.8 79 76 72.9
129 128.6 128.1 126.7 126.4 125.8 125.9 125.3 124.3 121.7 119.4 116.2 111.8 109.1 113.8 116.1 117.2 117.1 115.5 114.8 113.4 111.7 110.9 110 106.9 105.1 101 100.7 100.9 100.8 98.4 98.2 98.3 106.5 110.3 118.4 121.4 121.7 121.5 121.4 121.1 120.7 120.5 120.5 120.6 120.1 119 118.3 117.5 116.3 115.4 115.5 112.7 110 109 111.3 111.4 110.1 109.4 109.8 109.9 111.2 111.2 110 109.3 108.4 106.4 104.5 102.6 101.1 99.2 97.2 95.4 92.7 89.3 85.3 81.8 79.1 77.1 74.7
128.1 128.2 128 126.9 126.8 126.8 127 126.4 124.8 122.4 120 116 111.6 109 111.1 116.1 116.2 115.3 113.1 111.9 111.3 110.5 111 109.4 106.9 105.6 106.1 105.5 101.2 97.2 96.7 98.2 98.8 104.2 114 120.4 121.5 121.3 121.2 121.2 121.1 121 120.9 120.2 119.7 119.4 118.5 117.7 117 116 115.3 114 112 110.8 111 113.8 112.4 110.7 110.1 109.6 110.3 111.8 111.8 111.8 111.4 110.7 108.8 107 105.3 103.5 101.6 99.6 96.5 94.2 89.6 85.8 83.7 82.3 79.1 77.4
127.1 128 127.9 127.3 127.2 127.2 127.5 126.9 125.5 123.2 119.7 116.5 112.4 109 108.9 111.9 112.5 111.5 109.5 107.9 107.9 108.1 107.6 107.6 106.6 105.7 105.9 99.7 96.9 94.2 94.9 98.6 104.7 113 118.2 121.3 122.6 122 120.8 120.8 120.8 120.8 119.7 119.4 119 118.7 118.1 117.2 116.4 115.7 115.3 114.3 113.2 112.8 112.9 114.1 112.5 111.3 110.7 110.2 110.8 112.7 112.7 112.7 112.6 112 111.1 109.6 107.4 105.5 103.6 100.9 96.6 93.9 91.1 89.7 88.2 86.4 82.8 80.7
126.8 127.8 127.8 127.7 127.8 127.9 127.8 127.3 126.2 123.4 120.9 118.3 115 110.3 108.5 105.6 104.8 104.7 104.9 104 104.8 105.2 102.9 103.5 104.9 103.8 102.5 99.4 95.7 94.4 95.7 102 109.5 115.1 118.8 121.1 122 122 121.5 120.4 120.4 120.8 119.8 118.8 118.3 118 117.6 116.7 116.4 116.3 116.1 114.8 113.9 114.4 114.6 114.2 113.3 112.1 111.5 111.1 110.7 113.4 113.8 113.7 113.6 113.4 112.5 111 109.3 107.3 104.9 101.7 98.3 96.9 95.7 94.6 93 90.7 87.9 84.1
126.6 127.8 128.2 128.2 128.2 128.2 128.1 127.6 126.5 125.4 122.8 120.2 117.5 113.9 111.9 109.2 108.3 107.9 107.6 107.7 106.4 104.8 103.6 100.8 99.8 99.4 99.1 98 95 94 97.2 103.3 110.1 115.8 118.3 120 121.2 121 120.9 120 120.3 119.9 119.4 118.1 117.8 117.4 117 116.3 116.8 117.2 116.9 116 116 116 116 115.3 114.2 112.8 112.3 111.9 111.6 111.8 114.1 114.2 114.1 114 113.2 112 110.5 108.4 105.3 102.4 101.8 101 99.7 98.6 97.2 94.7 92.2 88.5
126.1 127.5 127.7 128.1 128.3 128.3 128.2 127.9 127.1 126.4 124.9 122.1 119.5 118.6 117.9 116.2 115.5 114.5 112.5 111.3 110.2 108.1 106.2 104.9 102.3 99.7 97.8 95.9 94.9 94 97.2 103.4 109.8 116 116.5 118.3 120.1 120.7 120.9 120.6 119.5 119 118.3 117.8 117.2 116.9 116.4 115.9 115.9 116.2 115.3 116 116 116 116 115.6 114.4 113.4 113 112.6 112.4 112.6 113.5 114.5 114.4 114.2 113.4 112.2 110.6 108.8 106.5 105 105 104.4 103.3 102.2 101.1 98.9 96.6 92.5
124.3 126.6 126.9 127.6 127.8 128 127.9 127.8 127.4 126.6 125.7 123.3 122 120.6 120.1 118.6 117.8 116 115.3 112.7 111 108.9 107 105.7 103.9 100.5 97 95.6 95.8 94 95.4 101.4 107.5 114.9 115.7 118.1 119.4 119.9 120.3 118.3 118.3 118 117.6 117.2 116.8 116.5 116.1 115.7 115 114.3 115.1 116 116 116 116 115.7 114.5 114 113.5 113.1 113.3 113.5 113.8 114.2 114.9 114.6 114.1 112.9 111.9 110.6 108.6 107.8 108.1 107.1 106.2 105 103.9 102.2 99.6 96.2
123.9 125.8 126.1 126.9 127.4 127.3 127.2 127.1 127.1 126.8 126.2 124.6 123.3 122 120.6 119.4 117.7 115.8 114.2 111.9 110.7 108.6 106.7 105.4 103 100.3 96.2 95.9 96 94.1 94.2 99.6 105.6 113.5 116.6 117.9 119.1 119.4 119.7 117.8 117.9 118 117.6 117.2 116.8 116.4 116.1 115.4 114.7 114.1 114.6 115 116 116 116 115.2 114.5 114.1 113.8 113.7 114 114.2 114.5 114.1 115.1 115.2 114.6 113.9 113.3 111.9 110.6 110.4 110.6 108.8 108.6 107.6 106.4 105.2 103 101.5
123.8 125.8 126 126.1 126.7 126.7 126.6 126.5 126.7 126.6 126.2 125.1 124 122.6 121.2 119.8 117.5 115.5 113.2 110.5 109.5 106.6 105 103.1 100.9 99.4 95.5 94.8 96 95.3 94 97.2 106.5 113.9 116.6 118.3 118.8 119.2 118.4 117.7 117.7 117.8 117.7 117.3 116.8 116.4 116 115.5 115.2 115.1 114.1 114.6 116 116 116 114 114 114.1 114.2 114 114.1 114.5 114.6 114.6 114.7 115.8 115.3 115 114.9 113.8 112.4 112.2 112.4 111.4 110.6 109.7 108.5 107.5 106.5 105.1
124.7 126 125.9 125.7 125.9 126 126 125.9 126.3 126.2 126 124.7 124.1 123.1 121.4 119.8 117.3 114.8 112.7 109.5 108.4 105.2 104.2 102.1 99.1 98.2 95 94 96 95.2 93.6 94.9 106.2 114.6 116.8 117.8 118.4 118.9 117.9 117.5 117.5 117.6 117.6 117.4 117 116.5 116.1 115.6 117 115.4 114.3 114.1 114 116 114.8 114 114 114 114.6 114.5 114.1 114.3 114.1 114 115.3 115.9 115.9 115.7 116 115.7 114.3 114 114.2 112.9 112.1 111.1 110.1 109 108.1 107.3
126 125.9 125.7 125.6 125.5 125.4 125.3 125.3 125.7 126 126 125.2 124.1 123 122 120.2 118.4 116.3 114 111.2 109.2 107.1 104.9 102.9 101.4 99.8 96.4 95.9 94.8 94.2 93.1 93.6 105.5 115 116.3 117.3 118.1 118.2 117.5 117.4 117.3 117.4 117.5 117.5 117.1 116.7 116.2 115.7 115.2 114.3 114.4 114.4 114.4 114.1 114 114 114 114.7 116.5 114.5 114.4 114.1 114 115.1 115.4 115.8 116 115.8 116.4 116.2 116 116 116 114.3 112.9 112.1 111.4 110.5 108.9 107.4
126 126 125.8 125.7 125.7 124.5 124.4 125 125 124.7 125.5 125 124 123 121.9 120.9 119.1 117.3 115.9 113.7 111.6 109.5 107.3 105.7 104.1 102.1 99.9 99.5 96.4 94 93.4 94.9 110.8 115.5 116.3 116.9 117.9 117.7 117.3 117.4 117.2 117.2 117.3 117.3 117.3 116.8 116.4 115.9 115.8 115.3 115.1 114.8 114.5 114.2 114 114 115.3 116.9 116.6 115.8 114.1 114 115.6 116.9 116.3 115.7 115.9 116.1 116.7 116.3 116 116 116 115.2 113.9 112.4 111.6 110.7 109.1 107.4
124.6 125.9 126 126 126 124.3 124.7 124.6 124.5 124.4 124.4 123.6 123.5 122.5 121.5 120.6 120.1 118.5 117.2 115.9 114 111.8 110.1 108.5 106.6 104.8 103.2 101.2 96.5 93.5 93.5 103.2 113.6 117.1 116.2 116.2 117.3 117.5 117 117.3 117.2 117 117 117.1 117.2 117 116.5 116.6 116.8 115.5 115.2 114.9 114.6 114.3 114 114 117.1 116.6 115.9 115.3 114.4 115.3 116.9 117.1 117 116.6 116.5 116.2 116.6 116.2 116 116 116 115.1 113.9 112.6 111.6 110.7 108.7 106.7
124.1 124.8 125.5 126 125.4 124.6 124 123.9 123.7 123.6 123.2 122.4 121.9 122 121 121 121 119.1 118 116.8 115.5 113.4 111.9 110.7 108.8 107.3 105.8 101.2 94.7 93.1 94.2 107.1 113.6 116.5 116.4 115.3 114.8 117.3 116.9 117.2 117.1 117 116.8 116.9 117 117.1 116.9 116.8 115 114.7 114.6 114.5 114.5 114.4 114 115 115.9 116.3 115.7 115.6 115.5 116.6 117.4 117.4 117.3 117.1 116.6 116.1 116.2 116.1 116 116 116 115 113.6 112.5 111.5 110.3 108.1 106
123.3 123.8 123.9 124.6 124.8 123.8 123.2 123.1 122.9 122.6 121.9 120.9 120.3 120.3 120.9 121 120.3 118.9 117.6 116.4 115.5 114.9 113.6 112 110.5 107.9 105.7 102.4 95.5 93.3 94 104.4 112.4 115.9 116 114 114.8 115.8 116.8 117.1 117 116.9 116.8 116.6 116.7 116.8 117 116.3 114.6 114 114 114 114 114 114 116.3 116.9 116.1 116.1 116.3 116.4 117.7 117.7 117.6 117.5 116.8 116.3 115.3 115.4 116 116 116 115.5 114.6 113.5 112.5 111.4 109.9 108 106.1
122.7 122.8 122.6 122.8 123.1 122.7 122.4 122.1 121.8 121.5 120.5 119.5 119.3 118.5 119.2 120.2 119.6 118.5 117.2 116 115.5 115.1 113.4 111.2 109.8 107.4 105.8 102.3 96.7 93.7 93.5 102.5 111.3 115 114.5 113.4 115.4 116.2 116.8 117 117 116.8 116.7 116.6 116.5 116.3 116.2 115.5 115.4 114.6 114 114 114 114 114 115.6 115.1 116.5 117.9 118 118.2 118.1 118 117.9 117.1 116.1 115.8 112.5 111.6 113.5 114.7 114.1 113.6 113.5 112.8 111.7 110.6 110 108.2 106.1
121.7 121.8 121.6 121.2 121.4 121.1 121.5 121.3 121 121.1 121 120.7 118.9 117.4 117.4 118.8 118.3 117.3 116.4 115.3 115.9 114.9 113 111.1 109.1 106.9 104.5 101.7 99.2 94.3 93.2 97.3 112 112.8 110.2 114.3 115.9 116.6 116.7 116.9 117 116.9 116.8 116.6 116 115.5 115 114.1 114.4 115.1 114.3 114 114 114 114 114 115.2 116.4 117.9 119.2 118.6 118.6 118.5 117.8 116.7 115.6 111.4 108.8 108.5 110.7 111.8 111.7 111.2 112.2 112.1 110.8 109.7 109.5 108.4 106.2
120.9 120.8 120.6 120.2 119.9 120.3 120.6 120.8 121 121 121 121 119.7 117.7 115.7 116.9 118.1 115.7 115.8 114.3 114.8 114.4 112.3 110.5 108.3 106 103.3 100.4 100.8 94.8 93.1 94.8 107.2 107 110.1 114.8 116 116.5 116.6 116.7 116.8 117 116.8 116.2 115.6 115.1 113.5 112.5 112.9 114 114.6 114.1 114 115 114.6 115.3 116.6 117.6 118.4 119.8 120 119 118.6 117.4 116.2 115.3 111.1 106.7 104.6 105.9 108.4 109.3 110.4 110.6 110.8 110.9 109.5 109.1 108.3 106.5
119.5 119.5 120.8 119.7 118.4 118.3 119.3 120.8 121 121 121 120.7 119.1 117.1 115.3 114.7 116.3 115.8 114.2 112 112 111.9 111.6 109.7 107.3 104.8 101.5 97.9 94.5 93.8 93.2 93.2 96.6 104.1 111.9 114.4 116 116.4 116.5 116.6 116.7 116.8 116.5 115.9 115.4 114.9 112.3 110.9 111.4 112.5 113.6 114.5 115.5 115.6 115.6 116.7 117.9 118.9 119.6 120.5 121 120.1 118.5 117.3 115.9 113.8 111 106.3 103.3 102.8 104.1 106.8 109 111 111 110.9 109.3 108.5 107.8 106.9
116.5 116.4 117.4 116.6 116.4 117.7 120 121 120.5 120.5 121 119.7 118.1 116.4 114.7 113.4 113.5 113.4 112 109.8 108.8 109.7 110.4 108.4 105.6 102.4 98.1 95.9 93.7 93.1 94.4 104.1 107.6 110.8 115.1 115.5 116 116.2 116.3 116.4 116.5 116.4 115.7 115.8 115.2 115 112.1 109.7 110.7 112.1 113.7 114.8 115.4 115.9 116.7 118.3 119.4 120.2 120.8 121 121 120.2 118.5 117 115.5 113.3 110.4 105.7 102.6 99.8 100.9 104.4 106.9 108.3 109.6 109.4 108.5 108 107.5 107.1
113.3 114.1 114.5 114.8 114 116.3 118.8 120.4 119.5 119.9 119.6 119.2 118.2 116.4 114.5 112 109.8 109.5 109.2 107.7 105.2 106.4 107.6 106.3 103.9 100.7 96.1 92.1 93.4 93.8 105.3 110.5 112.2 114.8 116.5 116.8 116 116 116.1 116.2 116.3 115.8 114.8 114.9 114.6 114.1 110.1 109.3 112.4 113.1 114.3 114.8 116.3 116.9 117.9 119.7 120.8 121 121 120.4 120.1 119.3 118.2 116.6 115.1 112.3 108.9 105.8 102.7 100.1 99 101.3 104.8 106.4 107.7 107.5 108.1 107.7 107.2 106.8
109.4 110.5 110.9 112.2 114.1 116.2 118.1 119.9 119.1 119.2 119.2 118.9 118.3 116.7 115 112.3 108.4 104.5 104.7 103.3 101.7 103.6 104.8 104.2 101.4 97.9 93.7 89.6 90.3 100 108.7 113.4 115.3 115.8 117.1 117.1 116.1 115.7 116 116 116 115.1 113.9 114.2 113.9 110.7 109.1 110.5 112.8 113.8 114.5 115.5 116.7 117.9 119.1 120.4 121 121 121 120.5 119.6 118.9 117.8 116.3 114.5 110.9 108.2 105.9 102.7 99.7 99.4 99.3 101.8 104.5 105.8 106.5 107.1 107.3 106.9 106.2
108 108.8 109 111.5 114.5 117.6 119.3 118.1 118.8 118.8 118.8 118.6 118 117.1 116 113.9 111 108.9 104.1 101.1 99.1 99.1 100.4 100.6 98.9 95.4 91.6 89.3 90.1 101.6 110.1 113.8 116 116.5 116.5 116.7 116.3 115.2 115.6 116 115 113.3 112 112.2 111.1 109 108.9 111.1 112.3 113.5 114.7 115.7 117 118.2 119.2 119.5 120.5 120.9 121 120.7 119.5 118.6 117.4 115.9 113.8 110.6 108.2 105.4 103 100.2 99.3 99.3 99.1 101 104.1 105.4 106.1 106.2 106.4 106.2
106.6 109.7 111.1 113.8 117.1 117.4 116.9 117.3 117.9 118.5 118.4 118.3 117.7 117 115.7 115.4 112.5 110.9 108.2 104.2 100.2 95.7 95.4 96.6 96.8 95.2 93.8 89.3 90.3 105.5 112.3 114.1 115.9 116.1 116.1 116.2 116.1 115.2 114.4 113.9 113.3 112.2 109.8 109 109.1 109 109.6 112.6 113.2 113.8 114.6 115.9 117.2 118.4 119.7 120.2 120.5 120.6 120.5 120.3 119.4 118.3 117 115.5 113.3 110.9 108.6 106.1 103.8 101.5 99.3 99.3 98.7 99 101 102.9 104.8 105.2 105.6 105.5
107 110.9 113.3 115.8 117 115.1 116.1 116.7 117.3 117.8 117.9 117.7 117.5 116.7 115.6 114.5 112.9 110.5 108.2 104.8 100.4 96 94.1 95 95.6 95.2 90.3 88.7 93.8 110.1 114.6 114 115.6 115.7 115.7 115.8 115.1 114.3 113.4 112.3 111.4 110.5 108.9 109 108.9 109.3 111.4 113 113.9 114.5 114.9 116.2 117.4 118.7 119.7 120.2 120.6 120.1 119.7 119.5 119.3 118.3 117.1 115.6 114 111.6 109.3 106.9 105.3 103.6 100.7 98.7 95.9 95.7 97.3 100.2 102.5 102.9 103.5 104
107 111 113.7 114.2 115.3 114.3 116.1 116.1 116.7 117.4 117.4 117 117.2 116.5 115.4 113.6 112.7 111.7 109.4 104.7 100 95.1 91.1 91.1 91.6 89.6 88.1 88.5 101.6 112.1 113.4 113.9 114.2 115.2 115.2 114.8 114.4 113.9 112.8 111.4 110.4 109.7 108.9 109.1 109.7 111.5 111.8 113.1 113.4 113.8 115.5 116.4 117.7 118.7 119.5 120 120.7 120.8 120.8 119.6 119.5 118.6 117.3 115.9 114.8 112.2 109.5 107.8 106.2 105.6 102.9 100.1 96.9 94.5 94 97 99.8 100.9 101.6 102.4
98.9 108.3 111.6 110.5 112.3 115.8 116 116.1 116.3 117 117.1 116.4 116.8 116.4 114.8 113.4 112.7 112 110.4 105.1 99.6 92.9 89.1 88.6 88.6 88.7 89.4 98.6 110.5 112.7 114.1 114 114.2 114.6 114.6 114.2 113.8 113 112.4 111 109.7 109.2 109.2 109.4 112.3 112.5 111.7 112.9 113.5 114.2 114.8 116.5 117.5 118.4 119.3 119.9 120.6 120.9 121 121 119.8 118.8 117 115.6 114.9 112.3 110.2 108.4 106.5 105.6 103.9 101.1 99.1 95.6 94 94.1 95.6 97.5 99.4 101
99.2 99.1 105.3 107.4 113.5 116 116 116 116 116.5 116.6 115.7 116.3 116 115.4 114.3 113.1 112.3 109.5 105.6 98 89.9 88.5 87.9 90.7 97.1 103.2 111.9 114.8 114.8 114.3 114.2 114 114.1 114.3 113.5 112.6 112 111.6 110.8 109.4 109 108.9 111.3 112.3 112.1 112.4 113.3 114.7 115.2 115.2 116.6 117.4 118.2 118.8 119.5 120.5 121 121 121 120.3 118.3 116.5 115.2 113.8 111.5 109.5 108 106.5 105.3 103.8 101.8 100.5 97.7 95.5 94.1 91.7 95.1 98 100.2
104.5 98.7 101.1 110 114.5 116 116 116 116 116.1 116.1 115.9 115.5 115.3 114.6 114.1 113.6 112 108 103.5 97.4 89 88.1 88.8 98.8 109.4 113.1 114.9 114.9 114.9 114.8 114.3 113 113 113.2 112.2 111.5 110.9 110.6 110.5 109.6 109.4 109.2 111 111.3 111.5 112.8 113.9 115.5 115.7 115.9 116.3 116.9 117.4 118.1 118.9 119.4 120.7 120.9 120.7 119.1 116.8 114.4 112.7 111.2 109.9 108.9 107.6 106.4 104 104.4 102.4 100.6 97.6 96 93.1 89.2 92.5 95.8 97.7
