STL Generation/terr50_gagg_gb/data/SP53.asc
ncols 200
nrows 200
xllcorner 450000
yllcorner 230000
cellsize 50
[rows 35 to 69 of 200, columns 80 to 159 of 200]
153.5 153.6 153.6 153.5 153.4 153.4 153.4 153.2 152.5 151.6 150.7 149.3 148.4 148.1 148.5 148.7 148.5 148.2 147.7 147 146.5 145.7 146 141.5 139.7 142 142.9 142.4 140.3 138.9 138.1 138.1 137 136.1 134.7 132.2 130.2 129 127.6 125.4 123.3 122 120.6 117.5 113.9 111 109 109 109 113.8 116.2 117.6 116 114.2 113.3 112.7 112.6 113.3 114.1 116.6 119.4 122.6 124.5 124.1 128.4 129.3 132.1 135.2 139.5 141.7 142.9 143.4 143.9 143.5 141.8 139.5 139.3 138.1 136.9 137.1
153 153.3 153.5 153.4 153.4 153.3 153.3 153 152.3 151.3 150.3 148.5 147 146.3 146.8 147.2 147.6 147.4 146.7 146 145.1 144.9 144.2 140.7 135.5 140.7 141.1 139.6 138.4 136.1 136.2 136.7 136.5 135.9 135 132.9 130.9 129.7 127.6 125.4 123.3 121.8 120.2 117.9 116 113 109.9 109 109 116 115.6 115.5 115.2 113.2 112.6 112 112.4 112.9 113.5 114.8 117.3 119.9 122.4 124.3 129.4 130.2 132.4 134.7 137 139.5 141.4 142 142.5 141.8 140.5 138.5 138 136.5 135.1 134.8
152.7 153.1 153.2 153.2 153.3 153.2 153.1 152.5 151.9 151.1 149.8 147 145 145 145.8 145.7 145.8 146 145.3 144.4 143.5 142.2 141 138.2 133.5 135.5 137.4 135.6 133.4 132.5 131.3 132.9 135.4 135.3 134.3 132.3 131 129.5 127.5 125.8 123.7 121.6 119.7 117.3 115.8 113 110.5 109.5 109.5 116 115.9 116 115.2 112.3 111.6 111.9 112.3 113 113.7 114 116.4 120.1 123.8 126.2 130.5 130.9 131.1 132.5 134.2 137 140.5 140.9 141.3 140.9 140.8 138.8 137.1 135.6 134.7 134.3
152 152.6 153.1 153.1 153.1 153 152.6 152 151.5 150.8 149.5 146.9 144 143.9 145.2 145.1 144.8 144 143 142.4 141.8 138.5 135.4 133.8 130 131.1 133.2 131.4 130.5 128 126 127.5 131.2 132.3 132.5 131.6 130.4 128.7 126.8 125.8 122.5 120.6 118.6 115.9 113 110.8 109.2 108.8 109 113.8 115.8 115.9 114.8 111.7 111.2 111.5 112.3 113.4 114.1 114.1 116.9 120.9 124.1 126.2 128.7 130.9 131 129.9 131.8 135 137.1 137.7 140 140.9 140.6 138.6 136.3 134.8 133.7 133.4
151.6 152.3 153 153 152.7 152.5 152.2 151.7 151 150.4 149.1 147 144.6 144 144.2 143.5 142.9 141.7 140.8 140.6 141.2 137.7 130.6 129.1 126.2 125.2 128.6 127.7 127.4 125.7 123.3 123.6 127.2 129 129.8 130.9 128.4 125.7 124.8 122.4 119.4 118.4 116.4 113.7 110.9 109.1 110 110.2 109.1 110.7 114.7 114.9 113.4 111.7 110.5 110.9 111.4 112.9 114.6 115.9 117.9 120.8 123 125.4 127.3 128.6 128.8 129.4 129.8 131.9 132.8 134 136.2 138.1 138.9 137.4 135.1 133.5 132.7 131.9
151.4 152.1 152.9 152.5 152.3 152 151.7 151.4 150.8 150.1 148.9 147 145.9 145.1 144.3 142.9 141.5 139.5 138.9 140.9 140.9 136 130.1 128 125.7 124.2 124.6 124.4 124.4 122.6 120.7 120.2 122 123.7 124.7 125.6 124.6 123.2 121.4 118.1 115.9 115.2 114.1 114.2 114.8 115.4 114 112.5 109 109.1 109.8 111 110.6 111.1 109.8 110.3 110.7 112.2 114.1 115.8 117.7 120 122 124.9 125.5 126.6 127.6 128.2 129.1 129.7 129 131.2 133.6 134.9 135.7 135.8 134 132.4 131.7 130.6
151.2 152.2 152.9 152 151.8 151.5 151.2 150.9 150.5 150.6 149 147.5 146.4 145.6 145.1 143.7 142.4 140.6 139 135.1 135.5 133.8 130 130.3 129.6 128.5 124.9 124.1 122.8 120 119.3 119.5 119.2 119.1 118.9 119 119.5 118.7 116.1 115.2 115.3 115.4 117.4 118.8 120 120.5 119.2 114.5 109 109 109 109 109 109.1 109.5 109.4 109.7 110.8 112.6 114.5 116.4 117.7 120 122.8 124 124.9 126 126.8 127.4 127.8 128.2 129.4 130.7 132.6 132.9 132.7 131.1 130.6 129.4 129.9
150.8 151.7 152.8 151.9 151.3 151.1 150.8 150.5 150.7 151 149.5 148 147 146.2 145.6 144.5 143.4 142 140 137.9 134.2 133.5 133.3 134.9 133.1 131.8 129.8 124.9 123.5 121.9 120.7 119.9 119.3 119.1 118.8 118 116.5 114.7 114.9 115.3 118.1 120.5 122 122.5 123 123 120.6 116 113.9 111.3 109.6 109.5 110.3 109.5 109.4 109.3 109.1 110.5 111.7 113.2 114.2 115.1 115.3 118.8 121 122.2 123.9 125.1 125.4 125.6 127.2 128.4 129.7 130.5 130 129.5 129.2 128.8 128.1 128.5
150.3 151.6 152.5 151.9 151.1 150.8 150.5 150.8 151 150.9 149.8 148.6 147.5 146.7 146.2 145.6 144.8 143.8 144 140.8 136.5 137.7 138.9 137.2 135.1 133.2 130.9 129.8 126.2 123.9 122.6 121.5 120.9 120 118.8 118.5 117.3 117.7 119.4 120.3 123.1 125.2 126.2 126.7 126.5 124.3 121.6 120.3 118.3 116.1 113.1 111.8 110.8 109.7 109.5 109.4 109.1 110.1 110.5 111.5 112.7 113.3 113.3 114.5 117 118.1 120.3 122.6 123.4 124.6 125.9 127.4 128.4 129.1 128.6 127.7 127.2 126.8 126.6 126.6
149.9 151.3 151.5 151.1 150.9 150.6 150.8 151 150.8 150.7 149.8 148.8 148.5 147.7 147.5 146.9 146.2 145.5 146 142.2 139 140.2 140.4 140.2 139.3 135.5 133.1 131.6 130.3 126.8 125.2 123.9 122.8 121.6 120.6 119.7 119.1 121.1 123.7 125.8 128.1 129.2 130.4 130 129.7 126.7 123.8 122.8 121.4 119.6 116.2 114.4 112.8 111 110 109.7 109 109 109 109.8 111.2 111.2 111.8 113 114.7 116 117.9 119.4 120.5 123.3 126 126.2 126.9 127.5 127.2 126.3 126.2 125.8 125.2 125
149.2 149.6 150 150 150.6 150.9 151 150.8 150.7 150.6 149.9 149.6 149.3 149 148.5 147.8 147 145.4 145 143.3 144 144.4 144.6 143.4 141.8 139.6 135.3 133.4 132.5 133 132.5 131.2 127.3 125.7 125.1 123.4 122.6 124.5 127.5 130.6 131.1 131.3 131.4 131.5 131.5 130.9 127.2 124.9 123 120.9 119.3 116.3 114 112.6 111.4 111.2 109 109 109 109 109.5 110.4 111.1 111.9 113.7 115.4 115.8 116.9 118.6 119.9 122.9 123.2 125 126 125.8 125.1 124.9 125 124.1 124.1
148.6 149.6 148.9 149.1 151 151 151 151 151 150 149.6 149.8 149.6 149.1 148.4 147.9 147.3 146.3 144.8 146 145.6 145.9 146 145.4 143.1 141.2 138.8 134.2 134.2 135.3 135.2 135.2 132 129.1 130.2 129.3 127.9 128.4 130.1 131 131 131.2 131.5 131.8 132.1 131.6 129.6 127.1 124.4 122 119.8 118.6 115.8 114.3 113.4 112.5 111 109.3 109 109 109 109.1 110.1 111 113.4 114.6 114.2 115 116.6 117.8 119 120.2 122 123.7 124.1 122.9 122.1 123.6 124.9 127
147.7 148.8 148.9 148.9 150.5 150.8 150.9 150.9 149.6 149.5 149.9 149.6 149.1 148.4 148 147.7 147.4 146.5 145.4 145.3 145.6 146 145.1 144.8 143.9 141.5 139 136.4 135.9 135.9 135.3 135.2 134.5 132.3 131.1 130.8 130.8 129 129.4 130.9 131 131.1 131.4 131.7 132.5 132.5 131.2 129.4 126.5 123.5 121.9 121 120 114.9 114.5 116 114.3 111 109.3 108.9 108.8 109 109 111.5 114.5 112.4 112.2 112.9 114.3 115.5 116.7 117.7 118.9 120.6 121.2 120.5 121.1 123.6 126.6 129.8
147.2 148.8 149.3 149.5 150.2 150.7 150.7 150.1 150.1 150 149.3 149 148.7 148.2 147.9 147.6 147.3 146.7 145.6 145.5 145.8 145.9 144.9 144.2 144.9 142.5 139.9 138.9 138.7 137.3 135.9 135.4 135 133.5 131.7 130.8 131 128.6 128.2 129.5 130.4 131 131.3 131.5 132.7 132.9 132.7 130.8 128.3 125.2 124 122.9 120.5 117.3 116.2 115.6 115.5 112.3 109.8 108.9 108.8 108.9 109.1 109.4 110.5 110.1 110 110.7 111.9 113.1 114.4 115.2 116.1 117.5 117.8 119.3 122.3 125.6 128.6 131.7
148.1 149 149.5 150.1 150.4 151.3 151.4 150.6 150.8 151 149.8 149.2 148.6 148 147.7 147.4 147.1 146.8 145.8 145.6 146 146 145.2 144.7 144.5 143.2 141.2 140.5 139.5 138 136.5 135.9 135.7 133.5 131.7 130.2 127.7 124.8 125.6 127.4 129.4 131 130.5 131.8 132.7 132.9 133.1 132.2 131 129.8 126.1 123.6 121.1 119.1 118 117.8 114.3 113.2 111.6 109.9 108.9 108.9 109.1 109 109.5 109.3 108.9 108.9 109.4 110.8 111.9 112.5 113.4 114.5 115.3 119.4 122.5 125.9 129.8 133.6
149.6 149.9 151 152.5 152.8 152.9 152 150.8 150.7 149.4 149.7 149.1 148.4 147.8 147.6 147.3 147 146.7 146 145.9 146 146 146 146 146 145.3 141.2 140.2 139.3 137.6 136.9 135.9 134.7 131.9 130.3 127.3 124.5 124.3 124.2 124.7 127.3 129.5 130.9 132.1 133.4 133.4 133.5 133.1 131.7 130.3 127.8 124.6 122.5 120.5 120.8 120.7 118.9 115.9 114.1 112.5 110.4 109 108.7 108.8 108.5 108.3 108.1 108.2 108.7 109.4 110 111 112 113.5 116 119.7 123 126.2 129.6 135.2
150.1 152 153.3 154.6 155 154 152.5 151.1 149.6 148.9 149.6 149 148.3 147.7 147.4 147.1 146.8 146.5 146.2 146 146 146 146 146 144.9 143.1 140.7 139 137.9 136.9 135.7 134.6 131.3 130 126.6 124.3 124.3 124.3 124.2 124.1 125.1 128.2 130.7 132.8 134.6 134.7 134.5 133.9 132.4 130.8 129.6 126.4 124.6 123.4 122.9 122.4 121.3 119.7 116.4 114.8 112.4 110 108.9 108.5 108.5 108.4 108.2 108.1 108.1 108.4 109.1 109.3 110.3 112.5 116 120.1 123.4 126.7 129.7 134
150.6 152.6 155.1 155.8 156 154.5 152.9 151.2 149.4 149.4 149.5 148.9 148.2 147.5 147.2 146.9 146.6 146.4 146.1 146 146 146 145.6 143.9 142.2 140.7 139.7 138 136.7 135.7 134.6 132 129.6 129.7 129.3 127.7 124.5 124.2 124.1 124.1 124.1 126.5 130.6 133.3 135.8 135.5 134.9 134.5 133.1 131.5 129.9 128.4 126.5 125.8 125.2 124.5 122.8 121.3 119.5 116.8 114.3 111.8 109.7 108.9 108.7 108.5 108.2 108 108.1 108.1 108.2 108.5 109.3 113.3 116.4 121.1 123.6 126.5 129.8 132.3
151.2 153.5 155.6 156 156 154.7 152.6 151.3 150 149.2 149.8 148.9 148.1 147.4 147 146.7 146.5 146.3 146.1 145.6 145.5 144.9 144 142.2 139.9 139 139.2 137.4 135.3 134.2 134 134 133.6 132.9 131.9 130.8 129.1 125.4 124.2 124.1 124.1 124.5 128.2 131.9 134.4 135 134.7 134.1 132.8 131.6 130.4 130.3 128.7 128.2 127.4 125.7 124.2 122.8 121.5 119.4 116.5 114.1 112.5 110.6 108.8 108.6 108.3 108.1 108 108 108 108.5 110 113.3 118.5 121.7 123.9 125.8 127.7 130.2
151.7 153.3 155.2 156 155 153.7 152.8 151.5 150.6 150.4 150.1 149.1 148.3 147.6 147 146.6 146.1 145.6 145.3 144 144 144.2 144 141.9 139.9 139.1 139 137.4 135.7 135.5 135.2 136 135.6 134.1 132.9 131.6 130.4 129.4 125.1 124.3 123.7 124.1 126.2 129.8 132.7 133.4 133.5 133 132.3 131.5 131.2 131.1 131 130.7 129 127 125.2 123.5 122.1 121 119.8 118.3 116.3 113.2 110.3 109.5 108.7 108.1 108 108 108 108 109.2 113.2 118.7 120.7 122.6 124.3 125.8 128.8
152.5 153.9 155 155.6 154.9 153.4 152.8 151.8 150.8 149.8 150.1 149.1 148.6 148.1 147.5 146.9 146.1 146.2 145.7 144 144.4 144.6 144.5 143 141.4 140 139.3 139 138.5 138 137.8 137.3 137 135.3 133.7 132.4 131.2 130.4 128.4 125.2 123 120.3 121.2 127.3 130.8 131.5 131.8 132.5 131.7 131.8 131.5 131.4 131.4 131.1 130.8 129.4 127.7 124.9 123.5 122.5 121.5 120.3 118.8 115.8 112.5 110.5 109.4 108.2 108 108 107.9 107.9 108.6 111.9 117.2 119.6 121.4 123.2 125.4 128.2
152 152.6 153.3 154.1 154.5 153.5 152.6 151.8 151.2 150.8 150.1 149.3 148.9 148.3 147.8 147.3 146.7 145.4 145.1 144 144.7 145.9 145.2 144 143.3 141.7 140.9 140.8 140.9 140.5 139.1 138.4 138.2 136.8 134.9 133.2 132 131.3 130 125.8 123.1 120.5 119.1 121.9 126.7 129.9 130.9 131.7 131.3 131.2 131.3 131.8 131.7 131.4 130.9 130.9 130.8 128.5 125.1 123.9 122.5 121.3 120 118.1 115.4 112.5 109.8 108.5 108 108 107.9 107.9 108.3 109.6 115 117.6 120.9 123.9 125.9 126.6
150.2 150.8 151.6 152.5 152.5 152.1 152 151.4 150.6 150.8 149.7 149.2 148.7 148.2 147.8 147.3 146.9 146.4 145 144.5 145.1 146 146 144.9 145.1 143.4 142.2 141.1 140.9 140.6 140.3 139.6 139.4 138.4 136.5 134.6 132.8 131.9 130.5 126.6 123.6 121.1 119.1 119.4 121.3 126.2 129 130.1 131 130.4 130.2 130.9 131.8 132 131.1 131.1 131 131 126.6 124.7 123 122 120.7 119.2 116.7 114.4 111.4 108.9 108 108 107.9 107.9 107.9 108.9 111.8 115.3 118.8 122.2 124.5 125.4
149 150 151.3 151.9 151.9 151.7 151.5 150.7 150.1 149.2 149.6 149 148.5 148 147.6 147.1 146.7 146.3 146.1 145.1 146 146 146 146 146 144.8 143.3 142 141 140.8 140.4 140.9 140.8 139.8 137.6 135.3 133.1 131.1 130.5 127 124.3 121.8 119.7 119.2 119 120.3 124.5 125.9 127 126.5 129.4 130.9 132.4 132.1 131.1 131.2 131.2 131 128.4 125.4 123.6 122.5 121.2 120.2 118.2 115.9 112.3 109.2 108.4 108 107.9 107.9 107.9 108.3 109.5 112.5 117.6 120.8 122.9 123.7
148.9 151.1 151.4 151.6 151.6 151.3 150.9 150.2 150 150.1 149.4 148.9 148.4 147.9 147.4 146.9 146.5 146.2 146 145.9 145.9 145.5 146 146 144.9 144.3 143.6 142.7 141.7 141 140.9 140.9 140.9 140.5 138.4 136.2 134 131 130.1 127.8 125.2 122.3 120.2 119.2 118.9 118.7 119.8 120.2 121.3 123.4 127.4 130.3 131.6 131.5 131.2 131.4 131.3 130.9 130.2 127.2 124.4 122.9 121.6 120.4 119.8 117 113.5 109.2 108.2 108 107.9 107.9 107.9 108 108.9 110.8 115.1 118.4 120 121.6
150.7 150.9 151 151.3 151.3 151 150.6 150.8 151 150 149.3 148.8 148.2 147.7 147.2 146.7 146.3 146.1 146 145.7 146 146 145.4 144.7 144.4 144 143.2 142.4 141.9 141.2 140.9 140.9 140.9 139.4 138.3 136.7 134 129.7 128.2 126 125.4 122.7 120.5 119.3 118.3 117.7 117.2 116.7 117 119.4 125.4 128.4 130.6 131 131.2 131.3 131.5 130.9 130.3 130.5 125.4 123.5 122.2 120.9 120.3 117.7 114.1 108.9 108 108 107.9 107.9 107.9 108.1 108.6 109.2 111.2 114.6 116.5 118.5
150.3 150.6 150.8 151 151 150.5 150.2 150.9 150.7 149.8 149.1 148.6 148.1 147.6 147.1 146.6 146.2 145.9 145.6 145.3 146 145.3 144.6 144.2 143.5 143.2 142.6 141.7 140.9 141.1 140.9 140.5 139.5 138.5 137.2 136.1 133.6 128.6 126 123.8 122.4 120.5 119.4 119.2 117.7 116.8 116.3 115.3 113.7 114.9 120 125.3 128 129.2 130.1 131.2 131.3 131.4 130.9 130.9 126.7 124.3 122.8 121.6 120.4 117.9 114 109 108 108 107.9 107.9 108 108.3 108.4 108.5 109 111.5 113.3 114.6
150.4 150.3 150.5 150.7 151 149.8 149.4 150.3 150.1 149.2 148.6 148 147.5 147 146.5 146.2 146.1 145.6 145.2 145 145.7 144.3 143.2 142.4 141.7 141.7 141.6 141.1 140.5 138.7 137.8 137.7 137.5 136.6 135.7 134.6 132.4 128.8 125.4 123 120.4 119.1 119.4 119.5 119.5 118 117.2 115.1 113.8 113.9 115.7 121.8 126.5 128.8 130 130.7 131.2 131.3 130.7 130.2 127.3 124.6 123.3 122.1 120.8 117.7 113.2 109 108.1 108 108 108 108.1 108 107.8 107.7 107.9 108.8 109.2 109.2
150.5 149.7 150.3 150.6 150.4 150 149.6 149.1 148.8 148.5 147.8 147.3 146.8 146.3 146 145.8 145.7 145.8 145.8 144.6 144.1 143.3 141.7 140.7 140 139.6 140.3 140.5 140.2 136 134.6 135.6 135.2 134.7 133.8 131.7 128.3 124.1 124.1 122.4 120.5 122.8 123 122.9 121.5 120.4 120 119.2 116.8 114.6 114.3 120.3 125 126.4 129.5 130.8 131.3 131.2 130.6 129.6 127.3 125 123.4 121.8 120.2 116.4 113.3 110.3 108.8 108 108 108.3 108.5 108.4 108.2 107.8 106.7 106.4 106.7 107
150.6 149.9 149.9 149.9 149.8 149.5 148.9 148.4 148 147.6 147.1 146.5 146 145.8 145.7 145.6 145.7 145.4 144.6 144 143.1 142.2 140.6 138.9 138.2 137.6 139 138.8 136.8 135.3 134 132.8 132.7 132 131.4 129.7 125.7 124.6 124 124.2 125.4 125.7 126.4 126.1 123.5 121.4 120.8 120.1 118.9 115.3 114.1 117 122.7 125.7 129.2 131.2 131.3 131.2 131.1 130.4 128.6 126.1 124.1 122.3 119.7 119.6 116.7 113.8 110.6 109 108.5 108.8 108.8 108.8 108 107.3 106 104.6 104.6 104.8
150.6 149.8 149.5 149.6 149.4 148.8 148.2 147.6 147.2 147 146.2 145.7 145.9 145.8 145.8 145.8 145.9 145.3 144.1 143.1 142.2 141.2 139.6 137.4 136.4 135.6 136.5 135.8 135.2 133.9 132.6 131.3 129.5 128.3 127.2 125.1 124.9 124.4 124.6 126.5 127.6 128.1 128.1 127.7 125 122.5 121.9 121.2 119.8 115.1 114.2 119.6 125.5 127.8 130.1 131.2 131.4 131.1 131 131.1 130.8 128.7 126.5 124.7 123.4 122.4 121 116.9 113.4 110.2 109 108.9 109 108.9 108.6 107.4 106.4 104.9 104 104
150 149.9 149.7 149.3 148.6 148.1 147.5 146.9 146.5 146.4 145.2 144.8 144.4 145.8 145.7 145.5 145.8 145.1 143.3 141.9 141.5 140.5 138.9 135.9 134.5 133.4 133.6 132.9 132.7 132.2 131 129.4 125.3 124.1 124.1 125.1 125.7 125.6 126.6 129.5 130 130 129.7 129.2 126.4 123.9 123 121.7 118.7 114.7 113.3 119.7 126.1 128 130.2 131.2 131.4 130.8 131.2 131.3 131.1 130.6 130.1 128.4 126.1 123.8 121.3 118.8 116.6 115.3 113.7 112.2 110.9 109.5 109.3 108.9 108.3 107.4 105.4 104.3
150 150 149.6 148.7 148 147.3 146.8 146.2 145.9 145.8 144.3 143.9 144.1 144 144.1 143.4 143.1 142.3 141.5 140.8 140.4 139.5 136.7 134.5 133.1 131.7 130.7 130.5 130.2 129.6 129 129.9 126.8 128.1 128.9 128.9 129.4 129.3 130.7 131.3 131.4 131 130.5 130.7 127.7 125.3 123.6 120.4 117.5 114.8 114.1 116.4 124 127 128.4 130.6 130.7 130 130.8 131.5 131.3 131.2 131.2 130.9 127.1 124.5 123.1 121.3 120.2 117.3 115.8 115 115.1 113.9 114.2 111.2 110.8 109.7 107.7 105.6
149.8 149.9 149.2 148.4 147.6 146.5 145.9 145.5 145.5 145.2 143.9 144.1 144.2 144.4 142.8 142 141 140.3 139.3 138.5 137.8 135.8 134.6 133.8 132.2 130.7 129.6 129.7 129.2 129.3 130.6 131.5 131.7 131.8 132.1 132.3 132.8 133.6 134 133.9 133 132.1 130.9 130.4 128.3 125.9 123.3 120.5 117.7 115.2 113.9 114.2 119.7 125 126.9 128 128.5 129 130.5 131.2 131.5 131.3 131.1 129.7 127.3 125.2 123 121.6 120.8 118.3 117 116.1 115.7 116 116 115.6 113.1 111.1 109 107.4
149.7 149.5 148.8 148 147.3 146.5 145.5 144.9 144.6 143.9 144.2 143.9 144 144.5 143.1 141.1 139.4 139.1 137.3 134.4 134.2 134.2 134.3 134.3 132.9 132.7 132.2 132.2 132.1 131.8 133 134.7 134.8 135.1 135.3 135.6 136.2 136.5 135.5 134.5 133.6 132.3 131.2 130 128.3 126 123.6 120.8 118 114.9 113.9 113.9 116.4 121.9 124.4 125.4 126.1 127 128.6 130.3 130.5 129.6 128.1 126.7 125.1 124.5 122.9 122.1 121.3 119.4 118.1 116.6 115.8 116 116 115.8 114 111.3 109 107.5
