STL Generation/terr50_gagg_gb/data/SP54.asc
ncols 200
nrows 200
xllcorner 450000
yllcorner 240000
cellsize 50
[rows 0 to 34 of 200, columns 0 to 78 of 200]
139.3 138.8 138.2 137.5 136.7 136.6 134.5 134.1 134.6 135.1 135.5 136.2 136.1 136.4 137.1 137 137.1 137.6 138.3 140.2 142.4 146.2 152.9 161.3 169.7 173.5 174.5 174.1 173.9 171.7 168 164.8 158.8 153.4 148.9 142.6 138.2 134.7 132.3 130.4 128.3 126.7 125.3 124 123.5 126.1 127.7 126.2 119.5 118 119.9 121.2 124.1 126.4 130.2 130.9 130.7 131.2 134 138.9 146 153.2 157.5 160.5 163.1 165 166.8 168.6 169.5 170.7 171.2 170.1 170 169.8 169.4 169.1 168.5 167.8 167.1
139.1 138.6 138.1 137.5 136.6 135.9 134.6 133.2 133.5 134.7 135.7 135.6 134.4 135.8 135.8 135.9 136.2 136.7 137.1 138.4 140 143.9 150.9 159.2 168.9 173 174.6 174.6 173.4 170.8 166.7 162.5 153.6 145.7 141.8 139.3 134.7 132.7 130.3 128.8 128 126.8 125.1 124 124 126.1 127.6 126.1 120.1 119.2 120.5 121.3 123.6 124.5 128.5 130.9 130 131.7 134.8 138.5 145.7 151.7 157 160 162.6 164.6 166.4 167.4 168 168.5 169.1 168.9 168.4 168.1 167.7 167.4 166.9 166.2 165.6
138.6 138.3 138 137.4 136.6 135.8 134.8 133.6 131.9 132.4 133.8 135 134 136 135.4 135.2 134.6 135.1 135.7 136.5 139.2 144.2 149.9 160.7 168.5 172.7 174.8 174.9 173.3 170.5 166.6 161.9 155.8 150.5 145.7 141.8 138.7 134 130.6 129.2 128.9 128.3 128.3 126.3 125.2 125.7 126.3 124.4 119.5 119.1 120.3 120.7 124.1 125 127.2 129 129.2 132.7 136.7 142.1 146.2 152 157 159.9 161.9 164.1 166.2 166.1 166.6 167 167 166.8 166.7 166.4 166.1 165.7 165 164.5 163.9
137.4 137.3 137.2 137 136.9 136.6 135.8 134.4 133.2 131.4 132.2 133.6 135.1 136 135 134.1 133.8 134.3 134.7 136.3 139.6 143.7 148.3 156.6 165 170.3 173.3 173.7 172.6 171 167.5 163.8 161.5 157 153.2 149.2 142.4 134 133.6 133.7 134.5 135.2 133 130.4 127.4 126.7 126 122.6 119.1 118.7 118.8 120.3 124.1 127.5 129.8 130 131.5 134.8 139.4 146.5 150 152.7 156.5 160.1 162.1 163.6 164.8 164.9 165 165 165 164.9 164.9 164.7 164.3 164.1 163.6 162.4 161.9
137.4 136.3 136 135.9 135.7 135.8 135.3 134.5 133.2 131.4 130.7 132 133.9 134.7 134.2 133.2 132.2 132.5 133.8 136.2 138.8 142.3 146.1 150.8 158 165.5 170.1 172.5 171.6 170.3 168.5 165.9 163.4 161 157 150.4 142.9 140.5 138 140.1 142.1 141.3 135.4 130.7 127.8 126.7 126.2 124.4 119.8 116.6 118.6 121.4 124.3 128 130.8 130.9 134.1 140.4 144.1 147.9 151.8 153.4 156.8 160.3 162 162.7 163.1 163.4 163.2 163 163 162.9 163 163 162.6 162.4 162.2 160.8 160.1
137.1 136.5 135.3 134.8 134.4 134 134.5 133.9 132.7 131.5 129.8 130.8 131.6 132.4 132.1 131.4 130.7 131.5 133.6 135.5 137.2 139.2 142.5 146.5 151.3 157.9 164.9 169.3 170.5 169.5 169.1 166.8 164.4 162 159 153.6 150.5 147.4 146.9 148.3 147.3 144.2 136.3 130.1 127.2 125.8 125.9 123.5 119.8 117.2 119.7 122.5 124.4 126.7 129.5 131.7 135.5 141.7 147.4 149.4 151.8 154.6 157.5 159.7 160.4 160.8 161.2 161.6 161.5 161.3 161.1 161 161 161.2 161 160.8 160.4 159.2 158
137.1 136.3 135.6 134.3 134.6 134.5 134.4 133.4 132.2 131.3 130 129 129.6 130.4 130.7 130.4 130.1 130.7 132.1 133.1 134.6 136.1 138.2 141.1 145.8 150.8 156.8 163.2 166.3 169.2 169.1 167.2 164.7 162.1 161.6 158.9 156.4 154 153.2 151.3 148.5 143.7 136.8 130 125.4 123.8 122.8 120.8 119.3 119.4 120.3 124.1 124.7 126.8 128.5 130.7 133.9 140.6 146.9 149.9 152.1 154.2 156.2 157.5 158.3 158.8 159.3 159.7 159.6 159.4 159.2 159 159 159 158.6 158.1 158 156.9 156
137.2 136.4 135.6 135.2 134.8 134.9 134.4 133.4 132.4 131.5 130.3 129 129.2 129.9 131.4 130.8 130 130 129.9 130.7 132.1 133.7 135.8 137.6 140.3 144.2 149.7 155.2 163.9 167.7 168 167.1 164.8 163 161.8 159.1 157.4 155.9 152.9 152 149.4 145.2 139.7 130.7 125.1 122.1 119.9 119.3 119.3 119.3 121 125.2 125.5 127.1 129 131.8 135.1 140.8 145.7 149.2 151 152.7 154.3 155.3 156.1 156.9 157.3 157.5 157.4 157.2 157.1 156.9 156.8 156.3 155.9 155.8 155.6 154.2 153.3
137 136.4 135.6 136.6 135.6 135.7 134.7 133.6 132.6 131.7 130.5 129 129.1 129.8 132.9 134.2 131.9 129.4 129 129 130.3 132 133.2 135 135.7 138.7 143.9 150.1 157.8 167.7 166.3 165.6 163.9 162.9 160.9 157.8 154.3 152 152.3 151.8 150 145.2 139.1 130.3 124.6 121.7 120.1 119 119 119.4 120.6 123 125 127.8 130.3 133 137.3 140.8 143.8 146.9 148.9 150.5 152 153.1 154 154.7 155 155.1 155 154.8 154.7 154.5 153.7 153.2 152.8 153.3 153.3 151.8 150.6
136.7 136.3 136.1 136.6 135.5 134.7 134.3 133.8 132.8 132 130.7 129 129 130 132.6 134.3 132.9 130.7 129 128.9 128.8 129.5 130.4 132.1 134 137.5 142.3 148.4 155.7 162.9 162.3 161.9 161.8 159.9 157.4 150.9 146 146.4 150.1 151 148.9 143.3 136.5 129.7 124.3 122.1 120.7 119.3 119.1 119.2 120.6 122.8 125 127.3 129.7 131.3 133.8 137.2 141.4 143.8 145 145.7 147 150.4 151.8 152.2 152.5 152.5 152.3 152.1 151.9 151.5 150.3 148.8 148.3 149.8 150.5 148.9 147.7
136.2 135.8 135.7 135.3 134.3 133.9 133.5 133.1 132.6 131.9 130.6 129 129 129.4 130.7 131.7 131.6 130.2 129.7 129 127.9 128.3 128.7 131.9 135.7 139.2 143.8 151 158.6 161.1 157.2 154.2 153.8 152.3 150 145 140 137.7 143.4 146 144.3 138.9 132.9 127.8 124.3 122 120.8 119.6 118.2 118.1 119.3 121.2 123.7 126 127.7 128.9 130.2 133.4 137.4 138 138.4 138.8 143.4 147.4 148.8 149.3 149 148.5 148.6 148.4 147.9 147.5 147.6 144.3 142.3 146.9 147.5 146.4 142.9
135.7 135.5 135.7 135.3 133.9 132.9 132.5 132.1 131.7 131.2 130.4 129 129 129 130.4 130.8 131 129.8 129.2 127.8 127 127.3 128.8 133.2 138.1 142.8 150.2 156.8 161.6 161.6 154.9 148.3 145.7 144.9 142.8 138.4 134.3 131.9 134.6 137.5 135.5 132.9 129.9 125.8 123.3 121.8 120.4 118.7 116.5 115.2 116.6 120.3 122.8 124.4 125.5 125.3 127.6 129.8 131 132.2 132.3 133.6 137.9 142.1 144.3 145.5 144.1 143.1 144.2 144.2 143.5 143.8 143.6 138.8 137.9 144.5 145.7 142.7 139.3
135.4 135.3 135.6 134.9 134 133.1 132.2 131.2 130.8 130 129.8 129 129 129 131 131 130.6 129.7 128.5 127.2 127.1 127.5 129.1 133 138.6 144.6 153.6 158.9 162.3 162.2 156.4 147.5 140.1 136.8 133.8 132.4 129.9 128.4 128.9 129.4 128.5 126.7 124.2 122.5 121.3 120.4 119.4 118.1 115.6 115.5 114.2 119.9 121.7 122.9 123.4 123.8 125.2 126.2 127 127.5 128 130.1 132.3 135.1 137.9 138.9 138.7 138.2 139.9 139.9 139 139.8 140.1 136.6 135.3 140.8 142.4 139.2 137
135 135.2 135.5 134.9 134.1 133.2 132.3 131.4 129.9 129.2 129.2 129.1 129 128.9 128.3 128.7 128.7 127.9 127.5 127 126.9 127.5 128.8 132.3 137.7 143.7 153 158 161.1 161.3 157 151.2 141.5 135.8 131.2 129.8 129.2 128.2 127.9 126.1 124.6 124.7 123.5 121.4 120 119.2 118.4 117 115.6 114.9 114.1 119.4 120.6 121.6 121.6 122 122.7 123.3 124 124.4 124.7 126.2 128.5 132 135.4 136.3 135.2 134.6 137.1 136.4 134.1 135.1 135.9 134.5 133.3 136.5 138.6 136.8 134.8
134.7 135 135.7 135 134.1 133.2 132.3 131.5 130.6 129 129.1 129.1 129.3 128.5 126.6 125.9 126 125.9 125.5 125.6 126 124.7 127 131.3 135.4 141.8 149.2 156.5 159.7 159.4 156.2 150 142.5 135.9 132.5 131.3 130 129.9 129 126.7 124 124.2 124 121.9 119.6 119 118 116.6 115.7 115 114.5 117.5 121 120.6 120.6 120.1 121 121.6 122 122.1 122.5 124.1 127.5 130.8 133.8 134.7 132.2 132.4 134.6 134.2 132.1 132.5 132.8 131.6 130.3 133.5 134.5 134.6 132.8
134.8 135.8 135.4 134.7 134.1 133.2 132.3 131.5 130.6 130.6 130.9 130.2 129.6 127.2 125 124.3 124.2 124.5 124.2 124.4 125.3 124.3 125.8 129.5 132.6 138.1 145.7 152.5 157.7 158 156 147.8 141.4 137.9 137 136.3 136.7 136 133 128.3 125.5 124.7 124.6 123 120.2 119.2 117.9 116.6 115.6 114.7 114 116 121 120.9 119 118.3 119.3 120.1 120.2 120.3 121.6 125 127.6 129.8 132 132.1 130.9 129.5 131.7 131.1 129 130.9 130.8 129.6 129.1 132.1 132.4 131.3 131.1
134.5 134.9 134.8 133.9 133.5 133.1 132.3 131.5 130.9 130.8 130.9 131 129.8 127.9 126.4 126 125.9 125.3 124.9 124.7 124 124 124.4 126.9 129.9 134 142.3 149.5 155.4 156.8 155.9 151.7 147.8 145.9 145.7 146.4 145.1 141.5 136.2 130.3 127.6 126.7 125.6 124.1 121.2 119 117.5 116.5 115.8 115.6 114.3 114.2 116.9 118.7 117.2 115.7 116 117.2 117.9 119.8 122.5 125.8 126.2 128.3 130.3 130.3 129.9 129 131 128.6 128.4 130 129.8 126.4 127.5 130.2 131 129 128.9
133.5 133.8 134.2 133.8 132.7 132.3 131.9 131.5 131.1 131 131 131 130.4 129.2 127.6 126.9 126.7 126.6 126 125 124 124 124 124.8 127 130.9 137.2 145.3 151.1 155.1 155.9 156.6 155.7 154.3 152.9 152.4 149.6 142.7 136.9 129.8 127.8 126.5 124.7 123.2 119.8 118.9 117.6 116.6 115.7 115.3 114.6 114.3 114.3 115.3 115.4 114.3 114.3 114.3 114.6 119.2 122.6 124.5 125.3 126.3 127.6 128.7 128.4 126.5 124.7 127 126.7 127.6 126.2 124.2 126.5 127.8 127.8 125.4 124.9
132.5 132.8 133.2 133.3 131.9 131.5 131.1 131 131.1 131.1 131 131 131 130 129.1 127.9 127.4 127.4 126.9 125.3 124.1 124.1 124.1 123.7 125.2 127.8 133.4 139.6 146.9 151 155.3 157.1 157.9 157.1 155.4 154.1 150.8 142.5 136.4 132 129.3 126 124.4 123 120.7 119.5 118.7 117.2 116 116.3 115.2 114.3 114 114.3 114.4 114.1 115 114.1 114.4 118.1 120.2 122 123 124.2 125.3 126.3 126.6 125.3 123.3 123.8 124.8 125.1 124.3 124.1 125.9 126.3 124.9 122.1 121.1
131.5 131.8 132.2 132.5 132.1 130.7 130.3 130.9 130.9 130.8 130.5 130.3 130.2 130 129.9 128.9 128.4 128.2 127.5 126.1 126 124.3 124.1 122.1 122 124.4 128.2 133.5 140.7 148.2 152.3 155.4 157.2 157.1 156.2 155 151.3 144.7 139 136.5 133.1 131 128.9 126.1 123.4 121.3 119.4 118.1 118.4 118.3 116.4 115.5 114.8 114 116 115.7 115 114 114 116.8 119.1 119.5 121.1 122.8 123.6 124.3 125.1 123.7 121.8 121.4 122.4 122.1 121.3 122.5 125.8 125.6 121.5 119.3 119
130.5 130.8 131.1 131.5 131.8 130 129.9 130.8 130.4 130.1 129.8 129.6 129.5 129.3 129.1 129.2 129.1 128.5 127.8 127.2 126.5 125.2 123.7 120.6 119.1 120.7 124.7 129.6 138 145.3 150 153.2 155.1 156.1 156.5 155.9 154 149.1 143.9 140 140.1 137.9 133.7 130.2 125.8 122.4 119 119 120.1 120 117.7 117.5 118.5 115.6 115.8 116 115 114 115.3 116.4 117.2 118.7 120.3 121.6 122.4 123.2 123.4 122.5 121.1 119.1 117.8 117.1 116.2 120.4 122.6 121.3 119 119 119.3
130.6 130.7 130.8 130.9 130.9 130.2 129.8 129.7 129.5 129.3 129.2 128.9 128.7 128.7 128.8 128.9 128.8 128.1 127.6 127.2 126.4 125.7 124.5 121.4 119.5 119.1 121.7 127.1 134.7 141.2 147.7 150.6 152.7 154.5 155.8 156.1 155.9 152.3 149.6 148.4 147.4 144.5 138.1 132.6 127.2 123 121.1 121.4 121.9 120.5 119 119.4 119.9 115.9 114.6 115.1 114.3 114.7 116 115.7 115.5 116.6 119.1 120.5 121.3 121.7 121.5 120.8 118.9 114.3 114.6 115.3 113.9 114 117.8 118.3 119.1 119.2 119.8
130.8 130.2 129.8 129.4 129.1 128.7 128.7 128.6 128.4 128.3 128.1 128 127.9 128 128 128.1 128.4 127.9 127.4 126.8 126.6 126.2 125.4 122.2 119.8 119.2 119.6 124.5 130.8 136.5 143.1 146.5 148.1 149.4 152.3 154.5 154.8 154.6 153.2 151.5 149.9 147.2 142.6 136.1 129.7 124.3 124.2 125.8 124.6 122.4 119.6 118 116.9 115.1 114 114 114.9 115.7 116 115 114.2 114.7 115.7 119.3 120.7 120.9 120.8 118.6 115.2 114.1 121.6 123.2 119.6 114 114 116.6 118.9 120.2 122
128.3 128.2 127.7 127.6 127.5 127 127.2 127.5 127.4 127.2 127 127.1 127 127 127 127.2 127.7 127.4 126.8 126.2 126.2 125.9 125.9 123.5 119.5 119.4 119.1 122.2 127 131.9 136.9 141 141 144.8 148.3 151.7 153.7 154.4 154.1 152.5 151.3 148.2 144.3 137.4 131 128 130.5 132.5 129 123.8 120.1 116.9 115.2 114 114 114.4 115.7 116 114.4 114.1 114.9 114.1 114.1 116.1 119.2 119.8 118.9 116.1 114.6 118 123.9 125.9 125.6 125 121 120.6 122.3 124.7 124
125.7 125.9 126.2 126 125.9 125.2 125.5 126.3 126.3 126.1 126.1 126.2 126.1 126.1 126 126.4 127 127 126.4 125.6 125.7 125.8 125.9 124.6 119.7 119.5 118.9 119.7 123.3 127.4 131.3 133.8 132.7 137 143 148.3 151.3 152.9 153.5 153.2 151.4 147.4 143.3 136.7 130.5 130.6 135.1 135.4 131 125.6 120.3 116.8 114.2 114 114.2 114.8 115.3 114.5 114.5 115 116.9 117.2 115 114.1 114.7 115.7 115 114 114.5 119.1 123 125.7 125.8 125.8 126.5 126.3 125.6 125.3 124.8
124.4 124.3 125.5 125.6 125.8 124.1 124.1 124.6 125.2 125.6 126.1 125.6 124.6 124.7 125.5 125.5 126.3 126.4 126 124.8 124.9 125.8 125.9 124.8 120 119.6 118.5 117.6 119.6 123.7 126.4 127.3 127.4 131.3 138 144.7 148.7 150.5 151.8 150.5 147.9 144.3 139.9 134.4 130.3 131.7 135.6 135.5 132.4 126.6 121.2 117.6 114.9 114.1 114.3 114.4 114.4 114.4 114.2 117.7 120.2 121.1 119.7 114.9 114.1 114 114.9 114.8 116.9 119 121.7 124.2 125.1 126.7 128.7 128.6 127.8 126.5 125.3
125.3 122.5 125.4 125.7 125.9 123.4 122.7 124.2 125.8 125.9 125.5 124 123.4 123.6 125.4 125 125.2 125.7 124.6 123.7 123.8 124.3 125.1 123.5 121.1 119.5 116.4 115.6 119.5 121 120.6 121.2 122.5 127.3 133.6 142 144.7 145 144.8 143.3 141 137.2 133.5 130.5 128.5 132 136.3 137.2 132.4 127.1 122 118.4 116.5 114.6 114.1 114.1 113.8 113.9 115.2 120 123.4 124.5 124.9 120.6 114.7 116.6 117.3 117.9 120 121 122.4 124 124.7 127.8 130.1 130.9 130.4 128.4 125.1
125.1 119.1 122.2 125.2 125.9 121.4 120.2 122.6 125.2 124.7 123.5 122.2 121.7 121.6 123.4 123.5 123.8 124.6 123.6 123.3 123.5 123.6 123.9 122.5 121.1 120.1 117.2 114.3 117 118.2 118.1 118.7 121.4 126.5 130.4 135.7 137.9 137.2 136.3 134.4 132.3 130.9 129.4 127.3 125.8 130.5 135.7 135.7 131 124.8 120.4 117.2 115.8 115.9 114 113.7 113.5 113.9 116.2 119.9 124.9 126.6 127.2 125.6 120.2 121.2 121.5 119.2 120.5 123.7 124.6 124.1 124.7 130.2 134.8 136.2 135.3 131.4 127.2
122.5 120 120.1 122.7 123.3 120.9 119 121.7 122.5 121.4 120.9 119.7 119.4 120.2 122.1 122.7 123 123 122.9 123 123 122.9 123 122.1 120.6 121 119.9 116.1 114.1 114.7 115.9 118.8 121.2 123.9 127 129.7 130.8 130.4 129.1 128.7 127 125.5 124.2 122.9 124.3 128.2 132 132.3 128.1 120.4 116.8 114.7 116 115.9 114 113.9 113.8 114.6 118.7 120.7 125.9 128.6 129.3 127.6 124.3 126.4 126 122.5 121.4 124.6 127.7 127.4 126.8 131.2 139.7 141.4 140.6 134.3 129.8
121.6 118.3 118.9 120.3 120.3 117.7 117.1 119.5 119.5 118.1 117.8 115.2 115.8 119.2 120.8 121.9 122.2 122.1 122.1 122 121.9 121.8 122.1 121.3 120.4 120.9 120.8 118.8 115.3 114.2 115.1 119 121.1 122.4 123.5 125.5 125.8 125.2 124.9 123.7 122.1 120.3 119.5 119.4 121.4 124.6 127.3 127.3 120.7 116.1 114 112.9 113.8 113.6 113.1 113.6 113.9 117.6 122.4 125.5 127.2 130.6 131.5 129.8 129.7 131 131 128.5 124.7 127.7 131.4 132.3 129.7 134 141.8 144.2 143.2 135.7 134.5
119 114.2 114.9 117.2 116.4 113.6 113.9 116.7 116.3 114.6 115 113 114.8 117.5 120.1 121.3 121.5 121.4 121.1 120.5 120.8 120.9 121.2 120.5 120.2 121 121 119.9 115.6 114.3 115.9 118.6 120.2 121.3 122.4 122.8 122.7 122.1 121.4 119.9 118.8 117.7 117.2 117.8 118.7 119.8 120 119.2 115.5 113.5 112.5 111 110.9 111.6 112.3 113.3 114.4 120.2 125.3 128.2 129.7 131.1 132.6 133.7 133.4 134.9 135.4 132.9 130.7 130.9 135.5 137.4 136.4 138 144.1 147.3 145.4 139.8 139.9
117.7 115 109.7 111.9 111.5 109.4 110.9 113.3 112 110.2 110.7 109.3 112 115.3 117.1 120.4 121.2 121.2 121.1 119.5 120 120.6 120.8 120.8 120.2 120.7 120.6 118.5 115 110.5 115.6 117.1 118.4 119.5 119.9 120.2 120.1 119.8 119.4 118.3 116.6 116 116.2 116.4 116.9 117.3 117.2 115.7 113.7 112.9 113 112.1 111.4 111.9 113.3 114.7 118.4 124.1 127.5 130 131.1 132.5 134.2 135.9 136.7 137.9 139.5 139.2 137.3 137.6 140 142.9 142.9 143.7 147.5 149.7 149.4 143.9 145.6
115.9 111.1 108.9 109.2 109.2 108.1 108.9 109.6 108.8 108 107.9 108.8 109.6 111.3 115.7 117.7 119.3 119.8 120.2 119.7 119.2 121 120.5 119.4 119.4 119.4 118.8 117.2 113.3 109.8 115.2 116.7 117.8 118.9 119.2 119.2 118.7 118.3 118.1 116.7 115.9 115.4 115.8 116 115.8 116.3 116.3 114.5 114 113.3 113.4 113.8 113.9 114.2 115.9 118.6 122.3 125.9 128.6 130.8 132 132.5 133.1 134.4 137 140.6 141.7 142.5 143.3 144.3 145.5 147.3 147.8 149.2 151.2 152.2 152.8 151.1 150.1
112.7 110.3 107.8 107 106.9 107 107.8 108.5 107.1 106.2 106.4 108.1 109.1 109.3 112.6 115.4 116.9 117.4 118.1 117.5 117.3 117.8 117.9 117.8 117.8 117.5 116.9 114.9 110.5 110.5 116 115.9 117 118.1 118.9 118.9 118.5 117.8 117 116.1 115.4 114.4 115.2 115.9 115.3 115.5 115.5 114.4 114.2 113.9 114 114.9 115.8 116.2 118.9 121.5 125.1 126 127.5 130 130.3 130.5 130.5 130.7 134.6 140.5 142.5 145 147 147.7 149.8 151.2 151.2 152.4 154.1 154.7 155.4 155 153.5
110.3 108 106.4 105.6 105.6 106.5 107.6 108.5 107.1 106.2 106.8 108.5 108.8 109 109.1 112 116.2 116.3 115.8 115.2 115.6 114.3 115.7 116.4 116.5 116.1 115.3 111.7 109.2 112.6 115.8 115.3 116.3 117.4 118.4 118.5 118.1 117.4 116.6 115.7 114.6 114 114.9 115.9 115.4 115.5 115.3 113.9 113.3 113.1 113.8 114.6 116 117.1 119.4 121.9 125.5 125.6 126 126.3 126.2 126.8 127.8 128.5 131.8 138.1 142.7 144.8 147.9 150.9 152.1 153.2 154.1 155.4 156.5 157 157.5 157 155.7
