STL Generation/terr50_gagg_gb/data/SP93.asc
ncols 200
nrows 200
xllcorner 490000
yllcorner 230000
cellsize 50
[rows 0 to 35 of 200, columns 80 to 159 of 200]
87.2 88 88.8 89.9 90.9 91.9 92.9 93.9 94.5 94.9 94.8 94.5 94.3 95.1 95.5 96 96.7 98 99.5 101.2 103.6 105.9 108.5 110.9 113.1 114.6 116.1 116.6 117.2 117.1 116.5 115.5 113.7 111.2 107.8 103.8 98.6 90.7 85.1 78.9 74.9 70.9 68.8 68.2 69.7 69.5 67.5 65.6 72.8 77.2 77.4 79.5 79.7 78.8 77.2 76.6 72.6 68.1 65.5 59 58.7 57.5 56.7 56.2 55.5 55.6 54.4 52.9 52.1 52 51.8 51.6 51.3 49.1 44.9 44.9 44.9 44.9 44.9 44.9
87.5 88.1 88.7 90.5 91.5 92.5 93.5 94.5 95.3 95.8 96.2 96 95.7 96 96.4 97.2 98.1 99.2 100.8 102.4 104.7 107.7 110.2 112.3 114.5 115.8 116.3 116.9 117.5 117.1 116.4 114.9 113.4 110.2 105.2 100.8 94.2 85.2 80.3 75.9 74.4 72 71.6 72.1 77.8 80.3 68.1 66.9 75 77.8 79.7 81.3 79.7 79.1 77.9 76.7 72.8 66 60.5 59.5 58.7 58.2 57.3 56.3 56.1 54.4 55 53.9 52.8 52.8 50.6 47.5 45.9 44.9 44.9 44.9 44.9 44.9 44.9 44.9
87.5 88.2 88.8 90.8 91.7 92.2 93.2 94.4 95.5 96.6 97.2 97.4 97.4 97.6 98.3 99 99.7 100.5 102.2 104.3 106.5 109 110.5 112.5 114.9 115.8 116.6 117.2 117.4 116.9 115.9 114.4 112.8 110.4 105.3 98.9 93 87.3 83.8 79.5 77.5 74.2 73.3 72.9 76.6 80 68 67.1 75.5 77.5 79.5 80.7 79.4 77.3 77.4 76 71.5 64.9 60.5 59.3 58.4 58 58.3 57.2 56.4 55.8 54.8 53.8 48.6 44.9 44.9 44.9 44.9 44.9 44.9 44.9 44.9 44.9 44.9 44.9
87.5 88.2 88.9 89.8 90.9 91.8 92.7 93.8 94.9 96.5 97.8 98.1 98.2 98.7 99.2 100.1 101 101.8 104.1 106.3 108.4 109.7 111.4 113.5 114.8 115.6 116.5 116.9 116.7 116.5 115.6 114.1 112.3 110.2 107.1 103.4 99.6 94.2 86.9 80.2 76.9 74.4 73.3 72.3 75.6 80.6 68 68.2 74.4 77.5 79.3 80 77.8 76.5 77.4 74.2 70.6 64.3 60.2 59.4 58.3 57.7 57.3 56.6 50 44.9 44.9 44.9 44.9 44.9 44.9 44.9 44.9 44.9 44.9 44.9 44.9 44.9 44.9 44.9
86.7 87.5 87.8 88.5 89.4 90.8 92.1 93.1 94.3 96.4 97.9 98.8 99.2 99.6 100.2 101.1 102 102.9 105.2 107.6 110 111 111.8 113.5 114.6 115.6 115.9 116 116 115.7 114.8 114.1 111.4 108 104.6 100.7 96.4 89.1 85 79.2 75.5 73.3 72.2 71.1 73.6 82.2 70.2 66.6 73.6 77.5 78.7 79.4 77 76.7 76 73.1 69.7 63 60 59.1 57.9 57.4 51.1 44.9 44.9 44.9 44.9 44.9 44.9 44.9 44.9 44.9 44.9 44.9 44.9 44.9 44.9 44.9 44.9 44.9
85.5 85.7 85.8 86.6 87.4 88.6 90.1 91.8 94 96.2 97.8 98.9 99.5 100.1 100.8 101.7 102.6 103.5 104.6 106.5 107.7 109.4 110.8 112.7 114.4 114.9 115.1 115.1 115.1 114.7 113.4 112.6 111.5 108.8 105.5 101.4 96.8 92.2 85.7 79.5 75.2 72.6 71.2 70.1 71.4 81 73.3 65.6 72.8 77.3 76.6 76.5 75.4 74.6 71 69.9 68.1 60.3 59.7 58.4 59 52.9 47.4 45.4 44.9 44.9 44.9 44.9 44.9 44.9 44.9 44.9 44.9 44.9 44.9 44.9 44.9 44.9 44.9 44.9
83.6 83.7 83.9 84.6 85.2 86.6 88.3 91.4 93.7 96.1 97.3 98.2 98.9 99.6 100 100.7 101.5 102.4 103.2 103.9 105.5 106.6 108.3 111.1 114.6 114.3 114.2 113.8 113.2 112.8 112.4 110.5 109.9 109.2 106.3 102.5 97.8 91.3 85.2 81.3 76.3 72.3 70.5 69.3 68.6 75.6 78.3 66.6 70 74.5 76 76.3 74.4 72.5 69.7 67.6 64.1 60.6 57.6 59.1 55.8 51.6 48.8 46.7 44.9 44.9 44.9 44.9 44.9 44.9 44.9 44.9 44.9 44.9 44.9 44.9 44.9 44.9 44.9 44.9
81.8 81.5 81.9 82.6 84.1 86.2 88.7 91.2 93.6 95.4 96.4 97.4 98.1 98.8 98.7 99.3 100 100.1 100.2 100.9 102.6 102 104 109.2 113.3 113.2 111.8 111.2 110.8 110.7 110.4 108 107.5 107.5 106.2 103.1 99.2 94.6 91 84.6 78 73.9 71 69.5 69 67.2 76.7 65.5 69.4 72.5 74.1 74.4 73.2 71.1 68.6 69.5 64.9 61.1 57.2 57.9 53.7 51.4 49.9 46.8 44.9 44.9 44.9 44.9 44.9 44.9 44.9 44.9 44.9 44.9 44.9 44.9 44.9 44.9 44.9 44.9
80 79.7 80.2 82.2 84.6 87.4 90.1 91.7 93.2 94.6 95.6 96.3 96.6 97 97.4 97.4 97.2 97 96.4 96.9 96.7 100.7 105.9 109.9 111.6 111.2 109.7 107.8 106.9 107.2 107.3 105.7 105.1 105.2 105.8 103.9 101.1 98.7 92.8 87.9 81.4 74.2 73.1 71 69.8 68.3 69.2 64.8 69.3 71.3 72.5 72.5 72.3 70.2 68.2 66.2 63.6 60.8 58.8 56 51.8 50.8 49.5 47.3 44.9 44.9 44.9 44.9 44.9 44.9 44.9 44.9 44.9 44.9 44.9 44.9 44.9 44.9 44.9 44.9
78.7 78.7 79.6 81.9 84.9 87.4 89.7 91.1 92.3 93.5 94.2 94.7 94.7 95.1 95.3 94.3 94.2 93.6 92.4 95.4 100 104.5 107.6 109.5 109.2 108.3 106.9 104.8 103.4 103.3 103.6 103.5 103 103.3 104 104 103.2 100.4 96 89.7 81.1 79.8 76.7 74.3 72.3 70.7 68.9 66 68.6 69.9 69.8 70.8 70.9 69.8 68.1 66.1 63.6 60.2 60 51.1 49.4 48.4 48.4 45 44.9 44.9 44.9 44.9 44.9 44.9 44.9 44.9 44.9 44.9 44.9 44.9 44.9 44.9 44.9 44.9
77.4 77.8 79.4 82.5 85.7 87.9 88.8 89.8 91.1 91.9 92.7 93.3 93.2 93.2 92.7 91.4 91.4 92 95.1 99 102.8 106.3 108.6 108.2 107 105.6 104 102.1 101.3 101.1 101.4 100.9 101 102.1 103.7 104.3 105.3 102.7 98.6 91.3 88 83.4 79.6 80.5 76.8 71.7 68.9 67.6 65.9 67.7 67.2 68.2 68.8 68.9 67.6 65.8 62.9 62.1 58.8 51.8 49.6 47.4 44.9 44.9 44.9 44.9 44.9 44.9 44.9 44.9 44.9 44.9 44.9 44.9 44.9 44.9 44.9 44.9 44.9 44.9
76.6 77.5 79.5 82.5 85.4 86.7 87.3 88.5 89.8 90.3 91 91.8 91.7 90.9 89.3 88.9 91 94.4 97.2 99.9 103.8 106.4 107 106.1 104.3 102.3 101.2 100.7 99.5 99.2 99.2 99.3 100.2 101.6 103.6 104.6 105.2 104.4 100.7 95.1 91.6 87.6 86.4 84.1 78 71.7 70 68 66.9 65 64.7 64.6 65.8 67.6 66.6 65.5 63 64.2 59 52 49.2 46.3 44.9 44.9 44.9 44.9 44.9 44.9 44.9 44.9 44.9 44.9 44.9 44.9 44.9 44.9 44.9 44.9 49.8 47.7
75.7 77 78.4 81.4 83.8 85 85.7 86.9 88.5 89.3 90 90.5 89.2 87.6 86.8 89 92.9 95.4 98.2 101 103.2 104.8 104.7 103.3 101.6 99.7 99.8 98.8 97.8 97.5 97.6 98.4 99.9 101.9 103.8 105.3 105.9 104.9 101.6 98.7 96 94 90.8 84.1 78 72.1 69.4 68.6 68.2 67.3 65.6 64.6 63.8 65.4 65.9 65 62.7 65.6 59.3 50.9 46.7 47.5 44.9 44.9 44.9 44.9 44.9 44.9 44.9 44.9 44.9 44.9 44.9 44.9 44.9 44.9 44.9 50.8 49.8 48.9
75.1 76.5 78 79.5 81.5 83 84.2 86.5 88.2 88.7 88.4 88.1 86.3 85.5 87.2 91.5 94.2 96.3 98.5 100.6 102 102.8 102 100.8 98.9 98.5 97.8 96.8 96.4 96.4 96.7 98.2 100.2 102.1 104.1 106 106.6 106.1 103.4 101 98.7 95.8 90.9 86.3 79.4 74.1 72.1 71 70.3 69 66.7 65.7 64.7 63.5 62.5 62.6 62.6 66.1 56.3 49.9 45.9 44.9 44.9 44.9 44.9 44.9 44.9 44.9 44.9 44.9 44.9 44.9 44.9 44.9 44.9 45.2 50.4 50.4 49.5 48.9
74.8 76.2 77.7 78.9 80.1 81.6 83.8 87 87.9 88 86.1 85.5 83.8 85 89.7 93.5 95.4 96.6 99.2 99.5 101 101.2 100.4 99.1 97.2 96.3 95.6 95.3 95.1 95.9 97.2 98.8 100.7 102.9 105 106.4 106.7 106.4 104.5 102.7 99.5 96.3 92.4 85.4 83.4 79.6 76.9 75 73.3 70.2 67.8 66.4 64.8 64.3 63.4 63.3 69.4 62.9 54.8 52.3 48.4 45.1 44.9 44.9 44.9 44.9 44.9 44.9 44.9 44.9 44.9 44.9 44.9 44.9 51.1 51.1 50.2 49.9 49.5 49.7
74.5 75.7 76.9 78.2 79.5 81.2 83.6 86.1 86.9 86.3 83.9 82.7 83.8 87.8 91.5 94.2 95.8 97.2 98 99 99.7 99.5 98.8 97.4 95.6 94.9 94.4 94.2 94.4 96.1 97.6 99.4 101.6 104 106.2 106.4 105.8 105.4 104.5 102.9 100.9 97.4 94.4 91.3 87 84.7 83.6 82.9 75.4 70.7 68.7 67.2 66.3 65.8 65.6 64.6 70.2 64.3 52 51.7 48.8 45.5 44.9 44.9 44.9 44.9 44.9 47.1 49.9 51.7 51.7 51.9 51.8 52.5 51.7 51.5 50.7 50.2 49.9 50.6
74.1 75.2 76.5 77.7 79.1 80.9 82.5 84.6 85.2 83 81.5 83.1 86.7 90.7 93.3 94.7 95.7 96.7 97.2 97.8 98.4 98 97.2 95.9 94.4 93.7 93.2 93.1 94.4 96.4 98.1 100.3 102.4 105.2 106.1 105.1 104.5 103.9 103.6 101.9 100.4 99.4 97.2 94.5 92.2 91.1 90.1 83.4 77.1 73.1 71.5 70.3 71.6 71.6 68.5 70 73.1 62.6 52 53.7 50.6 48.4 54.1 52.2 55.2 52.8 55.9 55.5 55.4 54.4 53.2 52.6 52.4 52.3 52 51.5 50.9 50.5 50.8 51.5
74 74.9 76 77.3 78.9 80.9 82.3 83.6 82.6 80.8 82.7 86.8 90 91.1 93 94.5 95.2 96.3 96.5 96.8 97.2 96.9 96.1 94.6 93.1 92.5 92.3 92.7 94.5 96.9 99 100.9 103.5 105.4 105 103.5 102.6 102.3 102.4 101.6 100.6 99.6 98.1 96.4 96.3 94.9 92.3 84 78.8 79.9 76.3 76.5 79.3 79.9 74.2 76.3 71.4 67.2 63.6 61.3 60.4 59.5 59 58.5 57.7 56.3 55.8 56.1 55.2 54.2 53.1 52.6 52.4 52.3 52.1 51.6 51.2 51.2 51.7 52.3
73.9 74.8 75.7 76.8 78.7 81.1 82.2 81.7 79.3 80.3 85.3 89.4 90.6 91.8 93 94.2 94.9 95.6 95.8 95.9 96.1 95.7 94.9 93.4 91.8 91.3 92 93.3 95.3 97.3 99.2 101 103.8 104.4 103.8 102.2 100.9 100.7 100.4 100 99.2 98.7 98.6 97.3 97 95.4 93.1 86.1 85.4 87.4 83.1 84 87.5 84 76.6 78.9 71.3 64.9 63.4 62.2 61.2 60.2 59.8 59.3 58.4 57.6 56.7 56 55.1 54.2 53.4 53.2 52.8 52.5 52.2 52 52 51.9 52.5 53.1
72.5 73.7 75 76.3 78.5 80.9 80.5 78.2 78.7 83 87.2 89.9 89.8 91 92.6 94 94.6 94.9 95 95.2 95.1 94.7 93.8 92.4 90.8 91 92.2 94 95.6 97.6 99.3 100.9 102.8 102.7 102.1 100.9 99.6 98.9 98.4 98 97.6 97.5 97.9 98.1 97.5 96.8 93.2 88.9 91.5 90.8 89.5 90.6 90.1 85 79.6 77.3 70.6 66.1 64 62.9 61.9 61 60.6 59.4 58.6 57.9 57 56.2 55.4 54.6 53.8 54 53.7 53.6 53 52.5 52.5 52.5 53.2 53.8
71.9 73.1 74.4 76.2 77.3 77.7 77.6 77.4 81 85.1 87.7 88.8 89.2 89.8 92 93.6 94.2 94 94.2 94.4 94.2 93.7 92.5 91.3 90.1 91.5 93 94.6 96.2 97.8 99.5 101 101.4 101.3 100.3 99.3 97.8 97.5 97.3 96.9 96.4 96.6 98.2 98.5 97.8 97.2 95.4 94.5 95.1 96 95 94.9 91.9 87.9 82.6 79.3 72.6 67.4 64.8 63.2 62.5 61.8 60.7 59.7 58.9 57.9 57.2 56.5 55.6 54.8 54 55.1 55.2 54.5 53.3 53 52.9 53 53.6 54.4
71.3 72.5 73.9 75 76.2 75.8 76.5 79.5 83.4 86 87.3 87.3 87.6 89.2 91.8 93.1 93.2 93 93.3 93.6 93.3 92.4 91.2 90.1 89.8 91.5 93.1 94.8 96.4 97.7 99.2 100.2 100 99.5 98.3 97.2 96.3 96.1 95.9 95.7 95.7 95.8 96.5 97 97.6 98.2 98.3 98.3 98.3 99.4 99 98.4 95.3 89.6 84.6 79.3 74.7 70.1 65.5 63.9 62.7 61.8 60.8 59.9 58.9 58 57.3 56.7 55.9 54.9 55 56.6 56.2 54.7 53.6 53.5 53.4 53.5 54.2 54.9
71.1 71.6 72.6 73.7 75.5 76.3 77.6 80.9 84.3 85.7 85.8 85.8 87.5 89.9 91.4 92.3 92.1 92.2 92.5 92.8 92.6 91.8 90.7 89.6 89.6 91.1 92.7 94.3 95.9 97.1 98.5 98.6 98.3 97.6 96.4 95.3 95.1 95.2 95 94.8 95.4 95.7 96.8 97.7 98.6 99 100.1 100.3 100.7 101.6 101.8 100.5 96.8 85.7 86.9 81.6 76.8 71.5 68.7 65.4 63.5 61.9 59.9 59.9 58.9 58.2 57.5 56.8 56.1 55.6 56.3 57.7 56.3 55 54.1 54 54 54.4 55 55.7
70.6 71 71.6 72.8 74.6 77 79.7 82.7 83.9 84.4 84.4 85 87.4 89.4 90.9 91.2 91.4 91.7 91.9 92.2 92 91.4 90.3 89.8 89.7 91.2 92.6 94 95.3 96.5 97.3 96.9 96.6 95.7 94.5 94.1 93.9 94.2 94.1 94.4 95 95.6 97.1 98.7 99.7 100.4 101.2 102.1 102.2 103.4 103.4 102.1 90.4 88 86.2 83.9 77.6 71.1 71.2 67.4 65.1 61.1 60.1 59.3 59 58.3 57.7 57.1 56.5 57 57.7 57.5 56.5 55.3 54.9 54.8 54.9 55.3 55.8 56.5
70.5 70.5 71 72.4 74.2 76.4 79.7 82.4 82.6 83.1 83 84.2 87.1 88.8 90.1 90.5 90.6 90.8 91.2 91 90.9 90.6 90.5 90 89.8 91.2 92.6 93.8 94.4 95.5 95.8 95.5 95 93.9 93.2 92.9 92.8 93 93.4 94.3 95.2 96.3 98 99.5 100.9 101.8 102.7 103.6 103.9 104.3 103.9 94.4 88.5 93.2 87.2 81.8 75.2 73.6 72.9 67.1 64.2 61.5 61.9 62.2 60.1 59.1 58.4 57.8 57.7 58.4 60.1 58.4 57.3 56.1 56.1 56.1 56.1 56.4 57 57.7
71.2 70.7 70.8 71.4 73 75.5 78.6 81 81.8 81.3 81.3 83.6 86.6 88.1 89 89.4 89.7 89.9 89.8 89.5 89.4 89.6 87.8 88.1 89.8 91.1 92.4 93.3 93.9 94.4 94.3 93.9 93.1 92 91.6 91.9 92 92.1 93.7 94.7 95.7 97.2 98.9 100.4 101.9 103.3 104.3 105 105.2 105.3 95.5 89.7 94.8 90.7 88.9 81.3 77.7 75.7 74.5 66.6 67.1 67.5 68.2 66.7 62.5 60.9 58.1 57.6 58.4 58.7 60.3 58.6 57.7 57.6 57.7 57.9 58 58.7 59.7 60.5
71.7 71.3 71.1 70.8 71.3 75.1 77.2 78.5 78.7 79.6 81.3 83.7 86.2 86.9 87.3 87.7 88 88.4 89.2 88.9 88.6 87.9 86.5 87.1 89.1 90.8 92.1 92.8 93.4 93.5 92.8 92.2 91.2 90.1 89.9 90.7 90.8 91.9 94.1 95.2 96.7 98.3 99.8 101.4 103.1 104.5 105.4 104.8 104.8 96.3 91 95.1 97.7 92.2 89.2 83.6 82.3 74 70.7 70.3 73.5 75.2 74.5 69.7 64 59.8 58.2 58.3 58.9 59.4 59.1 58.8 59.3 59.6 60.1 60.4 61.5 62 62.5 63.1
72.5 71.4 71.1 70.8 70.5 72.4 75.1 76.5 78 79.6 81.2 83.6 85 85.7 85.8 85.9 86.3 87 87.8 88.1 87.4 86.8 85.4 85 87.2 89.3 91 92.4 92.6 92.1 91.2 90.2 88.9 88.2 88.2 88.8 90 92.2 94.7 96.2 97.8 99.3 100.7 102 103.6 105 105.6 100.7 92.5 90.9 96.6 100.1 95.7 93.3 86.8 87.1 84.5 78.5 78.2 77.5 82.7 83.5 77.6 69.5 63.4 60.3 59.6 59.3 59.4 60 59.8 60.5 61.3 62 62.9 63.8 65.4 65.8 66.5 67
73.7 72.5 71.3 70.7 70.3 70.8 73.3 74.8 76.6 78.5 80.3 82.4 83.6 84.4 84.5 84.6 84.7 85.1 85.7 85.8 85.5 85.4 84.3 84.4 86.8 89.7 91.1 92.4 91.7 90.4 89.1 88 87.1 86.7 87.5 88.6 90.1 92.4 94.5 96.4 98.2 99.8 101 102.2 103.1 103.9 96.9 91.9 92 99.5 101.9 98.2 96.1 93.8 90.1 89.4 86 84 85.9 87.3 92 85.1 75.5 67.2 62.5 60.8 60.4 60.2 60.1 60.6 61.4 62.5 63.7 65.3 66 67.5 69.6 71.4 73 72.7
75.2 73.9 72.7 71.6 70.7 70.5 72.2 74 76 77.7 79.5 81.2 82.1 83.1 83.3 83.4 83.4 83.4 83.6 83.7 83.6 83.5 83.1 84 87.3 89.8 91 91.3 90.8 90 88.4 86.5 85.5 86.1 87.3 88.9 91.3 93.2 94.7 95.9 97.4 98.7 100 101.3 98.9 91.5 91.2 96.6 103.7 102.5 100.1 98.1 96 93.9 92.2 90.9 89.5 89.6 90.4 92 95.3 86.4 75.4 67.7 62.9 61.4 61 61 60.9 61.6 62.6 64.5 66.7 68.8 69.9 72.4 75.5 79 79.8 79.5
76.7 75.4 74 73 71.8 70.7 71.5 73.3 75.5 77.4 79.1 80.7 81.4 82.1 82.3 82.4 82.4 82.4 82.4 82.2 82.1 82 82.4 84 86.5 87.5 88 88.5 88 87.4 87.1 85 85.5 86.1 88.1 89.8 92.1 93.5 94.5 95.1 96.2 97.2 97.6 93.1 90.5 93.1 100.7 102.5 101.4 100.6 98.9 97.1 95.2 91.8 92.7 91.6 90.5 90.8 91.7 93.6 96.3 88.7 78.4 69.6 64.9 62 61.3 61.4 61.8 62.7 64.5 66.2 68.9 72.4 74.1 79.1 82.5 86.3 87 86.9
78.2 76.9 75.9 74.6 72.9 71.7 70.8 72.5 74.8 77.1 78.8 80.2 81 81.3 82 81.8 81.8 81.7 81.6 81.4 81.3 81.8 83.1 84.8 83.9 83.6 84.1 84.2 84.3 84.9 84.2 84.3 85.5 86.6 88.6 90.2 91.6 93.1 94.4 95.2 94.7 94.9 89.5 89.3 96 99.5 100 100.7 99.4 98.3 96 94.8 93.3 91 91.6 91 90.9 91.5 92.4 93.3 93.5 90.6 82.1 73.4 67.5 63.7 61.7 61.9 62.8 64.5 66.8 69.3 73 78 81.4 84.5 89.3 95.4 96.5 95.9
79.3 77.9 76.2 75 73 72.6 71.6 71.8 74 76.3 78.4 79.4 80.4 81.3 81.3 81.1 81.1 81.1 80.8 80.6 80.5 80.9 82.3 83 81.5 81.2 81.5 81.9 82.4 83 83.5 84.4 85.4 87 88.6 90 91.2 91.6 92.2 92.2 91.6 88.4 90 93.8 94.5 97.8 95.6 97.2 97.7 96.2 93.5 92.3 91.1 90.1 90.8 90.2 90.7 91.1 91.9 92.8 92 91.1 89.2 86.6 73.9 64.5 62.9 62.8 63.9 66.9 70.2 74.8 76.9 81.1 83.4 86.4 91.4 95 97.6 100.6
79.6 77.6 76.1 74.4 72.6 72.5 72.2 71.5 73.2 75 76.7 78.5 80 81 80.7 80.5 80.5 80.3 79.9 79.8 79.4 79.9 80.3 79.8 79.9 80.1 80.5 81.3 82 82.7 83.6 84.5 84.8 86.1 87.7 88.6 89 89 89.3 89.8 86.4 90 91.8 92.7 92.6 92.7 94.1 95.2 95.2 93.3 91.5 90.6 89.4 89.9 89.4 90 90.5 90.9 91.3 92.2 90.8 89 89.4 89.4 81.8 66.6 64.9 64.4 65.9 71.5 72 72.8 76.9 79.6 81.2 82.2 85.5 87.2 90.1 94
78.7 76.9 75.1 73.5 72.3 72.2 72.1 71.6 71.9 73.8 76.8 78.6 80 80.6 80.1 79.9 79.7 79.4 79.1 78.9 78.4 78.6 79 78.3 79.1 79.5 80.1 80.9 81.8 82.6 83.4 83.6 83.7 85 85.7 86.4 86.5 86.4 86.5 84.6 87.6 89.1 90 90 90.2 91.2 92.4 92.8 93 92 90.7 89.5 89.5 94.5 93.5 90.7 90.4 90.7 91.1 91.5 89.8 87.1 89.6 89 86.6 72 65.7 69.8 75.9 69.2 67.7 68.5 69.7 72.1 74.2 76.1 79.1 82.9 87.5 92.3
77.6 75.7 74.1 72.4 72.4 72.5 73.1 71.8 72.2 73.6 77 78.7 79.8 80 79.9 79.2 78.9 78.6 78.3 77.9 77.5 77.3 77.6 78.2 79.4 79.9 80.6 81.2 81.9 82.1 82.3 82.4 82.6 83.9 83.5 83.6 83.9 84.2 83.3 83.4 85 85.6 87.2 87.1 88.1 90 90.7 91.2 91.5 91.2 90.2 89.2 88.5 85.7 91.8 95.6 91.2 90.6 93.3 90.8 89.5 87.1 89 89.9 86.9 73.5 73.9 74.7 70.3 69.7 70.6 71.3 72.6 74.6 74.9 76.5 81.2 87.5 94.3 98.6
