STL Generation/terr50_gagg_gb/data/SS52.asc
ncols 200
nrows 200
xllcorner 250000
yllcorner 120000
cellsize 50
[rows 74 to 110 of 200, columns 0 to 81 of 200]
91.1 92.2 90.6 90.1 90.8 89.2 86.9 82.9 76 67.7 63.4 69.7 73 75.8 80.8 83.1 85.5 87.9 91.2 92.7 94.6 96.1 96.5 95 95 95.6 95.6 95.1 94.5 92.6 89.9 88.6 87.8 84.4 81.8 78.9 73.5 74 74.5 77.2 79.5 81.5 82 82.9 83.8 84.5 83.8 81.8 79.1 77.1 74.2 73.8 73.7 74.1 76.1 78.9 80.2 81.1 80.9 78.2 75.6 72.7 72.3 70.9 68.8 66.2 63.6 60.2 58 56.1 55.4 54.6 54 53.4 51.7 50 48 49.1 50.1 50.9 50.6 49.8
96.1 97.1 97.8 97.2 96.3 94 92 89.2 79.9 70.3 63.8 69.2 75.6 79.2 84.2 85.5 88.4 92.3 95.6 97.8 99.7 101.6 102.5 102.4 101.8 100.9 98.8 96.7 94.8 92.2 89 86.1 84.1 82.9 81 79 74.4 75.8 79.2 81.9 84.4 86 86.9 87.8 88.7 88.2 87.5 85 83 82.4 81.8 81.4 80.7 81.1 81.3 82.1 83 82.6 82.3 80.3 77.2 74.4 74.3 75 74.6 71.3 67.8 64.4 61 60.4 60 59.2 58.5 57 54.7 52.1 50.1 51 52 53.1 53.6 53.8
99 101.8 103 104.2 102.2 100.4 96.9 92.1 82.4 74 62.4 69.8 76.3 80.8 84.9 88.2 91.6 95 97.9 100.9 103.8 105.7 107.1 109 109.5 109.4 107 103.3 98.5 92.4 87.7 84.6 81.4 79.2 77.9 77 78.1 80.6 84.8 88.7 90.8 91.8 91.8 92.7 92.7 91.9 91.7 90.8 90.1 90.1 89.2 87.7 87 86.5 86.4 86.6 86.8 85.2 84.2 83.5 80.6 78.8 77.8 76.9 74.7 72.6 70.3 68.3 65.4 65 64.6 63.8 62.9 60.3 57.4 53 52.9 54.9 56.4 58.6 58.3 58.3
101.4 104.2 105.9 107.3 107.5 104.7 100.3 92.3 90 86 73.8 67.2 73.1 78.7 82.5 85.7 89.6 93.9 97.8 99.7 103.2 106.8 110.3 113.6 112.9 110.8 108.9 106.3 100.6 92.8 86.1 82.9 81.2 78.4 75.6 77.5 80.9 83.9 88.4 95.3 98.1 99.8 98.9 97.7 98.9 100 100.3 99.8 98.8 98 95.4 95.4 94.8 93.9 93.3 92.9 91.3 90.3 89.4 88.2 85.3 83.7 82.2 81.2 79.4 76.5 73.7 71.3 69 68.4 68.5 67.2 65.6 63.1 60.5 53.6 56.7 59.6 62.1 63.4 63 63
103.6 106.1 107.8 108.3 108.2 106.2 105.1 102.3 97.8 92.7 82.3 67.7 69 74.6 80.2 84.7 88.3 91.7 95.9 98.7 102.2 105.7 108.5 109.5 107.5 106 104.2 101.4 96 90 84.4 82.6 81.2 79.1 78.8 79.5 83.2 87.2 91.3 97.7 101.9 103.5 104.1 103.4 103.6 104.2 104.6 104.6 103.8 102 100.5 100.2 100.4 100.7 100.7 100.1 98.6 96.4 94.7 92.8 90.8 89.2 87.3 85.7 84.2 80.5 77.6 74.8 72.6 72.3 73 70.4 68.2 66.2 60.6 55 60.4 65.1 67.8 68.1 67.7 67.5
105.9 107 107.7 108 107.8 106.6 106.2 106 101.7 94.6 86 71.9 69.6 80.6 86.6 88.9 92 93.5 95.5 97.9 101.1 104.3 106.3 106.8 105.8 102.9 100.3 96.6 90.7 85.1 85.2 83.7 82.7 83.3 85.1 85.6 84.9 88.9 91 95.1 99.3 101.2 102.8 103.9 105.6 105.9 105.9 106.2 105.5 104.9 104.7 103.4 103.5 103.9 103.7 102.9 101.6 98.8 97 95.1 93.2 90.7 89.8 87.9 85.3 82.2 79.1 75.9 76.3 77.5 77.9 77.9 73.3 68.4 54.9 54.6 61.1 67.4 68.8 69.9 69.3 68.2
105 105.8 106.5 107.2 107.3 107.6 107.7 106.9 104.2 96 88.7 76.6 71.3 82.1 89.8 94.6 98.4 99.2 101.1 104.1 105.8 106.9 107.9 106.9 105.5 102.1 98.2 93.8 88.3 85.6 87.1 87.8 87.9 89.6 91.1 91.9 91.3 91.4 92.6 93.7 96.9 99.6 101.8 104 105.8 107.1 107.6 107.4 106.5 106.6 108.2 105.9 104.5 103.8 102.7 100.9 98.8 96.5 94.3 91.8 91.2 89.9 87.6 85.2 82.6 80.1 77 75.5 76.5 77.9 78 76.8 71 57.3 56.8 60.7 63.7 68.3 69.6 69.5 69.2 68.3
103 104.2 105.3 106.1 106.1 106.9 108.4 108.6 103.4 95.4 84.4 80.5 75.3 85.8 93 96.7 99.3 102.4 106.1 107.3 109.7 110.7 111.7 110.8 108.7 106.3 100.5 94.9 87.8 87.6 91.6 92.6 96 97.9 99.5 99.2 98.6 99 100.2 101.5 100.9 101.9 104.4 106.6 108.8 108.9 109.3 108.5 107.7 106.7 105.8 103.6 102 101 99.4 97 94.6 93 90.9 87.9 86.3 84.9 82.7 80.2 77.5 75.7 74.3 73.4 72.6 73 73.1 71.2 60.4 55.4 64.1 66.6 69 71.9 73.3 72.4 72.9 71.6
101.9 102.1 98 98.4 99.4 97.6 96.8 98.1 95.4 83.4 82.1 83.2 80.5 85.7 88.8 93.2 96.2 99.7 103.2 107 110.8 113.8 115.3 116.1 114 110.1 104.2 97.1 88 92.1 96 100 104.1 106.2 106.9 106.9 106.3 107 108.4 108.7 108.1 107.5 108.3 109.5 110.6 110.7 110.3 109.2 107.9 106.6 104.5 102 99.5 97.5 95 93.9 91 89.5 87.3 84 81.3 79.1 76.8 74.6 72.3 70.6 69.1 67.6 66.7 64.9 64.3 63.2 56.9 59 64 69.4 72.5 76.5 77.4 76.8 76.9 77.1
100.4 99.9 99.7 97.5 94.1 91.1 88.9 85.9 84.7 85.5 86.6 86.6 84 82.2 85.1 90.1 94.8 98.6 102.4 106 109.5 112.9 114.4 112.8 111.1 107.1 101.6 96.2 88.3 95.2 100.1 104 107.2 111.3 112.2 113 114.4 115.2 115.9 115.3 114.3 114.6 115.2 114.2 112.7 112.6 112.3 111 109.1 107.1 105.3 103.8 102.4 100.9 99.6 96.3 92.9 89.8 87.2 85.2 83.2 81.9 81.3 80.6 79.1 77.3 75.8 73.3 71.3 69.4 67.5 65.9 61.8 59.4 63.5 68.7 73.9 76.3 77.5 79.1 80.2 80.6
100.1 101.2 102.8 104.4 100.6 99.6 96.5 94.8 92.2 89 92.2 92.3 86.7 84.1 83.4 88.6 95.7 98.4 101.6 105.2 109.1 111.4 111.8 109.4 106.3 103.9 98.7 95.5 89 94.3 98.8 103.4 107.9 111.5 115 117 118.7 119.9 120.4 120.9 120.9 120.4 119.5 118.6 116.7 116.1 115.9 115.8 114.2 112 109.7 108.6 109.9 109.1 108.6 104.4 99.9 96.6 94.2 92 89.6 90.4 89.6 88.9 87.9 85.2 82.1 79.4 76.5 75.2 75.8 73.7 69.2 61 61.8 66.1 71.3 73.8 76.7 80.1 81.7 83.2
103.1 104.5 106.9 108.3 107.5 107.8 105.6 103.9 100.2 94.9 96.1 94 91.9 90.3 88.8 91.8 95.4 99.7 102.9 105.6 107.3 108.9 109.1 107.1 104.6 101.1 98.3 94.8 90.9 93 97.2 101.4 105.7 109.9 113.7 116 119.2 121.7 121.8 121.7 121.2 120.1 118.9 117.7 117 116.7 115.8 115.8 114.4 113.2 112.1 111.4 112.6 113.1 113.7 110.7 106.7 102.7 100.8 99 96.8 98.5 98.7 99.2 98.4 94.2 89.4 84.7 80.8 78.9 76.9 70.8 63.5 62.3 63.7 64.5 68.8 71.6 74.9 78.1 81.4 84.1
109.7 109.4 111.2 113 114.1 113.2 111.4 109.6 106.2 102.1 101 100.5 94.7 95.1 96.1 96.1 94.7 99.2 101.4 102.8 104.8 106.1 106.4 104.4 102.3 100.1 98.1 95.5 92.1 91.4 94.8 98.5 102.8 107 110.8 112.3 114.7 117.1 119 119.2 118.9 117.9 116.9 115.8 115.2 114.7 114.6 114.8 112.9 111.2 109.5 108.7 108.1 107.4 109.4 108.4 106.5 106.1 104.7 104.1 103.9 105.7 107.2 107.3 104.3 99.8 95.6 90.9 88.7 84.8 77.9 67 64.1 64.6 63.7 65.3 66.9 69.2 72.1 75 77.2 79.6
116.3 116.3 116.9 117.5 117.2 116.8 115.7 113.4 110.6 107.8 104.6 102.6 100.7 100.7 100.2 96.8 93.9 95.7 98.5 99.9 102.1 103.3 103.7 102 102.5 102.5 100.6 97.9 95.3 93.5 94.4 96.4 99.6 103.5 106.6 109.7 111.7 115.5 116.4 116.5 116 114.9 113.6 112.4 111.4 110.3 109.3 109 107.9 105.5 103.9 103.2 102.4 101.9 103.3 103.7 103.1 105.8 106.9 107.2 107.8 109.5 109 107.6 103.9 99.2 95 92.7 89.8 82.6 75.1 68.2 69 67.4 66.1 65.6 67.1 68.8 70.4 72.8 74.7 76.5
121.5 121.4 121 120.3 119.4 118.6 117.6 116.2 113.9 110.9 108.7 106.1 105.3 106.2 104.7 102.1 95.2 96.4 97.4 98.9 100.8 102.9 104.9 104.6 104.9 105.2 103.5 100 97.9 96.3 97.5 98.8 100 103.8 103.7 106.4 109.7 113 114.2 113.7 113 112 110.2 109 107.2 105.2 103.4 102 101 99.9 98.3 97.7 97.2 96.6 97.2 97.7 98.4 99.3 99.9 99.7 102.4 104.5 105.4 104.1 101 97 92.4 88.1 81.1 74.5 68.5 74.3 73 70.7 69.5 67.2 67.9 69.7 72.2 74.9 77.6 79.9
124.8 124 122.8 122.1 121.2 120.4 119.4 118.3 116.5 114.1 112 110.9 110.7 110.4 108.7 105.8 99.2 100.8 102.1 103.6 106.4 108.6 109.5 110 110.3 108.9 105.9 101.7 99.9 99.5 100.9 102.6 105.1 107.9 109.1 111.8 113.7 114.8 115.2 114.9 113.8 111.7 108.8 106.3 104.2 102 100.3 98.6 96.5 95.2 94 92.6 91 90 89.1 89.9 90.6 90.7 91.3 92.1 93.7 95.7 96.7 95.9 93.2 89.3 85.4 80.8 73.5 70.1 73 75.1 74.3 71.3 70.9 69.6 70.2 71.7 74.6 77 79.7 82.4
127.1 125.6 124.3 123.6 122.9 122.2 121.3 119.3 118 115.7 115.3 114.7 113.9 113.5 111.7 109.2 106.1 105.8 107.6 109.7 112.3 114.5 115.9 115.7 114.6 113.4 110 103.4 101.4 104.9 106.1 107.5 110.1 112.2 114.8 117.2 119.1 120.3 120.2 118.3 116.5 114 110.8 107.4 104.4 102.2 103 102.2 101.4 98.9 96.8 94.7 92.1 89.9 88.4 87.5 84 82.8 84 84.9 85.9 86.1 85.7 85.2 83.4 81.5 77.6 72.4 71.5 72.7 73.9 73 73.1 72.7 73.8 73.2 72.8 74 77.3 80.3 82.8 85.1
127.7 125.9 124.2 123.2 122.2 121.2 120.5 118.6 118 116.7 115.3 115.3 115.4 114.8 113.9 111.6 108.2 110.3 112.3 114.7 117.2 121.5 123.2 122.8 121.4 118.7 112.6 105.3 106.9 111.6 114.5 116.1 118.6 120.8 122.5 124.2 125.3 125.5 125.1 123.2 121.1 116.4 112.8 109 107.4 108.2 108.9 108.3 107.5 105 102.5 99.5 95.4 94 93.2 90.5 87.1 85.2 81.4 79.9 79.6 78.3 77.9 77.6 76.9 74 74.2 75.8 76.3 76.6 76.3 76.7 76.6 76.3 75.6 75.5 75.5 76.5 79.5 83 86.1 88.6
126.8 125 123.2 121.7 120.7 119.8 119.7 118 117.5 117 115.4 115.4 116 116.1 114.7 112.4 111.7 112.8 116.4 118.9 121.4 125.3 126.9 127.3 125.6 122.6 114.7 108 113.1 119.5 122.5 125.5 128.3 129.8 131 131.7 132.3 131.8 130.2 127.8 124.3 118.5 113.8 111.4 114.3 115.4 115.6 114.4 113.6 111.2 107.7 104.1 100.7 99.6 98.3 95 90.5 90.1 90 89 88.5 85.4 83.2 82.5 81.8 82.1 83.1 82.7 82.7 81.3 80.4 80.5 80.1 79.7 79.4 78.9 78.6 78.9 81.6 85.1 88.5 91.3
125.6 124 122.3 120.5 119.3 118.7 118.6 117.5 117 116.4 115.9 115.8 116.6 117.5 116 114.5 114.2 115.4 119 122.6 125.6 128.3 130 129.7 127.8 125.2 117.7 114.2 119.4 125.8 128.1 131.5 134.6 135.8 136.8 138 138.4 136.5 134.1 130.9 126.6 123.4 117.2 116.1 121.5 123 122.6 121.3 119.3 115.4 111.6 107.6 105.7 107.1 105.2 100.7 97.5 99.1 99.9 98.4 99.2 97.2 94.6 93.6 93.1 93.1 91.9 92.1 90.3 87.7 86.3 86 85.3 85.3 84.9 84.1 82.9 81.9 83.6 86.5 89 90.7
124 122.5 120.9 119.4 117.8 117.6 117.5 117 116.4 115.6 115.2 116.1 116.9 118.4 120 118.5 117.9 119.9 121.2 124.5 126.8 128.8 130.8 129.6 127.8 124.6 120.9 118.6 125.6 130.4 133.3 135.6 137.5 139.3 140.3 141.1 140.4 139.2 137.1 133.5 129.2 128.2 123 119.2 125 126.1 125.8 124.6 122.2 118.2 114.2 110 112.3 111.8 111.1 106.1 104.9 108.5 110.1 110.3 109.5 108.9 107.8 106.6 105.8 104.6 102.5 100.9 98.7 96 94.1 94.2 93.2 91.5 90.4 89.6 88 86.3 85.5 87.1 88.7 89.2
122.5 120.9 119.4 117.8 116.6 116.2 116.2 115.7 114.9 114.6 115.3 116.3 117.4 119.1 120.8 122.5 121.6 123.4 124.4 125 126.7 129 130.9 129.2 126.8 122.9 118 123 128.9 132.3 135 137.4 139.2 140.6 141.9 142.4 141.3 140.1 139 136 133.5 132.8 129.6 125.9 127.7 129.3 128.9 128.1 125.2 121.6 118.4 116.2 116.7 116.8 115.8 112.5 108.7 116.2 117.8 117.4 116.9 116.9 116 114.1 112.1 109.8 107.4 107.7 106.9 104.6 102.7 102.1 100.4 98.7 96.8 94.9 93.1 91.3 89.5 89.5 88.4 88.4
120.6 119.4 117.8 116.4 115.3 114.8 114.5 113.8 113.5 114.5 115.4 116.5 118.2 119.9 121.6 123.3 125.1 125.9 127 126.9 127.7 128.9 131 129.2 126 121.8 121.7 126.4 129.7 132.2 135.6 137.9 140.1 141.9 143.2 143.3 142.6 141.5 140.2 139.2 138 137.8 137.2 133.3 129.5 131.2 130.9 130.6 129.9 126.6 123.4 123.3 123 123.4 121.5 116.9 116.5 121.7 124.9 124.3 124.2 123.8 121 118.9 116.8 114.7 113.9 113.9 112.8 111.1 109.4 108.4 107.5 105.6 102.6 100 98.3 96.5 94 90.9 89.8 87.9
118.5 117.5 116.3 115.2 114.1 113.2 112.8 112.3 112.3 113.6 115.2 116.8 118.7 120.4 122.1 123.9 126.1 128.5 129.2 129.1 129.4 130.5 130.4 127.7 124.8 120.8 122.5 126.6 129.4 132.3 135.7 137.9 140.2 142.2 143.6 144.2 143.9 142.9 143.4 143.9 143.7 142.9 142.3 138 135.5 133.8 132.9 132.8 132.7 131.9 131.3 130.6 130.4 130.5 127 120.2 120.7 126.5 129.3 129.8 128.2 126.3 124.4 122.1 120 118.1 117.5 116.5 115.2 114.2 113.4 112.2 111.1 109.5 107.1 105.2 102.3 99.1 96 92.2 89.9 85.9
116.6 115.6 115.7 114.8 113.1 111.5 111.1 110.7 111.8 113.4 115 116.6 118.6 121 122.8 124.5 127.1 129.4 130.2 130.9 131.2 131.1 130.1 127.4 123.7 122 121.9 123.5 127.1 131.2 134.8 136.9 139.1 139.6 141 142.8 144 145.1 145.7 146 146.1 146.1 144.5 142.4 140.2 136.4 136.5 136.7 136.6 137.5 137.4 136.8 135 132.8 129 124 126.5 130.1 132.4 132.4 128.6 126.4 124.2 122.4 121.2 119.1 117.8 117.1 116.9 117.4 116.5 115.5 113.8 112.1 109.8 107.4 104.3 101.2 97.9 93.8 89.4 85.3
114.8 114.4 114.2 113.5 110.7 109.7 109.2 109.6 111.1 113.2 114.7 115.6 117.8 120.5 123.4 125.2 127.6 129.5 130.3 131 131.7 131.3 130.1 128.8 124.9 123.2 125.3 126.3 127.4 130.6 133.9 135.9 137 137 139.5 140.7 141.8 143 144.5 146.5 147.6 147.5 146.2 143.9 142.2 140.2 139.8 140.7 141 142.6 143.1 141.9 139.8 136.9 132.1 131.8 134 132.8 134.7 133.9 128.8 125.4 123.2 120.9 119.8 117.5 115.8 115.1 116 116.3 115.6 116 115.7 114 110.5 108.1 106.1 103.2 99.6 95.7 92.3 88.9
113.8 111.7 109.5 110 108.2 107.8 108.5 109.1 110.4 112.6 114.2 115.5 117.5 119.8 122.8 125.7 127.6 129.5 130.4 131.2 131.7 131.1 130.6 129.6 125.9 126 128.7 130.1 131.3 132.1 133.3 135.1 136.2 137 139 139.2 140 142.2 144.6 146 147.6 148.9 147.7 145.9 144.3 142.9 143.1 144 145.9 147.2 148.2 146.7 144.2 140.8 136.6 138.8 141.5 140.5 139.3 135.1 130.3 125.5 122.6 119.7 118 115.9 113.8 113.1 114.7 115.1 115.8 116.1 115.8 114.5 111.1 108.4 106.4 104.1 101 98.7 96.4 92.9
114.7 112.4 109.8 106.6 105.2 107.5 109.7 110.4 112.1 114.4 116 117.6 119.4 122.2 124.6 126.1 127.5 129.4 130.5 131.3 131.5 131 130.4 129.9 128.5 127.6 131.1 133.3 135.3 135 135.5 137.4 138.8 140.2 141.5 142 143.4 145 145.8 147 148.5 149.4 150.1 148.8 147.4 146.3 147.5 147.4 149 150.2 150.7 149.6 146.4 143.2 142.3 143 145.6 144.7 141.4 136.3 131.2 126.2 121.8 120.6 118.4 115.5 111.7 110.4 113.2 115.3 116.1 116.2 115.8 113.7 110.7 108.1 105.3 102.8 100.9 100.2 97.9 95.3
116.3 112.9 110.5 105 104.8 108.7 111.1 112.6 114.3 115.9 117.5 119.6 121.3 124.7 126.3 127.6 128.4 129.7 130.7 130.6 130.8 130.8 130.3 130 130.4 129.1 130.5 134.4 136.6 137.4 137.7 139.7 141.2 142.7 144 144.4 145.4 146.6 147.8 149 150.3 151.2 151.9 151.9 150.4 150.3 150.7 150.7 150.7 150.7 150.7 149.3 148.7 146.1 144.6 145.3 145.3 141.7 139.1 134.4 129.1 123.6 120.8 119.5 117.7 115.9 112.8 108.7 111.5 114.5 115.9 116.1 115.8 115.1 111.8 107.4 101.5 98.9 97.8 96.2 95.8 96
115.9 111.2 107.1 104.3 105.7 109.9 113 114.7 116.4 117.5 119.1 121 123.4 125.9 127.7 129 129.9 129.6 130.2 129.5 130 130.7 129.8 130 130.3 130.1 131.2 134.5 136.9 139 139.9 141.9 143.6 145 145.4 147.1 148.2 149.2 149.8 150.6 152.1 153.3 153.7 154.2 153.5 153.6 152.7 151.4 151.2 150.9 150 149.9 150.2 149.1 147.4 145.8 142.6 139.6 135.8 131.5 126.8 122.5 119.1 115 113.6 112.4 109.6 104.6 106.8 108.8 111.4 113.9 115 113.5 110.3 105.1 99.8 94.6 92.3 91.5 92 93.6
111.6 104.8 103.1 105.1 109.3 112.7 115.1 116.8 118.4 120 121.1 123.9 125.6 126.4 128.4 130.4 130.9 131 130.8 129.5 130 130.4 129.6 130.1 130.8 131.5 133.2 134.8 136.7 138.8 140.8 142.9 144.4 145.8 147.3 150.1 150.6 150.9 151.3 152 153.3 155.1 155.3 155.5 155.5 155.3 153 151.1 151.1 150.6 150.4 150.3 150.6 150.4 148.5 145.4 141.4 136 132.7 129.7 126.6 123.5 120.1 116.5 113.5 110.9 109.4 106.3 104.7 101.8 103.2 105.7 107.9 107.1 104.8 100.7 96.7 92.7 88.6 87.1 87.6 88.6
106.9 99.4 106.5 109.4 112.3 115.4 117.2 118.8 120.5 122.2 124.6 125.8 126.1 126.3 127.8 129.9 130.7 130.8 128.7 128.5 128.6 128.7 129.1 130.6 131.7 132.6 134.5 136 137.6 138.5 140.6 143 144.8 145.9 148.3 150.9 151.9 152.2 152.8 153.6 154 155.1 155.2 155 154.8 154.3 152.3 150.1 150.4 151 150.8 150.7 150.9 150.5 149.1 146.3 142.6 138.3 136.1 133.9 130.9 125.9 123.1 121.4 118.5 116 112.1 111.2 108.3 103.8 98.5 97 98.5 98.1 97 94 90.3 86.6 83.6 81.3 82.3 82.4
102.2 99.7 109.2 112.5 115.1 117.4 118.5 120.4 122.4 124.5 126 126.2 126.6 126.2 126.2 127.3 127.4 127.5 126.9 127 127.1 126.9 128.3 129.7 131.2 132.7 135.2 137.8 140.7 141.7 143.1 144.2 145.2 147.6 149.9 151.5 152.9 153.7 153.8 153.8 154.3 154.8 154.4 154.2 154 153.1 151.2 149.7 149.2 150 151.1 151.1 151 150.6 149.9 147.8 145.7 142.6 138.9 135.3 133.2 130.7 129.3 125.4 121.6 118.6 115.2 113.2 111.2 108.8 104.7 97.8 94.1 90.7 88.2 84.4 83.4 80.5 80.8 78.9 75.8 74.7
99.5 102.8 111.1 113.8 116.4 118.4 119.4 121.2 123.2 125.3 126.2 126.6 126.5 126 124.9 124.9 124.9 124.9 124.5 125.1 125.5 126.1 127.5 128.6 129.4 131.8 134.9 137.9 140.6 143.2 145.6 145.8 148.3 151.7 153.6 154.8 155 153.7 153.8 154 154.3 153.9 153.5 153 152.4 151.5 150.2 148.9 148.3 149.5 150.3 151.2 151.2 150.8 150.5 149.2 147.3 145.4 141.5 137.5 137.3 133.8 129.5 125.9 122.3 118.8 115.5 114.1 111.3 108.4 105.1 100.2 94.6 90.5 86 87.8 88.8 86.8 82.3 79.3 77 76.6
99.7 106.8 111.5 114.4 117 118.7 120.3 122.2 124.1 125.8 126.2 126.3 125.9 124.3 123.1 122.7 122.6 122.4 122.2 121.4 122.4 124.5 125.6 126.4 128.3 131 134 136.6 138.6 140.6 142.4 145 147.9 150.5 152.9 154.2 154.3 153.9 153.7 153.9 153.4 152.9 152.4 151.2 150.6 149.9 148.4 146.8 149.1 149.7 150.5 151.3 151.4 151.1 150.8 150.5 148.6 146.6 144.1 142 141.1 136.6 131.9 125.5 120.9 117 113.7 111.5 108.6 104.3 100 95.9 92.6 89.3 91.1 94.7 94.8 92.6 89 85.4 82.4 81.6
102 107.6 111.3 115 117.4 118.9 120.5 121.2 122.4 124.1 125.8 125.5 123.6 120.9 120 120 119.7 119.9 119.7 118.5 119.9 121.5 123.2 124.9 127.5 130.1 133.1 134.4 135.8 137.6 139.7 141.4 143.8 146 148.6 151.9 152.1 153.1 153.3 152.8 152.3 151.9 151.1 149.9 148.5 146.9 145.9 143.6 146.9 149.7 150.6 151.4 151.6 151.4 151.1 150.8 149.9 148 146.6 145.2 142.1 137.5 132.3 127.2 121.1 115.1 111.1 108 102.6 98.5 96.4 95.7 95.1 90.7 94.5 97.5 97.9 96.7 95.8 92.4 90.8 90.4
101.7 106.7 111.2 115 117.3 118.5 119.5 120.1 120.5 120.5 120.6 119.8 118.5 116.9 116 115.8 115.2 114.9 115.6 118.6 120.5 122.1 123.7 124.9 127.2 129.5 131.1 132.6 134.1 135.3 136.4 137.7 139.1 142.7 146.1 149 151.2 151.9 151.8 151.6 151.2 150.8 149.6 148.1 146.5 144.6 142.6 143.5 146.2 149.1 150.8 151.6 151.9 151.7 151.4 151.1 150.8 149.6 148.1 146.6 142.9 138.1 133.8 128.9 121.6 116.8 111.9 106.4 104.1 104.7 104.3 101.7 97 93.9 98.4 100.8 100.8 101.3 100.7 98.1 97.2 95.1
