STL Generation/terr50_gagg_gb/data/SS91.asc
ncols 200
nrows 200
xllcorner 290000
yllcorner 110000
cellsize 50
[rows 72 to 107 of 200, columns 81 to 161 of 200]
146.9 143.3 142.1 137.4 128.1 113.9 97.3 77.5 72.8 71.8 72.7 73.6 74.1 84.5 104.6 123.4 132.6 134.5 127.4 121.5 108.7 119.2 141.5 160.8 171.1 177.2 182.5 187.5 191.1 194.7 197.9 200.9 204.9 208.9 211.9 214.1 215.6 216.1 216 215.8 214.2 213 210.5 207.4 204.3 191.4 174 159.8 145 137.4 139 131 135.4 139.7 140.4 143.6 148.5 154.2 166.3 178.4 188.1 195 204.3 215.9 224.9 231.7 236 238.2 239.8 240.1 239.9 238.9 237.5 235.4 232.6 226.9 219 204.2 197 207.5 214.3
135.1 132 127.9 122.4 111.4 99.2 92.6 73.8 71.7 73.1 73.3 73.7 74.1 79.8 106.2 116.7 121.4 116.1 108.5 100.6 108.5 127.6 150.1 163.1 172.4 176.9 181.8 187.5 190.8 193.4 196.4 199.8 202.4 206.9 209.8 212.4 215 217.3 217.8 216.5 215 212.6 210.6 206.9 204.1 194.5 178.2 162.1 147.6 137.1 131.1 135.7 151.1 157.4 161.4 166.5 171.9 177.3 182.1 192.8 202 209.4 218.2 224.8 229.9 234.3 237.2 238.8 239.4 239.4 238.2 236.9 235.2 232.3 229.1 224 218 202.9 187.8 195.3 202.9
124.9 121.2 117.7 111.3 103.1 96 86.5 71.2 70.1 72.7 73.1 73.5 73.9 78.3 102.6 109.5 106.9 99.4 94.6 107.3 120.8 136.2 151.8 162.3 170.4 174.8 178.9 183.3 186.3 189 192.4 196.2 200.4 204.2 207.2 209.7 212.6 215 215.5 215 213.1 210.4 207.5 202.6 198.9 189.2 178.8 163.7 149.6 137.4 129.2 138.7 154.2 172.1 180.9 186.7 192.1 197.8 200.8 209.9 216.4 221.9 226 229.9 233.3 235.3 235.6 236.5 236 235.8 235.1 233.4 231.7 228.8 225.4 220.7 215.4 205.3 187.9 184.4 194.3
118 109.3 108.2 104.2 97.3 89.9 81.7 73.9 72.7 72.9 73.1 73.5 73.6 74.4 92.6 97.8 90.5 93.2 105.9 119.7 133.9 143.6 152.1 159.7 166.4 170.9 173.9 177.5 180.7 185 187.7 191.1 195.4 200 204.1 207.3 210 212.4 212.8 212.8 208.9 205.3 200.4 193.3 188.6 181.7 170.5 158.6 145.4 133.5 126.7 139.4 155.9 176.1 187.9 195 202.9 210.2 216.4 220.2 224 227 229.7 231.1 231.7 232.4 231.7 231.3 231 230.8 229.8 228.9 226.9 223.5 220.4 215.2 210.4 202.1 188.4 174.5 185.1
109.6 102.8 97.9 95.7 91.8 85.9 72.7 71.4 72.9 73.1 73.3 73.3 71.8 73.6 80.1 81.4 90.8 104.2 115.3 129 137.5 143.9 150.9 156.8 161.6 165.3 167.3 168.5 170.6 174.8 178.8 184 188.6 194.1 198.7 203.2 206.9 209.7 209.7 208.9 202.6 196.2 189.1 182.2 175.3 167.6 158.8 148.9 138.6 130.4 130.5 143.5 158.3 178 190.7 199.4 207.1 214.3 220.3 224.8 227.9 229.9 230.7 229.6 228.6 227.7 225.5 224.1 224.7 225.2 224.4 223.5 221.6 218.5 214.2 208.2 201.2 195.1 186.5 171.8 174.7
107.6 106.8 101 88.6 85.1 79.3 69.9 72.5 73 73.1 73.1 73.1 73.2 73.4 83.3 91.2 98.4 109.2 117.4 127.6 134 140.4 147.7 153 157 159.1 159.6 159.1 158.8 164.6 169.4 174.7 181.5 188.8 193.5 198.1 202.3 206.5 208.2 206.2 200.3 192.8 184 171.3 162.9 152.7 146.8 138.9 131.5 125.2 135 146.6 163.3 181.1 193.8 202 209.3 216.7 223 227.3 229.2 229.6 228.5 226.5 225.5 221.9 218.6 217.3 217.1 219.1 219.4 217.6 216.4 213.4 208.3 198.6 188.7 180.5 174.6 167.5 163.1
118.9 118.5 111.8 98.2 85.8 73.1 71.9 72.6 72.3 72.5 72.5 72.5 71.8 73.3 88.3 97.9 104.1 111 118 124.2 130.3 136.4 142.5 148.7 150.8 150.1 146.7 144.7 143.7 150.3 159.1 169.2 176.4 183.6 188.2 192.9 198 204.2 207.9 208.6 203.5 196.1 186.5 174.2 158.9 147.4 139.4 131.4 125.6 130.3 141.4 153.6 169.6 185.7 195.7 203.5 210.8 217.8 224 227.8 228.7 228 226.2 223.8 219.8 215.6 210.4 207 209.3 212.1 213.3 211.9 211 208.9 203.8 199.2 191.4 184.4 177.1 169.8 160.6
127.3 124.8 118.3 106.8 90 69.3 71.3 71.4 71.6 72 72 71.7 71 73.3 86.6 97.6 104.5 111.2 117.5 122.4 128 132.9 136.8 141.9 141.5 135.9 130 142.2 150 155.7 160.2 166.2 171.9 177.8 185.4 192.4 197.5 203.2 208.5 209.4 206.9 200.2 190.6 175.9 159.6 146.2 133.1 123.4 125.9 139.4 151.2 163.2 177.5 189.3 196.6 204.9 211.2 217.5 222.3 225.1 225.8 224.4 222.8 219.4 214.9 210 202.1 195.5 200.3 205 205.6 205.9 204.4 202.8 200.7 196.6 191.4 185.9 180.5 174.4 166
132.9 128.6 120.1 110.4 96.8 87.7 71.2 69.2 69.6 71.4 71.6 71.3 71.3 72.8 85.4 98.2 104.4 109.9 115.6 120.5 124.6 127.8 130.1 130.8 126.9 124.9 135.5 148.9 159.2 165.2 169.4 172.4 176 181.9 191.4 198.6 201.5 204.2 207.4 209.2 206.6 198.5 186.3 169.7 153.4 138.6 124.7 122.1 132.2 149.3 160.3 172 182.7 191.9 198.8 203.8 210.1 216.9 219.4 220.5 220.7 219.4 216.6 214.8 209.9 204.1 197.1 187.3 193.2 196.2 197.3 197.5 196.2 194.7 193 189.4 185.8 180.7 176.5 171.3 166.4
135.8 129.5 119.8 108.2 105.6 94.5 79.1 70 71.2 71.5 68.4 72 71.4 72.7 81.4 96.9 102.9 108 112.5 116.5 119.3 120.9 120.7 115.4 120.1 129.9 143.8 157.2 166.1 175.1 183.5 187.9 188.6 193.2 199.4 203.3 204.6 206 206.6 205.6 202.2 193.5 179.1 161.4 144 127.6 120.2 127 139.4 153 164.9 174.1 183 190.1 196.9 202.5 207.8 211.2 212.5 213.5 213.6 212.9 210.1 207.8 204.2 200.1 193.6 180.3 183.5 187.1 187.3 186.9 185.9 185 182 178 175.2 171.2 168.5 164.6 160.6
134.1 126.9 119.7 118.1 113.6 95.3 78.6 72.9 72 71.8 71.6 68.9 71.1 71.3 78.6 93.4 98.9 102.5 107.5 110.1 110.1 107.9 106.6 119.2 127.5 139 151.7 160.8 169.9 177.7 184.8 190.8 195 197.2 199.2 202.8 203.9 202.1 201.1 199.9 196.5 186.5 173 154.6 136.2 121.2 121.9 130.2 143.3 154.2 164.9 172.8 179.3 186.3 193 198.8 201.8 203.6 204.5 204.2 205 204.2 202 199.4 196.2 191.3 186.7 176.5 173.2 177 177.1 176.2 174.5 171.9 168.6 165.4 164.2 160 157.6 154.5 151.8
134.8 133.9 130.9 124.1 113.7 93.9 78.8 74.3 72.6 72.2 71.5 70.9 69.6 70.5 74.3 84.5 88 94.1 96.2 97 96.9 108 117.8 126.9 133.3 142.3 152.9 160.2 167.3 174.2 180.4 184.5 188.9 193.2 196.5 198.9 198.1 196.1 194.9 193.2 189.5 182.5 167.9 145.9 130.4 118.6 122 130.5 139.9 150.7 160.2 168.8 175.3 181.4 186.7 191.7 192.7 194.2 194.8 194.3 193.6 192.7 190.6 190.4 188 183.5 179.6 173.2 165.7 166.2 166.9 166.1 165.7 163.7 159.4 156.3 156.2 151.9 149.5 147.1 146.7
143.2 140.1 134 124.9 113.5 94.2 77.4 74 72.5 71.9 71.3 70.8 70.3 68.4 71.8 76.2 80.3 81.8 89.6 100.8 108.6 114.7 121.4 127.2 131.7 139 146.8 153.5 159.2 166.5 174.4 178.2 182.6 186.9 190.3 192.2 191 189.9 187.9 185.9 182.7 177.8 160.1 140.8 128.7 118.1 119.4 126.1 133.3 144.8 151.3 162 168.9 174 177.6 179.9 181 182.1 181.4 180.3 180.8 180 177.2 177.8 178.3 175.8 172.7 167.9 162.9 159 160.3 159.7 158 156 152.6 150 149.6 146.1 142.9 141.2 141.8
145.1 140.4 134 125.5 114.7 96.8 76.7 72.7 71.6 71.1 70.6 70.7 70.9 69.3 71.5 73.5 76.2 84.5 94.7 104.4 111.2 114.9 118.9 124.3 128.5 131.6 140 146.2 152.3 156.1 163.2 171.1 176 179.9 183 184.2 183.6 183.9 183.4 181.9 177.6 167 149.8 136.2 127.4 119.5 115.7 120.3 126.6 137.8 147.4 154.2 160.5 163.1 165.4 168.7 167.4 169.5 168.5 169.3 168.8 169.3 166.3 171.2 172 169.5 167.2 164.1 159.1 153.4 154.3 153.5 153.3 149.7 146 143 141.5 139.7 137.4 135.8 136.1
144.8 137.8 132.5 127.9 115.9 98.6 78.7 72.6 70.9 70.8 70.8 70.9 70.9 67.5 70.4 72 72.3 78.4 91.1 100.1 106.1 111.1 116.1 120.8 120.9 125.1 132 138.8 144.4 150.9 156.6 161.9 168.2 172.1 175.3 176.7 175.9 176.4 176.4 174.3 167.4 157.3 142.4 132.5 126.2 120.6 115.9 113.9 120.8 128.6 138.7 145.7 148 150.1 151.2 152 156 158.9 159 159.8 161.6 160.6 159.8 164.9 166.3 165.1 162.9 160 155.3 150.4 146.7 148.1 148.3 145.1 141.4 137.4 134.7 133.1 131.3 131.3 131.7
137.8 128.2 124.6 119.9 107.4 92.8 80 72.4 71.1 70.7 70.3 70.2 70.3 67.8 70.3 70.5 70.7 70.1 82.9 94 101.5 108.2 112 114.8 117.7 123.1 129.7 136.5 142 148.1 152.7 157.3 161.7 166 168.5 169.5 169.9 170.2 169.4 166.7 161.1 151.1 141.7 134 127.5 121.9 117.4 112.7 114.2 121.3 128 135.1 137.6 138.1 138.8 143.5 149.3 150.6 151.6 152.5 153.9 153.8 155.7 159.3 161 160.6 158.5 155.6 151.8 147 142.6 143.3 143.5 140.4 136.9 132.3 130 128 127.4 127.2 127.2
133.6 124 117.2 108.9 100.4 91.4 80.3 72.4 71.4 71 70.5 70.1 69.8 65.6 69.5 69.8 70.2 70.6 73.6 86.1 95.8 101.3 107.4 114.2 117.8 121.5 127.8 135.1 140.1 145 149.7 152.7 157.1 160.2 162.6 163.5 164 164.5 163.1 157.5 154.7 148.2 141.6 134.8 128.7 123.3 118.4 114.4 109.9 110.9 119.7 124.8 127.6 127.8 132.2 137.3 141.9 143.5 145 145.8 146.6 147 151.3 154.9 156.3 156 153.2 151.5 148.3 144.3 138.9 138.4 138.4 136.7 133.2 129 126.5 125.4 124.1 122.9 121.9
134.7 124.4 117.5 110.4 102.2 92.8 83.1 71.9 71.4 70.9 70.5 70 70.2 70.9 69.5 69.6 70.1 70.9 71.6 80 89.1 95.2 100.2 107.6 113.2 120.3 126 132 136.9 141.7 145.7 148.3 152.2 154.5 156.8 157.5 158.2 159.8 157.6 153.7 148.8 143.7 137 132.1 127.6 121.6 118.9 117.3 113.5 109.1 110.1 115.9 117.2 123 128.1 132.8 135.4 136.8 138.2 140.1 141.6 143.3 148 151.4 152.5 152.1 149.7 148.7 144.8 140.8 136.5 133.8 134.2 133.4 129.1 125.2 123 122.1 120.8 119.4 118.1
134.2 124.5 118.4 112 104.5 94.2 82.9 71.7 71.4 70.9 70.4 69.9 70.3 69.7 68.8 68.8 70.6 71.3 71.8 75.5 85 91.9 98.7 104.5 110.9 117.7 123.2 128.2 132.7 136 139.4 143.5 146.9 149.6 151.7 152.4 153.3 155.2 154.9 150.4 144.4 138.9 135.6 136.1 134.9 130.9 126.1 120.3 117.9 111.3 107.2 109.8 114.4 121 124.8 127.8 129.3 131 133.1 135.2 136.8 139.9 144.9 147 148.9 148.3 146.1 142.4 141.4 137.5 133.4 130.1 130.6 130.5 127.1 123.8 120.3 119.2 117.6 117.5 115.4
129.5 123.3 118.4 113.4 106.6 96.9 84.9 73.1 71.4 70.8 70.3 69.9 69.9 69.1 68.5 67.3 70.5 70.7 71 72.2 82.5 89.4 96.6 102.1 108.3 114.1 118.9 123.3 125.9 128.8 133.2 138.5 143.3 145.9 146.9 147.5 148.6 150.5 151.5 148.4 147 149.4 149.2 147.4 142.4 137.7 132.1 125.1 121.1 117.2 109 105.6 110.8 118.3 120.7 122.7 124.6 126 128.1 130.4 133.8 138.3 142.6 144.2 145 144.7 142.9 140.6 138.6 134.5 129.1 127.2 128.7 128.1 126.6 123.3 120.4 116.8 113.9 114.1 113.9
124.2 119.6 115.6 110.5 106.1 97.3 86.7 75 71.4 70.9 70.4 69.9 69.3 68.8 68.4 68 67 70.1 70.3 70.6 75 85.1 93.4 100.3 106.6 110.8 114.6 115.9 118 122.6 128.4 133.9 138.2 140.3 141.9 142.6 144 145.7 146.5 148.6 149.7 150.5 152 152.8 149.4 144.5 137.9 129.4 123.4 119 113 106.7 106.5 111.5 115 117.5 119.6 123.6 125.7 128.3 133.5 137.8 141.2 142.6 142.5 140.8 138.9 135.6 135.3 129.9 127.6 125.7 126.2 125.5 125 122.5 119.4 115 112 110 110.5
119 113.1 110.2 106.8 102.8 95.5 85.4 76.3 71.5 71 70.4 69.5 68.8 68.7 68.3 67.8 67.6 70.3 70.1 70.5 71.2 79.2 88.1 98 104.1 107.6 110 110.7 113.3 118.3 123.8 128.8 132.5 135 137.1 138.7 140.2 140.6 140 146.9 150.5 153.8 158.2 160.4 155.4 148.7 142.2 134.4 125.4 120.6 116.1 113.6 103.7 107.6 112 117.7 121.8 126.3 130.6 134 137.4 140 142.2 141.7 140.8 137.6 134.4 131.6 129.6 128.5 126.3 124 122.1 122.3 122.4 120.1 116.8 113.5 110.9 108 106.4
111.3 106.8 104.9 102.2 95.9 89.8 81.3 74.8 71.7 70.9 70 69.1 68.3 67.4 66.5 66 68.7 70 70.2 70.6 70.9 75.3 85.4 95.2 100.8 103.8 104.7 105.6 109.3 114.3 119.3 124 127.1 129 131.5 134.3 132.6 135.9 142.3 148.9 152.7 156.9 161 165.1 159.4 152.9 145.7 137.3 128.1 120.3 116.8 109.9 104.6 109.8 120.2 126.4 132.2 136.4 139.4 141.7 143.4 144.9 145.8 143.5 139.9 135.2 132.6 130 127.4 126 123.8 121.5 119.7 118.5 119.9 117.6 114.8 112.1 109.5 106.7 104.4
106.4 102.3 98.3 95.2 92.3 89.3 84.7 79.9 72.1 70.6 69.7 68.6 67.3 65.9 64.5 66.7 68.4 69.6 70.2 70.4 70.7 71.2 81.5 93.4 97.5 97.8 98.4 101.8 107.5 112.1 116.6 120 122.3 123.4 124.1 125.3 127.3 135.5 144.3 149.2 152.7 156.2 160.9 161.9 160.5 155.5 148.3 138.3 128.6 120.1 113.9 108.8 103.8 111.7 126.4 135.9 142.7 146.7 149 150.3 150.8 150.2 148.3 144.6 140.1 135.1 131.9 128 125.5 123.6 121.3 119.1 117.9 117.5 117.1 115.3 113.2 110.5 108.2 106 102.3
112.5 108.2 105.5 102.3 98.9 94.8 89.4 84.1 75.5 70.1 69 67.8 66.7 65.6 65.3 66.5 67.7 69.3 69.6 70 70.3 69.8 72.6 87.3 93.7 92 96.5 102 107.2 111.2 114.3 117.3 118.2 118.7 118.8 120.7 126.9 136.7 142.3 145.3 152 154.9 158.9 160.2 160.8 158.6 149.2 139.2 129.2 119.8 109.6 109.9 102.9 114.9 129.8 142.4 149.8 152.6 152.2 152.2 151 149.2 146.9 143.3 139.4 136.8 133.1 130.2 127.7 124.7 122.2 119.5 117.5 115.9 113.1 113.2 111.8 110.1 107.8 105.5 102.9
116.9 114 112.4 108.1 104.4 100.3 91.9 85 79.1 69.9 69.1 68 66.6 65 65 66.3 67.5 68.5 69 69.5 69.5 69.6 72 78.3 88.7 92 98.1 103.7 106.8 110.2 112.9 114.1 114.1 113.8 113.9 113.7 124.2 133.3 138.9 144 145.3 146.6 154.6 158.3 160.3 158.1 149.6 139.5 130.6 119.2 109.5 106.8 102.2 117.2 135.3 146.9 152.1 153.2 152 150.6 149.1 147.1 144.2 141 137.8 134.6 133.3 132.5 130.3 127.9 125 121.8 118.3 115 112.1 112.1 110.8 109.9 107.7 105.4 103.4
121.8 119.2 116.1 111.8 108.1 103.6 95.1 86.9 83.5 69.5 69.1 68.2 67.1 65.8 65.2 66.2 67.4 68.1 68.8 69 69.3 69.6 71.6 73.6 87.8 95.6 101.1 103.5 106.1 107.8 109.5 109.9 108.6 107.8 107.8 110.5 119.1 130.7 134.3 138.8 142.5 148.2 149.7 153.1 156.5 155.8 148.7 140 131.3 119.9 108.4 104.5 102 118.1 136.9 147.1 150.8 150.4 149.1 147.3 145 142.8 140.4 137.4 134.2 131.1 131.2 130.8 128.5 126.8 123.6 120.6 116.7 113.4 111.7 110.2 109.6 108.8 107.7 105.3 103.1
124.8 122.8 118.6 113.7 109.7 105.3 97.7 88.7 85 73.6 68.7 68.7 67.5 66.1 62.1 66.7 67.6 68.2 68.9 68.7 68.9 69.5 69.8 72.3 87.6 96 99.5 101.8 103.6 104.3 105 104.8 103.8 102.6 106.8 115.1 122.8 128.1 132.4 134.1 136.2 140.5 143.6 146.1 148.6 149.1 145.5 137.2 129.6 118.8 107 105.3 102 118 135.3 143.9 146.2 145.6 144.3 142.5 140.2 137.8 134.7 132.9 130.5 129 127.9 126.1 124.3 122 119.9 116.7 114.6 111.5 110.2 109.6 109.6 109 107.6 105.5 102.3
128 126 121.9 116.8 111.6 106.9 101.1 90.9 85.6 77.5 68.4 68.8 68.1 67.5 61.6 67.1 67.8 68.4 68.6 68.7 68.5 68.9 69.4 73.1 86.7 92.7 94.4 97.1 98.5 97.8 96.9 97 96.2 102 109.8 118.5 122.8 125.7 127.4 129 130.4 132.3 135 137.8 140.7 140.1 137.6 133.1 126.4 117.1 105.6 102.5 104.1 117.7 133.1 139.6 140.5 139.3 138 136.8 135 131.1 130.1 128.5 126.5 124.4 122.2 120.1 118 116 114.3 112.9 111.1 109.3 108.7 108.7 109.1 108.6 107.3 105.6 102.6
131.7 128.5 124.7 120.3 113.5 107.1 101.9 95.1 87.8 81.2 69 68.7 68.7 67.8 61.6 67.6 67.8 68 68.1 68.3 68.5 68.8 69.1 75.3 82.4 87.2 89.5 90.1 89.1 89 93.6 99.7 101.7 106.8 113.6 118.7 121.9 123.4 124 124.2 125.1 126.6 127.3 128.7 131.2 130.9 129.2 126.2 122 114.4 103.7 100 102.1 116.3 129.7 133 133.3 132.9 131.9 130.8 129.3 126.1 124.9 122.9 120.4 118 115.7 113.6 111.5 110.3 109.7 109.2 108.4 106.8 106.6 107.2 108.2 108.4 107.1 105.7 102.8
131.5 128.9 125.2 121.8 116.5 108.3 102.4 96.4 89.2 83.6 74 69 69.4 68 63.4 67.3 67.3 67.5 67.6 67.8 68 68.8 69.1 73.1 77.9 81.7 81.7 83.6 87 93.4 100.7 104.3 107.4 111.4 114.9 117.6 120.1 120.5 120.4 120.6 120.9 121.3 122.3 123.3 124 124.9 123.5 119.8 115.5 111.1 102.8 98.5 98 110.6 122.1 124.6 125.1 125 124.7 123.4 122.7 121.5 119.5 117.4 115.3 113.4 111.3 109 108.1 107.2 106.3 105.5 104.8 104 105.1 106.3 107.4 107.8 106.9 105.5 102.3
129.3 127.7 125 121.9 117.8 109 103.1 97.9 90.3 84.8 78.7 71 70.2 67.3 67.2 67.2 67.2 67.3 67.3 67.4 67.8 68.9 69.1 73.6 76 83.2 86.8 90.7 94.9 99.9 102.3 104.4 106.7 109.1 113.6 116.2 117.6 118 117.9 117.9 118 118.2 117.8 118.7 119.5 119.9 119.1 115 110.7 106.5 100 98 98.1 103 111 115.5 116.1 116.8 115.6 118.5 117.9 116.7 114.6 112.6 110.6 108.6 107.5 106.8 105.5 104.7 103.7 103.4 102.8 103.4 104.4 105.4 106.4 106.6 106 105.1 101.6
124.1 123.8 122.6 120.3 117 109.5 103.9 97.4 90.9 85.2 80.7 76.9 71.2 61.6 67.1 66.8 66.9 66.9 67 67.1 67.4 67.1 68.4 73.5 80.6 91.5 94.7 97.5 100.1 101 101.9 102.7 105.2 108.1 111.3 113.1 114.8 116.1 115.8 115.3 114.6 113.9 113.9 114.4 115 114.9 114.9 111 107 103.1 97.7 96.3 96.1 97.5 103.7 107.3 108.8 111.4 113.4 114.9 114.1 112.7 110.6 108.5 106.5 105 104.4 103.7 103.1 102.2 102.3 102.3 102.9 103.6 104.2 104.8 105.3 105.8 105.9 103.6 100.7
116.1 116.1 115.3 114.6 112.4 107 101.2 95.3 89.2 84.6 79.9 75.3 73 61.6 67.1 66.7 66.5 66.5 66.7 67 67.2 67.5 68.8 70.1 87.2 94.7 96.9 98.7 99.9 101 101.5 102.1 103.6 106.2 108.5 110.3 112.2 113.2 113.5 111.6 110.1 109.4 109.9 110.7 110.7 110.5 110.1 107.8 103.8 99.8 96.6 96 95.9 94.8 98.9 102 104.1 107.1 109.5 110 110 108.8 106.7 104.8 102.8 102.1 101.5 100.9 100.6 100.7 100.7 100.7 100.9 101.5 102.1 102.8 103.3 103 106.1 102.6 99.4
103.4 105.2 104.5 105.2 104.5 100.5 95.7 90.4 84.9 78 71.9 74.5 74.7 70.3 61.4 66.7 66.2 66.5 67 67.4 67.8 68.1 67.8 69.6 81.8 92.8 97.1 97.6 98.4 100.4 101.1 101.7 102.3 104.6 106.5 108.1 109.7 110.6 110.3 108.8 106.6 105.8 106.7 107.1 107 106.6 106 103.8 100.9 98.1 96.3 95.6 94.6 95.1 96.7 98.7 101.2 104 106.1 106.5 106.5 105.4 103.9 102.1 100.2 99.4 99.1 98.8 98.8 99.1 99.1 99.1 99.2 99.4 100.1 100.7 101.2 101.4 101.4 101.9 99.2
90.6 91.9 90.6 90.8 89.8 88.2 85.7 81.5 76.9 78 78.8 78.2 76.5 73.9 68.6 61.4 65.6 66.2 66.8 67.4 67.9 68.4 67.9 69.4 74.3 91.2 94.8 94.7 95.3 99.1 100.3 100.6 101 103.3 105 106.6 107.6 108.5 107 105.5 104.3 102.9 103.1 103.4 103.2 103 102.6 102 99.5 96.9 95.4 94.3 93.9 94.1 94.4 96.3 98.6 101.2 102.3 103 103 102 100.6 99 97.5 97.3 97 96.9 97.2 97.5 97.5 97.5 97.5 97.6 98 98.6 99.1 99.2 99 99.1 96.2
