STL Generation/terr50_gagg_gb/data/SS96.asc
ncols 200
nrows 200
xllcorner 290000
yllcorner 160000
cellsize 50
[rows 0 to 37 of 200, columns 84 to 167 of 200]
84.8 85.7 86.1 86 85.8 85.2 84.9 84.2 83.2 82.1 81.8 82.9 83.9 84.3 84.5 84.7 85.1 85 85 84.3 83 81.8 80.6 79.4 78.3 77.3 76.4 75.3 74.3 73.3 71.2 71.8 72.9 72.7 72.1 71.5 70.9 70.4 70.6 70.4 69.6 68.8 68 67.2 66.5 66.8 65.5 64.8 63.8 63.2 63.1 62.9 62.7 62.8 63.1 63 63.3 63.1 62.8 61.8 60.4 59.3 60.4 61.6 63.2 63.9 64.2 64.5 64.3 64 63.7 63.3 62.3 61.1 60.8 60.3 59.9 59.5 59.2 58 56.9 57.6 58.2 59.1
84.2 84.7 85.4 85.5 84.9 84.3 83.7 82.8 81.6 80.5 80.2 81.2 82.5 82.4 82.6 82.9 83.6 84.3 84.2 83.8 83 81.8 80.6 79.3 78.2 77.3 76.3 75.2 74.2 73.2 71.3 70.6 70.6 71.3 71.3 71 70.6 70.2 69.9 69.8 69.1 68.3 67.7 67.1 66.1 66 64.9 64.1 63.6 62.8 62.6 62.4 62.2 61.8 61.8 61.9 62.1 62.4 62 61.4 59.6 58.3 60.3 61.6 62.6 63.1 63.6 64 63.8 63.4 63.1 62.8 62.4 61.2 60.1 59.5 59.1 58.9 58.1 57 56.2 57.2 58 58.6
83.9 84.5 84.7 84.2 83.3 82.7 82.3 81.5 80.5 79.4 78.4 79.7 81.1 80.7 80.7 81.2 81.8 82.7 82.7 83.4 82.7 81.8 80.6 79.1 78.2 77.2 76.2 75.1 74.1 73.1 71.7 69.7 68.9 69.9 70.1 70.3 70.5 70.1 69.4 69.3 68.9 68.6 68.2 67.3 66.3 66.3 65.4 64.5 64 63.3 62.2 62 61.8 61 60.9 61 61.1 62.2 61.6 61.2 59.4 58.2 60.4 61.7 62.2 62 62.6 63.1 62.6 62.1 61.7 61.3 61.2 60.5 59.3 58.6 58.2 57.2 56.2 55.3 56.1 57.2 57.8 58.4
82.6 83.5 83.4 82.8 81.9 81 80.8 80.1 79.1 78.2 77.3 78.3 79.6 79.3 78.9 79.4 80.6 82 82 82.4 82.4 81.5 80.3 79.1 78.1 77.1 76.1 75 73.9 72.5 70.8 69.7 69.6 68.8 68.9 69.1 69.3 69.2 68.4 68.3 68.3 68.2 68 67.3 66.7 66.3 65.7 64.8 64.5 63.7 62.6 61.5 61.1 60.2 60.1 60 60.1 61.4 60.9 60.7 59.1 59 60.7 62.2 61.5 60.9 61.4 61.5 61.5 61.2 60.2 59.5 59.9 59.5 58.5 57.9 56.6 54.8 54 55.1 56.9 58.1 58.1 58.2
81.1 82.1 82.1 81.7 80.8 79.9 79.3 78.7 77.9 77 76.1 76.7 77.6 77.6 77.3 78.6 79.9 81.3 81.3 81.7 82.1 81 80 79 78 77.1 76 74.9 73.6 72.2 70.8 69.4 69 67.6 67.8 68 68.2 67.8 67.5 67.3 67.4 67.2 66.8 66.2 65.7 65.5 65.2 64.6 64.8 64.1 63 61.8 60.8 60.1 59.4 59.3 59.4 59.7 59 58.5 56.2 58.2 60.3 60.7 60.7 60.2 60.3 59.8 59.6 60.1 59.8 59.3 58.7 57.9 56.8 55.6 54.2 53.5 53.8 56.9 57.8 58.2 58.2 58.1
80.8 81.2 80.9 80.6 79.9 78.9 77.7 77.3 76.5 75.6 74.7 75.1 75.8 76.1 76.6 78 79.3 80.3 80.7 81 81.4 81 80 79 78 77 76.1 74.9 73.3 71.6 70.2 68.8 67.5 66.4 66.6 67 66.8 66.4 66.4 66.6 66.6 66.3 65.7 65.3 64.9 64.7 64.5 64.1 64.4 63.9 62.9 61.9 60.8 60.1 59.3 58.8 58.6 57.6 56.8 56.3 55.6 56.5 58.1 58.3 58.4 58.4 58.5 57.2 57.8 58.3 58 57.4 56.8 56 54.8 53.2 52.9 53.4 56 56.8 57.4 57.7 57.7 57.8
80.4 80.6 80.2 79.7 79.1 78.2 77.3 76.8 76.1 75 73.8 73.5 73.9 74.3 75.1 76.7 78.4 79.7 80 80.4 80.7 80.8 80.1 79 78.2 77.3 76.4 74.7 73 71.4 69.6 68.2 66.6 68.2 65.6 65.7 65.5 65.4 65.3 65.2 65.3 65.2 64.9 64.4 64 63.8 63.6 63.3 63.6 63.2 62.5 61.5 60.8 60 60.2 60.3 59.8 58.9 58 56.7 55.5 54.1 56 55.4 54.6 54.5 54.6 54.8 55.3 55.8 55.9 55.6 54.9 54.2 52.8 52.2 52.9 54 55.4 55.8 56.5 57.1 57.3 57.4
80 80.3 79.9 79.1 78.8 77.7 77.2 76.2 75.2 73.9 72.5 72.2 72.7 73.3 74.6 76.1 77.8 79 79.4 79.7 80.1 80.2 80.1 79 78 77.3 76 74.5 72.8 71.3 69.5 67.6 66.3 65.9 67.6 64.4 64.4 64.2 63.8 63.4 64.1 64 64 63.5 63.2 62.9 62.8 62 62.8 62.4 62 61.6 61.2 61.4 61.6 61.7 61.1 60.2 59.2 58.1 57 53.4 55.1 53.6 52.7 52.2 51.9 52.6 53.2 53.4 53.8 53.7 53.1 52.3 52.2 51.1 52.6 53 54.2 54.8 55.6 56.2 56.6 56.8
79.6 80.1 80 79.1 78.3 77.3 76.3 75.3 74.3 73 71.3 71.2 71.8 72.9 74.1 75.5 77.2 78.3 78.7 79.1 79.4 79.6 79.6 79 77.7 76.7 75.6 74 72.5 70.9 69.4 67.7 66.3 65.3 64.2 67.3 63.1 62.8 62.6 62.4 63 63 62.9 62.6 62 59.3 62 61.7 61.9 61.6 61.3 61.3 61.2 61.9 63 64.4 65.1 65 61.8 59.6 58.5 57.1 56.1 55.1 55.4 54.9 54 52.5 51.7 50.9 51.2 51.6 51 50.8 50.2 50.8 51.5 51.8 53 53.8 54.5 55.3 55.9 55.8
79.3 79.8 79.5 78.9 77.8 76.7 75.7 74.6 73.5 71.7 70.1 70.2 71.1 72.4 73.7 74.9 76.5 77.5 78 78.4 78.7 78.8 78.6 78.3 78.1 77 75.7 73.8 72 70.5 69.4 68 66.5 65 63.7 63.2 63.1 62.2 62.2 61.8 62.6 62.3 58.1 61.9 62.7 61.7 60.8 60 60.7 60.4 60.6 61.1 60.6 61.4 61.3 62 64.4 61.4 61.1 61.7 64 64.3 59.1 57.1 56.9 56.7 56.1 54.9 53.7 52.3 50.9 50 49.6 49 49.8 49.2 49.1 50.2 52.3 53 53.5 54.3 54.5 54.5
79 79.4 79.2 78.7 77.7 76.6 75.5 74.4 72.9 70.9 69.2 69.2 70.7 72 73.2 74.4 75.7 76.7 77.4 77.7 78.1 78.1 77.7 77.3 77.4 77.4 75.6 73.8 72.2 70.8 69.6 68.1 66.6 65.1 63.8 62.2 61.9 60.9 64.8 61.1 57.5 61.6 61.3 60.9 61.1 60.2 59.4 58.4 58.8 59 59 60 60.1 60.5 61.2 61.8 62 62 61.3 60.7 59.6 58.1 58.3 61.7 62.4 58.2 57.7 56.3 55.3 54.1 52.7 51.3 50.6 49.9 49.1 47.5 47.8 48.2 49.8 51.4 52.1 52.7 53.2 53.4
78.8 79.1 79.1 78.5 77.6 76.7 75.5 74.1 72.4 70.3 68.7 68.5 70.3 71.5 72.7 74.1 75 75.8 76.9 77.3 77.5 77.3 77.2 77.9 77.1 76.7 75.7 74.5 72.7 71.1 69.7 68.2 66.7 65.2 63.9 62.2 60.8 59.6 59.3 59.6 61 63.2 60 59.6 59.5 58.7 57.9 57.5 57.7 57.1 58 58.9 60.1 60.3 61 61.9 61.8 61.7 61.7 60.9 59.9 59.2 58.7 58.4 58.7 59.4 60.7 57.8 56.8 55.6 54.3 53.3 52.6 51.8 51 49.2 48.9 46.1 46.7 49.6 51.1 51.9 52.2 52.5
78.3 78.6 78.4 77.8 76.9 75.9 74.9 73.6 71.9 70.4 68.7 67.8 69.2 70.9 72.6 74 74.6 75.2 76.2 76.7 76.7 76.4 76.3 76.3 76.2 75.9 75.5 74.9 72.4 70.5 69.3 68.1 66.8 65.4 63.9 62.5 61.1 60 59.4 58.4 58.1 58.3 58.3 57.9 60.8 58.8 56.6 56.3 55.3 55.8 57.1 58.3 59.7 60.5 60.6 61.5 61.5 61.6 61.7 61.6 60.4 59.7 58.9 58.6 58.7 58.6 58.5 58.6 59 56.9 55.6 54.9 54.7 54 52.8 51.8 50.2 46.9 44.7 47.5 49.4 51 51.3 51
77.7 78 77.8 77.1 76.1 75.2 74.2 73.1 71.6 70.1 68.6 67 68.1 70.2 72.6 73.6 74.2 74.8 75.6 76 75.8 75.4 75.2 75.4 75.4 75.4 75 74.6 73.1 70.3 69.1 67.9 66.7 65.4 64.1 62.7 61.3 60.4 59.6 58.7 57.4 56 55.5 55.9 56.2 55.8 55.1 55 59.1 56 55.9 57.8 58.8 59.3 59.9 60.6 60.9 61.1 61.6 61.1 61.2 60.6 60.2 59.7 59.1 58.3 58.2 58.3 58.1 57.5 56.6 56.6 56.6 55.3 54.3 52.8 50.2 47.5 45.1 45 48.1 49.2 49.6 49.5
77.2 77.2 77.2 76.3 75.4 74.4 73.4 72.2 71 69.5 68 65.6 67.5 70.7 72.6 73.2 73.8 74.4 75 75.3 74.8 74.2 73.6 74.2 74.6 74.6 74.6 74.5 72.8 70.7 69.3 68 66.7 65.6 64.4 62.9 61.4 60.2 59.2 58.5 57.8 56.6 55.5 54.5 53.5 53.6 52.1 51.8 51.6 52.8 57.5 56.7 58 58.5 58.8 59.5 60.1 60.4 61 61.3 61.4 61.4 61.2 60.9 59.8 58.8 57.9 58 57.6 57.1 57 56 55.6 55.4 54.8 52.9 51.1 49.1 47.1 43.8 45.4 47.7 48 48
76.5 76.4 76.5 75.6 74.6 73.5 72.4 71.2 70 68.7 67.3 64.8 68.3 71.1 72.3 73.1 73.4 73.9 74.5 74.1 73.5 73 72.4 72.6 73.2 73.8 73.9 74 72.6 71 69.3 68 66.7 65.8 64.7 63.2 61.7 60.2 58.8 57.9 57.6 57.2 56.4 55.7 54.5 53.6 52.5 50.9 49.3 50.6 54.3 55.8 56.8 57.6 58 58.5 59.2 60 60.5 60.7 60.9 60.8 61.1 60.4 59.9 58.3 56.8 56.7 56.7 56.2 56.1 55.6 55.2 52.2 53.9 52.3 51 49.7 48.3 46.2 42.8 44.7 44.9 46.1
75.7 75.6 75.8 74.7 73.6 72.5 71.3 70.1 68.9 67.6 66.2 64.5 68.3 70.6 72 72.7 73.2 73.4 73.2 72.8 72.3 71.7 71.1 70.9 71.6 72.7 73.2 73.1 72.1 71.3 69.3 68 67 66.1 64.9 63.5 62 60.6 59 57.5 56.9 56.9 56.5 56 55.6 55.1 53.9 51.2 48.5 47.9 52 54.1 55.5 56.6 57.3 57.7 58 58.8 59.8 59.9 59.9 60.1 60.2 59.5 58.5 57.5 56.3 55.2 54.9 54.9 54.5 54.1 53.3 53.2 50.2 51.8 50.5 49.2 48.3 47 44 42 41.6 43
75.4 74.5 74.9 74.2 73 71.8 70.6 69 67.7 66.5 65.1 64.2 67.8 69.8 71.4 72.1 72.9 72.6 72.1 71.6 71 70.4 69.9 69.3 70.4 71.6 72.5 72.1 71.8 71.3 69.4 68.1 67.4 66.3 65.1 63.7 62.3 60.9 59.1 57.5 55.9 55.4 55.6 55.1 55.4 55.5 54.3 53.1 48.4 47.2 50.2 53.7 54.7 55.3 56.3 56.8 57.4 57.9 59.3 58.9 59.1 59 58.9 58.7 58.1 56.7 55.1 53.8 53.2 53.4 52.7 52.6 51.5 51.1 51.1 48.9 50 49 48.6 48.1 46.8 45.4 43 40.1
74.5 74.5 73.4 74 72.8 71.6 70.5 69.4 67 65.3 63.9 63.2 66.5 69 70.7 71.2 71.8 71.2 70.6 70 69.5 68.9 68.3 68.5 69.4 70.6 71.7 71.6 72 72.4 69.4 68.4 67.7 66.5 65.4 64 62.6 61.2 58.6 56.5 55 53.7 54 53.8 54.5 54.8 53.8 52 49.2 46.3 49.3 52.6 55.1 54.4 55.1 55.8 56.6 56.1 57.3 57.4 57.6 57.9 58 57.8 56.7 55.6 54.8 53.6 51.8 51.6 51.3 50.6 49.3 49.8 49.5 49.3 48.3 48.5 48 47.8 47.4 46.6 46.1 44.3
73.5 73.6 73.2 72.8 72.6 71.4 70.4 69.4 68.2 65.8 63 62.1 64.8 67.8 69 69.8 70.2 69.6 69.1 68.5 67.9 67.4 67.6 67.9 68.5 69.7 71 71.4 71.8 71.5 69.4 68.8 67.9 66.7 65.4 63.6 61.6 59.9 57.4 55.3 53.7 52.7 52.2 52 52.7 53.6 51.9 50.5 47.3 45.2 48.4 50.9 53.6 52.6 54.4 54.8 54.9 53.9 54.8 55.8 56.5 57.1 56.6 56.5 55.6 54.4 53.4 52.3 51.2 50.8 50.3 49 48.5 48.5 48.3 48.3 48 47.6 46.6 47.4 47 46.7 46 45.2
72.6 72.7 72.7 72.4 72.1 71.3 70.3 69.3 68.1 66.1 62.5 61.3 64.1 66.4 67.1 67.9 68.6 68.1 67.5 66.9 66.4 66.7 66.7 66.6 67.7 69.2 70.3 70.8 71.1 70.4 69.4 68.5 67.3 65.7 64.1 62.4 61.3 60.3 56.9 53.8 52.4 51 50.1 50.1 50.7 51.2 50.6 48.2 45.4 45 49.2 50.3 52.1 52.3 53.3 54 53.1 53.1 54 54.7 55.4 55.8 55.2 54.6 54.2 53.1 52.1 52.3 51.1 50.2 49.2 47.8 47.7 47.4 47.7 47.5 47.4 47.4 46.3 44.3 46.3 45.8 45.1 44.3
71.8 71.8 71.9 71.9 71.6 71.3 70.1 68.7 67.4 66.2 62.9 60.6 64.6 65.3 65.5 66.1 66.8 66.5 65.7 64.9 64.2 63.4 63 64.5 66.8 68.8 69.7 70.4 70.5 70 68.8 67.9 66.6 65.4 64.4 63.4 61.6 59.7 57.1 54 51.5 48.4 49.1 48.3 48.8 49.4 48.8 45.7 43.1 47.6 48.7 49.5 50.9 51.9 52.1 51.2 53.6 52.4 53.3 53.9 54.3 54.1 53.6 52.7 52.6 51.7 51 50.9 50.4 49.7 48.8 47.5 46.5 46.3 46.1 46.1 46.2 46.3 46.2 45.4 42 45 44.2 43.6
70.9 70.8 70.7 70.6 70.4 70.2 69.2 67.8 66.7 65.5 62 58.8 64.3 64.2 64.2 64.6 65 64.2 63.4 62.6 61.9 61.4 61.4 63.1 65.7 68.3 69 69.7 69.9 69.7 68.4 68.2 66.9 65.3 64.3 63.1 61.2 59.1 57.3 54.2 51.3 48.6 46.7 46.9 47.3 47.4 46 41.8 42.1 47.4 47.9 48.1 48.8 49.7 50 50.6 51.5 53.2 52.8 52.7 53.1 52.9 51.8 51.1 50.4 49.9 49.7 49.7 49.5 49 48.2 47.3 45.8 45.3 44.7 44.5 44.9 45.1 44.8 44.8 43.9 39.2 43.2 42.3
69.7 69.6 69.5 69.4 69.2 68.8 68.2 67.1 65.9 64.7 59.5 59.6 63.8 63.6 63.3 63.1 62.8 62 61.1 60.3 59.7 59.3 60.4 62.2 64.6 67 68 69.1 69.3 69 68.4 67.4 66.5 65.1 64 62.7 60.9 58.8 56.7 54.1 51.3 48.2 46.5 45.1 43.1 44 41.1 40.4 42.5 45.9 47.1 46.9 47.3 49 49 49.1 49.3 50.9 52.1 52.1 52.1 51.6 50.6 49.9 49 48.5 48.3 48.1 48.3 47.9 47.4 46.7 45.6 44.3 42.8 42 42.8 43.5 43.3 42.9 42.4 41.7 37.4 41
68.4 68.3 68.2 68.1 68 67.3 66.2 65 63.8 61 55.7 62.2 63.5 63.3 63.1 62.2 60.9 59.9 58.9 58.1 57.4 58.5 59.6 61.6 63.8 66.2 67.3 68.5 68.8 68.4 67.8 67.1 66.1 64.9 63.6 62.3 60.6 58.5 56.7 54.7 52 49.9 47.9 46.2 45 42.9 38.9 38.9 42.4 45.5 45.5 45.8 46 47.3 48.3 48.6 48.9 48.6 50.2 51 51.6 51.2 49.9 49.1 47.9 47.2 46.8 47 47 46.8 46.5 45.4 44.9 44.3 42.4 40.7 40.1 41.7 41.2 40.5 40.3 40.2 40 36.5
67.1 67.1 67 66.8 66.6 65.3 64.1 62.9 61.7 56.4 58.3 63.2 63.4 63 62.2 60.8 59.5 58.2 57.1 56.2 56.4 57.7 59.3 61.5 63.9 65.8 67.2 67.9 68.2 67.9 67.4 66.6 65.8 64.5 63.2 61.9 60.4 59.1 57.6 55.6 53.8 51.5 49.4 47.6 46.8 45.9 41.2 37.3 37.6 40.9 43.7 44.8 46.5 46.9 47.1 47.7 48 48.1 48.7 49.1 49.6 49.6 49.4 49.9 49.4 47.5 47.1 47.3 47.1 46.8 46.4 46 45.7 44.9 43.8 42.5 40.4 39.2 38.7 38.3 38 38 38 37.2
65.8 65.7 65.6 65.3 64.9 63.9 62.3 60.9 58 53.8 61.1 62.7 62.9 62.1 60.8 59.5 58.2 56.8 55.4 54.9 55.7 58.1 60.2 61.6 64.2 65.9 66.7 68 67.6 67 66.4 65.8 65 64.2 63.3 62 60.9 60.4 58.6 57.3 55.6 52.9 50.5 48.3 47.6 46.8 45.4 40.4 34.8 37.5 43.9 44.3 45 45.7 46.6 47.1 47.2 47.5 47.8 48 48.1 47.6 47.2 46.4 45.2 43.4 43.1 44.1 44.3 43.6 43.3 42.6 41.9 41.2 40.4 39.2 37.8 36.2 36.4 35.7 35.4 35 34.9 34.8
64.7 64.6 64.4 63.8 63.3 62.5 60.4 58.4 54 55.8 59.9 60.8 60.8 60 59.3 57.8 56.4 55 53.6 53.7 56.3 58.7 60.6 61.6 63.4 65.1 66.3 67.6 67 66.3 65.6 64.9 64.2 63.5 63.1 62.3 61.2 60.6 59.8 58.5 56.8 54.2 51.7 49.1 46.9 46.1 44.7 43.1 37.5 35.8 43.3 43.9 42.9 44.2 45.3 46.5 46.8 46.6 47 46.8 46.5 46.4 45.8 44.8 43.8 42.4 41.7 42.4 42 41.5 41.2 40.5 40.2 38.8 38.4 37.4 37 36.5 36.2 35.1 34.3 33.6 33.7 34.6
63.8 63.6 63.4 62.9 62.1 60.7 58.3 55.8 51.4 56.6 58.4 58.8 58.7 58.1 57.5 56.2 54.7 53.2 52.6 53.6 56.1 58 59.7 61.3 62.8 64.2 65.1 65.9 66.2 65.3 64.2 64.1 63.4 62.9 62.6 61.8 61 60.1 59.7 58.5 57.1 54.9 51.9 48.8 46 44.4 44.3 42.9 41.4 31.3 39.7 42.1 40.1 42.7 44.1 45.1 45.5 45.5 46 45.7 45.3 45.1 44.4 43.2 42.4 41.2 39.7 40.1 40.3 39.9 38.6 38.8 36.8 35.7 35.9 35.9 35.5 36.5 36.6 36.7 35.9 34.2 33.6 35.2
63 62.8 62.3 61.7 60.5 59.1 56.4 53.6 50.5 56.1 57 56.9 56.5 56.1 55.4 54.5 53.1 51.4 52 53.2 55.4 57.1 58.8 60.3 61.8 62.7 63.4 64.4 64.7 63.3 62.8 62.9 62.5 62.2 61.7 60.8 60 59 58.5 57.4 56.1 54 51.2 48.2 45 42.5 42.1 40.6 39.8 30.3 37.6 38.7 37.5 41.4 43 44.1 44.6 44.8 44.5 44.9 43.9 43.4 43 41.8 41.1 40 38.7 38.1 38.4 38 37.1 36.5 35.2 34.6 34.6 34.9 34.8 35.7 36 35.7 36.4 33.9 30.3 35.9
62.1 61.7 61.2 60.7 59.4 57.8 54.6 50.2 49.5 54.5 54.7 54.5 54 53.9 53.5 52.7 51.4 49 50.8 52.7 54.7 56.2 57.6 59.1 60.2 61.2 61.6 61.9 61.5 61.5 61.4 61.2 61.6 61.3 60.7 59.8 59 58 57.3 56.2 55 53.2 50.5 46.9 43.5 40.5 39 37.5 36.2 27.1 36.1 36 36.1 39.7 41.9 42.7 44.3 43.8 43.3 42.5 42 41.5 41.2 40.1 38.4 38.6 37.6 35.9 34.1 36.1 35.2 34.6 34.2 32.9 33.2 34 34 34.7 34.4 32.7 32 31.5 31.9 37.6
60.5 60.5 60.2 59.5 58.2 56.5 53.9 48.9 47.5 51.1 51.6 51.9 51.5 51.7 51.4 50.5 48.8 46.8 49.8 51.8 53.5 54.7 56.1 58.2 58.4 58.4 59.4 59.4 59.5 59.5 59.2 60.2 60.4 60.1 59.6 58.8 57.9 57 56.1 55 53.4 51.8 49.1 45.5 42 38.7 36.2 34.8 32.7 25.6 32.6 32 35.8 37.6 39.5 40.7 41.3 42.4 42.7 42.4 40.6 39.1 39 38 37.6 36.8 36.1 33.8 33.2 32.9 33.2 31.8 31.5 30.9 32.2 32.5 32.3 31.9 30.4 30.6 31.8 33.2 36.1 37
58.3 57.8 57.5 57.4 56.2 54.9 52.7 50.1 43.8 48.1 48.8 49.6 49.5 49.6 49.1 48.2 47 46.1 48.9 51 52.5 53.4 54.5 55.4 56 56.8 57.3 58 58.2 58.4 58.9 59.2 59.2 59 58.4 57.2 56.2 55.4 54.7 53.2 51.6 50.3 47.6 44.2 40.4 36.5 33.1 30.6 28.2 24.3 28.1 31.2 34.1 35.6 37.3 38.1 39.6 40.9 41 40.1 39.4 38 37.5 36.5 36.3 35.3 34.6 33 32.1 31.9 30 29.3 28.4 27.1 26.9 27.5 27.9 28.6 30.8 33.6 35.9 38.1 39.7 40.5
54.7 55 54.7 54.4 53.8 52.6 51.1 48.8 43.7 44 46 47.3 47.3 47 46.5 45.4 44.8 45.4 47.5 49.3 50.7 52 53.1 54.1 54.6 55 55.4 56.4 56.8 56.9 57 57.4 58 57.8 56.5 55.6 54.5 53.7 52.9 51.6 49.9 48.5 46.4 44 39.9 36 32.5 30.4 25.5 22 26.1 29.6 32.4 33.4 34.9 36.2 37.5 38.5 38.9 38.5 37.9 37 35.7 34.3 34 33.8 32.8 31.7 28.6 28.6 28.2 26.6 28.6 30 29.6 34.6 35.2 35.7 37.6 38.7 39.1 41.1 41.8 42.2
51.7 51.2 51 51.1 50.7 50.2 49.1 46.8 43.9 41.5 43.4 45.3 44.8 44.5 43.4 43.3 41.5 43.4 45.7 47.5 48.9 50.7 51.6 52.4 52.8 53.3 54 54.5 54.7 54.8 55 55.4 55.7 55.7 55 54.2 53.1 52 51.1 49.9 48.6 47.1 45.5 43.9 41.1 36.6 32.6 29.2 26.7 20 23.4 27.7 30.4 31.7 33.8 35 35.8 36.4 36.9 36.4 36.3 35.1 33.4 32.4 31.6 32.3 31.9 28.5 28.1 26.4 27.6 31.4 33.2 34.4 35.6 37.7 38.7 39 40.1 40 40.9 41.9 42.4 43.1
49.1 48.6 48.5 48.1 47.8 47.3 46.6 45.9 43.7 37.3 41.7 42.3 41.9 41.6 41.2 39.9 40.3 41.6 43.9 45.6 47.6 49 50 50.1 50.9 51.5 52.2 52.6 52.6 52.8 53.3 53.6 53.9 54.2 54.1 52.9 51.7 50.7 49.4 48.4 47.5 46.2 44.6 43 41.4 37.9 33.4 28.8 25.2 19.4 20.4 25.1 29.4 31.4 32.4 33.7 33.6 34.4 34.8 34.3 34.3 33.4 31.8 30.6 29.1 28.5 28 26.1 25.7 28.4 32 33.1 34.9 36.4 37.8 39.5 40.6 41.1 41.9 41.7 41.8 42.8 43.5 44.1
47.2 46.5 46.2 45.9 45.4 44.8 44 43.1 41.6 37.8 37.5 39.4 39.2 38.9 38.6 38.4 39.2 40.4 42.1 43.7 45.1 46.8 48.1 47.7 48.8 49.9 51.1 50.8 50.6 50.5 51.3 51.8 52.1 52.5 52.4 51.6 50.1 48.8 47.6 46.9 46.2 45.2 43.9 42.7 41.2 38.3 33.8 29.5 24.6 18 19.8 26.4 28.5 30.1 31.2 31.5 31.8 31.8 32.2 32.5 31.9 31.3 30 29.6 28.1 26.6 26.3 25.5 28 32.2 33.7 34.8 36.3 37.9 39.6 40.7 41.6 42.4 43.2 43.3 43.1 43.7 44.4 45.3
45.6 44.9 44.1 43.7 43.1 42.4 41.5 40.4 39 37.8 31.5 37.3 37.2 36.8 35.6 36.7 37.6 38.9 40.2 41.4 42.8 44.4 45.5 45.7 46.3 47.6 48.4 48.8 48.5 48.4 49.4 50.3 51 51.2 50.7 49.9 49 47.8 46.6 45.6 45 44 42.7 41.6 41 38.5 34.5 30 24.7 18 18.5 24.7 27.2 28.2 29 29.4 30.3 30 29.6 29.7 30.1 29.3 28.4 27.8 26.9 25.8 25.4 28 31.2 33.2 35 36.5 37.8 39.3 40.7 41.5 42.2 43 44 44.3 44.8 44.4 44.4 44.1
