STL Generation/terr50_gagg_gb/data/SS98.asc
ncols 200
nrows 200
xllcorner 290000
yllcorner 180000
cellsize 50
[rows 70 to 104 of 200, columns 80 to 159 of 200]
199.6 201.6 203.8 203.3 200.3 191.4 208.2 218.6 224.1 226.8 227.3 227.8 226.5 224.5 224.9 226.9 224.9 211.6 184.4 162.6 151.3 172.7 196.2 217.8 227.4 231.8 231.1 229.2 225.7 218.5 209.6 207.9 210.7 209.6 205.8 200.8 181.2 157.4 159.6 171.7 175.3 170.6 164 156.7 150.1 155.8 169.1 178.6 181.9 182.1 186.8 193.8 198.8 204.3 209.4 213.6 216.1 216.6 216.3 213.8 207.2 210 211.2 210.5 206.5 202.8 202.2 205.1 216.2 229.6 243.5 245.4 246.7 246.4 248.7 250.6 252.5 251.6 252 264
206.3 208.6 211.6 213.6 210.9 202.4 209.4 223.7 230.3 232.6 233.5 234.3 232.4 230 229.6 231.1 229.4 214.5 188 167 160.1 179.7 202.1 223.3 235.6 239.9 239.5 238.3 234.4 229.3 223.3 221.2 222.1 221 214.6 204.4 181.3 159.7 171.8 183.2 190.3 183 177.9 165.4 158.9 164.2 158.5 163.7 168.5 172.1 177.5 184 194.4 203 211.4 217.2 220.5 221.5 220.5 217.7 210.2 219.5 220.9 221.8 219.8 216.8 214.3 212.3 216.5 223.7 233.1 246.3 253.6 254.3 258 261.8 265.2 265.4 263.7 265.1
212 216.7 220.5 222.8 224.8 216.9 214.6 228.9 235.5 237.1 238.4 239.1 238.9 236.6 234.9 236.3 233.6 216.2 190.2 169.7 169.4 188.6 209.5 229.6 242.5 245.5 246.2 245.2 242.8 238.9 233.8 231.1 228.1 224.4 216.6 202.7 182.3 167.3 177.4 191.2 194.3 191.5 184.8 172.5 166.2 167.3 164.7 162.8 164.3 168.5 169.5 173.5 183.8 199.1 209.5 217.1 225 227.1 227.8 224.9 215.2 225.1 228.6 230.5 230.6 229.2 230 226.8 226.3 226.8 230.6 236.7 243.9 251.8 264.7 270.4 275 277.9 278.5 276.4
218.1 223.2 226.8 229.9 230.3 227.8 222.6 231.7 239.2 241.4 242.9 243.7 242.4 240.7 238.5 237.6 234.3 220.6 195.7 174.3 181.2 201 219.5 238.6 249.4 251.1 252.2 251.6 249.7 246.3 242.4 238.1 234.1 226.2 212.9 194.3 178.6 181.2 185.6 197 201.4 200 192.7 177.8 173.5 175.1 173.2 171.5 171.8 173.8 176.8 178 178.9 190.7 206.2 214.3 224.9 229.7 232.9 229.9 223.3 227.9 233.9 237 239.1 238.8 241.3 241.3 238.6 236 239.4 241 244.1 251.3 268.2 277.5 281.9 284.5 286 286.9
222.5 227 231.2 235.2 235.8 234 229.8 235.3 242.5 245.3 246.7 246.7 245.7 244.6 242 239.9 234.6 218.6 193.8 176.3 195.1 212.4 228 246.5 256.1 257.1 257.8 257.5 256.1 253.1 249.5 244.6 239.1 229.2 209.1 192.6 198.4 201.4 198.4 199.9 205.1 205.9 195.9 179.2 178.2 182.9 182.2 182.6 182.3 183.6 185.5 186.7 186.1 189.5 200.3 213.7 223.2 232.4 235 234.5 226.1 225.7 231.8 238.1 242.2 244.7 248.3 252 252.9 252.4 249.9 252.2 252.4 255.3 269.7 281.4 287 290.4 291.8 293.8
224.8 229.9 234.3 238.4 240.4 241.4 238.8 240.4 245.7 249 249.5 249.4 248.9 248.1 245.1 238.8 234.1 215.7 192.8 193.3 213 228 243.6 255 260.5 263.2 262.9 263 261.5 259.3 255.3 251.4 245 232.5 209.4 210.5 218.2 218.1 213.3 209.8 207.8 209.7 204.3 189.2 179 187 192.9 194.3 194.4 198.1 199.3 198.6 197.4 196.2 207.9 218.4 229.2 235.5 239.6 239.7 235.2 233.2 232.7 234.2 243.3 248.2 253.1 257.6 258.7 259.2 258.3 262.2 264.8 263 272.6 280.7 287.4 291.7 293.8 296.6
225 230.8 235.6 240.8 242.9 242.7 241.6 242.9 248.7 251.8 252.2 252.1 252 250.4 246.3 240.6 234.6 213.9 194.5 207.3 226 242.9 257.5 265.4 269.3 270.6 271.1 270.3 268.5 266.3 261.5 257.5 251.6 237.9 214.2 223.7 229.7 226.4 222.9 216.6 214.9 215.3 210.2 196.9 189 187 196.9 203.2 206.1 210 213.2 213.1 210 208.6 217.8 227.4 235.7 241.6 243.9 245.4 246.4 243.8 241 238.4 240.1 245 252.5 258.6 260.6 264.4 266.2 267.4 268.7 267.2 271.3 280.8 287.6 291.9 294.2 297.6
224.9 231.6 236.2 240.8 244.1 245.5 245.5 246.7 249.6 251.7 253.1 254.7 254.7 252 248.2 240.6 235 213.8 206.2 222.6 237.6 253.4 267 272.9 276.7 278.8 279.6 278.3 276.4 273.1 269.8 264.9 256.8 242.5 225.8 235.4 236.3 234 231.2 225.3 221.4 220.8 218.5 208.7 195.9 191.6 203.3 210 217.2 222.2 225 227 223.7 222.8 230 236.2 243.2 247.4 249.3 251.2 253.6 254.2 253 250.7 249 249.9 249.7 256.1 258.7 262 264.9 264.2 262.7 258.5 263.4 271.7 281.5 288 290.7 294.7
225.3 231.1 237.2 242 245 247 248.1 249.2 250.2 253 254.2 255.6 256.2 253.7 251 242.7 233.9 214.1 219.4 235.6 249.7 261.5 273.3 278.4 281.7 283.9 283.8 283.2 281.7 280.7 276 271.9 263.2 247.8 239.9 244.3 245 242.4 239.5 234.5 231 226 224.1 217.5 203.4 200.7 214.6 223.6 227.8 231.4 233.8 234 236 238.7 242.7 248.4 252.7 254 254.6 256.3 257.6 261 262.4 261.3 259.4 255.8 256.9 256.9 256.9 255.9 252.9 250.3 248.1 246.8 250.5 265.1 272.8 276.8 282.7 287.8
227.9 231.5 237 242.7 245.9 247.8 249.7 251.2 252.4 254.7 255.8 256.9 257.4 256.3 254.3 249.3 232.8 222.9 232.7 247.1 259.2 269 278.4 282.9 286.2 288.2 288 287.5 285.9 282.2 278.2 276.3 267 252.9 250 253 252.1 249.7 247.1 242.5 240.1 234.9 229.1 221.8 206.1 210.8 224.5 232.7 237.5 241.1 244.1 245.2 246.3 249.2 253.7 257.7 259.7 258.6 259.5 259.2 261.7 265.4 268.1 269.1 269.3 269.2 266 261.9 260.3 256.4 250.6 245.2 238 233.3 241.8 252.3 261.5 268.6 272.4 276.8
230.6 233.5 238.8 243.1 246.5 248.7 250.9 253.3 254.9 256.4 256.5 257.7 258.6 258.4 256.2 249.4 232.7 231.6 246.3 258.9 265.6 274.7 281.8 285.9 289.2 291.1 290.5 291 289.6 286.1 281.3 276.8 270.7 261.6 260.2 261.3 260.6 258.9 254.5 250.6 248.4 241.6 233.8 226.2 217.5 223.2 233.6 243.3 246.8 250.4 252.8 253.8 253.7 255.4 257.1 260.4 260.9 261.1 261.1 260.6 262.9 267.5 271.3 272.6 273.4 272.9 271.5 268.4 264.4 259.6 250.4 241.8 234.2 222.4 234.1 246.3 253.8 260.3 264.3 267.8
234.4 237.1 240.8 243.9 246.8 249.4 251.4 255 256 256 257.4 258.7 258.8 258.1 255.5 248.6 238.3 242 253.8 263.9 269.5 277.5 281.8 285.8 289.4 291.4 292.5 293.4 290.7 288.2 284.1 279.2 274.2 270.2 271.6 272.2 268.4 266.1 265.4 262.1 258.7 250 241.1 232.5 221.7 234.8 243.6 248.9 253 256.4 258.9 259.8 259.2 259.4 260.7 260.7 262.3 259.3 260.7 260.5 262.5 265.9 269.8 271.4 271.7 273.1 271.9 270.1 266.8 261.1 250.5 234.5 219.6 216.2 226.1 236.4 245.4 253.8 259.5 263.3
236.4 239.9 242.2 244.6 247.2 249.7 252.2 255.6 256.1 255.6 258.3 259.5 259.5 259.1 255.5 249.8 246.3 249.4 257.7 265.5 270.8 277 281.1 285.2 288.6 291.4 294.1 295.5 292.8 290.5 287.1 282.4 278 276.9 278.6 278.5 276.7 274.2 273 270.8 266.5 260 252 245.5 238.5 245.4 251.8 254.8 258.3 261.8 263.6 264.8 264.1 261.6 261.3 260.6 258.4 256.8 256.9 257.8 259.4 262.2 266.5 268.5 269.5 269.1 268.6 266.5 263.4 258 249.5 231.3 211.4 212.3 220.3 229.3 237.9 246.6 254.9 260.5
238 241.1 241.8 244.1 246.5 249 250.8 252.6 254.7 255.4 258.3 260.3 261.3 260.5 258.5 255.8 254.2 255 259.8 263.6 266.8 273.6 279.4 284.2 287.6 290.2 293 295.9 294.5 292.5 290.4 286 283.2 282 281 281.5 281.9 280.8 278.3 275.9 271.4 266.6 260.7 254.7 251.3 253.8 257.7 260.3 263.2 265.8 267.1 266.8 265.3 262.2 259.9 257.6 254 251.2 250.7 251.3 253.5 256.1 260.2 263.5 263.7 263.5 263.3 260.5 257.3 253.3 244.4 222.3 204.8 206.9 217.1 224.8 234.3 243.4 248.1 255.7
237.6 241.1 241.3 243.3 245.6 248 249.2 251.5 254.4 256.7 259.1 260.8 260.6 260.7 260.1 257.3 255.2 256.1 258.1 258.5 265.1 269.4 274.8 280.8 285 288 290.9 293.2 293.7 292.3 290.5 286.2 286.1 282.7 281 280.9 281.5 282.3 281.6 279.7 275.6 271.8 267.1 261.6 258.6 260.5 262.5 265 267.8 269.2 269.6 267.4 264 259.1 255.7 254.9 250.2 244.7 241.5 245.1 247.1 249.7 252.7 255.8 255.9 255.9 255.2 253 249.4 244.9 233.5 212 198.2 201.5 216.8 223.1 232.8 243 249.7 252.5
236.6 238.4 239.8 241.7 244.5 247.2 250.4 252.9 255 257.3 258.7 259.7 259.9 260.4 260.9 258.3 256 254.3 254.2 247.6 260.3 267.1 272.3 276.8 282.6 285.8 288.7 290.3 291.5 290.4 288.8 286.9 284.4 281.1 279.4 279.8 280.1 280.4 279.6 278.3 276.2 274.7 270.8 265 263.6 264.2 266 266.6 269 270.3 269.2 266.2 261.6 256.7 252.3 246 242.4 232.6 230.9 238.6 241.1 243.4 244.3 246.5 247.9 247.9 245.4 242.4 238.2 231.2 219.4 201.3 192.5 200.7 216.6 223.4 232.9 241.9 247.4 250.8
232.3 233.4 234.9 238.5 242.6 247 249.9 252.8 255.2 256.9 257.8 258.7 258.8 258.1 257.4 255.9 253.7 249.1 245 231.4 254.3 263.7 269.6 275.3 279.7 283.3 285.4 286.8 288.1 287.9 286.1 284.5 281.4 278.2 277.3 278.1 276.9 274.2 274.2 274.1 273 272.4 269.5 267 263.7 264.3 266 266.4 267.8 267.4 267.3 266.3 259.1 254.3 249.6 239 233.1 228.5 218 226.5 232.2 236.1 237.3 235.9 236.5 237.7 234.9 232.5 225.2 218.1 207.1 195.5 189.9 198.2 215.9 222.5 230.9 239 244 246.9
228.5 227.3 231.1 236 242.1 246.8 249.6 252.5 254.9 256.1 257.4 257 255.8 254.5 253 250.1 248.1 243.2 229.1 220.9 242.4 258.4 266.2 271.1 275.3 279.3 281.4 283.2 284.4 284.4 282.9 280.9 276.3 273.6 272.8 273 270.9 271.2 271 269.7 268.2 267.2 265 263.9 260 258.5 260.9 262.6 262.7 262.6 262.7 261.8 257.7 251.6 246.3 240.4 234.7 227.6 216.5 210.2 218.4 225.9 228.4 229.5 227.8 225.2 223.6 219.3 213.6 205.2 195 188.7 188.1 197.2 211.3 218.6 224.5 231.1 236.7 239
215.6 215 225.4 234.6 242.2 246.1 249.2 252.1 252.9 256 256.1 254.1 253 251.9 249.5 245.9 243.1 237.1 219.2 208.6 224.6 249 260.7 266.4 271 275.1 277.5 279.3 280.4 281.1 279.3 277.1 272.3 268.5 267.7 266.4 263.7 263.4 263.2 263 262.4 261.2 259.4 257.4 254.2 251.9 252.8 255.4 257.6 258.2 258.3 257.6 255.3 250.9 246.7 242.4 234.1 226.5 218.6 210.3 205.6 210.3 213.5 216.1 216.5 216.1 213 208.7 200.8 190.8 181.6 187.4 189.4 196.3 202.6 208.3 213.6 221.8 226.4 229.5
203.1 216.9 227.9 236.8 242 244.7 247.7 249.5 250.8 250.7 250.8 250.4 247.7 246.3 242 238.8 233.5 228.1 213.8 200 216.3 237.3 252.7 260.5 267.6 270.9 273.4 275.3 276.2 276.7 276.1 273 267.3 262.2 258.9 258.9 256.7 255.5 254.8 254.7 254.3 251.8 252.5 250.8 247.1 240.9 245.3 249.1 253 253.8 253.5 252.7 251.9 251.2 248.1 243.4 239.5 230.9 222.5 217.2 209.3 200 200.8 199.1 201.7 198.2 201.8 196.7 191.1 182 177.6 184.6 190.9 191.7 198.2 202.6 207.6 212.7 216.8 219.3
214.2 225.1 230.9 236.4 239.2 241.9 243.8 245.3 246.4 245.9 244.8 244.2 242.1 239.5 234.8 227.3 218.4 213.4 203.6 192.3 212.7 226.8 238.5 249.8 257.1 263.4 268.7 270.1 271.4 271.8 270.5 266.3 260.7 254.3 246.3 240.7 239.7 240.7 243 242.2 239.6 240.2 237.9 240.3 237.4 223.2 233.9 240.4 243.7 246 246.6 247 247.9 247.9 246.3 243.7 242.1 237 230.4 226.4 219.2 209 203.5 190.8 186.9 184.2 181.4 179.9 175.6 173.2 178.6 178 191.7 183.2 191.1 196.3 198.9 204 207 208.5
218.4 224.9 228 232 234.2 236.9 239 240.4 241 240.7 238.8 237.9 235.9 231.3 222.4 206.3 200.5 198.9 191.3 192.5 211.2 225.5 227 231.8 239.3 246.6 254.8 261.8 263.6 265 262.1 257.1 248.2 239.8 231.3 226.6 225.1 224.2 223.4 222.7 218 216.1 216.2 218.2 213.8 210.4 215 221.1 227.4 235.4 239.6 242.4 244.1 243.9 243.1 242.4 241.5 237.9 233.6 230.9 227.7 220 208.5 199.1 188.5 186.1 180.3 175.9 171.2 167.7 171.4 175.2 179.9 185.6 179.9 187.1 189.3 192.1 194.6 196.3
216.2 220.4 224.1 225.9 226.5 230 234 235.5 235.2 234.5 232.9 231.5 229 219.7 202.3 192 188.6 188.7 181.9 191.2 208.1 222.4 218.3 221.1 226.1 231.2 235.8 243.6 250.3 247.4 245.5 239.5 231.7 227.6 223.7 218.7 215.2 212.3 212 210.1 209.5 206.7 202.5 201.6 200.1 199.4 201.5 205.4 210.5 221.3 229.6 235.9 238.1 238.9 239.7 241.3 240.1 238.3 236.2 235.7 234.9 226.7 219.4 207 196.2 195 190.1 186.3 175 169.3 167.8 167.5 169 169.6 174.4 172.2 178.1 179.9 181.4 182.3
211.2 213.6 215.1 217.7 220.9 225 229.3 229.5 229 228.3 226.8 225.1 222.5 209.3 193.6 181.2 182.2 188.5 176.9 185.9 201 206 209.4 211.8 216.5 221 227.1 228.2 231.9 231.4 228.1 225.2 221.8 217.4 212.7 208.2 207 204.9 204.5 204 201.2 197.4 195.4 193.9 190.1 192 194.4 196.4 200.2 202.6 211.2 222.7 227.5 233.1 234.8 236.5 236.9 236 236.5 235.2 235.6 233.7 229.9 220.3 209.4 204.7 202 196.4 189.4 179.8 173.7 173.9 169.8 157.7 158.7 160.9 161.7 163.7 166.8 168.7
205.7 208.8 208.1 212.5 217.4 221.4 224.8 226 224.1 222.9 221.8 218.5 213.9 198.6 180.9 170 182.6 185.3 173.5 180 193.2 198.7 202.6 205.3 210.6 214.8 219.1 221.3 223.5 223.9 221.2 217.6 213.7 209.3 203.9 199.7 201.3 199.2 197 197.4 193.5 190.5 189 187.3 184.3 179.6 184.8 188.3 190.2 193.2 198.4 203.9 210 215.7 221.5 230.5 232.9 233.6 235.4 234.3 235.3 236.1 233.1 228.5 217.6 210.3 206.2 200.5 197.6 186.4 179.3 178.8 182.3 171.5 159.1 154.8 150.3 153.7 154.2 155.9
198.2 199.8 203.3 207.5 212.4 215.9 217.2 217.5 216.7 214.9 212.7 208.2 199.6 185.3 167.8 164.6 168.3 173.6 170.1 180.1 186.7 191.1 196.3 199.9 205.3 209.6 212.3 214.7 216.7 216.7 213.4 211 206 201.7 198.1 196 196.3 194 190.8 187.4 185.9 184.9 183.7 180.2 176.6 166.6 171.4 175 177.4 182.9 189 194.4 200.1 206.9 209.5 217.1 226.3 228.9 231.7 233.5 234.2 235.7 236.2 232.6 223.4 216.1 210.5 207.4 203.9 195 189.2 188.4 186.9 181.6 173.1 163.5 152.2 142.9 146.7 145.9
188.3 186.9 192.2 199.7 205.6 209 209.5 208.7 207.7 203.9 201.3 196.1 184.6 170.3 161.7 158.2 158.4 158.6 166.3 174.5 181 185.2 189.6 192.1 197.8 202.1 206 208.1 209.8 209.7 207.3 204.8 200.1 196.5 194.1 192.8 191.5 189.5 186.8 182.2 179.9 178.7 177.2 172.5 166.1 158.2 162.5 164.8 168.4 172.1 177.3 184.8 189.9 194.3 198.7 206.4 213.5 223.7 225.5 231.4 232.7 233.8 235 235.4 229.3 222 217.7 215.2 209.8 203.7 198.1 195.6 192.6 184.9 174 165 157.8 150.2 137.2 142.8
176.8 178.1 185.2 191.8 198.8 201.5 202.8 202 198.6 192.4 187 181.4 169.9 163.5 157.7 149.6 149.7 158.1 166.6 170.9 174 179.1 182.9 186.2 190.6 196 199.6 201.5 203.2 203.2 201.2 198.3 195.5 193.4 191.7 190.5 188.5 186.2 181.8 176.3 174.2 172.7 170.8 166.4 159.8 153.2 146.4 152.8 158.3 164.4 168.4 174 179.2 185.7 192 197.1 204 211.6 217.8 225.9 228.3 232.2 233.7 233.6 232.3 228.6 223.6 221.6 217.9 212.1 206.5 201.8 197.1 189.2 178.9 171.7 163.6 154.3 144.5 135.1
160.3 167.1 175.3 183.9 189.3 192.7 194.4 192.1 187.8 181.2 175.1 165.6 161.3 157.8 153.7 146.4 154.7 159.3 164.4 168.4 170.3 172.4 176.8 180.5 184.9 190.6 193 195.3 197.2 197.2 195.8 194.3 193.1 192 190.6 189.4 186.7 182.8 177.8 167.5 165.7 164.9 162.6 157.7 151.3 144.6 136.2 142.9 149.6 155.8 160.6 165.6 170.9 177.3 186.9 194.5 196.9 201.7 213.7 219.8 225 228.9 231.7 233 232.8 230.6 228.4 226 223.2 218.6 213.4 208.1 199.2 192.4 185.7 179.7 169.4 157.9 149 138.7
149.6 153 164.3 174 180.7 182.9 183.8 181.8 177.4 169.8 162.9 158.2 155.5 154.3 144.3 150.4 155.2 157.5 159.4 161.5 165.2 168 170.6 174.4 178.7 182.9 186 188.1 189.7 190.9 189.4 189.5 189.5 189.9 190.1 188.9 187.2 183.9 177.6 169.7 156.6 151.8 151.7 146.5 138.4 131.5 127.7 132 137.2 143.9 151.2 157.2 164.6 171.4 182 190.2 194.7 198 205.8 212.9 219.5 224.9 227.8 230.4 230.5 230.8 229.2 227.5 226.2 221.5 217.3 211.3 203.3 195.3 191.9 183.5 172.4 161.2 151.9 142.4
144.1 148.5 155.7 163.9 170.1 174.1 175.7 174.5 169.3 161.4 157.3 152.8 149 141.6 142.6 151 153.3 153.6 155.8 159.5 162.8 165.8 168.8 170.6 174.1 176.6 180.3 182 182.9 183.3 184.7 185.9 185.3 186.3 187.4 187.7 186.8 185.1 180.3 175 167.2 152.1 139.5 139.4 131.4 127.9 121.6 122.4 127.6 132 137 147.6 158.5 166.6 172.1 180.3 186.3 192.2 198.8 205.4 211.7 217 222.4 225.5 227.7 228 227.4 224.9 224.7 222.8 219.5 213.1 206.6 199.4 190.2 185.4 174.7 164 154.5 143.6
137 139.4 146.8 154.6 160.4 164.7 165.2 164.5 159.8 157.6 153.3 149.7 140.7 135.8 144.8 149.3 150.4 152.3 153.9 157.2 160.4 163.1 167.1 169.8 172.4 175.2 176.2 177.6 178.4 178.1 179.7 182.2 181.4 182.6 183.9 183.9 183.6 183 179.6 176.3 168.9 161.6 146.5 136.9 125.1 122.8 116 113.8 126.2 127.1 136.8 140.7 150.6 160.6 164.4 169.9 180 186.7 192 197 203.5 209.4 214.9 220.1 222.6 224.7 225.4 223.8 222.6 221.2 218.4 213.4 207.8 199.9 189.9 183.3 170.1 165 154.9 144.8
133.3 133.6 138.5 145.8 150.4 152.4 153.1 152.4 153.8 152.6 150.9 147.4 136.5 137.9 144.1 145.8 145.9 148.9 151.8 155 157.7 159.9 162.1 164.8 166.8 169.6 171.2 172.6 173.4 173.3 174.8 177.7 177.8 178.9 179.3 179.3 179.2 177.6 175.8 172.6 167.8 159.7 153.9 145.2 136.5 123.8 113.6 109.3 119.4 127.1 137.6 138.3 137.9 148.9 153.6 163.9 168.5 174.3 179.6 187 193.8 199.8 206.3 212.7 217 218.8 220.5 216.9 216 216.2 214.1 210.3 207.5 198.4 184.8 182.9 169.3 163.3 154.3 145.7
128.1 129.8 133.4 137.7 140.9 142.8 144.8 147.4 148.5 149.1 147.6 143.9 134.5 134.2 138.9 143.4 143.7 146.5 150.6 153.1 154 155.6 157.7 159.8 159.6 161.7 164.4 164.8 167.2 167.7 169.9 171.6 172.4 173.6 172.7 171.3 170.4 170.2 170.1 168.3 164.7 162.2 161 150.6 140.7 126.7 112.6 106.7 118.3 123.3 123.5 122.9 129.7 134.1 147.3 154.8 159.7 163.2 168.5 176 182.8 191.3 198.1 204.7 209.2 211.2 212.5 210.4 205.6 205.3 204 202.6 200.9 195.1 184.3 176.1 169 161.7 151.9 144.3
122.1 123.4 128.3 129.9 135.1 137 139.7 142.9 142.4 143 143.7 140 131.7 129.3 133.5 137.7 141 144.4 148.4 150.9 150.7 150.7 150.1 149.8 149.5 151.5 153.4 155.7 158 159.7 162.8 164.1 165 165.4 165.9 165.4 165.6 165.6 164.9 164.2 161.9 159.4 155.3 148.2 139.5 126.2 108.8 102.2 104.5 116.3 118.5 118.2 122.2 126.8 133.2 141.9 147.8 154.3 158 164 171.5 180 190.4 193.7 199.8 202.5 203.3 201.3 195.9 191.7 191.2 190.5 190.4 187.6 182 174.3 167.6 157.6 148.7 142.4
