STL Generation/terr50_gagg_gb/data/ST06.asc
ncols 200
nrows 200
xllcorner 300000
yllcorner 160000
cellsize 50
[rows 0 to 37 of 200, columns 0 to 83 of 200]
49.1 49.3 49.5 49.7 49.8 49.8 49.7 49.5 49.7 49.9 49.9 49.9 49 48.6 48.6 48.5 47.1 44.7 40.2 34.5 30.3 29.5 29.4 29 30.2 35.5 39.3 43.4 45.7 47.4 47.9 47.7 47.5 47.1 45.7 41.1 35.7 30.2 28.9 22.9 17.2 11.3 8.2 6 6.8 6.5 6 6.1 6.1 6.2 6.2 6.5 6.5 8 8.5 8 8 8 8.1 7.5 6.7 12.3 20.8 29.9 40 44.8 46.6 47.5 46.6 38.6 27.4 19.5 30.6 42.8 50.6 53.8 55.3 56.9 57.4 58 58.5 59.2 59.6 60.2
48.6 48.7 48.9 49.1 49 49.3 49.3 49.2 49.2 49.1 49 48.9 48.5 48.2 47.7 47.9 45.7 46.7 46.1 44.5 42.8 41.3 38.4 30.5 30.4 38.8 43.1 45.5 46.5 46.8 47.2 47.6 47.8 47.6 46.6 42.2 41.2 40.7 37.7 31.7 25.5 18.1 14.4 10.8 9.1 7.5 6.6 6.1 6.1 6.5 7 7.5 7.2 6.4 7.2 7.6 8 8 8 7 6 7.7 13.8 23.2 36.1 42.1 42.9 43 34 20.7 18.9 27 38.8 47.6 49.4 51.9 55.2 56.3 56.6 57.2 58 58.7 58.8 59.5
47.8 47.9 48 48 47.4 47.8 48.6 48.3 48.2 48.1 48.2 47.9 47.5 47.2 46.9 46.9 45.9 46.4 46.1 46.7 46.3 44.5 41.7 32.5 32.1 42.1 46 46.1 46.4 46.8 47.2 47.7 47.8 47.8 47 45.3 47.1 45.4 43.1 38.5 33.8 27.4 24.2 19.1 14 10.2 8.7 8.2 7 7.5 8 8.8 8.6 7.4 6.5 6.5 7 7.6 6.2 5.3 5.7 6.2 9.9 18.7 29.7 38.4 39.4 33.6 18.4 15.1 24.5 35.7 44.5 48.9 50.7 53.1 55.4 55.5 55.8 56.8 57.9 58.1 58 58.6
46.8 46.9 47.1 47 46.5 46.1 47.3 47.2 47.1 47.2 47.3 47 46.7 46.4 46.1 46.1 45.9 46.2 46.1 45.4 46.3 46.1 41.8 33.4 31.7 40.4 46 45.8 46.7 46.9 47.3 47.7 47.9 48 47.8 48 48.3 48.2 46 43.6 39.9 35.8 31.7 27.2 22 16.7 16.2 14.9 12.6 9.3 9 10 9.7 8.4 7.9 7.2 6.6 6.2 5.3 5.1 5.3 5.7 6.5 14.3 22.9 31.7 29.4 22.1 13.7 18.8 32.4 39.9 46.7 49.6 51.9 54.3 54.4 54.5 55.5 56.7 57.4 57.4 57.4 57.8
46.2 46 46.3 46 46.1 45.9 46 46.1 46.2 46.3 46.2 46.1 45.9 45.6 45.3 45.1 45.5 45.5 44.8 44.1 44.7 46.1 44.5 38.1 33.9 36.9 44.9 46.1 46.9 47.2 47.4 47.8 47.9 48.3 48.7 49.2 49.3 49.1 48.1 46.9 43.4 40.8 38.3 33.7 28 25.8 25.1 23.3 20.3 18.2 18.2 18.2 16.4 13.3 10.2 9.1 6.2 5.9 5.5 5.3 5.1 5.2 6.9 10.1 15.4 22.9 19.4 10.5 12.4 28 36.7 43.1 47 50.1 53.2 53.3 53.3 53.7 55.3 56.5 56.8 56.8 56.7 56.9
45.6 45.4 45 44.8 45.2 45.3 45.4 45.5 45.5 45.4 45.2 44.8 44.3 44 43.8 43.9 44.2 44 43.5 42.8 43.3 44.5 42.1 36.9 33.3 33.9 44.3 46.4 47.2 47.4 47.7 47.9 48.3 48.9 49.4 50 50.3 49.4 49.2 48.6 46.3 44.7 42.8 38 34.4 33.2 31.3 30.8 27.4 25.1 24 24.2 22.5 18.9 14.6 12.7 9.1 7 5.8 5.5 5.3 4.6 6 7 8.1 8.9 8.9 10 22 33.6 39.2 44.9 47 49.2 50.9 52.1 52.7 52.6 54 55.3 56.3 56.3 56.2 56.3
45.3 44.9 44.2 44 44.1 44.4 44.6 44.7 44.5 44.2 43.9 43.4 42.8 42.2 42.1 41.8 42.7 42.4 42 41.5 42 41.6 38.8 33.8 33.7 38.5 44.8 46.9 47.4 47.7 47.9 48.2 48.9 49.8 50.4 50.9 50.7 49.3 49.4 48.8 47.2 45.7 44.8 41.9 40.2 39 39.2 37.7 33.9 31.8 30.4 28.9 27.3 24.4 20.5 17.2 14.8 11 8.4 5.1 3.9 3.9 4.5 5.5 6.7 9.2 13.8 21.3 34.3 39.4 42.7 45.8 47.3 48.1 49.1 50.9 52 51.9 52.4 53.4 54.4 55.3 55.6 56.1
45 44.3 44 43.4 43.1 43.3 43.5 43.6 43.5 43.1 42.6 42 41.4 40.6 40.2 39.4 40.8 40.8 40.4 40.1 40 38.7 35.4 33.7 36.8 43.9 45.9 46.3 47.4 47.8 48.2 48.4 49 50.1 50.9 51.1 50.9 49.5 49.3 48.8 48.3 47.3 46.4 44.9 43.2 41.9 41.9 40.8 39.2 38.6 37.4 34.5 32.4 29.9 26.6 23.9 19.9 16.4 10.8 3.9 3.2 3.1 3.6 6.3 12.8 21.5 30.1 35.6 39.5 42.6 43.3 45.2 46.5 47.3 48.2 49.5 50.1 49.3 50.1 51.3 52.4 53.1 53.9 54.8
44.9 44.6 44.1 43.9 42.4 42.2 42.3 42.4 42.4 41.9 41.4 40.8 40 39.4 39.3 39.1 40.1 39.3 39.1 38.8 37.8 36.6 35.6 36.3 41.5 43.7 45.5 45.8 46.9 47.7 48.1 48.5 49.1 49.9 50.5 50.9 51.3 50.7 50.5 51 50.9 49.3 47.7 46.2 44.7 44.2 44 43.7 42.7 41.6 41.2 39.3 37.3 34.9 31.8 28.5 25.2 21.7 17.1 3.8 3 3 3.2 8.1 17.5 24.9 33.5 37.7 40.2 41.8 42.2 44.2 45.7 46.7 47.4 48.2 48.8 47.4 47.6 49.1 50.2 51.3 52.3 53.2
45.2 44.8 44.7 44.3 42.9 41.7 41.4 41.2 41.3 41 40.3 40 39.7 39.3 39.2 39.4 39.3 38.7 38 37.5 36.7 35.9 35.9 39.1 41.3 43.9 45 45.3 46.4 47.4 48 48.4 48.9 49.6 50.5 50.5 50.9 51.5 51.6 50.6 50.8 49.8 48.2 46.7 45.4 45.8 45.7 45.4 44.8 44.5 44.6 42.3 40 38.2 36.5 33.9 31.3 27.2 18.8 3.2 3 3 3 8.4 15.8 22.9 31.2 36.9 39.3 41.2 42.3 43.9 45 46 46.6 47.1 47.7 46.8 46.3 46.8 47.4 48.2 50.2 52.6
45.1 45 44.6 44.1 43.2 41.9 41.2 40.8 40.6 40.2 40 39.7 39.4 39.9 39.9 39.8 39.3 38.8 38.4 37.9 37.9 36.9 37.4 39.5 40.5 42.9 44.7 45.2 45.9 47 48 48.5 48.9 49.5 50.4 50.4 50.6 51.3 51.8 50.9 50.7 49.5 48 47.2 47 47 46.2 45.7 45.9 45.9 45.9 45.1 42.8 41.6 39.7 37.3 36.2 33.2 23.7 3 3 3 3 4.8 13.9 20.2 28.2 35.4 38.6 40.6 41.8 42.8 44 45.2 46 45.8 45.3 43.5 41.8 44.3 45.4 46.4 48.5 51.8
44.7 44.5 44 43.5 42.3 41.8 41.2 40.7 40.4 39.9 39.7 40.4 41.4 41.3 41.1 41.1 40.8 40.3 39.9 39.5 39.3 39.6 39.9 39.6 39.7 41.8 44.1 45.4 46.7 47.7 48.3 48.6 49 49.2 49.7 50.1 50.7 51.3 51.7 51.3 50.6 49.3 47.9 47 47.1 46.7 46 45.4 45.6 45.7 45.7 45 44.4 43.8 41.8 40.5 39.6 36.2 27.8 3.6 3 3 3.3 6.2 13.6 20.3 27.8 34.5 38 39.6 41 41.7 42.9 44.3 44.7 45 42.9 39 39.7 44.1 46.3 48 49.9 52.1
43.9 43.6 42.9 42.1 40.1 40.8 40.9 40.9 40.5 40.8 41.8 42.4 42.7 42.9 42.6 42.4 42.2 42 41.7 41.5 41.2 41.1 41.3 41.1 41.4 43.2 44.8 46.2 47.3 48 48.5 48.7 49 49.3 49.7 50.2 50.3 50.5 51.1 50.6 49.9 48.9 47.6 46.8 46.5 46.1 45.8 45.1 45.3 45.4 45.4 45 44.7 44.9 44.1 42.2 40.1 36.9 27.5 3.8 3 3.3 3.8 7.8 12.1 19.6 27.9 33.2 36.1 38.1 39.9 40.5 41.8 42.4 42.4 41 36.9 34.3 42.2 45 47.3 49.3 51.2 51.9
42.7 42.3 41.8 41.3 40.7 40.7 40.6 41.9 42.1 43 43.8 44 44.2 44.1 43.9 43.8 43.7 43.6 43.4 43.2 43 42.8 42.9 42.8 43.2 45.1 45.9 46.7 47.6 48.1 48.3 48.6 49 49.3 49.6 49.7 49.8 49.5 49.5 49.6 48.8 48 46.7 46.2 45.8 45.5 45.2 44.8 45 45.1 45.2 44.9 45 45 44.9 42.6 39.1 35.3 23.9 3.3 3.9 4.2 5 9.1 13.4 19.6 26.9 32.5 36 37.7 38.7 36.6 37.2 36.6 34.7 32.3 36.2 40.9 43.4 46.1 48.2 49.8 50.7 51.6
41.9 41.4 40.8 41 41.2 42.2 43.1 43.8 43.7 44.3 44.8 45 45.1 45.2 45.7 45.7 45.4 45.2 44.8 44.5 44.4 44.5 44.7 45.1 45.3 45.4 45.8 46.6 47.4 47.9 48.1 48.5 49 49.5 49.7 49.5 49.1 48.7 48.6 48.5 47.6 46.9 45.9 45.6 45.2 44.9 44.4 44.2 44 44.3 44.6 45 45 45 44.9 41.8 37.5 31.6 15.1 4.4 5.1 5.7 7.7 11 16.2 21.6 27.2 32.1 35.3 36.6 33.9 31.5 29.9 25.1 30.4 35.6 38.3 42.9 45.3 47.8 49.2 50.4 50.7 51.6
41.2 40.8 41.4 42 43 44 44.8 45.5 45.5 45.4 45.8 46 45.9 45.6 46.3 46.8 46.1 45.7 45.6 45.5 45.6 45.7 45.5 45.4 45.4 46 46.1 46.2 47 47.5 47.9 48.3 49 49.6 49.2 48.8 48.4 48 47.6 47.5 46.4 45.6 45.1 44.7 44.3 44 43.6 43.6 42.7 43 43.3 43.9 44.6 44.2 42.6 40.4 36.3 23.1 4.6 3.7 5 6.2 8.2 10.3 16.3 21 24 30.8 32.6 31.4 24.7 22.2 24.4 30.9 38.3 40.9 42.8 44.8 47.2 48.5 49.1 50.2 51 51.7
41.2 41.7 42.6 43.6 45 45.8 46.4 46.9 47.2 47.1 46.9 46.9 46.6 46.4 47.3 47.1 46.5 46.3 46.2 45.9 45.1 45.1 45 45.1 45.4 46.3 46.7 46.7 46.7 47.1 47.5 48.1 48.6 48.8 48.5 48.1 47.7 47.2 46.8 46.5 45.4 44.6 44 43.6 43.3 43 42.6 43 42 41.7 42.2 42.8 42.9 41.8 40.6 38.7 31.6 13.5 4.1 4.9 5.4 7.7 7 8 12.1 16.6 19.7 22.3 21.7 19.2 21.4 30.1 35.6 39.4 42.4 43.2 44.8 46.6 47.4 47.8 48.8 49.9 50.8 50.9
41.9 42.6 43.7 44.8 47 47.2 47.2 47.2 47.5 47.5 47.5 47.5 47.6 47.6 47.9 47.3 46.7 46.4 45.9 45.5 44.6 44.5 44.6 45.2 45.9 46.7 47.5 47.4 47.3 47.2 47.5 47.9 47.9 47.7 47.8 47.4 46.9 46.5 46.1 45.5 44.7 43.8 43 42.6 42.2 41.6 41 42 41.9 40.6 40.7 40.8 41 40.3 38.5 38.1 25.6 3.8 4.2 5.1 8.5 10 11.8 9 10.4 12.7 12.5 16.3 21.6 25.7 31.9 35.8 39 41.8 43.2 44.7 46.5 47.3 47.1 47.3 48.4 49.2 49.4 49.5
42.5 43.2 43.9 42.6 46.7 47.2 47.2 47.1 47.5 47.8 47.9 48 48.1 47.8 47.4 47 46.5 46.1 45.7 45.3 44.8 44.6 44.9 45.6 46.3 47.1 47.7 47.6 47.4 47.1 47.4 47.2 47.1 47 46.9 46.6 46.2 45.8 45.2 44.5 43.7 42.9 42.3 42 41.7 41 40.7 41.2 41.9 41.3 41.4 40.9 40.4 40.2 38.3 35.8 21 4.2 5 5.8 12.1 15.5 17.6 18.4 19.8 20.8 23.2 28 29.9 32.2 35.6 38.5 41 42.5 43.7 45.2 47.1 46.8 46.5 46.9 47.6 47.8 48 48
42.9 43.6 44.5 45.1 45.5 47.2 47.1 47.2 47.4 47.9 48 48.1 47.9 47.5 47.1 46.7 46.3 45.8 45.3 44.8 44.4 44.8 45.3 45.8 46.3 46.5 46.9 47 47 47 47 46.7 46.5 46.4 46.1 45.8 45.6 45.2 44.4 43.5 42.7 42.1 41.8 41.6 41.4 40.5 40 40.4 40.8 41.1 40.4 40 39.8 39.5 38.9 35.4 18.6 3.2 4.1 5.3 12.8 16.4 19.7 22.3 24.8 25.8 28.1 31.4 32.7 35 37.5 39.1 41.8 43 44.1 45.9 46.3 46.1 45.9 46 46.2 46.4 46.5 46.5
43.4 44 45 45.9 45.2 47.2 47.2 47.4 47.5 47.8 48 48 47.6 47.2 46.8 46.4 46.1 45.6 44.9 44.1 44.2 46.1 45.8 45.6 45.6 46 46.2 46.4 46.4 46.5 46.5 46.3 46 45.8 45.5 45.2 45 44.7 43.8 43 42.1 41.4 41.3 41.2 40.7 39.6 38.5 38.9 39.2 39.6 39.4 39.1 38.8 38.5 38.1 35.5 17.2 3.2 4.1 5.3 8.6 16.5 20.5 23.4 25.6 27.4 30.3 32.1 34 36.2 37.8 39.2 41.5 42.8 44.1 45.6 45.5 45.3 45 44.6 44.4 44.3 43.9 44
43.7 44.4 45.4 46.5 47 47.3 47.4 47.6 47.7 47.9 48 47.7 47.3 47 46.6 46.2 45.8 45.4 44.7 43.6 44.2 45.1 45.7 45.6 45.6 45.3 45.4 45.6 45.7 45.6 45.7 45.6 45.1 45.1 44.8 44.5 44.2 44 43.4 42.6 41.8 41 40.4 40.2 39.5 38.5 37.5 37.6 38.2 38.9 38.3 38 37.7 37.3 36.9 35.7 15.7 3.1 4.2 5.4 10.1 18.7 21.4 24.3 26 27.6 30.3 32.3 34.1 36 37.6 39.1 41.1 42.4 43.2 44.1 44.3 44 43.3 42.6 42.2 42 41.9 42
44.3 44.6 45.4 46.2 47.1 47.3 47.5 47.6 47.7 47.9 47.9 47.4 47 46.7 46.3 45.9 45.5 45.2 44.2 43.6 43.9 44.9 45.9 45.5 45.4 44.7 44.8 44.8 44.8 44.8 44.6 44.4 44.1 44.2 44.1 43.8 43.5 43.2 42.8 42.1 41.3 40.5 39.8 39.2 38.2 37.1 36.2 36.8 37.3 38.3 37.5 36.9 36.5 36.7 36.9 35.7 16 4 4.6 7.4 10.7 18.7 21.8 24.9 27.2 28.6 29.9 31.3 33.2 35.2 37 38.5 40.3 41.4 42.2 42.7 43 42 41.3 40.7 40.2 40 40 40
45 44.9 45.3 45.8 47.1 47.3 47.5 47.7 47.8 47.9 47.9 47.5 47.1 46.6 46.2 45.7 45 44.3 43.5 43.6 43.8 44.4 44.5 44.6 44.5 44.4 44.2 44.2 44.1 44 43.6 43.1 43.2 43.3 43.4 43.1 42.8 42.5 42.2 41.5 40.8 40 39.1 38.3 37.1 35.8 35 35.3 36.4 37.7 36.7 36.2 36.4 36.6 36.7 34.6 16.9 3.1 4.2 5.9 12.1 17 20.4 23.7 26.9 27.9 28.9 30.4 32.1 33.9 35.7 37.4 38.6 39.4 40.7 42 41.1 40 39.1 38.6 38.5 38.6 38.7 38.8
45.8 45.3 45.4 45.9 47.1 47.4 47.6 47.8 47.8 47.9 48 47.8 47.3 46.9 46.4 46 45.3 44.2 43.1 43 43.2 43.4 43.6 43.6 43.5 43.5 43.6 43.6 43.3 42.8 42.3 42.2 42.3 42.4 42.5 42.4 42.1 41.8 41.5 40.8 40.3 39.5 38.4 37.4 36.4 34.9 33.9 33.2 34.5 36 36.2 36.3 36.1 36.4 36.5 34 21.8 3 4.2 5.5 10.8 14.2 17.6 21 23.9 26.2 27.2 29 30.7 32.9 34.8 36.1 36.8 37.3 38.6 39.6 39.2 38.1 37.1 36.8 37.4 37.5 37.6 37.7
46.5 45.8 45.8 46 46.9 47.4 47.6 47.8 47.9 47.9 48 47.9 47.5 47.1 46.7 46.2 45.6 44.5 43.2 42.2 42.7 42.8 42.7 42.6 42.8 42.9 42.9 42.5 42.2 41.8 41.3 40.9 41.3 41.5 41.6 41.7 41.4 41.1 40.7 39.9 39.5 39.1 38.1 36.9 35.5 34 33.1 32.4 32.5 33.7 34.4 35.3 35.7 35.4 35.1 34.8 27.6 3.3 3.6 5.1 7.6 11 14.3 17.7 20.9 23.4 25.9 27.8 29.9 32.3 33.6 34.3 35.5 35.8 36.8 37.1 37.1 36.3 36 36 36.2 36.4 36.5 36.6
47.4 47 46.2 46.3 46.8 47.4 47.7 47.9 47.9 48 48.1 47.9 47.7 47.3 46.7 46 45.2 44.4 43.4 41.7 42.4 42.9 41.9 41.9 42 42.1 42 41.5 41.1 40.7 39.9 39.3 40 40.5 40.6 40.6 40.5 40.1 39.7 38.9 38.7 38.5 37.8 36.7 35.1 33.6 32.4 31.5 31 31.9 32.7 33.7 34.3 33.9 33.4 32.5 30 11.9 3.3 4.8 6.3 8.6 11.6 14.7 19.3 22.3 24.5 26.8 29 29.1 30.3 31.9 33 33.9 34.5 34.4 34.4 33.9 34.1 34.1 34.6 35.3 35.6 35.7
47.6 46.9 46.6 46.8 47.2 47.7 47.8 48 47.8 48 48.1 48 48.9 47.5 46.7 45.8 44.9 44.1 43.4 41.1 41.9 43 42 41.1 41.2 41.4 41.1 40.6 40 39.2 38.3 37.6 38.3 38.5 38.2 38 38.1 38.5 38.4 37.9 37.7 37.6 37.3 35.3 33.5 31.9 30.6 29.1 27.2 29.2 31.1 32.2 32.8 32.7 31.8 30.3 27.4 20 5.7 4.9 6.2 7.2 8.9 12.6 17 20.7 21.8 24 24.4 25.4 27.1 29.3 30.5 31.4 31.9 31.9 31.7 32.5 33.1 33.5 33.8 34.3 34.7 34.5
48 47.4 46.9 47 47.5 48 48.1 48.1 48.2 50.5 51 49.8 47.9 46.9 46.1 45.4 44.9 44.3 43.6 40.5 42.6 42.8 41.9 41.3 41.1 40.7 40.1 39.3 38.5 37.5 36.6 35.8 36.3 36 35.9 35.8 36.5 36.5 37 36.6 36.3 35.2 34.4 33.1 31.7 30.7 29.1 27.6 24.2 26.3 29.2 30.8 31.5 31.4 30.7 27.8 24.7 19.2 6.9 5.4 6.1 5.3 7.3 9 14.3 16.9 18.8 18.4 21.1 22.5 23.9 25.9 27.8 29 29.2 29.4 30.3 31.5 32.4 33.3 33.4 34.2 34.2 32.5
48.3 47.8 47.4 47.2 47.6 48 49 49.4 48.7 47.5 46.8 46.8 46.4 46 45.6 44.9 44.5 43.9 43.3 42.9 42.4 42.1 41.5 41.1 40.5 39.8 39 38.1 36.9 35.7 34.9 34.2 34.2 34.3 34.5 33.9 34.4 35.6 36 36 34.9 33.7 32.2 31.5 30.5 29.7 28.2 27.6 19 23.2 28.4 30.4 30.5 30.6 29.8 26.8 22.9 14.7 5.4 4.9 6.5 5.6 16.2 13.1 13.8 14.5 16.5 17.3 19 22.2 23.8 24.3 25 25.8 25.5 27 29.3 30.5 31.1 32.2 30.7 30.1 27.2 22.3
48.5 48.1 47.8 47.5 47.5 47.7 47.4 46.7 46.6 46.6 46.6 46.4 45.9 45.2 45 44.4 44 43.5 42.9 42.2 41.5 40.8 40.2 40 39.8 39 38 36.9 35.3 33.8 33.2 32.6 32.7 33 32.8 32 32.2 33.4 34.6 34.1 32.7 31.5 30.1 29.4 29.3 28.7 27.7 26.4 17 19.4 28.1 29.5 29.9 29.7 29.5 26.9 19.5 4 3.8 4.9 6.1 9 20.1 16.8 15.6 15.2 14.5 17.1 19.8 22.6 24.1 24.7 23.9 22.9 22.5 24.4 27.9 29.5 30.1 28.5 26 20.8 11.1 8
48.7 48.4 48.1 47.8 47.6 47.4 47.1 46.6 46.6 46.5 46.3 46 45.4 44.8 43.9 43.7 42.9 42.1 41.2 40.7 40.1 39.5 38.9 38.7 38 37.8 36.7 35.6 34.4 33.1 32 31 31.6 31.7 30.9 30 29.7 31.3 32.5 31.5 30.5 29.4 28.1 27.9 27.8 27.8 27 26.1 17.8 11.9 26 28.9 30.4 29.7 29.8 28.3 9.6 2.9 4.2 4.9 5.9 17.4 21.5 19.7 18.5 17.5 17.6 15.3 16.4 20.2 24.3 25.4 24.1 21.8 19.5 19.6 25.6 26.9 25.3 22.4 12.3 8.1 8.2 8.4
48.9 48.7 48.4 48.2 47.8 47.4 47 46.6 46.5 46.2 45.8 45.3 45.4 43.9 42.7 42.3 41.5 40.5 39.6 39.2 38.7 38.1 37.3 36.6 36.3 36.4 35.4 34.4 33.4 32.7 32.1 30.7 28.4 28.8 27.7 26.9 28.6 29.8 30 29.2 28.4 27.6 27 26.2 26.4 25.1 26 25.7 22.3 8.2 8.5 23.3 27.6 26.2 26.9 20.5 3.9 2.9 2.9 5.9 12.4 24.5 25.7 23.4 21.6 19.2 16.9 14.7 14 16.3 21.2 23.7 22.9 20.8 13.7 11.6 17.5 20.7 15.9 8.9 8.1 8.4 8.5 8.8
49 48.8 48.5 48.4 48.1 47.6 47.1 46.6 46.1 45.4 44.7 44.2 43.5 42.8 42 41.1 40.1 39.1 38.5 36.9 34.4 31.1 31.3 32.4 31.7 30.8 29.6 28.8 28.1 27.2 26.9 25.2 24.6 24.7 24 22.1 23.6 25.3 27.2 27.8 26.9 26 25 24.1 21 13.1 9.6 9.4 8.9 7.5 5 3.1 4 10 11.6 8 4 3.8 3 5.7 23.9 25.9 26.3 26.2 25.3 22.9 19.8 16.4 13.9 16.2 18.2 19.7 12.5 6.5 7.1 8.9 7.6 8.8 7.1 7.3 8.2 8.6 9.9 18.7
49.1 48.8 48.6 48.2 47.8 47.4 46.9 46.4 45.8 44.4 43.6 43.1 42.6 41.9 41 40.3 38.7 36.6 34.8 32.4 30.4 29.8 30.6 30.6 30.3 29.9 30.1 29.4 29.3 28.4 28.1 27.6 27.1 26.4 23.5 21.5 19.8 17.2 19.3 20.5 19.1 17.5 14.1 9.6 9.6 9.6 9.6 10.4 11.8 15.5 11.3 7.2 3.9 3.3 3.2 3.5 4 3.7 4.2 5.7 15.3 26.6 27.2 27.6 26.4 24.9 22.4 19.1 16.1 13.7 14 10 7.1 7.4 6.6 8 6.8 6.8 7.4 7.8 10.4 18.1 25.6 27.1
49.2 48.9 48.5 47.9 47.6 47.2 46.7 46.2 45.4 43.3 42.6 42.3 41.9 41.1 40.2 37.8 36 34.2 34.2 34.3 34.3 34.1 35.6 35.5 35.2 34.1 34.5 33.5 33 32.1 32.9 33.3 31.7 30.2 31.4 29.2 27.1 25.1 21.1 13 12.5 12 12.7 15.7 18.8 23.5 26.9 28.4 27.7 27.1 24.6 24 21.5 19.1 13.9 4.8 4.7 4.4 4.6 5.7 9.7 20.7 28.3 27.6 27.2 26.5 24.2 21.2 17.7 14 10.7 6.8 7.6 7.3 6.7 7.2 7 6.9 7.4 14.3 21.5 28.3 28.8 29.2
48.8 48.3 47.8 47.3 47.1 47 46.5 46 45.2 43.2 42.3 42 41.5 40.4 38.1 35 33.8 35.8 38 38.1 38.3 38.3 38.6 38.4 38.1 38 37.4 36.6 36.7 36.4 37.5 36.5 35.2 34 32.2 30.4 28 27 21.4 20.3 22.3 23.6 25.3 28.1 28.8 29.6 31 31.7 31.6 31.2 31.1 31.5 31.9 32.2 30.9 27.7 16.3 5.5 4.5 5.4 6.4 12.3 26.3 26.2 26.4 25.4 24.1 21.5 18.7 14.2 10.1 6.6 7.8 7.1 14.1 17.2 16.6 18.5 22.1 27 29 30.5 31 31.1
47.8 47.4 47.1 46.9 46.7 46.5 46.3 45.7 44.8 43.2 42.4 41.9 41 40.1 37.6 34.5 37.8 40.4 41 41 41.1 41.2 41.1 41.1 40.9 40.5 39.4 39.5 39.5 38.4 37.4 36.9 35.7 34.4 32.6 29.6 26.5 24.1 22.5 26.2 28.4 30.6 32.5 33.3 33.2 33 33 33.1 33.3 33.3 32.9 32.9 34.3 35 34.4 32.3 28.8 16.2 6.1 5.2 6.4 6.8 25.1 25.4 25.6 25.7 24 21.1 17.3 13.2 9.1 5.9 6.6 6.7 21.5 27.4 28.9 30.7 31.3 31.7 31.3 31.3 30.8 32.1
