STL Generation/terr50_gagg_gb/data/ST19.asc
ncols 200
nrows 200
xllcorner 310000
yllcorner 190000
cellsize 50
[rows 140 to 174 of 200, columns 78 to 155 of 200]
187.3 175.3 166 157.4 147.2 136.4 130.5 124 117.3 113.4 108.7 102.4 97.8 93.6 88.5 88.1 88.2 88.4 88.6 88.8 88.8 89.1 89.4 91.3 91.9 93.1 95.3 100.5 107.4 115 124.7 134.3 143.4 149.2 150.8 156 159 162 165.5 170.2 176.2 184.1 191.8 197.8 204.1 214.2 230.7 245.6 259 271.4 277.7 281.2 283.4 287.3 290.2 290.9 292.6 294.7 294.6 291.3 286.7 278 268.7 265.6 261.3 256.1 249.2 237.9 225.9 210.3 191.3 169 155.8 138.7 123.7 113 107.6 105.2
192.9 182.9 172.4 163.2 154.3 144 136.5 128.4 121.1 117.1 114.5 109.4 102.3 97.9 88.7 88.2 88.2 88.3 88.5 88.6 88.4 88.4 89.1 91.1 91.1 91.3 90.2 95.6 103.7 111.3 120.5 130.2 139.3 144.1 147.4 151.5 155.6 159.9 163.6 166.7 170.8 180.1 188 194.2 201.5 214.9 233.8 247.3 258.6 270.5 277.5 281.3 282.8 286.9 290.5 293.9 296.4 298.3 299.1 296.9 293.5 289.2 276.4 268.3 264.3 258.9 252.9 245.3 235 222.1 201.5 175.7 158.8 140.8 124.8 113.2 105.8 103.7
194.8 187.4 180.3 168.1 159.5 150 141.3 133.2 126.9 124.9 123.8 118.2 109.7 102 95.7 89.6 88.4 88.2 88.4 88.3 88.1 88.2 88.8 89.8 90.5 89.6 89.2 91.3 100.3 108.9 118 127.1 133.5 142 146.2 149.4 153.2 157.4 159.6 163.9 168.3 175.9 183.8 191 197.4 209.8 229.7 246.1 256.5 267.2 274.8 277.8 282.3 286.2 290.3 295.1 299.3 301 302.8 300.9 298.4 293.8 286.1 274.4 267.4 263 257.8 251.5 245.4 238.2 213.6 187.5 165.4 146.1 130.3 117.2 102.9 100.6
195.4 189.4 184 172 163.6 154.7 146.3 140.1 138.4 136.7 134.6 129 120 111.1 105.1 97.7 89.5 88.2 88.1 88.1 88.1 88.1 88.7 88.9 88.8 89.5 88.8 89.7 96.8 106 114.3 122.5 131.5 140 145.3 148.7 151.5 154.6 157.5 161.9 166.1 172.7 180.1 188.5 194.5 203.9 222.8 241.3 252.4 262.3 270.1 275.6 281.8 285.7 289.6 295.8 301.6 303.6 305.8 305.5 302.7 298 290.3 282.6 274.5 267.7 261.7 256.3 254.1 246.5 230.1 200.2 175.2 155 139.2 122.7 106.3 100.1
195.7 189.6 184.1 174.1 164.4 156 151 151.4 152.8 152.8 149.8 143.9 130.8 121.7 110.3 101.8 93.9 89.3 88.1 88.1 88.1 88.1 88.5 88.4 88.3 88.1 88.2 89.2 94.2 103.1 110.5 118.5 128.9 137.2 144.2 147.1 150.2 154.4 158.2 161 165.7 170.9 177.7 185.6 192.1 198.6 214.4 233.9 247.6 256.8 265.3 273.9 280.7 285.6 289.8 296.8 303 306.3 308.8 310.2 306.9 302.3 298.1 291.4 284.1 275.5 268.4 263.1 260.6 256.1 243.5 215.8 191.7 169.2 149.4 132.4 111.9 99.8
193 187.5 182.7 174.8 165.3 160.1 159.8 165.9 167.3 166 163.5 156.5 146.2 131.8 115.2 104 98 91.7 88.3 88.2 88.1 88.1 88.2 88.1 88.1 88.1 88.1 88.1 91.3 100.7 106.6 114 124.2 133.2 141.6 147.2 151.2 155.6 160.2 161.4 164.7 169.4 175.4 182.2 187.4 194.7 207.9 225 241.2 251.6 261 269.3 278.2 284.7 289.4 298.5 304.4 309 310.9 311.7 310.8 306.6 303 298.2 291.7 287.1 277.8 267.9 265.4 262 250.9 231 206.4 190.2 161 138.2 120 104.2
191 186.1 181.1 174.1 165.9 165.8 170.9 179.1 182.4 178.8 174.2 167.4 157.5 142.2 124.1 109.7 102.2 95.1 89 88.3 88.2 88.1 88.1 88.1 88.1 88.1 88.1 88.1 89.1 100.7 104.4 109.9 119.9 127.5 137.4 145 151.6 155.4 159.5 161.7 164.4 168.6 172.8 179 184 189.8 203.5 218.6 231.6 244.5 256.2 264.7 273.8 282.5 289.9 298.9 305.2 310.2 311.7 312.6 312.3 310.7 306.5 302.1 298.7 294.1 287.9 278.5 269.7 265.3 258.3 242.1 221.6 205 176.6 148.1 128.1 111
191.8 186.9 180.5 174.9 171.7 174.2 180.4 190.8 189.8 186 181.4 174.7 166.8 155.7 139.3 121.2 108.2 100.7 93.8 88.2 88.1 88.1 88.1 88.1 88.1 88.1 88.1 88.1 88.1 95.8 103.1 107.2 115.6 124.2 134.9 143.6 149.8 154.8 158.9 160.6 164.4 167.1 170.9 176.1 182 187.3 199.9 213.1 224.5 236.4 250.4 261.6 270.4 279.5 288.7 297.4 303.9 308.4 311.2 312.6 311.9 311.1 309.2 305.9 303.4 298.7 294.3 287.4 278.4 269 264.3 254 233.4 214.7 185.6 156.5 133.9 116.4
192.6 188.2 182.2 180.9 179.1 182 190.9 195.9 194.9 191.9 188 182.4 174.3 165.8 154.2 130.7 119.1 108.5 100.6 90 88.1 88.1 88.1 88.1 88.1 88.1 88.1 88.1 88.1 90 97.5 104.1 113.1 121.7 129.7 138 146.2 153.5 158.3 161.2 162 165.4 169.4 174.1 180.9 187.7 198.3 210.2 219.7 230 245.2 257.7 267.6 276.7 287.4 295.8 302.8 307.3 311.3 313.4 313.1 312.7 310.6 308.2 306 304 299.8 295.2 289.3 278.4 268.6 258.4 242.2 218 188.4 159.7 138.4 118.8
192.1 189.1 188.6 187.7 189.9 194.7 201.4 202 199 195.9 192.3 188.2 179.7 174.4 160.4 140.9 126.9 116.7 107.2 100.8 91.6 88.1 88.1 88.1 88.1 88.1 88.1 88.1 88.1 88.1 91.8 101.8 109.6 117.7 127.2 137.4 144.3 150.6 155.4 160.8 160.8 163.9 168 173.3 180.8 188 196.1 206.5 215.2 225.2 242.2 253.6 265.1 274.7 284.3 294.6 301.8 307.2 311.6 313.5 314.8 314.4 312.7 310.2 307.7 306.5 304.8 301.3 294.6 285.7 274.4 260.6 245.4 217.7 190.1 161.6 141.1 121.9
198.2 197.8 198 197.1 200 206.8 206.7 204.6 201.2 197.7 192.8 187.8 182.8 174.7 161.9 149.3 135.2 124.1 114.5 109.1 102.7 89.8 88.1 88.1 88.1 88.1 88.1 88.1 88.1 88.1 88.7 96.8 107.8 116.7 125.5 133.6 141.3 146.6 151 153 159 163.1 168.8 174.3 180.7 187.5 195.4 205.3 214.4 225.2 240.1 252.8 261.6 271.9 281.6 293.3 301.1 306.3 311.1 316 317.5 317.4 314.7 312.2 308.6 307.6 306.3 302.1 294.3 285.8 275.8 259.7 238.3 212.5 187.8 161.9 141.3 124.2
207.2 207.7 210.6 214.1 218 217.1 212.9 206.3 201.7 197.3 191.8 187.3 184.7 176.4 163.5 155.4 142.3 129.7 119.5 112.5 104.2 97.1 90.4 88.1 88.1 88.1 88.1 88.1 88.1 88.1 88.1 92.4 106.5 114.8 121.1 128.4 135.7 139.8 145.5 150.2 159 166.5 171.3 176.6 182.6 189.4 195.8 203.6 215.5 226.3 239.6 251.7 261 268.9 280.1 292.8 300.1 305.9 311.9 318.1 321.2 319.7 316.8 313.2 309.3 307.7 306.1 301.1 292.1 283.2 272.5 252.3 229.1 205.4 181.3 156.5 138.7 120.9
224.7 232.3 236.4 233.4 229.4 225.8 221.7 210.9 199.7 195.7 190.1 186.2 184.1 177.9 167.1 159.2 150.3 135.1 125.9 117.9 109.3 102.2 95.4 90.7 88.1 88.1 88.1 88.1 88.1 88.1 88.1 88.6 104.9 111.9 117.5 124.7 129.9 141.1 151.6 161.5 166.9 170.9 175.3 180.1 186.1 192.8 199.8 207.5 220.3 227.9 238.4 249.3 261.6 269.3 279.5 291.1 298.4 304.9 312 317.5 325.7 323.8 316.6 313.2 310.6 307.3 304.2 299.4 292 281.1 268.2 244.8 220.7 198.4 175.6 154.7 139.1 124.2
242.6 245.9 246.8 243.5 236.7 232.5 227.9 220 206.8 195.5 189.8 185.3 181.6 177 169.4 163.7 155.3 144.8 133.1 124.3 115.7 107.3 99.6 93.8 88.6 88.1 88.1 88.1 88.1 88.1 88.1 88.5 100.9 107.4 112.4 120 133.9 145 156.6 165.6 172.2 176.5 180.6 184.7 190.4 197 203.4 212.3 223.7 232 241.8 252.9 265.2 273.9 279.3 290.5 297.7 304.2 311.6 316.5 321.8 325.4 318.4 315.3 312.6 308.7 302.5 296.1 289.6 278.4 260.7 238.3 215.1 192.6 171.2 153.9 138.8 124.5
256.1 255.3 255.1 252 243.8 238.4 232.5 224.3 215.9 202 190.7 185.9 182.1 177.4 174 168.9 161.5 152.4 142.2 133 122.2 112.6 103.1 95.4 89.4 88.4 88.1 88.1 88.1 88.1 88.2 88.4 90.9 99.8 112.7 120.8 134.4 145.3 158.2 170.6 179.2 183.5 185.2 188.4 194.7 201.3 208.1 217.8 226.1 234.9 244.9 257 269.5 278.2 283.5 291.3 297.3 304.1 310.9 315.9 322 325.9 325.8 320.4 316.3 310.3 301.4 291 282.4 270.2 250.2 229 209.5 190 171.2 155.3 140.7 127
265.1 262.4 260.8 258.5 250.4 243.6 237.6 230 221.5 211.3 199 188.7 183 179.5 176.6 172.9 166.6 160.6 151 140.7 127.5 116.6 106.4 98.6 90.3 88.7 88.1 88.1 88.1 88.1 88.3 88.5 88.6 99.2 109.8 119 131.8 143.9 159.4 173.3 185.8 190.6 191.5 193.7 199.4 204.9 211.9 219.8 227.2 237.7 247.9 259 273.7 281.7 288.4 296.4 300.1 305.4 312.1 316.7 324.5 325.7 325.3 325.7 318.6 309.5 300.5 288.8 275.2 261.9 240.6 223.8 208.3 192 174.1 158.9 143.9 130.5
274.4 268.3 264.4 262.5 255.5 248 242.7 234.9 226.5 217.7 206.4 194.7 186.9 184 181 177.2 172.9 165.5 157.4 147.6 134.4 121.4 110.6 102.7 94.5 91.1 88.6 88.1 88.1 87.4 85.8 85.3 85.2 91.5 105.9 116.8 128.5 141.5 159 175.1 188.8 196.9 197.9 200.1 204.6 209.5 215 221.3 229.1 240.5 249.4 260.5 275.4 284.3 291.3 300.7 305 309.3 313.6 317.8 323.9 325.7 325.4 325.6 316.3 307.8 297.5 287.4 273 257.3 236.9 224.7 210.7 193.3 177.3 161.1 145 131.3
282.7 277 270.3 265.5 259.9 253.4 248.4 239.7 232.2 223.9 214.8 205.9 196.1 188.9 184.4 181 176.8 172.1 164 153.6 144.5 128.8 114.9 105.1 98.7 96 90.7 88.2 87.4 84.2 82.2 82 82 88.5 104.1 115.2 126.8 140.3 156.4 174 192 202.3 204.3 205.7 210.4 215 219.3 224.5 232.3 241.8 250.4 260.9 277.4 287.4 294.3 302.2 309 313.6 317.3 319.4 323.6 325.7 323 320.8 314.8 304.8 293.8 284.2 271.6 256.5 240.1 224.6 210.3 190.3 169.5 157.8 144.5 133
288.4 283.2 276.3 271.3 266.8 258.1 252.9 246.1 238.2 232 223.6 217.5 212 197.9 187.2 183.9 181.4 176.9 170.2 161.7 153.3 140.2 123.9 111 102.4 101.1 90.3 86.9 85.1 82 82 82 82 84.8 96.8 113.1 127.1 140.8 153.9 170.2 191.7 210.1 211.2 212 216.8 220.5 224.3 228.6 233.7 242.1 251.4 264.1 279.9 291.3 298.3 306 311.5 317.9 321.9 319.4 325.5 326 320.7 314.7 311.1 303.6 293.2 281.9 268.4 253.6 244.9 230.9 212.3 195.4 181.4 171.7 158.1 142.8
293.8 288.2 282.5 277.6 273.7 265.2 257.3 251.3 245.2 238.6 231.5 226.6 223 208.2 192.5 186.5 186.4 180.6 175.4 169.8 162.3 152.1 137.5 121.4 107.5 101 88.8 86 83.4 82 82 82 82 83.3 91.7 108.4 125 138.2 151.3 167 190.1 214.5 217.7 219.5 222.9 227.1 230.7 233.6 237.2 243.7 252.1 269.1 283.9 294.2 301.5 309 313.7 319.3 324.7 318.6 322.9 325.8 317.5 311.8 308 301.1 293.6 283.8 276.4 267.2 252 234.3 218.5 208.8 196.6 184.5 167.1 153.5
299.8 294.6 288.5 284.1 280 273.6 261.9 256.7 251.1 244.6 238.6 233.5 227.7 215.5 196.8 189 189.1 185.3 179.8 174.3 168.8 158.6 147.4 133 111.1 96.5 87.7 84.7 83.6 82 82 82 82 82.6 88.1 105.6 121.3 135.7 148.9 164.9 187.2 214.3 223.8 226.9 229.2 232.3 236.9 240.6 242.5 245.9 258.7 274.6 287.4 296.2 304.3 312 316.6 323.1 326.1 325.7 325.8 326 316.8 312.2 309.4 305.3 299.6 294.1 288.6 279.1 264 250.2 239.3 229.8 216.7 201.3 179 162.9
304.4 300.4 294.9 288.5 284.7 280.7 268 262.2 256.9 251.8 245.3 236.6 229.7 218.9 206.4 191.8 188.3 185 180.7 176.3 173.1 166.9 155.6 141.3 119.6 97.7 87.3 82.2 83 82.3 82.1 82 82 82.4 86.8 104.5 120 134.9 147.8 161.5 182.8 207.2 225.1 234.2 236.5 236.1 240.8 246.5 250.4 250.6 261.4 276.2 288 297.6 305 312.2 317 320.2 323.4 322.2 326 325.8 318.6 315.3 312.5 308.4 303.6 301.4 295.3 286.9 277.2 270.5 259.4 245.5 234.2 217.2 193.8 171.8
309.9 305.3 299.9 291.7 288.6 284.1 275 266.6 262.9 258.7 251.6 239.1 231.6 221.2 210.3 202.6 190.1 180.6 174.6 171.7 171.2 170.1 164.2 150.8 131.7 102.2 88.5 82.6 82.2 82.1 81.9 81.9 82.1 82.6 87.6 103.4 119.8 134.3 145.8 158.5 177.1 199.6 218.8 234.5 235.8 234.6 243.3 250 255.1 257.6 263.2 272.6 287.1 297.7 305 311 314.2 317 318.9 318.7 322.5 325.9 320.8 317.3 313.9 310.5 308.2 305 300.6 293.8 285.9 283.1 279 263.5 246.7 231 205.8 179.5
311.2 308.4 303.3 296.9 292.9 287.5 279.9 271.8 266.7 263.9 257.7 242.4 231.5 222 214.6 205.8 194.8 179.2 165.8 164.5 166.9 170.6 169.6 160 131.7 101.4 87.7 83 81.6 81.5 81.4 81.4 81.4 82.5 85.6 103.3 120.4 133.9 143.9 155.1 174.3 192.5 210.4 230.1 231 231.9 242.7 249.9 257.7 258.9 262.7 267.9 279.6 293.1 303.4 308.4 311.1 313.4 315.4 317.3 319.1 319.9 319.3 319.1 316.7 315 312.5 310.1 305.8 300.6 293.3 288.4 287.2 279.2 261.7 239.6 217.6 188.7
312.6 310.4 306.3 300.2 296.1 291.3 283.4 274.2 267.9 265.3 259.2 247.9 235.2 223.6 215.7 207.5 195.2 183.3 160.4 157.5 158 160.3 160.7 145.6 122.5 99.6 88 83 81.8 81.6 81.5 81.4 81.5 82.2 86.5 104.5 121.3 134.5 143.9 154.8 169.3 184.1 202.1 218.4 226.4 226.5 237.6 248.8 255.6 257.2 261.6 265.8 273.1 286.3 299.4 305.7 307.8 309.6 312.3 314.6 316.1 317.7 318.3 319.1 319.5 319.1 318 316 311.7 307.3 302.1 296.6 294.2 290.5 271.3 247.2 224.7 197.2
314.2 312.1 308 302.6 298.4 294.3 287 276.2 269 265.6 261 253.6 242.3 227.8 219.1 210 194.6 182.9 160 149.6 144.3 141 140.8 131.1 113 95.1 87.1 83.4 82 81.6 81 80.7 82.2 83.9 88.2 107 122.5 134.8 145.3 155.2 168.5 179.4 195 212.1 218.1 220.6 229.1 241.8 251.7 255 259.8 262.4 268.5 279.6 291.5 301.2 303.9 306.9 309.6 311.9 314.9 316.9 318.1 319.2 319.8 320.1 322 321.2 319.2 314.6 309.5 304.4 300.6 295.2 279.8 255.1 229.4 203.4
314 311.5 309.1 304.6 300.7 296.8 290.8 279.6 271.7 266.4 262.8 256 249.4 233.8 223.6 214.1 195.8 180.2 158.5 141.5 133.5 125.8 120.9 111.9 99.1 87.3 83.6 82.9 82.2 80.8 80 79.6 81.3 83.8 91.4 108.9 120.7 132.9 144.4 154 167.1 177 189.5 205 212.8 216.9 224 232.3 242.5 250.2 251.7 255 262.6 273.7 284 295 300.6 304.9 309.4 311.4 315.1 317.1 318.7 319.8 319.8 320.6 323.5 325.3 324.7 322.4 317.4 312.3 307 299.9 287.3 260.7 233.1 209.5
313.7 312 310.1 306.9 303 299 294.3 286.4 276.7 268.1 265 260.3 253.7 241.4 227.1 218.2 202 179.4 156.8 137.6 126.9 109.7 102 99.2 90.8 83.4 81.7 82 82.1 82.4 81.5 79.8 80 83.9 95.9 108.1 120.6 134 144.6 153 162.7 173.5 185.8 198.2 204.7 211.9 221.3 228.3 235.1 241.4 244.4 247.8 256.3 269.6 281 291.2 297.4 305.3 310.1 312.8 315.5 318.3 320.3 321.7 321.9 323.7 325.9 328.1 329 329.2 325.4 319.2 314.2 307.5 292.9 266.2 236.2 214.4
313.9 312.9 310.4 309 306 301.9 297.3 291.4 283 272.2 266.9 261 256.8 251 236.4 221.4 208.7 181 155.6 135 124.5 110.3 104.6 93.3 86.6 82.1 82.3 81.8 82.3 82.6 81.7 81 81 83.8 100.2 114.7 128.2 141.5 156.7 170.6 174.8 175.1 182.6 191 202.3 211.5 220 227.8 232 237.1 239.3 245.9 257.5 271.1 282.5 291.5 297.8 305.1 310.7 314.2 316.9 320.1 323.5 327.9 328.7 328.4 328.7 329.5 330.4 332.2 330.1 326.1 321.4 313.9 299.8 270.9 240.2 219.8
314 314 311.5 309.5 307.7 303.8 298.7 291.5 284.6 277.2 270 262.8 257.1 255.3 244.6 225.6 210.9 183.1 154 136.6 123.5 107.3 98.4 87.7 82.7 82.1 82.5 81.6 81.4 82.4 80.1 79.5 80.7 82.5 100.9 115 130 146.7 164 179.9 186.2 187.3 190 196.4 203.7 211.8 222.3 230.8 233.9 237.7 240.5 245.8 257.7 272.5 282.9 290.7 298.4 307.3 313.9 318.4 321.6 324.7 328.6 330.2 330.2 329.9 329.7 330.5 332.1 332.2 332.1 329.6 326.5 321.2 306.7 275 245 223.6
313.9 314.5 309.9 309.8 308.2 304.6 300.2 291.7 283.6 275.8 268.7 262.1 256.7 255.8 247.5 227.5 210 185 154.4 136.8 123.5 107.2 90.4 82.2 79.4 79.7 80.2 80.9 79.6 79 78.9 79.9 78.9 84.5 104.5 116.1 131.6 149.3 169.5 185.7 192.2 191.4 193.9 197.8 203.4 210.6 222.3 231.9 234.7 238.2 242 246.7 257.8 276.1 285.4 292.9 300.1 311.1 318.7 322.2 324.9 327.7 330.1 330.9 330.8 330.7 330.7 330.7 331.7 331.2 330.9 332.4 329.3 326.2 314.8 279.9 249.6 227
313.6 310 309.8 309.2 306.5 302.8 297.2 289.8 279.7 272.5 265.5 259.1 254 251.4 244.6 226.9 210.2 183.8 155.5 138.6 127.4 112.3 91.1 79.1 78.7 78.8 79.1 79 78.7 78.9 81 80 78.7 88.9 105.3 116.4 133.5 152.3 172 191.2 195.3 195.3 195.2 198.1 203.5 209.3 220 229.6 233.9 238 242.7 248.3 260.2 279.4 289.5 296.2 303.1 313.8 321.6 325.4 327.9 329.6 331 330.5 330.6 331.4 332.5 331.7 330.3 330.2 330.2 331 330.9 329.7 320.6 286.9 257.8 231.8
312.1 310 310 309.1 305.7 300.5 293.6 287 276.3 268.6 260.4 253.6 245.1 241.5 236.1 224.6 207 183.1 157.3 139.8 128.9 115.6 99.1 86.1 79.9 78.6 78.2 78.1 78.4 79.3 80.9 78.9 78.1 90.5 103.6 116.5 134.3 151.5 173.1 191.8 199 198.5 196.2 197.8 202.3 206.9 215.3 225.6 231.8 237.6 242.8 249.7 261.9 280.1 293.5 300.4 306.5 315.6 322 326.2 329.1 330.7 331.7 330.6 330.4 331.4 332.5 332.1 330.9 330.3 330 330.2 331.2 331 325.9 292.5 263.5 240.6
310.2 310 309.7 308.2 304.8 300.4 291.9 285 274.1 263.4 255.6 243.2 232.5 229.8 228.6 218.4 203.1 185.7 163.8 140.5 130.4 115.5 102.7 91.5 82.7 77.8 77.7 77.7 77.6 78.7 79.3 78.4 78.1 90.1 102.5 116.6 132.8 149.8 171.7 190 198.1 198.9 196.7 196.9 201 204.9 209.5 218.2 227 234.4 242 253 264.4 277.8 298.5 305.7 307.5 314.2 321.1 324.4 328.3 330.9 331.2 329.9 329.3 329 330 330.3 330.7 330.2 330 330.1 332 332.6 327.7 297.7 270 247.1
309.3 309.6 309.2 307.3 302.8 296.8 289.4 283.1 272.7 259 247 233.9 224.8 223.3 221.5 212.3 197.4 185 166.2 142.3 131.1 115.3 101.6 90.3 81.2 77.5 77.5 77.5 77.5 77.5 79.2 78.3 79.1 89.2 102.7 115.3 130 146 167.4 186.2 193.6 197.2 196.3 196 199.6 203.1 206.1 210.9 220.9 230.6 240.4 255.4 265.4 279.3 301 308.5 309.7 310.5 319 322.8 326.2 327.8 327.2 325.5 325.3 325.9 326.7 327.8 328.9 329.3 330 330.6 332.4 332.3 329.7 304.8 277.9 254.4
