STL Generation/terr50_gagg_gb/data/ST28.asc
ncols 200
nrows 200
xllcorner 320000
yllcorner 180000
cellsize 50
[rows 148 to 184 of 200, columns 0 to 84 of 200]
43.7 48.9 54.7 59.8 63.9 65.8 67.3 68.2 67.8 67.1 68.1 68.2 68.3 68.4 69.6 69.6 71.7 71.7 67.2 65.7 61.6 58.3 58.3 53.6 50.9 46 45.1 46.6 49 51.3 51.8 49.5 49.3 48.6 48.8 49.5 49.4 48.8 47.7 42.5 42.6 44.1 44.7 44.2 41.6 35.6 28 23.5 20.6 16.5 16.3 16.3 16.6 16.3 16.4 17.7 19.6 21 24.4 26.5 29.4 31.2 32.2 34.4 38.6 42.2 43.9 46.1 49.5 51.3 53 51.3 45.7 42.1 39.2 36.2 33.9 31.6 30.8 29 28.2 31.2 30.9 32.9 35.7
45.4 50.1 54.8 58.7 62.3 64.6 65.5 65.4 64.2 64.1 64.4 64.8 65 64.2 68.7 68.9 67.5 66.8 65.4 63.2 59.6 56.3 54 51.8 45.5 44.4 44.3 45.7 47.8 50.4 49.8 48.6 48.9 48.6 48.7 49 48.7 48.5 45.7 41.6 42.5 44.5 43.1 42.9 41.5 35 28 23 19.5 14.5 16.6 16.2 16 16.3 16.1 16.8 20.8 22.8 25.2 26.2 27.4 29.8 33.1 37.9 42 45.9 47.5 49.4 49.7 49.8 48.5 44.3 40 36.6 34.5 32.8 31.3 31.3 31.1 28.1 30.2 28.5 31.7 34 34.3
46.5 50.3 53 56.7 60 62.5 63.2 62.9 61.3 61.1 60.9 61.4 60.6 60.9 62.7 65.1 65.8 64.8 63.1 60.7 56.4 52 49.1 48.1 46.7 42.9 43.3 44.5 47.3 49.4 48.9 48.4 48.2 48.3 47.9 46.8 46.6 46.6 43.7 38.4 41.2 42.3 40.8 40.4 39.2 34.8 27.3 22.4 17.5 15.4 16.2 16.4 16.4 16.3 16.2 18.8 22.3 24.8 27.9 29.6 31.1 33.5 36.2 39.6 44.3 46.4 49.6 50.1 48.9 46.8 42.9 39.3 34.8 32.4 30.9 30.2 29.9 31.5 31 28.9 29.3 29.1 32.7 34 33.3
45.7 48.8 51.6 54.9 57.9 59.7 61.3 62.2 60.8 57.7 56.2 55.8 55.9 57.5 60.7 62.4 63.4 63.7 61.3 59 55.5 49 46.2 45.1 42.9 40.5 42.9 44 49.7 51.6 51.5 49.5 48.6 47.9 47 46.1 45.9 45.8 42.8 38.9 35.8 40.3 39.7 36.8 35.4 31 26.2 21.8 15.9 15.9 16 16.2 16.3 16.4 16.1 20.1 22.5 26.7 28.7 33.2 34.7 35.7 38.9 40.7 43.9 47.2 49.7 49.9 47.3 43.4 39.3 35.3 32.1 30.2 29.8 30.4 30.7 30.4 28.7 29.9 27.5 29.7 32.7 32.8 32.3
43.9 47.1 50 54.2 57.5 59.9 60.8 60.8 60 56.4 51.4 51.3 51.3 54.9 58.3 59.6 61.2 61.1 59.5 55.6 53 47.1 42 41.3 40.3 38.1 41.8 45.3 48.1 51.7 52 49.8 49 47.9 50.1 46.4 44.8 44.9 41.7 39.9 34.3 31.9 35.1 34.2 31.3 28.8 25.1 22.2 15.7 15.7 14.6 15.8 15.9 16.3 16 20.1 24.1 27.7 30.6 34.4 36.7 38.2 40.1 42.6 44.2 46.4 48.2 48 45.3 41.7 37.7 34.5 31.7 30.3 30.4 30.2 29.5 28.8 29.3 27.3 27 29.6 31.7 31.3 32.1
42.5 46.6 50.7 55.6 59.3 60.9 56.7 56.9 50.7 51.4 47.9 46.1 47.2 52.9 54.9 57.4 58.7 58.9 56.3 53.6 50.6 44.9 41.3 39.4 38.7 36.6 41.1 42.8 44.9 49.8 52.2 50.7 49.7 49.2 49.2 44.2 44.2 44.2 41.2 40.5 39.9 30 27.4 28.7 28.7 26.2 24.2 21.6 15.7 15.8 15.7 15.8 15.9 16.2 15.8 21.1 25.4 29.4 32.3 35.1 38.5 39.6 40.8 42.7 44.2 45.7 46.3 44.8 42.6 40.4 37.4 33.9 32.8 31.2 30.8 30.2 28.9 28.5 27.5 26.4 25.9 28.5 30.5 29.3 29.6
43.7 48.9 52.7 55.7 56.8 56.9 54.6 50.3 46.7 46.3 45.3 44 44.9 50.8 54 56.3 57 56.2 55.3 51.6 48.2 44.2 40.5 37.3 36.1 35.8 39.4 42.3 45.3 50 52.8 51.7 49.2 47.4 48 47.2 40.3 44.9 41 41.3 40.2 34.9 27.2 25.3 25.5 25.1 22.4 20.6 15.6 15.5 16.1 15.7 15.5 15.7 16.7 22 26.8 31.7 35.5 38.3 39.7 40.9 41.5 43 44.1 44.7 44.6 41.9 39.3 38.2 36.8 34.6 33 32.4 31.4 28.7 28.1 26.1 25 25.5 25.3 27 28.1 28.1 28.3
43.4 47.1 51.2 53.3 54.5 51.8 50.8 47 42 40.9 41.7 41.3 44.2 50 53 55.3 53.8 52.3 49.5 48.1 47 41.1 40.3 37.1 36.3 34.8 38.7 41.3 45 49.3 52.2 51.2 48.2 47.7 47.4 46.4 44.5 40.2 41 40.5 36.3 32.3 28.4 23.4 22.8 23.2 21 16.1 17.1 13.7 15.2 15.1 15.3 15.6 18.1 22.6 28.5 33.9 39 40.8 40.8 41 41.8 42.6 42.3 41.7 41 38.5 36.5 35.6 35.5 34.4 33.3 32.1 28.5 28.5 25.8 23.7 23.7 24.2 24.4 25.4 26.8 28.1 28.9
41.5 45 49.2 50.4 49.9 48.3 44.4 41.8 37.6 37.4 37.7 39.4 44.4 47.9 52.3 54.1 52.1 50.3 48.4 41.6 40.6 40.6 38 37.3 34 31.9 36 39.8 44.1 48.4 50 50.9 50.6 48.9 47.3 45.7 45.2 39.9 42.4 41.4 37.3 32.1 26.7 23.4 20.7 21.6 16.8 15.2 15 15.2 15.8 15.7 15.4 16.9 20.2 23.6 29.2 34.5 40.5 42 41.2 40.5 39.3 39.3 39 38.6 37.4 35.6 34.5 34.7 34 33.8 29.8 28.5 29.2 27.1 23.7 22.4 22.2 23.1 24.6 25 25.8 26.4 26
39.6 42.7 46.4 46.9 42.3 39.2 37.4 35.4 35.6 35.1 36.7 39.3 43.1 47.7 50.4 52 51.5 48.8 46.2 41.2 40.3 39.8 40 34.1 31.8 30.4 32.3 35.5 42.1 46 48.8 50 49.3 48 45.9 45 40.2 43.9 41.8 39.5 35.2 30.1 26 23.8 19.9 16.8 14.2 14.7 15.3 14.6 15.3 16.6 16.6 18.4 21 23.6 28.4 34 39.1 40.7 40.3 39.2 38.2 37.7 36.8 36.1 35.8 34.8 34.2 33.7 31.6 28.9 30.6 28.7 27.7 26 24.1 23.9 21.7 22.5 24.1 25.1 25.2 25.1 24.9
37.4 40.5 42.9 45.9 39.5 35 32.7 32.2 33 36.1 37.8 39.3 41.6 43.9 47 48.2 47.3 46.8 45.1 41 39.1 39.2 35.2 33.3 31.8 29.8 29.4 31.2 37.8 44.8 47.8 47.8 48.3 46 45 41.5 39.4 42.9 41.5 36.9 33.6 27.2 25.4 23.3 19.5 14.8 14.3 14.5 15.2 14.5 15.1 17.1 19.4 20.9 22.5 23.8 27.2 33.4 37.9 39.6 40.2 37.8 37.1 36.5 36.4 36.8 36.5 36.7 35.6 29.6 32 30 28.6 27.1 26 24.9 24.1 23.1 22.1 23.3 23.7 24 24.5 24.5 23.6
35.1 39.9 40.8 40.6 37.3 32.5 31.2 30.7 35.5 37.6 39 38.4 38.2 40.2 42.5 43 42.8 39.7 40.1 41.6 39.2 38.1 34.7 35.5 32.7 30.7 27.2 27.9 34.8 40.6 45 46.4 44.9 44.4 42.5 35.5 43 40.5 39.1 36.2 30.2 26.3 23.8 21 19.1 14.2 13.9 14.6 15 15.2 15 18 23.8 22.9 24.3 26.5 30.2 32.3 37.9 38 38.7 37.4 36.4 35.8 35.8 33.6 31.5 30.8 32.4 34 32.5 30.9 28.9 27.3 26.2 25.1 24.4 23.3 23.7 23.3 22.9 22.9 23 22.7 22.1
36 38.7 38.7 36.9 33.4 31.3 28.9 29.5 33.2 35.6 36.6 36.3 36.2 37.5 37.9 38.2 38.7 38.3 38.1 39.3 39.3 38.1 36.8 35.7 35.8 33.1 31.9 25.6 28.9 37.2 41 43.7 42.6 43.1 32.9 43.6 41 38 35.9 32.1 27.5 24.8 21.6 19.8 18.5 14.2 14.5 15 15.2 14.7 16 19.2 25.7 25.7 27 28.7 31.6 34.5 36.1 37.1 37.8 37.7 36.2 31.8 31.9 32.2 32.4 32.3 34.2 34.5 33 29.8 26.9 25.7 24.9 24.5 24.9 24 20.3 21.6 22.1 22.2 21.9 21.3 20.2
33.1 34.9 36.7 31.2 31.2 30.7 28 32.2 33.7 34.9 34.8 35.2 35.4 35.8 36.2 36.2 36.9 37.4 37.9 38.4 39.9 38.9 38.9 39.3 37.7 35 32.3 27.7 25.8 29.8 33.1 40.3 40.1 35.5 33.4 41 37.9 31 30.2 27 24.5 20.7 16.7 17 17.2 16.2 15.6 16.5 16.1 18.3 22.5 23.6 24.9 26.3 27.9 30 32 34.7 36.9 37.7 31.5 32.2 33 37 37.1 36.6 35.7 35.2 34.9 34.5 33.3 29.9 27.5 25.8 25.8 25.8 24.8 24.2 19.7 20.7 22 18.5 19.8 19.2 18.8
30.9 34.3 34.4 30.6 27.9 28 28.7 30.4 32.9 35 37.1 36.3 35.7 34.4 34.2 35.5 36.4 37 38.3 40.5 40.7 40.2 39.8 39.9 34.8 33.8 32.6 32 22.6 26.1 30.5 33.4 33.9 29.5 36.7 35.9 33.6 28.8 27.6 22.9 17.8 17.6 15.2 12.6 14.3 14.2 16.4 15 15 17.6 22 23.9 25.6 27.4 30.1 32.1 32.5 34.7 38 39.2 39.6 37.9 38.3 37.8 37.7 37 35.1 34.2 34.2 33.7 32.7 29.6 27.6 26.8 26.8 25.9 23.8 22.2 23.2 23.3 21.9 20.7 16.6 20.3 19.1
29.5 32.9 32 27.5 24.5 24.7 28.1 32.2 35.7 37.8 38.7 38.2 36.3 34.9 34.2 33.6 37.7 38.3 39.8 41.4 41.4 41.2 40.8 40.2 39.3 35.2 35.1 32.1 22.8 25.7 28.7 33.4 33.8 28.3 35 31.3 29.7 26.1 17.9 17 12.5 13.7 14.1 16.5 22.3 24.6 25.1 23.9 21.6 22.9 23.4 24.8 26.3 28.6 30.4 33.8 36.3 37.7 39.1 40.1 39.7 39.1 39.2 38.6 37.5 36.9 35.2 34.3 34.1 32.6 31.8 30.3 28.6 27.6 27 25.6 23.8 22.4 22.2 22.8 23 22.6 19.5 15.7 15.4
27.6 29.6 27.2 25.4 22.9 24.7 28.7 32.3 35.8 38.9 39.4 38.5 36.4 34.7 32.3 32.7 38.9 38.3 41.2 41.3 41.5 41.6 40.5 40.2 40.2 38.5 35 31.6 23.6 23.8 27 29.7 33.9 27.7 28.6 24.9 18.3 17.9 11.9 13.9 13.4 16.4 20.4 22.4 23.5 24.8 25.6 24.6 25.2 25 25.3 25.9 28 30.8 34.9 35.8 38.5 40 40.2 40.8 40.2 40.2 39.9 38.7 37.4 36.8 35.4 33.9 32.9 32 31.6 29.8 28.1 27.6 25.8 24.9 24.2 23.3 22.3 21.8 21.6 20.4 17.5 20.5 18.5
24.6 26 25.3 23.1 23.2 25.2 31 34.8 38 39.9 38.4 37.2 36.3 33.8 31.8 34 38.7 40.2 41.5 41.3 41.2 41 39.5 39.5 39.5 38.7 33.9 30.9 23.2 17.7 25 26.1 27.6 23 20.8 18.1 22.6 15 13.7 12.7 13.5 19.9 22.6 23.7 24.8 25.6 26.3 26.6 26.5 26.2 26.2 28.2 30.2 33.1 36.7 39.4 40.3 42.3 41.2 40.8 39.8 39.4 39.6 38.8 38.5 38.2 37.6 34.7 33.7 31.4 30.1 29.5 27.8 27.9 26.1 25.1 24.8 24.2 21.7 19.9 20 18.6 15.2 13.5 12.8
22.5 23.5 22.7 21.9 23.2 28.7 32.8 38 39.9 40 38.3 35.6 33.6 32.9 31.2 36.5 40.6 41.3 41.3 41.7 41 40.3 39.7 39.9 39.9 38.6 34.5 32.7 23.3 19.3 18.5 21.9 26.9 18.8 19.6 25.1 14.5 13.2 12.6 13.7 21.4 20.6 23.3 24.7 26 26.6 27.3 27.4 25.8 26.2 27.1 28.7 31.7 35.7 40.3 42 42.7 44.4 42.4 40.8 39.3 38.6 38.3 37.9 38.7 39.3 36.9 34.3 32.7 30.8 30.3 29.1 26.3 26.7 27.7 26.5 24.5 22.9 21.7 18.9 16.8 15.8 13.7 14.1 12.2
22.2 22.1 19.9 20.9 25.3 29.5 32.6 37.1 39.2 38.6 35.6 32.3 30.5 29.8 30.2 37.6 40.8 41 39.6 40.3 40 39.4 39.6 39.7 39.8 37.7 35.6 29.8 24.4 17.4 15.1 21.6 18.6 25.2 23.9 17.8 11.9 12.6 14.5 21.1 22 22 23.8 24.8 26.4 26.8 27.6 26.4 26.2 25.9 28.4 30.3 35 39.2 44.2 44.9 45.3 45.5 43.6 41.3 39.4 37.7 37 37 35.3 38.1 35.6 32.2 31.4 29.9 27.8 26.2 26.4 26.4 26.5 24 21.9 21 18.9 17.5 15.3 14.3 12.9 12 11.7
21.3 21.5 20.7 22.2 24.4 26.6 31.3 35.8 37 35 32.4 29.4 27.6 29.8 33.3 37.4 40.6 40.7 39.7 39.7 40 39.7 39.4 39.4 39.3 36 35 29.1 22.6 17.8 19.3 19.4 16 13.2 12.9 12.2 13.5 18.2 23.9 22.5 21.8 22.4 22.9 25.2 25.6 26.7 27.6 27 26.4 27.2 29.6 33.8 39 44 46.5 49.6 47.6 47.9 45.2 44.4 41.1 36.5 35.6 35.3 36.4 34.4 32 30.2 30.2 28.6 26.3 25.4 24.9 22.7 21.3 19 17.7 17.2 15.8 17.6 13.7 13.2 12.8 11.5 11.4
21 20.3 20.2 20.6 22.2 24.9 29.5 32.3 33.8 32.1 28.6 27 27.6 29.3 32.9 37.6 39.6 40.7 39.8 39.6 39.9 39.7 39.5 36.4 34.8 32.8 31.9 25.7 21.8 18.6 17.7 10 12.5 13.6 15.7 20.5 22.4 23.2 23.6 22.6 21.8 22.2 23.2 24.4 26.6 27.3 27.9 28.1 29.6 28.6 32.1 37.7 44.2 47.2 47.8 50 50.7 48.4 45.1 44 40.5 37 35.4 34.3 32.6 31.3 31.6 29.6 27.8 27.3 26.1 24.9 23 20.8 19.8 17.2 16.5 15.9 14.5 12.7 12.3 12.5 12 10.9 10.7
20.4 20.4 20.4 20.1 21.6 24 26.6 28.4 28.8 28.7 26.6 25.9 27.7 30.7 34.9 39.2 40.3 40.7 40.2 39.7 39.8 38.4 37.4 35.5 32.3 29.3 26.2 22.3 18.3 17.6 9.8 12 12.5 17.8 18.9 19.3 21.4 21.5 21.4 21.5 22.8 22.2 23.4 24.8 26.9 29.1 29.9 29.8 31 32.7 36.8 43.1 48.1 50.9 52.2 53.5 52.4 49.1 44.9 43.4 40.1 36.5 34.9 33 31.9 28.8 26.2 27.4 25.5 25.7 25.2 22.9 21.6 20.2 17.7 16.8 16 15.8 15.4 12.7 12.3 12 12 10.9 10.6
21 19.4 19.6 19.6 20.5 23.1 23.5 24.3 25.2 24.8 24.9 25.5 27.7 31.8 36.7 40 39 39.2 38.5 39.8 36.5 37.1 36.6 35.3 32.2 25.2 23.2 17.8 17.1 14.9 13.4 11.8 12.2 17.9 17.9 19.8 20.8 21.1 21.1 21.5 22.3 22.7 23.3 25 26.9 29.3 30.4 31.7 33.3 34.6 38.5 46.1 50.2 52.5 53.5 53.9 53.5 51 45.6 41.5 38.7 36.2 33.9 31.6 30.2 28.2 25.9 24.7 24 23.4 22.8 21.2 20.3 20.2 15.5 15.9 15.7 15.6 15.9 12.5 11.7 12 11.9 11.8 10.3
20.4 18.7 18.8 19.1 19.9 20.1 20.9 22.1 22.5 23 24.1 26.2 29.8 34.7 39.1 40.2 38.8 38.9 36.8 35.4 35.9 37.4 35.9 33.6 28.9 18.9 17.7 16.6 16.1 13.6 12.5 11.7 13 19.1 19.4 19.8 19.5 19.3 20.7 21.1 21.7 22.8 23.8 25 27.3 29.2 31.9 36 37.7 38.2 41.8 48.5 50.4 52.1 53.4 52.4 51.5 47.9 42 38.1 35.3 30.9 29.5 29.4 27 26 24 22.6 21.6 20.8 18.5 17.9 16.8 14.5 13.9 15 15 15.7 14.6 13.1 12.3 12.2 12.2 11.9 11
20 19.4 18.9 18.4 18.4 19 19.8 20.7 21.2 22.3 24.1 26.7 32.2 37.4 39.5 39.3 38.6 37 35.4 34.1 35.6 36.1 35.2 31.9 21.8 17.2 16.4 15.2 15.1 13.3 13.6 12.1 20.1 22.2 20.4 20 18.2 18.9 19.3 21.6 22.9 22.8 23.7 25.2 27.2 29.4 32.6 38.2 43.1 43.9 45.2 49.9 50.1 50.2 50.2 48.2 44.5 41.6 38.3 35.8 30.6 27.7 25.7 25.2 25.6 23.6 21.6 20.3 19.7 18 15.1 15.5 15.4 14.2 13.4 13.5 13.2 14 13.7 13 12.8 11.8 11.3 10.9 9.5
20.2 19.9 19.3 18.3 17.8 18.5 19.7 20 20.9 21.9 24.5 29.1 34.6 37.9 39 38.9 37.6 32.1 31.9 32.4 34.2 35.2 34.9 30.2 21.3 16.9 15.2 14.9 14.4 12.1 11 12.4 20.3 20.2 20.6 17.6 17.8 18.3 20.8 22.4 23.4 24.6 24.9 25.6 27.6 29.9 34.5 39.9 43.6 46.8 47.7 48.9 50.1 49.9 48.4 45.3 42.3 39.6 35.5 32.7 28.9 24.9 24.5 24.5 22.2 22.6 20.9 19.8 17.9 15.6 14.5 13.2 13.4 13.3 12.6 12.6 12.8 13.3 13.4 12.8 11.9 11.6 10 8.6 7.7
20.4 20.8 19.1 17.8 17.5 17.5 18.1 19.2 20.4 21.8 24.8 28.2 34.8 37.3 38 37.3 34.2 32.3 31.7 31.9 32.6 33.9 31.6 25.7 16.2 21.2 15.1 14.4 11.4 11.4 11.8 12.6 19.1 18.8 17.4 17.5 17.6 18.7 19.3 21.6 23 24.4 25.8 27.9 30.3 33.9 36 39.2 43.5 45.7 47 48.2 49 49 47.4 44.4 41.2 36.4 34.5 31.2 27.9 22.9 21.6 20.7 19.2 18.7 20.9 21.4 16.9 13.7 13.2 12.7 12.3 11.7 11 11.1 11.8 12.6 12 11.7 10.7 9.9 9.1 7.7 7
23.9 21.2 19 18.2 16.8 16.7 17.1 18.5 20 22.9 24.6 27.6 33.1 35.5 36.4 35.7 32.6 31.8 30.8 30.1 31.1 29.2 27.6 16.2 15 13.5 13.1 11.2 11.2 10.9 14.1 19.8 18.3 17.2 17.2 17.2 18.4 18.7 20.6 21.2 23.4 24.9 26.8 29.2 33.5 35.6 38 41 43.7 46 46.8 47.7 48 47.7 47 43.9 40.3 35.2 34.3 30.6 27.2 23.5 21 19.1 18 17.9 17 16.2 14.6 12.6 12.7 12.4 11.9 11.7 10.4 10.3 11 10.8 9.7 10 9.5 8.5 8.1 7.2 7.3
30.6 25.4 20 18.4 17.1 16.6 16.6 17.3 18.7 17.9 22.6 26.7 30.8 32.3 33.3 31.9 30.6 28.8 27.4 27.4 27.6 26.4 19 16.9 14.4 12.8 12.8 10.4 10.9 12 15.7 17.6 16.7 16.7 16.7 17.9 18 20.1 22.2 26.8 28.7 28.2 29.5 32.5 35 38 39.8 42.8 45.1 46.4 47.2 47.3 47.5 47.3 47.7 44.7 40.3 34.7 32.5 30.7 27.7 25.1 21.4 19.3 17.5 17.1 15.5 15.2 14.1 12.9 12.4 12 11.3 11.3 10.8 9.7 10.3 10.1 9 8.7 8.4 8.1 7.9 7.7 8.1
36.2 28.6 24.3 20.4 17.1 16.3 16 16.4 17.4 19.2 21.1 23.8 27.3 28.7 29.3 28.4 27.1 26 24.7 24.5 24.5 24.5 16.5 15.7 13.5 11.7 11.4 10.8 11.4 11.8 15.9 17.6 17 16.3 17.1 17.5 18.9 22 29.8 33.9 34.3 34 34.9 35.8 38.2 40.2 41.4 43.5 45.9 46.7 47.4 47.5 47.5 47.4 47.9 46.5 40.9 35.3 31.7 29.4 27.4 25.5 23.6 21 17.9 16.4 14.3 13.9 13.5 13 11.9 11.7 11.8 11.3 10.9 9.3 9.2 8.9 9 8.8 8.2 8.4 8.4 8.4 8.5
42.5 34.8 29 24.5 20.8 17.4 16.3 15.4 16.9 18 18.6 20.8 23.4 24.2 24.9 25 24.3 23.3 22.4 23.7 24.6 16.5 19.4 13.8 12 11.6 11.4 11.4 11.6 13.4 15.9 17.2 16.1 16.7 17.2 17.8 21 28.4 36 39 39.6 38.4 38.6 40.3 41.7 42.4 43.2 44.7 46.1 47.4 47.5 47.8 48.1 48.4 48.4 46.1 40.5 34.3 31.6 28.8 26.1 25.1 24.2 22 19.4 16.7 15.4 14 13.9 12.9 12.5 12.2 12.1 12 11.9 10.8 10.1 9.6 9.1 9 9.3 9.6 9.6 9.2 9
46 37 32.5 29 24.9 20.6 16.1 14.4 17.2 18 17.4 17.7 19.2 20.7 20.9 20.6 20.7 21.2 18.7 22.1 18.7 15.4 17.8 12.6 11.9 11.6 11.4 11.3 10.9 12.3 15.4 16.6 15.8 16.3 17 19.8 26.7 35.1 39.4 41.1 42.2 42.3 42.6 43.3 44.1 44.9 45.1 45.5 45.8 46.8 47.4 47.8 48.8 49.8 49.5 47.8 42 35.2 31.7 28.2 25.7 24.1 23.6 22 20.6 17.8 16.4 15.1 13.9 13.6 13.2 13.1 13.1 12.3 12.1 11.3 11.4 11.2 10.5 9.7 10.1 10.6 10.3 9.5 8.7
44 38.5 33.7 29.8 26.6 22 17.9 15.6 17 14.9 15.5 16.8 16.4 16.5 17.9 18.4 19 19.2 17.3 22.2 15 15.6 20.2 12.8 12.1 11.8 11.5 11.2 10.5 11.5 13.9 15.8 16.1 16.7 17.9 25.6 32.9 38 40.7 41.4 42.3 43 43.2 44.5 46 45.7 46 45.9 45.8 46.3 47.1 48.3 50.3 51.5 51.4 49.6 42.3 36.2 32 28.8 26.3 23.5 22.1 21.5 20.5 18.5 16.8 15.1 14.5 14.3 14.1 14.1 14.4 14 12.3 12.6 12.5 11.5 10.7 9.6 9.3 10 9.6 9.2 8.8
43.4 35.1 31.1 27.8 24.8 21.7 18.6 16.5 15 14.1 13.8 14.4 14.1 14.9 13.7 14.4 16.6 16.2 15.9 23.1 16.2 19.2 19.9 15.3 12.4 11.9 11.7 11.4 10.3 12.9 15.6 15.1 16.2 16.4 21.2 29.5 34.9 37.8 39 40.2 41 41.8 42.8 43.9 45.3 45.6 45.7 45.7 46.2 46.8 47.9 49.5 51.4 52.8 52.5 50.3 44.2 36 32.4 29.3 26.5 23.6 21.2 20.4 20 18.3 17.1 16.7 15.2 15 14.7 14.7 14.7 13.8 12.6 11.3 10.8 11.4 10 9.6 9.2 9.8 9.7 9 8.7
42.1 33.2 28.9 23.9 22.4 19.9 18.1 16.9 15.7 14.2 13.4 13 13.2 13.5 13 13.2 14 14.5 15.3 14.7 18.6 10.3 11.1 13 14.1 12.9 11.8 10.1 10.4 12.7 14.7 15.1 15.9 16.7 23.4 28.3 32.6 35.6 37.1 37.9 38.7 39.2 40.2 41.9 43.5 43.8 44.2 45.5 46.4 47.3 48.7 50.3 51.6 52.9 53.1 50.5 43.2 36.8 31.9 28.3 25.5 22.8 19.9 18.6 18.4 17.5 16.4 16.6 15.5 15.1 14.8 14.8 14.5 13.2 12.6 11.4 10.7 10.6 9.9 9.4 9.1 8.9 9.1 9.2 8.6
35.7 32.2 28.7 24.8 22.3 20.5 19.1 18.1 18.3 16.7 13.9 12.7 11.8 12.5 13 12.6 12.6 13 15.7 14.6 13 9.8 13.9 10.4 10.4 11.7 10.4 10.3 10.6 12 14 14.4 15.2 17.5 21 24.4 27.2 30.4 32.8 33.7 35.7 36 37.4 39.1 40.1 41.6 43.1 45.1 46.3 47.2 48.5 50.5 52.6 53.2 52.7 49.5 42.2 35.2 30 27 25 21.9 20 18.2 17.4 16.6 16 15.5 16.2 14.5 14.1 13.7 12.6 12.9 11.9 11.1 10.8 10.2 9.9 9.6 9.5 9.3 9 9.4 9
