STL Generation/terr50_gagg_gb/data/ST34.asc
ncols 200
nrows 200
xllcorner 330000
yllcorner 140000
cellsize 50
[rows 132 to 175 of 200, columns 0 to 95 of 200]
10.4 9.9 7.9 6.3 6.1 5.7 5.5 5.5 5.5 5.5 5.5 5.5 5.4 5.3 5.2 5.2 5.2 5.1 5.1 6.1 10.7 11.1 11.2 1.3 5.6 5.6 5.6 5.6 5.5 6.1 5.5 5.4 5.3 6.1 5.5 5.5 5.7 5.9 5.5 5.2 6.4 4.8 4.7 4.8 4.9 4.9 5 5 5.1 5.2 5.1 5.1 5.1 5.1 5.1 5.1 5.1 5.1 5.1 5.1 5.1 5.1 5.1 5.1 5.1 5.1 5.1 5.1 5.1 5 5 5 5 4.9 4.9 4.8 4.8 4.9 5.1 5.3 5.3 5.2 5.1 5 5 4.9 4.9 4.9 4.8 4.9 5 5.1 5.2 5 4.8 4.6
11.6 9.9 8.3 6.7 5.2 5.5 5.5 5.5 5.5 5.5 5.5 5.5 5.4 5.3 5.2 5.2 5.2 5.1 5.1 5.5 6.6 7.8 8.8 3 5.6 5.6 5.7 4.9 4.9 5.5 5.5 5.4 5.3 6.2 5.6 5.5 5.6 7.9 5.6 6.1 5.1 5 4.8 4.9 4.9 5 5 5.1 5.3 5.3 5.2 5.2 5.1 5.1 5.1 5.1 5.1 5.1 5.1 5.1 5.1 5.1 5.1 5.1 5.1 5.1 5.1 5.1 5.1 5.1 5 5 5 4.9 4.8 4.8 4.7 5 5.3 5.4 5.4 5.3 5.2 5.1 5 5 4.9 4.9 4.9 4.9 5 5.1 5.2 5 4.8 4.6
11.8 9.6 7.5 6.1 4.8 5.2 5.5 5.4 5.4 5.4 5.4 5.4 5.3 5.3 5.3 5.2 5.2 5.2 5.1 6.1 6 8.7 8.4 5 5.5 5.6 5.8 4.5 4.8 6 7.4 5.4 5.3 5.9 5.5 5.3 5.3 5.7 8.9 6.4 5.3 5.1 5 5 5 5.1 5.1 5.3 5.5 5.4 5.2 5.2 5.2 5.2 5.2 5.2 5.2 5.1 5.1 5.1 5.1 5.2 5.2 5.1 5.1 5.1 5.1 5.1 5.1 5.1 5.1 5 5 4.9 4.8 4.7 4.8 5.1 5.4 5.6 5.5 5.4 5.3 5.2 5.1 5 5 4.9 4.9 4.9 5 5 5.1 5 5 5
11.5 9.2 7.1 5.8 5.1 5 5.5 5.4 5.4 5.4 5.4 5.4 5.3 5.3 5.3 5.3 5.2 5.2 5.2 7.5 13.5 10.3 11.6 8.1 7.1 6.3 5.8 5.8 5.8 5.7 5.5 5.6 5.4 5.6 5.6 5.3 5.3 8.2 5.7 6.4 11.4 5.2 5.2 5.1 5.1 5.1 5.3 5.5 5.6 5.5 5.3 5.2 5.2 5.2 5.2 5.2 5.2 5.2 5.2 5.1 5.1 5.2 5.2 5.2 5.1 5.1 5.1 5.1 5.1 5.1 5.1 5 4.9 4.9 4.8 4.8 4.9 5.2 5.5 5.6 5.5 5.4 5.3 5.3 5.2 5.1 5 5 4.9 4.9 5 5 5 5 5 5
10.7 8.5 6.8 5.7 5.4 5 5.5 5.4 5.4 5.4 5.5 5.4 5.4 5.3 5.3 5.3 5.3 5.3 6.9 8.8 10.6 10.9 11.2 11.2 10.3 10 9.7 9.4 9.2 9 9 5.7 5.6 5.3 5.5 5.3 5.2 7.8 5.7 6.5 5.7 8 9.4 5.2 5.1 5.3 5.5 5.7 5.7 5.6 5.4 5.3 5.3 5.2 5.2 5.2 5.2 5.2 5.2 5.2 5.3 5.2 5.2 5.2 5.2 5.1 5.1 5.1 5.1 5.1 5.1 5 4.9 4.9 4.9 4.9 4.9 5.2 5.6 5.6 5.5 5.4 5.3 5.2 5.2 5.1 5 5 5 5 5 5 5 5 5 5
10.8 9.3 7.5 6 5.6 5.3 5.4 5.4 5.5 5.6 5.7 5.6 5.6 5.5 5.4 5.3 5.4 5.4 7.5 9.5 11.3 11.9 12.4 12.9 13.1 12.8 12.9 12.9 12.8 12 11.2 8.6 5.5 5.2 5 5 5.1 5.4 6.5 6.1 5.5 5.4 4.7 7.9 9.6 6.2 5.7 5.9 5.8 5.6 5.5 5.4 5.3 5.3 5.3 5.3 5.3 5.2 5.3 5.3 5.4 5.2 5.2 5.3 5.3 5.2 5.1 5.1 5.1 5.1 5.1 5 4.9 5 5 5 5 5.3 5.6 5.6 5.5 5.4 5.3 5.2 5.2 5.1 5 5 5 5 5 5 4.9 4.9 4.9 5
12.2 10.5 7.3 6.5 6 5.6 5.5 5.6 5.7 5.8 5.9 5.7 5.5 5.4 5.3 5.1 5.5 5.6 8.1 10 11.6 12.1 12.6 13.1 13.5 13.8 14.1 14.6 15.4 14.2 12.7 9.2 5.7 5.2 5 5 5 5.5 6.6 6.2 6.5 4.9 7.2 7.1 6.1 5 5.3 6 5.9 5.7 5.6 5.5 5.4 5.3 5.3 5.3 5.3 5.4 5.3 5.4 5.5 5.4 5.2 5.3 5.3 5.3 5.2 5.1 5.1 5.1 5 5 5 5.1 5.1 5.1 5.1 5.4 5.6 5.6 5.5 5.4 5.3 5.2 5.1 5.1 5 5 5 5 5.1 5.1 5 5 5.1 5.1
13.4 11 8.9 8.1 7 5.9 5.6 5.7 5.8 5.9 5.9 5.7 5.5 5.3 5.1 5 5.5 6.9 8.7 10.6 11.8 12.3 12.7 13.2 13.7 14.1 14.6 14.7 15.8 14.9 12.7 7.8 6.5 5.5 5 5 5.7 5.5 6.6 5.6 7.1 5.2 5.3 5.4 5.2 5 4.8 5.8 5.6 5.8 5.7 5.6 5.5 5.4 5.3 5.3 5.6 5.3 5.4 5.5 5.6 5.6 5.3 5.3 5.3 5.3 5.4 5.3 5.1 5.1 5.1 5.1 5.1 5.1 5.2 5.2 5.2 5.5 5.7 5.6 5.5 5.4 5.3 5.2 5.1 5.1 5 5 4.9 4.8 4.9 5 5.2 5.2 5.2 5.2
14.5 12.9 10.8 9.6 7.7 7.1 6.7 5.9 6 6 5.8 5.6 5.4 5.2 5 4.9 5.4 7.6 9.6 11.2 11.9 12.5 13 13.4 14.3 14.9 15.1 15.3 15.7 15.1 13.3 8.3 6.5 6.2 5.4 5 6.1 5.9 6.3 5.3 6.1 6 5.8 5.6 5.4 5.2 5 4.8 5.2 5.3 5.4 5.5 5.5 5.4 5.4 5.8 5.5 5.4 5.5 5.6 5.7 5.7 5.5 5.4 5.4 5.4 5.4 5.4 5.3 5.2 5.2 5.2 5.2 5.2 5.3 5.3 5.3 5.5 5.7 5.6 5.5 5.4 5.3 5.2 5.1 5 4.9 4.9 4.8 4.7 4.7 4.8 5.1 5.3 5.2 5.2
16.4 14.7 12.6 11.1 9.3 8.4 8 7.2 6.2 6 5.8 5.6 5.4 5.2 5 4.8 5.6 7.8 9.8 11.1 12.2 12.7 13.2 13.7 14.6 15 15.2 15.3 15.9 15.7 13.5 6.7 6.7 6.5 5.7 6 6.7 6.6 5.6 6.6 5.7 5.5 5.4 5.3 5.2 5 4.9 4.8 4.8 4.9 5.1 5.2 5.3 5.4 7.9 5.9 5.4 5.5 5.6 5.7 5.8 7.6 6.3 5.4 5.5 5.6 5.6 5.6 7.3 4.6 7.2 6 5.3 5.3 5.4 5.4 5.4 5.6 5.7 5.6 5.5 5.4 5.3 5.2 5.1 5 4.9 4.8 4.7 4.6 4.5 4.6 5.1 5.3 5.2 5.2
18.5 17.2 14.8 13 11.8 10.7 9.8 9 7.8 6.4 5.9 5.7 5.5 5.3 5.1 5 5.2 5.8 8.9 10.9 11.9 12.7 13.2 13.7 14.4 14.7 14.9 15.1 15.4 15 12.1 6.9 7 6.4 6 6.6 7.3 6.6 5.4 5.5 5.4 5.3 5.3 5.2 5.1 5 5 4.9 4.8 5.1 5.3 5.5 5.6 5.5 5.4 5.5 5.9 5.8 5.9 6 5.8 5.8 5.7 5.7 5.5 5.6 5.8 5.7 5.4 4.6 5 5.5 5.3 5.3 5.4 5.4 5.5 8.8 5.7 5.6 5.5 5.4 5.3 5.2 5.1 5 4.9 4.8 4.7 4.6 4.5 4.6 5.1 5.4 5.3 5.2
18.8 17.7 16.7 15 14 13 11.7 10.9 9.5 8.1 6.7 5.9 5.7 5.4 5.2 5.1 5 5.5 7.6 10.1 11.5 12.2 12.9 13.5 14 14.4 14.7 14.9 14.6 14.2 10.1 6 7.1 6.4 6.3 6.9 7.5 6.7 5.6 5.6 5.5 5.4 5.3 5.3 5.2 5.1 5 4.9 4.8 5 5.3 5.6 5.8 5.6 5.5 5.5 5.8 6.6 6 5.8 5.6 5.5 5.3 5.4 5.5 5.6 6.2 5.9 5.9 5.2 5.7 5.5 5.4 5.3 5.3 5.8 5.5 6.7 5.5 5.4 5.3 5.2 5.1 5 5 5 4.9 4.8 4.7 4.7 4.7 4.8 5.1 5.4 5.3 5.3
19.4 18.4 17.5 16.5 15.7 14.8 13.8 12.6 11.2 9.7 8.1 6.5 5.7 5.5 5.4 5.3 5.2 5.3 5.7 8.5 11.2 11.6 12 12.5 13.2 13.7 14.1 13.1 13.1 11.8 8.3 5.5 7.1 7 6.9 7.4 6.4 5.8 5.6 5.6 5.6 5.5 5.4 5.4 5.3 5.2 5.1 5 4.9 4.9 5.2 5.5 5.8 5.7 5.6 5.5 5.7 7.7 5.8 5.8 5.7 5.7 5.9 5.5 5.5 6 6.1 6.4 6.4 5.5 5.6 5.5 5.4 5.3 6 6 5.6 5.5 5.4 5.2 5.2 5.1 5 4.9 5 5 4.9 4.9 4.8 4.9 5 5.1 5.2 5.3 5.3 5.3
19.1 17.6 16.7 16.3 16 15.6 14.7 13.6 12.3 10.8 8.5 6.8 5.8 5.7 5.5 5.4 5.3 5.2 6.2 6.6 8.8 10 10.6 11.4 12.3 12.8 11.7 10.2 9.4 6.7 5.5 5.8 6.8 6.5 6.7 7.1 6.9 6.4 5.8 5.7 5.7 5.6 5.6 5.5 5.4 5.3 5.2 5.1 5 4.9 5.2 5.5 5.7 5.7 5.6 5.6 8.3 8.1 5.6 5.7 5.7 7.6 5.7 5.8 7.7 6 7.8 5.7 5.4 5.3 5.3 5.4 5.3 5.3 5.2 5.8 5.6 5.4 5.3 5.2 5 4.9 4.9 4.9 5 5.1 5 5 5 5.1 5.2 5.3 5.4 5.3 5.3 5.3
14.9 14.7 14.8 13.4 14.5 14.8 14.5 13.7 12.3 10.6 8.8 6.9 5.9 5.8 5.8 5.9 5.9 6 6.3 6.4 6.2 7.2 9.1 10 10.3 10.1 8.9 6.3 5.5 5.5 5.6 6.4 6.7 6.9 6.8 6.6 6.8 7.3 6.9 5.8 5.8 5.7 5.6 5.5 5.4 5.3 5.2 5.1 5 4.9 5.1 5.4 5.7 5.7 5.7 5.7 5.6 5.5 5.6 5.6 5.6 7.6 5.9 6 7.1 6.1 9.4 5.9 5.6 5.4 5.3 5.2 5.2 5.1 5 5.3 5.4 5.4 5.3 5.2 4.9 4.8 5.1 5 5 5.2 5.2 5.1 5.2 5.3 5.4 5.4 5.4 5.3 5.3 5.2
10.8 11.2 12.1 10.6 11.1 11.6 12 11.7 11.1 9.7 8.2 7.3 6.3 6 6 6 5.9 6.1 6.1 5.6 5.6 5.6 6.2 6.3 6.4 6.5 5.8 5.3 5.4 5.6 5.7 6.5 7.2 7.6 7.9 6 6.7 7.3 7.4 6 5.9 5.8 5.7 5.6 5.5 5.4 5.3 5.2 5.1 5 5 5.3 5.6 5.7 5.8 5.8 5.7 5.2 5.4 5.6 5.6 5.7 6 5.8 5.8 6.1 6.2 6 5.7 5.5 5.4 5.3 5.3 5.1 5.3 5.3 5.5 5.4 7.6 5.2 5.1 5 5.1 4.9 4.8 5.1 5.3 5.4 5.4 5.4 5.4 5.4 5.4 5.3 5.3 5.2
7.6 8.2 9.4 7.7 8.2 8.9 9.8 9.5 8.9 8.5 8 7.1 6.6 6.2 6 5.9 5.9 6.1 5.7 5.6 5.6 5.5 5.5 5.6 5.8 6.4 6.4 6 5.5 5.6 5.7 6.8 6.9 7.3 7.1 5.5 5.6 6.8 5.5 6 6 5.9 5.8 5.7 5.6 5.4 5.3 5.3 5.2 5.1 5 5.9 5.6 5.7 8.9 7.7 5.6 5.1 5.3 12 6.4 6.9 5.8 8 8.3 5.7 6 5.8 5.6 5.6 5.5 5.4 5.6 6.8 6.3 6.7 5.9 5.4 7.3 6.1 6.3 5.3 5.1 4.7 4.5 4.7 5.4 5.4 5.4 5.4 5.4 5.4 5.4 5.3 5.3 5.2
6.7 6.7 6.7 7 7.3 7.4 7.8 7.7 8 7.9 7.4 6.7 6.5 6.3 6.1 5.8 5.8 5.9 5.7 5.6 5.6 5.6 5.6 5.6 5.9 6.5 6.5 6.1 5.5 5.6 5.6 6.7 6.3 6 5.6 6.7 5.4 5.6 5.4 6 6 6 6 6 5.9 5.7 5.6 5.5 5.4 5.3 5.1 5.9 6.4 8.1 6.4 5.7 5.6 5.4 5.6 5.6 5.5 5.6 5.6 5.5 5.7 5.8 5.8 5.7 5.6 5.6 5.5 5.4 5.6 5.7 5.6 5.7 5.8 5.5 5.5 5.2 5.3 5.3 5.2 4.8 4.5 4.5 5.4 5.4 5.4 5.4 5.4 5.4 5.4 5.3 5.3 5.2
6.3 6.1 5.9 6.4 6.7 6.5 6.3 6.6 6.6 6.5 6.7 6.7 6.5 6.2 6 5.7 5.7 5.8 5.7 5.7 5.6 5.6 5.6 5.6 6 6.5 6 5.9 5.6 5.7 5.8 7.1 6.7 5.6 5.6 6.8 5.6 5.5 5.4 5.9 6 6 6 6 6 6 5.9 5.8 5.7 5.6 5.4 5.9 5.7 6.9 5.8 5.8 5.9 5.9 5.8 5.7 5.9 5.4 9.9 9.6 5.8 9 5.8 5.7 5.6 5.7 5.7 5.5 5.6 7.2 6.4 5.5 5.4 5.5 7.4 6.8 5.3 5.1 4.9 4.5 4.7 4.5 5.4 5.5 5.4 5.4 5.4 5.4 5.4 5.3 5.3 5.2
6.2 6 5.9 6 6 6.1 6.2 6.1 5.9 6.2 6.5 6.6 6.4 6.1 5.9 5.6 5.7 5.7 5.7 5.7 5.7 5.7 5.6 5.6 5.8 5.7 5.6 5.5 5.6 5.7 5.8 6.7 6.9 5.6 5.6 6.8 5.5 5.5 5.5 5.8 6 6 6 6 6 6 6 6 6 5.9 5.7 5.9 5.7 5.9 5.7 6 6.4 6 5.7 5.5 5.6 5.7 5.5 5.8 5.8 5.8 5.8 5.8 5.7 5.7 5.8 5.6 5.6 6.6 7.4 8.7 5.3 8.3 5.9 5.4 5.4 5.4 4.9 4.5 4.6 4.6 5.5 5.5 5.4 5.4 5.4 5.4 5.4 5.3 5.3 5.2
6.1 5.9 5.9 5.9 5.9 6 6.2 6.4 6.2 6.2 6.3 6.6 6.3 6 5.8 5.6 5.6 5.6 5.6 5.7 5.7 5.7 5.7 5.7 5.8 5.7 5.6 5.6 5.6 5.7 6.1 6.2 6.5 6.2 5.6 5.5 5.5 5.5 5.5 5.4 5.9 6 6 6 6 6 6 6 6 6 5.9 5.9 6 5.9 5.8 5.7 6.6 5.6 5.8 5.6 5.6 5.8 6 7.3 5.6 5.6 5.6 5.7 5.8 5.6 5.5 5.5 5.5 5.6 5.5 5.5 5.4 5.2 5.4 5.5 5.3 8.7 5.4 5.3 5.4 5.5 5.5 5.5 5.5 5.4 5.4 5.4 5.4 5.3 5.3 5.2
5.9 5.9 5.9 5.9 5.9 5.9 6.1 6.3 6.3 6.3 6.2 6.5 6.2 6 5.7 5.5 5.5 5.6 5.7 5.8 5.8 5.8 5.8 5.8 5.8 5.7 5.6 5.7 5.7 5.8 6.5 5.9 5.7 5.6 6.8 5.4 5.5 5.5 5.5 5.5 5.9 6 6 6 6 6 6 6 6 5.9 5.9 5.9 5.8 5.7 5.7 5.6 6.1 5.8 5.6 5.5 5.6 5.9 5.8 5.5 5.5 9 6.8 5.8 5.8 5.6 5.5 5.5 5.5 5.6 7.2 5.6 5.5 5.2 8.4 5.7 5.4 5.4 5.4 5.5 5.6 5.7 5.5 5.5 5.5 5.4 5.4 5.4 5.4 5.3 5.2 5.2
5.9 5.9 5.9 5.9 5.9 5.9 6 6.2 6.4 6.3 6.3 6.3 6.2 5.9 5.6 5.4 5.5 5.6 5.7 5.8 5.8 5.8 5.8 5.8 5.8 5.7 5.7 5.7 5.7 5.8 6.5 5.9 5.6 5.6 7 5.3 5.4 5.5 5.5 5.5 5.8 5.9 6 6 6 6 6 6 5.9 5.9 5.9 5.9 5.8 5.7 5.7 5.6 5.7 5.8 7.7 5.6 5.6 5.6 5.4 8.9 7.4 5.5 5.6 5.8 5.8 5.6 5.5 5.5 5.5 9 5.6 8.9 5.5 5.3 5.8 5.7 5.5 5.5 5.5 5.8 5.8 5.9 5.5 5.5 5.5 5.4 5.4 5.4 5.4 5.3 5.2 5.2
5.9 5.9 5.8 5.8 5.8 5.9 5.9 6 6.2 6.3 6.2 6.2 6.1 5.8 5.6 5.4 5.5 5.6 5.7 5.9 5.9 5.5 5.8 5.8 5.7 5.7 5.7 5.7 5.8 5.9 6.3 6 5.8 5.7 7.1 5.4 5.4 5.4 5.5 5.5 5.7 5.9 6 6 6 6 6 6 5.9 5.9 5.9 5.9 5.8 5.6 5.6 5.6 5.7 5.8 5.7 5.7 5.5 6.2 5.6 5.7 5.5 5.6 5.8 6 5.9 5.6 5.5 5.6 5.6 5.6 5.7 5.8 5.5 5.6 7.5 5.8 5.6 5.5 5.8 6.1 6.1 6.1 5.9 5.5 5.5 5.4 5.4 5.4 5.3 5.3 5.2 5.2
6.2 6 5.6 5.3 5.5 5.7 5.8 5.9 6.1 6.1 6 5.9 5.8 5.8 5.7 5.5 5.5 5.7 5.8 5.9 5.2 5.5 5.7 5.8 5.7 5.7 5.7 5.7 5.8 5.9 6.4 6.2 6 6.4 5.5 5.6 5.4 5.4 5.5 5.5 5.7 5.8 5.9 6 6 6 6 5.9 5.9 5.9 5.9 5.8 5.6 5.6 5.6 5.6 5.6 5.6 8.8 5.6 6 5.6 7.3 7.2 5.5 5.7 5.9 6.1 5.9 5.6 5.7 5.7 5.7 5.8 5.7 5.8 5.7 5.8 5.3 5.3 5.5 5.8 6.1 6.6 6.7 6.2 5.8 5.5 5.4 5.4 5.4 5.4 5.3 5.3 5.2 5.2
5.6 5.2 4.8 4.9 5.1 5.3 5.5 5.7 5.9 5.9 5.9 5.8 5.7 5.8 5.9 5.7 5.5 5.7 5.9 5.4 5.2 5.4 5.7 5.9 5.7 5.7 5.7 5.7 5.8 6 6.4 6.3 6.1 7.4 5.6 5.7 5.8 5.5 5.5 5.5 5.6 5.7 5.9 6 6 6 6 5.9 5.9 5.8 5.7 5.5 5.5 5.5 5.5 5.6 5.6 5.6 5.6 5.9 8.9 5.7 6.2 5.7 5.7 5.8 6 6.2 6.3 5.6 5.7 5.8 5.9 5.9 5.8 5.8 5.8 5.9 5.6 5.5 5.7 6.6 7.4 7.3 6.9 6.2 5.6 5.5 5.4 5.4 5.4 5.4 5.3 5.3 5.2 5.2
4.9 4.5 4.3 4.5 4.7 5 5.4 5.8 5.8 5.9 5.9 5.7 5.7 5.8 5.8 5.9 5.8 5.7 5.9 5.6 5.2 5.4 5.6 5.9 5.8 5.9 5.8 5.6 5.7 6.3 6.5 6.5 6.3 7.3 6.1 5.8 6 5.8 5.5 5.5 5.5 5.7 5.8 6 6 6 5.9 5.9 5.7 5.7 5.6 5.6 5.6 5.6 5.6 5.6 5.7 5.7 5.7 8.6 5.8 5.8 5.8 6 6.2 7.5 6.3 6.3 6.3 5.8 5.8 5.9 5.9 6 6 5.9 5.9 6 6.5 6.7 6.5 7.3 7.8 7.7 7 6.3 5.6 5.5 5.4 5.4 5.4 5.4 5.3 5.3 5.2 5.2
4.5 3.7 3.9 4.3 4.7 5.1 5.5 5.8 5.8 5.8 5.8 5.8 5.7 5.7 5.8 5.8 5.7 5.7 5.9 5.9 5.6 5.7 5.9 6 6.1 6.2 6.6 7.8 12.1 7.4 7.1 7.3 8.2 7.2 7.9 6.8 6.6 6.4 6.3 6.1 6 6 6 5.9 6 5.9 5.8 5.8 5.7 5.7 5.6 5.8 5.7 5.7 5.7 5.7 5.8 5.8 5.8 5.8 5.9 5.9 6 6.2 6.3 6.4 6.5 6.3 6.2 6 5.8 5.8 5.9 6.1 6.2 6.3 6.3 6.3 6.4 6 6.5 8.2 8.2 7.8 7.1 6.2 5.7 5.6 5.5 5.4 5.4 5.4 5.3 5.3 5.2 5.2
3.5 3.8 4 4.4 4.8 5.2 5.6 5.8 5.8 5.8 6 5.8 5.7 5.7 5.6 5.6 5.7 5.7 5.8 5.9 5.9 6.2 6.5 6.8 7.5 7.9 7.9 7.7 12.3 6.7 8.7 9.4 7.6 10.1 10.2 8.5 7.7 7.6 7.4 7.3 7.4 7.1 6.9 6.8 6.2 5.9 5.8 5.7 5.6 5.6 5.6 5.7 5.7 5.8 5.8 5.8 5.8 5.9 5.9 5.9 6 6 6.2 6.2 6.2 6.4 6.3 6.4 6.4 6.2 6 6 6.3 6.5 6.7 6.7 6.6 6.7 6.7 7 7.6 8.2 8.2 7.6 7 6.3 5.8 5.7 5.6 5.5 5.4 5.4 5.3 5.3 5.2 5.2
3.8 4 4.8 5.1 5.1 5.3 5.7 5.8 5.9 6.1 6.1 6 5.8 5.7 5.7 5.6 5.7 5.7 5.8 5.9 6.1 6.5 7.1 8 9.1 9.6 9.4 9.2 10.2 7.7 10.4 11.3 7.8 13.6 12.8 11.3 9.7 8.8 8.6 8.6 8.8 8.4 8 7.2 6.4 6 5.9 5.8 5.7 5.6 5.5 5.6 5.6 5.8 5.9 5.9 6 6 6.1 6.1 6.1 6.2 6.3 6.1 6.3 6.5 6.4 6.5 6.6 6.5 6.6 6.6 6.7 6.9 7.1 7.1 6.8 7.1 7.4 7.9 8.6 8.9 8 7.4 6.8 6.2 6 5.8 5.7 5.6 5.5 5.4 5.4 5.4 5.5 5.5
4.1 4.5 5.1 5.7 6.1 6 5.9 5.9 6.1 6.3 6.3 6.1 5.9 5.8 5.7 5.7 5.8 5.8 5.9 6.1 6.2 6.5 8.2 10.7 11.7 11.4 11 10.8 10.9 10.9 11.6 12.7 8 15.2 14.2 12.9 11.8 11.5 11.9 11.1 10.3 10.4 10.3 9 6.6 6.2 6 5.9 5.8 5.8 5.6 5.5 5.6 5.7 5.8 5.9 5.7 5.8 6.1 6.3 6.4 6.3 6 6.2 6.4 6.5 6.5 6.6 6.7 6.9 7 7.2 7.3 7.4 7.5 7.5 7.2 7.5 8 8.4 9 9 8.1 7.2 6.7 6.5 6.2 6 5.8 5.7 5.7 5.9 5.9 5.8 5.8 5.8
4.5 4.9 5.4 6.1 6.1 6.1 6 6 6.2 6.4 6.4 6.2 6.1 6 5.9 5.9 5.9 5.9 6.1 6.4 7.1 7.8 10.2 12.1 13.1 13 12.7 12.4 12.1 11.7 12.5 12.7 8.2 15 14.6 14.1 13.6 13.7 13.7 13.5 13 11.9 10.8 9.3 7.1 6.3 6.1 6.1 6.1 6 5.8 5.6 5.5 5.6 5.7 5.8 5.7 5.8 6.2 6.5 7 6.5 6.3 6.3 6.5 6.6 6.6 6.7 7.1 7.4 7.8 8.2 8.5 8.6 8.5 8.4 8.1 8.2 8.5 9 9.3 9.3 8.8 7.9 7.3 6.9 6.6 6.3 6 6 6.2 6.4 6.4 6.3 6.2 6.2
4.9 5.3 5.7 6 5.9 5.8 5.8 6 6.2 6.3 6.3 6.2 6.2 6.3 8.1 6.3 6.2 6.1 6.2 6.6 7.3 10 12.3 13.3 13.8 13.6 13.3 13.3 12.9 12.5 13 8.7 10.1 15.3 15.3 15.1 14.9 15.2 15.2 15.1 14.8 13 10.9 8.9 7.1 6.3 6.3 6.3 6.3 6.1 6 5.9 6.1 6.3 6.3 6.3 6.4 6.1 6.4 6.7 7.6 6.8 7.3 7.9 7.9 8.2 8.4 8.3 8.3 8.6 9.6 10.3 10 10 9.5 9.4 9.2 9.3 9.5 9.7 10 9.9 9.5 8.6 7.9 7.5 7 6.8 7.2 7.1 6.7 7 6.9 6.9 6.8 6.7
5.2 5.6 5.9 5.7 5.6 5.6 5.7 5.9 6.1 6.3 6.4 6.6 6.7 6.8 6.7 6.6 6.5 6.4 6.5 7.7 9 11.3 13.6 14 13.9 13.9 13.7 13.1 11.5 13.2 13.3 8.8 14.5 15.3 16 16 16.2 16.3 16 15.7 14.7 12.1 8.9 7.7 7 6.3 6.3 6.2 6.5 6.4 6.4 6.5 6.8 7.1 7.3 7.5 8.1 8.3 8.4 8.9 9.5 9.6 10.3 10.9 10.9 10.7 10.6 10.6 10.6 11 12 12.6 12.3 11.6 10.7 10.4 10.3 10.5 10.7 11 11 10.9 10.5 9.7 8.9 8 8 8.4 8.8 9.1 7.9 7.5 7.5 7.5 8 7.9
5.7 6 5.7 5.4 5.4 5.5 5.6 5.8 6 6.2 6.3 6.4 6.6 6.7 6.6 6.9 6.6 6.5 7.3 8.9 11 12.3 14 14 14.2 14.4 14.3 14 8.3 14 13.9 9.2 15.3 15.6 16.5 16.8 16.7 16.4 16.1 15.5 12.9 10.4 9.1 7.5 6.8 6.2 6.2 6.9 6.9 6.9 6.8 7.4 7.8 8.7 9.6 10.2 10.8 11.4 11.4 11.4 11.9 12.5 13.4 13.9 14.1 13.9 13.3 13.4 13.5 13.6 14.6 14.9 14.6 13.5 12.4 12 11.9 11.9 12.1 12.3 12.4 12.4 11.7 10.9 10.4 10.2 10 10.1 10.4 10.9 9.9 9.7 9.3 9.7 10.1 9.7
5.9 5.9 5.6 5.4 5.3 5.3 5.5 5.6 5.8 6 6 6.3 6.6 6.6 6.6 6.9 6.9 6.9 8.6 11.7 14 14.2 14 14 14.4 14.7 14.8 14.6 7.6 14.3 14.1 9.4 14.9 15.3 16.1 16.9 16.7 16 14.9 13.6 11.2 9.3 8.3 7.6 8 8.1 6.8 7.8 7.9 8.6 9.1 9.8 11 11.8 12.5 13 13.5 14.2 14.6 14.6 14.5 15.5 16.5 16.9 17.3 16.9 16.1 16 16.2 16.8 17.2 17.2 16.7 15.4 14.7 14.4 14.2 14 14.1 14.4 13.9 13.7 13.5 13.6 13 12.4 12.2 12.2 12.3 12.5 12.4 12.9 12.5 12 11.9 12.2
6 5.8 5.7 5.6 5.5 5.6 5.8 6 6.1 6.3 6.4 6.6 6.6 6.6 6.7 6.9 7.3 8.8 11.3 14.1 13.8 13.1 13.1 13.8 14.6 14.7 14.7 14.9 10.3 14.8 9.9 9.5 12.5 13.3 13.9 14.7 14.6 14.4 13.5 12.2 10.7 9.9 9.6 9.9 10.7 11.2 10.6 10.5 10.8 11.3 12.3 13.2 14.2 14.9 15.4 15.9 16.4 17 17.5 17.9 17.8 18.1 19.5 19.9 20.3 19.8 19 18.7 19.4 20.1 19.9 19.6 18.9 18.3 17.8 17.4 17.2 17.4 17.5 17.1 16.7 16.5 16.6 16.8 16.3 15.5 14.7 14.3 14.7 15 15.2 15.7 15.3 14.7 14.5 14.9
6.2 5.7 5.8 5.8 6 5.9 6 6.3 6.6 6.7 6.8 6.8 6.8 6.7 6.7 6.8 8.5 11.3 12.3 13.2 13.1 13.3 12.5 12.2 12.3 12.7 12.8 12.3 13.9 15 10.3 11.2 11.8 11.6 12 12.3 12.6 12.9 13 12.4 11.8 10.9 11.8 12.6 13.9 14.1 14.5 14.4 14.6 15.2 16.1 16.8 17 17.8 18.3 18.8 19.3 19.8 20.3 20.6 20.8 21.2 21.8 22.3 22.6 22.1 21.9 22.1 21.9 22.6 22.3 22 21.7 21.3 20.8 20.5 20.6 20.9 20.6 20.2 19.8 19.6 19.6 19.6 19.3 18.5 17.7 17.3 17.8 17.8 17.7 17.9 18 17.7 17.6 17.9
7.7 6.3 6.3 6.6 6.3 6.2 6.3 6.6 6.9 7.1 7 7 6.9 6.9 6.9 7.2 9.4 10.2 10.1 10.4 9.5 10.1 9.8 9.8 9.9 10.6 10.9 10.5 13.2 12.3 9.3 13.4 11.5 12 11.7 12.6 12.9 13.6 14.5 14.6 14.6 14.2 14.6 15.5 16.5 16.9 17.4 18.1 18.9 18.8 18.7 18.9 19.4 20.6 21.1 21.6 22.2 22.6 23 23.2 23.4 23.7 24 24.6 25 24.5 24.5 24.7 24.9 25 24.8 24.5 24.4 24.2 23.9 23.3 23.7 24.2 23.7 23.2 22.8 22.7 22.6 22.2 21.9 21.5 20.7 20.2 20.7 20.6 20.3 21.1 21.2 21 20.8 20.7
-3.9 6.6 6.2 6.2 5.9 6.5 6.5 6.8 7 7.1 7 7 7.1 7 7 7.3 8 7.6 7.9 7.5 7.6 7.8 8 8.4 8.9 9.5 10.2 10.1 13 14.5 9.1 14.9 12.7 13 13.1 13.7 14.4 15.6 16.2 16.9 17.5 18.1 18.3 18.8 19.2 19.8 20.3 21.1 21.4 21 20.6 21.5 22 23.4 23.9 24.4 24.7 24.9 25.6 25.8 26 26.2 26.5 26.8 27.3 27 27.2 27.4 27.6 27.5 27.3 27 26.8 27.4 26.9 26.4 27.2 27.3 26.8 26.3 25.9 25.8 25.4 24.9 24.5 24.1 23.7 23.1 23.3 23.3 24.1 24.6 24.6 24.3 24 23.7
-3.9 7.9 6 6.5 6.6 6.7 6.8 6.9 7.1 7.1 7 7 7.1 7.1 7.2 7.4 7.4 7.2 7.5 8.1 8.6 9.8 10.4 10.6 11.2 11.7 12.2 9.6 13.1 15.4 8.9 15.6 14.5 14.6 15.5 16 17.2 18.6 19.7 21 21.2 21.5 21.7 22 22 22.6 23.3 23.7 23.4 23 23.7 24.7 25.4 26 26.4 26.7 27 27.3 28.1 28.3 28.6 28.8 29.1 29.3 29.6 29.7 30 30.4 30.6 30 29.8 29.5 29.3 29.5 30 29.3 30.7 30.5 30 29.6 29.2 29.1 28.5 27.9 27.4 26.9 26.4 26 26 26 26.7 27.9 27.7 27.3 26.6 25.9
-3.9 -3.9 5.9 6.4 6.9 7.2 7.1 7 7.1 7.1 7.1 7.1 7.1 7.1 7.1 7.3 7.5 7.7 9.5 12.1 12.9 13.6 14 14.2 14.5 14.5 14.4 6.9 15.1 15.9 8.7 15.2 15 18.3 19 19.4 20.6 22.1 23 23.9 24.2 24.6 25 25 25 25.5 26.1 25.7 25.4 25.6 26.1 27.1 27.8 27.9 28.8 29 29.2 29.8 30.6 30.9 31.1 31.4 31.6 31.9 32.2 32.7 33.2 33.6 33.1 32.7 32.6 32.4 32.2 32.5 32.9 31.6 34.1 33.9 33.6 33.2 32.7 32.4 31.6 30.9 30.4 30 29.6 29.2 29.2 29 30.2 30.5 30.8 30.5 29.7 28.8
-3.9 -3.9 6.3 6.6 6.9 7 7.1 7.1 7.1 7.1 7.1 7.1 7.1 7.1 7.1 7.2 6.8 6.6 6.4 7.3 8.8 16.4 16.1 17.9 13.8 15.1 17.3 6.7 13.8 14.4 8.6 15 17.2 19.3 21.1 22.6 23.7 25 26.1 26.2 26.1 26.3 26.6 27.3 28 28.8 28.8 28.2 27.7 28.1 28.7 29.5 29.6 29.7 31.1 31.3 31.5 32.3 33.1 33.5 33.7 34 34.3 34.8 35.2 35.7 36.1 36.1 35.6 35.3 35.3 35.3 35.2 35.6 35.9 33.7 36.1 36.7 36.2 35.5 35.1 35.2 34.2 34.1 34.1 33.4 33 32.6 32.7 34.1 33.7 33.6 33.3 33.3 32.9 31.1
-3.9 -3.9 6.4 6.6 6.8 6.9 7.1 7.1 7.1 7.2 7.2 7.3 6.9 6.9 7 7 7.1 6.9 6.7 7.1 6.6 7.3 8.6 12.4 15.8 21.2 17.6 9.2 14.4 10.7 11.4 16.1 19.2 21.9 23.7 25.8 27 28 28.9 28.7 28.1 28.7 29.3 30.2 30.9 31.2 31.4 31.1 30.2 31 31.7 32.1 32.7 33.2 33.7 33.5 34 34.8 35.6 36 36.4 36.9 37.3 37.7 38.3 38.8 38.9 38.5 38 38.1 38.2 38.2 37.9 38.7 38.4 36.4 38 39.3 38.3 37.4 37.5 37.7 37.2 37.1 37 37 37 35.9 36.3 37.1 37.1 37.8 37.2 36.5 34.5 33.3
