STL Generation/terr50_gagg_gb/data/ST40.asc
ncols 200
nrows 200
xllcorner 340000
yllcorner 100000
cellsize 50
[rows 0 to 34 of 200, columns 0 to 77 of 200]
230.4 227.9 227.1 225.1 220.5 214.1 206 196.6 193 184.3 187.5 194.7 197.7 197.3 199.2 194.3 191.5 189 186.6 183.2 181.5 180 179 176.6 167.5 160.5 155.5 151.6 148 145.7 145.4 145 143.8 143.7 142.1 140.5 138.9 136.8 136.4 135.6 133.4 128.7 127.4 124.3 121.1 121.5 114.4 113.5 106.5 104.7 106.4 86.3 86.1 110.2 117.8 119.1 118.4 117.3 108.3 98.8 115.1 121.7 122.4 121.2 120 117.8 114.3 110.6 107.7 106.1 103.1 98.5 91.5 87.2 83.3 79.7 75.3 69.6
236.3 233.8 229.9 224.3 216.2 207.5 199.7 193.3 187.6 179.3 177 183.5 188.5 192.9 192.9 190.8 188.8 189.1 186.8 184.8 182.9 180.9 179.9 177.3 171.2 163.8 157.8 150.9 147.3 143.8 142.6 142.5 141.9 141.5 139.5 138.3 137.1 135.4 134.3 134.1 133.3 131.4 131.5 130.9 129.4 127.5 120.3 123 112.7 116.7 102.2 87 90.2 114.4 119.7 118.8 117.7 116.9 107.2 112.5 120 122.4 121.7 118.9 116 110.7 108.1 103 100.6 102.9 98.8 92 89.3 85.7 80.5 76.6 71.5 67.4
236 231.7 225.9 217.2 207 199.2 193.8 190.3 183.3 173.3 171.2 171.8 173.9 177.1 182.8 184.8 182 184 185.9 183.8 182.2 180.5 178.9 177.5 175.3 168.4 159.3 150.3 146.9 144.1 140.8 139.8 139.8 139 137.7 136.3 135.1 133.9 132.4 132.4 131.6 131.5 130.9 130.5 129.5 128.6 127.3 125.6 120.8 120.6 103.1 88.9 94.8 117.4 121.3 119.9 118.4 116.8 112.4 118.9 121.8 123.9 120.9 112.7 104.8 99.1 92.9 90.1 88.6 90 93.9 95.1 92.1 88.7 79.8 71.4 68.7 70.6
234.7 229.6 220.7 209.4 198.5 193.3 189.9 184.7 178.8 171 166 165.3 165.7 167.1 169.5 171 172 174.2 181 183.6 181.9 180 177 169.7 169.5 163.9 156.3 150.2 146 141.8 139.2 137.6 138.1 136.8 136 135 133.4 132.6 131 129.8 129.8 129.8 129.7 129.1 128.2 127.6 126.8 126.4 125.2 115.9 100.3 91 99.2 119.3 121.9 122.6 120.5 118 117.7 121.1 125.2 125.3 121.9 116 108.6 105.3 100.4 94.5 88.9 85 82.2 81.6 81.1 78.8 73.9 71.1 71.2 71.3
232.8 225.8 214.2 199.9 193 189.2 183.9 179.3 171.5 165.6 161.9 159.9 159.6 159.4 160.6 160.4 161.7 163.5 170.7 179 179.9 175.4 167.9 160.6 158.6 157.7 156.3 150.9 147 142.9 138.5 135.9 135.6 135.2 134.6 132.9 132.3 131.3 130.5 129.2 128.2 128.2 128.4 127.9 127.1 126.6 126 125.6 124.3 117.1 107 94.9 108.5 121 123.2 124.5 123.6 121.4 122.1 124.3 127.2 126.6 126.3 122.8 117.8 113.8 108.3 101.3 97.5 95.4 88.9 83.2 79.3 77.5 79.4 81.8 77.1 72.2
230.8 223.8 206.5 193.2 187.2 183.6 177.7 171.9 167.4 161.7 158.6 156.5 153.6 152.5 153.4 154.4 155.3 157 160 163.7 166.7 167.8 159.4 154.2 150.9 151.3 152.2 150.4 146.9 143.2 136 134.8 134.9 134 133.2 132.3 131.4 130.5 130 128.8 127.5 126.7 127.1 127.5 126.7 126.1 125.1 124.6 124.6 118.5 105.3 104.4 121 123.1 125.4 126.1 126.1 126.3 128 128.9 130.9 132.2 129.8 126.7 122.5 118.2 112.6 107.9 103.9 99.7 91.4 83.9 83.1 87 90.6 88.1 78.1 73.5
230.8 222.7 206.8 192.7 185.7 179.4 174.7 170.4 166.3 162.8 160 156.4 152.8 150.5 147.9 147.7 148 149.4 151.8 153.8 155.2 155.1 152.8 147.6 144.6 145.7 147.2 146.9 144.9 139.9 135.6 135.6 134.2 133.7 133.2 132.3 130.6 129.6 128.7 127.9 126.7 125.7 126.2 125.9 125.9 125.3 124 123.6 123.4 120.1 108.7 119.9 122.5 124.8 126.3 127.4 127.6 127.9 129.2 130.7 132 134.5 135 130.7 126.8 121.1 116.4 111.5 103.8 98.2 89.1 89.8 92.9 95.8 93.6 87 75.7 75.2
232 224 212.9 195.5 187.4 182.9 177.4 173 169.3 165.5 161.6 158.2 154.9 152.5 149.2 146.2 143.3 143 143.6 145 145.4 147.7 145.1 142.7 139.5 139.4 140.9 141.2 139.2 135.6 135.8 132.6 133.7 134.6 133.5 132.1 130.1 129.1 128 126.8 125.9 125.1 125 123.9 124.1 123.9 123.7 122.6 122 120.9 120.7 120.5 122.5 123.6 124.7 125.6 126.3 127.4 128.4 130.7 131.7 134 136.5 135.2 131.2 126.4 120.3 114.7 107.1 99.8 98.1 99.8 97.7 90.9 87 84.1 80.1 79.2
232.8 226.3 217.3 202.6 190.7 185.8 181.5 176.8 173 169.4 165.6 161.6 157.3 154.6 151.3 148.4 146.4 143.9 142.2 141.1 138.7 137.7 137.4 137.4 137 134.7 134 134.2 133.8 133.3 132.3 130.2 134.2 135 133.3 131.6 130 128.7 127.5 126.3 125.1 124 122.9 121.8 121.4 122.8 122.7 122.3 121.9 120.9 120.2 121.1 121.2 121.5 122.2 123.2 124.2 125.8 128 130.2 131.5 133.5 137.2 137.3 135.4 130 125 118.8 111.2 104.6 101.7 103.2 101 97.5 79.7 77.4 80.9 84
234 229.9 222.7 213.1 198.6 190.4 186.7 183.3 178.9 174 169.9 166 161.1 157 154.1 151.8 150 148.1 145.6 141.2 139 138.1 137.2 136.5 134.9 133.3 131.9 131.7 130.2 129 128 127.3 130.1 132.1 131.8 130.4 129.7 128.9 127.7 126.5 125.4 124.1 122.5 121 119.7 120.4 122 121.7 121.5 120.6 119.5 119.3 120.1 120.4 121 121.7 122.6 124.2 126.5 128.8 130.7 133.8 135.4 137 134 127.7 123.5 119 113.8 108.1 105.2 102.8 92.2 86.4 80.1 82.2 88.2 87.9
234.4 231.8 227.2 220.2 210.3 202.3 194.5 188.4 185.2 180.1 175.3 170.6 166 162.1 158.5 156.2 154 151.3 147.9 142.5 141 141.4 141.1 138.7 136.7 135.1 133.7 132.5 130.5 129.2 128.2 126.9 125.4 125.5 129.1 128.9 129.3 128.4 128 127 125.9 124.7 123.4 122.2 120.8 120.9 120.4 120.9 120.8 119.6 118.5 118.7 119 119.4 120.7 120.7 121.3 122.3 124.5 127.2 130.4 134 135.7 133.2 129.1 124.6 120.6 116.4 112.6 109.1 106 96.1 89.8 82.4 81.9 92.6 93.2 90.5
233.5 233.4 230 225.6 221.1 215.7 207.3 197.6 190.2 185.4 181.4 176.1 170.7 167 164.5 161.5 156.8 152.4 147.7 144.5 143.5 144.9 143.6 141 138.7 136.8 135.4 134.2 134 132.3 130.6 128.7 126.4 124.5 125.4 125.3 126.3 126.7 126.2 126 125.4 125.1 123.8 122.6 121.5 120.3 118.7 118.9 119.1 118.7 118.1 119 119.9 120.3 121.8 122.1 121.5 122.5 124.1 126.9 130.8 134.7 138.2 136.1 129.3 122.8 119.4 116.5 113 111.8 108 99.7 86.6 80.2 88.7 96.4 96.4 94
232.6 231.7 231.6 229.4 227.1 222 216.2 208.7 198.2 191.6 186.1 182 176.6 173.4 167.9 162.5 157 153.2 150 148.7 148.7 148.9 147.4 143.4 140.9 138.8 137.1 136.2 137.1 136.6 134.9 132.5 130.1 127.8 125.1 123.4 121.4 122.3 122.8 123.8 124.3 124.5 124.1 122.9 121.9 120.7 119.1 117.3 117.2 117.5 118.9 119.7 120.5 121.4 123 123.5 123.5 123.4 124.9 128.2 132.4 136.3 138.5 136.5 130.5 124.5 121.2 117.5 115 111.2 108.1 100.8 87.1 81.1 94.3 100.4 99 95.9
230.9 230.1 230.1 231.8 229.7 226.7 223 215.8 209.4 199.9 191.7 186.8 181.9 177.5 172.1 166 160.9 157.7 155 154 153.1 151.9 149.6 146.5 144.2 142 140.4 140.5 141.1 140.7 138.6 136.2 133.8 131.2 129.4 127 124.4 121.8 120.9 120.6 122 123.4 123.4 123 121.9 120.7 118.8 117.1 116.6 117.6 120.2 121.2 122 122.9 124.4 125.5 125.8 125.9 126.4 130.3 133.3 135.7 136.1 133.9 129.9 125.6 121.8 117 110.9 104.7 99 93.5 85.7 84.3 98.1 102.8 100.5 97.8
229.2 230.8 231.8 231.7 230.7 229 226.8 222.6 215.4 208.8 200 193.9 188.1 183.6 178.6 172.4 166.2 163.7 162.1 161.2 159.9 156.8 152.4 149.9 148.1 145.6 143.8 143.6 144.5 144.2 142 139.7 136.6 133.4 131.6 129.6 127 125.3 122 119.7 120.4 122.4 122.8 122.5 121.8 120.4 118.5 116.9 116.3 117.7 121.7 122.7 123.6 124.5 125.7 126.8 127.8 127.6 128.3 129.1 133.2 134.4 134.2 131.3 127.9 124.4 118.6 109.7 103.4 98.5 95.6 92.9 87.6 87.3 101 104.4 102.1 99.5
229 230.3 231.2 231.2 230.7 230 228.6 226.2 222.4 216.6 208.7 201.5 195.7 189.7 183.8 178.1 172.9 170.9 169.8 168.5 165.4 161 157.8 153.1 151.6 150.4 150.3 150.3 149.1 146.9 144.7 142.2 139.1 135.7 133.8 131.4 129 127.8 124.8 120.8 118.6 120.1 121.8 121.8 121.2 120.5 119.2 117.1 115.7 117.8 121.5 123.2 124 124.1 125.7 126.6 127.6 129.7 130.4 130.9 132 134.1 131.9 129.2 125.8 119.8 114 111.3 109.8 109.9 107.3 98.9 89.2 90.5 103.5 106.2 103.7 101.2
227.9 229 229.9 229.4 228.6 228.7 228.5 227.2 224.9 221.3 216.6 210 203.4 197.8 191.4 184.1 179.8 178.4 176.8 174.3 172 166.6 164.7 160.9 159 157.1 155.8 153.7 152.5 149.8 147.3 144.5 141.1 137.9 135.5 132.7 130 126.2 122.7 119 118 118.5 120.9 120 119.8 119.9 119 117.3 114.8 115.9 120.5 122.2 122.8 122.6 124.4 126.2 127.4 127.8 130 131.3 131.8 131.7 132.1 129.5 127.6 125.4 122 119.1 117.7 115.8 111.2 94.7 89.6 95.7 107.2 108.4 105.8 103.2
226.2 227.1 227.2 226.6 226.3 226.1 226.1 226 225.1 222.7 219.3 215.4 211.1 206 200.3 192.5 190.5 187.7 183.5 180.3 175.9 173 173.4 172.4 168.9 164.6 161.3 158.7 155.3 151.8 148.3 144.5 142 139 135.6 132.3 128.1 122.6 120.6 120.1 118.6 116.6 116.9 117.8 119.5 119.1 118.3 117.5 115 114.8 117.7 119.7 120 121 122.8 124.5 125.1 126 128.1 130.2 131.5 130.2 132.6 133.1 132.6 131.3 128.6 125.1 121.6 118.3 104.2 92.6 93.8 103.2 111.1 110.9 107.7 105.2
224.6 224.7 223 219.8 219.8 219.8 221.3 222.1 222.5 221.5 219.4 217.6 214.4 209.9 203.6 199.7 196.8 193.9 189.5 184.5 178.8 175 175.7 176.8 175.8 172 167.5 164.3 157.7 152.7 147.3 141 139.9 137.9 135.3 131.2 126.1 123.1 123.1 123.6 121.4 118.9 116.4 117.7 119.1 118.6 118 116.9 115 113.3 114.7 116.1 116.1 116.9 120.3 122 122.1 123.1 124.9 126.9 128 128.9 128.9 133.4 134.5 133.8 131 127.2 122.3 115.5 98.1 95.5 100.3 112 114.3 112.9 109.7 108.3
222.6 220.4 216.5 211.8 208.7 210 212.5 215.2 217.1 217.7 216.1 214.2 211.8 207.7 202 194.8 192.6 191.2 188.9 185.6 181.6 178.3 176.9 178.2 179.7 177.2 173.7 170.3 162.2 154.4 148.9 142.3 137.4 135.1 132.3 127.7 125.6 125.8 125.9 124.5 122.6 119.4 116 114.2 116.9 118.5 117.7 116.3 114.4 112.8 112.6 113.7 113.9 114 115.8 117.9 117.1 118 120.8 123.2 123.8 124.7 126.8 132.4 134.4 134.7 132.4 127.7 121.5 107.2 100.5 102 104.8 115.8 116.3 114.2 112.3 110.6
220.2 216.3 210.2 203.1 197.1 197.9 201.4 205.6 208.3 208.2 207 205.2 204.4 201 195.1 188.4 185.4 184.7 182.9 182.5 182.1 180.6 179.4 178.3 178.2 177.5 176.4 174.8 169.7 159 150.4 143.7 137.1 135.2 132.3 128.9 127.5 126.7 126.2 124.1 122 119.2 115.8 114 113.7 115.3 116.6 115.4 113.6 112.3 111.9 110.9 111.3 111.6 112.9 113.8 114.2 115.2 116.8 119.3 120.8 121.7 124.1 127 130.7 133.6 132.2 126.7 116.9 107.4 110.1 109.2 110.4 116.8 118.4 115.9 113.8 110.5
217.3 212 203.5 192.7 187.6 188 191.7 196.2 197.8 197 195.4 193.3 194.6 192.6 187.7 183.9 181.6 179.2 179.1 178.6 178.3 179.1 179.2 179.8 178.2 175.5 174.6 174.2 171.9 165.5 154.4 147.3 142.7 137.1 134.2 131.5 129.6 128 126.9 124.4 122.3 119.5 116.3 114.6 113.3 112.1 113.5 114.2 112.7 111.6 110.7 110 109.7 110.8 111.7 112.3 112.9 113.5 114.2 114.9 116.4 119.4 121.2 122.6 125 126.2 126.8 125.1 118 116.9 115.7 113.5 114.8 119.1 119.9 117.2 113.7 114.1
214.1 206.4 196.9 187.5 179.4 182.5 185.6 187.3 187.9 187.6 185.3 183.5 186 184.5 182.2 180.7 179.4 174 174.9 175.7 174.2 173 177.4 179.5 178.1 175.9 174.3 173.4 172.2 169.4 158.6 153.1 147.8 142.4 137.2 134.1 131.9 129.8 128 125.2 122.4 119.9 118.5 116.8 114.8 111.5 111.1 111.2 110.6 110.9 110.1 109.4 109 110.5 111.4 111.6 112.2 112.7 113.3 113.8 114.7 116 117.2 119.1 120.6 122.2 123.7 123.9 121.6 122.8 119.2 117.8 118.9 121.4 120.3 117 114.2 113.8
210.2 201 192.2 184.5 174.9 173.9 181.5 182.1 182 181.1 179.2 178.3 180 180.1 178.8 178.2 176.9 172 165 170.1 168.1 164.6 171.7 177.5 178.6 175.5 172.8 172.8 172 171.9 167.4 166.3 156 145.3 139.4 136.3 133.1 130.5 128.1 125.4 123 120.2 118.9 117.5 115.7 112.3 110.4 110 109.6 109.4 109.3 109.1 109.4 110.3 110.4 110.5 110.5 110.3 109.9 111 113.1 114.4 115.5 116.2 117.4 119.3 120.9 123.3 124.4 128.6 124.4 121 122.3 123.5 120.7 117.6 116.4 113.7
208 196.2 188 177.6 170.5 165.9 169.2 172.9 177.6 177.3 175.7 170.2 174.3 174.5 171.7 171.7 173.6 171.7 161.5 156.6 156.8 157.7 170.6 175.8 176 175.4 171.4 170.8 171.1 171.5 170.8 167.3 155.7 144.9 140.7 133.2 129.8 129.6 127.4 124.7 122.3 120.4 118.5 116.6 114.6 113.1 110.1 108.9 108.3 109.6 109.9 110.4 110.8 111.6 112.6 112.9 112.7 113.4 114.5 113.9 114.5 112.4 107.9 114.9 116.4 117.6 119.4 122.9 126.8 130.7 129.7 126.3 126.4 126.3 121.5 119.5 117.5 115.2
206.3 194.7 186.4 174 165.9 158.9 160.5 163.3 165.6 168 169.4 164.1 162.9 162.6 161.2 162.5 166.7 165.9 160.3 151.9 149.9 152.9 168.5 173.5 174.4 174.5 171.4 168.2 167.3 168 168.1 162.4 151.4 146 141.3 133.4 126.2 125.7 124.6 121.7 118.4 118.2 117.3 115.4 112.9 110.3 109.4 107.9 109.5 110.9 112 112 111.9 112.4 113.3 114.6 114.7 115.2 115.2 115.1 115.3 115.4 116.4 115 105.8 116.3 119.3 122.5 124.7 127.6 130 128.4 127.8 123.1 124.2 122.4 119.9 118
206.1 194.6 182.9 172.1 162.9 156.4 154.7 156.7 158 160.9 161.4 158.6 155.5 153.1 152.5 156.9 160 159.6 154.5 147.6 145.7 146.9 159.6 169.1 171.8 172.7 172.7 168.7 163.1 157.7 159.4 155.7 149.1 144.6 139.3 134.2 131.1 127 123.1 120 116.5 115.4 115.6 113.2 110.5 108 107.9 108.3 111 112.7 113.1 113 113 113.5 113.7 115.3 116.8 117.1 118.1 117.1 116.6 118.1 119.2 119.3 118.6 112.4 109.5 119.3 122.1 124.4 126.9 127.8 125.7 125.5 125.2 124 122.7 120.8
206.7 195.9 184.1 170.1 160.7 155.5 148.4 146.8 148.5 150.8 153.3 152.1 149.2 148.7 149 152 154.4 153.9 149.1 143.9 141.6 141.9 149.4 158.1 166 170.5 171.7 171 165.9 154.5 146.7 146.3 143.4 142.5 140.1 136.1 132.5 128.8 124.1 121.2 116.7 112.9 111.6 110.9 107.7 108.3 106.9 110.6 113.7 114.8 114.5 114 114.2 114.9 114.7 116.2 118.3 120.4 121.5 120.3 118.5 120.6 121.2 121.1 120.3 119.2 118.1 103.2 113.4 121.2 123.6 126 125.3 126.9 125.9 124.9 123.7 122.6
210.4 199 183.6 168.6 159.1 153.4 146.9 143.2 142.6 143.3 145.5 146.4 144.2 144.5 145.3 147.5 149.1 148.2 144.8 139.8 136.7 135.9 140.7 146 155.6 164.2 168.9 168.8 165.9 156.6 142.7 139.3 137.3 138.6 137.3 134.2 131.7 128.5 125 117.8 115 111.2 108.8 107.5 108 107.4 110.5 113 115.6 116.5 116.1 115.3 115.4 116.1 115.9 116.3 118.5 121.1 122.8 122.7 121.2 121.9 122.5 122.7 121.2 120.3 120.1 120.1 113.3 105.3 121.7 123 124.8 125.4 125.5 124.6 123.4 121.9
208.5 199.8 183.7 168.3 158.7 151.4 146.7 142.6 139.4 139.4 140.7 139.6 139.1 139.2 139.8 143.3 145.5 144.6 141.3 135.6 130.5 130.7 132.6 139.2 144.4 154.9 162.4 164.8 162.3 152.1 140.1 134 132 134.8 133.6 131.7 129.1 127.4 122.9 119.6 113.4 111 108.3 107.4 105.9 109.8 112.6 114.6 116.7 117.3 117.1 116.4 116.8 116.7 116.5 116.4 118.6 120.8 122.3 123.4 122.4 122.8 123.5 123.7 122.4 121.7 121.4 121.1 121.6 121.6 122 122.6 122.2 120.8 122.2 124 122.5 120.4
205 196.3 184.1 167.2 158.1 151.5 146 141.9 137.9 135.7 135.5 134.3 133.5 133.5 134.5 139 140.6 140.6 138.4 133.1 128.3 125.1 125.8 133.7 135.9 143 153 155.4 156.6 144.3 136.4 132.9 127.8 129.6 130 128.4 125.8 125.5 121.5 117.6 113.1 110 106.3 103.6 106.8 109.4 111.2 113.5 115.3 116.5 117.7 117.5 116.9 116.4 116.1 116.9 118.4 120.4 121.9 123.1 123.4 123.9 124.6 124.8 123.7 122.7 122.2 121.3 122.5 123.5 123.4 123.4 112 110.8 109.6 111.9 112.4 112.4
201.6 191 180.5 170.7 160.2 151.3 145.4 141.4 137.6 136.1 133.2 130.4 129.8 128.3 128.3 132.6 135.4 136.5 134.9 131.7 128.3 123.7 121.8 125.9 127.6 132.2 137.3 139.2 138.6 135.9 130.8 129.7 127.7 124.5 125.2 123.6 121.8 121.4 118.7 116.6 110.6 107.8 105.6 105.3 107.2 109.2 109.9 111.8 113.8 114.9 115.8 116.5 116.6 116.1 116.3 117.6 118.8 120.1 121.6 122.8 123.9 125.5 125.8 125.8 124.7 123 123.5 123.6 124.3 125.4 125.4 125.1 117.7 104.4 100.4 103 102.1 102.8
199.3 191.3 187 177.8 161 151.3 146 142.1 139.6 137.6 135.6 133.3 131.1 128.9 125.9 124.6 128.1 130.3 130.4 129.4 126.4 122.1 118.3 119.5 121.5 124.3 126.8 128.8 129.8 128.5 126.1 128.1 128.4 125.4 122 119.1 116.3 116.1 115.9 112.5 108.1 106.9 104.4 106.1 110.3 110.9 111.4 111.7 112 112.9 114.1 115.4 115.8 115.7 117 118.4 120 121.5 122.4 124 125.5 127 127.2 126.3 126.9 127.1 126 125.6 125.4 126.5 127.9 129.3 124.4 111.9 103.4 100.5 97.1 97.3
199.9 191.5 181 169.8 158.4 152 147.1 144.5 143.6 142.2 140 136.9 133.9 131.9 127.2 124.2 122.2 123.6 125 124.3 122.7 119.8 116.6 115.8 115.7 116.7 118.5 120.9 121.6 120.9 121.9 125.3 126.6 124.9 121.7 118.2 114.1 111.4 110.8 111 105.9 104.8 102.5 107.9 112.3 113.8 114.4 115.3 115.3 114.7 115.3 115.7 116.1 116.3 117.9 119.6 121.2 122.8 124.4 126.3 127.9 128.2 129.9 130.9 131.5 130.3 128.3 127 126.9 128.5 130.6 130.6 124.4 112.7 104.5 100.4 98.1 95.9
202.6 192.7 178.4 166.8 158.8 154.9 151.4 149.8 149.1 147.1 144.1 139.6 135.7 132.2 128.5 125.8 123.6 121.3 119.6 118.9 118.3 118.8 116.1 115.4 113.8 113 113.4 115 116.9 117.5 120 122.6 121 119.8 121.3 119.3 115.8 112.1 108.7 107.2 105.5 103.1 101.7 107.6 111.6 114.5 115.6 117 117.7 117.8 119.1 119.4 119.9 120.1 120.9 121.9 123.4 124.5 125.6 127.9 131.3 132.3 133.4 134.3 134.8 133.2 131 128.5 129.2 131.4 133.8 129.2 122.2 112.6 106.3 101.8 99.4 96.3
