STL Generation/terr50_gagg_gb/data/ST47.asc
ncols 200
nrows 200
xllcorner 340000
yllcorner 170000
cellsize 50
[rows 156 to 194 of 200, columns 88 to 175 of 200]
60.5 56.5 53.7 52.5 48.2 49.5 48.9 47.9 43.6 42.1 42.3 42.9 43.1 43.5 44.7 47.7 54.7 68.1 78.2 84.3 86.6 86.9 82.7 73.9 63.7 51.6 42.6 37.4 33.6 30.8 28.1 26.9 26.1 25.3 24.6 24 25.1 23 23.1 23.4 24.9 26.3 27.6 29 31.3 32.9 34 35.6 37.6 41.1 43.9 46.3 48.1 49.3 52 54.9 59.6 64.8 68.9 72.2 75.9 79.1 81.2 83.1 84.6 85 87.1 88.4 89.1 86 79.8 77 74.8 69.7 58.2 58.5 67.4 75.3 80.4 81.2 75.9 77.8 83.2 84.9 84.2 82.2 80.4 78.5
49.2 46.3 43.2 40.8 40 40.2 43.3 43.7 40.4 36.3 35.9 36.5 37.1 37.7 38.4 39.6 49.1 60.3 69 77.4 79.9 77.4 73.7 66.6 58.2 47.4 40.1 34.2 30.4 27.8 25.7 24.4 23.5 22.8 21.9 21.4 21.2 21.2 21.6 22.9 24.6 26.3 27.7 29.1 32 33.7 35.3 37.7 41.2 45 48 50.6 53.6 57.7 60.8 63.1 66.3 68.7 71 74 76.1 77.6 78.2 77.7 77.6 77.9 78.5 78.5 77.6 73.3 70.4 67.7 65.2 62.9 54.1 52.8 60.5 67.6 72.3 72.7 69.5 70.7 74.4 76.8 75.8 75.2 74.8 74.8
41.7 39.8 36.9 35.3 35.2 35.3 41.1 41.7 39.4 33.7 31.3 31.4 31.9 32.5 33.2 34.4 40.3 47.6 56.3 64.4 66.8 64.9 62.4 57.3 50.6 43.5 36.2 31.4 27.1 24.2 23 21.7 21.2 20.9 20.2 19.9 19.7 20.1 20.7 22.4 24.3 26.1 27.8 29.9 32.8 34.5 37.6 41.2 45.3 48.9 52 55.6 59.9 64.9 70.1 71.5 72.2 72.2 72 72.7 72.4 70.9 71.7 69.6 67 65.9 67.7 68.4 67.2 63.9 61.5 58.7 55.2 52.9 45.8 45.4 53.3 58.5 63.4 64.4 63.5 62.6 66.6 68.8 69 69.3 67.9 71.9
34.9 33 30.5 30.2 30 29.8 32.6 29.8 30.4 29.9 27.7 27.2 27.6 28 28.8 30.8 32.8 36.2 43.7 49.2 50.8 50.1 47.5 45.5 42.7 38.8 33.6 27 23.3 21.3 20.3 19.2 18.9 18.9 18.9 18.6 18.5 19 20.2 21.9 23.8 25.6 27.5 31 34.4 37.9 41.4 45.1 49.3 53.7 57.9 61.8 65.7 69.3 70.4 69.1 67.8 66.7 66.5 66.5 65.6 61.3 57.4 56.6 56.3 56.9 58.8 60.6 59.1 55.3 52 50.2 44.7 41.1 37.9 38.4 43.3 48.3 54.8 56.3 56.9 55.2 58.6 60.9 63.5 63.3 60.7 66.1
27.5 26.6 26.3 25.9 25.4 24.1 22.5 20.8 21.5 21.8 22.7 23.8 24 24.1 24.8 26.5 28 29.7 32.5 34 36 35.6 33.1 32.3 32.4 33.8 26.6 22.4 19.5 18.3 17.4 17.2 17.2 17.3 17.4 17.2 17.3 18 19.7 21.5 23.3 25.1 28 32.2 36.4 41.1 45.2 49.6 55.2 59.4 62.9 64.1 66.7 67.1 64.5 59.4 58.5 57 56.4 55.3 55 52.7 48.5 47.3 47.6 47.7 50.6 51.9 50.2 47.1 41.9 42 33.7 32.2 31.7 32.2 34.5 40.7 46.3 47.7 49.1 45.4 50.1 54.7 57.6 58.5 55.9 59.7
24.2 23.3 23 22.6 22.6 21.1 19.4 17.9 18.3 19.1 19.9 20.6 20.4 20.9 21.6 22.2 23.9 24.2 26.8 27.6 27.9 27.1 26 25.6 24.8 24.1 20.3 18.7 16.6 15.8 16 15.5 15.6 15.6 15.7 15.8 16.4 17.6 19.3 21 22.8 25.2 28.7 33.2 38.2 43.6 47.4 54.9 58.9 61.5 63.1 62.5 60.7 58.1 52.4 50.1 48.9 48.1 48.8 48.9 47.6 45.2 40.8 39.4 37.7 38.3 40.8 40.4 39.3 39 30.1 29.4 27.1 26.8 26.8 27.1 28.3 33.9 36.9 37.5 40.6 38.5 40.8 47.3 52.2 52.5 51.1 54.3
20.8 20.4 20.2 19.9 19.6 18 16.3 14.9 15.9 16.8 17.7 17.5 17.5 17.8 18.5 19.1 19.5 20 20.3 22.2 21.8 21.3 20.7 20.6 20 18.2 16.9 15.1 14.2 13.6 13.8 13.9 13.9 14.3 14.8 14.9 15.7 16.8 18.4 19.6 22.8 24.8 29.9 35 40 44.4 48.7 55.6 58.6 59.4 56.4 55.5 48.9 46.6 45.3 43.3 39.8 38.2 39.2 39.8 39 35.9 30.6 28.9 27.1 26.6 29.3 28.3 26.2 25 22.4 22.6 23 22.5 22.7 23 23.7 27 27.6 29.4 31.8 33.7 37.9 41.1 44 45.8 46.4 48.2
17.9 17.6 17.3 17 16.8 15.6 14.4 13.2 13.9 14.9 15 15 15.2 15.5 15.9 15.9 15.6 15.2 15.7 16.1 16.4 16.6 16.9 16.5 16.2 15 14.1 12.5 11.8 11.6 12 12.4 13 13.5 14 14.4 15.2 16.1 18 19.4 22.6 24.6 31.3 36.1 40.4 45.5 49.5 53 51.1 51 46 43.1 40.9 38.6 36.3 33.3 29 26.8 28.3 28.3 27.2 26.4 20.1 19.8 20 20.2 19.4 17.8 17.8 17.9 17.8 18.5 19.4 19.1 18.9 19 19.7 20.5 22.1 25.1 27.2 30.7 34.1 36.2 39.3 40.2 41.7 41.8
15 14.9 14.9 14.9 14.7 13.8 12.8 11.6 12 12.4 12.5 12.7 12.9 13.2 13.5 13.1 12.9 12.6 12.4 13.1 13 12.9 12.9 13.2 12.6 12 11 10.3 10.4 10.6 11.1 11.6 12.1 12.7 13.3 14.1 15 16 17.8 19.7 22.9 26.3 32.1 34.6 36.4 40.3 42 43 43.2 39.7 38.1 34.7 29.4 25.3 25.3 22.3 18.3 16.7 17.2 16.8 16.1 15.6 14 14.2 14.5 13.9 13.7 12.5 12.7 13.2 13.6 13.9 14.6 15.2 15.7 16.2 17 18.1 19.8 22 24.2 27.3 29.8 31.9 34.3 35 35 35.7
12.9 12.9 13 13 12.6 11.8 10.9 10 9.9 10 10.2 10.5 10.7 10.9 10.8 10.6 10.4 10.2 10 10.4 10.3 10.2 10.1 10.1 10.8 10.2 9.5 8.8 9.5 9.7 10.2 10.7 11.3 12 13.1 14.2 15.5 16.4 18.3 20.7 23.8 27.3 29.3 30.1 29.5 30.2 32.3 33.2 33.4 29.8 27.6 22.8 18.6 15.3 14.5 13.7 13 12.4 10.6 10.8 10.9 11.3 11.4 11.8 11.7 11.2 10.9 11.9 12.2 12.2 11.7 12.2 13.1 13.8 14.4 14.8 15.2 16.4 17.9 19.8 21.7 23.5 25.7 27.9 29.5 30.4 31.3 32.2
11 11 11.1 11 10.5 9.7 8.8 8 8 8.3 8.6 8.9 9.2 9.1 9 8.8 8.5 8.3 8 7.7 7.6 7.6 7.7 7.7 7.9 8.4 8 7.5 8.4 9.1 9.3 9.9 10.9 12 13.1 13.9 15.5 16.9 18.9 21.4 22.5 23.4 23 22.3 22.4 22.8 24.6 24.1 20.7 17.6 14.7 12.2 11.2 10.4 10.2 10.5 10.4 10.2 10.5 10.7 10.6 10.8 10.8 10.7 10.9 11 11.3 11.9 12 12 11.5 11.7 11.7 12.5 13 13.4 13.8 14.7 17 18.7 20.4 21.9 22.9 25.1 26.1 26.9 27.7 28.6
9.2 9.2 9.2 8.9 8.4 7.6 6.8 6.8 6.8 6.9 7.2 7.4 7.3 7.2 7.1 7 6.8 6.7 6.4 6.1 5.8 5.5 5.6 5.9 5.5 6.2 6.4 7.5 8 8.4 9 9.8 10.9 12 13.1 13.9 14.9 15.7 17.6 17.4 18.4 18.1 14.4 13.3 15.3 13 14 11.9 11.1 8.3 8 8.3 9.9 10 10.2 10.6 10.5 10.4 10.5 10.7 10.5 10.4 10.6 10.8 11.1 11.3 11.8 13 13 13 12.7 12.6 12.7 12.1 11.7 12.1 12.7 13.3 16.5 17.6 19.3 20.7 21 22 22.8 23.5 24.3 25.2
7.5 7.8 8 7 6.3 5.7 5.7 5.7 5.6 5.6 5.8 5.7 5.6 5.4 5.3 5.2 5.2 5.2 5.2 5.9 6.2 6.5 6.8 7.2 6.5 5.6 6.7 7.9 9.2 9 9.6 10.5 10.7 11 11.2 10.9 10.1 9.9 11.1 9.6 9.7 10.2 8 7.8 7.6 7.8 7.7 7.6 7.9 7.8 8.6 9.3 10.6 10.8 11 11.6 10.9 10.6 10.6 10.8 12 13.8 13 13 12.6 13.8 15 16.3 16.7 17.1 16.2 16.7 17.6 15 14 13.5 13.5 12.2 13 12.5 16.6 18 18.9 19.5 20.3 21.2 22.4 23.8
7.4 7.7 7 5.9 5.1 5.1 5.1 5.1 5.1 5.1 5.1 5 5 5 5 5 5 5 5 5.7 7.2 7.8 8.1 8.4 7.5 6.7 8.1 9.4 10.2 9.6 9.9 8.9 7.9 7.4 7.1 6.5 5.7 5.7 6.1 6.5 6.5 6.5 7 7.8 7.3 7 7.2 7.4 8.1 8.9 9.6 10.4 11.2 11.7 12.7 13.6 14.3 12.5 11.7 13.9 15.5 17 16.7 16.3 15.8 16.6 17.3 17.8 18.2 18.6 17.9 17.3 16.7 16.2 15.9 13.4 12.7 12.2 13.3 12.8 13.2 13.3 15.5 17.2 18.1 19.5 21 22.3
7.4 7 6 5 5 5 5 5 5 5 5 5 4.9 4.8 4.8 4.8 4.7 4.7 4.7 4.8 6.3 7.8 9.3 9.6 8.6 9 10 10.5 10.4 9 7.5 7.3 6.4 5.3 5 5.2 5.4 5.4 5.5 5.7 5.8 6.8 7.3 7.4 7.3 7.5 8.4 9.2 9.9 10.6 11.2 11.9 12.5 13.7 14.8 15.6 16.3 16.4 13.3 17.5 18.2 18.7 18.4 17.6 17.3 18.1 18.5 18.8 19.2 19.5 18.6 17.9 17.7 17.7 16.7 15 14.2 13.7 12.9 12.7 12.9 12.6 13 15 16.5 18.1 19.6 20.8
7 6 5 5 5 5 5 5 5 5 5 4.9 4.9 4.8 4.7 4.7 4.6 4.5 4.5 4.5 5.4 6.9 8.3 10.4 9.6 8.3 8.8 9.8 7 6.3 6.9 7.4 6.5 5.6 4.7 4.8 5.1 5.2 5.2 5.3 6.1 7.2 7.7 7.8 8.5 9.4 10.3 11.1 11.8 12.5 13 13.4 13.8 15.2 16.5 17.4 17.6 17.7 17.5 17.6 18.8 19.3 19 18.8 18.8 19.2 19.5 19.9 20.3 20.7 20.8 20.6 20.4 19.1 17.6 16.6 17.1 16.8 15.5 14.2 12.6 12.5 12.2 13.5 15.1 16.7 18.2 19.4
6 5 5 4.9 4.9 4.9 4.9 4.9 4.9 4.9 4.9 4.9 4.8 4.7 4.7 4.6 4.6 4.5 4.4 4.4 4.3 4.8 6.2 8.1 7 6.2 5.6 5 5.2 5.7 6.3 6.9 6.6 5.7 4.8 4.7 4.8 4.9 5.3 6.1 6.9 7.7 8.5 9.5 10.5 11.4 12.3 13 13.5 13.9 14.3 14.6 15 16.6 17.7 18.4 18.3 18.2 18.1 18 19.5 19.9 19.7 19.8 20.2 20.7 21.2 21.7 21.9 22.2 22.4 22.4 22.9 20.2 19.4 19.1 19.6 19.5 19.3 18.5 16 13.4 13 13.4 13.7 15.3 16.9 17.9
5 4.9 4.9 4.9 4.9 4.9 4.8 4.8 4.8 4.9 4.9 4.8 4.8 4.7 4.6 4.6 4.5 4.4 4.4 4.3 4.4 4.5 4.7 4.8 4.8 4.9 4.9 5 5.2 5.5 5.7 6.3 6.7 5.8 5 4.9 5 5.3 6 6.8 7.8 9 10.3 11.6 12.6 13.2 13.8 14.4 14.8 15.2 15.5 15.9 16.4 17.8 18.8 19.5 19.4 19.3 19.2 19.4 20.2 21 21.7 21.8 22.1 22.6 23 23.2 23.4 23.8 24 24.1 23.6 22.6 21.7 21.5 21.7 21.2 20.3 19.6 17.2 16 14.8 13.5 13.4 14.1 15.5 16.1
4.9 4.9 4.9 4.8 4.8 4.8 4.8 4.8 4.8 4.8 4.8 4.8 4.7 4.6 4.6 4.5 4.5 4.4 4.3 4.3 4.5 4.6 4.7 4.7 4.8 4.8 4.8 4.9 5.1 5.9 5.8 5.7 6.3 5.9 5.1 5.1 5.4 6 6.9 8.2 9.5 10.6 11.7 12.8 13.5 14.1 14.6 15.2 15.8 16.4 16.8 17.2 17.8 18.9 19.8 20.6 20.5 20.4 20.2 20 20.8 21.6 22.6 23.6 24 24.3 24.4 24.6 24.9 25.3 25.5 25.5 24.8 23.8 23.1 23.2 23.5 22.7 21.7 20.7 19.6 18.3 17 14.9 13.3 13.4 14 14.5
4.8 4.8 4.8 4.8 4.8 4.8 4.7 4.7 4.7 4.7 4.7 4.7 4.7 4.6 4.5 4.5 4.4 4.3 4.3 4.4 4.5 4.7 4.7 4.7 4.7 4.7 4.8 4.8 5 5.8 6.6 6.1 5.8 6 5.3 5.5 6 7.1 8.2 9.3 10.4 11.5 12.6 13.7 14.4 14.9 15.5 16 16.7 17.3 17.9 18.5 19.1 20 20.9 21.7 21.6 21.5 21.2 21 21.4 22.3 23.2 24.2 25.2 25.7 25.9 26.1 26.5 26.9 27 26.9 25.9 24.9 25.1 25.1 25.2 24 22.7 22.4 21.8 20.5 19.1 16.8 14.6 13.4 13.3 13.4
4.8 4.8 4.8 4.7 4.7 4.7 4.7 4.7 4.7 4.7 4.7 4.7 4.6 4.5 4.5 4.4 4.4 4.3 4.3 4.4 4.6 4.6 4.6 4.6 4.7 4.7 4.7 4.7 5 5.8 6.6 7.3 6.4 5.8 5.5 6.6 6.8 8 9.1 10.2 11.3 12.4 13.5 14.6 15.2 15.8 16.3 16.9 17.5 18.1 18.7 19.6 20.9 21 21.9 22.8 22.8 22.5 22.3 22 21.9 22.9 24 25.1 25.9 26.6 27.3 27.6 27.6 27.6 27.5 27.1 27.6 27 27 26.6 25.9 24.8 24.5 24.1 23.8 22.6 21.3 18.8 16.6 14.6 14 14.1
4.7 4.7 4.7 4.7 4.7 4.7 4.6 4.6 4.6 4.6 4.6 4.6 4.5 4.5 4.4 4.4 4.3 4.2 4.4 4.5 4.6 4.6 4.6 4.6 4.6 4.6 4.6 4.7 4.9 5.7 6.5 7.3 7.9 6.7 7.1 7.5 7.7 8.6 10 11.1 12.2 13.3 14.4 15.5 16 16.6 17.2 17.7 18.3 19 20.3 21.3 22.1 22.8 23.1 23.8 23.8 23.6 23.3 23.4 23.5 23.7 24.6 25.7 26.1 26.6 26.8 26.6 26.5 26.6 26.6 26.7 26.8 26.6 25.3 25 24.5 24.1 23.7 23.4 23 22.5 22.1 20.8 18.5 15.9 15 15
4.7 4.7 4.7 4.6 4.6 4.6 4.6 4.6 4.6 4.6 4.6 4.6 4.5 4.4 4.4 4.3 4.2 4.3 4.4 4.5 4.5 4.5 4.5 4.6 4.6 4.6 4.6 4.6 4.8 5.6 6.4 7.2 8 8.2 8.6 8.5 8.7 9.4 10.5 12 13.1 14.2 15.3 16.3 16.9 17.5 18 18.6 19.3 20.3 21.2 22.1 22.4 23.1 23.9 24.7 24.5 24.3 24.2 24.1 24.6 24.9 25.1 25 25.2 25.9 26.6 27.1 27.4 26.7 26.3 26.3 25.7 25.2 24.4 23.5 22.9 22.2 21.9 21.6 21.1 20.6 19.6 18.6 18 17.4 15.4 15.3
4.6 4.6 4.6 4.6 4.6 4.6 4.5 4.5 4.5 4.5 4.5 4.5 4.4 4.4 4.3 4.3 4.2 4.3 4.5 4.5 4.5 4.5 4.5 4.5 4.5 4.5 4.5 4.5 4.7 5.5 6.3 7.1 8.1 9.2 9.5 9.4 9.6 10.3 11.1 12.5 14 15.1 16.2 17.1 17.7 18.3 18.9 19.7 20.4 21.1 22 22.4 22.8 23.4 24.2 24.9 24.2 24 23.7 24.2 24.7 25.1 25.6 25.6 25.6 26.6 28 28.1 28.6 28.1 27.4 26.6 25.5 24.8 23.8 22.8 22.1 21.2 20.4 19.8 19.7 19.4 18.5 17.6 17.3 16.3 15.2 15.1
4.6 4.6 4.6 4.5 4.5 4.5 4.5 4.5 4.5 4.5 4.5 4.5 4.4 4.3 4.3 4.2 4.3 4.4 4.4 4.4 4.4 4.4 4.5 4.5 4.5 4.5 4.5 4.5 4.6 5.4 6.5 7 7.5 8.7 10.1 10.3 10.5 11.2 12 12.8 14.5 16 17.1 18 18.5 19.6 20.4 21.1 21.5 21.9 22.4 22.7 23.1 23.7 24.6 24.9 23.9 24.3 25.1 25.3 25 25.8 26.6 27.4 27.9 28.4 28.9 29.8 29.8 29.5 28.6 27.7 26.1 24.9 24 23.3 22.6 21.8 21 19.5 18.6 18.2 17.6 17.5 17.1 16.2 15.2 15
4.5 4.5 4.5 4.5 4.5 4.5 4.5 4.4 4.4 4.4 4.4 4.4 4.3 4.3 4.2 4.2 4.3 4.4 4.4 4.4 4.4 4.4 4.4 4.4 4.4 4.4 4.4 4.4 4.6 5.3 5.9 6.6 7.2 8.3 9.5 11 11.4 12.2 12.9 13.7 14.8 16.4 18 19 19.6 20.2 20.5 20.4 20.9 22 21.4 22.4 23.4 23.9 25.3 25 25.5 26.2 27 26.9 26.2 26.9 27.8 28.6 29.7 30.6 31 31.4 30.9 30 29.6 28.8 27 25.2 24.5 23.8 23.2 22.4 21.6 19.7 19 18.9 18.2 17.4 16.9 16 15.1 14.9
4.5 4.5 4.5 4.4 4.4 4.4 4.4 4.4 4.4 4.4 4.3 4.4 4.3 4.2 4.2 4.2 4.3 4.3 4.3 4.3 4.4 4.4 4.4 4.4 4.4 4.4 4.6 4.7 5 5.6 6.3 6.9 7.6 8.6 9.6 10.9 11.9 12.6 13.6 14.5 15.3 16.7 18.2 19 19.5 20.1 20.8 21.2 21.9 23 23.7 23.7 21.2 24.3 24.9 26.2 27.6 28.5 28.7 28.3 27.9 28.1 28.9 29.8 31 32.6 32.1 31.8 31.1 30.4 29.8 29.4 27.5 26 25.3 24.4 23.7 23 21.8 20.8 20.5 20.4 19.5 18.1 16.8 16 15.2 14.7
4.4 4.4 4.4 4.4 4.4 4.4 4.4 4.3 4.3 4.3 4.3 4.3 4.2 4.2 4.2 4.3 4.3 4.3 4.3 4.3 4.3 4.3 4.3 4.4 4.6 4.8 4.9 5.1 5.4 6 6.6 7.3 8 8.9 9.9 11 12 12.5 13.5 14.6 16.1 16.8 18.1 18.9 20.3 21.2 21.9 22.6 23.1 24.1 25.1 25.4 25.8 27.5 28.6 29.2 29.7 29.9 29.6 29.5 29.6 29.2 30 31.2 32.6 33.1 32.8 31.8 30.9 30.1 29.7 29.6 27.9 26.8 26.3 25.3 24.3 23.6 22.5 22.3 22.1 21.8 20.8 18.9 17.2 16.1 15.3 14.7
4.4 4.4 4.4 4.4 4.3 4.3 4.3 4.3 4.3 4.3 4.2 4.2 4.2 4.1 4.2 4.2 4.2 4.2 4.2 4.3 4.3 4.5 4.6 4.8 5 5.1 5.3 5.4 5.8 6.4 7 7.6 8.4 9.3 10.3 11.2 12.2 13.4 14.5 15.4 16.9 17.6 18.3 19.9 21.7 22.5 23.2 23.9 24.5 25.2 26.2 26.2 26.4 27.3 28.5 28.9 29 29.4 29.8 30 30.2 30.4 31 31.9 33 32.5 32 31.3 30.5 29.6 29.6 29.7 28.2 27.6 27.2 26.3 25.2 24.1 23.9 23.6 23.4 23.1 21.6 19.7 17.9 16.4 15.5 14.8
4.4 4.4 4.4 4.3 4.3 4.3 4.3 4.2 4.2 4.2 4.2 4.2 4.1 4.1 4.2 4.2 4.2 4.2 4.3 4.5 4.6 4.8 5 5.1 5.3 5.3 5.4 5.4 6.2 6.9 7.4 8 8.8 9.7 10.7 12 13.4 14.3 15.6 16.7 17.8 19.1 20.4 21.7 22.9 23.8 24.5 25.2 25.8 26.3 25.8 24.8 26.1 27.1 27.7 28.1 28.1 28.7 29.2 29.3 29.4 29.5 29.5 31 32.3 31.8 31.2 30.6 30 29.2 29.5 29.8 28.5 28.1 27.1 26.7 25.6 24.4 24.2 24 23.7 23.6 22.3 20.5 18.6 17.1 15.6 15
4.5 4.4 4.4 4.3 4.3 4.3 4.2 4.2 4.2 4.2 4.1 4.1 4.1 4.1 4.1 4.2 4.3 4.5 4.7 4.8 4.8 4.9 5 5 5.1 5.1 5.2 5.3 6.1 7.6 8.3 8.7 9.5 10.7 12 14.2 15.4 17.3 18.7 19.3 20 21.2 22.4 22.6 22.9 23.4 22.5 22.4 22.3 23.4 24 23.7 24.8 25.8 26.7 27.2 27.3 28.1 28.4 28.5 28.6 28.6 29.1 31.2 32.3 31.7 31.2 30.6 29.7 29.2 29.2 29.3 28.5 27.2 27 26.7 26 24.7 24.5 24.3 24.1 23.7 22.6 21.2 19.4 17.8 16.3 15
4.5 4.4 4.4 4.4 4.3 4.3 4.2 4.2 4.2 4.1 4.1 4.1 4.1 4.2 4.3 4.3 4.4 4.5 4.5 4.6 4.6 4.7 4.8 4.8 4.9 5 5 5.4 6 7.5 9 9.7 10.5 11.3 12.6 13.8 16.2 17.2 17.9 17.6 17.6 20.1 21.2 20.9 19.5 20.5 20.8 21 21.5 22 23.2 23.5 23.8 24.4 24.6 25.1 26.1 27.4 27.6 27.6 27.8 28.1 29.2 30.9 32 32.5 31 30 29.4 29.3 29.2 28.7 27.6 27.2 26.9 26.6 26.3 25 24.8 24.3 23.8 23.2 22.3 21 19.7 18.4 16.9 15.3
4.5 4.4 4.4 4.4 4.3 4.3 4.3 4.2 4.2 4.2 4.1 4.1 4.3 4.1 4.1 4.2 4.2 4.3 4.3 4.4 4.5 4.5 4.6 4.7 4.7 4.8 4.9 5.2 5.8 7.3 8.7 9.8 10.7 11.3 11.5 11.8 11.9 12.6 15 16 17.5 18.7 19.6 21.4 22.2 22.1 22.2 22.3 22.8 23.4 23.9 24.1 24.3 24.3 24.8 25.4 25.7 26.7 27.1 26.9 27.3 27.8 29 29.3 30.2 31.2 30.4 29.6 29.5 29.2 28.8 28.1 27 26.8 27.3 27.6 26.5 24.6 24.1 23.6 23 22.5 21.9 20.6 19.4 18.2 17 15.8
4.5 4.4 4.4 4.4 4.3 4.3 4.3 4.2 4.2 4.2 4.1 4.7 4.9 4.4 4.1 4.1 4.1 4.1 4.2 4.2 4.3 4.4 4.4 4.5 4.5 4.6 4.8 5.5 6.9 7.7 8.5 9 8.9 10.1 11.2 12.1 11.4 13 15.7 16.5 16.7 17.9 18.5 19.8 21.2 22.1 23.2 23.6 24.1 24.4 25.1 25.2 25.1 26 27.1 27.8 28 27.8 27.9 27.2 27.2 27.7 28.1 28.2 28.5 29.5 29.9 29.5 29.2 28.8 28.4 27.6 26.6 26 26.5 27.1 26.3 24.2 23.3 22.8 22.3 21.7 21.2 20.2 19 17.8 16.6 15.4
4.5 4.5 4.4 4.4 4.3 4.3 4.3 4.2 4.2 4.2 4.6 5.3 5.6 5.1 4.5 4.1 4.1 4.1 4.1 4.1 4.1 4.2 4.2 4.3 4.4 4.5 4.8 6.8 7.3 8 9.1 10.2 11.3 12.6 13.8 15.3 14.4 14.9 16.4 18.5 19.7 18 17.6 20.6 21.1 23 24.5 24.8 25.3 25 25.7 26.6 27.3 28.4 28.4 29.4 30.3 30 29.5 29 28.5 29.3 28.3 28.1 28 27.8 29 29.3 28.8 28.4 28 27 26.2 25.5 25.7 26.3 25.5 24 22.5 22 21.5 21 20.5 18.9 17.7 16.5 15.3 14.1
4.5 4.5 4.4 4.4 4.4 4.3 4.3 4.2 4.2 4.5 5.2 5.6 5.4 5.4 5.2 4.6 4.1 4.1 4.1 4.1 4.1 4.1 4.1 4.1 4.2 4.4 6 7.4 7.8 9.4 10.5 11.8 12.9 15 16.3 16.9 16.6 16.8 18.1 20.1 21 19.9 19.4 18.5 18.8 20.8 23.6 24.6 25.5 25.6 26.2 26.8 27.6 28.4 28.5 29.4 30.4 31 31.1 30.3 30.8 30.6 30.3 28.6 28.6 28.4 27.8 28.5 28.6 28.6 27.5 26.4 25.6 24.6 24.9 25.6 24.6 23.4 21.7 21.2 20.7 20.4 19.2 17.5 16.3 15.1 14.3 13.3
4.5 4.5 4.4 4.4 4.4 4.3 4.3 4.3 4.4 5.1 5.4 5.1 5 5 5 5 4.7 4.2 4.1 4.1 4.1 4.1 4.1 4.2 4.6 4.9 5.9 6.9 9.6 10.8 12.1 13.3 14.4 16.6 17.9 18.4 18.6 18.6 19.9 20.9 21.7 21.9 21.9 21.9 21.7 20.1 19.7 22.2 23.7 25.1 26 26.7 27.4 27.6 28.1 29.1 29.9 30.9 31.8 30.6 31.3 31 28.9 28.8 29.1 28.8 28.2 27.6 27.5 27.3 25.3 24.8 23.9 23.8 24.2 24.8 23.8 22.5 21.2 20.5 20.1 19.7 18 16.2 15.3 14.6 13.4 12.8
4.5 4.5 4.4 4.4 4.4 4.3 4.3 4.3 5 5.1 4.8 4.5 4.5 4.5 4.5 4.5 4.5 4.5 4.3 4.1 4.1 4.1 4.3 4.7 5.9 7 7.3 7.3 10.2 11.8 13.1 14.3 15.8 17.7 18.3 18.8 19.9 20.1 21.4 21.7 22.2 22.8 23.1 22.7 22.6 21.8 21.1 20.3 20.4 22.3 24.2 25.1 25.8 26 26.8 28 29.2 30.5 30.6 31.3 31.6 31.4 29.5 29.5 29.5 29 28.4 27.6 27.3 27 25.5 24.3 23.9 24 24.1 24.2 23.1 21.9 20.7 19.9 18.9 18.1 16.5 15.6 14.8 13.6 12.7 12.6
4.5 4.5 4.5 4.4 4.4 4.3 4.2 4.9 4.9 4.6 4.3 4.3 4.4 4.3 4.3 4.2 4.2 4.2 4.1 4.1 4.6 5.5 6.4 7.3 8.2 8.8 8.8 8.8 10.7 12.5 14.1 15.3 17.1 17.9 18.7 19.9 21.1 21.6 22.4 22.7 22.9 23.5 23.4 23.4 23.7 23.4 22.8 22 21.4 21.6 22.6 22.6 23.5 24.4 25.6 27 28.4 29.4 30.6 31.1 31.7 31.8 30.4 30.2 29.8 29.1 28.3 27.5 27.4 26.9 23.7 23.8 23.8 23.9 24.3 23.4 22.4 21.4 20.2 20 18.9 17.4 15.6 14.5 13.7 12.7 12.4 12.5
