STL Generation/terr50_gagg_gb/data/ST54.asc
ncols 200
nrows 200
xllcorner 350000
yllcorner 140000
cellsize 50
[rows 152 to 189 of 200, columns 0 to 84 of 200]
7.9 6.6 5.7 5.2 5.1 5 4.5 4.5 4.5 4.5 4.6 4.6 4.6 4.6 5 6.1 8.9 9.3 10.4 11 10.6 10.1 9.9 9.9 9.2 8.2 7.2 7.3 7.7 8.1 9.5 10.4 11.7 13.3 14.9 15 15.3 14.8 13.2 11.7 9.7 7.5 5.4 5 5.1 5.2 5.3 5.4 5.5 5.5 5.6 5.5 5.1 4.7 4.6 4.6 4.6 4.7 4.7 4.7 4.8 4.9 4.9 4.9 5 5 4.7 5 5.1 5.1 5.2 5.2 5.2 5.3 5.3 5.4 5.4 5.4 5.5 5.6 5.8 6.1 6.3 6 5.7
6.3 6.1 5.9 5.1 4.9 4.7 4.5 4.5 4.5 4.5 4.5 4.5 4.5 4.5 4.7 5.3 7.3 7.3 7.7 8.3 8.9 8.4 8.3 8.4 7.4 6.6 7 7.7 8.1 8.6 9.8 11.5 12.8 14.9 14.2 13.8 13.5 12 10.1 8.3 6.5 5.2 5 5 5.1 5.1 5.2 5.3 5.4 5.4 5.5 5.4 5 4.6 4.5 4.5 4.6 4.6 4.6 4.6 4.7 4.8 4.8 4.9 5 4.9 4.8 5 5 5.1 5.1 5.2 5.2 5.2 5.3 5.3 5.3 5.4 5.4 5.5 5.6 5.7 5.4 5.4 5.4
6.1 5.8 5.7 5.5 4.8 4.7 4.4 4.4 4.4 4.4 4.4 4.4 4.4 4.5 4.5 5 5.4 5.6 6.1 6.3 6.4 6.7 7.3 6.6 6.4 6.7 7 7.6 8.5 9 10.1 12.2 13.8 13.4 12.4 11.7 11.2 9.3 7.4 5.5 5.4 5.2 5 5 5 5.1 5.1 5.2 5.3 5.4 5.3 5.1 4.8 4.5 4.5 4.5 4.5 4.5 4.5 4.5 4.6 4.7 4.7 4.8 4.9 4.7 4.9 4.9 5 5 5.1 5.1 5.1 5.2 5.2 5.3 5.3 5.3 5.4 5.4 5.5 5.5 5.5 5.5 5.5
5.7 5.5 5.1 5.2 4.6 4.6 4.4 4.4 4.4 4.4 4.4 4.4 4.4 4.4 4.4 4.7 4.8 4.8 5.6 5.9 6.1 6 5.8 6.1 6.4 6.7 7 7.4 8.4 9.4 10.4 12.1 12.4 11.5 10.4 9.6 8.5 6.6 5.2 5.2 5.3 5.3 5.1 4.9 4.9 5 5.1 5.2 5.2 5.2 5 4.8 4.7 4.4 4.4 4.4 4.4 4.4 4.5 4.5 4.5 4.6 4.7 4.8 4.8 4.7 4.8 4.9 4.9 5 5 5 5.1 5.1 5.2 5.2 5.3 5.3 5.4 5.5 5.5 5.5 5.6 5.6 5.6
5.1 4.7 4.6 4.7 4.5 4.5 4.3 4.3 4.3 4.3 4.3 4.3 4.3 4.3 4.3 4.4 4.7 4.9 5.2 5.6 5.5 5.6 5.8 6.1 6.4 6.8 7.1 7.4 8.2 9.2 9.4 10.1 10.2 9.6 8.3 7.4 5.8 5 5.1 5.1 5.1 5.1 5.1 4.9 4.9 5 5 5.1 5.1 4.9 4.7 4.5 4.4 4.3 4.4 4.4 4.4 4.4 4.4 4.5 4.4 4.5 4.6 4.7 4.7 4.8 4.8 4.8 4.9 4.9 5 5 5 5.1 5.2 5.2 5.3 5.4 5.4 5.5 5.4 5.5 5.6 5.6 5.6
4.5 4.5 4.5 4.5 4.4 4.4 4.3 4.3 4.3 4.3 4.3 4.3 4.3 4.3 4.4 5 5.2 5.4 5.6 5.6 5.7 5.9 6.1 6.3 6.6 6.8 7.1 7.4 8.1 8.6 8.3 8.2 8 7.8 6.3 5 4.8 4.9 4.9 4.9 5 5 5 4.9 4.8 4.9 5 5 4.8 4.6 4.5 4.5 4.4 4.4 4.4 4.5 4.5 4.5 4.5 4.5 4.5 4.5 4.6 4.6 4.6 4.7 4.7 4.8 4.8 4.9 4.9 5 5.1 5.1 5.2 5.3 5.3 5.4 5.5 5.4 5.4 5.5 5.6 5.6 5.7
4.9 4.4 4.4 4.4 4.3 4.3 4.3 4.2 4.2 4.2 4.2 4.2 4.4 4.5 4.6 5.6 5.8 6 6 5.9 5.9 6.1 6.3 6.5 6.8 7 7.3 7.5 7.9 7.5 7.3 7 7.5 6.1 5.3 4.8 4.8 4.7 4.7 4.8 4.8 4.8 4.9 4.9 4.8 4.8 4.8 4.6 4.6 4.6 4.5 4.5 4.5 4.5 4.5 4.5 4.6 4.6 4.6 4.6 4.5 4.5 4.5 4.6 4.6 4.6 4.7 4.8 4.8 4.9 5 5 5.1 5.2 5.2 5.3 5.4 5.4 5.4 5.3 5.4 5.5 5.6 5.6 5.7
6.1 5.6 4.8 4.4 4.3 4.2 4.2 4.2 4.2 4.2 4.3 4.5 4.6 4.8 5.6 6.3 6.4 6.4 6.3 6.3 6.2 6.3 6.5 6.7 7 7.2 7.5 7.5 7.7 7.4 6.7 7 6.9 6.1 5.6 5.1 4.8 4.8 4.8 4.8 4.8 4.7 4.7 4.7 4.8 4.7 4.7 4.7 4.7 4.6 4.6 4.6 4.6 4.6 4.6 4.6 4.6 4.6 4.6 4.6 4.6 4.6 4.5 4.5 4.6 4.7 4.7 4.8 4.9 4.9 5 5.1 5.1 5.2 5.2 5.3 5.4 5.4 5.4 5.3 5.4 5.5 5.6 5.6 5.7
7.2 6.6 5.2 4.5 4.2 4.2 4.1 4.1 4.2 4.4 4.6 4.7 4.9 5 6.7 6.9 6.8 6.8 6.7 6.6 6.6 6.5 6.7 6.9 7.2 7.4 7.2 7.8 7.6 7.4 7.1 7.3 6.9 6.4 5.9 5.3 4.8 4.8 4.8 4.8 4.8 4.8 4.8 4.8 4.8 4.7 4.7 4.7 4.7 4.7 4.7 4.7 4.7 4.7 4.7 4.7 4.7 4.7 4.7 4.6 4.6 4.6 4.6 4.6 4.6 4.7 4.8 4.8 4.9 4.9 5 5.1 5.1 5.2 5.3 5.3 5.4 5.4 5.3 5.3 5.4 5.5 5.5 5.6 5.7
7 6.5 4.8 4.3 4.2 4.1 4.1 4.2 4.8 5.2 5.3 5.4 5.7 7.1 7.1 7.1 7.1 7.1 7.1 7 7 6.9 6.9 7.1 7.1 6.9 7.5 7.8 7.6 7.3 7.1 7.6 7.1 6.6 6.1 5.6 5.1 4.9 4.9 4.9 4.8 4.8 4.8 4.8 4.8 4.7 4.7 4.7 4.8 4.8 4.8 4.8 4.8 4.8 4.8 4.8 4.8 4.7 4.7 4.7 4.7 4.7 4.6 4.6 4.7 4.7 4.8 4.8 4.9 5 5 5.1 5.2 5.2 5.3 5.4 5.4 5.3 5.2 5.3 5.4 5.5 5.5 5.6 5.7
5.2 5 4.2 4.2 4.1 4.1 4.2 4.4 4.5 5.1 5.8 6.5 7.1 7.3 6.9 7 7 7 7 7 7 7 7 6.7 6.6 7.2 7.7 7.7 7.5 7.3 7.1 7.7 7.3 6.9 6.4 5.9 5.4 4.9 4.9 4.9 4.9 4.9 4.9 4.8 4.8 4.7 4.7 4.7 4.8 4.8 4.8 4.8 4.8 4.8 4.8 4.8 4.8 4.8 4.8 4.7 4.7 4.7 4.7 4.7 4.8 4.8 4.9 4.9 4.9 5 5.1 5.1 5.2 5.3 5.3 5.4 5.3 5.3 5.2 5.3 5.4 5.4 5.5 5.6 5.7
4.3 4.2 4.2 4.1 4.1 4.2 4.3 4.5 4.7 4.8 5.3 6.1 6.3 6.8 6.6 6.7 6.8 6.8 6.8 6.8 6.8 6.9 7 7 6.8 7.4 7.8 7.6 7.5 7.9 7.8 7.7 7.4 7 6.6 6.2 5.7 5.2 5 4.9 4.9 4.9 4.9 4.9 4.8 4.8 4.7 4.7 4.8 4.8 4.8 4.8 4.8 4.8 4.8 4.8 4.9 4.8 4.8 4.8 4.8 4.8 4.7 4.8 4.8 4.9 4.9 5 5 5.1 5.1 5.2 5.2 5.3 5.4 5.4 5.3 5.2 5.2 5.3 5.4 5.4 5.5 5.6 5.7
4.3 4.1 4.1 4.1 4.1 4.3 4.5 4.6 4.8 5 5.1 5.6 5.8 6.2 6.4 6.5 6.6 6.6 6.6 6.6 6.7 6.9 7 7.1 6.9 7.6 7.8 7.6 7.5 7.3 7.6 6.6 6.7 6.8 6.7 6.4 6 5.5 5 5 5 5 4.9 4.9 4.8 4.8 4.7 4.7 4.8 4.8 4.8 4.8 4.8 4.8 4.8 4.8 4.8 4.9 4.9 4.9 4.8 4.8 4.8 4.8 4.9 4.9 5 5 5.1 5.1 5.2 5.2 5.3 5.3 5.4 5.3 5.2 5.1 5.2 5.3 5.4 5.4 5.5 5.6 5.7
4.2 4.1 4.1 4 4.2 4.3 4.5 4.7 4.9 5 5.2 5.4 5.6 5.8 6 6.3 6.3 6.4 6.4 6.5 6.7 6.8 7 7.1 7 7.6 7.5 7.3 6.9 6.6 6.7 5.4 5.6 5.7 5.8 5.9 6 5.7 5.2 5 5 5 4.9 4.9 4.8 4.8 4.8 4.7 4.8 4.8 4.8 4.8 4.8 4.8 4.8 4.7 4.8 4.9 4.9 4.9 4.9 4.9 4.9 4.9 4.9 5 5 5.1 5.1 5.2 5.2 5.3 5.3 5.4 5.3 5.2 5.2 5.1 5.2 5.3 5.3 5.4 5.5 5.6 5.6
4.2 4 4 4 4.2 4.4 4.5 4.7 4.9 5.1 5.2 5.4 5.5 5.7 5.9 6.1 6.1 6.2 6.3 6.5 6.7 6.8 7 7.1 7.2 7.3 7.2 7.1 6.8 7.2 5.8 4.9 4.9 4.9 4.9 5 5 5 5.1 5.1 5 5 4.9 4.9 4.9 4.8 4.8 4.7 4.8 4.8 4.8 4.8 4.8 4.8 4.8 4.7 4.8 4.8 4.9 5 4.9 4.9 4.9 5 5 5.1 5.1 5.2 5.2 5.2 5.3 5.3 5.4 5.4 5.4 5.3 5.2 5.2 5.2 5.3 5.3 5.4 5.5 5.6 5.6
4.1 4 3.9 3.9 4.3 4.4 4.5 4.7 4.9 5.1 5.2 5.3 5.4 5.5 5.7 5.9 6 6.1 6 6.1 6.3 6.5 6.6 6.8 7 6.9 6.7 6.6 6.6 6.9 4.8 4.9 4.9 4.9 5 5 5 5.1 5.1 5.1 5 5 5 4.9 4.9 4.8 4.8 4.8 4.8 4.8 4.8 4.8 4.8 4.8 4.7 4.7 4.8 4.8 4.9 4.9 5 5 5 5 5.1 5.1 5.2 5.2 5.3 5.3 5.3 5.4 5.4 5.4 5.4 5.4 5.3 5.2 5.3 5.4 5.4 5.5 5.5 5.5 5.6
4.3 4.2 4.1 4.1 4.3 4.4 4.7 4.8 4.9 5.1 5.2 5.2 5.3 5.4 5.5 5.7 5.8 5.9 5.8 5.8 5.9 6.1 6.3 6.4 6.5 6.6 6.4 6.3 6.2 4.9 4.8 4.9 4.9 5 5 5 5.1 5.1 5.1 5.1 5 5 5 4.9 4.9 4.9 4.8 4.8 4.8 4.8 4.8 4.8 4.8 4.7 4.7 4.7 4.7 4.8 4.9 4.9 5 5 5 5.1 5.1 5.2 5.2 5.2 5.3 5.3 5.4 5.4 5.4 5.4 5.4 5.4 5.3 5.3 5.3 5.5 5.5 5.6 5.6 5.7 5.7
4.6 4.4 4.3 4.2 4.3 4.7 4.9 5 5.1 5.2 5.2 5.2 5.2 5.2 5.4 5.5 5.7 5.7 5.6 5.6 5.5 5.7 5.9 6 6.1 6.1 6.1 6 5.8 4.7 4.8 4.9 5 5 5 5.1 5.1 5.1 5.1 5 5 5 5 4.9 4.9 4.9 4.8 4.8 4.8 4.8 4.8 4.8 4.7 4.7 4.7 4.7 4.7 4.8 4.8 4.9 5 5 5.1 5.1 5.2 5.2 5.2 5.3 5.3 5.3 5.4 5.4 5.4 5.4 5.5 5.5 5.4 5.3 5.4 5.5 5.6 5.7 5.7 5.8 5.8
4.8 4.6 4.4 4.4 4.7 5.1 5.2 5.3 5.4 5.3 5.4 5.4 5.3 5.2 5.3 5.4 5.6 5.5 5.4 5.4 5.3 5.3 5.5 5.6 5.6 5.7 5.7 5.8 5.8 4.7 4.8 5 5 5 5.1 5.1 5.1 5.1 5 5 5 5 5 4.9 4.9 4.9 4.9 4.8 4.8 4.8 4.8 4.8 4.7 4.7 4.7 4.7 4.7 4.8 4.8 4.9 4.9 5 5.1 5.2 5.2 5.2 5.3 5.3 5.3 5.4 5.4 5.4 5.4 5.4 5.5 5.5 5.5 5.4 5.4 5.5 5.7 5.8 5.8 5.9 5.9
5 4.9 4.7 4.8 5 5.5 5.5 5.5 5.4 5.4 5.5 5.5 5.3 5.3 5.4 5.5 5.6 5.6 5.4 5.3 5.2 5 5.1 5.1 5.2 5.2 5.3 6.5 4.9 4.8 4.9 5 5 5.1 5.1 5.1 5.1 5 5 5 5 5 4.9 4.9 4.9 4.9 4.8 4.8 4.8 4.8 4.8 4.7 4.7 4.7 4.7 4.7 4.7 4.8 4.8 4.9 4.9 5 5.1 5.2 5.2 5.3 5.3 5.3 5.3 5.4 5.4 5.4 5.4 5.5 5.5 5.5 5.5 5.4 5.4 5.6 5.7 5.8 5.9 6 6
4.8 4.8 4.8 4.9 5.3 5.2 5.1 5.7 5.5 5.8 5.8 5.6 5.4 5.5 5.4 5.5 5.6 5.7 5.5 5.4 5.2 5.2 5.2 5.2 5.3 5.3 5.4 6.7 4.8 4.8 4.9 5 5.1 5.1 5.1 5.1 5.1 5 5 5 5 4.9 4.9 4.9 4.9 4.9 4.8 4.8 4.8 4.8 4.8 4.7 4.7 4.7 4.7 4.7 4.7 4.7 4.8 4.9 4.9 5 5.1 5.2 5.2 5.3 5.3 5.3 5.4 5.4 5.4 5.4 5.4 5.5 5.5 5.5 5.5 5.5 5.4 5.6 5.7 5.9 6 6.1 6.1
4.6 4.7 4.7 4.3 4.8 5.2 5.5 5.5 5.6 5.4 5.9 5.6 5.5 5.4 5.4 5.5 5.7 5.7 5.6 5.4 5.2 5.4 5.3 5.4 5.4 5.5 5.7 5.7 4.9 4.9 5 5 5.1 5.1 5.1 5.1 5 5 5 5 5 4.9 4.9 4.9 4.9 4.9 4.9 4.9 4.9 5 4.9 4.8 4.8 4.8 4.7 4.7 4.7 4.7 4.8 4.9 4.9 5 5.1 5.2 5.3 5.4 5.3 5.3 5.4 5.4 5.4 5.4 5.5 5.5 5.5 5.5 5.5 5.6 5.5 5.6 5.7 5.9 6 6.2 6.2
4.7 4.7 4.6 4.4 4.5 5 5.1 5.1 5.3 5.5 5.5 5.5 5.4 5.4 3.2 5.6 5.7 5.8 5.7 5.4 5.5 5.6 5.5 5.6 5.6 5.6 6.7 5.1 5.2 5.2 5.1 5.1 5.1 5.1 5.1 5 5 5 5 5 5 5 5 5 5 5 5 5 5 5.3 5.2 5.1 4.9 4.8 4.8 4.8 4.8 4.7 4.8 4.8 4.9 5 5.1 5.3 5.6 5.5 5.3 5.3 5.4 5.4 5.4 5.4 5.5 5.5 5.5 5.5 5.6 5.6 5.5 5.6 5.8 5.9 6 6.2 6.3
4.8 4.7 4.7 4.5 4.3 4.7 4.7 4.9 4.9 5 5 5 5 5 5.1 5.3 5.5 5.8 5.5 5.5 5.7 5.8 5.7 5.7 5.7 5.9 6.3 5.4 5.5 5.5 5.5 5.6 5.3 5.3 5.3 5.3 5.2 5.2 5.2 5.1 5.1 5.1 5.1 5.2 5.2 5.2 5.2 5.2 5.1 5.6 5.5 5.4 5.2 5.1 5 4.9 4.8 4.8 4.8 4.8 4.9 5.1 5.3 5.6 5.9 5.7 5.4 5.3 5.4 5.4 5.4 5.4 5.5 5.5 5.5 5.5 5.6 5.6 5.6 5.6 5.8 5.9 6.1 6.2 6.4
4.7 4.7 4.7 4.6 4.4 4.3 4.3 4.4 4.4 4.4 4.5 4.5 4.5 4.5 4.6 4.8 5.1 5.4 5.4 5.3 5.6 5.7 5.7 5.8 5.4 6.4 6.7 6.1 5.9 6.1 6.2 6.1 5.8 5.5 5.5 5.5 5.5 5.4 5.4 5.3 5.2 5.3 5.3 5.3 5.3 5.3 5.3 5.3 5.3 5.9 5.7 5.6 5.5 5.4 5.3 5.1 5 4.9 4.8 4.8 5.1 5.3 5.6 5.9 6.1 5.8 5.6 5.3 5.4 5.4 5.4 5.4 5.5 5.5 5.5 5.5 5.6 5.6 5.6 5.7 5.8 6 6.1 6.3 6.5
4.7 4.8 4.7 4.6 4.4 4.3 4.3 4.3 4.3 4.3 4.3 4.3 4.3 4.2 4.3 4.4 4.6 4.9 5.1 5 5.2 5.2 5.1 4.9 4.9 5.9 6.1 5.3 5.6 5.7 6.2 6.7 6.5 6 5.7 5.7 5.7 5.6 5.5 5.5 5.5 5.4 5.5 5.5 5.5 5.5 5.4 5.4 5.6 6.2 6 5.9 5.8 5.7 5.6 5.4 5.3 5.2 5.1 5.1 5.3 5.6 5.9 6.2 6.3 6 5.7 5.5 5.4 5.4 5.4 5.4 5.5 5.5 5.5 5.5 5.6 5.6 5.7 5.8 5.9 6.1 6.3 6.4 6.6
4.8 4.7 4.7 4.6 4.4 4.4 4.4 4.4 4.4 4.4 4.4 4.4 4.4 4.4 4.4 4.4 4.5 4.5 4.6 4.7 4.7 4.6 4.5 4.5 4.5 6.7 5.8 4.9 5.1 5.3 5.4 5.4 5.5 5.5 5.6 3.8 5.8 5.9 5.6 5.8 5.8 5.6 5.6 5.6 5.6 5.6 5.5 5.5 5.9 6.6 6.2 6.2 6.1 6 5.8 5.7 5.6 5.5 5.2 5.2 5.6 5.9 6.2 6.4 6.4 6.2 5.9 5.6 5.4 5.4 5.4 5.4 5.5 5.5 5.5 5.6 5.8 5.9 6.1 6.1 6.1 6.2 6.4 6.5 6.7
4.8 4.7 4.7 4.6 4.5 4.5 4.5 4.5 4.5 4.5 4.5 4.5 4.5 4.5 4.4 4.4 4.5 4.5 4.5 4.5 4.6 4.6 4.6 4.6 4.6 6.3 4.9 4.9 5.1 5.2 5.3 5.4 5.4 5.5 5.6 5.8 5.7 5.9 5.7 5.9 4.2 5.7 5.8 5.8 5.7 5.7 5.6 5.6 6.2 6.9 6.5 6.5 6.4 6.2 6.1 6 5.9 5.6 5.3 5.3 5.8 6.2 6.4 6.7 6.6 6.3 6.1 5.8 5.5 5.4 5.4 5.4 5.5 5.7 5.8 5.9 6.1 6.2 6.3 6.3 6.3 6.3 6.5 6.6 6.8
4.7 4.7 4.7 4.7 4.6 4.6 4.6 4.6 4.6 4.6 4.5 4.5 4.5 4.5 4.4 4.4 4.5 4.5 4.5 4.5 4.6 4.6 4.6 4.6 4.6 4.9 4.9 5 5.1 5.2 5.2 5.4 5.4 5.5 5.6 5.8 5.7 5.6 5.7 5.6 5.5 5.5 5.6 6.2 6.1 6 5.3 5.8 6.5 7.2 6.8 6.7 6.7 6.5 6.4 6.3 6.1 5.7 5.3 5.5 5.9 6.4 6.7 7 6.8 6.5 6.2 6 5.7 5.4 5.5 5.7 5.8 6 6.1 6.3 6.4 6.6 6.6 6.6 6.6 6.6 6.6 6.7 6.9
4.7 4.8 4.7 4.7 4.7 4.7 4.6 4.6 4.6 4.6 4.6 4.5 4.5 4.5 4.4 4.4 4.5 4.5 4.5 4.5 4.5 4.6 4.6 4.6 5.7 4.8 4.9 5 5.1 5.1 5.2 5.3 5.4 5.5 5.5 5.7 5.6 5.6 5.5 5.5 5.4 5.1 5.5 5.3 4.9 5 4.9 5.7 5.1 4.7 5.4 6.6 6.9 6.9 6.8 6.5 6.2 6 5.9 5.9 6.2 6.5 6.9 7.2 6.9 6.7 6.4 6.2 5.9 5.6 5.5 5.9 6.2 6.3 6.5 6.6 6.8 6.8 6.8 6.8 6.9 6.9 6.9 6.9 7
4.7 4.8 4.7 4.7 4.7 4.7 4.7 4.6 4.6 4.6 4.6 4.5 4.5 4.5 4.4 4.4 4.5 4.5 4.5 4.5 4.5 4.5 4.6 4.6 6.7 4.8 4.9 4.9 5 5.1 5.2 5.3 5.4 5.5 5.5 5.6 5.6 5.5 5.5 5.5 5.2 4.8 4.9 4.9 5 5 4.9 5 5.2 4.7 5.7 5.1 4.9 6.8 6.7 6.6 4.7 6.9 6.7 6.7 6.8 7.1 7.3 7.4 7.2 7 6.6 6.3 6.1 5.7 5.4 5.7 6 6.4 6.7 6.9 7.1 7.1 7.1 7.1 7.1 7.1 7.1 6.9 7
4.8 4.8 4.7 4.7 4.7 4.7 4.7 4.6 4.6 4.6 4.6 4.5 4.5 4.5 4.5 4.4 4.4 4.5 4.5 4.5 4.5 4.5 4.5 4.6 5.4 4.8 5 4.9 5 5.1 5.2 5.3 5.4 5.5 5.5 5.6 5.6 5.5 5.5 5.4 5 4.9 4.9 5 5 5.1 4.9 4.8 5.2 4.7 5.6 4.5 5.9 6.4 6.2 6.1 6.3 6.7 7.1 6.7 6.5 4.9 8.2 8 7.6 6.8 6.8 6.6 6.3 5.9 5.4 5.6 5.9 6.2 6.6 6.9 7.3 7.3 7.3 7.3 7.3 7.2 7.1 6.9 6.9
4.8 4.7 4.7 4.7 4.7 4.7 4.7 4.6 4.6 4.6 4.6 4.5 4.5 4.5 4.5 4.4 4.4 4.5 4.5 4.5 4.5 4.5 4.5 5.3 4.8 4.8 5.4 5.3 5.2 5.1 5.2 5.3 5.4 5.4 5.5 5.6 5.5 5.5 5.3 5.1 5.1 5 5 5 5.1 5.1 4.9 4.8 4.7 4.6 4.5 5.1 6.1 5.9 5.8 5.6 5.7 6.2 6 5.6 5.2 5.4 5.4 5.6 6.3 6.7 7 6.9 6.5 6 5.6 5.4 5.7 6.1 6.4 6.9 7.5 7.5 7.5 7.5 7.4 7.3 7.1 7 6.9
4.7 4.7 4.7 4.7 4.7 4.7 4.7 4.7 4.6 4.6 4.6 4.5 4.5 4.5 4.5 4.4 4.4 4.5 4.5 4.6 4.7 4.8 4.8 6.6 5 4.9 5.4 5.6 5.5 5.4 5.3 5.2 5.3 5.4 5.5 5.5 5.5 5.3 5.2 5.2 5.1 5.1 5.1 5.1 5.1 5.1 5 4.8 4.7 4.6 4.8 5.8 5.7 5.5 5.4 5.2 5.1 5.3 5 5.2 5.4 5.5 5.5 5.5 5.5 5.7 6 6.3 6.5 6.2 5.7 5.3 5.6 5.9 7.3 7.6 7.7 7.7 7.7 7.6 7.4 7.3 7.1 7 6.9
4.6 4.5 4.5 4.6 4.6 4.7 4.7 4.7 4.6 4.6 4.6 4.6 4.5 4.5 4.5 4.4 4.5 4.6 4.6 4.7 4.8 4.9 5 6.7 5.4 4.9 5.2 6 5.8 5.7 5.6 5.5 5.4 5.4 5.5 5.5 5.4 5.3 5.3 5.3 5.2 5.2 5.2 5.1 5.1 5.1 5 4.9 4.9 4.9 5.2 5.4 5.2 5.1 4.9 4.9 4.9 4.9 5.1 5.3 5.5 5.5 5.5 5.6 5.6 5.3 5 5.4 5.5 5.6 5.8 5.4 5.4 6.6 6.5 7.9 7.9 7.9 7.7 7.6 7.4 7.3 7.1 7 6.9
4.6 4.6 4.6 4.6 4.6 4.6 4.6 4.7 4.7 4.6 4.6 4.6 4.5 4.5 4.6 4.7 4.9 4.8 4.7 4.8 4.9 4.7 6 5.6 5.3 5.2 5 6.1 6.2 6.1 6 5.8 5.7 5.6 5.5 5.5 5.6 5.7 5.7 5.7 5.3 5.2 5.2 5.2 5.2 5.2 5.2 5.3 5.4 5.4 5.5 5.5 5.6 5.6 5.7 5.6 5.2 5.1 5.2 5.4 5.5 5.6 5.6 5.6 5.6 5.7 5.7 5.7 5.7 5.6 5.5 5.4 8.6 7.9 7.1 8.1 8 7.9 7.7 7.6 7.4 7.3 7.1 7 6.9
4.7 4.7 4.6 4.7 4.7 4.6 4.6 4.6 4.6 4.6 4.6 4.6 4.6 4.8 5 4.7 5 5.4 5.1 4.9 4.6 5.3 6.2 5.5 5.4 5.3 5 5.9 6.5 6.4 6.3 6.2 6.1 6.1 6.5 6 6.1 6.1 6.2 5.9 5.3 5.3 5.3 5.3 5.9 6.2 6.3 6.4 6.4 6.5 6.3 6.4 6.4 6.5 6.3 6 5.5 5.2 5.4 5.5 5.6 5.6 5.7 5.7 5.7 5.8 5.6 5.9 5.9 5.9 5.9 5.8 7.4 5.7 5.7 8.2 8 7.9 7.7 7.6 7.4 7.3 7.1 7 6.9
4.8 4.7 4.7 4.6 4.7 4.9 4.8 4.7 4.6 4.6 4.6 4.6 5 5.3 5.2 5 4.9 5.4 5.7 5 4.7 5 5.5 5.8 5.6 5.4 5.2 5.7 6.7 6.8 6.7 6.7 6.8 7 7.6 6.8 6.6 6.6 6.5 6 5.4 5.3 5.4 6 6.7 7.3 7.4 7.4 7.5 7.5 7.3 7.2 7.2 7 6.7 6.4 5.9 5.3 5.5 5.6 5.7 5.7 5.7 5.8 5.8 5.8 5.5 5.6 5.9 6.2 6.2 6.2 6.4 5.7 7.2 7.6 8 7.9 7.7 7.6 7.4 7.3 7.1 7 6.9
