STL Generation/terr50_gagg_gb/data/ST57.asc
ncols 200
nrows 200
xllcorner 350000
yllcorner 170000
cellsize 50
[rows 38 to 75 of 200, columns 0 to 85 of 200]
6.8 6.8 8.1 9.5 10 10.4 10.3 10.1 10 7 3.4 0.8 -3.8 -3.8 -3.8 -0.5 4.5 8.9 9.1 8 6.8 6.7 6.7 6.7 9.4 9.3 9.1 9 8.7 8.4 8.2 7.9 7.6 7.5 7.5 7.7 7.8 7.3 7.3 7.4 7.4 7.5 7.6 13.4 7.4 8.4 7.6 7.6 7.3 7.3 7.4 7.5 7.5 8 9 10.7 12.5 13.4 11.1 7.6 7.8 5.7 6.1 9.2 8.8 7.1 8.1 10.4 12.3 9.9 8.1 10.7 13.7 5.9 7.4 7.8 7.9 7.9 8.8 9.8 10.8 12.6 14.4 16 17.2 19.2
6.8 6.8 7.5 9.3 9.8 10 10.2 10.4 10 9.9 5.2 1.8 -3.8 -3.8 -3.8 -3.8 4 8.9 9 8.5 7.3 6.7 6.7 6.7 6.7 7.4 9.4 9.2 8.8 8.5 8.2 7.9 7.4 7.3 7.3 7.5 7.8 7.3 7.2 7.3 7.4 7.7 7.7 10.5 8 7.8 7.5 7.4 7.1 6.9 6.7 6.1 5.6 5.2 8 8.7 8.5 8.6 7.4 14.6 13.8 12.6 11.5 10 8.1 8.5 8.2 9.3 8.1 8.8 13.5 12.9 5.3 7.3 7.9 8.4 8.4 8.4 9.1 10.3 11.9 14.2 16.1 17.8 19.5 21.7
6.8 6.8 6.8 8.6 9.6 9.5 9.5 10.3 10.3 9.8 9.3 3.8 -0.3 -3.8 -3.8 -3.8 2.7 9 9 8.2 7.4 6.9 6.7 6.7 6.7 6.7 6.7 9.3 9.2 8.9 8.6 8.1 7.6 7.4 7.4 7.5 7.6 7.5 7.3 7.2 7.3 7.7 8 8.7 7.7 7.6 7.4 7.1 6.8 6.7 6.6 6.3 5.8 5.4 5.4 9.1 8.5 8.1 8.3 8.1 7.5 7.6 8.2 8.9 8.8 8.7 9.8 12 15.5 18 11.5 5.3 7.3 8 8.6 9.3 9.4 9.2 9.8 10.8 12.6 15 17.3 19.7 22.1 24.3
6.8 6.8 6.8 6.8 8.8 9.5 9.3 9.5 10.3 10.3 10 8 2.8 -3.8 -3.8 -3.8 0.4 6.1 9 8.3 7.6 7.4 7 6.7 6.7 6.7 6.7 6.7 7.9 8.7 8.8 8.3 7.8 7.4 7.5 7.5 7.6 7.7 7.5 7.3 7.2 7.7 8.2 7.6 7.8 7.5 7.2 6.9 6.4 6.7 6.7 6.4 6.1 5.6 5.6 9.1 8.3 8.3 7.5 7.2 6.9 7.1 6.2 16.6 16.6 16.9 19.6 18.6 13.9 9.5 5.5 7.6 8.2 8.7 9.3 9 8.8 10.5 12.4 13.1 13.6 16.1 18.6 21.3 24 27.5
6.8 6.8 6.8 6.8 6.8 9.6 9.3 9.4 9.6 10.3 10.2 9.7 5.9 -3.8 -3.8 -3.8 -3.8 2.2 9 8.5 8 8 7.5 7.1 6.7 6.7 6.7 6.7 6.7 7.2 8.3 8.6 8.1 7.7 7.5 7.7 7.5 7.6 7.5 7.4 7.3 7.6 8 7.7 7.7 7.3 7 6.8 6.6 6.5 6.7 6.5 6.3 5.9 9.6 9.2 7.6 7.8 7.8 7.7 7.5 7.7 8 9.9 15.6 17 14.4 10.5 5 7.4 8.1 9 9.5 9.2 8.8 8.2 8.6 11.2 15.5 17.4 18.4 17.9 20.7 23.5 29.5 32
6.8 6.8 6.8 6.8 6.8 6.8 9.4 9.4 9.4 9.6 10.2 10.1 9.7 3.1 -3.8 -3.8 -3.8 -3.8 1.5 4.3 8.5 8.5 8.2 7.8 7.3 6.7 6.7 6.7 6.7 6.7 7.3 8.7 8.5 8.1 8.4 8.4 7.8 7.5 7.5 7.4 7.4 7.7 7.9 8 7.5 6.8 6.5 6.6 6.6 6.6 6.7 6.6 6.4 10.3 8.9 6.6 7.3 6.8 8.8 8 8 8.1 8.2 5.5 10 9.8 6.5 7.2 7.4 7.7 8.8 8.7 8.8 8.6 8.2 8.7 8.9 11.7 16.9 21 23.3 23.2 23.2 26.7 33.7 36.6
6.8 6.8 6.8 6.8 6.8 6.8 6.8 9.4 9.4 9.5 9.9 10.4 9.8 7.7 1.5 -3.8 -3.8 -3.8 -3.8 -3.8 1.7 3.9 8.8 8.6 8.2 7.5 6.8 6.7 7.2 8.9 6.7 6.7 7.7 8.4 8.4 8.5 8.2 7.6 7.5 7.5 7.7 8.1 8 7.7 6.8 6.4 6.6 6.5 6.5 6.5 6.8 7 11.9 9 6.6 6.6 6.9 6.3 9.8 9 8.5 8.2 8.2 5 5.6 6.4 7.2 7.1 7.2 7.5 7.5 7.5 7.8 8 8.8 9.3 10.5 15.1 19.9 28.9 33.1 28.7 27.1 30.9 39.3 43.5
6.8 6.8 6.8 6.8 6.8 6.8 6.8 6.8 9.4 9.6 9.7 10 10.3 9.8 7.1 -3.8 -3.8 -3.8 -3.8 -3.8 -3.8 -3.8 -3.8 3 8.8 8.3 7.7 7 8.1 9 9.1 6.7 6.7 7.3 8.2 8.4 8.5 8.3 7.5 7.4 7.4 7.7 7.8 7.7 7.3 7 6.8 6.6 6.6 6.4 7 13.1 9.8 6.5 6.7 6.7 6.8 6.9 6.7 6.7 6.3 6.4 6.5 6.3 6.6 6.7 7.1 7 7 6.9 7.1 7.8 8.9 10.1 10.4 11.8 14.7 20 31.2 42.7 41.4 33.1 30.3 35.4 40.1 47.9
6.8 6.8 6.8 6.8 6.8 6.8 6.8 6.8 6.8 9.4 9.5 9.7 9.8 9.7 9.6 9.4 4.3 -3.8 -3.8 -3.8 -3.8 -3.8 -3.8 -3.8 -3.8 -3.8 8.5 8.1 8.7 8.9 9 9.1 6.8 7.2 8.1 8.5 8.5 8.6 8.1 7.4 7.2 7.1 7.3 7.4 7.6 7.4 7.1 6.9 6.7 6.8 14.2 7 7 6.4 6.4 6.7 6.5 6.6 6.6 6.7 6.6 6.7 6.7 6.8 7 7.2 7.2 7 7.2 7.9 8.4 9 10.5 11.9 12.7 14.7 17.3 25.2 33.4 42.6 38.9 36.7 35.6 37.9 45.9 52.2
6.8 6.8 6.8 6.8 6.8 6.8 6.8 6.8 6.8 6.8 9.4 9.5 9.6 9.7 9.7 9.6 9.3 7.1 3.9 -3.8 -3.8 -3.8 -3.8 -3.8 -3.8 -3.8 -3.8 -3.8 8.6 8.8 8.8 8.9 7.5 7.4 8.1 8.4 8.5 8.5 8.6 7.7 7.3 7.2 7.4 7.5 7.6 7.6 7.3 7 6.8 16.5 15.9 7.1 7.4 7.1 7.1 7.1 7.1 6.7 6.9 6.9 6.8 6.9 7 7.1 7.3 7.6 7.7 8.2 8.8 9.5 10.3 11 11.8 13.2 14.4 16.5 20.7 28.1 37.4 39.6 40.4 41.2 40.9 43 51.4 57.1
6.8 6.8 6.8 6.8 6.8 6.8 6.8 6.8 6.8 6.8 6.8 9.4 9.5 9.7 9.7 9.5 9.4 9.2 9 6.2 5.5 3.1 -3.8 -3.8 -3.8 -3.8 -3.8 -3.8 -3.8 5.6 8.7 8.7 8.1 7.9 8.2 8.4 8.4 8.4 8.6 8.4 7.5 7.4 7.5 7.7 7.9 7.7 7.5 7.2 15 17.6 7 7.3 7.7 8.1 8.2 8.6 8.8 8.5 9 9.3 9.2 8.9 8.8 8.7 8.9 9 9 9.8 10.3 11.3 12.3 13.1 13.8 14.9 16.2 18.3 22.4 30 35.4 39.5 42.3 44.4 48.5 51.9 53.2 59.5
6.8 6.8 6.8 6.8 6.8 6.8 6.8 6.8 6.8 6.8 7.5 8.9 9.6 9.7 9.7 9.4 9.4 9.5 9.2 9.2 8 6.6 5.1 4.8 1.6 -3.8 -3.8 -3.8 -3.8 -3.8 4.4 8.9 8.4 8.4 8.4 8.7 8.5 8.5 8.6 8.6 8 7.5 7.7 7.8 7.9 7.6 7.3 7.1 14.3 7.4 7.4 7.7 8.1 8.6 9.1 10 11.2 11.2 12 12.3 12.2 12 12 11.5 10.9 11.5 11.9 12.2 12.5 13 14.5 15.5 16.8 17.9 19 21.4 25.4 29.1 33.3 39 43.7 49.1 54.8 59.3 59.2 59.5
6.8 6.8 6.8 6.8 6.8 6.8 6.8 6.8 6.8 7.2 7.5 8.2 9.6 9.7 9.7 11.1 11 10.5 9.5 9.3 9.6 8.5 5.4 6 6 5.7 -3.8 -3.8 -3.8 -3.8 -3.8 2.1 3.1 5.6 9.4 9.3 9 8.7 8.6 8.7 8.1 7.5 7.6 7.7 7.8 7.6 7.4 7.3 7.5 7.8 7.7 8.1 8.5 9 9.9 11 13 14.1 15.4 16 16.1 17.1 16.5 15.7 15.7 15.3 14.9 15.1 15.3 15.4 17.2 18.3 19.1 21 23.4 25.9 29.8 33.3 36 39.9 46.2 52.3 59.5 60.5 60.8 61.3
6.8 6.8 6.8 6.8 6.8 6.8 6.8 6.8 7.3 7.8 8.1 8.4 9.2 9.7 13.4 14.9 13.2 11.8 10.9 10.3 10 9.8 9.7 8.5 6.9 7.1 6.5 -3.8 -3.8 -3.8 -3.8 -3.8 -0.8 3.5 10.2 9.8 9.4 9 8.6 8.7 8.8 7.6 7.5 7.5 7.7 7.7 7.6 7.5 7.6 7.7 8.1 8.4 8.9 9.7 10.6 12.6 14.9 16.3 18.5 20.4 22.6 23.3 22.5 21.6 20.5 20.5 19.2 18.9 18.7 19.7 21.3 22.8 24.6 27.5 30.3 33 35.9 38.6 41.7 44.6 49.7 56.4 60.9 61.7 62.3 63.1
6.8 6.8 6.8 6.8 6.8 6.8 6.9 9.1 8.2 8.5 8.9 8.8 9.2 15.1 15 15.3 15.1 14 12.2 11.5 10.9 10.4 10 9.8 8.5 7 7.1 6.2 5 -3.8 -3.8 -3.8 -3.8 2.5 9.2 9.7 9.5 8.5 8.5 8.6 8.7 8.4 7.6 7.5 7.7 7.6 7.6 7.7 7.7 8.2 8.8 9.2 10.1 10.6 12.5 14.1 16.3 19.6 24.1 29.1 33.8 32.4 39.9 37.1 29.6 29.5 27 25.4 24.7 25.5 27.4 29.5 31.5 33.2 35.3 38.3 42.5 45.9 49.1 52.3 55.7 60.9 63 62.8 63.5 64.2
7.1 6.8 6.8 6.8 6.8 7 8.1 9.8 9.6 9.4 9.7 11.2 15.9 15.6 15.3 15.3 15.3 14.6 12.8 11.9 11.3 10.7 10.3 10 9.7 9 6.8 6 5.1 5.1 -3.8 -3.8 -3.8 -3.8 3.7 9.7 8.8 8.5 8.5 8.6 8.7 9 8 8 8 8.1 7.9 8.1 8.6 9.1 9.7 10.6 11.5 13.1 14.9 17.4 18.4 21.9 27.3 33.4 45.1 56 62.7 61.3 53.3 45.5 39.6 33.1 32.8 34.1 36 38.5 40.9 44 47 49 51.6 54.2 56.9 59.7 61.4 63.5 63.9 63.9 64.6 65.5
7.7 6.8 6.8 6.8 7.1 7.8 8.5 9.9 10 11.3 13.2 15.8 16.2 16.1 15.8 15.6 15.1 13.9 12.7 12.3 11.6 11 10.7 10.4 10.1 9.9 9.8 6.6 6 5.5 4.2 -3.8 -3.8 -3.8 -0.4 4.8 9.1 8.4 8.5 8.5 8.6 8.9 8.9 8.7 8.5 8.5 8.7 9 9.7 10.3 11.3 12 13.4 14.9 18.5 21.6 26.2 23.4 27.9 33 37.8 43 48.8 55 66.6 66.8 63.7 58.9 56.2 53 52.1 53.9 55.4 56.4 58.8 60.2 61 60.9 62.6 63.1 63.9 64.6 64.6 65.1 66.4 67.9
7.7 6.9 6.8 8.1 8.1 8.7 9.4 10 11.4 14 15.7 16.1 16.1 16.2 16.2 12.1 10.9 10.5 12.1 11.4 10.9 10.3 10.5 11.8 10.9 10.6 10.2 9.6 7.6 6.5 5.6 3 -3.8 -3.8 -3.8 -3.8 6.6 8.8 8.5 8.6 8.6 8.8 9.1 9.4 9.6 10 10.7 11.9 13.9 13.3 13.1 13.9 15.2 17.5 21.1 25.2 27.2 24.5 28.3 32.5 36.7 40.8 44.8 48.1 51.8 57.9 66.4 66 65.2 65.7 64.3 64.2 65.4 65.4 66.1 66.5 64.4 64.9 65.6 65.1 65.6 66.1 67.8 68.8 70.1 72.4
7.6 7.1 7.9 9.6 9 9.7 10.7 11.9 14.5 15.8 16.6 16.6 16.3 15.5 12.4 11.4 10.6 10.1 9.6 7.9 9.3 9.7 10.3 10.2 10.5 11.4 10.9 10.1 9.5 8.6 6.7 6.9 4.2 -3.8 -3.8 -3.8 0.8 8.4 8.9 8.7 8.5 8.8 9.1 9.7 10.4 11.5 13.8 13.8 20.2 22.4 20.8 18.3 18.3 20.5 22.7 26.3 29.2 28.9 30.1 34.2 38.2 43.8 48 49.2 51.3 56.9 59.9 61.8 64.1 66.3 65.4 65.9 66.4 66.3 66.2 65.8 65.3 65.1 65.6 65.3 64.6 66 68.5 70.2 71.1 72.7
8.1 7.8 8.1 9.4 9.8 10.8 12 13.6 15.2 16.4 16.8 16.4 16.2 16.2 11.4 10.5 10.3 9.9 9.4 9.1 9.8 9.3 10.3 10 9.7 16.1 11.3 10.4 9.6 9.4 10.1 6.9 6.2 3.5 -3.8 -3.8 -3.8 1.6 8.2 9.6 8.7 8.8 9.2 9.8 10.9 12.4 16 22.9 21.6 27.3 25 22.2 22.4 22.5 23.6 26.7 29.8 31 31.9 34.3 39.1 43.6 48.1 51.8 54.7 57.3 58.8 60.6 61.4 61.6 63.3 64.9 65.3 65 64.8 64.3 64.1 64 64.1 63.8 63.4 63.7 63.6 63.8 63.5 63.1
8.6 8.6 9 9.6 10.4 11.1 12.5 14.2 16 16.3 16.3 15.9 15.3 14.7 9.6 9.9 9.8 9.5 9.1 8.9 8.9 9.7 9.9 10 9.9 12.5 11.5 10.7 9.9 9.2 9.8 7.4 6.9 5.6 2.4 -3.8 -3.8 -3.8 2.7 7.3 8.7 8.9 9.2 9.6 11 12.6 14.6 21.5 26.4 26.8 24.9 23.4 23.7 24.2 25.6 28.1 30.3 31.5 31.9 33.4 36.1 39.5 43.6 47.7 50.5 53.9 57.3 59.6 60.7 61.2 62 63.7 63.9 63.9 63.3 62.3 62.6 62.8 62.2 61.3 61.8 61.5 59.7 57.3 53.7 54.6
9 9.1 9.3 9.9 10.6 11.5 12.3 14.5 15 15.4 14.9 15.5 14.9 9.5 9.6 9.3 9.2 9 8.8 8.9 8.9 8.9 9.1 9.3 9.5 9.7 11.6 10.9 10.2 9.2 9.1 10.9 7.4 6.2 5.7 2.2 -3.8 -3.8 -3.8 3.6 6.8 9.1 9.3 9.5 10.2 12 15 17.2 21.7 23 22.1 22.4 23.3 25.2 27.4 29.9 30.5 31.7 32.4 33 34.7 37.2 39.6 42.2 45.3 48.5 51.9 56.7 58.3 60.1 61 62 62.5 62.9 62.2 61.1 61.3 60.9 60 58.6 56.5 53.5 47.8 45.1 41.6 37.8
9.8 9.5 9.5 9.9 10.5 10.6 10.9 13.1 13.3 14.1 13.8 14.2 9.9 9.4 9.5 9.5 9.1 8.6 8.8 8.9 8.9 9 9.1 9.3 9.5 9.6 14 11.1 10.1 9.2 9.6 10 10.6 7.9 7 6.2 0.9 -3.8 -3.8 -3.8 3.4 9.2 9.1 9.4 9.6 10.7 14.3 16.5 20.1 20.4 20.6 21.2 23.8 26.6 28.7 30.3 31.1 31.9 32.4 32.9 33.4 34.7 36.8 39.4 42.2 43.9 46 48.2 51 56.9 59.9 60.2 60.5 60.6 60.7 61 61.2 61.4 60.7 59.1 56.6 52.6 46.7 42.4 38.1 35.7
9.8 9.6 9.6 9.6 10 10 10.2 11.4 12.7 13.4 12.7 10.3 10.1 9.4 9.3 9.3 9.3 9.1 8.7 8.9 9 9.1 9.3 9.4 9.5 9.5 14.9 10.7 9.9 9.3 9.1 9.4 9.8 8.8 7.7 5 4.6 1.6 -3.8 -3.8 -3.8 6.7 9.4 9.7 9.6 9.7 10.9 15.8 18.9 20.1 19.2 22.2 25.6 27.8 29.4 30.4 31 31.5 31.9 32.3 32.9 33.7 34.7 36.4 38.2 39.6 41.2 41.9 44.3 47.8 52.3 56 56.3 58 60.6 60.9 61.5 62.5 61.4 59.8 57.8 54.9 51.9 49 47.9 47
9.8 9.8 9.8 9.7 9.6 9.8 9.9 10.4 10.8 10.5 9 9.1 9.4 9 8.6 8.4 9 8.9 8.9 9 9.2 9.3 9.4 9.5 9.6 9.7 10.5 11.4 9.9 9.7 9.5 9.2 9.3 9.6 6.2 9.3 9 6.1 1.8 -3.8 -3.8 -3.8 7.6 9.5 9.5 9.5 11.2 12.7 17.7 17.7 19 23.1 27.1 28.1 29.5 30.1 30.6 31.1 31.6 31.9 32.7 33.6 34.3 35.4 35.5 35.6 36.5 36.8 37.7 40.2 42.5 45.5 49 54.6 55.8 56.3 57.2 61.5 61.1 58.4 57.5 55.5 53 51.7 50.9 48.9
9.8 9.9 9.9 9.1 9.6 9.6 9.8 10 9.5 9.4 7.9 7.4 7.6 7.9 7.8 8.8 8.8 8.9 9 9.1 9.3 9.5 9.7 9.8 9.9 10 10.4 10.1 10.8 10.1 10.1 9.8 9.5 5.6 10.1 10.1 10 6.9 6.2 -3.8 -3.8 -3.8 2.7 8.2 8.8 9 9.5 12.2 12.9 16.4 18.7 23.2 26.6 28.1 29.1 29.6 29.7 30.4 31 31.6 32.3 32.9 33.6 34.7 34.5 33.5 33.8 34.8 34.4 36.2 37.3 38.2 41.4 45.1 46.5 46.6 48.7 49.8 43 36.9 36.6 35.9 33.9 32.5 36.1 40.5
9.9 9.1 7.2 7.3 8.4 9.7 9.6 9.5 9.5 9.4 8 6.5 5.8 6.7 9 8.8 8.9 9 9.1 9.3 9.5 9.6 9.8 10 10.1 10.2 13.7 14.7 12.9 11.5 11.2 10.4 10.2 10.3 10.5 10.3 7.4 7 6.7 5.6 -3.8 -3.8 -3.8 2.9 7.6 8.5 8.7 9.6 10.7 11.5 16.7 21.9 25.2 27.2 27.9 28.7 28.9 29.5 30.2 30.8 31.5 32.3 33 33.7 33.3 32.2 31.6 32 31.3 31.4 32 33.3 35.2 37.1 38.8 36.1 34.7 39.6 37.6 23.5 19.1 17.2 19.4 27.7 37.8 34.4
7 7.2 7.3 9.9 9.7 9.6 9.6 9.5 9.5 9.2 8.2 7.5 6.9 8.9 9 9 9 9.1 9.2 9.4 9.6 9.8 10 10.2 10.4 13.8 15.1 13.7 12.7 12.5 12.3 6.5 10.6 10.8 10.7 7.1 7.4 7.3 7.1 6.8 4.5 -3.8 -3.8 -3.8 5.5 7.3 7.2 8.5 9.1 13.8 16.9 18.9 24.1 25.2 26.1 27.1 28.3 28.8 29.4 30 30.8 31.6 32.3 32.7 32 31 30 29.4 29.4 29.4 29.6 30.1 30.6 30.7 31.2 31.6 37.6 23 9.2 -3.8 -3.8 -3.8 -3.8 -3.8 13.8 27.3
9.5 9.9 9.9 9.8 9.8 9.6 9.6 9.5 9.5 9.3 8.6 7.9 7.5 16.6 9.1 9.2 9.3 9.3 9.3 9.5 9.7 9.9 10.2 10.2 14.2 14.5 13.2 12.7 12.5 13 7.3 10.6 11.2 11.5 11.1 7.5 7.1 7 6.9 6.7 6.6 3.2 -3.8 -3.8 -3.8 5.9 7.5 8.5 9 9.6 16.4 18 20.4 23.6 24.1 25.2 26.5 27.7 28.6 29.2 30 30.8 31.3 31.5 30.8 29.8 28.8 27.5 27.4 27.4 27.5 27.8 28.6 28.4 28.2 28 27.7 3.8 -3.8 -3.8 -1.9 0.1 -1.3 -3.8 -3.8 4.2
9.2 9.1 7.3 7.2 7.4 7.7 8.7 9.5 9.4 9.3 9 8.5 7.8 11.1 12.6 9.3 9.5 9.5 9.5 9.6 9.8 10 10.4 14.5 14 13 11.9 10 6.5 9.6 9.6 11.1 11.8 11.4 10.7 8.1 7 6.7 6.6 6.2 6.5 5.1 -3.8 -3.8 -3.8 1.1 7.4 8.8 6.8 9.3 12.8 16.6 18.8 20.1 21.4 23.4 24.8 25.9 27.1 28 28.7 29.3 29.9 30.2 29.5 28.6 27.4 25.8 25.4 25.4 25.9 26.4 26.3 26 20.8 25.9 10.5 -3.8 -3.8 -3.8 7.1 7.5 6.1 3.1 -3.8 -3.8
7 6.8 9 9.2 9.4 9.5 8.7 8.9 7.9 7.7 7.8 7.9 7.9 7.4 7.3 8.6 10.5 13 15.1 13.2 11.4 11.8 14.6 12.8 10.5 7.3 7.7 9.6 10.8 10.7 11.5 11.6 11 10 9.1 12.5 6.7 6.5 6.1 5.7 5.7 6.4 7.2 -3.8 -3.8 -3.8 2.9 8.7 6.8 6.7 10.3 14.6 17.7 18.9 19.6 21.5 23 24.2 24.9 25.5 26.5 27.5 28.4 28.7 28.1 27.4 25.7 24.2 23.9 23.2 24.4 25.1 24.8 23.5 24.2 23.2 -3.8 -3.8 -3.8 6.5 7.2 7.4 7.6 6.9 4.5 -3.8
10.4 10.4 10.6 10.2 9 7.4 6.7 8.9 8.8 8.5 8.1 8.1 7.9 7.4 7.1 7.5 8.6 8.3 7.7 6.9 6.7 9.1 6.9 8.6 9.4 10.6 11.6 11.3 11.3 11 11.6 10.5 9.4 8.8 8.2 7.4 9.1 6.7 6.3 5.9 5.9 6 5.5 5.1 -3.8 -3.8 -3.8 4 8.6 6.9 8.5 11.7 13.1 18.1 19.1 19.6 20.7 21 20.9 23.1 24 24.8 26.1 26.3 24.5 23.5 22.8 21.8 21 20 21.2 19 22.3 19.7 21.1 16.7 -3.8 -3.8 5.9 7.6 7.8 8 8.8 9.6 7.4 2.9
10.6 10.8 10.8 10.4 9.8 9.2 12.4 13.2 10 8.8 8.5 8.3 8 7.7 7.4 7.1 7.9 8.7 8.8 9.1 9.5 9.7 10.4 11.2 9.2 11.7 11.4 10.2 5.4 5.4 5.4 8.9 8.6 7.9 7.3 6.9 13.4 7.1 6.5 6.2 6.3 6.1 5.2 3.5 5 -3.8 -3.8 -3.8 4 8.5 8.3 10.4 12.3 12.7 18.3 18.3 18.4 17.6 17.7 19.5 22.4 21.7 22.4 22.5 22.3 21.5 20.5 19.8 18.6 18.3 17.7 18.4 17.5 15 15.4 -3.8 -3.8 -3.8 6.5 8.2 8.7 10.1 11.6 12.3 9.9 6.4
10.7 10.7 10.6 10.3 9.9 9.6 9.2 9.3 9.4 9 8.7 8.7 8.3 8 7.5 7 6.5 6.8 8.4 8.7 9.3 9.5 10.4 10 6.5 5.4 5.4 6.2 7.9 8.8 9.3 8.8 12.6 7.5 6.9 6.6 7.6 11.6 6.7 6.5 6.6 6.1 5.8 5.6 5.3 3.8 -3.8 -3.8 -3.8 5.4 8.5 8.3 9.4 8.9 13.4 14.1 14.9 15 16.4 18.3 19.7 20.4 21.2 20.3 19.7 19.1 18.6 17.2 16.5 16.6 16.1 16.1 14.9 13.4 12.7 -3.8 -3.8 4.8 7.1 8.8 10.7 12.8 15 15.9 13 7.6
10.7 10.6 10.5 10.4 10 9.9 9.5 9.4 9.3 9.2 9 9 8.7 8.2 7.8 7.2 6.6 7.5 9.1 9.1 7.6 8.6 7.4 8.5 8.5 8.6 8.8 9.1 9.1 9 8.8 17.3 23.2 8.7 6.6 6.6 7.1 11.7 10.6 7.6 7.6 7.6 7.3 7 7.3 6.9 -3.8 -3.8 -3.8 -3.8 6.4 7.9 8.3 7.7 8.9 10 13 14.9 15.9 15.5 15.5 15.6 15.3 17.9 18.1 18 17.3 16.7 15.7 15.3 15 14.4 13.6 12.1 6.1 -3.8 -3.8 6.2 8.5 11.2 13.4 16.5 19.2 19.6 16.3 9.4
10.6 10.5 10.4 10.3 10 9.7 9.6 9.5 9.4 9.3 9.4 9.4 9 8.5 8 7.5 7.1 7.1 9.4 8.9 8.9 8.6 8.4 8.4 8.6 8.7 8.9 9.2 9.3 9.3 11.6 20.9 16.3 8.6 7.5 8.2 9.2 11.6 12.6 14.1 12.2 9 8.5 8.6 8.7 8.2 7.5 2.1 -3.8 -3.8 -3.8 5.5 7 8 7.9 8.3 9.4 11 12.9 14.5 15.5 16.1 16.7 17.1 16.6 16.4 15.9 15.5 14.7 13.7 13.5 12.8 11.8 8.7 4 -3.8 -3.8 8.2 10.9 13.5 16.6 20.3 22.6 21.2 15.9 8.8
10.4 10.3 10.2 10.1 10 9.8 9.7 9.6 9.5 9.3 9.8 9.8 9.3 8.8 8.3 7.8 7.7 7.7 7.8 8.3 8.6 8.5 8.4 8.2 8.5 8.6 8.7 8.7 8.8 9.4 19 18.6 13.3 11.1 12.7 14.3 15.2 16.3 16.8 16.7 16.3 11.6 10.6 10 9.6 9 8.3 7.9 3.2 -3.8 -3.8 -3.8 5.2 6.7 7.9 8.2 8.6 9.7 11.6 12.8 13.7 14.4 15.1 16 15.3 15 15.1 15 14.3 12.6 12 11.3 8.6 4.6 -3.8 -3.8 -3.8 11.5 13.3 15.9 19.7 23.8 24.9 21.5 13.7 7.4
10.2 10.1 10 10 10 9.8 9.6 9.5 9.3 9.3 10 10.3 9.8 9.3 8.7 8.1 7.9 7.9 8.3 8.9 8.4 8.3 8.3 8.1 8.3 8.5 8.3 8.1 8.2 14.3 11.8 12.2 13.1 13.9 14.7 15.7 17.2 19.8 20.1 19.6 17.8 16.2 15.9 16.2 14 11.2 8.9 8.4 7.4 4.7 -3.8 -3.8 -3.8 5.4 7.5 7.9 8.1 9.2 10.3 11.2 12 12.3 13.2 14.3 14.8 14.9 15.3 14.2 12.9 11.6 10.8 7.9 5.1 -3.8 -3.8 -3.8 12.2 13.5 15.8 18.6 22.3 25.3 25.9 23.1 15.6 8.4
