STL Generation/terr50_gagg_gb/data/ST87.asc
ncols 200
nrows 200
xllcorner 380000
yllcorner 170000
cellsize 50
[rows 36 to 71 of 200, columns 0 to 79 of 200]
136.6 136.6 136.7 136.7 136.5 136.2 135.9 135.3 134.7 134.1 133.5 132.4 131 129.6 128.4 129.7 131.3 131.3 131.1 130.9 130.7 130.5 130.4 130.3 129.4 128.3 128.7 130.2 130.3 130.2 130 129.9 129.4 129.3 129.4 129.1 128.9 128.7 127.8 126.9 126 125.3 124.6 123.9 123.2 123.2 123.4 123.7 123.7 123.6 123.4 123.2 123 122.8 122.7 122.6 122.3 122 121.6 121.3 121.3 121.3 121.3 121.3 121.3 121.3 120.6 118.6 119.5 118.5 117.3 116.5 115.9 112.9 103.3 86.6 87.8 105.9 116.2 118.6
138.1 138 137.9 138 137.9 137.6 136.3 135.1 134.5 133.9 133.3 132.2 130.9 129.6 130.2 131.7 132.8 132.6 132.3 131.9 131.6 131.3 130.8 130.8 129.8 128.7 129.2 130.9 130.9 130.4 130.1 129.8 129.9 129.9 129.9 129.8 129.5 129.3 128.8 127.6 126.5 125.7 125.4 124.7 124 123.7 123.9 124.1 124.1 123.9 123.7 123.6 123.4 123.3 123.2 123.1 122.9 122.5 122.2 121.5 120.4 120.2 120.2 120.2 120.1 120.2 120.1 118.6 118 117.5 116.5 115.5 112.9 110.2 98 84.5 91.8 111.3 118.1 119.8
139.6 139.5 139.4 139.3 139.3 138.7 136.8 134.9 134.1 133.5 132.9 131.8 130.5 130 131.6 133.3 133.6 133.2 132.9 132.5 132.2 131.7 131.1 131.1 130.1 129 129.9 131.7 131.5 131 130.4 130.4 130.4 130.4 130.4 130.4 130.1 129.9 128.9 127.8 126.6 125 125 125.5 124.7 124.2 124.5 124.5 124.4 124.3 124.1 123.9 123.8 123.7 123.6 123.5 123.4 123.1 122.4 121.3 120.2 119.1 119 119 119 119.3 119.5 118.6 117 116 115.8 114.8 111.5 102.6 91.5 83.7 92.9 113.9 118.6 119.9
141.1 141 140.9 140.7 140.5 139.2 137.3 135.4 133.7 133.1 132.4 131.3 130.1 131.6 133.4 134.3 134.2 133.8 133.5 133.1 132.7 132.1 131.5 131.4 130.3 130 131.3 132.4 131.9 131.3 130.9 130.9 130.9 131 131 131 130.7 130.1 129 127.9 126.8 124.8 123.8 124.3 124.9 124.8 124.8 124.8 124.8 124.6 124.3 124 123.8 123.8 123.8 123.8 123.8 123.3 122.2 121.1 120.1 119 117.9 117.9 118.1 118.4 118.6 118.6 115.8 116.6 115.8 113.9 111 96 84.7 84 102.8 116.4 119.4 120.6
142 141.8 141.6 140.8 140 139.3 137.5 135.8 133.9 132.7 131.9 130.8 131.8 133.5 134.7 135.1 134.9 134.4 134 133.7 133.2 132.5 131.9 131.6 130.5 131.6 132.4 132.5 132.3 131.7 131.4 131.5 131.5 131.5 131.5 131.5 131.4 130.3 129.1 128 126.9 124.9 123.6 122.9 123.5 124.1 124.3 124.4 124.7 124.6 124.3 124 123.7 123.6 123.6 123.6 123.4 122.9 121.6 120.5 119.5 118.4 117.4 116.8 116.7 117.3 118.1 118.5 116.5 116 114.7 110.2 100.9 87.3 82.5 94.9 112.3 117.3 118.4 120.1
142.7 142 141.2 140.4 139.6 139 137.4 135.7 134.1 132.4 131.7 132.6 134 135.1 135.5 136 135.5 135 134.6 134.2 133.6 132.9 132.3 131.8 131.8 132.5 132.5 132.6 132.6 132 132 132 132 132 132 132.1 131.5 130.4 129.2 128.1 127 125.1 123.4 122.4 122.2 122.6 122.8 123.2 123.7 123.8 123.8 123.7 123.6 123.4 123.3 123.1 122.7 122.3 121.3 120 118.7 117.7 116.6 115.5 115.5 117.4 117.5 118.4 115.2 114.9 111.6 107.1 91.1 82.3 88.7 105.6 114.4 116.7 117.3 118.6
142.3 141.5 140.7 139.9 139.3 138.6 137.6 135.6 133.9 132.3 133.3 134.6 135.9 136.1 136.4 136.6 136.2 135.7 135.2 134.6 134 133.4 132.7 132.1 132.5 132.6 132.7 132.7 132.8 132.5 132.5 132.5 132.5 132.3 132 131.9 131.9 130.4 129.4 128.2 127.1 125.4 123.2 122.2 121.2 121.2 121.6 122 122.5 123 122.9 122.9 122.7 122.3 122.3 122.3 122 121.6 120.9 119.7 118.4 117.1 115.6 112.3 114.6 116.3 116 116.9 114.6 113.6 110 98.3 84.1 81.2 97.3 110.9 115.4 115.7 113.8 111.6
141.3 141.1 140.3 139.5 138.9 138.2 137 134.7 133.3 134.5 135.6 136.5 136.9 137.1 137.3 137.2 136.7 136.2 135.5 134.7 134.1 133.5 132.8 132 132.2 132.3 132.5 132.7 132.9 132.9 132.6 132.4 132.2 131.9 131.7 131.8 131.9 131.2 129.4 128.2 127.2 125.6 123.1 122.7 121.2 120 120.3 120.7 121.2 121.7 122.1 122.1 121.6 121.1 120.8 120.8 120.8 120.8 120.5 119.3 118.1 117 115.1 111.2 114.7 115.3 114.8 114.8 114.6 111.9 108.6 95.7 81.1 82.2 100.1 113.7 116 114.8 106 115.9
139.7 139.7 139.7 139 138.1 137.1 135.9 134.3 135.6 136.3 136.8 137.3 138.1 138.6 138.5 137.6 137.1 136.6 135.6 134.7 134.1 133.1 131.9 130.6 131.1 131.3 131.4 131.6 132 132.9 132.3 132.1 131.8 131.6 131.6 131.7 131.9 131.6 130.4 128.5 127.9 126.3 124.6 122.9 121.2 119.7 119.1 119.5 120 120.5 121 121 120.5 120 119.5 119.3 119.3 119.3 119.4 119.3 118.1 116.8 114.4 109.8 115.6 114.5 113.2 112.7 111.1 109.4 104.6 94.3 82 82.4 99.2 112.6 112.4 103 108.8 117.1
139.2 139.3 138.9 138.3 137.2 136.1 134.8 135.8 136.8 137.1 137.5 138 138.7 139.7 138.9 138 137.5 136.8 135.7 134.5 133.3 132.2 131 129.7 129.9 130.2 130.4 130.5 131.7 133 132.5 131.9 131.5 131.5 131.6 131.7 131.8 131.9 130.9 129.9 128.3 126.8 125.1 123.4 121.7 119.9 118.2 118.5 119.1 119.7 120.1 119.8 119.3 118.8 118.3 117.1 118 118 118.6 118.9 117.4 115.7 113.1 108.3 107.3 112.7 111 109.4 106.6 103.7 98.3 89.3 81 80.5 91.5 107.3 101 101.4 114.5 118
139.1 138.6 138 137.4 136.8 136.1 135.9 137.1 137.7 138 138.4 138.7 139.4 139.5 139 138.3 137.1 135.9 134.6 133.4 132.4 131.3 130.1 128.8 128.3 129.1 129.3 130.2 131.5 132.7 132.6 132 131.5 131.4 131.5 131.6 131.7 131.8 131.1 130.1 128.7 127.2 125.6 123.9 122.2 119.9 117.6 117.9 118.4 119 118.8 118.5 118 117.5 116.7 115.4 114.6 117 117.9 117 115.7 113.5 111.6 106.7 102.1 101.4 105.3 103.8 99.2 94 87.7 82 81.1 80.5 80 87 88.9 104 112.2 116.4
139 138.6 138.1 137.7 137.3 137.5 137.5 138.2 138.5 138.9 139.2 139.6 139.7 139.1 138.6 137.2 135.9 134.7 133.4 132.3 131.6 130.4 129.2 127.8 126.7 127.7 128.7 130.4 131.8 132.7 132.7 132.2 131.7 131.4 131.5 131.6 131.6 131.7 131.2 130.4 129.2 127.6 126 124.3 121.7 118.5 117.1 117.5 117.8 117.8 117.5 117.2 116.7 115.9 115.1 113.6 114.2 116.1 117.1 116.2 114 111.4 109.8 106.1 102.9 96.5 96.3 97 92.1 84 82.1 82.3 84.5 83 80.9 80.5 88.4 94.7 101.7 108.5
140 139.3 138.9 138.4 138.4 138.6 138.8 138.7 138.9 139.2 139.4 139.2 138.7 138.6 138 136.4 134.8 133.5 132.3 131.2 130.3 129.5 128.3 125.6 123.1 128.1 129.5 130.6 131.7 132.6 132.4 132.1 131.9 131.3 131.4 131.5 131.5 131.5 131.1 130.4 129.6 128 125.9 123.8 121.6 118.2 115.2 114.2 115.4 116.6 116.3 115.7 115 114.3 113.5 111.4 111.8 114.6 116.3 115.1 111.7 107.6 102.8 98.5 94.8 94.6 86.9 85.3 82.5 87.4 97.6 98.4 96.1 89.8 81.3 79 81.1 86.7 91.4 99.1
141.1 140 139.6 139.2 139.4 139.5 138.9 138.7 138.9 139.2 138.8 138.1 137.7 137.7 137.2 135.6 133.9 132.2 131.2 130.1 129.2 125.6 122.9 114.6 123.4 126.9 127.5 128.6 130.6 132.4 132.1 131.9 131.6 131.4 131.3 131.4 131.4 131.3 131.1 130.4 129.6 128.2 126.1 124 121.9 119.6 116.6 113.9 113.1 114.4 114.7 113.4 112 111 110 108.5 108.8 112 113.6 111.1 105.9 97.8 87.3 84.8 84.8 85.8 84.5 86.1 96.9 104.3 107.6 109.4 108.4 99.6 83.7 78.4 79.6 80.2 83.9 92.5
141 141 140.3 140.2 140.1 139.6 139.1 138.8 138.9 138.4 137.7 137 136.8 136.5 136.1 134.6 132.9 130.7 129 122 114.8 109 102.9 103.5 105.8 115.4 123.8 127.4 129.5 131.2 132 131.8 131.6 130.9 130.5 131.2 131.2 131.2 131 130.3 129.5 128.2 126.8 125 122.9 120.7 117.9 115.2 112.2 110.2 109.8 109.4 107.8 106.9 106 106.1 105.7 108.5 108.5 104.8 97.6 88.2 86.1 91.4 93.3 93.7 96.4 104.7 108.2 111.1 113.2 115.1 115 112.5 96.6 77.8 79 79.5 80.5 87.4
140.8 141.2 141.1 140.8 140.3 139.7 139.3 138.9 137.9 137.2 136.6 135.9 135.3 134.7 134.3 133.7 131.5 124.8 116.5 108.6 103.8 105 103.1 104 103.9 101.2 110.6 124.9 128.2 129.8 131.5 131.5 131.5 130 129.8 130.1 130.8 131 130.5 130.2 129.4 128 126.6 125.2 123.8 121.7 119.2 117.5 114.8 113.3 109.9 106.5 104.4 103.6 100.6 97.9 96.4 101.2 102 97.7 90.8 86.4 96.2 101.9 104.6 106.1 106.1 109.6 113.8 116.2 118.3 120.1 120.1 118.2 109.8 90.1 78.4 78.7 79.3 83.4
140.8 141.1 141.4 140.9 140.4 139.8 139.3 137.9 136.6 135.9 133.2 133.5 133 133 131 126 119.7 111.9 104.5 104.7 112.1 117.1 120.3 115 110 103.5 99.8 120 127 129 130.3 131.2 131.1 129.7 128.2 128.2 129.1 130.2 130 129.9 129.2 127.9 126.5 125.1 123.7 122.4 121.6 120.3 118.5 117.1 115.1 112.7 109.9 108.3 107.3 103.8 99.4 94.2 90.5 89.9 86.6 90.8 103.5 108.5 110.8 111.4 111 114.4 117.8 120.1 121.6 122.2 121.8 119.3 114.2 98.4 79.3 78.6 79.2 81.3
140.8 141 141.3 140.9 140.4 139.7 138.3 136.9 135.6 134.2 128.3 129.6 128.9 122.2 114.7 107.9 104.8 105.8 111.9 120.9 128.3 127.9 126.6 120.5 113.1 106.1 99.6 109.3 125.1 128.1 128.8 129.4 128.3 127.3 125.7 124.8 127.3 128.4 129.3 129.3 129.1 127.8 126.4 124.9 123.8 122.5 121.6 120.7 119.5 118 116.1 114.7 113.3 111.7 109.5 107.2 103.9 98.6 90.5 87 86.9 96.2 106 111.8 114.6 116.6 116.7 118.6 121.6 123 123.8 123.4 123.1 120.4 112.7 95.9 82.7 77.9 79.1 81.7
142 140.8 141.1 140.9 140.4 138.3 136.9 135.8 134.5 133.1 127.7 120.4 118.6 110.2 105.5 110.7 114.8 121.2 127.5 131.9 132 130.3 128.3 125.1 117.4 108.1 101.4 101.2 122.4 126.1 126.8 126.7 124.9 124.3 122.1 119.8 124.3 126.1 128.3 128.5 127.9 127.6 126.1 125.1 123.7 122.5 121.6 120.2 118.9 117.9 115.6 112.5 111.7 110.3 108.5 102.2 89.5 86.8 88.8 91.7 104.6 108.5 110.3 113.9 117.9 120.3 122 122.8 123.4 124.2 125 124.4 124 120.3 109.4 92 83.6 77.7 78.8 80.7
143.2 142 140.9 140.9 139.3 137 135.5 134.4 132.5 128.5 122.9 114.6 108.1 106.3 114.4 122.5 129.8 132.4 133.4 134 132.8 131.3 129.7 126.1 121.5 113.8 104.6 98.5 108.9 117.1 121.4 121.7 120.5 121.1 119.9 113.6 120.2 124 125.8 126.3 126 126.2 126.2 125.3 123.6 122.5 121.2 119.7 118.3 117.8 115.3 111.6 108.9 106.9 99.8 88.9 88.5 93.1 97.5 105.2 110.6 112.9 115.8 119.1 121.2 123.4 123.9 124.2 124.9 125.5 125.7 124.9 124.2 120.6 106.6 91.2 83.3 77.9 77.8 78.5
144 142.9 141.7 140.1 137.9 135.6 133.9 129.6 125.4 119 112.1 107.3 107.8 118.3 129.9 131.1 133.4 134.3 135.2 134.8 133.7 132.2 130.7 128.9 125.3 120.7 113.8 100.5 98.4 99.5 103.4 103.7 103.9 104.6 108.9 109.9 113 121.7 123.4 123.6 123.1 122.9 122.9 123.5 123.5 122.2 120.7 119.1 117.7 117.1 114.8 111.4 107.4 100.5 90.7 90.1 95.2 100.4 105.6 111 115.6 118.3 120.9 122.3 123.7 124.9 125.2 124.9 125.3 125.6 125.8 125.2 124.3 120.4 111.1 94.6 85 80.1 77.4 78.4
143.4 142.3 141.1 138.7 134.8 133 127.8 121.3 114.8 108.1 108.2 111.7 122.5 132.8 134.1 133.6 135.5 136.1 135.7 135.2 134.2 133.1 131.7 130 128 125.2 122 116.3 104.2 99.3 101.1 97.4 97.7 96.7 96.1 94.9 102.9 116.5 119.5 118.7 118.9 118.4 118.3 120 121.3 121.5 120.1 118.6 117.2 114 110.8 107.1 100.9 93.2 88.4 95.8 102.3 107.6 112.6 117.1 120.6 123.2 124.1 124.9 125.6 125.3 125 124.8 125.3 125.6 125.8 125.2 125.2 124.3 118.9 104.9 92.5 84.5 78.9 77.4
143.3 141.8 140.3 137.6 133.6 128.9 120.2 112.1 109.8 114.9 122.6 130 133.1 135.2 136.5 136.5 136.9 136.5 136.1 135.5 134.6 133.6 132.6 131 129.3 128 126.6 123.5 120 115.6 112.3 110.3 107.8 105.8 101.2 96.4 95.4 100.4 108.6 109.7 108.8 109.4 110.9 115.8 117.4 119.8 119.1 117.7 112.3 108.6 103.6 95.9 89.8 89.9 96.9 106 111.1 115.3 119.4 122.3 124.1 124.8 125.7 125.8 125.5 125.1 124.9 124.8 125.2 125.7 125.8 125.6 125.6 125.6 124.2 118.6 107.7 96.6 89.5 85.5
142.8 141.3 138.7 136.2 131.8 125.7 112.5 110.1 120.1 129 134.3 135.7 136.3 137.5 137.8 137.7 137.3 136.9 136.5 135.9 134.9 134 133 132 130.8 129.4 128 126.6 125.6 122.7 121.3 120.5 118.5 114.8 109.7 105.5 100.6 95.1 95.1 96.9 98 98.7 99.3 99.3 104.1 114.3 114.9 111.7 102.5 92.8 90.7 90.3 93.8 100.2 109 115.2 119.6 122 124.4 125.4 125.6 126.5 126 125.7 125.4 125 124.7 124.7 125.2 125.6 126.3 126.3 126.3 126.3 126 124.8 121.1 119 114.2 108.4
141.8 139.5 136.6 132.3 127.6 117.3 109.7 118.3 130.1 135.5 136.7 137.6 138.1 138.2 138.3 138 137.7 137.3 136.9 136.3 135.3 134.3 133.3 132.3 131.6 130.7 129.3 128.1 127.4 126.3 125.2 124.3 122.1 119.8 118 114.8 112 106.8 102.1 96.6 94.5 95.3 93.8 93.6 93.6 97.2 109.4 101.8 91.3 90.6 96.4 101.4 106.5 112.7 118.6 122.4 124.4 126.2 126.9 126.7 126.9 126.3 125.8 125.4 125.1 124.8 124.6 124.4 124.3 124.2 125.8 127.2 127.1 127 126.8 126 125.3 123.2 120.4 117.3
139.4 136.7 132.5 127.6 119.8 110.5 113.8 129.9 135.6 137.7 138.1 138.2 138.3 138.4 138.4 138.2 137.8 137.5 137.2 136.3 135.6 134.6 133.6 132.6 131.8 131.2 130.8 129.6 128.8 128.1 127 126 124.8 122.9 121.6 119.8 117.8 116 114.3 112.5 110.2 108.4 105.3 100 94.2 94.1 94.5 92.1 91 101.2 106.2 112.2 116.2 122.2 124.2 126 128 128.2 128 127.4 126.6 126.1 125.6 125.1 124.8 124.5 124.1 123.1 122.9 123.6 125.2 127 127.7 127.7 127.6 126.8 126 123.8 121.1 118.3
133.6 124.9 117.1 112.1 111 111.5 132.2 137.8 138.7 138.5 138.3 138.1 137.9 137.9 137.9 138 137.7 136.9 135.9 134.8 134.2 133.7 133.2 132.7 132 131.3 130.8 131 130.2 129.6 128.8 127.4 126.1 124.7 123.3 121.7 119.9 118.1 115.4 114.7 113 109 101.9 97.2 97.4 96.5 94.7 94.4 103.5 109.8 117.8 122.2 123.9 125.6 127.5 129.3 129.2 129 128.5 127.2 126.4 125.9 125.4 124.8 124.4 123.8 123.2 122.2 121.4 123.1 124.8 126.5 127.2 127.9 128.3 127.6 126.3 124.3 121.7 118.5
116 112.2 111.4 112.7 120.1 132 138.6 139.9 140.2 139.9 139.7 139.5 139.2 139 138.5 137.7 136.6 135.6 134.6 133.4 132.4 132 131.7 131.1 130.6 130.4 129.8 130.3 130.3 128.8 128.1 127.6 126.3 124.9 123.2 120.4 119.6 117 114.6 113.2 109.4 100.4 102 106.5 107.2 107.5 108.3 110.7 117.4 123.4 125.1 126.7 128 129.2 129.9 130.1 130 129.6 128.3 127.1 126.2 125.7 125.1 124 122.5 121.8 121.4 120.7 120.2 122.6 124.4 126 126.7 127.4 128 127.7 126.5 124.5 122.4 118.8
113.3 115 124.5 132.3 136.1 139.4 140.7 141.4 141.6 141.3 140.8 140 139.2 138.5 137.7 136.9 135.3 134.3 133.3 132.1 131 130.3 129.9 129.5 129.1 128.3 126.8 126.9 127 127.2 126.8 126.3 125.8 124.2 121.3 117.6 116.5 113.3 108.4 102.8 102.7 108 111.5 113 115.4 117.5 119.5 122.6 125.6 127.4 128.7 129.3 129.9 130.2 130.9 131 130.5 129 128.2 126.9 125.9 125.4 124.1 122.5 120.6 119.9 118.9 117.6 118.6 121.8 123.8 125.4 126.1 126.7 127.1 126.8 126.4 124.3 121 115
118.4 131.9 135.4 138.1 139.9 140.9 141.8 142.4 141.7 140.8 140 139.2 138.4 137.6 136.8 135.7 134.1 133 132 130.8 129.7 128.5 128.1 127.8 127 125.5 124 123.5 122.8 122 123.3 124.3 123.7 121 117.6 111.4 107.3 109.2 110 111.2 113.9 116.9 117.8 118.8 121.6 123.4 124.9 127.5 128.6 129.7 130.4 130.9 131.4 131.6 131.9 131.4 129.9 128.4 127.3 126.5 125.5 124.1 122.7 120.7 118.9 116.9 115.2 113.5 119.5 121.7 122.9 124.6 125.4 126 126.1 125.9 125.8 123.5 118.7 107.5
130 135.1 137.9 139.6 140.8 141.5 142.4 142.8 142 140.3 139.1 138.4 137.6 136.8 136 134.5 133 131.8 130.6 129.5 128.3 127.2 126.3 126 124.3 123.3 122.2 121.3 120.5 119.5 117.5 116.2 115.9 113.9 112 113.5 115.3 117.1 117.1 117.9 118.9 120.9 123 124 125.3 127 128.2 130 130.9 131.5 132 132.4 132.7 132.6 131.9 130.4 129.2 127.8 126.3 125.3 124 122.6 119.9 117 113.2 109.2 106.6 117.3 120.8 121.1 122.2 123.8 124.7 125.3 125.2 125.2 125.2 122.7 118.3 105.8
130.9 136.1 139.2 141.1 141.7 142.2 143 142.9 142.3 140.6 139 137.5 136.7 135.9 135.1 133.3 131.8 130.8 129.8 128.5 127.2 125.9 124.7 124.1 123.9 123.6 122.6 123.3 122.9 123 121.7 120 117.5 116.4 118.7 119.7 120.2 121 121.6 122 122.9 124 126.1 127.3 129.1 130.5 131.4 131.7 132.1 132.4 132.5 132.5 132.7 132 130.3 128.6 127 125.8 124.7 123.6 121.2 117.3 113.4 106.7 102.3 94.2 105.7 119.8 121.6 121 121.6 123 123.9 124.5 124.5 124.5 124.5 122.1 118.3 106.6
137.4 138.3 140.9 142.2 142.7 143.1 143.6 143.1 142.5 140.9 139.3 137.6 136 135.1 133.9 132.5 131.6 130.8 130.2 129.3 128 126.7 125.5 124.8 124.2 124 123.6 124.9 125.3 124.8 123.8 122.9 122.2 122.1 122.6 123.1 123.7 124.7 125.6 126 126.9 127.8 129.2 129.8 131.6 131.4 131.9 132.3 132.3 132.3 132.4 132.3 131.8 130.6 128.8 127.1 125.3 123.6 122.4 117.6 112.7 100.5 93.5 90.7 89 87.8 91.6 112.5 121.9 121.7 121.3 122.1 122.1 122.9 123 123.2 123.6 122.6 118.9 110.4
139.5 140.7 141.9 143.2 143.8 144.3 143.9 143.3 142.6 141.3 139.6 137.9 136.3 134.6 133.5 132.6 131.7 130.8 130.1 129.7 128.8 127.6 126.6 125.9 125.3 124.7 125.2 126.4 127.7 127.1 126.4 125.7 125.1 125.3 126 126.5 127.3 128.3 129.3 130.1 130.9 131.7 132.3 132.3 132.1 131.9 132 132.4 132.4 132.3 131.3 130.7 130.2 129.1 127.4 125.7 123.9 121 115.9 105.7 93.8 92.3 97.9 104.3 106.3 95.7 85.2 103 117.8 118.9 117.1 114.9 117.5 119.6 122 122.7 122.4 121.5 119 112.2
140.2 142.2 143.1 144.2 144.9 144.8 144.1 143.3 142.5 141.8 140.2 138.5 136.8 135.2 133.8 132.6 131.7 130.8 130 129.6 129.5 128.6 127.6 126.9 126.3 126.3 127 128.2 129 129.2 128.9 128.6 127.9 128.6 129.2 129.9 130.6 131.6 132.5 132.6 133.4 133.8 133 132.8 132.5 132.3 132.2 132.5 132 131 130 129.2 128.7 127.6 126 123.6 120.2 115.9 104.1 94.1 101.4 110.6 115 115 113.5 99.8 83.8 92.8 108.1 107.7 103.5 100.8 100.7 109.8 118.9 122.1 121.1 120.3 118 112.1
141.5 143.6 144.7 145.4 145.6 144.8 144 143.2 142.5 141.7 140.9 139.2 137.5 135.8 134.3 133.1 131.9 131 130.8 131.1 130.6 129.6 128.7 128 127.9 128 128.6 129.5 130.3 131 130.8 130.6 130.5 131.3 132.3 133.1 133.8 134.5 134.3 134.2 134.9 134.8 133.5 133.2 133 132.8 132.6 131.7 130.7 129.6 128.6 127.8 127.1 125.6 122.4 119.4 114.5 99.9 94.6 106.9 119 120.5 119 117.2 114.8 106.2 87.3 83.9 90.7 90.4 87.4 86.1 86.1 91.9 106.7 119.3 121.3 119.7 116.5 111.4
