STL Generation/terr50_gagg_gb/data/SU07.asc
ncols 200
nrows 200
xllcorner 400000
yllcorner 170000
cellsize 50
[rows 108 to 143 of 200, columns 0 to 80 of 200]
68.9 69.2 70.2 70.9 71.6 72.7 74.6 76.6 78.6 80.1 83.1 86.6 88.5 88.9 88.4 87.1 85.5 83.1 81.2 81.3 83.9 86.4 87.3 88.3 88.8 89.4 89.9 90.5 91.1 91.6 91.8 92.2 92.7 93.4 93.7 92.8 91.9 90.6 91.1 91.6 92 92.3 92.5 92.7 92.9 93.1 93.3 94 93.9 93.8 93.1 92.2 91.4 90.5 89.8 88.8 87.9 86.8 87.4 87.9 88.3 88.4 88.8 89 89.3 89.7 90.2 90.8 90.7 90.7 91.2 91.7 92.2 92.7 93.2 93.7 94.4 95 95.7 96.4 97.2
68.8 69.9 71.1 73.2 75.1 77.9 80.2 80.4 82.6 86.8 88.8 90.4 91.8 91.9 91.5 90.8 88.9 86.4 85 84.1 85.3 86.8 87.6 88.1 88.6 89.2 89.7 90.3 90.8 90.6 90.7 91.1 91.6 92.2 92.7 91.6 90.4 90.6 91.2 91.8 92.2 92.4 92.7 92.9 93.1 93.4 93.6 93.8 93.8 93.7 92.8 92 91.2 90.4 89.7 88.9 87.5 87.5 88 88.4 88.9 89 89.1 89.5 90 90.2 90.2 90.5 90.7 91.2 91.8 92.3 92.8 93.3 93.8 94.3 95 95.7 96.5 97.2 97.9
69.4 70.7 71.9 74.6 79.8 83 86.1 87.7 89.9 91.2 92.2 93.3 94.6 94.8 94.2 93.9 92.2 89.8 87.9 86.9 87.6 87.4 87.3 88 88.5 89 89.6 90.1 89.7 89.5 89.6 89.8 90.4 91 90.5 90.1 90.2 90.7 91.2 91.5 91.9 92.2 92.5 92.7 92.9 93.2 93.8 94.6 94.2 93.5 92.7 91.9 91.1 90.3 89.6 89.1 88.6 88.8 89 89.1 89.4 89.8 89.5 90.7 91.1 91.3 91.6 91.9 91.7 91.9 92.4 92.9 93.4 93.9 94.4 94.9 95.6 96.4 97.2 98 98.7
70 71.3 73.6 78.1 84.2 87.4 90.2 92.3 93.4 94.5 95 96.2 96.5 96.5 95 93.3 92.3 91.4 90.3 89 88.6 87.9 87.2 87.1 87.8 88.5 89.2 89.4 88.5 88.4 88.6 88.7 89.1 89.6 89.8 90 90.2 90.6 90.9 91.2 91.6 91.9 92.3 92.5 93.1 93.9 94.7 95.6 95.3 94.6 93.6 92.4 91.2 90.3 89.5 89.1 89.2 89.5 89.8 90 90.2 90.8 90.8 92 92.5 92.8 93.1 93.1 92.8 92.5 93 93.5 94 94.5 95 95.5 96.3 97.1 97.9 98.7 99.5
70.9 72.8 76.6 80.9 86.5 90.8 93.4 95.2 96.4 96 96.2 97.1 97.2 95.6 94.2 92.5 91.7 90.9 90.1 89.5 89.1 88.4 87.7 87 86.9 87.6 88.3 87.9 87.3 87.4 87.6 87.7 88 88.3 88.7 89.1 89.2 90.3 90.6 91 91.3 91.7 92 93.2 94 94.9 95.7 96.5 96.3 95.6 94.8 93.6 92.4 91.3 90 89.7 89.7 90 90.4 90.7 91.3 92.1 92.7 93.3 94 94.2 94.5 94.3 94 93.6 93.7 94.2 94.7 95.1 95.4 96.1 96.9 97.7 98.5 99.3 100.1
74.3 77.4 80.6 85 90.1 93 95.5 97.6 98 96.8 97.1 97.6 96.2 94.1 92.9 91.6 90.7 89.7 88.7 88 87.9 87.8 87.7 87.5 86.8 86.6 87 86.7 86.7 86.9 87.1 87.1 87.2 87.6 88 88.4 88.5 90 90.3 90.7 91 91.4 92.9 94 94.9 95.8 96.6 97.5 97.3 96.6 95.8 94.8 93.6 92.4 90.9 90.3 90.3 90.6 91.1 91.9 92.7 93.4 94.2 94.6 95.4 95.7 95.7 95.4 95.1 94.8 94.5 94.8 95.1 95.4 96 96.8 97.6 98.4 99.2 100 100.8
79.5 82.4 85.3 89 92.1 94.8 97.3 98.6 99.1 98.1 97.9 97 94.9 92.8 91.5 89.9 89.3 88.4 87.4 86.5 86.4 86.3 86.3 86.2 86.1 86 86.1 86 86.1 86.3 86.5 86.7 86.9 87.2 87.5 87.8 87.9 88.5 90.1 90.4 90.8 92.1 93.7 94.8 95.7 96.7 97.6 98.4 98.3 97.5 96.8 96 94.7 93.2 91.8 91 90.9 91.5 92.6 93.4 94.1 94.8 95.5 96.3 96.9 97.2 96.9 96.6 96.2 95.9 95.9 95.9 96 96 96.6 97.4 98.2 99.1 100.1 101.1 102
86.4 87.9 89.8 92.9 94.1 96.6 98.6 99.1 99.5 99.2 97.2 95.2 93.3 91.4 89.6 87.8 87.2 86.6 86 85.1 85 84.9 84.9 84.9 84.9 85.2 85.4 85.4 85.6 85.7 85.9 86 86.3 86.5 86.8 87.1 86.7 86.9 89.3 90.1 91.4 93 94.5 95.6 96.6 97.5 98.4 99.3 99.3 98.5 97.7 97 96.5 95.4 94.1 92.2 91.7 92.9 94.1 94.8 95.5 96.2 96.9 97.6 98.3 98.3 98 97.9 97.9 97.9 97.9 97.9 97.9 97.6 97.7 98.5 99.3 100.4 101.6 102.7 103.7
91.2 92.4 94.1 95.9 97.2 98.4 98.8 98.4 97.5 96.1 94.1 91.6 89.8 87.9 86.7 85.8 85.1 84.5 84 83.8 83.8 83.8 83.8 83.8 84.1 84.4 84.8 84.8 85 85.1 85.3 85.4 85.7 85.9 86.2 86.3 85.9 86.9 88.5 90.4 92.2 93.7 95.1 96.3 97.2 98.1 99 99.9 100.5 99.8 99 98.2 97.4 97.2 96.8 94.5 93.3 95 95.8 95.9 96.7 97.4 98.2 98.9 99.7 99.8 99.8 99.8 99.8 99.8 99.8 99.8 99.6 99.2 98.8 99.5 100.3 101.4 102.5 103.7 104.9
94.7 95.9 97.1 97.1 97.5 96.9 96.3 94.6 93.2 91.5 90.4 89.1 87 84.9 84 83.9 83.2 82.7 82.8 82.8 82.7 82.7 82.7 83 83.4 83.7 84 84.2 84.3 84.5 84.6 84.8 85.1 85.2 85.5 85.4 86.2 87.2 88.6 90.3 92.1 94.2 95.7 96.8 97.9 98.8 99.7 100.6 101.4 101.6 101.6 101 100.2 100.5 100.2 98.4 96.3 97.8 97.7 97.6 97.7 98.5 99.2 100 100.9 101 100.9 100.9 100.9 100.9 100.9 101.5 101.1 100.7 100.4 100.6 101.4 102.4 103.5 104.7 105.8
96.7 96.6 97 96.3 95.3 94.6 93.2 91.7 90.3 89.2 88.1 87 85 83.7 83.1 82.5 81.9 81.8 82 81.9 81.8 81.7 82 82.3 82.7 83 83.4 83.6 83.7 83.8 84 84.2 84.5 84.7 84.9 85.6 86.5 87.6 89.4 91.1 92.8 94.5 96.2 98.6 100.3 101 101.9 102.8 103.7 103.9 103.6 103.4 103 102.8 101.9 101 100 99.6 99.6 99.5 99.4 99.5 100.4 101.3 102.2 102.2 102.2 102.1 102.1 102 102.3 102.5 102.6 102.3 101.9 101.6 102.4 103.4 104.5 105.7 106.8
96.1 95.9 95.3 94.5 93.5 92.1 90.7 89.3 88 86.9 85.8 84.7 83.4 82.8 82.2 81.6 81.2 81 81 80.9 80.9 81.2 81.4 81.8 82.1 82.4 82.8 82.9 83.1 83.2 83.3 83.6 84.2 84.9 85.5 86.1 87 88.5 90.3 92 93.7 96.1 98.4 100.6 102.4 103.6 104.4 105 106.2 106.3 106 105.7 105 104.4 103.6 102.7 101.7 100.7 100.6 100.6 100.5 100.4 101 102 102.9 103.1 103 102.9 102.9 102.8 102.8 103 103.2 103.3 103.4 103.1 103.5 104.5 105.5 106.7 107.9
94.7 94.3 93.6 92.3 91 89.7 88.3 87 85.9 85 84.1 83.2 82.4 81.8 81.2 80.6 80.4 80.3 80.1 80.2 80.5 80.8 81 81.2 81.5 81.9 82.1 82.3 82.4 82.6 83 83.6 84.4 85.3 86.1 86.8 88.1 89.5 91.3 93.6 96 98.4 100.7 102.7 104.5 105.7 106.9 107.7 108.7 108.2 107.4 106.5 105.7 105 104.6 104.1 103.3 102.1 101.7 101.6 101.6 101.5 101.5 102.3 103.3 103.6 103.7 103.6 103.5 103.5 103.4 103.6 103.7 103.8 103.9 104 105 106.2 107.5 108.4 111.2
93.5 92.5 91.5 90.1 89.4 88.2 86.8 85.5 84.8 83.9 83 82.1 81.5 80.9 80.3 79.7 79.6 79.5 79.3 79.7 80 80.4 80.6 80.8 80.9 81.3 81.5 81.6 82.1 82.6 83.1 83.8 84.5 85.5 86.7 87.5 88.9 91.1 93.8 95.9 98.3 100.7 103 105 106.7 107.8 108.7 109.2 109.3 108.7 108.1 107.2 106.3 105.5 105.1 104.7 104.3 103.7 102.8 102.7 102.7 102.6 102.6 102.6 103.4 103.9 104.2 104.3 104.2 104.2 104.1 104.1 104.2 104.5 104.9 105.5 107.2 108.4 109.6 111.3 114.2
91.9 90.8 89.4 88.3 87.4 86.7 85.3 84.4 83.7 82.9 82 81.2 80.6 79.9 79.3 78.6 78.9 78.3 78.7 79.1 79.5 79.9 80.2 80.3 80.5 80.7 81.3 81.9 82.3 82.8 83.3 84 84.8 86 87.2 88.4 90.2 93 96.9 99.1 101.2 103.4 105.6 107.5 108.7 109.1 109.5 110 109.6 109 108.4 107.8 107 106.1 105.7 105.3 104.9 104.5 104.1 103.8 103.8 103.7 103.5 103.6 104.2 104.3 104.4 104.4 104.5 104.5 104.5 104.6 105.4 105.8 106.2 107.7 109.4 110.6 112.6 115.6 118.5
90.9 89.7 88.3 86.8 85.8 84.9 83.9 83.2 82.6 81.8 81 80.3 79.7 79 78.3 77.5 77.6 78.1 78.5 79 79.5 79.9 80.2 80.6 80.8 81.1 81.5 82.1 82.5 83 83.7 84.8 85.6 86.7 87.9 89.4 92 95 98.9 102.2 104.4 106.4 107.6 108.7 109.3 109.7 110 109.6 109.2 108.8 108.4 107.9 107.4 106.8 106.3 105.8 105.3 104.8 104.3 103.9 103.9 104 104 104 104 104.2 104.4 104.6 104.7 104.8 104.8 105 106.5 107.1 108.1 110.2 111.7 113.6 116.8 119.8 122.7
89.9 88.7 87.2 85.7 84.6 83.8 83 82.2 81.5 80.7 80 79.5 78.9 78.3 77.7 78.6 77.9 78.4 78.8 79.3 79.7 80 80.3 80.8 81.2 81.5 81.7 82.3 82.8 83.4 84.4 85.6 86.4 87.4 88.8 91.2 93.8 98.5 102.1 105.3 107 107.8 108.5 109.2 109.9 109.9 109.5 109 108.6 108.2 107.8 107.3 106.9 106.3 105.8 105.3 104.8 104.3 103.9 103.6 103.6 103.7 103.7 103.7 103.7 103.7 104 103.9 104.4 104.8 105.2 105.5 107 108.5 110.2 112.7 114.7 117.8 121 124.3 127.1
89.2 87.7 86.2 84.9 83.8 83 82.2 81.5 80.8 80 79.3 79 78.8 77.9 78.3 78.7 78.2 78.7 79.1 79.5 79.8 80.1 80.4 80.9 81.3 81.7 82.1 82.5 83.1 83.9 85 86.2 87.2 88.3 90.6 93 96.5 101.5 105.7 108.3 108.5 109 109 109.7 109.6 109.2 108.9 108.5 108.1 107.6 107.2 106.8 106.3 105.5 105 104.5 104 103.8 103.6 103.2 103 103 103.1 103.2 103.4 103.4 103.5 103.3 103.5 104 104.6 105.3 106.5 108.4 111 114.8 118.9 122.2 127.3 130.5 132.9
88.5 87 85.6 84.5 83.4 82.5 81.7 80.8 80.2 79.8 79.3 78.8 78.4 77.4 77.9 78.7 78.5 79 79.4 79.7 79.9 80.2 80.6 81 81.4 81.8 82.3 82.9 83.5 84.5 85.7 86.9 88 90 92.2 94.8 98.7 103.6 107.4 109.1 109.6 109 109.6 109.2 108.8 108.5 108.1 107.8 107.4 107.1 106.7 106.2 105.3 104.6 104.2 103.9 103.7 103.5 103.3 102.8 102.5 102.4 102.4 102.5 102.6 102.8 102.8 102.6 102.7 103.4 104.2 104.9 106.4 108.5 111.6 115.4 122 126.6 132.2 135.5 139.7
88 86.7 85.4 84.3 83.2 82.3 81.4 80.8 80.4 79.9 79.3 78.7 78 76.9 77.7 78.4 78.8 79.2 79.5 79.8 80 80.3 80.7 81.1 81.5 82.1 82.8 83.5 84.1 85.1 86.3 87.6 89.5 91.7 93.8 96.8 100.4 103.9 107.9 108.2 109.1 109.3 108.9 108.5 108.1 107.7 107.4 107 106.7 106.3 106 105.2 104.3 104 103.8 103.6 103.4 103.2 102.9 102.4 102 101.9 101.8 101.8 101.9 102.1 102.1 101.9 102.3 103 103.7 104.5 106.3 109.3 112.5 117.2 123.7 129.4 133.9 141.2 146.7
87.3 86.1 85.2 84.2 83.3 82.3 81.7 81 80.4 79.9 79.4 78.8 77.7 76.6 77 77.8 78.6 79 79.5 79.9 80.1 80.4 80.8 81.3 82 82.7 83.4 84.1 84.7 85.7 86.8 88.1 90.5 92.9 95.3 98.2 101.3 104.6 107 107.3 107.6 108.1 108.1 107.7 107.3 106.9 106.6 106.3 106 105.8 105.5 104.4 104 103.7 103.5 103.3 103.1 102.8 102.5 102 101.6 101.4 101.3 101.2 101.2 101.3 101.3 101.4 102 102.6 103.3 104.2 106.2 109.4 113.8 119.4 125.4 130.5 136.5 146.2 151.1
86.9 86.1 85.2 84.4 83.5 82.5 81.8 81 80.3 79.8 79.4 78.7 76.7 76.3 76.6 77 77.4 77.9 78.4 78.9 79.3 80 81.3 82 82.7 83.3 84 84.7 85.3 86.3 87.4 88.9 91.3 94 97.4 101.3 103.2 105.3 106.2 106.9 107.5 106.9 106.7 106.5 106.4 106.3 106 105.8 105.6 105.4 104.7 104 103.7 103.4 103.2 103 102.7 102.5 102.2 101.6 101.1 101 100.8 100.7 100.6 100.6 100.6 101.1 101.6 102.2 102.9 103.9 106 109.4 114.1 119 125.3 131.8 141.2 149.8 154.8
87.1 86.2 85.3 84.4 83.7 82.8 82 81.1 80.3 79.6 78.6 77.7 75.7 76 76.3 76.8 77.5 78.3 78.6 78.9 79.3 80.3 81.8 82.7 83.5 84.1 84.8 85.4 86 87 88.5 89.8 92.7 95.7 99.8 103.8 106.1 106.7 106.8 107.4 107 106.4 105.6 105.5 105.6 105.8 105.6 105.4 105.2 105 103.9 103.7 103.5 103.2 102.9 102.6 102.4 102.2 101.8 101.2 100.7 100.5 100.4 100.3 100.1 100 100.2 100.7 101.3 101.9 102.5 103.6 105.8 109.5 114.3 119.2 124.9 131.7 141.7 152.6 157.2
87.3 86.1 85.4 84.5 83.8 83 82.2 81.3 80.2 77.3 76.2 76.2 75.4 75.8 76.3 76.8 77.4 78.6 79.4 79.7 80.1 80.7 82.1 83.2 84.1 84.9 85.6 86.2 86.7 87.5 88.9 91 94.2 98 102 105.2 107.8 107.7 107.4 106.9 106.5 105.9 105.1 104.4 104.9 105.4 105.2 105 104.8 104.2 103.7 103.5 103.2 103 102.6 102.3 102.1 101.9 101.4 100.8 100.3 100 99.9 99.8 99.6 99.2 99.9 100.4 101 101.6 102.6 103.8 105.2 108.9 113.7 118.7 124.7 132.5 140.3 154.5 159.8
86.8 85.6 84.6 84.4 83.8 82.1 79.7 77.9 76 74.8 75.3 75.8 75.6 75.8 76.3 76.8 77.3 78.5 79.7 80.5 80.9 81.4 82.4 83.6 84.6 85.5 86.4 86.9 87.4 88.2 89.3 92.4 95.5 99.6 103.8 106.1 107.9 107.9 107.8 106.9 106.1 105.4 104.7 104.2 104.2 104.7 104.8 104.6 104.4 103.6 103.4 103.2 103 102.8 102.5 102.1 101.8 101.5 101 100.4 99.9 99.5 99.4 99 98.5 98.2 99.4 100.1 100.7 101.7 102.6 104 105.4 108.3 112.8 117.7 122.7 130.9 137.4 148.8 162.4
86 84.5 83.6 81.6 79.4 77.2 76.4 75.3 74.4 74.9 75.4 76 76.8 77.4 77.4 77.6 77.8 78.7 79.6 80.5 81.3 82.1 82.8 84.6 85.9 87.1 88.1 88.3 88.4 89.1 90.3 93.6 97.2 101.5 105.1 107.3 108.2 108.2 108.1 107.1 105.8 105 104.4 103.8 103.9 104 104.4 104.2 103.7 103.4 103.2 103 102.7 102.5 102.3 101.9 101.5 101 100.4 99.8 99.3 98.8 98.3 97.8 97.6 97.3 98.7 99.9 100.8 101.7 102.7 104 105.5 110.3 113.3 116.3 121.1 127.6 132.8 144.2 159.1
82.8 80.5 78.2 76.6 76.3 75.4 74.9 74.2 74.4 75 75.6 76.2 76.9 77.7 78.4 79 79.5 80 80.4 80.8 81.3 82.6 84.2 86.3 87.7 88.9 90.3 91 91.7 91.5 91.7 95.4 99.1 103.6 106.3 108.3 109.1 108.8 108.1 107 105.9 104.7 103.6 103.1 103.1 103.7 103.8 103.8 103.3 103.1 102.9 102.7 102.5 102.3 102.1 101.7 101.3 101 100.3 99.7 99.1 98.1 97 96.9 96.6 96.5 98 99.6 100.7 101.8 102.7 103.9 107.5 111.5 114.5 117.6 121 125.7 130.3 136.6 154.7
77.2 75.1 74.4 74.1 74.5 73.8 73.6 74 74.6 75.2 75.8 76.4 77.1 77.9 78.6 79.4 80.5 80.8 81.2 81.6 82 83.8 85.9 88 90.6 93.2 94.5 94.5 94.8 94.6 95.9 98.8 101.8 105.2 107.2 109.2 110 109 108.1 107 105.9 104.7 103.5 102.3 101.7 102.4 103.2 103.3 103.1 102.9 102.7 102.5 102.2 102 101.8 101.6 101.2 101 100.3 99.7 99.4 98.4 97.4 95.2 95.5 98.7 98.2 98.8 100.2 101.4 102.5 103.9 106.7 110.5 113.8 116.9 120 124.7 130.2 133.5 149.5
72.8 72.6 72.5 72.6 72.9 73.4 73.8 74.3 74.8 75.3 75.9 76.5 77.3 78 78.8 79.9 81.5 81.8 82.1 82.1 83.3 85.4 88.2 91.4 95.6 98.7 99 98 98 99.2 100.5 102.1 105.1 107.1 109.1 111.4 109.8 108.9 108 107.1 106 104.8 103.6 102.4 101.2 101 102.2 103.2 103 102.8 102.6 102.4 102.2 102 101.8 101.5 101.2 100.8 100.4 100.1 99.7 98.8 97.3 95.5 96.3 98.8 99.1 99.4 99.7 100.8 101.9 103.2 105.6 109 112.9 116 119.2 123.5 128.9 134.7 146.4
71.6 72.1 72.9 73.3 73.2 73.7 74.1 74.6 75 75.6 76.1 76.7 77.5 78.2 79.2 80.6 82.4 82.9 83.4 83.7 84.4 86.4 89.8 95.8 101.3 104.7 103.5 101.8 101.7 103.1 104.6 105.9 106.6 108.3 110 110.3 109.4 108.8 107.9 107 106 104.9 103.7 102.5 101.2 100.1 101.9 102.9 103 102.8 102.5 102.2 101.9 101.6 101.4 101.1 100.8 100.4 99.9 99.6 99.2 98 96.5 95 96.4 98.6 98.9 99.2 99.5 100.2 101.2 102.5 105.3 108.5 111.7 115.1 118.6 122.5 128.6 135.2 141.5
74.1 74.4 74.8 74.2 73.9 74.3 74.7 74.9 75.3 75.8 76.3 76.9 77.6 78.5 79.8 81.3 83.1 83.9 84.9 85.5 86.2 87.8 90.6 96.2 102.7 108.5 107.5 105.6 105.6 107 107.8 108.6 108.2 108.6 110.3 109.5 108.8 108.2 107.7 107 106 104.9 103.7 102.5 100.8 99.6 101 102.5 102.5 102.3 102 101.6 101.3 101 100.9 100.6 100.1 99.4 98.7 98.6 98.6 97.1 95.5 94 96.5 98.4 98.7 98.8 98.8 99.2 100.5 101.9 105 108 110.6 114 117.4 120.9 126.4 132.7 139.1
74.8 75.1 75 74.8 74.5 75.1 75.3 75.5 75.7 76 76.3 77 77.8 78.8 80.3 82 83.9 85.1 86.5 87.3 88.6 91.3 93.9 95.6 102.4 108.3 109.1 108.9 108.5 109.8 110.5 111.3 111.6 109.5 110.7 108.7 108.2 107.6 107.1 106.5 106 105 103.8 102.1 100.6 97.9 100.9 101.8 101.7 101.6 101.4 101.1 100.8 100.5 100.3 99.9 99.2 98.5 97.8 97.2 96.9 96.2 94.5 94.4 97 97.9 98 98.1 98.3 98.1 99.7 100.1 102.7 105.3 107.9 112.3 116.1 119.7 125.2 131.2 138.3
74.7 75 75.3 75.1 75.3 75.4 75.7 76.1 76.5 76.8 76.9 77.3 77.7 78.2 79.6 81.9 84 85.9 87.4 89.5 92.6 97 99.8 101.1 103.9 107.5 109.8 110.6 109.6 110.4 111.9 113.1 112.8 111.8 108.7 108.1 107.6 107 106.5 105.9 105.4 104.8 103.7 102.4 101 97.3 100.7 101.1 100.9 100.8 100.6 100.5 100.2 99.9 99.8 99.3 98.7 98.1 97.5 96.5 95.5 95 94.2 95.6 97.1 97.4 97.5 97.6 97.9 98.4 99.4 100.4 101.9 104 106.4 110.8 114.8 118.7 124.2 129.6 135.3
74.7 75.2 75.6 75.7 75.8 75.8 76.1 76.6 77.2 77.5 77.8 78.2 78.8 79.5 79.9 81.7 84.6 86.9 89.6 93.7 98.5 102.7 105.5 107.7 109.7 110.5 111 112 110.9 111 112.2 112.8 112.6 111.6 107.8 107.7 106.8 106.2 105.6 105 104.4 104 102.9 101.7 100 95.6 99.7 100.5 100.4 100.2 100.1 100 99.7 98.5 98.8 98.7 98.3 97.8 97.2 96.1 95.1 93.8 94.6 96.1 96.5 96.9 97 97.2 97.6 98.3 99.1 100.2 101.3 103.1 105.3 108.4 112.2 117 122.4 127.1 134.4
75.1 75.5 75.9 76.3 76.3 76.2 76.6 77.2 77.8 78.5 79.1 79.4 80.3 80.9 82 83.4 86.3 90.2 94.9 98.8 103 108 110.8 111.7 112.1 112.6 112.7 112.4 111.5 111.2 111.7 112.2 112.2 111.2 107.8 107.1 106.2 105.2 104.5 103.9 103.5 102.7 101.7 100.6 98 94 98.8 100.2 100 99.9 99.7 99.6 99.3 98.1 97.6 98.1 97.7 97.2 96.3 94.9 93.3 92.1 95.2 95.9 96.1 96.3 96.4 96.9 97.6 98.2 98.9 100 101 102.4 104.8 107.6 110 115.4 120.4 125.7 132.5
75.9 76 76.3 76.7 76.8 76.8 77.4 78 78.7 79.4 80.1 80.9 81.6 82.4 83.5 85.4 89.9 94.5 99.5 103.9 108.4 111.7 112 112.3 112.8 112.6 112 111.2 106.8 106.8 110.6 110.9 111.1 110.2 107.4 106.5 105.5 104.6 103.6 103.1 102.3 101.3 100.3 99.6 96.2 92.5 98.3 99.3 99.6 99.5 99.3 99.2 98.9 97.7 96.3 96.9 97.3 96.3 95.1 93.6 92.4 95 95.3 95.5 95.6 95.8 96.2 96.9 97.5 98.2 98.9 99.7 100.7 101.8 103.9 106.3 108.7 112 117.3 123.7 128.4
