STL Generation/terr50_gagg_gb/data/SU16.asc
ncols 200
nrows 200
xllcorner 410000
yllcorner 160000
cellsize 50
[rows 140 to 174 of 200, columns 0 to 77 of 200]
148.5 149.9 151.4 152.9 154.3 155.6 156.8 158 159.2 158.6 158.1 157.5 155.9 154.2 155.6 161.4 166.1 170.7 175 180.1 189.5 198.8 201.1 195.5 187.7 184.9 183.4 182.2 181.1 178.6 174.8 171 167.4 163.9 160.6 158.3 156.3 154.7 153.1 151.4 150.1 149.7 149.4 148.7 148.1 147.4 147.4 147.2 147 147.1 147.7 148.6 149.1 149.1 149.1 149.2 149 148.6 148.2 147.8 147.4 147 146.6 146.2 146.1 145.9 146 146 145.8 145.6 145.8 146 146.3 146.5 146.8 146.7 146.6 146.4
148 150 151.2 152.6 154 155.1 156.3 157.4 156.5 155.6 154.9 154.4 153.7 153.9 158.9 164.1 168.8 173.8 176.6 181.3 184.7 188 185.9 182.1 181 179.8 179 179.2 178.3 176.6 174.5 170.7 167.8 165.3 162.6 160.3 158 155.3 153.3 151.5 149.9 149 148.3 147.5 147 146.3 145.8 145.6 145.8 146.1 146.5 147.1 147.8 147.8 147.9 148 147.9 147.5 147.1 146.7 146.3 145.9 145.5 145 144.7 144.5 144.5 144.4 144.2 144 144.1 144.3 144.6 144.8 145.1 145.1 144.9 144.7
148.3 150.1 151.3 152.5 153.4 154.5 155.7 155 154 153.2 152.1 151.2 151.7 156.4 161 164.9 168.7 171.3 173.7 173.3 175.4 176.3 177.4 175.2 175.2 175.1 175.2 175.4 175.3 173.9 172.1 170.7 169 167 164.7 162.4 159.6 156.3 153.5 151.7 150.5 150.2 149.5 149 148.1 147.3 146.5 145.5 144.7 145 145.4 145.7 146.4 146.5 146.8 146.9 146.8 146.4 146 145.6 145.2 144.8 144.4 143.9 143.5 143.1 142.9 142.8 142.6 142.4 142.4 142.7 142.9 143.2 143.4 143.5 143.3 143.1
149.1 150.4 151.6 152.9 152.9 153.9 153.6 152.6 151.6 150.7 149.7 149.6 152.7 156.9 160.6 163.8 165.2 166.5 166.5 170.2 171.4 171.2 171.1 170.3 170.7 171.2 171.7 171.7 171.8 171.1 170.1 170.1 170.3 168.6 166.5 163.9 161.2 158.2 156.2 154.5 153.3 152.2 151.5 150.2 149.3 148.4 146.6 145.4 144.3 144 144.4 144.9 145.3 145.6 145.7 145.8 145.6 145.3 144.9 144.5 144.1 143.7 143.2 142.8 142.4 142 141.6 141.4 141.3 141.1 140.9 141 141.2 141.5 141.7 141.8 141.6 141.4
150.1 151.5 152.6 153.3 153 152.3 151.2 150.2 149.2 148.3 147.3 150 153.3 156.2 159 160.9 162.1 161.6 163.6 166 166.2 166 163.2 166.3 166.7 167.3 167.9 168.4 168.4 169.1 170.9 171.4 171.6 170 168.2 165.6 163.7 161.9 159.9 158 156.2 154.7 153.3 151.9 150.3 148.1 146 144.9 143.8 143.3 143.8 144.2 144.4 144.6 144.7 144.7 144.5 144.2 143.8 143.4 143 142.5 142.2 141.8 141.4 141 140.7 140.5 140.3 140.3 140.2 139.8 139.6 139.8 140.1 140.2 140 139.9
151.1 152.3 152.9 152.9 152.1 150.9 149.8 148.7 147.6 146.5 146.1 149.1 151.9 154.4 156.6 157.5 157.7 158.9 160.1 161 161 161 159 161.8 162.7 163.3 163.9 164.8 165.7 166.7 168.7 170.9 172.9 171.5 169.9 168.4 166.9 165.2 163.1 160.8 158.7 156.9 154.4 152.1 149.8 147.5 145.4 144.3 143.4 142.6 143.1 143.3 143.5 143.7 143.8 143.7 143.4 143.1 142.7 142.3 142 141.6 141.2 140.8 140.5 140.1 139.7 139.6 139.5 139.6 139.4 138.8 138.6 138.3 138.4 138.5 138.4 138.4
151.6 152.2 152.6 151.7 150.1 148.9 147.8 146.8 145.7 144.7 146.2 147.7 150.2 151.8 152.6 153.3 153.7 154.5 155.6 156.3 154.9 153.9 157 158 158.9 159.8 160.7 162.1 163.2 165.5 168.6 171.2 173.4 172.8 172.2 170.7 169.1 166.8 164.4 162.1 159.9 156.5 153.8 151.5 149.2 147 144.8 143.8 142.9 142.1 142.2 142.4 142.6 142.8 142.9 142.7 142.4 142.2 141.8 141.4 141 140.6 140.3 139.9 139.5 139.1 138.8 138.6 138.8 138.9 138.6 138.1 137.6 137.4 137.1 136.9 136.9 136.9
151 151.4 150.6 149.5 147.9 146.9 145.8 144.7 143.7 143.6 145 146.6 147.1 148.5 149.2 149.8 149.9 150.3 150.8 151.9 151.8 151.6 153.3 154.5 155.5 156.5 158 159.6 160.8 164.1 167.3 170.4 173.4 173.6 173.3 171.8 169.2 166.7 164.4 162.2 159.4 155.9 153.3 150.8 148.2 146.4 144.4 142.9 141.9 141.8 141.4 141.5 141.7 141.9 142 141.7 141.5 141.4 141 140.6 140.2 139.8 139.4 139 138.6 138.2 137.8 137.9 138 138.2 137.8 137.3 136.7 136.5 136.2 135.9 135.8 135.7
150.7 150.3 149 147.3 145.9 144.9 143.8 142.8 141.8 142.5 143.7 144.3 144.6 145.1 145.6 146 146.1 146.5 146.9 147.3 147.8 148.2 149.6 151.1 152.1 153.2 154.5 156.3 159.3 162.7 165.9 168.9 171.3 173.2 173.1 171.3 169.1 166.6 164.2 161.2 158.2 155.4 152.6 149.6 147.3 145.6 143.7 142.6 141.6 141.4 141.2 140.7 140.8 141.1 141 140.8 140.7 140.6 140.2 139.8 139.4 139 138.6 138.2 137.7 137.4 137.3 137.2 137.3 137.5 137.1 136.5 136 135.5 135.3 135.1 134.9 134.8
149.4 148 146.6 145.3 144.1 143 142 141 140.1 141.3 141.7 141.6 142 142.1 142 142.1 142.3 142.7 143.1 143.6 144 145.4 146.9 148.1 149.4 150.5 151.9 154.1 157.4 160.9 164.3 166.7 169.1 171.3 171.4 170 167.9 165.5 162.6 159.6 157 154.4 151.5 148.8 146.5 144.8 143.4 142.3 141.4 141.2 141 140.5 140 140.2 140 139.9 139.9 139.7 139.3 138.9 138.5 138.1 137.7 137.4 137.2 137 137 136.9 136.4 136.7 136.3 135.3 135.5 134.8 134.4 134.2 133.9 133.9
147.2 146.1 145.1 143.9 142.7 141.6 140.4 139.2 138.7 139.2 139.4 139 139.3 139.2 139.3 138.2 138.7 139.3 139.9 140.4 141 142.5 144 145.1 146.4 147.8 149.4 152 155.2 158.6 162 165.4 167.4 169.4 169.1 168.3 166.3 164.2 161.3 158.5 155.7 153.1 150.3 148.1 146 144.7 143.6 143.1 142.6 142 141.5 140.5 139.9 139.3 139.2 139.1 139 138.9 138.5 138.1 137.7 137.4 137.2 137 136.8 136.7 136.6 136.6 136.5 136.3 135.9 135.7 135.2 134.4 133.7 133.4 133.2 133.2
145.9 144.9 143.8 142.7 141.5 140.2 139.2 138.3 137.6 137.5 137.1 136.6 136.6 136.9 136.3 135.4 135.6 136.2 136.8 137.5 138.2 140.2 141.2 142.2 143.4 144.9 147.4 150.6 153.9 157.1 160.3 163.5 166.4 167.9 167.6 166.6 165.3 163.2 161.4 158 154.7 151.8 149.4 148 146.9 146.1 145.3 144.7 144.3 144 142.6 140.9 140.2 139.4 138.7 138.4 138.2 138.1 137.7 137.4 137.2 137 136.8 136.6 136.4 136.3 136.3 136.2 136.1 135.7 135.4 135.3 134.8 134 133.4 133.1 133 132.8
144.6 143.6 142.5 141.5 140.6 139.8 138.6 137.6 136.7 135.6 135.4 135.2 134.8 134.4 134 133.7 133.3 133.5 133.8 135.2 136.3 138.3 138.7 140 141.4 143.1 145.4 149.2 152.7 155.8 159 162.2 164.9 166.4 166.5 166.2 164.6 163.7 162.8 159.5 156.2 153.4 151.2 149.8 148.7 147.9 147.2 146.8 146.3 145.2 143.6 142 140.5 139.5 138.6 138.2 137.8 137.4 137.2 137 136.8 136.6 136.4 136.2 136 136 135.9 135.8 135.6 135.2 135 134.8 134.6 133.7 133 132.8 132.7 132.6
143.5 143 142.7 141.7 140.6 139.5 138.4 137 135.9 134.9 134.4 134.1 133.9 133.4 132.8 132.5 132 131.8 132.8 134.1 134.8 135.4 136.7 138.1 139.6 141.5 144.1 147.8 151.4 154.6 157.7 160.8 163.5 165.6 166.4 166.5 165.4 164.2 164.3 160.9 158.8 156.2 153.9 152.4 151 149.9 149.1 148.6 147.5 146.3 144.7 143 141.4 139.7 138.4 138 137.6 137.2 136.9 136.6 136.4 136.2 136 135.8 135.7 135.6 135.4 135.3 135 134.8 134.6 134.4 134.2 133.5 132.6 132.4 132.2 132.1
142.6 142.7 142.7 142 140.7 139.2 137.8 136.4 135.5 134.4 133.7 133.4 133.2 132.6 132 131.3 130.7 130.5 131.9 133 133.7 134.3 135.5 137.1 139 141.3 143.4 146.6 150.1 153.3 156.7 160.2 164.2 166.4 167.9 168.9 168.3 168.5 166.1 164.2 161.6 159 156.6 154.9 153.7 152.3 151 149.5 148 146.4 144.7 143 141.2 139.5 138.3 137.7 137.3 136.9 136.7 136.4 136.1 135.8 135.6 135.4 135.3 135.1 135 134.9 134.6 134.3 134.1 133.9 133.7 133.3 132.1 131.8 131.7 131.6
142.3 142.5 142.7 141.4 140 138.7 137.3 136 135 134 133.4 133 132.6 132 131.4 130.8 129 129.7 131 131.9 132.7 133.6 135.3 137.5 139.9 142.4 144.7 147.6 150.8 153.1 156.9 160.9 164.9 170.3 173.4 174.6 173.9 171.8 169.4 166 163.3 160.6 157.5 156 154.1 152.7 151.3 149.6 148 146.2 144.5 142.7 141 139.2 138.3 137.7 137.1 136.8 136.8 136.9 136.9 136.9 135.8 135 134.8 134.7 134.5 134.3 134.1 133.9 133.7 133.5 133.3 133 132 131.3 131.1 131
141.4 141.5 141.4 140.6 139.2 138 136.7 135.5 134.5 133.6 133.1 132.7 132.5 131.9 131.2 130.5 128.7 129.1 130.2 131.5 132.7 133.9 136.3 138.6 141.1 143.6 147.3 150.6 153.9 158.4 162 166.4 171.4 176 177.5 178 176.4 173.4 170.1 167 164.1 161.1 157.7 156.2 154.7 153.2 151.3 149.5 147.7 145.9 144.2 142.3 140.6 139.2 138.6 137.8 137.6 138.5 138.5 138.5 138.1 136.7 135.4 134.8 134.5 134.3 134.1 133.9 133.7 133.5 133.2 133 132.8 132.6 132.1 130.9 130.7 130.5
139.9 140.1 140.1 139.1 138 137.1 136.2 135.3 134.4 133.6 133.1 132.7 132.4 131.8 131.2 130.5 129 128.5 131 131.4 132.8 134.3 137.5 140.1 142.6 145.2 149.4 154 158.6 163.2 168.2 172.7 177 179.6 180.7 179.7 177.3 173.9 170.2 167.2 164.1 161.3 157.9 156.4 154.8 152.7 150.7 149 147.3 145.5 143.9 142 140.1 140.7 140.2 139.1 139.6 139.8 140.2 139.1 137.7 136.4 135.1 134.5 134.3 134.1 133.8 133.5 133.2 133 132.8 132.5 132.3 132.1 131.9 130.6 130.3 130.1
138.3 138.8 138.7 138.3 137.9 137.1 136.4 135.5 134.6 133.8 133.1 132.7 132.3 131.6 131 130.4 129.4 128.8 130.2 131.4 132.6 135.6 139.2 141.7 144.3 146.9 151.5 156 160.7 167.1 172.1 177.2 180.9 182.8 182.1 179.9 176.9 173.5 169.9 166.7 163.6 160.9 158.1 156.1 154 151.9 150 148.3 146.8 145.1 143.5 141.8 141.4 141.7 141.9 142.1 143.2 142.9 141.8 140.2 138.7 137.1 135.3 134.3 134.1 133.9 133.4 133.1 132.9 132.6 132.3 132.1 131.9 131.6 131.4 130.3 130 129.8
136.3 137.1 137.7 138.2 138 137.3 136.6 135.7 134.8 134.1 133.4 132.7 132.1 131.1 130.1 129.1 128.4 128.5 129.8 131.1 133.4 137.5 140.5 143.2 145.8 149 153.3 157.6 163.5 170.2 175.9 181.8 184.1 183.8 182.5 180.1 176.8 173.3 169.7 167 164.5 161.8 158.9 156 153.3 151.2 149.3 147.6 146 144.8 143.7 142.9 143.2 143.5 144.4 145.8 146.1 145.5 144.2 142.5 140.2 138.1 136 134.1 133.9 133.6 133 132.7 132.5 132.2 132 131.7 131.5 131.2 130.9 130.1 129.7 129.3
134.3 135.3 136.4 137.2 137.8 137.5 136.8 135.9 135 134.3 133.3 132.2 131.6 130.6 129.5 128.4 127.9 128.4 129.9 131.9 135.4 138.7 141.5 144.2 146.8 150.4 154.9 159.9 166.3 173 179.6 184.4 185.3 184.8 182.8 180.7 177.4 174.1 171.4 168.2 165.7 162.9 159.9 156.9 154 151.2 148.4 146.9 145.5 144.9 144.6 144.3 144.6 146 147.5 148.9 148.8 148 146.1 143.5 140.9 138.8 136.7 134.7 133.7 133.2 132.6 132.4 132.1 131.9 131.6 131.4 131.1 130.9 130.3 130 130.4 129.7
133.1 134 134.8 135.9 137.1 137 136.7 135.6 134.6 133.6 132.5 131.5 130.5 130.3 129.2 127.7 127.4 128.6 130.2 132.1 136.1 139.2 142.2 145 147.8 151.9 156.5 162 168.7 175.3 181.5 184.7 185.3 184.7 182.9 180.8 178 175 172.4 169.7 166.9 163.9 160.9 157.9 154.9 151.8 148.8 147.7 146.3 145.5 145.6 146.2 147.6 149.1 150.6 152.1 151.5 149.7 147.4 144.6 141.7 139.5 137.4 135.5 133.5 132.8 132.3 132 131.8 131.6 131.4 131.2 131 130.3 130.2 130.4 131 130.3
132 132.7 133.5 134.6 135.8 136.2 135.9 134.9 133.9 132.8 131.8 130.7 129.7 129.5 129 127.2 127.1 128.1 129.8 132.9 136.5 139.5 142.4 145.3 148.4 153.4 158 163.8 170.5 177 182.3 185.2 185.1 184 182.3 180.6 178.7 176 173.3 170.6 167.7 164.6 161.6 158.5 155.2 151.6 150.2 149.2 147.9 147.3 147.6 149.2 150.7 152.2 153.7 154.4 153.4 151.1 148.5 145.6 142.8 140.1 138.1 135.7 133.8 132.8 132 131.8 131.6 131.4 131.2 131 130.4 130.4 130.5 130.8 131.2 130.9
130.7 131.5 132.2 133.4 134.5 135.3 135.1 134.2 133.1 132.1 131 130 128.9 128.4 128.5 126.8 126.9 127.5 129.9 133.3 136.6 139.5 142.1 144.8 149.1 154.3 159.6 165.6 171.6 176.5 181.5 183.9 184.7 183.4 181.7 180 178.4 176.8 174.1 171.1 168.1 165 162 158.7 155.7 152.7 151.7 150.6 149.4 149.7 150.3 152.1 153.7 155.2 156.1 156.2 154.7 152.3 149.1 146.3 143.5 140.5 138 135.6 134 132.7 132.1 131.6 131.4 131.2 131 130.7 130.7 130.8 130.8 131.2 131.4 131.6
129.3 130.2 131 132.2 133.1 134 134.3 133.5 132.4 131.3 130.3 129.2 128.2 127.3 126.8 126.5 126.5 127.7 129.8 133.2 136.5 138.9 141.6 145.4 150 154.9 160.5 166.9 172.8 177.8 180.4 182 182.4 182.1 181 179.4 177.8 176.6 174.2 171.3 168.3 165.1 161.9 159.5 157 154.1 153.7 152.6 151.7 152.4 153.1 154.7 156.7 157.8 158.4 158.4 155.8 153.7 149.5 146.7 143.8 140.8 137.9 135.5 134.1 132.6 132.1 131.6 131.3 131 131 131 131 131.1 131.1 131.4 131.6 131.9
128.1 129.4 129.7 130.9 131.8 132.6 133.4 132.7 131.6 130.5 129.5 128.4 127.5 126.6 126.5 126.3 126.2 127.7 129.9 133.1 136 138.3 142.4 147 151.6 156.3 161.8 167.3 173.5 175.5 177.9 179.1 179.3 179.2 179.1 178.7 177.4 176.5 174.1 171 168 164.9 161.7 158.8 156.6 155.9 155.8 153.9 154 154.9 156.1 157.4 159.7 161.8 161.5 159.7 157.2 154.7 150.5 147.1 144 141.1 138.1 135.4 133.9 132.7 132.2 131.7 131.2 131.2 131.2 131.3 131.3 131.4 131.4 131.6 131.8 132.1
126.9 128.8 128.3 129.4 131.5 132.1 132.7 132.1 130.9 129.8 128.7 127.8 126.9 126.1 126 126 125.8 127.8 130 133.1 135.8 139.9 144 148.5 153.2 157.8 163.2 168.7 171.8 173.4 175.1 176 177 177.5 177.5 177.7 177.9 177.1 176.2 172.4 168.5 164.7 161.6 159.4 157.5 158.6 158.6 156.8 156.7 158 159.4 160.9 162.8 164.3 163 160 157.5 154.3 150.1 147.4 144.3 141.2 137.9 135.4 133.7 132.8 132.2 131.6 131.3 131.3 131.4 131.4 131.5 131.3 130.6 131.3 131.9 132.1
127.8 127.5 127.8 127.5 130.3 131.8 131 131.2 130.5 129.2 128 127.1 126.1 125.6 125.5 125.5 125.7 127.8 130.4 133.7 137.7 141.8 146 150.1 154.7 159.3 164 167.5 168.7 170.1 171.7 172.9 174.1 174.9 175.7 177.8 178.7 177.8 176.9 174.5 170.6 166.5 163.8 162.9 162.6 162.9 163.5 162.7 161 162.6 163.2 164.3 166 165.7 163 159 156.4 154 151.6 148.6 143 139.9 137.2 135.4 133.5 132.6 132 131.4 131.4 131.5 131.5 131.6 131.1 130.4 130.1 130.7 131.4 130.8
125.3 126.2 127.1 128 128.5 130.2 128 129 130.1 128.1 128.1 126.2 125.2 125.1 125.1 125.1 125.7 127.6 131.7 135.7 139.9 143.5 147.8 152.1 156.2 159.8 163.3 164.5 165.6 167 168.4 169.7 171.3 172.6 176.1 180.3 182.6 182.4 179.7 176.7 172.4 171.3 169.6 167.9 166.8 167.4 168.1 168.7 167.8 170.4 169.5 169.5 168.6 166.6 163 159 155.3 152.7 150.1 145.8 142.1 139 137 134.8 133.6 132.7 131.9 131.5 131.6 131.5 131.2 131 130.6 130.3 129.9 129.8 130 130.3
125.1 125.4 126.2 127.1 128.6 130.4 130.7 129.9 128.7 128 127.8 127.7 125.6 124.7 124.7 124.6 126.8 130.5 134.3 137.9 141.5 145.1 148.8 152.9 156.6 158.8 160.4 161.4 162.5 163.9 165.3 168.5 171.5 175.8 180.2 185.7 188.6 189 184.3 180.9 178.7 176.9 175.1 172.3 171.5 172.3 172.9 173.4 174.5 175.4 174.9 172.3 170.1 166.1 162.1 158.4 154.7 151.3 148.2 144.3 141.2 137.7 136.3 134.7 133.8 132.8 131.9 131.3 131.1 130.9 130.6 130.3 130 129.9 129.7 129.5 129.7 129.9
124.4 124.8 125.7 126.6 127.9 129.5 130.6 130.1 128.3 127.2 126.1 124.6 124.7 127.8 124.5 125.3 129.1 132.8 135.2 138.6 142.3 146 149.1 152.9 154.2 156.1 157.7 159 160.4 163.8 167.4 171.3 175.8 180.3 186.6 193.1 196.6 196.5 192.3 188.1 184.7 181 178.9 176.2 176.2 177 177.4 178.4 180 178.9 176.6 173.5 169.2 164.6 160.3 156.6 152.9 149.9 146.9 143.1 140.4 136.7 134.8 135.1 134.2 133.4 132.5 131.5 130.5 130.3 130 129.7 129.6 129.5 129.4 129.1 129.4 129.6
124 124.5 125.3 126.2 127.6 129.3 129.6 129.1 127.5 126.4 125.2 123.9 123.3 123.1 125.1 126.9 131.2 134.7 136.6 139 142.7 146.2 148.4 151.1 151.8 153.4 154.9 159 162.8 166.2 169.5 173.6 177.7 183.6 191.9 201.2 203.9 203.6 198.3 191.1 186.4 182.7 180.6 179.7 178.9 179.4 180 180.6 181 179.4 176.1 172.2 167.8 163.1 158.4 154.7 151 148.2 145.6 142.1 137.3 135.9 135.5 135.4 134.8 134 133.1 132.1 131.1 130.2 129.5 129.4 129.3 129.2 129.1 128.8 129 129.3
123.7 124.1 124.9 126.1 127.5 129.2 128.8 128.1 126.8 125.6 124.4 123.5 122.9 123.4 125.4 127.8 132.7 135.5 137.9 139.9 143.1 145.6 147.8 149 149.8 152.2 156.5 159.5 162.9 166.4 170.1 174.9 179.3 184.7 192.8 202.2 203.3 202.3 194 188.7 183.7 180.6 178.6 177.9 177 177.3 177.8 179 180.9 180.1 175.7 170.9 166.3 161.6 156.9 152.9 149.2 146.5 143.9 141.5 141.2 139.6 139.8 137.7 136.6 134.6 133.9 133.4 132.4 130.4 129.2 129.1 129 128.9 128.8 128.6 128.7 129
123.5 123.8 125.1 126.3 127.4 128.7 127.9 127.2 126 125.1 124.2 123.2 122.7 124.1 126.4 129.3 133.4 135.8 138.2 140.5 142.6 144.2 145.6 146.8 148.8 152.1 156.3 159.4 162.5 164.6 168.7 171.1 174.4 178.5 185.7 190.7 195.8 190.8 186.1 182.2 179.3 177.7 175.8 175.3 174.7 174.8 174.4 177.5 181.4 182.1 175.8 169.6 164.5 160.1 155.4 150.9 147.6 145 143.7 144 144.1 143.7 142.9 140.4 139.4 137.2 136.2 134.3 132.3 130.3 129 128.8 128.7 128.6 128.5 128.4 128.3 128.6
123.3 123.7 125.2 126.6 127.7 127.9 127.1 126.3 125.2 124.1 123.1 122.2 122.5 124.5 127.2 130.6 128.7 135 136.6 138.4 140.3 142 143.3 145.4 148.3 151.6 155.5 158.1 160.1 162.3 165.6 168 170.4 172.9 177.1 181.3 183.8 181.6 180.3 177.1 174.3 172.9 171.3 170.3 169.1 167.5 168.8 174.8 182.8 185.9 176.8 169 163 158.4 153.8 151 150 148.8 148.6 148.3 147.1 145.7 143.5 141.4 139.7 137.7 136.2 134.2 132.2 130.2 128.9 128.5 128.3 128.2 128.1 128.1 128 128.3
