STL Generation/terr50_gagg_gb/data/SU21.asc
ncols 200
nrows 200
xllcorner 420000
yllcorner 110000
cellsize 50
[rows 148 to 184 of 200, columns 84 to 167 of 200]
110.7 109.5 108.9 110.9 112.3 113.1 113.5 113.9 114.2 114.5 114.9 114.9 114.1 113.3 111.7 108.8 105 100.9 95.9 92.3 88.1 86.4 87.1 87.2 87.9 87.2 86.4 85.7 84.6 83.3 81.4 79.5 78 74.7 72.8 71.9 69.6 67.6 64.1 60.7 61.4 62.5 62.7 63.2 63.7 63.9 64 63.6 63.5 63.9 64.4 64.9 66.7 68.2 69.1 70.6 72.9 74.4 74.5 72.4 68.9 65 62.3 59.5 56.7 57.5 58.5 61.1 62.5 62.8 63.3 64.2 65.1 65.1 64.9 64.7 61 57.5 55.2 53.3 50.4 48.7 49.2 50.1
109.1 106.6 108.7 111.2 111.7 112.8 113.7 114.2 114.5 114.9 115.2 114.9 114.3 113.5 112 109.4 106.6 103.3 98 94.9 90.9 86.1 82.2 82.1 82.5 82.5 83.2 81.5 80.3 79 77.2 75.6 74.2 72.6 70.4 69.2 68.3 66.2 63.8 63.3 63 63.8 64.9 65.1 66 66.8 67.2 67.4 66.7 67.5 67.4 67.8 69.5 70.9 71.3 72.6 74.8 77.4 75.4 72.5 68.8 65.4 62.7 60.3 60 59.7 60.8 64 65.7 65.3 64.9 65.6 66.3 67.7 68.2 64.9 61.5 58 55.6 53.6 51.3 49 49.6 50.1
106.7 105.4 109.2 111.2 111.1 112 113.1 114.3 114.9 115.2 115.2 114.6 114.1 113.5 112.1 109.5 107.4 103.7 98.6 93.9 90.5 86.5 84.1 80.6 78.2 77.4 78.2 77.8 76.3 74.8 73.3 71.8 70.3 69.2 67.8 66.4 67.6 67.7 67.4 66.7 66.3 66.1 66.4 67.3 67.9 68.8 70 69.5 70.6 71.1 71.1 71 72.3 73.5 74 74.7 76.4 78.3 76.3 72.2 69 65.6 63.2 63.1 63.1 62.7 62.4 64.6 66.9 67.6 68.2 69.7 71.1 71.2 68.1 64.7 62.1 58.7 56.2 53.9 51.4 48.8 49 49.8
103.3 105.3 109.7 110.6 111 111.3 112.4 113.5 114.6 115.4 114.9 114.3 113.7 113.3 112.5 110.5 108.2 102.8 97.8 94.5 90.7 87 86.3 83.3 80.6 77.7 75.6 74.8 74.3 73.6 71.8 70 67.9 65.9 65.4 64.8 69.8 71.3 70.7 70 69.6 69.4 69.2 69.4 70.1 71.6 72.6 73.1 73.6 74.1 75.3 75.7 75.1 76.5 77.9 79.2 79.9 78.3 77.4 72.2 69 65.2 64.4 65.2 65.7 65.9 65.6 65.9 68.1 70.5 71.6 73.7 74 71.4 67.3 64.5 61.8 59.2 56.4 53.4 50.4 48.3 48 47.9
100.2 105.3 108 106.8 107.7 111.9 112.8 113.7 114.4 114.9 114.4 113.8 113.3 112.9 112.5 111.2 108.9 104.9 100.1 97.3 93.5 91.4 90 87.5 84 80.6 77.6 76.2 73.7 72.6 71.5 69.5 67.6 65.4 66.1 67.9 72.3 77 73.6 73.4 73 72.8 72.6 72.4 73.2 74.6 75.5 75.8 76.5 77.5 79.5 80.2 79.1 79.7 82 84.5 85 82.7 78.7 75.4 72.1 67.5 66.9 67.8 68.1 69.2 69 69.3 71.3 74.5 77.2 76.1 74.4 72.6 69 65.8 63.1 60.4 56 52.4 49.8 47.9 48.2 48
100.3 104 104.9 103.5 107.4 111.7 112.5 113.2 113.7 114.2 113.9 113.3 112.9 112.5 112.2 111.9 109.5 107.2 104.3 100.6 95.9 95.3 93.8 90.7 85.7 80.9 79.7 78 75.9 74.2 72.6 69.5 68.9 70.2 71.1 71.8 75.1 79.6 77.4 75.9 76.7 76.9 77.7 77.2 76.8 77.9 78.5 78.7 79.4 81.8 83.4 83.9 83.4 84.1 86.5 89.4 90 87.3 83.4 79.7 76.4 72.4 69.9 70.3 71.1 72.2 72.2 72.4 73.6 80 80.3 80.4 79.3 76.8 73.1 69.4 65.7 61.5 57.2 52.5 48.7 48.9 49.3 49
96.9 99.8 100.7 103.8 108.1 111.1 111.9 112.5 113.1 113.6 113.4 112.9 112.5 112.2 111.8 111.8 110.9 109.4 107.5 103.5 100 101 97.2 92.5 87.3 82 80.1 80.4 78.7 77.2 75.3 72.4 72.2 75.3 76.8 78.4 78.7 79.6 78.9 78 81 82.8 82.3 81.7 81.4 81.2 82.3 83.6 84.9 86.5 88.4 89.2 87 88.6 91.7 95.1 96.2 94.1 89.4 84 80.9 78.2 75.6 74.3 76.4 78.8 78.2 77.7 84 82.5 85.4 86.4 86 80.6 75.9 72.1 68.9 63.5 58.1 52.9 50.2 50.4 50.3 49.9
94.6 95.9 99.5 104.9 108.8 110.6 110.5 111 112.4 112.9 113 112.5 112.2 112.1 112.1 112.1 111.4 110.8 109 106.3 103.5 101.7 97.4 92.5 88.4 84.8 84.9 83.7 82 80.2 78.5 76.2 76.1 80.1 81 81.4 82.4 83.2 82.8 81 83.6 85.5 85.2 84.7 85.2 85.5 86.9 88.3 89.6 91.2 93.8 94.9 93 94.1 97 100.3 101.6 100.2 94.6 89.8 86.1 84.8 82.1 82.6 83.9 86.6 85.9 86.7 85.2 88.9 91.6 91.9 93.4 85 77.5 74.8 69.3 63.4 58.2 55.3 54.2 53.9 51.9 50.8
93.7 95.3 100.5 105 107.3 109.7 110 109.2 110.1 111.4 112.4 112.5 112.5 112.5 112.5 112.3 111.8 111.3 110.5 108.5 105.4 99.8 98.1 95.4 91.6 91.6 90.4 87.9 85.7 84.8 83.4 80 80.8 86 86.6 84.5 86.6 87.7 87.3 85.5 86 87.8 88.8 89.2 88.8 90 91.3 92.7 93.9 94.6 97.5 98.1 98.3 99.7 101.6 102.6 103.9 104.8 100.7 96.3 93.4 93.9 91.7 89.5 91.2 91.4 90.6 90.9 93.8 96.5 95.2 94.5 94.2 89.9 79.2 74.7 69 63.4 60.7 59.6 58.5 57.3 55.5 53.4
89.9 93.8 99.9 105.1 107.6 109.4 107.1 105.3 103.4 105.9 110.2 112.3 112.7 112.9 112.9 112.6 112.1 111.7 111 110 106.2 105 102.6 98.6 95.3 96.3 95.1 93.1 91.4 90.3 87.2 82.8 83.2 89.1 90.6 90.6 92.4 92.3 91.4 89.9 90.7 91.8 92.5 92.8 93.2 94.1 95.8 96.6 97.3 98 100.4 100.7 101.2 102.2 103.8 104.7 105.7 105.8 105.4 101.8 99.1 99.2 97.5 95.7 96 97.3 98 100.9 100.4 98.3 96.7 95.5 93.4 91.5 81.8 74.4 68.8 64.8 62.9 61.8 61.1 58.9 56.5 54.2
90.1 95.9 100.9 105.8 107.8 107.3 104.6 101.2 100.1 103.1 107.8 111.8 112.2 112.7 113 112.9 112.5 112 111.3 110.9 109.7 108 106 101.6 100.6 101.2 99.9 98.5 97 92.4 88 85.1 87.4 92.1 95.8 95.7 96.1 95.9 95.5 94.4 95.5 95.8 96.1 96.4 96.7 96.9 98 99.4 100.4 101.3 102.4 102.3 103.6 104.1 105 105.3 105.4 105.4 105.1 103.2 101.5 100.5 101.1 101.9 103 101.8 102.5 102.8 100.2 98.5 96 92.2 89.3 86.2 80.5 73.4 68 65.8 64.7 63.4 62.2 59.6 57.3 55.3
92.1 98.2 103.7 106.4 106.8 105.1 101 97.1 97.9 102.2 107.2 111.2 111.5 111.9 112.9 112.9 112.9 112.4 111.8 111.3 110.7 110.1 108.5 106.2 104.7 104.1 102.5 101.3 100 94.2 89 90.3 93 97.9 99 99.3 99.2 99.1 98.8 98.6 99 98.9 99.2 99.5 99.8 100 100.7 101.8 102.3 102.9 103.7 103.9 103.9 104.5 105.5 105.4 105.3 105.1 106.7 108 107.6 106.9 106.1 105.4 104.7 103.8 103.9 103.6 97.6 92.6 89.1 85.2 83.4 80.6 76.9 71.9 67.3 66.2 65.1 64.1 62.8 60.2 58.4 56.5
94.1 100.1 104.6 105.4 105.2 101 96.8 94.2 97.2 102.3 107.9 110.2 110.9 111.9 112.8 112.8 112.6 112.2 111.7 111.1 110.6 110.5 110.6 109 106.8 106.3 105.1 104.7 100.1 95 94.3 97.1 99.7 101.5 102 102.1 101.9 101.9 101.7 101.6 101.9 102.1 102.4 102.5 102.6 102.7 102.8 102.9 103.2 103.5 103.6 103.7 103.9 104.4 105.2 105.9 105.8 106.8 107.4 107.6 108.2 107.4 107.1 106.5 105.6 104.9 104.7 103.4 95.5 88 84.1 82 79.2 75.4 72.1 69.1 67.8 66.7 65.7 64.6 63.1 60.7 58.9 57.2
96 101.2 103.1 103 101.7 98.4 95 91.6 97.3 102.8 108.3 109.8 111 112 112.7 112.6 112.4 112 111.5 110.9 110.7 110.6 110.7 110.7 108.9 108.2 107.6 107.1 102.5 101.2 100.4 103.4 104.6 104.7 105 104.8 104.4 104 103.8 103.9 104.1 104.2 104.1 103.9 103.6 103.4 103.2 102.4 102.3 102.2 102 102.1 101.8 101.3 102.4 103.6 103.9 105.3 107.3 107.7 107.8 107.3 106.5 104.8 104.4 103.6 103.9 101.7 95.2 87 82.2 80.6 77.3 71.6 69.7 68.7 68.1 67.2 66.2 65 63.4 61.2 59.4 57.6
96.3 99.4 100.4 100.3 98.1 95.4 91.6 90.4 97.3 102.4 105.1 108.1 110.2 111.8 112.5 112.3 112.2 111.9 111.3 111 110.8 110.7 110.7 110.8 110.9 110.6 110 109.1 105.5 106.8 105.9 107 107.3 107.4 107.3 107.7 105.8 104.7 103.2 102.8 102.9 102.8 102.3 102 101.7 102.2 100.8 99.9 99.9 99.9 99.6 99.5 98.9 98.4 96.3 100.1 102.1 103.7 105.8 107.5 106.6 106.1 105.5 103.3 98.8 98.9 99.3 97.7 94 88.6 83.1 81.3 77.6 72.8 70.5 68.3 67.8 67.6 66.7 65.3 63.6 61.6 59.8 58.1
94.4 97.2 97.2 96.3 94.2 91.7 88.3 89.1 94.8 99.1 102.4 105.5 109.9 111.1 111.3 111.9 111.9 111.7 111.3 111 110.8 110.7 110.8 110.9 111.7 111.3 110.9 110.7 109.6 109.4 109 109.2 109.6 109.3 107.5 105.1 102.9 100.8 97.6 95.2 95.8 96.6 98.2 99 99 99.1 97.8 96.6 96 97.2 96.8 96.2 95.6 92.5 90.7 95.8 100.1 101.3 102.6 104.5 105 105 104.6 103.3 97.6 94.3 93 92.3 90.9 89.8 86.2 82.6 79.2 74.3 71.6 69.1 67.2 67.1 66.4 64.9 63.4 62.1 60.3 59.8
92.1 92.8 92.6 91.5 90.3 88.4 85.9 87.1 91.7 95.3 99.2 104.6 109.1 109.9 109.8 110.2 110.8 111.3 111.3 111.1 110.9 110.8 110.9 111.7 112.6 112.3 112 111.8 111.3 110.7 110.9 111.4 110.6 108.5 103.7 99.5 95.7 93.9 90.6 88.5 89.1 89.4 91.1 94.3 94.9 94.7 91.8 89.3 91.6 94 92.4 91.4 90.4 86.2 88.5 96.5 97.7 97.3 99.6 101.1 103.2 103.2 103.3 103 98.6 94.5 91 86.3 86.7 86.6 85.6 82.9 78.3 75.5 72.8 70 67.1 65.4 64.2 62.9 62.1 60.9 59.8 59.4
87.9 88 88.3 87.9 87.6 86 82.4 84.3 88.4 91.6 96.8 103.9 107.4 108.8 109.1 108.4 107.6 106.6 109.1 111.1 110.9 110.9 111.7 112.4 112.7 112.6 112.5 112.3 112.2 112 112.5 111.5 109.3 105 100.5 98.4 95.4 93.1 90.7 87.3 84.2 84.3 85.9 87.3 89.5 91 86.6 82.7 86.4 89.8 88.7 85.7 84.3 82.7 90.2 93.4 91.4 93.9 96.6 98.8 101.2 101.5 101.6 101 98.1 94 92 87.8 83 81.4 81.1 80.9 78.2 76.4 74 71 67.9 65.3 63.7 62.2 60.9 59.8 58.9 57.9
82.5 83 84.6 85 85.8 83.8 80.5 82.9 86.7 91.3 96.4 102 105.2 107.1 106.5 103.8 102.8 102.3 104.1 106.8 109.6 111.3 112 112.6 112.8 112.7 112.7 112.8 112.7 113.1 112.6 111.3 110.4 108.1 106.4 103.5 101.7 100 97.1 93.2 88.2 84.3 81.1 80.9 82.8 83.1 81.2 77.8 80.6 82.6 84.2 81.1 79.2 82 87.8 89.2 88.4 91.5 94.2 97.7 99.5 99.6 99.2 95.5 90.8 89.2 88.2 90 85.6 79.9 77.6 77.5 77 76.2 74.4 71.5 68.7 66.8 63.9 62.1 60.6 58.9 57.9 57
77.3 78.6 80.5 81.6 84.9 81.9 80.1 84.5 88.3 92.3 97.3 100.8 103 103.8 102.9 100.3 98.1 96.6 99.4 102.3 106.6 110.4 111.6 112.3 112.7 113 112.9 113.2 113.5 113.3 112.8 112.1 111.4 110 107.2 106.1 104.4 104.1 101.9 98.1 91 84.4 82.1 79.5 77.1 76.9 75.4 74.9 73.8 76.5 77.4 77.7 76.2 80.2 84.2 84.3 85.6 89.1 92.1 95.9 96.2 97.4 94.7 90.5 87.4 86.3 85.1 88.3 86.5 80.7 76.1 73.6 74 74.3 73.8 71.9 69.1 66.6 64.3 62.3 60.7 58.9 57.3 56
79.1 76.9 77.8 80.6 82.1 80 80.2 84.6 89.4 93.8 98.2 99.5 100.8 101.6 99.4 96.8 94.2 92.4 95.3 99.5 104.6 107.6 111.3 111.9 112.5 112.8 113.2 113.4 113.2 113 112.9 113 111.9 110.4 108.7 107.7 106.2 104.9 104.2 97.8 91.3 86.9 88 86.1 82.3 77.6 76.5 75.2 74.8 72 70.6 71.2 72.2 76.4 79 80.1 84.9 87.3 90 92.4 93.7 94.3 93.2 87.4 84 82.6 83.9 87.7 84.2 78.8 74 71.6 71.5 71.9 71.4 70.9 69.5 67.3 65 62.8 60.7 58.9 57.6 57.9
81 78.6 76.8 77.1 78.4 78.4 80.3 84.3 89.1 93.8 97.7 98.6 97.2 98.2 95.7 92.6 89.9 90.5 94.6 100 105.3 108.2 109.8 111.6 112.3 112.8 112.8 113 112.8 112.6 112.7 112.6 112.4 111.3 110.3 109.3 108.2 105.8 103.3 97.7 94.1 92.9 92.2 89.4 86.5 85.4 82.5 79.3 75.9 74 71.4 71.4 69.9 71.8 75.1 78 82.4 86.2 89 89.6 90.7 91.7 87.7 84.7 81.2 79.5 83.7 88.1 83.1 76.8 72.8 70 69.8 69.7 69.5 69.3 69 68 65.8 63.5 61.1 60.5 60.7 61.1
82.4 80 77.4 75.6 75.9 76.6 79.9 84 88.4 92.7 96.4 96.1 94.5 94 91.6 88.8 89.6 94.8 98.6 103.4 107.6 109.9 109.9 109.7 111.9 112 112.2 112.5 112.4 112.4 112.4 112.5 112.4 112.1 111.3 110.2 109.1 107.6 104.7 101.6 101.8 99.2 96.1 93.1 89.7 86.2 83 81.1 79.7 77.4 75.5 73 70.5 70.5 72.5 76.5 81.6 85 87.8 87.2 88.1 89.7 86.5 81.8 78.7 78.5 84.8 87.8 81.8 77 71.7 69 67.4 67.8 68 67.7 67.4 67.1 66.5 64.2 62.8 63.3 64.4 64.8
83.9 81 78 76 74.2 75 78.9 82.3 86.9 91.5 93.1 91.9 90.9 89.9 87.9 85.7 92.5 99.3 103.3 106.3 107.9 105.8 110.5 110.9 111.2 111.5 111.8 112 112.1 112.2 112.2 112.3 112.2 112.1 112 111.1 110.1 109.2 106.6 105.8 105.5 102.7 99.4 96.3 92.3 87.5 88.2 87.2 84.6 81.5 77.9 75.3 72.6 69.9 71.3 75.4 80.5 83.3 84.5 81.6 82.5 87.6 86 81.2 76.3 77.1 81.3 81.5 78.8 74.5 71.1 68 65.6 65.8 66.3 66.2 66 65.9 65.7 65.6 65.6 68.9 70 72.2
84.3 80.7 78.2 76.2 74.2 73.6 76.9 80.3 84.6 87.6 88.5 86.9 85.9 85.7 83.9 88.4 94.7 101.7 104.5 103.1 106.7 108.6 108.7 109 109.3 109.6 111.3 111.3 111.3 111.4 111.5 111.7 111.4 111.4 111.8 111.9 111.4 110.6 109.4 108.9 107.2 104.7 101.1 98.6 95.3 92.5 92.6 90.9 88.2 84.7 80.9 78 75.3 70.8 70.3 72.8 76.1 79 80.1 77.3 81 85.1 81.4 77 73.4 75.4 79.1 77.6 74.6 72.4 69.8 66.9 64.6 64.4 65.6 65.9 65.7 65.6 66 66.2 69.2 73.1 75 74.6
83.2 80.8 79.5 76.9 74.6 72.8 74.8 78.2 83.7 83.6 84.3 82 79.9 81.6 85.7 90.5 96.6 101.3 99 105.5 109.8 107.7 108.1 108.4 108.7 109.9 109.7 109.3 110.1 110.7 110.9 110.5 110.3 111.1 111.5 111.4 111 110.8 110.6 110 106.5 104.7 102.9 100.4 98.1 96.9 95.3 93 90.9 86.7 82.7 79.3 77.5 71.9 70.1 69.5 70.9 73 74.3 75.5 79.7 80.7 77.2 74.2 70.5 74.7 75.5 74.7 72 70.5 68.2 65.7 63.4 63.6 64.8 65.3 65.4 65.2 65.2 66.5 69.8 71.2 70.6 69.7
86.2 83.8 81.3 77.8 74.7 72.2 72.7 75.5 78.5 78.5 80.8 81.5 80.4 83.8 87.3 92.6 94.4 101.6 106.2 107.2 107 107.4 107.6 108 108.2 110.2 109.7 108.3 106.8 110 110.3 109.2 109.9 110.6 111.3 110.9 110.7 110.6 110.4 110 107 105.2 103.9 102 100.3 98.2 96.3 92.9 89.9 85.7 81.7 78.8 76.2 72.5 70.1 67.4 67.5 68.7 70.2 72.8 75.4 75.3 73.6 70.3 71 74.3 73 71.5 70.1 68.5 66.3 63.6 62.7 63.1 64.7 65.5 64.4 63.3 63.1 64.8 67 65.8 64.6 63.3
87.1 84.3 81.2 77.8 75.1 72.8 71.2 73.6 74.1 74.4 77.5 78.8 82.6 86.9 90 95.3 99.9 103.2 105.2 106.9 106.8 107.5 107.9 107.6 108.3 109.6 108.1 105.4 104.1 109.8 108.2 108.3 109.8 110.6 110.8 110.5 110.5 110.4 110.2 109.9 107.5 105.7 104.8 100.5 97.6 93.3 90.8 90.5 85.5 82.6 79.5 76.4 72.9 69.7 67.1 62.6 62.6 64.7 67.2 69.4 71.9 71.3 69.3 65.4 71.5 72.4 71.4 71.1 70.7 67.5 64 61.4 60.6 64.4 67.3 67.9 64.6 62 61 62.1 61.9 61.1 59 58
87 84.1 81 77.8 75.3 73.1 71.4 71.4 71.6 73.3 76.5 81.7 85.1 91 94.7 97.9 101.3 103.6 105.4 106.9 106.6 107 108 108.4 109 108.5 105.1 102.2 104 107.5 103.1 108.6 109.8 110.6 110.4 110.3 110.3 110.2 110 109.7 108.1 105.1 97.7 92.5 89.1 86.1 83.4 80.4 79.1 77.2 74.7 72.2 69.4 66.2 64.2 62.6 61.4 62.1 64.3 67.1 68.4 68.2 66.2 63.6 67.1 69.5 70.3 69.8 71.4 67.7 63.5 60.5 60 64.9 69.1 69.2 66.4 61.9 59.3 60.2 59.3 58.1 56.4 55.1
87.9 84.2 81 78.2 75.8 73.7 71.6 71.4 75 78.5 82.2 85.1 87.5 92.1 96.4 99.9 102.9 104.7 105.5 106.3 106.4 106.5 107.6 108 107.7 107.1 104 98.8 106 102.2 103.2 108.7 109.7 110.3 110.2 110.1 110.1 110 109.7 109.1 108.1 105.3 99.4 92.7 85.5 83 78.8 76.5 76 74.6 71.9 69.7 69.5 68.2 66.3 65 64.3 59.8 61.9 63.9 64.6 64.6 64.2 60.7 63.4 65.3 66.9 68.5 70.4 67.3 63.1 59.9 58.4 62.6 66.3 66.8 65.1 61.2 58.9 57.8 56.3 56.1 55.5 53.1
89.7 86 83.2 81.4 78.2 75.5 75.7 78.6 79.7 79.5 76.5 80.9 87.9 92.7 97 99.8 103 104.7 105.9 106.4 106.4 106.4 106.6 106.6 105.1 105.8 102 96.5 102.5 97.7 101.1 105.7 109.3 109.9 110.1 110 109.9 109.8 109.3 108.6 107.9 102.9 96 91.8 85.1 81.9 80.4 81.1 77.3 75.5 73.9 72.1 71.8 69.7 68.3 66.5 63.3 60.2 61.5 60 60.5 60.6 61 58.9 60.6 63.3 63.9 65.3 64.7 63.3 61.1 59.1 56.6 60.3 62.7 64.1 63 61.2 59.7 57.3 55.3 54.5 54.6 52.4
91.7 88.4 86.1 84.1 80.5 82.1 79.4 75.8 69 70.2 74.4 79.9 86 91.6 96.8 99.6 101.7 104.2 105.6 106.4 106.4 106 105 101.6 100.5 104.1 99.6 94.8 94 95.5 100.8 107.6 108.8 109.3 109.9 109.9 109.6 108.9 108.5 108 107.4 104 98.9 92.8 89 88.4 86.8 84.4 80.1 77.5 76 75.4 74 71.5 69.7 66.3 63.4 64 63 58.4 56.5 57.1 57.8 56.6 60 62.8 62.1 61.9 61.7 61.5 59.4 57.4 56.3 60.4 62.5 65 67.8 66.6 62.2 57.6 58 57.5 55.3 54.1
92.3 89.9 87.8 86 83.4 79.7 76.1 72.9 68.1 69.7 74.2 77.9 82.6 86.9 90.9 93.2 97.2 103.4 104.4 105.3 105.3 104.9 103.2 99.2 96.7 102.4 97.3 91.9 91.9 97.4 105.6 107 107.8 108.4 109.6 109 107.5 107.2 107.4 106.9 107.2 106.3 104.5 102.8 95.3 90.7 87.5 85 81.6 80.1 79.9 79.4 75.3 72.2 69.6 67.2 66.2 67.5 66.3 62.3 60 57.8 56.6 53.5 56.3 59.3 61.4 60.2 60.2 59.3 57.8 55.7 54.7 60 64.3 67.3 71 70.7 63.9 63.1 60.5 58.7 57 55.4
92.2 90.2 88.4 85.3 81.4 78.4 75.6 73.2 69 68.3 71.5 74.8 78 82.2 85.5 89 95.1 101.9 102.8 103.6 104.1 103.5 102.6 98.5 94.4 98.8 95.1 90 91.5 96.8 102.4 106 107.3 108.5 109.6 108.9 107.5 102.8 105.1 106.7 106.9 107 105.3 104 100.8 92.9 88 83.7 83.3 84.8 85.3 81.4 77.1 72.8 69.9 69.7 68.3 69 69.1 65.5 61.6 60.7 59.8 55.3 52.6 55.3 57.2 56.5 56.7 56.9 56 53.5 55.1 60.4 64.4 68.2 68.7 68.1 67.8 68.1 64 60.7 59 56.1
92.3 89.6 87.3 84.8 81 77.6 74.6 71.7 68.5 67.4 69.1 71.6 76.3 77.6 81 87.5 95.3 100.4 101.2 101.2 101.9 101.8 100.2 95.6 92 93.1 90.7 89.4 88.8 96 103.6 106.8 107.8 108.7 109.5 109.1 107.6 103.1 101.1 105.5 106.7 107.2 105.8 104.4 100.9 95.7 91 89.7 89.6 90.8 87.9 82.1 76.5 73.5 72.5 71.7 70.6 68.5 67.7 64.9 62 59.4 57.1 55.4 52.5 50.6 49.6 48.9 49.8 51.1 48.9 49.3 55.4 60.1 64.4 67.5 63.8 65.3 68.3 68.3 66.3 63.5 61 57.6
89.2 87.1 86.3 83.3 80.2 76.4 73.6 70.8 67.8 66.7 68.3 71.3 74.5 79.1 84 87.9 91.2 94.6 97.3 98.5 98.7 98.7 96.9 93.2 89.8 88.3 89.6 87.1 87.6 95.4 102.4 106.1 107.7 108.6 108.6 108.9 107.6 103.2 97.5 101.2 104.4 105.8 104.9 103.6 103 102 98.6 98.2 96.5 93.7 90 83.3 79.7 75.9 75.2 73.9 72.2 69.4 66.4 64 62.7 60.5 58.1 57.7 56.8 54.8 52.1 50.9 49.2 48.6 47 48.7 53.2 58.4 63.6 62.6 59.4 64.8 66.8 67.7 68.1 65.6 62.6 59.6
87.6 83.6 83.2 82 78.4 75.2 72.4 69.5 67.1 66.3 68.2 70.9 73.8 78.8 83.8 88.3 87.8 88.1 92 93.9 93.2 94.5 94.1 91.6 89.8 85.8 86.2 84.9 86.5 94.7 100.2 104.4 106.1 108.1 108.4 108.7 107.4 104.6 98.3 94.4 99 104.1 103.4 101.4 102 103.3 103.4 101 98.8 95.6 91.5 88.1 82.8 79.4 77.7 75.1 73.7 70.9 66.5 64.7 63.9 61.5 59.8 59.7 59.4 56.4 54.8 54.6 55.2 52.8 48.7 47 49.9 54.5 57.8 56.7 56 62.6 64.8 65.6 66.1 64.4 61.5 59.3
