STL Generation/terr50_gagg_gb/data/SU36.asc
ncols 200
nrows 200
xllcorner 430000
yllcorner 160000
cellsize 50
[rows 105 to 139 of 200, columns 78 to 155 of 200]
133.9 140.2 140.7 140.4 140.3 137.3 134.5 134.9 137.6 140.3 141.1 141.1 139.6 137.5 134.9 133.6 130.8 129 128.3 128 126.8 126.6 128.2 128.7 128.9 131.3 133.4 133.7 133.9 133.9 132.4 130.9 130.5 127.1 125 124.6 122.4 122.3 123 122.6 121.4 118.7 119.3 125.6 128.2 129.6 131.3 133.2 134.3 133.8 132.5 134 138.2 140.7 142.8 144.1 144.6 148.9 153.1 156.5 157 156.7 157.2 159.2 159 158.8 157.9 157.5 158 157.9 157.6 156.2 155.2 154.9 156.1 155.1 154.4 154
135.9 140.9 141 140.4 139.6 134.2 134.2 136.1 138.8 141.2 141.5 141.3 140.3 137.8 135.2 132.9 130.8 129.5 128.7 128.3 127.4 128.2 130.3 131.3 130.9 133.7 136.3 137.2 136.8 134.9 133.4 131.9 130.5 126.9 124.4 123.9 124.3 125.4 126.5 125.1 123.4 121.4 119.1 125.5 127.8 128.8 129.8 130.1 130.4 130.4 130.5 132.4 136.1 139.1 139.4 140.8 144.8 148.2 150.2 152.6 151.6 153.8 156.8 159.6 159.9 160.1 159.8 159.4 158.8 158.6 158.3 157.5 156.8 156.5 156.1 155.9 154.8 152.3
137.6 141 141.5 141.4 140.1 135 135.7 137.2 139.6 141.9 142.7 142.1 140.7 138.5 135.7 133.1 131.8 130.2 128.9 128.5 128.1 130 131.9 133.8 134.3 136.4 139 139.8 139.1 135.9 134.3 131.6 129.5 125.5 125 125.9 126.6 127.8 128.6 127.2 124.7 122.2 118.5 123.2 127.6 127.5 127 127.9 128.1 129.8 131.7 133.5 134.8 135.5 136.1 138.7 142.8 145 146.9 148.9 149.4 154.1 157.7 160.8 161.5 161 160.5 160.1 159.7 159.7 159.2 158.2 157.4 156.8 156.3 155.8 155.2 150.8
140.4 142.6 143.9 143.5 140.5 138 138.5 138.9 139.2 142.6 144.7 142.8 141.1 139.7 135.9 134.8 133.7 132.3 130.1 129.2 129.3 132 134.6 136.5 137.5 138.4 140.3 141.1 140.6 137.2 133.8 131.1 128.3 127.8 127.6 128.7 130 129.2 129.9 128.7 126.1 122.3 119.3 121.5 124.1 124 124.1 125.5 127.5 130.8 132.8 134.5 136.9 138 139.9 140.2 140.2 142.3 145 148.3 150.7 156 160.2 162.8 162.3 161.8 160.9 160.7 160.8 160.4 158.8 157.7 156.6 155.6 155 155.4 152.1 148.5
143.6 145.3 146.8 145.6 143.1 142.6 143.9 144.3 143.5 145.8 145.8 143.7 141.2 139 137.3 137 135.8 134.4 133.6 129 130.9 133.3 136.5 139.2 140.5 141.7 142.3 142.4 139.8 136.8 133.5 130.4 129 129 130.3 130.7 130.9 130.6 130 130 126.9 122.9 119.4 120.3 121.6 122.9 122.9 124.2 126.6 130 133.6 136.2 139.7 141.1 143.5 144.9 144.7 145.2 146.2 149.9 154 159.4 162 163.1 162.8 161.7 160.5 160.2 160 159.5 158.2 157.2 156.1 155.1 154.1 153.7 150.2 148
147 148.9 148.1 152.5 150.1 149.8 149.7 150.2 149.6 147.8 146.4 144.5 141.6 140.5 139.8 139.1 138.8 137.5 136.1 134.7 134 134.6 138.9 141.8 143.4 144.9 145.2 144.4 139.2 136.1 132.8 131 129.8 129 131.4 132.7 132.1 131 130.1 128.4 126.3 121.2 120.7 123.5 125.2 126.4 126.7 127.6 128.9 129.4 132.2 137.5 140.9 140.2 141.9 144.2 147.3 148.7 149.5 151.7 156.9 162 163.4 163.4 162.6 161.4 160.1 159.1 158.7 158.5 157.9 156.9 155.8 154.8 154.2 152.7 149.3 150.3
152 154 155.6 156.1 156.7 156.1 155.7 155.7 155.3 153.3 150.8 148.1 145.3 143.5 142 141.3 140.9 138.9 138.4 137.3 137 136.8 139.2 144.9 147.5 149.1 147.3 145 141.1 135.4 133 132.8 132.7 132.1 134 134.5 133.1 131.9 129.8 127 123.6 122 122.6 123.5 126 128.6 129 129.9 130.8 130.8 130 134.3 138.8 136.7 138.3 140.6 146.1 149.9 150.6 150.6 158.2 162.1 162.4 159 158.3 160.5 159.2 157.5 157.1 157 157.6 156.6 155.6 154.7 154.3 153.2 151.4 150.6
156.2 158.4 159.6 160.2 160.7 160.8 160 159.7 159.6 158.5 155 152 149.8 148.6 147.4 145 143.3 142 140.7 139.9 139.1 138.4 139.7 145.7 149.4 149.9 148.6 145.1 140.9 135 134.6 135.4 136.9 136.4 137 135.7 134.3 132.1 130.3 125.9 122.7 123.9 124.6 123.4 125.8 128.5 130.4 131.4 132.3 132.5 133.3 133 132.3 135.2 136.4 136.5 141.7 144 147.5 150.8 153.1 158.5 156.8 154.6 157 158.8 158.3 156.9 156.1 155.4 155.3 156.4 155.4 154.6 155.2 155.7 153.7 149.6
160 160.4 161.9 163 163.8 163.9 164 163.5 163.1 162.2 158.7 156 155 155 153.6 151.6 149 146.4 144.6 143.3 141.7 140.1 141.6 147.7 149.9 149.4 146.5 143 139 137.2 136.6 139.3 140.9 139.8 137.7 135.2 133.5 131.4 128.9 124.8 124.4 126.4 125.9 125.2 125.9 128 129.8 132.4 133.6 134.8 136.2 138 138.5 142 142.8 142 140.8 142 145.3 146.8 149.1 150.9 152.3 151.7 155.5 158.3 157.6 156.7 156.7 155.3 154.4 156 155.2 154.6 155 156 153.7 149.2
163.4 163.5 164.1 165.3 166 165.4 166 165.9 165.5 165.1 162.7 160.6 160.3 160.7 159.8 158.1 155.5 152.9 150.2 147.8 145.5 143.2 144.5 149.8 149.6 148.7 144.7 142.4 141.5 139.3 140 141.8 141.4 140.1 138.2 135.7 133.8 130.7 127.1 124.2 125.2 128.3 127.8 127.2 127.8 127.6 129 132 134.9 136.1 137.9 140.5 142.8 145.5 146.3 144.3 143.7 144.9 146.5 147.6 148.1 148.1 148.9 149.1 155.9 159 158.9 158.3 158 155.7 154.3 155.7 155 155 155.1 155.9 152.1 150.3
166.5 166.3 166.5 165.6 165.7 165.8 165.7 165.7 166 166.1 166.6 165.2 164.8 164.2 164.2 163.2 161.6 159.2 156.2 153.6 150.5 147.7 145.7 150.9 149.9 148.7 146.2 145.3 144.2 144.2 144.7 144.7 143 140.3 138.3 136.2 133 129.7 126.8 124.5 126.9 129.5 130 129.8 129.7 128.6 128.6 131.7 134.8 137.8 140.2 143.4 146 148.1 146.6 145.1 144.9 146.1 146.7 149.2 149.9 147.7 150.4 152 158.4 160.3 160.4 160.5 160.7 159.5 155.8 156.6 156.7 156.6 155.3 155.3 154.3 153.5
164.4 164.7 164.8 163.9 164.5 165.2 165.5 165.5 166 166.6 167.5 167.8 167.6 167.7 167.8 166.7 165.6 164.2 162.2 159.1 156.1 153.7 151.7 153.6 153 151 148.8 147.4 146.4 146.7 147.1 146.9 145 140.5 138.5 136.4 132 128.5 125.6 126.7 130.1 130.7 131.6 132.4 131.3 130 128.4 132.2 136.1 139 142.4 145.6 148 148.5 147.6 146.3 147.1 146.2 146 149.4 151.9 159.4 161.4 160.6 161.5 162.5 163.1 162.6 161.9 161.1 160.4 159.4 159.9 158.9 155 154.4 154.5 156.2
160 159.9 159.7 159.2 160.5 160.9 161.5 162.1 163.1 164 165.3 167.1 169.6 169.8 170.3 170 169 167.4 165.4 163.8 162.4 160.2 158.1 157.9 157.4 155.1 152.3 150 148.8 148.1 146.6 145.4 143.5 141.1 138.9 135.4 130.9 127.5 126.1 129.7 131.1 131.1 132.1 133.2 133.2 130.9 131.2 134.1 137.2 140.7 144.1 146.4 147.7 148.2 148.3 148.5 148.5 147.5 148.3 149.7 152.1 159.7 162.9 163.9 164.5 165 164.6 163.8 163.1 162.3 161.6 160.5 160.5 159.7 154.7 155 156.2 157.4
156.1 155.6 155.5 155.2 155.7 156.4 156.9 157.8 159.5 160.9 162.2 164 166.4 169.7 170.7 171.1 170.9 170.5 168.8 168 166.6 165.1 164.4 163.6 161.9 159.2 156.1 153.8 153.1 150.2 148.4 144.9 141.2 136.8 134.1 131.7 128.9 126.5 127.3 129.5 132.4 132.5 133.6 135.1 135.7 133 132.1 134.7 137.9 141.8 145.6 146.3 147.3 147.8 148.5 150 149.5 148.3 151.7 152.5 152.1 161 164.3 165.1 166.4 166.4 165.9 165.2 164.5 163.7 163 161.8 160.2 159.3 154.6 156.7 157.9 158.7
151.6 151.6 151.7 151.4 151.7 152.1 153.2 154.7 156.1 157.8 159.2 161 163 166.4 170.3 171.2 172.7 173.7 173 172.1 170.8 169.7 168.9 167.4 164.5 163.4 160 158.6 157.6 154.8 152.5 147.6 142.4 137.2 131.3 128.8 126.4 126 129.3 131.5 131.3 133.2 135.3 137.4 138.7 135.8 134.3 135 138.5 142.5 145.8 145.5 146.4 147.4 149.7 151 150 150 152.6 156 155.8 159.5 163.1 165 166.6 167.7 167.2 166.5 165.8 165.1 164.3 163 161.4 159 156.2 157.5 159.6 159.9
147.1 147.6 147.9 148.3 149.1 150 151.2 152.2 152.7 154.3 156.6 159 161.3 164.1 168 170.7 174.3 175.8 175.5 175.2 174.7 174 172.6 170.1 168.2 166.6 165.7 163.6 161.6 159.4 155.4 150.7 145.4 138.2 130.5 128.3 126.2 126.8 130.2 133.7 134.7 134.2 137.7 139.9 139.8 138 136.4 134.6 137.9 141.5 144.4 143.9 145.6 147.3 148.9 151.4 151.2 153 156.4 161.1 161.4 160.3 163.6 166.9 168.5 168.9 168.4 167.8 167.1 166.4 165.7 163.9 161.7 159.1 158.9 160.5 161.4 161.3
144.9 145.5 146.1 146.7 147.2 148.7 149.6 150.2 151 153 155.6 157.6 159.9 162.7 165.9 169.5 172.9 175.6 175.6 175.9 175.9 175.1 173.6 171.7 170.3 169.4 167.9 166.1 164.2 161.4 158.1 152 145.8 139.3 130.3 128 127 127.7 130.1 134.3 136.2 138.7 141.9 144.3 142.1 139.7 138.1 136.7 136.7 139.3 142 142.6 144.5 146.5 148 150.5 153.2 156.6 158.6 164.8 164.9 164.7 166.1 169.2 170.7 170.1 169.5 168.5 167.4 166.8 165.6 164 162.3 159.2 161.3 163.3 163.3 162.9
145.3 145.8 146.4 147 147.4 148.8 149.8 149.9 150.6 152.3 154.7 154.8 156.9 160.8 163.9 167.2 170.6 173.9 175.2 176.3 176.3 175.9 174.4 172.5 170.7 170.7 168.4 166.6 165.6 162.4 158 151.7 145.5 137 130 128.1 128.1 129.9 131 133 137.3 141.9 146 148 145.2 142.1 140 139.6 139.2 138.8 139.6 141.7 143.9 145.9 148.4 150.1 152.4 156.2 159.1 163.8 167.4 170.4 171.1 171.2 171.6 171 170.4 169.7 168.6 167.3 166.2 165.4 163.4 161 164.1 164.3 164.2 163.6
145.7 147 147.4 148.3 149.8 151.1 151.8 152 151.4 152.8 154.5 155.6 155.2 159.5 162.9 165.1 168 169.4 171.5 173.3 173.7 173.7 173 171.9 170.3 169 167.3 165.2 162.8 159.6 156.4 149.7 142.2 136.4 128.3 128.7 130.9 132.1 132.6 134.6 138.5 143.3 146.9 149.3 147.1 145.5 143.4 142.3 142 141.7 142.2 143.4 144.6 147.5 149.5 151.9 154.7 155.9 160.7 167 172.4 173.5 173.7 173.3 172.3 172 171.4 170.8 169.8 167.6 166.8 165.2 164.4 164.1 164.6 165.3 165.2 164.5
148.7 150.2 152.3 151.6 152.5 153.5 154 154.2 153.8 154.4 155.2 156.6 157 158.1 162 164.1 165.5 165.3 165.6 167.3 169.2 169.8 168.6 167.4 166 164.3 162.5 160.3 157.8 154.4 149.7 143.8 138.1 132 129.3 132.6 135 137.1 135.7 137.6 140.5 144.2 148.1 151.1 150 148.3 146.2 144.8 144.8 144.6 145 145.6 145.9 148.8 153.1 155.7 157.5 157.9 164.1 170.2 174.4 175.1 175.4 174.8 174 172.5 171 170.6 170.9 167.4 164.4 164.1 164.5 165.7 166.4 166.3 165.6 164.7
151.6 153.1 155.4 156.8 156.9 157 157.5 156.3 155.7 155.7 157.1 158.1 158.6 159.7 161 162.7 162.8 161.9 161.8 160.7 162.3 161.6 160.9 160.2 158.5 157.2 154.1 152.2 150.5 147.6 142.8 138.3 134.3 129.1 131 136.2 140 142.2 143.9 143.1 146.7 149.8 152.5 152.8 152.3 150.1 148.1 147.3 147.6 148.3 148.6 149 148.7 149.7 153.9 158.4 163.3 162.2 162.9 170.2 174.9 175.3 175.7 175.4 175.5 173.7 172.1 170.9 168.3 166.9 164.7 165.1 165.5 167.5 166.6 165.5 164.5 164.7
153.9 156.1 158 159.6 160.1 160.5 159.9 158.8 158.9 159 158.9 159.1 159.6 160.5 160.9 161.9 160.6 159 156.5 155.3 154.6 154.2 153.7 153.1 151.2 149.8 148.1 146.2 143.9 141.8 137 133.4 130.1 130.6 131.3 134.2 143.1 146.4 149.5 150.8 154.3 156.4 157.6 158.2 156.7 154.9 152.9 151.1 152 153 153.1 153.1 152.7 152.3 153.8 159.6 168.7 171.7 167.5 171.2 175.6 175.6 175.4 175.1 174.9 175.2 173.9 171.1 168.2 165.7 165.8 167.1 168.1 169.2 168 166.8 165.6 165.8
155.5 158.4 160.4 162 162.8 162.4 162.1 161.7 161.7 161.4 160.4 160.6 161 161.1 161.3 160.7 158.4 156.2 153.4 151.5 150.4 149.9 149.1 147.4 146.8 144.6 142.6 141.5 139.4 137.2 133.4 130.5 133.4 135.1 133.3 133.5 136.6 142.8 149.8 157 160.3 163.1 164.5 164.4 162.6 161.4 160.4 160.2 160.9 159.6 158.2 158.7 156.7 156.4 156.7 159.7 167.6 174.2 173.8 171.6 175.5 175.2 174.9 174.8 175 174.6 174.5 171 169.4 167.5 168.5 169.5 170.8 170.5 169.1 167.6 166.3 165.8
157.7 160.5 162.9 163.7 163.9 163.9 164.4 164.3 164 163.5 163 162.8 163.2 162.4 161 160.8 158.8 156.4 153.2 149.3 147.3 145.4 144.3 143.7 141.7 140.5 139.5 138.6 136.4 133.9 132.4 131 135.7 138.4 136.4 134.7 133.6 137.6 144.6 152.6 160.5 166.5 168.8 171 169.5 168.3 168.8 169.4 169.3 168.9 167.1 164.9 162.9 161.8 161.4 163.9 166.2 172.8 175.8 174.5 175.1 174.8 174.8 174.9 175.1 175.3 175.5 171.7 169.8 169.2 170.7 170.7 170.7 170 168.9 168.1 167.1 166.5
159.1 161.9 163.9 164.7 165 165.6 166.4 166.6 166.4 165.8 165.5 165.2 164.8 163.7 162.1 159.6 157.7 155.9 153.1 149.9 146.6 144.9 144.4 142.5 140.1 139.3 139.6 138.9 136 135 133 132.1 136.7 140.7 140.6 139.4 135.4 133.6 135.9 143.8 153 162.5 166.8 170.8 172.1 172.8 173.5 173.4 173.6 173.2 172.7 170.8 168.9 168 168.4 169.7 169.2 171.9 176.2 174.9 175.3 175 175.3 175.7 176 175.5 174.3 172.5 170.9 169.9 172 172.3 171.5 170.2 169.6 167.9 164.7 164.1
159 162.2 164.5 165.8 167.1 167.6 167.8 168.5 168.7 168.3 167.9 167.3 165.6 165 162.5 159.9 155.9 153.6 150.7 148.5 145.6 144.2 143.6 141.6 140.5 140.2 140.3 140 139.5 137.3 135 134.6 138.8 139.4 139.7 138.5 137.8 137.4 136 135.8 144.4 153.7 158.3 163 167.7 170.2 173.1 174.5 176.4 175.4 174.6 174.4 174.4 174.6 175.1 175.8 175.9 177.6 177.5 178 179.1 177.8 177.7 177.9 176.6 175.3 174.5 173.5 172.3 171.1 172.4 172.8 172 170.8 167.7 164.4 160.5 157.4
160.1 162.4 164 165.6 167.1 168.5 168.8 170.2 170.6 170.4 170 168.2 166.3 164.7 162.6 160.1 156.2 153.3 149.6 147.7 146.5 144.5 143.1 143 142.6 141.9 141.5 140.5 140 139.1 136.5 137.5 140.5 140.2 140.6 141.1 140.3 140.6 140.5 137 136 143.7 148.8 152.8 156.2 161.4 167.1 169.2 172.3 175.7 176.2 176.9 177.9 179.9 181.1 181.3 181.6 181.6 181.5 181.7 181 180.2 179.3 177.7 176.4 175.1 174.2 173.8 173.4 172.6 171.5 171.8 167.9 163.8 162.9 160.3 155.9 154.5
161.3 161.4 164 165.5 166.8 168 169.1 170.5 171.1 171 170.8 169 167.2 165.4 163.9 161.1 159.2 157.2 154.5 150.2 148.6 147.2 145.4 145.7 144.7 143.9 142.6 141.3 140.4 139.6 138.3 139.1 141.6 142.6 143 143.5 142.3 141 141.3 139.8 137.9 137.3 141.9 145.8 147.1 151.6 157.8 161.7 166.8 172 175.5 178.4 179.8 182.2 183.4 184.3 184.5 185.2 185.1 183.5 182.3 181.1 179.2 178.6 177 175.3 174.1 173.7 173.2 172.5 171.4 166.9 162.3 160.4 159.5 157.5 156.9 156.5
162 163.7 165.3 165.6 166.9 168.2 169.5 170.6 171.2 171.1 171 169.6 164.9 164.5 163.9 163.1 161.1 159.4 157.9 155.8 153.2 150.7 149.2 147.5 146.6 145.5 144.6 142.9 141.2 139.9 139.3 141.3 143.5 145.2 145.6 144.8 143.6 142.2 141.8 140.7 139.4 138.8 138.9 143 146 149.6 149.3 154.7 160.4 166.4 172 177.6 180.7 182.8 184.6 185.9 186.6 186.4 185.5 184 182.5 180.9 179.1 179.5 177.6 175.7 174.5 173.9 173.2 172.1 169.8 163.5 159.1 160.2 159.4 160 160 159.7
163 164.5 166 166.2 167.4 168.6 169.8 170.7 171.3 171.2 171 169.6 165.8 165.5 165.8 165.1 163.6 162.2 160.5 157.2 155.2 153.1 150.7 148.9 148.1 146.2 145.7 143.4 141.2 139.4 140 142 144.2 145.8 147 146 144.7 143.8 143 141.9 140.6 139.7 139.9 142.1 147 151.2 151.8 150.2 155.3 160.6 166.5 173.7 179.4 183.2 185.2 187.2 188.3 187.5 186.6 185.4 183.7 182.1 179.7 180.6 178.4 175.9 174.9 174 172.7 171.3 166.2 161 160.8 161.2 161.6 162.7 163.1 162.9
164.5 165.9 166 167 168.1 169.3 170.4 171 171.5 171.2 170.6 169.9 167.2 167.3 166 165.3 163.7 161.5 159.7 158 155.5 154.5 152 149.8 149.2 147.4 145.7 143.6 141.3 141.1 141.4 143.4 144.4 145.9 147.4 148 145.5 145.3 144.5 143.2 141.9 141.4 141 145.4 147.8 153.9 158.6 156 154.6 155 160.7 168.1 176.2 181.9 186.1 188.3 189.4 188.7 187.9 187.1 185.5 184.1 182 180.1 176.9 175.3 172.5 172.2 171.7 170 165.1 163.2 164.6 164 164.1 166 166.2 166.1
165.6 165.9 166.6 167.7 168.5 169.7 170.6 170.9 171.4 171.5 170.9 169.9 169 167.3 166 165.4 164.1 162.7 161.2 157.9 155.4 154.7 152.4 150.1 149.1 147.5 145.8 143.9 142.7 143.8 144.3 144.2 144.1 145.3 147.7 146.5 145.8 146.5 145.6 144.6 143.3 143.3 143.4 145.2 148.7 155.1 160.1 161.3 159.8 156.6 156.4 163.3 173.1 182 186.1 189.4 190.3 189.6 189.1 188.8 187.1 185.4 184.2 181.2 175.2 171.8 169.6 169.9 168.3 164.2 164.2 165 166.9 164.8 166.8 169.1 170.6 169.2
166 166 167.1 168.2 169.3 169.7 170.2 170.7 171.2 171.7 170.5 169.2 168 167.2 166 165.5 163.5 161.4 160.1 157.4 155.3 154.6 152.4 150.3 149.9 148.4 146.2 144.1 144.7 145.3 145.1 144.7 144.1 146 147.9 147.9 147.8 147.2 146.2 145.2 144.6 144.8 145.2 147.5 149.5 156.6 161 165.7 164.3 160.7 158.9 161.2 166.4 181.6 186.5 189.4 191.5 191.4 190.7 190.8 188.2 185.7 184.3 180.5 174.8 171.1 170.1 166.9 164.4 164.7 164.9 166.7 168.8 168.5 170 170.6 172 172.1
165.9 165.9 166.6 167.7 168.8 170.7 171 170.9 171 170.3 169.2 168 166.8 165.9 164.8 165.5 163.3 161 159.6 157.9 156 155.4 154.7 152.5 150.4 149.4 146 145.6 147.8 148.6 146.8 145.8 145.3 147.2 148.8 149.2 148.7 149.5 148.9 147.9 146.5 145.3 146 148 151.7 157.8 162.9 166.6 167.7 164.8 161 162 165.1 177.5 186.6 191.5 193.5 193.9 192.3 192.9 190.2 186.7 182.4 178.5 175.1 172.6 170.3 165.2 165.1 167.8 168.1 169.2 171.5 173.7 175.9 174.5 176.3 174.4
165.5 165.7 166.3 167.2 168.9 170.7 169.8 169.4 169.8 169 167.8 166.8 165.7 164.4 164.4 164.7 163.7 161.6 160.6 159.4 158.2 157.1 156.1 153.7 150.8 148.3 145.6 147.9 149.9 151.8 150.2 148.8 148.3 149.1 150.2 150.3 150.4 151.6 151.2 150.8 149.3 147.4 148.7 150.7 154.3 158 163.4 167.5 170.5 170.4 168.4 165.3 163.8 171.6 184.7 191.3 194.3 195.8 194.3 195.1 192.2 187.8 183.1 180.9 176.7 172.2 170.2 164.4 166.7 171.1 174.6 172.7 174.2 177.8 179.1 177.7 179.4 179
