STL Generation/terr50_gagg_gb/data/SU92.asc
ncols 200
nrows 200
xllcorner 490000
yllcorner 120000
cellsize 50
[rows 38 to 75 of 200, columns 0 to 84 of 200]
82.2 82.2 79.1 72.8 68.1 63.5 71.4 76.5 80.5 78.7 82.2 82.9 82.3 80.7 78.1 75.7 75.7 76.2 78.9 79.8 81 78.6 80.9 80.9 82.3 83.8 82.4 80.8 89.9 95.4 97.9 98.1 98 98.6 99.8 100.5 103 106.5 110.1 111.4 108.3 102.8 98.2 96 95.3 92.6 89.5 86.4 83.7 82.3 80.3 79 77.7 77.7 77.1 76.1 75.2 74.3 73.4 72.8 72.1 70.4 69.8 68.1 66.2 64.5 63.9 62.7 57.8 59.4 59.3 53.9 54.3 57.6 56.8 53.8 55.1 56 59.3 62.9 63.2 63.3 67.3 75.2 83.5
82.7 82.1 78.2 70.6 62.7 66.6 75.8 81.1 82.8 82.2 82.2 82.6 82.8 80.3 77.9 75.3 73.4 73.8 75.2 75.8 75.2 75.9 81 81 81.6 82 81.5 81.9 86 87.9 90.2 90.6 90.7 90.8 90.9 92.7 96.9 100.4 104.4 107 104.6 99.5 95.6 93.4 92.9 91 87.9 84.9 82 79.7 78.6 77.3 76 76.2 75.6 74.6 73.6 72.7 71.8 71.3 71.9 71.3 70.1 68.4 66.5 65.3 63.2 61.9 58.9 59.7 60.5 59.6 58.2 54.6 53.9 52.5 53.3 54.6 55 57.6 60.3 62.7 67.5 75.9 85.5
81.6 79.6 75.6 68.7 60.4 68.2 77.1 80.3 83.9 84.2 82.6 83.5 83.6 81.8 79.6 76.3 72.6 71.4 72.4 73.6 74.2 75.6 80.7 81.7 80.3 80.6 79.5 76.6 80.8 82.3 83.9 84.5 85.1 85.6 86.2 87.8 91.5 96.4 101.9 105.3 100.6 96 92.2 90.3 89.4 88.5 85.8 82.9 80.7 78.1 76.2 74.8 73.6 73.7 73 72.3 71.9 71.1 70.4 71.1 72.2 73.3 73.3 70.6 68.2 66.5 63.8 62.9 62.3 63.2 64.8 61.8 58.4 55.7 53.5 52.2 53.4 56.1 57.2 58.9 59.8 62.1 66.3 76.4 86.4
79.8 75.3 71.4 66 62.6 67.9 74.1 79.1 84.5 85.9 84.1 81.5 84.3 82.8 80.3 76.4 72.8 69.1 70.1 71.1 71.4 76 81.4 82.6 80.7 78.9 77.7 76.1 77.3 79 79.3 79.8 80.6 81.3 82.1 83.5 87.6 93 100.1 100.5 96.6 92.6 88.5 87.5 86.5 85.8 83.9 81.7 79.6 76.6 74.7 72.6 71.8 72.3 72.4 70.7 70 69.6 69.4 72.4 74 77.1 78.4 77.8 74.4 68.8 64.8 64.5 65.8 66.2 65.6 63 59.2 56.6 54.3 53 53.2 57.8 59.6 59.4 59.6 61.3 65 71.6 81.9
74.5 71.3 67.4 64.2 59.6 65.6 73.5 81.2 85.5 86.7 85.1 79.9 81.1 80.7 77.3 72.5 68.8 68.6 68.3 68.4 69.1 72.9 78.8 80.6 79.6 76.8 74.7 74.6 73.8 74.6 74.5 75.1 76.1 77.3 78.4 81.8 85.3 92.1 97.1 98.5 94.9 90.2 86.5 84.7 84.4 83.2 81.8 80.6 78.9 74.7 72.4 70.1 69.1 69.8 70.8 70.5 69.1 69.3 69.9 72.7 75.7 79.7 81.9 82.8 80.9 73.2 68.6 66.2 65.7 65.1 63.4 62.6 60.1 57.7 55.5 53.8 52 60.4 60.6 59.1 58.9 60.5 62.6 66.9 73.3
69.4 67.2 66.4 60 59.8 68.3 77.2 83.4 87.8 88.6 83.9 78.2 76 75.9 71.6 68.5 67.8 67.4 67.1 67.5 67.6 71.3 80.2 81.7 80 78.4 69.3 71.2 70 70.9 70.4 71.8 72.7 73.9 75.5 79.6 84.1 92.2 95.8 95.8 92.1 86.9 82.8 82.7 82.4 80.5 79.7 80.5 78.6 73.7 70.5 69.1 67.2 67.2 68.3 69.4 70.2 70.9 70.5 73.1 76.1 77.9 82 85.8 84 78 71.4 67.1 62.8 62.6 61.5 60.9 60.7 58.8 56.7 54 52.2 58.3 57.7 56.3 57.1 59 61.4 64.7 68.6
64.4 64.6 66 59.5 60.9 66.3 75.2 81.3 86.2 86.7 80.9 74.3 71.1 69.5 68.2 67 66.6 66.2 66.2 66.6 67 72 80.2 80.6 76.7 68.8 68.2 68.9 69.2 68.4 68.2 69.1 70 71.1 71 76.2 85 92.1 94.9 91.7 86.6 81.8 79.1 80.8 80.2 79.6 79.1 79.2 76.9 72.3 69.4 68.5 66.9 64.3 65.5 70 71 71 70.9 73.7 74.8 76.5 81.9 85.6 84.4 80.2 72.3 66.3 61.7 59.5 60.7 60.7 60.5 58.9 57 53.3 50.5 56.4 56 54 55.8 58.4 61 64.1 65.6
62.8 62.4 61.5 58.4 60.9 65.5 71 77.3 84.3 85.9 78.9 70.9 67.7 66.5 65.9 65.3 65.4 65 65.4 64.8 67.5 71.8 78.7 75.3 69.6 64.8 67.6 67.5 67.3 66 67.2 66.6 67.5 68.8 69 77.3 86.2 91 91.1 87.1 82.5 77.2 78 80.1 79 77.2 76.8 76.6 75.2 70.6 66.9 66.2 65.7 63.6 63.9 70.5 71 70.7 69.1 70.6 71.9 73.3 76.7 82.1 85.4 80.4 73.3 63.5 59 58.7 59.6 60.6 60.3 59 57.3 54.7 49 53 52.7 54.2 55.8 58.3 61.2 63.6 65.9
61.3 61.2 60.9 56.1 58.4 62.8 67 71.5 79.6 83.1 78.4 71.1 66.8 64.8 64 64.1 64.4 64.2 63.6 63.9 66.6 70.6 74.4 70.3 65.3 64.5 66.1 66 65.5 65.6 65.6 64.6 65 66.6 72 79.9 86.3 89.1 86.6 83.3 77.9 74.4 76.7 77.4 76.3 75.4 75.6 75.6 75.4 69.2 65.3 64.8 62.1 62 63.9 68.6 69 67.8 67.2 67.5 69 70.3 72.2 76.8 82.5 81 74.2 64.8 59.3 58.1 59.5 60.1 60.4 59 57.4 55.8 53 49 48.5 51.3 55.4 58.1 60.5 62.8 65.8
60.7 60.7 59.9 55.3 54.6 60.9 62.7 66.7 77.2 80.9 78.1 72.6 67.9 64.4 64.2 63.4 63.7 63 62.3 62.1 64.7 67.2 68.3 67.2 63.7 63.3 63.9 64.3 64.7 62.6 60.3 62.7 65.3 69.1 74.1 82.5 85.9 84.9 83 77.5 71.6 72.5 74.7 75.8 74.8 74.2 73.6 74.1 72.5 67.2 64.7 64.1 62.2 61.4 63.9 66.1 65.5 64.8 65 65.5 65.6 68 69.3 73.3 80.4 80.7 74.9 66.3 59.9 57 57.2 58.4 58.7 58 57.4 55.3 53.3 49.6 47.1 51.2 54.4 57.5 59.8 62.3 65.6
59.4 59.4 57.6 53.3 53.4 56.3 59 66.3 76.3 80.7 76.8 72.4 68.2 65.2 63.8 62.6 62.6 61.9 61.3 60.7 62.4 63.2 62.8 62.8 60.8 61.8 62.3 62.8 63 61.2 59.1 63.5 68 71.7 77.7 83.7 85.6 83.5 78 70.3 68.9 70.4 72.2 73.9 73.5 72.9 72.3 71.7 69 66.2 64.5 63.8 62.7 58.8 61.4 63.8 63.3 62.6 63 63.5 64.7 66.7 68.1 70.6 75.6 79.6 75.6 67.7 60.2 56.7 54 55.6 56.6 55.9 55.2 53.9 52.9 46.4 46.8 51 53.4 56.5 59.3 61.8 66
58.6 58.2 55.8 51.4 53.9 58.9 62.6 67.8 74.8 78.3 75.7 71.8 68.3 64.7 63 62.1 61.5 60.8 60.2 59.7 59.3 59.7 59.9 59.9 59.8 60.4 60.4 61.2 61.6 60 61.6 64.2 68.3 74.9 80.4 81.8 81.4 78.1 72.1 68.3 67 68.7 70.4 71.7 71.1 70.6 70.1 69.6 68.5 66 64.2 63 61.4 55.9 59.6 61.7 60.4 60.6 61.1 61.6 63.2 65 64.9 69.9 76.5 80.5 75.7 66.7 59 56.7 55.3 54.7 54.4 53.6 53 52.4 51.4 46.7 49.3 51.8 54 56 58.6 61.6 64.8
57.7 57.5 51.1 53.6 62.9 70.8 76 75.2 75.7 75.5 73.4 71 67.6 64.7 62.6 61.1 60.5 59.9 59.3 58.8 58.3 57.4 58.1 58.4 59.5 59.1 58.5 57.9 60.2 57 60.9 64 68.8 75.2 78.6 80 77.4 75.6 71.4 67.5 65.1 66.4 68.5 69.3 68.8 68.3 67.7 67.2 65.8 64.9 63.5 61.7 60.4 55.2 57 59.5 59.5 59.1 59.1 60.1 61.8 64.1 67.2 71.1 76.9 80.7 76.2 68.1 58.8 57 56.3 55 50.6 50.4 50.1 49.4 46.1 46.7 50.8 52.7 55 57 59 61.4 62.1
57.3 52.3 50.5 58.7 69.7 78 80.3 77.5 73.8 69.9 69.7 68.7 65.4 63.6 61.7 60.2 59.6 59.1 58.7 58.2 57.6 56.8 56.8 57.6 58.2 58 57.3 56.8 58 56.8 60.2 63.3 67.5 75.2 76.7 77.2 74.6 74.7 71.4 68.8 66.2 65.2 66.7 67.3 66.8 66.3 65.8 65.4 64.5 64.4 62.8 62.2 61 57.1 54.6 58 58.8 59.3 59.2 60 62.8 67.1 70.9 73.3 77.9 80.9 77.3 70.1 60.8 58.6 57.5 56 49.9 49.3 46.9 46.8 44.1 50.8 50.6 53.5 55.9 57.9 59.2 59.5 59.2
56.7 53.3 48.9 60.7 72.8 76.6 78.1 75 70.3 65.9 66.9 66.3 64 62.4 60.8 59.4 58.9 58.4 57.8 57.2 56.7 56.1 55.6 56.6 56.8 56.9 56.3 57.8 52.3 58.5 59.9 62.5 66.9 73.7 76 74.7 76.7 75.8 72.6 70.2 67.7 64.9 64 65.2 65.2 65 64.9 63.8 61.7 62.6 62.1 61.6 60.7 58.8 54.3 56.7 57.5 58.2 59.8 62 63.8 68.5 71 71.3 76 80.9 78.1 72.6 65.1 60.7 59.5 56.2 51.7 51.4 49.9 46.1 44.2 47.5 50.1 54.6 56.7 58.1 59 58.1 57.3
57.1 53.8 48.5 58.1 67.6 72.8 73 71.2 66.8 62.6 59.6 62.6 62.7 61.1 59.5 58.5 58 57.4 56.8 56.3 55.7 55.1 54.9 54 55.1 56.2 56.4 58.1 53.2 58.3 59.7 61.5 65.1 69.8 70.6 74.9 80 81.5 77.6 73.5 70.2 66.3 62.6 63.3 64.1 64.1 64 62.7 61.3 61.2 61 60.8 59.6 57.5 51.4 54.8 56.4 57.4 60.3 62.5 63.8 66.8 69 66.9 71.1 75.9 76.8 74.2 69.5 63.3 59.6 55.7 53.6 52.4 50.4 48 45.1 43.7 46.5 53.4 57.2 58.2 57.9 56.8 55.6
55.3 54.4 48.3 54.7 60.8 64.7 69 67.8 66 62.6 60.3 60.8 61.4 60 58.8 57.6 57 56.4 55.9 55.3 54.7 54.7 54.3 52.2 51.7 53.8 55.9 56.9 56.2 57 57.3 60.1 62.7 65 71.3 79.8 83.3 83.2 79.9 75.6 70.2 66.4 63.8 61.3 62.7 62.5 62.2 60.5 60 59.3 60.5 60.1 58.3 56.6 49.8 52 54.8 57.5 61 61 62.5 64.6 65.7 63.2 64.6 70.2 73.4 73.6 70.2 64.2 60.7 56.7 53.9 52.4 50.3 48.3 47 41.7 43.6 49.1 55.8 56.4 56.5 55.5 54.2
54.1 53.5 46.9 51.4 56.1 59.9 64 66 66 62.2 60.1 60.4 60.9 59.8 58.5 56.8 56.1 55.5 54.9 54.3 54.5 54.6 53.6 52 49 50.4 52.4 52.1 52.5 55.5 56.9 59.3 61.7 67.2 74 78.2 81.6 81.6 78.5 75.5 70.6 66.9 64.3 61.4 61.4 61.3 59.9 57.3 55.2 54.8 56.7 57 56.4 54.2 50.5 52.6 53.8 56.6 58.6 59.1 61.1 62.2 62.8 58.5 58.3 63.3 71.1 72 70.2 64.9 61.6 58.1 54.2 52.5 50.8 48.1 47.6 46.9 40.5 46.4 53.8 56 56.1 55.5 54.2
47.5 46.4 46.6 47.7 54.2 58.2 61 64.7 64.6 60.9 58.4 57 60.9 60.6 58.9 56.8 56.2 55 54.1 54.2 54.3 54.4 54.2 53.6 52.1 47.1 47.6 45.4 51.3 54.3 55.1 57 59.7 66.6 71.5 76.2 79.1 79.4 76.7 74 71 66.4 63.1 60.7 57.9 59.1 58.7 56.2 53.4 53.3 53.8 53.8 52 49 51.1 51.9 53.3 55.5 58.9 60.9 60.4 60.7 60.8 56.4 53.8 58 65.4 69.7 68.8 64.7 61.1 57.7 54.7 52.6 51 49.1 47.9 46.7 41.9 42 51.8 56.1 55.9 55.5 54.2
49 49.3 46.2 46.1 49.4 54.2 58.4 61.3 62 59.2 55.8 55.7 60.2 60.7 59.1 57 56.4 55.9 54.9 53.9 52.8 53.3 54.4 54.4 53 50.9 46.5 44.2 51.8 52.9 53.6 54.8 58.2 64.6 68.9 74.1 77.6 77.9 75.4 73 70 65.3 61.2 59.2 55.7 57.6 57.1 54.8 52.2 51.6 51.7 51.8 51.1 49.8 50.6 50.1 52.6 55.5 59.2 61.4 60.8 59.7 59.9 55.2 51 54.8 61.3 64.9 65.1 63.2 60.8 57.9 54.9 52.1 51.1 49.9 48.4 46.2 45.1 39.1 49.5 56.1 55.9 54.9 53
52 50.7 47.9 45.5 46.6 50.6 56.7 58.2 59.4 57.6 55.4 54.7 59.2 59.7 59 58.3 57.3 56.3 55.3 54.1 52.9 52.2 52.9 53.5 52.6 50.8 47.5 45.6 52 52.1 52.2 53.7 56.6 62.3 67.1 71.2 74.7 76.1 73.8 70.3 67.3 62.7 58.1 56.8 54.5 54.9 55.6 53.8 51.1 49.3 50.2 50.9 49.9 50.4 49.6 50.9 55.5 58.7 62.5 62.9 61.7 59.2 54.4 52.4 49.3 50.1 56.8 60.4 60.5 59.7 60.7 58.1 55.1 52.1 50.9 50.8 48.2 46.5 44.5 39.7 50.5 56.1 55.2 52 50.6
52.5 50.3 51.2 46.7 44.6 46.8 51.6 56.7 57.6 56.7 55.2 54.3 57.5 59.1 58.5 57.9 57.3 56.6 55.6 54.3 53.2 52 52.1 52.4 51.7 49.3 45.1 46.9 51.6 51.2 51 52 55.5 59.7 64.7 67.9 71.6 74 71.6 70.1 66.5 59.5 56.9 54.9 53.4 53.5 54.8 53.2 49.1 49.8 49.4 50.2 48.4 49.7 50.2 51.6 56.8 63.9 66.2 66.4 63.1 60.7 57.6 52.9 48 48.7 52.8 56 55.9 56.8 59.3 58.1 55.2 52.2 49.8 49.3 47.6 45.8 40 39.3 50.1 53.6 53.4 50.8 49.7
53.9 53.2 53.1 51.8 48.2 44.3 45.6 52.5 56.4 55.6 54.7 52.9 56.7 58 58 57.3 56.7 56.1 55.5 54.2 53.1 52.1 51.3 51.1 50.6 46.5 43 47.9 51.2 50.3 48 52.1 55.2 59.1 63 64.2 67.6 70.7 71.1 68.6 64.9 59 56.5 54 52.6 51.5 52.6 49 49.8 50.3 49.5 47.7 44.1 49.3 50.6 52.6 59.6 65.6 67 66.7 65.2 61.3 55.6 50.6 46.1 46.8 49.4 52 53.9 54.3 57.4 56.9 55 52.1 50 48.4 46.8 45.1 39.6 43.8 50 51.7 50.8 49.6 48.9
57.5 55.8 54.2 53 51.7 46.8 43.6 46.3 52.9 53.6 50.9 53.2 56.5 57.2 57.1 56.5 56 56 55.2 53.5 51.8 50.7 48.9 50.5 49.2 42.4 43.7 49.9 50.4 49.7 45 48.7 54.1 58.1 60 61.8 63.9 66.2 67.4 65.3 63 58.8 56.2 53.6 52 51.4 51.3 49.9 47.7 48.1 47.2 45 44.6 49.3 51.3 54.7 61.4 65.9 67 65.9 63.2 58.7 52.8 49.3 44.3 45.4 47.7 50.1 52.1 53.2 56.1 55.7 54.8 52.3 49.6 47 45.4 43.7 38.4 47.5 50.8 50.1 49.6 48 46.6
63.2 60.7 57 53.7 51.1 47.4 43.5 43.9 46.3 51.3 48.5 52.3 55 56.2 54.8 55.9 55.9 55.9 54.7 53 51.3 49.5 49.2 49.1 48 41.7 45.7 49.7 49 45.5 42 43.9 52.2 56.9 57.4 58.2 59.2 59.3 60.3 59.6 59.5 57.8 55.4 52.9 52 52 50.9 51 49 45.9 45.4 44.3 48.9 51.3 53.4 57.9 63.4 66 66.3 65.6 59.8 56.6 50.7 45.9 44.4 45.3 48.7 50.7 49.9 52.9 55.9 57.2 54.9 51.6 48.9 46.3 45.1 40.4 40.6 47.5 49.5 49 48.3 46 45
69 64.4 59.8 56 53.6 51.5 45.3 44.4 44.1 45.8 44 49.1 51.6 53.2 52.9 54.6 55.9 54.4 53.4 52.2 50.5 49.4 48.8 46.1 46.1 41.4 41.5 43.4 42.4 40.9 39.1 40.2 49.3 56.3 57.1 57.1 55.3 54.1 54.1 54.4 55.1 55 52.6 51.1 50.3 49.8 50.1 51 50.4 46.7 43.5 45.2 50.8 53.2 55.1 59.9 62.8 63.2 64.3 63.5 59.8 54.8 48.7 44.4 44.1 47.2 49.8 49.7 48.3 50 54.3 55.8 55.4 51.8 48.3 45.5 45.5 39.9 41.1 46.4 47.9 47.5 46.8 46.7 45.7
70.3 67.7 63.4 60.9 56.8 53.5 51.9 47.7 43.1 43.5 44.3 43.8 44 44 48.1 52.2 51.8 53.1 52.2 51.1 49.9 49.2 48.3 46.7 43.2 40.4 39.6 39.3 39.1 39.6 39.5 39.9 48.3 56.7 56.6 55.7 53.6 51.5 51.3 50.3 50.8 51.4 50.8 50 49.3 48.6 48.8 49.8 49.5 46.4 41.6 50.5 52.7 54.8 55.4 58.8 61.1 59.5 61.9 61.9 58.8 52.8 46.6 43.2 44.2 46.7 47.4 46.7 45.8 45.4 51.2 55.9 55.6 52.4 48.8 45.2 42.2 39.1 40 45.9 44.5 44.7 45.3 45.2 45.8
70 69.2 68.2 67 64.4 60.1 55.8 54 50.5 51.4 51.3 48 44.1 44.1 46.1 45.1 47.5 49.1 50.9 50.6 49.7 48.5 46.4 44 43.1 40.1 42.8 44.8 45.4 43.4 39.9 40 49.3 56.6 56 54.1 51.8 49.6 49 48.4 49 49.6 49.9 49.2 48.4 48.1 48.2 48.3 47.9 45.4 44.5 51.5 52.7 53.2 53.4 54.1 56.6 55.7 60.9 60.8 56.1 50.8 46.6 42.5 39.2 41.5 43.3 42.3 42.9 45.9 51.4 55.9 55.7 52.5 48.8 45.9 42.8 39.5 39.2 42.7 40.9 39.7 43.5 45.1 45.4
68.3 68 67.8 67.2 65.5 63 60.6 57.1 55.7 55.7 53.5 52 50.7 44.8 44.2 44.4 43.5 45.5 48.2 48.3 47.3 46 43.9 44 43.6 44.8 47.1 46 45.1 45.8 40.4 41 51.8 56.3 55.5 54.1 51.1 49 48.3 47 47.6 48.4 49.1 48.4 47.7 47.6 47.6 47.7 47 43.6 46.3 49.7 50.6 50.8 51.5 52.1 52.2 52.6 58.4 58 54 50.2 47.1 43.5 40.3 39.7 39.2 39.2 43.8 48.5 53 55.9 55.5 52.1 49.2 46.6 43.4 39.5 39.7 37.1 36.5 43.5 45.9 46.2 45.1
64.3 64.7 64.3 63.8 63.4 60.7 58.3 57.5 55.9 55 53.5 51.5 48.1 45.6 44.1 43.2 42.7 43.9 42.8 43.6 43.7 43.2 43.8 44.1 45.4 49.8 48.7 47.6 46.4 45.3 40.7 43.3 52.6 55.9 55.4 53.9 51.9 49.2 47.6 46.4 46.1 47.3 48.3 47.5 47.2 47.1 47 47 46.1 43.8 44.6 47.4 47.2 48.7 49.5 49.1 49 50.6 55.9 56.1 52.9 49.4 46.3 43.4 41 40.2 39.4 39.1 47.4 51.7 55.9 55.9 55.2 51.8 49.1 46.7 44.2 40.9 40.1 36.3 35.7 42.6 46 47.6 46.9
60.7 60.7 60.5 60.5 60.3 58.3 55.9 54.9 51.8 51 50 44.9 43.6 43.8 47.8 50 46.5 46.7 45.3 43.7 43 45.3 50.6 51 51.5 51.4 49.6 48.1 46.8 45.4 39.1 40.9 51.3 53.4 53.2 53.3 51.3 48.9 47.5 46.6 44.7 46.2 47.4 46.7 46.7 46.6 46.5 46.3 45.6 46.6 39.1 45.1 44.3 46.4 47.4 46.9 45.8 48 52.6 53.1 51.1 49.4 46 42.1 40.7 40 35.3 38.6 45.4 51.9 55.9 55.9 55 51.7 48.8 46.1 45.6 43.4 41 37.8 34.1 41.1 47.9 49.9 48.7
57.8 56.2 56.6 57.2 56.7 54.8 52.3 49.7 44.1 44.1 43.2 43.9 44.1 46 52.6 53 46.7 53.7 55.6 53.7 53.7 58 55.8 55.3 56 54.7 52.3 49.4 47.1 45.8 40.9 39.5 46.8 50.8 51.4 51.4 50.3 48.7 47.7 46.5 45.1 45.6 46.3 46.2 46.1 46.1 45.8 45.5 45.6 45.7 44.3 40.1 42.1 44 45.5 44.9 44.1 45.4 48.2 48.6 49.1 46.4 43.6 41.8 40.5 39 35.4 33.6 42.2 49.3 54.2 55.1 54.5 51.6 48.5 45.8 44 42.7 41.5 38 34.5 42.7 50.2 50.8 48.4
55.1 54.7 51.9 52.8 50.5 48.9 49.8 47.7 48 50.9 50 49.8 47.8 46.2 54 54.4 54.5 54.9 58.1 59.6 61.1 59.3 58.7 58 59 58.8 55.8 52.6 50.2 47.3 43.3 39.4 41.6 48.5 49.6 49.4 48.5 47.8 46.7 45.5 44.2 43.3 43.8 44.2 44 43.4 43.2 44.2 44.4 44.6 44.2 40.2 39.3 41.4 42.6 42.5 41.2 41.8 43.1 43.8 43.9 39.5 38.4 38.1 39.7 37.6 34.6 33.5 37.8 44.5 50 51.1 51.4 49.5 47.5 45.7 45.3 42.4 39.5 36.6 34.1 42.4 50.1 50.7 48.3
56.2 56 57.1 50.5 51.2 55 55.4 53 55.8 56.3 53.6 52.3 51.2 49.1 53.8 54.8 55.7 51.4 57.2 60.5 61.2 61.2 60.3 59.6 61.2 61.5 59.3 54.2 50.4 47.7 45.6 42.8 40 42.3 47.1 47.8 47.1 46.4 45.6 44.5 42.4 40.7 41.5 40.8 40.3 40.1 41.9 42.9 43.3 43.3 43.2 42.6 37.1 39.5 41.6 40.5 39.1 38.4 38.3 36.4 35.7 33.6 34.4 35.5 37.3 36.2 34.4 33.3 33.8 38.6 44.2 45.1 47.2 47.2 45.6 45 44.1 41.9 39.6 36.4 33.5 39.7 47.1 49.1 46.3
57.5 55.2 54 58.7 60.6 60.5 59 57.8 57.4 57.3 56.1 54.7 52.6 49.6 52.9 54.9 55.3 54 56.4 59.5 60.7 60.9 60.2 60.3 60.5 59.4 58.1 55.4 51.1 48 46.5 44.5 40.8 39.1 43 46.3 45.7 45 43.9 42.5 40.9 39.3 39.1 38.3 36.4 36.6 39.7 41.9 42.1 41.7 41.5 41.2 38.6 35.8 37 36.6 35.5 34 34.2 34.1 34.8 34.4 34.8 34.7 35.2 34.3 33.7 33.1 33.1 33.1 37.3 40.4 42.8 43.4 43.9 43.7 42.7 40.6 38.4 36.7 32.7 35.8 44.5 46.1 44.1
58.3 55.9 54 60.6 60.7 60.7 60 59 58.7 58.3 57.4 55.7 54.3 49.1 53.7 55.5 56.5 56.4 57.9 59.3 60.4 60.6 60.9 60.2 58.2 56.9 55.2 53 50.5 47.7 46.1 45.6 42.8 38.4 38.9 42.6 43 42.7 41.5 40.1 38.4 36.7 36.5 36.6 36.5 36.2 34.1 39.3 40.6 40.3 40.2 40.4 39.9 36.1 33.8 35.4 36.5 34.9 37.4 38.4 37.2 36.8 36.7 36.9 35.8 34.7 34.1 33.6 33.7 34.2 33.7 38 40.1 41.3 42.3 42.5 41.4 39.4 37.8 36.3 33 32.5 40.3 42.9 41.6
60.1 57.2 57.6 61 60.9 60.8 59.9 59.1 59.1 59.7 58.6 56.9 55 49.6 54.2 56.1 57.4 56.8 58.5 59.4 61 60.7 60.5 59.1 57.1 54.6 52.4 50.9 48.9 46.2 45.7 44.1 39.2 40.3 39.3 40.2 40.2 40 39.1 37.6 37.2 37.2 39.4 42.2 41.7 39 36.6 35.1 36.3 40.2 38.7 34.7 34.1 35.8 38.8 39.7 40.5 40.8 40.2 40 39.7 39 39.3 38.9 38.5 36.6 34.8 34.2 34.7 35.3 35.8 38.6 38.9 39.7 40.6 41 40.7 39.4 37.9 36.4 33.3 32.1 33.6 37.6 40.3
59.3 59.6 59.2 61.2 61.6 61.4 59.4 59.5 59.8 60.8 59.5 57.7 55.7 51.7 54.8 57 58.7 58.6 59.2 60.8 62.6 61.8 60.7 58.7 56 53.4 50.4 49.3 48.5 45.1 43.5 41 45.7 46.1 41 39.4 39.2 39.1 38.5 38 38.8 43.2 47 46.2 44.6 42.4 40.5 37 34.8 34.5 33.5 34.2 36.4 41.3 41.4 41.5 41.6 41.8 41.6 41.4 41.4 40.5 40.2 39.6 37.7 35.8 35.6 35 35.2 35.5 35.8 38.4 37.8 38.8 39.7 40.7 39.1 38.5 37.9 37.2 35.5 33.4 31.8 33.1 35.4
