STL Generation/terr50_gagg_gb/data/SX54.asc
ncols 200
nrows 200
xllcorner 250000
yllcorner 40000
cellsize 50
[rows 0 to 37 of 200, columns 84 to 167 of 200]
29.5 20.1 1.8 0.5 -0.8 -1.6 5.3 4.1 -1.6 -1.6 -1.6 -0.9 0 0.9 1.9 14.3 28.8 37 48.5 57.5 63.5 67.3 70.4 73 75.2 75.4 73 67.4 62 51.1 41.3 27 19.1 34.7 47.5 53.1 57.6 60.6 61.3 63.2 64 63.9 62.5 62.8 63.2 65.7 70.5 74.9 78.4 81.8 85 87.1 90.5 94.1 96.4 98.5 98.9 98.9 98.4 96.4 95.6 95.3 96.1 97.5 98.8 99.3 99.4 99 99.8 101 102.8 103.6 103.1 103.2 103 104.5 105.6 106.9 107.9 108.1 106.8 106 103.5 100.8
31.5 27.3 13.8 1.2 -0.4 -1.6 5 -1.6 -1.6 -1.6 -1.6 -0.2 0.8 1.7 7.4 22.9 36 44.9 54 61.4 66.7 70.3 74.5 78.5 81.1 80.3 75.4 68.7 60.1 50.7 41.9 35.2 25 25.2 36.9 48 52.8 55 57.2 59.6 60.3 58.8 56.4 56.8 59.3 62 66 70.7 75.4 79.8 83.3 87.3 90.9 94.6 96.2 97.8 98 97.6 97.3 95.6 94.4 94.1 95.6 95.4 96.8 97.6 98.6 98.6 99.3 99.8 101.7 102.2 101.5 100 100.2 102.2 103.5 105.1 106.6 107.9 107.1 104.4 102.3 100.5
26.2 18.7 10.4 1.6 -1.6 -1.6 1.5 -1.6 -1.6 -1.6 -0.1 0.6 1.6 12.5 16.2 19.3 33.8 43.7 53 60 66.9 73.5 77.8 81.6 82.7 81.7 76.6 71 65.6 60.4 51.3 47.3 40.2 38.5 32.8 33.6 36.6 45.4 50.7 53.3 55.1 53.7 50.6 52.6 56.4 59.2 63.8 69.2 75 79 83.2 87.3 91.2 94.5 95.8 95.7 95.3 95.2 95 94.5 92.7 92.9 93.1 93.4 93.7 94.7 97 98.2 98.7 99.3 99.9 100 98.9 96.7 94.8 99.3 101.2 103 104.8 106.4 106 103.6 101.5 99.4
12.6 1.8 1.8 1 -1.6 -1.6 -1.6 -1.6 -1.6 -1.6 1.4 1.8 11.1 25.7 32 32.1 30.8 39 48.8 57.6 64.9 72.3 77.3 80.9 82.8 81.8 79.6 75.5 72.3 66.7 60.3 56.4 54.2 54.5 52.9 49.6 44.1 44.3 39.2 41.4 46 46.2 46.9 51.4 55.4 59.1 63.5 68.2 74 78.2 82.3 86.5 90.5 93.8 94.7 94.7 93.7 93.3 93.1 91.1 89.4 90.5 91.4 93.1 94.4 95.7 96.7 98.1 99 99.7 99.7 98 95.8 94.1 90.5 95.9 98.2 100.1 102 104 105.4 104 101.4 98.7
25.9 11.1 1.8 0.7 -0.6 -1.6 -1.6 -1.6 -1.6 -0.4 1.4 12.3 25.1 35.2 40.6 45.4 45.7 43 47 55.8 63.7 70.4 76.2 79.1 81.8 83.2 82.4 80.8 77.9 73.7 70.8 66.9 64.2 64.6 65.2 63.5 61.4 56.8 52.2 48 44.1 44.4 46.4 49.4 52.6 54.9 59.7 64.9 71.8 76.2 79.8 83.7 87.3 92.4 93.4 93.5 92.7 91.5 90.9 87 87.1 91.6 94.3 95.1 95.5 96.7 97.4 98.1 98.7 98.4 97.3 95.3 92.9 90.7 88.2 91.1 93 97.3 99.2 101.6 104.5 104.5 101.3 98.5
41.2 28.3 1.7 0.6 -0.5 -1.6 -1.6 -1.6 -1.6 0.3 2 21.3 33.4 44.2 54.5 61 63.7 61 53.8 55.8 62 69.3 75.4 79.7 81.5 83.5 85.1 86.3 86.5 84.2 80.8 74.8 71.4 69.5 70.7 67.9 63.2 60.7 55.8 48.6 46.9 48.3 50.9 54.4 58 61.5 65.3 69.6 73.1 74.9 78.6 82.6 86.8 91.2 92.2 92.5 91.7 88.2 85.7 86.7 91.2 94 96.3 97.1 97.1 96.8 95.7 95.4 95.5 95.3 93.4 91.1 89.5 85.3 83.5 87.5 89 93.3 97.2 101 104 104.7 102.1 98.3
51.5 41.9 18.1 0.9 -1.6 -1.6 -1.6 -1.6 -0.6 0.8 9 29 42.2 56.2 69 79.3 82.8 79 71.3 65.8 61.9 66.8 73.7 79.1 81.1 84.1 87 90.2 91.4 89.8 86.6 81 77.4 74.7 71.3 66.9 63 57.5 54.1 52.7 52.4 53.9 59.5 65.4 69.9 74.1 78.8 82.6 86.1 87.4 89.5 90.9 92.3 92.7 93.9 92.6 90.7 85.7 82.9 89.6 92.9 96.1 97.1 97.7 96.8 94.9 93.6 92.5 91.6 90.6 88.4 86.1 83.3 78.3 79 82.9 87.1 94.2 98.9 102.5 105.1 104.9 102.9 96.4
48.1 45.3 35 1.6 -1.6 -1.6 -1.6 -1.6 0.2 1.7 21.3 37.7 54.2 69.7 81.9 88.8 91.8 88.8 83.9 79 73.7 71.6 71.8 75.9 79.7 83.6 88.6 92.2 93.5 92.6 89.4 84.6 81.2 77.9 73.8 69.4 61.3 58.8 61.5 62.9 64.1 67.4 73.4 79 81.4 83.4 86.2 90.2 92.9 93.1 94.1 94.5 95.7 94.4 94.3 93.2 89.5 84.9 79.8 88 92 94 95.3 96.2 95.5 94.2 93.9 92.1 90.3 87.7 86 81 77.1 73.6 78.4 84.9 90.8 96.2 99.5 101.8 102.9 103.3 100.3 92
34.1 35.6 32.8 5.8 -1.6 -1.6 -1.6 -1.6 1.4 16.9 34.1 49.7 66.1 81.8 91.8 96.8 98.9 96.3 90.8 85.5 82.9 79.8 75.7 78.9 81.8 85.1 90.5 93.8 95.4 94.8 91.8 88.3 84.9 81.1 77 72.2 62.1 69.3 74.2 77.1 79.1 81.3 84.4 86.5 88 89.1 90.1 92.7 94.6 94.6 94.8 95.1 95 94.9 94.7 92.9 88.2 85.3 76.3 84.9 89.6 91.2 92.7 94.2 94.6 94.3 94.4 92.8 91.2 91 90.6 82.2 77.2 72.4 81.1 86.6 90.1 95.3 96.9 98.7 99.5 98.8 93.9 83.2
27.2 25.4 22.5 2.5 -1.6 -1.6 -1.6 1 14.2 32.9 48 62 77.1 89.5 96.1 102.1 104.2 100.6 94.6 90 87.1 83.3 82.9 84.4 85.9 89.1 91.9 95 96.1 96.3 94.1 91.3 89.1 84.3 80 69.6 69.6 76 81.3 83.6 85.8 87 88.9 91.5 92 92.5 92.7 93.5 93.9 93.6 94.3 94.5 94.4 94.3 92.8 90.1 85.7 82.1 74 80.8 85.8 89 91.5 93 94.5 94 94.9 93.6 95.1 93.7 93.4 89.2 80.1 69.7 79.4 85.7 89.2 92 94 94.3 95.4 90.5 81.6 82
23.5 17.4 7.8 -1.6 -1.6 -1.6 -1.6 17.7 33.4 47.3 61.2 72.2 83.5 92.6 97.8 102.8 105.1 101.1 94.9 92.1 89.1 86.2 87 88.3 90.9 91.3 93.9 96.2 96.8 96.3 95.8 93.1 90.4 85.3 78.2 69.6 76.7 82.1 85.2 87.8 89.9 90.8 91.9 94.3 94.1 94 93.6 92.3 93.1 93.4 93.9 94 94.2 94 92 89 86.2 75.4 76.5 83.5 87.1 90.6 92.8 94.1 94.8 96.7 96.2 97.3 98.5 97.5 96.2 92 83.8 68 75.9 84.1 86.5 88.5 89.1 89.5 86.8 77.6 82.1 92.1
14.6 1.6 -1.6 -1.6 -1.6 -1.6 17.2 33.5 47.4 57.9 68.7 76.9 84.8 91.4 95.1 99.4 98.7 95.2 91.4 88.5 85.8 87.5 90.2 90 90.7 91.8 92.6 94.1 94.8 93.9 92.4 91.2 89.9 86.6 81.7 76.3 81.6 84.4 87.8 90.9 91.3 91.5 93.5 95.1 94.3 93.8 92.4 91.2 90.9 91.2 93.3 94.2 94.2 93 90.7 86.6 83.7 69.6 78.5 85.1 88.7 92.2 94.3 95.9 97.8 99 99 99.9 100 99.9 98 93.4 84.3 66.8 73.4 80.1 83.5 85.7 84.4 80.5 74 78.9 89.8 98.4
1.5 0.1 -1.6 -1.6 -1.6 -1.6 30.5 43.2 54.7 63.1 69.9 76.1 82.3 87.3 90.3 91.7 87.5 84.4 82.5 81.3 79.5 83.2 86.4 86.6 86.8 85.6 86.6 84.1 84.6 86.3 88.5 91.1 91 89.2 85.4 82.9 83.7 86 89.1 90.6 91.4 92.2 92.7 92.6 91.3 90.5 89.9 88.1 89 90.7 92.6 93.5 93.7 91.7 86.8 80.7 76.6 63.8 80.6 85.5 89.4 92.7 95.7 97.8 99.1 99.4 99.5 99.2 99.5 97.6 95.6 91.3 78.2 63.5 72.7 77.7 78.6 77.8 74.1 71.4 79.1 88.9 95 101.6
0.5 -1.6 -1.6 -1.6 -1.6 17.7 33.9 44.5 53.6 60 65.2 70.2 73.7 77 78.3 77.3 75.8 73.6 72.5 71.8 72.3 74.1 78.9 80.2 78.9 72.5 72.3 72.8 75.2 82.8 88.4 91.7 92.4 91.3 89.7 87.4 86.7 87.5 89.4 89.5 90.2 90.2 89.9 89 88.8 88 86.7 87.2 88.5 90.4 92.6 93.3 92.9 91.6 84.7 76.3 66.8 63.8 80.3 85.4 89.3 92.5 95.6 97.7 99 98.7 98.6 97.9 95.9 94.2 90.4 85.6 72.6 60.6 68.1 70.8 68.7 67.3 70.5 82 92.7 101.5 104.9 106.7
-0.5 -1.6 -1.6 -1.6 -1.6 17.9 32.8 40.3 46.5 51.3 54.3 58.3 59.4 60.7 61.8 64.1 65 65.1 65.3 62.5 62.5 66.4 69.6 66.8 59.6 57.3 70.9 73.7 77.6 86.8 90.2 93.1 94.6 92.9 91.3 89.7 89 89.3 89.4 88.7 88.2 87.5 86 85 84.6 84.9 85.4 87 89 91.4 93 93.6 92.8 91.2 84.5 72.7 57.2 70.1 80.8 85.4 88.8 91.6 94 96.6 97.2 97 96.6 95.3 92 89.2 83.8 73.3 63.4 58.8 59.7 63.4 65.1 74.9 85 97.9 104.3 108.2 110.7 109.9
-1.6 -1.6 -1.6 -1.6 0.9 18.8 26.8 32.5 36.8 39.3 40.5 41.2 43.2 44.7 47 49.4 52.2 54 55.8 55.3 55.6 59.2 57.2 50.8 49.2 57.5 68.4 78.8 86 91.2 92.9 94.8 95.1 94 92.5 90.9 90.7 89.8 88.5 86.9 85.3 82.8 80 77.4 80.1 86 88.5 90 91.3 92.8 93.7 94 92.1 90.2 84.2 70.6 53.4 68.4 79.5 83.4 86.8 89.6 91.2 92.9 94.1 94.4 92.6 92.4 86.1 76.9 67.1 58.5 56.5 58.9 64.2 71.4 79.5 89.1 98 105.7 108.4 110.2 110 108.1
-1.6 -1.6 -1.6 -1.6 0.6 8.9 15.9 15.7 21.9 23.2 25.7 26 26.3 28.6 31.9 36.2 40.7 41.5 46.2 46.2 46.9 48.5 44.5 43.3 54 66.5 79.7 87.2 90.8 92.5 93.6 94.5 94.9 94 93 91.9 90.9 88.6 86.4 84.7 81.7 76.8 72.8 76.5 83.5 88.4 90.4 92 92.3 93.1 93.3 92.9 90.8 87.4 83 73.8 54.2 61.5 75.8 79.8 83.2 86.6 87.1 87.7 89.4 89 88.4 87.7 77.3 62.7 54 56.1 63.8 67.9 76.2 85.6 94 99.3 104.5 106.8 107.7 107.3 106.1 104.5
-1.6 -1.6 -1.6 -1.6 0.2 1.8 1.8 1.8 1.8 3.4 9.2 10 12.4 14.3 17.7 20.8 21.8 28.5 34.6 34.8 38 36.2 39.4 51.4 63.7 77.5 86.9 89.6 90.3 92 92.2 93.1 93.8 93.1 92.1 91 89.2 86.9 84.3 81.4 76.4 69 73 82.7 86.4 90 92 92.7 92.3 91.6 91.4 89.6 87.1 84.1 80.1 73.9 57.2 53 70.1 76.4 79.7 81.8 81.1 81.3 81.4 80 80.1 77.8 65 51.6 58.6 69.4 75.1 81.4 89.7 94.8 99.2 102.6 103.4 104.8 105.2 104.6 104 102
-1.6 -1.6 -1.6 -1.6 0.6 1.8 1.8 6.1 11.9 16.3 19.3 22.3 24.6 25.6 29.1 29 27 26.7 27.3 30.6 30.1 37 51 64.7 75.6 84.4 88.5 88.4 88.9 89.5 90.3 90.9 91.7 92.1 91.2 90 88.6 85.1 82.3 77.7 71.9 63.7 68.5 81.3 86.2 89.9 91.3 91.5 90 88.4 87.6 85.5 83.1 80.5 76 66.3 49.8 44.8 65.4 72.4 75.4 75.1 71.3 69.9 69.5 67.8 65.1 59.2 50.5 56.8 70.4 80.4 87.4 92.4 95.4 97.5 99.1 100.4 100.9 101.6 101.8 101.5 101.5 99.3
-1.6 -1.6 -1.6 -1.6 1.3 13.3 21.1 24.9 30.4 35.1 40 45.3 48.2 50.5 50.8 48.4 47.5 45.8 44.6 42.4 41.9 44.1 59.3 73.7 81.8 86.9 88.5 88.4 87.1 86.1 86.6 88.5 89.7 91 90.6 89.7 87.9 86.4 85 81.7 77.1 65.9 60.8 77.1 83.5 86.3 88.2 87 85.4 83.8 81.1 78.3 75.4 70.9 65.4 56 39.1 43 59.3 65.6 68.6 68.5 56 51.7 49.1 47.8 44.1 48.6 58.5 70 81.3 89.6 94 94.6 94.5 95.2 96.4 97 97.5 97.5 97.7 96.2 94.8 93.8
-1.6 -1.6 -1.6 1 8 23.3 33 39.3 46.1 51.9 56.9 61.3 64 67.7 69.4 70.6 66 62.8 60.9 60 59.8 56.6 64.8 78.6 84.7 87.4 87.7 86.7 84.9 83.4 82.8 84.8 85.5 88.1 89 89.3 88.4 87.1 85.8 83.4 79 68.1 54.3 66.5 79.1 82.1 82.2 81.1 79.4 76.3 73.2 70 66.3 61.9 55 44.8 33.3 43.1 52.2 56.7 54.8 49.1 41 37.1 37.8 46.3 54.4 64.2 72.4 81.3 87.6 91.3 91.6 90.4 90.2 90.9 92.8 93.5 94.1 94.1 92.5 89.9 87.7 84.3
-1.6 -1.6 -1.6 13.2 25.9 34.6 40.8 48.8 56 62.7 68.3 72.8 76.5 79.6 81.7 82.8 82.4 80.9 78.6 75.9 72.9 71.4 75.2 82.1 85.9 87.3 87.1 86.1 84.5 81.2 77.4 80.2 83.4 86.3 87.5 87.9 87.2 86.7 85.1 83 80.9 71.5 52.5 55.9 73.4 76.1 76.3 74.2 71.7 68.2 63.1 59.2 55.7 49.4 39.6 33.9 30.1 37.9 39.5 39.4 37.4 36 37.1 47.3 55.5 63.1 69.5 75.4 83.2 86.8 90.7 89.7 87.6 85.9 84.8 84.8 87.8 89.2 90.5 89.6 86.8 83.5 79.8 76.3
-1.6 -1.6 -1.6 24.3 36.7 44.2 49.9 57.8 64.7 70.5 76.5 80.7 83.7 87.1 89.6 90.8 87.7 86.4 84 82.1 80.3 78.4 80.7 84.3 86.8 87.1 86.4 85.1 83.6 80.7 73.3 76.2 80.5 83.6 86 86.4 85.4 84.1 82.9 81.3 79.1 74 56.7 46.7 66.8 70.2 69.6 66.4 62.7 56.9 52.6 48.3 40.9 31.7 29.2 26.4 27.5 28.9 29.5 31.4 34.5 40.4 48.3 58.4 67.3 73 78.3 84.3 87.9 90.4 89.7 87.6 83.7 79.3 78.2 79.3 82.7 84.2 85.1 84 80.6 76.4 68.2 66.4
-1.6 -1.6 16.3 32.8 45.8 54.8 62.8 69.7 73.8 77.4 81.9 85.1 88.1 91.2 93 94.1 92.3 90.2 88.2 85.7 85.3 84.2 83.9 84.9 86 86.4 84.4 82.7 80.6 77.7 67 71.2 76.6 79.7 81.4 83.3 81.7 80.3 78.8 77.1 75.2 70.9 54 41.5 57.5 64.8 62.3 58.4 53.1 45.7 39.1 30.7 23.9 23.8 27.1 28.7 33.5 35.9 41.1 43.9 49.7 56.2 65.1 71.6 76.2 82.3 85.9 87.8 88.5 88.2 86.9 84.2 79.3 70.8 72.4 76.3 77.3 77.5 77.5 76.1 71.9 68.4 62 54.4
-1.6 8.6 23.6 42.7 54.1 66.2 74.4 79.1 81.9 84.2 85.9 88.2 90.5 92.5 94.1 94.1 93.4 92.2 89.7 87.7 85.6 83.5 83.2 82.9 83.4 81.5 78.6 76.7 73.1 67.2 59.9 67.2 72.4 75.5 76.8 78.1 77.4 75.7 73.8 72 69 61.4 44.3 35.2 53.6 58.7 54.9 48.8 38.2 31.1 23.2 24 28.8 36.1 36.3 44.8 49.4 53.9 55.5 60.3 65.7 71.1 75.3 80.6 82.7 84.5 86.9 87.7 87.3 86.1 83 78.7 71.1 62.4 68.1 70.1 69.7 69.6 69.5 66.6 63.4 59.5 54.3 45.9
-1.6 21 37.9 52 63.9 75 79.9 83.7 86.1 87.6 88.9 90.8 91.3 92.1 92.7 93 91.5 89.2 87.5 86.4 83.9 79.3 81 77.7 75.8 73.6 70.9 65.2 57 53 56.8 64.5 69 71 72.3 72.7 70.7 68.7 67.2 65.3 61.9 54.2 36.6 34.2 49.4 51 44.7 34.7 27 22.4 26.9 33.5 39.8 45.1 53.1 56.9 59.4 64.1 69.3 73.9 76.4 79.4 81.7 83.1 83.7 84.7 86 85.9 84 81.8 78.8 74.6 66.8 55.8 61.6 63.5 62.9 62.2 60.3 57 54.3 49.7 44.3 37.7
17.1 37.7 53 64.2 74 80 84 87 88.9 89.4 90.1 90.2 90.1 90.5 90.2 89.4 87.5 85.5 85.6 83.9 80.6 75.8 70.8 67.3 65.3 64.3 60.4 50.5 40.8 47.6 58.7 63.1 65.1 65.9 65.8 65.6 63.6 61.8 60 57.8 54.6 49.4 29.1 35.5 42.8 42.1 34.4 21.3 19 27.1 35.7 40.9 45.7 49.7 53.8 60.1 66 70.8 75 77.6 79.1 79.3 79.6 80.3 80.9 82 81.6 80.5 78.9 75.9 72.6 69.1 61.4 49.6 54.7 55.6 54.9 54 51.3 48.3 44.8 40.1 34.5 31.3
34.3 54.1 67.1 76.4 78.9 83.7 86.3 88.3 88.9 88.5 88.3 87.8 86.9 86.3 85 83.1 81.5 80.1 79.8 79.1 76.8 73.5 64.9 50.7 48 46.2 43.6 36.8 36.2 53.4 57.2 59.2 59.8 60.4 59.7 58.6 57.2 55.5 53.1 50.3 46.9 40.8 24 34.5 37.1 34.5 21.7 18.5 23.7 33.6 39.2 42.1 44.9 46.4 51.7 61.2 68.3 71.8 75.2 76 76.7 76.6 76.2 76.3 76.2 76.4 75.6 73.7 71.2 68.5 65.6 61.8 55.5 42.2 47.7 47.3 47.3 44.4 41.8 37.6 34.9 31.3 32 39.1
54.7 71.5 78.2 81 85.1 86.8 87.9 88.2 87.8 87 84.7 83.1 82 81 79.2 76.9 75.1 75.5 75.9 75.2 74.2 72.4 67.1 58.4 44.6 37.3 30.9 27.7 41.9 49.8 52.7 53.8 53.9 53.5 51.8 50.2 48.7 45.9 43.8 41.3 38.6 32.3 20.9 29.7 32.1 28 19 20 28.5 35.2 34.8 36.2 37.1 42.3 50.3 58.5 65.3 68.7 72.1 73.5 72.7 71.8 71.2 70.7 70.3 68.9 67.1 64.8 62.4 59.5 56.4 53.1 47.5 37.4 39.4 38.7 37.2 34 31.3 29 30.4 36.1 42.1 48
72.6 78.6 82.1 84.3 87.2 87.4 87.1 87 86.3 84.6 81.7 79.6 77.4 75.2 73.5 71.9 70.3 70.5 72 71.8 71.4 71.4 67.9 61.2 52.8 43.3 31.4 23 31.1 43 45.9 47.1 47.1 47.4 44.2 42.1 40.1 36.8 34 34.9 32.4 25.3 18.9 25.9 27.1 23.2 16 21.2 27.5 29.7 28.6 27.9 30.3 36.5 46 54.5 60.5 64.9 67.8 68.3 67.3 65.9 63.9 61.9 61.2 59.4 57.1 53.4 51.6 48.9 46.8 43.5 39.3 31.7 31 29.9 28.4 28.3 28.5 31.5 40.4 47.1 52.3 58.3
77.3 81.1 84.2 85.8 87.2 85.9 85.5 85.2 83.5 80.7 76.4 73.5 70.8 67.5 65.1 65.1 65.4 67.1 67.7 68.1 69.4 69.4 67.3 64 59.5 51.9 41.7 27.8 19.3 33 39.6 39.8 41 41.2 38.3 33.8 29.9 28.9 26.7 29.1 27.5 21.3 15.2 22.3 23 19.7 14.9 18.7 19.6 17.1 17.1 19.8 22.8 28.8 39.6 48.6 54.5 59 61.5 60.5 59.2 56.5 53.3 50.7 47.8 46.5 45.1 42.6 39.5 37.7 36.4 33.9 30.1 27.9 26.9 28.3 30.5 35.5 39.8 45.4 51.4 57.2 63.9 70.4
80.5 84 85.9 86.1 86.3 84.4 82.6 82 79.7 75.9 71.8 68.3 64 60.9 58.5 59.2 60 60.7 64.6 65.2 67.3 67.7 67.1 64.5 61.4 56 49.2 41 20.8 14.8 24.9 33.6 37.2 37.4 33.7 26.3 19.4 19.2 15.9 20.2 16.9 13.8 11.9 18 20.2 15.4 13.1 12.9 13.5 14.3 13.3 14 14.7 20.4 26.9 38.8 47.6 51.1 52.6 51.4 47.9 44.8 38.8 34.3 33.1 34 32.4 28 25.4 24.7 23.8 23.6 23.8 23.4 26.8 36.9 43.1 48.7 53.6 57.4 62.4 66.5 72.2 78.4
82.9 86.3 87.9 85.7 84.3 82.6 80.8 78.5 75.5 71.9 68.6 64.6 59.5 55.4 52.4 53.4 56.5 58.8 60.3 62.3 63.3 66 64.8 61.9 60.5 56.2 50.1 43.2 32.1 20.8 13.8 22.7 32.5 31.7 27.1 19.1 11.3 8.2 6.7 7.8 10.3 9.7 8.5 10.3 11.6 11 11.1 12.6 12.1 14.1 17.1 17.7 15.5 14.8 19.2 29 40.1 43.9 42.9 39 32.8 27.3 25 22.8 21.6 22 21.7 20.8 21.3 22.6 23.6 24.2 23.5 32 42.7 48.7 55 57.9 60.3 65.1 68.7 73.8 76.6 79.2
83.4 84.7 84.4 82.1 79.9 79.2 76.9 74.2 72.4 69.1 65.3 61 55.9 48.9 47 48 52 55 56.6 58.3 60.7 60.8 59.3 58.2 57.1 54.3 44.8 28.5 22.6 19.2 10.2 16.4 17.7 17.8 15 10 5.6 10.8 15.7 21 25 23.6 17.3 8.3 9.7 10.8 13.5 22.3 29.2 34.6 39.7 40 34.1 21.4 14.6 19.4 31.3 32.3 28.9 22.9 18.8 18.5 19 19.4 20.8 20.2 22.6 24.5 24.5 29.4 30.4 27.3 30.2 40.1 43.9 49.2 54.3 58.6 61.5 63.9 68 71.9 75.7 78.9
80.4 80 78.7 76.6 74.9 74 71.8 69.1 68.1 65.2 61.9 57.5 52.4 44.1 40.7 42.9 48.6 51.5 53.9 55.8 56.1 55.4 55.1 54.3 56.1 48 29.6 11.9 5.9 6.8 5.8 6.1 5.8 5.6 5.3 6.6 13.3 18.9 23.6 30.3 35.1 36 34.9 34.2 30.3 29.2 33.8 42.6 49.8 57 60.6 60.3 51.1 38.4 18.2 15.2 16.2 16.9 17 16.4 19 21 24.8 28.8 31.1 29.7 25.2 27.7 32.3 36.8 37.1 34.5 31.6 33.7 38.1 43 50.2 54.7 55.9 60 67.1 71.2 76.7 82.5
74.4 74.6 73 71.2 69.6 68.3 66.7 64.1 61.7 59.7 57 53.4 47.1 39.8 35.6 40.9 44.8 47.3 48.8 50 50.8 50.3 48.7 45.7 39.3 24.2 9.5 4 3.5 4.8 4.2 3.8 4.5 6.9 8.9 11.1 17.4 24.1 30.3 36.2 41.2 41.8 42.8 45.7 49.5 50.1 51.4 58.6 61 62.4 65.5 66 64.4 54.2 35 24.2 21.9 22.2 24.7 25.9 30.5 34.3 40.5 44.8 45.4 44.6 27.2 28.6 37.2 44.1 45.7 45.8 41.5 42.7 43 39.8 43.1 47.7 56.4 66.3 72.7 77.3 83.1 89.6
66.6 67.7 66.9 64.3 62.9 61.9 60.9 58.9 56.7 53.2 49.4 46.2 40.7 33.6 32.8 39.2 42.7 43.7 45.3 44.1 46.2 44.6 41.6 31.3 13 -1.6 0.7 9.1 12.8 11.8 12.1 14 18.8 21.7 18.2 10.8 15.3 23.3 31.7 37.2 40.8 42.8 45.7 49.3 50.8 50.3 53 55.3 57 58.7 60.8 62 61.4 57.8 50 43 43.5 41.6 42.3 42.2 44.8 49.9 58.3 58.6 56.5 53.4 31.1 31 40.7 47.4 52.4 51.8 51.8 58.7 64 61.9 50 47.6 58.4 70.9 79.6 85.6 91.8 96.3
59.4 58.9 55.2 57.2 56.7 56.2 54.9 53.1 50.2 47.1 44.3 40.2 35.3 25.8 32.8 36.2 38.8 38.9 39.7 39.7 39.1 35.6 27.2 10.2 -1.6 -1.6 11 21.3 26.7 25.2 25.7 30.5 34.1 35.8 34.1 23.1 14.8 14 23.1 30.4 35.6 37.6 39.9 43.9 45.4 45.2 45.9 47.4 49.4 52.7 54.4 57.1 57.1 58.7 55.7 51.6 52.4 51.6 52.6 54.1 59.3 66.1 67.7 63.9 60.3 55.4 37.7 32.5 41.2 48 54 56.5 60.6 68.2 72.9 72.2 66.8 54.4 55.3 72.4 84.2 91.1 95.9 100.1
