STL Generation/terr50_gagg_gb/data/SX57.asc
ncols 200
nrows 200
xllcorner 250000
yllcorner 70000
cellsize 50
[rows 105 to 139 of 200, columns 0 to 77 of 200]
154.6 156.9 158.6 160.4 161.8 163.3 164.5 165.6 167 168.1 167.3 167.7 168.1 169.1 169.3 167.7 166.7 164.5 163.9 164.7 164.8 165.8 167 168.1 169.6 171.1 172.3 173.8 175.8 178.2 181.4 184.7 186.7 188.4 187 186.7 185 182 183.3 193.7 194.6 199.4 202.6 207.4 214.4 218 222.5 227.1 232.5 240.2 247.4 255.8 266.9 276 283.8 292.2 301.1 307.9 313.8 318 322.1 325.6 328.7 330.8 331.8 333.8 334.6 334.5 332.9 331.1 325.4 317.3 309.6 301.1 296.1 294.9 295.9 298.1
153.9 156.5 158.3 160 161.4 162.8 164.2 165.5 166.9 168 168.1 168.9 169.3 170.5 170.3 169.4 168.6 168 167.8 167.6 167.1 166.7 167.8 169.1 169.7 171.5 172.7 174.8 177 179.4 182.9 184.8 186.5 187.5 185.4 183.6 181.5 179.6 182.8 188.4 193 192.7 190.2 199.8 214.1 218.8 223.2 227.9 233.9 241 248 255.6 265.8 274.9 282.9 291.8 300.9 306.8 312.6 317.3 321.4 324.9 326.9 328.5 330.3 331.9 332.7 333 331.8 330.9 326.3 320 310.8 302.4 295.6 291.9 291.5 293.5
153 156 158 159.7 161.1 162.2 163.8 165.3 166.9 168.3 169.1 170.2 171.2 171.6 172.1 172.1 171.3 170.9 170.8 170.2 169.6 169.3 169.6 170.6 171.2 172.7 174.6 176.4 178.6 180.6 182.6 184.6 184.8 186.2 184 180.6 177.7 179.5 183.8 189.1 196.1 201.4 206 211.6 215.7 219.9 224.6 229.1 235.1 242.1 249.4 257.3 265.1 273.6 282.1 291.8 300.6 306.3 310.9 315.3 318.7 321.5 323.6 324.7 327.4 329.4 330.3 330.3 329.6 329 324.6 318.7 310.8 302.2 296.2 290.4 289 290.4
154.3 155.8 157.5 159 160.7 162.3 163.9 165.4 167.8 168.8 170 171.2 172 173.7 173.9 173.7 173 172.4 171.5 171.3 170.9 170.8 171.2 171.3 172 173.6 175.7 177.6 178.9 179.9 181.4 182.8 182.9 182.8 181.4 177.7 175.9 180.1 184.8 189.9 196 201.6 206.4 211 215.4 219.7 224.4 229.2 236 242.8 249.7 256.6 264.1 272.6 280.6 290.5 299 305.8 308.4 311.4 312.5 313.9 318.1 319.8 322 323.9 325.6 325.5 325.6 324.3 320.7 316.1 310.1 301.6 295.8 289.7 287.9 288.5
156.3 157.4 158.5 159.5 160.8 162.3 163.8 165.8 168.4 169.6 171.1 173 174.4 177.3 175.4 174.3 172.9 171.6 170.5 170.8 170.9 170.9 170.9 170.6 171.6 173.2 175.2 176.7 178.1 179.1 180.2 180.7 179.9 179 176.5 173.7 177.2 180.2 185.3 190.7 195.9 201 206.2 210.7 215.1 219.5 224 229.4 235.4 242 248.6 255.4 263.1 271.6 278.3 287.3 294.7 300.6 301.3 301.7 303.4 305.7 308.8 312.7 315.8 318.1 320.3 320.5 321.1 319.2 316.5 312.1 306.3 298.6 293 288.9 286.8 286.7
155.7 158.3 159.4 160.2 161.4 162.7 163.1 165.4 168.3 170 173.1 176.1 177.1 174.9 172.8 172.1 171.8 170.6 169.8 170.3 170.4 170.1 169.4 169.9 170.6 172.4 174.5 175.9 177.2 178.4 178.7 178.3 176.5 174.1 171.9 170.6 176 181.3 186 190.8 195.9 200.9 206 210.4 214.8 219.2 223.7 229 234.6 241.2 247.7 253.6 260.7 270.3 275.9 281.9 288.3 290.5 294 294.9 297 299.9 303.5 307.6 310.4 312.6 314.5 316 316.9 315.2 313 308.9 302 295.7 290.4 287.1 284.6 284.7
156.7 158.9 160.1 160.9 160.9 161.3 161.7 164.3 168.3 170.7 174.1 174 172.5 170.6 170.4 168.7 168 167.6 167.6 168.5 168.3 167.8 168.1 169.2 169.7 171.6 173.8 175.1 176 175.8 175.6 174.1 172.1 168.6 170.2 171.4 176.2 181.3 186.1 190.7 196.3 201.2 206.2 210.6 215 219.5 223.2 228.3 233.8 240 246.2 251.2 257.8 266.3 272.7 277.5 282.1 283.9 287.2 289.8 292.2 294.8 298.4 302.3 304.9 307.4 309.5 312.4 312.4 311.3 308.6 304.4 298.9 292.5 288.3 285.2 282.2 282.2
154.3 156.8 159.5 160.8 160.9 160.6 160.3 162.3 164.8 169.2 169.2 168.9 168 166.6 165.2 163.2 162.2 162.7 163.7 164.7 165 164.9 166.3 167.4 168.8 171 172.7 173.6 174.3 173.9 172.8 170.8 167.2 166.8 168.1 171.1 175 179.5 185.1 190.7 196.6 202 207.2 211.1 215.6 219.5 222.8 227.9 233.2 239 244 248.7 255.3 262.4 269.3 274 276.9 280 282.4 284.8 287.4 289.8 293.4 296.7 299.3 302.1 305.5 308.7 309.1 307.8 304.5 300.5 296.1 290.2 287.1 283.7 280.6 279.9
150.3 154.4 157.1 157.7 157.1 157 156.3 156.2 158.9 161.8 163.9 163.3 162.4 160.8 158.9 157.6 158 158.8 160 161.1 161.7 163.1 164.7 166.6 168.5 170.1 171.3 171.5 171.6 170.8 169 165.9 163.1 164.9 166.7 169.8 173.1 177.8 183.4 189.3 196.6 202.8 208 211.8 215.7 218.1 222.5 227.3 231.9 237.5 242.7 247.5 252.6 258.4 265.5 271.3 273.1 274.9 277.5 280.4 282.6 285 288.3 291.7 294.8 298.3 302.1 305.2 305.7 305 302.4 299 294.5 289.6 286.3 282.9 280.2 279.1
144.6 150.4 153.8 154.3 152.5 151.9 150.6 150.6 151.7 154.1 155.3 154.7 151.2 150.2 150 150.6 152.7 153 155.8 156.2 158.7 161.1 163.5 165.2 167.1 168.6 169.5 169.7 169.6 167.4 164.9 160.2 161.7 162.9 165 168.3 171.2 176.3 181.9 188.6 195.9 202.6 208.4 212.1 215.1 217.2 221.5 225.9 230.6 235.7 241.1 245.3 249.7 253.8 260.1 265 267.7 269.8 272.5 276.1 278.3 280.4 283.8 288.3 291.4 295.6 299.4 302.1 304.8 304.4 303.3 301.7 295.3 290 286.2 282.6 280.2 279.4
139.8 144.1 149.2 150 146.5 143.4 141.6 141.7 142.4 142.6 140.1 138.7 139.2 141.3 143.2 143.8 147.5 149.2 148.9 152 156.1 157.9 161.3 163.4 165.5 167.9 167.9 167.4 165.9 162.9 160.4 159 160 162.1 164.1 166.4 169.2 173.8 179.9 187 194.5 201.8 207 211.7 214.9 216.8 221 225.3 229.6 233.7 238.3 242.8 246.6 249.7 254.1 258.3 261.9 264.6 267.5 271.2 273.9 276.6 280.8 286.2 290.1 293.9 299.2 303.6 307.8 309 306.9 302.9 296.3 291.2 286.1 283.1 281.2 279.5
132.7 136 140.5 137.3 132.4 133.4 133.8 133.3 133.2 134.1 137.1 138.5 139 141.4 139.2 140.6 142 143.1 144.8 148.8 152.2 155.3 159.1 162 165.1 166.4 165.9 165.8 163.5 159.2 157.4 157.9 159.5 161 162.8 164.8 167.7 171 176.6 183.1 191.3 198.7 205.5 210.8 214.6 216.2 219.3 223.6 227.8 231.7 235.6 240.3 243.5 246.3 248.3 251.9 256.1 260.2 263.1 267.5 271.5 274.9 279.7 284.9 289.9 293.5 297.9 303.2 309.6 311.5 310.5 303.8 297.8 292.9 287.6 283.5 281 278.9
126.2 128.9 128.6 129 130 131.4 133.8 136.2 138.2 141 144.8 147.8 149.8 150.4 149 146.8 144.9 142.9 143.4 144.1 146.6 151.3 155 159 162.3 163 162.3 160.7 157.8 153.8 153.3 155.8 157.7 159.7 161.2 163.4 165.8 168.8 173.8 179.3 185.9 194.1 201.4 208.9 213.5 215.6 217.6 221.8 225.9 229.8 233.4 238.4 237.2 238 244.6 246.6 250.6 254.6 260.4 264.2 268.5 273.9 279.3 284.5 289.1 293.3 297.6 301.8 307.2 309.2 309.9 306 300.4 294.9 289 284.8 281.3 279.1
129.9 132.7 135.6 137.8 138.6 139.9 141.8 144.5 148.2 150.4 153 156.7 158.8 158.6 158.9 157.5 155.1 153.7 151.7 152.8 152 147 148.9 150.1 151.8 152.8 149.8 151.4 151.9 153 152.7 154.6 156.5 158.5 159.1 161.3 163.6 166.7 171.5 176 182.1 189.4 196.9 205 210.6 214 216.1 219.5 223.2 226.8 230.3 237.5 234.9 236.7 238.2 241.3 246.1 251.4 257.2 261.1 267 273.5 278.9 284.2 288.2 292.3 296.5 300.3 303.4 305.7 307.2 304.4 301.3 296.6 290.4 285.9 282.3 280
142 145.7 144.9 147 147.8 149.9 153.3 156.3 159 161.1 163.4 166.9 170.1 172.7 175.4 174.4 170.3 168.3 168.4 168.9 167.2 160.9 154 147.7 149 148.2 148.8 149.9 152.2 153.1 154 154.7 155.8 157.2 158.8 160.1 161.9 164.2 168.5 173.3 178.1 184.9 193.1 200.7 205.9 209.2 212.6 215.6 219.3 223 225.9 227.7 229.7 232.1 234.2 238.4 243.3 247.6 253.5 258.3 265.4 271.9 277.3 282.3 286.8 291.1 294.5 298 301 302.5 304.1 303.6 300.4 296.9 291.7 288.1 284.9 282
154.2 153.6 153.3 154.1 156.3 159.2 162.1 165.4 167.9 170 173.6 177.2 180 182.5 184.1 184.8 182 181.6 183 184.1 182.9 178.6 171 163.8 160.6 159.4 158.5 156.8 155.2 154.2 155.3 156.4 155.6 156.8 158.4 159.5 160.3 163.1 166.6 170.9 175.5 182.2 188.1 194.8 199.6 203.5 207.2 210.2 212.8 216.8 219.4 221.1 223.5 226.6 230.5 234.5 239.1 244.9 249.6 256.5 263.5 270.3 275.7 280.5 285.5 290.2 294.2 297.4 300.1 302.9 304 303.6 301.8 298.6 294.7 291 287.6 285.6
158.1 158.9 158.9 159.6 161.6 164.5 168.3 171.8 174.7 177.8 181 182.9 184.9 186.4 187.2 187.5 188.6 189.1 191.2 192.2 191.5 189.4 185.8 178.9 181.4 177.7 173.9 169 162.1 156.9 157.4 157.8 157.8 157.2 158.2 159.7 159.6 161.6 165 169.3 173.1 177.6 183 188.1 191.9 196.3 199.9 202.6 205.2 206 209.7 210.1 216.5 223 227.4 232.9 238.1 244.1 249.4 255.3 263.2 270.3 275.9 282.8 287.9 292.4 296.1 298.5 301.3 306.2 307.1 307.7 306.5 303 299.6 296.5 293.7 292
160.8 163 163.7 164.5 166.1 168.6 172.1 175.3 178.2 181.5 183.8 185.3 185.9 187 188 189.4 191.5 192 194.4 196.5 197.2 194.5 191.2 189 187.4 186.3 182.9 180.4 171.7 162.1 160.3 158.6 158.1 158 158.8 160.2 161.2 162.3 164.9 166.5 170.2 174.1 179.1 183.1 187.3 189.8 191.7 194.8 199.1 199.6 206.9 211.5 215.8 221.8 227.9 233.6 239.9 244.5 250.9 256.8 264.7 272.7 279.3 285.5 290.8 294.9 298.1 301.9 304.9 308.8 310.2 310.5 310.5 309.3 307.2 304.8 303.4 301.8
163.3 165 166.1 166.9 168.1 169.8 173.3 176.9 179.9 181.9 182.7 184.1 186 187.7 188.8 190.8 192.7 194.2 197 199.6 198.7 194.6 192.3 191.1 189 186.7 183.9 185.3 179.3 169.2 164.7 162 159.7 158.9 159.5 161.5 162 163.5 166.6 168.4 171 172.5 176 179.2 182.7 186.8 190.6 193.7 198.9 201.2 207.3 212.9 217.4 223.6 229.8 236.1 241.2 246.6 252.9 258.5 266 273.7 280.8 286.1 291.4 296.7 300.3 303.9 307.4 310.9 310.9 311.5 312.1 312.7 317.1 312.6 311 306.8
164.9 166.1 167.3 168.6 170.1 171.6 174.5 176.7 178.7 180.4 180.9 182.4 184.8 186.5 188.2 189.8 191.9 192.9 197 197.6 195.4 193 191.4 190.2 189.8 188.9 187.5 187.6 183.5 176.5 170.4 167.1 163.9 162 161.3 161.9 162.8 165.1 168.3 170.7 171.9 174.1 177.6 180.1 183.3 187.5 191.6 196.9 200.2 204.1 209.2 214.5 219.3 225.6 231.7 237.2 242.9 248.7 255.9 261.9 268.8 276.4 281.7 287 291.6 296 300.6 303.9 306.7 309.8 310.4 311.4 312.1 317.4 318.9 317.3 312.6 308.4
166 167.2 168.4 169.3 171.2 173 174.4 175.8 177.5 179.2 180.8 182.2 183.4 185.3 187 188.5 189.7 190.6 191.9 193.8 192.7 191.3 191 191 189.5 189.7 189.9 188.5 185.9 181.2 176.3 172.9 168.5 164.8 162.8 162.4 164.1 166.4 169.5 171.5 172.9 176 179.1 182.1 185.9 190 194 198.6 201.8 206.2 211 216.8 222 227.5 233.8 240.7 247.5 252.5 258.6 265.2 271 278.5 283.7 288.7 292 295.9 299.4 301.9 305.2 308.3 309.2 309.9 311.2 312.8 313.8 313.3 310.9 306
167 168 168.8 170.8 171 172 173 174 175.1 176.6 179 180.4 181.5 182.8 184.2 185.6 188.4 189.5 190.1 189.9 188.2 189 189.7 189.6 189.8 189.8 190 189.1 188.4 185.1 181.7 178.6 172.7 168.3 165.4 165.2 166.8 168.7 170.5 171.5 174 176.6 179.3 182.9 187.2 191.2 195.3 199.6 203.6 208.1 213.8 219.6 225.6 231.6 238.1 244.9 251.5 256.6 262.2 268 274.5 281.4 287 290.8 294 296.5 298.9 301.8 303.7 306 307.2 308.4 309.5 309.4 310.1 306.6 302.8 298
165.2 166.2 166.4 167.3 168.3 169.8 170.8 171.8 172.8 174.8 177.2 178.8 180.1 181.8 182.9 184.1 186.1 186.7 187.6 187.5 187.4 188.1 188.6 189.5 190.2 190.3 190.3 189 188.9 187.2 184.6 181.6 177.2 172.5 167.9 168 168.9 170.7 172.2 173.2 175.1 177.9 180.1 183.9 188.3 192.4 196.5 201.1 205.6 211 217.3 223.4 229.4 235.2 240.9 249.1 255 260.6 265.9 272.5 280.2 287.1 292.9 296.5 297.1 299.1 300.3 301.6 302.6 303.8 305 306.1 307 307.2 306.4 302.4 296.2 289.2
162.1 162.5 163.2 163.9 165.5 167.3 168.7 169.7 171.4 173.3 175.3 177.2 178.9 180.7 181.9 183 184.6 185.1 185.3 185.9 186.6 187.4 187.8 188.8 190.2 190.7 190.8 189.3 189.2 187.5 186 184.1 180.3 174.7 170.6 168.3 170 171.8 174 175.8 177.1 178.4 181.3 184.8 189.1 193.9 197.7 202.6 207.9 213.8 219.8 225.9 232 237.7 243.6 249.8 257.2 263 268.4 275.7 284.3 291.7 298.6 304.3 305.7 304.3 302.6 301.2 300.8 301.9 302.7 303.5 303.6 304.3 302.6 299 291.8 282.5
159.3 159.7 160.6 161.3 163 164.7 166.1 167.9 170 172.1 174.4 176.2 178 179.5 180.7 182.3 183.8 184.4 184.6 184.9 185.4 186.6 187.1 188.2 189.3 191 191.3 190.7 189.2 187.6 186 184.9 181.3 176.1 171.7 169.2 171.5 173.8 176.1 177.8 179 181 183.1 186.4 190.6 195.4 200 205.9 210.8 216 222.1 228.2 233.8 239.3 244.8 250.7 258.8 264.5 270.7 278 286.4 294.7 302.3 310.9 313.8 312 307.2 302.6 300.2 298.8 298 298.7 299.8 300.6 301.5 296.2 287.5 276.4
156.7 157.2 158.2 159.2 161.3 162.4 164.3 166.3 169 171.4 173.6 175.5 177.6 179.4 180.7 182 183.4 184 183.1 183.8 184.4 186 187.6 188.5 189.9 190.9 192.4 191.1 189.4 188 186.4 185.8 181.8 178 174.3 171.7 173.6 175.6 177.9 179.6 181.6 183.4 185.3 188.4 192.2 197.5 202.6 207.5 212.9 217.6 223.6 229.5 234.8 240.3 245.6 252.4 259.8 265 270.8 279.5 287.5 294.9 301.5 311.7 320.1 317.9 310 302.5 297 293.6 290 290.6 290.4 293.7 296 290.9 282.8 266.4
154.2 154.4 155.3 157 158.5 159.5 162 164.9 168 170.7 172.9 174.9 177.2 179.2 180.8 181.9 182.4 182.8 181.3 182.5 184.7 186.5 187.9 189 190.7 192.2 194.3 193.9 191 189.7 188.2 186.4 182.7 179 176.6 174.7 175.1 177.2 179.3 182 183.7 185.5 187.6 190.7 193.9 198.6 202.6 208.1 213.5 218.6 224.5 229.6 235.3 241.1 247.6 252.7 258.2 263.8 269.4 277.5 285.4 292.8 299.4 304.9 309.8 312.3 307 299.8 293.8 289.7 285.7 284.2 283.6 284.4 287.2 285 273.4 260.4
151.8 151.7 152.1 153.9 155.5 158.6 161.4 163.9 166.9 170 172.2 174.4 176.2 177.8 179.1 180.9 181.9 179.9 180.2 182.2 184.9 187.2 188.3 189.9 191.5 194 196 197.6 195.2 193.9 191.3 188 184.7 181.6 179.2 177.5 177 178.1 180.1 183.1 186.1 187.9 189.9 192.9 195.9 199.1 203.9 208.7 214 219.3 224.5 229.6 235 241.3 246.9 251.7 257.3 263 268.8 275.1 281.5 290.1 296.6 302.2 304.3 303.5 298 292 288.6 284.1 280.8 280 279.8 280.3 280.9 280.8 269.7 258.6
148.9 149.2 149.2 151.2 153.9 157.1 160.2 163.2 166 168.7 170.6 172 173.4 174 175.6 176.8 178.8 177 179.8 182.3 185 187.7 189.3 190.9 193.4 196.1 198.1 199.3 199.3 198.2 194.3 190.5 187.7 184.8 182.9 180.7 180.1 179.2 181.1 184.2 187.5 190.2 192.4 194.7 197.8 201 205.3 210.2 214.9 219.7 224.7 229.8 234.6 239.9 245.5 250.6 256.3 262 267.1 273.1 279 287.1 293.7 298.7 301.2 300.1 294.2 287.8 283.5 280.3 276.7 276 275.9 276.5 276.9 276.4 270.7 260.2
146.2 146.7 148.3 150.1 152.7 155.7 158.8 161.8 164.4 166.2 167.6 169.2 170.6 171.1 170.9 171.7 173 177 180.3 182.9 185.4 188.1 189.9 192.5 195.4 198.3 199.8 200.9 201 200.4 198.1 194.4 190.6 189 187.3 185 183 182.1 183.3 185.5 189 191.8 193.4 195.9 199.1 202.2 207.1 211.9 216.2 220.8 225.5 230.6 234.5 239.4 244.2 249.5 254.6 259.6 264.7 270.7 276.8 284.4 292.4 296.5 297.6 296.1 290.9 284 279.4 275.5 272.8 272.1 272.8 273.5 274.1 276.9 274.5 266.2
143.7 143.6 146.9 149.1 151.7 154.2 157.3 160 161.7 163 164.6 166.1 166 166.2 166.4 170.2 174.3 178.2 181.4 183.9 186.4 189 191.7 194.6 197.5 199.5 201.4 201.7 202.1 201.8 201.6 198.6 194.2 192.7 191 188.2 186.8 185.8 187 188.1 190 192 194.7 197.1 200.2 203.9 208.8 213.4 217.5 221.7 226.2 231.3 234.5 239.2 243.9 248.2 252.6 257.3 262.6 269.2 275.5 282.1 290.8 297.5 295.9 292.6 288.2 281.3 275.8 271.3 268.6 268.2 271.2 271.3 272.4 271.8 271.7 268.3
141.9 140.7 143.5 147.5 150.3 152.4 154.1 156.1 157.8 159.1 160.9 161.7 160.1 162.3 167 171.6 176.1 180.2 183.1 185.6 188.2 190.7 193.3 196.2 198.7 200.3 202.2 203.5 204.1 204.1 204.1 201.7 198.4 196.3 194.6 192 190.1 188.9 188.7 190.2 192.3 194.2 196 198.3 201.3 205.6 210.5 214.7 218.9 223 227.4 231.5 234 238.7 243.3 247.6 251.9 256.4 262.1 267.6 273.1 278.2 290.4 295.5 296.5 292.2 286.6 279.6 273.2 267.8 263.7 264.3 267.2 270 270.3 268.8 266.4 260.8
140.1 138.6 141.7 144.1 145.7 147.7 150.1 151.3 152.3 154.1 156.4 156.5 158.5 162.3 168.7 173.7 177.6 180.6 183.3 186.3 189.3 192.2 195.1 197.7 199.6 201.5 203.7 204.8 205.2 205.7 206.2 204.8 202.2 200.3 198.5 196.1 194.2 192.5 191.5 193.3 195.4 197.3 198.5 199.6 202.4 207 211.3 215.5 219.6 223.8 228 230.9 233.2 237.6 242 246.6 251.2 255.8 260.5 266.1 271.5 276.7 282.2 291.5 295 290.9 285.9 278.4 271 264.5 259.8 260.9 262.9 266 266.7 265.3 262.5 256.2
141 134.4 138.2 138.8 140.2 141.4 143.6 146.2 148.2 150 150.9 155.1 160.1 164.5 169.1 174.4 178.1 181.3 183.6 186.5 189.5 192.4 195.2 198 199.8 201.9 204.1 205.9 206.3 206.7 207.2 207.3 206.3 204.1 202.4 200.3 198.7 197 195.3 195.9 198.5 200.4 201.8 203.3 205.3 208.3 211.8 215.5 219.2 223.4 226.9 229.5 232.1 236.2 240.5 245.1 248.9 253.1 258.1 263.1 268.1 273.5 277.3 284.2 287.7 286 281.8 275.2 268.4 261.7 258.4 257.9 259 260.6 261.5 261.3 256.9 249.9
134.2 129.2 133.8 136.5 136.8 137.9 139.1 141.6 143.9 147.5 151.8 157.3 162.5 166 170.9 174.3 177.6 181 184 186.8 189.6 192.1 194.7 197.7 199.8 202 204.1 206.2 206.8 207.2 207.7 208.3 207.6 206.7 205.3 204.2 202.5 200.9 199.2 199.1 200 201.8 204.6 206.1 207.6 209 212.9 217.1 220.9 222.9 225.8 228.6 231.4 234.9 239 242.8 246.2 250.3 255 259.8 264.7 269.7 272.5 274.6 277.4 277.4 274.5 269.9 262.5 258 253.7 253.8 254.9 256.7 257 256.3 250.9 243.3
