STL Generation/terr50_gagg_gb/data/SX74.asc
ncols 200
nrows 200
xllcorner 270000
yllcorner 40000
cellsize 50
[rows 76 to 113 of 200, columns 85 to 169 of 200]
118.3 119.1 117.9 115.1 111.2 104.6 84.8 70.6 84.4 96 108.4 112.7 116 115.3 112 107.3 102.6 95.6 85.8 73.9 63.2 61.1 68.1 74.7 81.6 89.3 96.6 104.7 108.8 111.5 113.4 112.6 110.2 107.7 106.3 105.2 103.6 101.4 98.7 96.1 93.5 89.1 83.5 75.7 57.2 37 33.6 46.7 60.8 68.6 73.7 77 80.2 76.4 70.6 79.2 87.1 93.4 98.6 101.9 105.5 109.2 114.6 119.2 124.6 130.1 133.4 136 138.1 139.1 139.1 138.2 135.9 132.3 128.8 126.1 124.7 121.6 119.8 119.5 121.3 124.9 127.6 128.1 126.9
116.3 117.3 116.1 113.4 108.8 102.2 81.9 69.6 83 97.9 106.5 108.8 111.2 111 108.7 105 100.3 92.8 78.2 62.8 60.9 68 74.8 81.3 89.5 98.5 103.8 107.5 111.4 111.4 111.4 109 104.8 100.9 99.1 99.7 99 96.6 93.5 90.2 87 83.4 77.2 62.2 44.1 31.9 33.3 43.6 57.2 64.2 68.9 71.7 75.4 74.1 69.5 78.3 83.7 87.1 92 96.4 101.2 108.6 113.4 119.3 124.8 130.3 133.3 136 137.7 139.1 139.2 138.3 136.7 134.1 133.1 131 129.8 127 124.8 125.1 126.7 129.1 129.5 128.9 127.7
116 116.4 115.1 112.9 108.9 103.3 86.6 68.7 75.3 93.7 102.7 104.8 107 106.6 104.8 102.2 97.5 89.1 70.8 58.6 65.2 74.6 81.8 90.1 98.4 104.5 108.1 110.9 111.8 110.9 108.3 104 98.4 92.4 91.2 91.5 91.5 88.3 85.3 82.3 79.2 77 69.8 51 35.4 29 33 38.5 44.8 51.6 55.4 59.2 62.8 62 73.4 86.9 95.1 96.5 96.8 99.2 106.2 112 116.8 121.5 126.2 131.3 134.4 135.9 137.3 138.7 139.7 139.1 139.3 138.6 137.7 135.8 134.4 132.9 131.1 130.8 132 132.4 131.7 130.7 128.7
115.7 115.9 114.8 112.8 108.1 103.6 87.3 67.9 69.4 85.7 99 101.9 103.7 103 101.9 98.8 93.4 84.9 64.4 58.5 70.6 80 88.1 95.5 101.9 106 109.3 110.3 109.3 108.1 104.5 98.7 92 83.4 81.3 82.3 82.2 80.6 77.3 73.8 72.2 69.4 59.6 44.4 29.3 28.4 38.8 43.3 46.2 49.1 50.2 55.3 60.2 65.8 78.1 89.4 98.9 102.4 105.2 108.3 112.7 117.4 121.5 125.7 129.2 132.7 135.4 135.7 137.5 139.3 140.6 140.7 141.4 141.6 140.9 139.8 138.5 136.9 136 135 135.6 136.3 135.7 133.8 131.1
113.1 114 112.2 109.8 104.8 99.6 81.8 75.6 68.6 86.3 95.9 99.4 100.1 99.3 98.5 95.7 90.6 82 61.9 59.4 75.8 84.1 91.2 96.5 100.6 104.3 107.2 108.3 107.1 103.3 99.4 94.7 86.9 78.9 69.7 69.4 71.5 70.7 67.1 64.1 63.7 59.8 51 37.3 27.9 33.4 45.9 52.3 56.9 61.4 64.9 68.6 72.2 71.6 79.9 91.6 99.7 104.5 109.9 113.9 118 122.5 125.8 128.9 131.1 133.2 135.4 135.9 137.5 139.2 141 142.2 143.2 143.7 143.4 142.7 141.9 141.5 140.8 140.1 139.7 138.9 138.8 137.7 135.9
110.9 111.3 108.8 106.1 99.7 79.4 77.9 64.2 71.1 86.7 93.8 95.9 97.3 96.8 95.9 91.4 87.4 78.3 59 62 75.8 83.9 89.8 93.5 98.7 102.1 103.8 104.2 101.4 98.6 95.1 89.9 81.5 73.6 60.8 56.7 60 59.2 57.1 56.6 56.4 52.4 41.3 28.3 28.2 44.4 54.2 60.4 66.7 74.6 83.1 89.3 92.1 90.5 84.3 93 102.1 108.2 113.2 117.7 121.7 125.3 128.3 131 131.8 133.5 135 134.5 135.7 138.5 140.8 142.8 144.1 145.2 145.1 145.1 145.2 144.7 144.4 143.6 141.8 140.8 140.5 140.1 139
108.1 107.8 105.9 102.9 99.1 88 69.3 59.6 71.4 83.1 91.9 95 95.1 94.3 91.6 87.7 82 67 54.5 62.9 71.3 78.8 86.6 93.8 99.7 101.5 102.9 101.9 98.5 94.9 89.7 82.9 77 67.6 58.2 47.7 47.8 49.5 48.2 50.3 50.4 40.1 29.3 28 40.6 54 63.1 73.5 84 92.5 98.2 100.9 101.8 100.8 97.8 94.7 104.7 110.9 115.3 119.9 123.9 127.7 130.3 131.2 132.6 132.9 132.4 131.8 135.4 138.5 140.6 143.1 145.4 145.9 146.3 146.8 146.6 146.1 146 146 144.1 142.3 141.3 141 141
105.1 105.3 103.4 100.2 95.8 85.6 65.1 60.2 69.8 82 91.4 93.4 93.8 92.3 88.1 81.3 67.9 55.8 57.2 66.2 75 84.3 92.9 98 101.2 101.9 102.2 101.1 97.8 93.2 84.8 76.4 70.2 60.8 52.4 43.6 39.8 39.3 38.2 42.5 37.9 29.1 28.3 39.5 54.3 65.3 77.2 88.2 97.1 101.9 106.6 108.5 108.9 108.2 107.3 101.8 104.9 111.7 116.5 121.6 125.7 129.6 130.5 130.7 130.8 130.7 128.1 130.1 134.8 138.3 141.1 143.5 145.1 145.9 146.4 146.1 146 146.2 145.4 145.4 143.3 141.3 140.1 139.7 139.1
105 104 104 102.5 98.5 85.2 66.9 59 71.1 84.7 92.4 93.6 93.9 91.5 87.8 75.7 56.6 54.6 61.9 71.1 82.5 91.4 96.6 100 103 103.1 103.1 101.2 98 91.6 83.9 77.1 66.8 56.1 43.4 37 32.8 31.4 31.1 31.1 26.7 24.1 40.3 53 65.8 79.8 91.2 100.8 106.4 110.8 112.7 113.2 113.8 113.7 111.6 107.1 107.4 113.1 118.4 123.3 126.9 129.4 130.7 130.7 130.8 130.6 124.8 126.9 133.1 137.1 140 141.9 143.6 145.2 145.2 144.6 144.2 143.8 143 141.8 140.2 138.5 136.8 135.6 134.4
104.4 105.9 105.4 103.7 100.5 91.1 67.8 57.9 71.1 85.9 91.5 92.9 94.1 92.7 86.4 71.7 53.5 54.3 65.8 78.4 89.6 95.8 99.1 101.2 103.5 103.8 103 100.8 96.6 91.7 85 78.6 69.7 56.6 41.7 31.8 26.8 26.7 24.6 23.9 25.5 41.3 55 65.4 81.3 92.8 102.6 109.6 112.4 115.4 117.8 118.4 119.3 118.7 116.8 113.4 113.1 116.1 120.3 123.5 126.7 129.7 130.8 130.8 130.7 130 126 121.8 129.5 134 136.8 139 140.4 141.1 141.3 141.2 141 139.8 138.7 137.4 135.5 133.4 132 131.2 129.8
104 105.4 106 104.7 102.3 92.8 70.4 54.5 68.9 82.4 87.7 92.3 95.1 94.9 87.7 72.3 53.8 52.9 68.5 81.4 90.2 96 99.1 101.3 102.8 103.1 102.6 99.8 96 91.2 84 77.1 67.9 53.1 38 26.9 23.5 23.3 25.4 33.8 45.8 57.3 70.4 83.4 93.6 103.7 110.4 115.1 118.5 120.9 121.9 122.5 122.6 122.4 121 119.2 118.2 119.4 122.3 124.5 126.3 129.1 131 130.2 129.3 127.5 123.6 115.3 124.2 129.1 131.9 133.8 136 137 137.4 137.3 136.9 135.7 134.4 132.6 130.5 128.4 127.3 126.4 126.9
104.1 106.7 107.4 104.7 100.6 92.7 71 53.4 62.5 74.1 82.7 91.6 95.9 96.7 91.9 80.1 60.2 49 60.9 76 86.4 92.7 96.1 99.5 101.2 101.8 101 98.1 93.1 87.7 81 74.2 63 50.4 34 23.6 23 26.8 40.4 50.9 60.2 71.7 84.9 93 100.5 108.7 114.3 118.7 121.9 123.5 125 124.8 124.5 123.9 123 122 121.5 122.7 123.8 126.1 127 127.9 128.7 127.8 126.5 124.6 121.1 110.4 118 123.4 126.4 128.1 130.5 132.9 133.4 133.4 132.9 131.2 129.1 126.9 124.7 122.5 121.7 121.1 123.2
105.3 107.2 106.9 104 99.4 92.9 75 55.6 52.5 65.4 78.7 90.5 96 97.7 94.7 86.7 68.4 49 52.3 65.8 80.7 88.9 92.5 96.9 99 100 98.4 94.7 90.4 83.5 76.7 68 57.9 47.1 32.4 23.4 22.9 30.9 45.4 58.3 69.2 81 88.5 95.2 102.8 109.9 115 119.5 122.4 124.8 125.9 125.8 125.8 125 123.9 123.2 122.9 123.6 124 125 125.8 126.1 125.6 124.3 123 120.5 116.3 106.9 112.4 117.9 121.4 124.2 126.1 129.2 129.6 129.1 128.6 126.3 123.8 119.6 117 116.2 115.3 117.6 120.6
102.7 105.3 105.8 103.5 99.4 93 80.6 63.8 49 59.2 75.5 88.2 94.9 96.6 95.5 90.5 76.6 52.5 43.4 55.6 72.5 84 89.8 94.1 96.3 97.6 96.6 93.4 88.7 80.8 71.7 62.6 53.4 45 34.3 22.1 23.8 33 48.4 60.3 70.5 79.7 87.7 95.7 101.8 108.5 113.8 117.8 120.6 122.3 123.6 124.2 124.5 124 122.9 122.3 122.1 122.1 122.2 122.3 122.6 122.7 121.9 120.6 119 115.8 111.3 101.9 106.6 113.6 116.7 120.3 122.6 125.6 125.3 125.3 125 121.9 117.8 111.1 107.7 110 114.7 118.2 121.4
100.7 104.1 104.7 103.5 99.5 91 81.3 66.8 49.9 53.5 67.6 84.1 91.3 95 95.7 89.7 80 57 41 49 64.2 78.7 87.7 91.5 94.6 96.5 96.5 93.3 88.8 81.3 73.2 65.5 59.9 53.4 40.8 21.3 22.5 33.8 49.6 59.2 69.3 78 84.9 93.6 99.1 104.5 108.6 113 115.6 117.5 119.6 121.5 122.1 121.4 120.4 120.6 120 119.6 119.2 118.6 118.4 118.1 117.6 116.2 114.2 110.8 104.6 98.3 102.9 108.6 113.5 117.4 120.9 122.8 123.3 123.4 122.2 119.2 114.6 103 101.4 109.9 114.7 118.5 121.9
100.6 102.6 102.8 100.8 96 87 77.1 66 52.1 48.4 67.7 80.7 87.6 91.2 91 85.6 75.6 53.4 39.1 46.9 63 76.9 85 90.7 94.4 97.8 96.9 93.2 88.7 82.6 78.2 71.9 65.3 57.4 43.2 23.1 20.7 32.9 47.2 56.5 65.5 73.8 81 88.4 94.1 98.7 102 106.3 109.9 112.4 114.4 116.6 117.6 116.7 118.1 117.4 116.8 115.9 114.5 113.9 113.6 113.3 112.9 111.5 108.8 105.2 97.7 94.1 99.6 106.6 113.5 117.4 120.6 121.5 121.3 120.9 119.4 117 113.5 101 99.8 109.8 113.5 117.3 120.3
99.4 101.2 101.2 98.3 92.2 84 76.2 64.6 51.3 47.1 65.8 76.8 84.9 90.1 87.3 80.4 62.8 43.5 38.5 51.8 68.2 80.9 87.5 92.7 97.4 100.2 97.4 92.3 87.3 82.3 77.3 71.1 64.2 55.5 40.7 22 20 31 44.3 54.2 62 69.3 76.7 81.9 86.8 91.3 94.7 98.2 101.8 105.9 109.1 112.2 113.3 114.4 114.6 114 113.3 110.6 109 108.9 108.9 108.8 108.3 106.6 104.6 100.9 92.4 92.9 102.2 109.8 114.4 117.4 119.4 119.6 119.5 118.4 116.9 114.5 112.7 99.7 93.1 107.1 111.6 114.2 115.9
97.9 99.4 99 96.3 91.3 83.1 75.9 65.2 55.3 45.7 51.2 69.1 83.7 89.5 85.5 74.7 52.4 34.3 40.8 57.9 75.3 84.4 90.7 96.2 99.4 98.2 93.7 88.7 83.7 78.7 73.2 67 60 52 37.7 21.1 21.7 29.3 42.3 52.5 59.3 65 69.9 73.2 77.3 82.3 84.7 89.9 95.5 100.9 105.1 108.5 109.3 111 111 110.7 109.6 106.3 104.1 103.2 104.4 104.4 104 102.2 100.5 99 89.1 93.8 104.4 110 113.3 115.6 116.7 117.4 116.9 115.7 113.9 111.1 107.6 99.3 90.3 101.4 106.5 108.8 110.4
96.4 97.2 98.1 96.4 91.8 87.6 84.1 79.7 66.8 49.3 43.2 57.3 80.4 87.4 83.8 69.5 47.2 31.6 42.2 57 71.3 83.1 90.3 95 95.3 92.3 88.6 82.8 77.7 71.4 64.9 58.2 51 42 33 19.2 19.8 27.6 37.5 46.2 52.1 55.3 57.5 61.8 67 71.6 76 81.8 88.2 94.9 100.6 103.1 105.5 107.1 107.3 106.7 104.8 102.5 99.8 98.2 99.7 100 99.6 97.9 96.3 94.2 84 93.9 103.2 107.9 110.9 113.6 114.6 114.9 114.6 112.7 110.7 106.5 103.1 97.6 83.8 91.3 100.2 103.1 103.6
95.6 96.6 96.6 94.7 92.5 90 86.3 85 73.9 55 39.3 51.8 74.6 84.9 83.3 70.7 50.5 29.4 33.6 44.9 58.2 72.5 83.4 89.3 90.6 85.6 80.3 73.1 67.1 60.9 54.1 45.2 38.1 32.2 24.2 19.1 19.3 24.7 31.4 38.4 41.3 45.9 50.7 54.7 60.3 65.6 69.3 76.9 85.7 92.1 97.9 99.9 102 103.2 102.9 102.3 100 97.3 94 92.9 94.4 94.9 94.5 92.9 89.9 86.8 82.1 93.3 101.2 106.2 109.3 111.6 112.8 113.2 112.1 109.8 105.3 101.3 95.6 90.3 80.8 84.6 92.8 96.3 97.3
96 95.4 94.6 91.7 88.4 85.6 83 78.9 65.5 48 37.3 49.4 72.3 82.6 83.3 75 58.1 37.3 27.4 34.6 48.4 61.7 75.4 81.3 82.8 77.8 71.7 62.9 56.3 48.4 40.4 32 25.8 20.2 18.1 18.7 26.5 32.4 36.3 39.7 45.8 51.9 57.8 63 66.9 69.8 73.8 77 83.1 89.9 95.5 97.4 99 98.2 97.7 95.6 93.9 91.4 87.9 85.8 87.3 88.4 88.8 86.9 80.2 75.6 83.2 94.6 102.1 105.3 107 109.1 111.2 111.5 109.4 105.8 101.3 94.4 84.9 77.1 73.2 81 85.5 88.6 91.3
92.8 91.7 89.6 86.7 83.4 81.3 78.8 72.9 54.7 38.9 36.7 50.2 71.5 77.7 77 71.4 57.7 38.7 26.7 28.2 43.2 60 72.5 77.3 76.6 70.9 60.5 48 41 32.2 24.2 19.5 16.9 17.9 20.8 27.4 37.3 46.2 51.9 52.3 52.2 57.3 63.2 67.3 70.9 75 79.1 82.7 86.8 90.6 94.1 95.1 94.7 93.3 92 90 87.6 85.1 81.3 79.1 79.5 80.8 80.1 78.4 72.8 75.6 85.9 94.7 99.7 103 104.6 106.9 109.1 108.3 105.4 102.4 96.2 83.9 72.2 67.5 69.3 77.5 80.2 86.9 92.8
88 86.6 84 80.9 78.5 76 74.8 70.1 47.7 33.1 36.5 52.5 67.3 69.6 67.3 62.1 53.5 35.7 24.3 28.1 42.2 59.4 69 71.3 70.8 63.3 49.2 34.6 22.2 16.1 14.6 15.3 19.3 26.2 32.3 40.2 50 56.5 61.1 63 60.5 61.6 65.3 69.3 76.1 82.7 88.6 92.7 95.3 93.7 93.1 93.1 92 90.1 86.9 83.6 81 78.7 71.2 72.5 72.6 73.4 73.7 71 66.8 74.3 84.1 91.7 96.6 100 103.2 105.3 106.4 104.3 101.6 97.8 92.2 77 63 66.7 74.1 82 88.2 95 99.3
82.9 81.3 79.1 76.2 73.8 70.3 67.7 64.2 47 32.5 34.9 50.4 58.5 59.1 59.5 56.1 46.6 29.5 21.1 28.4 41.7 58.8 63.8 64.5 60.3 53.1 38.3 21.2 13.7 13.2 15.7 22.9 31.1 37.6 44.9 51.8 57.9 61.3 65.4 66 65.4 66.8 69.2 74.2 81.8 88.2 92.2 94.2 94.5 92.5 90.2 89.2 86.8 83.5 80.1 76.8 73.5 69.3 61.3 60.3 63.7 63.8 63.6 63.5 68 76.3 83.9 91.2 96.5 100.8 104.1 105.7 104.9 103 100.4 97.4 90.7 71.6 59 68.3 78.3 86.3 93 97.1 101
78.1 75.7 72.8 70.4 66.8 63.2 60.5 55.4 39.7 30.7 31.1 44.2 51 54.6 54.3 51 42.1 29.5 19.2 25.2 38.5 52.9 55.7 53.9 49.2 39.7 25.5 14.2 14.3 13.9 19.3 28.3 36.7 42.8 46.5 52.8 56.2 58 60.1 62.7 64.9 68.5 72.5 78.5 85.3 89.5 91 91.1 90.3 88.4 85.6 82.8 80 76.8 72.8 69.1 64.6 58.8 53.8 54 54.7 57.2 60 66.7 77 84.6 93.1 99.3 102.2 102.5 104.6 104.7 102.8 100.8 98.7 95.5 89.8 71 55.5 66.7 79.4 87.8 92.8 96.3 99
72.6 68.6 65.7 63.1 59 54.9 49.2 43.7 34.3 30.2 31.9 39 46 52.5 52.5 51.3 47.9 31.1 18.4 21.2 33.4 45.2 47.9 42.7 35.3 24.8 15.7 13.7 14.2 14.6 19.3 25.7 34.7 42.7 46.5 47.4 48.1 48.9 54.2 60.8 69.3 75.2 78 82.2 86.1 88.8 88.4 87.4 85.6 82.5 79.4 75.2 71.9 68 63.8 59.3 53.3 48.4 47.2 53.6 62 68.1 74.2 81.1 89.9 97.1 99.2 101.8 102 100.9 101.2 100.4 98.6 96.7 95 91.6 86.6 72.4 56.9 61.3 75.8 84.5 89.3 92.5 95.4
65.7 61.2 57 53.8 50 45.5 41.4 37.5 29 28.1 31.9 42 51.8 57.4 58.8 56.8 50.7 36.7 18.7 16.2 26.2 37.6 39.7 30.8 20 14.1 13.3 13.1 14.3 15.4 17.8 20.2 24.6 32.7 38.8 40.6 40.1 47.1 58.5 69.4 78.6 84.1 87.5 89.2 87.6 87 85.7 82 79.1 76.1 71.2 66.3 62.4 59.3 54.2 50 46.9 44.5 53 60.5 68.2 76.3 84.4 92.9 98.1 100.5 100.8 99.8 98.5 97.1 96.4 95.1 93.4 91.2 88.5 84.3 79.8 70.1 54.7 55 71.1 79.7 85.4 88.7 91.6
59.1 51 45.9 44.1 40.8 36 31.6 27.5 27.6 28.8 37.5 47.3 56.3 62.8 64.7 63.1 56.5 36.4 22.9 14.3 18.4 29.4 25.9 19.1 12.8 11.9 12.3 14.1 16.1 20.2 22.8 22.5 23.1 24.1 29 34.2 44.2 56.9 67.6 77.6 86.6 89.6 92.3 92.3 90.8 87.1 82.9 76.3 72.3 67.8 62.7 58.8 55.6 52.5 47.8 45.4 43.9 44.6 53.5 62.4 73.8 83.4 91 95.8 97.2 98.3 97.3 95.5 92.3 90.8 89.7 88.6 86.8 84.7 82.2 79.1 74.6 65.8 53.8 53.8 67.5 76.2 80.5 84.1 86.5
47.6 42.5 36.3 34.2 31.4 28.1 24.4 24.1 26.4 33.2 43.7 55.2 65 70.2 71.6 68.4 60.6 47.5 25.6 15.7 13.8 19.9 16.5 11.1 8.7 11.3 13.4 16.1 20.6 25.5 30.6 33 32.7 29.4 28.6 36.6 49.2 61.5 72.8 81.2 88 91.5 92.6 92 89.9 87 82.3 75.7 68.9 61.7 56.7 53.7 50.3 47.3 44.4 41.9 40.5 42.3 50.5 60.5 73.6 82.7 87.5 90.8 91.5 92.2 91.1 89.1 86.6 84.5 83 81.2 80.1 78.2 75.6 72.7 68 61 50.5 53.4 65.5 71.2 74.9 78.4 80.5
37.5 33.2 26.9 25.2 25.2 23.2 23.6 25.7 31.9 40.3 52.6 64.6 73.4 75.7 73.6 69.2 61.6 50.9 33.7 16.8 13.6 15.7 10.1 8.3 8.3 11.1 15.6 20.7 27.9 34.3 38.4 40.9 41.9 40.6 32.9 35.1 51.8 65 75.9 83.5 88.5 91.7 91.8 91.1 90.2 87.3 82.8 76.9 69 61.9 54.2 50.8 47.5 45.2 43 42 40.4 38.7 43.5 54.5 68.8 77.6 82.4 85 85.9 85.9 84.7 82.8 81.1 77.3 76.5 74.8 72.9 71.1 69.3 66.3 61 55.3 46.2 50.8 60.5 64.9 66.9 68.7 71.6
28.7 26 22.3 21 20.2 22.6 25.4 31.6 38.9 50 62.6 70.4 76.1 75.8 72.4 66.9 59.6 49.4 36.6 19.9 9.7 13.9 8.6 8.1 8.6 15.2 21.5 28 36.9 43.9 47.3 50.9 53 51.4 44.4 35.4 43.6 56.3 72.9 84.3 89.4 92 91.5 90.2 90.3 86.5 82.8 77.7 72.6 67.7 62.8 57.5 53.7 50.9 49.3 46.6 43.6 38.8 40 50.3 64.4 72.1 76.9 78.6 79.5 79.3 77.7 75.6 73 71.2 69.9 68.4 66.9 65.7 64 60.5 56.3 49.9 44.2 45.6 53.6 54.8 54.8 57.7 60.1
22.9 19.5 19 18.8 20.1 25.4 32.6 41.3 51.4 62.7 71.1 75.3 76 73 68.3 61.1 51.5 42.7 34.1 24.7 9.4 8.4 8.8 10 16.7 24.3 30.9 38.1 47.1 53.3 57.5 62.9 64.2 62.9 57.1 46.6 43.4 51 62.5 77.2 88.8 93 93.1 92.1 90.4 86.9 83.5 79.5 77.8 74.8 72.1 69.7 66.2 61 55.1 50.6 42.8 36.2 37.7 52.6 62.7 68 71.4 72.6 72.9 72.2 70.5 68.3 66.7 65 64 62.8 61.7 60.5 58.5 55.3 50.8 44.8 40.7 43.7 48.3 53.1 60.1 62.9 65.7
18.4 18.3 19.1 21.6 27.5 34.5 42.6 53.5 64.8 72.5 75.5 75.9 72.5 68.2 59.3 48.5 39.6 33.1 28 21.7 9.8 8.2 9.7 17.5 26 36.2 42.3 50.1 57.7 64.4 71.6 74.4 73.9 72.4 70.3 65.5 58.5 52.3 58.9 69.4 86.9 93 94.2 94 90.3 87.8 84.4 82.3 81 78.3 74.9 71.6 67.9 63.9 59.3 52.3 44.2 36.7 34.7 54.1 61.7 65.2 66.8 67.1 66.4 65.3 63.6 62.4 60.8 59.6 58.7 58.1 57.1 55.7 54.2 50.7 44.8 40.9 39.6 49.5 56.9 63.6 68.8 72.9 77
18 19.7 23.9 30.5 37.7 46 56.3 65.7 73.3 76.4 76 73.2 65.9 58.5 46.2 36.1 27.3 22 18.8 15.3 8.9 9.2 17.2 26.8 37.2 46.1 56.4 64.9 72.6 79.3 83.4 83.9 82.2 81.2 80.2 80.3 77.4 71.7 68.5 71.4 87.2 93.7 95.7 96 93.4 91 85.6 82.1 81 76.6 73.2 70.2 66.6 62.9 58.9 53 46.2 37 34.7 53.6 58.1 61.3 62.9 62.4 60.8 58.7 57.3 56.4 55.8 55.2 54.6 53 52.8 51.5 49 44.9 40.1 39.3 46.6 56 63.4 71.5 77.2 81.9 85.5
20 25.7 33.3 40.5 49.9 59.7 68.5 74.8 76.5 75.3 70.6 64.4 57.5 46 33.1 24 17.2 13.4 9.7 8.3 8 13.7 25.6 36 46.2 58.1 70.8 81.1 88.8 90.5 90.1 89.6 89 88.2 87.9 88.5 87.9 87.1 86.4 87.5 89.9 93.2 96 95.5 91.9 87.5 83.4 79.6 75.4 72.3 69 65.4 62.2 58.2 56.5 53.1 48 39 32.7 44.7 53.9 57.4 58.7 58.4 56.5 53.7 51.4 51.7 51.3 49.8 44.8 47.2 47.6 46.3 43.1 39.2 35.6 42.1 52.4 63.7 71.9 78.5 83.6 87.7 91
29.2 38.3 45 54.7 64.2 71.4 75.4 75.9 73.9 70 62.7 51.9 44.6 33.3 20.5 12.8 8.1 8.1 8.2 8 8.2 23.6 35.4 46.1 60 72.9 85 92.2 95.3 95.9 95.3 94.4 93.5 92.5 92.4 94 93.1 92 92.1 91.7 92.2 94.2 95.2 93 89.5 84.8 81.3 76.6 71.3 67.2 62.9 59.4 57.5 53.6 52.2 50.7 47.6 41.3 31.8 30.4 48.5 53 53.8 52.5 51.7 49.1 46.8 46.2 45 44.4 41.5 40.9 41.7 39.3 36.2 33.9 39.9 49.8 61.1 72.1 79.6 85.3 90.1 89.3 90.8
43.2 51.4 60.1 66.9 72.2 75.7 74.8 72 68.6 63.7 50.6 35.5 28 17.7 7.7 5.7 6.5 7.9 8.4 12.9 22.5 35.4 47.2 61.2 75.9 86.9 92.5 96.7 99.7 100.4 100.1 99.2 97.1 95.5 95.3 95 94.1 93.4 92.3 92 92.1 91.4 91.9 90.4 87.9 84.1 79.1 73.7 68.3 63.4 59.3 55.5 52.4 48.3 46.1 44.9 45.1 41.2 33.7 28.3 39.5 47.5 49.5 48.3 47.4 45.4 42.9 41.4 41.1 40.8 39.2 35.8 34.4 33.7 33.1 39.3 51.4 63.3 72.7 81 88.5 91.1 91 88.5 87.7
52.1 60.5 66.2 71.2 75.4 74.2 70.7 67.8 62.1 53.7 39.8 22.1 9.9 6.4 5 8.7 15.1 22.2 28.3 33.1 42 52 65.9 77.2 88.6 93.9 98.1 100.9 101.8 101.2 101 101 98.1 96 94.7 93.6 92.1 91.6 90.7 90.6 90.3 89.7 89.1 87.8 87.2 83.8 79.7 76.5 73.4 66.6 62 56.3 50.2 45.1 39.9 39.3 37.2 36.6 32.4 28.4 30.6 40.5 44.4 44.5 44.8 42.5 39.3 37.4 37.2 36.9 34.4 31.9 30.8 34.3 40.5 48.6 60.1 69.8 78.8 84.5 89.7 90.1 86.6 84.4 84.3
