STL Generation/terr50_gagg_gb/data/SX95.asc
ncols 200
nrows 200
xllcorner 290000
yllcorner 50000
cellsize 50
[rows 111 to 147 of 200, columns 0 to 83 of 200]
122.5 111.5 118.5 126.5 132.8 138.9 142 142.1 139.4 135.1 132.2 129.2 125 123 118.7 110 98.7 88 80.1 76.9 80.8 85.7 89.8 95.5 99.2 103.8 109 116.4 125 128.6 126.6 119.5 109.6 100.3 98 102.9 116.3 123.8 127.4 128.5 126.6 124.1 120.8 115.6 111.5 112 112.8 113.5 114.7 113.8 111.8 109 105.8 97.9 87.1 75.8 66.3 55.9 43.8 8.5 7.6 -1.3 -1.3 -1.3 -1.3 -1.3 -1.3 -1.3 -1.3 -1.3 -1.3 -1.3 -1.3 -1.3 -1.3 -1.3 -1.3 -1.3 -1.3 -1.3 -1.3 -1.3 -1.3 -1.3
127 119.1 126.7 133.6 139.9 144.2 148 147.7 145.5 143.2 142.7 139.7 134.3 131 124.7 114.2 101.2 89.4 81.6 79.1 83.9 87.3 92.3 99.3 110.5 122.2 131.9 139.4 140.2 139 138.1 135.1 130.2 123 116.6 113.8 121.3 125.7 128.3 129.4 128.2 125.8 122.5 118.4 116 115.2 113.6 113.5 112.6 110.2 104.5 97.5 92.5 82.5 73.2 65.7 43.3 21.4 4.8 -1.3 -1.3 -1.3 -1.3 -1.3 -1.3 -1.3 -1.3 -1.3 -1.3 -1.3 -1.3 -1.3 -1.3 -1.3 -1.3 -1.3 -1.3 -1.3 -1.3 -1.3 -1.3 -1.3 -1.3 -1.3
131.6 129 133.8 140.7 146.9 151.1 152.9 152.7 150.5 150.1 149.7 147.9 144.5 138.1 131.6 122 107.6 90.2 81.5 83.7 89.6 93.7 98.5 108.1 124.8 137.3 144.3 147.8 146.1 145.6 145.3 143 139 135 130 125.5 125.7 128.6 130.2 130.8 129.9 127.2 123.9 120.4 117.5 114.8 110.9 108.8 105.6 102.4 100.5 98.3 95.5 89.8 85.2 59.5 26.8 2.1 -1.3 -1.3 -1.3 -1.3 -1.3 -1.3 -1.3 -1.3 -1.3 -1.3 -1.3 -1.3 -1.3 -1.3 -1.3 -1.3 -1.3 -1.3 -1.3 -1.3 -1.3 -1.3 -1.3 -1.3 -1.3 -1.3
136.8 138.8 144.3 147.8 154 155.9 156.3 156.3 155.4 155.7 154.5 152.4 149 144.3 135.1 124.3 105.9 89.2 88.4 96.7 104.3 105.7 109.2 121 134.7 142.4 147.2 149.1 149 148 147.5 145.9 143.6 139.5 134.9 132 129.9 131.9 132.3 132 130.5 127.8 124.7 120.6 116.9 116.1 117.6 114.9 113.2 114.3 113.6 113.5 108.4 105.6 102 79.2 18 -1.3 -1.3 -1.3 -1.3 -1.3 -1.3 -1.3 -1.3 -1.3 -1.3 -1.3 -1.3 -1.3 -1.3 -1.3 -1.3 -1.3 -1.3 -1.3 -1.3 -1.3 -1.3 -1.3 -1.3 -1.3 -1.3 -1.3
149.4 148.4 152.4 156.7 158.5 159.2 159.5 159.4 159.4 159.5 157.8 154.4 149.9 144.2 136.8 124.4 105.4 91.7 95.8 107.2 114.9 119.3 123 129.6 134.7 140.5 145.6 146 147.1 147.3 146.7 147 145.1 141.5 137.1 133.8 132.4 132.8 132.3 131.5 130 128.4 125.6 121.1 120.1 122.4 123.5 122.4 119.9 119.2 119.4 118.6 110.7 99.7 90 58.8 21.2 -1.3 -1.3 -1.3 -1.3 -1.3 -1.3 -1.3 -1.3 -1.3 -1.3 -1.3 -1.3 -1.3 -1.3 -1.3 -1.3 -1.3 -1.3 -1.3 -1.3 -1.3 -1.3 -1.3 -1.3 -1.3 -1.3 -1.3
156.5 156.8 158.4 159.8 161.6 163.3 162.9 162 160.9 160.2 156.7 151.9 147.1 140.4 133.9 124.5 106.3 94.1 102.6 113.1 122.2 125.4 124.4 125.8 130.4 134.1 138.1 140.2 141.5 144.1 145.2 145.1 144.4 140.7 137.3 133.6 131.2 131.3 130.9 130.1 129.3 128.1 126.6 123.3 123.5 124.7 124.9 123.5 122.4 120.5 116.5 109.1 98.7 75.6 64.9 41.6 6.9 -1.3 -1.3 -1.3 -1.3 -1.3 -1.3 -1.3 -1.3 -1.3 -1.3 -1.3 -1.3 -1.3 -1.3 -1.3 -1.3 -1.3 -1.3 -1.3 -1.3 -1.3 -1.3 -1.3 -1.3 -1.3 -1.3 -1.3
161.3 161.3 162.5 163.8 164.8 166.3 164.8 163 161.1 157.1 152.7 147 140.8 134.6 128.3 119.2 106.3 97.3 108 116.6 120.8 120.9 116.1 115.3 121.6 124.9 128 128.6 134 141.7 144.5 143.8 141.2 138.1 134.7 131.2 129 128.4 128.8 129.1 129.1 127.8 126.3 125 124.5 125.9 125.2 123.1 120.8 115.1 98.8 83.5 67.7 47.4 34 44.7 37.3 -1.3 -1.3 -1.3 -1.3 -1.3 -1.3 -1.3 -1.3 -1.3 -1.3 -1.3 -1.3 -1.3 -1.3 -1.3 -1.3 -1.3 -1.3 -1.3 -1.3 -1.3 -1.3 -1.3 -1.3 -1.3 -1.3 -1.3
164.5 164.8 166.2 167.1 168 167.7 165.7 163 158.8 153.6 147.6 139.8 131.6 123.4 116.2 109.7 102.1 105.7 110.5 113.3 113.5 113.6 106.4 103.1 106.9 111.8 114.1 116.6 123.6 135.4 140.9 140.2 137.4 134.3 130.8 127.9 124.3 125.1 127.3 128.5 128.2 127.5 126.7 125.9 126.4 127.2 124.5 120.5 115.3 89.6 76.4 62.2 41.2 19.2 5.7 -1.3 -1.3 -1.3 -1.3 -1.3 -1.3 -1.3 -1.3 -1.3 -1.3 -1.3 -1.3 -1.3 -1.3 -1.3 -1.3 -1.3 -1.3 -1.3 -1.3 -1.3 -1.3 -1.3 -1.3 -1.3 -1.3 -1.3 -1.3 -1.3
164.8 166 167.3 168.1 168.8 167.9 164.7 161 156.3 150.2 141 130.6 120.4 115.2 111.3 108.8 110 109.1 105.9 105.2 103.6 100.5 95.8 91.4 93.9 99.1 102.2 104.4 115 122.8 134.3 135.8 132.9 129.2 125.5 123.1 118 124 126.2 127.2 126.7 126.5 126.6 126.2 126.8 126.2 122.3 116.2 101.9 79.9 53.2 37.4 12 -1.3 -1.3 -1.3 -1.3 -1.3 -1.3 -1.3 -1.3 -1.3 -1.3 -1.3 -1.3 -1.3 -1.3 -1.3 -1.3 -1.3 -1.3 -1.3 -1.3 -1.3 -1.3 -1.3 -1.3 -1.3 -1.3 -1.3 -1.3 -1.3 -1.3 -1.3
164.4 166.3 167.7 168.1 168.1 165.7 162.5 158.9 153.6 144.7 134 128.8 124.1 118.8 113.1 107.6 104.3 101.2 96 92.4 91.1 85.8 84.2 79.3 82.8 88.8 91.4 96.8 108.4 119.7 126.6 128.9 126.3 123 119.8 118.1 114.8 122.8 124.9 125.4 125.2 124.7 125.3 124.8 123.6 120.8 116.7 101.3 73.6 60.2 32.3 11.4 -1.3 -1.3 -1.3 -1.3 -1.3 -1.3 -1.3 -1.3 -1.3 -1.3 -1.3 -1.3 -1.3 -1.3 -1.3 -1.3 -1.3 -1.3 -1.3 -1.3 -1.3 -1.3 -1.3 -1.3 -1.3 -1.3 -1.3 -1.3 -1.3 -1.3 -1.3 -1.3
164.3 166 166.1 166.7 163.8 162.3 159.9 156.5 152.1 144 140.6 135.7 127.3 115.2 110.8 101.6 93 86.4 84.3 79.4 75.2 72.3 70.5 65.5 77.9 80.7 81.5 91.3 104.8 116.6 120.5 125 121.2 116.8 110.3 106.7 115.5 120.3 121.8 122.5 121.7 122 121.6 121.3 118.3 115 104.7 84.5 55.2 33.4 9.6 -1.3 -1.3 -1.3 -1.3 -1.3 -1.3 -1.3 -1.3 -1.3 -1.3 -1.3 -1.3 -1.3 -1.3 -1.3 -1.3 -1.3 -1.3 -1.3 -1.3 -1.3 -1.3 -1.3 -1.3 -1.3 -1.3 -1.3 -1.3 -1.3 -1.3 -1.3 -1.3 -1.3
161.7 161.5 160.4 158.7 159.1 159.4 158 155.5 152.5 147.3 144 138.2 127.7 126.5 123.1 114.5 103.1 92.2 81 70.8 64 59.1 56.9 56.8 67.4 67.5 75 88.4 102.9 112.8 116.4 119.7 114.9 110.4 101.6 102.2 112.8 115.8 117.7 118.6 117.6 116.9 116.4 115.4 112.4 104.9 82.4 64.8 37.6 10.7 -1.3 -1.3 -1.3 -1.3 -1.3 -1.3 -1.3 -1.3 -1.3 -1.3 -1.3 -1.3 -1.3 -1.3 -1.3 -1.3 -1.3 -1.3 -1.3 -1.3 -1.3 -1.3 -1.3 -1.3 -1.3 -1.3 -1.3 -1.3 -1.3 -1.3 -1.3 -1.3 -1.3 -1.3
155.6 155.2 152.2 151.2 153.7 156 154.8 153.6 150.8 147.5 143.6 138.5 135.3 132.6 130.2 124.8 117.4 107.7 95.4 85.5 77.9 73.1 64.5 49.9 53.7 63 75.8 92.3 104.7 106.6 107.8 112.6 104.9 100.5 90.8 94.1 106.1 109.6 110.6 111.4 110 109.7 108.7 105 101 78.6 64.3 36.4 8.3 -1.3 -1.3 -1.3 -1.3 -1.3 -1.3 -1.3 -1.3 -1.3 -1.3 -1.3 -1.3 -1.3 -1.3 -1.3 -1.3 -1.3 -1.3 -1.3 -1.3 -1.3 -1.3 -1.3 -1.3 -1.3 -1.3 -1.3 -1.3 -1.3 -1.3 -1.3 -1.3 -1.3 -1.3 -1.3
147.4 142.7 139.3 143.8 152 153.7 154.4 151.9 149 144.9 142.5 139.9 138.5 138 135.5 131.9 127.7 121.3 112.7 103.1 95.4 85.4 75.5 59.2 47.9 61.3 74 96.1 107.3 99.6 99.2 100.9 92.2 85 75.6 85.9 94.6 96.7 100.2 100.3 97 97 95.6 92.5 86.9 64 41.7 13.1 -1.3 -1.3 -1.3 -1.3 -1.3 -1.3 -1.3 -1.3 -1.3 -1.3 -1.3 -1.3 -1.3 -1.3 -1.3 -1.3 -1.3 -1.3 -1.3 -1.3 -1.3 -1.3 -1.3 -1.3 -1.3 -1.3 -1.3 -1.3 -1.3 -1.3 -1.3 -1.3 -1.3 -1.3 -1.3 -1.3
137.1 130.1 134.4 145.1 150.2 152.4 153.4 151.7 149 144.6 139.7 138 139.8 139.9 138.9 136.3 133.4 127.9 120 110.6 100.1 89 77.4 61.6 44.4 55.9 71.4 90.9 96 87.4 83.6 87.2 78.2 68.9 68.7 75.2 77 79.3 83.5 83.3 75.5 76.5 78.9 76.3 69.6 45.6 24.2 1.3 -1.3 -1.3 -1.3 -1.3 -1.3 -1.3 -1.3 -1.3 -1.3 -1.3 -1.3 -1.3 -1.3 -1.3 -1.3 -1.3 -1.3 -1.3 -1.3 -1.3 -1.3 -1.3 -1.3 -1.3 -1.3 -1.3 -1.3 -1.3 -1.3 -1.3 -1.3 -1.3 -1.3 -1.3 -1.3 -1.3
124.2 122.2 134.7 143.2 148.7 151.6 153.3 153 150.9 147.5 141.2 136.7 134.1 139.1 139.4 139.1 137.6 132.7 124.7 114.4 101.8 89.9 75.9 59 41.8 52.9 71.1 85.8 84.9 75.4 63.7 70.6 62.5 52.2 48.4 58.2 58 57.8 59.7 62.8 56.1 56.1 60.4 62.1 58.2 32.7 3.4 -1.3 -1.3 -1.3 -1.3 -1.3 -1.3 -1.3 -1.3 -1.3 -1.3 -1.3 -1.3 -1.3 -1.3 -1.3 -1.3 -1.3 -1.3 -1.3 -1.3 -1.3 -1.3 -1.3 -1.3 -1.3 -1.3 -1.3 -1.3 -1.3 -1.3 -1.3 -1.3 -1.3 -1.3 -1.3 -1.3 -1.3
113.5 126.6 137.8 142.9 146.5 151 154 154.9 154.4 152.1 149.8 144.4 132 128 134.7 138.5 140.1 135.2 125.1 114.1 101.6 89.7 74.8 55 37.6 49.6 68.3 76 71.8 62.2 49.1 55.4 50 38.2 33.8 41.4 39.5 37.9 41 42.3 39.2 40.9 45.4 45.1 43.8 18.8 1.5 -1.3 -1.3 -1.3 -1.3 -1.3 -1.3 -1.3 -1.3 -1.3 -1.3 -1.3 -1.3 -1.3 -1.3 -1.3 -1.3 -1.3 -1.3 -1.3 -1.3 -1.3 -1.3 -1.3 -1.3 -1.3 -1.3 -1.3 -1.3 -1.3 -1.3 -1.3 -1.3 -1.3 -1.3 -1.3 -1.3 -1.3
112.5 119.9 127.8 136.6 146.4 152.6 156.2 160.4 161.3 159.5 156 151.2 139.2 123.9 123.1 133.7 135.4 131.2 122.6 112.4 100.5 88.3 71.3 51.8 34.7 48 66.1 63.5 54.8 45.6 33 33.3 30.7 23.4 20.5 23.9 21.9 20.9 22.7 25 23.3 25.6 27.3 28.1 28.1 12.8 0.7 -1.3 -1.3 -1.3 -1.3 -1.3 -1.3 -1.3 -1.3 -1.3 -1.3 -1.3 -1.3 -1.3 -1.3 -1.3 -1.3 -1.3 -1.3 -1.3 -1.3 -1.3 -1.3 -1.3 -1.3 -1.3 -1.3 -1.3 -1.3 -1.3 -1.3 -1.3 -1.3 -1.3 -1.3 -1.3 -1.3 -1.3
120.6 127.3 134.7 143.3 151.7 158.9 167.5 168.5 165.4 161.7 157.9 152.4 144 126.6 114.1 122.7 127.2 124.2 116.3 108.8 99.2 84.7 64.6 43.4 29.7 50.1 56.7 45.3 35.9 25.5 18.8 15.1 13.2 10.4 9.7 9.1 9 8.2 9.6 9.1 8.1 10 8.8 7.7 9.5 2.2 -1.3 -1.3 -1.3 -1.3 -1.3 -1.3 -1.3 -1.3 -1.3 -1.3 -1.3 -1.3 -1.3 -1.3 -1.3 -1.3 -1.3 -1.3 -1.3 -1.3 -1.3 -1.3 -1.3 -1.3 -1.3 -1.3 -1.3 -1.3 -1.3 -1.3 -1.3 -1.3 -1.3 -1.3 -1.3 -1.3 -1.3 -1.3
132.5 140.4 150.1 157.4 162.8 165.7 167.1 167 164.6 161.3 158.1 151.9 143.6 128.2 108.8 106.8 111.9 108.7 106.9 102.2 94.3 82.8 63.4 39 26.6 41.7 36 27 18 12.8 9.1 7.4 7 6.9 6.7 5.7 5.2 4.9 4.4 4.1 4.1 4.1 4.1 4 4 1.5 -1.3 -1.3 -1.3 -1.3 -1.3 -1.3 -1.3 -1.3 -1.3 -1.3 -1.3 -1.3 -1.3 -1.3 -1.3 -1.3 -1.3 -1.3 -1.3 -1.3 -1.3 -1.3 -1.3 -1.3 -1.3 -1.3 -1.3 -1.3 -1.3 -1.3 -1.3 -1.3 -1.3 -1.3 -1.3 -1.3 -1.3 -1.3
149.8 152.9 157.3 161.1 163.9 165.1 164.8 164.1 162.6 159.6 156.3 151.1 144.9 134.5 117.4 96.6 92.2 89.4 88.3 91.1 88.4 77.9 61.2 38 22 20 17.2 13.8 9.7 9.1 8.7 8.6 13 17.2 17.2 18.1 20.6 14.9 11.6 6.9 4.4 4 4.1 4.1 4 1.2 -1.3 -1.3 -1.3 -1.3 -1.3 -1.3 -1.3 -1.3 -1.3 -1.3 -1.3 -1.3 -1.3 -1.3 -1.3 -1.3 -1.3 -1.3 -1.3 -1.3 -1.3 -1.3 -1.3 -1.3 -1.3 -1.3 -1.3 -1.3 -1.3 -1.3 -1.3 -1.3 -1.3 -1.3 -1.3 -1.3 -1.3 -1.3
161.1 161.9 161.9 162.4 162.6 162.2 162.2 160.1 158.1 156.8 153 149 143.6 137.7 125.9 106.3 93 74.6 66.6 71.7 79.6 71.5 59 46.1 32.6 14.7 11.9 10.8 13.6 20.8 27 32.1 35.6 40.7 44.2 42.3 36.2 26.2 13.4 7.4 6.1 6.6 7.4 9.3 10.1 1.4 -1.3 -1.3 -1.3 -1.3 -1.3 -1.3 -1.3 -1.3 -1.3 -1.3 -1.3 -1.3 -1.3 -1.3 -1.3 -1.3 -1.3 -1.3 -1.3 -1.3 -1.3 -1.3 -1.3 -1.3 -1.3 -1.3 -1.3 -1.3 -1.3 -1.3 -1.3 -1.3 -1.3 -1.3 -1.3 -1.3 -1.3 -1.3
163.5 162.9 161.9 160.3 159.6 157.8 156.8 155.5 153.6 150.6 148.2 144.5 139.7 134.6 129.4 121.5 105.5 85.7 61.6 55.1 66.3 60.8 51.6 42.1 26.4 13.3 14.1 25.1 34.6 43.7 50.2 50.6 55.3 53.7 49.9 43 29.9 15.6 10.9 10.2 14.8 20.2 24.8 22.6 21.4 6.9 0.4 -1.3 -1.3 -1.3 -1.3 -1.3 -1.3 -1.3 -1.3 -1.3 -1.3 -1.3 -1.3 -1.3 -1.3 -1.3 -1.3 -1.3 -1.3 -1.3 -1.3 -1.3 -1.3 -1.3 -1.3 -1.3 -1.3 -1.3 -1.3 -1.3 -1.3 -1.3 -1.3 -1.3 -1.3 -1.3 -1.3 -1.3
161.1 160.4 157.6 156.6 154.4 152 150 148.6 146.7 144.1 140.9 137.9 134.6 130 124 116.7 105.4 87.9 64.3 45.8 47.1 47.6 42 31.8 15 13.2 26.2 41.2 51.3 58.4 67.3 64.7 59.6 50.4 42.8 31.4 19.1 15.8 20.3 27.7 37.7 46.5 43.5 35.5 23.7 12 1.6 -1.3 -1.3 -1.3 -1.3 -1.3 -1.3 -1.3 -1.3 -1.3 -1.3 -1.3 -1.3 -1.3 -1.3 -1.3 -1.3 -1.3 -1.3 -1.3 -1.3 -1.3 -1.3 -1.3 -1.3 -1.3 -1.3 -1.3 -1.3 -1.3 -1.3 -1.3 -1.3 -1.3 -1.3 -1.3 -1.3 -1.3
156.9 153.9 152.5 150.6 147.7 143.8 142.2 140.4 138.1 135.7 131.9 128.8 125.9 120.7 114.3 104.7 91.3 78.2 65.4 53.2 32.2 30.2 29.6 16.6 14.7 25.1 40 53.3 65.7 75.1 72.9 65.3 53.6 40.3 31.9 23.3 23.5 32.2 41.3 53.9 55.9 48.6 36.2 26 22.2 20.7 20.2 19.5 8.5 -1.3 -1.3 -1.3 -1.3 -1.3 -1.3 -1.3 -1.3 -1.3 -1.3 -1.3 -1.3 -1.3 -1.3 -1.3 -1.3 -1.3 -1.3 -1.3 -1.3 -1.3 -1.3 -1.3 -1.3 -1.3 -1.3 -1.3 -1.3 -1.3 -1.3 -1.3 -1.3 -1.3 -1.3 -1.3
150.6 148.7 145.8 142.8 140 134.2 130.9 127.8 126 123.3 120.1 115.7 112.3 107.3 99.7 88 76.5 67.1 58.7 51 36.1 24.1 18.8 16.6 26.4 38.4 55 67.3 76.6 74.5 64.9 53.5 41.9 33.5 33 34.8 45.2 51.8 58.3 63.5 53.1 38.8 32.6 30 30.9 36.9 39 35.9 -1.3 -1.3 -1.3 -1.3 -1.3 -1.3 -1.3 -1.3 -1.3 -1.3 -1.3 -1.3 -1.3 -1.3 -1.3 -1.3 -1.3 -1.3 -1.3 -1.3 -1.3 -1.3 -1.3 -1.3 -1.3 -1.3 -1.3 -1.3 -1.3 -1.3 -1.3 -1.3 -1.3 -1.3 -1.3 -1.3
142.7 139.4 136.2 133 129.1 123 115.8 114.4 112.8 109.3 104.9 100.9 97 91.1 82.9 72.9 64.3 56.8 49.9 40.5 28.9 19.8 18.4 29.7 43.8 57 65.5 73.5 71.7 62.7 52.7 43.3 39.1 46.3 51.5 56.5 62.5 67.2 70.5 64.4 48.3 44.4 45.8 45.6 47.9 40.4 11.2 -1.3 -1.3 -1.3 -1.3 -1.3 -1.3 -1.3 -1.3 -1.3 -1.3 -1.3 -1.3 -1.3 -1.3 -1.3 -1.3 -1.3 -1.3 -1.3 -1.3 -1.3 -1.3 -1.3 -1.3 -1.3 -1.3 -1.3 -1.3 -1.3 -1.3 -1.3 -1.3 -1.3 -1.3 -1.3 -1.3 -1.3
131.7 128.3 124.5 120 115.1 109.2 98.5 98.2 95.5 91.7 86.9 84.5 80.4 75.3 68.8 61.3 53.1 44.8 38.4 27.4 21.1 21.9 32.1 42.1 56.2 68.3 75.8 72.2 61.9 55 47.9 49.1 57.2 66.3 74.5 78.9 81 80.8 78.5 64.9 51.1 58 65.2 64.9 47.1 14 -1.3 -1.3 -1.3 -1.3 -1.3 -1.3 -1.3 -1.3 -1.3 -1.3 -1.3 -1.3 -1.3 -1.3 -1.3 -1.3 -1.3 -1.3 -1.3 -1.3 -1.3 -1.3 -1.3 -1.3 -1.3 -1.3 -1.3 -1.3 -1.3 -1.3 -1.3 -1.3 -1.3 -1.3 -1.3 -1.3 -1.3 -1.3
118.7 115.1 110.6 104.6 99.6 95 86.6 80.4 79.3 74.5 70.2 68.5 66.9 62.9 56.6 49.2 42.8 34.4 26.9 22.8 25.3 34 46 58.4 76.5 85.5 76.7 65.2 59.2 58.8 62.6 69.4 77.7 84 92.5 94.4 92.3 88.2 81.2 65.9 58.9 69 74.1 72.5 48.1 1.3 -1.3 -1.3 -1.3 -1.3 -1.3 -1.3 -1.3 -1.3 -1.3 -1.3 -1.3 -1.3 -1.3 -1.3 -1.3 -1.3 -1.3 -1.3 -1.3 -1.3 -1.3 -1.3 -1.3 -1.3 -1.3 -1.3 -1.3 -1.3 -1.3 -1.3 -1.3 -1.3 -1.3 -1.3 -1.3 -1.3 -1.3 -1.3
104.1 103.1 97.4 92.2 85.3 80.6 74.2 65.7 64.1 58.4 53.9 52.7 51.4 49.3 45.2 37.5 31.6 25.6 24 30 37 47 58.8 73.4 88.5 85.6 74.9 67.3 73.8 74.3 78.9 86.7 96.8 103 104.5 101.1 97.4 91.9 81.7 66.7 67.9 76.3 83 83.8 50 0.6 -1.3 -1.3 -1.3 -1.3 -1.3 -1.3 -1.3 -1.3 -1.3 -1.3 -1.3 -1.3 -1.3 -1.3 -1.3 -1.3 -1.3 -1.3 -1.3 -1.3 -1.3 -1.3 -1.3 -1.3 -1.3 -1.3 -1.3 -1.3 -1.3 -1.3 -1.3 -1.3 -1.3 -1.3 -1.3 -1.3 -1.3 -1.3
92.8 91.9 87.1 81.7 74.9 68.5 62.4 58.6 51.3 46.5 46.2 41.5 38.8 33.6 31.6 27.8 26.2 33 39.9 44.9 50.3 60.7 73.4 87.7 93 86.3 75.3 75 85.1 89.4 94.1 100.9 106.2 111.3 108.3 103.2 98.3 91.4 80.1 73.7 77.8 87.2 96 90.1 50.6 1.4 -1.3 -1.3 -1.3 -1.3 -1.3 -1.3 -1.3 -1.3 -1.3 -1.3 -1.3 -1.3 -1.3 -1.3 -1.3 -1.3 -1.3 -1.3 -1.3 -1.3 -1.3 -1.3 -1.3 -1.3 -1.3 -1.3 -1.3 -1.3 -1.3 -1.3 -1.3 -1.3 -1.3 -1.3 -1.3 -1.3 -1.3 -1.3
80.8 79.2 74 68.3 62.1 58.5 55.6 54.7 56.1 63.5 67.6 64.4 52.8 40.9 32.2 28.5 39.4 50.8 59.6 63 67 77.5 89.5 95.9 93.9 86.4 79 80.8 95.1 99.8 103.5 107 110.2 110.9 107.7 102.7 97.2 90.2 87.8 89.2 91.3 96.1 99.3 88.4 30.4 2.1 -1.3 -1.3 -1.3 -1.3 -1.3 -1.3 -1.3 -1.3 -1.3 -1.3 -1.3 -1.3 -1.3 -1.3 -1.3 -1.3 -1.3 -1.3 -1.3 -1.3 -1.3 -1.3 -1.3 -1.3 -1.3 -1.3 -1.3 -1.3 -1.3 -1.3 -1.3 -1.3 -1.3 -1.3 -1.3 -1.3 -1.3 -1.3
85.7 74.8 72.9 73.1 71.9 71.4 69.6 74.7 77.3 81.4 88.2 87.6 69 44 31.8 39.9 54.4 65.8 77.6 77.6 84.1 92.3 98.1 102 99.6 94.7 86.6 86.7 99.7 105.2 107.6 110 111.7 112.1 110.6 107.7 104.4 102 101 103.8 96.1 91 81.9 62.3 31.3 0.6 -1.3 -1.3 -1.3 -1.3 -1.3 -1.3 -1.3 -1.3 -1.3 -1.3 -1.3 -1.3 -1.3 -1.3 -1.3 -1.3 -1.3 -1.3 -1.3 -1.3 -1.3 -1.3 -1.3 -1.3 -1.3 -1.3 -1.3 -1.3 -1.3 -1.3 -1.3 -1.3 -1.3 -1.3 -1.3 -1.3 -1.3 -1.3
97.6 94.2 92.8 89.9 88.7 87 87.4 91.6 94.3 94.8 92.1 92.6 71.9 47.9 34.7 45.3 63.3 73.6 78.3 84.9 93.3 102.3 108.7 109.1 105.9 99 93.1 93 99.7 106.1 110 112.7 114.6 115.9 115.8 115.6 115.1 113.9 110.1 96.6 81.6 70.4 54.5 41.4 34.2 1.2 -1.3 -1.3 -1.3 -1.3 -1.3 -1.3 -1.3 -1.3 -1.3 -1.3 -1.3 -1.3 -1.3 -1.3 -1.3 -1.3 -1.3 -1.3 -1.3 -1.3 -1.3 -1.3 -1.3 -1.3 -1.3 -1.3 -1.3 -1.3 -1.3 -1.3 -1.3 -1.3 -1.3 -1.3 -1.3 -1.3 -1.3 -1.3
112.9 111.3 111.2 105.1 105.4 106 106.5 105.8 104.5 100.2 96.9 88.6 74 51 37.9 47.4 61.1 68.4 79 89 99.3 108.7 114.6 115.4 112.4 106.4 104.7 105.5 105.3 109.2 113.7 118.2 120.9 122.5 122.5 121.6 120.8 119.5 113.7 86.2 62.3 47.5 29 16.1 5.8 -1.3 -1.3 -1.3 -1.3 -1.3 -1.3 -1.3 -1.3 -1.3 -1.3 -1.3 -1.3 -1.3 -1.3 -1.3 -1.3 -1.3 -1.3 -1.3 -1.3 -1.3 -1.3 -1.3 -1.3 -1.3 -1.3 -1.3 -1.3 -1.3 -1.3 -1.3 -1.3 -1.3 -1.3 -1.3 -1.3 -1.3 -1.3 -1.3
123 121.5 119.9 117.1 115.8 115.2 113.9 111.7 108.5 101.4 93.8 81.5 68.5 52.2 45.1 43.2 57.5 75.2 81.7 92.2 103.9 113.7 118.2 120.2 119 115.4 114.4 114.1 113.3 116 120 123.7 125.9 126.2 126.4 126.7 124.5 119.2 93.9 73.1 53.8 30.9 1.3 -1.3 -1.3 -1.3 -1.3 -1.3 -1.3 -1.3 -1.3 -1.3 -1.3 -1.3 -1.3 -1.3 -1.3 -1.3 -1.3 -1.3 -1.3 -1.3 -1.3 -1.3 -1.3 -1.3 -1.3 -1.3 -1.3 -1.3 -1.3 -1.3 -1.3 -1.3 -1.3 -1.3 -1.3 -1.3 -1.3 -1.3 -1.3 -1.3 -1.3 -1.3
128.7 126.9 125.1 122.7 121.1 118.4 116.2 111.8 106.3 98 87.2 75 63.1 58.3 50.1 44.7 60.4 74.9 83.1 94.7 107.6 117.3 122.1 124.5 124.1 122.5 121.6 121.6 121.4 122.2 123.7 126.3 127.1 127.7 128 128.1 125.7 116.1 88.6 62.5 39 3.4 -1.3 -1.3 -1.3 -1.3 -1.3 -1.3 -1.3 -1.3 -1.3 -1.3 -1.3 -1.3 -1.3 -1.3 -1.3 -1.3 -1.3 -1.3 -1.3 -1.3 -1.3 -1.3 -1.3 -1.3 -1.3 -1.3 -1.3 -1.3 -1.3 -1.3 -1.3 -1.3 -1.3 -1.3 -1.3 -1.3 -1.3 -1.3 -1.3 -1.3 -1.3 -1.3
