STL Generation/terr50_gagg_gb/data/SX99.asc
ncols 200
nrows 200
xllcorner 290000
yllcorner 90000
cellsize 50
[rows 38 to 75 of 200, columns 0 to 85 of 200]
21.4 20.2 18.9 18.6 22.8 26.4 28.6 30.7 32.9 33.8 36.8 38.8 39.7 40.3 37.3 36.6 38.1 40.5 40.7 39.6 39.8 40 41.5 41.7 41.3 40.4 38.8 38.4 37.6 36.9 36.3 35.5 34.6 34 32.8 31.8 29.3 27.6 28.5 29.2 33.3 36.3 37.4 35.8 34 32.4 30.8 29.7 30.5 30.8 31.5 31.3 31.3 31.4 31.5 28.4 18.9 17.3 18.6 18.5 18.4 18.2 18.1 18.3 18.6 18.6 18.6 19.8 19.5 19.1 18.9 18.7 18.6 18.5 21.3 19.7 19.8 20.1 19.3 18.9 18.7 18.5 18.5 18.5 20.2 20.3
19.2 18.7 19.1 23.2 27.1 30.9 33.4 35.5 36.3 36.6 39.3 41.2 42 43.1 41.2 40 40.4 42.1 42.8 41.4 41.3 41.8 42.3 43 42.5 42.1 40.9 39.5 38.2 37.3 37.7 37.2 37 35.8 34.6 33.3 31.2 27.7 27.1 30.7 35.3 38.1 37.2 35.6 32.9 31.1 29.4 27.2 28.4 30 30.8 31.5 31.4 31.3 31.1 26.4 17.6 18.8 18.2 18.4 18.4 18.1 18.2 18.3 18.5 18.5 18.6 19.6 19.7 19.6 19.3 19.1 18.9 18.7 19.3 19 19.2 19.3 18.8 19.6 19.3 18.6 19.2 19.4 21 20.7
18.4 19.5 25 28.5 31 34.5 36.6 38.5 39.6 39.5 41.3 42.7 46 46.5 45.2 42.8 43.6 44 43.9 43.2 43.4 44.1 44.5 44.6 44.1 42.9 41.7 40.7 39.2 39.1 40.2 40 38.6 37.4 36.3 34.6 32.8 29.6 27.5 31.1 37.6 38.5 36.2 33.6 31.3 29.7 28.1 25.7 24.9 25.4 29.2 30.7 30.9 30.6 29.3 23.1 18.6 17.1 18.3 16.3 16.3 18.1 18.3 18.4 18.6 18.8 19 19.3 19.4 19.6 19.8 20.2 20.7 18.9 19.5 18.8 18.4 18.7 19.2 18.8 18.2 20 20.2 20.6 20.3 20.3
18.7 24.7 30.8 32.6 34.3 36.4 38.5 40.4 41.8 42.6 42.8 44.8 46.1 46.8 46.3 46 45.9 46.1 45.7 45.6 45.8 46.4 46.6 46.7 45.8 44.2 42.8 41.7 39.8 42.2 42.6 42.5 41 38.8 37.5 34.6 33.4 29.9 26.6 28.4 34 34.7 32.1 30 27.2 26.4 24.4 23.6 23 21.6 24.9 28.7 28.6 30.3 26.9 19.4 18.4 18.5 18.7 16.5 16.2 18.2 18.2 18.4 18.7 18.9 19 19.4 19.6 19.8 19.9 20.3 19.8 18.7 19.2 19.4 18.3 19.4 19.3 18.6 18.1 18.4 18.9 19.5 19.5 19.5
21.4 30.2 33.1 34.3 36 37.9 39.7 41.2 41.9 43 43.8 44.3 44.9 44.7 46.3 46.3 47 47.6 47.7 47.8 48.2 49.3 49.4 49.3 47.9 46.1 44.3 41.9 42.6 45.1 45.8 45 43.5 40.7 38 33.7 31.3 28.7 26.3 25.8 27 28.5 26 25.6 24.2 25.2 27 27.9 26.8 22.8 20.5 24.9 24.6 24 19.7 17.9 17.9 17.9 18.3 18.6 16.3 18.1 18.4 18.5 18.6 18.8 18.8 19.3 19.8 20 20.2 20.6 18.5 18.2 18.5 18.8 18.3 18.3 18.4 18.5 17.9 18.4 19 19.2 19.2 19.2
25.2 29.3 31.4 33 35.2 37.5 39 39.9 40.9 41.7 42.3 41.5 42 43 45.6 46.5 47.8 49.3 50.6 50.6 51 52.4 52.4 51.2 48.3 48.1 44.4 43.8 46.6 48.3 48.4 47.7 46.8 43.7 38.2 36.2 34.7 31.4 27.7 26.1 25.7 26.5 27.4 30.1 29.8 30.3 30.3 30 28.4 25.9 22.2 20.6 19.8 22.2 19.5 17.3 17.3 17.5 17.7 18 18.2 16.2 18.3 18.4 18.5 18.6 18.6 18.7 19.7 20.2 20.4 19.5 19.1 18.8 18.5 18.2 19 17.9 17.5 17.5 18.2 18.4 18.7 19.2 19.3 19.2
22.1 24.3 27.1 28.8 31.7 33 34.8 35.7 37.4 38.1 39.8 39.8 41 42.7 44.7 47.1 49.2 51.5 53.9 54.2 53.9 55.8 52.7 53.2 50.9 49.3 44.7 48.4 50.1 52.1 51.6 50.9 48.6 43.3 42.5 44.1 41.8 38.1 34.3 34.3 34.3 32.4 32.2 34.4 33 31.5 30.7 30.7 29.4 27.9 23.8 23.1 23.7 27.4 28.8 19.1 17.5 17.5 17.6 17.9 18.1 18.2 16.2 18.2 18.3 18.4 18.5 18.6 19.2 20.1 19.5 17.9 18.9 18.7 18.4 18.1 19.3 18 17.6 18.4 18.7 18.9 18.8 18.9 19 19.2
23.2 24.3 28.2 30.6 30.1 31.1 31.9 32.3 34.1 37.2 39.9 42.7 44.7 46.6 48.8 53.8 55.2 57.1 58.2 60.5 61.3 56.9 56.1 54.8 51.8 47.7 50.2 53.3 54.7 55.4 54.7 52.7 47.2 43.7 49.8 50.9 49.8 45.5 41.4 39.1 37.3 35.6 34.4 35.8 34.8 33.2 31.6 30.8 30.4 29.1 26.9 26.6 28.1 29.4 29.1 28.5 18.1 17.5 17.6 17.8 17.8 18 16.8 18.1 18.1 18.2 18.3 18.3 18.3 18.1 17.8 17.6 18.7 18.5 18.3 18.1 18.5 18.8 18.9 18.3 18.4 18.5 18.5 18.6 18.8 18.9
27.8 30.1 32.6 34.9 37.9 39.4 40 41.2 42.5 43.8 46.1 48.6 50.2 52 52.1 55 58.6 62.4 63 61.7 62.5 61.5 59 54.8 51.3 50.9 55.5 57.6 59.8 59.9 58.1 53.5 48 50.8 56 57 55.5 51.1 45.4 41.9 39.4 36.8 36.8 36.7 36 34.1 32.9 31.9 30.9 30.3 28.6 29.3 29.9 29.9 29.6 28.7 26.9 17.3 17.4 17.6 17.9 18 18.2 18.4 18.1 18 17.7 17.4 19.8 17.9 17.9 17.8 18.2 18.3 18.6 18.8 18 18.2 18.8 18.6 18.5 18.3 18.2 18.3 18.5 18.6
31.8 33.2 37.8 39.5 42.6 45 46.6 47.8 48.5 49.3 50.8 53.9 56.2 56.7 57.5 58.4 61.1 65.5 66.4 65.7 64.3 62.2 58 53.5 52.7 54.3 58.5 62.8 64.9 65.2 61.9 56.5 55.9 59.1 61.7 61.2 57.6 52.8 47.8 43 40.5 39.4 38.3 37.7 36.7 34.7 33.3 32.1 31 30.6 27.9 29.7 29.8 29.8 29.9 29.3 28 22.5 17.2 17.4 17.5 17.6 17.9 16.1 18.4 18 17.9 19.7 17.8 17.8 17.8 17.8 17.5 17.8 17.7 18.9 18.3 17.3 18.8 18.8 18.6 18.7 18.8 20 20.7 23
32 35.8 40.4 43.5 47.3 50.1 52 55.1 55.7 55.5 57.6 60.6 61.9 62.7 63.4 64.6 66.2 68.9 69.2 68.8 65.8 61.5 57.7 55.6 55.8 56.8 59.7 63.7 67.4 67.3 65.5 63.1 63.6 65 66.5 64.3 58.6 53 48.8 44.8 42 40.6 39.5 38.4 36.7 35.4 34.1 32.7 31.4 30.4 29.2 29.3 29.5 29.9 29.9 29.2 25.9 21.5 16.8 16.7 17 17.4 17.8 16.2 18 17.9 17.8 19.8 17.7 17.7 17.7 17.7 17.5 17.7 17.1 16.7 17.9 18.3 18.6 18.7 19 19.7 19.1 25.1 30 34.1
31.3 34.8 40.8 45 48.3 52 56.8 60.8 62.4 62.3 64.1 65.9 67.3 68.5 69.4 71 72.1 72.4 72.1 71 65.3 63.9 61.6 59.3 59.4 60.6 62.1 66.8 69.4 69.7 69.7 69.7 69.4 69.9 68.9 66.4 61.7 56.3 51 46.9 43.7 41.7 40.5 38.7 37.2 35.8 34.4 33 31.6 30.3 29.6 29.5 29.8 29.9 29.8 28.9 27.6 24 17.5 16.6 17 17.4 17.7 16.2 17.8 17.8 19.8 17.4 17.4 17.5 17.5 17.5 17.5 17.6 17.5 17.4 17.8 18.5 18.5 18.5 18.9 20.3 23.9 31.5 39.1 42.7
30.5 32.4 37.2 40.8 45 50.5 56.1 61.2 64.8 66 67.4 68.9 71 72.7 72.8 74.9 75.9 76.4 75.2 72.5 69.4 67.8 63.4 62.5 63 64.4 68.9 72.9 73 72.4 72.3 72.4 71.5 70.7 70.4 69.1 64.6 60.8 54.8 49 45.5 43 40.9 39.2 37.6 36 34.6 33.2 31.8 30.7 29.8 29.9 29.9 29.9 29.3 28.4 27.3 24.6 18 16.6 17 17.4 17.9 17.8 17.7 17.8 17.7 17.7 17.6 17.4 17.4 17.4 16.1 17.2 17.2 17.4 19.4 18.9 18.7 18.7 19.5 22.9 30 38.1 46.5 50.2
26.2 27.3 31.5 34.9 42.7 48.2 53.9 59.7 62.5 64 64.7 65.5 69.5 72.3 74.3 76.4 79.2 79.5 79.3 76.2 74.8 70.5 67.5 67.6 67 71.6 77 77.5 76.2 75 74.2 73.4 71.7 70.6 71 70.5 67 63 58.3 52.4 47.5 43.7 41.3 39.7 38 36.4 34.8 33.3 32.1 31.2 30.3 29.9 29.8 29.7 28.9 27.8 26.1 23.7 17.6 16.3 17 17.5 17.7 17.7 17.8 19.6 17.3 17.3 17.4 17.5 17.5 17.4 16.1 17.2 16.7 17.1 17.4 19.5 20.4 20.8 23.3 30 37 42.5 51.4 55.6
24.9 27.1 32.1 37.8 41.9 47.3 53.7 57.9 59.8 60.8 61.3 62 65.6 67.6 69.8 75.3 78.4 81.9 82.8 81.3 79.6 75.7 73.4 72.8 74.9 78.7 79.2 80 79.6 77.8 75.9 73.5 70.8 68.1 68.6 69.6 67.9 63.9 60.1 55.2 49.7 45.2 41.4 40.1 38.5 36.9 35.2 33.6 32.5 31.5 30.5 29.8 29.6 29.3 28.4 27 25.2 23.3 16.8 16.2 17.1 15.8 17.7 17.6 17.5 17.2 16.9 17 17 17.1 17.2 17.3 17.5 16.8 16.3 17.2 18.1 19.2 20.6 22 28 33.4 40.8 49.4 56.9 61.4
26.8 28.6 32.8 39.2 44 48.8 53 55.3 55.4 55.4 55.5 58.3 59.5 61.6 66.6 72.9 77.8 82.7 84.8 84.1 83.3 80.4 77.9 78.7 81.6 83 83.7 83.8 83.2 80.6 78.6 75.6 70.9 67.1 65.9 66.9 65.6 63 59.1 55.3 51.1 46.6 43.2 40.8 38.9 37.1 35.4 34 32.9 31.7 30.7 29.9 29.5 28.9 28.3 26.7 24.7 22.1 17.1 15.7 15.9 17.6 17.5 17.6 19.5 17 16.9 16.6 16.6 16.8 17 17.2 17.3 16.4 17.4 17.1 18.8 19.2 23.8 24.4 27.4 33.5 43 51.1 58.7 66.1
23.2 28.1 31.9 38 43 47.8 51.3 51.8 50.7 50.5 49.3 51.4 53 58 63.7 70 77.2 81.6 84.9 85.7 85.1 85.8 85.6 87.1 88.2 88.9 89 88.7 87.7 86 83.3 78.9 73.1 68.1 63.7 62.1 61.9 59.3 56.3 52.8 49.2 45.7 43.3 40.8 38.7 37.2 35.6 34.5 33.5 32.2 30.9 30 29.5 28.8 28.1 26.9 25.2 23.8 15.6 16.2 17.4 17.3 16.9 17.3 17 17.1 16.8 16.6 16.5 16.7 16.9 17.1 17.2 17.9 18.8 18.7 19.4 25 27 27.8 28.8 39.8 44.3 48.4 54.9 68.7
16.8 25.9 29.6 35.7 40.5 44.3 46.9 48.1 46.6 42.8 42.3 47.6 52.3 57.6 63 68 69.4 74.9 78.7 83.6 86.1 88.7 90.6 91.3 92.1 92.7 92.5 91.9 91 89.3 86.9 81.8 76.4 70.2 65.1 61.3 58.5 54.5 51.7 49.3 47.7 45.4 42.9 40.4 38.2 36.9 35.9 35 34 32.9 31.5 30.2 29.5 28.8 27.8 26.2 25.8 24.5 22.9 16.7 17.2 16.9 16.9 17.9 17.1 17 16.9 16.6 17 16.8 17.1 17 17.8 18.1 18.7 19.8 26.2 37.3 41.9 33.9 30.1 42 50.4 57.3 64.6 74.5
15.5 25.1 27.9 31.3 35.9 39.9 42.5 43.4 40.4 40.4 47.8 50.4 53.6 57.8 56.1 56.8 62.7 69.8 75.3 82.5 87.9 91.4 94.7 95.6 95.4 95.4 94.8 93.7 92.5 91.3 88.7 84.5 80.5 75 68.9 64 61.2 57.6 54.1 50.4 46.8 45 42.5 40.1 37.7 36.4 35.3 34.6 34.1 33.4 32.1 30.5 29.5 28.2 26.9 25.8 25 25 25.2 19.4 15.4 16.9 20.1 17.3 17.1 16.9 15.8 16.7 17 16.4 16.8 18.3 18.5 19.4 20.1 26 36.7 49.2 47.9 36.9 31.9 46.3 55.3 60.7 70.1 79.9
15.6 25.3 27.6 29.3 31.9 36.2 37.2 34.3 38.1 46 52.6 54.8 54.8 51.2 49.4 55.6 60.7 66.8 75.3 83 89.8 94 96.2 96.2 95.8 95.4 95.1 94.4 93.1 91.8 88.9 84.3 80.4 76.5 73.1 68.4 66 63.2 58.3 52.7 47.2 44.4 42.1 39.8 37.4 36 34.9 33.9 33.4 33.6 34 32.7 30.2 28.8 27.3 25 23.8 24.7 25.6 24.1 18.7 14.6 17.8 17.5 17.3 17.1 16.9 16.6 16.9 16.8 18.7 18.7 18.4 20.8 25.3 34.7 45.8 55.2 49.5 40.1 34 44 54.6 62.2 71.7 80.2
15.7 25.5 27.9 28.1 27.8 28.6 33.5 40.2 46.3 50.3 53.3 52.9 47.4 45.2 52.8 59.7 65.1 71.1 76.5 84.1 91.4 95.5 97.1 95.7 95.2 94.8 94.5 95.1 93.5 90.2 87.1 82.2 78.2 74.7 72.4 69.2 66.6 63.6 59.7 53.6 47.8 43.6 41.4 39.2 36.9 34.8 33.4 33.7 34.5 34.8 35.5 35.8 33.3 30.2 26.9 24.4 22.7 24.4 24.8 25.3 19.9 17.3 17.1 17.5 17.4 17.2 15.4 16.6 16.7 16.5 18.4 18.4 19.5 24.9 35 45.8 55.5 57 50.5 41.2 41.2 43.4 49.4 61.1 70.9 78.1
15.7 25 25.8 25.3 26.4 31.9 38 44.2 48.2 50 50.3 47.4 38.7 47.7 55.8 62.8 68.2 73.9 79.1 86.7 93.5 96.2 93.8 91.1 90.5 92.4 93.7 92.6 90.7 88.4 84.6 79.7 74.9 72.6 70.5 68.2 65.8 63.3 59.1 53.9 47.7 42.4 40 38.4 36.1 33.8 31.5 33.6 34.5 35.4 36.9 38.3 35.7 31.3 27.6 23.8 22.2 24.1 24.8 24.3 19.6 18.7 17.8 17.3 17.3 15.1 16.9 16.7 16.5 18.5 18.1 19 22.8 32.1 43.7 56.6 62.1 59.6 51.7 45.8 47.6 51.5 54.6 63.1 72.4 77.7
15.6 24.1 23.9 22.1 26.9 30.8 36.4 41.9 45.9 46.1 43.3 36.2 36.2 46.6 53.5 61.6 69.9 76.8 83 89.9 95.1 95.1 93.3 87.7 85.4 85.9 87.1 86.7 85.4 82.9 79.4 74.9 71.2 68.8 67.2 65.4 63.1 60.7 56.7 52.1 47.5 42.5 38 36.9 35.6 32.5 29.5 33 34.3 35.2 36.5 37.4 35.6 31.1 27 23.1 20.5 23.3 23.7 20.4 17.2 17.1 17 16.9 16.8 17 16.6 16.3 16.6 16.8 17.8 22.3 35.4 41.6 49.8 59.1 63.1 61.2 57.3 51.6 54.3 56.5 62 66.5 76.4 80.3
15.2 20.8 20.7 19.6 22.6 25.2 31.6 37.9 37.6 36.1 30.9 33.2 41.3 57.7 65.3 68.5 72.2 79 85.6 91.4 94.2 93.9 92.1 83.3 76.3 76.7 79.6 80 79.1 77.2 74.7 71.6 68 63.1 62.7 62.5 60.3 58.2 54.5 51.4 47.2 42.1 37.3 35.2 35.1 32.7 28.4 31.2 32.6 33.6 34.2 35.3 33.2 28.2 24.6 19.9 19 21.2 18.3 16.9 17.1 17.1 17 16.9 16.8 15.3 16.7 16.8 16.9 16.6 20.9 35.5 49.1 49 57.1 63.8 66.2 62.5 64.7 63.6 63.9 66.3 73.6 78.3 81 81.3
14.7 15.9 16.9 17.9 18.4 20.3 22.1 27.7 27.1 25.6 29.8 36.7 48.1 62.8 69 72.9 76.5 81.5 87.1 89.5 90.7 92.3 90 80.4 73.1 69.4 67.6 72.5 72.9 71.6 70.3 67.9 64.7 61.2 57.3 58.5 57.6 55.7 53.5 50.3 45.9 40.9 37.3 34.2 32.5 33.2 30.1 28.9 30.7 30.7 31.1 31.2 28.9 25.1 21.3 19.6 19 16.6 16.4 16.6 16.8 16.9 17.1 17 16.9 15.2 16.7 16.6 15.3 21.3 29.3 38.4 52.1 60.1 66.1 70.6 68.4 69.1 71.3 70.6 70.3 71.6 77.3 84.4 82.7 79.2
15.6 16.4 15.6 15.6 15.7 16.2 17.6 19.4 19.6 28.9 33.8 40.9 51.3 65.8 71.3 75.8 80 83.9 88.2 88.4 88.4 89.8 89.9 84.4 78.4 73.2 64.2 59.8 65.7 66.1 66.4 64.9 62 58.3 53.4 53 53.5 52.5 51.6 48.5 43.6 38.9 35.4 33.3 29.9 30.5 30.6 25.7 26.6 28.1 28 25.3 23.3 20.3 18 17 16.8 16.3 16.2 16.4 16.6 16.8 16.9 17 16.9 14.9 16.4 15.2 19.9 30.2 40.4 45.8 53.8 66.4 73.4 75.6 75.9 77.3 77.6 76.1 76.7 78.6 81.7 88.2 83.6 78
15.2 13.3 14.9 14.5 15 15.2 15.6 16.2 17 20.8 29.3 39.4 50.4 61.7 70.9 74.7 80.8 85.4 88.3 88.1 88.6 88.4 88.3 88.1 84.9 79.8 73.2 58.6 53.7 59.7 60.8 60.5 58.8 57.3 53.6 46.5 45.3 47.5 48.1 45.1 40.7 36.4 34.4 31.9 27.5 29.3 28.9 26.8 21.8 22.5 21.8 18.5 17.2 17.5 16 16.2 16.3 16 15.9 16.1 16.4 16.6 16.7 16.8 14.7 16.6 15.1 25 45.6 47.6 56 61.9 66 73.3 78.6 78.2 81.7 82.8 84 86 86.4 88.2 91.1 89.1 84 78
29.9 15.9 13 18.6 14.7 14.8 14.2 14.9 14.9 14.7 19.2 31.3 45.3 57.5 65.9 70.8 76.6 81.9 86.3 88.1 88.6 88.9 88.9 87.6 85.2 79.6 73.6 65.3 52.8 46.5 50.6 55.5 56 55.1 52.9 49.4 44.1 36.5 40.1 38.6 35.6 33 31 29.7 25.3 26.9 26.4 23.4 18.7 16.5 15.6 15.7 18.6 15.9 15.8 15.8 15.8 15.7 15.7 15.9 16.1 16.3 16.5 16.7 14.8 16.6 23.2 46.3 53.7 62.2 68.6 73.7 79.1 82.9 86.3 83.1 87.6 88.4 89.9 91.4 93.9 95.3 93.5 89.4 84.7 81.1
61.4 43 28.2 20.9 13.2 14.3 14.5 14.5 14.5 14.4 14.6 20.8 34.7 48.2 59.8 64.2 68.3 74.7 81.5 85.2 88.2 89.3 87.9 85.4 81.6 76.8 71.6 65.7 57.7 46.9 43.2 45 51.8 52.8 51.8 51 48.6 42.1 31.2 31.9 31.6 30.2 28.3 27.5 24 20.9 17.4 15.7 15.5 15.1 15.4 18.3 15.3 15.6 15.5 15.4 15.3 15.6 15.6 15.8 16 16.1 16.3 16.7 17 15 25.7 42.4 59.4 73.3 79.4 82.4 87.6 91.5 94 88.2 92.9 93.8 96.4 99.9 102.7 102.7 99.3 94 88.8 84.9
75.1 65.4 53.1 43 31.9 21.8 15.2 11.3 14.5 14.4 14.4 14.5 21.3 37.5 50.7 57.3 60.7 66 73.2 79.6 83.6 86.1 85.5 80.6 76.9 72.8 67 62 56.9 50.7 43.7 34.7 37.6 47.9 48.8 48.9 45.9 39.4 31.9 25 27.9 27.9 27 19.6 16.9 15.6 14.9 14.7 15.1 15.6 18.7 15.2 15 14.9 15.1 15 15.4 15.9 15.9 15.9 16.1 16.2 16.6 16.8 14.7 18.8 23.3 30.4 41.8 60.3 79 87.4 93 96.8 100 96.6 98.5 99.8 103.2 107.8 109.8 108.6 109 101.8 94 90.4
81.6 71.1 59.9 48.7 39.1 30.3 27.2 23.5 18.5 17.9 13.8 13.2 14.6 29.4 46 51.9 55 60.4 66 73.8 77.2 79.8 78.9 75.8 72.2 66.7 60.3 56.4 53.4 50.7 44.3 30.4 28 35.9 41.9 43.2 40.2 35.2 30.7 25.8 22.3 24 17.3 14.6 14.6 14.5 14.7 15 15.5 18.6 15.6 15.3 15.2 15 14.8 15.2 16.2 16.1 16.2 16.2 16.6 14.7 14.6 14.5 26 29.1 29.5 25 32.1 47.6 65.1 82.5 92.3 99.2 102.2 102 102.2 104.6 107.6 112.2 113.2 112.3 110.7 105.4 100.7 97.7
80.8 76.7 66.1 55.5 45.9 37.7 31.1 25.5 20.8 17 12.5 13.5 14.2 23.2 42.3 46.8 49.9 52.5 58.2 64.8 68.8 71.7 71 69.5 65.2 61.1 54.6 51 49.2 48.9 45.6 38.5 24.4 22.8 35.2 39.3 35.8 32.5 28.5 24.1 17.3 15.6 14.6 14.5 14.5 14.5 14.8 15.2 18.4 14.7 15.4 15.6 15.4 15.2 15.3 15.8 16.6 16.4 16.7 14.8 16 24.7 25.6 29.1 33.5 39 39 31.7 30.2 35.9 51.5 69.2 83 91.9 98.4 104 105.3 108.9 111.2 114.1 114.9 113.9 110.8 105 102.9 100.8
67.1 75.3 73.8 65.4 55.1 44.9 35.5 28.2 22.5 17.6 14.9 12 14.1 16.8 34.5 41 44.1 46.9 49.9 54.1 59.6 61.6 63.2 63.1 59.9 56.5 51.4 47.4 46.5 46.2 45.3 42.9 26.8 19.5 33.1 34.5 32 26.3 15.6 15 15 14.7 14.6 14.6 14.5 14.7 14.9 18.3 14.8 16 16.4 16.2 15.9 15.8 16.2 14.7 15.1 18 21.5 24.6 28.3 31.3 34.9 38.4 42 46.8 44.7 38.4 30.9 33.5 39 55.7 70.8 83.3 94.7 101.2 105.8 111.8 113.7 115.7 114.2 111.8 108.4 103.1 101.3 99.5
47.4 55.4 66.3 73.3 66.5 54.3 39.8 30.1 23.1 17.7 15.4 14.1 16.2 14 24.8 34.4 37.5 41.9 45.1 48.8 51.1 54.1 56.1 56.3 54.3 51.4 48.4 44.8 39.9 40.8 40.6 38.4 30.1 17.9 28.4 29.5 21.8 15.3 14.6 14.7 15 15 14.9 15.5 15.3 14.8 18.1 15.2 14.5 16 16.1 16.3 16.4 15 15.6 16.5 17.9 22.8 27.8 35.7 39.8 43.7 48 50.8 51 54.6 50.6 43 34.9 34.9 36.5 42.3 57.9 70.5 83.1 93.9 102.7 112.3 116.4 115.3 111.9 107.7 104 100.7 98.6 95
29.9 38.2 50.8 66.1 72 61.7 44.9 33.5 23.7 17.9 14.7 13.7 12.8 13.7 22 29.7 32.7 36 40.3 44.1 46.6 48.3 49.7 49.5 48 45.5 43.1 40.9 37.2 33.8 34.2 32.6 29.2 18.5 18.3 18.5 15 15.2 14.9 15 15 15.2 15.1 15.5 15 17.5 14.8 15.4 14.7 15.8 15.8 15.8 15.8 15.7 15.6 16.3 22.4 27.8 37.5 48.2 54.5 58.4 64.6 65.6 65.2 56.4 47.3 42.3 36.4 39 41.5 46.2 52 58.5 70.7 82.2 95 108 116.6 114 109.9 105.1 102.3 98.8 94 89.8
24.8 26.9 38.3 51.4 62.8 65.9 54.6 38.4 25.5 18.8 14.7 13.7 13 14.3 18.3 26.9 30.3 33.7 37.1 40 42.5 42.8 43.3 43.7 42.9 39.8 37.3 35.3 33.9 30.2 29.2 28.8 25.9 15.7 14.8 14.2 14.6 15.2 15.2 15.2 15.2 15.2 15.2 15.1 14.3 15.2 15 15.7 14.5 15.7 15.4 15.3 15.1 15.3 19.6 25.5 32 33.1 37.7 40.1 53.2 67.3 72.7 74.3 66.5 53.4 44.3 40.1 41.1 43.8 47.8 51.6 57 58.8 60.8 71.5 86.4 102.3 111.5 115.9 111.2 106.9 103 100 94.4 91.2
32.8 25.3 24.6 36.5 47.3 60 61 43.3 24.9 18.8 16.4 16 15.1 14.6 15.8 25.5 29.2 32.6 34.6 36.5 38.1 38.6 37.8 38.2 37.3 34.9 32.7 30.5 28.4 25.1 25.6 24.3 16.1 14.7 14.7 13.9 15.2 15.2 15.2 15 15 14.9 14.7 17.3 14.2 14.8 15 15.5 16.1 15.5 15.4 15.4 16.9 25.8 36.8 41.6 42.2 41.1 38.6 47.8 54.7 61.9 72.6 77.9 74.1 58.7 47.9 44.9 46.8 49.8 53.2 60.9 68.1 71 68.7 68.6 76.3 88.5 101.8 114.1 117.4 115.1 107.6 104.9 99.1 100.4
38.2 31.1 22.9 23.6 31.3 44.6 50.7 40.7 23.3 17.8 16.4 15 14.8 14.6 15.3 24.6 27.8 29.8 31.7 33.7 34.8 33.6 33.6 32.7 31.6 31.2 29.3 26.7 23.8 21.3 20.8 14.4 14.6 14.4 14.1 11.6 11.7 14.2 14.9 14.4 14.2 14.1 16.7 14.5 14.2 15.6 15.1 15.6 16.1 15.6 16.4 23.2 30.4 32.3 29.8 44.1 52.7 52.9 45.4 54.8 61.3 66.4 73.5 83.4 81.2 63.2 54.8 51 52.1 54.1 57.1 67.5 79.4 83.5 80 75.9 77.5 84.6 95.1 105.4 115.6 118.3 114.3 109.9 106 106.8
