STL Generation/terr50_gagg_gb/data/SY19.asc
ncols 200
nrows 200
xllcorner 310000
yllcorner 90000
cellsize 50
[rows 0 to 34 of 200, columns 80 to 159 of 200]
71.7 71.9 72.4 73.1 73.5 73.9 74.6 75.7 77 77.4 78 80.2 82.1 81.9 85.6 86.2 86.9 89.1 93.1 95.6 94.1 99.5 101 102.5 103.4 105.2 106.3 108.1 109.5 111.5 113.8 110.5 119.1 121.5 121.8 118.4 112.7 106.2 102.8 101.6 103.1 105.3 107.5 110.8 115.3 120.5 124.2 127.7 132.2 137.4 142.3 149.8 153 156.7 158.8 160.1 158.8 156.1 157.6 158.7 163 168.3 172.7 174.6 176.7 182.5 191.1 203 215.2 230.8 236.9 239 240.6 241.3 241.6 240.8 240 239 237.5 235.8
69.8 72.7 73 73.6 74.1 74.5 76.7 76.1 77.6 78.5 83 81 82.9 87.7 88.6 88.8 90.9 91.2 93.1 95.2 97.5 99.7 103.5 104.7 105.9 107 108.5 110 110 111.8 116.5 118.8 121.5 125.3 123.8 118.4 111.1 106.5 102.2 102.3 104.3 106.5 108.9 112 116.6 121 125 131.2 134.3 142.7 148.6 153.7 156.7 159.4 161.1 161.9 162 160 162.8 164.6 164.7 170.2 177.1 181.8 184 188.6 197.2 208.8 225.1 236.2 239.2 240.4 241.8 242.1 241.9 241.3 240.5 239.4 237.8 236.3
72 72.8 73.4 73.8 74.7 76.1 78.3 77.2 78.1 79.3 82 83.1 84.9 85.4 90 90.2 91.6 93.3 95.5 95.2 99.7 100.4 104.1 105.9 106.7 109.3 106.2 112.9 115.2 117.7 119.1 122.1 125 127.4 124.2 117.2 111.2 106.7 101.9 103.5 105.6 107.9 110.5 113.5 117.4 122.1 127.3 132.6 137.5 148.6 153.6 156.6 159.7 162.3 164.7 166.4 165 164.6 167.2 171.3 170.7 172.8 179.8 186.6 191.5 195.5 205.8 216.5 232.6 238.4 240.7 241.7 242.5 242.5 242.3 241.8 240.4 239 237.5 236
71.9 72.7 73.7 74.4 76.5 77.1 76.9 79.8 81.5 83.4 84.4 85.1 86.1 88 90.2 92.1 93.6 95.5 97.5 99.4 101.2 102.1 104 105.7 109.1 110.8 112 115.5 118.1 120.9 123.1 125.4 127.8 130.4 126.1 120.6 112.2 106.8 104.2 104.5 106.3 108.4 110.7 114.4 117.6 123.5 129.1 131.7 140.9 152.1 155.2 158.4 161.6 164.6 167.4 170 171 170.5 170.2 174.7 178.9 180 186.9 192.3 197.6 203.4 212.1 226.6 234.1 239.5 241.2 242.1 242.3 242.3 241.8 241 240 238.7 237.1 235.7
73.5 74.8 75.6 78.5 77.1 80.2 84.8 81.9 84 86.4 87.7 88.6 89.5 90.1 90.4 91.5 95 99.1 99.4 98.7 103.9 105.1 106.9 108.6 110.9 111.8 118.2 118.2 121.2 124.9 126.6 129.9 132.1 130.7 128.2 121.4 112.9 106.6 105.2 103.1 106.5 108.6 111.3 115 118.5 123.8 129 137.2 145.6 153.8 157 160.3 163.5 166.6 169.4 172.1 174.2 173 174.8 178 183.9 189.1 193.5 197.9 203.1 210.7 221.8 233.5 237.9 240.8 241.7 241.7 241.7 241.6 240.9 240.1 239.5 238.3 236.8 235.4
75.7 77.8 77.8 80.3 81.3 82.2 82.1 83.2 86.5 89 91.2 92.6 92.4 92.6 92.6 94.9 95.2 99.6 102.4 103.4 104.4 106.1 108.5 110.3 111.9 118 119 119.5 125.1 127.8 130 133 134.2 132.6 126.1 121.2 111.5 107 105.9 104.5 106.6 109.2 112.1 115.3 115.4 124.8 130.5 139.4 151.8 155.2 158.9 162.2 165.3 168.4 171.5 173.9 176.5 179.4 179.5 182.5 188.5 194.6 199 203.4 209.5 219 232.4 237.1 240.1 241.4 242 241.4 241 240.6 239.9 239.2 238.6 237.9 236.5 235.2
79.3 80.5 81.2 82.4 84.6 85.2 84.7 84.4 86.9 89.9 91.2 94.6 94.2 94.4 93.5 100.9 97.3 100.1 102.8 105.4 107.6 109.6 109.8 113.1 114.7 119.1 119.3 120.5 127.7 130.7 132.4 134.4 134.4 130.3 123 118.1 110.8 107.9 106.1 106.1 107.7 110.6 112.8 116.7 119.7 125.2 132 140.6 152.8 156.4 160.2 164 167.1 170.1 173 176.6 180.6 184.5 184.6 186 193 199 203.3 209.2 219.6 230.3 238.1 239.4 240.9 242 241.6 241 240.4 239.7 238.9 238.3 237.4 236.2 235.2 234.4
81.3 82.7 83.3 84.9 86.7 88.7 88.3 87.3 87.8 89.4 91.6 95.1 98.4 99.6 99.5 97.1 99.6 100.7 103.9 107.5 109.4 111.8 112.7 115.3 118 120.4 122.4 121.8 128.6 132.3 135.2 137.4 134.6 129 123.9 116.8 111.5 108.9 106.3 107.7 107.8 111.6 114.8 117.7 122.2 126.4 131.3 145.6 153.4 157.4 160.8 164.2 167.6 170.9 174.1 177.5 181.5 185.2 185.3 193 197.3 202.7 208.1 215.3 229.1 236.6 240.3 240 241.4 241.9 241.4 240.8 239.5 238 236.6 235.4 234.6 234 232.9 231.6
84.1 85.6 85.8 86.2 88 90.7 91.2 89.8 89.7 93.2 95.1 96.2 99.6 101.5 102.3 102.5 102.3 103 105.2 109.2 111.5 114.1 115.6 117.8 121.2 122.5 123.3 129.1 132.8 135.9 138.8 140.8 137.1 132.1 123.9 117.2 112.7 109.9 107.5 109.4 108.7 111.7 116.3 120 123.1 128.4 133.5 141.9 151.9 156.5 160.8 164.2 167.3 170.7 172.5 172.4 178.4 180.8 183.7 193.4 200.7 205.8 212.9 225.5 233.8 238.6 241 241.5 242 241.8 241.1 239.8 238.4 235.8 233.8 232.1 231.4 230 229.6 229
87 88.4 88.4 88.5 89.4 92.9 93.5 97.3 93 93.9 95.3 96.7 100.3 103 104.6 105.6 106.4 106.2 108 109.6 113 116.1 118.8 121.1 124.1 125.3 129.2 132.5 136.1 139.6 142.5 145.3 142.5 137.7 125.4 118.7 114.6 111.9 108.6 109.2 109.1 112.6 117 120.5 125.4 129.8 134.4 141.1 150.5 156.6 160.4 162.9 166 166.1 163.6 163.4 166.1 168.2 178.9 191.1 201.4 209.8 220.3 231.8 237.5 239.9 240.3 241.9 242 241.6 240.4 239 236.6 233.8 230.9 229.2 226.2 224.2 224.7 224.5
91 91.2 90.8 91.4 95.7 93.8 97 97 95.8 96.7 98.1 99.6 101 104 106.9 108 108.8 109.9 111 110.9 114.1 118.6 122.2 125.6 128.4 129.7 132.2 135.8 139.3 142.9 146.3 149.1 140.9 135.2 125.4 121.6 118.2 114.6 112.3 108.6 109.5 112.5 117.3 120.7 126.6 130.6 135.8 146.1 153.4 157 159.3 157.4 156.3 156 156.6 160.1 164.8 169.9 180.8 193.9 204.1 216.1 228.4 237.7 240.7 241.8 241.8 241.9 241.9 241.5 240.3 238.6 235.8 232.2 228.4 225.9 217.1 209.4 209.9 213.5
94.8 95.4 93.6 93.5 95.1 99 100.2 100.6 100.1 99.5 101.8 102.5 103 105.8 108.4 110.4 111.2 113 114.8 112.9 116.8 121.3 124.8 128.9 131.9 134.6 136.6 140.2 144.1 146.7 149.7 152.2 145.6 137 131.7 124.4 120.4 116.7 113.9 111.3 110.4 112.4 117.5 121.6 127.3 132.6 140.3 152 156.7 154.8 152.7 149.2 147.2 152.8 157.6 164.3 171.2 178.4 187.8 197.3 206.1 221.7 236 241.2 242.7 243.5 243.3 242.9 241.8 241.4 240.1 237.8 235 231.7 228 221.5 209.6 196.7 196.6 199.2
99.2 98.6 96.8 95.2 98.6 102.2 103.5 103.4 103.3 103.4 103.9 106 105.9 107.8 110.3 112.8 114.1 116 118.4 116.1 118.5 123.7 128.2 132.1 135.5 138.1 140.9 144.2 148.2 152.2 156.1 156.5 153 145.7 137.8 129.4 123.9 119.6 116.7 114.1 109.5 111.6 117.3 121.1 127.1 134 147.4 156.3 155.3 150.4 144.8 146.4 150.4 156.1 161.1 167.7 175 182.5 189.8 199.2 211.1 227.4 240.8 242.9 244.2 244.7 244.5 243.6 242.3 241.2 239.5 236.9 234.3 230.9 227.2 221.5 206.7 192.7 189.9 187.8
102.4 102.4 100.5 97.7 101.6 104.9 106.4 107 107.3 107.4 108.4 109.4 109.5 109.9 113.1 115 117.2 119.8 121.9 120 120.3 125.3 130.2 135.2 139.2 143.5 146.1 149 152.2 156.4 160.6 162.6 160.5 152.4 142.1 133.9 129.2 124.1 121 118 114.2 112.7 116.9 121.1 128.5 138.5 151.6 156.9 151.2 143.4 143 147.5 153 158 163.8 169.5 176.8 184.3 191.4 199.3 211.9 227.8 242.3 244.8 246.4 246 245.6 244.2 243 241.4 238.5 235.9 232.8 228.8 225.2 218.1 202.6 190.1 186.5 183.9
105.1 105.5 104.3 100.6 103.2 107.5 109 109.9 110.4 111.1 111.7 112 114 114.2 114.2 116.7 120.8 122.9 125.1 125.5 122.8 126.8 131.3 137.9 143.9 147.6 150.7 154.2 157 160.4 164.3 167.5 166.1 160.5 148.4 142 136.8 131.9 127.5 122.8 116.9 113.7 115.9 120.3 129.7 140.8 154.2 152.4 140.9 136.9 142.7 148.4 152.6 157.1 163.9 170.2 178.6 185 191.6 199.5 212.1 226.9 243.7 246.4 247 247.4 246.4 244.9 243.2 241.2 238.1 234.8 230.6 226.1 219.4 209.3 195.2 187.9 185.5 183.2
107.9 108.6 107.9 103.9 104.7 109.4 112 113.1 113.8 114.8 115.8 116.2 117.3 118.2 118.3 119.2 123.6 126.5 129.3 131 129.9 129.7 130.6 136.9 142.2 145.7 151.4 157.2 161.3 164.6 168.4 172.2 172.8 169.6 157.6 151.9 145.3 139.7 132.5 127.3 119.8 114 115.5 120.4 127.4 140.5 149.9 142 134.8 136 140.2 144.9 148.4 153 160.6 168.8 177.3 185.5 192.2 199.7 210.1 223.8 240.1 247.6 248.6 248.7 247.1 244.9 242.9 240.9 238 234.1 229 219.3 207.5 200 191 187.7 184.8 181.2
110.7 111.6 110.9 107.8 106.3 110.6 115.1 116.4 117.3 118.6 119.9 120.5 121.4 122.2 123.1 124.2 127.4 130.4 133.4 135.1 136.5 132.5 131 138.6 143.5 147.6 152.8 158.9 163.7 168.1 172.3 177 180.2 177.1 169.6 161.6 151.7 145.7 140.1 133.2 124.2 116.7 114.1 119.3 123.4 130.1 135 131.2 133.7 137.4 141.6 145.6 148.8 152.3 157.7 167.1 177.3 186.1 192.9 199.6 208.9 222.1 238.4 248.9 249.9 249.8 248.8 246 243.7 241.3 238 234 227.7 215.1 205.8 197.9 193.1 189.2 185.7 180.5
113.6 114.4 114.1 112.7 109.7 113.5 116.7 119.6 120.8 122.5 124 125 126.2 127.4 128 128.5 131.4 134.3 137 139 142.6 138.8 134.5 142.1 148.3 151.8 156.3 161.3 166.2 171.2 177.1 182.9 187.9 191.2 179.3 167.9 159.1 150.4 145.6 138.7 129.9 120.4 115.2 117.5 120.7 122.5 123.9 129.2 135.8 140.4 145.7 149.8 153 156.1 160.3 165 177.6 186.7 193.6 202.5 209.1 221.6 238.2 250.1 251.1 250.1 248.6 247.4 245.1 243 239.4 235 228.2 221.3 217.3 208.2 202.4 196.6 189.2 184.1
116.5 117.4 117.4 116.7 112.6 114.1 118.4 122 124.9 126.7 128.5 129.9 131.3 132.6 133.4 133.6 135.8 138.8 141.7 144.7 147.5 145 139.1 143 153 157.2 161.1 164.3 169.3 174.4 180.9 187.5 198.1 201.1 185 172.3 160.9 151.5 146.7 141 133.4 124.9 117.1 117.2 119.1 121.9 126.2 131.3 137 143.2 149 153.5 157.6 163.3 168 172.4 179.7 187.6 194.2 200.9 210 224.3 240 250.3 252 251.2 249.8 248.3 245.8 242.8 239.5 236.6 232.9 230.2 226.4 221 215.6 209.9 195 187.4
119.5 120.4 121.2 121.3 117.5 114.6 119.7 125.5 128.4 130.8 132.8 134.5 135.9 137.3 138.7 138.5 140.8 143.8 146.9 150.2 151.8 151 142.4 147 155.3 161.3 164.6 167.8 172.2 177.4 184.4 193.7 205.8 191.8 178.2 166.1 156.2 151.3 146.4 141.3 134.9 127.3 120.8 117.6 119.5 123.8 128.1 133.3 139.5 146 152.6 157.8 163 168.6 174.8 180.1 184.7 190.6 195.6 202 212.6 226.9 242.6 251.9 252.8 252 250.3 248.6 246.9 243.8 241.1 238.5 235.3 233 230.7 228.3 225.4 220.4 205.3 190.6
122.1 123.6 124.8 125.1 123 119.4 120.8 124.8 129.2 135 137.1 139.1 140.4 142.3 144.3 143.9 146.2 148.9 151.9 154.8 156.6 155 149.3 150.8 159.1 165.7 169.1 172.1 175.5 180.9 188.8 200.5 196.4 184.5 173.5 161.7 154.8 149.5 144.6 139 133.2 126.8 121.6 118.2 120.2 124.3 129.9 135.8 142.1 148.8 155.4 162.4 168.3 173.8 180.2 186.4 190.2 194.7 199.1 205 215.5 230.7 246.4 252.9 253.4 252.6 250.8 249.1 247.3 245.3 242.9 240.4 237.6 235.3 233.3 231.4 229.5 224.5 212.7 200.4
124.6 126.5 127.9 129.5 129.2 125.8 122.4 123.9 125.4 134.2 138.5 141.7 145.2 147.5 149.7 149.4 150.9 153.9 156.9 159.8 161.2 158.3 154.6 159.5 162.6 170 173.9 178.5 183.5 189.8 192.5 193.4 185.3 176.2 166.7 159.3 153.2 148 142.6 136.8 131.1 127 122.6 118.9 120.4 125.3 132.2 138.5 144.4 150 156.7 164.6 171.7 178 184.2 190.5 195.4 198.7 203 208.4 219.4 237.2 250.3 252.5 253.4 252.9 251.3 249.5 247.8 245.9 243.7 241.4 239.2 237.1 235.2 233.5 230.8 226.3 216.2 204.1
125.4 129.2 131.2 133 133.6 133.9 129.3 126.5 128.1 132.4 137.7 141.1 145.9 151.3 154.2 154.7 154.7 159 161.9 164.8 166.1 162.4 166.1 169.3 172.4 175.5 180.3 188 195.5 202.1 196.5 184.1 175.3 169.1 163.3 157.1 151.9 146.9 141.6 136.3 131.7 127.5 124 120.3 121 127.2 132.2 137.7 144.3 149.8 157.3 165.7 172.7 180.1 186.6 192.5 198 201.6 205.6 212.9 225.4 242.2 252 253.6 253.8 252.4 251.1 249.7 248.3 246.4 244.4 242.1 240 238 236.3 234.7 232.6 228.6 220.1 210.4
123.2 127.5 132.1 135.1 137.3 137.5 134.7 132.8 130.8 133 135.3 141.2 145.9 151.7 155.7 158.5 160.5 163.8 166.9 169.8 170.9 172.9 176.1 179.2 182.4 185.5 189.1 194 202.7 205.4 193.4 181.4 177.3 171.7 164.1 157.3 151.7 146.7 141.4 136.8 132.6 128.7 124.5 121.7 121.8 129.3 135 139.8 144.4 151.1 158.6 165.8 172.7 180 186.4 192.4 196.9 202.9 207 217.5 230.2 246.2 252.7 254 253.3 252 250.7 249.4 248 246.4 244.7 243 240.9 239 237.5 235.7 233.5 230.6 226.6 216.6
117.6 123 128.4 133.1 136.4 139.6 140.9 140 136.6 138.4 142 142.1 149 155.9 158.6 161.8 164.6 168.8 172.1 174.7 176.7 180.6 185.5 189.3 192.5 195.6 199 203.9 208.7 203.1 191.5 185.1 181.5 174.4 165.6 157.9 152.4 147.1 142.9 137.8 133.6 129.8 126 121.8 123.7 131.2 136.9 141.7 146.7 152.6 159.6 166.1 172.7 179.3 185.4 191.5 196.2 202.5 209.9 220.6 235.3 248.8 252.8 254 253.1 251.8 250.6 249.1 247.3 245.2 243.2 241.6 240.5 239.5 237.8 236.6 234.7 231.7 228.8 222.7
118.5 123.6 128.7 132.1 136.8 140.6 144.5 146.3 142.4 144.1 149.8 147.8 149.5 157.2 164.4 166.6 169.9 174.2 178.5 180.9 183.5 188.3 193.2 198 202.6 205.8 208.8 211.1 206.9 201.5 191.7 185.7 181 172.9 165 158.6 153.4 148.2 143.7 139 134.9 131.1 126.4 123.1 125.7 132 138.7 143.6 149.1 156.4 162.2 168.7 171.8 177.1 183.5 188.6 194.5 200.3 209.4 222.4 239.3 250.2 252.8 253.8 252.9 251.7 249.8 248 246.2 244 241.8 239.9 238.8 237.9 237.5 236.7 235.6 233.9 231.6 228.1
120.5 125.3 129.7 134.3 140 144.4 148.6 151.3 151.1 149.1 153.8 154.5 153.2 158.8 166.2 172.9 175.4 179.6 183.9 187.5 191.6 196.4 201.2 206.1 210.9 215.7 213.5 210.3 207 201.1 193.7 187.4 180.9 179 169.6 161 155.8 150.3 145.8 141.8 136.3 130.9 126 125.6 128.5 135.8 143.3 147.3 151.3 160.2 166 167.6 169.3 174.6 180.3 185.9 190.9 201.3 209.1 224.7 242.2 251.6 252.8 253.3 252.4 250.5 248.7 246.9 245 242.8 240.6 238.4 237 236.2 236.6 236.4 235.9 234.8 233.5 230.7
120.1 124.9 129.8 135.3 142.5 147.7 152.4 156.1 157.2 157.2 159 161.9 163.1 166.6 172.4 176.8 182.8 188 192.7 197.6 202.9 208.2 213 217.9 218.5 217.3 215.2 212.3 207.7 203.6 197.9 192.3 187.5 184.3 175.7 167.1 158.2 152.4 147.9 141.9 136.4 131.2 126.4 129.1 131.6 144.1 148.5 150.6 153.6 156.3 159.4 162 167 173.2 179.2 185.9 191.2 199.9 210.8 226.8 245.3 251.6 252.8 252.8 251.5 249.5 247.6 245.7 243.9 241.6 239.4 237 234.4 233.6 234.2 235 235.3 235.4 235 233.2
118.7 124.2 131.3 138 144.7 149.9 155 158.9 161.9 163.2 164.8 167.2 170.7 174.4 178.7 182.5 193.2 199.6 205.6 211.3 216.3 220.1 221.7 221.4 220.4 218.8 216.6 215.4 213.1 211.6 209.3 205.2 200.4 193.9 188.1 176.8 163.1 154.6 149.1 142.1 135.8 130.7 127.3 127.1 130.5 138.1 146.1 148.6 148.6 149.4 154.1 159.2 165.8 172.4 179 186.1 193.2 201.3 213.3 231.2 247.6 251.9 252.7 252.2 250.5 248.5 246.5 244.6 242.7 240.5 238.2 235.2 231 229.6 229.8 231.6 233.6 235.2 235.5 235
123.7 127.2 132.8 140.1 147.1 152.3 157.2 161.1 165.1 167.3 170 173.4 177.2 181 184.2 192.5 203.6 211 216.5 222.9 224.7 225.9 225 224 222.8 221.2 218.9 217.8 216.6 215.1 213.5 210.9 207.9 205 200 186.1 170.5 156.2 149 140.5 134.9 130.9 127.7 128.1 129.3 133 140.3 142.2 143.6 149.1 155.4 162.2 168.2 174.1 182.5 187 195.2 203.2 217.3 234.7 248.6 251 251.9 251.2 249.6 247.6 245.5 243.5 241.5 239.2 236.7 233.2 229.2 223.5 222.7 228.2 231.3 233.2 234.2 235.4
128.5 133 138.6 143.1 149.4 154.3 158.7 163.3 167.7 171.1 173.9 176.9 180.8 185.5 191.1 202.7 213.9 221.4 226.5 228.5 227.9 227.2 226.8 226.1 225 223.8 221.6 220 218.5 217 215.4 213.2 210.4 206.4 200.8 186.9 171.9 158 150.2 144.9 137.8 133.2 128.8 130.8 131.6 132.2 135.2 138.8 145.8 152.2 159 165.7 171.7 177.7 184.1 189.8 197.4 206.6 222 240.1 248.5 250 251 250 247.9 245.9 243.9 241.5 239.2 236.7 234.1 230.7 225.2 214.7 213.5 221.6 227.9 231.2 232.9 235
132.5 137.3 142 146.6 151.3 155.9 160.3 162.7 166.4 170.3 174 179.3 184.7 189.9 202.1 214.4 224.3 229.8 231 230.5 229.7 228.6 227.9 227.3 226.2 224.7 223.3 221.9 220.4 218.8 216.4 213.9 211.4 206.7 198.5 185 171.4 158.6 152.3 146.8 139.6 133.2 130.8 134.1 135.9 136.5 135.2 139.2 146.1 154.5 162.1 168.8 173.8 178.8 185 191.6 199.3 210.4 226.2 243.9 249.4 250.1 250 248 246 243.9 241.1 238.2 235.6 233 230.2 226.9 217.3 206.2 205.4 213.3 223 229 232.1 234.2
135.5 139.2 143.4 148.2 152.5 156.1 158.3 158.6 157.1 160.5 171.3 178.6 185.5 195.6 212.9 226.8 231.4 232.7 233 231.7 230.7 230 229.3 228.5 227 225.6 223.7 222 220.7 219.2 216.8 214.3 211.7 207.5 200.8 187.2 173.6 160.5 153.9 146.1 139.1 132 136.3 142.6 148.3 148 141.1 139.8 147.1 154.1 161.8 166.1 171.2 177.8 184.5 192.1 200.8 212.8 229.1 244.7 249.1 249.7 247.8 245.7 243.7 241.6 237.3 233.5 230.7 227 222.8 217.6 206.1 196.7 198.8 204.1 216.7 224.8 229.3 232.9
136.2 140.1 144.9 149.1 151.3 148.3 148.4 150.5 153.9 162.3 173.2 183 190.1 203.6 220.5 231.7 234.7 234.6 234.4 232.9 231.4 230.8 230.1 229 227.6 225.6 223.7 222 220.6 219.1 217.1 214.7 211.7 207.6 203.5 190 176.6 163.1 154 146 138.1 133.5 141.9 151.2 161.3 157.3 145.7 141.8 146.7 152.4 157.4 160.8 167.6 177.2 184.5 192.7 201.3 215.5 230.7 245.1 248.5 248.7 246.8 244.6 241.1 237.1 232.6 226.9 221.8 216.1 208.4 203 196.6 192 194.9 197.5 207.2 221 226.2 230.4
136 140.2 143.9 147.4 144.1 140.4 141.4 147.4 154.5 164.3 175 184.9 195.6 211.6 227.8 235.1 235.4 235.6 235.6 234.1 232.2 231.5 230.2 228.9 226.6 224.6 222.7 221.3 219.8 218.3 216.1 213.7 211.4 207.8 201.4 188.3 176.6 162.5 154 146.3 138.3 139.8 146.7 158.2 167.8 160.9 149.9 145.2 144.8 149.4 155 161.5 169.2 178.3 185.6 193.8 204.7 217.9 234.5 246 248.3 247.7 245.7 243.2 238.2 233.1 223.8 215.6 208.6 203.7 198.8 192.7 189.8 185.9 188.1 192 198.7 212.5 223.6 228.9
