STL Generation/terr50_gagg_gb/data/SY39.asc
ncols 200
nrows 200
xllcorner 330000
yllcorner 90000
cellsize 50
[rows 72 to 107 of 200, columns 0 to 81 of 200]
84.9 94.5 102.3 109.9 116.1 121.2 127.3 133.3 137.1 143 148.4 152.9 159.6 167.1 175 189.7 200.3 203.2 203.5 203.2 202.7 200.6 197.9 194.8 191.3 188.4 185 182.5 181.5 180.1 180.5 180.7 182 182.5 184.2 185.9 187.3 188.3 190.3 192.9 195.8 198.2 194.6 205.2 207.2 211.2 215.3 217.3 219.1 220.2 220.6 221 219.1 217.2 215.7 214.1 212.3 209.3 207.1 204.2 198.6 185.7 172.1 160.4 154 144.6 136.6 130 129.1 129.3 131.4 131.5 131.6 131.6 130 127.8 124.2 120.5 117.7 115.6 115.9 115.7
90.6 94.7 102.9 110 116 122.6 128.5 133.9 138.4 142.6 147.8 153.1 160.9 167.9 175.3 197.2 204.5 206.9 207.2 206.2 204.6 202.5 199.2 196.7 192.9 188.6 185.7 182.4 179.3 178.7 178.1 179.7 181 182.4 182.9 185.4 187.3 190.9 193.5 196.6 199.9 204.4 207.4 210.6 212.8 216 216.5 216.9 217.5 217.8 219.6 219.5 218.7 217.6 216.3 214.8 212.8 210.7 208.4 205.2 201.4 190 174.8 164.2 157.6 146.2 139.7 133.9 127.6 124.3 121 124.6 124.8 125.1 123 120.2 118.4 115.4 113.1 110.1 108.9 108.7
98.5 97.7 101.5 109.3 117 123 129.7 134.8 138.3 144.2 149.1 154.3 159.8 168.1 181.9 201.1 205.8 208.4 208.5 207.6 205.8 203.4 200.1 195.9 191.6 186.4 183.4 180.5 176.6 172.6 173.4 175.8 177.9 179.3 180.8 183 187 189.8 192.9 197 201.1 205 208.3 211.3 214.3 216.2 216.1 216.5 217.3 218.1 218.5 218 217.1 216.1 215.2 214.1 212.2 211 209.4 206.8 202.8 197.5 177.9 166.7 158.3 149.1 140.4 135.7 131.5 123.9 120.1 118.5 119 118.4 115.6 112.3 108.8 110.7 108.7 104.7 103 101.2
105.2 103.6 105.2 110.7 119.4 126 131.2 134.5 139.3 144.6 150 155.7 161.4 170 189 203.4 207.9 208.9 209.7 208.4 206.3 202.8 198.7 194.2 189 184 180 177.1 172.6 164.7 166.7 170.1 173.9 175 177.1 180.3 186.4 190 192.5 195.5 198.9 202.2 206.1 209 213.6 215.5 215.6 216.2 217 217.4 217 216.3 215.2 214.1 213.1 212.5 211.4 210 209.1 206.9 203.9 199.9 183.5 170.3 159.8 151.4 142.1 137.5 134.9 125.9 121.4 118.3 116.5 111.8 107.1 103.6 102.1 101.2 101.3 97.6 96.6 91.7
113.6 111.6 110.1 115.5 120.8 128.6 133.9 137.5 142.5 147.6 153.1 159.5 167.4 176.2 192.7 203.8 209.6 211.7 210.6 208.6 206.2 201.6 197.7 193 187.1 181.7 176.1 172.2 168.6 164.1 161.7 163.5 167.8 170.3 173.6 177.3 182.8 186.8 190.9 194.6 198.2 201.4 205.2 206.4 210 213.1 215.1 215.4 215.5 215 214 213.1 212.7 210.9 210.3 210.8 210.5 208.5 207.3 205.9 203.6 201.3 191.9 176.6 166.3 154 146.6 141.9 137.3 130.9 124.3 119.4 114.8 111 106.2 100.4 97.8 95.5 92.8 90.9 88.8 85.3
121.1 122.1 120.1 121.1 125.9 131 136.9 140.5 144.9 149 155.5 164.9 174.2 182.6 197.1 205.9 211 211.9 210.3 208.2 204.2 200.8 196.9 191.7 185.2 178.3 172.5 165.5 162.6 158.3 152.7 153.2 159.3 166.4 170.6 172.9 176.9 182.6 186 190.5 194.2 198.7 203.7 205.9 210 212.2 213.2 213.3 212.7 211.7 210.3 210 209.2 208 206.9 205.9 206 205.2 205 202.5 200.6 199.1 196.4 188.5 174.1 163.7 152.5 144.7 141.1 135.5 131.3 122.6 115.8 113.4 109.7 106.1 104.1 100.9 99.5 97 93.8 90.9
126.3 129.2 130.5 128.7 132 134.6 139.2 142.8 147.9 156 162.8 171.1 180.6 194.2 204.4 206.5 211.4 211.5 209.1 206.8 204.3 200.3 195.5 189.9 183.2 175.2 166 158.1 153.9 150.9 149.3 157.9 158.8 160.5 167.8 170.6 174.3 179.5 183.9 188.7 193.7 198 201.7 205.3 210.3 212.1 211.9 211.5 210.4 208.8 204.8 206.2 205.5 204.5 203.8 202.6 201.7 201.5 201.2 198 196.3 196.1 194.5 191.3 187.8 177.8 164.1 152.6 144 138 132.6 130.5 123.3 119.7 116.6 113.8 111.8 108.8 105.9 103.4 101.4 99.4
130.8 135.1 136.8 138.2 138.5 140.2 143.6 149.5 156.6 164.2 171 179.9 191.4 202.1 205.3 209.1 211.1 211.1 210.2 207.8 205 200.6 195.3 188.8 182.8 175 166.3 156.8 148 143.3 153.9 162.6 166.2 166.8 169 173.8 177.8 183 187.4 191.2 196.2 201.3 204.6 208.3 210.3 211.9 210.7 209.7 207.6 204.3 201.8 200.9 200.3 199.2 199.2 198.6 197.4 197.2 197 194.4 192.3 190.6 190.9 189.8 184.2 181.5 176.1 165.9 153.4 143.2 136.3 133.2 131.9 128.4 123.6 120.4 117.9 115.4 112.6 109 105.9 103.5
134.2 138.8 141.9 143.6 144.8 145.6 149.3 159.5 166.6 171.7 182.7 194.6 201.7 206.4 209.3 210 211.1 211.4 209.9 207.9 205.9 200.7 195.6 188.8 183.7 176.2 168.6 161.1 150.4 140.5 153.8 163 167.1 169.8 173.2 177.5 181.6 186.1 189.8 193.4 198.7 203.7 207.8 210.4 211.9 211.2 210.6 209.7 205.7 201.3 197.5 193.8 192.9 192.9 192.8 192.2 192.2 192.6 192.5 190.6 185.8 179.5 176.5 174.1 173.7 169.9 171.8 174.7 169 154.2 146.6 140.3 133.2 131.6 128.2 124.6 121.5 119.7 117.6 114.2 111.9 110
137.3 142.5 146.7 149.5 152.6 155.8 159.8 166.3 176.6 185.4 194.9 201 204.3 207.9 209.9 211 211.4 210.6 209.4 207.7 205.5 199.6 196.3 191.2 185.4 178.5 171.9 164.1 152.4 138.5 149.2 161.2 167.1 171.5 176.9 180.8 184.3 188.1 191.8 195.5 201.9 207 210.1 212.3 213.1 212.3 211.9 210.1 206 200.7 196 187.7 183.6 182.3 185.6 184.9 185.5 186.1 185.4 185.2 181 169.3 159.2 156.3 152.6 152.8 157.1 161.3 168.5 167.4 159.7 149.8 143.1 131.9 131.9 127.9 124.9 123.4 122 119.7 117.3 114.9
139.9 146.4 151.4 156.5 159.2 162.9 169.5 181.1 187.8 193.7 199.9 203.9 205.9 208.2 210.2 211 211 209.9 208.8 207.4 204.2 200.5 196.2 193 187.2 181.8 174.6 164.9 149.4 137.3 146.6 159.1 166.2 172.3 177.1 181.9 186.2 190 193.6 197.9 203.3 208.3 211.8 213.8 214.3 213.8 212.1 208.9 205.7 200.6 196.2 189.9 180.5 169.1 174.2 176.8 178.7 176.4 174 175.1 168.9 160.7 148 147.3 147.5 145.9 144.4 151.6 162.5 165.5 163.6 158 151.5 143.1 135 131.5 129 126.6 125.9 124.2 124.1 121.1
141.5 149.1 155.6 161.4 167.5 174.1 182.2 191.6 196.2 199.1 202.8 204.7 206.9 208.9 209.7 210.5 210.3 209.3 208.4 207.2 204.5 201.2 196.7 192.6 188.5 184 176.8 165.2 147.6 136.4 142.9 157.2 166.1 173.5 178.6 183.1 187.2 191 194.8 198.9 203.9 208.6 212.7 214.7 214.6 214 210.8 207.6 204.4 201.2 196.6 191.8 185.4 177.5 164.1 160.3 163.1 158.8 155 150.4 149.1 144.7 142.7 142.4 143.4 142.7 138.6 145.5 154.1 157.6 157.3 157.9 156.3 149.8 139.9 135.8 132.9 130.5 129 128.7 128.5 127.1
144.2 152.4 159.4 166.1 176.5 184.7 191.4 198 199.7 201.5 204 205.9 207.1 208 209 209.2 208.9 208.4 207.2 205.2 202.4 200.3 197.3 193.1 189 185.1 177.7 162.7 146.1 135 141.4 156.1 166.4 174 179.4 184.1 188.2 192 195.9 200.1 204.5 209 212.5 214.5 214.4 213.9 211.8 208.6 205.4 202.6 197.5 192.5 187.8 181.8 173.1 157.7 148.1 145.5 142.1 139.9 137.2 135.9 136.4 139 139.3 136.9 135.1 137.9 141.9 142.6 146.2 153.3 154.2 152.3 147.1 140.1 136.3 135.6 135 134.2 132.9 130.7
146.4 154.6 162.5 173.4 186 193.7 197.2 200.4 202.3 203.7 205.2 205.3 206.2 206.5 207.7 207.8 207.5 206.8 205.8 204 201.2 199.1 196.4 193.4 188.5 183.9 173.5 157.9 141.5 130.7 140.9 157.7 165.7 173.5 179.4 184.3 189 193.1 197 201.4 205.1 208.7 212 214.3 214.1 213.5 212.5 209.6 206.7 204.1 199 194.8 190.4 185.2 179.2 169.1 158.9 152.8 146.6 142.5 137.8 133.4 133.2 130.9 132.1 128.6 129.6 131.8 134 134.6 139.2 141.2 143.3 148.9 148 145.9 142.6 140.1 138.7 137.3 135.9 132.9
148.3 156.4 166.5 181.7 191.1 197.3 200.5 202.7 204.4 204.9 205.2 205.3 205.3 205.6 205.8 205.5 205.8 205.1 203.5 201.6 199.9 197.7 195.2 192.4 187.6 181.4 167.6 152.9 137.7 128.9 140.6 156.3 165.6 172.1 177.6 183.2 188.9 193.3 197.3 201 204.5 207.7 211.6 213.7 213.8 213.3 212.1 210.2 207.5 204.4 199.9 195.7 192.1 188.8 185.2 183.4 176.7 171.3 166.7 154.2 150.1 147.3 141 134.9 125.2 126.6 124.7 124.5 126.8 128.2 132.8 134.3 133.5 135.5 137.3 139.2 143.9 143.2 141.9 140.4 138.9 135.8
151.3 158.1 171.8 185.2 194.1 199 202.2 204 205.2 205 205 205 204.4 204 203.9 203.9 203.2 202.7 201.7 200.1 198.8 195.7 194.2 190 185.6 177 161.7 147.1 133 129 140.7 152.6 163.7 170.1 176 182.5 187.8 192.5 196.6 200.6 203.2 206.7 211.2 212.7 213.2 212.5 211.1 209.5 206.9 203.6 200.4 197.1 193.5 191.4 189.2 188.2 187.9 185.4 179.9 172.9 160.3 154.9 149.2 141.5 133.2 124.9 116.6 118.2 118.9 121.7 125.8 126.3 124.6 125.9 125.8 131.6 137.8 143.8 144.8 144 143.7 141.6
154.3 161.1 173 186 194 198.6 202.2 204 205.2 204.7 204.5 203.7 202.7 202.1 201.9 201.5 200.1 200 198.7 197.2 196.2 194 192.7 186.6 182.2 173.4 156.8 141.9 129.3 125.6 139.5 150.7 161.8 169.1 175.2 181.2 185.9 190.3 195.4 200.1 202 205.7 210.2 211.6 212 211.5 209.8 207.7 205 201.9 200.2 198.4 195.7 193.8 192.4 191.8 191.5 190.7 187.6 181.4 171 163 153.6 145.3 135.6 127.1 119.8 114.2 113.3 117 119.6 118.9 119.1 120.4 120.9 124.9 134.7 140.9 146.3 148.2 147.9 147.6
153.4 159.6 168.7 183.7 192.4 197.9 200.8 203 204 203.6 202.9 202.1 201.1 200.4 199 197.7 196.6 195.7 194.9 193.7 193.3 192.8 188.7 182.4 177.6 166.2 150.8 136.7 125 128.9 138.3 150.1 159.8 168 173.9 179.7 184.4 188.5 193.1 199 202 205 208.7 210.6 210.1 209.8 208.2 206 203.2 200.4 198.9 197.3 196.9 196.7 195.8 195.2 194.4 193.4 192 187.2 181.1 173.7 161.4 148.4 141.1 129.9 121.3 112.8 109.7 112.6 112.6 111.5 111.2 112.9 115.6 120.3 126.8 136.1 143.7 149 151.9 151.3
148 156.5 163.4 179.1 190 196.8 200.3 202.6 202.9 202.5 201.3 200.5 199.7 197.5 195.6 194 192.9 191.7 192.2 192.2 189.7 189.2 184.5 178.4 172.9 160.2 146.2 133.6 121.4 129.1 140.7 151.3 159.2 165.9 172.8 178.4 183 187 191.2 197.7 200.7 204.1 207.1 209.4 209.4 208.1 206.5 204.3 201.6 198.6 197.5 196.6 196.7 197.1 197.6 198.4 197.9 197 195.1 190.9 186.2 182.7 165.2 152.6 140.4 132.1 124.1 113.6 107.5 105.5 105.8 104.4 104.1 105.7 109.9 116.1 122 129.2 137.2 144.9 151 155.4
144.9 151.3 160 172.1 185 195 199.2 201.1 201.9 201.7 200.4 199.2 197 194.6 192.2 189 188.6 188.7 188.5 186.7 184.8 183.6 179.1 170.5 163 155 141.8 130.5 118.3 127.8 141.5 149.2 157.1 164.8 171.6 176.9 181.7 185.9 190.3 196.4 200.7 204.2 207.2 208 208.1 207.5 204.9 202.6 199.8 196.8 195 194.4 196.2 197.2 197.8 198.7 199.8 199.9 197.9 194.8 187.5 181.7 169.5 153.8 142.3 135.2 127.9 119.8 111.8 106.5 103.6 100.3 99 100 103.5 108.9 116.5 123.9 131.7 139.1 145.1 151.5
141.1 147.5 157.7 167 179.4 192.6 196.8 199.8 201.2 200.8 199.5 196.8 193.7 191.2 187.3 185.1 183.8 184.2 182.5 179 175.5 173.3 166.8 158.5 151.1 144.8 134.1 122.8 117.9 126.4 138.7 147.5 154.7 162.6 170.4 175.6 180.5 184.4 188.6 196.2 200.1 203.8 205.3 206.6 206.4 205.9 203.3 200.6 197.3 194 192.2 192.4 194.7 196.5 198.3 199.4 200.3 200.4 199 196.5 190.2 182 169.4 155.8 145.7 137.4 131.4 126.7 116.8 112.3 109.1 105.8 100.4 97.4 98.9 103.8 111.7 121.2 127.2 130.4 134.5 144.9
138.3 143.8 154.4 164 179 190.8 196.5 197.2 199.5 198.9 198.3 195.2 191.7 188.4 181.6 177.4 175 176.2 173.5 167 157.1 157.1 153.7 144.9 139.2 134.8 125.7 119.7 113.9 124.1 133.1 146.4 153.3 161.7 169.1 174.9 179.2 183.2 187.9 195.2 199.3 202.3 203.9 205 204.2 202.9 200.6 197.8 194.2 190.9 188.1 191.2 194.6 196.2 197.9 199.1 200 200.2 198.9 195.5 190.9 184.1 169 156.3 146.8 139.3 133.9 128.2 123.8 119.8 115.5 112.1 106.5 99.7 96.3 100 107.7 116.2 119.7 121.8 128.5 135.9
136.7 142.2 151.4 161.1 178 191.2 194 196 198.3 198.1 196.6 196 192 187 178 168.7 160.1 156.7 154.8 150.7 144.9 140.8 137.5 133.6 128.1 124.9 122.9 114.9 108.9 120.8 130.2 143.5 152.5 159.4 167.5 173.5 177.6 182.4 187.8 195.3 198.9 200.7 202.2 202.6 201.6 200.2 198.2 194.3 190.6 184.8 183 189.6 193.1 195.4 197 198.1 199.2 199.1 197.8 195 190.6 185.6 170.7 156.7 150.1 141.1 134.6 129.6 124.1 119.9 115.6 111.9 107.7 99.7 93.7 95.4 102.2 108.9 110.3 115.6 122 129.6
132.8 138.4 150.9 160 174 188.1 193.2 195.3 197.2 197.2 196.3 195.4 191.9 187.8 180.3 168.7 156.3 151.7 148.4 142.7 138.1 135 130.7 127.2 123.2 119.2 114 109.7 108.8 114.1 122.9 135 148.1 157.7 166.7 172.4 176.9 181.9 187.9 194.1 197.2 198.6 199.8 200.3 199.1 196.8 194.4 190.1 183 174.2 176.8 186 191.7 194.4 195.5 196.6 197.2 197.4 196.3 193.6 190.7 185.2 174.2 158.8 150.5 139.3 133.7 128.9 123.8 118.9 114.2 109.7 104.1 100.3 93.3 90.3 96.7 102.2 106.1 111 115 125.6
131.8 137.9 149.4 158.6 171.7 187.8 192.9 195 196.2 196.5 195.6 194.8 191.6 188.5 184.2 178.1 169.2 163.2 158.6 154.6 147.4 143.9 139.6 135.1 130.9 129 118.9 111.5 105.3 111.2 118.1 126.2 142.8 155.5 165.3 170.8 176.6 181.8 188.3 192.5 195.5 196.9 197.8 197.1 195.7 193.6 190.1 184.4 171.9 165.3 173 185.7 189.9 192.5 193.8 194.6 195.2 195.8 194.2 191.6 188.9 183.9 179.1 166.6 152.5 140.5 132.9 128.1 122.3 116 110.6 106.5 101.8 97.1 91.7 89 94.4 99 103.2 111 115.2 122.4
130.3 138.2 148.5 157.3 170.2 185.9 191.4 193.8 195.1 195.7 195 194.5 192.8 190.1 187.5 184.7 181.6 175.9 175.3 171.9 170 162.6 158.2 152.7 145.1 136.7 127.7 115.2 105 105.2 113.6 125.6 138.3 150.8 162.2 169.3 175 180.6 186.3 190.2 192.7 194.3 195.2 194.3 192.9 189.6 185.6 174.8 161.3 156.4 168.3 184.6 188.5 190.9 191.9 192.7 193.3 193.7 192.9 189.8 186 182.4 179 170.6 158 143.1 131.4 125.8 121 116.7 110.5 103.8 98.4 93.6 89.6 88.8 90.5 97.3 104.4 112.8 122.6 130.5
128.5 136.3 146.6 157.6 174 185.4 190.1 193.3 194.8 195.6 195.3 194.8 193.7 191 190.8 188.6 186.4 185 182.6 180.6 178.4 173.6 168.7 164.9 157.6 146.7 132.1 116.7 106.8 103.2 109.6 120.2 133.5 151.1 161.8 167.7 172.4 177.5 183.4 187.2 189.6 191.6 192.2 191.8 189.6 186 176.9 161.5 152.7 151.2 164.7 182.1 186.7 189.3 189.9 190.8 191.4 191.5 190.6 186.8 184.1 182 178.9 171.6 160.3 145.2 130.7 125.5 121.3 115.6 109.4 104.1 100.9 96.2 92.4 86.7 88.4 98.2 106.6 114 124.1 132.1
127.2 134.8 145.4 155.6 174.8 185.1 189 193 194.4 195.2 195.6 195.2 194.6 193.1 192.8 191.3 189.5 188 186.3 184.9 183 181.2 178 170.8 158.2 143 129.5 117.1 107.2 101.3 106.1 116.2 126.7 144.8 159.1 164.5 170.1 175.5 180.9 184.4 186.5 188.8 189.2 189 186.4 181.9 167.4 155.2 142 149 159.9 177.8 184.6 187.2 187.9 188.7 189.5 189.3 188.3 185.9 183.1 181.3 178.4 173.2 162.1 145.7 134.9 126.2 121.3 116.5 109.2 104.3 100.1 95.3 91.7 85.7 90.4 98.5 106.8 114.5 122.9 133.5
126.2 133.9 142.8 153.6 174.4 184.1 188 192.1 193.9 194.8 195.6 195.7 195.5 195.2 194.6 193.4 191.5 189.1 187.4 185.4 182.2 179.3 175.4 164.7 152.5 137.9 126.7 116.2 106.7 100.5 102.6 114.4 123.9 141.3 155.3 160.3 165.6 171.4 177.3 181.8 184 186.1 186.6 185.7 183.4 176.6 159.3 147.3 139.1 145.8 155.5 171.9 181.8 184.8 186.6 186.8 187.2 187 186.8 184.8 182.1 180.5 178 174.7 165.1 146.5 136.1 127.2 120.2 115 107.2 102.5 97.5 91.9 86.8 83.4 89.4 97.9 106.6 114.5 122 132.3
125.8 133.9 142.9 157.1 173.2 182.5 186.1 190.4 192.8 194.5 195.2 195.8 196.1 196 195.5 194.6 193.1 190.5 187.8 184.6 179.2 174.5 166.8 157.3 146.5 133.1 122.3 114.2 107.8 99.5 102.8 111.1 119.3 136 147.4 155.3 160.7 167.6 173.8 178.3 180.9 183.2 183.3 181.1 178.9 173.4 155.5 142.2 135.1 142.5 152 169 177.6 181.2 183.3 184.2 184.7 185.2 184.9 183.3 180.9 179.4 177.9 175.3 167.8 148.7 136.3 128.2 123.7 118.7 111.1 103.5 95.6 89.6 85.3 85.9 91.5 99.2 106.6 113.7 120.9 140.1
126.5 134.1 143.2 157.6 172.7 180 185.5 189.2 192 193.7 194.6 195.7 196.2 196.5 196.2 195.2 193.5 190.7 188 182.7 175.1 164.6 155.2 145.6 137.2 125.3 117.9 112 104 98.4 97.8 106.1 113.7 126.5 141.6 149.7 155.9 163.6 170.2 174.7 177.4 180 181 179.5 177.2 170.8 151.5 139.2 129.4 137.1 146.4 162.8 172.3 176.4 179.8 181.1 183 183.6 183.1 182.3 179.8 178.4 176.9 174.3 167.7 151 137 127 121.8 116.2 109.4 102 94.3 87.3 83.5 84.4 90.2 98.2 106.8 113.4 128 140.5
126.1 133.7 143.3 160.1 172.2 179.1 183.8 187.4 190.8 192.8 194.4 195.6 196.2 196.8 196.8 195.5 194 191.1 186.8 181.8 174.2 161.1 146.2 137.8 128.6 119.7 114.6 109.4 104 99.6 95.9 99.7 108.9 117.5 131.2 142 150.7 159.4 165.9 170.9 174.6 176.8 177.8 177.5 174.6 167.2 147.4 135.1 125.8 131 139.9 152.9 164.9 171.5 175.9 178.6 180.7 181.7 181.5 181.1 178.9 177.2 175.6 173.9 165.6 151.4 137.7 127.8 120.7 115.5 108.4 101.8 93.9 87.1 83 83.4 90.9 98.8 107.1 114.4 126 126.8
126.5 134.6 147.7 161.6 170.5 176.6 181.9 186.1 190.1 192.4 194.2 195.3 195.9 196.6 196.9 196 194.4 192.7 188.3 183 176.7 166.8 156.5 146.4 139.3 128.3 122.8 116.1 111 105.1 96 94.7 102.5 109.1 116.1 130 139.5 148.1 160.9 166.8 171.7 174.3 175.1 174.8 172.2 165.2 146.7 133.7 124.3 123.4 132.5 139.5 151.5 163.1 171.4 175.3 177.9 179.1 179.7 179.4 178.1 176.5 174.5 172.1 166.7 151.9 137.3 127.6 122.7 115.9 108.4 101.2 92.3 85.7 81.3 82.1 88.2 95.7 104 108.7 112.4 118.1
128.2 136.7 149.9 159.8 168.7 174.9 180.7 184.8 188.8 191.1 193.7 194.9 195.5 196.6 196.8 196.5 194.9 193.2 190.3 187.1 182.9 174 166.8 158 149.5 140.3 131.3 122.8 116.9 110.6 101.5 93.5 94.5 104.8 115.4 124.5 130.3 137.6 147.7 163 167.9 171.6 173.5 173.5 171.3 165.1 147.9 134.7 123.7 114.4 121.1 129.1 139 151.1 166 171.8 175 176.7 177.6 177.6 177.3 174.8 172.4 169.3 163.1 149 135.4 125.5 121.8 116.1 109.3 102.3 93.8 87.5 80.1 80.2 85.3 91 96.2 102.5 107.8 110.9
127.5 140.5 150.8 159.8 167.6 173.4 179 183.2 187.1 190.3 192.2 194.5 195.4 196.5 196.6 196.7 195.3 193.6 191.8 190.2 187 183.5 175.7 167.8 160.2 151.2 140.9 131.9 124 116.2 106.7 99.9 94.2 97.3 106.4 117.6 127.7 130.3 138.8 156.9 164.2 168.7 171.1 172.4 170.3 166.7 149.4 135.3 123.5 115.4 112.4 121.7 129.1 140.9 157.8 166.6 171.7 174.1 175.4 175.6 174.7 172.3 169.3 164.1 157.8 144.6 130.8 124.4 120.6 115.4 109.7 102.3 97.1 90.9 84.4 79.3 79.7 86.4 92.5 97 101.1 104.1
129.2 141.4 150.5 158.5 166.2 172.1 177.5 181.7 186 189.6 191.2 193.8 195.3 196.4 196.5 196.6 196 194.3 193.4 191.1 189.3 189.1 184.1 177.7 170.2 159.2 147.8 137.5 127.6 119 111.9 104.9 96 89 94.6 101.9 114.8 125.6 128.9 144.8 159.1 166 168.9 171.6 169.5 166.1 154.9 137.3 126.9 116.5 108.7 113.2 122 132 144.5 161.8 169.3 171.7 173.5 173.3 171.8 167.2 162.5 155.2 149.8 147.4 132.6 124.9 120.9 115.2 109.1 103.9 99.7 94.7 88.5 80.7 75.2 82.3 89 92.9 97.3 100.1
