STL Generation/terr50_gagg_gb/data/TG24.asc
ncols 200
nrows 200
xllcorner 620000
yllcorner 340000
cellsize 50
[rows 152 to 189 of 200, columns 0 to 83 of 200]
28.4 30.1 32.4 30 29.1 30.3 30.7 30.4 30.2 30.3 30.1 29.7 28.7 28.2 28.9 30.2 30.9 32.1 33.6 34.9 35.7 37 38.2 38.5 38 36.6 34.6 32.7 31.1 29.7 27.9 27.2 25.7 21.7 12.5 9.4 6.8 1.9 1.9 0.5 -0.3 -0.3 -1.3 -1.3 -1.3 -1.3 -1.3 -1.3 -1.3 -1.3 -1.3 -1.3 -1.3 -1.3 -1.3 -1.3 -1.3 -1.3 -1.3 -1.3 -1.3 -1.3 -1.3 -1.3 -1.3 -1.3 -1.3 -1.3 -1.3 -1.3 -1.3 -1.3 -1.3 -1.3 -1.3 -1.3 -1.3 -1.3 -1.3 -1.3 -1.3 -1.3 -1.3 -1.3
31.1 34.3 33.4 30.2 30.8 33.8 33.7 32.5 31.9 31.6 31.7 31.1 29.8 29.2 30.4 31.7 32.5 34 37.1 37.5 38.9 38.8 39.6 39.2 38.2 36.7 34.8 33.7 33.8 32 29.4 28.7 25.4 22.2 22.1 19.1 17.6 17.4 17.1 2.3 1.2 0.9 0.1 -0.3 -1.3 -1.3 -1.3 -1.3 -1.3 -1.3 -1.3 -1.3 -1.3 -1.3 -1.3 -1.3 -1.3 -1.3 -1.3 -1.3 -1.3 -1.3 -1.3 -1.3 -1.3 -1.3 -1.3 -1.3 -1.3 -1.3 -1.3 -1.3 -1.3 -1.3 -1.3 -1.3 -1.3 -1.3 -1.3 -1.3 -1.3 -1.3 -1.3 -1.3
34.5 35.6 33 31.4 32.3 36.1 34.8 33.8 32.7 33 33.2 32.2 30.7 30.6 31.9 33.9 35.9 37.7 40.8 43.2 41.8 40.9 40.9 40 38.7 36.8 35.4 35 36.2 33.8 30.8 27.9 24.9 24.2 21.4 19.1 17.5 18.2 18.2 16.5 6.6 2.1 1.3 0.9 0.5 -0.1 -1.3 -1.3 -1.3 -1.3 -1.3 -1.3 -1.3 -1.3 -1.3 -1.3 -1.3 -1.3 -1.3 -1.3 -1.3 -1.3 -1.3 -1.3 -1.3 -1.3 -1.3 -1.3 -1.3 -1.3 -1.3 -1.3 -1.3 -1.3 -1.3 -1.3 -1.3 -1.3 -1.3 -1.3 -1.3 -1.3 -1.3 -1.3
34.9 35.3 34.1 34.1 34.9 37.2 36.1 35.6 34.9 35.2 36.8 34 31.8 31.1 33.4 37.1 39.2 41.8 43.7 44 44.2 43.2 42.3 40.9 38.9 36.9 36.1 36.8 38.2 34.9 29 26.5 24.4 22.5 20.1 18.9 18.1 18.9 19.2 19.5 18.8 10.1 5 2.6 1.8 1.3 0.5 -0.2 -1.3 -1.3 -1.3 -1.3 -1.3 -1.3 -1.3 -1.3 -1.3 -1.3 -1.3 -1.3 -1.3 -1.3 -1.3 -1.3 -1.3 -1.3 -1.3 -1.3 -1.3 -1.3 -1.3 -1.3 -1.3 -1.3 -1.3 -1.3 -1.3 -1.3 -1.3 -1.3 -1.3 -1.3 -1.3 -1.3
35.1 37.2 36.8 37 37.7 38.2 38 38.4 38.5 37.7 36.7 35.2 33 32.5 34.5 37.3 40.5 47.1 46.7 49.3 46.7 45.3 43.7 41.1 38.7 36.7 35.2 34 34.1 31.6 27.6 24.7 22.9 21.2 19.6 19.2 19.1 19.8 19.9 20 19.2 18.8 10.8 14.2 5.3 3.2 2.5 1.3 0.6 -0.1 -1.3 -1.3 -1.3 -1.3 -1.3 -1.3 -1.3 -1.3 -1.3 -1.3 -1.3 -1.3 -1.3 -1.3 -1.3 -1.3 -1.3 -1.3 -1.3 -1.3 -1.3 -1.3 -1.3 -1.3 -1.3 -1.3 -1.3 -1.3 -1.3 -1.3 -1.3 -1.3 -1.3 -1.3
36.8 38.2 38.6 38.9 40.9 41.7 40.8 41 37.1 39.3 37.8 35.7 34.1 35.2 36.9 40.1 45 50.7 53.7 54.2 52 46.7 44.9 43.2 38.2 35.7 32.8 32 29.2 29.1 25.3 23.6 21.5 20.4 19.6 19.7 20.1 20.5 20.7 20.6 20.2 18.9 17.6 19.7 20.2 18 7.3 3.2 2.3 1.4 0.7 -1.3 -1.3 -1.3 -1.3 -1.3 -1.3 -1.3 -1.3 -1.3 -1.3 -1.3 -1.3 -1.3 -1.3 -1.3 -1.3 -1.3 -1.3 -1.3 -1.3 -1.3 -1.3 -1.3 -1.3 -1.3 -1.3 -1.3 -1.3 -1.3 -1.3 -1.3 -1.3 -1.3
39 40.8 41.5 41.6 44.8 45.3 44.6 45 45.3 42.8 38 36.7 34.7 36 39.4 44.8 49.6 55.2 58 56.1 53.2 46 43.8 38.8 36.1 30 29.1 29.2 29.4 28.5 24.8 23.1 21.7 20.7 20.2 21.5 21.4 21.5 22.2 23.1 21.5 19.7 19 19.7 21 20.9 21.9 23.5 12.8 4.7 3.3 1.9 1.4 0.9 0.4 -0.2 -1.3 -1.3 -1.3 -1.3 -1.3 -1.3 -1.3 -1.3 -1.3 -1.3 -1.3 -1.3 -1.3 -1.3 -1.3 -1.3 -1.3 -1.3 -1.3 -1.3 -1.3 -1.3 -1.3 -1.3 -1.3 -1.3 -1.3 -1.3
42.7 45.3 45.1 44.5 46.7 49.2 49 50 47.3 43 38.8 38 36.9 36 38.2 43.7 52 52.6 51 46.3 44.5 42.4 38.9 34.8 31.1 30.9 30.4 30.9 29.1 27.5 30.3 24.8 22.6 20.7 22.2 23.4 23.5 23.7 23.2 23.1 21.8 20.7 19.7 20.3 20.8 21.8 23 25 29.1 32.9 24.7 15 5.8 4.7 2.8 1.5 0.5 -0.4 -1.3 -1.3 -1.3 -1.3 -1.3 -1.3 -1.3 -1.3 -1.3 -1.3 -1.3 -1.3 -1.3 -1.3 -1.3 -1.3 -1.3 -1.3 -1.3 -1.3 -1.3 -1.3 -1.3 -1.3 -1.3 -1.3
44.1 54.1 48.5 47.1 47.8 51.2 52.9 54.4 48.6 40 39 38.4 38.5 38.9 38.4 36.2 42 46.4 45.1 43.5 38.5 32 30.8 35.3 37.1 33.9 32.9 33.4 30.8 32.2 30.5 24.6 22 23.4 25 25.5 26.2 25.1 25 23.6 22.4 21.7 20.7 20.7 22.1 22.5 23.7 25.9 28.8 31.9 34.2 34.8 35.7 24.1 11.7 3.1 1.4 0.6 0.2 -0.3 -1.3 -1.3 -1.3 -1.3 -1.3 -1.3 -1.3 -1.3 -1.3 -1.3 -1.3 -1.3 -1.3 -1.3 -1.3 -1.3 -1.3 -1.3 -1.3 -1.3 -1.3 -1.3 -1.3 -1.3
43.6 46.5 49.1 49.2 50.5 53.3 55.5 53.2 49.4 45.5 42.1 42.2 43.3 41 41.2 41 42.7 43.6 43.5 41.4 39.4 37.4 36.1 37.1 36.7 36.4 34.8 35 36.7 33.5 26.2 24 22 26.2 28 29 28 28.6 24.9 24.8 23.7 22.7 21.6 21.9 21.7 22.4 23.7 26.9 29 30.7 32.6 34.5 37.6 40.7 41.1 19.1 5.8 1.7 1.1 0.6 0.1 -0.4 -1.3 -1.3 -1.3 -1.3 -1.3 -1.3 -1.3 -1.3 -1.3 -1.3 -1.3 -1.3 -1.3 -1.3 -1.3 -1.3 -1.3 -1.3 -1.3 -1.3 -1.3 -1.3
42.4 45 50.4 51.4 52.7 54.6 56.3 54 51.6 49.8 45.1 45.3 45.2 44.1 44.4 43 45.1 45.6 44.6 42.4 39.9 37.5 37.2 38 38.3 41.4 35.4 35.6 34.6 31.5 29.2 23.4 23.6 28.7 32 32.3 30.5 28.7 27.1 25.5 24.5 23.3 23.6 23 22.2 22.4 24.4 26.4 28.7 31.4 32.8 35.1 37.9 41.4 44.3 45.8 22.8 11.5 2.8 1.5 1 0.3 -1.3 -1.3 -1.3 -1.3 -1.3 -1.3 -1.3 -1.3 -1.3 -1.3 -1.3 -1.3 -1.3 -1.3 -1.3 -1.3 -1.3 -1.3 -1.3 -1.3 -1.3 -1.3
41.7 44.9 50.9 54.6 56.6 56 57.2 56.2 54.8 51.6 47.5 49.7 49.5 48.4 48.1 47.1 48 47.4 46.3 43.8 42.7 41.4 39.8 38.8 39.1 40.9 38.9 35.2 32.5 29 25.8 25.4 27.7 31.1 35.2 35.7 34.1 32.2 28.9 27.7 26.6 25.7 25.9 24.6 24 22.9 24 26.6 28.4 31.7 34.8 36.2 38.3 41 46.9 43.1 50.1 45.2 15.6 8.3 2.4 1.3 0.6 0.1 -0.3 -0.8 -1.3 -1.3 -1.3 -1.3 -1.3 -1.3 -1.3 -1.3 -1.3 -1.3 -1.3 -1.3 -1.3 -1.3 -1.3 -1.3 -1.3 -1.3
41.4 45.8 50.1 54.1 55.3 55.4 56.6 56.9 55.4 51.8 51.6 57.7 57.5 54.3 51.1 50 49 47.9 46.8 44.4 41.8 40.4 44.4 45 47.5 46.7 43.4 42.2 38.6 31.9 27.1 24.9 30.5 36.4 39 38.7 36.1 32.8 30.8 29.9 28.9 30.1 28 26.2 25.5 24.6 25.3 26.4 29.1 31.8 33.1 36 38.2 41.1 44 56 56.3 52.2 51.4 27.7 15.8 4.5 2.1 1.4 1 0.3 -0.3 -0.6 -1.3 -1.3 -1.3 -1.3 -1.3 -1.3 -1.3 -1.3 -1.3 -1.3 -1.3 -1.3 -1.3 -1.3 -1.3 -1.3
40.9 44.6 47 49.2 50.6 52.4 54.8 57.1 57.4 56.4 55.7 57.1 61.4 58.7 55.6 54.3 55.9 49.1 46.1 44.5 43.7 45.4 44.9 49.9 49.4 53.4 54.8 44.4 37.7 31.6 28.5 25.1 26.7 37 44 42.1 39.3 39.7 40.6 35.9 35.2 31.6 29.8 27.7 27 25 25.2 27 28.9 30.3 33 34.9 36.9 39.5 42.7 49.5 50.1 49.3 51.6 54.9 42.3 22.1 19.8 4.4 2.7 1.6 1 0.5 -0.1 -0.6 -1.3 -1.3 -1.3 -1.3 -1.3 -1.3 -1.3 -1.3 -1.3 -1.3 -1.3 -1.3 -1.3 -1.3
40.7 42.8 44.4 46.3 48.1 50.1 55.2 61.7 62.6 64.1 62.5 61.1 61.4 60.6 59 58 57.8 57.3 54.2 49.8 45.3 45.3 53.5 48.5 47.3 46.4 43 37.9 33.2 30.5 29.1 26.2 25.9 34.2 45.3 49.8 45.5 47.2 41.9 39.6 37.9 33.3 30.9 29.2 27.6 26.6 25.4 25.6 28.9 30 32.6 33.9 35.7 38 40 43.1 44.3 44.9 48.6 53.1 60 42.4 36.1 25.6 16 6.1 2.3 1.4 0.9 0.4 0 -0.4 -1.3 -1.3 -1.3 -1.3 -1.3 -1.3 -1.3 -1.3 -1.3 -1.3 -1.3 -1.3
44.8 42.3 43.4 45 47.3 50.5 56.2 62.3 65.5 66.2 64.6 63.8 63.2 61.6 60.3 61.2 61 60.2 57 54.2 49 51.8 52.4 48 45.2 41.8 38.6 33.7 31.7 29.9 28.8 27.1 26.2 30.8 38.7 48.3 47.3 48.6 46.8 42.2 37.5 33.4 31.5 29.5 27 26.4 26.4 27.2 28.4 29.7 32.4 33.2 34.7 36.7 37.8 39.7 41.5 43.8 47.4 50.9 54.1 61.7 60 39.4 29.5 22.9 14.3 4.2 1.9 1.4 1 0.7 0.4 0 -0.3 -1.3 -1.3 -1.3 -1.3 -1.3 -1.3 -1.3 -1.3 -1.3
40.6 44.8 42.8 43.9 46.2 49.7 55.2 62.7 67.6 66.3 65.5 65.2 64.9 63.6 62.7 61.8 61.1 61.4 59.9 53.3 50.7 57.5 55.9 50.5 47 45.6 38.7 33.9 33.5 32.4 30.7 29.1 27.5 29.5 40 45 40.3 42.7 46.3 41.9 37.5 33.7 31.5 29.9 28.5 27.5 27.3 27.6 28.4 29.2 31.3 32.9 34.1 35.4 36.6 38.6 43.1 45 50.6 61.3 63.3 63.6 71.3 69.2 60.6 42.7 35.3 23.4 15.4 17.2 3 1.7 1.4 1 0.7 0.3 -0.2 -1.3 -1.3 -1.3 -1.3 -1.3 -1.3 -1.3
40.8 41.4 45.5 43.8 44.8 47.6 53.2 58.4 62.8 63.7 64 65.4 66.9 66.1 65.2 66.2 62.4 61.2 57.6 57.5 60.6 60.2 58.4 53 49.1 42.6 40.2 37.3 36 34.2 32.3 30.7 29 27.3 33.1 36 37 42.5 44.3 41.9 37.8 34.3 32 30.3 29.3 28.7 27.7 27.8 28.4 29.2 30.8 31.8 33.2 34.8 37.1 41.6 45.9 52 66.3 69 74.6 73.7 73.7 75.5 74.5 73.5 67.1 51 31.5 18.1 24.5 17.9 13 2.5 1.7 1.3 0.7 0.1 -0.5 -1.3 -1.3 -1.3 -1.3 -1.3
42.6 42.8 43 46.5 44.8 46.6 49.1 53 56.6 58.3 60 63 65.4 66.7 66.1 67.4 62.5 60.9 59.8 60.4 61 60.8 58.8 52.2 47.9 48.4 43.9 40.1 37.6 36 33.8 31.7 30.2 28.3 28.4 33.6 39.5 42.7 43.3 38.7 37.5 34.2 33 31.5 30.4 29.7 29.4 29.4 29.7 30.3 30.2 32.7 34.3 37 41.7 45.6 49.7 63.7 73.1 73.9 74.7 74.1 73.1 72.4 70.7 66.4 68.2 69.7 58.5 40.1 26.9 24.3 14.8 9.7 4.7 3 1.6 1.1 0.5 -0.1 -1.3 -1.3 -1.3 -1.3
44.7 45.2 44.8 44.5 47.2 46.1 48.1 50.4 53.7 54.9 56 58.1 63 65.8 66.4 66.4 64.3 63.2 61.5 62.3 62.5 62.7 61.9 58 53.9 49.9 45.9 41.8 39.3 37.7 35.6 33.4 31.5 29.5 29.3 34.6 39.7 41.5 43.6 39.5 38 35.8 33.7 32.3 31.1 30.7 30.7 30.5 30.5 31.1 31.3 31.8 32.9 36.8 41.2 47.3 54.2 65.5 61.9 63.1 74.1 71.4 71 66 61.6 62.7 67.4 70.3 72.4 66.8 46.9 34.9 33.5 31.3 18.9 14.4 5.6 3.2 1.7 1.1 0.5 -0.1 -1.3 -1.3
47 47.7 46.5 46.6 46.8 48.2 47.9 48.8 50.2 51.6 53.3 55.8 59.8 64.3 66.3 65.8 66.6 65.1 64.1 64.3 64.5 64.2 64.2 63 58.2 52 47.9 44.2 41.8 39.8 37.3 35.1 32.6 30.5 29.8 32.6 36.4 39.5 44.4 43.2 39.7 37 34.7 33.2 32.9 32.2 31.7 31.4 31.3 31.8 32.1 32.5 32.8 35.5 40.5 43.7 51.3 55 54.6 56 70 72.5 69.8 59.4 58.9 72.7 74.8 74.1 74 73.8 73.2 65.3 59.5 52.8 52.4 45.3 35.3 20.8 17 5.7 1.8 1.5 1.1 0.5
49.6 50.7 49 48.8 48.3 49.9 49.1 50.6 52 53.2 54.1 56 59.5 64 64.7 67.3 66.7 65.7 65.4 64.9 62.6 63.4 61.5 58.8 60.1 53.8 50.5 46.7 43.8 40.8 38.2 36.3 33.1 31 30.7 32.9 35.5 38.8 42.9 42.7 40.6 38.1 35.8 34.8 34.1 33.8 33.5 33.1 33.1 33.3 34 34.6 34.5 34.9 39.6 43.9 46.2 47.5 49.9 52.4 57.9 59.7 58.7 55.8 56.7 62.9 70.3 74.9 76 75.2 72.8 65.3 58.7 53.1 47.8 54.1 60.3 46.4 41.1 23.6 15.2 13.6 7.7 2.7
53.6 54.4 54.7 53.7 50 54.6 56.7 50.1 56.5 61.1 61.7 60.7 63.4 64.6 65.4 66.1 64.8 64.6 62.1 59.5 58.5 59.8 58.3 53.5 52.1 51.9 51.5 49.6 44 39.1 36.9 33.6 31.6 31 31.7 33.7 35.7 37.3 39.3 39.6 39.2 38.4 37.3 35.8 35.6 34.9 33.2 33.2 33.8 34.4 35.2 35.8 35.7 35.6 38.2 41.5 43.2 44.2 45.6 47.1 49.7 52.2 51.7 52.2 54.1 58.5 62 69.7 76.5 75.7 67.9 61.3 54.1 49.4 45.4 47.4 50.4 49.4 44.4 48 40.3 35.8 23.8 17.8
61.5 62.3 61.7 58.8 53.9 58.2 62.2 61.3 50.9 62.7 64.8 64.8 64.1 62.8 63.6 62.5 59.3 61.9 60.4 58 54.6 54.1 52.9 49.3 47.7 47 47.7 46.2 40.2 36.6 34.7 32.6 32.5 32.1 31.3 34.4 36 36.6 37.7 40.4 39.7 39.2 38.5 38.5 38.4 37.1 35.7 35 35.8 36 36.2 36.5 36.9 37.6 38.3 39.4 40.8 42.1 43.6 44.9 47 48 48.4 50.4 52.4 55.4 59.5 64.2 73.3 73.3 69.7 58.3 51.3 45.8 43.3 42.2 43 42.8 40.1 41.8 39.8 38.2 38.1 36.8
69.9 68.3 65.4 62.1 56.8 62.1 64.4 63.9 63.9 51.6 63.6 63.6 61.6 59.9 59.7 57.5 54.3 57.4 57.1 55.4 54 50.5 48.4 45.5 43.9 41.8 42.8 39 37.9 35.7 34.2 34.2 34 33.2 31.8 31.8 33 37.3 38.2 40.6 41.6 42.5 42.5 41.3 39.7 38.5 37 36.5 37.5 38.2 37.5 37.3 37.5 38.7 39.5 39.8 40.8 42 43.6 45.1 45.7 46.3 47.7 49 50.7 53.5 56.1 60.4 64.7 69.7 73.5 69.7 56.5 47.5 43.1 40.6 39.5 38.7 37.5 36.9 37 36.6 38.9 34.2
71.8 70.3 67.9 63.3 60.7 65.8 65 64.2 63.8 63.4 55.1 58.3 58 56.7 55.2 52 49.3 49.6 50.2 50.4 50.3 49.2 44.9 41.4 39.5 39.2 38.1 37 36.2 35.9 36.3 36.2 34.9 33.6 31.8 35.3 36.3 38.9 41 43.4 45.2 46 45.6 45.1 42.8 40.2 39.5 39.3 41.4 41.6 39.9 39.4 38.3 39.7 40.3 40.8 41.6 42.7 44.8 45.9 46.7 47.5 48.4 50 50.5 55 54.2 57.2 60.9 64 63.2 63.1 54.3 48.5 44.1 41.3 40.4 40.2 38.8 37.6 36.1 34.4 34.5 32.4
70.9 70 68.9 64.4 67.1 66.6 65.7 63.5 64.3 59.2 56.2 54.3 52.5 51.4 49.7 48.3 48 46.8 45.6 44.4 43.1 42.2 41.3 40.8 39.5 38.9 38.2 37.7 37.7 38.5 39.5 38.4 36.4 34.7 34.3 35.7 38.4 41 43.2 47.1 49.9 50.4 49.9 50.7 46.9 44.2 46.9 43.3 45.7 46.1 44.4 44.2 40.7 40.7 41.5 42.2 42.9 43.7 44.9 46.3 48.3 48.6 49.7 50.8 51.9 52.4 52.1 53.1 56.5 58.3 56.3 53.5 51.1 48.2 44.4 42.5 42.6 42.1 40.7 39 37.5 35.7 34.2 33.3
70.4 70.2 69.6 69 68.2 67.9 66.3 65.1 63.6 60.7 57.5 60.2 58.3 55.4 52.9 51.6 52.2 48.8 47.3 46.1 44.7 43.6 43.9 43.5 41.4 40.6 41.1 41.7 42.6 43.4 41.3 40.1 37.3 35.4 35.1 36.5 38.7 42.3 45 48.7 53.3 61.1 59.9 58.4 51.7 57 56.2 54 50.9 47.6 46.5 45.2 42.5 41.7 43.4 44.4 45.1 45.8 46.8 48 49.2 49.1 51.1 52.8 54.2 54.8 57.1 57.1 56.8 55.3 53.4 51 48.8 46.5 44.3 44.3 43.7 42.8 41.6 40.3 37.8 36 35.2 34.1
69 69.8 69.6 69 68.9 67.5 66.2 65.6 64.3 58.8 62.6 61 59.4 59.3 53.1 60 53.8 49.9 52 49.2 47.5 46.6 49.5 46.7 44.5 43.9 45 48 49.4 48.1 45.5 41.1 37.9 36.3 37.6 39.4 38.8 39.3 42.4 46.2 53.6 60.8 61.1 61.8 57.3 63.2 62.4 62.8 51.4 48.6 47.8 45.9 42.8 43.8 45 46.2 47.1 48.1 48.5 48.5 48.8 48.8 52.8 53.2 56.2 58.5 59.9 60.3 58.8 55.6 53.2 51.1 49.7 47.2 46.3 46.4 44.6 43.4 42.1 40.3 38.1 36.2 35.2 34.8
66.8 68.8 69.1 68.6 68.2 67.3 66.2 63.5 61.3 62.8 63.2 62.5 61.3 58.5 55.8 60.3 56.5 52 55.2 51.9 53.2 50.1 54.6 52.5 47.2 47.4 52.4 55.6 53.9 50.6 46.5 42.6 39.5 37.5 41.3 43.5 42.4 41.4 41.2 43.2 46.4 52.3 57.7 59.9 60 58 61.8 62.8 59.1 51.7 50.1 47.3 45.9 46.3 47.7 48.7 49.5 50.1 50.7 51.4 51.1 54.3 57.1 65.8 68.2 63.6 65.4 66.2 67.2 62 56.5 53.9 51.1 48.5 48.9 48.1 46 44.1 42.3 40 37.4 37.6 36 35.4
67.3 69.6 69.3 68.6 68.2 66.9 64.7 64.6 65.3 64.5 64.2 63.4 62.8 58.6 60.5 60.1 55.1 56.4 59.9 56.3 58 52.9 54 54.2 49.2 56.6 59.1 57.4 53.8 50.2 46.7 44.2 41.3 39.5 46.2 46.5 45.7 45.3 44.4 44 43.9 44.5 49.7 54.7 57.1 59.1 60.1 62.5 64.9 55.3 54.1 49 51.7 52.1 51 51.5 52.5 52 53.1 58 54.2 55.7 57.7 58.9 63.6 71 73.7 73.2 72.7 70.2 67.1 60.1 53.2 51.3 51.8 51.4 49 44.9 42.5 39.9 37.9 37.6 36.5 35.9
70.5 70.5 69.7 69.3 67.9 66.6 65.6 65.9 65.6 65.2 64.2 63.5 61.3 61.2 60.4 59.5 59.4 61 62.1 62.3 63 60 59.3 57 54.8 61.8 60.2 57.6 54 51.9 48.8 44.1 39.6 41.5 47.7 49.8 50.4 55.4 47.2 46.6 47.2 47.1 47.9 48 51.4 55.7 58.6 61.3 62.1 60 57.2 54.2 55.9 57.2 56.2 55.4 58.1 54.9 55.6 58.8 59.6 56.3 59 64.8 63.6 67.9 71.9 75 74.1 71.3 69 61 60.4 55.3 55.1 53.4 49.9 45.8 42.6 40.2 39.2 38.4 37.9 37
71.2 71.3 70.5 69.6 68.3 67.2 66.7 66.7 66.3 65.1 63.5 62.4 63.5 62 60.7 61.4 60.8 62.2 63.3 63.8 63.6 63 63.8 63.1 63.4 62.9 55.8 56.2 54.4 51.3 46.3 41.5 41.8 42.5 45.9 53.3 56.5 54.7 48.2 58 53.3 51.8 53.4 52.2 50.9 52.7 55.3 58.6 61.6 62.8 63.8 62.8 60.1 59.8 56.6 59.9 62.8 61 58.1 60.8 64.1 62.8 58.7 62.2 67.5 71.5 70.7 73.9 74.6 73.7 70.1 68.3 66.6 58.8 52.5 54.4 49.9 45.4 42.9 41.3 40.9 40.3 39 38.1
72.9 72.1 71 70 68.7 68.2 67.8 67.4 66.9 65.8 64.4 64.4 64.4 63.2 62.6 62.7 62.5 63.2 64.6 64.7 64.9 65.5 65.3 64.2 63.1 59.5 57 53.9 49.6 45.4 50 54.3 55.3 53.7 52.5 51.4 58.8 56.7 52.8 60.6 56.4 54.5 56.9 55.6 54.4 53.5 54.1 55.7 59.4 62.1 64 61.1 64.4 66.6 68.7 68.4 66.4 65.5 61.7 62.6 67.6 67.3 61.9 67.7 74 74.1 74.5 73.4 73.7 73.9 73.5 74.2 68.6 68.3 63.9 60 49.9 45.7 43.5 42.6 41.5 40.5 39.7 38.9
73.8 73.1 71.8 70.3 69 69.1 68.4 68.2 67.9 67 66.4 66.1 65.9 65.2 64.9 64.6 64.2 64.5 65.2 64.9 64.6 65 64.3 62.5 57 56 51 47.8 46.3 46.1 47.5 49.4 49.8 57.7 57.5 53 59.5 58.1 60.1 61 58.7 57.5 59 58.2 57.7 56.9 57.2 56.8 58.2 61.5 64.4 65.3 68.6 71.5 73.3 72.6 72 64.8 65 67.6 72.3 72.9 67.9 71.5 75.5 75.7 74.4 72.4 72.1 72.9 72.6 70.9 69.2 68.2 65 59.4 49.9 49.6 44.2 43.7 42.4 41.6 41 41.1
75 74.2 72.2 70.2 69.7 69.8 69.8 69.3 69.1 68.9 68.1 67.8 67.4 67.1 66.8 66.3 65.7 65.5 65.2 64.5 63.8 63.6 63 58.4 57.4 55.1 47.7 47 50 50.6 55.1 55 54.2 59.7 61.8 60.2 61.4 56 60.7 61.4 61.6 62.2 62.5 60.7 60.4 60.1 60.4 58.7 59.8 62.8 65 65.2 70.1 73.1 76.2 74.4 73.8 66.6 71.5 72.2 73.5 75.2 75.6 69.7 76.2 75.8 73.5 70.6 69.9 70.9 72.9 70.2 63.2 59.4 56.7 53.8 50.2 47.1 45.4 44 43.5 42.7 42.5 42.8
76.4 74.5 72.3 70.9 70.7 71.7 72.1 72.2 71.7 71 70 69.2 69.1 69 68.8 68.2 67 65.6 64.7 63.8 63.1 62.5 60.9 58.1 52.5 50.3 49.1 41.5 55.6 56.9 60.9 62.4 63.6 64 62.9 61 62.6 61.8 62.9 62.5 61.9 63 63.1 63.2 59.7 62.3 62.6 61.6 60.6 63.3 65.4 64.9 71.1 73.2 74.9 75.3 75.4 74.9 74.4 74.9 75.8 77.8 77.5 75.6 76.3 75.8 73.3 69.8 66.1 63.8 65.5 69.7 68.1 63.4 57.1 54.8 54.8 50.2 45.7 45.2 45.9 45.4 44.9 44.8
76.8 74.8 73.3 72.6 72.6 74 74.8 74.9 74.7 73.5 72.2 71.3 71.1 71.1 71.4 70.4 68.4 66 64.4 63.3 62.3 62.1 57.8 53.1 52.1 53 58.1 58.3 59.7 56.1 63 64.8 65.6 65.7 64.3 63 63.4 64.1 64.2 63.7 63 64.1 65.2 64.8 64.4 63.7 63.7 63.7 62.8 63.4 65 67.5 71 72.3 74.7 75.5 75.7 75.5 75.4 75.4 76.5 77.7 77.5 76.2 76.1 75.8 74.2 72.4 69.2 70.4 70 59.8 60.2 65.3 63.7 59.3 52.3 48.1 49.4 48.1 48.9 48.1 47.6 47.7
