STL Generation/terr50_gagg_gb/data/TL14.asc
ncols 200
nrows 200
xllcorner 510000
yllcorner 240000
cellsize 50
[rows 114 to 151 of 200, columns 86 to 171 of 200]
41.6 42.4 42.7 43.4 43.8 44.7 45.5 45.1 43.7 42.2 41 39.9 38.7 38 37.4 36.9 36.3 35.8 35.5 35.5 35.1 35.2 35.5 35.6 35.6 34.8 33.9 33.1 33.3 33.3 35 35.5 35.8 36.1 36 36.3 37 37.7 37.4 37.2 36.9 36.7 36.5 36.3 36.3 36.4 36.6 36.8 36 34.9 34.4 31.8 31.8 31.8 31.8 31.8 31.8 32.6 34.5 34.8 34.6 34.6 34.1 33.1 32 30.8 30.5 31.3 32.4 33.5 36 36.7 35.7 34.1 33.2 32 29.8 27.8 27.2 27.1 27 27.6 26.3 26.3 26.5 26.7
42.8 42.5 42.7 44 44.8 45.3 45.6 45.7 44.5 43 41.7 40.5 39.4 38.2 37.8 37.3 36.7 36.2 35.7 35.4 35.5 35.5 35.6 35.7 35.1 34.2 33.4 33.2 33.2 33.3 34.2 34.5 34.8 35.1 35.4 35.7 36.6 37.4 37.8 37.5 37.3 37.1 36.8 36.6 36.3 36.4 36.6 36.7 36 35.1 33.5 31.8 31.8 31.8 31.8 31.8 31.8 31.8 31.8 32.9 34.5 34.9 34.5 33.3 32.1 30.9 30.5 31.1 32 33.1 34.3 37.6 36 34.4 33.1 31.5 29.7 28.5 27.7 27.2 26.7 29.1 26.3 26.4 26.7 26.9
44.6 44.5 44.9 45.8 46 45.8 45 44.8 44.9 43.8 42.4 41.2 39.6 38.5 38 37.5 37 36.6 36.1 35.5 35.4 35.6 35.7 35.5 34.6 33.7 33.1 33.2 33.3 33.4 33.7 34.3 34.7 35.1 35.6 36.3 37 37.6 38.2 37.9 37.7 37.4 37.2 36.9 36.6 36.4 36.5 36.7 36.1 35.2 33.3 31.8 31.8 31.8 31.8 31.8 31.8 31.8 31.8 33.7 34.5 34.6 34.2 33.4 32.2 31.1 30.6 31.1 31.6 32.7 33.7 37.6 35.5 34.2 33.3 31.7 30.4 29.3 28.6 27.2 26.8 29.5 26.3 26.6 26.8 27.1
49 50.3 49.5 49.9 48.8 47.6 46.9 46.2 45.1 44 43 41.6 39.9 38.8 38.3 37.8 37.3 36.8 36.3 35.9 35.3 35.4 35.6 35.2 34.2 33.3 33.2 33.2 33.7 33.7 33.6 34 34.6 35.3 35.9 36.7 37.3 37.9 38.6 38.3 38.1 37.8 37.6 37.3 37 36.7 36.4 36.6 36.2 35 32.5 31.8 31.8 31.8 31.8 31.8 31.8 31.8 31.8 32.1 34.1 34.3 33.9 33.3 32.3 31.3 30.7 30.9 31.2 31.8 32.5 35.6 34.9 34.6 34.2 32.6 31.8 30.6 29.3 27.2 26.8 26.2 26.4 26.9 27 27.1
55.6 55.5 54.5 52 50.5 48.9 47.5 46.4 45.2 44.1 43.1 41.8 40.3 39 38.5 38 37.6 37.1 36.6 36 35.3 35 35.1 34.7 34 33.2 33.3 33.9 34.1 34 33.9 33.7 34.3 34.9 35.6 36.6 37.6 38.2 38.9 38.7 38.5 38.2 37.9 37.6 37.3 37 36.7 36.5 36.2 34.3 33.5 32.7 31.8 31.8 31.8 31.8 31.8 31.8 31.8 31.8 31.8 32.5 33.7 33.1 32.7 31.9 31.1 31.2 31.3 31.5 33 34.9 35.3 34.9 34.5 33.9 33.3 32.2 30 27.3 27 26.6 29.5 26.7 27.3 27.6
62.1 61.6 57.9 54.5 51.3 49 47.6 46.5 45.4 44.3 43.2 41.9 40.6 39.4 38.8 38.3 37.8 37.3 36.7 36 35.4 34.8 34.7 34.2 33.6 34 34.3 34.4 34.4 34.3 34.2 34 33.9 34.5 35.2 36.3 37.3 38.4 39.1 39.1 38.8 38.5 38.2 37.9 37.6 37.3 37 36.7 36.1 35.3 34.4 33.3 32.1 31.8 31.8 31.8 31.8 31.8 31.8 31.8 31.8 31.8 33.3 33.1 32.7 32.4 31.6 31.5 31.6 32.1 32.5 34.9 35.1 34.8 34.4 34.1 33.7 33 30.8 27.4 26.9 26.6 28.8 26.5 27.1 26.4
66.2 63 60.1 56.5 52.7 48.6 46.7 45.8 44.9 43.9 43 42.2 41 39.7 39 38.6 38 37.4 36.7 36.1 35.5 34.9 34.3 34.6 35 35.4 35.4 35 34.7 34.6 34.5 34.3 34.2 34.2 34.9 35.9 37 38.1 39.2 39.4 39.3 39 38.7 38.4 38.2 37.9 37.6 37.3 37 36.1 35 33.7 32.4 31.8 31.8 31.8 31.8 31.8 31.8 31.8 31.8 32 33.1 33.1 32.6 32.5 32.2 31.8 31.9 32.3 32.6 37 35.1 34.6 34.1 33.6 33.6 32.2 30.3 28.2 26.9 26.9 26.8 29.7 27.3 27.7
66 61.7 61.7 57.9 53.2 48.1 45.8 44.9 43.9 43 42.1 41.6 41.1 40.1 39.3 38.7 38.1 37.4 36.8 36.2 35.5 34.9 34.6 34.9 35.3 35.9 36.2 35.8 35.2 34.9 34.8 34.6 34.5 34.3 34.6 35.8 37 38.2 39.1 39.3 39.2 39 38.9 38.7 38.6 38.5 38.3 38.1 37.8 36.7 35.3 34 32.6 32 31.8 31.8 31.8 31.8 31.8 31.8 31.8 32.1 32.8 32.9 32.5 32.5 32.4 32.1 32.3 32.5 32.6 37.2 35.6 34.3 33.8 33.3 33 31.5 29.7 27.8 26.9 26.9 26.8 29.6 27.4 27.9
66.1 64.8 62.5 57 52.2 48.4 44.8 43.9 42.9 42.1 41.6 41.1 40.5 40 39.5 38.8 38.1 37.5 36.8 36.2 35.5 34.8 34.9 35.2 35.8 36.4 37 36.7 36 35.4 35.1 34.9 34.6 34.4 34.8 36 37.1 38.1 39 39.2 39.1 38.9 38.8 38.7 38.5 38.4 38.2 38.1 37.9 36.8 35.4 34 32.6 31.8 31.8 31.8 31.8 31.8 32 32.6 32.6 32.5 32.5 32.5 32.5 32.4 32.3 32.7 32.6 32.9 33.2 35.8 35.7 36.4 35.9 34.3 33.5 31.2 29.8 28.5 27.1 27.1 27 27 30.3 27.8
66.3 66.5 62.3 56.2 51.3 47.2 43.9 42.8 42.1 41.5 41 40.5 39.9 39.2 39 38.8 38.2 37.5 36.9 36.2 35.4 34.9 35.2 35.8 36.5 37.1 37.4 37.2 36.5 35.9 35.4 35 34.6 34.4 35 36.1 37.1 38 39 39.1 39 38.9 38.7 38.6 38.4 38.3 38.1 37.9 37.6 37 35.6 34.1 32.7 31.8 31.8 31.8 31.8 32.2 33.5 33.5 33.2 32.9 32.6 32.2 33.3 31.9 32.5 33.6 32.1 34.7 34 35 35.6 36 36.3 36 35.7 30.8 29.6 28.4 27.2 27 27 28 26.4 27.8
66.5 66.5 60.4 54.9 50 46.2 43.4 42.2 41.5 41 40.4 39.5 38.9 38.5 38.3 38.1 37.9 37.5 36.8 36.1 35.3 35.3 36.1 36.6 37.3 37.4 37.3 37.2 36.9 36.2 35.8 35.4 35 34.4 35.3 36 37 37.9 38.9 39.1 38.9 38.8 38.6 38.5 38.3 38.2 37.9 37.7 37.4 37.2 35.7 34.3 33 32.2 32.2 32.6 32.3 32.1 32.8 32.8 32.9 32.9 32.7 32.7 33.6 31.8 31.8 31.8 31.8 34.7 33 34.4 34.4 34.7 33.9 34.1 34.4 31.3 30.3 29.1 27.4 27 27.6 27.9 26.6 30.5
66.5 64.5 58.5 53.2 48.4 45.6 43.5 41.9 41.2 40.3 39.1 38.5 38.1 37.8 37.6 37.4 37.3 37.2 36.6 35.9 35.3 36.1 36.9 37.4 37.3 37.2 37.2 37.1 37 36.6 36.1 35.6 35 34.4 35.6 36 36.9 37.8 38.8 39 38.8 38.7 38.5 38.4 38.2 38 37.7 37.5 37.2 37 35.9 34.5 33.6 32.7 32.6 32.8 32.4 32.2 32.3 32.3 32.4 32.5 32.6 32.3 33.8 31.8 31.8 31.8 31.8 31.8 34.5 35.1 34.4 34.1 32.1 31.9 32.7 31.8 30.8 29.7 28.1 27.2 27.4 27.7 28 27.8
65.3 60.9 55.5 50.2 46.8 45 43.3 41.8 40.9 40 39.1 38.3 37.6 37.1 37.1 36.9 36.8 36.7 36.2 35.8 36 36.7 37.4 37.6 37.5 37.3 37.2 37.1 37 36.8 36.2 35.5 34.9 34.5 36 36.3 36.8 37.8 38.7 38.9 38.7 38.6 38.5 38.2 38 37.7 37.5 37.2 37 36.7 36.1 35 34.1 33.3 32.4 32.2 32.2 32.2 32.2 32.3 32.4 32.4 32.5 31.5 33.9 31.8 31.8 31.8 31.8 31.8 35.2 34 32.8 31.8 30.1 29.9 30 32.8 32.4 30.6 28.9 27.3 27.4 27.7 28.2 27.8
61.5 57 52.1 47.8 45.3 43.6 42.7 42.2 41.2 40.2 39.3 38.5 37.6 36.8 36.5 36.4 36.3 36.2 36.3 36.5 36.7 37.3 38 37.8 37.7 37.5 37.4 37.3 37.2 36.6 36 35.4 34.8 35.1 36.3 36.7 37.1 37.7 38.6 38.8 38.7 38.5 38.3 38 37.8 37.5 37.3 37 36.8 36.5 36.3 35.2 34.1 33.1 32.2 32.2 32.2 32.2 32.2 32.2 32.3 32.4 32.6 31.3 33.9 31.8 31.8 31.8 31.8 32.1 35.5 34.2 32.8 31.4 29.9 29.9 30.4 31.9 33.7 30.9 28.6 28 27.4 27.7 27.7 26.7
56.8 53.6 48.7 45.7 44 43.6 43.1 42.6 41.8 40.6 39.5 38.6 37.6 36.6 36.2 35.9 35.7 35.6 36.5 37.2 37.4 37.9 38.2 38 37.9 37.7 37.6 37.5 37.2 36.5 35.9 35.3 35.5 36.2 36.7 37 37.4 37.8 38.5 38.7 38.5 38.3 38 37.8 37.6 37.5 37.3 37.2 37.1 36.8 36.4 35.8 35 33.4 32.2 32.2 32.2 32.5 32.5 32.5 32.4 32.5 32.6 31.7 33.1 31.8 31.8 31.8 31.8 33.4 35.4 35.2 33.8 31.7 30.8 35.3 34.3 33.9 33.7 31 28.1 27.6 27.4 27.3 27.4 27.9
51.6 49.5 46.3 44.4 44 43.8 43.5 43 42.5 41.2 39.7 38.5 37.6 36.6 36 35.7 35.3 35.5 36.4 37.3 38.1 38.5 38.4 38.2 38.1 37.9 37.8 37.7 37 36.4 35.7 35.7 36.2 36.6 37.1 37.4 37.8 38.2 38.6 38.6 38.5 38.4 38.2 38.1 38 37.9 37.8 37.7 37.4 36.9 36.4 35.8 35.3 34.7 33.1 34.2 33.4 33.4 33.5 33.4 32.8 32.6 32.7 31.6 32.4 31.8 31.8 31.8 31.8 34.9 35.7 35.8 35 33.2 29.9 32.9 35.4 34.9 33.4 30.2 28 27.9 27.8 27.6 27.4 27.9
49.7 47.6 46.4 45 44.2 43.9 43.6 43.2 42.9 41.6 40 38.5 37.2 36.4 36 35.7 35.9 36.5 37.2 37.9 38.5 38.8 38.6 38.4 38.3 38.2 38 37.5 36.9 36.3 35.7 36.1 36.6 37 37.4 37.9 38.2 38.6 39 39 38.9 38.8 38.7 38.6 38.4 38.3 38.2 37.9 37.4 37 36.5 35.9 35.3 34.9 35.3 35.6 35.3 34.8 34.6 34.2 33.7 33.2 32.6 32.4 33.5 34.8 31.8 31.8 31.8 35.5 35.6 35.7 38.6 34.5 29.9 30.6 34.5 33.6 32 29.9 28.1 28 28 27.9 27.7 26.6
49.2 48.5 47.3 45.8 44.4 44.1 43.8 43.5 42.6 41.3 40 38.6 37.3 36 36.4 36.9 37.4 37.9 38.3 39 39.3 39.1 38.8 38.6 38.5 38.4 38.1 37.4 36.7 35.9 36.2 36.6 36.9 37.4 37.8 38.3 38.6 39 39.2 39.2 39.2 39.2 39.1 39 38.9 38.8 38.4 38 37.5 37 36.5 36 35.7 36 36.3 36.1 35.8 35.6 35.3 34.6 33.9 33.2 32.6 32.4 33.2 34.5 35.5 32.2 31.8 35.5 35.6 35.7 35.8 33.7 31.3 30.5 32.2 32.9 31.5 29.7 28.2 28 28 28 28 27.8
50 49.5 48 46.5 45 44.4 44.1 43.6 42.3 41 39.7 38.3 37 36.6 37.6 38 38.5 39 39.5 39.8 39.6 39.4 39.1 38.9 38.7 38.6 37.9 37.1 36.3 36.3 36.6 37 37.4 37.8 38.2 38.7 39 39.4 39.5 39.4 39.4 39.5 39.5 39.4 39.3 39 38.5 38 37.5 37.1 36.6 36.4 36.5 36.6 36.5 36.2 36 35.7 35.5 34.8 34 33.3 32.6 32.4 32.8 34.2 35.4 35.6 35.5 35.5 35.6 35.6 35.7 29.8 30.9 31.2 33.1 34.1 31.9 29.3 28.3 28 28 28 28 27.2
51.4 50.3 48.8 47.3 45.8 44.6 44.3 43.3 42 40.7 39.4 38 36.7 36.6 38.4 38.9 39.4 39.8 40.3 40.1 39.9 39.7 39.4 39.2 39 38.3 37.5 36.8 36.4 36.7 37.1 37.5 37.8 38.2 38.6 39.1 39.4 39.8 39.7 39.6 39.6 39.7 39.7 39.8 39.5 39.1 38.6 38.2 37.7 37.3 36.8 36.9 36.9 36.8 36.7 36.4 36.1 35.9 35.6 35.1 34.3 33.5 32.7 33.1 33.2 34.2 35.5 35.9 35.6 35.6 35.5 35.6 35.1 29.8 30.3 32.4 35.7 34.9 32.2 29.7 28 28 28 28.1 26.7 27.5
51.1 50.4 49.2 48 46.5 45 44.3 43 41.7 40.4 39 37.7 36.4 36.7 39.2 39.7 40.2 40.7 40.5 40.3 40.1 39.9 39.6 39.1 38.6 37.7 39.4 39.2 36.8 37.2 37.5 37.9 38.3 38.6 39 39.5 39.9 40 39.9 39.9 39.8 39.9 39.9 39.9 39.7 39.4 39 38.7 38.2 37.8 37.3 37.2 37.2 37 36.9 36.6 36.3 36 35.7 35.3 34.5 34.1 34.1 33.9 33.9 34.3 35.6 36.2 35.7 35.7 35.7 35.6 35.7 32.2 31.1 34.2 35.9 34.6 32.4 30.2 27.9 27.5 27.9 28 27.3 26.4
50.5 49.9 48.7 47.5 46.2 45 43.8 42.7 41.4 40.1 38.7 37.4 36.6 36.8 39.4 40.5 41 41 40.8 40.6 40.3 39.9 39.6 39.1 38.5 37.4 37.4 37.6 36.9 37.5 37.9 38.4 38.7 39.1 39.5 39.9 40.3 40.3 40.2 40.1 40 40.1 40 39.9 39.8 39.5 39.1 38.8 38.5 38.1 37.8 37.5 37.4 37.2 37.1 36.8 36.5 36.2 35.9 35.6 35.4 35.2 35 34.7 34.6 34.8 35.8 36.6 36 35.8 35.8 35.7 33.1 30.7 33.4 36 35.3 33.7 32.4 29.8 28.4 27.9 27.8 27.9 27 26.8
48.6 48.2 47.4 46.1 44.7 43.3 41.6 41.2 40.1 39.1 38 37.4 36.9 37.8 39.5 41.4 41.5 41.2 40.9 40.5 40.2 39.9 39.5 39.2 39.1 39.1 39.3 36.6 37.2 37.7 38.3 38.9 39.2 39.4 39.9 40.3 40.6 40.5 40.4 40.3 40.3 40.2 40 39.9 39.9 39.6 39.3 38.9 38.6 38.2 37.9 37.7 37.5 37.4 37.2 37 36.7 36.3 35.8 35.4 35.3 35.4 35.6 35.6 35.4 35.6 35.9 36.7 36.2 35 35.4 35.6 30.7 31.1 33.7 36.1 34.5 32.6 31.6 29.6 28.6 28.3 28.1 28.5 26.9 27.6
46.8 46.4 45.6 44.6 43.4 42.2 40.8 41.4 40.9 37.9 37.9 37.7 37.7 39 40.7 41.9 41.6 41.2 40.9 40.5 40.2 39.8 39.5 39.2 38.7 38.2 37.6 36.9 37.1 37.6 38.1 38.6 39 39.5 40 40.5 40.9 41 40.9 40.8 40.6 40.2 40 39.9 40.1 39.7 39.4 39 38.7 38.4 38 37.9 37.7 37.6 37.4 36.9 36.4 35.9 35.5 35.2 35 34.9 34.9 35.1 35.3 35.5 36.1 36.4 30.9 30.8 31.1 29.7 30 30.7 34.8 35.5 34 32.4 30.8 29.3 28.8 28.3 28 28.2 26.9 28.4
44.9 44.7 43.6 42.6 41.8 40.8 40.8 40.8 40.8 40.6 38.9 37.8 39.2 40.5 40.7 41.5 41.7 41.4 41 40.7 40.4 40 39.7 39 38.5 38 37 37.2 37.4 37.7 38.2 38.6 39.1 39.6 40.1 40.6 41 41.3 41.5 41.2 40.8 40.3 40.1 40.1 40.2 39.8 39.5 39.2 38.8 38.5 38.2 38.1 37.9 37.8 37.3 36.8 36.2 35.6 35.1 34.9 34.8 34.6 34.5 34.4 34.6 35.4 36.2 36.2 30.6 30.5 30.8 30.3 32.4 35.3 34.6 34.8 33.8 32.6 29.7 29.2 28.9 28.5 28.4 27.8 27 27.9
43.8 42.7 40.9 40.8 40.8 40.8 40.8 40.8 40.8 40.8 41.5 39.9 40.4 41.3 41.1 41.1 41.9 41.6 41.2 40.9 40.5 40.2 39.5 38.7 38.3 37.8 37.2 37.4 37.6 37.8 38.2 38.7 39.2 39.7 40.1 40.7 41.2 41.4 41.6 41.5 41 40.6 40.1 40.2 40.3 40 39.6 39.3 39 38.7 38.4 38.3 38.1 37.7 37.2 36.7 36.1 35.5 35.1 35.1 35 34.9 34.7 34.6 34.7 35.5 35.7 35.7 35.5 36.6 36.7 36.5 36.3 36.1 35.6 35.2 34.2 32.6 30.1 28.2 28.2 27.9 26.9 28.3 26.7 27.3
43 40.8 40.8 40.8 40.8 40.8 40.8 40.8 40.8 40.8 40.9 41.1 41.3 42.1 41.8 41.4 41.5 41.7 41.4 41 40.7 40 39.2 38.4 38.2 37.3 37.5 37.7 37.9 38.1 38.3 38.8 39.3 39.7 40.3 40.8 41.3 41.6 41.5 41.4 41.3 40.8 40.4 40.3 40.4 40.1 39.8 39.5 39.1 38.8 38.6 38.5 38.1 37.6 37.2 36.6 36.1 35.5 35.5 35.5 35.5 35.4 35.3 35.2 35.2 35.3 35.5 35.8 36 36 36.7 36.7 36.6 36.4 36.2 35.6 34.1 31.4 29.1 28.2 27.6 28 27.2 28.7 27.6 27.1
40.8 40.8 40.8 40.8 40.8 40.8 40.8 40.8 40.8 40.8 41.1 41.7 42.3 42.8 42.4 42 41.7 41.9 41.6 41.2 40.4 39.6 38.8 38.3 38 37.6 37.8 38 38.2 38.4 38.6 38.9 39.3 39.8 40.4 41 41.5 41.6 41.5 41.4 41.3 41.1 40.6 40.6 40.5 40.2 39.9 39.6 39.3 38.9 38.8 38.5 38 37.5 37.1 36.6 36 35.7 35.9 36 35.9 35.9 35.8 35.7 35.5 35.5 35.7 35.9 36.1 36.3 36.7 36.6 36.5 36.3 36 35.2 33.6 30.3 28 27.5 27.7 28.3 28 28.5 28.4 28.1
40.8 40.8 40.8 40.8 40.8 40.8 40.8 40.8 40.8 40.9 41.4 42 42.6 42.9 42.7 42.5 42.3 41.9 41.7 40.9 40.1 39.3 38.5 38.1 37.7 37.9 38.1 38.3 38.5 38.7 38.9 39.1 39.4 40 40.5 41.1 41.6 41.6 41.5 41.4 41.3 41.1 40.9 40.8 40.5 40.2 40 39.7 39.4 39.1 38.8 38.4 37.9 37.5 37 36.5 35.9 36.1 36.4 36.5 36.4 36.3 36.3 36 35.8 35.8 35.9 36.1 36.3 36.5 36.7 36.5 36.3 36.1 35.9 34.8 33.1 29.1 27.7 28 28.4 28.7 28.5 28.5 28.4 28.3
40.8 40.8 40.8 40.8 40.8 40.8 40.8 40.9 41.2 41.3 41.7 42.3 42.9 43 42.9 42.6 42.4 42.1 41.6 40.8 40 39.2 38.6 38.1 38 38.2 38.4 38.6 38.8 39.1 39.3 39.5 39.6 40.1 40.7 41.2 41.7 41.6 41.5 41.3 41.2 41.1 41 40.7 40.5 40.2 40 39.8 39.5 39.2 38.7 38.3 37.8 37.4 36.9 36.4 36.3 36.6 36.8 37 36.9 36.8 36.6 36.3 36.1 36 36.2 36.4 36.5 36.7 36.8 36.4 36.2 35.9 35.7 34.4 32.6 28.4 27.8 28 28.2 28.5 28.6 28.5 28.4 28.3
40.8 40.8 40.8 40.8 40.8 40.9 41.4 41.8 41.9 41.9 42 42.5 43.1 43.1 42.9 42.8 42.5 42.2 41.6 40.8 40.1 39.3 38.8 38.2 38.7 38.6 38.8 39 39.2 39.4 39.6 39.8 39.8 40.1 40.7 41.3 41.8 41.5 41.3 41.2 41.1 41 40.9 40.4 40.4 40.2 39.9 39.7 39.4 38.9 38.5 38 37.6 37.1 36.7 36.6 36.8 37 37.2 37.4 37.3 37.1 36.9 36.6 36.4 36.3 36.4 36.6 36.8 37 36.8 36.4 36.1 35.8 35.6 33.8 30.8 27.9 27.8 28.1 28.3 28.6 28.7 28.5 28.4 28.3
41.3 40.8 40.8 40.8 41.6 41.7 42.3 42.6 42.6 42.6 42.6 42.8 43.4 43.2 43 42.8 42.7 42.3 41.7 40.9 40.1 39.5 39 38.4 39 39.5 39.4 39.4 39.6 39.8 40 40 40.1 40.2 40.8 41.2 41.9 41.6 41.3 41.1 41 40.8 40.7 40.6 40.3 40.1 39.9 39.6 39 38.5 38.1 37.6 37.2 36.8 36.8 37 37.2 37.4 37.7 37.8 37.6 37.4 37.2 36.9 36.7 36.5 36.7 36.8 37 37.1 36.8 36.4 36.1 35.8 33.8 31.9 28.8 27.7 27.9 28.1 28.4 28.6 28.7 28.5 28.4 28.3
42.1 41.2 41 41.6 42.5 42.9 43.1 43.3 43.3 43.3 43.4 43.4 43.4 43.3 43.1 42.9 42.8 42.4 41.7 40.9 40.3 39.7 39.1 38.5 39.3 40.2 40.3 40.1 40 40.2 40.2 40.3 40.4 40.4 40.7 41.1 41.9 41.8 41.5 41.2 40.9 40.7 40.6 40.5 40.2 40 39.8 39.2 38.7 38.1 37.7 37.2 37.1 37.1 37.2 37.5 37.7 37.9 38.1 37.8 37.6 37.7 37.5 37.3 37 36.8 36.9 37.1 37.3 37.1 36.7 36.4 35.9 33.9 31.9 30 28.4 27.7 27.9 28.1 28.4 28.6 28.7 28.5 28.4 28.6
42.6 41.8 41.6 41.9 42.7 43.2 43.5 43.6 43.6 43.6 43.6 43.5 43.3 43.1 42.9 42.7 42.6 42.3 41.5 40.6 40 39.5 39.1 38.7 39.6 40.5 41.1 41 40.8 40.5 40.3 40.3 40.3 40.4 40.6 41 41.9 41.9 41.6 41.3 41 40.7 40.5 40.3 40.1 39.9 39.4 38.9 38.3 37.7 37.3 37.4 37.4 37.5 37.7 37.9 38.1 38.3 38.1 37.9 37.7 37.6 37.7 37.6 37.3 37.1 37.1 37.3 37.5 37.1 36.7 36.4 36 34.9 32.9 30.7 27.9 27.7 28 28.3 28.6 28.8 28.8 28.6 28.5 28.8
42.9 42.7 42.6 42.5 42.9 43.4 43.5 43.6 43.7 43.7 43.6 43.4 43.1 42.8 42.6 42.5 42.3 42.1 41.3 40.2 39.5 39.1 38.9 39 39.7 40.6 41.6 41.4 41.2 41 40.7 40.4 40.2 40.3 40.5 41 41.9 42 41.7 41.5 41.2 40.9 40.6 40.3 40.1 39.6 39 38.6 38.1 37.7 37.7 37.7 37.8 37.8 38.1 38.3 38.6 38.4 38.2 38 37.8 37.5 37.6 37.6 37.6 37.4 37.4 37.6 37.5 37.1 36.7 36.3 36 35 33.7 30.8 28.2 27.8 28.1 28.5 28.7 28.9 28.8 28.7 28.8 29
43.9 43.7 43.6 43.5 43.4 43.4 43.5 43.6 43.7 43.7 43.5 43.2 42.9 42.5 42.3 42.2 42 41.9 40.9 39.8 39 39.1 39.2 39.4 39.7 40.7 41.5 41.4 41.1 40.9 40.7 40.5 40.4 40.3 40.3 41 41.9 42.2 41.9 41.6 41.3 41 40.7 40.5 40.5 39.8 39.3 38.9 38.5 38.2 38 38 38.1 38.3 38.6 38.8 38.7 38.5 38.3 38.1 37.8 37.6 37.4 37.5 37.6 37.7 37.7 37.8 37.4 37.1 36.7 36.4 36 34.8 33.6 29.9 28.7 28.4 28.5 28.6 28.9 29 29 28.9 29 29.2
44.8 44.8 44.8 44.6 44.5 44.1 43.8 43.6 43.5 43.2 42.8 42.4 42 41.7 42 41.8 41.7 40.8 39.8 39.3 39.5 39.5 39.6 39.7 39.9 40.7 41.4 41.3 41.1 40.8 40.6 40.5 40.7 40.7 40.4 41 41.9 42.3 42 41.7 41.4 41.2 41.2 41.1 40.9 40.4 39.7 39.3 39 38.7 38.4 38.4 38.4 38.8 39 39 38.8 38.6 38.4 38.1 37.9 37.7 37.4 37.4 37.5 37.6 37.7 37.7 37.5 37.2 36.8 36.5 35.9 34.6 33 29 28.7 29 28.9 28.9 29 29.1 29.1 29 29.2 29.4
45.5 45.3 45.1 45 45.1 44.5 43.8 43.3 42.8 42.5 42 41.6 41.2 40.8 41.6 41.4 40.5 39.9 39.6 39.8 40 40.2 40.2 40.3 40.3 40.6 41.3 41.2 41 40.7 40.7 40.9 41 41.1 40.8 41.3 41.9 42.5 42.2 41.9 41.8 41.6 41.4 41.1 40.8 40.2 39.8 39.6 39.5 39.3 39 38.7 38.8 39.2 39.2 39 38.8 38.6 38.4 38.2 38 37.8 37.5 37.3 37.3 37.5 37.6 37.6 37.5 37.2 36.9 36.5 35.7 34.5 32.4 28.6 28.6 28.6 28.9 28.9 29 29.2 29.3 29.2 29.4 29.6
