STL Generation/terr50_gagg_gb/data/TM16.asc
ncols 200
nrows 200
xllcorner 610000
yllcorner 260000
cellsize 50
[rows 114 to 151 of 200, columns 86 to 171 of 200]
62 62 62.2 62.4 62.8 62.7 62.5 62.3 62.1 61.9 61.8 61.6 61.4 61.2 61.1 61.1 61.1 61 60.9 60.8 60.6 60.3 60.2 59.9 59.7 59.4 58.5 57.7 57.1 56.7 56.8 56.9 56.7 56.6 56.4 56.4 56.5 56.5 56.5 56.6 56.6 56.4 56.2 56.1 56.3 56.4 56.2 56 55.8 55.6 55.4 55.1 53.8 52.5 51.2 49.9 48.7 47.1 45.9 46.3 46.5 46 45.2 44.3 41.8 40.2 40.2 41.9 47.1 52 55.3 56 56 56 56 56.1 56.1 56.1 55.2 54.1 53.4 53.8 54.2 54.8 54 54.2
62 62.3 63 62.9 62.8 62.6 62.4 62.2 62 61.9 61.7 61.5 61.3 61.1 60.9 60.8 60.8 60.7 60.6 60.5 60.3 60.1 59.9 59.6 59.3 59.1 58.2 57.3 56.7 56.2 56.3 56.4 56.4 56.2 56 56.1 56.1 56.1 56.2 56.2 56.2 56.1 55.7 55.7 55.8 56.2 56.1 55.9 55.7 55.5 55.3 55 53.7 52.4 51.1 49.8 48.8 46.8 45 44.4 44.4 44.4 43.5 42.6 41.3 39 38.6 42.7 47.3 51.9 54.9 55.9 55.8 55.7 55.7 55.6 55.5 55.4 55 53.8 53 52.4 52.8 54.1 54.2 54.1
63.1 63.2 63 62.9 62.7 62.5 62.3 62.1 62 61.8 61.6 61.4 61.2 61 60.8 60.6 60.4 60.4 60.2 60.1 59.9 59.7 59.6 59.3 59 58.7 57.9 57 56.3 55.7 55.8 55.9 56 55.8 55.7 55.7 55.7 55.8 55.8 55.8 55.4 55 55.2 55.2 55.2 55.6 56 55.8 55.7 55.5 55.3 54.9 53.6 52.3 51.1 50.5 49.4 47.5 45.1 43.2 42.2 42.3 41.8 40.9 40 38.4 40.7 44.5 48.7 51.2 53.6 54 53.8 53.8 53.7 53.6 53.5 53.4 53.1 52.2 51.8 51.4 51.5 52.2 53.6 54.1
63.3 63.1 63 62.8 62.6 62.4 62.2 62.1 61.9 61.7 61.5 61.3 61.1 60.9 60.7 60.5 60 59.5 59.3 59.1 58.8 58.5 58.9 59 58.7 58.4 57.6 56.8 55.9 55.2 55.3 55.4 55.5 55.5 55.3 55.3 55.3 55.4 55.3 54.8 54.3 53.6 53.9 54.5 54.9 55.2 55.8 55.7 55.6 55.4 55.3 54.8 53.5 52.9 52.3 51.3 50.2 48.3 45.3 42.6 40.5 40.1 39.9 39.2 37.3 39.6 43.3 47.1 50.9 50.8 52.1 52.4 51.9 51.8 51.7 51.6 51.5 51.4 50.6 49.8 49.2 49.6 50 50.5 52.2 54.1
63.3 63.1 62.9 62.7 62.5 62.3 62.2 62 61.8 61.6 61.4 61.2 61.1 60.8 60.4 59.9 59.5 58.8 58.3 58 57.7 57.4 57.7 58 58.2 58.1 57.4 56.5 55.6 54.8 54.8 54.9 55 55 54.9 54.9 55 54.7 54.2 53.7 53.2 52.5 52.2 52.8 54.4 55.2 55.5 55.7 55.5 55.4 55.3 55.1 54.6 54.1 53.3 51.7 50.9 48.2 45.3 42.6 40.3 38.8 38.5 36.3 40.1 43.1 46.1 49.2 50.8 50.9 50.7 50.7 50.3 49.9 49.7 49.6 50.1 50.6 50.2 49.9 49.4 49 49.3 52.3 53.3 54.2
63 62.9 62.8 62.6 62.4 62.3 62.1 61.9 61.7 61.5 61.4 61.2 61 60.3 59.8 59.4 58.9 58.2 57.4 56.9 56.6 56.3 56.5 56.9 57.2 57.6 57.2 56.2 55.3 54.4 54.3 54.4 54.5 54.5 54.6 54.6 54.1 53.6 53.1 52.6 52.1 51.4 51 52.6 54.3 55.4 55.7 55.5 55.5 55.8 55.7 55.5 55.1 54.8 53.7 52 50.3 48 45.3 42.5 40.1 38.9 38.2 41.1 41.7 43.3 46.2 49 50.4 50.4 48.9 48.1 47.8 47.5 48.1 49 49.5 49.8 49.5 49.2 49.1 50.5 51.9 53.9 54.8 55.6
62.6 62.5 62.4 62.3 62.1 62.1 62 61.8 61.7 61.5 61.3 61.2 60.9 60.1 59.3 58.9 58.2 57.4 56.5 55.8 55.5 55.2 55.3 55.7 56 57.1 56.6 56 55.1 54.1 53.8 53.9 53.9 53.8 53.8 53.5 53.1 52.6 52 51.5 51 50.8 52.2 52.8 54.2 55.6 55.8 55.4 55.1 55 55.3 55 54.4 53.8 52.8 51.3 49.5 47.3 44.4 42 40 38.9 38.8 42.5 43.2 43.6 45.2 48 48.1 47.1 45.8 44.8 44.7 44.1 46.1 47.5 48.7 49 49.2 49.5 51.2 53 54.4 55 55.3 55.7
62.1 62 61.9 61.8 61.7 61.8 61.8 61.7 61.5 61.4 61.2 61 60.6 59.9 59 58.3 57.4 56.6 55.7 54.9 54.3 54.1 54.2 54.5 55.1 56.5 56.1 55.5 55.6 54.2 52.5 51.1 50.5 51.7 52.9 52.5 51.7 51.3 50.9 50.5 50.5 51.9 53.3 54.1 54.5 55.8 55.7 55.4 54.6 53.5 52.9 52.9 52.8 52.7 51.4 49.9 48.3 46.5 43.8 41.6 39.4 38.3 40.1 43.6 44.8 45.2 45.6 46.4 45.1 44 44 44 45.2 46.2 46.5 48 49.4 50.2 49.9 51.4 53.8 55.5 55.5 55.4 55.4 55.7
61.7 61.6 61.5 61.4 61.2 61.4 61.5 61.4 61.3 61.2 61 60.6 60.2 59.7 58.9 58.2 57.2 56.3 55.4 54.5 54.4 54.3 54.2 54.1 54.2 55.7 55.9 55.7 55 53.7 52 50.2 48.8 50.2 51.6 51.8 50.8 49.9 49.6 50.4 51.2 52.4 54.3 55.5 55.7 55.7 55 54.2 53.5 52 50.5 50.5 50.4 50.8 49.3 48.4 46.9 45.3 43.4 41.3 39.3 37.5 39.6 44.2 46 46 46 44.3 43.4 44 44.1 44.6 47 48.4 48.2 49.6 50.9 52.1 51.2 53.3 55.5 56.1 55.8 55.7 55.8 55.9
61.3 61.1 61 60.9 60.8 60.9 61.3 61.2 61.1 60.8 60.3 59.7 59.3 58.9 59.1 58.5 57.3 56.4 55.5 55.2 54.9 54.7 54.5 53.7 53.2 53.1 53.7 54.8 53.9 52.8 51.5 49.8 47.2 48.5 49.6 49.8 49 47.2 49.4 51.1 52 53 54.2 54.8 54.5 54.5 53.9 53.1 52 50.4 48.8 48.1 48.4 48.7 46.8 46.3 44.7 42.6 42.5 41.3 39.6 38.3 39.8 43.5 44.8 46 44 42.9 43.4 44 44.8 47.3 49.3 50.1 49.8 51.1 52.3 53.5 53.9 54.2 56 56.3 56.1 56 56.1 56.2
60.9 60.7 60.6 60.5 60.3 60.5 61.1 60.8 60.3 59.7 59.3 58.6 58 58.1 58.6 58.7 57.6 56.5 56.1 55.7 55.1 54.4 53.7 52.6 51.3 50.9 51 52.6 51.9 51.1 50.2 48.9 46.3 46.9 47.3 47.8 48 44.4 46.8 49.7 51.9 51.9 52.2 52.9 52.8 52.8 52.7 52 50.4 48.8 47.4 45.2 45.6 45.4 43.7 42.2 41.1 40.4 40.6 40.1 38.9 36.9 40.3 43 44.6 43.4 41.1 41.6 42.5 44.7 47.7 50 51.3 51.7 51.7 52.5 53.6 54.4 54.7 55.4 56.1 56.4 56.6 56.4 56.5 56.6
60.5 60.3 60.1 60 59.8 59.7 60 59.7 59.1 58.6 58.3 57.6 57.1 57.5 57.9 57.5 57.2 56.5 55.8 55.1 54.3 53.6 52.9 51.9 50.4 49 49.7 50.3 49.5 48.6 47.7 46.7 45.3 44.8 45.3 45.9 46.4 44.2 48.3 49.8 50.6 50.4 50.3 50.2 50.1 50.2 50.3 50.6 49.4 48.1 46.2 44.1 44.2 42.8 41.5 40.2 39 38.6 38.8 38.9 37.7 37.1 41.1 41.7 42.3 40.5 39.1 41.5 45.3 48.1 50.9 51.4 52 52.8 53.4 54 54 53.5 53.5 54.3 56.1 56.4 56.7 56.7 56.8 56.9
61 60.1 59.1 58.8 58.4 58.3 58.5 58.4 58 57.5 57.3 56.7 56.6 56.9 56.7 56.3 55.9 55.3 55 54.3 53.5 52.7 52 50.9 49.8 49.3 49.2 48.9 47.9 46.5 45.3 44.3 44 44.1 44.2 44.2 44.5 45.9 46.5 47.5 47.3 47.3 46.8 45.9 46 46.8 47.1 47.6 47.7 46.5 45.3 43.8 42.4 40.8 39.5 38.3 37.6 36.7 36.8 37 36.1 37.7 40.9 41 40.9 39.1 39.6 43 46.7 50.1 51.4 51.9 52.4 53.1 53.1 52.9 52.8 52.4 52.3 54 56.1 56.3 56.6 56.6 56.8 56.7
60 59.6 58.3 57.5 57.2 57.1 57.1 57 56.8 56.5 56.3 56.1 56 55.8 55.5 55.1 54.3 53.6 53.7 53.5 52.6 51.8 50.7 49.4 48.4 48.7 47.8 47.5 46.9 45.5 44 44 44 44.1 44.1 44 44 44 44.1 44.4 44 44 44 44 43.6 43.4 43.7 44.2 44.5 43.5 42.4 42 40.6 39.1 38.4 37.7 37 36.1 35.8 35.3 35.6 38.4 40.7 40.2 39.6 39.3 40.4 44 47.5 50.1 51.2 51.8 52.3 52.2 51.7 51.5 51.4 51.2 51.2 53.6 56 56.1 56 56 56.2 56.4
58.7 58.4 57.6 56.5 56.2 56 55.9 55.7 55.5 55.4 55.2 55 54.7 54.5 54.2 53.6 52.7 52 52 52 51.5 50.4 49.1 47.8 47.3 48.5 48.4 47.6 46.5 45.4 45.7 45.9 45.7 44.9 44 44 44 44 44 44 44 44 44 44 44 42.9 41.7 40.4 40.5 39.9 39.7 39.6 38.9 38.9 38.2 37.7 37.8 37.5 36.8 35.8 35.9 38.3 39 38.2 37.5 39.2 40.5 44.3 47.5 49.2 50.4 51.2 51.5 51.5 50.8 50 49.8 49.4 50 52.5 54.8 55.2 55.4 55.4 55.6 55.8
57.3 57 56.7 56 55.6 55.3 54.9 54.7 54.5 54.2 54 53.7 53.4 53.1 52.9 52 51.1 50.3 50.3 50.1 49.5 48.4 47.4 46.5 46.7 47.9 49 48.6 48.1 47.8 48 48.2 48.3 47.4 46.4 45.4 44.2 44 44 44 44 44 44 44 43.9 43.3 41.2 39.8 39.2 38.9 38 37.5 38.6 39.4 39.5 39.6 39.8 38.6 37.3 36.3 35.5 36.7 37.4 36.4 35.6 37.5 40.3 43.3 45.2 47.2 48.5 49.2 49.9 50 48 47.2 47 46.4 48.3 51.1 53.3 53.7 54.1 54.2 55 55.4
56.2 55.9 55.6 55.4 54.8 54.5 54.1 53.7 53.4 53 52.7 52.5 52 51.7 51.2 50.2 49.4 48.7 48.4 48 47.5 47.3 47.9 47.8 47.8 48.1 49.2 49.9 49.4 49.9 50.1 50.3 50.4 49.5 48.5 47.3 46.6 45.7 45.4 45.3 45.3 44.8 44 44 44 43.7 42.1 42 40.7 39.5 39.2 40 41.2 42.5 42.4 42.4 41.2 39.4 37.7 36.1 35 35.3 35.7 35.1 34.8 36.6 39.3 40.8 42.1 44.2 46.4 47.2 47.2 46 44.2 44.3 44.2 44.7 47.2 49.8 51.7 51.3 50.9 51.5 52.9 53.7
55.3 55 54.8 54.8 54.2 53.7 53.3 52.8 52.3 51.8 51.5 51.3 50.7 50.4 49.6 48.7 48.9 48.7 48.6 48.4 48.7 49.3 49 49.6 49.7 48.3 49.4 50.4 51.2 51.9 52.1 52.3 52.3 51.5 50.5 49.7 48.9 48.6 49.1 48.6 48.1 47.1 45.7 44.3 44.1 44.3 44.2 44.7 43.4 43 43.3 43.8 44.2 45.2 45.5 44.5 42.2 40.1 38.5 36.1 35.4 35.6 35.2 34.9 34.6 35.2 36 37.5 38.9 41.1 43.6 44.9 44.3 42.4 41.4 41.9 42 43.3 45.4 47.9 49.1 48.6 48.1 50.2 51.9 53.1
54.4 54.2 54.1 54.1 53.7 53 52.5 51.8 51.2 50.7 50.3 50.1 49.6 49.5 49.3 49.9 50.1 50 49.9 49.8 50.2 50.9 51.5 51.6 51.5 50 49.6 50.8 53.1 54 54 54 54 53.6 52.8 52 51.2 50.5 51.1 51.3 49.4 48.9 47.5 46.1 45.2 45.9 46.7 47.4 47.1 47.3 47.7 48.1 48.3 48.4 47.6 46.2 43.9 41.9 40.2 37.5 36.3 35.6 34.9 34.8 34.6 34.6 34.2 34.3 36.2 38.9 41.4 41.9 41 39.8 40.1 40.5 40.4 41.6 43.7 45.8 46.6 46.1 46.6 49 51.2 52.5
53.5 53.3 53.3 53.4 53.6 53.4 53.1 52.6 52.2 51.8 51.5 51.3 51.1 50.5 49.8 50.9 51.4 51.2 51.2 51.1 51.7 52.4 53 53.6 52.5 50.8 50.4 52.5 55.3 54.9 54.9 54.9 54.8 54.6 54.6 53.9 53.2 52.6 52.8 52.1 50.7 49.3 48.9 48.8 48.7 49.1 49.9 50.4 50.8 50.7 50.4 50.2 50.2 50.4 48.9 48 45.8 44.1 42.3 39.1 37.2 36.2 35.8 35.7 35 34.3 34.1 34 34.3 36.4 38.7 38.5 38.6 39 39.4 39.4 39.8 39.6 41.7 44.3 44.2 44.6 45.2 48.3 51 51.7
53.5 53.5 53.9 54.2 54.8 54.5 54.2 53.8 53.4 53.1 52.8 52.7 52.2 51.1 50.3 51.6 52.6 52.6 52.6 52.6 53.2 53.9 54.1 53.7 52.5 51.8 52.4 53.1 55.5 55.7 55.7 55.4 55.2 54.9 54.9 55.1 54.6 53.9 53.9 52.5 50 50.4 51.8 52.3 52.2 52.3 53 53.2 53.5 53 52.6 52.2 52 52 50.7 49.6 48 46.3 44 41.7 40.2 38.8 38 36.1 35.6 34.9 34.1 34 34.2 34.4 35.9 36.7 36 38.3 39.4 40.3 40.9 40.4 40.3 43.4 43.8 44.7 45.9 48.2 49.7 50.9
54.2 54.1 54.7 55.1 55.9 55.6 55.3 55 54.7 54.4 54.2 53.8 53.2 51.8 51 52.5 53.7 53.9 53.8 54.1 54.6 54.6 54.2 53.5 52.4 52.5 53.9 54.9 56 56.3 56 55.8 55.5 55.2 55 55.2 55.4 55.2 54.9 53 51.5 51.5 53.1 54 54.9 55.7 55.9 55.8 55.5 55 54.4 53.9 53 52.7 52 51 49.5 47.9 46 44 43.2 42 39.2 36.7 35.8 35 34.5 34.1 34.1 34.2 35.8 36.5 38.5 40.4 41.8 42.5 42.6 42.5 42.3 41.3 42.5 44.2 45.6 46.9 48.3 48
54.9 54.8 55.4 56.1 56.8 56.7 56.4 56.2 56 55.7 55.4 54.7 54 52.4 52.6 53.8 54.6 55 54.9 55.1 55.1 54.8 54.2 53.4 52.7 52.6 54.2 55.3 56.4 56.4 56.4 56.1 55.8 55.6 55.3 55.4 55.6 55.8 55.9 54.8 53.8 53.8 54.3 55.5 56.3 56.3 56.2 56.1 55.7 55.1 54.7 54.3 53.7 52.9 52 50.9 49.5 48.4 47.2 45.9 43.7 41.5 39.3 37.5 35.9 35 34.4 34.2 34.4 34.6 37.9 39.1 41.4 43.2 44.3 44.9 44.9 44.8 44.7 43.6 42.5 43 44.3 45.7 45.6 45.3
55.6 55.5 56 56.8 57.2 57.4 57.1 56.9 56.9 57 56.6 55.7 54.3 53.2 54 55.1 55.3 55.4 55.6 55.6 55.3 54.7 54.2 53.3 53 52.8 53.5 55.7 56.2 56.2 56.3 56.3 56.2 55.9 55.6 55.5 55.7 55.9 55.7 55 54.9 54.8 55.5 56.6 56.8 56.6 56.5 56.2 55.7 55.3 54.8 54 53.4 52.7 51.5 50 48.6 47.5 46.5 44.4 42.3 39.8 37.5 36.2 35.5 34.7 34.1 34.3 34.6 35.3 39.8 42 44.3 45.7 46.3 46.7 47.4 47.5 47 45.4 44 43.2 43 43.3 43.5 43.8
56.3 56.2 56.8 57.3 57.6 57.9 58 57.7 57.7 57.5 56.9 56.2 55.5 54.3 54.7 55.5 55.7 56 56.1 56.1 55.2 54.7 54.1 53.6 53.3 53 53.7 55.4 56.1 56.1 56.1 56.1 56.2 56.2 55.9 55.7 55.8 55.9 55.6 55.7 56 56.1 56 56.7 57.1 56.9 56.3 55.5 54.8 54.2 53.8 53.2 52.2 51.2 50.4 49 47.6 46 44.3 42.5 40.5 38 36.3 34.8 34.1 33.6 33.7 34.4 34.8 36.4 41.2 44.4 46.2 47.4 48.2 48.4 49.1 49.8 48.9 46.8 45.9 45.7 45.5 45.4 44.8 44.2
57.3 56.9 57.2 57.7 58.1 58.4 58.5 58.5 58.3 57.7 56.9 56.1 55.7 55.5 55.4 55.8 56.1 56.4 56.6 56.6 55.8 55.2 54.7 54.3 54 53.8 54.2 54.9 56 56 56 56 56 56 56.1 56 56 55.8 55.9 56.1 56.4 56.7 57 57.3 57.2 56.4 55.7 54.8 53.9 53.4 52.8 51.8 50.7 49.7 48.4 46.5 45.1 43.7 41.9 40 38.1 36.6 35 34 33.7 33.5 33.7 34.1 34.8 37.7 42.9 46 46 47.2 48.9 50 50.2 50.6 49.7 48.8 48.5 48.5 48.4 48.4 48 47.7
58.8 58.1 58.1 58.1 58.5 58.8 58.9 58.9 58.5 57.7 56.9 56 55.2 55.5 55.9 56.2 56.5 56.8 57 57 56.7 56.3 55.9 55.5 55 55 55.1 55.1 55.9 56 56 56 56 56 56 56 56.1 56.2 56.2 56.4 56.7 57 57.3 57.3 56.6 55.8 55 54.1 53.2 52.5 52 50.6 49.2 48.2 46.5 44.8 43 41.5 40 38.3 37 35.3 33.9 33.6 33.6 33.7 33.8 34.5 35 41.4 45.6 46 46 46.3 48 48.9 49.4 49.5 50 49.3 50.1 51 51 51 51.1 51.1
59.9 59.2 59.2 59.3 59.4 59.2 59.1 59 58.5 57.7 56.9 56 55.2 55.1 56.2 56.6 56.9 57.2 57.4 57.3 56.9 56.5 56.1 55.7 55.3 55.2 55.4 55.6 55.6 55.9 55.9 55.9 55.9 55.8 55.8 55.7 56.1 56.5 56.5 56.7 57 57.4 57.1 56.8 56.2 55.1 54.3 53.4 52.5 51.7 50.9 49.5 48.3 46.6 45 43.2 41.6 39.7 38.1 36.9 35.9 34.3 33.8 34.7 34.1 33.9 34 34.5 37.5 42.1 43.9 44.8 45.5 46 46.8 47 47.1 47.1 47.1 47.6 50.6 51 51 51 51.6 51.9
61 60.3 60.3 60.6 60.3 59.7 59.3 59.1 58.7 57.9 57.1 56.2 56 55.8 56.2 57 57.3 57.6 57.9 57.5 57.1 56.7 56.3 55.9 55.6 55.3 55.5 55.7 55.9 55.7 55.6 55.7 55.6 55.6 55.5 55.6 56.1 56.7 56.8 57.1 57.2 56.9 56.6 56.3 55.8 54.4 53.6 52.7 51.8 50.9 49.8 49.5 47.5 45.3 43.5 42.2 40.7 38.7 36.3 35.9 35 35.1 36.7 35.9 34.7 34.1 34.1 34.6 38.1 40.7 42.2 43.2 43.9 44.4 44.5 44.6 44.7 44.7 44.6 44.6 47.6 50.3 50.7 51.2 51.8 51.9
61.6 61.1 60.8 60.8 60.8 60.1 59.7 59.4 58.9 58.1 57.3 57.1 56.9 56.7 56.6 57.2 57.7 58 58.3 57.8 57.3 56.9 56.5 56.2 55.9 55.6 55.6 55.8 55.8 55.3 55 54.7 54.9 55 55.1 55.6 56.2 56.7 57.1 57 56.7 56.4 56.1 55.9 55.5 54 52.7 51.7 50.8 50.3 50.4 48.2 45.9 43.9 42.6 41.3 40 37.6 35.8 35.3 36.4 39.2 39.1 36.5 34.9 34.3 34.4 34.8 36.2 39.4 40.6 41.6 42 42.1 42.1 42.2 42.3 42.3 42.4 43 44.3 47.4 49.4 51 49.8 49.7
61.9 61.5 61.2 60.8 60.6 60.4 60 59.6 59.1 58.4 58.2 58 57.8 57.6 57.5 57.4 58.1 58.4 58.6 58 57.5 57.1 56.7 56.4 56.2 55.9 55.7 55.9 55 55 54.7 54.4 54 54.1 55 55.5 56 56.5 56.7 56.2 55.9 55.6 55.3 55 54.4 52.4 51 50.2 50 49.9 48.6 46.6 44.5 42.9 41.6 39.6 37.9 36.3 35.5 38.4 40.7 41.6 40.9 37.7 34.6 34.1 34 34.3 34.9 37.1 38.8 39.5 39.7 39.9 39.8 39.9 39.9 40.1 40.4 40 41.2 44.1 45.7 47 47.6 47.5
62.3 62 61.6 61.2 60.9 60.6 60.3 59.8 59.5 59.3 59.1 58.9 58.7 58.5 58.4 58.3 58.3 58.8 58.9 58.3 57.7 57.3 57 56.7 56.4 56.2 55.9 55.8 54.4 54.7 54.3 54.1 54 54 54.9 55.6 55.9 56.3 56 55.3 55 54.7 54.4 53.8 53 51 49.1 47.7 47.2 47.5 46.3 44.7 43.3 42 40.6 39.2 37.9 36.2 38.1 41 42.7 43.3 41.7 39.1 36.5 34.8 33.4 34.2 34.3 34.4 36.2 37.1 37.4 37.6 37.5 37.5 37.4 37 36.7 36.3 37.8 39.8 41.6 42.7 43.7 44.7
62.8 62.4 62 61.6 61.3 60.9 60.7 60.2 60.1 60 59.9 59.8 59.6 59.4 59.2 59.2 59.1 59.2 59.1 58.5 58 57.5 57.2 57 56.7 56.4 56.2 55.1 54 53.9 53.4 52.9 52.4 53.5 54.5 55.6 55.8 55.9 55.3 54.4 54.1 53.8 53.3 52.5 51.6 50.5 48.6 46 44.1 45.1 44.2 42.9 41.5 40.7 39.9 39.2 37.8 37.7 40.4 43 44.5 42.7 41.2 40.1 37.9 35.3 34.7 35.1 34.7 34.4 33.8 34.6 35 35.6 34.9 34.7 35.7 35.4 35 34 33.9 35.3 37.4 39 41.6 42
62.9 62.6 62.3 62 61.7 61.3 61 60.8 60.7 60.7 60.6 60.5 60.4 60.3 60.1 60 59.9 59.8 59.3 58.8 58.2 57.8 57.5 56.7 56.1 55.6 55.2 53.9 53.1 52.4 52.1 51.6 51.6 52.4 54.1 55 55.3 55 54.3 53.7 53.1 52.7 51.9 51.4 50.9 50.7 48.4 46.1 44 43.3 42.5 41.2 39.8 38.8 38.1 37.2 37.3 40 42.2 44.1 44.5 42.2 40.3 39.5 37.5 36.2 35.9 35.5 35.1 34.6 34 33.2 33.6 34.7 33.4 32.6 33.6 34 32.9 32.7 32.3 33.4 34.8 36.2 38.5 40
62.5 62.2 62 61.7 61.4 61.1 60.9 61 61 61 61 61 61 61 61 60.9 60.8 60.5 59.6 58.9 58.3 57.3 56.9 56.6 56.4 56.1 55.5 54.2 53.3 52.3 51.4 50.5 50.1 51.3 53.8 54.5 55 54.8 54 53.1 52.1 51.3 50.8 50.2 49.7 48.6 46.8 44.4 42.5 41.5 40.6 39.5 38 36.9 37.8 37.7 38.7 42.2 42.7 44.3 44.8 42.6 41.1 39.8 39.6 38.6 37.2 35.8 35.3 34.8 34.2 33.6 33.5 34.1 33.4 33.2 33.3 34.1 33.4 33.2 32.7 32 33 34 34.8 36.7
62.1 61.9 61.6 61.3 61 60.6 61 61 61 60.8 60.9 61 61 61 61 61 61 60.8 60 59.1 58.4 57.8 57.4 57.1 56.9 56.6 55.8 54.5 53.6 52.6 51.7 50.7 49.1 49.8 52.5 54.2 54.7 54.5 53.8 53 51.4 49 47.5 47 46.7 45.9 45 42.9 41.1 39.7 38.9 38.6 37.7 37.4 38 38.6 41.1 44.4 44.9 45.4 45.2 43.5 42.1 41.4 41 40.7 39 37.3 36.1 35.9 35.5 34.4 34 34.2 33.9 33.9 33.9 34.1 33.9 33.8 33.1 32.1 31.1 31.9 32.7 34.8
61.8 61.5 61.2 60.9 60.4 60.6 61 61 60.9 60.5 60.8 61 61 61 61 61 61 60.9 60.3 59.6 59.2 58.6 58.2 57.7 57.4 57.1 56 54.8 53.9 52.9 51.8 50.1 48.3 48.9 51.2 53.4 54.1 53.9 53.4 52.9 50.8 48.4 45.9 44 44.7 43.8 42.7 41.5 39.7 38.9 38.4 38.1 38.1 38.4 39.1 41 43.7 46.2 46.5 46.7 45.5 44.3 43.5 43.4 42.6 42.3 40.7 39.2 38.8 38.4 38 37.2 36.1 34.9 34.6 34.7 34.7 34.8 34.5 34.3 33 31.7 30.4 29.5 30.7 32.8
61.4 61.1 60.7 60.3 60.2 60.8 61 61 60.5 60.4 60.7 60.9 61 61 61 61 61 61 60.3 60.2 59.7 59.2 58.9 58.6 58.1 57.6 56.3 55.1 54.2 52.9 51.1 49.4 48 47.3 49.5 51.9 53.1 52.7 52.2 51.6 50.9 48.4 45.6 42.9 43 41.6 41.2 40 39 38.9 38.4 39.5 40.3 40.3 41 43.5 45.8 47 47.6 47.6 46.5 45.6 45.6 45.5 45 43.9 42.5 41.9 41.5 41 40.6 40.2 39.6 38.5 37.1 35.8 35.7 35.6 35.3 34 32.7 31.4 30.2 29.3 29 31.1
