STL Generation/terr50_gagg_gb/data/TQ25.asc
ncols 200
nrows 200
xllcorner 520000
yllcorner 150000
cellsize 50
[rows 105 to 139 of 200, columns 78 to 155 of 200]
161.4 161 159.8 155.9 150 152.8 153.6 156.6 159.5 160.5 161.3 161.8 159.3 159.6 159.8 158.4 156.2 152.1 146.8 144.9 150.4 155.5 159.4 161.3 161.4 161.6 161.1 158.5 155.8 150.6 145.9 152.2 156.3 155.7 152.4 149.1 154.3 159 160.5 162 160.2 158.3 152.4 147.9 151.4 152.3 152.9 157.6 160.8 163.1 164.2 165.2 164 162.4 157.4 152.1 158 161.8 163.5 165.7 168 170.4 172.9 174.8 176.6 178.3 179.2 180.1 180.8 180.6 179.1 174.9 171 168.5 165.9 163.4 161.3 159.2
162.1 161.6 158.9 152.6 149.7 154.2 157.7 158.4 160.4 161.2 162.9 163.2 158.8 161.9 160.4 158.9 155.6 150.9 146.2 147.8 154 159.4 161.3 162.3 162.3 162 162 159.4 155.1 149.3 148.4 154.3 157.6 157.8 154.9 151 155.1 159.1 161.8 162.6 160.5 157.4 151.1 152.8 155.3 156.7 156.4 158.6 161.1 163.9 165.1 166.1 164.7 162.3 159.4 154.2 159.5 162.6 165.2 167.9 168.9 171 173.4 175.4 177.3 179.2 180.4 181.1 181.2 180.2 178.6 174 169.5 167.6 165.2 162.2 159.9 158.6
162.8 161.3 157.5 153 154.3 157.9 159.6 159 161.2 162.9 164.6 164.5 162.9 162.8 161.8 159.9 155.3 150.3 147.9 152.8 157.3 161.5 162.7 163.2 163.2 162.9 162.7 159.5 153.9 148 151.7 156.7 161 159.4 156.4 153.5 155.1 159.1 163.1 163.1 160.4 154.9 152.7 156.4 159.4 159.7 158.6 160.5 162.9 164.8 165.7 166.6 166.6 164.1 161 156.2 159.2 163.2 167 169.7 170.4 172.5 174 176 177.9 180.1 181.3 181.8 181.5 180.2 179.8 176.1 170.4 167.5 164.9 162.3 159.8 159.3
163.2 161.7 157.6 154.1 157.6 161.4 162.2 161.1 163 164.7 165.8 165.8 165.8 161.1 161.8 158.4 154.9 148.4 151.8 155.5 159 162.4 163.8 164.1 164.1 164.3 162.8 159.4 152.7 150.1 154.8 159.5 161 159.6 157.3 153.9 158 161 164.1 162.7 158.9 154.4 155.6 159.4 162.4 162.5 161.5 163 164.6 165.5 166.4 166.9 167.3 166.1 162.1 158.6 159.3 163.4 168 170.2 172.8 174.7 175.8 177.8 179.8 181 181.7 182.5 182.1 181.7 181.2 180.3 174.4 169.5 165.9 162.8 160.2 162
163.3 160.2 156.2 156.2 160.4 164.6 164.4 163.1 164.7 166.2 166.8 166.8 166.4 160.7 161.5 157.8 153.3 149.7 153 156.7 160.3 164 165.4 165.5 165.2 165.8 162.7 158.1 151.7 153.8 159.2 162.8 162.8 161.4 157.8 156.2 160.9 164.2 165.2 164.1 158.1 154.6 157.8 161.9 164.6 164.7 164 165.1 166.4 167.3 168.2 168.3 168.3 168.1 164.8 161.3 161.6 165 168.9 170.8 174.2 176.1 179.3 180.4 181.4 182 182.6 183.4 182.9 182.4 181.8 179.9 175.6 170.3 166.9 164 160.9 164.7
162.5 158.5 155.8 158.8 163 166.2 165.5 165 166.1 167.3 167.7 167.8 166.8 165.7 160 156.9 151.2 153.5 156.1 158.7 162.1 165.7 167.2 166.9 166.6 166.1 161.2 156.3 151.1 156.9 162 164.7 164 162.9 157.9 158.4 162 166 166.1 165 159.5 157.6 161.1 165 166.7 166.6 165.9 166.9 168.2 169.1 170 170.3 170.3 169.6 168.7 165.4 161.7 166.9 169.6 172 175.2 176.3 180.4 181.7 182.8 183.3 183.7 184.3 183.9 182.1 180.3 178.2 174.7 170.3 166.6 163.5 162 166
161.6 158.8 158.8 161.7 165.3 167.3 167.2 167 167.6 168.2 168.5 167.7 165.1 162.3 160 154.1 152.7 156.8 160.1 162.6 165.1 167.7 168.3 168.2 167.5 166 162.1 156.7 153.7 158.6 163.1 166.2 165.1 163.6 159.4 159.9 164.7 167.3 166.4 165.4 159.1 159 163.7 167 168.1 168.4 167.9 168.8 170 170.9 171.9 172.2 171.8 171.1 171 168.7 164.5 166.8 170.1 173.4 175.8 178.7 181.3 183.1 184.2 184.7 185 185.1 183 181.3 179.3 176.9 173.6 169.9 165.9 163 162.5 166.3
162.3 159.5 160.4 163.7 167 168.2 168.3 168.4 168.9 168.8 169 167.4 165.1 162.5 160.2 152.4 156.7 160.5 163.2 165.4 167.5 168.8 169.3 168.8 167.9 165.9 163 157.9 155.9 162 166.3 166.3 166.3 164.3 159.2 162.4 166.5 167.7 166.5 165.3 160.1 160.5 165.7 168.5 169.5 169.7 169.9 170.8 171.7 172.8 173.7 174.1 173.7 173.7 173.3 170.9 167.1 167.4 171.6 174.9 177.3 179.7 182.2 184.4 185.5 185.9 185.9 185.3 182.8 180.5 179 176.3 172.9 169.2 165.1 161.8 162.9 166.1
159.1 159.7 163.2 166.5 169.1 169.5 169.6 169.7 170 169.7 168.5 166.9 165.2 162.6 160.8 159.6 158.5 162.7 165.1 167.2 169 169.7 170 169.7 168 165.9 163.8 159.8 159.2 164.6 166.4 166.4 166.2 162.9 159.9 164.4 167.3 168.5 167 165.6 161.1 162.7 167 169.8 170.5 171.2 171.7 172.6 173.6 174.6 175.5 175.7 175.4 175.6 175.1 172.6 169.5 169.4 173.4 176.3 178.6 181 183.4 185.7 186.1 186.3 186.1 185.5 183.1 180.8 178.9 174.9 171.5 165.6 161.3 158.3 161.4 165.6
159.7 163 166 168.6 170.5 170.7 170.9 171 171.1 170.6 169.4 167.3 165.2 163.4 161.7 160.3 161.1 164.4 166.6 168.7 170.1 170.4 170.7 170.3 168.1 166 163.9 161.5 162.6 166 167.6 167.5 167.1 162.5 162.2 165.3 168.3 169.9 168.6 167 162.7 163.4 169 171.3 172.5 173.1 173.3 174.3 175.3 176.3 176.9 176.9 176.7 176.3 176 173.8 171.9 171.8 175 177.4 179.7 182 184.4 186 186.3 186.6 186.5 185.2 183.4 181.7 178.2 173.4 166.7 159.2 156 160 165.1 168.4
161 165.1 168 170.2 171 171.8 172.1 172 171.6 171.3 170.4 168.2 166.1 164.5 163.1 161.5 162 164.6 166.9 169.2 170.9 171.4 171.7 171.1 169.2 166.5 164.7 165 165.7 167.7 169.3 168.9 167 163.7 164.1 166.8 169.5 171.1 170.7 168 164.5 164.6 171 172.4 174.1 174.8 175 176 177 178 178 178 178 177.7 177.9 175.7 173.4 173.1 176.1 179.1 180.9 183 185.4 186.1 186.4 186.8 185.9 184.6 182.9 180.6 176.7 170.2 159 152.4 155.2 163.3 169.1 171.4
164.9 165.9 169.5 170.6 171.5 172.4 173.1 172.2 171.8 171.4 170.8 168.4 165.8 164.1 162.4 162.4 162.9 164.8 167.2 169.5 171.6 172.3 172.2 171.2 169.4 166.6 165 167.1 168.2 170.1 171.1 170 167 164.5 166.7 168.6 170.8 172 171.8 169.5 166.1 164.9 170.4 172.4 174.4 175.5 176.7 177.7 178.7 179.1 179.1 179.1 179.1 179.1 179.6 177.6 175.1 174.5 177.4 180.4 182.6 184.4 186 186.4 186.8 186.7 185.3 183.9 182.3 178.8 175 163.4 151 146.4 156.6 165.7 171.5 174.1
165.3 166.2 169.3 171.6 172.6 173.4 174 172.7 171.8 171.4 170.8 168.2 165.5 163.3 163.6 164.4 164.4 165.6 167.9 170.1 172.3 172.8 172.3 171.1 169.7 166.8 164 165.8 170 171 171.7 170 167.1 167.5 169.7 171.4 172.7 173.3 173 171 167.4 165.8 170.2 172.6 174 176.6 178.3 179.3 180.2 180.5 180.5 180.6 180.6 180.7 180.3 178.4 175.2 176.3 179 181.8 184 185.7 186.6 186.8 187.2 186.1 184.7 183.3 180.8 176.9 171.4 156.4 142.4 144.2 158.1 165.8 172.1 175.5
167.3 165.7 169 172.3 173.6 174.2 174.8 173.7 172.4 171.4 170.4 168.4 165.6 164.3 166.3 166.9 166.9 166.9 169 171.2 173 173.5 172.8 171.5 169.8 166.7 163.8 168.1 171 172 172.6 170.7 167.4 170.1 171.5 172.7 174 174.9 174.4 172.4 169 166.9 169.8 172.7 175.1 177.7 179.9 180.3 181.4 182.1 182.5 182.6 182.7 182.1 181.1 178.5 175.3 178 180.8 183.5 185.2 186.8 187.2 187.3 186.9 185.4 183.9 182.5 178.8 174.5 166 153 138.8 142 155.1 163.1 169.6 174.6
169 166.7 169.6 172.6 173.8 174.9 175.4 174.1 173.1 172.2 170.5 169 169.1 168.8 170.4 170.3 169.4 168.4 170.4 172.8 173.6 174.1 173.1 171.7 169.3 164.1 166.3 170.7 172.6 173.2 173.5 171.3 168.9 172.6 173.7 174.6 175.4 175.6 174.9 173.1 169.9 168.3 171.1 173.6 176.3 178.9 180.4 181.3 182.5 183.3 184 184.3 184 182.6 181.1 179 177.7 180.6 182.5 184.8 186.3 187.4 187 186.6 186.1 185.5 183.5 180.7 176.6 169.6 162.2 149.8 138.9 140.4 148.8 158.8 166.6 170.5
171.2 170.3 170.3 172.9 174.7 175.5 175.8 175 174.4 173.4 171.6 169.7 169.3 170.5 172.1 172.5 172 170.6 171.4 172.9 174.3 174.8 173.7 172 168.7 164 169.1 172.4 174.1 174.4 174.4 171.5 170.3 174 175.2 175.9 176.8 176.6 175.4 173.5 171.1 169.6 171.4 173.7 176.5 178.8 181 182.3 183.7 184.3 184.9 185.6 184.7 182.9 181.2 179.5 180.9 182.9 184.4 185.4 186.3 186.7 186.1 185.7 185.3 183.7 181 177.4 171.8 164.1 156 144.2 134.2 135 144 155.5 163.7 167.2
172.3 170.7 171.3 173.1 175.2 175.9 176 176 175.7 174.5 172.2 170.5 170.4 171.9 173.4 174.2 173 173.1 173.9 174.4 175 175.6 175.5 173.3 168 165.7 171 174.8 176.1 175.8 175.4 172.5 172.4 175.3 176.6 177.2 178.1 178.2 177.1 175.4 172 170.8 172.5 174 176.2 179.4 181.5 183.1 184.8 185.4 185.8 186.2 185.2 183.4 181.7 180.6 182.5 184.5 185.5 185.5 185.8 186.1 185.5 184.8 184.3 181.7 179.2 173.8 164.2 153.8 144.6 135.8 131.2 132.6 140.4 150.7 158.4 162.7
173.4 172.4 172.8 174.1 175.3 176.5 176.4 176.2 175.9 175.4 173.6 171.7 172.6 173.7 174.7 175.6 175.9 176 176.6 176.6 176.7 176.8 176.8 173.4 168 168.7 172.7 176 177.4 177 176.5 173.7 173.8 176.1 177.9 179.3 179.6 179.3 178.2 176.5 173 171.8 174.1 175.9 176.3 178.7 181 183.5 186 186.3 186.5 186.6 185.6 183.9 182.8 182.5 184.1 185.8 186.5 186.7 185.9 185.5 184.8 184 182.2 179.3 174.4 169.8 157.6 145.1 136.4 130.6 126.1 128.4 134.4 141.6 149.9 154.8
175 174 174.4 175.3 176.2 177 176.6 176.1 175.7 175.2 175 174 174 174.3 176 177 177.6 178.1 178.4 178.5 178.6 178.6 177.2 173.2 169.5 169 173.4 177.9 179.2 178.8 178.1 175.9 174 176.4 178.2 179.6 179.8 179.6 178.9 177.4 175.3 174.3 176.1 177.9 178.4 178.9 180.7 183.1 185.1 186 186.9 187.4 186.1 185.1 184.7 184.5 185.6 186.5 187.2 187 186.3 185 183.5 182.7 179.8 175.3 169.1 161.3 150.3 139 131.4 126.5 123.9 123.7 126.3 132.4 139.5 142.7
176.3 175.6 175.9 176.7 177.4 177.8 177.8 176.8 175.8 175.3 175.8 174.7 174.2 175 176.8 178.4 179 179.8 180.1 180.3 180.4 180.1 178.2 175.1 171.4 170.7 174.6 179.3 180.7 180.1 179.3 177.6 174.6 176.7 178.9 180 180.5 180.6 180 178.5 176.8 175.7 176.8 179.8 180.6 180.7 180.9 183.1 185.3 186.1 186.8 187.4 186.6 186.1 185.7 185.3 186 186.9 187 186.8 186.5 185.2 183.3 180.8 176 170.4 162.3 153.1 142.3 134.9 128.5 126.8 125.1 121.4 121 122.6 128.3 130.7
178 177.5 177.7 178.2 178.5 178.5 178.5 178.6 177.6 177.5 175.9 174.4 174.2 175.3 177.2 179.3 180.3 181.1 181.8 181.7 181.6 181.2 179.5 176.9 172.6 173.2 176.5 180.9 180.9 180.7 180.3 178.9 176.4 177.6 179.6 180.3 181.1 181.4 181.2 179.7 178.2 177.1 177.3 180.4 181.5 183 183.2 183.5 185.8 186.5 187 187.2 187.2 186.8 186.3 186 186.1 187 186.2 186.2 186 184.9 182.1 178.9 174 165.1 155.1 146.6 138.6 132.4 128.7 126.6 125.4 122.4 118.6 118.5 119.3 121.6
179.4 179.1 178.4 179.1 179.7 179.7 179.6 179.4 179.2 178.5 176.4 174.4 174.4 175.7 177.7 179.8 181.6 182.1 182.5 182.6 182.9 182.3 180.4 177.5 173.5 175.7 178.5 180.9 180.8 180.8 180.7 180.7 179.9 178.7 179.9 180.6 181.3 182.2 182.3 181 179.6 177.7 177.8 181 181.4 183.7 184.6 184.1 186.1 187.1 187.7 187.8 187.8 187.4 187 186.7 186.3 186.4 183.9 182.9 183.3 181.1 178.7 175.7 170.8 163 153.3 143.7 136.4 131.8 128.3 126.1 124.6 121.4 122.5 123.3 118.4 120.6
180.8 180.6 180.1 180.2 180.5 180.2 179.9 179.6 179.5 179.4 178 176.3 175.7 177.2 179.1 181.1 182.5 183 183.1 183.1 183.4 182.8 180.9 179.3 177.4 177.4 177.4 180.6 180.5 180.4 181.4 182.2 181.4 180.7 180.1 180.8 181.5 182.5 183.3 182.3 181 178.8 178.5 181.4 183.7 185.3 185.9 186.6 187.1 188.1 188.5 188.3 188.4 188.1 187.7 187.4 187 185.8 182.8 181.3 176.5 175 171.5 168.7 163.9 157.1 148.8 140.7 133.7 130.2 128.6 127.1 127.7 125.4 123.7 120.4 114.8 114.6
181.9 181.8 181.4 181.4 181.4 180.6 180.2 179.9 179.8 180.1 179.6 178.1 177.5 178.6 180.6 182 183.3 184.5 184.5 184.2 184.5 184 181.8 180.3 177.2 176 175.1 180.1 180.5 181.5 182.5 183.6 182.9 182.1 181.3 180.9 181.7 182.8 183.8 183.6 182.3 180.8 180.9 182.2 184.1 186.2 187.1 187.7 188.5 188.9 189.2 189.3 189 188.8 188.6 188.4 188.2 185.6 182.9 178.4 170.9 166.8 160.5 158.5 154.1 149 142.4 135 129.5 129.5 131.3 127.3 125.9 119.1 117.6 116.1 114.6 114.1
182.9 183 182.5 182.5 182.2 181.5 180.7 180.2 180.5 180.6 181.1 180.5 179.8 180.1 181.5 182.8 184.1 185.4 186 185.9 185.6 184.5 182.3 180.5 178.7 177.3 176.8 178.7 181.5 182.9 184 184.9 184.3 183.5 182.7 182 182.3 183.7 185.2 184.9 183.9 182.4 181.7 183 184.7 186.7 188 188.9 189.6 189.9 190 190.2 190.1 190.1 189.9 189.8 189.2 186.8 184.3 180.1 174.8 169.7 162.9 152.7 145.4 139.1 135.4 132.9 135.2 130.1 128.7 122.1 120.5 118.5 117.2 115.8 115.4 115.8
184 184.1 183.7 183.6 183 182.4 181.9 181.5 180.4 180.7 181.9 182.3 182.1 182 182.9 184.1 185.2 185.9 186.2 186.6 186.4 185.9 184.4 182.7 181.4 180 178.7 179.7 181.3 183.5 184.6 185.4 185.5 184.9 184.2 183.4 183.2 184.7 186.3 186.1 185.4 184 182.6 183.7 185.4 187.1 188.7 189.8 190.7 191.1 191.2 191.5 191.3 191.2 191.1 191 190 188.1 185.8 181.8 179.4 173.4 168.9 159.1 144.8 137.3 139.5 134.8 132.3 123.8 120.7 119.6 118.9 117.9 117.1 117.3 118.5 119.8
185.1 185.1 184.9 184.8 184.3 184 183.6 183.3 183.1 182.6 182.7 183.1 183.3 183.7 184.6 185.6 186.3 186.7 187 187.3 187.2 186.8 186.1 185.2 183.8 181.9 179.5 177.8 179.8 182 184.9 186 186.1 186.2 185.5 184.7 184.2 185.8 187.3 187.3 186.6 184.7 183.4 184.7 186.2 187.8 189.4 190.9 191.7 192.4 192.8 192.9 192.5 192.3 192.3 192.2 190.8 189.1 186.5 182.4 177.5 171.7 164.2 155.3 145.3 141.8 136.5 132.3 123.3 121.7 120.1 119 118.7 118.4 118.4 120.3 121.9 123.8
186.3 186.3 186 186.3 186.4 186.1 185.7 185.3 183.6 184 183.6 183.4 183.8 184.6 186 186.9 187.4 187.9 188.1 188.2 188.3 188.3 187.9 186.9 185.5 183.4 180.5 178.4 179.2 180.5 184.8 186.7 187 187.3 186.7 185.8 185.8 187.6 188.7 188.9 187.8 185.3 184.9 187.1 188 189.5 191.2 192 192.7 193.4 194.2 194.2 193.8 193.4 193.3 192.1 190.8 188.2 184.8 179.6 173.8 167.4 159 146.9 142.5 138.8 127.2 125 123.7 122.3 120.9 120.6 121.4 120.2 122.7 125.5 127 127.9
187.5 187.5 187.5 187.5 188.6 188.2 187.7 187.3 185.7 184.4 183.3 183.2 184.1 185 186.8 188.1 188.6 189.1 189.5 189.9 189.9 189.9 189.7 188.1 186.4 183.5 180.4 180 182.4 183.1 183.7 187.3 187.5 188.5 187.9 187.1 187.7 189.4 190.2 190.3 189.8 187.4 187.9 189.7 190.3 191.7 192.5 193.2 193.9 194.6 195.4 197.2 196.2 195.1 193.3 191 189.2 186 181.3 175.2 168.5 161.7 149.2 144.7 141 130.5 129.6 126.9 124.2 122.8 122.4 123 124.1 124.5 127.4 130.6 132 132.3
189 189 188.9 188.9 189.4 190 189.7 189.3 187.8 185 183.1 183.3 184.4 186.4 188.2 189.8 190.6 191.1 191.3 191.4 191.4 191.3 191 190.3 188.5 185.8 182.8 184.1 185.3 185.8 184.3 187.1 189.4 189.8 189.7 189 188.7 189.8 191.4 191.8 191.1 189.7 191 191.9 192.2 193.6 194.5 194.8 195.1 195.9 196.6 197.6 197 195 192.7 190 186.6 182.3 177 170.4 163.7 151.5 147.6 140.4 133.3 130.6 130.8 128.1 125.8 125 124.6 125.2 126.7 127.6 131.1 134.1 133.4 132.8
190.3 190.3 190.3 190.3 190.4 190.5 190.7 190.9 189.4 185.7 183.2 182.1 184.8 187.9 189.8 191.1 192.1 192.8 193.1 193 192.8 192.7 192.2 191.3 189 185.3 184.1 185.5 186.9 187.2 186.4 188.2 190.3 191 191.4 191.1 189.8 190.4 193.1 193.6 192.7 192.2 193 194.1 194.3 195.4 196.4 196.8 197.1 197.3 197.8 197.9 196.8 194.1 188.6 186.7 182.8 178.5 172.5 162.9 154 150 140.2 136.5 133.8 130.6 132.2 130.2 128.1 127.7 127.3 128.7 130.1 130.2 132.2 134.5 134 133.3
191.1 191.5 191.6 191.6 191.8 191.9 192 192.2 190.6 186.6 183.1 182.5 187.2 189.8 191.3 192.6 193.7 193.7 193.8 194.2 194.3 194.1 192.9 190.8 189.7 186 185.3 187.2 189.2 188.3 187.8 189.4 190.8 192.3 192.6 191.9 190.4 191.9 195.3 195.5 194.8 195 195.5 196.5 196 196.8 198.2 198.8 199.1 199.3 198.6 197.4 196.1 191.7 186.7 181.8 177.9 173.4 161.9 156.2 152.7 145.2 138.4 134.3 134.2 144.1 136 131.3 130.5 130.6 130.4 131.8 132 132.2 133.2 133.4 132.8 130.7
192.2 192.8 192.9 193 193.2 193.3 193.4 193.3 191.3 187.7 183.5 185.1 189 191.2 192.8 194 195.2 195.2 195.1 195.2 195.5 195.2 194 191.9 189.4 186.8 187.6 190.1 191.2 189.9 189.2 190.7 192.4 193.7 193.7 193.4 191.9 194.3 195.5 196.6 197.5 197.8 198 198.4 198.4 198.4 199.6 200.7 200.5 199.4 197.9 195.3 192.3 187.3 182.7 177.4 172.5 160.6 157.8 155.5 148.4 141.6 134.9 134.2 142.3 151.1 137.9 133 131.7 131.6 132.2 132.7 132.7 132.8 133.6 133 131.2 128.8
193.5 194 194.3 194.4 194.5 194.7 194.8 193 190.5 188 184.4 186.8 189.8 192 193.8 195.3 196.1 196.4 196.6 196.9 196.8 196.2 195.4 192.2 189 188.4 190 191.7 192.6 191.5 191.9 193.2 194.6 195.1 195.4 194.5 194.2 194.8 196.2 198 199.3 199.7 200.3 200.9 201 201 201.8 201.1 200.7 199.5 195.5 191.5 188.8 184.6 179.8 170 162.8 159.8 157.9 150.1 143.5 137.2 133.8 139.5 151.4 148.8 139.5 135.2 132.9 132.8 133.1 133.7 134 133.3 133.3 131.5 129 125.8
194.7 195.3 195.7 195.8 195.9 196 195.2 192.7 189.8 187.3 185.1 187.3 190.3 192.7 194.6 196.3 197.2 197.5 197.8 197.9 197.7 196.6 194.8 190.9 190.4 191.7 192 193.2 194.1 194.3 195.3 195.9 196.5 196.4 196.7 196.6 195.9 196.1 197.8 199.6 201.1 201.4 202 203.1 203.3 203.4 201.8 201.4 200.3 197.6 193.5 189.4 185.4 182.3 171.3 165 160.7 159.1 152.3 146.1 141.5 135.8 137.8 147.5 156.6 144.7 139.4 135.8 133.5 133.9 134.3 134.6 135.3 133.7 133 131.2 125.3 120.6
