STL Generation/terr50_gagg_gb/data/TQ38.asc
ncols 200
nrows 200
xllcorner 530000
yllcorner 180000
cellsize 50
[rows 117 to 155 of 200, columns 89 to 177 of 200]
18.6 18.6 18.6 18.5 18.2 18 17.7 17.6 17.2 16.8 16.9 15.5 15.6 15.6 15.7 16 16.4 16.2 16.5 16.4 16.5 16.4 16.1 15.7 15.2 15.1 14.9 14.9 14.5 14.2 14 13.8 13.8 13.9 14.1 14.2 14.2 14 14.2 14.3 13.8 13.6 14.2 14.1 13.9 13.7 13.5 12.2 11.8 7.7 12.3 8.7 7.9 7.1 6.7 5.9 5.9 6.1 5.8 8.2 6 11.3 8.7 6.8 6.8 8.6 11.7 6.7 9.5 9.8 7.3 2 6.2 6.1 6.3 5 4.4 8.3 3.7 3.6 3.4 3.2 3.4 3.8 2.7 6 5.8 5.5 4.9
18.4 18.6 18.7 18.5 18.2 17.9 17.5 17.5 17.6 16.9 17.1 15.6 15.5 15.5 15.5 15.7 16.2 16.5 16.5 16.6 16.6 16.2 15.8 15.5 15.2 15.1 14.9 14.7 14.4 14.2 13.9 14 14 14.1 14 13.9 14.2 14.3 15.4 15.6 14 13.6 14.3 14.2 14.1 13.9 13.6 12.9 8.6 9.1 11.8 9.1 7.6 7.1 6.5 5.7 5.7 6.1 6.4 7.4 3.1 10.9 8.4 6.3 6.6 7 11.6 2.9 9.5 9.9 9.3 2 6.1 7.6 6.6 6.7 8.5 3.8 3.7 3.5 3.3 3.2 4.1 4.7 6 5.9 4.6 4.9 4.8
18.3 18.5 18.7 18.6 18.4 18.3 18.1 17.7 17.7 17.5 16.7 15.8 15.8 15.7 15.7 15.7 16.2 16.6 16.7 16.7 16.3 16 15.6 15.3 15.1 14.9 14.7 14.6 14.4 14.1 13.9 13.9 13.8 13.3 12.9 12.6 13.5 13.7 14.6 14 13.4 13.5 14.1 14.2 14.2 14.1 12.6 10.3 9.5 8.5 8.1 7.5 6.4 6.1 5.8 5.2 5.1 6 6.2 7.8 5.6 11 8.1 6.5 6.9 7.7 11 2.9 9.8 10.7 10.2 6.1 2 6.8 4.6 5.4 3.6 3.5 3.5 3.5 3.6 3.5 4.7 5.9 5.9 4.6 4.3 4.4 4.3
18.3 18.5 18.6 18.7 18.5 18.3 17.9 17.5 17.2 17.2 17.3 16.1 16.1 16.1 16.1 16.1 16.1 16.6 16.8 16.5 16.1 15.7 15.4 15.1 14.9 14.7 14.5 14.4 14.2 14 13.8 13.7 13.2 13.2 13.4 13.1 13.4 13.8 14.4 13.5 13.4 13.7 14 14.2 14 13.2 12.2 10.5 9.5 8.4 9.9 8.8 5.9 5.5 5.1 4.7 4.9 5.6 5.5 3.2 6 6.4 9.3 8.3 6.7 8.2 11.6 2.9 10.2 10.5 10.2 8.1 2 5.4 4 8.9 3.6 3.6 3.6 3.6 3.7 3.8 4.9 5.7 5.2 3.6 4.4 4.1 3.9
18.2 17.8 18.6 18.7 18.5 18.1 17.7 17.4 17 16.7 16.7 16.3 16.3 16.4 16.4 16.4 16.4 16.5 16.4 16.2 15.9 15.5 15.2 14.9 14.6 14.5 14.3 14.2 14 13.8 13.6 13.8 13.8 13.8 13.8 13.8 13.6 13.4 13.5 13.3 13.4 13.7 14 14.2 11.2 12.1 11.3 10.9 10.8 10.1 10.3 12.5 10.5 9.5 4.7 4.5 4.7 4.7 4.6 5.9 7.8 6.1 11.1 10.8 10.4 11.1 6.1 2.8 9.4 9.4 9.3 8.7 5.2 2 3.3 3.5 3.6 3.6 3.7 3.8 3.8 4 5 4.7 4.3 4.4 4.2 3.5 3.5
17.5 17.4 17.3 18.7 18.4 17.9 17.6 17.2 16.9 16.5 16.2 16.2 16.3 16.3 16.4 16.4 16.5 16.5 16.3 16 15.6 15.5 15.2 14.9 14.6 14.5 14.3 14.2 13.9 13.8 13.6 13.5 13.5 13.6 13.6 13.5 13.4 13.3 13.1 13 13.5 13.7 13.9 11 12.7 12 11.1 10.2 9.9 9.6 9.4 10.3 7 8.1 7.8 7.9 4.7 3.3 4.6 7.1 6.8 4.9 5.8 5.9 6 6.6 6.2 3.1 7.7 8.3 8.7 9.1 9.4 8.7 2 4.5 3.9 3.6 3.7 3.8 3.9 4.5 5.2 3.9 4.2 4.3 4.2 3.5 3.4
17.5 17.1 16.6 17.2 18 17.7 17.4 17 16.7 16.4 16.3 16.2 16.2 16.3 16.3 16.4 16.4 16.5 16.2 15.8 15.4 15.3 15.2 15 14.7 14.5 14.4 14.2 14 13.7 13.5 13.3 13.3 13.3 13.3 13.2 13.1 13 12.9 12.9 13.4 14 12.2 12.1 12.2 11.9 11 10.4 10.2 10 9.8 8.5 7.3 7.5 6.6 6.8 6 6.1 5.8 9.6 7.2 5.6 4.8 5.4 5.3 5.2 5.8 4.5 2.8 7.7 8.9 8.7 8.6 7.2 6.1 2 4.1 3.7 3.6 3.9 4.4 5.1 3.4 3.8 4.1 4.3 4.2 3.7 3.6
16.7 16.3 16.1 16.3 16.7 17.3 17 16.7 16.5 16.2 16.3 16 16.2 16.3 16.3 16.4 16.4 16.4 16 15.5 15.2 15.1 15 15 14.8 14.6 14.5 14.3 14 13.7 13.5 13.3 13.1 13.1 13 12.9 12.8 12.8 13.1 12.7 12.7 12.2 12.2 12 11.9 11.8 11.1 10.6 10.4 9.9 9.6 8 8.5 9.6 8 7.6 7 5.4 3.3 5.8 6.7 7.8 9.6 9.5 7.6 3.8 3.1 5.3 4.8 2.8 8.8 9 8.8 7.2 7.1 7.5 2 4.1 3.9 4.2 4.4 3.7 3.2 3.4 3.9 4.2 4.1 3.9 3.9
16.6 16.7 16 16.2 16.4 16 16.2 16.3 16.5 16.5 16 15.8 16.2 16.3 16.3 16.4 16.4 16.2 15.7 15.2 15 14.9 14.8 14.8 14.8 14.6 14.5 14.2 14 13.7 13.5 13.3 13.1 12.9 12.8 12.8 12.7 12.7 13.6 11.7 12.3 11.9 12 11.9 11.8 11.8 11.3 10.9 10.9 11.2 11.5 11.2 7.4 11.1 10 9.8 8.2 6.4 5.7 3.6 7 9.5 8.6 6.8 6.5 6.3 1.7 9.3 5.8 4.6 2.7 9.1 8.2 8.4 7.3 7.9 2 4.7 4.8 4.8 4 3.4 3.2 3.2 3.5 4 4.2 4.2 4.1
17 16.4 15.9 16.1 16 16.2 16.8 17.1 17.2 16.9 16.6 15.5 15.9 16.3 16.3 16.1 16.1 15.9 15.4 14.9 14.9 14.8 14.8 14.8 14.7 14.6 14.4 14 13.9 13.7 13.5 13.5 13.3 12.8 12.9 12.7 12.6 12.5 11 12.9 12.8 11.6 12 11.9 11.9 11.9 11.4 11.4 11.6 11.7 11.7 11.1 7 9 11 9.8 9 7.6 6.9 6.8 3.3 6.9 5.5 6.2 6.2 5.8 4.9 4.6 4.3 9.6 9.7 9.5 5.7 7.7 7.9 8.5 8.7 5.4 5.5 5.4 4.6 3.6 3.3 3.1 3.1 3.5 4.3 4.2 4.1
14 16 15.8 16 16.2 16.5 17 17.6 17.1 16.6 15.9 15 15.2 15.6 15.6 15.5 15.8 15.5 15.1 15.3 14.9 14.8 14.8 14.7 14.7 14.5 14.1 13.8 13.7 13.6 13.5 13.5 13.2 12.7 12.8 12.9 12.7 11 13.5 12.9 12.6 12.8 12.7 12.4 12 12 11.8 11.8 11.9 12 12.2 11.5 10.7 6.4 9.9 9.7 8.9 8.8 8.8 8 4.5 7.4 6.5 6.7 6.3 5.4 5.7 5.7 4.4 3.8 4 4.4 3.7 7.3 9.7 9 8.3 5.3 6.3 5.9 4.5 3.8 3.4 3.1 3.2 3.4 4.2 4.2 4.1
16.3 15.8 15.2 15.6 16 16.5 17.3 17.4 15.5 14.9 16.2 16.2 16.4 16.4 14 15.6 15.4 15.2 15.5 15.6 15.6 14.8 14.8 14.7 14.4 14.2 13.9 13.6 13.5 13.2 13.4 13.5 13.1 12.8 12.6 12.5 13.4 13.6 13.2 12.9 13 13.1 13 12.7 12.4 12.1 12.2 12.2 12.2 12.2 12.5 11.8 11.1 10.4 5.6 8.8 9.1 9 8.7 8.4 6.4 6.2 6.9 6.2 6.1 5.3 5.7 9.7 10 4.3 4.3 4.3 4.3 3.3 6.7 6.1 2 6.1 7.2 5.8 4.7 4.3 3.5 3.2 3.3 3.6 4.1 4.2 3.8
15.8 15.8 15.3 15.3 15.8 16.6 16.8 18 14 16.8 17.4 16.1 16.2 16.1 15.6 15.6 14.2 15.3 15.6 15.9 16 15.6 14.2 14.5 13.8 12.9 12.2 12.7 12.8 13.4 13.1 13.4 13.1 13.6 12.7 13.1 13.1 13.3 13.2 12.9 13 13 12.8 12.7 12.4 11.8 12 12.3 12.3 12.3 12.3 11.8 11.1 10.3 9.6 3.6 9.2 8.6 8.4 8.3 8.5 3.3 7.2 8.7 5.3 6.5 9.8 5.4 4.9 4.3 4.2 4.2 4.3 4.8 5.8 2 5.2 5.1 2.8 9.5 5 4.5 4 3.2 3.5 3.7 4 4.2 4.2
15.5 15.4 15.7 14.5 14 14 14.4 16.2 16.4 17.1 16.9 16 15.8 15.6 15.6 15.5 15.6 15.4 14.4 16.2 15.7 12.8 12.5 13.3 13 12.4 12.4 12.4 13 13.5 13.1 12.9 13.2 11.6 12.6 12.7 12.8 13 13.1 12.9 12.9 12.8 12.6 12.5 12.3 11.4 11.6 12.2 12.5 12.4 12.1 11.8 11.1 10.5 10.4 9.7 4.6 3.3 7.9 8 8.1 7.8 3.1 8.3 7.2 9.9 4.8 5.2 5.3 4.6 4.3 4.2 4.3 4.5 2.6 1.7 6.3 3.7 3 3.2 7.6 4.7 4.7 4.1 3.8 4 4.2 4.3 4.4
14.9 15.2 15.3 14.9 14.7 14.7 15.5 15.8 16.2 16.8 16.1 15.6 15.6 15.6 15.5 15.5 15.4 15.8 16.4 13.8 14.2 14.3 12.7 11.8 12.4 12.4 12.4 12.4 13 13.7 13.2 12.4 12.7 12.6 12.5 12.5 12.6 12.7 12.8 12.9 12.8 12.7 12.6 12.5 12.5 11.8 12.2 12.6 12.4 12.2 11.3 10.9 11.2 10.8 9.9 8.7 8 7.2 5.2 7.9 7.8 7.8 3 8 10.2 4.5 4.4 4.8 5.1 4.9 4.5 4.3 4.3 4.3 4.7 5.6 5.4 3.5 2.7 2.7 2.9 3 9.6 5 4.8 5.3 5.3 4.3 4.4
14.7 15.1 15.3 15.4 15.5 15.3 15.6 15.7 16.1 16.6 17.3 15.3 15.5 15.5 15.5 15.4 15.5 16.3 16.4 15.9 16.1 15.6 14.3 13.6 12.4 12.4 12.4 12.5 12.6 13.5 12.6 13 13 12.7 12.4 12.5 12.5 12.6 12.7 12.7 12.6 12.8 12.7 12.6 12.7 12.7 12.5 12.3 12 11.8 11.1 10 10.2 10.5 9.4 8.5 8.2 7.6 7.4 5.7 7.9 7.7 7.3 10.6 4.4 4.2 4.1 4.3 4.6 4.9 4.7 4.3 3 5 4.9 4.9 2.6 3.7 2.8 2.8 2.8 2.9 2.8 9.4 4.9 3.3 4.5 4.2 4.3
14.6 14.9 15.1 15.2 15.3 15.4 15.3 15.7 16 16.3 16.7 15.1 15.2 15.3 15.4 15.4 15.8 15.7 15.6 15.5 14.3 14.8 14.7 13.8 13.8 12.5 12.3 12.4 12.3 11.6 13.4 13.4 12.9 12.5 12.3 12.3 12.4 12.5 12.5 12.4 12.4 12.4 12.8 12.8 12.6 12.4 12.2 11.9 11.6 11.1 10.4 9.5 9.3 9.3 9.2 9.1 8.8 8.2 8.2 7.4 4.6 9.3 2.9 4.8 4.3 4.1 4.1 4.1 4.4 4.7 5.1 4.4 5.7 5.5 4.9 4.4 1.7 3.7 3.1 2.9 3 3.1 3 2.8 2.7 2.7 2.4 4.2 4.3
14.6 14.6 14.9 15 15.1 14.9 15 14.9 15.3 15.9 15.7 14.8 14.9 15 15.1 15.2 15.1 15.1 15 15 14.1 13.7 13.6 13.7 14 12.5 12.2 12.2 11.6 13.5 13.6 13.2 12.8 12.4 12.1 12.2 12.3 12.3 12.3 12.3 12.3 12.2 12.2 12.2 12.1 12 11.7 11.4 11 10.5 9.8 9.5 9.4 9.4 9.3 8.8 8.9 9.1 8.4 7.5 5.6 4.3 4.4 4.2 4.2 4.1 4.1 4.1 4.2 4.4 4.8 4.9 5.4 4.9 4.1 4 1.7 3.8 3.4 3.2 3.4 3.2 3 2.8 2.8 2.8 9.5 4.2 4.6
14.8 14.7 14.6 14.8 14.7 14.3 14.3 14.3 14.5 15.1 15 14.5 14.4 14.5 14.6 14.7 14.7 14.6 14.6 14.5 14.4 13.9 13.5 13.6 13.8 13.2 11.4 13.6 13.6 13.8 13.6 13.3 12.9 12.5 12.2 12.1 12.3 12.3 12.3 12.3 12.2 12.2 12 11.8 11.7 11.5 11.2 10.8 10.3 9.8 9.9 10.3 10.3 9.7 9.3 8.8 8.6 9.6 11 11.9 7.3 8.6 6.1 4.5 4.1 4.1 4.1 4.1 4.2 2.8 4.2 4.5 4.9 4.3 3.7 3.6 4.4 4 3.8 3.6 4.1 4.6 4.2 3.4 3.4 3.3 3.3 9.4 9.3
15.1 15 14.8 14.6 14.5 14.3 13.9 14.2 14.4 14.6 14.9 14.1 14.1 14 14.1 14.2 14.3 14.2 14.1 14.1 14 13.9 13.5 13.6 13.6 13.6 12.7 13 14.3 13.9 13.7 13.3 13 12.6 12.3 12.1 12.2 12.2 12.2 12.2 12.2 12.2 11.9 11.7 11.5 11.4 11.1 11 10.6 10.2 9.9 10.4 11.1 10.8 10.3 9.1 7.4 12.3 12.4 8.2 9.2 9 8.5 8.7 5.4 4.3 4.3 4.5 4.8 5.4 4.9 4.9 5 3.6 3.3 3.1 3.9 1.7 5.1 4.6 5.1 5.1 5 4 3.9 3.8 3.7 4.8 3.3
14.8 14.5 14.6 14.3 14.6 14.4 14.3 14 14.2 14.4 15 13.8 13.8 13.7 13.6 13.7 13.8 13.8 13.7 13.6 13.6 13.5 13.5 13.5 13.5 13.3 13.3 13.3 11.1 14.3 14.1 13.7 13.2 12.7 12.5 12.2 12.2 12.2 12.2 12.2 12.3 12.2 12 11.8 11.6 11.3 11.1 11.4 10.9 10.9 11.2 10.3 11.2 11.1 11 10.5 9.1 7.3 9.7 9 9.2 9.4 9.6 8.7 7.8 6.9 3.4 2.6 6.3 5.7 5.8 5.1 4.7 3.8 3 2.8 4 1.7 2.2 5.3 5.3 5.3 5.5 4.5 4.4 4 3.7 8.8 -2.3
14.2 14.6 14.3 14 14.8 14.6 14.4 13.8 14.1 14.3 14.8 13.5 13.6 13.5 13.7 13.5 13.3 13.3 13.3 13.3 13.4 13.5 13.4 13.4 13.4 13.3 13.2 13.2 13.7 12.9 14.8 15.2 14.3 13.2 12.8 12.4 12.2 12.3 12.4 12.5 12.6 12.2 12 11.9 11.6 11.2 11.1 11.3 11.3 11.6 11.4 11.5 12.8 12.9 11.7 11.6 8.5 10.1 9.6 9.7 9.8 10.3 10.4 10.2 9.8 8.7 6.7 6.7 6.3 3.6 4.7 4.8 4.6 3.9 3.8 3.2 3.7 1.7 5.5 6.9 2.3 5.4 5.7 5.3 5 5.2 8.8 -2.3 -2.3
14.6 14.3 14 13.7 14.3 14.8 14.6 13.7 13.9 14.4 14 13.5 13.5 13.6 13.7 13.5 13.3 13.2 13.3 13.4 13.5 13.6 13.4 13.3 13.2 13.2 13.2 13.2 13.4 11.1 11.9 11.8 14.9 12.5 12.4 12.2 13 13.2 13.1 12.9 12.7 12.4 12.1 11 11.9 11.5 11.3 13.6 13.4 11.9 12 11.9 11.9 11.4 11.2 11.6 11.9 11 10.7 10.4 11 11.1 10.8 10.6 10.4 9.6 7.3 6.4 7 7.2 5.4 4.3 2.2 4.5 4.7 3.8 3.3 1.7 6.8 6.6 6.8 2.4 5.8 5.6 5.6 5.5 6.6 -2.3 3.3
14.2 13.9 13.7 13.8 13.8 14.2 14.3 13.8 14.6 14.6 14.2 13.7 13.7 13.8 13.7 13.6 13.5 13.4 13.3 13.5 13.6 13.6 13.4 13.3 13.2 13.2 13.2 13.2 13.2 13.7 12.2 13.3 14.1 12.5 12.3 12.8 13.3 13.6 13.6 13.4 13.1 13 13.2 14.1 14 11.6 12.4 11.8 12.2 12.7 12.2 12 11.9 12 11.6 11.9 11.6 8 11.5 11.2 11.7 11 10.5 10.3 9.8 8.7 7.7 9.7 8.6 7.2 6.8 5 4.7 4.5 4.4 4.3 3.9 1.1 5.2 5.2 5.1 2.3 5 6.6 5.4 5.8 3.5 -2.3 3.3
13.9 13.7 13.8 14 14.4 14.7 14.3 14.6 14.8 14.8 14.1 13.5 13.5 13.6 13.6 13.6 13.6 13.6 13.4 13.5 13.7 13.7 13.6 13.4 13.4 13.6 13.8 14.1 14.5 14.4 11.1 12.5 12.6 12.5 12.4 12.8 13.1 13.3 13.8 13.7 15.7 14.6 11.6 10.9 10.7 11.5 12 12 12.4 12.6 12.5 12.3 12 12 12.3 12.2 11.6 11.7 8.1 9.5 11.2 10.4 10.3 10.1 9.8 9.4 9.4 10.5 10 10.2 7.4 7.3 7.1 2.2 4.8 3.1 4.5 0.4 5 5.3 4.7 -2.3 -2.3 6.6 6.6 5.3 -2.3 -2.3 5
14.2 13.9 14 14.3 14.2 14.5 14.9 14.9 14.9 14.9 13.8 13.1 12.9 12.9 13 13 13.2 13.4 13.4 13.5 13.7 13.9 13.7 13.5 13.5 13.7 13.7 14 14.2 14.5 11.9 12.3 12.4 12.5 12.5 12.3 12.9 13.1 13.5 15 12.2 11.3 11.5 11.7 11.6 12.1 12 12.2 12.4 12.6 12.8 12.5 12.1 12.1 12.2 12.5 11.7 11.5 7.3 11.7 10.6 10.2 10.1 10.1 10.1 10.9 10.8 10.8 10.9 10.6 9.5 8.5 7.6 6.9 3.6 5.2 1.1 4.4 3.6 4 3.6 -2.3 -2.3 6.8 6.8 -2.3 -2.3 4.8 4.5
14.3 14 14.6 14.7 14.5 14.3 14.9 14.9 15 15 13.8 13.4 12.9 12.5 12.3 12.6 12.9 13.1 13.1 13.6 13.8 13.9 13.8 13.7 13.5 13.1 13.6 13.9 14.2 14.2 15.1 11.4 12.3 12.9 13 11.5 15.6 12.6 12.4 11.7 12.8 11.5 12 12.4 12.8 12.7 12.5 12.4 12.3 12.5 12.7 12.7 12.2 12.2 12 11.6 11.3 11.3 11.6 8.6 10.7 10.8 10.8 10.8 10.9 10.9 10.8 10.9 10.9 10.7 10 9 8.8 8 7.2 5.2 -2.3 -2.3 4.7 4.2 3.7 -2.3 -2.3 7.1 -2.3 -2.3 3.9 1.5 3.9
14.4 14.2 14.8 14.8 14.6 14.6 14.9 14.9 14.9 14.9 13.8 13.3 12.9 12.5 12.3 12.5 12.6 12.8 13.1 13.7 13.9 13.8 13.8 13.5 13.5 13.1 13.5 13.8 13.6 14.2 14.9 14.1 12.3 16.4 15.5 13 11.1 12.1 12.5 12.5 12.7 11.2 11.6 12.4 11.5 12.7 12.8 12.7 12.6 12.4 12.4 12.9 12.4 12.3 11.9 11.6 11.4 11.3 11.1 7.6 10.2 10.6 10.6 10.7 10.8 10.8 10.9 10.9 10.8 10.5 10.4 9.8 9.4 8.8 7.7 6.5 -2.3 -2.3 4.8 4 3.8 -2.3 -2.3 -2.3 -2.3 3.8 2.1 1.7 2.4
14.6 14.3 14.7 14.9 14.7 14.8 14.8 14.8 14.8 14.8 14 13.2 12.8 12.4 12.9 12.8 12.7 12.6 13.3 13.8 13.8 13.7 13.4 13.3 13.6 13 13.2 12.7 18.2 17.2 17 16.6 11.4 13 15.8 12.6 13.2 12.4 12.2 12.6 12 11.1 11.3 12.1 11.5 11.8 13.2 13.1 12.9 12.9 12.6 12.5 12 12 11.9 11.8 11.6 11.5 10.2 7.7 7 10.4 10.5 10.5 10.6 10.7 10.3 10.5 10.6 10.4 10.5 10.4 10 8.5 7.3 6.1 5.4 -2.3 -2.3 -2.3 -2.3 -2.3 -2.3 4.8 4.4 4.1 2.8 2.4 2.4
14.9 14.6 14.8 14.9 14.8 14.7 14.7 14.6 14.6 14.6 14.4 13.2 12.9 12.7 12.8 12.6 12.5 12.6 13.3 13.8 13.6 13.5 13.2 13.5 13.1 17.9 17.7 17.2 16.9 12.9 12.6 12.5 12.6 12.9 11.4 12.6 13.4 12.8 12.4 12.6 11.5 11.5 11.8 12.2 12.5 12.8 13.5 13.4 13.2 12.8 12.7 12.4 12.1 12.5 13.2 9.9 11.8 11.8 10.6 11.2 7.1 9.8 10.3 10.4 10.5 10.4 10.4 10.6 10.7 10.2 10.4 10.5 9.6 8.7 7.2 6.3 5.6 3.1 -2.3 -2.3 6.5 5.2 4.9 5.1 4.5 3.8 3.4 2.4 2.5
14.8 14.7 14.6 14.6 14.5 14.3 14.2 14.1 13.9 13.8 13.6 13.3 13 12.6 12.6 12.5 12.4 12.7 13.3 13.8 14 13.5 18.2 17.4 12.8 12.8 13 13.2 13.2 13.1 13 13 12.8 11.4 13.6 13.8 13.6 13.1 12.7 12.6 12.1 11.8 11.9 12.3 12.8 13.1 13.5 13.5 12.8 12.6 12.5 12.4 12.1 12.3 12.1 11.7 11 11 10.8 13.4 9.3 7.1 7.6 10.3 10.6 10.3 10.4 10.5 10.2 10.4 10.6 10.8 9.5 9.1 7.7 6.4 5.7 -2.3 -2.3 5.6 5.7 5.6 5.2 5.1 4.8 4.6 4.2 2.5 2.5
14.4 14.4 14.3 14.3 14.2 14.1 13.9 13.8 13.6 13.4 13.3 12.8 12.4 12.2 12.3 12.2 12.5 12.8 13 13.9 18.2 12.7 12.5 12.4 12.5 12.8 13 13.1 13.1 12.9 12.9 12.8 12.8 12.6 11.7 18.8 16.2 12.9 12.9 12.6 12.3 12.2 12.1 12.5 12.3 12.3 13.2 13.4 12.5 12.3 12.1 12 12.2 11.9 11.4 11.1 11 11 11.5 11.8 10.8 6.5 7.6 10.5 10.4 9.8 9.9 9.6 10.1 10.6 10.5 10.5 9.7 8.9 8.1 7.9 7.8 -2.3 -2.3 5.7 5.7 5.5 5.3 5.2 5.2 4.9 4.5 4.1 4.1
14.1 14 13.9 13.9 13.9 13.8 13.6 13.4 13.2 13.1 12.9 12.7 11.7 11.8 12 12.4 12.9 13.3 13.5 13.5 13.2 12.7 12.6 12.5 12.1 12.7 12.9 12.9 12.9 12.8 12.8 12.7 12.7 12.5 12.6 13.4 14 12.7 18.2 12.5 12.2 12 12.2 12.6 12 11.3 12.3 13.2 12.4 11.6 11.9 12.4 12.3 12.1 11.6 11.1 11 11.4 10.9 10.8 10.4 6.6 8.8 10.3 10.3 9.7 9 9.1 9.7 10.5 10.4 9.7 9.1 8.8 8.3 8 3.1 -2.3 3.9 5.6 5.1 4.7 4.4 4.8 5.1 4.7 3.6 3.8 3.8
13.6 13.5 13.5 13.4 13.3 13.4 13.4 13.4 13.5 13.5 12.7 12 11.4 11.6 11.9 12.4 12.9 13.3 13.5 13.8 13.5 13 12.7 12.5 12 12.2 12.5 12.8 12.8 12.7 12.6 12.6 12.5 12.3 11.4 9.2 13.5 13.5 12.1 11.7 11.7 11.7 11.7 12 11.8 11.1 12.1 12.9 12.1 11.4 11.5 11.7 11.8 11.9 11.7 11.3 10.9 11.2 15.9 10.1 10.1 9.7 10.3 11.9 11.6 12 12.1 12.1 11.5 9.5 9.4 9.2 9.1 8.4 8.3 8.2 3.1 -2.3 5 5.3 4.7 3.8 3.5 3.6 4.1 4.4 3.4 2.8 3.3
13 12.9 12.9 12.6 12.6 13.1 12.8 12.7 12.7 13 12.6 11.7 11.3 17.9 11.8 12.2 12.6 13 12.8 13.3 13.3 13.1 12.9 12.4 11.8 11.7 11.7 12 12.6 12.6 12.5 12.4 12.3 12.2 11.7 11.6 13 12.8 13.9 12.5 11 11.2 11.2 11.3 10.8 11.1 10.9 12.1 12.2 11.5 11.4 11.6 11.6 11.6 11.4 11 10.1 9.9 10 9.6 9.6 9.6 7.2 9.6 9.1 9.1 9.3 9.2 9.6 9.5 9.4 8.7 10.5 9.1 9 9.6 3.1 -2.3 5.6 5.3 4.6 3.5 2.6 2.5 3.8 3.9 2.9 2.1 2.7
12.3 12.3 12.3 11.9 12 12.7 12.9 17.7 13.3 12.9 12.8 12.3 12 11.5 11.7 11.9 12.3 12.5 12.2 12.9 12.9 12.9 12.7 11.7 11.6 11.6 11.6 11.7 12.3 12.2 12.1 12 11.9 11.9 11.7 12.2 11.9 12.1 14.1 11.8 11.4 10.9 11.1 10.5 11.6 11.5 10.8 11 11.3 11.7 11.3 11.4 11.5 10.6 10.4 10.5 10.4 9.5 9.5 9.4 9.3 9.3 8.3 9.2 8.7 8.2 8.2 9.6 9.6 9.5 9.4 9.2 8.8 9.1 6.5 5.3 3.1 -2.3 3.9 5.2 4.6 3.9 3.1 3.3 4.3 3.6 2.9 2.2 2.2
11.6 11.7 17.9 17.8 17.8 17.8 17.4 12.1 12.1 12.3 12.4 12.4 11.6 11.4 11.6 11.8 12 12 11.6 12.5 12.4 12.2 11.8 11.5 11.5 11.5 11.6 11.6 12.1 11.8 11.7 11.6 11.5 11.3 11.6 11 10.3 11.4 11.3 10.9 10.7 10.5 10.8 10.7 10.9 11.2 10.5 10.7 10.8 11 11.2 11 10.9 10.2 10.1 10.5 9.8 9.6 9.3 9.1 8.9 9 9.1 7.8 8.8 9 9.1 9.7 9.7 9.6 9.7 9.2 8.7 7.4 5.8 5.4 -2.3 -2.3 6.2 6.3 5.6 4.8 4 3.3 4.2 3.7 3 2.3 2.4
17.9 11.7 11.8 12.2 12.5 12.2 12 11.9 11.9 12 12.1 12.1 11.6 11.3 11.5 11.6 11.8 11.6 11.2 11.8 11.7 11.4 11.1 11.7 11.5 11.6 11.5 11.6 11.8 11.5 11.3 11.2 11.2 11.3 11.5 11.4 10.5 9.9 10.8 10.6 10.4 10.1 10.6 10.8 10.4 10.9 10.1 10.3 10.6 11 11 10.9 10.5 10.2 12.4 10 9.8 9.6 9.1 8.9 8.7 8.9 9.4 8.3 6.8 7.7 7.5 8.9 9.8 10.3 9.5 9.1 8.7 6.7 5.7 3.1 -2.3 -2.3 5.9 6.4 5.7 5.5 4.9 4 4.1 3.7 3.1 2.5 2.3
11.6 11.1 11.8 11.9 12.1 11.9 11.8 11.8 11.7 11.8 11.8 11.8 11.9 11.1 11.2 11.4 11.6 11.3 10.9 10.6 11.4 11.4 11.8 11.7 11.4 11.5 11.6 11.5 11.5 11.2 11.1 11.1 11.3 11.6 11.6 11.6 11.3 9.2 10.6 10.4 10.1 9.9 10.2 10.3 9.8 9.7 9.8 10.6 10.7 10.8 10.8 10.9 10.4 15 10.2 9.9 9.9 9.7 9.1 8.8 8.3 8 8.1 8.9 6.5 6.8 7.2 7.5 9.7 10.1 9.6 9.4 9.2 7 5.2 4.7 -2.3 -2.3 6.6 6.1 5.5 5.2 5 4.7 4.1 3.7 2.8 2.7 2.4
