STL Generation/terr50_gagg_gb/data/TQ52.asc
ncols 200
nrows 200
xllcorner 550000
yllcorner 120000
cellsize 50
[rows 148 to 184 of 200, columns 0 to 84 of 200]
38 41.4 44.7 47.7 49.6 52.6 55.3 56.1 60.3 60.7 62.8 66.6 70.6 74.8 78.3 76.2 77.6 78.7 77.1 73.1 69.7 64.4 63.1 62.9 61 60.7 62.6 62.5 56.8 52.9 53.5 55 56 57.2 60 63.6 64.9 68.2 71.8 76.2 81.6 85.1 87.8 86.9 82.6 80.1 77.9 75.5 72.5 69.7 66.7 65.1 63.3 68 75.6 83.4 87.7 88.2 89.5 88.5 87 85.2 81.8 76.7 69.4 68.6 78.6 82.9 83.9 82.4 79.3 74.4 69.6 64.4 59 63.8 69.2 68 67.9 66.6 66.6 66.7 66.7 64.6 65.6
41.2 44 46.7 49.6 52.1 54.4 56.8 59.3 61.4 63.3 65.9 69.2 72.4 76.3 79.4 80 79 75.9 74 70.5 67.9 64.5 62 58.3 55.4 56.8 59.6 60 54.4 52 52.7 54.2 55.6 57.8 60 63.8 66.1 69.1 72.3 74.9 78.7 85.1 86.8 82.4 77.3 74.7 73.1 71.2 69.2 68.9 65.6 60.2 61.9 68.7 76.5 81.8 85.3 85.8 85.9 84.8 83.6 82.1 79.2 73.9 66.4 65.5 75.3 80.8 80.7 79.9 76.9 72.3 68 62.5 60.1 63.5 65.4 64.2 64.2 63.3 63.8 63.8 65.5 66.9 69.2
44.3 46.1 48.2 50.6 53.3 55.5 57.7 59.8 62.4 65.3 68.7 71 74.6 77.3 78.9 80 79.7 79.7 76.7 76 73 68.8 63.3 59 54.5 52.8 55.1 53.1 50 51.3 53.9 55.3 56.3 57.1 59.1 59.8 63.9 69.1 72.1 76.3 82.6 88 85.5 79 73.5 69.5 65.9 64.5 63.9 62.9 61.9 59.1 61.2 66.4 72.6 79.3 80.7 82 82.8 81.7 80.2 78.4 76.6 72.1 64.8 65.7 77.8 78 77.8 76.8 74.3 70.6 66.7 60.7 59 59.3 62 61.5 62.5 62.2 62.7 64.7 66.8 69.6 73.2
45.6 47.4 49.3 51.4 53.9 56.1 58 60.6 62.5 66.5 69.2 72.1 75 75.5 76.7 78.4 79.6 80.1 77.3 75.6 72 68.3 64.6 60 56.6 51.3 49.8 49 50.7 54.5 57.5 59.3 60.6 61.2 63.3 64.4 68.2 74.2 78.4 82.8 88.3 91 84.6 79.5 77.3 74.9 68.6 64.3 62.2 60 59.2 58.6 59.5 63.3 69 74 76.9 79.4 80.2 78.5 76.9 74.9 72.4 67.9 61.6 66.7 74.2 75.5 74.2 72.8 71.2 68.2 64.8 60 58.5 58.4 58.9 62.2 64.2 64.6 63.4 65.3 68.1 72.4 77.3
45.9 47.9 50.3 51 53.2 55.4 58.3 61.5 64.6 67.6 69.7 72.6 74.5 74.5 75.7 76.9 77.2 76.9 75.2 72.8 70.3 67.8 64.5 59.3 54.1 49.9 49.1 49.9 53.9 58.9 62.3 64.8 67.2 70.5 72.9 74.9 77.9 82 87 91 92.5 91.7 89 86.1 82.7 79.1 74.2 69.2 65 61.4 59.7 55 57.1 64.8 73.4 78.9 79 78.9 78 76.2 73.7 71 68.2 64.5 59 65.5 70.3 70.6 69.8 68.2 66.2 64.1 58 58.1 58.8 62.6 66.4 68.6 68.5 64.8 64.9 66.8 70.3 74.2 77.7
46.1 48.4 49.5 50.1 52.4 55.4 58.7 61.8 64.9 67.4 69.6 72.3 73.3 73.2 75.5 75 74.6 73.6 71.8 69.2 66.7 64.5 61 55.6 50.1 47.6 50.4 53.5 58.4 62.3 66.4 71.2 78.1 81.7 83.5 85.2 87.4 90 94.9 97.7 97.6 95.6 92.7 89.8 85.8 79.6 76.3 71.3 65.9 62.1 57.7 54 60.7 70.6 77.4 79 79 78.4 76.7 73.9 69.7 68.3 66.9 62.9 58.9 61.5 65.1 64.6 63.4 61.8 60.5 57.9 57.4 59 63.5 68.2 73.5 76.3 72.9 66.2 65.7 68.5 72.7 76.7 80.4
45.8 46.6 47.6 49.5 52.3 55.4 59 61.8 64.9 66.8 69 70.8 71.6 71.7 72.6 71.1 70.3 69.7 68.7 65.8 63.3 61.2 57.5 52 47.7 46.8 55.1 58.1 62.8 69.7 76.8 81.7 87.2 90.2 92.2 92.7 95.1 96.4 98.6 100.8 101.1 99.7 94.8 90.4 82.9 78.4 74.2 69.5 64 59.9 56.6 56.7 66.2 75.4 77 77.3 77.4 76.6 74.9 71.8 66.4 63.1 62.3 59.3 57.6 59.4 61.1 59.9 58.6 56 56.2 58.9 60.8 64 67.1 73.2 79.2 81 76.2 67.4 65.2 69.6 73.9 79.8 83.1
45 45 45.6 48.6 52.5 56 59.1 61.8 64.5 67.2 68.4 69.8 69.3 68.5 69.2 67.8 66.8 66.1 64.2 61.3 59.2 58 56 50.1 47.4 48 55.6 60.8 66.9 74.7 78.1 84.6 87.9 91.5 94.5 96 96 97.8 100.3 100.8 100.6 99.1 95.2 90.7 82.7 75.9 71.6 66.9 62.1 56.4 54 61.5 70 73.8 75.8 75.6 74.7 74 72.8 66.2 59.6 56.8 55.4 54.5 55.2 54.2 55 55.9 57.5 56.2 57.6 61.7 66 70.2 72.4 77.8 83.5 84.4 78.7 70.8 67.9 70.1 74.7 80.4 84.3
43.7 43.7 44.3 47.9 52 55.9 59.3 62.2 64.5 66.4 67.2 67.8 67 66.3 65.9 64.7 63.6 61.4 59.3 56.8 54.9 55 55 50.4 46.6 48.6 56.5 63.2 70.3 75.4 80.3 84.4 87.5 89.7 92.1 94.5 95.7 95.7 96 97.8 98 97.8 93.8 88.2 79.9 75 68.8 63.7 59 54 54.3 65 70.5 72.4 73.4 73.5 72.5 71.6 66.3 59.7 53.6 53.2 54 54.3 55.8 55.5 55.6 57.8 60.4 62.6 65.3 69.4 73.6 75.4 77.8 82 86 86.8 82.7 75 68.8 69.1 73.1 78.5 81.7
42.9 42.1 44.1 47.3 52.6 55.9 59.4 62.3 63.9 65.4 65.7 64.9 64.5 63.8 62.2 60.5 60.3 58.3 55.7 53.6 52.8 53.3 52.9 48.7 45.4 49.7 57.1 65.2 71.9 76.9 80.1 83.4 86.6 88 89.3 91.6 92.4 92.1 93.6 94.2 94.9 95 91.2 84.9 78.8 73.5 66.7 60.8 55.8 53.5 57.7 65.1 68.1 69.6 70.4 70.4 69.4 65.6 60.8 53.2 52.9 55.1 58.2 59.7 58.6 58.1 57.2 59 62.8 66.9 69.4 72.8 78 79.5 82.5 85.8 88.7 89.2 86 80.1 73.4 69.7 68.6 74.1 78.2
40.8 40.1 42.8 49.2 53.2 56.2 59.3 61.5 62.9 63.6 63.3 62.5 61.7 60.1 58 57 56.8 55.1 53 51 50.1 50.5 50.9 46.9 44.6 51.8 58.3 66.3 72.9 77.1 80.5 81.8 83.5 85.6 87.4 88.2 88.2 88.3 90 92.4 92.6 92.2 90.3 84.7 78.1 72.5 65.8 59.6 55 49.7 58.9 63.5 64.9 66.2 67.1 66.1 64.3 62 55.2 53.4 53.5 58.6 64.4 66.1 65.5 63.8 58.8 59.8 64.5 68.8 73 76 78.7 83.6 86.9 90.1 92.1 92.4 90.9 86 79.9 74.7 70.6 71.3 70.8
38.1 38.7 44.2 49.9 53.3 55.9 58.1 60.1 60.6 61.2 61.1 60 59 57.2 55 54.4 53.9 52.8 50.6 48.5 47.5 48 48.2 45.3 44.8 52.9 60.2 66.5 71.9 75.8 78.4 79.7 80.7 83.1 82.5 83.4 84 84.9 87.1 89.9 90.7 90 87.3 83 77.4 71.5 65 58.3 52.8 49 56.3 60 60.7 61.8 61.9 61.6 58.9 56.9 53 53.3 54.5 61.4 66.9 70.9 70 68.5 61.9 59 65.2 69.9 74.7 79.3 85.3 89.7 91.9 94.2 95.1 95.3 93.8 90.7 85.9 80.2 75 73 75.5
36.6 40.1 45.6 49.7 53.1 55.4 57.7 58.7 57.9 60.4 60 57.9 56.5 54 52.3 51.8 51.3 50.3 47.8 45.7 44.4 44.9 46 43.8 46.5 54.5 60.1 65.1 70.6 73.7 75.7 76.5 78.1 79.5 79.6 79.7 80.1 83.2 86 88.6 88.8 88.4 85.9 81.3 75.6 69.5 63.3 58.3 54.3 50.4 52.3 56.4 56.4 56.5 56.7 56.4 54.7 53.4 51.6 52.8 56.5 63.2 67.7 71 71.5 70.6 64.5 61.2 66.2 71 75.7 81.3 88 92.4 95.1 96.9 98 99.1 97.5 93.5 89.3 84.6 78.5 76.9 80.7
37.6 41.1 44.5 49.1 52.3 55 56.3 56.9 55.7 57.2 57.8 55.7 53.9 51.5 49.7 49.2 48.7 47.8 45 43.6 39.4 41.2 43.5 45.5 49.4 54.9 61.5 66.4 70.2 72.2 73.9 74.5 75.9 76.5 76 74.2 75.7 81.7 84.2 86.2 86.4 85.8 83.3 79.5 73.3 67.2 61.4 58 54.9 50.9 49.1 53.1 52 51.6 48.4 48.4 48.6 50.1 50.5 54.1 58.6 63.8 67.3 70.4 72.1 71.7 68.1 62.7 64.6 69.9 75.7 83.3 89.4 95.5 96 98.2 100.6 102.4 102.4 97.9 90.2 86.6 81.5 80.6 84.9
38.2 42.4 45.9 49 52 54 54.5 53 53 54.8 55.3 53.2 51 48.3 47 46.5 46 45.3 43.2 39.7 40.2 42.8 44.3 50.3 55.3 58.3 63.1 66.5 69 71.1 71.6 72.3 73.8 72.4 70.7 72.5 77.4 81.3 82.8 83 83.4 81.5 78.6 76.6 70.9 65.4 60.4 57.3 54.4 51.2 48.9 48 48.4 49.3 48.9 49.5 50.8 52.8 52.3 55.7 60.6 65.6 68.3 70.8 73 75.6 73.1 66.3 63.9 67.2 73.5 81.6 88 93.3 95.6 97.4 99.6 104.2 104.9 100.8 94 90.2 85.1 83.7 89
39.4 43.1 46.2 48.9 51.8 52.5 53.2 53 52.9 53 52.6 50.6 48.3 46.2 45.2 44.6 44.1 43 41.7 42.6 44.3 46.7 49.3 53.2 56.9 60.9 63 66.2 68.5 70.4 71 69.6 69.8 66.9 65 72.4 77.7 80.6 81.9 81.3 79.5 76.9 75.4 72.6 67.9 63.6 59.5 56.4 53.8 51.3 49.2 47.4 47.8 49.4 51 54 55.5 57.3 55.4 55.9 61.5 66.4 68.9 71.4 74.9 79.1 79 73.2 68.3 66.1 70.1 79.5 85.7 90 90.8 94.9 100.5 104.3 106.3 106.6 100.1 95.9 89.7 89.9 92
40.4 43.6 46.3 48.3 50.2 51.2 51.8 52.5 51.9 51.5 50.2 48.2 45.8 44 43.1 42.8 42.3 40.6 41.5 43.6 47.8 50.2 53.5 55.8 57.3 58.4 63.1 67.1 69.6 71.2 70.8 64.6 65.2 61.1 66.6 73.1 78.2 80.2 80 77.9 75.6 73.9 72.4 70 67.4 62.4 59.2 55.5 53.5 51.5 48.4 47.1 47.5 50 52.9 56.2 58.1 59.9 59.4 55.9 58.7 65.8 68.9 71.7 77.2 81.5 81.4 78.7 73.5 67.3 68.4 73.8 81.6 84.2 84.9 93.5 100.2 104.8 107.4 110 104.7 98.8 91 94.3 97.3
41.2 43.9 45.7 47.5 48.6 49.6 50.7 51.3 50.9 49.1 48.2 46.9 44.6 42.3 40.1 40.5 39.5 39.6 42.3 45.4 49.9 54.2 57.8 59.5 60.6 62.5 66.4 69.3 70.6 71.1 69.2 64.6 61.3 59.7 67.2 74.1 77.2 77.3 76.4 73.6 70.3 69 68.1 67.1 64.6 62.4 58.6 54.6 52.9 50.5 47.9 46.8 47.9 49.7 52.6 55.6 57.8 59.8 60.8 60.9 59.5 62.2 67.5 72.3 77.8 82.1 82 81.2 77.1 73.5 70 68.9 75 77.5 84.2 92.9 98.9 104.7 109.7 111.3 107.8 102.1 96 101.5 104.7
41.3 42.5 43.6 44.8 46.3 47.3 48.5 49.2 48.2 46.4 45.5 44.5 41.9 40.1 38.9 38.8 39.2 40.8 43 47.3 52.7 57 59.9 62 63.8 66 67.6 69.1 70.1 70.2 67.9 63 58.2 59.6 68.4 73.6 76.1 74.6 72.4 69 66.1 64.9 63.9 62.9 61.3 59 56.3 52.5 51.2 50 47.8 47.2 48.4 50.1 52.3 54.5 57 59.2 60.6 61.8 63 60.8 65.9 70.4 76.9 79.1 81.1 83.1 80.7 78.2 77 74.7 71 74.8 81.8 89.5 96.7 103 108.9 113.5 110.9 105.3 101.9 107.5 113.4
40.4 40.8 41.3 42 43.4 46.2 46.7 47.5 45.9 44.2 42.6 41.3 38.9 36.8 36.7 37.9 39.6 41.9 45.9 50.4 55.7 59 61.4 63.2 65.6 66.3 67.3 68 68.6 67.1 64.7 60.8 54.4 60 68.1 72 72.1 70.6 68.1 64.7 62.3 61.5 60.8 60 57.7 55 52.7 50.9 49.1 47 46.5 48.3 49.8 50.8 52.2 54.5 56.7 59.1 61.2 64.1 66.1 64.6 64 68.3 71.2 75 79.2 83.2 85.9 84.8 83.4 81.1 78.6 74 82.3 87.5 95.2 101.1 108.9 115.4 115.2 112 109.8 113.1 117.7
39.2 39.6 40 40.3 40.7 44.7 46.1 45.3 44.1 42.1 40.9 39.2 36.5 34.8 36.7 38.9 40.8 44.8 47.9 53.2 57.3 60 61.3 62.5 64.2 65.8 66.4 66.9 65.8 63.8 61.1 57.3 54 61.3 66 68.5 68.1 66.2 63.6 61.4 58.9 58 57.4 56.2 54.2 51.8 49.3 47.7 47.9 45.4 47.4 49.7 52.7 53.4 55.1 54.9 56.7 60.1 62.9 65.9 68.7 66.9 69.6 72.1 74.1 77.5 81.4 84.9 88.4 89.2 88.3 83.6 81 79 83.8 91.2 97.8 103.5 110.3 116 118.1 116.4 116.1 118.1 121.8
36.7 36.3 36.8 39.3 41 42.7 43.4 42.9 41.7 39.9 38.4 36.7 35.4 36.2 38.4 41.3 42.4 46.8 51 55.4 57.1 59.2 59.7 61.7 63.9 64.7 65.6 66 63.3 60.6 57 53 53.6 59.2 62.5 64.3 63.8 62 60.2 58.3 55.5 54.7 54.3 52.7 50.2 47.7 45 44 44.9 47 49 52.6 56 60 59.4 58.1 57.3 59.8 64.2 68.4 71.5 72.6 71.6 75.4 77.9 80.6 83.6 87.2 90.7 92.2 91.8 86 82.8 81 86.6 93.8 102.8 108.2 113 118.3 121.2 122.9 123.4 123.2 124.3
34.9 34.6 34.4 38.7 41 40.7 40.6 40.3 39.3 37.3 35.9 34.9 35.6 39.2 41.9 43.7 45.3 48.9 52 54.6 56.6 58.5 60.5 61.9 62.8 63.3 63.5 62.8 60.6 57.6 53.6 49.9 51.2 56.8 58.3 60.2 59.5 58.3 56.6 54.9 53.1 53 51.5 50.4 47.2 44.1 43.6 43.7 46.6 49.5 52.9 57.5 60.3 62.2 62.5 62.5 63.3 60.7 66.4 70.6 74.2 75.5 76 75.4 80.4 83.2 86.3 89.7 93.1 95.4 92.4 89.9 88.1 89.1 89.6 97.2 105.7 110.4 116.6 123.1 126.1 126.3 126.2 125.7 124.9
33 34.4 35.4 37.2 38.1 38.8 38.8 38 36.4 34 34 35.3 39 43 44.2 46.1 48.3 51 52.9 54.3 57.1 59.5 60.9 61.1 61.7 61.8 61.4 60.2 58.7 56.1 52.1 50.6 53.4 53.7 54.5 56.5 55.9 54.6 52.7 51.7 51.1 51.1 49.6 47.7 45.5 44 44 46.2 50.2 53.1 57.1 61.1 63.8 65.8 66 67.1 68.4 67.2 68.2 71.4 75.9 78.3 80 81.2 83 85.6 88.5 92.8 96 98.2 94.3 91.6 92.1 95.2 98.2 103 108.6 115.5 122.3 126.4 127 126.8 125.1 122.1 119.5
29.7 31.2 33.4 35.2 35.2 36.3 37.5 35.6 34 34 35.1 38.1 40.5 42.8 45 47.2 49.4 51.3 52.8 54.5 57.2 59.2 59.8 61 61 60 58.6 57.6 56.4 53.3 48.9 48.1 52.8 53.3 51.6 52.7 53.1 50.7 49.8 49.3 48.8 47.9 45.6 43.9 44.2 43.9 44 48.2 52.2 55.3 60.1 63.2 66.1 69 71.5 73.1 75 73.4 70.7 71.6 77.6 80.6 82.5 84.7 86.3 88.3 92.3 97.1 101.3 103.4 100.4 95.2 94.8 98.1 101.6 105.9 112.7 119.9 124.5 127.1 125.7 123.3 121.2 117.8 115.1
29 29.4 31.8 33.5 34 34.9 35.7 35.1 34 34.9 36.8 39.1 40.5 42.4 44.3 46.9 48.8 49.9 52.2 54.4 56.1 57.4 58.1 58.1 58.4 57.6 55.8 54.5 53.7 50.9 46.9 45.3 51.2 50.3 49.7 49 49.1 46.7 46.2 45.4 45.7 46 44.1 43.9 43.9 44 45.9 48.7 52.5 56.7 60.8 64.6 67.2 70.3 74.4 78.9 79 77.5 74.6 71.2 75.4 82.9 85 88.2 90.1 92.6 96.8 102.3 108 108.6 107.7 102.3 98.5 103 108.5 113.2 120.3 123.2 123.4 122.5 121.9 119.7 117.3 112.9 108.1
35.4 32.2 31.7 33.2 33.9 32.2 32.5 34.6 35.5 35.6 36.8 38.9 40.1 41.5 43.2 44.8 46.1 47.3 50.8 54.3 53.9 55.3 55.6 54.7 54.8 54.9 53 51.3 51.1 49.4 44.5 41.3 44.1 45.6 44.7 44.3 43.7 43.6 43.9 43.8 44 43.6 43.3 43.9 44 44.8 47 49.8 53.5 56.5 60.4 64 67.6 71.6 77.2 80.8 81.9 81.3 77.9 74.1 74 78.9 85.9 89.2 94.7 97.4 103.1 107.3 111.9 112.6 113.5 110.7 111.2 114.1 118.1 121.1 121.3 122.8 123.4 120.7 118.3 115.5 112.8 109.2 103.9
38.6 35 34.5 35 35.2 31.8 31.6 34.3 35.9 34.9 34.4 36.1 37.9 39 40.3 41.6 42.9 45.3 50.3 51.3 50.3 51.5 51.1 50.3 51.1 51.1 49.5 48.2 48 47.5 43.1 39.3 39.7 41.3 39.6 41.1 41.2 42.9 43.1 43.1 43.8 43.3 44.6 44.3 45.1 45.6 47.9 51.8 56.2 58.1 59.4 61.2 66.1 71.7 76.5 80.4 83.3 83.9 80 74 75.6 82.6 88.6 94.5 100.6 103.3 107.7 111.6 114.6 116.8 117.9 119 119.7 120.4 121 124 124 121 120.6 117.2 114.2 112.3 109.8 104.6 99.7
39.7 36.4 35.2 36 36.8 35.7 33.5 33.8 33.8 34.2 34.3 33.9 34.7 35.6 36.6 38.2 39.9 42.9 46.2 46.8 45.9 47 48.1 48.1 46.3 46.6 45.6 44.6 45.2 45.1 42.8 39.8 39.3 39.5 40.3 42.9 44.1 46.2 46.5 47.3 49.1 48.1 47.7 48.2 48.5 46.9 48.7 52.1 56.7 60.5 61.1 61.1 63.7 69.9 74.7 79 82.6 84.7 83.8 83.3 83.3 90.4 95.3 101 105.9 108 111.6 114.5 117.8 120.5 120.9 120.8 121 121.9 122.5 122.4 121.2 120 116.1 112.9 110.6 108.2 104.2 99.6 96.1
46.2 39.4 41.8 43.8 42.4 38.8 34.3 34 36.3 33.8 33.6 33.2 33.4 33.8 33.9 35.1 36.5 36.9 38.8 40.3 41.2 43.2 43.5 43 41.3 41.5 42.2 42 42.2 42 40.5 39.8 40.8 44 43.6 46.5 48.5 52.4 54.5 53.2 55.3 54.9 53.4 52.4 52.3 49.1 50.5 50.8 55.5 60.7 64.2 68.1 69.3 71.6 74.8 77.3 81.8 87.7 89.7 91 93.3 98.5 103.2 108.1 110.1 111.6 113.3 116.7 119.7 121.9 123.6 123.5 123.2 123.1 122.3 121.4 121 116.6 112.8 109.6 106.1 103.5 100.1 96.4 93.1
49.3 42.8 45.9 46.6 45.3 39.6 36.3 36.2 38.9 42.6 37.9 34.6 34 33.8 33.7 34 34 34.3 34.2 36.3 38 38.4 38.7 38.7 38.7 38.8 39.7 40.4 39.7 38.8 38.3 39.8 42.6 48.2 47.9 48.3 53.7 57.8 61.2 59.7 62.3 64.5 62.7 59 54.9 53.7 55.2 53.5 54.3 59.3 66.5 72.1 75.4 77.7 79.4 81.1 84.6 89.2 93.6 96 100 103.4 105.9 110.6 110.4 111.2 114.8 116.6 118.8 121.6 123 122.7 121.9 121.7 120.9 119.6 118.1 113.9 109.1 106.4 102 99.9 96.9 93.8 90.4
49.1 48 51.4 51.7 45.2 40.4 39.1 39 42.1 44.1 45.5 42.3 39.9 38.8 36 34 34.7 34 35.4 36.4 35 34.8 37.5 38.7 38.8 38.7 38.4 38.8 39.3 38.4 38.2 42 46 50.3 52.4 49.6 57.2 61.9 65.8 65.5 67.1 69.8 69.9 65.5 59.9 59.1 60.7 58.8 55.2 59.9 66.7 74.4 79.4 81.6 83.9 86.8 90.4 93.9 97.6 100.7 104.5 106.1 107.1 109.3 109.5 110.4 113.2 115.3 117.7 119.3 120.1 120.3 120.8 119.2 117.7 116.2 114.4 110.9 106.5 103 99 95.4 93 90.2 88.1
54.3 53.9 56.8 54 45.7 43.4 42.3 42.2 45.5 49.2 50.3 47.9 44.5 43.9 41.8 38.5 39 40.2 40 41.4 36.7 34.9 37.1 40.6 41.9 41 40.2 39.5 40.2 41.2 42 44.9 49.1 52.8 56.5 55.6 55.3 60.8 66.6 68.3 70.5 73 73.5 68.6 63.8 62.1 65.4 64.9 58.8 57.6 64.4 74.3 80.6 83.4 86.9 90.9 94.4 98.5 100.7 103.7 105.9 105.7 105.7 105.6 105.7 107.5 108.3 111.2 113.8 116 117.4 118.4 117.6 116.1 114.9 113.2 109.6 106.6 103.2 100.7 96.6 92.8 89.4 87.9 87.9
61.8 61.1 58.2 53.9 47.3 48.4 43.8 45.5 49.2 52.4 55.6 53.1 50.1 47.6 45.2 42.1 42.7 45.3 46.9 47.4 41 37.5 41 45.2 47.7 48.1 45.7 43.3 45.7 49.2 50.6 50.2 52.8 54.3 60 61.9 57.4 61.2 64.3 68.5 71.9 75.2 76.6 71.6 66.6 67 69.8 69.6 64.8 59 63.4 72 79.4 84.4 89.2 93.3 97.5 101.1 101.3 103.1 103.8 103.1 102.4 101.9 101.5 102.1 104.2 107.2 111 114.3 116 116.4 115 112.8 112.2 110.5 107.1 101.4 98.2 97.1 94.1 90.5 87.9 87.9 87.9
68.9 65.2 61.3 54.9 52.8 52.6 48.1 50.5 55.3 58.8 60 57.3 54.9 51.8 48.6 45.7 46.7 50.5 52.7 51.3 44.8 38.9 42.3 47.2 50.4 52.1 51.1 47.2 49 53.4 56.8 57 56.2 56.7 61.3 65.8 64.3 68.4 68.1 69.3 72.5 76.3 77.9 75.4 71.3 71.2 73.2 73.3 72 66.8 63.3 68.6 78 84.9 91.4 95 98.3 100.2 101 101.7 100.8 99.7 98.3 97.2 95.4 97.5 100.9 105.5 109.4 113.1 116 115.4 112.4 109.9 109.8 107.2 104.3 100.2 94.5 92.5 91.4 87.9 87.9 87.9 87.9
71.2 67.4 63.4 58.9 60.2 57.4 53.4 57.5 61.1 62.1 61.3 61 58.7 55.4 52.1 47.8 50.7 54.1 55.8 54.3 49.9 44.1 43.1 48.3 52.3 54.6 54.9 52.8 51.4 56.1 58.7 59.7 61 62.6 65.2 67.3 69.2 71.3 71.2 71.5 74 77.8 80.2 79 76 76.7 77 78.5 77.8 73.8 70.1 73.1 81.4 89.5 93.6 95.6 96.7 97.8 97.7 98.8 97.3 95.2 94.1 90.6 93.9 98.2 103.5 106.3 108.8 112 113 111.7 109.5 106.9 105.8 103.1 99.1 96.2 93.7 89.7 89.8 87.9 84.4 82.8 85
71 67.7 65.7 64.2 62.3 60.6 60.7 62 63.9 62.4 61.4 61 61 58.6 54.1 50 54.8 57.5 58.7 57.3 54.5 49.7 44.3 49 54.4 57.2 58.2 57.1 55.2 58.7 61.3 63 65.6 67.3 69.6 70.2 71.6 74.3 75.4 76.8 78.7 81.3 82.4 82.7 81 81.6 81.3 81.6 82.8 79.9 78.2 80.1 86.7 91.8 94.2 95.2 95.8 94.2 94 94.6 92.9 90.8 89.3 90.6 95.9 100.2 106 108.4 110.2 110.9 110.8 109.3 105.3 101.9 103.5 100.5 94.6 92.8 90.3 87.7 83.9 85.1 83.2 81.2 83.6
