STL Generation/terr50_gagg_gb/data/TQ67.asc
ncols 200
nrows 200
xllcorner 560000
yllcorner 170000
cellsize 50
[rows 156 to 194 of 200, columns 87 to 173 of 200]
31.7 35.7 37.1 37.7 38 37.7 39.3 40.9 42 42.5 43.1 43.5 43.3 45.1 46.3 47.4 48.4 49.4 50.1 48.6 47.9 47.1 47.4 48.4 47.4 45.9 42.7 38.6 34.9 30.6 26.5 24.1 25 28.2 32.4 36.6 40.1 42.6 45 48.1 48.9 49 51.9 53.1 53.5 54.8 55.3 55.7 55.7 55.4 53.3 52.1 46.9 46 48.2 49.8 51.5 52.8 54 53.4 52.3 51.8 51.4 51.8 51.5 50.2 49.7 50.8 51.2 51.4 50.7 49.8 48.4 47 47.7 47.8 47.6 46.8 45.3 43.6 41.8 38.7 35.2 31.8 28.4 24.7 24.2
34.6 37.3 39.2 40 40.5 39 39 41.7 43.5 43.8 44.1 44.9 45 46.5 47.3 48.2 49.2 50.3 50.9 48.9 48.5 48.3 49.3 50.3 49.7 48.2 44.2 39.3 35.5 30.5 25.3 25 26.5 29.5 34.5 38.2 42.5 46.3 49.3 50.9 50.1 49.3 51.8 53.7 55.4 56.1 56.4 56.5 56.4 56.4 54.9 51.8 48.9 48.5 51.3 53 54.1 54.2 56 53.2 54.2 53.4 53.8 54.4 53.7 53.2 52.6 52.5 52.9 52.8 52.4 51.4 50.5 49.8 50.3 49.9 48.6 47.6 46 44.2 41.9 38.4 34.6 30.9 28.1 25.9 25.9
36.6 38.3 40.2 40.8 40.5 39.7 39.5 41.4 43.8 44.6 45.2 46.3 47.1 48.1 48.9 49.7 50.5 51.2 51.2 50.9 50.3 49.8 50.9 51.5 51.3 49.9 46.4 40.6 36.5 30.6 25.6 26.4 29.3 31.7 35.7 39.5 45.1 48.9 51 51.9 51.5 51.5 53 55.2 56.1 56.8 57.2 57.3 57.3 57.3 55.4 53.9 51.6 51.7 53.6 55.3 56.2 56.2 55.8 55.3 56.1 54.8 55.4 56.3 55.8 55 54.4 54.2 54.4 54.1 53.8 53.1 52.2 52.3 51.8 51.1 50.1 48.7 46.9 44.6 41.6 37.8 34 30.3 28.7 27.6 26.9
37.5 39.2 40.7 41 40.6 40.2 39.7 42.3 44.6 46.2 46.9 47.8 48.9 49.7 50.5 51.2 51.9 52.6 53.2 52.9 52.8 52.6 52.9 53.2 52.9 51.4 49.6 42.3 37 29.8 26.1 28.8 32.1 34.3 37 41.3 46.5 50.8 52.6 54.4 54.2 54.2 54.7 55.6 56.5 57.3 58.1 58.2 58.3 58.3 57.3 56.1 54.2 53.8 55.2 56.8 57.5 57.5 57 56.6 57.1 56.1 56.5 57.1 57.1 56.6 56.3 56 55.6 55.4 55.2 54.8 54.4 53.9 52.9 52.1 51.2 49.5 47.4 45.3 41.7 37.9 33.5 29 28.6 28.2 28.1
38.2 40.2 41.8 42.7 42.5 42.3 42.5 43.4 45.6 47.2 48.5 49.4 50.4 51.2 51.8 52.5 53.2 54 54.8 55 55 55.2 55.3 55.4 54.3 51.2 49.2 43.4 37.1 29.2 27.2 30.4 34.4 37.2 39.5 43 47.8 51.3 53.8 55.8 55.7 55.5 54.4 55.8 56.6 57.7 58.8 59.4 59.3 59.3 59.8 57.9 55 54.9 56.4 57.6 58.3 58.8 58.1 58 58 57.6 58.1 57.8 57.8 58.1 57.7 57.1 56.5 56.4 56.3 56.1 55.9 55.1 54 52.2 50.7 49.2 47.2 45.2 41.5 37.5 33.3 29.2 29.1 29.1 29.3
38.9 41.3 43.4 44.6 44.5 44.4 44.3 44.3 46.7 48.3 49.5 50.5 51.2 52.2 53.2 53.8 54.6 55.4 55.9 56.1 56.3 55.9 55.6 55.6 54.5 51.8 47.7 42.4 34.4 28.1 28.8 32.1 36.1 40.1 42.3 44.8 48.3 52.8 55.1 57 57.2 56.5 56.2 56.8 57.9 58.8 60.1 60.9 61 61 60.2 58.6 58.2 57.3 57.9 58.3 59 60 59.3 59.3 58.9 58.9 58.5 58.8 58.3 59.3 59.1 58 57.2 57.2 57.2 56.9 56.1 56 54.5 52.6 50.8 48.6 46.6 44.9 41.5 37.5 33.2 29.5 29.1 29.1 32.2
40 42.8 45 45.8 45.6 44.3 44 44.5 47.3 49.2 50.3 51.1 52.2 53.1 54.1 55.2 55.7 56.3 56.8 57.3 57.6 56.9 56.5 56.2 54.2 50.4 45.3 38.7 30.6 28.6 31 34.5 38.4 42.1 45.2 47.8 51.9 55.2 56.5 58.2 58.7 58.4 58.2 58.4 59.5 60.7 60 62 63.1 63.1 61.8 60.6 60.5 59.2 59.3 59.2 60.2 61.2 60.6 60.6 59.3 59 59.5 59.8 58.9 60 60.3 58.7 58 58.1 58.1 57.6 56.7 56 54.2 52 50 47.7 45 42.5 39.7 36.5 32.3 29.3 29.1 31 34.8
40.8 43.8 45.8 46.1 46.3 46 44.5 45.2 48.2 50.1 51.2 52.3 53.5 54 55.1 56 56.6 57.3 57.9 58.5 58.8 58 57.6 57.1 53.9 49.8 43.3 36 29.1 29.9 33.1 36.8 40.7 44.2 47.4 50.8 52.6 55.8 57.7 59.4 60.3 60.3 60 59.5 59.7 62.2 61.9 62.4 63.5 64.2 62.7 61.7 61.6 61.3 61.7 61.3 61.8 62.4 61.9 61.5 60.6 60.5 61.3 60.7 60.5 60.9 61 59.5 59.4 59.5 58.5 57.7 56.3 55.3 52.7 50.5 47.8 44.7 41.7 39.3 35.9 34.3 31.5 29.7 30.8 33.7 37.3
40.7 44.3 46.4 47.2 47.6 47.9 45.3 46.5 48.9 51.1 52.5 53.7 54.5 55 55.9 56.7 57.3 57.9 58.6 59.4 60.1 59.2 58.6 57.4 54.1 49.8 42.7 34.3 29.7 32.7 35.8 39.3 43.1 46.5 50 53.5 55.5 57.2 59 60.7 61.3 61.4 61.2 60.1 60.9 62.9 63.1 63.1 64 64.4 63.2 62.6 62.4 62.2 62.7 63.5 63.7 63.5 63.1 62.5 62.3 61.7 61.8 61.4 60.9 61.3 61.2 61 60.8 60.3 58.3 57 55.5 53.5 50.1 47.5 44 40.8 38.3 35.2 34.4 34 32.8 32.5 33.5 36.3 39.7
39.8 44.1 45.9 48 49 49.4 48.5 48.8 49.3 51.4 53.2 55 55.4 55.9 56.7 57.5 58.1 58.5 59.1 59.5 60.9 60.9 59.2 57.9 54.4 48.7 40.2 33.4 31.5 35.4 39.1 42.3 45.6 48.5 51.9 55.4 58.4 60.6 60.6 61.5 62.2 62.6 62.1 61.5 62.3 63.3 63.8 64.1 64.4 64.5 64.6 64.2 63.8 63.4 63.1 64.2 64.8 64.4 64.4 63.2 62.7 61.9 61.9 62.1 61.3 61.5 61.3 61.1 61 60.4 57.2 55.1 52.7 49.8 46.9 43.5 40.3 38 36.5 34.1 34.4 34.9 35.5 35.6 36.4 38.9 42.3
36.7 41.3 45.9 48.4 50 51 50.3 49.4 49.7 51.9 54 55.2 55.9 56.6 57.4 58.2 58.8 59.3 59.4 60.5 60.7 61.5 60.9 58.4 54.9 48 39.4 33.4 32.6 36.5 40.5 45.1 49.2 51.1 54 57.4 60.5 61.3 62 62.1 62.8 63.3 63.1 62.8 63.1 64 64.5 64.9 65.5 66.1 66.2 66.6 65.3 64.3 64.1 64.5 65.3 66 65.5 63.6 62.9 62.1 62.1 61.9 61.2 61.4 61.1 61 60.6 58.6 55.4 51.4 48.6 46 43.6 40.8 39 38.5 37 36.1 37.4 39 39 38.9 38.9 40.9 44.3
34.9 38.9 43.8 48.5 51 51 51 50 49.9 52.1 54.6 56.4 57 57.6 58.3 59 59.6 60.1 60.5 61 61.9 62.7 61.9 59.2 55.2 48.9 39.8 34.7 33.2 37.3 41.8 46.3 50.8 54.1 56.2 59.2 61 62.6 63.2 63.4 63.3 64.5 64.1 64.1 64.4 64.7 65.1 66.2 67.3 68 68.3 68.8 67.6 65.3 65.3 65.4 65.5 65.9 65.9 64.4 62.9 62.2 62 61.5 61.2 61.1 60.8 59.7 58.2 55.2 51.2 48.8 46.3 44.5 42.7 40.6 40.7 40.7 39.8 38.9 39.8 41.9 43.1 42.9 42.4 43.1 45.7
37 38.4 40.8 45.4 49.5 50.8 50.8 50.5 51 52.3 55 56.5 57.8 58.5 59.2 59.3 60.7 61 61.3 61.9 62.8 63.3 62.6 60.1 56 48.5 40.5 35.5 34.1 37.5 42.3 46.3 51.1 55.7 58 59.8 61.5 63.4 64.5 64.7 64.2 64.9 64.5 65.2 65.3 65.6 66.8 68 69.1 70 69.3 70.2 69.3 66.6 66.7 66.8 66.7 66.4 66 65.4 64.6 62.3 62.3 61.2 60.4 59.7 58 55.9 53.7 50.2 48.4 46.3 44.1 44.4 43 43 45.7 46.3 43.9 41 40.3 43.1 46.7 46.7 46.3 46 47.7
44.6 40.4 39 44.2 49.2 50.8 50.4 50.7 51.8 52.9 55.7 56.5 57.7 59 60.1 60.1 60.6 61.5 61.9 63.1 63.4 63.6 63.1 61.1 56.3 48.4 41.9 36.6 35.7 36.8 42 46.7 51.6 56.1 59.2 61.1 62.4 63.8 65.7 65.9 65.4 66 65.3 65.8 66.6 67.1 68.1 69.5 70.9 70.4 69.9 70 69.4 67.5 68.2 68.2 67.9 67.5 66.6 65.8 66 63.3 61.9 60.4 57.6 55.5 53.3 51.3 49.2 49.1 47.7 45.6 44.1 44.4 44.3 44.9 49.2 50.6 47.6 44.6 42.9 44.3 47.5 50.6 49.8 48.6 49.9
48.3 45.8 42 44 47.6 50.6 50.4 51.7 52.7 53.8 54.9 56.6 57.6 58.9 60.1 61.2 61.3 61.9 62.6 64.1 64.7 64.6 64 61.9 57.5 50.8 44 38.7 35.8 35.1 41 46.5 51.8 56.1 59.6 62.2 63.5 65.1 66.5 66.6 66.5 66.6 66.6 66.7 67.4 68.1 69.1 70.4 70.7 70.8 70.8 70.9 70.2 68.8 69.6 69.2 68.8 67.8 66.7 65.8 65.1 61.8 60 56.7 54.2 53.4 50.7 49 49 49 48.8 49 49.3 49 47.7 47.5 50.8 53 51.4 48.3 44.2 44.2 47.8 51.3 51.8 51.3 52.9
50.6 49.1 46.1 44 46 50.2 51.8 53.1 54.3 54.4 55.6 56.3 57.5 58.7 59.8 61 62.1 62.5 63 64 65.4 66 65 63.2 59.8 54 47.1 41.3 37.7 37.2 39.9 45.4 51.8 56 59.8 62.3 64.7 66.4 67 67.2 67.7 67.3 67.8 67.6 68.1 68.9 69.8 70.5 70.5 70.5 70.3 70.4 70.4 70.5 70.5 69.7 69.3 68.4 67.3 65.4 62.9 60.6 56.5 54.2 54.2 54.1 53 53.1 52.5 51.3 51.5 52.1 52.3 51.9 50.6 49.6 52.9 55.9 54.5 51 47.3 45.3 48.3 52 54.6 53.5 55
50.7 51.3 48.4 46.1 47.2 49.6 52.3 54.8 55.6 55.6 54.8 56.6 58.3 59.5 60.1 61.5 62.3 63.2 64.2 64.5 66.1 66.3 66.2 64.8 62.2 57.4 50.9 44.8 40.9 39.1 38.7 43.7 49.6 54.8 59.9 62.9 65.5 66.9 67.6 68 68.5 68.3 68.4 68.6 68.9 69.7 70.5 70.4 70.5 70.5 70.6 70.6 70.7 70.7 70.8 70.9 70.1 68.6 66.6 64.7 61.6 57.3 54.1 54.1 54.6 55.5 57.1 57.4 55.3 54.1 54.6 55.3 55.9 54.2 52.8 52.5 54.3 55.7 56.2 53.1 50 47.9 48.9 52.7 55.9 56.4 58.4
51.7 53.5 51.7 49.9 49 49.1 51.4 55.1 56.1 56 55.7 56.9 58.8 60.5 61.1 61.8 62.5 63.4 64.5 65.5 66 66.2 66.6 66 63.4 60.1 54.1 48.8 45.5 40.8 38.6 42.2 48.1 53.4 58.4 62.4 65.5 66.9 68.2 68.7 69.3 69.3 69.1 69.2 69.7 70.4 70.3 70.5 70.7 70.8 70.9 70.9 71 71 71.1 70.7 69.6 68 65.8 63.1 59.7 57.4 57.1 58.5 59.9 60.2 60.3 60.5 58.7 57.8 59.3 59.9 59.9 57.4 55 54.1 54.7 57.6 59.7 55.3 52.1 48.6 49.5 53.6 57.5 58.5 61.7
53.5 56.1 54.5 52.8 50.2 49 50.9 54.2 55.6 55.7 56.6 57.8 58.9 60.2 61.2 62.1 62.8 63.6 64.7 65.8 65.6 66.8 67.3 66.7 64.9 62.4 58 53.4 48.3 43.2 39.4 41.5 47.4 53.5 58 61.6 65 66.6 68 69.5 69.8 69.7 69.5 69.6 70.2 70.7 70.4 70.6 70.8 71 71.2 71.2 71.3 71.3 71.2 70.4 69.3 67 65.3 61.6 59 59 59.8 61.9 63.1 63.3 63 62.1 61.3 62.1 63.4 63.8 62.5 60.4 57.2 55.3 57 60.2 60.9 58.1 53.4 50.3 50.7 54.6 59.1 61.9 65
53.8 56.1 55.7 55.2 53.5 51.7 52.7 54.5 54.9 56 57.7 58.9 60 60.3 61 62.1 63.1 63.8 65 65.9 67.4 68.3 68.6 67.4 65.5 63.6 61.5 57 51.3 45.6 43.6 42.8 46.7 52.5 57 60.4 63.9 66.4 68 69.5 69.9 69.7 69.7 69.7 69.8 70.6 70.5 70.7 70.9 71.1 71.3 71.5 71.6 71.4 70.9 70.3 68.4 66 63.5 59.9 59 59 61.8 64.5 65.4 65.9 65.2 63.8 64.3 66.2 67.1 66.8 64.7 62.6 60 58.1 59.2 60.9 60.9 59.9 55.3 53.4 53.1 54.1 58.2 63.5 67.1
53.8 56.3 56.2 56.2 55.6 54.4 53.9 54 55.1 56.4 57.7 59.6 60.3 60.7 61.1 61.7 62.8 64 64.5 68.2 68.6 69.1 69.2 68.4 66.6 64.5 62.2 58.8 54.6 48.4 45.2 43.6 45.4 51.1 55.8 58.8 62.1 65.4 67.4 69.2 69.9 69.8 69.8 69.8 69.8 70 70.3 70.8 71 71.2 71.4 71.6 71.7 71.2 70.7 70.1 68 64.7 63.3 60.1 59 61 64.8 66.8 67.7 66.9 66.5 66.3 66.7 69.8 72.1 69.5 67 65 61.7 58.9 59.6 61.9 61.7 60.9 58.7 57.6 55.2 54.1 56.3 61.8 66.7
53.5 55.9 56 56.7 57 56.4 54.8 54.2 54.4 56.4 58.3 59.5 60.3 61 61.3 61.9 62.4 63.6 65.3 70.5 69.2 69.6 69.6 69 67.6 65.4 63.2 59.8 56.3 51.4 45.6 44 44.5 48.3 53.5 56.9 60.5 63.5 66.4 68.4 69.8 70 69.9 69.9 70 70.1 70.4 70.6 71.2 71.4 71.5 71.6 71.7 71.4 71.5 69.4 68.8 66.5 64.5 62.1 61.1 63.8 68 70.3 68.7 68 67.4 68 69.5 74.5 76.2 71.9 68.1 66 63 60.1 60.7 62.7 62.4 61.5 61.1 60.1 58.2 55.6 55.9 59.6 63.7
52.6 55.2 56.6 57.2 57.8 58.1 57.2 56.2 55.9 57.7 59.1 59.8 60.5 61.3 61.8 61.9 62.2 63.4 64.6 70.4 70.5 69.9 69.7 69.2 67.8 66.2 63.9 61.3 58 54.2 47.4 43.8 43.6 45.8 50.8 54.6 58.8 61.9 64.9 67.2 68.9 70 69.5 69.6 69.7 69.8 70 70.1 70.8 71.5 71.5 71.6 71.7 71.8 70.3 69.9 69.9 67.8 65.3 64.1 63.9 67.3 70.8 70.7 70 69 70.1 71.4 74 78.4 78.8 73.6 68.6 65.1 63 61.8 61.9 62.8 62.7 62.6 63.3 62.1 59.7 57.2 56.8 58.9 62.5
51.3 54.3 56.4 57.9 59.3 59.6 58.8 57.9 57.9 58.8 59.8 61 60.9 61.6 62.2 62.5 63.2 64 64.9 68 69.8 69.6 69.4 68.8 67.4 66.2 64.5 62.2 59 55.7 50.8 45.9 44.3 45.1 48.1 52 56.5 59.8 63.1 65.5 67.5 68.1 68 68.1 68.2 68.6 68.9 69.7 70.6 71.3 71.7 71.8 71.8 71.7 69 71.5 71.6 69.4 66.5 64.5 64.2 67.2 71.6 73.5 72.4 71.9 74.1 76.1 79.2 81.5 80.8 74 69.1 65.5 63.6 62.6 62.9 63.5 63.4 63.4 65.6 64.3 59.5 58.1 58 58.9 63.8
49.9 54.6 56.2 58.1 60.1 61 59.9 59.5 59 59.3 60.5 61.9 61.9 62.1 62.6 63 64.1 64.9 65.4 67.7 69.2 69.1 68.8 68.2 67.2 66 64.4 62.1 59.6 56.6 53.1 48.5 45.4 45.8 48 49.4 53.3 57.4 60.4 63.4 65.9 66.5 66.4 66.6 67 67.8 68.4 69.5 70.5 71.1 71.5 72 72 71.8 70.7 70.6 70.3 69.1 67 65.3 64.2 65.6 74 76 75.3 75.3 78.4 82.7 88.1 87.7 83.6 74.6 69.9 67 64.8 64.5 64.9 64.3 64.1 65.4 66.3 64.8 59.5 58.7 58.8 60.7 65.5
51.1 54.2 56.1 58.3 59.6 59.9 61 60 59.3 59.9 61.3 62.7 63.3 62.5 62.5 62.7 63.6 65 65.4 67 68.5 68.3 67.7 67.1 66.5 65.1 63.7 61.5 59.1 55.9 51.8 48.4 47 47 48 48.5 50.9 54 56.9 60.3 63 65.6 65.4 65.4 66.3 67.1 68.2 69.3 70.3 70.9 71.4 71.8 72.2 72.2 71.9 71.3 70.7 70 69.5 68 65.5 64.1 72.1 75.8 76.1 77.4 81.3 91 99.3 94.3 88.6 78.9 72.8 69.5 69 67.2 67.4 66.5 66.2 67.5 66.5 64.3 60.2 59.3 61.2 64.2 68.7
54.2 54.5 57.1 59.4 60.5 60.8 61.2 61.1 61.1 61.4 61.9 63.3 64.8 63.6 62.4 62.7 62.8 64.3 65.5 66.1 67 67.7 67.2 66.7 65.7 64.1 62.5 60.7 58.6 55.3 51.6 49.7 50.7 49.3 48.3 48.3 49.2 49.6 53.5 57.1 60.1 62.8 63.9 64.5 65.2 66.6 67.9 69 70.1 70.7 71.2 71.6 72.3 72.6 72.9 72.3 71.7 71.2 70.9 70.2 68.2 68.1 69.2 72.3 75.3 78.1 84.1 97.1 99.9 90.9 84.1 76.3 73.5 74.3 74.5 71.3 70.4 71.5 72.2 71.3 67.9 64 61.5 61.9 64.2 67.3 74.4
54.8 55.3 58.1 60 61.4 61.9 62.6 63.2 63.4 63.3 63.7 63.3 64.2 66.1 67.5 65.4 62.7 64.7 64.3 64.8 65.6 66.5 66.8 66 64.9 63.6 61.8 60.1 58.6 55.6 54.1 54.2 56.9 55.9 51.8 49.3 49.7 49.3 50.8 54.2 57 59.9 60.7 61.8 65.1 65.7 67.1 68.6 69.9 70.6 71.2 71.9 72.6 73.1 73.6 73.4 72.8 73 71.9 71 70 69.2 69 70 74.2 78.4 86.6 100.6 98.8 89.2 79 74.3 74 75.8 76.9 74.9 76.8 77.3 75.8 73.1 69 64.1 63.4 64.9 67.2 72.8 82.8
56.6 56.6 57.4 59.4 61.5 63.4 64.1 65.4 65.2 65 64.2 63.9 63.6 64.1 67 66.4 66.3 66.3 65.5 65.1 65.3 65.6 66.1 65.2 64.4 63.5 62.2 61 60.2 57.7 55.9 57 60.5 60.5 57.7 54.1 52.1 50.2 50 52.2 53.9 55.1 57 60.3 63.9 64.8 66.3 67.7 69.2 70.4 71.2 72.3 73 73.6 74.2 74.6 74.1 74.5 73.7 72.6 71.7 69.9 69.1 69.7 73.9 80.4 90.3 102.3 101.9 87.3 76.9 75.8 76.6 77.4 78.2 80.1 82.4 80.7 77.4 73 70.3 65.8 66.1 69.2 72.3 81.5 88.6
58.3 58.1 58.3 59.4 61.7 64.2 65.7 65.6 65.9 66 64.5 63.8 63.6 62.9 66.1 66.5 66.5 66.4 66.4 66.5 66.5 66.4 66.3 65.8 65.1 64.2 63 61.8 61.1 59.5 58.9 58.9 62.4 63.2 61.6 59.3 56.1 53.6 52.7 52.2 53.4 54.4 54.8 56.8 59.7 61.7 65.4 66.8 68.8 70.2 71.3 72.4 73.4 74 74.7 75.3 75.4 75.7 75.1 74.1 72.5 71.1 69.3 69.9 73.8 81.6 93 103.3 103.2 90.7 80.5 79.8 78.9 78.8 81.6 85.2 86 83.6 77.7 72.9 69.7 68.4 68.4 71.2 76.9 87.9 89.7
59.2 58.8 59 59 61.3 63.9 65.9 65.6 65.8 66 64.4 64 63.6 62.9 66.5 66.6 66.6 66.5 66.5 66.5 66.6 66.6 66.6 66.6 65.9 65.4 64.2 62.6 61.4 60.2 59.2 60.4 64.2 66.1 65 62.9 61.4 60.5 55.8 54.2 53.6 53.9 54.1 55 58.1 59.7 63.6 66 68.6 70.7 71.7 72.5 73.5 73.8 75 75.9 76 75.9 76 75.5 73.3 71.7 71 71.3 73.2 82.6 95.8 104.6 102.8 91 84.1 83.3 80.6 82.1 87.2 88.7 86.4 82.2 76.5 72.8 70.1 68.9 69 72.3 82.2 87.3 89
60.6 59 59 59 61 63.2 64.6 65.5 65.6 65.3 65.5 64 63.6 63.3 66.5 66.6 66.7 66.6 66.6 66.6 66.6 66.6 66.6 66.8 66.7 66.2 65.6 63.4 62 60.8 61 61.7 65.7 68.2 67.9 66.4 65.9 65.2 62.6 58.8 55.9 55.1 56.4 57.3 58.5 59 61.2 65.9 68.1 69.8 71.4 72.5 73.5 73.7 73.9 74.8 76 75.6 76.5 75.9 74 73.4 72.8 71.7 74 86.2 99.5 104.8 98.3 92.1 89.8 85.2 82.9 85.9 96 92 84.8 79.6 75.8 73.2 71.2 71.5 69.6 72.8 83.5 88.9 90.9
61.7 60.5 60.2 60.1 61.3 63.5 64.6 65.2 65.8 66.2 66 63.8 63.4 63 66.1 66.6 66.6 66.7 66.6 66.7 66.7 66.7 66.7 66.8 66.6 66.1 65.6 64.9 62.4 61.3 62.2 63.6 65.8 68.7 72 70.4 69.5 68.6 66.9 64.9 62.4 60.7 59.9 60 59.2 59.2 59.5 63.4 66.4 69.3 70.8 71.7 72.7 73 73.1 73.3 73.9 74.9 76.5 78 76 75.4 74.4 73.2 74.9 87.4 99.7 103.2 101.8 97.4 91.8 86.3 84.2 93.9 96.2 94.5 85.8 86.5 80.8 76.1 73.4 73.4 74.5 76 78.2 86.3 90.4
63.3 62.4 61.9 61.9 62.5 63.7 64.2 65.3 66 66.4 66.4 64.5 63 63.2 65.4 65.7 65.9 66.5 66.7 66.7 66.7 66.7 66.7 66.6 66.2 65.8 65.2 65 64.3 62.3 61.8 65.9 64.1 66.2 69 71.3 72.1 71.3 70.3 68.3 66.1 64.2 62.6 61.7 60.3 59 59 61.8 65.4 67.6 69.8 70.9 71.8 72.3 72.8 73.4 73.7 74.4 75.3 77.6 78.7 77.3 75 74.3 74.9 87.8 98.8 106.1 106.5 102.7 93 90 90.1 94.2 96 96.4 95.9 94.1 84.6 80.2 76.6 78.1 80.1 79.7 78.7 81.7 90.6
64.9 64.2 63.6 63.8 64.4 64.7 64.9 65.7 66.5 66.5 66.5 64 63.5 63 66.2 66.3 66.4 66.4 66.7 66.9 66.9 66.9 66.9 66.7 66.2 65.6 65.3 65.2 65.2 64.9 62.6 65.2 65.7 66.8 68.6 71.9 74.2 74 73.3 71.6 69.9 68.5 65 63.6 62.2 62.4 61.5 62.1 63.4 66.6 69.7 70.7 71.6 72.3 72.9 73.5 73.8 74.3 75.2 77.5 80.8 79.5 77 74.1 74 82.8 96.1 104.1 105.5 106 100.6 100.6 100 96.9 99.4 95.6 95.5 92.2 85.3 79.7 79.2 82.8 82.8 81.5 81.5 86.9 91.5
65.7 66.1 65.7 64.1 64.3 64.4 66.2 66.7 66.8 66.8 66.5 64.5 63.6 62.8 65.5 65.7 65.7 66.3 66.9 67.3 67.3 67.3 67.2 67 66.6 66.1 65.9 65.8 65.8 65.7 65 65.6 66.5 67.9 69.7 72.4 74.8 75.8 75.6 73.6 72.1 70.9 68.3 65.5 63.9 63.6 63.5 64 64.6 67.3 69.4 70.8 71.6 72.4 73 73.7 73.9 74.1 75.1 78.1 80.6 81 79 75.7 75.9 78.4 81.5 92.3 99.1 105.1 106 103.1 102 101.6 101.2 98.7 93.4 90.3 84.9 82.7 82.8 87.8 87.2 83.5 84.5 91.2 92.7
68 68 67.6 64 64 64 66.8 66.7 66.8 66.7 66.6 65.1 64.2 63.6 65.2 65.2 65.9 66.7 67.1 67.6 67.6 67.6 67.4 67.3 67 66.6 66.4 66.3 66.4 66.4 66.1 66.2 67 68.6 70.3 72.6 73.9 75.1 75.8 74.7 73.7 72 70 66.7 64.1 64.1 64.2 64.8 67 69.1 70.7 71.4 72 72.7 73.3 73.5 74 74.3 75.5 78.5 81.6 81.9 79.7 78.6 78.8 82.2 79.3 84.6 92.8 98.8 100.6 101.9 102.4 103.1 102.1 100.7 95.1 91.4 86.1 87.3 90.6 91.4 91.1 89 91.2 94.7 94.6
67.8 67.9 66.7 66.4 66.8 66.7 67.4 66.9 66.4 66.4 66.4 66.5 64.1 63.1 64.9 65.2 66.3 66.9 67.4 67.8 67.9 67.9 67.7 67.5 67.3 67.1 66.9 66.9 67 67 67 67.1 67.3 68.6 70.7 72.9 75.4 75.2 75.5 75.3 74.6 72.8 70.1 66.8 64.3 64.1 64.2 65.7 68.9 70.7 72.2 73.4 72.8 73.2 73.4 73.6 74.1 74.6 76.7 79.5 84.1 84.4 81.3 79 80.8 88.5 85.8 83.6 85.5 90.9 93.1 100.8 103.1 104.2 104.5 101.1 96.4 94.2 93.6 95.2 96.2 95.9 95.7 98.1 100.3 101.5 102
67 67 67 67.3 67.6 67.7 67.7 67.3 66.8 66.4 66 65.3 63.5 62.7 64 65.2 66.3 67.2 67.6 68 68.3 68.1 67.9 67.6 67.4 67.6 67.5 67.5 67.6 67.7 67.8 67.9 68 68.6 70.7 72.9 75.5 75.4 75.7 75.9 75.5 72.9 70.5 67.2 64.8 64.1 64.3 67.3 69.7 71.5 73.3 75.3 75.3 74.2 74.6 74.1 74.4 75.2 77.1 80.7 85.3 85.9 83.2 79.4 83.2 93.9 90.3 87.4 84.9 86.3 89.8 96.9 101.4 104.4 105.9 103.4 100.7 98.3 101 101.1 101.5 101.6 102.7 105 107.6 109.7 110.6
