STL Generation/terr50_gagg_gb/data/TR13.asc
ncols 200
nrows 200
xllcorner 610000
yllcorner 130000
cellsize 50
[rows 0 to 38 of 200, columns 0 to 87 of 200]
68.5 70 72.5 74.5 76.5 77.7 78.3 78.9 77.4 76.1 75.5 76.9 76.9 75.8 74.4 70.7 70.4 73.5 74.4 73.6 73.1 72.9 72.1 70.5 69.1 69.1 69.7 71.7 71.5 71.9 71.9 73.6 75 76 78.5 78.2 77.8 78.2 79 80.1 80.9 81.8 82.7 83.5 84.4 85.4 86.5 87.9 90.7 94.2 96.1 97.4 97.6 97.3 98.3 98.9 100.3 102.6 105.2 108.8 113 125.3 134.2 141.2 142.3 145.8 156.2 161.2 164.5 167.9 170.4 170.3 169 167.7 166.5 166.7 167.6 168.8 168.1 167.7 167.9 168.4 166.9 166.5 169.5 171.5 172.7 172.4
67.5 68.8 70.7 72.6 75.1 78.2 79.7 78.6 77.7 76.6 76.2 76.2 76 74.4 72.7 70.5 69.8 71.9 72.3 71.5 71.2 71.1 70.1 68.7 68.5 68.8 71.7 73.4 73.3 72.7 72.2 72.7 74.9 76.1 76.3 76.1 76.3 77.3 78.4 79.5 80.2 81 82 82.9 83.7 84.8 85.9 87.6 90.4 93.7 96.8 97.8 98.9 100.1 100.3 101 101.4 103.8 105.9 108.7 112.8 117.6 128 134.3 135.9 137.6 147.4 157.1 161.7 165.3 167.5 167.9 167.2 166.9 166.5 165.4 162 161.9 162.2 161.8 161.6 160.2 157.9 160.4 163.2 164.6 165.1 165.1
66.9 67.5 69.1 71.1 74 77.1 77.9 77.5 77.4 76.6 75.9 75.6 74.4 72.6 71.4 69.8 68.7 70.3 70.4 68.6 68.9 69.1 68.1 67.7 68.1 68.6 73.9 75.9 74.8 74 73.6 73.3 72.3 73.4 74.8 75.5 75.5 76.7 77.6 78.8 79.6 80.2 81.3 82.3 82.9 83.7 85.4 87.2 89.6 92.8 95.9 97.6 100 102 103 102.8 102.9 104.4 106.7 109.6 112.6 116.1 120.3 125.4 132.3 131.4 144.6 152.8 158.2 161.5 164 165 163.3 163.7 165.8 166 162.6 156.5 152 148.3 147.6 143.8 136.5 146.9 156.9 157.4 158 157.9
66 67 68 69.9 72.8 75 73.9 77.2 77.1 76.6 75.8 74.5 72.8 71.4 70.1 67.9 67.2 68.3 67.8 67.8 67.8 67.7 67.5 67.6 70.5 73.5 77.3 78 77.2 76.4 76 74.8 74.5 75.3 76.2 77 77.2 76.8 76.6 78 79.1 79.5 80.5 81.2 82.5 83.6 85.2 87 89.1 91.5 93.8 94.9 99.7 101.8 102.7 102.4 102.5 103.9 106.5 110.2 112.8 115.3 118.4 121.9 126.2 129.1 137.9 144.4 151 158.2 160.2 159.5 158 159.4 161.2 162.7 159.6 155.5 156.3 147.6 137.4 131.5 127.5 127.4 141.2 151.5 150.4 151.1
65.2 66 66.9 68.4 71.4 73.5 75.8 77 77.4 76.8 75.8 74.2 72.1 70.1 68.2 67 66.5 67 67.8 67.8 67.9 67.5 69.2 73.5 76.3 78.5 79.6 79.9 80 79.5 79.1 78 77.6 77.3 78.3 79.3 79.5 78.9 78.6 79.4 80.4 80.8 81.2 82.3 83.5 84.2 85.2 86.9 88.9 91.3 93.3 93.6 97.3 100.7 101.1 101.7 102.1 103.9 106.6 110 112 115.3 118.5 122.1 124.6 126.2 129.1 134.7 140.6 148.3 153.4 151.6 149 152.1 155.7 156.1 153.4 147.1 145.9 137.4 133.3 132.9 129.4 123 131.5 146.4 146.9 147
66.1 66.2 66.4 66.7 67.7 71.1 75 76.4 77 76.9 75.4 73.6 71.3 69.2 67.2 65.9 66 66.1 67.5 67.8 67.9 70.4 74 76.1 79 79.7 79.6 80.6 82.3 82 81.7 81.2 80.4 79.4 79.6 81.2 81.7 81.2 80.7 80.6 81.3 82.2 83.2 84.7 85.1 85.5 86.4 87.1 88.5 90.5 92.6 93.5 95.8 98.4 99.4 100.4 101 103.7 106.3 109 111.9 115.3 118.7 122.1 121.5 120.9 123.2 127.2 132 138.4 141.4 140.2 135.3 146.4 147.9 149 144.3 133.4 122.1 119.7 117.6 117.9 118.5 121 130.1 144.1 144.5 144.4
70.5 71.1 70.9 70.8 71.1 72.5 75.2 77 77.5 76.9 74 72 70 68.2 66.2 65.3 65.1 65.4 66.4 67.4 68.8 70.9 73.5 75.7 77.3 77.7 78.6 79.5 80.5 81.5 81.3 81.8 82.8 82.5 81.2 82.6 83.2 82.7 81.9 81.3 82 83.8 85.4 86.7 87.8 88.2 88.4 88.9 89 89.6 91 92.2 94.3 95.6 96.9 97.8 100.5 103.1 105.5 108.3 111.6 115.2 118.6 121.3 119.9 118.1 116.3 118.1 122.3 127.1 127.5 126.5 128.3 139.7 138.2 136.5 128.3 117.7 113 110.6 110.8 111.8 113.1 115.9 121 137.9 142.4 145.3
74.4 75.3 76.2 77 76.1 76.7 77 77.9 76.7 75.5 73.6 70.4 68.5 66.6 64.8 64.4 64.1 65.8 66.6 67.4 68.4 69.3 71.3 73.5 74.5 75.6 76.7 77.7 78.7 79.2 79.6 82.7 84.7 85.4 84.6 84.5 84.4 83.7 82.8 81.9 81.8 85 86.5 87.8 88.9 89.6 91 91.6 91.2 90.8 91.5 94.2 95.2 95.2 97.3 99.1 100.5 103.7 106.3 107.8 111.4 114.5 116.1 118.1 116.9 113.3 111.1 113.4 116.8 119 117.7 118.2 120.8 125 124.1 120.4 115.4 110.5 107.1 106.1 107.3 108.6 110.3 114.5 118.8 125.8 136.9 148.8
75.9 76.4 76.7 76.8 76.9 77.2 76.3 75.1 74.1 72.6 70.1 68 66.3 64.5 64 63.8 65.6 66.8 67.3 67.6 67.6 68.6 69.5 71.1 72.1 73.4 74.4 75.3 76.4 77.2 79.1 82.1 85 87.3 87 86.6 85.5 84.7 83.9 83 82 83.9 86.4 87.2 87.9 89.7 91.6 92.5 92.5 91.9 92.4 94.7 96 97.9 100.1 102.6 103.4 107.5 110.3 112.5 113.7 114.4 112.9 113.8 111.7 109.2 107.7 109.8 111.9 113.4 112.8 112.4 113.5 114 112.2 110.7 108.9 105.3 103.1 103.4 105 106.6 110.8 115.5 119.1 129.4 146.5 152.3
73.6 73.8 74.1 74.2 74.2 73.7 72.8 71.9 71 69.7 67.8 65.9 64.2 63.6 63.7 64.7 66.8 67.6 68.1 68.4 69.1 69.4 69.7 69.4 69.7 69.9 71.3 73.4 74.4 76.4 79.3 82.2 84.5 87.1 88.4 88 86.8 85.6 84.6 84 83.2 82.2 84.2 85.3 86.1 88.5 90.7 92.1 92.6 93.3 94.3 95.9 98.3 100.8 103.4 105.8 108.6 111.6 114.2 114.7 114.6 112.6 110.1 109.3 107.7 105.8 105 105.9 108 108.1 108.9 108.3 108.9 108.1 107 105.8 103.2 100.9 101 101.6 103.5 106.2 110.7 125.1 133.3 144.3 149.9 150.9
71.3 71.7 71.9 71.9 71.5 70.9 70.1 69.2 68.6 67.1 65.5 64.6 63.5 63.5 64.6 66.6 67.2 68.1 68.6 69 69.6 70.9 71.5 72.4 73.6 75.6 73.1 71.2 71.4 76.3 78.9 81.3 83.4 86.2 88.7 89.1 87.9 86.7 85.5 85 84.8 84.3 84.9 85.4 85.5 86.2 88.3 90.1 91.6 93.7 95.2 98.1 100.9 103.6 106.1 108.1 110.7 112 113.8 114 113.3 109.7 106.1 104.2 102.8 102.2 102.6 102.5 104.1 104.3 104.2 104.3 104.6 104.6 103.3 101.2 99.3 98.8 99.3 99.8 101.9 104.4 109.9 122.9 138.3 140.8 141.5 138.6
69.8 69.8 70.1 69.9 69.1 68.2 67.4 66.7 66.2 64.9 64.1 63.6 63.4 64.3 65.9 66.9 67.2 67.9 68.6 69.4 70.2 72.1 73 74 75.9 78.9 78.8 77.4 73.5 73 76.8 79.2 82.9 85 87.5 90.1 89 87.8 87 86.5 86.4 86.7 87.3 87.3 87.2 87.2 86.8 88.6 91.9 93.9 96 99.9 103 105.8 106.8 108 109.7 111 112.2 112.3 109.9 106.2 102 100 99.2 99.4 99.3 99 100.1 100.6 101.7 102.3 102.3 100.6 99.3 98.3 97.4 97 97.4 97.9 99.4 102 108.5 116.7 122.8 128.6 127.1 125.6
68.3 68.2 68.2 67.7 67 66.1 65.2 64.7 64.1 63.3 62.6 63.1 64.1 65 66 66.8 67.2 67.7 68.5 69.4 70.7 72.6 73.9 75.6 79 82.9 81.8 80 78.1 75.6 74.9 79.8 82.1 84 86.4 90.2 89.9 89 88.5 88.1 88 88.5 89.1 89.5 89.6 89.4 89.3 89.2 91.7 95.1 98.4 101.1 103.4 105 105.9 107.2 108.6 109.7 110.4 109.3 106.4 103 101 99.5 97.3 97.4 97.3 97.2 97.8 99.5 101.2 101.1 100.1 99.1 98.2 96.9 96.1 95.7 95.9 96.4 97.4 98.1 101.8 110.2 113.8 113 113 113.2
66.9 66.8 66.4 65.9 64.9 64 63.7 63 62.5 62.3 62.6 63.6 64.5 65.5 66.1 66.8 67.1 67.3 68.2 69.1 70.6 72.3 74.2 76.5 81.4 85.8 84.4 82.5 79.8 77 75.7 76.2 79.7 82.2 85.7 89.9 91 90.1 89.4 89.1 89.4 90 91.1 92.2 92 91.7 91.7 91.7 93.4 95.5 98.7 100.3 101.7 103.5 105 106 107.3 108.2 108.8 107 103.3 100.9 100.1 100 96.8 95.9 95.5 95.6 97.5 100.1 100.8 100 98.8 98 97 95.8 94.5 94.2 94.6 95.2 95.4 95.4 97.8 104.1 106.9 106.7 107.4 107.4
65.5 65.3 64.7 64.3 63.6 62.8 62.3 61.8 62 62.3 62.8 63.9 64.9 65.5 65.8 66.1 66.7 66.7 67.6 68.7 70.2 71.9 73.6 77.1 81.1 84.8 85.3 83.8 79.3 78.4 79.5 81.3 81.7 83.3 86.7 90.8 91.5 91 90.4 90.1 90.4 91.2 92.3 93.3 93.7 93.9 93.8 93.8 94.1 95.2 98.2 99.5 100.9 102.2 103.7 105.1 106.2 107.2 107.8 105.1 101.8 99.7 98.6 98.7 96.1 94.6 94.5 94.5 97.6 99.2 99.1 98.2 96.7 96 95.4 94.5 93.4 92.8 93.5 93.9 94 93.8 95.4 97.4 99.5 100.8 101.6 103.1
64 63.8 63.2 62.7 62.2 61.7 61.8 61.7 61.7 62.3 62.9 63.9 64.7 65.1 65.1 65 65.6 66.2 66.8 68.3 70 71.7 73.3 75.6 79.7 83 84.9 83.7 80.2 81.5 83.5 85 85.3 85.6 90.5 91.5 91.7 91.1 90.8 90.7 91.4 92.3 93.3 94.4 94.6 95.2 95.5 95.5 95.6 96.3 96.9 98.5 99.1 100.3 101.5 104 105.2 105.9 106.7 105.2 102.1 99.4 96.9 95.4 93.8 93.5 94.4 93.8 96.4 96.7 96.4 95.8 94.8 94 93.5 92.8 92 91.8 92.2 92.5 92.8 92.9 93.4 95.2 96 97.6 98.6 99.7
62.6 62.4 61.9 61.3 61.2 61.4 62 62.8 62.1 62.2 62.9 63.6 64.5 65 64.9 65.1 65.8 66.1 66.8 68.6 70.3 71.6 73.2 75.7 79.7 83.4 85.9 84.7 83.2 83.8 85.5 86.5 86.6 86.9 90.3 91 91.6 91.3 91.4 91.4 91.8 92.3 93.2 94 95.2 95.9 95.5 95.2 95.3 95.9 95.1 95.4 95.9 97.9 99.1 102.3 104.4 104.4 104.8 102.6 99.9 98.1 96.5 94.3 92.1 92.2 92.9 92.2 94 94.4 94.4 93.8 93.2 92.5 92 91.5 90.9 90.8 91 91.1 91.3 91.6 91.9 92.7 94 95.4 96.3 97
61.5 61.1 60.6 60.7 60.8 61.5 62.8 63.5 63.3 62.2 62.9 63.5 64.3 64.8 65.1 65.3 66 66.9 67.9 68.4 69.8 70.9 72.8 74.7 78.3 82.2 85.8 85.3 84.3 85.3 86.8 86.2 86.6 87.8 86.6 89.1 90.6 91.7 91.9 91.8 91.5 91.3 91.2 91 92 92.6 91.8 92.5 93.6 93.1 92.4 92 92.9 95.3 98.1 101.7 103 103 102 99.7 97.5 96.3 95.6 93.7 91.5 90.6 91.5 90.6 91.9 92.7 92.9 91.6 91.1 90.7 90.2 89.9 89.7 89.6 89.4 89.6 89.7 89.3 90.4 91.6 93 94.1 94.4 95
60.4 60.2 60.5 60.5 60.9 62 63.1 63.4 63.6 62.8 62.9 63.5 64.1 65 65 64.8 65.8 66.9 67.8 68.3 69.4 70.4 72.2 74 76.6 80.2 84.3 85.9 85.4 85.8 86.9 86.3 84.5 82.4 82.3 85.7 87.7 89.6 91.2 90.8 90.4 90.6 89.4 88.3 88.6 88.3 88.2 88.5 89.1 88.7 87.8 87.5 89.8 94.1 98.3 101.4 101.9 100.8 98.7 96.5 94.2 93.8 93.8 92.8 90.9 89 89.6 89.2 90.5 92.5 92.6 91.1 89.5 88.5 88.2 88.4 88.2 88.4 88.3 88.2 88.2 88.7 89.4 91.1 92.1 92.5 92.8 93.9
60.3 60.4 60.5 60.6 61 62.9 63.5 63.8 63.9 63.5 63.4 63.6 64.1 65.2 65.2 64.7 65.6 66.7 66.7 66.9 68.1 69.7 71.1 73.3 75.4 78.1 82.7 84.3 85.2 84.8 83.7 81.9 80.9 78.8 79.3 84.6 86.2 87.9 89.5 88.6 88.7 89.7 87.6 86 86 85.6 84.9 85.8 86.6 86.2 85.7 85.7 88.3 92.5 96.4 99.9 101.3 99 96.4 94.5 93 92.2 92 91.2 90 88.4 87.7 88.9 93.2 95.2 94.2 91.2 89.2 87.6 86.1 86.5 86.8 86.9 87.1 87.1 87.5 88.2 88.9 90.1 90.7 91 91.4 93.1
60.3 60.5 60.6 60.8 62.7 63.2 63.7 64.3 64.2 64.4 64.8 65.6 66.8 67.2 66.2 65.3 64.7 64.6 65.1 65.6 67 68.4 70.7 71.4 73.5 76.7 81.2 83 83.2 82.1 80.2 78.8 77.3 75.7 77.6 81.1 83.5 84.9 85.8 85.6 85.5 88.8 87.5 85.2 83.6 83.3 83.3 84.5 84.6 83.9 84.7 84.4 86.5 90.2 94 97.8 101.1 101 98.2 95 92.1 90.8 90.1 89.5 88.5 87.1 86.6 90.5 95.6 97 95.4 92.1 89.3 87.4 86 84.6 85.2 85.7 86.1 86.5 86.9 87.2 88.6 89.7 90.4 90.1 90.3 91.9
60.2 60.6 61.5 62.5 63 63.6 64.2 64.8 64.8 65.5 66.3 68.3 69.2 69.3 67.8 66.3 66.9 66.1 65.4 65.7 65.9 67.3 68.4 69.6 71.5 74.5 79.2 82.2 82.1 79.9 77.8 76.4 75.5 74 77.2 79.4 80.7 81.8 82.4 82.4 83.1 86.4 86.9 84.5 82.6 81.5 82.3 83.1 81.3 81.2 81.8 82.4 85.2 87.9 91.8 96.3 100 101 99.2 95.3 91.8 90.3 89.3 88.2 87.1 85.9 85.6 90 95.8 97.6 95.6 92.1 89.4 87 85.6 84.5 84.5 85.1 85.6 85.6 85.8 86.7 88.4 89.2 89.1 88.9 89 90.5
60.7 62.5 63 63.2 63.2 64.1 64.7 65.4 66 66.8 67.7 69.4 70.8 71.1 70.7 70.2 71.5 69.4 68.1 66.7 67.1 68.2 69.4 71.2 73 75.7 80 81.2 80.8 78.3 76.2 74.9 73.7 72.8 76.3 77.4 77.8 79 79.4 79.2 81.5 84.7 86.2 84.5 81.5 79.9 80.6 80.4 79.8 79.8 80.1 82.8 84.7 87.2 90.9 94.7 98.4 99.5 97.2 94.3 90.6 89.6 89.2 88.2 86.9 85 84.6 88.4 92.7 95.5 94.8 91.7 88.3 85.9 84.6 84.2 84.1 84.7 84.9 84.8 85.3 86.4 87.6 88.1 87.7 87.6 88.7 89.5
62.6 63.9 64.4 63.5 64.1 64.7 65.3 65.8 66 66.6 68 69.6 71.4 72.6 73.7 73.6 73.1 69.8 68.2 67.3 67.5 68.5 69.8 72.1 75.2 79.2 80.2 80.8 79.2 77.1 75.1 73.6 72.3 72.9 74.8 75.4 76 76.8 78.1 78.4 80.7 83.5 84.4 83.5 81.6 79.2 78.7 79.2 78.7 78.6 81.5 83.9 84.5 88.7 92.2 94.4 95.9 96.3 95.4 92.7 90.2 88.8 88.3 87.8 86.8 84.7 83.7 86.1 90.1 92.9 92.8 89.7 86.4 84.6 83.9 83.3 83.8 84 83.9 83.9 84.9 86 86.5 86.6 87.1 87.7 88.3 88.9
62.8 63.7 63.5 63.2 63.8 64.4 64.9 65.4 65.8 66.2 67.1 68.4 70.2 71.8 72.9 72.8 71.2 69.6 68.6 67.9 67.6 68.6 70 72.8 76.3 78.7 79.5 79.3 77.9 75.5 73.4 72.4 71.8 72.2 72.4 72.5 76.1 75.5 76.2 78 80.5 82.7 83.1 82.3 81 79.5 77.8 77.5 79.8 83.6 83.5 84.3 85.5 89.9 90.9 92.3 94 93.8 93.3 91.2 89.4 88 86.9 86.9 85.9 84.4 82.8 84.3 87.9 89.8 89.2 86.6 84 82.5 82.8 82.8 83.3 83.4 83.3 84.3 85.3 85.5 86.1 87.2 87.4 88 88.7 89.3
62.9 62.7 62.6 62.8 63.4 64 64.4 64.8 65.1 65.5 66.1 67.1 68.8 69.8 70.8 70 69.8 69.2 68.3 68.5 68.2 68.7 70.5 73.5 77 78.4 78.9 78.3 76.8 74.9 73.3 72.1 71.5 72.1 72.6 72.9 74.2 75.6 76.3 78.4 79.9 81 81.5 81.1 79.9 78.4 77.1 78.3 82.7 86.9 87.6 87.5 89.3 89.3 89.9 90 90.9 91.8 90.7 89.3 88.7 87.7 86.3 85.3 84.5 83.7 82 82.7 85.3 86.2 84.9 82.6 81.2 81.6 81.9 82.7 83 83.2 84.1 84.9 85.9 86.7 87.7 88.5 88.8 89.5 90.1 90.5
61.7 61.7 61.6 61.9 62.5 63.3 63.9 64 64.2 64.7 65.1 65.7 66.8 67.6 68.4 68.1 68.2 68.3 69.1 69.3 70.3 70.7 71.6 73.8 76.4 77.8 77.9 78.1 76.6 74.6 72.5 71.4 71.8 72.7 73.6 74.1 74.7 75.7 76.7 78.1 78.7 79.3 79.8 79.4 78.3 76.9 76.1 79.3 82.9 88.1 89.4 89.7 89.3 89.4 88.6 88.4 88.7 89 88.9 88.9 87.4 87.7 85.1 84.1 83.4 82.4 81.1 81.4 82.4 82.8 80 80.2 80.5 80.9 82.1 82.6 83.6 84.4 85.2 86.1 86.9 88.4 90.2 91.5 91.3 91.6 91.9 92.2
59.6 59.8 60.1 60.1 61.3 62.5 62.9 62.7 62.6 63.2 64.1 64.7 65.5 66.2 66.9 67.4 68.2 69.4 70.4 71 71.6 72.1 72.7 73.7 75.9 76.5 76.8 77 76.4 74.1 71.5 70.5 72 72.7 74.2 74.4 75.5 76.3 76.7 77.4 78 78.4 78.5 77.8 76.9 75.7 76.4 80.4 86.1 89.2 90.8 91.1 90.9 89.4 87.6 86.8 87 87.3 87.1 86.8 85.6 84.7 83.7 83.2 82.5 80.7 80.2 80.1 80.4 79.1 79.8 80.4 80.9 82.1 83.6 84.5 85.7 86 86.3 87 88 90 92.1 93.6 94.4 94.2 93.8 94.1
60.6 60.2 60.5 61 60.5 60.3 61 60.8 61.1 61.7 63.1 63.9 64.7 65.8 66.4 67.9 69.4 70.9 71.8 72.3 71.2 72 73 75.2 75.4 75.6 75.8 75.3 74.3 73.2 70.3 69.9 70.5 72.2 73.5 74.9 76 76.5 76.8 77 77.4 77.9 77.4 76.6 75.8 74.4 76.4 80.7 85.3 89.6 91 91.4 90.9 89.5 87.3 85.7 85.4 85.5 85 84.5 83.9 83.7 83.3 82.6 81.7 80.1 79.2 79.8 79.2 79.7 80.7 82.6 83.8 86.4 87.8 88.3 88.9 88.1 87.3 87.6 88.7 90.6 93.2 95.8 97.1 97 96.5 95.6
62.2 62.2 62.6 62.9 62.2 61.2 60.8 60.5 61.1 61.8 62.8 63.3 64.2 65.5 67.3 69.1 71.3 75 76.1 74.6 72.7 72 74.2 75.4 75.3 75 75.1 74.1 72.5 71.3 70.2 69.7 69.2 71 73.5 75.1 76.4 76.7 76.9 76.8 76.9 77.1 76.6 75.7 74.8 74 76.4 79.9 84.7 88.9 90.3 90.6 90.2 88.4 87.3 85.6 84.2 83.6 83.2 82.6 81.7 82.8 82.5 81.9 80.7 79.1 78.6 79 79.6 80.5 83.6 87 89.4 90.7 91 90.9 89.8 89.1 88.3 87.8 88.2 90.4 92.7 95.3 97.8 99.2 98.9 97.7
63.3 63.5 63.7 63.5 63 62.4 61.2 61.1 61.7 62.2 63 63.4 63.8 65.1 67.9 71.4 76.9 76.5 75.8 75.5 74.3 73.9 74.8 74.7 73.9 73.8 73.4 72.8 71.7 71.2 69.2 69.1 69.1 71.4 73.8 75.2 76 76.6 76.7 76.4 76.3 76.4 76.1 74.5 73.9 73.7 75.7 78.7 85.4 87.2 88.6 89.3 89.5 87.9 86.5 84.8 83.6 82.8 82.2 80.9 79.9 81.8 81.8 81.3 79.7 78 78.6 79.4 80.1 81.2 84.4 86.8 88.4 89.9 91 90.6 90 89.2 87.5 86.3 87.5 89.2 91.2 93.6 96.2 99.8 101.1 100.5
64.3 64.2 64.3 64.4 63.7 63.1 61.8 61.8 62.5 62.7 63.2 64 64.7 66.7 70.6 73.1 76.3 76.2 75.7 74.7 74 74.2 74.1 73 72.7 72.6 72 71.2 70.6 70.1 68.6 68.9 68.8 71.4 73.7 75.2 75.9 76.3 76.5 75.9 75.4 75.4 74.8 73.3 73.2 73.2 75.7 78.5 84.1 86.2 87.3 87.9 87.9 86.8 85.6 84.1 83 82.1 81.5 79.6 79 80.8 80.9 80.4 78.6 78 78.7 79.6 80.4 81.2 82.5 84.4 85.6 86.4 86.9 88.5 87.6 86.3 85.1 84.5 85.7 87.6 88.8 92.4 96.1 99.3 101 102.2
65.1 64.9 64.9 64.3 63.8 63.3 61.9 62.6 63.5 63.3 63.4 63.9 64.3 67.2 70.5 73.8 75.9 75.4 74.8 73.7 73.2 73.1 72.7 72 71.8 71.5 70.8 70.3 69.8 68.8 68 68.4 69.3 71.4 73.4 74.9 75.7 76 76 75.5 74.6 74.4 73 72.3 72.3 74 74.1 76.7 80 83.1 85.1 86.4 86.3 85.4 84.4 83.3 82.3 81.3 80.2 78.1 79.6 79.2 80 79.2 77.4 77.9 78.6 78.9 78.7 78.6 79.8 82 83.2 83.7 83.6 84 84.1 84.1 83.2 83.8 84.8 86.7 89.1 92.5 95.6 97.7 99.3 101.1
65.9 65.7 65.4 64.7 63.8 63 61.8 62.8 63.5 63.6 63.6 63.8 64.5 67.4 70.9 73.8 74.7 74.2 73.9 72.5 72.2 71.9 71.5 71.1 70.6 70.1 69.6 69.2 68.8 67.5 67 67.9 69.2 71.5 74.6 75.6 75.7 75.8 75.9 75.5 74.2 73.2 72.1 72.9 75.3 76.5 77.4 78.2 80.5 82.6 84.9 85.8 85.4 84.4 83.7 82.9 81.5 80.3 79.6 77.5 79.4 79.5 79.2 78.2 77.1 77.5 78 78.8 80.7 80.6 80.6 79.8 80.5 81.4 81.8 82.2 81.9 81.8 82.2 83.1 84.4 86.3 88.7 91.8 93.8 94.6 94.9 97
66.7 66 65.8 65.3 64.2 63 62.1 62.2 62.9 63.5 63.8 64.5 65.9 67.6 70.4 72.2 73.2 73.5 73.2 71.2 70.6 70 69.7 69.5 69.3 68.9 68.5 68.1 67.7 66.4 65.9 66.9 69 72.1 75.1 76.3 75.7 75.7 75.7 75.1 74 70.9 71.6 74.7 77.4 78.7 79.3 80.7 82.5 84.4 85.4 85.1 84.8 84.3 83.6 82.7 81.3 80.1 79.2 77.1 78.5 78.3 78.1 78.2 76.9 77.2 79.5 81.6 83 82.6 81.1 80.6 80.6 80.3 80.1 80.2 80.9 81.3 81.8 82.2 83.1 84.8 87.5 89.9 91.2 91.8 91.7 93.3
67.6 66.5 66.3 66.2 65.2 63.9 63 62.5 62.9 63.2 63.6 65.1 66.8 68.8 70.1 72.3 73.2 72.1 70.3 69 68.5 68.2 68 68.3 68.3 67.9 67.5 67.1 66.4 65.4 66.5 67.7 69.5 72 75.7 77.1 76.2 75.8 75.3 74.5 73.5 69.8 74.6 77.2 79.4 80.2 81 82.6 83.5 84 84.5 84.4 84.2 84.2 83.5 82.3 81 79.7 78 76.1 76.5 76.7 76.9 77.5 79.1 80 82.1 84.2 84.1 83.3 82 82.4 82.2 81.7 81.4 81.3 80.6 80.5 81.1 81.6 82.3 83.4 85.6 87.8 88.7 89.1 89.3 91
68.1 67.1 66.5 66 65.3 65.2 64.5 63.6 63.9 63.9 64.7 66 67.4 68.5 69.8 72.6 73.4 72.1 70.1 67.8 66.9 66.3 66.4 67.3 67.4 67 66.6 66.1 64.9 66.9 67.8 69.4 71.6 73.8 75.8 76.6 76.2 75.3 74.5 73.5 70.5 69.8 75.2 78 79.9 80.8 82.4 82.8 83.4 83.5 83.6 83.9 84.3 83.6 82.6 81.6 80.4 79.1 76.9 75.8 75.9 76.7 77.7 78.6 81 83 84.8 86.1 85.6 84.1 83.1 83.2 83.6 83.7 83.2 82.8 82.1 81.6 80.7 81.2 82.1 83.1 84.1 85.2 86.4 87.4 89 90.8
68.2 67.3 66.6 65.9 65.4 65.5 65.6 65.4 65.2 65.2 66.2 67.3 68.1 69.1 71.2 73 73.6 72.7 71.2 68.9 67 65.4 65.8 66.5 66.7 66.5 66 64.4 66.1 67.4 68.7 71.6 74 75.2 75.1 75.5 75.2 74.4 73.2 71.9 69.8 73.5 76 78.5 79.9 81 82 82.6 82.9 82.8 82.9 83 83.2 82.8 82 80.9 79.8 78.6 76 75.5 76.3 78.4 79.8 80.4 82.4 84.6 87.3 88.7 87.1 84.8 84.1 84.1 84.3 84.8 84.8 83.9 83.4 83.2 82.9 82.1 82 83.3 83.5 84.1 85.1 86.8 88.4 90
68.1 67.3 67.1 66.2 66 66 66 66.2 66.4 67.1 67.9 68.2 68.5 69.5 71.4 72.8 73.4 73 71.5 68.9 66.4 64.6 65.4 65.7 65.9 66 65.4 64.4 66.6 67.4 70 73 75.1 75 74.5 74.2 73.8 72.9 71.5 69.8 72.9 75 77.1 78.8 79.5 80.3 81.3 82.2 82.2 82.2 82.2 82.3 82.1 81.6 81.3 80.3 79.3 78.1 75.6 75 77.2 80.8 82 82.8 84 86 87.2 89.9 87.7 85.8 84.9 85.1 85 85.1 85 84.5 84.1 83.8 84 83.7 83.9 83.8 83.9 83.9 84.1 86 87.7 89.4
