webserver/python/data/HU36.asc
ncols 200
nrows 200
xllcorner 430000
yllcorner 1160000
cellsize 50
[rows 111 to 147 of 200, columns 0 to 83 of 200]
67.5 59.3 60 60.7 58.2 49.6 62.5 71.3 71.6 78.3 78.2 71.5 60.7 52.1 45.2 47 41.5 44.7 48.6 49.2 49.9 46 46 46 51.8 59.7 66.7 73.1 78.9 78 75.9 71.6 70.3 73.4 79.4 91.3 100.7 101.1 101.3 102.2 113.2 124.3 136.1 141 141.8 133.3 120.6 109 98.3 87 82 78.4 79 79.1 73.7 66.9 63.6 65.6 67.1 60.7 55.9 52.4 49.4 47.3 48.3 54.1 61.5 67.1 67.7 60.9 58.1 56 52 47.7 43.5 40.2 40.5 38.8 32.6 30.9 30.1 29.4 28.6 26.1
64.8 59 64.9 68 64.9 50.2 59.1 79.5 89 79.1 79 72.4 66.4 57 50.5 48.3 46.6 42.8 45.7 46.8 46.6 46 46 46 49.1 55.9 63.2 70.5 74.2 74.6 72.5 70.3 70.3 70.3 70.3 78 85 85.2 90.5 104.9 115.6 123.6 129.4 133.7 134.5 127.5 119.6 108.7 96.8 86.1 79.6 77 79.2 77.2 71.3 66.9 62.8 61.2 63 61.6 57.8 51.5 47 44.8 45.6 49.1 54.7 59.2 62.2 59.4 57.3 55.4 52.1 48.1 44 40.4 40.2 38.5 36.7 33 31.8 29.9 28 25.4
67 64 69.8 77.1 74.9 62.2 61.7 78.2 102.5 101.3 87.2 78.2 72.9 65.4 57.1 50.8 53.5 52.2 46.7 45 46 46 46 46 46.3 53.4 60.1 66.4 69.6 70 70.8 70.3 70.3 70.3 70.3 70.3 75.7 85.6 90.6 104.8 114.7 122.7 128.3 129.1 127 123.4 116.9 107.2 97.5 89.9 78.1 75.1 75.8 73.6 67.7 65 62.2 58.9 57.8 57.9 55.8 50.5 45.5 42.2 41.3 44 47.4 50.2 54.4 55.3 52.7 50.6 50.2 47.9 44.9 41.1 38.7 36.3 35.6 32.4 29.8 27.2 24.2 21.4
69.7 74.8 71.3 79.5 81 74.8 68.4 77.4 101.8 114.2 108.9 95.2 81.2 73.3 65.5 58 56.3 62.7 60.2 54.1 47.7 46 46 46 46 58.3 61.5 65.4 68.4 72.3 74.7 79.6 72.6 70.3 70.3 70.3 73.8 88.2 102.3 112.2 114.9 120.1 120.9 120.1 121.5 120.2 116.5 107.6 96.4 89.1 79.6 74.5 70.9 70 66.1 63.3 60.8 59 56.7 56.5 52 49 43.2 39.9 38.2 38.5 40.1 43 45.8 48.6 48.5 49.9 49.3 46.5 43.5 40.6 34 33.7 33.9 31.7 29.1 28.1 26.1 21
65.9 77 74.9 72.9 81.5 81.2 68.9 76.2 96 114.5 119 115.7 103.2 84.3 75.4 68.1 60.3 64 66.5 60.8 53.7 46 46 46 46 55 63.7 72.6 76.4 83.3 85.7 89.8 93.4 79.8 70.3 70.3 72.1 87.6 100.8 112.4 118.6 120.2 120.9 120.5 119.1 118.9 114.6 102.6 91.4 87.7 80.4 75.5 70.3 66.9 64.4 62.1 60.2 58.5 56.7 55.2 48.4 45.8 40.6 37.8 36.6 36.3 36.6 38.8 40.3 42.2 44.2 48 48.8 44 41.6 38 31 30.9 31.8 32.1 31.7 31.1 29.5 23.2
60.4 73.9 78.7 73.9 87.1 89 69.2 71.2 82.9 109.1 118.2 124.6 123.8 108 91.7 78.6 69 59.4 61.1 61.6 61 50.5 46 46 46 54.7 68.2 78.2 86.5 91.4 96.7 106.9 106 87.3 70.3 70.3 81.3 91.7 100.9 108.2 112.1 117.9 119.4 119.2 119 117.9 113.8 103.5 92.3 85.4 78.9 75.1 71.2 69 66.7 64 62 60.6 59.2 57.4 51.5 47.7 48.6 38.4 36.1 34 33.6 34.4 36.1 38 39.5 40 44.1 40.7 39.4 34.6 28.9 29.1 29.5 30.4 31.4 32.1 31.3 24.7
57.4 66.8 77.5 79.5 90 90 74.6 69.7 73.7 93.2 108.4 123.9 130.3 125.6 114.1 98.1 81.5 70.2 61.5 62.5 61.3 56.4 46.5 46 46 55.2 70.8 86.5 95.8 98.6 104.5 113.4 117.2 94.3 74.7 70.3 80.6 90.7 99.8 106.4 110 115.6 120.3 120.6 121.4 118.9 114.1 104.4 96.7 89.7 83.1 76.6 74 71.8 69.8 68.9 67.6 64.1 62.7 60.9 56.1 52.7 49.2 42.2 39.8 37.3 34.2 32.3 31.9 33.4 34.5 34.7 35.1 34.5 33.6 29.5 27.5 27.1 27.4 29.4 30.9 31.9 31.7 27.8
57.4 57.4 72.4 79.3 85.2 89.7 80.4 69.2 72.5 78.1 94 110.1 120.9 128.2 126.7 115 97.3 80.1 68.3 63.7 61.6 61.5 53.7 51 50.7 58.5 69.8 89.7 99.4 102.4 109.4 120.1 118.8 97.9 84 79.6 85.6 90.6 95.9 106.1 112.2 121 126 125.5 124.1 120.3 114.3 104.2 97.8 96.1 93.9 86.3 80.5 77.2 74.6 73.8 73.8 70.3 66.8 64.4 61 56.6 51.3 46 43.4 40.8 38.7 36.7 32.9 29.7 31 31.6 30.7 30.9 30.4 27.4 24.6 24.2 25 27.8 29.4 30.8 29.3 27
57.4 57.4 68.1 80.9 80.3 84.3 83 66.7 65.2 71.1 80.2 96.3 117.3 128.1 134.3 130.3 112.5 94.2 76.3 67.8 62.7 63.6 65.4 60.4 60.5 65.8 71.7 85.7 100.8 105 108.8 118.5 120.8 100.2 90.4 80.8 84.6 88.6 105.9 119.5 129.6 132.4 134.8 135.6 136.7 134.3 126.8 115 107.4 105.5 104.5 98.3 90.6 87.1 83.9 82.9 81.8 79.7 76.5 71.8 65.7 59 54 49.8 47.2 42.1 40.7 41 37.1 30.3 29.7 30 30.3 30.2 29.7 26.3 22.7 21.5 22.7 25.4 28 28.8 27 22.6
61 57.4 65.8 79.7 79.8 79.1 80.8 63.2 59.6 63.5 68.9 84.9 111.6 130.5 139.1 139.3 122.8 106.4 86.7 71.5 65.5 65.9 70 72.4 77.1 79.1 79.1 88 104.8 108.3 109.7 113 112.2 98.7 86.4 77.5 79.7 91.7 111.6 129.9 139.2 140.8 149.3 147.7 148.2 146.2 139.8 122.6 121.2 119.6 115.7 111.1 104.7 98.1 93.1 91.9 91.3 90 89 82.6 74.8 67.4 58.5 53 47.3 43.4 40.8 39.8 39.6 33.2 27.6 26.8 27 25.8 27.5 25.1 21.6 20 19.8 21.9 22.6 23.2 22.3 16.5
69 66.3 68.2 75.8 79.3 73 73.2 62.3 59.6 59.6 59.6 75.4 102.2 129.3 138.7 139.4 129.5 116.4 105.3 87.7 72.8 72.2 70.9 80.6 92.4 91.4 92 91.3 106.6 114.8 115.8 112.6 104.2 91.2 81.4 75.7 81.2 95.6 112.4 130.8 135.9 141.5 148.8 151 154.4 153.6 147.9 133.8 132.9 131.7 127.7 127.1 120.2 110.9 102.7 100.8 99.3 95.9 92.7 88.8 82.7 72.3 63.5 54.6 47.4 44.2 41.1 39.1 37.2 32.6 29.7 27.8 25.7 23 23.7 23.8 20.7 18.2 17.5 17 16.4 16.5 17 7.9
64.3 65.4 66.5 67.7 69.5 68.2 68.8 63.2 59.6 59.6 59.6 60.2 83 117.9 132.9 137.8 132.6 121.8 113.6 104.8 85.5 80.3 76.1 83.2 97.8 105.2 103.6 101.1 110.4 120 120.7 112.6 96.8 87.4 81.1 75.2 80 97.4 104.1 112.5 125.5 137.8 148.5 151.4 156.9 159.5 157.6 148.9 144.4 138.9 133.3 129.6 126.1 120 110.6 105.4 101.2 98.1 92.9 88.3 83.9 75 66.5 58.1 49.7 45.3 42.7 39.9 38.4 35.4 32.2 29.9 27.9 25.2 18.6 20 19.7 17.1 15.8 14.2 11.9 8 6.2 -0.9
64 64.3 64.3 64.3 64.3 65.9 67.7 62.6 59.6 59.6 59.6 59.6 72.7 102.2 120.9 128.8 129.4 126.6 117.9 109.2 104.5 91.7 81.6 77.8 95 110.4 110.5 111.7 113.6 123.1 123.3 115.4 93 88.6 83.3 75.8 72 83.1 89.4 100 117.6 131.5 143.3 148.5 151.4 157.2 155.7 149.1 144.2 138.3 134.1 128.9 125.3 121.7 114.2 106.9 103 98 92.7 87.8 83.3 76.8 68.5 60.5 52 47 44.4 41.5 39.2 36.2 33.5 30.8 29.7 26.6 20.6 13.5 12.8 14.5 13.1 12.7 7.9 -0.9 -0.9 -0.9
59.8 68.6 65.2 67.6 67 66.7 64.3 59.8 59.6 59.6 59.6 59.6 59.6 86.4 109.6 120.1 126.9 128.3 122.2 115.1 107.7 102.7 90.4 81.2 87 102.4 109.3 111.8 115.5 118.4 115.5 101.2 95.1 91.1 86.1 77.1 70.5 73 83.6 102.8 115.5 127.6 138.3 144.3 144.7 147.1 146.3 145.5 140.7 133.3 131.8 127.6 124 118.1 112.7 108.1 104 97.6 92.6 87.4 81.9 73.3 65.2 60.1 55.7 49 46.1 43.2 40.3 37.6 34.6 30.8 29.5 24.5 20 15.2 8.5 9.1 7.1 -0.9 -0.9 -0.9 -0.9 -0.9
59.4 62.9 70.6 70.6 73.5 72.7 66.4 59.6 59.6 59.6 59.6 59.6 59.6 66.6 94.5 107.9 115.8 125.2 122.7 118.9 110.8 106.4 99.9 85.9 83.4 95.3 105.3 107.7 110.6 112.5 99.4 95.4 93.5 91.2 84.2 79.5 70.5 70.5 84.7 97.1 109.9 124.7 134.8 134.3 137.5 135.4 135.1 138.6 135.3 127 127.1 126.2 122 117.8 114.4 109.7 104.6 97.9 92 86.5 79.2 70.3 62.1 59.1 60.4 58.7 50.2 46.4 41.8 39 35.6 31.8 28.1 21.8 17.8 15.3 11.1 5.6 0.7 -0.9 -0.9 -0.9 -0.9 -0.9
68.4 65.8 70.1 73.5 77.4 79.5 71.3 60.1 59.6 59.6 59.6 59.6 59.6 59.6 80.3 93.9 102.3 112.5 120.9 124.6 116.6 113.3 111.1 93.9 82.8 88.1 95.7 98.8 99.9 101 91.3 88.6 90.1 87.5 80.3 74.1 72.3 73.1 82.5 91.6 98.1 110.6 115 117.3 119.9 121 124 128.8 122.5 117.6 118.2 119.8 120 115.8 113.6 111.4 106.3 98.4 92.5 85.6 76.6 65.2 58 58.8 60.2 60.8 55.5 48.9 42.4 38.9 36.3 32.4 28 21.7 15.6 12.9 9.4 5.8 2.8 -0.9 -0.9 -0.9 -0.9 -0.9
70.3 70.7 71.9 75 79.9 80.5 70.6 63.3 59.6 59.6 59.6 59.6 59.6 59.6 69.2 90.4 97.6 104.1 116.8 128 123 114.9 118.2 111.3 96.2 83.3 86.9 87.1 87.8 88.4 85.3 80.1 78.4 73.2 71.1 71.4 70.8 67.2 69.2 77.6 85.6 88.8 92.7 95.4 98 99.5 102.1 108.4 108.2 108.4 108.1 110.7 115.8 114.6 112.3 111.4 105.8 97.7 89.5 81.1 71 60.5 53.9 54.8 58 59.8 56.4 48.6 42.3 39.2 36.7 32.7 28.5 22 15.3 11.1 6.9 3.7 1.4 0.9 -0.9 -0.9 -0.9 -0.9
72 72.2 73.8 76.5 80.1 79.8 75.9 68 59.6 59.6 59.6 59.6 59.6 60.1 61.8 83.5 110.8 113.7 117.2 128.6 130 116.1 123 123 111.1 91.4 86.1 78.8 77.3 76.5 75.2 69.9 68.5 64.2 60.8 62 57.9 56.7 56.3 56.3 60.7 66.5 73.5 77.3 78.3 80.8 83.6 91.3 98.1 100.2 97.6 103.8 108.7 111.7 109.5 108 101.1 95.9 86.3 76.5 66.8 57.5 49.7 50.7 52.6 54.5 52.6 48.2 42 40.2 37.7 32.6 26.8 20.1 15.1 9.5 5.1 -0.9 -0.9 -0.9 -0.9 -0.9 -0.9 -0.9
70.4 73.9 74.1 77.2 79.8 80.7 79.7 75.7 71.5 68.2 61.3 59.8 60.3 58.9 58.2 68.5 97.6 118.8 125.1 130 131 127.9 130.1 129.5 123 106.3 89.6 81.8 75 63.8 62 61.6 61.2 60.8 55.1 56.7 56.3 56.3 56.3 56.3 59.5 61 64.2 68.9 71.5 71.8 69 72.3 77.9 85 88.4 92.1 95 99 98.1 97.2 95.1 91 84 74.2 63.7 53.2 46.3 46.4 47.8 49.2 50 47.7 42.4 39.3 35.7 30.1 25.3 19.5 15.1 11.3 -0.9 -0.9 -0.9 -0.9 -0.9 -0.9 -0.9 -0.9
-0.9 64.1 67.2 73.2 80.9 78.8 82.3 79.1 80.3 80.6 73.3 66.2 61.2 57.7 53.6 57.4 73.5 105.6 126.6 131.6 131.9 130.2 130.3 129.5 125.2 115.3 94.8 82.6 74.9 65.5 55.4 54.1 52.4 53.4 52.9 53.2 59.6 59.3 57.7 57.6 56.8 57.9 61.3 64.9 67.7 65.6 61.5 58.9 64.5 71.8 80.6 83.3 83.9 86.5 89.1 90.6 88.2 85.8 80.9 70.4 59.3 48.7 42.2 42.9 44.8 46.9 48.5 44.3 40.1 36.2 32.6 28 22.3 17.2 12.2 6.8 -0.9 -0.9 -0.9 -0.9 -0.9 -0.9 -0.9 -0.9
-0.9 49.3 55.5 61 66.7 70.5 68.9 74.1 82.2 84 79.2 65.2 56.2 53 51.1 59.1 74.5 95.2 119.1 130.5 132.2 130.3 129.8 129.3 123.9 115.3 102.9 84.5 72.5 62 52.5 47.9 45.6 44.4 46 51.4 56.5 60 59.8 59.1 55.3 54.1 57 60.7 62.3 58.5 53.9 51.9 56.6 63 72.8 74 77.8 81 84.2 85.3 83 81.2 77 66 54.9 45.6 38.5 39.2 40.8 42.4 44.9 41.6 37.5 33 29.4 26 21 15.4 9.6 -0.9 -0.9 -0.9 -0.9 -0.9 -0.9 -0.9 -0.9 -0.9
26.6 35.6 37.7 47.6 52.1 59 65.9 63.8 69.3 70.2 75.1 63.6 49.2 48.9 49.2 57.9 73.7 88.4 103.4 120.4 128.7 125.3 120 124.4 120.5 114.6 102.3 82.1 66.3 56.1 47.4 43.9 41.1 39.2 40 46.4 53.8 58.3 62.2 66.4 62.4 53.7 53.4 58 60.9 54.5 48.5 47.6 50.1 57.4 65.9 72 75.6 77.5 79.6 80.2 77.2 75.4 71.6 62.4 51 41.2 35.4 33.5 35.7 39.6 41.2 38 35 31.5 27.5 24.5 19 14.4 8.5 -0.9 -0.9 -0.9 -0.9 -0.9 -0.9 -0.9 -0.9 -0.9
-0.9 -0.9 11.5 -0.9 26.3 32.7 39.5 46.1 49.1 50.1 57.9 67.3 55.1 46.8 45.2 52.1 66 79.8 86.1 101.9 114.8 117.7 115.3 116.3 116.5 112.6 105.1 93.2 68.1 54.6 46.5 41.1 38.7 36.8 37.4 42.9 50.2 53.5 57.6 65.1 65.6 53.2 48.3 49.4 54.7 48.5 43.2 43.7 44.6 54.5 65 71.3 73 74.4 75.9 74.6 71.7 68.8 65.9 58.6 47.1 35.6 30.4 26.4 30.3 34.3 36.4 34.2 31.2 29.6 26 22.6 17.6 12.1 1.2 -0.9 -0.9 -0.9 -0.9 -0.9 -0.9 -0.9 -0.9 -0.9
-0.9 -0.9 -0.9 -0.9 16.8 24.5 32.2 39.1 41.3 40.7 51.5 61.9 56.8 42.9 42.9 45.8 53.2 60.2 72.8 87 100 105.2 109.1 109.6 112.6 109.5 105.5 93.2 75.1 56.2 47.1 42.1 38.2 35.1 36.3 40.2 45.8 50.5 53.3 59.4 56.1 46.1 42.9 43.8 45.4 42.6 38.2 37.4 39.4 49 55.9 63.8 68.1 71.3 68 66.3 65.3 65.2 61 56 43.5 31.4 25.2 20.6 23 26.1 28.8 28.4 27.2 26.7 23.4 20 11.3 -0.9 -0.9 -0.9 -0.9 -0.9 -0.9 -0.9 -0.9 -0.9 -0.9 -0.9
-0.9 -0.9 -0.9 -0.9 14.6 22.1 28.2 32.3 36.5 39.7 54.7 60.4 53.8 42.9 42.9 42.9 46.8 57.7 72.6 89 93.2 101.9 109.1 108.3 103.6 106.4 99.9 93.6 78.4 59.8 44.5 40.2 36.3 32.8 32.2 37.2 42.7 48.4 49.4 52.4 49.4 42 38.5 40.6 41.3 38.5 34 32.9 35.5 40.8 47 52.5 59.4 63 60.9 58.9 58.3 58.5 55 50.6 41.6 30.2 22.3 13.6 12.8 17.8 19.9 19.8 18.9 21.4 19.1 15.7 12.8 -0.9 -0.9 -0.9 -0.9 -0.9 -0.9 -0.9 -0.9 -0.9 -0.9 -0.9
-0.9 -0.9 -0.9 -0.9 9.3 11.7 15.7 26 34.3 42.7 60 69.9 63.8 53.9 42.9 42.9 42.9 58.3 68.1 78 92.8 102.2 109.2 110 99.5 96.6 93.7 87.8 77.8 63.3 43.9 36.3 32.4 29.2 28.8 32.9 38.1 45.2 51.5 50.6 45.8 42 35.8 39.8 39.8 38 33.6 30.5 29 33.4 37.4 43.8 48.9 48.1 48.7 48.7 50 50 47.6 43.5 36.5 27.8 18.2 -0.9 -0.9 -0.9 -0.9 -0.9 -0.9 -0.9 -0.9 -0.9 -0.9 -0.9 -0.9 -0.9 -0.9 -0.9 -0.9 -0.9 -0.9 -0.9 -0.9 -0.9
-0.9 -0.9 -0.9 -0.9 -0.9 -0.9 14 21.5 33.1 35.3 55.9 71.5 69.5 67.5 50.6 42.9 42.9 46 63.2 70 80.9 97 102.5 108.6 107 91.6 87.1 82.3 75.4 65.6 50.8 36.9 31.2 27.2 30 27.6 28.8 37.7 47.8 48.7 41.7 39.6 36 31.3 36.7 36.8 32.8 28.6 27.2 29.1 33.2 36.7 41.1 40.7 38.2 39.7 41.2 42.1 42 40.5 36.3 21.9 -0.9 -0.9 -0.9 -0.9 -0.9 -0.9 -0.9 -0.9 -0.9 -0.9 -0.9 -0.9 -0.9 -0.9 -0.9 -0.9 -0.9 -0.9 -0.9 -0.9 -0.9 -0.9
-0.9 -0.9 -0.9 -0.9 -0.9 -0.9 4.5 14.9 26.9 29.7 50.3 65.1 73.6 73.5 68.9 50 42.9 45.6 58.8 70.1 70.2 86.4 97.7 103.2 110.8 96.7 82.5 79.7 78.8 70 61 39.9 32.1 27.1 24.3 22.7 22.7 28.5 37.6 40.4 40.2 40 35.4 28.6 25.7 31.3 28.2 24.6 24.6 26.4 30.7 35.5 39.1 36.4 34.2 33.4 34.1 35.5 37.8 37.3 23 17.3 -0.9 -0.9 -0.9 -0.9 -0.9 -0.9 -0.9 -0.9 -0.9 -0.9 -0.9 -0.9 -0.9 -0.9 -0.9 -0.9 -0.9 -0.9 -0.9 -0.9 -0.9 -0.9
-0.9 -0.9 -0.9 -0.9 -0.9 -0.9 -0.9 17.2 29.3 24.9 44.8 58.9 68.4 78.4 73.9 65.2 45.1 51.8 59.4 71.4 70.2 70.2 96 99.7 106.7 103.7 82.1 79.2 79.7 74.1 64.7 48.9 31.9 29.5 19.6 17.7 23.3 28.5 32.6 37.5 38.6 36 32.9 25.9 19.4 20.6 22.9 19.1 20.9 25.7 32 37 39.8 35 30.6 29.5 28.4 29.2 30.6 29.6 -0.9 -0.9 -0.9 -0.9 -0.9 -0.9 -0.9 -0.9 -0.9 -0.9 -0.9 -0.9 -0.9 -0.9 -0.9 -0.9 -0.9 -0.9 -0.9 -0.9 -0.9 -0.9 -0.9 -0.9
-0.9 -0.9 -0.9 -0.9 -0.9 -0.9 -0.9 25 30.6 11.4 44.6 54.4 61.6 71.3 71.3 69.7 53.4 36 49.5 68.2 70.8 70.5 77.3 92.2 96.9 97.4 79.3 74.1 79.9 77.1 67.1 57 32.8 27.8 14.9 13.7 20.7 25.7 30.5 34.9 35.1 31.5 27.4 20.5 13.8 11.9 12.7 16.2 19.1 21.8 28.3 35.7 39.4 34.4 26.5 24.1 23.7 22.8 22.2 20.8 -0.9 -0.9 -0.9 -0.9 -0.9 -0.9 -0.9 -0.9 -0.9 -0.9 -0.9 -0.9 -0.9 -0.9 -0.9 -0.9 -0.9 -0.9 -0.9 -0.9 -0.9 -0.9 -0.9 -0.9
-0.9 -0.9 -0.9 -0.9 -0.9 -0.9 -0.9 20 23.7 -0.9 34.7 44.8 56.2 64.9 69.4 68.4 58.4 33.7 33.7 45.1 67.2 72.1 68.6 71.6 81.3 85.5 74.6 71.3 69.9 67 63 54.5 35.1 19.3 9.6 6.4 12.9 18.7 29.6 32.9 32.4 27.6 22.8 16.5 9.1 6.4 13.1 14.3 15.8 17.7 24 31.6 34.2 29.1 23.2 18.9 16.7 13.1 14 9.5 -0.9 -0.9 -0.9 -0.9 -0.9 -0.9 -0.9 -0.9 -0.9 -0.9 -0.9 -0.9 -0.9 -0.9 -0.9 -0.9 -0.9 -0.9 -0.9 -0.9 -0.9 -0.9 -0.9 -0.9
-0.9 -0.9 -0.9 -0.9 -0.9 -0.9 -0.9 -0.9 -0.9 -0.9 -0.9 32.3 54 65.7 67.7 61.2 56.4 38 17.9 21.6 35.6 56.4 57.9 56 61 68.2 59.2 53.2 54.5 59 59.3 53.9 40.8 17.4 9.1 4.4 6.1 9.6 15.5 24.8 27.3 23.5 18.7 14.2 8.3 5.7 8.4 10.6 12 15 20.8 26.3 27.4 22.4 19.2 14.9 10.6 -0.9 10.9 -0.9 -0.9 -0.9 -0.9 -0.9 -0.9 -0.9 -0.9 -0.9 -0.9 -0.9 -0.9 -0.9 -0.9 -0.9 -0.9 -0.9 -0.9 -0.9 -0.9 -0.9 -0.9 -0.9 -0.9 -0.9
-0.9 -0.9 -0.9 -0.9 -0.9 -0.9 -0.9 -0.9 -0.9 -0.9 -0.9 -0.9 48.6 61.3 62.6 60.7 56 47.1 20.7 -0.9 -0.9 -0.9 38.3 35.9 44.4 42.7 35.5 37 46.3 56.6 61.4 56 43.4 24.5 4.3 -0.9 -0.9 -0.9 -0.9 11.7 17.5 17.4 13.1 6.8 8.6 5 3.3 -0.9 -0.9 11.8 21.9 28.1 22.9 19.4 16.6 13.1 -0.9 -0.9 -0.9 -0.9 -0.9 -0.9 -0.9 -0.9 -0.9 -0.9 -0.9 -0.9 -0.9 -0.9 -0.9 -0.9 -0.9 -0.9 -0.9 -0.9 -0.9 -0.9 -0.9 -0.9 -0.9 -0.9 -0.9 -0.9
-0.9 -0.9 -0.9 -0.9 -0.9 -0.9 -0.9 -0.9 -0.9 -0.9 -0.9 -0.9 36.2 48 54.6 54.4 51.8 49.5 -0.9 -0.9 -0.9 -0.9 -0.9 -0.9 20.3 -0.9 0.7 25.9 39.1 48.2 52.8 53.4 47.5 18.8 -0.9 -0.9 -0.9 -0.9 -0.9 -0.9 -0.9 -0.9 -0.9 -0.9 2.7 9 -0.9 -0.9 -0.9 -0.9 10.8 20.4 24.5 18.6 14.7 9.8 -0.9 -0.9 -0.9 -0.9 -0.9 -0.9 -0.9 -0.9 -0.9 -0.9 -0.9 -0.9 -0.9 -0.9 -0.9 -0.9 -0.9 -0.9 -0.9 -0.9 -0.9 -0.9 -0.9 -0.9 -0.9 -0.9 -0.9 -0.9
-0.9 -0.9 -0.9 -0.9 -0.9 -0.9 -0.9 -0.9 -0.9 -0.9 -0.9 -0.9 -0.9 37.8 44.3 18.7 45.2 41.9 -0.9 -0.9 -0.9 -0.9 -0.9 -0.9 8.1 -0.9 -0.9 -0.9 28.7 37.6 42 44.9 39.5 -0.9 -0.9 -0.9 -0.9 -0.9 -0.9 -0.9 -0.9 -0.9 -0.9 -0.9 1.3 11 -0.9 -0.9 -0.9 -0.9 -0.9 5.7 11.2 15.6 12.9 -0.9 -0.9 -0.9 -0.9 -0.9 -0.9 -0.9 -0.9 -0.9 -0.9 -0.9 -0.9 -0.9 -0.9 -0.9 -0.9 -0.9 -0.9 -0.9 -0.9 -0.9 -0.9 -0.9 -0.9 -0.9 -0.9 -0.9 -0.9 -0.9
-0.9 -0.9 -0.9 -0.9 -0.9 -0.9 -0.9 -0.9 -0.9 -0.9 -0.9 -0.9 -0.9 -0.9 -0.9 -0.9 35.7 -0.9 -0.9 -0.9 -0.9 -0.9 -0.9 -0.9 -0.9 -0.9 -0.9 -0.9 19.9 29 31 32.5 -0.9 -0.9 -0.9 -0.9 -0.9 -0.9 -0.9 -0.9 -0.9 -0.9 -0.9 -0.9 -0.9 -0.9 -0.9 -0.9 -0.9 -0.9 -0.9 -0.9 -0.9 11.1 0.5 -0.9 -0.9 -0.9 -0.9 -0.9 -0.9 -0.9 -0.9 -0.9 -0.9 -0.9 -0.9 -0.9 -0.9 -0.9 -0.9 -0.9 -0.9 -0.9 -0.9 -0.9 -0.9 -0.9 -0.9 -0.9 -0.9 -0.9 -0.9 -0.9
-0.9 -0.9 -0.9 -0.9 -0.9 -0.9 -0.9 -0.9 -0.9 -0.9 -0.9 -0.9 -0.9 -0.9 -0.9 -0.9 -0.9 -0.9 -0.9 -0.9 -0.9 -0.9 -0.9 -0.9 -0.9 -0.9 -0.9 -0.9 18.1 23.2 26 27.1 -0.9 -0.9 -0.9 -0.9 -0.9 -0.9 -0.9 -0.9 -0.9 -0.9 -0.9 -0.9 -0.9 -0.9 -0.9 -0.9 -0.9 -0.9 -0.9 -0.9 -0.9 -0.9 -0.9 -0.9 -0.9 -0.9 -0.9 -0.9 -0.9 -0.9 -0.9 -0.9 -0.9 -0.9 -0.9 -0.9 -0.9 -0.9 -0.9 -0.9 -0.9 -0.9 -0.9 -0.9 -0.9 -0.9 -0.9 -0.9 -0.9 -0.9 -0.9 -0.9
