webserver/python/data/HU54.asc
ncols 200
nrows 200
xllcorner 450000
yllcorner 1140000
cellsize 50
[rows 148 to 184 of 200, columns 0 to 84 of 200]
51.8 53.8 55.2 55.7 54.1 52.3 51.9 51.9 51.3 50.7 49 45.9 42.3 37.9 32.4 28.2 24.1 20.1 18.5 19.8 25.2 29.5 24.7 19.1 12.4 3.9 -0.6 -0.6 -0.6 -0.6 -0.6 -0.6 -0.6 -0.6 -0.6 -0.6 -0.6 -0.6 -0.6 -0.6 -0.6 -0.6 -0.6 -0.6 -0.6 -0.6 -0.6 -0.6 -0.6 -0.6 -0.6 10.5 16.1 17.8 18.7 22.3 29 28.1 -0.6 -0.6 -0.6 -0.6 -0.6 -0.6 -0.6 -0.6 -0.6 -0.6 -0.6 -0.6 -0.6 -0.6 -0.6 -0.6 -0.6 -0.6 -0.6 -0.6 -0.6 -0.6 -0.6 -0.6 -0.6 -0.6 -0.6
57.4 58.6 60.4 59.5 58.6 57.6 56.7 55.8 55 54.2 53.2 50.4 48.3 44.6 39.4 34.1 29.5 25.2 20.9 23 29.6 34.6 30.1 23.7 15.8 7.3 -0.6 -0.6 -0.6 -0.6 -0.6 -0.6 -0.6 -0.6 -0.6 -0.6 -0.6 -0.6 -0.6 -0.6 -0.6 -0.6 -0.6 -0.6 -0.6 -0.6 -0.6 -0.6 -0.6 -0.6 -0.6 15.8 19.6 18.6 17.7 23.6 29.3 28.8 -0.6 -0.6 -0.6 -0.6 -0.6 -0.6 -0.6 -0.6 -0.6 -0.6 -0.6 -0.6 -0.6 -0.6 -0.6 -0.6 -0.6 -0.6 -0.6 -0.6 -0.6 -0.6 -0.6 -0.6 -0.6 -0.6 -0.6
61.2 62.1 63.5 63.5 61.9 61.6 60.5 59.5 58.8 58 57 55.1 54.2 50.8 47.2 42.3 36 31.9 27.9 28.9 34.3 40.1 37.4 27.7 19.9 11.4 1.4 -0.6 -0.6 -0.6 -0.6 -0.6 -0.6 -0.6 -0.6 -0.6 -0.6 -0.6 -0.6 -0.6 -0.6 -0.6 -0.6 -0.6 -0.6 -0.6 -0.6 -0.6 -0.6 -0.6 9 18.2 19.3 17 17 26.3 30.7 28.1 -0.6 -0.6 -0.6 -0.6 -0.6 -0.6 -0.6 -0.6 -0.6 -0.6 -0.6 -0.6 -0.6 -0.6 -0.6 -0.6 -0.6 -0.6 -0.6 -0.6 -0.6 -0.6 -0.6 -0.6 -0.6 -0.6 -0.6
62.7 64.5 65.8 67.7 67.9 66.3 64.7 63.5 63.5 64.4 63.9 65 62.9 59.6 54.7 50.5 43.9 37.8 34 33.3 37 41.2 42.7 35.5 24 15.6 7.1 -0.6 -0.6 -0.6 -0.6 -0.6 -0.6 -0.6 -0.6 -0.6 -0.6 -0.6 -0.6 -0.6 -0.6 -0.6 -0.6 -0.6 -0.6 -0.6 -0.6 -0.6 -0.6 -0.6 11 17.5 17.7 15.5 18 20.7 25.1 -0.6 -0.6 -0.6 -0.6 -0.6 -0.6 -0.6 -0.6 -0.6 -0.6 -0.6 -0.6 -0.6 -0.6 -0.6 -0.6 -0.6 -0.6 -0.6 -0.6 -0.6 -0.6 -0.6 -0.6 -0.6 -0.6 -0.6 -0.6
64.2 66.3 68.2 70 70.4 69.4 69.9 70.6 70.5 71.7 73.3 73.3 71.4 66.6 61.6 57.1 51.6 44.6 40.1 37.6 39.3 40.9 42.6 41.4 27.5 18.8 10.6 -0.6 -0.6 -0.6 -0.6 -0.6 -0.6 -0.6 -0.6 -0.6 -0.6 -0.6 -0.6 -0.6 -0.6 -0.6 1 1 -0.6 -0.6 -0.6 -0.6 -0.6 -0.6 7 13.2 14.9 17.7 19.5 19 15.9 -0.6 -0.6 -0.6 -0.6 -0.6 -0.6 -0.6 -0.6 -0.6 -0.6 -0.6 -0.6 -0.6 -0.6 -0.6 -0.6 -0.6 -0.6 -0.6 -0.6 -0.6 -0.6 -0.6 -0.6 -0.6 -0.6 -0.6 -0.6
64.7 66.3 68.1 69.9 70 72 74.2 74.7 74.8 75.8 77.2 78.3 75.4 71.7 68.4 63.6 57.9 51.6 47.3 42.9 42 41 40.9 40.9 30.6 21.8 13 0.9 -0.6 -0.6 -0.6 -0.6 -0.6 -0.6 -0.6 -0.6 -0.6 -0.6 -0.6 -0.6 -0.6 5.4 8.4 6.2 2.6 -0.6 -0.6 -0.6 -0.6 -0.6 13.2 15.4 17.7 23.3 25.2 20.2 12.6 -0.6 -0.6 -0.6 -0.6 -0.6 -0.6 -0.6 -0.6 -0.6 -0.6 -0.6 -0.6 -0.6 -0.6 -0.6 -0.6 -0.6 -0.6 -0.6 -0.6 -0.6 -0.6 -0.6 -0.6 -0.6 -0.6 -0.6 -0.6
65.1 66.6 68.4 70.5 73.6 75.6 78 78.9 79 80 81.2 81.9 78.9 75.7 71.6 68.1 60.2 55.1 50.9 47.2 43.6 42.3 41.2 38.5 33.5 24.7 16.6 9.3 -0.6 -0.6 -0.6 -0.6 -0.6 -0.6 -0.6 -0.6 -0.6 -0.6 -0.6 -0.6 -0.6 9.6 11.4 7.3 2.7 -0.6 -0.6 -0.6 -0.6 10.7 16.4 18.9 24 31.4 31.6 22.6 -0.6 -0.6 -0.6 -0.6 -0.6 -0.6 -0.6 -0.6 -0.6 -0.6 -0.6 -0.6 -0.6 -0.6 -0.6 -0.6 -0.6 -0.6 -0.6 -0.6 -0.6 -0.6 -0.6 -0.6 -0.6 -0.6 -0.6 -0.6 -0.6
65.4 68 69.7 71.8 74.7 78.4 80.5 83.1 85.2 86.6 86.9 84.6 82.2 79.6 76 70 62.6 57.7 54 50 46 43.4 39.9 35.5 31.3 26.4 20.7 13.8 8.6 -0.6 -0.6 -0.6 -0.6 -0.6 -0.6 -0.6 -0.6 -0.6 -0.6 -0.6 -0.6 8.7 8.8 6.8 2.9 5.9 6.8 6.4 6.1 12.6 18.8 22.9 32.6 38.9 36.3 25.6 -0.6 -0.6 -0.6 -0.6 -0.6 -0.6 -0.6 -0.6 -0.6 -0.6 -0.6 -0.6 -0.6 -0.6 -0.6 -0.6 -0.6 -0.6 -0.6 -0.6 -0.6 -0.6 -0.6 -0.6 -0.6 -0.6 -0.6 -0.6 -0.6
65.2 68.2 70.9 71.9 74 77.7 81.4 84.9 88 89.6 89.3 86.8 84.2 81.9 79.2 71.6 65.6 60.7 56.4 51.5 47 42.6 39.3 34.6 30.3 27.4 25.3 20.7 14.4 -0.6 -0.6 -0.6 -0.6 -0.6 -0.6 -0.6 -0.6 -0.6 -0.6 -0.6 3.5 5.6 4.7 2.9 5.5 9.1 11.7 12.9 13 18.1 23.6 27.9 39.7 43.4 38.7 32 -0.6 -0.6 -0.6 -0.6 -0.6 -0.6 -0.6 -0.6 -0.6 -0.6 -0.6 -0.6 -0.6 -0.6 -0.6 -0.6 -0.6 -0.6 -0.6 -0.6 -0.6 -0.6 -0.6 -0.6 -0.6 -0.6 -0.6 -0.6 -0.6
63.9 67.1 69.5 70.2 73.3 76.9 81.4 84.4 88.1 89.8 89.6 87.8 85.2 82.7 80.2 72.4 66.4 62.1 57.1 52.3 47.5 42.9 38.8 34.8 31.8 29.2 30.7 27.7 20 10.8 -0.6 -0.6 -0.6 -0.6 -0.6 -0.6 -0.6 -0.6 -0.6 -0.6 1 2.6 2.8 5.4 8.8 11.3 13.1 16.9 18.5 24.2 31.1 37.2 46 48.6 41.5 31.9 -0.6 -0.6 -0.6 -0.6 -0.6 -0.6 -0.6 -0.6 -0.6 -0.6 -0.6 -0.6 -0.6 -0.6 -0.6 -0.6 -0.6 -0.6 -0.6 -0.6 -0.6 -0.6 -0.6 -0.6 -0.6 -0.6 -0.6 -0.6 -0.6
62 65.6 67.7 69 71.9 77.6 81.4 85.5 89 87.9 87.4 86.2 83.7 82.1 77.9 68.8 64.9 61.2 55.8 49.9 45.7 41.7 37.7 34.2 31.2 30 37.2 35.5 26.7 17.5 -0.6 -0.6 -0.6 -0.6 -0.6 -0.6 -0.6 -0.6 -0.6 -0.6 1.6 4.9 7 9.3 11.4 13.7 14.3 19.5 24.7 30.5 38.7 47.4 53.6 54.7 45.5 35 -0.6 -0.6 -0.6 -0.6 -0.6 -0.6 -0.6 -0.6 -0.6 -0.6 -0.6 -0.6 -0.6 -0.6 -0.6 -0.6 -0.6 -0.6 -0.6 -0.6 -0.6 -0.6 -0.6 -0.6 -0.6 -0.6 -0.6 -0.6 -0.6
62.9 65.8 68.2 69.9 73.9 78.9 81.5 84.2 86.4 84.5 82.4 82.1 81.7 77.8 72.5 64.7 62.1 59 53.3 47 42.7 38.5 35.8 32.4 29.4 29.3 33.3 35 31.8 21.7 10.5 -0.6 -0.6 -0.6 -0.6 -0.6 -0.6 -0.6 -0.6 -0.6 6.6 8.9 11.2 14 17.7 22 25.3 28.1 33.6 38.8 47.1 56.4 63.2 58.3 49.7 35 -0.6 -0.6 -0.6 -0.6 -0.6 -0.6 -0.6 -0.6 -0.6 -0.6 -0.6 -0.6 -0.6 -0.6 -0.6 -0.6 -0.6 -0.6 -0.6 -0.6 -0.6 -0.6 -0.6 -0.6 -0.6 -0.6 -0.6 -0.6 -0.6
65 67.1 68.9 71.4 74.6 78.4 81.1 82.4 82.7 82 79.7 78.3 75.8 71.6 66.9 61.2 58.2 54.1 50.4 44.2 39 34.6 32.6 30.3 26.5 26.1 27.9 31.2 30.7 22.5 11.7 -0.6 -0.6 -0.6 -0.6 -0.6 -0.6 -0.6 -0.6 7.9 11.7 15.4 17.6 21.2 27.2 34.2 40.3 44.3 49.1 50.7 55.5 65.9 71.7 66.2 51.6 36.9 -0.6 -0.6 -0.6 -0.6 -0.6 -0.6 -0.6 -0.6 -0.6 -0.6 -0.6 -0.6 -0.6 -0.6 -0.6 -0.6 -0.6 -0.6 -0.6 -0.6 -0.6 -0.6 -0.6 -0.6 -0.6 -0.6 -0.6 -0.6 -0.6
66.8 67.8 68.4 68.9 69.6 72.3 78.1 80.9 80.9 78.3 74.2 72.2 68.6 64.3 59.6 55.2 51.6 48.5 43.9 39.3 35.3 30.8 29.5 27.4 22.7 21.6 23 28 32.1 25.2 14.6 -0.6 -0.6 -0.6 -0.6 -0.6 2.5 6 10.5 13.9 17.3 20.8 24.7 29.2 37 45.4 53.2 57 62.9 66.7 69.4 78.5 78.3 72.6 55.3 35.8 -0.6 -0.6 -0.6 -0.6 -0.6 -0.6 -0.6 -0.6 -0.6 -0.6 -0.6 -0.6 -0.6 -0.6 -0.6 -0.6 -0.6 -0.6 -0.6 -0.6 -0.6 -0.6 -0.6 -0.6 -0.6 -0.6 -0.6 -0.6 -0.6
65.7 66.9 67.4 68.4 69.4 68.2 70.5 69.7 78.1 74.2 70.1 66.7 64.6 58.2 55.6 51.5 47.8 43.2 39 35.5 31.9 29.5 27.1 24.1 20.7 19.7 19.6 22.2 26.3 23.2 15.9 11 -0.6 -0.6 5.5 5.4 6.7 10.8 15.4 19.2 22.6 26 30.9 37.2 44.9 52.3 59.7 66.5 73.6 80.5 86.6 89.4 84.7 77.3 57.3 33 -0.6 -0.6 -0.6 -0.6 -0.6 -0.6 -0.6 -0.6 -0.6 -0.6 -0.6 -0.6 -0.6 -0.6 -0.6 -0.6 -0.6 -0.6 -0.6 -0.6 -0.6 -0.6 -0.6 -0.6 -0.6 -0.6 -0.6 -0.6 -0.6
64.4 67.3 68.4 69.3 68.8 67.3 66.5 68.8 66.4 68 63.7 59.7 57.4 52.1 50.1 47.2 41.9 38.1 35.7 32.4 28.4 26 24 22.3 18.4 16 16 18.8 19.8 18.7 15.5 13.3 8.7 10.1 9.1 8.4 10.4 15.8 20.7 24.5 27.9 31.3 36.9 45.6 52 58.8 66.2 75 86.2 94.3 101.3 96.8 91.4 78.9 59.3 31.9 -0.6 -0.6 -0.6 -0.6 -0.6 -0.6 -0.6 -0.6 -0.6 -0.6 -0.6 -0.6 -0.6 -0.6 -0.6 -0.6 -0.6 -0.6 -0.6 -0.6 -0.6 -0.6 -0.6 -0.6 -0.6 -0.6 -0.6 -0.6 -0.6
63 66.9 69.3 69.4 67.9 66.5 64.9 63.9 61.3 59.6 57.4 53.5 49.6 45.7 42.6 38.9 34.8 33.1 29.9 28.9 24.7 22.1 20.8 19.6 16.8 14.3 14.3 17.2 18.4 17.4 14.9 13 13.9 14.4 13.2 13.2 16.5 21.4 26.4 30.2 32.7 36.2 42.3 54.3 61 67 73.1 84.1 97.8 106.5 109.8 104 94.6 79.6 55.5 25.4 -0.6 -0.6 -0.6 -0.6 -0.6 -0.6 -0.6 -0.6 -0.6 -0.6 -0.6 -0.6 -0.6 -0.6 -0.6 -0.6 -0.6 -0.6 -0.6 -0.6 -0.6 -0.6 -0.6 -0.6 -0.6 -0.6 -0.6 -0.6 -0.6
62.5 66.4 70 68.8 67.5 65.5 62.4 60 57.3 54.3 50.6 47.4 43.3 39.2 34.8 31.4 30.3 28.2 23.5 24.3 21.6 20.5 19.5 18.4 16 14.3 14.3 14.3 15.4 14.9 14.7 16.8 17.8 18.2 18.2 19.1 21.4 26.6 31.9 36.8 39.5 42.5 48.6 58.1 67.7 73.8 81.2 97.2 109.7 119.2 117.2 107.8 95.2 78.8 50.8 -0.6 -0.6 -0.6 -0.6 -0.6 -0.6 -0.6 -0.6 -0.6 -0.6 -0.6 -0.6 -0.6 -0.6 -0.6 -0.6 -0.6 -0.6 -0.6 -0.6 -0.6 -0.6 -0.6 -0.6 -0.6 -0.6 -0.6 -0.6 -0.6 -0.6
59.7 62.9 66.1 68.8 67.8 64.7 64.4 65.6 57.7 51.4 46.9 41.3 37.6 35.7 32.4 28.8 26.2 24.4 22.5 20.5 19.1 18.6 18.1 15.7 14.3 14.3 14.3 14.3 14.3 14.3 16.8 19.6 21 22.3 23.8 24.6 27.1 31 37 42.4 46.4 49.4 56.3 66.6 75.3 83.6 93.1 110.6 118.7 127.7 121 106.3 94.3 74.3 44 -0.6 -0.6 -0.6 -0.6 -0.6 -0.6 -0.6 -0.6 -0.6 -0.6 -0.6 -0.6 -0.6 -0.6 -0.6 -0.6 -0.6 -0.6 -0.6 -0.6 -0.6 -0.6 -0.6 -0.6 -0.6 -0.6 -0.6 -0.6 -0.6 -0.6
56.6 58.3 62.1 64.9 67.4 68.4 67.2 63.1 58.7 52.8 46 39.2 35.7 34.4 31.3 27.5 23.7 21.2 19.2 18.8 18.7 19.2 18.1 14.7 14.3 14.3 14.3 14.3 14.3 14.3 16.5 19.1 22.8 26.5 30.4 30.8 32.9 35.8 42.4 48.4 52.4 55.4 63.4 73.5 82.8 91.5 105.6 120.9 128.1 130.3 120.9 105.2 91.7 70.5 41 -0.6 -0.6 -0.6 -0.6 -0.6 -0.6 -0.6 -0.6 -0.6 -0.6 -0.6 -0.6 -0.6 -0.6 -0.6 -0.6 -0.6 -0.6 -0.6 -0.6 -0.6 -0.6 -0.6 -0.6 -0.6 -0.6 -0.6 -0.6 -0.6 -0.6
53.7 55 56.2 62.5 64.5 65.4 62.6 61.2 57.7 52.9 45.8 39.6 35.7 32.8 30 26.4 23.3 21 19.2 19 19 20.3 18 17.5 14.9 14.3 14.3 14.3 14.3 14.6 16.9 19 23 27.4 30.6 34 37.3 40.2 47.7 53.2 55.5 60.5 68.3 77 86.9 97.7 117.5 130.8 138 131.1 116 101.7 87.8 63.9 36.7 14.2 -0.6 -0.6 -0.6 -0.6 -0.6 -0.6 -0.6 -0.6 -0.6 -0.6 -0.6 -0.6 -0.6 -0.6 -0.6 -0.6 -0.6 -0.6 -0.6 -0.6 -0.6 -0.6 -0.6 -0.6 -0.6 -0.6 -0.6 -0.6 -0.6
53.8 54.9 57.8 60.2 61.2 62.3 61.6 60.1 56.9 52.8 46.9 40.5 36.5 32.4 29 26 23.1 21.6 20.5 19.8 19.2 21.5 20.8 20.5 17.5 14.5 14.3 14.3 14.4 16.1 17.6 19.3 23.4 28.6 31.9 35.5 38.8 43.8 50.4 55.1 58 64 72.7 81 92.5 106.4 131.1 139.1 139.2 124.9 111 99.5 86.8 60.6 35.1 17.6 -0.6 -0.6 -0.6 -0.6 -0.6 -0.6 -0.6 -0.6 -0.6 -0.6 -0.6 -0.6 -0.6 -0.6 -0.6 -0.6 0.9 -0.6 -0.6 -0.6 -0.6 -0.6 -0.6 -0.6 -0.6 -0.6 -0.6 -0.6 -0.6
56.6 59.4 61 61.2 61.5 61.8 61.6 60.7 56.8 52.2 47.4 41.5 37.4 32.8 29.2 26.4 24.3 22.7 21.8 21.6 21.8 22.3 23.7 23.1 20.2 17.4 14.8 14.6 15 16.2 17.5 19 25.1 30.6 35.2 37 40.9 47.1 53.1 56.7 61.1 67 77.1 84.9 96.7 114.4 136.2 141 133.9 120.7 107.8 97.2 81.2 56.7 34.7 18.6 9 -0.6 -0.6 -0.6 -0.6 -0.6 -0.6 -0.6 -0.6 -0.6 -0.6 -0.6 -0.6 0.9 -0.6 7.4 -0.6 -0.6 -0.6 -0.6 -0.6 -0.6 -0.6 -0.6 -0.6 -0.6 -0.6 -0.6 -0.6
59.6 61 61 61 61.3 61.5 61.3 61.1 56.5 51.7 47 42.8 39.3 35.7 31.1 28.4 25.8 23.9 24.5 24.7 25 25.2 26.2 24.9 20.9 19.5 17.5 16.4 16.2 16.7 18 19 26 32.1 37.8 39.2 40.3 50.2 54.9 59.5 64.1 69.3 81.8 87.6 99.3 117.8 134.8 136.5 126.1 115 103.8 94.5 81.3 62.1 37.8 22.2 14.8 -0.6 -0.6 -0.6 -0.6 -0.6 -0.6 -0.6 -0.6 -0.6 -0.6 -0.6 -0.6 8.7 14.1 12.3 12.9 14.6 -0.6 -0.6 -0.6 -0.6 -0.6 -0.6 -0.6 -0.6 -0.6 -0.6 -0.6
59.6 61 61 61 61.1 61.2 61 60.9 57 53.2 49.1 45.2 42.1 38.8 33.5 30.5 27.8 25.6 25.5 26.9 28 28.3 28.5 26 22.5 21 19.1 18 17.9 17.6 18.3 20.7 25.9 34.6 40.9 42.2 44.7 50.8 57.9 62.5 67.2 73.2 82.4 88.2 99.5 113.5 129.9 131.9 122.8 109.2 97.7 89.3 77.7 57.8 37.5 22.9 17.5 8.9 -0.6 -0.6 -0.6 -0.6 -0.6 -0.6 -0.6 -0.6 -0.6 -0.6 6.9 12.6 17.4 18 18.6 20.9 -0.6 -0.6 -0.6 -0.6 -0.6 -0.6 -0.6 -0.6 -0.6 -0.6 -0.6
55.4 59.2 61 61 61 60.7 59.9 58.7 56.7 54.8 51 47.6 44.3 41 36.7 32.4 29.5 27.5 26.3 27.7 29 30.4 30.6 28.1 26.8 24.6 19.2 18.9 18.5 18.2 21.2 24.6 27.2 33 40.3 43.1 46.5 49 59.3 64.5 69.1 75.4 82 88.8 97.9 107.6 123.4 131.4 122.7 104.5 92.1 85.3 77.1 60.2 41.7 27 21.4 13 -0.6 -0.6 -0.6 -0.6 -0.6 -0.6 -0.6 -0.6 0.8 4.3 8.8 14.7 19.2 20.4 22.1 -0.6 -0.6 -0.6 -0.6 -0.6 -0.6 -0.6 -0.6 -0.6 -0.6 -0.6 -0.6
50.9 54.9 60.7 60.3 59.8 59.2 58.2 57.6 57 55.9 55.5 51.4 47.3 43.1 38.6 35.2 31.8 29.6 27.6 28.4 28.6 28.7 28.3 23.6 23.9 24 19.4 19.7 19.4 19.3 21.8 25.6 29.6 34.3 40 44.3 48.6 49 56.4 64.1 70.6 76.3 81.9 88.9 95.9 103.8 121 131 114.9 99.2 86.2 80 74 59.7 42.4 27.6 23.9 13 -0.6 -0.6 -0.6 -0.6 -0.6 -0.6 -0.6 -0.6 2.2 8.3 12.5 17.7 19.7 20.5 22.9 -0.6 -0.6 -0.6 -0.6 -0.6 -0.6 -0.6 -0.6 -0.6 -0.6 -0.6 -0.6
46.8 51.7 55.6 57.6 57.5 57.7 58 57.6 55.4 53.7 52.6 52.1 51.2 45.8 41.6 38.1 34.9 32 29.5 27.7 26.2 26.2 26.2 22.6 21.3 22.2 20 20.2 20.3 20.6 21.9 25.7 29.5 34.6 40 45 50.1 50.4 51.5 59.6 68.6 76.4 84 90.9 94.6 103.2 118.8 129.7 108.9 94.3 83.4 75.2 68.8 52.5 36.8 26.4 20 9.7 -0.6 -0.6 -0.6 -0.6 0.5 -0.6 -0.6 -0.6 5.6 12.3 16.4 18.8 19.5 20.5 22.4 -0.6 -0.6 31 -0.6 0.1 -0.6 -0.6 -0.6 -0.6 -0.6 -0.6 -0.6
44.1 48.6 52.3 54.3 54.8 56.1 57.2 57.4 54.1 51.1 50.1 50.4 51.1 47.8 43.9 40 36.8 33.8 31 29.4 27.8 26.2 24.5 23.2 21.9 20.7 20.8 20.9 21.1 21.8 22.9 25.5 28.7 32.6 38.7 43.9 49.5 51.9 51.5 54.9 66.3 78.2 84.6 88.1 90.5 96.4 110 108 98.2 91.3 82.8 73.9 63.5 49 34.9 24.3 16.1 7.2 -0.6 -0.6 -0.6 -0.6 0.9 -0.6 -0.6 2.3 8.2 12.9 17.1 19.3 19.3 21.7 23.4 7.3 31.9 29.7 -0.6 7.7 -0.6 -0.6 -0.6 -0.6 -0.6 -0.6 -0.6
40.8 45.4 49.7 51.4 52.6 53.8 55.7 58.4 52.7 50.1 50.1 50.5 51 50 46.2 42.2 38.8 35.9 32.6 30 28.3 26.6 24.9 24.5 23.3 22.4 22.6 22.8 22.6 22.5 23.5 24.9 27.7 30.9 37 43.6 49.3 52 52.1 52 62.9 75.5 80 82.7 85.2 91.4 98.8 94.4 90.9 86.5 78.9 69.9 59.2 46.8 32.1 22.8 13.2 4.2 -0.6 -0.6 -0.6 -0.6 1.3 3.4 5.6 8.1 8.5 13.8 18.2 20.8 21 21.6 22.9 25.1 31 31.2 18.2 13.5 10.8 7.5 -0.6 -0.6 6.5 14.4 19.5
37.3 41.4 45.6 49 50.5 52 54.7 57.4 53.5 50.1 50.1 50.6 51 51 48.6 43.5 40.5 36.9 34.6 31.8 29.2 26.9 25.3 24.6 24.6 24.2 24.4 24.2 23.9 23.8 24.1 25 27.7 30.2 36.1 42.9 49.4 52.7 54 53.7 60.5 68.8 75.1 75.6 77.8 83.5 90.2 90.6 87.1 81.4 74.8 65.8 54.6 42.8 26.7 19.5 11.6 -0.6 -0.6 -0.6 -0.6 -0.6 3.5 6 3.9 7.6 10.6 14.5 19.2 22.6 23.4 23.9 25.4 27.9 30.9 30.1 19.2 15.5 12.9 11.1 13 14.1 12.4 19.6 24
34.5 38.8 41.3 44.7 49.1 52.5 54.7 56.4 57.5 53.3 50.1 50.8 51 50.3 49 41.2 39 38 36.5 33.7 31 28.3 25.8 25.8 25.8 25.8 25.8 25.4 25.5 25.6 25.6 26.3 28.1 30 36.4 42.7 49.3 53.1 55.5 55 58 64.4 69.6 69.7 69.5 75.8 83 82.3 83 76.4 69.8 61.5 47.9 32.9 22 14.3 9.7 -0.6 -0.6 -0.6 -0.6 8.5 7.2 4 2.3 6.1 10.1 14.5 19.8 24.2 25 25.8 26.9 28.2 29.6 29.3 20.2 15.8 12.8 13.2 15.9 17.8 21.4 24.9 26.4
32.8 35.3 38.3 41.7 48.2 52.3 51.8 51.8 54.9 53.8 50 50.1 49.7 49.1 49.4 43.4 41.5 40.4 38.3 35.3 32.3 29.3 26.3 25.8 25.8 25.8 25.8 26.4 27.3 27.4 27.4 28 29.4 31.1 37.3 43.7 50 54.9 54.7 54.2 56.2 60.5 64 65.8 63.7 66.1 72.9 73.4 71.9 69.2 66.1 54.9 38.3 24.3 16 8.8 5.6 -0.6 -0.6 -0.6 -0.6 7.8 -0.6 -0.6 0.8 2.9 6.8 13.1 18.3 22.4 25.8 25.6 24.2 26.8 29 31 22.5 16 12.5 14.3 16.5 19.3 22 24.8 27.1
30.2 33.4 36.6 39.9 44.4 48.6 50 50.4 52.5 51.5 49.5 50.5 51.2 49.6 50.5 46.8 46.4 44.1 41.7 38.8 35.4 29.6 26.6 25.8 25.8 25.8 25.8 27 29 29.1 29.3 30 32.1 34.9 39.5 45.1 51.4 55.7 54.8 54.9 55.8 57.3 59.9 61.8 60.8 58.7 62.8 67.3 63.8 60.2 58.6 49.7 34.6 18.6 11.8 -0.6 -0.6 -0.6 -0.6 -0.6 0.7 7.6 -0.6 -0.6 -0.6 -0.6 3.9 12.3 17.3 22.2 25.3 24.4 22.8 22.5 23.7 23.8 21 16.2 13.9 15.4 17.3 19.1 21.4 24.5 28.1
29.3 31.9 35.3 39.1 40.5 45 49.5 51.8 52.9 53.6 53.5 53.7 53.9 53 51.2 49.8 49.8 47.8 44.9 42.3 36.5 30.6 27 25.8 25.8 25.8 25.8 28.2 30.6 30.7 32.3 33.4 35.1 37.9 41.9 46 50.1 54.6 55.4 55.7 56.1 56.1 56.1 58.5 59.1 56 55.3 58.8 57.6 53.7 50.8 46.3 31.9 14.2 7.7 -0.6 -0.6 -0.6 -0.6 -0.6 5 7.6 -0.6 -0.6 -0.6 -0.6 6.2 12.1 16.7 21.4 23.5 21 18.6 15.6 16.6 17.2 16.8 14.1 15.1 16.3 17.9 19.1 21.6 24.6 28.7
28.5 31.6 36.3 38.7 42.4 47 50.1 53.3 55.9 56.8 57.6 58 57.3 56.6 54.1 53.8 52.8 51.3 49.2 44.8 37.9 32 28.2 25.8 25.8 25.8 25.8 26.7 30.5 34.1 37.5 38.3 39.5 40.8 43.5 47.2 51.3 54.4 56.6 56.6 56.7 56.1 56.1 56.1 57.3 53.1 50.9 52.5 52 47.6 43.5 34.6 23.2 9.5 3.1 -0.6 -0.6 -0.6 -0.6 -0.6 5.2 -0.6 -0.6 -0.6 -0.6 -0.6 8 12.3 16.6 21 19.8 16.4 13.5 10.2 11.7 13 13.9 13.7 15.2 17 18.6 19.6 22.8 25.9 29.5
30.6 35.7 41.4 43.8 47.9 49.4 52 55.3 58.8 60.5 61.4 61.8 61.1 60.3 58.1 55.8 54.7 52.7 50.9 48.1 39.1 33.1 28.4 25.8 25.8 25.8 25.8 25.8 29.3 34.5 40.8 40.1 41.9 43.9 46.6 49.6 52.7 55.3 57.9 59.1 57.8 56.5 56.1 56.1 56.9 53.6 50.2 48.9 47.2 43.5 35.3 27 19.6 6.1 1.4 -0.6 -0.6 -0.6 -0.6 -0.6 -0.6 -0.6 -0.6 -0.6 -0.6 3.8 8.8 12.6 16.6 18.4 17.4 13.8 10 0.9 6.6 9.3 11.5 14 15.5 16.8 19 20.4 23.6 27.1 29.9
