webserver/python/data/HU58.asc
ncols 200
nrows 200
xllcorner 450000
yllcorner 1180000
cellsize 50
[rows 0 to 36 of 200, columns 0 to 82 of 200]
34.2 24.7 21.3 21.5 29.6 36.3 43.6 50.3 58 67.9 75.9 86.5 99.8 109.8 115.3 119.8 117.8 112.1 102.3 93.3 85.9 73.7 70 59.9 47.3 39.1 38.5 38.7 37 34.4 45 52.2 60.2 67.8 74.6 80.4 85.2 89.9 92.8 95.6 98.7 100 101 101.1 101 99.1 96.2 93.9 92.1 90.6 90.4 89 89.4 89.2 89.3 88.6 88 88.6 85.5 81.4 73.8 62.7 50.2 37.7 21.1 -0.8 -0.8 -0.8 -0.8 -0.8 -0.8 -0.8 7.4 12 14 17.4 18.7 15.7 12.1 -0.8 -0.8 -0.8 -0.8
32 24.8 21.5 24.3 30.3 36.7 43.7 51.7 59.2 69.8 78.4 89.5 101.9 110.9 115.6 120.7 118.7 113 106.7 98.7 91.7 83.9 73.3 61.7 51.4 46.3 42.8 42.8 43.6 41.8 39.3 52.6 59.6 67 74.6 81.3 86.9 91.1 93.7 96 98.1 99.5 99.9 99.8 99.7 98.1 96.1 94.2 92.5 90.7 90.9 90.5 89 88.6 87.2 85.9 85 85.5 83.1 80.3 74.8 64 50.1 39 22.6 -0.8 -0.8 -0.8 -0.8 -0.8 -0.8 -0.8 15.4 17.3 17.7 19.5 20 20 15.9 7.5 0.6 -0.8 -0.8
31.4 29 26.6 27.1 30.3 35.7 46 54.6 63.2 70.3 79.2 90.9 101.8 110.9 117.1 119.6 118.9 114.2 108.3 102.4 95.6 89 77.5 66.3 57.7 50.1 47 47.4 48.1 49.9 43.8 49.3 58.5 66.7 74.2 81.4 87.5 91.3 92.8 95 97 97.4 97.6 97.5 97.3 96.8 94.6 92.8 91.3 91.7 91.2 89 88.5 85.9 84.8 83.4 82.3 81.7 80.7 76.8 72.7 63.8 49.6 39.6 25.3 -0.8 -0.8 -0.8 -0.8 -0.8 -0.8 -0.8 18.2 19.5 20.1 20.3 21.5 21.8 17.5 10.6 2.4 -0.8 -0.8
31.9 29 28.6 28.6 29.8 36.8 46.9 55.1 63.1 71 80.2 92.1 102.8 112.3 118.9 119.5 118.6 114.3 109.7 106.1 99.5 91.4 81.3 71.7 62.1 54.8 52.1 51.9 52.8 52.6 48.6 45.9 54.2 65.1 73.4 80.6 85.9 91 92.1 93.3 94.9 94.6 94.9 95.1 94.9 94 92.5 92.4 92.1 92 91.3 89.3 87.8 85 82.2 80.5 79.6 78.3 75.8 72.2 68.5 61.5 48.5 37.6 23 -0.8 -0.8 -0.8 -0.8 -0.8 -0.8 9.4 17.4 21.5 23.6 24 23.9 22.6 18.7 13.2 6.2 -0.8 -0.8
32.5 29.1 29.4 29.4 30.6 37.9 46.3 54.9 63.1 72.3 82.3 93.9 104.5 114.4 120.6 120.7 119.4 116.1 113.1 109.8 104.5 95.8 85.2 76.1 66.5 59.7 57.5 57.9 57.8 57.4 54.7 50 50.9 62.8 71.9 78.3 83.3 88.3 89.8 91.2 92.4 92.1 92.2 92.1 92.6 91.2 91.1 91.5 91.9 91.6 91.2 90 87.6 84.7 81.8 78.8 75.5 73.2 71 67.4 62.8 54.2 44.1 33.4 20.8 -0.8 -0.8 -0.8 -0.8 -0.8 -0.8 12.6 19.5 24.4 25.8 25.5 25.1 23.9 19.5 13.3 6.6 -0.8 -0.8
33.3 29.4 29.4 29.5 30.9 37.7 47.6 56 64.3 73.5 84.5 96.3 105.9 114.9 120.2 120.9 120.3 118 115.4 112.1 106.3 98.1 86.7 78.8 70.1 64.9 62.7 61.8 61.5 60.1 59.1 57 49.4 59.8 70 75.8 80.7 85.4 87.2 88.9 90.2 90.2 89.5 88.5 89.2 89.9 90.1 90.9 91.3 91.4 91 90.5 86.5 83.4 80.2 76.9 73.5 69.5 66.2 63 58.2 49.7 40.5 31.4 19 -0.8 -0.8 -0.8 -0.8 -0.8 -0.8 12.8 19.4 24.8 26 25.9 25.8 25.1 20.6 12.9 1 -0.8 -0.8
35.4 30.5 29.2 29.7 31.1 37.8 47.1 57.8 66.6 74.9 86.4 98.1 107.6 115.7 121.2 122 123 121 118.3 114.5 107.7 99.1 88.1 80.2 72.8 69.9 68.2 67.8 66.6 63.9 62.2 60.3 53.4 57 68.6 74.3 79.3 81.6 83.4 85.2 85.4 85.7 85.5 84.3 85.4 86.2 87.8 88.9 90.3 91 90.1 87.9 84.7 81.5 78.1 74.7 71.3 67.9 62.2 57.8 52 45.1 35.9 26.7 16.3 1 0.1 -0.8 -0.8 -0.8 -0.8 12.6 18.8 23.9 25.2 24.5 23.2 23.9 20.7 12.8 -0.8 -0.8 -0.8
37.5 31.8 29.2 29.6 31 38.1 47.5 56.1 67.1 76.7 86.3 99.7 110.2 116.1 121 124 125.3 124 121.3 117.5 111.2 102.3 89.5 81.4 75.4 74.9 74.3 73.1 70.7 67.5 65 61.5 55 58 67.6 72.9 76.1 78.1 80 81.6 80.8 80.2 79.9 79.6 81.5 82.7 84.3 86.6 88.8 89.1 88.2 85.3 81.4 78.7 75.1 71.9 68.7 64.4 58.8 52.7 45.1 39.5 31.5 22.6 13.9 5.8 3.4 -0.8 1.1 1 4.6 12.2 18.3 22.2 23.6 22.3 20.7 21.9 19.3 15.4 -0.8 -0.8 -0.8
38.7 33 29.2 29.1 32 38.8 48.6 57.5 67.2 76.7 87.9 100.1 110.6 116.9 123.1 127.3 129.1 130.1 126.9 121.7 115.2 106 92.7 84.2 80.1 78.8 79.5 78.7 74.4 70 67.6 64.2 58.4 56.4 65.2 70.7 72.4 74.5 76.7 77.4 76.2 74.8 74.5 75.4 76.6 79.1 81.2 83.8 85.5 86.8 86.5 83.3 79.1 75 71.2 68 65.1 61.4 56.4 48.7 40.7 31.9 23.1 16.9 9.5 1.5 1.2 1.2 1.4 1.2 5.6 10.7 17.3 21 21.5 21.4 20.3 19.8 17.4 12.6 3.9 -0.8 -0.8
40 34.2 29.9 29.2 33.3 40.1 49.2 59 69.5 77.8 88.7 100.4 113.2 120.2 127.4 131 131.7 132.1 130.4 124.8 118.6 108.5 96.1 88.1 81.5 82.2 82.7 81 77.1 73.1 70.7 68 61.7 56.6 61.9 67 69.9 71.9 73.2 72.7 71.5 69.8 69.1 69.9 71.5 75 78.6 80.5 81.9 83.1 83.1 80 74.4 69.8 67.2 64.1 61 57.9 52.6 46.9 38.4 28.9 19.2 9.6 1.2 1.2 1.2 1.2 1.2 1.2 4.2 9.4 15.5 19.9 20.4 19.6 18.4 16.1 13.5 11.1 10.6 -0.8 -0.8
41.2 33.9 30.5 29.7 33.8 40.6 50 58.1 68.8 79.7 91.3 102.8 113.1 122.7 129.3 132.1 133.3 132.4 130.8 126.3 120.1 109.1 98.3 91.1 86.8 87.8 85 81.8 79.7 76.3 70.7 68.7 63.4 60.6 59.7 63.5 66.5 69.4 70.7 69.8 68.9 68 66.5 66.3 67.9 70.7 73.9 75.5 77.1 78.6 77.9 74.5 68.9 63.4 59.1 57.7 56.3 53.4 48.6 43 35.2 26.8 17.3 5.2 1.2 1.2 1.2 1.2 1.2 1.2 1.2 7.8 12.4 18.7 17.9 16 15.6 13.7 10.1 5.3 -0.8 -0.8 -0.8
42.8 35.7 31 31.3 34.3 41.1 50.8 57.7 70.1 80 91.8 102.2 111.2 121.1 128.8 133.3 134.6 134.2 132.1 128 121.1 109.3 99.5 92.4 89 89.9 86.8 83.5 80 75.7 71.9 68.9 65.8 60.8 61.7 66.8 69.6 71.1 70.7 69.8 68.9 67.4 65.1 63.8 63.7 66.2 68.8 69.6 70.8 71.8 68.5 65.3 59.9 53.6 50.5 51.3 52.1 51.1 46.2 39.3 32 23.2 12.9 1.2 1.2 1.2 1.2 1.2 1.2 1.2 1.2 6.3 10.7 15.2 13.4 12 11.8 11.1 10 -0.8 -0.8 -0.8 -0.8
47.7 38.9 32.7 32.8 35.8 43.1 51.5 57.8 69.3 80.1 91.8 103.2 113.5 123.1 130 133.6 135.3 134.6 132 127.8 120.5 109.7 101.2 95.5 92.3 90.5 88.3 84.9 80.6 77 73.8 71.3 67.6 61.9 61.3 69.9 71.7 72.2 72.4 70.9 69.5 67 64.1 61.4 60.7 61.3 62.4 62.8 63.8 63.4 59.7 55.7 51.6 48.7 46.8 46.3 48.6 48.8 43.3 37.4 30.8 19.4 7.2 1.2 1.2 1.2 1.2 1.2 1.2 1.2 1.2 5 9.9 13 11.2 9.2 10.4 11.1 -0.8 -0.8 -0.8 -0.8 -0.8
49.3 41.2 35.8 33.2 36 43.7 52.5 59.1 71.1 83.8 95.9 106.8 116.2 124.3 131.7 134.6 135.9 134.8 132.2 126.9 119.4 109.6 103.5 99.1 96.6 92.5 89.4 85.8 80.8 76.7 73.6 71.3 69.4 64.7 66.5 70.9 73.8 74.6 75.4 73.3 70 67.4 63.2 61.2 59.7 59.1 59.1 56.8 56.9 55 51.5 48 44.1 42.3 41.3 42.6 44.3 44.5 39.4 32.7 25.2 16.3 4.4 1.2 1.2 1.2 1.2 1.2 1.2 1.2 1.2 2.6 6.8 11.3 9.3 9.8 9.2 10.2 -0.8 -0.8 -0.8 -0.8 -0.8
50.7 42.2 35.5 36 36.7 44.3 53.8 61.8 74.2 87 97.4 108.8 118.4 127.3 133.7 136.7 137.7 136.1 132.4 127.2 119.2 108.9 104.7 100.5 99.5 95.1 90.2 85.3 79.8 76.5 73.3 70.8 70.2 69.2 69.3 73.7 78.1 79.3 78.5 75.6 72 67.9 63.3 59.7 60.2 60.6 58 54.9 51 49.3 43.2 41.4 38.9 37.2 36.1 37.3 39.8 39 33.8 27.1 20.6 12.5 2.5 1.2 1.2 1.2 1.2 1.2 1.2 1.2 1.2 1.2 3.8 8.7 9.2 9.2 10 7.8 -0.8 -0.8 -0.8 -0.8 -0.8
50.1 42 38.3 37.7 38.7 48.5 56.5 64.6 77.3 89.7 99.6 111 121.7 129.8 135.7 138.8 139.5 137.1 131.8 126.9 119.8 111.5 106.3 103 101.2 96.5 91.1 85.7 80.2 76.7 73.3 70.8 69.3 69.6 72.1 76.9 80.4 81 80.6 77.8 74 68.5 64.7 63.6 64.1 64.7 62.4 58.8 54.1 49.4 41.5 38.7 35 32.5 30.8 32.5 33.9 33.1 27.8 21.8 15.9 8.1 1.2 1.2 1.2 1.2 1.2 1.2 1.2 1.2 1.2 1.2 3.6 8.1 8.6 8.5 7.5 5.2 -0.8 -0.8 -0.8 -0.8 -0.8
49.5 41 38.3 38.4 39.9 51.4 58.5 67.7 80.2 92.4 102.6 113 124.4 132.5 138.5 140.6 140.8 137.7 132.9 128.9 120.4 113.3 107.1 103.5 101 96.6 91.2 86.4 80.7 77.3 74.1 71 69 70.9 75.8 79.5 81 80.9 80.9 80 75.8 69.8 65.7 66.9 68.6 68.4 65.9 62.3 57.2 50.1 41.7 36.7 33.1 30.4 28.4 27.3 28.4 26.3 21.8 17.1 11.1 2.1 1.2 1.2 1.2 1.2 1.2 1.2 1.2 1.2 1.2 1.2 2.9 7.5 8 8.1 6.4 4.6 -0.8 -0.8 -0.8 -0.8 -0.8
49.3 41.2 38.7 38 42 53.3 60.2 71.4 81.3 93.5 103.9 115.5 127.1 135.9 141.5 143 141.8 138.5 133.4 127.5 121.2 112.6 105.3 102.5 100 94.6 90.6 87.2 81.9 78.5 74.9 71.8 70.2 73.9 78.8 81 81.1 80.8 80.6 80.9 77.8 71.6 67.3 69.3 70.7 70.8 68.7 64.2 58 49.1 40.9 38.9 35 31.9 30.3 24.9 23.2 21.1 16.8 12.6 6.2 1.2 1.2 1.2 1.2 1.2 1.2 1.2 1.2 1.2 1.2 2.2 5.6 8.8 8.5 8.3 8 7.1 5.7 -0.8 -0.8 -0.8 -0.8
49.9 41 38.7 38 41 53.8 63.5 73.9 83.2 92.9 103.5 116.1 130.4 139.2 143.6 145.9 143.6 139.6 134.6 128.4 121.8 114.4 108.6 101.5 98.5 92.9 89.5 86.5 81.8 78.9 76.3 74 72.9 76.6 80.6 81.1 81.2 80.9 80.5 80.8 77.7 72.2 70.9 72.1 73 71.8 70.8 65.9 58.1 49.5 42.4 39.8 37.1 33 30 25.4 19.9 16.4 11.9 9.2 4.3 1.2 1.2 1.2 1.2 1.2 1.2 1.2 1.2 1.2 1.2 3.9 8.1 9.9 9.6 9.3 9.7 8.9 6.3 4.3 3.2 4.8 7.6
50.6 40.1 39.5 39.8 44 53.8 63.9 75.2 85.3 96.3 105.5 119.4 132.9 143.2 148 148.7 146.8 141 135.9 130.4 124.6 118.2 112 104.9 100.1 94.6 90.7 87.3 83.5 80.4 79 77.7 77 79.3 82 82.3 82.2 81.2 81.1 79.2 78.6 75.7 75.1 76.3 76.2 75.5 71.6 66.8 58.8 50.8 44.7 41.1 38.1 32.8 28.9 25 21.1 15.4 9.8 5 2.4 1.2 1.2 1.2 1.2 1.2 1.2 1.2 1.2 1.2 1.2 5 9.7 10 9.7 9.4 9.9 9.2 8 5.8 6.6 7.6 8.8
50.7 39 39.2 39.4 44.6 55.6 66.3 75.6 87.6 98.7 108.4 122.3 136.1 145.1 151 151.1 149.2 142.5 137.7 133.6 129.4 122 115.6 109.1 102.1 96.6 92.9 89.6 86.1 82.5 80.6 79.6 78.7 79.6 84.3 85.8 85.3 83.1 80.8 79.1 79.3 79.5 79.3 78.9 79.4 76.2 70.6 66.1 60.6 52.2 46.5 41.8 37.4 33.2 29.7 26.5 23 18.5 10.6 7.1 3.6 1.5 1.2 1.2 1.2 1.2 1.2 1.2 1.2 2 3.1 6.3 10.1 11.3 9.4 9.4 9.1 9.6 9.6 6.4 6.8 8.8 10.2
52.6 39.1 38.4 39 45.2 55 65.5 76.9 88 100.1 109.5 122.5 137.8 146.7 150.4 150.9 149.6 146.2 140.5 136.4 131.6 125.7 117.2 110.1 103.5 98.7 95.4 91.3 88.6 84.5 80.8 79.7 78.8 80.4 86.5 88.9 88.5 85.8 81.9 79.3 79.1 79.5 80.7 81.3 80.9 78.9 71.5 65.1 59 51.7 46.3 41.8 38.3 34.9 31.2 28 24.4 20 12.6 8.1 4.5 2.5 1.2 1.9 2.9 1.6 1.2 1.2 1.2 1.3 4.3 7.4 11.2 14.1 11.6 9.1 9.1 10.3 9.6 8.7 5.5 6 10.1
51.7 39.9 38.4 40.4 48.8 56.2 65.1 75.6 87.8 100.3 111.6 124.6 137.8 145.6 151.2 153.1 151.1 148.6 143.9 139 134 129.3 120.8 112.1 106.4 101.2 99 94.9 90.3 86 82.5 79.9 79.2 81.9 88.3 91 90.7 87.3 83.6 81 80 81.2 82.4 82.3 81.9 81 73.3 65.4 58.9 50.8 46.5 40.8 39.5 36.7 32.9 30.3 23.4 18.6 11.7 7.5 5 2.6 2.6 4.5 6.1 3.5 1.4 1.2 1.3 2.7 5.2 7.9 11.9 16.3 13.6 10.5 9.5 10.6 9.8 11 7.5 5.8 8.5
51.5 42.1 41.8 47.8 53 58.3 67.7 78.9 87 99.9 111.6 123.9 136.3 145.7 152.7 156 156.1 153.9 149.6 142.5 136.8 131.9 123.8 116.4 110.1 104.9 100.9 98.5 91.5 88.8 85.6 81.6 80.8 82.2 89.7 90.9 90.9 86.8 84.7 82.8 81.6 83.1 84.2 84.4 83.2 81.2 76.1 65.2 58.9 50.8 47.7 43.3 41.1 39.2 34 29 23.7 17.5 9.2 7.6 5.3 2.8 4.1 7.7 9.3 8.4 6.9 9.1 9.1 7.3 6.8 10 12.8 16.3 14.7 12.1 10.2 10.4 10.6 10.8 10 5 5.8
50 39.6 43.3 51.7 57.7 62.9 70.3 78.7 88.7 101.3 113.1 124.7 136.5 147.3 154 160 161 159.5 156.5 149.8 142.5 135.4 127.5 120.6 114.1 107.7 103.4 99.7 95.1 91.3 88.9 83.9 81.2 82.6 91 90.9 90 87.7 85.9 84.6 83.9 85.4 86.5 86.5 85 81.8 75.8 68 58.3 50.4 47.6 45.2 42.4 39.9 36.6 31.6 25.2 18.2 10.1 8.4 6.2 4 3.2 9.5 11 9.7 9.3 9.3 9.1 9.1 9.3 10.9 12.3 14.8 14.4 12.7 12 11.9 11.5 9.8 9.6 4.8 5.8
47.5 41.3 48.8 54.4 59.9 69.7 76.1 83.3 91.9 102.9 114.8 126.4 137.3 148.5 156.6 162.5 164.8 164.8 163.2 156.8 146.5 138.8 131.2 123.5 115.5 110.3 105.6 101.9 98.3 93.6 90.1 87 85.5 88.7 90.9 90.9 90.9 89 87.9 86.6 86.1 87.1 88.6 87.9 85.2 80.9 74.8 68.3 59 51.4 48.7 47.5 45.3 42.8 39 33.2 26.6 18.4 10.9 8.9 6.8 4.3 3.8 8.7 10.2 9.4 9.6 9.3 9.1 9.1 9.1 11 10.4 13.3 14.7 14.8 14.8 14.5 15 12.8 8.4 5.8 5.8
49.9 50 54.6 59 65.1 71.9 80.5 87.6 94.8 107 116.7 127 138.2 149.6 158.5 164.7 168.6 170.3 167.9 160.9 150.6 142 133.8 125.1 117.6 112.7 108.2 105 100 96.4 91.5 88.4 88.6 89.4 91.1 91.5 91.8 89.1 89 88.6 88.4 89.1 90.6 89.6 85.9 80 74.1 68.1 59.3 54.3 51.5 50.3 49.5 45.7 41.7 36.1 27.9 19.3 13.1 8.7 7.5 4.5 4.5 8.6 9.9 11 10.3 9.6 9.1 9.1 9.4 11.1 11.2 13 14.2 15.1 16.6 17.8 18.4 17.6 10.5 5.8 5.8
51 50.1 55.4 61.9 68.2 75.3 83.4 92.6 99.9 109.4 118.1 128.4 139.4 150.2 159.6 166.7 171.2 171.7 170.2 164.1 154.1 144.7 136.1 126.9 119.1 114.6 110.7 107.5 101.9 97.9 93.8 90.4 89 89.1 90.8 91.9 93.3 90.4 89.4 90 91.4 92.7 93.6 92.1 88.2 80.8 73.7 67.8 60 56 54.4 53.5 52.3 49.6 44.8 38.6 29.4 20 13.9 9.1 7.2 5.3 5.5 8.1 9 11 11 11 9.3 9.1 9.9 11 12.5 15.1 16.6 17.4 18.2 19.1 20.3 20.3 13 7.8 5.8
54.9 50.6 58.7 64.5 70.8 78.1 87.4 97.8 102.2 111.1 119.2 129.6 140.4 151.4 160.8 167.6 173.6 174.9 174.4 169 158.8 148.6 138.5 130.1 121.6 116.3 112.1 107.6 103.3 99.5 96.1 94 92.2 90.4 92.8 96.8 97.1 94.2 92.8 94 95.6 97.2 97.6 95.6 91.8 81.7 73.8 67.2 61.2 58.6 58 58.1 56.4 52.1 47 41.3 30.1 20.6 14 9 7.3 5.5 5.9 8.2 8.8 10.1 11 11 10.3 9.5 10.2 11.7 14 16.5 18.8 19 18.9 19.5 21 20.5 18.2 14 8.9
56.3 55.7 62.2 67.3 73.6 82.2 90.1 98.8 104.7 113.7 122.3 131.7 140.8 152 161.4 168.6 174.6 178.6 178.5 173.6 163.7 153.3 143.1 133.3 123.6 118.5 113.8 109.4 105.3 102.2 99.8 97.1 93.6 91.2 96.5 100.9 100.3 97.8 96.6 98.4 99.9 99.6 100.8 100.8 94.1 83.1 73.9 68.4 63.8 60.7 59.9 60.8 59.6 55.6 50.2 41.6 32 22 15.1 10.2 7.6 4.9 6.2 8.1 8.6 9.1 11 10.9 10.8 11.4 11.4 12.9 15.3 17.8 19.7 19 19 20.6 22.7 22 21 18.7 14.6
59.1 59.3 64.2 71 78.4 85.1 93.1 101 108.3 116.5 125.2 133.4 142.2 151.6 160.4 168 175 178.9 181.3 177.3 167.8 158.6 148 136.2 126.4 120.2 115.6 111.3 108.2 105 102.4 99.2 96.8 95.4 97.4 101.1 101.1 100.1 99.1 100.6 101.1 101.5 101 101.1 95.5 84.4 76.4 70.6 66.1 63.4 62.5 63.2 62.1 59.3 52.8 43.6 33.8 24 17.1 12.5 8.3 4 5.6 8.1 8.6 9.1 9.9 10.2 10.8 12.5 13 14.2 16.7 19.1 20.6 20.6 20.5 20.9 23.7 26.1 25.4 23.3 19.8
59.1 61.2 66.4 73.6 79.5 88.1 95.8 103.3 111.6 120 129.2 137.1 144.8 151.9 159.3 167.4 173.3 178 180 177.3 169.6 162.3 151.2 138.5 129.3 121.9 117.4 114.1 111 107.8 104.4 100.7 98.6 98.2 99.4 100.7 101 101.2 101.8 103.4 104.2 105.9 105.4 102.6 93 85.5 79.5 73.4 67.9 66.8 66.9 67.4 64.2 60.5 54.3 45.7 35.4 24.6 18.6 14 10.2 5.8 5.6 8.3 8.8 9.1 9.5 10.1 11.3 12.7 14.4 15.5 17.9 20.1 20.5 21.6 22.7 24.4 26.4 28.7 29.7 27.5 24.5
60 63.3 69.3 74.9 81.9 89.4 97.3 105.2 112.2 122.2 132.7 140.9 147 151.9 159.3 165.3 170.4 173.5 174.9 173.8 170.5 163.6 153.4 139 130.1 122.6 118.1 115 112.1 109.1 105.7 101.4 99.5 98.8 99.1 101 102.6 104.4 105.6 106.4 107.9 109.2 109.1 104.1 94.9 87.1 81.1 75.4 71.3 69.2 69.3 70.2 67.8 62.6 56 46.4 35.5 25.7 19.7 15.3 11.5 8.8 4.5 8.3 10.2 10.1 10.3 10.4 12.1 13.6 15 16.6 18.8 20.1 21.5 23.4 25.4 27.7 29.6 29.3 30.3 31 28.5
64 68.4 71.4 75.2 80.4 88.9 97.8 105 112.8 124.7 134.9 143.6 149.6 154.1 159 162.6 167.2 169.8 171 170.2 170.1 164 151.3 140.2 130.6 123.6 119 115.4 112 109.3 105.9 102.6 100.6 99.4 99.3 102.1 104.8 107.2 108.9 110.1 109.7 110.4 110.8 107.3 96.4 88.9 82.4 77.7 73.7 70.2 69.3 70.4 70.9 65.3 57.3 47.9 36.3 27.8 20.1 15.7 12 9.2 6.2 8.5 13.1 11.8 11.7 10.8 12.9 14.4 16 17.6 19.7 22.4 24.3 26.2 28.3 30.6 30.8 30 29.9 31 30.9
70.2 72.1 73.5 76.6 80.9 88.1 95.8 104.3 113.2 124.5 136.5 146.1 152.6 157 160.6 163.5 166.6 168.2 169.1 167.1 164 158.9 150.1 140 130.8 123.3 119.8 115.1 110.8 109.3 106 103.2 101 100.6 99.7 102.7 106.9 109.3 111.5 111.6 111.7 111.8 111.1 107.2 99 89.9 83.5 78.7 75.2 71.9 71.2 70.7 71.3 64 56.3 47.8 36.8 28.5 20.9 16 12.4 9.8 6 10.4 15.3 14.6 12.8 11.2 13.5 15.4 17 18.7 21.2 24.7 27.1 29 31 31.6 31.1 31 30.2 31 30.8
70.5 72.7 76.6 78.2 82.3 86.8 94.3 104.3 113.9 125.3 138.2 148.1 155.1 160 163 165.9 168.4 169.7 169.1 167.5 159 151.7 144.2 138.1 131.1 122.6 119.7 115.3 111.4 109.1 106.2 103.2 100.8 101.6 100 105.3 109 110.7 113.8 114.1 114.9 114.6 112.8 108.7 99.9 91.4 86.1 80.9 77.5 74.2 73.7 74.9 72 64 56.3 48.2 36.2 28.1 21 16.2 12.3 9.7 5.5 12.2 14.9 15.1 13.4 11.8 13.5 15.7 17.8 19.4 22.8 26.2 29.3 31.1 31.7 31.9 31.4 31 31 30.9 30.8
71.6 73.9 77.1 79.8 83.1 86.7 92.9 104 114 125.6 139 150 157 162.6 165.6 168.2 169.7 170.5 171.4 168.5 164 158.3 152.3 142.6 134.4 125.8 120.7 116 112.2 109.6 107 104.3 102.7 102.2 104.4 108.1 109.7 112.1 115 117.8 118.1 117.2 114.6 110.6 100.6 92.5 87.5 82.3 77.8 76.1 75.9 77.9 72.7 66.3 57.5 48.4 38.2 30 21.5 16.2 12 9.4 6.2 13.7 15 15.5 13.9 12.4 14.2 16.7 19.1 20.6 25.9 29.9 31.3 32.7 33.4 33.3 31.9 31.2 31 30 30.6
