webserver/python/data/HU59.asc
ncols 200
nrows 200
xllcorner 450000
yllcorner 1190000
cellsize 50
[rows 74 to 110 of 200, columns 0 to 84 of 200]
52.1 55.5 60 64.2 69.4 74.9 80.8 85.5 86.6 86 84.1 79.6 74 67.5 61 56.3 50.8 46.3 41.7 39.1 36.3 34.3 31.8 28.8 23.9 19.8 20.1 19.2 21 21.3 23.8 23.3 23 22.5 21.8 20.6 16.7 12.8 10.3 -0.9 -0.9 -0.9 -0.9 -0.9 -0.9 -0.9 -0.9 -0.9 -0.9 -0.9 -0.9 -0.9 -0.9 5.8 10.8 15.3 19.9 19.6 19.4 20.5 21.4 22.7 22.7 22.9 21.5 21.7 19.8 19.1 20.6 22 24.7 27.6 29.3 33.3 39.2 44.8 49.5 52.4 56.5 59.5 60.8 59.1 57.1 53.3 49.1
54.7 57.8 62.2 66.7 72.5 78.1 84.2 88.8 90.9 89.2 84.6 79.1 74.4 68.6 61.4 55.3 48 44 39.5 38.1 35.7 33.3 31.5 29.2 24.2 20 19.5 19.9 20 21.5 21 21.5 22.4 22.6 22.1 20.5 17.9 14.1 11 3.8 -0.9 -0.9 -0.9 -0.9 -0.9 -0.9 -0.9 -0.9 -0.9 -0.9 -0.9 -0.9 -0.9 1.8 5.8 12.7 15.9 16.4 17.5 18.6 19.1 18.3 18.7 19.7 18.6 17.2 16.4 18 19.6 23.7 26.6 29.3 31.2 35.1 39.8 43.1 47.4 51.5 54.7 58.3 60.4 60.2 57.9 53.8 50.5
56.2 59.5 64 68.5 73.6 80.7 87.2 90.7 91.2 89.8 84.9 79.5 73.7 67.9 60.2 54.4 48.6 42.7 40.3 37.7 35 33.1 31.6 29.5 25 20.1 19 19 19 21.1 21.3 21.6 21.9 22.5 21.8 20.3 17.9 14.2 9.7 5.5 -0.9 -0.9 -0.9 -0.9 -0.9 -0.9 -0.9 -0.9 -0.9 -0.9 -0.9 -0.9 -0.9 -0.9 -0.9 7.1 12.1 14.1 16 16.7 16.9 16.1 16.1 16.3 15 12.3 14.9 15.3 18.8 23.3 27.7 31.8 33.8 37.5 39.9 43.2 46.3 50.3 52.9 56.4 59.2 60.4 59.1 56 50.6
57.8 60.8 65.4 70 75.6 82.6 90 91.5 91.5 90 84.7 78.7 72.9 66.6 58.3 52.6 46.7 41 38.3 36 33.8 32.1 30.6 28.8 24.7 20.4 19.9 19.2 19 21.1 21.4 21.7 22 22.3 21.8 20.9 17.7 14.2 10.4 5.5 -0.9 -0.9 -0.9 -0.9 -0.9 -0.9 -0.9 -0.9 -0.9 -0.9 -0.9 -0.9 -0.9 -0.9 -0.9 -0.9 6.3 11.5 13.8 15.1 15.5 14.5 13.4 13.2 12 9.5 14.2 14.6 19.1 23.6 28.2 32.5 36.5 39.5 40.4 43.3 46.4 48.7 50.9 54.3 56.1 57.9 60.1 56.7 51.6
58.7 61.8 66.2 70.3 77.2 83.4 90.5 91.7 91.9 90.7 84.3 78 72.4 65.8 56.5 50.2 44.6 39.9 36.2 34.1 32.3 30.7 28.8 26.5 24.6 20.5 19 19 19 20.8 21.3 21.6 21.9 22.2 21.7 19.4 16.8 13.3 9.4 3.7 -0.9 -0.9 -0.9 -0.9 -0.9 -0.9 -0.9 -0.9 -0.9 -0.9 -0.9 -0.9 -0.9 -0.9 -0.9 -0.9 -0.9 6.6 11.5 13.2 12.9 12.2 11.3 10.8 9.9 9.2 13.2 14.8 19 23.6 27.7 31.7 37.8 41.3 42.5 44.6 45.8 46.6 48.4 50 51 53.2 55.6 53.5 51.1
58.1 62.3 68.2 73.3 78.4 83.8 91 91.8 92.5 91.1 84.8 78 72.7 64.7 54.9 48.5 43.4 39.1 35.2 33.3 31.7 30.1 27.6 24.6 22.5 19.8 19 19 19 19.7 21.2 21.5 21.7 21.9 21.3 19.7 16.3 12.1 6.6 -0.9 -0.9 -0.9 -0.9 -0.9 -0.9 -0.9 -0.9 -0.9 -0.9 -0.9 -0.9 -0.9 -0.9 -0.9 -0.9 -0.9 -0.9 -0.9 6.2 11.1 11.2 10.3 9.6 9.1 5.9 8.8 12.2 14.9 19 23.2 26.8 31.1 36.2 41.1 43.2 44.2 44.2 44.2 44.7 45 45.8 48.5 50.3 50.8 51
57.9 62.1 68 73.1 79.2 85.4 90.8 91.7 91.9 91 84.2 76.8 69.5 60.6 53.8 48 43.2 38.2 35.2 33.1 31.3 29.5 26.5 23.4 20.6 19.4 19.2 19.1 19 19.1 21 21.3 21.4 21.4 21.7 19.9 14.4 9.1 -0.9 -0.9 -0.9 -0.9 -0.9 -0.9 -0.9 -0.9 -0.9 -0.9 -0.9 -0.9 -0.9 -0.9 -0.9 -0.9 -0.9 -0.9 -0.9 -0.9 -0.9 3.6 7.8 8.7 8.4 6.2 5 7.7 10.9 14.6 18.8 22.5 25.9 29.1 33.2 39.1 41.9 42.1 42 41.9 40.7 41.1 41.2 41.7 44 46.5 45.8
57.9 62.5 68.2 74 80 86.1 91 91 90.8 90.7 82.1 75.7 68.7 59.4 51.1 46.2 42 39.5 37.1 34.3 32.5 30 26.5 23.5 21.2 20.1 20.3 20.1 19.2 18.8 20 20.4 20.4 21.5 21.4 18.3 11.9 6.6 -0.9 -0.9 -0.9 -0.9 -0.9 -0.9 -0.9 -0.9 -0.9 -0.9 -0.9 -0.9 -0.9 -0.9 -0.9 -0.9 -0.9 -0.9 -0.9 -0.9 -0.9 -0.9 3.5 4.5 4.6 2.5 3.5 6 9.8 12.4 16.8 21 25.1 28.7 30.6 36.2 41.3 41.7 41.4 41.1 39.6 38.2 37.5 36.8 37.7 40.2 39.4
57.9 62.9 69.9 75.1 80.6 85.9 90.8 91.7 91.2 88.4 79.9 73.7 67.3 58 51 46 41.9 41 38.8 35.7 33.7 30.5 27.1 24.7 22.9 20.9 20.5 19.2 18.4 18.8 18.9 19.1 19.8 20.5 17.8 13.4 9.3 5 -0.9 -0.9 -0.9 -0.9 -0.9 -0.9 -0.9 -0.9 -0.9 -0.9 -0.9 -0.9 -0.9 -0.9 -0.9 -0.9 -0.9 -0.9 -0.9 -0.9 -0.9 -0.9 -0.9 1.1 1.4 1.3 1.4 3.1 8.2 10.5 14.9 19 22.3 26.6 29.2 33.6 38.3 40.6 41 40.9 38.8 36 34 33.3 32.7 33.8 34.2
57.9 63.1 70.1 75.1 80.5 86.3 90.8 91.8 91.5 85.8 77.6 70.9 65.1 58.6 51.8 47.1 44.6 42.6 40.8 37.4 34.7 31.1 28.5 26.9 24.9 22 20.3 18.7 16.2 14.1 12.5 13.5 18.5 18.9 13.3 9.1 6.1 2.5 -0.9 -0.9 -0.9 -0.9 -0.9 -0.9 -0.9 -0.9 -0.9 -0.9 -0.9 -0.9 -0.9 -0.9 -0.9 -0.9 -0.9 -0.9 -0.9 -0.9 -0.9 -0.9 -0.9 -0.9 -0.9 -0.9 -0.9 -0.9 -0.9 8.1 12.3 15.9 19.4 23.5 27.9 31.7 34.7 37 38.6 38.4 36.6 34.1 32 30.2 28.9 29.3 29.3
58.4 64.3 69.8 76.2 82 87 91.1 92.3 91.3 84.7 76.1 69.5 64.4 59.3 54.1 49.1 47 44.8 43.1 40.3 36.2 32.8 30.1 28.6 25.9 23 20 18.5 15.2 11.9 9.9 9.3 10.8 11 9.8 6.9 3.3 1.2 1.1 -0.9 -0.9 -0.9 -0.9 -0.9 -0.9 -0.9 -0.9 -0.9 -0.9 -0.9 -0.9 -0.9 -0.9 -0.9 -0.9 -0.9 -0.9 -0.9 -0.9 -0.9 -0.9 -0.9 -0.9 -0.9 -0.9 -0.9 -0.9 3.1 8.5 12.7 16.7 20.6 24.5 28.1 31.1 33.2 34.6 35.7 34.4 32.1 30.7 28.4 26.1 25.1 25.8
61.4 66.9 73 78.8 84.5 89.9 93.3 95.5 93.7 87.6 78.9 72.1 66.6 61.8 57.9 51.4 49.7 47.2 45.4 42.9 38.6 34.5 32.1 30 27 24 20.7 19.6 16.8 13.6 10.3 9 9 9 8.8 6.6 3.1 1.4 2 1.7 -0.9 -0.9 -0.9 -0.9 -0.9 -0.9 -0.9 -0.9 -0.9 -0.9 -0.9 -0.9 -0.9 -0.9 -0.9 -0.9 -0.9 -0.9 -0.9 -0.9 -0.9 -0.9 -0.9 -0.9 -0.9 -0.9 -0.9 -0.9 3.1 8.1 12.4 16.8 21.1 24.2 27 29.2 29.9 31.1 31.8 30.7 30 26.7 23.5 22 22.2
64.8 69.7 77.6 83.1 88.3 93.6 97.8 99.3 96.7 90.4 80.3 74.2 68.9 64.8 61.5 56.3 51.7 49.5 46.2 44.1 41.1 36.5 32.5 29.4 28 24.6 21.3 20 18.8 15.3 10.5 9.1 9 9 8.8 7.2 5.6 3.4 4.4 4.2 2.4 -0.9 -0.9 -0.9 -0.9 -0.9 -0.9 -0.9 -0.9 -0.9 -0.9 -0.9 -0.9 -0.9 -0.9 -0.9 -0.9 -0.9 -0.9 -0.9 -0.9 -0.9 -0.9 -0.9 -0.9 -0.9 -0.9 -0.9 -0.9 2.1 8.6 13.3 17.3 19.9 22.6 24.6 25.1 26.3 27.6 28.3 26.6 23.8 21 19.1 19.6
67.1 71.9 80.3 86.6 92 97.1 100.7 101 99.2 92.2 83.1 76.8 72.2 69.3 65.8 61.7 56.3 52.1 47.8 45.6 43 38.8 34.3 30.7 28.1 25 23 21.1 20.3 15.6 10.8 9.1 9 9 8.9 9 8.4 6.7 7.2 7.1 5.8 5 -0.9 -0.9 -0.9 -0.9 -0.9 -0.9 -0.9 -0.9 -0.9 -0.9 -0.9 -0.9 -0.9 -0.9 -0.9 -0.9 -0.9 -0.9 -0.9 -0.9 -0.9 -0.9 -0.9 -0.9 -0.9 -0.9 -0.9 -0.9 -0.9 10.4 11.8 14.9 17.9 19.6 20.1 20.6 21.6 22.9 23.1 20.8 18.1 16 15
69.5 75.7 82.6 90.1 95.7 99.9 101.4 101.1 99.3 93.8 86.6 80.7 77.2 74.2 71.1 67.8 60.3 56.4 51.8 47.9 44.5 40.4 35.1 31.2 28.9 26.2 24 21.8 19.7 16 12.3 10.4 10.9 11.2 11.3 10.2 10.3 10 10.2 10.7 9.4 9.1 8.2 4.6 1.6 -0.9 -0.9 -0.9 -0.9 -0.9 -0.9 -0.9 -0.9 -0.9 -0.9 -0.9 -0.9 -0.9 -0.9 -0.9 -0.9 -0.9 -0.9 -0.9 -0.9 -0.9 -0.9 -0.9 -0.9 -0.9 -0.9 -0.9 4.9 9.8 13 14.6 15.1 15.8 16.7 18.9 17.8 16.4 13.4 11.9 10.4
73.2 80.2 86.4 93.4 99.1 103.3 103.4 100.9 97.8 94.8 89.7 85.1 81.8 78.5 75.2 72.1 66.1 62 56.1 50.2 46.1 42.4 37.4 32.4 29.8 28.9 26.7 23.9 21.9 19 15.7 13.9 14.3 14.9 14.8 14.4 13.4 14 14.1 12.8 11.1 12.7 12.8 11.2 8.3 3.6 -0.9 -0.9 -0.9 -0.9 -0.9 -0.9 -0.9 -0.9 -0.9 -0.9 -0.9 -0.9 -0.9 -0.9 -0.9 -0.9 -0.9 -0.9 -0.9 -0.9 -0.9 -0.9 -0.9 -0.9 -0.9 -0.9 -0.9 -0.9 6 9.5 10.5 11.6 12.4 13.6 12.6 11.3 9.4 7.4 4.9
77.1 84.2 91.5 98.1 103.1 107.5 107.3 102.6 98 95.4 92.1 88.2 85.1 82.2 79 77.8 72.7 67.5 61.3 54.7 49.2 45.2 40.6 35.3 31.4 30.8 28.5 26.2 24.2 21.6 18.6 17.2 18.2 18.6 18.1 17.7 17 17.7 18 16.4 15.4 15 15.7 14.3 12.7 9.5 -0.9 -0.9 -0.9 -0.9 -0.9 -0.9 -0.9 -0.9 -0.9 -0.9 -0.9 -0.9 -0.9 -0.9 -0.9 -0.9 -0.9 -0.9 -0.9 -0.9 -0.9 -0.9 -0.9 -0.9 -0.9 -0.9 -0.9 -0.9 -0.9 -0.9 -0.9 5.9 7.2 7.5 6.1 4.2 2.6 -0.9 -0.9
82.5 87.7 94.8 101.3 106.3 110.7 109.9 104.7 100.4 97.5 94.7 91.5 87.9 85.2 83.2 82.5 79.4 74.1 66.9 60.2 55.1 48.9 44.1 38 34.8 32.7 31.4 28.8 26.6 24.1 22.4 21.1 20 22 21.6 21.1 20.6 21.5 22.1 21.2 21.1 19.7 19 17.3 16 13.9 10.9 -0.9 -0.9 -0.9 -0.9 -0.9 -0.9 -0.9 -0.9 -0.9 -0.9 -0.9 -0.9 -0.9 -0.9 -0.9 -0.9 -0.9 -0.9 -0.9 -0.9 -0.9 -0.9 -0.9 -0.9 -0.9 -0.9 -0.9 -0.9 -0.9 -0.9 -0.7 0.9 -0.6 -0.8 -0.9 -0.9 -0.9 -0.9
88.9 93.1 97.8 103.5 108.6 110.8 110.6 107.9 102.6 99.5 96.8 94 91 87.9 88.3 86.9 84.8 80.6 73.1 65.9 61 54.6 48 40 37 34.9 33.6 31.5 29.3 27.1 25.3 23.5 23.3 23.9 24.4 24.8 24.9 25.6 26.8 26.3 26.8 24.4 22.2 20.9 18.2 16.4 14.5 -0.9 -0.9 -0.9 -0.9 -0.9 -0.9 -0.9 -0.9 -0.9 -0.9 -0.9 -0.9 -0.9 -0.9 -0.9 -0.9 -0.9 -0.9 -0.9 -0.9 -0.9 -0.9 -0.9 -0.9 -0.9 -0.9 -0.9 -0.9 -0.9 -0.9 -0.9 -0.9 -0.9 -0.9 -0.9 -0.9 -0.9 -0.9
95.7 98.4 100.4 105.8 109.9 111 110.5 108.7 105 101.4 98.6 95.9 93.2 90.9 89.2 88.7 86.1 82.8 75.9 70.4 65.6 59.1 52.3 45.4 39.7 37.4 35.8 33.7 30.9 29.4 28 26.3 26.4 27.1 27.6 28.1 28.9 29.4 30 29.6 31 28 26.1 23.5 20.3 18.9 17.3 12.1 -0.9 -0.9 -0.9 -0.9 -0.9 -0.9 -0.9 -0.9 -0.9 -0.9 -0.9 -0.9 -0.9 -0.9 -0.9 -0.9 -0.9 -0.9 -0.9 -0.9 -0.9 -0.9 -0.9 -0.9 -0.9 -0.9 -0.9 -0.9 -0.9 -0.9 -0.9 -0.9 -0.9 -0.9 -0.9 -0.9 -0.9
101.4 103.8 105.7 108.4 109.2 111 109.4 105.8 103 101.4 99.6 96.3 93.1 90 90.9 89.3 88.3 84.5 79.4 73.8 69.2 62.9 55.9 48.7 42.5 39.7 37.2 34.5 32.3 30.9 30.1 29.7 28.6 29.2 30.6 31 30.7 31 30.6 30.4 31.2 31 28.7 25.8 22.4 21 17.8 13.6 8.4 -0.9 -0.9 -0.9 -0.9 -0.9 -0.9 -0.9 -0.9 -0.9 -0.9 -0.9 -0.9 -0.9 -0.9 -0.9 -0.9 -0.9 -0.9 -0.9 -0.9 -0.9 -0.9 -0.9 -0.9 -0.9 -0.9 -0.9 -0.9 -0.9 -0.9 -0.9 -0.9 -0.9 -0.9 -0.9 -0.9
104.9 108.1 109.4 109.6 109 109.2 106 102.7 100.6 100.2 98.7 94.9 92.4 89.8 89.7 90.7 89 85 80.6 75.3 69.2 63.7 57.3 51 46.2 41.6 38.2 35.4 33.4 31.9 30.6 29.1 29.4 30.2 31 31 31 31 31 31.4 31.4 31.1 30 26.7 22.1 20.9 16.8 13.2 7.7 -0.9 -0.9 -0.9 -0.9 -0.9 -0.9 -0.9 -0.9 -0.9 -0.9 -0.9 -0.9 -0.9 -0.9 -0.9 -0.9 -0.9 -0.9 -0.9 -0.9 -0.9 -0.9 -0.9 -0.9 -0.9 -0.9 -0.9 -0.9 -0.9 -0.9 -0.9 -0.9 -0.9 -0.9 -0.9 -0.9
107 110.9 111 110.5 109.6 107.2 102.6 100.2 99.3 98.5 96 92.3 90.5 89.8 90 89.8 87.7 85.3 81.6 76.9 71 65 59.2 52.7 47.6 43.5 39.3 36.7 34.7 32.8 31.4 30.7 30.8 30.8 31 31 31 31 31 31.2 31.6 31 29.8 25.3 20.2 18.2 14.4 11.5 5.7 -0.9 -0.9 -0.9 -0.9 -0.9 -0.9 -0.9 -0.9 -0.9 -0.9 -0.9 -0.9 -0.9 -0.9 -0.9 -0.9 -0.9 -0.9 -0.9 -0.9 -0.9 -0.9 -0.9 -0.9 -0.9 -0.9 -0.9 -0.9 -0.9 -0.9 -0.9 -0.9 -0.9 -0.9 -0.9 -0.9
108.3 111 111 111 110.5 106 100.4 98.3 96.5 94.6 92.2 89.6 87.3 83.7 86.2 87.7 86.2 84.9 81.8 77.4 72.8 68 60.9 54.3 49.3 45.1 40.3 38 36 33.9 31.8 30.3 30.9 30.6 31 31 31 31 31 31.1 30.7 30.7 26.3 21.3 17.2 15.3 11.5 7.6 3.6 -0.9 -0.9 -0.9 -0.9 -0.9 -0.9 -0.9 -0.9 -0.9 -0.9 -0.9 -0.9 -0.9 -0.9 -0.9 -0.9 -0.9 -0.9 -0.9 -0.9 -0.9 -0.9 -0.9 -0.9 -0.9 -0.9 -0.9 -0.9 -0.9 -0.9 -0.9 -0.9 -0.9 -0.9 -0.9 -0.9
108.4 110.9 110.9 111 110.3 103.4 99.5 97 94.6 92.5 91 87.9 82.4 81.2 81.2 83.9 83 82.6 81.4 78.3 74 69.3 61.2 55.3 50.1 46.2 41.4 39.4 37 34.7 32.7 30.7 30.1 30.4 31 31 31 31 31 31 29 26.7 21.8 18.3 14.5 12.8 9.3 5.3 -0.9 -0.9 -0.9 -0.9 -0.9 -0.9 -0.9 -0.9 -0.9 -0.9 -0.9 -0.9 -0.9 -0.9 -0.9 -0.9 -0.9 -0.9 -0.9 -0.9 -0.9 -0.9 -0.9 -0.9 -0.9 -0.9 -0.9 -0.9 -0.9 -0.9 -0.9 -0.9 -0.9 -0.9 -0.9 -0.9 -0.9
106.9 110.2 111 111 109.2 102.3 99.1 96.9 94.6 92 90.3 86.1 82 81.2 81.2 81.2 81.2 80.2 80.3 77.1 71.8 68.9 61.4 56.1 50.4 46 41.9 40 37.6 35.5 33.3 31.2 29.4 29.7 31 31 29.7 29.7 30.7 28.3 25.5 21.8 19.7 16 11.8 10.4 7.5 3.5 -0.9 -0.9 -0.9 -0.9 -0.9 -0.9 -0.9 -0.9 -0.9 -0.9 -0.9 -0.9 -0.9 -0.9 -0.9 -0.9 -0.9 -0.9 -0.9 -0.9 -0.9 -0.9 -0.9 -0.9 -0.9 -0.9 -0.9 -0.9 -0.9 -0.9 -0.9 -0.9 -0.9 -0.9 -0.9 -0.9 -0.9
107.3 110 110.5 110.9 107.5 101.6 99.2 97.2 94.7 92.3 89.2 86.3 83.3 81.2 81.2 81.9 81.3 80.5 80.4 76.6 71 67 60.9 56.9 51.4 46.8 42.4 40.3 37.7 35.4 33.3 31.1 29.9 29.1 29 29.3 28.8 29.3 28.4 24.7 21.9 19.3 18.3 14.8 11.4 10.5 8.6 4.5 -0.9 -0.9 -0.9 -0.9 -0.9 -0.9 -0.9 -0.9 -0.9 -0.9 -0.9 -0.9 -0.9 -0.9 -0.9 -0.9 -0.9 -0.9 -0.9 -0.9 -0.9 -0.9 -0.9 -0.9 -0.9 -0.9 -0.9 -0.9 -0.9 -0.9 -0.9 -0.9 -0.9 -0.9 -0.9 -0.9 -0.9
106.2 108.7 110.3 109.6 107.4 103.6 101.2 99.5 96 93 89.8 88 85.6 85.4 86.4 84.6 83 81.3 80.6 77.1 73.1 69 62.9 58.6 52.4 47.7 43 39.1 38.2 35.6 33.2 31.6 30.4 29 27.8 27.2 28.2 28.6 27.6 23.6 20.6 19 19 17.9 15.6 13.5 10.8 7.3 3.1 -0.9 -0.9 -0.9 -0.9 -0.9 -0.9 -0.9 -0.9 -0.9 -0.9 -0.9 -0.9 -0.9 -0.9 -0.9 -0.9 -0.9 -0.9 -0.9 -0.9 -0.9 -0.9 -0.9 -0.9 -0.9 -0.9 -0.9 -0.9 -0.9 -0.9 -0.9 -0.9 -0.9 -0.9 -0.9 -0.9
105.6 110 111 110.5 107.5 104.3 102.7 101.5 99.3 95.8 91.8 90.2 88.5 89 87.9 86.6 84.8 83.1 80.8 79.8 75.7 70.8 64.9 60.6 54.5 49.1 44.8 40.3 39.4 36.7 33.7 30.7 29.1 28.1 26.3 24.9 24.9 25.2 23.9 23.2 22 21.6 21.1 22.2 20.2 18.2 14.6 11 7.9 3.5 -0.9 -0.9 -0.9 -0.9 -0.9 -0.9 -0.9 -0.9 -0.9 -0.9 -0.9 -0.9 -0.9 -0.9 -0.9 -0.9 -0.9 -0.9 -0.9 -0.9 -0.9 -0.9 -0.9 -0.9 -0.9 -0.9 -0.9 -0.9 -0.9 -0.9 -0.9 -0.9 -0.9 -0.9 -0.9
107.3 110.1 110.9 110.5 107.4 105.5 103.6 102.5 101.4 98.7 94.9 91.6 90.3 90.3 89.4 88.1 86.7 84.7 81.9 78.8 76.2 71.9 67.4 62.8 57.3 51.5 46.9 42.3 38.9 37.1 34 30.9 29.5 28.9 27.4 25.8 25.6 25.6 25.8 25.2 24.3 24.6 26 26.3 25 23 19.6 16.7 13.4 10.6 5.8 -0.9 -0.9 -0.9 -0.9 -0.9 -0.9 -0.9 -0.9 -0.9 -0.9 -0.9 -0.9 -0.9 -0.9 -0.9 -0.9 -0.9 -0.9 -0.9 -0.9 -0.9 -0.9 -0.9 -0.9 -0.9 -0.9 -0.9 -0.9 -0.9 -0.9 -0.9 -0.9 -0.9 -0.9
109.7 111.4 110.9 109.7 108.5 106.7 104.8 103.4 101.9 99.5 96 94.4 93.2 90.9 89.8 90.3 88.8 86.5 83.2 80.2 77.3 73.3 69.2 64.7 59.9 53.8 48.8 43.7 39.6 37.1 34.1 31.8 30.8 30.8 28.6 27.3 27.4 27.5 28.2 27.6 27.3 27.9 29.9 31.3 30.6 28.6 25.6 21.5 17.5 15 11.8 6.6 -0.9 -0.9 -0.9 -0.9 -0.9 -0.9 -0.9 -0.9 -0.9 -0.9 -0.9 -0.9 -0.9 -0.9 -0.9 -0.9 -0.9 -0.9 -0.9 -0.9 -0.9 -0.9 -0.9 -0.9 -0.9 -0.9 -0.9 -0.9 -0.9 -0.9 -0.9 -0.9 -0.9
112.4 115.8 114.7 110.8 109.4 107.7 106 104.3 102.5 100.5 98.6 97.1 95 92.7 90.7 90.7 90.4 88.4 84.8 81.9 78.2 74.9 70.9 67.2 61 54.8 49.4 45.3 41.3 38 35.7 33.4 31.5 29.8 29 28.8 28.9 30.4 29.8 29.9 30.4 31.1 33.1 35.2 36 33.4 29.7 25.3 21.9 18.8 15 11.2 5.9 -0.9 -0.9 -0.9 -0.9 -0.9 -0.9 -0.9 -0.9 -0.9 -0.9 -0.9 -0.9 -0.9 -0.9 -0.9 -0.9 -0.9 -0.9 -0.9 -0.9 -0.9 -0.9 -0.9 -0.9 -0.9 -0.9 -0.9 -0.9 -0.9 -0.9 -0.9 -0.9
113.3 120.4 119.5 115.2 109.4 107.7 106.1 103.2 101.9 101.5 100.9 98.9 96.9 94.8 92.8 90.9 91 89.3 86 81 77.7 74.6 71.6 68.7 62.5 57.3 51 47 42.5 39.2 37 34.5 32.8 31.4 30.5 30.7 31.2 32.8 33 33.2 34.1 35.2 37.1 38.9 40.7 38.2 33.5 29.1 26 22 18.2 14.9 10.7 6.5 -0.9 -0.9 -0.9 -0.9 -0.9 -0.9 -0.9 -0.9 -0.9 -0.9 -0.9 -0.9 -0.9 -0.9 -0.9 -0.9 -0.9 -0.9 -0.9 -0.9 -0.9 -0.9 -0.9 -0.9 -0.9 -0.9 -0.9 -0.9 -0.9 -0.9 -0.9
114.8 120.2 121 115.9 109.5 106.8 103.6 100.9 101.3 100.1 99.7 99 97.5 95.9 94.3 92.7 91 89.6 85 80.4 77.5 74.8 72.1 68.9 63.5 58.2 52.7 47.6 43.8 40.2 38.1 35.9 34.4 33.3 33.8 34.4 35 35.6 37.7 36.8 38 38.7 39.7 40.9 41.5 41.2 37.6 33.1 29.1 25.1 21.3 17.8 13.9 9.5 3.7 -0.9 -0.9 -0.9 -0.9 -0.9 -0.9 -0.9 -0.9 -0.9 -0.9 -0.9 -0.9 -0.9 -0.9 -0.9 -0.9 -0.9 -0.9 -0.9 -0.9 -0.9 -0.9 -0.9 -0.9 -0.9 -0.9 -0.9 -0.9 -0.9 -0.9
116.3 120.2 121 116.6 109.3 104.7 101.4 100.9 100.9 99.3 98.4 98.2 96.9 95.3 93.7 92 89.7 88 84 80.8 78.4 75.7 72.8 69.6 62.9 58.5 52.6 49 45.4 42.2 39.9 38.1 36.8 37.2 36.8 37.1 38.8 38.6 40.8 40.1 41.4 41.2 41.9 42.2 42.2 42 39.3 36 31.6 27.6 23.6 20.6 16 10.7 -0.9 -0.9 -0.9 -0.9 -0.9 -0.9 -0.9 -0.9 -0.9 -0.9 -0.9 -0.9 -0.9 -0.9 -0.9 -0.9 -0.9 -0.9 -0.9 -0.9 -0.9 -0.9 -0.9 -0.9 -0.9 -0.9 -0.9 -0.9 -0.9 -0.9 -0.9
115.6 118.6 119.9 116.2 108.7 103.3 99 99.9 99.1 97.5 96.4 96.1 95.8 94.3 92.8 91.3 90.2 88 84.8 81.6 79.5 76.7 73.4 69.1 63.1 58 52.4 49.3 47.3 44.8 42.4 40.7 38.6 40 40 39.6 41.6 41.2 42.2 42.5 43.1 43.4 43.8 43.5 44.4 43.2 41 37.8 33.7 29.2 23.9 19.6 14.5 9.1 -0.9 -0.9 -0.9 -0.9 -0.9 -0.9 -0.9 -0.9 -0.9 -0.9 -0.9 -0.9 -0.9 -0.9 -0.9 -0.9 -0.9 -0.9 -0.9 -0.9 -0.9 -0.9 -0.9 -0.9 -0.9 -0.9 -0.9 -0.9 -0.9 -0.9 -0.9
114 116.4 118.3 114.2 107.4 101.6 97.9 96.7 95.7 94.1 93.5 93.8 93.4 93 91.5 90.7 90.8 88.1 85.6 82.5 80.9 77.1 73.6 69.2 64.4 59.9 53 50.3 50.4 50.5 48.1 45.1 41.1 41 41 42.1 43.4 44 44.8 45.1 44.5 44.6 45.1 44.1 44.2 43.4 41.2 37.4 34 28.4 22.6 17.6 12.4 8.9 2.2 0.4 -0.9 -0.9 -0.9 -0.9 -0.9 -0.9 -0.9 -0.9 -0.9 -0.9 -0.9 -0.9 -0.9 -0.9 -0.9 -0.9 -0.9 -0.9 -0.9 -0.9 -0.9 -0.9 -0.9 -0.9 -0.9 -0.9 -0.9 -0.9 -0.9
