webserver/python/data/HY20.asc
ncols 200
nrows 200
xllcorner 320000
yllcorner 1000000
cellsize 50
[rows 84 to 125 of 200, columns 0 to 94 of 200]
-1 -1 -1 -1 -1 -1 -1 -1 -1 -1 -1 -1 -1 -1 -1 -1 -1 -1 -1 -1 -1 -1 -1 -1 -1 -1 -1 -1 -1 -1 -1 -1 -1 -1 -1 -1 -1 -1 -1 -1 0.1 0.7 1.1 1.9 0.4 -0.8 -1 -1 -1 -1 -1 -1 -1 -1 -1 -1 -1 -1 -1 -1 -1 -1 -1 -1 -1 -1 -1 -1 -1 -1 -1 -1 -1 -1 -1 -1 -1 -1 -1 -1 -1 -1 -1 -1 -1 -1 -1 -1 -1 -1 -1 -1 0.5 2.3 17.6
-1 -1 -1 -1 -1 -1 -1 -1 -1 -1 -1 -1 -1 -1 -1 -1 -1 -1 -1 -1 -1 -1 -1 -1 -1 -1 -1 -1 -1 -1 -1 -1 -1 -1 -1 -1 -1 -1 -1 0.9 1.4 3.7 8.2 9 4.6 0.4 -1 -1 -1 -1 -1 -1 -1 -1 -1 -1 -1 -1 -1 -1 -1 -1 -1 -1 -1 -1 -1 -1 -1 -1 -1 -1 -1 -1 -1 -1 -1 -1 -1 -1 -1 -1 -1 -1 -1 -1 -1 -1 -1 -1 -1 -1 -1 0.9 14.4
-1 -1 -1 -1 -1 -1 -1 -1 -1 -1 -1 -1 -1 -1 -1 -1 -1 -1 -1 -1 -1 -1 -1 -1 -1 -1 -1 -1 -1 -1 -1 -1 -1 -1 -1 -1 -1 -1 0.1 1.3 5.6 13.1 13.4 14.2 11.8 5.1 1 -1 -1 -1 -1 -1 -1 -1 -1 -1 -1 -1 -1 -1 -1 -1 -1 -1 -1 -1 -1 -1 -1 -1 -1 -1 -1 -1 -1 -1 -1 -1 -1 -1 -1 -1 -1 -1 -1 -1 -1 -1 -1 -1 -1 -1 -1 -1 11.1
-1 -1 -1 -1 -1 -1 -1 -1 -1 -1 -1 -1 -1 -1 -1 -1 -1 -1 -1 -1 -1 -1 -1 -1 -1 -1 -1 -1 -1 -1 -1 -1 -1 -1 -1 -1 -1 -0.1 0.8 1.7 13.7 17.8 19.4 20.5 20 17.7 12.3 1.5 -1 -1 -1 -1 -1 -1 -1 -1 -1 -1 -1 -1 -1 -1 -1 -1 -1 -1 -1 -1 -1 -1 -1 -1 -1 -1 -1 -1 -1 -1 -1 -1 -1 -1 -1 -1 -1 -1 -1 -1 -1 -1 -1 -1 -1 -1 10.6
-1 -1 -1 -1 -1 -1 -1 -1 -1 -1 -1 -1 -1 -1 -1 -1 -1 -1 -1 -1 -1 -1 -1 -1 -1 -1 -1 -1 -1 -1 -1 -1 -1 -1 -1 -1 0.1 0.9 1.7 13.4 18.3 22.5 24 25.4 25.5 24.7 24 18.8 1.8 -1 -1 -1 -1 -1 -1 -1 -1 -1 -0.6 -0.2 0.1 -0.1 -1 -1 -1 -1 -1 -1 -1 -1 -1 -1 -1 -1 -1 -1 -1 -1 -1 -1 -1 -1 -1 -1 -1 -1 -1 -1 -1 -1 -1 -1 -1 -1 9.2
-1 -1 -1 -1 -1 -1 -1 -1 -1 -1 -1 -1 -1 -1 -1 -1 -1 -1 -1 -1 -1 -1 -1 -1 -1 -1 -1 -1 -1 -1 -1 -0.2 0.2 0.3 0.4 0.3 1 2.5 14.7 18.4 22.4 25.7 27.8 29.3 29.9 29.6 29.7 29.3 27.3 11.9 6.9 1.1 -1 -1 -1 -1 -0.3 -0.1 0.3 0.7 0.9 0.7 0 -1 -1 -1 -1 -1 -1 -1 -1 -1 -1 -1 -1 -1 -1 -1 -1 -1 -1 -1 -1 -1 -1 -1 -1 -1 -1 -1 -1 -1 -1 -1 6.8
-1 -1 -1 -1 -1 -1 -1 -1 -1 -1 -1 -1 -1 -1 -1 -1 -1 -1 -1 -1 -1 -1 -1 -1 -1 -1 -1 -1 -1 -1 -0.1 0.9 1.5 1.8 1.7 1.9 6.5 14.1 17.9 22 25.5 29.8 31.9 33.5 34 34 34 33.6 32 33.2 31.5 26.1 16.9 11.1 1.9 1.4 0.9 0.8 1.2 1.6 1.8 1.7 1.5 1.3 1 -1 -1 -1 -1 -1 -1 -1 -1 -1 -1 -1 -1 -1 -1 -1 -1 -1 -1 -1 -1 -1 -1 -1 -1 -1 -1 -1 -1 -1 2
-1 -1 -1 -1 -1 -1 -1 -1 -1 -1 -1 -1 -1 -1 -1 -1 -1 -1 -1 -1 -1 -1 -1 -1 -1 -1 -1 -1 -1 -1 0.7 1.7 6.4 8.7 8.9 7.7 13.2 17.6 21.2 24.3 28.2 32 35.8 37.5 38.4 38.9 38.5 38.5 35.6 37.7 34.5 38.1 35.8 28.9 20.3 13.2 4.9 1.8 3.6 6.4 6.7 8.2 8.6 9.7 12.8 13.7 1.8 1.2 0.3 0.4 -1 -1 -1 -1 -1 -1 -1 -1 -1 -1 -1 -1 -1 -1 -1 -1 -1 -1 -1 -1 -1 -1 -1 -1 1.8
-1 -1 -1 -1 -1 -1 -1 -1 -1 -1 -1 -1 -1 -1 -1 -1 -1 -1 -1 -1 -1 -1 -1 -1 -1 0.9 -1 1.9 12.1 12.4 5.6 8.7 10.5 11.1 10.8 10 12.9 18.1 22.5 25.9 29.6 33.3 37.6 41 41.8 44.2 43.4 42.9 39.9 41.5 41 42.7 43.3 43.6 39.1 28 19.4 13.1 9.4 8.8 8.4 9.3 10.8 13.2 15 17.2 16.9 13 1.8 1.8 1.6 1.6 -1 -1 -1 -1 -1 -1 -1 -1 -1 -1 -1 -1 -1 -1 -1 -1 -1 -1 -1 -1 -1 -1 1.4
-1 -1 -1 -1 -1 -1 -1 -1 -1 -1 -1 -1 -1 -1 -1 -1 -1 -1 -1 -1 -1 -1 -1 -1 -1 1.5 6.4 20.1 22.9 18.5 16.1 13.4 13.5 13.6 13 12.3 12.5 17.7 22.9 27.3 31 35.4 39.6 44 47.7 50.3 48.8 47.1 44.5 43.4 45.6 46.8 48.2 48.8 48.4 44.7 37.9 25.2 17.1 14.1 12.3 11.5 13.3 15.9 18.9 21.2 22.6 21.5 14.7 9.9 8.6 10 11.5 1.4 -1 -1 -1 -1 -1 -1 -1 -1 -1 -1 -1 -1 -1 -1 -1 -1 -1 -1 -1 -1 -1
-1 -1 -1 -1 -1 -1 -1 -1 -1 -1 -1 -1 -1 -1 -1 -1 -1 -1 -1 -1 -1 -1 -1 -1 0.5 1.7 17.8 20.2 24.1 25.4 22.9 19.2 16.9 16.9 16.4 17.3 15 17.5 22.7 28.7 33 37.3 41.7 46.9 51.9 54.9 54.5 51.2 48.1 46.8 46.4 51.6 53.1 53.9 52.6 52.7 49.6 43.2 31.5 21.5 18.8 17 16.6 18.7 22.5 27.5 29.2 28.5 24.3 18 13.3 12.5 13.8 13.6 12.4 -1 -1 -1 -1 -1 -1 -1 -1 -1 -1 -1 -1 -1 -1 -1 -1 -1 -1 -1 -1
-1 -1 -1 -1 -1 -1 -1 -1 -1 -1 -1 -1 -1 -1 -1 -1 -1 -1 -1 -1 -1 -1 -1 0.1 1.9 11.5 20.3 23 26.8 29.6 28.6 25.2 22.5 20.3 20 17.9 16.6 17.8 22.5 28.6 34.7 39.1 43.2 48.7 53.9 58.4 59.7 56.6 53 50 50.3 54.9 58.5 58.4 57.8 56.2 56.9 52.8 47.8 36 27.9 24.6 22.2 21.7 24.4 29 34.6 35.9 34.1 27.9 21 16.7 16.4 16.7 15.9 11.2 -1 -1 -1 -1 -1 -1 -1 -1 -1 -1 -1 -1 -1 -1 -1 -1 -1 -1 -1
-1 -1 -1 -1 -1 -1 -1 -1 -1 -1 -1 -1 -1 -1 -1 -1 -1 -1 -1 -0.8 0 -1 -1 -1 1.9 9.9 17.3 25.7 30.6 32.7 33.4 31.4 28.4 25.4 24.1 21.5 19.6 19 22.4 28.5 34.6 39.9 44.8 49.8 55.8 61.3 65.3 63.2 59 55.1 53.2 56.9 60.8 62.7 62.8 61.1 59.8 57.8 55.7 47.3 37 30.8 28.1 27 28.2 30.5 35.6 39.3 40.7 37.9 28.8 21.7 19.8 19.2 18.3 16.3 0.9 -1 -1 -1 -1 -1 -1 -1 -1 -1 -1 -1 -1 -1 -1 -1 -1 -1 -1
-1 -1 -1 -1 -1 -1 -1 -1 -1 -1 -1 -1 -1 -1 -1 -1 -1 0.2 1.1 9.2 13 -1 -1 25.3 24.3 22.2 18.8 17.1 28.8 34.5 37.2 36.8 33.8 30.8 28.1 25.4 23.4 22 23.3 27.9 33.1 38.5 44.2 50.9 59.3 64.6 68.7 69.7 67.7 61.7 57.6 57.1 62.9 65.2 66.7 66.9 65.8 61.3 60.3 54.5 44.9 37.8 34.1 33.1 33.5 34.5 37.7 40.4 42.1 41.8 34.1 25.9 21.8 20.3 18.9 16 1.7 0.2 -1 -1 -1 -1 -1 -1 -1 -1 -1 -1 -1 -1 -1 -1 -1 -1 -1
-1 -1 -1 -1 -1 -1 -1 -1 -1 -1 -1 -1 -1 -1 -1 -1 -1 1.3 20.1 29.1 30 30.4 28.9 29.7 29 27.5 26.7 24.3 24 33 38.2 41.1 39.3 36.4 33.2 29.8 27.5 25.4 27 28 31.7 37.7 44.8 52.2 59.9 67.5 72.5 75.5 75.5 71 62.1 60.5 63.7 68 70.1 71.6 71.2 67.7 64.5 61.3 53.9 46 42.9 40.5 39.7 40 43.1 43.8 42.8 41 33.6 27.3 23.7 20.4 17.6 14.3 6.8 0.6 -1 -1 -1 -1 -1 -1 -1 -1 -1 -1 -1 -1 -1 -1 -1 -1 -1
-1 -1 -1 -1 -1 -1 -1 -1 -1 -1 -1 -1 -1 -1 -1 -1 -1 33.1 34.1 33.9 34.8 34.8 35.4 35.5 33.5 31.2 30.5 29.5 27.4 29 37.3 43 45.4 45.2 40.7 35.6 31 29.1 28.5 30.4 34.9 39.6 44 52.2 62.9 69.8 76.3 81.3 80.4 77.3 68.1 65.9 66.9 68.9 72.9 75 76.5 76.1 71.6 67.1 62.6 55.2 48.7 46.5 45.9 47.1 47.5 49.8 46.6 39.7 32.7 29 23.8 19 15.2 12.9 5 0.7 -1 -1 -1 -1 -1 -1 -1 -1 -1 -1 -1 -1 -1 -1 -1 -1 -1
-1 -1 -1 -1 -1 -1 -1 -1 -1 -1 -1 -1 -1 -1 -1 -1 36.9 35.7 38.9 38.3 39.7 39.9 40.4 40.6 38.9 36 33.7 33.4 33 29.3 36.3 43.3 47.1 48.9 48.9 43.3 37.2 33.4 33 33 38.1 44.1 51.1 56.2 63.9 72.5 79.2 84.8 85.5 81.9 74.4 71.1 71.2 72.3 73.8 76.5 79 80.1 79 73.7 69.5 62.9 55.5 52.3 51 53.5 53 53 48.9 41 32.4 28.3 23.2 17.4 11.9 10.2 1.8 0.5 -1 -1 -1 -1 -1 -1 -1 -1 -1 -1 -1 -1 -1 -1 -1 -1 -1
-1 -1 -1 -1 -1 -1 -1 -1 -1 -1 -1 -1 -1 -1 -1 -1 40 41 42.2 43.4 44.7 45 45.3 45.1 44.3 41.8 38.2 36.8 36.2 34.8 32.9 41.7 46.8 50.2 51.7 51.6 46.3 39.4 36.6 36.6 39.2 44.9 54.6 64.8 70.6 73.8 82.2 89.6 90.2 86.1 79.1 75.1 74.8 76 77.4 77.9 80.3 82.9 83.8 81.2 74.1 71.4 65.6 57.9 55.1 57 57 53.1 49.8 41 31.1 26 19.9 14.6 10.1 3.7 1.2 0.3 -1 -1 -1 -1 -1 -1 -1 -1 -1 -1 -1 -1 -1 -1 -1 -1 -1
-1 -1 -1 -1 -1 -1 -1 -1 -1 -1 -1 -1 -1 -1 -1 -1 4.4 45.2 46.2 47 47.9 48.9 48.8 48.3 48.3 46.7 43.1 40.2 39.3 38 36.2 40.6 45.8 49.9 52.3 53.6 52.9 47.8 43.8 41.1 42.3 45.1 53.8 66.8 77.4 83.9 83.7 90.3 92.8 89.2 83.6 79.3 79.2 80.5 82.2 83.2 82.8 84.9 86.4 86.8 82.7 74.2 72.6 66 59.1 58 58 54.3 49.3 41 30.4 21.2 15.5 11 6.7 1.7 1.1 0.3 -0.4 -1 -1 -1 -1 -1 -1 -1 -1 -1 -1 -1 -1 -1 -1 -1 -1
-1 -1 -1 -1 -1 -1 -1 -1 -1 -1 1.9 -1 -1 -1 -1 -1 44.7 47.2 48.5 50.3 51.4 51.4 51.4 51.7 51.8 50.7 48.1 45.3 42.4 41.1 39.5 38.4 44.5 48.5 51.9 55 55.3 52.2 48.9 46.9 48.5 49.1 54.2 64.4 77.7 88 93.4 90.7 89.6 90 87.6 84.4 83.9 84.6 85.2 87.2 88.3 87.4 88.6 89.8 88.2 79.5 75 68.3 60 58.5 58.1 55.3 50.5 42.9 30.6 18.4 12.2 7.7 1.8 1.3 0.8 0.3 -0.4 -1 -1 -1 -1 -1 -1 -1 -1 -1 -1 -1 -1 -1 -1 -1 -1
-1 4.6 -1 -1 -1 -1 -1 -1 -1 -1 35.4 -1 -1 -1 1.8 51.6 50.6 51.1 51.3 53.1 54 54.1 54.1 54.8 55.5 55 53 49.8 46.1 43.8 41.9 38.2 43.3 47.5 51.3 55 58 57.4 54.8 53.2 54.6 55.9 60.3 71.4 80.5 87.9 95.7 100.5 96.6 91.4 90.6 88.1 86.7 86.8 87.7 88.8 90.7 91.6 90.5 85.8 79.3 72.9 67.4 59.2 55.8 56.4 57.4 55.6 50.9 40.9 27 15.7 10.5 2.6 1.5 1 0.5 0 -0.5 -1 -1 -1 -1 -1 -1 -1 -1 -1 -1 -1 -1 -1 -1 -1 -1
-1 100.5 47.6 -1 -1 -1 -1 -1 65.7 49.5 1.9 7.6 -0.8 49.4 37.7 61.4 58.4 55.6 54.8 56.1 56.5 56.7 57.1 57.7 58.6 59.7 57.7 54.2 50.6 47.4 45.4 43.2 42.2 47 51.1 54.7 58.9 61.6 60.7 59.2 59.6 62.6 66.5 77.3 88.5 96.4 100 101.1 101 95.5 91.2 89.6 88.4 87.1 86.3 86 86.5 84.8 79.6 76.1 72.9 66.4 58.8 55.5 53.9 54.3 55.5 54.3 46.4 36 21.4 12 9.3 1.8 1.3 0.9 0.4 -0.1 -0.6 -1 -1 -1 -1 -1 -1 -1 -1 -1 -1 -1 -1 -1 -1 -1 -1
128.1 113.4 76.6 -1 -1 -1 84.4 79.2 73.6 27.6 70.3 70.6 56.8 74.5 72.6 71.6 69.5 65.3 61.1 59.8 59.6 59.5 59.9 60.4 61.7 63 62.1 59 55.5 52.1 48.4 46.2 44.5 44.4 50.4 54 59.7 64.5 65.5 64.6 63.6 66.4 70.4 80.4 92.6 102.2 110.8 111.9 106.8 95.7 90.4 86.6 87.8 83.6 79.9 78.6 78.2 76 73.2 72 70.3 62.5 58.3 54.8 53.1 52.6 52.8 51.7 42.7 31.9 18.1 10.7 2 1.6 1.2 0.7 0.3 -0.1 -0.6 -1 -1 -1 -1 -1 -1 -1 -1 -1 -1 -1 -1 -1 -1 -1 -1
124.4 110.7 84.8 81.6 89.2 93.6 94.4 91.1 84.4 77.3 79.6 79.3 87.9 90.8 89.2 85.3 81.4 79.8 75.7 71.6 65.8 63.4 63 63.2 65.1 65.8 65.5 63.6 60.7 57.7 53.1 49.4 47.5 43.8 49.3 51.7 57.7 64.8 70.6 71 68.9 68.7 72.9 81.9 94.2 106.1 115.9 116.7 111.8 100.7 92.1 87 82.1 79.8 78.4 78.7 78 78.5 77.8 73.2 70.9 67.6 60 54.7 53.1 52 50.5 44.3 40 28.8 13.7 8.5 1.9 1.5 1.1 0.7 0.2 -0.1 -0.5 -0.9 -1 -1 -1 -1 -1 -1 -1 -1 -1 -1 -1 -1 -1 -1 -1
120.5 109.5 87.5 90.6 101.4 98.1 101.4 99.6 91.9 89.3 87.3 87.9 97 101.8 102.9 103.8 100.8 95 89.2 84.6 78.6 71.9 68.9 66.2 67 69.5 69.2 67.7 64.7 61.5 57.9 53.8 51 49.3 49.2 51.2 57.6 65.7 71.9 75.1 74.1 72.4 74.7 82.1 92.5 106.5 114 112.1 106.7 101 94.6 89.7 89.8 87.7 83.4 83.3 84.5 84.9 83.9 82.1 76.4 70 62.6 55.9 54.4 53.2 51.7 48.2 41.5 32 13.7 6 1.9 1.5 1.1 0.7 0.3 0 -0.4 -0.8 -1 -1 -1 -1 -1 -1 -1 -1 -1 -1 -1 -1 -1 -1 -1
118.5 110.8 88.7 101.2 107.2 110 108.5 106 100.7 100.4 101.5 100.6 105.6 115 119.4 122.8 121.4 115.6 108.6 99.4 92.4 86.8 77.1 72 69.3 70.9 72.4 70.8 68.1 64.7 60.4 57.2 55.1 52.1 50.8 51.7 57.4 64.8 72.4 74 76.3 75.7 77.1 82.9 90.6 100.7 107.9 109.3 104.4 99.9 96.3 92.6 93 93.4 90.1 87.5 88.9 93.2 93 91.1 88.3 80 68.9 60.1 55.6 54.4 52.2 49 45 36.6 21.1 8.8 2 1.5 1.2 0.8 0.4 0 -0.3 -0.7 -1 -1 -1 -1 -1 -1 -1 -1 -1 -1 -1 -1 -1 -1 -1
115.6 111.4 104.5 102 110.5 117.3 115.6 109.1 108.6 110.2 117.9 119.1 123.1 132.6 140.5 146.9 149.5 144.8 133.7 120.6 107.3 99.2 92.8 81.9 75.7 72.3 74.2 73.7 71.1 67.5 62.8 59.8 58.4 51.9 53.3 54.8 57.4 63.7 68.6 70.7 72.8 75.1 77.3 81.2 88.9 96.4 103.8 110.6 110.5 102.3 97.5 93.3 94.7 95.8 93.2 91.4 91.8 95 96.1 93.5 92.4 90.8 84.5 71.4 62.6 58 55.5 51.7 46.9 40.4 28.6 11 2.1 1.6 1.2 0.9 0.5 0.1 -0.2 -0.6 -1 -1 -1 -1 -1 -1 -1 -1 -1 -1 -1 -1 -1 -1 -1
116.2 109.7 100.7 106.5 111.7 121 122.7 115.1 114.7 118.8 129.6 140.1 148.9 160.5 171.9 179.2 182.3 175.5 163.5 146.5 127.9 112.9 102.5 95.7 83.9 76 75.6 76.2 74 70.2 65.5 60.7 58.9 55.1 55.5 55.4 58.3 60.7 63.6 67.1 69.2 72.1 75.5 79.6 87.3 94.9 103.7 108.7 108.4 103.6 96.9 93.4 94.3 96.3 95.5 94.5 93.9 95.7 95.5 94 92.8 91.4 89.8 83.4 72.4 65.3 61.7 56.9 51.9 44.6 32 15.4 4.7 1.6 1.3 0.9 0.5 0.2 -0.2 -0.5 -1 -1 -1 -1 -1 -1 -1 -1 -1 -1 -1 -1 -1 -1 -1
115.7 108.4 104.7 106.9 113.9 121.4 123.2 124.4 120.8 127.6 143.3 163.5 180 192.1 205.2 214.4 217.6 208.7 193.2 173.7 151.4 130 113.2 104.5 96.9 83.9 77.3 78 76.9 71.6 66.3 62.3 58.1 57.8 57.9 58.1 60.6 63.7 65.7 64 65.6 68.8 71.2 78.3 86.1 93.6 100.3 104.3 105.3 101.3 94.8 92 93.5 95.5 95.7 95.7 95.9 96.5 94.8 94 93.3 92.2 90.5 85.7 77.7 70.9 66.8 62.8 58.4 52.5 42.5 23.5 10.9 1.8 1.4 1 0.6 0.3 -0.1 -0.5 -1 -1 -1 -1 -1 -1 -1 -1 -1 -1 -1 -1 -1 -1 -1
112.6 107.3 106.3 107.3 113.5 121.5 123.9 124.5 129.7 142.4 166.6 190.3 210.3 226.5 240.2 251.1 261 243.9 222.4 200.1 175.5 149.8 128 111.1 103.8 92.4 81.7 80 79.1 74.4 66.9 62.6 59.4 60.2 59.9 60.5 63 66.6 69.9 69.4 67.4 67.1 69.8 75.7 83.8 90.6 96.6 100.8 100.5 97.5 92.3 89.2 90 92.8 94.5 96 96.2 96.7 95.8 95.2 94.3 93.8 91.5 88.1 81.2 74.8 70.8 66.4 62 56.6 48.9 36.5 17.3 7.5 1.6 1.2 0.8 0.4 -0.1 -0.5 -1 -1 -1 -1 -1 -1 -1 -1 -1 -1 -1 -1 -1 -1 -1
109.7 108 107.8 109 113.8 120.1 123.8 128.2 141.4 163.4 190.9 216.7 241.8 262.2 277.9 292.1 296.9 284.9 252.3 226.1 198.6 171.3 144.6 120.9 108.3 98.3 85.2 82.3 80.6 75.3 67.2 62.2 61 62.3 62.4 63.8 66.2 70.2 74.5 76.2 71 68.7 69.9 73.9 81.6 87.7 92.8 95.9 95.2 92.9 88.8 85.8 85.3 88 90.1 91.5 93.1 94.4 96.7 96.3 95.8 95.6 94.5 90.7 83.4 77 71.7 67.2 62.6 57.7 51.2 41.3 24.8 10.6 1.7 1.3 0.9 0.4 0 -0.4 -1 -1 -1 -1 -1 -1 -1 -1 -1 -1 -1 -1 -1 -1 -1
112.2 109.9 109.4 111.3 115 121 126.3 135.4 157.3 185.9 214.3 244.6 268.7 286.3 302.1 313.1 315.4 305.2 285.5 250.3 219 188.3 159.9 133 114.4 101.5 90.1 86 81.9 75.5 67.5 62.1 62.9 64.5 66.8 68 71.1 74.8 78.1 78.6 74.1 70.8 68.9 72.7 79.3 84.8 89.1 91.4 91.5 89.7 86.2 82.3 81.7 82.5 84.4 86.8 89.5 91.5 93.7 95.8 96.3 96.5 95.5 90.3 84.4 79.1 73.3 67.9 63 57.8 51.6 42.2 27.8 12.8 1.8 1.4 1 0.6 0.3 0 -0.6 -1 -1 -1 -1 -1 -1 -1 -1 -1 -1 -1 -1 -1 -1
115.7 112.5 111.9 114.6 118.7 123.9 133.8 152.4 180.5 208.8 245.1 267.9 286.9 303.4 316.8 326.9 325 315.6 298.5 271 233.8 200.1 170.3 144.1 123.1 109.6 97 87 80.6 74.8 69 65.8 66.5 67.4 70.4 71.7 75.8 79.1 82.3 82.2 78 73.9 70.4 72.7 77.9 83.1 86.8 88.1 88 86.9 83.8 80.2 78.6 79.1 80 82.3 85 87 88.9 92.3 94.3 95 94.3 89.5 83.8 79.1 72.7 67.2 61.8 56.2 50.4 41.3 28.1 14.2 7 1.7 1.3 1 0.7 0.2 -0.4 -1 -1 -1 -1 -1 -0.7 -0.8 -1 -1 -1 -1 -1 -1 -1
119.4 116.5 115.9 118.6 124 130.3 142.8 166.6 199.2 235.4 261.1 279.1 297.7 313.4 330.7 342 334.3 320.8 300.7 277 241.1 201.6 171.5 151.7 129.9 113.3 100.7 90.8 77.7 72.4 69.2 68.6 69.6 70.3 73.1 75.8 78 82.2 86.1 85.8 81.2 77.2 73.2 73.4 78.5 82.8 85.7 86.6 85.4 85.3 82.3 79.4 77.2 76.1 76.5 78 79.9 81.7 84.7 88.4 90 91.6 90.7 86.7 82.7 77.6 70 64.4 59 53.5 47.5 39.5 26.7 15.4 8.6 4.3 1.7 1.5 0.9 0.5 0.1 -1 -1 -1 -1 0 0.4 0.6 -1 -1 -1 -1 -1 -1 -1
126.1 121 121.3 124.2 129.7 137.7 149.3 177.2 202.8 239.7 267.6 287.5 304.5 319.3 338.7 344.9 337.4 320.4 297.2 269.9 243.5 215.5 189.6 162.5 137.1 117.2 103.7 97.4 83.5 71.4 67.9 69.4 71 73.9 75.3 77.2 81.4 85.8 88.7 87.5 83.3 79.3 76.1 75.4 77.9 81.6 83.9 85.2 84.6 83.6 81.5 79.6 77.4 75.5 74.5 74.6 75.3 77.9 81.1 85.1 87.9 87.3 86.1 83.6 80 75.9 67.1 61.2 56 50.7 44.5 37.8 27.4 15.9 9.1 5.8 5.7 1.9 1.5 1.1 0.7 0.3 0.1 0.1 0.3 0.8 1.4 1.9 1 -1 -1 -1 -1 -1 -1
137 125.2 128.2 132.3 137.9 148.1 161.1 185.5 220.1 253.6 275.9 296.9 314.8 326.9 341.8 346.9 340.3 318.7 292.5 266.4 239.7 214.5 190 164.5 137.1 119.8 105.9 98.6 91.5 74.6 70.2 67.8 70.6 74.2 75.9 77.9 83.1 88.2 90.6 88.9 84.7 81.3 78.7 76.9 77.3 80.8 83.3 83.7 83.7 83.1 81.5 79.6 77.6 75.2 73.9 72.7 73.2 75.6 79.1 83.1 84.3 83.3 81.9 79.6 77.4 72.5 63.8 56.7 51.1 46.8 43.1 36.6 28.4 18.7 10.4 6.6 5.5 3.7 2.8 1.8 1.4 1.1 1 1 1.2 1.7 5 6.2 5.7 0.8 -1 -1 -1 -1 -1
158 146.8 140.9 148.6 156.6 166.8 173.4 191.7 222.4 261.3 291 309.6 322.9 335.8 345.7 347.1 337 311.1 285.1 258.9 233.8 207.4 187.2 162.8 135.3 118.2 106.6 100 95.7 80.9 71.3 70.3 71.8 73.7 75.9 78.4 84.1 88.9 92.1 90.2 86.6 83.9 81.8 80.2 78.3 79.9 82.6 82.9 83.3 82.2 81.4 79.1 76.8 74.5 72.8 71.6 72.4 75.1 77.7 80.2 81.2 80.2 78 75.4 73 67.3 59.4 52.3 46.9 42.4 39.1 34.2 27.8 20.2 13.7 6.9 5.2 3.6 3.5 4.3 4.4 2.2 1.9 2.3 5.7 7.3 7.5 7.1 6.8 5.7 -1 -1 -1 -1 -1
224 207.8 201.8 194.8 186 193.1 206.2 217.8 244.5 270.5 307.1 322 334.7 345.3 349.8 348 330.9 303.4 275.4 248.2 221.2 199.5 184 166.4 139.6 117.3 106.4 100.2 97 89.4 76.5 73.4 72.7 73.2 75.4 79.7 86.6 91.7 94.7 93.6 89.9 87.1 86.3 85.3 82 80.6 80.4 82 82.6 81.6 81.3 78.5 74.7 72.4 70.2 69.5 69.9 72.1 74.1 76.4 77.7 76.5 73 69.5 67.1 60.8 54.2 48.9 43.9 39.1 34.8 31.1 24.5 20.9 16.1 10.8 7.9 4.6 3.8 4.4 4.5 4.3 5.8 7.1 6.1 6.3 6.6 6.1 5.4 5.2 1.1 -1 -1 -1 -1
275.9 256.7 253.9 233.5 242 246.4 241.2 229.1 262.9 303.9 323.5 333 344.6 355.2 354.4 347.7 326.4 297 267 237 213.4 197.2 183.4 162 134.2 119.5 109.4 101.5 96 89.3 80.4 76.2 72.6 73.6 76.3 81.6 87.9 93.6 97.7 97.7 94.7 91.1 89.4 89.7 86.4 81.4 81.1 80.4 80.8 79.8 79.1 76.6 72.8 70.1 68.3 67.6 67.2 67.5 69.6 71 70.2 68.9 66.7 63.2 60.2 56.6 51.7 46.1 43.7 40.3 37.1 32.9 28.7 23.7 18.8 14.5 11.7 8.7 5.2 4.5 4.4 4.5 5.5 5.6 5.7 5.7 5.8 5.9 5.2 3.7 1.2 -1 -1 -1 -1
304.7 300.6 294.6 278.4 282.6 285.9 283.4 262.1 302 325.1 331.9 339.3 351.1 363.5 362.5 347 325.5 294.8 264.8 235.6 216.7 202.1 187.5 172 144.2 127.7 114.7 104.5 97 90.2 84.7 78.7 74.1 74.8 77.6 82.2 88.3 93.4 98 102.1 100 95.5 92.9 92.6 90.2 84.3 81.6 80.4 79.5 76.8 75.8 74.1 71 68 66.3 65.8 65.5 65.2 65 64.8 63.7 62.9 60.8 59.7 57.7 54 51.8 51.3 47.4 42.7 39.5 36.3 32.1 27.5 22.5 18.1 14.9 11.4 8 5.6 5.3 5.3 5.6 5.7 5.8 6.1 6.1 6 4.8 3.1 1 -1 -1 -1 -1
321.4 326.8 299.7 318.5 323.4 326.7 319.7 295.7 329.5 333.4 338.3 344.4 353.9 364.7 364.5 349.9 327.9 298.5 269.8 246 227.8 211.7 194.5 180 164.5 144 125.9 111.4 100.7 93.6 88.1 84.1 76.7 76.3 79.2 83.3 89.1 94.2 99 105.2 105 100.8 96.8 95.9 93.5 88.1 83.2 81 78 74.6 72.6 70.7 68.3 66.7 66.1 65.6 65.3 64.2 63 62.7 62.9 60.5 59.4 58.2 57.5 57.5 57 55 52.9 48.3 43.3 40.1 35.9 31.5 26.9 21.8 18.1 14.1 10.9 8.4 6.5 6.2 6 6.1 5.5 5.2 5 4.9 4.1 1.8 0.3 -1 -1 -1 -1
335.6 337.3 331.6 346.2 349.9 352.2 349.9 324.7 337 338.2 342.4 348.6 358.5 367 367.7 362.6 341.7 312.3 285.6 265.4 246.2 231 214.4 198.5 183.3 163.2 142.1 122.9 107.6 98.1 92.4 88.3 83.3 78.4 82.1 85.2 91.1 98.8 103.8 106.7 108.1 104.6 101.2 97.7 95.5 90.6 85.4 80.7 77.7 75.1 72.7 69.6 67.7 66.8 66.2 65.6 65.2 65 64.8 64.4 64 62.3 60.9 60.2 59.7 59.6 59.4 58.5 57.3 54.9 49 43.9 39.5 35.1 31.8 27.3 22.4 17.6 13.8 11.2 8.9 7 6.8 6.8 5.7 5.2 4.3 3.7 3.5 1 -0.1 -1 -1 -1 -1
