webserver/python/data/HY30.asc
ncols 200
nrows 200
xllcorner 330000
yllcorner 1000000
cellsize 50
[rows 84 to 125 of 200, columns 0 to 94 of 200]
18.2 19.8 21.4 23.8 26.8 29 31 32.1 33 33.6 34.9 36.3 37.6 38.4 39.2 39.8 40.7 42.2 43 44.3 44.6 45.9 48.5 50.9 53.4 56.2 58.2 59.4 61.2 62.9 66.7 70.3 73.7 75 76.5 78.4 81.6 86.9 93.2 99.1 103.7 108.7 113.5 118.1 121.6 125.4 132.6 138.1 137.6 139.4 141.4 141.9 134.7 123.1 110.2 92.7 77.9 67.8 59.6 52.8 45.4 40.9 37.7 36.1 34.7 34 34.5 35.3 36.5 38.4 37.4 36.8 36.2 36.3 36.8 37.8 38.4 38 38.7 40.2 43.1 40 42.6 44.3 46.7 46.9 45.8 45.6 42.8 42 44.7 48.1 44.7 45.1 46.8
17.9 18.5 19.4 21.8 24.8 28 31.1 32.4 33.5 33.8 35.1 36.4 37.7 39.2 40.3 41.3 42.3 44 44.9 45.2 45.2 46.8 47.8 49.5 52.2 55.1 55.6 57.9 60.2 63.1 66.8 70.6 74.9 79 82.6 86 86.2 87.4 92.1 98.8 104 109.5 116.3 121.7 124.5 129.2 135.4 141.1 141.2 142.7 145.1 146.4 140.2 127.4 113.1 96.7 80.2 68.2 59.5 51.8 44.3 39.7 37.1 35.3 33.8 32.8 32 33.6 35.5 36.6 37 35.9 33.3 33.6 34.3 35.5 36.7 36.5 36.9 37.5 38.8 39.6 43 44.5 43.7 45.4 45.8 45 42.5 41.1 43.4 47 44 44.1 45.3
17 17.4 17.9 19.4 22.6 25.9 29.1 32 34.1 34.1 35.1 36.4 37.8 39.7 41.2 42.6 44 45.7 47.1 47.5 46.8 48.3 49.7 51 53.2 55.5 57.7 59.8 62.1 64.7 67.4 70.5 75.7 80.4 85.7 89.3 90.7 89 92.4 98.4 103.7 110.5 118.9 124.1 127.8 132.3 137.2 142.6 143.9 145.1 147.9 150.2 141.3 130.4 117.6 102.8 85.7 70.4 59.3 50.5 42.8 38.3 35.8 33.5 31.7 31.3 31.4 31.6 32.6 33.6 34.6 34.5 31.5 31.3 32 33.1 34.7 35 35 36.1 37.3 37.9 40.7 43.1 44.7 44.6 43.2 43 42 40.5 42.1 43.4 42.7 42.4 43.1
16.1 16.6 17 18.8 21.6 24.2 27.2 30.1 33.1 34.1 35.2 36.3 38.1 40.2 41.7 43.4 45.1 46.8 48.3 48.4 49 49.8 51.1 53.1 54.8 55.7 58.3 60.5 63.1 65.9 70 73.2 76.2 80 84.8 90.9 93.6 92.7 94 97.2 103.6 109.1 117.8 125.7 131.3 135.2 138.2 141.4 144.3 146.1 145.9 142.6 136.8 126.8 115.5 105.3 90.4 74.9 60.3 48.9 41.3 37 34.6 32.2 30.1 29.7 29.8 30 30.9 32.3 33.8 33.8 30.9 30 30.5 31.4 32.8 33 34.3 34.2 35.5 36.7 38.6 40.9 42.6 42.2 42.4 41.3 40.8 40 41.3 41.7 41.2 41 40.8
15.8 16.3 16.8 17.9 19.9 22.5 25.4 28.9 31.9 34.2 36 38 39.5 40.6 41.3 42.5 44.8 46.3 47.9 49 50.4 51.2 53 54.4 55.9 56.6 57.9 61.2 64 67.4 73.2 76.9 80.3 81.6 84.8 90.6 94.8 95.6 95.4 96.2 102.7 109.6 116.4 124.3 131.5 133.7 128.2 126.3 130.9 131.2 130.9 130.4 125.4 120.1 112 102.4 90.6 75.6 61.3 47.2 39.8 36.4 33.8 31.5 29.6 28.5 28.5 28.6 29.3 31 32.6 32.4 29.6 29.3 29.7 30.2 31 32.2 33 34.2 34.4 35.2 36.8 38.6 40.2 40.3 40.1 39.5 39.5 40 40.3 39.2 38.7 37.8 39.3
14.6 15.2 16 17.8 19.5 21.6 24.3 27.8 30.7 33.1 36.5 39 40.6 41.1 41.8 42.6 42.4 44.7 45.9 47 48.9 50.9 51.8 53.1 54.5 56.1 55.8 59.7 64.4 68.7 72.7 77.3 80.3 82.8 85.7 90.4 93.9 95.8 96.4 97.5 101.2 109.1 117.6 122.2 124 120.2 117 116.8 117.2 119.1 119.2 118.7 115.4 112.4 105.1 97 86.7 73.5 59.6 47.9 39.6 36.6 34.6 32 29.5 28.1 27.6 27.5 27.4 29 30.6 30.4 28.2 28.6 29.1 29.5 30.5 31.5 32.2 32.9 34 34.3 35.7 36.4 37.6 39.6 39 39.7 40.7 41.4 39.8 40.9 40.5 36.7 35.3
13.3 14 15.1 16.9 18.8 21.2 23.6 26.5 29.3 31.6 34 38 40 41.6 41.3 40.3 40.5 41.8 42.5 44.3 46.7 48.7 49.6 50.2 51.7 53 54.2 56.9 62.2 67.2 72.2 76.4 79.2 81.9 85.3 88.8 93.4 97.8 100 102.2 105.2 108.2 113.1 118.7 116.4 113.2 108.9 107.2 107.4 107 106.4 105.2 104.9 102.2 97.2 89.5 80.9 69.8 59.3 50.6 42.6 36.5 33.3 31 28.7 27.2 26.2 25.8 26.3 26.3 27.1 27.6 28 28.1 28.5 28.9 30.1 30.5 29.8 29.9 31.7 33 35.1 35.9 36.6 38.3 38.5 38.9 39.9 41.5 41.9 43.2 42.9 40.9 39.8
12.1 12.8 13.9 15.3 17.1 19.7 22.1 25.1 27.9 30 32.1 34.8 37.2 39 39.7 38.1 38.3 39.2 41 42.8 43.9 46.7 48.2 49 50.4 52.3 54.1 56.2 59.4 64 70.5 75.4 79.7 82 85.3 88.7 93.4 100.1 104.5 108.9 113.2 116 115.2 112.9 109.1 106.3 101.5 97.8 96.1 95.6 95 96.4 96 93.2 87 79.9 73.7 67.1 59.2 51.6 44.1 36.3 32.2 29.6 27.3 25.7 25.6 25.1 25.4 26.1 26.4 27.4 28 28 28.1 28.5 29.5 29.6 28.3 28.6 29.6 32 34.3 36.2 36.9 35.5 38.3 37.7 39.2 40.8 42.2 44 44.6 44.2 42.5
11.1 11.8 13.1 14.3 15.8 18 20.6 23.3 26.3 28.6 30.6 31.7 33.2 35 35.9 36 36 37.8 40.3 40.3 43.2 45.5 49 49.6 51.4 53.7 56 57.1 59.1 62.3 69.6 76.6 82.4 86.3 90.1 93.1 96.9 103.2 107.9 114.8 119.5 122.8 121.3 114.9 109.2 102.7 94.5 91.1 90 88.4 86.8 86.1 85.1 81.6 75.1 68.9 65.3 60.5 55.3 48.3 44.1 37.1 32.1 28.1 26 24.6 24.4 25 25.9 25.9 26 26.9 27.6 27.9 27.9 28.6 29 28.8 28 27.6 28.2 31.5 33.6 35.6 36.6 37.7 37.5 37.4 38.1 39.7 41.1 43.1 45.2 44.8 43.5
11.4 11.6 12.4 13.6 14.9 17.1 19.3 21.5 24.4 27.4 28.4 29.5 30.7 32.3 33.4 33.6 34.1 36.4 37.2 40.5 43.1 45.8 48.5 51.1 53.3 55.6 57.9 60.2 59.9 63 66.3 74.2 83.8 89.4 94.9 99.2 103.1 104.4 109.8 117.4 122.8 124.2 124.5 119.9 114.3 107 96.1 86.2 83.7 83.3 81.5 78.9 76 72.1 66.6 60.7 57.8 54.2 50.8 45.9 41 36.1 31.3 26.8 24.9 23.9 23.3 21.6 24.8 25.6 26.5 27.7 28.2 27.5 29.1 29.3 30 30.1 28.3 27 27.8 30.6 32.1 33.5 36 36.7 36.5 36.3 37.1 38.2 39.7 42.4 44.8 44.2 42.5
11.9 11.8 12.1 13.2 14.2 15.7 17.6 19.5 21.9 24.8 26.9 28.4 29.4 30.6 31.7 32.7 32 33.7 36.6 39.5 42.2 44.7 48.2 52.5 55.3 57.6 59.9 62.8 63.6 63.6 65.5 72.9 82.2 91.6 98.7 103.8 107.7 111.6 113.9 118.5 124.7 130.1 129.4 123.3 116.5 108.6 96.3 84 76.9 76.2 75.3 72.4 69.9 65 59.9 56 51.4 48.8 45.8 42.3 37.9 32.9 28.9 25.8 24.5 22.7 21.6 20.9 22.9 23.8 25.4 27.4 27.9 29.8 30.1 31.1 32.1 31.7 30.2 26.8 27.6 29.4 30.3 30.3 32.6 33.5 34.6 35.4 35.1 36.3 38.7 40.2 41.9 41.8 39.7
12.1 12.5 12.4 13 14 15.1 16.6 18 19.6 22.3 24.4 26.4 28.4 29.6 30.7 31.2 31 33 35.2 38.2 40.7 44.6 48.7 52.5 57.2 59.3 62.1 65 67 66.6 67.4 71.1 79.4 90.4 101.8 107.9 112.1 117.3 121.9 123 127 132.6 132.9 125.3 117.2 109.5 96.9 84.3 73.1 68.3 67.6 65.7 63.2 58.5 54.3 50.8 47 43.5 39.9 36.2 32.7 30.1 27.1 24.9 23.1 21.5 20.2 19.5 21.1 22.8 24.2 25.6 27 28.6 29.9 31.6 32.5 31.1 28.2 26.9 26.8 28.3 29.1 28.8 30.1 31.6 32.8 33.8 33.1 35.1 36.6 38.1 39.1 38.3 37.2
12.5 12.8 13.2 13.3 13.2 14.4 15.6 16.8 18.1 19.9 22.2 24.5 26.8 27.8 28.5 29.6 31.1 32.9 34.6 36.9 40.4 43.9 47.2 52.9 57.6 61.6 65.6 68.4 69.5 71.5 69.3 72.5 77.5 85.4 100.3 115.2 121.1 125.2 129.4 130.8 133.5 134.3 133 126.6 118.3 109.5 97.8 85.5 74.2 64.4 58.1 58.1 55.4 53 49.2 45.7 43.1 39.3 35.9 32.8 30.2 27.4 25.6 24.8 21.8 19.5 18.3 16.2 19.6 20.2 21.4 23.5 25.4 26.8 28.8 30.2 31.1 30.4 27.8 26.7 27 28.3 28.3 29.7 30 30 30.5 31.1 31.7 32.7 34.4 36.4 37.6 36.6 35.8
13.6 13.9 13.4 12.8 12.7 13.5 14.4 15.7 17.1 18.5 20.4 22.7 24.8 26.2 26.5 28.3 30.4 31.9 33.8 37.1 40.4 44.1 48.1 53.9 59.2 63.8 68.7 72.9 76.2 76.3 75.1 74.9 78.6 86.4 96.2 111.6 124.7 129.6 132.1 136.8 139.7 139.4 136.7 130.9 121 110.5 99.5 87.7 78.5 66.9 56.7 51 49.6 47.4 44.1 42 39.6 36.4 33.8 31 27.7 24.8 22.9 21.6 19.5 17.4 16.4 14.8 17 18.3 19.2 21.8 23.7 24.4 26.4 28.2 29.3 28.6 27.7 26.9 26.7 28.7 28.8 29.7 29.6 28.5 28.2 29.6 30.8 30.2 32.2 34.2 35.5 35.8 33.6
14.1 14.5 13.9 12.9 12.5 12.4 13.2 14.6 16.1 17.3 18.5 19.6 22.2 24.4 23.5 26.2 28.2 31.6 35.1 38.9 42.2 45.3 49.1 54.7 61 67.4 72.9 77.3 81.7 84 82.5 81.1 84.4 88.8 97.5 108.6 121.1 129.8 134.3 139.8 144.5 144.7 144 136 125.5 115.4 104.5 91.7 80.8 68.5 58.5 50.7 45.3 42.7 40.1 38.3 36.7 34.1 31.5 29.3 25.9 22.2 19.9 18 16 14.7 13.7 14.1 14.8 16.5 17.3 19.6 22 21.5 23.1 24.9 26.6 27.8 28.2 27 26.3 27.8 28.7 29.3 27.3 26.8 27.3 29.2 32.3 30.3 32 32.1 32.9 33.6 30.7
13.6 14.6 14.4 13.5 12.5 11.9 12 12.9 14.1 15.2 16.4 16.6 18.7 21.7 20 24.7 28 32 36.4 40.3 44.1 47.4 51.3 56.7 62.8 69.8 76.1 82.9 87.6 92.8 94.8 91.8 93.7 96 102 111.3 121.2 130.9 137.5 143.7 149.1 150 146.9 138.1 130.2 120.6 109.5 96.8 81.1 68.2 59.9 52.3 45 39.2 36.1 35.2 33.6 32 30.3 28.2 25.2 21.8 17.4 15.2 13.8 13.1 13.4 13.8 14.1 15.1 15.3 17.1 19.5 19.7 20.5 23.2 24.3 26.6 28.6 27.8 26.1 25.8 27.8 29.5 26.3 27.3 27.1 28.6 27.8 29.2 30.7 30.1 29.7 28.7 26.9
13.3 14.5 14.7 13.7 12.9 11.8 11.3 11.7 12.3 13.1 14.3 14.2 15.9 17.4 19.6 23.2 28.1 33 36.9 41.5 45.5 49.9 55.2 60.4 65 72.2 80 88.1 92.9 97.1 100.5 99.6 102.3 105.6 111 116.6 124.9 136.1 143.4 147.8 151.9 153.8 149.7 143 135.6 126.6 114.8 99.9 84.2 70.1 61.4 53.3 45.7 39.5 35.2 33.2 29.8 27.9 27 26.1 23.8 21.1 16.3 14.2 13.1 12.7 12.8 13 13.1 13.2 15.2 15.8 17.9 18.3 18.4 20.4 23 25.3 29.2 28.3 27.2 25.3 28 29.3 26.1 27.1 26.7 26.5 27.5 29.3 30.3 29.1 26.8 25.2 23.8
12.6 14.4 14.8 14 12.6 11.1 10.5 10.9 11.4 12 12.7 13.6 15.1 17.1 19.4 22.1 27.1 32.2 36.6 40.9 45.8 51.6 57.5 62.8 67.4 73.7 79.9 88.6 96.2 101.7 104 106 106.8 111.8 117.2 122.3 130.7 135.9 144 150.4 154.3 157.1 152.1 147.7 141.1 131.4 120.3 106.4 91.2 74.1 62.6 54 46 40 35.6 31 27.6 25.5 24 23 21.2 19.6 14.9 12.7 11.5 11 10.9 11 11.1 11.2 14.1 14.6 16.1 17.5 16.6 19.4 22.7 24.6 27.5 26.8 28.3 26.5 27 29.1 25.7 25.8 25.6 26.2 27.3 28.3 29.2 28 25.9 22.8 22.6
11.1 12.2 13.2 13.5 12 10.4 9.7 10.1 10.5 11.1 12.2 13.2 14.4 16.4 18.2 21.1 24.3 29.8 35 39.1 45.1 51.5 59.4 66.4 70.3 75.1 80.2 87.9 96.5 103 107.2 108.1 109.3 117 121.6 126.2 129.1 134.4 140.3 148.7 154.9 155.3 151.8 147.3 143.9 135.5 125.3 112.5 98.3 81.4 65.9 54.2 46.2 40.3 35.6 31.1 27.2 25.1 22.9 20.5 18.8 16.3 13.8 11.1 9.6 9.5 9.4 9.3 9.3 10.1 11.1 12.5 13.5 16.4 16.5 19.1 22 24 25.5 26.2 25.6 25.4 26 27.7 25.3 25.1 24.6 25.8 26.3 26.7 27.6 26.6 23.7 20.3 21
9 9.8 10.8 11 10.7 9.6 8.9 9.4 9.9 10.6 11.7 12.6 13.6 15.3 17.1 20 23.2 27.1 32.1 36.4 42.9 51.2 59.6 68.8 72.6 77.2 81.5 86 93.6 100.4 105.8 108.6 110.2 111.9 119.4 124.8 128.7 131 135.8 143.4 148.9 149.2 147.9 146.5 142.6 136.6 127.3 115.5 101.6 87.9 73.6 56.4 46.5 40.8 36 32.3 28.4 24.8 22.5 19.7 17.5 15.7 13.6 11.2 8.9 8.3 8.3 8.2 8.1 8.8 9.6 11.1 12 12.9 15.2 17.4 19.6 21.8 24.1 25 24.8 25.1 25 26.4 25.1 24.7 23.3 24.8 24.8 25.3 25.9 24.2 20.7 18 17.6
6.9 8 9 8.8 8.1 8.1 8.4 8.9 9.6 10.4 11 11.8 12.7 14.3 16 19.4 22.4 24.8 29.3 33.7 39.9 48.5 57.7 68.4 74.1 78.5 83.1 86 89.7 96 102.6 106.3 107.6 108 114.5 119.3 121.7 128.3 133 138.9 141.3 143.2 143.5 142.5 139.6 134.5 125.8 114.3 102.5 90.2 76.4 59.5 47 41.5 36.8 34.1 30.3 26.4 23.2 20.5 19.5 16.7 13.4 11.4 9.1 7.8 7.2 7.2 7 7.5 8.1 9.4 11.7 12.6 15 17.3 18.8 19.7 22.6 24.8 25.4 24 22.8 23.4 24.8 24.2 21.9 22.7 23.6 25 24.3 21.2 17.4 15.9 14.5
5.5 6.3 7.3 7.1 7.5 7.6 7.9 8.6 9.4 10.2 10.9 11.4 12 13.4 15.8 18.5 21.5 24.6 28.2 33.6 39.1 46.2 55.4 66.6 74.1 79 85.3 88.9 89.1 91.2 94.7 101.5 105.1 104.4 106.7 110.9 115.8 123.1 129.8 135.8 139.8 139.4 138.8 137.6 136.2 130.4 121.5 111.1 101.4 91.4 78.3 62.6 49.7 42.3 37.4 33.9 30.8 27.4 25.4 22.5 19.4 16.7 14.2 12.7 9.9 8.3 6.5 6.1 5.8 5.9 6.5 8.2 10.4 12.3 14.5 17 16.7 17.7 22.2 25 28.1 26.3 22.2 22.5 24.6 23.7 21.1 20.5 22.5 24 22.5 17.8 14.4 14 12.3
4.3 5 5.9 7.4 7.7 7.7 7.9 8.5 9.3 10 10.7 11.3 11.9 14.1 16.1 18.5 21 24.3 27.8 33.1 38.6 45.9 54.5 65.2 72.3 78.5 84.8 92 92.1 90.2 90.8 91.7 95.6 98.1 102.2 106.8 111.9 117.5 124.3 128.8 133.2 135 132.1 130.8 129.3 124.4 116.3 105.6 96.9 88.8 77.5 63.1 51.2 43.4 38.3 34.9 31.6 28.1 26.5 25.1 20.9 18.5 15.7 12.5 12.2 8.8 6.4 5.4 5.1 4.7 5.1 6.5 8.7 10.8 13 15.2 17.2 17 20.9 23.8 26 27 22.5 22.7 23.8 23.4 21.3 18 19.9 21 20.3 13.5 11.5 11 10
1.9 4 5.6 6.2 7.4 7.8 8 8.4 9.1 9.8 10.6 11.2 12.3 14.7 18 20.3 22.6 26 29.3 33 38.7 45.8 54.4 64.7 73.4 79 84.1 91.3 95.2 91.8 89.8 88.9 84 83.6 93.5 104.8 109.6 112 115.1 119.6 120.8 122.5 122.9 119.7 116.4 113.7 108.3 99.5 91.1 82.5 73.5 62.1 52.1 45 39.1 35.7 32.9 29.3 26.9 24.9 23.1 20.1 17.5 14.2 11.4 10.1 7.2 5.7 4.6 4.1 4.6 6.3 7.4 9 11.6 13.7 15.6 16.7 19.4 21.5 23.6 22.9 22.4 21.7 22 22.9 20.9 16.5 15.8 16.6 16.1 11.8 6.3 5.8 3.6
0.9 3.9 5 5.8 7.4 8.4 9 9.1 9.1 9.7 10.4 11.1 12.7 15.4 19.2 22.7 24.7 28.6 32.6 36.6 39.8 46.9 55.4 64.5 73 79.5 84.1 89.8 93 91.9 87.6 84.6 77.2 73 82.1 95 105.9 108.5 109.6 108 108.7 110.5 110.6 104.4 100.4 99.6 98 91.5 84.1 75.8 67.6 58.3 51.2 45.9 39.7 35.7 33 30.1 27.1 24.1 21.9 20.6 18.5 15.5 11.3 9.8 8.2 6.3 4.8 3.9 3.7 5.4 7.2 9.1 11.1 12.6 14.6 14.8 17.1 19.2 21.6 22.9 22 20.1 20.1 21.9 19.3 14.2 12.3 12.5 11.4 9.3 3 2.5 2.4
-1 -0.1 3.5 6 7.4 8.4 9.4 10.4 10.2 10.6 11.1 11.7 13.2 16.2 19.9 23.5 27.7 31.3 35.6 40.4 44.4 47 55.3 64 71.6 77 79.2 83.2 86.1 86.2 82.1 76.9 71 65.9 70.5 81.5 94.5 101.8 102.8 99.3 96.7 97.5 96.8 88.9 84.2 84.6 84.6 81.8 76.5 68.5 60 54.7 48.7 44.3 38.5 35 32.2 29.3 26.9 23 20.9 19.6 17.9 15.9 12.3 9 7.2 6.5 5.2 3.8 3.7 5.3 7.2 8.4 9.3 10.7 12.5 14.1 15 17.1 20.2 22.5 21.6 19.5 16 19.2 17.6 12.7 9.2 8.1 6.6 3.3 2.5 2.3 2.2
-1 -1 1.7 5.3 7.5 8.5 9.5 11.4 11.8 12.2 13.1 14 14.9 16.9 20.6 24.8 29.5 34 38.6 43.6 48.4 49.9 55.2 62.5 69.2 73 75.6 75.3 76.2 75.2 72 68.1 64.2 59.8 59.9 66.2 77.3 85 90.7 90.2 85.2 78.3 76.7 72.3 67.6 66.5 67.7 69 66.5 60.9 54 49.3 43.6 41.3 37.3 33.7 31.2 28.5 26.7 23.3 20.3 18.6 16.9 15.1 12.1 10.1 7.1 6.1 5.9 4.9 3.3 5.1 7.7 9.2 9.2 10.4 12 13.7 14.8 16 19.2 21.2 21.3 18.8 15.9 14.6 14.6 9.6 5.6 3.8 2.4 2.1 2.1 2.1 2.1
-1 -1 -1 4.4 6.6 8.7 10.3 12.3 14.1 15 15.9 17.1 18.5 20 21.6 25.5 29.6 34.8 40.4 45.2 51 53.8 55 58.7 62.2 64.7 65.3 61.4 61.8 62.8 59.7 57.4 55.6 52.3 50 53.5 60.9 63.8 65.8 68.1 69.5 61.9 58.9 56.9 54.1 51 51.3 51.5 52.9 51.4 47.5 42.6 38.2 35.3 33.6 31.4 29.6 28.1 25.9 23 20.2 17.6 15.8 14.1 12.5 11.1 8.5 6.6 7.3 6.9 3.8 4.2 7.4 9.5 10.1 10.9 12.4 14.3 15.6 16.3 19.4 20.3 19.8 18.1 15.5 10 10.9 7.3 4.2 2.8 2.3 2.2 2.2 1.9 2
-1 -1 -1 -1 -1 1.9 10.3 13 15.6 17.9 18.9 19.8 21.2 23.2 25.1 27.9 30.7 34.6 40.8 46.5 52.8 56 57.7 57 56.5 54.4 51.3 47 46.1 47.9 49 47.4 45.3 42.9 38.2 36.5 42.5 44.1 43.1 43.5 44.1 42.9 42.8 42.7 40.6 38.9 38.8 38.9 39.9 38.2 35.6 32.3 30.8 31 30.1 29.1 28.6 27.5 25.6 22.8 19.6 17 14.5 12.8 11.7 10.7 8.9 6.6 6.8 6.7 3.1 5.4 7.3 9.1 10.8 11.2 13.3 15 15.6 16.8 18.6 18.2 17.2 15.1 12.2 9.5 7.2 5.1 3.2 2.8 2.4 2.2 2.3 1.8 1.8
-1 -1 -1 -1 -1 -1 2.7 11 15.7 18.9 21.6 22.5 24 25.8 28.4 31.5 34.3 37.3 41.4 45.9 51.4 56.9 57 53.4 49.6 44.9 39.5 37 35.5 36.3 37.9 38.2 33.7 31.8 28.8 27.2 28.1 29.7 30.8 30.3 32 30.7 31.9 32.5 30.6 29.2 29.7 30.3 28.6 26.6 26.7 26.1 26.1 26.5 27 26.4 27.7 25.3 23.8 22.9 19.6 17.2 14.6 11 9.3 8.2 7 5.4 4.5 5.5 3.3 4 6.4 8.6 10.1 10.6 12.7 14.9 15.1 15.1 16.1 15.1 12.7 11.5 10.3 7.1 5.4 4.2 4.1 4 4 3 2.4 1.9 1.7
-1 -1 -1 -1 -1 -1 0.7 7.6 12.2 18.2 22.8 26.2 28.5 30.1 31.5 34.7 37.5 40.6 42.8 45.3 49 52.4 51.5 47.2 42.6 39.2 34.7 30.2 28.6 27.7 27.6 27.3 24.4 22.4 22.2 22.6 21.6 22.1 23 23.5 24.1 25.1 26.1 27 25.3 21.5 21.3 22.5 22.3 22 21.8 21.8 21.8 22.1 23.4 23.9 24 23.2 22.7 22.1 17.9 16.1 13.9 10.6 7.5 5.9 5 4.9 4 1.6 1.7 1.3 6 7.5 8.9 10.1 11.8 12.6 13.2 13.7 13.1 12 9.7 8.5 7.2 6.3 6.4 6.6 6.5 6.5 6.4 5.6 4.1 2.9 1.9
-1 -1 -1 -1 -1 -1 -1 2.5 7.8 14.2 21.7 27 31.1 34.9 36.2 37.7 39.9 43.1 46 47.6 48.2 47.2 42.6 39.2 35.2 32.1 29.5 26.1 22 21.2 20.8 19.6 16.5 16 15.9 16.6 17.1 16.5 17.6 18.9 19.8 21.4 22.4 22.9 21 17.8 16.2 16.8 17.4 17.5 17.7 17.7 17.7 18.1 19.5 20.1 20.4 20.5 19.9 19.3 17.1 14.4 11.8 9 6.7 5.1 1.7 1.1 0.6 -1 0.1 0.4 0.9 3.4 7 8.1 9.5 10.2 11.2 11.8 12.7 10.8 11 10.1 9.3 8.6 8.5 8.8 9 8.9 8.8 8.2 7.7 6.8 5.4
-1 -1 -1 -1 -1 -1 -1 1.5 5.1 10.3 18 25.5 32.7 37.9 41.1 42.9 43.1 44.2 47.1 48.8 47.2 41.3 35.6 31 28.3 26.1 24 21.7 17.7 15 14.3 12.2 10.4 10.1 10.1 11.1 12 11.9 12.9 14 15.4 17.5 18 18.1 16.1 14.5 12.9 12.6 12.5 13.3 13.7 14 13.9 14 14.5 15.3 16.6 17.1 16.5 16 14.3 11.9 9.4 6.9 3.3 0.7 -1 -1 -1 -1 -1 -1 -1 0.9 1.7 5.6 7.7 9.4 10.4 13.7 16 16.2 15.3 14.1 12 11 10.7 11 11.2 11.4 11.3 10.8 11 10.6 9.6
-1 -1 -1 -1 -1 -1 -1 -1 4 7.1 12.1 20.5 30.8 38.3 43.5 47.1 48.3 46.3 45 44.9 42.6 37.2 30.2 25.4 22.9 21.8 20.2 18.6 14.9 11.8 8.8 7.1 5.9 5.9 5.3 6.7 7.6 8.6 9.5 10.8 12.3 12.7 13.2 13.3 12.5 11.5 10.4 10.2 10.5 10.4 12 11.7 10.8 11.5 12.3 12.1 12.8 13.4 13.2 12.9 11.1 8.8 7.2 5.2 -1 -1 -1 -1 -1 -1 -1 -1 -1 -1 0.5 1.8 7.7 10.6 14.3 17.1 18.5 19.3 18.7 17.2 13.8 12.8 12.1 12.4 12.6 12.9 13 13.3 13.6 13.6 13.3
-1 -1 -1 -1 -1 -1 -1 -1 1.7 5.9 9.8 15.5 24.9 35.6 43.5 46.8 50.4 48.8 45.2 40 35.5 28.8 25.6 23 20.2 18.1 16.8 15.2 12.6 8.6 6.4 3.8 1.8 1.4 1.1 1.4 4.7 5.3 7.1 8.1 9.6 9.2 9.7 9.7 10.3 9.5 8.3 8 8.6 8.5 8.6 8.8 8.2 8.2 10.4 10.7 11 12.5 12.3 12.3 11.1 8.5 6.2 4.3 -1 -1 -1 -1 -1 -1 -1 -1 -1 -1 -1 0.9 9.1 12.2 14.2 15.7 17.7 18.9 19.3 17.6 15.4 13.8 13.1 13.1 13.4 13.6 14.2 14.6 15.6 16.1 16.1
-1 -1 -1 -1 -1 -1 -1 -1 0.8 4.1 7.2 12 18.9 29.5 36.7 42.2 48.5 49.1 44 38.5 31.1 25.6 21.6 20.9 18.9 15.4 14.1 12.7 10.2 6.2 2 1.2 0.5 -1 -1 -1 -1 2 5.6 5.4 6.4 6.5 7.4 7.1 6.5 6.9 5.7 4 3.5 4.2 4.5 5.5 5.3 5 6.5 7.9 10.4 11.3 12.5 11.9 10.7 9.9 7.5 5.6 -1 -1 -1 -1 -1 -1 -1 -1 -1 -1 -1 -0.5 0.7 9.6 10.7 13.2 15.2 15.2 16.3 15.6 14 13.7 13.1 13.6 13.9 13.8 14.6 15.3 15.9 16.5 16.6
-1 -1 -1 -1 -1 -1 -1 -1 0.5 3.2 5.9 9.9 15.3 22.3 29.2 36.3 41.3 46.3 43.4 38.3 31.9 24.7 20.3 18.7 16 13.4 11.3 9.7 7.2 3.9 0.8 0 -1 -1 -1 -1 -1 -1 1.4 5.1 6.3 6.4 6.8 6.1 5.8 5.5 3.9 2.7 2.9 1.8 0.6 0.8 0.7 0.9 1.8 6.8 8 9.3 12 12.1 11.1 11.2 9.6 7.1 0.7 -1 -1 -1 -1 -1 -1 -1 -1 -1 -1 -1 -1 -1 -1 -1 1.4 12.1 11.3 11.8 11.8 11.7 11.8 11.5 11.6 12.9 14.2 14.9 15.6 16.4 17
-1 -1 -1 -1 -1 -1 -1 -1 -1 1.9 6.6 10.5 14.3 20.3 26.8 34.7 41.4 44 42.6 36.6 28.8 22.5 18.6 17.1 14 12.3 10 7 4.6 1.3 -1 -1 -1 -1 -1 -1 -1 -1 -1 1.7 6.1 6.4 6.5 6.4 6.2 4.4 3.7 2.8 2.4 1 -1 -1 -1 -1 -1 5.2 7 9.4 10.7 12.2 11.8 11.2 11.5 10.2 -1 -1 -1 -1 -1 -1 -1 -1 -1 -1 -1 -1 -1 -1 -1 -1 -1 -1 -1 -1 1.8 8.4 9 9.1 10.2 11.7 13.2 14.5 15.3 16 17.1
-1 -1 -1 -1 -1 -1 -1 -1 -1 -1 8 10.3 14.4 20.3 27 34.2 41.6 46.2 44.5 37.2 28.6 22.5 18.4 15.3 13.9 11.9 9.5 6.3 1.9 -1 -1 -1 -1 -1 -1 -1 -1 -1 -1 -1 2 6.6 9.3 9.3 8.2 6.4 5.3 4.1 3.1 1.5 -1 -1 -1 -1 -1 0.5 1.8 8 9.8 11.9 11.7 11 1.7 -1 -1 -1 -1 -1 -1 -1 -1 -1 -1 -1 -1 -1 -1 -1 -1 -1 -1 -1 -1 -1 -1 -1 1.2 4.7 7.9 9.5 10.9 11.9 13.9 15.1 15.9
-1 -1 -1 -1 -1 -1 -1 -1 -1 -1 7.2 11.7 17.4 22.3 28.7 35.8 43.7 47.3 47.2 39.4 32.2 23.9 19.3 15.7 13.4 11.3 9.1 6.4 1.8 -1 -1 -1 -1 -1 -1 -1 -1 -1 -1 -1 0.5 5.1 6.9 9.8 10.9 9 6.6 6.2 5.4 4.5 1.6 -1 -1 -1 -1 -1 -1 -1 -1 -1 -1 -1 -1 -1 -1 -1 -1 -1 -1 -1 -1 -1 -1 -1 -1 -1 -1 -1 -1 -1 -1 -1 -1 -1 -1 -1 -1 -1 1.2 4.3 8 8.7 11 10.5 11.3
-1 -1 -1 -1 -1 -1 -1 -1 -1 -1 -1 13.6 20.4 24.8 32.6 38.5 45.5 51.6 49.7 43 35.5 25.7 20.4 17 12.4 9 6.9 5.5 1.1 -1 -1 -1 -1 -1 -1 -1 -1 -1 -1 -1 -1 1.8 6.3 9.4 11.2 11 9.3 6.8 6.5 6.2 4.5 -1 -1 -1 -1 -1 -1 -1 -1 -1 -1 -1 -1 -1 -1 -1 -1 -1 -1 -1 -1 -1 -1 -1 -1 -1 -1 -1 -1 -1 -1 -1 -1 -1 -1 -1 -1 -1 -1 -1 -1 -1 -1 -1 -1
-1 -1 -1 -1 -1 -1 -1 -1 -1 -1 -1 5.7 19.9 27.1 35.6 42 48.4 54.2 54 48.1 40.4 29.6 20.1 15 11 7.8 5.6 3.6 0.4 -1 -1 -1 -1 -1 -1 -1 -1 -1 -1 -1 -1 1.3 4.6 8 10.4 12.4 10.7 7.2 5.4 4.5 1.2 -1 -1 -1 -1 -1 -1 -1 -1 -1 -1 -1 -1 -1 -1 -1 -1 -1 -1 -1 -1 -1 -1 -1 -1 -1 -1 -1 -1 -1 -1 -1 -1 -1 -1 -1 -1 -1 -1 -1 -1 -1 -1 -1 -1
