webserver/python/data/HY41.asc
ncols 200
nrows 200
xllcorner 340000
yllcorner 1010000
cellsize 50
[rows 110 to 164 of 200, columns 0 to 95 of 200]
-1 -1 -1 -1 -1 -1 -1 -1 -1 -1 -1 -1 -1 -1 -1 -1 -1 -1 -1 -1 -1 -1 -1 -1 -1 -1 -1 -1 -1 -1 -1 -1 -1 -1 -1 -1 -1 -1 -1 -1 -1 -1 -1 -1 -1 -1 -1 -1 -1 -1 -1 -1 -1 -1 -1 -1 -1 -1 -1 -1 -1 -1 -1 -1 -1 -1 -1 -1 -1 -1 -1 -1 -1 -1 -1 -1 -1 -1 -1 -1 -1 -1 -1 -1 -1 -1 -1 -1 -1 -1 -1 -1 -1 -1 -1 -1
-1 -1 -1 -1 -1 -1 -1 -1 -1 -1 -1 -1 -1 -1 -1 -1 -1 -1 -1 -1 -1 -1 -1 -1 -1 -1 -1 -1 -1 -1 -1 -1 -1 -1 -1 -1 -1 -1 -1 -1 -1 -1 -1 -1 -1 -1 -1 -1 -1 -1 -1 -1 -1 -1 -1 -1 -1 -1 -1 -1 -1 -1 -1 -1 -1 -1 -1 -1 -1 -1 -1 -1 -1 -1 -1 -1 -1 -1 -1 -1 -1 -1 -1 -1 -1 -1 -1 -1 -1 -1 -1 -1 -1 -1 -1 -1
-1 -1 -1 -1 -1 -1 -1 -1 -1 -1 -1 -1 -1 -1 -1 -1 -1 -1 -1 -1 -1 -1 -1 -1 -1 -1 -1 -1 -1 -1 -1 -1 -1 -1 -1 -1 -1 -1 -1 -1 -1 -1 -1 -1 -1 -1 -1 -1 -1 -1 -1 -1 -1 -1 -1 -1 -1 -1 -1 -1 -1 -1 -1 -1 -1 -1 -1 -1 -1 -1 -1 -1 -1 -1 -1 -1 -1 -1 -1 -1 -1 -1 -1 -1 -1 -1 -1 -1 -1 -1 -1 -1 -1 -1 -1 -1
-1 -1 -1 -1 -1 -1 -1 -1 -1 -1 -1 -1 -1 -1 -1 -1 -1 -1 -1 -1 -1 -1 -1 -1 -1 -1 -1 -1 -1 -1 -1 -1 -1 -1 -1 -1 -1 -1 -1 -1 -1 -1 -1 -1 -1 -1 -1 -1 -1 -1 -1 -1 -1 -1 -1 -1 -1 -1 -1 -1 -1 -1 -1 -1 -1 -1 -1 -1 -1 -1 -1 -1 -1 -1 -1 -1 -1 -1 -1 -1 -1 -1 -1 -1 -1 -1 -1 -1 -1 -1 -1 -1 -1 -1 -1 -1
-1 -1 -1 -1 -1 -1 -1 -1 -1 -1 -1 -1 -1 -1 -1 -1 -1 -1 -1 -1 -1 -1 -1 -1 -1 -1 -1 -1 -1 -1 -1 -1 -1 -1 -1 -1 -1 -1 -1 -1 -1 -1 -1 -1 -1 -1 -1 -1 -1 -1 -1 -1 -1 -1 -1 -1 -1 -1 -1 -1 -1 -1 -1 -1 -1 -1 -1 -1 -1 -1 -1 -1 -1 -1 -1 -1 -1 -1 -1 -1 -1 -1 -1 -1 -1 -1 -1 -1 -1 -1 -1 -1 -1 -1 -1 -1
-1 -1 -1 -1 -1 -1 -1 -1 -1 -1 -1 -1 -1 -1 -1 -1 -1 -1 -1 -1 -1 -1 -1 -1 -1 -1 -1 -1 -1 -1 -1 -1 -1 -1 -1 -1 -1 -1 -1 -1 -1 -1 -1 -1 -1 -1 -1 -1 -1 -1 -1 -1 -1 -1 -1 -1 -1 -1 -1 -1 -1 -1 -1 -1 -1 -1 -1 -1 -1 -1 -1 -1 -1 -1 -1 -1 -1 -1 -1 -1 -1 -1 -1 -1 -1 -1 -1 -1 -1 -1 -1 -1 -1 -1 -1 -1
-1 -1 -1 -1 -1 -1 -1 -1 -1 -1 -1 -0.9 -0.4 -0.8 -0.9 -1 -1 -1 -1 -1 -1 -1 -1 -1 -1 -1 -1 -1 -1 -1 -1 -1 -1 -1 -1 -1 -1 -1 -1 -1 -1 -1 -1 -1 -1 -1 -1 -1 -1 -1 -1 -1 -1 -1 -1 -1 -1 -1 -1 -1 -1 -1 -1 -1 -1 -1 -1 -1 -1 -1 -1 -1 -1 -1 -1 -1 -1 -1 -1 -1 -1 -1 -1 -1 -1 -1 -1 -1 -1 -1 -1 -1 -1 -1 -1 -1
-1 -1 -1 -1 -1 -1 -1 -1 -1 -1 0.9 1.5 1.5 1.1 0.8 -1 -1 -1 -1 -1 -1 -1 -1 -1 -1 -1 -1 -1 -1 -1 -1 -1 -1 -1 -1 -1 -1 -1 -1 -1 -1 0.8 1.6 1.5 1.1 -1 -1 -1 -1 -1 -1 -1 -1 -1 -1 -1 -1 -1 -1 -1 -1 -1 -1 -1 -1 -1 -1 -1 -1 -1 -1 -1 -1 -1 -1 -1 -1 -1 -1 -1 -1 -1 -1 -1 -1 -1 -1 -1 -1 -1 -1 -1 -1 -1 -1 -1
-1 -1 -1 -1 -1 -1 -1 -1 -1 1.6 2.1 2.2 2.4 2.5 2.2 2.2 1.6 1.3 0.6 -1 -1 -1 -1 -1 -1 -1 -1 -1 -1 -1 -1 -1 -1 -1 -1 -1 -1 1.2 1.7 3.4 4.1 5.4 5.1 4.8 5.4 5 1.8 -1 -1 -1 -1 -1 -1 -1 -1 -1 -1 -1 -1 -1 -1 -1 -1 -1 -1 -1 -1 -1 -1 -1 -1 -1 -1 -1 -1 -1 -1 -1 -1 -1 -1 -1 -1 -1 -1 -1 -1 -1 -1 -1 -1 -1 -1 -1 -1 -1
-1 -1 -1 -1 -1 -1 -1 1.2 -1 2.8 3.1 3.1 3 3.1 3.3 3.3 3.1 2.8 2.6 2.2 1.3 -1 -1 -1 -1 -1 -1 -1 -1 -1 -1 -1 -1 -1 -1 1.6 2.7 3.4 3.9 5 6.3 7 7.2 7.2 7.5 6.8 6.8 7.5 -1 -1 -1 -1 -1 -1 -1 -1 -1 -1 -1 -1 -1 -1 -1 -1 -1 -1 -1 -1 -1 -1 -1 -1 -1 -1 -1 -1 -1 -1 -1 -1 -1 -1 -1 -1 -1 -1 -1 -1 -1 -1 -1 -1 -1 -1 -1 -1
-1 -1 -1 -1 -1 -1 1.5 1.8 1.9 2.9 3.6 3.6 3.5 4.2 4.6 4.6 4 3.9 3.9 3.5 3.2 2.8 2.4 1.6 1 -1 -1 -1 -1 -1 -1 -1 1.5 2 2.3 3.5 4.3 5.2 5.8 7.1 8.2 8.6 8.6 8.9 9.3 8.8 9.4 9.4 9.2 8.7 6.9 5.7 -1 -1 -1 -1 -1 -1 -1 -1 -1 -1 -1 -1 -1 -1 -1 -1 -1 -1 -1 -1 -1 -1 -1 -1 -1 -1 -1 -1 -1 -1 -1 -1 -1 -1 -1 -1 -1 -1 -1 -1 -1 -1 -1 -1
-1 -1 -1 -1 -1 -1 1.4 1.8 2 2.7 3.7 4 4.5 5.3 5.8 5.8 4.8 4.9 5 4.7 4.3 3.8 3.3 3.2 2.8 2.6 2.2 2.1 2.4 2 2 2.8 3.5 3.3 4 4.9 5.9 6.8 7.5 8.2 8.8 9.1 9.5 9.9 10.5 11.1 11.6 12.1 11.8 10 8 6.5 0.6 -1 -1 -1 -1 -1 -1 -1 -1 -1 -1 -1 -1 -1 -1 -1 -1 -1 -1 -1 -1 -1 -1 -1 -1 -1 -1 -1 -1 -1 -1 -1 -1 -1 -1 -1 -1 -1 -1 -1 -1 -1 -1 -1
-1 -1 -1 -1 -1 -1 1.2 1.8 2.3 3 3.7 4.4 5.4 5.9 5.9 5.9 5.7 6.1 6 5.7 5.3 4.9 4.5 4.2 3.8 3.6 3.1 2.8 2.7 2.6 2.6 3.4 4.5 5.2 5.4 6.3 7.1 8 9.1 9.7 10.5 11 11.4 12.2 11.5 12 12.6 13.2 12.7 10.7 8.6 6.4 -1 -1 -1 -1 -1 -1 -1 -1 -1 -1 -1 -1 -1 -1 -1 -1 -1 -1 -1 -1 -1 -1 -1 -1 -1 -1 -1 -1 -1 -1 -1 -1 -1 -1 -1 -1 -1 -1 -1 -1 -1 -1 -1 -1
-1 -1 -1 -1 -1 -1 1 1.8 2.4 3.2 4 4.7 5.3 5.7 5.7 6.5 7.3 7.2 6.8 6.4 6.3 5.9 5.6 5.3 4.9 4.7 4.1 3.5 3.4 3.3 3.2 3.9 4.9 6.3 7.2 7.9 8.4 9.3 10.7 11.5 12.3 12.9 13.7 13.2 12.7 12.3 12.9 13.4 12.3 10.4 8.4 5.4 -1 -1 -1 -1 -1 -1 -1 -1 -1 -1 -1 -1 -1 -1 -1 -1 -1 -1 -1 -1 -1 -1 -1 -1 -1 -1 -1 -1 -1 -1 -1 -1 -1 -1 -1 -1 -1 -1 -1 -1 -1 -1 -1 -1
-1 -1 -1 -1 -1 -1 0.8 1.8 2.6 3.4 4.3 4.9 5.4 6.1 7 7.9 7.8 8 7.5 7 7.2 6.9 6.6 6.3 6 5.7 5.1 4.6 4.3 4.1 4 4.6 5.3 6.6 7.3 8 8.8 10.4 12.3 13 13.7 14.1 14.7 14.1 13.8 13.5 13.2 13.7 12 10.1 7.6 0.9 -1 -1 -1 -1 -1 -1 -1 -1 -1 -1 -1 -1 -1 -1 -1 -1 -1 -1 -1 -1 -1 -1 -1 -1 -1 -1 -1 -1 -1 -1 -1 -1 -1 -1 -1 -1 -1 -1 -1 -1 -1 -1 -1 -1
-1 -1 -1 -1 -1 -1 -1 1.8 2.5 3.7 4.5 5.2 5.7 6.4 7.3 7.8 7.6 7.8 8.1 8.2 8.1 7.9 7.6 7.3 7 6.7 6.1 5.6 5.3 5 4.7 5.2 6.2 6.9 7.8 8 9.2 10.9 13 13.9 14.9 15.2 15.4 15.2 15 14.7 14.4 13.3 11.5 9.2 5.9 -1 -1 -1 -1 -1 -1 -1 -1 -1 -1 -1 -1 -1 -1 -1 -1 -1 -1 -1 -1 -1 -1 -1 -1 -1 -1 -1 -1 -1 -1 -1 -1 -1 -1 -1 -1 -1 -1 -1 -1 -1 -1 -1 -1 -1
-1 -1 -1 -1 -1 -1 0.4 1.9 2.4 3.5 4.8 5.5 6.1 6.7 7.5 7.4 7.7 8.1 8.7 8.8 8.6 8.5 8.4 8.1 7.5 7 6.7 6.5 6.1 5.8 5.5 5.8 7.1 7.9 8.4 8.7 9.4 10.5 12.5 13.8 15.4 16.2 16.3 16.4 16.2 15.4 14.4 12.6 11.1 9.4 6 -1 -1 -1 -1 -1 -1 -1 -1 -1 -1 -1 -1 -1 -1 -1 -1 -1 -1 -1 -1 -1 -1 -1 -1 -1 -1 -1 -1 -1 -1 -1 -1 -1 -1 -1 -1 -1 -1 -1 -1 -1 -1 -1 -1 -1
-1 -1 -1 -1 -1 -1 0.9 2.8 3.5 4.5 5.5 6.2 6.9 7.5 7.9 8.1 8.4 8.9 9.2 9.3 9.2 9.1 8.9 8.5 7.9 7.4 6.9 6.7 6.5 6.1 6.7 7 7.3 8.3 9.5 9.9 10.3 11.5 12.6 14.1 15.2 15.5 16.4 16.7 16.4 15.5 13.9 12.5 11 9.5 6.5 -1 -1 -1 -1 -1 -1 -1 -1 -1 -1 -1 -1 -1 -1 -1 -1 -1 -1 -1 -1 -1 -1 -1 -1 -1 -1 -1 -1 -1 -1 -1 -1 -1 -1 -1 -1 -1 -1 -1 -1 -1 -1 -1 -1 -1
-1 -1 -1 -1 -1 -1 1.6 4 4.7 5.5 6.3 7.1 7.8 8.4 8.6 8.8 9.1 9.5 9.6 9.8 9.8 9.7 9.5 9.1 8.5 8.4 7.7 7.1 6.7 7.2 8 8.3 8.3 9.3 10.5 10.9 11.4 12 12.9 14.3 14.7 15 15.4 16.3 15.9 15 13.6 12.5 11.3 9.4 6.5 4.3 -1 -1 -1 -1 -1 -1 -1 -1 -1 -1 -1 -1 -1 -1 -1 -1 -1 -1 -1 -1 -1 -1 -1 -1 -1 -1 -1 -1 -1 -1 -1 -1 -1 -1 -1 -1 -1 -1 -1 -1 -1 -1 -1 -1
-1 -1 -1 -1 -1 1.3 4.9 5.6 6.3 7.1 7.5 8 8.8 9.2 9.4 9.6 9.9 10 10.1 10.2 10.4 10.3 10.1 9.7 9.1 9.4 8.8 8.2 7.8 8.3 9.2 9.6 9.5 10.4 11.4 11 11.1 12 13.1 13.9 14.2 14.5 14.8 15.1 14.5 14.3 13.6 12.5 11.3 9.3 7.4 5.2 1.3 -1 -1 -1 -1 -1 -1 -1 -1 -1 -1 -1 -1 -1 -1 -1 -1 -1 -1 -1 -1 -1 -1 -1 -1 -1 -1 -1 -1 -1 -1 -1 -1 -1 -1 -1 -1 -1 -1 -1 -1 -1 -1 -1
-1 -1 -1 -1 0.7 4.5 6 7.1 7.8 8.7 9.2 9.6 10 10.1 10.3 10.5 10.5 10.5 10.6 10.7 10.9 10.9 10.7 10.3 10 10.3 9.8 9.4 9.1 9.3 9.9 10.3 10.1 9.9 10.3 10.4 10.6 11.3 12.8 13.9 14.3 14.6 15 14.7 14.3 14.5 13.6 12.4 12.1 10.3 9 8.3 5.2 1.3 -1 -1 -1 -1 -1 -1 -1 -1 -1 -1 -1 -1 -1 -1 -1 -1 -1 -1 -1 -1 -1 -1 -1 -1 -1 -1 -1 -1 -1 -1 -1 -1 -1 -1 -1 -1 -1 -1 -1 -1 -1 -1
-1 -1 -1 -1 1.9 5.5 6.9 8.1 9.3 10.3 10.9 11.2 11.5 11.6 11.7 11.7 11.9 11.6 11.4 11.2 11.3 11.5 11.3 10.8 10.8 11.2 11.2 11 10.7 10.3 10.5 11 10.9 10.6 10.1 9.7 9.9 10 12 13.7 14.7 15.1 15.3 14.9 14.2 14.2 13.6 13.2 12.9 12.5 11.8 9.7 6.4 3.3 0.9 -1 -1 -1 -1 -1 -1 -1 -1 -1 -1 -1 -1 -1 -1 -1 -1 -1 -1 -1 -1 -1 -1 -1 -1 -1 -1 -1 -1 -1 -1 -1 -1 -1 -1 -1 -1 -1 -1 -1 -1 -1
-1 -1 -1 1.5 4.2 5.9 7.6 8.8 10.1 11.4 12.4 12.7 13 13.1 13.2 13.2 13.3 12.9 12.7 12.5 12.3 12 11.9 11.7 11.5 11.8 12.4 12.5 12.5 12.1 11.5 11.7 11.6 11.3 10.7 10.6 11 11.3 12.4 12.9 15.2 15.7 15.1 15.7 18.3 17.7 16.7 16.4 15.8 13.3 11.9 10.6 9.4 6.5 3.8 1.3 0.6 -1 -1 -1 -1 -1 -1 -1 -1 -1 -1 -1 -1 -1 -1 -1 -1 -1 -1 -1 -1 -1 -1 -1 -1 -1 -1 -1 -1 -1 -1 -1 -1 -1 -1 -1 -1 -1 -1 -1
-1 -1 4.3 4.7 5.8 6.6 8.2 9.5 10.6 11.5 12.8 13.9 14.5 14.5 14.5 14.6 14.7 14.3 14.1 14 13.9 13.8 13.6 13.4 13.3 13.1 13.2 13.5 13.5 13.7 13.1 12.6 12.8 13.3 13.3 13.5 14.3 14.8 15.6 16.2 17.1 18.3 17.6 18.7 19.1 19.2 20 19.6 18.2 16.6 15.1 13.2 11.7 9 7.5 4.6 2.3 -1 -1 -1 -1 -1 -1 -1 -1 -1 -1 -1 -1 -1 -1 -1 -1 -1 -1 -1 -1 -1 -1 -1 -1 -1 -1 -1 -1 -1 -1 -1 -1 -1 -1 -1 -1 -1 -1 -1
-1 1.5 4.6 5.6 6.5 7.7 8.9 9.5 10.2 11.5 12.9 14.3 15.3 15.8 16 16.3 16.6 16.5 15.8 15.9 15.8 15.7 15.6 15.3 15.1 14.9 14.6 14.5 14.7 14.9 14.6 14.6 15.2 15.9 16 16.8 17.6 18.4 19.1 19.8 20.5 21 21 21.3 21.6 21.5 21.5 21.5 21.8 20.5 18.7 16.1 14 11.7 9.7 7.5 5 3.4 1.3 0.4 -1 -1 -1 -1 -1 -1 -1 -1 -1 -1 -1 -1 -1 -1 -1 -1 -1 -1 -1 -1 -1 -1 -1 -1 -1 -1 -1 -1 -1 -1 -1 -1 -1 -1 -1 -1
0.9 3.7 4.4 5.2 6 7.5 9.2 9.8 10.4 11.6 13 14.3 15.6 16.3 17 17.4 17.6 18 17.9 17.6 17.8 17.7 17.5 17.3 17 17.2 17.1 16.9 16.7 16.4 16.3 17.2 17.8 18.4 19 19.6 20.1 21.1 22.4 23.7 24.8 25.4 25.7 25.3 25.3 25.5 25.3 24.8 24.4 22.5 20.9 18.9 16.6 14.6 12.8 10.4 8.1 5.5 4.5 3.2 -1 -1 -1 -1 -1 -1 -1 -1 -1 -1 -1 -1 -1 -1 -1 -1 -1 -1 -1 -1 -1 -1 -1 -1 -1 -1 -1 -1 -1 -1 -1 -1 -1 -1 -1 -1
2.2 3.1 4.2 5.2 6.5 7.8 9.2 10 10.8 11.7 12.7 13.9 15.4 16.1 17 18 18.6 19 19.4 19.3 19.5 19.7 19.5 19.3 19.1 19.1 19.8 19.3 19.6 19.4 19.3 20.1 20.3 20.7 21.2 21.7 22.7 23.9 25.2 26.5 27.8 28.8 29.5 30.3 29.9 29.3 28.4 28.1 27.9 24.6 22.9 21.3 19.3 17.5 16.2 13.5 10.9 8.5 6.7 5.7 1.1 -1 -1 -1 -1 -1 -1 -1 -1 -1 -1 -1 -1 -1 -1 -1 -1 -1 -1 -1 -1 -1 -1 -1 -1 -1 -1 -1 -1 -1 -1 -1 -1 -1 -1 -1
3.4 3.9 4.3 5.2 6.2 7.3 8.5 9.3 10.1 11 12.2 13.7 15.2 16.1 17 18 18.8 19.5 20.1 20.7 21 21 21 21.1 21.1 20.9 21.3 21.1 21.6 22.1 22.5 22.7 22.9 23.1 23.4 24.3 25.5 26.8 28 28.8 29.8 30.9 31.9 33.5 34.5 35.2 35.6 33.5 31.6 28.8 26.6 24.2 21.8 20.1 18.5 16.7 13.9 11.4 9.2 8.2 6.3 1.4 -1 -1 -1 -1 -1 -1 -1 -1 -1 -1 -1 -1 -1 -1 -1 -1 -1 -1 -1 -1 -1 -1 -1 -1 -1 -1 -1 -1 -1 -1 -1 -1 -1 -1
3.6 4 4.4 5.3 6.4 7.3 8 8.7 9.5 10.3 12.6 14 15 16.1 17 18 18.9 19.7 20.3 21 21.8 22.1 22.1 22.1 22 22.4 22.8 22.8 23.3 23.9 24.6 25.3 25.5 26.8 27.8 27.8 28.5 29.2 29.8 30.8 31.9 32.9 34.4 36.1 37.8 38.3 38.6 37.2 36.1 33.9 31.4 28.1 25 22.6 20.9 18.5 16.7 15 12.5 10 8.2 6.1 1.4 -1 -1 -0.6 -0.1 -1 -1 -1 -1 -1 -1 -1 -1 -1 -1 -1 -1 -1 -1 -1 -1 -1 -1 -1 -1 -1 -1 -1 -1 -1 -1 -1 -1 -1
3.5 4.1 4.5 5.5 6.2 6.9 7.7 8.3 8.8 10.1 11.8 13.4 14.4 15.6 16.8 18 19 19.9 20.6 21.2 22.4 23.1 23 22.7 23.1 23.8 24.1 24.5 24.9 25.9 26.9 27.9 28.9 30.3 30.5 30.7 32.2 31.2 31.6 32.7 34 35.3 37.3 38.1 39.6 40.1 41.1 41.1 39.7 38 34.4 31 28 24.9 23 21 18.7 15.8 13 12.5 10.3 8.3 6.2 3.7 1.5 1.4 1.5 1.3 0.6 0.4 0.3 0.2 0.4 0.1 -1 -1 -1 -1 -1 -1 -1 -1 -1 -1 -1 -1 -1 -1 -1 -1 -1 -1 -1 -1 -1 -1
4.6 4.2 4.8 5.3 5.9 6.6 7.3 7.9 8.4 9.3 10.9 12.6 13.9 15.1 16.3 17.5 18.7 19.9 20.8 21.7 22.9 23.3 23.4 23.8 24.5 25.2 25.5 26.1 27 27.8 28.5 29.2 31.5 32.8 33.8 35.3 36.8 36.9 34.5 35.5 36.8 38.6 40.6 41 41.3 42.3 43.5 43.6 42.5 40.8 37.1 33.4 29.9 26.6 24.6 22.4 19.5 17.2 15.1 13.5 12.3 10.6 8.2 5.8 4.9 4.3 4.2 3.2 3.5 3.3 3.9 5.8 5.3 6.6 1.1 0.7 -1 -1 -1 -1 1.4 1.6 -1 -1 -1 -1 -1 -1 -1 -1 -1 -1 -1 -1 -1 -1
5.7 5.2 5.3 5.8 6.3 6.8 7.5 7.6 8.2 9.1 10.2 11.7 13.3 14.6 15.8 17 18.2 19.4 20.9 21.8 23.4 23.7 24.8 25.4 25.9 26.6 27.5 28.4 29.3 30.1 30.8 32.1 33.9 34.6 37.1 42.4 43.3 40 38.8 38.9 39.8 42 43.1 43.4 43.8 45.1 45.5 45.3 44 42.2 39.2 35.6 31.1 28.6 26.1 23.3 21.4 18.9 17.2 15.6 14.1 12.2 9.6 8.2 7.2 6.4 5.5 4.7 4.9 5.3 6 6.9 7.9 8.4 7.6 6.5 6.1 -1 -1 -1 -1 -1 -1 -1 -1 -1 -1 -1 -1 -1 -1 -1 -1 -1 -1 -1
6.3 6.5 5.9 6.6 7.3 8 8.2 8.3 8.3 9 10.1 11.1 12.7 14 15.2 16.5 17.7 19.2 20.7 22.4 24 24.8 26.6 27.4 28.1 29.1 30 30.8 31.5 32.5 33.8 35.1 36.9 38.1 39.6 42.3 45.8 43.5 43 42.6 43.6 44.6 45.2 45.1 46.6 47.2 47.2 46.8 44.9 43.3 40.3 36.4 33.6 30.6 28 25.6 23.5 21.1 19.4 17.8 15.8 13.1 12.3 10.7 9.6 8.3 7.5 6.8 6.1 6.2 7.6 7.8 8.2 9.1 7.9 4.6 0.4 -1 -1 -1 -1 -1 -1 -1 -1 -1 -1 -1 -1 -1 -1 -1 -1 -1 -1 -1
7.7 8.4 7.8 7.9 8.4 9 8.9 9 10 10.3 10.8 11.6 13 14.4 15.9 17.3 18.8 20 21.7 23.2 24.5 26.4 28.1 29.2 30.3 31.6 32.8 33.7 34.4 35.7 37.6 39.4 40.5 40.6 42.7 44.8 46.3 45.5 45.2 45.8 46.2 46.7 47.2 48.7 48.3 48.6 48.6 48.7 47.6 45.6 42.1 39 36.1 33.2 30.1 28 24.9 23.1 21 19 17.3 14.9 14.2 13.2 12 10.5 9.5 8.8 8.1 7.4 8.3 8.3 9.6 10.2 9.5 4.9 0.7 -1 -1 -1 -1 -1 -1 -1 -1 -1 -1 -1 -1 -1 -1 -1 -1 -1 -1 -1
8.9 9.6 9.6 9.8 9.7 9.7 9.9 11.3 11.6 12 12.3 13 14.4 15.9 17.3 18.8 20.6 22.2 23.6 25 26.3 28 29.7 31.3 33.4 35.6 36.3 37 38.7 40.7 42.5 43.9 44.7 46.5 49 49.1 49.4 49 48.7 48.9 49.1 49.3 49.8 50.6 50.1 50.3 50.8 50.5 50.2 47.8 44.9 41.8 38.7 35.8 33.1 29.1 26.6 24.1 22 20.3 18.6 16.8 15.6 14.1 12.4 11.4 11.4 10.9 10.4 9.9 9.6 10.6 11.6 12.1 11.1 7.3 1.5 -1 -1 -1 -1 -1 -1 -1 -1 -1 -1 -1 -1 -1 -1 -1 -1 -1 -1 -1
9.6 10.2 10.1 10.5 10.7 11 12 12.9 13.3 13.7 14.1 14.8 16.3 17.7 19.3 21.8 24 25.5 27.1 28.6 30.3 32.6 33.9 36.1 38.3 41.2 42.4 44.2 45.8 45.3 47.1 49.5 51 53.8 53.2 53.2 52.7 52.5 52.2 52.3 52.4 52.4 53 53.7 54.2 54.1 54.1 52.8 51.8 49.8 47 44.5 41.5 38.5 35.3 31.4 28.7 25.9 23.3 21.1 19.3 17.5 15.8 14.7 13 12 11.8 12.2 11.8 11.3 10.5 11.4 12.3 12.3 10.5 8.1 3 0.5 -1 -1 -1 -1 -1 -1 -1 -1 -1 -1 -1 -1 -1 -1 -1 -1 -1 -1
8.7 9.4 10.4 10.5 10.9 11.9 13.2 14 14.9 15.8 16.3 17.1 18.5 20.7 22.7 24.9 26.4 28.8 31.2 33.4 35.9 38.6 41.7 43.9 46.3 49.9 51.4 52.4 54.6 53.9 55.4 55.6 57 57.4 56.9 57 56.7 55.9 55.7 56.1 56.2 56.2 56.2 56.9 56.5 56.6 56.8 55.5 53.7 51.6 49 46 43.1 40.1 37.5 34 30.8 28.4 25.8 23.1 20.9 18.9 17 15.3 13.7 13.2 12.8 12.5 12.3 12.6 11.9 12.3 12.7 11.5 10.1 8 4.2 1.5 0.3 -1 -1 -1 -1 -1 -1 -1 -1 -1 -1 -1 -1 -1 -1 -1 -1 -1
7.8 8.1 9.3 10.5 11.1 12.4 13.7 15 16 17.4 18.4 19.6 22.1 25.1 27.3 30.1 31.6 34 36.6 40.6 43.2 47.1 51.4 54.8 56.5 61.5 62.6 63 63.5 66.8 66.1 64.7 64.9 64.4 62.2 61.5 62.4 60.5 59.9 59.8 60.1 60 59.9 59.9 60.1 59.4 59.6 58.1 56.1 54.1 51.2 48.3 45.3 42.2 39.2 36.1 33.5 31.1 28.5 25.6 22.8 20.9 19 17.1 15.4 14.7 14.3 13.7 12.6 12.2 12.2 11.9 12.3 11.1 9.5 6.8 5.3 4.2 4.7 0.9 -1 -1 -1 -1 -1 -1 -1 -1 -1 -1 -1 -1 -1 -1 -1 -1
7.7 8 8.7 9.9 11.8 13.1 14.4 15.7 17.1 18.5 20 23 25.8 28.9 31.7 34.5 37.7 41.7 44.3 48.7 53.8 57.1 61.2 65.5 69.8 73.9 76.3 76.7 76.2 75 77.1 76.4 74.3 71 70.4 70.6 70 67.7 65.9 65.9 65.4 64.8 64.3 64.2 63.9 62.8 62.3 60.6 59.1 56.7 53.8 50.9 47.8 44.7 41.6 38.5 36.3 33.8 30.5 27.2 25.2 23 21 19.1 17.1 16.2 15.7 14.4 13.3 12.7 12.4 12.2 12.1 11 9.5 7.2 5.9 5.4 5.5 6 6.1 1.5 1.1 0.8 0.4 -1 -1 -1 -1 -1 -1 -1 -1 -1 -1 -1
7.5 7.9 8.4 10.3 12.5 13.8 15.1 16.6 18.2 20.4 22.7 25.8 29.3 32.4 35.4 39.3 43.2 47.1 52.1 57.8 64.8 71.5 76.3 79.4 81.8 85.3 87.7 89.3 89.8 89.4 88.4 88.1 84.4 82.3 81 79.5 80.1 78 75.9 74.8 73.5 72.1 71.1 69.6 68.8 66.8 65.5 63.7 61.7 59.2 56.4 53.4 50.3 47.2 44 40.9 38.3 35.4 32.9 30.1 27.1 25.1 23.2 21.1 19 17.6 16.4 15.1 13.9 13.3 13.1 12.8 12.2 11.2 9.9 7.8 6.3 6.1 6.2 6.3 6.8 6.9 6.3 5.2 5.8 1.3 0.3 -1 -1 -1 -1 -1 -1 -1 -1 -1
8 8.2 9.3 11 13.1 14.5 15.8 18.2 21.5 22.4 25 28.5 32.9 36.1 40.1 44.8 48.8 53.5 59.7 67.6 75 82.9 89.7 94.3 97.2 100.6 100.8 100.9 102.5 105.3 103.1 99.3 95.5 91.8 90.4 89.5 87.9 84.6 82.7 81.8 81.7 80.7 78.5 76.2 73.8 71.4 69.3 67.2 64.7 61.8 59 55.9 52.8 49.7 46.6 43.6 40.4 37.9 34.3 31.2 28.3 26.1 24.1 22.2 19.9 19.6 17.8 16.5 15.4 14.6 14 13.2 12.5 11.7 10.6 8.9 6.9 6.3 5.8 6.1 6.6 7 7.1 5.8 5.4 5.1 3.9 0.6 -1 -1 -1 -1 -1 -1 -1 -1
9.1 10 11 12 14.2 16.4 17.7 19.4 22 24.6 27.3 31.2 35.4 40 44.9 49.4 54.5 60.5 69.3 78.8 87.1 95.7 102.7 110.3 113.2 113.9 114 112.2 112.1 112.5 109.1 106.2 103.6 101.6 100.3 98.4 96.3 95.4 92.7 90 89.2 87.6 86.2 84 80.7 77.6 74.1 71.3 68.2 64.7 61.6 58.4 55.3 51.8 48.9 46 43.1 39.1 35.5 32.2 29.5 27.1 25.2 23.9 22.8 22 20.3 18.6 17.5 16.2 15.1 14 12.9 12.1 11.4 9 7.4 6.8 6.6 5.7 6.4 6.6 6.5 7.6 6.4 7 5.8 1.3 -1 -1 -1 -1 -1 -1 -1 -1
10.8 11.7 12.6 13.5 15.3 17.6 19.9 21.2 23.3 26.3 30 33.7 38.6 43.7 49.6 55.2 61.7 68.9 78.5 89.4 99.7 109.4 119.3 123.1 125 126.3 125.5 123.8 122.3 119.7 116 113.5 111.8 110.9 109.8 108 106.2 103.7 102.5 99.8 96.7 94.7 93.4 90.9 87 83.2 79.2 75.5 71.8 68.1 64.5 61.1 57.3 53.7 50.4 47.1 43.8 40.4 36.7 33.3 30.8 28.3 26.5 25.5 24.5 23.5 21.8 20.8 19.8 18.1 17.1 16 14.9 13.2 11.7 10.7 8.2 8.4 7.5 6.6 5.9 6 6.3 6.5 7.1 7.3 6.1 4.8 0.5 -1 -1 -1 -1 -1 -1 -1
11.9 12.9 13.7 14.7 16.7 19.5 21.4 22.8 25.2 28.3 32.3 37.1 41.9 47.3 54.2 61 69.7 79.6 89.3 100.5 113.4 122.7 129.6 133.7 135.3 135.2 134.6 133.6 132.1 129.5 125.6 123 121.1 120 118.9 117.3 115.3 113.2 110.9 108.5 105.4 102.8 100.3 97 93.5 88.4 83.6 79.2 75 71.3 67.6 63.5 59.2 55.2 51.8 48 43.9 40.6 37.4 33.8 32.1 29.8 29 27.9 26.3 24.8 23.7 22.9 22.2 20.1 19.1 18 15.9 13.8 12.6 11.6 10.3 9.2 8.3 7.4 6.3 6 6.2 6.6 7 5.9 4.9 3.8 0.6 -1 -1 -1 -1 -1 -1 -1
12.7 13.7 14.7 16.2 17.8 19.6 21.8 24.2 27.2 30.4 35.2 39 44.8 50.4 57.7 66.5 77.9 88.8 100.9 112.6 125.7 133.8 139.3 142.5 143.2 143.5 142.7 141.7 140.2 137.6 133.7 130.9 129.7 128.9 127.5 125.7 123.7 120.7 118.4 116.2 112.9 109.2 105.3 101.9 97.7 92.4 86.8 82.4 78.7 74.2 70.3 65.6 60.8 56.1 51 46.7 43.1 40.1 37.4 35.7 33.7 32.4 31.5 29.8 27.7 26.6 25.6 25 24.4 23.1 20.8 18.6 16.5 14.4 13.3 12.2 11.1 9.9 8.9 7.9 6.8 6.3 6.2 6.3 5.2 5 3.7 1.1 -1 -1 -1 -1 -1 -1 -1 -1
12.9 13.9 14.8 16.8 18.4 20 21.7 24.5 27.7 31.9 36.1 39.8 46.8 54.3 62.2 72.9 85.1 97.8 109.3 122.3 133.5 141.6 147.6 151.1 151.8 151.3 150.9 149.4 146.1 143.6 141.2 139.1 137.2 135.8 134 131.4 128.5 126.6 124.3 122.1 119 114.6 109.6 105.1 100.3 94.5 89 84.6 80.3 76.1 71.4 65.6 60 55 50.1 45.5 42.3 39.8 38.2 37.1 35.7 34.8 33.1 31.2 29.5 28.5 27.9 27.3 26.7 25.4 23.1 19.3 17.2 15 13.6 12.5 11.4 10.4 9.4 8.4 7.4 6.8 6.2 5.9 4.8 4.2 2.9 -1 -1 -1 -1 -1 -1 -1 -1 -1
12.6 13.7 14.9 17 18.9 20.6 22.9 25.3 28.3 32.5 36.4 40.8 47.8 57 65.2 77.5 90.6 103.4 115 128.4 139.7 148.7 156.5 158.6 159.2 158.5 157.1 154.8 151.4 148.8 146.6 144.7 143.4 142.3 140.1 136.8 133.8 131.3 128.6 125.2 121.8 116.8 111.6 106.6 101.2 95.9 90.5 85.6 80.8 75.6 70.1 64.4 58.3 53.2 48.5 45.9 43.2 41.3 40.2 38.9 37.5 36 34.4 33.8 32.7 32.1 30.7 29.9 28.3 26.5 23.2 19.8 18.3 15.7 13.8 12.7 11.7 10.6 9.7 8.6 7.1 6.9 6.7 5.4 4.1 3.2 1.2 -1 -1 -1 -1 -1 -1 -1 -1 -1
12.3 14 15.9 17.6 19.6 22 24.3 26.6 29.6 33.1 37.7 42.2 49 58.7 69.4 81.7 94.6 107.2 119.8 133.1 145.1 154.8 163 165.5 165.8 164.2 161.1 157.9 155.6 153 151.2 150.7 149.5 148.3 145.5 142 139.2 134.8 131.6 127.5 122.7 117.3 112 106.8 101.4 95.7 90.1 84.9 79.5 74.7 68.8 63 57.9 52.7 49.8 47.8 45.7 43.7 42.6 41.2 40.1 38.9 37.9 36.9 36 34.6 32.8 30.4 28.3 26.2 22.9 20 17.7 15.8 14.1 13.1 12 11 10.1 9.2 8 7.7 7.3 6.5 5.2 3.7 1.5 0 -1 -1 -1 -1 -1 -1 -1 -1
12.8 14.8 16.8 18.8 21 23.2 25.5 28 31.2 34.6 39 43.7 50.4 61.2 72.4 84.8 97.5 110.4 123.1 136 148.9 160.5 169 172.1 171.3 169 166.7 163.1 159.5 157.5 155.8 155.9 155.4 154.1 151.2 145.8 142.6 137.3 132.3 127.6 122 116 111.2 106.1 100.2 94 88.4 82.5 77.8 73.8 67.1 63.1 58.4 55.6 53.5 51.3 49.2 47.2 45.3 44.1 42.9 41.5 40.1 39.1 37.3 34.9 32.5 30.4 27.7 25.5 22.5 20.2 17.9 16.3 15.2 13.8 12.7 11.5 11.8 9.7 8.6 8.1 7.6 7 5.8 4.5 2.9 0.4 -1 -1 -1 -1 -1 -1 -1 -1
13.5 15.9 18.2 20.6 22.8 24.7 26.7 29.6 32.9 37.3 41.3 46.4 53 62.4 73.3 86 99.5 112.6 125.3 139.3 152 162.7 171.9 177.2 174.6 173.1 172.2 168.3 164.6 163.3 162.6 161.3 160 158.3 156.2 150.2 144.2 137.7 131.8 125.7 119.7 114.6 109.6 104.1 98 91.8 85.7 79.7 74.7 73.3 70.7 62.9 60.8 58.8 56.6 54.8 52.7 50.6 48.4 47.7 45.3 44 43.6 42.3 39.8 36.8 32.6 30.8 28.5 25.6 23 20.6 18.6 17.4 16.2 14.9 14 13.2 12.3 11 10 9.2 7.9 7.3 6.3 5.1 3.3 0.5 -1 -1 -1 -1 -1 -1 -1 -1
15.1 17.5 19.9 22.3 24.5 26.5 28.8 31.6 35.2 39.5 44.1 49.5 56.2 64 74.8 88 101.5 114.6 127.7 141.2 155.1 166.9 173.8 177.4 177.8 176.4 175.2 172.3 171 170.2 169.6 168.3 165.5 161.7 157.8 151 142.9 136 129.2 123.4 118.1 112.7 107.2 101.6 95.6 88.8 82.3 76.6 73.3 73.3 73.3 65.4 63.8 62 59.6 58 56.2 54 51.7 50.6 49 47.6 46.2 44.5 41.9 38.8 35.1 32.4 29.7 26.9 24.4 22.2 20.8 19 17.4 16.4 15.5 14.5 13.5 12.5 12.1 11 9.5 8.1 6.8 5.7 4.5 0.9 -1 -1 -1 -1 -1 -1 -1 -1
17.3 19.6 22 24.3 27 29.3 31.7 34.6 38 42 47 52.3 58.8 67.8 79.6 92.2 105.5 118.8 132.5 146.2 158.5 168.5 175.9 182.3 180.8 179.7 180.2 179.8 178.5 176.3 175.6 174.8 170.8 164.3 157.9 149.3 141.3 133 126.4 120.8 115.5 110.1 104.7 99.1 92.8 85.7 79.8 73.3 73.3 73.3 73.3 68.6 65.9 64.4 62.8 60.9 59.5 57.1 55 53.7 52.3 50.9 48.7 46.4 43.8 40.8 37.7 34 30.9 28.3 26.1 24.5 23.1 21.4 19.7 19 18.7 17.2 15.1 13.8 13.4 12.7 11.1 9.5 7.8 6.4 5.2 1.3 -1 -1 -1 -1 -1 -1 -1 -1
19.4 21.8 24 26.3 29.1 32.2 34.5 37.6 41.4 45.3 50.3 56.3 63.6 73.5 86.5 99.2 111.6 124.9 139.3 153.1 165.9 174.8 181.2 185.7 185.9 187.9 189.2 189.2 187.8 185.1 182.4 178.7 172.7 164.2 154.9 145.7 137.3 129.1 122.8 116.5 111 105.6 100.6 95.3 89.5 83.9 79.4 77.2 73.3 73.3 73.3 72.6 69 67.4 65.7 63.9 62.4 61 58.9 57.5 55.8 52.7 50.4 48 45.4 42.4 39.2 35.6 32.2 29.9 28.2 26.8 25.4 23.9 22.2 19.3 20 18.1 17.6 15.3 14.2 13.7 12.4 10.8 9.2 7.5 6.2 1.6 -1 -1 -1 -1 -1 -1 -1 -1
21.5 23.8 26.1 28.2 31 34.2 37.3 40.9 44.6 48.9 54.9 61.3 68.7 79.5 92.4 105.7 118.2 131.5 145.9 160.9 173.7 182.7 189.5 192.9 194.1 195 197.1 198.4 195.8 192.5 189 180.5 171 160.2 149.5 140.4 131.9 124.5 118.4 112.2 106.7 101.7 97.7 93.7 89.7 86.4 83 80 78 76.3 74.5 73.2 72.3 71.3 69.6 67.7 66.1 65.6 63.5 61.2 57.5 54.2 51.7 49.3 46.4 43.1 39.7 37.2 33.8 32 30.5 29.1 27.7 26.3 24.7 24.2 21 21 20.5 17 15.1 14.2 13.3 12.1 10.5 8.4 7.1 4.3 -1 -1 -1 -1 -1 -1 -1 -1
22.9 25.5 27.9 30 32.6 35.7 38.8 43.3 46.9 52.7 59 65.2 74.7 85.8 98.3 111.9 126 139.8 153.6 169.6 182 192.3 199.6 203.6 206.1 206.6 205.5 204.7 203 197.7 189.5 178.1 166.3 153.9 142.7 133.9 126.3 119.4 113.6 108.9 105.6 103 98.8 95 91.2 88 85.1 83.1 81.6 80 78.4 76.9 75.6 74.5 73.4 72.1 70.6 69.2 66.7 63 59.4 55.9 53 50.7 47.1 43.4 40.1 37.2 35.6 34.2 32.8 31.4 30 28.5 27.1 25.5 24.5 22.7 21.4 20.1 17.5 14.9 13.9 13.1 11 8.8 7.3 4.9 -1 -1 -1 -1 -1 -1 -1 -1
