webserver/python/data/HY43.asc
ncols 200
nrows 200
xllcorner 340000
yllcorner 1030000
cellsize 50
[rows 152 to 189 of 200, columns 0 to 83 of 200]
42.5 43.1 43.8 45.1 45.7 51.2 55.8 60.1 64.5 69.1 73.9 78.9 84.6 90.4 97 103.2 108.5 114.8 120.5 127.4 134.5 143 149.9 153.5 156.9 163.8 166.3 166.1 168.8 169.3 163.3 159.1 155 152.7 151.9 154.7 152.4 152.9 150.5 147.6 146.2 148.7 148.8 147.3 148.8 151.8 158.2 163.9 157.2 150.1 144.1 142.3 137.2 130.3 123 115.3 100.8 92.5 89.9 81.8 71.6 62.2 51 40.6 31 24.6 24 25.1 24.1 22.2 20.4 19.9 23 22.9 22.7 24.5 26.5 25.8 34.7 40.6 44.7 46.8 48.5 47
46.9 48.2 49 50.5 52.7 52.5 59.1 64 68.5 73 77.3 82.2 87.9 93.9 100.1 106.1 111.9 117.8 125 130.9 136.4 144.7 154.1 160.8 164.2 166.7 170.3 174.5 173.5 177.8 181.4 179.4 175.3 173.8 176.5 176.3 178.7 178.9 176.8 175.9 174.9 175.4 176.6 174.7 174.6 177.2 179.4 173.6 169.8 162.5 150.2 142.3 137.3 131.7 121.6 110.5 93.3 90.7 84.5 79.8 72 59.1 52 44.8 33.4 23.3 17.9 20.8 23.1 23.6 21.4 19.9 22.3 22.5 22.2 22.9 24.8 24.4 25.5 35 39.6 42.2 43 43.5
56.6 55.9 55.9 57.8 59.3 60.4 63.3 67.7 71.9 76.4 80.9 85.4 91.2 97.2 103.1 109 114.1 118.8 125.6 132.7 138.1 146.7 155.2 164.4 171.6 179.7 180.1 181.1 184.2 185.9 188.1 191.7 193.2 191.8 191.2 193.6 191.2 193.5 196.6 199.5 201.1 199.4 198.7 198.1 198.8 201.8 200.2 193 179.8 168.4 154.5 141.5 138.8 132.1 123.1 109.1 91.9 89.4 82.3 77.9 70.4 65.6 53.5 46.6 40 27.6 17 15.2 23.7 23.5 21.6 20.9 20.3 20.9 20.5 20 22.3 23.3 22.7 29.1 33.7 37.5 39.3 40.3
64.4 64 62.9 64.1 65.6 66.2 69.1 71.4 74.9 79.3 83.8 88.3 94 100.4 106.1 110.9 114.5 120.2 126 131.8 138.7 149.1 158.4 166 174 185.2 193.3 197 198 195.2 194.2 196.1 199.3 202.6 204.6 205 208.1 207.3 203.7 206.1 207.6 210 212.5 212.8 214.9 220.6 216.1 207.2 193.1 173.8 161.8 145.3 137.5 131.8 123.5 111.4 92.4 87.5 81.5 76.9 70.8 64.6 56.9 47.9 40.7 32.6 24.5 14.7 15.2 21.4 20.8 19.1 19 19.6 18.9 18.1 19.4 20.9 21 22.2 28.8 32 34.6 35.9
71.3 71 70.9 70.7 70.9 72.3 73.8 76.5 78.8 82.2 86.6 91.2 96.6 102.8 108.2 112 116.1 121.7 127.4 133 137.8 149.8 160 167.7 177.2 187.4 197.5 204.8 207.9 206.4 204.3 202 203 206 211 214.6 214.9 211.9 213 208.4 208 209.5 212.9 217.3 227.1 231.2 227.5 219.4 201.4 181.2 165.5 147.7 136 130.7 122.9 114 97 86.5 82.1 76.3 71.7 65.2 59.8 50.8 41.3 36 32 21.8 12.8 15.2 20 18.3 16.8 18 18.7 17.5 17 17.9 17.9 17.9 22.9 26.4 29.7 31.5
78.5 78.4 77.9 76.5 76.2 77.1 79 80.9 83.5 86.3 89.6 94.6 99.5 104.5 108.7 112.9 117.5 122.9 128.7 133.2 137.8 147.3 159.1 167.2 179.7 191.1 200 205.3 210.4 211.8 211.9 210.4 207.3 208.7 211.5 214.1 217.9 212.3 214.8 212.1 206.6 208.4 211.9 218.9 229.6 233.2 234.6 225.6 211.8 185.4 168.7 148.1 136.5 129.4 123.2 115.2 105.9 88.8 81.5 76.6 71.1 66.5 59.4 52.1 46.1 38.5 32.9 28 17.8 12.8 15.1 16.7 15.6 16.2 16.6 16.9 15.4 14.6 14.8 14.7 15 21.5 24 26.8
84.3 84.3 82.5 81 81.2 82.1 83.5 85.3 87.3 89.8 93.1 96.7 101.2 104.9 108.8 114.1 118.8 124.2 128.8 134 140.5 149 158.7 170.4 182.2 192.1 200.2 205.1 210 213.8 215.6 215.9 213.8 210.1 212 209.3 208.7 208.9 208.7 206.4 204.6 206.3 209.3 214.5 223.3 229 230.2 225.3 214.9 190 167.8 149 135.6 129.2 124.3 117.5 109.9 97.7 83 77.2 73 66.6 61.1 56.2 50.2 43.4 36.1 30.9 25.4 15.2 11.2 14.3 14.1 15.9 15.8 15 14.1 13.1 11.9 11.9 12.3 13.6 18.6 20.2
86.6 86.9 86.4 86.4 86.6 87.3 88.2 88.7 90.8 93.3 96.5 100.1 103.4 106 109.1 115.3 120.3 125.5 129 136.7 145.1 153.1 162.4 172.9 182.5 190.3 197 204.3 208.5 212.9 216.6 218.4 215.3 212.7 211 205.9 201.6 197.4 194.4 191.9 195.9 202.6 206 210.6 212.6 215.1 216.8 213.2 204.2 185.4 165.8 147.1 138 130.5 123.6 119.4 111.8 104.2 93.8 79.4 73.6 70.1 64.2 59.1 53.5 48.3 42.7 34.2 27.8 22.3 12.5 10.2 11.2 12 14.2 14.2 13.8 12.6 10.8 9.8 10.2 10.7 15.7 16.5
94.9 92.2 89.8 89.7 90.6 91.4 92.2 93.5 93.3 95.8 98.7 101.6 104.2 106.2 108.7 114.6 120.7 127 131.7 138.1 147.6 156.2 165.7 173.9 182.2 190 194.9 199.8 205.3 210.2 213.1 213.8 210.4 206.9 201.4 196.7 189.3 185.5 186.3 188.2 188.8 191.5 195.3 199.8 200.7 199 198.5 193.7 185.9 177.4 164.9 150.9 140.8 127.5 123.1 119.5 113.6 106.8 99.6 89.6 74.7 70.5 66.9 61.1 56.5 51.9 45.7 39 32 26.3 19.4 9.9 9.1 9.3 10.1 13.2 12 10.9 9.5 8.1 8.4 8.2 11.2 13.6
102.9 102 99.4 94.9 93.4 94.1 95.1 96.2 97.1 96.9 99.4 100.7 102.5 104.6 108 113.2 119.8 126.5 133.6 138.2 147.7 155.9 167.6 176.1 184 189.2 193.9 198.8 203.3 206.2 207.9 206 202.5 194.8 188.8 182.7 178.3 172.5 167.3 168.8 170.8 175.6 177.7 180.1 180.1 181.4 179.9 176.7 173.5 166.2 161.2 150.6 138.5 132 122.6 119.4 114.1 109.1 102.3 94.7 85 71.9 67.6 64.9 59.4 53.9 48.7 43.3 38.5 32.8 24.8 16.9 10.2 8.6 8.1 9.7 10.2 9.5 8 6.3 6.2 5.7 5.7 10.6
107.2 107.8 106 103.6 100.7 97.9 97.2 97.9 98.8 100.2 100.1 101 102.1 105.1 109.1 113.8 119.9 126.7 133.3 141.3 148.4 155 165.5 175.3 183.5 188.4 193.9 198.7 200.1 202.4 200.5 195.6 189.5 181 174.4 168.2 162.2 157.6 156.5 159.5 161.9 163.4 165.6 167.1 166.8 167.1 165.2 163.5 161.1 160.3 157 149.8 137.2 132.5 124.7 118.3 115.5 109.6 102.8 96.7 89.7 79.8 68.4 64.2 61.7 56.6 51.9 47.2 42.3 37.1 31.3 23.4 16.2 10.1 7.4 7.6 9.1 7.9 6.3 4.9 4.6 4.3 4.1 8.4
110 110.5 112.1 107.8 106.5 104.6 101.1 99.4 99.8 102 102.5 103.9 104.6 107.2 111.1 115.4 120.6 128.8 134.4 141.7 149.6 156.8 166.7 174.5 182.8 188.9 193.1 195.4 197.5 195 191.3 184.1 177.4 169.6 162 156.6 151.5 147.6 147.2 145.6 146.9 151.5 152.6 152.9 153.5 155.2 155.3 156.6 156.6 156.3 153.8 146.2 138.8 130.7 124.7 117.2 113.9 109.8 105 98.5 90.6 82.2 74.2 64.9 61.3 58.9 54.3 49 44.2 39.2 34.6 29.5 22.3 15 9.4 7.5 7.7 5.9 5.3 4.3 4 3.8 4 5.3
112.6 112.8 112.3 111.3 110.5 110.3 108.6 104.4 102.1 104.1 103.6 104.9 107.3 109.2 113.1 117.2 121 127.4 135.3 142.8 149.1 157.8 168.8 177.5 184.1 189.5 192.1 193.1 191.9 188.3 180.4 172.9 165.6 158.4 151.6 146.6 142 138.7 137.8 137.5 137.9 139.2 141.3 143.9 146.1 147.8 148.9 150.4 151 149.9 147.8 142 138 129.3 124.5 115.9 112.2 109.1 104.3 99.4 93.1 85.9 76.8 69 62.1 58 55 50 44.8 39.9 35.3 29.9 25.3 20.2 15 9.3 5.9 5.9 4.8 4 3.6 3.6 3.7 3.9
118.3 116.1 114 113.3 112.6 113 112.8 110.8 107.5 104.3 105.1 106.2 108.5 111.3 114.6 118.2 121.7 127.7 136.9 146.9 152 158.8 171.9 179.6 183.8 188.6 191.3 192.1 188.1 180.4 172.6 164.3 157 149.4 143.1 137.5 133.3 131.1 130.5 129.8 130.5 131.9 134.8 135.3 137.6 140.3 140.9 141.7 142 140.7 138.9 135.9 132.4 126.9 124.4 117 110.7 108.6 103.9 99.2 93.3 87.2 80.4 73 64.1 57.4 54.1 50.5 45.4 40.4 36 31.3 26.6 21.9 17 12.3 7.7 5.5 4.7 3.8 3.5 3.4 3.4 3.4
126.5 124.9 121 116.5 116.2 115.1 115.5 114.7 113.2 110.4 107.3 107.5 109.9 113.3 115.9 118.9 122.7 128.5 139.5 149.6 157.1 165.7 173.8 179.3 184.4 188.9 191 190.3 182.5 174.3 165.2 156.8 148.2 141.8 135.8 130.1 126.9 125 125 124.5 123.5 124.8 125.1 126.1 128.4 129 128.8 129 129.9 129.6 128.4 126.5 125.9 124.1 120.2 113 108.7 106.6 102.4 97.3 92.3 87 81.2 74.5 67 59.7 54.7 50.8 46.8 41.5 37.2 32.7 28.1 23.4 19.9 15 9.9 6.4 5.2 3.8 3.5 3.3 3.3 3.2
131.6 132.5 129.7 126.6 122.6 117.9 117.3 117.1 115 114.2 111.7 110.1 111.7 115.1 118 121.3 125.7 131.2 140.8 149.9 159.5 167 174.1 180.6 185.2 189.6 190.2 188.9 180.1 168.5 157.8 149 141.2 135.6 130.6 125.4 122.8 120.9 120.4 118.8 118.1 118.3 117.2 117 117.7 118.4 118.3 118.3 118.8 119.9 119.5 119.2 118.7 117 114 107.6 105.5 103.2 99.3 94.7 90.1 84.8 80.1 74.5 67.7 60.2 54.2 50.9 47.7 42.8 38 33.1 28.7 24.3 20 15.8 11.9 7.7 6 3.9 3.7 3.4 3.2 3.2
142 141.2 139.2 138.2 131.5 126.1 118.9 118.9 118 117.2 116.8 115 115.6 119.2 121.3 125 130.4 134.2 141.1 150.7 156.3 166.2 174 181.1 186 189.5 189.6 186.7 176.8 163.7 152.5 141.6 134.4 129 124.4 121 119.4 117.7 116.4 114.4 114 111.9 111.3 111.1 108.3 108.7 109.3 108.3 109 110.6 111 110.7 110 108.9 106.2 104.2 102.3 98.5 94.4 90.3 87.4 83.3 78.6 73 66.2 59.2 52.3 49.2 46.2 42.6 38.2 33.5 27.9 23.6 19.2 15 10.7 7.6 5.1 4.1 4 3.7 3.4 3.2
151.8 148.6 146.9 146.2 141.6 134.6 124.4 121.1 121.1 120 120 121.1 120.6 122.8 125.2 129.2 133.6 137.7 143.3 150.5 155.6 161.8 172.2 180.4 186.2 186.8 188 183.7 172.4 159.1 147.5 136.7 129.3 123.6 119.4 116.8 115 114 112.5 110.9 108.5 107.4 106.4 104.9 104.5 104.2 103.3 102.2 101.8 102 102.2 102.7 103.9 102.3 101.5 100.3 97.5 95.2 91.5 87.3 83.7 80.3 74.5 69 63.5 57.4 50.2 47 43.9 40.2 36.2 32.2 27.7 23.1 18.6 14.2 10 6.7 4.5 4.4 4.2 4 3.6 4.1
158.2 155.9 151.9 150.8 150.4 143.9 133 125.9 123.5 124.1 123.3 124.2 124.8 126.7 129.5 133.3 136.7 140.5 144.2 149.5 155.5 161.4 169.5 177.6 182.9 185.2 185.9 180.2 167.3 154.7 142.5 132.9 125 119 115.9 113.2 110.4 108.7 106.6 104.6 104.4 103.1 101.1 100.3 99.9 99.3 98.7 98.7 99 98.5 98 97.7 97.8 97.4 96.4 95 92.4 89.9 86.9 83.4 79.6 74.9 69.9 65.2 60 53.5 48.4 44.7 41.6 37.8 33.7 30 27.3 22.7 18.7 14.8 10.5 6.5 4.9 4.6 4.5 4.3 4 5.6
166.7 165.4 163 155.1 153.2 151.5 144.1 131.3 126.9 127.7 128.1 127.7 129.4 131.3 134.2 137.8 141.2 145.1 148 151.2 156.8 162.1 168.3 177.9 180.9 183.6 181.9 175.3 161.8 149.5 137.6 128.8 121.7 116.1 112.5 109.6 106.7 103.6 101 100.6 99.6 98.1 96.6 95.8 95.5 95.7 94.4 92.9 92.6 92.8 92.5 92 92.2 92.4 91.2 89.8 87.6 85.2 82.1 78.3 75.5 71.3 66.5 61.4 56.2 50.5 46.5 42.7 39.3 35.4 31.3 27.9 25.1 24 20.2 15.9 11.1 7.2 5.4 5.2 4.9 5 4.9 6.4
173.2 172 171.3 164.7 157.7 155.9 152.5 143.2 131.6 131.1 133.6 132.7 135.4 137.2 137.9 140.6 143.6 148 150.7 154 158.2 162 166.6 176.9 180.6 181.5 176.9 165.5 154 143.9 134.1 126.3 118.6 113.4 108.9 104.7 101.7 98.5 97.7 95.4 94.7 93 92.9 91.8 90.5 89.5 88.1 87.4 87 86.7 87 86.7 86.9 87 86.5 84.8 82.8 79.5 76 73.4 69.1 65.6 61.5 57 51.2 47.7 44.4 40.7 37.1 33.2 29.2 25.6 23.2 21 18.6 14.8 11 7.9 6.1 5.8 5.5 6.7 5.4 6.9
176.3 174.6 173.4 171.5 164.8 160.2 157.5 152.1 142.4 134.8 136.5 138.7 138.4 140.6 143.4 144.3 146.3 150.7 153.5 155.6 159.6 163 166.9 172.4 177.6 176.5 170.5 158 147.1 138.3 130.3 123 116 110.3 104.9 99.9 96.6 94.2 92 90.3 89.9 89.5 88.9 87.5 86.4 84.4 83.5 83.3 83.1 83 83 82.9 82.5 81.8 81.6 79.8 77.6 73.8 70.1 67.5 63.8 60.2 56.3 51.9 48.1 44.9 41.3 37.6 34 31.4 27.5 24 21.8 19.3 16.9 14.6 11.3 8.1 6.4 6 6 5.8 5.2 5.6
178.3 178 176.8 174.3 172.4 164.9 160.8 157.4 153.2 143.8 139.6 141.5 142.4 142.7 145.1 147 149.8 152.4 155.6 157.7 160.2 163.2 167.2 171.4 173.4 169.8 160.3 149 140.5 131.9 125.6 120.3 113.6 107.6 102.1 97.2 94 91.1 89 87.2 86.6 85.6 83.9 83 82.5 80.6 78.9 78.1 77.6 77.9 77.4 77.6 77.6 77.2 76.2 74.6 72.2 68.8 65.2 62 58.7 54.3 51.3 48.3 44.6 40.9 38.5 34.6 31 28.9 25.7 22.6 20.5 17.9 15.4 14 11.3 8.3 6.8 6.2 6.2 5.9 5.4 4.5
182.6 184 182.6 178.7 176.5 169.2 162.3 160.1 158.1 153.2 149.1 144.4 145.9 147.6 146.4 148.7 151.9 154 157.3 159.2 161.7 163.8 163.8 167.2 165.5 159.6 149.3 141 133.2 126.9 121.3 116.4 111 105 100.2 95.6 91.5 88.1 86 84.2 84.3 82.6 79.9 79.1 77.8 76.3 75.6 73.7 73.1 71.9 71.1 71.1 71 70.6 69.9 68.5 66.3 63.8 60.2 56.9 52.8 49.1 46.4 43.7 40.6 37.1 34.9 31.9 28.4 26.6 23.5 21.4 19.2 16.7 13.9 12.4 9.8 8.4 7.1 6.4 6.2 5.8 5.5 4.5
187.9 187 186.3 186.3 178.9 173.7 166 160.2 158.3 159.5 159.1 155.8 150.6 150.1 151 150.2 153.1 156 158.6 160 160.8 159.4 159.6 159.4 157.1 148.5 140 132.8 126.8 121.8 116.8 111.5 106.5 102.1 98.2 93.9 89.5 85.6 82.7 81.8 81.3 79.1 78 77.2 75.6 73.7 72.9 70.1 68.8 66.9 65.4 64.5 64.5 64 63 61.7 60.4 58.1 55.2 50.9 48.1 45.3 41.9 39.2 36.6 33.3 31.1 28.9 26 24.8 22.4 20.3 18.1 15.8 13.2 10.8 10 8.4 9 8.2 5.9 4.7 4.6 3.1
188.4 188.9 189 189 184.5 174.2 167 160.7 159.8 161.4 163.1 164.9 160.2 156.6 153.9 154.5 154.1 156.4 159 156.9 154.3 154.4 155.4 152.5 146.1 138.4 131 125.2 120.8 116.9 112.7 107.6 103.3 98.9 95.3 91.2 87 83 79.6 77.5 76.9 75.1 74.1 72.8 71.4 70.2 68.5 66.4 63.9 61.9 60 59.2 58.1 56.7 55.7 54.4 53.1 51.5 49.4 47.1 44.9 42 38.5 34.9 32.2 29.5 27.3 25.4 23.8 23.2 21.3 19.2 17 14.8 12.3 10.8 9.5 10.3 11.5 10.6 7.8 4.9 2.4 -1.1
188.8 190.5 191.9 189.8 183.3 173.7 167.9 163.6 161.3 162.4 164.1 165.7 167.1 164.8 160.1 157.3 157 155.2 154.6 151.6 149.5 147.9 144.7 140.6 135.4 129 122.8 118.6 114.6 110.8 107.2 103.6 100 95.8 92 88.1 84.3 80.2 76.1 73.9 72.6 70.7 69.6 68.1 66.4 64.7 63 60.2 57.9 56.7 54.9 53.7 51.7 49.8 48.7 47.9 46.8 46.1 45 43 42.4 39.6 36 32.3 29.1 27.1 25.3 23.6 22 20.5 19.7 18.1 15.9 13.6 11.9 11.2 10.3 12.5 12.9 11.3 7.4 4.3 3.2 0.3
187.9 191.7 193.7 186.9 178.6 169.8 166.8 165.2 163.1 163.3 164.8 166.9 170.1 172.3 169.2 163.1 158 153.3 149.3 144.8 139.3 135.6 132.1 129.2 125.1 120.4 115.4 111.7 109.6 105.4 101.8 98.2 94.7 91.3 88.1 83.6 80 76.7 73.3 69.5 68 66 64.7 62.8 61.8 60 57.6 54.8 53.2 51.9 50.4 48.8 47.6 46.1 45 44.2 43.4 41.7 40.4 38.8 38 36.8 35.2 32.2 29.2 26.2 24.4 22.4 20.8 19 17.3 15.7 14.2 13.1 13.5 13.1 13 14.8 13.8 11.8 8.6 6.1 1.6 -1.1
189.4 192.1 192.9 185.8 176.1 167.8 167 166.7 164.6 164.7 167 169.1 171.1 172.9 173 165.6 156.8 150.1 142.7 136.5 129.8 125.9 122.3 119.9 116.5 112.2 109 106.8 104.6 100.8 96.4 93.3 90.2 86.4 82.7 79.3 75.8 72.4 69 65.9 63.5 61.6 60.1 58.6 57.2 55.4 53.7 52.6 50.1 48.9 47.4 46.2 45 43.3 41.7 41.2 40.8 39.5 38.5 36 34.7 33.6 32.3 31.3 29.4 26.9 24.5 21.8 20.1 18.5 17.1 15.2 15.4 15.6 15.4 17.5 17.2 16.6 15.5 13.5 10.7 7.9 3.8 -1.1
190.1 192.9 194.3 185.5 176.3 168 167.3 165.2 165.9 166 167.9 169.8 171.4 173.1 171.4 165.2 155.6 145.7 138.6 130.8 123.4 117.2 114.7 113 110.4 106.6 103.6 101.7 99.9 96.4 92.4 89.2 85.8 81.1 77 73.7 71 68 65.5 63.6 61.7 59.9 58.9 57.2 55.9 54.9 53.4 51.3 47.2 46.2 45.1 43.7 43.2 42.4 40.8 39.8 39.2 39 37.5 34.4 31.9 31.2 30 28.9 28 27.2 25.9 23.1 20.1 18.8 17.5 15.6 16.1 16.7 18.7 18.8 18.2 18.3 17.6 16.2 12.7 8.7 4.3 0.7
190.9 193.3 194.7 186.6 176.1 167.6 166.4 166.3 166.4 167.3 168.9 170.2 171.6 172.3 170.7 167 157.5 146.3 137.4 126.7 118.7 111.4 108.6 106 103.5 100.8 98.4 96.2 94 90.1 86.5 83.8 80.3 76.9 73.6 71.9 69.8 66.1 63.9 61.3 60.2 58.8 58.1 56.8 53.5 50.7 49.8 49.6 49.4 50.3 48.9 48.4 46.8 46 44.4 40 39.4 38.2 35.2 34.3 33 31.5 28.3 28.6 27.2 25.5 23.8 21.7 20.4 19.4 18.2 17.9 17.6 18.8 21.1 20.3 19.9 19.8 19.8 17.6 13.5 9.3 5.4 3.8
190.1 192 193.9 187.6 176.4 168.1 167.3 167.2 166.6 168.1 168.2 169.3 170.7 171 170.1 166.7 160.5 149.6 138.3 128.1 117.8 108.8 102.9 99.9 97.5 95.5 93 90.8 88.3 84.8 81.8 77.7 74.4 72.8 71.3 69.8 68.1 66.1 63.9 61.3 60 58.7 56.5 56.4 53.2 53.5 53.8 53.3 52.8 51.9 50.6 49.1 48.1 46.8 44.3 42.5 41.1 39.5 38.9 37 35.3 33.2 30.1 28.1 26.8 25.2 23 21.7 20.7 19.9 19.1 19.5 20 21.2 22 21.9 21.6 21.3 20.9 18 15.6 11 8.5 6.2
190.1 191.4 193.1 187.2 177.2 169.3 167.9 167.3 167 166.1 165.9 166.7 168.6 169.5 168.8 166.3 161.7 151.7 139.6 128.4 117.6 108.3 101.2 96.6 93.9 91.5 89.1 86.9 84.3 80.6 78.6 75.2 72.2 70.8 68.3 67.3 65.6 64.4 62.6 61.6 60.5 59.4 58.2 56.9 56.2 55.3 55.1 54.7 53.6 52.4 51.3 50.2 49.1 48 46.5 45.3 44 41.5 40.3 38.9 37.2 35.3 33.1 30.7 28.2 26.8 25.5 23.8 22.7 21.2 20.4 21.3 22.6 22.9 23.7 23.4 24.1 23.7 21.1 19.9 18.5 14.2 12 8.5
190.8 189.8 189.9 184.6 176.4 169.3 165.6 164.2 163.7 163.9 163.9 163.9 165.7 167.3 166.3 165.9 160.2 149.9 139.7 128.3 117.5 108.5 100.8 95.3 92.2 88.9 85.4 82.9 80.4 78 76.3 73.1 71 69.8 66.1 65.8 65.3 65.1 64.5 61.7 60.7 59.7 59.4 58.3 57.4 56.8 56.3 55.7 54.5 53.3 52.3 51.3 50.5 49.2 48.9 47.7 45.9 43.5 41.6 40 38.6 37.1 35.2 33 30.7 29.6 27.9 25.5 24.3 23 21.8 22.9 24.3 25.4 26 25.9 25.3 23.7 22.1 22.8 21.3 17.3 13.1 9.3
186.2 187.4 185.5 179.8 172.2 167.9 162.9 161.1 160 160.6 159.8 159.7 161.6 163.7 164.3 162.6 155 145.4 136.5 126.2 116 107 98.6 93.2 89.6 87.1 83.4 81.2 78.8 76.3 75.2 71.7 70 68.9 69.1 68 68 67.9 67.4 64.9 65.7 64.1 62.1 60.3 58.8 58 57.5 56.6 55.4 54.4 53.4 52.4 51.6 50.8 49.4 48.8 48 45.8 43.3 41 39.5 38.1 36.2 33.8 32.4 31.6 29.3 27 25.7 24.4 23.2 24 25.1 26.8 27 26.7 25.7 24.3 23.8 25.2 23 18.5 14.2 10.9
182.3 182.4 180.2 174.2 168 161.9 155.3 150.9 151 152.8 154.8 157.2 159.3 160.3 158.9 153.3 146.3 138.6 130.3 120.9 110.9 102 96 91.3 87.6 85.2 81.9 80.1 78.1 75.8 73.4 71.1 71.8 70.3 70.5 70.1 69.6 68.8 67.6 66.9 67.3 67 65.6 63.8 62.5 60.9 59.2 58.3 56.8 55.8 54.8 53.4 52.3 51.2 50.2 49.3 48.2 47.1 45.8 43.2 40.4 38.8 36.8 34.6 33.6 32.1 30.2 28.7 26.7 25.3 24.6 25.3 26.2 27.6 27.1 26.5 25.8 24.7 24.5 26 23.3 19.2 15.6 12.8
178 177.6 176 171.2 163.6 156.2 149.4 148 149.5 150.4 152 153.7 154.7 153.3 149 143.2 135.9 128.3 120.2 111.4 105.1 100.5 94.1 89.3 86.2 83.3 81 79.2 76.8 74.3 73.9 73.6 73.4 72.8 72 71.8 71.1 70.4 69.6 68.7 68 68 67.8 67 65.8 64.4 63 60.9 59.1 57.6 56.1 54.5 52.8 52.2 51.5 50.9 50 48.9 47.8 46 43.2 40.3 38.1 35.5 34.3 33 31.4 29.1 27.7 26.3 25.8 26 26.5 26.2 25.9 25.9 25.4 25.4 25.8 25.5 22.7 19.6 17.3 14.5
172 172.5 170.9 165.1 157.3 150.2 144.7 143.7 144.7 146.8 148.1 148.8 147 142.9 137 131.6 125.4 118.5 110.5 104.7 100.6 96.4 91.8 87.6 84.6 82.4 80.2 78.2 75.5 76.7 76.8 76.5 76.3 76 75.6 75.2 74.4 73.1 72.1 70.9 69.7 69.1 68.7 68.2 67.5 66.8 65.7 64 62.4 61 58.9 56.4 55.1 53.7 52.8 52.2 51.6 50.6 49.3 47.8 45.5 42.6 39.2 36.4 34.2 32.8 30.9 29.4 27.9 26.4 25.9 26 26 25.8 25.4 25.4 25.4 25.3 25.2 25.1 22.5 20.8 18.9 15.4
