webserver/python/data/NB10.asc
ncols 200
nrows 200
xllcorner 110000
yllcorner 900000
cellsize 50
[rows 36 to 71 of 200, columns 0 to 79 of 200]
39.7 43.6 48 54.8 61.8 71.5 86.5 108.7 130.9 146.4 150.4 164.8 173.7 203.5 232.6 262.1 293.2 334.4 388.6 415.6 431.7 448.3 456.8 457.1 451.5 452 442.4 438.1 432.8 418.8 403.6 406 410.1 419 437.5 467.6 499.9 531 562 589.7 615 636.2 646.9 649.6 642.9 630 611.7 587.8 566.4 542.4 521.9 480.8 447.5 413.2 383.4 352.4 317.7 304.2 280.3 256.5 229.6 211.3 201.2 199.2 200.6 207.9 209.8 223.8 235.4 251.3 277.4 304 333.1 374.5 412.8 467.8 522.4 557.4 612.1 650.1
36 41.2 48 53.3 59.1 69.4 86.5 104.7 132.9 151.2 147.2 162.6 167 196 226.4 265.4 296.4 331.4 378.4 416.5 434.8 449.1 453.1 448.1 439.8 439.5 432.6 430.3 423.6 410.9 402.2 400.9 402.5 406.4 420.4 442.7 469.9 501.4 531.5 564.1 595.4 623.9 636.3 630.6 618.3 605.2 591.1 573.9 551.9 529.5 510 482.7 447.5 405.1 371.4 338.2 313.9 304.1 289.4 261.4 232.1 211.2 202.4 198.6 199.7 202.1 208.5 220.8 233.3 251.3 273.8 301 330.2 367.2 404.6 448.9 501.3 537.9 579.7 640.5
34.2 38.8 45.5 51.7 54.9 66.7 86.7 106.1 134.3 146.4 141.6 154.5 159 185.2 222.7 263.8 299.4 332.5 376.5 414.3 432.4 442.6 444.7 436.3 426.7 423.8 422.7 421.7 413.6 399.2 396.8 395.9 394.2 393.3 403.5 419.1 441.5 470.3 504.7 537.1 573.4 611 625.8 614.6 598.1 582 566.8 552.6 532.5 513.6 494.6 470.7 434.8 391.6 350.5 316.2 286.4 288.3 274.6 244.5 223.9 210.7 200.5 197 196.5 197.9 206.3 218.1 231.8 249.2 269.4 298.7 327.8 363.7 401.4 442 482.4 522.5 571.4 626.9
33.3 37.5 41.5 47.6 50.8 61.4 78.6 105.3 137.9 145.1 131.4 143.5 150.2 171.6 222.2 256.6 293.6 330.5 369.2 398.9 417.8 430.6 432.1 425.1 415.4 409.3 410.9 410.9 402.1 382.5 384.9 381.5 386.1 381 382.5 396.5 416.6 442.5 477.2 515.9 554.4 589.7 617.3 602.2 582.7 563.5 544.1 528.2 514.6 499.4 479.1 452 413.4 361.3 309.4 278.2 245.1 238.2 224.7 211.6 209.9 204.4 198.5 196.2 195.6 201 209.8 214.4 226.4 245.1 266.4 295.2 325.7 357.3 395.4 430.1 469.6 515.3 565.5 601.2
32.3 32.8 37.7 43.2 46.8 55.4 73.9 101.6 130.8 134.8 125.7 129.6 140.1 170.6 224.2 257.3 291 324.5 367.7 385.6 394.1 405 414.3 408.9 402.4 398 397.1 396.1 386.4 369.7 370.5 367.7 370.6 370.5 364.2 377.3 392 417.4 455.9 490.5 532.7 575.3 612.3 596.9 573.9 550.7 530.2 509.5 495.6 483.6 463.4 430 381.3 340.9 297.4 262.3 225.2 210.6 207.2 203.4 199.9 194 195.1 194.5 195 201.3 212.7 218.5 224.8 239.1 260 286.4 315.7 349.8 389.2 425.8 463.7 510.8 552.4 578.9
31.1 31.4 33.5 37.6 43 51.9 71.5 93.7 120.4 122.5 117.6 119 133.3 166.6 219.3 257.3 294 320.3 358.7 380 379.3 385.9 388.7 390.3 390.4 388 388.2 385.1 374.4 354.6 348.9 343.9 346.8 351.9 352 354.5 371.8 399.7 436 475.6 515.2 560.8 599.5 595.3 570.6 543.7 522.5 499.6 480.3 464.6 447.3 408.5 365.3 322.3 288.4 251.5 222.1 208.6 203 198.6 197.1 193.9 193.9 194 194.4 201.2 210.9 222.6 229.9 243.2 263.7 279.8 310.8 342.2 378.3 415.1 459.2 509.1 544 565.5
30 30.3 32.5 32.7 38 51.7 76.4 94.6 102 103.3 106.4 110.5 130.1 156.6 214.8 250.3 284.8 314.9 351.5 364 370.3 379.1 377 373.5 371.5 373.2 373.6 369.4 355.6 337.8 327 324.7 327.1 330.4 334.7 348.2 359.4 386.2 421.4 463.1 502.6 553.1 585.7 581.6 564.2 541.2 516 494 470.9 449.6 427.3 396.2 351.9 313.8 276.9 241.2 222.3 210.3 203.2 198.6 195.6 193.9 193.9 193.9 193.9 202.6 210.9 222.1 234.2 249.7 270.6 287.7 307.5 335.5 370.7 408.6 452.3 503.3 531 551.9
29.5 29.7 30.3 32.7 33.8 41.6 60.7 79.4 86 92 97.5 102.6 123.9 150.2 207.7 240.6 273 307.5 338.2 348 358.4 372.1 369.4 366.2 357.7 350.6 353 348.1 337.8 322.1 309.5 305.7 310.7 317.7 326.3 340.6 359.4 377.3 413.7 456.4 491.5 543.3 573.5 567.7 551.5 527.1 503.4 486.3 463.2 442.2 413.4 378.6 335.2 297.5 262.8 235.5 222.3 212.3 204.5 198.9 195.1 193.9 193.9 194.3 196 202.7 207.1 220.1 233.5 253.4 272.8 289.9 309.6 331.9 360.9 398 440.6 481.9 516.8 543.1
29.4 29 29 29.7 30.6 37.1 48.7 59.9 72.1 83 90.3 96.9 114 146.8 194.3 228.1 255.2 288.4 317.8 325.9 347.7 354.9 355.6 350.2 345.4 335.8 325.5 320.1 315.5 302.8 294.8 291.8 297 308.3 318.4 336.1 359 385 412.7 450.8 489.6 533.3 563.3 555 535.9 513.5 491.8 474.1 456.9 436.8 415.6 375.4 332.7 292.1 258.3 235.2 220.4 209.9 200.6 196.3 195.6 193.9 194.5 196.4 199 203.5 207.8 217.3 231.7 252.1 271.2 288.2 309.2 329.3 357.7 394.2 431.5 464.6 504.5 537.7
28.6 28.4 28.4 28.5 29.9 36.8 45.9 54.1 61.9 75.6 79.2 90.3 104.7 142.5 176.9 205.5 236.9 265.5 290.9 302.9 326.3 332.8 329.6 329 325.3 320 310.3 303.6 298.3 287.5 278.9 279.7 286.7 301.1 308.1 325.4 354.3 391.5 415.3 445.9 484.9 527.8 552.3 540.3 519.9 498.2 478.6 462 448.1 430.8 414.8 392.5 335.4 289.6 253.9 229.2 215.3 206 197.4 194.2 194.6 194.9 195.6 197.4 199.5 206.1 211.2 219.8 229.4 245.4 263.6 283.5 301.5 325.5 353.5 389.9 432.4 477.8 516.4 544.9
27.9 28 28 28.1 28.3 31.5 40.4 47 55.6 67.8 71.9 81.6 101 130.3 156.9 182.6 210.9 238.7 262.8 282 303.4 314.8 313.2 308.3 306.3 303.7 297.1 289.1 283.8 276.6 269.7 267.7 274.5 286.6 293.9 308.5 341.7 381 417.3 443.1 474.1 512.7 534.1 524.3 502.1 482.5 464.2 449.4 435.5 420.1 413.9 401.4 344.5 287.3 251.6 222.7 211.2 200.1 195.5 193.8 192.2 192.5 195.9 197.9 200.2 210 215 223 230.7 243.1 254.8 276.7 298.6 325.4 354.3 386.9 426.9 471.4 521.5 559.5
27.3 27.9 27.2 27.5 28.3 30.9 35.2 41.4 49 59.9 63.7 74.9 95.6 122.6 140.3 164.3 191.9 216 238.4 262.6 289.9 294.1 297.2 294.4 292.1 286.5 281.6 275.6 270.1 264.9 262.1 262.7 269 275.8 284.8 299.2 321.8 365.3 399.9 439.5 467.1 510.3 516.8 503.3 482.7 465 450 436.3 423.9 410.4 409.6 398.3 333.3 287.9 248.1 219.5 206.7 196.8 194 192.9 192.7 190.8 193.1 197.6 202.6 212.3 219.5 225 233.1 243.7 253.9 270.3 295.6 325.6 355.3 384.9 424.5 460.7 509.1 552.4
27.3 26.6 26.7 26.6 27.3 32 33.5 37.4 44 56.2 57.1 71.4 89.3 111.7 133.3 149.3 172.5 203.5 224.3 250 270.2 278.6 282.5 281 279.8 276.1 269 262.9 259.3 254.3 253.2 255.2 262.2 269.1 279.1 296.3 318.2 354.3 391.1 429.8 466 499.7 497.7 479.6 465.7 450.2 434.3 422.5 411.1 406.2 409 394.7 326 282.6 245.3 212.6 200.7 194.4 192 191 190.3 188.7 191 195.9 200.6 211.8 216.9 223.7 233.8 243.2 254.2 271.6 288.9 322 351.7 383.2 419.4 456.7 504.8 539.7
30.9 27.8 26.4 25.7 26 28.7 31.3 38 42.8 49 51.2 65.7 81 101.1 121.5 139.3 156.7 187.6 212.9 239 254.1 263.2 266.7 266.9 264.5 261.6 256.3 250.2 248.1 245.8 244.2 246.8 254.4 262 272.4 292.4 317.9 349.1 383.9 427 475.9 479.1 470.5 458.3 448.7 436.7 424 411.6 401.9 402 406.1 373.1 313.4 270.5 235.2 203.2 193.1 189 189.9 188.7 187.7 186.2 187.8 192.8 196.4 205.4 212.9 222.9 231.2 240.7 253.4 268.4 287.2 315.4 346.3 381.7 411.9 454.1 505.5 550.4
34.5 32.3 29 26.2 25.5 25.6 26.8 30.3 36 40.7 44.7 58.6 74.7 93.6 113.5 133.4 149.4 168.5 196.1 224.3 238.6 244.5 250.2 251.2 250 248.7 243 238.6 237.1 237.2 237.5 239.2 246 257.2 269.2 291.3 319.4 354.7 386.6 433.3 465.4 457.9 445 435.3 426.5 416.7 408.6 399.4 395.8 393.1 384.5 334.8 285 252.6 226.7 199.2 191 188.2 189.7 187 185 184.1 186.4 189 192.9 200.8 212.2 221.2 230.5 240.9 248.5 261.6 281.4 306.8 335.7 372 409.7 441.6 494.9 543.7
32 33.2 30.2 27 25.1 25.2 26.2 28.2 28.2 30.5 39.5 52.7 69.8 89.9 108.8 128.7 147.6 167.6 187.4 209.7 220.7 229.7 233.6 237 237.5 235.7 231.1 229.3 229.1 229.6 230.5 233.9 242.7 251.1 266.3 290 315.9 352.6 392.9 439.9 445.5 436.3 426.8 412.6 406 401.4 393.8 385.6 388.3 377 326.1 294.7 249.5 228.1 209.5 194.7 190.2 186.1 185.4 183.4 183.4 181.7 184.3 187.5 191.6 196.6 210.1 218.9 228 236.6 244.8 257.6 271.5 298.2 326.9 362.7 401.3 436.3 477.9 516.6
30 29.6 29.3 27.9 26.2 24.8 25.8 26.9 27.3 27.8 35.8 50.1 65.3 86.5 108.8 127.3 142.8 164.3 185 199.1 208.8 218.1 223.9 225.4 225.6 225.5 222.5 221.1 221.3 222.2 226.3 232.1 240.1 251.3 263.5 287 317.6 353.9 393.6 428 429.6 422.6 410.9 397.4 387.2 385.7 376.6 371 378 345.3 297.5 256.7 222.5 208.7 198.7 187.5 187.3 185.2 181.6 177.5 177.8 181.4 183.2 185.7 189.3 193.2 204.8 215.5 223.7 231.6 241.7 252.9 267.1 288.4 318 353.2 388.6 425.7 461.1 497.4
29.6 28.9 27.3 24.7 24.8 26.2 26.8 26.9 27.5 28.5 32.8 44.2 60.4 79.8 105.4 123.2 137.3 156.2 178.4 193.2 202.6 207.9 213.5 215.7 216.2 215.2 214.7 214.2 213.5 214.5 222.5 231.1 236 246.2 265.1 285.2 316.8 353.6 389.4 414.5 412.5 409.1 397.2 385.2 375.9 365.9 356 352.5 354.5 310.5 254.1 229.9 218.4 205.1 191.6 182.2 180 179.7 177.2 175.1 177.7 181.3 183.2 185.3 185.3 188.7 197.9 209 216.5 223.1 230.3 244.7 259.5 276.9 303.6 340.1 373.4 409.7 447.2 482.4
29 26.4 26.6 25.8 24.2 27.7 29.1 27.5 27 28.5 37.4 47.5 59.9 73.5 93.7 119.1 134.9 152.1 170.9 188.6 196.9 203 206.3 207.4 207.9 209.1 207.2 206.7 203.3 210.1 219.3 227.5 236.5 246.2 262 286.6 319.2 348.1 383 402.5 398.7 394 384.2 372.5 362.4 352.6 339.1 327.3 312.3 275 242.3 223.4 211.7 198 186.5 177.4 176.1 175.1 174.2 174.2 177.7 179.7 182.3 184 185.4 186.9 191 198.3 208.2 213.8 223.6 236.9 252.2 267.5 293.8 325.8 362.2 399.7 437.8 474.4
28.3 26.1 24.8 24.3 24.8 27.7 29.9 28.5 26.9 28.9 41.3 56.5 67.1 78.7 96.4 115.1 128.2 147.7 164.9 184.3 195.4 203 204.4 202.7 202.5 201.8 200.4 198.7 199.2 208.5 217.6 227.6 240.4 255.2 272.8 295.6 324.9 354.8 380.9 394.2 390.3 383.1 373 360.5 348.4 335.8 327.3 320.5 286.8 261.4 239.5 219.2 205.3 195 185.9 176.4 175 174 173.1 174.8 177.1 179.4 181.3 183.9 185.5 187.1 188.7 193.9 199.7 204.6 216.7 232.1 244.9 259.6 286.5 317.8 351.5 394 435.7 473.5
26 21.8 20.4 22.8 26.6 30.6 30.2 29 31.6 28.8 40.1 51.5 61.1 74.2 97.9 116.3 133.2 149.6 174 189.6 192.6 199.1 201.3 201.2 200.4 198.2 195.9 193.3 196.4 207.3 223.1 234.5 250.3 267.3 285 307.9 336.9 361.6 376.6 382.2 383.7 371.8 360.8 344.2 328.6 316.1 310.5 305 279.7 257.6 235.1 214.1 201.8 193.7 183.6 175.5 174.2 172.1 172.9 173.9 176.8 178 181.2 183 184 184.6 187.6 193.5 200.8 210.4 216.4 226.2 240.4 257.2 279.4 308.8 346.6 387.7 431.3 466.1
23.1 19.4 19.2 22.8 24.9 30.3 29.8 31.4 32.9 29.4 36.5 48.5 61.2 73.1 98.5 122.5 139.9 154.1 176.9 191.7 199.2 198.4 198.9 198 196.4 194.2 191.4 189 195.7 210.2 230 240.5 259.7 283.4 306.7 325.8 344.3 356.1 367.4 372.5 364.8 357.1 341.3 320.8 300.1 290 287.6 280.4 270.1 251.2 233.4 210.1 197.2 188 181 174.6 171.2 169 168.7 170.6 175.4 175.4 178.5 180.7 181.2 183.7 188.2 188.9 201.1 211.1 220.1 225.7 238.4 253.7 273.3 304.6 342 381.9 423.9 457
23.1 17.3 17.3 19.9 24.3 27.6 32.8 33.2 30.2 31.3 36 46.4 57.5 71.4 97.2 122.3 138.9 154.4 176.7 191.7 200 199.4 197.3 193.2 190.3 189.2 186.8 186.4 196.4 219.4 239.9 251.2 276.1 304.7 321.9 338.7 349.6 349.8 350.5 350.5 344 327.9 314.3 294.8 275 267.9 262.1 260.5 254.4 242.9 225.5 208.4 195 184.6 177.1 172.3 167.5 166 164.7 166.4 169.6 172.1 175.9 175.9 177.4 182 186.8 187.6 201.1 207.1 218.4 228 239.3 250.2 272.1 299.7 341.5 377.6 423.9 449.1
22.9 16.1 17 21.3 23.4 26.1 32.5 38.1 31.5 31.1 44.2 49.5 58.4 70 92.6 117.9 137 152 174.4 194 201.6 198.6 194.7 188.3 184.4 182.2 183.5 186.9 198.6 225 247.6 268.8 301.6 317.9 324.2 333.9 347.5 342.5 334.2 322.8 309.6 303.4 283.2 270 258.9 256.7 252.3 246.7 243.8 237.5 223.6 209.1 195.8 183 174.7 168.1 164.2 162.8 162.5 163.6 165 168.8 172.4 173.5 175 179.5 184 185.8 202.9 204.1 208.1 223.3 234.1 249.5 269.5 300.9 334.6 370.2 415.6 440.1
20.8 15.1 14.5 17.8 20.3 23.5 28.4 32.6 25.9 31.1 41.1 50 58.6 66.7 87.2 111.3 130 146.9 169.9 189.8 197 194.4 188.7 182.9 180 179.4 183.5 193.6 205.2 227.1 252.6 281.1 305.3 317.2 322.2 326.3 333.7 326.7 317.3 304.8 287 278.6 265 254.1 248.9 247.4 247.5 244.1 239.7 234.4 223.4 209.1 196.7 183.7 173.9 166 162.4 160.8 160.8 161.2 162.7 166.3 169.2 171.1 173.2 176.6 180.2 184.5 198.2 199.9 207 219.2 230.8 244.1 264.8 298.1 335.2 376.8 418.9 435.4
17.1 13.9 11.4 13.2 15.8 20 24.2 24.3 24 28.5 39.5 51.3 59 70.1 82.2 105.2 122.9 142.4 160.8 174.4 184.7 183.6 180.6 177.1 177.3 177.5 188.6 205.1 227.5 258.7 282.8 303.6 308.3 313.3 316.6 315.1 313.2 305.3 298.2 289.5 271.3 259.9 251 245.4 243.3 240.1 241.1 241.8 241.7 233.7 223.4 210.8 198.3 183.5 171.8 164.9 161.8 160.2 160.1 160.3 161.8 164.4 167.1 167.8 171.3 174.5 177.3 182.7 193.5 193.6 202.5 213.9 226.5 241.6 261.9 300.8 337 380.6 420.9 436.1
16.2 11.9 9 10.6 11.9 16.4 18.5 20.4 22.6 26.5 38 48.5 58.5 74 84.4 100.7 115.5 137.2 149.9 163 170.7 171 172.4 174.5 175.8 180.7 199.4 223.1 270.6 287.3 305 314.2 318 315.6 310.2 304.3 299.5 290.2 280 272.6 260.6 246.6 242.1 241.5 241.9 238.5 236.9 237.8 237.4 233.1 226.5 216.2 204.2 187.8 176.1 166.3 162.1 160.2 159.6 159.7 160.3 161.2 163 165.5 169.4 175.6 174.4 178.1 186.2 185.5 196 207.6 220.9 236.7 253.3 293 332.9 381.3 421.1 435.3
15.7 11 8.2 10.8 13.2 15.7 16.6 18.7 20.9 24.3 36 50.8 62.8 74.5 88 97.9 111.3 130.2 139.4 151 158.1 162.7 168.4 175.2 182.2 193 210.2 245.7 285.1 304.6 314.9 322.1 322.2 314.7 309.4 306.6 297.9 282.7 271 257.7 249.1 241.3 233.5 234.4 236.4 239.2 237.7 234.9 232.9 229.6 221.2 214.3 203.4 192.7 181.4 170.9 165.1 161.6 159.1 158.9 159.2 160.3 159.2 163.1 167.5 171.6 171.7 172.9 179.3 182.7 191.7 205.1 217.8 231.6 247.7 283 320 381.8 418.2 432.2
11.9 10.2 7.9 12.3 12.1 14.8 15.7 16.9 19.7 22.2 34 50.7 67.3 76.8 88.5 99 108.5 120.2 132.8 145.2 158.1 167.2 172.4 180 189.2 202.7 230.2 262.8 292 307.8 312.7 317.1 317.9 311.2 306.1 307.2 297.6 283.4 268.8 254.9 242.1 233.5 233.5 233.5 233.5 233.5 235 233.6 232 228.4 219.5 211.8 203.5 194.6 185.2 175.5 167.8 163.3 159.6 158.9 159.1 158.8 157 159.1 163.3 166 165.2 167.4 172.6 178.7 187.9 198.9 212.3 223.3 240.4 271.3 314 372.6 409.2 420.1
9.8 8.3 5.2 6.9 9.7 11.6 13.9 15.4 17.2 21.1 33.8 53.8 70.1 80.1 89.3 100.3 109.2 119.1 135.5 156.1 169 175.5 180.5 188.8 196.1 215.2 247.5 277 293.7 301.6 304 308.2 307.3 302.9 299 296.5 288.8 279.1 271.2 258.2 247.8 233.5 233.5 233.5 233.5 233.5 233.5 234.1 230.3 223 219.2 213.4 201.8 192.9 185 176.9 169.2 165.8 160.6 159.4 157.5 156.3 156.2 157 162.5 164.1 163.3 164.7 170.1 175.5 184 192 206.6 217.9 232 265.2 307.9 365.4 400.5 406.3
7.9 6.7 5.3 5.8 7.2 8 11.5 15.1 16.2 21.6 34.1 53 70.1 81.8 92 100 114.2 127.3 141 157.9 171.2 180.4 189.3 199.7 214.3 241.4 268.5 283.8 289.8 294.3 297.2 297.2 294.8 292.8 291.3 282.9 273.4 267.2 265.1 253.6 244.3 235 233.5 233.5 233.5 233.5 233.5 235.2 232.4 222.6 213.9 210.2 201.2 191.8 183.5 177.2 170.9 165.7 161 157.9 156.1 154.3 154.2 157.3 163 165 163.6 162 165.6 175.2 181.1 187.3 202.1 212.9 223.3 257.2 300.1 361.4 390 392.7
9.4 6 5.1 5 5.9 6.6 7.7 10.1 13.8 21.2 35.5 50.5 71.6 82.3 96 106.4 119.8 136.1 148.1 159.9 172.5 187 201.4 217 235.4 262.9 281.1 287.2 288.1 285.9 287.5 290.1 287.7 283 281 272.5 264.2 257.9 256.9 248.8 241 236.2 233.5 233.5 233.5 235.5 237.6 239.7 234.1 225.5 215.9 207 201.8 194.2 184.7 176.1 170.2 165.8 159.5 157 154 152.4 153.3 156.8 160 162.4 162.9 159.1 159 172.1 177 178.6 192.4 200.3 215.9 249.9 290 357.7 375.1 377.5
10 5.3 4.6 4.5 5 5.5 6 8.7 13.8 21.1 33.8 46.9 68 81.7 99.6 116.7 128 139.7 151.3 163.5 184.4 198.4 218.7 243.6 259.6 273.1 280.2 284.4 283.9 281.3 281.8 287.3 283.1 275.6 272.3 266.6 259.8 254.5 251.6 248.7 243.3 239.1 238.4 241.5 252.4 253.8 250.5 247.2 237.1 226.6 216.1 207.2 200.4 192 185.4 176.6 169.1 165 159.4 156.3 153.2 148.3 148.6 153.7 155.2 155.7 156 154.2 156.8 163 169.7 173.3 182.3 190.4 204.8 241.6 282.3 342.6 357.6 362.6
10.2 4.5 4.4 4.8 4.8 5.4 6.4 11.8 15.4 21.1 32.6 47.5 61.9 77.9 100.6 123.1 138.4 145.3 159.3 171.3 191.6 212.1 234.3 258.9 265.3 271.1 273.9 279.2 279.2 276.1 274.5 279.3 274.1 270.6 269.6 265.8 259 256.3 254.2 251.4 247.8 242.8 242.8 252.3 256.9 266.5 266.1 260.9 244.6 230.5 219.3 207.5 200.1 191.1 183.4 175.4 168.4 164 159.5 156.3 153.5 149.1 143.1 148.1 148.8 149 149.1 146.6 147.7 154.5 165.7 169.5 177 185.2 197.8 227.5 273 326 340.9 341.7
13.8 5.1 4.7 5.5 5.6 5.6 7.1 10.4 16.7 22.4 31.8 47.8 59.5 76.5 105.6 131.3 146.4 156.8 170.4 180.7 195.1 219.1 234.4 256.6 262.6 259.6 261.9 268 269.8 267 264 264.4 263.5 266 266 260 256.7 256.8 256.6 256 251.1 249 252.4 265.7 263.6 266.9 267.2 263.4 250.4 230.9 218.8 207.4 197.8 189 185.7 175.9 169.9 164.6 160.6 157.4 151.6 147.6 140.6 139.5 139.8 140.1 142.7 138.5 139.6 151.3 163.6 167.2 174.5 178.3 191.8 217.5 259.2 308 322.6 323.2
13.3 5.6 4.4 5.2 6.6 7.1 8.7 11.2 16.8 22.9 31.6 45.1 61.6 82.1 112.6 136.2 156 169.9 180.6 191.8 197.5 211.4 224.7 241.6 248.7 243.4 249.6 257.4 259.6 257.7 256.2 253.6 256.8 261.3 261.1 257.3 254.2 254.5 255.1 252 249.4 252 255.9 269.8 268.8 266.9 258.6 251.4 241.8 229 220.5 203.3 195 188 179.6 174.2 169.1 164.7 160.6 157.7 152.5 144.8 140.9 133.4 133.2 131.5 134 134 135.3 144.8 155 159.5 171.4 173.4 183.7 208.1 247.2 288.6 307.8 310.5
