webserver/python/data/NB22.asc
ncols 200
nrows 200
xllcorner 120000
yllcorner 920000
cellsize 50
[rows 0 to 37 of 200, columns 86 to 171 of 200]
10.7 10.6 10.4 9.8 10.4 10.4 10.1 9.2 10.4 11.4 12.3 14.1 15.4 14.2 13.5 13.3 14.5 16 17.8 15.6 15 16.1 14.5 23.7 27.7 28.2 26.9 25.8 24.7 25.6 26.8 28.7 31.1 31.7 31.8 30.9 30.2 29.6 27.9 26.2 24.1 23.7 24.2 24.7 27 30.4 30.9 31.2 31 31.3 32.9 32.7 32.8 33 32.4 31.4 31 31.3 33.1 34.8 35.4 34.8 34.2 35.9 35.2 34.8 35 34 36 38.8 40.7 41.5 42 42.6 43.9 45.1 47.3 49.5 53.6 56.6 58.6 60.2 60.7 61.6 62.4 63.4
11.7 11.7 12 12 11.7 12 11.6 10.5 10.3 11.3 12.2 13.7 12.8 12.3 13.1 13.2 11.8 14.3 15.3 15.2 20 24.8 29.8 31.4 30.2 28.2 26.9 25.6 25.4 28.9 32.1 34.7 35.3 34.8 33.7 32.3 31.4 29.2 27.6 25.8 25 25.2 24 23.2 25.1 35.3 32.1 31.5 30.2 29.5 29.7 30 31.2 31.3 30.2 29.4 29.5 30.5 33 33.3 33 32.1 31.5 34 33.6 33 37 37.7 38.1 36.1 38.4 39.8 41 42.7 43.8 45.1 46.9 49.4 53.4 55.7 57.5 59 60.2 61 61.6 62.6
13.8 14.1 14.3 15.4 16.1 15.6 14.4 11.5 9.7 11.1 11.1 10.6 11.4 13.6 15.6 15.4 15.7 15.9 15.1 19.6 27 33.1 34.3 32.2 29.6 28.3 27.1 26 30.2 35.5 38.2 38.1 37.9 36.3 35.3 34.2 30.8 28.2 26.7 26 25.9 26 26.1 25.5 26.1 32.6 31.9 29.9 29.3 28.4 28.2 28.2 28.8 29.5 29 30 30.5 31.5 31.6 32 32.6 34 33.4 34.4 34.7 36.8 37.8 38.4 37.5 36.6 37.5 39.4 41.1 42.8 43.9 45.1 46.5 48.8 52.1 55.9 57.3 58.6 59.3 59.4 59.4 59.4
16.1 16.8 17.7 19.2 20.4 18.3 15.4 13.5 11.6 10 10.1 11.6 14.2 16.8 17.7 17.7 17.5 16.3 18.2 23.4 35.2 37.4 34.5 31.6 29.7 28.7 27.8 26.7 36.8 41.3 41.6 41 39.4 37.8 36 31.7 28.7 27.4 26.9 27 26.9 26.9 26.9 26 26.9 30.2 28.1 27 30.3 28.6 29.6 29.9 29.6 29.6 29.9 31.2 31.8 31.5 32.2 32.3 33.3 34.2 35.1 35.9 36 37.1 38.5 38.5 38.2 37.9 38.5 40 41.6 42.8 44 45.2 46.5 49.5 53.8 56.5 57.4 57.5 57.1 57.2 57.6 57.1
19.3 19.6 20.9 23.4 23 19 17 15.4 13.7 12.1 11.3 13.8 16.6 19.5 19.8 19.1 18 16.8 21.3 37.7 40.1 36.9 33.5 31.6 30.1 28.9 28 30.6 39.3 44.4 44 42.2 40.6 37.7 33.4 29.5 28.1 27.7 28.3 28.1 27.9 27.9 27.7 25.3 24.2 25.9 26.3 29.7 31.2 30.6 31.2 31.6 31 30.5 30.6 31.2 31.7 31.6 32.2 32.7 33.5 34.4 35.3 35.9 36.3 38.7 40.1 40.1 40.2 40.3 39.3 40.2 41.9 43.2 44 45.2 46.6 49.9 54.4 55.9 55.5 54.9 54.7 54.5 55.1 54.3
22 21.4 21.1 25 23.4 20 18.5 17.2 15.8 14.2 12.6 15.5 18.9 21.9 22.6 21.9 20.5 19 29.2 37.8 38 34.6 33.3 31.8 30.3 29.5 28.7 32.7 39.5 44.2 45 43.2 38.7 34.3 30.9 29.2 29.1 29.3 29.3 29.1 28.9 28.6 27.2 24.2 24.2 26.2 29.6 31.4 31.7 32 32.3 32.2 31.8 31.3 30.5 30.6 31.2 31.6 31.7 31.4 33.6 34.6 35.6 35.9 39.5 40.6 41.4 41.5 41.5 41.6 41.6 40.3 43 43.8 44.5 45.3 46.7 48.4 52.3 53.4 52 52.3 52.5 52.7 50.9 51.1
22 22.6 22.7 22 21.1 22.5 20 18.6 17.3 15.7 13.9 16.6 21.1 24.5 25.3 24.5 23.2 22.9 26.4 34.3 33.7 34 33.3 31.8 31.1 30.4 29.8 34 39.5 44.8 44.3 39.8 35.1 33.1 31.4 30.2 30 30.2 30.2 30 29.4 26.4 24.2 24.2 24.2 25.4 30.2 32.2 32.6 32.9 33.1 32.8 32.5 32.1 30.5 30.4 30.6 31.1 30.3 30.3 32.6 34.3 38.1 41.1 41.8 42.2 42.8 42.8 42.9 43 41.9 40.6 43.6 44.3 45 45.6 46.4 47.3 48.3 48.9 49.6 49.3 49 48.6 48.7 49.2
22.8 25.3 23.4 21.5 21.4 22.9 21.3 19.4 17.4 15.5 15.6 18.8 26.2 27.5 26.6 25.9 25.5 25.8 28.2 30.3 33.5 34.2 33.4 32.7 32 31.3 31.1 35.4 39.8 44.7 41.4 35.2 33.9 33 32 31.5 31.3 31.1 31 30.1 27.9 24.3 24.2 24.2 25.4 29.7 31.2 32.1 33.5 33.8 33.7 33.4 33.1 32.8 32 30.4 30.3 30.3 30.3 33.9 35.9 40.3 42.6 43.3 43.7 43.7 44.1 44.1 43.5 43 40.8 42 44 44.6 45.3 45.7 46.6 47.6 48 48.5 49.2 48.9 48.5 48.1 47 47.2
26.4 26.5 25.1 23.6 23.2 23.2 22.4 20.3 18.4 15.5 16.7 30.2 30.6 29.4 28 27.2 26.7 27.2 29.3 31 32.7 34 33.9 33.2 32.4 31.4 31.6 33.9 38.2 40.1 35.6 33.8 33.1 32.4 32.3 32.1 31.9 31.5 30.6 29.6 25.7 24.2 24.2 24.2 26.3 30.9 32.4 33.2 34.1 34.6 34.3 34 33.7 33.4 33.1 31.2 30.3 30.3 33.9 37 40 42.1 44 44.6 45 45.1 44 43.5 43.1 42.7 40.3 43.6 44.3 44.9 45.6 45.9 46.9 47.8 48 48.1 48.8 48.4 48.1 47.3 45.4 45.6
26.7 27.4 26.4 25.1 24.3 24.2 22.7 20.8 17.5 14.4 22.3 34.6 33.1 31.3 30.2 28.6 28.1 28.5 30 31.6 33.2 33.7 33.9 33.3 32.1 30.7 31.5 34.4 33.1 31.2 32.1 32.3 32.1 32.7 32.6 32.4 31.6 30.2 29.9 28.9 27.6 25.4 24.2 24.2 26.1 31.6 34.1 34.9 35.5 35.7 35.3 35 34.6 34.3 33.9 30.3 30.3 31 37.9 40 41.7 42.9 45.2 45.8 46.1 45.4 44.9 43.6 42 40.9 42 43.8 44.6 45.2 46 46.2 47.1 48 48 48.1 48.4 48 47.1 46.6 42.6 42.6
27.3 28.3 27.7 26.7 25.7 25.2 23.8 23 19.4 14.9 22.3 32.9 31.7 31.8 30.5 29.3 27.8 28.8 30.2 32.4 33.1 33.5 34.3 33.7 30.9 28.8 28.8 30.8 28.8 29.9 30.1 30.8 30.5 30.6 32 31.6 29.7 29.8 29.2 28.2 27.8 27.3 24.7 24.2 29.7 33.3 35.4 36.4 36.7 37.1 36.9 36.6 36.2 35.1 32.1 30.3 30.3 37.8 40.7 42.2 42.9 43.6 46.9 47.1 46.4 45.7 45.2 44.6 43.1 43 42.7 41.9 44.9 45.6 46.3 46.4 47.4 48 48.1 48.1 47.3 47.3 42.6 42.6 42.6 42.6
26.9 28.7 28.6 28 27.1 26.8 26.3 24.4 22.2 16.5 26.9 29.6 31.8 33.7 31 28.7 27.7 27.7 30.8 32.8 33.1 33.1 35.3 34.3 31.8 28.8 28.8 28.8 28.8 29.7 29.6 28.8 28.8 28.8 28.8 28.8 28.8 29.3 30.1 30 28.8 27.9 24.2 25.6 32.8 36.8 37.5 37.6 38 38.3 38.5 38.2 35.5 33 30.6 30.3 30.3 38.6 39.9 41.8 42.7 43.7 48 47 46.4 45.9 45.5 45.2 44.8 44.2 44.2 44.4 42.4 45.4 46.3 46.7 47.7 48 47.6 47 43.9 42.6 42.6 42.6 42.6 42.6
25.5 28.2 29.1 29.1 28.2 29.7 27.9 24.1 20.6 16.6 25.2 30.4 31.2 34.2 30.7 26.4 26.1 26.8 31.7 32.9 33.2 33.6 34.6 34.5 33.1 28.8 28.8 28.8 28.8 28.8 28.8 28.8 28.8 28.8 28.8 29.3 31.6 32.1 32.3 31.1 29.9 27.9 24.2 24.2 34 35.6 36.5 38.2 38.7 39.3 39.9 38.3 36.7 35.1 32.9 30.3 30.3 36.2 39 41 42 43.1 44 46.1 46.5 46.3 46.2 46 45.8 45.3 45.4 45.5 45.3 42.6 42.6 47.5 47.1 47.3 45.5 42.6 42.6 42.6 42.6 42.6 42.6 42.6
24 27.3 29.5 30 30.4 31.5 29 22.2 18.8 17 21.3 25.5 29 33.6 29.4 24.2 24.8 28.8 30.8 32.7 33.3 33.2 34.3 34.2 34.1 32.3 30 28.8 28.8 28.8 28.8 28.8 28.8 28.8 28.9 31.5 33.2 33.3 33.4 32.5 31.1 25.9 24.2 25 30.3 33.8 35.6 38.1 40.4 41.8 40.6 39.3 37.7 36 32.8 30.7 30.3 33.8 37.8 40.4 41.5 42.6 44.7 45.2 46.6 46.7 46.9 46.8 46.6 46.5 46.3 46.2 45.7 42.6 42.6 42.6 43.1 42.6 42.6 42.6 42.6 42.6 42.6 42.6 42.6 42.6
25.8 31.3 32.8 31.5 32.1 32 28.4 23 20.4 20.1 18.1 27 28.8 27 23.8 23.2 24.2 25.8 28.5 30.8 33 34.4 35.1 34.7 34.3 33.9 31.8 29.3 28.8 28.8 28.8 28.8 28.8 28.8 29.2 33.1 33.9 34.7 34.6 33.8 31.4 24.2 24.2 24.2 29.7 33.1 36.1 39.1 41.4 41.8 41 40.1 38.6 36.1 33.7 32 31.1 33.9 37.9 39.2 40.8 44.6 45.2 45.7 46.3 47.1 47.8 47.4 47.2 46.6 42.6 44.2 42.6 42.6 42.6 42.6 42.6 42.6 42.6 42.6 42.6 42.6 42.6 42.6 42.6 42.6
27.5 33.3 32.8 33.1 33.1 31.9 28.4 25.1 21.9 19.4 17.4 21.5 21 20.8 23.4 22.6 20.9 21.6 25.2 31.3 33.4 36 36.3 36 35.3 33.5 32 29.2 28.8 28.8 28.8 28.8 28.8 28.8 28.8 33.4 34.6 35.4 35.6 33.8 28.7 24.2 24.2 24.2 28 32.9 36.9 38.4 41.2 41.7 41 40.4 39 36.7 34.5 32.9 31.9 31.5 37.4 38 40.6 43.9 46.2 46.7 47.3 47.6 48.7 47.9 46.9 42.7 42.6 42.6 42.6 42.6 42.6 42.6 42.6 42.6 42.6 42.6 42.6 42.6 42.6 42.6 42.6 47.3
28.5 34.2 31.7 32.5 35.5 30.5 28.3 27 23.4 17.4 17.4 17.4 17.9 18.4 19.7 19 21.1 27 33 35.7 38.3 38.4 37.7 36.6 34.8 33.1 31.3 28.8 28.8 28.8 28.8 28.8 29.1 29.9 28.8 28.8 32.9 36.3 35.5 32.2 27.1 24.2 24.2 24.2 30.3 33.2 36.7 38 39.2 41.4 41.6 40.9 38.7 36.6 35 33.5 32.2 31.9 34.4 37.7 40.6 43.5 46.7 47.7 48 48.4 48.6 47.9 44.9 42.6 42.6 42.6 42.6 42.6 42.6 42.6 42.6 42.6 42.6 42.6 42.6 42.6 42.6 42.6 45.6 49.4
29 30.1 30.4 30.1 32.6 28.2 27.3 27.1 20.8 17.4 17.4 18 20.7 23.1 21.7 19.9 25.9 32.3 36.8 40 39.9 38.8 38.1 36.3 34.4 32.7 29.4 28.8 28.8 28.8 28.8 28.8 31.8 32.9 31.7 29.7 31.7 40.4 33.3 31.1 26 24.2 24.2 24.2 30.3 34.9 37.5 38.1 38.4 40.6 42.5 40.2 38.2 37.4 36.2 34.7 33.2 32.4 33.4 37 40.5 43.4 46.6 47.9 48.6 49 49.3 48.7 46.7 46.6 44.3 44.6 42.6 42.6 42.6 42.6 42.6 42.6 42.6 42.6 42.6 42.6 42.6 46 48.1 50.6
29.9 29.5 29.8 26.5 26.5 23.4 17.4 17.4 17.4 17.4 22.1 22.2 24.2 25.2 20.1 22.7 27.8 40.8 42.2 41.6 40.5 38.8 38 36.1 34.1 32.9 30.8 30.2 28.8 28.8 28.8 30.7 34.8 34.8 35.6 35.1 33.6 33.5 32.8 28.7 24.2 24.2 24.2 25.8 30.3 34.1 37.7 38.2 38.8 39 41.7 39.2 38.6 37.8 36.8 35.8 34.4 33.4 33.1 38.4 40.2 43.9 46.6 48 48.8 49.6 49.9 49.6 48.7 47.6 43.7 42.6 42.6 42.6 42.6 42.6 42.6 42.6 42.6 42.6 42.6 42.6 46.9 48.5 50.1 51.6
29.5 27.8 27.5 24.5 21.6 17.4 17.4 17.4 17.4 18.1 22.9 23.5 24 20.5 20.8 25.9 32.4 45.2 42.5 41.5 39.9 39.3 37.6 34.1 32.7 31.8 32.6 30.9 28.8 28.8 30.1 34.7 35.7 36.1 38.2 37 33.8 31.3 27.2 24.2 24.2 24.2 24.2 24.2 28.3 33.1 37.2 38.2 38.2 38.2 38.2 39.1 39.1 38.2 37.2 36.2 35.2 33.2 33.8 36 41.2 43.7 46.1 48 48.8 49.6 50.4 50.7 50.2 48.5 45.2 42.6 42.6 42.6 42.6 42.6 42.6 42.6 42.6 42.6 42.6 45.9 47.9 48.9 50.3 52.1
29.5 25.4 20.4 17.4 17.4 17.7 27.2 27.7 23 22.1 25 24.4 23.1 21.1 23.9 26.5 29.5 40.6 42.4 41.1 39.6 38.1 34.9 33 32 31.1 31.5 28.8 28.8 28.8 33.3 35.5 36.2 37.4 40.9 38.8 34.6 30 24.2 24.2 24.2 24.2 24.2 24.2 29.6 34.9 37.3 38.3 38.7 38.5 39.2 39.3 39.5 38.6 37.6 36.7 35.5 33.7 35.3 38 41.3 43.8 46.2 49.4 50 50.5 51.2 51.5 50.6 49.4 47.2 45 44.6 42.6 42.6 42.6 42.6 42.6 42.6 42.6 45.7 47.8 49 50 51 51.9
24.7 20.1 17.4 18.3 30.3 32.6 32.4 30.2 25.5 23.4 24.9 21.6 19.8 23.6 24.9 26.6 30.8 34.8 41.1 40.1 38.4 36.2 33.7 32.5 31.5 30.7 29.6 28.8 28.8 29.9 35.1 36.7 37.4 39.2 42.6 40.2 34.9 31 25.7 24.2 24.2 24.2 24.2 24.2 30.9 36.3 38.2 38.5 38.8 39.6 40.5 40.2 39.3 39.4 37.9 36.1 33.9 34 36.2 38.6 41.5 43.9 46.3 50 51.8 52.1 52.2 52.1 51.1 48.9 48.1 46 42.6 42.6 42.6 42.6 42.6 42.6 42.6 42.6 45.9 48.9 50.1 51.1 52.1 53.1
22.5 17.6 26.3 24.9 32 34.7 36.3 30.5 24.2 22.5 21.7 19.2 21.7 23 25.4 26.9 30.1 34.1 35.5 35.9 36.3 35.5 33.7 32 31.1 30.7 29.3 28.8 29.3 33.6 37 40.5 39.2 40.1 43.6 40.7 36.3 31.3 25.3 24.2 24.2 24.2 24.2 24.2 30.8 36.8 38.4 38.7 39 39.9 39.9 38 38 39.5 36 34.9 32.1 34.5 36.9 39.3 41.3 43.4 46 50.9 53.6 54.4 53.8 53 51.9 48.3 45.6 42.6 42.6 42.6 42.6 42.6 42.6 42.6 42.6 44.5 47.5 48.6 49.8 51.2 52.6 53.5
22 28.9 31.9 28.3 31.5 35.7 35.5 28.5 24.8 22.5 21.9 20.4 20.1 23 25.2 27.3 30 32.6 33.8 34.8 36.1 35.7 33.8 31.9 31.2 30.8 29.4 28.8 33.5 38.2 39.1 39.9 39.4 41.1 42.4 40.7 36.5 31 24.3 24.2 24.2 24.2 24.2 24.2 34.4 37.1 38.4 38.7 39 39.4 38.6 36.4 32.9 33.6 32.1 32.1 33.9 32.1 38.4 39.2 39.5 41.1 45.8 53 55.9 56.7 55.5 53.3 50.4 47 42.7 42.6 42.6 42.6 42.6 42.6 42.6 44.1 47.5 45.4 45.6 47.3 49.4 51.3 53.3 53.7
22.4 33.7 33.3 32.1 31.6 35.2 32.6 30.2 26.4 23.8 21.6 19.5 21.8 23.9 24.7 26.6 29.2 31.2 33.1 33.9 36.8 35.5 32.6 32.2 32.4 32.1 29.6 32.5 37 39.7 40.4 40.4 42.2 43.5 45 40.8 36.4 31.4 26.6 24.2 24.2 24.2 24.2 24.2 33.4 38.3 39.1 38 38 38.8 37.5 36.1 32.1 32.1 32.1 32.1 33 32.1 34.1 34.1 37.3 43 48 55.4 58.4 56 53.3 50.7 47.9 46.3 42.6 42.6 42.6 42.6 42.6 42.6 46.6 44 47 47.4 44.4 44.4 44.4 48 49.7 49.9
25.9 32.7 34.6 33.4 31.9 32.1 34.4 32.4 28 23.1 19.8 22.1 22.8 23.6 24.5 25.8 27.1 31.4 32.8 33.1 34 34.1 33.8 33.5 33.5 33.4 30.9 34.2 36.8 43.8 45.1 44.9 46.7 47.9 46.8 42.6 37.2 33.6 30.4 27.1 24.2 24.2 24.2 29 35.8 40 39 37.3 37.6 38.1 37.5 35.1 32.1 32.1 32.1 32.1 32.1 32.1 32.1 32.1 33.6 45 49.7 53.9 57.3 54.4 50.8 48.8 47 45.4 42.6 42.6 42.6 42.6 42.6 47.1 47 44.4 44.9 44.4 44.4 44.4 44.4 44.4 44.4 47.6
29 27.5 34.7 35.3 33.4 33.3 37.3 33.8 27.5 23.7 20.8 22.5 24 24.7 25.4 26 26.5 30.2 31.9 32.2 33.1 34.5 34.9 34.7 35.8 35.7 33.3 36.3 39.6 49.6 48.3 49.6 50.6 48 45.9 42.7 40.2 37.5 35.4 32.3 28.9 24.2 24.2 26.6 36.8 38.3 36.7 36.3 38.2 39.2 37.2 33.9 32.1 32.1 32.1 32.1 32.1 32.1 32.1 32.1 36.7 44.9 49.6 51.2 52.2 50.5 49.5 48.4 46.8 45.9 45.2 42.6 42.6 44.1 44.8 44.9 44.4 44.4 44.4 44.4 44.4 44.4 44.4 44.4 44.4 49.4
32.3 27.4 31.8 35.2 35.1 36.4 41.2 33 26.8 23.8 20.7 22.8 24.6 25.3 27.1 27 27.2 27.2 29.8 31.6 33.4 34.4 34.8 36.7 40.4 38.9 35.8 37.7 43.7 47.1 50.4 51.5 51.2 49.3 48.1 45.8 43.5 41.5 40.8 36.4 30.7 24.2 24.2 24.2 25.1 32.7 33.6 35.2 37.9 39.9 38.2 34.8 32.1 32.1 32.1 32.1 32.1 32.1 32.1 34.5 39.1 41.9 44.4 47.3 48 49.3 48.9 48.2 47.3 46.7 45.2 43.9 46.2 47.1 47.2 46.6 44.4 44.4 44.4 44.4 44.4 44.4 44.4 44.4 46.4 50.2
32.6 27.9 35 37.2 37.8 38.5 36 31 27.4 23.2 22.7 24.5 25.4 27.6 29.5 28.9 28.4 28.6 29.9 31.2 33.6 35 35.7 40.7 43.8 41 39 44.2 47.5 49.6 52.3 53.6 53.1 52.9 50.9 48.8 46.5 45 42.8 39 33.3 24.3 24.2 24.2 25.4 28 31.6 36.4 40.7 41.2 39.5 36.9 33 32.1 32.1 32.1 32.1 32.1 33.1 37.1 39.6 40.9 43.1 45.7 47.3 48.5 47.7 47.2 46.9 45.9 46.1 47.7 48.3 48.8 47.3 44.4 44.4 44.4 44.4 44.4 44.4 44.4 44.4 45.1 47.6 50.1
31.8 30.6 34 38.2 39.5 37.1 35 31.4 29.1 24.1 25.4 27 28.8 31 33.4 31.8 30.3 30.3 32.2 33.5 34.2 35.9 39.2 43.6 46 43.7 44.8 47.7 50.6 52.8 54.2 56 57.3 56.7 53.8 51.7 50.3 48.9 45.8 42.4 38.2 34.3 32.4 29.6 26.5 31.9 37.6 39.4 41.4 42.4 40.3 37.5 33.3 32.1 32.1 32.1 32.1 32.1 35.5 37.2 38.9 40.3 42.6 45.5 46.7 46.2 45.2 45.4 45.7 46.3 46.9 48.3 49.4 49.2 48.5 45.9 44.4 44.4 44.4 44.4 44.4 44.4 44.4 45.7 49.3 51.3
34.2 33.6 35.3 38.8 37.5 36.5 35.8 32.2 31 26.5 28.7 29.9 29.4 35.2 38.4 35.5 32.8 33.2 36 37 37.9 35.9 40 44.4 48.2 46.2 48 50.4 52.9 56.6 57.1 60.8 62.2 63.3 59.5 54.4 57.4 52.2 48.3 45.5 45.3 41.8 34.8 28.2 26.8 33.8 38.1 41 42.6 42.9 41 38.3 35.7 32.1 32.1 32.1 32.1 32.1 33.4 35.6 37.7 39.9 43.2 45 44.5 43.6 43.5 43.9 44.4 45.9 46.9 48.8 49.6 49.3 47.3 44.4 44.4 44.4 44.4 44.4 44.4 44.4 44.4 47 50.6 52.7
36.5 35.3 36.2 37.7 35.9 33.6 31.1 30.6 27.9 30.3 32.5 32.9 34.7 42.2 41.4 38.6 36 36.1 41.2 42.2 38.2 36.5 38.6 46.7 49.2 48.2 55.2 56.2 57.8 61.6 61.5 62.4 64.7 64.6 60.9 56.5 56.7 55 51.5 49.1 51.9 43.9 31.8 26.1 30 33.2 38.4 40.8 43.7 42.7 41.1 38.8 36.2 32.1 32.1 32.1 33.1 34.1 34.7 35.6 36.9 39.8 44.2 41.7 40 39.6 41.5 42.7 43.6 45.5 46.9 48.2 48.9 48.2 46.4 45.9 46.2 46.9 45.8 44.4 44.4 45.3 47.1 49.5 52.1 54.6
38.7 37 36.8 37.2 33.2 30.2 27.3 27.3 30.8 34 37.5 37 42.9 47 45.2 42.4 40.9 46.2 47.8 44.1 39.2 37.5 38.9 43.8 51 59.5 59.9 59.9 60.2 63.8 63.5 64.7 65.8 63.8 60.1 58.3 58.7 56.5 53.8 52.5 53.5 40.2 27.4 28.3 29.8 32.2 38.8 43.5 45.1 42.8 41.1 38.3 35.9 33.7 32.1 32.1 32.7 33.6 33.7 34.8 36.3 40.1 39 36.9 36.9 37.3 38 40.3 44.5 47.2 48.7 49.3 49.8 50.3 50 50 50.4 49.3 48 46.8 46 46.5 48.6 50.8 53 54.8
40.7 38.8 36.4 33.8 31.2 27.3 27.3 28.4 34.6 40.4 42.4 42.4 46 48.4 50.1 49.1 45.5 49.7 52.8 50 46.5 42.3 47.9 50 54.1 66.1 65.9 65.9 64.4 66.1 66.1 66.8 65.3 60.6 60.6 59.6 62.2 56 52.7 50.8 46 39.2 25.9 30.8 28.4 32 42.2 46.6 46.9 43.4 40.7 37.2 35.5 33.9 32.6 32.6 34.9 34.4 33.5 33.8 33.9 35.3 35.2 33.9 33.7 34.9 34.4 39.7 46.8 48.7 49.7 50.2 50.8 52.3 53.5 53.4 52.4 51.4 50.3 49.3 48.2 47.6 50 53.3 55.4 57.4
40.9 37.2 32.7 29.6 27.3 27.3 27.6 32.5 39.9 44.7 48.1 47.5 48.5 50.8 59.4 55.5 55.8 65.5 62 57.4 56.6 52.1 53.2 56.1 59.7 69.7 72.4 72 68.1 68.9 71.9 68.6 64.8 62.9 61.8 59.4 56.5 53 50 48.9 44.3 37.4 29.5 26.9 27.3 29.6 43 45.6 47.2 42.4 39 36.7 34.6 33.2 32.7 35.7 36.4 36.1 35.3 35.4 33.8 33 33 33 33 33.7 33 44.5 47.2 49.1 51.1 51.5 52.3 55.1 55.3 54.5 53.6 52.5 51.4 49.7 48.6 48.1 51.5 57.5 59 60.3
39.7 34.5 30.2 27.3 27.3 27.3 27.3 32.1 45.2 51.6 53.8 55.2 56.2 60.4 60.8 62.2 70.1 72.9 71.9 71 65.7 59.3 57.9 61.8 63.2 76.6 78 76.9 72.6 72.8 74.5 71.7 65.5 62.8 62.5 56.6 56.2 55.2 50.6 47.2 42 35.3 32.4 25.9 26.5 27.9 38.5 43.3 44 40.1 37.6 35.6 33.6 32.2 35.1 37.6 38.6 38 37.2 37.1 35.8 33 33 33 33 33 33 42.6 48.8 50.5 51.7 52.5 54.6 56 56.2 55.6 54.7 53.4 51.8 50.2 49.1 49.1 51.1 56.8 59.2 59.8
34.6 30.6 27.3 27.3 27.9 28.5 31.2 38.8 54.5 57.5 61 62.9 63.5 65.4 66.7 70.3 80.5 83 84.7 79.6 75.1 73.2 68.2 67.2 70.2 80.9 84.4 82.2 76.1 74.2 74.7 72.2 65.4 61.8 59.1 59.9 57.7 55.5 48 44.3 40.5 36 30.1 26.3 26.4 27.9 33.9 39.3 38.8 37.7 37 35.2 33.2 33.1 38.6 41.6 40.4 39.3 38.5 37.8 37.1 35.5 33 33 33 33 33 44.4 46.9 48.8 51.5 52.3 54.6 57 57 56.5 55 53 51.4 50.6 49.9 49.8 50.7 53.9 56.8 57.9
32.6 29.2 27.3 27.3 29.8 31.1 36.6 42.2 55.9 65.5 69.2 69.6 69.7 71.1 72.6 79.8 92.1 93.6 92.5 86.5 84.3 83.9 76.1 74.9 78.2 87.4 89.6 87.2 79.8 74.7 73.2 68.2 65.4 62.7 62.4 59.7 54.1 50.3 47.5 48.5 44.1 37.8 35.1 30.9 26 28.7 33.1 36.1 37.3 37.3 35.5 34.8 31.4 39.1 44.7 43.5 41.3 40.1 39.5 38.7 37.8 36 33 33 33 33 33 34.1 43.9 48.2 51.6 52.7 54.3 57.8 57.5 56.1 54.2 52.9 52.2 51.5 50.7 50.1 50.6 52.1 59.2 62.9
