webserver/python/data/NB43.asc
ncols 200
nrows 200
xllcorner 140000
yllcorner 930000
cellsize 50
[rows 44 to 87 of 200, columns 0 to 95 of 200]
90.9 90.2 89.7 89.4 87.3 85 84 83.4 82.7 80.2 79 82.1 84.6 86.9 88.5 90.2 90.9 91.4 91.1 90.7 91.1 92 92.8 93.5 95.2 92.8 93.8 92.8 91.9 90.4 88.8 88.2 87.6 86 84.2 83.1 79.9 78.6 77 74.8 72.6 70.5 67.8 66.8 66.7 67.7 68.4 67.7 67.1 66.5 65 63.1 60.8 54.9 50.9 46.1 41.8 41.3 41.3 41 40.7 40.6 39.6 40.4 41.4 41.1 41.1 39.3 38.2 36.5 36.1 35 33.9 33 32.5 31.1 27.2 27.5 27 28.9 30.4 30.4 29.9 29.5 29.2 30.9 30.6 29.5 29.1 28.3 27.9 27.6 27.1 25.4 25.4 26.7
90.7 90 89.3 88.2 86.3 84.6 83.5 82.4 80.9 81.4 78.7 80.7 83 83.8 84.6 86.4 88.2 88.4 88.1 88.3 89.6 89.8 90.5 91.4 93.5 93.9 92.6 91.7 90.8 89.7 88.8 88.2 87.6 87 85.3 83.4 80.5 78.9 76.7 74.5 72.3 70 67.9 65.1 64 63.7 65.2 64.4 63.5 62.9 61.9 60 56.8 52.1 47.6 43 38.9 37.5 38.2 38.3 38.4 41.1 39.2 39 38.9 40.2 40.5 37.3 37 36.7 36.2 35.1 34.1 33.1 32.4 31.4 30.4 30.3 29.1 29.4 31 31.5 31.1 30.7 31.5 32.6 32.2 32.4 33 30.3 29.5 28.9 28 25.8 25 25.9
90.3 89.7 89 86.9 85.4 84.2 83.1 81.6 80.2 80.2 80.8 79.3 80.6 81.8 81.8 82.4 85.2 85.4 85.3 86.3 87 87.6 88.1 89.9 91.5 91.3 91.4 90.4 89.5 88.8 87.8 87.5 87.2 87 86.3 83.7 80.8 78.1 75.6 73.1 70.6 67.4 66.6 63.4 61.9 61.6 63.2 62.7 60.6 59.3 58.7 56.9 53.7 48.6 45.6 42.1 37.1 34.6 34.7 35.5 36.3 37.8 36.4 36.1 35.9 36.2 35.3 34.4 33.7 34.2 35 34.6 34.2 33.1 32.2 31.3 31.3 31.4 31.6 30.5 31.6 32.5 32.2 31.8 33.8 34.2 33.9 34.4 33.5 31.2 29.9 29.3 27.9 26.4 25.2 25.2
89.7 89.2 87.4 85.2 84.5 83.2 81.9 80.3 83.5 81.9 80.3 79.3 79 79.6 79.8 79.7 80 81.6 82.8 83.5 84.3 85.3 86.3 87 87.8 90.9 89.4 89.3 88.7 88 86.2 85.5 85.3 85 84.8 83.8 80.9 77.8 74.8 72.2 70 67.6 64.6 62.6 60.7 59.6 61.1 60.9 58.9 56.9 55.1 53.8 50.4 46.4 43.4 40.4 35.5 33.7 32.6 32.9 34.3 34.5 33.5 33.3 33.1 33 32.6 32 32.2 32.9 33.7 33.3 32.9 32.5 32.1 31.5 31.1 31.1 31.7 32.2 32.2 33.2 33.3 33.7 36 35.9 35.6 35.3 34 32 30.3 29.3 27.8 27 26.2 27.9
88.5 86.2 85.4 84.5 83.7 82.5 81 83.4 82.3 81.1 79.9 78.4 78.5 78 77.7 77.5 77.7 79 79.8 80.7 81.6 82.6 83.3 84.1 85.2 87.5 88.5 88.5 87.8 87.2 85.3 83.8 83.3 83 83 80.9 77.8 75.5 72.9 70.2 68.6 65.5 64.9 62.4 59.6 59 60 59.4 57.6 55.5 53.2 50.4 47.3 44.4 41.7 38.9 36.1 33.2 31.6 31.3 31 31.1 30.7 30.7 31.1 31.5 31.2 30.9 31.3 31.7 32.3 32 31.6 31.5 31.5 31.3 30.8 30.9 31.4 32 32.4 33 33.9 34 37.1 37.7 36.4 35.5 34.2 32.9 30.6 29.6 28.8 28 28 29.5
87.3 85.5 85.3 84 82.8 82 80.9 81.8 81.3 80.9 80.4 79.5 78.8 78.2 76.8 75.2 75.2 76.4 77.5 78.3 79.2 80.2 80.9 81.3 85 87.8 87.8 87.6 87 86.3 84.9 82.7 81.3 80.5 79.1 76.9 73 71.1 68.8 67.1 64.7 63.3 63.9 61 58.2 58.2 57.6 57 55.6 52.7 50.7 48.6 46.2 43.3 40.6 37.7 34.7 32.1 30.5 30 29.2 29 28.9 29.3 29.8 30 29.8 30 30.4 30.7 31 31.1 31.1 31.1 31 31.2 30.6 30.7 31.2 31.6 31.8 32 32.7 33 34.8 36.8 38 36.1 34.8 33 31.4 30.6 29.8 29.1 29.6 31.2
87 85.6 85.1 85 82.6 83.8 83.1 82.8 82.3 81.9 81 80.6 80 79 78.3 77.6 76.7 75.8 76 75.9 77 77.9 78.6 79.3 81.9 84.6 86.8 85.6 86.7 85.8 84.3 81.1 78.6 76.5 75 72.9 69.3 67 63.2 63 62.6 62.5 61.9 58.9 56.2 55.6 55 54.4 53.2 51.3 49.9 47.9 45.4 42.1 39.4 36.1 33.2 30.6 29.1 28.4 27.5 27.3 27.5 27.9 28.3 28.5 28.7 28.9 29.1 29.3 29.8 30.2 30.5 30.6 30.4 30.8 30.4 30.4 30.8 31 31.2 31.5 31.7 32.2 34 35.7 38.4 37.3 35.1 33.2 32.4 31.7 30.9 30.1 31.2 33
86.3 85.2 84.5 83.4 83.8 84.5 83.8 83.6 83.3 82.9 82.3 81.7 81 80.1 78.9 78.5 77.7 77 76.4 77.2 75.6 75.9 76.5 77.4 78.8 80.1 84.9 83.7 85.2 85.3 79.1 78.8 75.8 72.7 70.8 68.9 66.2 64.1 60.3 60 60.4 58.5 57.7 55.5 53.5 52.4 51.8 51.5 51.2 49.8 48.5 47.1 44.6 41.1 36.7 33.9 31.4 29 27.5 26.6 25.8 25.7 26.2 27 27.1 27.2 27 27.2 27.4 27.6 28.4 28.9 29.2 29.3 29.2 30 30.1 30 30.2 30.4 30.7 30.9 31.1 31.4 32.8 35.3 36.9 36.4 35.2 34 33.3 32.8 31.9 31.3 32.9 34.1
86.6 85.8 83.6 84 84.8 84.6 84.5 84.3 84.2 83.9 83.4 82.7 82 80.8 79.6 79.5 78.7 77.7 77.9 78.4 77.1 75.6 74.5 75.5 76.1 76.1 79.1 80.5 79.6 77.7 77 76.2 72.4 68.7 67.1 65.2 62.3 59.7 58.3 57.7 55.7 54.3 53 51.8 51.3 50.6 49.1 48.3 49.8 49.7 48.2 46.6 38.2 35.4 33.2 30.7 29.5 28.1 25.9 24.3 23.3 24.6 25.8 25.1 25.8 25.8 25.4 25.6 25.5 26.2 26.9 27.6 27.9 28 28 29.1 29.4 29.3 29.6 29.9 30.1 30.4 30.6 30.8 31.7 33.7 34.7 35.9 36 34.9 34.2 33.8 33.1 32.7 33.6 34.7
86.6 86.5 85.2 84.7 85.6 86.3 87.2 85.2 84.4 84.3 83.6 82.9 82.4 80.9 80.3 80.4 79.4 78.4 78.8 78.5 77.8 76.3 75.7 76.5 72.3 71.9 72.8 74.1 76.3 70.6 71.7 69.8 67.5 65.1 63.4 61.4 58.7 56.9 55.1 53.7 52.5 51.4 51.2 50.1 48.3 48.4 47.7 45.8 47.2 49.2 48.1 46.5 41 31.5 29.3 28.7 31 31.6 30.6 28.5 25 24.4 23.2 23.8 24.5 23.6 23.7 23.4 24.1 24.8 25.5 26.3 26.7 26.7 27.3 28.1 28.8 28.6 28.9 29.2 29.6 29.8 30.1 30.3 31 32.5 34.8 36.3 36.9 36.2 35.7 35.1 35 35 35 35.4
85.7 85.8 86.4 86.1 86.2 87.2 89.1 85.2 84.2 84.3 83.5 82.7 81.9 85 82.1 80.3 79.5 78.7 79.5 79.1 78.4 77.4 76.6 77.9 76.8 75.8 71.8 68.1 66.5 66.5 66.4 64.5 63.8 62.7 60.4 58.6 57.1 56.3 55.4 53 52.6 50.9 50.1 49.1 46.7 45.1 44.5 43.2 42.2 43.1 46 44.6 36.2 39.7 39.4 35.6 35 34.5 32.8 28.6 28.3 26.6 24.3 21.3 23.1 21.9 21.3 22 22.7 23.4 24.1 24.9 25.4 25.5 26.3 27.1 27.9 27.9 28.2 28.5 28.9 29.2 29.5 29.8 30.3 31.9 34.5 36.2 37.8 37.6 37.2 36.8 37.3 37.2 37.2 36.8
86.5 85 85.1 86.4 85.1 84.3 84.2 84.2 84.3 84.2 83.4 82.6 82 83.8 80.9 80 79.2 78.7 79 78.9 78.8 78.3 77.6 78.8 79.8 78.7 77.7 74.8 71.5 67.9 64.5 61.5 61.1 59.5 59.8 59.1 60.3 59.6 58.7 56.1 56.4 53 54 51.5 50.8 51.4 48 46.9 46.8 44.2 40.3 42.4 45.1 44.6 40.4 36.4 35.9 36.1 33.7 31.7 29.7 27.7 25.7 23.6 20.5 19.3 19.9 20.6 21.3 22 22.7 23.5 24.2 24.5 25.3 26.1 26.9 27.1 27.5 27.8 28.2 28.5 28.8 29.2 29.7 31.5 33.5 35.8 38.1 38.7 38.7 38.9 39.1 39.1 38.8 37.3
86.9 84.6 84.2 84.2 84.2 84.2 84.2 84.2 84.3 84.2 83.7 83 82.1 81.2 80.6 79.7 78.8 78.8 78.6 78.4 78.3 78.2 78.4 80 81.1 81.1 80.3 78.3 75.1 72.9 72.2 70.6 69.9 68.4 66.5 65.4 65.5 66.6 63 63.2 61.1 59.4 57.5 54.8 52.4 51.2 50.2 49 48.8 49.8 49.2 49.1 48.8 45.1 41.3 37.2 36.9 35.9 34.2 32.1 30.2 28.2 26.3 24.3 20.1 18.9 18.8 19.2 19.9 20.6 21.3 22.1 22.9 23.5 24.3 25.1 25.9 26.4 26.8 27.1 27.4 27.7 28 28.3 29.5 31.4 33.9 36.5 38.3 38.9 39.2 39 39.4 39.3 39 37.7
87.2 85 84.2 84.2 84.2 84.2 84.2 84.2 84.4 84.8 84 83.1 82.2 81.4 80.5 79.5 78.5 78.4 78.1 77.9 77.7 77.3 77.9 80.6 83.3 81.4 81.2 81.1 78.9 78 76.8 74.7 73.6 72.2 70.7 69.3 68.1 68.9 67.6 63.4 63.4 62.3 59.4 57.3 53.7 52.9 52.2 51.1 50.3 50.4 50.5 51.5 50 45.7 42 38 37.3 35.7 33.7 31.2 29.2 27.3 25.6 23.5 18.4 19.1 19.4 19.2 19 19.2 19.9 20.7 21.1 21.2 22.1 23 24.1 25.4 25.9 26.2 26.5 26.8 27 27.6 30.2 32.1 34.6 37.1 38.6 39.1 38.9 38.7 38.5 38.4 38.2 38.4
87.7 84.9 84.2 84.2 84.2 84.2 84.2 84.2 85.2 85.7 84.6 83.4 82.3 82.4 81.4 80.1 80.1 79.6 78.2 77.2 76.8 76.5 77 79 79.9 80.5 81 81.3 81.6 81.8 80.3 78.9 77.5 76.1 74.8 73.4 72.1 71.1 69.8 68 65.8 63.5 58.7 58.3 57.7 55.1 53.5 53.1 51.6 51.3 52 50.7 49.2 45.7 42.2 38.7 37.1 35.4 33.2 30.7 28.3 26.4 24.2 21.8 19 17.3 20.2 19.9 19.7 19.3 18.5 18.6 19 19 19.5 21.1 22.3 23.5 24.3 25.2 25.6 25.8 26.1 28.7 31.5 33.1 35.2 37.7 38.8 38.8 39.3 39 38.2 37.4 37.3 37.4
85.6 84.2 84.2 84.2 84.2 84.2 84.2 85.8 87 86.6 85.8 85.9 84.8 84.3 85.5 86.7 85.9 85.1 82.2 78.2 78 77.8 77.3 76.9 77.9 79.1 80 80.2 81.1 82.1 82 80.8 80.2 78.9 76.6 74.9 73.2 71.5 70.3 69.4 64.7 62.5 61.7 60.8 60.1 58.4 54.8 54.6 52.9 51.5 51.8 49.9 47.3 44.4 40.6 37.3 36.6 35.2 32.7 30.4 27.8 25 22.3 19.7 17 15.5 20.3 19.8 19.3 18.5 17.6 17 16.8 17 18.1 19.3 20.4 21.5 22.5 23.3 24.2 25 27.5 30.4 32.8 34.1 36 38.4 38.7 39.5 39.9 39.4 38.7 37.5 37.2 36.2
85.7 84.2 84.2 84.2 84.2 85 86.8 88.7 89.3 89.5 89.6 89.1 87.4 87.2 88.2 89.3 85.3 87.6 85.4 81.3 79.3 78.4 77.6 76.7 76.8 77.7 78.9 79.2 80.5 81.8 82.5 82.9 82.6 81.9 78.6 75.4 73.9 72 70.1 67.8 64.5 63.9 63.7 63.3 63.6 61.5 59.7 56.8 53.9 51.9 50.7 48.6 45.7 42.5 38.6 36 35.4 34.7 32.6 30.3 27.5 24.4 21.7 19.1 16.3 15.5 18.8 18.9 18.6 17.3 16.7 15.8 15.5 15.3 16.2 17.3 18.4 19.6 20.6 21.4 22.3 24.6 28.4 31.6 33.4 34.9 36.7 38.6 39.7 40.5 40.2 39.7 39.1 38.1 37.1 35.1
87.1 84.7 84.2 85.4 87.6 88.8 91.2 92.5 93.3 93.4 93.4 91.7 90 89.2 89.1 90.3 88.6 88.6 86.6 83.1 79.7 78.2 77.3 76.5 76.2 76.8 77.5 78.4 79.9 81.1 82.4 83.4 85.1 84.7 82.3 79.2 75.9 73.7 71.1 68.3 66.3 66 66.3 67.4 67.9 66.6 62.4 59.9 54.8 52.1 49.6 46.1 42.6 39.6 36.1 34.7 33.9 33.2 31.9 29.8 26.9 24 21.1 18.7 16.6 13.9 17.1 17.3 16.9 16 15.8 14.6 14.9 14.4 14.8 15.5 16.5 17.6 18.7 19.5 21.6 24.2 27.3 30.6 32.5 34.4 35.8 37.8 39.2 40.3 40.3 39.8 38.7 37.6 36 34.1
88.9 89.9 90.3 90.5 91.8 93 94.3 94.8 95 95.7 96.2 95 91.9 91.4 90.8 91 90.9 89.7 87.7 84.6 81.3 78.4 77.1 76.2 75.7 76.3 76.8 77 77.8 78.9 81.3 82.4 85.3 85 83.9 80.5 77.5 74.2 69.6 69.2 69.4 70.5 71.1 71.7 72.5 73 68.9 61.6 55.7 51.4 47.7 43.9 40.3 37.1 35 33.4 32.6 31.8 31 28.7 25.7 22.9 20.9 19.5 17.8 13.6 14.8 15.7 15.2 14.1 14.6 13.8 14.2 13.5 13.7 14.4 15.1 15.8 16.8 18.6 20.7 22.3 24.4 27.1 29.2 32.1 35.2 37 38 38.9 39.1 38.2 37.3 36.3 34.7 33
90.7 91.6 92.6 93.5 95.3 95.2 95.2 95.6 95.6 95.7 96.4 96.2 94.2 93.2 92.3 91.4 91.3 90.6 88.7 86.1 82.8 80 77.1 75.9 75.3 75.5 75.5 75.7 76.1 76.7 79.3 81.7 81.9 82.1 81.7 79.8 77.2 73.7 73.5 74.5 75.3 76 76.7 76.4 76.3 76.2 72 62.7 56.6 50.5 46.7 42 38.4 35.8 34 32.2 31.3 30.5 29.6 27.5 24.6 21.7 20.3 18.8 17.3 14.1 12.4 12.5 12.3 12.7 13.1 12.3 12.8 12.7 12.5 13.2 13.9 14.6 15.2 16.2 17.5 18.8 21.2 23.7 25.9 28.5 31.7 35 36.1 37 37.4 36.5 35.8 34.8 33.4 32.6
92.2 92.9 93.5 94.3 95.8 96 96 96.1 96.2 96.3 96.3 95.8 94.9 93.9 92.8 91.8 91.5 91.1 89.4 87.5 84.4 81.6 78.7 76.2 75.5 75.1 74.1 74.4 74.5 75 76.5 77.2 77.6 78.4 79.6 78.7 76.3 76.9 77.6 79.9 81.3 81.9 81.7 80.8 80.2 77.3 71.4 63.7 57.5 51.3 45.4 40.3 36.6 34.5 32.9 31 30.1 29.3 28.4 26.3 23.9 21.2 19.8 18.3 16.8 15.3 12.3 11.2 10.9 11.3 11.7 11.3 11 11.4 11.4 12.1 12.6 12.9 14.1 14.4 15.8 16.7 18.9 21 22.8 24.9 28.2 31.7 34 35.3 36.2 35.1 34.6 33.3 32.8 32.4
92.9 93.5 94.2 95 96.2 96.4 96.7 96.8 96.9 97 97.2 97 95.5 94.5 93.4 92.3 91.6 91.3 89.9 88.8 86.1 83.3 80.5 78.1 75.7 75 74 73.3 72.8 73.3 74.3 75.6 76.9 78.1 78.5 77.6 78.7 80 81.9 83.3 83.8 84.6 84.5 83.3 80.5 77.7 70.8 65.2 56.8 50.8 44.2 38.7 35.2 32.5 31.2 29.9 28.9 28 26.3 25.2 23.3 20.8 19.3 17.8 16.3 14.8 13.2 11.2 9.7 9.9 10.3 10.2 9.6 9.8 11.3 10.5 10.8 11.5 12.5 13.4 14.7 16.1 17.5 19.1 20.9 22.4 25.9 28.9 32 33.6 34.3 33.9 33.8 33.2 32.7 32.2
93.9 94.3 94.8 95.7 96.5 96.9 97.3 97.5 97.6 97.8 98.3 98.5 98.5 96 94 92.9 92.1 91.9 92 90.8 87.9 85 82.3 79.9 77.5 75.3 74.5 73.7 72.9 72.5 73.7 75.1 76.5 77.7 77.5 79.5 81.1 82.2 83.7 84.6 85.2 86 85.8 83.3 80.5 77.4 72.5 65.1 57.2 50.1 43.9 38.6 34.9 30.8 29.3 28.4 27.6 26.6 25 24.2 22.7 20.4 18.9 17.4 15.9 14.4 13 10.3 9.5 9.2 9.2 8.5 7.7 8.3 11.2 10.2 11.1 11.8 12.4 13.3 14.8 15.5 15.9 17.8 19.7 21 23.7 26 29.1 31.9 32.5 33.4 33.4 32.7 32.3 31.2
93.6 94 94.7 95.4 96.2 96.9 97.6 98.2 98.4 99.1 100 100.5 100.4 97.3 94.7 93.4 93.3 92.8 92.9 92.1 89.6 86.7 84.1 81 77.8 75.4 74.6 73.9 73 72.2 73.1 74.7 76.1 77.3 77.9 81.9 83.6 84.3 84.9 85.8 86 85.2 84.3 82.2 79.8 76.8 72.6 65.9 58.2 50 44.5 39.5 34.3 30 28.5 27.3 26.2 25.1 23.8 23.2 22.2 20 18.5 17.3 16.2 14.6 13.1 12.9 12.4 12 11.6 11.9 11.8 7.3 9.4 11 12 12.5 13 14.1 14.2 14.8 14.5 16.2 18 18.6 20.8 23.3 26.2 29.3 31.7 32.9 33.3 33.5 31.6 29.4
93.1 93.7 94.6 95.2 95.9 96.7 97.4 97.6 100.2 101.3 101.5 101.9 99.9 97.2 94.3 93.1 93.4 93.7 92.9 91.5 88.9 86 83.8 81.3 78.1 75.8 74.8 73.9 73.1 72.2 72.7 74.2 75.7 76.3 80.3 84.3 86.3 87 86.2 85.3 84.5 83.6 82.7 80.8 78.5 75.9 71.8 67.2 58.5 51.9 45.5 39.3 32.8 29.5 28 26.7 25.5 23.9 22.8 22.1 21.5 19.6 18.4 17.5 16.5 15.2 14.8 14.8 14.2 13.6 13.5 13.7 11.3 6.6 7 9.5 13.5 14 13.5 13.5 13.4 13.8 13.4 14.5 16.1 16.4 18.3 20.6 24.2 26.6 29.1 30.9 31.5 32.1 31 29.6
93.5 94.1 94.7 95.1 95.2 95.5 96.1 96.3 100 102.6 102.6 101.9 99.3 96.6 94 92.8 92.2 91.2 89.4 88.7 86.9 84.1 81.6 80.2 78.4 76.3 74.8 73.7 72.7 71.7 72.3 73.8 75.3 78.8 83 86.1 87.3 85.5 84.5 83.5 82.8 82.1 81.2 79.4 77.3 73.9 69.8 64.4 59.4 54.4 46.3 39.1 32.1 29.5 27.7 26.1 25 23.9 22.8 21.7 20.5 19.5 18.6 17.6 16.7 15.7 15.9 16.1 15.9 15.4 15.4 14.8 14.1 12.8 5 7.3 14.7 15.8 14.8 12.7 12.6 12.7 12.4 12.9 13.9 14.3 15.7 18.2 21.3 24.4 26.5 28.8 29.4 30.1 30.3 29.3
93.1 92.7 93.2 93 92.7 93.1 93.9 94.7 96.9 99.4 102.1 101.1 98.1 95.2 92.3 90.2 88.9 87.5 86.1 85.8 84.9 82.2 79.4 77.8 76 74.4 73 73.1 72.1 71.4 72.3 73.4 75.7 79.8 82.7 84.9 84.2 83.6 82.9 81.8 81.1 80.4 79.6 78.4 77.3 73.4 68.7 64.6 58.9 54.4 46.5 39.3 32.4 30.7 28.9 26.8 25.3 24.3 23.2 22.1 21 19.9 18.8 17.8 17.2 16.7 16.7 16.9 17 16.8 16.3 16.7 16.4 13.3 5.3 7.3 14.3 14.9 14.9 13.5 11.9 11.7 11.3 11.3 11.8 12.1 13.1 15.8 18.6 21.5 24.1 26.3 27.3 27.7 28.3 26.6
90.5 91 91.2 90.8 90.4 90.7 91.3 90.8 92.5 95 98.6 98.9 95.9 93 90 88.3 86.7 85.1 83.2 82 80.2 77.9 76.6 75 73.2 71.9 70.9 71.1 71.3 71.4 72.2 73.2 74.9 78.4 81.1 81.7 81.1 80.7 80.6 80.6 80.4 80.1 80.3 80.5 79.4 76.2 71.5 66.4 60.8 54.7 46.1 39.3 33.7 31.8 29.9 27.4 25.4 24.5 23.7 22.7 21.6 20.5 19.5 18.5 18.3 17.7 17.6 17.7 17.7 16.8 16.6 18 17.1 12.6 7.3 5.1 11.8 13.1 13.4 12.2 10.9 10.3 9.5 9.6 10.1 10.4 11.2 13.9 16.7 19.5 21.9 23.4 25.2 26 25.9 23.8
88.8 89.3 89.1 89.6 89.1 88.1 88.3 86.5 88.6 89.2 92.7 93.8 93.3 90.7 88.1 86.3 84.5 82.5 80.5 78.4 75.8 74.6 73.7 72.3 71 70.4 69.9 70.6 71.3 71.4 71.8 73 74.2 76.3 78.1 79.2 79.6 79.5 79.4 79.4 80.3 81.2 81.7 82.3 81.5 78.1 74.4 69.1 63.1 54.5 47.9 40.7 35 32.7 30.8 28.1 25.4 24.6 24.1 23.4 22.4 21.3 20.3 19.3 18.8 18.7 18.5 18.1 17.1 17 16.9 18.4 17.2 13.7 8.2 3.5 8.2 11.2 11 9.5 9.8 9.1 8.3 8.4 8.8 9.1 10.2 12 14.9 17.6 19.9 21.8 23.1 24.3 23.5 22
90 88.9 89.4 88.9 87.2 86 83.5 81.6 81.9 82.7 86.2 87.8 87.3 87 84.9 82.4 80.3 79.3 77.1 75.1 73.8 72.7 71.1 69.7 69.1 68.9 71.3 71.9 72.3 72.4 72.5 73.2 73.8 74 75.7 76.4 77.2 78.2 78.2 78.2 80.2 82.2 83 83.7 83.1 80.5 76.6 71 64.6 58.3 50.5 42.6 37.5 33.7 31.5 28.7 25.9 24.9 24.4 23.7 22.9 22.1 21.1 20.1 19.4 19.1 19 18 16.9 16.7 16.6 17.2 16.1 13.9 8.3 3.3 6.3 8.7 8.8 8.2 8.6 7.6 7.4 7.5 7.6 7.8 9.3 10.7 13 15.7 17.7 19.7 21.6 22.8 22.3 20.9
89.9 89.1 88.7 87.1 85.3 81.8 78.6 75.5 75.1 74.6 74.1 74.1 72.9 73.2 75.4 75.9 76.3 75.9 75.4 73.9 72.6 71.2 70.2 68.9 67.7 70.4 72.7 73.4 73.1 73.1 73.4 73.6 73.2 73 73.6 73.6 74.2 75.2 76.8 78.1 79.9 81.8 83.1 84.3 83.3 81.4 77 72 66.1 59.9 52.5 45.3 39.3 35.5 32.1 29.3 26.9 25.2 24.7 24 23.2 22.5 21.8 20.9 20.2 19.7 18.7 17.8 16.8 16.5 16.2 15.4 14 12.6 9 3.6 4.2 6.2 6.5 7.2 7.1 6.4 6.5 6.6 6.6 6.8 7.9 9.6 11.2 13.6 15.5 17.4 19.3 21.9 21.5 19.5
89.9 88.7 86.9 84.9 81.6 78.1 74 71.5 70.7 67.3 67.3 67.3 67.3 68.5 71.2 73.2 73.7 74.5 74.6 73.4 72.1 70.9 70 68.4 67.6 70.3 72.2 72.2 72.1 72 72.9 72.9 72.7 72.7 73.3 73.5 73.1 72.9 75.8 77.5 79.3 81.3 83.3 84.9 83.6 82.1 77.3 73.5 67.4 61 54.3 47.9 41.8 36.9 32.9 30.3 28.3 26.3 25 24.3 23.5 22.6 21.8 21 20.4 19.4 18.4 17.4 16.4 15.1 14.4 13.6 12.2 10.9 7.8 4.7 2.9 4.2 5.4 6.4 5.5 5.3 5.4 5.4 5.6 5.8 6.8 7.9 9.6 11.8 13.5 15.2 17.1 18.8 19 17.7
86.9 86.2 83.6 80.3 77.7 74.3 71.6 70.1 68.9 67.3 67.3 67.3 67.3 67.3 68.1 70.3 73 74.1 73.5 72.9 71.7 71.1 69.5 68 66.6 67 68.7 70.1 71 71.2 72.4 72.2 71.9 72.3 72.9 72.3 72 72.1 72.9 76.6 78.7 80.9 82 84.1 84.3 82.7 77.5 72.6 67.2 61.3 54.7 48.3 41.9 37.3 33.4 30.5 28.6 26.7 25 24.1 23.2 22.2 21.4 20.9 19.6 18.6 17.6 16.7 15.3 13.8 12.6 11.8 10.4 9.2 6.7 3.8 1.9 2.4 3.2 4.4 4.3 4.2 4.2 4.3 4.6 4.8 5.7 6.9 8.3 10 11.8 13.4 15 16.9 16.7 15.7
81.7 81.1 79.7 76 74.7 73.3 72 69.9 68.9 67.3 67.3 67.3 67.3 67.3 67.3 68.3 70.8 72.3 71.8 70.9 69.2 68.3 67.7 66.8 65.5 65.4 65.8 66.8 67.8 68.2 70.2 71.1 71.7 71.8 71.9 71.6 71.6 71.4 71.1 73.9 76.9 79.9 80.6 82.4 82.3 80 74.7 70.3 64.9 59.5 54 47.9 42.1 37.7 33.8 30.2 28.3 26.5 24.9 23.9 23.1 22.2 21 20 18.8 17.9 16.9 15.6 14.2 12.7 11.1 10 8.8 7.6 5.7 3 1.5 1.6 1.2 3.3 3.2 3.1 3.2 3.4 3.6 3.8 4.7 5.8 7.2 8.9 10.4 12.2 13.7 14.1 15.2 14.7
82 81.3 80.6 80.2 78.3 76.9 74.9 72.5 70.1 67.8 67.3 67.3 67.3 67.8 67.7 67.3 69.1 68.6 68.9 69.2 68.4 67.3 66.8 66.2 65.9 63.7 63.6 63.6 64 64.7 66.9 70.1 71.6 71.8 72.2 72.6 71 70.5 70.3 71.1 74.6 77.8 78.8 79.2 78.2 75.1 71.8 67.5 62.4 56.9 52.2 46.9 41.6 37.5 34.1 30.2 28 26.4 24.9 23.4 23.3 22.1 20.6 19.1 18.1 17.1 16 14.5 13 11.5 10 8.6 7.1 6 4.6 2.6 2.2 1.8 1.1 -2 2.2 2.4 2.4 2.8 2.8 2.9 3.6 4.8 6.2 7.7 9 10.8 11.8 12.3 12.8 13.5
84 85.2 85 84 81.9 80.2 77.8 75.4 72.9 71.4 70.6 71.2 70.6 71.4 71.2 70.3 70.9 71.2 71.5 71.6 71.1 69.9 69.3 69.6 68.9 66.3 65.1 64.2 61.5 61.9 64.9 67.8 70.6 74.6 74.8 74.6 73.1 71.5 69.8 69.7 70.9 72.9 74.2 74.7 72.1 69 66.2 63.5 59.8 54.5 49.5 44.8 39.8 35.7 32.8 30.1 27.9 26.3 24.8 24.3 22.9 21.5 20.1 18.6 17.4 16.3 14.9 13.4 11.9 10.4 9 7.6 6.3 4.8 3.5 2.8 2.1 1.5 1.7 -2 2.2 2.3 2.2 2.2 2.4 2.5 3.1 3.8 5.1 6.4 7.7 9.1 9.9 10.4 10.9 11.4
88.4 89.4 89.3 87.9 85.6 83 80.5 78.1 75.6 74.8 74.8 74.7 74.6 74.5 74 73.5 73.7 73.8 74.1 74 73.8 72.6 73 73.6 71.5 68.9 67.2 65.6 63.4 60.3 62.6 67 71.2 75 77.1 76.6 75.3 73.6 71.7 68.8 67.3 69 69.1 67.9 67.3 65.1 62.3 59.9 56.4 51 46.5 42.3 37.8 34.2 31.4 29.1 27.4 25.9 24.4 23.5 22.3 20.9 19.5 18.1 16.7 15.2 13.7 12.3 10.8 9.4 8.1 6.7 5.4 4 3.2 2.8 2.2 1.3 -2 -2 -2 2.1 2.1 2 2.1 2.2 2.7 3.9 3.6 4.8 6 7.3 7.9 8.6 9 9.6
92.6 93.7 93.2 91.5 88.6 85.3 83 80.8 78.3 77.7 76.3 78.7 77.3 75.7 75.1 76.5 76.4 76.5 76.5 76.3 76.2 76.1 75.8 75.7 74.4 71.6 69 64.8 61.9 59.9 62.1 66.6 72.5 74.7 77.1 79.1 77.5 75.2 72.2 69.2 66.2 65.3 65.5 65.4 64.1 61.6 59.1 56.3 52.7 47.5 43.4 38.1 34.7 32.1 30.2 28.1 26.9 25.2 23.1 22.4 21.6 20.3 18.8 17.4 16 14.5 13 11.6 10.1 8.7 7.3 5.9 4.6 3.4 3 2.5 2.1 1.6 -2 -2 -2 -2 -2 -2 2.3 2.2 2.1 2.5 2.5 2.7 3.7 5.5 6.1 6.6 7.2 8.2
96.3 96 95 91.5 89.1 86.5 84.1 81.8 79.5 78.2 78.1 76.5 75 73.6 72.3 74.1 76.1 76.4 77.1 76.9 76.3 76.4 77.4 77.5 76 71 65.9 62.2 58.4 53.3 62 63.9 67.2 71.7 78.6 80.7 77.5 74.6 72.1 69.1 66.5 64.7 62.9 63.4 61.6 59.4 57 54.5 49.2 44.1 39.9 35.7 33 30.9 29.1 27.4 25.3 23.4 22.1 21.4 20.6 19.6 18.2 16.8 15.3 13.8 12.4 10.9 9.4 8.1 6.7 5.8 5.1 4 2.7 2.4 2.2 2 2.1 2.1 -2 -2 -2 -2 -2 -2 -2 -2 -2 -2 1.1 3.4 4.5 5.5 6.8 8.2
95.5 95.5 93.2 91.2 88.9 86.4 83.9 81.6 79.4 77.7 75.2 73.5 72 70.7 70.6 72.2 74.3 75.4 76.8 76.6 75.5 75.2 76.8 74.7 72.5 66.5 61.8 58.3 55 55.8 57.8 60.2 63 64.9 67.1 71.5 72.4 73.6 71.6 69.2 66.7 64 61.7 59.7 58.5 55.5 52.9 49.2 45.5 40.8 36.7 33.8 31.4 29.9 27.7 25.6 23.7 22.6 21.7 20.7 19.6 18.9 17.6 16.1 14.6 13.2 11.7 10.2 8.9 8.1 7.4 6.6 5.8 4.7 3.1 2.8 2.6 2.6 2.6 2.3 2.1 2.1 2.1 2.1 -2 -2 -2 -2 -2 -2 -2 -2 -2 5.3 6.8 7.6
95.4 92.1 91.1 89.4 88.1 86.2 83.9 81.7 79.5 75.5 72.5 70.6 69 69 69.2 70.1 72.2 74 74.7 76 74.7 74 73.5 71.1 67.9 61.6 58 54.3 49.6 49.1 52.6 54.2 56.3 58.2 60.5 61.7 64.3 68.3 67.8 66.4 64.3 62.2 60.2 58.6 55.4 51.4 47.6 44.3 41.6 37.5 34.3 31.4 28.5 27.4 26 24.5 23.2 22.3 21.5 20.6 19.7 18.4 17.1 15.7 14.3 13 11.8 10.8 9.7 8.9 8.1 7.3 6.6 5.4 3.6 3.1 3.2 2.9 2.6 2.4 2.2 2.1 2.1 2.1 2.1 2 0.7 -0.2 -0.7 -0.9 -1.2 -1.6 -2 -2 5.9 6
89 87.5 87.3 87 87 84.6 82.8 81.5 79.1 73.1 69.3 67.6 66.5 66.7 66.9 68 67.6 69.3 71.4 73.9 74.2 72.8 69.8 65.5 60.8 56.7 54.1 51.3 48.5 41 48.6 50.7 52 53.3 55.4 56.7 58.8 60.9 62.8 62.7 62.5 60.9 58.7 57.4 52.9 48.3 45.3 41.2 37.6 34.3 31.3 28.6 27.8 27 25.6 24.2 22.8 22 21.2 20.4 19.5 18.6 17.3 16 14.9 13.9 13 11.8 10.5 9.7 8.9 8.1 7.3 6 4.2 3.5 3.2 2.9 2.7 2.4 2.3 2.1 2.1 2.1 2.1 2.1 1.1 0.3 0 -0.3 -0.7 -1 -1.5 -2 -2 3.1
84.1 82.7 83 83.5 83.2 81 78.6 75.5 72.1 67.9 66.3 65.1 64 64.2 64.7 64.6 63.7 64.4 66.7 68.8 70.6 66.4 62.4 58.3 56.2 52.9 50.9 49.2 47.2 42.7 45.3 46.8 48.3 49.6 51.5 53.8 55.8 59.3 60.7 62.1 61.8 60.9 58.9 56.1 51.5 47.7 44.2 39.3 35.7 33.5 30.5 29 27.2 26.3 25.2 23.9 22.5 21.7 20.9 20 19.2 18.4 18 17.1 16.1 15.1 14.1 12.7 11.4 10.6 9.7 8.9 8.1 6.6 5.1 3.8 3.2 3 2.7 2.5 2.3 2.2 2.1 2.1 2.1 2.1 1.4 1 0.6 0.2 -0.3 -0.7 -1.1 -1.6 -2 -2
77.7 77.6 77 77.8 75.7 73.2 70.8 68.2 67.4 64.9 65.1 63.4 62.9 61.2 60.1 60.5 60 60.6 60.9 60.7 59.3 56.6 54.4 52.4 49.6 47.9 47.1 45.2 43.7 39.3 41.1 42.8 44.7 46.5 49.4 51.9 54.8 57.7 60 61.4 61.9 60.4 58.7 54.8 50.3 46.3 42.3 38.7 35 31.5 30.1 28.8 27.5 25.8 24.7 23.5 22.2 21.3 20.5 19.7 19.3 19.1 18.8 18.1 17.3 16.3 15.1 13.7 12.3 11.4 10.6 9.5 8.4 7.5 6 4.5 3.5 3 2.8 2.6 2.4 2.2 2.1 2.1 2.1 2.1 1.9 1.4 0.9 0.5 0 -0.6 -1 -1.4 -1.8 -2
