webserver/python/data/NB53.asc
ncols 200
nrows 200
xllcorner 150000
yllcorner 930000
cellsize 50
[rows 90 to 134 of 200, columns 0 to 95 of 200]
-2 -2 -2 -2 -2 -2 -2 -2 -2 -2 -2 -2 -2 -2 -2 -2 -2 -2 -2 -2 -2 -2 -2 -2 -2 -2 -2 -2 -2 -2 -2 -2 -2 -2 -2 -2 -2 -2 -2 -2 -2 -2 -2 -2 -2 -2 -2 -2 -2 -2 -2 -2 -2 -2 -2 -2 -2 -2 -2 -2 -2 -2 19.2 24.5 28.7 31.3 31.2 30.9 32.9 36.1 40.1 44.8 48.5 52.1 55 56.2 56.7 57.2 57.5 57.4 57.4 57.2 57.3 57.3 57.3 56.5 55.4 54.5 53.7 52.8 51.5 50.1 48.7 47.3 46 43.4
-2 -2 -2 -2 -2 -2 -2 -2 -2 -2 -2 -2 -2 -2 -2 -2 -2 -2 -2 -2 -2 -2 -2 -2 -2 -2 -2 -2 -2 -2 -2 -2 -2 -2 -2 -2 -2 -2 -2 -2 -2 -2 -2 -2 -2 -2 -2 -2 -2 -2 -2 -0.9 -2 -2 -2 -2 -2 -2 -2 -2 3.7 8.3 24.3 28.8 32.6 35.5 35 34.6 35 37.9 41.5 46.3 50.9 56.7 60.3 59.4 58.9 58.9 58.8 58.7 58.7 58.5 58.5 58.5 58.6 57.6 56.2 55.4 54.5 53.3 51.6 50.3 48.9 47.5 46.1 44
-2 -2 -2 -2 -2 -2 -2 -2 -2 -2 -2 -2 -2 -2 -2 -2 -2 -2 -2 -2 -2 -2 -2 -2 -2 -2 -2 -2 -2 -2 -2 -2 -2 -2 -2 -2 -2 -2 -2 -2 -2 -2 -2 -2 -2 -2 -2 -2 -2 -2 -2 1.5 12.5 12.6 -2 -2 15.2 17.7 22.2 21.1 23.8 23.6 28.2 33.6 37.2 39.6 40.1 40 35.6 39.6 42.9 47.7 52.6 59.4 66.9 64.9 61.7 60.2 60.1 60 60 59.8 59.6 59.8 59.8 58.6 57.2 56.3 55.8 54.4 52.2 50.4 49.1 47.7 46.2 44.6
-2 -2 -2 -2 -2 -2 -2 -2 -2 -2 -2 -2 -2 -2 -2 -2 -2 -2 -2 -2 -2 -2 -2 -2 -2 -2 -2 -2 -2 -2 -2 -2 -2 -2 -2 -2 -2 -2 -2 -2 -2 -2 -2 -2 -2 -2 -2 -2 -2 -2 -2 7.6 13.6 16.9 19.5 19.7 23.5 26.7 29.7 30.9 31.5 31.8 32.4 37.7 41.4 42.8 43.2 42.7 37.7 41.8 44.8 49.5 54.2 59.3 65.4 67.6 65.4 62.3 61.4 61.3 61.3 61 60.8 61 61 59.6 58.3 57.1 57.3 55.4 52.6 51 49.3 47.8 45.3 44.3
-2 -2 -2 -2 -2 -2 -2 -2 -2 -2 -2 -2 -2 -2 -2 -2 -2 -2 -2 -2 -2 -2 -2 -2 -2 -2 -2 -2 -2 -2 -2 -2 -2 -2 -2 -2 -2 -2 -2 -2 -2 -2 -2 -2 -2 -2 -2 -2 -2 -2 1.3 11.4 16.3 20.5 24.3 25.8 28.8 33.2 36 38.1 39.5 40.5 41.9 42 45.4 47.3 47.7 46 40.8 45.1 48.2 52.1 55.9 59.7 62.6 65.6 67.2 65.6 63.7 62.7 62.6 62.3 62 62.1 62 60.7 59.5 59.2 58.8 56.4 53.4 51.7 48.1 48.4 46.8 46
-2 -2 -2 -2 -2 -2 -2 -2 -2 -2 -2 -2 -2 -2 -2 -2 -2 -2 -2 -2 -2 -2 -2 -2 -2 -2 -2 -2 -2 -2 -2 -2 -2 -2 -2 -2 -2 -2 -2 -2 -2 -2 -2 -2 -2 -2 -2 -2 -2 -2 1.5 15 18.8 22.8 27.7 31.4 34.5 38.6 42.4 44.3 46.3 47.4 48.2 47.7 51.5 52.3 52.9 51.4 47.7 49 51.8 55.4 58.4 61.7 64.1 65 66.9 66.7 65.7 63.5 63.1 62.4 63 63.5 63.4 62.5 62.9 61.9 60.5 56.1 54.6 53.4 51.9 50.2 48.6 47.4
-2 -2 -2 -2 -2 -2 -2 -2 -2 -2 -2 -2 -2 -2 -2 -2 -2 -2 -2 -2 -2 -2 -2 -2 -2 -2 -2 -2 -2 -2 -2 -2 -2 -2 -2 -2 -2 -2 -2 -2 -2 -2 -2 -2 -2 -2 -2 -2 -2 1.7 10.6 16.8 20.1 24.4 29.9 34.7 39.2 42.6 46.9 49.9 52 53.5 53.9 53.1 54.4 55.9 55.8 54.8 52.5 53.4 55.4 58.4 61.5 64.5 66.1 68.4 69.2 68.2 67.4 66.4 66.1 65.5 66.5 66.6 66.5 66.4 65.9 64.9 63.1 60.6 58.7 56.1 53.9 52.2 50.5 48.8
-2 -2 -2 -2 -2 -2 -2 -2 -2 -2 -2 -2 -2 -2 -2 -2 -2 -2 -2 -2 -2 -2 -2 -2 -2 -2 -2 -2 -2 -2 -2 -2 -2 -2 -2 -2 -2 -2 -2 -2 -2 -2 -2 -2 -2 -2 -2 -2 -2 -2 10.2 15.5 21.1 25.7 32.1 37.1 41.7 46.4 50.8 54.5 57 59 59.1 57.7 57.1 57.9 57.4 56.9 53.5 56.6 58.4 61.9 65.2 68 72.4 72.8 72.3 71.1 70 68.9 68.9 68.8 69 69.1 69 68.6 68.5 67.7 67.4 66.9 62.4 58.9 56.1 54.4 52.6 49.9
-2 -2 -2 -2 -2 -2 -2 -2 -2 -2 -2 -2 -2 -2 -2 -2 -2 -2 -2 -2 -2 -2 -2 -2 -2 -2 -2 -2 -2 -2 -2 -2 -2 -2 -2 -2 -2 -2 -2 -2 -2 -2 -2 -2 -2 -2 -2 -2 -2 -2 1.6 15 22.1 28.2 34.3 39.3 44.5 49.9 54.6 57.6 60.1 62.9 63.5 61.7 59.9 59.3 58.7 58 58.2 59.9 61.3 65 70.3 77.6 79.5 79.6 76.8 74.1 72.4 71.4 71.3 71 70.6 71 71 70.8 71.2 71.4 70.9 68 64.7 61 58.1 56.4 52.4 50.5
-2 -2 -2 -2 -2 -2 -2 -2 -2 -2 -2 -2 -2 -2 -2 -2 -2 -2 -2 -2 -2 -2 -2 -2 -2 -2 -2 -2 -2 -2 -2 -2 -2 -2 -2 -2 -2 -2 -2 -2 -2 -2 -2 -2 -2 -2 -2 -2 -2 -2 1.7 18.4 24.9 31.4 36 40.2 45.9 51.9 57.3 60.7 63.2 66 66.6 65.1 63 61.7 60.9 60.1 60.1 61.8 64 69.1 76.4 82 81.9 80.3 77.7 75.5 74.6 73.8 73.2 72.6 71.9 72 72.6 72.9 73.3 73 70.6 68.1 65.1 61.8 57.4 54.8 52.6 50.6
-2 -2 -2 -2 -2 -2 -2 -2 -2 -2 -2 -2 -2 -2 -2 -2 -2 -2 -2 -2 -2 -2 -2 -2 -2 -2 -2 -2 -2 -2 -2 -2 -2 -2 -2 -2 -2 -2 -2 -2 -2 -2 -2 -2 -2 -2 -2 -2 -2 -2 14 20.8 27.2 33.7 38.6 42.2 46.8 52.4 56.7 61.3 65.5 67.6 68 67.2 65.8 64.9 64.2 62.8 62 64.2 66.7 69.5 73.3 77.2 80.2 79.4 78.1 76.7 75.3 75 74.8 74.2 73.5 72.9 73.4 74 73.7 72.8 70.5 68.1 65.5 60.9 57 54.3 52.3 50.3
-2 -2 -2 -2 -2 -2 -2 -2 -2 -2 -2 -2 -2 -2 -2 -2 -2 -2 -2 -2 -2 -2 -2 -2 -2 -2 -2 -2 -2 -2 -2 -2 -2 -2 -2 -2 -2 -2 -2 -2 -2 -2 -2 -2 -2 -2 -2 -2 -2 -2 18.6 24.4 30 35.4 40.8 46.2 50.5 54 59.2 62.9 67.1 69 69.6 69.3 68.1 67.6 66.4 65.6 64.7 66.2 67.8 69.2 72.2 75.4 78.3 78.6 77.9 76.6 75.9 75.8 75.5 75.2 75.1 74.5 74.3 74.7 74 72.2 69.6 67.3 64 57.3 56.4 54 52.1 50.1
-2 -2 -2 -2 -2 -2 -2 -2 -2 -2 -2 -2 -2 -2 -2 -2 -2 -2 -2 -2 -2 -2 -2 -2 -2 -2 -2 -2 -2 -2 -2 -2 -2 -2 -2 -2 -2 -2 -2 -2 -2 -2 -2 -2 -2 -2 -2 -2 -2 3 20.3 26.1 32.2 37.7 44.7 50.3 54.8 59.7 62.5 64.9 67.9 69.8 70.6 70.3 70.3 69.9 69.3 67 66.6 67 68.1 69.3 71.9 75.1 77.6 78.4 77.8 76.7 76.6 76.5 76.3 76 75.7 75.6 75.5 75.1 74.1 71.5 69 66.4 63.1 58.4 55.7 53.8 51.4 49.3
-2 -2 -2 -2 -2 -2 -2 -2 -2 -2 -2 -2 -2 -2 -2 -2 -2 -2 -2 -2 -2 -2 -2 -2 -2 -2 -2 -2 -2 -2 -2 -2 -2 -2 -2 -2 -2 -2 -2 -2 -2 -2 -2 -2 -2 -2 -2 -2 -2 1.7 19.2 26.2 33.5 40.7 47.1 53.5 59.5 63.7 65 65.6 68.2 69.5 70.6 70.7 71.5 71.9 71.7 69.9 68.6 68.5 68.5 69.7 71.9 75.2 76.9 77.9 77.7 77.5 77.4 77.3 77.1 76.8 76.5 76.2 76 74.1 72.9 70.3 67.7 65.1 61.2 56.8 54.8 52.6 50.9 49.5
-2 -2 -2 -2 -2 -2 -2 -2 -2 -2 -2 -2 -2 -2 -2 -2 -2 -2 -2 -2 -2 -2 -2 -2 -2 -2 -2 -2 -2 -2 -2 -2 -2 -2 -2 -2 -2 -2 -2 -2 -2 -2 -2 -2 -2 -2 -2 -2 -2 10.9 26.8 32.4 41.7 48.5 54.4 58.7 62.1 65.8 66.9 67.3 68.3 69.5 70.7 71.8 72.9 74 73.3 71.1 69.6 69.3 69.5 70.3 72 74.8 76 77.1 78.8 78.3 78.1 78.1 77.9 77.6 77.3 76.2 75 73.3 71.7 69 66.4 62.8 59 55.9 54 52.7 51.3 50
-2 -2 -2 -2 -2 -2 -2 -2 -2 -2 -2 -2 -2 -2 -2 -2 -2 -2 -2 -2 -2 -2 -2 -2 -2 -2 -2 -2 -2 -2 -2 -2 -2 -2 -2 -2 -2 -2 -2 -2 -2 -2 -2 -2 -2 -2 -2 -2 -2 17.9 30.6 41.5 49.5 55.8 58.9 61.5 64.7 66.9 68.3 68.8 69.6 70.9 72.1 73.2 74 75 74.2 71.9 70.6 70 70.5 71.3 72.1 74.2 75.7 77.3 78.9 80.8 80.3 79.8 78.3 76.8 75.8 74.6 73.3 71.9 70.5 67.7 64.9 61.3 58.1 55.4 53.8 52.9 51.8 50.4
-2 -2 -2 -2 -2 -2 -2 -2 -2 -2 -2 -2 -2 -2 -2 -2 -2 -2 -2 -2 -2 -2 -2 -2 -2 -2 -2 -2 -2 -2 -2 -2 -2 -2 -2 -2 -2 -2 -2 -2 -2 -2 -2 -2 -2 -2 -2 -2 15.9 30.7 38.5 48.3 55.5 60.5 63.6 65.9 67.3 68.1 69.6 70.4 71.2 72 73.5 74.3 75.4 76.4 74.9 73 71.6 70.8 71.6 72.3 73 74.7 75.8 77.4 79 81 81.7 80.2 78.4 76.6 74.9 73.7 72.7 71.6 69.5 66.6 63.9 60.7 57.5 55 53.7 53.4 52.1 50.9
-2 -2 -2 -2 -2 -2 -2 -2 -2 -2 -2 -2 -2 -2 -2 -2 -2 -2 -2 -2 -2 -2 -2 -2 -2 -2 -2 -2 -2 -2 -2 -2 -2 -2 -2 -2 -2 -2 -2 -2 -2 -2 -2 -2 -2 -2 -2 17.3 29.6 37.5 45.7 53.1 58.6 64.7 68 69.4 70.1 69.5 70.7 71.9 72.8 73.4 75 77 77.7 77 76 74.2 72.9 72 72.5 73.2 73.9 75.2 76.2 77.5 80.1 81.2 82.4 80.6 78.8 76.9 75.6 73.8 72.4 71.3 68.6 66 63.4 60.3 57.3 55.2 54 53.3 52.5 51.4
-2 -2 -2 -2 -2 -2 -2 -2 -2 -2 -2 -2 -2 -2 -2 -2 -2 -2 -2 -2 -2 -2 -2 -2 -2 -2 -2 -2 -2 -2 -2 -2 -2 -2 -2 -2 -2 -2 -2 -2 -2 -2 -2 -2 -2 -2 2.1 29.5 39.5 47.4 52 56.4 62.1 67.3 70.2 72.3 72.4 71 70.6 71.8 74 74.8 77 78.5 79.2 78.1 77 75.5 74 73.5 74 74.5 75 75.6 76.7 78.3 81.3 82.5 82.3 80.9 79.1 77.2 76.2 74.8 72.4 70.8 68 65.4 62.8 59.8 57.9 55.9 55.1 54.4 53.9 53.3
-2 -2 -2 -2 -2 -2 -2 -2 -2 -2 -2 -2 -2 -2 -2 -2 -2 -2 -2 -2 -2 -2 -2 -2 -2 -2 -2 -2 -2 -2 -2 -2 -2 -2 -2 -2 -2 -2 -2 -2 -2 -2 -2 2.1 1.6 24.2 28.3 39.7 47.4 52.9 57.6 61.5 65.5 69 72.3 73 72.1 72.2 71.3 73.8 75.5 76.8 78.2 78.9 79.5 79.2 78 76.7 75.2 74.9 75.4 75.9 76.3 76.4 77.5 79.4 81.3 82.7 82.1 80.8 79.3 77.5 76.9 75.4 72.8 70 68.7 65.8 62.8 60 58.4 56.9 56.2 55.5 54.9 54.3
-2 -2 -2 -2 -2 -2 -2 -2 -2 -2 -2 -2 -2 -2 -2 -2 -2 -2 -2 -2 -2 -2 -2 -2 -2 -2 -2 -2 -2 -2 -2 -2 -2 -2 -2 -2 -2 -2 -2 -2 -2 -2 -2 21.3 26 31.4 39.1 45.8 51.7 55.5 59.2 62.8 66.6 70.8 71.7 72.3 71.9 71.2 71 74.6 76.8 77.1 77.6 78 78.4 78.7 78 77.5 76.4 76.4 76.7 76.8 76.9 77 78 79.3 80.6 82.2 81.8 80.6 79.1 77.4 75.4 73.9 72.4 69.3 67.9 66.6 63.6 61.3 59.4 58.3 57.5 56.7 55.9 55.2
-2 -2 -2 -2 -2 -2 -2 -2 -2 -2 -2 -2 -2 -2 -2 -2 -2 -2 -2 -2 -2 -2 -2 -2 -2 -2 -2 -2 -2 -2 -2 -2 -2 -2 -2 -2 -2 -2 -2 -2 -2 -2 20.7 25.5 30 34.7 41.6 47.8 52.8 56.8 60.3 63.5 66.7 68.5 68.7 69.3 70.4 67.2 71.4 73.5 75.4 76.1 76.5 77 77.5 78.4 78 77.6 77.1 77.2 77.3 77.4 77.5 77.6 78.4 79.6 80.8 82.2 81.8 80.3 78.6 76.8 74.7 72.6 70.6 68.6 67.2 65.8 64.4 63.1 62 61.1 60.2 58.8 57.5 55.8
-2 -2 -2 -2 -2 -2 -2 -2 -2 -2 -2 -2 -2 -2 -2 -2 -2 -2 -2 -2 -2 -2 -2 -2 -2 -2 -2 -2 -2 -2 -2 -2 -2 -2 -2 -2 -2 -2 -2 -2 -2 -2 8.6 28.9 33.2 38 43.8 49.7 53.4 56.7 59.3 61.9 65 66.2 66.2 66.1 64.6 69.4 70.9 72.2 73.9 75.4 75.8 76.2 77.2 79 78.5 78.1 77.9 78.1 78.2 78.2 78.2 78.3 78.8 80 81.2 82.3 82.2 81 78 76.2 74.1 72 70 68.4 67.5 66.3 66 65.9 64.7 62.8 61.4 60 58.7 56.3
-2 -2 -2 -2 -2 -2 -2 -2 -2 -2 -2 -2 -2 -2 -2 -2 -2 -2 -2 -2 -2 -2 -2 -2 -2 -2 -2 -2 -2 -2 -2 -2 -2 -2 -2 -2 -2 -2 -2 -2 -2 1.9 24.7 28.7 35.6 39.3 45 49.6 53 56.2 58.7 61.1 62.8 63.9 63.9 63.5 66 67.7 69.9 71.8 73.6 75.4 76 76.4 78 79.3 79.3 78.6 78.7 79.1 79.1 79.1 78.9 78.7 78.9 80.5 81.7 82.9 82.8 81.5 77.4 75.6 73.5 71.5 69.8 68.4 67.4 66.9 67.2 67.4 67.3 65 62.6 61.2 59.6 56.9
-2 -2 -2 -2 -2 -2 -2 -2 -2 -2 -2 -2 -2 -2 -2 -2 -2 -2 -2 -2 -2 -2 -2 -2 -2 -2 -2 -2 -2 -2 -2 -2 -2 -2 -2 -0.9 -2 1.2 1.6 17.5 2.2 17.5 29.7 32.9 31.7 40.1 44.9 48.8 52.5 55.6 58.1 60.5 61.4 61.7 61.9 63.8 65.7 65.6 68.3 71.1 73.3 75.2 76.2 77.2 78.8 79.9 80.2 79.2 79.6 79.7 79.5 79.3 79.1 78.9 78.7 80.8 82.3 83.2 83.1 81.9 78.3 75 73 71.2 69.8 68 67.4 67.1 67.3 68 67.8 66.7 64.6 62.6 60.1 57.8
-2 -2 -2 -2 -2 -2 -2 -2 -2 -2 -2 -2 -2 -2 -2 -2 -2 -2 -2 -2 -2 -2 -2 -2 -2 -2 -2 -2 -2 -2 -2 -2 -2 -2 0.6 1.5 -1.7 15.6 17 20.6 23.8 26.6 31.4 35 37.6 37 43.7 48 51.8 55 58 59 59.8 60.3 61.8 62.2 63.2 65.3 67.4 69.7 72.4 74.8 76.3 78.1 79.4 80.1 80.1 79.7 79.5 78.9 79.1 79.4 79.3 79.1 78.9 80.4 82.6 83.6 84 81 77.2 74.4 72.4 69.8 68.9 68.1 67.4 67.3 67.3 67.1 66.9 66.1 65 63.8 62.6 61.4
-2 -2 -2 -2 -2 -2 -2 -2 -2 -2 -2 -2 -2 -2 -2 -2 -2 -2 -2 -2 -2 -2 -2 -2 -2 -2 -2 -2 -2 -2 -2 -2 -2 -2 -2 14.3 10.6 17 19.1 23.2 26.7 29.9 33 35.6 38.8 41.4 42.4 46.9 51.4 54.6 56.4 57.2 58.3 60.5 61.4 62 63.2 65.1 67.2 69.3 71.4 73.7 76.2 78.3 79.1 79.7 80.1 79.7 79 78.3 78.1 78.4 78.8 79.1 79.1 80 82.5 83.2 82.6 79.4 75.9 73.8 71.2 70 69.2 68.4 67.8 66.6 66.4 66.2 66 65.1 65.3 65 64.7 64.3
-2 -2 -2 -2 -2 -2 -2 -2 -2 -2 -2 -2 -2 -2 -2 -2 -2 -2 -2 -2 -2 -2 -2 -2 -2 -2 -2 -2 -2 -2 -2 -2 -2 -2 16.1 15.6 12.4 17.7 21.6 24.7 28 31.3 33.4 35.3 39.5 43 45.3 47.5 50.4 53.8 55.8 57.8 58.5 60.6 61 62.2 63.4 64.8 67 69.1 71.2 73.1 74.5 76.7 77.6 78.7 79.8 79.2 78.5 77.8 77.4 77.4 77.7 78.1 78.4 79.6 82.1 82.2 79.9 77.6 75.3 73.2 72.3 71.1 69.8 69 68.3 66 65.5 65.3 65 64.5 65.9 65.8 67.1 66.9
-2 -2 -2 -2 -2 -2 -2 -2 -2 -2 -2 -2 -2 -2 -2 -2 -2 -2 -2 -2 -2 -2 -2 -2 -2 -2 -2 -2 -2 -2 -2 -2 -2 1.9 17.5 16.6 12.5 17.1 22.6 25.8 29.1 31.5 33.6 35.4 38.8 42.6 45.7 48.3 50 51.8 54.5 56.7 60.1 60.2 61.3 62.5 63.7 64.8 66.7 68.8 70.7 71.5 72.8 75.5 77.1 78.7 79.1 78.5 77.9 77.3 76.6 76.6 76.7 77 77.4 78.1 79.7 79.1 77.8 76.7 74.9 74.4 73.4 72.2 70.8 69.5 68.2 65.8 64.9 64.5 64.1 65.1 66.4 67.4 69.6 69.7
-2 -2 -2 -2 -2 -2 -2 -2 -2 -2 -2 -2 1.5 -2 -2 -2 -2 -2 -2 -2 -2 -2 -2 -2 -2 -2 -2 -2 -2 -2 -2 -2 2.1 17.2 19.2 19.1 16.4 13.9 21.6 26.8 29.5 31.6 33.1 34.6 36.9 41.5 44.4 47.1 49.4 51.1 52.7 54.9 57.5 59.8 61.3 62.7 63.9 65.1 66.5 68.3 69.7 71.6 73.6 75.9 77 78.7 78.5 77.9 77.3 76.7 76 76 75.5 75.6 76.2 76.8 77.1 77.3 77.5 76.2 75.5 75.5 74.5 74.3 73.4 72.5 69.2 66.4 64.5 64.1 63.5 64.6 66 68 71.2 68.1
-2 -2 -2 -2 -2 -2 -2 -2 -2 -2 -2 17.7 25.5 2 -2 -2 -2 -2 -2 -2 -2 -2 -2 -2 -2 -2 -2 -2 -2 -2 20.3 6.2 20 20.4 21 20.7 18 18.4 15.7 23.3 29.4 30.8 32.2 33.8 36 39.9 43.2 46.3 48.4 50.1 51.6 53.9 56.3 58.6 60.8 62.3 63.6 64.9 66.1 68.1 70.5 72.5 74.5 76.3 77.3 78.2 77.8 77.2 76.6 76 75.4 75.3 74.8 74.8 75.4 76 76.8 76.7 76.7 76.1 76.9 77.6 78.2 79.4 79.1 77.8 73.2 68 65.2 64.4 63.2 63.3 65.1 67 67.3 67.7
-2 -2 -2 -2 -2 -2 -2 -2 -2 -2 -2 -2 33.1 34 1.9 -2 -2 -2 0.2 -0.6 -2 -2 -2 -2 -2 -2 -2 -2 -2 17.7 18.4 22.9 23.6 23.9 23.8 23.5 21.8 22.4 22.7 20 24.4 28.9 30.8 32.4 34.7 37.9 41.3 44.9 46.8 48.5 50 52.3 54.7 57.1 59.5 61.9 63.1 64.1 65 66.7 69 71.3 73.6 77 78.1 77.7 77.1 76.6 76 75.4 74.9 74.5 74.1 74.2 74.6 75.2 75.9 76.5 76.4 77.7 79.3 80.4 82.2 84 82.8 80.9 76.7 71.1 66.6 64.2 62.7 62.6 64.2 65.6 66.3 66.7
-2 -2 -2 -2 -2 -2 -2 -2 -2 -2 -2 -2 35.6 45.6 38.5 18.4 11.7 17.4 32.7 2 1.2 1.7 -2 -2 -2 -2 -2 -2 2.1 23.8 25 26.4 26.9 27.2 27 26.7 25.2 21.8 25.8 26 24.6 22 25.5 28.8 32.2 35.3 37.2 40.9 44.1 46.3 47.9 50.8 53.2 55.6 58 60.5 61.7 62.8 63.9 65.4 67.6 69.8 74.4 77.7 78.3 77.5 76.8 76 75.4 74.8 74.3 73.7 73.4 73.7 74 74.4 75 76.1 76.3 78.8 80.6 82.7 84.8 85.1 84.4 82.8 79.5 74.2 68.1 64.3 62 62 63.2 64.1 64.9 65.6
-2 -2 -2 -2 -2 -2 -2 -2 -2 -2 -2 22.7 38.9 48.9 47.9 38.5 46.5 45.1 44.1 42 37 32.9 2 0.4 -2 -2 -2 0.4 10.5 29.1 28.7 29.8 30.1 30.4 30.2 30.1 27.6 26.1 29.2 28.2 27 27.4 27.2 26.3 26 28.9 32 36.7 40.7 43.1 46.2 49.2 51.7 54.1 56.6 59.1 60.4 61.8 63.2 64.6 66 70.2 74.9 77.9 78.3 77.6 75.7 74.7 74.6 74.3 73.7 73.1 72.8 73.1 73.5 73.8 74.2 75.1 77.4 79.8 82.1 84.2 85.2 85.5 85.4 84.2 82.1 78.2 70.2 65.1 62.1 60.4 60.5 61.9 62.7 64
-2 -2 -2 -2 -2 -2 -2 -2 -2 -0.3 5.3 29 49 50.4 50.3 48.7 48.2 45.8 43.5 42.1 38.8 32.8 22.9 13.9 5.5 2.1 6.3 17.6 28.8 32.8 32.8 33.1 33.4 33.6 33.4 32.6 26.4 30.4 31.2 30.4 29.5 29.6 29.6 31 32.8 32.1 33.2 29.9 33.8 40.8 44.8 48 50.9 53.6 56.6 58.3 59.7 61.1 62.5 63.9 65.5 68.1 72.7 76.4 77.6 76.7 74.6 73.4 73.3 73.3 73.1 72.5 72.2 72.6 72.9 73.3 73.8 76 78.5 80.9 82.7 83.9 85 85.7 85.7 85 84.2 80.9 73.4 66.1 62.5 59.7 57.9 59.7 61.1 62.3
-2 -2 -2 -2 -2 -2 20.2 12.4 1.6 11.6 29.8 38.3 50.9 52.4 51 49.6 49.1 46.2 43.7 41.3 36.4 38.4 40.1 40.3 39.2 37.2 35.7 31.6 37.6 37 36.8 37 36.9 36.5 35.7 33.9 26.5 31.5 32.6 32.1 32 32 32.3 33.1 34.8 36.2 37 37.4 37.3 41 45.5 48.7 51.7 54 56.8 57.6 59 60.4 61.8 63.3 64.9 67.3 70.6 74.7 75.8 74.9 73.5 72.1 72 72 71.9 71.9 71.7 72.1 72.7 73.3 73.9 77.2 79.7 81 81.9 83.1 83.8 84.2 84.7 85.4 84.2 81.7 75.1 67.4 62.7 59.6 56.5 57.5 59.7 60.6
-2 -2 -2 -2 -2 4.4 21.4 25.5 26.2 29.6 36.9 49.6 52.9 52.4 50.9 49.3 47.6 45.9 44.3 42.6 42.3 43.1 42.7 42.8 42.4 41.1 41.2 42.1 41.7 40.5 40.2 39.8 40.1 40.6 37.9 29.1 32.8 35.8 35.3 34.5 34.9 34.9 35.2 36.2 37.1 38.1 40.5 40.3 36.9 41.5 45.9 49.2 51.8 54.5 56.2 57 58.3 59.7 61.2 62.8 64.4 66.6 69.2 72.9 74.2 73 71.6 70.7 70.6 70.5 70.5 70.5 71.2 71.8 72.4 73 74.6 77.5 79.4 80.2 80.9 81.4 81.8 82.5 83.7 84.3 84.4 82.4 77.4 69.7 63.1 58.9 55.4 56 58.6 61.2
-2 -2 -2 -0.2 -2 20.4 24.7 31.2 41.2 39.9 51.2 52.6 52.6 52.1 51.3 50 48.5 46.7 45.1 43.8 44.4 45.1 45.4 45.2 44.7 44.2 43.6 42.2 41.7 41.4 40.3 39.9 40.9 40.9 38 28.5 38.6 39.3 39.1 37.5 37.6 37.9 38.6 39.1 39.7 41 42.8 39 35.9 41.2 44.2 48.8 51.6 54.3 55.6 56.4 57.6 59 60.6 62.2 63.9 66 68.6 71.2 72.3 71.3 70.1 69.2 69 69 69.1 70.2 70.8 71.3 71.8 72.4 74.4 76.3 77.8 77 76.5 76.9 77.4 77.9 80.7 83.1 83.8 82.9 79 70.9 63.2 57.4 54.5 53.9 56.9 60.4
-1 -0.2 0.4 2.1 18.5 21.8 26.5 34.4 43.3 50.3 53.1 52.5 52.3 52.6 52.1 51 49.5 47.6 45.8 45.4 46.2 46.9 47.7 47.5 47 45.4 44 42.9 41.7 41.2 39.4 37.7 39 40.4 38.9 30.9 40 46.1 42.9 41.2 39.9 41.7 41.8 42.3 42.7 43.8 42.4 39.7 39.4 37.3 42.4 47.2 49.3 51.4 54.5 55.8 56.9 58.5 60.1 61.7 63.3 65.3 67.5 68.5 69 69.1 68.8 67.9 67.6 67.7 69 69.8 70.3 70.8 71.3 72 72.7 74.1 74.8 73.3 73.2 72.5 72.8 73.3 75.5 78.1 81.2 80.7 75.1 67.6 60.7 55.7 52.8 50.9 55.8 59.6
-0.4 0.8 1.6 16 18.7 23.4 28.2 34 40.9 48.3 51.5 51.4 52 52.7 53.3 53.5 50.6 48.3 46.8 47 47.3 47.7 48.2 49 47.4 45.6 44.4 43.3 42.2 40.7 38.2 36.2 35.4 34.6 35.1 35.3 39.5 42 46.1 46.3 44.1 44.9 45.4 45.8 45.1 43.9 42.2 40.6 40.7 40.4 39.5 43.2 45.7 48.5 51.9 53.7 55.8 57.6 59.2 60.9 62.5 63.9 65.4 65.9 66.1 66.5 67.3 66.6 66.4 67.4 68.8 69.3 70.1 71.1 72 72.1 71.3 71.3 72.1 71.3 71.1 69.5 69.1 69.1 69.8 72.2 74.3 74.8 71.7 64.9 58.8 53.6 51.3 49.6 53.3 57.8
0.4 1.4 9.5 19.2 21.9 25.2 29 33.7 40 44.7 47.8 49.7 51.3 54.3 55.3 55.5 53.2 49.4 48.6 48 47.5 47.5 47.4 46.8 46.3 44.8 44.5 44 42.8 41.1 37.9 36.1 37.7 40.6 40.9 39.9 41 42.8 44.5 49.3 48.3 48.1 47.5 46.1 44.9 43.7 42.1 42.3 42.5 42.8 44.2 42.5 43.6 44.6 47.2 49.7 53.4 55.6 57.5 59.5 61.1 62.1 63 63.6 63.5 63.8 64.6 65.3 66.2 68.2 69.2 70.1 71.1 72 72.2 72 71.3 70.5 69.6 69.3 68.6 66.9 65.6 64.9 64.5 65.3 66 65.1 62.9 59.7 55.2 54.6 53.9 52.6 48.4 53.8
1.1 1.9 19.5 22.2 24.2 26.4 30.1 33 37.8 41 44.1 48.8 53.3 56.7 59 58 55.8 51.6 49.8 49.1 48.3 48.1 47.9 47.1 45.5 44.2 43.7 43.7 42.7 39.9 36.7 37.8 39.4 41.4 41.5 41.9 42.8 44.5 46.4 48.8 49.2 49.3 48.5 47 45.6 44.3 43.9 44.2 45 46.6 48 46 46.4 46.2 46.2 46.1 50.8 53.4 55.1 56.6 57.6 58.7 60.7 61.2 61.5 63.8 65.2 65.9 67.5 69.2 70.1 71.1 72.1 72.4 72.2 72 71.3 70.5 69.1 66.9 67.3 68.7 69.6 69.8 69.4 68.3 64.8 61.2 57.2 58.3 59.9 57.8 56 54.2 48.4 53.9
1.8 17.9 21.9 25 26 27.8 30.9 33.2 35.1 37.8 40.6 45.7 52.4 57.5 61.2 60.1 58.8 53.9 50.9 50.2 49.4 48.7 48.3 48 46.2 43.2 41.7 40.8 39.2 37.8 38.4 40.3 41.8 43.2 43.6 44 44.5 46.3 47.6 48.9 49.3 49.5 48.5 47.8 47.8 47.2 46.4 46.7 48.6 51.1 51.8 50.6 50 49.5 50.4 50.4 50.5 51.3 52 53 53.6 55.6 57.2 59.3 61.5 63.8 66.1 67.6 68.9 70.2 71.1 72.1 72.5 72.4 72.2 72 71.2 70.5 69.6 70.1 71.2 73.8 74.4 74.7 74.2 71.9 69.2 66 64.8 65.2 64.3 61.9 60.1 55.9 51.8 46.9
13.8 19.5 24.3 26.5 27.7 29 30.8 32.7 34.5 36.3 39.1 42.2 48.8 54.8 61.7 61.2 57.8 54.8 52.1 51.3 50.1 48.5 48.2 48 46.4 42.6 40.7 40.8 40.5 40.6 41.3 42.2 43.4 44.6 45.3 45.8 46.4 48 49.5 51 50.3 49.8 49.2 49 49.1 49.2 49.2 49.8 52.3 54.8 55.7 56.2 54.4 55.6 55.7 55 54.2 54.7 55 55.6 56.5 56.6 58.1 59.9 62.8 64.7 66.5 68.4 70.2 71.1 72.1 72.7 72.5 72.4 72.3 71.9 71.2 71.7 72.8 73.3 74.4 76.8 78.5 79.6 78.1 74.6 71.1 69.4 68.3 70 68.5 66.1 61.7 56.6 52 52.8
20.2 23.1 26.7 27.8 28.7 29.2 30.7 32.3 34 35.8 37.7 40.4 46.2 50.8 56 56.8 55.9 54.3 53 51.3 49.7 48.1 46.3 45.6 43.1 41.2 41.3 43.7 43.9 43.4 42.5 43.3 44.4 45.5 46.5 47.2 48.4 50 51.6 52.2 51.4 50.7 50.4 50.8 51.1 51.4 51.8 52.6 55.1 57.7 61.8 63.3 60.7 59.6 58.2 57.2 57 57.4 57.7 58.4 58.7 57.9 59.9 62 64.4 66.3 68.1 69.9 71.1 72.1 73.1 73.3 72.8 72.4 72.3 71.9 73 74.1 75.2 76.3 77.1 79.2 81 81.2 79.3 76.2 73 71.1 71 72.4 71.8 69.6 65.6 56.7 59.8 63.9
