webserver/python/data/NC01.asc
ncols 200
nrows 200
xllcorner 200000
yllcorner 910000
cellsize 50
[rows 148 to 184 of 200, columns 0 to 84 of 200]
74.4 69 64.7 60.6 59.3 59.3 59.3 59.3 59.3 59.3 59.3 59.3 61.9 59.4 58.7 53 50.8 44.4 37.4 30.5 26.6 22.8 19.3 13.4 9.1 7.6 6.3 5.6 6.6 8.4 11.4 14.4 17.3 18.6 17.6 15.5 12.9 11 8.6 3 -1.9 -1.9 -1.5 -1.9 -1.9 8.2 15.1 23.4 29 30.6 30.9 31.1 31.1 31.1 30.5 29.1 31.3 35.2 39 45.6 49.2 45.7 42 39.6 37.5 35.5 33.6 31 28.5 26.2 24.1 24.1 24.1 24.1 24.1 24.1 24.1 24.1 24.1 24.1 24.1 24.1 24.1 24.1 24.1
74 69.9 66.4 63.6 59.3 59.3 59.3 59.3 59.3 59.3 59.3 59.3 59.3 60.2 60 56.7 52 47 40.5 33.8 27.5 23.7 18.9 13.9 10.1 6.3 4.8 4.3 5.4 6.6 8.3 11.8 15.7 18.1 18.1 14.8 11.2 10 8.8 5.2 3.2 3.3 3.7 1.3 3.5 10.3 17 25.4 31 29.5 31 31.1 31.1 31 30.8 29.6 31.9 35.2 38.6 43.7 49.8 49.7 47 43.2 39.4 37.4 35.6 32.9 29.9 29.2 26.5 24.1 24.1 24.1 24.1 24.1 24.1 24.1 24.1 24.1 24.1 24.1 24.1 24.1 24.1
78.3 73.8 70.2 66.6 59.3 59.3 59.3 59.3 59.3 59.3 59.3 59.3 59.3 60.1 61.8 59.8 53.4 47.1 42.6 38 31.4 25.9 19.3 14.4 10.5 6.8 4.3 4.3 4.3 4.8 6.4 8.7 11.7 15 15.3 13.5 11.5 10.9 8.1 4.4 6.6 7 7.7 5.8 6.1 8.8 16.8 22.6 29.2 29 30 31.1 30.8 30.5 30.1 29.9 33.3 35.8 38.4 44.4 51 50.7 50.2 48.2 43.9 40.3 37.9 35.3 33.2 32.8 30.5 27.1 24.1 24.1 24.1 24.1 24.1 24.1 24.1 24.1 24.1 24.1 24.1 24.1 24.1
78.5 79 81.1 74.8 68.4 61.4 59.3 59.3 59.3 59.3 60.3 59.3 59.3 62.2 63.5 61.1 56.7 48.3 44.2 40.1 34.4 29.1 22.8 16.4 10.5 6.7 4.3 4.3 4.3 4.3 4.4 6.8 8.8 10.3 10.5 10.9 11.2 10.9 6.7 4.3 4.3 10 11.4 10.8 9.1 9.8 16.8 21.7 26.3 29 29 30.9 30.4 29.9 29.5 31.3 34.6 37.2 41.2 48.1 52.2 54.6 53.5 52.7 50.6 47.8 40.8 38.7 37.5 36.3 34.4 31.2 30.3 29.8 26 24.1 24.1 24.1 24.1 24.1 24.1 24.1 24.1 24.1 24.1
79.6 79.3 79.6 79.1 77.4 72.4 59.3 59.3 59.3 60.7 64.6 65.9 63.9 63.8 64.9 63.2 61.1 53.3 46.1 41.2 36.9 31.5 25.8 18.9 12.3 7.6 4.3 4.3 4.3 4.3 4.3 4.7 6.3 7.8 8.7 9.3 9.7 6.9 4.3 4.3 6.2 9.9 12.2 15.9 14.6 14.2 18.8 22.8 27.1 29.3 30.2 31.1 30.6 30 30.4 32.7 36 41.1 46.2 50.6 55.3 57.1 57.8 56.8 53.9 51.7 47.9 43.2 42.1 40.8 38.7 36.6 36.2 38.1 37 33.1 24.1 24.1 24.1 24.1 24.1 24.1 24.1 24.1 24.1
80.3 79.7 79.4 78.7 78.8 80.2 67.6 59.3 59.3 59.3 66.2 70.1 70.3 67.5 67.6 65.8 63.6 61.4 48 42.3 38.7 32.9 26.9 20.3 13.6 8.4 4.6 4.3 4.3 4.3 4.3 4.3 4.3 5.3 6.2 7.2 8.1 4.3 4.3 4.3 4.3 8.9 14.1 19.7 19.9 18.3 20.9 24.7 28.8 30.1 32.4 32.7 32.3 31.9 32.1 33.6 37.5 42.3 46.6 50.8 56.5 59.8 59.7 58.8 55 51.2 51.1 49 47 44.2 42.2 40.4 40.3 39.5 39.2 33.7 25.7 24.1 24.1 24.1 24.1 24.1 24.1 24.1 24.1
83.3 85.8 86.9 83.5 81 77.6 69.8 59.3 59.3 60.6 65.8 74.3 77.9 75.8 72.3 69.7 66.2 63.7 54.4 45 40 34.4 28.5 22.7 14.8 9.3 6.4 4.3 4.3 4.3 4.3 4.3 4.3 4.3 4.3 4.3 4.3 4.3 4.3 4.3 4.3 8.4 13.3 21 21 21.9 23.4 26.9 30.2 32.5 34.8 34.3 33.9 34.1 34.1 34.3 37.9 40.9 46.3 50.8 58.2 59.8 59.3 56 52.3 51.2 49.6 49.5 49.5 47.9 46.2 45.2 44.5 41.6 35.5 29.5 24.9 24.1 24.1 24.1 24.1 24.1 24.1 24.1 24.1
88.9 91.9 94.7 97.2 93.3 81.3 72.5 69.3 65.9 65.2 70.8 80.1 89.1 87.2 82.2 76.8 71.7 66.2 60 46.8 40.4 35.2 30.6 25.6 19.4 11.4 6.3 4.3 4.3 4.3 4.3 4.3 4.3 4.3 4.3 4.3 4.3 4.3 4.3 4.3 4.3 7.1 11.2 19.2 21.1 24 26.5 30.1 33.8 35 36.4 36 36.1 36.5 36.6 35.6 37.1 40.8 45.3 49.9 54.1 58 55.5 52.4 49.8 49.4 49.9 49.3 49.2 49 48.9 49.7 47.6 42.9 37.4 30.8 24.1 24.1 24.1 24.1 24.1 24.1 24.1 24.1 24.1
94.1 98.3 102.6 104 93.9 84 78.8 76.5 78.6 74.7 74.3 81.6 93 99.3 95.8 86.7 78 70.7 66.3 58.3 41.1 35.5 33.4 29.7 23.8 15.5 7.5 4.3 4.3 4.3 4.3 4.3 4.3 4.3 4.3 4.3 4.3 4.3 4.3 4.3 4.3 6.7 10.3 17.3 21.7 24.9 28.8 33.3 37.1 38.6 38.2 38 38.5 38.8 38.9 38.1 37.9 39.3 44.1 49.2 51.6 51.8 51.7 49.6 48.1 47.6 47.6 49.2 49.8 49.2 49.2 51 49.4 44.3 39.1 31 24.1 24.1 24.1 24.1 24.1 24.1 24.1 24.1 24.1
101.1 107.3 113.8 108.6 95.6 89.6 86.4 83.3 84.8 87.2 84.2 85 94.6 105.3 109.6 102.8 91.1 81 74.8 66.8 51.5 36.9 32.5 32.1 28.9 21.5 11.2 4.7 4.3 4.3 4.3 4.3 4.3 4.3 4.3 4.3 4.3 4.3 4.3 4.3 4.3 6.1 11.5 17.1 22.7 26.6 30 34.3 40.3 40.8 40.2 40.7 42.3 41.8 40.8 40.6 40 41 45.5 49 51 51.1 50.2 48.3 46.9 45.9 45.3 47 48.5 47.8 50.8 51 49.1 44.4 38.5 24.6 24.1 24.1 24.1 24.1 24.1 24.1 24.1 24.1 24.1
108.9 126.1 128.1 126.4 110.1 99.3 92.6 90.2 92.1 94 95 91.4 98.6 109.7 120.8 114.3 100 90.4 84.7 76.8 64 43.1 32.8 31.6 31.1 26.5 17 8.2 4.3 4.3 4.3 4.3 4.3 4.3 4.3 4.3 4.3 4.3 4.3 4.3 4.3 6.1 11.2 16.4 23.3 29.5 32.3 35.6 39.5 42.3 44 45.2 45.6 45.2 44.1 43.1 42.7 45.5 48.8 49.7 51.7 51.5 49.5 48.5 47 44.9 44.4 45.1 44.3 43.4 49.4 50.9 47.4 41.5 35 26.8 24.1 24.1 24.1 24.1 24.1 24.1 24.1 24.1 24.1
123.9 144.4 153.8 157.3 134.6 110.8 100.4 97.6 100.6 102.4 101.1 98.7 99.9 113 123.5 115.8 104.6 97 92.9 86.4 71.7 52.9 37.4 29.6 30.4 30.8 24.7 15.7 5.1 4.3 4.3 4.3 4.3 4.3 4.3 4.3 4.3 4.3 4.3 4.3 4.3 5.9 9.7 16.3 23.7 29.5 33.9 37.4 40.9 44.3 47.9 49.5 48.9 48.5 47.5 45.9 46.3 49.6 53.4 56.5 59.6 55.4 52.6 50.3 47.8 45.2 44.6 44.2 44 42.4 45.3 47.9 44.7 39.2 33.5 27.6 24.1 24.1 24.1 24.1 24.1 24.1 24.1 24.1 24.1
126.8 145.5 161.7 167.2 143 119.6 106.8 103.4 109.1 109.9 99.8 96.2 97.4 113.9 122.8 117.4 109.1 102.3 97.3 90.9 80.6 61.7 40.4 29.3 28.9 29.8 27 20.3 10.2 4.3 4.3 4.3 4.3 4.3 4.3 4.3 4.3 4.3 4.3 4.3 4.3 4.8 10.9 16.5 21.5 27.3 33.1 37.4 41.1 46.3 50.2 53.3 54.3 51.8 50.1 48.4 48.6 52.8 58.1 59.9 60.5 58.6 54.9 50.8 48.2 45.7 45.1 45.2 46.3 43.4 41 43.6 41 37.4 32.7 31 24.7 24.1 24.1 24.1 24.1 24.1 24.1 24.1 24.1
133.8 143.6 160.6 164.5 139.7 120.1 109.1 108.7 110.1 104.1 94.9 94.9 94.9 111 119.7 116.7 110 106.2 103.4 97.8 87.4 72.1 45 33 27.6 23.9 21.3 20.1 13.8 6.8 4.3 4.3 4.3 4.3 4.3 4.3 4.3 4.3 4.3 4.3 4.3 4.3 9.3 13.8 19.4 25.1 31.1 36.2 41 47.7 52.8 56.9 58.9 59 56.8 53.8 53.3 56.5 61.4 63.4 62.4 59.9 56.6 50.6 48.8 47.7 46.5 46.5 47.8 44.8 41.5 39.7 39.2 35.5 30.9 29.4 27.9 24.1 24.1 24.1 24.1 24.1 24.1 24.1 24.1
135.7 140.7 153.3 157 134.2 118.1 107.2 103.8 102.9 94.9 94.9 94.9 96 107 111.1 111.1 110.8 109.3 106.7 102.6 95.8 83.8 61.6 37 25.9 19.6 19 19.3 14.3 9.3 4.3 4.3 4.3 4.3 4.3 4.3 4.3 4.3 4.3 4.3 4.3 4.3 8.3 11.9 17.3 22.6 28.8 35.7 40.9 47.3 54.9 60.3 61.2 61.4 60.7 59.4 58.7 61.3 65.3 67.6 64.5 61.4 57 49.8 49 49.1 48.8 48.4 48.6 45.5 42.1 40.5 36.3 32.9 29.8 27.5 25.6 24.1 24.1 24.1 24.1 24.1 24.1 24.1 24.1
132.5 135.9 144.8 150.1 127.6 114.8 105.1 100.6 98.6 94.9 94.9 94.9 100.4 110.1 111.2 112 111.6 111.1 109.7 107.4 100.6 89.6 76.8 46.7 31.6 18.7 16.3 13.5 10.2 10.7 6.5 4.3 4.3 4.3 4.3 4.3 4.3 4.3 4.3 4.3 4.3 4.3 6.1 9.9 15.4 21.8 27.9 34.5 41.3 48.1 55.2 61 61.2 63.1 63.9 63 62.9 65.8 69.9 70.6 67.7 65.5 61.5 55.2 50.4 48.9 49.2 50.7 49.7 49.6 44.2 38.8 35.3 32 28.4 24.4 24.1 24.1 24.1 24.1 24.1 24.1 24.1 24.1 24.1
126.6 135.2 148.6 137.9 124.1 110 102.1 101 100.4 94.9 94.9 94.9 103.5 111.1 111.5 111.9 110.9 110.9 111.8 110.9 103.5 93.8 84 57.3 38.4 25 14.7 9.2 8.9 9.3 6.7 4.5 4.3 4.3 4.3 4.3 4.3 4.3 4.3 4.3 4.3 4.3 4.3 8.6 14.7 21.4 28.5 35 41.3 48.6 55 61 63.3 65.2 67.1 66.5 68.1 70.6 73.4 75.9 72.2 69.9 69.4 64.5 57.3 53.8 51.9 52.6 53 51.7 45.9 38.4 34.5 30.8 25.6 24.1 24.1 24.1 24.1 24.1 24.1 24.1 24.1 24.1 24.1
122.1 131.4 141.6 128.7 117.7 106.2 99.4 98.7 97 94.9 94.9 94.9 105.3 111 111.3 111.7 110.1 109.9 114 114.4 106.9 97.4 87.1 68.2 46.6 32.2 19.8 8.6 8.8 7.8 6 5.2 4.4 4.3 4.3 4.3 4.3 4.3 4.3 4.3 4.3 4.3 4.3 8.1 12.9 21.1 28.8 35.6 42.2 48.7 54.5 59.9 64 66.8 69.1 70.5 72.4 73.6 75.6 77.8 75.3 73.8 73.1 71.1 65.7 58.1 55 56.4 56.8 54.5 50.4 41.7 36.2 31.2 24.1 24.1 24.1 24.1 24.1 24.1 24.1 24.1 24.1 24.1 24.1
118.2 132.7 134.3 120.7 112 101 97.2 95.4 94.9 94.9 94.9 99.3 103.8 108.3 111.2 111.6 110 109.3 112.2 113.8 112.2 101.2 89.6 74.5 54.4 38.4 23.9 9.6 7.7 5.7 5 5 4.9 4.9 4.5 4.3 4.3 4.3 4.3 4.3 4.3 4.3 4.3 7.7 11.4 19.8 28.4 36 42.6 48.7 54.2 58.8 63.2 66.9 69.8 71.9 73.5 75.1 77 78.7 78.2 76.7 75.1 73.5 69.8 60.2 59.2 60.7 61.2 58.6 54.8 46.9 42.1 37.3 31 24.1 24.1 24.1 24.1 24.1 24.1 24.1 24.1 24.2 24.1
125.3 137.7 130.3 115.8 106.3 98.9 96.7 94.9 94.9 94.9 96 101 102.7 106.1 110.7 119.7 108.4 105.5 105.8 109.2 110.9 106.5 93.1 79.7 60.5 43.3 28.6 14.5 6.2 5 5 5 5 5.9 5.5 6 4.3 4.3 4.3 4.3 4.3 4.3 4.3 8 9.6 17.7 27 36.7 44.1 49.7 54.9 58.9 62.9 66.7 70.1 73 75 76.6 78.6 79.8 79 78.2 77 75.7 73 68.6 67.7 68.4 66.3 63.4 58.5 53.2 49.5 47.1 41.6 34.5 30.2 25 24.1 24.1 24.1 27.3 28.9 25.8 23.5
131.1 133.1 124.4 112.2 103 98.9 97.6 97.4 98 101.6 99.3 100.9 100.8 103.3 106.2 109.9 106.5 101.5 98.9 101.7 107 101.3 92.4 83 65.1 49.2 32.4 19.1 7.8 5 5 5 5 6 7.7 9.5 8.2 4.9 4.3 4.3 4.3 4.3 5.9 8.2 9.3 15.8 24.5 34.7 43.7 49.8 54.8 58.7 62.2 66.1 69.8 72.7 75.6 78 79.7 80.9 81.2 80.9 79.6 77.9 76.3 74.9 74.8 74.8 73 69.2 64.3 57.8 53.4 52.9 55 51 42.6 34.5 30.8 24.1 24.1 26.4 31.1 30.8 28.4
130.9 130.7 118.3 109.3 100.4 98.9 100.8 100 99 102.1 100.2 99.2 98.8 98.1 100.3 102.9 101.1 98.8 98.7 97.7 99.1 96.7 88.3 77.6 66.4 52.8 37.7 20.9 8.5 5 5 5 5 5 8 9.1 9.2 6.7 4.6 4.3 4.3 5.6 7.6 9.4 10.7 15.9 24.3 35 43.4 49.4 54.2 57.7 61.6 65.5 69.1 72.2 75.3 78.4 80.7 81.4 81.7 81.6 82.1 81 79.6 80.3 82.7 84.8 81.2 77.9 70.7 63.8 57.4 56.4 59.7 58.9 53.8 44.7 37.9 31.3 28.6 25.5 29.9 30.9 29.5
138.2 127 115.1 106.4 100.2 100.2 100.9 99.6 98.8 100.5 98.7 97 95.4 94.9 95.4 97.9 100.2 99.9 96.8 93.9 94.5 93 83.2 74.7 64.9 55 42.2 25.1 11.5 5 5 5 5 5 5.2 7.3 8.9 8.6 7.5 4.3 4.4 7.5 9.3 11.2 13.2 16.9 23.5 31.7 39.1 47.9 52.8 56.6 60.3 64.1 67.9 70.9 74.1 77.5 80.8 81.5 82.1 82.6 83.5 84.2 83.9 86.4 90 92 91.1 86.7 79.4 71.9 63.5 60.1 60.2 65.9 61.6 51.1 44.1 37.2 29 26.5 28.8 30.5 29
136 122.8 114.1 106 100.9 103 101.1 96.3 95.2 97.1 96.6 94.2 92.3 91.3 91.4 94.5 97.5 97.3 94.1 90.8 90.5 89.7 81.1 70 60.4 51.6 40.9 26.6 11 5 5 5 5 5 5 5.3 7.7 9 6.2 5.2 4.7 6.9 9.1 11.3 13.6 17.6 23.2 28.9 35.7 42 48.9 53.1 59.6 63.8 67.3 69.7 72.9 76 78.1 80.5 83 84.5 86.2 87 88.2 91.8 94.3 97.1 97.6 94 89.6 81.5 72.3 65.6 63.6 69.3 62.9 54.4 47.3 41.4 33.3 29.6 29 29.4 30.1
129.8 120.2 113.3 108.4 101.9 103.7 98.9 95 92.1 92.5 92.5 91.4 90 88.9 89 90.8 93.7 94.1 91.4 87.9 86.5 82.5 76.9 69.2 58.8 48.8 40 27.5 12.6 5 5 5 5 5 5 5 6.1 8.8 6 5 5.2 7.7 9.8 11.9 14.8 18.6 24.9 30.4 36.5 40 47.1 49.4 60.1 64.4 67.7 69.5 72 74.7 77.6 80.4 83.2 86 87.2 89.2 90.9 94.1 97.2 100 101.2 100 95.6 90.9 79.9 69.2 67.4 67.9 63.9 57.6 50.4 43 36.8 33.4 33.9 33.3 34.2
130.3 121.5 114.2 107.8 101.8 100.9 99.3 97.1 94.3 92.6 92.6 91.1 89.3 88.9 88.9 88.9 90.1 90.7 89.2 85.3 81.6 77.8 73.1 67 59.7 47.2 37.8 27 13.8 5.3 5 5 5 5 5 5 5 5 5 5 5.8 8.4 10.9 12.8 16.6 20.7 26.6 34.1 42.1 48.9 54.1 51 58.7 61.5 65.1 68.2 72.1 74.6 77.4 80.2 83 85.7 89 90 92.6 95.5 98.4 99.9 101.3 102.2 99.9 95.2 87.2 71 70.7 74.5 70.9 65 54.7 48.3 42.9 39.8 41 38.6 39.1
129.8 120.1 112.4 106.6 102.3 100.2 99 101.2 101.1 95.6 93.2 91.6 90.5 88.9 88.9 88.9 88.9 88.4 85.8 82.7 78.6 74.1 70.9 63.5 56.8 46.9 35.9 26.8 15.5 6.7 5 5 5 5 5 5 5 5 5 5 6.1 9 12.4 14.3 18.4 22.5 27.3 34.2 43.4 51.9 58.5 60.9 59.4 59.4 62 68.1 72.2 74.4 77.2 80 82.8 85.6 88.3 90.4 93 95.5 98.3 100.1 101.4 102 102.3 99 93.1 76.8 77.5 81.9 79.8 75 66 59.9 60.4 55.4 48.7 45.7 46.9
128.9 119.8 111.6 105.8 102.7 101.3 102.5 107.7 105.3 98 94.6 92.7 90.8 89.6 88.9 88.9 87.4 84.7 82.7 81.7 75.1 69.1 63.6 56.7 49.4 41.1 33.8 26.2 18 8.5 5 5 5 5 5 5 5 5 5 5 5.2 8.8 12.2 15.9 20.1 24.2 29.3 36 43.9 52.4 59.8 63.3 66.6 65.3 67.9 69.8 71.8 74.5 77 79.8 82.6 85.6 87.8 89.9 92.3 94.9 98.1 100.1 101.6 102.3 102.8 101.5 94.4 82.7 84.9 87.5 88.5 84.3 78.4 70.6 72.2 68.6 60.5 54.8 55.7
129.4 120.4 112.4 106.4 104.9 105.1 106.9 109.9 107 100 96.2 93.4 91.7 90.7 90.6 88.7 87.3 83.8 82.1 79.9 69.2 62 57.6 49.6 42.3 36 31.2 24.9 18 9.1 5 5 5 5 5 5 5 5 5 5 5.2 8.9 13.2 17.5 21.8 25.9 30.8 38.4 46.4 53.2 60.2 65.7 69.9 71.2 71.1 70.7 70.3 74.6 77.9 81 83.9 85.7 87.4 89.3 91.8 94.3 97.8 100.1 100.4 100.9 101.4 101.4 95.3 88.4 90.6 94.3 95.4 93.8 92.7 90.1 76.6 73.8 67.3 64.7 64.7
130 121.4 114 107.9 107.9 108.9 109.7 111 108.7 100.8 97.6 95 93.7 92.9 94.7 92.5 88.1 84.6 84.5 81.6 69.9 59.4 49.6 42.2 36.6 34 30 25.9 20.7 11.2 5 5 5 5 5 5 5 5 5 5 5 7.9 14.1 18.9 23.4 27.7 32.8 39 46.2 53 59.5 64.5 68.9 71 71.3 72.8 73.6 77.7 80.3 82.2 83.8 85.5 87.1 88.8 91.3 94.1 97.4 99 100.3 100.7 101.1 101 98.5 97.2 99.1 101.6 103 100.6 100 96.9 90.2 80.9 74.8 72.9 71.8
131.3 122.6 114.4 108.5 108.3 109.9 110.9 110.2 110.5 103 98.9 97.3 96.2 97 99 99.8 91.1 88.6 87.4 82.6 70 56.8 41.2 37.4 34.4 32.6 29 25.2 20.8 13.9 5 5 5 5 5 5 5 5 5 5 5 7.7 13.7 19.1 24.1 29.2 34.4 39.7 46.6 53.6 59.6 64.4 68 72.1 74.9 76.6 78.4 79.5 80.3 83.1 84.6 86.1 87.7 89.4 91.9 94.1 96.5 98.7 100.5 101.3 102.1 102.9 103.6 107.3 108 107.9 106.7 105.9 104.5 100.6 95.5 86.9 84 80.5 76
133.2 123.5 114 108.2 108.6 109.6 110.6 108.9 109.9 103.3 101.9 101.3 99.8 98.8 99 102.6 92.9 86.3 84.7 80.4 71.1 52.4 39.5 32.8 31.5 31.5 29.2 25.7 21.9 16.9 5.6 5 5 5 5 5 5 5 5 5 5 6.6 12.5 17.9 23.7 30.1 34.8 39.5 47.8 54.4 60.5 64.9 69 73.2 77 79.8 80.8 81.1 81.9 84.4 86.9 88.4 89.9 91.1 92.9 95.1 97.1 98.9 100.5 102 103.5 104.9 107.2 109.1 110.7 111.4 109.6 107.7 106.9 104.8 98.2 92.7 91.4 90.4 82.4
137.2 126.3 115.9 109.6 108.3 108.9 110.6 109.4 107.7 106.2 105.4 105.6 107.3 103.3 99.8 100.7 92.4 83.3 81.1 77 70 52.3 35.9 29.6 29.7 30.8 30.7 28.1 24.3 19.3 9.3 5 5 5 5 5 5 5 5 5 5 5 11 16.4 23.3 29.2 34.7 41 48.4 55.2 61.3 65.9 70.1 74.3 78.5 82 84.2 85.9 85.2 86.9 88.8 90.5 91.5 92.9 94.4 96.1 98.2 99.1 101.6 103.8 105.3 106.7 109 111.2 113.5 113.8 111.8 109.9 108.3 103.8 99.5 96.9 94.1 90.9 88.2
141.2 127.5 117.6 111.7 109.1 109.7 113.5 111.1 109.7 108.9 109.1 111.2 113.7 112.9 107.1 98.8 89 80 77.2 75.1 66.4 49.1 33.3 28.1 29 30.1 31.3 30.9 26.8 21.7 14.2 5 5 5 5 5 5 5 5 5 5 5 9.2 15.9 22.5 28.5 34.4 40.7 47.4 54.4 61.7 66.1 70.5 74.9 79.3 83.1 86.9 89.9 90.8 89.9 89.2 91.4 93.2 94.7 96.2 97.7 99.2 100.7 103.2 105.6 107.1 108.5 110.2 113.1 115.5 116.7 114.5 112.4 108.8 104.9 101.6 99 95.3 91.4 87.9
137.5 127.2 126.1 114.2 109.1 109.1 113.5 110.5 110.6 109.3 110.2 115.8 119.3 120.6 109.2 97.2 86.2 77 71.7 69.6 61.1 47.1 31.9 28 29.5 30.8 31.2 31.1 29.3 24.6 18.5 6.1 5 5 5 5 5 5 5 5 5 5 6.6 14.5 21.9 28.3 34.1 38.5 46.3 53.4 61.3 65.6 69.9 74.2 78.8 83.6 88.6 91.1 92.1 91.9 91.2 93.3 95 96.2 97.7 99.2 100.4 102.8 105.5 107.4 108.8 110.3 111.8 114.2 116.1 117.9 118.7 116.5 112 106.8 104 101 96.9 92.2 88
139.5 127.7 131.1 114.4 109.1 109.1 109.1 109.1 111 111.1 114.7 120.8 119.8 119.2 109.3 96 84 74.1 67.3 62.7 55.7 44.8 31 28.2 29.9 31 30.8 30.8 31.3 28.1 21.6 11.2 5 5 5 5 5 5 5 5 5 5 5 12.4 19.5 26.2 33 39.7 46.2 51.5 60 64.8 69.2 73.8 78.4 83.4 91.1 93.2 95.5 96.9 96 96.5 97.1 98.1 99.3 101.2 103.1 105 107.5 109.1 110.6 112.1 113.6 115.1 116.6 118.4 120.3 120.3 114.7 109.6 107.1 103.7 98.5 92.7 87.1
137.2 127 123.6 113.2 109.1 109.1 109.1 109.1 110.5 110.6 117.3 120.9 121.1 120.2 109.9 95.4 83 74.1 65.9 59.6 50.8 42.3 30.1 28.6 29.3 29.6 30.4 30.9 32 31.1 26.8 18.3 7.7 5 5 5 5 5 5 5 5 5 5 9.9 17.5 24.7 32.3 39.4 44.6 49.7 56.9 63.8 68.6 73.2 77.9 83 88.6 93 97.1 99.5 101 100.2 99.1 100.9 101.2 103.1 105.3 107.5 109.7 111 112.6 114.2 115.8 117 118.7 119.9 120.9 121.4 118.8 114.7 110.1 105.9 100.6 94.6 89
