webserver/python/data/NC02.asc
ncols 200
nrows 200
xllcorner 200000
yllcorner 920000
cellsize 50
[rows 0 to 37 of 200, columns 86 to 171 of 200]
50.9 50.9 50.3 49 49 49 49.1 55.8 58.9 67.8 68.3 69.5 75.8 79.6 86.6 91.5 91.1 89.6 89.7 87.8 77.9 68.9 69.4 70.8 68.2 69.1 70 70.3 72.6 78 87.3 79.6 78.5 81.8 87.2 81 76.7 74.7 70.5 70.4 70.1 70.2 70.4 70.5 72.3 78.6 70.4 75.9 85.8 98.8 99.3 98.3 86.4 80.9 77.5 73.3 74.5 81.5 83.8 74.6 69.6 69.1 70.1 70.5 71.1 72.8 81.4 77.1 71.6 70.6 70.4 70.4 69.3 69.1 69.1 69.1 71.3 72.6 71.4 71.4 71.4 71.4 71.4 71.4 71.4 87.1
50.3 50.9 49.4 50.9 49 49 53.1 59.4 66 71.9 76.9 82.7 80.4 90.4 89.9 94.2 98.3 95.7 89.5 91.1 89.9 79.9 69.8 71.2 67.9 67.9 70.6 69.1 69.3 72.3 74.5 72.4 72.6 79.2 77.9 74.1 71.8 70.3 71.5 74.6 70.3 70.5 70.4 70.4 71.4 70.5 71.5 78.2 87.6 94.1 99.3 91.1 89.5 90.9 87.5 79.5 76.6 79.5 81.8 73.2 69.1 69.1 70.2 70.9 82.8 90.9 90.4 81.8 75.6 73.9 70 70.7 69.1 69.1 69.1 70.1 69.8 70.8 71.2 71.4 71.4 71.4 74.7 82.1 89.7 91.3
49 49 52.3 57.5 54.7 57.7 61.9 70.7 84.7 85.5 91.5 97.8 92.5 99.8 100.7 104.7 107.1 100.3 98.1 99.6 100 89.6 78.4 77.5 71.4 67.9 67.9 67.9 68.1 68.7 70.6 68.1 68.5 67.9 68.2 67.9 67.5 72.2 80.7 80 75.4 72.7 70.4 70.4 70.6 71.5 75.1 87.3 91.2 95.9 96.8 89 90.2 86.8 87.2 78.9 73.9 69.1 69.1 69.1 69.1 69.1 69.1 86.6 90 90.9 87.9 80.1 79.1 78.5 74.5 72.3 72.5 75.8 78.4 74.4 75.8 73 75.9 72 71.4 83.8 92 97.8 93.9 90.4
49.9 54.5 59.5 59.5 60 66 80.3 91.5 92.9 90.8 100.7 101 103.6 108.7 107.3 109.6 99 99.6 100.4 101.6 100 88 79.1 76.4 71.9 69 67.9 67.9 67.9 67.9 67.9 67.9 67.9 67.9 67.9 67.9 67.9 79.3 86.2 91.2 92.6 86.2 78.6 70.4 70.6 72.2 75.7 84.2 89.6 88.9 89 90.7 85.9 83.2 80.3 81 88.1 85.7 73.3 69.5 69.1 69.1 69.4 84 84.7 80.5 80.4 80.1 79.1 78.7 78.9 82.6 80.9 86.1 86.1 86.7 83.7 74.3 71.4 71.4 88.6 97.6 100.2 99.5 93.1 90
59.1 59 59.2 61.7 61 77 88.9 98.6 101 99 102.3 106 109.3 110.1 115.9 111 102.1 98.6 99.5 95.4 89.7 90.1 78.5 74.4 70.7 70.1 68.5 67.9 67.9 67.9 67.9 67.9 67.9 67.9 68.5 70.1 83.2 89 90.3 95.5 99.9 95.5 87.7 75.3 78.1 78 79.1 81.6 85.2 88.3 88.9 88.4 81.8 79.9 78.4 79.5 82.7 88.4 82.4 81 69.1 69.1 70.4 79.7 79.1 79.7 78.1 79.4 80.1 86.9 93.6 95.2 88.6 90.9 88.6 83.8 79.1 71.4 71.4 86 92 98.6 100.7 100.4 99.9 90.6
59.2 60 66.1 72.5 73.7 85.7 94.9 99.1 100.3 100.8 109.3 110.1 109.5 110.5 114.2 111.7 99.2 95 90.1 90.8 89.9 82.8 81.8 79 78.6 80.1 84.2 71.7 70.1 69.1 69.2 67.9 67.9 68.7 79.1 79 83.2 89.2 91.1 99 104.5 105.1 102.3 86.9 79 79.2 81.8 81.4 86.6 89.3 93.7 89.1 89.2 89.1 83.2 80.5 79.6 77.4 79.8 81 72.8 72.2 79.3 74.4 73.3 75.3 74.1 69.1 73.7 100.3 99.5 100.9 91.9 91 84.8 79.6 73.9 73.1 84.4 91.5 91.5 96.6 104.6 95.7 89 89.3
60 65.9 70 79.3 90 91.6 99 99.8 101 98.7 103.4 107.8 106.9 104.7 104.8 105.1 93.5 90.5 90.8 89.6 85.7 86.6 96.4 90.8 84.7 78.7 77.1 74.3 73.4 73.2 74 68.3 68.1 70.4 79.6 79.2 79.2 79.1 92 110.8 114.5 118.3 113.3 101.4 87.3 88.7 91.5 88.2 92 102.3 106.6 101 99.8 101.5 104.9 105.7 91.9 79.2 69.1 69.9 69.6 72.5 78.4 72.6 69.1 69.1 69.1 69.1 72.6 77.7 87.8 88.3 84.4 82.8 78.4 74.7 76.1 83.4 93.8 100.4 90.5 88.7 92.9 89.3 82.7 78.6
61.6 70.8 71.3 77.3 78.4 82.5 84.7 87.1 88.8 91.2 96.1 98.5 95.6 95.4 93.5 93.4 92.2 90.2 90.5 88.4 86 88.2 91.1 90.4 82.7 79.3 80.4 71.9 69.7 71.7 71.9 70.1 72.6 73.8 79.2 79 83.7 85.8 103.7 116.3 119.2 119.4 110.7 100.9 95.6 99 110.4 99.4 99 107.8 111 99.8 103.8 109.1 112.6 109.5 99.2 90.9 77.6 69.8 69.1 69.1 69.1 69.1 69.1 69.1 69.1 70.7 69.1 69.1 76 80.3 78.3 79.1 78.3 77.4 79.8 89.7 94 96.9 85.7 79.3 77.5 77.7 77.6 77.5
63.4 66.7 68.1 70.1 70.9 70.3 75 79.9 86 91 90 90.5 88.7 86.2 87.4 89.2 89.8 89.1 90 88.7 88.3 89 89.4 85.5 79.5 79.8 72.6 70.5 70.1 69.1 70.4 76.8 79.1 80.1 82 82.4 89 92.6 111.3 119.8 119.3 113.7 110 103.1 101.9 101.3 118 107.3 99 100.3 104.5 104.1 110 112.2 116.3 111.4 104.6 99.5 84.3 78 72.6 69.1 69.1 69.1 69.1 69.1 75.4 82 74.3 72.6 72.6 69.1 72.2 74.2 80.4 79.6 80.5 84.5 85.7 82.5 78.4 77.5 77.5 77.5 85.4 100.1
58.4 59.7 60.7 63.4 67 69.7 70.1 77 82.7 85.6 85 84.2 81.1 80.1 81.9 86 88.1 87.9 89.8 89.7 90.1 81 81.8 78 75.8 77.3 75.4 78.8 74.4 69.5 74.1 79.1 81 81 83.8 89.6 94.7 111.3 117.7 119.1 118.4 111.3 109.4 109 108.4 104.5 109.4 106.7 99 99 99 103.1 111.3 117.8 120.1 107.8 98.6 93.2 88.2 80.5 69.1 69.1 69.1 73.8 71.3 69.1 69.1 71 69.1 69.1 69.1 69.1 69.1 75.1 79.9 80.9 80.7 79.8 80.6 78.9 77.5 77.5 77.5 102.7 115.1 125.6
58.9 58.4 58.4 58.9 65.2 70.9 70.9 70.6 68 73 74.1 75.1 79 81.3 81.9 80.9 82.5 80.4 80.4 86.7 79.5 80.7 75.6 74.6 75.1 79.9 84.1 84.1 81.8 80.4 81.7 80.2 82.9 84.5 85.8 91.4 104.8 111.3 116.6 119.1 120 111 109 110.1 110.5 110.5 109.4 109.5 109.8 99 103.1 110.4 125.9 135.7 126.6 110.7 98.6 95 81.4 79.1 77.9 74.6 73.7 80.6 74.2 69.1 69.1 70.3 73.9 77.7 75.7 69.1 78.7 85.5 83.4 79.8 79.2 79.4 78.3 77.5 77.5 82.2 91 101 104.1 111.2
62.5 60.3 60.4 61.1 60.3 60.1 60.1 60.2 63.2 65.3 70.2 72.6 75.6 83.2 79.3 81.2 80.1 80.4 79.4 79.1 78.6 80.5 83.4 78.2 82.1 85.2 87.7 86.3 87.9 92.9 93.7 92 95.1 89.8 86.9 94.2 101.7 108.5 117.4 119.8 118.3 109.5 109.4 111.8 109.7 109.2 107.9 107 112.8 110.7 99 103.1 129.3 136.3 121.5 115.7 111.2 103.3 87 87.9 87.9 79.2 79.1 74.9 69.1 69.1 79.6 78.6 80.6 71 69.1 81 93.5 90.9 89.7 79 77.8 79.1 77.9 78.5 80.8 94.3 90.5 98.8 101.6 106.9
69.7 62.3 60.6 59.7 60.1 60.1 60.1 59.3 59 64.9 80.8 79 78 77.9 82.5 85.9 84 79.1 82.8 85 86 87.8 91.8 90.4 90.9 89 95.5 103.2 106.9 107.5 110 103.1 97 93.3 88.9 98.7 100 107.4 112.4 117.3 119.7 112.3 110.7 119.7 111.6 109.1 108.2 100.1 99 109.3 101.7 102.3 112.5 114.7 110 109.9 101.3 99.6 98.4 90.4 90.2 81.5 75.5 70.6 73.6 79 82.6 81.1 73.9 69.1 78.5 93 100.5 99.5 92 84 81.3 80.1 81.9 87.7 79.4 84.8 88.5 91.1 97.4 99.3
74 73.4 67.5 64.9 63.9 61.2 59.2 59.7 58.8 67.6 80.1 79.5 80.9 82.9 89.3 94.2 88.8 79.9 87 90.4 99.5 100.3 92.9 90.8 92.4 95 100.9 105.3 110.7 121 119 112.4 102.2 90.7 94.3 98.7 99 104.3 108.3 111 114 108.4 108.9 110.8 110 109.4 109.7 102.7 98.2 102.3 100.5 97.8 99.2 96.9 99 100.4 99.4 99.2 97.5 88.6 79.1 80.1 73.2 69.8 69.1 72.6 71 70.3 69.1 80.1 88.7 89.6 95.1 92.6 88.9 88.9 88.1 91 97.3 91.7 86.1 79.8 82.1 88.8 92.6 99.2
78.3 80.7 81.3 79.6 74.2 73.8 68.1 64.2 63.4 70.3 69 74.7 81.6 91 90.9 90 89.3 87.1 89.9 89.5 96.6 99.1 95.1 101.9 100 98.8 103.2 110 115.9 119.1 119.5 115 103.2 93.5 95.5 99.2 99.3 100 100.7 102.2 98.6 98.9 99.1 110.5 102.4 104 103 100.1 100.8 98.8 99.6 97 93.9 94.5 100.2 103.1 108.2 103.8 98.5 83 79.7 78.8 71.3 69.1 69.1 69.1 69.1 69.1 75.3 81.9 89.3 79.1 77.3 89 88.6 90.5 90.7 96.2 101.7 98.7 91 84 85.7 89 91.8 100.3
83.9 87.6 91 87.8 91 91.6 85.8 78.8 69.5 75.9 80.8 81.8 85.6 90.2 90.1 90.1 89.7 88.6 89 92.7 93.4 97 99.5 109.2 109 112.4 114.6 117 119.8 119.1 119.1 121 110.7 110.4 102.6 98.4 99.2 100.7 99 99 98.6 98.6 98.7 98.6 98.6 99 100.7 104.2 104.8 102.2 96.3 96.7 93.9 93.9 100.9 101 100 100.5 96.9 89.2 88.8 81.6 76.8 69.1 69.1 69.1 69.1 69.1 70.4 73.7 69.3 69.1 82 90 88.3 94.1 99.8 100.3 99.8 101 98.7 92.1 89 87.9 92.4 100.8
93.6 98.4 94.1 96.9 98.6 96.9 90.1 81.3 80.2 80 81 86.4 89.7 88.4 94.9 94.8 89.4 91 100 100.8 98.6 101.2 110.3 114.4 113.1 120 123.8 123.1 126.9 123.4 126.1 119.7 110.1 109 106.6 99.7 102 101.3 102.3 100 100.7 98.6 98.6 99.9 98.6 98.6 106.8 109.2 109.1 102.9 97.9 97.4 93.9 93.9 95.6 99 91.5 91.5 102.8 108.7 98.9 86.5 75.3 69.1 69.1 69.1 69.1 69.1 69.1 69.1 69.1 69.1 79.6 85.7 88.3 104.1 106.9 101.4 109.4 108.7 108.5 109.2 107.6 96 89.5 92
101.2 104.6 107.2 108.4 105 99.7 91.7 85.5 81.8 83.2 79.3 87.9 88.8 101 103.3 99.8 96 99.1 99.4 99.7 101.2 113.2 118.2 119.1 121.8 130.1 129.7 128.5 131.8 136.8 133.3 123 117.6 118.1 113.6 98.5 101.1 101.6 103.5 101.9 99.5 99.5 101.1 98.8 98.6 98.6 104.7 108.6 105.8 101.4 99.5 95.2 93.9 93.9 98.5 91.5 91.5 105.7 117.6 109.5 96.3 87 75.5 69.1 69.1 69.1 69.1 69.1 69.1 69.1 69.1 72.6 79.2 81.8 102 110.3 109.7 108.3 107.3 107.2 107.2 109 109.4 103.3 94.2 90.7
100.6 107.5 111.6 117.1 110 99.7 100.1 89.9 89.5 89.7 84.9 85.5 88.3 92.3 95.2 99.4 99.3 99.7 99.2 99 113.6 121.2 125 125.6 127.6 128.8 132.4 139.7 139.1 139.8 131.8 119.6 120.3 120.6 116.3 107.2 99.9 99.8 98.4 97.5 98.9 102.3 102.6 100.4 99 98.4 99.7 102 101.8 102 99.2 93.6 95.9 97.4 91.5 91.5 94.2 110.6 110.8 101.3 93.5 84.4 77.7 79.4 69.1 69.1 69.1 69.1 69.1 69.1 69.1 74.5 79.6 82.3 104.3 114.1 114 109.5 109 110 108.3 106.1 109.1 104.6 96.4 96.3
99.6 107.8 111.4 109.7 109.8 105.6 99.8 89 88.1 89 88.7 88.5 95.3 99.2 93.5 99 99.1 100.6 100.8 105 115 120.6 127.1 129 129.3 131.5 140.2 140.3 135.6 130.9 128.7 117 117 119.1 114.2 107.3 100.7 99 106.3 104.8 97.9 95.8 98.7 96.6 97.3 98 100.5 105.5 100.1 97.9 93.1 91.5 93.5 92.4 91.5 91.5 98.1 107.2 109 105.7 89.5 86.7 91.7 92.3 73.7 69.1 69.1 69.1 69.1 69.1 81.6 90.7 89.9 88.6 114.5 120.1 116.2 110.4 110.9 110.1 106.1 103.8 104.9 103.2 105.6 105
97.5 106.7 110 107.3 105 104.4 96.3 90.1 92.9 98.8 97.1 97.4 95.4 100.5 99.4 101.1 108.1 108.6 106.6 109.2 107 112.3 117.3 118.2 124.1 132.2 139.3 133.3 129.3 129.1 131 116.9 117 115.6 113.3 109.2 111.8 121.3 118.4 112.7 106.4 99.4 94.8 95 98.4 98.7 99 99.8 96.6 94.6 91.5 91.5 91.5 91.5 91.5 94.5 106.4 108.7 116.1 106.3 98.7 95.8 99.5 103.7 91.8 69.1 69.1 69.1 69.1 82.3 94.6 97.3 95.8 111 119.8 118.7 111.8 108.9 107.7 105.7 103.7 103.7 105.4 109.4 110.8 109.1
89 97.2 93.3 91.6 92 96.1 89.6 79.9 98.2 109.8 103.3 100.8 101.7 108.9 107.6 108.1 109.3 112.4 113.5 106.8 106.8 107.2 106.8 110.9 119.5 129.8 132.1 129.1 129.1 129.2 128.6 116.9 117.2 118.3 116.2 115.2 121.1 120.2 117.6 111 107.4 99.9 94.3 95.9 99.9 99 96.6 91.9 92.6 91.5 91.5 91.5 91.5 91.5 94.3 107.4 116 119.6 112.4 103.3 99.2 100.6 100.7 98 89.1 73.9 69.1 69.1 69.5 85.5 100.2 100 110.4 113.7 112.9 109 108.6 107.4 113 117.1 116.8 118.5 119.3 115.2 114.3 109.8
78.1 84.2 80.3 81 87.2 90.5 81.5 81.4 90.7 96.9 99.3 100.8 111 113.5 115.7 113.1 110 117.3 119 109.6 106.8 106.8 106.8 106.8 111.6 119.5 128.2 129 129.1 122.5 114.7 114.3 113.4 113.4 113.4 117.2 120.5 116 111.4 106.5 101.2 94.6 94.3 99.4 99.2 100 94.4 91.5 91.5 91.5 91.5 91.5 91.5 96.5 111.8 110.4 108.2 102.8 101.8 101.8 100.7 100.8 101.8 92.5 89.5 76.1 69.1 69.9 76.4 86 98.9 99.5 100.3 108.9 110.3 112 110.1 110.2 119.2 119.9 120.6 125.3 122.7 119.5 120.5 119.2
71.4 73.5 73.3 68.7 71.1 78.7 69.5 79.6 90.9 89.1 92.4 110 118.1 120.3 120.1 118.1 111.5 114.7 111.4 106.8 106.8 106.8 106.8 106.8 113 126.4 129.6 128.4 128.2 118.5 113.4 113.4 113.4 113.4 113.4 113.4 113.8 111.9 109 99.5 94.3 94.3 94.8 100.4 100.9 102.6 96.1 92.8 91.5 91.5 91.5 91.5 91.5 99.4 108.9 101.1 101.3 101.8 101.8 101.8 101.8 97.5 90.8 87.1 85.5 79.4 79.5 78.1 81.1 92 100.8 103.4 105.6 106.6 114.4 120.5 117.4 115.4 116 120 120.6 124.9 120.3 120.9 120.4 120.1
69.5 70 69 69 69.2 69.7 68.5 71.5 79.9 92 100.7 112.2 117.3 119.9 123.7 109.1 110.2 109.8 106.9 106.8 106.8 106.8 106.8 106.8 111.4 124.5 122 121 119.2 120.1 114.7 113.4 114.2 118.9 117.5 118.4 110.5 109.3 108.4 104.1 96.6 94.2 94.9 99.9 98.4 98.6 97.4 98.6 94.4 91.5 91.5 91.5 91.5 96.6 98.8 107.6 108 101.8 102.1 113.7 118 98.3 86.6 82.7 80.6 79.5 88.1 89 98.5 104.9 109.8 122.9 120.2 120.4 121 119.2 119.6 119.4 116.6 118.1 118.5 119 120.2 119.1 120.4 120.5
60.7 61.5 62.8 70.8 70.9 69.4 74.5 79.7 89.4 89.1 91.3 101.7 109.4 115.4 113.9 110.5 109 109.2 106.8 106.8 106.8 106.8 109.6 108.7 109.2 110.9 113.6 120.1 120.9 119.1 117.2 115 119.4 121.3 116.2 115.2 111.6 109.2 104.9 99.3 93 92.9 92.9 95 95 95.2 95.7 98 95.2 91.5 91.5 91.5 99.2 113.4 114.3 111.1 106.4 101.8 106 111.9 116.9 97.6 88.1 82 79.5 80.8 83.3 88.7 110.9 113.9 119.5 121.2 120.5 120.1 119.7 121.1 119.3 120.8 119.3 120.4 122.1 119 118.5 118.5 118.5 120.1
51.5 59 62.8 65.1 63.8 69.4 87 84.4 87 89.3 93.3 99.8 111.2 123.8 122.7 114.9 110.3 108.6 106.8 106.8 106.8 106.8 109.1 111.7 111.9 109.3 110.5 117.6 118.9 117.6 119.1 118.6 121.4 128.5 119.6 111.3 109.6 101.9 100.4 93.5 92.9 92.9 92.9 92.9 92.9 92.9 96.2 98.3 95 91.5 91.5 95.1 113.5 127 134 123.7 110.3 105.6 102.7 109.5 107.9 90.2 90.6 83.9 82.4 83.1 88.3 89.5 110.9 120.8 118.9 119.7 120 120.4 120.8 121.1 119.9 119.4 120.5 130.5 130.2 128.2 129.4 123.5 130.6 121
50.1 54.2 57.7 55.3 56.3 62.8 70.1 72.8 81.4 92.1 98.3 104.8 120.1 129.3 122.9 120.1 114.1 108.5 106.8 106.8 106.8 107 109.8 110.1 111.1 115.8 119.7 118.6 113.7 114.7 118.1 120.3 121.7 124.8 115.9 111.7 108.7 100.8 98.3 92.9 92.9 92.9 92.9 92.9 92.9 93.2 97.4 92.9 92.5 91.5 99.9 106.7 113.9 128 126.2 117.9 110.5 100.1 99 98.6 98.6 97.2 89 83.2 90.9 93 97.5 101.1 118 129 122.9 124.7 117.7 117 117 121.4 119.8 121.1 121.2 127.5 130 131 131.1 131.1 129.6 122.1
47.8 51 50.3 49.3 50 56.2 63 67 69 75.9 98.3 110.5 115 122.1 121.3 122.8 116.9 110.2 108.5 106.8 106.8 106.8 107.5 109.5 119.1 119.5 119.9 109.7 109.2 110.2 115 119.1 119.3 115.6 113.1 110.1 100.7 96.2 95 96.1 92.9 92.9 92.9 92.7 95.4 93.6 95.8 91.7 91.5 100.3 111 114.8 119.1 126.8 121.7 110 109.6 98.6 98.6 98.6 100.7 96.4 90.4 87.4 100.9 101.3 111.8 120.6 135.1 144.2 139.5 133.1 126.1 117 117 122 120.5 119.5 120.2 126.6 129.7 129.6 129.7 131 131 127.3
43.3 46.4 44.2 43.2 49.3 54.7 58.9 60 66.4 81.1 90.1 96.9 102.9 108.2 113.7 112 113.2 111.5 107.8 106.8 107.1 108.5 121.9 119.7 119.9 114.5 109.7 108.5 106.7 108.5 110.3 118.4 115.4 107.9 101.5 98 100 93.1 93.7 98.1 97.8 95.6 92.2 91.8 97.6 96.3 93 91.5 91.5 97.4 100.7 115.4 128.8 140.2 137.6 124.1 107.7 98.6 98.6 98.6 111.1 106.7 95.5 96.4 111.9 122.5 125 135.1 149 150.9 149.4 146.5 141 130.7 118.8 119.9 118.6 119.8 125.7 129.5 129.3 130.7 134.7 130.1 131 130.6
40.5 41.5 36.7 39.3 47.8 53.3 58.5 69.1 69.2 78.6 89.1 88.9 92.5 101.3 109.1 107.3 110.9 110.9 109 109.3 108.1 116.9 120.3 114.5 111.7 110 108.9 104.4 102.4 100.2 103 104.6 100.6 93.4 89.6 88.3 91.1 89.8 95.6 99 97.9 96.8 93.2 91.5 96.3 93.3 91.5 91.5 91.5 97.5 103.7 122.2 131.1 132.8 131 126.6 120.8 109 105 113.7 117.1 121 105.1 121.9 128.2 131.8 128.6 140.8 160.7 159.7 150.9 147.1 131.3 118.6 118.2 118.2 118.2 123 126.6 130.7 129.8 129.4 129.6 129.5 123.3 124.6
32.3 33.1 27.2 28.6 36.5 50.2 61.7 70.4 69.8 84.9 88.5 81.2 81.5 85.4 104.7 98.5 100.4 108.4 110.9 109.3 100.3 113.8 114.4 110.1 109.4 110.9 106.9 101.4 97.4 97.8 100.9 99.9 93.8 89.1 87.8 88.3 89.2 89.6 89.7 89 94.1 99 97.7 95.3 91.5 91.5 91.5 91.5 98.6 108 108.9 117.1 126.5 130.1 132.9 150.1 155.5 141 124.1 124.1 128.9 120 119.4 129.7 131 128.9 128.8 155.1 160.7 153.8 149.2 139.8 129.1 120.5 118.7 118.9 124.2 129.1 128.7 129.6 129.5 129.8 122.3 122.2 122.2 122.2
23.7 20.2 19.1 27.3 37.2 48.5 63.2 70.1 80.2 81 78.1 74.1 70.3 77 88.3 96.7 99 101 109.9 102.1 96.8 105.2 109.1 110.9 111 107.6 103.4 100.2 91.3 89.9 92.9 89.3 86.3 87 86.9 87.9 89 89.5 90 96.1 99.7 99 100.3 97.2 91.5 91.5 91.5 96.8 107.8 113 120.7 119.3 119.2 122.6 142.2 146.9 150.1 139.8 129.4 130.7 128.8 115.9 125.8 132.1 132.7 140.5 137.5 151 149.7 150 149.8 140.3 132.7 129.8 135.3 132.1 131.4 127 123.6 126.5 129 135.6 127.6 122.2 122.2 122.2
19.3 19.6 20.1 20.5 26.5 46.3 55.2 66.4 68.5 70.2 71.9 70.1 64 73.9 93.3 97.1 100.9 99.9 96.1 90.1 89.8 101.9 106.1 106.2 98.3 96.3 90.3 81.6 81.4 85.2 79.6 78.5 79.2 80.3 82.6 87.4 88.5 91.9 96.6 99.3 105.4 101.8 95.9 91.5 91.5 92.9 94.3 108.7 113.9 119.1 117.7 119.5 127 130.4 138.5 139.5 141 135.8 130.8 127.6 119.6 116.7 120.8 128.3 140.1 139.1 140.6 150.7 146.2 141.6 143 141 139.6 129.1 124.6 125 123.6 123.6 123.6 123.6 123.6 124.5 131 128.9 124.3 122.2
19.1 22.9 22.2 23.3 30.1 42.2 53.9 60.1 63.3 59.5 59.6 61 62.7 73.3 90.6 89.6 97.6 92.8 80.1 80.7 81.9 89.4 88.7 88 84.2 75.8 78.3 72.2 68.6 71.2 76 78 81.7 84.1 89.8 93.4 96.8 99.3 100.3 110 108.9 99.8 91.5 91.5 92 100.9 97.9 94.7 103.1 106.2 106.4 115.2 123 122.6 127.5 133.4 131.8 130.6 129.5 123.4 119 118 120.7 125.5 137.4 138.9 135.4 134.5 130.4 131 136.5 129.5 123.6 123.6 123.6 123.6 123.6 123.6 123.6 123.6 123.6 123.6 123.6 123.9 125.1 122.2
19.6 22.5 28.1 29.1 33.9 42.5 50.7 55.2 55.6 49 50.4 67.4 69.5 65.9 70.1 78.1 76.5 72.1 69.3 70.2 76.9 81.4 73.5 73 69.8 69.9 68.5 66.7 64 68.1 73.2 85.2 89.8 92.5 96.3 98.3 97.7 95.2 95.8 99 100.7 96.4 91.8 90 89.5 90.2 90.3 89.2 92.7 95.9 98.7 102.5 111.6 119.7 120.1 124.2 124.4 128.7 126.9 121 118.4 117.8 120.1 125.3 129.7 129.1 130.1 129.2 130.3 127.9 132.2 129.1 124.9 123.6 123.6 123.6 125.6 123.6 123.6 123.6 123.6 123.6 123.6 123.6 122.9 121.7
20.5 23.4 26.7 29.4 31.2 36.1 42.2 43.9 41.1 35.3 52.4 53.5 59.5 63.4 69.8 71.2 66.9 61.9 61.4 62.3 69.9 66.6 66.7 65 63.7 62 61.5 60.8 59.7 65.1 71 81.8 90.9 91.8 94.2 95.8 95.2 95.2 96.4 98.8 96.2 90.8 87.6 86.7 89.2 87.3 87.7 89.5 96.8 99.2 100.6 110.7 111.8 119 120.1 118.7 119.2 120 120.8 119.5 116.8 118.4 119.9 126.2 131 132.3 129.8 128.1 125.6 123.1 126.3 129.1 130.4 133.6 130.7 124.1 127.2 124 123.6 123.6 123.6 123.6 123.6 123.6 123.2 121.3
16.1 19.1 22.7 29.7 29.5 32.9 31.7 31.6 31.5 31.6 38.9 41 51.9 57.5 61.5 61.6 56.9 57.6 50 56.9 59.1 58.3 58.1 56.9 54.2 53.1 56.6 59.1 64.8 70.5 80.1 81.9 88.4 91.5 98.3 98 97.1 97.2 98.9 100.4 94.9 89.1 83.1 81.3 82.1 85.1 87 90.6 98.1 105.6 122.2 123.7 128.5 126.3 120.5 118.8 121 126.1 122.6 119.5 117.1 119.7 120.1 122.1 123.7 127.3 124.4 122.5 122.6 124.2 122.6 126.1 126.4 127 125.3 123.4 123.8 123.5 123.6 123.6 123.6 127.6 128.9 128 125.1 122.7
