webserver/python/data/NC21.asc
ncols 200
nrows 200
xllcorner 220000
yllcorner 910000
cellsize 50
[rows 70 to 104 of 200, columns 0 to 77 of 200]
270.7 268.7 268.7 269.7 263.5 260.5 257.2 252.1 247.5 241.4 238.9 233 229.9 224.4 224.4 224.4 224.4 224.4 235.3 245.5 254.7 259.8 270.6 281.4 296.4 300.9 299.2 299.5 298.6 298.8 301.6 304 302.3 300.6 298.8 297 297.6 292.5 286.6 286.2 313.5 329.5 323.3 319.7 313.2 309.5 307.7 306.1 303.5 300.9 299.1 294.3 289.3 286.1 284.1 279.7 276.9 272.9 271.3 270.5 271.1 267.3 255 248.9 249.5 249.1 251.5 246.9 237.8 231.5 227.4 220.5 217.2 212.2 207.2 203.6 201 196.9
270 270.6 268.7 264.8 260.9 256.9 255 251.4 248.1 243.8 240.9 237.5 232.5 226.2 224.4 224.4 224.4 224.4 227.7 235.5 250.1 262.4 274.8 281.1 284.8 301.4 307.7 299.3 296.2 299.8 299.8 301.4 300.9 298.2 294.8 291.3 291.3 288.8 280.9 278.6 294.6 313.3 321.2 318.1 309.8 309 307.4 304.9 302.1 296 293 292.7 288.6 284.1 280.7 277.1 273.7 269.8 268.7 268.9 266.1 262.2 253.1 246.8 245 248 247.8 242.1 233.8 228.2 221.1 217.2 212.4 209 204.9 201.7 198.3 193
271 269.9 266.5 262.6 259.8 255.5 251.2 250.2 247.3 243.4 241.2 240.2 233.4 230.9 227.4 224.4 224.4 224.4 224.4 227.3 244.5 251.4 260.2 266.3 268.3 279.9 291.8 289.9 286.6 289.8 294.6 298.2 297.7 294.5 291 289.1 286.5 284.3 280.8 277.8 281.7 300.9 314.1 320 310.8 310.4 306.7 303.8 300 291.9 290.7 289.6 285.8 282.5 277.1 274.1 270.9 268.8 268.5 266 263.5 260.6 249.1 244.1 241.1 242.2 242.6 236.4 229 224 220.1 215.5 211.2 207.2 203.2 200.1 195.6 189.9
266.5 263.5 262.2 260.5 259.2 254 249.9 247.9 244.4 241.1 240 239.9 233.1 228.7 228.2 224.4 224.4 224.4 224.4 224.4 228.8 237.8 247.3 249.6 254.8 270.3 284.7 281.5 278 286.2 290.2 289 291.2 291.9 291 288.7 283.5 280.2 277.8 276.8 279.2 293 310.9 314.6 311.2 311.1 305.4 301 291.7 285.9 281.7 284.2 282 277 272 270.3 270.9 271 266.3 262.9 260.4 257.1 250.4 245.2 239.1 239 236.8 230.2 224.3 219.3 214.9 210.8 207.4 204.5 201.4 198.7 194.1 189.8
261.4 259.7 259.2 259 258.5 251.1 251.2 247.1 242.4 240.2 238.8 235.6 230 229.5 225.6 224.4 224.4 224.4 224.4 224.4 224.4 224.4 232.3 238.1 243.6 251.2 260.4 265.3 272.7 276.8 278.2 279.4 282.8 283.4 282.8 284.9 281.5 278.8 273.3 272 277.2 293.8 305 310.5 312.1 311.4 303.9 293.7 285.2 278.2 273.1 270.6 269 267.5 267.5 266.7 265.6 263.5 260 260.1 257.9 255.6 251 247.7 240.6 235.3 230.1 224.4 220 215.2 210.7 208 204.7 202 199.4 196.7 193.4 190.5
275 270.7 265.8 263 260.6 258.8 250 248.9 244.5 239 238.7 235.4 231.4 229.3 228.6 224.4 224.4 224.4 224.4 224.4 224.4 225.9 227.5 229.1 231.5 240.1 242.9 249.3 258.1 264.4 274.2 280 277.3 275 279.7 281.3 281.2 276 270.1 269.9 277.6 288.9 302.2 311 312.1 310.5 302.9 292.9 280.4 272.6 268.6 269.3 268.5 264 263.9 262.4 259.4 259.2 259.1 257.6 255.5 253.4 251 246.8 243.1 238.3 232.4 224.7 218.1 212.9 209.3 207.6 203.3 200.6 198.2 195.1 192.4 189.4
283.7 281.5 276.8 272.7 270.3 266.4 261.9 256.7 255.5 248.8 240.6 237.7 233.9 232.4 231 226.9 224.4 224.4 224.4 224.4 224.4 229.5 229.3 230.6 229.9 229.2 237.3 242.1 244.8 252 260.4 265.6 268.6 267.5 274.5 281.1 276.2 271.5 269 270.7 282.7 293.6 307.5 311.6 311.4 307.9 298.3 289.5 278.7 269.4 268.5 269.2 267.1 262.1 260.2 259.1 259.2 259.1 259.8 256.9 253.7 251.2 249.8 247.8 244.3 239.9 235.6 230.7 220.6 214.8 209.8 209.7 203.9 199.1 197.8 194.3 191 189.3
285.6 283.3 279.1 276 274.8 273.4 273 273.1 267.3 260.8 255.3 250.1 243.1 238.5 235.6 233.3 229.3 227.7 226.4 224.4 224.4 227.4 230.2 229.9 230.4 230 231.8 237.4 238.3 237.8 241.5 246.3 251.1 249.8 260.6 266.4 264.1 271 269 274.9 285.7 300.7 308.8 311.2 311 303 297.5 287.1 278.1 272 267.4 265.5 262.7 260.4 259.5 259.2 259.1 261.4 261.4 258.1 252.8 250.1 247.7 247.4 245.4 241 239.1 237.9 227.2 218.6 212.1 211.2 206.4 199.4 197.7 194.5 190.1 188.4
308.1 294.3 286.1 289.3 288.9 286.6 283.7 283.4 277.9 269.3 266.5 264.1 262.3 255.9 251 243.6 239.2 237.3 232.5 230.4 227.5 224.4 225.8 230.5 231.8 236.6 237.3 238 233.8 230.7 232.7 236.6 240.4 239.3 244.3 252.5 261.4 268.7 271.2 282.4 294.1 310.3 317.1 312.5 307 298.6 296.1 285.8 277.2 271.2 265.6 260.9 259.8 258.7 259.1 259.4 261 261.4 261.4 258.6 252.3 247.9 244.5 241.1 242.8 240.5 238.8 241.1 235.5 221.3 213.9 208.7 204 200.5 198.7 193.7 190.1 187.7
322.3 309.9 304 299.9 303 308.1 311.1 309.8 301.3 290.5 282.9 274.8 268.2 266.2 262.4 253.2 247.4 244 238.9 240.5 233.3 226.1 224.9 230.2 235.8 240.3 241.1 238.1 231.2 228.7 228.7 229.1 233.2 230.9 230.4 242.3 258.3 265.8 276.5 287.5 305.3 321.8 322.2 317.3 309.4 302 295.2 288.3 277 270.9 264.2 258.8 257.4 256.1 258.6 264.5 262.6 259.2 259.6 255.7 250 248.1 243.4 239.8 239.6 239.5 239.2 244.3 243.5 229.2 216.7 209.5 205.4 201.4 197.7 192.3 189.2 186
330 323.9 319.3 315.3 319.4 318.1 317.3 312.3 308 303.4 295.8 286.8 279.3 273.4 266.4 262.1 255.4 251.8 245.9 243.2 242.4 236.3 231.9 230.3 234.9 239.3 238.9 236.4 229.3 228.7 226.4 226.8 223.9 221.4 224.5 228.7 243.1 258.2 269.7 285.1 310.4 327.4 323.1 317.6 309.2 303.2 295.2 287 279.5 272.4 262.7 257.6 255.6 255.6 257 258.8 260 259.8 257.9 253.5 250.6 248 243.8 240.7 238.8 238.7 239.4 244.6 250.8 236.7 222.1 212.3 207.1 199.2 195.1 190.7 187.4 183.4
331.3 329.4 326.7 321.2 318.9 321.2 317.9 312.3 308.3 306.8 304.6 299.8 286.9 280.6 273.6 267.1 263.8 258.9 251.1 248.7 249 248 239.8 236.4 237.5 240.5 242.7 239.6 232.8 228.4 223.3 219.7 221.3 219.1 218 224.9 231.2 241.2 257.1 276.2 312.9 327 321.3 313.4 306.2 300.6 292.1 285.3 278.9 268.5 260 257.9 256.3 255.6 255.6 256.2 260.1 254.8 255.6 251.7 249.5 248.7 245.4 241.5 238.9 238.7 238.8 241.8 247 235.5 221.6 210.3 204.1 198.7 194.2 189.7 185.5 180.6
332.2 331.4 328 320.8 321.2 320.5 319.9 316 310.2 307.6 305.2 300.5 300.3 294.5 282.3 276.6 267.7 261.9 255.6 251 250.5 251.1 246.4 238.9 238.8 240 240.7 241.1 239.8 230.4 224.6 219.8 219.6 213.5 209.9 215.9 219.5 225.5 238.4 258.4 298.4 313.4 315.4 310.4 304.8 298.4 288.3 280.5 275.3 268 263.3 260.9 260.6 256.4 255.6 253 251.7 251.7 251.7 250.5 250.8 249 248.6 244.1 239.5 238.7 238.7 240.5 246.2 242.5 223.4 212.2 205.5 200.7 196.1 190 184.4 178.1
331.4 326.9 319.8 319.9 319.5 320.9 321.2 318.6 314.1 309.9 305.2 300.2 300.5 298.2 285.7 276.5 267.3 261.4 253.5 250.6 250.7 251.2 246.4 239.8 237.6 234.7 236.6 240.1 238.1 232.8 228.4 221.3 220 211.3 208.9 210.5 211.3 213.5 225 241 256.8 282.7 291.2 295.1 295.6 290.9 282.5 277.2 273.5 269.5 265.1 260.6 261.4 255.9 254.3 251.7 251.7 251.7 251.7 250.2 250.5 251.2 251.2 245.5 240.1 238.7 238.7 240 249.1 247.1 228.2 217.5 210 205.4 201.7 195.2 187.5 180.4
329.9 323.8 318.6 316.4 317 318.4 320.4 317.3 313.3 310.9 306.9 300.6 298.8 300.1 289.2 278.6 265.9 258.1 249 249 248.1 249.2 246.8 238.3 233.1 229.5 228.9 232.3 232.8 230.8 230.1 223.5 217.9 213 209.9 208.5 208 208.8 214.6 220 234.4 252.4 274.4 289.2 287.1 277.8 278.6 278.8 273.6 269.2 264.6 260.3 255.8 251.9 251.7 251.7 251.7 252.5 250.8 250.2 250.1 248.7 248.1 242.5 239 238.7 238.7 239.9 241.5 241.3 233.8 226.8 222.1 215.9 211.7 206.8 196.1 184.5
331.4 328.2 317.8 312.6 310.6 312.1 313.3 313.2 309.8 308.8 306.1 301.6 299.5 296.1 288.6 275.2 264.4 259 250.8 244 243 244.4 249.4 239.8 233.8 228.7 228.4 228.6 230.7 230.8 229 223.4 219.5 216 211.7 208.3 207.8 207.8 208.5 209.2 217.8 237.5 253.2 268.2 262.9 270.1 277.3 279.7 276.4 270.8 265.8 261 256.3 253.3 256.2 252.3 252 257.4 254.4 253 252.7 251 252.5 251.1 243.6 243.5 239.3 241 247.6 241.4 234.4 229.6 225.3 220.9 215.5 208.9 203 185.3
327.7 324.3 316.3 309.3 306.2 306.9 306.7 305.9 303 303.1 303.3 301 297.8 294.1 285.1 272.1 259.3 252.3 243.6 239.7 241.1 241.1 243.1 241 236.9 230 227.4 223.9 224.8 227.5 224.4 221.4 221.3 218.4 213.3 209.9 207.8 207.8 207.8 207.8 208.9 230 241.9 247.3 257.7 270.8 281.1 280.2 273.4 267.6 263.1 259.7 259 258.8 261.3 260.3 257.9 260 263.5 267.6 270.8 278.1 283.2 278.4 265 257.4 249.8 245.6 251.1 245.3 235.3 229.1 223.3 219.2 214.2 210.9 201.5 184.2
321.2 315 307.5 301.5 300.4 302.1 301.9 299.9 296.9 298.7 299.3 298.4 294.8 291.8 288.5 271.1 258.1 249.5 237.2 234.1 233.8 233.4 234.8 240.7 231.9 228.3 221.6 221.3 219.1 220.2 219.6 221 221.3 220 215.8 211.5 210.9 207.8 207.8 207.8 207.8 221.2 237.6 252.5 270.1 280.2 280.7 278.5 270 266.8 262.4 259.5 259 259.1 261.4 261.1 262.3 265.9 283.4 295.7 295.8 296.8 294.8 288.6 278.3 268.5 261 249.3 257.2 248.9 237.8 229.2 223.2 218.8 211.1 206.9 193.7 183.3
312.8 305.8 301 292.6 289.3 292 292.1 291.2 292.5 292.6 290.6 290.1 290.2 288.9 279.7 272.4 258 250.3 238.3 231.3 230.9 228.7 229.3 230.7 225.7 220.5 221.3 219.2 210.9 209.3 218.5 221.1 223.9 220.6 217.6 212.9 210.5 208.9 207.8 207.8 207.8 218.3 238.7 260.3 272.3 283.1 281.8 278.9 272 268.6 263 260.7 259.2 258.4 258.8 261.7 265.3 274.7 295.3 306.7 317.4 323.5 317.5 304.4 289.1 275.9 265.4 257.9 261.5 256.9 237.7 230.8 221.8 215.5 208.1 202.2 191.3 186.7
297.5 295.6 293 288.5 286.7 286 285.7 286.8 286.8 287.2 285.8 285.3 286.4 286.5 281.1 271.3 254.6 248.3 237.7 229.7 226.6 224.6 225.2 228.5 223.5 219.1 220 218.6 209.7 208.7 215.9 224.9 229.5 223 218.2 213.8 210.6 208.2 207.8 207.8 207.8 218.2 236.2 256 271.6 282 281.6 276.6 271.2 267.1 261.8 258.4 257.7 256.8 258 260.6 268.8 289.2 306.3 335 344.4 338.8 331.4 321.8 306.9 289.3 274.3 264.4 261.3 258.2 243.4 227.3 219.9 213.1 206.7 199.5 192 190.3
290.5 287 281.9 278.9 279.4 279.8 280.2 280.3 280.3 281.5 281.3 280.3 282.1 282 278.1 265.2 250.9 241.1 234.8 228.8 222.9 220.8 221 222.8 221.7 219 216.6 211.3 210.3 208.4 209.5 227.7 228.9 224.3 218.2 214 211 208.1 207.8 207.8 207.8 209.6 230.3 248.6 264.5 278.8 278.8 273.8 269 263.2 258.7 256.6 254.5 253.6 255.8 259.1 266.9 293.4 318.5 351.4 357.6 349 338.9 334.9 322.2 303 286.1 273.6 259.6 249.6 246.1 229.1 215.8 208.6 203.5 199.4 195.3 191.2
282.6 280.4 269.6 263.9 260.4 268.4 272.6 274.5 275 275.8 276.2 276.1 276.4 275.5 269.9 256.4 244.7 235.5 228.5 225.7 220.4 218.3 219.8 219.9 219.3 216.2 212.4 209.7 208.5 208.2 209.6 220.4 228.5 224.2 219.5 215 210.7 207.8 207.8 207.8 207.8 208.3 222.2 242 255.6 270.8 273 271 265.5 260.2 256.4 253.7 251.8 251.2 251.5 257.2 274.3 299.2 334.2 354.6 356.6 347.1 339 340.8 331.4 317.9 300.9 278 265.7 252.9 238.7 230.4 217.1 207.7 201 196.9 194.6 193.7
265.2 260.6 258.4 255.9 254.4 254.7 253.8 255.6 261.1 268.4 270.3 271.9 267.5 265.6 258 248.9 238.9 231.4 225.7 222 218.9 216.1 215.5 214.9 213.7 211.9 209.5 208.9 207.8 210.1 216.7 225.7 229.7 226.2 219.7 216.3 211.5 208.1 207.8 207.8 207.8 216.1 222.5 238.3 249.8 260.5 267.5 267.2 261 257 252.3 250.6 250.6 250.3 250.5 262 291.3 322.9 350 353.3 351.8 351.3 354.6 341.7 329.1 318.2 301.1 282.8 269 255.4 235.6 226.6 220.8 210.1 199.3 195.6 193.6 192.7
246 246.8 247.9 247.7 248.2 246.9 247.7 245.7 247.2 248 253.7 255.7 257.1 254.8 247.1 239.8 234.2 228.3 224.2 220 217.1 215.2 213.5 210.7 210.9 207.5 208.9 207.8 208.3 216.6 229.6 237.1 237.1 229.5 221.3 217.3 211.9 210.1 209.6 207.8 207.9 221.9 228.3 238.9 248.9 259 261.6 262.6 259.9 254.3 250.2 251 250.5 250.5 251.4 277.9 302.7 326.4 342.3 351.2 351.8 359.1 365.5 347.6 329.5 319.1 306.5 287.2 272.2 256.6 235.7 223.2 214 207.6 200.6 195.8 193.4 191.7
225.2 227.5 229.9 230 234.2 238.7 239.6 240.6 240 241 240.2 241.2 244.3 242.2 236.9 232.7 230.2 226.6 222.8 220.2 217.7 215.4 212.8 207.4 199.3 200.6 203.2 205.8 219.1 226.3 239.8 244.1 244.8 233 220.1 216.4 211.9 211.5 211.3 208.4 212 228.4 247.2 262.3 261.1 259 259.4 261.2 260.4 252.4 249.4 251.1 250.3 250.4 257.9 285.5 306.4 323.3 334.1 340.8 348.4 354.5 357.9 345.5 330.2 315.7 303.8 282.8 270.8 256.4 237 223.9 214.1 206.2 200.4 197.4 193.6 190.7
209.7 212.7 213.3 213.9 214.1 215.5 219.4 222.6 224.2 225.4 228.5 230.6 232.7 232.2 231.4 226.2 225.4 224.8 221.8 221.3 219.6 215.1 210.3 202 194.4 196.4 199.9 208.4 218.8 227.5 238 243.5 246.8 235.9 215.7 211.5 211.2 211.4 211.2 208 214 231.8 248.4 265.6 264.1 259.5 256.6 258.6 255.6 250.6 249.2 251.1 251 252 268.7 291.2 310.9 321.9 331.6 337.3 343.2 349.5 351.1 340.4 323.1 307.3 294.7 281 264.8 250.9 237.1 225.5 214.1 205.2 200.5 199.2 196.4 191.4
192.1 194.8 199.8 202.1 204.6 204.3 205.1 204.8 206.9 209.9 212.5 216.3 223 224.2 224.5 222.9 219.8 221.7 222.3 221.6 219.7 213.6 204.1 198.4 190.3 194.4 205.1 216.3 225.2 233.3 239.4 241.8 241.6 229.7 210.8 204.8 199.7 200 198.8 205.3 218.7 232.6 250.6 257.3 257.2 253.4 249 250.9 249 248.2 248.1 250.7 250.1 252.3 275.5 293.9 308.5 316.3 325.8 334 340 347.8 350 330.2 319.2 304.6 293.8 277.9 259.4 248.9 240.5 227.5 216.5 208.5 204.7 202 200.2 193.7
181 183.2 184.3 186.7 190.1 194.8 195.1 197.6 201.1 197.4 198.1 202.8 204.5 205.6 208.8 209.7 209 216.7 220.1 219 215.5 209.9 198.8 193.8 189.2 188.8 209.1 220.9 230.3 232.1 235.2 241 238.1 226.2 211.7 202.2 197.4 195.4 198.1 213.3 229.4 237.6 250.2 251.2 249.3 248.1 245.3 242.4 242.9 242.8 243.6 245.9 246.3 258.3 276.8 298.3 309.2 317 319.5 332.9 339.6 341 335.6 321.8 310.1 302 289.3 269 259.7 245.7 238.5 229.7 219.9 212.3 208.6 205.2 199.9 194.7
173.6 174.8 174.3 175.8 177.8 177.1 175.5 179.5 186.4 189.7 191.7 194.2 194.3 194.6 195.7 197.5 200 208.9 212.9 212.8 208.4 205 193.8 186.3 182.6 191.8 208.5 219.6 227.9 230.7 229.4 228.8 230.7 221.3 213.7 204.5 194.4 190.1 199 216.1 238 252.1 253.4 251.2 248.8 246 242.1 238.4 238.9 238.1 239.3 241.1 246.9 266.4 281.3 300.6 314.5 319.8 325.5 331.7 338.9 338.7 331 317.8 307.8 298.1 283.4 268.3 255.3 244.1 239.6 229.3 222.3 216.1 212.3 208.2 199.1 193.2
167.1 168.4 166.9 169.4 168.2 169.9 172.6 174.8 180.6 183.2 181.7 179 184.4 186.5 191 194.4 198.4 203.2 206.6 206.2 199.5 198.4 188.8 181.4 179.3 187.8 202.4 219 227 228.8 225.9 228 224.1 213.4 211.3 208 195.7 189.2 201.2 211.5 229.9 249.7 250.8 248.4 244.2 240.7 238.5 233.4 232.2 231 230.4 241 253.7 266.4 282.8 302.5 316.6 322.6 327.2 330 330.9 331.6 325.2 313.4 303.9 292.6 280.5 267.3 253.2 239.5 237.7 232.1 228.2 219.9 214.8 209 201.6 195.6
160.3 160.3 158.9 160.4 162.4 165.8 168.7 170.2 172.6 174.2 174.3 174.3 174.9 183.2 191.3 195.3 197.8 200.9 201.2 200.8 195.1 191 183.2 175.8 174.7 187.4 200.4 213.7 224.3 230.4 223.3 220.7 216.7 208.8 210.8 208 198.9 189.5 195.8 206.3 226.1 244.5 247.7 244 239.8 231.4 229 226.9 229.1 230.2 230.2 239 250.1 265.6 277.9 296.4 319.2 323 322.8 325.1 325.9 324.8 317.1 308.6 301.7 287.2 275.5 259.7 247.6 240.3 239 238.9 235.8 229.4 220 211.3 204.2 197.6
153.6 154.6 152.6 153.7 157.5 161.2 161.8 163 166 166.6 167.4 169.8 169.7 187.7 190.8 195.1 197.2 196.5 194.3 191.3 183.7 179.9 176.9 170.5 174.5 186.7 197.2 209.1 224.8 229.1 219.4 212 209.8 200.3 202.4 201.3 201.1 185.2 191.1 203.4 224.1 240.7 244.1 239.7 231.2 225 221.8 221.1 228.7 229.2 228.1 236.3 251.3 261.7 275.3 290.2 308.2 318.8 316.7 315.8 318.4 315.5 307.9 303.1 293.1 278.5 269.1 254.1 243.9 240.6 240.9 240.9 241.9 239.3 226.8 219 212.4 203.2
148.9 147.1 143.8 149.6 153.9 156.6 157.8 157.7 159.9 159.5 162.3 163.8 163.2 180.5 190.2 192.6 194.8 192.6 186.3 181.2 177.4 169.1 167.7 164.6 174.6 185.6 191.1 204.9 220 222 217.7 209 203.7 199 196 192.3 191.9 180.7 180.6 193.1 213.1 224.7 230.7 228.2 221.1 218.8 217.9 219.2 227 229.2 228.3 236 252 266.7 280.1 284.3 296 305.7 306.5 305 306.7 306.1 303.7 294.6 276.5 270 258.7 247 242.3 241.1 239.5 239.4 246.2 240.6 231.5 225.6 216.4 209.3
139.6 138.1 140.1 150.4 150.7 153.7 154.3 154.2 154.4 152.1 155.3 159.7 165.1 173.8 182.3 186.3 188.9 186.5 180 170.8 169.1 163.2 158.4 160.2 168.1 180.4 184.6 198.4 207.5 215.2 215.1 208.9 202.3 197 193.1 190.2 184.9 181.4 179.8 178.3 194.3 208.5 217.4 211.2 210.7 211.3 211.9 220 229.6 233.9 235.2 242.8 257.7 274.3 283.1 287.5 291.2 297 297.2 294.7 294.5 286.8 290.4 284.3 269.6 257.1 249.8 247.2 243.2 241.8 237 229.5 236.3 237 232.4 231.1 227.9 214.9
132 133.1 138 141.4 144.4 147.6 150.8 150.4 149.6 148.3 150.1 158.1 160.4 161.4 168.6 171.8 174.5 175.1 169 166.3 162.9 158.9 151.7 154.5 166.8 174.1 180.9 195.4 203.4 210.5 210.5 207.4 201.8 196.2 191.6 188.8 181.7 180.6 180.9 178.1 185.4 197.5 203.5 206.2 208.8 209.5 210.8 217.9 231.9 250.2 255.6 256.2 265.9 282 286.1 288.2 290.4 299.6 292.5 289 283.3 278.4 278 272.7 265.3 250.5 251 249.1 245 242 236.7 227.8 229 228.9 230.5 230.4 231.1 218.2
