webserver/python/data/NC22.asc
ncols 200
nrows 200
xllcorner 220000
yllcorner 920000
cellsize 50
[rows 0 to 35 of 200, columns 0 to 79 of 200]
541.6 512.1 486 473.3 463.9 455.6 447.7 440.2 431.4 416.9 403.8 400.5 399.6 399.1 399.8 402.1 406.4 421.6 443.9 500.4 541 577.3 612.4 640.9 620.3 635.1 598.4 616.6 566.3 583 546.9 480.8 435.6 392.4 344.7 299.8 281.1 268.8 253.9 246.2 233.8 220.3 212.7 205.1 201.8 200.1 191 186.7 179.8 180.9 180.2 178.9 176.8 174.2 170.1 168.1 167.2 165.3 164.4 162.7 162.3 161.5 161 160.4 160.5 160.4 160.4 155.5 149 152.9 159.8 160.3 160.1 159.5 162.2 167 168.9 169.4 170.9 174.9
529.3 501 478.9 467.1 459.1 452.2 442.5 434.5 427.7 419.1 405.9 400.5 400.2 401.2 405.7 412.2 425.2 453.5 505.9 547.4 582.1 613.2 643.9 670.4 650.7 640.5 680.6 650 602.6 616.6 565.2 500.5 447.1 407.5 366.1 314.4 291.4 280.7 272.3 263.4 254.2 235.4 219.8 210.5 208.6 199 189.5 186.7 183.1 180.2 180.4 179.3 179.8 176.7 169.5 168.1 166 163.6 161.7 160.8 160.8 160.7 160.4 160.2 160.3 160.6 160.6 160.9 157.2 149.6 154.2 157.9 160.2 160.3 159.6 162.4 165.5 168.4 168.5 171.2
522.3 492 472 462.2 455.5 448.4 438.7 431.3 426.6 422.1 414.5 405.9 404 408.2 414.9 432.3 463.8 510 555.7 588.5 613.1 644.8 671.1 692.3 694.3 704.4 731.2 704.3 649.2 638 569.1 512.2 451.7 419.9 386.4 327.7 303.4 282.9 274.2 266.7 260.3 254.6 238.3 218.4 216.5 200.7 192.3 190 186.6 185.8 185 189.5 191.2 180.4 172.7 170.1 167.9 165.5 162.9 160.8 160.8 160.8 160.8 160.8 160.8 160.8 160.8 160.3 159 153.3 154.5 158.9 159.1 159.1 159.1 160.9 161.8 164.7 167.9 173.8
516.2 487.3 467.5 459.5 452.1 444.5 436.2 430.1 425.3 422.8 422 422.4 421.3 428.9 441.5 478.6 527.3 561.5 592.9 618.3 646.3 671.5 694.2 705.5 721.4 734.2 729.8 705.9 677.9 625.1 572 500.5 455 420.7 388.1 336.2 301.9 289.1 277.2 269.3 262 255.7 246.2 234.6 233.7 216.3 196.8 196 189.5 190.1 190.6 194.2 198.4 199.4 197.8 179.5 170.8 167.6 165.7 163.3 160.8 160.8 160.8 160.8 160.8 161.1 161.4 160.7 160.1 159.6 159.1 159.4 159.6 159.6 159.5 159.2 159.1 161.1 166.5 173.7
508.8 477.4 465.6 457.6 449.8 442.3 434 428.9 426.6 423.5 423.3 427.6 434.3 454.1 489.5 533.3 572 595.2 628.5 651.2 671.3 694.4 706.2 714.7 733.9 726.5 701.6 677.6 647.2 611.6 550.6 490.1 454.7 417.5 382.2 343.3 303.8 288.8 279.3 272.3 262 253.6 246.9 242.8 235.4 225 210.4 202.8 194.9 190.1 190.1 194.4 203.6 210.5 200.7 193.7 180.1 173.9 171.1 168 166.5 161.4 161.5 160.8 161.1 162.5 162.7 162.8 162.6 160.5 159.9 159.7 160 160 159.8 159.3 159.1 161.3 163.9 172.2
499.8 476.2 464.8 456.7 448.7 439.5 431.6 428.2 426.4 427.5 431.5 436.3 464.6 504.8 543.3 574.4 609.5 627.5 652 675.9 697 704.3 712.4 726.2 726.7 697.7 674.2 650.2 626.1 593.3 548.8 487.9 443.8 412.7 370.9 327.8 301.1 287.8 281 274.8 266.3 256.3 248.4 244.1 240 229.7 223.2 211.6 201.1 192.4 191.3 193.2 200.3 209.2 201.7 197.4 187.1 184.1 180.3 172.6 177.9 175.4 169.8 166.4 164.7 165.1 165.7 165.7 165.2 162.7 160.3 160 160.3 160.4 160.1 159.5 159.1 162.2 164.7 170.9
499.4 477.3 465 456 449.6 436.6 430.7 429.3 432 439.2 452.6 478.4 510.1 552.4 579.4 609 634.2 651.2 677.1 698.6 708.9 716.3 724.6 730.5 699.3 673.7 648.5 625.4 595.3 562.1 519 467.5 431.8 395 350.3 316.9 298.1 291.2 284.9 278.5 272.4 262.4 253.3 247.1 242.3 233.7 226.2 214.5 201.9 196.8 192.8 196.8 204.3 205.5 203.8 201.7 199.3 197 192.2 194.4 194.7 188.2 183.3 175.4 169.6 167.7 168.4 168.7 167.9 166.4 163.5 160.3 160.6 160.8 160.2 159.7 159.3 163.1 165.2 167.5
496.7 478.6 464 456.4 449.6 439.6 433.7 434.3 445 463.1 487.4 517.7 553.4 577.3 606.3 628 649.9 673.9 694.6 707.7 716.7 723.7 729.6 720.4 684.4 652.3 625.7 595.9 570.6 535.2 486.9 452.9 420.9 379.9 337.1 310.8 298.8 291.4 286.1 281.5 276.5 267.3 256.8 249.6 245 240.4 232 219.1 203.1 196.9 194.1 200.7 204 202.3 201.6 199.1 201.4 200.4 198.3 199.3 199.5 195.1 188.6 181.5 177.3 170.7 169.7 170 169.2 169.9 167.1 163.7 166 162.8 159.8 159.2 167.8 167.3 165.9 167.4
490.5 477.6 466.6 458.2 450.6 446.2 443.5 449.7 468.2 490.4 519.7 551.8 568.3 591.3 620.5 643.7 666.2 689.3 705.2 716.7 726.5 733 733.8 711.8 670.4 636.4 605.8 575 548.1 507.3 463.4 435.5 405.8 357 331.4 311.3 299.4 291.6 285.7 280.7 275.4 270.5 261.5 252.6 246.3 242.2 235.3 225.8 209.2 199.4 197.4 195.8 203.8 203.1 198.8 197.5 200.7 200.4 198.8 199.5 198 192.9 187.6 182.7 179.5 175.4 174.8 173.1 169.7 169.4 169.9 168.2 170.3 167.6 159.8 160.7 163.5 165.3 166.2 169.3
489.4 478.9 471.1 462.1 454.8 452.1 455 468.3 485.9 514.4 541.4 566 580 604.7 633.7 659.4 681 699 714.7 730.4 740.8 743.7 731.9 698.9 659.6 624.1 593 561.8 525.5 475.9 445 419 382.2 344.1 330.1 310.7 299.2 291.3 285.7 281.2 277.3 272.6 265.2 257.5 250.4 245.4 237.4 225 212.6 210 207.2 202.2 197.5 198.8 197.5 197.5 199.5 200.4 199.4 197.4 195 190.6 186.1 182.7 179.8 179.4 178.9 178.3 176.4 175.8 173.5 171.1 169.2 165.2 159.9 159.7 160.5 162.2 164.8 171.4
491.5 483.7 477 473.6 469.7 469.1 476 489.9 514.4 537.5 556.1 568.8 588.5 619.8 647.9 672 689.1 709.1 726.4 747.1 759.7 753.7 727.5 691.9 655.3 618.3 580.7 549.2 502.1 459.2 427.1 400 361.4 339.6 327.8 316.4 298.1 291.2 285.7 282.6 278.4 273.4 266.9 260.2 252.7 245.5 236.1 228.2 221.1 219.1 213.1 205.5 197.5 197.5 197.5 197.5 198.3 199.7 198.3 195.4 192.4 189.6 186.3 183 180.5 179.7 179.2 179.8 180.7 179.7 177.6 172.3 170.2 167.2 161.6 160.1 161.1 164.1 168 176.8
499.4 493.7 494 496 494.2 491.6 501.2 513.2 531.9 546.6 559.7 573.6 596.1 631.3 661 682.5 700.2 720.3 740.7 764.3 783.4 759.7 727.4 690.2 651.8 617.1 574.5 528.7 477.9 441.9 413.4 381.8 354.2 331.2 325.1 316.1 303.4 295.9 288.7 284.5 279.4 274.1 268.6 263 254.5 244.8 240.9 236.8 230.5 222.6 215 211.5 201.9 197.5 198.4 200.9 200.2 199.8 197.1 194.2 191.5 189.4 186.9 183.6 181.4 180.1 179.5 180.4 180 180.9 177.8 173 168.9 168.9 165.9 166.4 164.4 168.6 173.2 188
516.2 519.4 527.3 534.1 535.3 526.9 524.8 526.8 539.9 552 564.8 584.1 605.3 644.3 667.4 689.7 712.3 734.2 757.8 781.4 789.3 758.3 729.1 694.9 659.3 611.6 565.1 514.2 460.1 423.2 398.8 368 350 332.2 321.8 312.7 304.3 298.1 291 285.4 279.9 275.5 271.1 266.5 259 251.8 248.4 243 233.2 221.7 216.4 213.5 207.3 201.1 205.7 208.3 202.8 198.7 195.9 193.1 191 188.9 186.6 184.1 182.3 180.5 180.1 180.4 180.3 179.9 178.7 174.6 171.2 169.8 171 170.1 169.5 173.5 182.9 193.3
540.7 544.3 568.2 585.1 572.9 555.3 539.4 537.2 546.6 558.6 570.1 590.7 614.5 655.8 678.4 703.5 725.5 748.1 771.9 795.1 783 752.7 723.4 691.5 651.6 609.4 556.6 499.6 445 409.3 386.8 360.2 341.4 331.6 321.5 314.7 306.4 300.4 291.5 286.6 282.8 281.5 277.2 272.3 268.2 260.3 253.3 245.1 236.3 226.3 218.9 213.5 208.2 208.6 208.9 208.6 201.8 197.6 194.6 191.9 190.5 188.5 186.2 184.7 183.1 181.4 180.4 180 179.7 178.8 178.3 178 174.9 175.4 175.3 174.9 176.1 180.7 191 196.2
561.7 571.5 595.1 622.4 609.1 589.1 568.6 555 556.6 568.1 584.3 592 634.4 669.1 693.9 717.4 739.4 761.9 789.5 801.3 773.2 743.4 712.7 679.4 650.7 611.2 547.8 487.3 426.9 399 377.6 357.4 341.4 330 323.5 321 312.7 305 295.8 291.4 289.7 287.5 284.5 279.7 273 266.3 257.6 248.8 239.9 229.8 222 217.2 211.2 208 205.5 203.4 199.5 195.9 192.9 190.6 189.3 188.3 186.8 185.3 183.7 181.8 180.2 179.3 178.8 179 180.4 180.1 180.9 182.7 180 183.1 192.6 197.1 201.6 204.2
587.3 596.2 610.6 632.3 629.2 614.8 595 577.4 572.6 579.9 593.6 614.2 655.6 682.4 708 730.6 754.3 781.8 804.9 793.1 759.8 727.9 693.5 664.8 630.8 585.6 535 472.3 417.8 385.7 371.3 353.7 339.7 328.5 323.7 320.5 316.8 310.1 303.4 299.9 297.6 294.9 291.7 283.9 277.1 268.4 260.6 252.7 242.1 229.9 221.2 218.7 213.6 209.5 206 201.7 197.6 194.6 191.2 189.2 188.5 188.3 187.7 186 184 181.6 180.7 179 179.7 181.1 182.5 183.1 184.8 189.7 195.6 201.9 209.2 210.4 212.1 218.8
623.4 621.6 625.8 645.7 640.8 630 613.2 598.8 594.4 600.3 611.8 641.9 674.3 699.9 722.8 750.2 775.9 800.6 799 777.1 746 713.5 678.5 649.3 611.5 568.5 523.3 461.4 411 380.8 366.4 353.9 339.8 330.1 325.2 322.4 317.6 314.6 311.1 308.5 305.6 304.4 300.2 290.2 278.7 270.3 260.9 251.4 241.2 230.1 222.9 220.2 217.1 210 203.9 199.7 195.5 192.4 189.5 188.6 188.4 188.2 188.1 186.9 182.5 181.3 181.2 181.1 179.6 181.5 187.5 194.7 197 204.5 212.2 224.1 220 217.5 228.6 232.1
659.2 653.9 651.3 661.3 659.6 643.7 627 614.1 615.4 630.2 645 673.9 701.4 720.9 742.1 770.1 788.9 777.9 772.8 757.4 729 694 665.5 630.3 592.5 552.5 512.8 453.7 405.4 376.8 365.4 356.4 341 333.4 328.6 323.6 319.1 318.7 317.7 315.3 313 310.6 305.1 295.3 281.4 268.8 258.3 248.3 238.9 229.3 222.4 218.7 214.9 210.3 204.4 197.9 193.5 191.1 189.3 188.6 188.4 188.2 188 188 181.2 183.5 186.1 184.3 186.9 195.5 205.8 217.8 212.2 219.9 229.9 242.5 244.4 244.3 242.9 238.8
692.1 680.9 676.9 681 679.1 665.8 649.9 639.9 646.6 660.8 676.1 699.9 719.8 742.7 758.5 764.8 760.7 754.1 746.3 732 706.8 676.8 643.7 613.4 575.7 537.7 501.8 444.3 396.6 376.3 361.9 354.3 346.6 337.1 332.7 326 322.4 323.6 324 321.9 318.2 311 305.1 294.5 282.4 268.1 254.2 246 236.8 228.4 221.4 217.2 213.3 209.2 203.8 198.3 192.4 190.5 189.3 188.8 188.4 188.2 189.1 188.6 184.9 189.1 195.8 195.8 205.2 215.5 233.1 229.1 224.9 235.6 243.9 257.5 256.3 248.2 241.9 236.9
708.1 709.6 700.7 697.8 695.6 688.7 680.7 674 675.7 691.4 706.1 719.9 737.2 746.1 738.7 735.7 732.1 725.6 713.1 698.6 682.9 656.4 624.4 591.5 557.2 522.1 489.4 431.7 390.4 370.7 361.5 354.9 348.6 340.1 336.4 333.2 330.2 328.6 329.3 325.1 319.2 308.6 303.4 293.6 281.9 264.5 252.2 244.1 236.4 227.9 222.6 218.4 212.5 208.3 202 198.5 193.9 193.7 190.8 189 190.8 194.2 196.8 193.3 194.1 202.2 216.2 214 221.8 241.6 243.5 238.7 240.4 253.6 260.4 260.4 255.7 249 243.1 237
714.7 727.9 722.7 707.5 706.1 704.8 705.8 701.1 701.2 709.8 714.2 719.9 721.2 716.8 709.5 704 697.6 691.8 681.9 667.7 652.8 631.2 602.5 571.9 537 506.6 466.5 419.7 386.5 371.7 360.4 353.9 349.6 344.6 340.2 339.1 339.2 331.4 330.9 327.6 318.7 308.5 302.7 291.4 276.5 262.7 251.3 243 236.1 230.6 224.9 219.6 212.2 207.8 201 198.7 198.8 199.3 198.5 196.7 198.4 201.6 200.3 199.9 206.6 217.5 237.7 240.1 241.7 251.3 253.3 254.5 257.8 266.1 265 262 258 251 244.1 236.8
709.3 740.1 726.6 709.1 708.3 709.5 705.4 701.2 702.8 699.6 696.8 696.1 691.7 686.4 679.6 672.9 669.2 661 648.9 636.7 623.4 602.7 578.4 549.6 513.2 477.8 442.2 406.1 381.1 371.5 362.5 357.2 351.6 347.6 339.6 339.8 336.6 330.8 329.3 326.7 315 306.7 299.2 287.7 275.4 263 250.8 242.6 238 231.2 227 221.5 213.6 208.2 202.4 199.1 200 200.8 200.4 201.3 203.3 206.5 207.3 211.2 217.9 235.1 265.9 269.2 262.2 262.1 265.4 268.9 271.5 270.3 265.9 261.5 255.9 249.9 243.4 236.8
706.5 733 714 699.4 694.1 691 687.6 683.8 681.8 677.3 671.3 665.5 659.8 654.8 648.7 641.4 636.8 631.2 620.3 604 587.9 569.5 550 517.2 484.7 448.3 424.3 401.2 385 373.2 365.9 359.9 349.2 344.9 338 335.4 331.7 329.1 326.1 323.5 312.9 305.5 298.8 287.6 276.3 263.3 253 245.9 241.2 236.5 230.2 225 217.7 211 205.4 199.8 200.9 202.3 204.6 206 208.3 212.2 214.4 219.4 233.5 261.9 284.2 289.2 284.7 281.3 282.5 279.1 274.7 269.4 265 260.6 256.2 251.4 244.8 237.2
709.8 714.8 698.3 679.3 671.9 667.4 661.2 656.2 653.4 648.2 641.4 631.5 626.7 621.5 614.5 608.4 603.4 598.1 586.1 571.7 552.4 536.1 506.7 481.9 453.3 430.1 413.3 403.6 392 376.1 368.7 363 351.2 347.8 344.6 336.2 329.2 328 325 318.9 311.1 303.9 297.5 287.7 276.4 266.3 257.4 247.8 244.9 238.9 234.2 228.6 222.8 216.4 208.5 205.6 208.4 208.9 208.7 211.3 213.9 219.8 226.3 234.2 252.3 276 292 297.6 296.8 291 285.8 280.4 273.2 268.1 263.4 258.7 254 249.2 244.2 236.7
705.9 694.9 673.1 654.2 645 637.7 631.1 627 621.4 616.8 608.2 597.5 590.7 586.4 579.8 577.1 572 563.5 554.9 539.1 513.8 496.4 475.2 456.7 439.8 423 419.1 414.5 399.4 385.8 371.7 367.5 363.9 360.4 352.1 340.2 331.4 328.5 322.5 316 310.3 303.1 295.6 288 277.4 268.4 260.8 254.9 249.3 240.2 238.5 235.9 227.7 222 210.1 216.7 216.4 216.1 215.1 217.7 222.2 232.5 245.5 253.5 267.6 283 293.2 298.5 297.8 289.8 283.2 277.2 271.5 266.4 261.2 256.5 251.8 246.9 242.1 235
697.3 676.3 650.5 624.6 615.2 608 601.6 595.1 592.2 580.5 570.5 562.4 556.7 554.4 551.7 545.9 540.4 528.7 510.5 494.3 484 468.8 451.4 440.2 432.9 426 420.6 419.3 402.1 392.1 381.3 377.1 373.7 366.5 357.7 342.3 328.9 327.7 320.3 314.6 308.9 302.1 294.8 287.4 278.8 270 264.2 260.2 250.2 247.1 247.5 243.6 237.5 221.5 229.9 234.4 233.5 225.1 220.2 223.9 234.8 247 254.3 259.9 269.2 281.5 289.7 292.2 290.7 288.3 280.6 275.1 270.3 265.1 260 254.8 249.8 244.7 240.9 235.2
672.3 659.2 629.6 594.6 587.5 578.3 565.2 557.5 549.6 544.9 538.9 533.3 529.9 526.2 518.5 513.1 504.6 493.1 480.8 472.4 460.8 451.1 442.5 435.2 430.3 423.8 420 415.8 407.2 397.3 394 386.6 382.2 371.4 357.6 346.8 330.8 325.3 319.1 313.1 307.4 301.1 293.8 285.3 278.1 271.5 262.7 259.1 255.3 254.7 253 249.1 242.6 236.7 244.6 246.1 243.9 235.3 233.4 234.7 242.2 251.2 256.5 261.5 269.9 280 283.4 285.1 285.5 283.4 278 273.9 269 263.9 258.7 253.1 249.2 245.3 242.3 241.1
627.8 626 602.1 574.1 563.9 551.6 542.1 533.7 526.9 522.9 517.9 513.9 510.3 505.4 497.4 490.6 483 473.6 464.9 455.9 450.9 446.3 440 434.2 428.5 420.6 417.2 413.9 409.8 405.7 405.4 401.3 401.1 381.6 359.2 347 329.3 323.5 319.6 311.7 305.9 300.1 292.3 283.3 276.8 269 259.8 259.2 259.7 258 254.8 250.5 243.1 249.1 250.2 251.7 250.1 244.7 243.4 243.6 248.9 253.2 258.5 262.8 266.9 276.6 280 279.1 281 279.3 275.4 271.3 267.7 262.2 256.7 251.1 248.7 246.6 245.1 244.1
593.6 592.2 583.5 562 552.1 539.3 531.3 521.8 513.6 510.8 506.3 501.3 495.9 491.6 483.1 476.5 467.3 460.6 454.7 451.5 446.7 442.1 437.4 432.1 426.1 419.1 415.8 413.5 414.7 414.3 411.2 409 402.5 388 363.4 350.1 335.1 321.4 320 310.8 303.3 298.2 290.1 280.7 275.8 267.7 261.1 258.5 258.9 257 254.2 250.5 250.3 254 254.7 253.6 252.3 249 248.5 249.2 252.3 255.9 260.3 264.4 267.3 272.2 278.2 276.8 277.7 274.8 272.3 269.8 264.1 259.7 254.7 250.1 248.2 248.4 248.8 250.5
582.4 579.6 570.8 559.1 549.8 539.6 526.6 513 500.3 497.1 496 490.2 484.4 477.7 473.2 467.7 458.8 453.5 450.7 448.2 444.2 438.9 434.1 430.2 423.9 419.3 418.7 418 418.7 415.2 411.8 406 397 382.2 364.9 354 343.5 320.2 319 310.7 302.5 292.7 286.7 279.2 274.4 268.1 260.9 259.7 260.1 258 254.3 251.9 254.6 257.9 256.4 254.7 253.4 251.7 250.1 253.4 256.8 261.6 265.1 268.3 269.1 272.1 276.8 276.8 275 272 268.6 264.5 261.2 256.5 252.2 249.4 250.1 250.1 249.6 250.1
566.2 570.3 569.4 562.8 559.1 551 529.9 509.7 492.7 479.6 483.4 475.4 471.2 463.8 457.7 455.2 453.4 450.4 447.8 445 441.9 437.6 432.8 427.6 421.6 419.2 417.3 415.5 413.5 410.2 407.4 398.3 388.4 376.7 361.8 357.1 348.3 330.5 320 310.5 302 295.2 287.7 282.3 272.4 268 261.8 260 260.7 259 254.8 255.5 258.5 260.4 258 253.7 252.8 251.1 252.8 263.1 270.6 269.2 272.2 271 275.5 282.1 282.1 278.6 277.5 270.1 264.8 260.7 259.1 253.8 249.7 251.5 252.1 250.4 251.8 253.2
546.6 572.1 581.9 582 586.3 569.9 535.2 509.7 491.5 474.3 467.9 459.9 457.9 453.9 449.8 447.4 446.4 445.3 443.9 442.4 441.1 437.8 432.4 427.4 421.3 418.9 415.8 412.1 408.4 405 400.3 390.1 380.1 369.1 359.9 355.6 348.4 333 320.5 308.8 302.9 296.4 289.4 286.3 272.8 267.9 262.9 260 260.2 260.5 256.3 258.5 259.1 259.7 258.3 256.1 254.7 256.1 271.1 283.1 277.9 280.6 278.1 276.2 287.4 289.8 288.4 282.1 279.6 271.7 265.1 259.6 255.6 252.5 251.3 252.8 255.1 254.6 255 256.4
554.8 586.8 605.1 622.6 622 597.5 552.6 517.8 493 470.3 457.2 450.6 447.1 446.1 442.4 441.3 440.5 439.3 437.7 437.4 438.5 438.3 434.3 430.7 422.6 420 414.6 409.9 405 399.7 393.3 382.4 371.6 361.8 358 349.5 345.5 335.1 325.5 314.2 308.9 297.2 292.5 290 279.4 268.8 263.4 259.9 259.6 260.3 259.2 258.2 258.6 259 258.4 258.1 263.7 271.2 294.9 299 290.7 286.5 284.3 290.8 290.3 288.4 286.4 283.9 279 272 265.4 259.3 258.8 256.6 255.3 256.5 257.8 258.8 259 259.6
548.3 587.9 632.1 659.7 646.5 611.7 566.3 531.9 497.3 470.4 454.3 443.7 439.1 437.6 435.4 435 434.6 433.3 432 433 433.9 434.9 433.5 432.1 425.4 418.9 412.9 407.6 403.3 396.3 387.7 376 365.8 359.2 354.3 348.2 342 334.7 328.4 320.2 316.4 302.2 299.5 291.2 282.8 271.7 266.8 261.3 263.5 264.2 261.1 258.7 258.4 258.6 258.7 272.5 274.9 285.1 305 303.8 301.4 299.8 291.4 290.7 287.4 284.6 282.7 280.4 275.4 269.5 262.8 259.7 259.2 258.6 257.7 259.4 260.5 261.9 262.9 263.5
541.6 579.6 622.3 672.6 680.4 623.4 582.5 541.4 506.6 477.2 457.1 438.8 430.7 428.4 428.8 428.2 428.1 427.6 427.6 429.5 430.2 431.2 430.9 429.7 426.4 421.4 412.2 405.7 398.9 389.4 380 369.2 362.1 356.8 352 347.2 340.5 334.2 330.5 320.2 312.1 306.5 300.9 294.3 286.9 277.7 271.1 273.4 274.8 271.4 268.5 264.4 266.8 269 278.8 286.4 282.2 303.8 310.8 307.7 301.1 300.1 294.3 289.7 286 282.4 279 276.9 271.9 267.3 261.1 259.5 259.2 259 258.9 260.3 262.7 266 268 268.1
534.2 579.6 633.5 683.6 690.5 638.3 599.8 556.2 515.4 487.4 460 440.1 428 425.9 425.9 425.9 425.9 425.9 425.9 425.9 426.8 429.7 429 427.6 424.2 420.3 412.5 405.2 396.3 382.5 372.2 363.9 358.1 352.8 348.2 342.8 337.9 333.1 328.6 318.3 309.7 309.8 303.4 294.6 288.1 282.3 276.5 281 279.9 277.2 273.3 275.2 277.9 276.5 294.5 297.4 302.8 309.3 311.5 309.6 303.3 300.4 294 287.3 283.6 280 276.3 273.6 269.6 264.8 260.2 259 259.3 259.6 259.9 261.5 265.5 269 271.2 271.8
