webserver/python/data/NC30.asc
ncols 200
nrows 200
xllcorner 230000
yllcorner 900000
cellsize 50
[rows 0 to 34 of 200, columns 0 to 78 of 200]
194.9 192.9 190.1 184.3 178 171.4 169.5 169 164.2 160.2 158.4 156.9 156.1 155.2 155 155 154.9 154.9 154.1 155.7 156.2 156.4 157.2 159.4 160.5 160.7 159.1 159.6 149.3 161.5 161.1 161.5 167.9 170.7 168.8 167.7 172.7 185.3 195.6 203.5 210.7 215.7 219 218.2 217.5 216.9 215.7 211.2 210.9 214.5 219 221.6 225.7 228.7 231.2 233.6 235.6 237.7 241.2 243.7 246.2 248.4 249.2 250.8 251.9 251.8 254.9 257.9 259.5 260.1 260.5 262.1 263.6 264.6 265.9 267.4 268 268.5 268.7
194.7 192.4 189.5 183.6 178.6 173.4 170.2 168.9 164.2 160.8 158.8 156.8 155.7 155.3 155.1 154.9 154.6 154.4 154.6 155.3 155.9 156.5 157.6 158.3 157.7 160.6 153.6 151.5 150.5 158.9 160.9 160.6 164.7 167.9 169 168 170.7 181 192.3 209.5 210.2 213.6 216.7 215.6 215.2 214.8 214.1 210.2 209.5 214 219.3 223 227.5 229.9 233 236.6 238.8 240.7 243.4 246.3 249.1 251.6 252.7 254.3 255.7 257.5 258.4 260.7 260.2 261.6 262.7 264.5 266.3 267.1 267.7 269 269.8 270.7 271.5
191.9 190.6 190.1 183.1 178.5 175.4 172.5 169.3 165.6 161.5 159.3 157.6 156.4 155.5 154.8 154.5 154.3 153.9 153.9 154.3 154.9 155.4 156.1 156.3 150.9 149.4 149 149.2 150.7 156.1 160.4 159.1 159.6 161.4 162.1 165.4 174.3 183.4 192.1 205.5 209.5 211.8 213.3 212.9 211.9 211.4 210.9 205.8 208.1 214.1 220.4 224 228.3 231.3 235.3 239 241.2 243.8 246.2 248.9 251.7 254.3 256.3 257.6 259.9 260.9 259.6 261.3 262.4 263.7 265.3 267.1 268.8 269.1 269.7 271.4 273.1 274.3 275.2
189.3 190.9 190.9 186 181.1 177.9 174.8 170.8 166.7 162.4 159.3 157.8 156.4 155.3 154.1 154.1 153.8 152.7 152.4 153.3 153.8 154.3 154.7 152.2 149.6 149.4 151.5 151.7 151.7 154.3 159.3 159 158.8 159.1 159.4 165.7 174.2 184.2 193.4 200.9 207.7 218.4 211.3 210.2 208.7 208.7 205.6 200.1 207.1 214.6 221.2 225.6 229.6 233.7 237.9 240.5 244.1 246.8 249.2 251.9 254.8 257.7 259.7 261 262.7 263.2 262.9 265.4 265.5 266.1 267.7 270.1 270.4 270.5 272.6 274.4 276.3 277.9 278.9
188.7 190.9 190.8 189.4 186.4 181 176.4 170.7 166.4 162.6 159.7 158.5 156.7 155 153.4 153.5 152.3 151.5 151 152.1 152.4 152.9 153.3 150.6 149 149.5 152.1 153.6 155.3 156.1 158.8 159 159 159 160.5 169.6 177.2 184.3 191 196.4 207.9 209.5 207.5 205.6 204.4 203.4 200.1 202.7 211.6 217.8 223 228 231.9 235.9 239.9 242.8 246.7 250 253 256.1 258.5 261 263.1 264.8 266.5 267.6 268.2 268.9 269 268.8 269.5 270.9 271.8 273 275 277.1 279.2 280.8 281.7
189.1 189.5 190.4 191.9 193 188.1 178.1 171.2 165.8 162.9 160.7 159.5 157.4 154.8 152.7 151.4 149.5 150.2 149.8 150.7 150.8 151.4 150.8 149.6 149.6 150.6 151.6 152.7 155.8 157.7 159.4 159.6 159.1 159.6 162.4 168.4 177.3 184.6 192 196.9 203.1 207 203.5 200.5 198.8 191.3 198 205 213.1 220.1 225 229.6 233.6 237.6 241.6 245.1 248.9 253.6 256.8 259.8 262.4 264.8 266.6 268 270.3 270.3 270 270.1 269.7 269.1 271 273.1 274.2 275.6 277.4 278.6 280.7 283.6 284.3
188 190.1 190.9 196.2 198.6 187.6 177.7 170.9 166.3 162.3 161 159 157.1 154.5 153.6 152.9 150.9 149.5 149.7 149.5 149.2 150.3 150.1 149.2 149.8 150.5 149.7 151.4 154.8 158.5 160.7 161.1 160.8 161 161.4 167.1 174.3 183.1 190.8 198 201.1 202.1 200.4 195.7 190.3 191.7 200.8 206.7 213.1 219 224.3 229.8 234.6 238.6 242.9 246.9 251.4 256.8 260.5 263.6 266.2 268.6 270.3 271.7 273.2 273.5 272.8 273 272.9 272.2 272.1 275.4 276.8 278.2 279.6 280.1 283 286.2 287.7
183.7 187.7 190 190 190.3 184.2 174.6 169.3 165.3 160.9 159.1 157.6 155.8 154.9 154.4 153.6 155.7 155.3 156 153.3 151.1 149.6 150.3 148.9 148.8 149.2 148.8 150.2 152.7 156.6 159.7 160.9 160.3 161.1 160.9 163.2 170.3 177.6 187.1 200 200.8 200.7 198.3 193.8 183.5 190.5 199.3 206.6 212.8 219.1 224.3 229.7 235.3 239.6 244.3 248.7 253.8 259.4 263.6 267.3 270 272.3 274.1 275.8 277.2 277.3 276.6 276.3 275.8 275.7 276.1 277.6 279.5 279.8 282.2 283.4 285.3 288.6 291.7
180.6 183.5 185.5 183.5 182.8 178.9 170.9 166.8 163.3 160.7 159 157.3 155.7 154.3 154 154.3 158.3 160.5 160.6 159 156.5 151.2 150.9 149.8 148.4 148.2 148.3 149.1 151.2 152.5 154.3 156.5 158.1 160.7 159.1 160 167.6 176.4 188.7 191.8 191.9 193.5 191.4 182.5 180.5 189 198.4 204.5 210.2 219.5 224.9 230.1 236.6 240.7 245.8 250.7 256.3 261.9 266.8 270.3 274 276.4 278.3 280 280.4 280.1 280.2 278.9 278.8 279.6 279.7 279.6 280.6 282.2 285.1 287.2 288.9 291 294.2
179.1 179.9 181.5 180.4 179.1 175 170.1 165.9 162.4 160.4 158.6 157.7 156.9 154.1 153.7 155.2 159.7 161.1 160.8 161 161 159.7 159.3 151.2 148.3 147.8 147.9 148.9 149.1 149.5 149.8 150.7 150.9 154.6 156.1 155.7 158.7 165.4 173.1 177.3 181.4 184.3 180.6 170.6 182.3 189.3 196.6 203.3 210.1 218.2 225.2 231.9 238.8 242.5 247.6 253.1 258.9 264.5 269.4 272.9 276.6 279.9 281.3 282.4 282.7 282.6 282 281 280.8 282 282.2 282.5 283.8 285.3 288 290.5 292.4 294.9 298.4
178.7 178.5 179.1 179 181.1 173 168 163.8 160.4 160 159.1 157.9 157.8 156.8 155.2 157.8 159 159.1 161.4 164.7 167.9 166 167.7 159.9 150.6 150 148.9 148.4 148.4 148.3 148.5 148.7 149 150.7 150.8 150.4 153.5 153.8 159.8 163.3 170.6 173.4 170.1 170.5 181.4 189 195.5 201.5 209.2 217.1 225.6 233.4 239.3 243.3 249.3 255.2 261.6 266.7 271.3 274.9 278.7 281.1 283.4 284.6 285 284.9 284.5 283.9 283.3 284.4 285.4 285.6 286.2 289.1 290.6 293.2 295.6 299.9 303.2
178.2 177.9 177.8 173.8 170.9 169.2 167.2 163.5 160.7 159.1 158 157.9 157.7 157.5 158.9 160.7 160.2 161.9 167.9 171.1 171.3 170.9 171 168.3 160.8 157.1 153.4 150.3 148.8 148.1 147.7 148.5 149 149.5 149.4 148.6 149.5 149.1 152.2 156.1 162 163.9 163.6 170.1 180.3 186.6 193.6 201.7 210.3 219.7 227.6 234.4 241.5 245.6 251.4 256.6 262.3 266.9 270.7 275.3 280.2 283.1 285 286.4 286.7 286.9 286.6 286.2 286.3 287.3 288.4 288.8 288.4 290.3 293.4 296.5 299.2 304.4 309.1
177.7 176.9 176.4 173.3 171.6 169.5 169.1 166.5 160.4 158.8 158 157.9 157.9 157.9 163.7 168.7 171.4 170 174.8 178.3 178 178.4 176.4 173.3 169.1 163.2 159.1 156.1 152.7 150.1 148.5 149.2 148.8 149.3 149.7 147 144.8 144.5 146.6 150.8 155.4 158.7 162.6 170.1 178.3 186.4 194.7 203.8 214.3 223.4 230.4 236.9 243.3 248.9 253 257.4 261.9 266.2 270 274.6 280.4 284.3 286.5 288.4 288.5 288.5 288.2 287.8 288 289.2 290.9 291.7 291 292.6 296.2 299.5 303.4 308.4 314.4
176.8 177.4 177.9 178.5 178.8 177 173.8 168 159.2 158.4 158.1 157.8 158.5 164.4 172.9 177.9 180.4 181.6 185.5 188.2 188.5 187.2 183.5 181.2 177.9 172.7 168.4 164.3 159.4 155.2 149.4 150.1 148.5 149 149 144.8 141.3 140.6 142.5 146.5 149.7 150.6 164.7 173.1 180.7 188.6 196.3 204.6 214.8 223.3 230.9 237.9 244.7 250.2 254.7 258.4 261.4 265.1 268.8 273.9 280.7 284.4 287 289.2 289.4 289.4 289.3 289.2 290.5 290.5 292.6 293.6 295 296.9 300 303 307.4 313 319
176.9 178 178.9 180.5 187.8 180.1 180.1 170 160.5 158.6 158.4 159.6 168.1 188.2 193.9 194.9 194.1 200.1 202.5 199.9 197.5 195.7 191.5 186.4 181.2 178.4 176.6 173.7 169.7 162 154 150.1 148.1 147.4 145.1 141.1 140.3 140.3 140.5 143.6 148.3 155.6 167.1 175.1 183 191 198.4 205.9 213.3 221.5 229.7 236.9 244.4 251.9 256.1 259.6 262.5 265.6 268.4 273.8 280.2 283.6 287.7 289.9 289.9 289.2 289.3 290.2 291.4 292.8 294.3 295.5 297.7 299.9 303 306.5 312.1 318.1 324.4
176.8 178.3 179.8 181.1 184.4 180.1 177 169.5 163.9 159.5 159.5 171.6 180.5 200.8 207.2 210.2 212.5 213.2 210.9 208.4 204.6 202.7 199.9 194.2 187.2 183.4 180.9 176.1 169.7 164 158.2 152.8 149.4 145.5 141.9 140.4 140.5 140.5 140.6 144.4 149.5 159.2 168.9 177.2 185.1 192.7 199.1 205.2 212.3 220.1 228.7 236.1 244.5 251.4 255.7 260.8 263.4 266.3 268.9 273 278.9 282.6 287.1 291 294.7 290.6 291.5 292.5 293.9 295.3 296.7 298.7 301.4 303.7 307.9 311.8 316.8 322.9 329.9
177.1 178.9 180.4 181 181.1 179.3 176.7 170 167 167 171.6 180.1 195.6 206.6 216.8 223.2 225.5 223.4 219.5 216 211.5 207.9 203 198.9 193 187.7 181.7 177.6 170.3 166.3 164 159.4 152.8 148.8 143.6 139.1 140.7 140.6 141.8 145.9 153.6 162.3 170 178.3 186.4 193.8 200.6 206 212.4 221.6 229.7 239.3 244.8 249 253.3 260.1 262.4 265.7 268.8 272.5 277.2 280.7 284.6 289.6 295.3 292 293.3 294.9 296.6 298 299.7 302.1 304.9 308.5 312.8 317.2 322.8 329 335.3
177.7 179.2 181 180.8 180.9 181.1 177.4 170 173.2 183.7 189.1 196.4 207.5 220.5 228.4 231.4 232.1 230.2 225.8 222.3 217.2 211.1 205.7 201.3 199.3 188.9 181.9 181.9 176.6 172.2 169.9 165.5 157.5 152.8 148.2 142.3 139.5 139.4 143.3 148.3 159.1 166.9 173 180.8 187.5 194.7 201.6 208.4 214.6 222.7 231.1 238.8 243 247 252.1 257.5 261.4 264.9 267.9 270.8 275 278.6 282.3 287.4 290.1 292.8 295.3 297.9 299.6 301.3 304.1 306.1 309.4 313.8 319 323.6 329.1 336.4 341.6
175.2 179.8 180.6 180.5 181.3 179.1 179.3 181.9 186.5 197.2 203 217.9 222.4 229.3 234.6 236.8 237.2 236.6 233.1 227.1 221.9 215.2 209 203.5 194.2 187.5 183.2 186.5 181.3 175.2 171.1 170.3 161 156 150.9 147.4 141.5 139.1 142.5 153.6 163 170.2 176.7 183.7 188.8 194.6 200.9 207.6 214.9 223 230.7 235.8 239.8 244.8 250.7 256.2 260.4 263.4 266.3 269.3 273.4 277.3 280.6 285.2 289 291.5 296 299.8 303.5 305.5 308.6 310.6 314.7 319.6 325.2 331.2 337.1 343 347.4
172.2 176.7 179.6 181.6 183.5 181 185.2 191.7 201.5 211.6 216.8 222.8 230.8 236.8 238.5 240.4 242.6 242 237.6 230.7 224.9 219.2 213.3 206.5 196.8 185.9 180.7 176.5 173.6 169.9 167.5 165.4 161 156 151.7 148.5 142 139.4 143 155.8 164.8 171 178.2 184.7 190.1 195.8 200.1 205.2 213.8 220.8 227 232.2 237.5 242.4 249.7 254.1 258.3 260.7 262.8 267.3 272 276.7 280.4 284 288.1 292.8 298.3 302.3 306.6 310.5 313.8 317.4 321.8 326.9 331.9 338.3 344.4 349 352.1
170.9 175.4 179.6 180.5 184.2 183.5 188.8 202.4 216.3 220.7 226.4 235.4 242.8 246 247.2 248.3 248.5 245.1 241 235.2 229.1 223.7 215.8 202.2 190.9 181.6 173.6 169.6 167.2 165.3 163.6 161 158.2 153.1 149.8 146.2 141.8 139.4 142.9 154.7 163.7 170.3 179.3 185.8 191 195 198.9 205.2 211.9 217 222 229.3 235.2 240.2 246.1 251.5 254.7 257.2 259.6 264.8 270.2 274.5 279.3 283.1 287.3 293.6 300.2 305.5 310.9 316.2 320.8 325.1 329.5 335.2 340.5 346 350.2 353.4 356.1
171.7 176.2 180.2 189.3 188.8 192.7 203.3 213.1 222.9 233.5 247 253.6 254.1 253.2 252.4 250.2 249 245 241.1 240.6 230.2 224.1 211.3 199.1 185.2 177.9 170.5 166.7 163.9 161.7 159.7 156.9 152.2 149.9 145.8 144 141.5 139.5 143.1 154.2 163.9 171.9 178.5 185.2 190.7 195.1 200 205.4 209.1 213.4 218.7 227.8 232.7 237.7 242.6 248 251.2 254.4 258.1 263 268.9 272 277.4 280.3 286 293.4 301 309.9 316.6 322.9 327.4 334.4 339 343 348.2 351.4 352.7 353.5 356.8
175.7 183.3 190.6 199.4 201.6 205.4 216.3 225.3 235.6 243.3 251.6 256.2 256.1 256 254.9 252.7 248.1 242.5 239.3 230.6 219.2 209.5 199.3 190.5 182.1 173.1 168.6 164.6 161.8 158.2 154.8 150.4 147.7 145.2 142.3 140 139.1 139.3 143 152.8 162.7 170 176.6 184.3 191.9 198.5 202.4 205.6 207.9 210.7 216.9 224.7 231 236 240.1 244.4 248.4 252.3 256.9 261.4 265.9 270.5 275.6 280.3 286 293.3 303.5 313.9 320.6 329 338.4 344.2 348.2 350.5 353.2 353.5 353.6 353.4 353.7
180.8 190.2 199.4 207.3 213.5 224.1 233.8 241.1 242.4 247.1 257.3 262.1 262.9 261 258.7 257.6 253.3 247 237.8 228.9 218.4 209 200.4 191.5 183.7 173.2 165.9 162.4 158.6 154.4 151 147.9 144.7 141.7 139.4 138.9 137.5 138 141.8 150.1 159.4 167.2 176.1 183.6 190.4 197.9 203.2 207 209.2 210.8 215.5 225 231.4 234.3 237.7 240.5 245.6 250.1 254.9 260 264.8 269.7 274.7 280.9 286.8 294.6 305 315.5 326.1 336 346.7 352.2 356.3 357 357.5 355.6 352.5 351.1 350
188.7 198.7 209.3 218.4 229.1 241.5 244.9 245.8 246.9 257.9 269.8 275 274.2 270.9 267.9 267.1 262.8 251.6 239 228.4 218.9 209.9 201.1 193.4 186 176.1 163 161 158.5 153 149.1 145.1 141.8 140.8 139.4 136.5 135.8 136.4 141.3 150.4 157.4 166.8 173.5 181.8 189.8 196.4 201.4 205.2 208.5 210.2 214.1 220.2 227.5 230.7 233.7 238.6 242.1 247.4 253.2 259.8 264.1 269.3 275.3 281.5 288.5 297.2 307.1 317.9 329.6 341.5 350.6 357.2 360.9 359.7 355.3 351.5 348.2 346.1 343.4
197.6 206 215.6 227.2 239.1 249.3 248.5 247.9 251.1 270.5 277.2 279.8 279.7 275.7 272.8 273 269.5 253.5 240 228.3 216.9 208.6 200.9 193.9 186.7 178.4 165 161.1 157.8 152.3 147.4 141.5 139.5 138.2 137 134.5 134 136.3 141.7 153.4 159.6 166.8 172.2 180.6 188 193.6 199.5 203.2 205.8 209 211.8 216.7 221.2 227.1 231.5 234.6 240.7 245.5 251.6 258.1 264.1 269.7 275.8 282.8 290.6 299.7 309.2 319.7 333.3 345.5 352.1 359 360.7 356.8 351.5 346.6 342 339.1 336.1
199 209 219 232.4 245.5 256.5 259.7 256.4 256.5 271.6 279.8 280.6 280.3 277.9 275.5 275.5 269.8 255.9 243.2 230.7 218.4 207.7 200.6 193.6 186.6 178.5 168.4 157.9 152.3 150.7 145.5 140.4 137.8 135.3 134.4 133.3 133.5 137.1 143.9 155.9 161.4 164.9 171.2 179.9 185.8 191.4 196.2 200.3 203.5 207.1 212 215.5 217.3 220.8 226.9 231.5 237.2 242.4 248.9 256 263.9 270.2 276.6 284.4 293.3 302.4 312.8 324.2 338.9 348.5 352 356.3 357.1 352.1 345.7 339.2 333.3 330.4 327.1
199.7 204.8 215.5 230.3 246.5 256.8 261.5 261.8 261.2 267.8 274 277.8 278.9 279.6 276.7 274.8 270.7 258.8 246.1 234.7 221.4 208.8 200.3 193.5 186.1 178.6 169.2 159.7 150.7 147.8 141.7 139 136.5 134.3 132.9 132.7 129.4 147.2 147.9 154.2 160.3 162.5 169.1 176.3 182 186.7 191 196 200.1 205.3 211 212.2 214.5 218.7 222.6 228.8 233.1 238.9 245.7 252.7 261.6 269.7 276.3 285 294.4 304.2 316.1 330.5 342.4 348.2 349.2 350.7 348.8 344.3 338.1 332.8 326.7 321.6 319.4
195.5 200.5 213.2 228.4 245.2 257.8 261.5 261.1 261.5 267.8 270.8 276 279.2 279.7 277.8 273.4 268.1 259.6 246.6 235.1 223.5 211.7 201.4 193.3 185.3 177.6 171.2 164.1 156.1 149 141.8 138.6 135.7 134.3 132.9 130 135.1 145.5 147.9 151 156.2 160.5 169.2 173.6 178.1 181.7 187.5 192.2 196.6 201.9 206.9 208.7 212.9 217 221.4 226.6 231.3 236.8 243.5 250.6 259.3 268.3 277.5 285.9 295.5 306.5 319.8 333.4 342.7 343.9 343.7 341.8 338.3 334.3 330.5 325.8 316.5 312.4 310.3
190.4 198.2 214.1 229.8 241.7 254.2 259.8 259.7 260.5 265.3 270.2 279.3 281 281.1 279.9 274.3 267.1 259.2 247.6 236.1 224.1 213.1 203.7 195.3 187.8 178.8 172.9 165.4 156.8 149.6 142.9 138.8 134.2 132.3 131.7 129.9 140.5 142.4 144.1 147.1 151.9 160 165.2 169.7 174.5 180.5 184.3 188.6 193.2 197.3 201 206.5 211.7 214.8 218.2 223.6 230.2 235.9 242.5 250.6 261 269.3 279.7 288 296.7 307.8 320.3 329.1 340 336.9 334.4 329.8 327 325.6 320.2 314.5 306.1 302.4 299.9
189.2 196.8 214.9 228.9 241.4 250.5 255.6 257.7 259 262.7 271.3 280.6 281.5 281.4 280.6 274.4 266.8 258.7 247.2 234.5 223.5 214.3 205.9 198.9 191.1 181.5 173.5 165.4 157.3 150.4 144.7 140 137.4 131.8 129 129.9 135.9 138.8 140.6 143.6 150.1 156.7 161.9 166.5 171.2 177.2 181.3 183.9 187.7 193.1 200.7 203.5 209.2 212.2 216.5 222.8 229.1 235.4 242.4 250.4 262.1 272.7 281.8 290.3 298 307.8 319.5 324 326.2 326.3 324 321.6 317.8 314.1 308.3 301.5 296.2 289.5 290.3
185 194.2 215.6 227.9 240.3 247.4 250.5 250.4 254.1 261 268.4 276.5 280.6 280.8 281.1 275.7 267.3 258.8 246.4 233.9 224.2 215.3 206.7 198.6 191.9 183.3 175.4 165.8 159.3 153 146.6 141.2 140.7 135 130.9 129.8 130.8 132.8 135.6 139.7 148.2 153.5 158.8 163.9 168.7 172.1 176.2 178.8 180.9 188 193.5 200 203.3 209.1 214.9 221.1 227.3 235.4 242.9 252.7 264.5 273.9 283.8 292.3 300.1 309.4 315.3 318.5 318.8 317 314 310.2 305.8 300.7 294.9 287.6 282.5 278.1 276.1
184.1 190.1 206.2 219.5 227.3 236.5 239.8 246.1 251.1 260 266 272.8 277.2 280.5 281 275.9 268.3 260.9 247.5 234.8 225.1 215.7 206.7 198.8 189.6 180.1 171.4 165.8 160.2 152.9 146.7 140.7 138 132.1 129 129.1 128.5 129.3 130.6 134.6 142 148.9 155.8 160.7 164.9 168.6 170.5 175.1 179.5 182.7 187.6 193.6 198.5 204.5 211.4 217.9 224.8 234.6 243.4 254.2 265.6 274.2 285.1 294.3 302.5 311.4 313.2 312.9 310.9 307.2 302.6 298.5 294.5 288.4 282.1 277.9 272.9 267.1 265.2
182.1 189.6 194.7 209.6 220.1 226.3 231 236.3 243.2 250.6 259.7 265.8 271.7 275.5 276.3 273 270 261.7 250.1 238.1 226.2 215.5 205.2 196.9 188.8 179.7 171.6 165.4 160.4 154 147.5 141.7 137.5 133.3 130.1 128.6 127.6 127.9 128.4 130.9 136.7 144.4 150.6 155.4 161.4 164.7 167 169.7 173.7 178.5 184 188.2 191.8 200.4 207.7 212.8 219.7 232.2 242.2 253.1 263.1 272.3 282.2 292.3 302.5 308.3 310 307.1 304.1 300.1 295.2 291.3 283.1 277.1 272.4 268.5 264.5 259.2 257.6
177.7 179.7 187.1 202.6 215.5 219.9 223.9 226.1 233.8 241.7 248.8 257.7 262.4 267.3 268.3 267 262.3 258.5 250.6 238.8 227.3 216.2 206.4 196.3 187.1 178.8 172.8 170.3 162.9 155.7 148.7 142.1 137.2 133.4 129.7 128.2 126.5 125.7 126.2 128.6 133.5 141 146.1 150.9 157.6 160.7 162.4 166.7 171.7 174.1 178 181.8 184.3 193.1 201.2 208.6 214.7 226.9 237.8 253.8 263.4 268.7 280.7 292 301.2 305.4 305.7 302.8 298.5 293.8 288.8 283.5 276.6 268.9 262.2 260.3 259.1 254.9 252.8
