webserver/python/data/NC43.asc
ncols 200
nrows 200
xllcorner 240000
yllcorner 930000
cellsize 50
[rows 0 to 34 of 200, columns 78 to 155 of 200]
196 198.1 198.9 202.1 203 202.1 198.5 198.7 198.6 195.4 192.4 186 179 172.1 158.3 168.6 179.4 192.5 207.8 217.5 228.8 240 251.7 263.8 275.5 282.5 290.7 299 308.5 315.4 321.4 328.7 337.1 342.3 343.9 340.6 340.2 335 331.8 325.6 316.9 312.2 309.1 304.9 300.7 297.6 295.7 291.7 287.7 285.8 284.3 283.9 283.7 282.9 281.8 278.6 274.6 273 272.4 271 270.3 267.6 265.3 263.7 262.9 260 254.3 252.9 249.5 245.2 241.3 237.3 231.4 229 223.8 220 217 213.7
191.6 194 200.1 204 204.3 204.7 199.6 197.1 196.3 192.5 189.1 185.5 178 170.7 164.1 161.5 175.3 191.6 206.3 217.6 228.8 240.1 251.4 262.7 269.8 276.6 283.7 292.7 304.1 311.9 318.3 325.6 332.9 339.8 340.2 337.9 335 331.8 328.1 323.1 318.3 314.1 310.7 306.6 304.5 302.1 298.9 295 291.2 289.7 288.6 288.3 288 287.5 286.4 283.2 279.7 278.9 278.3 277.8 276.6 274.7 272.4 270.7 269.6 266.1 260.8 259 254.8 250.9 247 243.2 237.3 234.7 229.6 226.3 223.1 219.7
187.9 194.4 200.8 205.2 205.6 206 202.6 197.2 195.7 191.8 187.6 185 178.2 171.2 166.6 161.9 175 194.9 205.6 216.3 227 237.8 248.5 258.3 269.4 275.8 282.2 292.9 302.1 309.8 318.2 324.5 330.3 337.2 336.6 335 331.6 328.2 324.8 321.4 318.4 315.5 312.6 310.8 308.4 305.2 302.2 298.4 295 293.5 293.1 292.8 292.5 292.1 291 288.5 285.4 284.9 284.3 283.7 283.1 282 279.7 277.6 275.4 271.8 267.6 264.3 260.4 256.6 252.7 248.9 243.6 240.4 235.5 232.4 229.1 225.8
187 190.5 197 204.2 206 207.4 205.6 200.4 194.1 189.9 187.2 185.3 178.8 173 168.7 164.6 177.4 193.2 204.5 212.8 223.5 234.2 244.9 253.8 264.9 276 282.4 292.4 300 307.5 315.8 324.2 331.2 336.2 334.8 332.9 330.9 327.5 324.1 320.7 317.8 314.7 316.2 315 311.6 308.4 305.5 301.8 298.9 297.8 297.5 297.2 296.9 296.7 295.5 293.8 291.4 290.8 290.2 289.6 289.1 288.1 286.4 284.5 281.2 277.5 273.8 270 266.1 262.3 258.5 254.6 250.7 246 241.3 238.4 235 231
186.2 186.7 194.4 202.6 204.1 204.3 203.3 198.5 192.2 189.2 188.1 185.5 179.8 175.3 171.2 167.1 175 190.4 206.3 214.6 222.6 230.6 241.3 249.3 260.3 271.5 282.6 290.3 297.9 305.5 313.4 321.8 330.2 334.6 332.4 330.8 329.3 326.8 323.4 320.1 317.3 313.4 316.9 318.3 314.7 311.7 308.7 305.1 302.8 302.2 301.9 301.7 301.4 301.1 299.9 299.2 297.3 296.7 296.1 295.3 293.7 292.1 290.6 288.8 285.5 282.1 279.1 275.7 271.8 268 264.2 260.4 256.5 251.6 247.2 244.4 240.7 236.3
183.9 185.5 191.6 200.1 199.6 198.6 197.7 194.5 191.4 190.1 189 186.5 186.8 181.9 174.8 168.9 171.5 187.5 203 216.8 224.6 232.7 239.7 245.2 256.7 268.4 279.9 288.3 295.8 303.4 311 319.1 325 330.8 330.3 328.8 327.3 325.7 322.7 319.6 315.5 314.1 316.9 318.7 317.9 315 312 308.5 307 306.7 306.4 306.1 305.8 305.5 304.7 304.5 303.2 302.6 300.9 299.3 297.6 296.2 294.8 292.9 289.6 286.4 283.4 280.4 277.4 273.7 269.9 266.1 262.2 257.5 253.4 250.5 246.8 241.5
183.8 185.2 189.1 196.7 195.8 194.9 195.1 194.1 192.6 191.3 190.6 192.6 193.6 189.7 181.8 173.8 175.9 179.9 197.5 214 224.3 231.9 237.4 244.2 254.7 266.2 277.3 286.3 293.8 301.4 308.7 315.1 321.1 327 327 325.3 324.6 323.7 322 318.1 313.7 314.3 316.4 317.5 317.5 317.5 315.3 312 311.4 311.1 310.8 310.5 310.2 309.5 309.2 309.7 308.2 306.5 304.9 303.2 301.6 300.2 299 297 293.7 290.7 287.7 284.7 281.7 278.7 275.6 271.8 268 264 259.7 256.2 252 246.7
183.5 184.9 187.4 192.9 192.6 194 194.5 194.1 193.4 193 193.6 194.4 195.1 192.3 185.9 179.2 185.1 185.8 198.3 207.3 215.8 227.6 235.7 243.2 253.7 264.2 274.6 284.2 291.7 299.1 306.4 312.8 318.6 324 324.6 321.4 318.1 317.4 315.6 313.4 311.9 314 316.2 316.3 316.3 316.3 316.3 316.1 315.4 314.8 314.2 313.5 312.9 312.3 311.7 312.3 311.7 310.5 308.8 307.2 305.5 304.3 303.1 301.1 298 295 292 289 286 283 280 277 273.7 269.9 265.8 261.8 257.2 251.9
183.2 185.3 188.2 190.7 191.5 192.7 194 193.6 193.2 193 193.3 194.4 195.5 193.8 187.3 183.8 188.3 194.4 203.1 210.5 218 229.3 236.7 245.8 256 265.5 274.3 283.7 291.6 298.4 305.2 311.1 315.2 320.4 321 319.1 315.8 311.9 311.9 311.9 311.9 313.4 316.7 316.9 317.1 317.3 317.5 317.6 317.5 317.4 316.9 316.3 315.6 315 314.4 314.6 314 313.4 312.7 311.1 309.6 308.3 307.1 305.3 302.3 299.3 296.3 293.3 290.3 287.3 284.3 281.3 278.3 275.3 271.6 267.5 262.4 257.1
187.4 187.8 190.5 192.5 192.2 193 194.1 194.2 193.8 193.4 193.1 194 194.7 194.3 187.2 189 192.8 198 205.5 213 220.4 231.1 238.4 248.5 257.9 266.7 275.5 284.3 292.9 298.8 304 307.4 309.4 311.8 311.5 311.3 311.4 311.8 311.9 311.9 311.9 314.2 318.1 318.3 318.5 318.7 319.1 318.9 318.9 318.8 318.7 318.6 318.4 317.8 317.1 316.9 316.3 315.7 315.1 314.5 313.4 311.9 310.5 309.1 306.1 303.1 300.1 297 294 291 287.9 284.9 281.9 278.9 276 273.1 268 263
201.4 198.8 194.4 193.2 192.9 194 195.4 195.7 195.3 194.9 194.1 193.6 191.8 191.6 189.5 192.1 195.7 201.2 208.2 215.4 222.9 232 241.1 250.2 259 267.8 276.8 285.9 295.3 302.9 308.9 309.1 310 311.3 311.3 311.3 311.4 311.7 311.9 311.9 311.9 315.5 319.4 319.6 319.8 320.3 320.6 320.3 320.2 320.1 320.1 320 319.9 319.8 319.7 319.1 318.1 317.2 316.2 315.2 314.6 313.8 312.4 310.9 309.4 306.4 303.3 300.3 297.3 294.3 291.2 288.2 285.2 282.3 279.5 276.5 272.9 269
213.2 207.4 201.1 194.8 193.8 195.2 196.8 197.2 196.7 196 195.7 195.8 194.8 193 193.9 196.2 198.6 204.3 211.3 218.4 225.4 233.7 242.6 251.7 260.8 269.9 279 288.1 297.6 308.2 314.2 312.8 312.7 312.3 311.3 311.3 311.5 311.7 311.9 311.9 314 317 320.8 321 321.4 321.9 321.9 321.7 321.6 321.5 321.4 321.3 321.2 321.2 320.7 319.6 318.8 317.8 316.9 315.9 315.2 315 314.2 312.8 311.4 309.7 306.6 303.6 300.6 297.5 294.5 291.6 288.7 285.8 282.4 279.7 276.7 272.8
221.3 215.3 209.2 204.2 202.1 201.2 198.2 198.6 198 197.4 197.4 197.6 197.7 196 198.2 200.5 202.1 205.9 212.9 220 227 234.6 244.9 254 263.1 272.2 281.3 290.4 299.9 312.8 319 316.7 314.4 314.9 313 313.6 314 314.4 314.7 314.4 316.9 319.5 322.2 322.6 323.1 323.5 323.3 323 322.9 322.8 322.8 322.7 322.6 322.1 321.4 320.3 319.2 318.5 317.5 316.5 315.9 315.7 315.4 314.6 313.2 311.8 309.9 306.9 303.9 300.8 297.9 295 292.1 288.8 285.6 282.9 280.2 276.6
230.3 224.3 219.4 215 213.1 211.4 206 199.9 199.4 199.1 199.2 199.3 199.5 200 201.7 203.3 205 206.8 213.9 220.9 227.9 234.5 244.7 255.3 265.3 274.4 283.5 292.6 302.1 315.1 322.9 319.8 315.7 315.8 315.8 316.3 316.7 317.1 317.4 317.7 320.1 321.6 323.2 324.2 324.7 324.9 324.7 324.4 324.3 324.2 324.1 324 323.5 322.8 322 321 319.8 318.8 318.2 317.2 316.6 316.3 316.1 315.8 315 313.7 312.3 310.2 307.1 304.2 301.3 298.4 295.4 291.6 288.9 286.2 283.5 280.4
239.4 234.6 230.2 225.8 224.2 219.8 211.3 202.8 200.8 200.9 201 201.1 200.9 201.8 204.5 206.2 207.8 209.5 214.8 221.8 228.7 235.2 244.3 254.9 265.5 276.1 285.7 294.8 304.4 317.3 320.9 317.4 316.2 316.6 317 317.8 318.5 319.3 320.1 320.9 321.7 322.4 324 325.5 326.3 326.3 326 325.8 325.6 325.5 325.5 324.9 324.2 323.4 322.7 321.7 320.5 319.3 318.4 317.9 317.3 317 316.6 315.9 315 314 313.1 312.2 310.6 307.7 304.8 301.9 298 294.8 292.1 289.4 286.7 284
249.9 245.4 241 236.6 233.5 225.1 216.6 207.7 202.5 202.6 202.5 202.4 202.3 203.3 205.9 208.6 210.7 212.3 215.7 222.7 229.4 235.9 243.9 254.5 265.1 275.7 286.3 296.9 306.7 316.3 318.1 316.2 317.1 317.7 319.6 321 321.8 322.5 323.3 324.1 324.9 325.6 326.4 327.2 327.9 327.6 327.4 327.2 327 326.9 326.4 325.6 324.9 324.1 323.4 322.4 321.2 320 318.8 318 317.8 317.5 316.8 315.9 314.9 313.9 312.9 311.9 311.8 311.1 308.2 304.6 300.8 298.1 295.4 292.7 290 287.3
266.2 257.7 252.3 247 238.1 229.1 220.1 211.1 204 203.9 203.8 203.7 203.6 204.7 207.4 210.1 212.8 215.2 216.8 223.6 230.1 236.6 244 253.8 264.4 275 285.6 296.2 306 312.9 315.6 317 318 319.1 321.5 323.9 325 325.8 326.5 327.3 328.1 328.9 329.3 329.3 329.5 329.2 328.8 328.5 328.3 327.8 327 326.3 325.5 324.8 324 323 321.8 320.7 319.5 318.3 317.9 317.6 316.6 315.6 314.6 313.6 312.7 311.7 311.5 311.4 311.1 307.2 304 301.3 298.6 295.9 293.2 290.5
281.3 272.5 258 249.8 241 232 222.5 211.1 204.8 205 205.2 205.1 205 206.2 208.9 211.5 214.2 216.9 219.6 224.3 231.3 238.7 246.6 254.6 263.4 274 284.6 295.2 304.6 312.7 315.3 317.4 319.1 320.9 323.4 325.8 328.2 329 329.7 330.5 330.6 330.7 330.7 331 331.2 330.8 330.5 330.1 329.3 328.5 327.7 327 326.2 325.5 324.7 323.7 322.5 321.3 320 318.8 318.1 317.2 316.3 315.3 314.4 313.4 312.4 311.4 311.1 311.3 311.4 309.9 307.2 304.5 301.8 299.1 296.4 293.7
294 276.2 263.5 252.6 244 233 221.6 210.1 205.5 205.8 206 206.2 206.3 207.7 210.3 213 215.8 218.6 221.4 226.1 233.3 241.3 249.3 257.2 265.2 273.2 283.6 293.7 303.4 312.5 314.8 317 320.1 323 325.4 327.8 330.2 331.9 332 332 332.1 332.1 332.4 332.7 332.8 332.4 332.1 331.5 330.3 329.3 328.5 327.6 326.9 326.1 325.4 324.4 323.2 321.9 320.5 318.8 318.3 317.2 316.1 315.1 314.1 313.1 312.2 311.2 310.8 311.4 311.4 311 309.3 306.6 303.8 301.1 298.3 295.5
298.9 280.5 266.1 255.6 242.6 231.7 220.6 209.2 206.3 206.5 206.6 206.7 206.7 208.9 212.2 215 217.8 220.6 223.4 228.1 236 243.9 251.9 259.9 267.8 275.7 283.1 292.3 302 311.1 315.9 319 322.2 325.3 327.9 330.3 332 333 333.4 333.5 333.5 333.7 334.1 334.5 334.4 334.1 333.7 332.5 331.3 330.1 329.3 328.5 327.6 326.8 326 325.1 323.6 321.9 320.2 319.4 318.3 317.2 316.1 315.1 314 313 311.9 310.9 310.5 311.1 311.1 310.4 310.5 308.3 305.5 302.6 299.8 296.9
303.9 284.9 267.3 249.9 239 228.7 218.3 207.9 206.7 206.5 206.3 206.1 206.1 209.1 212.4 215.7 218.9 222.2 225.4 230.3 238.1 245.8 253.4 261 268.6 275.4 281.9 290.6 300.3 305.6 310.9 316.2 321.5 326.8 330.5 331.9 332.9 333.9 334.8 334.9 335.1 335.5 335.8 336.2 336 335.7 334.7 333.5 332.3 331.1 330.1 329.3 328.5 327.6 326.8 325 323.3 321.6 320.4 319.4 318.3 317.2 316.2 315.1 314 312.9 311.9 310.8 310.4 310.4 310.4 310.4 310.2 309.3 306.8 304 301.2 298.3
301.2 282.8 265 247.6 238 227.7 217.3 208.6 207.4 207.4 207.1 206.9 207.5 209.7 213.3 216.8 220.2 223.6 226.9 231 238.7 246.3 253.9 261.2 267.7 274.3 280.8 288.8 294.9 300.2 305.5 311.4 317.3 323.2 328.7 331.5 332.8 334.2 335.5 336.5 336.8 337.2 337.6 337.9 337.7 336.9 335.7 334.5 333.3 332.1 331 330.1 329.3 328.5 327 324.7 323 321.3 320.4 319.4 318.3 317.2 316.2 315.1 314 312.9 311.7 310.5 310 309.7 309.1 308.6 308.4 308 307 304.5 302.1 299.6
296.2 278.9 260.7 245.4 235.9 226.3 216.3 209.8 208.5 208 208 207.8 209.5 211.7 213.8 217.2 220.8 224.3 227.9 230 239.2 246.8 253.6 260.1 266.6 273.1 279.8 285.5 291.4 297.3 303.2 309.1 315 320.9 325.8 330.3 331.6 333 334.3 336.2 338.2 338.9 339.3 339.6 339.1 337.9 336.7 335.5 334.3 333.1 331.9 331 330.1 329.1 326.9 324.6 322.7 321.5 320.4 319.4 318.3 317.1 315.9 314.6 313.4 312.2 311.1 310.1 309.4 309.1 308.1 307.1 306.6 306.2 305.9 304.6 302.1 299.7
287.9 272.8 256.4 243.3 233.6 224 214.3 210.7 209.7 208.5 208.8 209.4 211.5 213.7 215.8 218 221.1 224.7 228.7 235.6 239.5 246.2 252.9 259.6 266.3 272.9 279.6 283.6 289.1 295.1 301 306.9 312.8 318.4 322.9 327.4 330.4 331.7 333.4 335.4 337.4 339.4 341 341.3 340.2 338.9 337.7 336.5 335.3 334.1 332.9 331.8 331 329 326.8 324.6 322.5 321.3 320 318.8 317.6 316.4 315.2 314 312.8 311.7 310.7 309.6 308.7 308.6 307.5 306.5 305.5 304.6 304.1 303.8 302.2 299.8
279 265.4 250.5 239.6 230.4 220.7 213.9 210.7 209.6 208.9 209.4 210.9 212.9 215.3 217.8 220 222.2 225 231.5 240.3 243.7 246 252.7 259.4 266.1 272.8 278.3 282.2 286.9 292.8 298.7 304.6 310.5 315.6 320 324.5 329 330.6 332.6 334.6 336.6 338.7 340.9 341.9 341 339.8 338.7 337.5 336.3 335.1 333.9 332.7 331.2 328.8 326.3 323.8 321.8 320.6 319.4 318.2 317 315.8 314.6 313.3 312.3 311.2 310.2 309.2 308.2 308.1 307 305.9 304.9 304 303 302 301.7 299.9
270.3 260.6 246.3 235.7 226.8 219.9 213.9 210.8 209.9 209.9 211.2 212.7 214.2 216.1 218.2 220.5 222.9 225.4 233.1 240.8 245.5 248.6 252.5 259.2 265.9 272.6 276.9 280.9 284.8 290.6 296.5 302.4 308.2 312.7 317.2 321.7 326.2 330.2 332.4 334.7 336.9 339.2 341.4 341.4 340.9 340.3 339.1 338 336.8 335.7 334.5 332.7 330.5 328 325.5 323 321.2 320 318.7 317.5 316.3 315.1 313.9 312.8 311.8 310.8 309.8 308.8 307.7 307.4 306.5 305.4 304.3 303.4 302.4 301.4 300.5 299.5
263.3 253.6 242.1 231.9 224.9 218.3 212.3 211.5 211.1 211.5 213 214.5 216 217.4 219.3 221.4 223.5 227.1 234.3 241.1 245.7 250.3 253.4 259 265.7 271.6 275.5 279.5 283.4 288.3 294.2 300.1 305.3 309.8 314.3 319 324.2 328.5 332.1 335.2 337.4 339.7 341.4 340.9 340.4 339.9 339.4 338.4 337.3 335.8 333.8 331.7 329.6 327.2 324.7 322.2 320.5 319.3 318.1 316.9 315.7 314.5 313.4 312.4 311.4 310.4 309.3 308.3 307.3 306.7 306 304.8 303.7 302.8 301.8 300.8 299.9 298.9
257.4 247.5 237.2 230.1 223.5 216.9 212.3 212.5 212.8 213.3 214.8 216.3 217.8 219.2 220.7 222.5 225.4 230.7 235.9 241.3 246 250.6 255.2 258.9 265.5 270.2 274.1 278.1 282 286.1 292 297.9 302.4 306.9 311.9 317.1 322.2 326.7 330.2 333.8 337.3 340.2 340.9 340.4 339.9 339.4 338.9 338.5 336.9 334.8 332.8 330.7 328.6 326.3 323.8 321.3 319.9 318.7 317.4 316.2 315 314 313 312 310.9 309.9 308.9 307.9 306.9 306.1 305.4 304.3 303.2 302.2 301.2 300.2 299.3 298.4
250.8 241.4 232 227.1 220.5 214.1 214.9 215.3 215.5 215.8 216.7 218.1 219.6 221.1 222.4 223.7 228.8 233.9 238.8 242.9 247.2 251.5 255.8 260.1 264.8 268.8 272.7 276.7 280.6 284.6 289.7 295.1 299.6 304.8 310 315.2 320.3 324.9 328.4 332 335.5 340.3 340.6 340.2 339.7 339.3 338.7 337.8 335.8 333.8 331.8 329.7 327.6 325.5 323 320.5 319.2 318 316.8 315.6 314.6 313.6 312.5 311.5 310.5 309.5 308.5 307.4 306.4 305.4 304.9 303.8 302.7 301.6 300.6 299.6 298.7 298
244.1 234.7 227.2 222.3 217.4 216.5 217.3 218 218.3 218.5 218.8 220.2 221.6 222.9 224.5 226.7 231.8 236.9 241 245 249.3 253.6 257.9 262.2 266 269.4 272.7 276 279.4 283.2 287.5 292.5 297.7 302.9 308.1 313.3 318.4 323.1 326.6 331.2 336.2 341 340.6 340.1 339.7 338.9 338.1 336.7 334.7 332.7 330.7 328.7 326.6 324.5 322.1 319.8 318.6 317.4 316.2 315.2 314.2 313.1 312.1 311.1 310.1 309 308 307 306 305 304.4 303.3 302.2 301.1 300 299 298.1 297.6
237.3 228.9 223.3 218.4 216.6 217.4 218.3 219.7 220.8 221.3 221.6 222.2 223.6 225.2 227.3 229.7 234.8 239.5 243.3 247.1 251.4 255.7 260.1 264.4 267.8 271.2 274.5 277.9 281.2 284.5 287.8 291.1 296.2 301.3 306.4 311.6 316.7 322.1 327.2 332.2 337.2 341 340.5 339.9 339.1 338.3 337.5 335.6 333.6 331.6 329.6 327.6 325.6 323.5 321.3 319.1 317.9 316.8 315.8 314.7 313.7 312.7 311.7 310.7 309.6 308.6 307.6 306.6 305.5 304.5 303.9 302.8 301.7 300.6 299.5 298.4 297.5 297.2
230.7 225.1 219.5 216.5 216.9 217.7 218.5 220.8 222.5 223.2 223.9 224.6 226 228 230.1 232.7 237.8 241.8 245.6 249.4 253.6 257.9 262.2 266.3 269.7 273 276.3 279.7 283 286.2 289.4 292.7 296 300.2 305.3 310.4 315.5 321.8 327.9 333 338.1 340.9 340.1 339.3 338.5 337.7 336.6 334.5 332.5 330.5 328.5 326.5 324.5 322.5 320.4 318.5 317.4 316.3 315.3 314.3 313.3 312.3 311.2 310.2 309.2 308.2 307.2 306.1 305.1 304.1 303.4 302.3 301.2 300.1 299 297.9 297.1 296.2
226.1 221.1 216.4 216.9 217.3 217.9 218.9 221.8 224.3 224.9 225.6 227.1 229.7 230.8 232.9 235.7 240.3 244.1 247.8 251.6 255.7 260 264.3 268.1 271.5 274.8 278.1 281.5 284.7 287.9 291.1 294.3 297.6 300.9 304.2 309.2 314.6 321.2 327.8 333.6 338.8 340.1 339.5 338.7 337.9 337.1 335.5 333.5 331.4 329.4 327.4 325.4 323.4 321.4 319.4 317.9 316.9 315.9 314.9 313.9 312.8 311.8 310.8 309.8 308.8 307.7 306.7 305.7 304.7 303.6 302.8 301.8 300.7 299.6 298.5 296.9 295.8 294.9
220.9 216.5 216.8 217.2 217.6 218.2 219.9 222.8 225.6 226.7 227.7 230.8 234 234.9 235.7 238.7 242.5 246.3 250.1 253.9 257.8 262.1 266.4 269.9 273.3 276.6 279.9 283.1 286.3 289.5 292.7 295.9 299.2 302.5 305.8 309.1 314 320.6 327.3 333.9 338.3 338.6 338.9 338.1 337.3 336.4 334.4 332.4 330.3 328.3 326.3 324.3 322.3 320.3 318.5 318 317.3 316.1 314.8 313.6 312.4 311.4 310.4 309.3 308.3 307.3 306.3 305.3 304.2 303.2 302.2 301.3 300.2 299.1 296 293.7 294.3 294
216.9 216.6 216.3 217.3 217.9 218.5 221 223.8 226.6 228.4 231.4 234.6 237.8 239.8 240.2 241 244.8 248.6 252.4 256.2 260 264.3 268.4 271.7 275.1 278.3 281.5 284.7 287.9 291.1 294.3 297.5 300.8 304.1 307.4 310.7 316 322.4 328.7 335 337.5 337.1 337.4 337.5 336.7 335.3 333.3 331.3 329.3 327.3 325.3 323.3 321.3 319.3 318.3 317.7 317 316.3 315.5 314.3 313 311.8 310.6 309.3 308.1 306.9 305.8 304.8 303.8 302.8 301.8 300.8 299.7 295.9 293.9 292.8 292.8 293.2
