webserver/python/data/NC46.asc
ncols 200
nrows 200
xllcorner 240000
yllcorner 960000
cellsize 50
[rows 111 to 147 of 200, columns 0 to 82 of 200]
68 68 68 68 68.6 71.5 75.9 84.8 92.8 101.1 107.7 112.5 116.6 123.3 130.9 132.8 129.7 127.3 126.9 131 129.8 133.4 134.9 131.7 131.1 131.6 132.1 122.1 138.7 148.6 157.7 159.1 159.9 162.6 166.5 178.3 184.9 201.3 215.7 236.7 265.2 297.9 330.4 359.8 368.5 362.4 363.3 357 354.6 355 345.3 337.3 333.4 321.9 308.8 290.3 285.8 282.4 275.8 261.9 248.4 245.4 234 206.9 187.5 169.9 160.9 162.8 165.7 162.4 156.2 150.8 138.3 131.8 126.5 122.9 118.1 110.9 105.3 98.8 98.3 96.8 92.4
68 68 68 68.6 72.3 74.3 79.8 87.9 95.4 103.1 110.8 114.9 118.3 123.3 130.7 133.4 128.9 130.1 125.3 138.1 136.5 138.5 140.6 139.9 137 133.4 133.9 134.2 133.4 145.3 155.5 157.6 159.2 161.1 165.4 170.9 178.6 190.9 209.4 228.6 266.9 299.1 327.8 348.6 353.5 362.1 354.6 347.1 344.8 334.4 329.7 322.9 315.8 302.6 290.5 286.1 285.3 279 268.9 255.3 253.4 249 231.8 202.9 178.5 167.1 169.6 168 169.2 166.4 158.2 146.9 136.6 130.2 123.9 118.8 112.9 109 105 102.1 100.4 98.6 94.7
68 68 71.1 71.7 75 76.8 81.6 90.9 100.3 106.9 114.2 117.4 120.9 125.4 132.3 131 130.4 130.2 131.4 140.5 141.1 142.2 143.4 141.1 141 137 139 141 141.6 136.6 146.8 154.4 157.6 159.3 162.1 163.9 176.7 188.4 198.3 224.1 258.5 290 311.5 324 337.3 341.4 331 326.2 327.6 324.9 322.3 315.1 308.1 296.1 288.8 282.3 279.5 274.9 272.1 256.9 249.4 234.6 207.7 188.7 175.1 173.8 173.4 175.9 176.7 169.4 158.5 149.2 138.2 130.7 125.5 118.1 108.1 107.5 107.7 104.9 100.4 96.6 92.1
68 72.8 75.4 75.3 77.3 81.7 87 95.7 104.4 111.1 117.1 122.1 124.3 127.3 130.5 131.5 132.2 132.1 138.1 142.8 147.8 148.2 147 143.1 141.8 142.4 142.9 149.3 150.8 148.4 148 150.3 153.3 153.8 160 164.8 172.5 182.3 195.4 219.2 238.9 261.6 285.5 304.5 309.1 306.2 312.9 324.9 317.8 314.3 315.7 316.6 310.9 303.3 290.2 285.2 281.2 265.8 252.9 241.8 238.7 226.6 205.8 184.7 181.6 184.2 183.3 195.8 191 179.1 162.4 151.5 141.6 134.7 124.2 111.2 107.8 108.8 113 105.5 99.2 91.3 83.4
71.2 77 76.9 79.8 84.8 87.7 92.9 101.5 110.1 116.6 123.3 127.2 129.8 132.7 135.5 138.3 135.2 140.4 143.5 145.1 150.3 150.3 152.6 150 145 150.1 147.7 157.1 161 160.1 152.5 152.3 156.1 155.4 157.5 161.8 169.1 183.2 192 203.6 226.1 253.3 270.8 276 287.6 296.7 304.5 315.1 315.9 310.2 314.2 313.3 308.7 301.7 289.3 276.7 267.4 259.4 253.6 248.6 244.3 229.5 199.8 194.4 189.9 190.3 198.8 201.8 196 185.9 167.2 154.7 148.5 137.3 126.9 113.9 108.5 108.8 111.2 103.9 96.3 82.9 72.1
73.5 80.3 81.5 87.2 91.3 94.2 97.8 105.6 115.7 123.4 131 134.5 134.2 137.1 139.9 142.9 141.6 140.6 144.4 149.5 153.3 153.7 157.1 157.7 155.4 150.5 156.1 158 167.3 167.7 161.7 154.7 157.3 158 157.3 159.9 163.5 174.4 188 198.8 228.6 245.8 254.5 268 276.8 285.8 299 310.1 306.2 306.4 308.9 307 302.5 300.5 288.4 283.4 269.8 264.7 259.7 256.2 244.7 216.8 207.1 207.8 203.9 200 201.3 199.8 195.3 183.8 166.2 160.6 150.4 139.9 128.8 114.6 108.9 107.9 107.7 99.6 88.1 74.1 63.7
82.7 86.2 91.1 93.4 98.6 99.6 102.7 109.4 121.5 127.3 135.5 140.7 139.7 139.2 143.9 148.7 148.8 145 146.4 154 158.9 160.9 159 162.3 161.1 161.6 161.2 162.2 169.8 173 170.4 161.4 158.3 160.5 159 160.8 163.9 166.4 175.5 195.7 221.9 236.6 253.8 264 274.5 285.2 288.3 293 298.2 303.8 302.9 300.6 298.7 296 294.4 277.4 270 265.5 261.5 251.6 234.2 217.9 218.5 217.6 211.5 201.4 200.1 198.7 192.7 179.9 174.1 168.1 153.5 140.2 129.4 117.4 109.2 104.2 100.9 90.7 73.8 65.8 67.9
90.3 93.9 100.6 100.8 103.4 107.6 108.8 110.7 121 128 139.9 145.4 146.3 145.9 149.1 153.7 154.1 148.1 147.7 154.3 164.4 169.4 166.3 164.6 165.1 168.7 170 172.1 172.5 182.3 183.5 172.7 164.9 162.5 161.7 164 168.5 168.4 181.8 194.8 206.5 228.9 243.9 261.9 273.8 281.3 287.1 289.6 291.8 293.3 296.2 299.5 300.1 294.7 290.8 283.6 273 266.6 256.1 237.8 221 219.1 219.1 214.2 208.8 199.5 197.6 198.1 192 184 176.4 168.4 155.1 143.1 130.1 117.4 106.6 101.5 94.1 82 68.4 68.8 69
95.7 102.4 107.4 107.2 112.2 115.5 113 114.2 120.4 127.9 143.6 151.2 153.3 157.7 158.4 159.5 158.3 154.3 153.5 154 164.8 171.3 175.7 173.8 170.8 174.9 177 175.9 179.6 188.2 190.2 182.8 171.6 167.2 165.8 166.3 171.9 181.6 180.2 191.4 205.2 225 249.2 270.8 279.6 285.1 290.4 289.6 289.1 290.8 292.8 293 293.8 292.5 288.8 282.6 277.5 261.7 231.2 221.9 219.1 219.7 215.6 210.6 203.7 195.1 191.4 191.8 189.3 183.2 176.3 168.6 158.8 148.8 132.2 118 107.4 93.6 84.9 82 80.1 78.7 75
101.7 108.4 110.9 113.6 121.3 124.5 117.1 117.4 122.6 128.5 146.5 157.8 160.6 164.4 165.8 165.2 164 163.7 162.9 157.6 165.7 170.3 174.4 176.8 179 177.6 180.3 186.4 193 197.2 199 196 181.2 174.2 171 169.3 174.1 187.3 198.4 200.5 205.9 213.6 235.2 259.6 276.4 283.3 285.1 283.4 282.2 282.7 285.7 286.5 287.9 289.3 287.6 281.6 275.1 235 222.1 219.1 219.1 219.1 214.8 208.1 195.8 188 185.2 184.1 183.5 183.3 177.9 170.3 163.8 151.7 132 121.1 109.8 94.9 89.8 88.8 86.8 83.4 79.5
110 113.1 116.8 120.4 130 127.9 120 122.2 126.5 131.4 144.8 158.1 166 170.5 173.4 171.4 170.5 171.8 171.8 170.1 171.2 171.5 173.3 176.2 181.1 180.9 183.3 192.3 200.6 206 208.1 203.6 191.4 181.9 177.6 175.6 173.2 186.2 205.9 218 218.1 226 242.2 258.6 272.7 277.2 273.2 270.5 270.3 272.7 276.9 279.6 281.1 282.6 279.1 274 239.5 220.4 219.1 219.1 219.1 220.7 213 205.7 192.1 185.1 184.1 182.7 183.4 181.9 175.3 167.5 160 149.8 130.9 121.5 112 99.3 90.9 92.4 91.2 88.1 71
114.2 119.2 123.5 126.1 132.8 128.5 125.6 126.8 130.3 141.1 150.4 159.2 169.2 174.2 178.9 177.5 177.3 180.1 178.9 176.3 177.2 179.1 178.3 177.7 177.6 181 185.9 193.1 200.1 209.5 216 210.9 202.9 195.1 184.4 182.3 179.7 180.9 201.6 215 230.5 236.8 242.2 249.1 259.1 262.3 265.1 264.3 266.2 268.7 272.1 273.4 274.6 270.7 264 248.5 226.8 219.9 219.1 221.2 224.8 221.9 214.2 205.5 197.6 194.8 190.2 184.4 180.2 178.2 173.1 163.3 153.3 141.4 129.2 122.3 112.3 100.7 93.4 92.1 91.8 79.5 64.4
118.5 124.6 130.1 131.5 133.7 132.3 130.4 133.6 139.3 149.2 156.8 160.9 171.2 176.3 180.3 181.8 185.8 191.5 188.7 183.2 183 180.2 181.9 184.1 184.8 189.1 193.8 197.2 202.9 209.1 220.7 223.2 217.9 205.5 191.8 187.8 184.7 182.7 191 208.2 222.6 230.1 236.9 246.2 249.8 251.8 254.7 259.9 263.7 266.4 268.5 269.2 268.4 260.5 253.9 238.9 227.7 221.3 225.8 233.5 235.1 229.5 223.7 216.7 211.8 205 200.5 190.2 180.9 176.1 170 159.8 146.9 133.1 125.8 119.5 113.2 101.4 93.9 86.5 76 69 65.8
121.1 128.1 134.4 135.8 136.6 135.9 135.2 141.4 147.7 156.9 165.8 165.8 172.8 176.3 182.2 185.3 194.1 199.6 198.6 193.6 188.2 184.5 183.3 188.3 194.6 199.4 204 208.7 213.4 213.2 217.6 224.7 221.2 212.1 200.7 193.2 189 190.2 188.9 203.6 210.6 220.3 240.3 249.6 248.1 247.2 251.6 258.6 265.1 268.9 267 264.2 260.2 248.8 238 231.9 225 227.2 232.7 234.2 234.8 227.8 220.6 214.8 210.3 205.5 198.5 191.1 183.1 173.6 165.8 157.4 145.8 131.3 122.3 116.8 108.4 99.8 82.8 79.2 76.8 74.1 75.7
122.4 131.9 135.7 138.6 139.3 139.5 142 149.1 156.6 166.2 174.8 172.5 175.4 178 183.4 189 197.1 207.1 209.1 200.6 194.8 192.1 186 194.3 200.8 208.4 212 217 222.8 226.8 230.8 231.3 223.1 222.2 215.3 200.7 190.7 196.2 194 198.5 218.5 238.4 257.2 268.6 265.3 255.3 253.4 256.8 262.5 268 267.4 258.1 250 235.3 229.1 226.3 226 231.5 234.6 232.6 227.6 223.3 215.4 212.6 208.3 202.1 196 189.4 181.8 172.3 161.5 154 143.8 131.3 120.9 116.1 102 87.1 85.3 86.6 88.7 81.5 73.3
124.8 133.4 138.1 141.8 142.8 145.2 151.4 157.9 167.1 173.5 182.2 180.3 182.8 184.6 188.4 191.8 198.9 210.1 215.3 207.2 200.5 197.7 195.8 194.4 204.8 216.8 223.5 223 231.1 235.5 237 241 235.5 229.3 221.6 210 196.8 197.7 199.2 200 208.1 224.5 252.9 269.9 272.1 266.3 261.8 258.8 256.3 258.9 257 244.4 232.9 226.9 225.9 224 224.4 227.8 228.2 227.2 223.1 217.9 212.1 210 206.4 199.2 193.2 185.1 177.3 169.3 158.9 148.4 138.3 127.9 119 107.6 94 90.4 92.9 93.3 88.8 79.7 71.8
129.8 135.3 141.6 145.5 147.6 153.7 161.3 171 176.4 178.9 184.5 190.2 194.2 195.1 194.9 197.9 199.9 208.5 216.9 212.5 206.7 205.3 205.7 198.1 203.2 219.3 230.8 235.9 232.8 238.7 240.5 244 242.3 239 233.6 210.6 201.5 200.8 202.4 203.7 213.3 227.1 251.1 268.7 279.6 274.9 267.5 260 253 245.5 238.2 228.5 226.8 225.5 224.8 223.2 221.5 221 221.8 221.3 220.7 216.2 209.9 206.1 201.1 194.2 187.6 179.5 172 164.3 154.4 143.6 132.8 122.3 114.5 101.6 96.6 96.2 96.8 92.2 86.2 77.7 69.9
131.7 137.9 144.5 149.8 155.1 163.2 173.6 180 182.1 182.2 190.2 200.8 206.5 206.9 206.1 207.7 208.3 208.6 214.4 216.5 214.5 213 212.4 206.2 207.1 220.8 235.4 239.7 243.5 242.1 243.4 251.2 251.3 243.8 232.9 223.2 208.3 205.4 205.1 207.7 215.2 226.5 243.3 262.1 274 277.1 270 259.2 247.3 240.9 231.8 225.5 224.8 224.4 223.5 220.6 218.7 215.5 214 214.3 211.6 209.5 204.8 199.2 194.3 187.2 181.1 174.8 166.6 158.4 149.7 138.7 129.1 116.4 108.6 98.8 98.1 100.6 94.9 86.6 78.8 72.1 64.6
133.6 140.3 149.4 154.6 163.4 173.7 180.9 187.6 188.3 194.5 203.6 211.7 214.9 218.2 217.5 219.6 222.4 216.9 218.1 219 223.5 221.4 223.3 223 216.7 225.9 234 245.1 260.1 269 269.4 264.2 260.9 254.3 241.7 225.8 216.5 209.3 208.5 207.8 215.8 228.2 241.9 256.5 269.5 270.8 264.6 253 244.7 237.9 227.6 224.8 224 222.3 221.1 218.5 215.6 212.4 209.1 205.4 204 202.6 199.2 192.8 187.2 181.4 176.7 168.9 161.7 152.4 141.8 132.6 122 112.4 103.5 98.4 102.2 99.1 94.1 83.8 74.7 67.2 62.6
135 144.5 152.5 163.2 173 181.3 188.8 193.1 196.2 208 216 221.4 223.8 227 229.5 232 238.4 230.4 234.6 234 227.4 228.9 239 245.1 239.1 233.5 242.6 268.1 286.8 294.4 289.6 281 267.6 259.3 244.9 232.9 225.1 218.1 213.2 209.3 216.3 231 246.6 256.9 263.2 263.2 256.8 249.6 244.9 233.4 225.7 224.6 223.2 225.7 221.3 215.4 210.7 207.2 203.9 199.6 197.3 196.4 191.9 184.3 178.7 175.7 169.8 162.6 154.5 147 136 127.5 119.8 111.1 101 100.2 103.4 98.4 94.3 81.1 71.6 63.5 56.7
138.7 148.4 159 173.2 181.3 189.3 196.5 199.5 208 217.5 227.2 232.8 232.1 235 240 247 249.7 246.6 250.8 252.7 251.7 239.3 239.7 258 255.7 248.7 259.2 277.3 304.5 310.7 307.8 291.9 282.8 274.3 262.7 243.3 233.6 221.5 216.1 211 217 231.7 245.8 252.7 253.3 255.2 253.7 251.2 244.8 228.9 224.9 225.7 228.2 224.8 219.5 213.5 207.5 202.4 198.1 195 192.1 187.9 181.2 172.9 169.1 167.8 163.3 156.7 148.7 138.5 131.6 122.3 115.8 106.8 101.5 102.7 101 101.5 91 77.7 69.4 60.7 48.9
140 150.3 165.1 178.5 185.4 193.7 201.6 206.7 218.6 226.8 235.5 238.5 239.7 246.2 256.6 263.2 270.2 267.4 267 272.2 278.9 266.7 253.2 254.5 261.2 267.8 274 289.9 301.3 320.6 324.4 313.3 305.4 298.6 280.5 266.5 244.1 230.7 218.3 213.6 217.6 229.4 239.1 245.1 248 252.4 255.5 251.5 238.6 227.4 226.2 230 230.1 224.5 217.4 210.9 205.1 198.7 193.1 192.5 184 175.5 168.7 164 161.5 160.6 155.8 148.2 139.3 134 127.8 120.2 113.2 105.7 102.7 101.6 99.9 100.3 86.6 74.6 67.1 58.9 48
150.6 162.4 169.2 187.5 187.6 193.6 205.2 216 227.8 236.1 242.4 246 250.2 259.3 272.9 281.7 285.8 283.1 288.1 301.4 298.7 292.3 284 276 279.8 280 288 301 311.3 315.6 327 322.9 317.1 310.4 294.7 275.2 257.4 241.1 227.4 219.8 218.8 229.1 237.7 243.2 250.4 253.6 256 248 234.3 228.4 228 229.3 227.8 221.4 214.2 208.1 202.1 195.6 186.7 184 174.9 169.7 164.3 160.3 156 151.5 145.7 138.9 134.7 129.4 123.9 117.9 111.1 102.6 102.2 102.3 102.6 93.2 81.2 71.1 62.5 51.7 46.3
160.1 174.4 180.8 191.3 193 197.4 208.6 219.6 232.9 240.8 246.6 256.7 263 272 285.9 298 302.5 304.7 316.6 318.5 323.8 331.9 314.1 299.8 307.1 310.8 297.4 301.8 319.4 324.1 325.1 330.5 322.5 317.1 305.7 283 264.9 251.3 234.8 226.2 221.7 230.5 236.4 241.2 250.2 253.3 251.9 241.8 234.4 232.3 229 227.5 224.1 218.4 211.9 206.7 200.9 192.1 183.5 176.7 171.5 166.9 161.8 156.6 151.2 144.7 137.9 133.8 129.9 124.9 119.5 113.7 107.8 98.9 101.9 101.4 98.6 89.2 77.6 68.7 54.2 47.6 43.6
172.8 189.9 192.6 188.1 201 208.2 215.1 221.9 231.6 240.8 255.8 266.7 272.7 284.3 297.8 311.4 318.9 331.5 334.6 338.9 355.4 369.2 360.4 338 348.6 337.9 324.9 308.5 307 322.4 320.6 328.7 323.6 315.5 300.6 287.1 272.8 256.2 241 230.8 221.1 233.5 238.3 240 245.4 251.6 248 239.8 237.3 234.2 230.6 225 220.9 215.7 210.2 205 199.7 187.7 179.7 173.5 168.2 162.5 156.6 151.3 145.6 139.5 133.3 129.4 125.5 120.4 115.2 109.1 99.6 96.8 99.4 98.4 92.1 82.5 75 63.1 51.6 44.6 40.9
185.2 200.9 200.7 191.2 199.1 217.1 223 227.3 236.7 244.6 254.3 270.6 281.1 295.4 304.8 320.3 329 339.9 353.2 359.5 383.2 393.9 396.9 378.4 361.1 356.6 340.1 324.2 308.4 304.9 312.5 313.6 314.7 312.9 302 287.8 283.9 261.9 247.7 232.6 223.2 236.7 240.3 240.5 240.5 246.3 244.3 236.5 237.6 233.3 229.1 224.9 218.4 210.9 207.3 202.8 199.3 186.4 176.5 170.8 165.2 159.1 150.6 146 140 133.8 128.6 125 121.1 116.3 111.8 102.2 94 95 98.2 97.4 89.1 77 69.7 56.2 49.3 40.7 35
200.1 206.1 204.8 193.3 199.3 213.7 229.3 234.2 241.8 257.4 274.2 280.1 294.2 301.5 311.2 329.9 338.3 347.5 364.9 387.6 403 408 403.7 394.1 377.7 363.8 348.2 338.9 326.1 312.5 305.6 303.7 306.8 306.7 302.5 294.2 284 272.8 256.5 242.2 223.9 240.3 244.1 244.4 241.6 239.9 238.6 233.6 234.1 230.7 225.9 223.1 216.3 210.5 205.8 203.9 197.3 181.5 173.7 167.5 161.4 155.1 149.1 142.5 136.2 130.3 126.1 122.4 118.2 114.6 108.1 99.5 92.4 94.4 97.3 91.8 82.1 72.1 60.1 51.5 46 37.7 31.7
211.3 210.1 202.7 195.5 199.1 210.6 230.5 237.8 255.7 275 285.7 291.2 300.9 304 313.8 332.3 345.7 355.7 376.7 400.8 408.4 406.7 401.4 394.9 383.9 372.6 359 343.4 333.1 326.2 312.4 303.5 300.2 299.5 300.2 293.6 288.6 276.8 265.8 252.2 232.3 243.5 249.9 249.9 245.3 239.1 234.3 231.9 229.9 227.1 222.5 218.7 213.6 208.1 202.9 201.9 187.6 178.2 170.9 163.8 157.8 151.9 146 139.5 133.2 127.8 123.5 119.4 116.4 111.4 105.2 98.1 90.1 93.2 91.2 83.8 74.9 64.9 57.2 47.4 42 35.5 31.3
221.8 216.7 200.5 201.3 204.8 216.5 234.7 240.8 264.6 285.7 302.2 299.6 305.2 313.3 323.5 332.7 348.7 367.4 383.8 400.8 406.5 405 400.1 393.9 387 378.4 364.3 346.4 333.5 332.2 316.9 307.2 298.2 295.3 293.9 292.8 289.5 278.8 265.9 253.8 246 248.6 251.4 250.6 247.5 238.4 230.6 230.4 228.1 223.9 217.6 213.6 210.5 204.3 199.8 195 183.2 175.9 168.5 161.5 154.9 148.8 142.9 136.6 130.2 125 121.2 116.6 113.1 108.7 102.4 95.2 85.5 83.6 82.5 76 68.5 62.6 51.2 44.6 38.3 34.9 26.6
235.3 228.1 214.2 219.9 224.5 237.8 245.9 241.9 257.5 290.4 303.7 317.8 320.3 322.5 333 344.6 354.4 369.7 387.9 398.1 404.1 402.8 398.7 391.4 384.9 375.8 362.3 350 329.6 321.8 316.4 307.6 298.9 291.6 288.6 284.7 283.7 275.9 264 260.5 253.5 251.3 250.3 252.2 245.5 234.3 230.9 228.3 227.1 223.1 213.7 209.8 206.2 200.5 195 188.8 180.5 173.6 166.2 159.6 153 146.5 140.1 133.6 127.2 122.2 118.6 113.8 108.6 105.1 100.2 91.5 80.7 75.2 73.8 69 63.6 56.9 47.6 39.4 36.9 29.1 25.2
244.5 233.2 239.3 248.6 246.8 264.6 265 252.4 254.5 276.7 304.4 326.3 338.7 337.1 343.2 358.7 367.1 370.7 381.8 396.7 400.3 400.2 394.7 387.8 381.2 372.1 357.4 345.6 329 316.7 313.1 306.3 298.2 289.7 285.3 278 271.6 269.7 264.3 263 255.2 250.5 249.2 251.5 245.4 231.3 229.8 227.4 223.9 218.1 211.5 205.9 201.3 196.6 190.9 184.5 177.6 170.8 164.2 157.7 151.1 144.1 137 129.9 123.8 118.5 114.7 110.3 105.1 100.3 93.8 83.7 77 70.9 64.7 62 58.7 52.4 40.2 34 33.4 27.3 22.6
248.1 247.1 267.3 271.3 263.4 279.7 282.6 267.2 261.5 275.5 300.3 326.8 341.9 347.5 354.8 373.3 383.5 381.1 385.2 399.2 410.5 404.8 392.2 384.9 378.1 366.9 356.4 345.8 329.7 314.3 309.3 302 297.5 288.8 282.2 273.6 267.1 265.1 265.4 260.6 253.9 249.4 245.6 245.1 235.7 230.4 226.7 225.6 220.4 215.4 210 203.1 196.6 191.6 186.6 181 174.3 167.6 161.2 154.6 147.5 140.2 134 126.4 120.3 114.5 110.7 106.7 101.5 95.4 86.1 79.1 72.8 66.7 60.3 57.3 54.3 46.6 35.2 33.5 28.4 25 23.2
250.7 270.7 287.8 292.3 284.3 291.1 293.5 280.7 270.1 282.3 298.2 320.6 343.9 354.9 370.5 387.9 394.6 389.4 388.5 407.2 418.8 412.5 399 380.6 372.6 362.2 352.9 341.7 327.6 312.2 306.7 298 293.9 283.8 276.5 271.4 266.8 262.5 259.9 256.2 251.8 247.3 242.8 236.5 230.9 229.6 226.1 221 216.2 212.9 207.5 201.3 194.3 187.6 181.6 175.3 169.7 164.3 158 151.1 143.5 136.7 130.6 122.4 116.6 110.8 106.6 102.1 96.3 90.1 82.7 75.3 65.9 60.1 58.2 55.1 51.1 41.2 37.2 28 28.7 31.5 27.6
257.5 292.4 307.1 305.7 295.2 300.5 304.1 291.6 278.6 291.5 303.6 317.2 339.6 363.1 377.2 393.1 396.4 394.8 393.8 412.2 418.4 411.5 401.9 383.5 368.4 358.2 347.8 337 324.9 311.5 303 293 283.8 277.6 273.7 269.8 265.1 260.9 254.2 251.5 247.9 243.4 237.5 228.1 228.2 227.7 221.1 216.8 213.7 209.7 204.3 198 190.6 182.6 175.4 169.3 164.3 159.4 153.8 147.3 139.9 134.2 127.5 119.4 111.6 106.5 100.8 96 90.2 83.7 77.1 69.7 62.4 58.4 56.6 53.2 47.3 40.3 35.6 33.5 33.8 29.2 22.9
265 298.6 319.6 311.3 308.9 313.3 316.6 304.3 287 302.4 312.6 323.4 337.3 356.7 381.2 400.1 399.3 396.8 395.1 405.5 414.1 407.4 397.9 382.2 369.3 353.6 342.6 331.4 324.2 311.5 301.5 291.1 279.8 274.2 270 266.8 260.9 254.7 249.9 246.7 243.5 238.5 230.6 221.8 224.2 222.7 216.1 212.2 208.2 206.4 199.1 192.1 184.6 177.8 170.5 165 159.7 154.5 149 143.1 135.5 130.2 123.5 115.2 107.5 102.1 96.6 90.1 83.8 77.8 71.8 64.1 57.6 57 53.6 52.3 46.5 41.5 31.5 36.2 34.6 27.4 33.4
265.7 300.6 319.3 313.3 322.4 322.7 321.6 320.2 298.6 312.8 318.6 326.9 337.5 353.9 376.5 395.7 397.5 397.4 395 396.1 408.2 402.6 394.9 382.4 371.7 357.7 336.7 329.5 321.9 312.4 301.9 291.3 277 269.1 266.2 262.5 258 250.3 245.7 242.5 239.4 233.3 224.1 217.7 218.2 216.2 211 207.7 204.7 202.3 195 187.9 180.7 174 166.2 160.8 155.4 149.2 142.6 136.6 131.5 124.6 118.6 111.2 104.2 98.4 92.6 87 81 75 67.9 60.3 56.4 56.8 55.8 54.8 43 33.2 42 43.4 35.1 32.3 40.1
271.7 295.3 312.3 324.3 330.2 327.5 323.5 321.9 307.1 317.7 323.7 333.2 351.4 365.1 375.3 387.8 391.1 391.5 390.8 393.9 402.2 399.9 396.8 386.5 369.8 354.3 335.3 325.5 317.7 310 301.2 288.2 276.1 267.1 261.7 257.8 251.9 246.9 243 238.9 235.2 227.7 219.8 213.5 211.3 208.9 207.8 205.6 201.4 197.8 191.2 184.3 177.1 169.7 162.6 156.7 151 144.4 137.3 130.4 124.6 116.7 113 106.6 99.7 94.9 89.2 84.3 78.4 71.3 63.4 58.4 60.9 57.1 58.4 46.7 42.6 40.5 47.1 45.8 40.1 43.4 40.1
