webserver/python/data/NC50.asc
ncols 200
nrows 200
xllcorner 250000
yllcorner 900000
cellsize 50
[rows 70 to 104 of 200, columns 0 to 78 of 200]
254.1 251.8 250.7 249 246.8 240.7 234.5 229.4 228.6 229.1 228.6 227.8 224.8 220.2 221.2 224.1 225.9 227.4 226.9 225.5 225 224.8 224.9 226.2 227.3 229.6 229.5 231.3 232.2 235.4 238.6 240.5 240.1 240.5 239.4 239.1 239 239 239.9 240.8 241.8 242.8 242.2 240.8 240.3 240.4 237.6 233 228.2 221.5 220.3 221.6 223.5 229.8 234.2 237.5 239.8 242.6 244.7 246.1 247.5 249.7 251.5 252.5 253.2 253.3 254 251.5 249.9 250.7 253.1 253.7 254.4 255.2 256.1 256.8 257.3 257.8 258.4
256.5 254.6 252.7 250.6 247.7 241.7 235.7 230.9 229 228.2 227.4 226.7 223.5 220.2 219.8 223.4 226.2 226.9 224.9 223 222.5 222.4 222.2 222.5 224.2 226.1 228 229.3 231.1 233.1 235 236.5 236.3 236.6 238 239.4 239.2 240.3 241.1 241.8 243.5 244.5 244.2 243.1 242.5 241.1 237.9 234.2 229.7 223.7 219.8 220.1 217.4 222.7 229.3 234.4 236.9 239.3 241.7 243.4 244.9 247.1 249.3 250.8 251.2 251.4 252.2 251.6 248.9 252 253.5 254.1 254.1 254.6 255.7 257 257.7 258.4 259.1
257.6 256 254.1 252 248.7 242.8 239.1 233.4 229.2 227.2 226.3 225.5 222.3 220.1 219.2 224.8 229.1 227.6 223.1 221.5 219.8 221 220 220.3 222.1 223.1 224.9 225.6 227.3 229 230.7 232 233 234.4 235.7 237.3 238.4 240.8 241.1 243.4 245.1 245.4 245.1 244.7 243.3 241.5 238 233.9 230.2 227.6 224.1 221.4 215.1 213.7 223.7 229.8 233 235.6 238 240.4 242.4 244.8 247.1 248.2 248.8 250.2 251 249.2 248.9 250.4 252.4 253.5 253.6 256.1 256.4 257.4 258.4 259.1 259.5
258.3 256.3 253.8 251.4 249 244.6 240.7 237.1 231.3 228.9 226.9 224.7 223.2 219.5 219.4 228.9 233.2 226.6 220.2 218.6 218 217.6 218.5 219.6 219.7 220.6 221.7 222.3 224.1 226 227.9 229.1 229.9 231.9 234.2 236.3 238.2 239.8 240.1 241.9 243.3 243.3 243.7 243.4 242.8 241.1 237.4 233.5 229.8 227.7 225.9 223.5 221 210.5 215.8 224.7 228.6 231.7 234.2 236.6 239.1 242.1 243.6 245.1 246.6 248.1 248.1 248.5 248.7 250.9 250.8 252.5 254.8 256.1 257.2 258.3 259.6 259.5 259.9
258.5 256.1 253.6 251 249.9 246.1 241.6 237.9 233.8 230.2 228 225.2 221.9 220.1 219.2 226.2 224.7 218 216.4 214.8 213.8 213.6 214.6 215.7 216 216.7 217.4 219.8 221.9 223.8 224.9 225.9 228.1 230.6 232.8 234.9 236.8 238.6 239.2 240.3 241.9 240.8 242.2 242 242 240.1 236.4 232.7 229.5 227.2 225 222.5 220 212.5 210.1 219.6 224.6 227.4 230.4 232.1 234.7 237.7 240.1 241.9 243.8 245.4 245.1 245.2 247.2 249 250.8 252.5 254.8 257.4 258.8 260.1 261.1 261.9 262.1
258.9 256.5 254 251.7 250.9 246.8 241.6 239 235.5 232.3 229.1 226.2 224 221.3 220 219.5 219 215.6 212.8 211 209.8 209.6 210.7 211.8 212.4 213.6 215.2 218.7 220.4 221.2 221.8 222.7 224.8 227.8 231.3 233.4 235.3 236.7 238.3 239.9 240.9 239 240.1 241.1 241.1 238.8 234.9 231 227.7 226.2 224 221.3 218.2 211.6 209 214.1 218.6 222.6 225.7 227.9 230.2 233.3 236.5 238.8 240.9 242.1 241.9 242.6 244.9 247.2 250 252.9 255.4 258.2 260.1 261.7 263.5 265.7 267.3
259.9 257.4 255.1 253 250.3 246.7 241.5 240.3 237.2 233.7 230.4 228.3 226.2 223.7 221.1 219 217.6 214.7 211.9 209.9 208.9 208.9 208.9 210.6 209.4 210.9 212.7 215.6 217.1 218.1 219.2 220 221.5 222.6 227.2 230.7 231.9 233.4 235.4 237.3 236.9 236.2 236.3 238.7 240.4 237.2 233.2 229.6 226.4 224.1 222.8 220 216.1 211 206 206.5 214.7 218.1 221.4 224.1 227.3 230 232.5 234.5 237.1 236.9 237.6 240.3 242.9 246.6 249.7 252.9 255.8 258.4 261.3 263.3 265 267.8 270.3
260 258.4 256.4 253.6 249.9 245.7 241.6 239 237.1 234.6 232.1 229.7 227.9 224.4 221.1 219.3 217 214.5 212.4 210.5 209.8 208.9 209.5 208.9 208.8 209 210.2 212.6 213.7 214.8 215.8 217.1 217.2 219.4 223 229.3 227.5 229.1 230.6 231.8 232.5 232.3 231.9 233.8 235.8 234.9 231 227.1 224.4 221.8 220.8 218.2 214.3 210.5 204.7 202.3 210.3 214.1 217.1 220.9 223.5 225.2 227.6 229.4 231.4 230.4 232.8 239.1 241.3 244.8 249.4 252.2 255.4 258.4 261 263.8 266.8 269.6 271
262.4 260.4 258.1 255 250.8 246.7 242.9 240.3 238.2 236.2 234.1 230.8 228.3 225.2 221.8 219.6 217.6 215.4 213.4 211.5 210.3 209.6 208.8 208.7 208.7 208.6 209.4 210.5 210.4 211.8 213.1 213.9 213.6 214.1 220.1 220.9 222.2 223.5 225.5 226.3 227.1 227.5 226.1 230.5 231.9 231.3 228.8 224.7 220.7 219.3 219.6 216.6 213.4 210.4 205.1 199.2 204.5 209.2 212.6 216.2 218.6 220.4 223.2 225.8 227 227.2 232.6 235.2 238.1 241.2 246.4 250.4 253.6 256.7 259.5 262.7 266.2 269.8 271.6
264.8 263 260.6 257.4 252.9 249 246.2 243.1 241 238.9 236.2 232.6 229.4 226.1 223 220.5 218.5 216.2 214 211.9 210.1 210 208.8 208.7 208.6 208.5 208.5 208.4 208.5 209.2 210 210.6 210.2 209.5 214 216 218 218.1 220.2 221.2 222 221.8 221.1 224.7 228.4 227.7 224.6 221.6 219.1 218.3 216.7 214.8 211.7 208.5 204.9 200.7 198.1 202.5 208.1 211 213.5 215.3 218.6 221.1 221.6 221.9 228.5 232.1 234.6 237.3 242.6 247 250.7 254.4 257.9 261.4 265 268.4 271.4
268.9 266.3 264 260.9 256.7 252.5 247.7 245.9 243.7 241.7 238 234.4 230.6 226.8 224.2 221.6 219.3 217.1 214.9 212.7 210.4 209.2 208.2 208 207.8 206.3 204.9 204.6 204.9 206.5 206.4 206.9 208.4 208 208 210.4 212.3 213.6 214.9 216.2 216.9 217 217.9 220.7 221.4 221 219.3 218.2 218.1 214.2 213.2 212.1 210 206.6 203.1 197.8 191.3 194.8 199.8 202.2 207 209.1 212.4 215.8 215.9 218.1 223.8 228.6 230.4 232.2 238.2 242.5 246.4 250.5 254.9 258.5 262.1 265.6 268.9
273.4 270.1 266.9 263.8 260.7 255.8 251 248.7 246.5 243.4 239.3 235.3 231.2 228 225.4 222.8 220.2 218 215.8 213.6 211.4 210 208.5 207.1 205.7 203.7 202 201.1 202.2 204.1 203.4 203 203.8 204.6 204.7 206.7 207.9 209 210.3 211.6 210.5 211.5 213.5 216.4 217.3 217 215.5 212.8 211.4 210.1 209.5 209.3 206.3 204 201.4 197.3 190.6 189.6 190.8 195.6 200.2 203.1 206.1 210.5 210.2 211.8 218.2 222.1 225.5 229.3 233.4 237.3 241.4 246.2 250.5 254.6 258.7 262.6 265.8
278.3 275.7 271.9 267.9 264.7 259.8 256.1 253.3 250.6 246.8 242.3 237.7 233.1 229.5 226.9 224.2 221.5 218.7 216.7 214.5 212.4 210.9 209.4 207.7 205.5 202.8 200.7 199.5 200.3 201.6 200.6 200.2 199.6 200.5 201.2 202.8 203.7 204.6 206.7 209.5 207.3 207.2 208.6 209.3 212.2 213 211.8 209.4 210.6 206.6 204.9 203.7 201.8 199.6 197.4 194.5 190.2 185.3 186.8 192 195.1 197 199.7 203 201.9 209.1 212.4 219.4 220.1 223.5 227.7 231.1 235.3 240.1 244.8 249.3 253.5 257.8 262.3
284.3 281.9 278.3 274.3 269.7 265.7 261.3 257.9 254.4 250.8 246.7 242.2 237.2 232.2 228.2 225.3 222.2 220.2 218.5 215.8 213.5 211.8 210 208.3 206.5 203.9 202.6 201.6 201.7 199.7 199 198.7 198.7 198 197.4 198 198.6 199.2 201.9 203.5 201.7 201.6 202.7 203.7 205.3 207.3 209 202.7 203.6 200.3 199.1 197.7 196.5 195.2 193 191.3 188.7 179.9 187.2 191.6 191 192 190.3 191.9 198.3 202 205.6 209.7 211.7 218.8 222 225.2 229.2 233.8 238.5 243.1 247.8 252.4 256.6
292 288.9 286.1 281.9 276.2 271.5 267.2 263 258.3 254.6 251.2 246.3 241.5 236.2 230.6 227.3 223.7 222 219.4 216.8 214 211.9 210.2 208.6 206.9 205.6 204.5 203.5 201.9 199.9 199.2 198.4 197.6 195.7 193.6 193.2 193.9 194.5 197.7 197.4 197 197 197.8 197.8 198 200 198.5 196.8 196.3 195.2 193.4 192.1 191 189.8 188.4 186.7 181.5 179.7 185.3 188.8 184.3 182.9 186.2 188 190.9 194.7 198.3 202.6 209 212.8 216.2 219.6 223.3 227.8 230.8 235.4 240.8 245.1 249.5
300.2 296.9 293.8 289.3 284.4 280.2 275.4 269.7 265 260.4 255.9 251 245.9 241.1 236.2 231.3 226.3 221.3 218.1 216.1 213.7 211.7 210.2 208.6 207 205.5 204.4 203.7 202.2 200.6 199.6 198.8 196.7 194 191.4 189.3 189.3 190.2 191.7 192 193 192.3 193.1 191.8 191.7 193.5 190.8 191.9 191.3 190.2 188.3 188.2 185.7 184.6 183.3 181.5 179.1 176.5 176.4 176 178.8 180.6 182.3 184.4 186.6 187.6 189.7 195.5 201.2 204.1 208.5 213.2 217.4 220.4 222.8 227.7 232.7 237.5 242.4
306.2 304.7 301.6 298.1 294.4 290.2 284.6 279.2 273.5 267.8 262.5 257 250.6 245.7 239.7 233.7 228.3 223.6 219.5 216.8 215.5 213.3 210.3 208.7 207 205.4 204.9 203.9 202.3 201.8 200.9 199.3 197.3 194.8 192.1 190.4 189.5 189.4 188.6 188.8 189.6 188.8 188.9 189.4 188.9 189.8 189.2 188.3 186.5 186 184.7 182.7 181.3 180 179.1 178.5 175.5 173.2 170.8 169.5 172.2 175.8 178.8 182 180.7 180.2 183.6 187.9 193.5 195.8 200.9 205.9 209.1 210.9 214.8 219.6 224 228.9 233.7
312.1 310.6 307.9 305.6 303.9 299.7 294.2 288.3 282.3 276.9 270.4 263.1 255.6 249.3 243.7 238.1 232.4 227 222.6 219.4 218.3 215.5 211.6 208.8 207.5 206.8 206.5 206.5 205.1 203.5 202.1 200.6 199.2 197 194 191.7 190.3 189.6 189 187.9 187.9 187.5 187.2 187.9 189.6 193.9 189.4 185.7 183 182.7 182.2 180.4 179 179.6 178.5 178.2 173.8 170.5 169.4 169.8 169 169.4 172.3 173.8 171.6 175.3 178.4 180.5 189 188.3 193 197.7 200.7 203.5 207.2 211.4 215.8 220.2 225.1
317 315.6 313.8 312.8 310.7 307.8 302.9 297.3 292.4 285.9 278.3 270.8 263.4 257.4 250.5 242.7 236.9 231.1 226.3 224.4 221.7 218 214.1 212.1 209.6 209.4 210.5 209.3 207.9 206.3 204.8 202.8 201 199 196.4 193.8 190.9 190.3 188.8 186.8 186.6 186.3 185.9 185.9 188.1 189.5 184.8 182.7 180.5 179.4 181.2 179 179 179 179.7 176.3 172 170 171.7 172.3 169.3 169 168.3 167.5 168.6 170.6 172.3 174.5 177.3 181.6 184.5 189.3 193.5 195.9 199.6 204.4 208.2 212 216.4
321.9 320.3 318.8 317.3 316 313.6 311.2 306.9 302.4 295.9 288.1 280.4 272.5 263.5 255 247.5 240.6 234.8 231.1 228.1 224.4 221.1 219.2 217.8 216.2 214.9 213.5 212.1 210.7 209.1 207.7 206.2 204.3 201.7 200.5 196.5 192.9 190.3 188.8 187.5 186.5 185.1 184.7 184.4 184.8 184.1 181.8 180.6 179 179.7 179.5 179 179 180.5 180.1 174.5 172.5 170.8 176.2 180.4 168.9 167.5 165.7 165.3 167.9 165.8 168 169 173.4 176.6 178.3 180.5 184.3 188 191.6 196.4 200.7 204.2 208
326.7 325.3 323.9 322.4 321.2 318.9 316.8 312.5 307.9 302.8 297.5 288.8 280.1 269.8 260.7 253.3 245.4 239.5 235.5 231.5 229 226.4 224.2 222.4 220.3 218.7 220.1 216.9 213.6 211.9 210.3 209.6 208.3 205.3 201.8 199 195.7 195.1 192.4 190.2 187.6 186.5 186.1 185.2 185.3 183.5 182.9 181.7 179.6 181.4 179.8 179.6 180.4 180.6 178.8 174.7 173.4 173.2 174.5 174.1 168.5 168.4 166.1 163.1 162.2 161.9 167 170 170.8 170 169.1 172 176.9 182.8 188 192 193.2 197 200.4
331.8 330.3 328.9 327.5 326.1 324.4 320.8 316.8 311.8 306.4 301.4 297.4 288.7 281 269.6 258.5 250.1 243.9 238.9 235.5 232.6 229 228.5 226.4 223.5 221.8 220.6 219 217.4 217.7 214.8 212.2 210.7 206.9 203.4 201.4 200.5 200.1 196.9 193 190.1 189.6 189.8 188.5 188 185.8 184.9 183.6 181.7 184.9 182.4 183 183.1 180.2 178 176.3 175.6 175.5 173.2 169.5 169.1 170.6 168.6 164.5 160.1 160.1 163.1 165.8 165.9 163 163.7 167.9 172.2 178.5 179.7 183.8 185.5 188.3 191.1
336.4 335.7 334 332.4 330.1 328.9 324.7 320.4 315.2 309.8 305 302.9 297.3 289.8 278.2 266.5 255.6 249.6 243.5 238.9 236.4 234.2 233.1 230.4 226.6 224.9 222.2 221.5 221.6 221.2 221.1 216.9 209.4 208.5 206.5 205.9 203.8 200.7 199.3 199.7 196.6 195.9 195.1 194.1 191.1 188.7 188.5 189.5 187.3 187.9 186.6 186.6 184.4 179.8 178.7 179 178.2 177.3 174.9 170.8 170.4 169 169.1 165.3 160.9 159.4 158.9 158.7 158.4 158.8 160.1 169.1 170.3 170 170.7 175.8 178.2 181.3 185.3
341.1 340.4 339.4 337.6 335.6 332.9 328.7 323.8 318.6 313.3 308.7 305.3 301.5 293.3 286.2 275.9 263.9 256.3 249.8 244.9 241.9 239.3 237.8 234.1 230.5 227.4 227.2 226.3 224.6 222.1 220.7 217.1 211.6 211.8 210.2 210.7 209.3 202.1 201.1 200 201.1 201.4 201.1 199.7 195.4 192.2 193.5 198.3 194.5 191.5 189.3 190.8 187.2 183.2 182.7 183 181.1 179.4 178.5 178.1 173.2 170.3 168.9 166.8 163.9 160.7 159.2 158.5 157.6 157.9 158.6 159 159.2 161.8 164 168.3 170.9 174.5 180.3
346.9 345.8 344.7 342.8 340.6 337.8 333.4 328.6 323.1 317.6 312.5 308.2 304 294.9 288.8 281.7 272.4 263.4 256.7 250.9 247 244 240.6 236.9 234.1 231.3 230.7 229.6 227.9 225 221.2 219.5 217.6 215.8 214.1 210.6 209 207.4 206.2 204.5 205.7 205.5 204 199.9 199.4 196.5 198.8 199.6 196.6 193.6 191.2 190.2 189.2 189.2 188.8 187.3 184.2 183.3 181.2 180 177.2 173.4 170.2 169.2 168 165.6 161.7 158.4 157.5 156.5 156.4 156.3 157.4 158.7 158.9 160.7 162 166.3 172
353.1 352 351.2 348.6 345.5 342.6 338.2 333.5 328.1 322.5 317.3 312.7 306.8 296.7 288.3 281.7 275.1 267.6 260.9 255.2 251.1 246.9 243.4 240.7 238.1 235.6 233.8 231.9 230.6 226.5 224.5 222.2 221.9 219.6 217.4 213.2 212.5 213 211.7 210.7 209.7 210.9 207 203.8 202.9 202.1 201.5 200.1 197.9 197.1 195.5 193.5 193.6 193.5 192.5 191.8 190.1 187.8 184.3 179.9 179.7 179.3 177.9 173.3 170.7 170.7 163.5 160.2 158.7 157.4 156.2 154.3 155.1 156.1 156.7 156.9 157.8 161.5 163
359.3 358.8 357.3 355.3 351.7 346.8 343.1 337.8 331.9 326 321.5 316 309.1 301.7 289.4 282.6 275.7 269 262.9 258.2 253.8 249.5 246.3 243.6 240.9 238.5 236.3 234.3 231.6 230.1 228.9 227 226 222.2 219.4 220.3 219.6 218.8 218.2 215.1 214.3 213.4 211.8 208.8 209.3 208.5 207 203.7 202.8 201.4 199.9 198.8 199.3 197.9 196.1 195.1 193.5 192.5 189.8 187 185.1 182.9 179.2 175.9 170.6 169.3 165.6 162.7 160.5 158.9 157.6 154.9 153.8 153.2 153.1 154 155 157.4 158.1
364.9 366.8 367 365.7 361.3 354.5 347.8 340.8 334.2 328.4 324.2 318.1 310.4 303.3 293.5 284.5 277 270.2 265.1 260.1 255.8 251.7 248.4 245.9 243.3 241.2 238.5 236.5 235.7 233.9 232 230.2 230.7 224.3 221.7 224.4 223.2 221.5 220.8 220 219.2 217.2 215.8 214.8 214.5 213.2 211.5 210.5 208.7 206.2 204.7 204.4 205.1 201.9 199.5 199.6 199.3 197.3 196 192.8 191.5 187.9 180.2 177.9 174.7 173.3 171.6 168.6 169.1 165.4 159.2 158.1 155.6 153 152.9 152.5 152.4 153 153.1
370.7 372.7 374 373.4 367.9 362.2 353.3 345.6 338 330.6 325.6 319.8 312 304.3 294 285.9 278.5 271.7 266.6 262 257.9 253.8 250.3 248.3 246.1 243.9 241 240.4 239.5 237.6 235.6 232.5 230.7 229.3 228.4 228.1 226.7 225.2 223.7 221.9 221.8 221.4 220.2 220.1 219.5 218.7 215.9 215.3 213.9 211.3 210.4 210 209.1 206.9 206.2 206.1 204.1 202.3 200.3 197.9 195.2 192.3 186.6 184 182.4 181.8 179.9 179.9 179.7 176.1 167.3 162.9 162.2 159 155.5 152.5 152 151.5 150.9
374.3 378.6 380.2 379.5 373.4 366.1 359 350.9 342.3 333.9 327.9 321.3 313.4 304.6 293.9 285.7 278.3 271.8 266 261.7 259.2 256 252.2 250.5 249.3 246.3 244.7 243.7 242.2 240.5 238.8 236.2 230.8 231.9 233 231.9 230.6 229.2 227.7 227.3 226.4 226.1 225.4 225.3 224.8 224.2 222.3 221.6 220.8 219.3 218.5 217.3 215.4 214 212.4 211.4 208 206.9 205.6 203.1 200 196.6 192 190.3 189.2 189.2 187.9 186.5 181.3 175.4 171.6 171.7 170.8 170.6 166.3 161.1 156.6 152.6 150.9
376.4 380.9 383.1 385.6 380.8 373.9 363.8 354.5 345.1 337.8 330.2 323 314.4 304.4 292 284.2 276.8 270.1 264.8 260.3 259.2 256.4 253.8 251.7 250 248.8 247.9 246.4 244.8 243.2 241.5 239 235.7 236.8 236.8 235.6 234.3 233 230.8 230.9 231.5 230.7 230.6 230.6 230.3 229.8 229 228.3 227.9 227.3 226 224.1 222.3 222.7 219.5 216.2 212.8 212.6 211 208.5 205.8 201.7 198.5 196.6 195.6 193.9 192.2 187.7 180.1 179.6 177.5 175.4 173.9 172.9 170.1 170.8 163.7 156.4 152.6
372.9 378.9 385 390.2 390 385.1 376.7 362.8 352.8 342.8 334.5 326.1 316.2 305.3 293.2 284.2 276.2 268.9 263.4 259.1 258.8 257.2 254.9 252.7 250.3 250.9 250.1 248.6 247.2 245.2 242.1 239 240.8 240.8 240.3 239 237.7 236.2 233.8 234.2 235.1 235.9 235.9 235.8 235.8 236.7 236.6 236.4 236.1 235.1 233.5 231.8 230.4 228.6 225.6 222.5 219.1 218.9 216.5 213.8 210.2 206.3 204.6 202.8 201 198.4 195.9 193.1 189.1 186.8 184.1 180.4 178.2 175.9 173.8 168.5 160.2 160.5 158.6
369 375 381 387.8 391.5 391.5 386.6 374.6 360.8 348.8 339.7 330.1 319.1 306.7 294.9 285.8 278.2 270.8 265.9 262.6 259.5 258.1 256 254.1 253 252.5 252 250.6 249.2 246 239.7 241 244.6 244.5 244.1 242.1 240.8 239.2 237.3 238.2 239.1 240.4 242.3 242.5 243.5 245.6 246.9 246.7 245.4 243.6 242 240.1 237.7 235.6 233.1 230 227.3 225.9 224.6 221.8 218.3 213.5 211.6 209.6 207.6 205.8 204.2 200.5 198 194.9 191.2 187.8 186.6 183.1 179.8 175.8 169.2 165 160.2
363.6 369.4 375.3 381.8 389.7 397.9 397.9 387.2 374.9 360.5 345 335.1 323.3 310.2 298.2 288 280.1 274.1 269.1 264.9 261.8 259 257.5 256.6 255.5 254.4 253.7 252.4 251 248.8 245 247.8 248.3 247.9 247.5 246 243.9 242.3 241.2 242.1 243.6 245.1 247.9 249.2 252 255.3 257.3 257 255.9 253.7 251.6 249.2 246.4 244.1 241.2 237.8 235.2 233.6 231.7 228.6 226.3 222.7 220.1 216.9 213.8 212.2 210.9 208 205 202.3 199.2 196.4 192.7 189.2 185.7 181.6 170.6 171.1 169
357.8 363.6 369.4 375.1 383.3 392.9 399.4 398.1 386 372.7 357 340.6 327.6 314.2 303.3 292.6 284.1 277.6 272.4 267.7 264 261 260 258.9 258 256.9 255.6 254 251.2 249 250.4 252.4 252.4 251.9 251.3 249.4 247.2 245.6 245.2 246.7 248.2 250 252.8 256.5 262.7 265.4 266.6 266 265.2 263.5 261.3 258.3 255.4 252.8 249.4 246.4 243.5 240.8 238.3 235.7 233.6 230.1 226 222.6 220 217.6 215.5 213.3 211.4 209.1 206.4 200.8 197.5 195 192.2 187.4 183.9 180.7 177.6
