webserver/python/data/NC62.asc
ncols 200
nrows 200
xllcorner 260000
yllcorner 920000
cellsize 50
[rows 0 to 34 of 200, columns 78 to 155 of 200]
187.4 184.8 181.9 179.9 177.9 176.3 173.7 173.3 173.3 173.3 173.3 173.3 173.3 173.3 173.3 173.3 173.3 173.3 173.3 173.3 173.3 180.1 192.2 204.4 216.3 212.2 221.1 239.1 252.1 266.8 273.9 281.1 289.4 300.9 312.7 324.4 337.5 350.4 365 379.9 396.5 409.3 420.9 430.3 433.8 438.3 443.1 443.3 447.2 441.7 434.5 427.4 407.3 379.5 365.8 351.8 339.9 329.4 322.9 321.7 324.7 327.4 324.8 326.4 330 334.2 340.6 344.9 349.3 353.4 358 362.1 364.1 366.2 368.2 370.2 372.2 374.2
185.6 182.7 180.6 178.9 177 175.4 173.3 173.3 173.3 173.3 173.3 173.3 173.3 173.3 173.3 173.3 173.3 173.3 173.3 173.3 174.8 184.7 197.5 209.6 220.4 218.9 232.3 245.6 259.5 270.5 278.3 286.1 295.4 304.7 311.1 322.8 335.6 348.4 361.8 378.6 394.9 409.3 423.2 432.5 441.2 446.6 452.9 457.8 458 454.8 449.8 440.3 420.2 400.8 389.7 376.4 363.5 353.2 342.2 338.8 338 335.6 333.2 336.5 340.6 344.8 351.7 355.9 359.4 363.3 367.2 371.3 373.3 375.4 377.4 379.5 381.6 384.5
183.8 180.6 178.7 176.9 175.8 173.3 173.3 173.3 173.3 173.3 173.3 173.3 173.3 173.3 173.3 173.3 173.3 173.3 173.3 173.3 178.1 191.5 202.7 214.7 228.4 230.3 236.6 249.9 262.6 275.5 283.6 291.8 301.8 309.9 314.6 323.2 333.5 346.4 362.7 380.3 397.1 410.3 423 434.1 443.7 455.8 461.1 465.4 468.8 466.4 461.9 453.5 433.6 418.3 409.2 400.4 387.1 376.4 363.2 355.6 352.5 349.2 346.8 348.4 351.3 355.5 362.6 366.9 370.3 374 377.7 380.4 382.5 384.6 386.7 388.9 391.8 394.7
181.8 178.7 176.3 173.6 173.3 173.3 173.3 173.3 173.3 173.3 173.3 173.3 173.3 173.3 173.3 173.3 173.3 173.3 173.3 173.3 185.8 198.5 210 225.4 239.4 241.4 244.2 251.9 265.4 278.4 289.1 303.3 311.5 318.4 323.1 331.8 340.2 348.6 365.9 380.6 394.1 409.7 421.1 435.2 445.5 457.3 466.7 472.3 476.2 476.8 473.5 464.9 450.3 436 426.5 418 409.2 395.6 381.2 370.5 365.9 363 360.5 362.4 363.9 367 373.5 377.8 378.9 384 386.8 389.5 391.3 393.3 395.3 397.2 401.2 404.9
179.3 175.9 173.3 173.3 173.3 173.3 173.3 173.3 173.3 173.3 173.3 173.3 173.3 173.3 173.3 173.3 173.3 173.3 173.5 185.7 197.2 212.8 222.2 244.1 252.3 248.2 252.8 257 270.4 282.6 297.4 312.3 318.2 327.5 334.2 345.9 352.9 356.7 369.5 381.1 394.6 408 420.2 433.7 446.5 457.4 467 474.6 480.8 483.1 482.1 477 464.3 454.2 443.9 434.2 423.8 410.2 400.9 387.6 381.4 375.8 373.6 377.2 377 381.1 384.6 383.7 389 393.5 396.3 398.8 400.2 401.7 403.7 405.5 407.2 410.9
176.1 173.3 173.3 173.3 173.3 173.3 173.3 173.3 173.3 173.3 173.3 173.3 173.3 173.3 173.3 173.3 173.3 173.3 182.3 196 207.5 230.9 239.9 253.3 261.6 260.3 260.3 264.2 280.1 292.8 311.7 324.1 332.4 338.7 347.8 361.5 365 367 374 384 396.6 410 421.5 433.6 447 461 470.3 479.1 490 491.3 488.9 484.7 476.5 465.5 458.3 449.9 438.5 428.1 422.9 409.9 399.4 391.5 385.3 386.1 388.7 392.2 394.9 397.6 400.2 403.4 406.3 407.8 409.1 410.5 412.1 414 416.4 420.5
173.7 173.3 173.3 173.3 173.3 173.3 173.3 173.3 173.3 173.3 173.3 173.3 173.3 173.3 173.3 173.3 173.3 173.3 189.3 206.6 225 248.4 263.3 278.2 275.2 271.6 268.8 272.2 290.1 310.7 325.2 333.1 341.3 348.1 357.1 371.2 375.2 376.3 381.5 389.5 399.1 410.6 422.7 435.8 450.2 464.1 473.8 487.4 500.7 501.7 501.8 496.7 489.3 479.6 469.5 464.7 455 447.9 441.6 427.5 416.5 410.2 404.1 400 402.2 403.1 406.5 410 410.1 413.7 417.4 418.9 420.2 421.6 423.1 424.6 427.1 430.9
173.3 173.3 173.3 173.3 173.3 173.3 173.3 173.3 173.3 173.3 173.3 173.3 173.3 173.3 173.3 173.3 173.3 176.3 196.6 215.3 235 257.3 274.8 286.4 288.4 282.8 278.3 283.1 299.4 322.1 337 342.5 348.4 356.5 373 380.7 383.2 385.9 393.1 401.2 413.1 419.1 431 442.5 453.6 467.5 482.8 499.2 510.1 511.7 511.9 512.8 506.7 499 485 478.5 471.8 460.7 454 445.1 434.7 428.7 423.7 418.8 413.5 413.5 415.1 420.7 418.2 421.8 425.9 430 432.1 433.5 434.8 435.7 438.9 442.6
173.3 173.3 173.3 173.3 173.3 173.3 173.3 173.3 173.3 173.3 173.3 173.3 173.3 173.3 173.3 173.3 180 185.8 205.1 222.7 242.2 262.2 276.5 289.3 295.2 290.5 289.6 293.2 305.8 326.3 340.2 350.2 358.3 369.5 382 386.7 391.4 399.6 410.3 426 435.7 445.3 447.1 453.4 466.4 482 496.9 510.3 520.8 523.2 525.1 528.2 526.6 515.2 498.4 492.7 490.3 477.8 469.9 463.9 455 447.9 444.7 444.2 436.4 430 425.3 422 428.8 429.6 434.2 438.9 441.9 442.6 444.6 447.5 450.3 456.1
173.3 173.3 173.3 173.3 173.3 173.3 173.3 173.3 173.3 173.3 173.3 173.3 173.3 173.3 173.3 174 187.8 197.9 212.7 231 248.6 264.7 276 289.3 299.7 303.1 302.2 304.5 319.4 338.3 347.7 356.9 368.5 384 389.9 394.1 405.5 422.8 440.1 446.7 451.9 465.1 476.5 475.7 482.5 499.5 513.9 523.1 532.1 539.2 544.6 545.9 545.3 536.5 524.9 512.1 507.9 495 488.7 481.5 474.1 464.3 460.8 460.8 460.9 453.4 445.7 440.9 442.9 441.5 442.8 446.6 449.2 453.6 456.5 459.4 465.6 472.8
173.3 173.3 173.3 173.3 173.3 173.3 173.3 173.3 173.3 173.3 173.3 173.3 183 186.1 188.4 196.2 200.6 212.8 223.2 236 252.8 268.6 277.5 291.5 304 311.5 315.9 319.5 336.4 351.7 355.3 363.5 377 390.8 396.5 404.3 424.9 450.3 461.2 466.5 478 496 510.3 511.2 512.3 525 535.1 546.9 560.2 571.2 579.3 578.4 572 566.6 548.8 541.7 533.6 523.4 518.6 509.5 493.4 483.3 480 480.1 478.3 472.9 462.7 459.1 457.1 455.3 454.3 457.4 460.9 465.4 469.5 474.8 481.9 489.3
173.3 173.3 173.3 173.3 173.3 173.3 173.3 173.3 173.3 173.3 173.3 184.6 203 215.8 227.1 224 230.1 248.1 245.6 253.1 255.9 270.6 282.6 296.8 307.9 317.1 325.5 330.6 346.2 355.1 363.2 373.6 387.3 397.7 404.3 421.1 443 465.7 476.2 488.7 510.6 525.4 539.1 546.5 555.1 560.3 569.7 583.1 593.3 599.6 608.2 611.7 605.3 595.6 585.3 580.5 564.5 554.3 545.8 538.2 529.2 516.6 513.9 506.5 499.7 491.2 483.2 476.4 473 473.5 473.4 474.1 474.3 478.1 483.1 489.1 496.2 505.3
173.3 173.3 173.3 173.3 173.3 173.3 173.3 173.3 173.3 173.3 183.1 201.3 232.1 245.2 254.7 264.1 270.7 271.9 273.8 272.1 273.1 278.5 290.2 302.9 311.4 321.3 332 337.2 349.3 359.9 370.3 383.4 395.3 404.8 414.8 433.6 455.5 476.8 493.5 514.9 533.6 549.1 563.3 571.2 578.6 586.3 595.2 602.8 609 613.6 618.1 618.5 618.8 615.3 607.8 598.9 592.8 583.8 572.8 561.8 553.4 551.3 546.9 535.4 521.4 508.9 501.8 495.9 493.4 492.2 488.1 489 492 493.9 499 509.3 516.3 525.9
173.3 173.3 173.3 173.3 173.3 173.3 173.3 173.3 173.3 184.2 203.8 223.7 250.3 263 270.7 282.6 292.1 295.5 292.4 293.4 290.1 293.5 301.9 306.9 313.8 324.4 333.2 340.7 350.6 363 375.4 388.6 399.1 408.5 429.6 447.8 467.2 488.4 503.8 526.2 547 566.4 579.8 588.3 597.1 610.9 613.4 614.1 616.5 619.9 620.9 622.3 624.2 624.9 619.2 612 608.2 600.3 594.5 583 576.8 575 569.2 562 546.2 532.2 523 517.1 512.8 509.2 505.6 505.8 514.3 514.4 516.5 525.9 537 546.9
173.3 173.3 173.3 173.3 173.3 173.3 173.3 173.3 176.5 197.8 220.7 245.9 263.4 276 288.6 297.4 307.6 315.5 320.1 313.4 307.5 302.2 309 314.1 318.6 325.4 333.5 340 350.5 367.2 379.3 390.9 402.6 416.3 438.9 454.6 476.1 495.6 512.1 531.1 546.4 563.4 578.4 592.1 601.8 610.3 613.9 615.3 616.9 621.4 626.6 628.9 629.3 631.3 626.3 619 611.5 607.6 603.6 598.3 600.2 596.9 586.7 577.5 568.6 554.9 539.3 534.1 530.6 527.8 526.1 523.2 524.9 532.5 539.1 544.5 556.6 571
173.3 173.3 173.3 173.3 173.3 173.3 173.5 176.3 192.3 211 234.4 255.6 272.9 288.9 300.8 309.8 326.2 332 334 336.9 328.7 318 316.9 320.3 324.1 329.1 332.6 341.8 353.2 367 380.7 392.6 406.2 424.3 439.8 454.8 477.9 496.3 513.7 529.5 544.7 560.9 577.3 588.8 598.7 606.3 609.9 611.8 615.5 619.4 627.1 625.8 627.8 628.5 627.4 621.4 613.4 609.2 609.5 609.9 611.4 609.6 603.1 593.1 580.7 573 560.4 549.4 548.8 548.4 545.6 543.1 543.9 548.3 555.8 566.8 580 596.4
173.3 173.3 173.3 173.3 173.3 175 177.7 182 205.3 221.6 243.2 261.7 278.7 295.7 310.2 319.9 341.7 353.8 353.4 353.8 347.1 336.4 326.9 323.2 329.5 330.7 334.3 343.4 352.9 365 380.2 391.1 406.5 425.2 440.4 455.5 476.7 495.5 511.7 528.2 543.2 559.4 575.9 585.5 592.6 599.3 605.9 609.6 613 618.5 622.4 623.8 626.2 625.3 623.7 619.7 611.4 609.1 609.6 613.4 617.7 616 614.3 611.2 602.5 589.7 584.6 576.8 569.2 566.8 561.2 561.8 568.9 573.8 584.9 588.3 601.8 618.1
173.3 173.3 173.3 174.4 175.6 177.5 180.1 192.8 212.2 226.7 249.4 266.9 283.9 301.3 318.8 333.5 352.9 363.7 366.9 367.4 362.4 351.9 336.1 331.2 334.6 335.5 340 345.9 354.4 364.7 377.4 390.4 406.2 422.4 438.1 454 473.2 490.4 506.6 522.6 541.4 556.4 570.8 579.9 587 593.9 600.2 605.8 610.4 614.6 617.7 619.5 620.8 618.3 616.8 614.8 610.6 609.6 610.9 615.2 620.8 620.9 623.4 623.6 618 611 606.5 597.4 588.4 587.1 583.8 584.8 591.3 602.2 612.7 619.9 624.1 635
173.3 173.3 175.3 177 179.5 185.4 188.5 204.4 216.3 230 252.3 272.2 289.8 307.5 325.4 343.8 359.6 368.4 374.1 379 375.6 364.3 347.3 338.6 341 342.1 344 349.5 355.9 363.3 376.8 390.7 406.2 419.5 435.2 451.7 470.3 485.8 501.9 518.8 536.7 554.5 567.9 577.2 583.2 589 594.4 599.9 605.4 609.6 612.4 614.2 614.3 611.6 610 609.6 610.5 610.9 613.6 617.5 619.8 623.4 632.7 629.2 624.6 621.9 619 614.4 612.4 609.3 607.5 612.2 620.3 632.4 635.4 637.2 640.9 648.4
173.3 173.3 175.7 179.5 181.8 189.9 192.6 207.2 221 237 253.8 272.8 294 312.1 331.1 352 362.5 371.6 379.7 384.6 383.6 383.5 368.8 346.7 349.6 348.7 349.6 354.3 358.7 365.2 376.8 390.8 403.3 416.7 432.9 449.3 467 483.2 499.6 518.8 535.9 551.7 565.2 574.5 580.3 585.8 590.8 596 601 604.5 605.6 605.3 606.4 605.2 602.3 607 609.3 610.9 614.4 617.1 618.9 619.7 625.5 629.1 628.5 632.5 630.1 630.1 631.3 632.6 631.3 637.2 641.6 650.4 650.1 650.1 652.1 657.1
173.3 173.3 174.8 184.5 193.1 189.1 196.3 210.8 228.8 244.1 260.7 270.9 294 314.8 333.4 353.3 366.8 375.4 383.7 391.9 395.8 395.9 386.6 365.7 354.4 355.5 355.4 360.4 364.3 369.6 378.4 388.3 400.9 414.6 431.1 447.5 464 481.9 498.9 517.8 532.8 546.9 561.1 571.5 577.4 582.5 587.4 592.4 595.6 598 597.2 597 598.2 599.8 598.5 597.6 605.2 609.2 613 616.3 618.3 619.4 624.2 630 632.6 639.3 644.1 649.4 658.3 661.1 663.4 669.9 665.7 665.5 662 658.8 658 662.7
173.3 173.3 178.9 191.7 191.8 192.8 195 216.7 234.1 248.1 262.8 277.1 291.4 312.6 330.2 349.8 365.4 378.3 387.4 397.7 403.2 402.2 394.4 379.2 366 365.5 362 364.2 369.5 373.7 380.1 389.6 399.3 415.1 431.8 446.7 462.4 480 497.5 514.8 531.4 543.9 557.9 568 574.2 579 583.1 587.1 589.3 589.8 589.1 588.8 590 591.7 592 591.9 596.7 605 612 615.7 620.5 627.5 636.8 639.4 650.1 651.2 659.9 669.3 680.8 687.3 687.1 683.2 678.8 672.4 665.7 660.5 663.4 668.1
173.3 179.4 187.3 198.1 201.6 202.1 202.6 208.1 234.5 249.8 264 280.1 293.7 307.2 325.4 344.1 361.3 376.9 387.3 399.4 406.4 400.8 396.7 388.4 382 380.6 377.5 369.2 372.8 378.3 384.5 390.4 399.8 412.1 430 445.5 461.3 478 495.8 516.2 529 543 555.4 564.3 570 573.7 577.8 581.9 582.8 581.8 581 580.8 580.6 581.9 583.4 585.1 589.8 603.2 609.4 616.6 620.1 628.4 639.1 648.5 653.1 663.7 672 680.5 690.7 692.1 691.3 685 680 671.5 664.4 660 661.7 666.6
175.5 185.5 197.5 207.1 208.6 210 210.5 212.1 234.1 251.9 264.7 280 294 306.7 322.3 337.7 356.5 371 383 396.4 403.3 403.4 402 398.6 394.4 393.2 388.9 383.7 378 383.3 388.7 393.7 399 413.5 427.7 442.4 458.3 475.7 493.9 513.2 529.8 539.8 549.8 559.6 564.7 569.5 573.4 575.5 574.6 573.7 573.2 574 574.8 578 580.9 580.5 583.9 597.4 607.8 615.6 623.1 630.7 639.2 650 660 672.2 679.5 683.8 687.8 688.6 687.7 682.8 674.7 667.9 662.5 659.9 657.9 661.9
181.7 192 204.5 212.1 215.3 216.9 218.4 220.6 227.9 249 262.2 277.9 293.1 303.9 319.5 334.2 349.4 363.7 377.7 391.7 401.6 406.5 407.4 405.6 399.5 400.6 398.7 397.8 389.8 387.2 392 396.4 399.6 411.3 421.3 437 456.2 474.4 492.9 510.3 525.2 534.7 544.7 554 561 565.1 567.5 566.8 565.9 565.7 567.1 568.8 571.3 576 578.9 579.5 582.8 590.2 601.5 613.8 622.1 632.5 641.6 652.4 665.9 674.9 679.9 682.4 682 681.4 678.5 675.7 670.1 662.4 656.9 654.4 654.8 658.3
189.1 199.4 209.6 217.2 220.8 221.1 225.3 224.7 228.7 245.5 259.8 275.2 290.7 303.1 316.2 329.7 342.1 356 370.4 383.4 395.4 403.9 409.3 409 403.9 403.3 404.6 404.2 399.1 397.4 394.9 398.4 403.5 413.9 429.5 440.5 451.4 468.9 488.2 505.9 518.8 529.5 539.5 548.6 554.7 559 556.7 552.7 550.8 555.6 561.2 562.8 566.7 572.6 577.7 580.7 582.8 588.1 597.1 610.2 619.5 630.8 642.4 653 663.7 672.2 675.7 676.9 675.6 672.2 668.4 665.6 661.9 656.7 651.3 648.2 649.7 652.1
195.7 204.2 214.2 221 222.4 226.5 233.1 235.8 234.7 243.5 255.7 270.8 285.8 297.3 309.9 323.9 335.9 348.7 362.1 373.4 385.7 397.9 408.8 409.7 409.6 407.8 410.3 409.4 409.9 405.5 401.3 401 404.3 415.5 429.5 442.8 455.9 471.4 484.9 498.7 511.3 524.4 532.1 539.2 545.8 541 539.2 530.6 539.8 552.9 557.1 559.8 562.2 569.4 578.3 581.5 587.4 594.6 601.8 611.5 621.7 632.5 644 651.5 659.2 666.3 668.3 669.4 667.8 664 658.2 654.9 650.4 645.1 642.2 640.6 642.3 644.9
200.3 209.5 221.1 226.1 231.7 238.3 244.2 246.1 243.2 238.4 246.7 263.1 280 291.3 304 317.2 329.5 340.6 352 363.5 375.9 388.2 399 404.5 406.8 409.8 410.8 413.4 412.9 410.8 407.2 404.9 406.8 414.6 429.2 442.2 454.7 466.3 479.5 489.6 502.1 511.6 522.6 528.4 526.2 518.6 509.5 526.3 545.9 554.2 557.4 559.6 563.7 569.4 576.9 580.9 590 598 606.6 616.2 625.9 636.1 643.7 650.6 655.9 658.9 660.2 660.5 658.1 654.7 649.6 644.2 638.9 633.7 628.9 628.3 631.6 635.6
206.6 218.7 229.9 235.8 244.2 253.2 255 254.8 252.5 249.6 242.8 252.6 268.8 283.9 296.8 308.5 318.9 330 341.5 353.3 365.6 378 388.7 397.5 400.5 405.1 415.5 418.7 414.1 411.5 410.3 409 411.5 418.7 427.8 438.2 448.8 459.7 469.7 480 488.8 498.3 507.3 506.2 500.1 500.9 519.9 536.4 548.1 555.9 558.4 560.1 564.8 570.5 575.9 581.3 591.9 601.9 610.7 619.6 629.7 638.4 644.6 647.7 650.7 653.5 653.2 649.5 645.6 641.9 637.6 632.3 627.9 622.5 617.9 618.2 623.3 630.8
216.2 228.3 239.2 247 259.1 264.5 267.4 265.7 261.9 258 254.1 248.9 258.6 273.8 287.2 297.4 308 319.3 331 343 355 367.4 379.4 389.6 396 402.7 412.3 414.2 412.2 411.8 410.9 409.8 410.6 417.5 424.5 433.6 440.6 450.2 459.7 467.9 474.1 482.7 491.2 480.8 492.4 514.3 528.1 540.1 548.4 557 559.5 560.4 565 571.4 580.2 588.3 595.7 605.6 614.8 622.9 630.5 636.6 641.3 643.7 646.4 647.6 645.3 640.4 635.7 632.3 627.3 622.3 617.2 613.8 610.4 611.7 618.4 626.4
228.6 238.7 247.3 256.7 269.8 271.4 275.4 274.9 271.8 266.8 267 262.2 250.5 259.1 276.7 287.9 298.4 308.8 320.7 332.7 344.7 356.8 369.4 380.3 390.7 399.4 405.1 406.1 406.2 408.4 411 411.2 411.9 414.4 421.7 428.1 435.2 442.2 448.1 455.2 460.5 468.4 470.2 476 500.4 515.5 528.9 541.4 549.9 557.6 561.1 563.9 569 576 584.7 593.1 601.4 609.8 617.8 622.5 628.6 634.6 637.4 639.8 642.2 640.4 637 631.7 625.6 622.9 619.3 613.6 607.9 604.4 601.5 608.9 616.2 623.4
236.2 246.8 255.1 262.6 270.1 279.7 284.1 283.9 280.5 276.8 275.4 273.5 269.7 259.5 259.4 277.4 288.7 298.8 310.4 322.3 334.3 346.3 358.5 369.7 380.1 388.8 394.1 396.5 396.1 399 402.6 404.9 405.8 407.5 412.7 419.8 427 431.9 434.9 439.1 441.6 450.6 456.6 472.3 492.8 509.9 523.5 538.7 549 556.7 563.8 568.1 572.8 579.6 588.6 595.2 602.8 610.3 615.3 620.3 626.4 630.2 633 635.3 637 635.1 630.8 623.6 616.5 613.8 609.9 604.9 599.2 596.7 600.1 608.5 615.6 621.8
243.5 254.5 261.3 269.1 277.5 286.7 292.2 291.6 288 283.6 282.9 282.2 282.7 278.8 266.3 259.8 275.5 288.6 299.7 312.7 325.8 337.3 347.6 358.6 367.5 375 381 383.3 382.9 384.1 386.3 389.5 391.1 393.6 397.4 402.1 406.8 415.7 427.9 442.2 455.4 463.3 475.1 482.9 479.9 492.6 511.5 533.7 546 555.9 563.3 569.2 574.5 580.1 586.2 593.3 600.4 606.9 612.8 618.2 622 625.8 628.5 630.9 631.4 629 625.9 618 609.3 602.3 598.6 595.2 591.9 592.3 599.7 604.8 612.3 619
250.9 260.4 269.4 278 287.4 296 299.6 298.4 295.2 291 290.5 290.7 291 291 285.3 275.9 261.6 271.8 286 302.2 313 323.5 334.5 343 352.2 359 362.7 363.7 365.3 367.2 370.1 372.2 371.1 376.3 381.1 389.8 409.1 425.8 440.6 453.9 467.1 478.2 487.8 496.3 504.9 502.2 512.4 522.6 542.3 553.8 562 568.4 573.8 579.8 584.5 590.1 597.1 603.4 609.4 614.1 617.9 621.7 624.2 626.7 628.5 625 621.7 612.9 598.8 590.1 586 582.5 580.2 588 596.1 602.3 608.7 615.8
258.1 268.1 277.9 288.6 297.1 303.4 307 305 302.8 298.9 299.1 299.3 299.4 297.5 296 291.1 285.7 281.6 278.4 285.8 296.5 305.9 315.8 326 334 340.2 343.5 348.8 352.2 350.2 352.3 350 361.1 371.7 388.7 402.5 420.1 434.4 447.9 461.9 477.4 489.1 500.4 509.7 517.4 522.6 530.7 532.3 538.9 551.3 560.7 567.6 573.3 578.6 583.2 587.7 593.7 599.6 605.4 610.3 614.3 617.6 619.8 622.2 624.1 622.7 618.3 610.8 597.1 583.4 576.8 572.8 577.3 585 592.8 599.7 604.5 609.9
