webserver/python/data/NC65.asc
ncols 200
nrows 200
xllcorner 260000
yllcorner 950000
cellsize 50
[rows 35 to 69 of 200, columns 0 to 78 of 200]
167 174.6 180.5 183.7 187.4 187.7 187.2 188.6 195 198.5 202.3 208.5 210.8 210.7 209.1 208.9 206.6 204.4 203.7 201.5 199.3 194.4 189.6 180.1 169 160.9 159 160.8 151.8 138.1 126.6 123.1 120.7 127.4 128.3 121.6 106.7 91 83.5 75 70 84.5 96.6 107.5 118.1 123.2 130.3 137.7 140.8 134.9 120.4 105.1 105.1 105.1 105.1 105.1 110.7 110.8 109.1 109.1 101.2 98.7 97.9 97.9 97.9 97.9 96.8 96.5 97.2 97.9 98.4 98.9 101 103.1 101.1 98.9 98.6 98.3 98.2
165 172.5 174.5 178.7 181.5 181.8 182.9 187.3 191.9 196.1 200.1 207.4 210.4 210.4 210.5 208.9 207.9 206.5 205.3 204.3 201.3 196.2 188.3 177.8 168.4 159.8 159.1 160.2 154.1 142.8 137.5 130.9 128.5 133.7 134 124.8 108.4 93.6 85.1 77 73.6 86.9 105.5 125.1 126.8 126.9 130.8 137.4 140.5 134.2 120.8 107 105.1 105.1 105.1 105.1 106.5 110.8 110.9 108 99.1 98.2 98 98 98 98 98.1 98.6 98.8 98.5 99.4 99.9 102.8 105.4 101.8 99 98.7 98.3 98
162.4 167.4 170.4 174.7 176.8 179.2 181.2 186.6 192.2 196.2 200.1 205.3 208.9 210.5 210.9 211.2 210.8 209.4 209.1 209.3 204.7 198.4 187.8 175 170.7 165.9 162.5 160.6 158.9 154 145.6 135.4 135.8 140.1 137.7 127.4 109.9 96.3 85.9 78.4 78.1 94 119.6 129.9 129.2 129 134.8 138.4 137.8 129.8 122 107.8 105.1 105.1 105.1 105.1 105.1 110.9 110.9 108.9 99.5 98.1 98.1 98 98 98.2 99 99.7 100.4 99 99.7 101.2 104.4 107.2 102.2 100.9 99.6 98.7 98.6
159.7 162.8 167.8 171.4 174.4 177.3 180.4 185.2 190.8 195.1 200.9 204.8 209.1 212.3 214.4 215.2 215.1 216.5 217.7 214.7 205.9 196.9 187.9 186.5 174.9 170.9 167.9 167.3 169.5 168.1 153.2 141.7 141.8 146.9 142.8 127.8 111.6 98.1 86.8 78.4 78.1 94.9 119.3 127.9 129.5 132.4 140.1 140.7 136.2 130.6 124.4 105.4 105.1 105.1 105.1 105.1 105.1 110.9 110.9 109.7 102.6 98.8 99 99 99.6 100.1 100.8 100.8 100.8 99 100 102.6 106.6 108.2 105 101.9 100.9 99.2 99
158.4 161.8 166 169.7 172.8 176 179.1 183.7 188.6 194.5 201.9 207.7 212.5 216.7 219.4 223.9 226.3 230.3 227.4 219.8 210.8 203.7 193.9 190.9 178.4 174.5 170.5 177.6 180 180.5 159.8 149.2 148.9 150.8 146.7 128.9 113.9 99 87.9 78.7 78 93.3 118.1 125.4 128.5 140.2 140.6 139.6 136.6 131.4 124.6 105.1 105.1 105.1 105.1 105.1 105.1 110.9 109.7 109.2 105 102.7 103.4 104.1 102.3 99.3 100.7 100.8 100.2 99.1 101.2 105.2 108.4 109.8 108.4 106.4 106.4 102.8 100.6
157.7 160.7 163.8 167.8 171.4 174.7 178 182.5 187 193.9 202.6 209.7 215 221 226.4 237.2 240.9 238.6 232.2 223.4 216.9 208 198.6 191.5 182.7 179 179.2 179.7 185.5 187 171.5 155.8 154.8 153.2 146.9 130.1 116 100.3 92.7 79.4 79 91.2 110.1 122.7 131.8 140.9 139.4 135.4 134.3 130.7 125.9 110.1 105.1 105.1 105.1 105.1 109.1 110.7 109.5 109 109 108.1 110.3 110.2 108.9 105.3 100 100.3 100.7 99.6 101.7 108.7 110 110.9 109.2 109.1 110.2 108.7 105.5
158.2 159.9 161.7 165.6 169.5 173.1 176.9 182 187.8 194.6 204.5 211.8 216.7 223.9 234 247.1 249.3 240.7 233.8 229 222.6 208.7 201.7 194.1 186.1 179.4 179.7 186 192 192.6 185.6 159.1 160.2 159.6 146.7 127.3 115.6 101.8 93 80.7 79 92.2 112.3 123.5 133.5 138.4 137.5 134.8 131.1 128.5 124.6 121 110.5 105.1 105.1 105.1 108.2 112.8 114.7 114.3 114 114.1 114.6 116 115.1 110.2 104.8 102 100.4 99 105.1 110.7 111.4 111 110.8 110.7 111.7 110.7 109.4
157.5 159.2 160.1 163.9 168.9 173.1 176.7 182.2 188.9 198.3 207 213 218.5 228.8 245.6 257.2 255 243.9 235.9 231.4 226 213.1 205.8 195.4 199.7 190.9 190.8 199 197.6 199.8 193.5 167.8 161.1 158.2 143.5 125.9 114.4 100.3 94.6 81.2 83.2 93.8 112.7 127.4 134.5 137.3 136.9 133.8 130.5 130.8 124.1 119.2 121 109.3 105.1 105.1 115.1 118.6 120.1 119.5 118.8 118.7 119.6 121.1 120.7 115.7 108.2 105.7 103.1 101.5 110.6 113.7 114.1 113.9 113.6 114.4 115 114 111.7
157.5 157.7 159.1 162.9 167.8 173.6 178.7 184.5 191.4 200.2 208.3 215.5 222.5 235.3 249.5 259.3 255.5 242.8 236 235.1 229.5 214 204.6 199.3 200.3 198.5 199.2 206.4 203.1 204.2 193 173.4 161.7 153.7 140.8 125.4 114.7 103.3 96.2 78.6 88.2 96.8 113.1 130.3 137.3 138.1 137.8 134.2 131 127.4 121.8 120.4 120.7 119.5 108 109.1 120.2 120 121.9 123.9 124.3 123.1 123.7 130.2 128.3 121.7 113.4 108.8 107.8 108.7 113.4 116.7 117.1 116.8 116.5 117.5 119.1 118.3 116.4
157.5 157.3 160.4 162.2 166.9 173.7 181.6 186.9 193.8 201.7 208.9 218.4 226.1 237.2 250 253.5 247.2 240.7 236.3 234.9 228.4 214.5 204.1 200.4 200.3 199.8 206 209.9 209.3 206.5 193.1 173.8 158.5 152.1 140.6 125.8 118.1 105.7 92.1 84.8 92 99.3 116.9 131 140.3 139.4 137.5 135.3 131.9 128.1 123.2 121.1 120.6 120.3 109 109.3 122.3 125.3 127.4 129.7 130.3 128.7 128.9 130.5 130.8 122.8 116.7 110.6 110 109.1 118.2 119.1 119.7 120.1 119.6 119.3 120.4 120.8 120.1
157.5 158.1 160.5 163 168 178 184.4 189.7 196.3 201.9 210.5 218.9 227.5 235.7 242 238 234.8 237.3 236 233.2 223.2 212.3 204.6 202 202.5 201.3 209.6 209.7 208.4 204 191 176.3 162.2 149.2 138.8 129.2 118.8 105 90.9 88.7 93 102.8 121.8 133 141.6 142.2 139.6 137.9 132.4 129.4 126.6 123.8 122 119.6 112.2 113.6 123.4 129 130.7 131 130.8 130.8 130.8 130.5 129.8 125.5 116.8 112.6 109.8 108.2 120.5 119.9 119.2 120.8 120.8 120.9 121.2 121.2 121
157.5 158.9 161.8 165.7 170.5 180.3 185.8 190.7 194.5 198.8 208 219 227.4 233.2 234.2 229.6 229.2 232 232 231.1 220.9 209 206.9 204.9 203.5 202.1 207.7 207.9 207.5 204.9 189.3 175.6 159.6 148.6 141.2 131.4 120.8 107.2 93.2 89.3 94 109.4 128.4 144.8 151.3 151.8 146.8 141.2 136.6 130.3 128.4 126.6 123.3 119.7 117.9 118.2 126.5 134.5 139 134.5 131.9 129.8 130.1 129.1 130.6 126.9 119.2 118 111 108.3 120 121 121 121 121.1 121.3 121.7 121.6 121.3
157.5 158.6 160.8 165.5 171.6 180.7 184 189.4 193.5 199.3 207.2 218.7 226.4 230.5 231.4 229.2 228.8 229 230 226.9 219.3 211.2 207.7 205.3 203.6 202.3 202.9 203 203.4 201.5 188.5 174.6 161.2 155.1 141.6 131 119.8 103.7 93.2 88.9 99.1 114.9 139 152.9 160.6 157.9 150.8 144.6 140.7 135.1 129.1 130.1 125.9 120 119.1 122.7 131.3 140.6 139.3 138.3 135.2 131 129.2 130.4 130.7 130.6 124.2 118.3 111 108.1 112.1 120.9 121 121 121.1 121.2 121.4 121.7 121.5
157.6 158.3 160.2 165.5 171.3 178.6 186.3 192 198 202.5 207.3 218.5 221.7 227.1 229.8 228.9 228.5 228.5 223.8 220 216.8 210.9 209 207.1 204 202.4 200.3 200.6 201 199.9 190.4 176.4 169.9 157.5 142.6 132.3 118.5 105.6 95.7 89.6 102.1 114.2 139.6 159 168.5 162.9 152.5 148.1 143 136.6 130 130.9 129.7 125.3 118.8 119.9 131.6 141.5 141.1 139.6 136.9 132.8 131.9 132 131.8 129.6 123.8 119 114.1 109.4 109.1 115.7 120.7 121 121.1 121.2 121.4 121.5 121.6
157.6 158.6 163.5 168.6 173.4 180.4 191.4 203.3 207.6 209.7 209.8 215.5 219.6 223 229 228.9 228.3 225.6 221.9 220.5 217.1 211.7 209.6 209.5 205.5 202.1 199.3 198.6 200.5 198.2 191.5 178 172.6 157.6 142.6 132.3 119.5 107 97.9 89.3 103.1 117.4 139.2 158.5 163 160.3 152.6 149 144.2 138.8 134.4 131.7 130.2 129.9 120.6 119.9 129.3 140.4 140.9 139.6 136.7 134.6 135.2 135.3 132.3 129.2 124.2 120.3 117.4 111.1 109.1 109.3 117.1 121 120.1 121 121 121.3 121.4
158.3 161.4 167.5 172.3 176.6 185.7 205.5 216.9 219.3 219.1 219.2 219.5 222.7 225.6 228.7 229.7 229.1 226.1 223 221.1 217.8 214.1 211.3 209.5 204.8 201.2 197.3 195.1 197.2 195.5 190.1 179 176.7 161.1 144.2 132.5 120.8 108.1 100.3 90.3 103.9 118.1 138.3 154.4 158.6 155.5 150.7 147.6 143 139.9 137.3 135.5 134 131 130.5 127.1 127.9 140.7 138.7 138 138 136.6 136 136.1 132.3 128.6 124.6 120.3 115.1 110.5 109.3 111 118.8 120.1 119.2 119.2 120.7 121.1 121.2
158.8 164.3 171.7 175.9 182.7 193.5 222.5 227.6 231.5 232.8 232.2 234.9 232.6 230.5 230.5 230.9 229.8 226.8 224 220.9 217.7 214.5 211.5 208.1 204.3 200.7 196.8 192.8 192.2 191.8 190.3 184 176.9 159.7 146.6 133.1 120.1 110.9 99.7 97.2 105.6 120.4 135.3 151.7 152.8 150.6 148.7 145.4 141.4 139 138.7 138.8 138 134.6 130.9 129.1 129.3 133.1 136.4 137.1 137.5 136.9 136.4 136.7 133 129.2 126.8 119.5 117 109.6 109.6 113.7 119.1 120.1 119.2 119.2 120 120.9 121.1
161.1 167.7 176.5 182.2 191.5 207.5 226.6 234.6 238.3 242.8 242.2 242.6 239.2 233 231.4 231.3 229.9 226.7 223.1 220 217 214.1 210.9 206.8 202.5 198.7 193.4 190.8 189.8 189.2 189.2 184.7 176.9 159.4 148.3 130.3 119.9 112.1 102.9 100 110.2 123.5 135.6 149.9 151.2 150.1 148 143.7 140.5 139.1 139.1 139.1 139.9 138.7 132.8 129.4 129.4 131.9 135.1 136.3 136.7 137 137 137 137.6 136.1 130.5 122.7 117.2 109.4 112.7 119.4 119 119.1 119.2 119.2 119.6 120.1 121
168.3 177.9 186.6 191 202.8 216.6 233.6 240.1 248.9 254.9 257.2 247.5 241.5 234.9 232.9 231.9 228.9 225.4 221.7 219 216 213.1 209.8 205.3 199.8 194.6 189.4 190.3 188.9 189.5 190.4 188.1 178.9 159 148 133.5 127.5 115.7 106 100.6 113.8 128.2 137.8 147.6 150.7 149.2 146.1 142.6 139.7 139.1 139.2 139.5 140.9 139.8 135.5 133 132.1 134.2 131.1 135.5 135.8 136.3 136.9 137.4 140.2 140.9 135.2 130.2 120.6 111.7 114.7 119.8 120.4 119.4 119.2 119.2 119.2 120.3 121
178.7 190.8 198.7 199.8 209.4 224.5 242.1 253 267 275.1 273.9 266.2 248.6 239.5 234.3 231.5 227.3 223.9 220.3 218 215 212.1 208 202.8 200.6 197.6 188.7 187.3 186.3 188.3 187.6 189.4 175.7 164.5 150.9 138.2 131 118.3 107.1 101.8 115.7 130.9 139.3 147.6 149.6 145.3 143.4 140.7 139.9 139.1 139.1 140.2 140.2 139.6 137.3 134.8 132.2 130.1 130.9 134.2 134.8 135.4 136.1 136.9 139.2 140.8 134.9 130.7 119.3 117.9 119.1 121 120.1 120.6 119.2 119.2 119.2 121 121
189.2 205.5 210.6 207.9 219 237.8 256.2 274.7 285.8 294.3 287.2 275.8 254.8 242.3 236.9 230.9 226.8 222.3 218.9 216.4 214 210.3 205.6 200.2 196.6 192.1 186.3 184.6 183.5 183 182.1 178.6 172.1 167.1 152.4 139.6 132.4 122.1 112 101.6 116.3 132 141.4 145.6 147.5 142.6 140.3 140.7 140.7 139.4 139.3 140.9 140.7 139.3 137.4 133.9 131 129.1 129.2 133.7 134.7 135.6 136.3 137 137.2 139 131 124.5 119 118.6 119.2 119.2 119.1 119.1 119.4 119.5 119.2 121 121
196.3 211.8 212.4 220.3 231.1 243.6 265.6 289 301.9 310.6 295.8 280.5 260.6 247.1 240.3 232.6 225.7 220.2 217 214.8 212.6 208.9 202.7 197.8 192.7 188.8 185.1 182.5 181.1 180.3 179.1 176.9 171.2 165.6 151.5 142.3 133.6 125.2 117.4 109.3 115.8 129.4 140.3 144.6 144.5 141.2 139.2 140.6 139.3 139.4 139.2 139.1 140.9 139.1 137.8 134.8 131.6 129.9 129.1 130 134.7 135.8 136.5 136.8 135.6 134.4 130 122.2 118.9 119 119.1 119.2 118.9 118.9 119.5 121 121 121 121
197.3 208.8 216.2 224.4 237.2 254.5 279.5 300.9 311.8 312.3 302.6 284.3 263.7 249.5 241.5 235.3 226.6 219.1 215.1 212.9 210.7 207.1 201.9 197 191.3 188.2 185.3 182.5 180 180 178.4 176.6 172.5 164.4 154.5 143 135.2 126.8 123 121.9 115.2 128 138.4 142.2 141.5 140.2 139 138.6 138.9 139.1 139.2 140.7 140.9 140.7 139.1 136.3 132.5 130.3 129.2 129.4 132.5 133.9 133.5 133.3 132.5 131 125.5 119.3 118.8 118.8 118.9 119 119.2 119.8 121 120.9 120.8 121 121
195.6 205.5 215.7 222.8 244.8 268.6 288.2 305 314.7 318.9 316.1 303.4 277.3 262.7 251.9 240.5 229.5 219.3 215 211.6 208.7 205.8 202 197.6 191 188.5 186.7 184.1 181.5 181.1 178.5 174.6 170.1 164.6 149.6 139 133 129.1 129.1 129.5 118.5 126.1 136.4 141.5 141 139.1 138.9 138.7 138.5 138.6 138.9 139.4 140.3 139.5 138.6 136.1 132.7 130.1 129.3 129.5 130.1 131.7 131.2 130.6 129.7 126.5 119.8 118.8 118.7 118.7 118.6 118.8 119.1 119.8 121.1 121.3 121.4 121.5 121
198.9 208.4 221.6 233.7 256.7 282.1 298 314.9 325.8 332.4 333.4 327.2 309.9 281.9 265.1 245.6 233.4 222.6 215.2 211.4 208 205 202.5 198.9 192.7 190.5 189.3 187.2 184.7 181.8 178.8 174.8 170.8 161.7 147.6 140.8 137.7 131.3 136 134.3 123.2 120.7 134.4 140.7 140.9 139.4 139 138.7 138.7 138.8 139.3 139.6 138.7 138.1 136.9 134.4 132 130.2 129.5 129.7 129.1 129.3 130.8 128.6 124 121 119.1 118.9 118.8 118.8 118.8 118.8 119 119.4 121.1 121.2 121.4 121.5 121.2
201.1 211.3 222.6 236.2 258.5 280.3 296.9 312.2 324.9 332.2 335.5 333.2 325.6 311.3 291.2 254.8 237.5 226.1 218 212.9 208.1 204.9 202.2 200.4 196.8 194.8 193.7 190.4 188.1 184.6 179.6 175.2 168 154.6 148.6 142.6 139.2 141.1 143.1 140.6 129.1 120.4 133.3 141.1 141.2 139.5 139 138.8 139.6 140.2 140.1 139.2 138.3 137.5 136.2 134.5 132.7 130.7 130 129.1 129.1 129.1 130.3 125.1 120.8 119.6 119.5 119.1 119.1 119 118.9 118.8 119 119.2 121 121 121.1 121.2 121.1
199 211.5 227.7 238 254.2 271 290.1 304.1 316.5 325.6 330.7 329.3 325.8 322 310.4 273.8 242.8 228.5 222.7 216.2 210.4 206.4 204.8 202.2 200 199.5 199.2 195.8 191.2 187 181.8 174.3 161 150.8 149.5 149.5 148 149.4 150.3 147.7 135.4 129.6 133.4 141 141.2 140.7 139.8 140 140.4 140.9 140.9 140.1 139.1 138.2 137 135.6 133.6 131.6 129.9 129.1 129.1 129.1 127 122.3 119.2 119.5 120 120.1 119.7 119.1 119 118.9 119 119.2 120.1 121.1 121 121 120.7
199.1 215.2 232.5 248.6 264.2 278 285.2 293.2 303.3 313.4 319 318 315.3 312.9 304.9 278.1 249.7 234.8 227.5 219.8 213.5 209.4 209.8 209.6 205.2 203 202 199.6 194.8 189.5 182.9 169.7 158.7 157.1 154.6 152.9 157.9 158.7 155.1 152.7 142.7 132.2 131.2 140 140.8 140.3 141.6 142.5 142.8 140.9 140.8 139.5 139.2 139.8 138.7 137.8 135.8 132.8 130.2 129 128.6 127.6 123.8 120.3 119.7 119.7 120.2 120.3 120.9 119.2 119.1 119 119 119.2 120.9 121.1 121.1 120.9 120.5
194.3 217.1 234.8 246.1 259.5 271.3 283 289.8 296 299.6 303.2 304.7 305 301.9 293.1 275.5 249.9 240.1 230.8 223.7 217.2 213.5 213.9 210.4 209.1 207.4 206.7 207.2 199.8 191.4 182.9 167.5 159.1 160.7 159.8 159.4 161.1 161.4 159 154.8 148.2 141 129.8 140.6 140.8 142.2 144.3 146.1 146 143.8 140.9 140.4 139.8 139.3 140.7 139 136.3 133.1 130.3 129.3 128.3 125.7 122.6 121.1 122.7 124 123.1 122 120.4 119.2 119.2 119.2 119.6 120.7 121.7 122.3 122.2 121.9 120.9
189.5 214.7 233.1 242 256.1 269 280.7 289.9 292.6 294 295.5 294.5 293.5 291.3 285.9 270.8 249.4 240.6 234.8 230.1 219.9 219.5 220.1 216.6 211.1 211.5 213.1 219.3 210.7 195.5 184.7 170 161.6 161.4 162.6 163.8 166.5 168.4 164.7 158.3 151.6 143.3 136.9 139.6 140.5 143.7 146.9 149.2 148.8 146.3 142.5 140.8 139.4 139 139.6 139 136.1 133.4 131 130.2 128.7 126.9 126.1 129.3 129.1 129.5 128 126.4 123.4 120.9 119.3 119.7 121.8 125.8 125.8 125.8 125.2 122.9 120.5
187.8 208.5 228.1 242.5 254.5 268.3 280.2 288.1 290.7 290.4 289.7 287.9 283.6 279.3 273 262.8 254.2 245.9 242.4 230.4 224.3 224.9 227.3 225.4 217.3 218 219 220.5 213.8 200.3 189.5 176.8 168 167 166.2 166.9 169.4 170.8 169.1 161.7 152.9 144.9 138.9 139.4 139.9 143.6 148.5 151 150.6 147.5 143 139.8 138.7 137.7 137.9 137.1 136.4 133.7 131.1 129.6 129.2 128.6 129.2 129.3 130.6 130.5 130.2 130.1 127.7 126.7 123.2 122.2 124.8 129.4 129.8 128.8 127.5 127.1 125.5
186.5 199.7 223.4 240.4 252.4 263.4 273.9 282.7 285.7 283.9 283.9 282.3 279.9 276.7 273.2 266.8 260.2 252.8 245.3 234.7 229.6 232 239.2 238.9 225.4 225.9 219 218.4 216.9 204.2 194.1 180 174.6 171.2 169.2 169.8 169.7 170.8 172.1 166.9 155.5 146.8 140.3 138.8 139.4 143.2 148.9 151 150.9 147.4 143 140.2 138.3 137.6 137.1 135.9 136.2 133.9 131.1 130.2 129.8 129.7 129.1 129.4 131.1 132.7 134.8 138.5 133.4 130.8 127.4 127.6 128.7 129.7 130.4 130.7 129.3 130.4 130.8
184.1 196.3 214.9 231 246.5 255.1 264 273.7 278.2 277.5 278 280 280.3 280.2 280.6 274.7 266.4 256.7 247.8 241.3 237.2 242.4 251.9 251 238.4 236.3 230.4 227.5 224.9 209.7 199.4 186.5 179.7 173.2 171.7 171.7 170.7 171.6 172.3 168.7 160.2 148.8 142.2 138.6 138.8 141.3 149 148.9 149.9 147 142.7 140.2 138.2 137.6 137.1 136.2 135.1 134.4 133 133.1 133.9 131.7 129.1 129.7 132.8 135.7 137.5 139.9 135.8 132 129.5 129.6 130.7 129.9 129.5 130.6 130.3 129.4 130.2
181.5 194 207.9 223.4 234.9 246 255.6 261.1 266.3 270.3 275.5 279.9 282.8 285 290.3 296.5 290.9 272.2 256.3 248 244.5 250.5 259.4 261.6 254.5 247.6 244.1 241.3 230.4 217.7 203.8 190.7 182 176.4 176.2 173.7 171.4 170.5 170.9 170.2 163.1 152.2 143.6 139.6 138.7 140.2 150.8 149.1 147.5 144.9 141.5 139.1 137.6 137.6 138 137.3 136.6 135.9 136.1 135.4 134.8 134.2 132.2 133 134.2 136.7 138.1 138 136.7 133.6 131.1 130.8 130.8 130.6 129.5 130.2 130.8 129.6 129.7
178.2 191.1 201.3 214.6 224.6 234.2 245.3 251.7 259.1 266.1 272.9 278.7 283.9 289.6 300.4 309.8 312.8 293.4 272.6 259.9 254.7 256.5 262.4 267.5 266.5 259.5 257.2 256.9 245.5 230.8 210.7 196.8 188.1 179.1 179.7 175.7 172 169.9 169.8 168 162.7 153.5 146 140.8 139.4 140.8 148.5 148.9 147.3 145 142.1 139.8 137.6 138.2 139.8 139.2 138.4 137.5 136.8 136 135.4 134.9 134.3 134.6 134.8 136 137 137.9 136.4 134.8 132.1 130.6 130.8 129.3 129.6 129.3 129.5 128.1 127.3
