webserver/python/data/NC83.asc
ncols 200
nrows 200
xllcorner 280000
yllcorner 930000
cellsize 50
[rows 140 to 174 of 200, columns 78 to 155 of 200]
210.2 209.2 209.1 207.2 204.6 201.3 199.4 198.2 198.3 197.5 193.9 191.1 188.3 184.9 179.2 173.1 166.7 161.1 156 152.1 149.1 146.3 146.3 147.3 146.6 145.9 143.7 141.3 138.8 136.6 133.9 131.2 128.6 123 129.7 132.6 135.2 136.3 136.8 135.4 133.4 131.2 129.4 127.6 126.4 124.3 118.4 115.8 114.2 112.6 111.7 117 118 118.7 118.9 124.6 132.7 135.3 136.1 136.6 136.8 135.6 133.8 132.6 133.3 134.4 135.4 136.1 137.6 139 140.5 142.6 145.8 149.4 152.8 154.7 156.4 159.1
216.7 216 214.9 213.1 210.7 207.4 205.7 205.9 202.8 201.8 198.6 195.7 193.3 189.3 183.5 176.4 170.2 164.5 158.4 154.7 151.7 149.1 150.5 150.5 149.9 149 146.5 144.1 141.3 138.2 135 131.4 125.2 121.8 130.6 132.5 134 135 135.4 134.1 132.1 129.9 127.9 126.7 124.9 122.2 119 115.7 113.3 111.9 113.9 117.8 118.5 118.5 121 128.4 133.4 136.6 137.8 136.6 137.5 136.7 135 133.8 134.1 135.6 136.5 137.1 138.5 140.1 141.8 145 147.4 150.3 153.5 155.3 157.1 159.7
222.1 221.4 220.2 218.7 216.7 213.9 211.9 211.1 209.7 206.5 203.1 200.8 198.6 193.6 186.8 179.7 172.6 166.5 161.5 157.8 154.5 153 153.9 154 153.1 151.9 149.3 146.3 142.8 139.7 135 130.1 121.3 127 130.4 132 133.1 134.1 133.9 132.3 130.3 128.3 127 125.1 122.5 120 117.8 115 113.4 111.5 114.9 117.6 117.5 118.8 125.9 132.2 136.6 138.8 139 138.6 138.5 138.9 136.9 136.5 136 135.9 135.8 138.1 139.8 141.4 144.2 146.4 148.4 151.1 154 155.5 156.9 159
226.6 226.1 225.5 224.3 222.4 219.9 218 218.7 216.7 213 208.5 206.5 203.1 197.8 190.5 183 174.5 168.7 164.7 161.1 157.3 156.7 157.8 158 156.6 154.6 150.8 147.3 144.1 141.1 137.1 130.9 121.5 125.6 129.3 130.6 132.1 132.8 132.3 130.4 128.6 127 125 122.9 120.9 119 118.7 117.1 112.4 111.3 114.8 116 116.2 121.8 130.1 133.9 137.7 140.2 139.3 139.3 139.9 140 138.9 137.9 137.3 138.1 135.8 138 141.1 143.3 145.5 147.7 149.5 151.4 153.8 155.1 156.7 158.8
230.2 229.7 229.1 227.2 225.1 223.5 223.9 224.1 222.1 218.8 215.6 212.6 208.4 202.2 195.4 188 178.6 171.3 167.3 163.9 160.7 161.5 162.6 162.6 160.3 157 152.9 148.9 145.7 142.5 139 132.1 122.2 121.3 121.2 121.1 124 131.2 129.8 128.4 127.6 126.1 123.8 122.4 120.2 117.9 116.9 115.2 111.6 112.3 115.4 115.2 118.5 124.7 131.7 135.5 138.9 140.6 140.6 141.7 142 142.1 141.3 140.5 139.1 138.9 137.1 139.5 142.5 144.5 146.7 148.7 150.6 152.4 153.5 154.7 156.5 158.6
233.6 233.2 232 230.7 229.2 228.2 228 228.1 226.7 223.9 221.6 220.5 214.4 205.9 198.2 191 182.4 174.5 170.7 167.2 165.4 166.5 167.6 165.9 162.6 159.3 155.4 151.9 147.9 143.7 140.1 135 130 128.2 128.4 125.4 121.2 122.2 117.6 117.3 117.6 123.7 121.5 120.8 118.5 115.7 115.2 110 111.8 113.5 114.9 116.6 121.2 127.1 133.4 135.8 138.7 140.2 142 143.3 144.4 143.7 143.3 141.8 141.3 139.1 136.3 141 143.7 144.9 149 149.8 151.4 152.3 153.2 154.2 156.3 158.3
236.3 236.4 236.2 235 233.2 232.8 232.3 231.5 230 227.7 225.5 224.1 219.2 209.9 200.7 193.9 184.4 178.3 173.8 170.9 170 171.7 170.6 168.5 165.3 162.2 158.2 154.3 150.1 145.4 141.4 136.4 133.4 130.8 130.8 130.9 131.6 128.6 128.5 124.5 116.9 119.2 117.1 114.8 114.7 114.5 114.4 110.5 111.8 113 115.4 118 124.4 129 135.2 138.9 141.4 142.7 144.1 146 147.1 145.3 145 144.2 142.5 140.1 137.5 141.1 144.4 145.5 149.7 150.3 151.1 152.1 153.7 155 155.8 157.4
237.2 237.7 238.1 237.7 236.6 236.3 235.4 234.2 233.7 231.3 229.4 227.1 222.2 213.4 198.4 190.4 185.7 180.5 177.7 174.8 176.2 176.3 175 172.6 169.3 165.5 161.2 156.9 152 147.3 142.8 140.5 137.4 132.7 131.5 131.1 131.8 131 129.2 124.3 122 116.9 114.8 112.6 113.7 113.5 112.8 111.2 111.9 113.4 116.4 119.9 126.7 130.4 135.6 139.5 141.6 144.7 146.6 148.5 148.7 146.6 146.3 145.8 143.8 141.6 138.3 141.4 144.6 145.5 147.8 150.5 152.3 153.8 155.4 156.4 157.2 157.9
237.3 238 238.4 238.4 237.8 237.9 237.3 236.6 236.6 234.9 232 228.5 222.2 212 200.4 192.1 186.8 183 180.7 179.2 180.5 181.1 179.8 176.8 172.9 168.2 163.9 159.5 154.6 149 144.2 141.6 138.4 134.1 132 131 130.5 130 129.3 124.2 122.6 121.3 114.9 112.4 112.8 112.5 111.8 110.6 111.5 113.8 117.5 124.6 127.5 132.4 138.5 140.9 143.3 146.4 149.3 151 150.7 148.6 147.2 145.8 144.2 142.4 140.1 141.8 144.5 146.3 148.5 150.7 153.6 155.9 156.4 157.3 157.9 158.6
236.5 236.9 237.3 237.6 237.3 237.5 236.5 235.1 235.7 233.9 230.5 224.3 217 208.3 202.5 196.4 189.2 185.5 183.2 185.3 187.3 186 184.5 181.1 176.7 171.6 166.9 162.2 156.8 150.5 145.7 142.3 139 135.3 133 132.6 130.4 129.1 128.4 126.1 127.3 120 116.9 112.4 112.8 111.9 111.2 110.6 111.8 118.3 120.5 125.3 128.6 136.1 141.3 143.6 146.8 149 151.2 153.8 153.7 151.4 149.9 149 145.8 143.7 142.5 142.7 145.2 147.3 149.3 151.4 153.9 155.7 156.7 157.9 158.5 159.3
233.9 235.1 235.4 235.5 234.9 234.3 232.9 232 230.8 229.7 226.7 221.9 216 208.4 203.9 201.3 191.6 188.6 188 191.6 193 191.1 189 185.3 180.5 175.4 170.4 165.1 157.3 151.1 146.5 144.4 140.7 136.9 135.4 134.2 132.5 129.2 126.3 123.3 122.2 122.2 117.8 111.6 111.8 111.4 111.2 110.7 114.8 120.4 122.8 127.4 131.2 137.9 142.2 146 149.4 152.2 153.9 157.6 157.6 156.7 154.6 153.7 150.2 146.7 144.8 142 145.1 148 150 152 154.1 156.2 157 158.2 159.2 160.6
231.4 231.8 232.6 232.5 231.6 231 229.5 228.2 226.6 224.7 222.2 218.3 213.2 208.1 204 200.4 193.9 192.2 193.3 197.6 197.8 196.3 193.2 189.5 184.2 178.5 172.9 166.8 158.3 152.4 149.2 145.9 142 138.6 135.6 133.5 132.3 129.8 125.1 122.8 121.3 118.9 115.8 110.4 111 111.1 110.8 109.6 114.8 119.7 125.4 129.6 133.4 139.8 144.4 148.6 152.4 155.2 158.2 161.3 162 163 161.4 157.2 153.6 149.7 145.7 143 145.4 148.2 150.8 153 155.4 156.8 157.3 158.5 159.8 161.8
227.7 229 229.9 230.1 229 227.9 226.2 224.3 222.5 220.2 217.8 214.4 211 208 204.8 201.2 198.1 196.6 198.4 200.9 202 199.9 197 193 187.2 181.4 175.6 167.2 160.2 155.6 151.9 148.2 144.4 140 137.8 135.2 130.1 127.8 124.4 122.3 120.1 117 114 110.9 110.4 110.5 110.5 111.9 117.9 121.4 127.5 131.7 135.8 141.5 146.5 151.6 155.5 158.6 162.7 165.6 168.2 169.6 168.1 165.2 158.4 152.9 147.5 144.5 144.3 146.4 149.6 151.5 154.2 157.1 157.6 158.8 160.1 161.6
225.5 227.1 227.3 227.8 226.6 224.3 222.4 221.6 219.8 217.3 213.8 210.8 208.2 207.2 205.6 202.7 201.6 201.6 202.5 203.4 204.2 203.4 200.5 196 191 184.8 178.2 168.8 162.3 158.4 154.5 150.1 145.7 141.2 138.1 133.5 130.6 128 125.9 122.8 121.2 116.1 115.1 110.7 108.9 109.7 110.7 115.5 118.4 121.6 127.3 132.2 137.9 142.8 148.4 154.1 158.6 161.9 164.4 170.4 173.7 176.3 176.5 174.3 166.9 157.5 150.1 145.8 144.4 145.9 149.7 153.1 155.8 157.7 158.7 160 161.2 162.6
222.7 225 225.4 225.4 223.5 221.7 220.2 218.8 217.1 215.2 211.2 209.1 207.6 206.6 205.5 204.7 204.4 203.2 204.1 204.9 204.4 203.8 200.9 196.4 192.1 186.8 180.9 172.1 164.3 160.5 156.1 151.6 147.1 142.5 138.1 132.2 129.1 126.1 124.8 122.9 119.3 115.7 116.4 110.5 109.5 110.2 112.2 116.6 119.5 121.8 127.3 133.1 139.8 146.5 150.4 155.8 161.2 164.9 167 173.5 178.6 181.5 186 182.1 175.1 165.1 155.6 146.9 145.3 146 150 153.7 157.1 158.4 159.3 161.1 162.3 163.7
219.2 221.7 222.4 221.8 220.3 218.7 217.2 216.4 216.2 214.3 210.3 208.2 206.9 205.9 205.2 205.7 205.4 205.6 205.7 205.3 204.3 202.4 199.3 194.7 190.6 186.2 180.3 174 166.4 161.2 156.8 153.1 148.6 144.1 136.3 129.5 125.7 122 120.4 119.2 120.2 119.6 112.4 109.4 110.1 110.5 113.5 117.4 118.5 122.6 129.1 134.3 140.7 148.1 155.3 161 164.8 168.8 170.8 177.4 183.1 189.9 194.3 190 183.2 172.6 160.5 151.3 148.6 147.2 148.4 152.1 157.3 158.7 159.4 161.6 163.5 164.8
215.5 217.6 218.2 217.7 217 215.4 214.8 214.6 214.5 213.3 209.8 207.4 206.3 205.3 205.5 206.1 206.4 206.2 207.1 204.8 202.7 199.7 196.6 193.1 188.9 184.8 179.3 173 166.7 161.2 156.1 152.3 148.6 143.4 136.4 129.5 123.5 119.9 116.4 115.8 114.8 112.5 110.3 108.3 109.8 110.5 113.5 117.3 119.4 123.3 131.4 139.1 146.1 151.1 158.3 164.8 169 171.3 175.7 183 189.8 196.2 203 197.4 189.8 182.2 167.2 159.5 153.8 150 151.5 151.3 156.9 157.7 159.5 161.8 164 165.9
211.2 212.2 213.3 213 212.7 212.3 212.1 211.6 211.1 211.7 209.5 206.3 205.1 205 205.4 205.7 205.7 205.6 205.1 203.3 201.2 197.3 194.1 190.9 187.3 182.8 177.3 171.7 166.8 161.3 156.1 151.6 147.4 142.8 136.8 129.6 124.4 119.6 116.1 113.4 111.9 110.7 109.8 108.9 109.5 110 112.3 118.6 121.2 125.7 134.4 144.1 150.5 155.1 161.3 167.5 173.2 173.9 181.1 190.1 197 203.4 208.4 201.9 194.8 189.6 174.5 169.7 160.8 154.3 154.6 158.3 161.5 160.3 161.4 163.5 165.3 166.3
205.3 206.7 207.7 208.7 208.3 207.2 207.2 207.3 207.5 209.3 208.8 205.3 203.4 203.1 203.2 203.7 203.7 203.5 202.1 200.7 199.2 196 192 188.8 185.6 180.7 174.8 169.6 165.3 160.3 155.2 150.2 146.1 141.7 136.2 130.2 122.9 120.2 116.5 113.6 111.1 110.1 109.3 108.5 109.3 109.7 112.3 119.1 123.2 127.4 135.5 144.8 151.6 157.8 163.8 169.8 175 178 187.3 196.5 202.5 208.2 210.2 204.6 200.3 194.8 185.1 178.1 169 159.9 157.3 161.9 164.8 163.1 164.7 164.8 165.8 166.9
199.5 200.3 200.9 201.4 201.8 202.2 201.9 202.3 203.5 204.4 205.6 201.9 200.6 199.9 200.7 200.7 200.4 199.4 198.2 196.8 195.4 191.9 188.9 186.4 182.7 177.9 172 167.7 163.6 158.5 153.2 148.2 144.1 138.7 133.3 127.9 122.5 120.9 119.5 116.7 112.4 110.4 108.9 108.9 109 109.7 113.6 120 125.2 129.4 139.1 147.3 153.8 159.9 165.9 171.9 177.4 181.9 193.4 200.7 207.4 211.2 211.5 209.2 206.9 201.4 192.6 186 176 165.1 160.5 165.1 167.3 166.4 167.4 166.4 166.7 167.7
192.4 193 193.6 194.4 194.8 195.2 196.4 197.3 197.8 198.2 198.6 198.3 197.3 196.4 195.9 196.1 196.4 195.2 194 192.7 191.4 188.5 185.2 181.6 178.4 174.9 169.9 165.9 161.8 156.4 150.9 146.1 141.9 135.5 129.8 125.7 122 119.9 119.3 115.6 112.2 109.1 108.8 108.7 108.5 109.8 113.2 119.6 125.5 131.7 143.1 149.6 156 162 167.9 173.9 178.9 186 197.5 203.9 210.7 213.5 213.2 211.9 212.2 206.7 200.8 190.2 181.1 170 164.8 167.5 171.2 170.6 169.3 168 168.3 168.8
184.7 185.5 186.2 187.1 187.9 188.3 189.7 190.3 190.7 191.1 191.8 192.2 191.8 190.9 190.5 190.3 190.9 190 188.8 187.6 186.4 183.9 180.5 176.7 173.5 170.4 166.5 162.1 157.9 153.5 148.2 143.1 138.3 132.8 126.5 122.3 120.9 117.3 115.6 112.8 111.2 108.6 108.4 108.6 108 110.4 113.9 119.5 127.1 136.4 145.3 151.1 156.9 162.5 168.7 175.2 181 190.2 199.7 206.8 211.6 215.5 215.4 217.3 216.9 212.4 206.4 195.9 183.4 175.6 171.2 170.2 171.4 171.9 171.2 169.8 171.6 172.6
177 178 178.8 179.7 180.5 181.4 182.1 182.8 183.5 184.1 185.1 185.8 185.6 185.3 184.7 184.2 184.6 184.2 183.3 182.3 181 178.5 175.4 171.9 168.8 165.7 162.1 157.9 153.7 149.4 145.1 139.9 135.7 132.6 125.6 118.8 116.6 115 113.5 110.8 106.7 108.2 108.2 108.4 107.8 109.7 115 120 129.1 139 146.1 152 157.8 163.1 168.8 174.5 182.4 191.1 200.7 205.7 214.5 219.7 220.4 222.4 221.5 219 212.9 201.1 189.4 181.1 176.4 173.8 174.3 173.5 172.8 173.6 175.7 175.9
167.7 169.4 170.7 171.5 172.4 173.5 174.8 175.4 176.1 176.8 178.2 179.1 179.2 179 178.9 178.8 178.6 178.3 177.8 176.9 175.5 172.8 170.2 167.1 163.9 160.7 157.5 153.7 149.5 145.3 141 136.7 133.8 130.1 124.5 116.8 113.9 111.8 111.6 110.4 107.3 108.1 108.3 108.3 109 109.5 114.3 122.6 132.3 140.9 147.2 152.9 158.7 163.9 169.4 176.3 184.2 192.6 200.6 209.9 216.6 221.7 224.8 226.5 226.7 223 218.9 210.3 199.6 189.6 182.4 178.5 177.6 177.2 176 177.5 180.3 182.2
158.1 159.6 161.2 162.6 164.3 165.7 167.1 168.1 168.6 169.6 171 171.9 172.7 172.9 172.7 172.5 172.3 172.2 172.1 171.1 169.8 167.2 164.2 161.7 158.5 155.4 152.2 148.8 145.4 141.1 136.9 132.2 129.4 125.7 117.8 113.8 111.7 110.1 109.9 109.5 108.4 107.7 108.3 108.4 108.6 109.7 115.2 124.4 131.8 140.6 147.5 153.6 159.6 164.5 170.9 178.5 186.3 195.8 207.1 215.9 219.5 227 230.4 234.9 238.5 234.5 228.5 221.9 212.8 201.5 190.9 184.3 181.5 180.7 180 181.9 187.3 189.8
146.3 148.3 149.8 152.1 155 156.5 158.1 159.7 160.8 162.3 163.7 164.3 165.2 166.4 166.3 166 165.8 165.9 165.7 165 163.9 161.4 158.1 155.6 153.2 150.1 147 143.6 140.6 137.5 132.8 127.4 123 118.6 115.2 112.6 111.2 109.5 109.2 108.7 108 106.3 107.4 107.7 108.4 110.3 116.5 126.1 133.5 140.5 147 153.4 159.6 165.3 172.3 180.1 189.9 201.1 213.8 223.4 226.5 234.4 239.5 244.2 247.7 244.2 239.3 230.5 223.4 211.2 198.4 190.5 185.6 183.9 184.1 186.7 194.3 197.8
134.3 136.9 138.6 142.2 145.6 147.2 148.6 150.1 152.2 153.9 155.4 157 158.4 159.7 159.7 159.5 159.5 159.7 159.2 158.5 157.9 155.3 152 148.9 147.5 144.8 141.7 138.7 135.9 133.2 129.7 126.1 121.3 116.2 113.5 112.2 110.6 108.9 108.5 107.8 107.2 107.6 107.4 107.1 111.5 114.2 118.1 125.6 133.2 139.6 146.2 152.6 159.3 166.4 173.8 182.4 194.2 206.7 218.1 227.3 236.4 244.4 249 253.5 255.8 254.1 248.5 244.2 235.2 223.9 209.7 196.1 189.7 187.3 190 194.8 201.2 206.2
123.9 125.8 128.6 132.1 135 137.6 139.2 140.6 142.8 145.9 147.6 149.7 151.8 153.1 153.1 153.6 153.5 153.3 152.9 152.4 151.5 149.7 146.1 143.3 141.4 139.3 136.5 134.1 131.3 128.6 125.2 122.2 118.5 115.4 113.2 111.3 110 108.3 107.7 107.2 107.3 107.5 107.2 107.9 112.7 115.4 119.2 125.5 132.5 138.7 145.3 151.8 159.3 167.1 175.2 185.4 198 208.1 219.4 230.3 245.2 252.4 258 260.3 262.5 263.3 259.8 254.7 246.7 234.1 220.4 205.7 195.5 192.7 198.3 204.7 210.5 215.4
116.8 118.5 121.7 124.4 127.1 129.7 130.1 131.9 133.9 137.5 140.8 143.7 145.2 146.4 147.6 148.3 148 147.4 147.1 146.5 144.8 143.5 140.8 137.6 135.1 133.4 130.6 128.7 126.7 123.1 119.1 116.2 115.2 114.3 112.4 110.4 109 107.6 107.3 107.3 107.3 107.3 107.5 110.4 113.5 115.3 119.6 126.2 131.8 138 144.2 151 158.9 166.3 176.2 187 200 210.9 221.4 234.8 250.4 259.6 263.8 266.9 269.8 270.3 268.4 263.8 254.9 242.2 229.4 214.3 202.3 198.4 206.2 213.7 219.2 224.7
110.6 112 113 118 122.9 124.9 126.1 127.1 128 130.7 134.2 137.2 139 140.2 141.4 142.6 141.8 141.5 141.3 139.6 138.2 136.9 135.5 132.6 130.1 128.1 126.1 125.6 123.5 120.4 117.8 116.4 114.9 113 111.1 109.9 108.4 107.2 107.3 107.3 106.5 107.8 108.5 111 113.4 115.2 121.5 126.6 131.6 136.4 142.7 149.9 157.9 166.5 175.9 187.9 201.5 213.4 224.8 239.7 255.2 264.9 269.3 274.5 277.7 280 276 270.4 260.8 248.4 235.9 224.1 210.6 204.8 213.5 222 227.8 232.3
115.3 108.7 109.9 110.8 118.4 122.4 123.7 124.4 125.1 125.9 127.9 130.3 132.7 133.9 135.1 136.4 135.8 135.8 136 134.4 132.7 131.3 129.7 128 125.6 123.6 122.9 122.4 121.1 118.5 117 115.5 113.2 111.6 109.7 108.9 106.6 106.7 105.5 107.3 106.3 108.1 110.5 112.9 115.1 115.6 119.5 125.4 130.4 134.2 140.4 147.6 156.4 166 175.3 188.2 201.7 216.3 228.6 242.4 257.3 268.4 277.1 283 285.5 289.4 283.8 275.4 266 254.6 242.5 230.8 216.4 210.3 220.2 229.7 236.2 240.2
120.1 119.2 110.9 108.8 110 120.4 121.9 122.3 122.6 123.4 124.1 124.9 126.1 127.8 129.6 130.2 131 130.6 129.6 128.5 127.3 125.6 124.1 122.8 121.5 120.8 120 119.3 118.6 118 116.4 114.8 111.9 109.7 107.9 105.1 105.3 106.5 107.2 109.5 113.7 107.3 110.9 112.3 113.6 115.5 120.5 125.4 128.8 131.7 137.9 145.2 155 164.9 174.8 187.7 201.9 216.6 229.7 244.1 255.9 268.6 281.6 288.4 292.7 296.2 292.1 284 274.6 263.6 248.2 235.5 223.6 215.1 226.5 237.3 245.7 249.9
121.6 119.7 117 109.7 109.6 110.2 120.7 121.1 121.2 121.6 121.9 121.8 122.1 123.6 123.7 124.7 126.5 125.9 125.6 123.9 123.4 121.1 119.7 118.7 118.2 117.9 118.7 118.2 116.8 116.4 116.3 112.9 109 104.5 106.7 106.8 107.2 108.6 109.1 111.3 113.9 107.6 111.1 112.7 113.5 115.3 120.6 124 127.4 130.3 135.7 143.5 153.8 164.1 174.9 183.8 199.7 214.5 228.4 242.4 254 268.3 280.1 289.4 295.7 300 295.4 291.2 284.4 272.6 253.4 240 231.4 221.9 228.9 244.8 254.7 258.1
123.1 122.3 120.5 111.4 109 108.5 114.9 119.3 119.8 120 120.1 119.7 119.3 119.1 119.6 120.3 122.2 124.3 121.8 120.4 119.8 117.9 116 115.1 115.1 115.1 116.6 115.6 115.4 114.6 111.6 106.8 103.6 107.3 107.5 107.6 108.9 110.4 110.9 111.5 110.7 108 110.7 112.7 113.5 115.7 119.5 122.4 125.9 129 134.1 142 152.6 163.2 173.9 183.6 199 213.7 227.4 240.9 254.4 268 279.1 289.1 296.3 301.3 301.2 300 291.3 277.6 260.4 247.8 239.7 230.4 230.9 251.4 262.9 265.5
124.9 123.5 122.5 119.7 109.9 109.3 107.2 116.8 118.8 118.4 118 117.5 117.4 117.6 116.5 117.3 118.5 120.4 119.1 117.8 116.5 114.6 113.9 113.3 112.1 112 111.9 111.2 110.6 106.5 103.6 106 106.7 107.5 107.9 108.9 110.1 110.4 110.8 111.1 109.8 108.3 112 113.6 114.7 116.3 118.8 123.1 125.6 129 133.9 141.1 152.2 163.4 173.7 184 197.7 212.4 227 239.6 253.5 266.7 277 284.9 290.8 296.5 301.3 302.2 294.7 283.4 270.7 257.3 247.4 239.8 234.4 254.7 267.8 272.3
