webserver/python/data/NC86.asc
ncols 200
nrows 200
xllcorner 280000
yllcorner 960000
cellsize 50
[rows 76 to 113 of 200, columns 0 to 84 of 200]
-1.7 -1.7 -1.7 -1.7 -1.7 4.5 2.3 5 2.3 22.2 31.4 35.6 38.5 39.6 39.2 40 41 40.5 39.4 39 40.3 44.6 48.2 51.8 55.6 58.5 62.3 66.8 71.2 80.7 85.6 82.8 80.3 79.9 80.5 79.7 78.8 78 77.2 78 78.8 81.8 81.4 81.2 81.7 79 79 79 79 79 80.2 84.2 79.9 78.7 75.9 72.8 69.6 65.7 60.9 60 62.7 67.9 72.2 69.5 64.1 63.9 53.3 36.7 -1.7 -1.7 -1.7 -1.7 -1.7 -0.7 -0.2 -0.4 -0.5 -0.7 -1 -1.7 -1.7 -1.7 -1.7 -1.7 -1.7
-1.7 -1.7 -1.7 -1.7 11 12.9 19.9 18.3 20.4 26.1 33.9 37.7 44.2 46.7 43.7 42.6 44.1 45.9 42.4 40.4 40.3 43.7 48.7 52.6 56.8 60.5 62.8 66.6 69.3 77.7 87.4 85.9 82 80.5 79 79 79 79 79 78.5 79 81.9 81.9 81.8 80.6 79 79 79 79 79 79 79.2 80.8 79.7 77.1 74.3 71.4 66.8 60.3 60.3 63.6 66.9 72.7 68.2 62.8 59.7 53 30 -1.7 -1.7 -1.7 -1.7 -1.1 0.1 0.4 0.3 0.2 0 -0.4 -0.9 -0.8 -0.1 0.7 2.8 19
-1.7 -1.7 6.9 -1.7 -1.7 21 23.5 21.2 22.2 29.6 35.1 40.6 48 52.8 49.9 47.1 47.5 49.8 47.6 42.2 42.1 44.5 48.6 52.9 57.1 61.1 63.8 66.6 69.1 74.7 80.6 84 81.7 80.2 79 79 79 79.1 79 79 80 82 82.3 82.6 80.3 79.6 79 79 79 79.8 79 79 81 80.8 78.2 75.5 72.3 69.2 62.3 59 62.8 65.6 67.8 64.5 56.4 50.2 45.2 23.1 -1.7 -1.7 -1.7 -1.6 -0.3 0.9 1 1.1 0.9 0.6 0.2 0 0.2 0.9 2.2 26.1 26.4
-1.7 -1.7 16 -1.7 -1.7 24.4 28.1 25.7 27.2 30.2 37.4 43.3 49.4 58.8 57.3 52.3 49 50.3 49.5 46.1 44.5 46.3 49.4 53.4 57.5 61.3 64.7 68 69.2 72.4 78.7 81 81.6 81.2 79.5 79 79 79.1 79.1 79.1 82 83 83.4 83.6 82.1 81.4 79.8 79 79.9 80 79 79 81 81 79.2 75.4 72.9 70.9 66.7 59.9 61.1 61.5 62.6 61.6 54.8 47.8 39.6 24.8 -1.7 -1.7 -1.7 -0.7 0.5 1.5 1.7 1.8 1.6 1.3 1 0.8 1.1 1.6 4.4 35.5 51.5
8.2 21.7 30.3 7.5 -1.7 26.7 31.5 33 30.8 30.1 39.3 45.9 52.1 58.2 61.6 56.3 50.9 49.1 49.1 48.5 47.3 48.4 51 55.6 60.2 62.3 65.2 68.7 71 73 77.9 81.1 82.2 83.1 81.5 79 79 79.1 79.1 80.3 82.7 83.9 84.4 84.2 83.3 82.6 81.5 79.7 81 79.9 79 79.2 81 81 80.3 77 74.2 72.2 69.2 62.1 58.9 58.4 61.7 62.4 54.7 46 33 22.7 4.2 -1.7 -1.7 0.2 1.3 2.1 1.7 1.6 1.9 2 1.8 1.7 2.1 2.3 21.8 50.4 51.4
19.1 33.9 38.3 38.3 8.9 36.5 37.6 37.3 34.8 33.3 44.7 50.8 55.6 60.4 61.3 58.7 52.8 49 49 48.8 50.5 49 52.2 58.1 62.8 64 66.3 69.3 70 72.8 77.5 82.5 87.7 85.2 83 79 79 79 79.1 82.1 83.4 84.6 85.6 85.1 84.2 83.2 82 82.2 82 81 79 79.9 81 80 80.1 79.3 76.3 72.8 69.2 61 58.6 56.4 56.8 55.9 54 45.9 35.1 25 6.3 -1.7 -1.7 5.5 8.9 11.5 11.9 12.2 10.3 8.8 6.5 4.8 4.1 15.2 33.4 39.4 50.7
30 38.2 45.4 48 47.7 46.7 43.7 42.3 43.6 42.9 45.9 55.7 61.9 66.2 64.6 61.9 57.2 52.6 49.9 50.4 51.4 50.7 53.9 60.9 65.3 66.8 68.1 69.2 69.1 72.9 77.6 83 90.5 88.2 81.8 79 78.9 79 80 82.8 84 85.3 86.5 86 85.1 84.2 83.2 83.2 83 81.2 82 80 79.6 79.2 78.2 77.4 76.7 73.7 68.2 60.5 58.7 57.3 56.3 55.3 54.9 48.6 37.7 25.8 5.4 -1.7 -1.7 8.2 7.8 7.8 7.2 6.8 6.5 6.1 5.6 10.2 9.8 33.2 46.5 48.1 53.4
36 44.2 52.7 56.5 57.6 57.3 48.6 47.3 50.1 51.2 42.2 58.3 66.2 71.3 67.9 65.2 61.4 57 53.6 53.4 55.4 57.8 59.1 62.8 67.7 69.9 68.9 69.1 69.8 73.6 77.7 83.6 90 88.5 82.1 79.6 78.8 78.9 81.4 82.9 84.2 85.4 86.9 86.8 86.1 85.2 84.2 83.9 84.1 83.1 83.3 80.4 78.2 77.5 76.8 75.6 74.3 72.4 66.6 60.7 58.8 56.4 55.5 54 53.8 51.6 40.6 26.7 8.6 -1.7 6 7.3 6 5.3 4.9 4.4 4 3.5 10.2 16.5 16.7 41.5 50.3 48.1 51.8
44 51 57.3 62.3 65.4 63.1 56.3 49 54.4 56.3 52.3 57.5 67.1 70.5 70.7 69.7 62.1 59 57.9 57.5 58.6 61.2 62.7 65.3 68.9 70.9 70.8 70.1 71.9 74.8 79.1 85.9 89.4 87.1 83.3 81.1 79.9 81.6 82.4 83 84.3 85.8 87.2 87.3 86.5 86.2 85.3 84.3 84.8 85.8 84.2 81.1 78.6 76.5 75.2 73.2 72.5 69.3 64.1 61.1 59.4 56.5 54.6 52.7 52.2 53.2 43.5 27.6 9.9 -1.7 6.7 6.2 5.2 4.6 11.8 21.3 18.1 18 22.1 24.9 28.3 39.6 53.7 55.6 55.9
54.4 58.6 59.7 66.4 69.4 65.4 59.8 55.6 57.7 64 57.5 51 66.4 70.1 71 68.6 63.1 59.1 59 60.7 62.5 66.3 69 69.3 69.3 69.9 71.3 72.3 74.6 76.1 79.8 86.1 90.3 87.7 85 83.1 81.7 82.5 83.1 83.7 84.7 86 87.4 87.5 87 86.8 86.3 85.3 86.8 88.7 85.3 81.8 79 77 73.7 70.8 70.3 66.6 63.4 61.3 60.3 56 53.6 52.1 51.8 50.9 43.8 28.6 12 -1.7 3.5 4.2 9.6 16.2 30.1 44.9 38 39.1 43.3 46.9 40.8 37 50 57.2 59.4
61 60.9 62.1 64.3 65.4 61.8 60.1 59.7 61.4 67.7 65.7 55 65.2 67.3 68.7 65 61.4 60.1 61.9 65.5 68.3 70.2 71.7 70.7 69.3 69 69.8 72.7 75.4 77.6 80.3 85.9 89.2 88.7 87 85 83.7 83.6 84.2 85 85.9 86.9 87.9 88 87.5 87.2 87.7 86.3 87.8 89.1 86.6 83.3 79.4 76 72.6 69.7 67.8 66.2 64.1 62.1 61 57.1 53.3 51 51.9 48.5 39.5 28 11.5 -1.7 2.9 3.2 17.4 21.1 23.8 28.8 34.2 42 51 61.6 59.6 52.3 50.1 53.6 58.2
60.6 61 61 61.2 59.5 59 63.7 67 65.5 68.7 69.5 64.7 57.9 64 62.8 60.1 60.3 61.9 64.8 69.1 70.4 72.4 73.8 73 71.3 71 70.5 71.7 74.2 76.9 80.5 86.4 90.3 88.7 86.9 85.6 85.9 86.4 85.6 86.3 87.2 88.2 88.7 88.6 87.9 87.5 88.1 88.3 88.8 90.3 86.6 81.6 78 74.6 71.9 69.1 68.1 66.8 65 63.6 61.6 57.6 53.6 50.2 50.1 44.1 35.3 19.7 7.9 4.4 3.8 3.8 16.2 20.5 21.2 22.8 34.3 40.7 48.6 54 58.5 59.4 59.2 61.1 60.9
59.9 61.2 60.7 59.4 59.1 61.4 68.8 70.8 69.3 69.1 69.6 69 66.4 59.1 60.7 60.6 61.5 64.7 68.3 70.3 72.1 73.7 75.7 74.2 72.7 73.2 71.8 72.9 74.4 76.7 80.5 86.6 91 87.7 86.6 86.2 86.8 88.8 87.4 87.6 88.5 89 89.1 89 88.3 88.8 90.6 88 88.2 88.2 84.3 80.2 77 74.4 71.9 69.7 68.6 67.4 65.6 64.6 58.7 55.3 51.4 48.9 44.4 39.5 32.2 26.3 10.6 5.5 4.3 4.1 7.7 17.3 17.3 17.9 28 34.5 35.7 41.1 46.7 54 58.4 66.3 66.8
60.5 60.2 59.3 58.7 59.6 68.2 71 71.6 71.2 69.2 70.2 67.7 68.4 61.7 61 60.6 63.7 66.9 69.8 72 73.7 75.4 77.1 75.6 74.5 75.3 74.2 74.8 75.6 77.6 80 84.8 87.9 87.3 86.3 86.3 86.9 88.9 90.3 89.6 88.8 88.5 89.8 91 90.8 91 91 88.9 90.1 89.5 84.6 80 77.7 75.5 73.2 71.2 69.7 68.1 65.5 62.1 57.9 54.3 51.3 49.7 45.8 40.3 32.8 25 17 12.1 5.1 4.3 4.3 5.9 15 16.6 18.7 21.6 25.1 30.9 33.9 42.2 51.8 58.3 64.6
60.7 60.2 59.1 59 62.8 70.9 72.5 73.3 74.5 73.1 70.4 69.1 67.4 63.4 62.1 63 65.3 68.1 71.5 73.6 75.2 76.9 78.6 77.8 76.9 76.8 76.4 76.4 77.1 78 78.9 81.3 85.2 85.1 85.7 86.3 87.5 88.6 90.4 90.4 89.1 88.7 90.1 91 91.2 91.3 91.4 90.3 91.3 89.5 86.4 80.8 78.5 76.7 74.6 72.6 71 69 66.1 62.4 58.6 54.9 53.1 54.4 50.4 44.7 37.9 30.9 20.7 17.4 16.9 4.5 4.5 5.2 12.5 13.9 16.3 21.8 30.8 41.2 47 51.5 49.3 60.5 70.4
58.7 60 59 60.2 66.3 72.5 74.4 75.6 77.7 76.1 72.7 69.8 68.8 65.7 62.9 62.7 65.2 68.3 72.1 73.8 76.7 78.5 80.2 79.8 78.6 78.4 77.7 78.3 78.7 79 79 81 83.2 84.2 85.2 86.4 87.9 89.2 90.1 90.9 89.2 89 90.1 90.8 91.4 91.5 91.9 91.4 90.9 90.4 88 81.9 79.3 77.5 75.6 73.7 71.8 69.8 66.3 63.2 60.1 58.2 56.9 57.9 54 48.7 41.8 33.7 22.7 17.5 17.6 7.8 5.4 6.4 7.2 10.2 14.7 22.5 36.5 48.8 54.2 52.9 52.6 63.9 69.6
53.2 56 59.7 63.3 68.8 75.5 78.2 78.3 80.1 79.2 75.2 71.7 69.6 71.2 64.7 63.4 65 67.9 71 74.4 76.5 77.8 79.3 81 80.6 80.4 78.4 79 78.9 79 79 79.5 82.6 83.6 84.9 86.5 88 89 89.8 90.8 89.4 89.2 90 90.7 91.4 91.7 92 92.4 91.8 91.2 89.5 84.3 80.3 78.4 76.6 75 73.2 71.1 68.6 65.8 62.7 62.3 62.1 60.7 57 52 44.9 35.2 23.6 17.7 18.5 10.2 6.2 6.8 7.4 8.5 12.4 21.5 37.2 49.6 53.9 55.6 59.4 62.5 64.9
58.1 62 65.3 66.5 71.1 81.6 84 82.6 81.5 80.6 76.9 73.2 71.5 72.7 68.8 65.3 65.5 67.4 70.2 75.3 78.3 79.6 79.9 80.7 81.9 81.5 79.2 79 79 79 79 80.1 82.5 83.3 84.8 86.5 88.1 89 89.7 90.4 89 91.1 90.9 90.6 91.3 91.8 92.3 93.1 92.7 92 91.3 86.4 82 79.3 77.3 75.8 74.2 72.4 70 67.3 65.5 65.1 64.6 62 57.7 51 44.4 35.7 25.2 17.9 16.4 8.3 6.2 7.3 7.8 8.7 11.4 19.1 33.4 45.7 51.8 60.7 62.9 63.4 62.1
62.1 66.6 70.4 70.3 74 86.1 89.8 87.4 85.8 82.6 78.4 74.8 73.2 73.3 71.9 67.7 67.6 69 71 78.4 80.7 81 81.3 81.5 81.5 81.5 79.1 79 79 79 79.3 82.2 82.9 83.6 84.7 86.4 88 88 88.2 88.7 88.5 89.6 91.1 91.3 91.6 92.3 93 93.8 93.6 92.9 91.9 87.5 83.5 79.7 78.1 76.5 75 73.5 71.1 69.8 68.3 66.9 66.1 62.9 58.3 49.9 42.5 34.1 21.6 18.4 15.7 7.8 6.1 7.2 8.7 9.6 12 19.4 28.8 39.3 48.4 57 63 62.7 63.6
65.6 69.8 75.4 75.8 78.8 89.6 91.5 90.9 89 83.9 80.5 76.6 74.2 73.8 74.4 70.5 69 69 71.2 80.2 82.4 83.6 82.7 82.6 81.5 81.4 80 79.8 79.5 81.9 82.5 82.5 83 83.9 84.7 86.1 87.1 87.5 87.4 87.5 87.9 88.6 89.7 91 92 93.5 93.9 94.5 94.6 93.9 92.4 89.3 85.7 81.7 79.5 77 75.9 74.5 72.6 72.4 71 69.6 67.1 63 58.4 49.8 39.8 31.5 22.3 21.2 18.8 12.1 6.2 8.2 9.2 9.3 11.6 15.9 24.1 34.1 42.9 52.7 62.2 61.5 61.4
69.6 73.3 80.7 79.6 80.4 92.2 94.8 93.5 89 85.9 83.8 80.9 74.7 74.3 76.9 74.1 72.1 69.6 71.8 81.5 84.4 86.4 84.3 82.6 81.5 81.2 81.1 81.8 81.9 82.9 83.3 83.1 83.1 84 84.8 85.6 86.8 87.4 87.4 87.4 87.4 88.3 90.7 91.5 93.1 94.6 95.3 95.4 95.4 94.6 94 90.9 87.8 84 80.5 77.6 75.9 74.9 74.7 74.8 73.6 71.3 68.1 64.8 60.8 50 39.2 30.7 22.9 22.2 20 11.9 6.8 8.8 9 9.1 11.3 16.1 21.4 30.2 38.5 48.4 60.2 60.7 61.2
73.5 76.7 81.4 80.4 85.2 95.1 99.4 95.8 91.9 89.6 87.7 85.5 77.3 74.9 74.5 75.9 74 71.8 71.7 82.7 88.2 86.1 82.9 81.6 81.5 81.5 81.5 82 83.1 84.5 84.7 84.2 84 84.6 85.5 86.3 87.9 87.4 87.4 87.4 87.4 87.8 89.9 92.7 94.6 96 97.6 96.3 95.6 95.1 94.6 92.5 89.3 85.5 81.9 78.7 76.6 76.1 76.2 77.8 75.9 71.6 68.3 64.9 60.2 49.7 38.7 30.3 22.4 21.6 20.7 10.1 7 8.1 9 10.1 12.8 17.9 22.4 26.9 34.2 41.9 55.5 58.5 55.8
74.8 78.3 83.2 86 88.7 95.8 100.5 98.2 93.9 94 93.1 92.5 84.5 74.9 74.6 76.5 78.1 75.9 69.1 81.3 88.3 84.7 81.7 81.5 81.5 81.5 84.4 87.3 88.6 87.8 85.4 84.8 85.1 85.5 86.3 87.6 89.2 88.3 87.4 87.4 87.4 87.4 89.4 93.7 96.1 99.3 98.7 97.5 96 96 95.9 93.8 90.7 87.1 83.5 80.5 79.2 77.7 77.8 80 77.4 73.1 68.4 62.8 57.1 49.1 39.5 29.6 25.1 22.2 19.1 10.4 7 8.2 9.7 11.7 14.3 18.3 22.7 27.3 32.1 36.5 42.5 47.8 44.3
73.5 79.6 86.6 90.3 90.9 95.1 99.1 98.1 96.6 97.3 97.4 97.6 93.7 76.3 75.2 74.9 78.9 77.7 72 79.6 89.8 83.3 81.5 81.5 81.5 83.8 88.2 90.5 90.9 88.4 86.7 85.6 86.3 86.6 87.3 88.6 88.7 88 87.5 87.4 87.4 88.7 91.8 95.1 100.9 100.6 100 98.4 96.2 96.2 96.8 98.8 91.7 88.6 84.5 80.9 81.2 81.1 81 80.8 79 74.8 69.6 63.6 57.1 49.7 41.4 30.5 26.6 23.6 20.3 6.1 7.2 8.4 10.3 12.7 15.3 18.3 22.7 26.9 29.9 33.4 35.7 37.9 43
69.7 78.6 91.1 90.9 94.5 98.7 100.7 99 99 99.4 99.5 101.9 106.1 89 76 75.9 76.1 75.2 72.8 77 88.1 82.4 81.5 81.5 85.5 90 93.4 95.7 95.2 93 90.4 89.3 89.2 89.2 89 89.8 89.7 89.6 89 87.6 88.5 91 93.2 95.9 101.7 100.5 98.7 98.6 96.6 96 95.7 97 92.7 89.1 86.3 84.6 85.3 84.9 83.4 81.4 78.6 75.5 70.9 63.5 55.7 47.8 39.6 32 23.4 20.2 15.8 6.4 7.4 11.3 11 13 16.3 19.9 23.4 27 30.1 31.9 33.7 34.8 42.3
68.5 76.8 88.6 90.6 94.2 98.6 100.9 100.5 99.4 100 100.3 101.5 110.1 95.4 77.6 77.1 76.7 75.6 73.6 74.8 80.1 81.6 81.4 82.3 90.9 95.4 97.3 95.6 94.5 93.7 93.3 92.8 92.5 92.1 91.7 91.5 91.4 91.2 91.1 91 90.6 91.3 92.3 94.4 100.9 99.1 97.2 97.2 96.6 95.4 94.1 92.9 91.4 89.1 87.1 85.9 86.2 84.7 83.2 80.8 78 74.4 70.8 63.5 53.8 46.5 39.6 31.9 22.9 19 9.8 8 8.1 13 12.9 14.1 17.8 21.3 25.1 28.9 31 32.1 32.9 34.3 40.2
69.4 76 82.2 86.7 92 98.4 100.9 100.2 99.7 100.7 100.1 99.5 103.2 93.8 81.4 78.5 77.6 76.2 74.9 76.3 79.5 81.3 81.2 86.4 91.2 94.9 99.4 103.9 100.1 97.4 94.6 94.6 93.8 93.7 93.3 94.1 93.9 91.3 91.3 89.7 88.2 88.6 90 93.2 97.6 97.8 96.7 96.1 95.7 94.8 93.4 91.8 90 89.3 87.5 86.6 85.9 84.5 83 80.3 77.4 73.5 69.8 63.2 55.2 49.2 41.5 31.6 25.7 19.3 9 8.1 9.6 17.3 18.5 14.4 18.1 21.2 26.3 29.9 31.2 32.2 32.3 34.4 37.2
72.4 76.3 81.1 86.2 92.6 98.9 100.9 99.4 99.4 100.6 99.9 99.5 98 91.1 79.2 78.9 80.7 78.5 77.4 78.6 80.8 83.2 87 92.1 99.7 103.1 107 111.3 106.5 99.8 97.1 95.9 95.1 95.1 95.1 96.5 96.4 94.3 93 89.4 88.7 88.7 89.6 92.4 94.3 95.5 96.2 95.4 94.7 94.1 92.5 91 90.2 90.1 88 86.9 85.5 84.3 83 80.2 77.4 74.6 70.7 63.7 58.9 51.9 42.4 30.7 24.6 19.6 9.2 8.2 7.6 14.5 22.5 18.4 18.2 23.3 27 29.9 31.5 31.6 31.8 34.3 39.1
75.4 77.5 81.5 86.2 91.3 99.2 100.9 99.3 100.6 100.8 99.7 98.4 95.8 88.6 79.3 84.1 89.7 83.2 81.1 81.6 84.1 85.7 89.8 95.9 108 110.6 109.1 111.2 109.3 102.1 98.4 97.4 96.5 96.5 96.9 98.9 99.1 98.1 96.3 91.8 89.1 89.8 90.3 92.3 93.7 94.8 94.9 93.8 93.2 92.9 92 90.8 90.9 91 89.4 87.9 86.2 84.5 83.2 80.1 77.3 74.5 72.2 68.1 61.4 52.2 42 29.7 23.5 20.6 10.5 8.7 8 7.7 10.6 21.6 22.5 26.1 28.8 29.8 30.2 32.1 32.8 34.7 38.4
77.2 79.5 82 86.6 91 98.4 100.8 99.1 100.9 100.9 100 97 93.3 86.7 85.1 87.5 87 85.5 80.7 84 87.4 88.7 93.6 100.5 110 110.7 109.2 110.9 108.6 102.8 99.4 98.6 98 97.7 97.9 100.8 101.8 101 98.3 94.4 92.2 91.8 91.9 93.3 94.6 94.1 93.7 92.2 92 91.7 91.4 90.8 90.8 90.8 91 89.8 88.8 87.4 84.6 80.6 77.3 75.5 73.5 71.3 63.9 53.3 42.4 29 23.6 22 15.1 8.9 7.9 8.2 8.4 18.2 25.9 27 28 28.9 29.1 32.7 34.9 36.3 37.8
79.2 81.4 83.8 86.8 91.9 99.3 99.7 99 100.9 100.7 99.9 96.7 92.4 92.3 90.5 97.6 94.4 84.4 79 85.5 93.6 93.9 97.6 103.8 110.3 110.6 110.1 108.7 106.8 102 99.8 99.5 99.3 98.9 99.6 102.1 103 103.8 101.1 98.5 96.3 94.6 90.7 91.8 93 93.3 92.6 90.7 91.4 91 90.8 90.8 90.8 90.8 90.7 91.1 91 89.7 86 81.8 76.6 75.1 73.6 69.7 64.2 54.2 39.5 27.8 23 22.2 13.7 8.6 8.1 8.3 8.6 18.8 26.8 28.1 29.2 30.4 29.8 31.5 33.8 36 38.1
80.1 82.4 84.8 87.6 91 97.3 99 98.9 99.8 99.5 98.4 95.5 90.9 90.4 89 98 90.3 85 81.1 91.5 100.4 99.6 100.9 105.3 109.4 110.3 110 107.3 104.9 101.3 100 99.4 99.2 98.9 100.3 101.9 101.5 101.2 101.1 100.1 98.7 96.2 91.6 90.7 91.6 90.8 90.4 89.2 90.8 90.9 90.8 90.8 90.8 90.1 89.8 91.4 91.2 90.5 87.1 82.9 78.3 75.8 74.2 70.6 63.7 52.5 37.4 27.4 20.6 14.9 8.6 8.1 8.3 8.5 10.1 23 25.3 28.2 30 31 31.3 32.3 34 36.5 39.8
81.2 83.4 85.8 88.7 92.3 96.2 98.2 98.8 99.2 100.1 99.5 94.8 89.3 89.1 90.1 95.6 92.1 89.6 89.8 88.8 99.4 101 101.1 104.3 106.6 109 107.7 103.9 102.3 101.3 100.2 99.4 99.2 98.6 99 100.1 99.2 98.8 100.6 100.4 98.1 94.1 91.3 89.4 89.8 89.9 89.6 89.4 89.9 89.3 88.7 87.8 87.8 87.8 89.8 91.6 91.4 90.5 87.8 83.5 80.9 77.1 74.9 69.6 62.2 49.4 39.1 31.2 21.3 8.3 8.6 8.7 8.8 8.9 17.6 27.2 28.2 29.7 31.6 32.1 32.8 33.7 36.4 38.9 39.2
82.2 84.5 86.8 90.2 93.9 96.6 98.2 99.3 100.1 100.6 99.1 95.2 89.3 89.1 95.3 97.1 96.1 92.8 90.4 89.6 91.7 100.9 102.4 103.5 103.9 105 103.6 100.3 100.2 100.8 100.2 99.4 98.9 98.3 97.8 98.5 97.7 97.3 99.4 100.9 97.1 93 90.2 89.7 89.8 90 90 90 90.3 89.8 89.2 87.8 87.8 87.8 89.4 91.7 91.4 90.4 88.4 85.9 83.1 79.8 75.9 68.1 60.6 49.7 37.4 26.4 11.9 8.5 8.9 9.1 9.3 9.5 22.9 28.5 30 31.8 33.5 34.8 35.8 36.2 37 40.1 42.3
83.3 85.5 87.3 90.9 94.3 97 98.6 99.2 99.3 100.2 100.4 96.7 91.5 92.9 95.4 97.6 99.5 97.9 94 91.4 89.7 100.9 102 102.5 102.4 101.2 100.1 97.9 97.2 98.1 98.3 96.2 97.6 97.2 96.7 96.9 96.1 98.1 99.4 99 96.1 91.8 89.2 89.4 90 90 90 90 90.2 90.7 90.1 88.1 87.8 87.8 88.5 90.5 91.5 91 90.9 88.5 85.5 82.2 78.1 68.6 60.3 50.4 39.9 31.3 13.4 8.3 8.8 9.4 9.8 10.7 28.2 29.5 30.7 32 33.6 36 38.5 39.5 39.8 41.1 47.5
81.7 84.3 87 92.4 96.1 97.7 98.7 99.5 99.6 100.2 100 98.4 95 95.6 97.7 100 100.9 101 97.7 92 88 94.2 101.2 100.8 100.7 99.5 97.4 95 92.5 93.1 94 93.7 95.8 95.7 95.4 95 96.5 97.5 97.5 97.1 95.7 91.9 89.3 89 90 90 90 90 89.9 89.9 89.1 88.3 87.8 88.4 89.1 89.3 91.1 91.1 88.1 86.8 84.9 82.9 78.1 69.7 60.6 51.5 44.4 26.8 12.9 8.6 8.4 8.5 9.1 15.1 28.6 30.5 31.6 32.6 33.7 36.3 38.8 41.5 42.5 43.7 48.9
79.2 81.7 86.3 92.7 98.8 100.1 101.2 101.5 99.9 99.6 100.4 98.5 98.3 98.5 100.6 101.9 101.2 101.2 98.4 92.3 89.7 90 98.1 99.5 98.7 96.4 95 92.6 89.2 89.2 89.6 91.3 93.6 94.3 93.9 95 95.3 95.6 95.7 95.1 94.3 92.1 91.7 90.9 90 90 90 90 90 89.7 89 88.1 88.8 89.9 90.3 90.5 90.6 90.4 87.7 85.8 83.1 80.6 76.9 71.1 64.9 57.6 47.7 27.1 10.5 8.4 8.6 8.6 8.5 20.4 29.7 31.6 33.9 34.9 35.8 37.5 40.8 43.9 47 47.5 49.1
76.6 80.2 85.1 92.3 99.5 101.7 102.6 101.8 100.8 99.9 99.6 98.5 98.4 98.9 104.2 107.6 104.7 102.6 99.8 95.7 93 92.2 93.8 96.1 94.9 93 92.3 92.1 89.1 89.1 89.1 89.2 91.5 92.8 93.5 93.6 93.6 93.8 93.9 93.2 92.7 92.6 91.9 91.2 90.3 90 90 90 90 89.5 88.8 87.9 88.1 88.3 89.7 90.4 91 90.3 87.9 85.8 83.1 79.3 75.8 73 66.7 58.7 47.7 23.3 8.4 8 8 8.1 8.2 22.8 30.7 33.1 35.3 37.1 38.2 39.8 43.1 46.3 49.6 49.5 49.6
