webserver/python/data/NC90.asc
ncols 200
nrows 200
xllcorner 290000
yllcorner 900000
cellsize 50
[rows 0 to 37 of 200, columns 0 to 84 of 200]
334.2 328.3 322.2 315.7 307.1 295.5 284.1 273.9 264.9 254.2 243.8 239.8 242.4 247 251.7 255.5 255.2 254.3 251.3 245.7 236.4 225.4 212 216.6 223.2 225.9 233.5 247.5 261.7 278.2 290.3 300.6 308.2 312.1 315.2 315.9 314.6 312.4 308.5 302.6 296.9 290.7 286.1 281.6 277.1 272.7 268.5 264.8 260.5 256.2 252.9 250.8 252.1 253.6 253.2 249.9 245.3 239.5 232.9 224.9 215 208 200.8 193.6 185.7 177.9 169.6 163 158.2 150.5 138.8 122.7 123.6 119.2 114.5 108.5 102.4 95.4 88 81.3 72 61.7 50.6 46.7 36.6
334.5 328.6 322.6 315.8 306.7 295.3 280.4 265.3 255.4 245.8 237.5 237 239 243.6 248.3 250.1 250.9 250.9 248.7 244 238.5 231.8 218.5 207.8 210.9 219.3 235.1 251.7 267 281.7 292.6 301.1 307.8 312.1 314.5 314.1 312.2 309 304.7 298.8 293.1 287.8 283.1 278.6 273.9 269.2 265.2 261.1 257.1 252.3 248.2 245.6 247.6 250.9 248.8 247 241.9 235.9 229.3 220.8 211.3 202.9 194.5 187.1 179.4 171.7 163.4 155.6 150.8 144.8 136.7 127.3 119.3 112.8 107.1 102.5 97 88.7 83 75.9 66.9 57.4 48.6 43.8 35.2
334.7 328.8 322.2 315.3 306.4 295.8 283.2 266.5 249.6 239.2 235.1 232.5 233.8 238 243.2 245.1 245.8 245.3 243.8 238.1 234 229.1 221.6 202.4 205.9 213.8 232.9 252.4 269.9 283.6 292.9 300.9 307.2 310.9 312 311.1 308.6 305.2 301 295.4 289.6 284.6 279.8 274.7 270.2 265.6 261.2 257.1 252.5 247.8 242.8 239.8 241.4 244.5 243.1 240.4 236.2 230.9 225.2 215.3 205.1 195.6 187.7 180.4 173.3 165.5 157.2 149.3 143.4 137.3 132.1 124.1 116.1 108.6 102.6 96.5 91.4 82.8 77.6 71.6 62.7 54.1 47 40.2 34.3
333.7 328 321.1 313.9 305.1 295.2 280.8 264.5 248.1 242.9 237 229.1 224.7 228.5 232.5 236.6 239 238 235.1 229.3 225.1 218.9 210.1 200.2 199.7 207.9 226.5 248.8 268.5 282.7 291.2 299.2 305.2 308.8 309.3 308 304.3 300.5 296.7 291.6 286.2 281.3 276.5 271 265.9 261.5 256.5 251 245.4 240.2 235.4 231.1 232.1 234.6 234.7 233 229.6 223.3 215.8 207.7 198.5 188.8 180.6 172.3 166 159.1 150.9 143.1 135.9 129.7 124.2 118.8 112.8 103.3 96.6 89.8 83.8 77 71.5 66.2 59.5 51.8 43.7 38.2 35.1
331.4 326.2 319.7 311.8 303.1 293.3 276.3 260.7 251.6 246.6 239 230 219.5 216 220.3 225.7 228.6 229.6 226.9 218.9 208.3 200.1 194.6 195.4 197.4 204.5 221.4 242.9 263.9 278.3 287.9 296.5 302.8 306.6 306.2 304.5 302.1 297.8 293.5 288.6 283.5 278.1 273.1 267.7 261.7 255.4 250.4 244.7 239 232.8 226.6 221.5 221.3 224.2 224.9 225 221.6 215.5 209.2 200.2 191.9 183.6 176.2 168.1 160.1 152.3 144.3 137.3 129.2 122.4 115.6 108 102.2 99.8 91.3 82.8 75.6 69.2 65.9 60.9 52.6 45.3 37.9 35.1 34.9
328.9 324.1 318.2 309.7 301 288.7 271.7 258.5 251.9 243.9 238.1 229.9 220.4 210.2 207.5 213.7 217.6 219.9 213.2 200.9 192.9 188.7 190.1 194.9 197.3 207.1 217.6 235.1 253.8 271.2 283.5 293.9 300.3 304.3 304.1 301.5 298.9 295.7 291.1 286 280.6 275.6 269.8 263.9 257.7 251.4 245.2 239.6 233.5 226 218.7 213.2 209.2 210.8 214.5 215.8 215.9 211.3 204 194.7 185.3 177.9 172.3 166.2 160.5 151.1 140.2 133.3 124.1 115.6 109.1 103.1 98.4 94.3 87.2 76.5 69.3 61 58.8 50.6 44 39.6 36.2 36.4 36.7
326.4 321.9 315.9 306.9 296.5 280.4 266.5 257.9 248.3 239 234.1 228.9 220.5 210.3 199.7 200.7 203.5 203.9 194.8 187.5 185.7 188.4 192.9 198.4 206.7 218.7 230.4 238.1 249.9 265.4 282 293.7 299.3 301.8 301.8 299.6 296.7 293.8 288.7 283.9 279.6 275.1 269.3 264.6 260.1 255 249.4 243.5 236.8 228.3 218.8 208.7 198.2 198.1 202.3 206.1 208.7 206.4 199.5 189.7 180 171.7 164.7 160 154.8 147.1 137.4 129.1 119.8 111.9 105.5 99.4 93.6 88.3 78 70.7 63.4 54.6 49.1 44.5 41.1 39.7 39.4 40.7 37.3
323.9 318.9 313.5 303.8 291.8 273.8 264.5 256.3 245.6 237 230.3 224.7 217.9 210.3 199 189.4 190.6 189 188.7 183.6 192.3 199.2 208.6 217.4 226 238.6 251.4 259.3 267 274.8 285.6 295.8 299.8 301.3 301.8 300.1 297.4 294.1 289.8 286.2 282.7 278.9 274.3 270 266.2 262.5 257.6 251.3 244.1 235.6 227.1 217.4 207.1 195.4 191.1 195.1 196.6 196.7 192.1 185.4 175.9 166.5 159.1 152.6 146.8 139.7 132.1 124.4 115.8 108.4 102.1 97.1 90.7 79.6 69.8 66.7 60.3 55.9 50.7 41.7 39.6 39.1 38.6 35.2 32.5
321.5 316.3 310.8 301.5 289.4 274.9 265.5 256.6 246.4 236.5 227.9 221.1 213.7 205.5 197.2 186.1 181.8 181.3 180.3 190.9 206.3 215.9 226.6 237 247.5 259.2 269.4 276.4 281.5 286 291.6 298.6 301.8 303.3 303.3 301.9 299.4 296 292.8 289.7 286.1 282.3 278.9 275 271.7 268.3 264.6 258.9 251.3 241.5 231.5 222.4 211.6 200.1 186.8 183.2 186.1 188.7 186.9 180.7 172.3 163.5 155.2 148.7 140.6 133.5 126.1 118.9 112 104.9 98.8 91.4 82.7 75.3 68.8 62.7 58 54.4 41 39.5 38.2 36.6 34.1 31 27.4
319.9 315 309.5 299.7 288.9 277 268.2 259.1 248.9 237.9 228.1 218.7 210.1 201.3 192.8 183.8 177.4 176.3 179.9 195.9 215 230.2 241.4 250.9 260.7 270.9 278.4 284.3 289.9 293.9 298.3 301.4 304.6 305.8 305.1 303.8 301.3 298.4 295 292.4 288.5 285.3 282.4 279.3 275.8 271.9 267.7 263 254.6 244.5 234.3 224.2 211.9 200.1 189.9 180.8 173.1 180.2 181 174.7 168.4 160.7 151.6 145.5 137 128.2 119.2 112.5 106 98.7 89.9 80 76.1 73 67.1 60.9 56.1 45 41.2 35.8 36 36.2 34.3 30.4 25.6
319.5 314.4 308.6 299.8 289 279.4 270.7 262.8 252.2 241.2 229.3 219.5 207.3 197.8 189.2 181.3 174.7 172.9 177.9 195.9 216.5 235.1 248.6 259.7 269.8 278.1 285.1 290.5 295.3 299.6 303.3 306.2 306.6 306.7 305.9 304.6 301.5 298.4 294.8 292.8 291 288.2 285 282 278.6 274.3 270.3 263.9 254.6 244.1 233.6 222 211.1 200 188.7 177.2 165.7 168.6 170.1 169.1 161.7 155.9 146.7 140.2 132 123 114.2 106.1 99.7 91.3 81.8 74 70 65.9 57.1 55.6 44.9 42.5 40.1 34.7 33.1 34.4 31.7 28.6 15.3
319.3 314.4 308 300.3 289.9 280.7 276.6 267.9 257.2 246.6 234.5 222.5 208.1 196.5 186.6 179.3 172.8 170.5 176.2 195 216.3 237.3 253.1 263.6 272.9 280.4 287.1 293 297.8 303.1 307.1 308.5 307.8 306.8 304.3 302.7 300.4 297.9 295 294.4 292 289.5 287.3 284.3 281 276 269.4 261.9 253.3 242.8 231.1 220 209.6 198.9 187.2 176 165.2 153.6 159.1 158 155.4 149 139.9 132.7 126.3 117.8 109.6 100.8 92 82.6 73.9 66.7 62.1 58.1 53.4 43.8 44 41.5 35.5 30 31.9 31.6 29.3 11.8 6.6
319.5 315.2 308.4 300 288.5 284.5 280.1 272 263.2 253.5 242.5 232.4 216.9 199.6 186.6 178 172.5 168.9 173.5 194 217.2 238.4 254.1 264.2 273.3 280.8 286.9 293.1 299.5 304.6 307.8 308.8 306.5 303.6 299.5 297.2 295.2 293.3 292.3 292.8 291 287.6 285.5 283.4 279.3 272.6 264.7 257.1 249.5 239.2 226.6 216.7 207.3 197.2 186.8 178 167.3 156.1 145.3 145.9 143.4 138.2 131.6 124.3 118.3 111.5 103.4 95.1 85 75.4 69.2 63.4 58.1 53 47.9 39.5 42.1 38.4 33.7 31.3 29.5 29.2 14.6 8.1 5.5
321.5 316.2 308.6 299.7 292.7 289 281.3 273.7 265.9 258.2 250.4 240.7 228.3 210.1 192.3 178 172.2 167.8 171.2 190.2 213.7 236.3 253.4 262.7 272.4 280.7 286.5 291 296.9 302.2 305.3 305.4 303.5 300.3 294.9 289.6 287.7 286.3 286.3 287.5 284.8 281.7 279.8 278.8 274.4 266.7 258.7 251 243.2 233.5 223 213.6 204.5 195.1 187.4 181.6 173.1 162.3 150 129.4 131.8 127 120.5 116.1 109.4 102.1 96.5 89 79.6 70.6 64.7 60 53.7 44.7 40 37.4 35.6 35.2 33.6 31.3 22.4 23.5 9.5 4.1 1.5
321.7 316.6 308.2 300.8 296.2 291.5 283.3 276.2 268.8 262.3 254.9 246.5 234.4 218.7 200.5 181.6 172.1 167.8 168.4 185.6 208 232.1 250 259.8 267.9 278.2 284.2 289 293.6 297.9 300.2 301 298.8 294.5 289.7 283.7 280.2 278.4 277.7 277.7 277 274.8 271.9 269.5 265 259.3 252.3 245 237.5 228.7 218.8 211 202.1 193.7 186.3 179.6 171.8 163.8 154.6 143 132.2 121.4 107.8 101.4 102.4 97.2 90.4 84 77.9 66.7 61.4 56.1 46.6 39.6 38.2 36.7 34.2 31.5 30 28.8 27 4.5 4.6 1.4 0.3
321.5 316.3 310.3 304.6 299.8 293.7 285.7 279.5 271.8 265 257 247.1 236.5 224 205.2 187.8 174 168.5 166 178.6 200.2 223.2 244 253.5 260.5 269.2 280.7 284.9 287.7 291.6 294.4 295 292 288.3 284.5 278.9 274.3 271.9 270.2 269.1 267 264.4 262.1 259.3 255.1 249.9 243.7 237 229.9 222.3 214.6 208.1 199.6 190.1 184 177.7 170.9 162.8 154.5 145.8 136.7 124.6 114.4 105.1 91.8 87.5 84 80.3 73.3 63.6 58.2 48.1 42.6 39.2 36.5 35.4 30.9 27.6 26.6 17.7 6.5 1.9 1.2 0.3 -1.3
320.9 315.4 311.5 307.6 302.3 295.6 287.9 280.2 271.3 264.5 256.1 247.7 237.8 225.3 210.2 192.1 177.9 169.3 164.2 168.5 188.2 209.5 231.9 244.9 252.7 259.9 268.5 277.3 280.3 282.5 286.8 288.3 287.4 283.9 279.3 274.1 268.8 266 264.1 261.4 258.4 254.2 250.4 246.7 243.2 238.3 232.4 226.9 219.8 212.8 206.4 199.7 193.7 186.7 180.6 175.3 168.5 160.6 152.9 144.3 134 122.6 113 105.3 98.4 90.1 72.2 61 66.9 57.9 52.4 45.2 42.7 40.7 27.8 25 17.8 21.2 16.7 4.2 1.3 0.5 0 -1.3 -1.3
320.2 316 313.5 309 303.7 296.5 288.6 280 270.8 262.3 253.8 246.7 238.6 227.9 215 197.1 182.3 171.5 163.3 163.2 177.8 195.4 214.6 231.3 241.5 249 255.1 264.2 269.6 273 278.9 281.5 281.5 279.5 274.7 269.9 264.5 260.2 257.2 252.9 248.9 244.9 238.8 233.7 230.5 226 221.7 218.1 212.7 205.8 199.5 191.9 185.5 179.9 175.7 170.7 163.3 155.3 148.2 138.8 128.1 119.2 110.6 103.2 95.3 86.3 76.9 68.8 59.4 53.2 49.1 46.6 44.3 31.7 7.8 6.9 5.7 3.1 1.9 0.9 0 -1.3 -1.3 -1.3 -1.3
318.3 316.2 313 309.3 302.3 295.6 287.7 279.2 270.3 263.3 256 247.7 238.3 229.6 217.7 202.2 187.2 175.9 167.8 159.8 169.1 183 199.5 214.3 227.1 236.1 243.6 250.4 258.1 263.7 269.8 274.6 275.9 274.1 270.2 265.6 260.9 256 251.7 247.6 243.9 238.7 232.3 227.1 224.9 221.9 216.9 212.1 207.2 199 191.8 184.1 177.3 171.8 166.6 161.4 154.7 147.2 139 129.7 122.4 112.7 103.9 96.8 90.5 83.3 73 61.9 55.9 43.4 25.7 24.8 18.4 7.4 4.2 1.5 0.7 0.3 0.4 -0.3 -1.3 -1.3 -1.3 -1.3 -1.3
314.6 313.4 310.7 306.6 300.2 293.2 285.4 277.6 270.8 264.1 255.8 247.8 238.2 230.1 218.9 205.8 192.7 180.9 170.9 163 162.7 171.8 183.9 199.4 213.1 222.1 231.3 238.2 245.4 254.8 262.9 268.6 270.2 269.6 266.6 263 259.1 255.1 251.1 248 241.3 233.2 226 222.1 218.8 215 210.4 207 200.8 191.8 184 176.3 169.2 163.4 155.7 150.1 143.7 136.4 128.7 121.5 113.5 105.8 97.2 90.1 85.1 77.2 62.5 53.8 54.5 50 21.9 8.6 6.3 3.1 1.3 0.4 -0.4 -1.3 -1.3 -1.3 -1.3 -1.3 -1.3 -1.3 -1.3
311 309.9 306.7 302.1 295.3 289.5 283.6 276.5 269.6 263.6 255.6 248.8 240.4 231.5 220.5 209.5 197.9 186.9 176.6 166.3 158.2 164.7 172.3 191 204.8 214.3 223.1 230.7 233.7 246.6 258.6 264 266.3 267.9 266.4 262.6 258.6 255.1 251.4 245.2 237.5 227.9 220 211.9 207.1 202.3 197.7 193.7 188.2 181.5 174.9 168 161 152.3 144.6 138.2 131.9 124.4 116.7 111.2 104.1 96.5 88.2 81.7 72.7 60.1 49.7 50.4 33.1 13.7 8.3 6 2.1 1.3 0.5 -0.5 -1.3 -1.3 -1.3 -1.3 -1.3 -1.3 -1.3 -1.3 -1.3
305.9 303.7 301.2 296.6 291.3 286.7 282.5 275.9 268.9 262.4 254.6 247.5 241.8 233.7 222.8 212.4 202.9 193 182.1 170.8 160.9 155.8 164.3 179 192.7 198.2 207.9 219.5 229.2 245.4 256.7 261.5 263.7 264.9 262.8 260.1 257.2 254.4 248.3 239.7 229.7 221.7 214.9 206 195.7 188.8 184.2 179.4 174.7 168.1 161.6 155.3 147.9 140.5 132.6 125.3 117.9 111.6 106 100.9 93 85.4 77.5 67.3 56.8 50.9 46.3 36.7 10.6 8.3 7 2.8 1.1 0.6 -0.2 -1.3 -1.3 -1.3 -1.3 -1.3 -1.3 -1.3 -1.3 -1.3 -1.3
297.6 296.8 295.2 293.7 288.9 284.2 280.7 275.8 268.6 263.1 253.9 246 240.5 235.1 225.7 215.4 207.2 198.1 186.9 175.6 164.8 156.1 158.2 168.5 182.6 193.6 205.6 218.9 233.4 247.4 255.6 259.5 260 259.7 258.8 256.2 252.4 248 239.8 231.1 220.5 211 203.3 196 185.9 172.3 168.3 162 156.4 151.5 146.1 140.5 134.5 127.4 120 113.3 106.1 99.2 93.8 87.7 80.6 72.5 64.2 58.6 54.5 48.3 41.8 18.1 8.7 6.4 4.8 1.3 0.3 -0.3 -1.3 -1.3 -1.3 -1.3 -1.3 -1.3 -1.3 -1.3 -1.3 -1.3 -1.3
290.7 290.3 289.5 288.3 285.8 281.1 277.2 274.4 268.7 261.7 254.2 245.2 238.7 232.8 226.1 217 207.8 199.3 190.7 179.4 166.8 152.9 152.4 161.4 179.4 194.3 210.4 226.2 240.6 250.8 256.4 259.5 258.3 255.5 251.7 246.3 240.6 234.6 227.2 216.2 205.6 195.4 187.4 181.4 174.1 164.9 150 146.4 140.9 135.3 130.5 126.5 122.1 115.6 109.4 102.9 95.1 88.1 82.3 77.3 68.2 61.1 57.1 53.7 50.9 42.1 25.2 10 6.9 4.5 1.7 0.7 -0.5 -1.3 -1.3 -1.3 -1.3 -1.3 -1.3 -1.3 -1.3 -1.3 -1.3 -1.3 -1.3
287.7 287.1 285.6 284.1 281.4 277.4 273.9 270.9 266.4 259.6 252.8 245.1 237.2 230.5 224.1 218 208.7 198.4 190.4 181.5 167.2 157.8 146.1 155.5 168.1 190.9 215.8 233.9 246.6 254.6 259.3 261.3 259.7 254 245 236.2 227.5 220.3 211.3 202.5 192.9 183 174.7 168 161.1 154 144.2 130.8 127.8 122.5 119.5 116.2 111.6 106.1 99.9 93 85.8 79.4 73.2 66.2 60 54.9 50.7 47 42.3 34.3 12.1 8.4 7.6 2.5 1.1 0.2 -0.7 -1.3 -1.3 -1.3 -1.3 -1.3 -1.3 -1.3 -1.3 -1.3 -1.3 -1.3 -1.3
286.4 285.2 283.9 282.3 279.9 276.2 272.4 267.8 264.1 257.2 250.3 244 236.6 229.4 222.7 216.7 209.7 197.9 189.7 181.1 171.4 158.7 145.4 147.8 164.5 184.2 216.5 237.9 250.5 257.6 260.9 260.9 257.4 248.4 236.5 224.2 214.2 204.5 196.1 188.3 180.7 172.1 163.7 155.6 148.6 141.6 133.2 124.3 110.2 111.7 109.9 107.4 101.6 95.4 89.4 82.4 75.2 68.9 65.3 59.7 53.6 48.6 44.3 40.9 35.2 17.8 9.5 8.3 5.4 1.6 0.7 -0.3 -1.3 -1.3 -1.3 -1.3 -1.3 -1.3 -1.3 -1.3 -1.3 -1.3 -1.3 -1.3 -1.3
286.3 285 283.7 282.2 279.7 276.5 272.7 267 261.6 256.2 250.2 243.9 237.2 229.9 222.3 216 208.6 197.7 188.1 179.6 169.8 160.7 143.7 141.2 151.9 187 217.6 234.9 249.4 256.5 257.2 252.6 248.5 240.9 228 212 199.9 190 180.9 172 164.7 157.6 150.6 143.5 136 128.9 120.9 114.5 108.3 99.8 98.7 96.2 90.2 83.7 77.4 70.5 65 60.9 57.3 51.6 46.1 41.7 37.4 34.1 27.6 9.5 8.4 8.6 2.8 1.2 0.2 -1.3 -1.3 -1.3 -1.3 -1.3 -1.3 -1.3 -1.3 -1.3 -1.3 -1.3 -1.3 -1.3 -1.3
285.3 285.6 286.2 283.1 280.7 278.5 273.9 267.3 262.2 257.8 253.1 246.4 238.5 231 223.2 214.7 206.1 197.3 187.8 178.6 168.2 160.7 142.5 136 152.7 187.6 213.1 227 240.3 244.8 244 238.2 232.8 226.6 217.7 201.3 186.6 175.5 165.4 157 148.8 141.9 135.4 129.2 122.9 115.2 108.6 103.9 99.2 91.1 86.6 82.9 75.9 69.7 63.8 60 56.3 51.5 46.8 43.2 38.4 33.9 30.6 25.2 12.6 8.5 8.3 5.7 1.5 0.6 -0.3 -1.3 -1.3 -1.3 -1.3 -1.3 -1.3 -1.3 -1.3 -1.3 -1.3 -1.3 -1.3 -1.3 -1.3
284.3 284.6 284.9 282.7 279.4 277 271.8 265.3 260.8 256.8 252.6 247.8 240 232.7 224.8 215.9 208.3 199.6 190.4 181.5 169.1 159.4 130.4 144.3 158.5 181.8 203.2 218 224.9 229 228 221.3 214.9 206.8 197.2 185.1 173.6 162.4 151.7 142.2 133.9 127.1 120.8 114.7 108.4 102.4 95.7 90.6 86.8 81.3 73.5 69.3 60.4 55.9 53.1 49.8 44.9 40.2 36.2 31.8 30.8 26.8 21.4 20.5 9.5 8.7 7.7 2.3 1 0 -1.3 -1.3 -1.3 -1.3 -1.3 -1.3 -1.3 -1.3 -1.3 -1.3 -1.3 -1.3 -1.3 -1.3 -1.3
283.2 283.6 283.2 280.8 277.9 275 269.7 263.6 259.6 255.6 251.7 247.4 241.4 234.2 226.9 219.8 212.8 204.9 195.1 184.7 171.1 157.9 133 139.9 159.9 171.4 189.7 205 211.6 213.9 212.2 205.1 199.1 190.8 181 171.1 159.7 148.2 137.4 127.9 119.1 112.5 106 101.9 97.2 92.4 86.2 84.1 77.3 71.6 62.6 56 51.1 46.2 42.2 38.2 34.6 30.9 29 25.6 23.1 20 20.5 9.9 8.4 5.6 3.7 1.5 0.6 -0.4 -1.3 -1.3 -1.3 -1.3 -1.3 -1.3 -1.3 -1.3 -1.3 -1.3 -1.3 -1.3 -1.3 -1.3 -1.3
282.1 282.7 281.2 278.8 275.6 271.7 267.4 262.2 257.7 254.2 250.7 246.2 241.1 234.9 229.2 222.4 215.5 207.6 198.7 189.2 177.3 164.2 129.3 130.8 135.7 158.5 172.7 185.6 194.7 197.7 193.5 188.6 184.5 176.5 167.3 157.2 145.3 134.1 123 114.3 106.4 97.3 89.8 87.2 84.9 79.7 71.4 66.1 62.9 59.8 54.8 50.1 46.6 42.4 38 33.7 30 26.5 23 21.4 16.5 16.3 15 8.7 10 9 1.9 1 0.1 -1.3 -1.3 -1.3 -1.3 -1.3 -1.3 -1.3 -1.3 -1.3 -1.3 -1.3 -1.3 -1.3 -1.3 -1.3 -1.3
282.9 283.4 280.9 278 274.6 271.4 267.2 261.7 255.9 251.7 248.4 244.2 239 234.5 229.8 224.9 218.1 210 201.4 191.2 180.7 168.6 138 120 118.3 142.1 154 166.7 175.1 180.8 181.9 177.2 169.6 162.4 154.6 142.4 128.9 118.9 108.7 101.9 96 90.9 84.9 80.2 74.8 71.1 61.9 58.8 53.1 51.1 49.4 48.2 45.6 42 37.8 33.3 27.8 23.7 21.9 20.7 18.5 10.7 7.7 8.4 6.7 3.3 1 -0.3 -0.8 -1.3 -1.3 -1.3 -1.3 -1.3 -1.3 -1.3 -1.3 -1.3 -1.3 -1.3 -1.3 -1.3 -1.3 -1.3 -1.3
284.4 284.5 282.2 278 273.3 269.8 266.1 260.9 253.3 248 244.8 241.6 237 232.4 228.5 224.1 218.7 212.1 202.6 192.3 181.6 170.6 161.3 127.6 111.5 110 137.6 150.6 158.8 162.8 164.1 163.8 158.5 151.5 143.1 136.2 125.6 119 109.7 100.9 93.6 88.2 82.1 76 70.9 67.8 62.5 56.5 52 48.8 47.2 45.9 43.5 39.1 34.7 30 25 23 22.6 24.1 22.5 12.7 7.8 4.7 3.4 1.4 0.2 -1.3 -1.3 -1.3 -1.3 -1.3 -1.3 -1.3 -1.3 -1.3 -1.3 -1.3 -1.3 -1.3 -1.3 -1.3 -1.3 -1.3 -1.3
284.3 285 282.5 275.4 269.2 264.8 260.1 254 246.8 243.5 240 236.4 232.3 228.9 225.3 220.4 215.4 208.9 201.6 193.3 182 171.5 163.7 145.1 130.9 106.5 118.8 138.2 147.2 147.9 147.9 147.1 143.3 138.6 132.4 127.1 119.2 112 105.1 99.1 91.9 85.8 79.1 74.2 68.1 63.7 60.5 55.3 50.6 46 44.6 44.1 40.2 35.9 31.5 29.1 25.8 22.6 21 23.3 17.5 9.1 6.7 5.2 2.4 0.8 -0.5 -1.3 -1.3 -1.3 -1.3 -1.3 -1.3 -1.3 -1.3 -1.3 -1.3 -1.3 -1.3 -1.3 -1.3 -1.3 -1.3 -1.3 -1.3
282.4 281.5 278.5 271.7 265.7 258.5 251.9 246 241.1 237.1 234.4 231.2 227.5 223 219.2 215.3 210.5 203.9 196.5 188.8 181.5 172.3 163.3 155.7 142.8 106.8 106.1 114.8 136.7 138.9 136.1 133.6 130.5 126.9 122.1 116.4 110 102.8 96.8 92.5 87.5 82.5 77.2 71.4 65.6 61.6 57.8 51.2 45.8 43 42.2 41.1 36.9 32.6 30.1 28.5 26.5 23.5 19.6 17.9 13.8 8.5 7.1 4.8 1.4 0.2 -1.3 -1.3 -1.3 -1.3 -1.3 -1.3 -1.3 -1.3 -1.3 -1.3 -1.3 -1.3 -1.3 -1.3 -1.3 -1.3 -1.3 -1.3 -1.3
279 278.1 273.5 266.1 260.5 251.5 244 238.2 233.1 228.5 225 223.1 219.8 216.4 212.3 208.1 204.6 197.7 192.2 185.2 177.9 171.1 162.5 156.1 150.3 119 95.2 96.7 116.2 121.8 125.5 122.3 118.3 115.2 111.5 107.3 101.3 95.8 90.5 85.9 81.6 77.1 72.5 66.2 61.7 57.6 52.8 45.9 42.6 40.4 39.3 37.5 33.3 30 29.1 27.4 25.3 22.7 18.3 17 9.3 8.3 7.6 2.1 0.8 -0.3 -1.3 -1.3 -1.3 -1.3 -1.3 -1.3 -1.3 -1.3 -1.3 -1.3 -1.3 -1.3 -1.3 -1.3 -1.3 -1.3 -1.3 -1.3 -1.3
272.8 272.7 269.6 262.8 254.2 245 235.5 228.8 223.1 218.3 213.7 210 207.9 205.2 203.9 201 196.7 190.1 186.4 180.8 174.4 168.3 161.9 156.1 150.5 141.5 117.8 98.8 89.6 97.4 117.6 116.4 111.7 106.4 102.5 98.2 93.4 88.9 83.9 79.4 75.1 70.8 66.5 61.2 56.5 53.6 47.9 42.1 39.2 37.9 37.1 33.6 31.4 29.7 28.1 26.1 24 22.3 17.2 16.3 8.4 7.9 5 1.2 -1.3 -1.3 -1.3 -1.3 -1.3 -1.3 -1.3 -1.3 -1.3 -1.3 -1.3 -1.3 -1.3 -1.3 -1.3 -1.3 -1.3 -1.3 -1.3 -1.3 -1.3
266.6 265.6 261.1 256.6 248.7 240 230.2 221.4 214.8 207.8 203.2 198.7 195.5 192.9 191.5 190 188.2 182.5 179.4 175.9 170.2 165.4 159.6 154.6 148.5 141.7 134.7 125.6 100.3 82.8 87.4 95.4 105 98.2 95.5 91.2 86 81.5 77.3 73 68.6 64.2 60.4 55.6 53.9 49.2 44.4 40.4 37.3 36 32.8 31.3 30.6 29.8 27.9 24.9 22.1 18.4 16 14.3 7.6 8 2.7 0.5 -1.3 -1.3 -1.3 -1.3 -1.3 -1.3 -1.3 -1.3 -1.3 -1.3 -1.3 -1.3 -1.3 -1.3 -1.3 -1.3 -1.3 -1.3 -1.3 -1.3 -1.3
