webserver/python/data/NC91.asc
ncols 200
nrows 200
xllcorner 290000
yllcorner 910000
cellsize 50
[rows 105 to 139 of 200, columns 0 to 77 of 200]
390 384.4 384.4 389.9 392.3 388.9 381.7 368 341.8 312.2 290.1 276.8 266.3 259.9 251.6 245.9 243.1 246.5 260.8 283.2 300.8 316.6 333.1 345.8 349.4 350.9 350.7 351.2 350.6 350.6 350.7 353.3 356.1 360.1 368.5 379.5 387.7 395.3 402.3 409.4 415.3 420.5 423.5 426.7 428.6 429.2 429.5 429 426.1 420.2 415.3 412.7 409.5 406.6 400.9 394.8 388.1 377.1 365.5 338.6 294.7 266 256.1 251 249.3 239 228.2 219.2 212 207.2 205.3 203.9 205 206.6 208.2 211.1 214.3 217.8
400.7 394.5 396 402.1 407.3 405.5 398.4 387.5 364 331.3 301 281.7 267.6 256.8 247.7 241.8 240.4 244.2 257.2 281.6 301.1 320.1 340.4 357.8 362.7 364 364.7 364.4 363.2 362.7 362.2 363.5 366.8 370.2 373.8 380.1 389.6 396.9 402.1 408.9 414.5 418.9 422.4 425.5 427.4 426.7 425.2 420 415.6 408.9 403.8 401.1 396.3 390.6 384.5 378.6 368.2 357.4 342.8 324.6 293.2 270.6 259.8 249.7 240.9 233.3 222 213.2 206 203.2 202.1 200.7 200.6 202.2 205.5 208.6 211.8 215.4
411.4 403.2 406.7 414.8 421 425.5 419.3 402.8 381.1 349 316.7 291 271.4 255.7 243.3 240.1 239 240.8 253.3 277.4 301 323.2 345.7 369.9 376.7 378 378.6 377.3 375.8 375.3 374.7 375.1 376.1 379.6 383.3 387.5 392.6 398.8 404 409.1 414.6 418.6 422.5 425.5 427.7 427.9 426.6 423.5 419 413.4 408.4 401.2 392.2 377.1 369.2 358.4 340 329.3 320.3 306.2 292.8 276.4 257.9 249.4 242.6 223.8 215.8 210 201.8 198.7 197.5 197 196.6 199.4 202.8 206 209.4 213
422.9 412.3 417.2 427.4 436.7 445 441.4 422.8 397.4 365.4 331.1 300.2 278.6 255.4 242.6 239 237.8 238.3 250.9 273.9 299.5 324.5 351.2 377.5 386.5 389.7 390.6 390.2 388.7 387.9 386.8 385.7 385.9 387.1 390.5 394.7 397.7 400.9 406.2 411.4 416.2 419.8 423.4 426.3 428.7 430.6 431.1 429.7 425.7 421.4 418.1 413.2 406.5 397.4 387.7 378.8 370.5 360.7 351.4 339.4 325.8 303.1 271.3 247.2 238.5 222.9 212.2 203.6 197.4 194.2 193.3 193.1 193.3 196.2 199.7 203 206.4 209.8
439 422.2 429.3 441.8 454 468.1 463.5 438.9 411.6 380.8 345.4 311.7 287.7 261.7 243.2 236.8 236.2 237 245.5 269.2 296.7 322.8 353.5 379.3 392.7 398.6 400.6 402 401.2 399.1 397.7 396.5 395.3 395.6 398.1 401.5 403.5 406.1 409.3 413.9 418.7 422.2 425.6 428.5 430.9 432.9 434.3 435.5 433.1 430.5 427.4 423.1 418.6 412.7 406.3 400.2 394 386.6 377 366.5 353 324.4 285.6 249.2 235.6 222 210.4 201 195.1 191 188.8 189.1 190 192.6 195.9 198.1 202.5 206.2
456.2 436.9 441.2 456.3 472.4 487.7 485.9 454.4 424.7 394.7 360.3 324.9 295.6 268.8 247.1 236.4 234.9 235.5 243.7 264.5 293.1 320.1 351.8 376.2 394.2 405.6 408.9 410.8 411.4 409.2 407.6 406.1 404.4 405.9 407.2 408.4 409.5 411.6 414 417.4 421.1 424.5 427.8 430.6 433.1 435.2 436.6 438 439 437.2 435.1 431.8 428.2 424.6 421.4 418.6 414.7 409.2 399.7 388.2 367.3 333.1 297.4 256.5 237.8 224.4 212 201.7 193.4 187.6 184.7 184.9 186.8 189.1 190.7 193.7 198 202.4
471.2 452.4 453.1 469.9 486.6 500.2 500.1 469.9 437.1 405.9 375.1 337.4 308.2 277.6 254.5 236.8 233.5 234.2 240 258.6 288.5 317.7 348.9 374.7 393.6 406.3 412.8 418.3 419.7 419.3 417.7 415.8 412.8 413.4 414.8 415 415.4 416.6 417.7 420.4 423.4 426.7 429.9 432.6 435.4 437.5 438.9 440.3 441.2 441.4 440.2 438.2 435.5 433.5 431.6 430.2 427.9 423.3 416.3 403.5 376.8 341.3 300.9 266.5 242.1 225.6 212.5 201.4 191.2 185.1 181.2 179.9 183.9 183.9 185.3 189.5 193.9 198.4
485 468.4 461.3 479.5 495.8 506.8 507.7 481.3 447.1 413 380.6 349.4 316.3 288.6 261.9 240.4 232.2 232.7 235.3 254.3 284.3 315.6 347.5 373.1 392.6 405.8 415.8 423.7 428.4 429.4 427.3 424.7 421.3 421 420.9 420.4 419.9 420.1 421.1 423.2 426.1 428.9 432 434.7 437.4 439.8 441.2 442.5 442.8 443 443.2 442.2 440.2 438.9 437.6 437.5 437.4 435 428.9 416.8 384.5 348.9 310.2 271.9 243.8 224.8 210.9 200 190.4 182.2 178.2 177.4 178.9 177.9 179.7 185.7 190.9 194.8
497 485.3 476.2 484.6 498.2 508.4 509.2 488.6 454.5 418.6 385 355.7 320.2 296.3 267.3 245.9 231.1 231.3 233.5 250.8 280.3 312.7 344.2 370 389.1 405.3 418.3 431.3 440.7 440.4 437.8 433.1 429.2 426.9 425.2 424.6 424.1 424.1 424 424.6 426.9 430.3 434.1 436.8 439.5 441.8 442.9 443.5 444.2 443.9 443.2 442.4 442.4 441.5 441 442.1 441.7 440.9 435.4 422.7 388.5 352.6 317 276 245 222.4 208.4 197.3 187 180.3 176.3 174.7 173.5 173.3 174.9 181.1 185.4 189.9
506.4 500 494.6 491.8 499.6 507.4 508.6 494.5 458.1 422.4 387.6 358.2 324.3 299.2 275.5 249.1 231.2 229.7 231.1 245.9 275.6 306.3 338.6 364.5 385.1 402.3 422.5 445.4 462.4 456.3 450.1 442.5 436.4 433.7 431.1 429 428.4 426.4 425.1 424.3 425.4 428.9 432.6 436.5 439 440.5 441.9 442.6 442.2 442 441.8 441.5 441.4 441.3 441.6 442.6 442.8 441.6 435.4 423 392.4 355.5 317.4 276.3 243.8 218.8 205.1 196.2 186.3 179.3 173.9 171.1 169.7 170 171.5 175.4 179.6 183.9
511.2 510.2 507 504 503.7 507.1 507 499 462.8 425.1 388.4 357 331.5 302.7 280.1 251.2 235.5 228.4 228.6 240.7 268.7 298.9 330 355.5 378.8 399.3 424.8 458.1 476.3 472.6 462 452.5 445 440.3 437.7 435.2 432.4 429.3 426.8 423 421 424.8 429.3 433.8 437 438.7 439.5 439.7 439.6 438.6 437.6 437.3 437.1 436.8 437.6 438.6 438.7 437.3 431.5 420.4 393.4 354.3 314.7 270.9 240.2 215.2 200.6 191.4 185.9 179 172.4 168.8 167.7 167.4 168.7 171.6 174.2 177.1
516.7 518 516.5 513.8 509.9 508.6 505.8 499.5 463.4 425.7 389.8 356.1 333.3 308.7 279.2 253.6 237.4 228.8 228.3 237.5 263.8 291.5 318.6 345.9 369.6 395.5 423.1 456.8 476.6 477.6 470.8 461.4 453.2 447.4 443.6 439.9 436.1 432.3 427.4 421.9 414.1 418.4 423.4 427.2 430.3 432.4 434.8 434.8 434.1 433.3 433.1 432.9 432.6 432.5 433.5 433.1 431.5 430.8 425.1 414.3 389.1 348.5 308 263.2 233.4 211.1 193.4 185.7 184 176.7 168.1 165.4 165.1 165.3 167.3 170.1 171.9 171.8
523.1 525.7 524.9 522.1 517.1 512.3 509 497 461.8 421.9 387.2 356.6 331.2 306.7 279.4 256.9 241.8 232.1 226.3 233.3 256.4 283 308.8 334.9 359.2 388.1 417.4 449.9 473.3 479.3 475.2 467.1 459 453.7 449.4 444.6 439.4 434.1 427.7 421.9 410.4 407 414.7 419.6 423.2 426 426.9 426.7 426.8 427 427.2 427.6 428.3 428.4 428.4 427 425.4 423.5 418.1 408.4 379.6 339.9 294.4 255.1 227.6 206.2 187.8 177.6 177.8 172.1 165.2 163.3 163.3 165.5 167.5 169.8 172.9 169.3
529.3 532.5 531.1 525.7 521.7 517.8 512.6 496.9 462.9 422.5 388.8 359.5 331.8 305.5 280.8 261.1 244.9 231.4 225.3 230.7 248.7 273.8 299.1 324.1 350.1 378.4 408.7 441.7 467.8 477.5 475.9 469.7 462.6 457.7 454.2 448.5 442 436 429.4 421.9 413 395.2 405 411.6 415.6 418 418.9 419.1 419.3 419.4 419.6 421.2 423.1 423.5 422.6 420.9 419.1 416.5 410.2 401.6 367.8 327.2 283.8 246.7 221.6 202.6 183.8 175.8 172.2 170.1 164 161.8 161.1 165 166 174 172.4 167.2
532.4 534.4 532.2 527.3 524 520.2 515.8 500.5 469.1 434.5 400.5 366.8 336.4 308.2 281.7 259.4 245.6 232.6 223.7 228.7 243.5 265.7 289.6 313.3 339.3 367.5 397.4 430.3 456.9 471.6 472.7 468.9 463.6 459.5 456.8 452.4 445.8 438.4 431.2 424 414.5 400.4 391.9 401.7 407.7 410.3 411.3 411.7 411.8 411.7 412.7 414.7 416.7 417.4 416.5 414.7 412.2 409 404.3 392.3 352.9 313.3 273.1 240.8 217 197.9 182 173.6 167.6 167.3 162.3 159.5 159.4 159.5 166.4 169.2 166.7 164.9
532.8 532.8 529.8 526 522.7 519.4 517.1 509 481.2 451.1 417 381.5 348.8 316.3 286.6 260.2 246.2 233 222.6 225.9 239 258 280.8 303.8 328.3 355.1 383.8 415.5 443.7 461.6 465.7 464.3 459.7 457.8 455.4 453.6 449 443.1 433.2 424.6 415.8 400.3 379.5 390.8 398.4 402.1 403.4 404.1 404.2 404.2 406.2 408.3 410.2 411.5 410.3 407.9 404.9 401.8 396.4 383.6 345.1 306.5 267 235.1 211.9 192.9 177 168.1 162.2 159.9 158.6 157.2 156.1 157.2 160.2 164.2 162.6 163.3
531.1 529.2 526.2 522.6 518.8 516.2 515.1 512.2 497.7 469.2 437 400.1 360.6 325.5 292.9 266.4 247.3 235.3 221.5 222.2 234.4 252.1 272.1 294.6 317.1 341.6 368.8 399.2 428.4 449.2 457 456.9 453.9 453.6 452.9 450.6 447 442.6 430.5 421.5 404.1 390.2 381.3 373.4 386.8 391.6 395.3 396.1 396.8 397.5 399.4 401.3 403.5 405.5 404.1 401.2 398.1 393.9 388.3 370.6 332.3 297.4 260.9 227.3 202 184.4 172.4 165.2 157.4 156.4 157.5 156.3 154.1 155.7 157.2 159.2 161.9 175.7
528.1 524.6 519.5 514.3 507.8 506.6 509 510.7 504.3 484.3 452.1 414 369.5 331.6 298.5 268.9 248.7 235.7 228 218.9 228 246.8 264.6 285.1 306.4 329.8 355.1 382.7 411.8 435.8 446 445.9 443.9 445.3 445.3 444.5 440.1 432.7 416.5 397.4 384.8 376.8 372.1 364.3 372.2 380.7 386 388.5 389.5 390.7 392.4 394.4 397 399.2 398 394.5 390.9 386.4 377.6 355.4 317.7 283.9 251.7 221.6 200.7 186.1 174.7 166.3 159.1 155.2 155.2 152.7 154.2 156.6 158.8 160.7 170.2 183.1
522.6 516 509.9 496 488.3 493.3 501.3 505.4 504.4 493.8 462.7 429.5 384.2 336.3 302.2 272.8 250.9 237.6 227.5 218.3 220.7 240.6 256.6 275.6 297 318.5 341.5 369.4 397.7 424.8 435.1 434.4 424.2 426.2 427.7 425.8 416.4 403.7 389.5 372.4 367.1 363.7 359.6 356.4 356.9 370.8 376.8 380.4 382.3 383.8 385.4 387.9 390.7 392.6 391.1 387 383.3 375.6 366.7 340.9 302.9 271.6 239.9 215.4 199 186.5 174.8 167.6 161.4 155.1 153.6 151.7 153.4 158.6 161.7 164.5 174.2 185.7
515 507.3 493.2 476.6 468.3 479.4 488.3 496.5 499.5 495.7 471.9 440.4 399.7 342.7 306.7 279.2 256.2 238.4 226.8 219.6 216 233.8 250.3 267.3 286.7 308.6 332.6 357.7 385.6 408.8 420 407.1 394.9 394.6 396.6 392 385.9 373.1 360.5 353.4 352 350.2 346.5 345.7 348.9 360.9 367.9 371.6 375.2 376.6 378.1 381 383.8 385.1 382.9 379.6 374 365.2 354.2 323.4 287.9 255.7 228.3 208.4 196.3 186 174.9 166.3 160.7 155 151.3 151 154.9 158.7 161.9 167.3 177.6 189.9
505.4 492.4 476.5 461.6 455.2 467.9 479.1 486 490.2 491.8 480.1 451.7 412.9 356.8 313.9 285.5 260.8 238.9 227.7 220.9 214.9 228 245.2 260.6 278 298.2 322.2 346.3 370 386.3 389.7 379 368.8 364.4 360.1 355.8 351.9 343 337 334.9 335.4 335.4 334.1 335.1 342 350.1 358.8 363.2 367.1 369 371.1 373.3 375.4 376.7 374.5 371.7 364.7 356.7 341.9 308.7 270.4 242.9 221.1 203.5 194.4 184.8 173.3 161.1 156.3 153.6 149.7 150 152 157.3 163.2 170.6 182.4 195.2
503.1 477.8 457.1 447.3 442.3 455.3 466.1 474.4 480.3 484.3 479.1 462 425.3 375.9 321.3 289.6 265.1 242.6 227.9 220.3 213.3 221.4 234.8 251.4 269.5 288.2 308.9 331 353.7 368.8 369.9 352.4 337.9 323 319.8 318.7 318.8 319.4 318.5 318.7 320.2 321.8 322.9 327.4 333.5 339.6 347.6 354 357.1 360.2 362 364.8 366.8 367.9 366.7 362.8 356.7 347.8 330 300.8 259.1 231.1 215 198 190.3 182 170.2 158.6 152.2 149.5 148.8 149.9 153.7 158.4 164.2 171.7 186.3 199.7
500.8 472.4 447.7 433.1 430.7 440.7 451.4 462 468.4 474 472.1 462.1 432.2 386.8 327.4 294.5 269.9 245.1 228.6 220.2 212.2 216.3 229.7 244.8 259.2 275.7 295.5 312.8 326.6 337.4 335 318 303.3 296.7 295.2 298 299.9 302.3 303.9 306.1 308.3 311.6 315.2 319.2 323.8 329.6 337.5 343 345.4 349.3 353.1 355.4 358.5 359.9 358.9 355.1 348.3 337.8 318.9 288.3 250.7 222.5 204.5 191 187.2 179.5 169 159.5 152.2 147.4 148.3 149.2 153.4 157.8 164.1 173.4 188.6 203.6
496.8 467.3 442.6 426.1 418.7 425.3 435.9 446.3 455.7 462 461.8 456.7 431.7 390.6 340.4 299.8 273.4 248.7 230 218.7 211.9 211.4 222 237 251.5 264.6 279.3 294.8 302.3 303 297.8 289.5 284.3 281.2 278.4 281 286.2 290.1 293.9 296.7 300 304.3 308.6 312.4 316.1 321.3 325.7 332 334.8 338.8 342.5 346.6 350.5 351.8 351.1 347.4 339.7 328 304.4 273.6 244.6 218.5 201.6 187.1 183.1 177.5 168.2 158.6 153.9 149.9 146.3 150.9 153.1 156.5 163.3 175.4 188.7 204.5
492.2 462.9 439.9 424.2 403.1 411.7 419.2 429.8 440.8 447.8 450.9 450.1 438.1 401.5 356.3 309.2 277.6 251 229.6 218.8 213.1 209.7 218.3 228.7 241.4 251.7 262.1 272.9 276.4 273.8 272.5 269.7 268.8 267.8 267.7 267.7 273.7 279.4 284.4 288.4 292.9 297.2 302.8 306.9 310.5 313.4 316.3 320.7 324.1 328.5 333 338.2 342.3 343.7 343.2 339.6 331.1 316.7 287.6 263.6 242.1 216.6 200.1 184.6 181 174.1 164.5 157.4 154.5 149.4 150.3 150.7 150.4 154.7 165.2 177.1 191.5 207.8
486.3 463.8 442.1 422.7 400.5 396.6 402.7 413.1 425.7 433.3 439.1 440.6 439.5 413.9 361.4 318.5 283 255.3 231.2 221.8 213.3 208.3 213.8 220.7 231.5 239.8 246.5 249.5 250.1 252.5 254.3 255.8 256.9 257.5 258.3 260.3 265 271.1 277.3 282.4 286.7 291.5 296.6 301.6 304.5 306.8 309.5 312.2 314.1 318.1 324.9 330.3 334.3 335.8 335.4 329.5 321.4 306.5 280.1 261.7 239.4 214 198.1 185.2 180 173 161.5 157.4 154.5 150.1 140.8 149.2 147.4 154.2 165.2 179.2 193.9 208.6
478.9 461.3 442.2 419.9 395.3 382.4 385.8 397.4 410.2 419.8 426.2 428.8 428.5 419.7 374 318.8 283.3 259.8 235.4 223 213.2 207.4 209.3 214.3 222.9 230.1 234.7 235.2 237.4 239.7 242.9 246.5 249.1 250.1 251.2 254.7 258.9 264.4 270.6 276.9 281.2 286.1 290.9 295.7 297.8 300.1 302.9 305.6 307.3 310.1 317.6 324.1 328.2 328.4 326.7 319.6 310.9 298.6 277 263.9 237.8 215.9 197.7 184.2 179 169.1 160.6 157.3 154.3 151.3 145.7 144.4 145 152.2 164.5 179 193.5 207.9
469.8 454.5 440.3 417.6 390.2 369.8 370.3 380.6 393.7 405 412.3 415.5 417.1 414.4 382.7 319.1 284.8 264.2 242.8 222.6 213.7 207.7 204.6 209.9 215.6 221.2 225.2 226.6 229.3 232.9 237.4 241.6 244.1 245.8 247 248.7 253.2 258.3 264.9 271.3 275.5 280.3 284.5 288.6 291.1 293.4 296.2 299.3 302.4 305.1 310.3 317.1 320.3 320.7 316.9 309.8 300 289.5 275.2 257.9 239.1 219.6 195.4 185.6 177.6 167.2 160.9 158.3 151.9 149.9 142.3 132 143.1 150.4 161.8 175.5 190.5 204.4
457.4 442.7 428.2 412.3 391.5 365.4 355.5 362.2 375.5 388.8 397.1 401.4 403 400.3 373.2 317.4 284.9 265.6 247.8 224 215 209.2 203.2 204.1 208.9 214 217.9 220.7 223.5 228 232.9 237.1 240.3 242.1 243.2 244.5 248.3 253.4 258.9 264.6 269.6 274.4 278.5 281.7 284.4 287.8 291 294.3 297.6 300.7 305 308.7 311.8 309.5 305.3 298.1 287.3 276.1 269.4 255.3 238.2 221 200.4 184.4 176.1 164.8 158.6 155.8 148.3 149.9 139.5 126.6 139.6 148.4 158.8 171.5 185.6 199.9
442.9 427.9 413.6 406.1 392.6 362.4 347.7 346.5 357.3 371.5 380.2 384.3 385.3 376.3 351.9 314.5 283.7 265.5 250.4 227.7 216.3 211.3 205.7 201.6 203.7 209.2 212.3 215.1 218.6 223.3 228.4 232.5 235.6 237.2 239 240.9 244.3 248.7 253.9 259.5 264.1 268.4 272.4 276.2 279.9 284.2 287.1 290.2 293.4 296.6 300.1 303.6 303.7 299.4 291.1 284.2 275.7 266 256.5 247.8 235.6 222.8 200.2 183.2 175.4 165.5 155 150.5 145 144.1 135.5 124.8 134.2 145.1 156 167.5 181 193.9
429 417.9 406 398.7 387.2 363.1 344.1 335.1 339.8 353.9 362.3 366.3 366.6 357.3 332.1 302.4 279.7 263.9 250.7 232.3 219.1 213.4 207.8 200.4 200.6 204.1 206.9 210.3 214.5 218.5 223.4 227.6 230.6 232.5 234.6 237.2 240.3 244.2 249.3 254.4 258.9 263.1 267.3 271.3 275.8 280.3 283.4 286.3 289.5 292.8 295.3 297.8 295.7 291.5 284.4 275 265.6 256.2 244.1 235.6 226.5 218 204.3 186.9 174.3 167.8 155.6 151.1 147.5 140.7 133.2 124.6 133.6 143.3 152.5 163.6 176.5 189.1
420.9 410 398 390.9 381 364.4 345.4 334.9 322.3 334.7 345.1 349.8 345.5 333.9 315.8 293.2 275.7 262.5 250.3 238.2 223.1 214.6 207.9 199.3 199.3 198.9 202.1 206 210.4 214.4 217.8 221.8 225.6 228 230.1 233.6 237.2 240.9 244.6 249.6 254.5 258.8 263.3 267.4 271.7 276.2 279.8 282.5 285.5 288.6 289.3 290.6 287.9 283.5 276.2 265.7 255.1 245.8 235.9 223 219.3 212.1 201.6 188.9 175.8 167.2 157.3 151.8 147.5 141.7 132.3 122.9 129.3 137.3 145.9 155.9 170.5 183.9
412.6 401.9 391.8 382.9 374.3 362.4 344.5 333.3 328.7 315.8 326.7 330.1 325.3 314.1 299.2 283.6 269.5 257.9 247.6 237.9 223.9 213.8 207.5 200.4 197.6 196.3 196.5 199.5 203.9 208.1 212 216.3 219.8 222.8 225.9 230.2 233.8 237.8 242.2 247.6 252.1 255.9 260.2 264.1 268.1 272.1 276.3 279 281.7 283.6 283.9 282.3 278.5 273 265.2 256.2 245.2 236.4 230.5 219.1 212.5 206.5 197.2 187.8 177.5 171.2 161.3 152.7 147.5 141.6 131 122.4 125.3 130.8 138.2 149.7 164.7 179.2
405.5 395.8 385.4 374.7 363.6 353 340.4 332.1 328.6 302.4 305.3 308.6 302.7 293.1 282 269.8 259.7 252 242.2 230.3 211.8 207.2 203.7 199.6 197.9 196.1 195 194.9 197.2 201.4 206.9 210.5 213.5 214.4 221.8 226 231.1 235.1 240.1 245.8 250 253.8 256.2 260.1 264.2 268.3 272.4 275.7 278.6 279.9 278 274.4 268.8 262.4 255.5 246 235.7 228.7 220.7 211.8 203.8 197.9 192.4 184.3 178.1 171.7 163 155.1 149.1 144 133.3 124.8 119.6 122.9 131.7 144.7 158.5 172.6
402.2 391.5 383.1 373.1 365.5 355.6 341.7 333.5 328.6 306.8 285.8 283.6 280.4 272.9 263 252.4 246.1 242.2 239.3 228.7 227 219.4 210.4 202.7 198.9 195.5 193.7 193.3 192.6 193.2 200.9 203.6 205.2 211.6 216.8 221.2 226.7 232.2 237.9 243.2 246.9 250 251.9 254 258 262.1 266.9 272.2 275.5 276 273.8 267.4 259.7 252.8 245.9 235.9 225.9 214.9 209.7 203.4 195.9 190.1 185.5 179.3 175.4 168.9 161.9 153.5 149.5 144.8 135.2 125.7 119 118.6 127.7 138.9 151.8 164.4
