webserver/python/data/NC95.asc
ncols 200
nrows 200
xllcorner 290000
yllcorner 950000
cellsize 50
[rows 0 to 34 of 200, columns 0 to 77 of 200]
8.9 7.7 8.3 8.4 8.3 8.3 9.7 11.8 19 31 34.1 40.4 43.2 45.2 48.3 54.6 63.3 72.5 77.7 90.7 104.7 111.9 124.5 128.5 129.6 135.5 139 138 137 137 138.4 139.1 141.3 146 154.8 162.9 167.3 168.2 166.7 162.7 159.5 160.6 157.7 151.2 146.7 141.5 137.8 136.1 134.3 135.1 136.6 138.3 140.2 141.4 140.6 141.2 141.4 140.4 141.9 143.9 146.1 148.5 152.2 158.5 161.2 163.8 166.2 168 169.3 169.4 170.2 171 173.1 175.7 177.7 179 179.7 180.3
11.7 8.4 8.2 8.1 8 8.1 8.5 10.1 15.3 20.6 30.7 36.2 40.1 40.7 41.9 48.4 56.5 66.9 74.3 83.9 106.9 114.6 119 126.5 132.7 139.3 140.9 139.3 136.9 136.9 138.3 139.1 141.9 148.7 155.9 166.3 170.8 170.5 169 166.6 162 161 157.3 152.5 147.3 141.3 137.4 136 134.5 134.2 134.5 136.5 138.5 140.5 139.8 139.7 140.3 139.2 140 142.1 144.4 147.5 151.1 158.4 161.6 164.7 167.1 168.9 170.5 170.1 171 170.7 171.9 174.5 176.4 177.4 178.7 180.1
15.6 8.9 8 8 8 8 8.3 11.2 18.7 29 29.8 32 33.7 38.6 39.2 43.8 49.7 60.7 71.3 80.5 105.5 118.5 124 129 135.5 143.3 146.4 139.5 136.9 136.9 137.7 138.6 143 149.8 156.7 164 170 172.6 170.7 167.9 163.3 160 155.1 150.6 146 140.1 137.1 135.8 136.4 134.2 135.5 137.5 138.4 139.4 139.2 138.6 138.6 138.5 138.6 140.3 143.4 146.7 150.9 157.8 161.7 165.1 168 169.7 171 170.7 170.6 170.3 170.9 173.3 175.1 176.1 177.1 178.3
16.7 9.2 8.2 8 8 8 8.2 12.8 20.6 30.9 34.8 38.9 40.2 40.4 41.4 44.4 50.6 55.9 72.2 84.1 117.5 124.3 127.2 132 138.6 148.9 151.5 141.3 137.2 136.9 136.9 138.9 143.9 150.2 156.9 163.9 168.3 170.2 171 166 161.4 156.9 153.4 149.4 144.6 140.4 137.7 135.7 134.8 134.2 135.7 136.8 137.9 138.3 137.2 136.4 136.6 136.6 137.1 138.8 141.3 146.1 151.1 157.4 161.7 165.5 168.6 171 171 169.4 169.8 169.9 170.1 172.2 173.8 174.8 175.7 176.3
19.4 8.7 8.3 8 8 8 8 14.6 21.5 29.4 34.4 39.4 39.8 41.4 42.8 45.7 52.9 60.9 64 87.5 115.7 123.8 129.1 135.2 141.7 149.3 152.2 142.3 138 136.9 136.9 139.5 145.1 150.6 156.8 159.4 163.3 165.2 165.4 162.4 158.4 156 152.8 149 143.9 140.8 137 134.7 134.2 133.5 134.4 135.5 136.6 136.4 134.7 134.1 134.3 134.3 134.9 137.4 140.7 144.5 150.6 157 161.3 164.8 168.1 170.9 171 169.2 169.2 169.1 169.3 171 172.5 173.3 174.1 174.7
19.7 9.2 8.7 8.5 8.1 8.4 8.6 16.5 21.2 29.4 34.7 40 40.9 42 43.5 47.8 56 66 75.8 77 104.9 117.9 127.5 134.8 139.9 145.8 149.3 141.7 138.2 136.9 136.9 141 146.2 150.7 156.1 158.6 160.1 160.3 160.7 159.2 157.1 154.8 152 148.5 144.5 139.5 136.4 134.1 133.7 132.4 133.1 134.2 135.3 134.4 132.6 131.7 131.8 132 133.2 135.8 139 144 150.5 155.6 160.7 163.9 167.2 170.5 170.3 169 169 169 169 170.2 171.2 172 172.8 173.5
21 15.7 9 9 8.8 9.1 9.3 15.3 19.1 30 35.7 41.3 42.7 43.6 44.6 49.4 58.5 69.7 83.5 85.9 87 112.3 124.3 132.8 137.3 140.3 141.7 140 137.8 136.9 137.5 143.3 149 152.5 155.7 158.7 159.1 159 158.7 157.2 155.7 153.6 150.8 148 142.7 138.8 135.8 133.6 132.7 131.3 131.9 132.9 134 132.5 130.7 129.8 129.9 129.5 131.8 134.9 138.7 143.3 150 153.7 160.5 163.8 167.1 170.2 169.8 169.3 169.2 169 169 169.4 170.2 171.2 172.2 172.8
21.2 18.6 9.2 8.1 8.2 9.3 23.1 25.6 26.4 34.2 38.4 42.8 43.9 44.9 47.6 51.6 63 75.4 88.4 98.6 96.7 98.9 119.6 128.6 134.4 137 139.7 139.3 138.4 137.9 140.2 146 150.1 152.7 157.4 159.6 158.7 157 156.1 155.1 153.7 152.2 149.8 145.8 141.3 138.2 135.1 133 131.6 130.2 130.6 131.7 132.5 131.3 130 129.2 129 129 131.2 134.2 138.1 141.9 148.9 153.5 159.4 163 166.8 169.3 169.9 169.8 169.6 169.5 169.4 169.2 169.6 170.6 171.6 172.1
20.8 10.9 8.9 8.5 9.1 22.4 24.1 25.5 30.7 37.7 41.5 44.1 45.4 47.3 51.4 54.7 64.3 82.2 92.7 106.1 107.9 106.1 114.8 124.4 132.4 134.6 135.5 137.1 137.9 138.7 141.5 148.4 151.8 155.9 160 160 157.5 155.2 153.7 152.5 151.4 150.6 147.5 142.5 139.3 136.9 134.4 132.1 130.4 129.1 129.4 130.5 130.9 130.8 129.4 129.3 129.1 129 130.9 134 137.4 141.5 148 152.3 157 161.8 164.1 167.1 167.9 168.2 168.5 168.8 169.1 169.5 169.9 170.1 171 171.4
9 8.3 8.8 9 10 24.1 20.3 25.3 31.8 38.3 43.8 45.3 47.8 49.8 52.6 55.5 64.7 86.8 98.6 112.3 112 109.3 113.5 119.6 128.6 130.7 131.5 134.1 136.8 139 142.2 150 154.6 158.9 159.9 158.7 155.9 153.3 152 150.3 148.8 145.7 143 139.3 136.9 134.6 132.3 130.7 129 128 128.5 128.7 129.1 129.4 129.1 129.1 129 129 131.1 134.4 137.8 140.7 149 153.1 156.6 161.4 163.1 164.7 165.7 166.2 166.5 166.8 167.4 168.5 168.8 169.9 170.6 170.8
9.1 8.7 9.2 9.9 10.2 19.2 19.9 28.6 34.4 40.8 44.8 47.7 50.2 52.3 52 55.3 70.4 94 104 109.8 110.1 109.4 111.7 116.7 119.8 126.1 129.9 132.5 135.9 139.2 143.3 150.7 154.4 158.2 159.1 156.7 153.2 151.1 149.7 147.4 144.5 141.1 138.8 137.3 135 132.7 131 129.3 127.6 126.6 126.8 126.9 127.3 127.6 128.7 129 129 129 129.7 134 139 142.7 149.8 153.6 158 160.5 161.8 162.9 163.6 164.2 164.5 165.4 166.6 167.4 167.8 168.2 169.3 169.3
9.3 9.3 10.6 11 13.7 19.9 24.2 32.2 38.2 44.8 48 50.4 52.4 54.2 53.2 57.8 75.5 96.1 106.8 111.8 113 109.9 109.7 113.1 117.9 123.7 130.2 132.1 134.8 138.2 143.5 150.6 153.6 156.1 155.4 153 150.2 148.3 146.3 143.1 140.1 137.8 135.9 135 133.1 130.9 129.6 127.9 126.2 125.1 125.1 125.2 125.5 125.5 127.3 128.9 129 129.1 129.3 132.2 136.7 141.2 149.5 152.5 156.1 159.2 160.6 161.1 161.6 162.1 163.3 164.6 165.6 166.4 166.8 167.2 167.5 168.2
9.6 10.8 12.8 21.6 26.5 24.6 31.2 37.7 45.1 53.1 56.5 57.3 55.8 57 57.7 61.6 79.9 100.9 109.6 117.4 118.7 113.4 109.4 111.9 116.2 121.6 128.2 130.1 132.4 137.2 141.8 149.1 151.5 152.7 151.7 149.7 147.3 145 142.8 139 136.3 134.5 133.3 132.4 131.2 129.7 128.2 126.5 124.8 123.4 123.4 123.5 122.7 124.1 125.9 127.5 129 129.3 130.3 133.3 137.1 139.9 146.7 151.1 154.3 158.5 159.9 160.8 160.8 162.5 162.5 163.8 164.6 165.4 165.8 166.1 166.5 166.8
10.6 14 23.8 30.1 32.3 32.1 35.8 41.6 53.1 60.7 62.9 64.1 61.9 61 62.1 66.8 88.6 107.9 117.4 121 121 118.8 115.1 116.9 118.3 120.9 125.5 128.2 130.9 135.5 140.3 144.1 147.7 150.6 150.4 147.5 144.5 142.1 139.4 135.2 132.6 131 130.4 129.9 129.4 128.5 126.9 125.2 123.6 122.5 121.6 121.2 120.9 122.7 124.5 126.4 128.8 130.9 132.4 135.5 139.1 142.8 149.5 151.5 155.5 158.9 159.2 159.9 159.4 162.3 161.7 162.7 163.5 164.3 164.8 165.1 165.5 165.7
16.8 16.7 29.3 31 33.4 37.6 42.9 47.7 57.3 66.2 68.7 70.6 66.7 66.3 66.4 67.4 90.7 109.7 118.8 119.4 121 120.5 119.8 119.5 119.1 120.8 122.9 125.8 129.2 133.7 136.9 140.3 143.8 146.3 145.8 143.9 140.8 138.4 135.4 131 129.7 128.9 128.4 127.9 127.4 126.6 125.5 123.9 122.8 121.8 120.8 120.3 119.9 122 124.5 127.2 129.6 131.8 134.6 137.6 140.7 145.2 150.5 154.6 157.6 159.2 159.5 159.4 160.6 161.3 161.6 161.7 162.5 163.3 163.8 164.1 164.4 164.6
26.4 23.6 19.6 30.1 33.1 39.6 53 64.3 75.2 74.7 71.4 72.5 72.5 71.5 71.8 69.2 85.8 107.5 119.2 123.1 126 123.1 119.5 119 119.1 121.4 121.9 124.5 127.7 131.6 133.9 137.1 141 142.2 141.2 139.4 137.1 133.3 131.2 128.5 127.3 126.8 126.3 125.9 125.6 124.8 124 123.3 122.3 121.3 120.3 119.3 120.4 122.2 124.8 127.5 130.2 132.9 136 139.2 142.5 146.2 151.8 156.6 159.3 159.8 160.1 160.2 161.5 161.8 162.3 162.9 162.9 162.7 162.7 163.1 163.8 164.6
31 27.7 26.6 29.2 34.7 47.2 65.9 73.9 79.8 79.1 76.6 78.8 78.3 78 80.9 76.8 80.7 115.6 122.9 127.1 128.5 123.8 118.9 118.8 118.7 120.9 121.6 123.2 126.2 128.7 130.9 133.6 137.8 139.1 137.4 135.7 133 130.7 128.1 126.2 125.4 124.7 124.4 124.4 123.9 123.1 122.9 122.7 121.8 120.9 119.8 119.4 121.1 122.7 125.4 128.2 130.9 133.6 137.3 141 144.2 147.2 151.1 158 160.7 161.4 162.2 161.5 162 162.6 163.2 163.3 163.1 163 162.7 162 162.1 163.1
39.8 29.6 31.1 34.3 40.5 52.9 72.8 80.2 79 79.4 81.2 84.8 86.3 83.9 90 87.1 79.4 110.4 121.7 123 125 121.9 118.5 118.1 118.2 119.6 120.4 121.2 123.1 125.2 127.4 130.3 132.9 135.6 134 132.5 130.7 128.4 126 124.1 123.5 123.1 122.9 122.9 122.1 121.9 121.7 121.6 121.2 120.4 120 120.7 122.1 124 126.2 128.8 131.5 134.7 138.5 142.3 146 148.9 153.1 159 161.6 163.1 163.6 163.4 163.1 163.5 164 163.7 163.4 163.3 163 162.4 161.5 161.8
31.3 31.8 36.9 41.5 49.7 57.7 71.9 79 80.1 88.4 90.3 95.6 92.6 88.7 91.7 91.3 85 100.1 114.2 118.8 120.9 119.7 118.2 117.4 117.8 118.2 118.6 118.9 120.7 122.6 124.9 128.1 130.8 132.1 131.2 129.9 128.1 126.1 123.8 122.6 122 121.9 121.5 121.1 120.9 120.7 120.7 120.7 120.6 120.6 120.6 121 122.8 124.1 126.7 129.4 132.1 135.9 139.7 143.4 147.1 150.5 155.7 160.7 163 165 165.3 165.3 165.1 165 164.5 164 163.8 163.5 163.3 162.8 161.5 160.1
28.8 38.4 46.8 53.2 63.4 71.1 82.5 85.9 89.2 101.8 102.1 106.3 100.9 94.8 94.8 99.2 97.4 90.3 108.8 115.1 120.6 119.8 118.2 117.4 117.4 117.4 117.4 117.4 118.5 120.6 123.2 125.8 128.4 129.8 128.5 127.1 125.3 123.3 121.9 121.1 120.7 120.8 120.9 120.4 120.5 120.7 120.9 120.7 120.6 120.6 120.6 121.2 122.4 124.1 127 129.9 133.2 136.9 140.6 144.2 148.2 152.3 158 162.9 164.9 167.1 167.4 167.3 166.6 166 165.4 165 164.5 163.5 163.2 162.9 161.5 159.4
41.2 46.5 54.1 63.3 73.6 85.5 96.3 93 97.7 104.6 107.8 112.9 108.5 99.7 103 105.2 104.7 95.4 99.7 108.8 113.7 119.2 118.1 117.4 117.4 117.4 117.4 117.4 118 119.6 121.2 123.2 125 126.1 125.2 123.8 122.3 121.4 120.6 120.6 120.6 120.6 120.6 120.6 120.6 120.8 121 120.6 120.6 120.6 120.6 120.7 121.8 124.5 127.4 130.5 134.3 137.7 141.4 145.2 149.4 155.2 160.5 165.2 167.2 169.1 169.5 168.4 167.7 166.9 166.4 165.2 163.6 162.7 162.5 162.2 161 159.4
49.8 55.5 69.6 69.7 75.5 95.1 100.2 99.7 106.9 107.3 110.4 112.6 111.8 107 106.3 116.9 116.6 105.4 100.5 105.8 113.6 120.4 118.6 117.4 117.4 117.4 117.4 117.4 117.5 119.1 120.2 122 122.8 122.5 122.1 121 120.6 120.6 120.6 120.6 120.6 120.6 120.6 120.6 120.6 120.6 120.7 120.6 120.6 120.6 120.6 120.5 121.9 125 128.1 131.2 135.4 138.8 142.2 146.3 150.5 158.1 163.2 167.5 169.7 170.7 170.8 169.8 168.7 167.4 165.5 164.1 162.6 161.9 161.5 161.2 160.8 159
57.5 61.4 66.4 73.3 79.5 99.2 106.1 111.6 111.1 110 109.4 110.6 111 108.9 110 121.7 121.5 108.3 105 109.1 115 121 119.5 117.4 117.4 117.4 117.4 117.4 117.4 118.5 119.6 121 121.6 120.8 120.8 120.5 120.6 120.6 120.6 120.6 120.6 120.6 120.6 120.6 120.6 120.6 120.6 120.6 120.6 120.6 120.6 120.6 122.3 125.7 128.8 131.8 136.4 140 143.6 147.5 152.2 159.1 165 170 170.8 171 170.5 169.6 168.9 166.3 164.5 162.5 161.4 161 160.5 160.3 159 159
62.6 67 69 80.5 87.1 96.5 112.2 116.2 115.7 114 110.4 109.6 110.4 109.9 113.9 120.8 120.6 111 109 111.7 117.9 121 119.4 117.4 117.4 117.4 117.4 117.4 117.4 118.2 119.1 120.2 120.5 119.9 119.7 120.6 120.6 120.6 120.6 120.6 120.6 120.6 120.6 120.6 120.6 120.6 120.6 120.6 120.6 120.6 120.6 120.6 122.1 125.8 129.4 132.5 137.2 141.2 145 148.8 153.9 161.4 168.3 171.5 171.3 171 170.6 170.1 168.5 165.1 163 161.6 160.9 160.6 159.9 159.1 158.9 160
68.2 78.4 76.1 92.8 92.3 98.2 112.7 117.5 118.8 119.7 118.5 113.8 112.5 112.3 116 122.9 117.1 111.9 111.3 116.4 120.6 121 119.3 117.4 117.4 117.4 117.4 117.4 117.4 118.2 119.8 121.6 121.9 120.2 120.1 120.6 120.6 120.6 120.6 120.6 120.6 120.6 120.6 120.6 120.6 120.6 120.6 120.6 120.6 120.6 120.6 120.6 121.8 125.4 129 132.9 137.5 141.9 145.5 149.2 156.7 164.3 169.9 173.1 174 173 172.1 170.5 168.4 165.1 161.7 160.1 160.9 160.2 159.4 158.6 158.4 160.7
72.5 80.3 81.6 108.5 99.8 99.2 107.8 112.8 118.3 120.9 120.3 115.3 115.3 114.6 116.1 120.5 117.4 114.5 115.2 119.3 121 121 118.7 117.4 117.4 117.4 117.4 117.4 117.4 118.4 120.4 122.1 124.1 122.1 120.6 120.6 120.6 120.6 120.6 120.6 120.6 120.6 120.6 120.6 120.6 120.6 120.6 120.6 120.6 120.6 120.6 120.5 120.6 124 128 132.8 138.2 141.9 145.5 150.4 157.2 164.8 170.7 174.9 175.8 174.6 172.6 170.5 168.7 164.8 161 159 158.8 159.4 159.1 158.3 158.5 160.8
73.8 79.3 101.6 110.9 101.8 100.4 102.2 107.9 115.4 120.9 116.6 116.2 117.7 118.2 115.5 117.2 115.7 114.6 117.5 120.1 121 121 118.8 117.4 117.4 117.4 117.4 117.4 117.4 119.4 121.3 122.9 124.5 122.2 120.6 120.6 120.6 120.6 120.6 120.6 120.6 120.6 120.6 120.6 120.6 120.6 120.6 120.6 120.6 120.6 120.6 120.6 120.5 123.3 127.2 132.7 138.1 140.9 144.2 149.5 157 164.9 171.2 174.9 175.2 174.5 172.2 170.3 168.6 163.9 159.7 158.8 158.6 158.4 158.2 158 158.8 161.5
76.6 87.4 105.3 110.4 108.2 104.6 105.4 108.4 112 116.5 116.4 117.3 119.3 120.6 115.9 114.6 114.6 115.2 117.8 120.3 121 120.9 118.4 117.4 117.4 117.4 117.4 117.4 117.7 120.4 122.2 123.5 124.9 121.8 120.6 120.6 120.6 120.6 120.6 120.6 120.6 120.6 120.6 120.6 120.6 120.6 120.6 120.6 120.6 120.6 120.6 120.6 120.6 121.2 127.5 133.1 138.3 140.6 143.9 148.7 154.7 164.2 170.6 173.9 174 172.6 171 169.3 167 162 159 158.7 158.5 158.3 158.1 158.1 158.8 162.2
81 95.9 104.6 109.2 109.6 109.9 108.9 109.1 111.2 114.5 116.8 120.4 123.8 123.6 116.7 114.6 114.6 114.6 117 120.8 121 121 119.2 117.4 117.4 117.4 117.4 117.4 118.5 121.1 122.4 123.8 125 121.5 120.6 120.6 120.6 120.6 120.6 120.6 120.6 120.6 120.6 120.6 120.6 120.6 120.6 120.6 120.6 120.6 120.6 120.6 120.6 121.1 128.5 133.5 138.7 142 144.7 147.4 152.9 161 170.7 171.6 171.8 170.6 169.2 167.7 165.1 161.6 158.9 158.6 158.3 158.1 158 158.1 158.6 162.5
89.4 94.9 103.1 105.8 110.7 110.7 110.7 110.4 111.4 115.3 119.1 120.9 123 122.1 117.9 115.2 114.7 115.1 117.3 120.3 120.7 120.5 119.8 117.4 117.4 117.4 117.4 118.2 119.5 121.4 122.7 124 124.5 121.2 120.6 120.6 120.6 120.6 120.6 120.6 120.6 120.6 120.6 120.6 120.6 120.6 120.6 120.6 120.6 120.6 120.6 120.6 120.6 121.7 129.4 132.7 137.5 141.7 143.9 145.3 150 158.6 167 171 169.9 169.1 167.1 165.5 163.1 160.7 158.7 157.4 157.8 158 158 157.6 158.4 162.6
90.3 94.2 99.3 103.9 111.4 114.7 116.6 115.2 111.6 114.8 117 118.4 120.6 119.7 117.2 116.4 116.4 116.5 118.9 118.5 118.9 118.3 118.2 117.4 117.4 117.4 117.8 118.8 120.8 121.6 123 124.3 124 121 120.6 120.6 120.6 120.6 120.6 120.6 120.6 120.6 120.6 120.6 120.6 120.6 120.6 120.6 120.6 120.6 120.6 120.6 120.6 120.9 125.3 129.9 134.7 139.7 141.1 143 145.3 153 161.9 165.8 166 165.2 164.5 163.3 161.2 159.2 157.4 156.1 155.3 154.2 154.5 156.1 158.5 163.3
91.7 95.3 97.5 104.3 111 115.4 118 117.5 111.3 112.7 113.7 116.5 118.3 118.6 117 117.3 117.4 117.6 117.6 117.5 117.4 117.4 117.4 117.4 117.4 117.4 118.1 120.1 121 121.8 123.2 124.5 123.6 120.8 120.6 120.6 120.6 120.6 120.6 120.6 120.6 120.6 120.6 120.6 120.6 120.6 120.6 120.6 120.6 120.6 120.6 120.6 120.6 122.9 129.2 130 129.5 131.1 134.1 138.4 141.1 147 153.7 158.8 161.7 162.1 161.8 161.1 159.8 157.7 156.1 154.4 153.8 153.1 153.8 156.1 159.1 163.8
92.8 95.2 98.6 102.5 107.2 109.8 111.6 111.2 109.9 109.9 111.6 113.9 114.8 115.3 114.6 114.7 115.1 117.4 117.4 117.4 117.4 117.4 117.4 117.4 117.4 117.4 118.5 121 121 121.9 123.3 124.7 123.3 120.6 120.6 120.6 120.6 120.6 120.6 120.6 120.5 120.6 120.6 120.6 120.6 120.6 120.6 120.6 120.6 120.8 120.6 120.6 120.6 123.1 130.7 131.2 131 130.3 130 132.3 138 141.1 147.4 152.5 156.4 157.7 158.9 158.3 157.5 156.2 154.5 152.8 151.8 152.2 153.3 155.9 158.6 163.3
89.7 93.6 97.1 100.4 102.9 104.6 107.4 109.1 109.7 109.3 110.1 112.3 112.2 112 111.9 112.6 114.7 117.4 117.4 117.4 117.4 117.4 117.4 117.4 117.4 117.4 118.2 119.2 121 122.1 123.5 124.9 122.9 120.6 120.6 120.7 120.7 120.6 120.6 121 120.6 120.2 120.6 120.6 120.6 120.6 120.6 120.6 120.6 120.4 120.6 120.6 120.6 125.2 130 131.5 131.8 132.3 131.8 134.6 138.8 139.1 140.9 146 151.5 154.7 155.2 154.7 154.5 154.4 152.8 151.5 150.4 151.6 153.1 155.9 158.9 163.8
84.4 90.5 94.5 97.9 99.7 99.4 103.1 106.4 107.6 108.7 110.9 110.8 110.4 109.7 110.3 112.8 116.3 117.4 117.4 117.4 117.4 117.4 117.4 117.4 117.4 117.4 117.4 117.9 119.8 122.5 123.9 125 122.6 120.6 120.6 120.6 121 121.4 122.2 122.3 121.6 121.1 120.7 120.6 120.6 120.6 120.6 120.9 121.1 120.7 120.6 120.6 121.8 128.5 129.2 131.3 133.1 134.8 136.7 138.8 140.2 139.4 139.6 145.8 150.1 152.7 153.3 153.3 153.1 152.9 151.2 150.9 149.3 150.2 153.3 156.4 159.3 162.9
