webserver/python/data/NC96.asc
ncols 200
nrows 200
xllcorner 290000
yllcorner 960000
cellsize 50
[rows 114 to 151 of 200, columns 86 to 171 of 200]
56.4 53.7 50.7 49.2 48.6 47.1 44.8 43.7 42.8 42 41.5 41.7 44.4 46 48.4 49.7 45.9 40.1 35.2 31.1 27.9 24.8 23.9 22.6 20.4 19.2 19.3 21 21.2 19.3 20.4 21.7 22.7 23.5 24.2 25 26.5 28.1 32.1 36.3 39.3 39.5 38.6 39.1 36.1 32.4 28.6 25.6 23.2 21.3 19.4 19.3 20.8 23.2 25.7 27.9 29.3 30.7 31.4 32.1 32.9 32.4 31.6 31 31.1 31.1 32.6 33.8 34.9 33.2 32.7 32.2 31.9 31.9 31.9 31.9 31.9 31.9 31.9 31.9 32 32.5 33.2 33.9 34.7 36.3
56.4 53.5 51.1 50.6 48.8 47.8 47.3 46.5 45.6 45 44 44.2 46.5 50.1 53.1 55.6 54.1 48.4 40.2 34.1 30.1 25.8 24.4 23.2 21.1 19 19 20.9 21.1 19 20.9 22.5 23.2 24 24.8 25.4 26.5 28 30.6 34.5 36.5 38.5 39.4 39.6 40.3 38.5 30.7 27.8 25 22.2 19.9 20 21.9 24.4 26.9 29.5 31.2 33.1 34.8 34.8 34.4 34.3 33.7 32.9 32.8 33.3 34.1 34.3 33.8 32.8 32.1 31.9 31.9 31.9 31.9 31.9 31.9 31.9 31.9 31.9 31.9 32.6 33.1 33.8 34.6 36
57.1 54.8 53.3 52.4 52.4 48.9 48.8 48.8 48.4 47.5 46.6 47 48.8 51.8 54.5 56.9 64.5 59.8 48.3 38.5 33.3 27.2 25.2 22.5 20.9 19 19 19.2 20.4 19 20 23.1 23.9 24.5 25.1 25.7 26.9 28.5 29.8 32.2 33.4 35.3 38 39.6 45.3 40.7 35.1 31.8 27.3 23.4 21.3 21.2 23.5 26.1 28.3 30.7 33 35.2 36.8 37 36.3 35.6 35.2 35.7 34.9 35.6 34.6 33.4 32.8 32.2 31.9 31.9 31.9 31.9 31.9 31.9 31.9 31.9 31.9 31.9 32.4 33.3 33.9 34.3 34.8 35.8
57 54.8 55.2 55.5 52.6 49.5 49 49.2 49.5 49.3 48.7 49.7 51.7 52.8 55.4 58.4 60.5 58.9 52.3 40.4 34.6 28.9 26.4 23.4 21.1 19.2 19 19 21.1 20.1 20.3 23.2 24.9 25.4 25.9 25.8 27.9 29.6 29.7 30.5 31.5 32.2 36.6 39.6 40 39.6 40.2 36.6 31.6 24.6 23.8 24.2 26.2 28.1 29.7 31.8 34.3 36.1 37.5 38.1 37.5 37.6 38.3 39.2 38.9 37.7 37.3 33.9 33.3 32.7 32.1 31.9 31.9 31.9 31.9 31.9 31.9 31.9 31.9 32.1 33 33.9 34.7 35.1 35.5 36.6
58 57.2 57.5 57.5 56.5 53 50.2 49.2 49.9 49.3 50.4 52.3 55.1 58.2 58.7 61 68.4 59.7 50.2 38.5 33.4 30.2 28.5 25.4 21.1 20 19.1 21.2 20.2 22.6 21.7 22.7 25.3 25.8 25.5 26.2 28.4 28.7 29.5 30.3 30.8 31.9 35.2 38.5 39.3 39.3 39.9 40.8 34.8 27.4 26.8 26.9 28.1 29.4 30.6 33 35.4 37.3 38.5 39.3 39.1 39.4 42.9 47.8 48.1 43.3 39.9 37.1 33.8 33.2 32.6 32 31.9 31.9 31.9 31.9 31.9 31.9 31.9 32.7 33.6 34.4 35.3 35.9 36.2 37.2
58.9 58.3 59.1 59.4 59.5 57.2 51 49 49.6 50.4 51.8 54.6 59.4 60.7 60.9 63.2 69.5 73.2 51.4 40.6 34.7 30.3 30 25.5 21.2 19.3 19 20.7 20.6 21.8 22.1 22.5 23.9 25.2 25 26.6 28 28.5 29.3 30 30.6 31.2 32.9 36.7 39.4 39.9 39.4 39.9 38.9 28.8 28.4 28.6 29.1 29.3 30.1 33 35.8 38.1 39.7 39.5 40.4 41.5 43.2 48.6 46.4 43.2 40.8 39.6 39.2 34.5 33 32.4 31.9 31.9 31.9 32 32.2 32 32.3 33.2 34.1 35 35.8 36.6 36.6 36.7
60.5 58.4 58.8 59 63 61.8 50.3 50.8 51.3 52 53.3 55.1 59.3 64.7 69 63.6 58.6 58 52.7 40.3 35.4 32.6 28.9 25 22 19.7 20.7 21 21.8 22.4 24.6 24.6 25.2 26 24.9 26.2 27.3 28.3 29 29.7 30.3 30.7 30.9 33.8 36.7 37.4 37.5 36 36.8 29.5 28.8 28.7 29 29 30.9 33.2 35.6 37.4 38.9 39.5 40.6 43.5 48.1 48.8 48.1 46.5 46.4 47.5 49.6 44.6 35.5 33.1 32.4 31.9 32 32.2 32.5 32.4 32.4 32.9 33.8 34.6 35.4 36.1 36.6 36.6
63.2 59.5 58.9 59.9 66.7 58.3 52.8 51.4 52.1 52.8 54 56.4 58.8 63.9 65.8 61.1 58.4 52.8 45.4 38.8 34 31.8 28.8 25.5 22.4 20.5 21.1 22.2 23 23.8 26.3 27.7 28 27.6 27.2 26.9 27.1 28 28.7 29.4 29.7 29.7 29.8 31.1 32.2 33.7 33.2 32 29.2 29.5 28.9 28.9 29 31.3 33.1 34.7 35.9 37.3 38.5 39.2 41 46.1 50.7 51.3 49.5 48.6 50.9 50.3 47.8 41.4 35.1 33.7 33.1 32.6 32 32.4 32.7 32.9 32.9 33 33.4 34.2 35.2 36.5 36.8 36.6
67.3 62 59 59 58.9 55.1 51.9 52.1 52.7 53.6 56.6 58.4 59.3 59.6 58.9 57.8 51.7 46.8 38.6 35.2 32.4 31.5 29.5 26.3 23.2 21.3 23 23.1 23.7 24.7 26.9 29.2 29.7 29.1 28.7 28.7 28.4 27.8 28.5 28.7 28.7 28.8 28.8 29.4 30.6 31.3 31.8 31.6 29.7 29.2 28.9 28.9 29.8 31.8 31.8 34.3 36 37.4 38.7 39.2 41.4 46 49.4 52.4 51.6 52.1 49.5 48.8 43.8 40.8 38.5 35.7 34.5 33.6 32.3 32.6 33.4 33.5 33.1 33.2 33.3 35.2 36.5 37.8 37.3 37.3
70.9 64.2 60.6 58.5 56 53.2 53.2 53.4 53.8 54.2 56.6 59.6 59.8 59.4 60.6 56.1 47.6 40 38 35.2 32.6 30.6 29.4 27.1 24.3 22.4 24 24.1 24.4 26.4 28.2 30 30.9 31.4 30.8 30.4 29.5 28.6 28 28.1 28.2 28.3 28.4 28.5 29.2 29.6 31.2 31.6 30.5 29.9 29.6 29.6 30.9 31.5 33.5 34.4 35.7 37.1 39 41.3 45.5 49.6 54 57.7 59.4 58 52.9 50.8 46.8 44.3 39.8 38.1 36.2 34.9 34.4 34 34.7 34.6 33.4 33 33.3 35.4 37.4 38.4 38.2 38
76.7 66.8 60.6 57.5 56 54.4 54.1 54.5 54.2 54.6 57.2 60.4 60 59.2 58.1 56.9 47.5 41.6 39 36.4 33.8 31.5 28.7 27.1 25.5 23.8 25.1 25.2 25.6 26.9 28.7 30.9 32.4 34.6 34.2 32.1 31.4 30 28.5 28.2 28.3 28.4 28.5 28.7 28.9 30.1 32 31.8 30.9 30.7 30.8 29.7 31.2 32.5 33.5 33.8 34.9 36.8 39.8 45.4 49.6 54.3 59.1 62 62.9 63 60.7 61.9 53.8 46.7 42.2 39.3 38 37.2 36.9 36.3 36.1 35.6 34.2 34.2 35.2 37.2 38.4 39.4 38.8 38.9
81.3 69.4 61.2 58.9 56.9 56.2 55.4 55.7 55.9 54.8 55.8 57 58 57.2 49.2 49 46.1 43.1 40.2 37.9 35.7 33 29.6 28.4 27 25.4 26.4 26.7 27.1 27.4 29.1 31.7 34.3 39.5 37.8 35.1 32.6 30.9 29.5 29.2 29.1 28.5 28.7 28.8 29.2 29.7 32 32 31.6 31.4 31.2 29.8 31.2 32.4 32.9 33.2 34 37 40.5 46.6 56.4 63 66.5 66.1 66.5 67 69.5 66.6 55.8 49.7 45.1 42.7 40.7 39.6 39.7 39 40.2 38.2 36.6 37.4 38 38.2 38.7 40.3 39.8 39.1
82.8 70.4 62.9 59.9 58.3 57.5 56.7 56.8 57.5 56.8 54.5 54.5 54.5 55.3 50.2 49.4 46.4 43.7 40.8 39.1 34.9 31.4 29 29 28.5 27.1 27.3 27.4 28.5 28.7 29.6 32.9 38.6 42.8 42.8 37.2 35.4 33.3 31.4 30.3 30 29.5 28.9 29 29.1 30.9 32.1 33.1 33 32.1 31.2 29.2 30 31.3 33.7 32.9 34.3 37 40.9 46.7 56.4 70.6 70.2 69.1 69.1 69.8 69.1 66.1 59.6 53.6 48.3 45.8 43.7 42.5 42.7 43.4 43.2 41.9 40.2 39.4 38.8 38.9 39.1 40.3 41.4 41.5
78.2 72.1 65.8 61.3 59.4 58.6 58 57.8 58.5 57.7 54.9 54.4 54.4 53.1 51.3 49 46.2 43.5 41 38.4 34.9 31.8 29.1 29 28.8 28.6 28.5 28.4 28.5 29.4 32.5 35.1 35.9 41.6 41.1 38.5 38 36.8 35.1 32.8 31.3 29.5 29.1 30.9 30.2 31.1 33 34.6 35.1 32.9 30.1 29.1 29 31.4 33.8 35 35.3 37.9 40.9 45.3 54.9 76.3 77.2 73.7 72.3 77 81 79.2 69 58.5 52.4 49.3 46.8 46 46.6 47.5 47.3 47.7 46.6 45.1 43.1 41.2 41 42.1 45 46
77.9 71.8 66.1 62.3 60.4 58.9 58.9 58.9 58.6 57.6 55.7 54.2 52.9 51.7 50.7 48.6 45.5 42.9 41 39.2 36.1 32.8 30.4 29.1 29.5 29.7 28.9 28.9 29 31.1 33.7 35.5 36.7 40 40.8 39.7 39.9 39.3 38 36.2 33.5 31.1 31.4 31.3 31.2 32.3 33.2 35.4 36.7 34 29.9 29.4 29.3 31.7 34.3 36.7 37.7 39 41.9 45 54.5 75.7 88.5 89.4 78.4 84.7 84.7 80.3 72 60.4 55.2 52.2 50.1 49.4 50.7 51.6 52.2 55 54.7 52.3 49.9 47.3 45.6 45.6 47.5 49
75.5 70.4 65.8 63.2 61.1 59.3 59 59.3 59.1 57.6 55.1 53.2 52.2 51.1 50 47.4 44.8 42.2 39.7 38.2 35.9 33.6 30.4 29.3 31.8 31.5 29.7 29.1 29.8 32.8 34.6 36.4 38.1 39.8 40.6 41.9 41.9 41.1 40 37.8 34.3 32.2 32 32.2 32.2 33.2 33.8 36.3 37.8 35.2 31.7 29.9 29.9 31.6 34.1 37 38.6 40.1 42.8 46.9 53.8 72.1 94.8 87 78.6 85.9 81.3 77.6 70.3 61 58 56.1 54.6 54 54.7 56.2 58.5 61.7 62.1 59.2 55.9 52 50.9 50.8 50.5 52
74.3 70.8 67.6 65.3 61.3 60.3 60 59.8 59.2 57.7 55 52.4 50.9 49.8 49.4 47.4 45.1 42.7 40.3 39.3 37.3 33.6 29.7 30.4 32 32.3 31 30.9 31.9 33 35.4 37.2 38.9 40.5 41.7 42.8 43 42.9 41.8 39.5 35.5 33 32.8 32.7 32.9 33.6 34.6 36.2 37.5 35.2 32.6 32.7 31.3 32.6 34.4 37.2 39.4 41.4 43.4 46.4 54.1 63.7 73.4 76.7 76.7 78.6 77.9 74.3 70.5 64.1 61.6 60.5 59.9 59.7 61.1 61.4 64 67.8 69.7 65.9 61.8 57.2 56.5 56.4 55.7 55.1
75.3 72.1 70.2 67.6 62.3 60.6 59.1 59.3 58.7 57.3 54.7 53.1 52.6 51 49 47.6 45.4 43 41 40.6 39 34.4 30.9 32 33.9 34.3 33.2 33.3 34.4 35.6 36.5 37.8 39.5 41.1 42.2 43 43.7 44.1 43.3 39.2 35.5 34.4 33.8 34 34.2 34.4 35.4 37.5 37.7 34.6 33.8 33.8 33.6 33.8 35.7 37.7 40.3 42.1 44.7 48.3 52.5 58.7 64.4 68.2 70.4 72 72 70.5 69.7 67.5 65.7 64.8 65.5 65.8 68.5 67.7 70.5 73.7 75.5 72.2 68.4 64.3 62.2 61.8 60.4 59.3
75.9 72.6 69.3 69.1 65.3 61.6 59.1 58.9 57.9 56.8 55.4 54.6 53.6 52.1 49.4 48.9 46.2 43.8 41 40.9 39.3 36.1 31.9 33.3 35.8 36.3 35.4 35.8 36.9 37.6 38.4 39.3 40.2 41.5 42.5 43.2 44.8 44.5 42 39.5 37.9 36.4 35.1 35.3 35.5 35.7 36.2 37.8 37.7 35.6 35 35 35.1 36.2 37.8 39.3 41 42.7 45.6 49 52.3 56.6 59.9 62.4 65.7 67.4 67.9 70.2 70.6 70.7 70 69.6 70 71.6 75.4 76.1 76.9 80.5 80.7 78.5 75.1 71 70.1 69.5 67.2 64.1
78 73.7 69.9 69 68.1 65 60.7 58.9 58.1 57.2 56 54.9 53.8 52.7 50.3 50.5 47.4 42.8 39.8 39.9 39.7 38.1 33.9 34.3 37.6 38.1 37.5 37.8 38.3 38.8 39.5 39.1 40.7 41.8 42.8 44.6 48 45.4 43 41 39 37.6 36.8 36.9 37.1 37.1 37.1 38.3 38.2 37.1 36.1 36 36.4 37.4 38.4 40 42.3 44.1 45.7 47.3 50.5 53.8 56.9 59 62.2 63.6 66.9 69.5 70 70.7 71.8 73.3 74 75.7 79.4 82.8 84 85.5 86.6 86.5 83.9 78.2 76.9 73.9 71.8 69.7
81.2 77.1 69.8 69.4 70.9 68.6 62.8 60.6 59 58 56.8 55.6 54.5 53.1 50.1 49 49.4 45.8 43.3 42.8 41 38.9 34.2 37 39.6 39.3 39.1 39 38.6 39.2 40.3 40.2 40.7 41.6 42.7 48.2 50.9 47.8 44.4 42.5 39.9 38.5 38.1 38 38 37.9 38 39.2 39 38 37.4 37.6 37.6 37.7 39 40.4 43 46 47.4 48.5 50.1 52.6 55.4 58.6 59.4 62 65.8 68.9 70.3 71.2 73.9 76.9 79 80.9 86.3 89.2 93 97.1 101.9 101.7 99.2 93.7 84.9 79.6 74.8 74
81.2 78.4 71.4 72 69.9 68.3 64.7 62.4 60 58.8 57.6 56.4 55.2 54.6 50.4 49.2 50.5 48.2 45.1 43 39.5 37.7 34.2 38.1 40.7 41.2 39.2 39.6 39 39.8 40.7 40.9 41.2 41.5 41.8 48.1 51.8 52.4 45.9 42.9 40.2 39.5 38.5 38.6 38.7 38.7 39 40 39.7 38.7 38.7 38.7 38.8 38.9 39 40.8 44.1 47.3 49.5 51.2 51.5 52.9 55.3 57.7 61.1 62.9 66.4 69.4 70.7 73.6 76.6 79.4 83.2 88.8 94.8 99.5 106.1 111.5 113.5 112.2 111.9 109.4 98.7 90.7 83 79.6
79.9 80.1 77.3 74.4 71.3 69.2 66.2 63.5 60.8 59.6 59 57.7 56.8 57.9 51.6 51.9 52.1 49.2 47 42.7 41.6 40 39 39.1 41.5 42.5 41.6 40.5 41.6 41 41.2 41.5 41.9 42.2 42.5 47.2 50.9 51.5 46.3 42.6 40.6 40.8 39 39.3 39 39.1 40.9 40.8 40.3 39 38.7 38.4 38.8 39 39 40.9 44.5 48 51.1 53.3 54.8 54.4 56.4 58.5 60.1 63.3 66.6 69.8 73.2 76.4 79 81.8 86.9 94.3 100.5 106.3 110 116.7 120.7 120.8 120.3 126.4 117.5 103.4 92.2 85.3
84.5 80.5 78.3 75.7 73 70.1 67.9 64.9 62.4 60.4 59.1 58.5 58.4 57.8 51.9 52.2 53.2 49.6 49.5 48.2 46.7 40.9 39.4 39.6 39.1 41 42.5 42.4 41.3 41.2 41.9 42.2 42.6 43 43.2 45.7 48.2 48.4 45.7 41.2 39.2 39.7 39.9 41 40.6 40.4 42.5 42 41.7 40.1 40.1 39.4 39 39 39 41.1 44.2 48.5 52.6 54.7 56.4 56.9 58 60.1 59.7 63.3 66.9 70.3 75.1 79.4 81 84.8 89.4 96.3 101.9 107 111.9 118.3 120.5 119.2 120.3 120.6 119.5 110.6 94.4 89.1
86 82.3 79.3 76.6 73.8 71.1 68.4 67.9 65.4 63.1 60.8 59 59 58.8 52.7 52 52.7 49.9 49.5 51.4 50 42.8 40.4 40 39.4 39.1 39.9 41.9 41.6 41.5 42.4 42.9 43.3 43.7 44 44.7 46.3 48 48 41.8 41.3 40.5 41.7 42.3 41.9 41.9 43.5 44.8 44.4 43 43.7 43 42 41.4 40.6 41.1 44.8 49.8 53.9 56 57.7 59.4 60.3 61.3 63 65.7 67.6 70.9 75.3 79 81.9 86.3 90.9 95.5 101.1 106.2 110.7 114.2 116.6 115.5 114.9 114.1 115.2 109.6 97.3 92.4
88.6 85.3 81.4 78.3 75.5 72.6 69.4 69.4 68.4 64.7 60.6 59 58.9 58.8 54.6 53.3 51.7 50 50.6 51.8 50.5 47.4 42.3 40.1 40 39.5 39.1 41.9 41.9 41.7 42.9 43.6 44 44.4 44.8 45.5 46.3 47.5 49.3 45.8 44.1 43.2 43 42.9 43.3 43.4 44.7 46.2 46.9 47.2 47.2 46.1 45.2 44.3 42.7 42.4 45.4 49.6 54.4 57.7 59.4 61 63.2 65.3 67.1 68.8 69 70.6 73.9 77.5 81.6 84.6 87.6 94.5 100.9 103.6 106.7 108.6 110.3 109.8 109.5 109.1 107.7 103.5 96.7 92.4
91.4 88.5 84.3 80.5 77.2 74 72.9 71.6 69.8 68 64 61.1 59 58.5 56.5 54.8 53.3 51.9 53.1 51.7 50.2 48.8 44.5 42.4 41.2 40 39.2 41.8 42 42.2 43.5 44.3 44.7 45.2 45.7 46.1 46.5 47.5 48.2 47.4 47 46.4 46.5 45.9 44.8 45 46.9 48.4 50.3 50.9 50.7 49.2 48.1 47.6 46.1 44.6 45.8 48.9 53.6 59.5 61.1 62.7 66 68.6 69.8 69.1 69.1 69.5 72.5 76.2 79.2 82.2 85.2 90.2 95.4 98.8 101.1 102.7 104.1 105 104.3 103.5 102 99.7 94.2 91.7
93.4 88.4 84.8 81.9 78.9 76.6 75.5 73.9 72.6 70 67.8 64.6 62.4 60.9 59.4 57.3 55.5 54.4 56.2 54.3 52.8 50.1 47.5 45.5 43.5 41.5 39.6 41.7 42 42.1 43.5 44.9 45.1 45.4 46.7 47.1 47.4 47.7 47.6 48.5 49.8 49.3 48.5 47.4 46.6 46.9 47.2 50.8 53.4 55.1 54.7 53.1 51.1 49.6 48.3 47 47.2 49.3 53.7 59.2 62.2 64.4 67.8 70.2 70.8 69.1 69.5 70.5 73.2 74.8 76.8 79.8 82.8 86.6 90.3 93.6 95.4 97 98.5 99.4 99 97.7 96.1 94.5 92.7 90.4
95.3 90.4 86.3 83.2 80.3 78.1 78.1 76.2 74.3 72.2 70.2 68 66.1 64.3 62 59.8 57.8 57.2 58 57.8 57.5 55.1 50.7 48 45.1 43.1 40.9 42.1 41.9 42.1 42.3 44.2 44.7 46.2 47.6 48.2 48.4 48.7 48.5 50.5 52.4 52 50.6 48.3 48.5 48.9 48.2 51.8 56.5 59.2 57.9 55.8 53.8 50.2 48.8 47.9 48.4 50.7 54.3 58.8 63.4 66.2 69.1 69.2 69.7 71.9 72.4 72 72.6 73.9 75.5 77.5 80.4 84 87.1 88.6 89.9 91.4 92.9 93.6 94.2 93.3 92.2 90.9 89.4 87
96.7 91.7 87.3 84.2 81.8 79.7 80.7 78.6 76.1 73.7 71.4 69.8 69.2 67.9 66.4 62.2 58.9 59 59.1 60.6 61.5 58.8 53.9 50.5 46.8 44.4 42.1 43.2 42.9 42.5 42.8 43.9 45.8 47.2 48.5 49.2 49.3 50.2 51 50.6 51.3 52.5 52.2 52.1 51 50.5 50.3 53.8 58.8 60.4 60.1 58.6 56.5 52.8 49.3 48.1 49.9 53 56.6 60.2 64.2 70 70.7 69.5 69.3 71.3 72.1 72.7 73.2 73.4 74.6 76.2 78.9 81.6 84.4 85.3 85.9 87 88.2 89 90.7 90 88.7 87.4 86.2 84.2
99.1 92.9 88.4 85.8 84.1 82.2 80.6 79.4 77.6 75.5 70.9 69 69.5 70.7 70.6 65.6 59.4 59 60.1 61.9 64 62 58.4 55.1 51 46.8 44.6 44.3 44.1 44.8 45.2 46 47.1 48.6 49.9 50.8 51.1 51.1 50.5 49.7 51.7 52.3 52.4 53.2 53.4 53 53.5 56.1 59.1 60.4 60.9 59.5 56.2 52.8 50.5 49.6 50.8 53.8 57.5 61.2 65.1 73.5 77.8 74.1 71.2 72.1 72.8 73.4 73.7 73.9 74.2 76.5 77.9 78.9 81.5 82.2 83.2 83.8 85 85.8 86.8 86.5 85.7 84.5 83.3 82.1
102.4 95.7 90.8 88.1 86.3 84.2 82.4 80.6 79.8 76.7 72.6 69.9 71.4 73 69.4 64.7 60 60.6 62.5 65.1 67.6 68.8 62.2 60.6 54.8 49.2 45.5 44.6 45.2 45.7 46.2 46.7 48.3 50 51.1 50.9 51.3 51.5 51.7 51.8 52.1 52.1 53 54 55 54.7 56.5 58.8 59 59.2 59.5 59.4 57.1 54 52.1 51.2 51.6 53.9 57.3 61.1 66 74.8 90.1 80.1 77.2 73.3 73.3 74.4 74.4 74.5 74.8 77.9 77.9 77.9 78.6 80.4 81.4 81.1 81.7 82.7 83.3 83.2 82.4 81.5 80.8 79.4
107 98.8 93.3 90.4 88.2 86 84.2 82.3 80.4 78.1 74.2 73.1 74.3 75 69.5 65.5 61.9 61.3 64.7 68.2 69.4 71.2 68.9 64.7 57.7 52 47.4 45.6 46.1 46.6 47.2 47.6 49 51.2 51.9 51.4 51.6 52.2 52.8 51.9 52 51.3 53.2 54.6 55.6 56.7 58.1 59.5 59.3 59.3 59.1 59.6 58.3 53.3 52.5 53.2 53.9 55.4 57.6 61.8 66.6 73.2 80.3 80.9 79.3 77.2 74.6 76 75.8 75.8 77.5 77.9 77.9 77.9 77.9 78.6 79.6 78.8 79 79.6 80 80.5 80 79.1 78.3 78.7
109.9 100 95.9 93.3 89.9 87.7 85.9 84.2 81.1 80.7 78.6 77.8 77.5 77 70.3 66.9 64.1 63.9 66.7 70 69 78.7 78.4 70.5 61.2 54.8 50.3 47.4 47.3 47.6 48.1 48.5 49.2 51.9 52.3 52.2 52.6 53.1 53.2 49.8 51 51.4 53.2 55 56.4 57.9 59.3 59.6 59.5 59.4 59.2 59.1 59.6 54.3 53.1 54.3 54.4 56.3 58.8 62.7 66.5 69.2 73 77.2 79.1 79.4 76.8 77.5 77.3 77.1 78 77.9 77.9 77.9 77.9 77.9 77.7 76.5 76.6 76.6 77 77.4 77.7 76.5 76.3 76.1
113.2 105.7 99.8 96.9 92.8 90.2 88.2 85.3 81.4 79.6 80.8 79.4 79.2 79.3 72 70.4 67.1 67.3 69.2 70.9 71.7 76.1 86.5 77.6 68.4 60.4 55.3 50.1 49 49.1 49 49 49.4 52.1 52.6 53.7 56.3 57 54.8 51.3 50.8 52.7 54.4 56.2 58 59.7 60.9 59.7 59.6 59.4 59.1 58.7 57 52.2 53.9 55 55.1 56.8 58.4 62.7 67.1 68.9 70.5 74.2 78.5 79.9 79.2 79 78.8 78.6 78 77.9 77.9 77.9 77.9 77.9 75.3 74.9 74.5 74 74.1 74.5 74.9 74.2 73.3 74.1
116.7 110.2 103.3 100.5 96.5 92.6 90.2 87.5 84.3 82.6 81.7 79.8 79.7 79.4 76.7 78.2 70.1 72.6 69 72.3 79.4 79.7 79.5 78 69.9 64.7 59.1 54.1 52.5 52.2 49.9 49 51 53.3 54.1 55.8 58.1 58.8 54.5 51.7 52.5 54.1 55.6 57.2 58.7 59.9 64 61.9 59.1 58.7 57.7 56.7 54.5 52.9 55.2 56.8 55.9 57.5 59.3 63.7 68 69.9 73 76.5 79 80.9 80.5 80.2 80.3 80.2 79.1 78.3 77.9 77.9 77.9 77.7 74.8 73.9 73.6 73.2 72.1 72.6 72.9 72.1 70.8 71.1
121.3 113.7 107.6 104.2 99.8 95.3 92.5 89.7 87.7 85.7 83.4 80 80.9 81 79.9 80.7 78.7 80.8 79.9 77.3 79.1 78.5 79 75.7 70.7 67.2 59.8 56.4 53.6 52.4 50.5 49.1 51.6 53.5 56.3 57.9 59.4 58.4 55.3 54.4 54 54.5 56.3 57.9 59.3 60.2 68.1 62 58.4 56.7 55.7 54.8 53.1 54 56.1 57.3 57 58.5 61.7 65.9 69.6 72.6 75.6 79 80.6 81.5 81.8 81.8 81.7 81.6 80.7 79.3 78.6 78.2 77.5 76.1 75.2 74.3 73.3 72.5 70.7 70.6 70.7 70 68.8 68.1
125.9 118.1 109.5 107.4 101.8 97.4 94.3 92.2 89.8 88.4 85.8 83.4 82.1 82.9 80.1 79.4 79.2 80.8 83.4 85.2 88.7 86 83.8 77.7 74.7 70.1 60.2 56.8 54 52.1 51.5 51.2 52.3 53.8 57.6 59.3 59.2 57.8 56.5 53.1 56 54.7 56.6 58.4 59.2 60 60.8 58.9 58.2 57.1 55 53.5 52.7 54.5 56.5 58.4 58.3 59.9 62.1 66.4 71.9 75.6 78.3 81.3 82.4 84.1 85.1 84.7 84.6 84.1 81.9 79.7 79 78.7 77.5 76.1 75.7 74.8 73.8 72.7 71.2 70 69 68.2 67.5 66.7
