webserver/python/data/ND02.asc
ncols 200
nrows 200
xllcorner 300000
yllcorner 920000
cellsize 50
[rows 105 to 139 of 200, columns 78 to 155 of 200]
178.9 178.8 178.2 162.2 176.8 189.9 197 202.5 207.4 212.2 214.2 217.3 221 225 228.1 229 229.5 227.3 226.2 225.2 224.5 224 223 222.4 221.5 220.5 220.8 221.5 222.5 223.9 224.8 225.7 226.6 227.4 232 236.1 238.8 238.1 235.4 231.2 224.4 220.1 214.8 209.7 205.7 202 198.2 194.2 186.9 177 177.3 180.4 186.2 191.5 192.8 179.3 198.6 207.9 216.3 222.3 226.4 228.8 231.2 233.3 235.7 235.5 235 236.3 237.1 237.9 238.7 237.7 235.2 233.3 228.5 224.5 220.6 217.1
173.7 173.8 168 168.8 187.2 198.1 207.2 210 214.2 217.6 219.5 221.4 223.9 227.6 230.5 231.7 232.7 231 227.9 226.5 225 224 221 219.7 219.3 218.7 218.6 219.5 221.5 223.2 224.6 225.6 226.6 227.4 230.8 234.9 235.6 233 228.8 224.6 220.3 216.2 211.9 208.1 204.6 201 198 195.7 192.3 192.1 183.4 172.2 172.2 175.7 177.8 185.4 191.5 197.2 204 209.8 215.3 221.9 225.7 228.2 230.8 232.5 232.3 233.2 234 234.9 236 236.2 234.8 233.3 228.1 223.1 218.6 214.8
166.7 166.7 161.4 181.9 196.4 207 214.2 216.8 219.9 222.7 224.7 226.4 227.9 230.2 232.4 232.3 231.9 230.1 226.5 225 224.3 227.6 224.6 219.7 218.5 217.6 216.6 217.5 220.2 222.6 223.8 225.2 226.4 226.7 226.3 229.3 229.6 227.6 225.3 221 216.8 212.1 207.8 204.7 202.6 200 196.4 192.8 192.1 192.3 190.3 188.1 181.3 168 160.4 178 186 191.9 196.7 201.2 205 210.5 216.7 221.7 225.9 228 227.6 228.8 230.1 232 233.3 233.9 232.5 230.7 226.3 219.8 215.1 208.3
157.2 154.8 179.1 195.2 207.6 214.1 219.8 223.4 223.8 223.6 223.7 224.8 224.2 226.2 227.4 226.5 225.7 224.1 222.6 221.6 220.6 220.3 220.8 218 217.6 216.2 214.5 215.5 218.6 221.6 225.1 227.8 227.8 224.8 222.9 222.1 221.8 221 219.1 217.4 213.5 208 202.9 200.3 198.8 196.3 192.4 189.6 191 191.2 188.4 186.7 184.9 183.6 158.3 163.7 177.6 186.1 191.1 195.9 198.7 202.8 206.5 211.1 216.5 221.1 222.9 224.4 226.6 229.1 230.5 231.6 230.1 227.5 223.2 217.9 211.2 204.8
171.6 184.3 195.1 204.9 210.7 214.9 222.3 222.8 220.9 218.3 218.4 220.9 220.9 222.1 223.5 222.1 221.3 220.2 219.1 217.8 215.8 216.1 215.5 213.4 212.7 212.7 212 214.4 217.3 220.6 225.5 228.9 228.3 224.3 220.1 214.7 211.3 209.3 209.3 209 206.1 199.4 194.7 193.5 191.8 190.7 187 183.4 186.7 184.3 184.3 183.3 182.3 180.9 179.3 156.4 168 180.3 185.4 190.6 193.6 196.5 201 204.8 208.8 211.8 214.6 219.9 223 225.5 227.6 228.1 227.5 225.7 222.3 216.8 210.4 204.4
177.3 184 191.2 198 205 210.2 216.7 214.7 211.5 210.9 210.7 210.4 211.9 216 219.6 218.1 217.1 215.4 213.7 211.9 210.2 211 210.7 208.5 208.7 210.6 211.4 213.3 216.3 220.6 226.5 229.3 228.3 222.9 217.3 212 206.8 201.5 197.4 193.2 190.9 188.6 185.5 184.6 184.7 182.7 180.3 178.4 176.9 177.6 178.2 177.2 176.1 173.7 170.2 163.3 161 175.6 182.7 186.9 190 192.4 195.9 199.2 201.9 204.2 207.8 213.8 218.4 222.2 222.8 223.8 224.1 221.4 218.8 215.7 209.7 203.7
173.4 179.5 186.5 193.3 198.7 203.1 206.4 202.3 203.5 204.8 205.8 206.3 207.1 210.3 215.3 213.1 211.2 209.4 207.8 207.5 207.6 207.9 206.6 206.1 207.3 209.3 210 211.4 215.3 220.3 224.1 227.9 226.5 221.2 215.2 209.5 204.4 198.5 192 187.8 184.6 181.6 178.3 176.6 176 174.4 173.7 172 170.8 172.4 172.2 171.9 171.5 170.9 170 156.9 156.1 171.3 178.5 182.2 185.6 188 190.4 193.2 195 197.2 199.3 207.7 213.8 216.4 217.4 217.9 216.9 214.9 214.8 213.6 210.1 205.7
168.6 172.5 179.5 186.1 191.2 194.4 197.6 196.1 196.7 198.7 200.8 204.3 205.6 206.8 207.3 207.4 207.1 206.8 206.4 206 206.3 205.4 204.1 204.4 206.2 208.1 208.7 209.8 213.1 216.7 221.4 224.5 222.2 218.3 212.6 207.7 202 195.6 189.2 184.9 181.1 177.2 173.3 171.1 168.5 166.4 165.4 165 164.9 165.7 166.9 166.2 166.8 167.4 167.4 156.6 150.8 164.7 172.5 176.1 178.3 180.8 182.7 185.4 187 188.7 192.2 200.2 204.8 207.7 208.3 208.4 207.1 207.5 211.5 212.2 210.1 207.1
157.3 167.4 174.2 181.6 182.7 184.2 186.5 188.7 191.6 195 198.2 202.6 205.9 206.8 206 205.8 205.2 205 204.9 204.6 204.2 203.2 201.9 203.6 205.3 207.2 207.5 209 208.9 212.6 216.5 218.2 216.1 212.7 207.7 202 196.2 190.9 185.8 180.4 176.1 172.2 168 164.8 162.1 160.1 158.2 156.9 155.1 155.5 155.5 155.8 156.1 156.9 157.9 158.2 147.4 154.4 165.8 169.6 171.3 173.2 175.1 176.9 178.1 180.5 185.1 187.8 191.1 193.5 194.4 196.2 195.7 198.4 201.2 203.4 204.6 204.7
147.2 158 163.6 169.7 177.1 180.7 183.6 185.7 189.4 193 195.7 200.7 205.9 205.1 203.7 204.2 203.9 202.8 202.6 203 202.2 201.4 200.9 203 204.6 206.2 206.5 204.7 204.2 208.4 211.5 211.8 209.8 206.9 202.4 196.7 189.2 183.1 178.7 174 170.6 166.4 161.7 157.9 153.7 154.1 152.6 151 149.7 148.5 147.5 146.8 148 149.3 149 149.3 145.8 147.8 158.7 160.7 162.4 163.8 165.6 167.3 168.4 170.9 172.8 175.3 177.7 179.4 181 182.8 185.4 188.4 191.1 192.6 195.7 197.5
136.6 146.6 154.2 160.4 168.9 174.8 177 180.1 184.8 188.5 191.2 194.8 197.3 198.9 200.7 202.7 202.6 201.5 200.4 200 200.1 194.5 201.1 203.3 204.8 206.1 205.7 203.2 199.7 202.4 205.1 203.2 202.2 199.2 194.5 189.3 181.5 175.3 171.2 167.5 164.4 160.8 157.6 154.6 151.6 149.9 146.4 148.2 149 146.2 144.1 146 147.6 148.2 146.7 145.7 139.6 142.8 147.6 151.5 153.3 154.6 156 157.4 159 160.8 162.5 164 165.9 167.4 169.3 171.4 174.4 177.9 182.1 185.1 187.9 189.9
136.3 140.7 145.2 150.6 158.3 163.9 168.3 173.7 178.3 182.7 185.5 190 192 194.6 197.4 200.2 202.8 200.9 199.2 197.7 198.3 196.7 200.9 203.6 205.3 206.5 206.6 203.5 199.6 195.6 192.9 193.6 193.7 190.1 186.3 180.2 171.5 167.4 165.9 163.9 161.4 159.4 158.1 154.2 151 148.7 147 143.7 142.7 142.4 142.5 144.4 145.9 145.2 143.7 142.3 138.5 138.4 139.9 142.7 144.8 146.8 148.3 149.5 151.4 153.6 152.9 154.3 157.2 159.1 160.2 162.2 164.8 168 173.1 174.5 179.8 181
135.5 139.1 141.6 143.5 147.5 155 159 164.3 170.8 176.7 179.4 186.1 189.6 190.8 194.7 198.1 199.4 197.9 197.4 195.1 192.8 197.1 199.4 203.1 206.3 206.5 206.3 205.9 202.1 198.6 194.7 188.2 184.4 181.5 177.5 170.7 164.8 160.8 159.4 162 159.6 157.5 155.5 153.3 150.5 148.7 146.4 143.4 141.3 139.6 139.3 140.8 142.1 141.5 140.2 139 137.9 136 136.1 137.6 139 141.4 142.2 143.4 145 147.5 148.5 150.1 151.6 154 155.6 157.4 158.6 159.1 162.1 163.1 168.6 171.2
138.1 134.5 138.8 139.1 138.6 142 147.5 153.5 162 168 173.8 179.2 183.7 186.5 188.3 189.9 191.9 190 190.9 192.1 184.9 193.1 196.8 202.6 205 205.8 205.8 206 205.1 201.5 197.9 192.4 185.3 177.2 170.4 165.6 160.7 156.5 152.6 157 154.3 153.5 153 149.8 146.8 145.1 143.3 140.5 138.6 137.1 137.2 137 137.7 138 136.8 135.8 135 133.9 134 135.1 136.5 136.3 137.7 139.3 141.1 143.8 145.2 147.1 149.4 151.4 151.9 153.9 154.2 153.6 152.9 154.4 157.4 161.8
141.1 139.6 136.8 133 135.2 136.6 138.7 143 150.8 158.3 164.2 169.4 172.9 176.2 178.6 182 184.3 185.5 186.2 182.1 186.7 191 195.7 200.3 202.1 203.5 204.1 204.5 204.5 204.6 201.4 198.6 193.8 187.4 179.8 172 165.2 159.4 153.6 149.9 145.8 143.1 141.2 142.1 142.7 140.6 138.5 137 136.6 135.7 135.8 134.8 134.1 134.1 133.9 133.3 132.6 132.1 132.8 133.7 134.7 134.6 135.1 137.3 140.2 141.9 143.2 145.8 148.3 149 149.6 150.1 150 150.3 149.4 148.4 150.2 152
144.2 142.9 142 137.4 135.1 130.7 132.4 135.2 139.4 148 154.1 161 164.6 168.9 173 175.7 178.7 181.4 179.6 176.3 185.6 189.4 195.5 198.8 199.9 200.5 201.3 202 202.7 203.1 202.3 199.4 193.6 188.8 182.7 177.1 168.8 163.5 156.9 152 148.1 142.4 139.3 139.9 140.2 138.1 136.1 134.5 134.4 134.4 133.6 132.6 132.1 132.2 132.5 132.2 131.7 130 131 132.5 133 132.9 134.2 136.6 137 139.5 142.3 144.8 146.3 147.3 148.1 148.6 148.2 147.7 146 145.1 145.6 148
148.4 147.3 146.6 141.2 137.2 133.7 131.8 130.1 133 137.4 146.9 151.9 156.3 161.3 167.1 170 173.2 171.1 173.1 181.1 187.7 193.6 196.8 198.6 198.8 198.4 197.4 197.9 198.5 198.5 196.7 192.6 188.4 183.2 178.6 173.3 167.5 162.1 156.1 150.6 145.1 141.6 139.7 137.4 137.7 135.7 134.2 133.3 133 132.9 131.3 130.6 130.5 130.6 130.8 130.6 130.5 127.8 129.7 131.4 131.7 131.7 133.8 136 136.6 138.9 141.1 142.6 144 145.3 146.6 147.1 146.5 145.9 144 143.2 142.2 143.7
157.8 155.5 150.6 143.9 139.9 138.5 134.7 129.9 128.7 131.2 136.4 143.6 148.3 153.1 158.8 162.8 160.9 167.1 177 184.6 190.9 195.1 196.5 195.7 196.5 196.6 195.9 194.3 193.2 192.7 191 186.8 183.2 178.7 174 169.8 164.3 159 153.8 150 145.8 143.5 141.4 139 137.1 135.1 135.1 135.3 135.1 134.6 132.9 130.1 128.8 129.1 129.3 129.3 129.2 126.2 127 129 129.8 131.4 133.5 135.9 137.1 138.4 141.3 142.4 143.6 144.8 146 146.8 145.6 144.5 144.4 143.2 142.1 141.6
166.5 161.9 156.9 151.8 146.3 141 135.7 132.7 129.4 128 131.3 132.1 142.6 148.9 143.9 151.2 162.4 170.7 176.4 185.1 187.4 189.4 190.3 190.4 193.1 194.8 194.2 191.5 188.5 187.4 186.5 183.5 180.4 176 172.2 166.2 160.9 157 154.4 152 149.7 146.9 143.8 141.5 141 139 137.2 137 135.9 135.5 133.6 130.3 128.4 128 127.5 128 127.8 124.9 124.7 126.9 128.6 131.2 133.8 136.4 137.6 139.7 142.5 143.3 144.4 145.6 146.6 147.2 147 145.9 144.8 143.2 142.3 141.5
174 169.3 162.6 156.6 147.9 141.9 138 135.9 132.4 129.1 126.9 129.7 135.2 136.2 145.5 154.5 159.6 166.5 173.1 178 180.7 182.5 183.8 186.8 188.9 189 187.5 185.7 185.5 184.7 183.9 180.7 177.6 175.7 171.5 165.3 160.3 159.1 157.7 155.1 153.3 151.1 148 146 144.5 142.5 140.1 136.8 134.1 132.7 131.4 131.1 129.9 128.7 127.3 124.9 126.3 124.5 122 125.7 128 131.4 134.6 136.9 138.7 141.3 143.6 144.3 145.2 146.4 147 147.6 148.2 147.2 147.1 143.5 142.2 141.2
180.8 175 164.9 160.2 155.6 150.4 145.1 140.5 135.1 131.3 129.4 126.6 129.9 133.5 143.2 151.3 156.1 162.5 168.8 174.5 177.2 177.6 178.4 181.2 182.5 184.7 183 182.6 182.8 182.2 182 178.5 175 171.4 168.3 163.1 161.7 160.7 159.6 158.3 156.2 154.7 151.9 148.3 145.7 143.2 139.6 135.8 134.8 133.1 132.5 133.6 134.5 134.1 130.5 130.2 122.4 123.8 120.2 124.1 129.9 132.2 135.4 137.7 139.8 141.7 145 145.5 146.2 146.8 147.4 148 148.6 148.6 145.8 147.1 145.8 144.2
180.8 173.1 173.4 170.2 165.3 159.7 151.7 147.4 140.2 135.1 132.1 128.6 126 127.7 134.5 143.2 150.4 157.3 162 168.3 173.2 173.8 173.6 175.2 177.2 179.5 180.6 180.3 180 179.9 180 176.5 173 169.9 165.8 164.2 162.8 161.7 160.7 160.2 159.5 158.4 155.1 151.6 148.7 144.7 140.5 137.4 137.1 136.8 136.4 136.3 137.3 135.9 133.8 131.3 131.1 126.7 119 121.7 129.3 133 136 137.9 139.9 143.1 146.4 147.2 148 147.6 148 148.6 149.1 149.7 152.3 153.5 151.5 148.4
180.7 177.1 176.1 172.9 170.8 166 161.9 154.9 147.1 140.9 134.7 131.1 127.3 125.7 126.9 134.8 142.3 149.3 155.3 160.2 164.4 167.1 168.9 171.8 173.6 175.9 178.3 178.2 177.6 177.8 177.2 174.9 173 171.2 167.6 166.3 165 166.5 166.7 165.8 163.9 162.5 159.6 156.3 153.4 148.8 142.8 139.7 140.4 141.4 140.2 138.8 137.7 134.5 132.2 130.7 129.5 128.3 118.3 119.8 126.9 130.9 134.6 137.7 140.1 144.2 146.9 149 149.6 149 148.8 149.3 149.9 150.6 155.3 159 157 153.8
180.7 187.1 184.2 181.5 178.9 174.4 169.9 164 155.7 148.1 140.6 133.9 130 126 125 128.2 134.5 138.9 145.1 151.8 155.2 159.7 163.3 167.8 169.2 170.4 172.2 174.2 174.3 174.8 175.9 177.5 177.2 174.7 171 169.5 170 172 172.1 169.9 168.3 166.9 164.5 161 158 152.8 147.8 142.9 142.6 142.7 141.1 139.8 137.9 134.9 132.3 130.4 128.1 126.2 118.8 117.7 127.4 129.9 132.4 135.9 142.1 146.2 148.4 150.1 151.1 150.5 150 150 150.6 151.8 157 162.2 162.5 159.6
193.2 191.5 188.5 187.5 185.1 181.2 178.5 170.7 162.6 153.6 144.8 137.8 133 129.3 126.3 125.3 126.7 130.2 135.2 140.8 146.6 152.4 157.2 162 162.4 163.6 166.6 168.8 170.2 170.9 172.6 178.7 179.8 176.8 173.9 173.7 174.8 175.8 175.7 173.5 172.7 171.5 170.4 166 162.1 156.9 151.2 146.5 144.5 144.3 142.4 140.8 138 135.3 133.1 129.4 127.1 125.1 120.1 115.4 127.5 129.2 131.5 133.8 145.2 148.6 150.8 152.6 153.3 152.6 151.8 151 152.8 156.7 160.9 165.3 165.8 165.4
198.8 196.2 192.6 191.5 188.8 185.6 180.7 174.1 166.2 157.2 148.8 141.9 135.7 132.3 129.1 126.1 123.6 125.9 128.7 132.3 139 147.4 151.9 156 158.8 160.4 162.6 164.3 165.3 166.6 169.1 175.1 177.4 175 175.1 176.5 177.5 177.7 176.9 176.5 176.6 175 172.9 168.2 165.9 161 155 150.1 148.1 146.7 145 145.9 144.1 139.1 136 131.7 126.6 124.7 121.4 116.4 126.4 127.6 129.4 134.1 145.8 149.5 153.1 156 155.5 154.8 154 155.4 157.5 161.1 164.9 168.4 169.4 169.3
210.6 206.8 202.7 197.1 192.6 187.8 183 177 169.8 162.4 154.1 147.1 140.5 136.3 133.1 126.7 123.5 122.9 125.1 126.8 131.4 138.8 140.9 147.6 152.9 155 158 158.1 158.5 160.1 161.1 164.5 165.2 165.9 169.5 173.1 175.7 175.8 176.6 175.5 175 174.7 172.5 169.8 168.8 165.2 159.7 155.3 156.4 159.4 155.5 155 149.9 144.4 140.8 135.6 130.5 127.7 126.9 117.6 118.9 125.1 127.1 132.3 145.3 150.7 155.4 159.7 158.5 157.3 157.2 158.6 161 163.9 167.7 171.4 172.5 172.1
220.5 218.1 212.4 205.2 198.3 192.8 187.6 181.8 175.3 169.1 161 152.9 147.1 143.5 137.5 129.4 124.5 122.5 122.8 123.6 124.2 128.1 132.6 141 147.2 147.5 147.5 149.1 150.5 152.8 151.6 149.2 152.1 154.8 157.5 161.2 163.4 168.6 171.4 173.4 173.3 174 173.7 173.9 172.1 167.9 164.5 162.4 163.4 165 160.5 156.7 151.7 146.5 143.3 139.8 134.1 130.6 129.4 126.5 111.6 118 122.2 128.7 143.3 151.8 156.4 161.2 161.7 160 159.7 160.7 164.2 167 170.6 173.8 174.3 174.9
225.2 223.3 220 214.6 207.6 200.9 193.6 190.8 186.3 178.3 170.6 162.7 156.6 151.7 143 136.4 131.9 127.5 122.6 121.7 122.3 122.9 124.7 130.4 136.5 140.5 140.6 139.3 136.6 138.5 138.3 138.5 140.2 143.2 145.7 149.1 151.9 156.9 162.9 167.3 171.8 172.8 172.9 174.6 174.1 168.1 166.1 165.2 162.4 163.1 160.3 156.5 148.9 142.7 141.8 139.3 134.7 131.2 131.7 131 128.5 115.1 109.9 122 135.6 148.8 157.1 162.1 163.5 162.6 162.6 162.9 166.4 170.1 173.2 174.9 174.9 176
233.7 233.8 231.9 226.3 218.1 212.5 205.9 202.9 196.2 188.1 178.8 170.2 162.7 157.5 151 142 136.5 131.9 126.7 124.1 121.7 120.6 121.1 121.6 126.9 129.9 130 128.5 128.4 126.8 129.3 130 128.5 127.9 133.2 137 139 144.6 150.8 157.4 161.2 159.5 164.3 166.4 170.4 167.9 165.1 161.2 156.7 156.8 156.7 154.1 148.5 141 137.6 137.5 134.3 131.2 129.8 130.6 130.2 126.7 117.2 110.9 131.2 139.2 151.9 158.5 161.5 162.4 162 161.8 164.6 168.6 171.6 173.6 175.1 175.1
244 245.6 244.2 239.5 230.3 223.8 219.5 214.8 208 199.2 188.7 178.9 171.7 165.6 159.3 153.2 146.9 139.3 131.2 129.2 122.5 121.8 121.1 119.6 120.4 122.2 124.6 124.4 123.7 123.8 125 123.2 121.3 122 123.5 126.3 126 130.7 136.8 139.4 143 151.7 152.7 153.9 156.6 159.7 160.5 155.8 152.7 150.5 150.7 149.2 146.3 141.2 133.7 133.3 132.3 127.8 127.6 128.3 128.4 126.2 122.8 108.6 126.9 133.9 140.8 148.9 154.4 156.9 158.2 158.1 159.7 163.6 168 173.1 174.8 173.7
258.7 257.7 255.6 250.7 241.8 235.3 233.8 228.3 220.5 211.9 201.6 190.3 179.7 172.4 166.3 160.7 155.7 149.6 139.8 137.1 132.9 128.6 123.6 120.8 119.4 119.7 121.1 121.9 121.1 121.7 121.6 120.1 119.3 119.4 118.9 118.2 116.1 116.4 118.9 123.1 128.7 133.6 136.2 139.8 142.6 146 148.2 147.2 147.9 146.3 143.7 141.9 138.6 131.6 129.6 128.3 126.2 122.2 121.8 121.6 121 122.4 121.1 109.8 120.6 130.1 137.2 142.6 147.7 152.6 153 153.4 153.9 158.1 164 168.6 171.7 171
271.7 271.8 270.6 263.3 254.7 250.1 249 246.2 239 229.5 217.5 202.9 190.8 179.9 173.4 167.5 161.6 155.4 149.6 146 142.3 137.4 135.2 130 128.5 123.8 118.4 119 118.2 117.3 118.6 117.8 116.9 115.1 115.1 115.5 116.1 115.7 114.7 112.5 117.1 121.1 123.9 127.9 132.1 135.5 136.6 137.8 141.7 138.4 135.5 132.9 128.8 125.2 124 122.8 120.8 117.6 116.4 115.8 115.5 113.4 114.9 109.9 115.4 122.5 131.6 137.3 142.1 146.6 149.2 149.5 149.6 154.2 159.1 162.7 165.6 166.5
283.7 285.2 283.1 280.5 275.6 268.6 267.9 263.4 257.8 248.5 234.4 217.7 203.8 192.1 182.1 175.8 170.1 165.2 160.8 156.4 155.9 149.8 148.8 144.6 142.8 138 133.8 133 130 128.3 126.6 126.9 129.3 128.5 127 124.6 121.7 119.5 117.5 116.5 113.6 113.1 115 117.8 120 121.6 123 126.2 128.8 127 125.4 122.7 118.7 117 116.3 116.5 116.4 114.6 112.8 111.3 110.7 109.8 102.7 109.2 110.7 112.9 122.3 129.4 134.2 139.1 143 144.7 144.7 146.2 150.7 156.6 159.8 161.6
293.6 294.6 295.3 292.4 288.6 285.9 283.8 281.8 277.3 264.2 247.1 232.5 218 204.3 191.9 183.3 176.5 173.8 170.4 168.3 165.7 165.4 164.3 162 157.4 158.4 155.7 151.1 148.7 147.4 146.5 146.5 145 143.3 141 138.2 135.5 133.9 129.9 124.4 119.9 116.1 112 111.5 111.4 110.2 109.5 110.3 113.7 115.4 115.1 115.2 116.2 115.5 112.8 110.9 109 106.5 102.7 101.8 103.3 104.2 100.3 99.3 98.3 97.3 105.2 117.8 124.8 130.6 136.3 139.2 139.4 141.3 145.1 150.8 154 156.1
