webserver/python/data/ND12.asc
ncols 200
nrows 200
xllcorner 310000
yllcorner 920000
cellsize 50
[rows 37 to 73 of 200, columns 0 to 82 of 200]
126.8 122.5 134.2 127.4 109.5 131 167.4 197.1 226.4 228.1 222.1 223.2 221.1 218 213.9 209.9 206.4 203.5 200.3 195.4 192.1 189.4 179 168.8 155 148.5 131.4 140.8 142.7 143.3 145.5 148.3 150.6 154 157.5 160.7 165.8 174.7 185.5 193.7 196 197.4 198.6 198 196.3 194 191.6 189.8 188.2 187.4 186.6 185.7 185.1 184.1 183.9 184.1 184.3 184.6 183.6 181.9 178.3 174.6 174.2 173.9 173.6 173.2 172.9 172.5 171.6 171.7 171.2 170.6 169.9 169.3 168.6 167.9 169.3 171.5 173.5 172.4 169.3 165.1 159.2
126.9 121 120.4 120.7 108 124.7 147.4 173.4 202.8 212 207.4 198.6 192.3 189.9 189 188.2 184.6 179.5 175.4 173.9 173.8 169 162.2 148.3 140.7 146.4 115.3 134 145.7 147 145.9 147.8 149.5 152.6 155.6 159 169.2 181.2 191.7 196.9 198.7 199.6 199.4 198.2 196.6 194.9 192.9 192.3 192.3 186.8 185.5 184.2 183.3 181.8 181.7 181.9 182.2 182.5 183.5 181.3 178.1 175.1 174.3 174.1 173.8 173.5 173.1 172.8 172.3 173.1 172.7 172.3 171.8 171.1 170.4 169.8 171.8 174 175.7 173.5 170.5 166.2 160.3
127 122.7 120.3 118.8 107.1 115.6 129.5 152.9 179.1 194.9 193.6 178.7 168.1 161.6 160.7 157.4 152.2 147.5 143 143.2 144.8 143.2 138.4 129.7 128.5 125 105.9 129.8 146.3 150.9 147.2 146.9 148.5 151.5 154.6 158.1 172.4 186.4 193.6 198.7 200.9 200.3 199.7 198.6 197 195.4 194 194.1 193.1 187.7 184.6 183.1 181.4 179.6 179.7 179.9 180.2 181.6 182.7 180.8 176.4 174.4 174.4 174.1 174 173.8 173.4 173.4 173.6 174.6 174.2 173.8 173.4 173 172.3 172.2 174.4 176.6 176.8 174.3 171.6 167 161.3
128.7 124.4 122.9 119.4 106.4 114.6 117.4 136.2 167.7 178.7 173.8 159.3 143 134.3 128.9 124.2 121.8 119.3 115 113.9 115.2 114.7 112.9 109.8 102.4 99.7 100.2 117.8 133.8 145.7 146.8 146.1 147.1 150.2 153.2 156.9 172.1 188.3 195 198.6 200.6 200.6 200 198.9 197.3 195.7 194.4 193.5 191.8 187.5 183 181.4 178.1 178.1 178.2 178.1 178.4 179.1 179.8 177.9 175.5 173.7 173.7 173.6 173.5 173.4 175.1 175.6 175.5 175.9 175.7 175.3 174.9 174.5 174.1 174.7 174.7 175.8 177.3 174.9 172.4 167.8 162.3
134.7 126.1 122.9 118 107.5 114.2 114.8 126 153.8 157.2 148.5 133 120.7 112.4 106.8 104.7 103.5 94.3 92.1 91.2 90.6 90.1 89.2 88.9 90.1 92.8 95.9 98.6 124.5 136 143.8 143.5 144.8 147.3 150.1 155.9 172.2 189.8 195.4 198.2 200.2 200.9 200.3 199.2 197.6 195.9 195.4 193.5 188.7 182.6 179.4 178.6 176.1 175.6 176.8 176 174.8 175.3 176.2 176 174.6 172.9 172.8 172.9 172.8 174.4 177.3 177.6 177.4 177.2 177.1 176.7 176.6 176.6 176.6 175.4 174.1 176.2 176.9 174.5 172.3 168.4 163.3
146.5 130.4 125.2 115.7 106.1 113.8 112.5 111.1 123.7 123.9 119.5 113.1 106.5 106.6 105.1 93.8 93.2 97.4 104.6 103.5 101.2 98.3 94.7 96.7 95.6 89.9 86.5 85.6 115.1 131.1 139.4 139.3 141.4 144.5 148.6 155.6 175 192.2 196.7 199.3 199.9 200.6 200.2 199 197.6 196.4 195.6 193.8 187 178.6 173.4 173 173.4 172.9 175 173.9 172.1 171.7 172.1 172.3 172.4 171.9 171.8 172 172.1 175.5 179.2 179.5 179.4 179 179.7 179.8 179.8 179.8 179.8 178.5 176.4 175.3 176.6 174.4 172.1 169.2 164.6
150.2 138.1 128.4 115 109 104.5 111.5 111.4 111.3 109.3 108.2 107.9 105.8 99.4 95.9 107.8 119.1 128.4 134.9 135.1 132.8 129.4 127 122.8 110.6 97.3 91.9 88.4 107.2 123.9 134.6 134.6 137.4 141.9 148.1 158 177.7 194.4 198.4 199.6 199.8 200.3 199.3 198.2 197.4 196.7 195.8 193.7 187.1 177.2 170.2 170.3 170.1 171.1 172.8 171.7 169.9 168.6 168.6 168.8 170.2 169.2 170.2 171.1 173 176.7 180.3 181.2 180.9 180.5 181.9 182.7 183 183.1 182.9 181.5 178 175 175.8 174.4 172 169 164.7
155.2 144.6 136.5 124.2 111.6 108.1 105.8 106.8 105.7 100.3 102.3 101.3 96.4 110 126.1 137.6 148.8 156.7 162.2 164.6 163.7 159.2 149.9 134.7 114.8 93.4 90.6 85.2 103.9 120.5 126 130.1 134 140.7 147.6 158.2 179.1 196 198.9 199.7 199.9 199.9 199.3 198.6 197.8 197.1 196.3 193.4 186.2 175.8 170.7 169.7 169.1 169.4 168.9 168.5 168.2 167.9 167.4 167.1 167.1 167.8 168.5 170 173.8 177.8 180.9 182.4 182.4 182.3 183.7 184.8 185.7 186.5 186 183.4 179.8 175.9 174.4 173.9 171.7 168.7 165
164.2 154.8 144.5 137.6 121.9 112.7 105.9 101.4 98.7 98.7 102.2 110.4 125.6 139 148.1 161.7 174.6 186.2 193.2 195.9 193.4 184 167.7 143.2 120.6 90 89 86 107.3 113.7 120.1 126.5 132.8 141.2 149.4 166.1 188.9 197.7 198.8 199.8 200 199.3 198.9 198.5 198.1 197.5 196.9 195.6 186.3 173.1 170.1 169.2 168.6 168.1 168 167.7 167.5 167.2 165.9 165.9 165.8 166.6 167.3 170.7 174.9 178.7 181.6 183.1 184 184.6 185.3 186.3 187.9 189.2 187.8 184.7 180.9 176.6 173.6 173.1 171 169.3 165.3
180.2 167.9 158.9 153.4 148.3 139.9 134.6 129.4 126.7 129.3 133 139.1 146.7 157 169.3 182.7 198.4 211.2 218.7 220.1 209.8 197.1 177.2 147.6 120.3 89.1 85.4 89.5 102.5 111.6 117.5 124.2 131.5 140 153.2 177.9 200.1 202 199.1 200 199.2 198.8 198.4 198 197.6 197.4 197.6 197 187.5 174.2 169.9 169.4 169 167.9 167.1 166.9 166.6 165.6 164.9 164.7 164.7 165.4 166.7 170.1 175.5 179.6 182.1 183.7 184.5 185.4 185.8 186.3 188.7 190.8 188.7 185.2 181.3 175.7 173.3 172.2 171.6 169.9 165.9
195.6 181.5 180.8 177.4 172.9 163 160.4 155.9 151.8 153.1 155.5 160.1 167.4 178.3 190.5 203.9 219.7 233.2 245.3 244.2 226.4 203.9 176.5 150.5 123.6 92 83.6 92.9 100 110.5 115.5 122.4 130 143.5 163.8 187 203.6 206.3 202.9 200 198.6 198.3 197.9 197.5 197.3 197.1 197.4 196.2 190.1 177.9 170.1 169.7 169.3 168.9 166.3 165.9 165.4 164.4 164 163.7 163.5 164.3 166.3 169.5 174.9 179.4 180.8 182.5 184 185.2 185.8 186.4 189.7 191.7 190.1 185.9 181.4 175.5 172.8 171.6 172.6 170.2 166.9
207.3 201.5 205.5 201.5 192.9 191.8 190.7 183.8 177.4 175.1 177 182.3 189.7 203.7 215.3 225.4 236.4 248.7 252.7 247.5 233.2 202.5 174.8 150.3 128.6 104.5 83.3 88.1 94.7 109.1 115.4 123 129.9 150.5 171.6 187.8 202.2 206.9 207 205.5 198.3 197.7 197.4 197.2 197.1 196.9 196.9 195.8 190.3 183.7 173.2 170 169.6 169.2 167 164.8 164.1 163.5 163.1 162.8 162.5 163.4 166 169 173.7 178.6 180 181.3 183.1 184.2 184.1 186.1 190 192.1 190.3 185.7 180.2 174.3 171.7 170.6 173.1 170.5 167.2
223.6 225.3 229.1 226.8 224.4 222.5 217 209.4 201.5 196.7 197.8 205.2 216.7 225.3 233.9 242.1 249.9 249.9 248.3 239.9 219.4 191.5 168.6 145.9 127.3 113.1 84.4 84 88.7 106.8 112.9 120.3 135.5 156.1 174.7 186.6 197.2 204.7 208.2 208.9 202 197.3 197.1 197 196.8 196.7 196.3 195.3 189.8 184 175.1 170.3 169.9 169 166.3 163.8 163.1 162.5 162.2 162 161.9 162.3 164.9 168 172.4 177.8 179.5 178.8 182.2 183.3 182.8 185.5 190 192.1 189.7 184.8 178.8 172.6 170 169.7 173.2 169.5 166.8
252.8 249 250.5 251.4 250.7 247.5 239.9 230.8 222 218.1 222.6 227.5 235.1 241.8 248 255 258.9 251.5 237.3 223 202.2 177.9 158.3 138.7 125.5 111.5 100.6 79.8 82.7 88.8 110.5 119 138.4 159.5 176 186.6 193 204.8 210.5 211.9 209.8 200 196.8 196.7 196.6 196.5 195.7 194.7 189.7 182.8 174 170.5 169.8 168.2 166.3 164.4 162.1 161.7 161.6 161.4 161.3 161.4 163.1 166.6 171 176.1 178.3 176.8 180.5 182.3 180.9 183.8 189.2 191.1 187.6 181.5 175.7 170.2 168.1 168.7 172 168.4 164.9
276 269.9 274.3 274.7 270.2 266.7 260 251 243.8 239.8 241.5 242.6 245.5 251.4 257.2 264.8 262.4 250.2 228.4 209.6 187 170.1 152.5 133 118.5 106.4 94.6 89.1 78 81.7 100.6 122.9 146 165.4 176.9 185.4 191.3 200.6 208.8 211.3 210.6 208 196.1 196 196.2 195.9 195.7 195.1 191 182.7 172.8 169.9 168.6 166.8 164.9 163.1 161.6 161.1 161 160.9 160.8 160.6 162.1 164.9 169.8 174.5 176.3 175 178 179.9 178.6 180.6 187.4 187 182.8 176.9 171.1 167.6 166.1 167.4 171 167.4 163.9
295.3 295.8 296.8 294 288 281.6 273.9 265.9 259.8 255.3 252 251.7 253.3 257.4 263.6 266.9 261.9 243.8 221.4 197.2 180.2 162.7 146.5 127 113.7 97.8 92 88.7 87.1 77.9 96 127.4 155 169.2 177.3 184.4 191 197.8 202.2 207.5 210.6 208.8 200.6 195 194.3 194.2 194.9 197.1 194.7 184.1 176.1 168.8 167.3 165.5 163.6 162 161.1 160.4 160.3 160.2 160.1 160 160.7 163.2 168.1 172.1 173.2 174 176.7 177.3 176.6 178.3 181.8 182.6 177.7 171.4 166.6 164.6 163.5 165.8 169.9 166.5 162.6
316.8 315.3 314.3 310.4 301.4 292.4 285.3 278.4 271.5 265.1 259.5 256.7 255.2 257.1 262.5 262.8 251.7 229.6 208.8 191.8 171.9 157.6 136.7 116.5 100.6 93.1 89.3 88 86 78.1 101.9 137.3 160 169 176 183.3 190.6 193.1 197.5 205.6 208.8 207 202.6 196.1 193.4 193.6 192.5 195.9 191.3 182.1 175.1 168 166 164.2 162.5 161.6 160.6 159.7 159.6 159.5 159.4 159.4 158.9 161.8 165.9 169.3 170.4 172 173.9 174 173.2 174.5 177.2 177.6 171.9 166.3 161.9 160.2 161.8 164.1 168.3 164.4 160.5
336.3 331.9 328.9 322.6 312.1 302.6 295.2 288 280.3 273.6 265.8 258.3 252.9 249.9 252.2 244 231.3 211.6 197.9 185.5 165.7 149.6 124 108 94.9 88.5 78.5 79 74.9 99.3 127.5 149.9 160.1 166.8 174.5 182.6 189.4 191.3 196 204.5 209 204.8 199.2 195.3 192.8 192.3 190.5 191.5 187.2 179.7 173.8 167.8 164.7 162.9 162 161.1 160.2 159.2 158.9 158.9 158.8 158.7 158.2 159.7 163.8 166.6 167.4 168.2 171 171 170.5 170 173.6 172.2 168.2 163.4 158.5 157.4 159.2 161.9 166 162.7 157.8
352.6 346.8 340.6 331.9 322.4 313.7 305.8 298.3 289.5 280.6 271.7 260.4 250.5 244.2 238.6 226.2 210.4 200.3 191.2 179.3 160.6 136.2 116.1 98.4 85.8 76 75.3 85.2 100.7 120.7 136.1 150.4 157.8 163.9 169.3 178.3 190 191.1 192.4 199.5 207 200.1 192.8 192.8 191.7 190.8 188.6 186.1 183.2 178.2 172.6 166.7 163.6 162 160.8 159.6 159.3 159 158.7 158.2 158.1 158.1 157.3 157.4 161.3 163.7 164.4 164.3 167.5 168.4 167.9 166.6 167.2 167.8 164.2 160.4 156.6 155.5 157.6 159.2 162 160 155.1
365.1 358.8 350.9 339.9 330.2 322.8 313.6 305 295 284.8 273.8 261.1 248.5 236.5 224.8 213.4 203.9 195.9 187.4 176.5 151.7 127.1 109.5 86.2 73.6 77.2 84.8 87.4 99.8 117.3 132.9 146.6 153.9 160.3 164.9 177 190.4 190.6 188.7 192.3 198.8 188.9 189.4 192.1 191 189.5 187 183.7 180.4 175.8 170.3 166.2 163.2 160.3 159.6 159.3 159 158.7 158.3 158 157.6 157.3 156.1 155.6 157.5 159.3 161.3 161.4 163.6 165.9 164.7 163.2 161.5 161.9 160.3 157.1 156 154.9 154.9 156.3 156.2 156.4 152.4
373.4 366.9 357.4 346.4 335.8 326.5 316.4 307.3 297.3 285.6 274.1 260.4 246.5 230.8 216.9 207.6 197.6 189.5 181.2 164.7 142.7 120.6 108.1 85.3 74.7 75.5 84.2 89.8 95.7 110.6 127.3 140.9 149.5 156.9 161 171.7 189.7 190 186.9 186.9 186.9 186.9 188.3 194.4 190.9 189.2 186.7 184.3 182.1 175 170.3 165.7 162.7 160.4 158.9 158.3 158 157.6 157 156.6 156.3 155.8 154.9 153.7 154.8 156.7 158.3 158.6 159.9 163 162 159.9 157.2 158 156.8 155.1 153.9 152.8 152.3 152.7 152.2 151 149.3
380.8 372.4 361.4 349.7 337.7 327.1 317.1 305.6 294.6 283.3 271.3 257.1 242.7 226.8 212.6 201.2 189.9 179.1 166.2 149.2 134.1 122.1 111.2 101.9 74.6 73.3 86.9 88.7 92.9 105 118.7 132.8 142.9 152 159.4 167.2 179.5 184.1 186.9 186.9 186.9 186.9 191.2 195.6 192.5 188.9 186.4 185.7 186.8 180.2 171.7 166.3 162.1 160.4 158.9 157.7 157 156.4 155.8 155.2 154.9 154.3 153.4 152.5 152.4 154.2 155 155.4 158 160.1 159.1 157.2 154.5 152.7 154.5 153.1 151.8 150.6 151.2 150.4 148.5 146.3 145.4
385.7 377 362.9 347.7 334.7 321.2 309.2 298 288.3 276.6 264.1 252.2 237.2 221.5 206.7 194.6 179.7 164.2 152.3 141.8 131.6 121.1 113.1 105.6 92.1 73.9 75.4 87.6 89.3 97.8 110.4 124.7 136 147.1 158.3 167.9 179.8 192.1 189.6 186.9 186.9 186.9 192 193.9 192.5 189.2 187.8 186.9 186 183 174.6 168.5 162.2 160.6 159.1 157.9 157.8 156.2 154.6 154 153.6 152.8 151.9 151 150.1 151.3 151.2 152.3 155.3 157.5 156 154 151.6 149.9 149.8 151.3 149.9 148.5 149.9 149.1 145.8 142.5 141
385.3 372.8 357.3 341.9 327 311.4 299.1 290.3 281.8 269.3 257 245.5 232 215.8 201.3 186.9 170.3 159.5 148.4 139.6 131.4 122.6 115 107.7 99.7 80.3 73 74.7 78.8 95.2 106.1 118 132 144 155.5 169.6 182.3 196.4 192.8 186.9 189.3 192.4 194.9 194.2 193.2 191.5 189.4 187.7 187 183.3 175 169 163.6 161.7 160.3 159.3 159.3 158.4 156.3 154.2 152.2 151.2 150.1 148.9 147.8 147.7 148.1 148.5 151.9 154.8 152.9 151 149.2 147.4 145.9 147.4 147.7 147.4 148 147.1 143.6 140.3 137.2
378.4 364.6 351.4 333.3 318.1 302.8 289.6 281.5 272.9 261.7 250.5 239.7 227.9 212.9 197.4 180.1 170.4 161.7 150.6 141.9 133.1 124.6 118.1 106.9 99.3 83.5 76.4 72 76.3 79.1 98.6 109.3 123.9 138.3 152.6 169.9 185.8 197.2 194.5 190.8 192.4 195.2 197.2 196.5 194.8 193.1 191.3 189.5 187.5 183.9 175.2 169.5 165.4 162.8 161.5 160.7 160.4 160.6 158.5 156.1 154.1 152.6 151.1 149.4 146.5 144.6 144.9 146.1 148.4 152.6 150.9 149.2 147.3 145.5 143.6 143.1 145.9 146 146.1 144.4 141.2 137.3 134.1
367.6 356.2 339.1 322.7 307.9 293.2 282.8 272 261.8 252.8 244.3 236.3 223.6 210.5 192.5 180.2 171.6 160.9 152.3 143.6 134.4 125.6 116.6 107 100.4 89.6 79.7 72.2 71 75.2 81.7 101.3 115.4 134.4 149.4 165.1 189 196.8 195.9 192.6 195 197.2 198.6 197.9 194.8 192 190.2 188.6 186.9 183.5 175.4 170.4 166.4 164.9 164.3 162.6 161.8 161.6 160.3 158.8 156 154.6 152.9 149.8 147.1 144.1 141.8 143.5 144.9 147.8 149.1 147.3 145.5 143.6 142.1 140.5 142.4 143 143.5 142.1 139.6 135.6 131.1
357.4 345 329.1 314.4 299.3 286.1 274.1 258.6 251.7 244.5 238.5 232 222.3 208.5 192.8 180.9 170.9 161.6 152.9 144.3 135.6 126.2 118.2 109.2 101.6 93.2 79.1 77.9 70.2 72.7 75.3 92.2 110.6 128.8 147 160.9 181.1 196.3 197.2 193.9 195.6 197.9 199.1 198.4 194.4 192.1 190.6 188.5 186 182.2 175.9 170.8 169.2 169 168.2 167.2 165 163.2 162.4 161.4 158 156.5 153.3 150.2 147.1 145 142.2 138.9 141.6 142.9 145.8 145.5 143.6 142 140.5 138.9 139.9 141 140.9 139.6 138.1 133.1 128.1
347.4 335.5 320.9 307.1 294.1 277 258.5 248.5 242.4 237 234.2 228.1 217.8 208.1 194 182.5 172.2 161.9 153.2 146 137.1 129.1 120.7 111.6 103.7 97.9 85.6 77.2 72.4 69.7 74.3 82.5 107.9 122.4 141.4 160 172.6 187.3 192.6 195.2 197.5 200.4 200.4 199.4 198 194 189.9 187.6 185.3 181 176.5 173.3 172.9 172.7 173.1 168.7 166.3 164.8 163.8 164 160 156.9 153.7 150.6 147.5 145.6 142.4 139.2 138.4 140.3 142.2 143.1 142.1 140.7 139.3 138.5 137.7 139.4 138.3 137.3 135.7 130.9 125.7
333.5 324.8 313.6 300.7 287.6 269.6 254.6 244.1 235.8 230.9 228 222.8 214.3 203.5 196 186.7 173.6 162.5 154.4 147.7 139.6 130.2 121.6 114.2 107.2 100.2 92.3 84.3 79.7 70.3 70.8 76.7 97 121.8 142.9 159.9 177.1 187.7 194.4 198.1 203.5 202.7 201.8 201.2 198.6 193.8 189.7 187.3 184.9 180.5 176.8 175.1 176.2 175.7 175.9 175.8 172.2 166.3 164.5 162.7 160.4 158.4 155.3 151.9 148.1 144.6 141.5 138.4 133.8 137 138.6 140.2 141 139.8 138.9 137.9 136.9 139.1 136.5 135 133.1 129.3 124.6
326 316.8 305.6 294.2 283.7 272.4 259.2 244.8 232.6 225.7 222.8 216.2 209.8 202.8 195.7 183.7 173.6 164.1 157.6 151.6 141.3 132.2 122.5 115.3 108.3 101.3 96 89.7 84.4 72.2 68.2 72.1 85.5 116.3 148.1 168.2 182.9 192.1 200.1 205.3 208.3 206.4 202.5 201.6 197.9 193.3 189.8 187.5 184.2 182.8 180.8 178.6 180.4 178.3 177.6 176.2 172.6 168 164.9 162.8 160.1 157.1 154 150.7 146.6 143.4 140.5 138 135.5 133 135.4 136.9 139.2 138.7 137.6 136.4 135.2 137.2 135.2 133 131.8 128.1 124.2
316.8 309 297.8 287.9 279.3 269.8 256.5 241.9 230.6 220.9 215.8 211.2 207.5 201.5 186.9 177.4 167.5 158.4 156.6 152.5 144.8 132.9 123.5 116.5 109.5 102.4 96.1 88.8 79.9 70.3 69 70.2 85.9 122.2 151.2 173.3 186.1 195.8 203.2 209.8 211.1 208.6 204.5 200.6 196.4 192.5 190.1 187.6 185.3 185.2 183.6 181.8 182.5 179.4 177.2 175.1 171.9 168.4 164.8 162.4 158.5 154.8 151.3 148.1 145.4 142.8 140.1 137.4 134.8 132.7 133.2 134.9 136.7 137.2 136 134.7 133.7 134.8 133.9 131.5 130.5 126.9 123.1
308.9 298.8 286.7 280.1 271.9 261.7 247.4 235 224.4 213.1 205.2 204.9 196.6 189.2 180.7 172.8 164.1 156.2 155.2 149.6 142.5 133.1 124.7 117.2 109.8 101.2 89.1 78.8 74.8 69.5 68 73.6 99 135 158.9 177.2 190.7 199 206.9 213.7 214.7 211.5 206.1 200.5 196 192.8 190.3 187.7 186.9 186.8 186.2 184.3 181.8 178.1 175.7 174.3 171.9 168.4 165.3 161.9 158.3 154 149.7 146.3 143.9 141.6 139 136.3 134.2 132.8 129.2 133.2 134.2 135.3 135 133.9 132.8 133.1 133.7 130.7 128.5 124.6 120.7
296.7 287.3 276.6 268.3 259.4 251.8 238.7 227.4 219.4 206 199.8 193.3 189.6 182.4 176.2 169.7 163.5 158.3 152.4 149.1 140.9 132 124.2 117 108.5 97.6 77.9 72.3 69.8 68.2 67.7 99.7 122.3 147.3 166.2 183.6 195.1 202.5 211.1 217.2 218.2 214.4 208.3 201.7 196.3 193.3 191 189 189 189 187.6 183.6 180.5 178.2 175.5 174.2 172 167.9 164.5 161.4 157.5 153.2 148.9 144.5 142.4 140.4 137.8 135.1 133.7 131.7 127.1 130.8 131.9 133.1 134.7 133.5 132.2 132.1 131.6 129.6 126 122.3 118.9
283.1 271.5 261.8 254.4 245 236.8 229.1 224.7 213.8 205.2 200.5 196.7 187.7 180.2 175.8 170.6 165.2 159.2 152.6 139.8 137.7 130.5 123.2 116.2 108.4 85.7 75.9 69.1 64.5 67.6 94.2 116.9 136.8 161.3 176 186.9 199.5 207.9 214.6 219 220.9 217.5 210.2 203.7 197.6 195.1 193.1 191.9 191.7 191 188.5 185.1 181.1 178.5 176.1 174.1 172.1 168 163.9 161.2 157.3 152.4 148.1 143.8 140.9 138.8 136.7 134.5 131.9 130.2 127.4 128.4 129.5 131.4 133.6 134 131.7 130.8 129.6 128.6 124.2 120.6 117.3
270.4 263.8 248 238.3 231 225.2 221.4 214.7 209.9 204.3 200.3 195.6 189.2 182.4 178.1 172.5 165.9 158.3 148.7 141.6 133.8 125.4 119.7 113.1 109.3 81.2 71.2 64.5 67 75.5 107.9 126.2 143 164.8 181.8 191.3 200.3 210.5 217.4 223.2 224.7 218.4 211.8 205.3 199.6 197.3 194.9 194.6 192.7 191 188.2 184.8 181.6 178.4 176.6 174.3 172.2 168.1 163.8 160.2 156.3 151.5 147.2 143.1 139.7 137.5 135.8 132.4 130 129.2 127.4 124.8 128.4 130.9 133 133.6 131.9 130.5 129 126.9 123.2 119 115.6
259.7 246 236.2 227.1 220 215.7 211.5 209.4 205.7 203.8 199.5 196.1 191 185.4 181.7 177.2 169.8 158.9 149 142.1 141.9 136.9 127.4 109.7 95.7 75.2 65.6 66.2 68 83.4 112.6 129.5 147.6 170.1 186.3 195 201 211.1 221.4 226.7 228.3 221.2 213.9 207.2 201.3 197.7 196.8 195.8 194.9 191.9 186.4 183 180.6 177.8 174 173.1 172.3 167.9 163.2 159.1 155.2 150.6 146.3 142 138.3 136.4 134.8 131.9 128.5 128 126.9 125.9 126.8 129.1 131.4 133.7 132.3 131.1 129.1 126.6 123.3 118.2 113.9
245.6 237 227.6 220.3 214.8 210.6 206.3 203.7 202.5 201.6 199.6 196.6 190.8 186.8 181.9 176.7 168.3 158.7 149.2 141.7 136.9 137.2 133.1 120.6 101.2 76.8 65 65.7 68.6 90.1 100 128.6 150.4 169.7 187.6 195.8 203 211.6 222 231.7 232 221.9 216 209.3 205.1 198.9 197.9 197.1 196.5 192.6 186.3 182.3 180.5 177.2 172.9 170.2 170.7 167.4 162.7 158 154.1 149.8 145.4 141.1 137.1 134.4 131.9 130 128.6 127.2 126.5 124.6 124.7 126.9 129.4 132.2 133.4 132.1 129.4 126.8 124 120.1 115
