webserver/python/data/ND38.asc
ncols 200
nrows 200
xllcorner 330000
yllcorner 980000
cellsize 50
[rows 0 to 36 of 200, columns 0 to 84 of 200]
27.3 33 38 44.6 48.6 50 50.1 50.3 50.4 49.3 47.2 43.3 39.9 38.7 39.1 38.8 37.7 36.6 36.9 37.6 38.6 40.2 42.1 42.5 44 45.2 46.3 47.2 47.7 47.5 47.5 47.3 45.3 42.3 39.1 36 34.1 32.2 32.1 32.6 33.3 32.8 32.5 33.5 35 36.3 36.9 36.8 33.6 31.6 30.2 29 28.5 27.9 25.9 25 24.4 23.7 23 22.8 23.8 24.4 23.6 22.4 21.4 20 17.4 15.5 13.7 11.4 9.6 8.7 9.4 9 7.1 5.3 0.7 -0.9 -0.9 -0.9 -0.9 -0.9 -0.9 -0.9 -0.9
28.3 34.1 38.9 45.8 51.2 52.3 52.2 52.3 52 50.1 47.7 44.8 42.1 42.2 42.5 41.7 40.8 38.8 38.6 38.9 40.4 42.2 43.1 43.5 44.3 45.4 46.6 47.5 47.7 48.5 48.2 48 45.9 42.4 39.6 37.8 36.1 33.5 33.1 32.9 32.9 31.3 31.3 32.4 33.5 35.4 35.5 35.4 33.3 31.1 29.7 28.6 27.9 27.4 26.2 25.5 24.9 24.4 24.9 24.3 25.2 27.2 25.2 22.5 20.7 18.6 16.3 14.3 12.5 10.8 9.1 8.6 8.7 8 6.3 4.5 0.6 -0.9 -0.9 -0.9 -0.9 -0.9 -0.9 -0.9 -0.9
29.1 34.8 39.9 47.1 52.9 54.3 53.8 53.3 52.9 51.4 49.5 47.4 45.1 45.5 45.1 44.1 43.7 42.6 40.3 40.3 41.9 42.8 43.6 44.2 44.4 45.1 46.6 47.2 46.9 48.7 48.7 48.5 46.3 41.9 40 37.7 36.1 34.2 33.4 32.9 31.5 30.1 30 30.9 32.1 32.7 33.2 33.2 33.3 31.8 29.1 28.3 28.8 27.9 27.1 27.2 26.9 27.2 27.4 27 26.9 26 24.4 21.2 19.1 16.9 14.6 13 11.4 9.7 8.3 7.6 7.7 6.2 5.2 2.3 -0.9 -0.9 -0.9 -0.9 -0.9 -0.9 -0.9 -0.9 -0.9
30.3 35.6 41.7 48.7 52.9 54.2 54.1 54 53.3 52.5 51.5 50.4 48.3 47.8 47.1 46.9 46.5 46 42.7 42.5 42.3 42.9 43.6 44.2 44.5 45.2 47 46.8 47.1 48.7 47.9 46.7 44.4 41.1 38.9 37.3 35.8 34.3 33.7 32 30.2 29.1 28.6 28.7 29.5 30 30.5 30.6 30 29.3 28.5 28.3 28.8 29.4 29.6 29.4 29.2 29.2 28.2 27.9 27.5 25.9 23.9 20.3 17.5 15.1 12.9 11.4 10.2 8.8 7.8 7.1 6.4 5.1 2 0.4 -0.9 -0.9 -0.9 -0.9 -0.9 -0.9 -0.9 -0.9 -0.9
31.4 37.5 43.7 48.9 52.3 53.1 53.7 53.6 53.4 53.6 52.9 51.5 50.2 50.6 50.1 49.3 48.8 48.3 45.6 43.4 42.8 42.7 43.3 43.9 43.9 44.5 45.1 45.9 46 47 45.7 44.3 42 39.4 37.5 36.2 34.9 33.5 31.9 30.1 28.3 27.2 26.9 26.8 27 27.5 28 28.2 27.8 28.4 29.7 30.1 29.6 29.5 29.5 29.7 30.3 29.7 28.9 28.6 27.7 25.7 22.2 18.5 15.9 13.6 12 11.1 9.8 8.1 7.5 6.8 5.4 3 0.9 -0.9 -0.9 -0.9 -0.9 -0.9 -0.9 -0.9 -0.9 -0.9 -0.9
31.7 38.4 44.4 48 50.9 52.2 52.8 53.5 53.7 53.9 54.1 52.6 52.1 52.6 52.3 51 50.6 50.3 46.9 45.4 44.1 42.9 43 43.4 42.6 42.6 42.9 44.6 45.3 43.8 43.3 41.9 39.2 36.8 35.1 34 32.8 31.4 29.8 28.1 26.3 25.4 25.4 25.3 25.5 25.9 26.5 27.2 27.1 28.4 29.5 30.5 29.7 29.1 29 29.8 31.1 31.4 31.1 30 27.4 24 20.1 17.2 15.9 14.4 12.5 12.3 10.5 8.3 7.2 6.1 4.1 1.7 0.3 -0.9 -0.9 -0.9 -0.9 -0.9 -0.9 -0.9 -0.9 -0.9 -0.9
32 38 43.4 46.1 48.9 51.7 52.5 53.2 53.7 53.6 54 53.2 53.1 53.1 52.4 51.7 51 50.1 47.9 45.4 44.1 43.2 42.5 42.7 41.8 41.2 41.6 43.1 43.7 42.4 40.8 39.4 36.3 34.2 32.8 31.8 30.7 29.3 27.7 26 25.4 24.8 24.7 24.6 24.1 25.2 26.1 26.1 26.2 26.9 27.6 27.9 28.1 27.9 28.4 31.4 33.7 32.8 31.6 29.9 27.1 23.1 19.9 17.8 17.9 16.8 15 13.4 11.2 9.1 6.9 5.1 1.8 -0.9 -0.9 -0.9 -0.9 -0.9 -0.9 -0.9 -0.9 -0.9 -0.9 -0.9 -0.9
31.8 37.1 41.7 44.7 48 51.1 52.5 53.3 54.7 55.6 55.1 53.6 53.5 52.7 52 51.2 49.9 49 48.1 45.9 44.2 43.5 42.8 41.9 40.9 40.4 40.7 42 42.3 41.5 39.8 37.5 34.3 32.8 31.6 30.1 28.7 27.7 26.9 25.8 25 24.5 24.3 24 23.3 23.4 24.2 23.8 24.5 25.1 25.7 26.7 28.2 28.4 29.2 30.9 31.4 31 29.5 27.6 25.1 24.4 21.6 20.1 18.7 17.7 16 13.3 10.5 7.3 3.7 1.1 -0.9 -0.9 -0.9 -0.9 -0.9 -0.9 -0.9 -0.9 -0.9 -0.9 -0.9 -0.9 1.4
32.1 35.8 40 44.2 47.2 50.8 52.4 53.3 55.3 56 56 53.9 52.9 52.1 50.9 49.7 48.5 47.9 47.4 45.8 44.2 43.2 42.3 41.2 40 39.9 40.4 41.2 41.4 40.4 38 35.6 33.6 32.4 31.1 29.4 28.8 28.1 27.2 25.9 25.1 24.7 24.4 24 23.7 23.4 23.7 23.7 23.3 23.7 24.8 26 27.1 27.7 28.3 28.8 29.5 27.8 26.2 24.7 24.8 25.3 23.1 20 17.9 16 14 10.8 7.2 3.5 0.7 -0.9 -0.9 -0.9 -0.9 -0.9 -0.9 -0.9 -0.9 -0.9 -0.9 1.1 1.8 4.5 6
31.7 34.7 39.2 43.4 47.2 50 51.1 52.5 56.1 56.4 55.1 52.9 51.6 50.4 49.2 48 47.7 47.7 46.5 45.1 43.6 42.6 41.6 40.5 39.6 39.4 40 39.9 39.8 39.2 37.9 35.4 33.9 32.1 30.9 29.9 29.2 28.6 27.5 27 26.5 25.9 25.6 25 24.4 23.7 23.7 24 23.5 21.6 22.4 23.9 25 25.2 25.8 26.3 27 26.3 24.6 23.4 23.9 24.1 21.4 18.2 15.5 13.3 11 8.1 5.2 -0.9 -0.9 -0.9 -0.9 -0.9 -0.9 -0.9 -0.9 -0.9 -0.9 -0.9 -0.9 3.6 5.3 7.3 8.4
31.2 34.6 38.9 43.3 46.5 49.1 50.5 53 55.7 55.2 53.1 51 49.6 48.4 47.2 46.7 46.7 46.3 45.7 44.2 43.1 42 41 40 39.8 39.5 39.2 39.1 39 38.4 37.6 36 35.1 34.2 33.1 32.1 30.8 30 30 29.5 28.2 27.5 26.7 25.4 24.6 24 23.7 23.9 22.4 21.1 20.9 21.6 22.2 22.8 23.2 23.9 24.6 24.8 23.1 22.3 22.7 22.3 19 15.7 12.6 10.1 7.9 4.5 1.3 -0.9 -0.9 -0.9 -0.9 -0.9 -0.9 -0.9 -0.9 -0.9 -0.9 -0.9 3.1 4.6 6.7 8.7 10.8
31.6 35.9 40.3 43.1 45.1 46.3 50.3 54.8 55.3 53.3 50.4 48.1 47.3 46.6 45.8 45.6 45.2 44.8 44.3 43.6 42.6 41.9 41.2 40.9 40.6 40.1 39.3 39.2 38.6 38 37.2 35.9 34.9 34.7 34.2 34.1 33 31.9 32.3 32.5 30.2 28.4 27.2 25.8 24.4 24 23.4 22 20.4 19 19.1 19.5 19.8 20.2 20.8 21.4 22.1 22.8 22.1 20.6 19.5 18.3 14.9 11.6 9.2 6.7 2.9 2.8 0.6 -0.9 -0.9 -0.9 -0.9 -0.9 -0.9 -0.9 -0.9 -0.9 -0.9 3.5 5.8 7.4 8.6 9.7 12.7
32.9 37.4 41.7 41.2 43.7 46.3 51.6 53.3 51.8 49.9 47.5 45.9 44.5 43.8 43.6 43.3 43 43 43.4 43.3 43.2 42.5 42.2 41.8 41.8 40.8 40.1 38.8 38.2 36.9 35.7 35.1 35.2 35.1 34.5 34.3 34.5 33.9 34.1 33.6 32.1 30 28.5 26.3 24.6 24 22.4 20.7 18.9 17.8 17 17.4 17.7 18 18.9 19.6 20.4 21 20.1 18.5 16.6 14.4 11.4 8.8 6.5 4.4 1.8 2.6 1.2 0.1 -0.9 -0.9 -0.9 -0.9 -0.9 -0.9 -0.9 -0.9 2.2 4 6.3 8.4 10 12.7 16.6
32.6 36.6 38.8 40.1 42.5 47.2 51 49 47.7 46 44.7 42.3 41.3 40.4 40 40.7 41.8 42.4 43 43.5 43.5 43.3 42.8 42.9 43.3 42.4 40.2 38.7 37 34.7 34.1 33.9 34.3 34.7 34.7 34.6 34.8 35.1 34.5 33.7 32.7 31.1 28.9 26.4 24.7 23.2 21.6 19.8 17.7 16.6 16 15.7 15.8 16.2 17 18.2 19 18.7 17.6 16.2 14 12.4 9.5 7.6 5.3 3.2 2 2.3 2.9 1.7 1.6 1.8 1.6 1 1.3 2.9 2.7 3 3.7 4.6 6.7 8.6 11.2 16.1 20.3
33.2 35.7 37.3 39.3 43.9 47.4 47.9 45.6 43.7 41.2 38.3 36.8 36.4 37 38.4 39.5 41.4 43.1 43.6 43.4 43.4 43 42.2 41.3 41.3 40.4 38.6 36.9 34.9 33.1 32.7 33 33.4 33.9 34.8 34.8 35.3 35.3 34.6 33.7 32.9 31.2 29.4 26.3 23.7 22.2 20.3 18.5 16.6 15.5 15.2 15.1 15.2 15.9 16.5 17 17.1 16.2 15.1 13.8 11.3 10.1 8.3 6.4 4.1 3.6 3.7 4.5 5.5 5.4 4.6 3.7 3.1 2.8 3.6 4.6 5.1 5.3 6 5.5 7.4 10.6 14.7 18.8 22.4
33.4 34.9 36.4 41 44.5 46.2 43.9 41.2 37.8 34.8 33.1 33 33.9 35.6 37.1 38.7 40 40.7 41.9 43.2 42.7 42 41.2 40.3 39.3 38.6 37.1 35.4 32.8 31.7 31.7 32.1 32.4 33.2 34 34.5 34.8 34.3 33.4 32.9 31.7 30.1 28.5 25.8 22.8 21 18.5 17 15.3 15 14.8 14.7 14.7 15.4 15.1 14.9 14.8 13.2 11.7 10.5 9.2 8.3 7.2 6 7.1 6.8 6.3 6.3 6.4 6.6 5.8 4.9 4 4.1 5.5 6.6 7.2 7.5 5.9 7 10.8 15.2 19.2 22.5 25.1
32.7 34.7 38.3 42.2 43.2 43.1 40.2 37.4 33.8 31.2 30.1 30.4 32.3 34.2 35.9 37.5 38.7 40.2 41.7 41.6 40.7 40.7 40.2 39.4 38.5 37 35.5 33.8 31.8 30.8 30.5 30.9 31.4 31.5 31.6 32.1 32.4 32.2 31.7 31.1 30.1 28.8 27 24.8 21.8 18.9 16.9 15.4 14.7 14.5 14.4 14.3 14.3 13.8 13.9 13.3 12.1 10.6 9.6 8.7 8.2 7.1 7.4 10 11.6 10.5 8.6 7.9 7.2 7.2 6.9 6 6 6.7 7.6 8.5 9 7.7 6.8 8 13.2 18.5 22.2 25.1 27.6
33.7 36.3 39.3 42 41.4 40.7 38 34.2 30.4 28.6 28.1 28.7 31.3 33.5 35.3 36.9 38.6 40.6 41.8 40.9 41.6 40.7 39.7 38.7 37.6 36.7 34.4 32.5 31.1 30 29.8 29.7 29.3 29.1 29.2 29.2 29.5 29.3 28.8 27.9 26.8 25.7 24.6 22.3 19.7 17 15.8 14.8 14.4 14 13.9 13.8 13.8 14.3 11.7 10.7 9.9 9 8.2 7.7 7.9 9.2 10.4 12.6 13.9 13.2 11.6 9.4 8.8 8.3 8 7.7 8.7 9.6 9.3 9.6 8.4 7.4 7.3 10.7 16 21 24.7 27.8 29.8
35.3 38.4 41.5 41.7 40.7 38.7 34.7 30.8 27.2 25.7 25.5 27.7 30.2 32.8 34.6 37.3 39.4 41 41.3 41.8 42.2 40.2 39.6 40.4 38.6 36.8 34 31.9 30.8 29.3 28.7 28.3 27.8 27.3 26.6 26.4 26.5 26.3 25.9 25.2 24.7 23.6 22.4 20.2 17.8 16.8 15.8 15.5 14.4 14 13.3 12.7 12.4 11.9 10.6 9.7 8.9 8.1 7.6 7.8 9.6 11 12.5 13.4 13.6 13.4 12.8 11.1 10 9.5 9.6 10.1 10.3 9.6 9.2 8.9 7.4 4.2 5.3 9 18 22.5 23.9 -0.9 -0.9
36.1 39.8 42.5 40.3 38.5 35.3 31.3 28.2 24.8 23.2 24.4 26.7 29.3 32 35.7 38.5 39 39.9 40.5 42.8 43.6 40.2 41.1 42.7 41 36.9 34.4 31.9 29.6 28.3 27.4 26.9 26.4 25.8 25.2 24.9 25.4 26.1 25.8 23.4 23.5 22.9 21.7 20 20.3 20.1 17.5 16.8 15.3 14.5 13.6 12.8 11.8 10.7 9.7 8.9 8.4 8 7.8 8.8 10.9 11.9 12.5 12.9 13.2 13.2 12.5 11.9 11.1 11.5 11.3 10.5 9.5 9.2 9.7 3.2 -0.9 -0.9 -0.9 -0.9 -0.9 -0.9 -0.9 -0.9 -0.9
35.1 37.7 38.8 37.6 34.5 32.1 31.6 28.4 22.5 22.5 23.5 26.5 29.4 33.9 36.9 38.4 38.8 39.7 41.2 43.1 42.4 41.4 42.5 43.1 41.3 37.9 35.3 33.1 29.4 27.4 26.4 25.6 25.1 24.8 24.9 24.6 25.5 26.8 25.8 25 25.2 24.7 22.9 24 24.2 24.4 20.6 19.4 18.2 16.3 13.6 12.6 11.5 10.5 9.6 9.5 8.3 8.6 9.3 10.1 11.1 12 12.4 12.7 13.5 12.7 11.7 11.6 11.3 11.1 10.6 9.9 10.3 9.3 1.4 -0.9 -0.9 -0.9 -0.9 -0.9 -0.9 -0.9 -0.9 -0.9 -0.9
30.8 33.2 34 31.2 28 28 29.1 24 20.9 21.4 22.9 26.2 29.7 34.1 35.5 36.4 36.9 39.5 41.1 42.8 42.6 44.4 44.1 42.6 39.9 37.2 36.6 33.9 29.4 26.4 25.6 24.7 24.8 25.2 25.4 25.7 26.4 27.2 26.4 26.9 27.3 26.3 25.5 25.7 27 25.3 22.5 19.5 17.8 15.8 13.1 12.2 11.2 10.7 10.2 9.7 9.7 8.7 9.3 9.6 10 11.4 11.3 10.9 12.7 12.3 11.6 11.1 10.8 10.6 10.3 10.4 10 -0.9 -0.9 -0.9 -0.9 -0.9 -0.9 -0.9 -0.9 -0.9 -0.9 -0.9 -0.9
25.8 26.7 26 24.3 24 24.6 23.8 19.4 19.6 20.5 22.8 26.5 29.7 32.2 33.5 34.3 36.7 39.5 40.6 41.8 45.1 47.8 47.2 42.2 39.4 36.9 35.9 33 29.5 27.3 25.2 24.8 25.6 26 26.6 27.5 28.1 27.8 27.4 27.3 26.6 26.1 27 24.9 24.6 22.7 20.5 18.4 16.2 13.6 12.8 12 12 11.6 11.4 10.5 9.5 9.3 9.1 9.2 -0.9 -0.9 -0.9 -0.9 11 11.9 12.4 13.2 11.3 -0.9 9.3 1.7 -0.9 -0.9 -0.9 -0.9 -0.9 -0.9 -0.9 -0.9 -0.9 -0.9 -0.9 -0.9 -0.9
17.6 19.6 19.6 20.2 20.9 19.4 18.4 17.9 19.2 21.2 23.9 27.1 28.4 30.3 31.9 34.5 37.1 39.7 40.5 43 47.1 49.7 47.9 42.1 38.3 35.5 33.5 30.5 27.6 25.9 25.3 25 26.1 26.9 27.7 28.5 28.4 28 27.5 27.4 27.1 27.2 24.8 22 21.5 19.7 18 15.9 14.9 13.4 12.8 12.7 12.5 12.5 12.4 12.2 11.1 10 8.2 1.1 -0.9 -0.9 -0.9 -0.9 11.9 13.2 12.4 11.7 4 -0.9 -0.9 -0.9 -0.9 -0.9 -0.9 -0.9 -0.9 -0.9 -0.9 -0.9 -0.9 -0.9 -0.9 -0.9 -0.9
1.8 15.4 14.3 18.6 18.3 15.1 15.8 17.5 19.6 22.3 25 26.4 27.8 29.5 32 34.6 37.2 40 41 45.1 48.2 48.6 46.5 40.4 35.5 32.9 30.4 28.5 27.5 26.7 25.8 25.3 26.1 27 27.8 28.6 28.6 27.4 26 26.5 27.4 26.2 21.9 19.8 18.7 16.9 15.1 13.7 13.8 14.5 14.6 15 14.1 -0.9 12.7 12.7 11.8 10.2 1.7 -0.9 -0.9 -0.9 -0.9 -0.9 6.9 9.2 3.2 -0.9 -0.9 -0.9 -0.9 -0.9 -0.9 -0.9 -0.9 -0.9 -0.9 -0.9 -0.9 -0.9 -0.9 -0.9 -0.9 -0.9 -0.9
-0.9 -0.9 -0.9 -0.9 -0.9 -0.9 14 18.3 21 23.3 24.4 25.6 27.7 30.6 32.8 35.2 38.1 40.7 42.7 45.2 46.5 45.2 41.6 37.4 33.4 30.9 29.9 28.9 28.7 27.4 26.1 24.9 25.7 26.4 27 27.2 27.1 24.6 24.6 23.9 24.2 23 21.5 18.9 16.2 13.9 12 2.2 16.1 16.9 16.9 2.4 -0.9 -0.9 -0.9 -0.9 -0.9 -0.9 -0.9 -0.9 -0.9 -0.9 -0.9 -0.9 -0.9 -0.9 -0.9 -0.9 -0.9 -0.9 -0.9 -0.9 -0.9 -0.9 -0.9 -0.9 -0.9 -0.9 -0.9 -0.9 -0.9 -0.9 -0.9 -0.9 -0.9
-0.9 -0.9 -0.9 -0.9 -0.9 -0.9 -0.9 20.7 24 25.2 25 25.9 27.9 30.4 32.9 35.6 38.4 40.7 42.5 43.2 43.4 42.8 40.3 35.9 32.7 30.9 30 29.9 29.2 28.2 27.2 25.5 25 25.2 25.4 25.2 24.5 23.1 23.2 21.9 19.3 19.6 18.3 15.6 13.8 12.5 -0.9 -0.9 -0.9 18.9 19.1 -0.9 -0.9 -0.9 -0.9 -0.9 -0.9 -0.9 -0.9 -0.9 -0.9 -0.9 -0.9 -0.9 -0.9 -0.9 -0.9 -0.9 -0.9 -0.9 -0.9 -0.9 -0.9 -0.9 -0.9 -0.9 -0.9 -0.9 -0.9 -0.9 -0.9 -0.9 -0.9 -0.9 -0.9
-0.9 -0.9 -0.9 -0.9 -0.9 -0.9 -0.9 -0.9 25.6 26.4 26.4 26.4 28.4 30.1 32.8 35.4 37.9 39.9 40.8 41.6 41.9 42.3 39.4 35 33.1 30.7 30.6 29.6 29.5 28.8 28.8 26.3 24.2 25 25.2 22.1 21 20.8 21.4 20.2 18.2 16.9 14.1 4.3 10.8 6.4 -0.9 -0.9 -0.9 -0.9 -0.9 -0.9 -0.9 -0.9 -0.9 -0.9 -0.9 -0.9 -0.9 -0.9 -0.9 -0.9 -0.9 -0.9 -0.9 -0.9 -0.9 -0.9 -0.9 -0.9 -0.9 -0.9 -0.9 -0.9 -0.9 -0.9 -0.9 -0.9 -0.9 -0.9 -0.9 -0.9 -0.9 -0.9 -0.9
-0.9 -0.9 -0.9 -0.9 -0.9 -0.9 -0.9 -0.9 -0.9 -0.9 23.9 27.4 28.5 29.9 32.3 34.9 36.9 38.9 39.5 40.8 41.7 40 36.3 34.4 31.8 29.6 29.5 28.8 28.4 30 31.7 27 22.1 23.6 22.7 20.7 20.5 19.9 19.5 17.5 14.2 1.3 -0.9 -0.9 -0.9 -0.9 -0.9 -0.9 -0.9 -0.9 -0.9 -0.9 -0.9 -0.9 -0.9 -0.9 -0.9 -0.9 -0.9 -0.9 -0.9 -0.9 -0.9 -0.9 -0.9 -0.9 -0.9 -0.9 -0.9 -0.9 -0.9 -0.9 -0.9 -0.9 -0.9 -0.9 -0.9 -0.9 -0.9 -0.9 -0.9 -0.9 -0.9 -0.9 -0.9
-0.9 -0.9 -0.9 -0.9 -0.9 -0.9 -0.9 -0.9 -0.9 -0.9 -0.9 28.2 28.9 29.7 26.5 33.9 35.9 -0.9 35.1 40.2 40.3 36.1 20.8 33 30.2 29.1 28.8 28.6 28.1 27.9 27.8 25.2 16.3 22.2 20.9 20.3 20 19 16.4 -0.9 -0.9 -0.9 -0.9 -0.9 -0.9 -0.9 -0.9 -0.9 -0.9 -0.9 -0.9 -0.9 -0.9 -0.9 -0.9 -0.9 -0.9 -0.9 -0.9 -0.9 -0.9 -0.9 -0.9 -0.9 -0.9 -0.9 -0.9 -0.9 -0.9 -0.9 -0.9 -0.9 -0.9 -0.9 -0.9 -0.9 -0.9 -0.9 -0.9 -0.9 -0.9 -0.9 -0.9 -0.9 -0.9
-0.9 -0.9 -0.9 -0.9 -0.9 -0.9 -0.9 -0.9 -0.9 -0.9 -0.9 -0.9 -0.9 30.9 31.5 -0.9 -0.9 -0.9 9.1 38.1 37.6 -0.9 7.5 34.5 32 29.8 29.6 29.8 28.7 27.4 26.4 25.1 -0.9 -0.9 2.1 20.4 20 18.7 17.3 -0.9 -0.9 -0.9 -0.9 -0.9 -0.9 -0.9 -0.9 -0.9 -0.9 -0.9 -0.9 -0.9 -0.9 -0.9 -0.9 -0.9 -0.9 -0.9 -0.9 -0.9 -0.9 -0.9 -0.9 -0.9 -0.9 -0.9 -0.9 -0.9 -0.9 -0.9 -0.9 -0.9 -0.9 -0.9 -0.9 -0.9 -0.9 -0.9 -0.9 -0.9 -0.9 -0.9 -0.9 -0.9 -0.9
-0.9 -0.9 -0.9 -0.9 -0.9 -0.9 -0.9 -0.9 -0.9 -0.9 -0.9 -0.9 -0.9 -0.9 -0.9 -0.9 -0.9 -0.9 -0.9 -0.9 -0.9 -0.9 -0.9 -0.9 -0.9 -0.9 23 30.7 32.1 30.8 30.5 30.9 -0.9 -0.9 -0.9 -0.9 -0.9 -0.9 -0.9 -0.9 -0.9 -0.9 -0.9 -0.9 -0.9 -0.9 -0.9 -0.9 -0.9 -0.9 -0.9 -0.9 -0.9 -0.9 -0.9 -0.9 -0.9 -0.9 -0.9 -0.9 -0.9 -0.9 -0.9 -0.9 -0.9 -0.9 -0.9 -0.9 -0.9 -0.9 -0.9 -0.9 -0.9 -0.9 -0.9 -0.9 -0.9 -0.9 -0.9 -0.9 -0.9 -0.9 -0.9 -0.9 -0.9
-0.9 -0.9 -0.9 -0.9 -0.9 -0.9 -0.9 -0.9 -0.9 -0.9 -0.9 -0.9 -0.9 -0.9 -0.9 -0.9 -0.9 -0.9 -0.9 -0.9 -0.9 -0.9 -0.9 -0.9 -0.9 -0.9 1.8 32.5 35 33.9 -0.9 -0.9 -0.9 -0.9 -0.9 -0.9 -0.9 -0.9 -0.9 -0.9 -0.9 -0.9 -0.9 -0.9 -0.9 -0.9 -0.9 -0.9 -0.9 -0.9 -0.9 -0.9 -0.9 -0.9 -0.9 -0.9 -0.9 -0.9 -0.9 -0.9 -0.9 -0.9 -0.9 -0.9 -0.9 -0.9 -0.9 -0.9 -0.9 -0.9 -0.9 -0.9 -0.9 -0.9 -0.9 -0.9 -0.9 -0.9 -0.9 -0.9 -0.9 -0.9 -0.9 -0.9 -0.9
-0.9 -0.9 -0.9 -0.9 -0.9 -0.9 -0.9 -0.9 -0.9 -0.9 -0.9 -0.9 -0.9 -0.9 -0.9 -0.9 -0.9 -0.9 -0.9 -0.9 -0.9 -0.9 -0.9 -0.9 -0.9 -0.9 -0.9 -0.9 -0.9 -0.9 -0.9 -0.9 -0.9 -0.9 -0.9 -0.9 -0.9 -0.9 -0.9 -0.9 -0.9 -0.9 -0.9 -0.9 -0.9 -0.9 -0.9 -0.9 -0.9 -0.9 -0.9 -0.9 -0.9 -0.9 -0.9 -0.9 -0.9 -0.9 -0.9 -0.9 -0.9 -0.9 -0.9 -0.9 -0.9 -0.9 -0.9 -0.9 -0.9 -0.9 -0.9 -0.9 -0.9 -0.9 -0.9 -0.9 -0.9 -0.9 -0.9 -0.9 -0.9 -0.9 -0.9 -0.9 -0.9
-0.9 -0.9 -0.9 -0.9 -0.9 -0.9 -0.9 -0.9 -0.9 -0.9 -0.9 -0.9 -0.9 -0.9 -0.9 -0.9 -0.9 -0.9 -0.9 -0.9 -0.9 -0.9 -0.9 -0.9 -0.9 -0.9 -0.9 -0.9 -0.9 -0.9 -0.9 -0.9 -0.9 -0.9 -0.9 -0.9 -0.9 -0.9 -0.9 -0.9 -0.9 -0.9 -0.9 -0.9 -0.9 -0.9 -0.9 -0.9 -0.9 -0.9 -0.9 -0.9 -0.9 -0.9 -0.9 -0.9 -0.9 -0.9 -0.9 -0.9 -0.9 -0.9 -0.9 -0.9 -0.9 -0.9 -0.9 -0.9 -0.9 -0.9 -0.9 -0.9 -0.9 -0.9 -0.9 -0.9 -0.9 -0.9 -0.9 -0.9 -0.9 -0.9 -0.9 -0.9 -0.9
-0.9 -0.9 -0.9 -0.9 -0.9 -0.9 -0.9 -0.9 -0.9 -0.9 -0.9 -0.9 -0.9 -0.9 -0.9 -0.9 -0.9 -0.9 -0.9 -0.9 -0.9 -0.9 -0.9 -0.9 -0.9 -0.9 -0.9 -0.9 -0.9 -0.9 -0.9 -0.9 -0.9 -0.9 -0.9 -0.9 -0.9 -0.9 -0.9 -0.9 -0.9 -0.9 -0.9 -0.9 -0.9 -0.9 -0.9 -0.9 -0.9 -0.9 -0.9 -0.9 -0.9 -0.9 -0.9 -0.9 -0.9 -0.9 -0.9 -0.9 -0.9 -0.9 -0.9 -0.9 -0.9 -0.9 -0.9 -0.9 -0.9 -0.9 -0.9 -0.9 -0.9 -0.9 -0.9 -0.9 -0.9 -0.9 -0.9 -0.9 -0.9 -0.9 -0.9 -0.9 -0.9
-0.9 -0.9 -0.9 -0.9 -0.9 -0.9 -0.9 -0.9 -0.9 -0.9 -0.9 -0.9 -0.9 -0.9 -0.9 -0.9 -0.9 -0.9 -0.9 -0.9 -0.9 -0.9 -0.9 -0.9 -0.9 -0.9 -0.9 -0.9 -0.9 -0.9 -0.9 -0.9 -0.9 -0.9 -0.9 -0.9 -0.9 -0.9 -0.9 -0.9 -0.9 -0.9 -0.9 -0.9 -0.9 -0.9 -0.9 -0.9 -0.9 -0.9 -0.9 -0.9 -0.9 -0.9 -0.9 -0.9 -0.9 -0.9 -0.9 -0.9 -0.9 -0.9 -0.9 -0.9 -0.9 -0.9 -0.9 -0.9 -0.9 -0.9 -0.9 -0.9 -0.9 -0.9 -0.9 -0.9 -0.9 -0.9 -0.9 -0.9 -0.9 -0.9 -0.9 -0.9 -0.9
