webserver/python/data/NF82.asc
ncols 200
nrows 200
xllcorner 80000
yllcorner 820000
cellsize 50
[rows 0 to 36 of 200, columns 0 to 83 of 200]
102.5 113.9 124.1 130.7 134.3 134.7 137 142.4 147 152.4 154 159.7 165.8 172.9 180 185.8 191.8 198.1 197.7 210.7 226.4 239.4 259.9 278.1 304.4 337.7 362.8 391.7 408 400.8 381.6 361.3 337.7 320.4 299.2 279.4 267.3 249.8 238.8 234.5 222.6 214 201.3 186.8 174.1 165.3 151.2 146.6 144.9 141.1 134.5 126.9 114.7 92.4 66.6 58.8 50.9 45.9 42.1 43 42.5 42.8 43.2 43.9 45.6 46.8 47.9 43.5 44.5 46 52.3 63.1 58.4 53.7 42.9 22.8 -1.8 -1.8 -1.8 -1.8 -1.8 -1.8 -1.8 -1.8
96.9 110 117.7 128.7 129.4 128.2 131.4 135.7 137 141 146.8 149.5 156.2 161.5 168 171.8 174.3 177.8 181.3 192.8 209.9 228.5 238.5 257.3 281.2 315.9 348.1 369.8 386.8 381.6 367.2 350.7 331.6 315 294.2 271.3 257.9 248.7 242.7 246.1 251.7 247.3 232.6 221.6 196.2 188.6 178.8 167 164.7 155.7 137.2 117.1 102.5 86.4 79.5 69 60.1 55.6 57.1 54.1 49.4 45.1 45 43.5 44.9 46.3 46.3 42.4 41.4 42.7 49.5 55.3 58.8 58.9 51.8 29.5 -1.8 -1.8 -1.8 -1.8 -1.8 -1.8 -1.8 -1.8
87.5 100.1 112.7 118.6 118.9 121.2 126.6 131 131.6 132.4 134.2 136.3 135.4 143.1 150.8 156.3 162.4 163.5 171.7 178.1 198 214.9 230.7 245.4 265.9 296.2 329.4 348.6 362.1 360.8 352 340.4 320.9 297.5 288.3 276.3 262.1 251.4 251.5 257 260.2 255.2 245.3 232.2 213.6 201.9 193.4 177.5 174.4 163.6 146.6 136.8 126.8 118.9 108.1 96.1 85.8 69.2 66.4 59.5 56.5 47.5 43.1 41.3 41.7 44.4 44.1 38.9 37.9 38.9 46.9 48.8 54.8 54.5 49 34.3 -1.8 -1.8 -1.8 -1.8 -1.8 -1.8 -1.8 -1.8
78 92.1 101 106.3 111.6 114.4 119.7 122.9 125.3 126.6 128.7 129.7 126.4 128.4 133.6 139.2 146.3 153.1 157.9 167.1 177.4 190.6 213 228.5 254.5 283.2 310.3 333.2 338.7 341.6 338.8 322.2 299.3 291.9 291.3 281.6 264.1 255.7 256.7 260 259.1 256.5 248.8 236.4 222.4 207.2 197.8 181 167.3 158.3 153 149.4 141.3 136.7 127.4 112.6 92.6 76.4 71.8 60.5 57.5 49.6 41.3 38.7 38.4 39.4 39.5 35.2 33.1 33.9 39.1 42.9 44.5 41.2 35 23.1 11.1 -1.8 -1.8 -1.8 -1.8 -1.8 -1.8 -1.8
77.1 84.9 92.4 99.3 103.3 107.5 110.6 113.3 112.4 116.1 122.1 123.2 120 116.9 122.2 127.2 132.4 139.3 144.6 152.6 163.4 173.5 189.9 213.2 235.8 258.9 293.6 314.5 322.4 320.5 317.6 304.2 296.1 286.2 283 276.2 263.3 259.4 260.4 257.3 255.9 252.7 245.1 231.5 217.5 203.4 189.9 179.1 169.7 167.5 163.2 157.9 149.6 148 140.4 122.3 101.9 78 67.5 63.1 60.1 53.3 42 36.8 35.4 35.4 35.1 29.3 25.8 34.7 38.5 45.6 42.5 32.1 23.7 -1.8 16 -1.8 -1.8 -1.8 -1.8 -1.8 -1.8 -1.8
74.9 81.8 87.3 92.6 97.9 100.6 105.4 108.2 108.2 101.4 110.7 109.3 108.4 112.1 110.3 115 120.1 125.1 131.1 139.2 148 159.3 174 197.6 220.7 240.4 270.1 291.4 300.4 303.5 300.4 310.5 313.2 298.3 283.5 273.2 261.7 254.8 254.8 255.3 252.5 250.3 246.1 235.6 219.7 211.2 201 189.8 175.9 164.8 165.5 162.6 159.9 153.1 138.7 120.2 102.1 79.6 72.5 64.2 61.4 51.3 41.4 35 30.9 29.5 28 25.5 23 27.9 30.1 38.6 38.7 20.1 17.6 -1.8 -1.8 -0.8 -1.8 -1.8 -1.8 -1.8 -1.8 -1.8
72.1 74.6 78.9 87.1 93.5 94.3 100.1 99 96.4 94.6 96.1 99.4 109.4 111.6 109.7 108.1 109.9 113.9 118 127.3 139.2 147.2 161.3 178.9 199.4 222.8 257.4 273 283.6 297 313 324.3 326.1 314.6 296.9 287.4 260.8 246.6 245.4 248 242 246.4 242.1 233.9 222.2 209.8 197.5 184.8 174 154 156.6 161.2 161.2 152.4 136.1 117 97.7 76.7 70.8 67.5 57.2 49.9 39.9 32.6 26.8 23.2 24.2 22.2 15.8 22.4 21.7 15.4 -1.8 -1.8 -1.8 -1.8 -1.8 -1.8 -1.8 -1.8 -1.8 -1.8 -1.8 -1.8
58.2 64.6 70.2 74.3 84.2 87.8 89.1 90.8 94.8 89.6 89.7 96 100.3 104.9 106.7 103.2 104.6 105.3 110.9 117.5 127.8 138 149.6 161.8 182 203.5 233.1 263.9 285.4 310.8 326.6 335 330.9 319.8 303.1 288 267.7 243.8 226.4 219.6 218.1 227.6 227.2 219.4 216 201.6 188.3 174.9 166.9 146.2 147.2 156.5 160.6 153.3 133.2 112.6 92.7 73.8 72.4 66.3 51.9 45.8 37.5 27.6 24.4 19 20.7 17.6 -1.8 -1.8 -1.8 -1.8 -1.8 -1.8 -1.8 -1.8 -1.8 -1.8 -1.8 -1.8 -1.8 -1.8 -1.8 -1.8
58.1 58.1 61.1 66.7 73.2 77.2 78.9 82.9 81.2 82.2 78.9 85 82.5 83.5 87.1 95.3 100.4 96 101.6 108.8 117.5 127.1 138.5 151.3 168.9 193.8 224 256.6 284.4 311.8 333.4 336.2 331.5 316.6 300.4 283.5 267.2 245.7 214.4 204.9 196.6 199.3 200.2 196.9 192.7 181.5 171.5 157 150.3 138.6 134.1 142 150.2 142.4 126.3 106.7 84.8 68.8 70.4 66.8 53.7 35.5 26.4 15.7 14.8 18.4 11 -1.8 -1.8 -1.8 -1.8 -1.8 -1.8 -1.8 -1.8 -1.8 -1.8 -1.8 -1.8 -1.8 -1.8 -1.8 -1.8 -1.8
56.9 56.2 58.9 61 66 69.3 69.5 67.2 65.7 69.6 75.3 80.3 79.5 80 81.9 88.6 91.4 90 99.8 103.9 112.6 121.2 129.3 143.4 160.7 182.3 212.4 245.6 284.5 310.1 330.3 335.2 331.9 311 291.6 268 253.3 231.5 210.5 197.4 190.7 189.3 184.7 170 162.4 161.8 150.9 147.6 134.3 130.1 121.9 124.9 131.3 127.4 115.6 98.6 70.3 62.2 68.3 62.6 51 23.2 22.4 7.6 7.7 12.8 -1.8 -1.8 -1.8 -1.8 -1.8 -1.8 -1.8 -1.8 -1.8 -1.8 -1.8 -1.8 -1.8 -1.8 -1.8 -1.8 -1.8 -1.8
52 54.1 55.9 57.1 57.5 57 60.7 65.4 68.3 72.1 75.1 78.2 80.2 82.7 84 87 89.3 85 91.3 98.2 105.4 114.8 120.3 135.6 154.4 175.9 200.7 236.2 280.5 304.9 319.9 326.5 324.4 308.9 283 255.1 236.6 220.3 207.5 185.1 181 179.6 168.9 160.9 155.6 151.9 140.3 128.4 126.8 124.1 110.7 105.1 103.8 108.5 100.8 81 52.6 54.7 59.6 51.2 34.5 11.6 8 6.4 -0.8 -1.8 -1.8 -1.8 -1.8 -1.8 -1.8 -1.8 -1.8 -1.8 -1.8 -1.8 -1.8 -1.8 -1.8 -1.8 -1.8 -1.8 -1.8 -1.8
47.7 50.2 50.6 51.2 55.5 57.7 62.5 68 70.8 72.1 74.7 74.8 75.2 77.7 76 78.2 80.6 79.5 81.9 93.4 95.4 102.8 112.9 126.4 147 165.4 193 228.4 268.5 295.3 309.1 315.3 313.7 297 277.4 250.2 230 216.2 196.2 182 156 160.7 155.9 150.6 147.6 140.2 129 121.1 113.1 120.4 98.2 93.1 86.6 80 62.7 53.1 40.2 42.3 42.4 32.1 20.4 16.2 7.6 8.4 -1.8 -1.8 -1.8 -1.8 -1.8 -1.8 -1.8 -1.8 -1.8 -1.8 -1.8 -1.8 -1.8 -1.8 -1.8 -1.8 -1.8 -1.8 -1.8 -1.8
39 42.8 47.4 50.2 56.1 59.9 62.1 63 67.3 70.8 73.4 74 74.5 74.9 72.6 72.7 72.8 76.4 77 87.6 92.5 98.1 105.9 119.1 140.7 164.1 191.8 222 257.3 284.4 295.2 304.2 302.4 296.1 275.2 247.9 224.7 216 189 172.5 146.6 138.9 131 137.4 134.6 124.9 115 118.2 109.2 100.4 86.9 84.8 79 71.4 68 36.9 33.5 34.2 27.6 23 16.5 12.3 -1.8 -1.8 -1.8 -1.8 -1.8 -1.8 -1.8 -1.8 -1.8 -1.8 -1.8 -1.8 -1.8 -1.8 -1.8 -1.8 -1.8 -1.8 -1.8 -1.8 -1.8 -1.8
36.5 39 46.3 51.5 55.4 56.9 60.4 63.7 65 66.8 71.7 71.7 70.6 70.1 69.5 69.3 71.2 73.2 74.5 78.9 86.3 95.8 102.2 117.2 136.9 161.9 187.4 212 243.9 266 277 282.8 285.4 286.7 277 249.2 228.2 209.7 190 162 140.9 128.9 120 114 111.2 112 109.6 109.8 100.1 88.8 83.7 72.1 61.7 61 54.5 35.4 32.2 32.8 24 18.5 12.7 -1.8 -1.8 -1.8 -1.8 -1.8 -1.8 -1.8 -1.8 -1.8 -1.8 -1.8 -1.8 -1.8 -1.8 -1.8 -1.8 -1.8 -1.8 -1.8 -1.8 -1.8 -1.8 -1.8
33.1 38.4 44.3 48.8 53.4 53.9 57.4 60.9 64.4 66.2 68.2 68.6 67.7 68.2 68.4 67.3 70 72.6 72.9 74.4 80.4 89.8 101.7 116.3 134.8 158.6 187.5 200.6 217 240.5 248.6 260.3 267.8 276 275.8 257.2 231.2 208.9 188.7 159.7 138.4 124.9 122.9 117.9 109.4 93 96.6 98 89.5 83.2 78.1 66.8 56.8 49.4 45.6 41.5 39.3 29.1 22.3 17.7 8.7 -1.8 -1.8 -1.8 -1.8 -1.8 -1.8 -1.8 -1.8 -1.8 -1.8 -1.8 -1.8 -1.8 -1.8 -1.8 -1.8 -1.8 -1.8 -1.8 -1.8 -1.8 -1.8 -1.8
26.8 40.8 42.4 45.8 51.2 51.2 54.4 58.3 61.8 63 65.2 65.5 64.4 65.6 65.7 66.3 67.9 69.2 69.9 74.6 83.7 89.7 100.6 116 132.8 154.6 183.5 192.4 198.8 208.2 217.1 241.3 253.7 270.1 274.5 272.3 240.6 211.3 185.6 163.7 141.9 130.1 126.5 128.2 117.4 96.5 81.3 82.3 82.8 80.2 74.4 61.7 56 50.3 46.7 46 45.7 39.1 24.5 -2.2 -1.8 -1.8 -1.8 -1.8 -1.8 -1.8 -1.8 -1.8 -1.8 -1.8 -1.8 -1.8 -1.8 -1.8 -1.8 -1.8 -1.8 -1.8 -1.8 -1.8 -1.8 -1.8 -1.8 -1.8
15.3 36 38.4 42.1 49.2 50.2 52.3 57.4 58.6 60.4 62.7 62.1 59 58.5 58.1 58.7 62.5 63.9 67.5 73.9 79.5 89.4 100.7 113.6 127 150.5 175.3 190.2 191.1 191.7 199.3 229.1 245.9 264.9 274.4 267.4 240.6 208.1 184.3 165.2 145.6 128.6 125.1 119.7 110.6 100.2 86.9 74.1 73.5 82.1 66.7 55.3 49.2 48.7 49.3 50.8 48.1 40.6 33 23.1 -1.8 -1.8 -1.8 -1.8 -1.8 -1.8 -1.8 -1.8 -1.8 -1.8 -1.8 -1.8 -1.8 -1.8 -1.8 -1.8 -1.8 -1.8 -1.8 -1.8 -1.8 -1.8 -1.8 -1.8
8 18.6 27.6 40.1 48.4 54 48.7 52.4 55.9 58.5 58.9 59.3 58.1 56.2 57.3 54.6 57.8 62.3 61.4 67.1 75.2 89.2 101 114 132.7 142.9 164.6 181.7 180.1 181.8 188.9 207.6 242.5 262.2 273.1 263.6 232.9 214 184.5 168.6 147.7 130.5 123.6 119.6 106.6 95.4 89.8 84.8 72.3 59.4 61 48 43 49.4 58.9 52.9 49.7 40.1 36.8 28.4 -1.8 -1.8 -1.8 -1.8 -1.8 -1.8 -1.8 -1.8 -1.8 -1.8 -1.8 -1.8 -1.8 -1.8 -1.8 -1.8 -1.8 -1.8 -1.8 -1.8 -1.8 -1.8 -1.8 -1.8
2 6.3 20.6 34.9 48.4 53.6 54.7 47.3 51.5 53.5 55.8 54.5 54.1 54.7 53.7 52.9 54.8 55.9 57.2 69.7 79 88.6 100.5 117.7 143.6 158.6 158.4 170 174.2 175.5 183.3 197.6 239.1 260.4 266.4 251.6 235.3 219.6 190.6 169 149.7 134.5 119.4 117 105.2 102 100.7 94.5 80.2 64.3 49 42.4 38.9 42.5 54.4 49.9 40.4 34.1 30.8 22.6 -1.8 -1.8 -1.8 -1.8 -1.8 -1.8 -1.8 -1.8 -1.8 -1.8 -1.8 -1.8 -1.8 -1.8 -1.8 -1.8 -1.8 -1.8 -1.8 -1.8 -1.8 -1.8 -1.8 -1.8
-0.4 3.9 12.4 25.6 38.9 50.2 51.1 49.8 46.3 47 48.3 48 48.8 48.2 50.6 49.3 50.4 50.3 60.8 70.6 80.2 88.8 99.1 115.3 140.1 160 159.9 159.4 169.6 164.9 177.4 201.7 223 243.2 248.7 244.1 236.7 224.4 199.7 171.5 158.7 133.3 118.2 118.2 109.5 102.4 101.2 93.9 81.1 68.7 66.5 55.3 38.3 35.2 38.7 44.9 41.4 36.1 28.1 19.6 -1.8 -1.8 -1.8 -1.8 -1.8 -1.8 -1.8 -1.8 -1.8 -1.8 -1.8 -1.8 -1.8 -1.8 -1.8 -1.8 -1.8 -1.8 -1.8 -1.8 -1.8 -1.8 -1.8 -1.8
0 1.8 -1.4 12.5 30.9 43.1 51.2 50.2 46.3 44.5 43.1 42.4 43.8 39.5 42.9 44.3 44.2 50.4 57 68.2 80.4 87.7 98.1 116.5 139.4 158.8 158.3 155.7 155.3 163.8 169.5 189.5 213.1 232.4 243.2 244.7 234.1 222 201.2 176.9 162.6 136.3 120.7 111.5 110.1 103.2 99.1 90.9 77.8 69.5 77.8 68.4 50.7 39.7 25.9 32.2 40.8 35.2 24.7 14.3 -1.8 -1.8 -1.8 -1.8 -1.8 -1.8 -1.8 -1.8 -1.8 -1.8 -1.8 -1.8 -1.8 -1.8 -1.8 -1.8 -1.8 -1.8 -1.8 -1.8 -1.8 -1.8 -1.8 -1.8
1.8 1.8 1.8 5.8 22.8 35.3 44.6 44.4 38.2 34.2 33.8 35.3 36.4 34.8 37.1 35.1 43.7 59.2 61.2 65.7 78.5 86.1 96.2 113.7 135.8 152.4 153.2 149.9 152.2 158.1 167 181.4 198.1 220.4 235 237.8 226 216.7 205.3 187 165.5 141.7 127.8 106.5 105.8 98.9 97.7 86.3 73.8 72.2 75.5 80 61.7 41.1 35 22.3 24.2 28.1 23.4 -1.8 -1.8 -1.8 -1.8 -1.8 -1.8 -1.8 -1.8 -1.8 -1.8 -1.8 -1.8 -1.8 -1.8 -1.8 -1.8 -1.8 -1.8 -1.8 -1.8 -1.8 -1.8 -1.8 -1.8 -1.8
1.8 1.8 1.8 1.8 12.6 26.4 29.8 32.2 29.5 27.7 28.3 29.9 29.9 29.5 27.7 29 36 52.1 59.5 65.6 74.5 83.9 96 105.1 126 143.2 144.6 143.2 152.7 159.4 167.9 176.5 183.8 191.7 217.7 230.8 217.9 211.9 198.4 179.8 165 159.4 142.3 112.9 95.7 92.6 92.2 83.5 82.6 81.1 74.6 71.4 52.1 44 35.1 21.7 22.2 -1.8 -1.8 -1.8 -1.8 -1.8 -1.8 -1.8 -1.8 -1.8 -1.8 -1.8 -1.8 -1.8 -1.8 -1.8 -1.8 -1.8 -1.8 -1.8 -1.8 -1.8 -1.8 -1.8 -1.8 -1.8 -1.8 -1.8
2.2 1.8 1.8 1.8 1.8 13 17.4 19.8 20.3 20.9 22.5 22.6 23.5 19.5 21.9 27.9 33.8 45.1 54.1 62.3 71.5 80.4 92.6 99.4 115.8 129.8 136.2 137.8 149.9 166.5 179.6 179.3 182.9 185.8 194.2 222.5 215.9 212.7 197.8 193.6 179.1 165 151.2 135.9 115 91.9 90.8 93.5 93.1 88.9 78 71 59.6 47.8 39 20.3 -1.8 -1.8 -1.8 -1.8 -1.8 -1.8 -1.8 -1.8 -1.8 -1.8 -1.8 -1.8 -1.8 -1.8 -1.8 -1.8 -1.8 -1.8 -1.8 -1.8 -1.8 -1.8 -1.8 -1.8 -1.8 -1.8 -1.8 -1.8
1.8 1.8 3.4 6.5 -1.8 -1.8 7.2 10.3 12.9 12.9 13.2 13.4 10.8 14.1 21.2 27.5 33.5 42.5 51.4 60.8 70.3 78.2 90.3 99.5 106.9 119.2 130.8 138.7 144 164.8 174.4 177.7 186.2 195.1 195.6 202.1 208.6 211.5 212.1 203.2 193.3 180.1 165 155.4 139.5 102.2 96.6 98.5 89 81.1 78.8 71.3 57.4 44.4 36.1 15.7 -1.8 -1.8 -1.8 -1.8 -1.8 -1.8 -1.8 -1.8 -1.8 -1.8 -1.8 -1.8 -1.8 -1.8 -1.8 -1.8 -1.8 -1.8 -1.8 -1.8 -1.8 -1.8 -1.8 -1.8 -1.8 -1.8 -1.8 -1.8
1.8 1.8 3.1 4.9 -1.8 -1.8 1.4 4 3.5 2.1 2.2 7.3 12.6 15.3 19.6 28.5 35 41.1 49.8 59.8 70.8 85 93.2 101.7 111.3 122.6 136.4 144.9 149.6 162.6 172.6 182.4 190.1 195.4 206.3 211.9 194.1 201.3 214.1 207.8 197.8 180.2 161.1 151.7 133 110.3 98.1 92.6 88.1 81.5 71.6 69.8 56.4 39.2 30.8 18.9 -1.8 -1.8 -1.8 -1.8 -1.8 -1.8 -1.8 -1.8 -1.8 -1.8 -1.8 -1.8 -1.8 -1.8 -1.8 -1.8 -1.8 -1.8 -1.8 -1.8 -1.8 -1.8 -1.8 -1.8 -1.8 -1.8 -1.8 -1.8
2.8 1.8 2.3 1.9 -1.8 -1.8 -1.8 -1.8 0.7 1.8 1.8 5.9 8.7 11.5 14.2 22 31.6 36.4 42.9 55.6 71.3 84.8 95.2 110.6 121.3 128.1 138.7 148.2 162.2 174.6 183 189.5 196 200.2 204.8 211 201 178.8 184.4 184.6 179.4 172.7 156.5 143.8 128 120.8 111.2 89.2 83.1 71.9 64.9 58.7 53.2 31.8 32.9 23.2 -1.8 -1.8 -1.8 -1.8 -1.8 -1.8 -1.8 -1.8 -1.8 -1.8 -1.8 -1.8 -1.8 -1.8 -1.8 -1.8 -1.8 -1.8 -1.8 -1.8 -1.8 -1.8 -1.8 -1.8 -1.8 -1.8 -1.8 -1.8
-1.8 1.8 -1.8 -1.8 -1.8 -1.8 -1.8 -1.8 -1.8 1.1 1.8 2.2 4.3 7.3 10.8 16.1 23.1 29.9 36.8 51.4 68.7 79.9 94.9 119.2 134.5 140.4 148.9 164.1 178.9 192 199.7 202.7 207.9 221.7 220.8 209.9 212.8 193.1 158.9 161.4 161.3 160.3 152.5 140.8 130.8 127.6 116 91.2 74.2 72.7 66 58.4 35.2 22.9 29.6 30.6 -1.8 -1.8 -1.8 -1.8 -1.8 -1.8 -1.8 -1.8 -1.8 -1.8 -1.8 -1.8 -1.8 -1.8 -1.8 -1.8 -1.8 -1.8 -1.8 -1.8 -1.8 -1.8 -1.8 -1.8 -1.8 -1.8 -1.8 -1.8
-1.8 -1.8 -1.8 -1.8 -1.8 -1.8 -1.8 -1.8 -1.8 -1.8 1.8 1.8 2.3 3.9 6.5 13.3 19.1 25.6 31.9 44.8 59.3 76.6 96.3 129.1 149 169.2 165.4 184.1 194.6 205.7 213.5 227.4 231.7 231 219.2 202.8 199.7 190.7 162.1 140.6 134.9 142.4 145.5 132 125.3 125.3 117.9 98.5 83.9 75 72.3 57.3 27 18.9 23.3 17.8 -1.8 -1.8 -1.8 -1.8 -1.8 -1.8 -1.8 -1.8 -1.8 -1.8 -1.8 -1.8 -1.8 -1.8 -1.8 -1.8 -1.8 -1.8 -1.8 -1.8 -1.8 -1.8 -1.8 -1.8 -1.8 -1.8 -1.8 -1.8
-1.8 -1.8 4.8 -1.8 -1.8 -1.8 -1.8 -1.8 -1.8 -1.8 1.5 1.8 1.8 1.8 5.2 11.1 17.7 27.6 31.3 38.9 50.4 74.8 99.2 127.4 155.9 169.7 176.6 204.4 214.8 220.4 233.9 245.5 245.1 231.8 217.6 203.2 179 169.5 160.7 143.5 122.2 104 105.1 111.8 108.3 115.3 108.6 89.3 87.9 75.6 60.4 43.2 24.2 15.9 15.3 10.9 -1.8 -1.8 -1.8 -1.8 -1.8 -1.8 -1.8 -1.8 -1.8 -1.8 -1.8 -1.8 -1.8 -1.8 -1.8 -1.8 -1.8 -1.8 -1.8 -1.8 -1.8 -1.8 -1.8 -1.8 -1.8 -1.8 -1.8 -1.8
-1.8 -1.8 6.3 3 -1.8 -1.8 -1.8 -1.8 -1.8 -1.8 0.3 0.6 1.5 0.2 6.1 12.8 17.4 22.9 30 37.1 43 63.4 88.5 114.2 152.7 163.8 192.7 207.6 218.8 234.2 241.2 246.6 246.9 236.2 221.5 196.6 174.1 162.6 148.7 133.3 116.2 108.3 80.8 83 78.9 93.8 86.8 70.2 75.8 63.3 41.6 29.8 25.6 13.1 13.9 18.4 -1.8 -1.8 -1.8 -1.8 -1.8 -1.8 -1.8 -1.8 -1.8 -1.8 -1.8 -1.8 -1.8 -1.8 -1.8 -1.8 -1.8 -1.8 -1.8 -1.8 -1.8 -1.8 -1.8 -1.8 -1.8 -1.8 -1.8 -1.8
-1.8 -1.8 -1.8 -1.8 -1.8 -1.8 -1.8 -1.8 -1.8 -1.8 -1.8 -1.8 -1.8 0.6 6.6 10.2 16.6 22.6 27.8 34.5 40.2 50.3 75.6 103.1 132.2 154.5 175.8 201.9 204.2 229.8 238.8 239.5 244.5 238.2 224.7 192.3 167.9 158.2 142.3 123.7 109.1 101.3 78.9 61.3 63.4 64 67.4 57.3 60.7 48.4 32.4 23.4 19.4 16.9 21.1 27.9 16.7 4.9 15.7 11 -1.8 -1.8 -1.8 -1.8 -1.8 -1.8 -1.8 -1.8 -1.8 -1.8 -1.8 -1.8 -1.8 -1.8 -1.8 -1.8 -1.8 -1.8 -1.8 -1.8 -1.8 -1.8 -1.8 -1.8
-1.8 -1.8 -1.8 -1.8 -0.3 3.3 4.4 -1.8 -1.8 -1.8 -1.8 -1.8 -1.8 -1.8 2.4 6.1 10.8 19.7 24.6 31.3 36.6 43.8 59.9 84.2 114.6 135.5 157 192.5 184.9 201.8 220.8 225.8 234 238 219.4 197.4 160 158.4 143.8 121.9 105.8 92.5 74.3 57.5 56.4 57.7 58.8 53.9 53.8 40.9 31.3 25.5 25.6 19.7 20.1 27.5 18.1 8 3.4 9.2 -1.8 -1.8 -1.8 -1.8 -1.8 -1.8 -1.8 -1.8 -1.8 -1.8 -1.8 -1.8 -1.8 -1.8 -1.8 -1.8 -1.8 -1.8 -1.8 -1.8 -1.8 -1.8 -1.8 -1.8
-1.8 -1.8 -1.8 2.8 9.3 13.1 13.6 -1.8 -1.8 -1.8 -1.8 -1.8 -1.8 -1.8 -1.8 5.8 10.9 14.8 20.6 27.3 32.3 40.9 49.3 64.5 95.7 115.1 136.3 170.4 167.6 181.8 200 205.1 224.5 221.4 211 208.4 168.1 157.8 145.9 126.7 110.8 88.7 71.1 63.7 55.4 50.9 50.4 49.2 45.4 38.5 31.6 30.2 9.8 21.6 11.2 19.2 14.4 7.9 -1.8 -1.8 -1.8 -1.8 -1.8 -1.8 -1.8 -1.8 -1.8 -1.8 -1.8 -1.8 -1.8 -1.8 -1.8 -1.8 -1.8 -1.8 -1.8 -1.8 -1.8 -1.8 -1.8 -1.8 -1.8 -1.8
-1.8 -1.8 -1.8 -1.8 1.8 11.9 14.3 14.2 -1.8 -1.8 -1.8 -1.8 -1.8 -1.8 -1.8 3.5 11 16.7 23.5 25.4 28.2 35 43.1 55.2 79.6 103.2 109.8 144.6 156.7 158.4 174.1 189.9 212.2 211.8 203.2 200.4 176.7 153.2 146.2 143.1 133 115.1 98.7 94.3 76.2 52.9 48 48.4 42.6 31.3 23.7 24.5 11.8 -1.8 -1.8 8.9 3.3 -1.8 -1.8 -1.8 -1.8 -1.8 -1.8 -1.8 -1.8 -1.8 -1.8 -1.8 -1.8 -1.8 -1.8 -1.8 -1.8 -1.8 -1.8 -1.8 -1.8 -1.8 -1.8 -1.8 -1.8 -1.8 -1.8 -1.8
-1.8 -1.8 -1.8 -1.8 2.5 6.8 13 14.9 17 -1.8 -1.8 -1.8 -1.8 -1.8 -1.8 3 10.8 13.7 18.6 18 20.6 29.5 38.2 49.9 66.9 82.1 91.5 120.7 138.7 136.3 147.3 170.7 193.1 202.7 197.6 181.1 171.1 158.9 162.5 153.2 141.2 135.5 127.8 116.9 99.7 72 51.8 48.6 41.8 32.4 27.1 9.7 7.7 -1.8 -1.8 -1.8 0.3 -1.8 -1.8 -1.8 -1.8 5.5 -1.8 -1.8 -1.8 -1.8 -1.8 -1.8 -1.8 -1.8 -1.8 -1.8 -1.8 -1.8 -1.8 -1.8 -1.8 -1.8 -1.8 -1.8 -1.8 -1.8 -1.8 -1.8
-1.8 -1.8 -1.8 -1.8 -1.8 -1.8 6 10.9 13.2 9.2 -1.8 -1.8 -1.8 -1.8 -1.8 -1.8 10.3 12.9 11.8 12.7 15.9 21.1 28.7 43.4 63.8 71 77.8 94.3 113 113.1 126 148 171.1 197.1 221.1 223.3 198.9 165.5 169.8 160.2 152.7 148.4 143.2 127.1 110.6 95.9 74.9 59.4 43.3 43.9 32.3 18.1 -1.8 -1.8 -1.8 -1.8 -1.8 -1.8 -1.8 -1.8 -1.8 2.9 -1.8 -1.8 -1.8 -1.8 -1.8 -1.8 -1.8 -1.8 -1.8 -1.8 -1.8 -1.8 -1.8 -1.8 -1.8 -1.8 -1.8 -1.8 -1.8 -1.8 -1.8 -1.8
