webserver/python/data/NF98.asc
ncols 200
nrows 200
xllcorner 90000
yllcorner 880000
cellsize 50
[rows 148 to 184 of 200, columns 0 to 84 of 200]
-2.1 -2.1 -2.1 -2.1 -2.1 1 4.3 8.3 9.2 9 8.5 8 7.5 7 6.4 5.9 5.8 6.5 7.1 8 8.7 9.1 9.4 9.5 9.7 9.8 10 9.7 9.5 9.3 9.1 8.5 7.4 7.4 7.4 7.4 7.4 7.4 7.4 7.4 7.4 7.5 9.7 19.5 21.1 22.4 25 28.1 28.5 30.9 32.7 30.7 22.7 22.5 22.7 20.4 11.3 11.8 11.8 11.8 11.2 7.4 5.9 6.5 7.6 8.8 9.9 9.7 4.9 4.7 3.1 2.9 5 7.1 7.9 7.3 1.2 -2.1 -2.1 -2.1 -2.1 -2.1 -2.1 -2.1 -2.1
-2.1 -2.1 -2.1 -2.1 -0.5 1.9 6.1 9.1 8.8 8.6 8.3 7.8 7.3 6.7 6.2 5.7 5.9 7 6.9 7.3 7.3 8.6 9 9.1 9.3 9.4 9.6 9.6 9.4 9.1 8.9 8.7 7.4 7.4 7.4 7.4 7.4 7.4 7.4 7.4 7.4 8.4 14.9 21.9 27.6 26.2 27.5 30.4 31.2 33.8 36.9 40.4 30.6 23.3 23.5 21 19.1 11.8 11.8 11.8 11.8 10.8 7.1 7.8 9 10.2 11.6 11.2 2.2 2.5 1.5 0.9 0.6 0.4 -2.1 -2.1 -2.1 -2.1 -2.1 -2.1 -2.1 -2.1 -2.1 -2.1 -2.1
-2.1 -2.1 -2.1 -2.1 0.7 4 7.5 9.2 8.5 8.2 8 7.6 7.1 6.5 6 6.4 6.9 7.3 6.7 6 6.6 8.2 8.6 8.7 8.9 9 9.2 9.3 9.3 9 8.8 8.3 7.4 7.4 7.4 7.4 7.4 7.4 7.6 9.7 10.9 13.1 20.3 25.8 28.1 27.6 28.7 31.1 31.6 33.1 35 39 35.4 27.8 23.6 21.4 20.5 15.2 12.6 12.7 11.6 11.8 8.4 9.4 10.6 11.9 12.3 7.6 1.7 1.3 0.4 -0.6 -2.1 -2.1 -2.1 -2.1 -2.1 -2.1 -2.1 -2.1 -2.1 -2.1 -2.1 -2.1 -2.1
-2.1 -2.1 -2.1 -0.1 2.1 4.9 8.4 9.7 9 8.3 7.6 7.3 6.8 6.5 6.9 7.4 7.8 8.1 8.1 7.3 6 7.6 8.2 8.3 8.5 8.6 8.8 8.9 9 8.9 8.4 7.4 7.4 7.4 7.4 7.4 7.4 7.4 7.4 9.6 13.7 17.3 24.7 29.9 28.8 29.7 29.1 31.8 36.3 35.2 29.5 36.4 33.3 29.4 24.4 20 20 18.7 12.6 15.1 13 11.4 10.9 9.5 11 12.4 14.1 1.9 1.1 0.2 -0.8 -2.1 -2.1 -2.1 -2.1 -2.1 -2.1 -2.1 -2.1 -2.1 -2.1 -2.1 -2.1 -2.1 -2.1
-2.1 -2.1 -2.1 1.1 3.5 6.4 9.3 10.2 9.5 8.8 8 7.3 6.9 7.1 7.4 7.7 7.9 8.2 8.1 7.8 7.5 7.2 7.8 7.9 8.1 8.2 8.4 8.5 8.6 8.6 7.5 7.4 7.4 7.4 7.4 7.4 7.4 7.4 7.4 10.6 14.6 21.8 27.5 29.4 30 31.9 29 30.2 35.1 36.3 27.1 28.6 31 28.1 23.1 16.7 17.9 18.7 12.9 13.5 13 10.9 11.3 9.7 10 11.9 2.1 1.4 0.2 -0.9 -2.1 -2.1 -2.1 -2.1 -2.1 -2.1 -2.1 -2.1 -2.1 -2.1 -2.1 -2.1 -2.1 -2.1 -2.1
-2.1 -2.1 0.1 2.2 4.6 7.3 10.2 9.6 8.7 7.7 7.1 7 7 7.2 7.5 7.7 8 8.2 8.1 7.8 7.5 7.3 7.5 7.7 8 8.2 8.2 8.3 8.4 7.9 7.4 7.4 7.4 7.4 7.4 7.4 9.8 7.4 7.5 10.3 15.9 25 29.5 32 31.4 30.4 31.2 28.6 31.7 34.3 32.3 21.1 26.1 24.4 22.4 19.5 15.1 15.8 15.1 10.2 11.1 10.6 10.8 10.1 11.2 12 2 0.5 -0.8 -2.1 -2.1 -2.1 -2.1 -2.1 -2.1 -2.1 -2.1 -2.1 -2.1 -2.1 -2.1 -2.1 -2.1 -2.1 -2.1
-2.1 -0.7 1 5.4 9.1 10.1 9.1 8.1 7.3 7.3 7.2 7.1 7.1 7.3 7.5 7.8 8 8.3 8.2 7.9 7.6 7.6 7.8 8 8.1 8.2 8.1 8.1 8 7.4 7.4 7.4 7.4 7.4 7.4 7.4 10.6 7.9 8.4 10.8 16.8 26.4 32 34.7 32.8 31.5 31.6 28 28.7 30.8 30.9 17.8 19 20.9 19.3 19 14.8 15 15 9.2 10.9 10.6 10.7 9.2 10.1 11.5 1.9 0 -2.1 -2.1 -2.1 -2.1 -2.1 -2.1 -2.1 -2.1 -2.1 -2.1 -2.1 -2.1 -2.1 -2.1 -2.1 -2.1 -2.1
-2.1 0.4 2.5 9.6 10.9 8.6 7.6 7.5 7.5 7.4 7.3 7.2 7.2 7.4 7.6 7.9 8.1 8.4 8.2 7.9 7.6 7.8 8 8.2 8.2 8.1 8 7.8 7.5 7.4 7.4 7.4 7.4 7.4 7.4 7.4 13.9 13.5 8.5 10.8 15.1 24.4 31.5 35.8 38.2 35.9 32.3 28.6 27.6 26.2 28 20.4 16.9 16.8 18.4 18 16.4 14.1 12.4 11.9 7.6 10.2 10 9.8 9.9 10.4 2 -0.3 -2.1 -2.1 -2.1 -2.1 -2.1 -2.1 -2.1 -2.1 -2.1 -2.1 -2.1 -2.1 -2.1 -2.1 -2.1 -2.1 -2.1
-0.1 1.5 7.5 12.5 9 7.8 7.7 7.6 7.6 7.5 7.4 7.3 7.4 7.5 7.7 7.9 8.2 8.4 8.2 8 7.8 8 8.2 8.3 8.2 7.8 8 7.7 7.4 7.4 7.4 7.4 7.4 7.4 7.4 11 16.7 18.4 13.7 12.4 13.5 18.7 27 34.4 38.4 33.3 29.4 27 23.2 21 23.1 21.1 17.7 15.2 20.4 15.4 14.7 15.9 13 11.4 8.4 9 8.9 9.2 9.4 9.8 2.2 0.3 -2.1 -2.1 -2.1 -2.1 -2.1 -2.1 -2.1 -2.1 -2.1 -2.1 -2.1 -2.1 -2.1 -2.1 -2.1 -2.1 -2.1
1.1 5.5 13.2 10.4 6.7 7.4 7.8 7.8 7.7 7.6 7.5 7.5 7.5 7.6 7.7 8 8.3 8.5 8.3 8 8 8.2 8.4 8.3 8.3 7.7 7.7 7.9 7.4 7.4 7.4 7.4 7.4 7.4 7.4 13.6 19.6 20.9 15.2 14.4 14 17.6 23.6 30 34.8 31.1 25.9 23.9 19.8 17.2 18.8 17.7 14.7 14 17.9 17.9 15.8 13.8 13.3 11.6 7.7 7.1 8.3 9.1 10.7 11 2.8 1 -0.7 -2.1 -2.1 -2.1 -2.1 -2.1 -2.1 -2.1 -2.1 -2.1 -2.1 -2.1 -2.1 -2.1 -2.1 -2.1 -2.1
3.6 10.5 11.6 7.9 6.9 6.9 7.8 7.9 7.8 7.7 7.7 7.6 7.7 7.8 7.9 8.1 8.3 8.6 8.3 8.1 8.3 8.4 8.4 8.4 8.4 7.6 7.2 7.3 7.4 7.4 8.8 10.4 15.2 11.8 10.9 18.4 19.4 22.4 21.8 15 14.3 20.5 22.8 21.8 32.1 28.7 23.5 21.6 20.5 13.1 13.4 11.5 9.3 11 14.6 18.8 18 16.8 13.6 11.7 10.4 6.6 7.6 8.6 8.4 9.2 8.7 1.6 0 -2.1 -2.1 -2.1 -2.1 -2.1 -2.1 -2.1 -2.1 -2.1 -2.1 -2.1 -2.1 -2.1 -2.1 -2.1 -2.1
9.3 12.9 9.1 7.3 7.2 7.1 7.3 8 7.9 7.9 7.8 7.7 7.8 7.9 8 8.1 8.4 8.6 8.4 8.3 8.5 8.5 8.5 8.5 8.5 7.5 7.1 7.6 9.8 11.4 16.1 18.9 23 23.2 17.2 17.5 22 24.2 24.5 22.7 15 15.9 21.8 25.5 33.2 25.3 23.1 21.5 20.2 15.3 10 11.7 9.8 9.9 11 18.4 17.2 18.1 15.1 10.3 10.1 10.3 7 7 6 8.7 8.8 1.7 0.2 -1.2 -2.1 -2.1 -2.1 -2.1 -2.1 -2.1 -2.1 -2.1 -2.1 -2.1 -2.1 -2.1 -2.1 -2.1 -2.1
14.3 10.4 7.6 7.3 7.5 7.4 7.3 7.7 8.1 8 7.9 7.8 7.9 8 8.1 8.2 8.5 8.7 8.4 8.5 8.6 8.6 8.6 8.6 8.6 7.4 7.1 9.2 12.5 17.7 19.6 24.8 30.4 30.1 30.1 23.4 23.5 22.8 23 22.4 14 15.3 21.5 27.2 32.1 26.6 26.8 24.6 20.5 14.8 8.2 7.6 9.9 8.7 8.8 15.3 15.2 14.3 15.6 9.8 7.2 9.4 6.8 5.4 5.9 7.5 7.8 1.7 0.2 -1.3 -2.1 -2.1 -2.1 -2.1 -2.1 -2.1 -2.1 -2.1 -2.1 -2.1 -2.1 -2.1 -2.1 -2.1 -2.1
11.6 8.1 7.7 7.3 7.4 7.6 7.6 7.5 8.2 8.1 8 8 8.1 8.2 8.3 8.4 8.5 8.7 8.5 8.7 8.7 8.7 8.7 8.7 8.5 7.3 7.8 10.5 16 21.5 25.5 27.9 34.9 36.8 36.1 29.3 24.4 23.6 21.2 21.9 20.3 15.3 17.6 24.9 24.5 28.8 27.5 24.1 18.3 13 7.6 2.8 4.8 6.8 6.7 5.1 11.5 11.6 11.7 11.3 5.5 6.3 5.3 5.2 6.1 6.2 8.6 2.1 0.2 -2.1 -2.1 -2.1 -2.1 -2.1 -2.1 -2.1 -2.1 -2.1 -2.1 -2.1 -2.1 -2.1 -2.1 -2.1 -2.1
8.4 8.1 7.8 7.4 7.3 7.5 7.8 7.8 7.7 8.2 8.2 8.1 8.2 8.3 8.4 8.5 8.6 8.8 8.8 8.8 8.8 8.8 8.8 8.8 8.2 7.5 8.2 11.3 16.6 22.1 28.3 34.3 39.7 41 41.1 37.2 29 25.5 18.9 19 17.7 13.5 14.2 17.9 20.3 22.9 23.2 20.6 13.1 6.5 3.8 0.4 1 2.7 4.7 4.5 5.1 9.9 11.1 10.8 8.3 3.8 4 4.8 6.5 6.7 9.3 2.9 0.2 -2.1 -2.1 -2.1 -2.1 -2.1 -2.1 -2.1 -2.1 -2.1 -2.1 -2.1 -2.1 -2.1 -2.1 -2.1 -2.1
6.8 7.5 7.9 7.5 7.2 7.4 7.7 7.9 8 8.1 8.3 8.2 8.3 8.4 8.5 8.6 8.7 8.8 8.8 8.9 8.9 8.9 8.9 8.9 7.9 7.5 7.8 12.3 18.7 22.9 29 35.2 41 41.2 41.9 41.6 35 27.4 21.9 16.1 16.5 12.9 10.3 11 14.7 14.2 16.5 14.9 5.9 -2.1 -2.1 -2.1 -2.1 0.2 2.7 3.6 2.8 5.5 9.3 10.1 8.8 4.7 4 4.5 5.7 6.3 9 3.1 0.5 -1 -2.1 -2.1 -2.1 -2.1 -2.1 -2.1 -2.1 -2.1 -2.1 -2.1 -2.1 -2.1 -2.1 -2.1 -2.1
6.3 6.9 7.3 7.6 7.2 7.3 7.5 7.8 8 8.2 8.4 8.4 8.5 8.6 8.7 8.8 8.9 9 8.7 8.6 8.6 8.6 8.6 8.6 7.5 7.5 9 14 19.4 23.8 29.8 36.1 40.7 42.8 44.1 43 39.4 30 23.2 16.2 13.6 12.1 8.7 7.6 5.8 7 7.3 8.5 6.9 -2.1 -2.1 -2.1 -2.1 -2.1 1.1 2.8 1.9 3.6 5.5 8.7 9.3 9.7 3.3 4.1 5.7 7.2 8.8 4.5 1.1 -0.4 -2.1 -2.1 -2.1 -2.1 -2.1 -2.1 -2.1 -2.1 -2.1 -2.1 -2.1 -2.1 -2.1 -2.1 -2.1
5.8 6.2 6.7 7.2 7.3 7.2 7.4 7.7 7.9 8.1 8.4 8.5 8.6 8.7 8.8 8.9 9 9.3 9.4 9.1 8.7 8.3 8 7.6 7.5 7.5 8.1 14.9 20.6 26 31.6 38 43.2 45.3 46.4 44.5 40.9 29.9 23.9 17.2 13.4 9.7 4 -2.1 3.3 1.9 -2.1 2.3 1 -2.1 -2.1 -2.1 -2.1 -2.1 -2.1 1.4 2.8 1.9 1.9 4 10.5 15.9 7.3 5 6.1 7.7 7.7 4.7 1.3 -0.2 -2.1 -2.1 -2.1 -2.1 -2.1 -2.1 -2.1 -2.1 -2.1 -2.1 -2.1 -2.1 -2.1 -2.1 -2.1
5.2 5.6 6.1 6.6 7.1 7.1 7.3 7.5 7.8 8 8.2 8.4 8.7 8.8 8.9 9 9.1 9.1 10.2 9.8 9.5 9.1 8.4 7.7 7.5 7.5 8.1 16 22.2 28.1 34.6 41.2 48.9 50.2 49.1 46.8 42.9 32.2 22.5 14 8.7 6.7 4 -2.1 -2.1 -2.1 -2.1 -2.1 -2.1 -2.1 -2.1 -2.1 -2.1 -2.1 -2.1 -2.1 0.8 1.9 1.9 1.9 13.8 19.9 15.4 9.6 8.4 7.1 6.7 3.9 1.5 0 -2.1 -2.1 -2.1 -2.1 -2.1 -2.1 -2.1 -2.1 -2.1 -2.1 -2.1 -2.1 -2.1 -2.1 -2.1
4.8 5.2 5.7 6.1 6.5 6.9 7.2 7.4 7.6 7.8 8 8.1 8.4 9.1 9.1 9.2 9.3 9 10.8 10.3 9.5 8.7 7.9 7.2 7.7 7.8 9.1 15.2 22.9 31.5 38.7 46.8 55.8 56.2 52.5 49.4 43.3 33.4 23.8 13.7 7.9 3.6 1 -2.1 -2.1 -2.1 -2.1 -2.1 -2.1 -2.1 -2.1 -2.1 -2.1 -2.1 -2.1 -2.1 -2.1 0.7 2.3 3.7 10.6 18.2 17.5 11.6 8.9 7.2 6.4 4.5 1.6 -0.1 -2.1 -2.1 -2.1 -2.1 -2.1 -2.1 -2.1 -2.1 -2.1 -2.1 -2.1 -2.1 -2.1 -2.1 -2.1
4.9 5.3 5.7 6.1 6.3 6.5 6.7 7 7.3 7.5 7.7 7.9 8.1 8.6 9.4 9.4 9.4 9 10.3 9.7 9 8.2 7.3 7.1 8.3 9.7 9.3 16.3 24.6 34.1 44 52.8 60.8 60.7 56.9 52 45.3 35.5 27.5 19.7 11.2 1.8 -2.1 -2.1 -2.1 -2.1 -2.1 -2.1 -2.1 -2.1 -2.1 -2.1 -2.1 -2.1 -2.1 -2.1 -2.1 -2.1 3.4 6.7 9.1 10 13.6 9.6 8.4 7.6 6.9 4.4 1.7 -0.5 -2.1 -2.1 -2.1 -2.1 -2.1 -2.1 -2.1 -2.1 -2.1 -2.1 -2.1 -2.1 -2.1 -2.1 -2.1
4.9 5.3 5.6 5.6 5.8 6 6.2 6.4 6.7 7 7.4 7.7 7.9 8.1 8.8 9.7 10.5 9.5 9.5 8.8 8.2 7.6 6.8 7.7 9.3 10.9 10.7 15.8 24.7 35.3 47.1 61 65.5 67.3 62.1 55.6 48.7 38.8 31.8 22.4 14.4 6.4 -2.1 -2.1 -2.1 -2.1 -2.1 -2.1 -2.1 -2.1 -2.1 -2.1 -2.1 -2.1 -2.1 -2.1 -2.1 -2.1 -2.1 9.1 9.3 8.1 8.3 6.7 7.3 8.6 7.9 4.1 0.9 -2.1 -2.1 -2.1 -2.1 -2.1 -2.1 -2.1 -2.1 -2.1 -2.1 -2.1 -2.1 -2.1 -2.1 -2.1 -2.1
4.6 4.9 4.9 5.1 5.3 5.5 5.6 5.8 6 6.4 6.7 7.1 7.4 7.7 8 9.1 10.4 9.4 8.7 8.1 7.5 7 6.4 7.8 9.1 11.6 14.9 15.4 25.6 38.5 49.3 63.1 71.6 75.6 70.1 61.5 53.4 44 33.1 22.4 15.5 8.6 -2.1 -2.1 -2.1 -2.1 -2.1 -2.1 -2.1 -2.1 -2.1 -2.1 -2.1 -2.1 -2.1 -2.1 -2.1 -2.1 -2.1 -2.1 7.6 9.7 7.6 6.9 5.5 7.4 6.6 1.5 0 -2.1 -2.1 -2.1 -2.1 -2.1 -2.1 -2.1 -2.1 -2.1 -2.1 -2.1 -2.1 -2.1 -2.1 -2.1 -2.1
4 4.3 4.3 4.5 4.7 4.9 5.1 5.3 5.5 5.7 6.1 6.4 6.8 7.1 7.4 8.3 9.3 8.5 8 7.5 7.2 6.6 6.7 8 8.4 11.9 15.9 19.3 26.3 38.6 50.4 67.2 78.8 82 78.5 71.2 60.9 50.2 37.8 26.5 19.2 10.8 6.5 -2.1 -2.1 -2.1 -2.1 -2.1 -2.1 -2.1 -2.1 -2.1 -2.1 -2.1 -2.1 -2.1 -2.1 -2.1 -2.1 -2.1 -2.1 7.3 7.8 5.3 4.9 3.7 1.2 -0.2 -2.1 -2.1 -2.1 -2.1 -2.1 -2.1 -2.1 -2.1 -2.1 -2.1 -2.1 -2.1 -2.1 -2.1 -2.1 -2.1 -2.1
3.4 3.6 3.8 4 4.2 4.4 4.6 4.8 5 5.2 5.4 5.8 6.1 6.4 6.8 7.2 8.6 7.9 7.3 6.8 6.4 6.3 7.2 9 10.7 12.1 16.5 20.9 26.7 36.6 48.8 61.9 80 84.5 82.1 74.8 65.8 55.6 43 31.8 22.4 11.4 8.6 -2.1 -2.1 -2.1 -2.1 -2.1 -2.1 -2.1 -2.1 -2.1 -2.1 -2.1 -2.1 -2.1 -2.1 -2.1 -2.1 -2.1 -2.1 -2.1 4.9 3.9 1.1 0.4 -2.1 -2.1 -2.1 -2.1 -2.1 -2.1 -2.1 -2.1 -2.1 -2.1 -2.1 -2.1 -2.1 -2.1 -2.1 -2.1 -2.1 -2.1 -2.1
3 3.1 3.3 3.5 3.7 3.9 4.1 4.3 4.5 4.7 4.9 5.1 5.4 5.8 6.1 6.1 7.1 6.4 5.6 4.6 5.1 6.2 7.2 8.3 10.4 13.9 19.3 24.5 29.1 34.8 44.2 56.8 70.1 80.7 79.2 75.6 68.2 58.5 48.4 37.3 28.2 16.3 10.3 3.5 -2.1 -2.1 -2.1 -2.1 -2.1 -2.1 -2.1 -2.1 -2.1 -2.1 -2.1 -2.1 -2.1 -2.1 -2.1 -2.1 -2.1 -2.1 -2.1 -2.1 -2.1 -1.4 -2.1 -2.1 -2.1 -2.1 -2.1 -2.1 -2.1 -2.1 -2.1 -2.1 -2.1 -2.1 -2.1 -2.1 -2.1 -2.1 -2.1 -2.1 -2.1
2.8 3 3.1 3.2 3.3 3.4 3.6 3.8 4 4.2 4.4 4.6 4.8 5.1 5.5 5.4 5.9 5.8 4.8 4.9 5.1 6.1 7.3 8.7 11.6 14.8 20.3 27.8 30.9 33.4 39.3 49.1 59.3 68.5 73.3 69.5 64.7 57 49.4 41 32.9 23.4 14.8 6.6 -2.1 -2.1 -2.1 -2.1 -2.1 -2.1 -2.1 -2.1 -2.1 -2.1 -2.1 -2.1 -2.1 -2.1 -2.1 -2.1 -2.1 -2.1 -2.1 -2.1 -2.1 -2.1 -2.1 -2.1 -2.1 -2.1 -2.1 -2.1 -2.1 -2.1 -2.1 -2.1 -2.1 -2.1 -2.1 -2.1 -2.1 -2.1 -2.1 -2.1 -2.1
2.7 3 3.1 3.2 3.2 3.3 3.4 3.5 3.6 3.7 3.9 4.1 4.3 4.5 4.8 4.8 5.3 5.6 5 4.8 5.8 6.4 8.4 10.6 13 15.9 19 27.1 28.4 30.1 34.1 39.8 47.4 55.6 61.6 62.1 59.3 53.6 47.3 40.7 33.4 25.1 18.1 11.4 -2.1 -2.1 -2.1 -2.1 -2.1 -2.1 -2.1 -2.1 -2.1 -2.1 -2.1 -2.1 -2.1 -2.1 -2.1 -2.1 -2.1 -2.1 -2.1 -2.1 -2.1 -2.1 -2.1 -2.1 -2.1 -2.1 -2.1 -2.1 -2.1 -2.1 -2.1 -2.1 -2.1 -2.1 -2.1 -2.1 -2.1 -2.1 -2.1 -2.1 -2.1
2.6 3 3.1 3.1 3.2 3.3 3.4 3.5 3.5 3.6 3.7 3.8 3.8 3.9 4.2 4.5 5.1 5.5 5.1 4.8 5.5 7.5 10.6 12.8 14.8 17.2 20 23.4 25.3 26.2 28.1 32.2 36.6 41.6 48.9 51.7 52.4 48.7 44.7 38.2 31.7 25.9 19.5 13 6.4 -2.1 -2.1 -2.1 -2.1 -2.1 -2.1 -2.1 -2.1 -2.1 -2.1 -2.1 -2.1 -2.1 -2.1 -2.1 -2.1 -2.1 -2.1 -2.1 -2.1 -2.1 -2.1 -2.1 -2.1 -2.1 -2.1 -2.1 -2.1 -2.1 -2.1 -2.1 -2.1 -2.1 -2.1 -2.1 -2.1 -2.1 -2.1 -2.1 -2.1
2.5 2.9 3 3.1 3.2 3.3 3.3 3.4 3.5 3.6 3.7 3.7 3.8 3.9 3.8 4.3 4.8 4.8 4.4 4.4 5.2 9.5 12.3 14.2 17.8 18.6 19.5 21.8 22.9 23.8 25.2 27.1 30.5 33.2 37.7 41.3 42.8 42.4 39.7 36 30.6 25 19.2 11.9 -2.1 -2.1 -2.1 -2.1 -2.1 -2.1 -2.1 -2.1 -2.1 -2.1 -2.1 -2.1 -2.1 -2.1 -2.1 -2.1 -2.1 -2.1 -2.1 -2.1 -2.1 -2.1 -2.1 -2.1 -2.1 -2.1 -2.1 -2.1 -2.1 -2.1 -2.1 -2.1 -2.1 -2.1 -2.1 -2.1 -2.1 -2.1 -2.1 -2.1 -2.1
2.4 2.8 3 3.1 3.2 3.2 3.3 3.4 3.5 3.5 3.6 3.7 3.6 3.6 3.6 4.2 4.6 4.1 3.8 3.5 6.9 9.9 11.4 14 18 21.3 23.8 22.7 21.2 21.1 21.6 22.2 25 27.4 29.1 32.2 34.1 34.6 32.5 29.9 27.8 22.7 14.9 9.8 6.8 -2.1 4.4 -2.1 -2.1 -2.1 -2.1 -2.1 -2.1 -2.1 -2.1 -2.1 -2.1 -2.1 -2.1 -2.1 -2.1 -2.1 -2.1 -2.1 -2.1 -2.1 -2.1 -2.1 -2.1 -2.1 -2.1 -2.1 -2.1 -2.1 -2.1 -2.1 -2.1 -2.1 -2.1 -2.1 -2.1 -2.1 -2.1 -2.1 -2.1
2.6 2.7 3 3 3.1 3.2 3.3 3.4 3.4 3.5 3.4 3.4 3.4 3.3 3.5 4.2 4.4 4.4 4.2 3.9 8.5 13.4 15.1 16.5 17.3 20.6 26.8 25.4 22.4 20.4 17.5 18.2 20.6 22.1 23.7 25.7 26.2 26.9 25.8 24.4 23 19.5 13.4 10.1 6.2 6.9 6.3 -2.1 -2.1 -2.1 -2.1 -2.1 -2.1 -2.1 -2.1 -2.1 -2.1 -2.1 -2.1 -2.1 -2.1 -2.1 -2.1 -2.1 -2.1 -2.1 -2.1 -2.1 -2.1 -2.1 -2.1 -2.1 -2.1 -2.1 -2.1 -2.1 -2.1 -2.1 -2.1 -2.1 -2.1 -2.1 -2.1 -2.1 -2.1
3.9 3.2 3 3 3.1 3.2 3.3 3.3 3.2 3.2 3.2 3.2 3.2 2.9 3.3 4 4.2 4.3 4.4 6.2 11.8 18.1 18.7 20.9 23.3 27.5 30.2 28.6 24 21.9 18.2 14.7 15.4 16.8 18.2 17.7 18.5 19.6 19.6 19.8 20.3 14.5 12.1 8.8 5.2 4 4.1 -2.1 -2.1 -2.1 -2.1 -2.1 -2.1 -2.1 -2.1 -2.1 -2.1 -2.1 -2.1 -2.1 -2.1 -2.1 -2.1 -2.1 -2.1 -2.1 -2.1 -2.1 -2.1 -2.1 -2.1 -2.1 -2.1 -2.1 -2.1 -2.1 -2.1 -2.1 -2.1 -2.1 -2.1 -2.1 -2.1 -2.1 -2.1
3.1 3.8 3.4 3 3.1 3.1 3.1 3 3 3 3 2.9 2.9 2.5 3.1 2.7 3.1 3.6 3.8 10.1 19.7 23.4 23.4 26.7 31.3 31 30.6 28.6 27.6 24.8 20.3 15.5 11.5 11.2 12 12.4 11.8 12.7 13.3 14 13.2 12.5 10.9 7.7 3.7 2.1 3.1 3.2 -2.1 -2.1 -2.1 -2.1 -2.1 -2.1 -2.1 -2.1 -2.1 -2.1 -2.1 -2.1 -2.1 -2.1 -2.1 -2.1 -2.1 -2.1 -2.1 -2.1 -2.1 -2.1 -2.1 -2.1 -2.1 -2.1 -2.1 -2.1 -2.1 -2.1 -2.1 -2.1 -2.1 -2.1 -2.1 -2.1 -2.1
2.9 2.8 3.9 3.7 3 2.8 2.8 2.8 2.8 2.7 2.7 2.7 2.5 2.1 1.7 1.8 1.7 2.2 4.5 13.3 22.2 28.5 28.5 32.6 34.1 30.8 29.5 29 30.5 28.9 24.6 19.4 9.6 9 9.3 9 8 7.4 8.4 9.1 9.2 9.3 7.5 4.6 1.9 1.9 1.9 2.4 3 -2.1 -2.1 -2.1 -2.1 -2.1 -2.1 -2.1 -2.1 -2.1 -2.1 -2.1 -2.1 -2.1 -2.1 -2.1 -2.1 -2.1 -2.1 -2.1 -2.1 -2.1 -2.1 -2.1 -2.1 -2.1 -2.1 -2.1 -2.1 -2.1 -2.1 -2.1 -2.1 -2.1 -2.1 -2.1 -2.1
2.9 2.7 2.7 3.7 3.6 3.1 2.6 2.5 2.5 2.5 2.4 2.3 2.8 2.1 1.8 1.9 3.4 1.9 8.8 17.4 23.3 29.5 31.2 34.1 35.9 32.4 30.8 29.9 31.8 31.7 27.2 20.2 12.4 8.5 7.3 6 4.5 2.7 1.9 3.3 5.5 4.1 3.5 2.1 1.9 1.9 1.6 1.9 3 -2.1 -2.1 -2.1 -2.1 -2.1 -2.1 -2.1 -2.1 -2.1 -2.1 -2.1 -2.1 -2.1 -2.1 -2.1 -2.1 -2.1 -2.1 -2.1 -2.1 -2.1 -2.1 -2.1 -2.1 -2.1 -2.1 -2.1 -2.1 -2.1 -2.1 -2.1 -2.1 -2.1 -2.1 -2.1 -2.1
3.1 2.7 2.2 2.6 3.4 3.2 2.9 2.5 2.2 2.1 2.1 1.9 1.9 1.9 2 2.1 3.6 3.7 13.5 20.6 25.7 30.8 32.7 33.9 35.6 34.8 33.5 32.2 34.5 33.4 29.4 23.2 16.3 8.8 5.6 2.8 3.5 1.9 0.7 -0.1 -2.1 -2.1 -2.1 -2.1 0.4 -0.2 0.1 0.9 0.6 -0.7 -2.1 -2.1 -2.1 -2.1 -2.1 -2.1 -2.1 -2.1 -2.1 -2.1 -2.1 -2.1 -2.1 -2.1 -2.1 -2.1 -2.1 -2.1 -2.1 -2.1 -2.1 -2.1 -2.1 -2.1 -2.1 -2.1 -2.1 -2.1 -2.1 -2.1 -2.1 -2.1 -2.1 -2.1 -2.1
