webserver/python/data/NG15.asc
ncols 200
nrows 200
xllcorner 110000
yllcorner 850000
cellsize 50
[rows 74 to 110 of 200, columns 83 to 165 of 200]
-1.9 -1.9 -1.9 -1.9 -1.9 -1.9 -1.9 -1.9 -1.9 -1.9 -1.9 -1.9 -1.9 -1.9 -1.9 -1.9 -1.9 -1.9 -1.9 -1.9 -1.9 -1.9 -1.9 -1.9 -1.9 -1.9 -1.9 -1.9 -1.9 -1.9 -1.9 -1.9 -1.9 -1.9 -1.9 -1.9 -1.9 -1.9 -1.9 -1.9 -1.9 -1.9 -1.9 -1.9 -1.9 -1.9 1.2 45.4 121.1 184.7 180.3 174.7 169.9 167.8 165.1 159.3 154.3 150.7 145.3 140.4 134.9 129.7 122.3 114.7 107.9 103.7 99.4 92.9 88.5 86.1 82.5 80.5 78.7 75.3 69.7 59 56 55.8 56.2 -1.9 -1.9 -1.9 -1.9
-1.9 -1.9 -1.9 -1.9 -1.9 -1.9 -1.9 -1.9 -1.9 -1.9 -1.9 -1.9 -1.9 -1.9 -1.9 -1.9 -1.9 -1.9 -1.9 -1.9 -1.9 -1.9 -1.9 -1.9 -1.9 -1.9 -1.9 -1.9 -1.9 -1.9 -1.9 -1.9 -1.9 -1.9 -1.9 -1.9 -1.9 -1.9 -1.9 -1.9 -1.9 -1.9 -1.9 -1.9 -1.9 0.7 38.8 108.2 183.8 186.2 181.1 175.6 171 169 169.3 163.2 157.5 152.5 146.4 141 138 131.5 124.2 117 110.5 105.8 102.9 98.6 92.3 88 85.7 84 83 78.2 71.8 63 56.7 54.9 55.2 -1.9 -1.9 -1.9 -1.9
-1.9 -1.9 -1.9 -1.9 -1.9 -1.9 -1.9 -1.9 -1.9 -1.9 -1.9 -1.9 -1.9 -1.9 -1.9 -1.9 -1.9 -1.9 -1.9 -1.9 -1.9 -1.9 -1.9 -1.9 -1.9 -1.9 -1.9 -1.9 -1.9 -1.9 -1.9 -1.9 -1.9 -1.9 -1.9 -1.9 -1.9 -1.9 -1.9 -1.9 -1.9 -1.9 -1.9 -1.9 0.2 22.3 96 171 190.2 187.7 182.3 177.5 173.8 171.1 167.7 163.5 159.5 153.3 147.9 142.7 137.7 132.5 126.2 119.3 112.9 107.5 105.1 100.5 95 92 89.1 88.9 88.5 82.9 77.1 65.3 59.5 55.8 54.2 53.5 -1.9 -1.9 -1.9
-1.9 -1.9 -1.9 -1.9 -1.9 -1.9 -1.9 -1.9 -1.9 -1.9 -1.9 -1.9 -1.9 -1.9 -1.9 -1.9 -1.9 -1.9 -1.9 -1.9 -1.9 -1.9 -1.9 -1.9 -1.9 -1.9 -1.9 -1.9 -1.9 -1.9 -1.9 -1.9 -1.9 -1.9 -1.9 -1.9 -1.9 -1.9 -1.9 -1.9 -1.9 -1.9 -1.9 -1.9 14.3 86.5 158.6 193.7 192.1 190.3 184.9 180.1 176.7 172.5 168 163.4 159.4 153.4 147.2 142.1 137.4 132.2 126.5 120.9 115.1 109.9 107.1 102.4 99 95.3 91.6 91.7 93.8 84.6 74.6 67 62.2 56.9 51.4 50.7 -1.9 -1.9 -1.9
-1.9 -1.9 -1.9 -1.9 -1.9 -1.9 -1.9 -1.9 -1.9 -1.9 -1.9 -1.9 -1.9 -1.9 -1.9 -1.9 -1.9 -1.9 -1.9 -1.9 -1.9 -1.9 -1.9 -1.9 -1.9 -1.9 -1.9 -1.9 -1.9 -1.9 -1.9 -1.9 -1.9 -1.9 -1.9 -1.9 -1.9 -1.9 -1.9 -1.9 -1.9 -1.9 -1.9 1.5 65.1 147.1 197.4 195.6 194 191 186 181.1 177.2 172.6 168 163.5 158.9 153.7 147.6 141.7 137.3 132.5 127.1 121.8 117.1 113 109.1 103.3 99.6 95.5 90.7 89 85 78.9 71 73.9 68.9 64.1 58.2 54.7 46.6 -1.9 -1.9
-1.9 -1.9 -1.9 -1.9 -1.9 -1.9 -1.9 -1.9 -1.9 -1.9 -1.9 -1.9 -1.9 -1.9 -1.9 -1.9 -1.9 -1.9 -1.9 -1.9 -1.9 -1.9 -1.9 -1.9 -1.9 -1.9 -1.9 -1.9 -1.9 -1.9 -1.9 -1.9 -1.9 -1.9 -1.9 -1.9 -1.9 -1.9 -1.9 -1.9 -1.9 -1.9 1.6 29.6 115.6 200 199.8 198.6 196 190.6 185.7 180.2 176.9 173 168.4 163.7 159.1 154.6 148.7 143.4 138.9 133.9 128.5 123.3 117.7 112.6 108.2 100.8 99.3 96.9 91.9 90 88.9 82.8 79 79 75 71 64.8 57.2 51.3 -1.9 -1.9
-1.9 -1.9 -1.9 -1.9 -1.9 -1.9 -1.9 -1.9 -1.9 -1.9 -1.9 -1.9 -1.9 -1.9 -1.9 -1.9 -1.9 -1.9 -1.9 -1.9 -1.9 -1.9 -1.9 -1.9 -1.9 -1.9 -1.9 -1.9 -1.9 -1.9 -1.9 -1.9 -1.9 -1.9 -1.9 -1.9 -1.9 -1.9 -1.9 -1.9 -1.9 18.2 48.8 83 163.5 201.6 202.2 201.6 198.1 192.8 187.1 180.7 176.8 173.3 168.7 164.2 159.7 155.2 150.2 145.4 140.8 135.5 128.8 121.9 116.7 111.6 110.7 104.8 102.8 99.8 96.1 92.2 88.8 84.6 83.3 81.3 78.6 75.5 67.2 61.1 54.4 47.1 -1.9
-1.9 -1.9 -1.9 -1.9 -1.9 -1.9 -1.9 -1.9 -1.9 -1.9 -1.9 -1.9 -1.9 -1.9 -1.9 -1.9 -1.9 -1.9 -1.9 -1.9 -1.9 -1.9 -1.9 -1.9 -1.9 -1.9 -1.9 -1.9 -1.9 -1.9 -1.9 -1.9 -1.9 -1.9 -1.9 -1.9 -1.9 -1.9 -1.9 -1.9 18 63.1 106.6 139.1 201.6 203.1 203.4 201.2 198.7 192 186.9 182.3 178.4 173.7 169.4 164.9 160.3 155.1 150.7 145.8 139.4 131.5 129.7 123.6 120.1 116.2 112.7 110.1 107.1 102.6 98.5 93.7 89.2 88.1 87.7 85.5 82.1 80.1 73.6 66.7 57.5 48.9 -1.9
-1.9 -1.9 -1.9 -1.9 -1.9 -1.9 -1.9 -1.9 -1.9 -1.9 -1.9 -1.9 -1.9 -1.9 -1.9 -1.9 -1.9 -1.9 -1.9 -1.9 -1.9 -1.9 -1.9 -1.9 -1.9 -1.9 -1.9 -1.9 -1.9 -1.9 -1.9 -1.9 -1.9 -1.9 -1.9 -1.9 -1.9 -1.9 -1.9 8 45.7 90.5 138.1 185.7 202.6 203.6 201.8 200 195.7 190.3 185.2 180.9 177.4 173.6 169.6 164.6 159.2 154.5 149.3 143.6 140.4 134.1 131.5 128.4 123.6 119.9 116.1 113.4 109.8 105.2 100.5 95.5 91.7 91.5 91.6 89.5 85.3 80.6 80 71.1 60.6 50.7 -1.9
-1.9 -1.9 -1.9 -1.9 -1.9 -1.9 -1.9 -1.9 -1.9 -1.9 -1.9 -1.9 -1.9 -1.9 -1.9 -1.9 -1.9 -1.9 -1.9 -1.9 -1.9 -1.9 -1.9 -1.9 -1.9 -1.9 -1.9 -1.9 -1.9 -1.9 -1.9 -1.9 -1.9 -1.9 -1.9 -1.9 -1.9 -1.9 2.3 40.4 78.9 116.9 162.2 205.7 203.5 202.9 200.4 197.5 193.2 188 183.5 179.3 175.8 172.1 168.2 161.1 159.9 157.8 152.5 149.1 143.7 138 132.7 129.6 125.2 122.1 118.9 115.4 111.8 107.3 102.3 98.4 95.3 94.4 92.3 90.1 88.7 83.4 79.3 74.9 51.7 26 -1.9
-1.9 -1.9 -1.9 -1.9 -1.9 -1.9 -1.9 -1.9 -1.9 -1.9 -1.9 -1.9 -1.9 -1.9 -1.9 -1.9 -1.9 -1.9 -1.9 -1.9 -1.9 -1.9 -1.9 -1.9 -1.9 -1.9 -1.9 -1.9 -1.9 -1.9 -1.9 -1.9 -1.9 -1.9 -1.9 -1.9 -1.9 2.2 31 70.1 107.3 148.4 188.1 207.9 205.3 201.7 199.7 194.7 189.8 185.2 180.6 177.3 173.9 170.3 168.7 165.9 163.3 160.6 156.3 151.5 145.4 140.3 135.2 130.5 126.4 123.4 119.2 115.6 112.2 108.6 104.5 100.4 97.8 95.3 93.4 91.4 88.6 84.3 80.3 71.4 48.1 25.6 9.7
-1.9 -1.9 -1.9 -1.9 -1.9 -1.9 -1.9 -1.9 -1.9 -1.9 -1.9 -1.9 -1.9 -1.9 -1.9 -1.9 -1.9 -1.9 -1.9 -1.9 -1.9 -1.9 -1.9 -1.9 -1.9 -1.9 -1.9 -1.9 -1.9 -1.9 -1.9 -1.9 -1.9 -1.9 -1.9 -1.9 1.6 25.5 59.8 95.2 131.3 169.6 210.6 209.5 207.5 203.3 200 194.8 189.6 184.6 179.6 176 172.5 170.4 169.7 170.3 166.9 162.6 158.4 153.3 147.5 140.9 136.2 131.6 127.1 123.7 119.2 115.6 112 109.6 107.6 103.9 98.5 96.4 94.4 92.1 88.2 84.6 79 70.4 55.5 42.2 43.3
-1.9 -1.9 -1.9 -1.9 -1.9 -1.9 -1.9 -1.9 -1.9 -1.9 -1.9 -1.9 -1.9 -1.9 -1.9 -1.9 -1.9 -1.9 -1.9 -1.9 -1.9 -1.9 -1.9 -1.9 -1.9 -1.9 -1.9 -1.9 -1.9 -1.9 -1.9 -1.9 -1.9 -1.9 -0.3 1.5 19.6 55.1 90.9 125 158.1 192.2 214.5 211 208.7 202.9 199.1 195.1 190.5 185.3 180.8 177.7 174.2 172 172.7 172.5 170 165.4 160.4 155.5 149.4 142 137.3 132.7 128.1 124 119.2 115.8 112.7 110.8 110.5 107.4 101.1 97.2 94.8 91.1 87 83.3 78.4 68.1 59.1 54.3 50
-1.9 -1.9 -1.9 -1.9 -1.9 -1.9 -1.9 -1.9 -1.9 -1.9 -1.9 -1.9 -1.9 -1.9 -1.9 -1.9 -1.9 -1.9 -1.9 -1.9 -1.9 -1.9 -1.9 -1.9 -1.9 -1.9 -1.9 -1.9 -1.9 -1.9 -1.9 -1.9 -1.9 0.1 2 23 54.9 88.5 124.2 158.8 191.9 220.1 218.1 214.2 209.5 204.9 200.4 197.4 192.2 187.5 183.4 179.2 175.7 176.4 176.9 175.5 171.9 166.5 161.2 155.2 149 142.7 138 133.7 129.1 123.8 119.1 116.2 112.9 111.1 111 111 105.3 100.2 94.8 88.9 85.5 81.9 75.1 66.6 62.2 59.7 56.4
-1.9 -1.9 -1.9 -1.9 -1.9 -1.9 -1.9 -1.9 -1.9 -1.9 -1.9 -1.9 -1.9 -1.9 -1.9 -1.9 -1.9 -1.9 -1.9 -1.9 -1.9 -1.9 -1.9 -1.9 -1.9 -1.9 -1.9 -1.9 -1.9 -1.9 -1.9 -1.9 0.9 6.1 27.3 58.4 93.4 124.1 157.6 192.6 225.4 223.4 222.3 218.8 216.4 211.1 205.1 201.1 195.7 189.2 184.8 181 177.1 175.8 175.9 173.7 171 166.2 159.9 154.1 148.8 143.1 137.7 133.4 128.9 124 120.8 116.7 113.3 111.3 111 110.2 106.1 101.3 98.5 88.7 84.3 80.3 74.6 70.3 67.8 65.5 62.5
-1.9 -1.9 -1.9 -1.9 -1.9 -1.9 -1.9 -1.9 -1.9 -1.9 -1.9 -1.9 -1.9 -1.9 -1.9 -1.9 -1.9 -1.9 -1.9 -1.9 -1.9 -1.9 -1.9 -1.9 -1.9 -1.9 -1.9 -1.9 -1.9 -1.9 -1.9 1.8 16.2 38 59.6 85.7 115.8 153.8 191.7 226.5 228.7 226.5 225.7 225.3 222.8 217.5 210.9 203 197.1 190.6 185.8 182.1 178.3 175.6 173.7 171.4 168.4 163.8 158.1 152.8 147.6 143.3 137.8 133 127.8 122.8 119.3 116.4 112.6 109.8 108.4 106.6 104.6 100.9 100.1 91.4 86.3 81.9 80.7 79.3 72 69.6 63.2
-1.9 -1.9 -1.9 -1.9 -1.9 -1.9 -1.9 -1.9 -1.9 -1.9 -1.9 -1.9 -1.9 -1.9 -1.9 -1.9 -1.9 -1.9 -1.9 -1.9 -1.9 -1.9 -1.9 -1.9 -1.9 -1.9 -1.9 -1.9 -1.9 -1.9 2.6 14.8 46.9 69.7 91.5 113.2 141.3 173.3 211.3 236.2 233.3 229.5 228.5 229.8 226 221.4 214 205.5 198.3 192 186.7 182.8 179 176.5 172 167.5 164.7 159.9 155.2 151.6 146.6 140.7 137.8 132 128.8 123.8 119.5 116.2 111.7 108.3 105.1 102.5 100.2 98.4 94.3 90.6 87.3 83 89.4 85 73 65.7 61.6
-1.9 -1.9 -1.9 -1.9 -1.9 -1.9 -1.9 -1.9 -1.9 -1.9 -1.9 -1.9 -1.9 -1.9 -1.9 -1.9 -1.9 -1.9 -1.9 -1.9 -1.9 -1.9 -1.9 -1.9 -1.9 -1.9 -1.9 -1.9 -1.9 -1.9 2.6 32.8 71.3 98.7 122.3 144.9 166.7 196.8 230.8 242.3 239.3 235 230.8 230.2 228.2 222.9 214.9 206.4 198.8 192.9 187.7 183.5 179.9 176.2 171.6 167 162.6 158.3 154.8 151.2 146.7 141.6 140.4 134.8 131 125.8 120.9 114.8 109.2 107.1 103.5 99.8 98.8 93.7 90.1 88 83.6 80.5 81.1 77.8 70 62.8 54.9
-1.9 -1.9 -1.9 -1.9 -1.9 -1.9 -1.9 -1.9 -1.9 -1.9 -1.9 -1.9 -1.9 -1.9 -1.9 -1.9 -1.9 -1.9 -1.9 -1.9 -1.9 -1.9 -1.9 -1.9 -1.9 -1.9 -1.9 -1.9 -1.9 -1.9 12.4 50.8 89.3 126.9 150.4 174 197.6 220.2 250.9 245 239.6 235.9 233.5 232.7 230.9 223.7 215.3 207.3 199.3 193.6 188.8 184.2 180.4 175.8 171.1 166.7 163.1 158.5 155.2 152.1 148.6 144.7 141 136.9 130 126.4 121.1 114.9 109.6 106.4 102.7 99.7 97.2 92.6 88.4 84.8 81.2 78.7 70.3 67.5 63.7 59.8 35.5
-1.9 -1.9 -1.9 -1.9 -1.9 -1.9 -1.9 -1.9 -1.9 -1.9 -1.9 -1.9 -1.9 -1.9 -1.9 -1.9 -1.9 -1.9 -1.9 -1.9 -1.9 -1.9 -1.9 -1.9 -1.9 -1.9 -1.9 -1.9 -1.9 -1.9 26.6 67.6 107.3 145.8 178.6 202.2 225.8 249.3 254.5 248.7 242.7 237.9 235.4 234.1 231.2 224.3 216 207.9 200.7 195 189.1 184.5 180 175.3 171.7 167.6 163.2 158.7 154.5 150.4 147.2 143.8 140.3 135.9 131.5 127 121.3 114.9 109.7 106.2 102.6 99.3 95.5 91 85 81.4 79 73.7 67.3 60.8 56.8 52.3 49.2
-1.9 -1.9 -1.9 -1.9 -1.9 -1.9 -1.9 -1.9 -1.9 -1.9 -1.9 -1.9 -1.9 -1.9 -1.9 -1.9 -1.9 -1.9 -1.9 -1.9 -1.9 -1.9 -1.9 -1.9 -1.9 -1.9 -1.9 -1.9 -1.9 1.7 38.1 80.5 122.7 163.8 202.2 230.4 253.9 265.5 257.7 251.1 245.5 240.2 236.3 234.3 230.9 224.3 216.6 209 202.3 196.4 190.3 184.6 180 174.7 171 167.2 161.4 157.3 152.2 148.4 145.3 143 139 134.5 129.9 125.8 119.6 113.8 109.2 105.3 101.3 98.6 93.9 89.8 83 77.6 69.9 64.6 58.6 53.4 49 45.1 41.8
-1.9 -1.9 -1.9 -1.9 -1.9 -1.9 -1.9 -1.9 -1.9 -1.9 -1.9 -1.9 -1.9 -1.9 -1.9 -1.9 -1.9 -1.9 -1.9 -1.9 -1.9 -1.9 -1.9 -1.9 -1.9 -1.9 -1.9 -1.9 -1.9 2.6 47.8 90.6 131.8 175.8 218.7 258.5 276.8 268.9 261.1 253.9 246.2 239.5 236.8 232.6 228.5 224.3 218.8 210.2 202.7 196.7 190.9 184.7 179.4 174.1 169.6 164.8 159.6 153.4 149.3 146.2 143.1 140.9 137.3 131.9 127.7 122.6 117.5 111.5 107.5 103.7 100.2 95.7 91.3 87.4 82.3 77 70.1 63.6 54.9 45.8 40.2 38.2 21.5
-1.9 -1.9 -1.9 -1.9 -1.9 -1.9 -1.9 -1.9 -1.9 -1.9 -1.9 -1.9 -1.9 -1.9 -1.9 -1.9 -1.9 -1.9 -1.9 -1.9 -1.9 -1.9 -1.9 -1.9 -1.9 -1.9 -1.9 -1.9 -1.9 2.5 51.4 100.6 149.7 198.9 240.1 280.4 279.6 271.9 264.3 255.6 247 240 235.1 231.1 227.1 222.6 217.4 210.9 204.9 197.1 190.2 185.2 179.5 175.8 171.8 167 162.5 157.5 151.4 147 141.7 139.1 132.5 129.8 124.9 120.7 115.7 109.6 105.2 100.5 97.3 92.5 89.1 84.9 79.8 75.2 69.9 64.8 57.5 50.2 40.5 26 -1.9
-1.9 -1.9 -1.9 -1.9 -1.9 -1.9 -1.9 -1.9 -1.9 -1.9 -1.9 -1.9 -1.9 -1.9 -1.9 -1.9 -1.9 -1.9 -1.9 -1.9 -1.9 -1.9 -1.9 -1.9 -1.9 -1.9 -1.9 -1.9 -1.9 9.3 64.3 113.2 162 210.8 259.7 295.7 282.1 273.6 265.9 257.8 248.1 239.4 232.4 229.3 225.7 220.8 217.7 212.6 207.8 200.2 193.4 188.4 181.9 177.1 172.9 168.1 163 157.9 152.9 148.2 143 139.2 133.4 128.7 123.9 118.6 114.5 109.9 105.9 100.9 95.5 89.1 85.8 82.5 77.8 73.6 70 63.3 54.7 47.3 40.1 17.5 -1.9
-1.9 -1.9 -1.9 -1.9 -1.9 -1.9 -1.9 -1.9 -1.9 -1.9 -1.9 -1.9 -1.9 -1.9 -1.9 -1.9 -1.9 -1.9 -1.9 -1.9 -1.9 -1.9 -1.9 -1.9 -1.9 -1.9 -1.9 -1.9 0 13.5 80.9 139 187.9 236.7 285.5 294.6 283.7 273.4 265.8 258.2 248.1 238.9 231.3 226.8 224 221.7 219.7 214.9 209.7 203.8 197.2 190.4 184.1 178.2 172.9 167.7 162.6 157.4 152.2 149.6 144.2 139.5 134.7 129.1 123.5 120.4 115.6 110.9 106.2 101.4 95.7 88.5 79.9 78.9 75.3 71.1 67.4 58.7 49.6 40.5 34.8 27.2 -1.9
-1.9 -1.9 -1.9 -1.9 -1.9 -1.9 -1.9 -1.9 -1.9 -1.9 -1.9 -1.9 -1.9 -1.9 -1.9 -1.9 -1.9 -1.9 -1.9 -1.9 -1.9 -1.9 -1.9 -1.9 -1.9 -1.9 -1.9 -1.9 0.2 18.9 85.1 152.4 213.7 262.6 305 293.5 282.7 272 264.7 257.1 247.3 238.6 230.4 225.4 223.4 221.9 221.1 220.2 214 207.1 198.5 190.7 183.6 177.1 172.5 168.2 163 157.7 153.6 150.8 146.6 139.4 134.6 129.9 124.6 120.6 117.1 109.9 105.2 100.5 90.6 88.1 79.2 74.2 71.5 68 60.4 53.7 48.5 43.1 37.3 12.1 -1.9
-1.9 -1.9 -1.9 -1.9 -1.9 -1.9 -1.9 -1.9 -1.9 -1.9 -1.9 -1.9 -1.9 -1.9 -1.9 -1.9 -1.9 -1.9 -1.9 -1.9 -1.9 -1.9 -1.9 -1.9 -1.9 -1.9 -1.9 -1.9 0.3 28.1 95 159.1 224.5 288.4 303.9 291.1 280 270.5 263.4 255.3 246.7 238.6 229.7 224.6 222.6 221.2 221.1 220.5 215.9 209.4 199.3 190.4 182 176.3 172 167.6 163.3 158.3 155.3 153 150.1 139.8 132.9 127.8 123.4 120.5 115 108.9 102.4 96.9 87.6 82.6 80.5 71 69 62.4 60.5 60.7 52.5 45.2 37.3 -1.9 -0.3
-1.9 -1.9 -1.9 -1.9 -1.9 -1.9 -1.9 -1.9 -1.9 -1.9 -1.9 -1.9 -1.9 -1.9 -1.9 -1.9 -1.9 -1.9 -1.9 -1.9 -1.9 -1.9 -1.9 -1.9 -1.9 -1.9 -1.9 -1.9 0.5 36.1 105.5 174.8 240 304.2 295.9 285.9 275.8 267.8 261.7 254.2 245.9 237.7 228.8 223.5 221.1 220.2 219.8 218.3 215.3 210.1 199.4 188.7 180.1 175 170.8 166.6 162.4 158.2 155.7 154.3 151.4 138.1 131.2 125.6 121.2 117.5 111.9 106.4 99 92.8 85.2 79.2 79.6 72.3 66.8 61.1 60.1 59.5 54 47.7 25 -1.9 12.4
-1.9 -1.9 -1.9 -1.9 -1.9 -1.9 -1.9 -1.9 -1.9 -1.9 -1.9 -1.9 -1.9 -1.9 -1.9 -1.9 -1.9 -1.9 -1.9 -1.9 -1.9 -1.9 -1.9 -1.9 -1.9 -1.9 -1.9 -1.9 0.8 50.1 130.6 196.4 259.5 299.3 290.4 282 273.6 265.7 259.2 252.3 244.8 236.9 227.9 220.7 217.9 216.6 216.5 215.8 213.1 207.8 198.5 187.3 179.2 172.5 167.3 163.1 158.9 156.2 155.1 153.8 148.8 138.4 131.1 125 118.6 114.2 109.3 102.4 96.1 91.1 82.2 79.1 77.1 71 63.8 59.3 56.7 57.4 54.6 40.3 17.8 30 32.4
-1.9 -1.9 -1.9 -1.9 -1.9 -1.9 -1.9 -1.9 -1.9 -1.9 -1.9 -1.9 -1.9 -1.9 -1.9 -1.9 -1.9 -1.9 -1.9 -1.9 -1.9 -1.9 -1.9 -1.9 -1.9 -1.9 -1.9 -1.9 0.8 51.9 135 218.1 291.1 290.4 285.9 278.1 270.9 263.5 256.8 250.5 244.5 236.6 227.9 219.4 215.4 212.3 211.8 210.8 208.5 203.2 196.5 185.9 178.4 171.6 164.8 159.6 156.6 155.4 153.6 151.3 145 137.3 131.1 124.8 118.7 112.1 107.5 100.5 96.5 91.9 85.9 79.8 77.1 69.3 60.6 56.4 52.6 51.4 46.9 27 39.9 39.1 39.9
-1.9 -1.9 -1.9 -1.9 -1.9 -1.9 -1.9 -1.9 -1.9 -1.9 -1.9 -1.9 -1.9 -1.9 -1.9 -1.9 -1.9 -1.9 -1.9 -1.9 -1.9 -1.9 -1.9 -1.9 -1.9 -1.9 -1.9 -1.9 0.5 42.7 132.3 222.5 285.9 284.9 280.1 273.7 266.4 259.8 253.9 248 242.2 236.9 229.5 219 213.7 209.3 207 205.1 200.8 196.1 189.1 184.1 176.8 169.4 161.1 156.7 154.4 152.6 149.9 146.1 140.2 134.9 129 123.2 118.2 111.7 107.2 99.5 94.4 89.2 85.2 81.9 78 72.3 64.4 57.4 48 41.5 33.3 45.1 49.9 47.7 45.3
-1.9 -1.9 -1.9 -1.9 -1.9 -1.9 -1.9 -1.9 -1.9 -1.9 -1.9 -1.9 -1.9 -1.9 -1.9 -1.9 -1.9 -1.9 -1.9 -1.9 -1.9 -1.9 -1.9 -1.9 -1.9 -1.9 -1.9 -1.9 1 58.6 143.7 233.9 280.9 278.8 274.1 268.5 261.4 256.2 251.3 246.1 241.1 235.7 229.5 218.6 211.7 207.1 201.9 197.9 194.5 188.4 184.2 179.5 173.4 165.2 159.4 154.3 150.3 148.4 145.6 141.8 136.7 131.3 125 118.7 114.4 109.5 102.4 96.1 91.2 86.4 82.7 78.9 74.1 71.9 62.2 54.8 47.1 38.9 41.5 50.1 52.4 50.9 45.1
-1.9 -1.9 -1.9 -1.9 -1.9 -1.9 -1.9 -1.9 -1.9 -1.9 -1.9 -1.9 -1.9 -1.9 -1.9 -1.9 -1.9 -1.9 -1.9 -1.9 -1.9 -1.9 -1.9 -1.9 -1.9 -1.9 -1.9 -1.9 1.2 64.3 155 245.9 275.5 274.5 269.8 264.3 258.8 253.7 249.2 244.2 239.2 233.7 227.3 218.7 211.8 204.9 197.5 192.1 187.5 181.7 177.2 173.2 167.2 159.1 154.4 152 146.8 143.9 141.3 136.2 132.4 127.6 121.9 117.7 112.5 106.7 98.7 93.1 88.4 82 78.8 74.5 69.8 68.1 56.5 47.4 39.2 42.6 52 56.8 52.6 49.3 46.8
-1.9 -1.9 -1.9 -1.9 -1.9 -1.9 -1.9 -1.9 -1.9 -1.9 -1.9 -1.9 -1.9 -1.9 -1.9 -1.9 -1.9 -1.9 -1.9 -1.9 -1.9 -1.9 -1.9 -1.9 -1.9 -1.9 -1.9 -1.9 2.2 93.7 194 271.6 271.6 270.2 265.9 260.7 255.9 251.2 246.8 242.2 237.2 231.6 226 218.9 211 203.2 193.9 185.7 179.6 174.4 171 166.6 160.5 153.3 149.7 146.7 145.4 138.5 134.8 130.1 127 124 121 116.9 110.8 104.5 98.8 92.7 91 84.8 74.7 70.3 64.9 60.9 50.5 50.1 53.7 54.2 56.5 60.7 56.2 52.8 50.8
-1.9 -1.9 -1.9 -1.9 -1.9 -1.9 -1.9 -1.9 -1.9 -1.9 -1.9 -1.9 -1.9 -1.9 -1.9 -1.9 -1.9 -1.9 -1.9 -1.9 -1.9 -1.9 -1.9 -1.9 -1.9 -1.9 -1.9 -1.9 13.5 112.6 208.5 266.9 264.9 265.7 262.3 258.5 253.5 248.8 244.4 240.1 235.1 229.6 224.3 217.8 210 201.9 192.5 182.2 174 168.1 165 159.4 153.4 148.6 145.1 141.7 139.7 132.4 129.5 128.6 124.2 120.3 119 113.3 109.2 104.5 99.2 93.2 89.6 84 73.5 69 63.2 63 62.4 60.6 62.5 60.6 62.3 64.3 61 57.8 54.6
-1.9 -1.9 -1.9 -1.9 -1.9 -1.9 -1.9 -1.9 -1.9 -1.9 -1.9 -1.9 -1.9 -1.9 -1.9 -1.9 -1.9 -1.9 -1.9 -1.9 -1.9 -1.9 -1.9 -1.9 -1.9 -1.9 -1.9 -1.9 29.4 118.7 211 263.2 261.4 260.8 257.5 254.2 250.8 246.3 242 237.8 232.9 227.9 222.6 216.7 208.9 200.5 189.6 179.4 169.6 163.2 158.9 154.6 150.3 145.8 141.7 139.1 138.8 133.7 131.9 129.8 125.3 121.8 118.8 115.1 110.5 108.5 101.3 92.6 90.5 87.8 76 70.4 69.4 70.9 70.6 71.5 69.6 71.6 70.1 68.4 65.8 62.2 57.4
-1.9 -1.9 -1.9 -1.9 -1.9 -1.9 -1.9 -1.9 -1.9 -1.9 -1.9 -1.9 -1.9 -1.9 -1.9 -1.9 -1.9 -1.9 -1.9 -1.9 -1.9 -1.9 -1.9 -1.9 -1.9 -1.9 -1.9 -1.9 60.9 158.7 245.1 260.3 259.5 256.7 253.1 249.7 247.1 243.8 239.6 235.4 231.1 226.2 221.1 215 207.1 198.5 188.5 177.9 168.6 162.5 157.1 152 148.2 143.1 139.4 139.9 139.1 140.9 137.1 132.6 128.5 125.7 123.5 121.6 115.8 111.3 101.2 91.2 88.5 80.8 79 77.1 75.8 78.4 81.3 80 77.3 76.2 74.4 71.6 67.5 63.2 60.3
