webserver/python/data/NG20.asc
ncols 200
nrows 200
xllcorner 120000
yllcorner 800000
cellsize 50
[rows 74 to 110 of 200, columns 0 to 83 of 200]
-1.8 -1.8 -1.8 -1.8 -1.8 -1.8 -1.8 -1.8 -1.8 -1.8 -1.8 -1.8 -1.8 -1.8 -1.8 -1.8 -1.8 -1.8 -1.8 -1.8 -1.8 -1.8 -1.8 -1.8 -1.8 -1.8 -1.8 -1.8 -1.8 -1.8 -1.8 -1.8 -1.8 -1.8 -1.8 -1.8 -1.8 -1.8 -1.8 -1.8 -1.8 -1.8 -1.8 -1.8 -1.8 -1.8 -1.8 -1.8 -1.8 -1.8 -1.8 -1.8 -1.8 -1.8 -1.8 -1.8 -1.8 -1.8 -1.8 -1.8 -1.8 -1.8 -1.8 -1.8 -1.8 -1.8 -1.8 -1.8 -1.8 -1.8 -1.8 -1.8 -1.8 -1.8 -1.8 -1.8 -1.8 9.9 32.5 49 54.9 56.1 55.5 58.2
-1.8 -1.8 -1.8 -1.8 -1.8 -1.8 -1.8 -1.8 -1.8 -1.8 -1.8 -1.8 -1.8 -1.8 -1.8 -1.8 -1.8 -1.8 -1.8 -1.8 -1.8 -1.8 -1.8 -1.8 -1.8 -1.8 -1.8 -1.8 -1.8 -1.8 -1.8 -1.8 -1.8 -1.8 -1.8 -1.8 -1.8 -1.8 -1.8 -1.8 -1.8 -1.8 -1.8 -1.8 -1.8 -1.8 -1.8 -1.8 -1.8 -1.8 -1.8 -1.8 -1.8 -1.8 -1.8 -1.8 -1.8 -1.8 -1.8 -1.8 -1.8 -1.8 -1.8 -1.8 -1.8 -1.8 -1.8 -1.8 -1.8 -1.8 -1.8 -1.8 -1.8 -1.8 -1.8 -1.8 3 16.3 40.1 48.9 58.2 64.9 64.6 61.4
-1.8 -1.8 -1.8 -1.8 -1.8 -1.8 -1.8 -1.8 -1.8 -1.8 -1.8 -1.8 -1.8 -1.8 -1.8 -1.8 -1.8 -1.8 -1.8 -1.8 -1.8 -1.8 -1.8 -1.8 -1.8 -1.8 -1.8 -1.8 -1.8 -1.8 -1.8 -1.8 -1.8 -1.8 -1.8 -1.8 -1.8 -1.8 -1.8 -1.8 -1.8 -1.8 -1.8 -1.8 -1.8 -1.8 -1.8 -1.8 -1.8 -1.8 -1.8 -1.8 -1.8 -1.8 -1.8 -1.8 -1.8 -1.8 -1.8 -1.8 -1.8 -0.9 3.4 -1.8 -1.7 -1.8 -1.8 -1.8 -1.8 -0.8 -1.8 -1.8 -1.8 3.8 3.2 2.1 9.1 18.1 42.7 50 56.9 68.3 70.8 72.4
-1.8 -1.8 -1.8 -1.8 -1.8 -1.8 -1.8 -1.8 -1.8 -1.8 -1.8 -1.8 -1.8 -1.8 -1.8 -1.8 -1.8 -1.8 -1.8 -1.8 -1.8 -1.8 -1.8 -1.8 -1.8 -1.8 -1.8 -1.8 -1.8 -1.8 -1.8 -1.8 -1.8 -1.8 -1.8 -1.8 -1.8 -1.8 -1.8 -1.8 -1.8 -1.8 -1.8 -1.8 -1.8 -1.8 -1.8 -1.8 -1.8 -1.8 -1.8 -1.8 -1.8 -1.8 -1.8 -1.8 -1.8 -1.8 -1.8 -1.8 -1.8 0.1 20.1 22.4 16.1 10.3 -1.8 -1.8 5.9 3.6 -1.8 -1.8 -1.8 -1.8 5.8 13.4 16.8 25.4 38.3 45.1 54.2 63.1 61.5 67.1
-1.8 -1.8 -1.8 -1.8 -1.8 -1.8 -1.8 -1.8 -1.8 -1.8 -1.8 -1.8 -1.8 -1.8 -1.8 -1.8 -1.8 -1.8 -1.8 -1.8 -1.8 -1.8 -1.8 -1.8 -1.8 -1.8 -1.8 -1.8 -1.8 -1.8 -1.8 -1.8 -1.8 -1.8 -1.8 -1.8 -1.8 -1.8 -1.8 -1.8 -1.8 -1.8 -1.8 -1.8 -1.8 -1.8 -1.8 -1.8 -1.8 -1.8 -1.8 -1.8 -1.8 -1.8 -1.8 -1.8 -1.8 -1.8 -1.8 28.3 31.5 37.2 50.1 54.1 37.4 27.2 -1.8 11.7 21.9 16.5 9.1 -1.8 -1.8 -1.8 15.5 17.9 21.3 27.9 38.5 42.9 48.3 52.6 54.8 58.7
-1.8 -1.8 -1.8 -1.8 -1.8 -1.8 -1.8 -1.8 -1.8 -1.8 -1.8 -1.8 -1.8 -1.8 -1.8 -1.8 -1.8 -1.8 -1.8 -1.8 -1.8 -1.8 -1.8 -1.8 -1.8 -1.8 -1.8 -1.8 -1.8 -1.8 -1.8 -1.8 -1.8 -1.8 -1.8 -1.8 -1.8 -1.8 1.6 -1.8 -1.8 -1.8 -1.8 -1.8 -1.8 0.5 25.9 -1.8 23.3 -1.8 -1.8 -1.8 -1.8 -1.8 16.4 2.5 2.5 31.2 50.7 62.4 68.6 72.9 73.6 71.4 66.7 51.1 36.4 37.1 37 34.9 21.5 17.9 15.9 16.6 20.2 23.1 25.6 30 41 44.5 45.1 54 63.7 63.9
-1.8 -1.8 -1.8 -1.8 -1.8 -1.8 -1.8 -1.8 -1.8 -1.8 -1.8 -1.8 -1.8 -1.8 -1.8 -1.8 -1.8 -1.8 -1.8 -1.8 -1.8 -1.8 -1.8 -1.8 -1.8 -1.8 -1.8 -1.8 -1.8 -1.8 -1.8 -1.8 -1.8 -0.7 -1.8 -1.8 -1.8 3.3 2.5 0.9 0.4 0.7 1.4 1.8 2.5 31.5 34.1 35.3 33.5 31.5 26.5 -1.8 -1.8 24 24.6 5.5 22.7 61.6 75 75.9 77.8 77.7 77.7 76.5 71.5 63 51.4 43.7 41.7 38.3 34.6 24 22.6 23.2 25.3 24.8 25 32.7 37.9 41.8 47.5 55.8 62.2 66.3
-1.8 -1.8 -1.8 -1.8 -1.8 -1.8 -1.8 -1.8 -1.8 -1.8 -1.8 -1.8 -1.8 -1.8 -1.8 -1.8 -1.8 -1.8 -1.8 -1.8 -1.8 -1.8 -1.8 -1.8 -1.8 -1.8 -1.8 -1.8 -1.8 -1.8 2.2 0.3 2.5 2.5 2.4 2.8 5.5 6.9 6.4 13.8 9.3 8.1 17.8 55.8 76.2 72.6 73.2 77.6 78.9 79 78.1 56.7 44.5 45.2 32.1 15 68.9 76.9 80.6 85 84.8 86 81.7 80.2 74.8 70.1 60.2 49.6 46.5 45.1 43 29 25.9 24.7 24.5 23.3 23.9 30.4 41.9 42.4 50.2 51.6 59.8 60.8
-1.8 -1.8 -1.8 -1.8 -1.8 -1.8 -1.8 -1.8 -1.8 -1.8 -1.8 -1.8 -1.8 -1.8 -1.8 -1.8 -1.8 -1.8 -1.8 -1.8 -1.8 -1.8 -1.8 -1.8 -1.8 -1.8 -1.8 -1.8 -1.8 2.5 6.8 1.7 2.5 2.5 3.6 7.2 11.9 14.3 16.1 17.2 23.9 73.8 84.1 83.8 83.3 78.1 80.2 84.1 86.1 85.5 83.9 81.5 80.8 82.1 56.4 64.4 78.4 82.1 89.9 90.6 88 89.9 86.9 86.7 80.1 74.6 65.4 57.7 53.8 49.9 47.9 43.7 36.1 27.6 24.6 22.3 22.7 30.4 45.9 42.7 47 48 55.9 57.7
-1.8 -1.8 -1.8 -1.8 -1.8 -1.8 -1.8 -1.8 -1.8 -1.8 -1.8 -1.8 -1.8 -1.8 -1.8 -1.8 -1.8 -1.8 -1.8 -1.8 -1.8 -1.8 -1.8 -1.8 -1.8 -1.8 -1.8 -1.8 -1.8 2.1 8.5 8.6 6.4 7 12 13.1 14.6 20.5 41.5 62.8 79 84.1 85.5 90.5 86.9 87 89.2 87.9 89.4 89.6 84 83.1 81 78.1 67.4 77.5 84.7 90.4 91.8 92.5 91.9 91.3 91.5 86.3 82.1 79.6 75.5 62 57.6 54.5 52 48.7 46.3 35.4 30.4 22 21.5 24.5 37.1 42.2 48.2 45.2 49.2 56.7
-1.8 -1.8 -1.8 -1.8 -1.8 -1.8 -1.8 -1.8 -1.8 -1.8 -1.8 -1.8 -1.8 -1.8 -1.8 -1.8 -1.8 -1.8 -1.8 -1.8 -1.8 0.3 0.9 1.1 -1.8 -1.8 -1.8 -1.8 1.2 2.5 11 12.8 14 13.8 15.5 18 32.6 63.9 76.7 79.2 85.1 87.1 91.5 91.3 90.4 93.5 92.9 93.5 91.8 91.1 87.3 85.9 86 83.5 77 85.3 92.5 94.6 97.5 97 94.4 93.5 93.3 91.8 85 81.4 77.9 64.6 60.5 57.8 55 51.1 50.2 44.8 34.7 23.7 21.3 21.3 25.5 32.1 40.4 44.8 47.4 53.6
-1.8 -1.8 -1.8 -1.8 -1.8 -1.8 -1.8 -1.8 -1.8 -1.8 -1.8 -1.8 -1.8 -1.8 -1.8 -1.8 -1.8 -1.8 -1.8 -1.8 -1.8 -1.8 -1.8 2.5 1.1 1.2 2.4 2.3 13.1 11.6 11.2 14.8 17 19.8 24 47.2 75.1 78.2 79.9 84.4 87 91.1 93.6 90.8 92 93.4 94.5 94.7 95.4 91.5 89.8 95.7 87.8 84.7 84.1 92.2 93.7 96.9 101.6 103.9 96.6 94.4 95.2 94.6 91.3 82.9 74.8 66.7 62.2 59.9 56.6 55.3 53.6 46.9 37.8 27 21.5 20.8 20.9 22.9 30.1 46.5 50.9 54.5
-1.8 -1.8 -1.8 -1.8 -1.8 -1.8 -1.8 -1.8 -1.8 -1.8 -1.8 -1.8 -1.8 -1.8 -1.8 -1.8 -1.8 -1.8 -1.8 -1.8 7 -1.8 -1.8 5.6 5.2 6.2 13.5 17.4 19.7 17.9 18.3 20.4 25.4 43.9 75.5 81.8 82.2 83.7 85.8 87.1 89.1 95.8 93.9 91.5 92.2 94.2 95.8 100 102.2 102.2 100.9 99.7 95.6 86.6 90.5 102.6 104.3 103.6 105 105.3 100.4 96.9 96.2 96.3 90.6 84.3 74.6 66.6 62.3 59.8 58.6 57.3 56.2 44.7 39.2 32.1 23 20.9 20.9 21.2 26.1 39.7 51 52.8
-1.8 -1.8 -1.8 -1.8 -1.8 -1.8 -1.8 -1.8 -1.8 -1.8 -1.8 -1.8 -1.8 -1.8 -1.8 -1.8 -1.8 -1.8 -1.8 -1.8 6.3 -1.8 -1.8 9.5 10.5 13.5 21.6 23.8 27.9 39.2 47.5 68.9 47.2 71.6 83.2 87.7 88.9 91.1 94.9 93.2 93.9 95.1 94.2 93.8 95.9 96.4 98.8 102 104.5 104.3 103.8 104.5 99.3 88.4 97.6 104.4 106.5 107.3 106.7 107 106 101 98.3 95.9 91.2 84.6 76.1 68.8 62.4 62.8 61.6 60.5 59.5 49.7 41.5 35.2 29.6 21 20.7 21.1 24.3 30.8 48.8 50.1
-1.8 -1.8 -1.8 -1.8 -1.8 -1.8 -1.8 -1.8 -1.8 -1.8 -1.8 -1.8 -1.8 -1.8 -1.8 -1.8 -1.8 -1.8 -1.8 -1.8 5.3 7.3 10.8 11.9 14.4 26.1 53.1 64.5 78 78.7 78 77.3 66.3 78.6 86.2 90.9 92.3 94.4 98.4 97.4 98.3 97 96.9 96.9 99.2 100.6 105.6 105.8 106 108.4 109.1 107.8 103.3 91.6 98.3 104 108.4 110.2 110.2 111 110 103.8 104.1 98.7 91.7 83.7 77 72.9 65.1 66.6 64.7 63.7 62.6 55.3 44.9 38.6 32 23.2 20.4 21.6 21.7 22.8 21.1 24.9
-1.8 -1.8 -1.8 -1.8 -1.8 -1.8 -1.8 -1.8 -1.8 -1.8 -1.8 -1.8 -1.8 -1.8 -1.8 -1.8 -1.8 -1.8 -1.8 -1.8 6.3 10.4 12.4 14.6 30.7 59 70.1 78.3 81.5 81.5 80.3 79.4 73.4 80 88 95.7 96.3 98.5 99.9 100.2 100 99 99.7 100.3 103.7 108.6 111.2 111.7 112.3 116.4 115.6 116.4 104.2 94.7 102.2 106.8 110.4 111.4 112.4 113.5 112.5 111.5 106.6 98.1 90.3 83.7 84.2 76.8 66.9 68.8 67.8 67.4 66.2 63.4 50.2 41.6 35.2 26.8 22.6 22.4 15.8 19.4 15.5 14.2
-1.8 -1.8 -1.8 -1.8 -1.8 -1.8 -1.8 -1.8 -1.8 -1.8 -1.8 -1.8 -1.8 -1.8 -1.8 -1.8 -1.8 -1.8 -1.8 -1.8 8.7 15.5 17.4 30.4 56.5 69 81.5 84.2 83.6 82.9 82.1 80.9 75.8 79.7 87.7 94.3 97.1 99.3 101.4 101.3 101.5 102.2 102.6 107.6 109.8 114.3 113.6 119.2 126.7 129.7 126.4 120 104 101 112.7 115.1 116.5 116.3 115 113.8 112.5 109.9 102.1 98.3 91.2 87.2 86.1 77.9 69.5 71.4 71.4 71.5 70.5 69.2 54.6 44.4 38.3 30.1 24.5 22.3 12.7 14.7 12.6 8.5
-1.8 -1.8 -1.8 -1.8 -1.8 -1.8 -1.8 -1.8 -1.8 -1.8 -1.8 -1.8 -1.8 -1.8 -1.8 -1.8 -1.8 -1.8 14.5 -1.8 14.1 23 50 63.4 67.4 82.6 86.7 85.4 84.5 83.8 83.1 81.7 77.8 81.9 88.3 96.6 101.8 103.1 103.9 102.5 102.2 103.3 106.5 110.2 112.5 115.6 125.9 132.2 132.2 131.5 129.4 124 107.8 114.4 117.6 118.6 118.7 118.8 118.6 116.7 114.4 113 104.1 96.1 92.7 89 87.4 79.3 72.9 73 75 75.2 74.9 72.5 57.8 47.1 41.8 31.8 25.2 19.5 8.3 2.6 3.2 -1.8
-1.8 -1.8 -1.8 -1.8 -1.8 -1.8 -1.8 -1.8 -1.8 -1.8 -1.8 -1.8 -1.8 -1.8 10.1 -1.8 -1.8 16 17.3 -1.8 22.8 42.6 65.2 70.9 75 88.6 87.9 86.1 85.1 85 83.6 83.3 82.7 85.7 91.7 101.5 105.3 105.9 105.2 103.4 103.7 104.7 107 112.8 116.6 126 131.8 134.3 133.2 132.3 130 127.1 114.4 119.8 120.8 122.1 121.8 121.8 120.8 118.7 117.1 115.3 107.6 100.3 95 92.3 88.8 77 76.1 73.3 76.1 78.2 78.1 75.5 58.7 47.5 39.5 33.5 21.3 16.8 9.2 2.3 -1.8 -1.8
-1.8 -1.8 -1.8 -1.8 -1.8 -1.8 -1.8 -1.8 -1.8 -1.8 -1.8 -1.8 -1.8 -1.8 -1.8 -1.8 -1.8 -1.8 16.4 29.7 52.4 69 73.5 72.7 80 89.8 89.5 88.2 88.9 88.4 88 88.2 87 89.8 97.1 105.3 106.6 106.5 105.7 105.8 106.7 108.6 113.4 118.8 124.3 130.1 133.9 134.2 133 132.7 131.2 126.8 120.6 123.4 123.9 125.5 125.4 124.1 122.5 119.7 118.4 116.5 109 105 97.2 93.6 85.4 77 78.3 77.2 75.8 79.8 79.7 73.6 57.4 49.5 40.2 34.7 19.3 15.2 11.4 3.3 -1.8 -1.8
-1.8 -1.8 -1.8 -1.8 -1.8 -1.8 -1.8 -1.8 -1.8 -1.8 -1.8 -1.8 -1.8 -1.8 -1.8 -1.8 -1.8 19.2 33.6 58.7 72.2 79.2 83.4 79.1 84 92.5 92 91.4 94.5 101.6 101.1 98.6 92.4 95 103.9 107.4 107.4 107.3 108.3 110.1 114.9 118.6 121.8 128.4 132.2 134.7 134.7 134.3 133.8 132.8 131.5 127.2 126.4 131.9 133.3 132.8 128.9 125 123 120.5 119.4 116.9 116.3 105.9 99.5 90.5 80 78.2 80.1 78.6 78 81.2 80.5 70.8 59.8 52.6 42.5 34.1 20.4 14.7 11.3 5.8 -1.8 -1.8
-1.8 -1.8 -1.8 -1.8 -1.8 -1.8 -1.8 -1.8 -1.8 -1.8 -1.8 -1.8 5.7 18.3 18.1 18 23.8 34.8 57.9 72.6 81 89.7 89.6 86.8 94.2 95.3 95.8 101.2 105.8 105.6 102.9 100.3 95.9 101.4 108.8 109.8 109.5 109.3 113 118.7 122 122.8 131 130.9 133 136.4 136.5 136 134.4 132.5 130.4 127.3 131.5 134.8 135.5 134.9 127.3 125.1 122 120.3 119.6 120.6 119.6 113.4 102 89.3 79.1 79.9 80.7 78.4 77.8 80.4 80.4 72.6 62 55 45.8 39.8 20.4 15.4 12.9 7.4 -1.8 -1.8
-1.8 -1.8 -1.8 -1.8 -1.8 -1.8 -1.8 -1.8 -1.8 -1.8 -1.8 -1.8 8.4 23.2 35.5 40.4 66.6 71 74.4 85.6 91.1 92 91.5 93.4 97.2 98.7 100.9 106.5 108.6 106.8 104.7 102 99 101.2 109.3 110.6 110 113.4 118.6 123.4 125.2 131.1 132.8 134 138.6 138.6 137.9 136.4 134.5 132.4 130.7 126.3 133.9 136.9 135.6 131.6 127 124.7 120.8 121.3 122.7 121.4 119.8 111.7 100.8 85.4 82.8 80.6 79.7 78.4 78 76.9 79.3 80.1 64.9 57.4 47.3 39.6 24.6 18.5 14.2 12.7 -1.8 -1.8
-1.8 -1.8 -1.8 -1.8 -1.8 -1.8 -1.8 -1.8 -1.8 -1.8 0.9 1.3 24.7 56.5 64.6 78.2 84.6 79.7 85.8 94.4 94.4 94 92.3 95.7 99.7 103.6 110.1 111.6 110.7 110 110.4 112.5 103.9 100.9 109.5 111.5 113.4 122.3 126.3 126.2 133.6 135.9 138 140.5 139 138.7 138.5 136.2 133.4 132.9 129 126.9 131.4 130.6 129.1 127.1 125.5 122.4 120.9 123.3 121.5 114.8 108.8 106.2 101.2 86.5 81.2 80.1 79.6 77.2 80.7 71.4 82.2 83.2 67.1 58.4 50.3 40.6 25.9 16.6 14.6 -1.8 -1.8 -1.8
-1.8 -1.8 -1.8 -1.8 -1.8 -1.8 -1.8 -1.8 -1.8 2.5 2.5 10.1 41.6 73.3 80.1 95 95.4 88.3 91.9 96.4 97.9 95.8 93.9 97.9 105 114.4 114.5 114 115.1 121.2 120.6 118.3 109.8 102.2 112 112.3 120.7 127 127.8 132 136.4 138 140.5 142.9 140.8 140.4 137.8 131.7 132.8 131.8 122.2 129.8 130.4 130.1 128.2 127.3 124.1 124.4 121.4 118.1 114.4 112.3 107.2 101.6 94.9 88.1 80.7 82.2 83 72.7 70.9 67.8 82.3 75.9 67.5 58.3 49.9 39.5 26.5 15.5 11.5 -1.8 -1.8 -1.8
-1.8 -1.8 -1.8 -1.8 -1.8 -1.8 -1.8 -0.1 2.2 6.2 12.2 9.3 24.2 64.1 96.5 98.5 100 94.3 96.6 100.2 99.9 98 98.1 102.1 108.9 117.5 116.1 119.6 124.7 124.6 122.7 119.7 111.1 105 111.9 119.9 127.7 127.6 130.9 136.3 137.4 137.9 141.6 143.3 142.5 140.1 134.7 129.1 127.1 122.9 120.2 130 130.9 130.5 127.6 125.3 121.9 121.1 120.5 118.6 118.6 111.1 108.3 96.3 92.8 85.4 82.6 83.3 82.8 71.8 62 64.3 68 70.2 66.3 58 50.2 41.3 29.5 16.3 9.3 -1.8 -1.8 -1.8
-1.8 -1.8 -1.8 -1.8 -1.8 -1.8 -1.8 -0.4 0.7 -1.8 -1.8 -1.8 14.2 81 99.8 102.1 104.3 101 105.9 105.4 107.7 102.3 97.9 101.3 109.7 115.1 117 123.7 126.7 125.9 124.4 120.5 114.6 110.2 121.2 127.1 127.6 129.2 133 138.5 138.2 141 144.8 143.9 137.9 135.6 130.6 126.1 122.8 115.1 119 130.1 131.7 130.9 128.5 127.9 124.2 122.3 122.8 121.4 120.5 112.5 109.1 93 85.2 81.7 83.9 84.4 85 66.9 58.7 58.5 60 63.9 64.8 61 53.7 43.8 38.5 -1.8 -1.8 -1.8 -1.8 -1.8
-1.8 -1.8 -1.8 -1.8 -1.8 -0.7 -1.8 -1.8 -1.8 -1.8 -1.8 -1.8 8.8 84.9 102.3 107.1 107.7 109 111.4 109.2 103.2 103.8 98.1 100.3 112.4 119.1 119.9 127.2 127.7 126.7 123.3 120 115.9 117.4 132.3 132.7 130.6 132 137.2 142.5 143.9 145.8 143.5 141.8 134.9 132 128.4 125.1 117 107.6 116.3 125.3 127.6 125.7 125.5 124.1 123.7 123 123.9 124.3 117.8 113.5 103.6 93.4 84 81.2 84.6 82.7 78.3 64.7 57.6 56.4 32.3 17.2 48.7 38.3 24.4 42.1 29.7 -1.8 -1.8 -1.8 -1.8 -1.8
-1.8 -1.8 -1.8 -1.8 -1.8 -1.8 2.5 -1.8 -1.8 -1.8 -1.8 -1.8 5 87.4 106.5 111.4 112.4 114.8 112.5 109.3 99.7 99.2 98.6 106 120.7 121.2 122.9 127.7 128.5 126.6 122.7 118.8 118.2 118.2 130.7 133.5 132.7 134.3 140 140.5 143.6 145.4 144.2 136.8 138.2 135.1 127.9 125.2 117.1 104.2 109.9 119.3 123.3 124.3 126.9 124.8 118.8 119.3 124.8 120.8 116.8 114.3 100 90.5 82.5 80.4 85.4 82.1 69.3 62.5 56.8 54.6 -1.8 2.5 17.6 2 2.1 -1.8 -1.8 -1.8 -1.8 -1.8 -1.8 -1.8
-1.8 -1.8 -1.8 -1.8 -1.8 -1.8 -1.8 -1.8 -1.8 -1.8 -1.8 2.5 13.6 40.7 95.4 115.5 117 115.3 113.5 110.5 100.7 98.5 99.2 110.1 120.6 122.6 127.6 130.1 128.6 125.7 121.8 117.5 116.1 117.4 128 131.8 134.9 139.1 142.7 140.8 139.1 137.6 136.2 135.2 135.4 129.7 126.7 123.5 114.8 102.3 109.8 115.5 121 127.6 129.8 127.2 119 119.6 121.1 118.6 116.2 107.4 99.5 92.6 80.4 79.9 86.4 81.6 64.2 59.9 56.5 -1.8 -1.8 -1.8 -1.8 -1.8 8.5 -1.8 -1.8 -1.8 -1.8 -1.8 -1.8 -1.8
-1.8 -1.8 -1.8 -1.8 -1.8 -1.8 -1.8 -1.8 -1.8 -1.8 -1.8 4.1 4.8 15.3 44.3 120 119.4 116.8 114.6 111.4 107.3 98.6 99.9 109.3 122.4 124.1 128.9 129.8 128.2 125.5 121.8 117 116.1 115.4 128 134.6 135.2 139.6 142.3 140.6 139.4 137.7 136.6 132.9 131.2 123.7 121.2 117.6 110.1 101.9 105.8 117.5 122.4 127.3 127.7 123.5 119.3 118.5 120 119.2 111.3 107.1 97.7 88.1 79 84.1 88.5 73.1 59 56.5 21.4 -1.8 -1.8 -1.8 -1.8 -1.8 -1.8 -1.8 -1.8 -1.8 -1.8 -1.8 -1.8 -1.8
-1.8 -1.8 -1.8 -1.8 -1.8 -1.8 -1.8 -1.8 -1.8 -1.8 -1.8 -1.8 -1.8 8.2 27.3 65.3 121.2 119.9 120.4 122.5 109.7 100.1 100.7 105.9 119.9 123 125.1 129.4 127.5 125.4 122.6 118.3 116.9 116.7 131.7 135.2 135.7 140 142.2 140.2 137.7 136.4 135.6 134.8 132.3 123.6 116.6 111.3 102.2 103.1 106.1 116.2 121.2 126.7 126.2 124.4 114.4 116.9 116.2 112.8 109.6 96.9 90.6 80.4 78.9 82.9 78.5 67.3 52.7 19.9 -1.8 -1.8 -1.8 -1.8 -1.8 -1.8 -1.8 -1.8 -1.8 -1.8 -1.8 -1.8 -1.8 -1.8
-1.8 -1.8 -1.8 -1.8 -1.8 -1.8 -1.8 -1.8 -1.8 -1.8 -1.8 -1.8 -1.8 8.3 17.8 44.2 124.6 126.3 125.4 115.7 104.4 99.6 100.8 103.5 111.9 122.1 123.5 129 126.9 124.9 122.4 116.9 111.6 118.4 132.3 137.4 136.5 136.1 138.4 140.1 138.4 136.1 135.2 131.8 130.7 123.8 115.7 106.4 98.9 105.4 111.5 116.5 123.8 127.4 126.3 123 113.4 115.1 113.1 109.1 100.3 90.7 79.6 76.2 73.1 75.7 73 62 22.4 -1.8 -1.8 -1.8 -1.8 -1.8 -1.8 -1.8 -1.8 -1.8 -1.8 -1.8 -1.8 -1.8 -1.8 -1.8
-1.8 -1.8 -1.8 -1.8 -1.8 -1.8 -1.8 -1.8 -1.8 -1.8 -1.8 -1.8 3.3 7.8 14.8 39.3 118.8 128.6 124.8 114.7 104.1 98.5 101.3 105.2 109.8 120.6 121.6 124 125.7 124.7 121.9 114.7 111.1 122.1 134.4 138 137.3 136.3 135.1 132.8 131.2 129.5 125.6 122.3 121 116.9 109.5 103.6 99 104.8 109.8 117.2 122.2 124.8 122.7 117.7 113.1 114.1 109.6 100.4 89.7 81.8 79.9 77.9 40.6 66.1 63.6 21.7 -1.8 -1.8 -1.8 -1.8 -1.8 -1.8 -1.8 -1.8 -1.8 -1.8 -1.8 -1.8 -1.8 -1.8 -1.8 -1.8
-1.8 -1.8 -1.8 -1.8 -1.8 -1.8 -1.8 -1.8 -1.8 -1.8 -1.8 -1.8 4.8 4.1 10.8 36.6 95.6 128.4 123.7 112.8 98.2 97.5 104.9 110.3 109 116.6 120.7 121.3 123.2 124.9 122 111.3 115 123.4 134.8 136.9 137.6 136.8 134.6 127.3 124.4 123 120.4 118.8 116.2 114.8 107.1 97.7 101.8 103.9 106.3 116.9 118.5 119.8 115.2 109.1 108.8 106.8 102.2 92 85.1 82.9 80 48.4 -1.8 15.8 -1.8 -1.8 -1.8 -1.8 -1.8 -1.8 -1.8 -1.8 -1.8 -1.8 -1.8 -1.8 -1.8 -1.8 -1.8 -1.8 -1.8 -1.8
-1.8 -1.8 -1.8 -1.8 -1.8 -1.8 -1.8 -1.8 -1.8 -1.8 -1.8 -1.8 3.2 2.6 9.9 32.8 92.3 127.3 118.2 111 98.6 96.3 109 113.1 109.1 112.8 120.7 121.4 123.3 124.6 122.1 110.8 113.2 122.7 128.9 136 137.5 135.9 133.4 121 118.4 119.8 120.1 114.6 110.7 109.1 105.4 95.1 106.7 107 108.3 117.3 118 114.7 112 103.5 103.4 99.3 100.2 89.7 85.2 76.4 39.3 -1.8 -1.8 -1.8 -1.8 -1.8 -1.8 -1.8 -1.8 -1.8 -1.8 -1.8 -1.8 -1.8 -1.8 -1.8 -1.8 -1.8 -1.8 -1.8 -1.8 -1.8
-1.8 -1.8 -1.8 -1.8 -1.8 -1.8 -1.8 -1.8 -1.8 -1.8 -1.8 -1.8 2.5 2.5 2.2 23.5 46.3 119.7 114.2 107.3 98.1 99.3 112.1 111.1 110.6 113.5 119.2 121 120.9 120.6 115 109.9 114.7 123.2 126.2 136.2 137.3 135.3 123.3 117.6 116.6 115.6 113.6 111 108 103.9 98.6 96.5 103.4 106.5 110.3 116.4 116.3 110.4 113.7 102.1 96.7 93.2 92.2 76.9 46.5 30 9.8 -1.8 -1.8 -1.8 -1.8 -1.8 -1.8 -1.8 -1.8 -1.8 -1.8 -1.8 -1.8 -1.8 -1.8 -1.8 -1.8 -1.8 -1.8 -1.8 -1.8 -1.8
