webserver/python/data/NG26.asc
ncols 200
nrows 200
xllcorner 120000
yllcorner 860000
cellsize 50
[rows 148 to 184 of 200, columns 83 to 165 of 200]
165.6 169.3 173 176.7 182.9 188.8 194.7 201.4 208.1 211.3 212.1 211.8 211.1 210.6 209.1 206.2 201.8 195.8 189.4 182.9 176.3 169.8 165.4 161.8 156.2 149.1 143 142.6 142.6 140.3 137.5 136.3 138 135.3 134 135 135.1 135.5 135.2 136.2 134 131.6 128.1 122.5 117.6 113.2 106.2 100.1 94.5 91 87.7 85.3 81.3 65.5 14.6 -1.9 -1.9 -1.9 -1.9 -1.9 -1.9 -1.9 -1.9 -1.9 -1.9 -1.9 -1.9 -1.9 -1.9 -1.9 -1.9 -1.9 -1.9 -1.9 -1.9 -1.9 -1.9 -1.9 -1.9 -1.9 -1.9 -1.9 -1.9
167.1 169.6 170.1 174.5 179.8 187.6 193.7 200.1 206 210.4 212 213.1 213.6 211.7 209.2 206.7 202.8 197 191 184.9 177.6 170.9 166.2 162.8 159.8 150.1 150.7 150.3 149 148.4 145.7 144.5 144.2 140.4 139.1 139.9 139.2 139.5 140.9 140.3 136.8 133.6 130.4 124.6 118.5 111.4 104.7 98.2 92.6 88.5 86 81.8 77.1 45.8 2.6 -1.9 -1.9 -1.9 -1.9 -1.9 -1.9 -1.9 -1.9 -1.9 -1.9 -1.9 -1.9 -1.9 -1.9 -1.9 -1.9 -1.9 -1.9 -1.9 -1.9 -1.9 -1.9 -1.9 -1.9 -1.9 -1.9 -1.9 -1.9
167.7 170.2 171.1 173.7 177.9 184.4 192.1 198 203.5 208.8 213.2 217.3 219.2 216.8 212.7 208.5 203.6 197.7 191.6 184.7 177.7 171 166.6 163.7 161.9 158.7 156.3 158.7 159.9 159.5 157.2 155.3 153 149.1 145.1 144.8 144.1 143.6 143.4 142.3 139.1 135.9 131.9 125.2 118.7 110.4 103.1 96.6 90 86.7 84.2 78.9 74 31 -1.9 -1.9 -1.9 -1.9 -1.9 -1.9 -1.9 -1.9 -1.9 -1.9 -1.9 -1.9 -1.9 -1.9 -1.9 -1.9 -1.9 -1.9 -1.9 -1.9 -1.9 -1.9 -1.9 -1.9 -1.9 -1.9 -1.9 -1.9 -1.9
168.3 170.9 172.8 175 177.3 180.2 189.6 196.5 202 207.6 212.7 217.9 220.1 219.9 215.1 209.4 204.5 198.3 192.3 184.8 177.4 171.5 167.8 166.3 164.3 163.3 162.7 165.3 166.9 168.5 170.6 167.2 162.4 157.1 152.1 150.4 149.7 148.4 146.1 144.4 141.7 138.3 133 126.5 119.7 111.9 104.1 96.8 89.4 85.4 82.6 78.7 63.9 17.1 -1.9 -1.9 -1.9 -1.9 -1.9 -1.9 -1.9 -1.9 -1.9 -1.9 -1.9 -1.9 -1.9 -1.9 -1.9 -1.9 -1.9 -1.9 -1.9 -1.9 -1.9 -1.9 -1.9 -1.9 -1.9 -1.9 -1.9 -1.9 -1.9
168.9 171.6 174.5 177.1 179.4 182.3 187.4 194.3 201.3 207 212.2 217.4 220.2 221 218 211.9 205.2 198.9 192.5 184.7 176.8 171.8 168.8 167.7 168.5 168.4 169.8 171.9 173.3 175.2 177.7 176.4 173.6 168.8 161.8 157.6 155.5 153.9 149.6 146.4 143.8 140.3 134.6 128 120.9 112.9 104 95.7 89.3 84.7 81.5 78.1 54.7 8.8 -1.9 -1.9 -1.9 -1.9 -1.9 -1.9 -1.9 -1.9 -1.9 -1.9 -1.9 -1.9 -1.9 -1.9 -1.9 -1.9 -1.9 -1.9 -1.9 -1.9 -1.9 -1.9 -1.9 -1.9 -1.9 -1.9 -1.9 -1.9 -1.9
169.4 172.1 175.7 179.5 182.4 185.3 188.7 193.1 201 207.7 212.8 217.4 220.2 220.9 220.9 214.7 206.9 199.3 192.5 183.5 175.9 170.4 170.1 170.6 172.7 174.3 176.3 177.9 180.5 184.4 186.3 187.2 184.7 180.6 175.3 169.6 163.2 160.4 155.9 149.8 145.8 141.6 136.6 129.9 121.5 113.6 104.2 94.7 88.7 83.7 81.1 78.3 45 2.2 -1.9 -1.9 -1.9 -1.9 -1.9 -1.9 -1.9 -1.9 -1.9 -1.9 -1.9 -1.9 -1.9 -1.9 -1.9 -1.9 -1.9 -1.9 -1.9 -1.9 -1.9 -1.9 -1.9 -1.9 -1.9 -1.9 -1.9 -1.9 -1.9
169.2 173 177.3 181.8 185.7 188.5 191.1 193.1 199 206.5 214.7 219.4 220.4 221.4 220.7 216.4 208.9 201.2 193.5 184.2 176.2 172.8 172 175.7 177.8 181.3 186.1 191 196.2 200.7 200.4 198.8 194.1 188.6 183.3 176.7 169.8 165 158.8 152.6 147.2 143.5 138.6 132.5 122.4 113.6 105 94.4 88.1 84.2 81.5 77.9 36.1 -1.9 -1.9 -1.9 -1.9 -1.9 -1.9 -1.9 -1.9 -1.9 -1.9 -1.9 -1.9 -1.9 -1.9 -1.9 -1.9 -1.9 -1.9 -1.9 -1.9 -1.9 -1.9 -1.9 -1.9 -1.9 -1.9 -1.9 -1.9 -1.9 -1.9
171.1 174.2 179.1 183.6 188.5 192.7 195.1 195.9 199.2 206.7 214.4 220.9 221.9 222.3 220.8 216.2 210.2 202.4 194 183.8 179 176.2 177.2 180.3 183.8 188.1 195 203.2 210.3 215.8 217.8 212.4 203.5 195.4 188.4 182.1 174 167.3 161.1 155 148.8 144.6 139.6 133.6 124.6 114.2 104.9 94.9 88.3 85.6 82.8 74.7 36.2 -1.9 -1.9 -1.9 -1.9 -1.9 -1.9 -1.9 -1.9 -1.9 -1.9 -1.9 -1.9 -1.9 -1.9 -1.9 -1.9 -1.9 -1.9 -1.9 -1.9 -1.9 -1.9 -1.9 -1.9 -1.9 -1.9 -1.9 -1.9 -1.9 -1.9
172.7 175.6 179.4 184.8 191.1 199.6 199.8 200.3 201.5 206.5 214.6 221.2 223.1 222.5 220.7 216.1 210.3 203.3 194.4 186.1 180.4 179.1 181.9 185.4 189.2 195.4 203.3 211.9 219.6 225.8 230.9 225.1 212.2 200.3 191.4 184.2 176.9 169.6 163.4 157.3 150.7 145.2 140 134.5 127.4 117.2 106 95.8 89.8 86.4 80.2 71.5 36.7 -1.9 -1.9 -1.9 -1.9 -1.9 -1.9 -1.9 -1.9 -1.9 -1.9 -1.9 -1.9 -1.9 -1.9 -1.9 -1.9 -1.9 -1.9 -1.9 -1.9 -1.9 -1.9 -1.9 -1.9 -1.9 -1.9 -1.9 -1.9 -1.9 -1.9
173.3 175.2 178.9 184.3 192.4 200 205.7 208.6 209.3 210.5 217.5 221.7 223 222.4 220.8 216.3 210.1 203.7 196.8 188.7 181.3 182.9 187.4 190.6 194.4 201.5 210.5 219.6 226.9 231.6 232.9 230.7 219.1 204.1 193.9 186.2 179.2 171.9 165.7 159.1 152.4 146.6 140.8 135.9 130.7 119.5 108 97.5 91.5 87.2 81.5 71.9 38.4 -1.9 -1.9 -1.9 -1.9 -1.9 -1.9 -1.9 -1.9 -1.9 -1.9 -1.9 -1.9 -1.9 -1.9 -1.9 -1.9 -1.9 -1.9 -1.9 -1.9 -1.9 -1.9 -1.9 -1.9 -1.9 -1.9 -1.9 -1.9 -1.9 -1.9
175.6 178.8 182.6 188.3 195.9 203.8 210.7 214.6 215.8 218.6 221.8 222.5 223.4 222.9 220.7 216 209.7 203.1 197.5 190.1 190 191.6 194.1 198.3 202.5 208.8 217.3 225.8 232 235.8 236 233.1 223.1 208.7 197.4 188.4 181.4 174.3 167.5 160.8 154.1 147.5 141.8 136.8 133 122 110.4 99.7 92.9 88 81.9 73.5 40.4 -1.9 -1.9 -1.9 -1.9 -1.9 -1.9 -1.9 -1.9 -1.9 -1.9 -1.9 -1.9 -1.9 -1.9 -1.9 -1.9 -1.9 -1.9 -1.9 -1.9 -1.9 -1.9 -1.9 -1.9 -1.9 -1.9 -1.9 -1.9 -1.9 -1.9
177.2 181.8 186.6 192.6 201.2 209.5 215.5 219.6 220.2 223.1 226.2 226.5 225.9 223.5 220 215.6 208.7 202.8 199.3 197.9 197.9 198.9 202 207.5 212.1 217.4 223 230.8 235.7 238 237.8 235.4 226.1 213.2 200.1 190.2 182.5 175 168.3 162.1 155.4 148.5 142.8 137.4 132.7 123 112.6 102.6 94 88.3 82.3 74.3 48.1 9.6 -1.9 -1.9 -1.9 -1.9 -1.9 -1.9 -1.9 -1.9 -1.9 -1.9 -1.9 -1.9 -1.9 -1.9 -1.9 -1.9 -1.9 -1.9 -1.9 -1.9 -1.9 -1.9 -1.9 -1.9 -1.9 -1.9 -1.9 -1.9 -1.9
178.5 184 190.7 197 205.9 212 216.4 219.9 223.9 227.1 230.7 229.3 227.9 224.6 220.8 215.6 208.5 201.5 200.2 202.1 202.8 205 209.3 215.2 221.5 227.3 231.8 235.4 238.9 240.9 241.1 238.4 228.4 215 200.6 192.3 184 176.2 170.1 163.5 156.7 150 143.9 138.3 131.7 123.9 114.9 105.7 95.8 90.6 83.7 74.7 68.4 27.6 -1.9 -1.9 -1.9 -1.9 -1.9 -1.9 -1.9 -1.9 -1.9 -1.9 -1.9 -1.9 -1.9 -1.9 -1.9 -1.9 -1.9 -1.9 -1.9 -1.9 -1.9 -1.9 -1.9 -1.9 -1.9 -1.9 -1.9 -1.9 -1.9
180.5 185.4 192.5 202.2 211.4 214.5 218 221.3 226.1 229.9 231.2 230.4 228.2 225 221 215 209.6 206.7 203.9 205.5 206.4 210.5 215.4 221.4 227.8 235.2 240.4 242.4 242.7 243.6 243.7 240.1 229.5 215.8 202 194.1 186.1 178.7 171.7 165 158.2 151.5 144.9 138.8 131.3 123.2 116.3 106 96.7 90.9 83.6 75.3 69.3 58.7 1.3 -1.9 -1.9 -1.9 -1.9 -1.9 -1.9 -1.9 -1.9 -1.9 -1.9 -1.9 -1.9 -1.9 -1.9 -1.9 -1.9 -1.9 -1.9 -1.9 -1.9 -1.9 -1.9 -1.9 -1.9 -1.9 -1.9 -1.9 -1.9
183 187.2 194.1 205.2 212.9 216.8 220.1 223.9 227.1 230.9 231.8 231 228.4 225.6 222.5 218.5 213.8 211.1 210 211 213.8 219.1 223.6 228.7 233.9 240.7 244.9 247.3 246.9 245.7 245.9 241 230.3 217.5 202.4 195 188.1 179.9 172.6 165.7 159 152.3 145.3 138.3 130.2 121.9 115.8 106.4 96.8 89.7 82.7 76.2 69.3 59 8.2 -1.9 -1.9 -1.9 -1.9 -1.9 -1.9 -1.9 -1.9 -1.9 -1.9 -1.9 -1.9 -1.9 -1.9 -1.9 -1.9 -1.9 -1.9 -1.9 -1.9 -1.9 -1.9 -1.9 -1.9 -1.9 -1.9 -1.9 -1.9
184.7 189.5 195.1 206.1 213.4 218 221.9 225.5 229.6 233.1 233.7 233.3 230.1 226.9 223.9 220.5 218.8 217.8 218 219 223.1 227.3 231.8 236.8 241 245.6 249 251.2 250.9 248.2 246 240 230 218.3 202.6 193.8 186.9 179.9 173.4 166.5 159.9 153.3 146.1 138.2 129.3 121 114.6 106.3 97.1 90.8 84.1 77.6 68.3 56.7 19.8 -1.9 -1.9 -1.9 -1.9 -1.9 -1.9 -1.9 -1.9 -1.9 -1.9 -1.9 -1.9 -1.9 -1.9 -1.9 -1.9 -1.9 -1.9 -1.9 -1.9 -1.9 -1.9 -1.9 -1.9 -1.9 -1.9 -1.9 -1.9
186.7 191.4 196.6 206.7 210.8 216.5 222.1 226.9 232.6 236.7 237.1 235.9 232.4 229.1 225.3 222 221.1 222.4 224.2 226.8 229.5 234.1 239.1 243.7 248 252.3 254.4 255.1 254.1 251.3 245.9 239.3 228.8 216.3 203.3 194.4 185.2 178.7 172.2 167.4 160.4 153.8 146.8 138.9 130.8 120.7 113 105.6 97.9 92.1 85.4 77.1 68 58.8 7 -1.9 -1.9 -1.9 -1.9 -1.9 -1.9 -1.9 -1.9 -1.9 -1.9 -1.9 -1.9 -1.9 -1.9 -1.9 -1.9 -1.9 -1.9 -1.9 -1.9 -1.9 -1.9 -1.9 -1.9 -1.9 -1.9 -1.9 -1.9
187 194.3 198.6 204.6 212.2 218.1 223.9 231.4 238.8 241.2 240.5 238.5 234.9 231.3 228.1 226.3 225.5 226.7 230 233.3 235.8 240.7 245.8 250.1 255.1 259.8 260.2 259.3 258.1 252.9 246.6 239.9 228 215.7 204.3 194.4 184.5 177.2 173.8 168.3 161 154.4 147.6 139.3 130.6 121.5 113.3 104.7 97.5 92.6 85.4 78.1 71.3 44.8 1.7 -1.9 -1.9 -1.9 -1.9 -1.9 -1.9 -1.9 -1.9 -1.9 -1.9 -1.9 -1.9 -1.9 -1.9 -1.9 -1.9 -1.9 -1.9 -1.9 -1.9 -1.9 -1.9 -1.9 -1.9 -1.9 -1.9 -1.9 -1.9
185.9 196.5 200.5 206.5 212.5 218.7 225 234.1 242.1 244.2 244.9 242.4 237.8 234.1 231.6 230.1 229.9 231.6 236.2 239.6 242.7 247.4 252.9 256.4 261.2 264.1 264.5 262.7 261.6 255.5 247.2 239.9 226.4 213.8 203.3 193.1 183 175.8 173.2 167.8 160.7 152.3 145.6 137.2 129.1 121.3 112.3 103.8 97 92 86.2 79.3 73.3 34.9 1 -1.9 -1.9 -1.9 -1.9 -1.9 -1.9 -1.9 -1.9 -1.9 -1.9 -1.9 -1.9 -1.9 -1.9 -1.9 -1.9 -1.9 -1.9 -1.9 -1.9 -1.9 -1.9 -1.9 -1.9 -1.9 -1.9 -1.9 -1.9
183.4 191.8 200.4 205.8 211.9 217.8 224.1 234.2 242.6 247.1 249.4 246.7 241.5 237.4 235.3 233.6 233.4 236.5 240.8 246.3 251.7 256.5 260 263.5 266.1 269.1 268.8 266.9 263.2 256.8 246.9 237.9 223.3 213.4 202.5 192.2 181.9 175.9 172.4 166.6 160.9 153.5 146.7 137.7 128.3 121.3 113.5 105.8 99.8 93.8 88.1 80.8 75.4 45.7 1.7 -1.9 -1.9 -1.9 -1.9 -1.9 -1.9 -1.9 -1.9 -1.9 -1.9 -1.9 -1.9 -1.9 -1.9 -1.9 -1.9 -1.9 -1.9 -1.9 -1.9 -1.9 -1.9 -1.9 -1.9 -1.9 -1.9 -1.9 -1.9
182.2 188.9 197.5 203 210.9 215.9 221.9 229.7 241.6 245.8 249.8 250.8 245.7 240.3 238.2 237.1 236.9 240.6 246.2 252.8 259.7 264.4 267.6 270.4 271.3 272.6 269.6 266 261.1 255.2 245.8 233.5 222.7 212.8 201.8 191.3 181.3 175.8 171.6 166.3 160.3 153.9 146.3 139.3 130.4 121.9 114.7 107.5 99.1 92.9 87.5 82.6 77.5 59.6 1.5 -1.9 -1.9 -1.9 -1.9 -1.9 -1.9 -1.9 -1.9 -1.9 -1.9 -1.9 -1.9 -1.9 -1.9 -1.9 -1.9 -1.9 -1.9 -1.9 -1.9 -1.9 -1.9 -1.9 -1.9 -1.9 -1.9 -1.9 -1.9
182.3 187.2 192.9 201 208.9 214 219.6 225.4 238.7 244 247.9 249.6 250.5 245.2 240.5 239.2 239.8 244.2 249.9 258.1 265.9 270.7 273.4 275.9 277.3 274.4 271.3 265.7 258.8 251 241.8 230.9 221.7 211.8 201 190.8 180.9 175.5 171 166 160.4 154.6 148.3 140.2 131.9 122.4 114.8 107.6 99.3 92.3 86.8 82.2 77.9 58.9 2.2 -1.9 -1.9 -1.9 -1.9 -1.9 -1.9 -1.9 -1.9 -1.9 -1.9 -1.9 -1.9 -1.9 -1.9 -1.9 -1.9 -1.9 -1.9 -1.9 -1.9 -1.9 -1.9 -1.9 -1.9 -1.9 -1.9 -1.9 -1.9
183 185 188.8 196.9 205.7 212.4 217.8 223.2 234.2 242.6 247.2 248.8 250.2 250.6 248.7 248 246.3 247.5 251.4 259.8 269.4 272.4 277.2 280 280.5 277.8 271.7 264.9 257.4 248 239.2 230 220.7 210.5 199.2 190.4 180 174.3 170.4 165.7 160.3 154.4 147.7 139.6 130.8 122.1 115.1 107.6 99.1 93.1 87.2 81.4 60.8 25.3 -1.9 -1.9 -1.9 -1.9 -1.9 -1.9 -1.9 -1.9 -1.9 -1.9 -1.9 -1.9 -1.9 -1.9 -1.9 -1.9 -1.9 -1.9 -1.9 -1.9 -1.9 -1.9 -1.9 -1.9 -1.9 -1.9 -1.9 -1.9 -1.9
180.1 182.9 186.6 193.9 203.6 209.6 214.5 219.4 226.9 237.3 243.6 247.8 249.4 250.4 253.2 252 250.3 249.3 251 258.5 266.4 270.2 274.4 279 278 274.4 269.4 263.3 255.8 246.6 236.6 227.9 219.4 208.6 197.7 189.7 179 174.2 170.5 165 159.5 153.7 147.1 138.5 130.4 122.2 115.6 107.8 99.2 91.8 85.4 80.3 75.4 48.6 0.9 -1.9 -1.9 -1.9 -1.9 -1.9 -1.9 -1.9 -1.9 -1.9 -1.9 -1.9 -1.9 -1.9 -1.9 -1.9 -1.9 -1.9 -1.9 -1.9 -1.9 -1.9 -1.9 -1.9 -1.9 -1.9 -1.9 -1.9 -1.9
176.7 181.1 184.8 190.1 201 205.3 210 214.9 219.5 226.3 236.3 246.6 249.3 255.7 258.6 252.6 251 249.4 249 254.1 262.4 266.6 270 272.5 272.6 270.4 265 259.9 254.3 244.5 234.2 225.1 215.8 205.6 196.4 187.6 178.9 174.3 169.4 164.6 159.3 153.3 146.8 139.2 131.2 122.5 114.7 107.1 99.6 91.7 85 79.1 74.1 37.5 -1.9 -1.9 -1.9 -1.9 -1.9 -1.9 -1.9 -1.9 -1.9 -1.9 -1.9 -1.9 -1.9 -1.9 -1.9 -1.9 -1.9 -1.9 -1.9 -1.9 -1.9 -1.9 -1.9 -1.9 -1.9 -1.9 -1.9 -1.9 -1.9
176.6 180 182.6 187 195.8 201.6 205.4 210.1 214.5 219.3 226.9 238.4 247.8 258.1 258.6 252.5 251.3 248.9 245.7 247.7 253.7 259.8 265.5 268.2 270.9 268.1 261.4 255.2 250.5 239.5 229.6 220.3 211.4 202.7 194 184.3 176.5 172.3 168.6 164 158.9 152.6 145.8 138.5 130.6 122.1 114.3 106.5 98.9 92.2 85.3 77.8 72.7 19.7 -1.9 -1.9 -1.9 -1.9 -1.9 -1.9 -1.9 -1.9 -1.9 -1.9 -1.9 -1.9 -1.9 -1.9 -1.9 -1.9 -1.9 -1.9 -1.9 -1.9 -1.9 -1.9 -1.9 -1.9 -1.9 -1.9 -1.9 -1.9 -1.9
183.6 180.9 181.9 184.2 190 195.8 201.2 206.3 209.6 214.6 220.1 227.4 241.2 249.7 252.2 248 246.6 243.8 240.9 241.5 245.7 250.2 259.5 263.2 263.6 259.9 255.5 249.2 242.5 233.2 225.6 216.8 207.6 199 190.6 181 174.8 169.1 165.4 161.7 157.5 151 143.8 136.4 128.5 120.5 113.5 106.2 98.4 92.3 85.5 78 59.4 11.9 -1.9 -1.9 -1.9 -1.9 -1.9 -1.9 -1.9 -1.9 -1.9 -1.9 -1.9 -1.9 -1.9 -1.9 -1.9 -1.9 -1.9 -1.9 -1.9 -1.9 -1.9 -1.9 -1.9 -1.9 -1.9 -1.9 -1.9 -1.9 -1.9
182.4 181.4 181.4 183.5 186.9 191.1 197.7 201.4 204.6 209.7 215.5 220.1 227.1 236.2 243.7 241.8 238.8 235.3 234.4 234.9 235.9 238.5 244.5 251 253.4 251.3 247.4 243.6 234 226.8 222.5 213.6 204.7 196.2 187.8 179 172.5 167.3 163.6 160.4 155.8 149.2 141.8 133.6 125.7 117.5 110 102.7 96.1 90.3 83.3 77.4 72.9 11 -1.9 -1.9 -1.9 -1.9 -1.9 -1.9 -1.9 -1.9 -1.9 -1.9 -1.9 -1.9 -1.9 -1.9 -1.9 -1.9 -1.9 -1.9 -1.9 -1.9 -1.9 -1.9 -1.9 -1.9 -1.9 -1.9 -1.9 -1.9 -1.9
176.6 181.4 181 183.3 185.4 188.6 192.2 195.1 198.7 202.4 207.2 212.1 217.7 223.5 228.4 230.2 229.1 228.1 228 227.8 228.3 230.1 233.7 239.8 244.5 244.7 240.5 236.5 226.6 221.4 217.7 210.1 201.6 193.2 184.4 176.9 170.7 166.1 163.3 159.9 155.9 149.9 142.7 132.8 123.6 115.5 107.5 99.9 93.3 87.7 83.2 78.3 72.8 9.6 -1.9 -1.9 -1.9 -1.9 -1.9 -1.9 -1.9 -1.9 -1.9 -1.9 -1.9 -1.9 -1.9 -1.9 -1.9 -1.9 -1.9 -1.9 -1.9 -1.9 -1.9 -1.9 -1.9 -1.9 -1.9 -1.9 -1.9 -1.9 -1.9
168.6 175.5 179.7 183.7 187.8 186.6 188 190.3 192.4 195.5 198.8 204.3 209.7 213.9 219.1 221.4 221.1 222.2 222.6 223.6 223.7 224.9 227.5 231.4 237.1 238.6 234.1 228.1 221.9 216.9 212 204.4 196.7 189.1 181.4 174.4 168.9 165.6 163.6 160.8 155.4 149.4 142.8 133.2 123.3 115.4 107.9 100.2 93.8 88.6 84.5 78.9 68.6 7.7 -1.9 -1.9 -1.9 -1.9 -1.9 -1.9 -1.9 -1.9 -1.9 -1.9 -1.9 -1.9 -1.9 -1.9 -1.9 -1.9 -1.9 -1.9 -1.9 -1.9 -1.9 -1.9 -1.9 -1.9 -1.9 -1.9 -1.9 -1.9 -1.9
164.2 169.4 179.4 184.9 189.6 186.9 185.5 186.6 188.8 191.1 195.3 198.2 202 206.6 210.6 213.9 214.1 215.2 216 217.9 218.9 220.5 223.1 225.4 227.9 231.4 229.7 223.5 219 214.5 208.4 200.8 193.7 186 178.4 171.8 167.1 163.6 161.2 160.5 154.9 148.9 143.4 134.6 123.5 115.5 107.7 100.2 94.4 89.8 85 79.2 64.3 7.6 -1.9 -1.9 -1.9 -1.9 -1.9 -1.9 -1.9 -1.9 -1.9 -1.9 -1.9 -1.9 -1.9 -1.9 -1.9 -1.9 -1.9 -1.9 -1.9 -1.9 -1.9 -1.9 -1.9 -1.9 -1.9 -1.9 -1.9 -1.9 -1.9
159.9 166 174.5 181.4 190.7 188.8 184.9 184 184.6 190.9 190.5 192.7 195.9 199.8 202.8 207 207 206.2 207.8 209.4 210.9 214.5 217.4 220.1 222.6 225.1 223.1 219.4 216.4 212.5 206.7 199.4 191.3 182.8 176.1 171.2 167.3 163 160.3 160.4 155.5 149.4 144.7 136.7 125.1 116.7 111.2 102.7 95.6 90.3 85.4 79.5 63.4 15.6 -1.9 -1.9 -1.9 -1.9 -1.9 -1.9 -1.9 -1.9 -1.9 -1.9 -1.9 -1.9 -1.9 -1.9 -1.9 -1.9 -1.9 -1.9 -1.9 -1.9 -1.9 -1.9 -1.9 -1.9 -1.9 -1.9 -1.9 -1.9 -1.9
155.4 161.4 168.9 174.4 181.8 186.4 184.2 181.3 180 183.1 183.9 186.8 189.9 191.7 194.7 196.1 198.2 199.6 201.3 203.3 206 209 211.7 214.7 218.3 220.2 216.8 214.4 212.6 210.6 206.8 199.8 193.6 185.4 179.1 174.6 170.2 165.2 160.9 158.3 154.8 149.8 145.2 138.7 127.3 117.6 112.4 105.5 97.6 91.8 85.1 78.7 57.4 10.1 -1.9 -1.9 -1.9 -1.9 -1.9 -1.9 -1.9 -1.9 -1.9 -1.9 -1.9 -1.9 -1.9 -1.9 -1.9 -1.9 -1.9 -1.9 -1.9 -1.9 -1.9 -1.9 -1.9 -1.9 -1.9 -1.9 -1.9 -1.9 -1.9
152 158.7 164.1 169.5 175.4 180.5 180.4 178.8 176.4 176.5 177.3 178.4 181.2 184.1 186.9 189.5 192.2 194.1 195.4 197.8 201.7 204.5 207.5 210.5 214.2 213.8 211 211.1 210.4 209 207.9 203 198.8 192.9 186.9 180.1 174.1 169.1 163.8 159 154.4 150.1 143.8 137.5 127.5 118.3 111.4 105.2 98.4 92.2 85.2 78 52 4.8 -1.9 -1.9 -1.9 -1.9 -1.9 -1.9 -1.9 -1.9 -1.9 -1.9 -1.9 -1.9 -1.9 -1.9 -1.9 -1.9 -1.9 -1.9 -1.9 -1.9 -1.9 -1.9 -1.9 -1.9 -1.9 -1.9 -1.9 -1.9 -1.9
148.5 154.2 159.6 165 170.2 174.5 176 176.3 173.9 171.5 171 172 174.9 177.6 180.4 182.7 185.7 188.5 189.4 192 196.1 199.9 203.4 206.2 209.3 209.7 210.2 209.1 208.9 208.6 209.5 207.1 203.1 198.9 192.4 184.5 176.8 170.7 165.2 157.7 152.3 147.5 142 136.9 128.4 119.3 111.5 104.5 98 91.7 85.3 77.4 55.3 10.8 -1.9 -1.9 -1.9 -1.9 -1.9 -1.9 -1.9 -1.9 -1.9 -1.9 -1.9 -1.9 -1.9 -1.9 -1.9 -1.9 -1.9 -1.9 -1.9 -1.9 -1.9 -1.9 -1.9 -1.9 -1.9 -1.9 -1.9 -1.9 -1.9
145.3 149.7 155.7 161.7 167.3 171.9 172.8 173.6 172.4 170.6 169.2 168.7 170.8 173 174.5 175.1 177.9 181.1 183.6 186.5 189.5 193.3 197.9 201.9 205.1 209.5 210.6 210.3 208.7 208 210.7 210.4 208.8 202.5 195.4 187.5 178.6 172.1 165.5 158.5 150.3 146.2 141.7 135.7 127.5 118.8 111.1 104 97.8 90.7 83.2 75.8 59 12.4 -1.9 -1.9 -1.9 -1.9 -1.9 -1.9 -1.9 -1.9 -1.9 -1.9 -1.9 -1.9 -1.9 -1.9 -1.9 -1.9 -1.9 -1.9 -1.9 -1.9 -1.9 -1.9 -1.9 -1.9 -1.9 -1.9 -1.9 -1.9 -1.9
141.7 146.8 152.5 158.3 163.9 169 170.4 170.6 171.1 170.5 167.9 164.6 165.9 168.4 168.9 168.4 170.2 174 178.4 182.2 183.8 187.9 192.6 198.3 203.3 207.9 210.9 207.8 201.1 204.9 208.7 210.1 209.1 204.4 196.7 188.5 179.8 172.4 166.3 159.2 149.5 144 138.5 133 125.7 119.4 111.9 105.5 99.3 91.7 81.2 74.7 62.6 22.2 -1.9 -1.9 -1.9 -1.9 -1.9 -1.9 -1.9 -1.9 -1.9 -1.9 -1.9 -1.9 -1.9 -1.9 -1.9 -1.9 -1.9 -1.9 -1.9 -1.9 -1.9 -1.9 -1.9 -1.9 -1.9 -1.9 -1.9 -1.9 -1.9
