webserver/python/data/NG43.asc
ncols 200
nrows 200
xllcorner 140000
yllcorner 830000
cellsize 50
[rows 70 to 104 of 200, columns 79 to 157 of 200]
292.6 298.9 300.9 298.4 293.3 290.6 288.7 287.1 284.4 278.3 268.9 259.9 258.8 239.7 229.8 220.6 211.6 201 190 183.1 175.9 175 171.6 169.5 169.1 168.2 167.9 168.1 168.4 161.3 159 159.1 160.3 155.2 151.6 152.3 151.6 149.5 147.4 145.4 145.9 144.9 144.9 148.1 151.2 156.6 161.6 167 171.1 171.9 171.9 170.6 162 156.7 153.3 148.6 145 140.4 135.3 130.6 128.7 125.2 119.6 110.3 104.5 97.1 88 82.3 77.4 72.3 63.5 59.4 60.3 71.6 76 81.5 86.1 92.4 96.5
299.6 299.8 300.9 299.8 299.8 297.4 296.5 294.8 289.7 281.4 273.3 268.7 267.8 251.4 238.4 225.8 217.3 206.4 199.5 195.1 187.6 185.1 180.7 179.3 176.2 175.6 175.4 173.3 170.8 167.8 166.1 165.2 163 159.8 160.6 159 157.4 154.1 150.7 149.3 149.4 151.5 152.5 155.3 156.6 158.5 162 165.7 168.4 169.9 168.4 165.6 161 156.6 152.5 147.9 144.7 141.6 138.5 136 133.5 129.4 121.9 111.9 105 99.2 89.5 84.5 80.9 73.9 60.9 60.5 63.2 73.2 78.5 85.6 89.8 91.7 96.6
301.8 299 303.8 304.1 305.4 303.8 302.6 300.6 294 285.2 279.3 275.7 275.3 265.1 246.2 233.8 228.2 216.8 209.7 205 198.4 194.6 189.6 182.6 183.9 184.1 180.3 178.7 175.6 174.7 173.3 172.1 172 172.5 171.4 168.1 163.7 158.9 155.1 156.1 160.1 164.5 168.9 168 164.9 166.3 166.4 167.9 168.8 168.3 165.9 163.3 158.6 156.3 155.6 153.3 148.3 145.3 144.6 142.2 138.1 131.4 123.4 113.3 105.9 100.9 96.6 90 82.9 72.7 62.1 61.2 66.2 73.4 80.5 89.3 93.9 94.8 98.5
307.8 302.4 305.6 308.3 309.8 310.5 308.1 305.9 298.6 290.8 284.7 282.1 278.6 265.3 250.9 241.7 235.3 225.8 218.7 213.1 207.8 202 195.1 194 193.3 193.6 191.9 187.4 185.4 182.1 182.1 178.7 180.7 182 179.2 175.4 172.6 167.9 166.1 167.7 169.9 174.9 177.6 178.8 174.9 172.3 172.5 173.4 171.2 170.4 168.4 167 163.8 161 160.5 158.1 150.5 152.3 150 145.4 138.5 129.3 122.8 114.7 108.7 100.8 97.3 90.5 82.9 71.8 64.4 61.6 67.3 74.5 82 89.8 96.1 97.7 102
312.7 307.3 306.8 309.2 315.7 320.5 316.5 312.8 309.4 298 292.4 289.2 284.6 269.7 260 250.9 243.2 234.5 227.5 222.4 218.1 209.1 199.3 196.2 201.2 204.7 203.4 200.6 201.8 195.2 191.2 187.2 190.3 191.5 188.4 185.5 183.4 175.8 178.5 177.6 179.9 183.3 186.2 187.9 191.2 184.5 181.9 180.7 177 173 171.7 170.2 168.3 165 161.6 161 158 155 151.4 145.7 137.4 129.8 122.3 116.7 113.1 110.7 101.6 89.8 79.5 72.3 66.2 62.9 69.2 70.6 80.2 87.1 94.7 100.5 105
311.1 310.7 310.6 313 319.8 328.3 323.1 323.4 318.6 307.1 299.1 294.8 289.8 278.5 266.8 257.4 250.6 243.2 234.6 230.8 222 211.6 202.7 204 211.8 215.3 214.4 213.3 217.7 213.5 203.3 196.6 200.5 201.1 198.4 201.3 193.8 183.3 186.4 188.3 188 192.3 197.8 202.2 202.3 196.5 192.2 186.4 182.1 177.6 174.5 172.7 170.6 168.4 163.9 161.9 160.4 156.8 152.6 145.6 136.1 126.8 119.8 115.7 113.8 111.7 101.3 87.6 75.8 66.3 64.2 65.1 73.7 80.6 86.3 91.9 95.7 98.1 107.6
311.4 314.4 315.1 315.6 319.2 324.9 332.4 336.6 334.1 318.6 305.7 301.1 293.8 287.3 274.5 264.7 257.2 253.8 241.8 233.6 224.3 213.8 208.3 212.5 219.7 222.9 226.1 224.9 227.2 226.2 216.4 211 213.9 208.2 203.1 203.3 203.8 192.7 198.9 204.4 203.1 204.7 213.5 228.5 217 209.9 202.1 195.9 187 180.9 176.2 173.1 171.4 169.7 167.2 164.7 161.9 157.1 151.5 143.1 132.3 122.5 117.1 115 112.4 106.6 93.9 82.7 72.5 64.4 64.8 68.1 76.5 83.8 90.8 96.1 102 105.5 103.6
313.8 318.9 319.3 318.1 321.7 326.5 332.3 339.7 343.9 328.1 310.1 304.4 299 289.4 278.9 271.1 265.4 261.6 251.1 237.1 227.8 219.9 221.5 219.7 222.8 231.1 234.5 235.5 238.3 237 228.5 224.2 226.4 222 216.3 210.8 211.4 210 211.8 215.8 220.1 217.7 227.1 239.8 238.4 222.4 212.7 203.7 192.9 185.4 178.3 173.8 169.6 170.4 170.3 167.6 162.8 157.7 151.3 143.7 133.6 122.2 113.2 108.8 104.2 97.6 89.3 80.8 71.2 65.5 66 69.8 78.7 85.3 93 99.7 105.7 110.9 111
315.8 321 323.7 325.4 326.6 329.5 335.5 341.9 348.2 341.2 318.2 309.4 300.3 290 283.4 276.9 270.6 263.6 252 242.8 235.6 228.2 229.6 227.3 229.7 235.7 240.1 244.1 241.7 246.4 242 240.4 243.3 232.2 228.7 222.1 223.4 220 213.9 217.9 222 225.5 232.3 244.4 248.7 235.2 224.1 208.3 197.6 189.2 180.8 175.4 171.5 172 171.1 169.4 164.7 159.6 153.2 145.1 135.3 127.3 115.2 109.3 99.6 90.3 87.3 80.9 71.3 67.8 65.8 73.4 80.8 86.8 93.9 100.9 107.5 112 114.7
309.7 317.8 332.2 338 334.6 335.6 340.3 345.1 350.4 344.3 323.7 312.5 302.9 293.9 287.1 281.3 274.8 266.4 264 249.4 241.7 239 237.4 235.7 237.5 239.2 244.8 247.7 247.3 248.1 248.8 247.5 248.7 244.9 237.6 230.6 229.8 228.6 218.3 223.9 232 241 240 250.4 251 246.5 229.4 214.4 200.4 191.5 183.5 176.7 174.4 174.9 173.1 170.8 166.5 161.2 154.1 145.9 137.5 129.3 118.5 110.4 103.4 96.5 91.2 82.6 73.6 68.2 66.6 73.9 81.9 89.4 95.1 102 107.9 112.1 115.9
309.6 321.1 332.5 343.5 346.5 343.3 346.5 346.7 351.8 343.1 324.1 314.4 306.9 298 288.2 283.6 276.1 272.6 267.8 258.8 249.3 249.7 245.9 247.6 246.2 246.3 246.1 249.7 251.4 253 254.4 253.8 253.5 251.2 244.9 236.4 231.6 229.2 226 226 231.2 237.3 247.1 251.3 254.3 249.6 234.5 221 202.1 192.2 184.4 177.9 175.9 176.7 175.6 172.6 165.7 160.9 155.6 147.4 139 129.3 118.8 109.6 103.6 98.3 91.1 81 72 68.3 67.8 69.3 81.8 91.1 99.4 102.6 107.9 111.6 115.7
312.7 321.4 332.7 348.4 356.5 351.3 349.2 347.4 350.4 338.9 326.7 317.3 306.7 297.6 289.2 283.6 278.5 279.6 276.7 267.8 255.6 257.5 256.3 258.7 254.7 252.4 251.4 253.3 255.1 256.8 258.1 259.4 258.1 257.2 255 245 236.7 231.5 228.2 228.2 230 236.3 243.2 252 254.2 249.1 242.4 225.4 203.4 194.5 187.1 180.3 178.8 178.5 179.1 176.1 167.6 160.6 154.8 146.4 138 129.7 119.3 110 104.5 99.8 91 80.8 74.1 70.5 68.5 68.3 80.6 89.5 99 103.9 109.2 113 117.2
313.1 321.2 331.7 347.3 362.1 356.9 349.1 350.2 350.6 338.5 328.5 318.2 308.5 300.2 291.3 285.2 284.5 283.2 283 275.7 262.6 264.6 265.7 263.9 262.5 258.2 256 256.8 258.7 260.6 262.2 263.4 262.2 259.3 255.9 251.7 239.9 233.1 230.1 230 235.1 237.5 243 248.3 251.5 248.6 240.8 224.4 209.6 197.4 189.3 184.2 181.2 180.6 180.5 177.2 171.2 162.9 154.8 146.5 138.6 130 120 109.9 103.8 101.1 92.7 82.5 75 70.5 70.2 69.8 86 93.8 99.1 106.1 110.9 113.9 117.2
317.3 323.6 331.7 345.8 361.1 359 349 353.6 350.1 337.8 328.1 318.7 311.5 303.1 295.8 287.9 289.2 286.7 288 281 272.9 269.1 270.7 270.9 271.7 269.3 262.1 261.5 262.6 264.5 266 267 265.4 261.4 257.3 252.4 243.3 236.7 232.6 233.7 236.3 238.1 242.2 248.6 249.8 250.1 242.3 227.5 214.1 203.1 192.9 187.5 183.5 181.2 179.4 175.6 170.4 164.8 156.3 147.7 139.6 130.7 121.2 109.3 102.5 96.2 91.1 82.1 74 69 69.8 78.5 83.3 96.1 101.8 107.1 112.1 115.5 118.7
324.4 329.5 333.7 344.7 357.4 353.5 348.1 349 351.7 337.3 331.4 319.9 311.3 306.2 301.5 293.6 293.1 291.6 291.8 290.5 280.2 272.9 273.7 276.5 276.7 272.9 268.2 265.9 266.3 268.5 269.8 270.4 268.7 264.2 258.3 253.3 246.7 239.7 235.2 237.2 236.6 239.9 242.4 251.6 253 251.8 245.6 233.7 221 210.5 197.2 190.6 185.2 182 179 175.4 170.4 164 156.8 148.9 140.3 130.6 120.8 110.1 103.2 96.2 87.5 76.1 70.7 71.2 74.2 83.1 92.7 94.9 99.5 106.8 111.5 116.3 122.6
333.7 340.6 344.2 346.5 351.8 349.2 344.2 349 349.7 337.3 333.1 321 313 307.6 302.8 299.8 297.4 296.5 296.4 295.1 287.3 274.7 276 278.4 280 279.1 276.3 273.4 271.2 272.9 274.2 273.8 271.2 267.7 259.5 254.7 250.4 244 241.2 238.2 237 239.6 242.4 249.7 259.5 255.1 252.7 239.7 227.5 217.8 201.2 191.3 184.1 181.2 178.2 174.8 169.7 163 156.2 149.1 140 130.2 120.2 112.1 103.1 93.2 83.4 75.2 74.3 73.6 79.5 86.6 91.4 98.2 104.6 109.2 110.6 117.1 123
331.2 341.1 351 346.5 342.5 342.9 339.1 342.3 342.8 336.4 333.2 324.1 315 310.3 304.4 299.9 298.8 299.3 300 299.2 289.2 278 277.9 282.1 285.7 285.8 284.4 283.9 279.9 278 276.8 276.2 275.7 269.3 259.9 256 252.1 248.7 243 239.7 236.3 238.8 240.9 244.8 254.2 260 259.6 244.4 234.3 224.4 206.4 193.7 185.1 181.2 176.5 173.5 168.5 161.8 155.1 148.1 139.6 129.7 118.9 111.3 100.2 90.3 78.8 74.4 75.1 76.7 84.9 91.8 98.3 101.9 109.9 115.8 114.2 118.8 125.1
330.1 342.4 350.5 340.9 336 333.6 333.7 338.2 336.4 334.9 336.7 327.5 316.9 312.5 308.4 302.8 300.5 300.7 300.9 300.9 291.5 281.8 279.6 285.5 292.6 293.2 290.2 295.1 285.9 279.8 276.8 276.3 276.5 269.6 259.9 255.8 253.3 251.3 247.5 240.1 236.6 237.6 241.3 244.5 250.5 256.7 257.7 244.3 242.6 228.6 211.2 195.4 183.3 182.2 177.8 173.3 168.5 159.9 150.7 143.8 137.6 127.8 117.4 109.8 97.8 88.9 90.4 73.8 75.3 81.1 88.9 96.5 104.4 108.2 115.8 120.4 118.1 122.9 129.2
326.7 337 343.7 335.4 330.4 329 331.4 335.6 332.2 333.4 334 328.4 318.8 313.7 308.4 303.1 300.6 300.6 300.6 300.8 293.1 286.5 280 288.5 297.1 298.2 293.6 299.2 285.7 280.6 276.7 275.3 272 267.2 259.9 255.5 252.6 250.8 251 238.7 235.7 236.5 240.4 244.1 249.5 250.1 252.7 243.3 240 229.6 215.2 197.1 183.5 182.4 176.9 173 168.9 159.6 152.8 143.4 135.4 123.3 115 107.6 99.1 91.8 92.1 87.1 74.6 83.7 92.2 101.8 108.4 111.8 118.6 120.9 125.5 128.4 128.9
326.2 333.7 335 330 328 324.5 331.7 333 329.2 328.4 330.8 326.7 319.4 312 307.7 303.1 300 300 300 300.8 291 286.9 282.8 290.2 298.3 299.5 292.3 294.5 284.8 279.3 276.5 273.3 270.3 265.8 260 255.5 251.9 249.1 247.5 238.3 235.1 234.2 238.7 243.3 249.3 250.6 249.2 243 240 231.3 217 202.5 188.2 182.7 176.5 171.1 164.7 158 152.4 143.3 133.7 123.3 111.7 105.7 99.2 98.7 94.8 89.3 77.6 86.3 96.4 106 112.3 117.4 118.7 123.5 129.3 134 132.8
323.4 327.5 327.1 326 325.1 320.8 324 324.7 325.3 324.7 324.9 322 317.8 311.6 306.4 302.7 300.4 299.3 300.1 300.9 291.2 287.3 285.3 287.9 295.2 296.3 292.2 288 282.9 278.7 275.9 270.7 267.5 263.7 258.3 252.4 249.1 245.2 240.9 236.3 233.7 232.6 238.5 245.4 251.1 257.4 252.5 243.4 240.5 231.4 218.7 203.5 190 182.2 176.5 168.8 163.4 157.7 149.9 141 130.1 119.7 109.4 107.1 102.4 101.1 96.4 87.3 78.7 89.1 97.9 107 114.2 121 120.3 124 129.8 134.7 136.2
317.5 319.5 320.2 320.6 322.1 319.2 316.7 319.5 318.6 320 321 316.9 313.8 309.4 304.9 301.2 298.5 296.6 299.1 299 292.3 288.8 287.7 288.2 291.8 293.8 288.4 285.2 281.1 277.4 274.6 269.3 264.4 261.1 257 253.4 247.6 243.1 240.1 235.8 232.2 234.5 239.5 245.5 252.4 258.1 254.4 245.6 251.1 234.1 219.1 203.4 189.9 178.5 172.3 167 161.6 154.1 146.4 138.3 128.2 122.1 115.9 110 109.9 101.9 93.2 82.3 84 91.4 98.8 105.5 114.2 121.3 122.5 125.3 129 132.9 136.5
310.8 311.3 313.1 316.5 319.7 316.6 310.3 313.5 312 314.2 314.5 309.9 310.1 306.3 302.4 298.9 294.6 291.9 292.9 293.6 293.2 288.9 287.3 286.9 287.8 288.9 288.4 284.1 281.9 277.1 274.2 271.6 270 266.2 257.8 255.1 250 245.7 241.5 237.9 231.6 231.5 239.6 250.4 252.4 254.7 251 245.7 250.8 231.1 217.5 201.2 186.8 176.2 169 164.4 160.2 151.2 143.6 135.4 128.6 122.2 119 113.8 111.2 101.2 88.8 81 84.8 92.6 97.4 105.8 114.9 121.2 124.5 127.1 130.3 133.6 138.2
305 304.9 308.7 312.6 315.3 313.6 309 307.4 305.6 308.3 308.1 305.2 304.7 302.3 300.6 295.8 290.8 287.8 289.1 291.5 293.1 289.3 287.9 287.1 286.5 285.2 286.1 283.9 282.9 280.5 277.2 274.2 273.1 269.9 261.6 257.4 252.8 248.1 243 239 231.6 232.2 241.5 252.1 255.6 251.5 247.8 246.4 250.5 225.8 212.9 199.1 186.1 174.9 166.4 160.3 156.4 148.6 141.4 134.2 127 121.5 118.9 116.3 108.1 94 85.1 82.9 86.4 93.9 100.1 106.3 113.4 120.1 124.3 128 131.3 134.5 138.4
300.3 300.1 304.9 309 310.8 310.7 303.8 300.6 300.4 301.5 300.8 299.6 299 297.9 295.5 292 286.7 283.7 286 290.9 291 287.6 286.5 292.2 286.4 285.5 284.4 283.2 283.2 281.5 277.8 276.2 275.3 270.9 267.9 261 256.3 248.4 243.7 238.4 232.8 231 239.2 249.4 250.6 247.4 241.6 240.5 232.6 221.9 207.5 194.9 183.5 171.9 163.9 157.8 153.8 141.6 137.6 132.5 127.2 121.5 121 113.1 100.2 88.6 84.7 83.3 87.3 95.2 101.4 107.4 113.5 121 125.4 129 131.7 135.1 139.4
294 295.5 299.9 303.9 307.1 305.3 300.9 296.5 295 294.3 293.7 292.8 293.3 293.2 290.5 287.7 282.8 277.8 281.3 289.4 289.2 286.7 287.4 286.3 284.9 285.2 284.7 284 282.6 279.4 276.7 277.7 279.4 274.6 273.5 264.2 259.5 252.4 242.1 236.9 233.2 228.1 236.1 243.6 244.2 241.1 240.1 232.1 224.2 215.3 201 191.9 179.6 169.7 160.7 155.2 152.2 139.3 134.5 130.6 123.5 120.6 112.3 101.5 92.6 87.2 84.6 82.8 87.1 96.7 102.4 107.9 113.6 121.7 126.4 129.6 132.3 135.4 141.7
289.3 290.2 294 298.1 300.3 298.8 295.3 290.9 289 289.7 288.9 288.3 288.7 289.8 283.2 281.1 277.3 270.8 275.3 280.4 280.6 287.1 287.3 284.3 283.9 284.3 285.7 287 283.6 278.4 275.8 277 279.4 278.5 280.2 270.7 263 254.9 240.8 236.7 233.4 227.2 233.1 239.7 236.9 236.9 234.9 229.4 219.4 207.9 198.9 188.2 176.4 167.5 158.6 153.4 148.9 137.9 133.3 130 121.7 121 110.7 98 88.7 87.1 85.4 84 86.6 96.5 103.8 108.3 113.7 122.5 127.4 130.3 132.9 136.4 140.4
283.6 285 287.2 290.6 292.5 292.3 289.4 285.8 282.4 284.2 284.4 283.7 283.5 282.1 276.9 274 270.3 267.4 270.5 273.5 275.9 280.6 284.5 283.7 283.9 286.9 289.2 290.7 286.6 278.5 274.7 274.5 276.1 277.9 287.3 272.8 260.9 251.8 243.3 236.8 233 226.4 225.4 228.8 230.1 231.2 230.4 225.3 216.8 204.3 193.6 181.6 172.4 164.6 156.2 149.8 145.2 137.8 131.6 130.7 129.4 120.4 108.4 94.9 88.3 87.8 86.7 85.8 86.2 97.8 102.8 106.8 112.6 123.2 128.3 130.7 132.7 137.1 139.7
275.6 278 279.3 281.5 283.1 284.1 283.7 282.7 280.7 280.5 280.3 279.2 278.5 276.3 271.3 269 266.5 264.6 267 269 272.1 276.6 282.3 282.1 283.8 286.3 290.4 290.6 286.5 279.6 274.1 274.4 273.4 275.7 285.3 268.8 258.5 249.3 244.3 235.7 232.6 225.3 222.4 223.3 225.6 228.7 227.1 222.5 219.7 201.4 188.5 177.1 168 160.8 153.9 147 141.6 136.6 131.5 131 123.4 115 102.8 91 88.2 87.4 87.5 89.2 90.4 92.6 100.8 110.6 120.3 117.8 122.4 129 132.6 136.5 139.4
267 270.5 273 274.4 276.7 276.8 277.8 278.3 280.6 280 275.4 274.3 273.6 270.8 267.7 265.5 262.9 261.5 261.7 265.7 269.5 273.1 275.6 280.1 283.4 284.5 289 290.3 285.7 281.5 277.7 275.7 271.7 269 268.9 261.9 256.6 248.7 240.3 231.5 227.4 222.8 217.9 220.5 224 224.6 223 219.3 214.9 195.5 183 173.1 164 157.3 150.8 146 140.1 135.6 131.8 126.5 118.3 108.6 96.2 89 91.7 94.8 92.6 94.1 96.1 98.2 101.4 110.6 119.3 126.1 129 125.3 129.9 133.2 136.2
266.2 265.5 266.5 267.2 268.6 270.8 273.1 275.8 277.1 274.4 270.7 270.1 270.9 264.1 262.5 260.6 259.7 260.9 260.2 263.5 267.3 270.6 272.9 276.8 280.3 281.8 284.8 286.5 286.9 280.6 273.1 269.1 266.3 263.9 261.8 257 250.6 246 234.8 228.2 221.6 215.2 213.1 218.9 220.1 221.1 218.5 210.8 200.2 188 177.1 167.9 160.3 152.6 147.7 142.9 138 133.4 129.1 120.3 112.9 105.2 95.9 91.2 97 97.8 97.9 98.2 96.8 98 101.7 108.9 116.8 123.1 126.3 127.5 130.7 133.4 136.9
262.7 257.3 258.7 260.9 261.9 264.4 268.1 271.4 273.4 271.2 266.9 264.6 259.4 258.7 258.5 257.8 256.8 258 260.9 261 263.7 266.5 268.7 271.7 274.7 277.5 280.3 283.9 287.3 280.7 275.2 269.6 262.7 258.8 256.1 251.9 244.9 237.9 227.8 223.4 219.2 212.1 212.2 215.1 216.2 215.5 212.7 204.7 190.7 182 173.5 163.9 155.7 149.7 144.7 139.5 135.1 130 124.1 119 111.5 103.1 93.7 94.8 98.5 100.2 101.6 101.5 99.9 99.8 103.2 110.3 117.6 123.7 127.9 131.2 137.6 139.2 139.4
257.2 251.3 252.6 254.3 253.6 256.6 263.2 268.6 269.7 267.5 263 257.4 253.8 253.3 253.7 252 251.8 254.1 260.7 260.7 259.9 262.3 264.6 267.5 270.2 272.2 277.1 280.8 283 281.9 278.3 270.6 263.7 257.8 249.8 244.9 239.5 230.7 223.7 219.5 214.9 207.5 206.3 211.3 211.8 210 206.7 198.6 186.5 177.3 169.3 161.6 152.2 146.1 140.6 136.3 132.5 127.3 119.9 116.5 109.8 99.9 89.7 96.1 99.7 103 104.5 104.7 102.5 100.9 105.3 111.9 118.3 124.3 129.1 134.3 139.2 140.1 140.2
248.8 246.1 246 248.6 248 251.6 258.2 262.2 262.5 261.4 258.5 252.5 249.2 250.9 250.9 247.4 248 252.5 259.4 260.3 258.7 259.8 261.8 263.7 268.2 271.3 275.2 281.2 283.5 285.8 282.9 273.8 264.2 256.6 248.1 241.4 231.6 224.1 219 215.6 211.6 204.2 200.1 205.9 206.6 204.2 199.9 192.8 183.3 174.7 166.4 159.1 149.4 142.8 136.8 133.7 130.1 123.7 118 112.6 108.1 97.9 90.7 96.5 99.3 101.6 102.5 102.4 101.5 100.5 106.1 111.7 119 124.1 130.5 135.5 139.1 139.9 140.5
242.1 241.4 241.4 241.7 243.5 248.7 253.8 254.2 254.9 254.7 252.8 248.1 242.4 244.3 244 242.6 245.2 250.5 257.4 260 256.4 257.1 258.3 261.2 265.5 272.2 275 279.3 283.3 286.6 286.5 276.2 262.3 254.6 245.6 238.5 231.8 226 216.6 212.5 207.4 200.5 196.7 200.2 201.2 199.1 193.6 188.1 180.8 172.2 163.1 156.6 148.1 141.2 133.5 131.2 126.7 122.3 116.9 111.5 107.7 98.8 95.1 95.8 97.2 99.6 99 100 99.8 99.8 106.7 110.1 116.9 123.8 129.7 135 139.6 140.2 141.3
