webserver/python/data/NG61.asc
ncols 200
nrows 200
xllcorner 160000
yllcorner 810000
cellsize 50
[rows 0 to 36 of 200, columns 83 to 165 of 200]
192.4 185.7 186.5 178 180.6 185 189.5 197.2 200.9 197 202.4 207.3 211 211 210.9 209 208.6 206.4 203 195.4 190.5 195.7 197 192.8 190.5 189.9 193.1 198.1 210.6 221.7 221.4 222.3 230.5 226.4 212.8 206.4 201.5 192.5 180.4 185.7 182.9 176.9 166.9 156.2 149.5 141.9 136.9 132.1 134.2 131.4 123.1 123.1 121.8 120 118.8 116.1 113.1 110.9 106.2 101.4 97.1 89.3 83.4 78.1 77.9 74.3 69.5 66.5 65.1 63.7 62.1 61.1 59.1 56.6 54.5 53 51.8 52.3 52.4 50.6 53.4 52.1 51.3
195.1 194.1 192 178.7 184.9 191.1 198.6 200.8 201.2 200.5 205.1 209.3 211 211.1 211.5 209.8 208.9 207.8 207.1 197.2 190.6 195.3 196.4 193.8 192.7 194.1 198.8 206.2 221.3 228 225.1 226.5 235.3 229.1 215.3 208.2 200.8 193.3 182.6 185.9 185.4 176.5 172.7 165 154 143.7 139.7 131.3 132.7 130.4 123.2 125.2 123 121.4 120.4 119.3 116.4 110.8 108 103.5 100.7 93.8 85.7 81.9 79.1 75.8 71.8 66.5 64.2 63 62.2 60.8 58.7 56.3 54.3 52.6 50.8 50.5 50.1 53.2 52.8 52.2 51.2
204.9 203.1 196.6 183 191.5 193.6 196.8 199.6 201.2 203.1 208.6 209.9 210.3 212.5 212.1 211.5 210.9 210.2 210.8 200.6 191 194.4 196 195.1 196.3 199.1 206 217.1 226.5 230 228.4 229.3 236.5 228.6 215.2 208.7 203 195.4 184.4 184.7 184.5 174.3 171.5 166.9 158.3 144.9 138.5 131.1 133.5 131.7 123.4 124.4 125.1 123 121.2 120.6 116.6 109.6 108.9 105.4 102.5 99.1 90.6 86 79.3 75.7 72.2 67.7 64 62.1 61.7 60.2 57.9 55.9 53.8 51.6 50.1 49.7 52.2 52.5 52 51.5 50.9
212 207.8 202.2 187.7 191.8 193.1 194.7 196.6 199.9 204.4 212 212.8 211.3 212.8 215.8 214.6 215.2 212.8 210.4 201 191.2 193.4 196.9 196.4 197.9 202.8 212.3 222.8 231.5 234.9 232 232.3 236.7 229.8 215.3 208.8 203.4 195.2 188.8 185 184.3 175.5 168.2 167.8 159.1 147.1 137.3 129.3 132.9 133 125.7 126.5 126.1 124.4 122.5 119.4 116.3 111.7 110.6 107.8 104.8 101.3 96.5 91.8 84.1 75.4 72.4 69.2 63.6 60.7 61.2 59.7 57.4 55.4 53.2 50.8 50.1 51.2 52.5 52.2 51.2 50.3 49.7
217.2 212.1 204.4 188.9 193.7 194.6 194.5 194 195 204.9 214.4 217.7 216.3 213.9 218.2 217 218.1 215.2 209 198.1 192.4 192.5 197.9 198.2 199 206 216.3 226.8 233.9 237.6 235.7 237 236.8 226.8 215.3 211.1 205.9 197.8 189.4 183.2 184.5 179.7 166.3 167.5 158.7 148.5 141.2 129.8 133.8 134.7 125.7 127.4 125.3 122.9 122 119.1 115.9 112.5 110.2 108.4 105.8 100.8 95.9 89.8 83.5 75.2 71.6 68.1 62 59 60 60.3 58.1 55.2 53.2 51.1 51.6 52 52.1 51.9 51.1 50.1 49
220.7 215.1 205.1 192 195.8 195.5 194.6 193.8 197.2 205.4 215.2 221 219.6 214.9 218.8 219.3 220.5 215.6 210.5 203.1 194.4 195.5 198 199.6 200.2 209.1 219.1 228.4 236.5 241.2 238.1 238.4 237 227.2 216.9 211 206.3 199.5 189.6 181.7 183 178.1 161.6 166.9 161 148.2 144.6 128.9 131 131.4 127.7 125.8 124.1 121.7 119.3 118.1 115.3 111.7 108.9 110.8 106 99.9 94.2 88.9 81.7 75.5 70.7 66.5 63.4 59.3 55.9 56.2 55.9 54.5 52.5 51.8 51.6 51.2 51.7 51.5 50.8 50.1 49.4
215.1 211.3 206 194.4 196.7 196.1 195.2 199.3 206.1 213.5 219.2 221.4 221.1 219.6 218.8 218.6 218.8 216.5 218.8 209.4 196.8 196.4 198.5 199.3 202.9 211 221.4 231.9 239 248.3 239.5 238.2 239.5 230.3 220.9 209.6 204.2 197.9 185.4 179.5 181.7 176.7 161.3 164.1 162.7 147.1 146.8 128.7 128.5 128.1 126.9 124.4 121.3 120.3 117.3 115.5 114.4 111.3 109.4 108.7 104.3 99 94.4 88.7 80.2 75 72.2 70.1 66.5 60.4 60.8 56 52.3 51.8 51.7 51.3 51.2 50.7 51 51.2 50.5 50.6 49.1
208.8 208.3 209.6 197.6 198.7 196.3 199.4 206 211.4 216.1 220.9 221.4 221.1 220.9 219.5 220.1 218.3 218.2 220 211.8 198.6 199.6 199.5 199.2 205.7 213.9 225.1 236.7 242.3 250.5 239.7 240.5 241.1 233.7 222.7 209.6 203.8 195.2 181.9 176.9 181.7 177.9 162.3 161.2 167.8 155.9 145.5 132.5 128.3 127.9 122.3 120.8 121.6 118.5 114.5 112.7 112.7 110 108 105.5 102.1 97.8 93.1 88.4 81.2 78.7 76.6 72.7 67.1 62.2 64.6 62.8 57.8 51 51.2 50.9 50.7 50.2 49.8 50.2 50.2 50.1 48.8
208.5 206.1 209.1 201.1 199.7 202.8 207.8 210.6 213.7 217.7 220.2 221.3 221.2 221.1 220.3 221.4 220.6 218.8 220.7 217.8 197.9 202.3 200.1 201.6 207.4 217.4 227.6 240.2 246.2 249.9 237.8 240.8 239.1 233.1 223.2 210.7 204.8 193.3 182.9 174.8 181.9 174.2 167.2 158 166.6 160.2 142.6 136.7 128.1 125.8 121.2 119 119.6 116.2 110.6 112.1 110.6 107.4 105.2 105.9 101.3 99.3 94.4 90.5 84.5 80.7 78.6 72.7 68.7 64.8 69.3 66 62.2 53.7 50.7 50.5 50.3 49.8 49 48.5 48.4 48.3 48.7
212.8 208.1 206.2 205.9 204.1 208.9 212 212.2 215.3 217.4 219.3 220.8 220.6 220.6 220.9 223.3 223.2 221 220.7 221.4 200.5 200.2 205 205.5 211.2 220.7 231.4 241.9 248 233.2 233.2 242.4 236.3 232.5 222 210.1 202.4 190.2 180.4 172.8 179.7 171.7 169.1 160.5 165.9 163.5 142.4 138.3 128.2 124.6 119.8 117.9 117.5 113.9 110.2 110.5 107.9 105.2 102.3 103.5 99.6 99.1 96.2 93.3 88.1 81.7 81.5 74.3 68.4 68 71.1 68.5 65.5 59.3 54.1 49.6 48 48.7 48.9 47.5 45.9 45.9 46.7
221.3 215 210 206.3 208 212.1 213.6 214.3 214.7 214.7 216.9 219 219.2 220.2 221.2 223.8 225.3 222.4 221.1 220.6 209.3 200.3 208.6 212.2 216.9 225.8 237.6 243.2 238.7 233.2 233.2 241.8 231.9 232 220.8 208.1 198.9 186.2 177.1 171.9 177.6 171.7 171.6 165.9 161.5 166.6 143.3 140 130.7 123.9 118.2 115.4 114.1 112.7 109 108.1 107.2 103.9 100.3 100.4 100.7 100.7 99.5 96.3 93.4 89.6 87 80.6 73.3 68.7 69.9 71 65.1 62.3 58.6 53.3 48.3 45.8 48.3 45.8 43.4 43.2 43.3
225 218.9 215.2 208.8 213.2 214.3 213.9 213.4 212.9 213.6 215.9 217.7 219.2 219.3 221 223.4 224.8 223.3 224.5 222.9 218.8 201.6 209 212.5 218.2 229.5 243.3 241.1 234.7 233.2 233.9 240.3 229.6 226.8 216.5 206.6 197.7 186.4 174.9 170.8 176.2 171.5 171.9 168.2 157.8 162.2 142.3 138.8 133.2 124.8 116.7 113.4 112.8 110.9 109.3 107.5 105.7 103.6 100.3 100.3 101.2 101.1 101.1 99.2 96.6 97.5 95.1 89.2 81.2 75 70.5 70.5 67.3 62.8 59.6 58 54.1 48.3 43.4 41.7 41 40.3 40.1
222.8 219.7 218.1 212.1 212.1 213.4 211.9 211.5 211.1 212.9 214.7 216.9 219.3 220.4 220.3 223.9 226.5 223.4 222.8 223.8 221.3 206 208.8 215.3 221.7 235.8 248.2 241.6 238 240.8 231.4 236.2 226.4 224.4 216 205.2 196.6 184.3 173.7 169.8 174.1 170.7 172.1 169.7 156.3 154.2 144 135.9 131.8 121.4 115.5 110.8 110.3 109.1 107.8 106.4 104.9 103 100.3 100.4 101.1 101.6 100.5 100.5 99.3 99.1 98.2 91.3 84.8 80.6 74.6 72 71.6 67.7 59.7 56.5 57.2 54 47.3 40.9 38.8 37.8 39.1
221.3 223.3 219.6 215.6 215.3 213.4 210.1 210.1 210.1 211.7 213.8 216.6 219.3 220.3 223.5 226.6 229.1 227.2 224.1 224.1 225.2 216.9 218.1 226.7 235.9 250.3 257.5 243.9 239.9 242 230.6 228.5 226.4 222.8 212.5 202.8 192.7 179.9 170.2 168.2 173.6 169.5 170.8 167.4 154.9 148.2 140.1 139.3 134 124.2 114.9 107.9 109 108.8 107.2 105.5 103.9 102.3 100.4 100.5 101.2 101.7 101.6 101.3 101.2 96.8 95.9 91 86.2 82.5 80.5 73.8 71.4 70 63.2 57 53.4 52.8 52.1 48.1 43.3 38 34.7
222.9 226.4 223.8 219.2 216.1 211.2 210.1 210.1 210.1 210.5 213.1 216.2 219.3 220.4 223 226.2 228.9 228.6 226.9 226.1 230 231.8 227 233.4 240.7 255.7 260.9 245.3 241.6 241.4 234.2 226 224 218.2 207.9 197.8 187.7 176 168.7 168 172.9 168.4 169.5 163.2 155.6 150.4 141.5 139.1 133.5 123.2 113.9 107.8 108.9 107.6 106 104.3 102.6 101.8 100.4 100.8 101.4 101.6 101.5 101.3 100.1 96.8 94.5 90.7 86.6 86.4 84.5 77.8 71.2 69.2 65.8 58.6 56.9 51.8 50.5 49.9 48 39.6 36
230.1 227.3 224.8 222.5 220.2 216.3 210.1 210.1 210.1 210.1 213.3 216.1 219.1 220.4 222.8 224.9 227.5 230.3 229.8 230 239.4 249.5 237.1 237.8 244.7 259.4 259.5 245.5 244.8 241.2 239.3 225 221.6 210.6 200 190.8 180.9 172 166.6 168.3 169.8 165.9 165.1 161 155.2 150.7 142 136.6 131.7 123.8 111.9 106.5 108.4 106.5 104.6 103 101.9 101.4 100.3 101 101.4 101.4 101.4 101.3 99.1 98.6 94.1 91.5 87.4 89.1 88.2 81.9 75 69.6 66.6 62.6 57.3 52.9 48.5 48.2 45.4 42.6 40.1
235.4 232.3 227.8 224.8 220.6 218.9 212.1 210.1 210.1 210.1 214.3 218.2 218.7 220.8 221.9 223.8 226.5 230.9 232.1 237.4 250.8 255.6 251.2 243.5 248 259.8 253 243.8 245.2 238.1 232.7 225.8 217 203.5 192.7 183.4 174.1 169.1 166.4 168.6 169.6 162.7 160.5 161.7 153.5 149.8 141.7 136 131.8 123.7 111.3 107 106.8 105.2 103.3 101.9 101.6 100.9 100.4 100.9 101.2 101.3 101.2 100 98.3 97.4 94.3 92.5 91.9 90.6 88.9 86.2 78.5 70.6 67.9 63.4 60 55.2 47.1 45.4 46 44.6 41.2
240.6 236.5 231.7 226.6 222 217.7 213.8 211.2 210.1 210.1 213.9 218.1 218.3 220.6 223.3 225.5 227.4 231 240.5 247.6 245.6 251.1 256.1 246.6 244.1 248 244 241.2 244.3 233.7 226 221.1 209.9 197 187.6 178.2 171.6 167.4 166.3 167.9 166.2 162.1 157.8 156.6 149.6 149 143 136.3 132 124.4 114.3 109.7 105.1 103.5 102.1 101.5 101.3 100.9 99 99.7 99.5 99.8 100.9 98.5 96.7 95.5 94.9 94.9 95.4 92.7 88.3 84.8 77.8 70.7 66.5 63.5 60.2 56.6 49.4 43.5 42.4 43.5 41.4
242.9 239.7 234.5 229.6 223.4 219.4 216.4 213.8 210.1 210.1 212.5 217.5 221.8 225.6 226.7 228.9 234.4 246.3 251.7 241.7 240.4 240.3 242.6 243.7 240.2 240.5 243.7 241.3 236.8 227.4 220.6 215.2 200.6 189.9 178.6 172.1 169 165.4 166.7 165.9 161.2 154.3 153.7 155.5 147.9 143.8 139.3 134.6 129.1 122.3 116.9 111.2 105.7 103.2 101.2 100.2 100.8 100.1 99.3 99.1 98.2 98.8 99.2 98.5 95.7 94.4 94.1 94.3 94.7 91.4 87.8 80.4 73.9 72.6 65.8 61.3 58.9 55.3 49.8 45.8 40.5 38.6 40.1
245.6 239.8 237 231.5 225.3 220.3 218.2 213.3 210.1 210.1 214 222.5 232.5 238.8 239.8 233.9 241 240.1 242.5 240.2 237.9 236.9 237.6 232.5 230 234.6 239 240.8 228.2 216.5 212.5 207.7 195.4 182.3 171.3 170.2 167.2 165.2 166.6 163.9 157.8 154.6 148.4 151.2 145.5 142.5 141 136 129.9 123.7 116.3 111 106.3 102.9 100.5 99.6 100.1 98 96.4 98.5 97.8 97.5 96.9 96 95.1 93.3 93.4 93.5 92.8 87.2 84.9 77.5 75.2 72.9 69.8 61.8 56.5 52.8 50.5 47.4 42.4 38 34.6
246.2 241.3 238 233.8 229 220.7 218.5 214.4 210.1 210.1 215.2 228.3 236.9 247.2 250.5 238.3 234.2 233 234.7 238.3 234.9 232.9 228.5 223.1 227.9 232.3 238.4 235.4 225.4 212.5 209.5 201.3 191 180.4 165.7 168.5 166.4 163.4 163.4 163.8 155.3 153.8 150.7 144.4 142.7 140.3 138.7 135.3 129.5 120.5 115.4 110.2 106 103.1 100.4 99.7 98.1 95.7 93.1 94.5 93.9 94.6 92.8 90.7 91 91.2 91.2 91.5 91 86.1 82.1 79.6 77.8 74.4 68.8 59.5 54.1 50.4 48 45.8 43.6 40.7 33
244.6 242.3 239.8 235.4 230.6 220.8 216.4 210.7 210.1 212.1 217.9 225.5 237.3 249 253.7 240.1 230.2 228.5 228.2 230.8 230.1 227.7 222.5 219.5 223.5 231.4 236 227.8 224.4 214.3 204.4 196.8 186.5 175.3 162.6 164.1 160 160.8 161.6 163.5 151.7 148.8 142.7 140.7 139.6 137 134.6 131.8 130.2 122.1 119.2 109.6 105.8 103.1 101 100.1 97.7 95.1 92.2 91 91.1 91.4 89.9 88.2 88.2 88.5 88.6 88.6 86.1 84.1 80.4 80.1 77.1 73.7 69.3 59.7 51 47.4 46.9 45 42.4 40.2 33.4
242.7 241.3 240.3 232.6 230.7 221.7 214.6 210.1 210.1 211.3 218.6 226.7 236 245.1 251.3 237.3 224.6 219 220.9 220.8 222.3 226.1 220.6 214.6 221 225.2 226 223 221.3 210.3 202.1 191.8 182.5 168.8 159.2 161.6 155.2 157.8 157.7 152.8 148.3 145.4 145.7 139.9 138.6 135.2 130.5 128.3 124.8 121.7 118.7 108.3 105.8 103.3 100.9 98.8 96.9 94.6 92.1 89.6 89.9 86.4 86.3 86.3 85.3 85 85.6 85.1 84 82.9 79.7 77.4 74.8 72.1 67.2 59.7 51.4 44.4 43.6 43.9 40.8 35.8 29.6
240.9 240.7 238.9 231.5 226.6 221.1 212.3 210.1 210.1 210.3 216 227.2 237.9 240.6 238.7 221 219.3 218.4 216.2 215 215 220.2 218.4 212.4 220.7 220 217.5 220.5 212.7 203.3 195.2 186.1 175.3 165.5 155.5 157.7 151.6 156.1 153.8 147.2 144.5 144.4 145.9 144 138.9 134.3 130.6 129.2 126 121.2 117 110.3 103.3 101.3 100 98.5 96.6 95 92.3 89.5 90.2 88.9 85.7 85.6 84.7 82.8 83.6 84.7 83.1 81.9 79.2 75.9 73.1 71 67.7 61.1 53.3 45.9 40.1 40.2 38.6 31 28.5
240.7 240.2 237.7 233.1 226.4 221.5 210.1 210.1 212 210.4 217.1 230.1 234.7 226.9 216 212.3 213.9 212.9 211.1 209.6 209.8 215.7 219.3 209.9 218.1 213.8 214.1 215.7 207.6 197.9 186.4 181 171.8 161.6 153.2 153.3 149.4 151.9 152.2 144.5 143.4 143.3 143.9 143.8 137.7 133.7 132.7 131.6 130.5 126.3 117.5 112.8 106.2 100.6 99 99.1 96.5 95.1 91.9 90.1 91.1 91.1 91.1 82.1 82.3 81.4 81.9 82.6 82.6 81.2 79 75.4 71.7 69.8 64.8 58.8 51.6 47.1 38.5 33 32.7 28.5 26.6
236 237.5 239.2 236.5 230.5 222.4 218.6 217.2 213 207.3 213.8 217 213.8 209.1 210.7 210.2 209.7 209.1 206.6 201.1 203.1 209.3 215.3 208 212.4 205.6 208.3 209.5 200.2 186.2 181.6 175.2 168.4 160.9 152.8 149.7 145.7 150.8 149.5 142.9 143.8 140.5 141.2 140.9 133.8 133.5 133.9 134.4 133.6 131.4 123.5 118.2 108.3 103.7 98.9 97.3 96.2 95 91.7 91 91.1 91.1 87.4 84.3 81.9 78.3 79.2 78.4 80.9 78.8 77.6 74.3 70 67.7 62.7 56.7 51 46.2 40.4 32.5 29.1 27.3 25.4
234.3 237.3 239.2 240.4 231.2 223.7 214.4 211.6 208.1 206.4 209.8 202.4 200.5 201.2 203.7 203.9 203.9 201.8 198.6 195.8 198.7 207.1 211.1 207 204.4 200.6 200.1 200.5 190.1 176.6 175.6 170.6 167 161.4 153.8 144.2 143.6 150.1 148 145.2 144 137.1 138 134.8 133.2 133 134.1 135.2 132.5 129.5 127.9 121 112.6 108.5 99.3 97.3 96.1 95 92.2 91.2 91.1 90.7 88.4 86.1 83.6 79.9 75.1 77 78.9 77.1 75.6 73 70.7 66 59.9 54.1 49.4 44.6 40.8 33.2 28.8 25.8 24.2
234.3 235.5 239.5 237.4 225.8 221.8 212.1 210.1 205.9 199.1 196.5 194.7 200.8 199.1 198.1 200 198.7 200.1 198.4 194.2 198.6 205 210.8 198.9 197.7 196.7 194.4 187.3 178 170.6 167.7 166.9 163.8 164.8 152.1 139.5 142.5 147.8 147 148.3 139.1 132 135 130.3 131.2 132 132.4 132.4 130.1 129.1 129.9 120.5 115 111.9 103.5 98.8 95.8 94.5 92.4 91.2 91.1 90.4 90.4 86.8 82.8 81.3 75.9 73.1 75.2 75.1 74.1 71.5 68.2 63.5 57.2 51.3 47.7 43.8 39.8 33.8 28.2 24.8 21.9
234.3 234.3 237 230.7 219.7 214.8 210.2 207.1 202.7 191.7 185.2 190.3 195 192.1 193.5 192.1 191.1 190.4 191 193.9 198.9 201.4 199.4 194.2 192.6 189.8 185.4 176.2 170.5 166 161.6 163.4 160.3 157.9 145.9 140.7 140.8 142.4 144.1 141.3 133.1 126.5 127.7 127.8 128.2 128.4 130 129.3 128.3 124.4 119.5 116.5 114.1 111.3 105.4 99 96 94 91.6 90.1 90 90.2 88.6 85.3 81.2 77.3 75.9 71.1 73.3 74.3 73.1 70.3 65.7 60.7 54.2 48.4 43.5 40.6 35.9 31.6 28 24.7 21.4
236.8 233.8 231.1 226.4 216.7 212.7 208.9 203.8 198.3 188.8 181.9 185.5 188.1 186.4 187.6 189.2 185.5 184.7 189.7 196.2 198.8 191.7 190 189.4 188.4 182.9 175.8 167.7 167.4 158.8 155.6 160.2 156.7 150.6 137.5 141.2 143.8 140.4 133.7 132 128.6 123 124.6 125.1 125 124.9 124.7 126.7 125.7 122.9 117.9 116.3 114.3 111.2 105.5 99.9 95.6 92.5 89.7 89.4 89 89.3 86.7 83.2 78.3 75.2 74.9 73.7 70.9 72 72 69 64.8 60.8 49.7 43.9 39.8 36.8 33.1 28.9 27 24.3 21
241.4 233.2 227.1 219.1 212.7 210.9 201.6 199.1 192.8 180.7 180.4 181.8 180.9 182.2 183.3 180.4 176 182.4 189.7 192.8 190.8 183.8 182.8 184.1 180.1 174.6 165.7 162.8 157 151.3 152.5 155 151.3 138.7 135.1 140.8 144.1 141 128.4 126.1 122 121.9 123.3 122.8 122.7 122.2 123.2 124.9 126.2 123.3 117.2 116.1 114.5 112.1 108.6 100.6 98.9 93.9 90.9 90.5 89.2 87.2 84.8 81.1 79.8 75.7 74.2 73.3 66 67.7 70.6 66.6 62.5 55.8 48.3 41.6 38 34.3 29.7 27.5 25.7 23.9 22.4
237.9 229.6 220.6 216.7 210.1 203.1 191.6 189.5 190.6 177.4 177.8 177.8 177.9 177.8 177.4 172.7 172.8 179.8 184.6 184.1 180.9 180.3 178.6 179.1 171.9 166.7 158.3 156.4 148.4 146.5 149.6 150 141.8 131.4 131.1 138.7 143.1 140.4 133.2 125.1 120.3 120.8 121.1 120.6 119.7 118.8 121.8 125.3 126.9 122.8 117.7 116.8 115.3 112.7 110.6 102.5 99.4 96.2 91.3 90.6 90.4 87.8 84.9 82.3 79.9 75.4 70 68.4 70.1 65.4 61.1 61.6 57.2 50.4 43.3 39.2 36.2 32.5 29.4 26.6 24.8 23 21.3
230.1 221.7 217.2 215 211.6 194.8 186.9 187.1 188.1 173.7 173.7 173.2 174.1 173.1 171.6 173.4 172.6 177 175.4 171.6 169.6 170.2 170.2 172.2 162.2 155.5 153.8 148.4 142.3 145.7 147.6 142 133.1 126.4 129.3 134.9 137 134.2 131.9 128.4 123.3 119 120.6 118 118.3 115.9 121.4 125.5 128.4 122.4 118.4 116.6 114.6 111.8 107.7 100.3 98.1 95.7 93.4 91 90.9 88.6 86 83.6 80.1 75.2 69.1 64.7 66.5 64.9 55.8 53.2 51.4 45.7 38.9 37.1 34 30.9 29.2 26.7 24.3 22.3 20.6
227.4 219.6 216 214.2 210.8 204.2 187.5 185 186.2 176.3 170.7 171.7 171.6 169.2 169.8 170.8 169.9 165 164.9 163.5 164 159.9 160.5 164.7 157.5 150.3 149.8 142.3 139.9 141.2 141.4 130.6 126.1 123.3 127.7 131.8 135.2 136.2 133.4 133.6 125.7 119.5 116.6 115.4 113.5 115.2 120.9 124.8 124.6 122.9 119.1 115.7 113.6 110.6 106.8 100.8 97.7 94.7 92.3 90 88.8 86.8 85 84.7 80.6 75.4 71.7 66.1 60.5 58.2 54.7 47.2 46.1 40.9 39.1 36.2 33.4 30.6 29.3 27 24.7 22.4 20.5
225.2 217.8 214 211.8 210.3 203 190.7 183.5 184 178 170.2 170.2 169.9 168.9 166.5 164.1 159.4 157.1 156.7 158.4 155.4 151.7 156.5 154.1 150.7 145.3 139.4 138.6 138.9 139.5 128.9 122.4 120.8 120.8 125.1 128.4 132.1 135.8 138.5 136.3 129.4 122.8 116.3 111.8 111.8 112 116.1 119.6 121.1 120.8 119 116.8 114.1 112.1 107.5 101.2 97.5 94.7 92.5 89.4 86 84.8 83.9 84 81 77.2 73.9 71.2 62.4 49.9 47.2 42.2 41.2 39.9 38.2 35.6 33.1 30.7 29.9 27.6 25.4 23 20.7
223.8 217 209.9 209.7 207.5 201.7 194.7 178.2 176.1 172.2 161.5 163.6 163 164.1 164.9 158.5 155 152.2 152.2 152.2 145.8 146.6 150.9 142.8 149.2 140.5 134.6 132.8 134.2 132 122.3 117 117.5 119.5 123.4 127.3 131.1 135.3 139.1 135.6 131.1 128.4 122.1 112.1 108.1 111.1 111 114 118.7 118 116.2 114.2 112.4 111.6 107.9 99.6 95.5 95.1 94 92.6 86.4 84.2 82.4 81.4 80.9 78.1 74.4 68.9 60.6 54.9 47.9 39.2 38.1 38.3 36.8 34.6 32 30.9 29.4 27.8 26 23.7 23.3
218.9 212.5 209.3 205.2 201.5 195.6 188.8 173.2 171.2 166.2 157.6 159.9 160.2 159.3 157.5 151.9 150.2 147.4 148.4 143.1 138.9 144.1 137.1 140.9 145.2 138 131.7 128.5 127.2 122.9 115.7 112.6 114.1 117.5 122.1 126.2 130.4 134.8 136.7 134.7 129 126.2 120.1 113.6 102.3 105.7 107.1 112.3 111.8 111.4 112.7 111.8 111.4 111.4 109.5 98.8 96.4 96.4 95.8 91.9 87.4 85.4 83.3 81.9 81.2 78.6 71.7 64.7 58 52.1 46.6 39.2 35.4 35.5 34.9 33 30.8 30.6 28.7 27.1 25.6 23.6 22.8
