webserver/python/data/NG70.asc
ncols 200
nrows 200
xllcorner 170000
yllcorner 800000
cellsize 50
[rows 140 to 174 of 200, columns 0 to 79 of 200]
12.4 30.3 41 46.2 49.3 49.1 49.7 48.3 48.2 51 61.5 64.6 74.8 80.3 81.4 86.3 90.7 98.3 103 107 110 115.4 117.7 120.5 124.1 128.5 128.7 130.3 133.2 133.6 130.3 132.5 137.7 135.9 137 138.2 143.2 145.5 151.1 154.4 157.6 159.9 162.4 158.1 164.8 166 167.8 169.5 174.3 183.1 187.3 200.1 200.1 200.9 206.4 204.4 198.3 207.4 220.2 229.9 239.6 250.9 263.7 281 288.7 298.8 315.7 329.9 337.8 334.1 332 331.8 337.3 350.5 366.1 382.5 402 410.5 411.6 417.8
16.9 34.7 41.1 43.8 49.3 50.1 50.9 51.4 52.8 60.8 69.4 70.6 71.1 78.2 80.8 86.9 89.9 95.1 100.1 103.1 106 110.1 112.5 114.3 117.8 118.9 121.9 125.5 131.1 131.1 127.9 125.3 130.9 132.5 133.6 134 137 139.8 147.5 151.1 150.8 154.3 155.9 148.6 154 157.6 158 159.1 163.6 171 179.8 184.9 188.9 187.4 180.8 204.1 209.5 208.6 216.4 227.3 240.9 255.4 268.2 288.4 296.3 304.5 320 332.6 340 345.1 342.4 338.2 339.3 348.8 370.1 381 399.4 411.3 412.5 418.1
8.5 31.2 37.7 43.4 49.5 52.8 54.9 55.8 57.2 63.2 70.1 70.6 71.2 79.2 81.7 87.7 89 89.9 93 97.7 98.5 102.6 107.2 109.2 111.8 114.8 119.5 121.3 130.1 127.5 123.6 118.7 122.3 129.8 128 126.4 130.1 133.6 134.6 136.9 138.7 140.2 137.5 135.4 140.5 144.5 145.9 145.3 155 158.5 164.6 166 174.5 186.2 201.8 210.2 209.3 208.9 212.8 226.6 245.1 261.3 282.6 300.3 304.3 316.5 339 350.7 364.8 356.5 350.7 342 346.3 351.1 367.1 384.6 391.8 401.5 411 415
5.1 27.3 37.8 46.9 53.2 56.9 59.3 59.2 59.6 64.9 71.1 72.5 76.6 79.9 84.4 89.6 90.6 94.1 98.8 100.7 100.9 101 101.7 108.3 110.7 111.6 114.4 115.8 117.6 114.5 111.9 108.4 112.1 117.8 120 119 122.5 126.1 118.9 119.6 126.3 127 117.6 122.1 124.7 123.1 124 121.1 140.4 162.2 173 173.2 181.6 193.5 205.2 211.3 211 210.8 211.7 220.1 243 262.2 285 302.2 316.4 335.2 349.8 353.3 373.7 372.8 361.6 355.7 353.4 360.4 367.5 382.1 386.6 395.4 406 407.5
3.1 24.2 43.4 50.4 56.3 60.5 60.8 59.8 62.6 69 71 70.8 74 81 87.8 91.1 91.1 92.9 97 98.2 100.4 100.9 101.7 106.2 110.4 111.1 110.1 116.5 114 108.1 103.9 103.6 104.3 107.3 110.2 112 114.8 111.5 106.2 105.8 107.6 104.2 95.3 105.7 106.7 103 114.9 136.6 153.9 167 173.1 174.9 183.4 203.1 217.4 218.6 212.7 211.3 211.3 218.4 237.3 257.1 278.3 297.6 317.8 326.6 347.1 355.5 377.5 374.4 373.8 370.5 368.1 361.4 368.1 377.6 382.2 390.7 400.7 401
2.4 13.3 46.7 52.7 58.8 62.9 64.8 63.8 65.7 68.6 70.9 70.4 70.6 76.7 83 87.7 87.9 88.1 89.4 90.4 92.3 96.2 97.1 99.7 104.6 105.8 105.5 108.2 107.3 102.3 100.4 101.1 98.4 94.2 97.9 101.3 99.1 95.6 90.6 87.2 85 80.8 83.7 87.6 87.3 108 123.2 138.6 154.3 169.2 170.2 173.7 187.2 206.8 228 219.2 210.2 209.6 211.4 214 232.6 258.1 275.3 296.7 311 306.9 334.6 349.8 372.3 375.9 385.9 395.2 389.7 374.4 373.2 374.4 384.2 394.8 399.1 401.1
2.5 17.2 51.9 58.1 64.3 69.5 69.9 68.5 67.8 67.1 67.3 69.1 70.5 73.4 77.7 77.9 78.4 79.8 81.1 82.4 84.2 86.2 86.3 89.7 95.9 96.4 101.5 101.7 98.4 95.8 96.4 93.2 90.3 84.9 86.1 88.7 86.7 81.8 72.5 74.9 76.5 77.9 79.9 83.2 94.7 108.5 123.2 138.1 153.7 156.5 162.3 170.7 184.5 204.6 217.1 214.2 205.2 204.8 210.3 212.5 228.3 256 271.3 296.7 306.9 299.9 324.2 336.5 359.6 389.9 403.7 417.3 408.4 385.1 381.1 378.6 391.4 411.1 415.5 415.5
2.3 10.3 52 67.3 72.9 75.7 71.4 66.7 63.6 61.6 60.1 62.1 65.4 68.8 65.8 69.4 72.4 74.9 76.2 77.4 78.4 77.3 78 82 88.1 88.5 95.3 95.6 91.2 88.7 88.6 81.6 75 74.1 77 78.2 76.1 71 70.1 72.5 74.5 75.8 78.4 80.3 90.1 106.6 123.7 139.4 143.4 145.2 151.2 161.2 174.8 194.9 201.6 202.4 197 200.9 210.9 212.4 218.7 251.5 274 292.1 297.2 293 316.1 320.8 345.8 396.5 414.8 428.3 436.9 415.8 393.3 388.2 394.2 409.5 415.9 428.7
-1.8 6.5 41.8 73 78.6 78.5 69.8 62.3 59.1 55.8 53.9 58.2 56.4 60.1 60.6 62.4 69.2 71.3 71.6 72.8 75 73.7 74.1 75.8 80.8 82.3 88.8 86.1 83.4 83.6 76.2 70.9 67.1 68.3 71.6 71 71.2 70.6 72.5 74.6 74 72.6 74.5 78 86.2 103.8 117 135.7 132.1 138 150.6 155.7 165.4 176.7 183.3 182.6 184.3 198.7 210.8 213 215.1 243.6 269.3 290.3 285.7 283.3 296.9 305.9 324.3 386.1 413.5 430.2 435.3 429 401.8 390.2 390.6 403.4 406.1 418.4
-1.8 2.4 50.3 69.7 72 68.6 61.7 54.7 49.8 46.9 44.3 47.7 50.5 55.6 56.9 60.1 65.6 67.1 68 69.7 71.1 69.6 68.2 69.8 67.9 71.8 74.6 72.1 69.5 69.1 65.4 63.2 60.3 63.5 69.7 65.1 63.5 71.4 75.9 80.2 76.1 72 77.4 79.2 84.7 98.6 111.4 117.2 121.6 135.6 148.7 160.3 165.7 177.1 179.6 178.1 178.8 190.9 206.4 210.1 212.5 234.9 262.2 274.8 276.3 272.6 287.8 297.6 308.9 355.2 392.8 411.2 418.7 420.1 396.6 391.5 384.4 394.8 394.9 394.6
-1.8 -1.8 22.2 54.2 60.2 55.2 48.8 41.2 37.4 36 36 41 46.2 49.2 50.9 54.8 58.8 61.1 60.4 64 62.1 60 61.4 58.8 57.3 60.7 56.1 53 55.7 60.6 58.7 59.7 59.1 60.4 65.4 61.6 61.1 70.1 69.8 74.6 72.6 73.2 79.1 82.5 87.9 91.4 100.1 110.9 114.1 126.7 143.9 163.4 171 172.4 176.5 176.2 179 194.9 200.4 204.1 210.2 223.1 247.9 253.6 255.2 256.3 272.2 282.6 292.9 327.6 395.8 410.6 415.2 417.8 393.7 390.8 377 381.8 382.2 380.2
-1.8 -1.8 2.9 31.7 37.7 36.9 34 28.2 27.1 29.1 28.4 32.4 40.5 43.9 46 49.4 52.8 53.6 53.9 56.1 53.6 52 54.2 45.5 49.1 44.9 46.5 42.4 47.3 51.2 49.6 47.7 49.8 55 60.9 57.1 60.3 70 69.3 64.6 62.6 70.5 79.3 90.5 95.1 99.1 98.8 101.4 105.6 118.3 137.7 163.1 172.3 182.7 173.5 172.2 178.2 200.5 202 205.1 208.9 213.9 231.5 243.3 242.2 247.7 256.8 271.2 281.6 306.1 365.8 413.5 414.2 420.1 398.7 390.6 368.5 365 370.4 374.6
-1.8 -1.8 5.9 20.9 18 21.2 18 22 20.8 20.1 23.6 27 34.9 39.1 41.6 45 46.2 45.2 45.5 44.9 44.9 43.4 42.3 42.1 47.1 45.9 43.8 40.9 43.5 43 43.5 45.9 47.9 49.8 49.8 51.5 56.9 58.3 57.8 57.3 57.7 66.8 73.2 86.3 90.8 98.7 100.4 101.1 102.6 106.7 117.9 139.6 168 163.7 163.5 170.4 175.9 189.4 198 201.3 200 202 197.8 211 222.7 235.5 240.4 259.7 269.6 279.3 328.7 389.5 408.4 406.9 394.6 381.4 366 359.5 362.5 364.5
-1.8 -1.8 -1.8 4.3 12.4 11.3 9.1 13.7 17.3 16.7 19.9 28 31.4 34.7 38.2 40.6 41.4 40.8 39.4 38.5 39.5 40 40.3 45.4 51 43.5 40.8 39.3 40.5 45 49.2 53.3 50.1 49 51.1 61.1 61.1 61 58 48.6 53.3 61.1 69.2 68.1 75 83.1 87.8 95 100.2 103.2 109.8 116.1 136.6 143 150.7 170.2 179.2 182.9 184.6 193.3 195.2 193.9 186.3 189 204.3 217.9 232.7 243.6 255.5 269.4 313.4 368 400 400 386.4 367.9 360.6 361.4 348.2 347.9
-1.8 -1.8 -1.8 2.8 2.9 6.2 6.9 9.2 10.9 14.6 21.2 25.8 28.7 31.8 34.8 36.8 36.1 34.9 33 35.1 37.6 39.3 42.6 49.8 60.7 52 39.4 40.5 40.6 42.9 42.6 44.1 42.9 43.6 45.2 56 57.4 57 51.7 39.2 51.4 64.9 69.7 61 63.2 69.1 75.3 85.5 90.2 97.4 105.5 110.4 112.1 123.6 139.8 161.3 173.9 179.9 175.5 174 179 180.7 175.9 181.8 188 203 220.8 231.2 243.4 252.8 291.6 336.7 363.1 385.2 375.6 353.2 350.7 342.8 340.1 330.4
-1.8 -1.8 -1.8 4.8 -1.8 -1.8 -1.8 9.6 9.7 13.4 19.4 22.3 25.2 28.9 31.8 31.3 30.7 30.7 31.7 33.4 35.8 38.9 40.8 55.2 61.1 58.1 44 39.8 40.2 41.6 41.7 39 40.7 40.1 42.4 49.5 51.2 50.8 40.3 36.9 42.4 56.1 57.5 59 65.4 72.3 77.3 84.9 89.5 95.8 100.2 98.5 104.8 108 115.5 133.2 148.6 154.5 163.7 159.3 161.2 162.2 165.3 167.1 174.9 177.5 194.6 207.7 219.3 234.1 253.3 293.1 328.2 338.9 329 320.7 328.9 320.8 314.9 304.9
-1.8 -1.8 -1.8 4.1 -1.8 -1.8 -1.8 6.5 10 10.3 15.1 19.8 21.7 25.4 28.7 29.2 30.2 30.8 31.9 33.1 34.3 37 44.5 59.9 60.5 58 46.5 37.9 39.8 37.7 39.6 36.6 33.5 34.9 41.7 44.8 45.3 43 35.5 30.5 39.8 49.7 48.5 55.2 63 71.5 74 82.9 85.9 92.1 98.9 98.6 98.5 101.5 107 117.4 122.4 127.7 132.7 140.2 145.9 160.9 160.8 159.8 164.7 167.9 174.3 184.8 196.4 210.3 225.7 242.1 276.9 291.8 292.4 295.6 297 295.1 285.8 278.5
-1.8 -1.8 -1.8 2.2 -1.8 -1.8 -1.8 3.2 6.8 8.2 10.5 15.9 19.6 22.5 27 30.5 31 31.1 31.2 32.5 33.5 34.1 47.4 62.8 59.5 54.9 46 35.1 30.8 30.6 29.6 29.2 29.3 29.6 37.8 42 39 34.3 26.1 31.8 37.3 43.1 39.8 45.3 54.7 66.1 69.9 81.1 81.7 89.3 92.4 94 97.9 104.5 113.2 123.5 126.9 128.4 131.5 138.5 148.8 152.7 159.5 158.8 160.7 159.8 157.6 164.2 174.1 183.6 201 217.4 230.1 238.6 240.6 247.5 252.5 253.1 255.4 276.2
-1.8 -1.8 -1.8 -1.8 -1.8 -1.8 -1.8 -1.8 2.6 2.7 5.9 14.7 19.5 21.2 26.8 29.1 29.5 31 30.6 31.4 31.7 34.8 44.6 48.3 47.7 46.5 40.3 28 28.3 26.4 25.4 23.5 23.1 24.3 31.4 34.7 32.8 25.9 19 24.8 31 30.5 33.4 39.1 49.4 59 67.8 74.3 79.1 84 89 93.5 103.2 111.7 122.8 129 128.9 128 134.5 143.7 153.9 161.2 164.5 162.5 161.1 159.3 154.4 153.2 156.6 167.1 172.9 186.2 205.9 210.9 213.2 211.9 221.3 255.8 253.4 269.9
-1.8 -1.8 -1.8 -1.8 -1.8 -1.8 -1.8 -1.8 -1.8 6.7 10.1 14.8 19.4 21.4 23 25.8 28.7 28.9 29 29.1 29.9 32.5 33.6 29 32.3 35.3 30.4 19.4 20.4 22.2 19.9 18.3 16.5 14.2 17.7 20.4 16.8 17.3 12.8 17.3 21.8 27.9 33.4 48.5 60.2 66 76.7 79.3 78.6 84.1 88.9 96.3 109.9 120.1 128 131.1 119.3 118.2 126.2 135.4 149.4 158.9 170.8 162.3 160.8 160.9 154.5 147.9 145.8 145.3 149.2 148.5 157.6 169.2 177.7 201.2 229.3 246.8 248.7 250.6
-1.8 -1.8 -1.8 -1.8 -1.8 -1.8 -1.8 -1.8 3.9 8.8 14.6 18 20.9 23.6 27.8 28.7 28.5 29.4 29.3 29.1 29.7 31.1 30.9 22.8 19.6 19.9 17.9 12 15.1 15.1 12.5 12.1 10.2 8.8 8.7 8.8 7 9.2 10.3 19.3 24.1 29.6 36 52.1 61.6 73.3 86.5 90.9 89.8 89 88.9 96.5 110.6 121.3 123.8 122.8 114.5 118.1 121.6 126.9 139.3 150.2 148.5 155.6 152.4 155.7 152 148.5 141.6 133.3 131 127.1 137.8 150.3 169.8 205.3 230.4 229.5 236 230.3
-1.8 -1.8 -1.8 -1.8 -1.8 -1.8 -1.8 -1.8 2.6 11.7 23.5 27.1 29 30.5 33.4 33.5 30.4 30 29.3 29.1 29.4 34.4 26.9 19 18.9 19.2 18.8 13 11.5 11.8 8.8 7.5 6.8 5.4 4.8 4.9 3.4 3.3 4.8 13.9 21.3 27.6 37.1 49.6 58.7 71.7 83.9 90.1 93.2 96.8 105.5 110.6 115.1 120.1 119.3 118.3 111.1 112 115.3 121.2 124 130.9 142.1 143.9 140.2 141 144.1 143.9 139.1 131.7 120.9 119.3 127.1 137.8 158.5 188.3 216.5 219.4 226.7 222.3
-1.8 -1.8 -1.8 -1.8 -1.8 -1.8 -1.8 -1.8 6.3 26.9 33.7 34.5 32.7 30.7 35.7 34.7 31.2 28.5 27.5 28.1 33.5 44.7 32.3 18.4 18.3 21.2 22.9 15.8 10.6 9.7 9.4 6.8 5.7 4.2 2.7 2.9 2.4 2.4 2.4 7.4 17.7 26.2 34.7 48.4 60.7 74.2 83.2 93.5 97.4 105.4 116.3 131.2 134.2 125.1 120.7 115.2 111 109.8 111.3 112.3 114.6 123.4 122.7 130.3 137 132.7 129.5 133.7 133.9 126.9 116 112.9 118.3 128 146.7 168.3 196.1 209.2 206 216.3
-1.8 -1.8 -1.8 -1.8 -1.8 -1.8 -1.8 2.1 14.2 30.2 39.8 38.1 32 27.2 28.5 27.2 23.1 21.3 20.9 26 41.4 50.5 36.5 19 18.3 19 23.7 20.9 9.2 7.6 6.2 5.7 4.8 3.3 2.8 2.9 2.4 2.4 2.4 3.8 17.3 26.4 37.4 50.3 62.4 74.9 87.8 98.2 104.5 112.9 123.9 141.1 139.4 125.8 119.2 114.2 110.3 110.3 110.8 108.7 104.6 107.7 115.6 113.5 112.4 116.1 122.9 117.1 116.8 114.1 108.3 108.9 111.2 122.6 134.6 153.2 175.6 192.8 194.7 190.3
-1.8 -1.8 -1.8 -1.8 -1.8 -1.8 -1.8 -1.8 21.7 30.7 35.1 31.7 25.4 14.4 14.1 14.3 15.2 18.4 20.8 26 37.2 38.3 27.4 19.8 18.4 19 20.1 20.6 15.5 11.8 7.1 4.7 3.6 2.4 2.4 2.7 2.4 2.4 2.4 3.8 19.5 33.9 46.6 52.2 58.9 71.6 86.7 100 110.8 117.7 126.5 141.8 135.7 123.7 118 116.3 115.6 115.8 116.4 118.5 110.9 99.4 98 99.5 95.2 95.2 97 98.3 95.8 96.7 98.2 104.2 112.4 127 140.4 154.9 169.5 179.4 182.2 182.9
-1.8 -1.8 -1.8 -1.8 -1.8 -1.8 -1.8 -1.8 15.9 21.9 24.1 19.5 10.7 3.3 5.3 6.6 9.7 13.2 18.5 28.8 32.1 30.4 23.3 19.6 19.2 20.6 20.7 23.8 22.4 18.9 8.8 4.9 2.4 1.9 1.7 1.6 1.9 2.2 2.4 4.1 19.1 38.6 51.8 57.4 58.4 68.9 88.1 105.6 120.7 120.7 124 133.4 128.7 120.5 115.9 114.9 117.1 119.4 122 129.9 126.1 106.7 95.8 86.7 84.2 83.4 84.6 89.3 88.8 90.2 97.8 102.1 107.6 117.6 133.9 152.7 174.9 205.1 220.1 200.5
-1.8 -1.8 -1.8 -1.8 -1.8 -1.8 -1.8 -1.8 3.8 7.5 10.6 2.6 2.4 -1.8 -1.8 -1.8 -1.8 10.3 24.2 39.6 51.2 33.9 25.1 21.5 20.7 20.7 24.2 29.5 29.3 23.2 8.3 3.2 2.4 1 0.8 0.7 1 1.6 2.4 10 22.5 37.2 45.8 50.1 55.1 66.6 88.4 106.1 122.5 119.8 122.1 125.1 120 120 115.7 112.6 114 118.2 121.7 126.7 118.8 113.3 102.5 88.2 80.5 80.2 81.3 86.3 90.5 96.2 100.8 104.3 108.3 116.2 128.6 147.9 165.8 195.2 221.9 215.8
-1.8 -1.8 -1.8 -1.8 -1.8 -1.8 -1.8 -1.8 -1.8 -1.8 -1.6 -1.8 -1.8 -1.8 -1.8 -1.8 -1.8 11.2 36.1 59.8 60.8 43 28.5 22.3 21 21.2 24.3 28.3 31.3 28.1 12.4 4.9 2.4 1.5 -0.1 -0.2 0.2 1.4 2.8 11.1 22.3 32.5 38.9 49.1 56.5 66.9 81.6 96.5 110.3 110.5 107 111.7 110 123 107.6 105.2 109.1 113.8 116.2 117.5 114 108.8 104.3 87.4 79.3 79 81.1 86.6 99.4 100.9 102.7 106.8 109.7 113.5 121.8 141.8 155.4 175.3 207.7 220.3
-1.8 -1.8 -1.8 -1.8 -1.8 -1.8 -1.8 -1.8 -1.8 -1.8 -1.8 -1.8 -1.8 -1.8 -1.8 -1.8 -1.8 22.2 45.2 61.1 55.7 42.2 26.9 23 22.3 20.6 21.5 25.2 27.4 23.9 6.7 2.4 2.4 2.3 -1 -1 -0.2 1.4 9.8 18.9 28 29.8 38.7 47.4 59.9 70.5 78.3 86.9 96.2 94.4 96.9 97.7 103.1 111.3 104.1 98.3 100.6 106.1 109.2 99.8 96.6 88.1 81.5 79.5 80.9 79.7 79 82.3 94.1 102.8 106.6 110.1 111.9 113.8 118.2 133.8 150.8 164.5 189.9 220.7
-1.8 -1.8 -1.8 -1.8 -1.8 -1.8 -1.8 -1.8 -1.8 -1.8 -1.8 -1.8 -1.8 -1.8 -1.8 -1.8 -1.8 27.4 48.4 52.4 42.9 34.3 25.9 22.6 20.4 18.6 19.1 21.2 12 4.5 -1.8 -1.8 -1.8 2.4 -1.8 -1.8 -1.8 1 6.6 22.1 31.3 31.2 35.4 44 57.4 71.2 72.6 80.6 80.9 89.6 90.7 90.8 95.7 90.1 91 90.7 91.4 90.2 92.6 80.4 73.2 79 85 91.2 94.6 85.5 80.1 82 94 108.3 111.7 114.5 115.6 115.6 118.6 129.5 146 159.6 179.7 208.7
-1.8 -1.8 -1.8 -1.8 -1.8 -1.8 -1.8 -1.8 -1.8 -1.8 -1.8 -1.8 -1.8 -1.8 -1.8 -1.8 -1.8 28.4 45.6 47.4 37.9 34 28.1 22 19.2 14.7 14.7 -1.8 -1.8 -1.8 -1.8 -1.8 -1.8 -1.8 -1.8 -1.8 -1.8 -1.8 5.1 24.6 30.2 31.2 33.4 42.5 56.6 63.1 67.9 72.6 75.3 82.3 80.8 75.2 84.6 85.5 80.7 78.3 77.4 69.7 68.9 68.2 76.4 88.4 95.6 101 100.4 89.3 83.3 85.1 97.9 113.9 117.8 120.1 119.4 117.8 118.8 124.8 139.8 152.4 172.3 204.2
-1.8 -1.8 -1.8 -1.8 -1.8 -1.8 -1.8 -1.8 -1.8 -1.8 -1.8 -1.8 -1.8 -1.8 -1.8 -1.8 2.9 18.9 32.4 36.3 33.4 33.6 29.1 16.6 10.5 10.3 -1.8 -1.8 -1.8 -1.8 -1.8 -1.8 -1.8 -1.8 -1.8 -1.8 -1.8 -1.8 6.4 20 30.2 29.7 30.4 45.4 53 54.5 55.3 58 60.4 55.8 55.2 65 77.7 75.9 68.2 60.8 60.1 61.8 66.9 74.3 84.9 95 103.4 110.3 111.3 100.6 89.5 94.1 103.8 120.9 119.4 121.1 119.4 118.8 119.3 123.4 132.1 143.7 159.7 188.5
-1.8 -1.8 -1.8 -1.8 -1.8 -1.8 -1.8 -1.8 -1.8 -1.8 -1.8 -1.8 -1.8 -1.8 -1.8 -1.8 7.8 15.5 14.4 23.2 27.3 26 19.4 2.4 2.4 7.8 -1.8 -1.8 -1.8 -1.8 -1.8 -1.8 -1.8 -1.8 -1.8 -1.8 -1.8 -1.8 6.6 21.3 22 19.9 26 41.6 50.6 51.2 46.4 42.5 41.9 39.7 49.9 43.5 48.4 41.7 47.4 54.1 60.9 64.2 72.5 86.6 102.1 100.2 107.5 115.4 121.8 111.5 98.8 97.6 104.6 121.2 127.8 121.1 119.1 118.2 117.6 122.7 128.9 136.8 150.4 162.2
-1.8 -1.8 -1.8 -1.8 -1.8 -1.8 -1.8 -1.8 -1.8 -1.8 -1.8 -1.8 -1.8 -1.8 -1.8 2.4 2.7 3.3 2.8 10.7 17.9 11.5 -1.8 -1.8 -1.8 -1.8 -1.8 -1.8 -1.8 -1.8 -1.8 -1.8 -1.8 -1.8 -1.8 -1.8 -1.8 -1.8 -1.8 6.8 12.7 9.7 15.8 33.6 38.8 38.2 33.7 28.3 24.5 25.6 29 26.7 32.5 46.3 56.4 62.5 72.6 73.5 86.3 105.5 115.6 112.1 112.5 122.3 126.3 120.3 108.5 99.3 102.9 114.3 130.9 120.8 118 117.1 114.9 120.7 125.9 131.1 144.2 155.9
-1.8 -1.8 -1.8 -1.8 -1.8 -1.8 -1.8 -1.8 -1.8 -1.8 -1.8 -1.8 -1.8 -1.8 -1.8 8.5 4.4 -1.8 -1.8 -1.8 -1.8 -1.8 -1.8 -1.8 -1.8 -1.8 -1.8 -1.8 -1.8 -1.8 -1.8 -1.8 -1.8 -1.8 -1.8 -1.8 -1.8 -1.8 -1.8 -1.8 1.2 2.4 11.7 21.2 30.6 22.9 19.7 16.7 16.1 18.4 20.4 34.6 37.9 52.3 65.6 80.9 89.8 91.1 100.8 120.5 123.2 121.4 120.2 129.1 134.1 125.9 113 102.2 102.2 108.6 127.7 125.1 114.1 110.8 111.9 116.5 123.3 127.4 139.3 152.7
