webserver/python/data/NG71.asc
ncols 200
nrows 200
xllcorner 170000
yllcorner 810000
cellsize 50
[rows 37 to 73 of 200, columns 0 to 83 of 200]
63.4 64.3 61.8 69.3 75 79.8 83.8 64.9 94.1 101.9 106.4 108 115 122.4 119.6 138.7 157.8 171.4 176 181.9 192.6 204.9 210.9 222.2 235.5 244.6 251.3 261 270.6 282 288.1 298.3 309.6 319 328.6 337.9 348.5 361.1 375.1 390.3 408.1 418.6 427.6 439.9 447.4 455.4 460.9 460.6 459.9 460.5 459.5 461.7 468.3 474.6 478.5 482 489.5 497.6 503.1 501.4 509.1 507.8 514.1 514.3 518.9 523.7 527.9 528.3 525.2 529.7 538.2 543.1 543.7 531.9 499.9 467.3 439.5 420.2 407.2 396.8 386.5 375.1 365.2 356.2
59.6 61.4 68.8 66.7 69.2 67.9 63.3 73 94.4 102.6 112 111.2 119.6 124.5 136 141 144.7 160.6 166 170.8 180.2 197.7 212.2 226.4 242 253.8 262.1 267.2 273.5 288.8 296.4 306.9 315.9 324 334 345.6 354.8 366 373.4 389.1 403.7 415.8 427 439.6 451.4 459.3 460.7 460.9 463.5 463.7 460.4 464.4 470.3 477.8 485.5 492 499.7 506.9 509.3 515.2 515.2 521.1 526.2 531.7 532.9 533.6 531.6 527.4 528.6 528.1 533.3 536.4 533.4 520.8 492.7 460.7 436 417 404.7 394.5 384.3 373.6 364.8 355.5
60.4 61.9 68.4 66.2 61.7 62.1 74.7 87.8 98.5 108.3 118.7 118.5 120.6 123.2 133.7 142.9 153.2 160.5 172.6 183.7 191.1 192.6 213.9 228.9 243.7 252.2 264.2 275.6 283.6 291.8 303.6 312.3 319.3 329.5 340.9 352.9 361.6 370.7 378 388.3 400.8 416.1 431 439.7 450.2 456.2 462.5 463.1 467.8 468 466.8 470.1 474.7 483.5 492.5 500.9 508.4 512.8 514.9 522.5 528.3 532.6 533.2 540.5 546.3 538.1 528.2 518.8 518.4 519.8 521.3 522.5 520 507.3 480.9 449.8 428.9 411.7 400.6 391.6 381.6 371.5 363.8 356.5
61.1 59.9 50.3 51.9 60.4 71.9 82 92.4 105.7 109.8 116.5 119.1 126.6 131.9 134.6 148.1 161.5 174.1 180.6 190.6 201.5 208.3 200.6 231.4 243.1 254.6 267.3 279.5 288.5 297.1 306 312.7 322.4 333.3 344 357 363.7 369.5 379.4 389.7 401.6 415.7 434.1 442.7 448.2 453.3 459.6 466.8 470 469.8 471.5 473.6 480.6 489.7 499.1 508.4 517.7 522.8 525.2 533.2 538.8 540.5 538.1 539.2 546.5 543.1 526 516.7 507.8 508.2 508.3 511.7 508.5 498 464.8 438.7 418.6 406.5 396.3 387.2 378.5 369.1 360.4 354.2
61 54.5 55.2 66.3 72.7 79.7 86.4 96.9 110.7 109.4 117.2 123.5 131.4 142.1 149.4 159.8 170.9 183.8 193.3 202.1 209.5 215.8 219.6 216.2 245.1 258 265.1 280.4 290.8 299.7 308.9 314.4 322.1 331.6 341.8 351.5 358.1 367 377 388.8 402.3 415.2 427.5 438 442 451.3 457.2 463.9 470.7 471.3 475.1 478.1 485 496.9 506.7 516.6 524.5 532.6 542.1 547.9 545.9 544.7 544.3 547.2 550 544.9 527.4 512.5 501.6 498.3 499.8 502.6 499.6 478.5 451.2 427.6 410.7 400.9 392.3 382.5 374.3 365.9 356.7 350
61.7 41.2 62.9 72.3 81.2 86.4 91.7 99.1 103.8 113.2 120.1 129.6 139.8 151.5 162.1 172 178.6 190.3 200.3 209.5 217.2 221.5 227.3 236 230.7 251.1 267.2 280.2 290.8 301.8 311.4 316.5 322.9 331.6 342.2 348.5 353.3 361.5 372.3 383.6 394 406.3 418.4 426.4 433.5 442.2 450.7 461.3 469.2 472.8 478.9 482.3 490.5 502.9 515.1 523.4 532.7 545.1 554.3 553.8 550.7 549.8 549.4 547.3 545 537.2 521.9 507.2 492.7 482.8 487 487.4 482.3 460 435.7 419.3 403 394.3 386 378.6 369.6 360.4 351.9 343.8
40 52.7 67 75.8 84.1 89.4 96.5 102.9 108.4 117.6 124.3 133.3 147.3 159 168.5 178.4 186.5 196.5 207.1 216.3 221 229 235.8 242.1 248.1 238.2 272.5 282.7 293.9 305.6 312.4 317.7 322.7 328.6 333.9 340.9 350.3 359.2 368.4 381.9 391.5 397.5 408 416.7 424.6 431.7 437.7 452.2 460.8 470.4 477.1 483.7 491.9 500.8 514.5 528.3 539.4 551.3 558.5 555.2 552.4 550.7 548.3 546 539.6 530.1 517 501.2 484.1 465.8 467.9 466.6 458 440.9 423.5 407.9 396.6 386.9 378.7 370.9 360.6 350.7 343.8 337.1
47.7 58.8 69.1 77.4 84.5 90.9 101.3 109 118.1 123.8 125.1 138.1 153.7 165 174.1 182.8 193.2 205.7 214 222.1 229.5 237.1 242.6 248.9 256 261.4 251.3 283.9 293.8 303.2 312.9 320.6 324.6 330.8 337.5 348 355.6 363.7 371.6 384.3 391.3 396.2 400.5 409.5 416 423 431.4 442.3 450.8 462.4 474.3 484.3 492.7 505.6 515.5 533 542 551.3 557.6 555.7 550.3 548.9 546 542.7 538.4 522.2 510.2 496.9 479.3 459.2 450.4 449.9 440.1 425 412.7 400.7 390.7 380.9 372.5 361.1 351.1 342.2 335.3 329.2
53.4 59 66.8 71.7 83.1 96.1 106.1 116.4 124.5 129.5 129.1 143.1 161.1 170.5 179.4 188 198.4 208.1 218.7 228 237.3 245.7 252.4 257.2 260.9 265.7 273.1 274.8 291.8 305.4 311.5 319.1 324.3 330.9 339.5 350.6 356.1 363.3 371.3 378 386.7 396.6 400 405.1 411.6 419.2 428.9 446.2 454.4 463.6 477.2 487 498.4 510.9 518.7 526.7 534.4 543.7 551.3 546.8 542.7 542.4 535.2 526.7 517.3 510.6 501.5 490.8 476.4 455 430.1 432.2 424.4 414.3 404.5 393.7 384.9 375 363.7 352.7 342.7 335.1 327.3 321.2
53.8 59.2 68.4 74.5 83.6 99.8 110.7 119.3 125.3 129.1 130.3 146.5 162.8 173.8 185.2 194.2 203.3 211.4 223.6 233.1 242.6 253.5 261.4 266.1 269.4 272.9 277.7 283 288.6 302.2 311.8 317.7 324.3 333.1 342.2 348.8 352.5 358.7 367.7 376.2 383.6 389.9 395.8 400.8 406.6 414.9 426 440.3 453.9 467.6 479.6 490.7 501.1 506.5 512.3 516.5 525.8 540.1 544.7 535.5 524.5 517 508.9 503.6 499.4 494.8 490.1 481 466.9 450.2 430.8 414.6 409.9 403 393.8 386.1 378 366.7 354.8 345.2 335.5 326.5 319.3 313.4
55.6 60.5 68.9 72.4 86.7 101.3 119 121.7 129.5 129 134.9 150.6 166.8 179.3 189.8 198.9 208 219.2 230.4 240.8 252.7 262.8 269.8 272.8 278.4 282.8 282.9 289.7 292.7 296.8 305.1 315.4 323 330.7 340.5 346.4 346.1 352.7 361.9 375.8 381.2 386.2 390.7 397.3 400.3 408.9 419.4 434.1 447 463.6 480.9 492.9 500.9 506.8 509.5 511 509.8 515.6 520.8 518.1 505.2 495.5 491.5 484.7 478.9 476 473.5 464.7 452.9 441 425.7 409 394.7 389.6 384.1 375.5 365.3 355.2 345.1 336.2 327 318.2 310.7 304.7
57.9 62.3 69.6 77.4 88.3 103.8 114.7 120.8 119.3 130.4 139.1 149.7 164.9 179.5 194.1 203.7 213.8 226.9 239.9 248.5 258.2 270.6 277.5 277.5 285.3 291.6 294 293.4 296.6 300.6 299 311.7 320.7 328.1 337.8 343.4 342.7 348 357.2 367.9 375.1 379.9 384.7 395 401.3 409.5 419.1 429.6 440.7 460.9 477.9 492.8 501.2 505.1 504.6 501.6 490.8 491.9 496.1 486.2 478.7 470 469 465.5 461.8 460.1 456.1 449.1 442.3 433.2 421.7 405.8 392.3 375.4 373.5 362.7 352.4 343.7 335.4 326.8 318 310.7 303.7 298.4
59.4 65.9 73.4 81.8 89.9 103.5 108.7 112.8 122.2 135.1 142.3 155.3 168.2 182.7 193.2 207.3 218.1 234 247.6 257.2 259.4 269 275.4 284 291.6 296.4 300.7 301.7 299.3 305.9 311.6 308.3 317.8 325.7 335 338.4 341 344.9 350.9 359.1 365 372.3 380 390.9 403.4 412.3 421.6 432.5 443 458.6 472.6 488.1 494.4 499 492.6 484.6 473.6 468.7 458.6 453.9 449.9 445.4 442.5 442.7 445.3 443.8 440.9 435.6 431.7 425.9 415.2 403.6 389.9 373.7 358.7 347.1 340.6 333.8 325.4 317.5 310.7 303.5 296.5 292.3
61.4 68.9 74.8 80.1 89.4 93.9 103.1 115 122.6 131 148.5 161.1 173.3 183.6 192.8 205.1 219.7 233.8 250.7 264.2 269 270.9 278 287.5 294.2 298.4 307.1 310.2 308.1 311.2 317.5 313.7 318.7 324 331.7 336.3 338.3 339.5 344.2 351.3 359.9 368.7 376.6 387.8 401.8 414.2 418.9 428.1 437.1 449.5 460.1 475.6 480.1 484.2 478.4 466.5 452.6 443.1 437.3 433 427.6 423.3 419 421.1 423.6 425.3 423.7 422.8 421.2 417.7 408.1 397.7 387.9 371.6 355 339.6 332.7 323.9 315.8 309.3 302.3 295.5 289.4 286.4
62.2 70.4 75.1 83.6 89.9 94.5 100.4 117.1 122.2 135 151.1 167 178.8 189.1 196.5 209 221.7 232.1 247.6 264.5 270.9 273 283.6 292.7 296.5 301 310.9 316.1 317.3 316.3 321 320.6 319.3 325.4 331.2 333.5 335.1 337.3 342.6 348 354.7 363 375.7 386.9 400.5 410 414.6 422.2 427.9 437.7 446.8 458.6 468.6 470.2 467.3 448.9 431.9 424.1 420.4 416.5 411.3 405 402.1 403.5 405.8 405.5 408.2 410 409.2 408.8 401.8 391.4 381.1 367.6 351.6 336.3 319.6 312.3 306.4 301.1 294.2 287.3 281.5 280.6
62.9 71.3 77 86.6 95.5 101.7 106.8 112.6 125.7 140.7 153.2 168 180.3 187.3 192.7 207.3 220.8 234 244.9 260.3 269.3 279.1 287 294.3 297.6 305 314.4 320.6 320.2 319.7 319.4 321 319.8 324.2 329.7 330 332.2 334.9 339.6 342.1 349.3 359.2 371.7 387.2 397.2 404.3 409.1 415 419.2 424 430.9 442.4 449.5 453.9 452 434.8 416.7 405.8 405.1 402.6 395.5 388.6 387.1 388.7 386.5 385.2 388 392.3 396.6 396 396.6 388.2 371.4 360.7 347.6 331.7 318.6 304.5 292.9 287.8 286.6 280.1 273.4 271.8
59.2 69.2 76.8 87.2 95.9 99.2 106.9 116.7 127.7 135.9 153.8 163.5 176.2 183.2 189.1 204.5 220.3 234.6 248.3 256.4 269.8 284.3 292 298.5 302.9 308.2 314.9 320.5 322.1 322.3 322.4 326.1 325.1 327.2 329.3 330.5 331.1 332.7 335.7 339.7 347.6 355.8 367.6 379.9 391.1 397.7 402.7 406.8 411.6 414.3 415.9 419.6 424.5 430 429.9 415.8 403.6 393.8 388.5 386.3 379.1 372.5 372 371.8 368.5 367.8 368.7 374.3 381.2 384.2 385.7 374.5 363.4 351.6 340.1 329.9 316.4 302.5 292.2 275 275.4 270 265.3 262.7
51.4 60.1 70.9 85 89.6 96.3 110.8 121.4 130.5 138.2 149.9 160.2 170.6 183 192.1 205 219.3 233.8 245.8 259.6 271 279.1 290.4 302.9 309.5 312.9 317.8 322.7 324.8 326.1 327.9 332.3 331.6 328.8 329.7 330.5 330.9 331.9 335.1 339.3 344.7 355.6 365.3 376.4 390 392.5 395.1 398.9 402.2 406.1 409.2 408.5 412.2 413.3 412.2 403 392.2 380.7 369.2 368.8 362.7 357.2 355.2 355.7 355.3 352.9 353.5 359 364.1 370.5 372.4 373.1 363.5 348.6 334.9 325.5 313.4 300.8 287.9 275.6 253.8 259.3 255.2 253.7
40.8 58 60.8 79.9 87.9 100.7 115.5 128.2 130.2 136.8 150.1 160.3 172.1 185.1 194.2 205.8 216.2 230.4 245.4 261.5 272.2 282.9 294.5 300.6 309.6 315 322.1 327.2 327 328.4 332.1 336.6 337.2 334.7 330.4 330.9 331.3 333.2 336.4 338.9 342.3 356.1 367.6 376.1 386.8 389.7 389.3 391.7 397.8 399.2 409.6 405.3 398.7 399.1 395.7 387.5 377.6 367.4 358.9 349.9 345.4 344.3 342.6 341.5 340.9 342.4 344.4 347.2 350.4 352 354.8 355.8 351 342.3 329.2 317.2 305.3 292.3 280.5 269.8 248.6 243.1 246.4 242.3
49 58 60.9 78.3 91 104.4 116.2 127.9 133.5 140 149.4 163.2 172 183.8 194.9 208.6 218.2 230.1 246.3 258.7 270 283 293.9 302.5 311.4 316.6 321.6 329.2 329.1 330.6 335.4 338.9 339.7 339.4 335.4 333.3 333.1 335.6 338.8 344.4 347.9 355.7 368 373.9 378.4 380.1 382.1 386.6 393.4 399.4 398 396 388.3 385.3 380.5 371.9 362.5 353.4 345.2 336.4 330 330 327.8 325.4 324.8 326 330.1 333.2 333.5 335.1 336.2 333.9 332 329.9 320.9 307 295.8 283.6 273.4 264.5 251.5 231.8 232 230.9
53 58.8 62.7 77.2 89.7 101.8 113.8 125.9 134.9 141.7 148.8 159.1 172.3 185.9 197 207 217.5 232.9 245.4 257.6 273.1 283.8 294.4 305.5 314.3 321.7 326 329.1 329.1 332.7 336.7 340 340.2 340.7 341.1 338.2 337.7 338.9 343.6 351.1 354.4 353.8 362.7 372.3 376.5 379.6 379.2 382.1 389.4 394.3 393.9 386 378 375.2 371.1 361.2 351.5 343 334.3 328.1 319.3 312 314.9 311.4 310.7 312.5 315.7 317.2 317.9 320.2 321 316.5 316.3 316.2 307.8 296.8 286 275.9 266.8 261.6 249 231.4 212.5 219
50.7 55.5 66.6 79 87 99.1 110.9 122.9 133.8 141.2 148.5 157.9 169.7 186.8 199.4 206.5 219.7 231.4 242.8 254.8 266.1 279.9 290.9 302.2 314.8 328 330.9 332.9 334.7 336.9 339.1 340.7 343.3 345.9 348 344.2 338.8 339.1 343.9 351.8 358.5 360.6 361.7 369.9 373.3 377.3 378.2 377.8 386.2 382.8 377.6 371.2 369.9 371.6 361.3 348.5 340.1 333 324.8 319.4 314.6 297.8 298.3 298.6 299.7 301.5 304.5 304.1 305.4 308.4 305.4 305.3 309 310.3 298.9 288.9 277.8 266.7 257.8 252.9 246.9 232.3 204.3 206.1
48.5 51.1 67.1 78.3 91.6 97.9 109.6 121.4 133.8 142.2 151.1 157.9 170.5 187.3 200.8 208.1 218.4 228.4 239.4 251.2 259.7 273.2 286.7 296.8 308.4 325.3 332.6 336.2 338.8 340.3 339.5 344.8 347.8 350.6 355.8 353.4 347.1 339.3 343.2 350 360.9 367.5 369.4 368.8 370.7 374.5 377.9 374.6 374 371.2 366.7 362.4 361.1 358.6 347 336.9 330.1 323.7 313.9 307.9 302.7 288.8 281.5 286.6 288.1 287.9 289.4 289.8 292.6 293 289.4 288.7 291 292.9 288.5 280.9 269.5 257.9 251.9 245.2 238.5 219.5 200 187.5
47 57.3 68.1 78.4 89.5 99.1 106.4 117.7 127.9 137.6 148.9 157.4 170.6 182.9 199.6 208.1 214.1 223.2 233.3 246.9 255.1 264.1 280.8 294.9 303.7 319.6 328.4 335.2 339.8 340.9 344.5 348.8 352.8 358.6 365.6 365 355.6 350.3 350.1 356.8 363.4 369.4 373 370.9 371.9 375.2 376.5 372.9 371.6 370.7 361.3 356.3 351.3 347.8 338.7 328.6 320.2 313.6 304.9 298.7 290.7 282.9 269.9 266.6 271.4 273.5 274.2 274.7 277.2 279.7 280.2 279.6 281.2 276.9 275.6 269.8 258.8 252.3 248.5 238.7 224.5 201.1 186.5 174.4
46.8 57.9 68.7 72.8 84.9 94.3 105 112.1 121.6 132.9 146.2 156.1 169.5 176.9 189.6 200 209 218.2 227.8 239 250.1 256.5 273.3 287.5 301.1 318 330.7 334.8 339 340.6 346.3 353.8 361.3 365.2 369.3 369.7 363.1 361.4 358 364.5 371 378 380.8 378 376.9 378 377 375.6 370.2 367 359.7 348.6 343.1 338.8 328.8 319.2 310.9 302.4 297.1 290.9 283.9 276.3 267.8 252 249.2 254.2 257.6 260 264.5 270 271.9 271 270.3 263.2 257.8 250.7 247 239.2 226.3 212.2 197.4 184.9 171.5 161
41.7 52.6 61.9 67.1 78.3 87.8 97.8 107.6 115.6 124.8 139.1 151.3 163.2 173.3 180 191.6 203.5 212.9 222.7 233.8 245.7 253.7 264.8 282 300 317.6 329.2 335.4 343.2 351.3 357.8 362.6 369.9 369.2 369.3 372.5 378.2 376.6 370.5 373.1 376.5 388.4 382.1 381.7 382.4 385.9 386.7 382.1 375.6 364.4 352.8 341.5 333.2 328 318.7 309.7 302.2 295.9 289.3 281.9 275.2 268.2 259.7 247.5 233.9 233.4 239.7 245.9 250.1 257.9 257.1 257.2 254.6 245.7 237.7 229.8 222.9 213.9 202 193.9 181.4 169.8 161.1 153
38.8 48.9 56.2 63.2 72.3 81.1 91.6 99.6 111.8 116.2 127.6 142.8 154.1 164 172.1 184.9 198 207.8 217.7 228.1 238.6 249.3 261.7 274.9 293.8 313.3 329.3 342.3 351.8 359.5 369.3 371.4 370.8 370.1 374.2 385.2 395 397.3 383.8 385.2 385.1 384.9 384.2 384.6 389.9 395.2 400.3 393.7 378.2 361.2 352.2 346.7 333.7 319.1 309.5 300.8 296.6 290.7 283.1 275.3 266.5 259.1 251.3 240.1 229.6 216.8 216.8 227.4 233.5 239.3 238.3 236 234.5 226.8 218.1 209.4 199.7 195.7 188.3 183.3 170.6 159.9 152.4 145.5
39 44.5 51.2 58.3 63.4 73.6 84.2 90.8 103.3 115.4 124.3 134.4 145.7 158.5 167.5 176.3 186.9 198.7 209 220.6 231.6 243.5 255.9 269.9 288.4 308 327.3 344.8 360.4 365.6 371 374.5 382.2 388.6 394.2 403.6 407.8 408 391.8 389.4 390.3 389.5 389.3 391.9 397.3 397.8 398.3 393.9 381.3 363.8 352.8 346.1 336.5 323.2 310.7 299.6 292.1 285.3 277.2 267 258.2 250.8 243.4 233.4 224.1 214.5 197.8 204.8 212.9 219 220.9 218.3 216.2 209.5 202.7 193.9 188.1 183 176.8 170.2 158.2 150 142.9 136.9
37.8 41.2 41.3 50 58.5 63.2 73.1 83.7 94.8 106.3 114.2 123.5 137.5 149.8 160.5 169 179.8 189 200.5 212.7 225 237.1 249.9 265.5 283 304.1 323.1 343.1 351.5 361.4 370.3 384.5 397.6 406.3 412.7 415.5 416.4 414 400.5 394.3 395.2 392.9 391.9 401 402.1 393.7 393.6 393.9 388.7 367.9 352.4 342.6 333.2 324.6 310 297.7 290.1 282.2 268.3 258.4 249.9 242.5 235.9 229.1 219.6 210 196.3 180.4 188.5 198.6 199.8 200.5 200.8 194.8 187.6 182.6 177.2 170 161.2 152.7 144.2 138.6 133.4 127.5
32.6 34.5 37 43.9 51.8 56.9 66.3 77.4 88.4 101.3 111.1 118 129.7 138.1 148.6 160 170.4 180.3 192.1 207.7 218.3 230.2 245.4 261 277.3 297.2 319.6 337 350.8 362.2 378.8 397.4 412.3 419.8 422.6 423.8 423.1 416.4 407 401.9 399.1 398.4 399.1 401.7 399.9 393.6 405 404 389 366.2 349.6 340.4 329.3 321.8 311.5 295.9 288 279.8 267.2 254.7 244 237.1 229.5 221.3 213.7 203.8 194.3 181.9 172.3 180.6 187.5 190.4 189.8 179.1 170.7 165.2 161.7 154.8 147.1 139.6 132.8 126.6 123.3 120.3
29.6 30.4 30.7 37.6 45.6 52.5 57.9 70.1 82.1 94.3 104.8 113.6 121.6 127.2 138.2 149.7 161.2 171.7 186.2 202.6 215.9 228.8 242.7 256.3 272.9 293.1 318.6 340.5 353 364.9 381.8 398.5 416.8 418.9 423.8 429.2 428.6 420.4 415.9 408.1 399.4 398.5 401.3 407.6 399.9 400.7 406.6 399.4 379.3 361.4 347.7 340.7 333 320.3 308.8 295.1 284.3 275.2 264.6 253.6 243.8 235.4 236.5 232.1 228.4 208.5 192.8 178.9 158.4 165.3 172.4 175 172.3 162.5 154.1 148.5 147.2 142.8 136.5 129.3 122.3 116.9 116.4 114.9
26.2 26.2 27.6 32.5 40.7 47 54.4 62.1 71.4 84.1 96.8 108.2 110.5 117.3 129.6 140.7 151.5 166.2 183 197.3 214.2 227.3 240.2 258.5 278.6 297.7 310.5 338.7 355.3 365 378.6 393.7 404.6 412.7 418.6 424.2 430.6 426.3 417.6 412.1 405.4 402.3 406.7 408.1 401.9 399.1 400.4 395.8 378 357.9 347.9 341.2 334.8 324.4 311.2 292.6 281.2 273.2 265.4 258.5 249.1 236.9 232.3 230 217.4 207.1 191.6 175.1 160.7 141.7 158 157.6 152 145.4 141.7 138.3 136.2 131.3 125.7 118.9 112.8 113.4 111.8 108.9
20.3 21.7 25.4 28.4 34.7 42.1 48.6 55.6 63.1 73.6 89.5 102 100.9 108.7 118.8 134 150.7 167.5 182 196.8 211.3 229.5 244 261.8 281.6 300.8 313 326 348.5 358.8 367.5 377.9 392.5 405.6 413.3 424.7 430.1 426.1 417.3 415.5 411.8 409.2 409.4 410.6 409.3 400.5 391.4 386.4 368.9 353.4 343 339 331.5 325 316.9 304.5 290.7 278 273.8 270.2 254.2 235 229.3 224.6 211.4 196.6 184.9 170.8 154.6 140.3 142.1 139.6 134.9 130.7 126.7 126 122.5 119.5 115.1 112.2 106.2 105.8 104.6 100.8
15.8 18.6 21.7 24.1 29.6 36.9 42.5 49.5 58.3 70.1 82.3 89.2 96.6 108 117 132 146.2 164.8 185.6 203.8 212.7 226.6 242.3 260.8 277.8 297.2 313.8 318.2 334.2 348.3 356.8 363.9 375.8 390.3 403.5 415.5 429.2 427.7 419.7 417.5 414.1 410 409.6 409.7 410.4 401.9 385 371 357.9 349.6 339.7 335.3 331.2 328.4 320.7 313 303.7 298.9 284.3 268.1 254.4 236.6 222.9 214.6 200.5 187.8 174.3 161.8 150.8 136.2 124.2 125 121.4 116.9 113.4 112.9 109 106.4 105.4 101.3 94.9 90.8 91.8 99.4
13 15.9 18 22.4 28.4 32.2 37.4 44.5 53.5 59.8 69.4 80 90 103.4 117.5 128.1 139.6 160.4 179.1 199.8 223.2 229.2 242.3 261.4 276.6 290.8 306 313.2 321 336.1 347.4 355.9 364.9 380.3 395.9 408.9 425.8 431.2 418.5 412.6 415.9 410.2 405.2 402.5 401.4 389.7 378.2 364.4 350.1 339.9 331.9 331 329 325.5 319.9 320 311.9 302.6 287.3 267.9 256.8 234 213.6 199 186.2 175.5 166.1 152.7 143 133.4 115.2 113.1 109.8 105.9 103.6 102.2 95.2 94 92.7 89.1 82.8 82 91.7 99.9
11.5 13.1 15.4 20.8 25.6 28.7 33.5 39.8 46.4 49.2 56.1 71.3 85.7 99.3 114.8 126.8 141.2 157 180.7 210.7 238.7 247.5 250.2 254.8 273.8 281.2 292.9 304.9 317.6 325.9 338.1 346.6 354.7 369.5 385.6 396.5 407 415.6 408.4 410.9 408 409 403.8 395.8 389.6 378.2 363 357.5 342 330.2 320.9 313.3 324.8 321.8 313.8 312.4 305.7 292 275.6 253.5 233.2 218.4 204 191.7 179.7 170.5 161.4 147.9 139.3 126.5 109.6 98.8 99.2 95.3 93.3 90.8 85.1 82.1 80.5 76.7 72.3 77.4 87.7 96
10.1 10 13.3 18.2 22.9 25.9 29 35.2 40.3 44.3 50.4 64 77.7 87.7 103.2 123.4 142.9 164.8 188.5 214.3 246.9 263.1 264.7 263 269.5 282 293 303.1 317.3 322.4 328.1 337.3 346.7 357.6 371.6 385.3 396.9 396.5 395.2 400 392.3 390.5 394.9 387.3 376 367.1 351 344.1 330.3 320.2 312.2 301.6 305.4 299.8 298.5 291.8 282.3 269.3 254.4 238.1 224.1 209.4 196 183 173.7 166.2 156 144.3 133.4 115.9 97.2 87 88.9 87.7 85.3 81 76 70 66.7 62.4 67.2 74.1 83.1 91.7
