webserver/python/data/NG74.asc
ncols 200
nrows 200
xllcorner 170000
yllcorner 840000
cellsize 50
[rows 105 to 139 of 200, columns 0 to 79 of 200]
-2.2 -2.2 -2.2 -2.2 -2.2 -2.2 -2.2 -2.2 -2.2 -2.2 -2.2 -2.2 -2.2 -2.2 -2.2 -2.2 -2.2 -2.2 -2 -1 -0.3 -2.2 -2.2 -2.2 -1 0.4 1.5 2 9.6 16.9 29.6 37.8 39.2 44.6 52 54.6 56.8 63 69.7 77 84.3 88.9 89.9 91.6 98.8 105.7 111.9 120.9 129.6 134.1 139.8 149.7 154.5 158.3 159.5 162.3 167.1 180.2 193.5 201.4 206.3 206.4 207.8 209.9 212.9 220.2 229.6 240 244.9 248.9 247.1 243.8 239.5 235.6 232.8 226.8 221.2 217.9 213.3 205.9
-2.2 -2.2 -2.2 -2.2 -2.2 -2.2 -2.2 -2.2 -2.2 -2.2 -2.2 -2.2 -2.2 -2.2 -2.2 -2.2 -2.2 -2.2 -1.6 -0.6 0.4 -0.2 -2.2 -2 -0.7 0.7 2 10.4 24.2 31.6 35.9 39.9 43.1 47.7 53.4 58.2 62.8 69.7 77.4 82.8 88.2 92 93.4 96.5 101.6 109.9 119.1 129.7 138.4 146.1 155.7 162.7 164.5 165.6 165.1 167.4 174.3 187.3 200 205.9 204.8 209.2 213.5 216.5 219.3 227.8 245 256.6 257.8 257.8 256.7 251.3 246.7 242.6 240 233.7 229.3 228.9 224.9 220.4
-2.2 -2.2 -2.2 -2.2 -2.2 -2.2 -2.2 -2.2 -2.2 -2.2 -2.2 -2.2 -2.2 -2.2 -2.2 -2.2 -2.2 -2.2 -1.3 -0.2 0.8 1.6 -0.2 -1.5 1.1 2.2 7.8 22.1 30.9 36.5 41.1 45 47.5 51.5 56.5 62.5 68.3 74.8 82.6 91.2 93.1 95 96.2 101.7 106 112.9 128.8 139 149.4 158.7 171.1 171.6 171.4 171.7 171.5 175.4 183.5 192.7 199.7 207.3 210.8 215.1 219.7 222 227.3 245.3 259.4 263.1 263 265 265.2 259.2 254.3 252.1 247 238.9 237.5 235.9 232.7 228.8
-2.2 -2.2 -2.2 -2.2 -2.2 -2.2 -2.2 -2.2 -2.2 -2.2 -2.2 -2.2 -2.2 -2.2 -2.2 -2.2 -2.2 -2.2 -2.2 -0.1 1.1 2.2 4.6 5.3 7.7 7.4 27 31.5 34 38.4 43.2 47.6 51.6 55.4 61.1 66.1 73.8 81.1 93.8 100 101.6 99 103.8 108.7 113.3 118.3 128.4 135.6 147.5 157.8 171.8 176.1 177.2 177.8 181.1 183.1 189 195.2 202.7 210.3 216 223.1 224.8 229 241.5 263.3 266.7 266.4 267.2 269.6 271.9 267.3 259.8 255.5 250.9 250.3 244.3 244.6 239.8 235.4
-2.2 -2.2 -2.2 -2.2 -2.2 -2.2 -2.2 -2.2 -2.2 -2.2 -2.2 -2.2 -2.2 -2.2 -2.2 -2.2 -2.2 -2.2 -2.2 -0.2 1.7 6.2 10.2 17.6 15.7 18.3 26.9 30.6 36.9 41.9 46.7 51.1 54.8 60.4 65.5 68 84.3 91.1 99.2 107.2 109.8 111.5 115.7 125.8 129 129.2 135.2 143 154.3 166 174.3 180.9 181.5 184.1 188.3 189 191.9 198 203.6 209.7 217.4 223.3 227.9 242.6 261.2 266.8 270.5 273.6 278.2 281.5 277.2 271.5 264.8 258.4 256.8 259.1 257.2 253.6 249.1 242.1
-2.2 -2.2 -2.2 -2.2 -2.2 -2.2 -2.2 -2.2 -2.2 -2.2 -2.2 -2.2 -2.2 -2.2 -2.2 -2.2 -2.2 -2.2 -2.2 0 2.4 17.7 25.8 28.4 25 21.9 20.8 25.8 41.2 46.9 53.1 54.1 57 65.9 76.1 82.9 94.1 97.1 103.3 108.1 116 122.2 125.8 133.1 141.2 142.8 148.6 154.8 167.2 175.4 181.4 182.9 184.3 187.6 191.9 195.2 197.5 202.2 207 209.6 218.2 227.7 237.3 258.5 267.2 271.7 277.1 282.8 288.1 290 283.6 275.7 269.1 266.6 267.2 267.3 265.9 260.1 256.5 251.3
-2.2 -2.2 -2.2 -2.2 -2.2 -2.2 -2.2 -2.2 -2.2 -2.2 -2.2 -2.2 -2.2 -2.2 -2.2 -2.2 -2.2 -2.2 -2.2 0.2 11.1 28.8 31.8 31.8 32.1 30.8 31.6 35.6 39.2 51 62.6 68.2 71.5 75.4 81.4 87.8 94.9 100.8 103.7 109.5 118.5 122.7 128.5 135.8 145.8 152.7 160.3 167 172.8 184.5 187.8 188.8 189.3 192.9 197.9 201.5 206.5 209.8 213.6 217.7 225.6 240.6 258.3 267.8 273.8 278.9 283 289.6 292.8 293.3 288.8 279.5 275.4 277 277.9 276.5 271.9 268.2 263.4 260
-2.2 -2.2 -2.2 -2.2 -2.2 -2.2 -2.2 -2.2 -2.2 -2.2 -2.2 -2.2 -2.2 -2.2 -2.2 -2.2 -2.2 -2.2 -2.2 0.7 14.5 30.6 35.4 37.3 35.9 33.6 31.5 34.2 37.2 50.5 65.5 73.3 77.2 80.5 85 90.7 96.5 102.3 106.7 110.1 118.3 124.4 131 139.4 150.2 160.1 171.4 180.2 185.9 190.5 191.8 193.9 197.3 201.8 206.5 211.3 216 216.8 220.4 230.8 246.9 264.5 269.8 273.1 278.5 279.1 284.9 292.8 296.2 294.2 290.4 283.9 283.4 284.4 282.6 282 277.1 272.2 268.2 265.5
-2.2 -2.2 -2.2 -2.2 -2.2 -2.2 -2.2 -2.2 -2.2 -2.2 -2.2 -2.2 -2.2 -2.2 -2.2 -2.2 -2.2 -2.2 -2.2 1.9 24 33.9 34.3 40.4 38 37 35.8 35.6 39.2 52.3 62.9 74.5 80.8 83.8 88.8 93.7 98.8 104.5 110.6 115.6 120.8 124 129.2 136.6 153.4 167.7 183 192.9 203.1 205.9 204.7 208 211.5 214.1 219.5 222.1 224.5 226.6 235.8 257 266.7 272 276.6 277.5 279.4 282.7 287.7 291.3 294.3 296 291.2 291.9 289.4 289.3 287.3 288.9 282.4 277 272.1 270.6
-2.2 -2.2 -2.2 -2.2 -2.2 -2.2 -2.2 -2.2 -2.2 -2.2 -2.2 -2.2 -2.2 -2.2 -2.2 -2.2 -2.2 -2.2 -2.2 8.3 32.2 33.7 35.7 39.8 42.2 40.9 38 37.6 39.6 54.6 66.5 76.8 83.5 89.2 93.9 98.7 104 109.4 114.5 119.5 122.4 125.9 129.9 135.2 152.4 172 194.2 206.5 216.9 225.9 232.7 241.5 243.5 250.8 247.1 240.5 239 246.8 262.7 267.8 270.7 274.1 275.9 278.8 282.1 285.4 290.6 295.4 296.9 300 300.2 298.6 295.7 293 290.3 290.4 289.8 282.4 275.1 273.8
-2.2 -2.2 -2.2 -2.2 -2.2 -2.2 -2.2 -2.2 -2.2 -2.2 -2.2 -2.2 -2.2 -2.2 -2.2 -2.2 -2.2 -2.2 1.3 19.1 33.5 37 40.1 42.7 41.5 41.3 38.5 38.6 43.1 57.9 70.2 80.6 90.6 95.4 102.1 107.4 111 116.7 118.1 120.8 124.8 129.1 134.4 139.4 150 182.5 206.5 221.7 225.6 232 238.4 246.2 251.1 259.5 268 268.8 271.4 276.2 277.7 276.9 278.2 273.7 275.6 280.5 285.7 294.1 300.7 301.5 301.3 302.5 303.7 304.8 303.5 298.7 295 293.2 292.7 289.3 280.9 280
-2.2 -2.2 -2.2 -2.2 -2.2 -2.2 -2.2 -2.2 -2.2 -2.2 -2.2 -2.2 -2.2 -2.2 -2.2 -2.2 -2.2 -2.2 4.3 24 34.6 38.4 43.6 46 44.7 41.3 39.5 41.1 47.2 59.8 77.4 86.8 93.6 101.2 110.1 116.5 120.8 121.5 122.9 124.2 128.2 134 140 149.8 171.9 196.4 216 226.9 234.2 240.3 247.5 253.1 257.8 263.6 269.3 274 278.9 282.5 285.7 285.1 287.3 289.6 290 291.1 295.8 302.6 305.6 306.3 306.2 305.4 306.5 308.5 311.9 304.9 299.8 297.7 296 294.3 289.1 283.6
-2.2 -2.2 -2.2 -2.2 -2.2 -2.2 -2.2 -2.2 -2.2 -2.2 -2.2 -2.2 -2.2 -2.2 -2.2 -2.2 -2.2 1.3 12.4 29.3 40.3 39.4 48 51.6 47.9 45.2 42.7 44.2 53.5 64.1 81.4 92.7 97.3 103.8 111.7 119.3 122.4 125.6 126.1 128.7 132.8 140.1 148.2 164 188 207.9 222.2 233.4 241.2 248.3 253.6 258 261.9 268.8 270.1 276.4 284 287.8 291 290.8 293.1 299.5 300.2 305.5 312.2 314.3 310.9 310.1 309.4 309.2 309.7 310 309.3 308.6 304.7 302.2 300.5 298.8 293.9 288.9
-2.2 -2.2 -2.2 -2.2 -2.2 -2.2 -2.2 -2.2 -2.2 -2.2 -2.2 -2.2 -2.2 -2.2 -2.2 -2.2 -2.2 3.6 24.5 33.6 40.7 43.4 49.8 49.3 51.7 48 45.4 47.5 57.4 67.5 79 97.9 103.4 107.9 112 118.8 126.8 129.8 130.3 134 140 146.9 155.3 176.8 204.1 218.8 230.9 241.4 245.3 250.9 260.4 259.2 262.9 270.4 274.6 280.7 288.9 292 294.3 295 299.3 302.4 305.1 310.1 317.6 320.9 316.7 313 310 310.7 310 309.8 309 308.9 306.9 305.6 305.7 301.6 296.3 291
-2.2 -2.2 -2.2 -2.2 -2.2 -2.2 -2.2 -2.2 -2.2 -2.2 -2.2 -2.2 -2.2 -2.2 -2.2 -2.2 1.9 15.2 28.4 35.4 40.5 44.9 47.6 50.4 53.2 51.3 48.1 50 61.4 71 80.4 92.7 104.4 112.1 119 125.4 129.9 132.1 136.2 140.4 145.1 154.6 168.2 189.7 214.1 225.9 236.8 245.4 247.9 249.6 257.5 259.2 263.9 269.7 276.3 284.5 292.4 296.4 297.8 297.7 300.9 305.3 308.6 312.5 319.7 319.5 319.5 317.2 315.5 314.8 312.4 312.2 311.8 311.6 311.7 312.7 310.6 304.9 300.2 296
-2.2 -2.2 -2.2 -2.2 -2.2 -2.2 -2.2 -2.2 -2.2 -2.2 -2.2 -2.2 -2.2 -2.2 -2.2 -2.2 7.3 24.4 29.2 34.4 40.2 41.7 43.5 48.8 51.2 53.9 49.2 53.8 65.2 74.3 80.4 88.9 102.6 121.4 125.8 134.6 139.1 141.3 145.5 150.9 149.7 162.7 177.5 203.5 222.3 230.5 237.6 243.4 247 250.6 259 261.1 268.9 270.8 278.4 286 294.6 299 299 299.1 301.7 306.3 309.4 314.3 318.9 318.9 318.9 319.4 320.4 317.9 315.9 315.9 316.8 317.6 320.4 321 317.2 308.8 309.6 304.9
-2.2 -2.2 -2.2 -2.2 -2.2 -2.2 -2.2 -2.2 -2.2 -2.2 -2.2 -2.2 -2.2 -2.2 1.8 5.8 15.8 25.9 29.4 32.3 40.6 40.8 40.2 46.7 49.2 54.4 50.1 55.1 65.7 71.4 77 84.3 99 124.5 132.5 141.4 147.9 151.6 160.2 160.1 162.3 169.8 190.3 214.5 228 235.3 241 244.5 247.5 251.2 257.7 263 271.8 275.3 282.6 288.9 294.5 299.2 300.2 300.5 302.8 306.2 310.5 317.1 318.9 318.9 318.9 320.7 321.1 321.1 319.5 319.6 320 318.9 321 321.8 322.3 314.7 309 310
-2.2 -2.2 -2.2 -2.2 -2.2 -2.2 -2.2 -2.2 -2.2 -2.2 -2.2 -2.2 -2.2 2.1 8.8 11.3 16.7 27.5 30.4 34.3 39.2 39.5 39 45.9 50.8 55.1 54.6 59.9 63.1 69.4 74.5 81.2 93.1 114.9 137.5 149.7 154.2 159.6 164 162.6 166.3 173.8 199.5 218.6 231.7 237.6 241.1 244.5 246.7 251.6 258.7 267 273 278.2 286.4 292.6 296.7 298.8 299.4 299.9 302.7 306 313.1 320.5 319.9 319.6 319.3 321.5 323.2 324.8 321.4 320.7 319.9 320.3 322.7 325.9 326.5 321.7 313.6 312.9
-2.2 -2.2 -2.2 -2.2 -2.2 -2.2 -2.2 -2.2 -2.2 -2.2 -2.2 -2.2 -2.2 4.2 11.1 13.6 20 26.7 35.9 39.3 38.9 40.6 42.3 50.9 51.7 57.9 60.3 59.2 61.6 68.6 78 84.7 93.9 101.6 124.9 142.8 156.3 163.5 167.4 170.6 174 183.1 203.3 219.9 232.1 239.7 240.2 244.1 247.5 253.8 261.1 266.4 272.3 278.8 288.3 292.4 295.2 297.1 297.3 299.5 301.8 306.8 315 320.8 322.5 323.2 323.4 325.7 325 324.6 324.7 324.2 322.5 324.7 327.6 330.4 328.6 325.6 321.2 314.9
-2.2 -2.2 -2.2 -2.2 -2.2 -2.2 -2.2 -2.2 -2.2 -2.2 -2.2 -2.2 -2.2 8.3 12.5 13 19.3 26.9 39.5 41.1 40.4 42.2 45.5 51.7 54.9 60.7 67.1 62.2 59.3 69.3 76.4 90.6 98.5 112.8 122.2 136.3 147.5 159.7 171.1 171 181 194.6 210.3 221.7 232.2 237.8 239 244.1 250.3 258.3 260.9 264.9 270.5 279.5 288 290.5 293.5 294.8 295.9 297.9 302.2 307.9 314.6 319.9 323.9 324.8 324.6 324.8 324.6 324.6 325.2 326.7 327 329.7 331.6 332.9 330.7 329.4 327.7 320.1
-2.2 -2.2 -2.2 -2.2 -2.2 -2.2 -2.2 -2.2 -2.2 -2.2 -2.2 -2.2 -2.2 10.5 12.5 12.7 21 28.6 38.4 42.9 41.9 44.3 47.8 52.3 58.3 66.5 71.4 69.3 59.2 69.1 80.5 95.6 110.3 121.9 137.3 148.4 159 162.8 170 172.4 188.8 201.2 212.3 224.1 230.1 234 240.5 245 250.3 258.7 259.2 265.4 272.4 282.5 287 289.2 291.4 293.4 296.3 298.8 303.1 309.5 316.6 321.6 325.1 325.2 325.3 327.4 326.4 324.6 326.1 328.5 329.3 330.8 335.6 338.5 332.7 331.1 329 325.9
-2.2 -2.2 -2.2 -2.2 -2.2 -2.2 -2.2 -2.2 -2.2 -2.2 -2.2 -2.2 1.9 12.9 12.5 12.5 17.7 24.3 30.6 36 41.1 44.8 49.9 54.7 59.7 70.7 79.7 71.9 66.3 71.8 81.8 98.6 125.3 142.7 153.1 158.4 172.2 179.4 183.9 186.3 185.7 199.7 218.1 224.4 229.7 234.5 240.5 246.4 253.1 260.8 265.4 270.3 275.1 280.5 287 289.8 292.6 294.7 300.5 302.6 308.7 313.9 320.6 322.7 325.3 325.7 326.2 330.1 327.2 326.8 330.5 330.6 329.7 331.1 333 336.5 332.9 332 327.1 325.8
-2.2 -2.2 -2.2 -2.2 -2.2 -2.2 -2.2 -2.2 -2.2 -2.2 -2.2 -2.2 9.9 12.5 12.5 12.5 12.5 19.4 25.1 31.2 38 44.2 52.5 57.7 61.7 66.4 72.2 69 70.8 79.2 83 100.5 134 160 172.5 180.1 188.3 189.6 191.7 195.7 200.8 206 215.3 224 231.4 237.2 240.9 248.6 256.6 262.6 267.3 272.8 278.6 283.8 287.6 291 293.4 296.2 304.7 304.7 310.1 317.2 320.9 324.4 326.5 326.4 328.7 329.9 329.2 329.8 334.5 332.1 330.5 330.1 330.8 332.9 333.2 333.1 328.2 326.4
-2.2 -2.2 -2.2 -2.2 -2.2 -2.2 -2.2 -2.2 -2.2 -2.2 -2.2 -2.2 11.1 12.5 12.5 12.5 12.5 16.1 22.2 28.2 35.1 44.3 53.8 60.5 62.2 67.6 70.9 68.7 72.5 81.9 87.4 108.4 143.7 168.9 182.4 191.7 196.3 203.9 203.7 202.6 206.8 215.6 219.2 226.1 233.2 239.5 245 251.3 256.2 261.4 267.8 275.7 281.8 284.8 288.5 290.6 294.5 298.9 304.2 303.5 310.7 316.2 318.9 321.5 326.3 327.3 329.4 330.2 329.7 329.5 335.8 331.5 331.1 329.2 329.8 331.6 329.9 328.7 326.4 328.6
-2.2 -2.2 -2.2 -2.2 -2.2 -2.2 -2.2 -2.2 -2.2 -2.2 -2.2 1.4 13.6 12.5 12.5 12.5 12.5 16.6 21.7 28.1 35.9 44.7 53.4 59.3 61.1 66.5 70.1 69.7 71.8 82.9 95.2 124.4 151.9 175.1 189.7 196.3 202.2 209.5 211 209.7 212.9 222.9 225.7 231.6 237.7 241.9 248.4 252.1 256 261 269.2 276.9 283.8 284.8 285.9 290.8 295.8 301.3 304.1 304.8 310.6 313.4 318.1 321.1 322.3 322.7 330.3 329.8 329.9 332 334.2 330.6 329.9 328.5 327.5 330 329.5 325.8 325.8 329.2
-2.2 -2.2 -2.2 -2.2 -2.2 -2.2 -2.2 -2.2 -2.2 -2.2 -2.2 4.7 14.7 12.5 12.5 12.5 13.7 18.1 22.5 28.5 37.2 44.1 56.6 59.9 62 67.3 69.6 69.2 75.9 89.9 108.6 134.5 163.6 182.2 194.4 200.6 207.4 211.1 211.2 216 222.4 228 230.9 239.5 244.4 248.8 250.9 252.9 258 262.9 272 279.9 283.3 283 285.4 291.8 296.8 301.9 304.1 304.9 308.3 312 317.2 320 320.3 321 326.7 328.5 329.2 329.6 329.8 329.5 330.3 331.1 327.1 329.2 330.6 325.8 330.7 329.9
-2.2 -2.2 -2.2 -2.2 -2.2 -2.2 -2.2 -2.2 -2.2 -2.2 -2.2 12.2 17 12.5 12.5 12.5 14.3 20 25.3 31.6 40.1 48.5 58.8 63.8 67 70.7 71.2 71 75.8 92.4 118 142.9 169.2 186 199.8 205 210.8 209.9 213 221.6 230.1 234.5 238.2 242.4 247.7 250.8 255.5 258.2 259.7 266.2 275.7 281.5 285.9 283 288.5 293 297.9 302.7 303.2 304.2 307.7 311.2 314.2 317.1 319 323.7 326 327 328 326.8 328.9 329 329.9 328.5 327.5 329.2 325.8 325.8 332.5 336.6
-2.2 -2.2 -2.2 -2.2 -2.2 -2.2 -2.2 -2.2 -2.2 -2.2 1.1 16.3 18.7 12.7 12.5 13.7 18.2 25 30.4 37.5 45.4 55.6 65.8 73.4 77.7 76.4 75.2 73.3 78.3 87.5 115.2 148.3 165.7 181.1 200 208 209.6 211.2 217.3 227.3 237.2 241.5 244.7 247.7 249.9 255.2 260.5 259.5 261.2 266.3 274.5 281 283.9 283 289.4 294.1 300.2 302.7 303.5 304.9 308.6 311.6 314.6 317.1 319.5 324.2 327.3 327.3 327.5 325.8 328.6 326.6 326.6 327.8 328.1 329.4 325.8 327.5 333.8 338.2
-2.2 -2.2 -2.2 -2.2 -2.2 -2.2 -2.2 -2.2 -2.2 -2.2 1.2 20.6 21.7 20.4 16.4 16.9 22.7 30 38 44.5 52.8 63.8 76 86.9 93.2 89.9 79.2 77.8 78.4 85.2 113.3 150.8 170.9 185.7 193.4 202 210.5 215.5 222.7 235.7 240.7 244.6 248.2 251.2 255.1 260.9 259.1 259.4 262.7 267.7 273.6 284.3 283 283.5 288.3 293.6 300.9 304.2 305.9 305.8 309.1 312.1 314.4 316.4 319.5 324.4 328.5 327.2 327.2 325.8 326.6 326.8 326.8 330.9 330 330 329.4 330 335 338.4
-2.2 -2.2 -2.2 -2.2 -2.2 -2.2 -2.2 -2.2 -2.2 -2.2 1.3 20.5 26.9 27.4 20.8 20 26 35.8 45.4 51.4 59.1 70.6 81.7 93.1 101.9 100.9 85.3 78.2 78.9 84.3 115 152 177.5 193.2 200.4 205.6 210.2 216 226 239.8 244.9 248.5 250.8 254.6 259.7 259.1 259.1 261.5 266.2 271.8 280.4 283 283 284.7 287.7 291.8 300.3 305 307 305.3 307.1 310.9 313.1 315.8 319.8 323.8 326 326.5 325.8 327.3 326.6 331.5 331 331.9 332.5 332.9 331.9 333.4 337.8 339.5
-2.2 -2.2 -2.2 -2.2 -2.2 -2.2 -2.2 -2.2 -2.2 -2.2 8.1 24 31.4 29 24.3 22.9 30.9 40.4 50.3 56 64.7 74.5 86.2 97.5 108 110.1 91.3 80.2 81.9 91.3 115.6 146.2 180.1 189.8 199.6 211.2 212.5 220.7 230.7 242.3 250.4 253.8 255.8 258.2 260.8 261 261.9 264.7 268.6 276.3 281.3 283.1 283 285.9 288.9 292.9 298.1 303.4 305 302.3 302.3 308.1 313 316.4 319.4 320.6 323.9 326.2 325.8 329.3 328.7 331.2 333.2 334.1 336 339.1 339.2 338.1 342.6 343
-2.2 -2.2 -2.2 -2.2 -2.2 -2.2 -2.2 -2.2 -2.2 2 27.2 29.9 38.3 32.5 27.2 26.7 34 42.3 51.5 58 68.2 78.7 89.4 100.8 109.9 109.5 87.2 79.2 82.4 91.4 118.6 152.3 180.1 188.1 201.3 210 216.3 225.1 236.1 247.2 256.2 260.1 259.1 259.1 262.7 264 265.1 266.6 270.2 277.8 280.7 283.6 286.2 288.8 290.8 295.6 300.1 302.5 303.2 302.3 303.1 309 318.1 316.9 319 321.5 325.8 327.1 326.8 331.1 329.9 337 336 337 339.3 343.6 344.3 344.4 346.4 347.1
-2.2 -2.2 -2.2 -2.2 -2.2 -2.2 -2.2 -2.2 -2.2 22.5 33.6 38.1 42.1 31.9 28 31.4 36.8 44 52.3 59.3 68.8 79 89.8 100.6 106.8 96.9 79.6 79.4 85.6 97 124 157.7 192.1 199.9 206.6 213.3 218.6 229.1 240.8 251.3 258.9 263.8 260.6 260 264 266.7 268.3 269.3 274.9 280.2 282.8 286.6 289.8 289.4 291.2 296.8 301.6 303.8 302.3 302.3 304.3 311 318.1 315.5 317.8 321.7 325.6 326.6 329.3 335.2 334.2 339.6 338.8 340.2 342.6 346.8 346.4 346 347.4 349.7
-2.2 -2.2 -2.2 -2.2 -2.2 -2.2 -2.2 -2.2 5.2 30.3 37.7 39.8 43.4 29 28.2 31.8 40.7 46.3 53.5 59.6 67.5 76.6 86 95.3 99.6 87.7 78.5 80 85.6 103.2 132.5 164.6 195 210.1 215.5 218.4 225.1 232.5 243.9 257.4 261.9 261.8 259.2 262.6 266.7 269.2 270.5 272.2 276.8 279.9 284.9 290 290.8 290.8 293.1 297.2 302.1 304.7 302.3 302.3 303.5 312.3 312.1 313.1 316.7 322.9 324.2 324.2 329.4 335.3 334.2 338.7 339.5 346.3 345.1 348.7 346.7 347.1 348.2 350.5
-2.2 -2.2 -2.2 -2.2 -2.2 -2.2 -2.2 -2.2 8.1 31.1 37.3 40.8 37.7 28.8 28.3 31.1 41.1 46.2 52.5 61.8 70.2 80.7 87.1 90.6 98.6 85.1 76.9 81.2 89.6 108.8 141.9 172.7 198.4 211.2 223.8 227.8 231.5 236.2 245.6 259.9 261.8 259.3 261.8 266.4 269.2 270.9 273.1 276 279.5 282.4 286.5 290.7 292.9 295.1 298.5 298.8 303.2 303.8 302.3 302.3 303.9 306.6 309.6 313.9 318.3 324 322.9 322.9 326.2 329.4 332.5 335.6 338.9 343.3 349.9 349.2 349.4 348.9 349.9 350.5
