webserver/python/data/NG85.asc
ncols 200
nrows 200
xllcorner 180000
yllcorner 850000
cellsize 50
[rows 0 to 37 of 200, columns 87 to 173 of 200]
408.1 425 439.6 449 460.2 471.3 477.4 480.7 486.5 495.2 505.2 514.7 529 547.1 565.3 582.6 600.2 630.1 665.2 696.4 723.3 751.8 781.7 811.3 841.2 870.8 889.9 887.4 873 860.1 870.5 879.9 885.1 888.9 885.9 840.7 799 752 687.5 635 578.9 515.3 458.7 415.8 386.9 366.7 357.2 344.4 331.5 319.6 317.9 312.7 309 300.7 294.8 293.5 290 289.6 290.2 287.2 290.5 294.6 296.6 300.6 303 303.5 303.8 307.9 312.8 317.7 323.5 328.5 331.7 333.3 329.4 320.5 315.9 312.5 307.8 301.2 302.2 310 319.3 327 333.1 337.5 341.8
412 429.6 440.1 449.2 459.1 468.2 474.7 478.5 485.1 494 503.3 515.1 529 548.3 568.5 583.1 597.1 628.1 663.6 697.1 722.8 751.7 781.2 811.5 841.5 870.2 889.1 886.2 862.2 841 845.4 862.9 873.1 877.9 867.6 828.5 777.2 724.7 670.3 626.3 570.9 516.2 467.3 423.3 391.3 368.5 357.6 345 331.2 316.1 308.9 307.1 299.9 292.7 292.3 291.1 287.4 283.9 285.3 281.6 285.9 290.6 294.5 296.6 294.9 294.2 295.4 298.7 305.1 312.5 319.3 322.2 326 326 319.6 310.4 307.8 302.2 299.4 288.3 298.8 309.9 316.9 323.4 326.9 329.7 330.8
410.9 430.1 437.6 445.8 455.2 463.8 470.5 474.5 481.2 492.6 501.7 512.7 526.3 544 567.1 582 596.1 625.4 664.1 695.2 727.6 755.5 784.4 815.1 843.1 865.8 889.3 883.3 846.2 824.8 815.7 836.1 849.3 858.6 846.6 804.6 757.5 707 652.9 613.6 560.1 511.2 466.1 424.4 392.5 367.9 355.4 344.1 329.9 316.4 306 303.2 297.6 292.2 291 289.9 286.3 282.9 280.8 279.2 282.4 286.8 290 290.2 289.9 288.8 288.8 292.2 298.4 305.7 314.6 318.5 320.8 318.4 309.1 302.6 298.7 292.6 287.2 277.3 294.2 306.2 312.2 316.6 317.3 315.9 312.8
408.6 428.2 435.5 441.9 450.8 459.2 465.6 470.8 476 488.4 500.1 511.1 521.4 538.6 565 579.6 594.1 624 663.2 699.4 732.9 759.9 790.9 820.4 847.7 870.4 889.8 878.5 828.4 805.4 787.8 805.2 826.4 837.5 823.2 782.2 737.6 692 641.6 597.1 547.9 504.7 462.6 424.8 393.6 369.8 352.3 342.4 328.6 316.3 305.2 299.6 296 291.6 290.5 287.9 284.7 281.9 277.7 277.6 280 283.1 285.1 284.5 284.9 282.1 282.4 287.1 291.7 300.5 309.1 314.1 316.2 312.3 299.9 294.6 289.1 283 276.7 276.2 289.1 302.7 306.2 307.1 307.7 300.2 291.8
406.1 425.6 434.8 438 446.6 455.2 461.5 465.7 470 482.1 495.7 507.2 515 534 561.8 576.2 592.8 623.9 667.2 707 739 766.5 797.1 827.7 854.5 878.6 889.3 865.9 818.2 787.7 766.1 771.2 792.5 821.8 801.7 762.8 723.7 678.2 631.4 581.2 535.8 498.6 458.3 424.3 394.8 368.3 346 337.3 326.3 314.5 304.1 296 292.3 290.7 288.9 285.9 283.3 280.8 276.7 276.1 277.9 280.7 280.8 279.4 278.9 275.5 276.3 281.9 286 295.8 304.2 309.7 311.3 305.2 291 284 278.4 273.3 265.5 278.4 289.4 295.1 292.8 293.9 294.1 284.4 274
397.2 423.4 433.8 436.8 442.9 449.1 455.8 461 464.3 471.9 487.8 503.6 512.2 529.7 558.2 573.8 593.5 629.2 672.4 711.4 745 776.4 804.6 835.5 863.9 881.8 887.5 848.2 803.4 759.8 749.8 745.3 763.9 790.2 786.6 752.3 709.3 670 620.8 565.8 526 488.3 448.7 414.7 387.6 361.2 340.1 330.1 323.4 310.7 301.4 294.2 290 288.7 287.9 285.2 282.9 280.5 277.7 276 276.5 280.9 281.2 276.8 271.6 268.8 272.5 278.3 285.6 294.4 300.6 303.4 303.5 296.3 282 274.9 270.6 264.8 262.5 275.8 281.1 283 283 278.3 275.7 266 256.3
389.1 411.5 429 436.5 440.4 442.9 448.2 454.8 460 466.1 478.3 495.1 509.3 524.2 549.8 570 594.7 633.1 674.5 714.1 747.5 779.7 810.2 844.1 866.7 878.5 876.5 830 778.8 736.9 719.4 719.3 739.4 756.5 763.4 735.6 693 660 605.4 553.9 513.8 476.5 436.9 407.3 380.8 358.8 335.3 324.9 318.2 310.9 299.1 292.3 290.4 289.4 288.3 284.9 282.4 279.2 277.2 274.6 274.9 278.7 275.1 270.4 269.1 268.2 270 276 284.5 291.2 296 295.9 295.2 287.6 273.3 267.1 262.1 254.2 260.2 268.9 272.4 273.3 272.7 267.1 259.9 250.6 243.4
380.4 396.9 416.9 430.1 435.8 440.1 445.1 450.6 454.7 459.9 471.3 486.7 501.9 519.3 537.7 563.8 594 632.4 673.1 715 751 783 816.1 845.6 865.2 872.9 870.5 822.4 749.5 714.6 699.2 695.8 707.1 720.7 731.1 714.3 679.2 645.5 586.6 539.1 496.3 461.9 424.4 398.8 374.8 349.7 336.7 323.1 314.5 307.6 299.1 294.6 291.9 291.2 288.8 285.1 281.4 277.9 274.3 270.4 271.8 271.2 267 262.6 260.4 265.5 269.4 275 284.2 291.4 288.4 286.2 284.2 275.1 266.8 261.1 254.8 251.1 257.5 263.7 263.5 262.6 258.1 251.2 242.9 233.1 231.1
376.3 390.2 403.5 422.7 432.4 437.8 442.6 444.8 448.9 454.1 463 478.6 494.5 510.4 530 551.9 587.1 630.6 665.7 714 749.1 782.2 817.2 842.3 858.5 865 860.2 803 732.8 688.7 675.2 666.1 677.7 679.8 683 683 661.9 623.1 570.6 520.8 484.4 445.8 412.4 389.1 368.2 347.3 333.9 321.9 311.8 305 298.3 294.1 291.5 291.3 289.8 285.5 281 277 272.7 266 264.5 261.9 258.7 257.1 256.8 258.9 266.6 273.9 280 281.6 277.8 278.1 271.7 269 261.9 253.5 242.3 250.8 252.7 255.7 253.6 249 242.2 234.5 224.7 220 217.7
372.3 387 399.2 413.8 424.5 433.9 438.7 437.8 442.4 447.3 455.5 468.5 484.1 503.5 526.2 546.1 579.9 618 659 706.2 742.7 776.6 812 832.8 849.8 855.6 852.5 805.3 719.6 669.7 651 638.2 643.2 642.4 643.1 647.6 639.1 605.5 553.1 501.7 466.7 430.6 402.9 383.1 366 346.8 334.8 321.4 310.9 304.4 296.9 294.1 291.5 291.4 290 284.4 279.9 276 270.2 263.8 260 257.8 255.7 254.5 254 255.1 263.4 270 274.3 273.1 270 265.7 263.4 262 254.2 240.6 237.6 242.7 243 241.4 241.9 234.9 226.3 218.3 212.9 209.1 212.7
374.3 385.9 396.7 407.5 423.8 433.4 431.2 431.5 434.9 440.2 446.8 458.8 474.7 493.3 514 540.9 573.4 609 645.4 690.4 733.1 764.7 797.4 818.8 835.2 841.5 841.3 799 719.9 655.7 625.1 613.6 609 606.6 606.5 610.5 613.2 584 535.8 482.6 447.3 417.4 394.4 377 363 347.7 332.6 324 312.9 305.6 298.7 295.1 291.7 289 285.8 281.7 277.6 272.3 267.2 263.3 259.2 255.9 254.4 252.9 253.4 254.8 261 269.2 271.6 266.2 262 259.1 254.8 251.9 243 233.4 230.9 236.7 230.2 230.6 231.9 222.2 213.5 209 199 198.7 205.1
374.7 385.3 396.1 409.1 425.9 439 429.5 424.9 427.1 432.9 440 449 464.1 483.3 504.2 534.5 566.2 602 637.4 674.9 715.1 748.8 774.3 793.8 806.4 821.4 825.4 793.5 729.3 656 615.6 588.2 574.1 569.3 568.6 573.4 575.1 556.3 508 465.2 431.3 406 386.4 373.5 358.1 348.9 334.9 326.4 316.1 309.1 301.9 297.5 293.2 289.1 284.1 278.9 275 270.3 265.6 261 256.2 252.9 251.9 251.6 253.1 256.1 259.2 263.5 266.2 259.2 254.2 252.5 248.5 239 237.4 224.4 216.3 224.9 220 221.3 215.7 207.7 198 192.9 187.5 190 193.2
371.5 380 400.1 412.5 421 430.2 422.1 418.3 421 426.1 433.8 441.3 453.5 469 491.9 525.5 552 588.6 635.2 662.7 693.6 725.1 751.8 764.9 779.3 790.2 797.8 783.1 742.3 688.6 630.4 589.1 570 555.7 543.1 535.4 540.4 525.2 487.3 450.2 414.8 396.1 383 368.9 357.1 350.2 337.5 330 320.4 312.8 305.5 298.1 294.6 289.6 283.6 278.3 273.6 268.6 262.9 255.8 252.1 250 249 249.4 251.4 252 250.1 256.2 254.6 249.6 245.3 241 237.4 230.1 226.5 221.9 202.7 210.5 209.1 212 206 198 188.1 178.3 177.8 181.4 182.9
370.2 378.2 394.2 408 419.9 425.9 422.1 410.6 415.3 422.2 430.5 433.9 441.1 453.3 475.2 503 531.3 570.1 612 651.6 672.6 700 723.7 739.4 751.5 761.9 768.8 774.8 745.2 698.8 658.1 616.1 586.4 556.3 531 517.3 511.7 493.4 470 440.3 409 394.6 377.1 366.8 357.4 348.9 342 331.9 323.3 316.5 308.4 301.7 295.2 288.2 282.2 277 272.5 265.5 258.3 250.8 248.3 247.7 247.2 247.4 251.1 248.9 245.1 247.1 246.3 241 235.4 229.8 225.7 220.7 219.5 216.1 197.5 194.1 199.3 199.2 191.1 184.4 175.8 170.6 169.9 172.4 174.2
364.5 373.7 387.3 400.1 413.1 421.8 412 405.4 409.8 417.7 426.8 426.2 430.7 442.9 460.3 482.9 505 539.2 590.6 624.6 655.5 669.1 695.7 708.9 719.6 729.7 734.6 745.4 754.3 730.3 718.8 701.9 662.3 581 530.9 509.3 491.9 473.2 455.9 431.4 406.8 385.5 376.1 368.1 358.3 353.3 345.8 336.4 326.8 318.3 310.3 302.6 295.2 287.2 279.8 274.6 269.9 261.4 253.4 247.8 245.7 244 243.6 244.5 245.4 243 239.7 241.1 237.8 232.5 226.7 220.1 217.1 211.4 211.5 204.2 192.3 183.7 189.4 185 175.9 169.8 167.2 164.3 164.6 166.8 167.4
367 373.1 378.2 389.3 403.5 409 402.2 399.9 404 410.1 414.5 417.9 422.9 434.3 446.3 465.3 484.2 512.7 562.4 591.1 615 621.2 642 666.5 677.7 689.8 690.9 708.6 721 691.4 683.8 680.9 659.7 626.8 562.6 519.4 490.3 467.7 444.5 425.2 401.2 387.6 377.7 370.6 365 358.7 349.6 339.6 331.6 322.2 311.7 302.6 294.5 288.1 280.6 272.9 265.8 257.3 249 245.4 243.2 241.3 240.2 241.3 241.3 239.8 237.5 233.3 228.1 223.2 216.9 212.4 207 199.3 199 192 183.7 172 179.3 173.3 169.2 163.9 161.6 161.8 161.5 162 164
365.7 373 374.5 379.1 391.3 397.3 393.4 393.2 396 399.9 402.9 407.4 415 422.6 434.9 453.8 468.9 490.1 528.8 551.6 572.8 585.8 599.1 633.3 642.8 643.1 646.8 651.8 669.7 661 646.3 644.3 619.5 597.4 571.6 537.2 498.8 474.5 453.6 436.6 409.6 391.7 380.8 376 370.2 361.4 348.8 342.4 332.6 326.3 315.3 304.6 295 288.8 281 273 262.1 253.5 247.2 243.9 240.9 239.3 235.7 236.2 240.1 236 233.6 223.9 217.9 213.1 207 203 197.7 191.1 186.9 180.2 169.1 164 168.3 166.1 163.1 161.6 159.2 159.5 161.6 164.7 166.6
355.8 365.5 372.4 372.7 379.6 385.3 384.7 385 387.7 389.1 390 393 402.5 413.9 425.3 442 454.8 467.3 485 507.1 531.5 548.3 565.8 580.2 592.2 596.1 610.6 611.5 608 618.3 588.6 578 558.8 541.5 527.2 504.8 486.1 472.3 455.6 441.7 421.2 401.9 386.2 380.6 372.8 361.9 352.1 342.5 331.7 325.1 317.8 304.3 293.3 288.1 279.8 270.9 261.3 251.7 245.1 243.4 240.2 235.8 231.2 230.6 231.6 227.5 225.5 214.6 208.3 202.1 196.7 192.6 187.5 182.7 174.7 166.5 157 158.1 161.3 159.5 159.7 157.6 155.8 159.1 164.7 168.5 176.7
343.2 356.2 363.4 366.1 373.4 379.5 372.7 378 383.6 378.6 377.2 376.1 392 410.1 422.6 432.7 439.9 448.6 457.9 477.7 497.2 518 528.6 539.1 545.1 556.1 560.5 563.6 560.9 553.6 540.5 534.3 524.4 510.5 490.9 481.5 466.5 458.8 452.7 436.6 425.6 407.9 392.7 377.9 370.6 358.8 352.4 344.4 336 326.7 314.4 300.5 292.2 284.6 278.6 270 260.4 252.2 245.7 241.5 237.8 232.4 227.2 223 220.3 216.1 211.7 205.4 198.3 192.5 188.1 183.3 177.2 172.5 164.4 156.7 152.6 154.4 155 153.6 153.1 153.4 157.2 163.4 169 177.9 188
326 340.7 353.4 360.9 362.8 360.9 367.9 378.3 381.6 373.2 370.3 372.7 392.6 408.3 420 422.6 425.4 430.8 446.1 459.5 470.7 482.9 492.9 503.2 515.8 520.9 524.2 528.5 526.1 515 507.9 502.6 496.6 477.4 464.4 458.7 452.4 441.4 435.8 426.9 419.1 412.1 398.1 379.6 370.1 357.1 351.4 345.3 336 324.2 312.2 302.5 291.9 281.2 278.3 267.9 258.8 250.3 243.7 238.5 235.5 230.6 220.9 213 215.9 211.1 202.4 194 189.2 184.2 179.6 173.4 166.2 162.2 156.5 149.9 148.5 151.1 149.5 149.4 151.2 157.3 164.2 171.3 181.4 190.8 201.5
312.4 321.4 337.5 347.9 346.8 348.6 361.5 373.7 373.6 365.7 362.4 367.1 382.9 404.1 412.1 413.6 413.7 420.7 430.9 442.4 452.1 459.3 466.3 477.5 488.1 489.1 495.4 497.3 498.6 489.1 477.7 472.2 463.2 453.6 447 444.9 437.7 433.1 428 422.1 417.1 412.5 401.7 383 371.7 358.1 348.5 343.1 332.9 322.4 312.9 302.9 294.1 281.5 274.9 265.7 256.8 249.1 242.6 236.2 231 223.9 216.6 205.2 210.1 201.7 189.2 181.9 178.7 173.6 168.3 163.3 155.9 152.5 148.1 146.6 146.3 145.3 148.1 152.1 157.2 164.8 173.1 184.4 194.6 205.3 215.9
302.6 308.1 316.1 326.8 322.8 339 348.4 352.6 355.3 354.3 353.2 362 372 381.7 391.8 396.4 397.9 405.1 413.8 422.4 433.4 440.2 443.5 446.4 454.5 465.1 477.4 483.7 477.8 468.9 453.6 451.4 447.7 441.9 439.6 437.3 432.3 427.8 424.4 420.1 415.6 407.3 401.5 385 372.6 361.8 349.6 342.3 332 322.4 312.9 302.6 293.5 281.5 272.6 263.2 253.9 246.1 239.4 231.9 226.8 216.8 208.8 195.5 192 188 176.5 168.8 163.9 160 153.8 150 144.8 146.1 143 143 144 146.8 151 154.9 164.3 172.4 184.1 195.9 207.9 217.2 228.1
299.4 308.2 310.2 309.4 311.6 325.3 337.3 340.4 339.7 338.6 338.1 353.3 364.1 372.2 376.5 381.1 382.7 394.5 407.3 415.6 422.3 429 433 434.3 439.2 445.8 451.8 454.1 452.2 448.4 440 433.1 430.5 433.5 433.4 429.9 425.6 420.8 422.6 420.7 411.3 399.6 395.4 384.4 374.1 366.5 351 334.4 327.5 320.4 310.2 296.6 289.1 278.9 268.9 259.3 250.5 241.9 233.1 224.2 218.1 210.1 199.2 187.8 178.7 171.9 165.1 156.9 151.9 148.2 142.5 141.6 140.6 140.9 139.1 140.2 144.1 150 157.6 162.8 172.6 183.8 195.2 206.7 218.3 229.4 243.1
298.5 300 298.5 301 301.1 310 323 331.4 328.6 324.6 325.7 335.7 349.3 356.3 363.6 369.4 371.5 388 405.3 409.2 413.2 420.5 425.5 423.5 421.3 428.2 428.1 431 437.5 436.1 430.1 422.2 422.4 424.8 422.7 410.4 413.4 417.9 420 422.2 407.1 391.6 388 380.1 370.6 371.6 353.7 337 324.8 314.1 303.4 292.7 286.5 275.7 262.2 252.9 244 234 223.1 216.4 210.5 200.3 189.6 179.2 171.3 159.4 153.1 144.9 141.5 137.7 133.4 136.9 136 136 139.9 143.1 147.4 157.4 166.1 175.1 184 193.7 205.3 218.6 232.8 248.1 262.2
293.6 294.1 295 295.8 295.7 299.7 306.7 315.2 321.1 317.2 312.2 316.7 331.3 342.6 350.5 357.8 359.6 368.5 377.3 388.4 397 395.1 400.3 399.7 401.5 409.8 418.3 424.9 427.6 411.9 405.2 409.4 414.5 412.4 404.5 395.8 403.5 408.6 410.9 411 398.3 382.4 375.6 368.4 370 367.7 347.4 326.8 320.8 309.4 296.2 286.5 280.7 269.9 252.4 244.8 238 227.6 214.2 207.8 200.9 190.3 177.5 173.8 161.8 145.2 139.5 135 132.6 127.3 127.2 131 136.1 138.1 143.5 147.9 155 166.8 178.8 187.4 196 206.5 219.5 233.6 248.5 262.1 273.8
300 298.4 299.1 295 293.8 303.2 311.4 316.5 319 320.6 308.2 307.8 327.3 340 345.7 349.8 347.5 353 358 363.3 373.6 377.9 381 383.8 387.3 388.9 399.4 398.2 404.6 386.8 388 397.3 403.7 396.3 389.3 388.6 393.1 392.8 392.7 385.8 375.9 369.8 364.2 363.6 364.3 354 331.9 317.8 308.8 299.7 288.1 278.2 273.2 262.7 247.5 237.2 229.7 217.9 206.6 197.7 189.1 177.4 169.2 161.8 146.8 136.9 133.3 131.6 125.7 126.6 131.9 136 141.5 143.7 148.1 157.2 167.7 177.8 188.5 198.1 207.9 218.5 231.8 247.4 262.1 276 290.6
303.2 304.6 298.6 292.3 291.4 303 313.7 315.6 317.1 317.4 307.3 308.5 322.4 333.6 338.9 341.1 335.9 341.5 344.6 347.4 351.4 357.6 364.5 374.4 381.3 382.1 381.7 375 371.2 372 375.2 383.3 390.7 390.2 385.1 383.9 384.3 384.7 380.5 377.2 371.3 368.3 361.1 354.6 347.7 339.7 325.1 309.9 299.5 291 281.3 272.4 265.7 256.4 241.2 226.8 217.4 206.4 196.4 186.1 176.5 164.7 159.6 148.6 136.5 130.3 127.4 124.4 119.9 130.6 135.1 139.8 143.4 148.3 155 166.6 176.6 185.8 196.5 207.7 218.6 232.6 247.8 262.9 275.2 291.7 314
299.5 300 295.5 287.9 286.5 297.3 304.6 307.2 312.2 315.6 304.2 300 308.7 323.7 326.5 318.1 317.8 318.3 328.7 329 326 334.2 346.6 358.4 362.1 363.9 363.3 358.1 356.3 356.2 362.1 370.5 385.6 380.7 378.7 381.4 376.7 368.5 360.3 366.1 370.4 371.4 362 347.4 341.2 330.7 317.3 303.2 293.2 283 275.5 267.4 259.2 249.9 238.1 216.6 203.5 193.5 184 175 164 155.9 147.6 135.4 127.2 124.1 123.5 117.4 124.8 133.8 138.7 143.2 147.3 154 163.5 173.8 183.9 192.3 200.7 214.4 230.2 246.7 263.6 278.4 293.8 315.7 331.1
289.2 289.1 291 281 282.1 291.8 296.7 298.2 304.3 307.3 301.2 289.8 289.8 295.2 296.5 297.9 302.9 310.1 318.4 316.6 313.4 318.7 329.3 340.5 346.3 348.7 347.7 343.8 341 338.2 348.2 357.7 373.9 373.2 372.6 373.1 367.2 355.7 358.2 362 367.7 368.1 361.8 345 334.7 323.2 308.3 296.9 287.9 277.8 269.5 260.3 250.8 241.5 220.3 201.7 192.1 181.2 170.7 161.8 152.7 143.5 133.7 123.2 119.2 116.3 114.3 120 130.4 136.4 142.1 145.9 153.2 161.2 170.5 180.6 190.6 200.1 213.4 230.1 242.3 259.8 281.4 303 320 332.6 359.6
284.1 286.2 285.7 275.3 276.2 283 289.7 289.2 294.2 299.1 295.9 284.3 277.1 283.3 284.6 289.7 297.1 296.3 294.6 300 303.7 303.5 308.3 317.8 318.3 325.9 322.6 316.1 315.2 321.4 334.4 344.9 355.3 362.1 365.8 358.1 353.5 341.5 347.2 357.5 361 357.5 351.8 334.8 325.3 307.7 296.9 290 280.3 271.5 265.7 251.2 239.1 223.2 202.2 186.5 178.3 169.2 159.3 148.4 138.5 130.3 120.4 115.3 110.8 107.6 113.8 125.2 134 139.4 144.5 151.4 160.1 168.3 176 186 198.1 210.2 224.6 241.4 257.6 278.3 301.3 328 353.1 364.4 384
278.8 282.2 283.1 269.9 268.1 274 280.2 282.9 288 290.9 291 276.3 267.9 274.2 277.9 283.6 283.7 281.2 285.5 294 294.5 288.6 289 292.2 292.9 297.6 295.2 289 297.8 313.6 327.9 341.4 349.1 354.1 354.1 346.2 338.5 327.3 332.2 344.4 352 348.3 326.8 316.6 311.5 295.3 286.9 277.7 270.8 265.5 255.6 237.4 218.3 201.2 186.5 174.7 167.4 158.5 149.2 136.8 127.5 120 112.1 108.6 104 111.8 119.6 131 137.5 142.9 148.7 155.7 163.2 172.1 183.1 195.1 207.3 220.1 236.6 258.4 279.6 301.3 323.1 348.7 374.5 398 411.6
275.3 280.8 275.3 262.5 257.5 262.1 269.2 273.3 274.6 278 279.5 269.4 258.2 265 270.3 274.5 270.7 266.9 272.2 278.5 281.8 273.1 277.7 276.6 271.1 267.2 268 275.9 288.7 306 319.2 329.2 336.7 340.6 336.6 335 310.3 308.7 314.5 315.5 316.4 312.3 304.3 296.7 288.6 280.2 276.4 266.3 261.1 253.9 235.6 215.7 198.6 182.6 170.8 162.5 154.8 145.9 137 125.5 116.4 110.1 105.2 101.4 108 116 125.9 134.8 139.3 146.3 152.6 160.1 167.3 178.6 190.3 203.7 216 231.1 255.1 279.6 296 316 347.8 377.5 400.8 420.7 446.7
257.3 260.7 264.2 258.5 249.6 257.5 262.4 266.7 264.7 268.9 263.9 258.4 247.7 256.7 261 260.4 257.7 255.3 254.1 260 260.9 257.4 260.8 256.3 249.9 249.2 256.1 263.9 274 298.8 309.1 315.9 312.7 317.3 312.6 303.3 284.5 285.4 288.5 290.7 293.3 293.3 287.3 279.4 268.8 271.9 264 248.5 240.7 233.2 213.3 196.9 179.7 168.1 157.6 150.3 139.6 133.5 124.9 114.2 105.7 102.5 100.3 105.4 112.9 120.3 130.4 138.4 143.8 150.5 155.5 163.7 174.2 185.7 197.7 211.8 229 252.5 271.4 292.9 310.1 334.6 370.6 399.2 429.9 455.6 468.8
244.7 249.4 252.9 253.4 237.9 250.6 250.9 254 250.4 245.9 240 237.1 234.8 240.6 243.8 245.5 244.7 244.5 239.3 241 243.4 238.2 240.4 238.4 237.3 243 247.6 247.2 257.1 279.5 284.7 280.2 275.1 276.6 274.2 266.5 256.2 252.5 258.2 267.6 263.4 263.1 259.8 254.9 251.6 249.7 235.1 229.7 213.5 199.2 187.8 178.9 166.2 154 143.8 136.4 127.5 119.7 112.3 104.8 99.3 98.3 96.4 110.1 117.5 125.7 135.2 141.8 148.7 155.6 161.4 170.2 180.3 191.9 206 222.6 243.7 267.2 288.8 313.7 333.2 360.4 392.9 431.4 453.5 471.4 490.1
234.8 237.3 243.4 246.5 232.1 228.8 233.5 233.7 232.7 230.2 229.7 227.8 223.2 231 234.3 233.7 235.5 231.9 226.5 225.5 226.5 223.5 228.4 229.3 223.5 226.4 224.2 230.3 242.7 255.2 263.8 257.7 251.3 245.2 242.2 235 228.6 227 229.2 229.2 229.6 228.7 231 227.7 216.8 208.6 202.8 189.9 183.5 176.3 167.8 158.5 148.6 136.6 128.8 122.7 115.9 108.2 101.5 97 94.7 91.6 102.3 113.9 121.8 130.2 139 146.6 153.9 160.9 167.8 177 187 199.6 214.9 237.8 261 281.6 305.9 329.1 358.2 379.8 417.5 452.9 473.1 487.7 503.2
215.8 219.8 226.7 232.6 221.5 210.9 217.8 217.5 220.4 220.6 219.8 216.7 210.5 219.8 220.9 227.1 220.5 211.9 210 208.9 209.1 212.6 216.5 211.9 203.8 203.9 206.1 210.9 217.7 226.5 230.7 228.1 220.5 215.3 210.5 203.6 200.5 197.4 196.9 198.2 198.9 198.9 195.3 193.6 185.8 177.3 169.1 168.1 167.8 156.9 146.1 140.3 128.4 121.2 114.6 110.2 104.4 96.4 95.2 87.5 91.8 100.5 111.4 119.6 127 135.2 143.8 151.5 158.7 166.2 174.3 183.3 194.5 208.8 229.1 254.6 277.1 293.8 319.3 344.3 378.5 405.2 446.6 465.5 487.4 505.5 516.6
199 201.7 206.3 209.6 196.6 191.1 201.3 206.3 211.4 209.7 205.9 199.7 199.2 207.7 214.1 213.6 209.2 200 196.3 194.9 194.4 198.3 201.7 196.6 182.5 185.3 189.7 191.4 197.7 205.4 209.7 207.8 202.6 190.9 185.8 178.1 175.8 172.9 171.2 174.1 178.9 181.9 182.1 170.3 161.4 154.8 153.5 149.5 142.1 137 125.8 117.6 113 107.8 101.7 97.5 96.4 91.5 90 87.9 98.9 108.2 118.4 124.3 132.4 140.5 148.7 156 162.8 171 180.5 190.2 204 221.3 247.5 269.6 290.1 313.5 335.9 368.3 400 432.7 459 491.8 506.4 516 525.6
182.3 184.2 186.9 187.7 176.7 177.2 192.3 197.4 200.3 201.8 194.1 181.7 181.2 183.8 185.4 190.9 187.7 186.2 183.1 183.5 181.4 179.1 177.2 172.7 165.3 167.6 171.8 174.2 182.6 189.5 193 195.9 184.3 168.3 160.5 156.8 153.4 153.4 152.4 152.1 154.2 155.3 152.4 149.2 143.3 142.6 134.4 129.2 122.9 117.4 112.5 108.3 102.3 95.1 91.9 89.7 89.3 85.2 80.4 95.6 104.7 113.8 123.3 130.3 138.3 145.2 152.2 158.9 165.7 176.2 187.9 203.6 218.4 238.8 261.6 280.4 308.6 335.2 358.3 388.2 428.9 462.4 487.8 507.8 521 527.7 534.4
