webserver/python/data/NG86.asc
ncols 200
nrows 200
xllcorner 180000
yllcorner 860000
cellsize 50
[rows 105 to 139 of 200, columns 78 to 155 of 200]
402.8 404.6 398.3 393.2 388.1 382.6 377.2 370.3 360 356.1 358.4 365.1 365.6 348.2 328.6 322.7 320 318.2 316.6 316.4 315.6 314.9 314.1 313.7 314.1 314 312 312.5 314.9 315.4 315.1 312.7 309.2 307.7 307.7 307.7 307.7 307.7 316.2 330.4 333.8 331.7 332 333.6 337.1 338 343.7 351.6 356.4 361.9 361.8 362.9 365.7 368.5 376.7 382.3 385.1 384.7 393.6 407.2 420.5 428.3 436 449.6 456.7 460.3 471.9 490.8 520.4 556 606 650.8 683 683.6 695.6 728.4 719.3 686.5
415.4 418.5 417 402.2 391.7 384 381.9 378.3 369.1 357.6 356.6 363 366 350 335.3 325.6 321.5 319.6 318 316.9 316.1 315 313.6 313.2 314.8 314.5 311 307.7 307.7 308 311.6 309.1 307.7 307.7 307.7 307.7 307.7 307.7 307.9 313.2 320.5 324.9 326.6 329.2 330.3 332.8 336.1 344.5 349.9 354.4 352.8 352.4 355.4 359.4 370.3 376.1 372.9 371.1 373.6 384.3 398.4 403.5 410 421.3 435.7 436.8 452.1 467.5 498.7 529.7 581.1 613.3 645.3 640.8 688.5 697.1 703.9 685.3
429.5 430.2 426.4 416.2 401.8 393.8 386.5 383.2 379.1 366.7 361.7 367.4 365 348.3 340.8 332 328.2 324.5 323 322 319.8 315.7 313 312.9 313.3 312.8 309 307.7 307.7 307.7 307.7 307.7 307.7 307.7 307.7 307.7 307.7 307.7 307.7 307.7 307.7 313.4 319.1 326 325.8 326 329.5 333.7 338.7 345 346.6 346.8 346.4 348.8 356.5 361.7 362.2 363.6 365.2 369.4 377.5 384.6 400.2 407.8 427 415.1 432.3 447.9 473.9 511.5 546.5 580.9 589.5 615.7 656.2 655.4 679.4 679.1
439.3 443.3 438.1 429.7 421.3 410.6 396.7 388.4 384.6 379.7 372.9 368.9 362.5 353.1 349.3 341.2 334.3 329.3 328.1 325.6 323 318.8 316.6 312.3 315.7 319.1 315.9 311.2 307.7 307.7 307.7 307.7 307.7 307.7 307.7 307.7 307.7 307.7 307.7 307.7 307.7 307.7 310.4 316.2 319.4 321.4 324.4 328.1 334.8 341.6 342.5 340.5 341.2 341.5 346.9 352.1 353.2 355 356.4 357.8 365.2 389.8 395.4 396.5 398.6 400.8 405 424.4 450 484.4 510.2 531.5 551.7 579 599.7 614.1 643.3 662
457.6 457.4 453.6 452.5 444.3 432.5 419.7 400.4 391.3 387.4 379.8 369.7 362.2 356.8 360.6 348.5 340.4 332.3 330.9 331.9 326.8 321.7 318.1 317.6 329.1 328.3 327.6 318.9 315.4 312.9 307.7 307.7 307.7 307.7 307.7 307.7 307.7 307.7 307.7 307.7 307.7 307.7 307.7 308.3 311.5 315.2 319.9 324.7 330.6 332.5 333.5 334.4 334.4 332.5 331.8 337.4 343.6 346 347.7 355.2 367.2 385.3 388.7 388.9 388.5 390.5 394.9 407.6 424.7 449.7 473.3 491.5 508 535.8 554.4 575.5 591.4 625.3
492.9 501.8 500.2 487.9 458.3 441.1 430 417 397.9 391.1 382.5 373.4 369.1 362.8 364.8 356 345.2 338.1 335 334.9 332.5 331.2 326.8 328.2 337.4 344.2 337.5 325.7 320.2 319 311 307.7 307.7 307.7 307.7 307.7 307.7 307.7 307.7 307.7 307.7 307.7 307.7 307.7 307.7 307.7 314.6 320.3 323.9 327.5 327 327.9 327.1 324.6 319.7 324.2 327 334.2 342.7 350.3 357 361.2 370.6 374.7 373.6 375.7 378.4 395.6 411.7 425 435 447.6 465.1 490.1 515.1 537.5 550.6 584.2
529.9 544.6 541.5 517.5 484.6 452.4 435.3 425.3 408.6 400.3 397.3 383.6 374.6 367.7 367.6 362 355.3 347.9 344.7 342.5 345.1 341.8 336.5 335.8 348.9 354.4 354.4 338.7 331.6 324.5 321 307.7 307.7 307.7 307.7 307.7 307.7 307.7 307.7 307.7 307.7 307.7 307.7 307.7 307.7 307.7 307.7 312.4 314.8 315.9 317.2 318.5 319.1 318.2 317.8 319 323.2 326.2 329.5 353.6 354.2 352.5 353.6 353.4 351.5 361.8 364.7 380.1 396.4 403.7 408.9 418.8 430.9 450.1 476.8 494.8 511.4 537.6
568 571.9 563.7 540.3 512.9 475.9 446.2 435.3 419 410.2 407.4 409.3 383.7 374 371.3 374.4 370.4 361.7 358.8 356.2 355.5 351 344.7 345.9 359.7 363.6 366.6 353 341.3 329.8 325.6 316.7 307.7 307.7 307.7 307.7 307.7 307.7 307.7 307.7 307.7 307.7 307.7 307.7 307.7 307.7 307.7 307.7 307.7 310.6 312.1 314.2 314.8 313.5 312.6 314.3 318.9 320.9 326.9 354.8 355.9 352.9 346.4 337.1 338.6 340.8 338.9 352.2 367.1 377.7 387.2 394.3 404.1 418.7 441.2 461.4 471.1 499.6
580.4 581.4 577.2 560.2 532.4 493.7 461.2 445 431.5 422 416.7 417.4 401.5 384 378.4 379 389.9 384.6 370.9 363.2 368.9 365.7 357.8 356.2 368.6 369.1 372.3 363.4 352.1 343 329.7 325.5 318.2 307.7 307.7 307.7 307.7 307.7 307.7 307.7 307.7 307.7 307.7 307.7 307.7 307.7 307.7 307.7 307.7 307.7 307.7 307.7 307.8 307.7 307.7 307.7 307.7 309.5 318 344.7 353.3 349.9 340.9 329.5 324.4 321.3 322.2 337.9 351.9 356.4 364 370.2 380.1 395.5 411.8 429 441.7 455.7
579.8 585 582.9 571.6 547.4 513.6 477.2 450.7 448.7 435.8 423.4 420.1 420 396.7 390.6 387.5 392.5 406.9 387.7 378.6 378.2 374.9 367.7 370.8 374.9 373.5 375.6 377.4 363 352.3 340.2 332.2 326.7 313.5 307.7 307.7 307.7 307.7 307.7 307.7 307.7 307.7 307.7 307.7 307.7 307.7 307.7 307.7 307.7 307.7 307.7 307.7 307.7 307.7 307.7 307.7 307.7 307.7 316.7 341.1 352.7 347.3 337.6 326.2 314.9 308.4 307.7 326.6 340.4 341.2 344.8 352.4 359.8 374.5 387.5 399.7 410.6 426.3
587.7 584.6 582.4 576.1 555.2 521.2 485.5 476.4 471.9 463.9 450 433.7 429.9 422 410 402.9 399.6 400.7 403.1 396.3 389.3 390.6 386.3 390.5 387.8 384.1 386 382.8 373.1 361.8 349.5 340.2 332.5 322.2 313.4 308.9 307.7 307.7 307.7 307.7 307.7 307.7 307.7 307.7 307.7 307.7 307.7 307.7 307.7 307.7 307.7 307.7 307.7 307.7 307.7 307.7 307.7 307.7 309.1 334.6 346.4 344.4 334.2 318.6 307.7 307.7 307.7 322.3 324.7 324.1 329.3 337.9 345.9 354.5 365.6 372.1 387.2 397.8
600.4 592 584.3 577.5 561.5 532.8 523.4 525.2 513.4 495.5 479 463.4 441.8 433.9 430.7 419 414.8 407.2 406.8 407.3 401.9 404.2 406 416.6 406.3 396.8 395.4 394.6 385.1 372.2 359.6 345.7 334.8 326.7 319.4 314 307.7 307.7 307.7 307.7 307.7 307.7 307.7 307.7 307.7 307.7 307.7 307.7 307.7 307.7 307.7 307.7 307.7 307.7 307.7 307.7 307.7 307.7 307.7 319.1 329.4 330.2 327.3 314.5 307.7 307.7 310.6 315.8 311.8 314.6 317.9 323.5 331.1 336.1 346.2 353.7 358.7 370.3
611.6 603.2 593 586.5 578.1 563.9 560.6 553.9 548.6 536.3 517.1 494.7 472.9 453.6 443.7 439.8 426 420.8 411.8 420.5 419.2 427.5 434.6 432.1 423.9 412.6 408.1 401.7 398.4 385.5 371 355.3 342.4 330.9 323.3 319.3 315.7 312.8 311.1 309 307.7 307.7 307.7 307.7 307.9 307.7 307.7 307.7 310.3 307.7 307.7 307.7 307.7 307.7 307.7 307.7 307.7 307.7 307.7 307.7 309.9 317 313 307.7 307.7 307.7 307.7 307.7 307.7 307.7 307.7 307.7 316.2 322.1 328.7 335.7 338.7 350.4
612.7 605.8 598.6 596.8 595 587.5 576.4 568.7 562.8 557.8 546.2 530.9 508.6 484.2 462.5 452.5 447.1 430.9 423.8 423.6 431.2 438.8 452.2 447.5 439.5 428.8 429.4 416.3 410.4 399.1 383.1 364.2 350.5 337.8 328.7 326.5 321.9 315.6 313.2 312.1 307.7 307.7 307.7 311.2 312.6 310.7 307.7 307.7 313.7 307.7 307.7 307.7 307.7 307.7 307.7 307.7 307.7 307.7 307.7 307.7 307.7 307.7 307.7 307.7 307.7 307.7 307.7 307.7 307.7 307.7 307.7 307.7 307.7 307.7 314.3 323.4 326.2 330.3
610 605.9 600.2 600.2 600.1 596.6 592.6 587.5 582.5 579.5 572.1 553.6 535.7 511.8 485.4 462.4 455.2 444.7 436.4 434 438.3 440 451.2 457 457.7 447.8 442.1 434 423 406.8 382.1 366.7 355.5 344.1 335.3 330 327.1 323.1 320 317.6 315 313.7 314.4 313.1 311.7 312 309.7 314.9 310.5 307.7 311.5 307.7 307.7 307.7 307.7 307.7 307.7 307.7 307.7 307.7 307.7 307.7 307.7 307.7 307.7 307.7 307.7 307.7 307.7 307.7 307.7 307.7 307.7 307.7 307.7 312.7 320.2 322.5
605.7 601.8 600.5 600 600.5 599.8 598.4 596.7 595 594.4 593.5 583 562.4 535.1 510.2 475.8 466.2 455.7 446.4 439 439.4 439.7 444.9 455.7 462.7 457 446.9 442 429.6 406.2 383 368.7 356 345.6 339.9 336.1 335.5 333.7 329.1 324.4 320.2 319.8 318.3 314.8 313.8 315.8 315.9 314.6 312.7 314.9 318.4 307.7 307.7 307.7 307.7 307.7 307.7 307.7 307.7 307.7 307.7 307.7 307.7 307.7 307.7 307.7 307.7 307.7 307.7 307.7 307.7 307.7 307.7 307.7 307.7 308.5 311 307.7
600.6 599.1 597.9 599.4 600.1 600 600.9 602.3 604.3 611.6 615.5 612 588.8 557.9 528.4 500.1 478.6 466.5 455.1 444.7 441.4 439.9 440.5 453.6 468.8 466.3 454.5 444.1 427.2 398.6 389.5 372.6 359.5 352.3 345.6 344.3 342.6 339.8 336.9 333.1 329.6 324.8 321.6 319.2 319.2 320 322.1 317.1 316.8 318.5 318.7 314.6 311.7 308.5 307.7 307.7 307.7 307.7 307.7 307.7 307.7 307.7 307.7 307.7 307.7 307.7 307.7 307.7 307.7 307.7 307.7 307.7 307.7 307.7 307.7 307.7 307.7 307.7
596.1 594.6 595.6 597.5 600.3 603.2 605 607.2 611.1 616.9 621.5 621.7 607.6 584 553.2 519.9 500.5 490.7 478.2 463 447.8 445.7 443.7 465.9 474.5 478.4 468 448.3 426.2 396.9 396.7 381 369.8 364.6 359.1 348.3 348.8 348.9 347.1 341.4 337.8 329.6 327.5 325.6 323.5 326.3 326.5 323 318.7 321.7 318.6 316.5 316.1 313.3 312.2 308 307.7 308.2 307.7 307.7 307.7 307.7 307.7 307.7 307.7 307.7 307.7 307.7 307.7 307.7 307.7 307.7 307.7 307.7 307.7 307.7 307.7 307.7
591 592.1 593.6 595.5 598.8 602.9 607.8 610.7 615.2 620.5 623.3 623.1 618.3 604.5 576.1 549.1 533.9 520.5 502.8 492.7 469.9 458.6 455.8 474.2 486.1 487.1 474.9 454.2 421.2 393.2 397.8 392.6 381.3 372.3 368.6 358.1 357.2 357.1 354.5 347.4 342 338.7 337.1 334.8 331.8 330 327.1 324.6 325.8 323.8 320.5 321 324.7 317 316.5 314.2 315.6 314.5 309.3 307.7 307.7 307.7 307.7 307.7 307.7 307.7 307.7 307.7 307.7 307.7 307.7 307.7 307.7 307.7 307.7 307.7 307.7 307.7
582.5 585.7 587.7 591.7 597 601.7 606.7 611.9 615.5 618.3 619.1 618.5 616.4 609.9 600.6 582.5 556.9 540 521.9 510.9 496 475.2 471.4 479.5 497.6 505.2 479.9 448.6 419.5 408.6 403.5 399.2 394 385.7 380 369.3 364.7 364.6 359.7 354.9 350.6 346.8 346.2 344.5 341.9 337.1 329.6 330.8 331.4 327.6 326.9 330 325.8 321.1 320.5 320.9 321.6 324.4 318.7 308 307.7 307.7 309 314.5 314.2 316.2 307.7 307.7 307.7 307.7 307.7 307.7 307.7 307.7 307.7 307.7 307.7 308.5
572.7 575.9 580.8 585.7 591.7 597.1 601.9 606 609.7 611.6 612 611.8 610.3 608.3 599.9 591.8 581.2 563.2 545.1 525.1 514 498.2 493.1 488.6 501.6 498.7 472.2 442.3 425.4 419 415.8 411.1 407.9 403.5 391.4 382.8 374.6 375 371.8 368 361 355.2 353.4 348.7 346.7 341.8 336.8 336.7 334.8 333.4 330 329.2 326.6 326.5 325.9 325.8 330.5 330 327.8 315.7 313.7 315.8 317.2 316.4 317.8 316.6 307.7 307.7 307.7 307.7 307.7 307.7 307.7 307.7 307.7 307.7 307.7 309.5
563.6 567.6 573.3 578.2 583.9 588.7 593.7 599.1 603.2 603.6 604.7 605.1 604.2 601.2 595.3 589.4 583.3 570.4 555.6 539.2 529.3 514.7 509.7 504.3 509.8 499.7 471.5 439.6 433.2 427.3 425.2 422.6 418 413.5 406.1 397.4 386.3 383.8 382.5 379 373.3 362 359.7 355.5 355.6 349.6 344.6 341.2 342.1 337.1 334.5 332.2 332.4 332.7 333.3 331 332.3 329.8 324.8 322.8 321.4 316.5 319.4 319.5 318.3 320.5 317.1 307.7 307.7 307.7 307.7 307.7 307.7 307.7 307.7 307.7 307.7 310.2
550.5 557.2 561.7 569.2 574.1 579.5 584.5 588.4 591.7 594.3 595.5 596.7 596.8 592.2 587.8 584.9 578.9 569.2 558.9 545.2 533.3 527.8 524.7 514.6 517.5 506.7 469.6 460.8 452 440.7 434.9 430.6 429.6 423.2 417.4 409.4 402.3 393 391.4 389.5 383.5 372.8 366.5 366.6 363 358.8 351.9 350.6 349.8 343.3 341.2 338.2 335.9 336.6 333 330.8 333.3 331.2 332.2 328.8 324.8 321.4 322.6 321.7 322.5 323.9 318.5 312.5 307.7 307.7 307.7 307.7 307.7 307.7 307.7 307.7 308.6 310.1
529.3 539.5 548.5 554.7 561.2 567.2 572.4 576.3 580.4 583.5 584.8 584.6 584.4 582.7 579.1 576.1 568 557.7 547.9 542.2 538.4 535.6 534.3 530.7 521.3 500.3 476.4 484 470.8 460.8 450.1 442.6 440.3 434.5 427.9 422.2 415.6 409.2 402.6 398.7 396.5 391.4 379.7 373.2 372 366.6 362.1 359.6 355 350.6 349.7 346.5 344 340.3 335.9 335.3 338.9 339 336.6 335 329.5 327.7 327.9 329.7 334.6 328.7 320.7 316.6 307.9 312.3 312.6 307.7 307.7 307.7 307.7 309.5 309.3 308.6
503.5 515 526.4 538.7 547.3 553.9 559.6 563.8 567.4 570.9 572.6 572.3 571.5 570.3 568.6 563.2 555.1 545 541.9 538.4 536.4 534.9 534.8 531.7 518 488.6 495.8 494.6 481.2 476.2 470.3 461.6 455.6 448.3 443.4 433.9 427.2 423.5 417.3 407.6 404.8 399.2 391.2 383.7 383.3 379.4 371.8 370 362.4 360.1 355.4 352.7 349.8 347.8 343.5 340.1 336.9 336.4 335.4 341.6 335.7 331.8 332.9 334.3 335.6 330.8 323.3 319.8 316.6 315 316.6 312.9 307.7 311.8 311.5 307.7 308 308.4
481.1 493.1 504.3 517 529.7 537.2 544.2 549.4 553 555.6 558.1 559 557.9 558.1 556 551.1 542.7 535.7 535.7 534.2 531.7 530.5 529.4 525.1 510 497.3 514.3 504.9 496.1 492.6 486.8 481.3 472.4 461.8 455.2 444.7 437.6 433.5 428.1 418.3 414.9 409.7 401.4 392.3 390.9 388.6 383.6 378 371.4 367.5 361.9 357.9 355.9 352.2 347.6 340.2 339.8 340.4 337.6 338.6 337.3 336.4 337.9 340.6 337.9 330.3 328.3 325.1 321.2 316.7 317 317.3 314.4 317.1 313.5 311.7 313.4 313.2
467.7 477.9 485.2 497.1 505.7 516.6 525.3 532 536.2 541 543.1 543.5 544.1 543.2 541.9 537.5 531.5 529.9 529.5 528.5 527.1 525.9 524.5 523.1 504.3 515 523.6 517.6 515.1 514.9 509.5 498 483.6 481.1 473.7 463.8 451.9 441.8 436.7 430.7 425.4 419.3 412.1 402.9 398.3 396.8 391.5 386 384.2 377.9 372.7 364.2 361.2 355.6 351.3 346.9 346.3 348.3 343.5 341.2 340.7 339.1 340.2 343.7 341.9 332.7 333 331.2 326.5 321.2 318.9 320.2 318.9 316.4 315.8 316.2 316.3 315.5
454.3 464.4 473 483.1 491 498 506.4 512.4 519.4 524.6 527.9 529.7 530.5 528.4 527.3 525.4 524.5 523.7 523.1 522.2 522 522.1 521 515.7 505.3 524.3 527.7 525.3 527.4 528.6 528.6 521.5 504.9 503.9 489.8 481.3 469.3 457.3 445 439.5 433.4 429.1 423.9 414.3 409.7 407.5 404.6 400.5 392.8 385.9 376.5 370.5 367.5 364.7 360.5 355.8 357.4 358.5 352.3 347.6 344.6 342.6 345.4 347.9 343.7 336.7 336.7 335.3 332.8 327.8 323.5 323.2 322.4 319.1 317.1 315.6 315.8 320
444 453.5 461.7 472.7 480.7 486.9 491.6 499 503.7 506.9 512.2 514.4 516 515.3 515.9 516.3 515.6 515.7 515.8 515.6 515.9 516.3 517 510.2 514.3 522.1 525.2 527.9 532 537.1 539.7 539.3 529.2 523 514.2 501.7 483 475.4 463.2 451.3 441.9 438.5 437 429.6 424.9 419 417.7 411.4 404 393.5 387 381.6 378.7 374.9 370.7 366.5 363.8 363.2 357.4 356.3 352.9 349.9 350.1 353 347.7 341.1 340 337.8 336 331.4 326.6 324.7 324.5 323.8 320.1 320.9 321.7 323.6
435 444.4 452.7 461.7 470.6 479.2 485.6 491.3 496.5 497.3 497.6 499.6 501.1 502.4 502.9 504.1 505.7 505.8 505.7 506.3 508.3 511.3 511.3 510 511.1 520.3 525.1 529.8 536.3 544.8 549.8 550.6 545.8 539.7 536.9 523 503.7 498.6 489.8 483.4 464.4 454.6 448 444.2 437.8 430.3 425.1 421.4 415 403.3 397.1 393.1 387.1 383.3 381.3 371.4 367.8 366.1 362.7 361.3 357.4 354.7 355.6 356.7 348.6 350 347.8 347 337.1 336.8 329.3 329.9 332.9 329.6 324.3 324.9 326.1 325.5
424 432.2 441.5 450.2 458.7 466.8 473.9 480.6 485.6 487.5 488 489.1 489.1 489.4 489.9 491.8 492.6 492.8 493.1 496.7 500.3 504.3 507.1 506.5 507.5 519.5 524 530.8 538.8 548.7 558.4 560.9 560.7 556.4 548.9 538.3 529.9 523.9 519.2 507 492 475.3 458.9 454.1 448.9 442 436 431.6 423 418.5 412.5 407.6 396.3 389.7 385.9 378.1 374.4 370.6 368.8 365 361.9 361 361.3 357.2 354 353.5 350 345.6 338.6 345 338.3 335.6 332.7 330 325.9 326 327.3 328.1
412.1 420.5 429.2 437.3 444.9 452.4 460.8 467.1 471.3 475.1 476.5 475.2 473.5 474.6 476.8 476.1 478.2 478.4 482.9 487.7 493.3 498.3 502.5 499.4 509.7 518.8 524.1 530.4 537.9 546.7 556.1 563 565.7 566.3 567.7 562.9 557.1 548.1 540.9 525.3 508.3 492.1 475.6 468.5 461.1 453.9 446.5 442.2 437.9 429.8 421.6 413.4 403.1 395.3 388.8 383.2 380.2 377.9 376.3 372.3 368.8 366.4 364.5 362.1 357.2 355.8 353.1 351.2 343.1 347.4 346.4 337.7 334.7 331.2 328.9 327.5 328.1 330.5
399.2 405.5 413.8 421.5 426.5 434.6 444.6 448.6 452.8 455.2 459 459.2 459.5 458.6 462 464 463.8 467.4 473 479.8 485.3 491.2 495.6 503.4 510.7 516.8 523.1 529.8 537.5 547.7 555.5 563 568.6 570.6 577.3 582.7 582.6 575 566.2 553.3 545.7 523.3 501.9 490.9 476.2 466.7 460.8 456.3 451.2 442.2 427.6 420.9 410 400.8 393.9 392.9 392.1 386.8 381 377.1 373.1 370.8 368.2 370 367.5 363.4 359.9 356.3 348.1 349.8 348.7 341.5 338.7 334.8 332.2 330.4 329.4 332.9
388.2 393.4 396.6 403.5 408.6 417.1 423.6 428.5 432.8 437.8 439.6 445.8 448.2 439.7 449.8 452.4 454.6 459.8 464.5 470.6 477.3 482.5 491.1 503.7 509.8 516.1 522.7 529.4 536.5 545.7 554.8 563.1 570.6 579.6 586 586.8 585.8 586.8 584 582.5 580.8 569.4 551.4 516.6 495.4 483.4 475.8 465.6 458.9 450.9 436.5 429.7 423.9 410.1 403.7 400.7 400 392.1 387.8 384 382.5 381.1 379.6 379 377.4 374.3 367.2 363.5 353.8 351.8 352.4 345.9 343.3 339.3 338.2 336.9 336 337.5
382.5 384.2 387.4 390.9 394.1 398.6 405.3 409.3 414.1 418.8 426.4 430.1 432.6 429 434.3 440.9 445.8 451.1 458.4 460.2 467.9 476.3 489.1 499.5 508.9 515.6 522.2 528.8 535.4 543.3 552.7 561.9 571.3 579.6 585.9 589.2 600.6 612.6 625.1 626.8 616.6 617.3 593.2 562.2 546.9 524.9 511 485.6 466 453.8 443.7 439.8 433.4 426 420.8 412.1 407.7 404.5 398 398.3 391.7 389.4 389.8 385.6 384.2 379.5 372.8 367 361.1 358.4 357.4 351.6 349 346.5 343.3 343.6 342.3 341.4
