webserver/python/data/NG87.asc
ncols 200
nrows 200
xllcorner 180000
yllcorner 870000
cellsize 50
[rows 0 to 36 of 200, columns 83 to 165 of 200]
129.1 127.4 125.9 126 124.8 120.8 118.9 123.2 128.1 136.1 147.1 156.2 171.9 190.8 209.5 202.9 212.4 226.3 219.8 206.2 196.9 182.4 156.4 120.9 100.7 91.6 69.3 54.6 40.5 26 21 21.5 22.8 21.7 20.3 20.5 19.9 14.6 8.6 6.4 9.8 14.9 19.9 20.7 20.2 21.6 22.8 26.8 52.5 77.1 82.2 81.5 79.2 82.4 86.9 84.2 76.7 62.5 46.1 39 44.2 49.6 48.9 43.9 35.5 29.5 21.1 19.2 18.5 18.5 18.5 18.5 20.4 29.4 55.3 68.9 71.4 65.8 53.3 50.2 36.6 29.7 23.8
127.9 126.5 125.5 125.5 125.2 121.5 119.4 119.1 120.7 130.3 142.8 158.5 171.9 194.3 207.8 209.5 203 218.6 220.4 208 199 187 165.7 131.1 116.5 100.3 80.2 69.1 56.3 42.2 32.7 28.2 28.8 23.9 21.1 21.1 20.9 12.7 6.4 6.7 13.7 19.7 21 21.1 21.4 22.3 23.2 28 44.2 75.6 81.2 79.9 76.7 76 76.2 75 64.9 45 39.5 42 49.6 55.8 56.3 50.8 38.8 30.4 18.5 18.5 18.5 18.5 18.5 18.5 18.5 23 37 59.6 58.9 52.6 49 44.9 32.7 27.2 21.7
123.3 123.4 123.3 123.6 124.7 123.8 122.1 121 119.5 126.6 138 148.3 163.8 189.2 200.8 208.8 200 204 212.3 200.3 200.7 191.4 165.6 146.6 135.7 120.6 101.4 85.5 73.3 59.3 47.2 37.3 31.7 28 23.4 21.4 20.9 13.8 7.6 12 18.1 20.9 21.6 22.5 23.3 24.6 26.5 28.3 41.8 61.5 72 71 69.1 71.1 74.7 69.9 44.6 37.3 37.3 42.6 53.5 58.2 60.7 59.2 45.5 36.3 24 18.5 18.5 18.5 18.5 18.5 19 28.1 30.5 41.7 46.2 42.4 40.6 39.1 28.2 22.8 18.5
121.4 121.4 121.9 123.4 125.3 124.6 124.1 122.4 121.3 124.9 133.6 144.9 160.6 169.6 179.4 198.6 191.1 193.2 197.9 189.9 193.8 190.3 178.1 177.8 163.9 137.1 134.5 112.1 84.6 71.5 64 55.2 44 35.5 28.7 23.1 20.3 14.4 11.3 10.8 18.4 21.3 22.3 24.4 25.2 26.4 31.9 35.5 40 53.8 64.1 62.6 64.4 68.5 72.5 52.8 37.4 37.3 37.3 47.4 58.3 62.9 63.7 60.8 54.5 46.1 27.2 18.5 18.5 18.5 18.5 18.5 18.5 19.2 25.5 31 34.9 39.2 40.6 41.2 25.3 18.7 18.5
121.4 122.1 122.7 124.1 125.4 126.2 126.2 125.3 125.1 127.1 132 139.2 148.5 158.2 166.8 183.5 183.5 181.4 188.1 180.4 174.7 177.4 179.1 180.9 177.3 155.3 141.3 123.9 101.9 85.6 77.4 71.7 61.8 48.1 31.8 24.7 20.5 16.2 12.8 10 16.3 20.5 21.7 24 26.2 28.4 37 51.3 47.5 52.6 55.2 55.4 58.8 61.3 57.9 44.7 37.3 37.3 38.7 54.2 63.7 68.3 69 58.9 60.1 54.1 37.5 18.5 18.5 18.5 18.5 18.5 18.5 18.5 18.5 18.5 22.8 32.2 39 40.5 23.6 18.5 18.5
123.7 122.9 123.6 124.9 126.5 127.8 127.7 127.4 128.2 129.9 131.9 136.1 141.3 149 157.3 168.2 175.9 175.8 177 173.7 170.7 164.1 167.1 178.2 182 171 156.7 142.8 128.9 105.5 93.7 104 110.1 88.3 42.2 25.7 19.5 17.5 15 12.9 9.5 20.8 21.4 23.8 26.2 28.6 46.6 66.2 62 50.7 51.1 50.6 52.9 54.1 47.2 38.5 37.3 37.3 48 56.8 68.6 73.9 69.6 61.1 58.7 54.7 47.2 28.2 18.5 18.5 18.5 21.4 24 20.9 18.5 22.1 28.5 36.1 39.5 34.8 22.1 18.5 18.5
125.1 124.2 123.9 125.2 126.8 129.5 129.6 129.7 130.4 132 132.8 133.6 137.7 141.6 146.3 154.9 166.4 170.6 169.6 168.6 168 154.8 161.6 181.7 185.9 178.7 166.4 165.2 158.6 128.8 114 129.9 127.7 111.3 73 34.1 20.4 18.6 17.4 14.5 12.1 14 18.7 21.2 23.8 26.5 43 71.6 65.4 55.6 51.7 50.3 50.6 48.9 43.8 40.3 41.5 47.3 52.4 61.4 70.8 70.3 70.2 64.1 59.1 54.3 45.6 28.3 18.5 18.5 21.3 26.1 28.6 33.5 36.5 29.1 29.2 39.6 34.9 26.4 18.5 18.5 18.5
128.3 126.4 124.7 124.7 126.4 128.1 129.8 130.4 131.4 132.2 133 133.8 134.9 138.7 142.2 144.8 152.8 160.6 162.3 159.1 154.8 154.4 160.5 178.3 181.3 184.1 174.9 177.9 162.1 138.2 142.4 153.2 145.5 119.2 88.7 55.9 30.6 27.1 21.7 16.6 14.7 11.1 13.2 21.1 23.2 28.1 40 65.8 64.9 59.7 56.8 53.7 50.4 49.6 46.9 46.6 49.1 51.4 55 61.2 70.8 69.8 69.8 69 63 58.1 42.8 27.7 18.5 19.1 25.6 34 38.7 42.5 39.3 28.1 28.6 33.3 29.6 21.7 18.5 18.5 18.5
130.1 130 125.9 124.6 124.7 126.5 128.9 130 131.2 132.4 133.2 134.6 136.6 138.1 138.3 140.4 144.4 146.5 152.9 151.3 149.9 150.4 158 169.8 178.3 186.4 178.8 174.1 161.8 147 156.8 165.7 155.1 135.9 106.9 72.4 55.6 44.5 31.1 18.5 16.3 13 10.2 15.1 23.8 29.8 43.8 61.4 60.5 58.4 55.6 53.9 52.3 50.3 49.5 48.9 49 51.9 57 63.2 70.7 69.4 70.1 68.6 60.7 49.7 34.4 28.7 24.1 24.4 29.5 37.9 33.9 38.4 41.7 40.3 30.7 25.7 20.7 18.5 18.5 18.5 18.5
128.8 129.2 126.7 124.6 124.6 125.6 127.5 131 132.3 133.2 134.3 136.5 138.2 138.4 136.4 136.2 135.8 136.1 136.9 141.7 140.3 142.2 150.6 159.9 174.5 181.4 180.5 173.7 158.8 149.8 152.1 160.4 154.8 146.3 123.1 97.9 81.4 54.5 32.9 21.9 19.4 13.5 11.8 10.9 22.7 27.9 41.9 54.6 55.7 55.9 54.5 52.9 51.3 49.7 50.4 49.8 49.9 50.1 52.7 58.5 69.8 68.2 67.4 61.7 53.8 48.2 36.7 28.6 29.2 29.9 31.9 30.1 28.8 34.5 31.9 29.5 27.2 22.8 18.5 18.5 18.5 18.5 18.5
128.2 129.9 127.8 125.2 124.6 124.6 126.2 130.4 134.5 136 137 138.5 138.6 138.5 135.7 134.2 130.6 129.2 128.8 131.5 133.6 136.7 138.6 147.3 161.4 172.7 176.9 171.3 157.8 149.2 146.4 148.3 147.3 144.4 129.3 104.8 91.3 58.3 31.9 25.5 23.6 17.1 12.7 15.9 15.5 17.2 31.3 40.6 47.5 50.5 51.7 52.1 50.5 49.1 50.2 50.6 50.3 49.8 49 51.6 58.9 57.3 55.2 53.1 47.9 45.2 36 29.9 29 32.1 36.1 38.3 34.5 30 28 26.9 25.3 22.5 18.7 18.5 18.5 18.5 18.5
129.9 130.6 129.4 127.7 126 124.7 125.9 129.6 133.8 137.9 139.7 138.9 139.1 140.3 139.4 138.5 132 129.2 128.9 128.8 130.3 134 140.2 139 146.6 158.1 166.7 168.6 159.6 149.1 143.2 138.9 136.4 132.5 123.6 106.3 86.8 57.2 34.2 29.3 29.4 23.6 17.4 13.5 13 12.8 17 27.2 37.4 42.6 45.4 47.3 48.4 47.2 48.2 48.7 49.3 48 44.7 44.9 48.9 48.9 48.3 46.3 42.8 38.2 33.5 30 29.4 32.6 40.3 41.6 33.3 28.9 26.1 24.3 22.8 20.5 18.5 19.1 19.9 18.5 18.5
131.1 131 130.9 130.9 130.2 129.1 128.5 128.6 132.8 137.1 140.8 143 146 145.7 142.9 141.1 136.2 128.9 128.8 128.8 129 137.9 146.7 150.5 150.6 152.3 157 159.7 159.3 149.5 142.2 136.9 129.5 123.4 117.1 103.3 81.9 54.3 41.3 32.2 31 28.5 21.6 17.3 10.8 14.1 17.4 21.7 26.8 32.7 37.6 41 44.6 44.5 44.4 45.1 45.6 44.1 40.9 39.1 42 46.5 48.6 48.7 42.7 37.6 33.2 30.9 31.2 33.6 35.8 39.4 32.9 27.8 25 22.3 20.3 19.5 19 22.1 24 27.6 25.3
131.1 130.9 130.8 130.7 130.9 130.6 130.3 130 132.1 136.8 140.8 146.8 151.1 149 146.4 143 140.2 131.7 129.6 129.1 129 138 151.6 159.5 158.4 159.9 153.1 151.8 148.4 143.1 138.5 135.7 128.1 118 108.8 98.6 77.1 61.3 50.8 38.6 34.2 38.5 27.1 23.8 13.7 15.2 17.7 17.1 21.5 27.6 31.1 34.8 38.4 40.5 40.6 41 41.4 39.8 37.7 36.7 38.9 41.6 50.9 49.3 43.5 38.8 34.9 32.4 33.4 35.8 33.9 31.5 29.9 26.7 26.2 26.8 20.5 19.5 20.5 23.7 26.8 30.7 33.9
130.9 130.9 130.7 130.5 132.1 131.8 130.2 130.2 131.1 135.1 138.6 142.6 146.6 150.5 148.2 144.3 140.4 133.9 130.4 129.6 130.5 134 140.8 157.5 159.8 159.4 158.5 148.5 140 134.4 128.1 129.8 123.4 116.4 101.2 93.5 69.5 69.6 58.1 42.6 38 39 35.4 54.4 31.6 18 16.2 15.4 17.1 22.1 25.2 28.9 31.8 33.7 35.6 36.2 36.8 36.5 34.8 34.5 35.8 39.2 50.5 49.3 44.8 40 36.5 34.2 35.7 36.1 32.4 28.7 27.4 32.5 40.7 36.2 26.4 19.5 19.5 22.7 28.2 29.3 38.8
129.7 130 130.4 133.1 136.6 134.7 132.2 130.2 131.7 134 137 140.4 143.7 147 145.8 142.1 139.9 136 131.6 128.9 129.5 130.2 133.3 140 147.2 150.5 153.5 147.4 136.3 126.3 120.3 118.3 116.1 111 101.4 89 69.7 75.7 60.6 47.5 39 38.8 43.8 73.2 63.5 32.5 19.4 15.4 14 12 13.9 21.7 25.6 28 30.2 31.1 32 33 32.4 33.2 34 39.6 47.9 48.9 46.2 41.3 37.9 36.1 37.9 34.7 30.9 27.2 25.1 39.1 37.9 33.2 23 19.5 19.5 25.7 29.1 28.9 35.9
129.3 130.5 131.5 135.4 137.7 137.3 133.5 130.6 132.6 134.7 137 138.3 140.2 143.5 142.2 140.5 138.4 136.2 131.9 129.4 128.8 125.9 126.1 129.8 135.8 140.9 144.6 140.9 134.2 126.1 118 113.6 109.1 107.7 103.5 92.2 73.9 75.3 66.5 54.5 48.9 40.6 47.2 81.3 77.4 50.9 25.5 11.9 12.7 11.2 12.5 16 23.5 25.6 26.7 27.5 28.2 28.6 30.5 31.2 33.9 39.5 49 49 48.6 45.3 40.5 37.9 37 33.2 29.9 26.8 23.5 28.7 25.1 20.9 19.5 21.9 24.4 28.9 29.2 29.2 29.6
128.6 130.3 131.9 133.4 135.7 137.2 134 131 133.3 135.5 137 138.3 139.6 140.8 140.6 139.2 137 134.9 132.2 130.2 128.5 123 120.1 119.1 122.8 128.1 132.3 133.6 127.3 120.7 114.7 110.4 110.3 109.4 104.9 96.4 80.2 70.3 64.5 59.6 55.9 45.1 43.9 73.6 74.6 63.2 39.7 25.1 13.4 12.8 13.9 11.4 20.3 22.1 23.1 24 24 24.9 27.2 30.1 34.4 39.8 48 49 49.7 49.3 50.4 39.3 35.2 31.3 26.8 24.9 23.1 22.2 21.7 20.5 28.5 30.7 31.2 30.7 28.6 29 30.8
127.7 129.7 131.5 132.1 133.6 134.6 132 130.9 133.2 135.2 136.4 137.5 138.6 138.8 138.9 137.9 135.8 133.6 131.2 130.7 128.1 122.6 117.1 113 113.4 116.1 115.6 115.6 115.7 112.9 109.8 106.1 103.5 106.4 105.7 98.1 83.1 72.5 67.8 63.9 61.8 47.6 40 47.2 61.2 57 44.5 25.4 16.4 16.5 20.9 11.5 13.8 19.2 20.9 19.1 19.1 21.2 23 26.4 32 40 46.6 49.9 51.7 52.1 50.4 38.7 30.5 28.1 26.3 24.4 23.3 26.3 21.9 20.7 31.3 26.8 29.5 29.4 28.8 28.1 31.4
126.8 128.8 130.3 131 131.5 131.9 131 130.6 132.3 134.1 135.3 136.5 136.7 136.8 136.9 136.7 134.5 132 129.6 127.2 124.7 119.4 116.4 108.7 103.7 99.7 98 96.3 96 95.7 94.1 94.9 94.9 98.2 100.2 98 84.8 74.8 70.1 65.2 61.2 50.5 40.1 40 39.2 39.6 37.5 25.6 20.4 19.3 19.9 13.4 13.6 10.9 12.4 13 19 19.8 19 22.4 28.1 36.9 49.5 50.2 54.6 57.6 50.3 38.9 29.4 27.5 26.1 24.7 29.5 35.5 33.6 25.2 20.9 20.1 24.9 32.2 31.2 40.6 38.4
125.8 127.5 128.6 129.2 129.9 130.4 130.5 130.6 131.4 132.9 134.3 134.5 134.6 134.8 134.9 135 133 130.6 127.1 124.1 120.3 116.2 111.4 106.7 97.3 92.1 90.8 87.5 81.3 81.2 82.3 82.7 87.3 87.4 87.4 86.7 82.1 74.1 68.7 64 59.3 49.6 48 44.2 39.4 38.4 39.5 37.1 30.7 20.5 20.3 18.9 11.9 12.3 10.7 17.6 20 20.4 19 19.5 24.8 32.4 40.5 48.5 53.3 54 49.4 40 31.3 28.2 26.7 25.3 32.6 40.2 38.1 31.3 29.2 23 23.7 32.5 35.1 40.1 39.5
124.3 125.7 126.8 127.4 128.1 128.7 129.4 130 130 130.5 131.7 132.5 132.6 132.7 132.5 132 131.6 128.2 124.5 121 116.8 112.9 109.7 106.4 98.9 91.8 89.9 87.2 78.7 77.5 77.4 79.4 82.3 81.2 80.5 77.2 72.9 69.3 64.1 58.4 52.8 49.6 50.9 50.9 43.5 44.1 54.7 51.3 41.4 27.2 27.7 29.2 24.6 12.6 9.7 11 20.1 20.5 18.7 18.3 20.6 27.5 35 44.1 49.8 49.8 45.9 39.9 32.3 28.5 27.3 26.9 35.6 44.5 39.4 29.3 30.6 21.7 17.7 27.3 35.6 41.1 38.2
124.4 124.4 125 125.7 126.4 127 127.7 128.5 128.6 128.6 129 129.8 130.3 130 129.7 128.9 128.3 124.9 121.1 118.4 114.1 110.7 109.5 109.7 99.3 92.1 90.7 89.1 78.7 76.8 77.9 79.1 80.4 79.2 76 70.4 68.1 66.6 61.6 55.5 49.4 51 51 50.7 49.4 48.2 61 63.3 54.4 39.6 39.7 38.5 39.9 23.5 16.8 16.5 19.2 20.1 18.3 18.6 18.6 23.6 30.2 38.7 43.6 48 44.9 41.1 33.2 28.4 27.8 30 38.2 42.1 36.6 26.8 23 18.3 17.1 23.5 29.1 39.3 38.8
120.3 120.8 121.9 123.2 124.2 125.4 126.1 126.9 126.9 127 127.2 127.2 127.4 126.9 126.6 125.8 124.6 121.7 119.1 116.3 112.4 108.8 106.9 105.1 95.6 90 89.8 86.6 79.6 77.9 81.6 86.2 78.8 76.9 71.1 70.7 68.6 64.6 59.1 53.8 49.5 49.8 50.3 50.6 47.1 42.5 55.7 61.9 58.2 46.4 48.5 47.8 65.2 52.9 27.7 20.3 19.3 19.7 18.5 18.8 19 20.2 25.9 31.8 38.5 42.2 42.6 40 32.7 25.1 21.6 26.4 33.6 30.9 22.2 20.9 19.1 17.5 16.8 20.9 27 28.6 31.7
118.2 118.2 118.2 118.2 118.5 120.7 120.7 122.1 122.2 119.8 120.1 120.1 122 122 122.7 122.4 121.1 119.4 116.5 114 110.8 108.9 101.7 99.9 93.4 89.5 88.6 82.5 79 80.3 89.3 94.5 88.2 79 70.6 70 70.9 63.7 59 57.2 53.6 49.3 50.4 49.5 43.9 40.6 44.2 52.8 49.7 43.1 49.9 47.4 63.8 82.6 47.1 23.4 19.2 19.3 18.7 19 19 19 19.4 26.6 34.3 36.6 39.1 39.1 29.2 21.5 18.4 19 22.1 19.3 18.7 15.4 14.6 15.2 15.9 20.1 24.3 24.4 22.3
118.2 118.2 118.2 118.2 118.2 118.2 118.2 119.5 118.2 118.2 118.2 118.2 118.2 118.2 119.3 118.7 118.8 118.2 115.3 112.8 110.3 104.5 101.4 99.7 100.5 99 88.2 86.6 83.9 82.2 91.4 107.1 102 85.9 75.7 68.5 69.1 61.8 59.9 58.7 57.6 53.4 49.3 44.8 40.3 39.3 38.4 36.7 36 34.3 42.3 40 63.6 82.3 76.7 37.2 18.7 18.9 18.9 18.9 18.9 18.9 19 22.8 28.3 32.3 34 31 27.4 20.3 17.6 16.9 17.4 17.4 18.4 14.8 13.5 12.7 12.8 15.2 19.5 14.2 20.8
118.2 118.2 118.2 118.2 118.2 118.2 118.2 118.2 118.2 118.2 118.2 118.2 118.2 118.2 118.5 118.2 118.2 117.1 115.3 113 110.9 109.9 103.4 107 109.8 106.8 95.5 92.7 90.4 88.4 90.3 103.7 108.6 92.4 78.5 69.4 73.1 68.9 65.8 60.7 58.6 53.3 46.3 41 39.5 38.7 36.6 33.9 30 29.1 32.1 38.5 61.9 79.4 79.6 54.3 27.1 19.7 19.2 19.2 19.3 19 19 18.9 21.9 27 28.4 25.6 21.4 16.2 14.8 15 15.1 14.8 16.1 16.4 12.8 11.5 10.8 11.7 11.7 11.7 11.7
118.2 118.2 118.2 118.2 118.2 118.2 118.2 118.2 118.2 118.2 118.2 118.2 118.2 118.2 118.2 118.2 119.3 118.5 117.3 115.4 113.6 109.7 104 119 119.7 114.9 104 101.6 94.4 96.2 96.9 98.1 109.2 102.7 81.6 74.1 80 77.9 72.6 63 59.6 53.4 47.5 43.3 41 38.7 34.7 32.1 30.4 30.3 30.3 32.8 53.8 70.6 65.8 56.3 36.9 25.9 20.3 19.6 18.9 19.6 19.5 17.4 16.7 21.2 22.3 19.7 16.3 12.1 11.6 13.1 12.9 12.5 13.2 13.1 11.7 12.2 11.7 11.7 11.7 11.7 11.7
118.2 118.2 118.2 118.2 118.2 118.2 118.2 118.2 118.2 118.2 118.2 118.2 118.2 118.2 121.6 122.6 121.4 120.1 119.4 119 118.5 117.3 111.3 122.1 126.7 121 118.6 112.1 99.8 99.9 100.7 100.6 116.1 113.9 88 83.9 96 98.4 84.7 71.4 65 59.6 53.7 44.6 40.2 39.6 36.6 32.6 30.1 30.3 30.5 29.6 32.3 41.7 47.4 45.4 35.8 26.8 21.2 19.2 19.9 20.1 17.6 15 12.6 16.3 16.5 14 10.5 7.9 8.5 10.1 10.8 11.1 11.7 12.5 14.4 15.9 14.6 12.1 11.7 11.7 11.7
118.2 118.2 118.2 118.2 118.2 118.2 118.2 118.2 118.2 118.2 118.2 118.2 118.2 118.2 122 124.8 122.8 123.1 122.2 124.4 124.8 119.3 119.6 123.7 131.6 132.7 129.8 123.4 107 104.1 113.2 111.3 118.6 119.7 94.8 95.8 126.6 118.5 97.9 97.7 76.7 70.3 67.4 47.8 43.6 44.3 37.6 31.1 29.7 29.7 30 29.3 28.9 25 22.8 32.6 29.1 26.6 22.3 20.7 20.5 17.9 15.3 12.7 10.2 11.4 11.3 9.2 6.4 6.4 7 9 10.8 11.5 13.6 17.4 22 20.5 17.5 13.9 11.7 11.7 23.5
118.2 118.2 118.2 118.2 118.2 118.2 118.2 118.2 118.2 118.2 118.2 118.2 118.2 118.7 122.7 125.3 125.1 127.9 135.5 136.1 131.9 122.9 126 138 139.5 139.3 140.6 129 115.8 116.4 122.3 121.3 111.3 107 96.6 97.1 114.9 117.1 105.1 107.1 118.4 121.8 107 78.7 57.8 42.6 39.8 34.3 30.4 28.9 29.3 29.2 29.8 26.5 20.7 21.1 24.1 28 27.7 26.3 20.6 16.4 12.9 10.3 7.8 6.4 6.4 6.4 6.4 6.4 9.5 11.6 13.6 15.9 18.9 28.9 35.4 33.6 18.4 17.9 14.2 26.2 38.5
118.2 118.2 118.2 118.2 118.2 118.2 118.2 118.2 118.2 118.2 118.2 118.2 118.2 119.9 122.9 125.9 131.1 139.6 140.4 140.8 131.4 129.9 143.5 150 143 145.2 141.3 131.5 120.6 124.3 128.5 130.3 110.6 105.1 98.8 98.3 105 110.6 113.2 141.3 141.2 128.3 110.5 106.5 75.8 49.6 41.9 35.3 29.5 26 24.8 24.9 26.8 30.3 24.1 19.7 21.7 26.5 28.9 29.4 24.4 18.8 14.7 11 6.4 6.4 6.4 6.4 6.4 8.8 13.3 17.3 19.4 23.2 28.4 38.5 42.4 27.7 18.5 21.7 28.9 37.4 43.8
118.2 118.2 118.2 118.2 118.2 118.2 118.7 118.2 118.2 118.2 120.6 127.3 126.6 122.1 122.2 127.6 140.3 140.4 141.1 139.2 138.3 144.8 149.8 149.4 148 156.1 146.3 133.1 123.1 129.2 128.8 132.5 115.6 105.2 98.8 98.3 99.2 114.4 131.6 140.7 140.2 130.4 109.4 94.4 73.1 59.8 46.6 37 29.9 25.1 21.3 19.5 21.6 27.4 19.1 19.2 18.6 24.6 28.2 29.2 25.6 20.5 17.3 11.2 6.4 6.4 6.4 6.4 9.4 15.8 19.3 24 30.8 35.6 34.8 42.2 35.6 29.7 23.6 24.9 34.4 47.6 54.5
118.2 118.2 118.2 118.2 118.2 118.2 130.4 118.6 118.7 118.2 125.6 131.3 127.6 124.2 122.4 128.5 140.3 143.8 139.8 138.7 139.3 150.8 149.8 152.8 164.1 171.3 155.4 138.1 128.5 127.5 124.2 119.5 114 103.5 99.8 97.9 100 117.2 128.5 128.9 131 121.2 112.3 90.4 78.8 61.6 54.7 46 36.9 27.3 21.1 17.9 18.8 17.7 16.1 13.2 13.8 21.8 29.6 29.9 27.3 21.4 12.9 7.5 6.4 6.4 6.4 6.4 8.8 16.8 20.7 30.5 39.1 40.1 39.8 40.9 36.1 42.2 30.2 31.2 39.1 52.8 60.2
118.2 118.2 118.2 118.2 118.2 118.7 139.6 131.8 118.8 118.2 125.4 131.5 128 125.4 124.5 132.2 159.4 151.6 141.4 138.7 152 154.4 159.5 176.2 180.7 180.7 166.2 148.6 131 120.9 119.5 112.7 109 101.9 99.5 101.8 106.7 121 130.4 129.6 123.4 118.6 105.1 94.3 105.9 87.8 91.1 76.8 52.8 36.6 21.3 18.1 18.3 15.7 11.7 7.3 8.9 13.8 21.7 30.5 32.8 23.2 12 6.4 6.4 6.4 6.4 6.4 6.4 13 19 34.3 40.7 41.5 42.7 43.4 43.6 50.7 34.6 37.8 41.9 48.7 62.4
118.2 118.2 118.2 118.2 118.3 145.1 145.7 136.3 125.1 118.2 120.8 126.4 126.4 129.1 127.9 138.5 159.8 155.1 145.5 142.9 164.8 163 173.6 192.5 186.1 181 168.3 149.4 135.9 123.7 119.2 114.8 108 104.7 104.5 108.8 114.2 125.7 134.8 129.8 120.3 117.9 121 139.6 161.3 148.1 141.6 99.9 70.7 48.7 29.6 17.2 17.8 13.8 9.8 6.4 6.4 6.4 6.4 11.1 20.4 20.1 10.9 6.4 6.4 6.4 6.4 6.4 6.4 12.9 17.5 26.5 35.7 40.4 45.3 52.6 48.6 45.9 38.6 38.7 39.9 45.4 69
118.2 118.2 118.2 118.4 123.1 138.5 144 138.8 130.3 119.3 118.2 118.2 125.5 135.6 136 159.8 159 154.5 150 170 178.2 169.7 199 194.8 188 179.4 162.2 158.2 145.1 127.9 121.1 119.8 113.1 113.1 110 112 120.1 133.3 140.9 140.5 133.2 147.9 173.8 204 213.6 205.7 162.1 115.3 91.4 69.7 41.9 19.8 15.9 12.9 10 6.4 6.4 6.4 6.4 6.4 6.4 6.4 6.4 6.4 6.4 6.4 6.4 6.4 6.4 9.2 13.2 14.7 24.8 36.7 51.3 60.1 55.6 40.5 39.7 39.6 38.8 42.3 66.4
