webserver/python/data/NG88.asc
ncols 200
nrows 200
xllcorner 180000
yllcorner 880000
cellsize 50
[rows 120 to 159 of 200, columns 0 to 89 of 200]
190.1 189.2 189.3 189.6 189.8 190.1 190.3 190.2 188.4 184.1 182.6 181.1 179.7 176.1 172 167.8 164.5 161.8 158.9 156.1 153.2 150.3 147.4 144.6 142.1 140.5 139.7 139.8 139.6 139.1 139.2 139.3 136.2 131.1 126.1 119.5 114.4 111.8 114.1 116.5 127.6 142.7 137.4 131.3 121.3 111.2 84.4 70.9 72.3 69.6 49.2 29.6 11 -2 -2 -2 -2 -2 -2 -2 -2 -2 -2 -2 -2 -2 -2 -2 -2 -2 -2 -2 -2 -2 -2 -2 -2 -2 -2 -2 -2 -2 -2 -2 -2 -2 -2 -2 -2 -2
190 189.3 189.4 189.5 189.6 189.8 190.1 190 186.5 185 183.5 182 180.5 178 173.8 169.6 166.7 163.9 161 158.1 155.2 152.4 149.5 146.6 143.7 141.5 139.3 139.1 138.9 138.7 138.4 137 133.2 129 123.8 119.5 116.2 116.6 117.6 121.2 119.8 128.8 128.5 123.6 116 107.8 88.8 86.8 84.4 71.2 54.2 34.9 16.4 -2 -2 -2 -2 -2 -2 -2 -2 -2 -2 -2 -2 -2 -2 -2 -2 -2 -2 -2 -2 -2 -2 -2 -2 -2 -2 -2 -2 -2 -2 -2 -2 -2 -2 -2 -2 -2
191.1 189.3 189.3 189.5 189.6 189.7 189.9 189.5 187.4 185.9 183.9 181.8 179.8 176.9 173.6 171.4 168.7 165.8 163 160.1 157.2 154.3 151.5 148.6 145.7 142.7 139.2 137.8 137.3 135.8 135.4 133.4 129.6 125.9 121.8 119.1 117.7 118.1 119.5 132.2 132.8 119.8 119.1 116.3 111.6 101.4 88.2 87.5 86.2 71.3 52.7 38.1 22.5 -2 -2 -2 -2 -2 -2 -2 -2 -2 -2 -2 -2 -2 -2 -2 -2 -2 -2 -2 -2 -2 -2 -2 -2 -2 -2 -2 -2 -2 -2 -2 -2 -2 -2 -2 -2 -2
192.3 190.6 189.2 189.4 189.5 189.6 189.8 188.8 186.7 184.6 182.6 180.5 178.1 177 175.1 172.9 170.6 167.8 164.9 162 159.1 156.3 153.4 150.5 147.6 144.4 140.1 136.3 133.2 132.1 131.1 129.9 125.8 121.8 119.6 119.2 118.8 118.8 119.1 129.7 146.6 120.9 113.9 111.1 107.4 98.6 89.4 82.4 74.9 63.7 55.1 44 31.4 21 6.3 -2 -2 -2 -2 -2 -2 -2 -2 -2 -2 -2 -2 -2 -2 -2 -2 -2 -2 -2 -2 -2 -2 -2 -2 -2 -2 -2 -2 -2 -2 -2 -2 -2 -2 -2
193.9 192 190 189.3 189.3 189.3 188.6 187.7 185.6 183.4 181.3 179.2 178.6 178.8 176.6 174.4 172.2 169.7 166.8 163.9 161.1 158.2 155.3 152.3 149.4 146.2 141.9 137.6 132.2 129.7 129.1 127 122.5 118.7 117.6 117.2 116.8 117 117.6 118.2 121 117.6 112.1 108.1 105.2 105.7 98.5 91.6 81.8 74.6 70.6 52.7 37.4 26.4 9.7 -2 -2 -2 -2 -2 -2 -2 -2 -2 -2 -2 -2 -2 -2 -2 -2 -2 -2 -2 -2 -2 -2 -2 -2 -2 -2 -2 -2 -2 -2 -2 -2 -2 -2 -2
195.6 193.8 191.9 187.9 188.1 188.1 186.6 185.3 184.5 182.4 180.2 179.7 179.7 179.9 178 175.9 173.7 171.5 168.7 165.9 162.9 160 157.1 154.1 151.2 147.9 143.7 138.7 134.1 129.6 126.4 124.2 119.7 117.9 116.5 115.1 114.7 114.9 115.4 115.9 116.4 115.5 110.6 108.7 106.9 108.1 107.2 96.1 90.6 88.7 86.9 67.6 48.3 30.6 15.7 -2 -2 -2 -2 -2 -2 -2 -2 -2 -2 -2 -2 -2 -2 -2 -2 -2 -2 -2 -2 -2 -2 -2 -2 -2 -2 -2 -2 -2 -2 -2 -2 -2 -2 -2
198.2 196.3 191.3 187 186.6 186.3 184.4 183.1 182.9 181.3 181 180.9 181.1 181.3 180.1 177.8 175.5 173.2 170.4 167.5 164.5 161.6 158.7 155.7 152.8 149.1 143.7 138.3 133.7 128.8 123.8 121.4 118.4 117 115.6 114.3 112.9 112.7 113.2 113.7 114.2 112.5 110.7 109 106.9 106.2 103.8 97.3 91.5 89.3 85.5 70.8 53.5 36.5 21.1 8.3 -2 -2 -2 -2 -2 -2 -2 -2 -2 -2 -2 -2 -2 -2 -2 -2 -2 -2 -2 -2 -2 -2 -2 -2 -2 -2 -2 -2 -2 -2 -2 -2 -2 -2
200.7 195.7 190.7 186.5 184.7 182.8 181.8 181.8 181.8 182.2 182.5 182.8 183.1 183.5 183 180.9 178.6 176.3 173 169.3 164.1 161.1 158.2 155.3 152.3 149 143.4 138 133.2 128.1 122.9 118.9 117.5 116.2 114.9 113.7 112.4 111.2 111.1 111.6 110.7 110.2 110.5 109 104.9 101.5 99 93.9 89.5 85 78.9 67.6 57.6 42.1 27.2 14.4 -2 -2 -2 -2 -2 -2 -2 -2 -2 -2 -2 -2 -2 -2 -2 -2 -2 -2 -2 -2 -2 -2 -2 -2 -2 -2 -2 -2 -2 -2 -2 -2 -2 -2
199.4 194.6 190.1 186.1 182.5 181.8 181.8 181.8 181.8 183.8 184.5 184.8 185.1 185.7 185.8 183.9 181.6 178.9 175.5 172.1 168.4 163 157.7 154.8 151.8 148.3 143.5 137.7 132.6 127.4 122.5 118.6 117.4 116.1 115 114.2 113.4 113.9 111.4 109.4 101.7 101 104.7 104.8 100.4 96.6 91.1 85.2 79.4 75.3 71.2 61.8 52.1 42.4 31.6 18.1 4.7 -2 -2 -2 -2 -2 -2 -2 -2 -2 -2 -2 -2 -2 -2 -2 -2 -2 -2 -2 -2 -2 -2 -2 -2 -2 -2 -2 -2 -2 -2 -2 -2 -2
197.2 193.3 189.4 187.2 183.8 181.8 181.8 181.8 181.8 185.4 186.2 186.8 187.1 187.9 188.5 186.7 184.7 181.3 177.9 174.5 171.2 167.5 162.1 156.7 152 147.6 143.7 137.8 132.1 127.5 122.8 119.1 118.3 117.5 116.7 115.9 115.1 116.9 116 114.4 109.4 103.3 92.5 92.1 90.9 89.1 84.7 75.6 68.8 64.4 57.9 56 50 40.8 33.1 24.1 11.3 -2 -2 -2 -2 -2 -2 -2 -2 -2 -2 -2 -2 -2 -2 -2 -2 -2 -2 -2 -2 -2 -2 -2 -2 -2 -2 -2 -2 -2 -2 -2 -2 -2
195.1 192.2 189.2 187.3 185.2 181.8 181.8 181.8 184.3 184.4 186.9 188.5 189.1 190.1 191.9 190.7 188.7 184.3 180.8 177.3 173.8 170.3 167.2 164 159 154 149 143.6 138.1 131.9 124 121.1 120.1 119.2 118.4 117.6 118.1 119.8 121.6 121 124 124.5 109.5 98.2 87.9 79.2 74.9 70.9 67.2 60.8 52.1 47.2 44 39.6 33.2 24 -2 -2 -2 -2 -2 -2 -2 -2 -2 -2 -2 -2 -2 -2 -2 -2 -2 -2 -2 -2 -2 -2 -2 -2 -2 -2 -2 -2 -2 -2 -2 -2 -2 -2
194.5 191.2 188.9 186.8 184.7 182.4 181.8 181.8 181.9 182.3 184.3 186.8 190 193.5 195.6 195.8 193.7 188.3 184.2 180.7 177.2 173.7 173.3 170.9 165.9 161 156.2 150.1 144.5 136.9 127.8 123 122 121.1 120.1 119.3 121 122.7 125.5 126.7 129.9 129.8 121.5 112.1 104.6 90.8 81.2 78.1 73.4 66.8 58.6 50.2 41.1 35.9 30 17.5 -2 7.2 -2 9.9 -2 -2 -2 -2 -2 -2 -2 -2 -2 -2 -2 -2 -2 -2 -2 -2 -2 -2 -2 -2 -2 -2 -2 -2 -2 -2 -2 -2 -2 -2
194.1 191.3 188.9 186.7 184.6 182.5 181.8 181.8 181.8 181.8 183.5 186.9 190.3 196.4 198.5 199.1 198.8 193.4 188 184.1 180.6 178.1 178.1 176.9 172.4 168.2 163.3 156.4 148.3 139.6 131.5 125.8 123.1 122.2 121.6 122.4 123.9 125.8 128.6 130.5 130.4 130.2 127.3 118.5 110.9 101.5 90.1 81.2 74.6 66.5 60.7 52.4 44.5 34.9 27.8 19.7 13.8 11.9 13.1 13.2 10.4 -2 -2 -2 -2 -2 -2 -2 -2 -2 -2 -2 -2 -2 -2 -2 -2 -2 -2 -2 -2 -2 -2 -2 -2 -2 -2 -2 -2 -2
194.1 191.5 189 186.8 184.9 183 181.8 181.8 181.8 181.8 183.9 187.3 191.1 196.7 199.7 200.5 201.4 198 192.8 187.2 183.7 180.1 179 178.7 174.5 171.2 164.7 157.1 150.3 142.3 136.8 131.1 124.1 124.3 125.1 125.9 126.8 128.9 129.7 129.8 129.9 129.8 130.6 124.9 116.9 107.5 98.1 86.2 74.7 65.1 57.7 50.4 43.2 35.5 29.3 23 17.8 14.9 15.3 16.9 17.6 14.3 -2 -2 -2 -2 -2 -2 -2 -2 -2 -2 -2 -2 -2 -2 -2 -2 -2 -2 -2 -2 -2 -2 -2 -2 -2 -2 -2 -2
194.9 191.7 189.1 187.1 185.1 183.1 181.8 181.8 181.8 181.8 184.4 187.7 191.4 196.5 199.7 202.1 202.9 201.3 196.6 190 185.2 181.7 179.1 178.9 176.2 170.9 165.3 158 151 145.3 140.9 134.6 126.9 127 127.9 128.8 129.4 129.4 129.4 129.5 129.5 128.9 128.9 128.8 121.2 110.5 99.9 88.1 76.1 66.7 57.7 49.5 43.4 37.9 28.9 24.6 21.8 18 17.5 18.9 21.2 20 21.3 -2 -2 -2 -2 -2 -2 -2 -2 -2 -2 -2 -2 -2 -2 -2 -2 -2 -2 -2 -2 -2 -2 -2 -2 -2 -2 -2
196.7 193.2 189.1 187 185.1 183.3 181.8 181.8 181.8 181.8 184.2 187.4 190.8 196 200.2 203.7 205.9 203.2 199.2 192.7 186.7 183.2 179.6 177.1 173.9 169 163.6 157.6 150.7 147.6 143.8 139.6 131.2 129 129.9 130 129.6 129.1 129.8 129.9 129.9 128.8 125.6 125.5 118.3 107.6 96.8 88.3 77.3 68.4 59.5 48.8 40.3 34 28.5 25.7 23.5 21.3 20.9 21.8 24.8 26.5 29.4 28.1 -2 -2 -2 -2 -2 -2 -2 -2 -2 -2 -2 -2 -2 -2 -2 -2 -2 -2 -2 -2 -2 -2 -2 -2 -2 -2
199.7 195.2 191.4 188.7 187 185.2 183.6 181.8 181.8 181.8 183.7 187.2 190.5 195.8 202.6 207.8 208 205.1 201.5 195.5 189.3 183.8 178.8 173.9 171.4 166.5 161.6 155.8 151 149.8 146.1 141.9 136.2 130.9 130.5 130.1 129.8 129.3 128.7 130.2 130.3 128.8 125.9 121 113.4 104.5 94.2 88.2 77.8 69.3 61 48.5 38.9 33.5 28.4 25.8 23.6 22.4 28.1 29.5 30.5 29.6 30.2 29.3 18.2 -2 -2 -2 -2 -2 -2 -2 -2 -2 -2 -2 -2 -2 -2 -2 -2 -2 -2 -2 -2 -2 -2 -2 -2 -2
201 198 194.7 191.4 189 187.2 185.7 182.7 181.8 181.8 181.9 185.6 189.1 196 203.5 212.4 209.8 205.5 199.9 195.3 189.3 184 178.5 173.1 169.1 163.5 158.5 154.7 151.1 150.9 148.3 144.8 138.8 133.9 130.7 130.3 129.9 129.4 128.8 128.7 130.6 129.6 125.2 117.1 107.1 101 93.4 88.7 79.5 69 60.6 48.5 39.1 33 29.4 26.2 25 23.9 30.5 36.8 36.7 35 32.2 28.8 27.6 16.9 -2 -2 -2 -2 -2 -2 -2 -2 -2 -2 -2 -2 -2 -2 -2 -2 -2 -2 -2 -2 -2 -2 -2 -2
201.7 199.2 197 194.8 191.5 189.2 187.2 183.8 181.8 181.8 181.8 183.4 186.5 192.1 202.3 208.8 205.6 202.7 197.3 193.1 189.4 184.3 179.2 174.1 170.1 165.5 159.3 154.3 150.4 150.4 150.7 147.4 142.5 137.6 132.9 130.5 130.1 129.6 129 128.4 129.3 123.1 116.2 111 106.4 100.4 98 90.2 79.3 68.1 58.5 50.7 42.9 38.3 36.9 32.7 27.4 26.7 33.7 41.2 47.7 42.1 37.4 30.3 28.6 26.8 -2 -2 -2 -2 -2 -2 -2 -2 -2 -2 -2 -2 -2 -2 -2 -2 -2 -2 -2 -2 -2 -2 -2 -2
201.8 200.1 197.9 195.8 193.6 191.5 187.7 183 181.8 181.8 181.8 181.8 182.9 189.8 196.7 199.4 199.1 197.8 194.7 190.7 187.2 184.8 180.4 175.4 171.9 168.1 161.9 154.9 149.4 149.7 150.1 150.8 146.3 141.2 136.2 132 130.2 129.7 129.1 128.1 123.5 119.2 117.2 113.7 110.2 102.1 95.5 85.7 77.8 68.5 62.1 54.6 50.4 48.9 50 45.7 37.1 31.2 32.5 40.9 47 47.3 41.1 34.5 32.5 31.6 23.3 -2 -2 -2 -2 -2 -2 -2 -2 -2 -2 -2 -2 -2 -2 -2 -2 -2 -2 -2 -2 -2 -2 -2
202.3 200.8 198.7 196.5 194.1 191.6 186.2 181.8 181.8 181.8 181.8 181.8 182.6 187.2 190.8 192.7 194.7 194 190.5 187.2 184.4 181.5 180 176.8 171.7 166.7 162.3 157.8 149.5 149.7 149.3 149.8 150.1 145 138.9 135.3 131.2 129.9 127.6 125.3 122.1 120.9 119.7 116.6 116.6 109.9 99.3 91.1 82.2 73.2 66 62.3 59.1 56.8 54.6 56.5 46.1 39.6 34.6 36 41 42.9 41 39.7 37.4 34.2 28.9 16.4 -2 -2 -2 -2 -2 -2 -2 -2 -2 -2 -2 -2 -2 -2 -2 -2 -2 -2 -2 -2 -2 -2
203 201.5 199.4 196.1 193.4 191.7 187.4 181.8 181.8 181.8 181.8 181.8 182.3 186.4 189.7 191.2 191.4 190.2 187.3 184.6 181.5 178.2 176.7 174.9 169.8 164.8 159.9 155 149.3 146.7 144.6 144.1 147.3 145.5 136.3 132.1 130.6 130 128.1 126.1 124.8 123.8 122.3 119.4 120.2 116.1 103.5 94.3 84.8 79.6 74.2 69.7 66.4 61.7 58.5 58.9 54.6 48.2 42.4 39.1 42.6 42.9 43.2 46.2 42.2 38.3 32.7 26 -2 -2 -2 -2 -2 -2 -2 -2 -2 -2 -2 -2 -2 -2 -2 -2 -2 -2 -2 -2 -2 -2
203.7 201.8 198.1 194.9 193.6 191.9 188.7 184.3 182.3 181.8 181.8 181.8 182.6 185.1 188.9 190.4 190.4 187.8 184.6 182 178.6 175.2 172.6 171.6 167.9 162.9 157.9 152.9 148.3 144.3 141.6 141 140.9 140 133 131.3 130.7 130 129.4 128.6 127.6 126.7 124.9 122.3 119 113.8 104.2 94.9 88.7 87.3 82.3 79.2 72.8 66.9 60.3 59.7 59.7 59.4 54.1 45.9 44.3 44.6 46.8 49.9 51.6 43 40.6 33.7 14.3 -2 -2 -2 -2 -2 -2 -2 -2 -2 -2 -2 -2 -2 -2 -2 -2 -2 -2 -2 -2 -2
202.9 199.8 196.3 195.5 193.8 192 189.9 187.6 185.6 183.6 182.7 184.3 184.8 185.6 187.6 189.5 189 185.7 182.4 179.1 175.7 172.3 170 168.2 166 161.2 156.9 152.2 147.4 142.7 140.5 139.2 138 136.1 132.3 130.9 130.2 129.5 129.4 129.6 129.9 129.7 128 127.2 123 116.5 108.5 99 92.3 92.6 92 89.2 86.4 73.1 64.5 64.7 66.3 78 70.8 57.1 49.3 47 48.7 49.9 55.3 57.8 47.4 45.7 30.5 -2 -2 -2 -2 -2 -2 -2 -2 -2 -2 -2 -2 -2 -2 -2 -2 -2 -2 -2 -2 -2
200.2 197.1 196.8 195.8 193.9 192 191.7 191.4 189.5 187.5 187.3 188.8 189.1 188.9 188.8 188.5 186.3 183 181.4 177.8 174.5 171.3 169.1 167.3 165 160.9 156.5 152.2 146.7 142 139 136.8 135 133 131.8 130.4 129.7 129.6 129.8 130.1 130.3 131.1 133.9 134.8 127.2 118.9 111.2 103 99.2 98.3 98.7 93.2 82.4 72.9 68.9 71.7 72.8 79.2 81.7 67.4 53.4 49.3 48.8 52.6 54.8 57.3 54 49.3 47.9 29 -2 -2 -2 -2 -2 -2 -2 -2 -2 -2 -2 -2 -2 -2 -2 -2 -2 -2 -2 -2
201.3 197.6 197.1 195.1 193.6 192 193.3 194 193.3 191.4 191.9 190.7 188.7 187.8 187.6 186.8 184.3 183.7 180.8 176.7 173.4 170.4 168.2 166.4 164.2 159.9 155.7 151.8 146.8 141.7 138.1 136.3 134.6 133.4 131.4 130 129.8 130 130.2 130.5 130.7 133.2 136 138.3 129.7 119.8 111.4 105.3 104.3 99.7 101.5 94.1 81.9 75.4 75.4 79.3 82.9 83.9 82.2 74.3 56.8 55 53.2 49.1 51.1 53.7 50.9 49.1 47 36.7 18 -2 -2 -2 -2 -2 -2 -2 -2 -2 -2 -2 -2 -2 -2 -2 -2 -2 -2 -2
202.9 201 197.8 195.8 193.7 193.7 195 195.9 196.2 195.2 195.3 194.4 191.1 189.4 187.7 186.5 185.9 184 179.9 175.7 172.3 169.5 167.3 165.3 163.1 159.2 154.8 150.6 150.5 143.5 138.8 137.1 135.7 135.2 133.2 131.3 130.1 130.3 130.4 130.6 130.8 135.3 138.2 139.3 130.6 122.1 117 110 104.7 99 96.5 90.3 83 81.5 82.6 88.6 89.2 88 83 73.2 74.3 69.6 61.8 54.6 50.1 50.2 48.4 46.8 44.3 37.7 28.8 13.3 -2 -2 -2 -2 -2 -2 -2 -2 -2 -2 -2 -2 -2 -2 -2 -2 -2 -2
204 201.3 198.4 196 194.7 195.7 196.7 197.8 198.1 198.2 198.5 198.1 194.3 191.4 189.1 188.2 187.2 183 178.9 174.8 171.4 168.6 166.4 164.2 162 158.5 154.1 150.6 148.4 144.3 139.6 138.2 137.2 137.1 135.1 133.3 132 131.2 130.5 130.6 131.3 135.7 137.4 136.6 137.7 131.6 124.8 115.7 109.3 101 94.2 89 86.4 86 88 96.2 98.5 92.1 85.1 86.7 90.7 85.3 76.2 63.9 53 49.6 46.7 45.1 42.6 36.7 30.7 25.5 21.4 -2 -2 -2 -2 -2 -2 -2 -2 -2 -2 -2 -2 -2 -2 -2 -2 -2
204.1 201.1 198.3 195.9 196.7 197.7 198.7 199.1 199.2 199.1 199.3 198.6 195.2 191.8 190.5 189.6 188 184.7 181.4 178 171 167.8 165.3 163.1 160.9 157.9 154.4 150.8 146.3 142.4 140.8 139.2 138.8 138.9 137.2 135.1 134.1 133.3 132.4 131.5 131.3 134.1 135.1 136.8 140.5 142.7 131.6 119.9 111.9 103.6 96.2 91.3 94.3 96.5 94.1 102.5 100.6 97.9 99.9 91.2 99 98.1 84.9 72.8 60 50 47 44.4 41.6 37.6 32 30.9 27.1 17.3 -2 -2 -2 -2 -2 -2 -2 -2 -2 -2 -2 -2 -2 -2 -2 -2
204.1 201.2 198.3 197.6 198.7 198.9 198.6 198.8 199.6 199.8 198.9 198 195.5 191.3 190.5 190.4 191.2 191.9 189.7 183.7 178 173 166.8 164.9 162.2 158.1 154.5 150.9 146.4 144.4 142.9 141.9 142.4 141.6 139.3 137 136.2 135.3 134.1 132.8 131.5 132.2 133.3 137 140.3 139.9 133.1 122 112.7 105.4 98.2 95.6 105.1 103.7 100.2 109.4 105.2 105.5 101.7 98.6 100 101.1 90 79.3 69.7 59 50.6 44.8 41.3 38.2 35.5 31 29.3 21 16.2 -2 -2 -2 -2 -2 -2 -2 -2 -2 -2 -2 -2 -2 -2 -2
205.4 201.3 198.6 198.8 198.5 198.2 197.9 198.4 198.7 198.2 197 196.5 195.3 191.3 190.5 192 193.8 195.5 197.5 192.4 186.2 178.8 170.1 166.8 162 158.2 154.6 151 147.8 146.4 146.1 148.5 149.2 146.6 142.6 138.9 137.6 136.3 135 133.7 132.3 131 133.1 135.8 138.4 135.7 132.3 123.7 114.7 105.3 101.6 108.5 113.7 111.2 114.2 120.9 118 111.1 99.8 99.3 99.3 99.3 96.8 87.4 79.7 67.7 53.5 45.4 42.3 43.4 41.4 37.9 31.2 27.4 22.7 13.9 -2 -2 -2 -2 -2 -2 -2 -2 -2 -2 -2 -2 -2 -2
204.5 201.4 198.7 198.2 197.8 197.5 197.3 197.3 196.9 196.4 195.3 193.8 193.2 190.8 191 194.3 197.5 199.8 200.4 196.9 190.1 182.2 173.7 166.2 161.4 157.9 154.4 151.2 150.4 149.9 149.4 151.4 157.7 149.5 145.7 140.4 138.8 137.5 136.2 134.9 133.5 131.8 131.1 132.4 133.1 131.1 128 121.7 114.2 108.6 107.3 116.3 120.8 122.7 123.2 121.2 114.9 106.6 99.3 99.8 99.9 104.2 108.6 101.2 90.9 76 69.7 56.5 52.3 52.4 55.6 47.6 42.8 35.7 26.9 15.3 -2 -2 -2 -2 -2 -2 -2 -2 -2 -2 -2 -2 -2 -2
203.7 201.7 199 197.9 197.4 196.6 195.9 195.4 195 194.5 193.9 192.4 190.9 191.4 193.6 195 198.2 200 199.7 196.1 190.8 184.5 176.8 169.4 160.8 157.7 154.6 151.4 150.4 150.1 149.7 150 151.2 148.7 147.4 142.7 140 138.7 137.4 136.1 134.4 132.4 130.4 131.6 131 129.8 123.3 119.5 116.9 111.6 121.8 131.6 130.4 130 127.6 117.6 109.5 101.8 100.4 99.9 99.2 109.6 120.5 128.7 112.5 92.3 80.2 71 65.8 67.7 68.2 58.7 57.6 49.3 35.5 27 12.3 -2 -2 -2 -2 -2 -2 -2 -2 -2 -2 -2 -2 -2
203 200.9 198 196.1 195.2 194.6 194.2 193.6 193.1 192.6 192.2 190.9 189.7 192.1 195.2 197.1 198.8 199 198.3 194.3 189.1 184.2 179.3 172.6 161.2 158 154.8 151.6 150.1 149.9 149.9 149.9 149.7 149.1 147.9 145.1 141.3 139.9 138.6 137 135 133 130.9 129.9 129.7 129.4 125 128 127.5 119.1 128.7 134.3 131.5 129.6 125.5 116.1 110 103 101.9 102.9 101.9 109.1 122.8 133.3 129.2 110.6 95.6 85 82 82.2 86 81.3 67.1 54.1 43.8 36.1 28.1 -2 -2 -2 -2 -2 -2 -2 -2 -2 -2 -2 -2 -2
202.3 200.1 196.1 193.9 193 193.3 192.5 191.8 191.2 190.8 190.3 189.5 189.1 192 195.7 198 197.8 197.6 197.4 193.3 188.5 183.7 178.8 173.8 162.6 157 154.1 151.3 149.9 149.9 149.9 150.1 150.3 149.3 148.3 146.2 142.5 141.1 139.6 137.6 135.6 133.8 132.1 130.9 130.7 130.2 131 136.9 133 127.4 133.7 139.9 131.1 125.3 120.5 117 111.3 108.9 108 109.2 108.3 108.9 124.7 146.1 139.5 122.7 109.4 99.9 100 97.1 93.2 93.1 86.7 63.9 49.5 41 37.7 17.2 -2 -2 -2 -2 -2 -2 -2 -2 -2 -2 -2 -2
201.9 199.7 194.6 191.7 191.6 191.5 190.8 189.8 187.2 186.5 186.4 187.3 188.5 192 196.9 198.7 198.5 198.3 197.6 193.4 188.3 183.4 178.6 173.8 165 156.8 153.4 150.8 149.9 149.9 150 150.3 150.6 149.8 148.7 146.6 143.9 142.2 140.3 138.6 136.9 135.2 133.5 132 131.6 131.2 130.8 130.4 130.3 130.1 130 130 127.9 122 119.1 118.4 114.4 114.8 116.6 116.1 113.3 118 144.5 161.4 149.8 134.8 134 110.7 108 123.3 108.4 95 90.3 75.4 57 45.8 38.4 29.6 18.8 -2 -2 -2 -2 -2 -2 -2 -2 -2 -2 -2
200.3 199.2 194.6 189.6 190.5 189.7 188.5 186.6 183.1 181.8 181 183 189 193.8 198.7 199.5 199.3 199.1 197.5 193.5 188.5 183.4 178.4 173.6 165.9 157.6 153 150 149.9 149.9 150 150.4 150.7 151 149.4 147.6 145.6 143.7 142 140.3 138.7 137 135.3 134 132.4 131.9 131.5 131 130.3 130.2 130.1 127.3 125.3 119.9 119.5 119.4 118.7 119.4 120.7 122.7 121 121.4 134.2 155 141.9 144.2 151.4 130 116.3 135.8 144.7 115 100.7 88.4 71.1 53.9 39.9 33 22.8 -2 -2 -2 -2 -2 -2 -2 -2 -2 -2 -2
198.4 196 191.5 190.1 188.4 187 185.7 183.3 179.7 178.3 179.5 185.4 190.9 195.9 200.4 200.2 200.1 199.9 197.4 193.7 188.6 183.6 178.5 173.4 167 159.1 154.1 149.2 149.7 149.9 149.9 150 150.3 151.7 152.7 150.7 148.1 146 144.3 142.6 140.9 139.3 137.7 137 134.2 132.6 132.1 131.7 130.7 130.3 129.5 126 122.6 120.8 120.2 120.6 123.6 124.6 125.6 128.9 135.6 133.1 130.3 131.2 131.4 136.3 139.2 132.3 126.4 148.8 158.1 147.7 121.3 108.9 90 68.5 47.3 35.1 24.5 15.2 -2 -2 -2 -2 -2 -2 -2 -2 -2 -2
195.4 192.8 189.8 188.2 186.2 184.2 182.9 180 175.7 175.5 177.8 182.6 189.1 194.6 201.4 202.4 200.8 200.3 197.3 193.9 188.8 183.7 178.7 173.8 169.2 161.3 155.5 151.5 150.2 150.1 150 149.9 154.6 161.1 158.7 153.2 150.6 148.4 146.6 144.9 143.2 141.6 140.8 140 137.2 134.5 132.8 132.4 131.3 130.3 128.2 124.8 122.8 122.8 122.8 124.7 127.5 129.5 129.1 133.7 141.3 140.2 128.2 124.7 124.7 127.5 129.3 129.1 124.7 136.8 159.1 152.7 142 134 120.8 79.5 56 40.1 28.6 19.5 15.2 -2 -2 -2 -2 -2 -2 -2 -2 -2
192.1 190.1 187.9 185.9 183.9 181.9 180.1 176.7 171.9 172.6 175.2 181.8 188.4 196.5 202.1 205.3 206.3 202.7 197.4 194.1 189 184.1 179.3 175.1 170.8 162.6 157.4 153.6 150.3 150.1 150 149.9 156.7 166.2 162.1 155.6 153.1 150.7 148.9 147.2 145.5 144.2 143.9 143 140.2 137.4 134.7 133 131.8 130.4 127.4 125.5 123.5 123.5 125.7 129 129 129 128.6 133.3 149.9 135.9 124.7 124.7 124.7 124.7 124.7 124.7 124.7 133.2 160.5 160.1 155.9 141.5 117.7 97.9 74.8 51.8 30.3 18.8 13.6 8.5 -2 -2 -2 -2 -2 -2 -2 -2
