webserver/python/data/NG90.asc
ncols 200
nrows 200
xllcorner 190000
yllcorner 800000
cellsize 50
[rows 105 to 139 of 200, columns 0 to 77 of 200]
476.5 480.1 479.4 484.4 495.7 510.5 509.7 506 488.8 462.4 440.8 423.5 410.4 390.2 378 360.3 343.9 331.4 313 303.9 298.7 285 276.6 283.7 290.3 300.5 305.1 311 334.2 364.7 384.8 406.2 431.3 444.4 454.6 463.8 475.5 492.4 511.5 533 536.6 560.5 586.5 605.4 631.5 644 659.8 679.9 704.5 730 751.4 776.6 797.2 799.8 847.3 866.8 873.9 878.6 872.5 848.5 804.8 775.3 744.8 715.6 702.3 698.5 698.3 692.8 687.1 689.9 691.3 701.2 717.6 713 697.5 673.1 655.9 644.7
477.2 476.5 476.5 489.5 497.7 502.2 499.6 489.7 475.1 448.8 420.6 395.2 378.9 366.5 349.5 330 315.3 309.2 294 276.2 272.2 262.7 249 249.6 253.9 260.3 271 276.2 303 327 358 377.5 401.6 421.3 429.8 436.1 448.3 459.7 481.2 492.6 504.7 523.9 560.8 589.3 605.7 614.8 634.8 659.6 681 704.7 727 749.3 755.9 780.6 836.1 871.5 880.4 879.1 873.1 853.9 808.2 773.5 751.7 743.7 739.1 728.2 716.8 708 709.3 719.6 731 745.1 731 703.9 682.6 667.2 649.2 627.1
488.5 476.5 480.5 513.8 517.9 506.9 491.5 467.4 448 430.9 405 380.5 360.1 341.9 328.2 310.5 292.4 282 268.6 251.1 244.3 238.4 225.5 216.4 222.8 230.5 241.8 253.8 279 307.2 325 345.1 375.9 395.9 407 411.4 430.2 432.3 457.9 464.8 483.1 506.9 533.2 559.9 572.1 584.8 607.5 634.9 657.3 681 694.2 709 715.3 768.7 823.9 869.7 879.6 877.7 869.6 859.3 828.8 803.4 784.2 767.5 755.3 745.3 736.3 733 734.2 750.7 756.7 730 706.2 677.6 659.5 646.2 633.9 610.3
499 482.6 488.1 508.9 520.3 508 475.4 459 433.4 408.4 377.3 360.4 345.9 331.4 312.9 296.2 273.8 258.8 247.7 230.1 215.1 208.3 205.5 201.9 203.4 207.4 216.6 231.9 260.9 289.2 303.4 314.3 345.7 361.2 381.4 388.4 398.7 407.8 429.3 440 451.8 479 503.1 528.3 541.6 563.1 580.9 601.6 628.9 649.9 662.8 673.4 703 745.8 793.1 825.2 845.6 861.9 870 869.4 856.9 834.9 814.7 793.7 773.1 757.7 754.8 756.2 763.4 755.6 725 698.5 676.7 657 637.2 618 606.7 590.7
509.1 494.5 489.3 499.1 494 473.4 449.2 430.7 412.9 388.7 366.1 346.4 332.6 320.3 301.7 279.8 263.2 244.1 227.4 214.1 197.9 188.6 186.3 186.2 186.2 189.3 195.9 215.2 248.1 265.4 276.3 288.8 316.3 331.6 347.9 370 380.9 386.4 401.5 409 433.5 461.3 485.2 493.8 513.8 532.3 550.1 573.3 600 618.3 622.4 650.4 696 740.8 777.1 789.8 817.8 841.7 866 880.1 884.3 870.1 841.1 826.3 810.8 791.4 783.4 774.3 759.1 726.6 701.3 673.3 649 635 614.3 596.1 580.8 565
515.7 502.3 476.5 460 444.2 425 407.7 402.6 387.8 369.9 354.6 336.6 324.2 318.3 303.2 276.8 252.6 230.7 212.8 197.6 185.1 175.1 169.9 169 170 172.9 177.9 191 230.9 235.8 254.7 281.7 288.8 301.5 322.2 348.9 348.5 360.1 363 384.4 415.9 436.4 462.2 468.7 489.9 503.3 518.6 544.9 569.2 579 602 647.3 687.1 731.3 736.9 760.9 782.5 826.8 841 852.1 873.7 886.3 887.5 859.8 841 824.4 807.9 776.5 746.4 719.4 692 658.2 640.2 622.2 600.5 580.1 561.7 544.4
517.4 492.2 469.2 444.7 411.9 386.8 368.6 361.6 356.3 342.3 326.1 316.3 309.4 320.6 294.7 263.5 238.1 222.6 204.3 183.6 175.4 166.1 159.2 156.5 157.5 158.4 159.1 173 185.3 196.2 202.9 228.4 249.9 258 292.6 317.5 318.4 333.5 336.2 365.4 379.7 411.8 427.9 448 461.5 478.2 498.2 514 535.1 555.6 597.8 633.1 668 684.6 698.1 731.6 766.8 793 816.6 832.2 846.6 865.2 878.5 874.5 851.4 829.7 801.4 769.6 741.2 716.9 688.9 656.7 628.7 606.9 588.1 567.8 546.1 529.5
472.8 452.5 437.8 414.8 389.3 367.1 339.7 330.7 331.4 327.5 310.1 315.3 299 307.3 281.2 258.3 238.2 216.3 201 180.4 170 161 157.4 150.2 148.8 149.1 149.3 155.2 160.1 168.7 172.1 186.1 199.8 229.4 262.8 276.8 294.5 296.2 306.6 321.8 349.2 373.5 394.9 415.3 430.8 447.5 461.2 487.3 517.2 551.5 575.4 597.6 629.9 638.5 668.6 711.4 740.7 757.2 779.5 808.5 823.7 843.3 854.2 846.5 830.4 816.8 797.9 765.3 738.2 706.3 675.2 645 620.7 602.5 578.9 554.9 532.1 514.6
456.9 424.6 402 378.5 358.9 341.5 325 302.5 293.9 294.9 296.8 286.9 295.4 274.9 254.5 235.5 216.2 199.7 182.5 166.7 164.2 160.8 155.5 146.7 144.8 145.6 146.7 147.9 148.5 149.2 149.8 161.9 173.3 195.9 210.4 229.8 245.5 256.7 269.6 279.3 310.5 344.1 367.1 382.4 399.9 403.9 435 475.2 497.9 522.5 543.6 566.7 581.6 603 650 688.4 694.9 715.2 749.4 789.4 806.9 820.8 837.1 832.3 823.5 802.8 779.2 741.8 724.4 689.8 661.4 634.2 616.8 601.8 573.9 549.2 524.5 503.5
423 396.8 377.8 358.8 341.7 326 302.8 288.5 279.5 274.6 267.7 260.1 254.6 233.5 219.7 203.3 189.9 178.4 165.2 158.3 152.9 153.5 148.3 144.3 143.4 143.2 144.4 145.8 146.9 146.8 147.1 150 159.8 177.6 183.9 194.3 218.8 237.5 240.3 248.6 264 301.7 326.3 350.2 365.2 376.3 412.3 453.2 480.3 498.5 519.3 534.2 552.6 587 618.9 623.2 653.7 693.1 733.7 763.8 788.8 802.9 807.2 809.9 798.3 783.2 754.9 727.6 695.6 668.7 648.5 630.2 616.2 593.6 565.7 543.6 529.5 511.9
396 373.8 355.6 342.4 326.9 308.9 292.6 288 278.6 268.7 253.9 243.4 223.1 214.4 201.4 186.2 167.4 156.9 152.2 142.3 139.5 138.4 142.2 142.2 143.8 152.1 155.7 148.2 148.1 148.5 153.6 168.1 152.1 153 163.2 175.4 202.4 211.5 213.2 234.5 254.4 271.1 293.3 310.9 318.8 352.2 397.2 438.4 458.7 469.9 493.1 496.7 533.2 556.3 575.1 593.8 646.1 682.5 713.8 740.6 773.9 786.6 786.7 792.2 785.4 762.4 732.2 702.7 676.6 657.5 638.9 624.2 611.5 596.1 580 558.9 544.1 525.5
368.6 350.2 331.4 317.3 311 293.7 286.9 289.5 281.9 270.3 257.8 241.8 220.4 197.2 180.5 168.6 154.7 146.3 142.4 134.3 136 145.4 147.1 147.8 148 169.8 168.4 160.6 152.6 151.6 174 198.5 184.1 158.2 153.9 160.9 176.7 184.8 192.1 217.5 242.6 250.3 266.6 272.5 302.3 336.9 369.4 411.8 428.7 447.4 452.6 478.5 503.8 511.6 534.4 584.3 622.9 663.8 684 721.3 751.4 758 766.3 778.3 783.9 757.9 724.8 703.4 681.8 657 642.2 633.2 625.7 616.7 602.5 582.8 564.9 542.7
345.9 322.7 290.2 278.6 276.6 267.8 273.6 282.5 269.9 256.1 247.1 235 216 199.4 180.1 162.5 147.1 129.9 127 130.6 142.1 156 154.6 147.2 165.9 188.9 186.9 176.3 165.9 161.9 181.9 202.3 197.2 175.9 160.2 154.4 155.1 160.3 173.1 198.8 213.9 222.3 221.6 251 279.2 319.4 348.1 372.1 400.4 411.4 421.3 444.7 450.2 489.7 526.6 559.2 591.9 622.8 663.8 699.3 725.4 743.5 754.2 769.1 774.2 762.7 741 718.6 689.8 668.1 653 648.7 643.5 644.2 630.5 604 585.2 561.9
312.2 284.8 251.3 234.5 229.9 237.2 215.3 244.2 256.7 244.2 228.1 216.3 205.4 190.7 174 157.1 142 126.2 130.6 141.5 148.5 149.6 139.5 134 153.4 202.8 206.5 194.9 187.9 179.4 211.6 219.9 201.3 191.8 188.8 175.6 172.5 168.4 160.5 161 174.3 184.4 206.3 235.4 259.9 289.3 325.3 359.5 379.6 372.2 380.6 400.8 440.3 473.4 511.3 542.7 577.7 613.7 650.1 682.1 709.8 733.8 749.3 760.7 767.5 776.2 759.1 732.8 709.3 692.2 674.5 668 671.3 674.8 646.9 617.8 591.5 570.5
263.8 240.3 219.2 196.2 184.9 182 172.1 182.8 208.7 202.3 187.9 189 187.6 181.9 167.9 149 131.9 114.4 111.4 131.9 135.3 119.7 116.6 131.1 155.5 211.5 228.3 220.3 210.2 210.4 233.5 220.5 219.8 215.6 199.4 197.3 187.7 181.4 177 192.3 171.4 167.7 183.6 214.3 244.9 271.6 301.4 330.8 329.8 341 380.3 417.2 448.1 477.8 507.2 535.8 570 606.9 639.5 663.2 699.1 722 742 759.7 774 779.7 771.5 759.7 731.9 719.3 710 705.1 704.1 692 650.7 616.4 598.8 585.4
229.2 209.3 192 172.6 161.3 149 142.2 137.6 147.6 143.1 143.3 162.6 165.5 155.9 138.6 128.5 118 99.8 94.2 111.4 101.4 101.9 129.3 141.5 171.2 230.6 250.9 237.6 222.7 238.6 237.4 233.2 235.1 224.6 219.9 206.5 193.2 181.3 184.6 193.5 179.8 170.5 174.1 199.7 234.3 269.2 294.7 292.8 316.2 347.9 370.4 390.8 422.3 459.6 493.9 522.9 557 592.9 618 656.5 684 712.9 729.8 751.9 760.8 760.8 758.8 760.6 763.6 759.5 750.2 743.3 716.5 676.4 651.6 629.1 615.7 610.1
197.3 172.8 162.6 151.7 137.5 118.5 105.5 103.2 98.1 106.1 118.4 132.9 132.5 122 116.9 108.2 100.4 89.5 79.9 86.5 94.7 124.4 134.2 158 200.4 262.2 267.8 247.1 247.2 255.7 247.7 240.9 243 233.7 217.7 205.2 187.7 178 182.9 185.3 180.2 169.5 173.6 199.1 235 262.1 269.2 287.3 305.1 321.4 347.5 365 396.7 431.2 465.7 506.8 540.8 565.8 597.9 627 663.7 694.9 714.5 730 727.6 726.7 728.6 733.7 742.6 758.2 768.8 757.5 710 676.5 652.7 645.3 648.7 638.6
152.6 150.2 140.5 125.6 111.1 96.9 86 82.5 82.2 93.2 107.6 108.4 107.8 100.3 98.9 90.8 82.7 78.4 78.4 91.4 114.5 137.7 156.8 188.6 248.7 279.8 273.4 288.8 282.3 269.4 265.1 260.7 250.3 235.6 213.2 192.6 180.8 178 177.5 178.4 173.1 173.7 181.6 202.3 220.6 238.4 255 263.4 280.9 301.1 324.3 342.4 370.3 406.5 447.3 480.4 513.2 545.8 574.9 613.2 631.1 659.7 685.3 696.3 699 701.7 704.3 709.8 718.4 725.9 737.9 744.5 728.9 702.3 686.8 673.7 673.9 659.4
141.8 135.1 115.3 98.6 86.9 75.8 69.6 69.2 73.2 84.6 95.9 91 89.8 83.1 79.7 78.3 77.6 80.1 92 106.3 131.4 151.7 177.8 225.1 272.7 298.5 304.6 311.4 291.1 287.5 280.4 267.1 247.9 230.1 210.1 191.5 181 184.3 180.9 174.1 173.9 177.2 189 196.3 205.5 230.8 243.4 245.7 256.5 276.4 293.9 308 348.1 378.4 431.3 469.5 501.8 530.8 564 587.9 610 637.2 648 655.5 669.3 681.1 679.6 683.2 692.4 702.3 711.5 726.5 739.7 728.5 715.6 712.8 703.5 688.1
114 109.9 91.3 79.2 70 68.2 67.9 67.9 68.2 68.5 72.9 77.1 73.1 71.1 69.8 72.6 78.2 90.2 109.9 128.3 150.3 167.8 195.7 247.9 289.8 317.3 329.7 320.6 296.4 299 274.9 257 241 226.2 208.4 193.4 185.3 180.7 178.2 177.8 181.6 196.9 213.1 210.1 203.3 231.5 241 236.3 235.9 247 263.1 281.6 320.5 367.8 415.9 459.8 481.8 518.1 542.6 560.1 583.7 595 616.2 633.6 643.3 650 653.7 663.7 669.1 677.3 688.6 702.9 719.6 733.6 743.7 734.1 722 702.2
90.8 87.6 76.4 68.3 68 68.1 67.9 67.9 68 68.7 70.8 69.5 72.8 77.5 82 86.3 90.5 112.4 133 149 164.2 188.1 223.8 269.4 315.1 337 337 318.6 306.5 297.8 281.3 268.7 250.2 233.4 214.9 196.8 187.7 187.1 186.8 187.7 203.1 222.7 235.3 207.3 206.5 218.3 224.2 219.4 224.7 232.9 242.1 268 308.6 349.3 386.7 437.1 471.5 500.4 519.8 535.6 551.8 582.3 611.4 622.8 631.1 633.9 639.2 646.1 649.7 660.8 670.2 681.6 699.9 718.4 727.9 730.1 731.6 729.8
73.6 71.5 67.9 63.4 66.1 66.8 67 64.8 66.6 71.9 80.1 90.6 93.1 98 106.5 112.1 117.8 141.7 154.2 168.2 182.9 218.4 255.7 292.6 337.9 349.5 340.8 323.9 318 305.9 289.9 273.9 256 237.1 220.2 214.4 201.8 199.8 198.7 203.3 221.7 244.8 234.6 210 216.9 213.9 215.1 216.9 222.3 229.9 244.5 268.6 298.2 341.8 372.6 413.7 449.1 474.3 493.8 514.1 538.3 564.3 581 597.6 609.4 620.6 616.4 624.8 630.2 643.1 654.1 659.7 677.6 695.3 706 711.6 720.8 730.5
63.5 62.6 62.7 62.8 64 63.1 65.8 74 88.3 96.9 106.2 110.8 116.5 125.5 131.2 141.7 148.2 160.2 172.2 185.8 205.5 242.8 285.5 304.8 333.8 351.5 348.4 337.8 335.3 336.9 324.7 303 281.4 258.5 244.1 239 220 210.9 210.9 224.9 246.8 249.5 236.5 223.1 242.6 230.5 217.3 218.4 225.5 230.5 248.4 275.1 305.5 338.9 362 386.9 420 442.4 469.2 492.8 524.3 542.4 560.1 585.3 602 602 598.9 604.5 616.2 625.6 634.5 642.2 650.7 666.4 681.9 691.3 703.9 728
64.1 65.1 65.4 63.9 69 68.9 80.7 100 110.9 126 137.3 139 146.8 151 157.1 163.2 169.8 174.2 190.7 210.9 233.8 262.6 296.3 327.5 348.7 357.5 362.7 366.1 364.6 351 332.5 312.9 298.4 279.1 268.4 249.8 232.5 229 236.4 239.6 251 248.7 237 238.2 256.1 234.7 218.4 216.9 221 232.3 253.8 278.9 310.4 335.2 366.5 388.9 407.5 432.3 456.6 489.5 507.8 530.2 548.8 566.4 579.1 576 572.3 591.6 602.4 610.4 619.9 628.3 635.2 645.2 656.7 661.7 690.1 716
71.2 71.9 72.4 79.3 85.9 89.8 105.1 120.6 131.8 144.7 154.6 166.3 180.7 183.7 191.5 195.6 192.9 200.5 220 240.5 263.7 290.6 329.1 353 359 362.2 379.6 394.3 375.5 359.8 339.7 320.3 302.6 286.3 266.6 258.3 263.1 249.9 268 256.6 252.3 248.8 245.4 249.9 249.7 236.6 218.1 217.8 225.1 238.7 265 285.9 322.3 344.1 364.7 375.7 397.7 410.5 437.3 482.9 509.9 521 536.9 545.5 552.3 553.6 567.7 573.2 586.3 590.1 602.5 610.4 616.5 622.2 621.5 649.2 679.4 700.9
74.9 84.2 88.5 93.7 103.4 112 127.9 139.6 152 163.7 183.6 199.4 214.1 222.6 233.5 242.8 247.3 248.5 252.4 272.8 298.9 328.3 363.3 388 398.7 396.2 407.4 409.1 389.9 360.2 344.3 326.6 306.8 303 306.5 303.7 298.7 278.3 277.5 269.7 262.5 254 262.1 253 245.9 238.2 224.9 218.2 232.3 253.3 272.7 297.1 331.8 342.8 358.4 360.3 366.2 381.3 422.7 450.6 477.8 510.3 520.5 531.5 538.3 544.9 549.8 554.8 556.7 565.1 576.3 588.8 594.7 597.7 586 634.7 657.7 679.8
78 87.4 99.4 108 115.6 128 144.7 159.4 180.6 208.3 219.4 229.6 244.1 258.4 272 282.6 290.2 288.3 291.2 306.6 328.1 366.7 401.3 418.5 426.6 430.6 426.5 418.3 402.6 397.6 384.7 361.3 351.7 341.7 339.6 335.3 318.6 297.4 299.4 299.5 293 270.5 271.5 261.8 246.5 236.4 225.2 234.6 240.4 246.5 266.8 287.7 314.7 328.9 340.6 345.3 353.1 367 390.3 419.6 451.8 473.3 495 509.4 521.8 527.5 521.3 530.5 535.1 541.7 560.9 570 567.2 558 580.5 619.3 636.5 668
99 110 117 123.1 129.6 141.4 159.5 187.4 214.3 234.8 252.6 264.3 281.3 297.5 311.5 315.9 328.5 328.6 330.1 336.6 364.1 400.6 425.5 447.5 450.9 449.4 442.1 430.9 432.7 433.9 420.6 406.5 386.1 371.6 366.4 355.2 338.7 325.8 337.8 339.5 324.9 310.3 281.9 271.1 266.3 239.2 243.2 249.4 244.4 244.9 262 282.8 298.8 309.1 313.2 332 340.8 359.1 386.7 413.9 425.1 451.4 481.2 493.8 490.8 497.6 494.4 508.3 514.7 520.2 526.4 534.5 528.7 533.3 561.3 598.9 618.4 652
98.1 119 138.5 144.8 148.4 162.3 184.1 211 240.1 257.8 270.9 288.3 319.8 339.3 343.3 355.8 363.2 360.5 364.9 374.5 408.6 435.4 447.5 460.3 468.6 461.3 458.8 469.1 473.9 466.8 454.2 433.6 415.1 407.8 387.4 368.3 352.3 363.4 367.3 353.7 333.1 313.7 288.1 271 261.7 248.3 250.7 251.2 248.7 247.8 248.5 264.3 283.1 285.7 306.4 326.4 348.2 349.9 367.8 385.3 403.7 427 447.1 465.9 471 481.4 474.6 480.1 490.6 495.6 500.9 495.7 491.4 511.7 544.1 571.4 598.4 632.1
133.6 137.5 142.7 161.7 178.4 192.4 214.3 237 261.7 275.9 289.1 319.2 345.6 366.9 386.9 396 398.5 394.6 402.8 416 448.7 464.7 473.4 473 483.7 489.4 497.9 509.9 504.8 502.9 492.4 467.5 439.3 425.4 411.6 401 396.5 392.9 380.7 359.2 342.7 313.5 293 275.9 265.6 261.5 261.2 254.2 253.1 250.2 248.9 254.1 260.2 271.5 295.6 333.2 333.5 344.8 359.5 373.3 396.9 415.1 418.2 433.8 445.5 459.6 450.9 454.8 468.2 470.9 469.8 459.7 471.5 496.9 527.6 557.6 577 607.8
160.9 161.8 169.7 178.8 190.8 218.4 244.1 262.4 283.3 306.4 329 351.8 382.2 404.8 416.1 423.5 431.2 433 448.8 469.9 486.7 494.8 499.8 498.5 508.3 511 513.9 517.3 518.1 507.7 493.3 478.9 470.7 463.1 453.8 441.4 431.2 421 400.6 381 355.4 332.6 323.3 304.8 284.3 288.1 279.5 270.2 262.9 249.7 250.1 252.9 263.9 281.4 311.8 312.9 329.3 343.8 369.6 393.3 408.6 414.9 409.2 412.1 424.2 426.1 422 438.4 441.7 438.5 430.4 438.2 456.8 484.1 505.2 530.4 551.9 583.1
179.1 192.2 204.9 216.2 227.4 252.5 271.5 292.1 325.4 352.9 372.9 391 413.8 429.3 447.5 459.1 465.2 473.9 490.6 499.8 510.7 522.9 522.8 525.5 523.7 523.3 521 519.1 519.7 517.8 520.5 509.5 499.6 481.9 466 454.3 445.8 432.4 417 391.3 369.8 363.7 345.8 332.7 301.3 304.9 295.7 283.4 267.2 257.5 253.4 252.5 274.5 292.9 299.1 313.3 326.1 329.8 349.8 371.2 382.5 384.7 372.2 386 395.1 386 398 412.5 414.7 406.9 401.4 415.9 432 460.4 485.5 506.4 535.5 563.6
199.2 216.9 231.5 244.7 258.8 279.3 301.4 333.5 357.2 390.4 409 426.4 434.2 458 478.6 491.6 499.6 506.7 517.2 529.8 538.1 546.8 547.5 545.6 543 536.1 542.1 551.1 538.9 540.8 533.2 522.6 512.5 499.6 489.7 472.9 458.2 440.9 431.9 422.1 395 382.7 371.7 346.1 317.1 319.9 320.2 309.4 286.5 272.6 260.5 265.9 269.2 287.3 296.2 305 310.1 315.9 332.1 333.4 344.4 347.8 345 350.8 354.2 350.9 362.3 372.3 374.4 376.3 382.2 402.5 436.6 462.1 480.6 492.9 526.7 553
224.2 232.1 252.1 271.5 298 318 344.1 364.2 392.5 418.6 429.9 449.9 477.7 497.5 519 528.4 533.6 540.7 559.4 564.9 565.6 581.6 593 587.4 576.2 570.5 562.2 567.5 560.3 554.2 538.1 534.1 522.7 519.7 516.8 498.5 490.3 475.7 451.8 437.6 427.4 415.6 389.9 354.6 354.1 354.9 335.4 322.2 302.5 296.7 285.5 268.8 269.6 287.3 291.7 292 296.3 292.8 294.2 301.6 304.5 309.2 315.1 328.7 327.6 336.8 347.2 350.8 351.2 353.2 375.4 401.2 426.2 436.1 446.6 473.5 500.7 521.5
231.4 249 268.4 300 329.2 355.7 383.5 394.6 418.4 455.5 476.6 498.4 512.9 534.7 546.7 556.4 568.2 582.3 588.4 596.7 608.7 615.1 619.7 619.2 601.7 594.3 588.8 592.1 584.2 567.6 563 556.7 546.1 540.8 535.7 525.9 507.6 496.8 480.8 460.5 453 434.8 408.2 374.9 383.4 383.3 368.8 340.6 312 296.5 274.1 267.8 268.3 276.4 285.8 275.9 271.7 273 275.2 285.5 290.8 304.3 310.7 321.5 318 312.5 320.6 331.9 329.7 343.6 368.6 375.4 382.5 416.6 433.1 462.4 492.6 520.2
