webserver/python/data/NG91.asc
ncols 200
nrows 200
xllcorner 190000
yllcorner 810000
cellsize 50
[rows 70 to 104 of 200, columns 79 to 157 of 200]
292.3 315.1 347.7 372.9 389 404.2 427.9 430.5 418.2 395.3 363.6 340 318.1 292.4 266.5 249.3 225.3 196.7 175.7 160.4 141.2 120.2 114 102 89.3 85.2 62.8 46.3 30.9 17.1 10.5 7.3 7.2 7.4 7.4 7.6 10.7 14.5 20.8 29.2 40.1 49.7 67 81.3 91.4 108.8 132.9 173.1 203.7 233 256.4 285.3 315.3 338.9 345.1 352.1 364.3 375.5 388.5 411.1 432.7 456.9 497.8 527.2 565.7 603.1 636.9 663 684.9 715.7 753.7 789.8 826 858.9 877.7 906.7 936.2 939.8 918.7
300.9 326.7 357.5 382.2 400.7 418.4 435.2 436.2 423.1 396.8 367.6 341.7 315 290.2 267.9 251.8 228.9 206.7 183.5 163.4 147.2 135.1 126.1 114.6 101.2 86.4 68.8 52.4 39 19.9 8.8 7.2 7.3 7.4 7.6 7.6 7.8 11.1 17.6 24.3 31.7 48.1 65 74.7 88 115.3 140.6 169.6 196.2 227.6 259.5 292.6 325.7 357 376.7 391.3 409.1 420.9 433.8 442.6 449.5 453.5 470.6 495.4 536.9 580.3 615.9 641.1 666.6 699.9 735.5 773.6 811.2 835.8 856.4 882.7 905.7 901.2 878.8
309.1 334.9 363.4 387.4 415.4 435.3 451.9 452.8 430.9 400 376 357.5 330.6 303.2 288.5 267.8 244.3 219.1 195.8 177.7 166.1 151.4 138 128.8 110.4 89.4 76.7 62.1 45.5 20.3 8.3 7.2 7.5 7.6 7.7 7.8 8.3 7.9 13.7 18 22.2 35.9 51.9 69 102 128.8 147 165.9 194.2 220.5 249.7 289.1 314.9 354.1 384.4 415 445.4 463 475.2 483.6 490.5 496.3 508.2 508.9 517.6 543.8 594.5 628.1 651.4 682.2 717.6 754.6 792.4 819.2 835.1 863.4 879.7 864.9 841.2
313.9 339.5 374.9 404.2 431.6 448.9 471.1 463 436.3 405.1 386.4 363.4 338.7 325.6 309.4 288.5 261 234.5 209.3 202 189.9 177.3 151.3 133.5 113.7 96.8 83.7 63.8 42.8 23.4 12.7 7.7 7.8 7.9 8.1 8.2 8.4 8.1 10.1 13.3 17.9 28.7 45.2 83.2 110 136.7 145.8 161.9 189.2 215.1 242 270.1 314.1 359.7 390.6 425.8 463.1 489.5 501.8 518.1 529.4 539.9 550 552.9 560.3 558.5 570.9 595.2 636.2 665.9 700.1 749.7 785.8 811.4 828.2 855 869.1 841.9 815.6
317.8 348.8 382.4 418.4 441 463.6 485.4 470.7 446.7 421.7 397 375.1 364 350.7 328.8 310.4 277.9 255.1 238.7 222.3 204 185.1 163.5 147.6 121 105 92.5 69.6 45.7 26.4 14.8 10 8.4 8.6 8.7 8.7 8.6 8.8 10.1 14.6 20.3 32.1 49.1 75.4 106.8 125.2 142.5 162.9 183.9 207.8 236.7 268.6 308.5 345.1 381.6 421.3 463.1 500.1 514.6 533.9 555.3 570.5 583.1 591.3 595.8 599.5 607.1 608.3 638.6 672.9 706.1 748.2 784.9 806.9 833.4 853.2 870.9 841.4 809.3
322.5 356.9 394.1 434.3 456.3 484.8 488.4 478 458.9 439.8 414.7 399.4 386.6 366.9 344.7 326.4 299.6 279.2 259.8 239.6 213.8 190.8 178.1 162.9 133.7 112.3 95.2 76.8 48.6 32.1 19.8 13.2 9.1 9.2 9.2 9.1 8.9 9.5 14.6 12.7 19.3 30 45.1 69.3 98.2 126.4 150.7 163.1 181.3 200.8 229.7 266.4 300.9 336.1 368 407 448.6 486 519.5 545.2 568.6 592 609.5 619.3 625.5 634 645.3 660 660.1 665.9 712.6 750.4 786.7 804.1 835.1 857.3 877.6 851.9 812.3
327.4 369.2 409.8 446.2 465.8 490.3 490.1 490.6 480.4 459.6 440.2 427.2 412.2 386.3 363.1 343.1 328.5 303.6 280.9 252.4 226.4 204.6 188.8 169.5 142.3 118.2 97.8 74.1 50.2 36.9 25.1 15.3 11 9.7 9.6 9.5 9.3 8.7 8.2 8.6 15.5 26.9 42.3 67.1 100 124.9 147.9 161.9 176.4 192.4 215.9 252.8 289.7 324.4 362.2 398.6 435 471.4 504.4 537.2 570.4 602.8 624.8 641.8 653.8 663.4 679.9 695.9 703.6 717.6 739.2 747.1 777.2 803.6 838.7 863.4 886.4 851.7 805.6
327.5 377.6 419.8 459.3 468.2 485.7 489.6 508.9 505.8 480.5 461.6 449.1 426.3 403.3 385.6 363.7 343.6 315.7 303.1 276.4 248.9 223.6 199.9 175.1 148 126.7 100.3 76.1 55.4 40.6 28.5 16.3 13.4 10.1 9.9 9.8 9.7 9.4 9.1 8.9 11.7 21.9 37.3 62.3 92.3 115.2 139.6 149.9 167.8 184.5 205.5 233.8 273.3 309 345 378.8 422.3 460.3 493.8 528.2 565.1 600.6 640.4 666.4 686.2 693.3 720.8 733.5 742.5 755.3 774.4 793.3 803.9 809.6 845.5 875.6 883.3 842 803.2
325.6 364.6 409.5 447 462.9 476.9 480.1 495.3 499.7 489.8 477.8 465.8 444.7 421.7 402.6 381.5 356.2 332.2 329.4 299.8 266.7 237 208.5 176.9 147.3 125.8 102.7 77.9 58.5 44.5 31.5 20 13.4 10.4 10.1 10 10 10.1 9.9 10 13.5 22.7 36 52.9 77.8 103.4 120.8 147.2 171.5 193.6 211.3 230.4 255.7 301.3 342.6 373.1 413 450.1 479.9 512.8 551.3 600.6 639.7 673 703.5 733.7 756.6 778.7 784.8 794.6 807.4 819.1 823.5 835.4 869.1 897.9 891.9 852.7 814.8
313.7 361.9 389.7 425.9 444 462.7 471 488.8 506.9 509.3 495.2 478.7 466.4 443.4 418.8 394.9 369.9 349.7 331.1 302.6 268.1 249.4 219.7 189.9 163.3 137 105.8 80.4 61 48 34.9 23.4 15.1 11.2 10.2 10 10.1 10.3 10.8 11.5 14.7 23.4 34.4 46.9 68 92.8 116 137.5 155.6 186.8 213.2 232.1 259.1 289.3 325.7 365.1 406.6 440.9 470.5 502.8 536.6 578.1 624 648.7 679.2 719.1 756.6 783.9 805.2 842.9 846.9 846.2 856.9 877.1 907.7 925.5 908.4 876.1 845.1
301.8 337.4 366.2 397.8 420.7 436.9 453 469.7 493.4 510.5 506.2 493.1 477.9 457.6 427.7 407.4 387.5 366.8 345.8 319.4 298.9 266.4 235.7 202.9 170 136.9 106.7 82 65.1 51.2 38.2 26.5 16.2 13.2 10.9 10.7 10.2 10.3 10.4 10.5 13.6 20 30.1 42.4 64.2 80.6 104.8 130.6 157 183.4 201.7 227.1 257.5 286.3 314.2 349.8 391.3 434.5 462.5 491.1 525.7 560.8 593.6 625.8 656.7 692 735.3 768.2 802.2 853 869 878.3 895.8 928.2 949.4 945.8 902.9 865.5 828.6
284.2 318.2 346.1 375.8 398 410.6 430.9 446.8 473.9 487.3 499.6 504.2 494 473.5 447.4 425.7 403.9 386.4 365.1 335.8 307 272.4 236.3 199.5 168.3 137.3 107.3 85.8 69 54.8 41.6 29.4 18.8 11.4 11.2 10.6 10.4 10.2 10.3 10.6 11.8 16.8 24.9 36.6 51.9 75.7 102 126.1 152.7 179.7 206.5 231.8 256.8 284.7 313.4 343.3 380.8 414.4 444.4 474.9 507 540.1 569.6 600.7 631.3 670.8 702.8 729.4 776.6 824.9 853 891.3 934.3 959.7 982.3 986.9 940.9 885 853.7
272 292.7 322.6 354.4 372.6 388.8 413.8 429.7 448 464.7 490.6 511.5 519.3 500.2 475.6 450.2 427.7 405.2 375.7 339.4 309.6 273.3 233.7 201.6 173.5 139.3 109.8 90 73 58.4 44.3 32.1 23 14.4 11.4 11.3 10.3 10.3 10.6 10.9 11.6 15.3 21.5 31.2 44.2 71.3 97 121.4 144.8 172.3 200.3 231.1 262.9 289.9 313.3 338.2 368.9 399.5 428.5 455.6 479 510 544.7 578.9 604 632.7 677.6 716.8 756.7 806.4 834.3 878.8 923.8 962 991.3 996 959.5 909.1 842.6
257.5 275 301.7 324.4 348 367.6 387.5 403.6 419.7 444.6 479.3 505.3 514 520.7 507.5 489.9 451.3 413.3 375.6 338.1 303.9 272.1 239.3 205 171.8 140.6 115.8 96 77.3 61 46.3 34 24.5 15.8 11.3 11.5 10.9 10.7 10.9 11.2 11.9 13.4 17.6 27.6 41 66.9 87.9 108.2 135.4 166.3 194.9 218.8 249.6 281.9 310.4 343.8 368.4 392.4 416.5 434.6 456.9 489.5 519.9 560.8 596.5 632.4 664.7 699.4 741.3 789.8 821.9 864.9 904.9 943.8 970.5 967.4 939.2 907.8 852.7
243.1 260.5 285.5 307.2 327.7 348.1 363 379.1 396.7 418.7 450.4 483.8 500.9 527.3 529 496.9 455.4 410.5 374.1 340.7 307.2 272.6 239.1 211.7 176.6 147 121 100.8 82.5 64.1 49 35.9 25.4 17.5 12.1 10.9 11 11 11.2 11.5 12.4 14.4 17.7 25.3 38.2 57.2 76.4 99.2 129 159.5 191.3 218.5 247.8 281.3 313.2 340.1 363.2 382.3 399.6 426.8 460.4 492.3 518.5 550.7 584.2 623.7 658.8 688.1 731.1 777.1 804.7 851.2 889.2 928.3 953.5 935.8 913 888.8 850.4
228.1 250.9 276.4 304.9 315.2 331.2 343 356 376.2 398.6 419.3 449.2 483.2 504.2 513.5 486.2 447.9 406.2 371.1 340.9 307.5 273.9 246 220.2 185 152.9 127.9 107.8 86.8 71.2 55.4 38.6 27.5 18.6 13.3 11.3 10.8 11.1 11.4 11.7 12.2 15.3 18.5 23.5 34.9 53.1 70.8 93.5 121 155.4 194.2 223 249.3 277.2 306.2 330.9 349.2 366.5 375.9 419.2 452.7 488.3 524.6 555.9 581.7 612.5 650 682.6 715.8 761.1 791.1 832.6 873 913 923.6 914.4 892.2 868.2 831.1
216.7 241 273.3 304.6 312.7 316.4 324.3 339.3 362.5 383.9 405.6 433.7 463.2 482.2 495.8 481.4 450 416.7 384.2 353.8 321.3 285.3 255 221.2 187.2 152.4 130.7 113 93 74.6 58.1 42.3 30.1 20.3 13.9 12.1 11 11.2 11.5 11.7 11.9 13.9 16.5 22.1 34.6 49.2 63.9 86.4 113.9 146.1 185.8 215.2 244.2 271.2 299.1 316.9 324.9 338.1 372.7 411.6 454 488.9 525.4 554.2 585.7 611.3 644.8 676.4 717.6 744.4 776.2 824.2 861.9 904.1 915.2 896.5 874.9 848.9 814.1
208.2 235.5 259.8 284.6 294.8 297.4 312.9 333 353.2 375.1 393.2 427.4 461.7 501.9 513.5 509.8 474.6 434.9 400 361.4 326 291.1 257.3 227.8 194.7 163.5 142.3 122.1 103.5 78.5 61.6 44.7 30.6 21.1 14.3 12.2 11 11.2 11.4 11.6 11.8 12.6 14.2 20.2 33.5 43.9 55.1 73.7 101.4 136.7 173 209.3 239 264.3 282 292.5 299.5 332.6 367.8 404.6 452.6 494.2 527.5 561 592 617.6 654.4 685.9 711.7 732.5 770.3 819.4 856.8 896.5 904.2 888.9 862.3 832.5 797.2
204 223.5 241.3 262.5 275.3 284.3 302.1 323 338.9 358.8 375.7 415.7 454.3 499.8 530.7 527 488.7 449.4 410.4 375.9 339.8 300.6 269 234.1 203.1 179.3 160.6 135.2 113.3 92.7 66.4 47 31.9 21.7 14.8 12.3 11.5 11.8 12 12.2 12.2 12.6 15.2 19 28.6 37.6 48.4 60.1 86.2 117.3 163.5 203.2 226.7 241.2 256.1 270.6 294.1 327 369.8 409.2 449.3 485.1 521.5 559.2 589.5 627.2 666.9 690.1 711.7 728.3 763.2 817.7 849.3 878.8 893.8 876.5 857.8 825.6 790.1
204.6 209.1 224.3 242.2 255.6 271.9 287.2 304.2 324.8 348.8 360 393.1 428.7 473.2 507.6 524.8 496.6 457.7 428.1 391 349.8 305.6 275.8 246.9 219.1 194.8 177 156.9 128.1 109.1 81.4 55.2 35.9 24.4 15.2 12.5 11.9 12.4 12.6 12.5 12.4 12.5 13.8 17.6 27 36.8 47.3 61.4 82.1 113.4 154.1 183.4 193.9 211.2 226.4 262.2 295 330.2 368.7 408.7 442.4 467.9 505.3 530 559.2 602.9 647.3 660.8 687.5 720.5 749.7 782 821 847.2 865.9 860.9 850.3 822.5 795.8
217.2 208.2 218.3 229 242.9 255.8 267.1 289.1 310.5 328 348.2 378.8 408.7 446.5 487.8 517.3 500.3 470.1 439.5 403.9 375 335.3 303.5 265.9 242.2 215.4 193.2 168.7 137.9 113.7 88.3 61.8 42 28.7 15.9 12.6 11.9 12.6 12.4 12.5 12.6 12.7 13.8 16.3 23.4 35.1 45.2 61.8 78.5 105.5 137.4 154.1 163.5 194.6 225.8 259.6 287.8 296.6 328.5 373.8 415.5 417.4 434.3 454 483.9 521.9 573.4 633.9 674.5 722.7 760.7 799.5 816.2 822.7 834.4 845.3 852.6 829.4 802.4
231.3 223.6 216.4 220.9 229.5 239.8 256.1 274.4 292.4 314.4 335.8 361.8 388.4 421.4 462 503.1 514.3 493.1 465 430.7 397 361.4 322.5 296.1 272.1 239.3 206.3 175.1 145.5 116.4 90.7 68.9 50 34.6 19.1 12.8 12.2 12.4 12.6 12.7 12.8 12.9 14.1 17.4 21.1 28 39.8 54.4 67.3 89.5 112.9 128.7 151.4 188.4 215.9 222.4 230.4 267.6 298.1 333.7 367.2 403.1 442.7 477.5 523.5 569.3 613.7 640.2 674.8 721.8 759.4 790.2 809.1 827.9 843.4 852 858.2 838.4 809.6
246.6 238 227.1 221.6 223.3 231.3 244.5 261.6 283.3 301.9 323.3 348.7 374.8 414.5 453.6 485.7 519.2 519.5 497.2 461.9 428 387.6 365.2 326.9 298.2 264.3 226.1 192.3 155.9 124.1 98.3 75.5 55.4 38.1 23.2 13.5 12.3 12.5 12.7 12.9 13.1 13.2 14.4 17.4 21.2 26.8 36.8 50.9 65.4 81.1 107 126.7 132.7 160.4 201.9 228.6 260.8 296.8 332.5 361.5 396.6 439.9 476.3 512.7 554.3 601.8 633.7 654.7 686.1 729.5 761.4 790.6 801.2 818.9 855.1 869.2 869.5 852.7 827.9
261.8 253.6 242.1 232.2 222 228.7 239.2 252.7 271 291.2 311.9 336.8 365.5 394 434.8 468.7 529 550.4 533 504.6 460 425.2 385.1 355.4 319.1 273.9 233.6 199.4 162.3 134.2 107.9 81.7 60.7 42.3 27.8 16.4 12.7 12.7 12.8 13 13.2 13.5 14.8 17.1 21 26.3 34.8 47.3 59 74 92.9 105.8 131 167.4 200.3 231.4 262.8 302.5 346 376.2 410.6 448.7 491.7 531.2 567.5 613.2 639.9 661.6 695 725 744.9 770.5 785.1 811.1 842.9 872.3 881.3 874.5 847.1
282 274.7 264.7 250 236.4 232.1 237.4 247.6 263.1 281.4 302.9 326.2 353 389.4 428.2 458.1 508.8 552 547.3 514.7 474 430.3 393.1 359.8 324.3 280.1 246.8 211.7 177.2 147 115 88.6 66.9 48.7 32.2 19.5 13.6 12.8 12.9 13.1 13.3 13.9 15.1 16.8 21.2 26.8 33.3 42.3 54.3 71.5 84.3 108.9 127.5 153.8 184.7 224.5 257.6 298.5 336.2 370.3 410.2 443.7 481.9 523.8 564.5 597.6 613.8 646.2 676.7 697.8 719 738 763.4 800.9 832.5 861.6 877.6 886.5 876.4
319.3 305.8 287.3 266.6 249.7 241.4 237.3 244.6 256.5 275.4 296.4 321.8 344.4 377.8 423.5 461.2 500.5 547.9 571.2 534.2 488.2 448.4 412 379.6 339.4 296.8 260.9 221.3 189.4 157.1 126.9 101 76.4 56 38.1 24.1 15 13.2 13 13.1 13.3 14.4 15.5 16.7 20.6 24.6 30.4 38.2 50.6 64.6 78.3 102.2 114.4 132.7 167.9 215.5 257.5 290.3 329.3 365.1 399.1 436.6 475.4 513.8 549.7 574.3 588 616.5 652.8 670.1 679.6 711.4 748.5 791.9 821.5 856.3 880.4 898.8 905
360.5 335.9 305 281 261.3 251.8 246.4 241.7 255.7 271.8 291.2 311 336.6 370.9 425.8 469.1 498.6 546 575.5 549.9 508.9 477.7 440.7 396.8 350.3 308.5 277.2 247 213.6 180.4 154.1 121.8 87.7 66.9 48.5 34.5 22.8 14.8 12 12.5 13.5 14.5 15.4 16.4 19.6 22.9 26.9 34.8 43.7 54.1 60.9 80.2 97.1 117.5 146.3 190.7 233.7 261.6 307.1 348.9 382.8 422.1 472 505.9 537.4 546.4 559.1 590.3 624.2 630.2 654.5 697.4 741.2 781.3 814.6 844.3 875 903.2 925.9
380.7 349 319.7 296.7 274.3 261.1 253.8 249 255.4 267.5 284.4 304.8 331 371.8 414.7 464.9 505.5 539.7 578.4 575.2 542.8 501.1 451.5 413.7 380.4 336.2 305.1 271.2 240.8 213.2 167.4 130.8 109.8 84.1 61.1 45.7 31.9 23.9 16.6 12.3 12.1 14 13.9 16.3 18.6 20.6 24.9 30.7 35.9 41 45.4 58.4 81.1 103.3 122 162.5 196.5 235.1 283.6 325.2 362.2 397.9 442.7 479.2 508.5 514.4 520.5 553.5 585.6 600.4 641.9 694.6 728.1 765.2 798.7 827.2 859.8 897.5 928.5
391.4 356.9 331.4 304.9 284.6 273 260.8 254 255.1 265.6 280.6 299.1 321.2 357.7 401 456.9 500.8 537.3 582.9 594.4 561.3 516.5 474.3 433.2 402.5 359.8 323.7 287.6 247 203.1 170.3 148.9 119.7 93.5 73 55.4 42.1 32.6 29.2 20.7 13.5 13.7 11.8 15.5 18.6 26.2 28.1 26.4 30.4 31.8 32.5 44 61.2 81.6 103 136.9 165.2 193.5 240.6 286.1 322.5 364.3 403.5 443.7 476.4 487.5 484.4 522 541.3 583 627 681 720.9 753.9 781.2 813.1 850.7 886.3 915.2
388.8 363.7 336.5 313.6 296.8 280 266.6 258.4 256 264.6 278.1 293.9 317 348.5 388.2 435.5 486.9 526.5 573 600.6 580 535.7 493 452.4 412.2 368 330.2 301.1 259.3 222.2 189.6 163.1 136.1 119.5 100 73.1 54.8 44.6 43.3 32.3 23.8 17.6 15.3 14.2 12.7 22.6 32.4 47.2 45.8 28.6 24.7 22.7 37.6 56.3 78.6 102.6 136.7 164.7 198.9 248.7 281.8 325.7 375.1 412.5 451.6 463.8 449.3 490 528.3 582.5 621.4 673.1 716.1 744.7 766.9 801.8 835.3 866.6 891.1
392.4 363.5 348.3 323 305.1 285.1 269.7 259.3 256.1 262 275.3 288.8 312.4 341.7 378.4 419.9 470.5 511.5 567.1 598.5 582.1 539 496.3 458.7 422.8 389.1 359.6 336.3 294.6 268 243.5 206.7 175.9 147.9 127.6 111.1 80.2 59.5 53.4 42 27.2 18.8 20 17.8 16.6 16 25.9 40.4 43.1 34.6 23.3 19.4 17.9 29.6 53.4 73.7 103.7 131.8 172.8 204.8 238.6 294 344.8 388.1 427.6 436.4 420.6 455.5 524.7 575.2 617.9 660.7 701.9 733.6 751.6 791.1 829.2 854.3 867.9
404.2 377.3 360.2 336.1 313.2 292.7 275.8 263 257.9 263.1 274.7 290.4 311.4 335.9 365.8 398.3 442 498 550.1 585.2 585.3 543.2 507.1 476.1 455.5 441.4 400.6 361.3 325.6 293.9 266.5 234.3 207.1 179 141.7 111.5 95 72.1 62.3 45 33.2 24.2 19.2 19 21.9 24.5 23.4 15.4 27.3 26 30.1 20.1 17.2 18.2 35.8 56.1 79.5 107.4 140 170.6 206.1 242.9 300.7 348.9 393.4 403.7 396.3 456.1 504.6 564.6 609.3 661.4 689.3 715.1 734.5 775 810.7 841.9 864.4
418.6 392.4 368.6 342.1 317.5 295.1 281 267.4 259 265.2 276.6 292 311.2 335.9 360.3 390 430.7 486.9 546.5 574.8 597.4 591.8 556.6 516.1 480.7 447.1 412.7 377.4 341.9 311.2 280.8 254.9 222.4 183.4 152.5 122.1 103.6 80.5 67 50.4 36.2 27.6 24.8 23.7 29.5 27.9 25.4 24.3 15.4 13.8 22.1 17.4 17.7 18.9 22.5 40.6 61 85.7 116.5 150.7 180.7 216.1 263.2 315.6 356.5 375.5 363.5 434.3 480.8 536.4 586.1 634.7 661.5 694.5 725 760.2 796.5 821.3 848.1
430.7 401.4 374.9 346.7 327 307 286.9 274.5 267.3 265.8 274.6 291.8 313.2 334.2 356.4 395.3 426.5 462.9 529.3 562.1 585.5 626.4 596.4 540.6 509.8 471.8 430.4 406.8 362.1 321.3 288.7 254.5 223.2 190.9 163.7 140.1 122.7 94.7 78.7 61.8 42.1 35.8 34.5 33.5 36 25.3 25.4 31.1 23.7 21.9 16.2 16.6 17.5 17.8 18.4 29.6 47.3 69.6 105.6 135.9 157.8 198.1 245.4 285.6 327.3 346 335.6 406.9 456 507.8 549.4 585.6 618.2 665.6 698.1 735.6 779.6 806.6 830.8
427.9 400.5 374.4 360 336.2 312.7 295.4 283.2 273.7 267.1 275.5 288.1 309.8 332.9 356.2 392.1 429.8 465.2 511.5 546 582.8 625.6 629.6 575.3 529.4 491.2 461.1 440.4 397.6 350.3 313.3 279.7 245.4 209.4 181.7 159.5 133.1 111.3 101.4 82.3 58.6 46.9 46.6 43.4 41.6 28.9 29.6 37.3 23 25 19.4 16.4 17.8 17.8 16.8 22.1 39.6 52.7 87.2 118.5 138 164.5 204.4 250.5 284.9 315.1 317.8 380.7 426.8 497.6 532.3 525.9 586.5 627.5 674.6 709.6 749.4 782.4 811.9
