webserver/python/data/NG93.asc
ncols 200
nrows 200
xllcorner 190000
yllcorner 830000
cellsize 50
[rows 0 to 34 of 200, columns 79 to 157 of 200]
236.1 230.4 231.1 233.2 233.5 239.1 240.9 241.7 242.5 243 246.3 250.6 254.3 261 271.8 283.1 293.2 298.4 303.2 304.5 302.9 299.6 294.9 292.7 290.1 290.3 292 292.8 292.4 293.8 296.5 296.6 295.7 291.6 283.9 280.7 276.9 272.5 272.5 272.5 272.5 272.5 274.4 277.8 280.6 283.9 292.3 303.3 313.3 321.1 324 331.5 338.8 351.2 364.3 368.7 368.7 369.8 372.1 375.1 379.4 388 401.3 414 431.7 445.3 455.7 464.7 471 476.7 478.8 479.7 479.2 485.4 488.5 494.6 506.3 515.3 527.6
237.2 234 233.4 238.1 240.9 244.1 247 247.7 250.8 252.2 259.9 262.4 263.2 279 284.1 292.8 300.5 303.6 305.2 305.9 304.4 301.9 298.8 293.3 289.4 289.4 291.9 292.9 291.9 295.1 297.5 295.9 295 290 284 278.3 274.1 272.5 272.5 273 273.1 272.7 279.6 283.7 286.4 287.3 292.3 301.6 312.8 319.8 325.9 331.2 335.2 348.6 358.3 363.1 366 370.9 373.8 378.5 382.2 387 399.5 412.4 424.5 432.7 442.1 456.7 468.3 473.2 476.9 477.3 474.8 474.8 475.9 477.1 486.1 497.3 517.6
235.1 237.8 245 254.9 264.1 264.2 264.1 263.2 268.3 270.2 273.2 269.2 275.6 287.2 288.2 291.8 296 297.6 299.7 299.9 299.9 300.6 297.4 290.8 289.4 289.4 289.4 291.6 289.4 292.1 296.6 296 291 285.7 282.2 278.4 272.6 272.9 272.7 275 276.5 278.3 282.5 285.8 286.6 289.2 294.1 301.1 311.2 321.1 329.6 331.2 330.2 340.4 350.2 361.5 365.7 366.1 368.5 372 376.8 388.2 404.4 420.7 434.5 445.7 459 473.5 479.3 484 482.5 478.1 474.8 474.8 474.8 474.8 481.3 493.5 514.1
244 252.9 267 278.5 281.3 275.8 278.2 282.3 285.6 288.9 290.4 305.4 306.6 303 304.3 309.4 310.6 309.4 308.8 311 312 306.1 298.3 289.5 289.4 289.4 289.4 289.4 289.4 289.4 292.2 290.6 286.4 284.2 280.6 275.8 273.6 273 273.1 274.8 276.4 278.1 281.2 283.1 285.3 288.5 292.2 298.2 305.8 312.5 317.7 318.4 320.4 326.9 336.1 345.3 351.4 355.5 363.1 374.7 388.2 406.5 426.2 448.1 459.7 462.4 478.9 485.7 486.8 485.7 479.9 477.3 475.1 479.8 483 479.6 488.5 505.5 530
251.6 265.9 279.9 287.8 288 285.2 291.5 297.4 298.6 299.7 304.1 313.1 313.2 309.1 311.6 316.8 317.5 317 318.1 322.8 325.5 322.6 312.5 302.3 297.8 296.2 293.6 291.6 290 292.9 294.5 289.2 289.4 287.1 283.5 277.8 273.8 273.2 273.5 274.6 276.3 278 280.1 282.8 286.3 289.9 294.8 299 303.6 307.1 312.2 318.5 329.2 338.8 345.2 351.8 361.8 367.9 372.6 380 397.9 421.8 440.4 459.4 470.1 468.5 477.6 481.7 478.1 472.7 472.7 472.7 487 501.4 502.2 492.9 497.4 514.8 541.8
260.9 276.7 290 298.2 294 292.6 297.3 301.9 302.9 306 309.6 319.2 314.5 311.2 313.9 318.9 322.6 323.7 326.9 337.3 343.4 334.7 325.2 313.9 309.7 309.3 306.4 299.3 295.6 299.2 301.9 303 297.9 291.4 285.7 280.1 275 273.6 273.9 274.5 276.5 279.9 284.6 287.4 290.5 294.4 307.1 312.2 316.5 322.4 330.1 342.9 358.9 365.8 368.6 363.2 371.2 379.5 379.7 382.1 393 426.6 442.1 463.8 466.7 464.1 467.4 471.7 477.5 481.8 482.3 490 516.2 528.1 513 503.9 510.8 521.1 542.2
268.1 280.7 289.4 294.4 295.1 296.4 301.9 304.4 306 309.5 315 319.6 314.7 312.5 316.5 323.5 327 327.5 331.2 338.1 342 336.7 329.3 320 316 313.7 312.4 305.4 301.3 300.9 299.5 300.4 298.4 291.9 285.4 279.7 274.9 273.5 274.2 276.9 279.1 285.5 289.8 295.2 302.6 308.5 319.9 325.5 330 332.5 338.5 356.6 368.5 380.8 377.3 370.4 369 377 379 382.1 390.6 411.7 424.3 434.2 444.1 443.8 459.1 478.4 497 508.8 507.4 504.5 519.8 531.9 530.5 527.3 538.2 550.8 551.9
271.8 282.5 290.4 294 296.5 300.9 305.9 309.6 312.4 314.9 322.5 323.6 318 317.7 323.5 332.3 332.4 331.1 333.9 341.4 341.3 336.9 331.3 326 320.5 317.5 317.9 312.2 310.5 307.5 304.2 298.8 295.8 290 285.5 279.2 275.9 275.4 276.7 280.1 286.8 293.1 294.4 301.8 308.7 310.5 315.7 320.5 327.4 330.9 335.1 345.6 358.8 364.9 370 370.8 371.3 373.5 376.6 380.6 387.2 397.3 409.9 418.4 434 457 471.8 493.1 516.6 521.2 519.2 523.2 531.8 535.4 535.3 551.9 548.1 560.6 565.1
275.4 285.9 293.3 296 299.4 307.1 310.5 313.6 316.1 317.7 323.4 324.3 321.7 322.8 332.6 341.9 339.9 337 339.5 344.8 343.1 337.6 337.1 333.5 327.4 323.5 323.7 320.9 317.7 315.8 312.1 305.7 298.3 292.2 287.5 284.3 279 279.4 283.2 286.9 291 294.3 299.5 308.7 313.1 312.8 317.6 321.6 328.2 330.8 335.7 348.4 353.6 366 369.1 370.7 371.5 372.3 375.2 383.6 395.5 406.9 416.6 434 454.6 475 492 505.9 525.9 534.4 535.7 536.6 541.4 537.3 536.8 550.2 558.9 556.2 549.3
278.6 290.4 296.9 297.2 297.7 303 308.3 313 315.8 319.6 325.7 323.7 322.6 327.2 335.8 343.5 343.9 341.7 345.1 349.7 348.5 344.4 345.9 344.8 332.3 327.5 325 324.6 322 319.6 316.5 309.2 301.6 294.7 291.1 286.9 283.4 287.6 289.6 293.4 294.4 296.8 304.3 315.9 320 320.3 324.3 329.1 336.3 345.8 360.5 372.2 373.7 369.8 377.1 382.8 384.6 381 380.5 394.9 410.1 416.3 431.4 452.6 474.5 500.4 514.5 520.5 535.8 542.5 546.7 548.2 546.2 539.3 538.9 547.5 541.7 537.9 531.8
282.6 288.7 294.6 296.7 296.5 296.9 304.6 309.6 313.2 316.3 322.7 323.5 325.3 335.3 344.7 350.7 347.2 345.7 349.5 354.2 350.3 345.9 344.5 341.8 330.3 325.3 323.5 323.4 324.2 325.5 319.3 310.8 302.7 297.3 293 290.6 293.7 297.2 299.8 299.2 299.2 299.5 307.6 321.6 329.5 332.6 340.1 347.1 353.4 366.9 378.6 390.1 387.7 380.3 385.4 397.2 393.9 389.3 392.4 411.8 428.7 429.2 445.7 475.2 495.6 523.2 539.6 541.8 539.3 535.8 541.9 542.2 536.9 532.2 533.3 536.7 532 517.8 507.1
303.4 310.7 306.3 303.1 296.5 296.5 305.4 311.9 313.2 318.8 327.9 332.7 333.2 340.6 347.9 353.8 352.1 351.9 350.4 354.7 351.4 347.3 343.1 336.9 327.1 317.6 316.7 321.5 324.3 325.8 321.1 312.4 304 301.5 299.6 303.6 305.4 306.2 313.1 313.1 305.1 307 313.2 323 332.7 338.4 343.5 349.9 358.5 370.7 379.5 387.7 393.2 394.4 390.1 396.1 399 401.6 412.9 430.9 435.6 445 459.5 477.9 495 516 534.3 541.7 546.7 535.4 531.9 529.9 521.7 515.3 514.1 510.1 508.5 498.3 492.4
303 308.5 306 301.8 297.7 301.6 310.4 319.4 314.9 320.8 334.5 336.5 338.3 344.3 357.2 359.3 356 354.6 351.3 356.2 348.5 345.4 342.3 336.2 328.4 316.7 316.7 320.3 323.9 325.2 321.5 310.2 302.5 302.1 301.9 305 304.5 307.4 313.9 311.9 307.6 311.3 318.4 321.4 330 343.1 344.9 350.6 361.7 373.9 382.1 388.4 393.4 397.4 394.1 400.3 407.4 411.8 418.7 431.2 450.3 465.8 477 481.8 493.7 505.6 525.4 530.8 529.8 523.9 513.1 508.3 503 494.2 491.2 487.5 483.7 478.6 496.5
289.8 298.9 294.1 293.5 294.6 299.2 311.5 317.4 314.4 321.5 335.3 338.5 343.6 348.9 350.9 357.7 358.6 351.6 349.3 352.4 345 345.6 342.3 335.5 328.1 317.5 317.1 321.2 320.2 320.7 317.4 308.1 301.2 301.9 302.9 301.5 301.1 303.8 305 303.6 305.4 307.3 312.3 317.2 321 330.6 344.5 351.4 362.3 371.3 377.9 382.7 386.9 392.7 400 405.5 408.6 409.6 416.1 433.5 460 474.2 487.1 491.1 491.6 499.9 510.9 516.1 510 506.1 492.5 488.2 481.5 474.8 474.5 469.9 462.9 479.5 502.5
271.7 286.8 286.6 284.1 288.8 300.3 313.1 317.2 316.6 329.8 342.5 346.3 348.1 347.5 346.6 350.5 348.7 345.1 337.9 342.1 343.3 341.3 337.8 329.4 323.1 317.2 317.4 318.7 318.7 317.2 314.7 306.2 299.3 300.1 300.9 297.8 296.6 298 299.1 297.1 300.7 304.3 304.9 309.9 313 319.9 342.8 355.1 366.7 374.4 380.4 382.8 386.6 393.4 403.1 405.6 406.6 411.2 423.6 438.2 453.5 469.2 482.9 491.2 495.9 495.5 497.7 495.1 488.8 484.2 478.1 478.4 475.8 460.7 454.8 457.9 473.2 483.9 501.1
256.2 268.5 280 281.9 281.9 291.7 304.4 311.8 315.8 331.3 342.4 343.5 342.9 340.1 338.1 339.6 339.3 339.6 334.8 334.1 331.1 330.6 331.6 324.9 317.4 314.9 315.5 317.4 316.9 316.4 310.4 303.6 296.8 298.3 300.7 295.8 294.2 294.2 294.3 293.7 294.4 298.1 300.2 304.2 308.6 312.7 324.4 344.8 363.1 374.1 379 384.7 388.8 392.4 399.6 402.4 406.3 424.4 435.2 451.4 466.8 472.8 481.1 491.5 496.7 488.7 483.8 478.7 469.2 463.7 456.8 458.2 456.9 441.2 460.6 478.4 495.1 489.3 492.2
237.2 248.9 264.3 272.4 277.3 283.7 290.6 295.1 300.6 303.5 310.9 317.1 323.2 327.6 337.5 341.5 335.1 334.8 333.4 329.9 326.3 325.6 321.4 316.2 311.2 308 306.9 308.9 307 306.4 303.8 297.4 292.6 292.1 293 292.7 291.6 291.6 290.5 289.7 291.6 294.5 299.6 299.1 299.9 303.4 308 321.1 337.5 354.9 370.3 378.6 380.2 385.5 392.9 396.5 403 421.9 435.1 447.2 464.7 469 473.5 478.9 485.1 475.5 461.7 449.8 445.1 447.1 439 435.3 424.3 457.9 481.4 487.8 486.8 480.6 480.1
250.6 269.6 274.7 278.8 290.8 304.3 309.8 306.8 310.7 316.6 329 335.6 331.6 337.8 339.5 337.3 331.7 331.6 337.7 336.3 329.6 326.6 324.6 319 313 303.7 299.6 300.6 299.1 299.7 300.2 293.3 289.2 289.5 291.4 290.5 289.5 288.4 286.7 286.7 288.4 290.7 294.3 296.8 297.6 299.2 302.6 308.2 316.7 328.7 344.3 363.3 367.2 370.7 381.2 389.2 410 430.4 447.4 451.1 455.2 458.4 460.2 455.5 460.7 454.1 440.9 428.1 424 421.9 413.3 420 439.6 458.6 467.8 474.5 471.6 472.5 475
251.4 274.4 278.4 283.3 297.4 310.8 311.8 309.5 316.1 349.6 365.7 366.6 370 367.5 363 357.9 353.9 365 366.3 369.8 354.8 340 329.7 324.3 314.9 307 298.5 294.4 291.5 289.9 291.6 290.5 286.8 285.2 287.1 288.2 286 284 284 287.6 290.1 292.8 294.4 298 300.1 304.4 305.9 307.9 320.5 329.7 332.1 337.7 355.1 353.3 363.4 376.6 399 423.4 445.2 455.1 449.1 454.8 449.4 439.9 430.5 420.6 413.2 408.7 402.1 395 408.8 416.3 425 447.3 451.9 457 465.1 466.7 462.7
252 261.7 271.5 280 292.5 307.6 308.8 304.4 304.3 329 346.8 368.6 375.3 368.9 365.2 361.8 359.8 372.5 371.7 370.5 364.5 352.9 336.7 328.7 316.4 307.1 298.6 293.6 288.8 285.7 288.2 289 285.2 280.6 282 282 281 281.9 287.7 292.5 295.8 296.3 297.8 300.2 304.1 308.7 312.5 307.9 311.1 325.8 329.1 330.5 334.5 336.5 340.5 353.6 373.7 399.3 424.6 443.3 446.5 435.8 434.2 419 404.9 396.5 392.9 387.1 386.4 400.7 409.5 408.7 410.1 423 435.4 444.5 445.6 444.7 439.8
258.1 272.7 282.4 282.3 284.6 295.4 302.6 300 297.9 326.6 337.4 342.4 346.5 354.1 355.2 351.6 357.7 366.6 367.5 370.5 368.4 356.9 340.6 330.5 323.7 308 296.9 292.7 288 283.6 285.7 285.6 280.6 276.2 277.1 277 278.1 278.4 284.8 291.2 297.2 300.1 298.5 298.6 300.2 301.8 302.8 302.7 302.8 306.2 312.6 317.1 325.3 328.4 327.8 334.6 347.4 366.8 389.2 410.6 418.8 416.3 407 391.6 381 375.8 368.9 378.9 394 406.1 403.2 401.6 400 404 409.6 418.4 420.4 420.1 416.9
274.9 285.7 291 290 294.8 302.6 302.6 297.9 292.6 301.2 336.9 343 341.4 343.5 342.8 339.8 341.4 342.9 353.4 365.7 364.7 354.9 344.3 331.4 319.4 308.1 301.3 299.2 290.5 282.2 281.6 281.1 276.5 273.9 275.8 278.2 275.1 278 280 282.2 290.1 298.5 299.8 299.1 298.7 296.6 295.9 295.7 296.2 297 297.5 300.5 303.5 307.1 312.2 319.9 330.6 342.2 357.2 370.8 386.1 386.9 375.3 368.5 366.7 361.3 371.6 381.2 389.8 394.4 393.2 391.5 390.1 389.4 394.4 399 398.7 397.4 395.8
275.2 285.4 293.2 294.5 298.4 304.4 304.5 300.2 290.5 285 304.9 322.7 335 343.5 343.5 337.9 338 342.5 349.8 355.2 353.6 348.6 340.4 327.4 316.1 306.1 303.1 304.2 290.9 283.3 286 278.7 268.3 268.9 273.2 273.9 274.6 278.9 281.3 282.3 282.4 286 294.5 298.7 300.4 296.3 292.1 290.1 291.5 288.5 288.1 290.2 292.2 293.1 298.8 307.8 320 331.5 343.9 353.2 356.6 357.9 353.5 354 359.7 358.9 368 376.6 380.5 382.9 387.2 387.1 384.7 381.4 381.4 382.6 380.1 380.7 382.4
258.4 272.8 284.2 288.5 294.3 301.8 301.5 294.3 285.5 280.5 292.7 308.1 321.3 331.7 334.8 333.2 334.8 344.6 351 351.2 344.7 337.3 337.2 324.9 311.1 298.6 295.5 297.8 290.6 285 287.9 279 269.1 267 271.1 272.4 274.8 279 282.8 282.9 282.7 288 294 292.9 295.1 292.4 284.7 279 278.6 278.4 278.7 279.8 281.3 283.7 289.6 297.7 309.2 325.2 345.9 348.1 341 337.2 335.6 328.1 336.6 346.8 362.1 368.9 371.8 374.7 376.6 379.7 376.7 375.1 374 373.4 370.4 372.3 372
239.1 260.5 273.2 278.2 282.2 287.3 289.1 286.3 279.7 275.9 286.1 303.2 309.3 327.4 328.4 325.7 322.2 330.5 336.4 338 330.2 335 347.6 342.4 318.8 297.6 288.4 291.7 286.1 282.4 282.6 276.2 269.2 260.6 259.6 266 269.4 274.1 278.1 281.2 282.9 286.3 289.1 290 289.3 286.7 280.6 275.3 274.8 274.3 273.6 272.4 270.9 271.9 276.9 283.5 291.1 300.2 313.1 312.8 300.4 308 335.1 349.5 359 360.2 363.8 367.4 368.9 369.1 370.2 369.5 368.3 368.2 368.4 366.1 363.6 363.8 364.5
231.6 248.8 260.6 267 269.6 274 278.9 277.3 273.4 269.7 276.5 286.3 291.4 287.5 293.2 301 303.6 314.5 323.1 327.3 321.8 325.7 336.3 332.3 319.1 312.1 289.4 283.5 278.5 278 282.1 273.1 268.9 257.4 243.7 249.5 262.4 272.2 285.7 288.6 283.4 285 294.7 299 297.3 295.5 286.3 275.1 271.6 270.9 270.7 266.5 257.6 250.9 254.2 259.5 266.5 267.5 269.7 274.8 315 339.7 346.1 357 366.5 370.5 374.8 377 372.7 366.4 363.7 363.7 363.7 364.2 366.8 363.6 363.6 363.6 363.6
226.8 244.5 255.8 261.9 262.4 264.6 266.4 269.2 267.7 267 274.9 282.6 285.1 283.9 287 292.9 298.3 298.6 306.9 308.3 304 321.5 336.9 330.2 315.2 303.6 289.8 276.9 270.8 268.4 271.2 266.3 262.6 253.1 238.5 240.4 258.9 274.9 282.5 283.1 281.6 295 309.4 315.5 313.8 299.2 287.3 274.5 267.4 263.9 257.3 250.3 240.1 228.9 225.7 230.7 240 230.3 268.9 302 324.1 341.1 356.6 359 362.8 371.4 375.2 374.1 367.7 364.4 365.1 370.1 371.4 370.3 372.3 374.8 376 372 367.9
217 232.3 244 254.6 262.8 270 272.8 268.6 263.6 262.1 270.6 277.9 280.3 281.6 282.7 285 294.2 298.4 310.1 306.4 296.5 306.4 306.3 312.8 309.5 304.1 287.6 270.8 260.5 257.4 259.1 255.8 251.3 243.2 229 234.9 251.7 265.3 275.8 279.1 287.6 305.6 313.6 318.1 307.4 292.3 278 265.6 257.6 251 241.4 229.2 224.5 204.6 203.3 206 225 254.6 285.7 308.5 325.7 351 362.9 356.5 355.6 358.8 359.2 363.8 364.7 373 375.5 375.6 377.8 373.8 376.2 378.3 376.4 374.3 372.6
203.6 227.4 234 250.2 261.1 271.1 272 269.3 259.7 247 255.6 271.8 271.9 270.8 269.1 271.9 282.8 286.1 301.5 301.5 294.8 308.3 314.6 309.2 303.9 290.4 279.2 262.6 250.4 250.9 253.7 245.2 238.4 226.7 213.8 233.9 249.7 261.1 272.3 280.8 292.2 305.6 310.6 310.5 303.1 283.5 267.7 254.4 245.5 235.1 220.7 208.4 201.8 193.5 211 231 211.1 230.2 267.3 303.2 320.4 325.5 339.4 344.1 337.1 344.9 356.6 366.2 377.8 383.7 383.2 379.3 377.9 381.3 382.4 380.6 377.4 375.7 377.6
191.1 214.2 226.8 240.8 242.4 247.2 250.2 251.3 248.4 236 233.8 255.9 267.8 264.4 264.2 263.8 270.9 268 266.1 274.7 286.6 297.8 301.4 302.3 298.8 292.2 278.8 259.7 236.4 236.3 240 233.9 223.3 209.7 217.2 238.2 250.4 263.1 274.1 281.7 291 303.7 304.6 294.9 284.6 271.8 251.7 236.7 226.4 214.8 199.4 187 192.4 221.6 243.5 254.7 235 218.2 235.7 282.9 305.8 309.2 314.2 329.7 342.7 353.3 368.7 381.4 388.3 390.6 383.9 382 383.7 388.1 393.5 390.5 389.1 386.5 388.8
178.5 202.1 218.9 225.5 228 227.7 227 225.4 228.3 223.4 215.2 226.9 245.5 252.1 246.3 250.9 254.2 250.2 241.2 247.4 266.8 282.5 285.7 284.4 284.5 287.1 275 254.8 235.3 214.9 219.4 210.3 203 199.5 220.3 242.6 257.5 271.8 282.2 283.3 282.3 287.1 292.7 281.7 266.1 253.4 233 212.7 203.6 193.9 182.9 202 222.3 247.2 267.7 276.3 260.3 242.2 225.9 235.1 290.6 303 320.3 335.6 349.5 363 378.6 387.3 396.8 389.7 389.1 393.8 391.4 392 399.5 410.6 412.9 402.8 403.8
179.8 201.5 221.4 231.5 231.8 230 228.9 225.1 218.4 209.4 195.1 203.3 218.3 228.7 230.9 231.6 236.1 229.1 224.9 229.9 250.2 268.8 277.1 271.9 273.5 272.8 261.6 243.6 224.6 206 196.5 187.5 188.7 205.2 223.7 240.1 256.7 271.8 279.5 275.1 273.3 259.2 259.8 254.1 242.1 225.5 206.7 187.6 176.7 173.8 206 232.1 257.2 267.8 282.6 293.5 287.3 271.6 256.3 257.3 272.4 323.8 332.1 337.1 344.3 354.4 368.2 378.2 381.4 386.9 402.2 418.3 408.3 401.1 403.9 412.2 416.5 419 413.6
183.4 204.1 225.4 236.1 236.2 230.3 226.1 225.8 214.2 203 188.5 186.9 200.5 216.2 213 214.5 215.5 213.3 211.5 213.1 223.4 241.3 256.4 252.7 247.4 255.1 244.1 227.4 211.4 194.5 174.5 171.4 189.5 201.8 216.2 231.1 247.1 265.4 271.3 260.1 248.2 236.4 224.2 216.7 206.6 194.3 180.8 165.9 186.2 211.6 241.8 259.5 269.4 280.7 292.4 302.9 308.7 303.3 303.7 312.9 330.5 346.6 348 353.5 356.7 358.1 362.4 371.6 381.7 393.6 404.9 418.8 417.4 412.8 412.4 411.1 420.7 425.4 419.6
169.5 190.4 205.2 212.4 228.2 227.5 215.1 212.4 202.8 190.2 178.8 175.4 182.4 197.7 203.6 200 204.6 200.7 191.4 193.1 198 204.7 215.1 220.5 217.7 223.1 223.6 214 201.8 185.2 157.5 174.8 186.5 196.8 207.6 219 231.9 243.8 250.7 240.8 225.2 208.6 196.1 184.6 172 162.9 159.9 182.7 227.5 248 269.1 275.3 283.5 294.4 301.4 309.7 321.6 327.4 331.8 344.2 365 369.8 366 368.5 381.5 382.4 382.4 389.3 396.2 405.1 415 416 428.6 421.5 429.1 425.4 414 415 418.9
143.8 157.6 170 177.6 193.3 203.4 204.4 192.8 181.6 173.9 163.5 159.8 167.9 172.5 176.5 170.7 176.9 178.7 176.6 170.5 172.6 175.5 179.6 184 186.8 191.8 191.8 189.8 182.1 169.7 143.3 166.7 179.6 188.9 198.2 207 214.5 221 224.5 219 202.3 185.9 171.5 156.4 155.6 176.3 194.6 231.9 254.6 270 277.8 284.2 298.1 306.3 312.3 319.9 348.3 353.6 362.5 377.8 381.3 384.6 386.3 385.9 390.7 392.2 401.9 404.8 408.7 425.1 434.2 426.3 428.8 429.3 435.7 434.3 422.6 412.1 410.3
