webserver/python/data/NH04.asc
ncols 200
nrows 200
xllcorner 200000
yllcorner 840000
cellsize 50
[rows 35 to 69 of 200, columns 78 to 155 of 200]
207.5 219.1 225.4 230.9 236.4 239.8 242.5 244.2 243.2 240.9 236.9 232.3 231.7 228.6 223.5 218.8 208.3 196.4 189.9 199.7 216 219.4 222.2 223.8 229.4 232.7 237.9 243.7 248.5 254.9 260.2 264.5 271.9 279.1 287.1 294.1 299.2 306.1 310.5 313.3 317.1 323.3 336.1 341.6 349.3 346.4 339.4 331.2 340.2 342.6 335 331.2 339.6 339.3 336 322.2 309.4 295.3 278.7 262.9 251.9 249.2 247.9 252.2 256.6 261.5 268.1 278.4 297.3 319.1 342.5 366.3 428.3 492.2 547.5 604.5 659.1 697.1
215.2 231.1 232.5 237.9 243.5 247.4 250.9 251.3 251.2 249.3 245.7 243.4 240.8 236.1 233.2 227.4 220.5 213.8 202.8 196.8 219.9 225.8 228.1 231.6 236 240.6 245.1 251.4 257.6 264.1 270.2 274.4 281.5 289 295.5 301.9 310.9 319.4 322.9 326.1 332.9 344.4 360.5 361.8 359.3 356.9 351 345.7 346.9 349.7 342.8 345.5 348.6 343.6 336.6 327.4 317.7 303.8 284.2 270.9 258.4 247.4 242.3 248 252.3 258.9 267.9 280.2 301 320.2 343 374.9 428.7 499.8 542.6 597.1 633 664.3
215.8 225.9 238.9 245.3 251.4 253.3 255.7 258.1 258.2 257.5 255.2 252 249.6 247.5 243.5 236.1 230.2 226.6 218.4 199.6 207.2 229 231.8 237.7 242.3 246.9 252.3 259 266.2 273.8 279.9 284.3 290.2 298.3 306.3 315 326.8 332.2 335 339.1 349.3 362.4 373.3 374.2 370.6 367.6 365 359.3 350.7 360.1 354.5 365.6 364.2 349.2 340.6 332.4 322 307.4 290.6 276.2 263.5 254.6 243.5 247.6 252.3 260.4 270.5 288.2 307.4 328.4 352 376 417.8 478.5 537.3 599.7 647 683
227.4 236.6 247.7 255.6 261.1 262.5 264.5 268.9 267.3 263.8 261.6 259.6 258 257 251.5 244.7 239.8 236.3 232.4 227.6 219.7 217.9 232.3 242.3 248.1 253.1 259.7 267.5 274.3 282.6 288.5 294.2 301.9 310.7 322.9 332.7 339 347.2 350.3 358.5 372.2 386 388.7 387.4 384 379.9 378 375.6 366.1 366.3 374.6 383.2 368.1 355.2 345.5 334.7 324.3 310.7 295.1 280.2 267.6 257.3 248.1 248.4 252.6 258.1 270.2 288 308.3 332.8 363.6 390.7 427.2 472.3 531.5 574.4 619.6 658.6
236.6 246.5 254.3 263.6 268.8 271.4 275.2 278.2 276.8 274.7 271 268.7 266.5 265.8 258.7 253.7 249.8 246.5 244.7 242.3 237 227.5 223.8 239.7 249.9 257.5 259.7 273.8 280.5 289.6 298.9 306 313.7 321.5 334.7 340.5 347.6 354.4 363.6 375 387.8 411.1 411.9 411.5 406.8 397.6 394.3 386.7 378.2 376.8 379.1 381.1 370.5 360.8 350.7 338.4 325.2 310.9 296.3 282.5 270.1 260.2 253.1 246.6 248.8 253.4 265.4 282.4 302.9 321.6 366.7 407.8 438.7 453.7 502.5 539.3 590.2 623.5
247.3 257.5 267.8 275.7 281.6 284.8 287 290.1 290.1 287.3 284.2 283.2 277.9 273.8 269.8 264.1 261 257.7 256 253.8 253.5 247.1 238.2 231.2 237 247.1 260.1 276.1 287.8 292.3 302.6 314.1 321.8 330.4 340.9 348.8 355.2 363.3 372.6 385.7 399.5 411.1 425.5 424.4 421.6 413.2 403.6 394.5 391.6 388.4 381.2 378.4 372.2 364 352.2 339.2 325.4 311.1 298.2 285.5 271.4 259.8 252.9 247.3 248.2 250.3 260.5 279.1 295.4 313.2 360 402.7 441.8 480.4 518.3 569.9 629 623.9
258.5 272.1 281.1 288.3 293.7 295.7 297.2 298.7 298 297.8 299.1 294.7 286.7 282.8 280.2 275 272 270 266.5 265.5 264.9 263.5 250.7 258.5 259.3 257.7 249.6 260.8 278.2 294.3 305 316.4 327.2 333.9 344.1 353.3 361 370.5 386.1 398.7 408.6 418.8 431.4 431.4 428.1 419.7 410.7 403.6 399.5 394.3 385.5 380.8 375.2 366.5 353.6 340.2 327 313.9 301.2 287.5 273.3 261.6 254.4 249.8 246.5 249.1 250.9 274.2 292.2 313.2 356.7 394.5 434.1 476.2 526 575.8 629.4 675.5
269.6 281.8 292.2 301.3 306.6 309.3 308 308.7 309.3 309.8 312 307.4 299.7 295 292.1 288.1 285.1 282.4 278.2 278.1 279.3 277.5 259.9 274 273.5 271 270.9 271.2 266.2 292.9 302.6 315.7 326.5 335.5 347.7 358.5 368.1 377.1 391.4 408.9 415.1 424.5 432.6 438.8 434.9 425.9 418.5 411.8 405.7 398.5 389.7 382.9 380.5 374.9 360.1 344.6 331.6 317.1 303.2 289.4 275.6 262.4 254.5 249.3 249.1 248.2 251.9 272.8 292.9 315.5 354.6 395.1 430.2 473.2 522.3 569.4 620.9 671
275.9 289.8 301.9 312.1 318.3 319.6 321.4 322.1 322.5 323.2 323.8 320.8 315.3 310.6 305.5 301.9 300 296.7 292.4 292.2 294.1 292 282.6 287.1 286.3 285.1 287.2 286.4 288.4 283.1 303.3 315.9 326.2 335.6 349.5 365.7 375.4 384.1 393.4 408.6 416.7 425.8 434.9 439.1 438.7 432.1 425.1 419.8 413.1 405.6 399.4 391.3 385.9 379.4 366.1 349.1 334.3 319.7 305.4 291.2 276.5 263 252.2 249.2 248.2 249.7 250 269 288.3 317.5 359.5 392.2 432.9 473.1 514.9 558.7 604.3 656.2
279.5 295.1 309.5 322.3 327.4 330.9 333.9 336.3 336.3 336.9 337 334.6 329.7 325 321.2 317.6 316.1 314.2 311 307.6 308.2 305.8 298.5 300.9 301.2 301.4 303.7 302.7 308.4 310.5 303.4 321.4 331.9 340.8 352.2 368.1 382.1 394 404.3 415.6 426.5 436.7 443.2 445.2 444.5 440.1 433.8 428.1 421.3 413.8 409.1 404.7 395.7 385.5 369.9 353.4 337.3 322.4 307.1 291.8 277.2 263.8 251 249.8 249.5 249.3 250.9 263.2 278.2 315.9 355.6 393 432.7 468.5 507.2 550.1 588.4 629.4
284.9 301.8 317.9 330.2 335.5 340.2 345.2 350.2 349.3 348.8 349 347 344.2 340.2 336.8 334.1 331.7 329.6 327 324.3 322.3 320.8 315.6 308.5 313.5 315.2 318.3 322.7 322.8 326.5 327.1 325.8 332.4 344 356.5 371.8 387.8 401.8 415.7 429.4 439.1 449.7 455.2 456.2 454.4 450 443.7 438.1 430.8 423 418.4 413 401.4 388.4 372.8 357 340.9 324 307.9 292.5 277.8 262.6 253.6 250.7 250.1 250.2 250.6 259.7 274.8 299.6 341.5 380.7 422.1 456.5 492.8 532.1 570.3 612.9
288.2 307.2 329.3 342.8 348.6 352 357.1 362 362 361.1 359.9 358.7 356 353.2 349.5 346.7 345.9 344.6 342.6 339.2 336.5 334.2 329 327.1 325 329.2 333.7 339.6 338.4 340.8 341.9 343.3 345 343 360.1 375.6 391.9 408.6 428 445 454.2 466.8 478.2 479.1 477.8 472.2 468.5 454.4 440.6 433 432.2 430.8 406.3 392.3 376.7 359.9 343 325.7 309 293.1 278.8 264.3 253.1 251.6 250.6 251 250.7 254 265.6 291 329.1 366.1 402.9 441.9 476.6 514 552.2 595.1
287.6 312.4 333.5 346.7 355.8 367.7 375.1 375.3 376.7 378.6 376.4 373.4 369.9 365 360.3 358.2 358.8 358.7 357.9 354.7 351.8 349.7 344.9 343.5 341.5 343.8 350.5 354.4 353.1 352.9 356.3 357.8 359.1 357.5 363.6 378.3 396.4 418.9 439.7 454.8 468.4 484.5 504.2 518.4 517.8 500.3 490.3 478.5 463.7 451.5 434.5 426.3 411.4 396 379.1 362.1 345.2 329.2 312.5 296 281.5 265.9 254.4 251.8 251.3 251.7 251.2 252.3 264.2 285.8 322 358.1 392.6 426.9 459 495.4 535.8 574.4
287.7 313.3 337.1 352.4 361.9 368.5 376.7 382.6 390.2 395.9 392.2 388.8 385.1 378.8 373.5 371.8 373.1 374.1 374 373.9 372.4 367.3 362.3 360.8 360.5 357.9 363.8 367.2 367.1 370 372.8 373.3 374.1 373.8 368.4 386 403.6 427.8 452.5 467.8 482.2 499 513 523.5 523.4 513.4 501.9 491.3 475.7 460.7 440.9 427.9 413.4 398.1 381.8 364.6 347.4 331.8 315.8 299.1 283.5 267.2 256.7 252.1 252.5 252.4 251.9 252.6 259.9 276.4 311.2 347.8 379.1 412.1 443.5 478.3 511.8 552.5
282.6 309 336.7 355 365.5 376.4 382.6 389.8 400.2 405.3 403.7 402.8 400.4 397.6 395.3 395.7 394.4 394.2 392.9 393.2 389.3 384.4 379.7 379.6 381.5 375.2 377.9 382.8 382.3 385.6 389.6 390.6 390.3 388 385.4 392.4 407.6 432.9 460 479.1 498.9 514.8 529.6 533.9 528.3 519.7 511.3 497.9 479.7 462.3 442.6 429.5 416.3 400.3 383.9 367.6 350.7 334.6 316.4 296.9 282.3 270.2 261 252.9 253.6 253.1 252.7 252.3 252.8 268.9 299.7 337.9 363.7 395.5 427.2 459.2 491.2 529.5
277.2 303.3 331.2 352.3 372.4 388.2 394 403.6 410.7 415.4 415.6 416.8 417.8 418.9 422.3 425.6 422.3 418.3 412.4 411.4 407.6 407.4 404.8 403.6 400.4 395 394 398.9 400.7 401.6 404 406.6 404.8 400.5 392.9 398.7 412.9 432.9 465.6 488.3 509.3 531.4 547.4 553.9 541.5 522.9 518.1 504.6 483.6 463.9 445.7 431.8 418.8 402.5 386.2 369.9 353.4 337.5 319.6 302.6 289.6 275.2 261.2 255.1 252.7 253.9 253.6 252.7 252.4 266.4 291.6 322.6 350.1 377.8 406.5 438.9 469.1 503
268 293.7 322.9 347.9 372.4 392.3 404.5 415 423 428.3 430 433.3 435.6 438.9 443.8 448.3 448 444.2 440.3 438.2 438.6 435.4 435.4 429.6 423.2 416.8 415.5 418.4 419.3 416.8 416.2 418 416.8 412.9 408.9 412.9 417 438.6 467.3 498 523.9 543.3 556 560.4 549.2 534.9 520 508.3 484 468.1 449.4 434.5 420.3 404.9 388.6 372.8 355.7 339.5 322.1 305.7 292.5 274.7 264.3 256.6 253.8 254.9 254.2 253.2 253 261.9 282.9 313 338.8 363.9 390.2 420.3 451.3 481.2
256.5 283.9 314.8 343.2 369.3 391.7 410.9 422.3 432.6 440.1 445.3 449.4 454.1 459.5 463.7 468.1 469.9 471.8 471.2 471.2 468.7 463.8 460.3 459.6 455.3 449.3 443.7 440.9 437.8 437.4 436.9 433.1 428.2 425 418.3 425.2 422.8 443.2 464.2 504.9 537.5 573 572.7 563 549.9 540.8 528 507.9 485.4 470.4 451.4 435.3 421.2 406.1 391.5 375.3 358.9 341.8 323.9 310.5 296.7 282.6 267.6 260.3 254.5 254.5 254.3 253.5 253.7 258.7 277 300.7 326.8 350.5 375.9 401.6 432.3 462.4
247.6 278.8 308.6 333.9 360.6 388.7 409.2 424.9 437.4 447.2 456.4 465.1 473 479.9 484.9 488.2 492.4 497.7 501.2 502.3 498.1 493 489.6 490 488.3 487 476.3 466.7 459.8 456.5 455.7 453.9 446.4 440.4 434.7 441.4 440.3 451 474.8 513.1 543 583.8 581 578.1 559.6 541.7 525.1 508.5 490.1 471.3 453.5 437.2 422.1 408.7 393.9 377.4 360.7 344.4 328.1 312.9 296.2 284.5 273.4 264.9 258.4 255.5 255.3 254.4 254.7 262.7 283.6 303.3 322.1 344.6 365.4 389.9 416.4 444.8
242.1 268.8 298.6 326.6 357.2 383.4 407 424.4 440.4 451.2 462.5 474.2 484.8 494.6 501 510.2 518.6 526.2 530.5 530.8 527.2 524.1 521.8 519.1 514.8 514.1 506 492.5 481.7 476.2 475.1 473.3 469.5 463.5 458.2 458.1 462.7 465.3 490.7 521.8 548.8 575.6 582.2 583 562.7 543.3 524.3 509.7 493.8 472.9 455.3 440.8 425.1 410.7 396.2 380 363.4 346.5 331.6 319.7 304.3 291.2 280 268.4 262.9 258 255.9 254.9 254.8 264.6 283.7 303.2 319.6 337.1 355.6 374.7 401.4 428.1
236 259.2 291 316.8 347.8 377.9 404 423.6 440.5 454.7 469.1 481 493.6 504.9 517.6 528.5 538.8 546.1 551.1 555.7 556.2 556.7 555.4 550.2 544.2 543.4 539 536.9 517 506.4 505.6 500.9 492.7 489.7 487.6 485.8 484 494.7 502.6 533.1 556.8 578.8 580.4 576.7 558 539 522.2 505.1 491 476.6 460.9 445 428.6 413.6 397.9 382.3 366.1 348.7 333.5 322.4 308.6 295.7 283.3 274.1 267.6 259.9 256.2 255.2 258.1 265.9 282.9 300.7 315.1 328.6 344.9 360.5 384.2 407.1
231.5 252.1 278.2 306.9 336.1 367.2 395.7 420.6 439.3 455 470.9 484.5 498.7 513 526.2 540.4 550.9 562.4 571.6 579.4 583.7 585.1 583.5 581.9 578 578.3 577.8 576.2 577.1 576.2 557.7 545 537.7 523.4 519.5 531.1 538.9 537.9 534.8 556.3 579.9 577.4 577.1 574.5 557.3 534.9 515.9 504 493.5 479.1 463.2 446.8 431.5 416.9 403.3 387.6 370.5 355.5 341.6 327.4 312.8 298.5 285.4 275.5 268.9 261.9 256.9 257.6 259.5 271.9 285.3 298.1 309.1 320.9 335.8 349.7 365.9 386.2
229.2 245.8 269.6 298.4 323.1 355.8 385.5 410 433 451.5 467.4 482.7 500.2 517.1 531.2 548.4 563.9 576.2 589 596.9 603.4 605.9 605.6 607.8 608.5 610.4 610.9 613.1 613.9 615.6 617.1 603.9 585.8 589.8 593.9 588.4 604.9 598.2 581 587.2 601.3 598.2 585.3 564.3 547 528 514.3 504.1 490.5 477 463.2 447.3 433.2 419.5 405.6 391.2 375.8 359.9 345.7 331.7 315.6 297 291.2 279.4 268.9 262.6 257 258.4 262.9 272.7 286.1 298.9 305.5 314.6 325.8 338.4 351.5 368.6
227.3 244 264.2 288.1 315 346.5 373 399.3 424.3 444.5 461.7 478.7 498.5 515.8 531.8 550.1 570.6 585.6 601.1 612.2 619.7 622.6 624.6 627.9 629.5 632.2 635.6 636.9 636.2 636.3 637.5 634.6 633 628.3 625.8 624.8 623.2 616.3 610.4 608.6 614.6 613.6 597.2 566.4 539 520.3 511.4 499 486.2 474.9 461.1 447.5 434.7 422.8 410.3 395.2 379.9 364.4 348.9 338 316.2 308.1 295.8 285.5 275.6 274.1 258.9 260.5 266.2 276.7 288.9 297.3 301.5 307.6 316.7 326.4 338.7 353.7
224.1 240.3 258.6 282.1 309.5 340.1 368.9 392.8 416.2 436.7 456.4 474.1 490.8 510 532.1 551.9 571.2 589.6 605.4 620.6 632.1 638.5 643.6 648 648.1 648.2 651.1 653.2 652.2 649.8 646.5 643 642.4 640.8 640.7 643.2 641.2 634.3 627.8 626.9 629.9 630.1 603.8 571.6 543.2 518.2 501.6 492.5 484.4 473.9 460.6 448.1 436.9 426.2 414.2 399.5 377.9 358.7 350 338.7 326.1 312.8 300.7 289.7 281.3 268.9 261.1 264 271.1 280.9 291.8 294.5 297.7 301.7 307.4 316.3 326.8 339.1
219.2 236.5 254.1 276 303.3 332.8 358.9 382.1 405.4 427.7 448.3 467.3 486.4 505.3 526.8 548.5 568.4 589.3 608.3 625.6 640.1 650.2 659 662.1 663.4 662.7 663.2 665.2 665 661.7 659.3 656.5 655.6 653.6 654.9 655.2 653.2 648.6 644 642.9 642.7 639 605.1 573.8 547.9 520.6 493 486.9 483.8 473.2 460 448.3 436.7 426.5 414.1 395.1 381.7 372.6 360 346.6 333.1 319.9 307.2 293.9 281.6 269.2 258.6 263.4 273.8 281.7 291.1 291.2 290.9 294 300.4 307.5 316.6 326.2
206.1 233.5 252.1 271.7 294.7 321.7 347.7 370.4 393.1 417 438.4 459.1 479.1 499 519.8 541.1 565.9 587.5 609.3 627.9 644.3 657.5 666.1 671.5 674.6 674.4 673 670.7 670.5 670.9 668.5 667.8 668.3 668.9 667.8 664.9 662.2 657.8 655.6 653 651.3 637.2 604.6 574.8 549.8 524.5 500.1 491 479.4 468.7 457.2 445.4 430.3 419.2 411.3 405.5 393.6 380.7 367.2 350.6 337.1 324.3 308.3 295.8 283.3 271 259.1 262.1 270.2 283.3 285.6 283.6 283.8 290.5 294.7 299.7 308.2 317.6
215.8 230.2 249.8 260.8 282.1 311.2 335.1 361.4 382.7 403.7 426 447.1 466.1 486.1 508 529 552.9 580.8 605.8 628.6 647.2 663.2 672.6 679.1 683.5 683.6 681.3 679.8 679.8 680.5 679.4 676.7 676.9 678.2 678.2 675.7 672.7 668.7 667.7 667.1 657.2 635.3 602.5 576.5 552.4 527.3 506.7 500.4 485.5 469.4 458.3 445.9 435.2 424.5 422.5 410.4 398.6 385.8 372.5 354.1 337.5 325.4 316.7 303.4 289.6 275.5 259.8 263.2 264.2 278 279.1 279.5 285.5 290 292.5 297.1 301.5 309.8
214.5 230.9 253.7 276.2 297.9 323.2 346.2 361.4 370.4 389.9 409.6 424 447.9 470.4 492 515.6 542.6 571.3 598.5 624.9 646.9 665.1 677.4 685.3 690.9 692.9 696.7 696.5 696.4 699.2 699.8 690 684.6 686.1 687.3 685.3 682.4 679.7 680 682.2 669.4 637.1 606.5 582.5 560.9 531.4 517.5 508.4 495.2 482.2 472.6 462.4 447 434.8 426.1 413.5 402.3 389.4 377.7 358.5 347.8 334.4 321.2 308 295.1 288.6 265.6 261.7 261.2 267.7 271.4 277.9 284.9 288.7 291.3 295.3 298.4 303.5
215.4 230 251.7 275.7 299.4 324.8 351.5 371.9 388.9 403.2 418.1 430.3 445.3 458.8 477.5 491 533 562.2 591.4 620 643.8 662.6 678.2 688 698.3 704.9 711.6 714.9 718.3 718.4 712.8 706 701.1 696.9 694.9 691.6 689.2 687 687.9 690.4 678.5 644.8 611.1 585.8 570.4 554.1 540.8 528.9 509.1 486.7 481.7 471.7 455.5 441.9 428.4 416.1 405.5 394.1 382.4 368.3 354.9 341.5 327.8 313.7 298.8 282.1 272.2 267.9 266.1 266.2 273.9 279.3 286.2 288.4 290.1 292.7 294.5 298.3
220.8 232.4 248.5 274 297.9 322.2 348.4 370.7 393.7 412.4 433.5 454 471.1 487.9 506.3 526.7 533.8 548.1 577.4 610.7 639.4 657.4 676 690.3 701.6 713.8 723.4 728.7 734.6 734.5 726.5 721.9 720.2 712.8 708.9 704.6 700.6 698.1 696.3 694.8 684.5 654.1 619.3 590.3 583.6 583.7 572.1 555.2 537.7 511.7 500.2 482.6 463.9 447.9 433.5 420.7 411.1 401.4 389.4 375 362 347.9 332.4 317.1 302 285.9 280.4 274.4 269.2 274.5 272.6 283.9 288.7 288.2 288.5 290.4 293.4 297.6
216.1 225.7 243.1 270.1 293.8 319.7 344.6 369.5 392 412.7 435.4 456.9 479.7 500.3 522.2 546.1 563.9 582 602.5 622.4 637.5 662.9 682.5 695.3 708.1 722.3 733.2 744.3 753.4 755.7 750.4 737.6 732.9 729.8 725 719.8 717.2 714.9 711.8 708.7 698.1 673.5 639.7 602.2 590.5 589.1 586.7 575.2 559 541.3 534.4 508.3 478.7 454.8 440.1 426.5 416.8 407.1 394.7 380.1 367.5 353.7 337 323.5 301.7 299.3 292.2 284.6 279.3 280.8 282.2 288 289.5 286 286.8 287.5 290.6 293.7
226.1 243 246.9 261.9 289.6 315.7 340.4 363.1 387 409.4 432.9 456.1 479.5 507.1 534.6 557.9 583.5 606.4 623.8 641.8 658.6 674.9 690 702.8 713.8 731.8 747 757.6 766.1 769.7 765.6 758.9 749.5 744.9 742.2 736 732.6 729.4 724.8 722 720.2 695.6 661.2 624.3 612 603.1 596.1 589.4 578.6 565.2 545.3 518.9 492.6 466.4 448.4 434.1 422.6 412.5 400.6 385.1 371.4 356 333.2 331.2 318.4 309.7 303.4 298.8 295.8 292.7 291 282 282.7 283.6 285 286.1 285.7 287.4
232.5 251.3 268.8 281.6 282.3 310.3 334.8 357.5 381.2 403.8 425.7 452.3 480 507.6 537 562.7 593 617.7 635.9 655.4 674.2 687.1 697.8 709.6 722.3 740 760.7 778.6 785.1 782.5 776.5 771.6 767.4 761.7 755.9 751 747.4 743.1 736.2 733.1 737.5 738.1 685.2 650 634.2 626.6 621.5 612.1 604.1 584.3 560.8 531.3 504.3 476.8 457.9 441.2 428.4 417.5 403.7 389.8 367.1 365.8 356.5 340.4 326.1 318.5 316.3 313.8 311.7 308.7 303.1 301 296.7 291.3 284.7 285.3 287 289.2
238.6 259.9 279.5 297.4 301.5 302.6 327.4 350.7 374.4 398.6 422.9 450.2 475.4 503.1 531.7 563.2 592.4 623.5 644.5 665.8 684.1 697.6 709.6 721.2 734.5 748.1 770.2 791.7 799 799.2 796.5 786.5 779.7 771.9 768 764.1 761.6 756.5 751.4 750.7 755.5 763 729.3 700.3 675.1 656.3 649.5 633.9 628.4 617 595.1 544.9 518.5 488.2 468.1 450.5 435.7 421.8 408.1 388.9 388 379.6 363.8 347.6 335.8 331.7 331.2 331 328.1 323 316.9 312.8 308.6 303.6 296.9 293.3 294.2 296.1
