webserver/python/data/NH07.asc
ncols 200
nrows 200
xllcorner 200000
yllcorner 870000
cellsize 50
[rows 140 to 174 of 200, columns 0 to 77 of 200]
367.3 351.3 333.1 321.3 309.6 309.6 309.6 309.6 309.6 309.6 309.6 309.6 309.6 309.6 320.4 328.6 342 362.1 379.2 398.7 411.3 430.1 460.6 495.6 529.9 554.3 572.4 587.5 579.9 575.3 571.2 543 511 491.5 476 467 460.8 460 462.2 460.9 462.3 470.1 474.2 482 489.7 493.7 500.6 509.2 523.2 537.5 550.8 561.7 571 579.5 583.5 592.7 602.3 614.2 626.7 637.8 647.9 660.8 675.6 699.4 727.1 760.8 798 833.8 857.1 805.3 755.5 731 719.9 707.4 703.4 709.3 716 758
397.4 373.2 349.2 332 313.8 309.6 309.6 309.6 309.6 309.6 309.6 309.6 309.6 309.6 309.6 316.6 329.2 343.7 358.8 378.3 390.1 407.6 437.4 470.2 506.3 530.8 550.6 560.5 555.5 577.6 579.7 541.5 501.4 482.6 470.7 461.9 458.9 454.7 455.7 457.3 461 466.5 471 477.9 481.2 488.3 492.9 504.3 517.6 529.7 542.9 553.5 563.2 573.3 579.7 588.4 598.3 609 621.4 632.5 642.9 655 667.8 692.2 717.1 745.3 784.4 824 860.5 815.8 766.6 744.3 729.6 718.5 713.4 726.8 742 791.8
424 392.5 364.3 342.7 325.1 309.6 309.6 309.6 309.6 309.6 309.6 309.6 309.6 309.6 309.6 309.6 314.6 328.5 341.4 355.2 372 388.8 405.4 436.1 463.5 495.8 501.9 502 519.5 548.2 546.8 515 481.2 469.4 459.8 456.5 451.3 442.5 441.3 446.7 459.2 462.7 466.7 470.4 474.3 482.5 491.7 501.6 512.6 523.6 535 545 555.2 567.2 574.7 583.7 593.8 603.5 615.6 626.8 636.7 646.5 660.3 681.9 706.4 731.6 768.6 805.2 838.1 839.8 791.1 769.8 752.8 750.6 752.8 755.3 770 814.5
435.5 412.2 387.8 360.7 336.8 315.7 309.6 309.6 309.6 309.6 309.6 309.6 309.6 309.6 309.6 309.6 310.8 318 330.7 338.2 355.8 374 385.3 405.4 432.9 454.7 437.4 455.6 478.3 505.7 494.7 478.5 456.9 452.9 448 443.6 441.1 436.6 438.1 441.5 452.5 456.7 459.6 463.5 472.8 480.5 490.3 499.7 508.4 517.9 527.9 538.7 547.3 558.1 568.4 576.4 586.6 595.4 606.6 618.4 629 639.1 651.3 673.2 696.2 718.7 746.3 786.3 819.2 848.3 820.3 800.5 789.5 785.8 783.7 784 806.8 860.7
466.8 437.2 409 383.4 358.6 334.8 314.2 309.6 309.6 309.6 309.6 309.6 309.6 309.6 309.6 309.6 309.6 309.6 311.6 326 340.8 357.6 367.7 380.9 393.1 395.7 410.9 420.6 435.2 451.1 448.3 438.2 440.9 436.3 433.4 429.8 427.1 424.8 428.5 434.9 439.7 445.3 453.2 460.4 467.4 476.2 486.2 494.5 501.7 511.1 521.5 531.2 540.1 548.7 560.7 568.3 577.2 587.4 598.3 607.7 617.5 629.1 641.1 659.1 679.2 703.7 729.6 762.9 795.5 826.2 843.6 857.5 837.7 817.4 814.4 820.4 843.5 897.7
480.9 454.5 427.6 403.2 379.2 356.3 332.8 316.6 309.6 309.6 309.6 309.6 309.6 309.6 309.6 309.6 309.6 309.6 309.6 315.9 330.2 344.2 352.5 359.6 368.9 379.3 389.5 405 409.3 410.3 408.9 416.2 419.6 418.5 417 416.3 411.6 420.8 418.4 426.9 432.8 439.6 445.1 451.3 458.6 466.8 477.3 487.5 496.8 505.6 514.8 523.6 532.7 541.4 551.6 559.9 569.1 577.8 587.5 596.2 605.5 617 629 643.9 662.7 684.7 715.3 741.1 771.8 802.6 824.3 848.5 871.8 862.3 855.1 861.6 888.4 921.1
518.9 489.9 459.5 430.4 414.3 379.8 352.5 331.6 311.2 309.6 309.6 309.6 309.6 309.6 309.6 309.6 309.6 309.6 309.6 309.6 311.5 324.4 339.1 346 356.3 366.6 376.1 386.8 390.4 391.4 397.6 400.3 401.6 401.2 403.2 403.3 396.3 405.7 410.6 419.5 424.3 429.3 435.3 440.1 447.7 457.7 468.4 479.2 489.3 497.7 505.4 515.9 525.6 535.8 545.3 553.9 560 568.2 576 583.7 593.1 603.7 616.6 631 647.6 667.6 693.4 720.9 750.1 777.1 795.4 813.9 833.7 849.2 865.6 879.2 900.5 911.5
566.1 532.3 493.7 476.2 439.6 400 374.8 352.8 331.3 314.6 309.6 311.5 309.6 309.6 309.6 309.6 309.6 309.6 309.6 309.6 309.6 309.6 321.6 332.3 342.4 352 361.7 369.2 372.6 374.7 378.6 381.4 385 385.2 386.2 387.6 389.2 389.4 403.5 406.3 412.5 419.4 425 429.2 438.6 448.2 459.3 469.6 479.2 486.1 496.5 508.6 518.8 529.1 542.9 550.8 555.9 561.6 566.2 573.1 581 590 604.4 617.6 631.8 649.3 670.4 700.5 723.3 746.9 762.8 781.4 801.6 819.6 834.2 847.7 867.3 888.5
602.3 571.2 532.7 498.1 477.3 422.9 395.1 371.2 343.5 327.5 320.4 317.3 312.8 309.6 309.6 309.6 309.6 309.6 309.6 309.6 309.6 309.6 309.6 320.4 332.7 344.5 347.1 351.4 352.6 356.2 358.2 362.4 367.4 367.6 371.1 371.2 380.5 382 390.1 395.7 401 408 413.9 419.4 428 437.5 447.2 459 468.1 475 489.5 499.5 507.8 521.5 534.1 545.4 551.8 556.1 559.5 563.9 569.9 580.5 594.2 607 617.7 630.5 649.3 672.8 698.9 717.2 731.9 748.8 770.7 791.4 807 818.4 834.8 856.5
606.1 595.9 570.7 536.9 486.5 448.5 426.1 385 359.8 336.2 329.2 321 316.1 309.6 309.6 309.6 309.6 309.6 309.6 309.6 309.6 309.6 309.6 309.6 313.8 325.9 333.3 334.3 336.4 336.7 339.2 345.5 349.9 352.7 356.9 355 362.5 371.7 379.5 383.7 390.7 397.6 402.4 412.3 418.7 426.3 433.9 444.9 455.9 464.6 478.9 487.6 497.8 511.8 525.7 540.3 546.4 551.4 553.8 556.2 559.5 569.4 583.4 594.9 604.8 615 632.5 651.2 671.5 691.9 703.7 717.3 742.5 759.6 776.6 789.3 804.6 824.2
595.8 584.6 564.5 544.5 504.1 488.8 442.6 394.2 370.1 351.9 337.2 327.3 320.2 313.3 309.6 309.6 309.6 309.6 309.6 309.6 309.6 309.6 309.6 309.6 309.6 314.7 319.2 321 322.8 325.3 325.1 331.1 335.6 337.3 340.6 342.5 353.1 361.3 368.1 372.7 380.2 387.7 394 401.2 406.8 414.5 421.4 431.2 441.7 453.8 464.9 474 487.6 502 516.8 531.6 541.2 544.1 547.2 550 554.1 557.7 570.4 580.8 591.7 603.5 616.8 631.1 646.6 665 674.3 684.5 708.3 729.3 745.1 757.1 771.1 792.9
598.8 573.6 555.1 546 520.5 501.1 477 417.1 385.7 362.9 349.1 337.7 328.1 321.1 309.6 309.6 309.6 309.6 309.6 309.6 309.6 309.6 309.6 309.6 309.6 309.6 309.6 309.6 311.5 313.6 312.5 317.6 322.8 327.9 330.1 335.9 344.1 350.1 358.3 362.2 369.9 378.4 387.1 391.9 395.7 403 412.2 422.3 431 442.1 450.3 461.9 475.1 490.1 508.9 525.3 534.5 535.7 539.1 542.3 547.6 551.4 556.5 565.2 574.8 586.6 597.9 612 625.1 640.6 647.7 656.7 674.3 696.2 714.8 728.5 735.6 758.2
581.9 555.5 532.3 521.8 519.4 491.4 458.5 431.1 400.1 386.8 363.4 349.8 337.2 329.2 319 309.6 309.6 309.6 309.6 309.6 309.6 309.6 309.6 309.6 309.6 309.6 309.6 309.6 309.6 309.6 309.6 309.6 313.3 320.2 322.9 327.7 333.3 339.9 348 353.3 362.2 370.4 376.4 380.2 386.9 393.5 402.7 411.4 419.7 428 435.8 447 460.4 476.1 495.6 507.8 516.4 522.5 527.3 533.2 537.3 540.5 544.9 550.4 558.5 569.4 580.6 593.2 606.3 616.7 623.3 630.5 642.9 662.2 679.7 690.4 701.5 717.6
581.5 553.9 529.2 518.6 503.6 490.7 492.6 468.4 419.8 399.1 380.6 359.4 346.9 335.6 325.6 314 309.6 309.6 309.6 309.6 309.6 309.6 309.6 309.6 309.6 309.6 309.6 309.6 309.6 309.6 309.6 309.6 310.2 314.5 316.5 319.5 325 331.2 339.9 346.1 353.4 360.8 364.4 373.2 379.9 387.8 392.4 398.8 405.4 414.4 421.8 433.1 446.7 460.3 470 479 492.9 507 517.4 523.4 527.4 529.7 534.3 538.7 544.7 552.5 563.2 574.1 585.4 592.5 600 607.4 617.6 631.5 649 659 668.2 681.7
586.3 559.8 529.5 521.2 514.8 514.5 503.8 473.1 448.7 415.3 397.1 377.3 360.8 347.4 332.2 322.4 309.6 309.6 309.6 309.6 309.6 309.6 309.6 309.6 309.6 309.6 309.6 309.6 309.6 309.6 309.6 309.6 309.6 309.6 311.7 313.8 318.7 326 335 341.8 346.2 350.3 356.4 364.5 371.1 380 383.9 390.8 393.9 401.5 411.1 419.5 432.8 443.9 452.5 460.2 476.8 496.2 508.7 515.5 517.1 518.5 522 526.6 531.9 539.3 547.6 557.5 565.9 573.4 580.3 588.5 596.2 605.4 613.9 626.2 635.8 645.1
591.7 570.7 551.7 531.4 524.1 522.4 511.6 487.3 460.3 439.2 434.1 405.9 380.6 365.5 339.6 329 321.2 309.6 309.6 309.6 309.6 309.6 309.6 309.6 309.6 309.6 309.6 309.6 309.6 309.6 309.6 309.6 309.6 309.6 309.6 309.6 311.8 319.7 329.4 335.9 340.8 345.2 351.1 358.7 364.7 372.4 379 384.2 388.2 392.2 396.7 404.3 419.1 430.3 437.7 446.2 462.1 489.6 496.4 503.6 505.2 507.1 509.9 515.7 520.1 524.6 531.8 540.3 548.6 556.2 563.3 571.8 578.9 587.2 596.1 603.7 608.5 615.8
599.5 579.9 562.4 547.2 529.8 519.7 504.4 482.6 471 463.9 453 423 389.3 363.5 348.5 335.5 325.9 317.4 309.6 309.6 309.6 309.6 309.6 309.6 309.6 309.6 309.6 309.6 309.6 309.6 309.6 309.6 309.6 309.6 309.6 309.6 309.6 311.9 321.7 330.8 337 343.4 349.5 356.2 360.9 367.6 371.4 377.5 380.5 384.5 389.6 392.5 403.7 413.9 421.4 430.3 440.8 460 472.8 485.1 489.1 492.4 496.6 504.1 508.4 512.2 517 524.8 532.4 538.7 545.9 552.7 562.8 570.8 578.6 585.5 590.1 594.8
625.1 602.5 580.3 573.5 554.4 529.6 509.4 491.4 480.2 473.2 451.8 425.6 399.3 378.2 356.1 342.9 331.2 325.4 315.8 309.6 309.6 309.6 309.6 309.6 309.6 309.6 309.6 309.6 309.6 309.6 309.6 309.6 309.6 309.6 309.6 309.6 309.6 309.6 312.3 323.2 334.1 340.3 345.5 350.9 357.2 360.4 363.7 368.3 372.6 378.3 382.6 386.9 392.4 403.3 408.6 416.7 426.4 435.2 448.2 461.4 467.6 474 481.3 491.1 495.5 500.1 505.6 512.4 517 522.9 528.5 535.9 543 549.6 559.5 568.3 573.9 578.6
647 622.5 597.9 588.6 569.8 543.3 514.2 500.3 488.7 473.1 455 442.9 416.3 384.5 366 354.3 345.8 335.4 326.8 316.1 309.6 309.6 309.6 309.6 309.6 309.6 309.6 309.6 309.6 309.6 309.6 309.6 309.6 309.6 309.6 309.6 309.6 309.6 309.6 313.2 326.8 336.3 340.2 344.8 350.6 353.6 355.6 360.2 365.5 370.9 376.6 381.2 385.8 392.9 397.4 401.8 413.7 419.3 429.8 442 446.5 456.1 464.7 473.6 479.5 485.5 492.4 498.6 502.1 507.7 513.9 520.9 527.6 534.4 543.6 552.6 560 566.8
663.5 641.3 614.7 591.3 572.4 550.2 526.8 506.8 494.2 478 470.9 458.3 423.7 398.7 380.4 365.8 358.5 350.9 341.8 330.4 313.9 309.6 309.6 309.6 309.6 309.6 309.6 309.6 309.6 309.6 309.6 309.6 309.6 309.6 309.6 309.6 309.6 309.6 309.6 309.6 313.9 324.4 332.2 338.6 343.6 345.7 347.7 352.3 357.5 363.7 370 375 381.3 384.9 389.7 392.1 398.2 403.8 413.1 421.3 427.9 434.7 445.8 457.8 463 469.4 477.2 481.7 487 493.6 500 506.2 512.3 520.1 528.8 540.1 551.8 557.6
674.2 648 624.5 608.3 582.1 559.8 533 517.7 503.9 489.2 476.1 450.6 431.4 413.6 395 382.3 372.9 367.6 357.1 339 320.8 309.6 309.6 309.6 309.6 309.6 309.6 309.6 309.6 309.6 309.6 309.6 309.6 309.6 309.6 309.6 309.6 309.6 309.6 309.6 309.6 316.2 323.7 331.3 338.7 341.9 343.9 348.1 351.8 359.5 364.8 371.4 375.9 379.5 382.9 386 388.7 393.3 396.8 407.7 412.1 420.9 432.9 443.6 447.1 449.5 457 465.4 472.6 479.2 485.8 492.2 498.4 507.6 518.3 528.8 545.4 551.9
677.5 650 623.8 603.5 578.8 559 534.5 522.6 516.4 493 477 455 442.7 431.6 415.8 399.1 391.1 388 362.9 341.3 330.8 317.4 309.6 309.6 309.6 309.6 309.6 309.6 309.6 309.6 309.6 309.6 309.6 309.6 309.6 309.6 309.6 309.6 309.6 309.6 309.6 309.6 319.6 329.1 334.1 338.2 341.6 348 350.4 354.9 361.3 366.5 370.3 373.4 377.9 380.9 380.5 383.2 389.2 392.2 396.2 408.6 422.1 429.2 432.5 434.3 439.5 450 459 465.1 471.8 481 490.4 499.4 510.6 523.5 536.4 548.2
659 631.5 603.7 579.9 565.3 542.6 525.3 521 520.9 504.3 484.5 470.4 465.3 455.1 434.9 419.4 409.8 392.5 368 352.8 341.8 327.6 313.9 309.6 309.6 309.6 309.6 309.6 309.6 309.6 309.6 309.6 309.6 309.6 309.6 309.6 309.6 309.6 309.6 309.6 309.6 309.6 313.3 325.4 329.1 333 337.8 341.7 345.6 349.7 355.8 360.9 363.8 367.9 372.4 375.4 377.4 379.6 383.7 384.1 385.1 395.7 406.9 415.3 417.5 416.8 426.8 435.3 443.5 449.5 460.1 473.2 484.5 492.9 505.6 518.4 530.7 548.5
626.8 601.6 575.8 559.5 544.6 528.9 519.6 519.1 518.3 506.6 492.1 482.3 477.2 466.6 455.9 438.6 421.2 405.4 382.1 365.2 351.4 337 322.7 309.6 309.6 309.6 309.6 309.6 309.6 309.6 309.6 309.6 309.6 309.6 309.6 309.6 309.6 309.6 309.6 309.6 309.6 309.6 309.6 314.3 318.4 325.9 331.6 334.1 340 345.1 350.2 354.9 359.6 363.4 366 368.5 372 376 379 379.8 379.7 384.8 393.3 399.9 405.9 406.4 413.3 417.8 429.3 436.6 447.6 462.9 483.7 490.8 500.6 514.2 528.5 553.8
602.3 575.2 556.4 539.9 527.5 518.1 517.8 518.9 529.5 515.3 504.6 493.7 489.4 485.2 466.8 445.9 432.3 417.1 394.2 379.9 363.1 345.8 329.2 315.5 309.6 309.6 309.6 309.6 309.6 309.6 309.6 309.6 309.6 309.6 309.6 309.6 309.6 309.6 309.6 309.6 309.6 309.6 309.6 309.6 309.6 310.3 321.3 330.3 335.7 340.6 345.6 351.8 357.9 360.5 360.8 363.4 366.9 370.2 369.8 369.9 374.9 379.7 383.4 388.2 389.8 396.7 404.5 411.7 420.7 427.9 441.3 460.8 477.1 482.2 491.7 504.3 522.5 564.4
578.8 552.5 528.6 521.1 517.1 518.1 518.1 523.5 540.8 538.1 522.2 510.5 502.5 490.1 465 452.1 442.2 422.1 396.8 388.5 370.4 350.2 334.5 321.8 309.6 309.6 309.6 309.6 309.6 309.6 309.6 309.6 309.6 309.6 309.6 309.6 309.6 309.6 309.6 309.6 309.6 309.6 309.6 309.6 309.6 309.6 312.7 324.6 329.7 335 343.5 351.9 358.9 360.7 360.5 359.8 362.7 364.2 363 361.5 368.1 377.8 380.5 380.9 380.1 388.1 393.6 402 412.5 421 431.1 444.7 462.1 467.7 480.1 494 522.6 557.4
560.5 535.3 515.6 517.6 514.3 517.4 521.6 532.3 530.7 540.8 535.9 528.8 515 497.1 474.1 456 437.9 418.7 398.6 384.7 366.1 354.1 339.7 325.2 310.4 309.6 309.6 309.6 309.6 309.6 309.6 309.6 309.6 309.6 309.6 309.6 309.6 309.6 309.6 309.6 309.6 309.6 309.6 309.6 309.6 309.6 309.6 313.4 320.7 330.7 344.1 356.2 360.3 359.4 359.5 360.5 360.7 359.6 358.2 360.3 364 371.8 375 369.3 376.6 383.2 386.3 392.6 406.4 413.1 422.6 431.5 441.7 454.1 469.6 493 524.5 540.8
540.8 522.2 512 511.8 511.8 515.9 529.5 522.2 526.9 537.5 540.8 531.6 529 512.4 485.2 464.5 446.9 423.7 404.6 388.5 373.5 358.7 346.8 329 316.4 309.6 309.6 309.6 309.6 309.6 309.6 309.6 309.6 309.6 309.6 309.6 309.6 309.6 309.6 309.6 309.6 309.6 309.6 309.6 309.6 309.6 309.6 309.6 316.7 326.8 341.2 356.2 360.6 358.6 357.1 359.3 357.5 354 354 357.7 360.9 365 363.5 360.3 371 376.8 380 385.4 394.8 404.8 412.4 419.8 425.6 439.6 457.1 474.7 505.3 531.3
520.4 511.8 511.8 511.8 510.8 514 517.7 518.9 525.1 543.3 542.9 535.4 540.1 528.3 492.5 476.1 456.9 434.8 415.1 396.4 379 364.2 351.4 338.6 323.7 311 309.6 309.6 309.6 309.6 309.6 309.6 309.6 309.6 309.6 309.6 309.6 309.6 309.6 309.6 309.6 309.6 309.6 309.6 309.6 309.6 309.6 309.6 311.4 326.9 341.4 350.3 353.1 351.9 349.9 351.5 353 351.2 349.8 353.1 359.4 359.4 355.5 357.1 367.9 372.6 378.7 380.2 385.9 396.5 398.5 405.2 413 426 445.1 463 487.4 511.7
511.8 512.6 514.2 509.8 509 506.9 507.4 519.2 533.5 536.6 540.5 539.7 542.1 535.2 503.9 483.6 466 445.2 422.4 401.2 385 373.5 361.8 345.8 331.6 319.4 309.6 309.6 309.6 309.6 309.6 309.6 309.6 309.6 309.6 309.6 309.6 309.6 309.6 309.6 309.6 309.6 309.6 309.6 309.6 309.6 309.6 309.6 309.6 320.2 334.2 343.8 343.8 343 341.5 342.2 345.3 346.4 345.4 349.2 352.3 351 349 350.1 359.1 366.3 373.6 380.9 384.8 384.7 389 395.5 407.4 420.2 435 449.2 464.6 485.4
513.9 516.7 518.4 510.5 500.4 494 499.6 520.5 527.1 520.5 529 534.4 540.4 529.4 509.3 489.9 465.8 442.2 422.8 408.3 393.8 384.8 369.2 353.8 338.8 326.5 313.4 309.6 309.6 309.6 309.6 309.6 309.6 309.6 309.6 309.6 309.6 309.6 309.6 309.6 309.6 309.6 309.6 309.6 309.6 309.6 309.6 309.6 309.6 309.6 318.7 325.6 333.5 334.8 333.6 337.4 339.5 340.6 341.1 343 344 346.3 347.9 348.1 353 360.7 368.6 376.1 381 379.8 382.1 392.3 401.4 411.1 425.3 437.7 449.5 461
510.7 510.8 512 499.3 488.6 485.6 492.1 510.8 514 517.5 525.9 526.1 528.5 533.4 512.3 491 466.4 446.8 432 415.9 400 386.6 371.2 362.1 349 336.6 324.3 310.4 309.6 309.6 309.6 309.6 309.6 309.6 309.6 309.6 309.6 309.6 309.6 309.6 309.6 309.6 309.6 309.6 309.6 309.6 309.6 309.6 309.6 309.6 309.6 316.6 324.8 329.7 327.9 328.2 330 334.2 339.8 339.4 339.8 342.4 344.6 347.8 351.1 358.5 363 369.4 373.4 379.5 383.6 391.4 400 410.3 420.8 426.2 429.7 438.2
504.3 498.9 493.1 488.3 478.3 478.3 486.2 492.1 500.2 508.1 517.9 528.9 536.1 541.4 517.1 496.4 479.7 461.5 444.5 426.4 409 393.2 379 371.2 359.3 345.3 335.7 319.6 309.6 309.6 309.6 309.6 309.6 309.6 309.6 309.6 309.6 309.6 309.6 309.6 309.6 309.6 309.6 309.6 309.6 309.6 309.6 309.6 309.6 309.6 309.6 309.6 313 317.1 319.5 319.7 322 327.9 332.5 339.8 339.3 341.9 344.9 347.6 350.4 355.5 360.5 361.3 362.6 373.7 386.4 397.2 407.8 410.7 411.5 416.6 419.2 421
486.2 479.6 474.7 468.2 462 468.2 468.9 477.9 492.5 494.7 512.7 532.2 538.6 533.4 512.8 498.3 487.7 473.2 455.9 436.4 415.1 399.8 386.7 375.3 368.9 359.4 342.9 327.9 313.8 309.6 309.6 309.6 309.6 309.6 309.6 309.6 309.6 309.6 309.6 309.6 309.6 309.6 309.6 309.6 309.6 309.6 309.6 309.6 309.6 309.6 309.6 309.6 309.6 309.6 315 319.4 319.4 327.5 331.2 337.8 341.6 343.7 347.2 349 348.6 351 355.7 357.5 360.8 372.6 384.6 394.7 413.7 407.7 406.4 405 410.2 407.2
465 458.4 451 445.5 446.6 458.8 467 468.2 472 488 504.2 521.3 522.6 518.3 503.7 491.7 482.4 470.5 457.5 442.6 425.8 409.8 385.7 379.4 381.7 374.8 358.6 341.8 320.9 309.6 309.6 309.6 309.6 309.6 309.6 309.6 309.6 309.6 309.6 309.6 309.6 309.6 309.6 309.6 309.6 309.6 309.6 309.6 309.6 309.6 309.6 309.6 309.6 309.6 311.2 313.2 315 325.6 329.9 339.3 345 350 349.3 349.5 348.7 349.6 350.2 353.9 362.6 375.4 383.6 389.6 396.8 396.9 397.5 399.8 400.5 396.8
