webserver/python/data/NH10.asc
ncols 200
nrows 200
xllcorner 210000
yllcorner 800000
cellsize 50
[rows 136 to 169 of 200, columns 78 to 155 of 200]
384.6 369.2 352.9 344.1 334.9 327.3 323.1 314.5 308.8 308.1 309.1 310.1 309.8 302.9 300.6 299.2 298.5 297.8 295.6 295.8 297.3 298.8 299.4 303.1 309.1 318.2 320.8 312 305.1 299.4 294 288.1 282.8 275.5 270.4 268.9 265.3 259.8 254.4 247.8 240.8 234.9 231.5 232.9 230.7 235.3 238.8 245.7 251.3 258.2 265.5 272.4 278.9 286.5 291 289.8 291.2 290.1 288.3 293.3 298.9 307.4 306.7 306.2 300.3 294.6 291.7 287.5 282.8 278.3 276.6 273.4 270.2 267.9 264.3 260.1 262 266
368 354.2 341.9 333.9 323.9 316.5 317.3 312.7 306.3 305.4 307.7 309.3 303.9 301.5 299.8 296.8 295.8 294.6 292.3 292 294.8 297.6 299.7 307.9 317 317.4 311.2 305.8 302.9 299 296.6 295.2 291.3 284.1 283 281.5 275.1 266.5 257.5 245.4 239.5 234.6 229.9 231.3 230.8 231.2 234.9 242.6 247.6 254.9 264.4 271.4 274 281.9 286 287.5 289 288.5 293.9 299.5 310.1 311.7 309.7 308 303.4 299 292.8 284.3 276.9 270.3 266.5 263.2 259.8 257.4 249.6 251.1 256.6 262
356.3 348.1 336.2 324.4 312.7 308.7 311.7 311 304.2 299.3 299.1 299.2 294.8 293 289.9 288.9 291.1 291.2 287.8 289.4 292.2 295.8 301.1 307.1 308.7 309.4 314.6 314.5 309.4 306.7 309.3 305.2 298.9 295.1 292.9 289.4 282 271.5 258.5 246.8 240.4 235.6 231.3 229 230.4 232.3 232.3 237.9 243.6 249 259.4 267.8 269.2 276 280.2 284.2 288.9 291.1 299.5 308.2 311.2 311.5 309.1 306.5 302.9 298.7 292.2 288.4 279.8 269.6 263.1 256 250.5 245.9 242.3 247.6 254.1 257
344.9 336.4 326.7 312 304.9 303.4 304.3 302.4 296.7 292 288.9 285.3 284.2 283.2 280.6 282.9 285 282.3 279.9 285.6 289.8 297.8 299.1 302 306.5 312.6 322 320.7 318.4 318.8 319.8 315.1 310 306.3 301 293.2 286.6 274.7 262.8 251 246.2 241.1 236.5 233.6 230 231 232.3 232.7 239.8 246.6 254.9 263.1 269.2 272.1 277.1 281.1 286.2 292.6 300 297.5 301.2 303.7 302.7 299 297 293 285.4 279 272.5 266.6 259.1 250.5 244.6 238.3 230.6 235.7 239.9 241.9
333.1 319 307.5 302.6 295.5 293 294.6 292.6 287.3 283.2 283.5 281.8 278.2 277.8 277.5 278.5 279.3 278.7 281 285.6 291.9 296 301 303.1 306.8 317.7 321.8 325.2 326.8 330.5 332.3 335 327.2 321.2 318.1 306.7 288.7 273.9 267.4 261.8 261.4 256.5 247.7 242.3 237.7 229.5 230.2 232.8 236.9 243.6 251.3 257.1 262.4 267.6 270.8 274.5 283.6 286.3 280.5 283.4 286 290.3 292.5 288.7 285.2 280.8 272.3 265.5 262.1 255.4 246.7 241.4 235.7 230.1 225.9 225.4 226.5 229.5
320 307.9 299.7 293.6 288.3 284.6 285.1 284 279.2 280.8 279.9 276.9 274.8 273.6 273.1 273.3 272.9 274.8 277.6 283 288.2 291.1 296.7 301.4 306.7 316.5 322.5 326.3 330.9 336.7 341.2 341.7 340.1 337.8 339.2 323 305 298.1 291.1 292.8 280.2 272.1 267.7 260.9 247.1 238.6 228.4 227.4 231.6 238.9 244.9 248.4 254 260.8 263.2 262.2 259.8 260.2 266.3 268.5 268.1 268.2 272.4 273 269 265.3 258.1 253.5 250.7 246.7 239 235.7 230 224.7 222.6 220.5 219.8 219.5
307 299.9 294.3 289.4 283.9 279.9 279.5 280.6 279.8 278.7 274.7 271.9 270.1 268.9 268 266.8 270 270.2 274 279.2 282.4 286.6 290.7 298.6 306.8 313.5 320.3 326.1 332.3 339.1 343.1 343.7 342.9 339.7 334.1 330.8 320.4 308 301.3 296 284.5 273 262 250.7 237.9 227.8 221.1 218.6 223.6 229.5 234 237.1 242.7 247.5 253.7 250.6 247 245.5 253 258.5 255.2 252.5 249.2 251.8 256 251.6 244.7 240.5 243.2 240 236.5 232.1 228.2 222.7 220 217.9 218.5 219.6
298 293.1 290 285.7 281.6 278.4 274.5 273.5 271.9 272.8 269.4 266.9 265.4 264.1 261.9 259.7 263.4 264.4 268.8 273.1 275.5 282.3 287.3 295 304.9 311.2 318.7 327.4 337.3 342.3 345.3 347.4 346.7 343.2 340.3 331.3 319.1 309.9 299.6 294.7 284.7 270.8 257 243.3 231.6 223.2 214 209.5 212.7 218.9 220.8 224.2 227.1 232.2 235.4 235.1 233.2 230.8 233.1 236.4 236.1 233 232.8 235.8 242.9 240.7 236.5 234.5 234.6 232 231.3 228.5 223.4 219.9 217.2 216.3 217.4 220.1
290.1 287.9 284.6 280 277 274 269.5 265.7 266.9 267.5 263.9 260.1 258.4 258.6 255.4 252.4 253.9 258.7 263.7 265.5 269 275.7 281.3 289.5 298.3 307 313.8 322.3 335.2 346.4 351.7 356.5 353.1 346.3 329.7 322.9 315.4 310.9 306.8 299.6 291.6 276.8 260.1 246.1 234.5 223.3 212.3 206.2 204.4 206.1 206.5 211.8 218 224.2 222.4 224.9 223.2 220.6 217.9 220 224.5 224.6 225.6 225.3 229.5 229.2 229.9 229.4 225.9 222.1 222.1 221.2 219.1 216.2 213.4 213.2 216 219.1
286 284.1 281.4 276.1 272.7 269.4 264.9 260.5 260.7 261.8 258.9 254.1 249.7 252 249.5 249.1 248.8 251.3 254.1 259.4 265.1 270.2 276.6 284.7 291.2 301 306.3 312.3 321.7 329.1 335.6 340 338.3 336.5 327.6 320.9 318.7 316.7 313.1 303.7 294.3 284 271 252.8 237.1 225 212.9 203.2 195.8 193.5 196.4 200.3 205.5 207 207.9 214.3 219.5 214.5 210.8 213.6 213.8 215.8 219.5 219.2 216.6 219.1 221 218.7 219.2 218.6 216.7 215.6 214 212.2 210.5 211 214.1 217.9
281.2 276.2 271.7 268.1 263.2 259.6 260.2 255.3 250.7 246.9 249.2 246.2 248.2 250.2 248.1 244.9 243.7 245 247.4 252.5 260.7 264.3 268.7 278.6 284.9 291.3 298.1 305 307.9 316.2 320.1 324.2 326.2 326.1 323.3 321.6 320.9 321.2 316.7 315.5 311.3 292.9 273.8 254.5 237.9 221.2 206.5 197.7 190.8 188.3 184.3 188.1 190 195.4 201.1 206.8 213.2 207.6 204.7 209.5 208.6 206 208.4 207.4 209.8 212.5 213.5 212.4 213.5 213.7 212.3 210.4 210 209.4 209.4 210.5 213.7 216.6
274.1 267.9 261.9 258.8 256.6 253.1 252 250.6 247.2 241.9 241.2 240.9 241.6 243.1 242.1 239.8 239.3 240.4 242.7 245.9 252.8 257.6 260.7 269.1 276.9 280.5 285.4 292 296.7 304.6 309.5 314.9 319.3 319.2 320.4 321.5 323.6 321.3 319.5 313 299.6 287.6 269.2 252.2 227.7 217.8 206.6 195 187.6 180.3 179.3 179.7 184.4 188.5 194.4 200.3 199.6 197.9 198.8 198.8 200.7 197.7 199.2 201.4 202.3 204.8 208.3 208 208.8 209.9 209.1 208.6 208.3 209 209.9 214.1 217.1 220.4
266.4 264.3 262.7 264.1 259.4 259.4 254 250.2 246.8 241.1 237.1 235.9 235.5 236 236 234.7 235.5 236.3 239.5 242.9 247.3 250.2 253.4 259 265.5 271.5 278.4 283.9 289.5 296.9 303.7 310 317.9 320.5 322.3 322.7 322 320.6 319.7 307.7 291.4 277 263.1 248.2 226.1 215.7 202.7 190.7 185 178.9 178.3 178.1 179.4 185.1 190.6 193.2 192.9 191.3 194.7 198.5 194.4 191.5 195.2 198.5 199.1 201.7 204.1 203.6 204.1 206.2 206.8 208.8 208.8 209 213.9 218.3 221 225.1
263.8 264.3 269.5 266.9 258 254.2 248.3 245.1 241.3 236.1 231.8 231.9 230.6 229.3 229 231 231.8 231.6 234.1 238 242.2 245.4 249.8 255.4 261.6 265.6 271.5 280.3 287.4 296.5 304.1 311.1 317.2 323.3 327.8 329.2 323.1 319 309.2 296.2 281.3 267 258.7 243 228.8 212.3 200 189.5 182.7 178.7 175.1 173.8 175.6 177.8 182.6 184 185.5 182.7 183.3 189.7 187 186.8 188.6 188.7 190.5 197.4 200.3 200.3 200.8 203.2 205.9 208.9 209.6 211.8 216.1 222.8 227 230.4
263 262.5 258.2 253.2 248.8 243.6 239.9 238.5 233.5 228.9 230.5 227 224.6 223.4 222.9 224.8 225.9 225.2 227.9 232.9 238.3 242.2 247.1 253.1 258.8 263.6 271 279 287.5 296.1 304.4 311.1 316.7 320.6 326.8 330.1 322.3 315.9 308.2 296.5 281 264.7 252.6 240.4 225.4 211.6 199 190.4 181.6 176.8 173.3 172.4 172.1 173.2 174.6 179 179.7 179.4 179.1 186.9 181.7 182.2 183.1 187.4 190.1 192.6 198.3 200.4 200.8 203.5 206.1 208.7 211.5 216.8 220.6 223.8 229.7 229.1
259.3 255.3 250.4 248.9 244.9 239 234.8 230.5 227 225.1 225.6 222.3 218.6 217.7 217.6 217.6 218.9 219.3 222.8 228.6 233.9 238.9 240.4 249.8 258.4 265.3 275.1 281.2 287.6 295.3 303 309.7 316.1 320.9 325.7 324.6 321.2 319.3 311.2 296.6 282.6 269.2 256.8 242 225.4 211.4 200.2 190.9 181.2 175.4 172.1 171.4 170.6 170.6 171.4 173.4 177.2 177 176.4 176.2 179.2 181 179.7 185.5 188 190 191.3 198.8 201.2 203.5 206.1 208.8 213.3 219.2 218.9 221.5 226.5 230.6
252.9 250.5 248.5 244.7 241.6 236.5 232.6 228.5 224.6 222.1 220.3 217.7 214.4 212.8 212.7 212.4 212.3 214.2 217.9 222.8 227.8 231.8 235.1 245.6 252.9 257.9 267.8 275.6 281.8 288.1 298.8 307.7 314.6 321.2 322.1 322.7 322.6 319.5 306.5 293.3 279.4 265.7 253.7 241.3 227 212.9 200.1 190.4 181.8 172.1 169.8 169.3 169.3 169.5 170.7 170 170.9 171.7 172.6 171.3 173.5 177.7 177.9 179.5 182 185.5 190.6 200.7 201 202.7 205.6 208.4 210.9 215.5 219.7 221.1 222.8 226.5
246.6 243.6 239 235.8 234 232.6 229.1 225.2 221.2 217.2 215.7 212.4 209.9 208.4 207.7 207.4 207.7 209.7 212.7 216.6 221.1 224.7 229.2 237.5 244.3 252.2 260.2 269.4 274.6 284.2 294.6 305.1 311.7 316.6 319.2 321.9 321.5 308.4 297.7 286.9 272.1 259.5 249.6 237.2 225.9 214.6 203.5 192.8 183.3 173.4 169 169.5 169.6 169.6 168.6 168 169.4 169.4 169.4 169.7 171.1 173.8 173.6 179.1 181 184.8 190.1 199.3 201.1 201.2 204.1 207.6 210.9 213.1 217.2 219.5 220.9 219.8
244.1 240.3 236.1 231.3 228.9 232.3 228.7 221.1 216.4 211.5 210.4 209.2 206.2 203.9 202.8 202.4 203.8 206.2 208.5 210 214.3 218.5 223.9 231.7 241.7 248.9 256.2 263.7 271.1 281.7 291.4 299.2 303.7 309.8 315.3 314.6 306 297.2 289.4 278.8 270.5 262.7 248.5 237.5 223.8 212.3 199.1 190.1 182.9 176 170.7 168.7 168.9 168.1 162.6 162.1 165.4 167.4 167.6 167.2 168 170.2 170.4 174.2 180.8 184.8 188.8 193.9 199.1 200.6 203.5 207.2 210.5 210.8 212 212.7 214.5 210.1
240.9 237.2 233.4 228.8 223.8 222.2 221.6 217.4 212 210.3 207.3 205.8 203.3 200.3 200.1 199.2 200.4 203.7 204.4 205.8 208.9 214.6 221.2 227.6 237.8 243 251.3 259.8 268.4 279.2 283.2 288.4 294.3 305.9 303.8 298.7 296.3 293.1 288.9 280.5 266.4 253.2 236.2 223.8 211.3 205.3 196.8 187 179.3 173.8 169.4 167 165.4 164.7 161.8 162.3 162.1 164.1 163.8 163.2 163.5 167.2 170.9 171.1 181 184.7 187.7 192.3 198.1 200.9 200.9 204.1 208.5 208.9 209.3 206.6 201 199.9
235.3 231.5 228.7 224.3 220.1 217.3 214.8 210.1 207.1 204.7 201.6 201 201 200 198.9 198.8 199.3 201.1 201.2 203.6 206.8 210.1 218.1 223.8 231.4 241.9 250.2 257.1 263.2 265.7 271.9 278.1 282.3 283.5 283.7 286.8 289.8 289.6 283.7 263.8 256.1 243.5 225 214.9 205.2 199.3 193.6 187.3 177.6 171.1 167.9 164.4 162.2 162 161.7 162 162.2 162.7 162 161.3 163.6 167.4 170.1 170 180.7 182.3 185.6 190 200.9 201 200.5 199.5 209.1 209.6 206.5 196.5 184.9 184.9
223.4 221 219.6 218.9 216.1 213.1 209.4 204.7 202.7 200.5 199.3 200.5 199.8 198.8 197.4 197.6 199.1 200.2 200.3 203.2 209.1 209.4 217.9 222.3 226.4 236.8 240.9 243 248.5 254.2 260.1 265.6 264.9 265.8 269.9 271 266 268.7 261.4 247.5 236.6 222 213.2 207 199.8 194.1 189.6 184 177.9 169.7 168 165 162.2 161.2 161.1 161.3 161 161.1 160.6 160.5 163.1 166.2 168.7 168.1 172.7 179.2 181 190.6 200.4 193.7 194.3 199 202.4 203.7 193.4 185.6 180.5 177.9
215.6 214.5 214.2 213.3 211.2 208.7 203.8 200.4 199.7 197.7 198 198.4 197.3 196.3 195.3 195.5 197.4 199.1 199.3 207.4 210.5 209.5 210.8 215 222.3 227.8 227.5 228.4 233.6 238.1 245.2 245.9 249.3 250.1 249.1 250.6 248.5 243.7 239.4 231.9 222.8 212.4 203.6 196.1 191.8 188 189 183.4 175.8 169.6 169 166.3 163.6 161.8 161.3 160 159.8 160 159.9 160.4 163 165.5 166.1 160.7 161.9 167.9 173.7 178.9 182 181.7 186.4 188.9 193.1 193.2 188.2 178.1 170.8 171.8
209.1 208.6 208.7 206.6 207.3 204.5 199.9 199.6 198.9 195.7 195.8 196.2 194.8 193.8 192.7 193 194.9 197.6 199.4 203.1 208.1 210.4 210.7 211 217.2 216.2 218.1 221.5 225.8 228.9 228.7 229.4 232.6 230.4 227 227.6 222.8 220.9 222.9 219.6 209.3 204.5 198.7 191.4 188.5 188.9 190.1 185.2 178 171 170.1 167.6 165 162.3 160.5 159.8 159.8 159.8 160.5 160.4 161.5 164.8 164.3 160.1 159.5 160.5 158.2 164.2 167.9 174.7 188.2 187.5 183.4 181.3 172.4 165.7 164.6 161.6
202.8 201.4 202.5 201.4 203.3 201.3 199.4 199.6 198.8 194.9 194.6 194.2 192.5 191.1 190.4 190.8 195.2 199.1 199.9 200.9 204.1 210.7 210.8 210.9 211 209.5 209.3 212.9 213.6 217.4 217 219.7 221.6 209.6 211.8 212.4 209.1 204.9 204.4 203.3 198.7 193 189.2 188.8 185.4 183.9 185.1 181.8 176.5 170.1 168.8 167 164.2 160.6 159.8 159.8 159.8 159.8 159.8 159.8 160.4 162.8 162.6 160.5 162 163.4 165.9 166.3 158.6 152.2 170.6 178.9 173.3 167.4 163 158.5 153.2 148.1
196.7 198.7 199.1 199.3 199.8 200.3 200 199.4 196.9 194.2 193.3 192.3 191.2 190.7 190.1 190.2 195.3 199.5 200.6 199.5 205.6 210.7 210.8 210.9 210.3 207.8 204.4 204.6 203 203.3 200.4 200.2 198.8 198 197.3 198.4 199.4 195.2 198.7 199.4 198.9 197.4 190.1 188.6 183.7 179.6 180.6 178.7 173.5 169 168.9 166.8 162.7 159.8 159.8 159.8 159.8 159.8 160.6 161.8 162.6 163.5 166.3 166 167 172.4 179.3 181.3 180.3 162.4 149.3 157.1 153 149.6 150.4 145.8 137.2 132.6
193 197.1 198.7 199.3 200.1 203 202.8 198.4 194.4 195.8 193.2 191.7 191.5 190.1 189.8 189.9 196 201.5 199.7 201.9 210.7 210.7 210.9 211 208.6 204.7 201.4 200.1 198.2 195.3 194 192.9 190.9 188.2 186.2 187.6 190.6 189.8 193 196.5 196.3 191.5 189.5 186.4 182.6 179 177.5 179.3 174.2 171.4 169.2 167.8 164.5 161.2 159.8 159.8 160.9 162 168.3 165.3 169.3 171.5 170.8 169.7 175.2 184.7 188 180.1 174.4 161.5 144.4 141.4 144.8 141.8 136.5 134.7 130.2 125.5
192.2 199.1 201.2 199.3 199.9 202.6 200.3 194.6 191.4 192 189.6 189.3 188.2 188.7 189.5 191.9 195.4 199.3 199.4 200.7 206 210.3 209.9 208.3 205.3 203.7 201.9 198.9 198.1 194.3 191.7 190.5 188.8 185.8 182.1 182.8 184.1 186 189.5 192 190.9 185.7 180.5 182.2 178.7 176.5 174.1 176.7 180 180.2 172.5 169.4 166.7 163.9 163.9 165.1 166.8 168.7 172.3 174.6 180.1 179 175.7 177 182.8 190.1 189.1 182.9 167.9 149.1 136.4 131.1 136.1 133.7 130.8 127.3 122.2 118.6
194.1 199.9 201.1 197.6 196.8 198.8 194.2 190 187.4 185.4 182.9 185.2 188.3 190.1 193.9 195.9 198.9 200 200.2 202.3 203.1 205 206.2 206.2 207.2 207.6 205.5 201 198.7 195.4 191.9 189.3 187.5 184.2 181 180.5 179.8 177.8 181 184 187 183.5 179.1 177.7 175.2 173 171.2 172.3 175.2 173.2 171.6 170.9 168.9 167.3 168.9 166.8 168.9 170.7 174.4 174 174.8 176.7 179.2 179.2 180.9 185.7 182.9 171.6 152.4 137 129.2 124.6 122.7 123.5 123.2 119.3 116.1 113.8
192.8 195.6 192.5 190.5 189.6 189.2 188.4 185.6 183 181.4 183.6 188.9 190.2 193.9 198.5 200.8 201.3 203.2 203.1 203.2 208.3 208.5 209.4 209.6 209.8 210.8 209.5 204.3 199.4 195 191.2 189.1 185.8 182.1 180.5 177 173.2 170.1 172.1 174.3 177.6 181.2 177.2 173.7 171.4 169.7 169.1 170.6 170.3 171.9 171.8 171.3 170.1 170.7 171.3 171.2 171.1 169.6 171 173.2 177.2 180.4 179.6 176.9 175.3 171.6 163.2 152.3 128.5 129.2 118.2 117.9 115.1 115.2 116.4 114.7 111.6 109
188.2 191.1 188 184.8 183.2 182.5 182.5 180.7 181.1 181.9 186.3 189.6 190.8 194.8 200.1 200.7 202.7 206.5 205.9 209.8 212.7 218.2 217 219.5 219.1 211.2 207.4 201.7 194.5 190.8 189.4 187.5 182.4 179.8 178.9 172.4 170.1 167.5 167.3 167.7 169.9 173.8 171.9 169.6 169.8 169 169.4 169.7 171.2 171.4 171.3 171.4 171.2 171.4 171.2 169.1 167.3 166.7 168.3 171.4 176.3 175.3 169.9 163.7 156.2 149.5 139.6 133.3 119.2 121 111.1 110.3 108.6 110.8 111 109.3 107.5 105.6
183.9 186 183.2 179.8 178.6 178.1 179.3 180.7 181.5 183.5 188.7 191 191.2 196.3 199.5 200.9 205 209.1 210.2 211.4 217.8 216.4 213.3 214.4 211.9 203.8 198.4 194 189.4 186 183.1 180.2 177.4 175.4 173.5 169.7 166.9 165.4 164 164.1 165.4 169.8 168 167.9 169.4 170.1 171.2 170.6 170.6 171 170.9 170.8 170.3 168.8 166.4 165.2 165.1 167.5 168.2 169.7 168.9 161.4 154.6 139.9 134.4 130.7 121.4 112.6 110.4 113.1 110.5 107 102.4 103.6 107.4 105.1 102.9 101.8
180.8 179.9 176.8 174.6 175.1 177.8 180 182 181.3 183.3 187.6 190 190.8 195.5 199.4 203.8 210.5 210.6 217 214.8 211.8 209.7 206 204.5 200 196.8 191.7 188.3 185.3 181.7 179.2 176.1 172.9 170.5 169.7 167.1 163.3 162 161.3 161.4 163.1 163.7 161.9 164.6 168.3 170.7 170.1 169.1 169.2 169 169.7 169.4 168.3 164.4 161.9 163.4 165.5 164.4 161.2 154.1 146 141.9 134.3 127.5 122.2 117 107.7 103.1 105 105.1 104.5 101.5 99.3 99.6 101.9 100.1 98.4 96.7
171.6 170.2 170.6 173.6 176.5 178.9 180.7 181.7 181.1 182.8 186.1 189.7 191.4 197.1 200.8 208.8 210.7 210.8 211.4 210.1 206.6 204.2 199 196.3 194.2 190.8 187.4 184.1 180.8 178.5 175.5 172.5 169.5 167.2 165.5 163.9 160.5 159.1 159 159 161.2 160.6 159.5 161.3 165.1 168.9 169.1 169.8 169.2 166.7 166.3 166.6 166.1 163.9 161.3 160.2 157.8 151 145.3 136.4 130.2 128.2 123 117.6 111.9 107.5 103.1 99.1 99.1 100.4 98.1 96.9 96.8 96.3 96.9 96.2 94.4 92.6
