webserver/python/data/NH18.asc
ncols 200
nrows 200
xllcorner 210000
yllcorner 880000
cellsize 50
[rows 144 to 179 of 200, columns 0 to 79 of 200]
423 408.3 390.9 372.4 359.3 351 343.5 331.8 312 294.7 280.5 269.2 263.1 271.2 284.4 297.1 315.7 331.2 344.6 375.8 412.7 424.1 429.3 424 418.5 415.1 409.5 398 387 378.4 364.7 357.1 348.1 338.4 332.1 325 311.1 297.3 283.8 268.1 252.1 236.9 223 211 202.7 199.3 205.5 213.6 231.4 269.5 353 388.3 395.5 400.4 398.2 391.8 380.7 376.3 379.2 374.4 367.2 361.8 361.8 361.8 361.8 379.8 386.9 382.5 383 391.2 402.4 411.3 420.5 425.2 429.1 435.5 438.4 429.3 421.3 416.3
425 413.5 399.7 385.1 364.4 357.4 350.8 328.8 312.5 295.6 284.8 278.9 273.3 282.9 294.6 309.9 329.3 347.9 380.8 402.5 412.1 418.7 420.2 419.2 418.2 411 406.8 398.7 382.7 367.8 360.1 354.4 345.9 340.1 334.3 320.9 304.4 290.9 277.8 262 245.7 232.6 217.5 208.3 199.3 202.7 210.3 221.6 250.7 320.7 368.1 384.3 394.1 396.3 393.3 385.3 374.6 370.3 372.6 368.7 361.8 363.6 361.8 361.8 361.8 371.7 379.6 377.7 379.2 394.1 402.4 412.2 417.8 420.9 423.5 425.6 427.2 418.6 412.1 407.3
431 415.8 401.7 389.3 371.1 366.7 356.4 326 314.3 300 297.7 292 290.4 297.4 305.7 330.9 349.2 378.9 389.8 396.1 404.6 410.8 412.7 416.5 418.1 413.1 407.4 398 378.8 367.5 363.8 360.2 351.9 345.8 337.3 314.6 298.1 283.4 269.6 254.7 240 227.2 213.2 204.1 199.5 209.1 216.8 234.3 266.1 316.7 365.4 377 391.2 391.1 384.1 377.5 369.1 369.3 369.8 367.6 362.1 365.8 361.8 361.8 361.8 368 372.8 372.5 383 392.7 396.8 409.5 408.7 412.5 414.2 416.1 413.9 408.2 402.9 397.5
412.7 402 395.9 387.3 377.1 366.1 350.3 332 321.7 316.4 313.8 308.2 300.1 325.4 352.7 354 378.9 385.3 388.1 387.5 396.2 405.7 410.7 412.7 411.4 406.4 401.6 387.8 377.3 373.3 370.4 365.2 356.2 343.1 326.5 305.7 289.6 277.8 265.3 248.6 233.3 219.4 208.2 199.8 205.2 213 223.5 246.2 279.2 341.2 358.3 375.2 390.5 384.8 378.4 373.7 370.2 367.4 367.4 366.3 363.3 361.8 361.8 361.8 363.9 368.4 370.8 368.7 375.4 384.8 391.5 399.2 398.4 401.6 402.3 401.7 400.5 400 395.7 390
401.2 394 385.4 381.2 372.2 358.6 349 341 327.5 330.9 323.6 310.6 307.3 333.4 341.7 355 378.2 380.7 379.9 379.1 394.4 410.1 411.5 408.3 402.3 399.9 393.2 380.4 380.1 379.2 374 365.9 349.1 330.8 313.9 294.8 281.7 270.8 259.8 245.5 231.1 216.6 205.7 201.8 209.8 215.7 232.5 262.8 292.7 347.2 352.9 373.5 379.6 378.4 379.1 375 371.1 362.5 361.8 361.8 361.8 361.8 361.8 363.2 369.9 369.2 377.5 367.6 368.1 374.4 382.3 387.7 387.3 388 390.5 390.8 392.8 393.2 390.6 389.1
391.7 385.7 375.6 369.6 362.7 355 348.8 340.4 339.2 346.9 330.3 313.8 309.5 324.9 335.1 354 365.6 367.6 372.3 378.1 398.2 410.1 408.3 401.7 395.8 392.3 387.5 381.7 378.5 375.2 369.6 357.3 336.7 317.9 307.7 290.2 277 264.9 250.6 238 226.6 216.6 203.6 208 211.1 219.1 236.8 269.6 306.4 342.3 350.9 361.4 372.4 379.4 379.6 378.6 368.6 361.8 361.8 361.8 361.8 364.3 366.8 369.9 370.5 369 379.7 368.8 363.8 363.8 367.6 375.5 377 380.5 383.7 385.4 387.2 387.3 386.3 388.2
386 381.4 372.3 365.7 359.6 354.1 348.9 350.8 360.5 344.7 328.6 315.6 310.7 316.1 329.1 344.5 354.3 357.2 361.9 374.8 391.2 402 398.7 396.4 391.3 387.4 383.3 379.1 374.7 370.3 359.3 344.7 328.1 320.6 307.6 287.2 271.9 263.1 247.7 237.2 224.9 215.9 204.2 208 215 228.9 246.4 278.2 319.3 337.4 346 355.9 370.6 378.4 380.3 375.3 366.8 361.8 361.8 364 369.6 374.6 376.3 371.4 369.2 366.9 367.7 363.8 363.8 363.8 363.8 367.9 369.6 374.5 378.9 381.3 382.8 380.7 382.8 385.9
383.8 379.2 370.4 372.1 364.8 361.3 357.3 359 351.3 339.4 322.2 311.2 310.7 310.7 320.5 335.9 345.3 349.4 353.7 367 387.8 393.7 392.5 391.5 386.7 381.4 378.5 374.4 370.5 362.7 351.7 340.6 332.9 319.7 300.8 283.5 274 260.4 246.7 233.2 223.2 213.4 206.9 210.1 220.4 234.8 260.5 285.7 318.4 333.7 340.4 358.3 380.2 381.2 379.5 373.4 365.6 361.8 366.8 374.2 379.4 381.1 377.2 369.5 364.6 363.8 363.8 363.8 363.8 363.8 363.8 363.8 369.5 372.8 375.8 379.3 381 379 381.5 385.1
383.9 379.5 378.3 379.5 369.3 369.1 361.9 355.8 348.6 336.2 318.2 310.7 310.7 310.7 311.9 327.7 334.6 341.5 348.4 360.1 376.3 384.3 389.2 391.1 380.2 377.8 373.9 368.9 368.9 369.1 358.5 348.2 332.6 316.2 300.8 289.1 280.2 263.6 247.8 234.1 222.9 216.4 206.9 214 226.5 245.2 265.5 286.3 315.7 334 346 373.8 387.1 380.9 377.4 371 369 366.3 376.1 381.3 380 376.5 374.9 367.8 363.8 363.8 363.8 363.8 363.8 363.8 363.8 365 371.1 369.5 372.2 375.5 379.5 380.4 385 387.9
384.5 379.7 379.2 376.5 371.2 367.8 359.6 351 341.6 326.4 310.7 310.7 310.7 310.7 310.7 318.1 328.8 336.6 345.1 356.4 371 380.1 384.3 379.4 378.5 378.9 376.9 371 371.1 368.6 360.1 346.9 329.4 320.9 307 298.1 287 269.6 249.5 235.3 224.5 220.6 214.3 217.1 230.5 249.2 266.6 294.8 328.4 337.1 353.3 370.2 380 379.4 377.1 372.1 370.3 373.3 380.4 380 378.2 374.1 375.3 370.7 363.8 363.8 365.4 363.8 363.8 363.8 363.8 366 368.7 369 369.5 371.6 377.7 383.1 388.4 391
377.7 374.9 372 368.2 363.8 357 350.4 342.5 332.7 314.5 310.7 310.7 310.7 310.7 310.7 311.6 322.6 334.7 344.7 352.2 360.5 378 378.9 379 378.9 381.7 380.6 375.8 371.2 363 353.3 341.3 329.8 329.6 315.4 304.6 290.2 271.4 250.3 235.2 227.8 223 221 221.5 231.1 249.4 272.2 304.2 333.5 341.6 356.2 369.2 377.1 379.4 379.3 375.5 374.6 380.9 380.4 376.3 374.1 374.2 380.4 372.5 363.9 364.3 363.8 363.8 363.8 366.3 363.8 365.1 368.2 371.1 375.1 375.3 379.7 384.1 389.6 390.9
370.5 366.9 363.4 358.8 353.8 349.6 340 332.4 320.2 318.4 310.7 310.7 310.7 310.7 310.7 310.7 320.2 330.1 340.9 348 358.4 370.6 375.2 379.6 382.8 389.3 382.3 376.1 367.7 356.9 348.7 339.8 334.2 329.6 317.9 310.8 297.3 278.2 254.5 238.5 231.6 228.2 224.5 223.6 230.9 249.8 282.8 317.9 332.7 343.2 355.3 370.3 377.5 385.9 380.1 378.8 378.9 388.1 383 374.1 374.7 378.3 380.9 371.2 368.2 365.7 363.8 363.8 363.8 365.5 363.8 363.8 367.5 370.6 369 380.4 380.5 387.9 390.5 394.1
364.1 359.3 353.7 348.6 345 343 332.2 328.3 319.8 318 310.7 310.7 310.7 310.7 310.7 310.7 318 326.9 337.6 350.8 362.7 369.8 373.3 377.3 384.9 389.5 384 377.1 364.9 354.9 349.9 347.5 343.2 337.8 326.8 310 292.8 276.3 258.5 241.1 233.7 229.8 228.1 228.4 234.6 253 298.1 315.4 330.3 342.3 355.1 370 387.2 386.5 379 377.9 386.2 394.3 384.1 376.9 385.8 385.3 380.7 369.7 368.7 368.7 368.4 363.8 364.3 364.9 363.8 363.8 367.3 364.4 368.2 376.6 386.9 392.4 395.4 400
357.3 350.9 346.7 341.4 339.1 337.2 330 326.9 319.4 315.9 310.7 310.7 310.7 310.7 310.7 310.7 314.8 328.3 340.6 354.9 370.2 374.4 377.2 379.9 384.2 388.5 385.8 374 364.8 361.8 361.3 357.1 351.7 345 334.5 315.8 296.2 278.6 258.8 244 236.2 229.5 228.5 232 241.7 259.9 283.4 309.7 326.6 341.9 358 380.3 391.2 391.2 386.2 390.9 390.6 391.1 388.2 383.7 390.7 385.5 377.5 368.8 370.6 374.6 374.6 369.4 363.8 363.8 363.8 363.8 363.8 363.8 369.1 376.5 392.2 396.3 402.2 406.9
350.6 346.2 342.6 340.4 341 338.9 332.6 328.4 319 314.3 310.7 310.7 310.7 310.7 310.7 310.7 315.6 332.9 347.7 369.9 374.6 377.8 380.7 381.2 381.2 381.9 379.5 370.6 370.6 370.8 367.2 361.4 355.7 346.9 332.2 309.5 292.4 277.7 263.8 246.9 239 234.4 229.1 235.8 248.4 269 286.9 309.6 330.1 352 379.8 391 398.4 396.4 390 389.5 390.3 391.1 390.3 389.1 388 382 374.4 370.7 378.2 381 380.2 370.3 363.8 363.8 363.8 363.8 363.8 366.8 372.4 379.3 394.9 402.4 408.7 414.1
350.2 346 341.7 340.2 340.2 338.6 333.7 327.4 319.3 315.3 310.7 310.7 310.7 310.7 310.7 311.2 324.7 344.4 361 371.2 370.6 375.9 379.7 381.1 380.6 378.8 375.5 370.4 371.1 371.1 370.5 362.4 351.5 349.6 339.5 319 299.5 283.1 267.4 249.1 240.2 239 236.5 244.4 254 272.9 293.6 314.3 335.6 372.4 388 390.7 397.2 392.8 391.5 390.9 391 391.1 391 389.2 385 379.7 379.2 379.2 379.5 383.6 379.7 370.3 365.1 363.8 363.8 363.8 366 371 375.3 383.9 399.8 409.3 416.4 419.4
349.7 348.3 344.3 342.8 340.2 337.9 332.7 327 320.7 312.2 310.7 310.7 310.7 310.7 310.7 319.2 332.4 351.3 360.5 367.5 373.3 380.2 380.8 380.4 378.9 378.9 376.2 371.9 370.9 369.6 365.6 358.8 352.3 349.8 333.6 320 304.8 289.4 267.5 250.5 242.1 238 259.9 280 273.1 273.4 296.8 321.6 363.1 386.3 388.7 390.3 390.6 391.5 390.6 389.9 390.1 390.3 390 387.2 383.4 380.5 380.3 379.7 379.1 380.8 376.9 366.7 363.8 363.8 363.8 367.1 370.6 373.6 379.6 393.9 406 414.7 422.6 425.3
349.1 349.4 347.6 344.8 341.7 338.5 329.9 325.2 319.6 310.7 310.7 310.7 310.7 310.7 314.5 321.1 332.6 352.7 357 371.4 378.2 380.5 380.7 378.9 378.9 380.1 375 369.6 368.8 368.1 366.6 362.1 352 340.1 328.2 315.8 304.4 287.7 267.1 251.2 240.1 246.8 275.1 283.4 284.6 280.4 305 338.8 370.4 382.7 388.8 389.7 389.9 391.1 389.4 388 387.7 388.2 388.8 388 386.3 383.8 381.9 380.7 381.1 381.1 374.7 363.8 363.8 363.8 365.7 369.6 374.9 378.9 386 400.1 407.5 415.9 425.1 432
348.9 350.8 349.9 346.9 341.7 335.7 328.9 327.2 320.8 319.3 314.6 310.7 310.7 313.2 319.7 326.9 335.6 349.7 362.2 370.5 378.2 379.9 378.9 378.9 379.6 381 372.4 368.8 368.5 368.8 367.4 360.4 348.1 332.2 322 315.5 307.7 287 263.3 245.4 239.6 259.5 274.2 289.1 308.6 290.6 311.6 350.8 370.8 380.6 387.1 390.4 389.9 390 388.2 387.1 387.1 387.1 387.5 388.8 388.4 385.7 383.1 381.7 381.1 380.2 373.4 365.5 363.8 364.5 368.6 374.2 380.4 381.1 391.9 400.5 409 418.3 435.3 442.1
349.9 350.6 350.8 347.4 341.5 332.3 329.6 330 322.4 320 316.3 310.7 310.7 317.9 325.7 331.1 342.3 360.4 366.9 368.2 374.5 379.9 378.9 380.2 382.6 387.8 380.3 368.5 368.3 368.9 368.9 361.7 343.4 331 325.8 317.8 308.8 288.1 257.5 239.4 250.7 267.5 291.9 305.2 309.2 304.6 334.8 358.6 374.4 382.8 389.6 390.3 389.2 389.7 388.7 387.9 387.1 387.1 388.2 389.4 389.4 387.4 384.3 381.5 378.7 374.9 368.9 363.8 363.8 366.6 370.4 378.1 379.5 379.5 388.5 404 410.8 423.9 441.9 446.7
351 351.3 350.5 347.6 340 331.8 331 328.8 328.7 325.8 319 317.8 318.2 321.4 332.1 338.8 351.3 363.3 366.8 367.6 370.9 377.7 379.9 383.3 386.8 387.9 384.3 372.6 369.6 368.9 368.6 360 345.3 329.6 324.4 319 310.4 285.9 260 248.7 260.1 282.3 302.3 309 307.4 310.9 346.8 365.1 379.5 388.1 389.4 387.3 387.2 388.6 390.8 390.6 387.1 387.1 390.7 391.1 389.8 386.9 383.4 380.8 375.5 369.5 366 363.8 364.6 367.4 370.7 376.3 379.1 379.9 392.4 405.3 413.5 427.6 440.1 446.6
353.7 353.4 350.3 349.3 339.5 336.6 329.7 328.8 330.9 326.9 318.9 317.8 318.9 322.8 338.7 350.9 352.9 361.5 365.7 367.5 370.9 380 381.3 385.9 388 388.5 384.1 377.7 373.2 370.6 365.6 357 342.1 332.7 324.1 316.1 299.6 283.7 262.7 249 267.3 287.4 299 304.6 302.9 315.7 351.4 368 379.9 383.6 382.5 382 383.4 385.1 388.1 389.3 388.9 390.2 390.9 391.1 387.6 383.8 380.8 378.1 372.7 369.6 368.3 366.2 365.4 367.3 369.2 372.6 377.3 382.7 391.7 408.7 419.1 428.3 436.3 442.4
356.7 353.9 351.3 349.1 339.6 341 334.9 331.3 331.1 325 319.1 318.8 325.9 333.2 351.3 352 353.6 362.6 368.2 370.2 371.4 381.1 383.2 386.6 388.2 388.8 384.9 380.3 378.7 374.8 369.5 356.3 346.9 341.6 331.4 322.1 306.6 289.4 270.5 253.6 262 280.3 292.9 302.9 306.9 325.9 357.9 371.4 376.9 378 378.8 378.7 380.6 380.1 385.7 389.2 391.1 390.4 389 387.6 384.3 380.6 377.8 375.7 371.4 370.8 369.9 368.8 368.9 368.3 370.9 372.1 376.6 383.3 396.6 407.9 420.3 423.5 433.5 448.2
358.1 354.8 351.2 347.8 341.3 343.1 340.7 338.8 331.8 324.2 320.5 323.8 331.7 341.1 355.7 357.6 358.8 365.1 371.1 370.2 373.4 379.6 382.9 385.8 387.5 388.3 385.8 385 381 377.9 369.8 357.8 351.3 348.5 340 326.4 309.1 291.3 277.4 268.8 260.2 270.5 287.4 300.7 312.4 335.9 363.7 372.4 372.4 372.9 374.6 373.4 375.8 379.1 383.8 389.3 389.1 387.4 385.4 383.7 380.7 378.8 377 374.6 372.3 371.1 368.7 368.1 368.6 368.8 371.1 371.7 377.8 385.7 396.3 404.4 411.2 419.2 438.4 449.9
359.6 356.4 353 349.8 348.6 351 346.4 339.3 333.4 326.9 326.4 330.4 337.1 349.3 358.1 360.3 359.6 364.3 369 373.3 376.9 380.4 381.3 384.6 386.8 387.6 387.8 389.3 384.2 376.8 367 358.1 353.5 350 337.3 323.3 317.4 306.2 287.2 278.9 270.5 266.2 279.9 295.6 314.7 348 370.5 370.5 369.7 369 371.1 369.6 371.7 377 381.6 384.9 385.7 384 382 379.7 377.3 375.1 373.9 372.9 370.2 368.6 366.1 365.6 366.3 368.2 369.4 372 374.8 380.2 388.6 393.8 405.1 421.4 436.7 447.9
359.1 359.1 356 351.7 350.9 350.9 345.5 336 330.9 328.9 334.1 337 339.9 349.2 357.2 360.7 361.7 362.8 369.7 372.6 374.7 377.9 379.9 381.9 385.5 390 390.8 387.7 382.2 374.5 364.6 359.9 356.7 352.4 341 326.4 321.5 305.4 293.3 290.4 278.7 274 274.7 293.1 317.3 354.2 364.3 364.3 365.9 365.7 366.6 367.2 370.3 374.8 379 380.7 382.2 380.6 378.5 376 373.6 371.8 370.9 370.4 368.3 365.2 363.1 362.1 363.1 365.5 368.2 371.2 371.8 375.7 379.8 393.5 407 419 432.5 444.8
359.2 359.9 357.1 352.8 350.8 350.6 343.8 333.3 330.1 331.8 338.7 340 345.5 351.4 358.2 361.3 363 365.8 368.6 371 372.4 375.7 379.6 380 385.5 390.4 390.3 386.4 379.4 371.4 364.7 358.9 359.3 355.8 343.6 336.4 324.1 308.6 297.8 291.5 285 275.4 273.6 291.8 321.2 349.8 355.9 358.5 362.1 362 362 363.4 365.3 370.1 373.8 375.6 377 374.6 373.1 372.1 369 369.6 369.3 368.9 369.7 365.2 360.5 359.4 360.3 362.7 366.4 367.5 369 370.7 380.5 395.3 409.2 424.7 437.4 448.4
359.1 357.3 354.6 350.8 347.9 343.3 339.6 336.4 334.8 336.6 341.5 345.9 349.1 354.1 358.8 361.4 362.3 365 368.7 370.8 370.8 373 377.6 380.8 385.7 389.3 387.7 382.5 376.4 367.9 361.5 358.9 360.5 353 343.3 334.8 324 313.5 302.3 291.2 283.7 275.7 275 285.7 316.1 343 346.6 350.9 355.7 356.4 357.7 360.7 360.5 365.7 371.1 369.8 370.1 369.3 371 368.7 367 366.1 365.8 369.2 369.9 365.9 360.3 360.1 359.4 362.9 363.4 365.3 368.6 370.6 382.1 393.7 413.9 428.6 442.1 448.4
355.5 353.8 351.6 349.5 347 343.6 342.3 340.5 339.1 342.8 345.4 349 351.4 355.2 360 366.2 363.7 363.4 367 369.1 369.9 373.8 380.2 380.3 383.8 386.4 384.6 380.6 373.3 368.3 362.8 360.9 358.1 350.5 342.3 333.4 330.9 323.1 307.7 294.2 284.4 276.4 273.7 275.8 303.7 322.2 333.2 341.6 348.5 350.6 353 356.3 357.6 360.5 365 364.7 365 366.3 366 364 363.5 362.7 361.9 364.2 365.3 362.4 361 359.2 359.2 359.9 361.4 363.9 367.6 373.2 378.3 391.4 415.5 426.5 438.7 445.5
355.4 352.4 350.2 349 348.9 349.7 348.6 344.1 344.5 349.6 351.6 352.5 354.2 356.7 359.9 365.4 362.3 362.3 365.3 367.6 368.8 373.6 381 380.5 381 382.5 381.2 379.6 373.7 369 368.2 364.2 359 352 341.8 336.7 333.8 328.1 313.4 295.4 283.9 273.9 273.6 274.3 289.5 307.6 320.6 332 343.4 344.9 349 352 354.6 357.2 358 359.1 359.2 359 358.5 359.8 360.8 358.9 359.1 359.4 359.5 359 359 358.1 358.7 359.5 361.2 363.3 367.7 372 375.5 387 409.1 420.8 431.9 439.3
356.6 354.6 351.2 351.9 353.4 350.7 349.5 347.2 348.9 354.1 357.1 356 357.7 359.4 361.7 364.6 362.3 362.3 365.5 367 368.6 373 380.6 379.7 380.3 381.1 381.1 379.3 374.6 372.1 375.4 370.9 361.9 349.7 339.8 337.6 334.6 325.1 311.9 299.2 286.6 274.3 274.6 275 279.7 297.6 306.6 324.2 333.8 337.1 339.4 346.3 350.1 350.9 353.2 354.2 354.2 353 353 354.4 354.6 355.1 356.9 357.1 357.2 356.8 358 356.8 356.8 358.7 359.6 362.4 368.2 370.7 375.5 385.9 400.2 411.8 426.7 432.9
354.9 357.2 357.2 359.4 358.7 356 352.8 348.9 352.5 357.7 359.6 359.8 359.7 359.7 361.8 363.6 362.3 362.3 365.4 365.5 368.8 373.9 380.9 379.3 379.2 381.1 381.1 379.4 377.3 377.5 377.7 369.2 360.4 352 348.4 343.8 334.3 322.7 311.6 299.8 289 274.9 275.1 275.2 275.2 286.4 304.2 315.4 323.5 331 338.5 341 343.3 344.6 348.3 350.9 349.3 347.2 346.8 347.6 348.2 350.6 354.4 355 355.4 355.6 357.6 354.4 354.8 357 360.7 363.4 368.4 369.3 372.5 382.2 394.3 406.9 425.2 429
353.5 356.8 358.9 360.6 361 361 358 355.9 358.8 360.8 360.7 360.7 361.4 363 364.1 364.6 362.5 362.3 362.3 364.8 367.8 369.1 378.3 378.9 378.8 380.1 381.5 381 380.4 379.8 374.7 369.6 366.4 359.1 353.6 346.8 333.5 321.2 312.4 302.2 291.3 276 275.4 275.2 275.2 279.2 293.5 305.3 313 322.4 328.6 333.3 336.6 339.4 342.7 341.9 341.4 340.1 342 342.7 346.5 350 351.3 352.8 352.6 356.2 355.5 352 350.2 354 359.8 361.5 364.5 367.6 373.4 382 393.6 405.6 417.9 424.4
355.6 358.5 359.2 360.6 362 361.3 360.7 362.1 363.4 364.6 364.6 364.4 364.4 366 367.6 367.7 365 363.1 364 363.2 363 362.9 369.3 374 379.1 385 387.7 386.3 383.2 379.3 380.1 379.7 372.7 365.3 357 345.1 334.7 324.7 315 304.7 293.6 279.8 275.4 275.2 275.1 275 283.9 292.2 303.1 312.4 320.2 326.4 331.4 334 337 338.1 341 339.8 340.7 341 342.8 346.4 350.4 349.2 350.5 352.6 351.8 350.1 350.4 352.9 357.4 360.6 360 366.4 373.1 381.7 390.3 403.4 412.2 419.6
360.7 359.6 361 362.6 364.4 366.6 367.3 368 369.3 369.4 367.9 367.8 367.8 369 370.9 370.5 370 364.6 362.4 362 362 362.2 370.2 380.3 385.5 390.4 390.9 389.3 386.2 384.2 383.3 379.3 374.3 367 355.2 343.7 336.2 328.8 315.8 304.4 293.9 281.7 276.9 276.7 274.7 274.7 275.9 284.2 294.9 304.4 314.4 321.3 324.9 327.5 331 335.3 337.6 339 341 340 339.6 342.9 345.4 347.6 349.3 350.2 348.9 348.9 350.9 351.5 354.3 356.6 359.5 365.1 371 380.8 391 398.9 406.2 414.7
360.3 360.7 363.4 365.4 367.2 369.3 373.8 374.7 377 375.4 371.3 368.8 370.4 371.2 375 375.5 371.2 368.3 366.1 362.2 365.7 368.3 377.4 387.2 392.2 393.6 393.1 390 388.4 390.1 387.3 380.3 369.3 365.4 356.9 349.6 341.6 334.8 320.3 307.9 297.2 286.7 278.4 278 275.6 274.7 274.7 279.9 290.5 298.5 303.6 317.3 319.1 322.8 327.6 330.4 332.4 335.4 337.9 335.1 338.6 341.3 340.4 342.8 348.2 344.8 349.3 349.5 349.7 349.7 350.4 352.7 356 360.6 368.4 379.4 387.8 392.1 399.8 408.3
