webserver/python/data/NH20.asc
ncols 200
nrows 200
xllcorner 220000
yllcorner 800000
cellsize 50
[rows 35 to 69 of 200, columns 78 to 155 of 200]
594.7 606.1 616.6 630.5 654.3 679.1 705.4 720.4 725.3 720.8 718.7 714.6 705.7 702.2 691.2 678.3 672.2 663.5 663.1 676 691.4 701.5 708.1 707.8 713.3 710.9 705 693.8 683.4 677.2 667.5 659.8 647.1 636 623.4 624.1 619.8 610 607.4 615.5 624.1 630.9 639 645.6 655.1 671.1 685.2 691.9 693 693.9 695.3 696.9 700 706.5 705.1 695 688.7 688.6 689.5 686.2 681.3 675.3 666 661.6 659.5 652 645.6 637.7 628.9 620.7 619 618.6 614.6 609.5 605.2 600.2 597.3 593.1
599.9 612.5 624.1 639.3 664.1 691.6 714.1 729.8 724.7 720.9 719.4 715.6 712.8 711.9 700.8 691.7 682.8 678.3 679.5 690.7 704.3 713.6 722.3 728.9 726 723.8 718.2 711 704.9 696.2 684.2 672.6 660.1 645.6 631.2 630.5 625.9 616.7 618.4 627.1 633.4 639 647.6 653.5 661.9 679.5 690.5 697 697.1 698.2 699.5 699.4 706.4 705.2 698.7 690.3 688.8 689.1 690.9 689.9 680.7 675.2 668.6 662.9 656 650.3 643.3 635.9 630.9 625.4 620.7 620.4 615.8 610.4 606.8 602.7 600.3 597.5
604.7 618.8 631.5 649.9 677.2 698.7 717.7 720.3 718.6 726.2 729.9 729.5 728.1 725.5 719 708.7 695.9 692.4 695.2 702.6 712.6 725.1 734.6 738.6 736.7 732.6 728.8 719.3 708.4 699.8 691.4 681.5 667 649.1 639.5 635.5 630.6 624.3 628.5 634.6 640 646 653.3 659.5 672.9 685.5 697 698.2 696.9 698.7 698 699 701.7 698.8 693.6 689.2 689.6 691.9 695.2 689 683.2 677.7 669.9 661.9 653.9 648.7 644.9 640.7 636.2 630.7 626.2 622.8 618.6 612.6 609.7 606.9 604.4 602.2
610.5 625.3 642.3 662.8 684.7 700.9 714.4 717.7 724.6 738.1 744.8 745.1 743.8 743.6 730.7 720.6 710.5 703.6 708.3 714.3 723 735.6 740.6 740.5 737.5 728.7 719.6 711.5 703.6 696.6 686.9 679.2 669.7 650.8 641.7 639.2 634.9 630.7 634.3 636.7 640.4 646.3 654.9 666.6 682 691.2 698.9 696.4 697.3 698.1 696.7 697.2 696.5 692.5 688.2 688.2 689.3 694.2 696.8 691.2 687.9 681.9 673.8 666 659.8 653.2 650.4 646.4 642.5 638.8 633.9 629.8 624.2 618.5 614.2 611.1 608.5 603.6
616 632 650.6 669.3 684.1 701.7 710 721.8 741.5 747.9 754.8 758.5 759.8 755.3 743.5 733.2 721.8 712.7 724.1 726.8 732.8 735.1 737.4 733.8 727.8 719.1 708.9 701.8 696.5 690.2 681.3 673.9 664 651.6 644.8 641.8 640.2 636.6 636.8 638.9 642.3 645.5 656.7 671.9 686 699.4 699.4 695.2 698.2 699.8 698 695.5 692 688.2 688.2 688.2 692.1 703.1 700.4 695.7 690.1 684.4 677.6 672.4 668.3 663.5 657.5 652.1 647.8 644.9 641.7 634.9 629 624.9 619.5 616 610.3 604.8
621.9 638.2 655.8 668.3 682.2 695.8 710.9 727.9 743 753.1 761.6 767.6 769.1 766.6 759.7 746.8 733.3 725.6 735.2 740.4 740 735 730.7 725.4 718.9 709.9 701.5 695.1 691.5 683.5 675.4 669 659.6 650.2 648.1 644.5 640.8 639.1 639.1 643 646.7 650.2 664.1 676.4 690.1 697.9 695.9 691.6 695 700.6 699.7 698.3 695.8 696 692.7 698.3 704.8 707.8 706.3 701.2 691.5 686 680.5 673.2 667.3 659.4 653.1 650.5 646.5 644.2 641.4 638.5 632.4 629.6 625 617.9 612.2 602.4
626.1 641.8 660.1 671.9 680.5 696.6 711.6 729 744.7 758 767.4 774.7 779.3 777.1 770.8 758.1 744.5 735.8 741.3 738 735.6 730.4 725.9 718.3 711.4 704.8 697.1 689.1 679.6 675.4 670.1 665.9 658.4 653.1 650.2 647.9 645.2 642.6 642.3 646.8 650.7 658.5 668.2 680 686.8 692.3 688.7 685.9 690.2 696.4 694.3 696.7 700.8 698.1 695.8 699 704.9 710.3 707.4 701.2 692.7 686.5 677.4 669.4 659.5 649.4 647.9 647 644.9 642.4 641.7 640.6 634.8 629.6 624.5 617.5 609.5 600.5
631.2 647.5 664.5 675.2 686.9 702.3 718.2 734 748.1 757.2 768 779.2 788.9 783.1 776.9 769.2 757.8 746.7 737.4 729.2 728.1 725.4 718.9 709.1 707.2 702 693.7 681.1 678.1 673.6 668.9 664.8 660 656.1 653.4 653.2 651.2 648.8 648 652.9 659.7 664.3 668.6 678 683.7 687.1 683 682.3 688.6 690.5 688.3 688.4 689.9 688.7 690.4 694.3 701.5 704.5 702.8 698.5 691.7 678.9 667.9 658.1 647.9 638.7 640.5 642.3 640.2 639.2 638.9 638 632.1 627.3 621.6 613.3 605.4 600.1
636.3 649 663.7 678.7 693.3 704.8 719.9 733.6 744.6 752.3 765.3 775.1 782.7 781 779.6 771.4 763.1 750.5 740.2 729.7 728.5 723.1 718 712.4 709.3 704.2 695.6 686.9 680.4 680.3 673 669.2 666.2 662.7 662.9 664.2 658.2 655.1 659.4 661 663.2 666.6 671.8 673 677.7 681.1 677.8 676.1 682.3 684.1 681.1 678.4 678.8 680.7 684.7 692.6 700.3 700.1 701.4 697.2 685.8 668.8 655.8 645 637.5 632.7 632.2 635.2 634.4 633.9 632.3 629.7 625 621.7 615 609 601.8 599.6
637.4 652.3 670.1 685.4 696.5 707.9 719.6 729.7 741.2 750.4 755.3 764.5 773.7 773.4 775.7 773.2 766.8 752 743 739.9 728.5 722 719.5 715.9 709.3 706.4 700.2 691.6 690.8 688.8 682.4 680 680.2 679.5 679.4 672.5 663.7 661.8 662.6 664.1 664.7 666.6 669 669 672.9 675.7 672.4 671 670.4 674.6 673.1 670.9 669.4 668.4 675.8 686.3 694.3 694.6 694.6 686.7 669.3 655.4 646.5 636.9 629.2 626.6 624.7 626.6 626 626.6 624.7 618.6 616 612 608 605 602.3 599
641.4 655.7 678.3 692.1 703.3 714.3 722.7 730.1 736.9 744 752.8 757.8 761 762.1 765 769.4 760.7 749.9 742.1 736.1 727.3 722.2 717.9 716.8 716.2 713.6 712.2 707.7 703 700.3 698.9 696.4 699.5 696.4 687.5 676.8 667.6 664.8 665.4 665.8 665.4 664.2 666.2 666.9 669.2 670.9 668 665.6 661 664.2 663.8 663.3 663.4 662.5 669.7 682.1 688.4 687 682.3 671 657.4 644.7 638.1 629 622.5 621.3 618.8 616.5 616.2 617.2 613.5 607.9 607.9 604.3 600.3 600.8 600.4 598
646.6 658.8 681 696 707.7 718.4 723.3 728.5 733.5 740.3 748.8 750.6 750.6 749.8 751.4 760.1 760.6 749.5 740.9 742.8 744.5 746.7 742.7 739.4 741.5 738.5 735.1 732.9 725.1 718.8 714.6 710.6 708.6 697.8 687.2 677.9 668.4 666.4 668.4 668.3 666.5 662.1 663.1 663.3 665.2 664.8 662 659.6 655.5 655.2 653.6 656.1 657.1 657.9 664.4 676.8 676.8 675.8 668 659.3 649.4 634.4 628.5 622.5 616.9 614.8 608.3 605.4 606.1 606.5 603.2 599.5 599.7 597.6 594.4 595 594.8 593.6
647.4 663.4 680.2 694 708.1 720.8 720.8 726.4 731.3 734.5 739.7 746.5 749.1 747.5 745.6 750.9 758.5 751.9 751 759.1 761.3 760.7 757.9 752.3 754.7 754.1 747.6 740.6 728.3 721.8 711.8 703 697.5 692.1 684.9 675.7 668.6 668 669.2 669.1 664.7 660.2 661.2 660.6 660.1 658.3 656.2 652.7 649.6 645.7 644.1 649.6 650.1 651.5 659.4 668.7 666.8 665 660.2 651.6 641.8 627.5 617.6 614.9 613.1 607.3 601.2 598.5 597.7 596.5 595 593.4 593.7 591.7 588.5 588.8 588.9 587.4
651.5 666.7 678.6 697.8 713.6 718.7 719.4 720.3 726.7 729.7 740.7 748.8 747.4 741.7 741.7 746.6 750 750.9 757 758.7 759.1 756.6 755.6 752 751 747.3 737 725.8 716.5 709.6 699.7 692.3 689.4 687.2 683 672.5 668.6 668.7 670.3 669.7 661.7 658.9 657 655.6 653.8 653.1 650.6 646.2 643.3 640.1 637.7 637.4 639.9 643 647.8 658 658.1 654.3 650.6 643.7 633.3 620.5 611.5 609.2 607 600.9 594.6 594.5 593.4 591 586.9 586 588.7 585.9 583.6 583.8 582.9 581.4
653.7 666 678.9 696.3 709.6 710.2 712.3 717.7 724.2 733.8 741.2 745.6 746.5 745.2 741.2 741.3 737 738.6 749.8 748.8 748 748.9 746.8 740.4 736.9 730.9 728.2 720.5 714 706.6 694.6 686.8 684.7 683.1 678.2 668.2 666.7 671.3 670.7 665.2 658.2 654.7 652.2 648.2 647.3 647.8 644 640.5 638.2 637.1 635.7 632.8 630.1 632.6 637 646.5 647.6 642.6 637.9 632.8 623.1 613.4 606 603.4 600.6 594.2 590.9 589.9 587.9 584 580.2 580.1 581 580.6 578.8 577 575.6 572.3
655.4 665.8 677.7 691 698.6 704.3 711.4 720.6 724.9 733.3 742.2 748.5 740.9 737.3 736.2 732.8 727.2 726 728.7 726.6 728.7 732.2 729.3 730.9 725.8 719.6 718.3 716.8 710.1 699.8 687.3 678.8 679.2 675.3 668.9 662 658.2 666.2 666.2 660.4 655.6 650.7 647.3 643.4 639 639.7 637.2 635 633.4 632.2 630.7 629.8 626.4 624.4 624.3 632.4 632.7 629.9 624.4 619.2 613.8 605.8 600.1 598 592.6 586.5 584.7 583.3 581.6 577.7 573.2 573.2 575.7 574.2 572 569 567.5 563.5
654.6 663.4 672.3 680.7 698.3 702.8 710 713.4 720 729.7 738.1 738.8 734.9 730.6 724.3 720.5 718.3 716 715.4 716.2 719.6 718.1 720.4 722.1 715.6 707.7 711 711.9 699.1 689.3 682.2 676.1 670.9 665.2 660.3 656.8 654.3 654.9 660.3 656.7 652.6 647.6 643.1 638.9 635 633.9 631.6 629.4 627.2 627.2 625.6 624.1 621.8 621.8 621.5 618.3 615.5 613.4 611.2 607.3 602 597.2 591.8 588.7 584.5 577.8 578 576.8 574.8 570.9 567.4 567.9 570 567.2 565.4 562.3 558.6 554.1
651.4 659.6 671.1 681.7 691.3 699.4 704.4 708.6 717.5 728 732.4 731.4 728.3 724 715.6 710.7 709.9 710.8 709.6 708.3 711.6 712.7 713.9 710.7 706.2 697.8 697.1 695.2 684.9 680.9 680.8 669.8 663 660.5 657.8 654.6 654.3 654.3 656 653.3 648.2 643.6 638.2 632.9 631.8 629.1 626.3 624.1 620.9 622.6 618.7 616.3 620.2 621.6 622 618.4 612.9 605.9 602.8 597.5 591.5 587.4 583 578.2 573.9 572.1 570 570.2 566.8 562.9 561.2 562.6 562.2 559.2 557.2 554.5 550.4 545.5
650.5 657.9 667.9 676.4 683 689.2 693.7 700.6 712 723 726.7 723.1 718.1 716.3 709.6 704.8 704 703 702.1 701.1 703.8 705.7 702.9 699.1 696.3 689.3 681 682.8 675.8 669.8 662.9 655.2 655.4 654.4 657.3 654.3 655.7 657.9 653 648.7 643 637.7 632.3 630.7 629.6 625 619.9 617.1 616.8 614.7 609.6 610.3 616 615.6 615.6 610.9 605.8 600.3 596.1 588.6 580.6 579 575 569.7 567.1 567.2 565 563.3 559.5 556.4 552.6 555.4 553.3 550.7 548.2 544.8 542.4 538.2
648.7 654.8 664.3 671 671.1 678 685.4 692.5 699.8 712.7 719.5 713.7 704.4 703.7 703.5 699.5 696.3 693.3 693.3 693 693.4 693.2 690.4 688 686.3 678.3 669.5 667.7 660.6 657.2 653.3 648.3 649.1 651.8 655 656.9 656.4 653.7 649 643.1 637.2 631.8 626.4 622.7 619.7 615.6 613.4 610.6 607.9 604.6 604.6 607.6 612 609.9 608 603.7 598.2 591.8 585.4 579.5 574.7 570.3 567.4 564.9 562.7 561.9 559.9 557.2 554.4 550.6 547.5 546.6 545.2 542.2 538 537.3 535.2 532.5
645 653 662.3 674.3 666.9 668.3 674.3 679.7 689.4 700 704.2 700.4 692.9 692.2 693.6 688.2 685 681.7 682.7 682.1 683.3 680.1 676.2 679.1 673.9 665.5 655.4 654.7 650.4 650.5 648.4 644.3 642.2 647.7 651.5 653 650.7 647.6 642.9 637.3 631.4 627.7 621.8 615.5 610.9 606.5 605.7 603.2 600.5 598.1 600 602.2 605.1 604.6 600.3 596.4 590.5 584.7 578.6 571.7 567 564.9 562.4 560 558.7 556.8 554.6 552 549.4 545.5 542 540 537.9 535.5 533.1 531.3 528.6 525.3
651.7 660 665.5 664.5 664.5 665.7 670.9 676.4 682.8 688.1 685.3 681.2 677.5 677.6 674.3 674.6 671.6 667.7 670.1 672.2 674.3 671.5 667.4 667.6 663.5 651.8 642.5 642.3 639.3 641.1 641.4 640.2 635.6 640.5 643.8 644.4 643.4 639.6 634.4 629.1 626.6 622.2 615 604.4 599.2 599 596.5 595.3 593.4 592.2 591.6 591.8 595 594.1 591.5 588.5 582.8 576.8 570.9 564.4 561 559.6 558 555.6 554.1 552.6 549.5 547 544.3 541.6 538 535.7 533.1 529.4 527 525.4 522.1 518.3
659.6 667.9 671.4 669 668 667.2 668.7 672.3 677.7 677.2 671.2 661.7 659.2 658.9 657.2 660.2 657.7 655 657.2 663.8 668 662.2 658.6 655.1 650 640.7 630.9 629.4 630.3 630.2 633.3 631.1 627.2 632.1 634.2 632.5 631.9 628.4 623.1 620.4 619.8 613.7 605.1 597 592.2 589.3 586.6 586.6 587.1 585.9 584 582.7 584.5 583.8 584.3 579.2 574 568.1 563.2 559 555.3 554.4 553.5 553.2 550.7 548 544.6 542 539.3 537 533.8 532.7 530.8 526.8 522.5 519.4 515.5 511.8
668.3 681.1 683.4 677.8 668.2 662.3 663.1 669.1 673.7 668.1 653.5 646.7 643.3 643 645.6 647.1 645.5 645.8 646.8 653.5 656 648.6 648.1 641.4 638.7 631 618.4 617.7 621.1 621.6 621.6 618.9 616.6 622.7 621.5 620.9 620.3 616.3 614 610.1 607.8 602.8 594.7 587.7 583.2 577 578.9 579.9 580.3 579.2 578 576.5 576.3 575.7 576.2 571.3 566 560.8 557 552.4 550.3 549.4 550.3 548.8 545.8 543.1 539.8 537.3 535 532.7 530.1 529.7 529 523.7 518.7 513.7 509.2 506.9
673.4 681.8 682.7 677.5 661.6 654.6 653.7 655.6 655.1 650.8 640.6 636.1 631.3 629.6 630 630.3 635.1 636.2 637.4 643.3 642.3 636.5 635 626.9 624.7 616.4 608.3 608.1 610.8 610 607.9 605.8 605.7 607.6 609.5 609.6 607.6 604.7 603.4 599.6 596.4 590.9 585 579.2 574.2 566.8 570.8 574.2 574.6 571.9 571 569.5 567.6 566.2 564.7 562 557.8 554.8 551.6 547.5 545.9 544.9 545.5 544.5 541.2 538.1 536 534.2 531.6 529.1 527.5 526.6 524.7 519.2 513.3 508.9 504.1 500.7
679.5 676.6 667.1 657.5 648.5 642.4 641.2 642.1 642.8 639.3 629.5 624.9 620.7 619.5 616.2 618.1 622.7 626.2 629.4 631.4 630.4 624.9 620.8 617.9 614.3 602.4 597.3 597.8 602.8 601.5 597.1 593.3 594.6 596.3 597.5 597.4 595 592.6 592.7 590.1 586.8 582 577.6 571.2 565.4 560.1 561.9 568.6 569.2 564.3 563.5 561.2 559.3 558 556.4 554.4 551.9 548.6 546.1 543.5 541.5 540.6 541.4 540.1 536.5 534.4 532.5 530.6 528.8 526.3 524.7 524.1 520.9 515.5 507.3 502.6 498.8 495
664.9 661.5 652.3 645.9 640.1 634.5 629.7 634.1 634.6 628 619.7 614.7 609.6 606.7 604 606.9 611.8 616.8 621.1 621.9 618 614.6 612.3 605.4 601.5 592.7 587.8 587.9 591.7 593.3 588.7 585.9 586.2 587.5 589.3 588.4 585.8 582.2 582 580.4 578.6 574.6 569.8 563.4 558.3 552.7 550.4 557.6 558.4 555.9 554.9 552.9 551.1 550.6 548.6 547.1 545.5 542.4 540.8 538.8 537 536.5 537 535 531.7 530 529.1 527.4 525.5 523.3 521.1 520.1 515.6 509.1 501.3 496.4 492.6 488.3
646.7 642.8 639.1 636.3 629.5 625.3 625.6 627.5 623.5 615.3 609.2 604.5 599.2 594.1 590.6 592.7 597.3 606.3 612.1 614.3 607.1 604.6 601.5 591.1 590.8 584.1 578.8 576.7 579.1 583.3 579.8 577.6 580.8 583.1 582.5 579.6 576.9 575.6 574.2 571.5 570.2 567.1 561.9 556.8 552.3 547.2 542.4 545.3 546.1 544.6 544.7 544.2 544.4 544.5 542.9 541.5 539.2 537.4 535.4 532.7 531.8 532 531.4 529.9 527.2 526.3 525.6 524.4 522.4 519.3 514.6 512.8 509.3 502.6 496 490.8 485.4 480.1
631 630.6 627.8 624.7 621.9 618 617.1 615.8 611.6 603.9 601.3 597.3 589.6 584.2 582.8 583.3 588.5 599.1 601.4 602.5 597.1 593.9 589.1 582.5 581.8 576.5 570.2 569.1 569.6 572.3 569.9 571.3 576.9 577 571.3 568.6 569.4 568.9 567.3 564 561.8 558.8 555.3 550.8 546.2 541.2 537 534.1 535.8 533.7 532.7 536.3 537.1 537.5 536.3 535.4 532 530.9 531 528.9 527.5 527.7 526.5 525.1 523.6 522.1 521.1 520.9 516.3 510.9 506.9 503 500.8 497 490.4 485.9 479.2 474.1
618.9 622.4 622.4 620.1 617.2 611.7 609.3 607.1 600.5 592.6 590.4 585.4 581.1 577.6 574.4 576.8 581.1 591.9 592.4 591.2 586.3 584.7 580.3 576 572.9 569 564.8 561.5 562.4 562.8 562.7 559.7 562.7 560.1 557.6 560.1 559.6 558 556.5 555.3 552.6 549.7 546.3 542.6 539.6 534.6 529.3 524.2 524.8 523.8 524.2 529.2 530.5 529.5 529.1 527.2 525.2 523.5 523.5 524.5 522.6 522.8 521.4 520 518.6 516.6 514.5 511.8 508.4 501.3 498.3 495.6 493.3 490.5 483.6 477.6 473.7 470.3
604 610.8 616.8 615.3 613.1 605.9 600.9 597.4 591.5 584.3 580.3 576.2 574.1 571.8 566.5 567.5 573.7 582 583.3 580.8 580.2 577.7 572.9 568.7 565.2 560.9 555.4 552 552.2 553.6 556 549.2 551 549.3 547 547.1 548 548 546.9 545.4 542.8 539.9 536.9 532.5 530.4 525.5 521.5 516.5 516.2 517.1 518.1 522 523.6 522.6 522.4 520.6 518.7 516.9 517.4 518.7 517.5 517.1 516.3 514.9 513 510 506.1 502.1 497.6 494.2 491.4 489.9 484.1 482.6 477.3 472.3 468.7 465.1
593.5 599 607.6 610.2 608.9 600.5 595.6 591.1 584.5 577.3 572.2 568.4 565.8 565 560.4 560 564 571 574.6 574.9 575.3 571.4 566.8 561.7 558.2 552.1 547 542.9 541.1 542.2 543.2 538.7 538.6 539.1 539.4 539.3 538.8 538.8 538.3 536.4 533.1 529.8 525.9 521.2 517.2 516.3 513.6 510.6 510.5 511.9 511.7 515.5 517.4 515.8 515.1 513.6 511.8 510 511.3 512.7 510.7 509.1 509.6 509 504.5 501.9 498 494.1 489.1 485.9 484 481.6 477.2 474 471.5 467.1 463.5 459.9
584.8 589.2 596.9 604.7 603 594.6 590.7 584.2 577.3 570.4 566.2 560.8 558 557.8 553.6 551.8 555.3 560.1 566.3 569.9 571 565.4 559.1 553.1 549.7 543.6 539 536.3 533.2 535 535.5 532.1 528.1 528.3 530.1 530.3 531.1 530.7 528.3 527.2 524.7 521.8 517.3 512.8 509.4 507.3 504.9 504 500.7 507.9 502.9 507 509.8 508.1 507.7 506.6 504.9 503.4 504.1 503.4 502.5 502.8 502.2 499.4 495.2 493.9 490 484.9 479.9 477.7 476 472 469.3 466.4 463.9 461.6 458.6 456.8
576.9 579.8 588.1 598.2 593.6 588.5 582.5 576.9 570.1 564.1 560 553.8 550.1 548.9 546.8 544.6 547.5 551.6 557.4 561.4 561.4 556.1 549.6 543.8 540.6 537.3 533.5 530.5 529.1 531 529.2 526 521.1 522.2 522.2 521.3 520.7 518.7 516.9 516.2 516.6 514.8 510.6 506 501.1 499.5 498 497.5 495.9 500.5 495.2 495.9 499.2 499.5 499 499.5 497.8 497 494 493 493.7 493.2 490.8 489 486.4 484.8 480.7 475.4 471.8 469 467.8 466.4 463.2 460.3 458 457.4 455.8 453.9
568.3 568.3 576 586 585.9 580.4 574 569.3 562.8 557.9 554.4 549.3 545.4 542.8 539.9 538.8 542.4 546.4 548.6 550 551.2 546.7 540.6 535.5 532.2 532.9 528.9 524.9 525.2 526.5 522 516.4 514.3 517 516.5 515.2 514.3 511.7 508.9 507.1 506.9 506.8 501.2 497.5 495.7 493.5 492.8 492.9 490.2 490.8 490 489.6 490.8 491.3 489.8 490.2 490.9 491.6 489.9 488 484.2 482.1 479.3 477.6 478.1 474.4 470.7 466.2 464.5 463.6 461.9 461 459.8 457.4 455 455.4 453.6 450.8
