webserver/python/data/NH29.asc
ncols 200
nrows 200
xllcorner 220000
yllcorner 890000
cellsize 50
[rows 140 to 174 of 200, columns 79 to 157 of 200]
148.4 142.9 137.4 139 133.6 134.1 129.6 126.1 124.9 125.2 128.2 129.2 119.3 130.1 133 137.2 142.3 147.2 151.6 157.1 161.1 167.4 166.3 167.3 169.6 167.4 160.8 138.1 134 145.1 139.1 131.9 127.8 140.4 148.2 172 145.5 180.9 188.7 192.4 196.4 200.7 203.1 206.3 190.8 193.3 222.2 232.1 240.1 242.7 255.2 274.1 288.1 298.5 311.2 321.2 331.7 340.8 352.2 360.5 369.4 376.8 384.4 391 395.8 399.4 400.6 402 399.4 398 395.3 393.3 391.4 388.9 385.4 380.3 375.2 368.9 360.6
155.8 149.5 141.6 142.6 140.5 142.5 136 130 128.9 130.6 130.3 131.4 123.1 125.7 133.1 136.4 139 142.6 146.2 148.5 151.4 151.3 151 152.5 138.4 132.5 135 128.4 133.2 138.5 132.9 127.9 139.4 167.4 169.4 178.1 182.5 176.7 188.7 193.7 197.5 201.5 207.1 210.1 213.2 199.2 203 224.8 237.3 241.2 250.3 268.1 284.1 295.8 305.4 315.6 327.4 339.6 352.3 362.3 371.8 379.4 381.5 388.9 392.5 395.4 397 397.6 397.3 395 392.4 390.4 386.9 385.8 383.4 379.4 374.2 368.8 362.5
164.6 160 154.7 149.2 148.4 147.4 138.1 135.5 133.2 133.3 134.1 134.4 132 123 130.9 132.2 135.1 141.9 145 145.4 146.1 143.6 141.7 137.9 129 140.5 132.1 133.1 139.7 150.8 154.5 161.2 173.8 177.3 179.5 179.5 180.9 178.3 183.8 190.7 197.4 202.5 207.3 212.5 217.3 221.3 216.7 199 215.1 214.4 214.5 255 278.6 288.8 300.2 311.7 321.7 332.6 342.2 354.6 365.5 375.3 378.6 383.4 387.7 391.4 393.4 394.4 393.8 391.6 389.3 384.5 382.7 381.9 381.7 378.6 371.7 365.1 357.9
173.5 169.5 164.9 158.2 156.9 155.4 149.6 142.5 140.3 138.2 139.8 140.9 139.8 137.4 119.4 123.5 132.5 141.4 143.6 143.9 144.4 140.7 132.9 128.2 141 142.5 144.4 150.7 147.4 159.1 167 173.3 178.2 181.9 183.7 180.7 185 188.5 179.1 193.5 198.7 203.2 207.6 212.2 218.6 222 229.4 225.6 209.4 214.1 227.1 246.8 272.1 284 296.8 307.5 315.6 325.7 335 345.9 354.4 361.5 370.1 377.8 383.4 387.6 390.9 391 390.2 388.3 384.8 380.9 377.7 376.7 375.8 372.9 366.2 359.6 353.7
180.1 176 172.9 165.7 168.6 164.4 159.9 152.4 149.9 145.1 149.2 149 148.8 148.3 140.3 142.3 131 119.8 129.7 120.5 129.1 126.2 128.9 139.7 142.6 146.9 149.4 158.9 170.3 177.2 181.3 183.2 183.3 184.9 186.3 185.1 187.9 191 196.2 198.1 202.1 205.7 210.1 216 219.1 223.3 230.1 236.2 234.4 237.8 236.9 231.7 265.2 277.4 291 301.9 310.4 319.9 330 339.4 348.3 356.3 365.4 373.7 379.5 384.3 387.1 386.8 385.2 382.9 380.5 377 373.6 370.9 369.2 367.3 360.7 354.2 349.5
187 183.3 181.4 177.6 181.5 175.4 169.2 161.3 158.3 152.2 161 161.9 161.7 164.6 159.8 157.2 158.4 146.8 146.5 145.1 140.6 142.3 144 148.5 149.4 156.8 169 185 188.5 193.7 190.3 190.2 189.7 189.1 190.2 190.7 190.3 190.5 195.2 200.5 205.9 209.2 213.4 219.7 221.5 226.1 231.2 237.9 241.8 247.6 249.9 236.7 246.1 271.7 286.6 296.6 307.7 318.1 327.6 336.3 345.1 353.3 361.8 369.8 375.8 381.3 382.4 382.1 381.6 378.1 375.3 372.5 369.1 366.9 365.6 362.4 355.2 349.6 346.3
192.8 190.3 187.7 185.6 188.3 184.3 174.2 174.2 168.5 168.2 167.9 175.2 173.2 180.8 177.2 176.1 176.3 169.3 166.7 163.8 159.5 159 161.7 164.8 174.3 185.9 195.8 199.7 198.9 198 199.7 198.4 196.7 195.5 195.4 195.8 197.4 196.4 201.8 207.6 211.2 216.1 218.5 222.8 226.4 229.9 234.2 239.2 243.2 249.1 252.7 264.5 244.5 261.9 283.3 294 303.5 312.7 321.4 333.8 342.1 350.4 358.6 365.9 371.8 378.9 379.3 378.7 377.4 374.2 371 367.8 365.1 362.7 362.9 359.4 349.9 346.1 342.8
197.7 195.3 191.9 189.9 192.3 190.9 189.9 190.3 184.8 182.5 179.4 183.2 186.3 194.1 195.6 195 198.5 190.9 187.9 184.3 177.9 178.9 178.2 186.3 199.8 212.1 212 209.9 209.8 207.7 209.4 209.4 206.5 203.1 202.3 202 207.9 198.8 205.7 215 220.3 221.9 225.3 227.9 230.9 235.6 239.3 239.8 245.4 252.6 258.2 268.5 270.5 249.1 270.5 290.8 301.1 310.7 320.2 332.6 341.9 350.4 357.6 362.7 367.2 373.3 374.6 373.8 372.8 370 367.1 364.2 360.2 359.3 359.8 353.6 346.3 341.5 338.9
203.1 200.6 196.5 195.8 196.7 193.3 190.1 194.3 194.5 192.2 185.2 190.7 199.7 204.1 209.4 212.5 210.9 208.3 206.5 201.3 196.1 201.6 208.9 221.5 227.8 232.5 228.8 225.7 222.6 218.5 218.2 217.1 215.4 212.1 210.3 210.4 211.3 198.9 210.1 222.8 225.8 228.3 231 234.3 237.5 242 247 250.1 251.1 256.2 262.3 268.6 269.8 271.8 249.3 282.6 295.8 305.2 319.2 332.6 341 349.6 355.3 359.7 363 368.3 371.1 370.6 369.1 367.1 364.2 361.2 358.2 356.9 355 349.7 342.6 337.9 334.4
212.1 207.3 205 205.6 202.5 199.4 197.6 197.6 196.7 196 196 190.1 199.7 202.9 209.8 219.5 221.6 221.1 219.6 215.3 218.8 230.7 240.4 246.8 245.4 243.6 241.1 237.2 231.9 230 224.8 222.5 221.7 219.9 216.7 219.7 213.6 199.2 217.8 228.9 231.2 234.9 238.3 240.4 243.4 247.8 253.9 257.9 261.7 265.3 269.3 269.2 269.2 272.2 268.7 259 279.3 294.6 307 317.7 337.2 347.7 355.7 356.7 359.4 364.9 368.2 367.2 365.5 363.7 361.3 358.2 356.8 354.6 352.7 347.7 339.1 333.9 330.5
219.9 213.8 213.9 215.1 211.5 208.3 205.6 204.4 203.4 204 206.4 202.6 204.7 208.6 214.8 222.5 224 228.3 229.3 237.9 251.4 265.4 268.8 261.4 256 250.1 246.6 242.1 238 235.4 231.1 228.5 224.5 222.4 220.6 220.1 215.9 198.3 225 239.5 240.3 241.4 242.8 244.8 248.2 253 258.6 262.2 264.6 267.9 270.6 271.6 272.9 274.5 274.1 261.2 261.3 279 288.6 305.9 324 339.8 351.6 355.5 357.5 362.6 365.3 363.9 362 360.2 358.3 356.8 355.4 353.2 350.5 343.4 336 329.8 328.1
228.8 225.4 227.2 225.6 224.2 220.2 215.8 214.4 212.4 213.7 217 217.6 223.1 225 236.4 246.8 247.5 252.5 260 270.6 292.1 286 279.7 272.4 266.5 259.1 251.9 247.5 243 240.7 236.7 232.3 227.9 223.3 219.7 215.7 198.7 201.4 229.9 241.5 243.7 244.5 245.1 247.8 251.6 256.9 261.9 264.3 266.7 270.3 273.9 276.3 277.2 279.6 282.4 277.2 258.6 259.1 283.7 299.6 315.3 334.3 343.8 349.5 355.6 359.5 361.9 361.5 359.9 358.1 358.6 358.5 355.4 351.8 348.1 337.3 330.8 328.4 328
243.5 237.2 240.1 238.7 237.7 233.7 229.7 228.4 231.7 228.8 230.4 229.8 234.6 242.1 250.7 256.5 270.1 281.2 288.9 295.4 294.2 288.7 283 276.7 269.9 262.8 256.7 251.7 246.2 243.3 239.6 235.2 230.8 223.3 216.1 209.4 205.3 216.8 231.8 240.9 246.1 246.4 246.6 249.6 253.9 258.6 264.3 268.3 271.2 275.3 277.7 281.7 288.8 291.9 292.7 290.4 286.7 268.2 261 289.5 303.2 319.5 330.7 338.8 350.2 354.6 358.8 360.4 357 357.3 359.2 359.6 356.2 352.9 349.8 338.4 330 328.1 328.3
256.6 248.9 254.4 252.5 252.2 250.9 248.7 249.8 253.1 251.3 248.5 246.8 251.5 256.6 260.5 266.5 276.7 291.1 298.6 299.7 296.9 291.7 287.7 281.1 272.8 264.8 259.2 255 250.5 245.8 242.4 238.2 232.6 224.6 218.3 209.3 199.6 216.4 230.9 239.8 245.4 247.6 248.5 251.5 256.2 261 265.7 271.7 279.4 281.7 282.7 288.9 295.4 299.3 304.6 307.1 303.9 297 279.4 268.2 286.5 302.8 313.7 323.4 336.4 344.9 351.6 353.1 351.7 354.3 356.6 356 352.1 349 344.6 336.1 329.4 328.1 328.5
263.4 266.1 271.1 278.2 284.8 278.3 272.5 270.4 268.4 263.9 263.5 263.5 267.7 272.6 275.9 281.4 286.3 292 296.9 299.6 298.6 295.5 292 285 279.9 270.2 266.4 260.9 255 249.9 245.5 240.8 232.9 222.9 215.9 208.3 199.9 209 228.7 238.4 244.3 247.9 249.8 254.7 259.8 264 268.1 275.4 282.7 285.7 288.9 295.8 301.6 305.8 310.8 311.6 311.2 306.9 301.2 285.6 268.1 280.6 298.1 309.9 322.6 332.1 344.2 346 348.2 350.4 352 349.9 347.5 343.6 338.9 332.3 328.6 328 328.3
288.9 293.7 300.9 307 307.2 294.8 289.4 286.5 280.5 276.5 278.5 278.5 282.2 290.6 297.1 297.3 294.2 296.1 298.9 300.6 300.7 297.9 294.3 288.8 283.5 278.6 274.8 267.3 260 253.1 246.6 241 232.4 221.4 213.7 209 203.7 214.7 228.9 236.9 241.6 246.2 250.9 256.1 261.8 267.4 273.4 280 287.5 292.3 296.1 302.2 305.4 309.1 310.2 315.2 317.2 314.3 311.8 313.7 303 274.9 273.4 298.3 309.7 323.4 338.5 340.1 343.4 346.9 347.9 346.9 347.2 341.5 334.1 328.8 328.5 328.2 328.4
313 317.2 323.9 325.7 318.8 305.2 306.4 302.5 294.4 291.4 295.1 295.2 303.5 309.2 311.1 306.6 302.6 299.8 299.6 300.8 301.4 299.8 295 289.1 285.1 281.6 279.3 270.3 264.5 257.9 249.8 241.2 230.7 221.7 216.1 208.9 207.8 216 229.4 236.3 241.1 246.4 250.9 257.1 262.9 268.7 276.5 284.1 291.3 298.1 302.6 307.1 311.9 315.3 317.6 319.9 319.3 316.9 317 319.3 310 295.6 275.7 274.1 294.4 313.6 324.6 334.2 339.8 342.9 344.4 344.1 349.8 343.5 330 328.2 328.1 328 328.8
327.4 329.4 330.1 329.8 327.7 321.5 320.1 318.8 313.8 315.7 321 320.8 322.2 320.8 317.2 314.4 308.5 304.3 302.8 302 301.9 301.3 296.7 289.7 287 284.3 279 272.1 267 260.4 251.3 242.8 233.7 225.3 218 208.4 207.7 219.2 232 239 244.5 249.3 255.1 260.3 265.1 271 277.9 284.1 291.3 299.4 305.8 315.5 319 320 323.3 328.5 327.2 329.5 328.1 321 317.3 307.3 300.4 280.2 271.1 294.6 310.6 331 337.7 342.3 340.5 339.9 346.6 338.7 329.4 328.5 329.1 329.1 332.8
337.8 337 338.3 338.2 335.8 338.8 339 340.5 341.5 339.1 337.6 333.2 328.3 325.1 321.8 320.3 314.1 308.9 306.4 304.6 302.6 300.7 297.7 292.6 289.9 285.4 280.1 273.8 267.7 261.3 253.1 245.3 236.8 226.6 215.7 208.3 219.9 227.6 231.7 242.1 246 252.2 258.3 263.7 268.9 273.4 279.1 285.1 291.1 299.9 305.8 310.9 316.3 319.6 320.5 320.6 328.1 327 319.9 319.5 314.8 307.8 303.3 292.8 273.3 268 291.1 306.4 318.3 327 328 330.6 329 326.9 320.2 328 334.1 341 340.9
348.6 349.4 349.5 349.9 350.3 355.4 356.1 357.3 352.6 344.7 338.7 335 331.9 328.5 322.7 319 315.5 311.4 307.7 305 302.1 300.3 295.1 291.9 288.1 281.6 277.4 273.7 268.1 262.7 255.4 247 238.6 227.5 217.7 208.5 227.8 233.8 239 241.4 248.4 255.7 261.5 268.3 274 279.3 284.1 289.7 292.7 301.8 308.7 309.8 318.1 320.6 324.1 323.9 329.9 324.8 321.8 319.2 315.3 310.1 305.6 299.5 297.3 283.5 268.1 278.3 293.3 301.2 307.7 310.8 308.3 310.3 319.5 330.8 338.9 334.8 336.4
351.4 351.4 358.7 360.9 361.3 362.3 361.1 360 353.4 346.5 341.2 337 333.3 330.2 323.9 319.3 314.7 311.4 308.4 304.5 301.3 299.9 291.5 289.1 284.3 279 275.8 271.6 268.5 263.5 256.5 247.1 239.2 227.1 210 218.9 229 231.7 241.4 248.7 253.1 258.2 263.5 272 279 284.6 289.7 295.4 302.5 311.9 314.8 323.1 327.4 325 328.3 328.3 329.2 320.1 321.1 320.3 317.4 314.8 308.5 307.7 303.6 299.2 288.5 268.9 274.2 288.4 290.9 294.7 294.7 289.1 306 317.2 315.9 316.9 322.6
350 349.7 354.7 354.5 352.1 352.3 353.6 353.8 350.4 344.4 337.9 331.9 331.4 330.5 324.4 317.7 312.8 310.2 305.2 300.8 298.1 292.3 289.8 286.2 283.1 278.1 273.5 269.7 269.7 263.5 253.7 242.8 234.9 208.5 231.2 236.7 240 240.1 245.6 252.7 259.5 262.2 267.4 273.9 282.2 290.7 293 298.4 305.5 313.6 323.2 330.1 329.7 330 327 324.3 316.5 316.5 316.5 316.5 318.1 322.5 319.5 313.2 309.1 306.2 298.7 287.1 269.5 268.8 267.9 277.8 279.8 284.4 288.8 299.8 302.7 299.3 309.2
342.1 341.6 342.5 342.5 341.9 342 343.1 345.1 344.5 340.4 332.9 329 328.8 327.6 324.2 317.7 311 307.8 301.4 299.4 295.6 291.7 287.6 284.1 280.6 276.9 271.7 269.5 265 261 251.6 242.8 231.7 228.3 239.9 244.7 247.5 250 252.6 256.9 262.4 267.7 271 276.3 281.6 290.1 295.1 301.6 309.1 318.6 328.9 334.5 330.4 329.7 320.2 316.5 316.5 316.5 316.5 316.5 318.7 326.9 323.1 319.6 317.7 314.6 308 303.4 293.8 277.6 291.1 299.4 304.2 309.2 311 313.5 310.8 308.4 308.9
336.3 335.7 333.4 332.9 339.5 337 336.2 337.9 339.3 332.6 328.5 326 325.7 324.3 321.6 317.3 312.2 308.3 303.7 299.7 296.4 291.5 286.1 281.9 278.2 274.3 270.5 263.6 258.1 254.8 249.1 242 232.3 233.7 241.8 246.8 251.7 256.6 258.8 262.8 267 271.3 276.2 282 287.1 292.9 298.9 303.3 309.5 321.1 330.9 334.4 329.6 329.2 325.5 321.8 325.8 330.6 328.6 326 328.8 325.7 328.1 329 328.5 322.6 317.2 313.2 308.7 297 300.1 304.1 312.1 318 319.5 316.2 311.8 309.5 309.4
331.1 330.1 329.2 329.1 333.3 331.1 330.6 332.2 330.7 325.5 324 322.8 323.1 321.4 318.8 315 310.8 308.4 304.9 301.7 296.8 291.2 285.1 279.8 275.5 271.3 268 261.6 255.2 249.7 244.2 237.4 229.6 237.1 243 247.7 255.9 261.8 265.3 268.9 273.2 277.4 282.8 288.5 294.6 301.1 306.9 312.2 315.4 319.8 329.4 327.2 328 328 328 328 328 328 328 328 328 328 328 328 328.1 328.5 325 323.5 320.2 319.4 318.9 313.1 320.9 331.7 327.8 321.2 314.9 309.5 308.6
327.1 327.4 327.3 327.9 327.9 325.5 324.5 324.7 322.6 320.5 320.3 320.8 321 317 313.1 310.8 308.8 305.5 302.2 299.2 296.2 290.6 285.5 280.4 275.8 270.9 266.7 259.8 252.9 246.1 239.1 229.8 236.5 244 249.4 253.9 262.9 268.3 271.9 276.6 279.4 284.3 290.8 296.8 302.7 309.8 314.7 320.6 323.4 324.8 324.8 328 328 328 328 328 328 328 328 328 328 328 328 328.4 334.6 338 334.9 332.6 330.3 331.8 333 330 336.7 339.7 336.9 329.4 322.2 318.3 313.1
323.5 324.3 325.5 324.5 323.8 320.4 319.4 317.7 315.7 316.5 316.1 318.3 317.4 313.4 309.3 307.6 305.3 302.2 299.1 296.3 293.4 290 284.5 279.5 276 270.8 267.1 260.4 253.6 249 238.5 236.4 244.7 249.8 256.3 262.5 267 273.1 279.4 283.4 286.1 290.4 297.5 305.1 312.9 317.3 320.6 329 336.4 335 333 328.2 326.5 328 328 328.3 328 325.9 328 330.7 335.2 335.3 335.7 339.7 344.3 345.8 343.4 340 339.3 339.6 339 342.2 339.2 340.8 350 345 336.7 328.2 319.8
317.8 319.7 321.9 321 320.5 315.5 312.6 311.7 311.6 311.3 310.9 313.5 313.3 310.4 307.8 304.1 301.8 298 293.8 291.7 289.7 287.8 283.2 278.9 276.3 271.9 266.7 260.5 257.5 249.4 238.8 239.7 246.1 253.7 260.9 266.1 270 274.9 279.2 285.7 290.6 295.3 303.5 313.5 321.6 322.8 326.1 335.2 341.5 341 341.7 342.1 340.4 339.1 337.2 339.5 338.5 335.8 341.4 350.5 352.4 352.1 350.9 351.9 352.9 352.9 350.8 346.1 344.7 345.3 344.6 346.7 348.1 347.8 351 349.8 337.7 332 327.7
313 313.6 316.5 317.7 316.2 312.2 307.6 308.5 309.4 306.7 306.5 309.6 310.7 308.1 303.1 300.9 298.7 294 289 286.1 285.3 284.6 280.9 280.2 280.7 275.8 269.5 264.8 260.8 253.8 240.9 240.1 248.7 257.7 265.4 268.8 272.4 276.2 281.4 286.8 291.9 297.3 307.9 318.4 324.6 327.3 332.3 340.2 343.9 343.4 346.2 350.6 351.7 348.3 344.3 346.7 347.8 349.7 365.5 371.9 365.7 362 357.8 359.9 361.1 360 356.6 350.8 349 351 349.2 351.5 356.6 353.9 350.6 349.7 349.2 345.7 339.5
305.4 305.5 306.9 309.6 310.7 307.1 304.4 304.9 304.3 301 302.7 305.9 307.4 302.3 298.3 295.9 294.3 290.1 285.2 281.1 281.1 280.8 280.7 280.7 279.3 277.2 271.7 268.9 264.4 252.9 249 249.9 254 261.6 270.8 273.3 276.5 279.5 286.2 290 297.1 305.2 315.8 325.8 330.7 334.6 339.1 344.6 348.6 348 352.9 356.2 354.5 352.5 351.5 357.3 363.6 373.6 380.3 378.4 376.3 371.8 369.1 369.4 367.1 363.9 361.4 357 355.8 359.1 359.6 357.4 357.7 356.9 353.4 356.3 360.2 357.1 351.6
292.9 295.1 297.6 301.7 304.2 301.9 301.7 299.7 299.2 298.8 299.9 301.9 301.3 298.6 295.4 291.9 289.8 286.7 282.3 279.3 279.2 279.3 280.3 278.6 276.4 275.1 272.9 270.9 266.1 258.7 249.2 251.2 255.8 262.3 270.7 275.8 280.8 285.4 292.1 300.3 308.3 316.6 325.1 333.3 339.1 342.7 347.8 352.6 356.3 360 364.1 366.3 360.8 358.4 365.2 378.6 385.7 390 386.2 383.7 383 380.5 377.3 372.7 371.5 368 366.6 365 367.4 371.7 368.6 360 357.9 357.9 358.6 360.5 359 356.6 358.3
286.1 287.7 288.6 290.9 293.9 295.4 296.1 294.5 293.5 292.5 294.5 297.6 297.3 295.8 293.1 289.8 285 282 278.5 276.8 276.2 276.3 276.4 275.8 273.7 272.8 269.9 269.6 264.5 259.8 249.4 255.8 260.8 265.6 272.4 278.4 283.1 289 297.4 305.6 316.5 325 334.9 342.7 350.4 356.8 364.4 369.7 374.3 377.4 382.9 383.4 377 370.3 395 400 400.4 400.3 397.9 391.5 389.2 390.2 388.1 383.5 379 375.8 373.6 376.7 372.8 370.6 368.8 361.6 358.2 364.2 369.1 366.5 366.4 375.4 374.3
282.4 281.8 280.9 283.6 286.2 288.1 289.3 289.5 288.6 286.7 287.2 290.4 291.7 292.2 290.7 286.8 281.4 277.8 275.4 273.7 273 272.5 272.1 272.3 269.6 266.8 265.9 263.3 258 250.3 256 259.4 262.4 269.3 275 280.5 284.9 291.2 300.3 312 323 333.3 342.5 352.2 363.8 372.9 379.7 383.8 389.9 395.8 398.6 395 393.1 408 415.9 417.4 415 412.9 410.7 407.3 402.5 400.7 399.3 391.1 392.5 391.9 390 382.4 375.8 370.5 368.1 366.9 368.7 370.8 369.3 371.9 377.5 382 383.3
280.1 278.9 279.3 281.2 283.1 283.3 282.9 283.1 281.8 279.8 281.2 281.6 279.5 282.5 284.5 281.2 277 275.4 273.4 271.3 269.6 269.8 269.4 270.3 265.4 260.1 261 256 250.6 258 260.4 261 265.7 271.7 278.7 284.3 290.3 296.9 306.6 317.7 327.6 337.2 347 357.8 368.6 379.2 386.6 394.9 401.5 407.7 411.8 411.9 413.9 422.1 430.2 431.6 428.4 426.8 423 416.2 408.3 409 406.8 403.7 400.7 396.4 390.3 383.5 378.7 374.6 372.5 374.5 380 391.1 391.6 391.7 388.6 389.9 388.4
278.3 277.2 277.7 278.2 280.5 279.4 278.2 278.4 278.6 280 281 281.1 275 271.7 269.6 272.2 274.2 272.6 271.3 269.1 267.7 266.9 266.5 264.2 259.9 258.3 257.2 249.6 260.2 263.1 264.5 265 268.8 275.1 282.5 289.8 298.2 305.9 314.9 323.4 332.4 340.6 350 359 371.5 384.8 395.9 403.7 410.5 416.4 418.7 421.6 427.6 434.8 439.8 439.2 436.2 433.7 431.2 425.5 420.9 417.3 411.9 407.1 400.7 393.4 388.6 383.8 387 387.4 388.6 407.2 411.2 411.5 407.7 409.2 401.8 397.2 393.3
