webserver/python/data/NH30.asc
ncols 200
nrows 200
xllcorner 230000
yllcorner 800000
cellsize 50
[rows 70 to 104 of 200, columns 80 to 159 of 200]
127.2 127.1 124.1 116.4 119.6 118.7 111.4 109.7 105.8 96.4 76.4 56.8 37.2 28.1 28.3 28.1 30 31.2 31.2 31.2 31.2 32.6 37.4 38.2 38.7 39.5 40.3 43.3 47.5 44.9 41 40.9 43.2 44.5 48.3 50.2 53.4 62.6 71.5 75.1 78.3 77.3 70.8 60.3 52.5 46.3 42 39.1 38.5 38.9 40.8 44.7 50.6 55.7 65 86.7 105.9 124.9 143.7 157.9 172.6 184.2 185.9 181.5 177.9 180.3 168.7 152.7 135.6 121.1 117 114.4 116.4 116.4 112.9 107.1 99.8 77 50.4 83.6
122.1 121.6 116.9 112.2 113.7 111.6 105 103.5 97 75.5 47.5 28.7 28.1 28.2 28.3 31.2 31.2 31.2 31.2 31.2 31.2 37.6 38.9 40.5 41.6 42.5 43.5 44.1 48 42 40.2 43.6 45.9 46.2 50.9 56.3 61.9 70.8 78.4 79.9 73.6 64.9 56.8 49 44.9 42.4 39.8 38.9 38.6 40.4 43.2 49.3 55.1 64.8 83.2 101 119.2 135.5 157.4 172.7 187 197 198.3 189.6 188 183.3 165.4 148.5 136.9 126.7 121.5 121 121.9 121.9 120.3 114.6 106 86.1 52.7 87
121 120.4 115.1 110.4 108.3 101.9 95.1 97 76.2 43.4 28.7 29.7 30.5 31.3 31.2 31.2 31.2 31.2 31.2 31.2 33.6 39.2 40 42.3 43 43.3 44 44.3 44.8 41.5 42.2 46.4 46.7 46.4 54.3 62 67.3 75 82.7 78.3 64.7 54.8 47.8 43.5 41.9 39.6 39.7 38.7 39.6 42.7 47.4 52.4 64.7 81.7 99.4 116.4 133.8 155.2 171.4 181.2 195.4 202.7 208 203.7 198.4 191.2 173.3 155.3 142.8 134.3 139.5 131.3 127.5 131.7 123.1 115.7 108.1 82.2 61.9 87.1
117.1 116.3 113.3 111.2 110.4 101.4 92 70.2 36.4 29 30.5 30.9 31.2 31.2 31.2 31.2 31.2 31.2 32.9 38.5 39.2 39.1 42.3 44.2 44.3 44 44.5 44.6 42.4 42.4 45.4 46.2 46.9 48.4 56.6 64.1 68.7 73.2 79.4 72.2 60.8 50.6 44.2 41.2 39.2 38.9 38.9 39.6 42.7 46.8 51.3 63 78.5 98.1 116.2 129.5 150.3 171.5 182.6 196.9 205.7 213.1 220.3 220.6 211.9 195.6 176.4 160.7 150.9 142.9 148.2 150.1 140.9 142.6 129 117 104 78.2 63.1 86.7
109.2 110.9 108.6 105.4 104.1 99.4 70.6 33.2 29.1 30.7 31.3 31.2 31.2 31.2 31.7 31.6 31.2 33.3 36.3 41.1 42.8 45.1 48.6 46.8 45.6 45 45.1 43.7 41 44.1 46.8 47.1 47.8 50.3 56.1 62.1 68.4 70.9 70.4 64.4 54.6 46.4 42.8 39.5 39.4 40 40.4 43.7 47.1 50.7 60 74.9 98 116.2 130.5 145 163.6 183.8 198.4 208.2 218.2 224.3 230.4 225.4 213.1 197 182.4 169.6 159.6 155.6 163.6 181.6 155.7 146.1 132.2 117.1 103.4 78 62 82.2
101.4 101.9 98.9 92.9 84.8 67.8 42 28.9 31.2 31.6 31.2 31.2 33.2 34.3 34.4 31.9 31.2 39.6 40.9 44.2 46.5 53.7 51 48.8 47.1 44.4 43.7 42 43.3 45.5 46.7 47.6 51.9 54.9 59.5 69.5 69.1 68.7 65.6 60 50.6 44.7 41.4 39.3 40.5 41.2 43.9 47.5 50.6 59.9 76.6 100.2 124.1 136.7 148.9 162 179.8 199.3 212.2 220.4 229.7 231.2 226.1 218.3 210.4 203 190.5 178.9 166.6 170.4 187.9 192.9 163.5 149.2 133.5 118.9 104.5 85 61.6 76.6
97.3 94.8 88.5 79 65.3 37.6 28.5 30 31.9 31.2 31.4 32.3 32.9 34.3 36.5 33.6 38.4 43.2 48.2 49.3 48.1 49.2 48.1 48.3 48.5 44.7 43.2 44.9 45.3 46.8 48.2 53.1 57.3 59.5 61.3 65.3 61.5 63.4 63.2 55.8 47.8 43.2 39.5 39.7 40.5 41.7 47.4 51 58.6 74.1 98.5 130 150.7 159.5 171.3 180.2 199.4 213.3 222.5 230.2 230.9 228.8 222.3 224 220.2 211 196.2 181.8 172.5 181.9 200.7 192.1 171.7 154.4 137.3 121.5 106.6 84.8 63.3 78.6
90.6 82.5 71.2 57.3 36.3 31.6 28.9 32.2 31.2 31.2 32.3 33.6 34.4 35.9 37.6 39.4 44.4 47.3 56.1 51.9 50.2 49.9 49 49.1 48.7 46.6 43.7 45.7 47.9 49 52.2 58.9 61.4 59.4 58.7 57.2 57.3 60.1 57.3 51 44.4 40.8 39.4 40.2 41 46 51 59.7 67.9 93.6 127.3 158.4 168.4 175.8 186.6 199.5 213.8 225.6 228.1 230.3 232.5 236.9 245.8 238.2 227.3 217.2 197.9 185.1 176.4 196 206.4 203.9 182.2 160.5 140.3 123.6 103 70.7 65 88.6
70.1 58.2 43.4 31.7 30.8 28.7 30.4 31.2 31.2 31.2 32.1 34.1 35.2 37.1 42.5 46 48.9 51.1 59.7 56.4 57.1 53.6 49.7 49 48.2 48.1 47.6 48.6 48.9 51.4 56.9 63.8 64.8 60.1 54.5 50.3 50.6 51 48 44.1 41.6 40.8 41.4 42 45.6 50.9 59.7 69.3 87.9 117.5 159.9 169.8 174.3 186 199.6 212 223.9 229.7 231.5 241.9 257.4 261.7 256.1 236.2 231.1 213.2 196.7 185.4 180.3 198.4 211.1 209.2 183.5 165.1 146.7 124.2 100 59.3 74.3 93.8
51.3 38 30.2 29.5 28.9 28.9 32.1 31.2 31.9 32.7 33 32.1 36 40.8 50.8 51.9 51 54 64.3 59.8 57.5 52.3 49.1 47.8 47.5 47.8 48.6 49.1 53.7 59.3 62.6 67.7 70.4 62.9 53.2 48.2 47.5 46.4 44.3 40.5 40.6 42.2 45.3 46.5 50.4 59.7 68.4 80.6 109.7 139.2 172.7 177.9 185.4 198.6 211.3 223.6 232.1 233.9 244.1 258.4 267.1 270.8 259.1 242.1 227 207.7 194.1 182.1 185.9 198.4 211.5 207.9 189 172.1 146.9 123 90.3 60.4 75.6 91.5
39.3 31.6 29.8 29.3 28.7 30.4 31.2 32.4 32.3 33.3 34.6 34.1 41.7 48.8 55 51.8 51.9 57.2 64.3 58.7 53.4 50 49.4 49.1 50 52.1 50.6 54.8 60.6 63.4 68.5 72.8 73.3 61.1 49.4 45.9 43.6 43.6 41.7 40.2 40.5 43.7 47.5 51.6 57 68.2 79.7 106 142 164.9 181.3 191 198.3 210.3 223.2 235.8 239.8 244.4 261.3 260.3 271.3 265.3 252.3 236.6 223 200.1 188.5 189.3 191.2 198.5 206.5 202.7 187.4 163.6 133.6 111.7 87.5 81.2 63.8 81
33.6 30.4 29.6 29 28.8 31.5 31.2 31.4 32.3 33.8 37 39.8 48.5 49 54.6 52.9 53.7 58 56 54.6 51.3 50.1 49.6 49.2 55.1 52.4 53 59.1 64.4 69 76.4 80.5 67.8 54.9 47.2 43 43 43 41.9 41 42.1 45.9 50.7 57.6 62.9 81.4 103.5 131.5 161 182.7 199.6 207.2 209.7 221.6 234.9 245.1 246.1 259.6 259.9 267.3 273.1 256.3 243 230.9 214.4 194.8 192.1 193.3 194.8 199.2 199.2 194.5 172.6 141.2 111.8 99 105.1 96.8 89.9 86.8
33.7 30.9 30 29.1 29.2 31.5 32.4 31.5 32.1 35.4 38.5 42.9 46.9 50.6 53.4 53.5 53.6 57.9 56.4 54.5 55.6 50.2 49.4 48.3 53.5 53.1 56.6 61.2 69.6 73.4 75.9 73.4 59.8 50.1 43.8 42.8 42.7 42.8 44 44 45.8 50.1 57.1 65.4 80.9 100.9 130 157.1 181 200.6 213.6 216.2 217.9 230.6 238.8 244.6 249.5 261.3 261.3 266.3 258.2 242.9 232.6 220.5 203.6 195.6 197 194.3 193.8 193.4 192.8 183.1 163.3 131.4 139.8 132.6 123.7 114.8 109.5 105.6
32.2 30.5 29.3 28.8 29.6 31.2 31.8 31.3 32.8 37.1 41.3 47.6 51.6 54.2 57.2 55.4 55.5 55.6 55.1 55.2 58.7 50.4 49.3 49.6 52.9 55.1 59.1 64.4 69.7 71.3 73.4 68.1 54.4 47.4 43.3 43.1 43 43.2 44.5 46.1 49.3 55.6 65.8 80.7 99.3 127.3 159.1 185.6 202.6 223.1 225 225.9 227.1 233.3 237.2 242.8 251.5 260.4 258.2 258.2 244 232.7 222.9 210.6 201.7 202.6 200 190.4 186.1 184.6 178.7 165.9 149.3 144.4 158.3 151.4 142.2 131.7 123.6 115.8
31.7 29 29.9 29.2 30.1 31.2 30.3 29.9 35.5 38.8 45.9 52.2 56 57.7 58.8 56.7 54.9 55.3 55.2 54.8 50.2 49.7 49.3 50.8 54 59 64.3 69 70 71.2 70.1 62.6 49.1 45.4 44.1 44.1 44.4 44.2 45.7 48.7 54 60.6 75.1 99.3 124.3 156.7 182.8 203.4 221.2 231.3 228.6 230.5 241 237.3 239 244.1 257 255.2 248.4 247.3 232.1 222.9 215.5 208.6 207.7 211.8 201.3 184.3 178.4 174.7 155.8 148.5 154.6 168 171.7 166.7 159.7 149 138 123.7
31.2 29.1 29.4 29.1 30.5 31.2 29.9 34.9 37 41.8 50 56.9 59.7 60.4 59 57.7 56.5 55.9 54.4 51.3 50.9 49.8 49.7 52.1 58 63.5 70.4 69.6 69.9 71.2 69 53.5 46.1 45.2 45.6 45.7 46.1 46.7 50 54.9 61 72 88.5 122.2 150.3 177.6 195 217.1 231.1 235.9 235.7 251.6 252.3 244.6 240.1 243 252.6 249.2 239.4 234.3 224.5 214.2 208.9 207.3 218.6 217.4 199.2 184.8 173.7 163.6 151.9 164.7 177.4 187.6 189 182.3 174 160.5 143.7 133.3
30.3 28.9 29.5 29.4 31.4 31.6 29.9 36.1 38.6 44.3 53.5 60.3 60 59.5 58.3 57.2 54.1 55.3 51.7 50.7 50.9 50.9 51.3 56 62.1 68.1 70.8 70.4 68.1 65 57.1 47.3 44.8 46.5 47.5 46.9 48.1 50.6 56.6 61.6 72.4 88.2 111.9 142.2 176.6 196.5 208.9 227.1 235.6 241.9 245.8 253.7 262.3 251.6 242.7 241.3 243.6 240.4 229.9 227.5 219.5 207.1 207.2 218.2 221.2 212.4 198.1 184.1 173.9 158.2 163 180.4 196.3 205.7 208.1 203.8 190.8 171.1 157.3 148.3
29.1 29 29.5 29.1 31.2 30.8 29.9 37.3 40.5 46.5 56.1 59.5 59.7 56.3 56.6 56.5 53.4 53.1 51.7 51.1 51.4 51.5 52.9 57 65.2 70.1 72.5 71.2 65.4 55.8 48.9 44.1 44.7 46.7 48.9 48.2 52.1 57.6 62.9 74.3 88.8 112 142.5 167.9 197.5 214 221.6 234 238.5 246.6 249.2 251.5 261.4 248.5 243.4 229.6 230.7 226.5 220.7 220.5 210.6 206.2 209.2 220.2 220.9 211 193.5 181.5 171.8 157.3 178.1 200.5 220.7 226.2 225.2 221.6 206.2 187.4 171.9 157.9
29 29.4 29.8 28.8 31.2 31.4 34.5 38.4 42.3 49.5 56.7 58 56.8 55.2 55.1 55.5 53.3 52 52.5 51.4 51.9 52.9 54.7 59.8 66 70.8 72.3 71.3 64.7 50 46.3 45.5 45 46.4 48.3 52.2 58.5 64.5 75.3 90 107.4 141.1 167.4 196.8 217.2 226.1 226.4 240.7 245.2 248.9 250 252.5 248.1 241.6 238.1 223.2 228.7 217 217.6 215 203.2 206.1 216.5 220.5 218.2 200.8 187 176.3 159.5 172.4 198.9 218 233.3 234.5 240.3 245.3 225 201.9 184.4 173.1
29.4 29.6 29.7 29.6 31.2 31.6 34.9 41 43.1 50.3 57.4 59.7 56.2 55.2 54.4 54.4 53.2 52 51.6 51.7 54 55.7 55.9 60.7 67.7 70.6 70.5 69.7 57.5 47.2 46.5 47.2 48.5 48.5 51.3 56.8 66.2 75.7 91.9 110.6 143 169.3 190.2 218.1 229.3 228.3 232.8 246.5 252.2 256.6 251.1 253.2 245.3 232.4 227.5 220.3 227.2 209.3 209.7 206.3 202.4 211.9 225.9 221.6 212.4 189.3 179.6 165.3 165.6 189.2 213.8 227.8 237.6 245.3 254 253.5 226.4 210.7 195.1 183.6
29.6 29.7 28.9 30.9 31.5 31.6 35.2 40 46.7 55.9 61.3 61 56 55.1 54.4 53.7 52.9 52 51.9 52.3 54.7 55.9 56.9 59.7 65.8 67.2 65.3 57.4 50.3 46.6 46.6 47.4 48.6 50.1 55.1 64 73.2 90.2 113.4 143.7 170.1 191.4 214.2 231.8 239.5 245.1 249.2 255.5 263.8 263.8 255.7 243.3 237 223.4 223 216.9 214.7 206.3 204.6 202 202.6 214.1 221.6 206.5 188.6 178.4 166.5 173.5 186 204.3 226.6 237.8 249 257.1 269.7 254.7 231.7 225.2 210.8 193.7
29.6 29.5 29.6 31.2 31.4 32.6 35.9 40.6 48.2 61 61.3 60.1 55.7 55.1 54.5 53.7 52.5 51.6 52.1 53.1 54 56.5 58 60.3 61.9 62.7 60.7 52.9 50.5 46.4 48.4 48.9 49.3 55.1 62.2 71.5 85.9 111.6 142.1 170.4 194.2 215.4 232.5 243.1 252 259.6 259.6 268.6 271.5 268.2 254.8 242.7 226 212.5 214.1 211.6 207.9 200.5 204.9 199.4 203.4 212.5 205.7 187.1 172.7 166.1 179.8 193.6 207.4 224.9 238 248.9 262.5 274.7 277.7 256.8 245.8 236.4 216.5 197.4
29.5 29.2 30.4 31.2 31.3 34.6 38.1 40.8 48.3 61.6 61.3 58.1 56 55.4 54.8 53.6 52.4 51.3 52.3 53.8 55.8 56.7 59 61 61.1 58.8 54.4 50.1 49.4 49.2 49.6 50 54 60 71 83.6 109.5 137.6 168.9 195.4 211.9 236.8 245.8 254 267.1 268.1 267.7 267.1 271.2 271.4 257.6 237.1 220.4 198.9 201 204.6 197.4 189.6 190.4 197.3 206.4 203.9 183.1 176 169.4 187.6 203.8 217.5 228.8 244.8 250.3 261.4 275.1 284.9 286.2 295.3 283.4 243.6 216.8 194.4
29.4 29.1 31.2 31.4 32.5 35.9 38.8 41 47.4 56.8 56.4 56.8 56.4 55.6 54.7 53.5 52.3 51.4 52.8 58.7 58.2 58.2 58 60.5 59.9 55 52.6 50.4 50.3 50.9 51.1 52.8 58.1 67.7 80.6 104.7 132.6 161.5 189.9 211.8 235.8 250.4 261.1 267.2 279.1 274.7 269.4 269.2 269.6 265.2 249.7 232.5 211.9 194.9 190.7 195.4 182.6 181.2 190.8 195.5 193.4 179.1 171.4 177.5 190 212.8 224 232.2 244.7 258 267.1 275.3 290.9 291.9 300.8 303 284.1 244.1 217.2 195.2
29.4 29.6 31.2 32 33.8 36.7 38.9 41.1 49.2 55.6 57.1 58.3 56.5 55.7 54.5 53.2 51.9 51.7 52.6 60.2 57.2 55.3 56.6 60.3 57.6 54.6 51.7 51 51.2 51.9 52.7 55.7 62 75.1 99.6 126.6 158.1 185.8 214.3 229.2 250.7 265.7 271.7 281.2 281.1 278.3 270.5 273.7 263.9 261.6 254.3 230.6 211.3 196.5 184.4 188 181.6 180.8 185.7 180.7 177.1 178.6 186.5 202.2 214.4 229.4 238.8 246.5 255.2 269.7 277.7 284.5 295.6 301.7 300.8 291.2 273.5 249.2 222.7 203
29.9 30.1 31.2 32.4 34.8 36.9 39.1 41.3 52.7 56.7 57.9 59.4 58 56.5 55.1 53.8 52.3 52.4 52.8 53.8 54.7 55.6 56 59.6 58.4 56.1 53 52.3 53.3 54.2 57 61.2 73.4 92.5 120 153.4 182.6 207.7 232.6 244.9 265.5 278.1 278.3 283.7 282.7 279.3 279.9 272.3 263.7 263.6 249 226.2 215.5 196.3 186 181.6 181.4 179.7 180.7 182.1 187.2 193 199.3 218.9 232.6 238.9 249.8 259 268.5 274.7 284.7 289.8 303.1 314 319.3 313.9 304.6 286.8 262 217.5
30.5 30.8 31.2 33 35.1 36.8 39.2 42.4 54.6 57.3 59.4 60.2 59.7 58.9 56.4 55.2 54 53.9 52.8 53.5 54.1 54.7 55.8 57.7 54.3 53.8 52.9 54 55.2 56.2 60.7 66.2 83.5 113 141.7 180.1 200.5 225.6 246.4 263.4 279.1 287.4 280.9 285.8 290.1 291 280.8 272 263.3 259.6 248.3 226.4 209.4 195 186.4 181.3 181.5 183.4 191.1 196.7 208.8 211.5 214.7 233 243.6 249.4 258.4 266.4 272.9 281.9 292.8 302.6 313.2 320.6 324.8 325.3 318.3 305.6 287.7 243.8
30.7 30.7 31.2 33.7 35.4 37.1 38.9 46.8 55.2 57.9 60.7 61.2 61.3 61.2 58.5 56.9 55.7 54.5 52.9 53.6 54.3 54.4 54.4 55.3 54.4 53.5 53.2 54.8 56.4 59.3 63.8 72.9 102.2 133.6 168.2 194.1 223.4 239.1 259.1 277.1 286.8 283.7 284.2 289.4 295.9 291.7 276.7 266.7 259.5 257 242.9 222.2 205.4 192.7 183.3 182.1 185.5 196.9 201 207.2 214.4 219.1 230.4 243.7 253.7 259 262.2 267.7 278.8 292 299.7 313.1 320.5 325.3 328.4 327.9 322.1 319.1 301.5 265.8
30.8 30.6 31.2 34.3 36.3 38 40.5 50.5 56.7 57.7 59.8 61 63.2 62.3 58.8 56.9 57.1 54.6 53.3 54.2 54.4 54.5 54.6 54.8 53.6 53 55.8 57.8 59.7 67.9 75.6 92.7 125.8 158.5 187 219.9 235.7 252 279 292.6 285.3 285.2 288.2 298.5 299.2 289.7 277.3 262.6 256.5 244.2 234.6 220.7 205.2 191.2 183.9 184.1 201.3 210.5 212.6 220.6 223.1 230 243.7 254 263.8 268 272.2 281.3 285.9 292.9 301.2 315 321.4 324.7 328.6 330.9 333.1 326.1 305.7 280.9
30.6 33.1 31.2 34.5 36.3 40.7 46.2 54.5 58.4 59.4 60.2 63.6 65.1 62.5 56.1 56.7 58.2 54.2 53.7 54.6 54.8 54.9 55 55.1 53.2 53.5 55.9 58.7 64.2 76.6 91.4 114.4 149 181.5 204.8 235.3 250.5 270.6 285.6 291.1 286.3 285.8 297.7 300.8 291.8 285.6 275.3 263.1 253.1 236 224.3 213.2 197.2 189.9 184.3 191.8 211 217.3 218.8 228.2 232.3 240.3 254.8 263.8 272.4 276.8 283.9 290.8 290.3 295 302.2 312.3 318.5 321.3 325 329.7 334.8 327.8 310.7 294.1
30.3 31.7 31.2 32.8 34.7 42.5 49.1 54.5 58.7 60 62.6 63.9 63.8 60.6 57.3 58.9 60.2 56.2 54.6 54.8 55 55.2 55.4 55.6 55.4 56.4 58.4 61.9 70 86.2 108.7 136.1 163.7 197.8 221.4 239.2 263.4 280 291.7 289.3 293 304.2 301.4 295.2 287.4 281.6 275.6 265.8 244.7 229 217.4 205.6 198.5 191.8 185.2 201.6 219.1 221.6 224.6 231.8 240.4 248.3 262.3 272.6 281.5 286.4 294.9 296.1 295.7 297.2 303.1 309.8 314.4 318.5 320.2 324.1 325.1 317.8 309.2 300.5
30.7 32.3 31.2 33.4 34.6 40.7 49.6 53.9 58 60.6 63.2 61.4 60.2 60.1 59.5 64.5 61 55.3 54.8 55.2 55.5 55.7 55.9 56.1 57.9 58.3 61.2 65.7 77.9 102.5 129 159.5 189 220.7 231.7 247.9 267.9 283.1 290.2 291.4 307 314.3 300.5 291.1 284.9 277 268.1 258.2 243.8 226.1 214.6 200.3 197.6 189.3 191.4 214.3 224 226.9 232.2 237.8 246.8 256 267.2 277.2 287.2 297.1 303.1 300.7 299.8 303.2 305 308.1 313.2 317.8 317.6 316.2 316.7 318.5 310.2 304
31.1 31.7 31.2 32.8 35.2 39.1 48.3 55.4 58.7 61.2 61.6 61.2 61 60.2 65.5 66.2 57.5 55.3 55.1 55.6 56 56.2 56.4 57.4 60 61.5 64.5 76.1 93.4 120.9 151.6 182.7 216.9 230.2 243.2 254.7 269.8 289.9 290.9 300.6 312.6 313.3 304.1 289.6 277.7 272.2 257.4 251.1 239.6 227.7 209.8 193.7 188 193.7 210.7 220.7 226.6 232.4 238.7 245.4 251.4 262.3 273.2 282.8 292.5 300.7 305.5 303.3 299.4 301.4 304 308 312.9 318 316.5 314.2 312.7 314.4 310.6 304.1
30.2 31.3 31.2 32.2 34.5 41.6 52.5 56.6 59.4 60.3 60.8 60.9 60.7 64.5 67.5 60.8 57 55.6 55.5 56 56.5 56.7 56.9 59.5 62.1 64.3 70.6 86.7 111.9 139.7 173.6 203 227.8 244.2 259.8 267.8 278.2 295.4 303 309.6 312.4 307.9 297.2 283.8 267.5 263 254.8 245.4 236.8 224.2 202.8 190.6 201 213.9 218.8 224.8 231.6 239.3 246.2 253.7 261.7 270.7 279.5 289 298.4 305.3 308.9 304.2 300.4 301.2 304.7 308.1 311.3 314.4 315.4 313.2 311 307.9 309.1 308.9
30.5 31.4 31.2 32 36.1 45.6 57.1 57.3 60.1 60.3 60.8 60.6 61.2 67.1 67.9 59.5 57.4 55.8 55.9 56.4 56.8 57.2 59 61.6 63.9 67.9 82.2 102 129.3 163.3 194.4 220.9 238.5 258.7 277.3 277.4 289.6 303.2 312.5 311.8 308.9 299.3 285.9 268.6 257.8 256.2 248 243.2 233.8 217.3 197.3 196.8 209.7 220.3 223.6 227.4 237 247.1 254.9 262.6 270.7 276.1 285.7 295 301.4 307.3 310.7 307.4 302.1 302.2 305.8 308.9 310.1 311.4 312.9 313.1 311 309 310.1 309.7
