webserver/python/data/NH31.asc
ncols 200
nrows 200
xllcorner 230000
yllcorner 810000
cellsize 50
[rows 0 to 34 of 200, columns 0 to 77 of 200]
586.9 577.8 574.9 569.2 564.7 559.7 555.3 552.4 556.2 558.7 559 556.2 550.7 545.5 543.3 542.5 541.8 542.8 542.2 539.8 535.8 535.2 534.3 532.4 532 535.8 538.1 537 534.6 532.1 529.3 528.6 527.4 522.2 514.6 505.3 498.9 497.4 497.1 496 493.6 491.6 490.1 489.7 489.5 489.2 488.1 488.4 489.8 491 491.9 490.5 487.8 485.1 482.2 479.1 475.3 470.9 465.5 462.4 460 457.9 460.1 460.9 458.6 457.9 457.9 457.9 457.9 457.9 457.9 457.9 458.5 459 457.9 460.8 462.5 468
600.5 594.5 585.7 577.7 573.5 568.8 564.3 563.3 565.2 566.1 563.4 557.6 555.1 551.3 550.9 549 548.3 548.4 546.1 540 537.3 536.2 535.2 536.3 540.3 544.2 542 538.6 535.2 531.3 528.5 526.3 520.1 512.8 503.2 502.9 504 504.3 502.4 498.5 495 492.2 490.8 489.5 488.2 488.2 488.6 489.9 491.2 492.4 492.8 489.9 487.1 484.4 481.4 478.4 475.3 471 467.4 463.9 459.3 457.9 458.1 459.1 457.9 457.9 457.9 457.9 457.9 457.9 457.9 457.9 457.9 458.3 457.9 460.8 463.9 468.9
610.6 603.9 595.4 590.6 585.7 580.2 576.4 574.2 574.2 570 562.6 559 556.8 556.9 555.7 553 550 547.2 543.1 539 537.9 538.5 538.8 544.8 548.7 547.4 541.4 537.3 533.2 527.9 525.5 521 511.2 506.1 508.5 509.4 510.6 507.8 503.3 498.6 494.6 490.8 489.1 488.6 489.4 489.9 490.6 491.4 492.6 493.5 492.7 489.5 486.4 483.7 480.6 477.6 474.7 472.6 468.6 461.7 458.1 457.9 457.9 457.9 457.9 457.9 457.9 457.9 457.9 457.9 457.9 457.9 457.9 457.9 458.4 461.9 464.5 469
615.2 609.9 610.3 606.4 599 593.6 590.5 590.7 583.9 575.8 566.7 559 557.4 556.7 555.8 554.6 550.8 544.8 540.7 538.8 538.2 539.2 546.1 550.6 549.7 543.7 537.2 532.1 528.1 524.8 520.8 512.2 514.1 515.4 515 514.2 512.7 508.4 503.4 498 493 490.4 490.3 490.7 491.7 492.1 492.4 493.1 494 493.5 492.6 489.8 486.2 482.9 479.9 478.2 477.4 473.8 467.3 462.1 457.9 457.9 457.9 457.9 457.9 457.9 457.9 457.9 457.9 457.9 457.9 457.9 457.9 457.9 459.5 462.2 464.7 468.8
623.1 626.5 628.9 621.7 611.9 604.9 597 594.6 589.3 581 569.3 560.1 558.1 557.5 557.6 555.6 549.8 544.1 540 537.8 537 537.9 544.2 548.1 544.2 536 530.3 528.2 524.8 522.1 515 519.4 519.5 519.1 518.9 517.8 513.8 508.9 503.6 497.2 491.3 491.4 493.5 494 494.1 494.2 494.2 494.7 494.9 494.8 492.5 490 487.5 484.6 480 481 479.7 474.8 466.8 460.7 458.2 457.9 457.9 457.9 457.9 457.9 457.9 457.9 457.9 457.9 457.9 457.9 457.9 457.9 463.4 463.3 466.1 469.2
654.6 650.9 641.8 634.5 626.8 618.4 609.3 596 589.6 584.2 576.3 569.3 564.7 562.9 562.5 555.5 548.8 544.9 540.6 536.5 535 533.9 534.7 533.3 530 529.3 527.6 525.2 520.6 523.9 523.2 523.4 523.5 524.3 523.8 519.8 514.7 510 503.3 493.4 491.4 494.1 495.7 497.4 497.5 497.2 497 496.5 496.1 495.3 493.5 492.2 490.1 487.2 483.2 484.9 480.8 474.4 466 460.1 458.5 457.9 457.9 457.9 457.9 457.9 457.9 457.9 457.9 457.9 457.9 457.9 457.9 458.5 462.6 464.1 466.1 468.6
654.9 654.6 650.2 642.3 638 625.4 611.6 599.2 590.2 583.2 580.7 575.7 574.3 568.7 560.2 552.2 549.2 545.5 541.7 537.7 532.5 530.8 531.2 531.3 531.4 528.8 527.2 525.5 528.5 527.7 528 528.5 529.2 529.7 526.5 521.6 515.7 509.3 500.8 491.9 493 496.1 497.7 499.4 499.7 499.5 498.8 498.5 498 496.8 495.7 494.3 491.1 488.1 489.2 485.8 480.1 473.6 468.1 463.6 459.2 457.9 457.9 457.9 457.9 457.9 457.9 457.9 457.9 457.9 457.9 457.9 457.9 457.9 456.8 462.6 465.2 467.5
653.9 653.3 654.9 652.1 642.1 630.8 615.6 601.4 591.4 584.1 581.3 582.6 578.3 564.4 556.3 553.8 551.1 548.5 544.7 539.5 534.9 532.8 535.4 536.5 535 529.9 526.1 532.3 534.7 533.7 534 534.1 534.8 531.6 528.2 522.7 516.2 508.4 497.9 491.7 494.4 497.5 499.7 500.3 500.9 500.7 500.4 500.3 500 499 498.2 494.7 491.5 493 494.1 486.5 479.4 473 467.6 463 459.3 457.9 457.9 457.9 457.9 457.9 457.9 457.9 457.9 457.9 457.9 460.1 460 458.9 451 460.8 464.2 466.3
657.5 651.4 648.8 645.5 638.3 629.5 616.5 601.4 592.5 585.9 586.3 584.8 573.4 559.5 559.4 557.5 555.2 552.5 549 546 543.5 541.6 541 537.5 531.8 533.7 535.7 539.5 540.1 540.7 541.1 540.5 538.3 533.6 529.5 524.1 515.7 505.8 495.7 491.9 495.7 498.5 500.1 500.9 501.6 501.6 501.6 501.3 500.7 499.9 497.6 494.2 493.1 498.1 492.6 485.5 478.8 473.3 468.6 466.1 461.4 457.9 457.9 457.9 457.9 457.9 457.9 457.9 457.9 461.3 463 461.9 460.5 458.8 454.2 460.7 463.5 465.2
658.4 657 657.5 648.9 637.1 625.5 611.9 601.7 595.1 590.8 581.4 569.8 564.1 564.6 564.9 563.1 560.9 558.3 555.2 551.4 550.8 548.1 547.7 537.2 541.7 541.8 542.4 543.9 544.2 547.6 549 547.4 542.3 536.1 530.5 522.3 513.7 503.3 495.2 494.3 497.1 498.9 499.8 500.2 500.7 498.3 498.3 499.4 499.9 499.4 497.3 495.7 495.4 496.6 489 483 478 473.9 471.8 468.6 462.3 457.9 457.9 457.9 457.9 457.9 457.9 457.9 463.3 465.7 464.8 461.8 459.8 456.6 451 459.8 463 464.8
660.9 660.8 657.3 646.4 638.1 622.9 611.7 602.6 594.6 582.1 572.4 568.9 576.1 574.6 572.1 568 565.1 562.1 556.2 559.6 559.4 557 543 544.2 546.3 546.5 547.4 548.9 552.8 555.6 556.6 553 546.8 538.1 529.1 520.8 511.9 503.1 496.7 498 498.9 500.4 500.7 500.9 501.2 498.3 498.3 498.3 499.9 500 498.6 496.2 493.8 489.3 483.1 478.8 478.6 478.1 473.9 469.9 464.2 457.9 457.9 457.9 457.9 457.9 457.9 462.8 466.5 467.5 465.6 462.4 459.1 454.9 445.4 460.7 462.3 463
644.7 646.6 643.8 632.7 618.4 608.3 603.7 592.3 583.7 579 582.4 588.1 581.3 577.4 574.3 568.5 563.2 564.6 567.4 561.5 561.1 551.9 546.6 549.3 550.5 551.5 552.7 557.3 565 564.6 561.2 556.2 548.4 538.4 528.1 519 510.1 501.8 500.6 502.1 502.6 501.7 501.2 501.1 500.3 501.2 501.3 501.3 500.6 500.1 498.3 494.6 490.8 483.8 479 481.1 483 481.1 476.2 471.1 465.4 460 459.8 461.4 460.5 461.4 463.7 466.3 468.7 467.2 465.1 463.1 460 456.6 449.2 450.2 459.3 460.1
630.2 633 628.3 615.6 604.1 594.7 586.1 584 585.1 592.9 595.8 587.6 579.4 574.5 569.7 567.4 572.2 570.4 562 559.7 554.9 550 551.9 553 554.2 556.3 560.7 565.8 571.2 570.4 564.4 556.4 548.7 538.6 528.1 517.7 509.1 506.6 506 505.7 503.1 501.8 500.6 500.6 501.7 501.9 501.6 501.6 501.2 499.9 497.3 492.6 487.5 483.6 484.8 485.3 485.4 482.5 477.5 472.6 467.1 465.7 463.8 466.5 467.3 469.7 470.2 470 469.4 468.2 466.4 464.4 462.1 459.3 454.6 449 450.5 455.3
607.6 609.6 606.3 599.6 592.7 588.9 588.8 588.7 593.1 593.8 585.5 575.9 575 573.1 573 572.5 571.4 564.9 560.8 558.3 555.6 555.1 552.6 555.2 558.4 561.1 565.3 570.2 571.6 571.1 563.1 554.8 546.5 537.5 527 518.1 512.9 511.6 510.1 507.7 503.5 501.9 501.1 502.1 502.9 502.4 502 501.9 501.1 500 495.7 489.6 487.4 485.5 485 485.7 485.2 482.1 477.8 473.5 472.3 470.6 469.9 472.7 475.5 477.6 476.8 475 472.5 469.8 467.8 465.9 463.3 457.6 452.6 447.4 441.3 450.1
601.3 598.3 597.2 594.7 589.8 589 590 588.6 580.2 572.8 574.3 575.7 571.7 570.6 573.7 572.6 569.4 566.3 563.1 559.3 556.8 555.9 556.1 559.1 562.8 565 568.7 571.2 569.2 565.3 559.2 551.3 543.6 535 527.3 520.5 517.7 516.5 513 508 503.8 503 503.9 505 504 503.2 502.5 502.1 501 499.9 495.6 493.2 488.6 486.3 485.5 484.7 484.6 481.6 476.8 475.9 475.9 473.7 477 480.4 483.3 484.1 483.3 481.7 478 472.8 469.5 466.9 460.3 455.2 451.3 447.5 440.3 446.2
592.9 593.3 592.5 588.5 585.9 586.4 583.1 574.8 570 572.8 570 564.7 564.4 566.7 568.9 570.3 568.4 564.7 561.7 558.5 558 559.1 562.4 566 568.1 572.4 573.3 572.7 569.2 563.1 557 548.3 540.9 535.1 530 523.9 521.6 520 515.9 510.4 508.6 508.4 508.6 508.7 505.6 503.3 502.8 504.9 503.8 500.4 500 496.4 492.1 486.6 485.7 484.7 483.7 481.6 477.2 479.4 479.6 478.3 486.9 490.9 493 494.6 494.1 489.6 483.9 478.1 473.6 464.4 457.7 452.9 450.6 446.8 443.4 436.9
587.7 588.8 585 582 578.2 574.8 568.6 565.2 565.2 565.8 561.9 562.3 562.1 563 565.5 567.2 566.2 562.5 557.8 557.8 558.5 563.4 572.2 577.3 584.9 585.1 581.6 576.6 570.9 562.9 556.3 548.8 543.2 538.4 533.4 529.3 527.1 524.1 520.4 516.4 516.6 517.1 517.6 516 508.4 507.6 507.8 511.9 509.6 505.7 503.6 500.3 495.6 490.7 486.4 484.9 483.7 481 478.6 482 484.5 488.2 495.1 499.6 501.5 504 500.2 494.8 487.9 481.8 472.2 461.4 455.2 450.7 448.8 445.9 442.7 442.7
580 577.7 576.2 573.8 571.5 569.5 565.9 562.5 563.4 563.1 560.7 560 559.8 558 561.1 562 560.9 558.1 557.8 558.7 563.9 571.7 578 586.1 594.2 594.5 589.2 583.6 576.3 567.8 559.9 554.2 548.3 543 538.6 537.9 534.9 531.3 526.9 527.2 527.2 528.8 527.1 523.6 518.8 519.2 521.2 521.3 517.2 513.1 508.3 505.2 500.2 494.7 487.8 485.4 484.8 486.5 486.4 489.5 493.5 499.8 504.6 505.4 508.1 510.6 505.9 498.1 488.6 479.3 469.1 459.8 452.6 449.3 447.3 443.4 445.3 443.9
571.4 567.8 566.2 566.2 569.1 569.3 567.8 566.4 567.3 567.5 563 559.2 557.8 557.8 557.8 557.8 557.8 557.8 557.8 562.9 570.5 575.9 582.1 589.2 595.5 596 593 586.4 581 574.1 567.2 561.5 555.5 549.3 545.4 544.7 543 538.6 535.2 539.4 541.8 545.1 537.5 532.5 532.6 534.4 533.1 529.3 525.6 522.5 517.7 512.7 507 499.7 493.8 491 492.4 494.8 497.9 500.4 504.2 509.2 510.3 511.6 516.1 516.6 508.8 500.5 488.7 477.3 468.1 459 454.2 450.3 447 448.3 448.3 444.6
566.2 566.2 566.2 566.2 570.4 570.3 576.4 581.7 582.6 571.2 562 559.3 557.8 557.8 557.8 557.8 559.3 559.9 564.4 569.1 573.7 579.5 584.2 590.1 594.3 593.3 588.8 586.9 585.2 582.1 576.2 569.4 563.5 556.9 553 552.7 550.8 547.5 546.3 553.6 558.6 549.1 543.2 550.6 556.4 551.4 547 542.9 538.4 533.9 528.2 522.4 515.7 508.8 502.8 500.9 501.9 503.5 506.7 512.9 515.2 517.4 516.1 523.5 528.5 518 509.9 503.5 486.8 475.4 466.8 460.7 456.9 453 449.8 450.1 449.3 442.6
566.2 566.2 566.2 570.9 573.3 586.1 595.3 590.6 580.7 567.2 567 562.7 557.6 557.8 559.9 563.4 567.5 567.1 568.9 573.1 577.3 582.4 586.2 590.8 594.1 591.6 594 595.3 594 590.1 583.6 577.1 571.2 566.7 565.2 560.9 558.3 556.6 563.8 573.6 562.6 550.4 562.6 571.3 572.1 568.9 563.8 558.8 553.6 547.3 540.1 533.3 524.9 518.5 513.8 511.6 510.5 510.7 515.5 522.2 525.7 525 530 538 527.4 517 510.9 491.3 480.9 474.2 467.9 464.1 459.6 455.8 453 451.4 448.9 440.9
568.1 568.3 573.8 577.8 596.1 602.7 597.6 588.8 573.5 572.9 573.1 562.2 558.3 561.3 564.4 569.5 570.9 570.9 573.8 578.1 582.5 585.9 587.6 590.1 595.6 602.3 607 609 604.1 600.5 586.8 580 579 576.3 573 569 565.8 566.6 575.4 569.5 559.1 574 586.8 587 584.1 583.1 579.1 575.4 568.8 559.8 551.5 543 535.9 529.3 527.2 524.5 520.1 524.4 527.6 531.2 531.5 532.8 540.6 538.1 525.5 511.3 501.1 489.9 482.7 477.6 471.5 468.1 463.7 457.5 453.2 449.8 444.9 440.9
573.2 572.6 577.4 605.9 611.5 604.3 592.2 578.6 574 579.4 569.6 564.1 562.2 564.2 566.4 568.3 570.2 573.8 580.1 584.7 588.9 595.3 600.8 601.6 605.4 611.3 616.9 620.4 612.2 598.8 585.8 583.3 586.7 583 579.2 574.4 571.6 571.5 570.6 562 580 595.4 598.2 594.4 593.9 592.2 591 590 582.1 571.4 560.3 552.1 546.3 543.2 538.9 535.6 537.7 541.4 541.7 538.5 534.8 535.2 540.6 531.4 518.8 505.6 496.8 488 484.5 480.7 476.3 470.5 465.6 458.1 451.2 449.8 445.7 442
574.9 577.6 587.1 602.4 601 588.9 580.8 573.5 575.7 572.1 565.5 570 567.1 565.1 566.4 567.5 569 572.8 583.9 594.5 601.8 610.8 622 616.8 611.9 623.9 634.1 627.4 611.5 598.6 593 594.7 590.3 587.8 584.2 577.9 572.7 568.4 569.2 587.7 592.9 596.2 596.4 600.2 598.8 604.2 605 600.7 587.3 573.4 566.5 559.4 559.9 553.6 545.5 545.6 551.6 554.6 551.8 545.6 541.8 544.5 533.2 521.6 510.7 503.5 495.4 491.2 489 484.7 477.9 471.5 465.3 459 453.4 450.4 447.6 443.3
577.6 578.9 584.5 589.3 585.9 577.8 571.4 570.8 567.4 570.1 580.7 576.8 572.8 567.9 567.4 566.4 572.5 586 593.2 599.9 610.3 622.5 628 629 635.3 636.6 635.6 625.1 605.8 598.3 601.3 598.1 593.1 581.7 577.8 572 571.5 576.3 582.3 588.9 591.2 594.5 600.2 603.7 606.1 606 604 598.1 586.8 573.7 567 566.6 568.5 559.6 553.5 557.6 568.1 565.2 556.9 548.6 551.6 543.3 531.6 518.6 511.1 505.1 498.7 496.3 493.2 485.8 478.3 471.7 466.4 460.8 459.3 452.7 448.1 444.6
581.7 585.5 591.9 590.7 579.7 571.6 568 566.7 577.2 591.6 589.6 581.9 576.1 571.9 569.5 588.1 598.9 607.9 607.8 614.1 621.3 626.8 629.9 639.7 645 645.8 636.8 617.7 603.3 602.9 602.2 592.6 578.2 571.4 570.6 574.7 578.6 578.8 589.4 588.5 591.8 597.5 600.3 603.7 605.7 607.9 605.1 598.6 589.4 578.2 571.9 570.7 568.2 562.5 559.9 570.5 569.3 564.2 556.7 547.2 544.6 538 528.5 523.5 514.3 506.9 501.5 499.2 494.2 486.3 478.3 470.7 465.3 461.9 459.5 454.6 448.9 446.1
590.5 593.2 589.5 581 573.1 569.1 566.5 576.8 591.7 596.2 594.3 587 579.1 580.9 594.4 610.1 616.6 619.1 623.1 632.2 643.2 656.3 653 649.3 640.6 634.5 619.7 599.5 597.2 593.8 589.2 575.4 571.3 570.2 576.5 581.1 581.6 586.6 584.2 585.9 598 594.9 597.3 600.6 602.6 605.8 606.9 600 590.1 581.2 574.1 569.6 568.9 567.5 567.7 569 570 558.4 550.6 541.1 536 531.9 532.5 523.4 513 508 503.8 499.4 493.1 485.6 476 469.8 464.8 462.5 460 455.9 451.6 448.1
595.5 593.6 588.3 579.6 571 574.3 577.3 589.5 601.1 603.7 596.2 591.3 597.8 605.5 615.6 622.8 627.3 634.5 644.4 655.4 666.2 673.3 665.2 655 641.1 624.1 606.9 594.4 591.1 588 580.9 572.4 566.5 569 575.6 579.5 583.7 579.5 579.1 587.2 585.3 587 590.4 592.3 594.8 599 599.5 595.5 588 581.3 573.1 568.7 569.2 571.7 569 565 558.4 549.1 539.6 535.2 535.9 541.6 535.5 521.2 512.7 508 503.8 499 491.1 480.3 471.8 467.6 464.3 462.8 460.7 457.5 453.6 450.7
592.7 592.9 587.2 580.2 580.2 586 593.9 603.8 608.6 603.7 606.2 615 622.3 626.6 629.9 632.7 644.8 653.8 665.7 672.3 674.5 673.3 662.7 648 631.1 612.6 602.1 589.1 586.2 583.9 573.2 565.8 561 563.1 565.2 566.6 568.9 570 575.9 571.9 569.6 576.9 581.6 582.6 585.5 588.5 587.6 583.8 578.7 574.6 568.8 563.9 563.1 562.9 556.7 548 543.4 536.9 531.9 530.7 530.2 532.3 525.8 516.7 509.2 503.4 497.8 491.9 485.2 474.5 469.5 466.1 462.8 460.4 460.1 458.2 455 452.8
588.8 587.6 586.4 588.6 596.2 603.2 609.5 618.2 622.3 624.8 630.2 636.4 643.6 637.6 639.9 648.1 654.6 667.9 672.8 664.8 651.7 643.4 630.2 618.3 614.4 605.5 598 588.2 579.5 573 569.1 559.9 555.5 554.8 555.5 555.5 559.6 563.7 562 557.3 560.5 570.1 570.4 571.1 573.9 575 573.6 569.7 566.5 564.1 558.7 554.5 554.5 547.6 546.8 541.5 535.4 531.2 527 525.4 523.6 519.4 514.1 513.1 507.4 496.7 489.5 484 477.2 471.2 466.6 462.5 460.1 459.4 459.1 457.4 454.5 452.1
584.3 585.8 596.9 609 615.8 620.7 636.7 641.5 643.1 644.4 643.3 652 649 644.9 655.6 664.3 664.8 666.8 663.5 646.8 630.8 624.4 619.4 616.1 611.3 598.7 592.4 587.6 573.1 563.1 559.3 556.4 549.1 546.6 545.1 545.3 547.6 550 547.5 546.2 551.1 556.3 558.5 560.6 560.9 561.7 558.4 555.7 553.2 550.2 541.6 535.8 540.1 549.4 543.9 534.3 528.2 524.8 521.2 517.7 513.9 509.8 507.5 506.1 500.8 492.1 485.5 479.8 472.5 466.7 462.1 458.5 455.5 455.6 455 453.3 450.9 449.6
588.7 600.5 617 625.5 630.1 639.6 646.9 649.8 651.6 653.7 655.6 655.1 651.8 656.5 666 667.9 663.9 664.5 648.8 634.5 628.1 622.9 617.3 613.1 601.7 594.9 592.6 585.2 568.9 554.8 546.9 544.8 542.1 539 536.9 536.4 538.3 537.2 534.2 532.7 536.9 545 551.1 551.3 550.4 547.2 543.2 538.4 535 530.9 528.3 529.5 532.5 535.4 531.6 524.9 520.5 517.5 513.9 510.3 505.9 501.6 499.2 496.8 494 488.4 484.3 478.1 470 461.4 456.5 453.8 451.2 450.9 449.6 445.8 444.4 445.7
600 615.5 625.7 632.5 636.8 648.6 651.4 653.9 656 657.1 658.1 658.6 660.5 664.5 667.1 659.1 656.8 647.9 636.1 629.2 621.3 613.8 609.3 603.5 599.1 595.8 588.5 579.4 564.1 550.5 540 534.7 534.6 531.6 527.8 527 527.6 526.6 523.1 521.6 524.5 530.4 536 536.8 535.5 531.8 527 525.2 523.2 522.7 522.7 521.7 521.6 522.3 520.1 516.9 512.7 509.7 506.5 503 498.6 493.8 491 490 487.7 485.7 483.2 476.2 466.8 457.3 452.4 449.4 447.9 447.1 446.6 443.2 442.2 444.1
611.2 620.6 629.7 635.6 642.5 650.3 653.8 655.5 661.4 658.4 658.3 657.8 659.5 659.2 651.6 653.2 645.3 635.9 628.6 616.8 608.5 606.3 598.8 597.3 595.8 596.9 585.8 573 558.1 545.7 535.4 528.9 526.3 522.3 518.2 515.5 515.7 516.1 513 512.3 513.4 516.7 520.2 520.6 520.5 517.5 515.9 516.2 514.7 515.4 515.4 513.9 512.4 511.7 509.4 507.5 504.5 501.1 498.7 496 492.3 486.2 484.8 485.1 484.9 483.9 481.4 473.8 463.9 453.4 448.7 447.3 443.7 440.4 442.6 441 440.4 442.2
622.9 626.5 638.4 644.5 644.8 650.2 655.9 664.2 664.3 661.1 655.4 651.9 647.3 643.1 644.4 643.7 630.7 627.6 617.6 604.1 596.8 592.4 594.8 593.2 591.4 590.4 579.7 567.1 554.4 540.4 531.5 524.4 514.8 511.8 505.5 500.9 501.4 501.3 501.6 501.7 502.5 505 506.5 506.6 506.8 507.5 507.5 508.1 508.4 509.3 506.4 504.2 502.8 501 498.8 497.8 495 492.9 491.5 489.9 487.1 482.2 481.8 480.3 479.8 478.4 476.1 469.7 459.9 449.1 445 443 439.7 439.6 439 438.8 438.4 441.4
