webserver/python/data/NH37.asc
ncols 200
nrows 200
xllcorner 230000
yllcorner 870000
cellsize 50
[rows 0 to 34 of 200, columns 0 to 77 of 200]
847.7 847.8 849.9 852.9 856.5 860.1 864.1 864.2 861.8 857.8 852.7 844.2 835.6 825.1 815.3 807.3 796.9 786.6 778.4 771.9 765.8 762.6 765.7 773.9 785.8 800.1 813 828.3 847 856.9 864.5 870.1 873.2 876.8 879.9 880.9 885.5 892.8 893.9 888.4 882.7 877.1 869.9 866.2 861.1 855.8 847.3 823.7 794.5 769.8 747.8 726.4 709.5 692.7 672.6 641.7 617 595.8 569.6 536 527.8 527.8 527.8 527.8 530.8 548.8 550 552.6 555.9 558.8 555 555.5 557.9 554.4 548.5 537.7 524.2 508.4
855.4 857.8 862.2 866.3 869.9 873.4 874.4 871.7 867.5 862.7 854.1 845 832.2 820.1 813.4 804.5 795.3 786.7 782.7 777.5 769.3 762.2 761 769.8 783.7 798 811.5 832.5 850.7 860.2 867.9 873.3 875.4 877.8 876.3 873.7 871.9 877.9 878.3 872.7 871.2 864.7 861.3 858.2 855.1 849.7 837.8 809.5 781.4 755.6 734 712.1 693.3 676.5 658 625.8 600 571.4 539 527.8 527.8 527.8 527.8 527.8 527.8 527.8 527.8 529.9 535.9 541.1 540.7 542.1 547.7 545.2 540.8 532.4 519 507.5
864.7 869.3 874.2 879.2 883.2 884.6 883 879.1 873.9 863.5 854.3 843.4 831 819.8 810.5 805.1 799.8 795.1 791.5 784.2 774 762.5 755.7 761.9 776.3 787.9 802 828 845.2 855.8 864.1 872.1 875.6 874.4 870.2 862.9 856.8 851 853.4 848.6 845.6 847.6 844.4 844.7 844.2 840.8 826.4 792.3 763 738 717.3 696.2 673.4 658.4 641.1 618.1 581.6 555.1 527.8 527.8 527.8 527.8 527.8 527.8 527.8 527.8 527.8 527.8 527.8 527.8 528.8 538.3 541.6 542 539 531.5 517.5 503.3
871.6 878.3 884.5 889.7 893.2 893.7 890.1 886.2 877.5 865.8 854.2 841.7 832.2 823.3 818.6 814.1 809.6 804.8 799.4 788.6 773.8 762.3 750.8 748.4 761.3 773.9 784.6 811.9 829.5 842.4 852.4 865.6 867.9 867.2 862.8 851.4 841.5 832.5 827.7 824.2 820.6 818.9 824.7 825.1 827.6 827.2 812.4 774.8 745 720.1 701.4 679.8 659.2 640.4 619.1 597.6 566.6 543.5 527.8 527.8 527.8 527.8 527.8 527.8 527.8 527.8 527.8 527.8 527.8 527.8 527.8 536.9 541.1 541.1 535.5 529.7 516.4 501.2
879.2 886 892.9 898.9 901.9 901.3 898.8 892 881.4 869.8 858.2 848.7 842.5 837.2 832.2 827.8 821.1 814 806.1 794.6 773.7 761.4 752 747.1 744.2 755.4 766.1 788.3 806.4 815.2 829.9 849.4 858 856 849.3 838.5 823.5 815.2 808.4 800.9 801.5 800.5 801 803 805.6 809.6 795.4 762.7 724.5 705.2 688.9 667 646.2 626 595.6 583.7 556.9 543.2 527.8 527.8 527.8 527.8 527.8 527.8 527.8 527.8 527.8 527.8 528.9 530.8 528.4 529.9 536.6 536 531.7 526.1 516.9 501.6
883.6 892.3 899.3 905.7 909 908.3 905.8 899.5 888.2 877.1 869.1 862.4 857.8 851.9 845.9 840.8 833.6 823.7 813.8 802.3 774.7 758 745.2 733 730 735.9 744 760.6 781.6 795.9 808.4 825.3 838.6 840 831 821.7 808.3 795.4 790.3 782.1 778.2 779.7 780.2 776.7 783.1 793 783.1 752.8 715.6 690.7 672.6 653.6 633.9 609.2 583.7 573.1 557 547.6 537.9 527.8 527.8 527.8 527.8 527.8 527.8 527.8 527.8 528.8 531.4 531.4 529.3 531.3 531.7 534 528.6 522.2 514.6 503.5
887.1 898.7 906.1 912.7 915.7 915.3 912.4 905.3 895.6 889.4 881.7 877.4 873.8 867.9 862 854.8 844.5 833.2 820.7 803.2 774.6 753.7 735.5 727 724.2 729 735.4 746.7 755.7 777.3 788.6 801.2 809.4 813.3 809.3 802.4 791.8 779.1 770.6 767.2 761.2 760.7 761.6 755.2 764.1 776.2 774.4 749.3 706.1 678.8 657.5 639.8 622.8 604.8 586.5 575 565.2 556.9 546.6 538.9 532.4 529.5 527.8 527.8 527.8 527.8 527.8 528.5 530.5 531.4 531 531.4 531.4 532.3 527.8 519.7 512 503.7
890 901.9 912.5 919.4 922.4 923.4 921.1 913 907.3 901 896 892.3 889.8 884 878.1 866.3 853.1 839.5 823.5 804.6 775.4 752.1 737.5 727.5 721.5 721.1 727.2 732.8 741.8 755.2 769 772.5 784.7 783.6 787.3 780 773.5 761.6 752.4 749.2 747.3 749.7 749 746.4 746.4 749.1 752.7 733.9 697.5 669.4 650.9 636.3 623.7 612.7 601.6 592 581.2 573.5 567.9 558.2 552.7 549.3 543.6 539 531.3 530.8 527.8 527.8 529.7 530.9 531.3 531 530.7 529.6 526.1 519 507.4 498.4
890.4 905 915.7 925.3 929.2 930.9 929 924.3 918.7 913.3 908.5 905.8 904.5 900.3 894.2 877.6 859.2 842.9 826.4 808.7 776.3 754.6 741.8 731.8 727.5 722.4 720.6 719.7 727.6 732.4 745.3 750.3 759.5 759.8 762.7 758.3 753.2 742.8 735.5 731.9 729.9 735.1 739.3 738.4 738.3 739 738.9 720.6 688.4 667.6 655.9 645 635 628.4 621.5 614.8 598.3 591.5 582.9 573.6 567.9 557.7 552.1 547 540 535.5 530.5 531 529.7 528.5 529.2 529 528.5 525.6 521.2 512.8 504.9 496.6
889 904.6 919.1 929.3 935.4 938.2 936.2 933.6 930.6 925.1 921.4 918.9 916.5 913.9 906.5 888.4 862.3 845.2 828.4 806.5 780.8 757.7 745 735.4 730.6 726.5 719.8 718.1 720.1 719.4 720.5 724 731.8 735.7 735.4 735.2 731.3 725.6 718.3 715.1 715.2 724.5 730.1 730.9 732.1 732.1 732.4 724.8 691.7 676.2 668.4 658.6 648.7 642.7 637.6 627 612.5 601.5 591.3 584.6 575.3 565 556.1 551.6 545.7 537.5 531.5 529.3 527.7 525.8 525.7 527.2 526.1 523.1 518.2 509.6 501.4 494.7
883.3 901.6 917.8 931.3 940.3 943.7 943.8 941.3 938.3 936.4 934.2 931 927.3 921.2 913.6 892.8 861 841 823.9 803.8 780.7 758.5 746.3 737.5 732.3 725.5 718 713.7 711.7 710.4 712.1 716.4 718.1 715.7 713.3 711.9 706 703.7 698.8 697.3 702.2 714.4 720.4 723.5 725.8 726.7 727.6 721.7 702.3 687.6 678.8 667.8 660.4 654 645 633.6 619.5 608.3 597.7 589.5 579.8 566.8 557.4 551 545.1 538.2 530.8 526.5 525 522.8 521.8 523.7 523.1 521.2 515.7 507.4 498.8 490
874.8 897.8 916.3 930.4 941.2 947.8 949.7 948.7 946.2 943.9 941 936.7 932.4 926.6 917.1 885.9 858.7 836.2 819.4 803.1 780.5 759.5 746.1 735.9 728.4 721.1 714 706.2 705.2 704.5 701.7 703.8 699.5 695.6 686.4 680.4 675.8 668.7 670.6 679.8 688.9 698.3 709 712.1 715 720.3 721.1 716.6 705.1 695.3 687.1 677.6 667.8 657.6 648.5 639.1 626.1 614.8 603.9 593.4 582.3 567.8 557.6 551.2 544.3 539 531.2 524.6 521.5 521 519.6 519.8 519.6 517.5 511.5 505.1 496.9 487.8
865.2 890.8 910.5 927.5 940.1 948 950.6 951.6 949 944.8 940.7 935.8 928.7 922.2 905.5 873.7 850.7 832.6 816.5 800.4 781.8 762.6 744.7 732.1 724.2 714.9 703.8 697 692.8 692.6 690.8 692.1 685.3 676.9 654.8 646.3 624.3 629.5 645.7 654.9 674.9 680.2 690.3 693.7 698.1 702.8 709 708.3 701.6 696.3 690.8 682.8 672 662.7 652.9 641.4 629.5 617.9 605.9 594.1 584.9 568.3 556.4 548.2 538.3 530.9 525.2 519.4 516.1 513.3 511.2 513.5 514.2 512.8 508.4 502 494.5 485.4
860.7 883.8 903.9 922.9 936.4 944 948.4 947.9 945.8 940.8 934.5 927.9 921.1 912.1 889.8 853.4 837.8 821.2 812.7 795.6 774.8 758 742.1 726.7 714.2 705.4 693.2 685.2 678.5 674.3 669.7 670.6 662.2 645.5 606.5 598.5 594.9 601.1 620.1 643.1 653.4 658.2 662.5 671.7 677.6 682.3 687.6 689.2 691.8 687.8 684.1 679.5 670 664.8 653.2 641.8 630.1 616.8 602.2 589.3 577.3 561.3 547.3 539.6 531.8 522.8 516.8 511.2 508.3 505.9 507.7 508.5 509.2 507.4 504.4 499.5 491.3 482.3
855.2 879.8 900.4 917.5 931.2 937.9 941.1 940.9 938.3 932.1 917.1 902.3 893.5 886.3 869.4 838.6 816.4 803.7 794.9 780.8 766.4 748.9 732.1 715.9 702.9 691.1 677.3 668.4 658.8 655.5 644.5 633.6 635 598.6 575.9 574.5 575.6 580.8 591.4 608.3 618.1 631.1 638.3 644 654 657.1 660.3 664.6 666.5 665.5 666.7 666.2 665.2 660.7 652.3 641.8 628.2 610.4 598.9 584.2 565.3 548.4 531 522.3 519.5 512.8 507.7 502.8 500.1 499.9 500.1 502.2 504.8 502.7 500.1 495.6 487.3 479.2
852.7 880.2 899 912.4 924 930.6 932.1 931.2 927.1 909.3 892.1 874.6 864 856.7 856 835.1 804.5 786.5 773.7 763.3 752.1 732.6 719.7 703.1 691.1 678.4 663.4 650.1 637.2 630.8 624.5 610 605.6 579.5 569.7 570 559.6 563.1 569.6 580.1 585.7 597.8 610.1 617.2 620.8 622.8 631.4 632.9 642.3 637.5 644.2 653 652.6 650 646 638.6 624.8 600.7 582.8 569.3 545.5 527.1 519.1 509 507.2 497.6 499.5 499.4 492.9 490.1 494.1 498.2 500.4 499 494.2 489 483.3 475.4
852.9 880.6 899 910.6 917.2 922.7 923.5 919 912.1 892.2 867.1 855.3 842.5 832.6 826 817.8 797.5 772.9 757.1 745.3 737.7 723.3 710.9 695.8 680.9 667.6 653.2 640.6 628 619 608.4 595.1 586.8 579.1 568 563.4 557.4 553 553.9 558.3 561.7 567 575.8 579.2 584.1 590.3 601.3 597.1 599.8 604.1 616.8 625.9 628.2 632.5 631 612.6 595.5 583.5 565.1 543.2 530.2 520 510.4 503.5 497.9 493 493.6 491.6 488.7 485.9 489.5 495.2 498.4 493.8 487.9 484.1 478.4 470.9
871 888.6 900.6 908.4 912.7 915.4 912.8 907.4 891.2 872.4 853.8 837 821.6 810.3 798.6 787.6 780.2 752.5 743.9 733.1 727.2 719.8 709.3 697.8 680.4 665.8 652.3 638.8 626.9 619.5 607.5 590.8 581.3 575 567.8 560.4 558.1 551.6 549.1 548.2 548.3 547.3 552.1 557.2 563 567.1 572.5 576.5 567.1 573.8 576.2 586.4 596.1 603.8 601.6 585.7 566.9 554.7 543.5 535.6 523 512.5 507.1 500.5 495.3 491.7 490.4 489.9 485.8 481.6 484.5 490.9 493.2 489.4 482.9 478.3 473 466.2
885.1 896.8 902.3 909.8 908.9 906.7 902.5 896.7 873.3 853.5 834.1 821.7 806 789.3 778.6 766.9 750.1 735.7 729.3 726 722.3 718.5 712.3 703.1 686.1 665.9 656.8 645.1 631.8 620.9 616 600.2 588.9 582.1 572.7 565.8 560.2 555.5 551 549.5 546.7 540.8 540.2 541.3 541.2 541.5 547.9 548.4 546.7 550.5 553.3 555.8 564 567.4 568.5 559.2 545.5 534.8 523 514.5 508.8 503.7 498.9 496.6 491.9 489.5 489 485 480.9 479.1 481 486.7 490.7 482 481.3 474.4 465.8 460.8
897.4 903.3 907.7 909.7 907.8 899.4 887.9 876.3 857.3 838.6 821.5 803.1 786.4 772.2 762 755.2 744.9 734.6 728.6 725.1 721.9 719.3 714.7 706.9 695.8 679.6 664.4 652.8 641 630.8 622.8 612.6 602.5 592 583.3 574.7 566.6 561.5 557.6 551 547.7 542.7 539.2 539 539.3 538 538.9 537.8 533.8 533.6 537.5 542 543.7 546.7 551.2 546.6 532 526.8 520.4 514.1 508.9 501.7 498.3 494.7 490.5 488.3 482.4 481.1 477.2 475.4 473.2 477.4 478.7 472 470 466.9 460.4 451.3
904.1 909.4 912.8 910.5 905.8 895.9 871.7 858.9 843.1 824.9 805.6 792.9 776.6 762.9 754.5 750.9 745.1 736.3 730.6 726.9 723.9 721.6 721.9 714.6 703.7 689.1 671.9 662 651.1 642.5 634.7 626.1 617 609 595.4 585.1 577.5 574 567 559.2 554.9 553 551.7 549 546.2 542.5 542 540.5 531.3 530.3 529 529 532.6 536.3 539.7 537.1 529.6 521.8 516 510 506.5 500.3 497.3 493.6 488 481.2 478.5 476 473.1 472.4 469.3 472.5 472.8 466 457.9 454.6 452.5 445.6
908.6 912.5 913.6 908.1 902.6 891.9 864.8 845.6 831.3 817.4 801.5 785.3 770.7 755.9 749.5 749 742.7 736.5 733.4 728.8 726.1 725.2 724.7 721.3 715.7 702.4 685.9 672.6 663.2 654.5 646.8 639.9 632.3 623.6 612.5 597.8 587.9 583.2 574.3 571.6 566 561.1 565.1 564 561.3 556.9 552.5 547.3 539 536.9 533.9 531.6 530.1 530.1 526.1 526.1 523.9 517.9 511.8 506.6 502.4 499.9 498.1 491.7 485.4 479.9 476.6 473 470.3 469.6 467.4 462.5 468.5 462.4 455.2 449.5 443 436.5
905.3 907.1 907.1 903.8 897.8 889.3 860.3 839.7 824 811.4 796.8 780.9 766.7 758.7 750.5 748 742.4 740.8 738.1 736.6 732.7 729.5 728.9 729.1 724.3 716.6 700.8 684.6 674.1 668.3 662.4 654.9 650.5 641.2 630.7 617.9 603.9 596.5 589.2 586 576.5 572.7 574.1 574 571.9 566.8 559 552.8 547 544.1 541 537.6 534.3 530.9 525 519.3 514.3 512 507.6 503.2 498.7 499.4 493.3 488.6 484.1 478.5 474.9 470.9 469.8 462.7 460 458.7 459.8 460.3 453.9 443.5 435.8 429.8
896.2 897.7 896 893.8 890.2 882.9 866.7 837.5 820.4 808.3 798.4 785.2 777.2 768.8 761.1 756.1 751.8 751.6 751.1 748.1 742.9 740 738.3 737.8 732.6 724.4 716.2 706.1 693.4 685.6 679.9 676.1 670 661 652.5 641 626.4 612.4 604.7 596.8 585 580 580.9 581.1 578.3 575.1 568.3 564.4 556.8 550.7 548 544.4 539.4 533.8 527.5 520.8 512.1 504.9 500.7 497.5 493.1 491.8 488.1 484.6 481.4 477.2 473.7 470.5 464.9 458.9 455.7 450.7 449.9 452 450.4 436.1 427.9 421.9
884.4 884.9 884.5 882.4 880.3 876 868.9 849.7 833.1 815 804.1 797.5 789.8 782.9 777.4 774.8 770.8 767.4 764.2 760.5 754.6 750.3 747.9 746.5 740.7 735 727.7 719 709.6 702.7 697.4 694.2 690.3 680.2 674.4 665.2 653.4 630.7 618.4 609.3 595.8 590.1 588.9 588.1 585.9 581.5 578.2 575.4 569.1 563.2 558.9 553.4 548 542.2 535.6 529.5 520.8 514.3 504.4 499 490.7 486.4 481.6 480.1 477.4 475.4 471.4 466.8 460.3 456.5 452 447.8 445 442.8 434.1 425.2 420.6 415.8
870.4 868.3 867.9 867.8 868.5 868.3 866 857.6 847.3 829.9 818.7 810.9 806.8 804.6 799.1 792.7 790.7 785.3 778.9 772.9 764.2 756.4 753.6 751.6 753 747.3 739.1 731.7 723.5 715.8 712.5 707.2 702.3 696.2 692.8 679.3 665.3 648.5 635 622.9 608.6 600.9 598.1 596.1 593.2 590.8 588.5 586.1 580.9 575.2 573 566.1 560.5 554.7 548.6 542 533.6 523.4 515.4 506.3 496.9 488.7 481.6 477.9 470.9 468.6 463.9 456.5 452.7 453.1 450 441.6 432.9 429.7 425.6 419.2 412.8 406
854.8 852.4 853.3 854.8 856.9 858.6 859.9 855.9 853.7 848.1 837.5 832.6 829.2 827.3 825.7 821.2 817.7 809.7 801.4 790.5 778.4 769 767.2 761.8 763.5 755.9 750.3 745.2 738.9 731.4 726.9 723 716.5 711.9 707.6 691.8 683.1 668.4 653.3 639.5 625.1 613.8 609.3 604.5 600.7 598.6 596.9 595.5 592.1 587.7 582.4 577.3 572 567.2 560.4 553.9 547 538.3 527.6 516.4 507 495.4 491.3 485.8 478.2 461.7 451 451.7 440.9 433 435.7 433 429.8 425.2 419.9 415.3 404 396.4
842.5 840.5 841.7 843.2 847.1 851 854.7 853.9 855 854.5 849.9 849.6 848.2 847.3 846.8 848.2 846.2 842.1 831.8 816.4 799 791.1 784.7 777.1 775.8 769.8 763.3 757.7 752.2 749.3 742.1 736.5 730.9 728.1 724.1 711.6 701.6 686.5 673.4 656.5 641.2 630 621 613 609.2 605.4 604.4 603.8 601.3 596.3 591.5 587.3 582.1 576.4 570.4 564.3 558.1 551.7 543.5 533.5 518.1 508.1 497.7 492.2 486.3 478.6 472.5 463.5 452.1 437.9 419.2 419.8 417.6 414.8 413.4 407.8 395.7 391
834 830 831.7 833.9 837.2 842.3 848.6 852.3 853.4 854.4 855.5 854.4 856.5 857.9 859.7 861.5 863.9 862.8 858.9 843.8 824.8 812 803 794.2 789.3 783.6 776.8 769.5 764.8 759.3 752.6 747.3 742.1 737.7 733.7 725.1 714.2 701.9 694.3 680.9 659.7 645.3 633.1 622 616.5 612.1 612.3 611.2 609.2 604.5 600.9 596.7 590.6 584.7 578.9 573.4 567.3 560.5 552.3 544.9 533.5 525.5 514.9 503 495.4 489.3 481.8 473.4 463.3 450.2 437.4 421.8 414.1 402.6 396.2 393.1 390 378.3
827.4 822.2 822.2 824.8 827.1 833.2 841 848.5 849 851.1 854.4 857.7 860.5 862.4 865.8 870.6 875.6 876.3 872.7 863.6 854.3 837.9 821.3 809.3 802.9 797.4 788.5 780.5 775.2 767.8 762.4 760 758 749 742.6 735.2 725.8 715.2 707.2 697.7 675.8 662.5 649.7 642.3 630 619.1 620.4 619.1 617.2 613.2 609.7 606.1 599.3 593.2 587.2 580.9 574 567.6 560.8 553.1 546.3 537 528.6 520.7 511.3 502 493.8 486.6 476.4 466 453 441.5 426.2 414.1 401.4 394 400.1 387.1
821.2 817.6 816.3 816.2 818.5 824.4 832.2 839.7 845.9 849.3 852.3 854.4 857.3 861.3 866.8 872.7 879.8 884.1 881.8 874.9 867.2 856.2 842.7 829.3 816.5 809.8 804 791.3 785 776.6 771.3 768.6 764.2 758.9 751.7 744.6 735 723.8 712.9 704.7 691.8 677.9 666.7 659.5 647.7 635.7 631.7 626.4 623.8 621.3 617.2 612.5 608.9 602.7 594.4 586.8 579.7 573.1 566.1 558.8 552.2 546.3 540.1 532.7 525.2 517.1 510.2 501.7 492.8 483.5 471.7 458.1 443.1 429.2 415.5 403 399.1 390.3
819.4 815.4 813.2 811.8 811.9 815.9 822.9 829.8 836.5 842.9 846 848.9 852.4 857.3 862.7 867.6 873.2 878.4 880 878.4 872.1 865.3 857.2 846.6 834.2 825.1 821.4 809.2 798.3 788.9 779.7 774.2 769.4 764.2 760.5 752.4 739.9 727.1 715.4 707 697.9 686 676 670.1 662.1 651.2 642.9 635.3 626.3 624.5 622.1 619.2 616.1 611.3 603.5 594.1 585.3 578.1 571.1 564.5 557.6 553.3 548.6 542.4 534 526.9 519.1 512.8 504.5 495.6 485.5 472.3 459 443.7 431.9 417.3 400.9 390.1
819 814 810.6 808 806.5 808.5 814.1 820.6 827 833.2 837.7 839.9 842.9 847.7 854 859.6 864.8 869.2 872.3 872.9 870.7 867.1 861.2 854.7 847.2 841.4 833.8 824.5 808.7 796.3 785.4 776.8 771.4 766.1 761.1 752 741.6 728.7 716.9 709.1 701.4 690.9 677.4 670.8 665.2 655.1 645.2 631.2 624.6 624.6 624.4 624.3 621.8 617.7 612.7 603.7 593.9 584.8 577.2 571 566.5 562.2 556.8 548.9 540.6 533.4 524.7 517 509.3 499.8 491.4 480.7 469.2 454.1 440.7 425.9 408.2 394
821.1 815 809.1 804.1 800.7 800.9 805 811.2 817.6 823.3 826.7 829.5 833.3 838.4 844.7 850.8 855.3 859.1 861.9 862 862.8 864 860.4 856.9 853 848.9 844.5 834.6 815.9 801.5 787.4 775.8 767.6 760.2 753.4 746.6 737 724.7 712.4 703.7 695.6 684.8 668.8 663.3 660.7 652.2 636.5 624.5 624.6 624.6 624.4 624.1 623.9 622.2 618.7 612.1 602.2 593.4 586.2 579.4 573.6 567.4 560.9 553.5 546 537.1 528.3 520.2 512.5 503.8 494.3 484.4 473.6 459.3 445.2 429.8 412.7 397
825.1 818 811.1 804.9 798.7 792.9 796.6 801.4 807.4 813.1 815.4 818.7 822.4 827.6 834 840.4 845.2 849 850.4 852.6 853.9 855.1 858 857 856.9 853.7 847.8 839.2 821.8 804.7 787.3 774.1 764.8 755.5 746.1 737.2 726 714.5 702.3 689.7 681.3 671.2 659.4 654.7 648.9 641.1 626.5 620.6 621.8 623.2 623.3 623.2 623.1 622.4 621.5 616.7 610.6 602.2 595.2 586.3 576.7 569.9 562.7 554.6 547.1 540 531.9 523.4 515 505.2 495.9 484.9 473 460.6 447.4 432.7 415.8 398.6
