webserver/python/data/NH42.asc
ncols 200
nrows 200
xllcorner 240000
yllcorner 820000
cellsize 50
[rows 105 to 139 of 200, columns 78 to 155 of 200]
414.1 424.8 426.7 424.7 423.5 421.5 422.3 422.9 422.5 420.2 413.3 412.1 413.8 419.2 425.6 430.4 444.1 447.4 436 428.2 428.9 429.1 431.4 432.2 430.7 432.5 440.4 444.5 447 450.2 450.1 448.4 444.7 441.3 441.7 443.5 442.2 439.7 437 434.4 432.9 428.9 425.6 426.4 433.2 443.2 449 451.5 453 455.7 453.2 464.5 472.7 469.1 460.8 449.3 439.8 434.8 429.6 426.7 426.5 427 426.2 429 438.1 446.2 446.7 432 413.4 399 384.5 373.1 361.6 353.3 347.5 342.1 336.7 332.7
416.2 424.9 424.7 423.4 422.5 420.3 420.5 420.2 419.7 417.4 414.4 415 419.8 424.1 430.2 439.9 452.6 444.4 434.3 429.9 432.3 433.9 435.8 438.2 433.6 440.1 446.7 450.6 453.7 456.5 457.2 457.2 457.9 454.1 450.9 450.3 449.4 447.6 444.2 440.4 438.1 435.6 434.3 435.3 439.7 449.4 455 458.3 460.4 462.8 474.6 486 481 474.3 461.5 446.8 439.1 436.1 432.3 429.8 429.4 428.7 430.1 438.8 449.3 445.1 437.1 422.7 407.4 392.4 378.4 366.7 356 348.9 342.8 338.8 334.7 330.3
418.1 423.7 421 421.1 421.1 418 417.8 418.9 419 417.7 416.8 417.4 425.3 428.3 436.2 447.9 449.8 442.2 434.9 433.6 436.9 438.3 439.4 436 437.6 446.1 452.2 458.2 462.4 464.4 466.1 467.4 473.3 467 457.2 456.1 456.7 454.3 449.4 446 443.5 441.6 441.8 442.7 445.6 454.9 461.1 464.2 468.7 476.4 490.7 488.4 480.9 470.2 456.9 446.3 440.7 437.3 434.5 433 432.5 432.7 437.8 452.3 449.6 441.2 428.7 415.6 401 384.4 371.4 360.3 351.5 345.8 340.1 336.5 332.7 327.2
414.9 416.8 416 417.9 416.8 412.6 417.1 419 421.1 421.4 423.2 424.3 428.7 434.9 444.6 453.9 449.9 440.9 437.8 436.7 439.5 441.9 444 440.4 446 453.4 460.9 467.7 469.8 469.7 473 483.9 485.8 475.7 461.8 462.8 463.6 460 455.9 451.8 449.4 448.2 448.8 450.1 452.6 459.7 466.4 471.1 477.5 495.8 496.2 486.5 474.2 463.9 455.8 447.9 441.7 438.2 436.7 436.4 436.4 440 448.7 451.7 444.4 430 421.4 410.1 391.4 376.5 363.8 353.6 347.3 341.5 337.3 336 331 326.4
410.6 411.8 411.1 411.6 412.5 411.9 415.7 419.7 420.6 424.4 426.6 427.4 434.1 444.1 457.9 460.1 450.7 442.2 441 441.5 443.5 445.4 447.3 449.1 455.3 462.3 469.8 475.3 474.1 477 485.6 494 492.3 482.6 473.6 469.6 469.3 466.1 463.9 461 457.1 455.3 454.5 452.8 457.1 465.5 471.9 481.9 498.8 503.5 494.4 479.6 468.9 462.2 455 448.4 441.7 440.1 440.2 440.1 440.9 443.1 456.3 448.4 437 425.1 414.8 399.3 382.7 367.5 356.5 348.1 341.5 336.9 335.5 332.5 328.4 329.8
407.9 408.1 408.1 408.7 410 412.2 418.2 419.2 418.7 424.8 433.1 430.3 438.5 450.7 462.7 459.9 449.2 443.4 443.8 444.7 447.2 449.1 452.8 456.1 463.2 470.9 477.5 479.2 480.2 487.6 497.6 503.9 500.4 491.7 482.1 474.6 474.8 472.8 471 469.4 466.2 463.8 457.3 457.7 465.8 473.1 481.8 498.4 510.9 502.2 487.7 475.1 466.5 460.1 453 446.2 441.8 443.6 445 443.4 442.2 450.1 452.2 442.8 431 421 405.7 390.2 375.8 363.2 352.3 343.4 336.7 333.8 332.8 329.6 327.5 331.4
406.9 406.7 407.1 407.9 410.1 415.7 419.2 418.1 417.2 423.9 428.4 431.6 441.5 454.7 469.3 461.3 445.9 445.2 446.8 448.1 450.7 454.8 458.5 464.1 466.9 476.3 483.3 486.7 493.4 502.5 511.6 513.7 507.7 499.9 494.5 485.5 482.1 480.3 478.6 480.6 480.9 479.9 481.6 477.9 477.5 481.5 492.4 508 505.9 495.9 482.5 471.2 463.6 458 451.1 444.6 445.7 447 445.4 442.2 441.2 453 446.1 436 425.1 412.5 396.2 382.6 370.8 359.7 346.7 338.4 331.8 331.4 329.7 327.9 327.3 330.8
411.4 406.9 406.6 407 408.6 412 417.6 416 415.8 421.2 426.2 432.5 442.1 456.2 466.8 455.4 444.8 445.9 448.4 450.9 455.1 461.8 465.7 472 479.6 485.7 488.5 500.6 511.6 520 523.8 521.1 514.7 510.3 507.1 500.6 495.4 498.8 497.4 497.8 499.5 502.7 502.6 496.2 494.3 496.7 501.1 502.2 496.5 489.6 480.8 464.6 461.1 455.9 448.7 447.7 448.6 445.5 442.1 440.7 440.4 445.2 435.6 427.1 415.5 401.1 389.6 378.8 367.3 354.9 341.9 330.9 329.6 328.9 328 327.7 328.4 329.7
416.8 409.5 409 408.1 408.9 410 412.7 413.4 414 418.4 425.3 431.2 438.8 449.4 450.8 445.1 444.1 447.5 450.3 452.6 459 466.6 471.1 479.9 487.5 494 503.3 515.4 525.1 531.3 529.8 525.8 521.3 522.4 524.2 510.8 514.1 518 517 514.4 512.8 526.5 525.8 520.7 522.6 514.3 500.6 494.3 486.7 484.3 475.5 463.1 456.9 451.8 448.2 448.1 445.1 440.8 438.7 438.3 438.4 432.9 426 418.4 405.2 393.1 384.8 375.4 361.6 348.9 337.3 329.2 328.1 327.5 327.7 328.1 328.6 329.9
419.8 413.4 411.2 410.8 411.2 414.9 417.9 411.9 411.8 415.4 423.4 428.7 434 442.7 445.2 441.5 444.7 449.1 451.9 455.9 464 470.1 478.9 485.6 492.7 502.4 514 523.1 529.8 532.7 533 531.1 530.5 538.6 527.6 522.8 528 531.3 529.7 522.6 526.4 535.6 534.9 534.6 519.9 505.5 493.1 484.5 478.4 476.5 465.9 457.7 449.8 446 445.1 443.4 439.9 438.1 437 436.1 432.5 425.5 418.5 407.1 395.5 388 380.4 369.7 355.6 343 332.5 328 327.4 327.8 327.9 328.2 329.2 331
430.4 421.6 416.8 415.6 417.3 418.2 420.9 415.1 413.4 414.6 421.8 426.2 432.3 437.1 440.1 441.6 444.7 449.4 453.9 460.7 468.4 473.9 484.6 490.9 497.2 507.1 516.7 524.8 528.6 533.8 536.4 535.2 540.8 539.9 533.5 533.4 534.5 537.5 535.2 532 534.5 534.1 532 523.1 510 497.9 485.1 477.9 476.9 472.8 464.5 452.2 447.1 444.2 442.4 440.5 439.2 438.6 437.1 434.3 427.5 417.3 408.4 396.9 387.7 380 373.5 359.8 348.1 338.7 328.7 328.3 327.7 328 328.2 328.6 332.8 334.7
441.6 429.5 427.1 427.4 426 420.4 422.2 415.4 414.1 417 423.3 429.6 435.8 440.2 441.5 442.9 444.9 450.4 457.2 461.6 467.5 476.2 486.8 493.2 500.2 509.3 517.8 525.4 529.4 536.8 543.8 538.4 540.4 540.9 540.6 538.9 538.5 540 538.9 537.8 535.1 523.9 518.1 513.5 504.6 496.2 485 483.4 484.7 473.3 459.9 450.7 447 443.8 441.4 440.1 439.6 438.9 436.8 431.9 421.5 409.2 394.2 389.7 382.7 374.3 363.6 350.7 342.4 333.7 328.1 328.8 328.7 328.2 328.5 332.6 337 337.2
450.3 434.9 439.1 440.9 437.4 429.9 423.8 418 415.6 416.8 424 430.9 437.4 441.1 443 444.5 445.2 452.9 460 464.9 471.3 481.7 488.6 496 503.3 510.6 519.5 526.6 531.8 544.3 548.1 544.4 542.4 546.8 551.1 543.7 541.9 546.6 543.7 543.9 535.5 524.6 518.5 511.5 504 491.9 489 492.2 482.5 469.4 456.1 449.8 446.2 442.5 441.2 440.2 439.4 437.8 434.7 424.6 412 398.6 391.1 387.2 380.1 366.8 351.7 344.5 336.6 330.2 329.7 330.2 330.2 329.7 333.6 338 338.5 338.3
459.8 446.7 455.4 461.3 448.2 439.4 432 424.8 418.7 417.4 426 433.2 438.3 441.3 444.3 445.5 448.6 456.8 462 466.3 475.5 484.9 489.3 496 502.3 509.9 519.4 526.1 532.9 542 547.4 544.3 550.3 558.5 558.8 555.7 562.4 562.1 562.5 556.2 546.5 534 521.5 511.1 499.1 491.2 490.9 485.9 474.3 462 453.8 448.1 444 440.1 439 438.1 437 435.1 427.6 417.5 407.5 398.4 391.2 385.6 374.4 359.9 349.2 338.7 334.3 332.2 331.5 331.2 330.9 333.1 338.7 340.3 339.9 339.6
466.2 463.9 475.6 478.3 457.7 449.4 440.7 432 419.8 419.5 427.5 433.1 439.5 442.6 445.8 447.1 452.5 459.7 462 467.8 478 484 486.5 492 500.2 510.6 517.7 524.7 532.2 537.7 542.3 545.5 552.7 559.7 559.2 563.6 571.5 571.5 568.4 557.7 547.3 536.2 523.1 508.4 495.1 487 483.8 475.3 464.5 457 451.1 445.5 440.5 437.9 436.8 435.7 434.7 430.4 423.1 415.2 406.2 397.2 390 380.4 366.4 354.5 346.4 337.1 334.5 333.9 332.5 331.6 332.7 338.4 342.1 342 341.4 343
470 474.7 485.7 482.8 471.4 457.7 445.8 435.7 422.6 420.3 426 434.9 440.5 443.8 447.1 448.7 454.3 459.3 462.6 469.7 477.3 480.4 480 488.3 499.4 508.2 515.6 522.1 529.6 531.6 534.6 546 552.3 556.6 557.9 566.9 574.3 579.5 565.3 555.8 545.3 533.4 518.2 505.5 491 484.5 476.2 466.8 459.6 453.7 446.5 440.8 436.8 435.7 434.5 433.4 432.3 427.3 420.4 411.9 402.5 395 385.9 373.9 361.2 355.1 349.1 341.6 337.5 335.6 334.2 332.3 339.5 345.2 345.4 345.8 346.7 349.5
474.8 482.7 494.4 495.5 484.3 457.8 448.8 440.1 427 424.2 428.2 435.1 440.2 444.5 448 449.9 456.5 460.8 464.1 471.8 476.8 478.8 476.8 486.3 497.4 505.8 510.3 517.4 525.8 528.8 530.6 544.4 551.4 552.9 558.2 566.9 571.5 567.6 558.3 551.7 541.5 526.2 512.2 501 488.3 478.9 469.5 461.5 456.3 449.2 441.3 435.7 434.3 434.2 433.1 432.1 429.6 425 417.1 408.3 399.3 390.7 380.4 370.1 363 359.4 354 347.2 342 338.3 336.8 343.1 349.7 350.4 349.5 350.6 353.8 353.3
479.8 486.7 496.4 496.9 484.3 460.3 451.1 443.8 434.7 428.5 433.7 435.2 439.2 443.8 448.4 451.8 458.8 463.8 468.2 474.2 477.9 477.2 476.8 486 496.5 501.1 504.7 512.9 521.9 525.9 531.9 542.4 547.5 550.4 556.1 562.9 565.8 559.2 551.2 544.1 533.3 519.3 505.6 494.2 483.6 472.8 463.5 457.5 451.2 442.7 434.8 431.8 431.7 431.7 432 431.6 428.5 421.8 413.4 404.6 394.1 381.9 374 367.9 363.9 357.6 356 349.5 340.8 345.5 350.9 354.5 356.2 354.6 355.4 359.1 359.3 354.9
490.2 492.9 494.4 492.1 478.6 464 456.3 446.8 441.7 433.6 436 440 442 446 449.4 453.9 460.8 465.9 470.4 475 479.3 476.5 477 483.6 492.4 497.3 501.2 511.8 519.7 524.9 532.3 538.4 543.2 546.9 550.9 557.1 556.7 549.7 542.1 533.9 524.4 511.3 499.1 487.5 475.7 466.5 458.9 453.5 445.1 436.5 429.8 428.6 429.9 429.8 430.3 430.4 425.7 418.2 409.6 400.9 388.4 378.6 371.1 361.9 358.1 352.5 349.5 346.5 346.3 353.4 357.8 358.7 359.6 360.3 363 366.5 359.1 352.7
504.2 504.7 499.6 494.8 483.5 471.3 461.2 448.6 445.4 442.3 438.2 444.9 444.6 447.1 451 455.2 460.5 465.9 469.8 474.3 476.2 477.1 479.5 485.5 490.4 496.2 504.1 511.6 516.9 522.9 529.2 534.7 538.2 541.6 544.8 546.1 543.4 536.9 528 520.2 511.7 501.4 489 479.2 467.7 461 455.3 447.5 438.8 431.9 424.6 425.3 426.3 425.2 427.5 427.2 422 413.2 405.3 395.5 382.3 372.4 367.5 367.5 366.9 360.5 355.2 348.4 350.8 359.6 362.5 362.6 364.3 366 373.3 364.1 356.7 347.3
525.2 526.7 513 500.2 488.2 485.3 465.6 452.1 449.8 448.5 450.1 451.7 448.4 448.3 451.1 454.5 461.3 465.2 469 475.2 478.5 481.8 485.2 488.7 492.1 497 506.4 513.7 517.2 520.9 526 528.1 531.7 533.2 533.9 534.3 530 523 511.1 503.8 497.4 488.4 477 467.4 460.4 455.4 447.1 439.4 437.5 429.2 426.8 425.3 420.7 418.4 419.9 417.2 410.8 404.1 397.1 383.1 375.8 382 378.1 370.3 365 359.6 355.1 354.7 356 364.5 365.2 365.7 367.9 379.4 370.5 361.4 350.7 338.3
535.8 535.1 527.3 511.2 491.5 490.8 472 457.7 456.7 454.7 459.4 458.1 453.1 451.3 455.4 460.7 466.8 473.8 473.4 478.5 482.7 485.7 488.9 492.1 493 498.9 509.7 514.6 519.1 522 526.6 531.6 527.2 524.6 521.9 519.8 515.7 508.9 497.8 489.5 484.4 477.1 467.4 457.6 451.9 453.9 448.1 441.2 434.7 430 426.8 422.7 415.8 400.7 406.5 401.1 395.3 387.6 381.9 382.7 385.1 379.7 374.5 368.7 358.9 357 356.5 356.4 359.9 364.4 366.6 368 379.9 373.1 364.8 354.9 343.2 330.7
538.9 540.4 539.9 515 498.1 497.8 480.9 461.7 459.5 462.5 465.8 463.2 455.9 457.5 461 475.2 477 479.7 478.8 482.8 486.5 489.6 492.5 494.8 495.9 501.8 511 515 518.4 522.5 528.9 531.7 526.8 521.4 514.2 508 501 494.8 486.4 480.7 475.1 466 459.6 459 457 452.7 445.9 438.5 433 428.9 425.3 420.6 414.3 406.9 401.6 397.4 397.7 401.9 399 392.8 386.5 381.7 377 376.9 357.6 356.5 356.4 359.2 366.2 368.6 368.1 376.5 376.3 367.8 357.1 346.1 334.8 323.1
541.3 545.1 541.7 518 509.4 502.9 485.7 464 463 471.2 473.1 470.4 460.7 467.6 470.7 485.3 486.9 484.7 483.7 486.8 490.6 493.6 496.4 496.8 498.7 504.7 511.3 514.6 518.1 522.4 527.7 528.1 524.9 517.9 507.1 502.8 498 490.7 482.4 476.2 469.5 461.6 462 460.2 457 451.2 443.7 437.9 433.5 428.9 424.5 421 421.2 417.9 413.1 417.7 420 424.2 420.5 410.2 401.2 393.2 383 374 364 366.1 367.6 370.6 375.4 374.8 382.2 380.4 373.1 361.2 348.3 337.2 326.6 316.6
542.8 547.3 542.5 525 519.7 509.2 492 474.8 476.3 480.3 479.7 477.1 477.2 479.9 486.1 496.3 493.8 490.7 489.6 492.3 494.2 495.7 496.1 496.2 499.6 505.9 510.9 515.3 517.8 522.9 526.5 527.2 524 519.5 517.5 507.3 498.1 488.8 480.6 472.4 464.4 468.1 466.6 464.2 460.6 451.2 442.5 437.8 433.7 429.6 427.1 431.4 431.5 426 433.2 432.4 439.7 438.7 432.2 422.3 412.7 403.9 395.4 390.1 385.2 383 378.8 380.3 385 391 387.5 378.3 366.2 352.8 341.2 330.5 320.6 312.1
548.7 549.7 543.2 533.9 522.3 513.4 497.7 483.7 491.4 494.4 489.5 485.4 487.5 490.7 496.6 501.4 500.2 496.4 493.2 492.5 494.2 494.9 494.1 493.6 497.6 505.4 512.9 517.8 518.8 523.4 528.6 534 526.8 530.8 516.7 503.6 494 486.5 478.2 470.5 476.3 478.6 477.6 474.8 463.1 451.1 442 437.5 432.6 433.3 440 449.9 445.4 436 444.5 449.4 447.3 443.6 435.1 427.8 421.4 412 406.3 402.7 404.6 397 388.9 389.9 397.8 396.1 382.7 370.8 357.5 344.2 333.7 324.4 319 308.1
553 549.6 541.8 532.4 530.3 519.9 505.8 493.7 500.1 501.9 498.5 495.9 497 498.5 501.2 506.7 506.3 498.9 492.3 492.3 495.4 495.7 494.3 492.8 492.8 507.6 517.8 520.2 522.8 527.1 531.9 529.6 524.6 521.6 509.3 498.2 489.6 483 476.9 483.4 488.5 493 495.5 481.5 464 450.2 442.7 437.7 436.5 441.2 453.2 449.6 445.6 440.8 452.3 458.4 450.5 448.6 443.5 436.5 429.8 423 420.4 417.5 413.4 403.9 399.1 406.4 402.3 390.1 374.8 360.7 350.3 339.6 329.2 322.3 316.6 304.9
570.2 563.8 557.9 552.4 547.8 535.3 518.7 509.5 510.6 508.8 507.2 506.6 505.8 507.1 503.1 511.9 512 499.7 492.3 492.3 494.4 494.3 493.5 494.3 498.9 509.7 519.8 520.3 520.8 525.5 527.4 523.7 519.4 512.8 501.5 494.5 489.9 480 490.3 501.2 514.7 530.1 512.5 483.8 465.4 452.4 445.4 439.2 442.4 453.5 452.6 446.8 449.5 449.4 457.6 463.1 460.1 454.1 449 445.2 439.4 435 433.2 428.6 419.5 413.6 417.5 406.9 394.4 380.2 365.2 352.3 344.3 337.9 329 322.8 314.8 302.6
597.4 582.8 572.3 565 560.3 549.9 536.5 527.6 525.3 517.7 517 523.7 514.8 513.1 509.5 517.6 518.5 501.6 492.3 492.3 493.6 494.2 493.7 495.8 503.2 510.2 518 520.3 521.2 524.7 521.7 515.8 511.3 505.6 499.4 495.4 485.6 490 509.2 535.3 533.8 530.8 510 481.5 465.3 453 446.4 443.5 450.5 450.2 451.1 462.8 463.4 461.2 467.6 470.2 469.6 459 455.9 453.5 449.2 445.5 439.5 431.6 424.5 421.4 418 401.5 384 370.2 358.4 349.1 341.2 334.6 327.1 318.4 312.1 299.8
609.6 592.5 586.9 578.7 571.5 564.2 553 544.5 538.8 529.9 528.4 532.3 522.1 518.3 515.9 523.1 517.4 502.5 492.3 492.3 494.4 494.5 494 498.1 506 511.2 515.2 519.5 519.9 517.9 514.1 510.9 507 503.9 501 491.8 493.2 501.7 517.8 526.7 527.9 523.2 501.3 476 460 451.3 446.6 452.7 458.4 452.2 466.4 475 478.9 488.7 481.7 480.7 478.2 469 467.5 463.3 458.3 450.4 442.5 435.1 427.9 420.9 409.1 392.8 375.9 364.8 355.2 347.1 339.9 332.6 324.4 314.3 305.7 298.4
617.9 607.8 599.4 589.8 585.8 575.4 562.3 554.7 545.4 539.5 537.5 539.4 527.6 524.3 522.9 529.8 519.2 505.6 494.6 492.3 494.4 494.6 494.6 496.3 504.1 508.9 513.9 517.4 516.4 512.4 510.1 508.5 506.1 503.6 497.6 493.5 504 507.6 510.5 509.9 508.9 504.3 486.4 466.9 457 451.8 458.5 464.7 464.6 466.3 479.8 484.1 494.4 499 496.4 493.8 484.2 473.7 478.2 472.9 464.5 454.1 445.5 438.8 425.9 408.6 397.6 381.9 371.6 362.7 353 344.2 337.2 329.9 320.4 311.4 302.2 292.5
625.2 615.8 609.3 599.3 599.9 580.4 566 558.7 552.4 545.1 542.5 541.4 533.5 528.8 528.3 535.6 525.7 512.4 501 495.8 496.5 495.7 495.6 496.5 501.8 506.7 511.7 514.8 511.7 509.5 507.9 507.3 505.8 502.7 494.4 499.8 505.7 501.2 499.4 495.5 488.3 480.4 470.9 462.3 455.9 458.7 467.2 471.9 471.6 476.1 487.4 498.5 506.8 510.4 508 505.1 491.7 482.8 479.9 474.3 463.9 453.6 446.2 438.8 416.2 399.9 385.5 375.8 367.5 359.4 350.8 340.6 333.5 326.2 316.5 305.6 298.8 289.7
631.5 622.1 615.3 608.6 603.9 582.6 569.8 562.4 558.5 548.7 544.6 539.9 535 528.5 528.7 536.1 538.1 525.8 506.6 498.9 499.7 498.4 497.5 498.2 501.9 506 510.4 513.2 509.9 507.9 507.1 507.4 506.1 497.7 503 512 519.8 523 516.4 493.9 484.1 476.5 470.8 464.9 463.4 469.6 476 481.1 483.9 489.2 502.2 511.1 516.5 519.1 518.1 514.1 503.5 488.2 476.8 469.9 461.8 451.1 446.7 423.2 404.6 387.8 376.7 370.8 363.7 355 346.8 335.6 327.2 319.2 310.4 299.1 291.1 285.5
632.5 625.7 617.3 612.2 600.5 582.2 573.3 566.1 560.3 550.7 544.5 540.1 536 530.5 533.8 543 545.6 533.9 517.1 507.1 505.6 503.1 502.3 500.6 502.3 505.9 510.2 512.6 508.6 506.6 505.9 504.3 497.1 492.7 509.3 518.2 530.8 540.9 534 507.5 490.9 481.5 474.4 469.6 473 479 485.3 490.2 496.7 505.1 513.7 520 523.8 526.2 524.8 520.9 508.5 491.2 474.1 464.8 455.6 444.6 429.4 405.8 389.9 377.9 372.3 367.4 359 350.1 340.3 330.7 320.1 311.2 303.6 294.1 286.1 280.5
624.9 619.7 614 607.8 595.7 583 574.2 564 557.1 548.5 541.1 540.3 538.4 535.7 539 550.2 553.7 546.2 539.4 525.5 518.1 508.9 504.7 503.2 504.4 507 512.3 512.2 507.6 505.4 504.3 500.5 489.3 493.4 511.9 520.7 530 538.6 537.1 526.6 506.1 492.1 487 484.1 483.4 488.7 494.6 500.9 509.3 520.3 524.9 527.9 537 531.9 528.6 521.3 506.5 486.8 470.3 456.9 446.5 432.1 412.2 391.9 379.3 373.4 369.3 362.9 354.8 344.1 335.7 326.3 316.1 305.9 298.3 289.9 281.6 275.7
