webserver/python/data/NH46.asc
ncols 200
nrows 200
xllcorner 240000
yllcorner 860000
cellsize 50
[rows 105 to 139 of 200, columns 0 to 77 of 200]
116.2 117.5 127.1 145.4 172.2 194.8 206.2 221.7 233.8 248.8 262 265.6 257.1 242 230.8 232.8 232.9 234.5 242.3 251.5 264.7 271 275.4 284.9 293.1 299.4 309 321.1 330.1 338.9 349.2 359.2 369 380.3 392.3 403.5 414.7 425.4 435.9 445.6 454.5 466.6 477.6 486.9 498.3 512.2 525.7 539 552.5 564.9 577.4 590.5 602.3 614.2 625.9 638.9 653.7 670.2 689.2 699.8 713.6 734.3 736.6 731 723 716.3 707.4 697.7 682.4 655.7 614.3 592.8 583 575.1 567.2 561.3 557 552.8
114.6 116.7 123.6 143.6 173.1 193.1 205.3 210.9 222.5 237 244.6 254.1 252.6 236.2 225.2 227.1 228.2 234 240.7 252.4 262.4 265.6 273 279.6 287.9 295.4 306.5 315.2 326.4 336.3 344.2 354.9 367.2 377.9 388.1 401.2 414.7 425.4 436.2 444.9 455.9 465.5 476.1 487.4 501.9 515.4 529.6 543.6 557.2 571 586 600.1 612.3 623.5 635.3 649.6 664 678.7 698 712.8 733.2 746.8 740.5 735.5 728 718.6 708 696.5 684 667 624.6 593.4 580.5 571.7 566.9 562.6 557.6 553.2
114.5 116.5 117.7 138 167 182.5 191.3 201.5 214 224.1 227.8 238.2 240.5 229.2 220.7 222.1 224.1 230.8 241.2 252.3 256.7 261.4 269 274.4 283.2 290.4 303.1 311.6 324.1 330.1 339.2 350.7 365.1 374.8 384.6 397.2 409.1 423.8 436.2 444.3 453.3 462.9 473.7 487.6 503.1 516.9 530.8 546.4 560.4 577.2 594.5 609 620.2 633.3 646.7 661.2 676.9 693.1 711 729.3 750.1 752.8 747.7 740.6 729.9 717.9 707.8 697.4 690.4 674.4 636.6 604.5 583.3 571.4 565.7 561.5 558.5 555.5
115 114.6 115.8 128.9 154.9 172.5 185.2 198.6 205.3 211.7 218.4 225.3 224.8 219.7 214.9 217.5 225.8 230.6 243.4 247.4 252.2 260.2 264.1 269.5 276.1 285.8 297.9 306.8 317.5 326.9 336.4 344.6 359.4 372.3 382.4 393.6 406.1 424.1 434.4 444.7 452.3 460.8 473.6 488.5 503.6 519.2 533.3 550.1 566.7 585.7 603.4 616.1 629 644.7 660.6 677 693.3 708.1 726.9 746.2 754.3 752.6 748.3 741.6 730.5 718.4 709.2 701.5 695.3 686.1 656.3 610.3 585.9 571.7 567.1 563.6 561.2 561.9
113.7 114.2 114.3 123.6 141.4 159.8 181.2 190.6 197 202.1 207.3 214.9 215.4 212.7 210.2 215.3 225.8 231.5 239.2 243.2 249.6 255.3 261.4 266.6 275.6 283.3 292.4 303.9 313.8 323.9 338 349.8 362.2 370.4 379.5 388.9 403 417.5 432 441 447.2 457.7 472.2 487.7 503.4 520.6 535.6 555.7 574 593.1 612.3 627.7 644 662.1 679.9 696.2 709.9 724 744.2 759.2 755.6 751.2 748.3 746.4 741.8 726.2 718.1 705.8 694.3 673.4 653.4 616.7 589.7 577.3 569.6 568.4 568.2 571.6
116.9 113.5 113.4 116.5 134 151.4 169.7 183.4 187.8 191.6 196.4 206 205.6 203.7 205.4 213.9 224.6 229.5 234.6 238.6 246 252.7 259.5 264 275.1 283.7 290.3 302 313.2 324.4 336.5 348.4 360.3 370.1 377.8 386 398.9 412.8 426.8 434.8 442.1 452.4 466.9 483.5 503.3 519.2 539.6 561.3 582.1 602.6 622.1 639.7 658.8 681.6 698 710.3 720.4 738.4 756.7 761.6 755.2 748.2 742.7 742.4 736.1 721.7 711.8 695.8 680.4 665 638.7 613.7 595.5 585.2 579.9 580 581.2 586.2
119.9 117.3 112.8 114.3 124.4 141.7 159.3 174.7 179 185.3 190.6 194.6 197.1 197.2 205.6 215.2 220.6 225.6 228.2 234.8 241.8 249.4 253.1 269.9 273.8 280.7 290.9 301.7 314.7 326 336.2 346.4 358 367 375.8 383 394.7 407 418.7 426.7 434.4 445.5 460 475.7 497.7 512.5 541.3 569.5 588.4 611.3 631.8 652.4 675.8 694.9 710.2 715.6 728.2 743.2 757.4 756.8 751.2 740.2 730.5 733.6 722.7 709.6 688.9 683.6 675.8 660.3 642.3 616.2 598.1 592.9 588.7 592.5 600.4 598.4
124.8 119.9 115.3 112.3 117.6 135.3 152.1 164.8 170.7 179.3 184 185.7 189.8 192.9 204.6 209.5 218.3 220.8 223.8 228.7 238.1 243.9 258.5 263.6 270.3 277.6 290.1 302.8 314.4 324.9 334.3 344 354.2 363 372.8 380.5 390.8 400.3 411 420 428 439.2 451.9 468.2 488.7 505.5 533.3 569.8 593.8 612.3 643.3 664.6 681.9 699.1 709.3 716.2 730.6 740.5 750.7 748.5 736.1 722.4 711.8 703 703.5 689.6 676.1 671.1 661.6 645.1 624.9 610.5 601.9 599.1 597.8 601.6 608 603.9
127.6 124.9 117.2 112 115.4 129.4 144.4 156 162.8 171.7 176.5 179.5 179.6 191.3 202.9 207.9 217.8 216.8 220.7 227.4 233.5 241.8 257.1 258.7 266.5 277.4 287.6 299.3 310.8 323.3 332.7 341.1 349.6 359.9 369 378 387.1 395.9 403.4 411.8 420.2 430.1 442.2 458.8 477.2 499.2 521 555.3 591.4 614.1 645.7 665.7 684 694 701.8 720 732.2 737.3 728.6 733.3 720.2 710.1 698 682.8 681.5 677.6 671.3 663.4 654.6 636.8 623.3 612.7 604.6 601.7 602.5 608 609.9 605.8
130.9 127.5 120.3 113.9 113 128 136.4 146.7 156.4 163.9 169 169.6 177 187.9 198.7 206.5 213.4 213.1 216.2 223.4 230.7 239 248.2 253.4 267 274.6 285.1 295.7 306.8 318.9 329.7 336.4 345.1 355.5 366.7 375.6 383.5 390.7 397 405.9 413.5 421.5 433.5 448.7 464.9 486.4 512.1 541.2 571.9 610.1 632.1 660.7 680.4 691 703.6 717.4 727.8 724.7 712.4 703.7 708.1 698.2 688.3 680.4 679.3 674.3 666.9 654.7 642.2 625.1 614.5 608.3 604.7 601.5 611.2 612.9 612.1 608
134.6 127.4 121.1 112.7 114.1 123.3 131.6 142.5 152.5 159 161.7 170.9 183.2 189 199.3 207.5 209.3 209.5 213.6 220 228.1 235.8 242.5 252.2 260.9 270.1 281.8 292.8 302.9 314.6 323.3 332.7 342.5 353.8 364.9 372.5 378.7 384.8 391 400.3 409 420.9 430.6 440.3 452.2 472.7 498.8 523.4 547.8 576.4 604 636.8 664.9 677.7 689.5 706.1 717.5 709.8 700.8 690.9 693.9 695.4 691 689.4 683.4 672.8 660.2 648.3 632.8 626.4 623.5 617.1 613.3 607.8 616.6 618.7 619.7 621.1
133.6 128.2 121.8 111.8 113.8 114.2 130.8 138 149.6 154 160.1 173.4 181.2 189.7 197.1 204.6 204.6 207.3 209.9 218.4 225.3 232.8 237.6 247.4 257 267.6 279.5 289.2 300.4 309.1 318.1 329 340.9 352.5 362.1 369.5 375 380.4 388 395.9 408.3 421.1 429 433 441.7 458.7 483.2 503.9 524.5 542.9 568.2 601.2 634.2 651.8 657.6 682.7 703.6 698 689 690.3 690 699.9 701.2 694.9 677.3 662.2 651.8 636.1 626.1 623.5 620.7 617 614.4 614.5 623.7 629.7 629.3 625.4
132.4 127.5 121.1 114.1 109.7 117.5 126.6 140.5 142.9 150.4 160 172.3 183 188.4 194.7 197.7 200.7 202.5 206.2 216.2 220.4 225.2 236.5 243.6 254.7 265.1 276.4 287.6 297 306 317.2 326.7 337.9 349.3 357.8 365.3 371.5 377.2 383.8 392.5 408.3 419.7 423.8 427.3 435.7 450.6 464.4 484.5 503.2 523.6 550.1 578 606.7 622.6 634.6 649.9 679.5 687.3 683.7 683.7 688.4 696.5 699 684.3 668.9 654.5 642.2 629.9 626.3 625.8 624.1 619.2 619.1 624.3 631 630.6 626 618.1
129.3 126.5 122.6 114.3 109.3 112.6 124.3 135 144.6 149.3 155.8 170.3 182.3 187.1 188.3 193.8 198.5 199.5 204.4 211 215.9 225.3 233.2 242.2 251.6 261.7 272.1 284.1 292.2 303.1 315.7 326.3 337.7 346.2 353.7 360.9 367.7 374.1 379.2 388.2 404.7 413.6 416 421.7 428.1 439.4 454.6 473.3 492 514 539.1 572.3 592.6 608.5 614.9 628.8 647.7 674.8 677.9 679.6 685.3 684.6 684.9 677.5 667.4 655.9 642.3 635.6 630.5 628.3 627.4 621.7 625.5 634.7 635.5 627.6 612.6 585.5
125.4 123.8 121.7 115 112.2 109 121.1 129.5 143.1 148.2 157.3 170.7 180.7 183.8 188.9 192 193.4 195.9 202.2 205.3 212.8 219.6 231.1 237.9 247.5 257.6 267.4 278 290.4 299.9 312.4 324.7 335.5 343.7 350.2 356.6 363.9 369.9 376.2 385.4 398.8 405.1 410.9 415.7 422.6 434 449.1 466.4 483.2 503.9 527.3 559.6 579.8 593.6 597.3 608.5 631 655.6 668.3 674.3 683.9 682.8 683.1 676.3 667.6 655.7 649.7 645 639.9 632.1 625.5 623.3 630.6 637.7 636.2 607.4 588.2 568.5
124.6 122.1 113.6 113.8 107.9 111.8 119.6 124.1 137.9 148.8 156.8 169.5 178.1 180.2 184.6 189.1 190 192.2 197.6 202 208.1 216.9 227 233.3 242.4 251.3 264 276 286 296.5 309.7 321 331.2 339.4 345.8 351.7 358.2 364.3 374.3 389.1 398.9 400 405.9 411.7 419.1 428.7 445.1 458.2 474.4 495.1 518.1 538.4 564.3 571.8 585.2 597.7 615.8 643.4 660.6 670.3 682.6 682.4 671.4 669.4 662.4 655.9 651.4 646 638.7 625.6 619.5 621.5 631.2 628.9 604.5 588.4 569.5 556.7
122.7 118.1 118.2 115.6 106.5 111 116.3 124.3 134.5 148 158.9 166.2 173.1 180 183 185.2 187.9 187.3 192.9 198.2 204.2 214.1 222.7 230.3 237.7 248.4 260 271.8 284.7 295.8 307.9 316.2 325.9 334.4 343.2 352 359 367 382.7 391.5 397.3 404.1 410.2 410.7 416.4 424.1 438.5 451.3 465.2 485.9 506.4 523.2 547.8 559 570.4 582.6 599.1 628.4 652.3 658.9 665.4 665.5 660 655 649.5 647 646.2 639.6 631.2 618.6 608.9 615.6 618.2 613.6 594 572 557.3 546.7
120.9 117.6 115.3 114 109.8 100.5 113.7 125.9 132.3 144 157 162.2 170.3 177.2 181.1 185.1 186.4 183 189.4 195.5 202.2 210 219.5 227 232.6 242.1 250.1 266.2 281.4 293.3 303.5 313.5 321.8 332.4 342.5 353.6 360.7 377.7 390.8 397.2 404.8 413.4 417.9 419.5 419.6 423.4 435.9 446 459 478.1 495.3 510.9 532.1 546.1 557.7 568.6 583.2 608.9 633.1 647.9 655.7 658.4 652.2 643 634.5 633.7 630.2 626.5 619.5 607.6 600.8 606.1 597.3 587.4 578.3 569.9 556.8 541.8
117.8 113.7 109.5 108.4 108.9 103.3 101.1 114.2 130.3 143.8 155.4 163.3 168.4 171.8 179.5 182.1 181.3 181.9 186 192 196.2 205.7 217.4 225.2 232.5 243 258.6 273.1 282.3 294.1 305 314.3 322.5 334.6 345.1 356.6 372.4 384.4 395.8 404.9 415.2 425 429.6 429 424.9 425.9 431.8 440.4 455.5 472.6 484.2 502.1 519 532.3 548.9 561.7 576.6 592.8 618.6 636.5 647.3 648.8 643.4 633.2 620.6 615.3 616.4 615.1 607.4 600.4 593.3 592.8 591.9 589 582.3 571.5 555.2 541.9
113.7 110 105.7 107.7 105.1 102.3 98.9 113.9 130.6 145 151.5 157.5 164 170.4 175.9 170.8 179.2 182.3 185.2 188 199.8 209.9 217.8 227.3 236.5 247.2 262.4 276.8 287.5 297.1 305.2 313.6 325.4 336.6 351.7 366.9 378 390.3 403.3 416.9 426 431.7 432.4 430.8 428.1 427.8 431.3 439.1 452.7 463.8 476.6 495.9 512.7 522.9 540.8 554.4 573 585.3 605.3 618.6 626.7 630.7 624.1 619 609.1 601.3 609.6 608.3 601.9 595 589.7 593.3 592.4 587.7 576.9 567.9 553.2 537
108.4 106.6 106.4 103.5 101.7 100 96.2 119.9 134.2 140.4 144.8 150.5 161.2 164.6 160.5 178.6 178.8 181.5 183.3 191.8 200.7 210.8 218.3 226.8 237 250.3 266.4 279.7 287.7 297.1 305.5 316.3 328.6 346.8 362.9 374.1 384.8 399 413.6 424.6 430.8 431.7 432.1 430.5 428.9 429.5 433.7 439.5 449 460.5 475.7 490.6 505 515 529.8 546.2 564.6 583.2 598.7 608 613.3 614.4 609.6 602.4 590.5 588.4 595.9 597.1 592.6 587.1 592 590.9 585.2 579.4 568.4 557.1 538.3 524.8
103.8 105 99.5 99.3 99.9 95.6 107.6 122.5 132.1 136.6 140.9 145.9 148.5 159.1 163.1 166.9 176.1 179.2 181.7 191.3 198.8 207.3 216.9 229.3 242.9 256.6 271.2 279.6 287.6 296.2 309.5 323.6 338.1 355.2 368.7 380.7 391.6 407.7 420.9 429.1 432.2 433.8 434 431.3 429.9 429.8 432.6 440.1 450.1 461.9 473.8 487.6 497.3 510.4 523.2 540.3 560 581.5 595 601.9 606 605.3 600.9 593.1 587.6 585.1 587.3 590.2 582.6 580.2 585 585 576 565.3 553.7 542.8 530.8 512.5
103.6 98 98.1 98.3 93.7 94.4 108.8 123.5 129.8 136.3 139.2 140.8 147.3 152 163.5 172.3 172.4 172.1 184 190.6 198.1 205.8 216.1 229.4 241.4 256.5 270.1 279.5 288.1 297.8 317.8 334.5 348.8 362.7 377.1 391.1 404.6 418.9 433.2 444 449.8 451 446.9 436.9 432.5 431.3 433.2 438.8 449.8 458.4 469 478.4 489.6 502 516.6 529.5 555.2 576.5 588.8 594.7 599.5 601.9 599.6 593.9 588.4 579.7 576 577.1 575 570.2 569.3 569.8 563.3 552.5 541.2 527.6 514.7 502.1
96.5 98.1 92.5 94.5 99.9 107.9 112 119 126.4 130.8 137 140.9 146.5 154.3 161.1 163.7 172.3 178.8 186.3 193.5 201 211.5 228.1 242.4 253.1 264.1 272.3 282 291.8 311.1 331 350.3 364.2 375.8 391.7 409.6 426.4 440.8 454.7 460.5 463 462.6 458.7 451 444.8 438 435.7 438.3 449.7 455.1 464.3 471.1 482.3 494.2 504.8 518.9 545.6 566.7 580.7 590.1 595.8 596.7 595.7 594.3 588.9 578.5 567.4 563.2 564.4 563.2 558.2 552.6 547.9 539 529.9 519.5 505.4 494.1
92 94.9 98.6 104.1 107.9 113.1 122.9 124.9 128.7 131.8 135.6 140.7 149.8 158.3 165.7 169.9 174.9 178.9 187.4 196.3 205.4 222.5 234.5 245.4 254.2 264.4 274.3 283.6 296 319.7 340.7 358.3 370.9 384.1 401.7 423.5 438.8 449.7 460.3 464 466.1 469.7 469.8 464.7 451.7 442.2 437.6 440.5 450.8 453.8 458 464.6 474.7 486 497.9 516.6 538.5 557.3 572.6 587.7 595.5 594.6 594.5 592.9 587 578.4 566.6 555.9 554.1 554.6 552.6 545.7 534 523.8 514.6 511.3 499.3 488.3
95.7 98.3 103.3 108.1 113.9 120.4 123.5 124.4 127.2 130.1 134.6 140.8 151.1 157.5 165.9 170 174.2 181.5 189.6 200.4 210 225.5 238.2 246.1 254 263.9 274.8 284.8 303.4 327.6 346.9 361.2 376 394.2 415.2 434.6 445.9 452.4 458.1 462.8 464.4 467.5 468.3 462.8 456.8 445.1 435.6 439.4 451.2 454.4 453 458.1 468 475.9 490.9 509.6 530.7 548 566.5 579.7 586.1 587.7 589.6 590.6 585.7 577.4 566 553.7 545.2 542 541.7 534 523.6 513.5 506.1 497.9 490.4 479.2
94.7 102.1 108.6 112.4 117.9 120.7 122.1 123.5 126.9 131.1 133.8 141.6 150.4 156.6 163.3 169.2 175.3 183.4 194.9 205.4 217.3 229.7 238.5 249.3 258.2 266.9 277.8 291.6 311.3 330.5 349.5 365.6 379 401.2 428.7 439.3 449.1 452.9 456.7 459.7 460.6 461.4 460.2 459.7 456.6 448.4 435.7 432 444.9 448.6 449.3 451.4 458.2 469.7 480.4 498.4 519.1 535.4 552.6 569.9 575.8 578 584.2 590.1 593.3 585.1 571.7 557.3 541.2 532 526.1 521.4 515.1 509.3 501.6 491.9 480.7 470.4
95.3 107.1 118.1 120.1 117.5 119 120.9 121.5 129.2 131.6 133.8 141.7 149.1 156.4 162.6 169.3 177 186.8 198.7 210.2 222.2 230 238 250.3 260.1 268.3 282 296.9 321.7 334.9 352.9 368.7 382.5 406.9 426.4 439.5 445.5 446.5 452.9 453.6 452.7 446.8 444.9 450.6 451.9 445.1 434.5 422.4 425.8 434.4 443.2 446.1 450.8 462.8 475.2 486.8 503.5 520.5 537.9 555 564.3 567.5 578.3 590.5 590 576.5 561 547.6 533.7 525.5 514.3 510.5 509.3 508.1 504.6 493.6 488.1 482.3
96.2 110.9 123.7 121.2 117.3 117.8 120.3 122 128.8 131 133.2 141.1 148.3 156.8 163.6 170 179 190.4 202.6 216.4 225.8 232 241.1 250.6 262 274.2 286.8 301.3 321.5 341.2 357.9 373.2 390.3 406.5 423.4 435.7 439.4 434.9 437.1 436.8 435.1 434.9 433.7 433.3 435.7 439.2 432.3 423.7 417 421.3 435 440.1 443.9 456.1 469.9 482.1 492.6 509 524.8 538.2 548.7 555 564.6 573.7 572.1 557.7 544.7 535.6 528.5 516.2 510.6 508.9 506.7 505 507.5 509.1 506.8 499
95.1 104.4 122.9 118.9 117.9 116.6 117.4 121.5 126.8 129.3 132.5 139.9 148 156 162.7 170 181.6 193.3 208.4 220.4 226.9 234.1 242 251.4 263.7 278.2 293.8 305.4 324.2 344.1 366.7 389.8 412.6 419.1 424 426.9 430.4 432.4 434.3 437.6 436 433.7 431 426.9 424.9 424.5 425.7 420.6 415.6 415.9 428.6 429.9 440.2 451.3 463.9 476.6 487.1 502.2 519.2 530.5 537.1 543.7 550.5 555.9 557 554.3 550.4 546.9 538.5 529.1 519.7 510.3 509.7 511.5 513.3 513.1 508.7 502.9
92.2 96.4 112.6 110.2 111.9 117.7 114.6 119.7 124.2 128.3 131.8 137.9 146.8 154.6 161.6 172.8 184.5 197.1 210 219.9 227.9 236.4 243.1 256.8 268.6 284 298.9 315.7 331.7 349 374.4 393.7 417.7 426.6 426.1 425.5 429.8 433.5 436.9 439.7 439.2 436.2 434.3 429.8 423.7 418.7 416.8 414.8 412.7 413.9 417.1 426 440.5 450.3 460.8 470.8 485.6 501.8 513.7 524.4 535 543.7 551.4 556.3 558.4 557.6 555 554.2 549.2 539.5 532.3 521.1 515.3 517.5 519.2 517.5 510.6 505.1
94 94.2 103 102.1 103.6 108.9 110.4 116.8 121.9 126.4 132.2 137.4 148.1 156.1 165.4 178.7 190.7 202.1 211.3 219.5 228.1 234.8 250.8 262.9 280.2 297.6 309.8 324.7 341 357.2 380.4 394.8 408.4 419 422 422.3 429.8 434.3 438.6 439 440.9 443.2 437.4 432.2 426.9 419.5 415.6 412.4 411.6 413.2 414.8 423.8 436 448 458.4 467.6 489.1 502.4 510.1 518.4 531 544.6 549.2 552.4 553.9 552.7 551.7 552 549.1 542 532 519.8 513.3 517.9 519.9 515.9 512.5 509.8
89.9 94.3 97 97.9 99.3 104.6 106.4 113.1 120.6 124.2 129.7 139.2 148.5 154.7 165.1 180 192.4 202.1 209.6 218.3 226.2 239.2 255.9 274 291.9 308.3 323.4 339.5 355.6 370 383.9 398.2 406.3 415.2 414.3 419.5 428 432 437.3 439.7 442 440.5 437.6 438.1 434 422.8 415 409.8 414 415.5 415.1 419.6 429.8 441.7 455.6 467.5 485.3 499.7 505.8 513 526.2 536.9 542.8 546.1 546.5 546.6 553 553 544.7 530.7 519.2 509.5 507.2 512.4 514.1 513.6 517.5 519.2
86.7 92.1 93.5 94.5 95.1 100 107.6 113 118.1 122.3 128.6 139.4 148.6 153.8 166.5 180.2 191.5 201.1 210.1 218.7 227.9 246.3 267.3 285.2 305 320.7 333.1 354.8 366.5 376.2 385.1 397.3 407.7 410.8 412.5 422.2 428.6 433.7 435.7 437.6 439.5 440.2 437.5 439.1 434.7 425.7 417.2 408.8 413.6 420.4 418.8 419.2 427.3 439.1 451.7 466.6 479.7 490.5 498.5 505.5 520.1 527.4 533.1 536.7 539.1 536.1 541.4 541.6 529.7 517.6 504.6 496.2 496.2 507.7 512.8 519.5 531.1 540.2
85 90.3 90.5 92.2 92.8 95.4 104.8 110.9 114.8 120.3 128 140 147.6 152.6 167.7 180 192.7 204.9 219.1 226.9 236.7 252.7 269.9 292.3 314.5 333.3 350.9 364.7 374 380.3 387.6 396.7 405.6 410.8 419.5 429.3 434.4 436.5 441.2 441.9 440.5 438 435 431.8 428.7 423.1 415.2 407.5 407.7 411.1 414.4 418 426.9 436.6 450.4 463.1 474.2 482.7 489 500.6 511.5 517.3 519.9 525.6 530.5 531.6 527.4 523.4 517.1 504.1 495.2 495 495.8 511.2 526 537.5 546.6 550
