webserver/python/data/NH47.asc
ncols 200
nrows 200
xllcorner 240000
yllcorner 870000
cellsize 50
[rows 140 to 174 of 200, columns 78 to 155 of 200]
563 568.7 569.2 558.8 547.7 539.2 535.8 531.7 529.2 523.5 520.3 516.1 511.6 507 497 486 473.4 462.2 452.5 442.8 435.7 422.7 393.7 382 368.4 352 345 335.9 320.6 314 307.6 299.2 308.3 317 323.4 328.4 329.9 338.1 340.1 344.9 345.6 347.9 353.9 357.1 368.1 376.7 385.8 391.8 391.3 387.5 385.1 385.4 382.8 391.2 402.4 415.3 420.4 425.7 431.7 438.9 450.8 447.5 437.2 425.7 419.8 391.8 377.6 366 351.8 338.5 322.1 311.9 302.6 296.3 294.2 293.5 283.2 288.7
561.7 562.3 561.2 553.9 541.4 535.8 532.9 531.5 528.5 525.1 521.6 517.5 513.8 512 502.4 490.8 482.8 474.4 463.6 454.3 445.7 428.3 404.4 377.2 368 357.7 349.6 338.6 321 320.3 307 309.3 319.4 327.4 333.5 339.6 341.1 341.8 350 353.8 356.5 361.1 363.1 373 381 388.2 393.9 396.2 395.8 397.4 397.7 395 398.2 407.6 419.1 429.1 432.4 435.2 440.6 451.3 458.4 455.7 449.1 433.4 422.6 403.4 393.8 382.5 372.7 360.1 345.9 335.2 325.8 314.7 313.3 309.1 298.3 305.9
561.3 556.9 550.4 541.9 537.8 536.5 534 531.4 529.4 527.5 523.4 519.8 518.6 515.9 504.2 498.5 493.9 489.3 478.8 463.3 453 423.7 399.5 379.8 377.4 368.2 349.2 336 324.2 320.4 313.4 324 331.6 337.4 343.6 348.4 347.9 352.3 357.1 360.3 365.4 370.1 373.6 379.2 383.3 387.6 391.9 397.9 400.6 406.8 410.9 409.7 415.4 423.6 433.1 440.9 442.3 445.2 451.4 459.3 463.9 462.5 460.3 455.5 453.2 442.8 424.8 408.6 396 384.9 371.9 360.3 347.5 338.3 329.6 316.6 311.5 317.3
558.5 552.7 549.1 543.4 541.7 538.9 538.4 537.5 534.2 532.5 526.8 520.5 518.3 516.2 512.1 509.8 506.4 503.3 499 478.2 443.7 423.4 403.9 387.3 378.1 362.1 347.1 336.3 332.4 325.5 331.9 336.2 340.8 347.4 350.7 349.6 349.5 355.1 363.6 368.6 373.8 377.2 380.4 383.4 385.6 390.6 397.2 404.9 410.5 418.1 417.7 420.6 427.6 436.1 444.9 449.7 455.2 458.5 463.9 469.5 473.2 475 474.2 469.3 464.2 458 451.4 444.9 435.4 422.2 409.2 403.2 384.1 369 341 326.3 325.2 326.7
559 562.5 561.2 554 552.2 542 540.8 541.1 539.5 538.8 531.1 525.1 521.4 521.2 519.8 517.2 515.2 515 510.3 478.5 444.8 422.1 403.4 383.2 367.4 357 347.6 341.9 331.4 334.2 340.9 345.6 348.5 350.7 350.6 349.8 352.6 359.5 368.8 374.1 378.2 383.1 387.4 388.4 390.8 396.2 405.2 413.2 419.7 422.5 425 430.6 440.1 449.7 459.7 465.6 469.2 471.8 477.5 483.1 482.3 483.9 483.8 489 490.1 486.6 483.8 478.2 473.7 467.9 462.3 436.7 402.4 377.7 355.9 342.2 339.5 337.3
561.9 570.3 568.2 566.4 557.1 547 543.8 544.2 548 547.5 542 535.2 530.8 529.2 527.8 528.1 529.6 527.1 516 481.8 438.3 414.4 392.1 373.8 363.1 356.1 346.2 340.6 338.6 340.5 346 350 354.4 353.3 352.6 352.7 358.9 366.9 372.3 377 381.4 386.5 392 392.7 398.1 405.1 412.9 423.9 432.3 429.6 435.4 443.8 455.4 465.6 473.2 476 475.6 482.7 489.2 491.2 492.1 494.1 497.2 503.2 504.7 502.3 504.2 500.4 496.8 491 475.1 442.9 417.6 391 370.8 356.6 356.3 351.3
573.9 572.3 570.3 568.9 557.3 551.8 548.5 555.2 562.4 557.1 549.4 543.8 540.7 538.2 538.8 540.2 542 536.2 515.9 477.1 426.5 403 388.6 368.4 362.1 355.5 345.1 339.1 339.9 342.9 347.9 353.1 356.9 356.5 355.1 357.9 365.9 372 376.9 381.5 387.2 392.5 398.4 401.1 406.3 414.6 423.1 430.1 436.7 441.7 449.3 458.3 466.5 473 479.4 484.8 489.4 492.9 494.1 496.9 499.2 502.5 503.7 507.7 509.6 509.5 511.8 513.7 512.4 493.3 473.6 449.7 422.6 397.4 377.9 375.1 372.5 364.6
580.8 575.5 569.3 568.7 561.9 556.9 556.3 565 572.4 564.8 557.3 552.8 549.3 550.6 547.8 548.3 546.7 536.8 506.1 446.9 419.7 395.3 381.1 366 360.1 353.5 344.1 339.6 339.5 344.6 349.7 350.7 354.2 355.2 357.9 362.7 370.1 376.9 382.4 387.7 395.5 400.3 405 410.9 416.6 424.1 433.4 437.6 444.6 458.4 469.2 472.1 475.2 484.3 493.7 499.3 501.7 498 498.9 500.2 503.1 506.5 508.3 509.4 510.7 511.5 512.2 508.9 499.8 484.7 464.3 444.5 419.3 397.3 395.2 393.8 388.7 381.1
581.8 579.1 571.7 569.5 567.1 561.2 562.2 567.6 569.5 569.3 564.8 560.1 559.2 558.9 557.5 550.6 546.9 530.5 467.3 435.8 406.8 387.9 373.7 362.6 354.3 346.9 340.4 337.9 337.9 342.9 348.2 349.7 354.6 356.3 363 370.9 378.6 384 390.2 400 404.7 409.4 414.7 421.5 430.6 439.3 439.4 447.3 458.5 466.2 477.2 481.5 483.7 491.3 499.6 506.2 509.2 509.8 507 506.2 507.3 510.3 510.1 511 509.3 510 504.7 501.3 485.5 473.5 459.8 439.1 418.2 420.4 415.9 414.2 407.1 402.2
580.8 575.6 571.5 570.5 569.7 565.2 566.3 568.6 570.8 570.1 568.8 567.6 568.1 566.2 559.8 551.4 541.6 489.3 457.4 423.8 396.3 380.8 367.2 354.6 346.5 337.9 337.9 337.9 337.9 340.8 347.2 354.8 361.4 364.6 372.6 381.4 387 390.4 399.7 409.4 414.2 418.7 426.9 434.8 440.1 442.7 449 458.2 468 476.8 484 489.4 493.8 498.4 504.3 510.1 515.5 513.4 513.4 514.8 512.3 509.6 507.2 499.8 498.5 500.5 499.2 494.7 486.9 471 453.5 440.2 440.8 437.6 439.1 436.3 429.1 425.8
573.5 570.4 570.4 570.8 570.5 569.2 569.4 570.9 570.9 570.9 569.9 571.4 574.4 570.8 560.2 545.6 519.2 479.3 449.2 411.6 386.8 372.8 357.5 345.4 337.9 337.9 337.9 337.9 337.9 343 352.2 361 368.2 375.7 382.7 391.7 399 401.3 406.4 416 422.5 428 439.4 446.9 447.6 451.9 459.5 471 480.1 489.2 495.8 499.9 502.8 508.1 511.2 517 521.9 525.3 530.6 519.9 510 508.7 499.3 496 496.6 497.6 497.4 494.7 484.6 469 460.4 461.2 461.5 460.3 456.6 449.5 441.8 432.5
567.5 570.6 569.6 570.1 570.5 570.5 570.8 571 571 570.9 571 572.1 573.2 569.9 557.2 530.4 502.7 469 439.6 401.9 378.9 363.7 347.5 337.9 337.9 337.9 337.9 337.9 337.9 346.3 358.8 366.9 375.8 385.7 395 403.4 410.4 415.2 415.5 424.8 434 449.3 462.1 456.1 457.4 465 476.7 485.3 493.9 501.6 506.2 510.3 513 516.9 520.1 529.5 537.1 539.9 523.9 516.9 510.9 505.8 496.8 492.2 494.8 496.5 493.7 493.4 488.1 480.5 473.2 473.5 470.7 466.8 461.7 454.9 446.8 438.1
562.1 563.5 567.7 570.1 569.9 570.1 570.6 571 571 571 571.1 571.7 567.9 564.5 548.7 521.6 495 466.5 425.7 395.2 371.4 352.7 337.9 337.9 337.9 337.9 337.9 337.9 339 355.8 368.9 376.2 386.1 396.2 405.9 413.6 419.8 423.2 426.6 433.1 448.5 460.6 460.6 462.2 469.8 478.5 485.1 496 506.2 510.1 515.9 519.7 523.9 529.4 540.5 542.1 538.1 528.4 516.8 509.9 506.7 498.9 494 492.3 496 497.2 495.7 494.9 492.3 482.7 483.3 478.5 476.8 475.4 467 459.6 452.9 441
557.6 558.1 561.2 563.2 566.4 567.7 568.1 568.3 569.2 568 567.3 565.4 559.3 553 533.7 516.2 482.8 437.6 408.2 381.5 358.4 343.2 337.9 337.9 337.9 337.9 337.9 337.9 345.8 364.5 379.4 389.4 398.8 407.5 415.4 422.3 428.6 434.6 441.3 448.1 456.9 464.2 465.7 471.3 477.9 485.9 495.8 509 513.3 516.4 523.9 528.5 533.1 539.7 547.3 545.3 541.1 538.6 534 523.1 515.7 502.5 498.2 500.7 501.5 499.3 500.8 503.8 503 502.2 493.8 488.3 486.8 482.5 473.7 469 454.5 445.5
552.5 553.1 553.5 557.5 560.8 562.4 563.4 564.5 564.3 563.2 561.5 554.2 546.2 537.1 523.6 495.9 449.2 419.1 389.8 367.5 349.8 337.9 337.9 337.9 337.9 337.9 337.9 339 356.6 376.8 389.8 399.6 411.9 418.5 426.5 433.2 442 452.1 457.3 459.1 464.6 468.9 473.9 479.9 485.5 496.5 506.9 514.6 520.7 530.9 536.7 541.9 545.9 552.5 557.1 559.4 560.8 557.3 550.2 539.5 528.3 518.3 516.2 515.1 509.2 509 518.6 524.6 521.6 511.4 499.6 500 496.9 489.8 476.7 465.6 457.1 448.1
549.1 549.4 549 552.4 555.2 557.1 557.1 557.1 556 553.1 548.1 540.2 531.5 522.1 496.1 455 422.9 394.5 372.5 352.6 342.6 337.9 337.9 337.9 337.9 337.9 337.9 349.1 371.6 388.6 400.5 408.6 419.8 429.6 437.5 445.2 452.5 460 467.4 470.8 470.7 474.8 480 486.2 494.5 505.9 515.1 527.6 537 546.4 552 556.6 561.6 567.2 571.1 572.8 567.2 562.6 553.2 543.5 532.1 528.5 526.7 524.5 521.6 525.7 530.8 531.7 520.7 520.2 514.2 507.6 502 491.5 480.6 470.1 462.7 454.3
545.5 546.2 550.3 551.1 551 550.3 549.8 548.1 546.1 541.3 534.8 525.3 509.4 488.4 452.7 424.8 397.3 374.2 356.6 341.5 337.9 337.9 337.9 337.9 337.9 337.9 341.5 365.2 386.8 400.5 412.4 422.5 432.6 440.7 451.4 461.6 466.2 469.2 471.6 472.2 476.2 481.4 486.4 494.5 506.4 517.2 531.4 545 553.9 566.4 575.5 581 582.9 585.8 588.4 585.4 582.3 576.4 564 555.6 552.2 545.1 539 537.1 531.3 536 534.8 531.2 530.1 529.8 518.7 512 505.6 496.6 488.7 478.4 469.5 460.2
545.8 548.3 548.9 546.9 544.9 542.9 540.5 537.7 532.6 527.6 516.9 503.7 481.2 457.5 429.5 399 378 357.6 340 337.9 337.9 337.9 337.9 337.9 337.9 337.9 358.5 380.9 400.8 414.1 425.8 436.1 446.3 458.1 472.3 487.8 486.9 482.3 479.3 479.2 484.1 488.5 495.5 507.5 519.6 533.7 548.8 562.8 575.9 584.7 591.6 597.4 603.5 611 614.8 609.3 599.4 584.6 574.3 564.1 560.3 562.8 554.5 541.8 537.2 538.7 535.5 532.4 530.5 529.4 520.9 513.9 507.2 500 493.8 486 473.4 461.8
545.1 544.1 542.9 541.4 537.5 534.7 530.3 525.2 516.6 504.9 490.6 470.3 446.6 422.2 397 377 357.2 342.2 337.9 337.9 337.9 337.9 337.9 337.9 337.9 350.9 376.2 397.7 414.6 428.2 439.4 454.6 470.5 483.4 496.2 505.8 500.1 487.1 482.2 486.1 493.1 498.6 510.5 522.6 535.9 548.8 562.4 574.9 586.7 596.9 607.4 618.4 626.2 635.7 640.1 630.6 602.5 598.5 593.2 581.5 576.6 561.8 546.9 537.7 537.1 538.6 534.9 531.1 529.8 525.9 520.3 514.7 507 500.6 491.9 482.5 472.5 462
538.7 538 536.6 532.8 529.4 522.9 515.5 505.1 492.7 477.3 457.4 435.6 412.8 391.4 372.3 355.7 337.9 337.9 337.9 337.9 337.9 337.9 337.9 337.9 348 373.3 393.4 412.6 429.6 446.9 462.5 483.7 498.8 507.7 522.8 516.2 499.9 489.7 490.1 494.7 502.8 512.5 525.1 536.7 548.4 560.9 574 586.6 598.7 612.2 625 632 639.5 639.6 634.4 619.3 610.9 598.4 587.4 573.1 559.5 548.3 541 538.4 538.4 539.1 537.3 529.9 525.7 522.2 517 510.4 502.4 494.4 486.3 477.2 468.6 459.3
531.9 529.8 526.8 522.5 514.5 504.4 492.4 480.8 464.5 446.2 426.2 405.7 384.3 366.8 350.7 337.9 337.9 337.9 337.9 337.9 337.9 337.9 337.9 342.7 368.1 390.6 412.6 430.2 449.5 471.4 501.5 520.1 534.6 543.3 536.6 514.5 502.3 497.8 501.6 509.3 516.7 525.3 537.1 548.2 559.7 572.6 585.4 598.9 612.1 625.6 635.5 639.2 640.2 638.7 629.6 619.5 596.1 579.9 567.6 558.8 548.9 547.5 541.1 536.8 536.2 535.3 532.2 530.1 521.3 517.7 511.7 504.7 497.3 489.3 481.2 472.5 463.2 455.7
521 517.6 511.9 503.8 494.6 480.4 467.7 452.9 434.6 417.3 397 379.9 362.3 346.3 337.9 337.9 337.9 337.9 337.9 337.9 337.9 337.9 345.8 367.7 389.9 412.5 433.8 454 475.4 515 532.4 548.5 561.9 558.5 540.2 517.1 511.1 509.9 514.7 521.7 529.3 537.6 546.5 557.1 568.9 582.3 596.2 611.2 624.6 634.2 639.1 639.3 639.3 635.9 619.3 598.8 577.9 569 556.8 551.1 551.3 545.7 535.4 531.8 531.4 528.6 525.4 523.9 516.2 512 505.9 499 492 484.1 475.9 467.7 458.2 450.8
506.7 499.5 492.5 483.3 469.7 455.8 441.6 424 406.3 388.1 371.7 356.6 341.4 337.9 337.9 337.9 337.9 337.9 337.9 337.9 337.9 352.9 370.2 389.5 411.6 432.2 453.8 477.9 523.6 544 555.4 569.5 576.8 564.4 537.2 522.8 519.1 522.4 527.3 531.8 538.7 546.6 554.5 566.3 578.1 592.5 607.9 620.9 631.2 638.7 638.8 639 633.4 615.8 598.8 580 568.2 557.3 549 544.7 542.7 537 523.7 522.5 521.7 522.1 519.9 515.3 510.4 506.1 500 493.1 486.1 479.1 469.6 461.7 455.1 449.6
490.7 481.4 469.2 457.6 444.4 428.6 412.5 394.9 379.5 366.2 350.8 337.9 337.9 337.9 337.9 337.9 337.9 337.9 337.9 343.1 359.3 376.1 392.5 409.1 430.4 453 476.3 524 550.5 559.6 572.4 581.4 579.8 558.4 537.9 531.3 529.1 533 536.4 540.3 546.7 554.2 561 572 584.7 597.8 612.1 625.5 632.4 635.3 632 623.7 607.4 590.9 576.3 562.3 556.3 543.5 537.6 535.7 533.8 525 514.7 515.4 514.9 514.8 512.1 508.3 504.2 500.1 494.1 486.6 480.2 472.9 467.5 461 461.1 456.7
471.9 460.1 445.2 431.4 417.5 402.7 388.8 374.7 360.7 348.5 337.9 337.9 337.9 337.9 337.9 337.9 337.9 337.9 349.2 364.5 380.5 396.5 412.1 428 448.9 473.6 510.3 548.9 559.2 570.4 578.1 581.5 570.2 558.7 542.3 534.4 538.5 541.4 544.2 547.6 553 558.3 565.7 576.4 589.1 601.4 613.5 623.4 630.5 631.6 622 608.4 592.3 574.1 558.4 548.2 542.1 533.1 527.3 527.7 524 515.2 509.4 510.4 510.2 509.5 506.6 503.2 500.1 492.8 489.6 480.7 478.7 473.4 472.7 470.2 466 464.3
452.2 436.1 424.4 410.6 397.2 382.4 371.1 357.9 346.8 337.9 337.9 337.9 337.9 337.9 337.9 337.9 340.2 354.7 372.3 385.2 401.4 415.3 429.6 449.4 473.3 501.4 540.4 555.2 563.5 570.4 575.1 571.4 563.6 556.8 542.6 546 545.7 547.8 550.8 554.9 558.8 563 569.1 580.8 593.2 600.2 608.5 616.2 621.4 617.4 607.4 593.3 578.4 561.5 549.2 539.5 531.8 519.8 517.5 519.4 512 508.8 508.3 508.1 507.5 504.3 501.6 498.8 498.7 490.3 489.1 488.3 484.4 481 477.8 474.7 472.3 473.3
428.2 417.8 404.8 394.3 381.6 365.8 355 344.6 337.9 337.9 337.9 337.9 337.9 337.9 337.9 348.2 368.7 381.7 393.2 406.5 419.7 433.4 446.7 470.7 497.9 533 551.1 559.8 565.9 568.2 568 563.7 558.6 552.4 550.6 550.8 552.7 554.1 557 560 564.3 568.1 573.3 581.5 588.8 594.6 599.3 604.2 604.6 599.4 589.7 577.8 564.3 548.7 538.1 529.8 521.6 513.1 511 508.9 508.5 508.4 508.1 507.6 504.6 501.1 500.6 500.8 500.1 497.1 495.7 493.6 490.7 487.1 483.4 481.7 482.8 483.7
408.5 399.4 388.8 377.9 365.6 353.2 344.9 339.2 337.9 337.9 337.9 337.9 337.9 338.8 357.8 377.5 391.8 402.1 410 423.4 437.3 451.7 467.3 490.8 524.2 546.2 558 561.9 568.9 570.6 566.7 560 558.3 556 554.8 557.7 559.7 561.1 559.4 561.9 566 569.6 571.9 575.4 580.1 584.4 587.9 591.4 587.8 583.2 576.5 567.3 554 538.4 529.8 521.4 513.6 509.3 509.1 508.9 507.9 508 507.8 507.4 505.1 503.6 503.2 503.6 503.9 502.5 501 500.7 497.8 493.9 490.7 490.5 493.2 495.8
388.9 382.2 371.6 363 354.9 345.3 342.3 340.6 337.9 337.9 337.9 337.9 344.5 359.7 380.5 396.6 409.8 414.1 424.5 438.1 452.6 468.9 486.3 510.6 534 550.1 560.5 561 567.8 569 563.6 559.1 560.7 562.3 567.3 568.1 566.6 566.3 563.7 562.9 564.8 566.6 563.2 564.5 569.9 573.3 574.5 573.9 571.9 569.2 563.9 558.7 544.1 531.1 519.9 513.5 508.3 509.1 508.8 508.6 507.9 507.7 508.2 508.2 507.6 506.4 506.9 508.3 510.1 508.7 507.5 507.3 505.8 502.9 502.7 503.5 505.9 508.8
376.1 367.9 360.3 352.6 346.9 342.9 340.4 339.7 340 338 340.6 350.1 365.5 382.6 396.4 411.2 422.1 428 439.7 450.3 467.4 485.3 506.2 522.8 537.2 551.2 555.3 559.8 569.3 568.9 565.5 564 567.5 576.6 581.2 581.6 578.8 568.7 566.5 563 561.9 559.4 555.2 555.2 557.8 560.8 559.9 560.3 559.6 555.7 550.4 541.8 533.5 523.5 513.5 509.3 508.5 509.1 510.3 510.4 509.8 509.7 510.7 511.1 509.9 509.3 511.4 514.1 516.1 515.3 513.9 514.4 514.1 513.6 514.8 514.7 516.9 520.1
364.8 359.3 353.5 348.7 342.3 340.5 339.8 340 339.5 340.8 353.3 367.8 386 404.8 416.7 425 432.9 441.7 454.8 469.1 482.1 498.8 515.6 527.6 535.8 544.9 552.8 562.5 569.2 569.3 568.9 573.5 583.3 591.1 597.2 595.2 580.7 569.3 568.8 565.4 559.7 549.5 546.1 540 539.5 540.9 542.3 545.2 546.9 540.9 538.1 531.9 524.3 518.3 513.1 511.8 513 512.4 513.9 515.6 515.7 514.8 515.1 515.3 515.4 516.8 518.6 520.9 523.2 521.5 520.5 520.8 522.4 523.9 526 527.2 528.7 533.6
357.9 353.7 349.6 347.9 344.4 340.8 342.7 343.5 347.4 355.5 372.9 384.7 406.2 420.6 428.7 434.7 443 454.2 467.4 482 494.7 505.4 518.4 530.2 536.9 544 552.6 558.6 563.9 575.9 579.6 587.5 595.1 602.9 611 594.7 577.3 573.9 573.7 569.5 553.9 545.6 541.1 539.5 539.5 539.5 539.5 539.5 540.6 540 539.6 530.1 527.2 520.2 518.1 519.7 520.2 518 520.4 521.7 524.2 524 522.8 521.6 521.5 525.3 527.2 529 529.6 528.1 527.1 529.4 531 534.4 537.2 538.4 540.1 546.2
353.2 350.5 348.7 348.1 347.5 344.7 347.5 353.9 361.3 376.3 391.5 405.7 416 426.5 434.9 442.2 451.7 463.8 476.6 492.1 503.3 510.7 521.9 534.4 540.2 546.2 555.7 566.3 577.3 588.6 593.7 600 603.8 609 601.3 590.5 587.9 588.2 590.5 571.7 549.2 542.1 539.5 539.5 539.5 539.5 539.5 539.5 548.1 546.4 540.8 536.9 533 527.1 524.9 525.7 525 525.7 529.8 532.6 535.5 535 532.8 533.6 533.2 533.8 535.7 535.6 535.2 534.8 536.2 539.3 541.8 543.5 544.2 546.8 550.3 554.6
351.3 350.4 348.8 348.3 349.8 353 358 365.8 379.4 395.8 403.3 414.6 424.5 432.8 439.4 448.1 459.9 471.1 483.8 496.2 507.2 516 529.3 536.8 545.5 554.1 570.3 583.2 592.1 597.8 608.1 612.9 612.1 609.6 607.8 613.7 614.2 603.5 578.7 556.3 539.5 539.5 539.5 539.5 539.5 539.5 539.5 541.9 548.7 551.4 550.6 544.3 542.5 537.4 535.3 534.8 535 538.1 541.4 543.8 546.3 545.3 543.4 545.9 545 543.8 543.4 542.5 543.7 544.8 548 550.2 551.7 550.9 550.5 553.3 556.6 563.7
350.6 349.8 350.4 355.7 357.7 361.7 370.8 383.7 394.7 408.7 415.4 421 429.4 436.9 444.1 454.2 464 474 486 499 509.6 519.3 533.3 543.5 554.3 572.5 586.5 595.2 603 613.6 621.1 622 622.2 629.5 633.1 633.2 614.7 589.3 566.6 547.1 539.5 539.5 539.5 539.5 539.5 539.5 546 551.7 558.9 562.2 561.6 558 552.1 548 547.9 547.9 549.7 552.8 553.1 554.2 554.7 554.4 555.3 556 555.5 554.1 555.1 556 556.1 557 558.4 558.4 560.1 560 559.5 563.6 569.6 571.2
