webserver/python/data/NH48.asc
ncols 200
nrows 200
xllcorner 240000
yllcorner 880000
cellsize 50
[rows 105 to 139 of 200, columns 78 to 155 of 200]
303.5 297.5 300.8 303.5 308.2 316.4 325.1 334.7 341.4 350.5 362.5 375.2 382.1 393.7 402.9 410.5 413.7 418.6 423.3 430.1 438 445.7 456.3 463.5 468.8 472 473.9 476.7 479.7 482 480.8 481.5 480.8 480.4 481.6 486.2 492.3 497.4 502 504.3 503.7 506.6 509.4 511.5 510.1 504.8 491.3 473.4 450.8 429.1 405 374.1 332.6 301.2 279.1 266.3 258 258.4 258.4 262.3 271 286.6 307.3 333.1 355.3 374.7 377.3 357.8 338.2 333.3 337.1 337.7 348.7 358.5 372.1 383.7 395.6 406.8
311.1 316 318.2 318.4 325.9 336.5 346 356.2 368.7 379.5 391.1 401.3 409 416.2 421.6 429.7 439.5 447.7 452.7 457.8 464.8 472.7 479.3 483.7 487 488.2 490.2 490.9 493.2 492.8 490.4 489.8 489.1 492.5 498.1 502.5 504.9 508.1 512 511.4 509.9 510.3 507.7 504.1 497.3 487.1 472.4 453.1 431.7 408.8 381 348.4 320.6 293 273.8 262 258.7 260 263.3 267.1 280.1 298.2 324.5 353.7 381.5 402.3 400.5 383.7 357.3 351.9 351.9 349.2 360.3 372 384.1 395.5 407.6 418.6
322 329.6 328.5 336.9 347.6 359.4 367.9 378.3 394.6 406.1 416.9 423.9 430.2 435.7 440.8 453.9 465.9 474.2 479.6 483.9 488.3 493.5 497.7 502.2 503.1 503 504.1 502.3 502.7 500.6 497.9 500.6 503.1 508.8 511.5 512.8 513.4 514.2 515.2 513.1 510.8 506.4 499.1 491.9 481.6 467.5 451.4 434.2 417.1 390.2 365.2 335 307.2 286.3 267.4 259.8 259.7 261.7 264.8 275.1 291.2 314.3 343.1 382.1 409 426.3 420 396.3 372.9 367.5 368.1 359.9 375.1 386 398.3 408.8 420.7 431.3
339.5 348.5 356.1 360.6 377.4 387 398.3 405.8 421.3 431.2 442.5 451.2 459.3 466 471.3 480.4 491.8 498.9 503.3 506.4 510.1 513.5 514.5 516.2 515.7 514.6 514.8 513.4 513.3 515.5 518.7 518.9 519.7 521.1 518.8 518.3 516.5 515.3 512.7 509.1 503.9 494 484.5 473.5 460.5 443.2 429.5 413.7 392.1 365.1 339.8 318.8 299.1 276.6 262.5 260.8 261.8 265.2 270.6 286.4 307.6 334.3 370.2 409.3 438.7 441.1 430.4 403.9 389.4 384.1 384.3 375.3 387.6 400.9 412.4 422.5 435 445.1
366.8 373.7 387.4 398.3 408.9 419.2 429.3 440.1 447.9 460.2 472.6 481.6 489.9 496.7 502.2 507 513.6 518.4 520.2 522.9 526.1 527.9 529 528 529.1 529.9 529.1 533.7 533.2 534.7 531.7 528.8 524.5 521.8 518.9 516.7 513.9 510.6 505.2 498.3 487.4 477.1 464.1 450.1 435.5 419.4 402.8 385.3 365.6 344.1 324.5 305.2 287.9 269.9 261.2 262.3 265.2 269.2 280.5 299.2 324.4 351.7 392.5 430.9 460 456.8 445.1 416 405.6 399.6 397.1 392.6 399.1 414 428.3 437.5 449.9 460.2
409.3 414.5 423.6 434.4 440.8 451.6 460.6 465.1 472.3 485.8 497.6 508.6 514.7 520.6 525.8 527.7 531.5 535.9 539.2 542.1 544.5 545.3 542.7 541.2 549.6 552.1 549.9 548.6 552.3 540.9 534.4 527.8 521.5 515.8 509 503.6 499.9 494.8 490.6 480.5 468.5 455.3 440.8 425.9 411.5 396.5 382.9 365.8 345.4 327 308.8 291.3 276.2 267.2 263.4 262.5 267.1 278.3 294.4 315.7 341 372.3 416.6 447.4 474.9 476.4 460.3 434.8 418.4 415.4 411.4 404.8 415.1 428 438.2 447.3 460 472.1
448.4 448.9 457.2 464.2 470.6 479.1 484 489.8 496.4 507.8 519.4 528.5 534.1 539.4 543.4 546.7 550.6 554.6 557.3 558.4 558.8 559.5 560.4 561.5 568.1 565 560.2 555 546.6 535.2 526.4 515.6 508.6 499.5 489.5 482.5 478 475 467.8 454.6 441.7 428.8 416.6 404.9 393 379.2 362.1 344.1 326.6 308 292.6 279.7 269.3 265.8 263.2 263.4 275.6 287.6 307 331.9 358.2 391.8 437.1 464.7 481.8 485 469.3 449.9 432.9 430.6 425.8 422.5 425.6 436.1 445 456.9 471 485.1
473.4 476.8 481.9 490.7 496.5 502 505.7 513.6 519.7 529.5 538.8 546.1 551.5 556.4 560.2 563.7 567 570.7 572.4 571.3 569.5 570.7 571 572.5 571.7 568 560.1 552.8 541.1 525.1 514.3 503.4 492.3 482.6 472.9 462.3 454.6 448.7 440.4 430.8 420.8 410.6 399.5 387.5 373.8 358.3 342.2 324 306.4 296.2 285.9 273.9 264.8 264.6 264.3 269.9 281.7 298.4 321 347.5 376.6 408.6 448.9 477.1 486.7 484.5 471.5 456.5 445.6 440.3 436.4 436.9 437.9 442.9 455.3 467.9 482.4 498.1
495.8 499.3 502.3 510.3 517.5 520.3 529.9 534.3 538.4 547.7 555.2 562 566.8 571.6 575.2 578.1 580.7 581.3 581.3 577.8 577.4 574.9 572.8 569.8 563 555.9 548.5 537.8 526 507.5 494.8 481.5 471.7 462.7 451.6 440.7 435 427.9 420.7 411.1 402.1 392.2 381.3 368.7 352.5 335.4 322.3 309.4 299.4 288.4 275.7 267.1 266.7 265.7 269.2 278.4 291.8 311.6 336.7 365.9 396.4 427.3 462.6 485.4 494.3 491.5 474.8 462.1 454.1 447.5 445.3 445.5 447.9 453.6 464.7 478.6 495.8 512.4
513.7 515 520.8 528.4 537.8 541.2 547.7 554.3 556.7 566.7 570.6 576.8 580.6 584 585.9 587.1 588.8 586.2 582.2 577.6 572.9 569.2 562.7 554.5 544.7 534.8 524.5 513.6 500.4 484.8 470 460.1 450.5 441.4 430.5 422.8 416.3 409.2 402.6 394.2 385 374.2 361.4 346.7 332.3 319.2 310.2 299.7 289.9 279.5 271.8 268.1 266 269.4 275.2 289.3 303.1 326.6 352.8 382 414.1 446 475.9 493.3 499.4 493.3 479.5 470.5 462.4 453.4 453.3 454.4 457.5 465.8 476 492.3 508.3 528.3
531.2 532.6 538.8 545.6 552.4 559.9 568.5 571.9 573.3 579.3 586.3 591.1 592.2 592.9 591.3 588 584.3 578.9 571.4 565.7 558.1 550.3 542.5 535 525.2 512.9 499.1 486.9 474 459.9 447.4 438.4 431.1 421.5 414.7 406.5 396.1 390.8 384.4 376.3 367.1 355.6 342.3 327.5 315.9 306.2 300.5 290.8 281.7 274.5 271.3 269.1 266.7 273.1 284.8 298.4 317.5 341.4 369.4 398.6 431 461.8 486.1 497.3 499.6 497.1 490.3 481 474.8 471.9 467.6 469.7 472.6 477.4 490.8 505.9 524.2 548.3
547.3 551.6 557 562.5 568.9 575.3 583.2 589 586.5 594.4 600.6 599.4 599.4 593.7 585.9 579.6 572.3 563.1 553.6 544 536.1 526.8 518.9 508.6 498.3 485.3 472.2 459.8 448.8 438.7 429 420.3 412.7 403.3 396.1 387.5 380.2 371.7 365 356 346.5 335.7 324.9 315 306 298.9 293.7 285.3 275.8 269.3 268.8 267.9 270 279.5 295.9 311.9 333.1 356.9 386.2 415.7 445.5 475.7 494.7 502.2 504.9 504 500.9 495.6 491.2 486.4 486.4 487.5 488.9 497.7 507.4 524.5 542.5 565.2
561.9 567.4 574.1 580.3 586.3 591.7 598.3 603.2 603.2 602.9 602.8 596.9 590.1 583.8 573.8 562.9 552.1 540.6 530.1 520.2 511 502.4 492.1 483 473.3 460 448 439.6 430.6 421.2 413 403.8 393.2 384.4 378.4 372.3 366.3 356.1 351.1 340.5 329 321.6 312.2 306.9 298.4 292.1 285 280.9 273.9 269.8 270.1 273.9 277.3 288.9 306.5 326.8 348.8 373.2 403.3 432.9 462 487.5 503.8 511.9 515.7 516.3 514.1 509.5 506 505.2 505.6 509.7 514.5 524.2 529.2 540.1 557.5 575.2
577.3 583 588 595.3 601.3 608.3 613.4 612.5 608.9 601 592.6 585.5 577.3 567.8 554.4 540.7 531.1 520.8 507.1 494.4 485.5 475.2 466.3 459.7 451.1 440.2 429.6 420.4 411.9 404.2 395.8 384.2 374.6 370.3 365.2 359.4 353.5 345 338.3 332.4 324 312.7 303.5 299.6 293 285.8 282.2 276.5 273 271.5 271.5 277.2 284.6 302.2 320.9 343.1 365.2 391.3 421 450.3 478.3 499.1 515.2 525.4 532.6 531.6 529 526.7 526.4 526.5 530.6 537 541.9 547 552.9 556.5 572.3 587
593.8 599.7 606.3 613.4 620.4 620.3 617.6 613.8 604.9 592.9 580.7 568.8 558.9 544 530.2 519.6 505.5 494.4 483.3 472.4 463 453.2 445.2 436.8 426.3 418.3 410.1 401.4 393.6 386.2 378.3 366.5 360.4 356.7 352.2 346 340 334 326.3 319.5 312.5 304 298.2 293.3 286.4 282.7 278.2 275.6 273.5 271.9 274.9 282.1 293.1 317.2 338 361.2 383.6 411.6 441.1 468 491 507.7 525.8 540.5 550.3 550.9 549.4 548.8 551.7 554.1 560.2 564.3 568.9 570.9 572.3 576.4 586.3 600.9
609.4 614.1 628.5 633.4 633.3 628 619.2 604.9 591.8 576.4 561.3 546.9 535.8 519.6 509.1 497.2 484.1 472.6 460.8 451.4 442 433.8 425.6 417 409.7 401.1 393.3 384.7 376.3 369.6 363.7 355.6 345.6 341 337.2 331.2 321.9 321.5 316.2 309.7 301.1 297.8 293 286.8 277.6 278.3 276.3 275.1 274.7 275.2 280.1 289.8 309.6 330.6 357.5 379.5 402.7 431 456.4 482.5 502.4 521.3 540.4 558.7 569 573.5 568.9 569.4 572.9 579.2 588.5 595.8 597.9 596.1 594 596.5 602.2 615.3
624.9 634.9 642.4 638.1 630.8 619 603.8 589.1 572.3 558.5 543.5 528.2 515.7 501.6 491 477.2 464.5 454 444 434.1 424.3 414.7 407.6 399.9 392.2 383.7 374.8 367 359.8 352.9 347.5 342.5 335.3 330.1 325.5 319.2 315.8 311.4 308.7 303 297.2 289 284 279.7 280 277.9 278.2 280.8 279.1 282.8 288.3 299.5 320.7 345.8 374.5 397.4 422.5 449.5 473.5 495.7 517 535.7 553.1 571 582.6 585.4 586.6 594.2 598 604.7 613.9 619 623.2 627.7 621.2 619.3 624 635.3
636.3 638.5 638.7 632.7 624.3 610.1 592.4 575.1 556.3 542 524.6 510.7 497.4 483.8 469.7 458.5 446.9 435.8 424.3 416.6 406.7 397.7 389.1 379.8 373.9 364.8 357.8 352.1 347.4 337.6 332.1 327.5 321.6 314.7 311.4 309.8 307.3 302.8 301.3 301 293 287.9 283.2 284.3 282 281.5 278.9 283.6 287.6 292.8 300.9 314.1 338.3 367.3 389.5 413.8 440.5 466.5 488.3 509.3 529.4 549 569.2 587.9 598.6 607.5 613.2 620.1 625 630.3 638.9 646.2 651.7 651.6 651.2 645.7 646 653.8
639.8 632.7 627.2 616.8 604.9 590.1 575.1 554.8 539.7 522 505.4 490.1 476 462.4 451.5 440.8 428.1 415.9 406.3 397.5 389 380.2 372.3 365.6 358.6 352.5 345.1 339.9 331.3 326.7 321.3 313.8 313.3 310.1 303.6 301.9 295.6 293.5 289.6 288.9 287.6 285.9 289.6 289 288.5 288.3 288.2 288.9 294.2 302.7 315.5 332.7 354.8 378.4 405 430 455.9 479.3 499.8 521.9 542.1 562.5 583.6 601.4 611.1 625.3 637.6 644.1 648.9 653.6 661.2 667.4 675 679.3 677.1 671.9 668.2 671.6
632.3 621.6 612.6 598.3 581.1 568.1 551.6 537.6 525.4 505 488 470.9 456.3 446.3 434.5 424.5 413 400.8 391.8 384.2 375.9 368.5 361.8 357.5 350.4 342.5 332.9 332.5 324.2 317.9 314.2 308.4 307.5 310.5 296.7 293.1 291.9 292.7 292.8 290.7 290.5 289.2 293.4 293.2 290.4 290.4 291.9 295.1 303.8 309.1 327.2 343.8 366.7 391.3 415.5 440 463.2 485.2 505.4 527.4 548.4 569.7 590.1 606.2 624.3 642.7 655.8 665.4 670.8 676.2 681.8 688.7 692.7 697.2 698.1 693.7 689.5 690
620.2 604.6 594.3 578.7 563.2 549.7 532.8 520 502.4 482.1 466.4 451.5 439.5 428.9 419.6 409.6 397.4 387.6 380.1 372.4 367.2 360.2 357.6 348.2 345 336.3 327.7 325.9 318 310 309.4 302.9 296.8 295.5 297 295.5 298.5 302.5 307.2 307.9 302.1 299 296.6 301.2 295.7 297.5 300.3 310.5 310.6 325.8 335.9 352.4 376.2 399 420.8 443.4 466.5 490 505.1 525.2 549 572.3 590.9 611.9 634.8 650.7 667.4 681.1 690 698.3 706.5 710.5 713.7 717.4 715.5 711.9 708 705.8
600.7 584.4 574.8 556.3 540.8 528.5 511.5 495.8 477.8 462 447.7 435.1 425 414.9 405.2 394.7 383.7 378.7 369.9 359.9 358.7 356 348.5 341.8 334.4 328.7 323.2 319.8 312.3 305 300.8 299.4 300.7 303.6 303.8 304.5 316.8 320.8 325.4 327.7 326.3 324.7 317.8 311.6 307.2 309.3 314.3 321.1 327.1 334.2 348 362.1 383.4 404.6 424.3 447.2 467.6 489 505 528.8 553.9 575.9 594.8 619.1 638.6 655.8 677 690.9 704.8 717.7 722.1 729.8 732.9 734.5 733.8 727 722.5 720.7
578.5 562.3 545.7 529.1 518.7 503.1 486.7 473.3 458.2 443.8 430.9 420.7 411.1 403 392 383.9 375 364.9 358.5 352.1 348.6 349.5 342 339.3 323.3 319.1 315.8 314.6 308.3 303.7 305.3 308.9 318.3 323.2 324.7 331.1 337.3 339.9 344.1 348.4 348.4 341.9 334.4 328.9 318.7 319.7 328.2 337.7 342.1 349.8 357.9 368.7 390.5 409.4 428.7 450.2 470.6 491.1 513.3 535.3 558.7 581.2 601.5 624.7 643.2 661.5 684.2 700.7 719.6 733.7 743.8 750.1 755 754.1 750.6 744.4 737.5 736.9
542.4 527.6 516.6 505.4 491.1 474.9 463.9 453.4 444.1 428.6 417.3 410.3 401.4 392.1 381.2 373.3 362.3 356.2 352.3 345 346.3 345.3 337.8 338.1 324.6 316.1 307.4 305.9 308.2 313.1 321.8 333.5 347.6 351.6 356 362.1 364.8 370.1 372.3 373.5 370.1 364.3 360.2 355.3 345.9 338.7 343.4 355.3 355.8 364.7 360.5 374.2 396 413 432.1 454 475.3 496.1 518.2 543.2 566.6 588.7 610.5 629.9 651.1 670.5 688.7 709.7 727.2 742.5 755.9 767 769.1 768.9 767.4 763.6 757 752.5
510.6 500.7 493.2 479.3 466.1 454.5 444.1 434.5 427.5 414.3 406.7 400.2 394.6 383.2 371.2 362.8 355.4 351.5 345.7 340.6 344.1 334.4 333.5 327.9 315.8 309.1 308.7 313 322.2 337.1 348.3 366.1 379 382.9 388.7 398.1 399.5 405.4 406.7 399.9 396 393.4 391.8 386.5 376.7 368.4 367 371.8 370.1 376.5 373.6 378.4 397.9 416.5 435.8 455.1 479.1 502 526.2 554.5 574.4 599.1 618.2 638 658.8 679.1 698.2 717.1 736.8 751.3 765.3 776 783.7 787.5 782.9 776 769 762.5
492.8 481.4 471 458.7 446.8 435.4 426.4 420.4 413.1 400.4 390.3 386.1 384.8 370.8 357.8 352.5 347.7 346.6 338 336.4 332.9 326.6 320.8 315.5 311.9 310.7 315 328 343.4 366.5 386.9 402.4 421.5 430.1 425.8 438.8 436.7 435.6 440.3 431.8 425.7 424.8 420.3 423.2 419 401 394.2 386.8 382.3 384.8 380.9 382.7 399.9 419.2 438.9 456.6 479.3 506 534.7 562.3 585.3 605.2 625.4 649 667.4 689 708 727.8 745.6 764.6 777.6 791.2 802.1 804.1 792.3 783.8 776.4 769.6
471.7 462.3 452.1 438.3 428.4 419.2 413.3 406.2 400.2 389.7 378 377.6 365.6 359.3 353.1 349.1 341.8 337.6 333 332.8 326.1 323.1 317.2 313.7 320.6 326.4 336.2 352.9 372 397.3 425.7 444.8 458.4 464.7 463.4 472.6 473 470.3 472.7 471.3 469.6 465.9 462.5 455.9 448.3 435.1 415.8 406.9 397.4 390 387.1 385.6 405.3 422.6 442.5 459.9 481.3 511.6 542.7 569.5 592.8 614.4 638.4 661 678.1 702.4 720.7 741.3 762.6 779.3 794.7 810.5 821.1 810.7 797.4 787.3 778.4 770.2
455.1 444.2 432.8 422.6 414 403.6 396.2 389 383.7 374.6 371.1 367.7 358.8 352.7 349.1 344.5 339.5 334.7 329.5 322.7 321.1 322.1 320.2 325.5 331.5 341.2 358.2 381.1 404.5 427.1 450.4 470.3 484.8 489.6 493.9 500.5 523.3 515.9 513.5 515.7 524.4 522 516.1 499.6 490.7 460.4 436.9 421.2 411.5 401.3 398.6 394.2 412.5 427.2 449.7 464.6 485.6 519.3 551.6 578.1 600.8 625.5 650.4 669.8 687.8 714.5 733.4 752.5 774.4 791.5 809.4 824.6 825.5 811.5 796.3 785.9 775.5 765.4
436 425.9 416.9 407.3 399.8 392 384.5 377 371.3 365.8 361.8 359.3 350.4 345 340.5 337.9 336 329 329.4 327.2 328 328.8 329.8 334.2 345.1 363 382.4 407.8 429.7 451.6 475.8 494.8 509.8 518.8 525.8 533.7 549.1 552.7 558.4 558.4 559.5 556.1 548.4 527 501.4 471.5 446.9 436.6 424.9 413.2 411.3 405.9 420.9 434.4 454.9 469.2 494 527.8 558.6 584.1 610 635.2 657.2 676.2 698.5 725 747.1 766.3 788.2 804 821.1 825.8 816.4 803.1 789.3 778.5 767.3 757.6
415.2 412.4 402.5 394.9 389.1 379.4 372.2 369.9 364.5 361.6 357.7 351.9 345.4 341.4 335.7 334 334.7 339.8 332.4 332.1 335.4 339.9 346.9 350.5 370.1 384.6 408.5 428.8 451.8 473.1 497.4 516.4 530.7 541.2 549.3 561.2 570.4 576.8 581.9 582.4 576 567.2 553.6 528.6 505.4 475.5 461.2 449 437.7 426.1 420.3 414.9 424.6 441.7 458.8 478.3 503.9 537.2 567.3 591.6 617 642.7 661.6 685.4 707.1 735.4 756.3 775.9 793.7 811.6 824.9 820.4 807.1 791.8 778.4 763.9 755.2 748.8
398.6 393 383.1 377 372.1 365.8 362.3 360.9 360.4 355.2 351.3 345.6 344.6 344.1 347.8 345 338.7 337.4 336.5 342.9 346.4 348.4 366.6 371.1 393.3 407.6 420.9 443.4 458.2 478.9 503.5 526.6 539.7 553.1 564.7 576.3 585.4 593.3 599.6 599.5 585.8 571 556.5 534.8 510.4 486.6 469.8 457.1 446.1 437 431.7 429.6 435.5 446.7 466.3 487.3 514.9 546.5 573.7 599.8 624.6 646.9 671.2 693.2 717.6 740.9 763.4 777.7 794.7 808.1 815.7 807.2 796.6 778.5 763 753.1 746.9 738.3
402.4 393.8 391.3 383.3 375.2 369.2 364.8 358.8 353.3 350.6 350.1 353.8 356.7 355.3 351.9 349.8 346 343 342.7 353.9 362.2 370.4 380.9 390.7 411.8 433.1 440.1 454.8 470 487.6 510.9 533.3 547 561.6 575 586 594.8 602 607 603.1 590.2 574 558.5 538.2 514.3 490.3 477.6 463.4 452.8 446.6 441.5 443 440.6 452.5 474.2 494.4 524 555.5 583.9 609.2 633.4 652.1 675.5 697.5 721.7 745.5 762 776.7 790 801.8 802.8 795.4 783 765.5 750.6 741.7 731.7 728.8
411 407 402.6 390 383.8 377.2 369.3 363.4 359.4 359 360.9 361.8 361.7 362.3 360.7 359 358.7 361.5 362.4 367.7 378.8 388.4 401.1 414 423.9 440.8 455.3 468.9 484.8 499.8 521.1 538.7 554.3 569.8 583.1 593.8 602.7 609.4 610.5 603 590.8 572.7 559.5 542.6 518.9 496 482.4 471.9 464.2 455.9 450.4 451.5 449.6 462.9 482.1 503.4 535 564.5 593.6 616.2 637 656.8 680.5 702.9 721 743.2 759.5 770 782.4 791.6 791.9 782.9 770.8 755.9 739.3 727.5 721.4 718.1
418.7 416.3 412.4 403.2 394.1 386.6 377.6 370.5 372.2 370.8 366.7 367.4 368.4 370.8 371.7 370.5 376.3 383.3 385.4 391.5 401.6 411.1 420.2 432.7 442.1 453.8 473 481.1 495.2 512 528.9 546.1 562.5 577.4 590.5 600.6 609.5 615.3 614.3 605.5 591.6 574.1 559.5 544.3 522.1 501.1 491.6 480.9 473.6 469.5 466.4 469 469.9 472.9 491.3 512.2 542.9 572.8 598.9 620.7 644.6 662.2 683.1 702.4 720.2 737.3 753.7 763.2 771.7 778.8 777.5 770.7 760.1 745.7 728.1 713.3 706 704.8
432.1 431.4 427.9 420.3 410.1 399.3 389.3 383.1 382.6 381.7 380.1 378.4 380.2 383.3 388.2 389 397.1 403.1 406.5 411.4 420.3 432.3 442.8 449.6 459.9 470.3 484.4 495.9 504.5 520.7 537.5 555.4 570.6 583.4 596.2 607.8 615.6 620.6 619.6 610 595.5 579.6 565.1 550.1 529 510.6 501.1 491.5 486.7 482.5 478.5 485.6 487.9 491.7 504.5 525.5 551.7 579.1 605.2 628.9 650.9 669 687.1 700.5 716.1 730.1 746 753 761.7 765.6 767.4 761.9 749.1 731.8 710.9 695.1 690.8 688.6
