webserver/python/data/NH53.asc
ncols 200
nrows 200
xllcorner 250000
yllcorner 830000
cellsize 50
[rows 36 to 71 of 200, columns 0 to 79 of 200]
209.6 215.5 218.5 220.3 221.6 223.2 224.7 225 226.9 229.4 232.2 234.6 235.5 234.6 232.3 229.2 226.5 223.8 218.5 211.1 201.6 194 186.5 179 173.9 165.6 154.6 146.6 138.9 122.5 132.8 134.2 145.5 149.2 153 154.9 162.2 166.7 171.5 176.5 183.5 190.1 195.7 202 207.7 214.4 221.3 228.6 234.1 239.4 244.4 248.9 252.9 257.1 260.3 264.5 270.1 276.4 279.1 283.6 290.5 296.6 302.1 307.8 312.6 317.6 322.3 324.9 326.9 328.3 328.8 328.7 328.2 326.1 323.4 318.8 313.1 306.1 297.9 291.6
215.6 222.8 224.9 227.1 227 228.6 230.3 232.1 234.6 237.1 239.6 240.1 243.3 242.2 240.3 237 231.3 226.6 218.3 209.5 201 192.6 185.1 176.8 168.8 160.5 150.7 143 129.7 124.6 138.8 145.7 146.7 149.4 153.3 157.6 162.3 167.2 172.5 178.3 185.1 191.6 196.9 204 211.3 217 224 230.4 235.7 241.7 246.4 250.3 254.1 258.5 263.7 269 276.3 282.9 284.1 286.8 293 299.1 304.5 309.8 314.8 319.1 321.6 324.3 325.4 326.7 326.7 326.4 325.5 323.6 321.2 316.7 310.9 303.6 296 289.5
223.2 229.1 232.6 233.8 234.3 235.2 235.5 237.5 239.5 242 244.1 246.2 249.5 251.8 248.3 243.3 234.7 227.1 217.5 207.3 199.8 194 189.1 180 167.9 156.6 148.2 135.9 127.1 141.6 145.6 146.9 148 150.3 154 158.6 163.2 167.9 173.5 180 187.7 193.4 198.8 205.9 213.7 219.7 226.9 232.5 238.8 243.7 247.7 251.5 255.5 261.2 266.4 274.6 283.2 286.7 288.2 290.3 295.6 300.6 305.6 311 316.4 318.9 321.2 322.8 323.7 323.8 323.8 323.2 322.6 321.1 318.9 314.3 310 301.6 295 287.4
233.5 237 240.3 241.5 241.7 241.7 241.1 243 245 247 249.7 255 255.3 252.2 245.5 240.8 234.3 224.3 214.2 205.3 202 197.7 187.5 175.2 162.3 152.8 143.4 125.7 133 146.7 149.3 147.6 147.9 151.2 155 159.6 164.3 169 174.4 179.2 187.7 195.2 202.6 209.2 215.7 222.3 228.1 233.9 240.9 244.9 248.8 252.7 257.6 263.4 271.1 280.5 286.5 289.3 291 292.6 296.6 301.6 306.8 312.1 315.9 318.5 320.7 321.2 321.1 319.9 318.6 318.2 317.6 316.2 314.3 313.3 306.1 298.9 291.9 284.3
241.1 242.7 245.2 245.3 245.7 245.9 246.4 248 249.6 251.2 254.7 260.2 260.5 255.3 245.1 238.5 229.1 220.5 211.8 207.1 205.2 197 183.2 169.8 158.5 148.8 138.2 125.9 136.4 149.3 149.4 146.7 149.5 152.1 156 160.7 165.4 170.1 175.7 181.5 188.5 196.5 204.7 212.4 219.2 225.6 231 235.9 242.3 246.1 250 254.3 259.8 266.3 276.5 282.3 287.5 290.6 294.7 296.7 299.3 302.7 307.8 311.6 315.2 316.8 318.3 318.4 316.4 314.5 313.1 311.9 311.5 311.2 308.9 304.7 301.2 297.8 288.2 283.3
247.3 248.3 249.9 250 249.5 249.7 250.3 251.4 253 255.3 258.4 263.8 262.2 256.3 247 237.2 225 218.7 212.7 212 205.6 191.7 177.7 165 156.2 144.1 131.7 130.6 143.5 146.3 145.2 147.5 150.6 153.7 157.1 161.8 166.5 171.2 176.8 183.1 191 199.9 206.5 214.9 221.7 227.7 233.6 239.3 243.2 247 250.5 255.4 261.3 267.9 277.1 284.7 287.1 291.8 296.2 299.6 301.9 304.2 307.6 311.6 313.7 315.5 317 316 312.8 310.5 306.9 304.1 303 303.1 301.8 305.3 304.1 289 285.2 282.3
253 253.9 254.8 253.9 253 253.3 254.3 255.4 256.5 259.7 262.6 264 258 251.9 242.2 233.4 225.3 218.1 216.2 218.7 207.4 192.5 175.1 162.7 152.3 135.9 130.3 134.6 141.5 142.3 145 148.2 151.3 154.6 159.1 164 168.6 173.1 180.2 186.6 195.6 202.9 208 217.6 223.9 229.6 235.2 239.2 243.9 247.4 251.1 256.3 262.4 271.8 279.3 284.1 286.9 293.1 296.4 300.2 302.3 304.3 307.8 310.4 312.1 313.9 316.1 314.1 309.7 304.1 299.5 296.6 295 294.4 297 296.9 290.7 285.3 284.8 282.1
257.5 258.6 258.3 257.5 256.6 256.7 258.9 260 260.8 261.1 263.1 261.3 256.3 248.6 238.9 232.3 222.6 219.7 219.7 220.1 204.5 190.3 174.2 158 149.3 133.9 131.5 139.2 139.6 143 145.7 148.8 152.3 156.7 161.1 166.2 171 175.1 182.3 190.1 197.6 203.6 211.2 218.3 225.5 231.6 236.4 240.4 243.8 247.7 252 257.1 264.1 271.1 278 281.9 286.3 292.2 295.1 298.6 301.4 304.5 308.4 310 310.2 312.2 314.3 310.7 302.3 298 295 292.9 291.5 291.1 290.8 289.6 286.7 285.3 284.8 282
261.8 262.2 261.1 260.3 259.6 260.8 262.9 263.8 263.5 263.2 262.7 259.1 254.3 248.2 237.8 231.6 223.8 220.4 214.1 208.1 199.8 183.9 172.2 157.1 144.8 135.6 132.1 140.4 142.9 144.8 146.4 150.1 154.5 158.8 163.2 168.3 172.9 179.3 182.1 191 199.8 205.6 212.6 220.7 227.5 232.4 236.7 240.5 244.3 248 252.7 258.6 265.5 271.4 275.8 280.1 285.2 289.5 293.1 296.7 300.7 304 307.3 308.5 308 307.7 306.5 304 300.5 297.9 295 294.2 293.5 293.2 291.9 291.6 291.1 289.5 285.5 282.1
266.1 264.6 263.3 263.1 263.2 264.3 265.4 265.5 265 263 260.2 257.4 251.4 244.1 238.1 232.5 224 215.7 208.3 198 189.5 179.4 165.7 150.2 142.2 137.2 132.6 140.8 143.4 145.2 147.3 151.6 156.2 160.8 165.3 169.9 174.6 180.8 186.7 191.3 195.5 205.8 212.9 220.2 227.8 232.1 234.2 239.1 244.5 248.7 253.6 259.3 265.4 269.9 274.5 279.2 284.2 288.6 292.7 296.3 300.6 303.4 304.3 305.4 305.5 305.6 305.9 305.3 303.7 301.4 301 301.3 302.2 300.6 299.8 297.1 295.5 291.5 287.5 281.8
268.5 266.9 266.5 266.4 266.6 267.3 267.8 266 264.7 262.5 259.7 255.9 249.5 244.2 238.1 231.9 223.7 213.4 204.4 195.8 187.1 175.4 159.7 147.8 142.3 137.3 134 140.8 143.1 145.3 148.4 152.6 157 161.7 167 172.5 177.9 183.9 189.1 195.5 201.7 210 213.5 217.9 227.1 230.6 234.1 239.9 244.3 249.3 254.5 260.3 265.7 269.6 273.7 278.5 283.3 288.1 292.9 296.1 299.8 301.6 303.3 304.9 305.6 307.3 308.5 309.9 308.5 310.8 310.7 310.5 311 311.2 308.4 299.1 294.3 289.4 284.3 280.4
271 269.4 269.3 269.4 270.3 269.4 267.8 265.9 264.3 262 259.1 255.1 250.8 244.9 238.6 231 223.1 211.8 203.2 193.2 182.3 166.7 151.1 145.7 140.8 138 137.4 140.3 143 146.3 149.5 153.7 157.9 163.4 168.7 174.1 179.9 185 191.1 197.5 204.2 211 217.7 223 227.7 231.8 235.5 241.1 245.7 250.8 256 261 265.5 270.1 274.2 278.7 283.1 287.9 292.6 296.3 299.1 301 302.8 304.7 307.5 310.6 314.9 312.5 316.1 321.7 315.5 316.8 317.8 314.4 304.4 295.9 291.3 286 282.1 278.1
273.5 272.2 271.5 271.9 272.6 269.8 267.8 265.9 264.4 261.9 259.7 257.4 252.9 245.8 238.5 230.9 221.7 210.9 203 191 176.8 160.5 147.9 144.4 137.3 136.5 138 140.5 142.8 146.6 150.6 154.6 159.5 165 170.4 175.8 180.6 185 189.7 197.1 204.8 211.9 219.3 224.1 228.6 232.9 237.2 242.1 247.4 252.5 257.5 262.3 266.3 270.2 274.6 278.8 283 287.8 292.3 296.5 299.4 301.2 302.8 307.5 311.3 319.4 317.1 314.6 316.9 315.3 317.9 315.2 313.2 307.1 298.4 292.6 287.9 283.1 279.4 275.5
275.8 274.9 275 274.9 273.1 270.9 268.3 266.1 264.4 263.1 261.1 257.3 252.6 245.9 237.5 227.4 218 209.6 197.9 186.4 172.1 155 147.1 143.2 137.5 136.9 138.9 142.2 145.1 148.3 151.5 155.6 161 166.4 171.7 177 183 189.2 195.2 199 204.3 209.2 215 221 227.6 232 237.9 242.6 249.1 254 259 263.7 267.7 271.6 274.7 278.9 283.2 287.6 291.9 297.3 300.3 301.5 303.5 309.6 317.3 319.9 312.6 311.6 312 315.4 313.9 307.7 305 297.7 293.5 289.8 284.4 279.9 276.7 273.2
276.6 277.3 277.7 274.8 272.9 271.2 268.5 266.3 264.4 263.5 260.9 256.8 252.2 244 233.8 222.7 215.6 206.1 195.1 180.7 162.2 150.8 144.2 143 139.3 137.4 139.8 143 146.1 149.3 152.7 156.3 161.9 167.2 172.5 177.2 184.7 190.8 197.1 203.3 209.3 214.5 220.2 224.7 229.1 234.5 239 243.1 248.6 255 260.3 265 269.1 272.5 275.3 278.7 283 287.6 293.4 299 302.2 302.9 304.6 310.1 317 311.8 310.4 310 308.9 309.4 301.9 300.5 297.7 293.3 289.4 284.6 280.4 277.2 274.3 271.5
279.7 281 277.9 274.9 272.2 270 268.9 266.6 264.9 263.9 259.6 253.3 245.7 239.6 230.4 220.5 213.6 203.1 191.7 173.4 157.7 145.3 141.6 140.5 138.4 138 140.9 143.1 147.5 150.7 153.9 157.5 162.4 168 173.3 178.7 186.3 192.5 198.7 204.8 210.8 215.9 221 226.1 231.3 237.1 242.6 247.6 252.5 257.2 261.7 265.3 269 273.1 275.9 278.8 282.8 287.7 293.6 298.7 302.3 302.3 303.5 306.6 311.6 306.1 308.9 306.6 299.5 296.3 296.6 297.1 293.7 289.1 284.2 280.8 278 275.3 272.9 270.1
280.1 279.3 277.6 275 271.9 269.5 268.8 267.1 265.3 262.8 256.9 247 240 232.7 223.1 217.4 209.9 200.3 185.9 164.9 153.3 142.5 140.8 138.7 137.1 139.4 141.5 144.6 148.6 151.8 155.2 158.8 162.8 168.7 173 180.4 187.9 194.1 200.2 206.2 212.1 217.5 223.2 228.3 233.7 239.6 245.2 250.2 255 259.8 264.8 267.4 270 273.6 276.7 279.5 282.3 285.7 292.1 298 300.3 300.3 298.9 299.2 300.1 298.7 300.8 297.5 289.7 291 291.5 292.2 288.7 284.3 280.9 279.1 276.9 274.5 271.9 269.2
278.8 277.9 276.2 273.3 271 268.8 267 265.7 264.1 260.9 253.4 243.1 235.4 227.6 217.8 210.5 203.5 196 177.2 157.5 146 142.7 141.6 139.3 138.6 141 144.2 147.7 149.5 152.1 155.3 158.7 162.4 167.2 173.9 182 189.5 195.7 201.6 207.5 213.4 219.1 225.3 230.5 236.1 242 247.8 252.8 257.7 262.7 266.9 269.6 272.1 275 277.4 279.8 281.6 283.8 290.7 296.2 297.6 298.8 299.8 298.8 297.1 294 292 290 288.5 289 288.5 287.8 284.8 282.3 280.7 279.3 277 274.4 271.3 268.3
276.7 275.8 274 272.2 269 266.8 263.8 262 260.4 254.3 246.1 238.2 229.2 216.6 207.6 203.5 197.6 181.9 166 152.1 144.3 141.6 141.5 139.8 139.5 142.3 144.6 148 149.5 152.6 155.7 158.7 162.1 167.5 174.6 183 191 196.9 202.9 208.8 214.7 220.8 227.5 232.7 238.6 244.5 250.6 255.6 260.6 265.6 269.1 271.6 274.2 277.1 278.8 280.5 281.2 282.5 287.7 292.8 294.2 298.8 300.9 298.4 295.9 293.9 292.3 290.4 288.5 287.5 286.5 285.1 284.3 282.8 281.2 278.8 275.5 272.3 269.3 266.2
274.7 272.9 271 269.5 267.1 263.8 260.6 257.6 253.4 245.2 237.1 227.7 219.3 209.2 202.1 194.6 185.2 171.1 157.4 147.4 143.2 141.5 141.7 140.3 139.3 142.8 143.9 147 149.9 153.1 156.2 159.2 162.2 167.6 176 185.1 192.1 197.4 203.6 210 216.4 223.1 228.9 235.3 241.4 247.3 254 259.2 263.5 268.5 271.2 273.7 276.3 278.7 280.4 281.9 282.3 282.8 284.5 288.1 293.5 299.1 299.5 296.6 296.3 294.5 291.4 289.3 288.4 287.9 287.1 285.7 284.7 283.1 280.6 277.6 274.3 271 267.6 264.3
271.9 270.5 268.9 267 264.3 259.1 256.4 253.8 246.5 236.2 226 216.3 209.6 203.8 195.4 182.7 172.4 160.3 151.5 144.8 143.4 143.5 142.5 142.1 141.7 144.6 146 146.1 150.4 153.5 156.7 159.8 163 169.8 179 186.5 194.5 200.2 206.1 212.1 218.5 224 230.8 237.8 244.2 250.8 257.2 262.6 266.9 270.7 273.2 275.7 278.5 280.2 282 283.3 283.7 284.2 284.7 286.1 291.1 297.5 297.3 297 298.1 292.9 290.3 289.5 289.2 289 287.7 286.3 285 282.3 279.4 276.4 273.2 269.8 266.4 262.8
269.3 267.9 266.1 264 260 253.8 251.4 248.6 238.6 226.2 215.5 206.3 201.9 194.6 183.9 173.6 163.1 153.3 147.4 144.9 145.3 144.4 143.5 142.8 142.5 145.6 147.6 148.7 150.5 155.3 158.5 161.7 165.2 172 182.4 189.6 196.4 202 207.8 213.8 220.8 225.9 232.9 240.4 247 254.4 260.2 265.1 269.4 272.6 275.3 277.8 280 281.8 283.7 284.7 285.2 285.7 286.2 286.9 289.8 293.9 295.5 298.5 296.5 292.2 290.9 290.7 290.6 289.2 287.5 285.9 284.5 281.5 278.4 275.2 272 268.4 264.9 261.4
266.4 265.2 262.7 259.6 253.6 247 243.2 240.2 231.3 215.3 205.4 198.5 193.5 185.1 174.7 164.8 154.8 148.6 146.5 145.5 145.2 145.1 144.4 143.5 145.1 146.7 148.9 150.5 153.4 154.8 160.3 164.2 168.1 175.7 184.1 191.6 198.1 203.8 209.4 215.3 222.6 229.1 237.1 245.1 250.3 255.8 262.3 267.4 271.5 274.3 277 279.8 281.6 283.5 285.3 286.1 286.7 287.3 288 289.1 290.4 292.5 295.1 296.6 292.5 292.7 292.5 292.3 291.6 289.4 287.5 286 283.8 279.8 276.7 273.6 270 266.6 263.2 260.6
261.4 259.4 256.7 252 244.5 238.6 232.8 226.4 213.1 201.8 194.4 188.8 182.2 175.2 167.4 157.7 151.2 148.7 147.4 147 145.8 144.9 144.5 144.5 145.3 148.1 151.4 154.9 158.1 159.7 161.7 166.2 171.4 179.5 187.1 193.7 199.8 205.2 210.1 216.6 223.6 231.5 239.4 247.4 253.3 257.2 263.4 269.4 273.2 275.9 278.7 281.5 283.6 285.4 287.1 287.8 288.4 289.1 290.2 291.3 292.5 293.9 294.5 294.6 293.8 293.9 293.9 293.7 291.8 289.6 287.6 285.8 282.3 278 274.9 271.6 268.1 264.5 261.6 259.7
255.2 252.6 248 243.6 234.6 229.6 220.4 210.5 198.2 190 185.1 179.8 173.1 166.4 159.2 152.9 149.5 148.4 148.4 147.8 146.9 145.8 145 145.7 149.8 152.6 156 159.4 162.7 165.3 162.5 169.2 174.5 183.2 189 195.6 201.5 206.8 212 218.4 225.1 233.2 241 249.6 254 258.4 264.5 270.5 274.7 277.6 280.8 283.2 285.4 287.3 288.6 289.4 290.2 291.3 292.4 293.5 294.6 296 295.7 295.2 295.1 295.1 295.1 294.2 292 289.9 287.7 283.9 280 276.2 273.2 269.6 266.1 262.5 260.6 258.7
246.8 239.7 232.4 226 217.9 210.9 203.3 194.4 184.3 178.6 174 170.5 164.8 158.3 153.3 151.5 150 149.7 149.2 148.5 147.7 146.8 146.3 150.1 153.7 157.3 160.5 163.9 167.5 170.7 169.5 170.7 179 186.8 191.8 197.3 202.3 207.8 214.1 220.3 227.4 235.7 243.7 250.5 254.8 259.9 266.2 270.9 275.1 279.5 282.7 284.9 287.2 289.3 290.2 291.5 292.7 293.7 294.7 295.6 296.7 297.6 296.9 296.5 296.3 296.2 296 294.4 292.3 290 285.9 282.1 278.5 274.7 271.2 267.5 263.8 261.3 259.5 258.2
239.6 231 221.8 213.4 205 196.7 185.6 178.1 172.1 168.7 165.6 162 157.7 154.9 153.2 151.8 151.1 150.7 150 149.3 148.5 148.1 151 156 158.5 161.6 165.1 168.8 171.2 174.2 174.1 177 178.7 186.7 192.5 197.5 202.7 208.1 216.4 222.4 229.9 238.2 246.4 252.8 256.7 261.7 267.1 271.3 275.5 279.9 283.3 286.5 288.7 291 292.6 293.9 295.2 296.3 297.2 298.1 298.6 298.6 297.7 297.8 297.8 297.2 296.3 294.5 292.2 288.7 283.8 279.7 276.5 272.7 268.2 264.8 262.4 260.4 258.5 257.9
231.5 223 211.8 202.6 192.8 183.2 175.2 170.5 166.5 163.9 161.1 159.1 157 155.2 153.8 152.6 152.9 151.8 151.7 151.3 150.6 154 158 161.1 163.6 166.8 170.5 173.6 175.7 178.6 179.5 181.8 183.8 185.9 192 198.8 204.9 211.5 218.8 224.7 234.5 243.9 251.8 258.8 263.7 265.7 268 272.1 276.2 279.6 282.8 286.1 289.4 292.5 294 295.7 297.3 298.4 299.1 299.8 299.6 299.4 299.8 299.3 299.3 298.8 296.7 294.8 291 286.6 281.7 277.3 273.8 270.4 266.2 263.6 261.6 259.5 258.3 257.9
223.1 213.8 204.1 193.4 186 179.5 176.9 175 170.5 164.6 159.9 158.4 157.3 156 155.3 154.3 153.3 152.8 152.4 153.1 156.3 160.8 164.6 166.4 169.2 172.4 175.8 179.2 182.1 183 185.6 188.7 191.8 190.8 192.4 199.3 207.6 214.5 221.2 228 238.6 248.9 259.4 264.9 266.8 268.7 270.6 273.5 277.7 281 284.3 287.7 291.3 293 295.9 297.5 299.1 299.9 300.6 301.1 300.5 299.8 300.6 301.1 300.2 297.7 295.3 293.1 288.9 284.5 279.7 275.3 271.5 267.8 264.7 262.6 260.5 258.6 258.7 259
217.1 207.7 199.3 188.9 190.4 189.5 186.1 180.9 173 165.1 159.4 158.6 157.1 155.8 155.5 155.3 154.9 154.1 155 160.1 164 169 170.5 172 175.3 179.3 181.2 184.6 188.1 190.9 192.8 194.9 198.1 200.1 198.2 200.2 210 216.9 223.4 232.8 243.5 254.4 265 267.3 269.4 271.3 273.9 276.8 279.9 283.1 286.6 290.1 291.6 293.4 296.8 299.4 300.8 301.5 302.1 302 301.4 300.3 300.4 301.2 299.3 296.8 294.3 291 286.6 282.2 277.6 273.2 269.5 265.9 263.5 261.6 259.5 258.7 259.8 261.1
213.1 205.9 195 197.3 197.2 193.9 187.9 179.7 170.8 162.5 160.3 159.8 159.3 157.5 157.2 156.7 156.3 157.4 159.6 166.1 171.1 174.8 176.8 178.8 182.2 185.6 187 189.9 193.4 196.8 199.6 201.8 203.7 205 206.5 206.2 212.4 219.4 227.4 237.5 248.1 257.5 265.4 268.6 271.8 274.5 277.2 279.9 282.8 285.5 289 290.6 291.6 293.9 297.2 300.6 302.4 303 303 302.9 302.3 301.2 300.3 301.5 298.2 295.4 292.5 288.3 284.1 279.9 275.5 271.2 267.7 264.5 261.8 260.1 259.2 259.8 261.4 263
211.3 203.1 202.6 203.3 200.6 194 184.7 176.2 168.5 162.5 161.2 160.3 159.4 159 159.2 158.9 160.9 163.8 168.1 175.7 179 182.5 184.4 186.5 187.8 190.9 192.8 195.4 198.8 202.1 205.2 208 209.6 211 212 213.5 216.6 222.5 232 240.7 249.8 260 265.6 269.1 272.4 276 279.6 282.7 285.7 287.9 289.7 290.5 292 294.3 297.6 300.7 302.4 303.3 302.7 303.7 302.6 302.7 301.7 300.5 297 293.5 289.9 285.6 281.4 277.2 273 269.4 266.1 263.3 260.8 259.8 260.1 261.3 262.9 264.6
209.4 203.1 207.6 206.2 200.6 191.2 181.3 173.8 166.4 163.5 161.8 161.3 161 160.6 162 163.8 167.1 172.4 177.7 183.6 186.9 190 192.2 194 195 196.8 199.2 201.1 205.5 208.5 211.9 214.3 215.9 217.3 218.7 220.1 220.9 225.2 231.9 240.3 248.6 258.8 265.8 269.3 274.1 278.1 281.8 285.5 287.7 289.3 289.5 290.4 292.4 294.7 297.8 299.6 301.3 301.9 302.6 303.5 302.9 302.9 303 300.3 296.3 291.8 287.2 282.9 278.6 274.4 270.8 267.6 264.5 262 260.6 260.4 261.6 262.8 264.4 265
209.7 212.8 211.8 206.8 198.1 188 177.9 170.5 165.9 164.4 163.1 163.8 162.7 164.5 166.6 168.7 175.7 181.3 187.2 191.1 195.1 197.4 199.5 199.7 201 202.7 205.9 209.8 213.1 215.9 218.1 220.8 224 225.4 226 226.4 227 227.5 233.9 240.1 248.6 257.9 265.6 271.7 276.8 280.7 284.4 288.1 289.3 290.2 291.4 291.4 293.7 294.4 296.4 298.3 299.1 300.2 301.3 302.1 301.9 301.7 301.8 298.8 294.5 289 284.4 280.2 275.9 272.2 268.8 265.7 263.2 261.1 261 261.9 263.1 264.3 265.8 265.4
217.2 216.8 213.1 204.8 193.9 184.7 174.6 168.2 166.4 164.7 164.3 165.5 168.3 169.9 172.5 177.7 184.6 190.6 195.8 199.7 202.1 204.1 206 207.4 208.8 210.3 214 217.8 220.3 223 225.4 228.4 231.2 231.4 231.9 232.3 233.1 232.3 235.9 242.8 251.3 260.4 267.2 273.2 277.9 282.2 285.8 289.2 289.1 289.8 290.7 291.4 292.1 292.8 294.8 296.6 297.8 298.9 300 300.2 299.5 298.9 297.4 295.6 290.9 285.7 281.8 277.5 273.5 270 267 264.4 261.9 262.1 263.1 264.4 264.7 265.8 266.6 265.8
221.7 219.4 212.1 200.7 189.5 180.4 173.1 169.4 167.7 166.8 167.6 170.4 173.8 177.2 181.1 188.3 194.9 199.9 204.3 207 208.4 210.4 211.8 213.2 214.4 216.8 222.2 225.3 227.8 230.4 233.8 236.3 238.6 238.1 237.8 238.2 239.1 238.3 238 246.4 255 262.7 267.8 273 278.2 282.8 286.1 287.5 287.2 288.6 289.7 290.1 290.6 291.2 292.9 294.4 295.8 297.1 298.5 298.2 297.7 296.9 293.4 290.6 286.8 282.8 278.9 275 271.1 268.5 266 263.3 262.5 263.2 265.3 266.5 267.6 267.5 266.5 265.6
