webserver/python/data/NH57.asc
ncols 200
nrows 200
xllcorner 250000
yllcorner 870000
cellsize 50
[rows 105 to 139 of 200, columns 78 to 155 of 200]
229.1 226.6 227.8 225.7 220.6 224.5 224.1 224.2 222.6 216 215.1 213.8 210.8 215.3 221.4 222.8 222.7 224 228.2 233.9 235.8 237.2 238.8 241.2 240.9 241 240.8 243.9 244 244.1 243.9 244.5 244.8 245 245.6 245.8 247.3 248.4 250.6 253.9 259.2 259.3 265.6 266.6 265.8 261.1 251.2 238.4 229.4 221.7 214.7 208.6 204.3 197.2 189.3 183.8 178 174.8 173.5 176.4 178.4 178.9 186.5 193.5 202.6 206.8 213.7 212.5 209.3 206.7 196.9 193.4 190.9 187.3 188.4 187.7 186.1 186.5
241.8 238 236.4 232.5 229.8 233.6 232.7 231.6 227.2 223.2 220.8 223 220.9 223 229.8 230.5 230.7 230.4 235.5 239.5 240.6 242.7 244.3 245.9 245.5 245.5 245.7 248.7 248.8 249 249 249.6 250.5 251.4 252.7 255.3 255.7 257.6 260.5 263.1 269.6 274.7 281.3 284.1 284.1 278.9 269.6 255.7 245.1 236.1 226.9 213.9 206.8 199.9 194.6 186.1 179.3 176.7 173.6 172.6 174.5 176 178.1 179.3 184.1 192 196.9 200.4 196.2 195.3 188.8 185.5 173.2 166.4 165 168.2 172.7 174.6
249.6 247.1 244.3 239.6 238.8 239.6 238.4 237.2 232.8 230.5 228.6 230 230.4 225.4 236.4 237.1 239.5 239.1 242.3 243.9 245.3 247.6 249.4 251.2 251 251.5 251.8 253.6 253.7 253.8 254.2 255.5 255.2 256.4 257.9 259.6 262.5 266.3 268 271.3 276 286.1 295.2 300.1 301.6 296.8 281.8 269.7 257.5 244.1 234.6 221.8 212.4 201.8 193.6 185.7 179.5 177.7 177.1 174.4 172.8 172.8 174.8 175.4 176.5 178.3 182 185.1 184.8 180.4 178.1 176.5 168.5 168.2 170.2 166.4 169.5 170.8
258.3 254.8 250.3 244 246.1 245 243.7 241.9 238.3 237.1 238.3 239.6 239.9 233 241.2 242.9 244.7 245.3 246 248.5 250.8 252.2 254.1 254.8 255.1 255.9 256.7 258 259.5 260.7 260.5 259.2 259.4 260 262.9 265.3 268.2 271.9 276.3 280.5 286.1 295.8 304.8 311.7 318.6 319.2 298.7 279.6 269.4 257.5 241.9 224.6 214 204.8 196.2 186.1 181 177.6 176.1 175.8 174.4 173.6 172.5 172.8 175.9 174.7 175.9 177.3 177.2 175.2 173 168.6 176.7 176.9 174.4 170.7 163.4 168.6
265.2 261.1 256.8 252.3 253.1 251.3 248.7 246.7 244.8 244.9 245.6 246.4 246.3 240 248.3 249 249.9 250.7 251.1 253.6 256.4 258.1 258.7 260.4 261.1 261.5 261.3 264.4 267.8 266.7 264.9 264.1 263.7 265.2 268.8 271 273.9 277.9 281.5 286 291.6 299.6 308.6 317.1 323.8 321.1 310.9 295.8 277.2 262.5 248.4 225.2 212.6 206.6 200.7 196.1 186.8 180.7 178.5 176.9 177.6 175.7 175.4 174.1 172.9 172 172.4 171.3 172.1 171 170.1 168.8 174.4 174.8 173.8 170.7 162.1 164.2
274.4 269.3 263.8 262.7 261.4 259 256.5 254.3 254.1 254.1 254.3 254.7 254.5 248.7 254.9 255.7 256.4 257.3 258.3 260.3 262.2 263.5 264.3 264.4 265.4 266.2 266.8 268 270.2 270.6 270.2 269.7 269.2 271.1 274.1 275 276.4 280.1 284.1 290.1 295.2 302.7 309.5 318.6 322.1 319 311.2 308.6 296.2 267.7 252 230.4 220.4 213.3 208.5 203.4 194.3 184.7 181.5 182 180.9 178.7 177.8 175.8 175 174.5 174.2 173.5 171.5 170.6 171.4 173.4 174.1 173.2 172.6 172.5 167.2 160.9
284.1 277.2 271.6 273 271.4 268.2 267 267.2 267.1 266.6 265.7 265.1 264.1 259.5 262.8 263.4 264 264.8 265.9 267.2 268.9 270 270.6 271.2 271.2 270.5 272.6 274.2 275.2 276.3 275.8 275.4 274.9 277.1 278.9 279.6 281 283.4 288.5 294.7 300.3 305.4 310.6 317.9 322.5 322.4 321.2 320.1 302.2 277.9 258.1 238.3 225.4 219.3 211.9 206.1 199.6 191.8 185.7 186.5 184.4 181.3 179.8 178.1 177.2 176.8 176.9 176.3 175.6 175.1 176 175.2 175 178.3 177.6 175.3 170.4 167.5
292 287.1 285.3 283.6 282.3 281.2 279.7 279.2 279.2 277.9 277.1 274.3 271 266.8 270.8 271.6 272.4 273.2 274.4 275.4 276.4 277.1 277.6 278 278.2 278 279 279.7 281.1 281.5 281.2 280.8 280.8 281.4 282.9 283.8 285.4 288.3 293.4 299.2 306.1 308.8 312.5 317.6 321.6 324.1 323.4 317.1 305.8 288.5 267.6 245.3 232.4 224 210.7 205.4 199.1 200 196.1 195.5 193.8 190.2 185.8 182.8 179 178.4 178.9 178.5 178.4 177.9 178 177.5 178.3 178 176.6 173.9 170.6 168
295.5 296.4 294.5 294 294.4 292.9 292.3 292.4 290.9 289.9 287.7 286.1 283.8 278.7 279.9 280.9 282.4 282.7 282.7 283.3 284.3 285 285.2 285.5 286.1 286.4 286 286.2 286.9 286.7 286.3 287.1 287 287 287.5 288.2 289.8 292.5 296.8 301.2 306.3 309.9 314.8 319 322.6 324 322.5 316.1 305.2 289.8 270.6 249.9 235.1 220.5 210.7 205.9 203.2 202.8 199.4 196.1 200.4 202.2 191.8 188.2 186.1 183.6 181.9 181.6 182.4 180.3 179.8 180.7 179.1 176.5 173.7 170.8 169 166.7
310.8 309.6 309.7 310.3 309.2 308.4 306.6 305.6 302.8 301.2 299.2 296 295.2 290 289.3 288.9 291.2 292.5 292 292.2 292.8 292.8 292.7 293 293.6 294.3 293.5 293.2 292.4 292.3 291.9 292.5 292.3 292.2 292.1 293.1 294.9 296.7 298.6 302.9 306.2 310 314.2 320.2 324.9 326 319.6 312.9 302.4 287.1 271.5 252.9 230.6 221.1 217.1 210.8 205.9 204.4 201.9 196.1 196 196.8 197.7 196.2 192.4 189.4 187 188.5 185.4 181.5 182 181.8 178.4 175 172.2 170.4 168.5 165
323.5 323.1 324.5 326.9 326 323.4 319.3 316.6 315.6 312.4 310.3 307.3 303.5 299.7 300.8 300.6 301.2 302.7 302.2 301.5 301.2 301.4 301.6 302.1 301.8 302.2 301.7 300.8 299.5 298 297.6 298 297.6 296.8 296.4 296.8 298.4 299.8 301.5 303.8 306.6 310.2 313.9 319.4 328.9 332.8 323.7 311.6 299.2 285.1 267 247.5 232.3 223.8 221.4 216.1 211.7 209 204.7 200 197.1 195.9 195.2 193.9 192.5 191.3 189.5 187.8 185.4 182.7 182 180.7 177.3 174.6 174 171.6 167.2 164.4
336.1 336.5 338.9 339.9 338.7 335.8 330.2 326.8 324.4 321.7 319.4 317.2 306.8 313.4 312.1 312.3 311.7 312.8 313 312.9 311.7 313.9 313 312.4 310.1 310.9 310.1 309.4 308.9 306.5 304.8 303.5 302.8 301.8 301.1 301.1 301.6 302.2 302.9 304.6 307.5 308.4 311 316.5 329.9 331.5 324.6 312.8 299.6 285.3 266.7 248.1 238.9 231.1 222.4 216.9 215.2 214.3 209.9 206.3 202 198.4 195.8 194.1 193.2 192.2 192.9 191.8 190.7 186.6 182.6 181.2 179.2 176.9 175.3 168.8 165.2 166.4
349.7 350.6 352.3 349.3 348 347.1 345.9 342.7 337.8 333.9 330 326.2 318.4 325.3 329 330 326.5 326 327.3 326.7 328.1 328 326.1 326 326 324.6 324 321 319.3 316.2 314.1 311 309.5 308.1 306.3 304.5 303.7 303.7 304.1 305.5 307.1 307 305.6 311.1 328.7 338.2 327.5 317.6 304.8 290 272.5 255.4 244.8 238.8 229.5 222.4 214.9 214.4 213.2 211.5 205 201 198.2 195.2 191.8 191.2 192 193.7 190.2 187.3 185.6 184.4 183.2 179.8 173.5 173.8 176.4 175.2
363 363.9 366.2 365.9 363.5 360.2 360.6 359.1 355.6 348.5 341.8 334.1 326.2 338.4 345.2 349.4 349.8 347 345.9 344.2 343.5 342.9 342.2 341.8 342.1 340 338.6 335 331.3 327.8 323.2 318.2 317 315.4 312.7 310.3 306.4 305.9 305.6 305.2 306 305.4 302.5 303.3 315.1 338.5 335.4 326.9 311.2 292.1 274.5 258.3 246.8 236.6 227 222.6 215.4 210 208.8 208.1 207.4 204.6 201.4 197.9 192.1 191.1 190.5 189.9 189.9 189.2 188.8 187.5 185.9 179.4 175.7 179.3 180 179.4
376.5 379.3 379.8 380.4 379.3 376 377 375.9 371.7 365.6 356.1 337.6 342.2 352.4 359.6 367.3 367.4 367.3 365.8 363.4 361.4 359.7 360.3 359.9 359 357.2 355.5 352 344.9 339 333.7 327.9 322.8 320.2 317.9 314.7 311.1 308.7 306.1 302.6 303.3 302.1 297.8 294.2 299.6 304.2 310.5 315.1 307 291.3 275.5 260.3 248.9 236 228.9 220 213.6 210.5 207.6 205 201.2 201.1 202.2 197.6 192.4 191.8 190.3 188 187.1 184.9 183.5 182.4 180.5 171.2 184.2 183.5 184.7 184.7
394.8 394.6 394.3 395.4 394.6 394 392.7 390.7 387.2 380.2 365.8 353.7 361.4 367.2 375.2 380.2 382.5 381.6 382.7 383.3 381.7 378.5 376.5 376.4 377.1 376 373 367.6 360.7 354 346.4 338.6 333.2 327 321.8 318 315.4 312.8 304.7 298.6 294 292.5 291.7 290.4 290.8 291.5 289.6 291.9 298.4 286.2 274.7 261.5 251.7 242.3 231 222.2 216.6 212.8 208.9 205 201 197.2 195.3 193.9 193.4 193.7 191.6 188.9 184.4 182.7 181.2 185.1 177.5 186.4 186.6 187.4 188.5 189.3
408.3 410.1 410.3 409.8 409.7 409.8 408.1 403.2 399.8 392.8 374.3 375.1 376.7 379 385 392.7 397.5 401.2 401.7 399.5 398.9 396.4 395.5 392.1 393 392.2 389.8 388 379.9 369.4 363.1 355.5 346.6 337.8 329.6 324.4 320 313.2 306.9 299.8 293.4 291.3 289.8 287.9 286 284.7 281.7 278.4 274.5 273.3 265.3 256.9 249.1 242.1 233.3 226 220.2 215 208.6 202.6 200.7 197.8 195.5 193.8 191.5 191.4 190.9 188.1 186.8 185.2 186.6 184.9 183.2 178 187.5 189.8 191.1 191.2
422.5 423.6 424.4 423.5 423.6 422.2 419.7 416 410.5 402.1 382.5 389.6 389.3 390.2 395.2 404.2 410.6 414.5 415.6 415.9 414.7 414.1 412.1 410.1 407.9 409.4 411.6 412.6 403.7 391.7 377.9 366.6 357.8 350.8 339.9 332.2 323.7 316 309 303.4 299.8 294.7 290.4 287.6 284 278.6 275.2 273.8 269.2 264.9 260.7 256.6 249.4 241.1 234.8 228.9 222.4 216.4 211 203 201.8 199.7 198.7 194.7 191.4 190.1 188.7 188.1 188.8 186.2 188.4 187.5 185.7 187.6 181.8 188.9 192.8 192.7
438 436.5 436.1 435.4 434.3 431.1 427.6 424.5 419.6 405.1 391.4 401.2 402.8 400.2 406.2 414.8 421.2 425.4 427.2 427.9 428.1 428.8 429.6 428.5 430 432.3 436.1 436.9 428.9 418.4 401.2 384.3 367.9 356.4 352.2 339.1 325.8 316.5 311.8 307.9 304.4 299.6 296.3 293.6 288.7 281.8 277 271.1 267.1 262.3 256.4 253.2 246.2 239.9 236.3 230.5 223.1 217.2 211.1 210.9 206.5 201.9 199.5 196.1 193.3 191.3 190.9 190.4 190 188.4 190.4 189.5 188.4 189.8 190.9 191.5 184.8 186.8
453.6 446.9 446.1 446.1 443 439.4 433.6 428.8 425.5 412.2 404.4 410.3 409.5 410.1 416.6 424.3 430.4 435 435.8 439.6 443.4 446.7 449.3 453 455.8 457.2 460.5 457.8 446.6 437.8 425 406.1 389.2 367.5 354.2 343.3 333.5 325.9 318 314.2 310 306.2 301.6 298.4 295.6 291.2 284.7 278.2 274.5 269.2 265.6 260.6 253.8 245.1 237 231.1 226.9 220.9 216 212 208.4 205.8 202.3 200.2 196.8 193.4 192.6 192.6 193.2 190.5 193.6 192.5 192.7 193.9 196.7 197.5 196.1 189.1
461.3 458.4 456.8 453.2 449 445 439.3 434.1 429.6 415.9 419 421.1 419.5 421.5 426.6 434.2 440.9 446.7 452.1 455.6 460.8 464.8 469.4 473.7 476.2 476 477.3 476.4 467.6 450.9 437.4 416.2 394.4 376.5 364.8 355.7 345.8 334.8 327.3 323 318.6 312.3 306.7 301.8 296.6 292.6 289.9 285.9 280.1 277.4 271.3 266.8 262.2 255.7 246.8 240.9 233.3 226.2 219.8 215.7 211.9 210 206.5 203.8 199.9 196.4 194.8 195.3 195.6 193.1 196.8 197.6 198.1 197.7 198.9 199.1 198.3 189.2
470 466.2 463 457.6 451.2 447.9 445.1 443.2 437.1 423 429.3 432 428.6 434 441.9 450.3 456.5 463.3 467 470.2 477.6 484.8 490 495.1 496.6 497.7 498.6 494.3 485 466.7 442.7 417 395.8 384.2 374.7 367.4 360.4 351.5 341.3 334 328.6 323.6 315.3 307.4 299.9 294.8 291 287.7 283.4 278.9 274.3 269.6 265.2 260.5 256.4 254 249 242.3 232.5 222.9 217 214.1 210.9 206.1 203.3 200.5 197.1 197.6 197.5 195.9 199.1 200 200.7 201.2 203 202.3 200.1 192.7
477.7 472.5 467.1 460.6 457.5 455 453.3 451.9 443 440.9 441 442.4 446.2 453.6 459.4 463.1 469.2 474.2 479.7 484.8 496.4 504.1 510.3 513.5 514.7 514.4 513.4 509.2 501.9 479.9 449.5 427.5 413.1 401.1 392.9 383.8 376.7 366.2 354.4 341.9 334.5 328.4 321.1 312.3 304.7 296.8 291.1 287.7 284 278.1 273.3 271 266.8 263.1 260.8 257.7 253.3 248.9 243.5 236.4 226.6 218.8 214.9 210.6 207.5 204.7 201.1 199 198.8 201.4 200.7 202.6 203 203.4 204.5 205.5 203.5 200.9
488.8 481.8 474.5 469.7 465.5 462.8 461.7 459.8 454.5 451.4 452.8 455.8 460.1 465.9 471.2 474.6 479.2 486.3 492.9 502.2 513 520.4 527.2 531.2 532.3 531 520.8 509 497.2 476.3 457.9 437.8 422.5 411.5 404 398.8 393.2 387.9 375.5 362 349 337.5 327.5 317.8 307.9 300.5 294.2 288.5 285.1 281.1 277.3 275.1 271.6 268.4 264.2 262.5 259.2 254.1 249.2 243.9 238.4 230.7 222.4 216.6 212.6 209.2 206.5 204.4 204.2 204.7 204.1 205.4 205.8 206.2 205.5 205.8 205 204.1
496.9 491.1 483.6 476.9 471.7 468.9 468.6 465.2 461.4 460 460.6 464.6 468.7 473.7 479.5 484.3 492.3 501.3 509.1 519.3 528 535.9 542.8 548.5 550 543.1 533.1 518.4 502.6 485.6 462.9 443 427.6 414.6 405.7 398 391.6 388.4 385.4 381.3 365.5 350.8 336.9 325 317.5 307.8 300.5 295 290.5 286.1 283.3 281.4 280.4 277.8 274.6 269.5 265.2 260.5 255.5 249.8 245.5 240.2 234.2 227.3 221 215.9 212.8 210.7 208.2 211.1 210.5 208.8 208.4 207.9 207.3 207.1 205.9 204.5
505.1 499.2 492.5 486.5 479.5 474.3 471.2 468.6 466.9 467.8 467.6 471.4 478.4 485.3 489.9 496.3 505.8 516.6 525.8 534.7 543.7 551.4 558.1 566.2 564.8 559.6 548.6 534 519.4 502.9 485.2 468.5 452 430.5 416.1 404.3 393.3 390.4 385.4 380.3 374.2 367.8 358.4 338.5 332.6 321.8 317 310.7 301.2 298.9 296.1 295.2 290.5 286 280.6 276.1 271.3 266.8 262.2 255.4 251 246.6 241.4 236.3 230.1 224.3 220.5 215.7 208 215.1 214 211.7 210.1 209.2 208.5 207.9 206.8 205.2
511.7 505.9 498.9 491.1 486.5 482.7 478.7 474.6 474.3 475.3 476.6 482.6 488 493.3 499.3 508.1 518 528.4 537.1 546.2 554.5 561.3 568 575.9 580 575.3 563.5 548.6 533.1 517.3 501.8 488.9 475 461.2 447.3 429.9 413.8 401 395 394.8 390 381.4 377 362.5 343.2 338.6 332.7 329.3 323.5 315.7 310 306.8 303.5 296 287.8 281.1 275.6 271.9 269.5 265 258.2 252.5 247.6 241.2 237 232.2 226.8 217.4 218.5 217.9 218.4 214.6 213.2 212.2 210.8 210 209.3 206.9
517.6 511 504.8 496.4 490.3 488.4 486.4 480.9 481.4 483.2 485.9 491.2 494.5 499.5 508.3 517.6 527.3 536.8 545.7 553.3 558.7 564.5 571 573.9 574.5 573.3 565.6 552.9 540.5 528.2 514.8 502.3 492.2 481.4 468.1 456.6 443.6 428.7 413.3 406.6 409.3 402.2 393.6 382.9 361.1 353.2 347.1 344.5 337.7 328.9 321.3 314 308.4 302.9 295.6 286.7 279.8 275.4 273.4 270.7 266.7 260.6 253.6 246.6 242.2 236.8 227.5 216.2 225 223.8 222 220.3 219.3 218.7 217.8 216.6 215.3 213
525.3 516.5 509.2 503.3 499 497.1 492.5 488.4 486 488 489.9 494.1 498.3 505.3 515.9 526.5 534.7 542.4 548.8 553 556.3 559.8 562.6 565.8 563.9 556.8 553.4 550.4 546.5 540.3 525.9 514.6 507.1 497.4 486.8 476.6 466.1 454 440.9 427.3 423.5 416.4 405.1 394.7 379 367.2 359 348.4 343.8 340.3 331.3 325.8 315.3 306.7 298.2 291.1 285.4 279.7 277.7 276 272.9 268.6 261.3 253.9 248 231.9 229.8 234.5 231.9 229.9 227.6 226.8 226.4 225.2 224 222.8 221.6 220.1
534.8 523.2 515.7 509.3 506.9 503.1 494.9 492.4 489.6 491.1 491.8 496.6 502 512.2 521.5 529.7 537 542 544.7 547.5 548.7 551.6 553.6 552.8 551.5 547.5 542.1 545.8 547 545.9 537.8 526.5 518.2 513.1 504.1 494.1 482.7 472.1 461.1 450.9 441.4 427.8 411.8 398.1 390 379.6 369.6 356.4 343.7 341.3 337 328.2 320.5 310.8 300.3 293.5 288.3 284.3 282.3 280.7 277.2 272.8 267.6 259.9 249.6 228.7 243.1 241.6 239.6 235.5 233.9 231.9 231.3 229.8 228.9 228.1 227.3 226.3
548 536.7 527 518.6 511.5 503.4 495.7 494.5 492.4 493.3 496.4 499.4 505 516 523.3 529.8 534.6 537.5 538.3 538.2 538 538.2 538.9 538.3 537.5 536.8 536.1 532.2 535.4 535.4 533.2 528.9 524.7 518.9 513.2 506.1 494.6 478.7 473.5 466.1 447.7 428.1 414.9 408.6 398.4 388 372.7 360.2 348.7 339.8 332.2 326.5 317.9 309.9 304.2 299.4 294.8 290 287.3 283.7 279.8 275.5 270.1 264.1 257.5 235.3 249.5 248.8 245.7 242.9 241.4 239.6 236.7 234.8 233.6 232.3 230.9 230.3
564.3 550.9 540.2 529.6 519.5 512.3 507.2 502.6 498.3 496.6 497.8 500.3 505.9 515.7 521.8 525.7 528.2 528.6 526.9 525.5 523.1 523.3 524.1 523.3 521.6 522.1 523 522.6 516.9 516.5 518.6 518.7 519.7 516.4 509.8 499 484.5 472.8 463.8 444.2 428.7 421.9 415.2 410.3 405 387.1 374.3 362.7 349.2 338.7 329.9 319.7 314.2 311.7 309.6 305.5 301.2 296.4 291.2 285.9 281.9 277.8 272.4 267 261.2 250.7 256.3 254.1 250.6 249.3 248.2 245.7 243 240.7 238 235.8 234.5 234.3
576 566.3 555.2 545.7 535.3 523.3 516.9 508.3 503 501.4 500.3 501.6 506.5 512.9 518.3 520.4 519.5 513.7 510.3 509.8 507.5 507.5 506.9 505.8 505.4 504.4 504.3 503 500.4 497.1 499.3 502.4 503.3 500.9 493 479.7 466 452.3 437.2 425.1 416.7 407.7 402.2 393.8 385.2 378.7 370.5 361.4 351.2 341.8 332.7 325.5 321 318.7 315.5 308.3 303.2 298.5 292.9 288.2 285.6 278.3 266.6 265 263.5 264.1 261.6 258.8 257.2 255.4 253.7 252.6 250.4 247.6 245 241.8 239.5 238.8
585.8 579.4 571.5 562.6 552.9 537.2 522.8 512.9 508.8 506.7 508.8 510.2 509.6 509.5 512.3 511.8 506.4 501 497.3 493.3 490.4 492 491.5 489.8 490 488.3 486.1 484.1 482.5 484.8 485.1 486.2 488.4 486.5 478.7 466 452.3 437.8 419.7 407.6 400 393.8 386.8 380.3 375.1 365.9 359.9 354.4 350.5 345.3 339.8 338.1 332.2 325.8 316.9 310.2 304.7 299.7 293.9 289.3 282.8 268.1 274.3 276.1 271.4 268.8 266.3 264.5 263.3 261.6 259.2 257.2 255.1 253 250.7 248.5 245.6 244.9
592.5 589.7 583.9 577 564.4 547.6 533.5 522.2 517.8 520.9 521.8 518.5 512.5 507.4 500.8 498.8 492.5 489 486.2 479.8 476.9 476.1 476.8 475.9 474.8 471.9 470.9 466.4 469.5 469.8 474.4 475.8 475.6 473.4 466.7 452.6 440.2 426.4 412.8 403.8 396.9 390.8 383.6 378.3 371.9 365.8 360 353.1 349.1 343 339.3 335 329.1 321.1 315.9 308 301.7 295.9 292.6 288.7 276 283.3 283.4 282.5 280.1 277.5 274.7 272.3 269.7 268.2 263.4 261.8 260.2 257.6 255 252.2 250.4 248.9
