webserver/python/data/NH63.asc
ncols 200
nrows 200
xllcorner 260000
yllcorner 830000
cellsize 50
[rows 70 to 104 of 200, columns 78 to 155 of 200]
222.8 220.9 220.1 220.5 219.4 218.1 216.9 216.5 216.9 217.4 217.7 217.9 218.3 218.6 219 219.3 219.4 219.3 219.1 218.9 219.1 219.4 220.9 222.5 222.9 223.2 223.4 223.7 223.9 224.2 224.6 225.1 225.6 226.1 227 227.8 228.3 228.8 229.3 229.8 230.2 230.4 230.9 231.4 232 232.5 233 233.5 234.2 234.9 235.6 235.6 235.7 235.9 236.2 236.5 236.8 237.1 237.1 236.9 236.8 236.8 236.7 236.6 236.5 236.5 236 235.5 235 234.6 234.1 233.7 233.2 232.9 232.7 232.5 232.4 230.9
223.5 221.9 220.2 220.7 219.4 217.9 216.4 217.4 217.9 218.2 218.5 219 219.3 219.6 220 220.1 219.9 219.7 219.5 219.7 219.9 220.2 221.3 222.8 224.4 224.7 224.9 225.2 225.4 225.8 226.2 226.7 227.2 227.7 227.9 228.3 228.8 229.3 229.8 230.3 230.8 231.2 231.5 232 232.6 233.1 233.6 234.1 234.8 235.4 235.5 235.6 235.6 235.9 236.2 236.5 236.8 236.9 236.9 236.7 236.4 236.3 236.3 236.2 236.1 236.1 235.6 235.1 234.7 234.2 233.7 233.3 232.8 232.4 231.9 231.1 232.1 229.7
222.5 221.6 220.7 219.7 218.9 218.7 218.4 218.6 218.8 219.1 219.6 220.2 220.6 220.9 220.9 220.5 220.2 220 220.2 220.4 220.6 221.2 222.2 223.3 224.7 226.2 226.4 226.7 227 227.4 227.9 228.3 228.6 228.8 229.1 229.4 229.7 230.1 230.4 230.8 231.3 231.8 232.2 232.7 233.2 233.7 234.2 234.7 235.3 235.4 235.5 235.5 235.6 235.9 236.2 236.5 236.6 236.7 236.7 236.5 236.1 235.9 235.9 235.8 235.7 235.8 235.3 234.8 234.3 233.8 233.4 232.9 232.3 231.2 230.1 229.5 230 228.9
221.3 220.6 220.1 219.4 219 218.6 218.8 219.5 219.7 220 220.7 221.4 221.8 221.8 221.4 221 220.6 220.7 221 221.2 221.5 222.3 223.2 224.3 225.4 226.6 228 228.2 228.5 229 229.3 229.6 229.8 230 230.2 230.5 230.9 231.2 231.5 231.9 232.2 232.5 232.9 233.3 233.8 234.2 234.7 235.2 235.4 235.4 235.4 235.4 235.6 235.9 236.2 236.3 236.4 236.5 236.4 236.3 236.1 235.5 235.5 235.4 235.3 235.4 234.9 234.5 234 233.5 232.9 231.4 230.3 229.2 228.1 227.9 227.6 227.7
221 220.5 219.6 219.1 218.7 218.7 219.4 220.2 220.6 221.1 221.8 222.5 222.5 222.1 221.6 221.2 221.3 221.5 221.7 222 222.5 223.3 224.1 225.2 226.4 227.5 228.7 229.7 230.1 230.3 230.5 230.7 231 231.2 231.4 231.6 232 232.3 232.6 233 233.3 233.6 233.9 233.8 234.1 234.6 235 235.5 235.5 235.4 235.4 235.4 235.6 235.9 236 236.1 236.2 236.3 236.2 236 235.9 235.5 235.1 235 235 235.1 234.6 234.1 233.7 233.2 232.4 231.4 230.1 228.4 226.6 226.5 226.3 225.4
221.4 220.3 219 218.8 218.6 219.3 220 220.8 221.5 222 222.4 222.8 222.5 222 222 222.1 222.2 222.4 222.5 222.8 223.5 224.3 225.1 226.2 227.3 228.5 229.6 230.9 231.3 231.5 231.7 231.9 232.1 232.4 232.6 232.8 233.1 233.4 233.8 234.1 234.4 234.6 234.5 234.5 234.4 234.9 235.3 235.8 235.6 235.5 235.4 235.3 235.6 235.7 235.8 235.9 236 236.1 235.9 235.8 235.7 235.5 234.9 234.6 234.8 234.7 234.3 233.8 233.3 232.9 231.9 230.9 229.8 228.7 227.1 226.6 224.5 223.2
220.9 219.7 218.5 218.5 219.3 220 220.8 221.5 222 222.4 222.8 223.2 222.6 222.7 222.8 222.9 223.1 223.2 223.3 223.8 224.6 225.3 226.1 227.1 228.3 229.4 230.7 232.1 232.8 232.9 233.1 233.2 233.4 233.6 233.8 234 234.2 234.6 234.8 235 235.3 235.3 235.2 235.1 235.1 235.2 235.7 235.9 235.7 235.6 235.5 235.3 235.4 235.5 235.6 235.7 235.8 235.8 235.7 235.6 235.4 235.3 235 234.3 234.5 234.4 233.9 233.5 233.1 232.5 230.7 229.6 228.6 227.5 226.5 224.7 224.6 222.2
220.3 219.1 218.5 219.3 220 220.8 221.5 222.1 222.5 222.9 223.3 223.6 223.5 223.4 223.5 223.6 223.8 223.9 224 224.7 225.5 226.4 227.1 228.1 229.2 230.6 231.9 233.3 234.2 234.3 234.5 234.7 234.8 235 235.2 235.3 235.5 235.5 235.7 235.9 236 236 235.9 235.8 235.7 235.7 236 236 235.8 235.6 235.3 235.1 235.1 235.3 235.4 235.5 235.6 235.6 235.5 235.3 235.2 235.1 234.9 235.1 234.9 234.1 233.7 233.3 232.9 231.7 229 227.7 226.6 226.1 225.6 223.3 223.5 220
219.7 218.5 219.1 220.1 220.8 221.6 222.2 222.6 223 223.4 223.7 224.1 224.4 224.1 224.2 224.3 224.4 224.6 224.7 225.5 226.4 227.3 228.1 229 230.4 231.7 233.1 234.5 235.6 235.7 235.9 236.1 236.2 236.4 236.6 236.7 236.6 236.4 236.6 236.8 236.7 236.6 236.6 236.5 236.4 236.3 236.2 235.9 235.6 235.4 235.1 234.8 234.9 235 235.2 235.3 235.4 235.4 235.2 235.1 235 234.9 234.5 234.5 234.4 233.8 233.4 233 231.6 230.9 228.4 226.1 225.8 225.5 224.9 223.2 220.7 218
218.9 219 219.9 220.8 221.6 222.3 222.7 223.1 223.5 223.8 224.2 224.5 224.9 224.9 224.9 225 225.1 225.2 225.6 226.4 227.3 228.1 229 230.4 231.7 232.9 234.3 235.6 237 237.1 237.3 237.5 237.6 237.8 237.9 237.9 237.8 237.5 237.5 237.5 237.4 237.3 237.2 237.1 236.9 236.4 236 235.7 235.4 235.1 234.9 234.6 234.7 234.8 234.9 235.1 235.2 235.1 235 234.9 234.9 234.8 233.5 233.9 233.8 233.1 231.6 229.8 228.5 227.9 226.2 225.7 224.6 224.3 223.8 222.1 219.3 216.8
219 219.6 220.7 221.6 222.4 222.8 223.2 223.5 223.9 224.3 224.6 225 225.3 225.7 225.6 225.7 225.8 225.8 226.4 227.3 228.2 229.1 230.2 231.8 233.4 234.7 235.7 236.8 238.2 238.6 238.7 238.9 239 239.1 239.1 239 238.9 238.1 238.2 238.1 238 237.9 237.6 237.2 236.7 236.3 235.9 235.5 235.2 234.9 234.7 234.4 234.4 234.5 234.7 234.8 234.9 234.8 234.6 234.4 234.3 233.6 232.4 233.4 232.5 231.1 229.7 228.2 226.1 225.6 224.1 223.9 223.8 223.1 222.5 220.1 217.9 215.6
219.4 220.2 221.4 222.4 222.9 223.3 223.6 224 224.3 224.7 225.1 225.4 225.8 226.1 226.3 226.4 226.5 226.5 227.3 228.2 229.1 230 231.6 233.2 234.7 236.3 237.7 238.7 239.7 240.2 240.3 240.5 240 240 239.9 239.7 239.6 239.2 238.8 238.6 238.3 237.9 237.4 237 236.6 236.2 235.8 235.4 235 234.7 234.4 234.2 234.2 234.3 234.4 234.6 234.4 233.7 233.2 232.9 232 231.2 230.5 231.8 230.6 229.1 227.6 226.1 224.7 223.4 222.9 221.8 222.9 220.4 218.5 216.8 215.5 214.7
219.5 220.8 222 223 223.4 223.7 224.1 224.4 224.8 225.2 225.5 225.9 226.2 226.6 226.9 227.1 227.1 227.4 228.2 229.1 230.1 231.4 233 234.5 236.1 237.7 239.2 240.6 241.7 242.2 242.4 241.9 241.2 240.6 240.3 240.3 240.4 239.9 239 238.6 238.2 237.7 237.3 236.9 236.4 236 235.6 235.3 234.9 234.6 234.2 234 233.9 234.1 234.1 233.9 233.7 233 231.9 231.2 230.5 229.8 228.7 229.5 228.3 227 225.5 224 223 223 220.9 218.5 219.2 217.7 215.9 215.2 215.6 214.8
220 221.3 222.5 223.2 223.6 224 224.4 224.7 225.1 225.5 225.8 226.2 226.6 227 227.3 227.7 227.7 228.3 229.2 230.1 231.2 232.8 234.3 235.9 237.5 239 240.6 242.2 243.6 244.3 244 243.2 242.4 241.8 241.2 240.6 240.5 240.6 238.9 238.4 238 237.6 237.1 236.7 236.3 235.9 235.5 235.1 234.8 234.4 234.1 233.7 233.7 233.7 233.5 233.3 233.1 232.3 231 229.9 229.4 229.9 227.3 226.9 225.8 224.4 223.1 222.2 223.1 224.2 219.7 217.7 216.6 215.4 214.6 214 214.6 214.9
220.5 221.8 222.6 223.4 223.9 224.3 224.6 225 225.4 225.7 226.1 226.5 226.9 227.2 227.7 228.6 228.5 229.3 230.2 231.1 232.5 234.1 235.7 237.3 238.8 240.4 242 243.6 245.1 246 245.2 244.4 243.7 243 242.4 241.8 241.2 240.6 239.2 238.3 237.9 237.4 237 236.6 236.2 235.8 235.4 235 234.7 234.3 233.9 233.6 233.2 233.1 232.9 232.7 232.3 231.1 229.7 227.4 228.3 229.2 225.8 222.6 222.4 222 220.5 221.4 223.6 222.6 218.9 215.1 214.5 214.2 213.3 212.9 213.5 214.2
221.1 222 222.8 223.5 224.1 224.5 224.9 225.3 225.6 226 226.4 226.7 227.1 227.5 228.5 229.5 229.6 230.4 231.2 232.5 234 235.6 237.2 238.8 240.4 242 243.6 245.2 246.7 247.2 246.4 245.7 244.9 244.3 243.6 243 242.4 241.2 239.5 238.1 237.7 237.3 236.8 236.4 236 235.6 235.2 234.9 234.5 234.2 233.8 233.6 232.7 231.7 231.6 231.5 230.4 229.5 228.1 225.3 224.9 227.3 223.6 220.2 219.7 219.5 219.1 220.4 221.5 219.1 216.3 213.6 213 213.3 212.5 212.9 213.8 213.8
221.4 222.2 222.9 223.6 224.4 224.8 225.1 225.5 225.9 226.3 226.6 227 227.4 228 229.3 230.4 230.7 231.5 232.5 234.3 235.8 237.3 238.9 240.5 242.1 243.7 245.3 246.9 247.8 248.4 247.7 246.9 246.1 245.5 244.9 243.9 242.4 241.1 239.9 238.4 237.5 237.1 236.7 236.3 235.9 235.5 235.1 234.8 234.4 234 233.8 233.5 232.5 231.5 230.4 229.7 227.9 227.2 226.5 225.1 224.1 223.1 222.1 219.6 217.8 217.7 217.7 218.3 217.3 214.6 213.1 212.8 213 212.7 212.3 213.2 214.1 213.4
221.6 222.3 223 223.8 224.5 225 225.4 225.8 226.2 226.5 226.9 227.3 227.8 228.8 230 231.2 231.8 232.8 234.2 236.1 237.7 239.2 240.7 242.2 243.8 245.4 247 248.1 248.8 249.5 248.9 248.1 247.3 246.7 245.2 243.6 242.1 240.8 239.7 238.7 237.4 237 236.6 236.2 235.8 235.4 235 234.6 234.3 234.1 234 233.3 232.4 231.3 230.2 227.3 226.2 224.5 223.6 222.9 222.1 221.5 221.1 218.6 217.8 217.1 217.1 216.2 215 212.4 211.7 212.2 212.1 211.9 212.6 213.6 214.2 213.5
221.7 222.4 223.2 223.9 224.7 225.2 225.6 226 226.4 226.8 227.3 227.7 228.4 229.6 230.8 232.1 233.2 234.2 236 237.8 239.6 241.1 242.5 244 245.5 247.1 248.4 249.1 250 250.2 249.5 248.8 248 246.7 245.2 243.6 242.1 241 240.1 239.1 237.6 236.8 236.4 236 235.6 235.2 234.9 234.5 234.3 234.2 234.1 233.1 232.2 231.1 229.1 227.4 225.8 222.3 221.4 220.8 220.4 220.1 219.8 216.8 216.9 216.4 216.7 217.6 213.4 211.9 211.2 211.5 211.4 211.5 212.7 213.9 214.2 213.8
222.2 222.9 223.6 224.3 225 225.5 225.9 226.3 226.7 227.2 227.6 228 229.2 230.6 232 233.3 234.5 235.8 237.7 239.6 241.4 242.9 244.4 245.9 247.4 248.8 249.7 250.5 250.6 250.7 250 249.1 247.9 246.6 245.2 243.8 242.4 241.5 240.8 239.5 237.6 236.6 236.3 235.9 235.5 235.1 234.7 234.5 234.5 234.4 233.9 232.9 231.9 229.8 227.8 224.4 222.2 220.5 220.6 220.4 220 219.2 218.4 219.2 217.8 215.4 216 214.6 212.3 211.3 210.8 211 210.9 211.2 212.5 213.4 213.6 214.7
222.8 223.4 224.1 224.8 225.4 226 226.4 226.8 227.2 227.6 228 229.1 230.5 231.9 233.2 234.6 235.8 237.5 239.4 241.3 243.2 244.8 246.3 247.7 249 250.1 251 251.1 251.2 251.1 250.2 249.1 248.3 247.4 245.7 244 242.9 242 241.2 239.4 237.6 236.4 236.1 235.7 235.3 234.9 235 235.1 235.3 234.7 233.2 232.1 230.7 228.2 224.7 221.3 218.6 218.7 220 220 220 220 219.5 218.9 218.7 215.1 213.9 212.6 211.9 210.7 210.3 209.5 210.6 211 211.9 212.1 213.2 214
223.3 224 224.6 225.2 225.9 226.4 226.8 227.2 227.6 228.1 229.3 230.5 231.8 233.2 234.5 235.8 237.3 239.2 241.1 243 244.9 246.7 247.9 249.2 250.5 251.5 251.7 251.8 251.9 251.7 250.9 250.1 249.2 248.3 246.8 245 244.4 243 240.9 239.2 237.5 236.2 235.8 235.5 235.1 235.1 235.3 235.5 235.2 234 231.9 230.5 228.9 226.2 222 218.2 216.1 217.7 219.4 219.4 219.4 220 219.5 218.5 217.3 214.3 212.7 211.9 211.2 209.9 210 209.9 209.8 209.6 210.8 211.3 212.8 211.3
223.8 224.4 225.1 225.7 226.5 226.9 227.3 227.7 228.3 229.5 230.7 231.9 233.1 234.4 235.8 237.1 239 240.9 242.8 244.8 246.8 248.3 249.4 250.7 251.9 252.4 252.5 252.5 252.5 252.3 251.8 251 250.2 249.2 247.9 246.4 245.5 243.2 240.5 238.9 237.1 236.3 235.6 235.3 235.2 235.4 234.8 235 233.8 231.6 229.5 227.6 225 220.5 217.3 215.1 216 216.9 218.6 218.7 219.2 219.9 219.4 217.8 215 212.8 212.1 211.2 210.5 210.4 210.7 210.6 210.6 210.5 211.6 210.2 210.7 209.5
224.3 224.9 225.5 226.2 227 227.3 227.7 228.5 229.8 231 232.2 233.4 234.6 235.8 237.1 238.7 240.6 242.6 244.7 246.7 248.7 250.1 251 252.2 253.1 253.1 253.1 253.2 253.2 252.9 252.4 251.8 251.2 250.1 248.9 247.6 245.7 242.7 240.2 238.3 236.9 236.7 235.4 235.2 235.3 234.4 233.5 233.5 230.5 228.4 226.8 224.6 220.6 216.2 214.2 214.9 216 216.9 217.7 218.5 219.2 220 218.6 215.8 213.3 212.1 211.5 211.1 211.4 211.1 211.4 211.4 211.3 211.3 211.2 209.9 210.5 209.4
224.7 225.3 226 226.7 227.4 227.8 228.8 230 231.2 232.4 233.6 234.8 236 237.2 238.6 240.5 242.6 244.6 246.6 248.6 250.6 251.8 252.8 253.7 253.8 253.8 253.8 253.8 253.8 253.6 253 252.4 251.9 251.1 250 248.7 245.4 242.4 239.7 237.7 237.6 237.5 236.5 235.5 234.3 233.1 232.1 230.6 227.9 225.2 223.4 221.1 216.1 214.1 214.1 214.1 216.2 217 217.9 218.6 219.4 217.9 216.5 213.7 212.4 211.6 211.5 211.7 211.8 211.9 212.1 212.1 212 212 211.9 210.2 208.2 208.2
225.1 225.8 226.5 227.3 227.9 229 230.2 231.4 232.6 233.9 235.1 236.4 237.6 238.9 240.8 242.7 244.6 246.5 248.5 250.5 252.5 253.6 254.2 254.5 254.5 254.4 254.4 254.4 254.5 254.2 253.6 253.1 252.4 251.7 251 248.6 245.4 242.1 239.8 239.2 239 237.9 235.4 234 233.1 231.5 230.5 227.8 225 222.2 220 217.2 214.1 214.1 214.1 214.1 214.7 217.1 218.1 218.8 218.6 216 214.1 212.8 212.2 211.5 212.1 212.1 212.2 212.6 212.8 212.8 212.8 212.8 211.8 209.6 207.1 206.7
225.6 226.7 227.4 228.2 229.3 230.6 231.8 233.1 234.3 235.6 236.8 238 239.3 241 243.1 245 246.9 248.8 250.7 252.6 254.2 254.7 255.3 255.2 255.5 255.3 255.1 255.1 255.1 254.8 254.2 253.6 252.9 251.9 250.6 248.6 245.9 242.8 241.2 240.2 239.6 237.4 234 233.2 232.3 230.4 227.8 224.8 222 219.3 216.5 214.1 214.1 214.1 214.1 214.1 214.6 216.6 218.1 219.4 217.6 215.3 213.3 212.8 212.2 212.1 212.5 212.9 212.7 213.5 213.5 213.5 213.6 212.9 211.7 209.4 207.1 206.1
226.5 227.9 228.8 229.6 230.7 232.2 233.5 234.7 236 237.2 238.5 239.7 241.1 243.2 245.3 247.3 249.2 251.1 253 254.6 255.2 255.8 256.3 255.9 256.3 256.2 256 255.8 255.8 255.4 254.7 253.6 252.4 251.2 250 248.7 246.8 244.6 242.9 240.7 239.5 236.2 232.8 231.4 230.8 228.2 224.2 222.2 219 215.9 214.1 214.1 214.1 214.1 214.1 214.1 214.3 216.1 217 217.7 215.8 214.3 212.9 212.3 212.5 212.8 213.1 213.4 213.8 214.3 214.7 214.5 214 212.7 211.4 209.3 207.7 208.6
227.7 229.1 230.2 230.9 232.2 233.7 235.2 236.4 237.6 238.9 240.1 241.4 243.3 245.5 247.6 249.6 251.5 253.4 255 255.6 256.2 256.8 257.4 256.7 257 257.2 257 256.7 256.5 255.6 254.4 253.1 251.9 250.7 249.5 248.4 247.6 246.4 244.6 242.1 238.5 235.1 231.7 230.2 229.4 227.3 222.2 219.7 216.5 214.1 214.1 214.1 214.1 214.1 214.1 214.1 214.7 215.9 216.9 216.4 215.4 213.9 212.6 211.6 213.1 213.5 213.8 214.3 214.9 215.4 215.5 215.4 214.1 212.8 211.1 208.8 208.9 210.4
228.8 230.2 231.5 232.3 233.6 235.1 236.6 238.1 239.3 240.5 241.8 243.5 245.6 247.7 249.8 251.9 253.8 255.4 256 256.6 257.2 257.8 258 257.4 257.8 258.1 257.9 257.6 257.4 255.7 255 253.9 252.7 251.5 249.9 249 247.9 248 246.4 242 237.6 234.5 230.7 229.2 228.4 226.3 221.4 217.4 214.7 214.1 214.1 214.1 214.1 214.1 214.1 214.1 215.5 217.5 216.3 214.9 214.1 213.2 212 212.8 213.8 214.3 214.7 215.2 216.1 216.4 216.5 215.5 214.2 212.9 211.4 210.3 210.1 211.3
229.9 231.3 232.7 233.7 235 236.5 238 239.5 241 242.2 243.6 245.7 247.8 250 252.1 254.2 255.8 256.4 257 257.6 258.2 258.8 258.7 258.2 258.4 258.6 258.6 258.4 258.3 256.6 254.3 253.9 253.4 251.9 250.5 249.6 249.9 249.4 246.4 241.8 235.1 232.8 231.5 228.7 226.3 224 219.5 215.9 214.1 214.1 214.1 214.1 214.1 214.1 214.1 215.2 216.7 217.8 216.3 214.1 213.3 212.5 213 214.6 215.3 215.3 215.7 216.5 217.1 217.8 217.1 215.6 214.4 213.2 212 211.5 211.3 211.7
231.1 232.5 233.9 235 236.4 237.9 239.4 240.9 242.4 243.9 245.9 248 250.2 252.4 254.6 256.4 257 257.7 258.3 258.9 259.6 260.7 261.7 259.3 258.5 258.5 259 259.2 258.6 256.5 254.5 253.5 253.1 251.2 250.6 250.5 252.1 248.2 243 242.4 236.2 231 230.7 226.3 222.7 221.6 217.7 214.5 214.1 214.1 214.1 214.1 214.1 214.1 215.4 216.4 217.2 216.7 216.3 213.8 212.8 213.2 214.9 216.6 217.1 217 216.4 217.8 220 220 217.9 215.9 214.6 213.4 212.9 212.6 212.4 210.7
232.7 233.9 235 236.4 237.8 239.4 241.2 243 244.7 246.5 248.4 250.8 253.2 255.5 257.6 257.8 258.1 258.4 259.5 260.5 261.1 262.1 263 260.1 258.9 259.4 259.9 259.1 258.8 257.9 254.7 254.3 253.6 251.5 250.8 252.5 253.8 243.9 240.7 239.5 235.6 229.9 228.5 222.8 219.9 219.3 215.6 214.1 214.1 214.1 214.1 214.1 214.1 214.6 217.7 217.4 216.6 215.6 216.9 213.7 213.1 214.9 216.8 218.2 219.3 219.5 218.7 220.4 221.4 220.3 218.3 216.3 215.3 215.1 214.5 214.2 212.8 210.7
234.4 235.6 236.8 238.2 240.4 242.2 244 245.8 247.6 249.3 250.9 253.1 255.5 257.9 259 259.2 259.5 259.8 260.1 260.7 261.9 263 263.8 259.9 259.8 260.3 261.1 259.3 260.2 260 257.2 255.6 255.9 253.5 252 253.7 250.2 245.1 239.2 236.8 232.3 229.7 226.4 220.6 217.9 215.7 214.6 214.2 214.1 214.1 214.1 214.1 214.1 217 217.5 215.9 215.1 214.2 215 216.6 217.6 218 219.6 219.9 221.1 221.4 220.4 220.4 221.3 220.2 218.2 216.5 215.8 215.2 215.9 214.5 212.2 211.2
236.2 237.2 238.6 240.4 242.7 244.8 246.8 248.6 250.4 252.2 253.7 255.4 257.8 259.9 260.3 260.7 260.9 261.2 261.6 261.9 262.2 263.1 265 262.1 259.6 260.7 262 260 261 260.3 258.1 258 258.7 255.6 252.4 250.6 248.2 244.3 240.9 234.3 230 226.2 223.8 218.9 217.1 215.5 214.7 214.2 214.1 214.1 214.1 214.1 214.1 216.8 215.5 214.2 213.9 213.8 216.9 220 221.7 222.1 222.4 222.7 222.7 222.2 221.5 221.2 221.2 220.1 218.1 217.1 216.4 215.7 215.1 214.2 213.2 212.2
