webserver/python/data/NH66.asc
ncols 200
nrows 200
xllcorner 260000
yllcorner 860000
cellsize 50
[rows 76 to 113 of 200, columns 86 to 171 of 200]
-1.4 -1.4 -1.4 -1.4 -1.4 -1.4 -1.4 -1.4 -1.4 -1.4 -1.4 -1.4 -1.4 -1.4 -1.4 -1.4 -1.4 -1.4 -1.4 -1.4 -1.4 -1.4 -1.4 -1.4 -1.4 -1.4 -1.4 -1.4 -1.4 -1.4 -1.4 -1.4 -1.4 -1.4 3.4 7.2 12.5 22.9 23.2 23.6 25.4 25.6 27 27.6 28.2 29.2 29.4 30.3 30.6 31.5 34.1 37.3 39.1 39 38.7 43.7 44.5 46.1 46.4 48.2 48.8 49.5 52 53.3 54.1 53.9 56.2 56.5 56.1 56.7 57.1 57.8 58 57.8 58 59.1 60.3 60.1 59.5 59.1 59.6 60 60.9 61.3 61.5 62.5
-1.4 -1.4 -1.4 -1.4 -1.4 -1.4 -1.4 -1.4 -1.4 -1.4 -1.4 -1.4 -1.4 -1.4 -1.4 -1.4 -1.4 -1.4 -1.4 -1.4 -1.4 -1.4 -1.4 -1.4 -1.4 -1.4 -1.4 -1.4 -1.4 -1.4 -1.4 -1.4 -1.4 3.5 9.5 20 23.1 23.9 25.2 25.5 26.9 27.7 28.5 29 29.5 30.3 31.3 33.4 33.6 35.4 38.1 40.8 40.9 37.9 43.6 46.2 47.2 47.5 49.3 49.8 52.4 54.5 53.5 54.1 54.7 54.6 55.8 56.9 57.4 57.6 58.3 58.6 58.7 58.3 58.6 59.7 60.8 61.6 61.4 61.8 62.2 62.6 63 63.3 64.6 65
-1.4 -1.4 -1.4 -1.4 -1.4 -1.4 -1.4 -1.4 -1.4 -1.4 -1.4 -1.4 -1.4 -1.4 -1.4 -1.4 -1.4 -1.4 -1.4 -1.4 -1.4 -1.4 -1.4 -1.4 -1.4 -1.4 -1.4 -1.4 -1.4 -1.4 -1.4 -1.4 3.2 9.5 21.9 23.7 24.6 25.5 26.7 27.4 27.4 28.3 29.6 30.3 30.8 32.1 33.3 35.6 36.9 39.3 41.9 42.6 39 44.1 48 47.7 48.6 49.7 52.2 54 55 55.2 54.9 55.4 56.4 56.1 55.2 56.8 57.9 58.3 58.4 58.4 59 59.2 59.1 61 62.7 63.4 64 64.4 64.8 65.2 65.6 66.4 66.6 66.2
-1.4 -1.4 -1.4 -1.4 -1.4 -1.4 -1.4 -1.4 -1.4 -1.4 -1.4 -1.4 -1.4 -1.4 -1.4 -1.4 -1.4 -1.4 -1.4 -1.4 -1.4 -1.4 -1.4 -1.4 -1.4 -1.4 -1.4 -1.4 -1.4 -1.4 -1.4 2.1 8.8 19.6 23.1 24 25.2 26.8 28.2 28.4 28.3 29.1 30.3 31.9 33.6 35.2 36.3 37.8 40.3 42.1 44.1 44 46.6 47.4 48.2 49.6 49.7 51.9 53.9 55 54.9 54.8 54.6 55.3 56.4 56.1 55.3 56.5 58 59.6 59.8 60 60.7 61.6 62.4 63.3 64.8 65.7 66.1 66.8 67.4 67.8 68.3 68.2 67.2 66.4
-1.4 -1.4 -1.4 -1.4 -1.4 -1.4 -1.4 -1.4 -1.4 -1.4 -1.4 -1.4 -1.4 -1.4 -1.4 -1.4 -1.4 -1.4 -1.4 -1.4 -1.4 -1.4 -1.4 -1.4 -1.4 -1.4 -1.4 -1.4 -1.4 -1.4 1.7 7.3 16.4 22.2 23.4 24.7 26 27.9 28.2 29.1 30.2 31.1 33 35 36.6 38 39.5 41.5 43.5 43.5 42.5 45.6 48.4 50.3 50.3 50.7 50.8 52.9 54.7 55 54.5 54.7 55.2 55.8 56.5 56.5 57.9 57.8 59.6 60.3 61.6 63.1 63.3 64.3 64.9 66.4 66.8 67.9 68.3 68.8 69.5 70.1 69.4 68.2 67.2 66.3
-1.4 -1.4 -1.4 -1.4 -1.4 -1.4 -1.4 -1.4 -1.4 -1.4 -1.4 -1.4 -1.4 -1.4 -1.4 -1.4 -1.4 -1.4 -1.4 -1.4 -1.4 -1.4 -1.4 -1.4 -1.4 -1.4 -1.4 -1.4 -1.4 1.5 6.2 13 23 24.5 25.4 26.7 28 29.1 30.5 31.2 31.9 33.9 35.6 37.8 39.7 41.2 43.1 45.1 44.7 42.7 48.2 50.8 51 51.3 51.7 52.2 52.4 52.8 54.4 55 55.4 56 56.8 57 57.5 58.9 60.6 61.6 62.8 63.2 65 66.5 66.3 66.9 68.3 68.8 69.9 70.3 70.4 70.7 70.8 70 69.4 68.3 66.9 65.9
-1.4 -1.4 -1.4 -1.4 -1.4 -1.4 -1.4 -1.4 -1.4 -1.4 -1.4 -1.4 -1.4 -1.4 -1.4 -1.4 -1.4 -1.4 -1.4 -1.4 -1.4 -1.4 -1.4 -1.4 -1.4 -1.4 -1.4 -1.4 1.7 6.6 10.6 21.7 23.6 25.7 27.4 28.6 30 31.1 31.8 32.8 34.9 36.8 38.5 40.6 42.6 44.2 46 45.5 44.3 49.8 51.7 51.5 51.7 51.4 52.2 53 53 53.9 54.2 56.4 56.8 57.4 58.2 58.9 60.3 61.4 63.3 64.2 64.4 66.7 68.6 69.4 69.7 70.2 71.1 71.7 71.5 71.6 71.6 71.5 70.6 69.6 68.8 67.4 65.7 64.1
-1.4 -1.4 -1.4 -1.4 -1.4 -1.4 -1.4 -1.4 -1.4 -1.4 -1.4 -1.4 -1.4 -1.4 -1.4 -1.4 -1.4 -1.4 -1.4 -1.4 -1.4 -1.4 -1.4 -1.4 -1.4 -1.4 -1.4 2.6 7.7 19 21.7 22.4 24.3 26.5 28.9 30.5 31.6 32.3 33.7 35.9 37.8 39.6 41.5 43.5 44.9 46.4 47.6 43.2 49.8 50.8 50.7 50.8 51.1 52.2 53.2 53.8 54.9 55.6 56.4 57.9 58.2 58.8 59.8 61.1 62.6 64.2 65.3 66.4 67.8 69.8 71.2 71.4 72.2 72.1 72.6 72.9 72.5 72.3 72.2 70.6 69.5 68.7 67.2 65.5 63.7 61.7
-1.4 -1.4 -1.4 -1.4 -1.4 -1.4 -1.4 -1.4 -1.4 -1.4 -1.4 -1.4 -1.4 -1.4 -1.4 -1.4 -1.4 -1.4 -1.4 -1.4 -1.4 -1.4 -1.4 -1.4 -1.4 -1.4 6.5 10.3 19.5 22.1 22.7 24.6 27.2 29.2 30.4 31.8 32.9 34.9 36.9 38.8 40.6 42.5 44.4 45.9 47.3 48.2 47.9 43.6 50.7 50.7 50.9 51.4 51.9 53 54 54.9 56.1 57.3 58 58.8 59.4 60.8 62 63.5 65.3 66.9 68.1 69.7 71.2 72.3 73.1 73 73.7 73.8 73.8 73.3 72.1 72.2 70.9 68.3 67.4 65.4 63.8 62.1 60.3 58.7
-1.4 -1.4 -1.4 -1.4 -1.4 -1.4 -1.4 -1.4 -1.4 -1.4 -1.4 -1.4 -1.4 -1.4 -1.4 -1.4 -1.4 -1.4 -1.4 -1.4 -1.4 -1.4 -1.4 -1.4 2.5 10.1 16.7 19.3 21.4 22.9 25.3 28 29.9 30.9 32.2 33.6 35.6 37.5 39.8 41.6 43.5 45.4 46.7 48.2 49.3 49.2 43.6 45.7 50.1 51 51.5 52.5 52.8 54.5 55.4 56.7 57.8 58.9 59.2 59.8 61.4 62.9 64.6 66.4 68.1 69.5 70.8 72 73.2 74.4 74.4 74.4 74.2 74.5 73.5 71.7 71.9 69.9 68 66.1 63.9 61.5 60 58.4 56.8 55.2
-1.4 -1.4 -1.4 -1.4 -1.4 -1.4 -1.4 -1.4 -1.4 -1.4 -1.4 -1.4 -1.4 -1.4 -1.4 -1.4 -1.4 -1.4 -1.4 -1.4 -1.4 -1.4 -1.4 2.7 14.6 16.7 18.4 21.2 23.5 25.2 28.7 30.9 32.2 33.3 34.8 36.6 38.7 40.8 43 44.5 46.1 47.4 47.7 47.8 48.5 48.6 44.4 49.2 50.1 51.7 53.7 54.9 54.9 55.8 57.1 58.4 59.6 60.6 60.9 63.2 64.4 65.9 67.3 68.8 70.4 71.7 72.3 73.7 74.5 73.9 74 73.7 73.3 73.2 72 69.9 68.3 66.2 64.3 62.2 60 57.8 56.2 54.6 53 51.7
-1.4 -1.4 -1.4 -1.4 -1.4 -1.4 -1.4 -1.4 -1.4 -1.4 -1.4 -1.4 -1.4 -1.4 -1.4 -1.4 -1.4 -1.4 -1.4 -1.4 -1.4 -1.4 5.8 12.6 17.4 19.8 22 24.1 26.5 29.4 31.1 32.5 34.4 36.3 37.6 40.1 42.3 44.1 45.5 46.4 47.9 48.5 48.8 48.9 49.1 49.5 50.5 47.9 50.9 54.2 56.3 57.1 57.1 57.5 59 60.2 61.2 62.3 64.3 65.9 67 68.6 70.1 71.2 72.2 72.7 73.4 74.3 74 73.1 72.4 72 71.3 70.2 68.6 66.2 64.1 62.3 60.5 58.5 56 54 52.4 50.8 49.3 47.9
-1.4 -1.4 -1.4 -1.4 -1.4 -1.4 -1.4 -1.4 -1.4 -1.4 -1.4 -1.4 -1.4 -1.4 -1.4 -1.4 -1.4 -1.4 -1.4 -1.4 1 6 12.6 18 20.9 22.6 25 27.5 29.9 31.6 33 34.3 36.6 39.2 42.1 43.6 45.4 46.6 47.4 48.2 48.9 49.4 49.8 50 50.2 50.6 50.6 49.9 54.6 56.6 57.8 57.9 57.8 58.6 60.6 62.7 64.3 65.4 66.7 67.9 69 70 71.2 72.3 72.7 73.3 73.7 73.7 73.3 72.2 71.1 69.3 67.6 66.1 64.7 61.8 59.8 57.8 55.9 54.3 52.5 50.3 48.7 47.8 46.5 45.2
-1.4 -1.4 -1.4 -1.4 -1.4 -1.4 -1.4 -1.4 -1.4 -1.4 -1.4 -1.4 -1.4 -1.4 -1.4 -1.4 -1.4 -1.4 0.8 1.7 7.5 14.5 18.8 21.7 23.6 25.3 27.5 29.9 31.8 33.4 35.6 38.1 40.6 43.3 44.9 46.3 47.1 47.8 48.6 49.1 49.2 49.6 50.4 51 51.3 51.8 50.2 53.8 56.9 58.2 58.4 58.7 58.7 60.9 63.6 65.4 66.7 67.3 67.8 69 70.3 71.2 72.1 72.6 73.1 73.1 72.7 71.4 70.7 68.9 66.5 64.5 63.1 61.7 59.5 57.4 55.5 53.5 51.9 50.1 48.9 48 47.2 45.9 44.6 43.7
-1.4 -1.4 -1.4 -1.4 -1.4 -1.4 -1.4 -1.4 -1.4 -1.4 -1.4 -1.4 -1.4 -1.4 -1.4 -1.4 -1.4 1.2 5.5 9.9 15.9 19.6 22.4 24.8 26.5 29.4 30.4 32 33.9 36.4 39.8 42.4 44.6 45.2 46.7 47.8 48.4 49.1 49.5 49.6 49.5 49.8 50.6 51.4 52.2 53.4 54.7 56.6 58.4 59 59.2 60.4 62.1 64.2 65.8 66.9 68.1 68.9 69.4 70 71.5 72.2 71.9 72.4 71.8 71.4 70.1 68.6 67.1 65.1 62.6 60.7 58.7 57.1 55.1 53 52.4 50.8 49.8 48.3 47.3 46.1 45 43.9 42.7 41.8
-1.4 -1.4 -1.4 -1.4 -1.4 -1.4 -1.4 -1.4 -1.4 -1.4 -1.4 -1.4 -1.4 -1.4 -1.4 -1.4 1.6 7.5 11.9 16.1 21 23.4 25.2 27.7 29.9 31.5 33.1 36 38.3 40.5 43.7 45.4 46.6 47.3 47.4 48.6 48.8 49.1 49.6 49.9 50 51.1 51.7 52.9 55.2 55.6 56.6 55.1 59.7 60.7 61.8 62.9 64.7 66.5 67.4 68.6 69.7 70.1 70.8 71.4 71.4 70.7 70.3 70.3 69.5 68.4 66.8 65 63 61.1 59 56.5 54.5 53.1 52.1 51 50.3 48.9 47.6 46.8 45.5 44.3 43.1 42.1 40.8 39.8
-1.4 -1.4 -1.4 -1.4 -1.4 -1.4 -1.4 -1.4 -1.4 -1.4 -1.4 -1.4 -1.4 -1.4 -1.4 2 7.3 13.2 16.9 20.4 23.4 25.8 28.2 30.3 32.1 34.2 36.4 39.2 42.1 43.8 45.6 46.8 47.6 47.3 47.9 48.8 49 49.1 49.9 50.5 51.8 52.6 53.6 55.4 57.4 57.2 57.9 58.6 61.4 63.2 64.2 64.9 66.2 68.3 69.4 70.1 69.9 70.5 71.3 70.8 69.8 69 67.9 67.2 66.2 64.4 62.5 60.8 58.9 57 55.6 53.3 51.5 51 50.3 49.1 47.5 46.1 45.3 44.6 43.4 42.2 41.6 40.5 39.1 37.8
-1.4 -1.4 -1.4 -1.4 -1.4 -1.4 -1.4 -1.4 -1.4 -1.4 -1.4 -1.4 -1.4 -1.4 1.4 8.6 12.9 16.4 19.8 22.8 25.3 27.9 30.6 33.4 35 37.5 40.1 42.5 44.2 45.4 46.4 47.2 47.7 48 48.5 49.1 49.7 50.6 51.4 52.6 53.9 54.9 55.9 57.5 59.2 59.9 60.6 61.5 63.2 65.2 66.6 66.9 67.9 69.5 69.9 69.9 69.9 70.1 69.7 68.9 67.6 66.5 65.3 64.3 61.8 59.8 58.1 56.6 54.8 53.7 52.6 50.9 49.8 48.5 48.3 46.6 44.7 43.8 43.2 42.5 41.4 40.8 40.1 38.9 37.6 37.7
-1.4 -1.4 -1.4 -1.4 -1.4 -1.4 -1.4 -1.4 -1.4 -1.4 -1.4 -1.4 -1.4 1.8 9.9 12.9 16.3 19.8 23.2 25.9 28.6 31.4 34.2 36.9 38.5 40.7 42.8 44.5 44.7 45.9 46.7 47.7 48.4 48.8 49.3 50.7 51.6 52.5 53.6 55 56.3 57.2 58.3 59.7 60.9 62.4 63.1 63.3 66.3 67.5 68.2 69 69.4 69.4 69.4 69.1 68.9 67.7 67.1 65.8 64.6 63.3 62.1 60.5 57.9 56.1 55 53.7 52.2 51.7 50.2 49.2 47.7 46.4 45.9 44.6 43 42.3 41.4 40.6 40.3 40.1 38.8 38.9 39 39
-1.4 -1.4 -1.4 -1.4 -1.4 -1.4 -1.4 -1.4 -1.4 -1.4 -1.4 -1.4 2 9.3 14.2 16.7 19.8 23.2 26.9 29.6 32.1 34.9 37.6 39.9 41 42.6 44.2 45.5 46 46.4 47.4 48.4 49.2 49.6 50.9 52.6 53.8 54.8 56.1 57.4 58.7 59.8 61.1 62.1 63.5 64.9 65.3 65.7 67.6 68.9 67.7 68.3 68.3 68.1 67.4 66.6 65.6 64.4 63.5 62.4 61.2 59.9 58.6 57.1 55 53.8 52.6 51.4 50.1 49.5 49.5 48 45.7 44.3 44 43.3 41.9 41.4 40.6 40.2 39.7 39.2 39.6 39.9 40 39.9
-1.4 -1.4 -1.4 -1.4 -1.4 -1.4 -1.4 -1.4 -1.4 -1.4 -1.4 -1.4 10.9 15.2 18.3 21 23.8 27 30.6 33.2 35.8 38.4 41 42.9 43.9 44.7 46.4 46.7 47 47.5 48.4 49.2 50 51.3 52.6 54.5 56.1 57.2 58.5 59.9 61.4 63.4 63.9 64.3 65.6 66 66.3 66.7 68.1 67.8 67.2 67.3 66.8 65.6 64.4 63.2 62.2 61.1 60 58.8 57.6 56.4 55.8 55.4 53.5 52.8 51.3 49.8 49.3 47.4 46.3 45.3 44.4 43.1 42.3 41.8 41.6 41.2 40.4 40.3 40.5 40.9 40.8 41 40.9 40.5
-1.4 -1.4 -1.4 -1.4 -1.4 -1.4 -1.4 -1.4 -1.4 -1.4 0.7 8.9 15.9 19.4 22.4 25.2 27.9 31.8 34.3 36.6 39.2 41.9 44 45.7 45.9 46.8 47.2 47.3 48 48.7 49.5 50.5 51.7 52.9 54.5 56.3 58.1 59.9 61.6 62.7 63.9 65 65.5 66.4 67.1 66.9 67.3 67 67.2 67.1 67.1 67.3 64.2 63.2 62.7 61.5 60.2 58.9 57.4 56.4 55.5 54.4 53.7 53.1 52.4 51.4 50.2 48.9 47.2 45.6 44.8 44.3 43.4 42.7 42.3 41.9 41.8 42 41.7 41.2 40.7 42.1 41.7 41.2 40.7 39.8
-1.4 -1.4 -1.4 -1.4 -1.4 -1.4 -1.4 -1.4 0 1.3 5.8 17.3 20.6 23.6 26.6 29.3 32 35.1 37.8 40.3 42.5 44.6 46 47.1 46.8 47.6 48.2 48.5 49.3 50.7 51.2 52.4 53.7 54.7 56.3 58.1 59.9 61.6 62.9 63.9 65 66 66.1 67 67.9 67.7 65.4 65.5 65.7 65.1 64.7 63.3 62.5 61.7 61 59.7 58.4 57.1 55.5 54.3 53.5 52.5 51.8 51.1 50.2 48.6 47.8 46.7 45.5 44.3 43.2 43.2 42.4 42 42.9 42.8 42.7 42.5 42.4 41.9 41.5 41.3 41.1 40.1 39.1 37.8
-1.4 -1.4 -1.4 -1.4 -1.4 -1.4 -1.4 -1.4 2 14.4 17.6 21.1 24.3 26.8 28.9 31.5 35.4 37.7 39.6 42.1 44.5 46.2 46.8 47.4 46.6 47.7 48.9 50.2 51.9 53.1 54 55 55.9 57.3 58.9 60.3 61.7 63.2 64.2 65.1 66.1 67 67.1 67.9 67.7 66.5 64.1 63.6 63.4 63.6 62.6 61.1 60.3 59.5 58.7 57.4 56.1 54.8 53.5 52.6 51.4 50.6 49.8 48.8 47.3 45.6 45 44.1 43.1 42.4 42.5 42.8 42.8 43.1 43.3 42.8 42.8 42 42.3 41.4 40.6 39.7 38.8 38 37.4 36.5
-1.4 -1.4 -1.4 -1.4 -1.4 -1.3 0.3 2.6 15 17.8 21.5 25.2 28.4 31.3 33.7 34.6 38.4 40.1 41.5 43.8 45.6 46.6 47.2 47.5 49 50.3 51.7 53 54.1 54.7 56.5 57.8 58.8 60.1 61.1 62.6 64.1 64.7 65.5 66.5 67.4 68 67.7 67.1 66.3 64.3 62 61.5 61.6 61.8 61 59.4 57.8 57 56 54.9 53.6 52.3 50.7 49.6 49 48.2 47.1 46.1 44.7 42.9 42.4 42.3 41.8 42 42.4 43.1 43.2 43.4 43.1 42.4 42 41.4 40.7 40.3 40 39 38 37 36 35.6
-1.4 -1.4 -1.4 -1.4 -1.4 1 2.4 16.1 19.7 23.2 26.6 30 32.8 35.6 38.1 38.7 40.6 42.1 43.8 45.1 46.4 47.6 49.2 50.3 51.4 52.6 53.9 55.2 56.4 57.2 59.2 60.3 61 62 63 64.1 65.3 66.1 66.5 67.1 67.7 67.9 66.8 65.6 65.1 63.8 60.2 60.2 59.6 58.4 58.9 57.2 55.5 54.2 53 51.9 50.8 49.7 48.1 46.5 45.1 44.9 44.5 43.5 42.1 41.5 41.3 41.5 41.8 42.1 42.4 43 42.4 42.5 41.8 41 40.6 40.3 39.8 39.3 39.5 38.7 37.6 36.5 35.6 34.7
-1.4 -1.4 -1.4 -1.4 1.8 6.6 17.4 19.9 23.6 27.2 30.6 33.8 37 39 40.6 42 43.3 44.7 46.2 47.5 48 49.2 50.9 52.8 53.9 54.8 56.1 57.3 58.6 59.8 60.9 62.1 63 63.9 64.4 65.6 66.6 67 67.1 67.3 67 66.8 65.7 64.6 63.5 62.8 58.6 56.9 56 54.7 55.5 53.9 52.4 51.8 50.2 48.6 47.3 45.8 44.2 42.8 42.5 41.8 41.9 42.1 41.4 41.7 41.5 41.4 41.9 42.2 42.5 42.2 41.2 41.2 41.6 40.3 40.1 39.5 38.8 38.4 38.6 38.4 37.2 36 35.1 34.7
-1.4 -1.4 -1.4 2 13 18.7 21.9 24.4 27.4 31 34.6 37.5 39.8 41.6 43.1 44.6 46.1 47 48.2 49.7 50.4 50.9 52.3 54.2 56.3 57.1 58.5 59.9 61.1 62.3 63.4 64.4 64.8 65.3 65.9 66.6 66.7 67.6 67.5 67.3 66.6 65.8 64.6 63.4 62.1 61.7 57.2 54.3 52.1 50.4 51.2 51.3 49.6 47.5 45.7 44.3 43.1 42.2 41.8 41.3 42.2 41.8 41.1 42 41.4 41.3 41.2 41.2 42 41.8 41 41.2 41.2 40.6 39.8 39.9 39.6 38.6 37.8 37.5 37.6 37.8 36.1 35.3 34.7 30.7
-1.4 -1.4 2 10.8 20.5 22.7 25.6 28.2 32.3 36 38.2 40.8 43.1 44 45.5 47 48 49.1 50.2 51.1 52 53 54.5 56.6 58.4 59.7 61.2 62.3 62.9 64.8 65.9 66.5 66.8 67 67 67.3 67 67.4 67.1 66.3 65.3 64.4 63.3 61.9 60.8 59.2 57.2 55.1 51.3 47.2 46.8 46.7 45.7 45 44.7 41.6 40.7 40.2 40.1 40.1 40.4 40.6 40.5 41 41 40.9 40.6 40.6 40.2 40.6 38.6 39.9 39.3 38.8 38.3 38 37.3 37.6 37 36.9 36.6 36.2 34.8 31.3 28.3 28.8
-1.4 1.9 18.1 21.2 23.5 26.5 29.2 33.2 36.7 39.4 41.6 43.4 45 46.5 47.8 48.5 49.2 50.9 52.4 53.1 54.1 55.6 57.2 59.2 60.8 62.6 64 64.8 65.3 67.3 67.6 68 68.2 68.2 67.9 67.6 67.2 66.7 66.1 64.9 64 62.8 61 59.4 57.2 55.1 53.3 51.7 49.5 47.8 44.7 43.2 43.1 42.1 41 41.4 40 39.4 39.7 40.1 40.5 40.6 40.1 39.7 39.7 40.2 39.8 39 38.8 37 33.6 34.4 37.8 36.8 36 35.9 36.6 37 37.1 36.6 36.5 35.8 31.5 29.6 35.6 35.9
2.2 19.4 21.6 24 26.5 30.1 33.7 37 39.5 41.5 43.5 45.1 46.5 47.9 48.8 49.6 51 53 54.5 55.3 57.5 58.7 61.1 62.9 64.4 65.8 66.6 67.5 67.9 68.1 68.4 68.9 69.4 69 68.4 67.6 66.5 65.6 64.6 63.1 61.3 59.6 57.5 54.4 53.7 51.6 49.7 48.1 47.5 45 43.2 41.9 40.9 40.2 39.5 40.3 40.1 39.1 39.2 39.7 40.2 40.5 40.6 39.9 39.2 38.1 35.6 34.2 34.1 35.5 33.1 33.5 34.8 34.3 33.1 34.3 35 35.1 36 36.2 35.8 29.2 28.6 35 35.9 35.8
19.3 21.7 24.4 27.1 30.2 33.7 37.1 39.6 41.5 43.5 45.5 46.4 47.8 49.2 50.5 52.2 54.1 56.2 57 59.1 61.9 63.2 65.2 66.8 67.8 68.6 69.2 69.4 69.5 70.2 70.1 70.3 69.7 68.4 68.3 67.1 65.3 63.5 61.7 59.9 57.9 55.8 53.7 52.1 50.7 48.8 47.3 46.4 44.7 43.8 42.1 41.6 40.2 39.5 39.3 39.4 39.7 39.3 39.4 39.5 39.8 40.2 39.4 37.5 36.3 34 35.2 36.4 35.8 36.7 37.2 36 35 34 34.1 32 31.3 31.2 33.3 34.6 31 28.2 33.4 35.9 36.6 37.4
21.8 25.1 28 30.8 34 36.8 39.5 41.6 43.6 45.5 47.1 47.9 49.8 52.1 53.6 55.3 57.2 59.3 60.2 63.6 66.1 67.5 69 69.8 70.4 70.7 71 70.8 70.5 71 70.9 70.2 68.7 67 65.6 64.8 63.3 60.6 57.9 56.6 54 51.9 50.6 49.9 48.9 47.2 45.2 44.4 42.8 42.4 41.1 40.5 40 39 39 39 39.1 39.1 39.2 39.2 39.3 38.9 37.4 35.1 35.2 36.4 37.5 36.9 37.1 37.3 37.1 36.9 36.9 36.4 35.3 34.7 32.9 31.8 30.9 29.7 28.1 35.8 36.9 37.7 38.4 38.8
25.5 28.5 31.6 34 36.5 39.1 41.7 43.7 45.5 47.5 49.2 50.9 53.1 55.4 56.8 58.3 60.3 62.7 65.4 67.7 69.5 71 71.8 72.2 72.2 72.2 72.3 71.9 71.3 70.6 69.7 68.6 66.9 65.3 63.1 61.4 59.1 56.8 54.9 53.2 50.9 49.8 49.1 48.2 46.9 45.4 43.3 42.3 41.3 41 40.3 39.5 39.1 39 38.2 38.1 38.3 38.9 38.4 38.1 37.7 36.4 34.7 35.1 36.8 37.6 37.8 37.8 38.5 38.8 38.3 37.7 37.1 36.7 36.3 35.6 34 32.9 32.9 31.6 34.9 38.4 39.8 39.8 39.7 40.2
29.7 32.8 34.6 36.2 38.7 41.3 43.9 45.7 47.5 50 53.9 55.3 56.8 58.8 60.2 62.8 65.6 67.2 69.9 71.8 72.3 73.4 73.5 73.5 73.5 72.6 72.1 71.7 70.4 68.7 67 65.3 63.4 61.4 59.5 57.7 55.6 54.3 52.4 50.8 49.4 48.3 47 45.6 44.6 43.6 42.3 41 40.3 39.5 39.1 38.8 39.3 39.2 38.5 37.7 37.2 38.3 38.2 37.5 37.1 35.8 35.6 36.9 38.4 39.5 38.9 39.4 39.6 39.7 39.4 38.5 38.1 38.3 37.8 36.6 36.4 35.8 36 34.2 35.8 38.6 39.8 39.6 40.3 41.2
33.2 35.1 36.8 38.4 41 43.6 46.1 48.8 51.9 54.9 56.7 58.8 61.1 62.8 65.2 67.8 69.6 71.6 72.9 74 74.7 75.2 74.7 73.7 72.9 72 71.5 70.7 69 67.4 65.3 62.9 60.8 59.3 57.9 55.8 53.5 52.1 50.6 49 47.1 46 44.2 43.4 42.6 41.7 40.9 40.5 39.7 39.6 39.5 38.9 38.8 39.2 38.6 38.2 38.1 36.8 37.3 36.3 36.7 36 38 38.6 39 39.7 39.7 40.4 40.3 40.3 40.6 41.1 40.5 40.9 41.1 40.8 39.7 39 38.5 37.8 36.3 38.1 40 39.7 40.3 41.5
35.1 37 38.9 40.7 43.9 47.2 49.9 53.8 56.2 58.5 59.7 61.9 65.2 67.7 69.8 71.8 73.1 74.4 75.3 75.3 75.6 75.4 74.9 73.5 72.3 71.4 70.7 69.2 67.6 65.8 63.3 60.8 58.4 56.5 54.7 52.3 50.8 49.3 47.9 46.9 45.1 43.9 43.2 42.1 41.4 40.9 40.4 40 40 40 39.9 39.9 39.3 39.1 38.8 38.4 37.1 36.7 35.9 36.2 36.9 37.6 38.4 39.1 39.6 40.1 40.6 41.3 41.6 41.8 43.2 44.2 45 45.3 45.6 45.6 45.2 41.5 41.4 40.6 39.4 41.2 41.9 41.6 42.8 44.6
37.2 39.5 41.9 44.7 48.4 51.2 54.8 56.6 59.5 61.4 64.3 67 69.8 72.2 74.4 75.3 76.3 76.8 77.2 76.9 75.9 75.5 74.9 73.4 72.1 70.8 69.5 67.8 65.6 63.4 61.2 58.9 56.6 53.6 51.5 49.6 48.1 46.9 45.8 45 44.4 43.1 42.8 42.1 41.6 41.1 40.8 41.3 41 40.6 40 40 38.4 38.1 37.5 37.2 35.9 37.9 39 39.3 38.8 39.2 39.8 40.3 41 41.7 42 42.4 43.4 44.8 46.2 47 47.7 48.6 48.1 47.8 47.5 44.9 44.1 43.8 43.9 43.5 45.4 45 45 46.8
