webserver/python/data/NH83.asc
ncols 200
nrows 200
xllcorner 280000
yllcorner 830000
cellsize 50
[rows 140 to 174 of 200, columns 0 to 77 of 200]
365.7 368.5 371.3 373.3 376.2 377.5 376.8 375.7 375.1 373.4 369.9 364.7 359.4 352.1 341.5 330.5 317.8 303.2 302.1 301.1 301.3 300.8 294 284.1 271.8 266.1 263.6 262.7 262.1 261.7 260.8 260.2 260.1 259.4 257.2 257.2 255.5 255.7 262.3 272 285.4 300.9 312.9 324.3 329.7 334.3 341.4 348.3 356.1 367.5 377.7 385.2 392 398.9 405.8 412.3 417.8 423.5 428.4 430.8 425.7 419.8 414.2 408.9 402.1 394.3 386.9 384 381.9 380.4 379.6 378.9 376.7 373.5 370.7 369.5 371.4 377.2
365.2 367.8 370.5 371.3 371.8 371.2 369 367.3 366.4 363.9 358.7 354.4 349.5 342.3 331.9 318.4 302.2 304 304.4 302.9 300.3 297.3 286.7 275 267.3 264.2 263.6 262.9 262.1 261.9 261.3 261 260.9 259.7 256.7 255.9 259.3 265.9 275.1 284.5 297.1 311.6 320.8 329.6 336.4 342.3 349.9 358.8 367 377 386.6 394.5 402 408.7 414.3 420.2 426.2 431.4 435.9 434.5 428.6 421.2 414.6 407.2 398.8 390.9 386.6 382.8 379.1 377.1 375.7 374.7 372.8 369.2 366.2 368.6 374.2 380.2
364.2 365.1 365.9 366.8 366.3 364.5 361.8 359.4 355.9 352.9 347.4 343 339.5 332.2 318.6 303.1 304.5 305.8 304.2 299 294 286.9 274.9 265.7 259.3 259.2 259.5 259.3 258.7 260.8 261.6 260.2 257.6 256.4 255.8 260.4 269.1 281 288.3 295.6 306.4 318.1 327 335.4 342 348.5 358 367.6 376.7 385.9 395.4 403.7 410.3 415.4 421.8 427.8 434.1 439.8 444.1 438 430.2 422.5 414.5 405.7 397.4 390 385.9 382 378.2 374 372.7 371.3 368.3 363 364.1 371.7 377.2 384.1
360 360.6 361.2 361.4 359.6 356.9 353.9 351.2 347.1 341.7 336.1 331.3 327.9 320.5 305.2 302.8 305.3 304.7 300.3 291.6 283 272.8 263.4 260.6 260 259.6 259.3 259.1 259 258.5 257.4 258.4 257.4 256.5 262.8 268.3 275.2 290.6 296.5 303.9 313.6 324 333.3 341.3 347.3 354.5 364 373.9 383.3 394.1 404.4 410.9 416.6 422.9 429.4 435.5 442.4 448.8 451.3 443.1 433.3 421.3 413.5 404.3 396.6 389.9 385 380.7 376.3 371.2 369.8 368.4 364.4 361.8 368.9 372.7 380.4 389.7
354.6 355.2 354.9 354.1 350.9 347.8 345.1 341.9 336.4 330 323.8 318.9 316 310.2 302.1 300.3 300.9 298.3 290.9 282.9 271.8 261.4 261 260.3 259.9 259.5 259.1 258.9 258.8 258.5 257.4 257.9 256.8 256.9 270.4 273.5 281.5 292.2 298.5 306.8 316.6 325.4 335 343.8 350.4 358.5 366.9 378.3 388.7 399.2 409.8 416 423.5 430.3 437.4 444.7 452.6 457 456.5 448.3 435.1 423.3 411.6 403.8 396.1 387.5 383.1 379.3 375.5 370.8 368.3 367.4 363.3 359.4 365 370.6 382.9 392.1
348.9 349.1 347.3 345.1 341.4 338.2 336 332.2 324.4 317.9 311.5 306.9 304.4 300.8 297.5 294.1 292.1 286.8 281.2 273.2 261.3 260.9 260.5 260.1 259.8 259.4 258.9 258.6 258.5 258.4 257.5 257.4 256.8 264.2 275.1 281.2 289.3 297.9 298.3 306.5 314 323.5 333.1 341.1 349.2 356.7 367.8 379.3 390.2 402 412.7 420.8 428.6 437 444.9 453.8 461.5 462.8 460 451.6 434.8 421.8 410.2 401.8 393.8 384.9 380.4 376.6 372.9 370 367.6 365.1 361.2 358.5 362.4 373.3 383.6 393.2
343.4 341 338.8 335.9 333 329.1 326.8 321.9 314.2 306.2 299.1 294.5 291 288.2 283.4 280.8 277.7 275.5 270.9 262.7 260.7 259.5 259.6 259.8 259.7 259.2 258.8 258.3 258.3 258.2 257.7 257.3 260.7 277.4 279 286.2 294.6 299.7 301.3 305 312.3 321.8 330.1 338.2 346.3 355.3 366.7 378.1 390.2 402.5 413.4 422.5 431.8 440.9 450.6 460.9 466.7 466.5 461.8 451.7 432.9 417.6 408.3 400 391.6 381.9 377.4 373.8 370.3 367.9 365 362.1 361 356.7 364.9 373.4 384.4 394.7
336.1 333.2 329.9 322.1 324.2 319 315 308.8 301 294 285.4 284.3 281.4 278.5 276 273.4 271.8 267.6 259.8 259.8 259.9 259.8 259.6 259.6 259.6 259.2 258.5 258.5 258.5 259.4 260 267.4 274.1 279.1 282 290 297.9 300.7 304.3 306.7 311 319.1 327.4 335.8 344.4 353.2 364.1 376.1 387.9 399.6 411.9 421.2 430.1 438.8 448.7 460.4 466.6 467.9 462.5 450.5 433.1 416.8 406 397.7 388.6 379.2 374.5 371 366.9 363.5 360.2 357 356.4 356.4 367.6 373.7 384.3 396.4
329.9 329.9 328.3 312.5 316.1 309.5 302.8 295.3 290.3 284.9 281.4 277.9 275.8 272.3 269.8 269.6 264.7 259.7 260.3 260.6 260.4 260.1 259.9 259.5 259.8 259.2 258.8 259 258.9 267.1 272 275.4 280.1 283.1 291.7 296.2 300 302.4 304.8 307.1 309.2 316.7 325.2 333.7 342.6 351.4 360.9 373.6 385.1 395.6 408.9 417.2 425.1 433.7 444.1 453.5 462.4 465.4 460.4 448.2 431.1 414 403.7 395 386.1 377.1 371.6 366.7 362.7 359 355.5 352.2 353 360.8 370.6 374.9 384.8 396.2
320.6 320.7 318.1 313.4 305.5 297.9 292.2 289.3 285.2 282.3 276.4 271.8 270.3 266.6 264.1 260 260.1 260.5 261 260.9 260.7 260.5 260.2 259.6 259.7 260.1 258.8 264.5 271.2 276.5 280.9 282.3 287.2 295.3 298.4 299.6 300.6 302.6 305 307.4 309.6 315.4 323.1 331.9 340.8 349.3 358.2 370.2 380.3 391.4 401.7 409.7 417.1 425.6 435.2 445.1 454.5 459 455 444.5 428.6 411.1 402.8 394 384.1 375.1 367.8 362.3 358.6 354.7 351.5 350.9 364.3 367.8 372.1 376.3 383.5 395.5
310.1 310.5 309.9 304.8 294.6 291.7 289.4 283 276.3 271 268.1 266.6 261.3 261.4 260.8 260.6 260.9 261.3 261.2 261.1 261 260.8 260.6 259.9 259.6 259.7 267 274.5 280.6 285.6 291.8 294.6 290.9 296 297.6 299.1 300.3 301.3 302.6 305 308.6 314.3 322.1 330 338.2 346.4 356 366 375.5 385.1 393.7 398.7 407.6 416.1 426 435.5 444.1 449.9 447.7 438.5 426.4 408.5 400.5 392.3 382 372.9 364.7 358.1 353.1 347.2 348.8 358 365.4 367.5 371 374.7 382.7 394.1
299.6 299.9 298.4 293.7 289.8 284.3 272.1 266.5 264.3 262.5 262.2 261.9 261.3 261.2 261 260.9 261.5 261.8 261.4 261.3 261.2 261.1 260.9 260.5 260.3 266.6 274.3 281.1 287.6 293.2 295.7 296.9 296.6 296.6 298 299.3 299.9 300.8 301.7 302.5 306.4 312.8 319.8 327.5 335.4 343.6 352.4 361.7 371 377.6 383 387.7 395.5 405.7 416.5 425.3 433.1 439.3 438.8 430.4 419.2 407.2 397.4 388.4 378.3 367.8 359.9 353.3 347.9 341.8 348.8 360.9 364.6 366.3 369.2 373.9 381.9 391.8
288.8 287.5 285.3 280.1 272.6 264.9 263.5 261.9 263 263.8 263 262.3 261.4 260.9 261.6 261.6 261.8 261.7 261.7 261.7 261.4 261.3 261.2 261 263.3 270.7 277.6 283.6 287.7 292 295.8 297.3 298.2 298.8 298.5 299.2 299.2 300 300.9 301.7 304.2 310.8 317.3 324.8 333.1 341.2 349.8 358.3 364.5 370.7 375.8 380.5 387.1 395.6 406.5 415.1 422.7 427.6 428.4 422.4 413 403 393 382.2 371.6 361.4 354.3 348.4 342.1 343.9 353.6 357.7 361.4 364.8 367.1 374 381.4 390.6
277.9 276 271.8 266.8 263 265.3 266.7 271.6 273 267.6 263.1 262.6 262 261.1 262.1 262 262.3 262.1 262 261.8 261.7 261.6 261.5 260.5 266.4 274.2 277.6 281.6 285.9 290.4 294.9 296.5 297.1 298.6 298.8 299.1 299.5 299.9 300.9 301.8 302.8 307.8 314.5 322.3 330.5 338.8 346.2 352.2 357.6 363.5 369.6 374.1 379.2 386 396.5 406.9 414 417.1 418.6 414.4 405.7 395.7 385.1 375 364.7 356.1 347.7 342.2 337.1 347.5 349.9 354.5 359.8 364.1 367.5 374.4 381.4 392.5
270.6 268.5 266.3 264.5 263.4 274.5 282 282.6 279.3 268.3 262.2 262.3 262.1 261.4 262.3 262.4 262.7 262.6 262.5 262.3 262.2 262 261.6 263.4 268.9 274.4 277.5 280.5 285.1 289.6 293.1 294.4 295.8 297.7 298.6 299 299.5 299.8 300.9 301.8 302.9 305.2 311.5 319.4 327 334.8 341.8 347.5 351.8 356.2 361.7 366.2 372.7 379.6 389.3 398.1 405.5 409.7 409.5 406 397.7 388.4 379.2 369 358.3 351.6 341.4 332.7 332.1 341.4 345.6 352.8 358.3 363.2 369 375.6 381.4 392.6
266 264.3 264 264.5 275.2 285.6 286.6 279.4 268 262.6 262.2 262.1 262.1 261.5 262.3 262.4 263.1 263.1 262.9 262.5 262.1 261.6 261.2 265.7 271.4 275.4 278.6 281 284.5 288.8 291.1 292.8 295 296.7 297.8 298.6 298.9 299.3 300.1 301.8 302.8 304 308.6 315.9 323.2 331 337.7 343 348 351.1 355.1 360.2 365.7 372.7 381 389 395.2 398.1 399.1 395.8 388.7 381.4 372.5 362.8 352.9 343.8 332 329.4 333.9 339.2 344.4 352.3 358.3 363.2 368.8 375.4 381.3 392.4
264.3 264.9 265.5 273.6 287.5 290.6 285.3 269.6 263.9 263.1 263.2 262.9 262.1 261.7 262 262.3 263.2 263.4 263 262.7 262.3 261.9 263.5 267.8 273.1 277.4 279.5 281.3 284.9 288.3 289.3 290.4 293.6 295.4 296.4 297.3 298.2 298.8 300.5 301.9 302.9 303.9 304.9 312.2 318.8 326.8 333.7 338.8 343.6 345.2 349.1 353.3 357.8 365.1 373.3 381 386.8 388.1 389.3 385.7 380.4 373 363.8 354.1 346.8 333.4 329.1 328.5 333.3 336.6 343.7 351.4 358.6 362.5 368 374.2 381.8 391.6
265.5 266.3 265.9 283.5 291.7 289.1 279.8 264.3 263.9 263.8 263.6 263 262.3 262 262.2 262.4 263 263.7 263.4 263 262.6 263.2 266 270 275.4 278.8 281.7 281.8 284.7 288.2 288.9 290.7 292.3 294.1 295.3 296.6 298 299.3 300.8 302.1 303.2 304.3 305.5 308.5 314.8 321.6 329.1 334.3 337 339.6 342.4 345.9 350.6 357.6 367.1 373.9 378 378.8 379.3 376.3 370.8 365.5 356.4 347.7 339.2 331.4 326 329.5 331.6 335.4 341.7 349.8 356.8 362 366.7 372.8 381.5 391.7
266.5 267.4 272.3 289 288.8 282.3 266.2 264.5 264.3 264.1 263.9 263.2 262.1 262.9 262.8 263 263.4 263.6 263.4 263.1 263.6 266.1 268.6 273.6 277.3 280.3 283.5 285.6 286.6 288.6 289.5 291 292.8 294.7 296.4 297.8 299.1 300.4 301.6 302.6 303.7 304.8 305.8 307 311.1 318 323.8 328.6 332.1 334.2 337 339.6 344.4 350.9 359.1 366.5 368.9 369.5 369.4 367.6 362.9 357.5 348.7 340.9 333.6 326.9 324.7 329.6 332.5 335.5 340.7 349 356 360.7 364 369.4 380.1 390.8
273.2 279 284.4 285.2 280.7 269 265.5 264.6 264.5 264.4 264.2 263.4 261.9 262.6 262.7 263.3 263.2 263.4 263.4 264 265.9 268.8 272.2 276.7 279.8 282.9 285.8 287.8 288.2 289.5 290.7 292.1 293.7 295.5 297.5 298.9 300.1 301.1 302.1 303.1 304 305.1 306.1 306.9 307.6 313.3 318.9 323 325.8 328.6 331.6 333.9 338.3 343.4 351.2 356.8 360.9 361.9 361.9 359.4 357 351.9 344 335.8 329.9 323.3 327.5 330.6 333.2 336.4 341.2 347.4 354.6 355.1 358.6 365 374.3 384.9
284.4 285.8 277.2 272 266.5 265.1 264.9 264.8 264.5 264.2 263.8 263.2 262.7 263 263.2 263.5 263.6 263.6 263.9 266.1 268.7 271.6 275.4 279.9 282.6 285.2 288 289.9 290 290.7 291.9 293.2 294.8 297.2 298.6 299.6 300.7 301.7 302.8 303.7 304.5 305.5 306 306.6 307.2 309.4 313.8 317.3 320.4 323 325.9 328.2 332.1 336.1 342.4 348.2 353.3 355.7 355.3 353.3 350.3 346.8 340.3 333.9 326.3 323.8 326.3 330.6 332.7 335.5 337.8 338.7 339 343.8 343.3 355.1 370 379.9
284.2 278.5 265.4 265.5 265.4 265.2 265 265 264.6 264.3 263.9 263.6 262.9 263.6 263.7 263.7 263.8 263.9 265.8 268.7 273.2 276.4 279.7 283.8 286.6 287.8 290.1 292.1 292.2 292.9 293.9 294.9 297.3 299.8 301 300.5 301.5 302.5 303.6 304.3 305 305.2 305.5 306.1 306.4 306.2 309.1 312.1 314.6 317 319.5 322.1 324.7 327.7 333.6 340.4 345.1 347.4 347.9 346.9 344.5 340.8 336.4 330.8 323.9 319.1 327.4 328.9 330.3 332.3 332.6 335.2 341.6 349.3 354.1 346.3 359.4 375.6
281.5 271.6 265.3 265.4 265.4 265.2 265 265.3 265 264.7 264.3 264 263.8 263.9 264.2 263.9 264 264.5 268.7 275.4 279.6 281.6 284.1 287.7 290.5 291.5 292.4 294.2 294.8 295.7 296.6 298.2 300 302.3 303.4 302.9 302.3 303.3 304.3 304.7 304.6 304.6 305 305.7 305.4 304.9 305.9 307.7 309.9 312.4 314.2 316.4 318 320.2 323.8 330.1 334.6 337.2 338.9 337.5 335.6 332.7 330.5 326.2 320.9 320.6 326.1 328.1 329.8 328.7 331.9 338.4 346.1 353.3 360.4 365.3 349.4 362.2
276.1 266.2 265.6 265.4 265.3 265.2 265 265.3 265.7 265.1 264.7 264.5 264.3 264 264.9 264.7 264.3 265.9 273.8 280.2 281.7 284 288.3 292.3 294.3 295.1 295.8 296.9 297.7 298.6 299.5 301.4 303.3 305 305.8 305.2 304.7 304.2 304.6 304.9 304.6 304.1 304.6 304.9 304.4 304.3 303.6 303.5 305.4 307.4 309 310.6 311.9 313.7 317.2 321.6 324.4 326.7 328.1 326.4 323.9 324.3 323.7 320.4 317.7 316.7 323.7 325.3 326.8 328.5 335.5 340.1 348 355.6 361.8 368.1 369.4 374.7
267.1 266.4 266 265.9 265.3 265.2 265.1 265.3 265.8 266.2 265.1 264.8 264.2 264.1 264.8 264.7 265 267.2 275.3 280.9 282.9 285.7 292.9 295.5 296.8 297.3 298.1 299.8 301 301.8 303.3 304.7 306.6 308.5 308.8 307.9 307.4 306.7 305.3 305.1 304.6 304.5 304.5 303.9 303.6 303.1 302.4 302.6 303.5 304 304.8 305.9 305.9 306.9 310 312.2 315.1 317 316.7 315.8 310.7 315.8 315.7 314.4 315.9 318.3 321.1 322.7 325 328.6 335 340.5 348.2 356.2 363.4 368.9 373.6 378.3
266.9 266.7 266.5 266.4 266.4 265.2 265.1 265.3 265.8 265.8 265.9 264.6 264.5 265.2 265.3 266.1 266.6 270.3 276.5 282.5 285.9 291.1 296.4 298.4 299.2 299.6 300.1 302.3 304.3 305.6 307 308.2 310 312 312 310.7 310.1 309.1 308 305.3 304.8 304.7 303.7 303 302.5 301.2 301.4 302 302.6 303.3 303.9 304.4 304.8 305.5 306.3 307.2 307.5 308.1 308.5 310.4 311 311.7 313.6 314.9 316.3 319.5 323.1 324.3 326.5 330 333.4 339.5 346.8 354.7 362.2 369.3 374.2 378.9
266.6 267.1 267 266.9 266.7 266.8 265.1 265.4 266.1 265 264.7 264.7 266.4 266.4 265.4 266.1 267.4 271.5 279.9 285.3 290.4 294.3 297 299.5 300.8 302 303.2 305.3 308.1 309.4 310.7 311.3 313.3 315.4 314.9 313.5 312.9 312.7 310.3 307.6 304.8 303.7 302.6 302.1 300.9 300.7 300.9 301.4 301.8 302.4 303 303.5 303.9 305 306.2 307.1 307.6 308.2 308.7 309.8 310.8 312 313.4 315.1 317.9 320.7 323 324.8 325.8 328.1 331.4 338.2 345.4 352.6 360.1 368 373.5 378.6
267.1 267 266.9 267 267.1 267 265 264.9 265.7 265.1 264.4 265.8 265.5 265.6 265.5 266.4 268.1 272.6 282.7 289.5 293.3 296.9 299.6 302.1 303.7 304.8 306.3 308.8 311.5 313.1 314.5 315.1 316.8 318 318.3 317.1 316.4 315.1 312.4 309.7 305.8 302.9 301.5 300.7 300 300.2 300.4 300.9 301.4 302 302.2 302.9 304 304.9 306 307 307.2 308.1 308.8 309.9 311 312.1 313.8 315.4 316.2 320.8 322.3 324.2 324.3 327.8 331.6 337.1 343.7 350.8 358.3 366.2 372.3 377.7
267 266.9 266.7 266.7 266.8 266.7 265.4 265.3 265 265.3 266.3 265.3 265.2 265.9 267 268 269.3 276.4 288.1 292.6 296 299.6 302.3 305 306.3 307.7 309.8 312.3 314.3 316.2 317.6 318.8 320.3 321.4 322.5 321.1 319.1 316.7 314.4 311.6 307 302.7 300.4 299.6 299.6 299.8 299.9 300.3 301.1 301.4 302.1 303 303.7 304.8 305.9 306.7 307.2 308 308.6 309.8 311 312.1 313.7 315.1 316.1 318.7 319.7 321.8 325.1 327.7 331.2 334.8 341.6 348.3 355.5 363.9 371.7 377.4
266.9 266.5 266.5 266.5 266.5 266.1 265.6 265.7 266.7 267 266.7 266.1 266.6 267.7 268.8 269.8 271.1 279.8 291.1 295.5 299 302.2 305 307.7 309.3 310.7 313.2 314.7 316.7 318.9 321.3 323 324.5 325.8 326.6 324.6 321.3 317.9 315.6 312.3 306.8 302.2 299.5 298.9 299.2 299.4 299.6 299.8 300.5 300.9 301.7 302.6 303.4 304.1 305.2 305.5 306.2 308 309.6 310.8 312.2 313.5 314 315.4 316.3 317.3 318.5 320.7 322 327.5 330.3 333.6 338.9 346.1 354.2 363 371.3 376.7
266.8 266.6 266.1 266 265.7 265.7 266.7 267.8 267.1 266.7 266.5 266.7 268.1 269.3 270.5 271.5 272.6 281.5 293.6 298.9 302.6 305.3 307.8 310.2 312.1 313.9 315.9 317.8 319.8 321.6 324.1 326.7 328.8 330.2 330.1 327.3 324.1 320.7 317.3 312.6 306.4 301.4 298.9 298.5 298.7 298.9 299.2 299.3 299.8 300.8 301.1 301.8 302.8 303.7 304.4 305.3 307.7 309.8 310.8 312.1 313.2 314.4 314.8 316.5 317.5 318.3 318.9 319.3 320.2 325 330.3 334.1 337.9 344.4 353.3 362.3 370.4 375.4
266.7 266.5 266.3 265.7 266 267.3 268.4 268 267.4 266.7 266.3 267.8 269.6 270.9 272.3 273.2 274 282.7 295.8 302.5 306.1 308.3 310.6 312.4 313.8 316.1 318.9 320.9 322.9 324.5 326.8 329.4 332 333.9 332.2 330 326.8 323.1 318.3 311.8 305.4 301.4 298.3 297.9 298.2 298.5 298.6 298.6 299.8 300.1 300.7 301.3 302 302.8 304.2 306.2 309.2 311.6 313.5 314.9 316.1 317.6 319.1 320 319.2 319.2 320 320.6 322 322.2 323.2 326.6 333.9 342.4 350.8 359.4 368.5 374
266.6 266.4 266.3 267.1 266.5 267.3 267.6 267.6 267.6 268.6 268.1 269.7 270.5 272.8 274 275 275.9 283 295.6 303.3 306.2 309.1 311.2 313.2 315.1 317 319.9 322.7 325.5 327.4 329.5 332 334.5 335.8 335.4 333.1 329.3 324.1 317.6 311.1 304.6 301.2 297.8 297.2 297.6 297.9 298.3 298.9 299.4 299.6 299.9 300.7 301.5 301.7 304.1 306.9 309.9 312.8 315.8 317.5 319.3 321.1 323.6 325.4 326.6 329.1 324.2 321.7 322.9 324 324.7 325 329.2 341.2 347.4 356.5 365.3 372.2
266.4 266.7 267.5 267.7 267.6 268 268 267.4 269 269.3 269.2 270.2 271.2 274.1 276.7 277.5 277.3 280 296.3 303.4 306.5 309.8 312 314.1 316.5 318.3 320.7 323.7 327.2 329.7 331.9 334.5 336.8 338.5 337.9 336.2 330.6 324.4 317.6 310.2 303.5 299 297.2 296.8 296.9 297.2 297.6 298.4 299.1 299.3 299.5 299.7 301 302.7 305.2 308.3 311.3 314.3 317.8 319.8 322.4 325.3 328.1 330.7 332.5 333.1 333.7 332.4 328.7 326.5 327 327.4 327.5 333.2 342.7 352.8 361.9 368.7
267.2 268.1 268.3 268.4 268.7 268.6 268.2 267.9 269.1 269.1 269.1 271.1 274.1 275.5 276.7 277.7 278 285.2 296.7 302.8 307.3 310.5 312.4 314.4 316.8 319.5 321.9 324.7 328.3 331.2 333.3 336.2 339.1 341.5 341.4 338.3 331.9 324 316.2 308.7 302.4 297.9 297.3 296.9 296.5 296.5 297.2 297.4 298.2 298.6 299.1 300 301.9 303.8 306.7 309.9 313 316.4 319.2 321.1 323.6 328.9 333.6 336.1 337.8 338.6 337.7 337.3 337.1 337.5 335.7 329.1 328.9 329.2 333.9 345 357.4 365.1
