webserver/python/data/NH84.asc
ncols 200
nrows 200
xllcorner 280000
yllcorner 840000
cellsize 50
[rows 35 to 69 of 200, columns 78 to 155 of 200]
107.4 120.7 122.8 125 127.4 129.2 129.5 129.8 130.7 131.6 132.6 133.7 134.6 134 133.4 133.4 133.5 133.6 133.9 134.5 135.9 137.3 138.5 138.2 137.9 137.6 137.3 136.7 136.4 135.4 133.5 132 129.4 119.4 109.9 107 119.1 136.9 138.5 139.4 140.1 140.4 140.2 139.9 140.2 141.6 142.3 143.3 143.9 144 143.5 143 141.8 141 139.4 138 137.7 137.6 137.9 137.7 138.3 138.2 138.1 138 137.5 137.6 137.7 137.4 137 136.7 136 135.3 135 136.9 138.2 139.7 138.8 138.5
117.6 122.8 126.9 129.2 130.7 130.9 131.1 131.8 132.6 133.5 134.5 135.6 136.1 135.4 135.3 135.4 135.6 136.3 136.9 137.2 138.4 139.8 140.9 140.8 140.5 140.2 139.8 139 138.1 137.8 136.6 138 135.9 127.6 116.8 109.2 109 130.2 138.6 139.9 140.2 140.4 140.2 139.9 140.8 141.9 142.4 143.4 143.4 143.3 143.6 143.2 141.9 140.2 138.6 138.3 138 138 138.2 138.4 138.6 138.5 138.5 138.6 138.2 137.8 137.9 137.6 136.4 136.8 136.8 137.2 137.5 137.8 138.9 139.6 139.3 139
106.5 125.5 128.9 130.9 131.9 132.4 132.8 133.7 134.6 135.5 136.4 137.5 137.5 137.2 137.3 137.8 138.6 139.2 139.9 140.3 140.9 142.3 143.3 143.4 143.1 142.8 142.1 141.1 140 140 140.1 141.5 138.6 130.5 121.7 113.3 109.9 127.2 135 139.4 140 140.2 140.2 140.2 141.3 142.2 142.4 143.2 142.9 142.5 142.8 143.2 142.1 140.6 139.9 139.3 139 139.4 139.4 139.2 138.9 139.1 139.1 139 138.5 137.8 137.4 137.3 136.4 137.3 138.3 138.6 139 139.1 138.5 139.7 139.8 139.3
107.9 127.4 130.2 131.8 132.7 133.2 134.3 135.5 136.6 137.4 138.3 139.5 139.1 139.2 140 140.8 141.5 142 142.8 143.3 143.7 144.8 145.7 145.9 145.7 145.2 144.2 143.1 142 142.1 142.4 143 142 134.6 126.2 118 108.9 122.8 132.9 138.2 139.8 140.1 140.1 140.4 141.6 142.4 142.7 142.7 142.3 141.9 142 142.3 141.3 140.9 140.6 140.3 139.9 139.2 139.8 139.2 139.1 139.4 139.7 139.1 138.4 137.7 137.2 136.7 137.6 138.9 139.9 140.2 140.5 140.3 139 138.8 140 139.4
120.7 125.8 130.8 132.7 133.4 134.5 135.6 136.8 138 139.2 140.3 141 141.4 142.2 143 143.8 144.4 144.8 145.7 146.4 146.8 147.3 148.1 148.3 148.3 147.2 146.1 145 144.2 144.3 144.8 145.3 144.6 138.4 132.4 124.2 116 115.4 132 139.3 139.5 139.6 139.9 141.1 141.5 141 142 141.7 141.9 141.7 141.7 141.6 141.3 141 140.7 140.3 140 139.7 139.4 139.2 139.2 139.4 139.1 138.7 138.2 137.7 137 137.9 139.5 140.6 141.5 141.9 142.2 143 141.2 139.8 140.1 140
124.5 129.9 132.3 133.6 134.6 135.8 137 138.2 139.3 140.5 141.6 143.2 144.4 145.2 146 146.8 147.2 147.7 148.4 148.9 148.8 148.6 148.4 148.3 148.4 148.5 148.1 147 146.3 146.7 146.8 146.8 146.6 142.5 138.9 130.7 122.5 121.9 132.9 140.3 140.4 140.4 141.5 142.7 142.9 142.2 142 141.8 141.9 142.1 141.9 141.5 141.2 140.9 140.6 140.3 140 139.6 139.3 139.1 139.3 138.4 137.7 137.9 137.9 136.7 137.6 139.2 141 143.7 145 143.6 144.3 146.2 145.2 142.9 140.7 140.4
126.1 132.2 133.3 133.9 135.8 136.9 138.1 139.2 140.4 141.6 143 144.7 146.5 148.2 148.8 149.2 149.6 150.1 149.7 149.3 148.8 148.4 148.2 148 148.1 148.2 148.3 148.5 148.4 148.3 148.3 148.3 148.2 146.6 144.7 137.3 129.8 130.2 137.4 143.4 144 143.2 143.4 144.4 144.4 143.2 143.1 142.8 142.5 142.3 141.8 141.4 141.1 140.8 140.5 140.2 139.9 139.6 139.3 138.9 138.6 138.1 137.9 137.8 138 138 138.9 140.7 142.5 145.7 146.5 148.8 152.3 152.9 150.5 146.2 141.3 139.9
126.5 131.1 133.4 134.2 136.7 138 139.2 140.3 141.5 142.7 144.5 146.3 148 149.6 150.2 150.6 151 151.8 152.2 151.8 151.4 151 150.6 150 149.9 150 150 150.2 150.1 150 150 149.9 149.8 149 147.7 144.1 137 138.5 144.1 146.9 146.4 145.1 145.1 146 145.3 144.3 144.1 143.7 143.6 142.2 141.7 141.3 141 140.7 140.4 140.1 139.8 139.5 139.2 139.4 140 139.3 139.1 138.9 138.8 139.1 139.6 142.2 143.3 146.6 152.9 157.5 158.8 158.5 154.2 148.5 143 139.4
126.7 130.5 132.5 134.6 136.9 139.1 140.3 141.4 142.6 144.3 146.1 147.8 149.4 151 151.6 152 152.5 153.4 154.2 154.4 154 153.5 153.1 152.7 151.8 151.9 152 152.2 151.7 151.6 151.5 151.5 151.4 150.5 149.4 148.2 143.6 146.8 149.3 149.2 149.2 147.2 146.7 147.1 146 145.1 145 145 144.3 143 141.6 141.2 141 140.6 140.3 140 139.7 139.4 139.5 140 140.7 140.4 140.2 140 139.8 140.1 140.9 143.8 145.1 145.8 152.4 158.4 159.1 158.3 154.4 150 145 140.7
127.2 131.5 133.8 136.1 137.5 139.7 141.3 142.5 144 145.8 147.6 149.2 150.7 152.3 153 153.4 154.1 155 155.8 156.6 156.5 156.1 155.7 155.2 154 153.9 154 154.3 153.9 153.3 153.1 153 153 152.1 150.9 149.9 150 151.3 150.3 149.9 150.8 150.2 148.5 148.2 147.7 147.2 146.5 146.1 145 143.9 142.1 141.1 140.9 140.6 140.3 140 139.6 139.5 140.1 140.6 141.4 141.6 141.4 141.2 141.1 140.1 144.4 148.7 152.4 154.4 151.5 153 156 155.2 152.4 148.4 144.6 140.5
128.6 132.9 135.6 137.9 139.1 140.6 142.4 143.8 145.6 147.4 149 150.5 152.1 153.6 154.4 154.9 155.7 156.6 157.4 158.2 159.1 158.7 158.2 157.8 156.7 155.9 156 156.3 156.4 155.7 155 154.6 154.5 153.7 152.5 151.7 152.7 153.7 152.9 151.7 153.5 155.6 154.3 150.3 149.7 149.4 148.6 147 145.7 144.7 143 141.5 140.4 140.4 140.2 139.9 139.6 140.2 140.7 141.3 142 142.7 142.5 142.4 142.4 143.4 149.3 155.2 159.5 161.1 159 153.1 150.7 149.5 149.2 146.5 143.1 140.3
134.4 135.3 138.5 140.2 140.6 141.6 142.8 144.9 146.9 148.7 150.3 151.9 153.4 155 155.8 156.5 157.3 158.2 159 159.8 160.7 161.2 160.8 160.3 159.4 158 158.1 158.4 158.4 158.1 157.4 156.7 156.1 155.3 152.5 150.5 153.7 155.9 154.6 153.8 153.8 156.5 155.9 152.3 151.3 151.2 149.7 148.2 146.8 145.3 144.4 143.2 141.5 139.9 140.2 140.1 139.8 140.8 141.4 142 142.7 143.4 144 144.3 144.7 148.7 154.1 158.1 161.1 161.9 159.9 156.7 149.6 148.6 147.6 143.9 141.8 139.5
138.3 138.9 141 142.1 141.7 141.2 143.1 145.2 147.4 149.6 151.4 153.2 154.7 156.3 157.3 158.1 158.9 159.7 160.5 161.3 162.1 162.7 162.5 162.2 162.1 160.7 160.5 160.4 159.9 160.6 159.9 159 157.6 150.9 149.6 149.2 155 157.8 156.5 156.2 155.9 155.6 156 154.4 152.1 152.1 151.6 149.5 148 146.4 146 145.3 144 141.9 140.9 140.8 140.4 139.8 141.6 143 143.9 144.9 145.5 145.9 147 155.8 158.4 159 160.2 160.6 158.6 155.6 150.7 147.6 144.2 142.2 140.6 140.3
141.5 141.6 143.2 143.8 144 144 143.4 145.6 147.9 150.2 152.3 154 155.8 157.5 158.8 159.6 160.4 161.2 161.9 162.7 163.4 164 164.2 163.9 164.7 163.4 162.6 162 161.6 161.9 160.5 160 151.4 147.9 148.6 151.8 156.3 159.2 159.5 159.1 158.2 155.7 154.8 153.8 154.1 154.4 152.8 151.9 150.5 149.3 148.8 147.6 145.3 143.5 142 142.4 142.2 141.8 143.3 144.7 145.4 146.4 147.2 147.3 148.5 157.4 160.5 161.7 161.5 159.9 158.3 154.7 148.2 145.1 142.6 141.4 140.1 141
142.9 144.1 144.9 145.6 145.7 145.6 145.5 146.1 148.5 150.8 152.9 154.9 156.6 158 159.3 160.6 161.8 162.6 163.4 164.1 164.7 165.3 165.8 165.8 166.4 165.6 164.7 162.8 162.4 162.1 160.2 156 149.6 147.3 149.7 155.1 157.7 160.2 162.3 161.5 160.2 159 155.5 155.5 155.7 156.4 155.7 154.5 153.3 152.4 151.7 149.9 148.1 143.9 144.2 145.4 144.5 144.1 144.9 146.4 147.1 147.9 148.8 148.8 151.5 156.3 162.6 163.8 162.6 160.5 158.6 155.4 147.1 143.1 142 141.3 140.9 141.1
143.6 144.9 146.5 146.8 146.8 146.7 146.6 147.6 149.2 151.5 153.5 155.6 157.2 158.3 159.6 161.1 162.3 163.5 164.7 165.4 166 166.9 167.8 168.4 168.3 167.6 166.2 165.9 165.4 162.9 160.2 153.5 149.6 150.8 156.6 158.8 160.7 162.9 164.5 163.5 161.9 160.1 159 158.3 157.8 158.1 157.6 157.7 157.1 155.8 154.9 153.8 151.2 149.6 150.3 150.8 149.3 147.9 147.7 148 148.8 149.6 150.7 152.1 153.7 155.1 161.9 165.3 163.1 161.1 158.1 155.3 146.2 142.5 141.7 141.6 141.5 141.7
145.9 146.1 147.9 147.9 147.9 147.8 148.8 149.9 151.1 152.8 155.5 157.3 157.6 158.6 159.9 161.1 162.8 164.2 166.1 166.6 167.7 170 170.8 170.6 170.1 169.5 168.3 167.1 165 163 155.6 151.4 152.4 161.7 161.6 162.5 163.3 164.6 166.1 165 162.9 161 159.7 159.4 159.7 159.8 159.7 159.6 159.6 158.7 158 157 157.4 156.9 157.2 156.6 153.9 151.6 151 151 154.3 155.7 156.8 157.6 158 158.7 157.4 164.6 163.6 159 155 150.7 147.1 142.5 142.2 142.2 142.4 143
147.9 148.4 148.8 148.8 148.7 149.6 150.7 151.7 153.2 155.6 157.4 158.1 158.3 159.1 160.4 161.5 163.3 166.9 167.1 170.3 171.6 172.4 172.1 171.8 170.5 169.4 168 166.9 164.6 157.1 154.4 157.7 163.2 164.2 165 164.6 165.6 166.5 166.8 165.9 163.4 162 160.4 160.5 160.6 160.5 159.4 161.1 161.7 161.2 160.5 159.5 159.1 158.9 159 158.8 156.9 155.1 154.5 155.8 159.3 162.1 163.3 164.4 163.1 160.9 159 159.4 158.5 154.1 151.4 148.5 145.7 143.7 143.7 143.4 143.5 144.1
149.2 148.7 149 149.4 150.4 151.4 152.4 153.4 155.7 157.1 158.4 159.2 160 161.3 161.9 164.5 167.6 170.4 172.5 173.5 173.8 173.2 172.7 171.8 169.4 168.5 167.4 160.8 157.9 155.9 155.9 164.5 166.2 168.3 166 166.2 166.1 166.3 166.5 165.6 163.3 161.9 162.3 162.7 163.1 163.6 164.1 164.8 164.8 164 163.6 162.1 161.7 161.4 160.6 160 159.3 159.3 160.4 162.8 166.7 169.6 171.5 172.4 170 166.7 163.4 159.1 158.5 156.9 153.4 150 147.1 146 145.5 145.3 145.5 145.9
150.3 149.5 150 150.8 151.9 153 154.1 155.3 156.7 158.2 159.5 160.4 161.8 163.5 165.5 168.1 172.1 175.8 175.3 175.4 174.7 173.6 172.2 171.6 168.8 167.9 162.2 159.3 157.4 158.6 161.7 165.1 167.2 167.8 167.2 166.9 166.8 166.6 166.6 166.3 164.6 164.4 166.4 167 167.7 168.5 170.6 171.6 170.5 170.5 168.7 166.6 166.8 166.8 164.5 161.1 161 162.7 165.2 169.4 173.8 176.9 178.1 178 176.9 173.7 170.6 167.4 165.8 163.6 159.5 154.4 149.5 148.4 147.4 147.5 147.7 147.8
150.8 150.8 151.5 152.2 153.2 154.5 155.9 157.1 158.1 159.3 160.5 162.1 164 165.7 168.5 171.2 174.9 176.9 177.1 176.1 174.9 172.9 171.5 171.7 168.5 164.2 161.7 157.4 160.3 164.1 166.6 169.1 170.7 170.3 169.2 167.9 167.7 168.2 168.9 169.2 169.2 167.7 170.4 171.9 172.7 173.5 174 174.7 173.7 174 173.8 172.9 171.5 170.5 166.9 164.4 165.6 167.6 170.3 174.8 179.5 181.7 182.2 182.2 182.3 180.4 177.2 175.6 173.5 169.3 164 158.6 153.8 152.3 150.7 150.4 151.6 150.7
152 152.3 153.1 153.8 155.6 156.8 158 158.9 160 161.1 162.9 164.8 166.8 167.8 169.4 173.4 176.3 178.1 176.9 175.6 174 172.2 170.7 168.8 166.2 164.6 160.6 161.1 167.2 169.2 171.3 172.8 174.3 175.2 175 172.7 169.9 170.4 171.1 171.1 169.7 173.1 176.3 177.8 178.3 177.5 178.4 177.7 176.8 177.2 176.6 174.5 172.9 171.4 169.1 168.7 169.5 171.9 175.2 179.8 183.7 184.2 184.5 184.4 183.9 182.5 181.1 179.1 176.4 172.9 168.3 163.5 158.4 156.7 154.6 153 153.7 152.9
153.2 153.9 154.6 156.4 158.8 160.1 160.6 161 162.1 163.9 165.7 167.6 169.3 170 170.7 174.4 176.6 177.4 175.6 173.8 172.6 171.5 170.3 168.8 167 165 161.8 169.8 171.1 173 174.8 176.2 177.6 178.8 178.6 177.5 174 172.5 172.6 173.2 176.1 179.7 180.9 182 181.2 180.4 180.2 180.1 180 179.5 179 177.3 175.1 174.7 172.7 172.2 171.9 173.7 179.8 184 185.8 186.3 186.6 186.1 185.2 183.8 182.5 181.1 179 175.2 170.4 166.8 163.2 160.9 158.8 155.7 154.7 154.5
154.6 155.5 156.8 159.2 161.6 163.3 162.8 163.1 164.6 166.7 168.4 170.3 171.5 172.2 172.9 175.4 177.3 177.5 175.8 174.2 172 171.4 170.1 168.6 165.3 163.3 170.9 172 174 176.1 177 178.8 180.6 179.4 176.3 178.3 176.9 175 174.4 179.5 183 184.8 185.4 185.1 184.5 184 184.3 185 185.4 185.3 183.9 182.7 181.3 178.4 175.3 173.5 172.2 175.9 185.1 188.6 188.9 188.7 188.5 187.8 186.5 185.3 184.1 181.9 179.5 175.8 172 168.3 166.2 164.8 162.8 159.7 156.1 154.9
156.2 157.1 159.3 161.6 163.9 165.1 165 165.4 167.5 169.5 171.2 173 173.7 174.4 175.1 176.3 177.9 177.9 176.7 175.1 173 170.9 170 168.5 167.1 171.3 173 174.4 176.7 178.9 178.7 178.5 178.8 178.6 176.1 178.4 179 181.6 185.6 189.1 192 192.5 192.2 191.8 191.7 191.7 190.3 190.5 188.6 188 186.5 185.1 183.6 180.2 174.8 173 173.5 180.1 189.8 191.1 191.6 191.1 190.5 189.3 187.8 186.9 185.7 182.6 179.9 176.5 173.3 172.2 168 165.7 163.8 161.7 155.8 154.6
157.6 159.1 161.3 163.6 165.7 166.4 166.5 167.9 170.4 172.3 173.9 175.1 175.9 176.6 177.3 177.8 178.3 178.2 177.6 175.9 173.9 171.3 169.8 168.8 171.7 174 174.9 175.5 177.2 179.1 178.4 178.3 178.5 179 181.8 184.3 187.7 192.1 195.9 198.9 199.4 198.9 198.5 199.4 199.3 199.3 197.9 194.2 191.9 190.2 188.1 186.2 185.1 178.4 172.7 173.7 178.6 187 193.1 193.4 193.8 194.1 192.8 190.3 189.1 188.7 186.1 183.2 180.1 174.6 167.7 164.6 163.1 163.2 162.2 160.7 157.4 154.3
159 160.5 161.3 163.2 166 167.4 168.3 170.3 172.9 174.2 175.6 177.1 177.7 178.3 179 178.6 178.6 178.5 178.4 176.7 174.7 172.3 169.6 176.3 177 177.2 176.8 177 178 178.9 177.7 181.3 184.1 186.2 186.9 190.7 196 199 201.1 202.7 204.3 204.4 204.3 205.1 206.7 206 202.3 198 195 189.8 187.3 184.8 181.9 175 174.2 177 184.7 195 193.1 191.5 189.6 187 185.8 185.1 186.2 183.9 179.4 174.7 169 167.2 165.8 164.4 164.1 162.8 161.6 160.2 158.1 155
160.7 160.8 160.8 163.4 166.1 168.3 169.8 172.9 175.4 176.4 177.4 178.5 179.6 180 179.7 180.3 179.2 179.6 179 177.3 175.4 172.8 178.5 179.1 181.1 183.6 182.6 182.2 183 184.5 187.5 191.2 193.8 194.8 195.4 198.7 200.6 197.6 198 201.7 205.7 209.3 210.1 210.2 210.1 207.8 204.4 200.3 195.6 190.3 186 180.4 175.6 174.6 174.6 177.7 181.9 183.8 183.8 181.3 180.2 177.6 175.5 175.6 176.3 174 170.7 169.4 169.2 168.5 168.2 169.4 167.8 166.1 164.5 161.5 159.1 157.7
164 162.7 163.2 165 166.9 169 172.3 175.5 177.7 178.7 179.7 180.7 181.2 181.1 181.1 180.8 181 180.6 179.5 177.8 175.6 179 180.3 183.3 186 188.5 189.7 190.6 191.3 192.5 194.7 197.5 200.2 202.6 205.3 200.4 198.5 198.1 197.9 199.3 202.4 207.9 211.1 211.2 209.3 206.9 203.2 198.6 193.1 186.8 180.9 176.2 175.3 175.1 175.2 175.6 176.4 177.6 178.2 178 177.7 176.8 176.2 175.3 172.5 171.1 170.6 170.2 173.6 176.4 182 186.6 183.5 179.2 174.7 168.5 165.2 161.2
168.1 167.3 166.6 167.2 169.1 171.3 174.7 178.1 180 180.9 182 182.6 182.1 181.7 181.4 181.8 182.1 182.3 180.6 178.3 176.4 179.8 183.7 187.4 190 192.2 194 195.8 196.8 197.8 199.4 202.6 205.2 208.4 206 198 198.5 198 197.7 198 202.5 205.1 206.6 206.5 204.7 202.9 199.3 193.6 186.8 179.8 179.1 176.6 178.2 176.8 176.2 177.3 177.6 178.4 179.8 183.8 185.1 185.4 185.1 182.8 180.9 181.2 180.3 179.5 181.7 185.5 193.8 190.7 187.2 183.2 178.4 174.4 169.9 165.1
174.6 174.3 172.8 171.2 171.1 173.9 177.3 180.7 182.2 183.4 184 183.5 183 182.8 182.5 182.8 183.1 183.5 182.1 179.7 177.4 182.7 186.8 190.4 193.3 195.4 196.4 197.4 198.2 200.4 202.9 206.4 207.8 207.3 203.9 199.5 198.2 197.9 197.5 196.7 199.3 202.4 201.4 200.4 198.4 196 191.8 186.4 182.6 181.6 186 189.7 191.7 192.5 191.9 192.2 191 192.1 194.2 194.2 194.7 194.8 194.5 194.3 194.4 195 198.4 197.9 200.4 199.9 196.3 192.8 189.8 186.5 182.4 178.3 172.6 166
181.8 180.9 179.9 178.8 177.5 178.5 180.6 183.6 184.8 185.4 184.9 184.4 184 184.1 183.7 184 184.5 185 183.7 181.4 180 185.4 190.1 192.7 194.8 196.4 197.1 198.1 198.9 199.5 200.3 202.1 201.4 201 200.8 199.5 199.5 198.8 196.4 197 195.4 196.5 195.2 194.5 192.1 187.7 185.4 184.8 187.4 190.7 195.1 200 205.4 206.5 205.2 206.2 207.4 207.2 205.9 206.7 204 202.9 201.1 205.2 208.1 206.3 206.7 207.1 204.8 202.6 199.4 194.8 191 188.3 185.1 180.6 175.4 169.1
188.3 190.1 188.9 187.6 185.5 184.9 186.1 187.1 187.2 186.4 185.6 185 184.7 185.1 184.9 185.3 185.8 186.9 183.7 182.7 181.3 186.1 190.8 192.8 194.8 196.1 197.4 198.4 199.2 199.7 199.4 202.4 201.6 201.5 205.1 207.2 208.7 208.8 205.2 199 196.4 195.2 193.5 191.5 189.5 189.6 187.5 190 196.3 200.4 205.1 206.3 208 208.8 209.2 208.5 207.8 208.4 208.8 208.4 208.6 209.7 210.9 211.4 211.5 211.4 210 208.7 207.2 204.3 200.9 196.8 191.8 188.7 185.6 180.4 176.4 172.7
196.3 198.3 198.3 196.8 195 192.9 191 189.4 189.4 188.2 187.2 186.7 185.9 186 186.2 186.9 187.5 188.3 183.8 184.4 185.6 188.5 191.2 193.1 195 196.4 197.8 199.2 199.4 200.5 204 208.8 209.8 213.9 216.5 217.1 217.5 218.2 213.2 206.4 198 199 199.2 199 198 196.4 197 199.9 204.9 208 208.6 209.4 210.9 211.6 210.8 208.8 208.3 209 210.3 210.9 212.9 214.4 215.7 216.3 216.7 215.9 214.4 211.9 209.4 205.9 202.5 197.5 193.4 189 186 183 179.5 176.3
205 205.8 203.1 201.4 198.5 195.6 193.3 191.4 190.9 189.9 188.5 187.7 188.1 188.2 188.3 189.1 189.9 190.2 185.6 185.7 193.2 193.3 194 194.9 196.7 197.5 198.3 200.4 206.5 212.5 217.1 220.1 221.4 226.1 227.5 228.4 228.6 226.9 221.5 215 208.4 207.1 207.4 208.4 208.4 208.1 207.6 208.6 210.9 211.8 212.5 213.3 212.9 213.1 212.1 209.5 208.9 208.9 211.6 214.2 217.3 219.1 220.7 220.8 220.1 219 216.1 213.6 210.9 207.4 203.3 198.6 192.4 190.3 188.5 186 182.8 181.1
