webserver/python/data/NH92.asc
ncols 200
nrows 200
xllcorner 290000
yllcorner 820000
cellsize 50
[rows 0 to 34 of 200, columns 0 to 77 of 200]
605.2 604 602.5 592.8 582.9 571.6 564 565.7 586 597.3 582.8 571.7 574.9 578.9 582.5 587.4 590.6 589.6 583.3 575.4 564 549.3 544.6 548 558.8 549.7 534.1 518.4 500.5 491.4 480.9 475.4 461.2 448.5 440.4 436.7 435.4 432.1 428 423.6 418.2 414.2 411 408.7 404.8 400.3 397.9 397.2 396.6 396 395.3 395.9 394.6 394.9 392.5 387.7 385.4 378.5 380 381.1 381.3 384.2 387 388.6 390.5 391.7 391.2 389.2 386.9 383.7 377.4 369.7 362 359.2 359 362.6 365 371.7
609.2 609.5 609.2 604.1 591 577.9 570.7 562.8 582.3 594.1 583.5 578.7 580.4 588.1 588.9 592.4 592.9 587.2 579.9 571.3 548.9 545 541.8 547.6 556.7 545.9 533.5 520.7 504.4 490.5 477.3 467.5 460.2 447.6 436.5 435.9 432.1 428 424.9 421.1 419.8 418.5 413.9 409.3 401.2 398.2 398.4 397.9 395.6 394.8 394.1 392.2 391.1 392.1 390 383.4 381 376.8 379.9 382.1 381.5 380.5 381.4 383.8 385.4 386.9 386.9 385.5 381.9 377.5 370.5 367 362.2 358.5 358.1 363.2 365.4 371.5
612.5 612.6 616.7 608.5 594.9 583.3 573.8 565.9 572.1 585.1 582.4 578.5 582.3 588.5 590.9 588.2 584.2 578.9 573.2 557 542.9 541 539.8 545.9 554.8 543.6 534.4 523.2 510.6 489.5 472.3 461.5 456.4 442.1 436.3 434.8 429.6 425.7 422.3 418.5 417.7 417.3 414 406.9 399.2 396.8 397.1 397.4 395 393.4 392.3 388.9 387 385.5 383.2 378.2 378.9 371.5 384.2 384.1 381.9 380.1 379.2 381.4 380.6 382 382.3 382.2 379 379.6 372.8 365.6 362.6 358.9 360.3 365.2 367.9 372
614.4 614.3 615 609.5 596 585 575.4 572.6 565 574 575.6 576 582.8 586.2 584.3 579.2 573 569 559.3 544 539 537.5 536.4 538.8 544.6 539.7 533.5 524 510.7 487.5 470.2 451.5 446.3 440.5 437.1 433.2 428.1 424.3 420.6 416 412.4 411 408.6 402.9 398.9 397 395.5 394.9 393.6 392.9 393.5 390.6 386.9 388.4 390.2 384.4 380.3 371.7 384.3 386.2 382.6 380.4 380.4 380.8 379.3 376.4 378.4 379.8 379.9 380.7 373.4 363.7 360.7 358.5 362.3 365.4 366.3 367.7
615.2 613.1 609.7 602.6 591.2 581.3 571.9 563.7 561.2 566.5 568.5 569.6 574.5 576.1 574.6 570.2 562.3 554.4 543.8 537.5 534.2 533.7 532.3 532.2 539.2 539.1 533.5 522.8 509.7 492.3 472.7 467.3 454.4 444.2 438 432.7 427.8 424.3 418.9 413.8 408.8 405.2 405.2 396.6 399.1 395.3 393.6 393.6 393.3 392.6 392.9 392.3 387.5 390.7 393.8 386.7 376.8 374.6 381.5 382.5 380.9 380.7 381.4 381 381.5 376.2 374.2 375.9 379.5 373.1 364.8 364.7 357.9 358.9 364.5 367 368.3 369.4
612.9 610.7 603 595.6 585.8 576.1 563.9 559 559.3 560.3 561.7 562.7 564.8 564.9 563.4 558 548 541.9 535.6 532 529.9 529.7 531.2 532.4 540.8 538.1 532.7 518.2 505.3 497.6 496.2 480.3 461.9 451.8 441 436.5 429.3 425.4 417.6 411.8 408.3 400.4 398.3 398.7 396.1 394.2 393.6 393.9 393.1 392.4 392.3 390.9 387.9 387.6 387.9 382.4 368.4 378.3 379.6 379.3 378.1 378.6 379 378.5 379.1 373.9 372 374 375.4 365.7 362.1 361.4 357.4 359.6 368.3 368.5 368.3 368.2
608.1 606.1 597.6 589.7 579.8 570.1 559.4 555.5 556.5 555.5 554.7 554.4 554.2 554.4 552 548.3 539.4 532.7 527.9 527.5 529 529.6 531.1 532.7 541.3 542.9 525.3 515 505.8 505.9 500.7 476.4 470.4 470 459.8 445.6 433.5 426.1 417.7 412 408.3 402 396.2 394.9 394.2 395.6 394.4 395.4 394 391.9 390.4 390.8 386.9 385.9 381.4 373.1 365.3 376.2 376.6 375.2 374.9 374.9 370.8 371.4 369.7 368.3 368.8 369.7 365.2 360.2 357.4 359.2 355.8 359.5 368.5 368.6 368.3 368.6
602.7 597.1 589.7 584 571.2 562.4 553.6 553.5 552.3 548.8 546.9 545.7 543.8 543.3 541.6 537.1 528 522.7 520.7 526.5 529.8 530.3 531.8 533 533.8 536.7 529.4 525.1 514.4 502.8 490 481.5 473.1 475.8 470 454.5 439.1 429.1 421.9 413.9 408.6 403 397.9 393 392 395.9 395.3 395.3 393.6 388.5 387.1 385.4 383.1 383 379.3 370.3 365.7 370.3 373.8 371.6 368.6 367.2 365 365.5 366.9 367 366.1 364.7 361.2 356.9 355.8 356.6 355 359.4 364.4 368.2 368.7 369
594.7 589.1 579 573 562.4 554.2 551.5 551.6 547.8 543 539.2 537.2 534.6 531.4 529.2 524.6 517.4 515.7 519 524.3 529.6 532.2 536.1 535.1 531.3 532.5 533.3 538.4 525.7 503.6 490.6 479.4 481 479.8 473.4 465.9 446.1 433 424.4 414.9 408.7 403 399 394.1 389.1 392.4 393.6 391.3 387.5 384.4 384.1 383.2 381.4 380.9 374.9 368.2 360.6 365.5 367.6 366.9 366.1 365.5 363.5 363.8 364.5 364.7 364.6 362 357.5 355.8 355.8 353.1 354.8 358.9 363.1 367.2 368.3 369.1
587.4 580 568 560.6 554.8 552.8 550.9 548.5 544.4 540 533.1 529.1 525.3 521.1 518 514.2 510.1 510.4 515.4 522.3 528.5 537.4 540.8 537.9 532.7 530.2 534.1 535.7 532.2 517.2 496.3 493.6 481.1 474.4 476.8 474.8 449.8 435.5 426.3 416.7 409 404 400 393.9 388.5 386 387.6 385.7 383.2 383.2 381.5 380.2 377.4 371.8 368.6 367.6 364.6 358.9 365.2 365.8 364.2 362.7 360.8 361.5 361.5 361.5 361.4 358.9 356.1 355.8 358.2 350.2 353.8 358 362.1 365.1 366.6 366.8
579.7 571.4 560.2 552.4 550.8 551.5 549.8 548.1 543.4 539.5 530.9 524.5 519.4 514.3 510.3 505.8 502.6 506.1 512.9 523.6 535.9 543 545.3 541.8 533.9 531.1 531.3 536.6 534.9 517.5 515.4 515 507.4 486.2 474.1 466.3 454.5 436.9 428.1 418.6 409.4 405.1 399.7 393.7 387.6 382.3 379.4 378 376.1 372 371.3 370.7 368.5 368 368.3 367.5 365.7 360.3 359.2 366.5 361.6 359.1 358.3 359.3 359.2 358.8 356.8 353 353.4 353.6 360.3 349.6 351.9 356.2 359.8 362.5 363.9 364.4
568.4 560.7 551.7 545.9 549.4 552 552.2 550 545.1 539.2 530.2 518.9 512.7 507.1 502.1 497.1 497 502.7 515.7 535 544.3 540.4 543.6 540.9 534.9 531.5 527.9 531.9 528 523.5 526.6 520.1 510.8 498.1 477.4 464.8 456.5 437.2 429.3 419.1 411.2 407.2 400.6 394.6 387 381.1 376.2 374.3 372.4 370.6 369.1 368 367 366.5 366.9 365.6 364.4 358.2 358.5 362.2 359.1 358.6 357.2 356.4 356.1 354.4 351.4 347.8 347.3 348.8 353.4 345.5 350.4 355.6 357.6 359.6 360.9 360.9
554.4 547.8 543.5 543.4 550.1 555.1 557.1 552.6 544.6 536 525.4 514.9 506.7 500.6 495.7 490.7 492.7 503.2 517.3 542.9 543.7 538.7 540.2 534.4 530.9 530.5 526.3 524.9 527.4 536.9 537.8 527.2 515.3 502.2 482.7 464.8 452 435.9 428 420.3 413.1 407.3 401.4 393 386.4 380.9 375.9 373.1 371.3 369.5 367.7 365.2 364.5 359.6 361.1 360 357.8 351.6 357.2 356.6 354.8 353.2 352 350.8 349.6 348.2 344.8 343.6 343.3 342.5 344.6 344.9 352.4 357.3 356.7 356.4 356.5 354.4
542 537.6 537 542 549.9 557 558.9 554.8 546.5 533.2 522.3 510.9 501.7 494.7 488.9 483.7 492.7 503.3 514.9 532.9 535.2 535.9 534.8 529 525.4 525.1 522.8 522.6 532.3 543 542.3 528.7 517.9 503.5 485.9 468.7 449.1 435.3 426.6 421.6 413.1 406.4 399.4 392.1 386.8 381.1 376.6 373.4 371.2 368.8 365.9 363.8 363.4 361.2 355.1 359.7 356.7 345.7 350.2 349.7 348.9 348.8 348.3 346.7 345.4 343.2 341.8 340.2 339.6 340.7 343.3 350.6 353.4 356.6 355.5 354.5 353.2 350.1
531.2 530.1 534.4 541.7 551.1 559 561.1 558.9 550.7 534.5 521.7 508.5 496.7 486.9 481.6 479.8 488.1 502.4 510.2 519.5 527.1 528.3 528 523.4 521.6 520.9 519.6 523.3 531.4 538.5 538.9 529.1 518.9 504.8 488 475.8 447.9 431.8 431.8 422.1 412.7 405.2 398.2 392.1 386.9 381.4 378.4 374.5 371 368.3 365.6 363.4 361.3 359.5 354.2 346.8 343.7 345 340 343.6 345.2 344.4 344.3 343 341.7 340 338.6 337.2 336.5 336.4 340.9 350.2 354.1 356.4 354.6 352.6 351.4 351.5
522.1 525.4 533 542.7 554.2 562.2 564 561.1 548.7 534.3 518.8 503.7 490.1 480.4 475.9 475.3 486.6 500.6 506.4 510 518.4 521.2 519.6 516.8 515.8 515.5 516.3 524.5 537.4 539.8 536.6 529.8 518.1 508.2 491.8 470.9 448.2 440.7 432.8 421.8 412.4 404.3 397.9 392.1 386.5 380.9 378.4 374.3 370.7 368.1 365.4 363.1 360.8 357.5 354.2 346.7 338.8 341.2 338.7 338.4 341 341.4 341 339.8 338.2 337.2 336 334.8 335.1 335.2 337.8 344.7 348.9 351.6 349.6 349.9 349.2 354.8
514 521.3 534 546.9 559.3 567.7 566.4 559.4 545.3 530.9 515.5 500.1 487.1 476.6 471.4 472 484.2 499.7 505.5 508.1 511.9 512.2 511.4 509.8 509 510.4 513.5 527.2 540.6 545.5 540.2 527.8 513.8 505.8 485.1 464.8 458.5 448.1 434.2 422.5 412.9 406 397.7 391.7 385.9 380.6 377.8 373.2 370.4 367.8 365.1 362.8 359.6 356.2 353.1 342.2 337 335.7 336 333.5 335.6 338.7 340.3 338 335.7 334.4 333.5 332.3 333 333.7 336.2 338.9 339.6 338.6 344.1 348.2 352 356.3
508.5 520.8 537 547.3 558.2 566.4 568.2 556.8 541.7 525.8 510.9 496 483.9 474.1 467.6 469.4 482.2 500.4 506.7 509.5 507.6 506 504.3 502.1 502.5 504.5 510.1 522.1 537 545.7 543.1 533.3 519.6 499.9 477.3 464.8 471.2 453 436 424.2 413.9 405.1 395.6 389.9 385.3 380.3 376.4 373 369.7 367.3 364.8 361.8 358.2 354.3 349.4 338.2 333.6 331.8 332.8 331.6 332.3 333.5 335.2 335 333 331.1 330.7 330.7 331.1 332.3 336.8 340.7 341.7 342.2 344.6 349.8 354 357.9
507.9 520.7 532.7 544 555 566.1 565.9 552.9 535.5 520 505.1 490.8 479.3 471 463.7 468.7 483.6 501.7 509.2 504.2 501.1 499.4 496.6 494.3 494.7 499.2 505.3 516.2 530.8 539.8 540.2 533.6 524.4 500.7 473 486.3 473.6 449.9 437.3 423.6 413.4 403.3 394.1 388.5 384.1 379.4 376 372.5 369.1 366.9 364.9 362 357.2 351.9 344.2 336.1 333.2 329.3 330.3 329.2 330.3 330.8 332.1 332.5 331 329.9 330.5 331.2 328.9 331.7 337.3 340.7 344.5 346.4 349.4 353.3 357.4 359.7
504.5 515.4 527.4 540.7 551.1 563.2 565.2 550.2 530.8 515.1 499.4 485.3 473.9 467.7 462.3 465.5 478.6 499.3 504.5 496.3 494 491.2 488 486.3 486.5 491 498.3 508.7 523.2 532.5 537.4 532.2 520.2 498.6 500.3 478.2 466.9 452.9 436.6 422.8 409.7 402.2 393.6 387 380.3 376.3 373.3 369.8 366.4 364.5 363.2 357.6 353.2 348.8 340.5 331.8 332 328.3 326.2 325.8 328.2 331.6 333.3 333.9 332.9 331 328.1 326.6 326.3 330 336.9 341.3 345.7 349.7 353.8 358 359.9 361.4
501.5 511.7 524 538.4 547.4 554.1 555.4 540.6 527.5 508.9 493 479.2 468.8 464.1 459.7 459.6 470.2 484 488.7 486.6 484.7 482 479.2 477.5 477.7 482.8 489 501 515.4 524.4 529.5 523.7 507.5 508.1 503.7 487.1 466.3 447.4 431.5 417 409.6 399.9 388.6 383 377.7 372 368.5 366.2 364.9 363.2 360.3 355.2 349.9 345.5 337.4 331.8 329.3 325.9 324.1 326.4 331.4 333.6 329 332 335.7 332.7 329.6 325.5 325.8 330.2 336.9 342 347.2 352.3 356.9 360.7 362.8 363.6
501.9 508.1 519.6 534.2 541.8 546.6 543.3 533.6 522.1 502.8 485.8 472.7 464.3 458.9 454.4 452.7 462.4 472.7 476.5 476.8 474.7 472.7 469.8 468.1 468.6 473.6 480.1 492.4 505.8 515.1 514.9 507.1 499.8 515.1 501.8 485.4 468.7 451.8 430.2 417.3 403.3 390.6 385.9 382.2 371.9 368.1 366.9 365.7 364.3 363 358.9 353 347.8 343 335.1 330.2 326 323.5 323.2 327.1 329.8 330.5 331 332 337.7 335.8 331.2 327.3 325.1 330.1 336.4 342.8 349.4 355 359.6 363.2 366.3 365.9
494.1 500.7 513.1 527.4 534.1 536.7 533.4 526.3 514 495.6 479.9 466.8 458.6 452.4 448.1 449 455.5 464.1 469.2 469.6 466.3 462.5 459.9 458.6 457.8 464.2 471.3 482.8 493.7 502 503.4 497.8 514.9 515.8 502.5 482.2 463.3 441.2 426.9 411.3 398.2 393.3 388.3 373.6 369.1 368.6 366.4 365.1 364 361.5 356.5 349.9 344 337.2 334.5 329.3 324.5 322 320.9 324.9 327.8 329 329.8 331.2 332.6 331.4 327.5 325.5 325.6 330.7 336.8 345 351.9 357.8 362.3 365.6 368.3 368.1
482.4 490.2 502.7 513.2 521 525.9 523.3 514.8 503.3 486.9 472.9 461.5 453.5 446.9 443.1 445.2 451.6 456.5 459 458.7 454.5 450.1 446.3 445.5 446.8 452.9 459.6 469.7 480.6 489 493.7 498.7 509.5 510.7 499.7 477.4 456.6 437.4 419.5 405.7 392.4 392.8 379.8 374.5 368.9 368.3 366 364.6 363.4 359.8 354.2 347.6 341 335.9 333.7 328.5 324 321.3 318.3 323.2 325 325.1 327.1 328.2 326.5 325.2 323.8 322.8 325.7 330.8 337.5 345.7 354 360.4 365.4 367.2 371.8 369.9
469.1 478.7 489.1 499.6 506.5 509.1 506.2 500.7 489.4 477.2 466.2 457 448.5 444.1 439.9 442.8 444.8 446.3 445.7 443.8 440.4 434.5 427.3 430.7 437.8 442.2 447.1 456.7 467.3 475.1 483.9 494.8 503.4 503.6 494.3 473.9 448.6 430.2 414.3 401.4 394.8 386 377.4 373.4 368.1 366.9 365.5 364.1 362.3 357.7 351.3 344.9 338.4 333.2 330.9 326.6 322.7 319.8 317.9 319.6 322.1 322.7 322.7 323.9 323.7 323 322.1 323.1 327.5 331.9 339.6 348.3 356.8 364.1 369 371.9 376.4 370.8
456.2 465.3 475.3 484.8 490.2 491.9 490.8 485.7 478.3 466.9 455.7 446 441.5 438.9 435.1 440.8 442.3 442 441 437.1 436.1 425.3 420.1 420.2 425.9 428.8 435.1 447 455.5 463.8 473.1 486.3 493 494.7 483.7 466.2 445.4 429 411.9 400.4 392.8 379.3 377.6 368.9 367.1 366.2 365 363.7 360.2 354.7 348.3 341.9 335.5 329.3 323.5 324.1 322.6 321.9 320 316.7 318.3 320.2 322.2 323.7 322.9 321.1 320.6 324.3 327.4 332.9 342 351.1 359.9 367.2 372.8 372.7 380.8 373
443.2 452.4 460.2 470.1 475.5 475.9 476.1 471.6 466.9 459.9 447.2 440 434.3 430.9 429.3 439.7 440.8 440 435.3 427.6 426.5 421.8 414.9 411.3 409.2 415.7 427.4 437.4 444.5 451.8 461.4 473.3 474.6 480.2 469.3 455.8 436.4 420 405.6 396.4 390.1 382.2 376.5 371.5 367.7 365.5 363.9 362.4 358 351.5 344.5 338.1 331.7 325.5 320 322.5 325 326 325.9 317.3 315.2 318.4 323.1 323.9 323.8 322.1 319.6 324.4 327.9 335.2 345.3 355.1 363.3 369.5 376.3 374.7 383.4 371
430.4 438.4 445.6 456 461.3 462.2 460.9 458.4 453.5 448.7 441.3 434.5 425.3 422.1 429.7 437.1 438.3 436.9 428.3 420.4 412.8 411 407.2 404.9 404.6 404.4 415.8 425.2 435 446 451.4 454.7 449.7 447.2 434.2 428.7 418 406.6 394.3 391.3 384.8 379.3 374.7 370.5 367.2 365.5 363.2 361.4 356.2 349.1 341.6 334.2 327.8 323 320.1 320.6 325.7 331.9 330.7 331.9 313.9 318.7 323.3 323.2 323.2 322.8 319.6 324.7 331 339 348.7 358.3 367.5 372.8 379 375.8 383.6 368.2
424.7 428.3 433.1 440 444.8 446 445.8 443.6 442.1 438.9 434.2 426.4 419.2 420.9 425.9 431.7 433 430.3 419.3 417.7 408.7 406.2 403.8 401.3 401.5 402.2 402.2 411.9 426.1 437.7 447.3 460.4 467.3 462.4 450.3 433.4 415 392 390.8 391.8 378.2 372.4 370.9 368 365.7 363.9 361.5 358.1 352.3 345.2 338.1 330.9 322.4 320.7 320 319.1 321.7 329.4 333.7 332.2 315.4 320.5 322.7 322.6 321.6 320.8 318.6 327 334.3 341.2 350.9 361.3 370.2 376.4 383.3 377.4 381 364.1
429.6 422.7 427.3 427.8 435.1 437.8 437.6 436.4 434.8 431.9 425.6 417.2 412.2 416.8 420.3 425.2 424.9 420.4 414.7 409.7 406.2 403.5 398.5 395 396.7 400.5 399.5 405.6 414.8 425.8 437.8 452.7 454.9 450.4 436.8 421.2 400.4 397 397.5 386 381.1 370.4 368.2 366.1 363.9 360.9 357.6 353.3 348.4 341.3 334.6 328.8 322.9 321.6 320.2 319.1 319.6 316.1 318.2 321 312.9 318.8 321.9 322.3 320.7 319.3 321.9 329 335.1 342.8 354.4 365.1 372.5 381.9 384.7 377.2 373.4 364.8
428.8 426.7 421.9 424.7 426.8 430.2 430.1 429.6 428.5 424.1 416.8 411.4 408.7 413 412.7 412.9 412.5 409.3 406.9 404.4 399.7 396 391 387.6 387.7 389.4 393 396.2 403.3 413.4 428.2 435.9 436.5 432.6 420.5 409.9 395 400.5 390.6 381.5 372.4 371.2 367 363.4 360.2 357.2 353.3 349 344.5 338.8 333 328 324.4 323.3 318.8 318.7 319.9 319.5 316.3 312.1 310.1 317.3 322.6 322.5 321.2 318.3 323.5 330.7 337.1 345.8 358.3 368.8 377.9 385.7 390.8 378 375.4 366
430.3 426.8 420.8 407.3 418.2 425.2 422.3 419.9 416.6 414.9 411.9 404.6 408.3 407.7 406.7 405.7 405.1 402.8 401 398.1 392.8 388.9 385 382.3 382.2 383.9 386.3 388.3 394 400.6 410.1 411.2 412.5 407.2 403.2 397.6 398.1 394.2 384.2 372.2 367.4 366.3 363.3 359.8 356.6 353.3 348.9 344.2 339.4 335.2 332.2 328.6 323.4 325.5 322.2 321.8 324.1 321.7 315.5 310.9 308.1 317.7 322.9 321.4 317.1 319.7 325.6 332.2 338.8 348 360.6 371.4 376.5 387.1 395.6 381.3 380.2 373.5
431.4 428 424.9 422.3 406.3 417.1 415.4 410.8 409.4 410.2 408.3 398.6 403.5 403.2 402.5 402.3 400.7 398.2 395.6 392.5 388.5 384.1 380.4 377.3 376.6 380.3 381.3 381.4 384.4 388.2 393.3 397.2 398 393.9 391.3 388.7 386.2 378.7 368.9 366.8 365.8 361 358.5 356 352 348.1 343.2 338.4 335.3 334.6 332.7 328.7 322.7 320.3 320.8 328.8 326.7 317.6 309.6 308.8 307.1 317.1 321.4 318.1 316.9 322.1 327.5 332 340.3 348.9 367.1 373.5 376.7 389.5 393.6 382.8 380.9 376.3
432.4 427.5 423.8 419.6 412.7 401.1 413.4 408.4 403.2 402.3 398.8 395.2 395.8 396.3 394.7 393.9 393.8 391.3 389.4 387.4 382.4 376.8 373.3 371.5 369.9 372.6 373.6 373.7 377.4 377.8 377.9 379.4 383.8 384.2 379.6 377.2 375 376.3 374.5 363.6 357.8 356.4 353.7 349.9 345.3 341.6 337.2 335.2 334.7 334 331.9 328.2 325.1 320.2 319.2 321.8 321.5 310.4 307.7 306.4 305.6 315.1 319.4 316.4 316.1 322.8 327.4 333.4 341.9 350.3 371.2 376.9 379.7 383.1 399.9 385.1 376.4 371.4
433 428.1 423.1 416.4 412 402.3 407.4 405 400.4 397.3 394.8 391.1 390.9 390.4 388.1 385.3 385.8 384.4 382.6 378.4 374.2 368.8 365.8 364 364.7 365.1 365.4 364 365.3 373.4 382.5 384.3 372.8 377.1 376.4 375 373.7 372.8 364.1 357.7 355.6 352.8 348.7 343.6 338.9 335.8 334.9 334.6 334.2 333.3 330.9 327.7 324.1 314.2 315.7 313.1 310.9 309.1 305.8 304.7 311.7 315.6 318.8 319.1 313 325.2 329.3 336.5 344.1 353.9 373.5 381.2 384.5 386.2 399.2 383.7 376.8 372.9
