webserver/python/data/NJ11.asc
ncols 200
nrows 200
xllcorner 310000
yllcorner 810000
cellsize 50
[rows 140 to 174 of 200, columns 0 to 77 of 200]
729.5 726.7 722.7 717.6 710.6 702.4 691.8 677.5 658.6 662.1 655 648.9 644.9 640.6 638 635.9 633.9 631.9 629.8 620.8 612 597.1 586 579.3 575.2 572.5 569.7 566.5 561.8 555.9 557.1 560.2 561.7 563 563 563 563.3 563.9 564.5 564.9 565.8 567 568.8 575 582.7 592.2 603.5 613 617.4 616.2 612.6 607.9 601.9 594.7 587.4 578.8 570 560.8 552.1 543.1 533.3 523.6 511.6 489.3 463.9 460.7 484.2 510 521.7 530.5 544.9 554.6 561.6 564.9 566.3 563.9 557.4 549.1
737 733.5 729.1 722.6 715.6 708.3 700.3 686.7 684.9 681.3 673.3 661.9 654.4 650.2 644.3 642.1 640.1 639 636.5 631 622.1 611.9 597.5 585.9 581.9 577.6 574.3 571.2 565.2 559.8 562.4 564.1 565.7 567.6 567.8 569.1 569.1 569.2 569.5 570.1 570.7 572.2 572.6 575.5 583 591.7 600.4 607.7 611.3 609.1 605.5 600.8 595.2 589.1 583 574.9 566.6 558 548.8 540 530.9 517.8 492.7 458.5 460.5 468.9 502.4 521.1 533 543.6 554.9 564.9 571.5 575.1 576.3 574.4 568.3 558.8
744.3 739.2 734.1 727 720 709.9 698.3 694.3 696.1 693.4 688 681.4 673.4 662.9 655.5 650.4 646.4 643.8 640 634 628.2 619.8 611.1 597.8 588.2 583.6 579.7 576.1 566.5 565.9 567.8 569.8 571.4 572.8 574.3 575.6 575.4 575.5 575.6 575.7 575.9 575.7 576.2 577.1 582.6 587.4 592.7 597.4 600.7 599.4 595.7 592.1 586.4 580.2 574.5 567.9 560.3 552.3 544.7 536.2 527.9 508.4 471.5 465.2 467.7 487.3 515.8 532.4 544.1 556 564.5 573.8 579.3 583 582.9 579.5 574 565.5
750.9 745.4 737.1 729.3 721.5 708.6 706.2 707.1 705 702.6 699 693.7 687.5 680.9 672 660.3 654.4 647.1 642.6 636 629.9 623.4 615.7 605.4 596.3 591.3 585.4 580.3 572.4 573.8 574.4 575.9 577.7 579.9 581 582.1 581.7 581.8 581.9 582.4 582.8 580.7 579.7 580.7 580.5 583 585.9 587.7 590 589.5 586.5 582.8 577.5 571.4 565.9 559.5 552.8 546.3 539.5 532.5 521.7 491.4 465 468.7 485 504.5 523.7 540.8 555.9 567.9 576.1 582.1 586.5 588.4 587.3 582.9 576.3 568.4
756.6 751 742.8 732.1 718.9 722.4 721.1 718.7 716 713.7 710.3 706.5 699.6 692.8 684.3 675.5 666.3 655.8 645.8 639.4 631.6 622.2 615.2 611.1 606.8 600.4 593 584.9 576.2 580.2 580.3 582.5 584.8 586.8 588.2 588.6 588.2 588.1 589 590.2 589.5 587.8 586.6 584.5 581.6 580.3 579.8 580 580.1 578.9 577.1 573.6 568.4 563.2 557.4 551.8 546.8 541.5 535.2 529.1 515.5 486.3 464.8 477.8 498.1 512.6 531.9 549.4 565.3 577.7 585.8 589.8 592.4 592.7 590 585.3 578.3 570.5
761.8 756 749.7 736.9 732 734.6 732.1 729.6 726.6 723.4 718.6 715.1 709.9 702.6 694.1 685.1 676.5 665.2 652.4 644.1 634.2 629.8 624.2 618.7 613.1 606.2 597.8 589.6 586.3 589.9 588.3 589.7 591.9 593.7 595.3 596.2 595.6 594.8 596.4 598.3 597.4 597.6 595.2 592.1 586.7 581.9 576.7 573.4 573.1 570.7 568 565.1 560.5 555.6 551.9 547.4 542.3 536.8 530.6 524.5 512.7 481 466.8 465.3 496.3 520.4 539.7 555.8 571.6 585.7 593.4 597.2 598.5 596.8 593.4 587.1 580.2 572.5
766.9 760.9 755.7 747.6 745.3 743.9 740.8 739.3 736.8 732.5 727.4 722.7 717.1 711.3 703.8 693.2 682.5 672.6 661.2 649.4 643.3 635.9 629.9 623.8 617 608.3 597.8 589.9 601.1 603.9 607 609.1 607.8 607.5 607.3 607 609.1 610.6 613.6 615.5 617.9 617.1 615.1 605 596.4 586.9 578.3 572.4 568.5 564.8 562.9 558.4 555 551.3 547.4 542.8 538.1 532.1 526.1 518.7 504.9 485.2 470.2 465.4 466.3 496.4 523.4 549.8 567.2 583.7 599.6 603.3 603.9 600.4 595.3 588.6 581.1 573.3
773.7 767.8 761.6 754.9 755.1 753.7 752 749 745.7 740.6 735.1 729.2 723.4 717 709.4 700.5 689.6 677.5 667.1 661.4 653.9 644.8 635.1 626.3 618.8 607.4 600.2 604.7 612.2 619.8 626.8 631.4 633.3 634.2 632.8 629.6 631.5 633 633.4 633.2 635.8 639 638.7 629.3 618.5 602.4 585.4 577.1 570.4 564.1 560.1 555.2 551.6 548.1 545 538.8 528.9 522.3 517.1 508.8 493.6 483.9 472.4 468.6 465.2 484.8 505 526.1 547.9 570.7 603 608.2 606.6 602.2 596.9 589.3 581.5 573.5
777.8 774.4 769.1 763.8 763.8 762 759.8 757.1 753.3 748.6 741.3 736.2 727.9 720.9 712.9 705 696.4 687.3 679.5 671.1 663.8 653.2 641.8 630 617.4 613.2 614.3 611.9 619.7 629.1 635.6 642.1 646 647.2 646.4 644.9 643.9 644.6 646.1 647.1 650.3 651.2 651.5 647.4 637 623.4 607.4 590.7 582 574.2 565.8 558.7 553.2 549.2 544.5 539.7 535 524.2 512.9 506.2 499.3 500.2 485.1 470.3 466.9 482.1 505.2 525.5 542.6 565.4 595 610.2 608.1 603.7 597.8 590.2 580.8 570.9
779 776.9 773.4 772 771.7 769.7 767.3 764.4 760.4 756.4 749.2 741.4 732.2 724.5 716.9 709.4 702 694.2 688.4 681.9 672.5 662.1 646.7 629.6 624.3 626.4 624.9 618.5 627.9 635.7 642.2 648.6 653.4 655.4 653.9 653 652.2 651.8 653.8 654.5 656.7 659.3 659.5 654.2 646.3 635 623.9 611.6 599.2 588.1 576.4 567.9 558.8 552.4 546.7 541.6 536.5 531.2 523.7 516.3 501.2 501.5 498.5 476.9 466.1 479.6 508.7 535.4 555.8 573.3 596.8 611.3 609.9 605.1 598.4 589.1 578.5 568.5
780.3 778.4 777.1 775.8 775.6 776.1 774.7 771.6 767.2 762.3 757.6 750.9 742 729.3 721.6 714.2 706.6 700.5 694.4 688.3 679.9 664.3 640.5 639.6 640.7 638.2 634.8 630.8 631.8 642.2 649.5 655.7 660.4 661.1 660.1 659.7 659.4 659.2 659.1 659 658 658.6 657.1 653.2 645.3 637.6 627.4 617.5 606.2 595.1 582.8 572 562.6 554.2 548.1 543 537.9 531.9 525.7 518.9 505.1 502.4 482.2 473.4 467.1 481.9 511.6 540.8 562 587.3 606.1 613.5 613.4 607.1 598.4 588.2 576.7 566.1
781.9 780.8 779.7 779.1 779.2 778.6 777.1 775.7 772.9 768 763.3 757.4 750.9 741.9 731.9 720.1 713.1 705.7 699.8 693.6 686.2 659 657.6 662.1 657.7 652.2 646.9 643.7 643.9 646.2 655.9 662.6 666.6 668.1 667.4 664.8 664 663.2 661.3 656.4 652 649 648 647.7 642.2 635.1 625.3 615.5 605.9 594.8 582.2 572.3 563.4 555.4 549.8 544.4 538.3 532.3 527.8 521.2 506.8 498.9 479 471.3 469.9 494.1 515.1 551.4 576.4 594.2 607.8 614.5 615.6 609.2 599.1 587.1 575.6 564.3
783.5 782.6 781.7 782.1 781.3 780.2 779 776.7 774.4 772.5 766.8 760.2 754.4 748 739.2 730.5 720.2 712.9 703.8 696.9 681.7 669.8 679.6 676.5 671.8 667 664 659.3 655.7 657.5 661.7 668.3 671.7 673.7 674.9 673.7 669.7 667 664.1 659.1 649.2 642.2 638 636.3 632.7 627.8 620.6 611.3 602.4 591.7 579.7 572.2 563.9 556.4 550.9 544.3 538.1 533.4 528.6 522.1 505.5 499 476.7 468.8 483 502.3 520.6 549.3 579.1 596.1 608.6 614.8 614.9 607.9 598.4 586.1 573.7 561.7
784.1 783 782.1 782.3 781.8 780.8 778.4 776.1 773.8 771.4 767.6 763 758 751.2 743.3 734.7 727 718.7 709.7 699.4 675.7 687 690.8 688.3 683 678.1 674.4 671.9 669.5 668.1 670.5 672.5 675.8 677 678.6 679.7 675.4 671.1 667.3 662 654.5 645.3 638 633.5 626.6 620.1 613.1 605.4 597.4 587.8 579.8 571.7 564.7 556.8 550.7 543.8 537.7 531.1 521.7 511.9 500.1 491.8 469 480.5 495.2 509.1 524.3 550.2 580.2 597 608.7 613.3 612.4 604.4 594.5 582.4 569.5 557.6
784.5 783.6 782.5 782.1 780.7 779.4 777.3 775.2 773.1 770.1 766 761.5 756.8 751.8 746.2 737.5 729.5 722.4 714.6 703.4 685.4 692.7 697.5 698.1 695.2 691 685.8 681.8 678.7 677.3 677.7 678.4 680 681.1 680.7 678.6 676.3 673.1 668.4 664.1 658.3 648.8 639.2 633.2 626.6 619.7 614.4 607.7 601.1 594.1 586.5 577.6 569.2 559.9 551.7 545.4 539.6 533.7 525.2 511.2 499.7 474.6 475.5 483.9 504.1 515.6 531.2 557.1 580.9 597.3 607.8 613.5 609.5 599.4 589.7 577.4 564.1 552
783 782.5 781.9 780.3 778.6 777.4 775.7 773.7 771.6 768.6 764.5 759.6 754.2 748.9 743 738.1 731.7 724.6 717.4 709.3 688.8 700.2 703.9 705.6 704.2 701 697.8 695.1 692.4 688.4 685.8 684.4 682.8 682.7 679.8 677.4 672.5 669.6 665 659.5 652.9 645 637.3 631.3 625.5 620.2 616.2 613.6 609.3 604.3 596.3 587.2 578 568.1 555.8 547 541 534.2 522.8 509.3 490.7 471.7 491.6 485.2 508.4 519.7 541.3 564.7 581.4 595.8 605.2 608.6 603.6 594.2 584.5 572.7 558.4 544.1
777.8 780.3 779.2 777.9 776.4 775.3 774.2 772.1 770.2 767.2 763.5 758.5 751.6 745.7 739.5 734.2 728.7 723.1 717.2 709.5 697.4 708.2 711.6 712.5 712.1 711.7 708.9 705.5 701.9 697.8 693.4 689.3 687.1 683 679.1 672.6 666.2 660.5 655.3 648.6 642.9 637.4 632.5 627.8 621.8 617.3 613.8 610.5 607.5 603.8 598.1 590 582.4 574.7 565.1 553.3 540.8 532.8 520.9 501.6 483.5 474.1 500 498.5 505.6 524.2 544.6 562.8 578.8 591.9 599.2 600.1 594.9 586.5 577.5 565.9 553.2 537.9
772.6 774.1 773.7 774.1 774.2 773.1 772.6 770.7 768.7 766.2 762.7 758 751 743.9 737.9 731.4 724.5 719.3 713.9 705.5 709.7 713.4 717 719.2 719.9 720.8 722.9 718.2 712 708.4 704.8 700.5 692.6 686.1 679.2 669.1 657.5 648.7 641.4 637.7 632.7 627.9 623.5 619.4 614.9 609.5 606.2 602.8 599.5 596.4 591.7 586.2 579 572 564.2 554.4 542.1 531 521.5 494.4 480.3 485.1 512.6 511.2 501.5 525.1 541.7 558 570.6 582.6 589 589.8 585.6 577.2 568.7 558.9 545.7 531.8
767.4 767.7 767.6 767.6 768.8 770 770.4 768.8 767 764.4 761.4 757.4 752.6 746.8 740.9 735.5 728.5 721.1 715.8 715.2 714.2 717.9 721.7 724.1 726.7 729.4 730.2 731.1 726.3 721.1 714.4 709.7 704.9 694.8 683.7 673.6 664.3 652.3 640 626.5 619 619.3 614.9 609.5 604.6 599.6 595.6 591.8 588.9 585.9 583.2 577.9 572.9 566.5 558.2 546.7 534 523.8 506.1 480.1 480 506.3 524.5 525.6 511.3 509.4 532.8 547.5 561.2 569.9 576.2 577.9 574.7 568.3 559.9 549.7 537.7 524.5
761.8 761.7 761.5 761.4 762.3 764.1 765.5 766.9 765.3 762.8 760.1 757.9 753.7 749.4 744 738.6 732.4 728.5 724.4 722.9 722.1 724.8 727.4 729.2 731.6 733.6 734.6 735.1 733.3 728.7 721.8 719.7 714 706.6 696.6 687.1 679 668.3 655 639.6 625.2 611 606.2 605.4 598 590 585 580.9 578.2 575.5 573.1 569.5 564.2 558.5 538.3 525.2 517.3 505.2 479.3 495.2 510.9 527.7 532.1 533.2 532.7 517.1 514.8 536.2 550.6 556.6 561.6 564.4 563.7 558 551.1 540.3 527.6 521.3
756 755.6 755.5 755.4 755.5 757.2 759.1 760.3 762 761.4 759.7 758.1 755.3 751.9 748.6 744 739 737.2 733.3 730.7 731.3 732 732.8 734.5 735.6 737.3 738.7 738.6 736.6 734 729.5 724.8 719.2 713.7 707.8 697.7 689 678.6 666.5 651.7 633.5 621.3 610.2 597.9 589.8 586.1 579.2 571.2 567.2 564.8 563.7 560.1 553.1 543.3 524.4 497.6 482.2 482.4 477.1 514.9 533.7 540.3 542.1 543.1 543.8 535.8 521.3 518.4 539.7 546.8 551.3 552.2 552.8 548.9 544.6 535.3 526 520
750.2 749.7 749.5 748 748.1 749.8 752.6 753.8 755.7 757.8 757.4 755.8 754.7 753.9 751.5 748.1 746.6 744.3 740.8 738.1 736.5 737.2 738.1 739.6 740.4 740.7 741.9 741.5 739.4 736.6 733.2 729.9 724.3 718.7 713.1 705.8 697.5 686.9 677.1 663.8 650 635.1 622 611.3 601.5 591.3 581 571.3 559.8 546.7 548.2 544.4 537 522 505.7 482.5 489.3 495.9 505.9 533 546.4 548.7 549.8 549.3 548.8 545.3 536 521.7 530 539.1 542.1 543.9 543 541.2 538 531.1 525.8 519.4
743.9 742.1 741.9 740.6 740.7 742.4 745.6 747.2 749.3 751.4 753.5 754.1 754 753.9 752.5 752.4 751.5 750.6 748.1 745.3 742.5 742.4 743.6 744.5 744.9 744.9 745.2 744 741.8 738.6 735.9 733.1 729.1 723.7 718.2 711.2 704 695 685.3 672.5 658.9 645.2 631.6 619 606.5 594.6 581.3 571.1 562.8 553.6 539.4 504.9 504.9 487.9 483.2 497.2 507.7 525.1 542.4 553 556.5 558.6 556.6 556.1 551.8 548 543.4 532.1 520.9 528.7 534 535.2 535.9 536.8 536.2 532 526.9 521.3
733.2 732.8 732.6 732.9 733.4 735.2 738.4 740.9 743 745.9 749.1 751.2 752.6 752.3 753.4 754.1 753.8 753.3 753.6 752.4 749.3 747.6 748.6 749 749.4 749.5 749.1 747.2 744.6 741.8 739 736.2 732.5 728.5 722.9 715.5 708.1 700.3 691.1 678.4 663.9 651.2 636.1 623.4 610.9 595.9 580 567.9 556.6 548.5 527.1 494.1 496.3 518.8 513.9 522.7 521.1 535 550.2 558.7 564.4 568.4 564.6 562.8 557 552.5 546.7 539.7 533.4 525.2 526.5 528.6 531.3 533.8 534.7 532.5 528 521.7
723.5 723.5 723.3 723.1 725.5 729.8 732.7 736 739.1 742.2 745.4 747.2 749 751.3 752.2 753.9 756.6 756.3 756.3 757.1 754.9 752.9 752.7 753.6 754 754 753.3 750.8 747.9 745.1 742.3 739.5 736.4 732.6 726.5 719.8 712.3 703.9 694.9 682.4 667 653.6 638.3 623.9 609.6 591.9 575.2 562.8 549.5 532.2 516.2 510.6 525.4 537.3 522.8 536 534.3 545.2 555.4 563.4 570 576 575.7 570.6 564.6 558.6 551.9 545.5 541.3 536.4 531.8 532.6 526.5 529.7 532.3 531.9 526.6 528.4
713.2 713.6 713.7 711.3 717.3 724.7 729 732.7 735.7 738.5 741.4 743.6 746 748.3 750.5 752.5 756 758.3 759.1 759.3 757.5 755.7 755.1 755.2 756.5 757.1 756.5 754.1 751.1 748.4 745.6 742.7 739.6 736.1 730.4 723.4 714.9 705.7 695.6 682.5 668.9 654.3 638.1 621.2 604.5 586.2 568 553.1 540.1 520.3 490.2 522.6 541.9 540.2 533.4 539.8 543.6 552.6 562 568.8 575.2 579.2 581.7 577.6 570.7 562.4 555.5 550.2 545.5 541.1 539.5 536.1 530.4 529.1 530.8 531.7 528.4 531
702.9 703.5 702.9 700.4 710.2 719.8 726 730.1 733.6 736.2 738.4 740.8 743.1 745.5 747.8 750.8 753.6 756.4 758.6 759.1 759.5 758.4 757.3 756.7 757.6 756.8 756.7 756.6 753.9 751.4 748.8 746 742.9 738.8 733.4 725.7 716.4 706.8 694.8 681.9 668 652.8 635.2 615.3 597.2 580.1 561.2 540.1 518 492.7 525.2 536.9 549.7 544 542.3 547 553.4 560.7 566.7 573.4 577.8 580.1 579.7 578.2 571.2 564.8 557.4 551.7 546.5 542.5 539.8 535.9 532.9 529.3 531.1 533.5 531.7 533.2
693.4 694.3 693 693.6 703.4 714.6 721.6 727.8 731.4 733.3 735.7 738 740.4 742.7 745.3 748.7 752.2 755 757.4 758.4 758.8 758.8 758.7 758 757.3 756.5 756.1 755.3 752.5 750.5 749.2 747.5 745.2 740.2 733.1 725.6 716.7 706.4 693.9 679.3 659.3 640.2 622.9 605.5 590.7 573.5 548.3 516.6 498.2 537.5 549.8 561.4 553.7 549.5 556.2 558 564.6 567.4 571.9 576.6 579.3 579.9 580.1 577.5 572.6 566.4 558.3 551.8 547.8 543.8 540.1 537 534 530.9 534 534.9 534.6 535.5
684.6 684.7 683.8 687.8 700.6 708.4 715.9 724.1 727.1 730.2 732.9 735.2 737.7 740.3 742.9 746.4 750.1 753.6 756 757.6 757.9 757.9 758 757.7 757.2 756.3 754.9 753.6 751.1 749.3 747.2 745.1 742.5 738.9 732.9 725.5 716.8 705.2 689 668.3 644.1 626.4 610.2 596.3 581.8 566.8 547.6 514.4 534 559 569.7 571.7 568.3 569 570 570.4 572.1 574.5 577.8 580.5 581.3 581.4 580.5 577.9 573.1 567.9 560.7 553.9 549.1 545.8 542 538 534.8 531.8 534.9 536.1 537.4 537.5
678.1 679.1 676.5 683.3 693.6 700.7 707.8 714.6 720 722.8 728.6 731 734.1 737.4 740.4 744.1 747.8 751.6 754.9 756.8 757.8 757.8 757.4 757.7 756.9 755.3 753.1 751.9 749.2 746.7 744.9 742.8 739.8 736.2 731.7 725.4 716.2 703.1 676.3 654.9 629.1 619 603.4 591.2 574.2 558.2 536.4 497.3 548.4 569.5 575.5 579.8 581.3 580.5 578.9 578.9 579.4 580.2 581.9 583.7 584.1 582.9 581.2 579.2 574.9 569.7 564.1 557.5 551.2 547.8 543.8 539.9 535.9 532.6 536.5 538.1 539.6 540.1
672.4 672.7 667.9 676.6 684.4 691.1 697.1 702.6 708 713.4 719.7 722.1 726.3 730.1 737.3 743.1 747.2 751.7 755.3 757.2 758.2 758.6 757.8 757 756.2 754 751.4 749.7 746.8 744 741.7 739.4 736.7 733.1 729.8 723.7 714 699.1 669.9 644.3 626.9 611.4 596.5 581.9 566 547.6 518.4 528 564.5 574.2 582.7 590 591.7 589.6 586.7 585.7 584.9 585.5 586.7 586.6 586.7 585 582.8 580.3 576.6 571.2 565.6 560.1 554.4 549.6 545.7 541.8 538 534.4 538.1 539.7 541.9 543.2
667.4 667 662.9 668.3 675.9 681.6 685.3 690.3 694.4 699.3 703.4 704.8 709.8 726 734.5 740.1 745.1 750.3 755 757.4 758.7 758.9 757.7 756.3 755.3 752.7 750 747.2 744.2 741.1 737.3 734.9 732.5 730.4 727.9 722.2 714.3 699.7 667 646.9 627.3 619.4 604.8 589.5 567.2 550.7 528.1 507 541.7 575.8 587 596 601.4 599.2 595.1 592.8 590.3 590.7 590.1 589.8 588.5 586.7 584.7 581.5 577.8 572.5 567.4 562.3 557.1 552.2 548.3 544.5 540.6 538.3 538.6 541.8 544.9 546.8
662.4 662.8 659.8 658.4 666 670.8 674.8 677.8 682.8 687.3 688.3 691.1 705.4 717.3 727.9 736.1 741.9 747.8 753.4 756.4 759 758.5 757.2 756 753.8 750.9 748.1 744 740.9 737 733 730.4 728.9 727 726.4 721.5 714.7 701.6 681.3 656.7 635.9 617.4 610 587.6 569.1 553.3 555.4 534.4 508.1 570.5 588.9 602.2 606.2 603.9 600 597.1 596.6 594.7 594.1 592.2 589.9 588.2 586.2 583.5 580.1 575.6 570.8 565.7 560.5 555.6 550.9 547.4 544.2 542 541.5 546 548.8 550.5
658.2 658.4 656.9 649.7 658 661.5 664.3 667.8 672.5 674.1 677.9 687.5 696.9 708 717.2 727.4 736.2 745.3 751.6 755.6 757.9 758.1 757 755.5 752.4 749 746 741.9 736.9 732.9 728.9 725.7 723.2 722.2 721.8 718.7 712.3 700.9 687.3 666.8 641.1 618.6 605.2 589.5 575.8 565.7 565.1 539.1 510.2 545.1 583 599.6 609 607.8 603.8 603.4 602.9 601 599.2 596.1 593.7 591.3 589 586.1 582.4 577.9 573.4 568.9 564 559.1 554.9 551.1 547.8 545.7 546.6 550.1 553.8 555.7
653.6 653.9 652.1 648.5 650.5 653.5 654.9 657.9 661.7 666.8 676 683.3 692.5 698.7 706.5 717.6 729.1 738 747.4 752.2 755.8 756.4 756.4 754.5 751.1 747.4 743.6 739.1 733.5 728.8 724.8 719 716.1 716.3 716.4 714.2 708.5 699.2 685.7 667.7 644.5 625.8 612.5 599.9 586.5 573.4 570.7 526.8 541.7 538.5 569.4 598.1 608.6 609.4 609.9 609.7 609.2 607.6 606.8 605.4 603 598.9 594.4 588.6 584.8 580.3 576.3 572.5 568.7 563.7 559.5 555.4 551.7 550 549.9 554.7 558.4 561.1
