webserver/python/data/NJ25.asc
ncols 200
nrows 200
xllcorner 320000
yllcorner 850000
cellsize 50
[rows 140 to 174 of 200, columns 78 to 155 of 200]
283.6 283.4 282.5 280.9 279.3 277.7 276.1 274.4 273.1 271.5 269.3 266 264 264.3 261.7 261.2 254.2 242 235.5 231 232.7 223.6 213.3 202.9 191.7 178.9 171.9 157.9 147.6 145 144.1 137.4 136.9 136.7 136.3 136.4 141.1 140.9 145.6 152.5 161.8 185.7 204.6 218.1 229.1 242.2 253.8 264 269.9 270.1 268.8 267.4 264.4 261.4 258.3 255.3 252.1 248.7 245.3 242 236.9 229.9 224.9 216 223 220.6 218.9 215.7 212.1 208.5 194 200.8 204 206.6 210.4 214 221 228.4
285.2 285.1 283.9 282.6 281.2 279.8 278.1 276.9 276.1 274.9 272.4 271.4 269.5 267.1 263.3 256.8 252.9 253.2 247.3 237.5 228.5 216.2 214.9 205.1 192 183.3 174 161 149.8 140.8 141.3 147.9 137 136.2 135.6 135.2 138.9 141.9 146.9 156.3 165.2 176.8 194.5 210.6 224.8 235.9 248.8 260.2 267.7 268.8 267.5 266 263.3 259.9 256.7 253.7 250.5 247.2 244.2 241.2 236.5 222.3 225.5 212.4 221.8 217.3 215.1 213.3 211.1 199.7 192.5 200.4 202.7 204.8 209.4 216.9 223.6 227.5
286.7 286.4 285.1 283.8 282.5 281.2 280.2 280 279.2 278.2 276.4 275.3 273.4 271.5 268.7 265.4 261.9 258.1 254.3 244.8 239.4 226.5 207.8 205.7 189.2 182.4 175.1 165.7 153.8 147 140.4 138.8 137.1 136.1 135.4 135 134.7 139 145.8 156.8 169.3 177.3 191.1 206.9 221.1 234.4 244.5 256.4 266 267.9 266.4 264.7 262.7 259.4 255.9 252.5 249.4 246.4 243.4 240.4 237.1 229.6 214.2 207 220.4 215.7 212.6 210.5 208.4 198.7 191.6 199.9 201.6 203.3 207.5 212.5 219.1 225
288.6 287.6 286.4 285.1 283.8 282.5 281.9 281.8 281.7 281.5 280.3 279 277.1 275 272.1 269 265.3 261 256.4 249.3 241.3 232.1 218 206.5 194.6 185.7 173 167.6 163.3 150 140.2 140.1 142.4 136.2 135.6 134.6 133.5 136.8 143.5 154.1 164.4 174.9 185.9 201.3 217.8 234.2 243.5 252.1 261.2 264.9 264.9 263.2 261.4 258.3 254.8 251.2 248.3 245.4 242.5 239.1 235.7 230.9 224.5 214.6 208.9 213.2 210.8 208.8 204.1 197.2 189.5 199 200.3 202 206 211.3 217.4 223.7
290 288.9 287.6 286.4 285.1 284.1 283.6 283.5 283.4 283 282.6 282.1 280.8 278.5 275.4 272.3 268.1 263.8 258.5 252.2 244 233.8 222.4 211.7 202.2 190.4 181.4 168.3 161.5 155 139.7 139.9 142.5 135.9 135.3 134.5 133.7 134.2 141.1 150.9 159.4 172.9 181.6 194.7 213.3 232.1 240.8 249.2 257.7 262.2 263.3 261.8 259.6 256.9 253.6 250 247 244.5 241.1 237.6 234 229.3 223.9 219.6 201 211.1 210.7 207 202.2 193.7 189.2 198.2 198.6 200.9 204.8 210.8 216.9 223
291.2 290.3 289 287.7 286.4 285.8 285.3 285.1 284.6 284.4 284 283.6 283.3 281.9 278.8 275.2 271 266.7 261 254.6 246.3 235.9 224.6 213.5 203.5 192.9 181.6 169.2 159.8 151.9 140.2 144.3 140.1 136.1 135 134.3 133.6 133 139.1 148.4 157.2 169.1 179.8 192.3 207.5 226.2 238 244.9 252.2 258.8 260.9 260.4 257.9 255.1 251.3 247.9 244.7 242.5 239.2 235.6 232.1 227.5 221.8 217.2 206.5 201.5 208.5 207.4 200.7 187.9 189.3 197 195.7 199.8 204.7 210.9 216.9 223.1
293.6 291.7 290.5 289 287.7 287.2 286.7 286.3 285.9 285.8 285.5 285.2 284.4 284 282.2 278 273.8 269.4 263.4 256.4 247.4 237.7 225.9 214 204.5 194.1 182.3 170.7 157.8 156.7 144.4 151.3 139.4 136.7 135.3 133.6 132.8 132.5 136.4 145.8 154.2 165.7 177.9 189.7 207.3 219.8 234 240.4 247.1 254.4 258.3 258.5 256 252.8 248.8 244.9 241.3 239.5 237.3 233.7 230.3 225.1 219.1 213.9 207.9 192.1 197.1 202.8 196.5 187.7 181.2 191.9 195.7 199.8 204.8 210.9 217.1 223.6
295.9 294 292.1 290.2 289 288.5 288 287.5 287.3 287 286.6 285.9 285.1 284.8 282.9 279.9 275.9 271 264.4 256.7 247.4 236.9 225 213.1 204.6 194.9 183.8 174.9 160.1 150.4 150.7 141.4 139.5 137.2 135.4 133.5 132.4 132.2 132.4 138.5 149.4 163.1 176.1 188.6 203.8 218.1 229.4 235.8 242.3 249.8 255.6 256.5 254.1 250.3 246.2 242 236.7 237.3 235.1 230.7 227.3 222.2 216.3 211.3 206 202.9 185.4 194.5 196.3 193.1 183.3 178.3 193.8 199.3 204.7 210.8 217.2 222.4
298.7 296.7 294.9 292.4 289.8 289.1 288.5 288.1 287.7 286.9 286.7 286.4 285.8 284.2 282.4 280.6 276.6 270.6 264.4 257 247.5 235.9 223.9 212.3 203.4 195.1 183 175 163.3 151.8 145.4 142.7 140.3 137.8 135.9 134 132.8 132.2 131.8 133.5 146.1 159.5 172.2 186.6 201.6 212.8 222.2 231.1 238.6 246.5 253.4 253.7 251.3 246.9 242.7 238.4 232.3 232.9 230 228.7 222.8 218.1 213.1 208.1 203 199.4 193.4 188.9 194.2 195.4 191.4 175.2 195.2 199.1 204.6 211.4 217.3 222.6
301.4 299.2 297.4 294.1 291 289.5 288.9 288.4 287.5 285.9 285.9 285.7 285 283.3 281.4 279.6 276.4 270.4 264.2 256.5 247.2 235.1 222.8 209.7 201.6 195.5 184.8 176.3 165.8 155.4 146 142.8 140.3 138 136.2 134.4 133.1 132.1 131.6 132 142.3 156.7 170.3 183.1 195.5 205.9 216.4 226.2 234.8 244.8 251.2 251.9 248 243.3 238.4 232.6 227 226.7 223.2 221.9 217.2 212.7 208.4 204.3 199.4 196.1 193.7 180.8 193.3 195.2 188 175.6 196.3 198.4 204.8 212.2 217.7 223
303.5 300.3 298.7 295.7 292.7 289.8 289 288.2 287.3 284.7 285 284.9 283.8 282 280.3 278.5 275.1 270.3 263.6 256.4 247.2 235.6 221.2 208 200.2 192.2 185.7 178.7 171 160.1 151.6 144.3 140.9 138 136.3 134.8 133.3 132.2 131.6 132.2 140.7 152.7 166.1 177.7 187.8 198.8 209.4 220.2 231.6 242.9 248.8 249 244.2 239.1 233.1 227.5 221.8 219.1 217.4 214.7 211.4 207.3 202.7 198.6 194.9 192.3 191 179.1 190.6 194.8 183.2 176.3 196.2 200.7 206 213.5 219.2 224.2
303.6 301.6 299.4 296.2 293.1 290.4 288.8 288 287.1 283.8 283.8 284.1 282.5 280.7 278.8 276.9 273.4 268.8 263.6 255.9 247.2 236 221.7 207.3 202.1 193.1 186.2 181.4 175.6 168.3 155.4 147.5 142.6 138.9 137.2 135.5 134 132.7 131.4 133.8 139.6 149.1 159.1 170.1 180.1 194.2 205.4 217 228.7 239.2 245.2 245 240.6 234.6 227.4 221.4 215.5 207.8 208.7 208.4 205.5 201.8 197.7 194.2 190.3 185 175.6 184.4 188.6 188.3 176.5 184.6 197.7 203.4 209.3 214.9 220.9 225.8
302.9 300.6 298.4 295.7 293 291.1 289.5 287.8 286.7 283.4 282.6 282.1 280.8 279 277.2 275.2 272.8 268.2 262.6 255.6 247.1 237.2 226 214.8 203.3 196.2 187.3 182.5 176.3 164.1 153.4 149.4 143.6 139.1 137.2 135.6 134.2 133 130.8 132 140 147.2 157.6 170.4 182.5 190.1 201.9 214 224.6 234 240.7 240.4 236.1 230.5 222 214.2 209.3 204.6 200.6 201.4 198.5 195.7 192.8 189.3 185.7 170.4 179.5 183.8 187.7 174.3 172 192.8 199.1 205.5 211.4 217.3 222.3 226.8
300.4 298.1 296.5 295.5 293.1 291.4 289.9 288.3 286.5 283.2 281.3 279.8 278.5 277.2 275.5 273.4 271.1 267.5 261.9 255.6 246.8 237.9 227.5 217.4 205.8 197.4 191.9 183.1 173.3 167.4 157.8 150.9 143.3 139.6 136.5 135.4 134.3 133.1 131.2 129.4 133.3 139.6 148.8 161.3 174.8 185.3 194.6 209.7 218.8 225.9 233.5 235.1 231.9 226 216.9 208.7 202.4 198.3 187.4 194.1 191.1 188.7 186.3 184.2 172.9 170.8 180 176.8 163.4 164.5 185.6 194.1 200.4 207.1 213.2 219 222.4 228.9
299 296.7 295.9 295.4 293.3 291.7 290.2 289.1 286.6 284.4 282.7 280.8 278.8 276.7 274.6 271.2 268.9 265.8 261.3 255.2 247.1 238.3 228.5 214.5 211.6 202.4 192 186.8 181.5 173.4 166.7 156.4 147.2 140.2 137.4 135.6 134.3 133.1 130.4 129.2 130.2 133 141.3 153.5 164.9 177.3 188.8 202.3 209.8 214.6 224.7 228.2 226.5 221.3 212.1 203.4 196.8 191.2 185.2 186.6 184.2 181.8 179.4 177.5 159.8 175 173.1 154.5 168.8 182.2 182.3 188.8 200.4 209.7 214.2 219.4 225.8 230.6
297.7 295.8 295.5 295 293.6 292.3 291.2 289.9 287.2 285.8 284 282.1 280 278 275.5 272.7 268.9 265.7 260.5 255.3 247.4 238.7 231.6 222.7 215.1 207.7 199.5 191.1 184.9 178.6 170.9 160.5 152.1 140.6 136.8 135.4 134.3 132.8 131 129.2 129.2 129.8 136.9 145.6 155.5 168 181 191.3 197.5 204.5 216.7 221.8 220.1 216.2 207.7 198.9 191.1 185.3 168.6 179.6 177.2 174.9 172.5 158.9 169.5 177.5 158.7 163.6 186.4 188.8 193.1 197.6 201.6 212.2 217.1 225.3 230.3 232.9
296.6 295.1 294.7 294.5 294.4 293.3 292.2 290.1 288.6 287.2 285.4 283.4 281.3 279.3 276.4 273.6 270.2 266.4 261.5 256.5 249 241.6 234 225.9 219 212 203.9 195.9 188.8 182.3 175.1 165.1 156.6 146.1 137.9 135.1 134.4 133 131.2 129.5 129.2 129.2 132.7 139.9 146.7 158.8 171.5 180.2 186.2 196.3 206.5 213.9 213.5 209.4 202.3 193.1 185.9 180.1 172.8 171.7 170.2 168.2 154.9 166.3 174.5 176.8 153.5 169.8 187.2 189.2 193.5 198.4 203.6 213.5 222.6 229.9 232.5 235.8
295 294.5 294.4 294.2 294.1 294 293.1 291.5 290 288.6 286.7 284.7 282.6 280.2 277.3 274.4 271.2 267.3 262.9 257.5 250.8 243.6 236.4 229.7 222.9 216 208.3 200.4 192.2 186.1 179.8 170.4 163.1 152 140.5 135.7 134.4 133.1 131.4 129.9 129.2 129.2 129.5 135.1 141.3 151.3 161.6 169.9 177.9 187.4 197.5 204.4 207 202.6 196.3 187.3 180.6 175.2 170.1 165.6 165.2 152 166.3 169.5 172.4 174.6 158.3 158 187.7 189.9 193.8 199.5 206.1 214.9 225.9 229.6 234.3 238.5
293.2 294.4 294.3 294.2 294 293.9 293.8 292.9 291.4 290 288 286 283.9 281.1 278.2 275.2 272.1 268.3 264.4 258.7 252.9 246.3 239.6 232.9 226.2 219.5 212.9 205 196.8 190.3 184.3 175.9 168.4 159.7 149.8 138.7 135.4 133.3 131.8 130.4 129.2 129.2 129.2 129.8 137.1 144.6 153.5 161.5 170.3 179.6 188.8 195.3 198.4 195.9 189.8 181.6 174.8 169.6 164.5 154.3 148.4 162.8 165.6 166.9 168.2 167 153.4 157.6 184.7 189.7 195.4 201.3 208.7 218.9 225.2 232 236.8 240.5
292 293.5 294.2 294.1 294 293.9 293.9 293.5 292.9 291.3 289.3 287.3 284.9 282 279.1 276 272.9 269.2 265.5 260.8 255.1 248.8 242.6 236.1 229.5 223.8 217.9 210.5 203.4 194.8 189.9 180.4 173 165.9 157.2 145.1 136.9 133.5 132.1 130.6 129.6 129.2 128.8 128.5 132.8 138.5 146 153.8 163.1 172.7 181.9 187.9 191.1 189.8 183 176.1 169.1 163.7 158.5 152.6 157.5 163 163 163.9 148 149.1 159.4 175.1 185.6 190.2 195.8 203.1 211.7 221.1 225.5 232.2 238.5 242.1
290.9 292.4 293.6 294 294 293.8 294 293.8 293.1 291.4 289.9 288.3 285.7 282.8 279.8 276.8 273.7 270.2 266.5 262.9 257.2 251 244.8 238.5 233 228.3 222.8 215.7 208.5 201.3 194.1 186.6 179.2 171.7 160.6 153.4 144.4 134.3 132.3 131.2 130.1 128.6 127.9 127.3 129.4 132.7 139.4 146.5 155 165.4 174.8 180.8 184.5 184.2 178.3 170.6 163.8 158.2 152.7 145.4 160.6 160.8 159.1 147.7 149.4 162.5 173.5 178.6 185.2 190.2 197.4 206.1 214.7 222 227 232.8 238.5 242.3
289.7 291.3 292.8 293.5 293.9 293.8 294 293.4 291.8 290.2 288.6 286.8 284.9 282.9 280.7 277.7 274.7 271.3 267.6 263.9 259.4 253.2 247 241.7 236.5 231.8 227.2 220.1 212.8 205.6 198.8 192.5 185.1 175.3 166.2 158.9 151.6 143 133.3 131.6 130.4 129.2 128.2 127.4 127.5 128.9 131.4 138.2 148.9 160.5 167.2 173.2 177.6 178.5 172.1 165 158.5 153.8 150.3 147.2 155.7 150.9 138.3 146.8 160.1 167.7 173.2 178.6 184.5 190 198.1 207.5 214.3 220.9 228.6 233.9 238.4 242.5
288.6 290.1 291.7 292.9 293.3 293.6 292.8 291.9 290.5 288.9 287.2 285.4 283.5 281.6 279.9 277.9 275.7 272.5 268.8 265 261.2 255.7 250.4 245.1 240 235.3 231 224.2 217.1 209.8 203.1 196.6 189.6 181.6 172.7 165.1 160.6 148.6 142.7 132.4 131.3 129.9 128.7 127.8 125.9 126.9 128.2 131.9 142.1 153.1 159.1 165.5 170.2 171.1 165.5 160 154.1 149.2 136.6 151.9 140.2 140.1 148.1 155.7 161.5 167.9 173.7 179.2 184.2 190.3 198.6 207.7 214.9 220.6 228.4 233.9 238.6 242.8
287.5 289 290.5 291.9 291.7 291.5 291.2 290.3 289.2 287.6 285.7 283.9 282 280.2 278.7 276.7 274.8 273.1 270.3 266.6 262.7 258.5 253.8 248.5 243.5 239.1 234.7 228.3 221.2 214.1 207.2 200.5 193.6 186 178.8 170.7 162 155.3 151.8 137.7 132.1 130.6 129.2 128.4 127.6 125 126.5 128.2 133.4 143.4 150.7 157.8 162.5 162.4 159.2 156.8 149.4 142.5 131.9 137.9 140.9 148 151.9 156.3 162.1 168.4 174.3 179.7 186.2 192 200.2 208.1 215.1 221.8 228.5 234 237.8 241.9
286.3 287.8 289.1 289.6 289.5 289.4 289.3 288.7 287.6 286.1 284.3 282.4 280.6 278.9 277.3 275.6 274.2 272.8 271.3 268.2 264.2 260 255.7 251.3 247.2 242.8 237.7 231.1 223.9 216.6 210 204.2 196.6 189.2 182.8 175.3 166.2 160.6 155.1 146.3 135.5 131.5 129.7 128.7 127.8 123.6 125.7 126.9 127.7 134.2 141.5 148.3 152.3 154.8 158.2 155.8 147.3 130.8 129.8 140.5 146 150.4 154.5 158.6 162.9 168.9 174.7 180.6 186.9 191.8 198.5 205.9 214.1 220.8 227.4 233 237.5 240.8
285 286.3 287.2 287.3 287.2 286.9 286.3 285.4 283.8 282.6 281.5 280.3 279.1 277.5 275.7 274.2 274.1 272.8 271.2 269.1 265.7 261.3 256.9 252.6 248.4 244 238.9 232.2 225.4 218.8 212.1 205.5 199.4 193.2 186.7 179.7 172.7 165.6 158.1 152.9 142.7 133.5 130.6 129 128.1 126.1 123 125.6 127.1 128.7 132.1 139.8 144 146.1 149.3 150.4 138.5 128.2 127.7 141.7 145.9 150.2 154.2 158 162.2 167.8 173.9 179.7 185.7 191.2 197.2 203.4 212.4 219.7 226.5 232.1 236.5 239.6
282.9 284.1 285 284.4 283.8 283.2 282.6 281.6 280.1 278.9 277.8 276.6 275.6 274.6 272.8 271.3 271.4 271.8 271.1 269 266.1 261.6 257.5 253.4 248.8 243.9 239 233.1 226.4 219.6 213 207 201.4 195.7 189.8 184.8 177.2 170.1 163.2 156.5 150.5 140.7 131.7 130.1 128.5 126.4 123.9 124.9 126.7 127.8 129.7 131.8 136.1 139.6 140.6 140.1 137.4 124.5 126.1 140.1 145.6 149.4 153.1 157.1 161.5 166.8 172.7 178.9 184.5 189.5 196 203.4 209.9 217.1 225 231.1 235.3 238.5
280.7 281.8 282.3 281.1 280.1 279.5 278.9 277.8 276.4 275.2 274.1 273 272.1 271.2 269.9 268.4 268.7 269.2 269.2 268.1 266.4 261.9 257.4 252.8 248.4 243.6 238.7 233 226.8 219.6 214.2 208.9 203.4 197.8 192.9 187.5 181.9 175 168.2 161.9 156 149.5 135 130.8 129.5 127.7 125.3 123.6 125 127.1 129 130.7 133.2 134.8 135.6 136.2 136.8 123.7 126.4 139.5 145.5 148.6 151.8 156.8 160.9 165.7 171.6 177.6 182.6 187.4 193.1 202 209.7 217.6 225.1 229.8 233.7 237.5
278.4 279.4 279.6 278.4 277.1 275.9 275.2 274.1 272.7 271.5 270.5 269.6 268.6 267.7 266.8 265.7 266.2 266.8 267 265.8 264.6 261.2 256.6 252.2 247.8 243.2 238.2 232.6 227 221 215.5 210.3 205.1 199.8 195.3 190.7 185.1 179.6 173.1 166.5 159.7 154 142.7 132.9 130.6 129 126.4 120.2 123.5 126.5 128.4 130 131.8 133.2 133.3 133.6 131.3 123.1 130 143.2 148.3 151.5 151.3 156.1 160.2 164.6 170.6 176.2 181.1 186.3 192.3 200.2 208.6 217.1 224.4 229.4 233.1 236.2
275.5 276.8 276.8 275.6 274.5 273.3 272.1 270.4 269 267.9 267 266.1 265.1 264.2 263.3 262.7 263.5 264.3 264.7 263 261.2 259.4 255.9 251.5 247.2 242.8 237.7 232.1 226.5 221.5 216.5 211.4 206.6 202 197.2 192.8 188.4 183.2 176.7 170 163.1 156 148.3 138.8 132.8 130 127 124.9 124.9 127.1 128 129.3 131 131.7 132.1 131.7 127.6 121.9 135.5 144.6 147.6 150.9 155.7 156.2 159.7 163.7 168.5 174.4 180 185.5 192.7 199.6 206.1 214.9 222.9 228.4 232.9 235.4
272.3 273.9 274.8 273.6 272.4 271 269.1 267.3 265.8 264.5 263.6 262.6 261.7 260.8 260 259 259.5 260.3 261.3 261.1 259.1 257.1 254.7 250.3 246 241.8 237.2 231.6 226.1 221.1 216.2 211.5 207.9 203.9 199.2 194.9 190.4 186 180.1 173.4 166.9 159.3 151.9 143.3 136 131 128.9 127 117.4 126.9 127.7 128.8 129.7 130.6 131 130.1 119.6 124.1 136.7 142.7 145.7 148.3 164.8 164.8 160.6 160.7 167 172.3 177.7 183.2 190.9 198.2 205 213.1 221.3 226.8 231.2 233.9
268.7 271.2 272.3 271.5 269.9 268.1 266.2 265 263.3 261.3 260.2 259.2 258.3 257.5 256.8 255.8 255.5 256.2 257.5 257.9 257.3 255.7 252.9 248.5 244.7 240.9 236.3 231 225.8 220.8 215.9 211.9 208.1 204.8 201.4 196.9 192.5 188.1 183.3 177.1 170.9 163.8 156.7 150.6 144.3 134 127.6 126.8 118.9 118.7 127.7 127.8 128.3 129.6 129.9 119.6 121.4 129 135.1 137.7 140 157.6 168.2 170.2 165.8 158.9 164.9 170.2 175.5 180.9 188.1 195.3 200.8 208.5 216.7 223.1 228.7 231.9
269.8 266.7 269.1 268.5 267.2 265 263.8 262.8 260.8 258.8 256.8 255.8 255 254.3 253.6 252.5 251.4 252.2 253.7 254.8 254.2 253.5 251.5 247.7 243.9 240.1 235.4 230.4 225.5 220.6 216 212.3 208.5 205 201.7 198.5 194.1 189.6 185.6 180.5 174.6 168.4 161.6 155 144.6 139.6 133 129.6 126.8 115.8 126.7 127 127.1 127.5 121.5 120.2 123.2 131.1 133.6 135.5 137.2 148.9 153 156.7 150.8 156.8 162.8 168.1 173.4 178.7 185.3 192.7 197.8 206.6 215.5 221.1 226.5 229.6
272.4 267.3 261.6 263.6 263.6 262.6 261.8 260.2 258.3 256.3 254.4 252.7 251.8 251.1 250.4 249.3 247.9 248.3 250 251.6 250.9 250 249.1 246.5 243 239.2 234.4 230 225.2 220.3 216.5 212.7 208.9 205.3 202 198.7 195.4 191.2 187.4 183.4 177.6 171.8 163.8 157.9 154 148.4 139.2 132.4 125.7 115.5 118.5 125.9 126.1 124.4 117.3 115.6 128.7 130.1 132.6 134.2 135.3 136.2 144.1 143.9 148.6 154.8 160.7 166 171.3 176.6 182.5 190 196.3 205.6 214.5 219.4 224.3 227.4
274 270.6 266.1 257.8 259.2 259.5 259.8 258 256.1 254.1 252.4 251.6 249.5 247.9 247.1 246 244.7 244.7 246.6 248.4 248.9 248 247 244.6 241.4 238.1 233.8 229.3 225 220.6 216.9 213.1 209.3 205.6 202.2 199 195.9 192.9 189.2 185.5 180.5 173.1 168.6 163.5 159.1 152.6 145.1 137.1 130 124.5 113.9 123.7 122.6 116.8 113 119 128.6 129.8 131.6 132.8 133.8 135.4 137.6 141.6 146.2 152.5 158.6 163.8 169 174.3 179.8 186.9 192.4 201.3 210.4 216.5 221.7 224.9
