webserver/python/data/NJ30.asc
ncols 200
nrows 200
xllcorner 330000
yllcorner 800000
cellsize 50
[rows 0 to 34 of 200, columns 0 to 77 of 200]
363.7 361.7 357.3 354 350.6 347.6 345 339.6 337.7 335.9 333.2 334.4 334.6 334.1 332.9 332.7 331.9 331.1 331.3 330.9 330.8 330.1 329.6 329.3 329.6 329 328.5 328.1 327.9 328.2 334 336.5 339.9 342.7 345.4 350.4 358.5 368.3 380.8 388.1 386.4 377.5 362.7 341.9 319.2 315 315.5 315.3 314.7 314.5 314.5 313.5 313.3 313 313.2 311.3 310 313 324.6 335.6 346.2 351.3 353.1 356.3 360 361.3 361.2 359.5 349.4 340.1 328.7 328.5 335.8 340.7 341.8 343.7 348 352.8
360.8 358.8 355.5 352.2 348.7 345.5 342.8 340 337.1 333.4 334.9 335.8 335.4 334.5 333.6 332.5 331.6 331.1 330.9 331.1 330.9 330.3 330.3 330.6 331.2 333 332.8 333.8 334.6 336.4 338.8 342.2 345.9 349.4 350 354.4 361.9 371.1 381 386.3 384.2 379 366.6 350 333.8 313.9 314.7 314.9 314.5 314 313.2 312.4 312.4 311.9 311.7 310.6 316.9 330.4 342.2 353.9 361.4 362.1 359.8 363.5 366.2 368.1 367.1 361.1 351.7 340.2 329.8 330.7 341.4 348.9 349.5 350.7 355 357.8
359.1 356 353.7 350.3 346.8 343.5 340.6 338.3 335.5 335.3 336.9 337.5 336.4 334.8 333.5 334.3 335.6 335.8 331.7 331.7 331.1 331.3 335.3 337.6 339.3 339.8 339.2 339.8 340.7 342.5 344.1 346.5 350 353.8 355.3 359.2 365.5 371.8 379.5 383.8 380.9 376.6 364.6 353.5 338.9 322.9 313.8 314 314.3 313.9 313.3 312.6 312.6 311.5 310.8 322.8 337.3 350.2 360.8 370 374 370.7 363.1 367.6 371 372.7 370.1 362.7 352 339.3 330.8 334.3 345.5 356.1 360.1 360.7 362.4 363.2
360.4 358.7 355.3 350.9 346.7 342.7 341.2 340.4 335.3 336.6 339.4 340.1 340 341.5 341.1 342.8 344.1 344.7 343.1 341 341 342.8 345.5 347.5 347.5 345.9 345.6 346.2 346.8 347.9 349.3 351.3 354.7 358.1 361.1 364.1 369.6 374.5 378.7 380.5 379.6 374.9 368.3 359.2 344.9 331.7 319.3 313.7 314 313.5 313.2 312.8 311.3 318.4 329.1 344.8 360.9 371.3 379.6 382.7 383.5 379.9 372 368.2 370.3 371.5 370.4 362.4 350.3 338.6 333.4 338.8 351.5 363.7 368.4 369.3 369.8 368.9
364.6 361.6 357.2 353.1 348.9 344.3 340.8 341.2 334.3 341.1 348.5 349.3 352.2 354.5 351.4 356.4 356.8 356.2 353.6 352.9 355.4 355.9 355.4 354.7 354.2 353.1 352.1 352.7 353.5 354.5 356 357.6 361.8 365.4 368 370.5 373.5 378.3 381.9 382.4 381.3 380.3 376.8 369 356.4 344 333.5 326.1 319.6 314.8 314.3 320.8 327.5 336 348.3 364 379.8 389.5 392.4 391.2 389.2 385.3 378.8 373.4 372.6 372.4 370.3 362.9 350.9 340.5 333.7 343.9 360.1 371.7 376.4 378.2 377 376
369.5 365 361.3 357.6 351.3 344 341.8 339 334.9 343.9 354.4 361 365.3 369.5 370 372.1 371.6 373 368.1 369 368.8 366.2 364.5 362.6 360.9 359.5 358.6 359.5 360.1 360.6 362.4 364.9 368.2 372.3 376 378.1 379.9 383.9 386.8 390 390.2 388.6 386.1 381.2 374.7 364.7 355.5 348.3 340.8 334.1 330.4 334.1 341.6 351.9 364.7 380 394 402.2 401.7 397.6 391.2 385.8 382 378.1 376.6 376.5 374.3 365.8 354.2 343.1 335 348.3 367 382.6 387.4 386.5 384.9 383.1
377.1 372.9 367.6 361.6 354.9 344.5 343.2 339.6 334.7 345.6 362.3 374.4 377.6 384.1 382.1 385 386 389.6 386.5 387.1 384.6 379 375.6 373.7 371 368 367.1 366.9 366.7 366.7 369.1 371.7 374.6 379.4 384.5 386.8 388.1 390 392.5 396.9 399.1 399.1 398 394.1 387.5 384.2 376.2 368.4 360.6 352.5 342.3 346.4 355 363.4 375.9 390 402.9 410.2 408.4 402 393.3 388.2 385.3 382.4 381.3 380.1 377.1 368.7 357.5 345.6 335.8 350.6 370.6 387.1 393.6 394.9 391.8 389.7
385.1 381.5 376.1 367.3 356 346.8 343.1 339.2 336.4 343.8 366.5 384 390.5 394.1 396.3 400.9 408 414.5 413.3 410.4 403.8 395.7 389.7 384.7 381.4 378.4 376.5 376.3 375.1 375.3 376.7 379.3 382.5 386.5 391.6 395.5 397.1 400 400 406.9 410.8 412 408.9 406.2 403.6 399.9 395 386.9 378.6 367.5 357.2 358.4 364.7 374 388.1 397.6 409.6 417.4 415.5 408.7 396.2 388.7 385.7 383.6 382.5 381.4 379.1 370.2 361.1 348.2 337.4 351.4 371.7 387.2 399 402.6 399.1 396.2
394 389.4 381.8 369.4 356.7 343.9 341.5 337.4 336.9 344.7 368.2 389.5 399 405.8 412.8 419.3 427.9 432.7 432.1 431.7 426.3 417.5 407.6 401.3 395.9 391 388.1 385.7 384.8 384.9 385.7 387.4 390.5 394.4 399.3 403.8 407 409.4 411.7 416.1 420.2 421 419.4 418.1 415.5 412.9 408.6 401.2 390.8 377.3 370.3 373.3 381.2 389.7 397.2 405 415.7 423.8 422.1 413.8 403.1 391.4 387.1 384.9 384.2 383 380.1 372.8 364 352.9 339.4 354.2 372.5 388.1 400.8 407.1 407.3 404.8
400 395.7 381.9 368.3 352.4 343.7 339.7 337.6 337.3 343.6 370.5 392.6 406.8 417.2 425.3 431.3 436.5 442.6 444 446.4 444.8 436.8 426.6 416.8 410.4 405.1 400.4 396.6 393.9 394.9 395.5 396.7 399.4 402.8 407 412.3 418.7 423.7 425.9 428.1 431.9 433.8 432.4 431 428.9 424.2 419.9 412.2 400.8 389.4 385 387.3 392.4 397.6 403 411.1 421.4 428.1 427.7 420.5 409.6 398.7 390.2 386.5 385.7 383.8 378.5 373.4 364 349.1 340.5 358.3 374.4 390.3 402.4 411.2 415.3 415
402.3 392.3 377.8 361.7 345.4 341.9 338 337.5 337 346.2 374.4 398.9 417.4 427.9 435.4 439.8 444.2 449.8 454.7 458.1 455.9 451.8 444.6 435.3 426.9 419 414.2 410.1 405.2 405.7 405.9 405.9 408.4 411.2 415.9 422 430.6 437.1 438.9 439.3 442.8 446.3 446.9 446.1 442.7 435.8 429.1 421.1 411.2 401.8 397.5 398 402.3 404.2 408.6 416.8 425.7 432.7 431.9 426.5 414.9 405.7 394.5 387.3 385.8 381.3 376.9 369.3 359.6 342.8 347.8 362.5 378.4 391.5 404.2 413.2 420.9 426.7
390.2 381.5 369.5 354.7 345.5 341.3 338.5 337.4 337.1 349.3 380.8 404.4 422.9 435.2 443.8 449.7 453.5 459.4 465 469.3 469.6 466.9 459.9 452.3 443.8 433.9 426.9 422.6 418.6 417.4 417.1 417.4 418.4 420.8 425.7 433.4 443.5 450.3 451 450.8 453 455.6 457.5 456.4 451.6 444.5 435.2 427.1 420.8 416.1 410.1 409 409.2 411.1 414.1 420.9 429.4 434.8 435.1 429.2 420.5 411.4 399.7 391.1 384.2 379.9 371.8 365.5 353.9 342.4 353.3 367.1 381.5 394.2 404.6 417.1 427.7 435
373 366.4 357.7 347.1 343.2 339.5 339 338 338.6 360 388.3 406.5 425.4 440 451.2 458 462.2 467.4 472.5 479.2 483.1 480.4 475.1 467.3 460 449.6 441.7 437.3 434.7 432.4 431.3 431.8 432.5 434.7 439 446.5 456.5 462.3 464.2 462.5 460.3 460.8 463.4 461.3 455.6 449.3 440.9 432.5 428.8 426.2 423.2 420.9 417.9 417.6 419 422.9 429.2 434 433.3 428.8 421.4 413.9 402.7 390.1 380.4 375.1 367.3 360.8 350.2 345.4 358.4 371.6 386.1 398 406.1 418.7 431.3 439.3
357.4 354.2 345.8 342.6 339.4 339.5 339 338.6 346.1 368.6 392.2 409.4 425.5 442.7 456.4 462.5 468.3 473.7 479.3 486.7 491.6 493.1 489.6 483.7 477.5 471.4 463.6 456.3 451.5 447.6 446.6 447.9 448.7 452.4 457.9 465.2 468.3 475.2 476.3 473.4 468.9 465.6 466 465 459.1 452.6 445.1 440.1 434.9 433.3 431.7 430 427.2 425 423.8 425.7 427.9 428.3 427.4 424.4 418 410.9 400.7 388.4 376.9 368.2 361.2 353.4 345.2 351.2 363.2 375.4 389.8 400.5 407.8 418.8 431.8 441
344.6 340.9 340.8 341.4 339.6 339.4 338.6 342 359.2 376.8 395.4 411.6 429.9 447.1 459 467.9 475 480.5 486.1 493.4 502.2 504 502.7 499.7 495.3 490.4 486 479.7 474.9 471.5 467.9 467.5 471.1 473.6 477.7 478 479.3 484.7 485.5 481 474.8 470.1 468.4 466.7 462.8 456.2 449.3 445.1 440.3 438.3 437.3 435.6 432.4 428.9 426.3 424.4 421.8 421.7 419.9 417 412.5 406 396.7 386.6 372.7 362 354.9 347.9 347 354.9 366.8 379.5 391.4 401.3 409.7 419.4 431.6 440.1
341.5 341.4 341.1 340.6 340.1 342.8 346 357.5 368.4 383.8 397.9 416.4 431.4 450 462.4 472.2 481.9 487.5 493.2 501 508.2 512.7 513.7 511.5 511.7 508.6 508 504.5 499.7 496.1 492.6 491.9 495 496.2 493.2 489.4 489 489.8 489.3 485.5 478.6 472.8 469.2 467.8 466.4 460 453.2 449 444.8 442 439.5 435.4 430.5 426.3 423.4 420.1 417.3 414.9 412.7 409.4 407.9 402.2 393 382.9 366.6 357.4 350.4 347.9 352.3 357.9 369.8 381.3 389.9 400.9 411.1 420.9 429.8 436.9
341.8 340.8 341.5 341.7 343.2 347.4 355.9 363.9 373.5 387.7 402.3 418.7 434.7 454.1 468.5 479.4 490.1 496.9 503 508.3 513.7 519.3 522.2 524.1 526 526.6 526.9 524.9 519.7 516.6 514.9 512.7 509.7 506.9 500.8 496.1 493.6 490.3 487.5 485 480.6 474.2 468.8 466.5 462.8 458.5 452.9 448.8 444.8 441.2 437.2 431.2 426.4 421.7 418 411.7 406.3 404.9 405.4 404.1 401.1 395 386.2 374.3 362.9 350.1 349.4 351.3 356.2 362.7 371.7 382.3 390.7 399.4 409 418.6 427.5 433.8
342.4 343.1 343.9 347.2 350.7 352.4 359.3 368.7 378.5 391.4 407.3 422.5 439.1 457.2 475.4 487.8 497.1 504.2 509.5 514.7 520.2 525.5 531 534.7 537.3 540.5 543.4 541.9 536.3 532.2 528.6 523.7 517.4 512.9 505.8 498.4 493.2 488.2 484 481 477.8 473.1 466.3 462.2 457.3 454.4 450.8 446.4 441.4 437.2 432.8 426.4 421 415.4 408 402.2 397 394.6 395.2 393.5 389 383.3 374.5 365 352.7 350.9 353.1 355.7 360.3 367 373.7 381.2 390.3 399 408.1 417.5 424.6 430.4
350.7 354.1 355.4 357.5 359.5 360.8 361.5 372.2 382.1 396 410.5 427.1 445.3 463.6 481.2 494.8 503.8 510.9 516.5 522.8 527.2 532.8 537.9 543 547.1 550.5 553.6 552.5 548.2 541.5 535.8 529.3 523.2 515.5 507.6 497.8 490.9 484.6 479.1 475.5 470.9 467.6 464.4 457.8 452.1 448 444.5 440.2 435.9 430.9 426.5 421.8 415.9 409.9 401 394.8 390.1 386.9 384.8 381.7 375.9 369.5 361.9 353.6 354.2 354.9 357.7 361.1 363 369.7 376.2 383.4 393.1 399.8 407.4 416.1 424.3 428.9
363.8 366.1 367 369 370.1 370.6 366.2 373.2 386.1 401.8 415 432.3 450.2 467.7 487.7 502 510.6 517.3 525 530.8 533.5 537.5 543.3 548.6 553.2 557.3 559.3 558 553 546 539.2 531.7 523.6 514.9 506 496.3 487 479.7 472.9 468 463.2 461.1 459.2 454.6 448.6 443.7 438.7 434.3 431.4 426.8 421.6 416.2 410.6 405 395.8 389.6 386.3 381.7 378.2 372.9 366.2 359.3 354.9 357.1 361.9 363.1 364.7 366.4 367.2 372.1 378.6 387 397.1 402.7 408.8 417.8 424.3 429.1
374.4 377.1 378.6 379.1 379.6 379.8 376.9 377.9 390 405.5 420.6 437.4 453.8 472 492 506.6 518.3 526.1 534.4 538.7 540.6 544 548.2 553.4 558.5 560.7 560.7 557.9 552.5 545 537.6 529.3 520.6 512 503.3 494.5 483.9 475.2 466.8 460.4 455.4 453.3 452.9 450.1 444.6 439.1 433.5 428.1 424.8 421.7 418.4 412.8 406.7 400.3 391.3 386.6 382.7 377.8 371.9 365.2 358.6 356.5 357.8 365.1 367.3 368.3 369.7 371.5 373.4 374.2 381 390.4 399.8 406.9 412.6 422 428.2 431.3
385.7 389.4 390.5 388.9 388.3 387.2 385 380.1 393.3 408.4 423.3 440 457.5 473.3 494 509.3 522.7 532.2 540.3 545 548.5 549.4 552 556.5 559.8 559.8 557.8 554.6 548.4 541.5 533.5 525.6 517.1 508.6 500.1 491.6 481.2 469.6 459.7 451.7 448.6 446.7 443 441.9 438.7 433.9 428.4 423 418.2 415.3 412.1 407.5 402.4 395.5 387.8 382.8 378.3 373.6 367.8 360.4 358.3 359.6 365.7 368.7 371.9 372.7 374.6 376.5 378.5 379.8 383.5 391.8 400.6 409.7 416.2 425.4 432.6 435.2
397.9 401.3 400 398.5 396.2 394.1 391.3 387.1 395.4 409.7 423.9 440.2 458.2 477.5 495.3 509.3 524.2 534.8 543.8 551 555.2 555.9 556.8 556.9 557.1 554.7 551.4 549 543 536 529.4 522.1 514.1 505.6 497.1 488.6 478.4 465.9 454.6 446.8 443.3 439.5 435.1 432.2 430.2 427.3 422.8 417.6 412.8 407.5 404.4 400.3 397.3 390.4 383.9 378.2 373.8 369.4 363.3 363.9 362.8 367.6 372 375.2 376.8 379.4 379.6 381.6 383.5 386.1 387.5 391.5 401.1 410.9 419.5 428.6 437.3 439.8
414.4 413.4 413.3 408.9 402.7 400.4 397.5 396.4 396.8 409.6 423.7 439.5 455.5 478.4 494.6 509.8 525.4 537.5 546.1 553.4 558.2 558.1 556.2 554.4 552.9 550.3 547 542.7 536.7 529.8 523.2 516.7 510.3 502.7 494.2 485.7 475 462.4 451.8 445.8 439.5 433.5 427.6 424.1 421.9 420.4 416.7 413.3 408.5 403.2 398.2 394.7 391.1 385.8 380 374.6 368.9 364.2 361.4 364.7 369 373.8 377 379.5 382.5 387.2 387.3 389.6 391.6 391.3 395.5 399.3 401.1 410.9 420.1 429.4 438.6 442.5
428.2 426.6 424.9 423 416.5 411 406.1 403.6 402.6 409.4 422.5 438.7 457.3 476.2 495 511.6 525.8 537.9 547.8 554 557.7 556.7 553.2 551 548.7 545.8 541.5 536.1 529.6 523.9 518.2 512.3 506.6 500.2 492.1 483 473.3 464.1 454.1 445 438.3 430.7 423.6 419.6 417.5 414 410.6 407.2 403.9 398.3 393.8 389.4 384.9 380.7 376.2 370.8 365.1 363 363.1 368.8 374.3 379.1 382.5 386.5 392.3 396.4 399.4 401.2 402.9 404.3 405.9 408.4 409.3 414.5 422.6 431.3 440 446
439.3 441.7 438.3 434.5 429.6 423.2 418 413.6 410.9 411.5 424.3 440.3 457.8 475.1 494.7 512.5 524.9 535.8 545.9 553.4 557.1 555.4 551.6 547 543.9 540.6 535.3 529.9 524.2 518.9 513.8 508.4 502.9 497.1 489.5 480.8 472.7 466 456.6 447.4 438.6 429 421.9 416.8 412 407.8 404.4 401 396.9 392.1 388.3 383.6 378.9 375.4 371 370.6 365.8 364.3 365.2 372.7 378.5 383.4 387.9 393.6 399.6 404.6 407.8 409.2 410 412.6 416.4 416.6 418.7 420.6 428 436.9 445.2 450.3
451.6 453.7 452.8 452.1 446.5 438.4 430.1 424.9 419.9 418.2 431.4 444.8 463.8 477.8 495 510.8 523.1 533.2 543.3 553 556.7 553.7 547.3 542.8 538.1 534.7 528.8 522.9 517.3 513.3 508.4 503.5 498.3 492.6 486.1 478.7 472 465.6 458 447.9 438.2 429.1 421.5 415.2 410.1 404.9 399.5 394.7 390.7 386 380.7 378.4 375.4 373.7 373.2 372.3 370.3 365.6 371 377.3 383.1 387.5 392.5 400.3 407.2 412.2 415.6 418.1 420.7 425.1 427.9 430 430.9 430.3 434.3 441.4 449.1 454.4
461.9 465.5 466.4 466.6 463.4 454.8 443 435.2 430.2 427.9 437.7 450.2 466.2 480 495.7 511.6 522.7 531.3 542.8 551.3 554.4 551.6 544.4 538 532 525.5 519.6 513.6 509.2 505.2 500.9 495.4 490.9 486.3 481 475.1 468.7 461.9 453.9 446.1 435.5 426.6 420 413 406.9 400.9 395.9 391.1 387.9 386.7 384.3 383.5 380.2 377.1 376 373.8 370.7 368 374.2 380.8 388 394.4 401.9 410.8 417.3 422 426.3 430.3 432.3 435.4 440 439.1 439.9 439.6 441.9 448 455.2 461.7
471 477.4 480 478.1 471.6 464.9 457.7 446 441.5 438.7 443.6 455.5 468.9 487 499.8 512.1 521.7 532.5 541.8 549.4 552.3 550.2 541.2 531.7 524.3 517.1 509.4 504.4 499.8 495.3 490.9 485.4 480.8 477.2 472.2 466.4 459.9 452.8 445.6 437.2 429.7 422.7 415.9 408.3 400.2 396.1 393.3 393.9 392.4 390.6 389.2 387.2 384.4 381.6 378.2 373.9 369.5 369 377.8 386 393.6 400.7 411.9 421.9 427 430.7 435.4 439.2 441 445 449.3 450.1 447.6 448.6 448.9 455.9 462.9 469.2
476.6 484.9 489.8 487 480.2 471.4 466 460 452.6 450.7 452.1 463.6 479.6 493.5 504 513 523.9 534.2 543.4 548 550.2 547.1 536.8 526.6 516.4 507.6 501 496.1 490.7 485.1 480 474.7 470.4 466.7 462.2 456 448.8 441.3 433.3 425.4 419.9 414.2 408.6 401.7 402.5 401.8 402 400.4 397.3 395.3 393 390.2 387.5 383.9 379.5 375.3 370.3 371.5 380.5 389.7 399.3 409 420.8 429.9 436.5 440.3 444.7 447.8 450.1 455.6 458.2 459.4 457.6 457.6 457 463.1 468.9 475.6
477.8 489.1 494.6 493.4 490.1 478.8 475.8 470.3 465.9 463.9 469.3 478.8 490.1 499.8 507.7 517.9 530 537.9 545 546.4 548.1 541.8 533.3 522.6 510.6 501.9 495.8 489.2 482.6 475.3 469.3 463.8 459.6 456 451.2 445.3 436.1 427.9 421 418.1 416.9 415.1 414.2 412.1 412.6 411.1 408.3 405.5 402 398.1 395 392.2 389.5 386.6 381.5 374.6 372 377.3 385.9 393.9 403.7 414.7 425.7 434.8 442.9 449 454.7 459.4 463.2 466.1 468.4 471 470.4 469.3 466.7 469.2 474.9 481.5
476.4 490.7 496.6 498.6 497.7 489.3 484.2 481 478.4 478.6 481.9 488.7 496.5 504.4 512.6 524 534.3 540.5 546.3 548.4 544.3 536.8 527.3 516.1 506.2 496.9 492.1 484.4 476.8 469 461.7 456.7 452.2 447.9 441.9 434.9 427 428.1 428.3 426.3 427 423.4 423.3 422.1 421.3 418.2 413.9 409.2 405 400.9 397.6 394.1 389.5 385.2 379.7 374.1 378.5 381.1 390.2 398.3 406.8 416.3 427.2 436.3 444.3 453.6 460.3 467.4 472.1 477 480.6 486.1 483.5 479.7 477.2 477.9 481.7 486.4
472.1 489.8 497.6 501.9 501.4 498.5 493.2 489.1 487.8 487.2 489.5 494.6 502.4 510.2 518.8 529.6 538.4 543.5 546.5 546.8 540.8 531.8 521.7 513.2 505.4 496.7 490.7 482.3 473 465.3 458.4 453.5 448.8 443.5 435.4 435.8 435.7 435.7 437.2 437 435.2 432.4 431.8 431 427.1 423.5 418.1 411.8 406.4 401.7 396.7 393.1 388.3 383.5 376.3 376.1 385.6 389.1 393.2 402.1 410.3 418.3 429.2 437.1 444.5 453.7 465.3 472.6 481 488 494.3 497.6 495 491.4 486.2 484.7 488.3 491.1
468.6 483.8 494.1 502.2 503.9 504.3 501.2 497.9 496.5 496.5 496.4 501.2 508.3 516.1 524.7 537.1 543.9 546.6 547.9 545 540.5 533.5 524.2 514.2 505.8 497.2 489.7 482.5 474 464.5 457.3 451.6 445.9 441.6 438.5 439.3 441.5 444.8 447.4 447 445.3 442.4 440.3 436.9 432.6 427.3 421.6 414.9 407.3 400.2 395.3 389.8 383.9 383.5 383.7 380.3 389 395.1 399.7 407 414.8 421.8 430.8 439.4 446.2 455 465 476.7 488 498.6 505.4 507.3 503.6 497.7 492.2 491.5 493.4 494.5
461.8 477.8 487.5 498.1 503.8 509.5 510.1 510.2 506.6 507 508.1 508.2 515.4 523.7 533.5 545.5 549.1 550.8 550.3 547 541.4 536.6 529.4 520.9 509.4 500 490.7 483.3 477 465.7 457.2 453 447.7 444.2 444 445.1 451.1 454.8 457 455.9 453.8 450.2 445.7 440.8 433.7 428.7 421.1 412.7 404.6 396.5 390.5 388.6 389 388.9 387.5 384.9 390.3 399.1 405.9 411.9 417.8 424.7 432 439.8 447.7 457.2 468.1 481.6 496 506.4 513.6 515.2 509.5 501.7 497.9 496.3 496.1 497.2
