webserver/python/data/NJ32.asc
ncols 200
nrows 200
xllcorner 330000
yllcorner 820000
cellsize 50
[rows 0 to 34 of 200, columns 78 to 155 of 200]
408.9 402.1 395.6 389.7 382.6 375 365.7 357.2 350.8 347.2 346.1 342.5 336.5 336.4 339.1 343.1 347.3 352.2 357.1 361.2 363.5 363.2 362.4 362 361.4 359.6 357.2 353.7 352.1 350.6 346.4 346.1 352.2 347.8 345.2 345.3 347.9 347.5 348.2 350.7 351.4 348.8 350 352.4 355.8 357.3 360.8 364.7 365.5 364.2 363.9 364.8 365 366.8 362.6 364.1 368.8 379.8 384.3 387.2 388.7 387.9 382.5 387.3 389.7 392 392 389.2 384.6 380.6 378 374.1 370.6 366.9 360.1 357.8 349.8 338.1
408.9 402 395.5 389 382.6 376.3 369.2 364.2 358.7 353.7 350 338.3 337.7 338.6 341.7 346.8 350.7 356.4 360.5 365.4 366.6 366.3 365.1 364.8 364.6 362.5 359.7 356.8 354.6 352.6 348 352.8 357.9 353.7 353.1 355.8 358.5 358.4 356.3 357.1 355.7 354.1 356.5 361.4 364.6 366.5 370 373.3 375.5 374 373.3 373.5 371.3 371.2 371.7 375.8 382.1 388.4 390.7 392.3 393.6 394.2 386.3 389.4 394 395.6 395.2 391.8 386.6 382.3 378.6 374.6 370.9 366.6 361.4 354 343.3 333
409.1 402 395.6 389.2 382.9 376.5 370.2 364.3 359 354.5 349.8 337.9 338.2 340.9 343 348.5 352.9 359.8 366.4 370.5 370 369.4 368.5 368.3 367.9 365.8 362.1 360.7 358.8 355 353.9 357 360.7 360.9 363.1 365.8 368.1 367.7 366 365 362.9 363.4 365.4 370.1 373.3 375.6 379.7 382.2 384.3 385.5 385.3 384.6 381.2 382.5 385.9 393.1 394 396.1 397.6 398 399.2 397.6 394.6 391.2 395.3 397.4 396 391.7 387.9 383 378.8 374.8 370 364.2 358.6 351.1 341.2 326.8
409.6 402.1 395 388.3 381.7 375 369.7 363.5 358.4 354.1 347.8 338.6 338.9 341.9 343.8 349.7 355.2 363.1 372.6 374.3 374.4 372.7 371.8 371.4 371.1 370.1 366.4 365 363.2 356.3 360.4 364 367.5 369.8 372.8 375.2 375.9 374.9 372.7 368.9 369.3 373.4 376.1 380.6 382.8 386.2 389.4 391.3 393.6 395.5 395.7 394.7 395 398.9 400.8 399 401.1 402.5 401.7 403.5 406.2 402.6 397.6 397.5 398.1 396.8 394.6 391.4 387.7 383.1 379.2 375 369.4 363 356.5 348.3 335.9 319.1
410.7 403.5 395.7 388.6 381.5 375.2 369.4 363.5 359 354.5 344.2 339.9 339.6 342.5 343.9 351 357.3 366 375.1 379.7 379.5 377 374.8 375.1 374.7 372.6 371.4 370.2 368.8 362.3 368.8 373.4 375.5 377.7 379.8 380.9 381.3 380.7 379.3 376.7 377.1 381.6 386.7 390 392.7 397.2 399.1 399.8 401.3 403.1 404.2 406.4 409.8 413.9 411.3 405.5 407.7 407.2 407 410.2 410.8 407.2 399.4 399.7 398.4 396.5 394.2 391.6 388.2 384 379.6 374.3 368.6 361.9 353.6 342.7 330.1 315.6
411.7 404.9 396.9 389.4 382.3 375.3 369.3 363.9 359.2 354.6 349.1 342.5 340.2 342.7 345.4 351.5 358.6 367.3 376.1 382 382.7 380.1 377.8 378.4 378 376.5 375.6 375.2 371.8 367.8 376 380 382.7 384.5 387.2 388 387.4 387.3 386.5 384.6 385.1 390.6 396.1 400.6 402.7 407.7 408.5 409.5 410.6 412.1 414.2 417.2 419.7 419.6 416.3 413.8 410.1 411.4 411.1 413.5 413.7 408 399.9 400 398.4 396.1 393.7 391.3 387.9 383.7 378.9 373.1 367.3 358.8 348.4 339.6 328.3 317.3
412.6 405.7 397.8 390 383.8 377.3 370.8 364.8 359.8 356.3 353.5 343.5 341 343 344.8 352.4 359.7 367.3 375.3 381.1 384.2 382 380.8 382.4 382.2 381.9 379.8 378.1 378.1 375.7 381.2 386.2 388.9 394 397.7 398.9 396.9 394.8 393.3 392.3 393.2 397.4 402 407.4 410.9 413.5 416 417.3 418.8 421.6 424 427.8 428.1 426.3 418.6 418 412.2 413.6 413.1 412.2 410.3 405.6 399.8 399.4 397.9 395.6 393.3 391 387.5 383 378.1 372 365.8 355.9 348.2 340.2 331 320.4
412.5 405.8 398 390.2 383.2 377.1 371.5 365.6 361.3 359 356.2 352 343.6 341.4 344 351.6 359.2 367.1 374 379 382.1 380.8 386 386.8 386.9 387.1 385.7 383.2 383.6 383.7 387.4 397.2 400.5 405.6 408.5 405.6 404.2 403.1 400.9 400.4 401.8 404.3 409.5 414.1 418.2 421.1 422.9 423.8 427.3 431.4 433.6 435.7 436.1 432.4 423 419.6 415.5 412.4 411.5 409 405.9 401.2 399.4 398.8 397.3 395.1 392.8 390.5 386.5 382.2 377 371.4 365 359.3 352.4 345.4 335.4 323.8
412.1 405.6 398.2 390.4 382.6 376.8 372.2 367.5 363.7 361.5 358.6 354.8 350.9 344.3 343 350.8 358.3 365.9 372.2 378.1 379.9 386 390.4 391.8 392 391.8 390.9 389 387 388.8 392.7 398.1 406.1 413.8 415.7 414.9 411.2 408.8 407.1 407.2 409.5 412.6 417 421.2 424.1 428.4 429.6 431.7 435.5 439 441.9 443.8 442 435.9 424 420.1 415.9 411.8 408.7 404.4 402.1 400.6 398.5 397.5 396.7 394.5 392.2 389.4 385.2 381 376.8 372.1 366.9 362 356.5 349.6 337.8 326.9
410.6 403.9 396.6 389.3 383.3 378.3 374.4 370.1 366.4 363.9 360.8 357.5 353.7 347.4 344.3 348.8 358.2 366 373 378.4 382.9 388.6 394.1 397.1 397.3 397.1 395.3 393.5 393.1 395.5 399.6 403.3 406.8 414.9 419.1 420.1 416.1 414.3 412.7 413.3 415.8 419.9 423.5 427.3 430.1 433.6 437 440.4 444.5 447.9 452.4 450.8 445.6 438 425.3 419.4 415.2 411.1 406.3 401 399.4 398.7 397.3 396.4 395.3 393.5 391.2 387.6 384.1 380.6 377.9 375.3 370.1 365.6 360.9 353.9 340.1 331
408.7 401.5 394.2 388 382.6 379 375.8 371.2 368.8 366.4 363.2 359.5 355.7 349.2 345 346.2 359.5 366.8 373.9 379.4 385.1 390.5 397.4 401.8 401.7 401.9 400 400.7 400.7 403 406.2 409.4 411.8 417.7 420.9 421.1 420.8 420 419.7 420.2 422.5 425.9 429.8 433.7 436.2 440 444.2 448.7 453.2 457.1 458 453.8 446.7 438.4 428.1 420.3 415.8 410.2 404.2 398.7 395.9 394.3 393.9 395.5 392.8 390.5 387.7 386.1 383 380.7 379.8 379.6 375.6 371.6 365.7 357.7 344 334.9
405.6 399.3 392.2 386.7 382 378.9 375.9 372.9 370.7 367.6 364 360.9 357.9 351 346.7 347.4 360.8 369 376.3 381.2 387.6 394.2 402.7 404.8 404.9 405.8 406.9 407.6 407.9 409.7 413.1 415.7 417.9 421.9 424.9 426.9 426.7 426.2 425.7 427.1 429.5 432.8 436.7 440.1 442.9 446.5 450.1 454.4 459.3 461.5 459.3 452.7 445.1 436.6 427.2 417.8 413.6 408.3 402.1 396 392.3 390.2 391.2 391.9 386.9 385.4 381.5 379.8 378.7 379.8 381.4 382.2 379.8 375.6 367.6 360.5 345.9 336.8
402.6 396.9 390.6 385.9 382.1 379.1 376 373.3 370.9 367.9 365.2 362.5 359.5 351.6 347.6 349.7 363 371.2 378.8 383.7 389.6 399.3 406.2 408.2 408.5 410.7 412.8 413.8 414.3 415.8 418.6 421.2 423.7 427.5 430.3 433 433 432.9 433.4 434.6 436.1 439.2 442.6 445.7 448.6 451.8 455.7 459.4 462.2 463.2 460 451.9 443.4 434.8 420.1 417.2 410.6 404.9 396.3 388.6 384.4 383 385.5 383.2 379.7 377.4 375.3 373.2 374.9 377.1 379.2 380.7 380.5 376.3 369.1 361.2 345.6 336
399.6 394 389.9 385.4 382 378.7 375.4 373.3 371.5 369.1 366.7 363.9 360.1 350 348.3 357.5 366.1 373.3 380.5 386.8 395.3 403.8 409 410.8 413.5 415.8 418.1 419.4 420.6 421.7 423.4 426.2 429.4 432.6 436.1 438.9 439.2 440.2 441.8 442.2 442.9 445.5 448.7 451.9 454.6 457.3 461.1 463.9 466.5 465.7 459.6 449.9 439.6 425.6 420.7 412.7 406.1 399.2 389.7 381.7 377.1 377 377.9 374.9 371.4 369.2 365.2 364.5 367.2 369.7 372.1 375.5 376.1 373.2 367.2 358.6 341.3 332.1
396.5 392.9 389 384.6 381.4 378.2 375.3 372.7 371 369.1 367.3 364.2 360.3 349.8 347.7 361.1 368.8 376 384.2 389.7 400.1 407.4 411.8 415.3 418.4 420.8 423 425.9 426.8 427.5 429.1 432.5 435.9 439.1 442.4 444.6 445.6 447.9 449.5 449.7 450.2 452.6 456.9 458.8 460.5 464.7 467.3 469.6 467.4 465.3 457.6 447.4 434.1 422.5 415.4 408.5 401.6 395 383.3 376.1 370.5 368.9 369.3 366.7 363.2 359.7 355.4 353.7 355.8 358.1 362.2 366.5 370 367.4 363.2 350.1 333.5 327.3
394.4 390.8 387.4 384 381.5 379.2 374.8 372.8 370.5 368.7 366.8 364.2 359.2 349.8 349.5 365.3 371.6 379.7 387.7 393.4 405.4 411.1 415 418.5 421.9 425.7 428.6 431.3 434 435.6 436.7 438.9 442.3 445.6 448.8 451.5 453.6 456.4 457 457.1 457.2 459.7 463.7 467.4 469.5 472.8 473.3 472.5 468.8 463.5 454.5 439.2 425.8 417.9 411.3 404.2 397.5 390.6 378.7 371.6 370.6 367.1 358.1 355.7 351.3 349.1 346 340.1 341.2 344.4 349.7 355.5 357.9 357.6 355.2 340 327.4 321.9
392.2 389 385.6 382.4 380.5 376.9 374.2 372.5 369.8 368 366.4 363.6 358.5 350.3 349.2 366.6 374.8 383.5 391.5 397.6 408.8 412.9 417 421.2 425.8 429.8 433.9 437.7 441.6 443.6 444.5 445.6 448.3 451.9 455 457.8 461 463.9 465 464.9 464.7 467.1 470.5 474.3 477.3 479.6 479.2 474.8 469.9 462.7 449.2 433.5 423 415.6 408.3 400.9 391.5 380.8 380.9 377.5 374.4 370.9 366.7 361.6 356.8 352.2 353.7 350.9 343.6 331.6 333.9 340.6 344.8 347.3 344.8 332.4 324 317.2
390.4 387.2 383.8 380.6 378.2 375.4 372.9 371.4 368.7 366.2 364.6 361.5 356 350.9 354 368.3 377.8 386.3 394.1 402 409.6 414.2 418.2 423.9 429.3 434.3 438.8 443.9 447.9 451.3 451.8 453 454.8 457.4 461.1 464.6 467.8 470.5 474.1 474.8 476.5 478.8 482.1 485 487.8 487.9 484.8 478.4 472 461.2 448.6 432.1 423 412.9 404.7 396.1 390.2 387.9 386.2 382.9 378.7 372.8 373.8 371.1 371.2 369.1 368.4 364.8 357.4 345.7 330.3 324.6 330.3 334.4 332.2 324.7 315.8 304.5
388.7 385.5 382 378.7 377 374.6 372.2 370.2 367.6 363.9 361 357.6 351.2 351.2 357 367.8 377.3 384.9 396.3 403.7 409 414 420 426.3 432.3 438.2 444 450.3 453.8 456.7 458.2 460.7 462 463.2 466.9 471.5 475.5 479.7 483.6 486.9 489.4 490.9 496.3 498.4 501.3 497.1 490.5 483.2 473.6 461.7 448.2 432.2 423.9 413.1 398.5 398.6 396.1 394.2 392.6 388.7 383.6 381.9 381 381.6 382.1 381.2 379.8 377.4 370.2 359.3 347.2 334.2 319.4 317.8 317.5 312.6 305.1 294.9
386.6 383.9 381 381.1 378.9 375.5 372.4 370.2 367.5 364.5 357.8 353 352.2 355.6 359.4 366.1 375.7 384.6 394.8 402.5 408.4 413.7 420.1 427 434 439.9 447.4 454.1 459.1 462.2 464.5 465.9 468 470 474.5 479.5 483.6 487.4 492.4 498.3 499 503.2 508.7 510.9 510.8 504.9 497 486.9 475.5 463.4 447.7 432.3 421 409 405.1 404.9 403.8 401.1 398.4 394.6 390.6 389.6 389.9 390.5 390.7 390.1 388.8 385.7 380.5 373.8 362.7 351.4 339.2 327.5 317.2 313.4 310.1 303.1
385.6 383.6 383.9 382.2 380.4 375.9 372.7 370.5 368.8 363.5 357.3 352.1 353.2 361.4 364.1 363.5 373.9 382.2 391.7 399.9 407.4 413.8 419.9 427.6 434.8 441.7 449.5 457 462.1 465.7 468.3 471.1 473.9 478.3 482.9 487.7 492.4 496.3 501.3 507.4 510.2 516 519.1 521.1 518.6 510.9 500.9 489.3 476.7 462.9 446.6 431.2 420.3 410.2 413.3 411.1 410 407.5 404.2 400.5 398.3 397.3 397.8 399 399.1 398.2 396.5 393.4 389 383 375.8 365.7 354.2 338.9 329.4 328.7 324.4 315.5
386.1 385.3 384.9 383.3 381.5 377.8 373.1 371.4 368.5 365.2 358.3 352.4 355.9 366.6 372.6 377.4 379.1 379.3 386.6 396.7 403.4 409.8 419.2 427.9 435.8 443.3 451.2 458 463.7 468.4 471.8 475.2 479.4 483.8 488.7 494.7 500.6 505.7 510.4 515.5 520.7 523.8 526.1 526.5 522.1 514.9 503.4 490.5 475.3 460 444.4 431 420.4 419.4 419.5 417.6 415 412.3 408.9 406.3 405.2 403.9 404.2 405.1 405.4 405.2 403.3 401 395.9 389.8 383.3 374.8 362.9 349.5 341.7 344.2 336.4 324.5
385.9 385.7 385.2 384.3 382.7 379.8 374.1 370.8 367.4 364 355.7 353.5 364.7 373.8 380.4 384.6 387.2 389.2 392.1 396.1 401.9 410 417.7 426.5 436.8 444.2 451.8 458.6 465.1 469.9 474.2 478.6 483.9 489.5 495.3 501.7 507.7 513.5 517.7 522.3 527.5 531.3 532.3 529.7 524.9 515.4 503.1 487.6 468.2 451 439.3 430.6 425.9 425.7 424.2 423 419.7 415.9 414 412.3 411.2 409.8 410.5 411 411.2 409.5 408.2 405.7 401.2 394.3 387 381.8 368.5 361 357.6 353.6 346.3 332.5
385.3 385.5 384.7 383.7 382.5 380.2 375.5 371 368.1 357.7 355.8 362 372.7 381 387.3 391.4 394.6 396.2 397.6 401.1 406.6 414.2 423.1 431.1 438.1 445.1 452.3 459.2 465.7 472 477 482.2 488.7 494.4 501.2 508.2 514.6 520.6 525.1 529.2 533.4 536 535 531.7 524.8 514.3 499.4 480.4 460.4 446.4 441.2 433.1 432.6 433.3 430.2 428 423.8 418.9 416.9 416.7 416.7 415.3 415.1 415.4 415.9 414 412.3 409.4 404.5 398.2 390.5 385.5 382.1 369.2 364.4 361 351.5 338.9
384.3 384.2 383.5 382.5 381.5 378.8 375.5 369.6 359.6 356 357.3 364.9 378.3 386.8 393 397.8 401.3 402.3 404.5 408.1 413.9 421.4 429.1 435.9 442.9 449.6 455.6 461.8 468.2 474.4 479.7 485.2 492.1 499.2 506.3 512.8 519.4 527.4 532.4 534.5 537.2 537.9 535.6 531.1 522.3 511 491.5 472.8 453.9 449.5 441.5 440.1 440.6 440.1 437 432.7 427.6 424.3 420.9 420.5 420.6 419.4 419.1 419.2 418.7 418.3 417.4 413.2 408.5 401.3 395.6 388.2 384.9 377 372 366.8 356.6 343.9
382.9 382.8 381.7 378.8 378.5 377 372.2 359.7 358.1 358.8 371.1 372.8 384.2 391.8 398.7 403.1 407.3 410.3 413.3 418.3 424.2 429.7 434.2 440.7 447.6 454.3 460.8 466.2 471.7 477.1 482.9 489 495.5 502.1 510.3 517.2 524.1 531.1 536.4 538.2 539 538.5 534.9 528.5 518.7 502.9 483.5 470.8 455.2 448.8 448.5 447.1 449.2 446.5 441.7 436.9 433.2 434.8 428.2 425.2 424.6 423.4 422.3 421.9 421.4 421.8 419.7 416.3 410.6 404.7 399.1 391.7 385.6 382.4 377.6 371.7 361.3 348.7
382 381.1 379.4 369.7 371.1 365.7 360.9 361.8 368.9 376 381.7 384.8 385.6 395.4 403.3 409.4 414.3 418.6 423 427.8 432.2 435.9 439.6 445.5 453 460.5 466.6 471.2 475.7 480.2 487.3 493.2 498.9 504.7 511.4 518.3 525.9 532.8 537.3 538.2 538.2 537 531.2 524.3 513.1 492.3 480.6 470.8 461.8 453.2 454.8 455.8 456.6 451.7 447.6 442.2 438.1 437.5 437.2 429.9 428.4 427.1 425.9 425.4 424.4 423.4 420.6 415.4 410 407.1 402.1 394.9 390.1 387.3 382.3 375.1 365.4 352.2
379.8 377.2 370.3 365 364.3 362.1 363.5 376.3 383 387.5 390.8 392.9 384.5 398.9 407.6 414.9 419.8 425.8 430.5 434.8 438.9 443.4 447.7 453.1 460.9 467.8 472.8 476.4 480.2 486.1 492 497.5 502.5 507.3 511.9 518.4 524.9 531.7 534.3 535.3 536.6 533.2 527 519.1 504.4 486.9 476.9 470.6 465.8 452.6 462.4 464.7 462.9 458.2 454.5 449.5 441.5 440.3 438.5 433.8 431.8 430.6 429.7 429.3 427.1 423.5 420.9 416.3 414.1 410.5 406.2 399.4 394.1 391 385.3 377.7 367.5 354.1
376.3 371.6 364.5 369.7 370.9 374.2 378.9 385.2 391.8 396.2 399.2 400.1 398.8 398 409.8 419 425.9 432.1 437.2 442.5 446.8 451.6 457.4 463.5 469.7 474.7 478.5 482 486.9 492.3 497.3 501.7 505.9 509.7 514.2 517.8 524.6 528.9 530.8 532.1 531.2 528.2 522.4 512.7 497.5 479.9 465.7 460 459 457 470.9 470.3 467.7 464.9 461.9 456.8 448.4 441.2 441.9 437.8 435.8 434.1 433.5 431 426.6 426.1 423.4 419.1 415.1 412.5 408.9 404.1 395.6 392.8 387 378.4 367.7 354.5
367.3 365.2 368.5 376.7 379.8 382.4 387.6 393.8 400.5 405 407.6 407.4 407 407.2 411 421.7 431 437.1 443.1 449.3 454.6 459.2 465.1 471.8 476.7 480.8 484.8 489 494.8 498.8 503 507 509.6 512.4 516.3 518.4 522.2 527.3 530.1 529.2 527.2 522.6 516.2 505.6 490.1 471.7 477.3 475.7 472 474.1 476.1 474.4 471.5 469.3 466.9 462.1 454.9 445.5 445.3 442.7 439.8 437 431.3 428.7 430.8 428.7 426.2 422.4 416 414.3 410.5 405.6 397.5 390.8 384.6 376.3 365.6 353.7
367.9 370.4 375.9 379.3 385.4 390.8 395.6 403.1 410.3 414.4 415.5 415.7 415.4 416.7 417.2 423.5 433.2 441.8 449 455.7 461.1 466.6 473 479.6 483.7 487.3 491.6 496.7 501.7 505.7 509.3 511.8 514.6 516.9 519.1 520.4 522.4 525.1 526.2 525 522.3 516.8 509 497.1 483.4 472.9 480.7 479 478.1 479 479 477 475.2 473.1 470.3 465.8 460.1 452.2 446.9 447.2 444.4 440.6 433.8 433.1 432.5 430.4 429.8 424.4 420.3 414.9 411.4 405.8 398.4 390.1 381.7 373.4 362.9 351.8
381.9 382.2 382.8 381.2 389.3 396 403.6 411.4 418.9 422.4 424 423.8 423.7 425.1 426.4 425.2 435.1 444.7 453 461 467.3 475.2 482 487.4 491.6 495.5 500.1 504.6 508.4 511.1 513.6 516.2 520.2 522.1 522.2 521.4 523.2 521.6 522 520.8 516.7 510.7 502 485.7 475.5 481.7 482 480.9 481.3 481.5 480.8 479.1 477.1 475.7 472.6 468.3 463.2 455.3 451.8 450.1 448.5 444.8 442.6 437.7 433 431.1 430.1 426.9 423.8 417.7 413.2 405.9 397.7 389 380.9 370.6 358 347.6
387.6 388.2 389.1 388.5 392.2 400 409.1 418 425.7 430.5 433.3 434.3 433.6 434.1 434.8 434.6 439.5 447.8 455.4 464.5 474.6 483.2 489.8 494.1 498.5 502.8 507.2 511.7 515.2 515.5 517.8 521.8 525.8 525.8 524.7 523.1 521.2 517.1 516.3 513.2 509 501.4 492.6 476.9 479.9 482.1 482.5 483 483.1 482.9 482.2 480.9 479.5 477.9 475.4 471.2 466.4 460.8 455.9 452 451.1 449.7 448.6 446.1 441.4 435.3 431.7 429.6 426.3 421.3 415.5 407.8 398.5 389.9 380.9 369.2 357.8 346.8
393.2 394.3 395.3 395.7 396.5 404.5 414.8 424.1 432 437.6 441 443.9 444.6 446.1 445.9 444.6 446.8 452.7 461.5 472.4 483.5 490.8 496.7 501.2 505.5 509 514.2 518.5 521.1 522.1 523.7 528.4 530.8 529.1 526.9 523.6 518.9 512.4 507.3 503 496.1 489.6 482.9 477.5 481.2 482 482.3 483.6 484.4 484.2 483.6 482.2 480.8 479.2 476.7 473.7 469.2 461.9 459.2 456.7 453.7 451.9 452.2 450.1 447.7 441.2 435.9 432.7 429.5 425.9 419.2 410.2 401.5 390.6 381.1 370.8 354.7 349.5
398 399.6 401.4 403.1 401 409.3 419.3 428.8 436.7 443 449.3 452.5 456.2 456.6 456.1 454 455.6 460.8 470.4 481.3 491.1 498.3 503 507.8 512.2 516 521.3 523.9 526.7 527.6 529.6 534.1 532.4 530.9 526.7 521.2 513.5 505.5 495.2 487.5 481.9 478.6 475.1 475.5 479.5 481.2 482.7 483.9 485 485.1 484.2 483.1 481.5 479.8 477.5 474.6 471.6 465.2 461.2 461.9 460.2 453.2 454.8 453.8 450.5 446.3 440.2 436.1 432.6 428.6 422.5 413.5 404.2 392.7 381.9 371.3 361.5 352.7
