webserver/python/data/NJ44.asc
ncols 200
nrows 200
xllcorner 340000
yllcorner 840000
cellsize 50
[rows 0 to 34 of 200, columns 0 to 77 of 200]
119.8 126.1 131.4 131.9 131.6 131.7 131.8 132.4 133.6 135.1 136.3 137.3 141.8 143.8 147.2 149.4 151.5 153.7 156.1 158.3 160.2 161.2 160.7 159.7 158.5 157.4 156.3 154.8 152.9 151.1 149.1 147 145.4 145.2 145.2 142.9 140.6 138.7 137.9 139 139.1 137 141.2 148.8 151.8 152.2 151.6 148.1 142 136 126.2 136.2 151.5 159.7 166.8 172 173.3 172.9 170.8 167.6 163.1 159.1 155.8 153 152.1 150.3 148.1 147.6 147.9 147.9 148.9 149.4 150.4 151.5 152.8 151.7 150.7 149.8
119.1 122.1 127.1 128.7 129 132 132.2 133.2 134.4 135.9 138.4 139.9 141.2 144.2 148.3 151.1 153.2 155.5 157.6 159.9 162.1 163.2 162.5 161.7 160.5 159.3 157.2 155.3 153.6 151.6 149.5 147.4 145.6 145.2 147.2 144.4 142.2 141.3 142 141.7 140.1 137.4 137 145.6 148.5 150.9 148.3 143.8 137.9 132 123.2 137.5 150.5 158.3 166 171.9 173.5 173.4 171.5 168 163 158.5 154.9 152.3 151.2 149.8 146.9 148.3 149.3 150.4 151.1 152.5 153 153 153.8 153.4 152.9 151.9
121.8 122.1 124.4 126.7 129.6 132.7 134.8 136.2 136.3 138.3 140.1 141.6 142.9 145.7 149.4 153 155.3 156.7 158.7 161 163 164.3 163.7 163.1 161.9 160.7 158.6 156.5 154.5 152.5 150.3 148.1 146.3 145.1 146.1 145.9 144.3 144.6 144.7 143.3 141.1 137.7 136.6 140.8 143.2 143.1 141.6 136.8 133.7 127.1 121.6 139.2 149.1 157.7 165.6 172.2 174.2 174.1 172.4 168.2 163.2 159.1 154.8 151.2 150 148.7 144.8 146.2 149.7 152.3 152.6 153.3 154.2 154.6 155 155 154.5 152.9
122.6 124.6 126.1 127.7 129.9 133.8 138 140.6 140.4 140.6 141.7 143.1 144.9 147.2 151.2 154.9 157.1 158.8 159.6 160.9 163.5 164.9 164.6 164 163 161.7 159.9 157.6 155.4 153.3 151.1 149 147.3 146.2 146.6 146.1 145.5 145.6 145.5 143.5 141.3 138.3 134.5 137.9 139.2 137.4 135 132.4 130 124.4 122.9 137.1 148.9 159.1 168 173.9 175.1 174.8 172.8 168.9 164.7 160.4 155.5 151.2 149 147.5 143.8 142.9 145.2 151.9 152.8 153.6 155 155.3 156.3 156.1 154.8 152.9
123.3 127.7 128.2 129.7 131.5 135 137.5 138.7 140.2 141.4 143.6 146.3 148.3 151.1 154.7 156.2 158.4 160.2 161.3 162.4 163.9 165.2 165.5 165 164.2 161.7 160.1 158.2 156 153.8 151.8 149.9 148.3 147.4 147 145.6 144.3 143.2 143.4 142.7 140.7 137.4 133.9 134.2 135.1 133.4 131.5 129.8 124.6 123.4 123.5 138.3 151.2 160.5 170.4 174.2 174.8 174 171.4 168.1 165.4 162.6 158.7 153.8 148.4 145 145.2 142.2 142.3 143.1 149.4 154.6 155.8 156.2 157.4 157.1 155.2 153.1
124.6 126.8 130.4 131 132.7 134.5 136.4 139.7 141.8 144.2 146.4 149.9 151.9 153.8 155.7 157.8 159.9 162 162.9 164 165.3 165.6 165.9 165.9 164.7 162.1 160.3 158.6 156.4 154.2 152.2 150 148.3 148 147 143.8 142.3 140.8 140.9 140.3 140.6 137 132.8 133 132.8 130.7 128.1 126.2 123.9 123.8 128.7 141.3 151.9 162.3 167.8 171.1 171.5 171.3 169.8 167.2 165.1 162.9 160.2 155.9 147.9 144 143.5 143.4 141.1 141.7 141.1 155.4 156.7 157.8 157.4 156.7 155.6 153.4
125.8 125.9 129.8 133.2 135.3 137.8 140.2 143 145.9 148.8 151.2 153.6 155.6 157.5 159.3 160.6 161.8 163.4 164.4 165.5 166.7 165.9 166 166.3 165.5 162.9 161 159.1 157.4 155.4 153.3 150.9 148.8 148.1 145 142.1 139.5 138.5 138.4 138.1 137.4 135 131.6 132.5 131.6 130.5 126.1 128.6 124 124 136.6 144.8 152.3 158.9 164.3 166.3 168.1 167.6 167.2 165.6 163.3 161.4 158.7 151.9 144.4 142.9 143.3 144.1 143 141.4 141 144.5 155 156.5 156.5 156.4 155.7 153.8
126.4 126.6 130.8 134.7 137.8 141.1 144 146.8 149.8 152.6 155.2 157.5 159.2 161.1 162.7 163.7 164.9 165.2 166.4 167.1 167.1 166.5 166.8 166 166.1 163.7 161.6 160.6 158.5 156.6 155.8 152.8 149.6 146.3 143.1 140.5 137.2 135.1 133.8 132.6 131.6 130.3 129.9 130.3 129.8 129.2 127.8 125.2 124.4 123.8 126.5 147 152.3 157.3 161.3 163.4 164.7 163.9 163.9 163.5 161.4 157.8 152.6 144.1 143.5 143.1 146.9 150.7 150.8 149.9 142.4 140.9 144.4 149.1 154.3 156.1 156 154.6
127 130 133.6 136.9 140.3 144.1 147.7 150.7 154.3 157.8 160.4 162.9 163.8 164.7 166.1 166.5 167.7 168.2 169 169.7 169.2 168.7 168.2 167.2 166.3 164.2 162.9 161.4 159.6 157.5 155.4 151.6 147.4 142.7 139.4 135.5 133.4 132.4 131.1 129.7 128.6 129.1 128.9 127.9 126.3 125.8 124.2 125.1 124.5 122.5 145.1 150.1 153.9 156.3 159.1 160.8 160.6 159.9 159.4 156.9 152.3 147.1 144.5 144.3 144.3 150.6 154.4 157.9 157.9 160.3 157.5 144.4 141.2 141.5 151.3 157.5 157.1 155.1
131.6 134.3 137.2 140.7 144.2 147.8 151.9 155.7 159.6 163.2 165.7 167.5 169.6 171.1 171.7 171.3 171.7 172.8 173.3 173.7 172.3 171.2 170.2 168.9 167.6 166.3 164.3 161.5 158.8 155.3 151.1 147.6 141.1 137.2 133.4 130.7 130.1 130 130.3 127.7 127.7 127.5 127.4 127 126.1 125.5 125.4 125.3 127.4 142.6 147.9 152.1 154.5 156.6 157.2 157.1 156.5 153.8 150 145.7 145 144.3 144.6 148.3 152.6 156.5 159.9 163.2 164.4 164.8 163.7 163.2 144 141 142.4 161.5 159.3 156.9
131.5 139.3 142.1 145.4 148 151.3 155 160.9 165.5 168.8 171.7 174 175.6 176.9 176.2 176.1 176.5 177 177.7 177.5 175.7 173.4 172.5 171 169.9 168.5 164.4 158.6 153.5 149.4 145.7 139.2 134.8 131.8 130.5 129.9 130.1 127.5 127.4 127.9 126.7 126.5 126.3 126.4 126.2 125.5 128.2 138.5 132 143.9 149.4 152.3 154.7 154.9 154.1 153.1 149.5 143.4 144 144.1 144.4 147.1 150.7 154.8 159.3 161.9 164.4 167 167.6 168.4 167.4 166.2 162.1 142 141.4 159.9 160.9 158.6
139.2 143.1 145.5 147.5 150.1 153.4 158.3 164.8 170.6 175.7 178.6 181.3 182.8 182.9 182.6 180.9 179.8 179.6 179.2 177.2 175.6 173.4 171.3 170.2 167.4 164.5 158.8 153.4 147.2 143.8 137.1 131.7 129.4 129.3 128.9 129.2 129.4 127.6 127.5 127.4 128.3 126.4 125.8 142.8 144.6 144 143.4 139 133 143.1 148.1 149.9 151.2 152 151.3 147.3 142.8 143.3 143.7 144.6 149.7 154.2 157.8 162.2 165.2 167.5 169.3 170.3 171.2 171.7 170.7 168.1 163.6 142.4 140.6 163.3 162.4 160.3
140.7 144.2 146.9 149.6 153.2 157.7 163 171.3 178.3 181.6 182.3 184.5 184.8 184.3 184.5 182.9 181.5 179.9 177.1 174.3 172.8 170.9 168.5 166.5 162.1 157.8 152.8 148.5 140.2 133.6 129.6 129.1 128.6 127.8 128.8 129 128.7 127.7 128.8 129.2 129.2 138.5 147 147.6 147.8 147.3 145.9 142.9 132.1 139.3 144.2 146.5 147.8 148.5 148.6 144.1 143 143 143.5 151 156.7 161.1 164.3 167.7 170.8 172.5 173.9 175.1 175.2 174.8 172.8 171 163.8 143 141 160 163.5 161
140.4 143.8 146.9 152.1 157.8 165.7 172.5 179.1 182.8 184.7 184.7 184.8 184.9 185.3 183.4 181.3 179.8 176.1 173.8 170.5 168 166.3 163.8 159.4 155.1 150.8 146.5 139 130.2 129.5 129.3 127.9 129.6 129.3 128.9 128.6 128 128.7 129.5 136.7 144.2 146.8 148.2 148.9 149.5 148.6 146.9 144 139.9 138 140.3 143.3 144.2 144.8 145.4 143.1 142.4 143.9 151 158.4 163.8 167.5 170.4 173.3 175.8 177.1 178.5 178.6 178.7 177.5 176 174.5 169.9 147.8 142.8 147.2 159.7 160.6
140.7 142 144.3 151.6 165.4 173.6 178 181.7 184.5 185.6 186.1 185.2 185.2 184.5 182.1 179.6 176.2 172.3 169.2 165.1 161.7 159.9 156.4 152 146.6 142 135.1 130.4 130.2 129.9 129.8 129.8 130.1 130.8 134.3 133.6 132.7 132.9 132.9 140.8 146.2 148.7 149.3 149.9 150.1 149.2 147.4 144.7 141.5 140.7 139.5 139.7 140.6 141.9 142.6 142.5 142.9 151.7 157.8 164.6 169.3 172.9 176.2 178.8 180.8 182.2 181.9 181.8 181.6 180.2 178.4 176.3 173.8 159.8 145.5 140.4 144.1 151.7
141.3 142.4 143.7 150.5 169.8 175.6 178.4 180.8 183.3 184.7 185.7 183.3 182.8 182.2 178.8 175.3 171.6 167.6 164.6 159.7 156 153.1 149 144.4 138.8 132.2 127.7 130.7 130.4 130.9 131.7 132.8 133.3 135 137.4 137.3 137.3 138.6 141.9 139.1 146.9 149.2 150.2 150.4 150.4 149.7 148.2 145.6 143.8 144.9 142.1 141.4 142.6 143.3 144.2 143.8 144.5 156.9 164 168.5 173.5 178 182.2 184.3 186 185.9 185.3 185 183.7 182.1 180 178 175.7 173 164.3 144.6 142 138.8
140 141.9 142.9 151.3 165.2 173.1 178.3 181.6 179.8 181.2 183.2 181 178.9 178.4 174.8 171 167.5 163.2 159.7 155.3 151.6 147.9 143.3 137.4 131.7 130.2 129.7 131.7 131.8 133.1 134.5 135.7 136.2 138.4 140 140.3 142.2 143.8 145.6 136.4 146.2 149.2 150.9 150.8 150.6 150.3 148.5 146.5 147.9 146.4 148.2 147.9 146.9 147.1 146.6 148.7 155.9 163.4 168.8 173.5 177.9 182.4 187.1 189 188.9 188.8 187.7 186.6 185.1 183.8 181.8 179.8 176.8 173.1 158.7 156.7 145.4 143.4
140.3 140.4 141.7 149.6 160.1 169 174.2 176.9 175.9 177.7 177.8 175.1 173.5 173.7 171.3 166.6 164.9 160.7 156.8 152.4 148.7 142.7 138.1 131.9 129 130.8 131.8 133.9 135.1 137 137.9 139.1 139.8 141.8 142.7 143.4 145.8 147.4 149.2 144.4 147.9 150.2 151.4 151.9 151.9 151.3 149.8 148.8 149.6 149.9 154 151.7 152.1 154 154.1 156.7 163.6 168.1 172.9 177.7 181.6 186.5 189.2 190.5 191.2 190.6 189.6 188.2 186.5 184.8 183.1 180.8 177 175.5 172.1 169.1 166.8 164.1
140.8 140.7 140.8 144.2 153.2 163.7 168.9 172.3 172.2 173.7 170.9 169.5 169.5 169.4 165.9 160.7 157.9 154 149.8 145.2 140.4 135 133.1 128.6 133.4 132.8 135.1 137.5 139.8 141.5 142.9 143.4 143.4 144.5 145.8 147.5 149.1 150.8 151.6 150.2 144.5 151.3 152.4 152.9 152.9 152.3 151.6 151.8 152 154.6 156 156 156.6 159.8 160 162.1 167.1 171.3 175.9 180.5 185.1 190.2 191.2 192.3 193.1 192.4 191.3 189.6 187.6 185.8 183.4 181.4 178.1 173.8 173.5 170.8 167.9 165.6
141.4 141.4 141.1 140.3 144.2 153 162.8 164.4 167.6 164.7 163.2 166 166 165.6 162.7 157.8 151.4 144.7 140.7 135.2 133 130.7 130.8 132.9 134 139.1 138.4 143 144.7 146.1 146.4 146.9 147.2 147.9 149.7 151.6 153.7 154.1 154.5 153.4 145.5 154 154.3 154.2 154 153.8 153.8 154.4 154.5 157 158.4 159.7 161.9 163 164.2 166.7 167.9 173.3 177.7 182.2 187 191 192.7 194.2 194.5 193.5 192 190.4 188.8 186.9 184.5 181.9 179.6 176.8 174 171.5 168.9 167.1
142 142 141.8 141.9 139.4 143 145.7 150.7 152.9 152.2 154.5 155.5 156.4 156.2 155.2 149.9 143.1 139 135.1 132.7 131 130.7 130.6 133.1 133.3 144.6 147.7 149.7 149.9 150 150.1 150.4 150.8 151.7 153.8 156.3 157.7 157.7 157.8 156 147.2 157.2 156.5 155.9 155.7 155.7 156.3 157.1 157.8 159.3 161.5 163.2 164.7 166.4 168.3 169.5 170.5 174.2 179.3 183.9 188.4 191.8 194 194.9 195.1 194.1 192.7 191.1 189.5 187.9 185.5 182.6 180.9 178 174.9 171.9 169.4 167.3
143 142.3 143 143.2 137.8 135.5 134.5 137.7 137.9 139.9 138.6 140.5 142.8 141.1 139.7 139.7 137.4 135.2 133.3 130.9 130.9 130.5 129.9 143.9 150.4 153.5 154.5 155.4 154.9 155 155.3 156 156.4 156.6 159.1 161.6 162.8 161.8 160.1 157.5 150.9 157.8 158.1 158.1 158 158.5 159.6 160.3 161 162.6 164.1 166.1 167.9 169.7 171.5 172.5 174.1 175 180.4 185.2 189.2 192.5 194.2 194.9 194.9 194.7 193.4 191.8 190.2 188.3 186.2 185.3 182.1 179.2 176.1 173 169.7 166.8
143.7 142.7 143.6 143.7 135.7 134.9 133.4 133.2 133.3 133 133.3 133.8 135.4 133.4 134.9 135.7 134.7 131.8 130.5 133.3 134.3 136.5 144.8 154.7 158.7 161.3 161.1 161.6 160.7 160.2 161 161.6 162.4 163.3 164.8 166 166.1 165.1 162.1 159.8 151.9 158.4 159.7 160.7 160.7 161.2 162.6 163.7 165.1 166.7 168 169.5 170.9 172.8 174.8 176.8 178.7 180.4 180.4 185.1 189.4 192.1 193.9 194.7 194.8 194.8 194.1 192.4 190.5 188.4 186.5 185.9 183.6 180.6 177.7 174.5 171 168
144 142.9 143.4 140.5 136 135 133.8 133.5 133.5 132.3 132.4 132.2 132.5 132.6 132.7 135.8 131.9 131.9 131.6 137.7 142.2 149.9 158.5 163.7 166.6 168 167.3 166.8 165.4 165.3 166.2 167.1 169.1 169.5 168.5 168.2 168.8 166.7 163.7 156.3 157.5 161.5 162.3 163.2 164.3 165.3 166.3 167.4 169.3 171 172.4 173.7 174.7 176.5 178.4 179.9 181.4 182.6 183.9 184.9 188.4 191.9 193.5 194.5 194.6 194.7 194.4 192.9 191 189.4 187.3 186.4 185.4 181.8 179 176.3 172.6 169.5
145.2 143.3 143.4 138.7 136 135.3 134.2 133.5 133.8 133.5 133.6 134.2 133.2 133.1 132.8 131.6 130.8 131.8 141.8 145 149.5 158.4 166.3 171.1 173.2 173.4 171.9 171.2 169.9 170.3 170.9 171.3 172 171.4 170.4 169.4 168.9 166.5 163.1 155.7 161.4 164.5 165.4 166.3 168 169.4 170.5 171.8 173.6 175.1 176.9 178.2 178.9 180 181.6 183.1 184.4 185.4 186.3 187.1 188.1 191.1 193.4 194.2 194.8 194.6 193.9 192.8 191.5 190 188.6 187.5 186.2 183.6 180.6 177.3 174.3 170.9
146.1 143.1 141.8 138.3 136.3 135.6 134.6 133.4 132.2 134.1 134.8 136 137.8 138.1 134.2 132.3 138.4 142.7 146 148.6 155.3 165.7 173.8 176.6 178.4 176.9 175.4 174.7 174.1 174.3 173.5 173.5 173.3 172.6 172 169.9 168.2 167 165.1 155.1 164.8 166.7 168.2 169.7 171.6 173.4 174.8 175.9 177.4 178.9 180.5 182.2 182.9 183.6 184.8 186.2 187.4 188.5 189.3 189.8 190.6 191 192.5 193.5 194.6 194.3 193.5 192.8 192 190.7 189.5 189.6 187.8 185.4 182.2 179 175.8 172.5
146.2 143.8 141.2 139.5 137.5 136.1 134.9 134.3 134 134.4 136.3 139.6 140.4 140.3 140.3 142.5 145 145.8 148.8 152.6 161.9 173.5 178.5 181 180.9 179.7 178.6 177.6 176.7 176.4 175.5 174.7 173.6 172.8 172.2 170.5 169.5 167.7 166.5 157.5 167.2 169 170.6 172.9 175.1 176.8 178.7 179.9 181.2 182.6 184.1 185.1 185.9 186.6 187.5 188.8 190.1 191.3 192.6 193.7 194.4 194.4 194.3 194.6 195.4 195.3 195 194.1 192.9 191.7 190.7 190.3 188.8 186.5 183.6 180.3 177 173.8
147.8 145.4 142.9 141 138.5 135.9 134.8 134 134.2 134.7 138.3 140.6 140.9 141.1 142.2 145.5 149 150.2 152.8 156 169 177.3 182.3 183.3 183 181.9 180.9 180.2 179.4 178.3 176.6 175.2 174 173.6 173.2 171.9 170.8 169 167.6 166.3 162.2 169.7 172.2 174.9 176.9 179.3 181.7 183.5 184.7 186.1 187.3 187.9 188.5 189.2 190 191.1 192.4 193.8 195.6 197.4 197.6 197.4 196.9 196.6 197.1 196.7 196.4 195.5 194.1 192.8 192.1 191.3 189.4 187 184.3 181.5 178.2 174.8
149.6 149 145.1 141.9 138.9 135.9 134.7 134.2 133.8 135.5 140.4 141.1 141.5 141.7 144.8 148.1 151.1 154.1 157.7 164.3 175.2 182.1 185.1 185.6 185.2 184.1 183.4 182.6 181 179.2 177.1 175.8 175 174.2 174 173.1 171.9 170.5 169.7 169 164.4 168.7 172.8 176 178.7 181.6 184.3 186.5 187.9 189.3 190.3 190.9 191.5 192.1 192.6 193.4 194.8 196.6 198.7 200.2 200.7 200.4 199.9 199.3 199 198.4 197.8 196.8 195.3 193.7 194.3 193.9 191.1 187.8 184.9 182.2 179.2 175.5
151.2 152.9 147.5 143 139.5 136.4 135 132.7 135 135.7 140.9 141.3 141.8 142.5 147.4 151 154.4 157.1 169.8 171.9 178.7 184.9 187.3 187.6 187.4 186.5 185.6 184 182 179.7 177.8 176.7 175.7 174.9 174.2 174.4 173.2 172.3 172.5 171.9 170.1 170.2 172.2 175.1 178.5 182.4 185.6 189.5 190.9 192 192.9 193.7 194.2 194.7 195.4 196.2 197.5 199.2 200.8 202.2 203.5 203.1 202.3 201.4 200.7 199.7 199.1 198.1 196.8 196.6 197.2 195.1 192.2 189 185.7 182.9 179.4 175.5
158.1 154.2 148.3 145.4 142.8 136 135.7 134.5 135 136.2 140.8 141.7 142.5 143.6 148.9 153.3 157.9 166.6 173.9 179.3 182.3 185.8 188.2 189.3 189.6 188.3 186.8 185.2 183 181.2 179.5 177.8 176.8 176.1 174.9 175.8 175.6 175.4 175.7 175.3 174.4 174.9 174.5 175.6 176.9 181 184.8 189 193.1 194 194.7 195.9 196.7 197.2 197.8 198.7 199.9 201.4 202.8 204.2 205.2 205.5 204.5 203.5 202.5 201.4 200.5 199.4 198.4 197.7 197.8 195.6 192.7 190 186.8 183.5 179.5 175.6
156.9 152.8 148.7 145.5 145.7 139.5 136.1 135.2 135.5 134.8 141 142.3 143.4 144.5 148.9 152.8 160.6 170.1 176.4 181.7 184.8 187.4 189.4 190.3 190.7 189.9 188.2 186.5 184.9 183.1 181.4 180.3 179.6 178.3 178 177.9 178.6 178.6 179 178.7 178.7 177.3 177.1 178.8 179.5 179.7 184.1 189.2 194 195.6 196.2 197.2 198.5 199.7 200.2 200.9 202 203.2 204.7 206.3 206.9 207.3 206.4 205.1 204.1 203 201.8 201.7 198.2 198 197.6 195.4 192.8 190.3 187.5 182.7 178.8 175.1
158 154.5 149.8 146.2 145.4 144.3 137.5 135.5 134.7 133.8 140.5 142.4 144.2 145.6 149.6 154 164 173.1 178.7 183.7 186.4 188.6 189.8 191 191.2 191.2 190.4 188.9 187.3 185.4 183.3 183.7 183.3 182.9 182.5 182.4 182.3 181.9 182.2 182.4 181.5 181.3 178.7 181.9 182.2 181.8 183.4 187.7 191.8 195.5 197.3 198.3 199.1 200.1 201.1 202.8 204.5 205.9 206.9 208.5 208.8 209.3 208 206.6 205.2 203.9 202.6 200.3 198.4 198.4 197.1 194.8 191.6 188.7 185.4 181.4 177.9 174.1
161.4 156.8 151.7 146.7 145.4 143.7 139.3 136 134.8 133.7 139.2 143.1 144.7 147.2 151.8 157.6 165 173.9 180.2 184.3 187.1 188.9 190.5 192.2 192.6 193.3 193.3 191.5 189.8 188 186.7 188.3 187.9 187.5 187.1 186.9 186.7 185.7 185.8 186.4 186 185 183.6 182.5 185.4 184.7 184 185.8 189.9 193.7 196.4 198 198.8 200.4 202.6 205.5 207.9 209.6 211.3 212.6 212.4 211.9 210.5 208.2 206.4 205 203.5 202.3 199.6 198.9 197.7 194.2 191.3 188 185.3 189.3 180 173.9
167.6 159.2 153.3 147.2 145.8 145.3 139.6 136.9 135.2 133.4 137.2 142.6 146 150.4 154.9 160.8 171.4 175.8 180.8 184.1 186.5 188.9 191.2 193.3 195.6 196.3 196.7 194.1 192.5 191.2 191.3 192.4 192.5 192.1 191.7 191.5 191.1 190.1 190.1 190.7 189.6 188.3 186.9 186.4 188.4 187.6 187 188.2 189.5 192.7 195.9 198.7 201.7 204.6 207 210.8 213.2 215.2 217.3 218.2 216.4 214.9 213.1 210.5 208.1 206.4 203.9 204.9 206.5 199.4 199.1 194.1 191.5 188.4 184.3 190.1 184.1 173.3
