webserver/python/data/NJ45.asc
ncols 200
nrows 200
xllcorner 340000
yllcorner 850000
cellsize 50
[rows 70 to 104 of 200, columns 78 to 155 of 200]
213.3 213 212.7 212.8 213.1 212.8 212.4 210.4 208.2 206.2 204.4 202.6 199.6 196.7 194.1 192.3 190.5 186.2 181.3 179.9 180.1 179.5 178.9 176.1 173.2 170.6 166.9 162.8 161.1 162.2 162.7 160.5 159.4 157.6 155.9 155 160.9 165.1 169.2 173.3 178.3 182.6 186.3 189.9 192.8 195 197.2 199.4 200.7 201 201.3 202.3 203.3 204.7 204.1 204.8 205.7 207.3 209 210.6 212.1 212.8 213.4 214 214.5 215.1 215.1 214.9 214.1 212.4 210.7 208 205.1 201.8 201.5 201.1 200.7 200.2
213.2 212.8 213 213.2 213.5 213.6 213.2 211.3 209.4 207.6 206 204 201.3 198.3 193.3 191.3 190.1 188.2 185.9 181.8 178.9 179.2 178.2 175.2 171.9 169.1 167.2 164.3 160.2 157.9 160.6 158.8 157.8 155.8 154.9 154.8 161.3 165.6 169.7 174.4 179.3 184.3 187.7 191 193.1 195.3 197.5 199.5 199.7 200.2 200.5 200.9 203.5 202.3 202.4 203.8 205.1 205.9 207.4 209.7 210.9 211.5 212.1 212.7 213.3 213.8 213.8 213.5 212.1 210.3 207.8 205.1 201.7 198.9 196.6 197.6 197.7 197.4
212.5 212.8 213.1 213.6 213.9 214.1 213.9 212.7 211 209.3 207.6 205.1 202.2 199.6 195 188.6 188.6 187.6 185.6 181.3 176.2 179.4 176.9 174 171.3 169.1 167.3 163.8 161.4 159 157.6 157.2 156.2 154.6 154 153.8 161.7 166 170.5 175.4 180.2 185.4 188.8 191.1 193.2 195.2 197.3 199.3 198.8 198.4 198.8 199.3 200 200.2 201.9 203.3 204.6 205.4 206.2 207.9 209.7 210.2 210.8 211.4 212 212.6 212.4 211.7 209.2 207 204.8 202.2 199.3 197 194.5 194.1 194.6 194.7
211.7 212.1 213 213.7 214.5 214.9 214.4 214.2 212.7 211 209 206.2 203.3 200.6 197.2 190.8 184.9 187.2 185.1 180.5 175.6 178.6 176.1 173.3 171 167.6 166 164.8 163.7 161.3 157.9 155.7 154.6 153.6 153 156.9 163.2 166.6 171.3 176.3 182.6 186.5 190 192.1 193.1 195.1 197.1 198.9 198.4 198 197.6 197.4 198.4 200.2 201.2 202.9 204.2 205 205.8 206.7 208.5 209.1 209.6 210.2 210.7 211.3 211.9 209.3 207.4 204.6 201.6 199.5 197.6 195 192.2 190.1 191.2 191.5
210.1 210.5 211.9 214.4 215.1 215.3 215 214.8 214.4 212.7 210.1 207.2 204.4 201.6 198.8 193 187.1 180.5 182.6 178.5 175.9 176.6 175.5 172.8 170.2 166.9 165.5 164.3 163.2 161.4 158.7 153.9 153 153.5 152.7 159.3 163.1 167.2 171.7 178.2 184 187.7 190.8 193.1 194.6 195.6 197 198.4 198 197.6 197 196.3 196.6 198.5 200.7 202.3 203.7 204.5 205.6 206.8 207.7 208.2 208.6 208.9 209.2 209.6 208.9 207 205 203 200.1 197.8 195.6 193.4 189.8 185.4 188.1 188.7
208.7 208.9 210.9 213.5 213.8 215.7 215.9 215.5 215.1 214 211.2 208.4 205.6 202.9 198.3 191.8 186 180.6 176.9 173.7 179.8 178.5 175.2 172.2 169.3 166.4 164.9 163.6 162.4 160.5 158.9 157.3 153.4 152 151.8 159 162.3 166.7 173 179.5 184.8 188.5 191.5 194 196.2 197.1 197.8 197.6 197 196.4 195.7 195.4 194.9 196.7 198.8 201 203.4 204.6 205.8 207.1 207.4 207.4 207.5 207.6 207.7 207.2 206.5 204.8 202.8 200.8 198.8 196.5 194.2 191.8 188.8 183.6 184.2 187.5
207 207.5 207.2 212 214.8 216.3 217.5 217.1 216.8 215.8 213 210.2 207.5 205 201.2 195.7 192.1 188.5 182.1 171.6 179.2 177.5 174 171.6 168.4 165.9 164.4 162.9 161.7 160 158.6 157.2 155.6 151.1 152.4 158.2 161.6 166.7 173.5 180.9 185.1 188.9 191.6 194.2 195.9 196.7 196.6 195.8 195.2 194.9 194.6 194.5 194.3 194.9 197.5 200.5 203.7 204.3 205.4 206.6 207.3 206.6 206.4 206.1 205.5 204.7 204 202.6 200.7 198.8 197.4 195.1 192.8 190.2 187.6 184 179.9 184.1
205.2 204.4 203.9 211.1 215 216.9 218.4 218.8 218.2 217.2 214.7 212.1 209.5 206.8 203.9 198.9 194.3 190.1 186 175.7 171 174 171.9 168.6 166.5 165.3 163.9 162.4 160.9 159.6 158.2 156.9 155.2 150.9 151.8 155.6 161 166.4 174.1 181.3 185.5 189 191.6 194.1 195 195.9 194.9 194.1 193.3 192.8 192.9 193.3 192.9 193.8 196.9 200.5 204 204.5 205.1 206.2 207 206.2 205.5 205.6 205.4 203.5 201 200.6 198.7 197.4 196.5 193.6 191.1 188.8 186.8 183.1 177.2 180.9
202.1 200.8 207 210.8 214.8 217.7 219.3 220.9 220.1 218.6 216.6 213.8 211.1 208.4 204.4 200 195.5 190.9 188.7 181.8 172.4 167.7 167.9 164.8 163.4 163.1 162.6 161.1 160.2 159.5 158.1 156.7 154.4 150.7 151.2 153.6 160 165.7 173.9 181 185.3 188.9 191.1 193.2 194.1 194.4 193.2 192.2 191 190.7 191.1 191.5 190.5 192.1 197.6 200.5 204 204.7 205.3 205.7 205.7 205.6 205.2 204.8 204.8 202.2 198.6 198.6 196.7 196.5 194.8 192.4 190.4 188.4 186.2 181.8 177.9 176.9
200.3 197.3 206.2 210.8 214.8 219 221 223 222.4 221.2 219.6 216.6 213.8 210.5 206 201.5 196.9 192.2 189.3 185.9 180.1 176.2 174.2 170.7 161.8 160.2 159.3 158.7 159.2 159.1 158.3 156.1 154 150.4 150.6 152 158.3 165.8 174.4 180.6 185.2 188.4 191 192.1 192.6 192.5 191.8 190.5 188.7 188.6 188.9 189.3 189 192.7 197.8 201 203.3 204.5 205.1 205.6 205.6 205.3 204.8 204.1 203.5 201.2 197 197.3 195.3 193.2 191.5 190.4 190.1 188 185.1 182.5 179.7 174.2
197 197.1 205 210.3 215 219.4 222.8 224.9 225.1 223.7 222.4 219.5 216.6 212.6 208 203.2 198.3 193.4 190.3 186.2 182.4 179.3 176.3 172.6 168.8 165.1 163.1 156.3 154.7 157.6 157.2 155.3 153.3 149.4 149.9 150.4 157.4 165.2 173.8 179.2 184 187 188.7 189.7 190.3 189.8 188.8 187.7 186.4 186.4 186.3 186.5 187.6 194.4 198.1 201.1 204 204.8 205.2 205.7 205.5 205 204.2 203.5 202.7 200.4 195.7 193.8 193.7 187.5 187 187.9 187.7 185.8 183.1 180.6 179.6 177.3
191.9 196.1 202.8 208.9 214.5 218.8 224.2 226.4 226.9 226.3 225 222.6 220.3 214.8 209.3 204.3 199.4 194.7 191.3 187.1 183 179.9 176.9 173.5 169.9 167.1 164 160.5 156.5 154.4 154.7 153.9 151.9 149.1 148.9 149.8 155.7 163.1 169.8 177.6 181.6 184.5 186.2 187.2 187.9 187 186.1 185 184.1 184.3 184.6 185.7 190.2 194.8 199 202.1 204.9 205.6 205.9 206.4 206 205.1 204.2 203 200.9 198.6 195.1 189.9 189.5 184.8 180.8 183 184.3 183.1 181.6 179.1 176.4 175.5
186.4 192.2 200.6 207.1 213.6 218.8 224.3 228.1 227.9 227.4 226.9 225.8 222.7 218.5 212.7 206.9 201 197.2 192.6 188.6 184.5 180.6 177.5 174.3 170.9 168.2 164.4 161.2 158.1 155.5 153.2 149.7 150 146.9 147.7 149.5 156 161.9 168.9 175.2 177.9 181.6 183.7 184.5 184.7 184.2 183.4 182.1 182 182.5 182.7 186.1 190.9 195.7 200.3 203 205.9 206.3 206.9 207.2 206.8 205.9 204.1 203.6 200.3 197.8 194.7 188.3 191.2 188.6 182.9 178.5 177.9 180.3 180.1 177.7 174.7 172.4
182.2 187.2 196.4 204.2 211.1 217.6 222.8 227.9 230.1 229.6 228.8 227.6 225.5 221.5 215.9 210.2 204.1 199.2 194.7 190.6 186 181.7 178.3 175 171.9 168.1 164.2 160.5 157.4 155 152.5 151.9 147.5 146.3 146.9 149.9 157.1 161.7 165.7 170.9 174.2 178 180.1 181.7 181.4 181.1 180.8 180.1 179.9 182.7 185.9 189.7 192.7 197.4 201.9 204.3 206.7 207.3 207.9 208 207.6 206.6 204.1 201.8 200.1 198.2 194.9 188.4 185.8 187.3 186.5 185 176.9 174.7 176.1 175.3 172 168.1
177.6 187.8 195.2 201.1 208.9 216 221.2 226.3 231.8 230.6 229.3 228.5 227.2 224.1 218.8 212.1 206.6 201.4 196.7 192.6 187.4 182.8 179.4 176 171.8 168 164.1 160 156.7 154.3 151.3 149.6 148.3 145.4 144.6 149.4 155.9 160.7 163.8 169.1 171.7 175.9 178 179.5 179.8 179.7 179 178.3 181 183.6 187 191.1 195.3 199.4 203.5 205.8 207.7 208.3 209 208.4 207.4 206.2 204.2 201.6 199.6 197.6 194.7 190.9 183.9 182.7 183.2 183.8 177.2 172.4 170.1 170.5 168.1 163
177 183.1 192.3 198.9 206.7 214.5 219.7 225.1 231.2 231 229.8 229.3 228.4 226.2 221.5 214.6 209.3 204 198.8 194.1 188.9 183.9 180.5 176.9 172.3 168 164 160 156 153.2 150.2 147.6 144.8 145.5 147.7 152.9 157.3 157.5 159.5 167.2 170.6 174 176.7 177.4 178 177.8 177.1 179.6 181.9 184.6 188.1 192 196.3 200.5 204.2 206.9 209.1 209.4 209.7 208.6 207.7 206.1 204.5 202.2 199 196.7 194 190.8 186.3 184.6 176.3 177.8 175.3 171.2 168.8 167.2 165.5 161.9
179.8 173.8 187.8 195.5 203.6 211.2 217.6 223.3 227.6 231.4 230.3 230 229.3 227.1 223.2 217.5 212.2 206.7 200.3 194.4 189.7 185.2 181.5 177.4 172.9 168 163.5 159.4 155.4 152.4 149.1 143.9 144.9 145.5 150.6 155.9 158.8 161.5 163.4 163.5 165.7 168.3 174.9 176.1 176.1 176 178.8 180.6 183.2 185.6 189.2 193 197.2 201.4 205.2 208.2 209.9 210.3 210.1 208.9 207.9 206 204.2 201.9 198.6 195.1 192.4 189.6 187.1 185 179.9 173.3 171.3 171.2 171 168.6 166.4 164.1
179.7 174.6 182.9 192.7 199.9 206.4 212.6 218.4 222.7 227.2 230 229.9 228.4 226.9 224.1 219.2 212.8 206.3 200.3 194.8 190.4 186.5 182.5 178 173.6 167.8 162.8 158.5 154.4 151.7 149.4 143.6 144.3 144.6 155.2 156.8 160.5 164.7 167.7 168.9 173.1 173.9 171.7 175 176 177.5 179.4 181.3 183.2 186.8 191 194 198.1 202.2 206.1 208.8 210.5 210.9 210.5 209.2 207.9 206 204 201.5 198.3 195.2 192 189.1 186.6 184.1 180 176.6 174.7 172.9 169.6 167.1 165.4 164.3
182.7 176.2 178.3 189.8 195.1 201.4 207 212.9 217.8 222.4 225.8 226.7 225.8 224.9 222.2 217.6 211.6 205.8 200.5 195.4 190.7 186.8 182.9 178.7 173.3 167.5 162.4 157.8 153.6 150.2 143.4 143 143.9 144.9 159.4 162.6 165.3 167.5 169.3 170.5 174 175 175.6 175.1 174.9 177.3 179.2 181.1 183.4 187.7 190.2 196.3 200.4 203.8 207 209.3 210.6 211 210.7 209.5 207.7 205.7 203.7 201 197.9 194.8 191.6 188.4 185.1 182.3 178.9 176.2 174.4 171.4 168.3 165.6 163.3 160.6
178.8 175.5 173.4 182.5 189.1 195.9 201.5 207.4 212.7 217.3 221.1 222.6 222.8 221.3 218.5 215.4 210.4 205.6 200.7 196 191.2 187.1 183.2 179.2 173.6 167.7 161.7 156.2 151.8 145.6 142.3 141.9 143.7 144.4 159.5 162.9 166.2 169.1 170.1 171.9 174.5 175.5 176.2 176.6 174.1 177.1 179.2 181.3 183.7 187.9 192.2 197.6 201.2 204.4 207.2 209.9 210.4 210.9 210.8 209.6 207.4 205.4 203.4 200.5 197.5 194.4 191.2 188 184 179.8 177.6 175.8 173.1 169.7 166.2 163.2 160.4 158.6
180.7 176.4 172.4 172.9 182.2 188.7 195 200.8 206.5 211.1 215 217.6 218.2 217.4 214.7 211.6 208.6 204.4 199.8 195.5 191.4 187.3 183.2 179.1 173.8 168 161.8 155.9 149.1 140.9 141.2 142.1 147.1 156.4 162 166.3 169.5 170.6 170.1 171.9 173.9 174.2 174.7 175.3 173.1 176.6 179.6 182.5 185.4 188 192.7 197.1 200.9 204.4 207.1 209.5 210.5 210.7 210.6 209.6 207.3 205.1 203.1 200.1 197.1 193.9 190.8 187 182.9 178.9 175.3 173.3 170.6 167 163.7 161 157.5 157.3
183.1 179.3 175 169.7 179.5 182.3 187.2 193.3 199.2 204.3 208.9 211.7 213.2 212.5 211.5 208.7 205.6 201.7 197.7 193.7 190 185.8 181.7 177.3 172 167 161.8 155.4 141.8 141.1 141.1 147.9 156.3 160.4 165.1 168.4 168.5 171.1 171.2 172.1 172.9 172.7 173.3 172.6 172.9 177.2 180.3 184 186.2 188.1 192.4 196.6 200.9 204 206.7 208.9 210 210.7 210.7 209.4 207.2 204.8 202.6 199.6 196.6 193.5 190.1 186 182.1 178.3 174.6 170.5 167.8 164.3 161.5 158.7 155.5 154.6
186 182 177.7 169.9 168.3 174.4 178.8 185.2 191.5 197.7 202.2 205.7 207.2 207.8 206.5 205.5 202.6 198.7 195.3 192.4 188.8 184.5 180.2 175.4 170.4 165.6 160.2 155.1 140.6 140.7 141.1 148.9 155.2 162.1 166.6 168.3 169 171.5 172.1 173 173.6 173.3 173.1 170.4 175.8 178.5 180 183.7 186 188.3 192.1 196.7 200.8 203.4 206 208.1 209 210 209.5 208.9 207 204.6 202.1 199.1 196.1 193.1 189.2 185.2 181.2 177.1 173 169.5 165.4 162 159.2 156.6 154.5 150.6
189.8 185.3 180.5 176.2 170.6 167.1 169.7 177.5 181 189.2 195.6 199.5 201.7 202.8 202.7 201.1 199.5 196.9 194 191.1 187.4 183.2 178.7 173.8 169 164.2 158.8 151.4 140.2 140.4 140.9 149.8 158.3 166.3 170.1 171.5 172.3 172.4 171.8 172.4 172.6 172.4 170.7 171.8 175.3 177.5 178.9 182.6 185.6 186.5 190.5 195.3 199.7 202.3 204.8 207 208.5 209.1 208.9 208.4 206.7 204.3 201.4 198.3 195.3 191.6 187.6 183.6 179.3 175 170.8 167.9 164.4 160.1 157.4 155 152.6 147.5
192.8 188.6 184.2 180.7 176.8 170.6 166.1 175.5 178.9 179.7 187.1 193.6 195.9 196.9 198 197.2 195.5 194.2 191.4 188.7 184.9 180.7 176.4 172.2 167.5 162.7 157.4 142.3 139.8 138.3 140 150.3 159.5 167 169.6 171.9 172.3 172 171.4 170.3 169.6 170.3 166.2 172.1 174.6 176.8 178.5 180.8 184.2 184.2 188.5 193.3 198.5 201 203.3 205.5 207.6 208.3 208.2 207.9 206.2 203.6 200.4 197.3 193.8 190 185.8 181.5 177.2 173 168.7 165.4 162.8 158.9 155.3 152.8 149.4 146.1
195.5 191.3 187.1 183.1 179.4 176.2 168.1 165.5 171.3 176.8 176.2 185.6 190.7 192.2 193.1 192.7 191.4 191.3 188.9 185.9 181.5 177.5 173.4 169.1 164.9 160.4 156 144.8 139.1 137 138.4 153.8 159.5 165.2 169.6 172.1 171.8 171.5 171.2 169.4 167.2 163.2 171.7 173.3 174.9 174.1 177.9 177.3 181.8 183.6 188.1 192.1 196.5 199.7 201.6 203.6 205.9 206.6 207.4 206.8 205.5 202.7 199.5 196.6 193.7 187.9 184.1 180.3 175.7 171.2 166.7 162.8 159.7 156.6 153.5 150.5 147.9 145.1
197.6 193.7 190.2 186.5 182.6 178.8 174.5 164.5 163.8 163.6 173.4 179.3 185.2 187.8 187.9 188.6 188.1 186.7 184.7 182.6 178.1 174.3 170.2 165.5 161.3 157.4 153.8 150 138 136.6 138.6 151.4 159.6 164.1 168.4 170.5 170.2 170 169.4 168.3 164.5 164.7 169.6 170.7 172.3 170.2 175.4 181.3 186 184.4 189.5 192.5 195.1 197.4 199.5 202 204.2 205.4 206.5 205.6 204.3 201.3 197.6 193.8 190.2 186.6 182.8 178.9 174.8 170.6 166.6 161.7 156.7 153.5 150.4 148.6 146.1 143.8
200.3 196.8 192.9 189 185 181.8 177.9 172.5 165.4 162 167.7 174 179.5 182 183.3 183.4 183 181.7 177.7 174.3 172.7 169.7 166.1 162.1 158.3 154.8 151.2 148.3 140.9 136.1 136.4 149.9 156 162.1 166.1 167.8 167.9 167.9 167.3 166.7 163.7 159.3 165.1 166.8 168.3 169 175.8 180.1 182.7 181.5 188.6 189.3 192.5 195.2 197.7 200.3 202.5 204.3 205.6 204.5 203.5 200.3 196.5 192.9 189.4 185.8 182 178.1 174.2 170.4 166.5 160.7 155.9 151.9 149.7 147.5 144.9 143.2
202.5 199.1 195.1 191.2 187.9 184.5 180.9 177.4 171.6 162.8 159.7 168.7 175.3 177.3 178.6 178.3 176.2 174.4 171 160.8 165.7 164.3 161.5 158.4 155.3 152.1 148.8 146.3 141.1 136.8 136.1 145.6 153 159.4 163.5 165 165.6 165.9 165.3 164.7 164.6 156.5 158.8 164.1 165.9 169 175.3 180.2 179.3 181.8 187 188.4 190.9 193.5 196.2 198.9 201.5 203.2 204.7 204 202.5 199.3 195.6 192.1 188.6 185 181.2 177.3 173.3 168 163.1 158.6 154.4 151 148.5 146.1 143.6 142.6
203.4 200.1 196.6 192.9 190.1 188.1 184.4 180 175.5 170.7 159.5 158.2 163.9 169.7 172.3 170.7 165 157.5 150.4 149.4 148.3 153.3 156.5 154.9 152 148.7 147.6 144.3 140.8 136.9 136.2 136.8 149.8 156 160.4 162.1 163.2 163.5 163.3 163.3 162.8 161.2 154.6 164.4 166.1 169.9 174.9 179 176.8 181.5 185.2 187.6 190.1 192.6 195.1 197.8 200.4 202.3 202.7 203.1 201.5 198.4 194.9 191.3 187.8 184.2 180 175.3 170.7 166.2 161.6 157.1 153.2 150.2 147.2 144.6 143.3 141.9
203.6 200.9 198 194.5 192.1 190.1 187.2 183 179.4 174.1 169.2 162.3 157.3 158.2 158.6 154.7 153.8 152.3 151.9 154.9 146.9 145.6 144.5 143.8 142 141.5 140.6 139.8 138.9 137.1 133.9 135.7 146.2 151 156.3 159 160.1 161 160 159.6 158.9 157.8 151.2 164.8 166 168.1 173.3 174.7 177.6 181 184.1 186.7 189.3 191.8 194.3 196.8 199.3 200.6 201.4 201 199.5 196.8 193.4 189.9 186.5 182.7 178.2 173.7 169.2 164.6 160.1 155.5 152.4 149.3 146.2 144 142.5 141.3
203.7 201.2 198.8 196.2 193.6 191 188.1 186.5 183.2 178.7 173.6 168.3 161.2 156.3 155.2 155 160.2 158.3 161 160 156.8 146.9 143 146.3 146.6 141.1 139.6 137.8 137.3 135.4 133.6 135.3 135.5 146 150.5 154.3 155.9 157.4 156.9 156.7 155.7 147.8 151.3 156.5 160 167.3 173.7 175.3 177.9 182.1 184.2 185.4 187.9 190.3 192.9 195.4 198 199.8 200.1 199 197.4 195.1 191.7 188.2 184.8 180.9 176.6 172 167.5 163 158.4 154.1 151.1 148.1 145.3 143.3 141.7 140.6
202.1 199.9 198.7 196.7 194.1 192 189.4 189.2 186.1 182.2 177.6 173.2 169.3 167.7 166.2 164 164.5 162.8 161.2 158.5 156.7 154 153.4 152 148.9 146.7 143.8 141.6 140.3 139 132.6 134.9 135.2 134 145.2 148.8 151.8 153.1 152.4 150 146.5 146.9 157.8 161.1 164.8 170.8 174.6 176.7 178.9 182.3 182.9 184.3 186.6 189 191.4 194 196.5 197.7 197.8 196.8 195.3 193.4 190 186.5 182.9 179 174.8 170.4 165.9 161.3 157 152.7 149.7 146.7 144.6 142.6 140.9 139.9
200.5 199 197.8 196.3 194.7 192.8 191.1 189.5 187.5 184.7 180.1 176.2 172.7 168.9 166.8 165.6 164.1 162.1 160 157.9 156.7 155.5 153.7 151.8 150.3 148.4 145.8 145 143 141.3 138.9 132.3 131.9 131.8 133.2 144 147.2 149.2 145.1 144.4 151 155.7 152.8 155.9 165.8 170.7 175.7 177.6 179.3 181.7 182.3 183.3 185.3 187.7 190.2 192.6 194.9 195.8 195.4 194.5 193.2 191.3 187.8 184.3 180.8 176.8 172.7 168.6 164.2 159.9 155.6 151.4 148.3 145.8 143.9 141.9 140.1 139
199.2 198.1 196.8 195.5 194.8 192.6 190.4 188.8 187.3 185.7 182.4 178.4 174.2 169.9 167 165.5 163.6 161.9 159.8 157.8 155.8 155 153.8 152.2 152 150 148.4 147.5 145.9 144.3 141.2 134.2 133.4 132.5 131.1 136.9 142.5 144.7 139.7 148.4 151.5 155.2 159 161 166.5 171.6 175.9 178.7 180.5 181.9 182.4 182.6 184.1 186.5 189.1 190.7 192.3 193.9 193.1 192.2 190.9 188.9 185.7 182.1 178.5 174.5 170.4 166.4 162.6 158.2 154.2 150 147 145 143.1 141.3 139.4 138.1
