webserver/python/data/NJ50.asc
ncols 200
nrows 200
xllcorner 350000
yllcorner 800000
cellsize 50
[rows 70 to 104 of 200, columns 0 to 77 of 200]
246.5 243.1 240.6 238.2 237.2 238.8 241.4 244.7 249.8 255.6 258.4 257.4 254.7 250.4 247.7 247.1 247.5 248.5 251.1 255.7 261.2 268.5 278.2 286.6 292.5 295.8 297 294.6 289 282.5 275.6 270.5 269.5 271.6 275.3 279.8 284.2 289.6 296.7 301.5 302.6 303.7 304.4 304.4 307.8 316.6 321.6 324.1 322 316.7 309.5 300.9 292.1 285.6 281.4 279.8 291 298.1 304.5 311.1 317.6 321.4 320.7 313.6 306.6 300.8 295.7 291.1 285.8 284.2 285.4 291.7 296 300.6 303.9 307.1 307.8 307.7
242.5 239.6 236.8 235.3 234.4 236.2 238.7 242.2 247 252.5 252.6 252 249.3 246.4 244.4 243.4 244 245.3 246.6 250.6 255.1 261.8 269.7 277.6 283.1 286.2 288 286 281.7 276.6 270.7 266.2 264.5 265.4 267.4 271.4 275.2 280.2 286.4 290 291.6 292.4 293 292.2 296.1 306.2 315.6 321.2 320.9 315.6 308.6 299.1 279.9 278.1 283.3 291 295.4 301.2 307.6 314 320.8 325.9 324.5 318.6 313.1 309.5 305.7 298.9 292.2 288.1 287.4 293.9 300.6 305.8 311.7 314.6 315.6 314.9
239.9 236.3 233.9 232.6 232.1 234 236.2 239.5 244.2 250 249.6 248.7 246.1 243.5 241 239.1 240.1 241.3 242.8 245.7 250.1 255.9 262.3 268.9 274.7 277.8 279.6 277.6 274.5 270.2 266.1 262.1 260.3 260.8 262 264.5 268.2 272.1 277.4 279.3 281.2 283.1 284.4 285.5 289 297.8 308.6 315.1 316.2 312.8 305.7 295.2 279.8 293.2 292.4 296 299.8 304.5 310.5 317.1 324.1 328.6 329.8 325.9 323.2 320 313.8 304.8 297.1 291.9 292.1 298.4 305.3 311.7 316.1 320.2 322 322
237.2 233.5 231.7 230.8 229.9 231.5 233.8 237.1 242.4 247.5 247.1 246.2 243.4 240.6 238.2 235.8 235.2 237 239.1 241.5 245.2 250.2 256.4 261.9 267 270.3 270.7 269.9 266.9 263.8 260.1 257.8 256.6 257.1 257.6 259.1 261.7 264.6 269.7 270.5 272.2 274.2 276.1 278.1 281.7 287.7 299 305.8 308.8 306.4 299.6 287.7 284.5 297.4 298.1 301 304.2 308.2 313.4 320.4 328 333.9 335.7 334.1 331.2 326.1 317.5 310 302.2 296.5 298.1 304.9 310.4 317 324.2 328.3 328.9 329.2
233.5 231 229.3 228.5 228 229.4 231.8 235.6 241.8 246.5 246.8 245 242.2 239.2 236.3 233.7 232.1 234.2 235.3 237.8 241.3 245.2 251 255.5 259.1 261.1 263.6 261.7 259.3 256.4 254.9 252.9 252.3 252.6 252.7 254.2 256.5 258.6 261.2 262.2 264.1 265.7 267 270.1 274.4 278.8 284.9 292.4 289.6 294.7 289.8 285.9 298.4 302.3 303.5 304.7 307.3 311.8 319.2 327.8 335.4 341.1 343.2 340.6 336.8 329.8 320.3 311.6 305.1 300.6 304 308.6 315.2 324 331.1 334.2 335.9 336.1
231.2 228.6 226.7 225.9 225.5 228 230.4 236.7 243.1 246.3 246.6 244.6 241.3 238.1 235 231.9 229.5 231.5 232.5 234 237 240.5 245 249.2 251.8 253.5 255 253.4 250.7 249.3 248.8 247.5 248 248.3 248.6 249.4 251.6 253 253.1 254.3 254.7 255.6 256.9 260 264 269.9 277 281.2 285.3 284 285.5 297.4 303.2 307.5 308.9 309.5 312.3 318.6 327 335.7 343.5 348.9 350.1 347.2 341.6 331.8 321.6 313.6 308 304.6 307.2 317.4 321.8 330 337.3 340.9 342.5 342.7
227.8 225.5 223.9 223.1 224.2 226.8 231.3 239.9 246.6 247.6 246.9 244.6 241 237 233.9 230.7 227 228.9 230 230.6 233.2 236.7 239.4 243 244.8 246.6 247.4 245.1 241.5 241.8 242.7 243.8 244.5 245.5 246.4 247.1 247.8 247.3 246 245.4 244.9 246 247.9 251 254.9 260 266.3 273.4 278.5 282.6 292.7 300.9 308.8 312.2 313.8 315.1 318 325.6 335.3 344.1 351.5 356.2 356.3 352.9 345.2 333.9 323.4 317.3 312.4 309.6 313.8 320 329.3 336.3 342.8 346.7 348.6 348
225.1 222.6 221 219.9 223.1 226.6 234.3 243.6 248.6 248.6 246.8 244.4 240.8 236.8 232.9 229.4 226.4 226.5 227.1 227.7 229.4 231.9 233.7 236.5 237.6 239.1 239.5 237.4 236 236.6 239 240.9 242.4 243.6 244.5 244.6 243.2 241.7 239.6 237.9 238.1 238.6 241.6 245.4 249.7 255.3 262 270.3 278.4 287 296.6 307.7 316.4 319.5 320.1 320.3 325 334 344.4 353.3 359.7 363.1 363.3 358.6 350.8 340.2 329.4 322.3 316.8 315.9 319.7 327.8 334.4 341.6 347.9 352.9 354.6 354.6
221.9 219.5 217.2 218.9 222.4 227.1 236 245.4 249.3 249 247.1 244.1 240.5 236.1 232.4 229 225.8 223.2 224.2 224.7 226.1 226.5 227.8 229.7 230.5 231.6 231.9 230.9 230.2 232.8 235.9 238.1 240.1 241.6 242.4 241.3 238.7 235.8 233.6 231.6 231.4 232.3 236.7 242.5 248.5 255.4 264.7 274.4 285.7 294.7 304.8 315.9 324.4 327.8 327.1 329.3 333.5 342.9 353.3 361.2 365.8 368.6 369.2 365.7 358.3 349.2 338 328.9 321.6 321.7 327.3 334.9 341.2 347.8 354.8 360.1 362.7 361.9
218.2 216.1 214.2 218.1 221.5 227.7 236.8 245.1 249.5 249.9 248.2 244.9 240.3 236 232.1 228.7 225.6 223.1 220.3 221.5 221.7 224.1 224 225.6 225.1 224.3 224.1 223.4 224.5 228.8 232.4 235.4 237.4 238.9 239.1 237 232.7 229.4 227.5 225.8 226.6 229.7 235.2 242.6 251.3 260.9 271.9 284.2 295.4 305.3 314.4 323.3 331.4 336.5 336.7 338.8 343.1 351.9 360.9 367.5 371.3 374.3 376.4 373.5 367.8 358.9 347.1 337.8 329.2 328.8 333.8 341.5 349.7 357.3 364 369.4 371.6 370.9
215.2 212.4 213 216.6 221.2 228.2 236.9 245.1 249.2 249.5 248.3 245.1 240.8 236.7 232.2 228.6 224.9 221.7 219.1 218.2 219 218.7 221.1 220.9 220.1 218.9 217.2 216.9 219.1 225 229 232 234.1 234.4 233.7 230.8 225.7 222.4 219.9 221.3 225.6 230.6 237.3 246.6 257.4 269.8 283.9 296.3 307 316.7 324.6 332.2 339.9 343.8 346.2 348 351.9 359.5 367.3 373.5 379 382.3 384.6 382.7 378.1 368.9 357.2 346.9 338.5 338 340.8 348.9 358.7 366.9 373.1 378.5 380.9 379.7
210.7 209.8 211.2 214.9 221.5 228.9 236.8 244.1 247.7 248.8 247.7 245.6 241.5 237.4 232.6 227.9 224 220.1 217.4 215.2 215.6 215.9 216.1 216.4 215.4 213.5 212.3 211 213.5 220.1 225.3 228.6 229.9 229.5 228.2 223.3 218 215.9 214.6 220 226.9 234 241.8 253 268.2 283 297.2 308.4 318.4 328.1 335.8 342.6 347.7 352.6 355.1 356.2 359.3 365.9 373.1 379.8 386.7 390.8 392.7 391.5 387.7 378.1 366.6 356.1 348.2 347 349.2 356.9 366.8 376.3 383.3 388.5 390.5 388.5
207.2 204.4 208.7 213.1 220.8 229.5 236.4 241.9 245 245.8 245.7 243.9 241.4 237.7 232.2 227.3 223 218.6 215.7 214.2 213.3 211.9 211.8 211.9 210.3 208 206.3 205.3 209.1 215.9 220.7 223.5 224.5 222.4 218.6 214.7 211.9 211.4 215.6 222.5 230.5 238.3 249.3 264.8 280.8 295.7 309 320.1 329.6 339.6 347.3 353.1 357.5 361.8 364 364.6 366.5 372.8 379.8 387.1 394.8 400 401.1 399.8 396.2 386.8 376.2 365.7 357.8 356 357.3 364.6 375.8 385.5 394.4 399.8 400.9 398.3
203 201.7 206.1 211.2 219.1 227.6 233.4 237.4 241.2 241.6 241.9 241 239.6 236.4 231.8 226.7 222.3 218.2 215 211.1 208.9 208 208 207.7 206.4 203.9 201.4 201 205 210.7 214.7 216 215.7 213.6 210.2 208 206.4 212.3 218.8 226.4 234.8 244 259 275.5 292 306.3 318.8 330.1 340.6 352.1 359.1 365.4 370.7 373.5 374.2 374.3 374.3 380.4 388.8 397.1 403.3 407.6 409.3 408.9 405 396.3 385.7 375.7 367.9 365.6 366.8 374.4 385.8 395.5 405.1 410 411.5 409.4
198.2 199 204 209.1 216.2 223.5 227.5 231.3 236 239.3 239.7 238.7 236.8 234.2 230.3 226 222.1 218 213.4 208.6 204.9 202.6 204.4 203.7 203 200.6 198.3 196.9 200.5 204.8 206.8 207.4 206.1 204.1 204 203.3 208.1 214.3 222.1 229.9 238.8 251.8 267.8 284.7 301.2 315.7 328.2 339.2 353.1 364.6 372.3 379.6 382.9 384.3 384.6 384.8 384.5 389.7 397.8 405.3 411.3 415.3 417.7 418.2 414.2 405.6 395.9 386 380.3 377.3 379.1 386.4 396.2 405 412.1 416.5 418.6 416.7
194.4 197 200.7 205.8 212.2 217.8 221.2 226 231.3 234.9 236.1 235.4 233.8 231.3 227.8 223.7 220.1 215.4 210.8 205.8 203.7 199.2 201.1 200.4 199.3 197.3 194.8 192.8 194.2 197.5 198.7 199.1 198.4 197.2 200.7 205 210.3 217.1 225.3 233.6 244.1 259.1 275.1 292.8 309.4 322.6 335.7 350.8 365.6 376.6 384.8 393.5 396.4 397.8 398.2 396.4 395.2 400.1 406.3 413.4 419.4 424.1 426.5 427 423.1 416.1 407.1 399.8 395.8 391.8 392.4 398.4 404.9 410.2 414.8 417.5 418.7 416.4
189.8 193 196.2 201.9 207.4 211.8 214.9 219.4 224.2 227.5 229.7 230 229.3 227.5 224 220.8 217.7 211.6 206.9 203.1 201.8 196.1 197.5 197 195.7 194.2 191.5 189.6 189.1 189.9 191.8 190.9 191.2 194.4 201.3 206.6 212.4 219.7 228.8 237.6 249.4 263.8 280.9 298.5 313.9 328.3 343.6 359.2 375 388.6 399.7 405 407.3 409.7 411.5 409.3 408.1 411.7 415.4 421.9 428.2 433.5 435.8 435.8 432.4 426.5 419.9 415 410.6 407.4 405.6 407.8 411.4 413.1 413.1 411.1 409.1 407.9
184.7 189.4 192.9 197.4 201.7 205.1 207.9 211.7 215.9 219.6 222.1 223.2 223 222.1 219.9 215.1 211.8 207.4 202.8 199.4 196.2 193.1 193.2 193.2 191.9 190.7 189.1 186.6 185.9 185.1 184.9 186.1 190 195.5 200.4 205 212.5 221.9 231 242.3 253.7 267.9 284.5 301.3 316.6 332.3 349.9 368.8 384.2 399.3 408.7 413.8 417.1 420 422.1 422.1 420.4 423.2 426.6 431.1 437.2 443 446.1 446.1 442.7 438.1 433.4 429.8 425.4 420.5 416.4 414.4 413.9 412.7 407.2 402.4 398.3 395.5
183 185.7 189.4 193.4 196 198.2 201 204.2 208 211.5 214.6 216.4 216.8 215.9 213.1 209.8 206.1 202.1 198.4 195.2 191.8 188.7 189.6 189.2 188.3 187.1 185.9 184.4 183 182.6 183.1 185.9 190.3 195.6 201.1 206.9 215.9 224.3 232.9 244.6 258.1 272.8 288.8 304.9 321 338.9 357 375.6 393.5 407.2 416.6 421.6 425.4 428.6 431.7 433.2 431.8 433.6 437.7 441.7 446.8 451.9 455.4 455.6 452.8 449.1 446 443.4 440 434.5 425.8 418.9 414.5 408.1 399.5 390.6 384.8 380.7
179.8 181.6 185.8 189.5 192.1 193.5 194.9 197.9 201.7 206.3 208.7 210.2 209.2 209.1 207.1 203.7 200.9 197.6 194.4 191.2 187.8 184.1 183.7 185 184.6 183.5 182.3 181.2 180.3 180.3 182.1 186.3 190.7 196.3 202.4 209.4 217.5 226.5 237.7 249.6 264.9 280.3 295.7 311 328.9 347.3 365.5 383.4 399.8 413.4 422 428.1 432.9 436 439.7 441.9 441.7 441.7 445.6 449.8 454.4 459.9 463.7 464.3 461.6 459.1 457.6 456.1 452.6 444.6 434.9 423.3 413.5 402.7 391.8 380.2 371.2 365.1
179.1 180.3 183.5 185.6 187.8 189 190.3 193.4 197.1 199.9 202.2 203.5 203 202 200.7 198.1 195.3 192.6 189.9 187.1 184.2 181.2 179.3 180.7 180.3 179.9 178.8 178.3 178.2 178.8 182.2 186.4 191.2 196.9 203.9 212.2 220.7 230.8 244 258.3 273.5 288.8 304 319.4 337 355.5 374 390.2 407.2 419.4 427.3 433.5 439.7 444.1 447.6 449.6 450 450.1 451.4 455.3 460.5 465.4 469.3 470.5 469.5 468.9 468.9 466.5 459.6 450.1 438.5 426.4 413.6 398.2 384.9 371.1 356.4 344.5
177.3 180.3 181.9 182.8 183.7 185.2 186.8 188.9 191.8 194.1 196.2 196.9 196.1 195.3 193.7 191.6 189.4 186.8 184.5 181.6 180.2 178.4 176.2 175 175.8 176.5 176.5 176 176.6 179.1 183.2 188.2 193.4 199.3 207 215.1 223.5 237 252.3 267.1 282.4 297.7 312.9 327.9 344.9 363.3 381.6 397.9 414.1 425.5 432.5 438.6 444.3 449 452.7 454.5 454.9 455.4 456.7 459.1 462.8 467 469.9 471.4 472 472.4 472.2 466.6 456.9 446.3 435.5 425.2 413.2 397.3 378.9 360.6 344.5 334.9
177.4 179.8 180.2 180.3 180.6 181.5 183 184.4 186.2 187.9 189.4 189.9 189.3 188.5 186.7 184.4 182.5 180.8 178.7 177 176.3 175.6 173.4 172.9 173.7 173.7 173.5 173.2 176.8 181 185.8 190.6 195.5 201.2 208.6 217.1 228.5 244.3 260.8 276 291.3 306.4 321.2 336.2 352.5 370.9 388.8 404.8 420 429.7 436.2 441.4 446.6 450.9 453.9 455.5 456.5 457.2 457.4 458.7 460.7 462.8 464.3 465.2 465.7 466 462 454.4 443.3 434 426.7 416.9 407.5 392.6 372.1 353.3 337.7 325.8
175.5 177.3 177.7 178 178.4 178 178.7 179.5 180.1 181.2 182.3 182.9 182.4 181 179.3 177.3 175.7 175.1 174 173.5 172.6 171.8 171.2 169.7 170.7 170.6 169.7 174.2 178.6 183.1 188 192.1 196.7 203 211.2 221.6 236.4 252.1 269.7 285.1 300.3 315.5 330.3 345 360.7 378.9 396.2 410.5 424.1 432.4 438.7 442.4 445.5 449.1 451.8 453.2 454.2 454.1 453.9 453.4 453.7 452.5 453.1 452.7 452 449.8 445.7 436.8 428.5 420.6 412.2 404.2 395.9 381.4 364.1 347.8 331 318.9
172.6 174.8 175.3 176 175.2 174.8 174.5 174.7 174.6 174.3 174.9 175.5 174.7 173.1 171.7 171.3 171.1 171.2 172 171.2 170.9 170.2 169.1 168 167.7 167.3 170.2 174.3 180.4 185.1 189.3 193.3 198.7 206 214.9 230.3 245.1 261.5 279.7 295.8 310.2 324.6 339.2 353.9 369.4 386.6 400.4 412.2 423.3 431.3 436.6 440.3 443 446 447.1 448.1 447.9 447.5 446.8 445.3 442.8 440.8 438.6 436.4 432.9 429.4 423.9 416.8 410.6 404.4 398 391.2 382.7 370.2 356.4 341.3 324.9 312.3
169.6 171.1 173 174.3 174 172.6 171.9 171.3 170.5 169.2 168.6 168 167.5 167.4 167.1 168.3 169 169.6 169.9 169.6 169.3 168.8 167.7 166.5 165.6 167.4 170.8 175.1 181.1 186.3 191.2 195.5 200.9 208.4 221.4 237.2 253.1 271.3 290.2 307.1 322 336.2 350.4 364.5 378.9 393.1 403 409.9 415.4 423.7 431.9 436.7 440.2 441.6 442 441.1 439.1 437.4 435.3 431.4 427.1 422.4 420.1 418.3 414.4 410.4 404.2 399.1 395.6 392.1 387 380.1 371.8 361.2 349.1 334.9 320 306.8
166.1 167.7 170.3 172.2 171.8 170.3 169.6 168.8 167.6 166.4 165.2 164.4 164 163.8 165.1 166.6 167.8 168.3 168.2 168 167.8 167.3 166.2 165.4 164.4 167.9 172.2 176.3 181.6 186.7 191.6 196.5 202.9 211 226.3 243.3 260.2 280.2 301.9 318.9 333.8 348.1 362.9 376.1 386.4 397.7 404.3 407 409.7 416.3 424.5 431.1 434.1 435.8 435 432 426.1 423 420 414.5 408.6 404.4 401.5 400.2 396.8 393.7 390.7 387.5 384.6 381.7 376.9 371.7 363.6 354.3 342.1 328.2 313.4 301.9
163.8 165.8 167.8 169.3 169 168.5 167.5 166.4 165.1 163.7 162.3 161.1 160.8 161.2 162.7 164.2 165.5 166.7 166.5 166.3 166.1 165.7 164.8 164.1 163.3 167.7 171.8 176.3 182 187.1 192 197.2 203.5 213.5 229.5 246.8 265.4 288.6 310.5 328.5 343.8 359.2 375.1 384.7 391.5 400.3 405 404.4 403.5 408.4 415.8 421.2 424.3 426.5 424.8 418.3 411.2 406.9 401.9 396.2 391.3 388.7 387.4 387.1 385.8 383.3 380.8 378.1 375 371.4 367.5 363.4 356.4 347.2 335.7 320.9 308.8 297.5
161.9 165.2 167.2 168.1 168.6 167.9 166.5 165 163.9 162.8 161 158.8 158.3 158.5 160 161.4 162.6 164 164.9 164.7 164.5 163.7 162.8 161.9 162.7 166.6 170.8 176.1 181.7 186.8 192.2 197.3 203.8 214.7 230.9 249.1 269.8 293.9 315.4 334 350 366.3 380.5 387 392.4 397.1 398.5 398.1 394.4 399.9 406.3 411.2 413.9 413.3 410.9 406.2 400.8 395.1 389.7 384.6 381.9 381.1 380.9 380.9 379.3 376 372.5 369.9 366.9 363.7 359.9 355.8 349.5 341.3 330.3 317.4 305.4 293.6
161.7 165.6 167.6 169.1 169.8 168.2 166.5 164.7 163.3 161.9 159.9 157.4 155.8 155.9 157.2 158.5 159.7 161 161.9 162.7 162.7 161.7 160.8 159.8 163 166.7 169.5 173.7 179.3 184.7 190.3 196.9 204.4 215.7 231.4 250.6 271.6 295.1 316.4 334.6 351.2 367.3 379.4 385.8 387.8 388.9 391.1 388.1 384.8 390.7 396.8 400.7 402.8 402.8 400 395.4 390.3 384.7 379.3 374.8 374.3 376.4 375.7 375.3 373.6 369.8 366.2 363.1 360 356.4 352.7 348.7 344.2 335.3 326.9 315.6 303.8 291.9
162.9 168 170.6 171.2 169.9 168.4 166.5 164.7 162.7 160.9 158.4 155.6 153.2 153.2 154.3 155.5 156.8 157.8 158.6 159.5 160.3 159.7 158.7 157.7 162 164.8 167.8 171.5 176.9 182.6 188.9 195.8 203.9 214.8 230.4 249.9 270.5 291.6 311.7 330.5 347.6 363.4 374.2 379.3 380 380.2 380.3 379.2 375.4 381.7 387.1 390.6 391.7 391.3 388.3 384.4 379.6 374.4 370.2 368.4 369.5 371.8 371.7 371 368.4 364.5 360.1 356.7 352.9 349 345.2 341.5 337.9 331.4 324.2 315.8 304.2 292
166.6 169.9 171.7 171.7 170.2 168.6 166.4 164.2 162.1 160 156.3 152.6 150.5 150.8 151.5 152.5 153.7 154.5 155.3 156.2 157.1 157.5 156.6 156.8 159.7 162.6 165.6 169.7 174.9 180.5 187.5 194.3 202.5 212.7 226.9 244.8 264.9 284.6 305.1 324.2 341.8 356.7 365.8 370.2 371 371.3 371.2 370.7 367.5 372.1 377 379.7 380.4 379.9 377.5 372.4 368.7 366.7 364 361.7 365.3 367.8 368.1 366 363 360.3 355.6 350.4 346 341.7 337.6 334.2 330.8 327.9 321.9 314.1 303.4 292.9
165.5 170.6 172 172.7 171 168.4 166 163.7 161.5 158.8 155.2 151.6 149 148.4 149.2 149.9 150.5 151.1 151.9 152.9 153.8 154.4 154.7 153.9 156.7 160.7 163.7 167.3 172.7 178.3 186 193 200.8 210.5 223.5 239.3 257.5 276.9 297.8 317.4 333.6 346.4 354.5 359.9 362.1 363.2 363.4 361.7 359.6 363.3 367 368.7 369.3 369.4 367.5 362.3 359.8 361 359 357.9 363.2 366.7 367.6 366.6 362.3 357.4 353 345.9 339.6 334.3 330.2 327.4 324.3 322 318 309.4 300.1 290.6
167.6 170.6 170.6 172 169.2 168 165.7 163.3 161 158.1 154.4 150.5 147.4 146.7 147.2 147.9 148.4 148.8 149.3 150.2 151.3 151.9 152.4 152.4 155 159 161.9 165.6 170.6 176.1 183.7 190.7 199.4 209.1 220.2 234.3 251.7 272.2 292 309.3 324 335.4 343.3 349.5 353.1 354.9 354.6 352.6 351.1 352.7 354.9 355.2 355.2 355.7 355 353 352.8 352.6 354.7 357 361.9 366.1 368.3 366.9 362 355.7 350.1 342.4 335.5 328.8 323.3 319.6 315.5 313.9 310.1 303 295.9 288.2
167.1 169.8 170.7 171 168.3 167.1 165.4 163 160.7 157.1 153 149.1 145.9 145 145.4 145.9 146.3 146.8 147.2 148 148.9 149.8 150.6 150.6 153.7 157.3 160.6 164 168.3 173.8 181.3 188.4 197.3 207 217.7 230.3 248 267.7 286 300.9 313.7 324.1 333.5 339.2 343.2 345.6 345.8 342.6 338.2 338 338.6 338.9 339.6 341.9 342.7 346 347.3 350.1 353.1 356.8 361.9 366 368.2 366.8 361.1 352.9 346.8 339.1 331.6 324 317.6 313.1 309.7 305.6 301.7 297.5 291.1 284.5
