webserver/python/data/NJ51.asc
ncols 200
nrows 200
xllcorner 350000
yllcorner 810000
cellsize 50
[rows 70 to 104 of 200, columns 0 to 78 of 200]
411.5 432.5 453.5 472.9 486.8 498.9 510.6 520.4 515.1 505 491.7 472.2 453.4 433.6 413.8 396.1 376.5 358.4 342.1 320.8 303.8 290.4 278.8 266.7 252.3 240.5 240.5 239.6 240.4 245.6 250.3 254.5 255.2 251.7 248.7 244.3 241.1 240.6 242.5 242.7 245.9 249.3 257.7 264.9 271.9 275.5 281.9 289.9 292.2 288.7 284.3 282.9 285.9 287.9 279.7 270.8 261.9 253.5 241.2 227.7 217.1 208.3 203.5 203.3 207.2 212 212.6 212.9 211.7 209.8 204.9 199.9 194.2 187.1 179 173.8 169.2 166.4 163.9
422.6 443.6 463.7 479.1 494.2 506.9 517.9 525.4 519.4 509.6 492.7 474.8 457.2 438.1 417.3 401.3 379.9 360.3 343.5 323.2 302.4 291.4 276.6 261.7 254.3 254.1 253.2 252.6 254 259.4 267.6 274.2 273.6 269.7 264.1 259.2 259.3 258.7 257.8 258.5 262.5 269.5 276.1 281.9 289.3 294.2 298.6 307 307.6 302.2 297 294.2 296.1 296.1 289 278.6 270.7 260.2 247.1 235.9 224.7 215.7 210.8 210.1 213.3 219.4 220.9 219.8 217.9 213.7 208.6 203.5 197.5 188.4 179.8 174.6 170 166.4 163.7
433.4 454.6 473.9 486.9 502.7 514.5 523.7 531.1 526.5 514.9 496.3 478.3 458.8 441.7 421.2 400.6 379.1 363.3 343.5 322.4 302.3 289 276.5 273.4 272.7 273.1 268.5 266.1 268 272.8 282.4 291.4 292.8 287.2 280.8 281.7 280.1 276.1 274.9 277.3 280.5 287.7 295.5 301.3 306.6 310.6 316.5 322.5 320.1 315.9 310.8 306.2 305.3 304 297.3 287.9 278 268.2 255.3 241.8 231.1 225.7 227 221.3 221.9 229.2 231.1 227.3 221.9 217.2 211.3 205.2 197.6 188.8 181.4 175.6 171.1 167.6 163.2
444.2 462.7 478.6 494.9 507.7 518.5 527.9 532.8 529.6 518.2 497.8 480.8 460 439.5 421.9 402.4 380.4 359.7 343 319.6 301.1 296.5 291.4 286.9 284.8 284.8 284.3 283.3 285.8 290.8 296.2 306.6 311.4 308.3 301.4 300.6 302.1 302.4 299.5 298.9 302.6 306.4 311.2 320 323 328.4 331.6 336.3 336.1 328.9 323 315.9 312.4 311.8 306.3 295.6 284.7 275.6 264.5 253.4 246.9 242.4 241.8 234.2 230.5 231.9 231.6 229.3 224.1 217.9 212.8 206 198.6 189.6 181.7 177 172.3 169.6 164.1
453.7 469.2 481.5 494.5 508.5 521.4 528.2 531.4 527.8 518.6 501.3 479.1 459.2 439.5 421.1 400.4 379.6 359.4 339.5 318.3 314.8 313.3 310.5 305.7 299.2 298.5 298.5 298.1 300.7 305.2 310.6 320.5 323.2 322.2 321.8 320.4 317.9 317.7 314.8 315.2 316.7 321.8 326.1 331.4 335.6 340.4 343.8 345.7 345.6 342 335.7 323.2 316.9 314.4 310.8 302 289.8 281.5 270.9 261.9 256.9 251.6 250.7 241 236.1 234.3 232 230.1 224.4 218.4 213 205.8 198.2 190.4 182.3 177.1 172 168.2 163
455.6 471.2 480.8 493 506.9 518.8 526.5 530.4 526.7 517.7 499 480.8 457.5 439.1 419.8 400.6 378.5 356.5 337.9 335.6 334.3 329.5 325 322.6 317.3 313 313.8 313 314.7 320.2 326.1 330.2 333.4 337.6 336.7 334.9 331.1 328.7 327.5 325.4 325.9 327.9 332.5 337.8 342.3 345.4 348.2 349.7 350.5 347.7 341.3 332.7 320.8 316.1 312.9 307.4 293.6 283.1 275.6 268.3 263.7 259.7 254.8 246.7 239.4 236 232.7 229.1 225.2 219.2 212.4 205.5 198.3 190.5 181.9 176.1 171.4 167.3 163.1
454.6 469.4 478.2 491 502.4 512.4 521.6 526.3 522.9 515.1 497.8 481.8 460.8 441.5 422.3 403 381.4 362.1 353.7 354.3 351.5 348.3 344.6 339.1 334.6 332.3 330.7 329 329.9 335.5 338.9 342.7 346.6 348.7 346.8 344.3 340 337.3 334.5 331.2 329.6 331.9 335.3 339.8 342.4 344.9 348 350.1 351.7 349.7 343.6 335.8 325.2 316.7 311.9 304.8 294.1 285.3 279.6 272.7 267.3 263.8 259.8 252 242.9 237.2 232.6 231 227 218.2 211.2 205 198.3 189.4 181.1 175.7 171 167 163.9
451.4 463.8 474.4 483.6 495.7 505.7 516 520.9 519.6 514.1 501.9 487.4 466.5 447.1 425.6 405.7 386.7 372.9 374.4 372.4 367.3 365.2 360.9 356.3 354.1 349.3 348.1 350.1 349.5 350.6 351.9 355.9 358 358.1 355.5 350.6 345.1 341.7 338.2 333.2 330.8 330.9 334.3 337.1 338.5 341 343.8 347 349.8 350.1 343.1 335 326.9 319.7 315.6 306.8 295.2 288.4 282.3 277.4 270.3 266 261.5 254.5 248.1 238.7 233.8 229.7 221.2 214.1 207.6 201.5 196.1 188.2 179.7 175 170.3 167.3 164.9
446.9 456.9 470.2 476.9 487 496.3 506.9 513.8 515.1 512.8 504.7 490.3 473.4 454.4 436.9 413.7 397.8 392.9 391.8 390.8 387.6 383.9 377.4 374.3 372.2 370.4 367.9 368 366.3 366.5 366 368.4 368.4 367.6 362 354.1 347.3 342.7 338.3 333.3 329.6 329.6 331.2 332.2 333.3 335.2 337.6 341.4 345.7 346 342 338.8 329.4 322 315.5 307.6 297.2 289.3 280.2 276.4 271.6 267.7 262.4 255.8 249.1 240.6 233.4 225.4 218.5 210.4 204.3 199.2 194.2 186.8 178.4 173.6 169.5 167.9 165.7
439 449.8 460.1 470.9 478.7 486.6 495.8 504.1 509.7 510.9 505.7 494.8 482.4 463.9 447.1 430.1 417.4 412.9 412.8 411.3 406.9 402.8 398.2 393.9 388.6 386 384.6 381.4 378.4 379.6 380.7 380.1 378.4 374.5 366.1 357.3 349.8 343.1 337.7 332.4 328.6 327.7 327.7 327.2 328.2 329.1 332.8 336.9 340.9 342.1 342.3 341.6 333.4 321.4 314.1 307.8 299 288.3 278.9 274.2 270.7 266.2 259.6 253.6 246.3 239.3 232.3 223.3 214.4 207.5 201.8 197 192.1 185.8 178.7 174.2 171.4 168.5 166.7
433.2 440.7 451.8 460.8 469.9 477 486.7 497 503.5 509.7 509.9 500.3 487.9 474.2 460.1 449.9 438.5 434.2 432.3 430.1 426.2 419.2 413.3 408.6 403.8 398.8 395.9 394.7 390.9 390.7 390.9 389.7 387 381.3 372.5 362.4 353.7 344.2 337 332 327.4 324.4 322.4 322.5 323.9 324.7 327.5 331.6 336.2 340.6 341.8 341.6 334.2 322.7 314.1 308.1 299.1 290.3 279.7 273.2 268.9 262 255.1 249.2 242.7 236.6 230.2 221.4 212.8 205.9 200.5 194.9 190.2 185 179.8 175.3 171.6 168.8 168.3
427.4 435.1 444.3 453.6 458.4 468.7 478.3 488.7 497.7 504.1 507.1 501.4 493.9 484.7 473.4 462.6 454.8 448.6 443.6 440.7 437 431.4 426.6 419.9 414.2 409.1 404.7 402.4 399.9 399.8 399.9 397.9 394.6 388.1 378.6 369.6 361.7 347.4 336.9 330.7 326.2 322.9 319 318.2 319.3 320.1 322.3 326.6 330.7 336.1 340.8 340.6 333 322.9 314.6 307.4 299.5 291.1 282.1 272.1 262.9 254.6 247.8 241.6 237 231.6 225.7 218.2 210.2 205.2 199.8 194.1 188.8 184.6 180.5 176.7 172.7 171.2 168.8
418.5 427.3 434.8 444 452.2 461.3 472.7 481.5 490.8 498.9 502.4 501.8 499.6 491.5 482.8 473 463.5 456.8 449.5 446.2 440.9 436.5 430.5 427 420.1 414.3 410.8 408.7 406.1 404.6 404.2 402.5 400.5 392.9 383.6 374.1 364.2 353.7 339.2 330.7 323.9 321.5 317.5 313.9 313.1 313.2 317.5 321.9 326.3 330.5 333.5 334.1 329.8 320.5 312.2 306.2 301.1 293.7 283.3 272.7 262.8 254.7 248.3 242.2 236.7 231.9 225.3 218.6 211.1 205.6 200.3 194.8 189.7 185.2 180.9 178 174.7 172.5 170.9
410.3 418.2 426.6 435.1 442.5 453.5 466.4 475.5 486.6 494.9 500.9 502 502.4 499.9 490.6 482.2 469.5 461.5 454.2 446.8 439.8 433.6 428.6 423.2 418.1 413 410.5 408.3 406.3 404.8 404.4 403.8 401.9 396.8 388.4 379.1 366.6 355.3 342.8 332.3 322.7 317.2 310.5 307.7 306.9 307.7 312.9 317.2 321.4 324.6 327.5 330.7 327 320.7 313.4 305.1 298.7 292.1 282.4 271.7 262.2 253.8 246.8 241.8 237.5 232.3 226.3 219.9 212.8 206.9 201.4 195.9 191.2 187.1 183.1 179.9 177.1 175.3 173.5
401.6 408.2 416.2 425.6 436.3 447.8 458.1 470 480.5 489.1 495.9 500.6 501.6 501.4 496.8 485.7 474.7 461.8 453.7 444.2 435.8 429.1 422.6 418 412.8 408.8 404.7 401.7 402.9 402.4 402.5 402.2 401.2 395.8 388.8 382.5 367.3 354.2 343.3 333.8 323.6 315 307.5 300.7 300 301.3 305.5 310.2 314.1 318.1 321.6 323.9 324.3 321.2 314.2 307.3 298.7 291.7 283.4 273.6 263.6 253.5 245.6 239.9 235.1 230.4 225.9 220.3 214.3 207.9 202.5 197.7 193.2 190.1 185.8 181.7 178.9 176.9 176.5
393 398.8 406.9 416.9 428.2 440.2 450.8 461.7 474.1 480.8 487.6 493.7 499.5 501.1 496.7 488.7 476.2 461.9 450.1 441 430.2 421.7 415.9 411.1 405.7 402 398.3 395.3 396 396.3 395.7 396.2 395.3 389.6 383.2 378.7 367 353.6 343.3 334 323.5 314.1 306.1 297.6 294 294.8 298.5 303.6 307.2 310 312.7 316.7 318 317.7 313.5 309.8 302.4 296.8 289.3 280 267.3 255.4 246.5 239 233.5 229.2 224.1 218.8 213.9 208.8 203.3 199.3 195.5 191.8 188.5 184.4 181.2 179.5 179.1
382.3 388.7 398.1 408.5 419.6 431.6 443.1 453.4 463.1 472.7 480 488.5 493.5 496.9 493.2 484.5 472.8 460 446.8 435.2 424.7 416.5 410.3 404.3 397.9 393.7 389.1 387.2 386.4 386.7 386.5 385.7 385.9 384 381.2 375.8 366.5 355.4 344 332.7 321.2 312.7 303.9 295.6 290.2 287.8 289.8 296 300.5 301.9 303.9 306.3 309.7 311.5 311.2 311.2 306.2 301.1 294.8 287.2 275 261.1 251.7 241.9 236.2 230.2 224.5 219.5 214.2 210.1 205.1 201.1 197.1 193.6 190.1 187.1 184.3 182.5 182
372.1 380 389.4 400.1 411.3 422.1 433.9 446 455.7 464.7 474.7 483.3 489.7 492.7 489.5 481.9 468.1 455.6 442.3 430.6 418 409 398.6 392.9 387.9 383.7 378.1 376.4 375.7 375.3 374.6 373.8 374.8 374.4 374.2 371.5 364.7 355.7 345.8 333 319.8 310.4 301.6 293.6 288.6 281.9 282.4 289 292.5 295.1 296 296.4 299.4 303.9 306.5 308.8 305.6 299.9 294.9 287.1 276.9 265.7 254.6 245.1 239.6 233.6 226.8 220.3 215.8 209.6 206.4 202.4 198.3 194.8 191.9 189.5 187.2 185.8 185
363.4 372.7 382 392.5 403.5 413.8 424.7 438 450.5 459.2 470.3 478.5 486.3 489.9 486.6 477.5 465 450.6 435.5 421 407.4 395.9 387.8 381.9 376.7 372.6 367.5 364.5 363.2 362.3 361.6 360.4 360.8 361.7 362.1 360.6 357 350.4 341.9 331.7 320 309.3 299.8 291.3 285.7 280.7 278.6 280.4 283.5 288.2 288.3 289.2 288 292.9 296.3 300.3 301 301 295.7 288.4 279.8 267.1 256.3 246.8 241 235.9 230.1 224.3 219.2 212.9 208.4 204 200 196.8 195 192.3 189.7 188.2 188
355.6 365.1 372.9 384.3 394.3 404.2 416.2 432.1 445.6 456.3 467.6 476.7 483.2 486.2 483.7 474.9 462.6 445.9 431.6 415.1 402.1 391.3 382.4 374.7 366.7 361.4 356.6 352.3 349 348.5 347.7 344.4 345.8 347.1 346.3 344.8 345.7 343.8 339.8 330.4 321.5 311.5 301.3 291.2 285.1 279.5 276.7 274.2 275.3 278.8 279.4 280.3 280.8 283.8 286.1 290.4 295.4 295.1 291.9 285.7 277.5 268.8 258.1 250.6 245.6 238.5 233.4 228.9 224.1 219.6 213.2 208 203.2 199.4 198.2 195.7 193.2 191.7 190.9
345.2 353.7 363.5 371.5 381.8 393.9 409.3 427.1 439.8 454.2 466.6 477.2 483.6 484.9 482.4 475 464.3 449.6 433.1 415.3 402.9 390.3 379.9 371.2 361 352 348 342.1 338 335.9 333.4 332.5 331.7 331.8 332.1 333.4 334.2 334 331.6 326.8 319.5 310.8 301 291.1 284.5 280.4 275.4 270.8 270.8 269.6 269.2 271.1 273 274.5 276.9 280.9 287 288.9 285.6 280.2 274.6 269.3 262.4 255.7 251.4 245.5 240.5 236.3 230.8 227.8 221.9 215.8 209.7 206.3 202.3 200 197.8 196.1 194.6
338.1 344.4 356.8 369.1 386.7 398.4 413.8 428.5 441.2 453.2 465.1 477.4 485.5 487.7 483.5 477.2 469.2 455.8 439.9 420.9 406.6 394.6 382.5 374.9 365.8 357.7 346.7 340.5 335.5 328.8 326.2 320.8 320 319.4 321.5 322.1 323.7 325 325 321 315.9 308 298.6 290.2 284.1 278.8 274.7 270.5 269.5 269.3 268.1 268.1 268.5 266.9 266.7 273.2 278.7 281.4 280.9 281 278 275.1 269.1 262.2 258.1 254.8 249 245.2 240.4 234.5 230.7 223.6 216.4 211.3 208.3 206.2 202 199.4 197.4
351.4 362.1 372.1 384.9 396.4 407.3 417.9 430.9 442.7 453 465.2 476.9 485.5 490.4 486.9 481 473.5 462 447.6 432.6 413.3 400.9 391.2 380.6 371.4 364.3 356.6 346.7 340.2 333.2 325.8 321.6 317.6 311.2 309.1 311.1 315 315.7 315.3 313.3 309.7 303.7 295.7 290 283.1 278.6 277 273.5 273.7 270.8 268.8 268.7 266.6 260.4 258.6 261.6 271.3 278 281.3 281.9 282.9 280 275.8 269.7 265.9 265 260.7 256.1 251.7 246.2 238.9 234.1 226.2 219.3 215.2 211.1 206.9 202.7 199.5
373.6 380.5 388.3 397.1 406.4 415.2 424.4 434.6 443.8 453.3 464.1 474.5 483.4 490.9 489.5 482.5 474.3 463.7 450.9 436.2 418.9 404.5 390.7 381.9 374.2 366.7 360.1 353.5 348.5 340.3 331 324.3 318.7 312.2 307.7 301.7 303.1 306.5 306.2 304.2 300.4 294.5 289.7 281.7 279.1 278.5 279.1 280.5 283.3 282.3 278.1 273.3 269.6 265.6 260.2 259.2 262.2 273.2 280.3 285.4 288.7 286.5 283 279.5 276.3 275.4 270.2 265.5 261.1 255.5 247.7 241.3 235.3 228.3 221.8 216.6 212.2 207.5 204.4
382.8 392.1 399.9 407.2 414.2 420.9 427.9 435.8 443.5 452.6 460.2 470.6 479.1 486.4 488.7 483.6 476 463.9 452.1 438.3 422.3 405.6 391.7 382.7 375.2 368.2 361.2 356.2 352.4 346.7 337 328.5 318.5 312.4 306.6 301.2 298.9 298 295.2 293.1 290.6 288.9 286.8 281 281.8 285.5 289.8 291.4 292.2 290.1 286.9 282.1 277 271.4 264.3 258.9 258.3 265.3 276.6 286.3 291.9 293.1 291.1 288.6 286.7 283.3 278.1 274 268.6 262.6 255.6 248.2 241.9 235.3 228.3 221.8 216.2 211.4 207.2
391.6 400 406.1 412.2 417.5 423.2 428.8 434.6 439.8 449.7 456.6 464.6 473.1 480.1 483.1 481.1 474.3 462.1 451.4 436.1 420.3 405.7 391 382.1 375 368.9 361.5 356.4 352.3 347.9 340.4 330.2 319.4 312.5 307.5 301.9 299 294.8 290.9 290 289.6 289 288.3 288.1 291 295 298 300.6 300.3 296.9 292.1 286.5 278.8 272.4 265.5 260.3 258.1 261.2 275 284.9 294.3 299.4 299.2 295.7 292.4 288.2 284.3 280.3 274.1 267 261.6 255 248.5 241.2 234.3 228.8 221 214 209.1
392.3 401.1 408.9 414.4 419.2 423.1 427.5 431 434.6 439.7 449.2 456.4 466.4 474.6 477.8 477.9 469.2 458.6 446.9 433.8 418.7 404.5 392.7 382.8 376.2 370.1 360.3 355.5 351.5 347.6 339.7 331 321.8 314 308.1 300.5 299.1 296.7 295.2 294.8 295.1 296.4 298.1 299.4 301.6 303.9 306.7 307.4 305.4 300.8 295.5 287.4 280.2 271.4 265 260.1 257.5 259 274.4 285.6 295.4 302.4 305.7 303 298.9 294.7 289.3 284.8 278.5 272.1 265.4 260.5 253.6 245.8 240 232.6 224.1 216.9 211.6
387.1 398.1 407.2 413.1 417.4 420.8 422.8 426.1 429.9 432.8 439.1 449.6 458.5 468.6 472.4 470.7 463.7 454.6 442.9 428.9 418.3 402.7 392.5 383.1 375.6 367.5 359.5 353.6 348.2 343.8 338 330.2 321.8 311.2 309.1 305.5 305 303.8 301.6 302 304.7 307.5 309.8 311.1 311.9 312 313.7 312.4 309.2 303.4 295.7 289.2 280.1 270.4 263.5 258.6 251.7 253.7 273.7 286.9 296.5 304.4 310.2 309.9 303.4 297.9 292.6 286.5 280.9 274.8 268.6 263.4 258.5 251.4 244.1 235.8 227.5 219 214.7
381 390.6 398.7 405.7 409.9 413.9 415.5 420.4 421.9 426 431.7 440.9 453.6 463.3 468.9 467.7 462.4 453.7 439.1 425.3 413.4 402.3 392.3 381.8 374.8 367.7 359.9 352.8 346.3 340.7 334.3 326.5 320 309.1 315.5 316.2 313.2 312.4 310.3 312.3 315.4 317.7 319.9 320.5 320.9 320.2 319.2 315 310.4 304.1 296.1 287.7 280 270.1 261.5 256.4 251.5 250.8 271.2 286.2 296.3 304.5 309.2 308.9 303.2 298.7 292.7 286.6 280.7 273.8 269 264.6 259.5 253 247.1 239.8 230.8 220.8 216.8
373.2 381.5 388.9 396.3 400.7 403.2 405.7 410.5 413.9 419 429.2 441.6 452.8 461.1 464 462.6 459.6 449.4 439.2 425.7 412.6 403.2 394.8 386.8 378.5 370.2 362.4 356.1 348.1 340.2 333.7 327.1 318.7 317.5 323.8 324.5 322 321.6 321.3 322.7 325.6 327.6 329 328.3 326.5 323.1 319.3 315.7 310.2 301.6 294 284.5 275.8 267.4 259 253.2 250.1 249.9 268.2 281.7 293.8 301 305.2 305.1 300.1 295.1 288.7 282.4 277.1 271.5 267.5 263.4 259 254.9 249.9 242.5 234.3 225.7 220.2
366.2 375.4 381.5 388.2 393.7 395.6 397.5 401.4 406.6 415.3 429.2 441.4 453 459.1 461.2 459.7 454 444.8 433.8 422.7 413.5 405.5 398.5 391.5 384.5 375.7 368.2 358.9 351.4 343.1 333.4 324.1 319.3 328.3 331.8 332.5 330.7 329.5 331.4 332.5 334.2 335.2 334.4 332.3 328.9 324.8 320.9 314.1 306.8 298.5 288.9 281.4 272.3 264.4 258.6 252.3 249.7 248.5 262.1 274.7 286.2 294.1 298.5 298.1 294 287.3 281 272.6 269.6 267 265 261.1 258.2 254.7 250.9 244 235.8 229.8 222.7
357.8 368.4 374.8 380.5 385.8 388.4 390.9 395.4 402.3 414.5 428.6 440.1 451.2 456.5 460.2 456.7 449.4 440.9 431.6 422.3 414 407.9 401.9 396.3 390 380.3 371.7 362.2 353.1 344.4 334.2 322.6 327.2 336.6 339.6 339.9 338.5 336.4 338.3 339.9 341.4 339.9 337 333.2 328.6 322.3 317.1 309.4 301.5 294.2 284.3 276.2 268.4 262.3 257.2 251.9 249.8 248.3 250 264 275.1 283 288.5 288.1 284 278.3 271.6 267 264.4 260.8 258.7 257.5 255 251.3 249.6 241.5 236 231.1 224.9
347.1 357.8 364.6 370.9 375.6 378.7 384.5 390.3 401.5 414.1 427.5 439.1 450 455.9 457.6 455.6 447.9 439 428.5 419.9 413.4 407.8 404.2 399 391.2 381.7 372.5 362.4 353.9 346.6 334.1 328.7 337.3 344.5 346.1 345.6 343.8 343.2 344.5 346.3 347.1 344.5 339 333.9 325.1 320.1 311.6 303.2 295.9 289.2 280.6 271.5 266.4 261.2 256.6 251.5 248.9 243.9 240.8 251.1 265.2 273.2 279.2 280 276 271.3 264.9 260.1 258 256 252.8 249.8 248.7 246.4 243.8 238.5 233.5 228.6 224.5
338.7 347.9 353.3 359.3 366.5 372.7 377.3 387.6 401.2 414.5 427.9 439.1 448.8 453.9 454.9 451.2 444.8 434.6 423.3 413.8 409.4 406.2 402.5 397.3 390.9 381.9 373.3 364.2 355 346.2 328.8 335.6 344.9 351.1 353.6 352.3 349.3 349.2 352.1 353 352.1 347.5 341.3 333.1 323.9 314.2 304.4 298.1 289 280.9 277 270.2 269 263.9 258.5 253.4 249.4 243.8 239.8 238.6 252.8 265.4 273.4 272.9 268 264.8 259.6 254.5 250.4 248.7 245.6 240.9 238.1 235.7 234.5 230.5 228.1 223.9 220.8
334.1 341.3 346.9 353.5 360.3 367.7 375.2 386.8 400.9 415.5 429.1 440.4 447.7 451.8 452 447.6 439 429.2 416.2 407.9 404.5 401.1 397.3 392.9 387.8 380 373 365.3 355.6 341.4 334.4 345.9 353.4 358.7 360.7 361 359 358.6 359.3 359.7 356.7 350.2 341 331.4 320.5 308.9 299.6 292.6 285.8 280.1 279.7 275.7 273.3 268.7 262.4 257.6 251.9 247.1 240.4 239.2 244.2 255.5 266.2 266.1 261.9 258 252.4 249.2 244.6 240 235 228.5 225.9 223.2 222.2 220.4 218.2 216.4 214.2
