webserver/python/data/NJ65.asc
ncols 200
nrows 200
xllcorner 360000
yllcorner 850000
cellsize 50
[rows 0 to 34 of 200, columns 0 to 78 of 200]
91.8 93.3 94.4 95 96.3 99 101.3 103 104.5 106 107.5 108.1 108.5 106.5 103.8 99.8 94.2 91.7 91.3 91.9 92.5 93.2 93.9 94.6 95.9 97.3 98.3 98.7 98.4 98.1 97.7 96.9 95.3 93.6 91.8 89.8 86.3 81.6 77.1 78.5 76.9 79 80 81 82 82.8 83.8 85 86.7 88 90 92 93.4 94.2 95.6 97.3 101.1 104 106.9 109.2 110.6 112 113.3 114.1 114.6 114.3 113.2 113.5 112.5 112.5 115.9 119.4 123.4 128.2 132.7 139.6 146 149.7 151
91.8 92.6 93.6 94.7 96.3 98.1 100.3 101.9 103.4 104.8 105.9 106.5 107.1 105.9 103.5 99.1 94.6 92.1 92.5 92.6 93.3 94.3 95.5 97 98.5 99.9 100.4 100.7 100.3 99.9 99.5 98.8 96.6 94.9 92.7 89.1 85.6 80.9 77.6 80 78.3 79.7 80.4 81.5 83 84 85 86.1 87.9 89.8 91.7 93.7 96.5 97.5 98.3 97 100.7 102.5 104.6 106.9 108.5 109.7 109.9 110.3 111.6 110.6 109.6 110 110.9 113.5 117.1 120.8 125.5 130.5 136 144.8 151.5 154.2 155.7
91.7 92.2 93 94.1 96 97.8 99.5 101 102.4 103.8 104.7 105.5 105.7 105.2 103.1 99.6 95.7 93.5 94.8 94.1 95.4 96.9 97.8 98.8 100.1 101.1 101.6 101.7 101.9 101.9 101.5 99.7 97.5 95.4 93.4 89.5 85.1 81.6 80.5 80.1 80.4 81.3 81.7 82.2 83.8 85.3 86.1 87.3 88.8 90.7 92.5 94.7 96.6 98.7 100.5 101.1 102 103.5 104 104.9 106.5 108.3 108.7 108.2 108.8 109 108.6 109.3 111.2 114.6 117.3 121.3 126.1 131.9 140.4 149.6 155.7 159 159.5
91.3 91.6 92.9 94.7 96 97.4 98.8 100.4 101.9 103.4 104.1 104.8 104.9 104.6 102 99.5 97 95.5 95 96.6 97.5 98.4 99.5 100.4 101.7 102.4 102.6 102.3 102.5 102.4 101.8 100.7 98.3 96.3 92.5 89.6 85.8 83.2 83.7 82 82.5 84 83 83.1 84.6 86.4 87.7 88.9 90 92.1 94 96.4 99 101 102.8 103.8 104.1 104.9 105.8 106.3 106 106 106.6 107.4 107.3 107.7 108 108.6 111.8 113.7 116.5 120.7 126.2 133.4 142.4 151.6 159 162.4 161.7
90.4 91.9 93.7 95.4 96.5 97.8 99 100.4 101.9 103.5 104.3 105 105.2 104.7 102.8 100.6 98.3 97.7 98 98.8 99.9 100.9 102 101.3 103.4 104.5 104.8 104.6 105 104.5 103.3 101.9 99.6 96.2 92.2 87.8 85.7 85.3 85 84.5 85.4 85.2 85.3 84.7 85.9 87.5 88.9 90.1 91.5 94.2 96.2 98.8 101.6 103.5 104.8 105.5 105.5 105.7 106.6 106.9 106.8 106.8 106.6 106.8 106.9 107.9 108.4 109.1 111.4 113.8 117 121 127.2 134.5 147.4 153.7 159.7 163.1 161.8
91.3 92.7 94.5 95.9 97 98.2 99.4 100.6 102 103.5 104.4 105.2 105.6 105 104.3 102.1 101.4 100.7 100.3 101.3 102.3 103.3 104.3 104.4 105 106.4 106.9 106.8 107.3 106.5 104.4 102 99.1 95.6 90.5 87 87.5 87 86.5 86 86.2 86.3 86.4 86.7 87.1 88.5 89.9 91.3 93.2 96.3 98.7 101.6 104.2 105.6 106.6 107.2 107.4 107.4 107.4 107.4 107.3 107.2 107 107.1 107.4 108.2 108.9 110 111.5 114.1 117.7 121.3 126.1 134.5 146.1 153 158.8 162.3 161.2
92.4 93.6 95.3 96.4 97.5 98.6 99.8 101 102.2 103.5 104.6 105.3 106.1 105.7 105.3 105 104.2 103.4 102.9 103.8 104.8 105.7 106.7 107.5 108.2 108.5 108.5 109.4 108.9 107.1 104.9 102.1 99.2 96.6 88.6 88.9 89.4 88.7 87.6 87.6 87.3 87.4 87.5 88.1 89 90.4 92.2 93.4 96.5 98.2 101.8 104.9 106.6 107.6 108.3 108.9 109.3 109.3 109.3 108.6 107.9 107.6 107.4 107.4 108 108.8 109.6 110.7 112.4 115.3 118.4 121.8 126.6 137.5 145.7 152.3 158.2 160.4 160.2
93.2 94.6 95.8 96.9 98.1 99.2 100.6 101.8 103 104.2 105.4 106.6 107.9 107.5 107.1 106.9 106.6 106.1 105.5 106.5 107.4 108.3 109.3 110.1 110.7 111.5 111.5 111.8 109.9 107.6 105.3 102 99 96.1 88.1 89.7 90.8 89.4 89.3 89.1 88.9 88.7 89.2 89.9 91 92.3 93.8 95.1 97.2 100.5 105.5 108.3 109.9 110.3 110.4 110.6 111.2 111.2 111 110.4 109.6 108.9 108.1 107.9 108.7 109.5 110.3 111.2 113.5 116.5 119.4 123.2 127.9 138 145.9 152.2 156.6 158.3 158.4
93.6 95 96.8 97.9 99.1 100.5 102.3 103.5 104.7 106.1 107.8 108.2 109.5 109.3 109 108.7 108.5 108.2 108.1 108.9 109.7 110.5 111.3 112 112.5 113.2 112.6 112.5 110.3 108.1 105.5 102 99 93.3 88.7 90.8 91.8 90.8 90.9 90.7 90.6 90.6 91.1 91.8 93.1 94.3 95.6 98.2 100.6 104.8 109.5 112.1 113.6 113.7 113.7 113.7 113.7 113 112.7 112 111.2 109.5 107.7 108.7 109.5 110.3 111.1 112.3 114.5 117.4 120.6 125.2 131.4 139.9 146.1 152.1 154.7 155.9 156.7
94.1 95.7 97.6 98.9 100.1 102.1 104 105.2 106.4 108.2 110.2 110.7 111.1 111.1 110.9 110.9 110.9 110.9 110.5 111.1 111.8 112.6 113.4 113.9 114.3 114.5 114 113 110.9 108.8 105.6 102.1 98.1 92 89 89.9 91.9 92.2 92.3 92.4 92.5 92.5 93 94.4 95.9 97.5 99.1 101 104.4 109.9 114.2 117.3 117.5 116.7 116.7 116.7 116.6 115.8 114 112.7 111.9 110.5 108.6 109.6 110.3 111.5 112.7 114.5 116.7 118.7 123.7 128.8 134.9 141.1 146.3 150.5 153.5 154.6 154.7
94.7 96.6 98.3 99.9 101.6 103.6 105.6 107 108.4 110.4 112.3 113.3 113.5 113.8 113.8 113.8 113.8 113.4 113 113.5 114.1 114.8 115.4 115.8 116.1 115.9 115.5 114.6 112.4 109.2 105.7 101.9 97.7 91.2 89.6 89.4 92.5 93.8 93.6 93.7 93.8 94.4 95.6 97 98.6 100.2 102.3 104 109.7 115.3 120.2 122.2 122.6 121.1 119.7 119.7 119.4 118.7 116 114.3 112.9 111.6 109.9 110.8 112 113.2 114.4 116.6 118.9 121.2 126.5 132.5 138.8 143.9 148.3 150.5 152.2 153.1 152.8
95.6 97.5 99.3 101.6 103.2 105.2 107.2 108.7 110.6 112.5 114.4 115.9 116.2 116.5 116.8 116.7 116.3 115.9 115.3 115.4 115.9 116.4 116.9 117.4 117.8 117.5 117.1 116.2 113.3 109.5 105.8 101.4 96.8 91.7 89.6 90.4 93.8 96 95.8 95.6 95.4 95.3 98.3 99.7 101.1 103.1 105.3 107.8 113.4 119.2 126 127.1 127.6 126.1 124.7 123.2 122.3 121.1 118.3 116.1 114.6 112.6 111.1 112.5 113.6 114.8 116.5 118.7 121 123.9 129.1 136.5 142.2 146.6 149.6 151.3 151.5 151.6 150.9
96.5 98.7 101.1 103.9 105.6 107.3 109 110.9 112.9 114.9 116.8 118.5 118.8 119.1 119.2 118.7 118.2 117.6 117 116.5 117.3 118 118.5 119 119.4 119.3 118.9 117.1 113.9 110 105.2 101.3 96.6 91.4 90.2 92.8 95 98.2 98 98.1 98.7 99.2 99.3 102.1 103.9 106.1 108.3 111.5 117.2 123.7 130.9 133 132.1 130.5 129 127.5 126.1 123.4 120.5 117.9 115.9 113.5 112.2 113.8 115.3 116.5 118.6 120.9 123.2 127.1 133.5 140.4 144.8 148.1 150.4 151.2 151.8 151.5 151.2
98.4 100.6 103.1 105.6 107.7 109.4 111.2 113.3 115.8 117.7 119.7 120.9 121.2 121.4 121 120.5 119.9 119.4 118.6 117.8 118.4 119.1 119.8 120.5 121 121.1 120.7 117.8 114.2 109.6 104.6 99.8 95.9 90 91.3 96.9 98.9 100.5 101.1 101.5 102 102.4 102.6 105.3 106.8 108.6 111.4 115.2 121.4 128.6 135.9 138.3 136.6 135 133.3 131.7 129.4 125.9 122.6 119.4 116.7 114.3 113.3 115.7 117 118.3 120.8 123.3 126.5 131.1 137.7 143.1 146.6 149.8 150.9 151.7 151.9 151.4 152
100.1 102.3 105 107.5 109.9 111.6 113.5 115.5 118.3 120.6 122.3 123.2 123.5 123.2 122.7 122.2 121.7 121.1 120.3 119.5 119.5 120.2 120.9 121.7 122.4 122.6 121.4 118.3 114.1 109.7 104.4 95.6 90.4 90.8 93.9 100.1 102.2 103.4 104.4 105 105.4 105.8 106.2 105.2 108.6 111.7 114.9 119.1 126 134.5 142.6 143.5 141.8 140.1 138.3 134.8 132 128.5 123.6 120.5 117.6 115.1 114.9 117.4 118.6 120.3 122.3 125 129.9 135 141 145.1 148.6 150.5 151.4 151.9 151.9 152 152.8
101.8 104.1 106.8 109.4 112 113.8 115.8 117.7 120.5 123.3 124.6 125.6 125.3 124.9 124.5 124 123.4 122.7 121.9 121.1 120.6 121.3 122 122.8 123.4 123.2 121.6 118.5 114.6 110.2 101.7 91.7 92 93.5 99.4 103.3 105.3 106.4 107.4 108.3 108.8 109.2 109.7 111.1 111.7 115 118.4 122.8 130.8 140.1 147.5 149.1 147.3 145.2 142.4 137.1 134.4 130.1 124.8 121.1 118.2 115.1 116.5 118.8 120.2 122.2 124.4 127.7 134.4 138.6 144 147.4 150 151 151.6 151.7 151.8 152.8 153.7
103.3 105.9 108.5 111.2 113.8 115.7 117.3 118.9 121.3 123.7 125.5 126.6 127.1 126.7 126.2 125.8 125.2 124.3 123.5 122.7 121.9 122.4 123.1 123.9 124.4 123.7 121.5 118.2 113.5 105.1 95.9 92.9 96.3 98.3 102.1 107.1 108.5 108.9 110 111.1 112.2 112.4 112.7 112.9 113.6 117.1 121.1 125.9 135 145.1 151.9 153.7 152.1 149.5 145.5 140 136.4 130.4 125.9 121.6 118.4 116.6 118.3 120.3 122.1 124.6 127.2 132.8 139.4 143.5 146.7 148.5 150.5 151 151.3 151.3 151.4 152.6 154.6
104.6 107 109.6 112.2 114.4 116.3 118.2 119.8 122.2 124.1 126.3 127.5 128.4 128.3 128 127.5 126.8 126 125.2 124.4 123.6 123.5 124.2 124.8 125.3 123.4 121.2 118.1 113.9 101.5 93.5 97 100.8 103.7 107.3 110.5 112.3 112.3 112.2 113.5 115.2 115.2 115.2 115.1 116 119.4 123.6 129.8 138.8 148.5 154.3 156.5 155.8 153.2 148.4 142.9 137 130.2 125.4 122.4 119.7 118.5 120.4 122.2 124.6 127.5 131.5 137.7 143.9 148.2 149.9 150.8 150.3 150.7 151 151 151.1 153 155.5
105.9 108.2 110.6 113 114.9 116.8 118.7 120.6 122.7 124.9 127.1 128.5 129.6 129.7 129.6 129.2 128.4 127.6 126.8 126 125.2 124.6 125.2 125.6 125.7 123.5 121.3 117.7 111 97.8 94.1 99.9 102.7 107.3 111.1 113.7 115.6 115.3 115.1 116.4 118.1 118.2 118.3 118.5 118.8 121.6 125.6 132.1 141.3 149.4 154.2 156.2 156.7 153.6 149.1 142.7 136.3 130.1 125.6 122.9 121.2 120.6 122.4 124.7 127.6 132.2 137 143.8 150.4 152.1 152.2 151.7 150.9 150.5 150.6 150.7 151.1 152.9 156.2
106.9 109.2 111.5 113.5 115.5 117.5 119.5 121.3 123.1 125.5 127.8 129.5 130.5 131 131.1 130.4 129.5 128.8 128 127.2 126.5 125.7 125.7 125.9 126.1 123.9 121.6 117.4 104.7 94.4 96.9 102.4 106.6 104.4 103.7 117.2 118.5 118.5 117.7 118.4 119.6 120.5 120.6 120.3 120.3 123.6 127.4 134 141.6 148.2 152.9 153 152.6 151.4 146.9 141.7 135.4 128.8 125.8 123.8 122.6 122.5 125 127.4 131.7 136 143.4 150.1 153.9 154.4 154.2 152.4 151.1 148.9 149.5 150.3 151 152.1 155.7
108.1 110.2 112.3 114.3 116.3 118.3 120.2 121.9 123.6 125.9 128.3 130.6 132.1 132.6 132.6 131.5 130.2 129.4 128.7 128 127.2 126.5 126.4 126.4 126.4 124.2 121.2 112.9 100.7 95.3 98.4 104.2 108.2 111.5 115.9 120 121.3 120.8 120 120.2 121.1 122.1 122.3 121.5 121.1 124.5 128.7 134 141.2 146.9 149.4 149.4 148.9 147.9 145.4 139.9 134.4 129.1 127 125.6 125.4 125 127.9 131.8 137.2 143 150 155.8 156.5 156.7 155.4 153.3 151 149 148.1 148.2 149 150.9 154.4
109 111 113.1 115.2 117.2 119 120.7 122.4 124.1 126.2 128.6 131.2 133.3 134.3 134.2 132.6 131.3 130.1 129.4 128.7 127.9 127.4 126.9 126.8 126.1 123.9 119.3 109.9 100.3 96.9 100.6 105.9 109.3 113.1 118.3 122.5 123.3 122.9 122.1 121.4 122.7 123.9 123.9 123.6 122.1 124.9 129.3 133.8 140 144 145.9 145.5 144.6 143.6 142.6 138.4 133.1 129.6 128.2 127.7 128.1 130.5 134.2 138.8 144 148.7 155 159 159.2 157.8 156.1 153.8 151.5 149.2 146.8 146.2 146.9 149 151.6
109.7 111.6 113.7 115.8 117.6 119.5 121.3 123 124.7 126.6 129.2 131.7 133.2 134.3 134.9 133.8 132.4 131.1 130.1 129.3 128.6 129.1 127 127.1 124.8 122 116.7 109.2 101 97.7 100.9 107.2 111 115 120.6 123.5 124.6 124.2 123 121.8 122.9 124.1 124.7 124.9 124 124.3 128.7 133.2 137.5 140.6 142 141.7 141.2 139.7 138.3 137 133.1 130.4 130.3 130.8 133.5 136.9 140.7 145.3 148.9 152.8 158.3 160.8 160.9 158.8 156.7 154.4 152.1 149.8 147.4 144.9 145.6 146.8 148.9
110.5 112.2 114.3 116.2 117.6 119.3 121.2 123.1 125.1 127 129.8 131.7 132.9 134.2 134.6 134.3 133.5 132.2 130.9 130 129.8 128.8 125.6 126 124.5 120.5 116.5 110.2 102.1 98.5 102.9 108 112.8 117 120.7 123.8 124.7 124.4 123.8 122.6 123 124.3 124.7 125.1 125.1 123.8 127.7 131.1 135 137.4 139 139.1 138.4 137.8 136.8 136 134 132.9 133.2 136.2 138.5 142.9 146.5 149.7 152.9 156.8 160.1 161.5 160.4 158.3 156.6 154.8 152.5 150.2 147.4 144.8 144.3 145.7 147.5
111.2 113.1 114.7 116.3 117.7 119.1 121 122.9 124.9 127 129.5 131.5 132.7 133.9 134.4 134.6 133.7 132.6 131.4 130.6 129.4 126.9 128.8 129.6 128.2 125.9 121.4 114.2 103.9 99.3 102.8 106.6 111.5 115.2 120 123 124.7 124.6 124.2 123.4 123.4 124.4 124.6 124.7 124.8 124.7 126.5 129.5 132.5 134.2 136.1 136.7 136.2 136.7 135.9 135.8 135.9 136.3 137.6 140.7 143.5 147.4 150.1 153.3 156.8 159.4 160.8 160.8 159.8 158 156.3 154.6 152.9 150.4 148.1 145.8 142.4 144.6 146
112.4 114.1 115.2 116.4 117.7 119.1 120.8 122.7 124.9 127.1 129.3 131.3 132.5 133.8 134.7 134.9 133.9 132.8 132 131.4 130.3 128.8 131.2 131.9 130.2 128.3 124.7 114.9 106 100.6 103.2 106.5 110.2 113.1 116.7 120.6 123.1 123.6 124.3 124.1 123.7 124.6 125.6 126.3 125.9 125.7 125.5 128.7 131.3 132.8 134.1 134.9 135.3 135.6 136.4 137.7 138.5 139.4 141 144.4 147.8 150.9 153.7 156.4 158.7 160.3 160.7 159.8 158.8 157 155.3 153.6 152.5 150.9 148.7 146.6 142.7 143 144.4
113.3 114.5 115.5 116.8 117.9 119.1 120.6 122.8 124.9 127.1 129.4 131.2 132.4 133.7 134.9 135.2 134.1 133.3 132.7 132.2 130.8 130.8 131.7 132.9 132.4 130.1 126.5 119.5 108.9 103.7 105.8 109.8 114.1 116.3 118.7 120.8 122.2 122.8 123.2 123.7 124.2 125 125.9 126.9 127.5 127 126.8 128.3 130.2 131.7 133.2 134.1 135.4 136.8 138.1 139.9 142 143 143.9 147.2 150.4 153.2 155.9 158 160.1 160.3 160.4 158.9 157.5 155.6 154 153.3 152.6 150.9 148.8 146.6 143.3 140.7 142.8
114.6 116.4 116.3 117.8 120 121.5 121.8 123.6 125.8 127.8 129.6 131.2 132.4 133.6 134.8 135.4 134.5 134 133.3 132.6 132.3 131 132.1 132.6 132.6 130.6 127.3 125 112.7 105.5 107.9 110.2 115.3 118.9 120.7 122.2 123.9 124.6 125.1 125.6 126.5 127 127.5 128.1 128.7 129 128.8 128.8 130.1 132.3 133.7 134.9 136.5 138.5 140 142.2 144.3 146.5 147.6 150.1 152.8 155.3 157.7 159.7 160.5 160.6 159.3 157.8 156.2 154.7 154 153.3 152.6 151 148.9 146.6 143.5 140.7 140.7
115.2 117 117.2 118.2 120.4 121.4 122.7 124.3 126.1 127.9 129.6 131.1 132.5 133.6 134.8 135.5 134.7 134 133.3 132.8 132.6 132.3 131.3 132.7 132.6 130.7 127.8 120.3 110.5 108 111.8 113.9 116.2 120.2 122.2 123.8 125.4 126.5 127 127.9 128.8 129.3 129.8 130.3 130.8 131 131.3 131.6 132.1 133.5 134.9 136.1 138.1 140.2 142.4 144.5 146.6 148.8 150.9 153 155.3 157.5 159.4 160.6 160.9 159.7 158.1 156.5 154.9 154.4 154 153.4 152.7 151.1 149 146.6 143.8 141.2 139.3
115.1 114.9 116.9 118.2 119.6 120.9 122.3 123.9 125.6 127.9 129.7 131.1 132.5 133.7 133.8 134.4 134 133.2 132.7 133 132.5 131.4 132.1 132.6 132.6 128.3 116.5 118.7 120.1 111.3 117.4 117.5 118 121.6 124.4 125.5 127 128.4 129.1 130.2 131 131.5 132.1 132.4 132.9 133.5 133.3 133.5 133.7 134.7 136 137.2 139.4 142 144.2 146.3 148.5 150.7 152.9 155.5 157.8 159.4 160.2 161.2 160.6 159.6 157.9 156.2 154.8 154.2 153.7 153.3 152.8 151.1 149 147 144.5 141.9 139.3
117.6 116 116.8 118.4 119.9 121 122.5 123.9 125.4 127 129.2 130.3 132 131.6 131.3 131.6 131.7 132.9 133 133.1 132.6 130.2 131.4 132.1 132 118.8 128.7 125 118.7 117.2 120.5 120.9 120.6 122.7 125.6 128.4 129.4 130.3 131.4 132.6 133.3 133.7 134.3 135 135.6 136.2 136.4 136.1 135.8 135.9 137.2 138.4 140.9 143.5 145.7 147.9 150.1 152.7 155.3 158 160.1 161 161.8 161.3 160.1 159.3 157.8 156.1 154.9 154.4 153.9 153.3 152.8 151.5 149.8 147.8 145.2 142.6 140
118.9 117.9 116.9 118.7 120 121.2 122.6 124.1 125.5 126.9 128.4 129 129.9 131.2 131.4 130.4 130.4 130.6 131 132.3 130.5 129.1 128.2 123.9 123.6 129 129.8 127 122.4 118.5 122.8 122.8 122.5 123.6 126.6 129.7 132.2 133.6 134.8 135.4 135.8 136.5 137.1 137.7 138.4 139 139.4 139.1 138.9 138 138.6 139.7 142.3 144.9 147.2 149.8 152.4 155.1 157.8 160.4 161.5 162.3 162.6 161.9 160.4 158.9 157.7 156.2 155.1 154.6 154.4 154.1 153.8 152.1 150.5 148.6 145.7 142.8 139.9
120 118.5 117.1 119 120 121.3 122.8 124.2 125.6 127 128.8 131.1 132 135.6 138.9 134.8 135.5 133.5 130.8 131.7 130.2 131 130.4 126.5 132.6 131.9 131.3 128.4 124.7 122.8 126.1 125.9 125 126 128.9 131.9 134.9 136.6 138.2 138.8 139.1 139.2 139.9 140.5 141.1 141.7 142.3 142.1 141.1 140 140.6 141.4 144 146.4 148.6 151.6 154.6 157.6 160.2 162.5 163.3 163.4 162.9 162 160.6 159.2 158 157 156 155.6 155.4 155.1 154.3 152.6 150.7 147.9 145.1 142.1 139.2
120.8 119.4 118.5 119 120 121.5 122.9 124.2 125.5 127.2 129.5 132.3 134 136.6 138.6 137.8 135.8 131.8 130.5 132.4 133.1 132.5 132.3 132.6 133 133.2 132.5 130.1 126.1 127.5 129.3 129.5 128.5 128.7 131.4 134.3 137.4 139.3 140.9 140.8 141.2 141.7 142.2 142.8 143.5 144.1 144.7 144.3 143.2 142.1 142.3 143.2 145.5 147.6 149.6 152.1 155.1 158.4 162.2 164.2 164.9 164 163.1 162.1 160.8 159.5 158.7 158.1 157.5 156.5 156.2 156 154.8 152.9 149.9 147.1 144.3 141.4 138.5
121.4 120.3 119.3 119.2 120.1 121.4 122.7 124 125.6 127.9 130.2 133 136 137.9 139.4 138.6 136.7 133 134.3 135.2 135.2 135.2 135.2 135.5 135.3 134.5 132.5 130.1 128.2 130.2 132.3 134.1 132.4 130.8 135.1 137.7 140 142.2 143.1 142.8 143 143.3 143.8 144.4 144.9 145.7 147.2 146.4 145.3 143.9 144.2 144.6 146.6 148.7 150.8 152.8 155.8 160 163.9 165.1 164.9 164.4 163.2 162.2 160.9 160.2 159.6 159.2 158.5 157.9 157.1 156.8 154.8 152.3 149.1 146.2 143.5 140.7 137.8
