webserver/python/data/NJ71.asc
ncols 200
nrows 200
xllcorner 370000
yllcorner 810000
cellsize 50
[rows 111 to 147 of 200, columns 0 to 83 of 200]
87.9 86.5 85 83.2 82.3 81.7 81.2 81 81.5 81.1 80.6 80.2 81.6 83.7 83.7 83.7 83.2 83 82.8 82.6 83.3 83.6 83.4 83.1 82.9 79.6 77.2 77.2 80.6 81.5 81.3 83.9 81.9 80.6 80.6 80.7 80.8 80.9 83.6 85.2 87.1 88.9 90.1 89.7 90 91.2 93.7 91.6 90.3 89.3 89.5 89 88.3 87.6 86.8 85.7 85.2 85.2 85.4 85.6 86.2 87.1 90 92.7 92.6 92.7 92 92.7 89.5 88.8 89.5 91.8 94.6 97.4 100.3 103.7 107.1 110.4 113.8 117.1 120.4 123.4 126.5 131.1
88 86.4 85 84.2 83.5 82.9 82.2 81.5 82.2 81.7 81.1 81.2 82.7 84.7 85.2 85.6 84.8 84.4 84.4 84 84.6 84.3 85.3 85.4 84.7 78.5 76.9 77.2 81.5 82.7 80.4 85.7 81.7 80.9 80.4 80.3 80.4 80.5 81.5 83.6 85 85.8 87.2 86.4 87.2 88.4 89.6 88.4 87.6 87.5 87.9 87.2 86.5 85.8 85.1 84.8 84.8 84.7 85 85.3 86.5 87.9 90.5 92.1 92.2 92.3 92.3 91.9 88.4 89.2 90.3 93.1 95.9 98.7 101.7 105.6 109 112.5 116.1 119.8 123.2 125.9 129.5 132.9
88.8 87.2 86.1 85.4 84.7 84.1 83.4 82 83.5 83.9 81.7 83.2 84.7 85.3 86.4 87.2 86.8 86.8 87.3 86.2 86.2 86.3 85.6 85.3 82.7 76.8 76.3 79 82.3 81.4 80 82.9 82 81.1 80.7 80.2 80 80.1 81.6 82.9 84.3 84.3 84.4 84.8 84.7 85.8 87 87.3 86.4 85.8 86 85.7 85 84.7 84.8 84.8 84.7 84.6 84.7 85.4 86.7 87.1 88.1 88.7 88.6 88.7 88.6 88.3 88.9 90.5 91.7 94.4 97.2 100 103.3 107.1 110.9 114.6 118.1 121.6 125 128.2 132.3 136.4
89.6 88.2 87.3 86.6 85.9 85.3 83.9 82.3 83.8 82.4 83.2 84.9 85.7 85.9 87 87.6 87.2 86.7 86.2 86 87 87 85.1 83.6 79.2 76.3 77.1 80 82.3 82 79.4 81 82.1 81.4 80.9 80.5 80.1 79.8 81.1 82.3 83.6 84.3 85 84.9 84.6 84.6 84.8 85.9 85.1 84.5 84.6 84.6 84.6 84.7 84.7 84.8 84.7 84.5 84.4 84.8 85.3 85.8 86.4 86.9 86.9 87.1 87.2 86.9 89 91.2 93.1 95.7 98.5 101.4 104.8 108.6 112.5 116.3 119.8 123.3 126.6 129 132.8 137
89.8 88.4 88.3 87.8 87.1 85.8 84.2 82.8 82.9 83.7 84.8 85.8 86.7 86.6 87.2 87.3 86.9 86.2 85.5 85.2 85.9 85.7 83.8 80.5 76.7 75.8 78.4 81.2 81.7 80.5 79.2 83.9 82 81.2 80.6 80.3 80.3 79.9 80.9 82.2 83.1 83.8 84.6 84.8 84.6 84.7 84.4 84.2 84.3 84.4 84.4 84.6 84.6 84.7 84.7 84.7 84.6 84.5 84.5 85 85.3 85.3 86 86.5 86.5 86.6 87 87.5 89.2 91.5 94.5 96.9 99.8 102.7 105.9 109.3 112.8 115.8 118.6 122 124.9 127.4 130.6 136
89.6 88.7 88.8 88.8 87.7 86.2 84.7 84.3 84.9 85.8 86.5 87.5 87.3 87.1 86.9 87 86.4 85.7 85 84.4 84.8 83.9 81.1 77.9 76.8 77.5 80.4 81.3 80.9 79.4 79.3 85 81.8 80.8 80.4 80.9 80.8 80.3 80.8 81.7 82.5 83.3 84 84.1 83.8 84.7 84.9 84.9 84.3 84.4 84.2 84.6 84.6 84.6 84.7 84.7 84.6 84.5 84.7 85.1 85.2 84.9 85.5 86 86 86.1 86.5 87.1 88.9 90.9 95 96.3 100.1 102.8 105.7 109.1 112.1 114.9 117.7 120.4 122.7 125.2 127.9 132.2
88.8 88.5 88.5 88.3 88.3 86.9 85.8 85.5 86.8 87.8 88.4 87.8 87.6 87.1 86.7 86.6 85.9 85.2 84.5 83.9 83.1 81.4 78.8 77.1 77.3 79.4 81.4 80.7 79.7 79.5 79.1 83.8 81.1 80.6 80.3 80.6 80.5 80.4 80.5 81 81.7 82.5 83.1 82.6 83.3 86.2 85.9 86.3 84.8 84.3 84.1 84.6 84.6 84.6 84.6 84.6 84.5 84.6 84.8 85.3 85.1 84.8 85 85.6 85.6 85.6 86 86.7 88.5 90.4 92.6 95.3 98.9 102.4 105.3 107.4 109.9 112.4 114.5 117.3 120.5 123.1 124.9 126.1
88.4 88 88 87.3 87.5 87.3 86.2 86.2 87.6 88.5 88.8 88.1 87.7 87.2 86.7 85.7 84.7 83.8 82.9 82 80.9 79.3 77.1 77.3 78.5 80.9 80.9 80.6 79.6 79.8 80 81 80.7 80.4 80.2 80.1 80.3 80.4 80.5 80.6 80.9 81.7 81.6 82.6 86.3 88.8 88.3 87.7 86 84 84 84.5 84.7 84.6 84.6 84.6 84.6 84.6 85 85.3 85 84.7 84.6 85.2 85.2 85.2 85.5 86.4 88 89.5 90.7 93.4 96.3 98.8 101 103.3 106.3 108.5 110.6 113.6 115.8 116.6 117.1 117.1
88 87.6 87 86.4 86.6 87.2 86.6 86.1 86.8 87.4 88 87.9 87.4 86.7 86 85.1 83.6 82 80.5 79.8 79.1 77.7 77.4 77.8 80.3 80.4 80.4 80.4 79.6 79.9 81.5 80.4 80.2 80 80.1 80.4 80.6 80.6 80.6 80.7 80.8 81.1 82.7 84.5 88.7 89.1 88.4 87.3 86 83.7 84 84.4 84.8 84.7 84.6 84.6 84.6 84.8 85.2 85.2 84.9 84.6 84.3 84.8 84.8 84.8 85 86 87.3 88.5 89.3 89.8 92.6 94.3 96.5 98.3 101 103.5 105.7 107.2 109.1 109.3 108.9 108.6
87.2 86.7 86 85.4 85.5 86.1 86.7 85.8 86.1 86.4 87.1 87.2 86.6 85.9 85.1 84.2 83.1 81.4 79.4 77.6 78 77.1 77.5 77.9 78.8 79.8 79.9 79.9 79.6 81.1 80.8 80.2 80 80 80.4 80.6 80.8 80.9 80.8 80.8 80.9 81.3 83.4 87 89.2 88.5 87.1 86.5 85.8 86.7 87.7 87.5 86.2 85.5 85.3 84.6 84.7 85 85.3 85.2 84.8 84.5 84.2 84.3 84.3 84.4 84.6 85.9 87.3 88.4 87.9 87.4 88 89.8 91.5 93.3 95.5 96.7 98.7 99.5 100.8 101.1 101.8 101.7
85.7 85.3 84.6 84 84.2 85 85.7 85.8 85.9 86.1 86 86 85.7 85.1 84.3 82.7 81.6 79.6 77.9 77.9 77.5 77.6 77.7 77.5 77.9 78.9 79.3 79.3 80 81.2 81 79.7 80.2 79.9 80.5 80.9 81.1 81.2 81.1 81.1 81.2 82.2 84.4 86.7 88.1 86.9 85.3 84.9 85.7 87.8 89.5 89.6 89 87.6 87 86.8 85.4 85.2 85.4 85.1 84.8 84.4 84.1 83.8 83.9 84.7 85.2 86.3 87.3 87.2 86.9 86.7 86.9 87 87.1 88.1 89.3 90.6 91.6 92.3 91.8 90.1 92.3 92.3
84.3 83.9 83.3 82.6 83.1 83.9 84.7 84.9 84.5 84.3 84 84.4 83.9 82.8 81.3 80.1 78.7 77.3 77.3 77.5 77.5 77.4 77.2 77.7 77.8 78 78.6 79.4 80.3 84 80.9 79.9 80.4 79.8 80.3 80.9 81.3 81.5 81.5 81.6 82 82.6 83.5 84.3 85.2 84.5 84.3 85.1 85.9 88.3 90.2 90.2 89.8 89.3 88.8 88.6 88.4 88.1 87.8 86.9 85.8 85.4 85 85.3 85.4 86.4 86.2 87.3 87 86.6 86.2 86.2 86.4 86.6 86.8 87 87.3 87.5 87.7 87.6 87.8 87.9 88.2 88.1
82.9 82.5 81.9 81.8 81.8 82.8 83.6 83.3 83.1 82.5 82 81.1 80.9 79.9 78.6 77.2 77.3 77.2 77.1 77.6 77.6 77.5 77.3 77.5 78.6 78.7 78.8 80.2 82.3 80.8 79.4 80.1 80.6 80 80 80.7 81.4 81.8 81.9 82.2 82.3 82.5 83.3 84.2 84.8 84.4 84.5 85.2 86.4 88.2 90.5 90.7 90.4 90.2 90.1 89.5 89.9 90.1 90.1 91.4 88.6 87.5 87.8 89.2 87.6 87.1 87.2 87 86.6 86.5 86.3 86.1 86.2 86.3 86.5 86.8 87.2 87.4 87.6 87.1 86.3 86.5 86.7 86.8
81.5 81.3 81.1 81 80.8 81.5 81.8 81.6 81.4 80.8 80 79.4 78.9 77.8 77.3 77.5 77.4 77.4 77.4 77.3 77.2 77.5 77.4 77.3 78.9 79.5 79.8 81.7 80.6 79.7 79.4 79.9 80.7 80.1 79.8 80.5 81.2 81.7 82.1 82.4 82.6 82.7 83.2 84 84.5 84.2 84.7 85.4 86.4 87.5 90.1 90.2 90.2 90.1 90 89.9 90.8 90.8 94.1 93.8 90.2 89 92.7 91.1 89.1 87.5 87.1 86.9 86.7 86.6 86.4 86.2 86.1 86.1 86.3 86.6 87 87.3 87.5 86.8 86.3 86.4 86.6 86.7
80.8 80.7 80.4 80.2 80 80 79.7 79.3 78.9 78.4 78 78 78 77.6 77.4 77.6 77.7 77.8 77.8 77.7 77.6 77.5 77.4 77.4 78.5 80.1 80.4 81.2 80 79.7 79.5 79.5 80.1 80 79.7 80.2 80.7 81.1 81.6 82 82.4 82.8 83.1 83.7 84.2 84.2 84.9 85.9 87.2 88.6 89.4 88.9 88.4 88.3 87.8 87.5 87.5 89.5 91 89.5 87.3 89 89.9 88.8 87.3 87 87.2 87 86.8 86.7 86.5 86.3 86.2 86 86.1 86.3 86.8 87.2 87.4 86.7 86.4 86.3 86.4 86.6
80.9 80 79.7 79.4 79 78.2 77.7 77.8 77.8 77.8 77.8 77.8 77.8 77.8 77.7 77.6 77.7 77.9 77.9 77.8 77.7 77.6 77.5 77.4 79.1 79.2 79.3 79.5 79.6 80.3 80.1 78.5 78.8 79.9 80.1 79.7 80.1 80.6 81 81.4 81.8 82.3 82.6 83 83.9 84.4 85.7 86.8 87.6 88.1 86.5 86 86.2 86.4 86.3 85.7 85.3 85.8 87.3 87.1 85.2 87.8 88 87.1 86.7 86.8 87.1 87.1 86.9 86.7 86.6 86.4 86.3 86.1 85.9 86.1 86.6 87 87.2 86.8 86.5 86.2 86.3 86.9
80.7 78.9 78.5 78.1 77.9 78.6 78 77.7 77.8 77.8 77.7 78 77.6 77.8 78 77.7 77.6 77.7 77.9 77.8 77.7 77.6 77.4 77.4 78.7 78.4 78.3 78.3 77.6 78.2 77.7 78.6 79.8 81 81.9 81.2 80.7 80.4 80.5 80.9 81.3 81.7 81.6 81.7 82.6 82.6 83.3 84.2 84 84.1 83.6 83.6 83.9 84.2 84.5 84.2 84.1 84.2 84.4 85.1 85.2 85.7 86.1 86.4 86.5 86.5 86.8 87.2 87 86.8 86.7 86.5 86.4 86.2 86.1 85.9 86.5 87.5 88.1 89.1 89.7 90.4 90.8 92.3
78.3 79 79.1 79.2 79.3 79.2 78.8 77.7 77.9 77.8 77.7 77.6 77.6 78.1 78.1 77.7 77.5 77.6 77.9 77.8 77.6 77.5 77.3 77.7 77.6 78 78.4 78.6 78.2 78.7 79.4 80.1 80.8 81.5 82.4 82.3 81.8 81.3 80.7 81.1 81.5 81.9 82.1 80.5 80.6 80.8 81 81 81.1 81.6 81.7 81.7 81.7 81.9 82.2 82.7 83.1 83.4 83.8 84.1 84.6 85 85.5 86 86.2 86.3 86.5 87.1 87.1 87 86.8 86.6 86.5 86.3 87.6 89 90.4 91.1 91 91.8 92.8 93.9 94.9 95.5
78.5 80.2 80.6 80.8 80.3 80 79.8 78.7 78.6 79 79.4 80.1 80.3 81.4 78.5 79.3 80 79.5 79 77.8 77.5 77.3 77.4 77.5 77.7 78.2 78.6 79 79.4 79.6 79.8 80.4 81 81.6 82.1 82.5 82.2 82 81.2 81.3 81.7 82.1 82.3 82 81.6 81.3 81.2 81.5 81.7 81.9 81.8 81.7 81.7 81.9 82.1 82.7 83.1 83.4 83.7 84.4 84.8 85.2 85.5 85.8 86.3 86.2 86.2 86.8 87.2 87.1 87.1 87.7 88.3 89.9 91 92.2 93.3 94.2 94.1 94.5 95.5 96.9 98.1 98.8
77.6 79 80.5 80.8 80.6 80.7 80.7 80.4 80.5 81.1 81.4 81.7 82.5 83.5 80.6 84.4 83.6 81.9 80.6 78.8 77.3 77.4 77.5 77.6 77.9 78.3 78.7 79.2 79.5 79.7 80.1 80.7 81.2 81.8 82.4 82.7 82.9 82.6 81.9 81.5 81.9 82.3 82.5 82.1 82 81.8 81.5 81.8 82.3 82 82 81.7 81.8 82.1 82.3 82.6 83 83.3 83.6 84.7 85.1 85 85.2 85.9 86.7 87.2 87.3 87.5 87.9 88.7 89.4 90.1 90.9 91.7 93 94.2 95.3 96.2 97.1 97.2 98.3 99.9 101.4 103.3
76.5 77.9 79.3 80 79.9 80 80.5 80.8 80.7 80.8 80.8 81.5 82.3 82.1 82.2 82.8 82 80.1 79.7 78.6 78.4 77.6 77.7 77.7 78 78.4 78.8 79.2 79.6 79.8 80.4 80.9 81.5 82.1 82.8 82.9 81.5 82.1 82.2 82.3 83.1 84.1 84.7 85.5 82.3 82.3 82 82.4 82.8 82.8 82.2 81.8 82.1 82.3 82.6 82.7 83 83.2 83.4 84.9 84.2 84.7 85.2 86 86.8 87.7 88.5 88.8 89.5 90.4 91.1 91.9 92.7 93.5 94.9 96.1 97.3 98.2 99.1 100 101.5 103.6 105.9 108.4
77.1 76.8 77.9 78.7 79.7 79.9 80.1 80.1 80.1 80.1 80.1 80.1 81 81.3 80.5 80.2 79.6 78.1 78.3 78.4 78.1 77.8 77.8 77.8 78.1 78.5 79 79.4 79.8 80 80.2 81.2 81.9 82.5 82.3 82.2 84.3 86.5 87.2 87.5 88.4 89.9 90.7 90.6 88.2 86.3 86 85.4 85 84.9 83.8 83.3 82.8 82.6 82.9 83.4 83.9 84.7 84.6 84.9 84.1 84.6 85.4 86.1 86.9 88.1 89.2 90.1 91 91.9 92.8 93.7 94.5 95.4 96.7 98 99.2 100.1 101.1 102 105 107.9 110.2 113
77.8 76.8 76.7 78.3 79.3 79.4 79.4 79.4 79.3 79.2 79.1 79.7 80.1 79.2 78.5 77.9 77.7 77.9 78.1 78.3 78 77.8 77.8 77.8 78.3 78.7 79.2 79.7 79.9 80.1 80.8 81.7 82.7 83.2 83.9 85.7 87.8 89.9 92.1 92.7 94.2 95.7 97.1 96.9 97.7 98 98.5 94.4 92.5 90.5 89.8 87.2 85.6 86.5 86.3 86.1 86 86.3 86.9 86.8 86 85.4 85.6 86.4 87.1 88.4 89.6 90.5 91.4 92.3 93.2 94.4 96 97.2 98.5 99.7 100.9 102.2 103.1 104.7 107.7 110.8 113.9 117.7
78 77.3 77.5 77.8 78.8 78.7 78.7 78.7 78.5 78.3 78.1 77.9 78.2 78 77.6 77.6 77.8 77.8 77.9 78.1 77.9 77.8 77.8 78 78.6 79.1 79.5 79.9 80.1 80.4 81.3 83.2 84.7 85.3 87.3 89.1 91 93.1 95.2 98.3 100.2 101.7 103.8 105.6 106.8 106.7 106.1 103.8 100.6 97.4 95.6 93.1 90.7 90.8 90.6 90.2 89.4 88.6 89.3 88.9 88.3 87.6 86.8 87.3 87.9 88.7 90 90.9 91.7 92.5 93.5 94.9 96.5 98.4 99.9 101.1 102.3 104 105.2 107.4 110.5 113.9 117.6 122.8
78.3 78.1 78.2 78.1 78.4 78.4 78.2 78.1 78.2 79.6 78.2 80.4 80.9 80.5 78.7 77.7 77.9 77.7 77.8 77.9 77.9 78 78.6 78.6 79.2 79.6 79.9 80.2 80.5 80.7 81.6 83.3 86.2 88.7 90.7 92 93.8 95.8 98.5 101.9 105.3 108 111.4 113.6 114 112.2 111.1 108.5 105.3 101.6 99 96.4 94.5 93 92.2 91.4 90.7 89.9 90.9 90.3 89.7 88.9 88.1 88.3 88.7 89.2 90.4 91.2 92 92.8 93.8 95.4 97.2 99.1 100.9 102.3 103.6 104.9 107.3 110.1 113.2 116.6 121.6 126.5
78.7 78.6 77.3 77.7 78.2 78.1 77.9 77.7 79.5 80.9 80.5 82.2 82.3 82.3 81 81.8 81.4 81.9 81.2 80.8 80.1 80.9 81.6 81.8 81.5 81.1 80.5 80.7 81 81.2 82 83.3 88.2 92.2 93.7 94.8 96.5 98.8 102.1 105.5 108.8 111.6 112.7 113.5 113 112.8 112 109.9 106.7 104 101.4 98.7 97.1 95.1 93.6 92.7 91.9 91.3 91.6 90.9 90.3 89.7 89.1 89.1 89.4 89.9 90.7 91.6 92.4 93.3 94.6 96.1 97.9 99.7 101.6 103.2 104.6 106 109 112.5 115.5 120.5 125.5 130.3
78 78.5 77.8 78.3 78.3 79.8 81.4 82 84 84.8 87.4 89.7 91 91.2 91 90.4 88.7 88 86.7 86 85.4 85.1 84.2 83.6 83.4 83 82.3 81.7 81.4 81.7 82.7 85.5 90.6 95.1 96.7 97.7 99.2 102.4 105.6 108.7 111.9 113.7 113 113.7 113.8 113.6 112.9 110.1 108.1 105.7 103 100.5 98.7 97.5 95.7 94.2 93.2 92.8 92.2 91.6 90.9 90.3 89.8 90 90.1 90.4 91.2 92.5 93.6 94.5 95.4 97 98.8 100.5 102.3 104.1 105.6 107 110.7 114.5 119.2 124.4 129.4 134.6
79.9 79.6 80 80.2 84 86 88.1 88.3 88.9 91.7 95.2 97.1 98.1 99 97.6 96.3 95.9 94 92 91 90.7 90 86.9 85.5 85.2 84.8 84.2 83.9 83.6 83.6 84.9 88 93 97.9 101.2 101.6 102.5 105.6 108.7 111.9 115 115.7 117.4 118.4 116.4 114.5 113.8 111.5 109.4 107.3 104.7 102.2 99.9 98.8 97.7 96.2 94.9 93.5 92.8 92.2 91.6 91 90.7 90.9 91.1 91.4 92.1 93.8 94.5 95.5 96.3 97.9 99.7 101.5 103.1 104.8 106.6 108.7 112.3 115.6 119.7 125.1 131.5 140.8
86.1 87.9 89.5 90.8 92.2 92.3 92.5 92.4 94.4 98.3 101.5 104.7 103 101.9 101.1 100 98 95.9 94.2 94.1 94.1 93.5 89.8 87.3 87 86.7 86.4 87 87.1 87.3 87.8 90.7 95.7 100.8 104.6 105.2 106.5 109.3 112.1 115 118.2 119.7 121.3 121 119.5 117.4 114.5 112.6 110.7 108.8 106.2 103.9 101.5 100 98.9 97.8 96.3 94.4 93.7 92.9 92.2 91.5 91.6 91.9 92.3 92.7 93.6 95 95.6 96.3 97.1 98.9 100.6 102.4 104.1 105.8 107.5 110.1 113.3 116.8 120.5 126.7 134.4 143.9
90.7 92.5 93.4 93.9 94.8 94.3 94.4 95.8 96.7 99.4 101.7 105 103.6 102 100.1 97.3 96.4 95.8 95.2 93.8 94 92.5 90.2 88.8 88.6 88.6 89.4 90.3 90.6 90.9 91.2 94.5 99.4 103.9 106.5 108.7 110.4 113.3 116.1 118.9 121.4 122.5 123.7 122.8 120.9 118 115 112.8 110.6 108.4 105.6 104.3 103.1 101.2 99.9 98.4 96.9 95.3 94.5 93.8 93.1 92.4 92.6 93 93.4 93.9 95.3 95.9 96.4 97.1 98 99.8 101.5 103.3 105.1 106.8 108.5 111.5 114.7 118.3 122.5 128.3 136.3 145.2
95.4 97.2 97.3 97.3 97.2 96.6 95.9 96 96.6 96.2 98.2 98.2 97.6 95.8 94.9 93.9 93.5 93.6 93.5 91.7 90.9 89.8 89.3 89.1 89 89.8 91.6 93.3 93.6 94.3 96.6 99 103.1 105.8 108.4 111.8 114.3 117 119.8 122.6 124.3 125.1 124.1 121.8 119.5 116.6 114.3 112.1 110 107.7 105.5 104.2 102.9 101.4 100.1 98.7 97.4 96.2 95.4 94.7 94 93.3 93.6 94 94.4 95.3 95.9 96.5 97.2 97.9 98.9 100.7 102.4 104.2 106 107.8 109.6 112.9 116.1 119.9 124.5 130.5 138.7 146.9
100.8 101.1 101.2 101.2 99.7 98.4 97.6 96.1 96.4 96.6 95.4 93.5 92.7 91.6 92.2 92.3 92.1 91.8 91.7 90.2 90 89.7 89.3 89 89 91.3 93.7 96 97.4 99.7 102.2 104.6 107.1 110.3 113.6 116.4 119.1 121.8 124 126.3 126.6 125.4 123 120.6 118.1 115.6 113.5 111.4 109.3 107.1 105.3 103.9 102.4 100.9 99.6 98.3 97.1 96.2 95.6 95 94.4 93.9 94.4 94.8 95.3 95.9 96.5 97.2 97.9 98.8 99.8 101.6 103.4 105.1 106.7 108.5 110.2 112.5 115.9 119.5 126.5 133.7 141 148.5
106.1 105.1 105.2 104.8 103.1 101.5 100 99 99.2 99 97.1 94.8 93.2 91.7 90.6 91.1 91.6 91.3 90.7 90.2 89.9 90 89.5 89.7 91.5 95 97.7 100.6 102.7 105.5 108 110.4 112.9 115.5 118.3 121.1 123.9 126.6 128.8 127.2 125.8 124 121.6 119.2 116.7 114.5 112.4 110.3 108.1 106 104.3 102.8 101.3 100.2 99.5 98.2 97 96.3 95.7 95.1 94.4 94.5 95 95.5 96 96.5 97.2 97.9 98.6 99.5 100.6 102.2 103.7 105.4 107.4 109.5 110.8 112.2 116.2 121.9 129 136.5 144 151.7
110.3 109.5 108.9 108.2 107 106 104.4 102.2 101.6 101.4 99.8 97.9 96.4 94.3 92.3 91.8 92.3 92.4 91.3 91.6 91.2 90.7 90.3 92.5 96.4 99.8 103.3 106.7 108.6 110.3 113.1 115.9 117.8 118.5 121.5 125.1 128.6 128.8 127.7 126.3 124.6 122.2 120.2 117.7 115.3 113 110.9 108.7 106.5 104.4 102.6 101.1 99.6 99.2 98.8 98.1 97 96.4 95.8 95.2 94.7 95.2 95.7 96.2 96.7 97.2 97.7 98.4 99.2 100 100.9 102.4 104.2 106.4 108.4 110.5 111.5 114.1 118.7 124.6 130.7 138.1 145.6 153.7
112.9 111.8 111.2 110.6 109.5 108.5 106.8 104.8 104.2 103.7 102.8 101.1 98.8 96.1 94.2 93.5 93 93.4 92.7 91.7 91.4 91.5 93.2 98.3 102.4 105.9 109.4 112.8 114.6 116.3 118 120.2 121.4 121.4 124.3 126.7 127.7 127.6 126.4 124.2 122.8 119.9 117.6 115.6 113.6 111.5 109.3 107.1 104.9 102.9 101 99.5 98.2 98.2 97.9 97.3 96.8 96 95.4 95.5 95.2 96.1 96.6 97.1 97.5 97.9 98.2 98.9 99.7 100.5 101.3 102.9 104.8 107.1 109.3 111.4 113.4 118 122.6 127.4 133.3 139.6 147.4 155.7
113.2 111.7 111 110.1 109.3 109 107.8 107.1 106.4 105.8 104.9 103.2 100.7 97.8 96.2 95.4 94.6 94.3 94.1 93.2 93.1 93.5 97.8 102.9 108.1 112 115.5 118.8 120.5 121.8 122.8 123.5 125 124.4 124.6 125.1 125.9 126.1 123.8 122.5 121.1 117.9 115.1 113.1 111 109.2 107.5 105.5 103.3 101.4 99.5 97.8 97.2 97.3 97.1 96.5 96.3 95.4 94.6 95.3 95.6 96.6 97.5 97.8 98.1 98.4 98.6 99.3 100.1 100.9 101.9 103.4 105.3 107.6 110.6 114.4 117.9 122 126.7 131.6 137.3 143 148.8 156.2
110.6 109.6 109.4 108.5 107.8 107.4 107.1 105.7 104.9 104.5 104 103.2 101.1 99.3 98.2 97.3 96.4 95.5 95.3 95.4 94.9 97.2 102.5 108.1 113.7 118.6 122.1 124 125.1 126.1 126.5 126.1 126.5 126.3 126.3 126.1 125.1 123.9 122.1 120.7 119.3 116 112.8 110.5 108.5 106.8 105.1 103.4 101.6 99.9 98 96.1 96.2 96.3 96.3 96 95.9 95.7 94.9 95.4 95.8 96.7 97.6 98.1 98.4 98.7 99.1 99.6 100.6 101.6 103.1 107.8 110.9 113.6 116.8 119.8 122.8 126.2 131.1 136.1 141.3 147.3 153 158.7
