webserver/python/data/NJ80.asc
ncols 200
nrows 200
xllcorner 380000
yllcorner 800000
cellsize 50
[rows 36 to 71 of 200, columns 0 to 80 of 200]
133.5 135.1 136.6 138.1 138.1 138.1 138.5 138.6 138.2 137.5 137.3 137.7 137.7 138.3 139.6 140.6 141.6 144.5 149.5 153.3 157.1 160.8 165.6 170.6 176.3 181.7 187.2 190 190.9 191.8 192.6 193.7 195 197.4 200.1 201.5 202.1 200.5 199.3 197.5 195.2 193.5 192.2 191.8 191.4 194.4 197.1 199.2 199.6 200 198.1 194.4 190.1 183.7 177.8 172.6 168.6 165.1 161.7 158.9 157.1 156.9 156.5 157.2 158.1 159.7 161.3 163.2 165.2 169.7 175.8 180.6 181.6 181.4 180.3 178.6 176.9 174.4 171.3 168.1 164.8
131 131.9 132.3 133.4 135.6 136.9 136.6 136.1 136.5 136.5 135.9 136.1 136.3 137.7 139 140.6 142.7 146.7 151.8 155.3 158.8 162.2 165.9 170.1 175.5 180.1 182.5 185 185 185.4 186.4 188 189.4 191 192.3 194.3 195 193.7 192.5 191.4 190.1 188.8 188.2 188.8 188.7 192.2 196.3 198.5 199.5 199.2 197 193 189 182.8 176.8 171.9 167.7 164.1 160.7 158.2 156.8 156.9 156.9 157.7 158.8 161.8 163 165.6 169.3 173.3 179.8 183.7 184.6 183.3 181.8 179.6 176.6 173.2 170.1 167 163.8
126.9 127.3 128.5 128.9 129.5 131 132.6 133.1 133.3 133.8 134.4 134.5 135.7 137 138.7 140.7 144 147.9 152.4 155.9 159.3 163 166.8 170.4 174.6 177.5 178.6 179.4 179.7 179.8 181 182.6 183.7 184.2 184.4 187.8 188.4 187.9 186.5 185.4 184.3 183.9 184.3 185.4 186.1 189.1 193.9 197.8 199.3 197.9 195.9 192.5 189.2 182.9 175.8 171.3 166.4 162.9 159.8 157.6 157.1 157.2 157.3 158.5 160.3 163.3 164.5 168.8 172.7 177.3 182.6 186 185 183.3 181.8 178.4 175.3 172 168.9 165.1 161.5
124.9 125.6 126.8 127.3 127.8 128.5 128.7 129.4 129.9 130.7 131.4 133 134.7 137 140.2 142.6 146.3 150.1 153.8 156.1 159.6 163 166.9 171 173.6 175.2 175.8 174.8 174.9 175.9 176.6 177.4 178.2 179.7 182.4 183.2 182.8 182.4 181.6 180 179.7 179.8 180.3 181.1 182.9 186.1 191 195.4 199.4 200.2 198.3 192.6 189.1 182.7 176.1 169.7 165 161.7 159.4 157.3 157.3 157.3 158.1 159.4 163.1 163.8 166.5 171 176.4 180.5 184 187.8 185.8 183.7 181 177.6 174.2 170.5 166.6 162.7 159.2
123.7 124.2 125 125.5 126 126.7 127.2 127.9 129 130 130.5 131.6 133.4 137.1 140.6 144.2 147.9 151.1 153.6 156 159.2 162 164.2 167.9 171.3 172.7 172.7 171.3 170.6 170.8 171.1 172.3 173.3 175.6 178.2 178.4 178.2 177.6 177.1 176.3 175.7 175.4 176.5 177.2 180 186.2 192.5 197.9 201.7 203.6 200.9 195.5 188.3 181.9 175.6 167.8 164 160.9 158.5 157.4 157.4 157.8 159 161.8 163.3 167 171.1 175.1 181.2 185.4 188.1 189.4 187.5 183.7 179.1 175.4 171.6 168.1 164.1 160.2 157.8
121 121.6 122.7 123.6 124.2 125 125.8 127 128.1 129.3 130.2 130.5 133.7 137.2 140.7 144.2 147.8 150.2 152.7 155 157.8 159.7 161.9 164.4 167.2 168.5 168.9 168.1 166.5 166.6 166.9 167.4 169.2 171.5 173.7 174.6 175.3 175 174 172.9 172.2 171.9 174.3 176.6 181.2 188.5 196.5 200.6 203.7 204.5 202 197.3 189.8 183.1 176 167.8 163.7 159.8 158.3 157.5 157.6 158.6 160.3 163.9 167.1 170.5 173.9 179.3 186.5 190.3 192.2 190.7 186.6 181.9 177.1 172.8 169 165.6 161.7 158.3 155.8
118.2 119.2 120.2 121.6 123.2 124.3 125.3 126.1 126.9 127.6 128.5 130.5 132.9 136.1 139.7 143.1 146.3 149.3 151.6 153.7 155.4 156.9 158.6 160.9 162.5 163.7 163 163.3 162.9 162.5 162.8 163.3 164.5 166 168.9 169.5 170.9 170.8 170 168.8 168.4 169.4 172 176.7 184 191.9 201.1 203.8 205.8 207.1 204.5 198.7 189.6 179.9 173.7 168.9 164.6 160.9 157.9 157.8 158.3 159.5 162.4 165.2 168.6 173.4 178.8 185.8 190.8 191.5 192.5 190.3 184.4 179.8 175.2 170.4 166.5 163.1 159.7 156.5 153.8
115.4 116.4 117.6 119.7 122.5 123.8 124.9 125.7 126.4 127.1 127.7 129.3 132.2 135.1 137.8 140.5 144 148.1 150 151.9 153.3 154.9 155.9 156.4 157.8 158.1 158.5 158.6 158.3 158.3 158.6 159 159.4 160.2 160.4 160.8 161.8 162.3 162.8 162.8 163.8 166.1 168.6 173.7 183 191.6 199.7 202.9 207.8 208.7 206.9 199.4 189.8 179.5 176.1 169.9 165.2 162 158.8 158.3 159 162 164 167.5 170.6 176.8 181.2 187.9 191.4 192.2 190.7 187.3 182.2 176.8 172.4 168 163.7 160.1 157.2 154.4 151.9
113.9 115.5 116.5 118 121 123 124.5 125.1 125.7 126.4 126.9 127.2 129.7 132.3 134.9 138 141.7 145.6 147.7 148.9 150.4 152.4 153.2 153.9 154.2 154.7 154.9 155.1 154.8 155.5 154.8 154.6 155.9 156.2 154.1 155.2 155.6 156.2 157.1 158 159.9 162.1 165.1 169.1 175.5 188.1 193.4 198.6 202.2 205.9 205.3 199 191.8 182.4 177.9 170.6 165.1 161.8 159.8 158.4 159.3 160.8 162.8 167.5 172.3 178.8 182.2 187.5 189.3 188.6 186.6 183 179.2 173.9 169.1 164.8 160.8 156.9 154.2 151.5 148.8
113.8 115.6 117 118.4 119.9 122.3 123.8 124.5 125.1 125.7 126.1 126.5 127.2 129.6 131.4 134.2 136.3 140.1 141.2 145.3 146.1 147.3 149.5 151.3 151.7 152.2 153.1 153.3 153.2 154.2 153 152.7 152.5 153.1 153.6 153.8 153.9 154.5 155.3 156.5 157.8 159.6 161.8 164.9 170.4 182.8 188.9 192.1 196.6 199.6 200.4 196.9 190.5 182.3 177.2 170.3 164.7 161.5 159 157.1 158 159 163.4 165.7 172.1 176.2 180.7 184.4 184.8 183.6 182 178.9 175.3 170.3 165.7 161.3 156.9 153.7 151 148.3 145.6
112.3 114.1 116.1 118.2 120.3 122 123.2 123.8 124.4 125 125.4 125.7 126 126.7 128.2 129.6 131.2 133.4 135.9 138.4 140.7 142.8 144.4 146.4 148.9 149.5 150.3 151.2 152.6 151.6 151.4 151.5 152.7 153.5 154.4 154.4 153.4 154.4 154.8 156 156.6 157.4 159.5 161.1 165.2 173.8 181.3 187.4 189.5 195.8 196.5 193.6 187.5 178.2 173.1 167.2 163 160.5 157.9 155.7 155.8 158.4 161 164 171.4 174.2 178.1 180.1 180.2 178.7 176.8 172.4 169.3 164.9 161.6 157.2 153.3 150.6 147.9 145.2 142.4
110.6 112.6 114.6 116.6 118.7 120.8 122 122.9 123.7 124.1 124.4 124.7 124.2 124.9 125.8 127.2 128.3 129.8 131.7 133.6 136.1 139.6 140.4 142.2 144.1 146.4 147.8 148.8 148.4 149 150.2 152.3 153.6 154.8 156.4 155 153.6 154.5 154.5 154.8 155.1 155.7 156.8 158.4 161.5 165.4 170.6 178.4 186.5 190.7 191.6 189.1 182.3 174.3 167.6 162.8 159 156.9 154.3 153.3 152.3 154.6 157.3 160.7 166.2 170.5 175.8 177.7 177.5 176.4 172.4 166.6 162.8 159.9 156.8 153.2 150.1 147.4 144.7 142 139.3
109.1 111.1 113.1 115.1 117.1 119.1 120.3 121.3 122.1 122.5 122.9 123.4 123.4 123.9 124.5 124.9 126.1 127.4 128.8 130.7 132 135.4 137.3 138.1 139.4 141.7 144.3 145.9 145.1 148.9 150.6 153.2 155.3 156.4 157.8 156.4 155 153.6 153.6 153.2 153.3 153.1 153.3 156.5 159 161.2 164.5 167.9 176.4 182.4 183.5 179.5 173 167.1 163.2 159 154.7 152.1 150.4 149.8 149.5 150.5 153.6 157.6 162.1 164.4 166.9 169.8 168.7 165 164.2 161.3 159.8 154.2 152.2 149 147 144.3 141.5 138.8 136.4
107.6 109.6 111.6 113.5 115.4 117.2 118.9 119.9 120.5 120.9 121.1 121.9 122.7 122.9 123.6 123.6 124 125.4 126.7 128 129 130.4 132.6 133.4 135.7 137.4 141 143.2 143.3 145.7 148.7 153.6 156.7 160 158.8 158.7 156.6 154.4 154 152.4 150.7 150 150.3 155 156.8 158 160.3 162.2 165.5 169.8 171.8 167.6 165.2 161.3 157.6 154.4 150 148.1 147.3 147.3 146.8 148.1 150.9 153.1 155.5 157.9 160.8 160.8 160.6 159.8 157.6 155.3 151.5 150.4 148.6 144.5 142.5 140.4 138.4 135.7 133.5
106 107.9 109.8 111.8 113.7 115.3 117.1 118.3 118.9 118.8 119.6 120.5 121.3 121.9 122.1 122.1 122.2 123.4 124.8 126.3 127 127.3 127.5 131 132.2 134.1 137.5 140.2 139.6 143.8 147.1 154.2 159.4 161.1 160.1 158.8 155.2 154 153.4 152.4 152.4 151.2 146.4 150.9 152.2 153.9 154.9 157.2 158.8 159.9 159.5 158.9 157.1 154.8 152.3 148.3 145.7 145 144.1 144.6 144.1 145.2 146.5 148.3 150.7 152.3 153.7 154.6 154.4 153.9 151.4 149 146.7 144.9 144.8 140.8 138.3 136.4 134.2 132.1 130.7
103.8 106.2 108.1 110 112 113.3 114.4 114.4 114.4 117.3 118.2 119 119.8 120.5 120.6 120.6 120.8 121.6 123 124.8 125.2 125.6 123.7 128.3 130 131.2 133.3 136.9 138.9 141.6 144 154.5 155.9 157 152.5 152.4 152.6 152 151 150.6 149.5 148.1 145.7 143.6 146.6 148.8 150.9 149.6 151.3 152.3 152.7 151.9 149.7 148.7 145 143.7 142.4 140.9 140.7 140.8 140.4 141.5 142.9 144.4 145.3 147.7 148.7 148.4 148.2 147.6 146 143.5 142.6 140.3 138.3 136.6 134.7 132.7 130.7 129.1 128.1
101.9 103.8 106.1 108.3 110.2 111.4 112.7 113.7 114.7 116 116.8 117.6 118.3 118.8 119 119.1 119.3 120.1 121.4 123 123.4 123.1 124 125.9 128.8 129.6 133.8 135.6 137.4 140.2 143.9 148.3 149.1 146.7 149.4 149.4 149.1 145.8 145.9 144 143.1 143.3 142.7 142 143.2 145.7 144.6 145 146.4 147.4 147.5 145.6 144.3 143.3 142.5 140.7 139.1 137.9 137.8 138.3 138.3 139.7 141.1 139.9 142.7 143 142.7 141.5 141.1 141.5 139.9 138.9 139.9 137.7 136.1 134.4 132.5 130.6 129 127.5 126.1
99.9 101.5 103.8 105.8 107.8 109.6 110.6 112 113.3 114.4 114.9 114.9 116.1 116.8 117.4 117.5 117.9 119.5 120 121.2 123.2 124 124.9 126.4 127.9 131 133.2 134.6 136.1 139.2 142.8 143.8 142.9 141.6 142.9 140.3 141.3 142.3 141.5 139.1 138.5 138.7 139 139.9 141.3 141.7 141.3 142.2 143.4 144.2 144.1 142.5 141.7 140.6 139.4 138.2 136.9 136.3 136 135.8 136.4 135.2 134.7 135.2 137.7 137.6 136.7 137.3 136.7 137.7 137.8 137.4 137.5 135.8 134 132.2 130.7 129.2 127.7 126.3 124.8
94.1 95.8 98.2 100.5 103.1 105.7 106.9 108.6 110.4 111 111.1 112.4 114.1 115 115.3 116.1 116.8 116.9 117 118.7 120.9 123.2 125.3 126.7 128.1 131.2 132.6 133.9 134.9 135.6 137.9 137 140 137.7 136.9 137.7 136.3 134.9 134.7 134.5 134.2 134.5 135.7 136.6 137 137.7 138.5 139.8 141.1 141.5 141.4 140.3 139.6 138.8 137.8 136.5 135.2 134.6 134.3 134 133.1 133 133.6 134.2 134.3 135.2 134.3 134.1 134.9 136.1 136.4 136 135.7 134.3 132.6 131.3 129.8 128.3 126.9 125.4 123.9
90.7 91.7 91.8 93.7 97.8 98.3 101.1 103.1 105.1 107.7 108.8 109.1 111.7 113.6 112.4 113 114.4 115.6 115.9 117.9 119.9 122.2 124.5 126.4 128.5 130.1 131.7 133.1 134 134.9 133.4 134 133.8 133.4 133.5 132.3 132.4 132.1 131.9 131.7 131.8 132.7 133.6 134.5 135.6 136.8 137.8 137.7 138.7 138.8 138.8 138.7 138.1 137.4 136.3 134.9 133.6 132.7 132.4 131.9 131 130.9 131.7 132.2 133.4 133.5 132.6 132.8 133.4 134.5 135.2 135.1 133.9 132.7 132.3 130.8 129.2 127.6 126.1 124.6 123.1
87.4 87.6 88.6 89.7 90.9 92.1 94.3 96.8 99.3 100.6 104.1 106.2 107.9 110.5 110.4 111.2 112.3 113.7 115.2 117.2 119.2 121.2 123.5 126.1 127.5 129 130.5 132.2 133.8 132.8 132.9 132.3 132.8 132 130.5 129.9 129.7 129.6 129.6 129.5 130 130.9 131.8 133.5 135.3 136.3 137 135.7 135 135.8 135.5 136.7 136.6 136.1 134.7 133.4 132 130.8 130.4 129.9 129.3 129.4 130.2 130.4 131.3 132.8 132.8 132.9 132.7 133.3 134.1 133.5 133.2 132.9 131.8 130.2 128.5 126.9 125.2 123.6 122.2
86 86.5 87.1 88.4 89.7 90.7 92.9 96 98.9 100.6 102.3 105.2 107.1 108.7 109.9 111 112.3 113.5 114.8 116.5 118.5 120.6 122.4 124.7 126.3 127.9 129.4 130.6 129.9 130.9 131 129.9 128.9 129.8 129.1 128.4 127.7 127.5 127.5 127.5 128.2 129.2 130.8 133.1 135.8 135.6 135.3 134.4 133.6 132.3 131.5 133.3 134.8 134 132.2 131.3 130.2 129.6 128.9 128.2 127.8 128.4 129.7 130.2 131.6 132.4 132.7 132.9 133 133 133 132.9 132.6 131.8 130 128.3 126.7 125.2 123.6 122.1 120.9
85.8 86.2 86.6 87.2 88.4 89.8 92.5 95.6 98.7 101.3 103.7 105.4 107.2 108.9 109.8 111 112.2 113.5 114.7 115.9 117.9 120.1 122.2 123 124.1 125.8 127.5 127.8 127.4 128.2 128.3 127.4 127.6 128 127.6 126.8 126.2 125.5 125.3 125.7 126.3 127.9 129.6 131.2 132.6 133 133 132.1 132.7 131.8 131.2 130.6 130.8 130.3 130.2 130.2 128.4 128.4 128 127.7 127.2 127.9 129.2 130.3 130.9 131.4 131.8 132.1 131.9 131.9 131.9 131.8 131.8 129.9 128.3 126.7 125.2 123.6 122.1 120.5 119.6
85.7 86.1 86.5 87.8 87.6 89 91 94.1 97.6 100.9 103.3 105 106.4 107.5 109.7 110.8 112.1 113.3 114.6 115.7 116.9 118.4 121 123.1 123 123.1 124.3 125.2 125.4 125.4 125.1 124.9 125.6 125.8 125.9 125.3 124.6 124 123.6 124.2 125.5 127.2 127.8 128.2 128.6 131 131.1 130.7 130.8 130.6 129.3 128.4 128.1 127.8 127.4 128 126.9 127 127 126.9 126.8 127.7 128.9 128.9 129.8 130.4 131 131.2 130.9 130.8 130.8 130.7 130.1 127.7 126.6 125.2 123.6 122.1 120.5 119.4 118.6
85.6 86 86.5 87.5 88.3 88.6 89.8 92.7 96.1 99.3 102.3 103.6 104.7 105.9 108.7 110.2 111.8 113.2 114.4 115.6 116.7 117.8 119 121.4 120.8 120.6 121.3 122 122.6 122.5 121.7 121.8 123.1 123.5 123.7 123.7 123 122.9 122.7 123.4 124.7 125.2 125.7 126.3 126.9 128.5 129.3 129.2 128.4 128.7 128 127.5 127.5 127.4 126.4 125.1 124.9 125 125 125.3 125.9 126.5 126.5 127.2 128.1 129 129.9 130.1 129.9 129.7 129.6 129 128.3 126.5 124.8 123.5 122.1 120.6 119.1 118.3 117.5
85.5 86 86.5 87.2 87.9 88.7 89.8 90.8 93.8 96.7 99.9 101.9 103.7 104.5 107.1 109 110.8 112.6 114.3 115.3 116.1 117 118.3 118 118 118.6 118.8 118.8 119.3 119.4 118 118.2 119.6 120.8 121.1 121.7 122.4 122.7 122.9 123.1 123 123.6 124.2 124.8 125.4 125.5 124.9 125.3 125.4 124.9 124 124.7 125.9 125 123.5 123.2 122.8 123 123.7 124.4 125 125.3 125.4 125.5 126.3 127.2 128 127.9 128.3 128.4 128.1 127.6 127 125.6 123.6 121.8 120.4 119.1 118 117.2 116.4
85.8 86.3 86.7 87.4 88.1 88.8 89.6 89.7 91.2 94.4 97.4 99.5 101.6 103.5 104.9 106.9 109 111 113.1 114.2 115.1 116 116.8 116 116.3 117.2 116.8 116.6 116.9 116.4 115.3 115.8 117.3 118.6 119.4 121.2 122.1 122.5 123.1 123.3 123.2 123 122.9 123.3 123.8 123.6 122.8 122.7 122.9 122.1 120.5 122.7 123.9 121.6 121.3 121.8 121.6 121.7 122.9 123.4 123.2 123.3 123.8 124.2 124.7 125.4 125.5 124.6 126.1 126.8 126.8 126.2 125.6 124.8 123.1 122.2 120.5 118.2 116.9 115.8 114.8
86 86.4 86.9 87.6 88.6 88.6 88.7 89.3 89.9 92.2 95 97.2 99.5 101.6 103.4 105.5 107.6 109.7 111.8 112.9 113.5 114.6 114.9 114.3 113.9 114.4 115.2 114.2 113.1 112 111.7 113.7 115.8 117.7 119.1 120.6 121.9 122.4 123 122.8 122.5 121.9 121.2 121.4 121.9 121.5 121.2 120.9 120.6 119.7 119.7 120.7 120.3 119.7 120.8 121.2 121.2 121.2 121.9 121.8 121.7 122.3 122.7 123 123.2 121.8 121.7 121.2 121.5 125.1 125.1 124.9 124.1 123.1 123 121.8 120.4 117.5 115.9 114.9 114.1
86.6 86.7 87.1 88.2 88.5 88.6 89.3 90.2 90.6 90.9 93 95.2 97.5 99.8 102 103.9 106.1 108 109.8 111.1 111.9 112.6 112.8 112.4 111.9 111.9 113.7 112 111.3 110.9 111.1 112.8 114.6 117.7 119.4 120.3 121.6 122 121.9 121.8 121.5 121.1 120.5 120 119.8 119.8 119.8 119.4 119 118.9 119.1 119.2 119.4 119.6 120.9 120.3 120.6 120.8 120.6 120.4 120.7 121.3 121.9 122.2 122.5 121.8 122.2 121.4 120 120.8 124.4 123.7 121.8 122 122.7 121.3 119.8 117.2 115.2 116.9 117.1
88.1 88.4 88.5 89 89.8 90.5 91 91.5 92 92.6 93.4 95 96.7 98.6 100.9 102.8 104.1 105.9 107.8 109.1 110.2 110.5 110.4 111.6 110.2 111.4 111.3 110.7 110.1 110.2 110.7 111.9 113.7 117.5 119.6 121.3 121.6 121.8 122 121.5 121 120.6 120.1 119.8 119.4 119.1 118.9 118.9 118.9 118.7 118.7 118.8 119.2 119.4 120 119.9 120.2 121.2 121.2 121 121.3 121.2 121.1 121.4 121.8 121.8 121.7 121.6 120.3 119.1 121.1 123.1 120.5 119.4 120.3 120.3 117.7 116.4 115.4 116.6 116.7
91 91.4 91.6 92.7 93.3 93.5 93.8 94.1 94.5 94.8 94.2 96.1 97.8 99.5 101.7 102.9 103.8 104.7 105.8 107.8 109.5 110 110.3 111.3 110.3 109.5 109.1 109.1 109.6 109.7 110.2 111.5 113.4 118.6 119.5 120.4 121.1 121.8 122.3 122.2 122 121.9 120.6 120.3 119.9 119.4 119.1 119.1 119.1 118.7 118.4 118.4 118.8 119.3 119.4 119.6 120.3 121.6 122.1 121.9 121.7 122.5 122.4 122 121.8 122.4 122.3 121.5 120.9 119.8 121.1 122.9 120.6 116.8 118 117.6 116.7 116 115.8 116.3 116.3
93.9 94.3 95.1 95.5 95.9 96.3 96.6 96.6 96.6 96.9 96.9 97.3 98.6 100.3 102.1 103 103.9 104.8 106.1 107.9 109 109.4 109.5 109.2 108.7 108.4 107.8 108.3 109.2 108.2 109.8 111.3 113.2 117.4 119.4 120.9 121.9 123 123.3 123.5 123.3 123.2 121.7 120.8 120.4 120 119.7 119.5 119.1 119 118.7 118.2 118.7 119.9 120.6 120.8 120.5 122 123 122.7 122.5 123.6 123.6 122.8 122.5 122.8 123.4 123.5 126.4 124.1 124.2 123.2 122.3 121.1 116.6 115.6 114 116.2 115.5 115.9 115.9
97.2 97.5 98 98.1 98.4 98.3 97.9 98 98.1 98.4 98.9 98.6 99.5 101.1 102.2 103.1 104 105.1 106.6 107.9 108.3 108.5 108.2 107.9 107.4 107.1 107.2 107.2 106.9 108 109.3 110.7 112.9 118.5 120.3 122 123.1 124 124.1 124.3 124.5 124.4 123 121.6 120.9 120.6 120.2 119.9 119.2 119.2 119.1 119.3 119.4 120.4 121.9 122.3 121.8 122.1 123.1 121.6 121.5 123.3 123.5 123.6 124.6 124.5 125.2 126.1 127.3 127.5 127.4 124.6 127.4 122.8 120.1 118.3 116.7 115.3 114.2 113.2 114.9
101.3 100.8 100.3 100.3 100 99.7 99.2 99 99.5 99.8 100.4 101.1 101.3 101.3 102.2 103.1 104.1 105.6 106.5 107.1 107.5 107.1 106.9 106.6 106.3 106.2 106.8 107.4 107.5 108.8 110.1 111.4 114.4 118.2 120.4 122.2 124.3 124.8 125 124.7 124.5 123.2 122.7 121.7 120.9 120.5 120.2 119.9 119 119.3 119.5 120.6 121.3 121.6 122.1 122.5 121.6 121.8 122.2 121.5 122.3 122.3 122.8 124.3 125.4 129.3 131.3 131.2 127.8 128.3 127.9 126.4 128.9 126.2 123.5 120.9 117.2 115.5 115.1 114.4 113.5
102.5 101.7 101.3 101.5 101.3 100.9 100.4 100.2 100.8 101.3 102 102 102.2 102.2 102.3 103.2 104.4 105.1 105.8 106.3 107 105.1 105.5 106.1 106.2 106.8 107.2 106.9 108.5 109.5 110.6 111.8 113.9 117.1 119.8 121.4 122.2 122.9 124.2 123.8 122.9 121.1 122.4 122.5 121.1 120.3 119.7 119.4 118.2 118.4 118.6 120.1 121 121.3 121.8 121.5 121.7 121.9 121.8 121.6 123.1 123.5 123.6 130.4 130.3 129.2 131.8 131.5 128.8 129.4 128.8 128.2 131.4 128.5 125.4 121.9 118 115.3 115.1 115.1 114.4
102.2 101.5 101.7 102 102.2 101.7 99.6 100.5 101.4 101.7 101.7 101.7 101.9 102.2 102.6 103.1 103.7 104.5 105.2 105.8 106.5 106.7 107.1 107.5 107.5 107.5 108 107.9 109.2 110.1 111.1 111.6 112.8 114.3 116.7 119.5 120.4 121.1 121.8 121.6 121.5 120.2 119.6 120.5 121.2 120.4 119.7 118.8 117.5 117.3 117.5 119.7 120.6 121 121.3 121.4 121.6 122 122 122.3 126.6 130.4 130.4 130.5 130.4 130.3 130.3 130.3 131.7 132.3 129.4 128.9 131.9 130.3 127.2 122.8 119.2 116.8 115.4 115.3 114.3
