webserver/python/data/NJ90.asc
ncols 200
nrows 200
xllcorner 390000
yllcorner 800000
cellsize 50
[rows 114 to 151 of 200, columns 0 to 85 of 200]
93.3 92.3 91 90.4 89.7 89.3 88.7 88 87.7 86.8 86.3 85.8 84.4 82.8 80.9 79.9 78.8 77.5 75.4 73.9 73.1 71.8 70.2 68.6 66.8 64 61 59.1 57 54.5 52.4 50.7 50.2 50.5 43.9 43.2 42.2 41.2 39.1 38.3 37.2 36 34.6 32.5 31.4 30.2 28.8 27.6 26.5 25.4 23.1 19.4 16.3 14.5 14 13.7 12.7 12.9 14.4 12.9 11.6 8.8 7 6.5 6.6 6 -1.6 -1.6 -1.6 -1.6 7 8.4 8.5 7.3 6.4 8.5 9.4 9.3 6.1 3.5 3.6 3.3 -1.6 -1.6 -1.6 -1.6
93.8 92.7 91 90.4 89.7 89 88.3 87.7 86.8 86.2 85.8 85.8 84 82.2 80.7 79.2 78.1 76.8 75.2 73.6 72.2 70.5 68.9 67.3 65.5 62.9 60.5 58.1 56.1 53.9 52 50.5 51.3 52.1 49.4 43.6 42.4 40.4 39.1 38.2 36.6 35 33.2 30.9 29.5 28.3 27 25.8 25.4 24.8 22.6 19.4 15.8 14.1 13.8 13.6 13.4 13.6 14.5 13.3 11.7 9.1 7.4 7 -1.6 -1.6 -1.6 -1.6 -1.6 -1.6 -1.6 -1.6 8.6 6.8 5 7.7 6 5.3 3.6 3.2 -1.6 -1.6 -1.6 -1.6 -1.6 10.1
93.9 92.8 91 90.2 89.4 88.7 87.9 87 86.3 85.6 84.9 84.3 82.6 81.5 80.4 79 77.5 76.2 74.7 73.9 72.1 69.7 67.6 65.7 63.8 61.8 59.3 57 55.2 53.3 51.5 51.6 52 50.7 49.7 43.2 41.9 40 38 36.8 35.1 33.5 31.8 29.8 28 26.4 25.9 25.3 22.8 21.5 22 16.1 14.9 13.7 13.5 13.3 13.1 12.9 13.1 12.3 10.9 8.5 5.8 -1.6 -1.6 -1.6 -1.6 -1.6 -1.6 -1.6 -1.6 -1.6 -1.6 -1.6 4 4.2 3.1 1.8 -0.6 -1.6 -1.6 -1.6 -1.6 5.2 7.9 9.1
93.8 93.1 91.1 90.1 89.4 89.4 88.2 87.5 86.3 85.6 84.5 83 81.8 80.8 79.7 77.8 75.8 75.7 75.4 75 73.6 69.5 66.3 64 62.1 60.1 58.1 56.2 54.5 52.8 51.5 51.6 52.5 51 45.7 41.6 39.8 38.2 36.7 35.2 33.6 31.9 30.3 28.4 26.6 25 24.6 23.4 19.6 17 15.2 19.4 13.8 13.3 13.2 13 12.8 12.6 11.2 10.3 8.8 6.2 -1.6 -1.6 -1.6 -1.6 -1.6 -1.6 3.1 2.9 -1.6 -1.6 -1.6 -1.6 -1.6 -1.6 -1.6 -1.6 -1.6 -1.6 -1.6 -1.6 5 6.4 7.4 7.4
93.5 93.2 93.1 91.1 90.1 89.4 90.2 87.3 86.3 85.4 84.3 83.2 81.6 80.1 79 77 76.2 75.5 74.9 74.7 74.6 68.3 65.1 62.7 60.6 59 57.4 55.6 53.9 52.3 50.7 49.4 49.1 43.8 41 39.4 37.7 36.2 34.7 33.4 32 30.3 28.7 27 25.3 23.3 22.5 19.7 18.3 14.3 13.2 13.7 15.9 13.4 13 12.8 12.6 11.9 9.9 9.2 7.6 -1.6 -1.6 -1.6 -1.6 -1.6 3.9 3.3 3.3 2.9 2.4 2.6 -1.6 -1.6 -1.6 -1.6 -1.6 -1.6 -1.6 5.3 5 7.3 9 10 9.4 8.9
94.6 94 94.6 92.6 93 94.4 94 87.9 86.1 85.2 84.2 83 81.5 79.9 78.4 77.7 76.9 75.7 73.8 71.8 71.2 65.4 63.6 61.6 59.8 58.4 56.9 55 53 52.4 47.4 44.5 43.2 40.9 39.6 36.7 35.5 34.2 32.7 31.4 30.1 28.8 27.2 25.4 23.9 21 18.9 17 13.6 12.4 11.8 12.3 13.8 13.2 12.4 11.8 13.1 10.7 9.2 8.4 5.8 -1.6 -1.6 -1.6 -1.6 4 3.9 3.8 3.6 4 4.7 3.1 3 3.1 3 -1.6 -1.6 6.5 7.5 8.4 9.1 10.7 13 12.9 13.4 11.2
95.8 95.6 94.4 93.2 93.2 94 89 86.9 85.6 84.8 84.1 82.5 80.7 78.9 77.5 77.1 76.5 74.7 72.1 69.5 66.6 64 62.3 60.7 59 57.3 55.2 53.1 50.9 48.2 45.5 40.7 40.4 36.8 35.4 32.9 32 31.1 30.3 29.9 28.2 27.7 25.7 26.8 20.5 17.9 16.6 13 11.8 10.6 10 9.8 11.5 12.9 11.8 10.4 10.6 9.1 8.6 8 -1.6 -1.6 -1.6 -1.6 4.6 4.5 4.1 3.9 3.7 8.2 8.2 6.2 6.4 5.8 7.3 8.4 9.7 10.1 12.1 12.2 13.9 14.8 16.1 16.4 15.7 14.8
97.4 96.1 93.4 92 91.5 88.8 87.1 86.7 85.7 84.9 82.9 81.2 79.6 78 76.6 75.7 74.9 72.9 70.5 67.8 65.2 62.9 61 59.6 57.2 55.1 53.1 49.4 47.6 43 40.3 38.9 35.3 32.1 30.4 29.5 29 28.3 27.5 27.5 26.6 25.4 21.7 20.4 16.2 16.8 15.6 13.2 10.8 10.3 10 10.1 10.3 12.2 12.3 10.9 8.5 8.3 8.2 5.1 -1.6 -1.6 -1.6 4.7 4.6 4.5 4.1 4.1 7.7 8.6 10.8 11.1 10.6 11.1 12.3 13.6 15.3 17 17.2 17.5 17.7 18.7 19.5 19.5 19.1 18.3
97.4 95 92.3 90.8 89.7 87.1 85.4 84.9 85.2 83.8 81.4 79.6 78 76.5 75.1 74.2 73.3 69.5 68.1 65.3 63.1 61.9 60 58 55 52.3 47.5 45 42.9 39 34.4 32.4 30.8 29.2 27.7 26.9 26.1 25.5 24.8 23.7 21.7 22.5 22.5 19.7 19.7 17 16.9 15.6 10.7 10.4 10.2 10.6 9.9 9.8 11.8 10.6 8.6 6.6 6.3 -1.6 -1.6 -1.6 4.7 5.1 5 4.8 6.2 8.4 12.9 14.2 14.3 14.9 15.7 16.4 16.9 17.3 18.1 19.6 21.7 23.8 22.9 22.5 22.4 22 21.6 21.2
96.6 93.9 91.2 89.7 88 85.5 83.3 83.2 83.2 82 79.9 78.1 76.6 75.1 73.1 69.9 69.8 68.3 66.6 64.1 61.3 59.8 56.7 54.6 52.5 47.6 44 40.3 37.5 35 32.4 30.1 29 27.2 25.6 24.8 24.2 22.4 20.8 21.5 20.5 21.2 20.4 22.3 21 18.7 20.2 18.9 14.6 10.5 10.1 8.5 8.3 8.7 13.5 10.9 7.6 5.9 3.8 -1.6 -1.6 -1.6 4.1 4.9 5.4 8.9 8.7 15.5 15.8 17 18.5 18.9 19.7 20.7 20.9 23.6 23.3 24.2 26 27 27.7 26.4 25 24.9 23.6 22.5
95.4 92.7 90.1 87.9 86.2 83.9 81.6 81.1 80.7 80 77.6 76.2 74.9 72.5 70.5 68.6 68.1 65.6 64.4 60.8 58.8 56.7 54.3 52.1 48.7 45.7 39.5 35.6 34.1 32.3 30.6 29.4 27.3 25.2 23.3 21.9 21 22.6 23.9 23.2 21.5 22.3 22.7 23.6 22.4 22.6 22.4 20.6 17 10.7 9.9 9.1 8.4 8.5 12.3 9.1 5.3 7 -1.6 -1.6 -1.6 5 3.3 4.5 9.4 9.8 17.4 18.7 19.1 20.1 21.3 23.1 25.6 25.9 27.5 28.9 29.4 30.2 30.2 30.9 30.1 30.4 27.4 28.1 26 25.1
93.4 90.6 88.4 87.1 85.1 82.7 80.6 79.1 77.2 75.9 74.7 72.2 71 69.7 68.1 67.3 64.8 60.9 59.3 58.9 56.2 52.9 50.7 46.5 42.2 38.2 35.2 33 30.8 28.4 26 25.1 23.1 23.5 23.5 24.5 25.4 24.8 24.1 23.4 22.5 23 24 25.3 24.6 25.2 23.6 21 18 13.1 9.2 8.5 8.2 9.2 8.9 7 3.8 4.5 -1.6 -1.6 -1.6 4 4.4 9.9 9.8 17.5 19.1 21.1 22.6 23.6 25.3 28.3 30.7 31.3 33 32 34.9 34.5 35.8 35.2 33.7 34.3 34.6 31.4 30.2 28.4
91 89 86.9 86.1 83.7 78.7 76.7 74.8 72.7 72.3 72.1 68.3 67.5 66.1 64.4 62.3 59.6 57.6 57 52.7 50 45.2 44.3 40.5 36.3 33.3 30.8 28.7 27.2 26.2 23.7 24.1 24.2 28 29.6 29.6 27.8 27.6 27.4 26.5 25.6 25.3 25.9 26.2 26.4 26.1 25.1 23.2 20.5 14.6 8.1 7.9 7.8 8.1 7.6 6.8 6.4 -1.6 -1.6 -1.6 5.5 3.2 8.7 10.3 17.2 19.7 23.1 25.4 27.9 28.9 30.3 32.4 34.8 35.6 35.8 37 38.5 39.6 39.6 39.2 38.5 38.1 39 33.6 34.7 34.4
88.2 86.1 83.8 80.7 76.7 73.7 71.8 69.9 68.4 68.5 68.4 65.2 63.5 61.7 59.4 57.7 53.8 53.1 51.9 46.5 42.6 40.2 37.2 34.1 31.9 30 27.9 26.5 26.8 29.6 31 33.2 34.1 33.9 33 32 30.6 31.2 30.8 29.6 27.1 26.7 26.6 26.9 26.8 26.9 26.3 24.9 22.5 14.4 7.1 7.3 7.6 7.7 7.3 7.3 5.8 -1.6 -1.6 -1.6 6.3 8 11 14.5 19.3 22.4 26.9 29.8 32.1 34.9 36.6 38.7 39.5 40.8 40.9 40 40.8 41.2 42 43 43.5 43.2 43.6 42.4 41.2 38.3
84.6 82.3 78.1 73.5 71.1 68.9 66.9 64.8 64 63.3 61.7 60.2 58.6 56.5 54.9 52.7 51.2 49.2 46.2 43.2 38.9 35.7 33.2 30.8 29.3 27.8 27.1 31.2 34.6 36.2 37.1 39.1 38.2 37.3 36.6 35.7 35 34.7 33.8 31.7 29.4 29.2 27.8 27.7 27 27.5 26.9 25.4 23.6 13.6 6.9 7.1 7.2 7.5 7 5.7 -1.6 -1.6 -1.6 -1.6 7.8 11.9 12.8 16.8 21.9 27.2 32.1 34.8 37 40.5 42.7 43.9 44 44.2 43.4 43.1 44.2 44.7 45.4 46.9 48 48.2 48.4 46.5 43.9 39.4
77.5 74.5 71.8 69 67.1 65.2 63.3 61.2 59.1 58.7 56.8 55.3 53.8 52.6 52 48.6 46.1 43.8 41.5 39 35.5 32.7 32.2 29.5 29.9 32.7 36.5 39.8 41 41.7 42.3 42.1 41.2 39.9 39.3 39 37.9 36.1 34.1 33.8 32.8 32.7 32.3 28.9 28.9 29.1 27.6 26.8 24.1 12.5 6.6 6.2 6.5 6.3 5.7 3.5 -1.6 -1.6 -1.6 -1.6 11.7 13 16 22.3 27 32.2 36.7 39.9 42.5 46 48.1 49.2 48.3 46.6 45.6 45.8 47.4 48.1 49.4 50.8 51.8 51.7 50.5 48.6 47.7 42
69.7 67 65.7 64.5 63 61.4 59.6 57.5 55.4 54.1 52.5 50.5 50.2 49 46.7 44.6 41.3 39.1 36.9 36.3 32.9 31.8 30.3 33.7 37.3 39.8 42.8 44.1 45.2 45.7 44.8 45.2 43.7 42.2 41.7 41.5 39.1 37.6 36.4 36.1 35.8 35.5 34.5 33.7 31.7 29.7 26.6 23.7 16.4 6.5 6 5.5 6 5.5 5.4 -1.6 -1.6 -1.6 -1.6 8.6 12.1 14.9 20.3 27.7 32.3 37.4 41.1 43 46 50.8 52.9 52 50.6 49.1 47.8 48.9 50.3 51.7 52.9 53.3 53.6 52.6 50.8 48.7 47.4 42.9
64.2 62.1 61 59.7 58.3 56.3 55.6 53.9 51.7 49.9 49.3 47.6 46.2 44.3 42.1 39.8 37.7 35.7 34.2 34.3 32.4 32.4 34.4 39.7 42.7 45.6 47.3 48.3 49.4 48.2 47.1 46.9 45.1 43.9 42 42.4 40.4 39.5 38.7 38.3 37.4 36.5 35.5 34.4 33.3 31 27.2 23.7 13.8 6.8 5.5 5.7 5.8 6 6 -1.6 -1.6 -1.6 8.3 10.2 13.5 16.2 24.8 32.2 37.3 41.4 44.2 47.2 51.3 53.1 53.6 53.5 52.1 51 51.7 52.1 53 53.9 54.6 54.5 54.1 52.5 50.4 48.6 46.6 43.3
60.5 59 57.2 56 54.8 53.2 51.3 50.3 49.1 45.6 43.9 42.3 41.7 40.7 38.7 36.8 35.2 33.5 33.4 33.1 33.6 34.7 38 43.1 46.1 48.6 49.4 50 50.1 48.6 48.1 47.1 45.3 44.2 43.6 43.2 41.9 40.2 38.9 39 37.4 36.2 36.2 34.8 33.1 30.1 26.1 20.4 11.4 6.5 6.1 6 5.9 6.2 -1.6 -1.6 -1.6 -1.6 10.2 12.1 15.2 20.4 29.2 36.4 41.1 44.4 47.8 50.8 53.4 55 54.9 55.6 54.2 55 54.9 54.6 54.8 54.5 55.1 55.2 54 52.7 49.9 47.4 45.5 43.8
53.9 53.5 51.9 51.4 50.8 48.4 48.5 44.5 43.3 41.8 40.1 38.8 37.8 36.8 35.2 33.9 32.8 32.4 32.9 32.9 33.5 35.9 39.9 44.9 45.8 48 49.1 48.7 48.9 48.7 48.5 47.3 45.3 43.9 42.5 42.5 42 39.6 38.2 38.5 37.1 35.7 34.3 32.5 30.8 27.7 21.8 15.6 8.6 6.6 5.7 5.8 5.9 6.4 -1.6 -1.6 -1.6 9.9 11.6 13.9 16.8 25.5 32.1 39.7 44 47.6 50.4 53.1 55.2 56.6 57 57.1 56.6 55.6 54.9 54.4 55.3 55.5 55.6 54.9 53.5 52 48.6 46.3 44.8 43.1
51.1 46.9 47 47 45.4 42.4 40.8 40.5 39 37.6 36.6 37 34.9 33.9 33.1 32.6 31.4 30.4 30.1 31.6 33.6 39.9 41.3 43.6 45.4 47.1 47.4 47.4 47.1 47.5 47.2 45.7 43.2 40.9 40.2 39 38.5 37.4 36.5 36.6 35.2 33.2 30.6 27.8 26.5 23.7 18.8 14.9 11.9 5.7 5 5.9 6.4 -1.6 -1.6 -1.6 9.4 10.8 12.1 16 20.8 28.5 34.1 40.2 46 48.3 51.1 53.9 55.9 57.2 57.9 57.6 57.3 56.5 55.7 55.6 55.6 55.2 54.8 54.3 52 50.7 47.4 45.2 44 43.9
45.2 44.6 43.9 41.7 39.8 38.8 37.6 37.9 36.4 35.6 35.5 35.5 34.9 32.9 31.4 30.9 30.3 31 31.6 33.2 34.6 38.6 38.3 42.2 44.3 45.2 45.7 45 43.6 43.1 41.9 39.1 36.2 34.4 34.5 35.1 35.8 35.4 34.1 32.9 31 28.4 26 24.4 22.5 21.4 17.2 11.2 7.9 6.8 4.4 6.9 -1.6 -1.6 -1.6 8.6 10.6 11.9 14.9 20.4 25.4 31 35.1 39.4 44.2 46.8 50.2 51.8 53.4 56.7 57.4 55.2 55.2 55.9 55 55.3 55.3 54.9 54.2 52.9 51.3 49.3 46.8 46.4 46.1 45.8
41.5 39.7 38.2 37.4 36.8 35.7 35 35.2 34.7 33.6 32.9 32.7 32 30.3 29.1 28.6 28.5 30.8 30.9 31.8 33.4 34.8 35.1 39.8 41.2 41.3 42.5 40.9 38.8 36.3 34.8 32.7 31.5 31.5 30.3 31.2 29.8 28.4 29.1 26.7 24.7 22.7 20.6 18 19.5 18.1 11.4 6.3 6.2 5.2 6.4 -1.6 -1.6 -1.6 -1.6 10.1 13.3 15.3 20.7 22.9 25.1 30.8 34.3 39.5 43 45.3 47.6 51 51.8 53.4 53.3 52.8 52.9 54 53.9 54.3 55 54.1 52.9 51.5 51.1 49.7 48.8 48.8 48.5 48.2
37.9 37.4 37.5 36.7 35.1 33.9 32.5 32.6 30.6 29 29.1 29.2 28.8 27.6 26.4 25.6 26.7 29.7 29.5 30 31.7 32.6 31.4 33.8 35.4 35.1 34.7 33.5 32.3 31.5 29.3 28.8 27.8 27.2 24.9 24.3 25.8 25 26.3 21.6 21.5 20.3 20.1 19.8 17.8 11.7 6.1 5.2 5.8 4.3 2 -1.6 -1.6 -1.6 9.5 13.7 17.1 19.2 24.3 26.2 28.8 30.2 33.8 39.5 41.9 44.1 45.9 48 49.2 49.6 50.6 51.9 52.2 52.2 52.3 53 53 52.5 52.1 52.4 52.2 51.2 51.5 51.8 52.1 51.7
37.8 37.4 36.7 34.2 33.5 30.4 29 30 25.6 23.8 26.2 27.5 27.7 25.1 24.4 22.6 22.2 25.9 25.7 28 30.3 29.8 30.6 29.5 25.8 28.9 28 27.4 26.5 22.9 21.3 21.6 21.4 20.1 20.4 21.1 21.5 18.4 19.4 17 17.5 15.4 18.7 15.1 8.3 5.3 4.1 2.3 2.5 1.3 1.9 -1.6 -1.6 8.7 11.8 18.1 21.5 23 26.6 28.5 31.7 33.4 34.7 36.8 38.9 41.4 44.2 45.8 46.7 47.9 48.9 50.1 50.4 51.1 52 53.3 53.2 53.1 53.6 54.2 54.9 55.7 55.7 55.8 56.1 55.7
36.2 35.1 32.4 30.5 27.7 26.2 25.3 26 26.4 26.3 26.5 26.1 25.5 25.7 23.2 25.1 22.3 22.7 22.7 23.2 21.8 21.9 25.5 24.8 20.6 20.3 24 24.5 23.5 20 14.9 14.9 14.8 13.8 17.5 20.3 18.1 14.5 11.1 7.3 6.3 4.2 2.2 2.1 2.2 2.9 3.4 2.4 3.2 3.7 7.2 5.4 9.3 12.4 18 22.4 23.3 27.8 29.4 32.1 33.4 34.7 36.2 37.9 39.2 41.2 43.5 45.3 46.2 46.8 47.6 48.6 50 50.9 51.7 53.4 54.7 56.3 58.3 59.6 60.2 60.8 60.9 61 60.8 60
30.6 26.8 25 25.2 21.9 19.2 18.9 19.9 21.9 22.3 26 26.2 25.8 25.4 24.4 27.3 29.5 28.4 24.5 25.3 24.1 24.5 8.9 12.6 11.4 9.4 11.3 12.8 8.4 4.6 3.6 3.4 2.2 2.1 2.1 2.1 2.2 2.2 4.1 2.5 2.8 2.7 2.5 2.8 2.8 3.7 4.3 5 4.5 4.7 5.6 7.3 10.6 17.5 23.9 24.6 25 29.8 31.4 33.6 35 36.1 37.6 38.9 40 41.6 43.5 45.4 46.1 46.8 48 49 50 51.7 53.3 56.8 59.7 64 65.7 65.8 66.3 66.6 66.9 67.8 68.1 65.2
19.9 18.9 17.9 15.7 15.6 13.9 15.7 14.5 18.1 21.9 22.6 13.8 9.8 5.7 8.7 18.3 25.7 28.3 23.9 17.1 10.3 6.3 4.8 4.9 5.2 3.7 2.2 2.6 2.5 3 3 3.3 3.6 3 2.6 3.8 3.1 3.5 3.9 3.6 3.8 4.1 6.1 5.1 5.7 5.5 5.4 4.8 4.5 6.8 8.5 9 13.9 20.7 25.3 25.7 26.7 31.5 32.8 34.9 36.6 37.6 39 40 40.8 42.4 44.1 45.4 46.4 47.4 49 49.7 51.7 53.5 57.2 62.3 68.8 72.3 72.2 72.1 72.7 74.2 78.3 75.2 74.3 71.6
13 11.3 11.4 9.2 7.1 5.9 5.9 6.2 6.6 6 6.5 6 6.2 6.3 6.3 5.8 5.5 6.1 4.4 4.8 5 5.2 5.6 6 3.8 2.2 3.6 4.2 5.3 8.2 7.4 7.1 7.6 7.5 6.9 6.6 6.6 6.4 5.1 5.2 5.6 5.3 5.2 5.2 5.5 4.9 4.9 4.6 7.3 11 14.2 14.7 14.9 22.7 26.5 27.1 27.8 32.6 33.8 36.1 37.8 39 40.2 41 41.9 43.3 44.9 46 47 48.3 50 51.7 54.6 57.7 62.6 71.5 77.6 79.5 78.5 80 84.5 85.7 84.2 81.9 79.6 75.8
8 6.4 9.4 8.3 8.3 8.3 8.3 7.7 6.3 6.4 6.4 6.7 6.3 6 6.2 5.9 5.8 6.1 5.5 5.6 5.9 6.2 6.6 5.4 2.4 3.6 4.7 5.8 7.8 7.4 6.5 6 6 5.9 5.8 5.7 5.8 5.1 4.6 4.5 4.4 4.4 4.5 4.8 5.3 4.7 6.3 9.2 12.1 15.9 19.6 19.1 15.8 24.9 28.4 29.3 31.2 33.1 35.1 36.8 38.2 39.7 40.9 42.1 42.9 44.1 45.5 46.7 48.1 49.8 51.5 54.8 58 62.1 70 78.1 81.9 83.7 85.5 89.2 89.8 89.3 87.9 86.9 82.4 75.3
8.3 8.3 8.3 8.3 8.3 8.3 8.3 8.3 6.8 6.6 6.3 6.8 6.5 6 6 5.7 6.4 6.6 6.3 5.9 6.7 7.3 4.8 2.9 4.2 6.5 7.3 7.4 7.5 6.9 5.7 4.8 5 5.4 4.9 4.7 4.8 4.9 5.2 5.2 5.2 4.9 5.2 5.2 5.5 12 15.7 17.2 19.3 23.8 25.6 23.8 22.4 27 30.2 31.4 33 34.8 35.8 37.1 38.5 39.9 40.8 42.5 43.8 45.3 46.9 48.3 49.5 51.4 55.3 59.3 63.9 70 75 81 86.4 88.8 91.2 93.5 93.8 93.1 90.9 87.6 82.9 79.2
8.3 8.3 8.3 8.3 8.3 8.3 8.3 8.3 7.7 6.5 6.5 6.8 6.4 6.1 5.8 6 6.2 6.5 6.8 6.4 6.3 5.3 3.4 4.7 7.3 7.2 7.4 7.5 7.4 6.6 5.9 5.2 5.4 4.2 4.5 5.1 5.5 5.6 5.9 5.7 5.6 5.9 7.9 11.5 16.3 20.2 24.9 25 25.1 28 29.7 28.6 30.2 25.6 32.1 33.7 35.3 36.2 37.1 38 39.1 40.2 42.4 43.7 45.9 47.2 48.8 50.2 51.8 56.7 61.3 64.3 69.6 76.7 83.3 89.7 91.6 93.5 95.3 96.9 97.5 96.1 92.4 89 83.4 84.1
8.3 8.3 8.3 8.3 8.3 8.3 8.3 8.3 7 6.6 6.7 6.8 6.4 6 5.7 4.8 5.9 6.2 6.2 5.7 3.1 3.6 7.8 9.5 9.9 10 10.4 9.4 8.3 7.4 8 8.9 8 7.4 8.5 8.9 8.3 8.1 7.9 8.9 8.7 16 17.2 20.9 22.4 24.8 30.2 32.1 30.6 31.8 33.6 33.5 33.5 24.8 32.7 35.8 36.9 37.6 38.2 39.1 40.9 42.6 43.1 47.5 48.5 49.9 51.5 53.2 57.2 63.9 71.3 71 74.8 80.2 86.8 94 94.6 95.7 97.8 99.7 100.4 98.2 94.7 91.1 84.9 84.7
6.8 9.3 8.3 8.3 8.3 8.3 8.3 8.9 6.9 6.9 6.8 6.7 6.3 6.5 5.9 3.2 3.3 2.9 3.1 3.3 6.1 10.5 14.7 15.2 16.2 16.1 14.4 14.6 12.1 12.9 14.3 13.3 13.4 13.4 12.7 13.1 12 12.2 14.6 18.1 22.5 25.7 26.4 30 33.2 32.3 37.4 38.1 38 36.2 35.2 35.5 36.2 30.8 27.3 36.4 37.1 37.7 38.5 40.2 42.9 46 48 49.9 51.6 53.1 55.4 61.6 66 75.4 79.8 77.5 79.6 82.8 89.3 94.2 95.3 97.8 99.9 102.7 102.6 99.1 95.3 90.9 84.9 88.7
5.8 4.2 6.3 8.6 9.9 9.7 8.2 6.9 6.4 6.6 6.6 6.4 5.6 3.7 3.6 3.8 3.3 3.6 6 10.9 15.7 18.9 19.2 19.4 19.8 18.4 18.8 17.8 15.2 17.6 20.7 20.2 17.2 17.5 18.3 19 19.4 20.2 22.8 26.2 31.2 35.5 36.8 38.6 40.1 42.4 42.5 43.1 43.2 40.4 39.8 38.4 37.3 36.7 34 35 36.7 37.6 39.5 41.1 45.7 47.8 49.9 52.2 54.7 57 62.8 65.5 75.7 80.9 83.5 85.6 84.4 87.1 91 94.2 96.7 99.8 103.1 104.8 102.6 98.2 94.5 89.5 87.7 89.9
6.8 6.3 6.4 5.4 4.2 7.9 7.5 6.9 6.1 6.1 5.2 3.7 3.7 5.3 4.9 7 10 12.4 13.6 17.3 19.9 22.6 19.5 20.6 19.5 18.9 22.7 21.3 15.4 20 24.4 24.5 21.9 21.5 22.9 24.3 26 26.3 30 34.6 39.4 43.3 46.2 46.5 47.9 51.1 49.6 49.3 47.5 43.9 42.2 39.9 38 36.9 36 34.1 36.1 38 42.8 42.4 45.9 49.4 51.4 54.2 56.3 60.9 70.2 76.2 79.5 84 85.7 86.9 87.5 90 92.3 95 96.9 99.5 101.7 103.3 101.8 97.8 91 86.5 85.5 88.6
6.1 6.2 6.5 6.3 5.1 3.7 3.7 4.8 4 3.7 3.7 5.9 11.1 15.1 13.3 17.2 17.6 17.5 15.6 16.9 20.3 21.1 20 19.5 18.9 19.5 19.1 19.8 20.8 24.3 27.2 27.5 25.8 25.5 26.8 29.2 30.3 32.4 36.3 40.8 45.3 48 52.8 55.2 58.8 59.2 57.9 55.3 51.3 47 43.6 40.9 38.6 36.6 35.8 34.1 35.9 38.7 43.2 43.6 46.5 49.7 53 55.1 57.7 62.2 72.7 80.8 83.9 84.1 85.4 88.7 88.7 90.1 91 93.1 94.2 99 97.7 99.7 98.8 93.8 86.8 84.3 84.6 87.3
6 6.2 6.9 6.4 6.5 7 6.2 4.4 5.2 10.2 10.9 13.4 16.7 17.6 18.3 20.5 20.4 19.3 17.6 17.7 19.4 20.4 21.5 21.9 21.1 19.2 16.4 21.1 25.4 29 29.3 28.2 28.7 29.4 31.4 34.1 36.1 39 42.3 47.2 52.1 59.2 64.2 66.5 68.5 67.3 63.6 59.7 55 50.2 44.8 40.5 37.9 36 35 34.9 36.3 37.6 41.7 44.8 47.7 51.3 54.5 56.8 60.1 66.7 75.6 81.7 83.5 86 87.2 88.8 87.6 88.7 89.7 91.2 93.3 93.8 92.9 91.5 90.9 87.6 84.2 84.4 84.8 85
