webserver/python/data/NM15.asc
ncols 200
nrows 200
xllcorner 110000
yllcorner 750000
cellsize 50
[rows 76 to 113 of 200, columns 86 to 171 of 200]
-1.4 -1.4 -1.4 -1.4 -1.4 -1.4 -1.4 -1.4 -1.4 -1.4 -1.4 -1.4 -1.4 -1.4 -1.4 -1.4 -1.4 -1.4 -1.4 -1.4 -1.4 5 9.7 15.8 15.4 17 18.3 24 25.3 20.2 19 18.8 20.7 21.7 23 25.2 32.5 38.5 35.3 36.4 36.1 33.9 30.1 32.2 30.2 30.6 24.2 23.2 22.7 19.5 15.3 12.1 10.4 9.2 8.5 8.5 8.3 8.2 8.1 8.6 8.8 9 9.3 9.2 9.2 9.2 12.5 18.2 27.3 27.7 27.9 28 30.7 34.8 37.8 35.7 35.3 37.8 40.1 42.3 45.5 43.5 44.2 42.5 42.6 40.3
-1.4 -1.4 -1.4 -1.4 -1.4 -1.4 -1.4 -1.4 -1.4 -1.4 -1.4 -1.4 -1.4 -1.4 -1.4 -1.4 -1.4 -1.4 -1.4 -1.4 -1.4 2.5 13.3 18.9 17 19.2 19.7 22.5 26 23.4 24.1 19.4 19.2 21.7 25.4 25.1 29.8 35.3 37.3 31.4 32.4 32.5 29.4 30.9 29.1 28.1 28.1 25.5 22.1 19 15 12.4 9.2 8.1 8.1 8.1 8 7.8 8.4 9.6 9.3 9.3 9.3 9.3 9.2 9.5 15.5 22 27.5 26.1 26.1 27.1 29.6 33.7 38.2 37.2 35.2 36.7 40.4 42.2 44 44.2 44.7 42.5 43.5 39.5
-1.4 -1.4 -1.4 -1.4 -1.4 -1.4 -1.4 -1.4 -1.4 -1.4 -1.4 -1.4 -1.4 -1.4 -1.4 -1.4 -1.4 -1.4 -1.4 -1.4 -1.4 2.9 7.5 14.5 16.7 19.4 22.3 18.9 21.6 21.5 22.5 19.5 19.6 23 25.4 24.6 26.3 31.5 34.6 29.3 31.1 29.5 28.8 28.7 27.8 29.1 31.3 27.7 21.9 17.7 14.5 11.6 8.8 7.5 7.5 7.5 8.3 8.1 8.8 10.2 9.5 9.4 9.3 9.3 9.3 10.5 15.9 24.6 30.9 27.7 25.5 27.4 29.8 32.8 39.9 39.9 36.6 36.7 40.3 42.6 45 44.1 43.6 41.6 41.5 39
-1.4 -1.4 -1.4 -1.4 -1.4 -1.4 -1.4 -1.4 -1.4 -1.4 -1.4 -1.4 -1.4 -1.4 -1.4 -1.4 -1.4 -1.4 -1.4 2 -1.4 1.8 5.6 14.4 17.4 20.2 21.8 21.5 19.8 22.2 26.8 20.8 20 20.7 24.3 25.9 25.5 29.1 30.9 27.1 27.5 28 28.3 26.5 26 32.7 32.6 31.5 21.2 17.3 14.4 11.1 7.7 6.9 6.8 8.3 9 8.7 9.4 10.9 9.8 9.5 9.5 9.4 9.4 10.3 15.9 26.3 28.7 25.3 25.1 28.5 30.6 34.4 36.3 39.1 39 37.2 40 43.4 44 43.7 43.9 42 41.5 38.7
-1.4 -1.4 -1.4 -1.4 -1.4 -1.4 -1.4 -1.4 -1.4 -1.4 -1.4 -1.4 -1.4 -1.4 -1.4 -1.4 -1.4 -1.4 2 10.5 2.3 4.8 7.3 14.1 17.2 19.7 22.3 24 20.2 24.3 24.1 22.3 22.8 22.4 24.4 24.9 25.1 26.5 27.4 25.6 27 27.5 26.4 25.7 26 31.2 32 32.3 22 16.8 14.2 11.3 8.5 6.5 6.9 7.9 9.2 10 10.6 11.6 10.2 9.8 9.6 9.5 9.4 10.9 16.8 22.2 23.7 23.9 26 35.7 36.4 36.3 37.1 39.5 39 37.9 39.8 42.2 44.1 44.5 44.9 41.8 39.4 39.4
-1.4 -1.4 -1.4 -1.4 -1.4 -1.4 -1.4 -1.4 -1.4 -1.4 -1.4 -1.4 -1.4 -1.4 -1.4 -1.4 -1.4 -1.4 4.6 14.2 8.4 4.7 7.9 14.2 16.2 17.4 20.4 21.5 22.4 22.8 22.8 21.9 22 23.3 25.9 24.4 24.9 24.1 25.4 25.6 26 25.7 25.6 25.5 26 29.7 29.7 28.3 21.8 16.5 13.2 10.5 8.8 6.6 7.2 8.7 10 11.1 11.7 12.4 10.3 10.1 9.8 9.7 9.4 11.5 17.8 22.6 23.6 24.9 26.4 37.8 38.8 40 38.1 40.3 40.6 39.1 40 43.7 46 45.6 43 40.9 39.2 39.2
-1.4 -1.4 -1.4 -1.4 -1.4 -1.4 -1.4 -1.4 -1.4 -1.4 -1.4 -1.4 -1.4 -1.4 -1.4 -1.4 -1.4 2.3 16 16.9 16.3 8.8 8.6 14.1 17 17.1 18.5 23 24.1 21.5 21.9 23.6 23.5 25.7 27.3 26.8 26.4 26.1 26.7 27.5 25.8 25.5 26 25 24.6 28.7 26.8 23.7 19.7 15.5 11.3 8.7 7.1 5.6 8.2 10.3 10.8 11.9 12.3 11.7 10.5 9.7 9.3 9.6 9.5 12.3 18.2 23.4 23.8 30.9 30.4 35.7 38 40.4 40 40.9 42.8 41.1 41.4 45.4 47.8 46.6 43.3 40.4 38.9 39
-1.4 -1.4 -1.4 -1.4 -1.4 -1.4 -1.4 -1.4 -1.4 -1.4 -1.4 -1.4 -1.4 -1.4 -1.4 -1.4 -1.4 3.7 10.4 19.3 19.3 14.9 10.7 14.2 17.2 17.2 18.9 23.6 22.3 21.9 21.8 23.1 25.9 28.2 28 29.3 26.8 28.1 27.9 27.6 24.4 24.1 24.3 24.6 24.9 23.4 23.9 23 19.1 13.2 10 6.9 5.7 5.5 8.2 11.6 11.4 12.7 12.7 12 10.8 10.5 9.9 9.7 10.5 13.7 17.9 23.8 31.1 37.7 33.3 38 39.7 42.9 43.8 40.9 42 42.5 43.5 46.5 48.8 46.1 43.4 40.1 39.6 38.9
-1.4 -1.4 -1.4 -1.4 -1.4 -1.4 -1.4 -1.4 -1.4 -1.4 -1.4 -1.4 -1.4 -1.4 -1.4 -1.4 -1.4 -1.4 11.2 18.8 18.2 16.3 14 14.6 17 20.3 19.2 24.2 27.5 22.9 21.9 22.9 26.6 29.8 31.3 28.1 26.2 27.4 26.5 25.7 25.6 24.3 23.8 24.6 25.5 24.3 20.1 20.3 18.4 11.6 8.6 6.2 5.1 10.2 9.4 10.1 10.8 12.5 13.7 13.2 12.4 11.6 10.8 10.5 11.7 14.5 18.1 28.8 37.7 42.2 37.8 37.4 42.4 45.4 48.1 46.8 44.6 46.3 45.9 49.3 49.6 47.3 43 41.7 40.8 39.6
-1.4 -1.4 -1.4 -1.4 -1.4 -1.4 -1.4 -1.4 -1.4 -1.4 -1.4 -1.4 -1.4 -1.4 -1.4 -1.4 -1.4 -1.4 4.1 13.1 20.1 17.4 14.4 14.3 14.7 16.2 18.6 27.9 27.7 24.5 22.5 24.8 27.6 29.7 30.5 27.5 26.5 27.1 26.3 25.7 24.7 23.2 22.5 23.4 24.8 23.2 19.2 18.7 14.7 10.5 7.2 5.9 4.8 8.6 9.6 9.9 11.1 12.7 14.9 12.6 12.1 11.7 11.1 11.3 12.8 14.4 17.7 31.8 39.6 45.4 41.7 43.2 51.3 50.8 55 47.8 44.6 47 50.5 53.9 52.1 48.4 45.8 43.4 43.3 42.2
-1.4 -1.4 -1.4 -1.4 -1.4 -1.4 -1.4 -1.4 -1.4 -1.4 -1.4 -1.4 -1.4 -1.4 -1.4 -1.4 -1.4 10.5 14.4 18.2 20.3 20.3 17.4 13.9 14 16.1 21 28.9 28 25.9 22.9 28 31.5 31.2 28.9 27.5 26.3 26.4 26.5 24.4 24.5 22.4 21.6 22.9 23.7 22 17.7 18 13.5 9.2 6.1 5.4 4.5 8.7 11.3 9.7 10.8 14.8 14.4 12.3 11.8 11.4 11 11.9 13.4 15.1 20.9 27.8 34.6 42.1 45.5 53.5 59.4 53.6 55.6 47.1 44.9 50.5 53.3 54.6 51.9 49.5 47.5 44.7 45.8 45.6
-1.4 -1.4 -1.4 -1.4 -1.4 -1.4 -1.4 -1.4 -1.4 -1.4 -1.4 -1.4 -1.4 -1.4 -1.4 -1.4 2.3 1.3 22.9 25 23.3 22.9 22.3 15.5 15.5 18.2 27.2 30.7 29.7 25.1 22.6 29.3 33.8 33.1 28 26.7 26.7 26.4 25.3 24.9 23.3 20.3 21.3 22.3 23.4 19.6 16.5 15.1 12.1 8.2 5.5 4.9 5.2 12.2 11.4 9.4 11.7 14.3 14.1 11.9 11.5 11.1 11.3 12 14.2 17.9 25.2 32.9 32.8 37.4 47.6 57.8 59.5 53.4 52.7 44.5 45 50.9 54.4 55.8 53.5 51.3 48.4 46.6 47.6 46
-1.4 -1.4 -1.4 -1.4 -1.4 -1.4 -1.4 -1.4 -1.4 -1.4 -1.4 -1.4 -1.4 -1.4 -1.4 -1.4 1.9 10.7 22.2 26.3 26.6 24.1 22.4 19.3 17 19.3 26.9 31 31.1 25.6 22.7 27.6 33.4 35.7 31.5 26.7 26.2 25.8 24.7 24 21.9 19.6 20.6 21.8 22.9 20.5 17.6 14 10.7 7.2 5.4 5 6 12.3 9.6 9.1 11.1 14.4 14.1 11.7 11.2 11.5 11.7 13 17.3 23.2 27.7 32.9 35.6 34.9 39.4 50.5 54.8 51.3 49.2 42.7 45.2 50.5 51.6 54.5 54.9 53.4 51 49.4 49.1 46.7
-1.4 -1.4 -1.4 -1.4 -1.4 -1.4 -1.4 -1.4 -1.4 -1.4 -1.4 -1.4 -1.4 -1.4 -1.4 -1.4 2 7.5 18.6 24.4 26.8 26.3 23.3 19.6 18.1 20.3 27.1 29.5 29.8 25.5 22.5 29.7 32.5 34.2 32.6 28.8 26.8 25.5 24.8 24.8 22 18.7 18 20.8 23 23.2 18.3 12.8 9.6 6.7 5 4.7 7.3 11.5 8.9 9.3 11.4 14.8 13.6 11.6 11.4 11.9 12.4 15.8 20.9 23.8 29.3 36.3 37.1 35.6 36.3 40.4 45.1 44.7 42.4 42.7 45 49 51.5 53.6 56 52.6 51.7 51.5 49.5 48
-1.4 -1.4 -1.4 -1.4 -1.4 -1.4 -1.4 -1.4 -1.4 -1.4 -1.4 -1.4 -1.4 -1.4 -1.4 0.5 2.3 3.6 17.2 20.7 25.3 26 23.2 19.1 18.5 18.2 22.9 24.8 25.5 24.1 22 26.4 32.3 33.9 32.5 29.9 27.7 25.3 25.1 24.8 22.6 18.2 16.4 18 20.9 24 16.8 13 9.2 6.7 4.9 4.8 8.4 10.3 8.2 9 12.4 14.1 13.5 11.3 11.6 12.1 14.1 19.4 23.9 25.4 31.4 40.2 36.8 36.1 38.3 42.4 44.9 42.9 41 41.4 46.6 53.5 56.4 54.7 57.9 52.8 52.3 53.7 52.5 52
-1.4 -1.4 -1.4 -1.4 -1.4 -1.4 -1.4 -1.4 -1.4 -1.4 -1.4 -1.4 -1.4 -1.4 -1.4 2.2 4.6 6.8 13.5 19.3 21.4 23.9 24.1 19.3 19 18.6 18.3 19.8 21.7 20.2 22.1 24.4 29.8 32.3 31.6 30.3 28.1 26.4 24.6 24.3 22.1 17.2 15.7 15.7 16.8 18.1 14.6 11.2 7.9 5.4 5 4.7 11 12.8 8.2 10.7 13.4 12.5 11.3 11.5 11.9 12.3 15.9 21.3 25.6 26.1 33.5 40 36.5 35.6 42 46 45 41.7 40 40.6 45.1 53.5 55.4 52.6 53.1 53.2 55 51.2 52.4 52
-1.4 -1.4 -1.4 -1.4 -1.4 -1.4 -1.4 -1.4 0.9 -1.4 -1.4 -1.4 -1.4 -1.4 0.7 2.3 2.4 13 13.7 18.4 19.6 22 24 19.7 18.9 18.6 18.7 19.3 20.1 19.5 22.4 25.1 29.4 30.9 30.1 28.9 27.8 24.7 24.4 23.3 21.9 17.6 14.8 14.2 14.2 14.2 13.8 9.9 6.4 5.5 4.8 6.5 10.7 7.7 7.9 11.3 13.4 11.5 11.4 11.7 12 12.7 16.5 24.2 26 27.1 33.1 33.3 32.5 34.1 40.1 48.1 45.8 40.1 39.1 41.2 51 50.6 51.1 50.6 51 51.9 53.4 49.7 49.9 49.6
-1.4 -1.4 -1.4 -1.4 -1.4 -1.4 -1.4 -1.4 2.2 -1.4 -1.4 -1.4 -1.4 -1.4 1.8 3.7 8.8 18.6 18.6 19.3 18.9 19.7 24.6 20.2 19 18.8 19.2 19.9 20.5 18.9 22.7 27 28.8 29.6 28.5 27.4 27.7 23.5 22.6 21.9 21.7 20.5 14.9 14.1 13.2 12.6 12.2 9.2 5.8 5.3 4.7 6.2 7.9 8.5 8.8 11.4 12.6 11.8 11.5 11.8 12.1 14.3 17.6 21 25.6 25 28 30.5 31.3 33.2 36 42 42.8 38.2 38.1 39.6 45.4 48.5 53 49.6 50.4 53.3 53.3 49.1 49.5 47.7
-1.4 -1.4 -1.4 -1.4 -1.4 -1.4 -1.4 -1.4 -1.4 -1.4 -1.4 -1.4 -1.4 -1.4 0.9 2.3 3.2 19.1 22.5 20.9 19.1 19 22.9 23.8 18.7 18.9 19.4 20.1 20.4 18.6 21.6 24.3 27.1 28 27 27.9 26.9 24.9 22.2 21.4 20.6 19.3 16.3 13.3 13.5 12.6 11.1 8 5.2 4.8 4.3 7.8 6.8 10.3 7.4 9.9 11.6 11.8 11.6 11.8 12.1 14.8 17 21 23.5 24.9 29.1 29.8 30 31.1 32.1 35.8 37.1 35.9 36.5 36.7 42.4 48.3 49.3 49.3 49.9 52.1 52.7 47.9 49.1 46.3
-1.4 -1.4 -1.4 -1.4 -1.4 4.2 3.3 -1.4 4.5 -1.4 -1.4 -1.4 -1.4 -1.4 1.6 2.3 9.6 15.6 21.1 18.5 19 19 21.1 23.2 18.9 18.7 18.9 19 18.5 18.9 21.7 25.6 27.3 26.7 27.6 28.7 27.3 25.6 23.5 20.7 19.3 18.5 15.9 13.2 12.7 11 9.3 6.6 5 4.2 5.4 5.6 5.9 6.2 8.1 10.8 12.2 11.2 10.5 10.8 13.6 17 19.6 22.6 25.2 29.4 30.6 30.7 30.3 31.2 31.1 31.7 32.9 34.3 35 35.3 37.4 41.6 43.5 47.1 51.2 56.7 49.7 46.8 45.7 44.4
-1.4 -1.4 -1.4 -1.4 -1.4 20.6 15.3 9.6 7.5 -1.4 0.3 -1.4 0.3 2.4 2.3 6.1 5.9 11.1 17 16.3 15.7 17.9 19.6 18.8 19 19.2 19.4 19.6 19 20.2 23.9 25.7 25.8 25.8 29.1 30 26.7 26 23.5 21.5 18.8 16.9 15.1 13.1 11.8 9.7 7.7 5.5 4.8 4 4.1 4.8 5.4 8.4 11.9 12.5 10.7 10.8 11.4 11.3 15.3 18.7 21.1 23.3 26.4 30.5 31.8 31.8 32.5 32.1 31 31.2 32 33.2 34.6 35 37.6 40.2 41.6 46.3 50.9 51.3 49.5 45 42 39.3
5.6 2 -1.4 18.1 16.2 28.2 19.8 16.9 11.8 6.9 1.6 2.3 2.3 4.1 6.4 8.2 11.5 10.1 10.9 12 12.8 15 16.7 18.1 19.4 19.5 19.6 19.6 21.7 22 21.7 22.2 23 25.3 28.3 29.5 26 24.3 21.6 20.1 19.3 15.7 14.6 13 10.9 8.3 6 5.2 4.6 5.5 4.9 5.3 5.8 10.4 14.5 12.7 10 11 10.2 12.4 17.4 20.7 22.2 24.2 26.8 30.4 32.7 32.8 34.3 32.9 31.4 31.4 32 33.2 35.2 35.3 37.4 39.3 42.4 45.8 53.4 52.5 50 47.4 41 37.4
22.3 8.1 34.7 31.6 34.5 36.7 25.7 21 13.3 8.3 2.6 3.3 4.7 4.1 9.4 9.5 10.6 12.1 12 11.7 12 13.3 15.5 18.2 19.2 19 18.8 18.6 20.4 19.6 20.2 21.3 24.3 25.6 26.9 27.5 25.7 23.1 19.2 17.3 16.3 13.8 12.8 10.9 9.6 7 5.5 5.1 4.5 4.9 5.6 6.1 6.8 11.1 13.7 11.1 10 12.2 11.9 15.4 19.7 23.5 25.2 25.8 28.7 32.1 32.1 32.3 34.3 33.8 31.7 31.8 32 33.8 35.6 35.7 37.8 37.7 40.9 45.5 50.4 50.1 48.9 51.8 40.7 38.1
31 19.1 51.2 44.3 51.3 45.6 37.5 22.9 14.6 9.3 5 6.6 11.2 12.4 12.9 11 10.9 13.2 13.8 13.1 13.1 13.2 14.6 16.1 19 18.9 19.1 18.6 19 18.3 19 19.7 21.7 23.1 25.5 26 24.7 22.7 17.8 17.1 15.8 12.6 12.2 11.5 8.5 5.9 5.1 4.8 4.3 5.9 6.6 5.5 9.1 11.1 12.1 9.1 10.7 10.2 13 18.1 22.4 22.8 26.5 27.8 30.5 32.1 33.8 32.3 34.9 33.8 32.3 32.4 32.4 34.2 36.3 34.8 35.9 36.4 39.4 44.2 44.6 48.3 53.1 49.2 41.1 41.8
41.6 24.1 55.4 52.1 57.7 50.9 45 24.2 14.8 9.8 7 10.5 15 14.3 12.1 12.5 12.8 13 14 15.2 15.8 14.1 14.7 15.7 16.4 17.4 18.7 18.4 19.8 19.6 18.4 19.1 19.9 20.8 22.3 23.5 23.1 17.3 16.7 16.3 16.7 12.7 10.8 9.8 7.3 4.9 4.6 4.4 4.2 5.6 7.2 10.2 13.3 13.2 8.4 9 10 10.5 15.3 18 22.3 23.4 24.6 32.5 33.3 35.1 35.2 32.9 33.2 33.1 32.4 33.4 33.6 36.4 35.3 34.8 35.6 36.5 38.9 40.3 42.5 46 48 41.5 43.9 44.5
35 32.2 58.1 55.9 63 54.1 44.7 24.2 14.5 7.3 11.9 15.1 12.7 12.3 12 12 12 12.3 13.4 15.1 16.3 15.8 15.1 16.2 16.5 18.7 18.2 18.1 17.9 17.2 17.5 18.5 19.3 20.2 20.8 21.8 23.5 17.7 16.2 14.4 14.6 11.8 10.3 7.9 5.9 5.1 5.2 5.2 5 4.8 5.6 11.8 13.9 8.7 8.3 8.2 8.9 13.9 16.6 17.1 21.3 23.9 25.3 32.4 35 37.6 35.6 32.9 32.7 32.4 32.3 33.4 34.7 37.1 34.5 36.4 38.6 42.1 45.8 42.6 42.2 45.5 43.1 41.5 42 37.7
16.4 44.8 53.1 57.2 62.7 52.8 45.3 23.4 12.1 7.9 11.1 11.7 13.5 12.9 12.9 12.4 12.1 12.7 13.7 14.1 15.4 14.9 15.8 17.4 17 20.4 18.1 17.7 17.5 16.8 17.6 18.6 18.7 19.6 20.2 20 20 16.3 15.4 13.1 12.5 11 10.2 7.5 6.3 5.2 5.4 6.3 5.6 5.1 5.1 9.1 13.3 8.1 8.5 8.7 10.3 16.2 18.4 17.5 21.7 23.5 30.9 34.3 36.8 39.3 35.4 33.2 32.7 32.6 32.8 34.4 35.9 36.7 36 35.9 40.5 46.1 44.1 39.4 40.8 41.9 38.3 43.5 41.2 34.3
6.5 24.8 45.3 56.8 56.4 48.9 42.2 24.7 11.5 8.1 10.3 10.5 13.1 14.4 13.9 13.9 13 13.5 14.7 14.5 14.9 15.4 16.1 16.9 16.9 22 22.2 19.7 17 16.5 17.1 18.5 18.7 19.3 19.9 18 16.4 14.6 13.2 13 11.5 10 8.8 8.4 7.4 6.2 5.5 5.7 5.9 5.3 4.5 7.3 8.2 7.3 7.3 8 15.6 20.3 19.7 18.6 22 25 30.7 32.6 35.1 38.4 37.9 33.6 33.1 33.4 33.6 35.1 36.2 37.4 37.9 35 38.2 41 39 37.6 40.6 37.1 33.6 37 36.1 26.9
2.3 24.2 33.7 47.5 49.5 42.5 29.5 21.3 11.4 8.1 9.9 11.9 13.2 14.8 13.9 14.7 14.7 14 15.6 15.4 15.2 15.8 16.2 16.3 17 19.7 23.5 21.7 17.3 17.2 16.7 16.5 16.7 18.3 18.1 16 14.8 13.5 12.4 12 10.4 9.1 8.7 8.5 7.8 7.2 6.2 5.9 5.5 5.3 4.3 7.5 6.8 7 6.8 13.6 20.9 22.5 20.2 19.9 22.9 26.1 29.9 32.3 35.2 37.9 36.2 34.5 34.2 34.6 35.2 35.7 35.6 37.4 36.2 35.3 37.7 36.8 36.2 36.1 36.3 33 29.6 32.6 27.7 27.2
19.8 4.1 24.3 32.4 38.9 34.7 27.5 18.4 10.9 9 9.7 11.4 11.5 13.7 13.9 14.6 16.2 15.6 17 17.1 16.6 16.8 16.7 17.1 18.6 18.7 21.2 21.9 17.1 16 17.2 16.8 16.4 16.6 16.2 14.8 13.9 12.7 11.8 11.1 9.4 8.8 8.6 8.4 7.9 7.3 6.6 5.9 5.6 5.3 6.8 6.4 6.2 6.4 10 17.6 25.3 26.2 20.5 20.4 22.9 29.4 29.5 31.7 35.3 36.2 35.8 35.5 34.5 34.6 35.2 35.9 35.5 36.7 36.1 35.6 35.5 37 35.8 38.4 35 27.6 24.7 23.6 22.4 28.4
22.6 27.8 15 14.3 33.6 27.7 22.5 16.3 10.5 10.4 11.1 10.3 10.7 11.4 12.2 12.8 14 15.9 17.7 18.5 18.8 18.7 18.6 18.6 19.2 19.1 19.5 22.7 16.9 15.9 17.1 16.9 16.7 16.5 15.3 14.5 13.8 12.1 11.1 9.8 8.9 8.7 8.5 8.3 8 7.3 6.7 5.8 5.2 5.2 6.2 7.9 6 7.1 14.5 21 25.4 25.9 22.1 20.2 21.3 26.3 29 33.2 36.2 35.2 35.3 35.3 35 35.3 35.7 35.9 35.3 36 37.3 36.7 35.3 33 40.4 37.4 35.3 29.4 21.9 18.5 20.6 27.8
18.5 29.9 21.1 9.5 10.8 18.2 14.5 13.7 10.6 10.3 11.4 11.3 11.6 12.5 12.9 13 13.9 14.3 16.7 18 17.7 18.6 19 23.6 23.8 20.4 19.8 20.5 18.6 16.4 17.9 17.8 17.4 16.9 16 15.7 14.9 13.1 11.2 10.2 9.2 8.6 8.4 8.2 8.1 7.4 6.6 4.8 4.6 5.1 6 6.4 6.1 10.4 17.7 22.6 24.3 24.1 22.2 20.5 21.4 23.2 29.4 31.6 34.3 35.6 35.1 35.1 36.7 35.8 36.3 35.7 35 35.3 37.5 35.6 31.1 31.7 32.8 32 36.1 31.1 20.8 17.3 19 23.3
6 18.4 14.8 6 10.3 6.5 8.5 14 12.6 11.9 11.8 12.2 12.8 13.6 14 13.4 13.9 15.4 15.4 15.4 15.4 15.7 19.4 23.4 23.9 22.2 20.3 19.3 16.6 16.4 18.2 18.3 17.8 17.4 16.6 16.5 15.8 14.9 12.5 11 10.2 8.9 8.1 7.9 8 7.2 5.4 3.8 5.2 4.8 5.5 5.8 5.7 12.2 18.1 21.5 24.6 23.8 20.5 21.1 22.6 23.2 29.5 31.2 34.2 35.1 35.5 36.8 36.5 36.4 36.1 35.5 35.3 34.7 31.7 30.2 31.2 30.6 28 27.4 42.2 24.6 19.1 16.8 17.4 19.6
2.4 9.7 4.1 4.1 5.6 6.3 11.2 17.3 16.9 18.9 16.9 13 13.5 14.1 14.4 13.9 13.7 15.5 15.1 15.4 16 15.7 17.4 17.9 20 20.8 21.1 20.2 16.6 15.2 17.1 17.9 18.1 17.8 16.4 15.6 14.7 13.2 15 11.6 11.4 9.6 8.8 8 7.1 6 4.1 5.6 6.5 5.6 5.5 5.9 6.7 9.5 16.1 20.1 21.5 21.6 20.1 20.7 21.5 23.4 27.8 31.7 35.5 36.3 36.4 35.4 35.7 35.1 35.2 35 36.1 33.3 27.7 26.9 28 23 22.3 38.2 28.3 19.4 16.5 16.8 17.2 18.1
1.4 2.7 7.6 7.2 8.7 10.4 12.5 16.3 22.9 25.3 22.3 13.5 13.2 14 14.2 13.6 13.8 15 16.7 15.7 15.6 15.7 16.6 17.7 17.6 18.1 18.7 20.5 17.4 14.6 16.2 16.9 16.7 16 15.8 14.4 13.9 12.8 14.5 14.4 11.8 10 9.4 8.5 7.6 5.3 3.8 10.9 8.9 7.1 6.2 6.3 7.9 9.4 13.1 14.9 17 17.9 18.4 19.4 23.3 25.5 26.4 30.1 36.2 39.2 37.3 35 34.5 33.7 34 35.2 36.1 31.5 25.6 22.1 20.6 19.4 26.4 28.7 18.7 17 16.6 17 17.4 18.2
1.3 2.1 11.6 14.3 15.8 11.5 16.3 21.6 26.6 28.5 28.3 19.8 15.7 14 13.9 13.7 13.9 14.5 18.4 16 15.7 16 16.8 19.9 21.5 19.3 18.1 18.2 17.1 14.4 15.7 16.8 17 16.6 15.3 13.7 13.1 12.2 11.2 10.6 8.9 9 8.4 7.6 7.4 4.4 9.6 10.2 8.3 8.7 7.8 6.8 10 10.2 11.4 15.3 17.7 17.5 18.1 19.5 23.5 27.3 27.3 30.2 35.4 38.3 36.6 36 33.4 32.6 32.4 33.7 33.3 28.4 25.1 19.5 18.2 18.7 26.8 18.1 16.1 16.7 17 17.2 17.6 18.3
2.2 6.3 5.7 18.2 30.5 21 17.9 17.2 24.2 27.6 30.8 24.1 17 14.9 14.1 14.1 13.9 13.8 14.7 16.3 16 15.7 16.8 19.6 22.3 19.8 18.8 17.2 16.2 14.6 15.8 16.8 17.1 16.2 15.1 13 12.2 11.4 10.2 9.4 10.4 9.5 7.5 6.7 3.4 5.3 11.5 9.7 6.3 6.8 7.2 8.7 11.9 11.9 16 16.5 19.5 18.5 18.3 19.9 21.2 24.8 27.3 30.6 32.4 35.5 35.3 34 32.9 31.3 30.4 33.3 28.8 26.8 20 18 16.6 17.6 17.8 15.6 15.8 16.4 17.4 17.7 17.8 17.4
5.9 11.3 4.4 9.5 34.1 26.4 23.9 23.3 21 34.4 33 34.5 20.6 17 15.2 14.9 14.3 13.8 14.1 15.6 16.6 18.5 18.1 18.6 19 19.2 20 18.5 16.7 14.9 15.4 16.4 16.2 15.3 13.8 12.2 11.2 9.7 8.2 7.7 9 10.4 7.4 6 2.6 10 11.8 8 6.6 7.1 10.1 13.7 13.2 13.9 18.7 18.5 21.3 20.3 19.9 19.1 20.2 22.7 25.7 32.1 32.1 33.7 34.5 33.7 31.4 31.2 27.7 28.9 29.3 25.3 20.4 16.8 15.4 14.9 15.1 15.3 15.5 16.7 18.2 18.1 19.2 17
