webserver/python/data/NM34.asc
ncols 200
nrows 200
xllcorner 130000
yllcorner 740000
cellsize 50
[rows 37 to 73 of 200, columns 85 to 169 of 200]
64.3 57.5 59.1 63.8 64.6 68.1 73.4 85.5 92.8 95.3 99.7 91.5 94.5 96.3 97 100 102.2 105.2 114.5 110.3 105.7 119.3 119.4 118.9 118.1 120.9 125.6 127.3 131.6 126 118.2 112.7 103.7 95.3 84.8 72.1 57.2 63.2 65.2 64.1 68.2 70.9 79.4 77 85 97.3 100.1 100 101.3 101.9 102.4 102.9 103.4 104 105 106.3 113.9 118.4 123.4 126.4 134.6 135.3 139.8 150.1 154.1 150.8 147.4 144.1 137.8 139.5 144 146.9 150.8 154.3 158.5 158.5 156.3 158.5 139.4 151.3 161.6 169.7 180.1 188.1 193.5
64.5 59.1 62.8 66.8 73.3 76.4 87.6 97.4 102.4 106.9 108.1 96.9 103.7 106.3 104.3 109.1 108.6 105.7 114.8 113.4 119.4 119.6 119.9 120 119.3 122.4 125.3 130.3 135.7 132.1 125.7 117.7 107.6 97.7 87.3 79.5 73.7 62.4 60.6 72.5 78.1 83.7 84.5 82.7 85.8 92.6 100.5 100.8 101.8 102.4 102.9 103.4 103.8 105.1 106.1 107 110.8 117.3 126.2 129.5 137.7 139.6 142.1 151.4 155.7 153.6 148.8 144 137.4 139.2 141.6 143.8 143.5 147.4 152.1 153.8 151.3 152.7 137.8 161 166.2 171.7 180.2 189.7 195.9
66.3 64.5 65.5 69.9 76.7 87.1 97.8 112.5 117.9 124.4 123.2 116 114.4 121.3 121.4 122.6 121.1 121.2 119.6 116.7 117.5 117.5 118 118.1 121 123.1 127.8 132.1 134.3 135.1 129.6 117.3 107.7 100.5 93.2 85.8 73.6 60.7 64.2 77.8 84 84.8 85.4 83.4 84.5 89.2 99.7 101.7 102.4 103.2 103.4 103.8 104.9 106.1 106.7 107.6 110.5 117.4 122 129.8 138.5 146 147.9 154.1 155.4 155.8 147.8 138 136.4 135.9 138.6 138.6 136.2 137.7 143.9 146 148.6 146.2 145.7 163.6 169.8 176.5 182.5 189.5 195.5
69.7 68.1 74 79.1 88.3 97 105.4 118.4 134.2 136 135.6 128.2 126.7 130.1 130.9 126.3 126.9 128 125.3 120.4 124.6 122.5 119.2 121.4 121.8 126.8 131.5 132.8 134.9 131.9 130.2 121.4 104.4 101 97.7 88.7 75 69.1 73 81.9 85.5 86.4 86.4 86 80.7 88.2 92 98.3 102.9 103.9 103 104.3 105.7 106.3 106.7 107.5 109.3 112.7 119.2 127.7 135.2 143.6 147 144.8 152.8 150.7 144.2 135.9 134.3 136.6 134.6 131.8 132.9 136.7 140.9 140.4 139.1 129.1 150.8 164.9 174.6 183.5 190.8 191.3 194.3
69.9 72.3 81.9 90.7 96.7 104.5 113.6 125.6 138.6 139.5 139.5 134.6 135.4 142.5 138.4 139.3 137.7 139.9 135.7 126.8 129.6 129.4 130.8 135.2 132.6 133.9 137.4 136.5 135.5 134.2 133 119.4 105.3 100.2 96.8 88.9 85.5 78.1 80.9 79.2 87.4 89.9 90.1 89.3 86.3 88.4 89 90 97 97.4 98.9 102 105.4 106.5 106.9 107.5 109 110.9 114.1 119.1 127.7 133 137.3 141.4 140.9 143.7 140.5 134.2 130.8 126.4 128.6 129.2 131.4 138.9 139.9 131.6 127.7 127.1 154.2 166.1 176.5 185.8 189.8 193.3 196.1
72.2 81.3 92.4 101.5 106.1 111.1 120.9 134.1 143.5 148.4 145.9 138.6 141.2 148.3 150.3 154.8 148.2 145.9 144.4 139 143.1 142.8 149.5 148.4 144.4 146.5 148.8 145.4 136.8 135.4 130.6 114.4 103.8 105.3 98.2 93.2 94.3 89.1 89.2 85.5 88.8 92.5 93 92.4 88 91 90.8 91.2 91.7 93.4 96.2 98.7 105.7 107.8 107.4 107.6 108.6 110.3 111.4 115.8 118.2 121.7 130.8 136.6 135.2 138.7 135.9 128 128.1 123.8 123.7 128.2 130.6 131.8 132 126.6 125 126.4 145.9 166.4 170.6 183.2 187.2 190.4 193.9
76.6 93.5 105.1 112 117.8 118 128.6 145 151.2 154 145 145.5 153.4 155.2 155.9 158.3 158.3 155.4 154.4 149.2 155.5 153.3 154.1 151.9 148.4 148 150.7 141.8 138.6 133.9 120.7 112 110.3 104.8 101.5 97.6 93.4 99.2 98.9 97.4 88.8 95 95.6 94.9 90.7 93.6 94 94.1 94.1 95.9 99.1 99.4 107.1 108.1 108.1 109.1 109.7 109.9 109.5 110.6 114.2 116.4 124.2 128.3 129 129.4 128.7 121.1 122.4 119.5 121.7 122.8 125.2 127 129.3 124.5 123.4 127.1 147.4 167.9 169.1 177.1 185.1 188.6 194.5
89.5 104.8 111.9 119.4 120.1 129.6 139.3 148.7 155.9 152.2 148.2 156.8 158.8 160.7 163.3 161.8 161.7 166.2 168 156.2 160.4 163.4 160.5 156 149.6 149.2 148.2 146 139.6 131.6 114.4 116.9 115.1 109.1 102.5 104.1 101.5 106.7 110.3 104.6 100.9 96.5 96.6 94.9 91 96.4 97.3 97.5 97.5 97.8 104.3 105 105.1 108.2 105.9 109.5 110.7 110.8 110.4 109.8 111.6 113.1 117.4 123.1 124.6 123.4 118.8 116.7 118.7 116.5 118.3 121.4 122.3 123 124 123.4 122.2 133.4 144.9 159.2 169.5 171.6 179.1 186.5 189.4
93.6 110.9 119.5 126.5 130 140 145.7 148.5 154.7 150 152.7 161.1 164.1 167.7 170.9 174.7 171.9 177.4 173.8 167.5 166.3 171.9 171 162.4 156.2 150.5 150.2 146 136.6 124 118.1 118.3 115.8 114.6 110 110.6 107.2 115.4 113.9 113 109.2 99.9 96.8 94.4 91.5 99.4 100.5 101.9 102 106.1 110.9 109 105.7 103.3 104.3 110.3 110.8 110.9 110.4 109.8 109.7 111 112.9 115.3 120.4 118.8 115 115.2 115.2 116 117.4 118.7 121.2 122.1 122.1 121.5 120.2 137.2 142.3 152.3 160.6 169.5 173 177.7 184.2
100.7 121.3 126.4 129 142.2 143.6 146.7 149.6 152.7 150.6 164.1 167 174 173.4 181.2 186.3 184.4 180.3 175.1 172.5 173.3 178.5 173.9 169.1 167.7 154.4 151.2 145.7 130.4 120.8 120.9 120.6 118.4 116.9 113.2 113.5 112.2 116.3 116.5 116.8 114.3 106.9 99.8 100 96.3 102.2 108.5 107.9 108.5 113.5 114.1 113.5 112.4 112.1 110.1 112.1 110.9 111 110.5 110.5 110.8 112.5 112.9 113.2 113.9 114.1 114.7 115.1 114.9 115.9 116.8 117.9 119.3 120.2 120.5 119.6 119.5 132.1 142.5 149.8 154.6 161.8 168.9 175.2 186
109.3 119.9 124.5 130.1 144.6 144.9 148.6 150.5 160.1 159.4 166.3 179.1 184.6 186.5 190.6 191.3 189.8 190.2 176.3 176 177.2 182.2 177.5 172.7 169 156.6 149.3 138.1 126.2 124.8 123.3 121.9 119.9 119.1 118.9 114.7 115.7 119.7 119.3 119.5 117.2 112.7 104.7 105.6 99.1 100.6 109.7 111 113.8 118.4 118.5 118.8 117.9 117.6 115.8 112.2 111.6 111.5 111.5 111.5 112.5 113.3 115.7 116.1 115.7 115.2 115 114.8 114.9 115.7 116.4 117.1 118.4 118.6 118.5 118.3 119.5 129.4 139.7 147.2 153.8 159.6 167.6 176.1 179.9
118 126.5 129.1 138.7 145.9 147.6 152 161.1 164.5 169.5 174.5 191 189.2 190.5 196.1 199.5 196.5 196.6 185.7 181.7 181.6 186.5 181.5 176.9 173.5 157.5 145.2 132.3 129.5 125.8 125.4 123.7 121.9 122.3 123.1 117.1 120.4 123.8 124 122.4 119.5 116.3 113.1 105.3 102.7 101.6 106 112.1 114.5 120.1 120.6 121.8 122 120.3 113.1 112.2 112 112.6 113.9 114.8 114.1 117.5 116.8 118.4 116.9 115.8 116.1 116 115.9 115.5 115.9 116.2 118 118.1 117.9 118 118.5 127.9 138.5 144 149.3 159.7 164.4 169 170.6
126.6 132 134.2 147.1 148 152.1 161.5 167.2 168.5 176.8 191.3 194.4 191.5 192.5 197.2 204.1 206.3 203.7 195.8 187.5 190.7 195.3 184.3 177.8 172.9 154.8 140.7 135.1 131.4 126.4 127.1 126 124.4 125.8 125.1 121.7 121.2 126.2 126.6 125.8 122.3 120 118 112.1 104.9 104.3 109.9 112.3 115.6 119.4 120.6 123.2 122.6 119.8 114.3 112.8 114.8 116.6 117.2 118.2 115 116.4 117.9 121.2 117.9 116.4 117.8 116.1 116.4 115.8 115 115.7 116 116.9 117.1 117.7 118.9 125.3 138.8 140.8 148.7 153.9 158.2 160.7 166.9
134.7 142.4 144.1 149.6 150.9 154.6 167.5 165.1 172.3 189 198.2 199.1 195.5 197.1 205.3 208.7 213 212.5 199.8 192 197.7 198.6 185.7 177.5 166.6 148.9 140.8 136.8 132.4 128.6 128.7 127.5 126.9 126.9 126.5 122.8 124.5 127.7 128.8 128.1 127.1 124.6 120.5 115.8 110.5 105.5 110.6 114.4 116.7 117.8 117.6 118.5 116.2 116.1 116.9 117 118.5 120.1 120.3 121.5 118.9 119.1 120.2 120.8 119.1 118.9 120.5 117.1 117.4 116.7 115.9 117.7 117.3 117.6 117.5 118.9 119.3 121.6 130.6 147.1 145.9 147.6 151.7 155.9 162.3
139 146.1 145.9 152.3 153.5 159.9 176 169.9 182.7 197.9 206.8 208.1 201.2 203.8 203.5 209.4 214.4 211.4 203 194.6 199.4 196.5 183.5 177.8 157.1 153.6 145.3 141.2 131.8 130.4 131.4 130.5 128.9 128.7 128.3 126 127.5 131.4 130.5 129.4 128.3 125.5 123.3 122.2 121.8 117.6 115.7 115.8 116.1 116.9 118 119.2 122 121 120.2 119.4 121.5 123.3 122.9 123.6 119.4 121.7 122.7 123.8 126.5 123.4 130.1 119.7 118.7 118.2 117.1 119.3 118.9 119.8 119.1 121.4 122 122.3 131.1 142.1 146.7 151.5 154.7 157.7 163.6
142.4 145.6 145.4 156.1 155 165.8 179.7 175.5 193.5 200.8 210.6 212.9 203.4 204.4 204.4 208.2 206.2 208 201.2 196.5 199.6 197 175.1 165.4 157.6 152.1 148.4 141.9 134.3 132.7 133.1 133 131.8 132.5 131.8 128.8 131 132.6 131.8 130.4 129.2 127.9 127.5 126.2 127.5 127.9 124.9 119.9 119.2 120.5 123.1 124.3 124.3 123.4 125.9 123.5 129.3 130.4 126.1 127.7 126.1 125 126.9 131.9 130.3 132.5 133.3 123.2 122.6 119.5 118.3 124.1 124 125 122.1 124.7 123.3 123.2 130.7 147.4 150.3 154.2 158.4 161 166.1
144.4 153.2 154.1 160.7 164.8 179.4 169.9 178.1 195.9 199.7 205.2 204.8 201.6 208 212.6 209.1 206.1 206.9 197.7 194.7 198.5 189.8 174 161.4 159 156.7 149.2 144 138.7 137.5 138.6 138.5 138.4 137.7 134.2 130.5 134.8 137.4 134.8 132.8 133.6 134.7 132 132.4 132.8 130.4 131.9 130.6 124.1 125.4 124.6 125.1 127.7 131.9 131.6 130.8 132.9 134.3 129.4 131.5 129.8 127.3 130.3 134.4 133.8 136.9 138.2 130.3 133 122.9 130.2 127.5 127.5 129.1 124.4 128 123.9 123.8 135.9 145.9 152.8 156.9 161.6 163.3 170.7
148.8 155.8 161 165.5 175.5 174.3 171.7 178.8 194.3 198.4 199.3 198.8 196.6 201.6 201.1 201.5 200.3 198.1 194 189.4 189.4 177.7 167.7 163.2 159.4 152.5 148.3 143.6 141.5 143.1 145.2 146.1 146.5 142.3 136 135.1 142.9 142.9 138.9 138.3 136.8 137.3 135.7 135.9 136 134.6 137.2 137.8 134 131.8 128.9 131 134 134.4 133.9 132.6 135.9 136.5 138.6 140.2 134.8 129.7 134.8 137.7 138.4 141.2 141.2 133 134.8 130.5 134.7 131.5 133.3 136 126.4 126.1 127.2 126 139.9 150.1 154.4 159.3 161.3 163.8 172.3
146.4 151.8 159.8 166.9 166.7 163.3 173.8 180 185.3 194.3 194.3 184.4 191.8 200.4 199.4 198 193 192.4 182.3 177.9 177 173.4 162.4 162.2 153.2 151.1 147 144.2 145.3 148.5 150.7 152.1 150.1 143.8 143.5 142.1 142.7 141.9 141.5 141.7 141.5 142.5 141.4 140.6 140.8 138.3 141.2 142.2 141.1 141.1 135.6 135.3 137.5 137.5 137 134.7 136.7 138.5 141.1 142.3 138 135.5 140.5 143.3 144.8 146.5 147.7 139.9 140 139.4 142 137.8 136.3 139.8 131.9 129.3 131.4 131.9 144.9 151.5 158.8 161.2 163.3 168.7 180.8
146.6 147.6 150.3 160.2 162.5 163.1 172.9 177.9 179.6 181.9 180.5 176.9 182.1 190 194 189.9 187.4 182.4 174.7 172.8 172.6 162.2 155.5 154.1 152.9 151.1 147.9 146 148.1 153.3 152 153.3 152.5 146.6 145.3 144.1 143.8 146.3 152.3 154.3 150.7 148.5 148.4 146.1 146.5 142.8 148 148.4 149.1 151.4 147.3 143.2 144 146.3 144.6 139.9 140 142.1 140.6 141.4 141.1 141.2 146.5 150.5 153.6 156.5 153.9 144.4 140 144.2 145.9 146.1 140.5 140.9 136.1 133.1 136.2 133.7 146.1 150.9 161.4 163.7 166.4 173.7 187.1
145.8 143.7 145.4 148.9 153.8 164.9 178.3 179.7 179.6 178.4 177.2 174.9 176.7 182.6 182.2 182.5 182.7 179.1 174.1 164.2 161.5 154.8 154.3 155.2 154.8 154.5 147.8 146.7 148.8 149 151 153.3 146.3 146.4 146.6 146.1 150.3 156.1 162.9 162.8 158.3 159.4 158 159.7 158.5 154.7 155.8 155.8 156.5 158.8 159.7 155.7 150.8 147.1 148.4 142.8 141.9 145 145.6 147.1 148.7 151.7 151.3 160.4 163.6 166.9 159.1 152.8 148.9 153.3 155.4 155 146.3 146.7 147.5 138.2 138.8 137.3 144.1 154.1 164.3 169 172.3 178.1 191.8
142.6 143.2 150.4 150.5 150.5 167.2 180.1 182.7 182.6 180.2 169.1 173.2 174.7 179 180.7 181.5 182.4 179.1 174.2 159 156 151.5 155.9 153.1 154.2 149.2 146.6 146.9 148.2 149.1 149.2 147.4 146.6 146.7 148.1 150.2 158.7 166 168.9 171.6 170.4 167.1 168.5 174.9 172.7 165.7 159 157.8 158.6 162.3 167.2 167.3 163.6 154.8 151.3 146.3 146.7 150.6 151.3 154.5 159 159.2 153.6 167.8 171.5 173.8 165.4 159.9 161.3 164.9 168.7 163 150.5 153.6 150.6 142.8 143.3 139.3 147.6 160.3 167.9 178.5 181.7 184 193.9
139.1 138.2 149.5 147.7 151.9 172 183 183.4 182.7 177.7 166.2 172.9 175.7 179.5 183 183.9 184 182.6 177.6 158.1 152.1 153 157.3 154.4 151.3 147.8 144.7 146.9 147.8 148.8 148.3 147 146.9 149.7 154.8 156.4 165.3 169.7 172.7 179 180.9 178 181.8 187.7 177.3 170.7 164.6 162.1 163.9 165 168.7 174.2 177.7 171 156.1 151.2 150.5 154.5 156.3 157.4 163.8 165.2 161.2 173.8 177.2 177.3 174.3 170 168.7 171.1 172.8 168 155.5 155.5 151.2 150.1 144.2 144.5 153.7 162 173.5 183.4 189.6 189.5 201.8
135.3 130.4 137.8 139.7 150.8 162.3 172 182.1 174.5 165.4 169 176.1 179.4 181.2 184.1 186.5 186.9 184 173.8 154.3 151.5 156.9 159.5 158.2 148.8 147.4 143.2 147.5 148.1 148.3 147.7 147.2 148.9 158.5 163.7 165.7 167.5 174.1 184.2 192.1 193.3 189.7 186.5 192 183.7 178.1 170.1 169 169.5 165.3 165.6 172.7 177.7 174.6 169.1 156.8 151.5 156.8 159.7 165 167.6 170.1 167.6 178.7 181.1 182.1 181.2 176.7 172.2 174.9 175.7 168.2 159.6 160.8 154.6 151.2 146.1 150.8 159.9 167.2 181.5 189.2 196.7 197.1 210.7
134.3 125.7 127.7 129.2 141.8 149.6 159 166.7 163.6 160.8 177.1 181 184.8 185.7 187.9 192 189.1 180.4 169.4 153.1 154.5 162.4 157.5 156.8 144.2 142.2 140.4 144.8 147.2 150 148.2 148.8 161.9 167.2 171.8 174.3 174.9 178.7 186.9 202.2 205.7 204.2 193.5 194.8 187.5 181.9 173.6 174 176.3 169.5 167.1 169.7 173.9 179.2 173.1 165.2 154.4 159.1 165.4 168.6 171.3 177.4 174.7 178.3 183.7 185.2 184.1 178.3 170.1 176.9 174.7 170.9 164.6 159.3 155.5 150.7 145.7 157.2 158.1 172.9 186 195.8 199.4 200.3 213
130.3 124.2 127.2 127.1 135.7 140.4 144.6 150.5 153.3 163 175.3 183.8 187.6 190.6 197.8 200.9 188.9 184.4 170 150.4 158.5 159 157 153.7 141.3 138.1 137.9 145 148.8 149.5 150.6 151 167.5 177.2 181.2 184.4 186 188.5 193.3 207.1 208.1 206.5 203.1 193.6 191.1 179.6 177.2 174.9 179.4 174 170.9 171.2 175.8 180.5 181.5 179.3 164.7 159.1 171.4 170.8 179.1 181.9 182 175 182.1 184.5 182.7 175.3 168.6 174 176.1 173.1 166 156.5 152.5 150.7 157.4 162.1 170.1 177.1 193.6 199.8 202.3 203.2 212.8
124.9 124.9 126.4 121.9 131.3 135.6 139 141.2 150.5 159.9 167.8 183.4 191.7 197.1 197.9 198.4 187.5 179.7 166.8 146.3 153.4 150.7 148.3 143.5 136.9 139.2 139.1 149 150.1 152.2 149.9 164.4 175.3 182.3 189.5 191.4 196.9 200.7 204.8 212.3 211.1 210.4 205.3 195.5 193.9 181.3 177.6 176.4 179 178.1 177.5 176.9 178 184.9 185.6 186 180.3 165.9 172.1 173.4 182.5 184.4 184.7 176.4 177.8 179.3 176.7 174.1 167.3 171.8 174.9 167.6 159.6 155.3 154.4 151.3 165.3 173.5 181.2 182.3 198.9 201.2 204.4 212.8 217.1
116.9 118.9 114.1 119.3 127.4 130 130.5 138 151.2 161.5 165 175.1 184.9 186.1 192.1 196.7 188.9 176.6 160.8 142.8 149.3 145.3 138 132.7 130.5 130.3 140.4 143.4 150 145.7 158.4 174.2 181.7 185 194 202.8 206.9 206.3 214.4 216.2 215.8 214.2 207.1 196.7 196.7 186.1 180.2 183.1 183.8 180.6 179.8 178.1 178.4 185.3 189.8 190.4 188.5 172.7 170.6 175.5 180.4 184.2 185.6 177 175.7 176.2 174.2 167 166.8 171.5 173.9 161.6 157 155.9 154.4 161.8 176 183 189.9 190.6 192.5 201.4 203.7 214.7 222.1
111.5 108.2 111.8 117.8 121.6 125.8 128.2 135.8 148.5 155 162.5 173.9 175.1 181.4 191 191.7 185.6 172.3 156.1 141.7 132.8 134.4 132.4 127.9 126.1 131.1 139.5 141.9 139.5 155.1 174 182.5 187 193.9 199.2 207.6 209.4 209.3 216 215.3 217.4 217.1 213.1 204.7 196.6 188.2 182.8 186.2 183.2 184.8 179.6 174 179.9 190.1 195.7 197.3 189.9 179 172.3 174.8 180.5 184.1 187.5 183.9 174.7 169.9 168.2 163.5 165.1 170.2 165.1 156 156.3 155.2 165.8 171.4 178.8 187.1 197.4 199.7 199 197.9 201.7 210.3 221.1
99.1 106.1 109.1 111.9 112.5 114 122.8 136.3 147.5 153.5 152.7 161.7 171 179.8 184 178.5 170.5 162.8 153.1 136.5 130.6 129.5 129.6 125.7 122.6 131 138.3 135.5 154 166.4 186.2 191 198 203.5 200.2 199.3 201.6 205.5 211.9 213.5 218.2 218.7 212.6 210.6 202.1 188.1 181.2 181.5 182.1 186.1 178.6 171.9 178.4 189.9 199.8 197.8 186.9 177.6 173.6 174.4 175.8 186.4 186.6 178.8 168.9 166.2 165.3 162.6 165.3 163.5 154.5 155 152.9 159 169.4 177.1 184.8 190.5 198.1 203.4 203.5 200.7 200.3 207.9 222.3
87.5 108.3 105.7 102.2 104.7 111.8 123.1 130 140.6 145.2 154.3 158 162.1 166 165.1 165.1 159.7 154.5 143.9 139.5 122.6 125.4 124.7 123 119.8 129.8 130.6 146.4 158.2 176.8 192.8 201.8 202.7 200.7 198.4 198 198 200.3 211.5 221.6 225.3 226.8 215.5 211.8 203.6 187.1 184.4 179.1 177.3 175.4 167.7 167.6 174.4 186.1 191.7 191.7 186.4 182.6 174.6 173.7 174.4 178.3 177.8 170.2 166.6 162.8 160.6 158.5 160.2 156.9 150.8 150.8 154 166.3 173 182.1 189.3 192.4 203.2 205.7 206.5 203.4 202.1 210.3 221.8
69.7 97.4 77.9 82.5 104.5 109.3 118.8 128.1 133.6 142.5 144.8 151.1 155.6 156.8 157 156.2 151 145.2 139.2 137.9 119.7 118.9 118.7 115.6 120.2 124.4 140.8 149.5 160.3 181.6 197.6 204.2 201.6 200 197.4 196.6 196.6 202.5 217.2 226.2 228.3 227.2 217.9 211.5 201.4 187 180.6 172.8 174 168.7 166.5 169.6 170.4 175.5 180.9 180.5 182.7 185.1 175.3 173.8 173.3 176.5 172.8 167.1 165.9 156.3 156.4 155 153.4 150.8 151.3 144.1 154.3 168.5 177 190 194.4 197.4 204 207.1 209.2 207.6 210 214.3 221.3
43.3 46.8 47.7 83 92.7 107.2 118 126.6 135.8 135.8 144.2 146 147.6 150.3 151.6 149.3 134.8 139.6 139.1 136.2 117.9 111.7 114.4 116.8 115.3 130.6 144.6 151.4 160.3 179.7 193.2 201.6 199.2 198.8 196.2 198.4 197.8 205.5 215 223 224.2 222.4 218.5 214.9 203.8 190 175.2 165 162.8 160.7 162.6 164 163.3 166.3 171.2 174.7 178.8 182.9 177.8 174.8 173.5 170.7 164.1 159.3 157.7 153.2 148.9 150 147.2 149.1 150.5 139.1 149 167.8 178.3 193.4 198.4 199 200.1 206.7 208.7 208.7 203.3 216.5 224.4
28.2 30.2 32.3 48.7 80.6 107.5 112.3 119.4 128.2 135.6 136.3 137.3 141.6 143.5 144.1 140.4 134.7 135.7 137.2 131.4 117.7 110.2 112.7 114.6 127.9 143.2 148.5 155.2 161.8 183.1 192.3 193.6 195.1 196.4 201.9 202.8 202.1 210.2 219.6 224.2 230.2 225.8 220.9 217.1 206 189 173.7 164.1 154.9 156.9 157.9 158.6 162.9 164.3 170.4 172.3 179.3 188.3 187.9 176.9 171.1 155.9 160 156.3 157 158.4 145.1 144.3 142.8 145.6 139.3 140.7 148.8 168.1 173.6 189.5 197.1 198.2 197.1 199.2 201.4 202 200.2 218.8 222.9
19.5 22.2 27 37.3 55 84.6 104.6 111.6 116.8 122.5 127.1 128 131.3 135 138.6 129.6 131.7 133.8 127.9 126.1 114.1 104 105 120.9 138.9 148.6 157 163.3 177 189.9 189.9 193.8 198 201.3 205.2 206.5 206.4 212.5 220.1 226.7 227.6 224.7 220.7 216.9 202.6 188.3 173.8 165.9 158.1 151.8 160.2 158.3 163 163.8 164.2 168.6 177.6 183.7 181.3 170.6 153.3 148.9 155.7 158.7 157.1 154.2 144.1 141.2 141.5 139.2 138.8 140.8 145.5 161.5 172.5 178.1 187 183.5 186.1 198.5 198.2 196.3 195.7 216.9 222.6
8.7 10.8 33.5 31.3 38.1 49.7 64.8 86.5 111.3 117.1 121.3 123.1 122.3 125.7 127.3 122.2 124.7 123.7 117.7 118.7 111.9 101.6 107.8 129.4 148.5 159.7 169.5 180.4 185.9 192.5 190.2 193.2 198 207.4 209.9 210.5 212.3 215.7 223.9 226.3 223 222.2 219.2 204.7 191.5 180.3 165 158.2 156 140.9 149.9 152.2 162.7 162 154.8 161.8 170.5 174.8 172.8 157.1 144.8 147.9 153.9 158.7 165.7 154.5 149.9 139.8 139.1 137.1 140.2 139.2 145.5 156.3 171.7 174.1 174.4 175.9 179 194.1 201.2 195.7 193.8 215.5 221.5
4.8 7.6 32.7 25.5 30.9 31.3 42.2 61.4 91.4 110.5 110.7 117.5 114.1 114 114.1 116.2 116.9 115.8 109.6 109.4 106.6 100.5 113 134.8 156.4 164.3 177.9 195.4 198.5 190.5 190.1 192.5 200.3 205.8 216.1 211.4 216.1 221.2 219.6 221.4 222.4 214.2 208.6 195.8 184.4 178.6 159.1 147.4 144.6 139.3 133.2 146.6 151.6 150.1 156.9 158.9 159.3 156.4 156.2 141.1 143.1 152.5 155.4 157.7 157.2 153.7 150.2 142 137.2 135.1 137.6 139.6 145.7 151.6 155.8 163.3 166.7 171.2 176.6 181.2 192.5 193.4 191.8 205.9 214.9
