webserver/python/data/NM43.asc
ncols 200
nrows 200
xllcorner 140000
yllcorner 730000
cellsize 50
[rows 144 to 179 of 200, columns 82 to 163 of 200]
1.7 2.5 4 12.1 22.2 38 34.5 33.9 36.9 40.7 44.3 45.8 47 60.9 63.1 64.8 65.4 64.2 62.4 62.9 63.5 65.3 70 84.9 108.7 139.7 135.8 115.6 124.4 131.6 140.6 153.5 172.5 194.3 218 242.2 270.8 312.9 321.8 316.4 321.8 322.1 320.4 317.9 317.5 328.9 336 343 344.5 344.2 341.6 340.4 333.7 327.8 321.4 316.2 311.9 308.3 303.7 306.1 306.6 307.9 307.8 313.1 316 319.6 323.9 326.4 325.7 324.7 325.8 329.7 331.9 340.5 343 346.6 352.3 361 372.5 377.8 388 399.4
4 6.1 14.3 32.2 37.7 37.6 39.7 39.7 45.7 48.9 50.4 51.7 61.6 64.1 66.2 67.3 64.7 64 64.2 64.5 65.6 73.8 88.9 110.2 139.1 156.1 144.8 136.8 121.3 127.2 136.4 145.2 160.3 181.8 208.4 234.8 259.3 290.3 316.8 313.1 311.8 314.6 311.5 304.7 303.8 309.5 317.8 326.3 332.9 338.9 337.9 332.8 326.9 319.9 314.3 309.7 305.3 302.3 297.9 299.7 298.2 303 302.6 310.5 314.2 316.8 319.8 319.5 321.2 322.4 325.3 329.7 333.8 339.1 344.2 351.2 361.5 369 375.4 382.8 390.2 402.2
1.9 8.1 25.3 36.6 38.9 40.7 44 44.8 50 63.8 66.2 64.3 73.8 68.1 66.5 65.7 65.8 65.9 65.7 67 73.7 93.2 116.8 152.3 179.7 166.2 156.5 146.3 136.5 123.8 129.1 140.1 155.9 176.6 204.2 223.7 247.4 272 307.9 310.3 301.8 305.9 301 293.1 288.6 290.3 297 309.5 321 329.2 328.9 322.8 315.4 310.1 306.4 301 297.9 295.1 292.2 288.8 292.6 298.9 299.2 306 312.3 314.8 316.1 319 322.4 323.8 327.4 330.4 335.9 342.7 348.7 356.3 365.1 373.8 379.4 391.5 399.4 409.6
0.2 6.4 41.9 40.2 43.3 47.9 61.7 61.7 59.6 68.6 74.3 78.8 76.4 71.6 69.1 68.2 73.1 67.7 68.4 75.2 92.4 116 163.1 190.9 191.2 183 170.6 153.7 143.2 132.8 124.2 135.8 148.4 168.8 203.5 216.5 232.9 256.5 283.8 302.9 294.3 288.6 285.2 280.9 276.4 275.4 277.6 284.4 301.3 314.6 317.5 313.9 306.9 301.5 296.3 293.5 290.2 289.5 288.9 287.5 285 290 296.5 298.5 307.3 315 317.8 320.2 322.9 325.8 329.7 331.1 337.6 343.7 350.3 361.5 369 376.3 385.7 395.5 407 417
0.7 4.1 38.2 48.9 59.1 68.3 69.1 66.6 69.6 70.1 79.9 81.9 78.2 73.9 74.9 78.6 73.4 73.8 78.2 95 114.2 144.7 211.7 203.9 203.2 192.4 181.2 164.4 149.5 138 129.9 132.7 143.1 161 185.1 209.1 222.3 242.3 261.4 291.3 288.4 273.2 272.1 269.4 266.6 264.1 271.4 275.2 280.9 294.8 301.5 302.1 296.8 292.3 288.1 283.3 279.9 280.3 283.1 282 279.6 283.3 291.6 300.6 307.5 315.2 318.9 321.7 324.9 328.2 329.8 332.7 339.2 345.4 353.2 363.2 372.1 381.5 390.9 401.6 414.3 426.9
1.9 5.4 45.9 63.1 69.7 70.9 70.8 70.5 69.9 72.1 81.6 82.5 78.2 77.4 80.8 82.6 81.7 87.1 100 119.3 142.4 185.3 223.2 218.7 211.9 203.3 191.2 172.9 157.7 143.7 135.3 129.2 136.2 149.8 168.2 199.4 214.2 224.5 246 280.3 277 264 256.3 255.7 251.4 249.3 251.4 264.9 268.9 271.3 276.5 282.2 282.9 280.9 280 277.3 275.8 275 274.7 276 280.7 288.2 293.1 299.4 307.8 315.5 319.3 322.8 326.5 329.1 332.2 336.3 342.1 347.6 354.1 364 375.5 386 395.3 406.9 419.9 432.3
4 25.8 51.3 71 75.3 75.5 75.8 76.8 79.6 77.4 87 86 85.6 88.5 92.9 93.9 97.8 108.8 126.8 146.9 170.2 243 236.7 227.8 224.7 209.8 197.4 181.4 162.8 149.7 139.8 134 130.9 140.8 156.4 178.2 200.2 215.7 236.1 262.4 265.4 252.7 243.7 244.1 244 244.8 244 245.7 251.4 254.3 255.7 258.7 260.8 262.1 265.6 269.5 269.4 267.3 268.9 266.4 279.9 287 292.8 300.6 306.9 315.8 319 323.4 327.5 330.3 333.1 338.4 342.8 349.3 355.7 364.4 375.4 387.3 397.3 410.5 426.4 438.2
9 36.8 60.6 80.2 88 81.9 80.9 84.7 85.2 86.3 94.7 98.1 99 106.8 111.3 119.2 123.8 138.9 160.9 213.4 255.2 255.4 247.5 236.1 228.2 215.2 206.2 190.5 172.5 157.8 146.2 137.7 132.8 136.7 146.3 161 178 206.2 217.4 233.1 243 239.4 235.2 232.9 232.3 232.8 233.5 235.8 236.8 240.5 245.1 245.7 249 247 246.5 251.7 255.2 253.7 255.6 263.5 276.1 284.6 291.8 299.8 305.3 311.2 317.7 322 327.1 331.3 335.2 339.8 344.9 350.4 358 366.2 377 387.5 398.1 411 427.7 440.2
56.3 69.6 74.4 86.2 92.1 90 89.5 90.3 93.6 102.5 111.7 118.8 126.5 135.7 138.6 150.9 165.9 185.2 240.2 257.3 267.6 269.4 265.5 247.9 232.7 224.8 214 198.4 183.5 164 152.6 142.8 137 132.2 139.9 149.4 165.1 182.3 202.4 213.5 220 221.8 220.1 221.6 221.5 219.9 221.3 222.9 226.6 228.8 231.7 234.6 235.3 236.8 236.5 237.6 239.7 240 250 260.7 273.7 281.4 289 296.2 302.1 309.9 313.7 319 324.9 332.6 338.5 341.9 345.7 351.9 358.3 367.9 378.7 386.4 398.1 410.2 424.2 442.3
87.5 85.7 85 92.3 93.9 93.6 95.3 101.8 114.5 126.2 137.8 146.8 159.8 169.1 179.7 203.6 247.1 272.4 274.3 272.9 280.4 281.2 279.3 265.7 242.6 229.3 218.2 207.4 191.5 172.3 159.2 148.5 140 133.7 135.9 140.6 149.3 162.4 185.6 197.2 202.8 205.7 205.2 202.7 208.7 208.5 207.6 208.2 213.8 214.4 215.7 218.5 222.3 225.2 228 229.1 230.9 233.2 246 252.7 266.4 276.1 284 289.8 297.7 306.1 314.2 318.2 322.9 329.3 340.2 343 344.7 350.6 355.4 364.7 375.6 384.1 395 408 424.7 438.4
86.6 89.3 93.8 97.5 96.6 97.5 106.1 121.7 142.2 160.6 172.5 178.5 216.9 242.5 291.7 297.7 295.4 292 290.1 289.7 290.8 288.9 284.8 279.5 257.5 239.9 227.6 215.7 198.4 180.7 165.1 152.8 142.7 136.9 133.9 135.9 138.6 145 156.9 173.3 181.6 189.5 190.7 189.1 194.3 198.6 198.8 200.2 201.3 203.8 203.9 205.5 207.9 211.9 215 219.6 227.5 227.7 237.3 248.4 260.6 270.2 278 285.3 290 298.1 306.3 314.8 320.7 326.4 332.6 339.6 343.7 348.3 355.3 364.8 375.9 380 387.4 401.1 420 433.8
87.6 92.2 98.6 99.7 103.2 115.7 129.4 150 173 192.8 211.8 272.7 287.7 305.1 310.2 313.6 315.8 315.9 315.4 307.4 301.6 303.7 298.3 285.9 269.5 249.1 234.3 220.2 207.4 188.2 169.1 156.4 145.8 138.4 136.5 135.4 136.4 138.4 142.7 149.4 157.1 167.5 173.1 176.1 173.8 181.5 184 183.3 189 192.8 194.7 196.1 197.8 201.6 206.7 217.1 225.4 225.8 234 244.4 254.7 263.9 272.6 279.9 286.8 294.1 301.2 310.4 319.2 324.3 330.7 334.3 340.9 347.3 352.2 360.1 369.6 377.7 384.4 394.2 406.2 427.5
93.2 99.9 101.6 107.8 115.1 134 155.8 180.9 207.3 259.4 296.4 318.5 320.8 330.8 336.5 336.4 334.9 338.5 336.3 328.3 320 311.9 308.5 292.6 277.1 263.9 242.5 226.4 209.6 192.8 172.9 159.6 147.9 141 138.4 136.7 137.2 137.2 137.6 140.2 142.9 151.2 154.7 159.1 162 163.2 168 171.3 177.7 180.4 183.1 186.2 191 198.4 203 212.2 223.1 223.7 226.5 238.8 249.4 260.9 269.5 277.4 291.1 291.8 297.6 304.7 316.9 322.1 327.6 330.7 338 345.7 351.1 360.7 372.3 377.9 381.9 389.1 397.5 407.5
99.1 102.6 108.4 120.7 136.1 153.9 180.6 208.8 284.5 329.4 334.2 333.7 335.1 341 346.2 351.5 358.1 356.3 352.7 350.4 339.2 325.3 316.4 299.4 276.4 263 245.4 228.4 212.6 203.5 181.5 163.8 148.9 142.1 139.5 137.5 137.9 137.2 137.6 138 139.6 142.3 143.8 146.1 149.2 152.3 155.3 158.2 166.9 172.6 173.3 177.9 187.9 191.7 198.7 204.9 217.6 223.4 220.4 235 243.1 253.9 265.4 271.3 285.5 289.5 295.2 300.3 313.9 319.4 323.8 328.9 337.3 346.6 349.8 356.9 366.4 371.1 377.1 382.3 388.9 396.3
107.8 114.9 124.8 135.9 156 179.2 209.3 262.1 330.1 342.9 347.3 343.4 357.6 361 360.9 363 366.4 365.4 365.6 360.3 352.6 343.3 328.6 305.1 280 256.9 245.1 231.9 220.4 205.7 188 172 159.8 148.6 142.8 140 139.3 137.9 138 138.1 138.7 139.5 141.6 143.8 145.3 146.7 149.6 153 158.2 165.5 168.8 172.7 180.2 187.5 192.1 201.1 208.9 218.3 214.8 229.5 236.2 245.6 255 264.3 269.4 283.5 293 296.3 306.6 315.7 319.4 325.6 335.6 340.9 347.1 351.7 358.3 363.6 370 377.6 382.4 389.1
124.2 134.6 142.1 154.3 180.7 208.2 263.9 314.5 332.7 344.6 350 351.9 365.9 374.7 376.4 376 378.3 376.8 375.2 371.5 358.7 348 334.2 315.9 292.3 270.1 251.2 240.5 228.4 216.3 208.1 191.5 172.5 159.5 150.1 144.8 142.7 139.1 138.3 138.9 140 139.3 140.4 142.5 143.9 144.9 146.5 149.1 152.1 155 159.5 167.7 172 178 186.9 194.1 202 207.4 210.6 228.3 235.2 241.6 247.2 256.7 263.4 270.2 285.2 291.1 297.6 309.8 314.5 323 332.2 337.5 343.4 348.9 356.3 358.7 362.9 371.9 373.6 378.3
135.7 143.5 154.7 180.9 243.9 249.4 299.7 315.5 328.4 341.3 349.9 361.3 371.4 382.9 384.7 383.4 383.5 387.5 382.8 373.7 368.5 357.6 344 331.1 302.8 287.6 266.9 250.2 237.6 226.1 215.6 206.1 196.5 178 165.1 155.9 151.4 146.7 143.9 140.7 141.7 139.7 139.8 140.6 141.4 142.3 144.1 146.8 148.2 149.1 151.2 155.3 161.3 167.8 176.3 184.2 192.7 198 204.4 222.2 230.6 236.7 243.2 248.1 259.6 265.3 271.8 281.7 293.8 303.6 309.7 318.8 325.6 332.9 338.9 342.8 346.5 352.8 356.8 362.4 366.5 370.7
144 149.5 168.9 201.8 263.7 281.4 301.5 314.6 327.8 340.7 349.7 365.6 369.9 382.3 386.9 393.3 393.4 393.5 391.9 389.9 394.7 383.9 363.3 343.8 317.1 301.1 289.9 279 253.9 241.2 229.4 219.7 210 200.9 185.7 173.5 166.7 160.8 155 146.9 142.3 140.3 141.9 141.6 142.3 142.4 143.3 145 146.5 148 148.1 147.8 151.7 159.8 168.4 173.2 178.8 181 199.9 209.1 226.9 232.8 238.8 242.4 250 258.4 266 278.1 293 294.3 300.5 310.5 320.5 327.6 336.1 339.9 341.5 345.9 350.4 354.6 359.6 363.5
145.8 156.4 179.9 222.5 266.7 284.2 297.7 314.4 322.1 336 346.5 363.8 365.3 375.1 389 401.8 407.6 405.3 405.7 402.2 404.9 403.7 398.3 367.2 347.2 325.9 306.1 293.1 280.4 263.5 245.6 238.8 232.4 216.6 206.3 199.3 186 176.4 168.4 160.1 154.2 146 146 148.1 145 144.8 144.6 144.2 145.1 145.9 146.4 146 146.1 150.9 158.3 165.6 166.3 180.7 191.7 201.3 219.5 227.5 232.5 238.8 242.3 251.3 261.2 270.6 285.1 290.3 293.9 300.6 317.6 325.2 333.5 339.8 336.9 340.1 342.2 347.8 353 359.1
154.6 170.8 191 233.5 261.5 277.5 285.4 303.9 314.7 327.8 350.3 363.8 367.8 384.5 401.2 408 412.7 412.8 412.7 410.8 412.6 429.4 428.7 405.1 386.1 361.6 347.9 323.2 301.9 289.6 278 255.2 243.4 232.8 220.5 213.5 210.2 196.5 187.3 180.5 171.9 163.8 156.2 152 152.8 150.3 147.3 146 145.5 144.2 144.5 144.5 144.5 145 149.8 153 163.9 172.1 184.3 192.5 204 219.4 226.6 232.3 238.6 246.5 254.2 262.5 276.8 286.3 289.7 291 307.6 323.4 330.9 339 333.6 334.3 336.1 339.4 347.4 352.5
166.7 196.6 221.2 252 261.1 268.3 275.5 290.8 314.5 340 366.1 367 372.6 386.9 402.9 411.3 424.3 433.7 434.7 427.6 435.8 437.6 439.7 439.3 416.3 395.6 379.7 377.9 345.3 319.5 304.4 294.2 283.8 275.9 250.4 238 225.5 216.7 208.8 198.3 200.3 181.8 174.2 163.8 160.9 158.1 156.6 150.5 147.3 145.3 144.1 143.3 143.1 143.4 140.8 151.8 159.1 164.6 176.8 181.9 191.1 204.9 217.2 224.9 234.3 238.3 244.8 253.6 265 280.4 282.6 282.7 298.9 313.1 327 327.8 330.9 331 330.6 333.6 338.4 343.1
168.6 209.1 225.1 254.6 263.6 269.3 277.3 292.1 313.2 343.5 367.4 368.7 376.2 388.9 401.9 409.8 420.6 439.6 440.6 441.4 441.7 442.7 443.3 443.1 441.3 435.9 407.4 400.4 385.3 369.9 342.9 328.5 306.2 293.5 288.1 273.2 251.1 244.4 238.1 228.3 211 202.7 192.9 179.6 171 168.3 168 164 154.6 149.6 147 146.8 143.1 141.8 139 146.2 153.2 157.3 164 173 182.2 194.5 202.4 216.5 225.4 232.1 236.5 245.3 255.1 269.6 272.5 275.1 287.2 301 311.4 316.8 323.2 328.4 325.2 328.7 331.6 335.7
168.2 201.5 249.6 259.3 264.8 269.2 279.3 291.7 309.2 337.3 365.9 368.6 374.1 388.5 395.5 409.2 415.7 434 440.7 444.2 445.2 445.5 445.8 445.5 445.7 444.6 440.1 437.1 416.5 394.7 376.2 356.4 337.1 320 296.4 288.4 273.8 264.9 254.1 252.1 235.9 215.9 207.6 203.3 187.7 180.1 173 169.3 166.3 161.3 156.8 152.9 148.2 146.7 136.7 142.6 144.9 152.2 158.3 163.4 173.8 182.1 190.4 200.8 210 224 229.7 239.3 246.1 250.8 262.6 268.9 274.7 287.5 299.5 306.3 312.5 317.4 322.7 323.6 326.5 332.3
190 225.5 248.7 258.9 264.4 268.7 281.1 292.1 304.7 324.2 363.1 369.5 371.7 381.2 389.1 395.1 412.7 423.3 440.5 445.9 447.1 447.2 446.6 447.5 449 453.3 446.7 440.1 436.5 431.3 400.6 381.4 366.7 342.9 326.5 307.9 289.2 271.6 263.2 260.3 250.3 246.6 225 207.5 202.5 194.3 183 180.1 175.5 167.3 162.6 155.3 149.5 146 141.4 139.1 141.6 144.1 154.5 159.4 166.1 173.3 182.2 190.3 198.9 213.1 221.5 232.5 237.3 245 252.4 257.9 264.4 278 289.6 300.2 305.2 310.7 315.3 320 322.4 327.3
222.3 233.4 247.3 257.7 263.8 270.2 280.5 293.8 302.1 318 347.8 369.4 371.7 373.7 388.8 392.8 408.7 421.2 444.2 448.7 448.5 448.1 447.7 448 449.5 454.9 449 445 440 436.4 431.1 417.6 383.7 367.5 342.7 320.7 306.8 285.4 269.1 259.8 258.1 251.9 242.4 221.8 208.1 201.3 193.5 185.4 178.3 171.1 162 156 151.3 146.3 142.9 137.8 138.5 142 148.5 154 160.3 167.7 175.2 181 190.2 199.8 216.3 225.5 233.1 236.2 240.7 247.5 253 268 280 292.2 298.3 305.4 312.5 318 320.8 325.5
225.9 237.3 247.1 257.7 264.2 270.1 281.7 292.6 302.4 313.2 335 366.7 370.1 372.3 385.4 400.3 405.2 420.8 439.5 449.4 449.4 449 448.7 448.9 449.8 451.4 452.1 450.8 447.1 442.1 434.4 427 410.9 377.5 360.8 334.6 315.1 308.2 295.4 273 261.6 255.6 243 232.1 220.1 207.8 198.6 193 186.4 178.8 169.7 163.1 157.6 153.1 149 143.1 129.2 139.1 143 148.4 152.9 160.4 168.5 173.3 180.3 189.9 201.3 215.8 228.2 231.2 235 240 244.1 254 268.8 277.6 290.1 298.9 309.2 314.2 318.6 320.9
227.2 241.9 250.7 263.4 265.8 270.6 284 292.7 300.4 308.3 323.4 355.9 368.3 371.2 382 400.4 404.2 415.8 442.5 450.2 450.1 449.9 450 450.2 451.5 455 456.6 455.8 452.8 449.6 444.1 431.2 421.5 388.6 367.5 343.1 322.3 312.1 306.9 300.7 282.2 257.9 250.6 242.7 226.8 215.3 204.6 196.3 192.2 189.7 178.7 171.3 162.3 156.6 150.4 145.2 136.3 134.8 139 143.7 150.6 154.9 160 168.9 174.4 181.6 191.4 207.5 215.4 224.9 226.7 231.3 235.8 247.8 258.8 267.5 281 292.1 303.8 309.7 313.1 317.2
252.9 244 254 262.2 266.3 273.6 283.4 293.7 300.4 306.3 316.7 344.9 366.4 370.7 377 396.9 404.3 416.9 428.8 449.9 450.2 450.2 451 451 451.7 456.8 461.4 459.6 457.5 455.7 449.4 438.2 425.6 395.8 369.8 352.2 332 319 306.9 301.9 284.2 264.2 250.6 241 229.2 218 211.7 203.8 194.7 192.3 186.8 177.2 170 158.9 152.3 146.9 138.4 127.1 136.3 141.2 144.5 147.7 154.9 160.6 168.8 174.5 182 189.6 201.8 213.8 218.7 222.6 228.1 238.1 253.3 262.9 272.1 281.8 292.4 302.5 306 309
265.2 265.4 260.7 263.9 268.6 274.7 284.6 294.8 302.1 307.9 314.4 335.5 359.7 371.1 375 394.2 403.8 423.5 428.9 446.1 450.1 450.2 451.1 451.8 453.7 458.9 466.6 463.5 459.8 459.4 451.6 439.9 427.6 416.8 377.7 361.2 338.8 323 308.1 302.9 297.4 273.4 254.3 241.3 235.5 225.3 218.6 210 202.4 195 188.9 180 172.7 162.3 155.7 148.1 140.6 131.8 128.8 136.2 140 144.8 149.6 154.8 160 167.8 173.7 181.2 187.8 198.6 209.9 216.6 232.7 231.9 242.4 254 263.7 273.9 282 290.5 299.4 302
273 274.9 276.8 274 269.3 277.3 283.5 292.5 298 307.8 311.4 328.4 357.8 370.4 374.7 392.4 402.1 410.8 431.4 446.9 450.8 450.4 451 451.1 452.7 458.4 465.2 464.4 461.9 460.4 451.2 440.4 431.6 416.3 382.3 363.9 342.4 323.1 310.6 299.6 286.3 272.5 261.4 255.1 244.4 235.6 224.2 217.5 209.7 200.8 190.9 183.2 174.6 168.6 160 151.5 145.4 136.9 120.9 128.1 131.6 138.5 143.7 148.3 154.3 159.7 165.1 171 177.7 185.8 202 210.6 220.5 224.9 231.6 242.7 253.8 265.9 271.7 279.1 288.5 295
272.3 280.7 283 282.9 279.4 276 278.5 291.7 296.8 304.9 311.6 323.5 354.5 370.6 376.5 392 401 406.7 430.7 448.6 450.1 450.8 451.3 451.2 452.2 456.9 462.3 462.8 460.9 457.8 448.9 436.6 427.1 406.2 379.2 360 343 324.4 308 296 288.1 278 276.4 282.5 262.1 248.9 234.3 222.2 215.9 209.1 193.6 189.2 180.6 171 164.3 155.7 148.9 142.3 130.6 118.1 125.7 129.4 136.5 141.8 149.7 154.9 158.5 161.9 167.7 177.2 187.3 202.6 209.9 216.3 221.1 231.9 239 251.1 261.1 269.7 278.6 287
283.5 282.4 288 289.1 287.1 287.3 285.2 289.5 299.2 305.6 312.4 321.1 346 371 376.3 388.5 400.7 402.8 416 439.5 449.2 451.1 450.9 451.3 452.2 456.1 461.7 461.9 457.8 453.7 445.4 433.9 425.1 399.3 371.3 352.9 335.8 321 311.3 308 304.4 293.4 295.4 291.9 274.2 258.8 244.1 230.9 219.4 212.4 198.7 189.5 183.8 173.3 168.6 160.5 151.4 143.9 136.8 123.9 116 120.1 124.5 130.8 140.1 146.2 152.5 156.2 159.8 167.5 175.2 188.7 203.2 208.4 215.1 218.6 231.4 237.7 248 257.7 266.2 278.6
295 291.2 291.6 293.6 294.5 296 296.4 290.5 297.6 305.9 311.5 322.3 340.1 372 376.6 390.3 400.8 402 406.4 422.5 448.3 450.4 450.5 449.9 449.5 451.7 456.3 456.3 450.9 448 442.1 433.8 420.7 390 367.7 352.2 336.5 320.1 313.6 308.8 304.4 300.2 292.5 279 271.5 261.5 247.5 236.1 221.3 214.2 199.7 192.5 188.5 181.8 171.1 163.6 155 146.6 139.1 130.8 122.9 117.9 113.3 119.6 127.1 135.5 137.5 143.9 151.5 159.8 167.9 179.2 189.4 196.9 205.8 210.1 215.1 227.2 234.8 245.7 255.5 264.5
302.8 299.8 298.3 297.8 300.2 302.6 302.4 300 295.9 303.5 310.5 322 338.4 370.2 377.3 392.2 400.9 401.1 402.9 414.1 446.5 450.8 450 449.2 448.2 450.3 453.6 452.5 445.6 441.7 438.6 435.1 415.6 384.4 367.1 351 331.9 319.5 314.4 309.3 304.9 299.8 292.1 274.6 266.7 257.8 247.9 236.7 226.1 216.4 207.8 200.5 188.6 183.1 174.5 164 157.6 148.5 141.4 134.1 128.1 122.8 116 105.4 113.7 120.9 125.3 130.5 140 153.4 160.9 169.8 180.3 188.2 196.5 203.4 205.6 211.4 223.8 230 243.7 253.5
310.1 309.5 307 306.5 308.8 307.9 309.3 307.9 306 307.2 310.7 320.3 333.4 355.6 375.4 388.8 394.1 398.1 400.9 411.3 433.8 451 449.9 449.1 447.2 445.6 448.7 448.1 444.5 441 437.9 431 407.3 380.3 368.5 350.5 330.6 319.7 314.3 309.5 305.5 301.5 293.7 274.4 265.6 257.8 248.5 240.5 233 218.8 212.6 207.2 188.5 184.9 176.2 169.3 159.2 152.7 145 138 131.8 127.4 122.4 115.6 107.7 109.7 112.8 122.8 131 145.1 154.4 161.1 170.6 176.7 188.3 193.7 199.2 203.1 210.7 218.1 225.4 243.4
316.5 315.6 314.6 315.7 319.5 333.4 322.1 314.9 313.5 316.8 322.9 331.4 340.2 354.5 366.3 378.9 386.8 396.1 402.4 411.7 428.9 446.5 449.8 448.9 446.8 445.3 445.3 445.8 442.4 440 436.3 432.4 401 377.6 361 346.2 330.2 320.3 314.7 310 305.6 301.3 291.7 277.3 267.9 262.5 252.7 244.4 235.7 222 215 208.5 193.7 188 178.2 169.7 162.2 153.7 147.7 139.9 134.8 131.2 127.1 120.6 114.4 105.5 105.6 112.2 123.2 137.7 145.6 153 159.6 168 177.5 184.4 190.7 197.2 202.6 207.9 216.1 228.7
