webserver/python/data/NM62.asc
ncols 200
nrows 200
xllcorner 160000
yllcorner 720000
cellsize 50
[rows 72 to 107 of 200, columns 82 to 163 of 200]
376.1 365.8 368.1 363.4 358.7 352.7 346.7 328.1 324.5 333.1 333.1 316.5 297 292.1 281.4 275.9 258.9 230.9 207.3 180.9 160.5 135.9 118.5 107.3 77.1 81.4 78.6 80.2 79.7 79.3 76.7 76 73.3 65.3 54.7 61.4 59.2 60.3 58.9 53.8 49.2 43.7 42.7 37.4 40.5 41.5 41.5 41 34.8 24.3 19.3 13.4 6.6 3.8 3 -1.4 -1.4 -1.4 -1.4 -1.4 -1.4 -1.4 -1.4 -1.4 -1.4 -1.4 -1.4 -1.4 -1.4 -1.4 -1.4 -1.4 -1.4 -1.4 -1.4 -1.4 -1.4 -1.4 -1.4 -1.4 -1.4 -1.4
352.2 353.7 355.3 354.9 353.5 349 334.7 322.5 320.5 324.5 316 296.4 276.9 269.7 257 253.2 253.5 237.4 206.5 177 157.5 128.2 109.5 101.8 86.3 56.1 57.4 64 63.7 65.7 66.7 67.5 62 57.2 53.4 37.7 46.9 45.4 42.6 39.9 36.3 32.4 28.6 26.5 25.3 24.4 27 26.6 24.3 17.6 10.8 5.4 -1.4 -1.4 -1.4 -1.4 -1.4 -1.4 -1.4 -1.4 -1.4 -1.4 -1.4 -1.4 -1.4 -1.4 -1.4 -1.4 -1.4 -1.4 -1.4 -1.4 -1.4 -1.4 -1.4 -1.4 -1.4 -1.4 -1.4 -1.4 -1.4 -1.4
325.2 312.2 327.3 330.7 339.1 338.7 319.8 319.1 323.2 323 299.3 284.7 258.8 247.7 242.1 227 222.3 205.9 187.9 154.2 139.1 116.8 93.4 83.9 74.6 64.2 41.9 45.1 52.9 55.8 55.9 53.4 48.4 45.7 43.3 36.2 26.6 35 31.7 29.6 27.9 26.2 22.6 19.1 16.1 12.6 13.3 13.9 13.8 11.9 8.8 -1.4 -1.4 -1.4 -1.4 -1.4 -1.4 -1.4 -1.4 -1.4 -1.4 -1.4 -1.4 -1.4 -1.4 -1.4 -1.4 -1.4 -1.4 -1.4 -1.4 -1.4 -1.4 -1.4 -1.4 -1.4 -1.4 -1.4 -1.4 -1.4 -1.4 -1.4
345 329.7 288.2 304.3 314.1 317.2 309.8 310 314.1 302.3 278.7 258.6 236.1 228 227.2 216.4 191.7 169.1 149.8 132.5 116 100 78.2 59.6 58.8 46.9 35.2 34.5 37.7 41.8 39.2 37.3 34.8 33.7 34.1 33.9 27.8 23.9 27.3 22 25.5 21.5 20.1 17.9 11.7 10.8 9.5 9.1 9.8 6 -1.4 -1.4 -1.4 -1.4 -1.4 -1.4 -1.4 -1.4 -1.4 -1.4 -1.4 -1.4 -1.4 -1.4 -1.4 -1.4 -1.4 -1.4 -1.4 -1.4 -1.4 -1.4 -1.4 -1.4 -1.4 -1.4 -1.4 -1.4 -1.4 -1.4 -1.4 -1.4
335.6 328.9 317.4 264.8 276.8 278.8 287.1 296.6 296.3 276 259.4 237.1 219.8 209.1 205.6 200.9 176.9 145.9 126.5 114 96.7 78.7 67.3 53.5 31.1 28.4 27.7 25.3 26.6 24.4 24.6 26.9 26.1 26.5 25.4 24.9 25.8 16.2 18.7 15.1 12.1 14.9 12.3 9 6 4.2 5.4 4.2 -1.4 -1.4 -1.4 -1.4 -1.4 -1.4 -1.4 -1.4 -1.4 -1.4 -1.4 -1.4 -1.4 -1.4 -1.4 -1.4 -1.4 -1.4 -1.4 -1.4 -1.4 -1.4 -1.4 -1.4 -1.4 -1.4 -1.4 -1.4 -1.4 -1.4 -1.4 -1.4 -1.4 -1.4
324.8 319.8 316.6 300.9 239.1 239.6 242.3 257.5 265.9 248.8 235.5 216.1 198 200.6 190.6 176.1 151.2 126.5 101.7 85.8 72 63.2 54.8 41 24.8 25 25.7 21 19.9 17.4 17.3 24.4 20.6 17 17.5 18.6 18.4 13.9 9.4 8.3 5 3.5 -1.4 -1.4 -1.4 -1.4 -1.4 -1.4 -1.4 -1.4 -1.4 -1.4 -1.4 -1.4 -1.4 -1.4 -1.4 -1.4 -1.4 -1.4 -1.4 -1.4 -1.4 -1.4 -1.4 -1.4 -1.4 -1.4 -1.4 -1.4 -1.4 -1.4 -1.4 -1.4 -1.4 -1.4 -1.4 -1.4 -1.4 -1.4 -1.4 -1.4
320.4 313 309.2 295.3 275.4 218.2 196.2 214.6 224.7 218.4 212 188.7 179.3 181.7 168.8 148.5 131 103.7 84.1 69.3 57.9 47.4 40.1 32.2 22.5 23.2 24.5 29.2 27.1 21.8 12.2 19.2 12.8 8.6 8.2 9.1 9.9 8.8 7.9 2.3 1.4 -1.4 -1.4 -1.4 -1.4 -1.4 -1.4 -1.4 -1.4 -1.4 -1.4 -1.4 -1.4 -1.4 -1.4 -1.4 -1.4 -1.4 -1.4 -1.4 -1.4 -1.4 -1.4 -1.4 -1.4 -1.4 -1.4 -1.4 -1.4 -1.4 -1.4 -1.4 -1.4 -1.4 -1.4 -1.4 2.4 4.5 4.3 3.9 3.4 5.1
299.8 295 289.5 273 259.1 234.2 188.8 169.1 178.3 190.2 182.3 170.9 167.3 163.3 150.9 135.1 109.6 89.4 71.1 57 49.3 42.6 37.6 27.2 20.6 23 31 28.6 21.9 18.7 12.8 9.4 7.1 5.8 3.7 3.2 4 5.2 5.9 3.5 1.5 -1.4 -1.4 -1.4 -1.4 -1.4 -1.4 -1.4 -1.4 -1.4 -1.4 -1.4 -1.4 -1.4 -1.4 -1.4 -1.4 -1.4 -1.4 -1.4 -1.4 -1.4 -1.4 -1.4 -1.4 -1.4 -1.4 -1.4 1.7 1.8 2.3 2.3 2.4 2.6 4.9 6.6 7.3 8.7 11.3 15.7 10.5 14.2
289.9 272.5 257.5 244.7 237.2 215.4 201.8 185.1 143.5 150.9 159.5 155.2 145.7 134.1 124.3 114 94.5 77.5 62.3 51.6 44.2 41.3 31.3 18.6 22.7 26.7 30.2 23.5 21.5 24.7 18.1 8.4 6.5 4.7 3.6 -1.4 -1.4 -1.4 -1.4 -1.4 -1.4 -1.4 -1.4 -1.4 -1.4 -1.4 -1.4 -1.4 -1.4 -1.4 -1.4 -1.4 -1.4 -1.4 -1.4 -1.4 -1.4 -1.4 -1.4 -1.4 -1.4 -1.4 -1.4 -1.4 -1.4 -1.4 5.3 9.8 6.4 6.7 8.1 7.5 7.3 11.9 18.1 19 19.8 19 21.2 26 27.8 29.7
259.1 242.9 222.9 213.3 203.6 190 188.1 184.9 158.4 123.2 119.7 124.7 117.9 107.5 97.4 90.2 75.2 67.6 55.8 37.8 33.3 34.4 25.6 17.2 22.8 28.7 24.3 22.6 22.7 22.4 13.9 7 5.3 4.5 3.4 -1.4 -1.4 -1.4 -1.4 -1.4 -1.4 -1.4 -1.4 -1.4 -1.4 -1.4 -1.4 -1.4 -1.4 -1.4 -1.4 -1.4 -1.4 -1.4 -1.4 -1.4 -1.4 -1.4 -1.4 -1.4 -1.4 -1.4 -1.4 -1.4 -1.4 5.7 12.8 25.7 23 25.6 22.6 17.8 17.7 21.2 26.9 28.8 28.8 29.3 35.2 38.4 39.5 42.5
219.5 199.6 189.3 184.7 176.8 176 176 162.7 144.3 133.3 103.9 97.6 98.2 87.2 77.4 75 61.3 50.6 40.3 41.8 25.9 22.4 17.6 16 23.5 24.2 23.7 23.1 20 16.1 9.5 5.4 3.9 3.6 1.9 -0.1 -1.4 -1.4 -1.4 -1.4 -1.4 -1.4 -1.4 -1.4 -1.4 -1.4 -1.4 -1.4 -1.4 -1.4 -1.4 -1.4 -1.4 -1.4 -1.4 -1.4 -1.4 -1.4 -1.4 -1.4 -1.4 -1.4 -1.4 3.9 13.2 27.7 31.5 33.3 31.5 36.7 35.7 27.8 24.9 30.6 36.4 37.7 39.3 39.5 43.7 47.6 52.4 59.7
178.4 174 168.2 164.5 164.6 162.3 155 142.6 129.3 120.1 108.8 82 82.8 72.4 68.3 58.7 43 36.3 30.1 17.8 14.9 17.6 16.8 18 22 23.6 23 20.6 17.7 12.7 8.4 4.1 2.9 1.4 2.3 0.3 -1.4 -1.4 -1.4 -1.4 -1.4 -1.4 -1.4 -1.4 -1.4 -1.4 -1.4 -1.4 -1.4 -1.4 -1.4 -1.4 -1.4 -1.4 -1.4 -1.4 -1.4 -1.4 -1.4 -1.4 -1.4 3.6 12.3 23.3 35.1 35.8 43 40.5 43.6 47.4 45.5 41.6 31.1 34.1 41.4 44.6 43.2 44.7 50.6 57.2 63.4 68.7
155.7 152 150.4 149.3 148.3 138.9 136.9 127.1 114.3 122.3 105.5 92 56.5 59.3 39.6 32.7 24.5 22.5 11.5 10.7 11.8 13.1 14.2 16.5 20.5 21.1 20.7 18.3 17.9 13.1 8.6 4.9 4 3.2 2.1 1.2 -1.4 -1.4 -1.4 -1.4 -1.4 -1.4 -1.4 -1.4 -1.4 -1.4 -1.4 -1.4 -1.4 -1.4 -1.4 -1.4 -1.4 -1.4 -1.4 -1.4 -1.4 -1.4 2.9 5 18.8 28.4 31.6 38.7 50.8 55.3 49.2 47 53.9 54.2 50.7 49.6 44.5 39.7 46.6 48.1 51.1 55 55.6 61.8 71.9 77.9
141.1 139.5 135.8 136.8 128.2 123.7 113.4 104.6 112.5 109.9 94.3 84.5 66.3 43 29.8 17.8 13.5 11.2 9.5 9.5 10 11.6 15.2 18.5 19.7 18.7 19.1 17.2 13.8 11.6 9.4 6 5.7 4.7 5.7 2.8 -1.4 -1.4 -1.4 -1.4 -1.4 -1.4 -1.4 -1.4 -1.4 -1.4 -1.4 -1.4 -1.4 -1.4 2.8 3.8 2.3 2 2.4 3.4 5.7 7.8 18.4 24.8 33.8 39.5 46.3 49.7 59.6 60 55.8 49.5 58.7 57.6 58.9 57.2 52.7 45.3 52.5 61.6 66.2 67.1 67.5 70.2 75.9 82.7
123.7 124.4 124.1 123.2 107.4 94.9 89.8 93.3 99.7 92.8 92.5 74.4 57.1 34.2 24.2 15.9 12.5 9.5 9.5 9.5 9.5 10.1 14.9 17.8 18.7 16.9 16.1 16 12.3 11.8 9.5 7.3 7.5 7.4 8.3 7.9 4.9 2.8 1.4 1.3 2.4 -1.4 -1.4 -1.4 -1.4 -1.4 -1.4 7.7 20.7 8.3 7.4 6.4 5.5 8.5 7.9 9.5 15.7 35.8 35.6 39.8 41.1 47.5 56.5 61 62.8 59.6 59.7 58.3 57.4 64.8 68.8 57.2 58.8 58.1 62.1 70.7 75.6 80.8 82.2 81.9 84.9 91.9
106.2 111 104.2 89.1 75.1 58.4 63.8 64.3 61.2 78.6 51.2 37.1 23.7 15.6 12.3 11.4 10.5 9.5 9.5 9.5 9.5 9.5 12.7 16.4 17.8 16.1 14.4 12.9 10.4 9.5 9.2 10.2 9.7 9.4 21.3 21.9 12.4 7 5.7 4.7 6.7 9.1 5.4 2.4 4.2 13.2 27 33.2 35 24.7 16 11.4 10.1 10.3 15.5 23.1 34.8 49 46.9 46.9 50.2 56.9 63.3 64 63.3 61.1 60.3 62.3 64.8 64.3 71.8 71.5 69 75.9 72 82.3 87.8 94 95.7 94 101.6 106.7
83.8 78.9 70.3 57.8 46 39 41.8 34.9 31.2 23.7 21.6 13.2 9.5 9.5 9.5 9.5 9.5 9.5 9.5 9.5 9.5 9.5 9.5 13.4 16.1 18.2 16.3 16.2 14.2 13.6 14.4 16.1 17.5 11.3 20.5 29.2 25.2 17.2 12.4 12.4 13.2 17.7 17.5 13.4 10.2 22.7 30.9 35.5 35.8 33.7 28 20.2 21.5 18.3 25.3 34.1 42.1 49.5 52 52.8 59.1 64.4 65.7 65.5 65.2 63.2 61.7 66 68.8 73 74.5 79.1 77.9 85.8 84.7 94.7 101 104.8 107.1 114.2 110.8 120.1
80.9 52 44.9 34.2 23.9 21 20.5 15.8 9.5 9.5 9.5 9.5 9.5 9.5 9.5 9.5 9.5 9.5 9.5 9.5 9.5 9.5 9.5 11.1 13.1 14.8 19 20.3 19.6 20.9 22.2 23.1 23.1 15.2 16.4 21.7 23.7 22.2 20.3 19.4 18 17.3 20.1 20.4 15.2 24.9 34 34.8 35.8 34.9 31 27.5 29.4 23 33.8 41.9 50.1 56.2 57.5 61.7 69 70.7 70.5 68.1 67.2 66.1 67.8 69.9 74.3 80.8 81.3 81.1 86.1 92.5 94.8 101.4 105 117.3 120.8 121.4 118.8 123
74.3 50.6 28.9 13.4 9.5 10.5 9.5 9.5 9.5 9.5 9.5 9.5 9.5 9.5 9.5 9.5 9.5 9.5 9.5 9.5 9.5 9.5 9.5 10.8 12.6 13.5 15.4 17.3 17.5 21.1 22.1 24.1 25.9 30.5 18.8 20.7 23.8 27.3 27.6 25.1 24 22.1 20.4 23.1 24.8 20.8 31.4 37.3 40.6 38.1 35.4 36.2 38.8 42.4 30.8 45.9 54.5 59.4 63.5 67.5 73.7 79.6 77.2 75.1 70.7 72.7 75.7 77.6 82.5 88.9 92.7 89.6 91.2 100.7 109.8 107 117.8 125.8 134 128.9 127.2 131
40.1 26 15 12 9.5 9.5 9.5 9.5 9.5 9.5 9.5 9.5 9.5 9.5 9.5 9.5 9.5 9.5 9.5 9.5 9.5 9.5 9.5 11.3 15.6 23.3 38.1 38.3 30.5 26.5 30.6 31.1 30 33.2 30.4 22.7 29.2 45.7 50.2 37.9 34.9 37.8 33.1 29.2 31.6 33.1 35.1 39.8 45 40.7 41.8 41.3 43.9 52.1 40.9 49.8 58.4 64.3 70.4 75.4 77.3 83.3 81.4 77.6 76.3 82.4 83.2 87.1 93 102.5 107.6 104.3 96.3 104.1 114.8 118.3 123.5 129.7 135.9 136.7 138.5 140
17.3 9.5 9.5 9.6 9.5 9.5 9.5 9.5 9.5 9.5 9.5 9.5 9.5 9.5 9.5 9.5 9.5 9.5 9.5 9.5 9.5 10.2 11.4 17.5 24.2 39.3 50.4 53.5 58.8 51.5 45.9 41.1 38.7 36.7 34 31.2 38.3 52.7 65.9 55 52.9 50.3 49.9 49.2 56.3 65.3 63.5 48.5 57.4 57.3 57 62.7 60.4 60.9 51.2 54.6 62.9 74.7 81.5 79.4 83.7 82.6 83.3 81.9 89.3 88.5 90.7 95.6 101.6 112.1 121.4 121.9 110.8 101.3 112 123.4 125.8 133.5 137.3 147.3 152.6 149.1
9.5 9.5 9.5 9.5 9.5 9.5 9.5 9.5 9.5 9.5 9.5 9.5 9.5 9.5 9.5 9.5 9.5 9.5 9.5 9.5 10.1 13.8 18.7 32 46.1 56.9 64.7 80 88 79.2 70.3 61.5 54.7 52.4 43.3 44.9 34.1 52.1 62.9 67.5 72.3 75.5 73.9 70 87 87.9 85.2 70.4 66.8 78.8 95.5 95.1 88.1 79.8 68.6 53.4 65.7 74.1 83.5 88.3 84.7 86.1 90.5 94.9 95.8 98.8 99.1 104.6 111.3 122.1 138.3 132.8 122.3 111.6 118.1 122.7 129.3 134.5 140 151.3 155.1 157
9.5 9.5 9.5 9.5 9.5 9.5 9.5 9.5 9.5 9.5 9.5 9.5 9.5 9.5 9.5 9.5 9.5 9.5 9.5 13.2 16.1 17.8 31.3 50.3 73.8 87 90.2 96.3 94.6 87.8 82.1 88.7 85.1 63.2 57.6 57.8 65.3 51.8 65.7 83.1 91.7 97 93.5 82.5 88.9 100.3 91.4 88.8 73.7 83.4 103.8 103.5 99 92.7 90.1 70.3 70.9 82.7 76.8 84.7 89.3 93.4 92.9 99.9 103.1 107.5 111.6 115.1 124.8 138.4 152.2 140.4 125.2 116.2 120.9 124.3 126.8 133.7 145.9 149.6 161.8 173.7
9.5 9.5 9.5 9.5 9.5 9.5 9.5 9.5 9.5 9.5 9.5 9.5 9.5 9.5 9.5 9.5 9.5 17.9 25.8 31.8 36.8 38.9 27.3 45.7 80 94.6 97.2 103.6 107.5 91.8 99.3 105.4 89.7 73.2 95 87.4 77.3 72.8 64.7 77.2 96.5 109.3 105.5 93.7 91.8 96.6 103.2 101.2 88.4 79.1 97.8 106.2 105.1 102.9 97.5 79.5 79.3 85.2 91.6 85.2 93.6 98.6 101.1 101.1 106.1 117.8 125.4 132.3 142.3 158.3 162.3 143.2 123.4 122.1 126.3 128.2 135.2 144.7 153.7 166.9 174.1 184.6
9.5 9.5 9.5 9.5 9.5 9.5 9.5 9.5 9.5 9.5 10.5 10.8 9.6 9.5 9.5 12.9 24.2 40.1 57.8 65.9 67 70.8 59.2 46.4 71.5 108.7 113.3 108.1 106.3 103.1 107.1 103.9 90 99.2 110.2 100.4 101.4 91.8 72.5 72.2 91.5 119.7 127.5 110.9 102.1 107.8 105.7 111.3 103.7 95.8 90.4 107.8 113.9 105 97 88.8 97.6 98.6 100.6 110.3 97.3 107.9 116 116 121.2 126.4 135.3 151.5 161.2 167.7 166.8 143.9 130.2 126.9 130.3 138.1 143.7 163.3 175.3 177.3 179.4 188
9.5 9.5 9.5 9.5 9.5 9.5 9.5 9.5 9.5 11.1 13.4 13.8 12.2 19.6 25 33.8 38.7 61.1 95.2 106.3 109.7 112.1 98.3 77.1 62.8 88.7 126.8 116.7 113 116.4 111.9 103.7 97.3 106.4 112.7 114.2 117.3 112.9 100.6 88 83.8 99.3 119 121.5 119.1 110.3 111.3 109.8 108.3 110.3 108.6 103.8 111.4 101.1 101.6 105.1 110.8 117.4 116.4 115.8 117.2 118.9 132.1 132.8 136.6 144.4 157.7 161.7 165.4 174.5 169.4 146.3 151.7 143.9 136.5 145 157.6 177.4 178.6 178.1 182.1 194.1
9.5 9.5 9.5 9.5 9.5 11.7 18.5 17.5 15.3 18.1 18.7 22.9 29.9 36 42.1 55.3 61.1 63.8 92.6 123.2 127.4 132 134.8 108.1 91.7 86.2 112.9 125.7 127.9 124 119.1 112.4 113.9 124 124.2 119.2 124.4 133.7 125.8 114.1 105.6 92.8 109 129.1 126.8 114.3 112.6 111 110.4 111.5 107.7 102.8 102.1 103.9 105.9 120.2 128.6 127.8 127.6 127.8 124.7 132.3 136 146.2 158.4 169.7 177.5 179.7 172.9 170.4 164.9 161.8 164.4 156.6 148.8 144.9 158.4 177.1 182 181.3 185.1 202.7
9.5 10.4 16.2 19.6 20.1 24.6 33.1 37.1 42.2 41.4 38.4 31.7 29.6 40.5 60.8 81.5 91.7 91.1 93 116.8 136.5 142.8 145.7 144.7 129 89.7 121.6 124.3 126.3 122.3 117.3 118.1 131.8 142.4 143.4 139.9 126.4 131.9 131.6 135.3 138 116.1 105.2 120 122 117.1 113.9 107.8 107 107.5 110 114 111.8 109.2 112.4 122.9 137.5 144.8 139.8 136.8 133.6 140.2 146 156.1 173.3 188.9 191.4 187.7 181.9 180.3 174.5 169.4 167.8 170 165.1 159 156.6 168.4 179.2 186.5 192.6 204.4
15.5 21.6 27.7 36.2 44.1 55.3 63.4 62.2 60.6 64.3 66.5 60.2 54.1 39.8 64.7 80.5 105.8 117.4 130.3 135 144.4 148.3 159.2 155.4 147.3 124.4 111.4 126.9 132.9 132.1 118.9 117.6 120.5 131.8 148 148.6 140.9 138.8 142.5 147.9 148.7 142.6 118.7 117.9 129.1 126.3 113.8 112.3 108.7 115.2 121.4 124.4 133.2 121.5 116.2 127.5 138.2 151.8 150.7 147.2 143.5 145.5 153.3 165.5 169.9 195.8 201.5 205.5 205.1 194 183.4 180.8 177 172.8 167.5 167.8 166.6 176.4 183.6 190.7 198.1 201.8
23.2 33.6 46.3 60.1 81 90.4 98.3 94.8 93.5 97.5 102.4 97.7 86.8 74.4 54.1 73.5 93.7 128.2 149.9 147.2 142.3 152.2 159 160.6 151.7 156.9 142.7 121.9 136.1 136.4 136.4 129.3 129.5 128.4 132.3 137.2 146 149.2 145.3 145.8 152.4 150.7 132.1 126.3 138.6 133.1 127.6 124.7 119.5 126.8 124.2 135 140.7 144.1 128.5 123.8 133.5 152.3 154.5 150.6 156.9 152.6 162.4 172 185.7 200.1 207.6 206.6 201.9 197.8 198 199.4 186.5 180.9 178.5 180.4 172.8 172.7 184.2 196.3 202.6 203.5
31.8 41 62 85.2 110.6 144.7 156.7 153.9 140.5 132.9 145.5 132 126.5 112.3 98.7 78.9 84.7 113.6 142.1 156.2 155.6 151.4 153.2 156.9 164.5 174.3 172.7 146.2 133.4 138.4 146.5 161.8 160.6 142.5 139.7 142.8 154.3 161.5 152.2 144.8 154.3 151.2 146 135.3 138.1 156.1 147.6 138.2 145.1 134 132.1 138.9 149.4 151.8 145.6 125.6 128.5 145.8 147.7 158.3 165.3 161 170.1 177.4 191.5 200.1 208.1 208.4 210.8 210.4 209.4 206.3 198.8 193.9 191.5 190.9 194.6 194.8 187.6 191.6 201.1 205.6
24.7 38.3 54 82.2 102.7 128.1 166.2 171.3 179.3 183.6 180 169.8 162 164.4 138.5 117.3 97.9 103.8 125.4 143.3 159.3 158.7 152.3 152.3 161.7 177 189.4 182.7 151.1 136.7 137.9 140.7 158 157.7 148.9 152.5 163.8 168.3 156.5 159.8 153.2 159.4 165.8 160.6 141.1 160.2 165.2 159.2 156.7 155.3 141 147.5 160.8 170.6 155.7 144.6 136 139.8 149.2 162.6 172.5 172 175.7 184.6 190.1 198.7 203.9 216.2 219.6 221.9 219.5 214.6 207.4 201.9 202.9 206.2 210.6 216.4 202.6 200.9 200.2 201.1
59.2 52.2 43.7 67.4 94.9 131.8 154.6 168.4 186 183.8 185.9 183.4 181.2 180.3 167.3 154.6 128.6 111 114.1 135.4 154.9 168.6 161.5 151.3 151.1 164.6 186.4 188.1 155 138.1 136.9 137.7 139 151.8 158.5 159 163 164.4 164.8 166.9 171.4 171.4 169.4 170.6 162.1 159 177.2 173 169.6 161.7 155.1 155.3 178.2 186.6 175.9 165.5 150.4 134.5 147.1 160.2 180.6 183.9 181.5 186.5 192 207.6 213.7 216.1 219.9 226.1 226.8 223 221.4 211.6 215.5 216.8 217 223.9 216.6 211.5 209.6 211
86.4 84.2 71.8 59.2 86.4 117.7 161.4 174 179.6 184.4 184.3 190.8 194.9 198.3 186.3 178.1 167.6 150.7 126.2 124.9 141.1 152.8 172 163.2 161.9 158.4 163 163.4 154 139.2 137.3 136.7 138.4 140.2 151 155.1 159.9 170.9 177.7 185.5 186.1 181.6 181.4 180 182.4 169 168.3 184.5 187 181.2 176.6 170 173.7 197.8 186.7 184 164.4 153.9 153.1 170.4 193.6 191.5 190.5 195.6 203.7 216.6 220 225.3 224.1 224.2 228.5 231.2 230.7 225.5 225.9 234.3 232.2 232.8 224.5 228.2 222.4 228.2
110.8 104.4 101.1 96.3 76.1 104.2 142.5 171 192.4 196.5 209.5 213.8 202.9 197.9 200.5 198 187.6 177.4 169 143.1 130 146.2 154.5 164.6 166.7 172.3 176.9 168 158.3 142.8 138.6 137.4 137.5 139 141.1 146.2 161.9 181.6 180.3 187.4 193.3 192.7 189.7 191.5 194.9 184 175.8 186 192.1 196.1 199.1 201.9 193.4 194.4 196.5 195.5 179.8 166.4 156.8 169.7 186.6 192.2 196.9 201.3 210.3 218.7 230.4 236.5 243.6 228.9 231.3 235.5 231.5 229.5 238.8 244.8 250.8 253.8 242.3 238.6 241.6 252.8
129.1 135.6 124.1 122.7 117 99.5 109.9 149.1 173.9 198 220.8 225.6 217.8 213 216 211.4 201.5 198 187.7 172.4 145.9 135.9 146.9 153.2 167 171.2 177.7 175 162.2 153.8 144.3 137.9 138.2 138.7 139.8 143.1 154.2 184.4 196.6 192.9 202.9 204.6 200.3 202.6 199.6 198.3 193.7 185.1 199 206.8 209.3 212.4 208.9 204 199.5 199 193.7 181.7 178 182.9 186.3 194.4 201 210.9 222.1 230.4 235.8 244.2 251.4 244.9 234.5 236.8 233.9 235 248.3 253.8 258.1 262.6 251.7 255.9 259.4 262.1
