webserver/python/data/NM79.asc
ncols 200
nrows 200
xllcorner 170000
yllcorner 790000
cellsize 50
[rows 108 to 143 of 200, columns 81 to 161 of 200]
286.5 277.8 272.9 266.8 254.3 243.9 234.8 229.2 227.9 227.5 243.4 273.4 285.9 264.5 251.4 229.4 211.4 185.1 143.9 111.7 84.8 62.6 41.2 29.1 20.4 -1.8 -1.8 -1.8 -1.8 -1.8 -1.8 -1.8 -1.8 -1.8 -1.8 -0.8 -1.8 -1.8 -1.8 -1.8 -1.8 -1.8 -1.8 -1.8 -1.8 -1.8 -1.8 -1.8 -1.8 -1.8 -1.8 -1.8 -1.8 -1.8 -1.8 -1.8 -1.8 -1.8 -1.8 -1.8 -1.8 -1.8 -1.8 -1.8 -1.8 -1.8 -1.8 -1.8 -1.8 -1.8 -1.8 -1.8 -1.8 -1.8 -1.8 -1.8 -1.8 -1.8 -1.8 -1.8 -1.8
280.7 277.1 272.8 266.5 248.8 239 231.4 228.5 228.2 243.1 269.8 301.2 289.7 278 273.9 253.5 226.2 208 162 120.4 93.6 70.9 52.7 41.7 23.5 4.6 -1.8 -1.8 -1.8 -1.8 -1.8 -1.8 -1.8 -1.8 5.2 9.5 -1.8 -1.8 -1.8 -1.8 -1.8 -1.8 -1.8 -1.8 -1.8 -1.8 -1.8 -1.8 -1.8 -1.8 -1.8 -1.8 -1.8 -1.8 -1.8 -1.8 -1.8 -1.8 -1.8 -1.8 -1.8 -1.8 -1.8 -1.8 -1.8 -1.8 -1.8 -1.8 -1.8 -1.8 -1.8 -1.8 -1.8 -1.8 -1.8 -1.8 -1.8 -1.8 -1.8 -1.8 -1.8
269 270.7 270.6 255.1 245.5 237 230.5 229.4 247.6 259.5 299.9 301.8 291.5 295.9 300.4 271.4 239.8 210.9 184.2 152.7 111.6 83.5 67 45.4 26.6 9.7 3 -1.8 -1.8 -1.8 -1.8 -1.8 -1.8 2.4 16.2 10.7 3.6 -1.8 -1.8 -1.8 -1.8 -1.8 -1.8 -1.8 -1.8 -1.8 -1.8 -1.8 -1.8 -1.8 -1.8 -1.8 -1.8 -1.8 -1.8 -1.8 -1.8 -1.8 -1.8 -1.8 -1.8 -1.8 -1.8 -1.8 -1.8 -1.8 -1.8 -1.8 -1.8 -1.8 -1.8 -1.8 -1.8 -1.8 -1.8 -1.8 -1.8 -1.8 -1.8 -1.8 -1.8
262.8 266.5 258.2 245.7 241.8 240.5 235.6 236.1 254.9 266.4 299.9 300.6 290.9 301.2 298.7 270 249.1 224.7 198.6 162.4 134.8 100.2 78 54.8 35.9 21 7.3 2.8 1.1 0.9 1.1 2.9 9.7 17.1 49.5 29.4 14.6 4.4 -1.8 -1.8 -1.8 -1.8 -1.8 -1.8 -1.8 -1.8 -1.8 -1.8 -1.8 -1.8 -1.8 -1.8 -1.8 -1.8 -1.8 -1.8 -1.8 -1.8 -1.8 -1.8 -1.8 -1.8 -1.8 -1.8 -1.8 -1.8 -1.8 -1.8 -1.8 -1.8 -1.8 -1.8 -1.8 -1.8 -1.8 -1.8 -1.8 -1.8 -1.8 -1.8 -1.8
258.8 255.6 247.9 241.6 239.2 239.3 239.3 241.6 262.8 285.8 303.7 298 288.6 296 292.9 273 257.5 233.7 210.1 175.2 146.7 111 90 72 53.1 34.2 21.3 9.1 4.9 4.8 4.5 5.6 22.6 24 45.6 49.3 30.9 5.2 -1.8 -1.8 -1.8 -1.8 -1.8 -1.8 -1.8 -1.8 -1.8 -1.8 -1.8 -1.8 -1.8 -1.8 -1.8 -1.8 -1.8 -1.8 -1.8 -1.8 -1.8 -1.8 -1.8 -1.8 -1.8 -1.8 -1.8 -1.8 -1.8 -1.8 -1.8 -1.8 -1.8 -1.8 -1.8 -1.8 -1.8 -1.8 -1.8 -1.8 -1.8 -1.8 -1.8
251.3 244.9 241.5 238 234.9 233.4 234.1 245.5 271.9 293.3 296.3 292.4 282.4 279.7 290.8 274.9 255.4 234.9 218 186.8 160.6 126.4 105 84.7 62 46.3 38.7 22.7 14.1 10.6 11.7 22.1 27.6 26 31.1 59.5 37.4 5.1 -1.8 -1.8 -1.8 -1.8 -1.8 -1.8 -1.8 -1.8 -1.8 -1.8 -1.8 -1.8 -1.8 -1.8 -1.8 -1.8 -1.8 -1.8 -1.8 -1.8 -1.8 -1.8 -1.8 -1.8 -1.8 -1.8 -1.8 -1.8 -1.8 -1.8 -1.8 -1.8 -1.8 -1.8 -1.8 -1.8 -1.8 -1.8 -1.8 -1.8 -1.8 -1.8 -1.8
239.7 232.6 235.4 232.5 229.2 227.1 232.7 247 262.7 283.2 287 292 282.1 275.7 279.5 274 258.5 233.9 217.3 203 171.2 138.9 116.4 96 75.8 62.2 45.9 33.1 26.6 20 21.3 33.5 36.3 28.6 28.6 37.6 25.1 9.4 -1.8 -1.8 -1.8 -1.8 -1.8 -1.8 -1.8 -1.8 -1.8 -1.8 -1.8 -1.8 -1.8 -1.8 -1.8 -1.8 -1.8 -1.8 -1.8 -1.8 -1.8 -1.8 -1.8 -1.8 -1.8 -1.8 -1.8 -1.8 -1.8 -1.8 -1.8 -1.8 -1.8 -1.8 -1.8 -1.8 -1.8 -1.8 -1.8 -1.8 -1.8 -1.8 -1.8
232.9 229.5 230.7 228.1 218.4 211.8 226 237.5 253.8 256.2 268.6 283.6 280.6 269.8 269.3 259.4 247.8 232.9 216.4 202.5 175.6 147.7 127.1 110.4 103 83.1 63.8 50.9 36 28.7 33.9 39.4 38.3 30.9 29 29.8 23.4 26.1 2.9 -1.8 -1.8 -1.8 -1.8 -1.8 -1.8 -1.8 -1.8 -1.8 -1.8 -1.8 -1.8 -1.8 -1.8 -1.8 -1.8 -1.8 -1.8 -1.8 -1.8 -1.8 -1.8 -1.8 -1.8 -1.8 -1.8 -1.8 -1.8 -1.8 -1.8 -1.8 -1.8 -1.8 -1.8 -1.8 -1.8 -1.8 -1.8 -1.8 -1.8 -1.8 -1.8
224.2 221 218.4 214.1 209 206.9 210.4 227.8 243.4 258.5 280.9 285.2 279 268.8 269.9 264.2 251.1 234.4 213.8 200.1 180.4 160.9 140.4 137.3 131.3 107.4 85.8 74.9 61 45.1 42.3 46.7 40.4 34.7 31.1 28 25.6 30 7.8 -1.8 -1.8 -1.8 -1.8 -1.8 -1.8 -1.8 -1.8 -1.8 -1.8 -1.8 -1.8 -1.8 -1.8 -1.8 -1.8 -1.8 -1.8 -1.8 -1.8 -1.8 -1.8 -1.8 -1.8 -1.8 -1.8 -1.8 -1.8 -1.8 -1.8 -1.8 -1.8 -1.8 -1.8 -1.8 -1.8 -1.8 -1.8 -1.8 -1.8 -1.8 -1.8
230.1 219 212.6 211.8 205 201.9 210.6 228 249.5 264.2 284.4 270.7 271.9 260 268.9 264.9 255.3 243 221.6 211.6 198.2 171.3 152.2 147 144.3 126.6 106.1 93.6 74.7 58.8 54.1 52.9 46.1 38.2 32.6 28.6 29.1 33 22.4 19.4 -1.8 -1.8 -1.8 -1.8 -1.8 -1.8 -1.8 -1.8 -1.8 -1.8 -1.8 -1.8 -1.8 -1.8 -1.8 -1.8 -1.8 -1.8 -1.8 -1.8 -1.8 -1.8 -1.8 -1.8 -1.8 -1.8 -1.8 -1.8 -1.8 -1.8 -1.8 -1.8 -1.8 -1.8 -1.8 -1.8 -1.8 -1.8 -1.8 -1.8 -1.8
231.4 217.1 213.4 209.7 202.8 199.2 204.7 212.2 235 253.5 246.6 241.8 260.3 257.6 264.3 261.4 259.6 246.3 231.4 218.4 205 181 163 163.1 179.1 163.9 127 113.8 90.1 74.1 64.3 64.2 52.8 41.5 35.5 30.8 34.5 37 37.2 37.3 27 14.5 7.3 -1.8 -1.8 -1.8 -1.8 -1.8 -1.8 -1.8 -1.8 -1.8 -1.8 -1.8 -1.8 -1.8 -1.8 -1.8 -1.8 -1.8 -1.8 -1.8 -1.8 -1.8 -1.8 -1.8 -1.8 -1.8 -1.8 -1.8 -1.8 -1.8 -1.8 -1.8 -1.8 -1.8 -1.8 -1.8 -1.8 -1.8 -1.8
234.9 223 216.9 208.3 197.3 190.9 192.6 200.5 218.3 235.9 225.5 226 239.1 244.5 260.8 260.1 259.8 246.6 237.6 225.9 207.9 191.1 182.4 187.7 189.5 178.3 155.9 135.8 112 88.3 76.1 70.9 58.8 46.9 38.9 34.6 37.9 51.6 63 48.1 41.9 31.5 24.2 11.2 -1.8 -1.8 -1.8 -1.8 -1.8 -1.8 -1.8 -1.8 -1.8 -1.8 -1.8 -1.8 -1.8 -1.8 -1.8 -1.8 -1.8 -1.8 -1.8 -1.8 -1.8 -1.8 -1.8 -1.8 -1.8 -1.8 -1.8 -1.8 -1.8 -1.8 -1.8 -1.8 -1.8 -1.8 -1.8 -1.8 -1.8
248.2 227.4 215.2 202 192.6 188.1 188.4 190.5 197.5 209.5 206.4 209.1 225 238.3 258.9 256.7 264.9 253.1 242 229.6 212.4 200 198 198.4 200.5 188 173.9 154.8 134.5 104.1 85.2 76.7 68.4 56.9 42.3 36.3 39.3 59.4 87.6 75.5 59.9 46.2 34.6 28.4 -1.8 -1.8 -1.8 -1.8 -1.8 -1.8 -1.8 -1.8 -1.8 -1.8 -1.8 -1.8 -1.8 -1.8 -1.8 -1.8 -1.8 -1.8 -1.8 -1.8 -1.8 -1.8 -1.8 -1.8 -1.8 -1.8 -1.8 -1.8 -1.8 -1.8 -1.8 -1.8 -1.8 -1.8 -1.8 -1.8 -1.8
246.2 227.7 209.8 205.1 198.5 188.9 188.5 186.9 186.8 189.5 190.5 197.7 219.3 229.4 243.3 259 270.2 259.2 243 231.2 217.9 210.9 205.6 211 210.2 201.3 186.3 169 141.4 114.8 99.7 85.1 73.3 62.9 46.5 40.1 47.8 60.3 88.2 93.1 78.4 56.3 43 33.8 17.8 1.7 -1.8 -1.8 -1.8 -1.8 -1.8 -1.8 -1.8 -1.8 -1.8 -1.8 -1.8 -1.8 -1.8 -1.8 -1.8 -1.8 -1.8 -1.8 -1.8 -1.8 -1.8 -1.8 -1.8 -1.8 -1.8 -1.8 -1.8 -1.8 -1.8 -1.8 -1.8 -1.8 -1.8 -1.8 -1.8
240.2 224.6 210.2 205.9 198 190.7 191 185 177.8 175.5 175.5 191.7 210.8 218.7 247.7 270.6 269.2 258 244.8 233 230.9 228.6 218.6 229.6 221.6 210.3 199 176.3 149.7 124.8 108.3 91.5 78.3 67.8 52.9 51.5 58.2 71.3 87.6 92 85.7 65.1 46.2 39.3 18.2 5.8 16.3 -1.8 -1.8 -1.8 -1.8 -1.8 -1.8 -1.8 -1.8 -1.8 -1.8 -1.8 -1.8 -1.8 -1.8 -1.8 -1.8 -1.8 -1.8 -1.8 -1.8 -1.8 -1.8 -1.8 -1.8 -1.8 -1.8 -1.8 -1.8 -1.8 -1.8 -1.8 -1.8 -1.8 -1.8
228.3 220.8 211 204.8 195.6 189.9 186.1 179.3 175.5 175.5 175.5 185.8 204.9 217.8 244.8 268.9 261 247.9 243.5 234.2 242 248.8 255.5 249.2 234.8 217.1 205.1 187.2 157.7 138.7 116.1 98.4 88.4 77.8 69 59.8 69.7 85.7 94.4 99.5 98.7 74.7 51.8 37.2 26.6 27.6 31.8 19.1 -1.8 -1.8 -1.8 -1.8 -1.8 -1.8 -1.8 -1.8 -1.8 -1.8 -1.8 -1.8 -1.8 -1.8 -1.8 -1.8 -1.8 -1.8 -1.8 -1.8 -1.8 -1.8 -1.8 -1.8 -1.8 -1.8 -1.8 -1.8 -1.8 -1.8 -1.8 -1.8 -1.8
218 211.6 204.6 196.8 192.3 190.2 178.7 175.5 175.5 175.5 175.5 187 204.1 215.7 239.6 259.3 245.5 243.6 233.1 239.8 253.5 267.4 271.8 257.6 240.7 231.2 224.5 190.6 172.5 151 130.2 113.5 102.4 92.2 81.5 69.5 73.7 91.7 109.4 124.4 119.1 92.6 71.6 46.8 42.7 37.2 35.4 41.9 21.3 -1.8 -1.8 -1.8 -1.8 -1.8 -1.8 -1.8 -1.8 -1.8 -1.8 -1.8 -1.8 -1.8 -1.8 -1.8 -1.8 -1.8 -1.8 -1.8 -1.8 -1.8 -1.8 -1.8 -1.8 -1.8 -1.8 -1.8 -1.8 -1.8 -1.8 -1.8 -1.8
212.5 203.6 198.7 195.7 191.3 187.1 179.1 175.5 175.5 175.5 175.5 183.1 197.8 216.6 230 233.3 233.5 231.8 233.9 248.1 263.5 269.2 281.5 271.7 255.5 243.4 225.6 204.8 184.9 165.3 149.7 128.9 120.9 105.6 94 78.4 77.1 90.7 106.1 126.4 128.2 102.5 88.1 65 54.9 48 55.1 61.7 40 -1.8 -1.8 -1.8 -1.8 -1.8 -1.8 -1.8 -1.8 -1.8 -1.8 -1.8 -1.8 -1.8 -1.8 -1.8 -1.8 -1.8 -1.8 -1.8 -1.8 -1.8 -1.8 -1.8 -1.8 -1.8 -1.8 -1.8 -1.8 -1.8 -1.8 -1.8 -1.8
210.9 207 208.5 206.9 194.6 186.6 181.5 182.6 185.3 175.5 175.5 175.5 192.3 211.5 221.9 230.1 231.5 242.2 248.8 260 267.1 275.7 284.5 278.2 266.3 250.1 230.1 214.8 193.5 177.5 163.6 143.8 135.4 119.7 106.6 96.4 88.6 93.3 107.5 115.8 121.8 111.8 97.6 89.3 76.4 65.7 78 74 54.2 17.9 -1.8 -1.8 -1.8 -1.8 -1.8 -1.8 -1.8 -1.8 -1.8 -1.8 -1.8 -1.8 -1.8 -1.8 -1.8 -1.8 -1.8 -1.8 -1.8 -1.8 -1.8 -1.8 -1.8 -1.8 -1.8 -1.8 -1.8 -1.8 -1.8 -1.8 -1.8
216.2 213.5 225.8 223.6 206.9 191.5 188.1 189.3 191.7 175.5 175.5 175.5 175.5 200.2 213.8 227.8 240.9 252.9 259.1 261.1 268 271.4 272.3 272.7 264.3 252.4 239.3 222.2 208.8 201.5 179.2 161.6 147.4 134 119.7 110.9 96.8 102.5 116.7 119.7 118.2 121 112.1 116.2 103 95.1 94.5 88.4 71.8 33.4 5.7 -1.8 -1.8 -1.8 -1.8 -1.8 -1.8 -1.8 -1.8 -1.8 -1.8 -1.8 -1.8 -1.8 -1.8 -1.8 -1.8 -1.8 -1.8 -1.8 -1.8 -1.8 -1.8 -1.8 -1.8 -1.8 -1.8 -1.8 -1.8 -1.8 -1.8
220 223.7 230.8 229.7 213.6 197.3 188.8 189.3 182.2 175.5 175.5 175.5 175.5 190.4 212.9 232 247.1 256 260.2 260.8 261.1 269.4 269.5 271.1 267.1 257.5 243.6 224.6 231.5 221.5 188.8 176.1 162.9 149.1 133.6 123.4 110.8 110.8 117.1 141.1 126.2 118.5 119.4 130.7 125 124.7 109.3 94.7 66.6 47.7 21.4 8.4 3.5 -1.8 -1.8 -1.8 -1.8 -1.8 -1.8 -1.8 -1.8 -1.8 -1.8 -1.8 -1.8 -1.8 -1.8 -1.8 -1.8 -1.8 -1.8 -1.8 -1.8 -1.8 -1.8 -1.8 -1.8 -1.8 -1.8 -1.8 -1.8
230.9 230.4 240.2 229.8 215.8 204.1 193.2 189.9 175.5 175.5 175.5 175.5 175.5 190.2 209.3 235.4 250.1 257.2 260.9 261.1 260.3 270.9 269.8 268.9 264.1 257.4 240.1 241.4 249.2 229 204.2 191.3 175.5 164.3 152.2 135.1 124.9 123.4 130.8 142.3 147.2 124.7 126.4 141.2 136.2 138.8 119.5 104.8 97.5 74.6 49.1 30.7 34.7 13.9 -1.8 -1.8 -1.8 -1.8 -1.8 -1.8 -1.8 -1.8 -1.8 -1.8 -1.8 -1.8 -1.8 -1.8 -1.8 -1.8 -1.8 -1.8 -1.8 -1.8 -1.8 -1.8 -1.8 -1.8 -1.8 -1.8 -1.8
234.4 240.9 240 229.9 216.3 203.8 196 190.5 175.5 175.5 175.5 175.5 175.5 191.7 213.9 236.2 245.3 253.7 259.4 259.3 261.5 270.3 268.9 263.6 256.9 247.4 238.7 260.4 257.6 244.6 219.5 204.4 198.4 182.2 172.1 156.6 141.1 135.4 145.3 160 162.8 143.1 132.4 141 138.9 139.4 125.8 120 123.8 101.4 75.9 44.3 60.7 41.2 23.8 17.1 -1.8 -1.8 -1.8 -1.8 -1.8 -1.8 -1.8 -1.8 -1.8 -1.8 -1.8 -1.8 -1.8 -1.8 -1.8 -1.8 -1.8 -1.8 -1.8 -1.8 -1.8 -1.8 -1.8 -1.8 -1.8
232.9 230.7 239 231.6 218.9 206.9 197.9 191.8 183.1 175.5 175.5 175.5 175.5 191.9 222.4 240.6 245.4 255.5 253.6 251.1 255.4 258.1 254.2 248.2 241.3 238.4 239.3 267.7 264.9 255.3 246 231.2 216.7 206.1 189 171.8 156.5 144.2 151.6 168.6 169.6 152.1 142.3 138.4 140.2 139.3 133.5 149.6 149.2 124.1 75.9 71.9 72.2 61.3 48.1 38.6 -1.8 -1.8 -1.8 -1.8 -1.8 -1.8 -1.8 -1.8 -1.8 -1.8 -1.8 -1.8 -1.8 -1.8 -1.8 -1.8 -1.8 -1.8 -1.8 -1.8 -1.8 -1.8 -1.8 -1.8 -1.8
225.9 231.3 240.5 237.4 224.9 210.9 201.1 193.8 181.9 175.5 175.5 175.5 187.5 202.8 228.7 243.9 249.4 261.7 253 248.9 247.5 245.1 243.7 238.6 238.4 238.4 252.3 272.1 271.9 263 255.3 249.8 234.3 219.4 199.6 181.5 165.1 158.3 159.3 167.1 171.3 173.3 164.3 142.9 145.1 153.9 154.2 160.3 147 114.4 88.7 103 99.7 83.9 80.2 63.2 27.9 -1.8 -1.8 -1.8 -1.8 -1.8 -1.8 -1.8 -1.8 -1.8 -1.8 -1.8 -1.8 -1.8 -1.8 -1.8 -1.8 -1.8 -1.8 -1.8 -1.8 -1.8 -1.8 -1.8 -1.8
232.4 238.4 240.2 234.6 223.1 210.5 202.1 194.5 189.8 185.7 175.5 176.6 196.6 211.6 238.3 246.4 249.3 256.8 258.9 248.7 244.7 240.8 238.5 238.4 246.6 260.7 265.3 271.9 272.2 267.6 259.2 256.2 246.6 225.3 205.4 191.3 172.4 168.3 167.9 168.6 183.5 188.1 172.5 153 155.8 171 167.3 162.5 140.4 100.5 122.3 127.1 131.9 115.5 120 99.4 54.1 28 15.5 3 -1.8 -1.8 -1.8 -1.8 -1.8 -1.8 -1.8 -1.8 -1.8 -1.8 -1.8 -1.8 -1.8 -1.8 -1.8 -1.8 -1.8 -1.8 -1.8 -1.8 -1.8
239.3 240.4 236.5 225.7 213.8 207.3 203.2 198 194.5 190.9 182.1 175.5 191 213.7 237.3 250.8 250.1 250.2 257.2 248.5 240.5 238.4 238.4 238.4 256.9 274.5 275.1 275.2 273.2 267.4 261.4 256.6 250.8 232.1 207.7 190.6 184.7 180.2 180.9 180.6 189 192.9 171.3 167.6 159.8 170.5 169 151.2 125.9 133.2 146.7 153.2 168.1 153.6 151.9 120.1 86.7 69.9 44 23.1 27.5 18.4 -1.8 -1.8 -1.8 -1.8 -1.8 -1.8 -1.8 -1.8 -1.8 -1.8 -1.8 -1.8 -1.8 -1.8 -1.8 5.3 7.1 -1.8 -1.8
229 239.2 234.2 217.8 206.2 200.7 200.9 200.7 199.1 191.9 182.4 175.5 187.6 210.6 231.9 250.3 251.7 248.9 249.8 243.1 238.5 238.4 238.4 243.5 257.2 275.3 280 279.4 278.4 270.3 262.3 254.9 245 227.9 209.9 201 192 189.3 199.4 199.2 210.9 200.2 185.1 188.5 171.7 168.2 157.9 140.1 143.7 158.3 170.6 168.7 170.9 164.8 158.5 149.5 129.9 109.6 85.9 57 59.9 56.6 51.5 37.2 9.1 2.5 2.3 5 -1.8 -1.8 -1.8 -1.8 -1.8 -1.8 0.5 2 8.3 13 14.1 8.5 6.7
225.6 238.7 222.5 208.5 198.9 197.7 200.2 200.8 200.7 193.1 187 180.4 179.1 197.9 231.6 243.4 253.2 249.4 242.2 240.9 238.7 245.2 255 260.1 271.4 276.3 279 279 279.2 267.3 258.8 251.4 244.5 231.9 217.2 209.5 200.7 195.1 205.5 209.8 217.9 203.3 192.3 183.5 167.4 157.5 144.5 142.2 171.1 193 190.7 187 172.5 174.5 181 166.9 148.5 132.4 103.4 92.7 101 86.3 65 53.3 46 20.2 11.4 12.1 11.7 5.4 -1.8 -1.8 -1.8 1.9 3.3 7.5 15.9 33.2 34 30.6 25
224.7 220.2 209.4 206.8 193.6 192.6 201 201 200.9 191.4 189.5 182.7 175.5 184.4 215.7 239 239.3 245.9 244.3 242.2 251.3 252.9 266.6 272.7 287.7 286.4 280.1 275.6 269.8 263.4 257.5 250.9 242.8 233.8 222 214 210.9 200.4 209 210.3 214.7 200.6 185.6 172.9 164.5 152.5 165.4 162.7 193.8 200.3 197 191 174.8 183.9 191.1 172.4 161.5 144.4 122.9 114 109.2 101.8 97.3 77.2 85.3 70.5 46.8 31.6 20.8 13.4 18.7 14.4 9.7 8 12.3 27.9 36.7 54.1 60.8 51.1 39.4
204.4 201.4 209 199.8 187.8 190.5 200.3 200.9 200.7 190.1 188.5 185.2 175.5 177.7 199.5 222.7 235.8 258.2 253.4 246.6 268.5 271.4 276.2 274.2 291.7 298.1 284.2 274.5 265 260.3 256.7 251.8 244.3 235.2 225 214.3 209.4 210.1 200.1 196.6 196.9 189.9 174.4 169.6 162.5 165.4 180.9 178.9 195.9 202.5 198.6 185.1 182.3 188.5 188.4 173.4 179.8 157.3 142.4 132.3 122 116.8 112.2 107.1 104.7 101.3 81.5 54.8 42.6 30.9 37.4 35.9 22.3 23.1 40.2 42.2 52.7 69.3 72.9 70.3 57.5
196.8 197.2 196.5 189 185.5 191.2 199.9 201.1 194.1 189.3 188 181.6 175.5 175.5 190.4 217.5 248 260.2 250.9 261.3 279.3 281.6 280 274.9 287.3 296.2 290.5 282.8 278.2 262.5 256.2 250.8 248.8 238.7 226.3 216.2 206.4 203.1 192.7 188.8 188.4 189.9 178.9 178.3 177.4 189.3 190.9 190.5 205.8 210.2 201.3 191.5 188.1 189.2 184.1 186.2 182.9 168.3 152.3 137.3 129.1 131.8 124 140.7 128.6 116.1 107 75.5 53.3 48.3 47.9 50.8 37.3 41 40.6 46 59.6 84.2 91.5 88 81.7
195.4 192.1 189.9 183 184.6 197.7 201 194.5 186.4 187.1 187.6 179.2 175.5 181.4 188.6 232.3 251.5 242.1 244.5 253.3 279.1 283.7 283 277.1 290.6 291.3 290.9 289.9 290.9 274.4 258.7 252.8 249.5 240.6 229.3 216.8 206.8 199.1 197.6 197.7 195.1 194.1 191.1 195.6 206.7 207.5 199 201.4 212.8 210.7 202.6 196.5 196 191.4 188.3 187 189.5 181.5 165.7 149.7 143.1 147.6 140.7 151.8 148 135.7 113.8 93.9 75.8 75.4 66.2 64.2 60.2 65.9 53.4 42.2 65.7 94.9 104 109.7 105.8
196.9 187.6 183.3 183 184.3 199.2 198.3 183.6 177.5 180.5 184.8 176.5 184.2 186.6 193.7 242.1 250.1 240 241.1 242.4 261.1 282.8 286.5 282.7 300.7 296.1 297.6 290.9 288.9 272.2 262.9 254.3 250.9 242.2 226.5 211.2 203.8 202.2 210.6 205.8 199.4 198.2 196.5 209.1 227.5 227.9 218 212.6 215.9 215.4 206.7 210 208.2 197.5 190.2 193.1 206.7 202.8 183.3 177.6 164.8 153.3 153.5 164.4 161.7 144.8 137.9 113.3 91.6 101.1 82.7 84.2 80.3 74.5 64.1 60.7 71 96.1 112.9 128.5 126.6
195.4 187.9 183.4 182.7 184.4 189 178.4 175.5 175.5 178.6 187.7 193.5 197.4 196.7 203.1 232.4 238.1 239.9 240.6 244.4 270 277.9 287.7 288.8 298.9 302.2 302.2 288.3 276.5 268.5 256.8 245.2 246.1 243.9 227.7 215 206 210.2 211 206.5 200.5 201.1 205 222.8 242.7 243.8 232.3 236.9 220.2 229.8 226.6 222.1 221.5 208.3 203.8 208.4 208.8 206.1 198.1 196 186.2 167.1 163.7 170.9 172.2 166.4 152.4 125.9 110.3 111.1 103.3 113.2 103.7 81.2 81.2 75 87.4 102.3 112.6 135.6 139.2
195.8 186.5 183 182.5 187.6 182.1 175.5 175.5 175.5 183.9 198.1 206.1 222.1 217.5 219.6 233.7 234.7 241 245.4 256.5 268.8 276.8 291 290.4 287.7 310 299 281.2 272.8 265.4 253.7 245.5 237.4 233.8 224.6 226.1 221.2 210.2 211.1 209.9 206.2 209.8 214.2 227.3 246.8 249.3 245.8 241 233.7 235.5 256.4 242.4 231.4 222.9 222.8 216.4 208.9 206.5 204.1 199.8 197.4 187.9 171.9 174 175.3 168.5 154.1 141.6 134.6 127.2 130.4 132.1 110.8 94.8 97.7 90.2 86.1 109.7 124.8 130 139.5
