webserver/python/data/NM87.asc
ncols 200
nrows 200
xllcorner 180000
yllcorner 770000
cellsize 50
[rows 144 to 179 of 200, columns 81 to 161 of 200]
249.1 254.5 254.2 271 286.4 299 307.9 316.5 331.5 346.2 363.8 387.6 397.8 401.9 406.7 404.2 386.6 360.5 339.6 328.1 328.9 320.1 326.5 327.7 332.3 328.5 326.7 323.7 323 328.7 322.5 334.1 342.8 339.6 349 368.1 382.8 393.9 404.5 431.8 452.3 464.1 485.7 514 554.4 570 595.5 627.5 642.4 661.6 673.7 685.7 683 666.7 642 619.9 603.5 595.4 590.3 587 592.9 599.8 617.9 642.5 662.9 692.1 741.9 759 762 756.1 735.8 727.7 727.7 724.2 724.4 727.1 727.9 725.7 727.9 720 704.5
273.3 271.8 276 282.6 293.7 298.2 311.1 318.8 332 344.5 361.7 385 400.4 409.6 420.9 424.7 405.4 376.8 357.9 349 348 345.7 347.1 352.4 358.3 355.1 346.8 346.5 342.2 344.4 331.9 341.4 353.6 351.2 365.6 377.6 395.8 414.5 422.6 441.2 475 493 511.6 533.8 575.3 595.1 619.9 639 653.9 670.6 686.2 685 671.7 651.7 627.1 608 596.6 590.3 584.4 575 582.2 588.8 607.9 626.3 641.6 663.5 711.6 756.5 765.7 746.3 731.5 730.8 730.3 728.6 718.1 722 736.2 736.9 728.4 712.5 695.9
299.6 295.6 296.8 301.9 305.6 307.7 309.8 320.7 331.8 344.3 359.7 379.8 394 402.6 425.2 436.2 430.1 392.3 376.3 368.5 368.9 363.6 364.5 369.9 379.6 376.8 370.6 370.7 375.3 371.1 343.1 365.3 371.5 368.2 381.8 392.7 412.9 428.7 439.1 459.7 483.2 511.2 528.1 557.3 594.1 613.5 639.1 652.7 669 678.3 686.7 686.9 668.3 640.7 619.9 603.2 594.7 584.1 576.7 566.5 572.1 577.6 586.1 598.7 619 642.1 695 728.6 747.7 741.2 723.4 712.6 715.6 717.2 708.4 716.3 727.9 730.3 707.2 693.4 680.7
326.7 324.2 322.9 319.5 319.6 319 318.4 324.7 335.4 349 367.8 382.5 397.2 407.1 414.6 438.2 448 413.3 404.1 397.8 399.4 394.4 388.3 395.9 402 395.6 389.7 388.1 395.9 393.2 376.9 376.3 391.1 392.3 405.7 415.7 434.5 447.6 456.5 480.5 503.2 529.4 555.6 583.4 603 621 643.5 657.9 674 686 693.1 688.4 665.9 640 616.8 603.2 593 581.9 569.6 559.3 563.3 568.7 573.6 580.3 595 616.1 663 695.9 713.9 721.6 702.5 690.6 696.3 710.1 701.9 703.7 705.2 687.3 680.6 681.6 668.7
356.3 353 350.8 342.9 339.1 333.8 334.3 339.7 344.6 357 370.6 387.9 400.4 415.3 426.6 433 441.4 445.6 425.8 426.2 428.6 426 416.7 420.5 426.1 419.2 414.1 413.3 422.6 415.3 388.7 388.6 403.8 413.7 427.4 435.9 455.5 468.3 475.6 502.1 525.3 551.2 576.4 601.8 626.4 637 648.6 656.4 672.6 685.5 690.4 683.1 665.2 638.8 619.3 602 590.9 578.4 566.8 560.3 552.2 558.3 561 565.2 576.3 594.6 618.4 642.4 669.1 686.5 677.9 669.1 671.5 694.4 692.2 676.4 668.9 656.4 654.8 650.7 641
386.7 383.2 380.2 374 370.8 362 354.2 357.1 352.6 367.1 381.3 397.5 407.7 417.6 436.5 447.1 452.3 454.4 452.8 447 453.7 446.7 443.7 448.4 447.1 446.1 442.4 443.1 435 426.2 399.5 399.3 415.9 432 444.7 461.7 472.1 487.8 498.3 525.3 550.9 578.1 603.8 622 639.3 648 657.4 665.9 671.8 678.4 681 678.1 669.2 645.5 624.1 607.6 595.7 576.7 566.7 557 546.1 546 549.4 548.6 555.4 573 599.9 611 628.4 652.1 650.1 648.6 655 673 670.1 651 640.2 631.5 625.5 622.7 616.2
424.4 417.9 411.5 411 409.7 396.2 378.1 372.4 367.2 377.9 396 407.9 416.5 425.3 441.6 456.7 466.6 473.4 476.3 467.1 463.9 461.8 465.1 469.6 463.8 468.4 470.9 464.5 456.5 440 414.4 405.8 426.8 442.1 456.6 475.2 496 507.6 524.8 547.8 574.2 595.5 618.1 635.4 649.1 654.4 666.2 670.1 685.4 686.2 683.5 677.8 666 647.7 622.8 608.9 595.4 582.3 568.1 558 550.2 533.4 532.7 532 531.1 543.7 558.3 583.3 591.2 612.6 615.7 628.2 643.7 655.7 647.8 628.6 613.2 610 605 605.1 594.7
460.6 455.1 447.5 443.4 441.6 427.2 403.9 391.5 387.8 387.5 408.3 420.7 426 434.3 451.4 462.6 476.3 485.1 496.1 494.6 488.6 485.7 484.6 488.3 486.2 483.7 487.5 481.4 474.9 453.4 429 412.8 435.1 454 468 485 504.9 524.3 548.2 562.7 588.5 603.7 625 637.5 651.1 657.7 669.6 678.2 688.4 694.4 698.3 692 675.3 651.6 626.4 607.4 594.2 583.8 572.2 569.1 556.5 540.8 522.1 514.6 518.9 524.4 529 549.3 571.1 583 593 616.5 621.1 622.2 623.2 608.9 597.9 590.9 583.6 577.3 571.8
500.3 491.6 481.6 481.6 464.5 443.6 423.8 410.6 403 399.4 416 429.9 436.4 446.9 464.5 480.7 496.4 508.1 517.1 523.6 522.7 515.9 515.9 513 504.4 498.4 496.1 491 479.3 464.1 440.5 427.7 440.2 456.4 474.4 496.5 512.1 532.9 559.7 574.7 599.5 614.1 628.1 639.2 650.1 662.5 674.2 684.2 694.1 699.7 699.3 695.7 674.6 655 632.9 611.7 596.5 582.1 584.5 576.1 562.3 538.3 520.2 510.2 502.2 510.9 515.1 527.9 542.5 561.5 572.5 595.8 590 588.5 595.1 585.8 580.1 567.2 562.6 559.1 550.2
528.2 526.8 520.9 514.1 481 454.3 437.4 432.8 421.2 416.7 422.5 437.1 446 451.8 466.4 490.5 514.1 529.7 541.8 548.2 549.8 547.1 545.8 539.2 530.2 524.2 518.8 504.6 493.9 475.3 451.4 451.9 464.4 477.8 488.7 503.4 526 542.3 560.1 579.1 601.4 617.1 632.2 644.4 651 661.7 680.2 688.9 697.8 696 688.2 682.4 666.9 647.4 632.4 613.9 596 589.2 584.3 573.1 547.4 530.2 512 501.9 492.2 496.4 498.8 506.5 523.9 535.5 558.9 568.4 560.6 554.6 566.4 557.8 552.3 540.2 536 532.7 524.3
557 558.9 557.2 542.6 500.2 468.7 453 450.5 439.1 430.2 429.4 444 450.6 459.3 476.5 504.3 528.9 550.2 562.4 571.4 574.3 572.9 575.4 573.3 559.1 550.3 537.6 523.5 503.2 488.7 457.8 472.9 486.7 502.6 514.8 515.8 538.2 554.3 569.9 585.3 603.5 615.8 639.1 652.3 665.2 672.3 677.1 680.9 684 678.8 670.3 655.8 639.4 625.4 618.1 602.4 597 598.5 588.7 578.7 552.4 525 512.8 500.7 486.9 485.1 483.8 489.7 503 511.3 538 543.7 536.4 528.8 531.1 525.1 519.4 510.7 511.9 511.9 499.2
577.4 582.3 584 565 518.6 485.4 471.9 465.3 459 443.6 436.1 449.7 457 469.3 492.3 521.8 546.7 568.4 583.5 591.9 598.7 601.1 602.7 599.2 586.5 571.9 554.6 535.5 519.1 499.7 479.1 496.5 506.3 520.6 528.9 544 550.2 563.8 578.9 594.4 609.7 622.9 643 652.5 650.5 654.3 661.4 662.2 662.4 658.4 640 626.4 617.4 604.7 599.7 595.1 602.1 604.8 591.6 566.1 538.5 519.4 510 501.6 486.3 473.6 473.8 473.1 478.6 488.9 510.8 505.1 504.8 501.6 499.3 495.4 488.9 483.3 492.2 485 474.6
598.4 599.5 596.1 571.9 535.4 503.1 492 485.9 473.6 456.3 448.1 457.5 470.6 484.8 510 537.9 569.9 588.5 602.8 613.2 620.1 628.6 630.7 626.7 606.1 588.9 570.7 550.9 530.6 511.8 502 508.8 526.1 535.1 551.6 567.1 578 578 589.4 604.5 615.7 623.6 637.4 647.2 630 631.3 631.1 628.9 625.7 624.2 606.1 596.3 591.7 577.2 573.3 597.7 604.7 604 596.3 573.9 537.6 519.8 505 494.8 482.6 468.2 458.2 461.3 461.3 466 477 474.9 475 475.3 470.8 466.7 460.3 456.2 466.8 464.9 444.6
615.6 619.6 613 588.3 555.2 527.9 512.9 500.7 483.8 467.1 456.6 469 484.9 504.8 533.4 561.2 588.6 610.8 622.8 632.1 640.8 649.3 650.3 640 617.6 596.7 578.8 560.9 541.2 522.4 521 527.7 540.4 553.1 568.7 585.5 595.7 600.1 601.1 615.1 624.7 637 630 612.7 597.4 588.6 596.9 593.5 585.8 584.5 571.8 567.9 560.9 547 550.9 568.3 578.1 591.7 584.6 567.8 538 513.7 498.6 483.8 466.5 456.8 446.7 448.7 448 448.2 449 448 449.1 451 448.2 447.2 444.3 432.4 439.4 428.2 413.9
629.8 640.4 628.4 606.4 581.7 560.9 532.8 508.5 490 474.2 467.2 477.8 493.6 518.2 546.7 575.3 606.6 628.3 640.7 649.8 657 666.8 666.4 647.1 622.6 601.4 581.6 564.1 548.1 537.4 538.3 546.8 558.9 570 590.3 601.1 612.6 617.4 615.1 621.2 623.4 624.5 607.3 585.2 571.9 569 565.7 559.6 556.4 551.3 545.9 541.8 540.3 520.6 519.8 527.6 549.9 574.6 566 552 532.1 515.1 498.6 478.4 461.6 447.4 436.8 431.9 434.2 433 430.9 430.1 429.9 431.3 430.7 431.7 431 408.9 410.1 404.1 389.6
645.4 652 643 618 590.6 556.6 525.5 510.3 493.4 480.2 475.8 487.2 505.1 524.3 552.8 588.5 624.9 642.2 655.3 663.5 668.6 678.2 673.1 648.4 627.7 606.7 585 568.2 557.7 550.2 555.3 566.9 576.9 596.6 612 618.5 617.8 621.8 624.7 617.3 607.1 602.7 587.8 569.3 553 544.6 540.4 529.6 523.1 520.4 516.3 516.5 508.2 502.5 507.4 515.5 527.6 539.1 545.1 540.8 526.8 514.2 491.8 474.1 456.2 443.5 427.6 420.5 421.7 420.3 416.5 412.5 413.3 414 411.2 411.7 411.1 400.8 383.6 380.3 367.5
660.4 661.3 641.6 610.9 570 543.7 524.5 510.8 495.7 489.3 493.5 500 521.1 539.2 563.1 598.5 633.3 655.1 673.4 677.2 682.8 689.3 679.6 652.1 630.5 611.7 592.4 576.6 568.1 568.6 571.9 582.1 595.9 614.7 628.7 625 624.2 619 616.2 603.1 585.8 578 563.1 542.7 531.6 515.7 516.4 505.9 501.4 501.9 497.1 495 492.9 490.8 493.6 510.1 521 528.8 533.7 531.7 527.8 513.4 498.2 482.5 458.2 441.5 424.3 413.7 411.2 407.7 403.3 401.8 399.6 397 391.7 391.1 391.8 385.4 370.9 349.2 341.5
663.7 648.3 615.1 576.5 553.5 538.3 531.1 516.7 510.7 505.6 513.3 530 547.1 559.6 583.9 613.6 642.1 665.6 687.1 690.2 694.4 694 690.5 670.2 643.4 629.8 612.1 599.2 591.6 591.2 590 600.4 612.9 629.8 632.7 627.6 621.4 605.1 589.7 583.8 565.5 545.5 534 518.6 507.7 492.9 492 486.4 479.9 487.7 487.2 480.9 477.7 477.9 480.6 493.9 513.8 531.6 539.4 533 525.2 508.2 487.4 467.8 449 434.4 420.8 409.1 399.3 395.1 393.8 389.3 386.1 380.6 374 372 370.2 365.6 354.4 336.7 317.1
672.7 641.7 601.9 567.1 553.3 548.3 541.5 536.4 537.8 540.8 542.4 560.3 577.2 589.3 610.8 636.9 657 678 692.2 702.7 708.2 698.3 692.2 687.1 674.2 664.3 651.7 635 623.9 618.6 619.8 623.1 627.3 631.8 630.4 617.3 600.9 577 567.1 556.6 542 521.9 509.4 493 481.2 468.2 464.6 460.3 474.2 486.9 471.4 459.9 460.1 463.3 484.9 498.5 512.3 520 530.7 530.5 517.5 496 479.4 464.4 449.1 433 420.6 408.5 399.8 392.8 387.1 378.1 375.2 368.6 362.2 357.8 350.9 344 334.6 322 306.7
674.6 641.4 602.3 576.4 566.7 561.4 557.9 559.3 573.7 587.1 576.4 588.9 607.7 628.4 645.8 658.8 673.2 691.8 709.8 709.8 695.8 694.5 701.4 691.6 683.7 677.8 665.7 653.5 643.5 639.4 635.4 628.4 621.5 612.7 600.9 586.8 569.4 558.5 545.1 530.2 516.3 501 487.7 471.1 458.6 451.3 441.5 445.8 459.4 460.4 447.5 435.2 438 457.6 481.6 518.5 534.1 535.7 529.5 521.2 512 501.5 484.5 467.3 451 438.8 425.5 412.8 402.9 391.2 386.1 376.5 366 363.8 353.3 343.9 335.3 325.7 315.5 304.8 292.4
684 649.2 617.8 592.3 584.8 582.7 583.5 590.2 601 613.9 610.7 620.1 648.8 665.9 671.9 678.4 690.3 700.5 699.5 683.2 676.4 676.9 673.6 668.1 666 673.2 656.1 650.7 639 630.8 626 608.4 600.5 590.8 585.4 566.6 551.5 536.7 523.8 505.4 493.4 487.1 475.8 457.7 440.9 423 416.5 431.8 436.5 429.7 419.4 404.3 430 451 485.9 523.1 540.3 545.4 541.3 531.1 514.5 509.3 497.9 475.8 457.4 439.9 430.6 421.4 404.9 389.3 383.1 366 355.8 347.4 340.8 332.3 317.7 308.5 299.9 290.8 279
691.6 665.6 633.6 611.2 605.3 599.1 609.2 619 632.4 648.1 648.1 656.9 679.4 689 696.3 696.1 694.6 685.8 676.6 667.3 663.5 651.5 641.4 641.4 638 637 633.1 627.6 620.2 614.4 603.7 584.2 577.8 566 552.2 539.1 525.3 514.8 500.8 483.7 471.1 458.6 450.5 437.4 414.6 373.2 402.7 414.2 407.8 397.9 390.7 405.1 429 462.7 497.3 531 546.6 554 546.1 538.1 534.1 521.9 504.2 480 463.1 448 431.4 421.3 404 386.1 380.6 365.6 347.9 332.7 325.6 315.6 308.5 296.3 286.4 278.5 266.2
704.7 683.2 653.1 638.5 623.6 622.7 626.9 652.3 677.5 679.7 687.5 690.2 694.8 701.9 695 680 667.7 657.9 657.1 651.1 644.9 625.7 612.3 609 608.5 610.8 606.3 609 602.5 589.4 578.6 563.9 548.8 536.8 524.1 514 500.8 489.5 478.6 464.1 449.5 435.7 424 412.7 392.7 361 378.6 389.9 379.3 368.2 374.9 412.1 439.9 485.2 511.6 538.9 554.7 563.4 565.8 546.1 533.8 522.9 510 499.7 476.3 451.8 433.6 419.9 403.8 388.4 380.4 357.2 343.2 326.6 309.9 299.9 291.2 284.2 275.1 266.8 254.9
727.2 706.7 686.4 657.5 651 647.7 652.5 677.7 688.6 688 697.4 698.6 694.2 692.4 678.9 663.9 648.7 641.8 638.2 629.6 620.9 610.8 600.3 594.3 596.4 594.7 592.3 586.7 578.7 567 555 536.3 523 510.5 504.8 494 483.5 468.7 452.7 441.6 427.6 415.8 404.6 391.7 376.5 355.7 345.4 360.6 350.1 342.9 387.3 427.8 457.8 488.5 511 533.1 558.8 569.9 561.1 545 547.1 545.9 537.3 512.3 486.2 460 439.7 425.9 405.4 388.9 374.4 352.7 334.5 326 310 289.3 270.8 269.6 263.4 256.6 247.5
740 727.9 706.4 689.4 682.4 680.7 690.3 696.9 695.1 700.2 701.3 690.6 683.6 676.3 660 647.8 636.4 632.5 627.7 616.5 605.5 595.5 584.9 576.4 573.5 572.4 574.6 568.4 557.6 545.1 539.1 517 506 492.2 481.4 469.8 461.2 442.3 427.4 417.1 404.9 392.7 384.3 374 361.8 346.9 312.5 326.9 303.9 353.3 398.2 434.2 445.1 454.9 470.7 514.6 530.3 540.8 542.7 541.1 533.7 551.5 541.6 514.4 490.5 472.5 449.6 429.5 411.3 390.8 368.5 350.3 334.7 315.3 301.7 289 271.6 256.8 247.1 245 240.5
751.1 731.8 724.6 727.2 720.4 724 723 715.3 705.6 698.5 689 678.7 674.8 666.6 647.5 632.3 621.8 616.6 611.7 598.6 581.3 571.9 567.9 561.2 553.5 547.2 551.2 546.1 535.9 523.3 512.8 494.9 481.3 466.3 453.9 444 430.9 415 402.6 391.9 381.7 369.4 366 357 342.3 334.2 315.7 282.7 317.6 361.2 390.9 389.1 409 411.6 433 459.4 487.3 499.9 517.6 508.4 507.2 533 542.5 527.4 504.6 484.3 464.6 447.4 422.8 396.9 372.7 352.4 333.6 316.1 299.6 287.7 272.2 253.8 237 231.6 231.6
739.6 728 729.4 728 735.9 730.8 714.5 698.2 688.6 679.3 669.1 655.6 648.1 639.9 626.9 609.8 596.5 592.5 584.1 574.5 558.4 551.2 550.2 547.3 536.5 527.9 527 522.5 512.2 498.7 485.4 469.2 454.3 441.7 427.2 419.2 400.7 386.4 374.9 363.6 358.4 345.6 341.8 331.2 318.6 317.1 309.3 264.6 307 346.1 351.7 356.9 362.8 372.8 392.7 402.3 431.4 456.3 477.3 471.5 472.3 503.6 537.5 531.4 515.2 497.3 479.3 461.3 430.5 400.7 375.1 352.4 326.5 308.8 291.5 277.9 261.3 246 234.8 211.2 219.8
726.5 720.8 720.7 725.1 724.6 714 695.9 676.8 667.9 658.1 648.4 633.3 622.5 609.7 594.1 584.2 576.6 571.9 559.5 545.9 538.3 535.3 530.7 529.1 521.4 517.3 509.4 499.7 484.4 475.9 459.7 442.6 431.1 418.6 402.3 390 373.3 358.4 349.3 337.6 331.4 325.3 315.4 307.2 297.6 295 294.2 267.9 259.3 295.9 309.7 312.5 327.3 335.5 345.8 368.3 393.1 423.7 443.6 435.1 439.2 484.1 505.7 510.8 513.4 502.6 477.8 453.8 428.6 401.3 376.4 349.3 323.9 304.6 286.8 267 253.3 240.9 228 214.9 202.2
710.7 719 728.3 727.2 713.2 698.6 678.7 659.7 652.8 637 624.1 608 593.3 578.1 565 555.5 552 548.6 537.6 528.2 520.2 516.3 507.8 503.8 499.6 493.9 486.5 471.7 458.5 448.4 433.7 418.8 404.3 394.2 375.9 359.8 342 330.8 319 310.7 303.8 297.8 291.1 282.1 275.4 274.6 277.6 265.9 223.9 253.4 276.5 278.6 291.1 302.5 319 338.7 367.3 399.1 415 400.7 410.5 473.2 498.6 501.2 501.5 500.2 486.9 460.5 439.2 419.8 388.8 352.7 321.1 301 284.7 263.3 247.4 230.7 220.2 209.6 188.9
698.1 711.8 718.1 704.1 694.6 679.2 659.4 638.7 633.4 617.2 604.6 589.9 570 551.7 536 523.9 520.3 520.2 515.1 505.7 501 496.1 487.4 481.8 477.5 468.6 458.8 443.3 429 422.9 409.8 392.2 373.8 362.1 347.7 331.9 318.7 301.2 295.2 294.8 282.5 271.6 265.7 257 256.3 253.2 250.6 247 216.9 229.9 244.5 249.6 261.7 274.8 288.5 313.5 343 360.6 376.3 363.7 377.6 434.6 469.9 483 479.1 473.8 462 444 421.9 397.3 377.4 348.4 313.6 295 280.3 258.6 241.6 226.5 212.1 200.1 183.8
687 693.8 689.9 682 674.7 655.7 639.2 629.3 619.1 602.5 589.3 570.5 552.4 537 517 505.2 492.1 487.1 483 477.9 477.5 476.4 470 460.5 451.5 439.6 427 413.4 402.8 393.7 382.1 362 343 332 320.2 306.6 292.9 280.7 276.4 271.3 261.3 247.8 242.4 230.8 233.5 225.3 227.3 223.6 215.7 193.9 213.9 221.3 235.4 247.4 262 281.1 297.8 314 329.4 325.6 334.9 384.2 407.9 446.7 447.5 458.9 455.3 435.3 408.5 383.3 354.2 324.9 304.8 287.2 268.9 246.7 234.6 220.3 206.1 192.1 180.4
676.8 679.4 676.9 672.8 653 636.4 627.1 617.2 606.4 588.4 569.3 551.8 537.8 524 505.2 486.1 467.5 453.7 447.1 445.2 445.2 447.3 446.9 441 429.6 406.9 391.2 388.7 377.8 363.6 351.1 334.4 319 305.4 291 277.8 269.6 258.7 255.9 248.7 239.2 227.6 222.6 208 200.6 195 193.6 192.8 193 186.2 195.2 204.5 212.2 223.2 236.1 252.4 268.6 278.7 286.3 287.5 303.8 332.6 363.1 392.7 412.5 449.4 438.9 427.3 397.5 370.3 343.2 316.5 292.4 274.7 251.9 237.9 227.2 213 201.2 186.9 178.3
661 668.5 662.9 646.2 632.1 620.4 608.6 599.8 588.7 573.8 555 541.9 524.4 506.1 493.1 474.6 455.2 438.8 423.2 413.5 413.1 413.5 414.6 412.9 404.6 389.1 359.3 366.2 352.2 333.4 322.2 305.8 291.6 278.6 264 253.2 247 239.2 232.4 223.6 215.5 206.4 197.2 192.5 189.9 183 178.7 173.3 172.2 171.3 169.5 180 185 198.8 214.1 236.8 251.3 250 254.4 257.7 274.6 307.6 340.1 365.7 382.4 410.6 411 408 383 352.4 327.8 307.6 283 264.3 244.1 227.1 218.1 205 194.4 182.8 174.8
647 648.7 648 626.7 611.5 599.9 593.5 581.8 565.8 551.9 544.6 526.1 511.4 488.6 475 463.4 443 423.7 410.3 394.8 388.4 389.6 388.1 387.6 380.4 364.9 352.6 333.9 322.2 310.2 295 277.8 265.6 254 245.6 233.2 225.9 223.9 212.3 201.2 193.8 183.6 176 173.9 174.4 171.1 168.9 165.1 152.6 148.4 153.6 156.2 162.4 178.2 197.5 230.1 228.1 224 226.7 237.9 247.9 291.5 339.3 338.9 360.3 392 401.3 401.7 378.4 353.6 333.4 304.8 282.8 258 237.8 220.9 215.4 208.6 193.6 181.3 172.8
637.8 633.9 619.8 603.3 592.4 583 570.4 556.6 541.1 526.4 511.9 500.8 491.2 476.9 463.6 450 432.3 412.5 397.8 380.7 362.1 355.9 358.6 353.9 349.3 343.6 338.1 318.7 296.3 288.3 269.1 254.2 242.2 229.4 221.4 213.6 208.7 205.9 194.9 181.8 173.8 163.6 158.8 157.2 155.1 150.8 148.2 147.7 138.6 135.4 138.3 138.4 144.5 161.2 189.2 218.2 203.8 198.7 199.7 212.2 224.1 264.7 292.3 297.5 325.9 345.8 382.9 367.9 364.7 340.4 315.8 296.3 270 252.3 226.7 208.1 204.6 206.5 190.1 174.5 170.9
624.3 618.7 608.9 592.1 575.9 566.6 551 536.9 523.5 503.9 487.2 476.8 463.3 453.5 454.8 436.4 414.4 396.1 381.8 364.8 345.4 332.6 330.6 324.3 321.2 323.8 314.8 294.7 272.3 251.7 246.2 233 221.5 211.3 202.6 193.5 189 186.8 173.7 165.1 151.7 142.3 142.9 144.6 137 138.9 136.8 132.9 126.6 119.6 124.7 127 131 144.6 169.2 183.7 177.9 173.7 178.1 189.3 201 221.7 246.5 273.4 303.7 309 331.6 341 328.3 324.1 290.7 269.9 250.9 234 212.8 196.7 193.4 196.9 175.7 169.1 167.9
