webserver/python/data/NM89.asc
ncols 200
nrows 200
xllcorner 180000
yllcorner 790000
cellsize 50
[rows 148 to 184 of 200, columns 83 to 165 of 200]
635.7 639.7 647.8 655.3 661.8 656 666.9 679.1 688.9 681.6 674 664.2 656.1 632.5 610 595.4 584.6 574.7 558.9 544.4 535.6 529.7 526.3 521.7 521.6 531.1 549 560.5 563 565.4 578 595.5 624.1 637.9 646.9 658.8 665.4 678.5 666.7 651.7 628.7 604.8 582.7 568.5 569.7 556.8 543.3 524.9 505.6 485.9 471.2 460.2 451.8 439.8 431 415.1 405.8 394.1 378.6 368 360.1 359.6 358.6 355.2 356.4 359.4 358.1 359 343.9 342.9 338.8 345.2 333 336.1 343.8 347.9 332.7 327 327.3 310.8 296.8 303.7 317.6
644.9 650.7 650.9 667.2 675 678.5 680 689.5 699.9 702.3 697.4 688.7 671.8 660.5 639.2 620.9 606.4 599.9 581 563.8 552.9 548.7 546.9 542.1 543.2 549.4 575.5 585.6 589.4 590.8 600.8 607 633 641.4 645.6 657 664.7 667.8 640.7 629 602.9 578.7 562.9 548.6 535.1 520.1 508.2 496.2 484.7 465.4 447.7 433.5 419.6 408.6 396.9 383 372.6 365.1 359.9 352.6 342.2 333.2 325.3 317.1 327.1 314.8 314.3 302.6 306.5 304.6 296.6 295.8 301 305.1 311.8 307.9 286.4 275.9 263.2 260.8 251.6 248.7 264.6
652.8 650 654.2 672.6 688.9 692.5 694.8 700.9 708.2 718.2 721.6 708.4 693.7 683.6 668.3 646.8 629.2 615 599.5 588.1 579.5 576.9 569.8 566.2 574 583.2 580.3 600 614.3 620.7 624.3 626.4 635.1 645.5 654.5 660.5 660.1 646.1 617.3 602.1 564.6 545.8 533.8 528.1 512.1 493.7 482.8 469.7 460.8 449.6 433.3 412.9 401.7 386.5 368.3 354.8 341.6 331.8 325.4 321.1 321.7 318.9 298.6 289.5 281.1 277.7 271.8 270.5 273.6 267.6 263.7 261.2 255.1 265.6 278.5 268.1 248.7 238.8 229.7 220.3 218.7 217.7 225.1
658.5 650.4 662 681.8 702.2 713.6 712.2 709.9 717 722.5 726.1 716.5 706.7 705 691.9 677.8 659.5 643.1 628.6 617.2 612.7 603.2 596.4 602.6 614.1 617.2 610.8 612.3 624.3 640.7 642.7 641.8 645 656.2 665.7 664.8 654.3 622.5 595.7 569.6 544.4 525 509.2 498.5 483.9 468 459.6 448.6 434.7 422.5 409.9 396.3 379 364 348.9 334.4 316.2 304.4 299.2 296.5 292.3 286.7 270.8 256.9 249.6 245.6 243.6 245.7 241.8 239.4 232.1 228.2 229.9 242.4 250.8 238.4 222.7 206.8 200.6 203.7 200.1 192.5 197.5
656.9 659.8 669.2 689.5 708.7 718.9 717.8 714.3 724.8 723.5 720.8 717.3 713.5 710.7 710.4 706.1 687.1 670.8 656.2 646.4 645 636.7 646.8 648.4 648.6 641.5 647.9 645.8 645 648.8 650.5 649.6 649.8 654.3 662.2 661.8 640.8 606.2 579.6 553.1 527.7 505.6 489.8 474.4 454.5 440.6 431.7 422.7 408.1 398 382.5 364.5 354.7 342.4 328.1 314.2 295.2 285.8 275.6 276.1 276.6 268.1 248.3 232.2 226.7 225.3 221.3 214.5 213.6 211.1 214.1 210.9 219.5 228.7 226.1 211.4 188.5 180.2 181.4 180 180.5 179.6 180.1
656.1 668.2 671.3 694.9 712.7 720.5 712.2 701.9 705.3 704.8 703 699.1 705.4 706.5 699 691.2 684.4 689.7 687.2 677.2 670.4 672.1 673.3 675.7 676.5 667.2 671.6 666.4 660.6 658.5 659.9 655.1 657.8 656.8 657.4 641.3 623.1 604.8 571 535 507.4 488.3 467 444.8 426.9 413.2 401.8 391.1 381.7 374.5 360.1 337.5 324.3 319.8 310.7 298.1 282.3 268.5 258.1 253.3 253.7 242.7 230.1 218.8 210.9 208.7 205.9 193.6 198.4 191.2 200.6 209.4 219.6 210.1 196.8 171.3 162.8 164.2 160.7 162.6 162.1 169.5 178.5
656.8 658.8 666.3 696.7 704.4 699.7 682.5 670.8 675.5 683.2 679.5 670.2 680.3 684.3 679.3 677 675.7 681.2 694.7 699.9 686.2 681.1 680.5 691 692.6 685.1 679.6 667.1 661.6 660.9 660.4 660.1 657 660.6 651.5 631.4 615.3 590.5 559.5 529.1 505.2 474.4 447.4 426.6 409.3 392.4 378.2 368.5 358.7 347.2 328.2 308.1 296.3 301.1 298 285.5 269.9 256.1 242 235.5 228.9 219.4 215.8 208.7 199.8 193.2 181.5 162.6 160.6 163.4 163.6 183.7 179.4 177.9 161.3 144.3 139.6 146.4 149.1 148.8 154.4 158.3 166.2
633.1 637.6 639.4 642.5 650.3 648.7 641 643 650.8 655.7 653 649.2 661.2 670.5 665.4 660.7 659 669.2 682.1 698.3 688.6 679.6 670.2 678.1 682.8 679.5 671 662.7 659.9 657.9 649.7 651.6 658.7 641.9 635.9 626.8 613.1 567.5 534.6 507.6 487.5 459.1 434.4 414.1 390.9 374.5 368.2 345.3 328.8 311.7 295.8 277.8 269.7 272.7 261.5 254 253.7 240.8 232.3 227 218.4 208.4 204.7 202.6 191.1 175.9 162.2 137.5 129.7 131 132.2 150.3 160.1 147.6 127.4 122.4 136.3 144.4 154.9 147.4 150.9 163.3 188.6
605.4 600.6 609.1 610.8 617.7 613.1 612.9 627.4 629.9 626.2 628.6 627.4 639.3 642 652 648.8 652.3 653.6 661.9 674.8 666.4 660.7 652.6 653.1 656.5 648.5 643.3 643 639.9 631.7 626.8 626.3 628.2 622.4 619.4 606 569 537.2 505.8 478.8 464.4 442.7 415.2 394.6 370.9 352.7 338.4 322.4 302.8 281.1 268.3 249.8 237.7 232.6 236.8 231 227.4 227.3 222.4 214.5 207.1 199.6 201.4 192.1 171.6 151.6 142.8 118.7 109.1 105.6 106.3 127.4 137.8 124 118.4 128.7 143.4 150.5 160.8 158.9 161.5 180.5 204.2
585 579.4 575.7 579 588.7 596.6 590.1 604.4 607.7 607.6 612.8 614.4 616.6 624.8 638.2 639.4 644.6 643.9 651.6 659 650 643.9 638.2 642.4 637.2 631.3 628.3 622.4 615 600.3 595.8 594.5 590.6 585.7 582.4 556.2 535.1 510.5 481.2 452.6 432 411.4 397.6 380.4 358.9 334.1 310.7 298.5 284.5 263.5 242.7 225.9 212.1 203 204.2 205.5 215.4 217.7 204.7 192 188.2 192.8 181.9 170 144 136.9 126.9 100 90.6 88.8 101 120.3 121.1 118.8 144.5 180.8 181.9 172.9 171.5 193.7 188.7 194.3 221.1
573.1 567.9 555.3 556.4 561.6 575.7 574.3 578.3 580.9 576.6 588.2 597.6 602.7 607.2 614.1 624.9 631.4 630.6 642.2 636.7 623.8 621.8 620.5 621.8 614.3 615.5 608 593.6 588.2 575.7 572.9 572.1 566.7 559.4 546.9 527.3 506.6 476.2 450.6 426.1 406.2 393.4 382.5 365.9 340.2 316.1 293 274.9 257.8 236.8 220 207.1 192.8 180.5 181.2 192.1 192.8 193 178.6 160.8 161.2 164.4 159.2 145.6 123.7 118.9 101.7 80.4 76 79.6 95.6 113.8 117.7 143 177.2 212 218.7 208.1 214.7 223 213.6 214 244.5
556.5 549.9 539.8 530.9 544.1 559.8 561.8 559.9 567 559.2 558.3 571.1 571.5 583 588.3 604.9 613.4 619.8 616.7 613.1 604 597.9 597.9 601.8 600.1 599.8 591.2 577 571.9 560.3 560 559.5 557.4 542.8 523 504.3 475.3 450.6 426.3 402.6 383.8 364.2 348.6 330.7 313.2 291.8 273 254.6 233.9 215.6 198.4 186.8 175.4 163.3 160.9 158.9 156.6 155.5 154.1 139.5 143.4 146.2 141.7 122.6 108.2 96.6 81.9 65.4 68.4 80.7 99 108.5 136.7 167.1 207.6 221.8 258 241.4 250.7 249.1 239.5 237.4 272
532.2 528.6 521.2 508.7 523.1 537.6 539.5 541.4 542.3 540.1 544.6 549.1 554.7 563.4 573.9 588.8 599.3 606.8 604.3 590.7 577.6 578.2 580.5 580.5 582.3 582.7 577.3 567 554.9 544 541.1 541 534.5 523.4 502 481.1 460.2 428.7 403.1 380.1 359.6 347.2 326.6 300.7 281.1 265.7 247.9 231.1 214.1 198.7 183.5 166 156.2 145.8 146 144 138 134.7 127.5 113.6 121.3 130.3 118.9 106.5 90.9 75.6 62.2 63.4 80.8 114.1 130.1 139.7 157.7 196.9 229.3 284.9 279.2 268.2 293.8 286.6 271.8 270 278.5
504.6 507.5 496.7 478.9 487.6 510.3 513.7 518 516.7 523.7 536.4 543.1 544.4 557.2 566.4 572.9 577.2 581 584.2 581.8 564.9 550.4 555 551.5 554.5 571.6 567.8 551.5 541.1 531.6 522.5 525.9 517.8 497.2 476.3 452.7 430.5 393.3 381.7 360.9 335.6 314.5 297.8 280.1 261 243 226.7 213.9 200 183.7 164.2 148.8 137.3 131.6 127.6 129.2 125.1 121.7 113.7 93.4 100.2 107.2 100.7 87 73.7 61.3 61.2 83.7 103.2 131.4 178.9 185.9 191.8 214.9 285.8 305.7 297 298.4 326.9 317.1 339.1 326.4 317.9
484.7 483 471.7 452.3 456.9 477.9 488.1 489.3 495.7 504.9 517.3 532.9 533.3 537 545.7 553 565.2 566.9 563.4 561.2 548.7 538.7 536.9 523.2 527.6 549.7 549.3 524.1 515.8 506.8 503.6 502.7 488.9 470.5 442.2 410.3 385.9 364.8 347.1 330.5 314.4 293.7 274.4 258.4 241.6 225.9 211.9 199.8 184.6 165.7 144.7 130.3 121.6 122.6 107.5 113.3 106.1 105.8 99.6 86.4 77.8 92.2 87.2 65.6 62.7 58.5 86.8 108.1 137.4 165.6 207.4 222.3 229 242.2 300.5 328.8 326.4 341.2 356.2 369.3 379.4 373.3 367.2
465 461.7 450.2 435.1 429.8 442.3 463.1 468.2 477.5 478.1 490.3 505.1 506 513.9 520.4 539.7 548.7 552.8 540.2 544.8 548 532.3 518 514.3 509.9 511.7 517.2 499.5 490.8 478.6 463.8 460.2 449.4 431 413.2 391.3 376.2 353.2 327.6 310.1 296.7 277.8 258.5 242.9 224.7 205.6 192.7 181.6 166.4 143.3 123.7 111.9 103.2 99.1 83.7 92.7 86.9 91.3 84.4 70.3 65.8 83.3 77.6 52.8 60.3 70.1 96.5 124.3 155.9 191.3 235.5 251.1 259.6 279.1 330 347.2 360.9 370.4 380.5 404.9 409 406 398.9
449.6 441.7 428.6 417.9 404.2 415.9 431.8 457.1 458.8 458.3 466.9 479.5 484.7 494 513.3 530.3 533 529.6 529.4 525.6 529 515.6 504.9 505.3 499.5 498.1 493.7 479.5 466.1 457.4 448.2 440.7 437.8 423.9 407.4 384.9 363.8 336.4 312.4 290.1 276.2 262.2 247.5 231.8 208.1 185.7 172.1 160.7 141.2 124.7 106.1 93.5 86.8 76.7 63.3 68.7 78.1 81.7 74.1 54.6 63.6 77.5 55.7 56.4 69.1 95.3 115 149.2 178.8 229.9 265.2 279.4 303.7 333.2 344.6 362 384.3 390.1 400.9 426 424.1 423.6 423.8
432 423.5 412.3 398.4 386.6 391.5 402.4 429.5 436.7 438.8 449 456 460.5 475.2 494.4 506.7 513.6 519.9 503.4 505.5 509.4 499.5 490.2 496.9 487.9 482.7 475 468.4 456.6 447.2 439.6 423.4 419.3 402.5 385.5 367 340.8 319.8 298.7 276.2 257.8 240.6 229.5 209.4 184.6 165.3 151.4 136.6 119.4 103.2 92.1 84.2 69.7 54.1 52.4 56.5 68.1 74.7 64 43.5 46.2 49.3 49.1 62.4 83.4 117.9 133 177.3 222.5 261 291.7 304.4 334.4 351.6 360.7 378 395.5 413.7 424.5 434.9 440.7 448.4 451.7
404.6 408 393.8 380.1 370.3 373.9 385.2 400.2 412.6 420.8 425 431.9 445.6 462.8 483 493.5 498.5 505.1 495.2 477 477.3 473.2 464.9 464.7 459.3 456.5 453.3 448.1 437.5 439.7 424.6 405.6 397.2 380.6 367 350.9 331.1 311.5 284.5 263.3 237 221.3 203.7 185.6 168 151.4 132 116.5 96.6 85 81.3 76.1 49.8 39.5 42.7 50.9 59 62.3 56 38.7 39.9 51.6 66 78.7 104.3 130.3 151.3 205.1 259.7 294.7 317.6 328.4 334.3 355.6 374.6 399.4 416.1 429 447.7 459.4 470.5 472.9 475.1
382.4 386.6 380.5 360.9 351 356.1 363.5 381.1 392.3 400.1 405 418.7 429.8 446.7 471.2 478.8 472.2 483.1 486.6 466.3 448.3 438.4 438.1 430.8 424.2 424 425.6 417.5 417.9 412.5 400 384.8 375.8 367.4 359.4 338.7 320 300.4 282 258.9 231.7 212.2 195 173.4 156.5 139.4 119.7 100.6 80.9 67.7 66.8 53.8 29.6 28.8 32.5 39 43.8 47.3 42.9 30.5 47.5 60.7 71.1 90.5 111.4 135 165.1 219.1 287.7 315.1 331.8 349.6 353.8 374.8 397.1 423.1 438.7 448.2 458 474.2 487.6 497.1 503.4
365.4 370.2 360.6 339.4 332.7 335.1 346.1 359.4 370.7 379.6 384.1 394.1 410.1 433.1 448.9 454 439 446.7 454.9 438.6 420.6 414.9 393.3 391.7 382.9 393.8 385.5 382.5 391.6 387.9 386 368.8 358.5 344.2 331.6 319.1 300.1 280 263.6 242.7 224.4 205.4 181.5 162.7 144.5 125.1 109.6 90.3 67.8 53.8 48.6 33.5 24.3 23.7 25.1 28.4 29.7 40.1 37.7 35.7 51.1 70.6 81.3 107.1 122.8 158.9 184.3 222.6 285.7 329.2 350.5 369 381.2 400.3 423.2 444.8 460.6 475 473.3 499.9 511.6 521.3 516.7
341 346.2 328 316.5 319.3 321.6 337.2 341.2 349.7 357.7 367.5 377.5 385.6 411.5 421.6 421 413.7 418.4 419.6 399 389.4 372.9 364.6 348.4 350.4 354.2 348.5 352.3 365.2 371.7 358.3 341.5 342.7 321.4 311.3 301.7 280.9 267.8 255.7 235.7 213.4 193.2 172.8 152.3 134.3 109 91 75.5 55.1 43.7 35.9 27.5 20.2 20.1 20.6 24.1 30.5 42.3 29.5 38.2 54.2 71.6 88.8 117.5 143.4 180.9 195.7 246.1 290.4 338.1 364.7 385 411.2 422.4 441.5 459.6 482.8 496.5 502.9 516.4 524.1 525.9 531.5
310.4 309.6 297.9 288.9 305.3 300.5 317.6 317.4 322 333.9 344.9 353.9 360 375.3 388.1 385.2 370.7 379.1 382.3 360.4 349.4 342.2 341.2 323.5 312.8 322.6 319.4 329.7 336.5 343.1 332.8 324.5 317.2 292.8 298 281.2 273.1 260.4 241.1 221.2 206.1 180.3 162.3 147.9 123.7 99.4 74.3 60.1 45.4 38.1 29.8 23.1 19 18.8 19.1 22.1 29 29 29.7 45 58.9 77.6 98.1 134.7 158.3 176.8 213.4 262.6 298.4 343.3 372.7 405.3 433.7 445 457.3 477.4 496.6 518.8 527.8 533 542.7 551.3 561.6
283.1 280.4 273.1 262.5 281 277.4 292.1 295.3 300.1 308.3 330.4 323.8 329.1 335.8 350.8 358.3 338.7 335.7 338.5 327.9 309.5 311.4 309.6 305.1 286.1 290.5 293.3 297.8 316.3 320.4 318.8 292.8 283.9 260.8 263.1 256.1 242.4 232.8 214.2 205.6 191.9 168.8 150.9 133.8 108 84.3 68 52.2 40.3 33.8 26.1 19.1 18.8 18.9 18.4 22 26.1 28.2 30 50.6 73.3 93.1 120.6 162.1 208.3 229.2 250.3 279.4 313.2 350.3 387 416.2 440.5 454.8 475 496.7 515 523.3 539.2 544.1 555 565 564.3
237.6 247.4 251.3 242.2 235.8 253.4 256.8 267.9 277.4 283.5 293.7 287.6 294 310.2 317.7 324 315.5 301.9 293.9 286.7 283.7 289.8 292.9 286.8 264.4 270 280.2 286.4 298.2 304.4 284.3 259.5 248.5 238.7 220.8 221.1 211.2 198.3 176 176.6 164.8 151.8 132.9 116 86.6 66.2 54.6 43.3 32.9 28.5 20.6 18.8 18.7 18.7 19.8 24.7 29 33.4 41 58.6 92.7 120.9 161.3 184 232.6 266.1 294.5 309.1 330.2 376.8 410.5 419.1 434.5 457.5 481.5 485.7 505.1 515.5 527.3 533.4 541.4 547.4 560.4
217.6 222.3 224.8 218.7 209.1 225.9 235.1 235 238.9 251.9 264.1 263.1 270 288.4 295.6 293.5 276.3 268.5 267 266.5 271.9 275.2 284.7 275.8 251.9 243.3 257.7 258.3 259.8 259.8 244.4 230.9 220.4 206.8 189.3 184.9 163 148.5 140.6 136.2 132.2 119 112.7 86.4 60.8 44.9 37.8 30.8 25.5 21.8 18.4 18.4 18.4 18.4 22 26 31.5 37.2 50.5 76.3 116.8 158.6 231.8 249.5 256.5 289.4 322.7 347.1 365.6 379.6 410.8 425.3 434.8 440 451.6 479.9 498 496.9 494.8 495.1 504 527.9 535.8
200.9 206.1 205 196.6 187.9 190.9 202.9 194.1 195.6 220.8 237.1 239.7 244.2 256.1 263.2 252.3 250.2 250.7 250.5 247 248.2 250.9 252.7 246.5 232.3 212.7 221.4 227.2 234.6 225.3 212 206.1 201.2 176 159.3 151.3 135.7 118.9 110.2 104.2 96 86.3 75.7 58.2 41.1 30.2 24.3 21.4 19.2 17.9 16.7 17 17.4 17.9 22.3 28.5 41.8 51.5 67.3 111.1 156.5 196 252.2 289.6 308.3 314 344.9 369.8 386.9 401.8 402.8 407.4 405.3 411.4 431.3 453 467 462.3 460.8 464.8 469.6 496.2 535.2
189.8 191 183.7 177.3 171.3 168.5 167.4 168.1 171.9 185.2 205.8 212.1 213.9 224 227.2 242.9 244.2 239 227.7 220.9 222.9 215.9 215.4 217.7 208.5 201.6 182 194.7 208.2 211.1 184.7 193.4 180.5 157.6 134.3 112.5 100.9 93 85.5 78 71.4 60.7 51.6 40.5 30.3 20.9 17.7 16.7 15.7 14.8 13.8 13.3 15.5 17.4 22.6 37.2 56.2 71.1 111.7 153.2 208.5 244.8 278.5 321.1 339.1 360.6 368.6 381.8 382.4 381.4 377.3 376.2 373.3 388 401.5 416.8 417.8 421.2 429.8 448.2 458.8 475.6 508.8
175 169.9 160.3 154.3 151.6 150.8 149.6 148.5 146.7 152.5 175.8 184.9 193.1 198.9 214.1 242.8 234.8 219.8 207 189.6 197.9 198 192.6 192.5 189.1 176.6 163.1 165.3 175.7 185.8 159.2 151.9 127.8 111.2 101.6 88.9 72.9 67.2 65.3 59.9 56.1 40 27.1 28.6 23.8 17.7 14.9 14.8 14 13.3 12.5 12.8 14.3 16 31.1 48.5 63.2 101.3 135.6 182.3 241.1 282.5 317.6 340.6 351.1 359.8 358 355.2 349.3 347.7 351.2 345.4 350.8 357.8 364.1 378.3 392 399.7 399.6 440.6 459.4 450.3 462.2
160.9 150.6 139.5 132.7 136.5 135.1 133.7 132.5 127.2 129.5 150.1 161.5 170.1 193.5 204.7 218.2 213.2 195.1 183.5 166.2 167.9 168.8 178.3 173.8 165.9 154.7 150.1 142.4 141.6 145.2 129.1 109.8 97.2 85.4 71.2 60.5 53.3 50.2 49.3 45.6 41.4 34.4 22.5 20.4 17.9 14.5 13.6 13.4 13.6 12.9 12.1 12.6 14.5 22.1 39.4 54.1 81.5 126.5 156.3 195.4 254.4 288.6 303.4 308.8 327.2 333.3 328.8 331.4 314.2 309.8 310.1 319 322.8 329.3 348.5 361.5 362.2 370.8 370.1 374.9 412.2 420.6 433.3
136.3 130.1 115.7 117.5 113.1 117.5 117.5 114.5 110.8 112.9 128.5 146.1 166 182.2 191.5 197.2 185.8 170.2 163.5 146.6 138.7 145 143.1 144.8 140.9 141.1 137.5 126.4 124.5 112.3 106.9 97.3 78.9 69.1 58.2 46.9 38.4 37.5 38.9 34.8 31.6 28.5 19.6 15.5 14.8 13.3 12.4 12.1 11.8 12.4 11.7 12.4 17.5 30.6 45.2 66 100.8 144.4 174.7 210.4 241.7 257 260.8 291 291.9 300.3 294.8 286.1 271.6 273.6 288.4 298.7 299 305.9 322.3 341.7 342.3 345.8 344.7 346.8 366.4 387.8 403.5
111.1 106.2 92.9 98.5 93.4 95.9 94.3 91.9 84.9 92.5 118.1 134.7 154.3 164.8 179.3 180.3 162.6 156.8 145.7 130.1 120 121.8 127.5 122.5 116.5 120.3 120 117.7 97.7 92.2 88.1 77.4 63.8 49.3 40.6 34.1 28.1 29.8 30.3 25.7 23.5 19.3 14.6 14.2 13.7 12.5 11.4 11 10.6 10.5 10.8 25.2 31.6 40.4 59 87.2 118.8 155.4 188.9 216.1 222.5 228.7 243.2 248.3 249 249.4 243.4 242.6 250.9 264.6 280.4 280.8 278 280.5 292.6 313.1 317.1 325.6 337.4 331.7 342.8 354.3 372.7
84.2 78.8 76.5 73.4 72.2 75.9 71 67.4 72 83.6 102.2 128.3 141.7 160.3 167.6 157.8 144.6 131.4 126.5 116.4 107.9 105.1 107.3 106 97.3 95.2 96 95.1 81.2 72.8 66.6 56.5 46.7 35.2 24.9 21.3 19.2 17.4 18.7 16.4 14.5 14.4 13.1 12.7 12.6 12 10.1 10.1 9.8 10.3 25.9 37.8 45.4 56.1 71.3 99.9 137 172 196.7 204 197.3 202.3 213.8 220.3 217.4 218.4 221.4 240.4 244 256.1 264.2 267.1 263.2 263.7 274.8 292.8 303.3 302.6 310.8 317.1 323.3 329.9 342.6
59.3 60.8 57.8 52.4 52.7 60.3 60.7 57.9 69.7 79.6 89.2 114.1 121.8 141.4 143 140.8 125.8 117.4 113.4 105.1 97.3 88.8 88.6 89 81.3 78.8 75.9 74.1 68.7 57.1 54.9 46.2 36.1 21.7 14 9.2 9.8 10.8 11.1 11.6 11.8 12.4 11.6 10.8 10.8 10.8 9.8 9.8 10.1 17.2 37.3 50.8 58.1 70.2 94.9 128.6 158.3 170.3 177 178.5 182.4 177.8 185.3 189.7 197.5 204.6 222.5 239 240.8 248.1 258.3 260 259.2 259.7 269.6 284.2 286.7 288.6 293.2 301 309.9 318 322.4
42.9 42.2 35.4 27.9 35.9 39.7 41.3 51.1 62.1 68.4 75.9 90.7 100.8 117.4 119.8 122.8 113.4 112.2 103.8 94.5 87 77.7 68.7 73 66.6 58.4 57.2 59 54.9 47.4 50.4 39.1 24.5 12.1 9.2 9.2 9.2 9.2 9.2 9.2 9.9 10.4 9.6 9.2 9.4 9.5 9.7 9.8 10.7 24.9 42.2 55.6 66.5 83.9 108.5 130.5 146 150.6 153.5 151.6 148.7 158.1 163.4 185.6 209.8 222.3 239.2 238.2 238.6 248.7 263.5 261.1 255.3 258 262.3 268.5 275.2 279.4 283.3 290.1 296.6 298.1 302.2
19.1 18.8 18.4 20.1 27.3 35.5 40.1 49.7 55.6 56.5 64 70.3 90.2 97.8 104.4 100.1 100.6 109.2 92.2 81.9 73.4 58.9 43 45.9 45.6 39.2 34.4 30.5 33.7 31.6 33.6 21 10.7 9.2 9.2 9.2 9.2 9.2 9.2 9.2 9.3 9.2 9.2 9.2 9.2 9.2 9.8 10.5 15.2 31.4 42.7 55.8 70.1 88.8 104.2 118.3 124.6 122.9 120.9 136.9 146.3 162.1 183.8 204.8 220.6 233.2 239.7 238.5 237.9 239.3 243.3 253.6 254.1 261.4 267.5 268.9 270.8 272.1 280.1 281.1 283.1 287.4 294.9
9.2 12.8 13.1 17.1 24.3 32.5 42.3 42.3 51.1 60.8 63 63 69 78.4 91.8 87.3 82 87.7 79.1 69.5 66 51.7 30.4 26.9 20.9 18.7 18.1 16.9 22.4 18.5 15.1 9.9 9.2 9.2 9.2 9.2 9.2 9.2 10.2 9.7 9.2 9.2 9.2 9.2 9.2 9.2 9.2 9.3 15.5 26.4 38.9 57.3 68.7 76.7 82.6 92.9 102.5 123.9 140.7 150.3 165.4 185.7 214.2 223.6 239.9 251.5 256.7 256.3 253.7 264.3 268 268.2 270.9 277.6 282.7 280.7 278.4 278.4 279.5 282.2 283.1 286.9 292.2
