webserver/python/data/NM93.asc
ncols 200
nrows 200
xllcorner 190000
yllcorner 730000
cellsize 50
[rows 0 to 37 of 200, columns 0 to 85 of 200]
8.5 23 30.6 28.8 27.5 31.4 32.3 25.7 17.8 17.1 16.6 12.9 12.9 12.9 12.9 12.9 12.9 15.8 16 16.4 16.8 17.4 17.6 17.9 18.2 18.1 18 18.2 18.1 19 23.5 28.8 27.5 26.7 23.2 23.2 40.6 42.1 41.5 45.6 46.4 47.6 61.6 62.5 66 73.4 64.6 48.1 39.7 43.2 33.4 34.8 36.3 44.8 42.2 44.1 42.5 42.5 44.3 47.8 58.5 65.4 69.9 75.3 83 92 91.3 95.3 99.9 100.6 110.1 116.1 117.3 118.6 117.7 114.7 110.4 107.5 105.5 102.1 100.7 100.4 102.3 99.9 100 96.2
18.1 25.2 27.8 27.2 29.1 28.8 22.4 17.7 17.8 17.3 16.5 15.2 12.9 12.9 12.9 12.9 12.9 13.3 15.7 16.4 17.1 17.3 17.5 17.6 17.8 18.3 18.6 18.3 18.4 19.9 24.8 30.9 32.4 27.5 25.1 41.4 49.6 44.3 49.1 56.2 66.9 70.2 68.3 67.2 72.1 81.1 73.3 61.2 46.6 43.6 48.8 42.1 55.1 56.1 61.4 62.4 63.2 57.1 56.7 58.6 65 69.3 76.9 82.7 86.1 93.3 98.8 102.4 107.1 120.2 121.2 121.5 121.7 121.5 119.5 116.9 112.8 109 106.9 106.2 105.6 104.9 106.1 104.9 104.3 102.3
20.5 23.6 25 26.2 24.4 19.8 17.7 17.5 17.3 16.6 15.8 15.3 13.5 12.9 12.9 12.9 12.9 12.9 14.2 16.6 16.9 17.1 17.3 17.4 17.8 18.9 18.2 18.2 18.6 19.5 24.2 29.8 30.6 27.7 30.3 44.9 47.2 49.2 51.7 62.4 71.8 76.6 75 70.6 81 84.3 80.2 68.8 62.8 57.6 52.1 51.7 61 72.1 82.5 97.6 89.4 74.1 65.7 72.5 76.7 80 85.7 89 90.7 98.7 104.8 112.8 122.9 125.7 125 125.6 124.5 124.1 122.3 117.1 115 111.7 109.1 108.3 108.8 108.9 107.3 105.4 103.3 103.4
19.4 18.1 17.5 17.7 17.4 16.3 16.5 16.4 16.1 15.6 15.7 15.8 14.6 12.9 12.9 12.9 12.9 12.9 15.7 16.1 16.5 17.3 17.5 17.5 18.2 18.8 18 17.2 19.2 19.6 24.6 28.6 27.6 28.3 33.7 42.8 47.8 50.9 52.8 65.3 78.7 78.2 79.7 84.2 89.5 86.9 80.7 71.5 73.5 63.7 71.4 69.6 77.9 93.4 107.9 114.4 105.8 88 79.5 89.7 96.5 97.1 100.9 97.4 102 103.6 117.9 123.6 125 126.6 126.8 126.9 126 125.5 123.1 120 117 115.8 111.1 110.3 111 110.5 105.4 103.9 103.3 104.4
13.8 13.8 14.2 14.5 16.3 16 16.4 16.6 16.4 15.9 15.2 15.4 15.9 14.6 13.8 12.9 12.9 13.2 16 16.2 16.7 17.7 17.7 17.8 18.5 18.1 17.3 18.7 18.6 20.4 23.8 26.6 25.6 27.4 40.9 47.2 56.9 58.6 59.4 69.9 77.8 83.2 88.8 88.6 97.2 97 93.4 91.6 85.4 76 95.9 99.9 105.2 99.3 103.4 117.8 104.6 97 93.9 95 100.5 105.1 106.9 109.3 122.1 126.9 132.1 129.7 128.8 127.6 127.3 129.3 126.4 125.4 123 120.5 118 115.3 112 112 108.6 106.2 111 106.9 107.6 108.7
12.3 12.4 13.4 14.4 15 15.6 16.8 17.5 17 16.5 16 15.9 16.8 16.2 15 14.9 15.2 15.5 16.7 16.7 16.8 17.6 17.8 18.1 17.7 17.3 18.3 19.6 20.9 22 24.4 26.6 25.4 26.9 42.4 58.9 69.4 70.2 72.1 76.6 82.7 87.6 89.5 95.8 102.3 101.8 100 105 98 95.9 107.9 116.5 119.5 118.8 107.8 109.8 110.1 108.9 108.7 108.6 123.8 126.8 116.3 127.7 136 139.6 137.9 135.4 132.9 130.5 126 125.8 125.5 124.1 123.3 120.3 117 113.8 111.3 108.8 107.9 116.1 112.4 112.3 112.5 110.3
10.4 12.8 14.5 15.3 15.8 16.2 17 17 17 17 16.6 16.7 16.8 16.7 16.6 16.5 16.5 16.4 16.7 17.3 17.5 17.4 17.8 17.7 17.5 17.4 18.4 20.4 22.6 23.8 27.1 29.8 25.3 28 54.7 69.9 79.4 81.5 82.4 89.6 89.4 99.8 110.5 108.1 116.5 117.4 116.9 108.9 103.9 107.8 122.8 132.3 134 135.9 137.5 119.1 116.2 119.2 128.4 125.5 131.6 138.2 139.7 137 140.6 142.3 140.6 138.9 136.4 132.4 130.3 126.2 122.3 123.1 120.8 116.9 114.5 109.1 109.4 108 114 116.3 113.1 110.5 114 114.1
9.4 10.3 12.7 14.6 15.5 16.1 16.3 16.2 16.2 16.4 16.7 16.8 16.7 16.5 16.3 16.2 16.6 15.4 13.6 16.3 17.5 17.2 17.7 17.6 17.4 18.2 19.1 20.7 22.7 25 27.9 30.1 25.4 39.5 66.2 81.4 88.3 100.9 99.1 98.2 95.7 110.3 120.9 122.5 135.7 131 124.4 114.8 108.8 115.2 138.6 144.3 144.8 147.3 148.8 141.3 124.9 131.9 131.1 131.1 140.1 144.1 145 144.4 143.9 141.7 140.6 139.5 139.1 136.9 131.5 128.6 124.1 121.9 119.4 116.4 112.3 111.3 115.2 115.9 116.1 116.8 115.4 112.2 113.6 114.8
10.2 9.4 10 11.7 13.8 14.5 14.8 14.4 16.4 16.8 16.4 17.2 16.7 16.6 16.7 16.9 17.6 14.3 14.7 16.6 18.6 17.3 17.6 17.7 17.5 19 19.4 20.8 22.7 24.4 26.6 27.1 29.1 56.1 77.7 92.5 96.7 103.1 106.5 103.5 118.3 128.8 137.3 145.3 157 150 131.8 130.7 135.8 141.7 149.9 151.5 157.1 156.8 156.3 149.7 142.2 133 132.1 139.2 145.1 146.5 147.3 145.8 143.6 141.5 140.3 138.9 139.4 136.3 130.8 126.2 123.9 121.2 118 117.9 112.6 120.2 117.8 118.5 118.3 120.6 119.6 114.2 117.4 119.4
11.4 10.1 8.6 9.8 11.4 10.7 11.2 12.5 14.3 15.6 16 16.3 16.5 17.1 18 13.9 14.3 17.5 16 17.9 18.2 18.1 17.3 17.7 18.2 17.5 18.7 20.2 22.9 26.5 30.4 34.4 44.6 69.6 91.7 103.8 103.1 112 121.8 133.5 145.4 152.9 147.9 160.5 164.9 157.6 143 149 146.8 148 159.6 161.8 169.3 166.6 160.1 149.5 150.7 134.2 142.7 147.9 150.4 150.5 148.6 146.8 144.4 143.5 139.7 137.4 137.2 136 130.2 126.7 124.8 119.9 117 121 124.6 120.4 118.1 120.9 120.9 120.2 116.3 122 123.8 126.1
14.1 11.8 9.5 8.4 9 9.7 10.4 10.9 11.2 11.2 11.5 12.3 13.4 15.2 16.3 14.5 16.4 14.5 18.6 18.2 18.5 18.4 17.4 17.3 18.8 18.1 19 20.3 24 27.6 29.7 40.7 62 81.9 95.1 101.5 112.7 129.4 152 158.3 160.5 159.5 163.7 167.3 169 161.3 156 161.9 163.4 171 175.5 179.7 171.1 171.1 164.7 154.2 145.9 143 149.5 154.3 156.5 155.7 151.9 148.7 145.7 143.3 141.6 135.6 134.6 130.9 127.4 125.6 126.8 128.6 128.3 126.1 123.8 121.6 119.3 120.8 121.2 123.4 122 126.2 126.9 130.5
12.9 14.1 13.5 10.4 9.4 9.3 9.9 10.4 10.9 10.3 10.4 11.4 11.9 12.4 12.5 17.1 16 14.4 19.6 18.5 18.5 18.7 17.5 18.3 18.6 18.8 19.5 20.2 23.8 27.2 28.5 44.9 70.2 88.2 96.9 106 125.5 149.1 165.4 171.6 171.7 163.1 171.7 172.6 170.8 170.9 166.7 169.9 173.9 202.9 216.2 192.1 176.6 170.8 166.8 168.3 154.2 153.8 140.9 160 162.6 158.2 153.3 149.5 146.2 143 141.7 134.5 131.3 127.8 125.2 126.9 130 130.4 129.5 123.4 122.6 122 122.7 123.7 124.4 126.5 128.3 131 133.4 131.4
11.9 13.4 13.9 14.1 10.7 10.3 9.9 10.3 10.1 10.1 10.3 10.1 10.9 11.1 11.4 12.1 12.2 18.1 18.5 19.1 18.8 16.8 18.7 18.9 19.1 19.3 19.3 19.8 23.8 26.6 28.9 44.8 71.5 85.8 98.6 115.6 134.5 162.3 180.3 181.3 178.3 173.2 172.9 175 175.6 175.4 170.8 180.8 195.1 220.6 214.9 197.7 183.4 178.2 174.4 172.1 164.8 163.3 157.6 153.8 163.8 159.5 154 149.4 146.1 142.4 140.1 133.8 131.1 127.8 127.4 129.3 130.6 130.6 127.4 121 121.8 123.4 124 124.9 126 128.3 131.7 136.1 135.5 134.7
11.6 12.5 12.2 13.3 13.1 10.6 10.3 10.1 10.1 10.2 10.5 10.6 10.3 10.2 10.6 11.1 11.5 12.7 15.9 17.7 14.8 17.9 18.7 18.4 19.1 19.5 19.1 20.2 25.1 27 29.5 56.5 82.6 97.5 106.5 130.3 147 175.5 185.2 187 181 181.9 175.1 177.2 177 179.8 173.7 204.2 221.3 222.8 215.4 200.9 190.6 181.8 181.4 176.9 172.3 167.7 158.8 149.8 163.9 161.1 154.8 149.9 146.9 143.4 139.3 135.3 131.3 127.4 130.1 130.2 132.1 129.3 127.4 125.5 124.1 125.7 126.2 126.3 129.3 133.9 134.9 138.1 137.9 136.1
11.4 11.4 11.3 11.8 12.9 13.6 12 11 10.2 10.4 10.7 11 11.3 11.1 10.1 10.5 10.9 11.4 12.1 14 15.8 16.7 18.1 18.9 20.2 18.8 18.2 21.5 26.2 28.6 36.8 66.3 91.6 106.3 122 138.2 160.9 181.8 189.6 190.3 183.7 181.6 179 178.8 179.1 182.2 186.2 212.3 229.4 229 215.8 196.1 195 189.6 181.2 176.6 175.3 172.1 161.6 153.6 164.4 162.7 154.9 152 149 142.8 139 134.5 128.5 135.6 138.9 138.2 134.3 132.8 131 129.2 128 129 130.3 132.5 134.2 137.8 141 140.6 138.9 139.1
10.7 10.9 11.2 11.5 11.4 12.7 13.7 12.2 10.3 10.5 10.8 11.6 11.7 11.8 11.9 11.5 11 10.8 11.1 11.7 14.1 14.9 17.8 19.5 18.1 17.4 17.8 23.4 29.1 31.1 47.4 71.3 95.1 114.9 135.9 147.5 173.3 188.5 199.1 190 186.4 183.5 181.6 180.7 181.7 180.9 185.4 221.2 230.1 226.3 209.6 199.9 195.1 188.6 184 178.3 178.4 173.9 166.6 158.5 164.3 162.4 158.3 153.2 148.9 143.1 137.3 134.1 129.2 137.7 141.3 140.2 138.1 135.9 134.8 133.2 132.3 132.8 135.6 140.3 138.7 142.9 143 141.2 144.2 145.7
9.9 10.5 10.7 11 11 11.3 12.2 13.5 12.6 11.9 11.8 11.7 11.7 11.8 11.9 11.7 11.2 11.2 11.2 11.1 12.3 13.8 16.6 17.7 16.9 19.4 20.5 21.9 26.4 34.6 57.6 78.6 107.7 127 141.6 156.6 179.1 187.4 198.4 191.3 198.2 188.9 185.7 182.7 183.1 180.9 190 220 216.9 212 214 201.7 193 188.6 180.7 174.3 172.3 175.2 168.2 165.5 164.7 164.6 160.2 154.9 149.7 144.1 138.2 134.2 133.3 141.4 144.7 143.8 142.5 140.3 138.9 138.5 136.6 136 140.8 143.7 145.5 145 146.9 147.4 150.2 148.8
9.4 9.4 10.3 10.4 10.8 11 11.2 12.5 13 12.1 11.9 11.9 11.8 11.8 11.9 11.7 11.3 11.3 11.1 11 11.3 11.9 13.9 15.4 15.1 15.5 16.3 21.4 27.9 42.2 62 90.6 116.4 138.4 158.1 170.8 195.6 198.8 202.3 199.7 197.1 193.5 191.5 185.6 184.6 181.1 189 203.5 207.6 209.5 205.4 201.9 192.7 188.8 184.4 182 174.5 169.5 174.8 169.3 165 165.4 161.8 156.6 151.8 145.7 140.1 135.6 139.5 145.2 147.8 146.7 144.6 144.3 143.1 141.9 141.7 141.8 141.9 145.1 146.4 147.2 147.7 149.1 150.5 149.9
8.5 8.9 9.8 10 10.1 10.1 10.5 11.7 12.8 13.8 12.1 12.1 12 12 12 11.7 10.8 10.3 10.5 10.6 11.3 11.8 12.9 14.2 15.2 15.7 17.6 24.3 33.9 45.1 71.6 105.6 134.4 158 167.9 194.7 206.1 215.1 210.5 205.4 200.9 197.8 192.2 188.6 185.5 181.6 189.8 198.1 203.9 207.3 213.7 217.5 211.3 198.2 192.3 186 179.8 179.8 178 171.6 167.4 165.8 162.8 158.2 154.9 148.9 143.1 140.9 145 150.1 152.7 151 147.3 148.3 146.9 146.2 146.9 147.2 147.9 148.8 148.6 149.6 151.6 151.9 153 151
8.1 8.3 8.5 8.8 9 9.2 9.7 10.6 11.6 13.1 13.4 12.8 12.2 12.2 12.2 12.2 11.2 10.2 10.9 11 11.7 12.1 12.5 13.4 20.2 23.3 18.9 25.5 39 60.9 95.3 139.3 163.3 174.4 184.4 205.2 212.2 214.3 210.5 208.3 202.4 198.1 195.3 191.6 182.7 182.1 191.5 199.8 207.8 212.8 219.4 223.8 221.6 208.2 193.7 184.1 181.4 182.1 188.8 190.6 182.5 170.5 164.9 161.5 159 156 151.4 149.6 151.5 155.2 156.6 156.5 155 152.9 151.3 150.3 151.8 152.5 152.9 152.2 152.2 154.1 154 154.2 153.8 151.8
7.6 7.9 8.2 8.6 9 9.3 9.3 9.7 10.4 11.8 13.3 13.3 12.4 12.3 12.2 11.7 11.6 10.6 10.8 11.5 12.1 12.5 12.9 15.8 32.6 28.8 19.9 34.6 57.4 92.4 130.4 164.8 183.8 192.6 196.8 199.9 208.8 220 211.7 212.3 204.1 199.8 197.9 191.7 181.9 186.1 195.2 202.9 213.6 216.1 220.2 227.3 226.3 210.9 192.8 185.2 185 194.3 196.5 193.8 193.5 186.1 169.5 163.4 162.5 160.2 157.8 155 157.3 159.4 160.6 159.9 158.9 156 155.7 154.9 156.1 156.9 157.6 156.7 159.5 157.2 157.2 157.4 156.5 155.3
7.1 7.6 8 8.4 8.9 9.2 9.3 9.3 9.6 10.7 11.9 13.5 12.1 12.1 12.1 11.3 11.2 10.9 10.6 11.2 12.5 12.8 13.2 24.3 32.1 28.6 32.1 55.4 85.8 123.6 159.2 189.3 196.9 205.4 203.1 209.8 207.1 210.2 209.6 210.9 202.9 198.5 195.9 193.5 182.3 193.4 200 207 220.3 221.3 224 227 226.7 215.2 195.3 188.1 190.6 200 205.4 204.2 203.9 191.2 173.9 165.4 165 164.7 162.2 160.5 161.6 162.8 163.9 162.8 161.2 159.1 161.6 162.4 160 160.5 161.4 160.7 163.5 163.1 158.8 158.5 158.6 157.5
6.6 7.1 7.6 8.1 8.6 8.8 8.9 8.9 9.1 10.1 11 12.2 13.6 12.6 12.2 11.1 11 10.9 11.3 10.9 12.8 13.4 17 32.9 34 38 58 88.1 121.3 156.8 185.6 205 209.7 210.1 210.9 212.6 210.1 208.5 202.9 199.6 201.3 197.2 194.6 186.8 182.7 196.1 202.2 216 225 225.3 226.3 227.6 226.9 220.6 202 189.7 196.2 202.5 207.1 209.7 204.3 193.8 184.1 165.7 166.6 166.5 165.4 163.7 165.3 166.3 167.6 167.9 165.2 163.9 164.3 164.9 163.6 163.2 163.1 165 167.2 163.6 160.5 159.2 158.4 152.2
6.1 6.5 7.1 7.6 7.8 8.1 8.3 8.4 8.6 9.7 10.6 11 13.2 13.2 11.7 12.8 12.3 11.7 11 11.9 13.2 13.6 37.5 39.4 44.2 65.1 89.8 126.8 155.7 179.4 200.1 206.5 212 212.9 214 213.8 209.4 200.4 193.7 189.3 187.6 187.1 183 186.5 185.5 199.3 204.2 218 225.7 225.7 225.6 224.9 228.6 228.6 203.3 199.6 199.8 202.8 208.2 207.8 202.9 197.5 183.7 166.2 169.4 168.8 168.9 169.3 170.1 171.7 173 173 170.8 169.8 167.5 165.2 164.8 165.3 165 166.2 167.4 164.7 162.8 158.8 154.2 149.1
4.7 5.6 6.4 6.9 7.4 7.6 7.7 7.8 8.4 9.4 10.1 10.5 11.9 13.9 13.1 12.6 12.1 11.5 10.8 11.5 13.1 21.8 42.7 48.1 71 100.5 127.3 158.7 178.9 199.3 206.4 211 214.1 214.3 214 213.8 215.5 202.9 200.6 195.4 189.7 182.7 182.7 182.7 185.3 202.3 206.9 215.5 221.4 222.6 224.9 222.5 224.4 221.1 204.9 203.7 201 203.6 208.2 205 203.7 189.3 178.6 167.3 170.4 173.2 173.7 177.6 178 177.3 174.9 176.6 174.5 171.5 168.6 166.2 167 166.8 166.3 166.1 164.6 164.9 162.7 157.8 152.5 149.7
3.9 4.7 5.8 6.2 6.6 7 7.1 7.3 8.3 9.2 9.8 9.5 10.9 13.4 13.5 12.4 11.5 11 10.9 12.2 13 32.3 47.5 65.8 99.1 125.2 152.3 175.3 195.1 210 216.8 216.3 216.8 216.1 215.9 215.5 212.2 209.1 207.7 193.4 183.7 185.7 185.8 183.1 188.4 201.6 207 213.5 218.1 223.6 222.4 219.5 211.1 205.1 204.2 202.6 202.3 216.2 208.3 200.8 193.6 184.2 179.7 167.4 172.2 179.6 180.2 184.1 185.9 183.4 178.3 178.3 176.2 172.8 171 168.9 168.1 167.9 167.2 165.1 163.2 162.9 163.7 159.2 152.7 150.9
2.6 3.3 4.4 5.7 5.9 6.2 6.6 7.2 8.1 9.1 9.8 9.5 9.3 11.8 13 12.4 11.4 11.3 11.5 12.3 22.8 45.9 55.6 91.8 126.2 150 171 189.4 209 221 224.3 223.1 224 221.2 216.6 214 210.5 208.7 192 188 190.4 191.5 184.6 185.1 189.9 200.9 207.3 214.1 226.8 235.3 234.2 227.2 212.8 204.6 203.5 202.4 211.9 218.8 208.3 193.9 187.8 177.9 171.6 170.1 175.7 181.6 185.4 188.7 190.3 188 183.1 181.2 178.1 173.5 171.4 168.7 168.5 168.6 166.9 166.3 165.3 166.8 164.2 161.5 153.3 151.4
3 4.7 3.9 3.9 4.6 5.8 6.2 6.7 7.4 8.1 8.8 12.5 10.3 11.8 12.7 12.6 11.9 12.7 11.7 12.5 35.7 49.2 70.6 108.6 141.2 167.2 187.6 205.1 220.4 229.1 232 230.1 229.1 225.3 216.7 211.7 209.6 195.1 195.5 199.2 195.5 191 186.4 185.9 190.5 201.2 208.7 213.7 217.3 220.1 223.4 218.8 210.9 208.6 204.5 202.7 206 209.5 201.1 200.1 201.5 194.6 183.6 181.3 182.2 185.6 188.5 190.1 191.6 190.3 185.7 182.6 178.3 173.8 170.7 168.8 168.4 169.9 168.8 169.5 166 166.7 163.8 158.2 153.9 149.7
2.6 3.9 4.8 3.9 3.9 5.6 6 6.3 7 7.7 8.4 8.9 10.8 11.4 12.8 17.5 19.3 20.7 13.5 19.3 40.2 55.7 82.1 119.5 155.5 185.1 205.6 217.5 227.5 233 236.7 232.5 229.7 223.9 213.7 205.6 196.8 203.3 205.2 202.2 198.4 198 199.3 189.7 188.3 202.4 212 216.6 220 223.1 220.9 217.6 212.6 211.8 209.4 203.6 205.7 210 213.9 220.4 217.2 199.4 195.2 188.2 183.5 187.9 190.7 191.1 191.8 191.7 188.1 183.5 178 174.3 170.7 168.2 167.1 166.4 166.5 166.9 164.5 163.1 160.6 153.3 150.3 147.5
4.9 3.5 4.1 3.9 4.7 5.6 5.8 6.2 6.6 7.3 8 8.9 10 25.5 24.5 21.7 21.1 20.2 16.6 22.5 39.5 60.4 89.2 131 173.2 203 214.5 224 229.8 232.1 232.8 233.6 229.1 219.5 204.5 199.6 210.6 210.2 208.1 206 202.4 210.3 204.8 190.5 196.6 205.3 215.7 216.2 216.2 216.8 217.8 217.1 212.8 210.1 206.6 203.2 205.4 215.9 219.3 218.5 213.5 203.2 202.3 200.1 185.9 191.4 192.2 191 192.7 192.8 186.8 183.1 175.8 169.2 165.5 164.1 161.9 160.3 158.8 158.8 159 157.7 152.9 143.4 144.3 142.1
1.6 4.6 3.9 3.7 4.5 5.5 6.1 6.2 6.4 7 8.7 9.3 20.3 25.9 25.9 19.9 18.1 18.9 22 26.9 42.5 65.9 102.1 149.5 187 206.2 213.3 220.6 228 228.7 228.7 227.3 224.7 213.9 206 219 216.1 211.4 210 207.9 207.6 209 203.1 192.3 209.8 215.9 217.7 216.9 216.3 214.6 215.8 214.4 211.3 209.2 207.5 205.6 211.6 218 219.4 217.5 212.9 208.5 208.3 205.7 187.9 191 188.6 189 194.6 192 186.9 181.7 172 163.5 159.5 157.9 156.2 158.1 160.5 155.8 150.7 148.2 132.2 128.2 127.3 125.4
0.4 1.8 3.7 3.5 4.3 5.3 6.1 6.5 7.4 7.5 10.6 11.5 14.9 19.6 19.3 18 18 21.1 22.6 31.8 47.2 74.7 111.9 162.6 196.2 207 220.7 225.4 227.4 225.2 222.8 220 217 209 216.4 223.4 218.9 214.2 210.5 210.7 220.1 210.1 200.2 194.9 211.8 214.2 218.5 217.7 216.6 214.6 213.4 212.6 211.5 211.3 212.7 214.3 218.6 221.1 219.8 217.4 212.2 211.1 209.6 207.8 187.6 188.3 186.8 187.9 189.7 188.2 185.7 174.4 167 157.1 152.3 150.3 148.2 151.2 151.2 150.1 141.6 130.9 130 127.7 126.7 129.1
-1.3 0.6 2.2 3.4 4 4.6 6.3 8.3 10.8 10.2 12 12.3 12.6 15.7 17.1 17.3 19.1 21.9 26.5 39.7 59 97.5 128.1 171.7 194 203.4 211.6 214.1 218.3 220.1 217 215.9 214.1 212.1 219.5 219.3 216.2 213.4 209.9 206.9 206.2 205.2 197.6 203.6 212.3 218.4 220.7 218 217.9 214.9 213.4 217.6 225.2 225.6 230.9 233.7 226.2 223.1 221.9 217.5 210.1 207.3 209.5 202.2 184.9 183 185.8 184.2 184 182.4 178.5 170.7 158 150 144.6 142.4 140.3 136.9 134.7 129.4 128.4 131.4 129.6 128.5 131.5 125.2
-1.3 -1.3 0.8 3.1 5.3 5.6 11.2 12 19.7 10.9 11.7 12.1 12.5 13.6 15.4 18.3 25.6 28.5 43.7 62.8 93.7 128.3 169.2 194.5 209.4 216.8 213.3 212.2 213.8 216.2 216.3 215.4 214.6 213.6 214.6 212.4 211.6 209.2 207.8 206 207.6 205.4 198.7 211.9 220.9 227.2 231.8 226.3 222.3 223 228.9 239.7 257.8 253 252.8 248 230.7 225.2 223.8 216.3 206.3 199 197 189.5 180.1 181 181.4 180.4 172.5 171.2 161.7 155.5 150.4 144.8 140.1 136.2 132.8 131 126.7 123 126.7 124.5 127.6 131.2 130.5 123.4
-1.3 -1.3 -1.3 2.1 10 12.7 14.4 34.5 14.4 10.7 11.9 12.4 12.7 13.2 15.1 23.5 33.7 48.4 66.2 94.1 124.9 162.3 195.2 210.4 226.7 221.4 215.6 219.7 216.4 217.7 217.7 215.9 215.5 214.1 212.1 209.3 203.8 203.4 207.4 203.5 205 202.3 201.8 215.9 229.7 234.8 236.9 231.4 232.2 234.7 240.6 254.2 265.6 259.3 263 254.4 233.3 226.5 224.7 214 200.2 193.3 188.2 179.7 171.7 181.3 177.8 173.9 163.9 157.5 152.8 153.9 151.5 147.5 143.8 140.6 137.3 133.4 124.3 121.7 116.4 113.1 124.2 124.9 121.5 114.6
-1.3 -1.3 -1.3 1.5 11 13.9 33 19.7 11.1 11.6 11.8 12.6 12.9 12.6 17.1 42.5 52.8 68.3 89.8 130.7 169.3 188.4 205 226.7 227.3 224 219.7 216.6 217 218.8 217.7 216 215.5 218.2 217.8 207.4 203.6 202.3 200.7 200.7 200.6 200.7 213 225.1 238.5 241.2 242.1 241.4 243 247 256 265.3 265.5 261.3 264.6 259 235.5 225.9 221.6 213.2 191.7 188.3 182 175.3 169.4 173.8 174.3 169.1 152.5 151.3 153.1 153.6 151.3 149.3 149.5 145.9 137.5 127.5 122.8 117.2 104.1 113.8 116.8 111.4 110.7 119.4
-1.3 -1.3 -1.3 2.6 13.4 40.3 34.6 11.6 10.6 11.2 11.7 12.5 12.1 15.2 40.2 58.5 72.2 88.2 117.6 162.2 199.8 209.9 223.8 233.6 234.1 230 222.2 219.6 215.5 217.7 218.5 216.2 215 215.2 212.9 208 204.4 201.7 200.3 200.7 200.3 213.9 224.7 237.8 245 248 250.8 254.5 257.8 263.4 275.9 262.9 263.8 264.1 254.3 241.9 228.1 223 217.5 201.7 187.4 184.1 181.5 178.2 174.2 164.4 167.6 155.1 147.9 149.9 150.4 151.2 147.6 143.9 144.6 139.9 126.9 118.6 111.3 100.1 100.2 109.4 103.3 105.6 102.5 112.1
-1.3 -1.3 -1.3 -1.3 30.8 32.8 15.4 11.3 10.8 11.2 11.8 12.4 13.5 37 62.2 74.8 87.6 103.8 143.2 178.1 205.8 216.5 227.1 230.1 232.3 227.7 222.2 212.1 213.3 218.4 219.7 216.7 215.6 214.8 210.8 206.2 204.6 202.6 210.1 222.2 225.7 229.1 237.7 248.4 253.6 259.9 263.1 269.3 274.4 284.8 287.6 265.6 260.7 254.3 251.9 245.9 226.8 216.3 213.3 198 193.5 182.2 178.9 174.5 170.2 156.8 155.8 153.8 139.4 142.5 142 139.5 136.8 135.3 128.2 122.2 112.3 103.1 94.3 94 100.5 105.4 97.9 104.1 107.9 114.1
