webserver/python/data/NN11.asc
ncols 200
nrows 200
xllcorner 210000
yllcorner 710000
cellsize 50
[rows 35 to 69 of 200, columns 0 to 78 of 200]
191.1 192.2 191.4 195.2 207.5 218.4 222.7 224.8 232.3 242.4 259.7 271.2 283.8 297.4 313.2 323.6 313 310.2 311 321.9 330.4 331.2 330.7 347.8 353.7 356.5 359.6 360.5 369 377.4 383 393.1 398.4 397.2 405 409.9 406.6 407.6 414.7 417.7 428.4 434.1 430.4 434.5 444.3 450 452.9 457.5 453.3 459.4 462 468.2 473.6 482.4 499 507.4 510.5 509.7 521.6 531.6 537.4 542.1 541.7 539.1 532 524.8 526.3 522.1 516.6 519 529.3 535.4 526.1 513.2 491.7 493.7 497.5 500.6 497.5
189.6 189 191.9 197.7 214.8 223.3 226.5 232.1 236.8 250.8 266 273.4 286.5 299.5 315.1 313.9 312.9 305.5 310.2 318.4 324.8 328.4 336.2 347.2 353.1 352.5 360.3 360.8 364 381.1 389.3 389.6 389.7 401.8 403.6 398.6 405.6 412.7 415.1 420.5 423.7 420.2 432.2 439.5 446.4 453.2 455.4 452.1 454.6 459.7 462.5 468.1 474.6 481.1 498 504.7 505.3 514.2 521 532.6 541 545 548.2 538.9 533.3 531.2 521.3 520.5 522.8 533.7 530.2 527.2 504.4 488.1 488.1 493.2 493.1 492.4 488.9
191.2 189.8 192.4 202.7 213.1 225.3 232 238.5 243.2 260.5 268.2 279.7 283.1 302.5 309.1 307.7 306.9 302.9 305.3 312.6 316.1 321.7 335.8 340.4 346.2 349.2 356.7 358.8 364 373.1 385 382.6 383.9 394.2 395.2 402.8 407.5 409 414.3 415.9 411.5 418.7 431.5 442.7 440.3 446.6 442.9 444.8 450.1 460.7 467.1 474.3 479.4 488.3 501 504.7 506.6 513.9 521.8 528.5 540.4 542.8 546.2 545.6 534 525.7 515.1 518.9 534.2 536.2 513.1 499.2 483.7 484.8 483.8 482.7 482.6 486.4 484.8
194.5 199.2 196.5 209 223.9 234.8 236.4 240.6 251 262.8 274.2 285.5 288.3 299.1 301.4 301.4 302.3 309.7 305.8 312.4 314.3 320.8 328.4 333.5 345.4 351.1 362.1 363 359.1 370.4 373.6 374 383.6 390.8 394.8 400.7 402.9 405.4 403.4 399.4 398.3 409.6 425.4 426.2 434.7 439.8 443.6 450.5 459.5 471.6 476.3 479.9 489.5 499.4 510.2 508.8 514.3 515.8 521.8 527.5 535 541 546.9 544.6 523.6 517.1 511.8 512.8 523.9 495 485 477.7 479.2 480.1 474.8 470.7 478.6 481.9 486.3
193.9 210.6 213 221 239.3 245.3 241.7 248 262.2 269.8 276.8 284.8 292.8 301 303.7 304 304.8 311 307.9 310.8 316.5 316.7 324.5 339.7 352.7 362.6 362 365.2 359.1 363.4 360.8 377.8 381.2 389 392.4 397 398.9 392.1 389.2 397.1 409.1 414 421.5 434.6 434.6 438.2 445.7 457.4 468.3 476.6 483.6 495.7 511.5 511.1 504.4 507.9 517.7 531.6 523.7 530.4 536.3 546.5 540 523 517.8 511 502.1 496.4 482.4 472.6 469.8 472.2 473.3 471.6 469.7 469 476.1 482.6 478
202.2 216.9 225 233.4 241.5 244.7 246.5 253.5 263.9 275.2 277.5 281.5 293.2 298.9 304.8 306.1 308.7 305.4 308.2 306.5 313.2 317.7 330.5 340.7 351.5 353.2 352.2 357.9 352.4 354.1 362.9 369.1 380.6 382.5 384.8 389.2 385.9 387.1 395.7 403.6 414 421.1 426.9 428.9 431.7 435.8 442 457.7 470.1 477.9 495.7 505.6 503.6 498.3 501.8 512.5 529.4 528.2 518.6 524.9 538.7 526.7 514.7 515.7 502.4 493.9 478.2 468.5 465.6 465.4 465 464.4 465.8 466.2 471.3 468.5 465.9 469.1 478.9
207.8 224.4 235.2 239.8 240.3 241.2 247.9 258.7 268.8 272.5 275.9 281.4 294.5 301.3 307.9 303.8 309.3 304.4 304.7 308.4 311.6 327.5 332.2 332.4 340.7 350.1 355 345.1 358.8 363.6 365.7 369.1 375 376.7 380 377.5 384.6 393.1 398.4 408.4 414 415.9 420.3 424 426.6 434.9 443.4 457.9 470.2 483.4 492.3 496.3 497.4 497.5 499.2 510.7 517.8 520.9 510.3 514.9 516.5 509.4 505.1 503.7 485.9 475.6 459.1 463 468.2 465 457.9 463.1 462.8 461.3 464.8 457.7 469.6 479.2 483
207.4 222.7 234.1 238.2 235.2 244 249.7 259.7 270.7 275.9 280.7 287.3 295.3 303.9 299.7 295.3 301.3 299.5 298.5 303.3 313 320.8 324.9 331 334.7 337.5 342 358.2 358.1 366.6 368.6 369.9 372.7 372.5 370.6 375.7 388.4 392.8 396.5 401.5 407 411.4 417.4 424.3 430.3 437 449.8 460 465.7 476 487.4 493.8 496.3 498.1 496 506.9 511.5 511.9 501.1 503.3 502.1 496 494.8 473.9 467.1 458.6 455 459.1 459.5 456.8 452 450.2 452.4 454.4 454.8 458 464.3 472.7 481
208.4 226.3 229.6 231.7 239.4 249.4 257.9 268.1 274 274 276.7 286.9 291.3 291.3 293.7 296.7 296.7 299.5 303.7 306.4 311.7 314 318.8 337 330.2 335.3 342.5 352 362.7 367 371.5 372 373.5 368.7 368.1 371.9 380.6 383.3 384.8 391.9 401.4 407.4 416.9 426 429.8 442.3 451.7 457.6 462.3 476.9 482.1 485.3 492.2 500.7 502.6 496.8 500.5 497.5 486.6 492.7 485.4 484.8 467.9 453.5 452.9 449.7 450.3 458.5 454.7 447.6 442.8 452.7 455.8 456.3 465.5 467.1 460.2 463.6 463.7
220.7 224.4 229.9 237.2 246.7 253.2 263.6 270.6 273.9 279.2 279.6 282.2 282.9 294.4 302.1 300.9 300.3 306.9 304.5 307.3 316.2 311.5 324.2 327.1 329.3 328.1 335 351.4 359.7 365.2 366.9 367.4 371.5 366.3 360.4 367.4 368.8 373.2 382.9 394.5 405.6 412.1 418.7 422.6 430.6 443.1 450.2 460.2 468.8 474.7 471.5 478.3 489.1 494.9 495.3 490.3 488 488.9 471.9 465.2 469.8 459.9 448.4 446.2 449.1 445.5 446.7 452.2 441.5 439.1 442 452.2 451.1 456.3 461.7 461.9 456.8 452.3 453.5
227.7 232.2 235.5 240.5 248.9 255.1 265 270.2 274.2 276.8 285.4 287.7 287.6 292.4 296 302.3 308.3 312.5 302.5 303.5 305.9 308.9 319.5 328.2 328.3 331.3 340 347.1 354.1 362.6 362.3 356.9 348.8 351.2 353.2 353.9 364 379.2 388 394.6 406.7 412.6 417.4 424.8 438.1 440.1 452.4 456.5 461 466.5 471.3 477.9 483.7 488.3 490.4 486.5 475.6 471.3 458.6 456.9 457.5 446.9 442 443.4 440.2 439.3 442.2 435.5 437.6 442.1 444.4 445.8 441.9 449.8 460.6 462.8 455 448.8 450.2
222.3 227.3 235 244.1 253.8 264.1 267.5 272.4 275 277.1 284.6 287.7 282.9 286.2 291.2 299.5 315 315 302.5 306.3 307.3 310.4 317.6 325.9 330.5 334.8 333.7 335.3 348.2 346.1 344.9 348.9 338.7 338.8 343 351.6 370.4 388 393.4 401.7 407.4 413.4 416.7 427.8 431.9 437.6 446 456.1 460.6 464.6 467.2 472.2 476.9 484.1 483.2 480 464.9 455.6 449.6 448.5 440.6 436 439 434.4 433.9 435.3 436.2 438.5 445.3 442.7 443 439.9 433.9 439.4 455.5 456 448.2 439.3 440.4
227.8 236.5 242.6 251.4 260.1 263.1 264.3 273 272.5 274.5 279.5 276.8 279.9 281.7 285.4 293.6 303.8 297.1 300.3 305.8 304.6 307.3 317.1 331.2 334.9 331.3 328 325.9 329.5 331.8 325.4 328 326 342.3 348.9 358 372.2 387.2 398.4 404.4 408.5 411 416.9 425.3 428.7 437.1 447.6 455.6 458.8 457.3 461.4 462.9 464.5 470.2 472.4 466.6 459.3 454.5 444.8 432.9 430.3 428.4 428 429.7 431.5 434.5 431.8 443.6 443.5 439.8 436.6 430.9 427.7 429.8 438.4 436.7 438.7 432.5 433.9
235.4 241.7 248.1 253.4 255.2 255.6 259.5 264.6 266.2 268 267.8 281.6 282.4 280.8 280.4 285.5 288.5 297.1 298 303.5 312.6 314.1 319.1 325.2 330.4 328.6 327.5 321.5 315.1 318.8 317.3 325.6 341.3 351 356.5 364.6 382.5 393.8 400.5 406 404.9 405.6 411.8 424.5 429.5 437.7 443.3 447.9 449.8 451.6 450.1 452 456.4 458.4 458.9 463 452.3 439.4 427.6 431.3 429 426.2 428.7 429 432.7 431.5 434 437.5 438.2 433.5 429.8 427.5 426.7 426.3 427.5 426.6 429.4 430.9 432.5
235.9 243.3 244.8 245 249.7 253.2 256.9 263.4 263.4 268.1 277.2 281.9 286.2 284.2 278.3 282.2 288.9 299.8 304.4 317.7 319.2 316.4 311.3 314.9 322.6 322.5 320.6 315.7 313.3 314.6 325.1 341.4 350.9 358.2 366.8 377.2 385.7 391.6 397.4 399.8 393 401.8 413 422.4 426.8 426.8 433.1 436.6 438.7 442.1 444.2 448.9 449 449.4 450 451.3 443.5 429.3 423.9 424.2 426.6 425 427.6 428.8 426.8 432.7 433.6 432.6 433.9 433.4 431.6 422.9 424.7 424.8 424.5 424.7 426.5 429.3 429.3
233.3 235.5 236.9 245 252.4 253.4 257.4 260.2 266 276.4 282.4 283 282.3 285.4 276 280.3 289.3 300.3 308.1 313.3 316.4 310.5 306 310.3 314 316 317.1 313.5 315.9 317.7 327.7 339.2 358.3 365.8 371.7 376.8 384.7 388.7 392.9 386.6 398.1 403.3 411.3 415.7 413.8 419.9 427.2 430.9 432.8 439.9 442 440 439.4 438.4 441.2 442.5 431 420.5 420.5 424 422.6 421.4 423.8 423.4 423.6 428.1 430.4 436.3 435.9 430 424.3 421.3 421.3 421.7 423.3 426.8 432.1 432.3 431.6
224.4 229.1 237.7 242.3 250.8 253.2 256.1 262.5 267 274.9 274.5 274.9 274.9 275.1 277 281.8 292.3 301.2 307.2 311.9 311.9 306.8 302.2 302.9 307.2 312.2 313.5 314.5 320.8 326.5 331.8 343.1 347.6 362.4 370.3 373.7 380.8 385.6 382 383.1 395.2 403.1 403.8 407.1 412.2 419.5 424.9 430.9 437.7 432.2 428.7 431.5 434.2 431.1 429 427.8 427.2 417.5 422.8 426.4 419.9 421.1 422.1 427.4 422.5 424.2 427.1 427.7 427.3 422.3 418.1 419.3 421.7 423.9 430.3 434.2 430.5 428.2 428.4
224.9 230.9 234.1 241.4 250 256 258.6 260.1 266.5 271.8 271.2 268.1 273.7 278.4 279.2 283.3 293.6 303 305.2 306.9 304.9 300.6 301.1 300 301.2 305.1 306.3 318.1 324.1 335.4 336.6 335.8 340.7 356.1 363.3 367.9 373.3 374.4 379.6 391.1 397.6 399.8 404.2 414.4 414.7 419 420.6 423.8 423.1 425.4 423.4 419.1 417.3 417.4 418.4 420.8 411.2 411.9 417.9 419.7 417.3 417.2 424.5 425.8 415.9 417.3 423 419.9 415.5 413.7 417.7 419.2 422.9 425.3 430.2 429.1 430.9 431.2 422.6
226.8 232.8 240.5 244.7 247.4 251.9 255.1 258.1 262.1 265.4 265.6 270.8 279 282.3 281.5 285.1 290.6 297.6 300.7 301.9 297.5 296.9 298.4 297.9 301.1 308.2 313 320.3 325.9 332.3 338 340.4 341.9 344.1 356 362.7 370.3 378 387.4 390.3 394.2 401.9 406.2 410.8 409.4 408.1 411.5 414.7 413.3 414.3 415.6 410.4 409.6 410.2 411 408.1 405.3 409.5 412.3 410.6 414.5 416.5 420 415.1 405.7 413.4 411.5 408.1 406.3 411.2 414.2 415.5 417.9 421.9 428.9 428.1 425.4 415.9 404.4
228.3 236.7 242.9 246.7 247.7 249.7 253.6 257 263.3 259.1 267 270.9 277.9 285.5 284.6 285.3 291.3 295.8 295.3 297.4 299.9 299.7 301.9 302.7 306.7 315.5 323.5 328 331.7 336.4 344.6 347.7 346.2 347.8 349.9 362.7 373.5 380.5 387.8 389.5 399.3 403.9 401.7 401.4 400.1 404.3 407.5 413 404.2 405.4 403.6 402 404.1 402.4 398 402 404.2 407.3 408.4 412.7 418.2 415.7 410.6 407.4 402.5 404.3 400.8 401.9 402.5 404.2 407.4 409.8 419.3 425.2 420.6 413.5 410.5 407.5 401
234 242.2 245.1 251.3 253.9 249.1 251.7 257.2 256.1 267.6 265.4 275.7 282.5 286.1 287.5 290.3 293.1 295.7 301.8 305.8 309.2 312.4 316.6 313.1 313.1 323.2 331.7 339 345.2 347 348.7 350.1 351.3 352.7 352.8 367.9 371.5 375.8 380.9 384.3 388.5 388.8 393.7 393.5 400.1 400.9 400.3 402.7 400.4 405.1 399.8 393.6 392 392.2 397.5 398.1 397.8 398.1 404.1 409.5 411.2 409.7 405.6 401.9 394.7 393.6 400.5 406.1 402.2 399.3 404.3 412.2 413.1 410.1 407.2 405.2 407.7 405.8 402.1
237.3 242.8 247.3 250.1 247.5 247.7 253 263.3 262.6 260.3 274 283.5 290.1 294.4 293.7 293.2 296.3 299.9 305.9 314 318 320.2 321.8 320.2 318 325.5 333.6 342 349.8 353.3 354.7 356.4 357.5 358.4 360.2 358.9 364.8 369.4 372.8 375.6 379.8 381.7 388.2 390.6 392.2 393 395.2 398.4 396.3 393.8 381.6 380.1 385.6 397.1 391.7 392.5 400.2 403.5 403.8 406.6 404.2 403.7 397.4 387.7 387.6 393 401.4 401.3 395.6 398 400.5 398.8 396.7 397.2 392.1 392 393.8 391.9 384.4
241.6 245.7 244.4 238.4 240.4 252.8 260.9 256.8 259.8 271.8 282.9 288.7 294.4 297.8 296.4 294 297.6 306.9 315.9 319.1 321.6 322.8 327.4 329.6 328 330 337.5 346 354.4 358.4 360.8 362.4 363.8 363.8 365.3 367.3 366.2 367.6 369.4 373.7 373.3 374.6 374.9 385 389.2 387.9 391.4 394.4 383.1 381.1 376.8 380.1 387.6 391.1 390.3 394.4 397.3 397.6 397.7 398.7 393.4 392.8 388.5 381.7 386 387.8 390.4 387.8 385.1 387.6 386.8 384.8 385.6 376.7 372.1 370.6 374 370 362.7
239.4 235.3 232.7 236.8 246 251.3 252.7 258.5 270.7 279.3 288.7 294.8 299.2 299.7 296.9 296.9 305.7 313.3 317.5 321 323.2 326.3 330.8 333.8 333.9 337.2 341.3 350 359.5 364.1 367.2 370.4 371 370.7 371.4 372.4 368.2 364.5 364.5 364.5 366.8 368 380 387.6 384.4 383.1 380.4 377.3 377.1 375.7 376.8 383.1 386.2 385.1 388.4 391.8 392.7 395 393.6 385.8 382.6 384.1 383.3 384.2 384.4 384 382.8 379.8 383.1 382.9 379.5 372 368.7 356.8 353.2 352.9 349.1 344.2 336.4
222.4 224.5 233.9 243.9 255.7 250.9 257.4 267.2 273.6 282.2 293.2 298.7 305.5 301.1 296.5 296.2 300.9 308.1 313.3 320.8 323.9 327.7 335.5 340.4 343.2 346.1 348.6 353.8 363.8 370.5 374.7 377.7 379.2 375 374 373.1 369.2 366.1 364.5 364.5 364.5 370.2 376.6 381 382.4 376.8 376.6 373.1 370.4 376.1 379.3 383.4 380.6 387.3 387 387.6 386.9 385.2 380 376.5 376.7 377.6 373.9 376.6 372.4 373.1 374.3 376.3 378.7 372.1 368 365.8 359.3 352.4 347.2 344.8 342.1 334.2 329
222.3 231.7 240.1 248.1 246.5 254.1 266.3 274.6 278.9 284.3 293.6 300.1 303.4 299.4 295.1 294.7 298.3 302.9 311 316.7 324.5 339 345.4 348.9 351.4 354.7 356.1 360.9 368.4 375 381.4 380.9 381.5 376.2 373.9 373.7 373.3 370.6 364.5 364.5 364.5 366.8 368.7 371.9 371.8 375.6 373.3 369.3 369.7 373.2 377.3 376.7 382.6 390.3 388.4 386.2 385.7 380.7 376.8 375.8 367.6 370.9 365.8 372.3 370.9 358 359.5 363 367.3 363.6 359.9 358.7 350.3 347.9 343.6 340.6 334.8 323.4 320.5
230.6 236 242 239.8 246.4 261 269.6 278.2 283.5 287 292.5 298.2 295.4 293.9 293.3 293.8 296 305.7 316 328 329.4 345.9 352.2 356.1 357.1 362 365.2 367.3 373.7 379.1 383.2 381.4 379.3 375.4 374.5 374.8 376.7 372.7 365.9 364.5 364.5 364.8 365.8 366 366.9 370.8 368.9 368.3 370.2 371.8 376 379.5 382.5 384.6 385.7 390.2 389.5 382.3 379.6 377.2 367.8 359.3 366 365.7 357.4 350.7 349.7 347.5 350.9 349.2 343.2 343.1 337.9 339.5 333.3 324.5 314.5 314.5 316
228 233.9 234.5 242.6 255.6 265.3 272.2 280.9 285.3 288.1 291.4 289.5 300.3 299.7 295.1 296.3 313.5 323.3 332.3 340.2 344.3 354 359.8 360.6 363.9 370.2 374.7 373.7 376.8 382.2 382.8 382.5 378.4 377.8 376.6 377.5 379.1 375.8 370.8 366.2 364.5 364.5 365.8 368.2 366.5 367.2 367.5 370.6 373 376 379.5 381.5 383.4 383.8 383.1 383.2 379.7 373.7 375.4 376.4 366.3 354.6 357.7 352.6 350.7 347.9 344.1 343.1 344 341.1 338 333.4 329.4 330.1 323.3 308.7 302.2 306.4 302.3
225.9 225.8 235.4 251.7 258.5 264.8 271.3 278.4 281.8 282.4 287 293.4 288.1 290.5 292.6 300.9 315.9 331.7 343.4 349 355 362.2 366.6 367.3 369.9 378.8 379.4 377.9 379 383.9 381.9 381.3 377.2 380.9 379.1 380.3 383.5 380.2 377 373.8 368.4 365.5 366.9 371.1 370.1 366.5 369 374.7 378.7 381.7 384.7 384.3 382.9 382.3 380.5 374 370 369.5 370.3 368 356.1 347.5 348.3 344.8 344.2 341.7 337.5 338.6 339.7 339.1 335.1 316 315.3 316.1 306.1 295.2 286.9 292.9 294.8
222.3 226.7 240.3 253.1 257.2 262.4 265.5 273.9 277.3 279.7 280.6 282.5 289.6 296.1 299.1 308.1 325.8 341.9 355.2 356.6 364.2 372.8 373.8 377.4 377.2 382.3 383.4 381.1 380.8 381.8 384 381.7 378.6 381.2 382.6 383.6 387.3 386.6 382.8 379.8 376 372.5 370.7 371.8 372.8 374.4 374.9 380.4 384.9 388 384.4 382.8 383.7 380.6 375.2 379.8 375.9 365.5 364.6 362.5 351 337.2 338.8 334.4 337.1 331.5 329.5 333.5 333 334.2 325.2 309.7 299.6 290.1 286.2 284.3 281.3 288.9 288.3
221.1 234.5 243.5 248.6 255.2 261.7 272.6 280.7 279 278 284.9 293.7 299.1 304.9 309.6 317.5 341.1 357.5 361.8 362.7 369 374.7 378.3 380.1 380.3 383.8 385.9 384.7 384.1 382.9 381.2 379.4 379.8 384.9 385.4 388.4 390.9 389.4 387.8 387.1 385.4 380.7 377.8 379.4 381.3 382.4 386.5 385.8 387.5 384 382.6 381.7 378.7 376.3 384.2 380.2 375.7 367.6 360.7 353.1 344.1 339.2 331.8 328.7 328.1 326.4 334.2 338.4 321.3 317.5 310.5 302.1 293.1 274.6 272.7 267.2 272.1 283.5 276
225.1 233.9 241.5 251.2 262.3 269.8 276.3 276.4 278.5 287.1 295.4 302.9 309 312.9 318.7 329.5 348.8 358.3 362.5 363.9 369.2 372.2 374.6 379 383.4 387.3 388.1 388.5 387.1 384 383.5 382.2 381.2 384 388.1 391.2 394.1 395.7 394.7 394.5 396.5 390.2 385.8 385.8 389.6 391.9 391.4 390.5 387.8 387.7 384.3 381.8 378.1 379.3 378.8 379.1 373.3 368.9 362.9 355.4 342.3 338.1 331.2 332.5 327.4 323.1 326.9 316.1 310.4 304.3 298.2 290.2 277.1 265.2 256 255.8 264.5 263.5 256.7
229.6 236.8 248.7 256.6 269 276.6 271.9 278.1 287.7 292.2 300.8 311.4 317.2 319.8 327.1 341.3 351.3 357.9 362 366 372.1 377.8 381.8 383.5 386.7 392.4 394.7 390.4 389.4 386.2 385.9 386.5 381 383.3 387.5 392.2 395.9 398.5 402 404 404 398.7 396.3 394.2 396.5 395.9 394.1 390.4 392.4 387.6 382.3 380.9 379.8 385.6 383.4 377.2 372.6 366.6 356.9 346.6 338.6 337.2 336.3 333.9 328.1 310.2 306 301.1 296.8 294.3 285.9 273.7 263.8 253.9 243.9 244.5 246.5 247.6 243
233.5 237.8 248.9 260.7 266.6 272.3 279.5 287.4 294.6 298.4 309.3 317.9 322.3 324.6 334.4 342.8 352.6 359.2 361 365.8 374.6 380.5 384.5 384.4 386.9 390.6 392.5 393.5 394.9 392.8 390.8 388.7 384.2 394.4 399.5 396.2 399.7 403.6 407.1 408.2 407.9 406.2 401.5 400.6 400.1 399.7 396.1 392.2 388.9 387.2 386 384.1 387.6 388.7 380.7 379.4 372.5 360.3 350.5 348.4 342 344.1 337 334.7 321.4 315.8 310.3 303.2 286.4 278.2 270.3 263.1 257.2 245.9 244.2 238.5 232 235.5 232.6
233.7 242.4 249.1 259.2 270 278.6 285.9 297.5 303 307.8 314.4 321.3 328.4 328.8 338.4 346.6 351.3 354.2 359.7 366.8 378.7 380.3 384.6 386.8 390.4 396.2 395.9 399 400.7 401.6 399.8 396.1 394.1 402.6 402.2 404.4 402.4 409.2 414.3 417.2 413.1 411.3 406.4 404.4 402.3 402.5 397.1 392.6 389.6 387.6 386.6 388.7 385.3 383.2 381.7 376.4 364.1 355.5 354.8 348.6 347.5 343.8 336.2 328.6 324.6 317.4 310 303.1 290.3 274.4 261.2 259 246.7 242.4 241.5 238 224 222.6 220.3
