webserver/python/data/NN13.asc
ncols 200
nrows 200
xllcorner 210000
yllcorner 730000
cellsize 50
[rows 70 to 104 of 200, columns 0 to 77 of 200]
35.7 33.5 31.2 30.4 28.5 25.4 24.7 24.3 25.9 26.9 28.3 27.8 28 26.4 25.7 25.5 26.5 28 28.9 28.9 28.9 29.4 29.7 31.9 37.6 38.6 31.9 34.9 35.5 42.1 57 62.4 76.1 88.1 110.9 123.3 131.3 146.1 150.8 152.3 155.9 166.1 179.3 189.3 200 215.5 227.8 227.3 234.6 230 229.9 240.9 255.7 253.6 260.9 264.3 277 287.2 282 295.7 295.5 298 306.2 302.1 313.1 329.6 332.1 328.2 316.9 301.8 286.9 265 234.6 225.1 202.7 188.5 178.8 168.5
45.2 42.6 39.3 39.7 37.5 34.4 31.6 27 25 23.5 25.6 24.4 25.2 25.2 26.4 26.5 26.7 27 26.9 27.7 27.5 27.9 27.9 27.7 30.8 28.8 27.9 29.7 36.4 37.2 48.2 59 69.4 66.1 69.6 87.8 98.9 113 119.3 122.9 126.8 140 157.2 160.7 170.3 188.4 184.3 183.7 200.8 192.2 198.7 220.1 219.3 213 230.5 246.3 253 255.4 254.5 260.6 259.6 267.7 273.2 273.2 292.1 302.6 286.8 297.3 286.9 276 255.3 242.3 209.7 192.1 175.5 160.7 151.1 138.4
54.8 49.2 47.9 49.1 46.3 46.5 44.4 38.6 33.9 30.1 28.5 27.2 26.6 26.2 26.7 27.2 27.4 27.8 27.6 28.2 28.2 28 27.8 26.9 26.7 27 27.8 31.5 32.1 32.8 35.8 40.6 42.6 45.9 52.3 49.4 57.4 76.3 81.5 91.7 101.2 107.5 111.3 127.7 142.7 139.8 145.9 148.7 153 151.6 161.2 169.5 177.4 181.7 199.6 209.6 218.6 214 221.2 228.8 220.3 234.6 238.5 248.1 248 256.9 247.2 256.3 249.1 238.1 233.5 208.8 185.4 167.4 143.9 134.2 126 118.3
65.9 63.4 59.6 58.8 58.3 57.9 54 46.2 43.2 39.1 38.4 35.6 29.8 27.1 27 27.8 28.1 28.4 28.6 29.4 29.6 27.9 27.6 27.2 27.2 27.3 27.2 31.2 32.7 28 29 29 28.8 31.8 35.5 39 46.6 55.7 62.9 62.4 67.8 72.9 81.4 96.7 108.2 104.2 107.3 109.5 114.5 122.1 129.4 142.4 150.6 150.2 168 173.3 181.4 183.9 192 205.1 197 210.3 210.7 218.6 219.7 215.7 210 215.5 208.4 203.1 199 184.6 158.8 139.3 123.1 113.5 97.6 92.6
87.8 84.1 78.7 75.4 76 71.7 64.9 60 52 51.6 48.3 45.3 40.7 35.7 29.5 30.1 30 29.9 30.4 30.7 30.2 28.1 26.4 26.3 27.3 27.6 27.5 26.9 27.3 28 27.1 28.1 27.6 27.5 28.2 31.6 34.2 41 46.5 48.1 51.4 56.9 71.6 76 77.1 81.7 86 90.4 95.6 100.3 109.6 122 134.6 132.5 142.5 150 160 160.3 163.4 175.8 171.8 182.5 185 186.7 184.8 182.7 177.9 178.9 177.8 174.5 167.4 146.2 127.8 113 101.5 92.8 83.6 83.1
110.2 107.9 100.2 98.2 92.7 90.8 82.7 77.5 73.4 66.8 63.2 55.8 50.7 47.7 43.6 38.7 36.7 36.7 35.9 33.7 33.1 30.2 27.4 27.3 28.2 26.2 26.5 27.5 27.9 28 27.4 27.8 27.8 27.7 27.9 27.7 28.6 30.6 32.5 35.4 38.2 44.9 55.6 58.1 58.9 62.2 67.9 72.7 79.2 79.8 89.2 99.5 110.7 111.4 123.3 128.6 136.5 137.7 147.9 154 147.7 149 155.2 161.7 159.5 164.8 148.5 146.6 148 140.7 137.1 114.2 98.5 90.2 84.4 79.6 74.4 71.2
120.6 118.8 116.1 115.4 113.1 108 100.1 93.7 91.7 89.1 84.4 79.8 72.9 66.8 60 52.5 47.2 44.1 43.2 41.3 38.4 36.2 32.1 28.4 28.2 27.6 27.6 27.5 28.1 27.7 27.1 27.9 27.9 27.8 27.8 27.9 28 28.8 29.5 29.6 33.1 33.6 33.8 33.7 34.6 39.1 48.1 54.7 63.8 65 69.3 75 84.8 90.3 100 106.6 110.4 115.1 119.3 127.1 122.9 128.8 130.6 129.5 127.7 133 127.5 118.1 108.6 103.6 97.3 89 78.7 71.5 68.3 65.4 63.5 62
134.6 132.2 128.8 126.3 123.2 118.5 119.9 118.3 119.9 110.9 107.9 105 99.4 91 78.7 70.4 62.8 58.6 55.7 52.4 46.8 43.9 39.7 36.8 30 28.7 28.4 27.6 28 28 28.2 27.8 27.8 28.1 28.1 28.3 28.1 28.6 28.7 28.8 29 29.5 30 30.9 31.3 33.3 38.2 41.6 44.6 49.2 57.8 59.4 68.1 75.8 82.6 88.1 89.7 94.3 101.1 108.6 103.9 105.5 105 103 105.4 109.2 102.7 98 88 81.1 78.4 67.5 62.2 60.5 59.2 61.2 57.3 58.1
152.8 144.7 142.4 140 143.9 138.4 140.8 144.3 146.7 134.6 136.9 129.2 125.5 118.5 103.9 96.6 87.1 79.1 74.5 66.9 64.3 57.8 52.1 50.2 38.1 31.7 28.8 28 27.8 28.3 28.6 28.1 27.9 29.1 28.4 29.5 29.2 29 29 29.5 29.5 29.9 29.8 29.7 30.3 31.1 32.6 33.5 35 38.4 44.6 51.4 56.8 61.1 66.8 71.2 74.9 79.9 87.9 88.4 89.2 89 86 86.3 84.1 85 87.3 84.2 76.3 68.4 61.1 50.7 54 53.2 53.3 53.9 52.5 55.7
178.2 169.2 161.9 159.8 168.1 163.3 161 162.4 172.9 160.9 163 153 150.8 147.3 136.8 125.8 111.5 104.4 97.8 89.1 86.9 77 70.2 66.8 56.4 43.8 34.8 29.4 28.6 28.7 28.1 28.7 28.2 28.3 28.8 29.2 29.6 29.8 30 30.1 30.2 30.1 30 29.8 30 30.3 31.4 32.5 34 39.7 42.9 46.2 48 48.6 55.1 56.5 57.4 62 70.5 74.4 71.8 72.7 74.9 73.3 72.3 73.4 77 74 65 56.4 49.8 47.3 47.8 49.4 49.6 49.7 49.6 50.3
203 198.5 195.2 191.9 194.9 184 185.7 185.7 199.1 189.3 186.3 180.2 181.5 172.9 166.4 153.3 140.9 131.3 126.6 119.9 116.8 102.6 91.7 84.2 75.1 62.1 49.7 41.2 32.7 32.7 29.8 29.1 28.6 28.8 29.4 29 29.1 29.5 30.4 30 30.2 30.4 30.6 30.8 30.8 30.7 31.3 33.4 36.6 41.3 41.6 42.8 44.2 45.6 47.1 49.2 50.8 53 61.5 62.2 58.9 62.6 67.2 67.8 65.9 70.2 68.3 63.5 56.6 50.8 47.7 46.8 47.4 48 47.8 46.8 43.1 41.1
232.9 232.4 228.6 223.6 220.1 213.7 210.8 212.4 218.5 216.6 209.7 208.2 212.5 200 192.8 181.8 170.8 161.3 163.4 151.1 141.9 128.3 115.6 104.6 97.4 82.6 69.5 56.2 49.1 41.9 35.2 32.2 30.5 29.7 28.4 29.6 29.4 29.2 30.3 30.2 30.5 30.4 30.5 30.6 30.7 31.3 32.1 35.4 38.6 40 39.9 43 52.2 43.1 42.8 42 43.4 46.5 48.3 51.2 52.2 52.9 57.1 62.2 61.7 59 57.2 54.9 50.4 47.2 47.9 48.5 48.7 48.2 46.5 42.7 38.6 39
263.5 260.7 258.8 257.3 249.1 241.6 240.9 238.4 237 240.8 236.5 236 237.3 227.4 215.2 216.4 202 196.4 188.7 179.7 167 152.7 138.3 125.7 118.4 99.5 86.6 72.6 62.9 55.6 46.6 41.4 37 31.9 29.4 30.1 29.8 29.6 30 30.1 30.2 30.7 30.8 30.8 30.9 31.3 32.5 35.3 38.3 37.6 41.2 42.7 52.6 43.6 40.3 39 40 44.5 45.8 45.1 46.3 47.6 52.1 54.9 54.9 55.1 53.7 47.3 44.8 44.6 51.1 49.3 51 44.3 41.2 38.6 39.2 40.2
283 284.7 282.3 284.2 280.5 270.9 271.7 267.2 269.1 273.8 265.8 264.1 256.1 251.3 248.7 247.5 230.7 234.7 216 204.9 190.7 176.2 159.7 145.3 135 120.1 107.1 92.6 77.8 69 61.9 54.9 52.3 47.2 38 31 29.5 29.6 29.2 30.2 30.4 31 31 31.1 31.3 33.4 33.8 37.2 38.9 39.5 38.6 39.5 44.5 39.5 39.1 37.7 38 42.2 43.4 41.2 44.4 47 47.1 49.5 49 46.5 47.3 44.8 43.2 43.7 43 41.9 41 38 38.5 41.5 42.3 40.5
302 306.7 304.9 305.2 305.7 308.7 297.8 298.4 294.2 300.5 288.1 283.9 282.4 285 280.6 282.6 266.3 267.2 245.4 235.5 220.1 197.8 179 166.3 154.3 139 126.5 112 99 89 80.2 72.1 68.1 62 55.8 47 41.1 34.2 30.9 30.3 29.7 30.1 31.2 31.4 31.6 33.3 35.6 40.3 43.4 41.7 38.9 36.2 34.7 34.7 39.7 34.8 34.9 38.3 38.1 38.6 43.2 45.3 44.7 44.8 43.9 44.1 39.3 37.6 38.4 38.3 37.6 37.6 38.9 39.3 42.5 48.7 48.5 44.3
312.9 319.7 320.3 322.4 324 319.8 312.5 315.6 311.1 312.9 300.6 298.4 306.3 313.7 311.2 308.1 291.1 299.8 289.8 268.8 248.9 221.9 201.1 192.8 174.6 159 146.1 139.1 124.7 116 105.9 99 94.4 80.2 73 68.3 60.2 50.1 45.9 42 39.6 33.9 31.9 29.6 31.5 33.3 38.6 41.1 39.6 38.1 40 36.5 33 33 34.1 34.1 34.2 33.1 34.2 34.9 36.5 38.2 38.6 36.1 35.9 36.7 38.9 37.3 38.3 37.6 38.8 38.9 39.9 40.4 40 44.7 42.9 43.7
316.3 321.3 321.4 320.1 321.3 317.1 318.3 319.7 318.5 307.7 312.8 315.5 328.2 332.6 330.1 328.2 313.9 320.4 316.7 297.1 276.4 247.2 229.2 219.7 200.3 177.6 175.7 167.2 152.1 144.4 129.1 119 115.3 101.2 92.6 85.1 76.2 67.9 61.9 52.5 52.1 48.1 41.6 36.1 32.3 32.5 37.1 34.6 32.5 32.5 30.9 32.4 33.1 32.9 34 33.6 33.8 34 34.3 34.6 35.1 35.7 36.2 38.3 40.6 41 43.8 44.7 40.8 40.3 41.1 40.7 40.6 41.1 42.4 43.9 50.1 50.7
316 318.1 317 313.9 313.4 308.3 312.4 318.4 314.7 322.7 330.8 336.1 349.4 350.1 345.1 335.9 330.8 325.4 320.4 304.7 295.4 265.1 248.4 240.5 222.6 212.1 202.4 190.8 178.3 165.8 150.9 138.4 131.5 119.3 110 103.8 91 81.6 73 65.2 65.9 60.9 50 42.1 37.4 37.9 35.1 30.2 30.7 31.4 32.8 32.8 33.9 34 34.6 34.4 34.4 34 34.4 34.7 35.2 36.9 36.4 41.5 40.7 43.1 42.6 41.2 41.8 41.7 42.8 41.9 41.7 44.6 50.7 58.6 64.2 67.5
308.3 309.9 309.3 305.9 305.5 306.9 311 315.1 317.9 333.3 341.7 343.1 345.1 343.8 335 331.9 327 318.4 310.9 297.8 290.6 274.3 260.4 246.5 241.1 230.2 219.5 204.4 190.7 179 167.8 154.3 143.1 130.3 118.4 109.9 100.8 93.3 83.4 73 70.8 65.8 54 45.9 45 43.8 42.2 40.7 41.2 34.9 33 33.4 33.4 35.1 35.4 35.2 35 34.9 35 35.3 36.1 36.9 37.4 37.4 38.1 39.8 40.6 42.1 43.2 43.9 44.7 45.6 50.7 54.4 60.7 66.5 72.8 81.2
301.8 303 302.5 301.5 300.5 306 310.9 318.4 328.4 339.8 334 332.1 324.8 324.3 320.8 318 309.6 306 295.3 282.5 275.5 265.7 252 240.6 234.4 222.3 214.1 196.6 181.7 173.4 158.3 146.3 138.9 126.7 115.7 103.6 96.1 88.3 82.9 80.1 72.1 65 62.4 55.1 51 47.5 44.3 43.5 38.2 36.4 35.2 36.3 34.8 35.7 35.1 36.3 37.1 36.6 36.5 37 38.9 40.9 46.3 46.8 44.2 44.4 44.7 44.4 46.9 49.6 49.1 56.4 62.3 67.8 69.4 74.2 82.4 88.9
295.3 296.5 299.3 298.7 300.5 303.2 309.6 320.4 332.1 330.8 324.5 311.8 312.4 307.7 305.6 296.8 289.5 286.2 276.9 266.6 256.6 252 237.3 221.4 211.7 197.7 186.8 172 159.6 151.9 149.2 148.6 146.7 140.3 133.5 128.5 121.9 113.2 110.9 102.1 92.5 81.5 77.5 70.1 63.2 61.9 57.6 51.9 44.9 45.5 45.2 44.8 44.9 39.9 36.8 36.1 38 38.5 40.2 40.6 42.3 45.9 51.1 51.7 49.2 51.1 53.1 53.1 52.3 55.2 61 65.8 73 80 84 84.2 90.3 95.6
286.1 288.6 293 292.7 298 294.6 311.6 306.9 309.7 310.4 303.1 294.8 294 288.9 286.4 280.1 274.6 268.2 262.4 253.7 244.1 235.7 225.7 216.3 208 194.8 187.7 179.1 175 170.2 171.1 170.3 167.4 160.7 154.7 154.7 145.1 137.3 135.9 130.7 117.6 104.6 97.8 93.9 80.1 80.5 78.1 70.4 60.9 60.2 60.6 61.1 62.2 57.5 52.4 49.1 43.8 43.6 47.6 48.3 47.8 49.7 55.9 56.6 54.5 57 59.8 60.3 62.7 66.6 71.1 76 83 90.2 95.7 100 105.1 111.2
270.7 278.6 280.9 283.2 285.4 294.2 290.8 288.5 285.4 283.9 284 279.6 279.3 284 281.6 278.8 275 267.6 261.1 251.6 243.5 238 233.5 228.8 224.6 214.1 211.6 204.1 199.9 195.3 198.9 192.8 186.1 177.8 178.8 178.2 168.5 158.3 156.4 155.3 143.1 136.4 121.8 111.2 106.2 102.9 96 90.9 82.3 78.2 79.4 76.2 79.8 77 73 68.6 60.3 53.9 58.2 61.2 59.5 58.3 59.6 61 64.2 64.7 66.6 68.3 71.9 72.9 76.7 84 91.2 99.9 107 111.5 115.4 120.2
247.4 255.3 258.3 267.9 267.9 264.5 260 263.2 274 285 286.3 287.6 285.2 283.7 282.3 281.6 277.6 271.9 264.4 256.4 248.9 244.2 239.1 233.7 229 224.3 223 220.7 217.4 221.1 227.2 226.3 214.7 201.2 201.7 195.9 189.8 188.6 184.2 171.4 162.2 157 145.3 132.4 129.1 121.5 120.7 115.4 102.5 97.3 96.7 89.1 90.5 92.4 88.7 85.6 80.2 78.2 81.3 75.7 74.3 74.3 74.7 72.7 76.2 73.1 75.4 76.7 76.6 80.6 83.8 91.1 100.5 109.2 116.5 121.8 124.1 132
223.6 227.5 232.1 247.4 263.1 267.6 270.5 278.8 284.9 290.9 289.7 287.6 289.4 286.7 286.6 285.5 276.9 270 264 259.6 255.4 251.3 245.4 238.6 236.2 233.3 232.3 234.2 239.1 242.6 251.8 250.6 241.1 225 229.8 222.1 220.2 217.5 207.2 191.1 181 175.6 160.3 153.5 148.1 138.3 133.2 121 117.1 109.9 107 104.6 104.7 105.1 101.4 102.4 104.5 108.7 113.1 92.8 91.6 93 91.7 89.6 91.5 89.9 92.5 87.3 85.5 88.1 90.8 99.1 106.2 116.9 124.9 128.8 134.7 138.3
223.1 232.5 241.4 262.1 274.3 270.6 274.4 281.1 290.8 294.3 291.8 290.1 289.2 288.5 287.3 282.6 275 269.8 267.3 262.5 259 256.8 253.6 247 246.9 242.4 244.4 250.7 258 266.7 277.4 275.7 274.4 258 259.1 255.2 252.1 244.8 233.4 215.3 204 192.8 177.8 175 166.3 147.7 141.7 133.9 128.5 127.1 125.6 125.7 123.1 121.9 120.2 118.2 122.1 125.8 122.3 110.5 110.7 111.3 109.5 107.1 109.2 106.6 107.2 105.6 104 103.4 104.2 112.1 114.8 117.6 126.9 134.8 143.6 150.8
223.9 230.7 237.7 250.3 260.8 263.4 269 282.9 292.5 294.9 295.3 291.8 290.7 287.6 283.8 279.9 275.7 272.5 271.6 269.4 265.2 264.8 259.6 255.7 258 255.8 258 267 279 289.9 304 304 299.2 292.9 300.4 292.6 283.7 275.4 260.4 238.6 224 201.7 195.5 188.4 173.6 161.8 154.6 151.4 153.1 151.7 148.9 146.2 144 144.2 146.4 148.8 152.6 150.4 145.1 136.3 132.6 129.6 128.5 125.6 123.4 122.5 121.9 119.8 116.8 114.6 112.8 122.3 123.7 126.9 130.3 144.1 156.7 166.6
229 236.7 242 246.7 252.2 258.8 263.2 273.1 283.8 288.9 286.1 287.2 289.6 290.7 286.7 282.5 278.3 277.7 279.4 279.1 277.1 274.8 268.5 267.1 271.6 272.2 276.6 286.4 296.9 304.8 316 326.1 329.8 326.3 322.4 320.6 314.1 297.7 271.9 250.8 232.9 218.5 205.8 201.1 196.9 191.2 180.5 182.3 184 179.9 174.5 173.4 170.4 172.7 170.4 173.8 176 172.4 176.4 153.6 156.1 152.1 143.9 141 137.8 135.7 131.7 130.6 129.5 123.2 123.5 130.6 133.1 137.1 146.1 156.2 161.5 165.9
229.1 237.4 241.9 247.3 256.8 262.4 272.7 279.9 286.1 290.8 290.4 290.2 292.9 292.6 291.2 286.2 283.2 284.6 286.5 283.7 285.3 280.6 277.8 280.8 285.6 290.3 296.7 304.2 314.2 327 338.8 354.1 359.5 357.2 344.2 337.9 325.1 303.3 282.3 265.6 249.6 239.4 225.9 217.3 209.1 206.6 201.3 196 203.2 198.9 194.1 194.9 195.5 194.1 200.2 203.2 202.1 198.3 200.7 184.9 179.6 175.5 166.4 161.8 155.4 150.7 144.7 141.6 137.7 133.8 132.6 136 140.8 146.3 153.7 164.3 172.3 178
226.6 233.3 239.2 245 254.4 268.1 279.8 293.6 298.3 306.1 310.9 305.1 299.6 301.4 301.3 296.7 298.1 304.3 306.9 310.8 306.6 302.4 298 302.1 303 309.9 316 322.9 330.8 338.5 350.7 361.7 367.5 368.9 360.8 350.9 339 320 299.6 284.6 266.3 257.1 246.5 233.3 228.6 221.8 215.1 212.9 216.6 211.4 213.3 217.9 216.8 216.9 225.4 228.5 228.6 219.5 219.2 208.1 197.7 192.2 185.7 177 170.7 164.7 158.5 157.6 149.3 146.7 146.5 147.6 151 155.7 163.4 173.7 182.1 188.6
229.2 232.2 238.1 242.1 252.9 265 278.6 295.3 305.6 314.4 323.7 318.9 315.5 317.9 318.8 320.8 321.8 332.7 341.7 350.2 342.7 351 345.1 339.3 350.4 342.8 347.1 353.5 358.7 366.5 379.5 392.2 397.6 392 382.3 375.3 367.3 343.1 323.5 306.1 293.9 284.1 269.2 255.5 245.8 236.6 229.2 225.8 224.5 223 227.8 238.1 245 248.3 249.3 248.3 246.4 242.6 236.7 225.1 216.7 209.2 205.7 197.7 185.7 183.7 173.2 164.1 162.9 158.5 157 156.7 160.9 164.7 173.5 183.2 191.8 197.9
229.9 236.7 239.6 242.5 251.3 262.1 275.4 288.8 303.5 316.2 324.6 332.3 331.9 334.1 338.1 337 340.9 359.1 379.7 385.6 389.9 405.4 408.5 389.2 408.7 380.9 385.8 390.4 394.8 408.9 419.3 430.2 430.7 426.8 419 409.7 392.2 372.9 355.2 332.9 321.4 303.4 290.1 274.1 262.4 251.8 246.5 239.5 236.5 243.5 252 258.8 267.9 268.7 267.4 268 263.1 258.9 253.6 245.5 234 228.5 224.6 218 204.8 197.7 189.5 178.1 175.6 171.9 168.1 169.2 169.4 174.6 183.1 192.4 199.2 208.6
231.2 235.8 237.1 242.9 250.9 260.4 275.4 289.5 301.6 311.9 322.8 342.9 351.4 353.8 362.2 365.7 368.2 377.6 398.2 409.6 424.7 446.2 450.6 450.5 450.8 431.8 426.6 436.2 439.6 456 473.3 477.2 475 464.2 456.8 441.5 415.8 405.1 384.7 366.6 350.5 330.2 313.2 293.7 286.6 280.4 273.2 272 274 278.2 275.1 286.8 294.9 296.3 295.3 289.4 279.9 274.2 268.9 253.8 256.1 250.2 244.5 233.4 227.9 216.1 205.2 194.2 187.9 185.1 181.7 184.6 179.5 183.1 190.4 199.1 206.8 218.1
242 246.4 249.5 250.7 248.1 258.3 270.8 284.6 299.7 310.9 323.4 343.3 357.2 362 367.2 375.8 378.9 388.3 406 424.2 433.5 452.7 472.5 481 480 476.2 471.7 487 502.3 508.4 518.6 513.9 509.1 496.8 490.4 472.9 469 442.4 413.9 395.4 377.2 359.3 341.8 334.9 319.4 306.4 299.4 297 301 303.4 301.8 306.5 314.2 318 319.9 312.3 301.7 294.5 284 276.4 278.3 267.7 261.6 255.4 243.9 233.8 219.4 211.7 205.4 198.8 197.1 197 193.6 190.8 198.8 207 215.6 225.4
256.1 257.5 263.5 262.5 256.4 265.1 276.5 286.8 295.2 308.3 318.8 326.8 338.6 345.7 347.9 360.6 369.5 376.3 394.6 409 418.6 440.7 459.8 470.2 484.5 491 493.9 503.1 521.3 536.9 540.9 542.7 535.6 527 517.2 520.5 512 484.4 449.9 428.4 418.3 391.3 374.9 368.2 353.1 345.6 344.3 339.7 333.3 337.9 329.5 332.2 335.1 337.8 337.6 329.3 317.2 310.2 300.2 293.7 292.2 286.5 284.9 272.9 266.4 254.8 243 232.7 225.2 220.1 214.8 210.5 207 200.5 207.8 216.9 227.7 240.9
