webserver/python/data/NN20.asc
ncols 200
nrows 200
xllcorner 220000
yllcorner 700000
cellsize 50
[rows 70 to 104 of 200, columns 0 to 78 of 200]
238.4 223.2 211.6 200.5 191.6 179.6 168.2 165.3 158.1 147.3 147.5 147.8 151 155.6 157.3 162.1 163.7 169.3 174.7 180.3 182.2 188.1 201.6 202.6 213 218.3 224.4 231.1 237.2 241 246.3 253.4 259.3 263.1 268.6 274.6 278.3 283.4 286.6 292.9 291.5 294.9 294.6 293 290.2 288.5 283.3 283.7 284.6 282.8 283.1 292.5 303.8 316.5 329.4 344 355.3 360.8 356.5 349.6 333.7 318.4 304.1 287.2 267.9 246.9 226.8 205.5 190.9 173.5 156.2 141.7 125.5 121.9 125.2 129.9 134.3 141 148.1
214.8 202.1 192.1 182 172.3 161.6 154.2 153.2 150.1 137.8 133.8 135.9 138.8 139.9 140.5 142.7 146.4 151.9 157.2 160.7 167.5 173.3 180.4 183.1 191.8 202.1 204.2 212.9 214.4 223.2 225.1 234.2 237.5 243.2 249.3 254.8 256.5 262.4 268 272.1 273.6 277.5 277.1 280.9 281.4 280.2 277.8 277.8 279.5 283.2 290.5 301.6 316.2 329.3 344.9 358.7 370.9 378.2 384.3 371.6 352.2 338.5 323.6 307.1 286.2 265.2 244.8 223.3 206.1 190.8 171.5 154 132.3 122.4 123.5 126.8 128.9 132.7 139.4
191.4 180.4 171.6 163.1 155.7 147.8 143.6 141.5 133.2 124.6 123.5 124.3 124.8 126.2 128.3 131.5 134.2 139.1 143.4 148.6 152.7 157.5 163.8 168.8 171.7 182.2 188.8 194.2 196.2 201.3 208.8 212.1 220.6 221.7 230.9 236.3 238.9 243.9 249.8 255.7 258.6 261.5 265.4 269.1 270.8 274 273.3 275.8 278.7 286.4 299.2 314.2 329.6 345.2 361 371.5 394.1 407.1 406.1 390.9 361.5 351.4 337.4 322.7 303 279.6 260.3 240.2 220.7 202.9 182.5 162.4 142.8 128.5 120.7 122.5 124.4 126.2 135.8
174 159.6 148.4 141.3 137 133.1 132.2 126.6 120.6 117.1 117.8 117.3 117.6 119.2 123.5 125.6 128.2 131.2 136.2 139.8 142.6 146 150.4 155.8 160.6 166.9 172.1 175.8 179.8 186.7 193.9 192.6 202 208.9 218.3 221.5 226.6 232.3 241 247.3 249.7 250.9 257.1 261.5 263.1 266.1 269.2 277.2 286 294.7 312.6 327.2 341.9 358.3 372 387.7 416.7 428.8 418.4 408.9 381.2 363.2 348.2 335.4 318.9 292.8 274.9 253.5 234.7 215.5 195.5 173.1 152.6 133.8 123.6 120.3 122.1 124.1 130.5
154.2 139.8 131 125.7 122.2 118.1 116.6 113.9 115.9 110.1 112.3 112.6 119.1 124.1 133.6 136.6 134.9 137.7 139.4 143.1 150.9 152.4 156.7 160.4 162.2 162.9 166.7 168.1 172.8 178.2 183.2 185.5 195.4 200.2 204.9 213.6 221.3 222.7 231 238.1 240.1 247.7 252.2 253.8 257.8 261.5 272.2 282.1 292.1 309.6 325.8 340.7 357 371.4 385.7 408.5 443.1 448.9 430.3 412.7 387.7 370.4 357.5 345.4 332.6 313.2 285.8 262.3 242.6 225.4 206.5 185.6 162.9 140.9 126.5 122 119.9 121.9 125.3
134 123 116.6 113 110.1 107 105.6 102 107 107 117.4 125.3 133.7 140.6 143 150.3 158.9 163.2 167.7 172.1 173.3 173.4 179.4 182.8 183.3 182.2 181.7 181.7 182.9 182.5 182.6 185.7 188.9 194.3 199.3 207.3 213.9 215.6 221.7 229.8 236.4 243.5 251.4 253.7 260.6 268.2 278.2 288.3 305.9 323.8 338.8 356 372.6 386.9 402.6 431.9 458.7 460.4 438.3 418.3 399.9 380.8 365.1 353.6 342.4 322.4 298.5 270.7 248.8 226.4 213.4 194.4 171.5 149.9 128.4 124.4 119.5 119.8 121.5
120.1 110.4 106.9 102.2 100.6 99.9 99.5 100.2 110 120.1 133.4 143.9 154.5 158.2 160.9 169.2 177.7 183.3 187.7 190 193.4 195.3 197.8 200.5 201.6 201.5 203.3 202.6 202.7 197.6 193.4 193.1 193.9 192.7 197.5 203.5 208.4 214.2 219.6 226 234.2 245.4 254.1 261.1 268.4 276 286.4 304.4 322.1 339.3 355.3 372.7 390.1 405.1 429.4 445.7 468.6 464.9 444.2 425.3 408.1 389.3 373.7 360.4 347 330.1 310.8 283 260.3 239.9 220.8 201.9 180.4 157.5 136 128 122.2 120.5 123.2
106 100.5 98.6 99.2 98 98 100.9 116.8 127.9 138.1 150.3 161.5 168.6 175.5 181.4 188.8 197.4 202.8 205.2 210 215.5 219.8 221.2 221.6 221 219.9 220.7 220.5 219.9 215.9 216.3 210.2 202.1 198.6 199.1 205.4 210.6 217.2 223.7 231.5 240.9 250.2 257.4 266.1 274.3 285.7 300.4 317.2 336.4 353.4 371 389.4 410.6 438.2 456.3 461.7 477.5 469.5 451.3 431.1 413.1 396.5 381.4 366 351.6 335 317.4 294.8 272.9 252.3 231.7 211.5 192.8 171.3 150.6 133.9 123.9 120.5 121.1
97.2 93.7 91.5 95.6 94.2 105.9 119.3 131.9 142.1 152.3 162.9 175.3 188.7 201 208.5 210.9 222.2 224.5 229.6 235.4 241.8 248.4 252.1 253.8 252.4 249 247.2 242.4 239.1 234.3 231.6 228.1 224.1 217.1 208.3 208.9 215.1 223.6 229.7 238.9 246.7 255.2 265.2 273.4 286.6 301.3 316.4 332.6 352.5 370.8 387.4 408.2 440.1 474.7 483.8 477.1 479.2 469.3 457 439.4 418.6 403.5 391.3 374.3 356.9 342 323.1 304.4 280.8 259.8 239.5 220.8 203.7 188.5 163.2 138.2 125 118.3 119.7
88.8 89.9 92 96.6 107.9 122.3 140.1 149.9 157.5 174.2 185.6 199.6 213 222.8 233.4 238.2 247.5 250.1 261.6 270.6 279.8 272.9 272.1 275.5 272.6 270.8 272.7 267.8 264.1 258.1 250.6 244.2 239.2 232.6 223.2 217.2 221.2 231 237.3 249.4 258.2 264.5 274.7 283.7 301.1 315.3 330.9 353.5 372 391.6 406.3 434.2 468.6 497.5 511.4 498.7 487.9 468.1 450.6 442.5 421.7 408.8 398.4 377.5 361.8 348.9 329.2 311 287.6 268.1 250.1 230.6 212.1 194.6 171.1 145.6 127.3 117.8 119.3
87.7 89.5 99.3 109.3 121.5 142 152.5 173.3 188.5 198.8 209 223.8 236.2 241.9 252.1 261.9 268.6 276.5 291.8 308.2 313 307.2 309.6 309 302.1 295.1 290.9 286.3 281.5 275.9 269.8 263.6 254.7 246.7 238.2 236.9 229 239 250.2 259.8 270.6 275.6 282.8 295.3 315.2 330.7 347.7 373 392.6 413.2 431.1 465.6 503.1 528.8 536.5 514.7 499.7 474.3 453.8 438.8 424.2 412.3 395.3 378.2 366.3 352.5 334.6 313.3 297 278.7 260.4 239.9 221.3 202.1 179.7 156.5 132.3 121.6 118.8
90.1 100.1 110.7 122.2 137.8 157.5 175.2 190.2 203.4 219.8 232.7 246.7 255.7 261.9 272.9 284 294.5 305.6 321.1 334.6 338.1 341.9 339.1 333.9 327.8 321 309.1 302.2 295.6 289.6 287.9 282.7 274.4 264.8 253.9 243.9 245.4 251.2 258.8 268.6 282.8 289.3 293.1 312.1 336.8 355 376.1 397.7 418.3 435.4 459 485.1 537.5 551.5 543.8 522.2 506.9 485.5 462.6 445.9 431.1 417.4 398.8 380.7 367.9 355.5 339.3 323.2 308 289.6 270 248.4 229.2 210.8 189.1 165.6 149.9 128.6 117.4
98.2 108 123 141.8 156 179.6 196 206.9 223.2 239.1 251.1 260.9 274 289 301.9 310 320 325.5 339.3 350.7 357.1 367.3 365.5 356.7 351.2 344.6 332.9 321.1 313.2 305.9 306.5 303.5 292.4 281.8 268.3 261.8 258.2 252.2 268.1 280.6 297 303.7 311.5 333.2 356.8 373 400.2 419.6 438.4 460.3 480.6 518.2 564.8 568.8 553.8 536 519.7 499 474.8 456.7 441.1 425.4 402.9 385.9 370.4 359.3 345.4 331.7 317.3 299.9 278.5 260.4 242.2 223.2 198.9 177.8 157.1 134 119.3
114.2 125.8 144.6 164.6 177.7 188.5 209.9 223.6 241.5 254.6 263 280.3 293.5 311.3 324.8 336.7 345.7 354.3 363 375.3 382.9 386.9 383.9 382.4 373.7 365.2 353.1 341.9 331.1 324.4 328.4 321.6 309.8 295.2 283 275.7 270.2 258.1 272.1 286.6 304.9 315.4 328 348.2 371.5 391.4 422 439.4 456.2 478.6 502.1 555.7 574.3 571.2 572.5 555.3 537.2 514.4 488.8 469.9 451.4 436.1 416.1 392.4 374.6 361.5 349.5 336.8 322.3 307.1 286.7 267.8 252.7 233.8 211.4 187.7 167.1 144.3 126.5
134.1 148.3 163.9 186.9 202.9 210.2 222.7 236.4 256.2 265.1 283.5 301.9 314.8 330.1 346.3 358.6 366.8 374.4 390.6 400 402 405.8 408.9 407.1 395.5 390.5 386.4 365.2 350.2 344 344.4 336.7 324.2 305 296.2 288.3 281.4 272.2 274.2 295 310.7 321.3 336.9 363.6 389.3 413.6 435.9 457 477.1 500 530.1 569.6 584.6 587.9 587.9 576.5 560.5 537.8 504.2 484.4 465.3 438.3 421.9 405.7 377.8 366.1 353.9 337.7 322.7 310.7 292.2 272.5 258.1 245.1 220.3 196 175 153.1 133.6
145.9 166 184 194.2 214.9 229.4 239.5 250.2 269.7 280.6 307.7 323.7 333.3 355.4 365.4 378.5 386.7 395.2 410.3 416.2 422.6 430.9 434.5 428.4 419.5 419 400.6 383.9 368.3 362 358.6 350.1 335.3 321.3 311.1 300.7 292 285 280.8 298.5 318.4 333 351.8 379.2 408.4 425.9 448.4 475 495.6 532.8 560 585.6 597.3 598.7 598.4 588.3 569.6 542.2 514.5 494 479.8 441.7 421.1 410.7 386.9 371.8 359.1 342.7 326.6 313.6 294.3 276.4 264.8 250.3 226.6 202.7 179.9 160 143.2
168.7 185.3 193.5 208.6 229.3 243.2 252.4 260.8 281.7 301.9 329.4 341.8 357.6 375.5 386.3 396.9 404.8 410.9 426.4 431.9 443.7 454.8 456.5 447.6 450 447.4 419.4 395.5 382.5 378.9 372.8 364.4 352.1 345.5 334.1 318 305.1 296.7 294.1 304.8 328.4 346.7 365.8 393.8 417.5 437.7 459.5 485.7 513.1 546.6 577.6 593.9 610.3 614.5 609.1 591.5 564.2 542.3 521.3 497.2 472 440.5 424.7 413.1 391.4 373.6 362.8 349.4 333.6 321.9 307.1 284 269.2 259.9 237 211.7 186 167.2 148
185.7 199.9 210.2 227.9 240.6 254.7 269.6 285 302.3 323 346.5 356.4 372.1 390.8 400.2 413 424.6 427.3 440 450.8 459.3 466.1 468.2 465.3 470.6 465.4 432.1 405.6 398.1 393.7 386 376.8 373.8 379.4 364.7 341.8 326.2 313.4 310.8 310.1 329.5 354.3 373.5 395.5 421.5 445.4 465.4 492.6 522.8 557.9 587.5 608.7 624.9 632.8 623.9 603.7 574.2 554.7 524.5 493 467.7 441.7 429.2 412.9 398.3 380.5 366 353.2 340.9 327.6 315.3 294 279.4 265.5 250.2 221.4 194.4 175.4 157.2
197.8 213.5 228 239.1 251.6 270.6 289 305 323.4 346.9 364.8 375.5 391 405 411.3 428 438.2 446.4 453.9 466.7 473.5 477.8 482.1 486.3 493.6 479.5 448 425 415.6 408.8 398.2 393.1 394.4 397.1 390.3 372.6 354.4 339.1 336.6 337.3 343 364.5 386.5 401.9 423.1 453.4 473 497.4 531.7 566.6 594 623 639.1 642.1 642.6 614.5 580.7 544.9 517.7 493.1 468.7 451.5 431.9 416.4 403.3 380.1 370.3 358.5 345.9 330.8 317.7 304.7 289.3 271 255.9 228.3 203 182.7 165.1
208.2 225.3 241.8 252.6 271.2 292.2 304 318.9 347.6 364.6 377.3 390.7 402.2 416.1 431 440.7 450.2 457.8 467.4 479.8 489.1 492.9 502.2 508.8 509.1 480.7 452.1 436.1 431.5 424 411.4 410.7 416.6 419.8 419.2 405.3 384.5 389.4 377.6 370.9 361.8 385.4 400 414.8 435.3 461 483.6 504.3 531.6 570.7 602.9 632.5 652.3 633.6 615 591 559 532.3 511.3 493.5 475.9 458.5 438.4 421.4 412.2 392.7 374.2 362.6 351.1 335.2 324.2 313.2 297.8 280.6 263.6 237.5 210.8 186.2 167.2
219 237.2 255.1 269.2 285.3 304.7 317.6 332.9 365.7 380.6 389.8 400.1 416.2 430.3 443.9 454.9 465.4 473.5 482.6 494.3 500.6 511.2 521.4 526.4 525.1 487.5 458.4 451.7 442.9 434.2 430.8 432.5 440 446 450.6 437.5 414.2 416.3 421.3 405.1 379.6 403.5 418 426.2 450.1 471.4 493.3 518 539.6 572.1 610.6 639.1 655.9 649.4 617.2 590.4 560.6 535.3 510.7 490.8 480 461.7 444.2 424.7 412.8 396.7 380.6 366.5 353.2 340 328.4 318 297.3 288.7 272.7 246.5 217.7 187.7 167.5
231.8 250.9 269.2 284.6 300 319.3 334.3 354.4 376.9 392.8 403.3 415.4 430.9 446.4 459.6 470.9 482 492.8 500.6 510.2 519.8 529.4 539.4 545.2 538.9 496.5 469.4 460.8 451.8 444.5 451 459.3 464.3 472.6 471.5 464 444.8 445.8 442.6 420.8 401.3 424.9 435.2 441.1 453.3 475.4 496.8 520.4 537 564.9 615.8 640.2 649.5 643.1 625.9 594.5 563 540.2 520.5 494.6 475.3 458.9 450.6 430.6 415.8 399.3 384.1 369.1 356 344.3 333.1 321.3 302.3 289.7 270.8 244.6 222.3 194.2 169.6
245.1 263.4 279.5 298 314.1 336.1 349.3 372.2 390.5 402.9 416.1 428.5 445.3 461.5 475.6 487.3 499.4 509.3 515.7 525.1 536.6 547.7 560.8 568.8 552.8 507.7 487.6 480.3 465.6 460.1 471.8 480.8 490.8 501.5 504.4 486.8 468.8 467.2 453 417.5 422.3 440.1 448.6 455.5 464.7 483.9 506.4 526.3 545.1 571.8 616.1 644.2 650.5 641.2 620.5 595.2 565.4 541.5 530.4 510.2 480.5 461 447.8 430.6 418.3 401.1 386.7 372 359.3 348.5 339 329.5 317 298 272 246.6 223.8 201 177.4
257.1 272.2 289.2 309.9 327.3 346 363.1 382.8 403.1 414.8 428.5 442.3 459.8 477 492.4 502.7 511.8 522.4 530.5 541.7 556.9 575.2 584.7 584 559.2 522.4 504.7 503.3 488 484.8 494.9 502.9 513.5 529.4 533.1 508.2 490.9 481.4 452.7 422.3 433 450.4 458.4 466.5 482.8 491.9 516.4 540.4 558.6 582 621.1 645.2 648 638.8 623.3 594 561.1 538 525 510.1 485 463.1 449.4 430.9 416.4 400.6 388.6 377 365.2 355.8 349.3 337.6 325 301.1 278.4 255.7 231.8 212.2 187.3
264.8 282.1 301.7 323.2 339.7 353.5 374.9 395.5 409.9 424.7 438.8 453.2 472 488.6 504.3 512.8 524.5 535.7 545.8 565.6 583.4 597.2 605.3 601.4 561.2 532.9 527.5 524 509.4 512.2 518.3 525.5 535.9 551.6 546.7 530.4 518.9 495.4 452.9 428.9 442.6 457.8 465.7 478.6 495.1 514.5 538 559.1 575.6 593.7 631.4 646.3 640.4 629.7 620.9 590.3 553.1 529.5 516.4 500 482.1 465.9 448.7 435.2 420.5 405.2 393.8 381.8 369.6 358.1 348.2 332.8 323.5 308.1 296.7 275.5 240.1 224.7 201.5
268.5 290.5 307.1 329.7 343.9 362.8 379.6 393.2 411.3 430.8 445.6 460.5 484 498.8 510.8 521.3 534.2 548.5 564.4 586.6 603.6 611.8 618.7 612.7 578.8 556.9 553.1 552.1 541.5 546.3 547.6 553.4 559.6 565.2 559.6 540.9 524.4 509.5 451.2 437.4 449.3 463 474.2 489.5 511.1 533.6 558.4 576.9 591.2 613 643.9 649 639.8 624.3 609.6 586.9 563.4 537.7 507.6 492.2 480.7 464.2 451.3 438.9 424.8 411 398.7 386.7 374.9 363.1 352.2 340.6 328.4 317.2 305.1 289.3 260.2 237.2 214.8
267.7 288 309.6 327.1 348.3 368 385.5 397.3 415.6 441.1 454.6 467.2 487.3 506.7 516.9 527.2 544.6 559.8 579.5 606.1 617.9 626.4 632.5 627.9 598.3 592.4 588 585 581 577.9 573.4 574.4 588.9 591.2 572.9 545.7 516.9 499.7 455.1 450.3 457.9 471.7 486 505.8 530.6 552.8 584.3 599.5 608.4 634.8 650.4 643.6 632.6 616.6 602.6 585.6 552.6 538.4 501.1 485.2 479.4 463.7 453 442.7 430.1 416 404.8 393.6 382.4 371 359.2 347.5 333.9 321.6 310.5 295.6 284.2 257.1 225.9
271.6 284.8 303.4 324.9 349.3 373.4 390.3 402.9 414.5 444.2 461.1 473.9 492.8 511.6 523.5 535 552.9 571.2 595 618.9 632.8 641.2 645 643.7 620.8 616.7 614.2 611.2 606.5 600.4 597.6 601.7 608.1 599.9 567.7 546.7 510.5 478.7 459.8 463.6 469.8 480.9 498.6 527.2 552.9 574.2 599.4 620.6 629.6 647 650.8 644 630.4 607.6 581.7 557.6 537.9 519.2 503.3 485.5 475.2 465.3 457.4 447.8 435.5 422.9 411.3 400.4 389.3 376.2 362.4 348.7 335.7 322.5 309.1 297.5 285.3 267.7 240.4
288.2 301.4 310.7 324.3 338.5 368 390.1 407.1 418 434.8 456.1 475.4 493.4 512.1 528.9 543.7 562.4 580 606.9 628.4 646.2 652.8 657.7 661.4 660.2 635.6 633.4 634.5 632.7 624.8 625.5 628.1 622.9 592.5 554.6 523.7 499.2 476.4 474.3 481 483.9 494.4 515.3 549.5 572.1 590.6 615.3 634.8 648.2 659.6 658.5 648.1 633.7 615.2 579.5 552.2 530 514.1 499.6 487.2 478.1 468.9 460.2 451.1 439.6 428 416.1 404.9 390.7 378.7 365.7 351.4 338.7 328.2 315.8 303 290.7 278.6 255.3
301.3 312.4 322.5 335.3 348.2 359.8 380.9 397.4 420.2 436.6 450.5 471.1 498.4 517 530.6 545.8 562.2 584.1 608.1 634.5 651.7 662.6 667.3 670.6 677.6 675.3 657.5 653.3 652.3 646.6 646.6 647.6 632.4 594.9 547.1 519.8 492.9 490.9 494 499.9 499.9 512.4 536.8 564 588.8 602.7 631.7 653.6 673.8 677 667.6 654.1 631.9 600.9 576.1 559.8 535.4 515.8 498.9 487.9 478.7 469.7 461.2 452.6 442 430.7 417.4 408.1 394.2 382.3 370.7 357.7 347.2 335.4 322.3 309.9 288.1 274.8 253.3
303 320.3 334.6 346.8 360.8 375.8 388.9 402.7 417.7 437.4 452.4 466.2 491.2 511.1 528.9 543.5 562.3 600.1 608.6 636.1 643.7 657.3 661.6 668.4 677.7 691.8 673.9 669.5 668.3 663.3 667.7 665.4 644.1 604.2 562 524.7 506.6 512.9 517.4 519.6 533.4 535.8 557.9 577.6 602.7 620.1 642.8 675.4 693.3 697.3 688.5 670.7 634.2 601.8 578.4 560.1 544.6 522.7 506.7 488.5 479.8 471.4 462.7 453.9 443.3 432.2 423 412.9 400.6 390.4 379.6 367.5 352.4 341.3 333 323.1 300 278.3 259
280.7 311 337.3 354.7 370.3 384.6 408.1 416.5 430.6 430.2 452.2 466.4 483.6 503.4 526.5 544.1 573.4 597.5 603.6 621.9 630.2 640.1 651.6 650.4 665.2 677 680.9 679.4 682.7 686.5 688.5 683.5 670.3 625.1 586.8 534.5 522.7 534 544 553.6 567.2 564.7 579.6 600.6 622.7 648.5 669.4 697.9 711.7 722.4 711.9 690.1 634.8 609.2 585 563.9 555.3 534.2 513.2 490 481.4 470.7 461.3 453 445.5 436.4 427.3 416.4 406.8 398.1 388.7 377.8 365.7 355.2 343.5 332.3 313.7 295.3 270.2
267 299 336.9 356.9 367.4 383.7 415 429.8 436.4 449.2 458.2 461 480 498.8 520 536.5 560.5 582.9 593 598.6 616.4 625.5 639.3 649.6 661.9 678.4 688.5 688.5 693.5 701.2 698.9 691.4 675.5 635.9 595.7 550 543.6 555.6 573.3 581.5 586.7 600.4 612.4 624.4 642.2 676.4 700.5 713.2 734.2 743.6 726.5 691.6 646.7 612.5 590.9 566.8 556.3 540.4 516.2 491.1 481.2 474.4 466.5 458.3 449.3 440.6 431.5 422.5 413.3 405.8 398.2 387.2 376.8 365.4 351.6 336.9 322.8 313.6 273.1
267.7 302.5 341.7 355.2 368.2 385.2 410.2 434.4 442.8 453.8 462.1 464 482.2 501.7 519 530.7 548.8 564.7 577.6 585 602.3 618.1 638 648.4 665.5 685.7 689.2 688.4 700.4 709.4 707.2 693.6 667.2 626.1 590 556.4 564.3 576.4 587.5 602.7 618.9 634.9 644 653.4 669 702 725.4 738.2 751 751.6 731.3 694.1 651.9 619.2 595.7 578.6 569.3 560.2 524 496.5 486.3 479.7 471 462.5 453.3 443.5 435.4 426.8 418.7 411.8 405 396.4 386.2 376.4 359.2 349.2 332.1 311.5 280.9
257.7 302.5 338.3 354.9 369.1 385.3 405.4 433.5 447.6 459.3 470.1 480.7 491.9 497 509.8 528.1 547.5 556.5 569.2 579.1 594.1 613.8 631.7 650.3 662.5 675.5 689.5 692.3 708.2 713.9 710.3 686.5 655.2 625.6 592.3 575.3 587 598 621.3 646.6 676.9 671.9 676.3 690.8 709.1 719 738 762.6 765.7 742.8 721.8 688.4 666.5 628.3 604.4 588.3 578 557.1 536.3 514.2 499 488.8 478.5 467.8 456.5 448.8 440 431.6 421.4 417.1 411.6 403.8 394.7 383.1 369 348.9 327.3 305.5 289.3
