webserver/python/data/NN23.asc
ncols 200
nrows 200
xllcorner 220000
yllcorner 730000
cellsize 50
[rows 140 to 174 of 200, columns 0 to 77 of 200]
260 258.5 256.3 256.3 256.3 256.5 256.9 257.4 257.9 260.2 262.7 264.6 266.4 267.8 268 270.5 272.6 274.9 278 283.3 288.7 292.6 295 295.1 295.6 296.8 297.1 301.1 306.3 310 313.3 310.1 306.8 304.3 304.6 303.3 301.6 300.3 299 296.3 293 288.8 284.8 280.1 274.7 268.1 262.3 254.3 244.1 234 226.6 215.5 211.5 204.4 197.3 195.1 196 198.9 203.5 198.3 198.9 199.8 200.3 203.2 210.9 199.3 199.1 199.1 199.1 201.6 200.1 192.7 186.6 180.2 180.9 166.2 157.7 153.5
251.7 253.4 253.2 254.6 256.8 258.7 258.3 258.8 260.2 266.2 263.6 268 269.8 273 273.5 276.4 277.8 280.3 283.7 289.4 294 297.4 300.1 300.6 300.7 304.9 309.4 312 315.4 317.3 316.1 311.8 312.7 313.2 315.8 314.9 314.4 312.7 310.8 307.6 304.4 296.9 294.3 288.8 282.2 275.3 265.8 257.4 249.2 237.4 227.3 218.5 208.6 204.4 200.7 202.3 201.5 202.6 207.3 204 203.5 201.1 203.1 208.5 211.1 204.4 201.5 200.1 196 189.8 189.2 188 185.4 180 171.9 163.6 159.7 156.8
253.1 255.7 258.1 259.6 261.4 262.9 261.3 264.8 264.8 267.7 270.2 273.9 274.5 278.6 279.1 282.6 283.4 287.4 288.7 296.1 299.2 303.3 305.9 306.6 312 317.4 322.3 322.3 320.9 320.6 319.2 316.9 317.4 323 327.1 328.2 328 327.2 324.1 320.5 316.7 309.2 304.4 299.4 288.9 281.8 272.3 256.5 253.2 238.9 227.7 217.2 210.1 206.1 210.5 208.4 206.6 207.7 212.8 213.1 211.4 209.2 211 213.2 213.6 210.6 206.6 201.9 198.8 194.1 192.1 191.2 189.1 183.6 175.6 168.5 163.6 159.4
261.6 263.3 263.9 264.7 267.1 267.7 265.1 264.9 268.4 274 277.1 282.8 283.4 284.3 290.3 289.9 289.5 292.8 295 301.9 306.1 309.6 311.9 318.2 322 321.4 323.7 324.8 325.5 326.4 325.6 327.5 327.5 333 338.9 341.4 343.2 340.6 337.3 334.8 331.5 322.4 317.9 310.3 300 290.4 274.4 260 250.5 241 224 211.4 212.6 212.1 213 214.7 214.1 213.9 218.5 219.5 218.4 216.5 216.4 218.7 217.6 215.3 210.2 207 203.7 202.8 201.2 196.6 192 187.4 180.1 172.3 167.5 162.7
268.4 270.9 270.7 273.3 274.6 275.3 273.3 272.9 279.4 280.2 285.3 286.9 290 292.6 296.4 301.9 302.3 299.3 303.2 308.5 313.2 319.5 322.6 322.7 324.1 326 329.3 331.2 333.1 334.6 335.6 332.3 337.6 342.1 351.1 354.7 355.9 354.7 351 348.6 348.1 336.9 330.3 323 315 293.3 274.8 264.4 259.8 240.1 221.5 220.3 224.4 217.7 219.9 223 230.3 219.3 225.4 225.3 223 221.1 220.2 218.8 219.7 220.3 218.4 215.1 212 211.8 209.5 202.5 195.4 189.8 183.3 176.1 171.3 166.6
278.9 281 283.3 284.6 283.7 284.7 286.6 287.7 287.3 290.6 292.1 296.3 299.4 300.6 304.7 310.6 314.3 309.2 311 315.9 321.5 324.9 325.5 329.7 334.5 333.7 337.4 340.2 341.8 342.8 344.7 340.5 347.2 353.1 361.6 363.2 364.7 366 364.5 361.5 357.4 352.6 345.6 333.2 319.8 294.3 274.4 263.2 255.5 240.1 223.3 224 231.1 227.2 227.2 226.9 237.7 229.3 232.3 232.8 228.9 224.8 222.2 220.6 224.4 227.8 226.6 221.1 218.6 220.7 216 207.8 200.4 193.4 187.1 179.7 174.9 169.1
291.7 293.4 293.1 297.9 293.5 293.5 298.7 295.4 298.3 301.2 300.9 306.4 308.7 311.4 312.1 317.5 321.1 319.6 322 325.5 331.2 335.9 338.4 341.3 344.3 343.5 346.5 348.7 350.9 351.5 352.9 349.3 356.5 362.8 367.1 371.1 372.5 375.3 376.7 375.4 372.1 369.6 360.2 346.7 318.2 292.6 275.2 264.2 253.5 247.4 224.3 232.9 233.5 238.7 235 237.6 241 238.6 241.9 243.6 240.9 234.2 232.4 228 226.1 230.7 229.4 225.6 224.1 230.6 226.7 213.7 202.3 194.3 189.5 182.3 176.3 171.2
303.1 302.8 304.1 305.6 303.2 303 307.3 306 308.7 313.1 309.6 316.6 318.9 321.8 322.8 328.6 328.7 332.2 332.5 336 341.7 345.1 348.2 351.4 354.7 355.3 354.6 357.1 360 360 361.8 361.5 363.8 367.9 373.1 377.3 381.7 384.3 387.3 389.5 393.1 387.3 372.4 342.3 310.3 288.4 275.7 269.4 258.5 244.6 234.3 241.8 241.2 246.7 243.8 245.9 250.7 249.8 252.6 255 254.2 248.9 248.3 242.3 237.4 237.7 232.9 231 229.6 230.9 230.1 216.3 204.6 194.6 189.2 182.4 177 172.7
314 314 313.9 314.6 313.4 314.3 320.5 322.3 322.2 321 319.9 326 330.4 333.8 339.8 339.5 339.8 341.5 343.5 346 349.7 358.4 365 364.6 364.9 363.8 365.7 367.7 370 372.2 375.5 375.1 374 373.9 379.3 382.8 386.6 393.1 399.3 400.5 400 388.7 357.7 323.8 303 285.4 275.1 266 268.5 248.5 243.4 251.6 250.1 261.6 257.4 265 265.1 260.5 261.9 267.8 267.2 259.8 259.6 253.8 248.2 246.9 243.7 238.8 235.9 233.2 226.2 216.7 203.9 194.5 187.2 181.1 177.1 174.5
326.7 328.6 327.3 330.3 328.7 326.8 332.9 334.8 338 333.3 332.5 338 340.9 343.8 347.2 352.7 352 354 358.2 359.5 362.1 367.8 377.5 378.8 374.4 372.9 373.3 375.3 377.6 380.8 386.8 388.8 386.5 383.8 385.6 390.2 393.5 398.6 406.8 406.7 396.7 372 338.1 316 298.6 286.9 280.1 271 256.2 255.3 249.2 264.1 262.1 266.9 270.3 270.3 279.4 274.6 272.5 274.2 280.8 277.2 268.7 264.3 260.4 260.3 254.9 246.7 240.9 232.2 226.4 215.9 202 193.6 186.8 180.4 178.4 177.4
343.3 341 344.3 344 344.1 341.8 345.4 346.8 350 344.7 345.8 351.1 353.9 356.2 359.4 364.4 365.5 364.9 375.5 371.1 377 375.3 387 388 386.2 383.7 381.2 382.4 386 388.4 392.7 397.9 395.1 391.9 392.5 397.3 399.7 403.9 408.8 398.7 380.2 346.8 325.4 311.2 296.6 287.6 280.4 263.2 262.8 261.1 268.3 263.2 271.6 280.6 287.1 285.1 290.3 291 290.8 287.2 291.7 292.4 285 275.9 270 266.5 258.2 250.5 239.8 233.6 226 212.5 198.7 190.8 184 179.6 178.1 177
359.2 354.8 357.1 359.3 359.8 356.8 358 358.1 360.1 356 358.4 363.8 366.6 371.5 374.6 378.9 378.6 377.2 381.7 381.6 391.8 390.9 392.3 398.2 397.6 397.2 396.6 397.8 398.4 398.3 399.9 405.5 403.4 401.5 401.4 402.7 402.9 405.4 398.4 384.2 356.8 339.5 323.2 307.5 295.3 289.1 279.3 267 268.5 276.2 272.7 284.6 282.7 287.7 304.4 302.4 298.4 304.8 308.3 306.2 301.5 303.7 296 286.8 280.5 273.7 265.5 249.3 241.8 236 224.1 209 195.8 189 183.2 179.2 176.1 174.5
379 370.3 372.3 370.2 366.7 370.6 372 372.4 372.4 373.3 374.3 381.6 384.7 387 388.9 391.9 392.9 389.7 395.1 390.8 400.9 402.7 400.2 405.7 407.2 410 412.6 413.6 412.6 411 412 411.8 409.3 405.4 405.2 404.4 403.8 399.8 391.9 370.9 346.3 332.6 317.9 306.8 297.2 287.6 279.5 267.8 279.3 277.3 288.7 285.6 299.3 300.8 311.9 315.7 315.3 320.2 322.1 321.6 313.7 314.3 307.5 297 288.5 276.1 265.1 256.8 242.9 232.1 221 205.7 194.3 187.8 182.3 178.1 174.4 170.5
400.9 388.4 387.7 382.4 381.2 384.9 396.9 401.7 399.3 399 397.3 399.5 406.6 413.5 407.5 406.2 408.4 404.2 409.2 405.4 409.4 414.3 411.7 414.8 420.3 424.9 432.4 436.2 431 426.2 422.7 419.4 415.3 408.3 408.5 405.8 401.2 399.7 394.9 363.5 348.4 331.5 317.7 306.2 294.8 282 274.4 278.9 282 283.8 290.4 301.7 309 319.6 326.5 331.4 332.4 335.2 335.4 332.9 326.7 321.4 316.8 307.9 291.7 277.3 268.3 264.5 243.4 229.3 218.4 205.9 193.8 186.9 181.2 176.5 172.8 166.8
415.2 414.7 409.2 401.6 401.9 404.2 417.9 428.4 434.5 437.8 434 427.7 428 436 435.3 432.2 423.6 419.4 423.6 418.1 420.6 427.2 422.6 427.2 433.5 439.6 443.8 445.5 443.5 440.1 433.6 429.8 423.1 411.3 407.2 403.3 398 398.4 386.8 355.9 340.2 327.6 315.8 305.7 296.7 282.2 286.6 288.1 294.4 300.2 300.4 309.7 321.8 334.6 343.4 346.1 348.4 347.4 347.3 344 338.5 329.8 326.1 314.1 295.9 281.1 269.7 264 245.1 233.7 213.5 203.2 191.2 184.9 179.5 172.2 168.8 161
433.5 436.3 434.2 428 436.1 445.1 452.2 454.1 458.5 462.9 465 466 463.4 461.6 459.1 456 448.6 436.5 438.3 432.4 435.9 437.9 436.5 438.9 445.1 448.2 452.2 455.6 455.8 443.4 432.3 425 414.5 412 408 403.5 397.2 393 368.5 348.7 337.7 325.9 315.2 305.2 289.1 297.8 295.5 296.8 298.5 305.7 311.2 324.2 331.7 350.3 357.3 361.5 363.4 360.7 359.1 355.3 349.9 343.3 337.4 318.1 299.2 284.4 272.8 253.3 243.6 231.9 211.6 197.3 188.3 182.1 177.3 169.1 163.6 156.4
455.2 454.3 457.9 460.6 466.7 470.6 477.6 493.6 494.9 488.7 488 494.3 500.7 490.5 479.2 473.9 463.5 457.3 453.2 448.7 449 448.9 449.8 452.5 457.7 462.1 461.8 455.9 449.6 442.3 428.6 416.6 409.7 405.6 402.3 401 396 382.1 361.4 351.7 337.3 324.9 311.9 297.2 306.7 308.2 299.6 300.6 308 312.7 317.7 326.9 351.7 367.5 375.7 379.3 379.7 378.3 376 371.2 361.7 355.7 342 321.5 302.4 286.1 270.5 248.6 242.7 229.3 205 192.2 185.1 178.9 172.7 166.1 160.1 149.3
476 477.7 481.9 489.6 494 498.2 499.7 507.2 518.7 511.8 508.8 512.5 517.6 517.2 510.7 499.9 485.4 477.2 469.5 462 461.6 461.2 462.6 466.1 468.7 475.5 472 463.2 451.1 437.3 423.3 416.2 408.5 403.2 399.9 398.5 391.1 373.9 359.9 347.8 335 316.2 308 314.9 309 310.8 312.1 312.2 309.5 323.6 334.1 348.6 380.7 392.4 394.3 397.8 399.6 394.8 391.7 387.1 374.5 362.5 348.3 327.3 302.7 284.8 264.9 248.6 239.6 221.2 202 188.1 181.5 174.1 167.8 161.8 154.4 141.1
504 506.8 512.1 513 513.5 518 519.6 517.4 522.8 529.5 528.8 526.6 528.4 533.4 528.8 519.2 504.6 496.8 489.1 483.1 478.1 476 475.2 475.7 484.5 492.9 488.4 474.4 456.9 445.2 431.5 416 405.6 402.1 398.9 393.2 385.7 369.1 350.3 343.4 329.8 324.8 317.2 323.4 315.6 311.5 315.9 317.4 322.4 334.6 353.6 366.7 380.1 396.5 415.2 424.5 419.9 410.9 404.1 396.4 379.7 363.5 343.8 325.4 303.4 280.4 260.6 245.9 236.2 213.6 199.8 189 179.6 169 162.7 156.2 149.8 135.3
536.2 530.4 527.3 533.5 531.4 532 534.4 534.6 530.2 537.8 545.1 538.8 535.6 539.7 547.7 543.2 532.3 526.6 520.3 514.9 505.9 497.9 493.8 490.9 491 495.3 497.6 486.7 463 449.3 435.7 420.3 409.9 405.1 400.1 394.6 386.6 372.7 361.7 350.7 338.7 327.3 327.3 322.7 325.2 316.8 322.3 329.8 337.8 356.2 366 379.2 389.5 400.4 414 429.7 438.4 435.2 410.7 398.1 384.9 364.2 342.8 322.8 299.3 276 257.4 239.2 223 207.2 192.9 183.4 175.9 164.6 157 150.4 141 130.4
560.1 558.1 545.4 539.9 542.6 541.4 546.8 551.1 538.4 540.5 551.5 556.1 552.6 547.8 557.9 561 559 553.3 550.1 543.2 534 525.4 512.8 504.4 500.4 496.3 497.9 485.9 468.1 452.2 439.6 426.2 415.2 414.7 413.3 404 391.5 374.4 362.4 352 339.5 333.5 331.3 323.8 324.7 328 334.4 346.7 358.2 365.9 375.3 382.3 396.5 407.9 414.5 423.4 439.4 438.2 414.4 399.4 391.3 368.7 340.2 325.2 290.1 269 249.7 231.7 214.9 202.4 188.8 177.5 170 157.9 151.2 144.5 136.1 124.6
573.4 568.6 558 547.5 549.5 551.7 555.6 553 546.2 542.6 564.8 570.8 567.8 558.4 562.2 567.4 567.2 566.4 566 561.9 550.2 534.6 526 519.3 510.1 500.2 493.9 490 481.1 458.6 444.1 432.3 423.9 430.1 426.2 413.9 392 374.7 361.7 350.3 342.2 343.4 336.9 329.5 330.8 340.1 349.8 373.1 373.1 377.5 377.2 383 396.2 408.7 418.6 425.8 435.1 433.8 409.6 393.4 386.3 362.8 336.1 317.6 284.9 262.6 244.8 227.4 213.6 198.4 186.5 176.3 162.3 152.8 146.3 139.9 131.4 122
579 576 575.1 565.3 556.2 553.2 551.8 551.3 551.2 546.2 566 579.5 583.5 568 558.3 562.8 569.3 575 576.2 574.2 568.1 554.8 538.2 525.7 517.2 505.4 491.7 489.2 481.8 463.8 451.1 443.9 435.4 430.4 424.5 415.3 390.5 374.8 361.4 352.6 347.7 346.8 342.6 343.9 345.7 356 382.2 387.8 387.8 390.1 389.9 388.1 391.4 400.5 414 419 425.7 426 402.4 388.7 375.1 356.8 330.5 311.8 278.4 256.2 238.2 221.7 208.5 196.1 181.2 170.2 157.4 148 143 137.2 127.3 118
577.9 585.8 585.4 575.9 563.2 554.8 550.1 551 554.7 549.9 557.9 572.1 577.2 564.7 554.2 559.4 568.8 580.2 582.5 580.3 574.9 564 547.8 532.4 519.8 509.3 492.8 486.2 481.4 469.8 460.7 449.7 439.5 429.9 421 407 390.5 374.6 362 358.4 355.3 353.2 354.5 357.4 364.1 388 403.3 402.5 400.4 402.4 398.1 398.1 396.3 400.9 406.2 409.4 417.1 413.8 395.3 381.4 365 347 321.2 303.8 268.2 245.9 230.8 215.8 203.1 188.6 175.4 164 152.4 143.1 138 131.9 123.5 113.7
581.2 582.3 592.6 583.7 572.6 561 557.8 553.5 553.8 551.8 552.7 558.8 563.7 556.3 547.6 555.6 565.7 580.2 584.6 580.7 575.6 567.8 554 538.3 523.5 508.6 498.3 485.8 482.2 474.7 465 453 440.5 432.3 417.1 400.7 386.9 375.4 366.1 360.8 361.1 360.7 365.2 370.3 379.5 411.8 417.2 416.9 412.7 411.5 404.3 403.5 402.9 402.7 403.2 403.6 403.7 401.1 386.5 373.5 357.2 337.8 310.3 294.7 258.3 238.4 224.1 210.4 197 183.9 173.2 160.6 148 139.6 134 129.1 118.3 109.6
591.7 583.1 582.6 582.2 572.8 568 561.4 554.7 545.8 550.2 556.5 560.6 555.2 548.4 542.1 549.4 558.5 575 584.7 580.2 576.2 568.1 557.2 543.6 531.7 517.2 503.6 489.7 483.5 479.5 468.6 454.1 441.1 429.9 411.7 396.9 387.2 377.6 371.1 367.9 368.1 369.8 376.3 382.8 404.7 423.6 423.6 420.6 418 414.8 410.7 406.5 409 409 408.5 404.5 396.5 391.9 376.8 367.2 350.4 325.4 303 286.7 253.5 233.5 219.9 205.2 192.6 178.3 162.9 154 143.5 133.9 128.6 122.5 112.3 104.8
604.4 584.9 575.5 577.2 573.6 566.8 557.6 550 539.8 543 552.5 557.4 551.3 543.8 543.4 541.7 550.1 565.2 580.7 580.4 573.1 571.3 566.8 558.1 544 526.2 510.2 497.7 486.1 482 469.8 455 442.3 427.6 412.6 399.8 389.3 380.5 375.8 375.9 377.8 380.6 388 399.7 438.4 433.1 430 428 426.7 423.4 417.7 415.5 414 416.9 414.9 405.8 396.4 385.1 376.6 366.9 343.2 316.6 297.4 283.5 249.9 230.3 214.2 199 187.6 175.4 163.8 151.2 139.8 128.5 119.7 113.5 106.6 99
611.6 592.3 576.3 575.3 577.6 565.1 554.3 545.8 534.2 537.7 542.7 547.1 551.2 546.2 541.7 541.7 544.2 553.9 573.6 577 574.2 574.5 573.4 571.6 551.9 529.3 514.8 504.8 487 479.2 468.2 454.4 442.8 429 414.3 399.9 387.7 381.8 380.6 382 383.5 388.2 398.8 439.5 447 448 448.6 442.8 437.6 431 425.2 432.5 421.4 418.7 416.4 411.3 397.9 384.9 374.6 354.5 334.3 309.2 288.1 269.9 242.6 224.3 208.3 194.4 182.8 171.3 159.5 144.8 133.3 123.3 114.7 106.5 100.8 93.2
621.3 600 578.6 575.4 575.8 564.9 550.3 544 529.9 526 532.2 537.6 546.8 546.9 543.7 541.4 544.1 544.5 563.5 569 571.5 570.8 573 573 554.7 529.1 515.8 502.4 484.3 474.7 462.8 451.3 446.6 431.1 415.8 401.5 388.2 382.8 380.9 384.4 387.6 392.8 417 444.8 449.1 461.3 472.3 463.5 454.6 437.2 430.3 436 430.6 420.3 414.5 409.9 400.9 386.6 369.3 346.9 322.1 300.6 280 261.5 234 217.3 202 187.7 176 166.8 153.2 138.7 126.7 117.1 109 101.4 94.5 87.9
626.3 606.1 582.3 569.3 571.4 560.1 545.2 537.9 528 522.5 523.6 530.2 538.4 545.2 550.4 542.8 540.4 541.9 549.7 559 563.8 566.9 567.5 567.8 554.4 536.1 518.3 503 486.8 468.6 457.2 447.6 442.7 431 413.8 399.2 385.6 379.6 379.6 379.6 381.9 391.1 433.4 451.3 453.4 466.4 472.3 475.8 469.5 444 433.4 431.7 432.1 422.2 411.5 406.6 400.9 385.2 365.7 339.1 312.2 288.1 270.5 246.7 225.4 210 194.1 180.8 170.1 160.2 146.8 133.8 121.2 109.1 101.5 95 87.8 81
624.6 611.8 585.6 566.8 562.3 554.4 542.4 534.5 526.7 522.7 521.7 531 536.6 540 548.5 547.7 541.7 541.8 541.7 548.2 554.4 560 563.4 566.4 557.5 546.6 527.6 512.1 491.4 467.9 450.7 443.4 438.9 429.6 412 396.6 386.2 379.6 379.6 379.6 379.6 391.2 435.5 448.2 446.1 461.2 467 472.2 467.6 444.4 433 429.1 427.6 418.1 406.2 400.1 395.3 380.6 363.6 336.6 305.1 278.5 256.1 237.3 217.4 202.7 186.4 174.2 165.7 154.6 141.5 129 115.7 104.5 93.9 87.4 82 78
623.2 616.1 587.7 564.2 555.5 555.2 545.3 533.5 527.2 523.7 523.5 523.8 527.7 531 541.2 551.3 541.7 536.7 537.2 538.6 544.7 552.9 558.9 560.3 555 555.7 543.3 527.6 491.4 469.5 449.1 438.9 431 419 406.7 396.7 390.4 382.3 379.6 379.6 381.2 390.1 425.2 436.6 437.4 449.7 459.3 464.9 458.9 442.8 432.6 426.4 419 413.8 400.5 390.9 384.1 369.8 360.8 329.4 303.1 267.8 247 220 207.8 195.1 176.7 167.8 159.9 148 136.5 125.2 111.7 100.3 90.4 81.6 77.9 75.9
618.6 612.4 592.8 564.7 549.3 550.8 546.1 533.6 526.4 526.1 520.6 516 519.4 528 533.2 544.4 543.2 531.5 529.7 529.7 535.5 544 553 554.5 557.8 558.6 561.8 540.4 493.9 465.9 450.2 432.3 424.7 414 400.7 394.6 389.4 384.1 379.6 379.6 383.4 391.8 411.8 415.5 426.5 436.2 449.2 454.2 451.6 442.5 431.6 426.5 413.2 409.3 396.5 383.7 371.2 360.2 342.9 312.6 281.5 254.4 237.8 213.5 192.9 183.6 168.7 158.6 152 143.9 130 119.3 103.3 92.7 86.1 78.3 74.4 72.5
612.8 611.5 600.7 567.9 546.1 543.5 544.4 532.2 524.9 518.2 513.7 513.4 515.7 530.3 527.8 537.9 542.2 534.8 522.7 523.9 528.3 535.7 545.8 551.3 553.9 555.1 554.6 523.3 490.9 461.8 447.4 430.5 418.1 409.8 395.3 386.1 383.2 380.4 382.1 382.3 383.3 385.2 394 399.4 413.8 421.8 441.7 447.8 444.6 436.5 428.2 418.4 407 400 390.4 372.6 358 344.5 319.3 285.6 261.4 241.3 228.1 208.4 188.9 169.7 154.3 148.6 143.3 136.2 124.8 111.9 98.4 87.7 80.9 74.7 71.2 70.5
607.4 607.9 598.7 567.5 541.3 538.3 542.9 528.4 515.9 510.2 507.2 509.4 511.9 524.9 523.4 531.9 537.6 531.6 521.2 522.5 524.7 527.1 537.6 542 540.6 543.4 535.1 514.4 488.4 458.4 441.5 425 413.3 403 389.8 379.7 377.7 380.5 384.5 382.2 376.7 378.3 386.5 389.2 400.4 411.9 431.7 436.9 434.7 431.3 425.4 413.3 400.3 391.9 377.2 356.1 339.7 320.4 294.4 262.7 240.5 228.9 218.3 197.1 176.1 157.8 143.6 141.4 135.6 128.5 118.2 100.9 89.1 81.6 75.7 71.7 69.8 69.5
