webserver/python/data/NN35.asc
ncols 200
nrows 200
xllcorner 230000
yllcorner 750000
cellsize 50
[rows 105 to 139 of 200, columns 0 to 77 of 200]
304 303.2 304.4 305.6 306.5 307.2 307.7 307.7 307.7 308.4 308.6 307.6 306.7 306.5 305.9 305.4 305 304.8 304.2 304.1 303.1 303.1 301.3 306.1 304.9 306.7 309 309 309.7 309.6 309 310.8 314.1 317.7 318 318.8 320.2 318.9 318.2 318.3 318.7 322.6 323.9 321.5 320.8 322.3 323.7 323 322.4 322.1 324.1 324.3 324.8 322.6 323.6 322.6 324.7 329.5 321.3 321.5 326.7 330.5 325.1 323.9 326.3 329.1 331.4 331 331.1 331.6 332 332.5 333.9 336.1 335.6 337.9 340.2 341
303.4 302.8 303.7 304.6 305.6 306.2 306.6 306.6 306.8 307.8 308 307.1 306.2 305.5 304.6 304.2 304.4 304.4 304.6 305.9 303 301.9 300.5 304.3 304 304.2 304.2 306.2 309 308.7 307.9 314 316.7 314.5 314.6 315 316.7 317 316.4 317.5 317.8 318.7 319.8 319.9 319.6 319.6 320.4 321.2 321.3 320.8 321.6 322.6 320.6 320 319.8 318.5 323.6 329.2 318.9 320.2 321.8 322.6 321.3 321.9 324.1 328.9 329.5 329.2 327.4 327.9 328.7 328.9 328.2 329.7 331.7 333.6 334.9 334.1
302.8 302.5 302.9 303.8 304.7 305.3 305.4 306.2 307 307.3 307.4 306.3 305.8 304.7 303.6 303.3 303.7 303.8 303.8 302.8 301.9 300.6 302.2 302.4 303.7 303 301.2 302.8 307.3 306.1 306.9 312.7 311.3 311.8 311.7 311.3 313.2 314.9 317.9 317 316.9 317.2 317.3 317.8 317.5 317.6 318.6 319.5 320.8 320 319.7 320.6 319.3 318.8 318.2 317.2 317.6 326.5 323.1 320.8 320.1 317.5 318.8 320.8 323 329.2 330.3 325.4 323.9 323.4 327.5 329.3 324.1 325 326.8 328.4 329.2 329
302.4 302.2 302.5 302.9 303.5 303.6 304.3 304.9 305.6 306.4 306.2 305.8 304.9 303 302.2 301.9 302.8 303.5 303.3 302.2 301.6 301.3 302.2 300.4 300.4 300.1 300 301.5 302.6 304.4 306.1 307.4 308.8 308.7 309.2 308.6 311 314.9 318.2 317.6 315.8 315.6 315.7 316 317.2 316.8 316.8 317.1 318.3 318.9 317.9 318.9 317.2 318.9 317.5 316.2 315.8 314.5 318.5 321.6 323.9 320.2 316.7 318.3 320 323.1 326.7 322 319.9 319.6 321.9 322.3 320.8 321 321.9 322.6 323.4 324
302.2 301.9 301.9 302.7 302.3 302.2 302.8 303.4 304.3 305.3 305.5 305.2 303.3 301.5 301.3 301.5 301.9 302.8 302.7 301.9 304.6 300.6 300.6 300.4 299.7 300.2 300.5 301.4 302.8 304 303.7 303.7 306.6 306.5 306.4 307.1 309.5 311.6 312.4 312.6 314.2 313.5 313.5 313.9 316.8 316.9 315.2 314 314.9 315.8 319.3 317.2 315.6 317 315.4 315.7 316.4 316 313.5 315.9 319.8 319.3 315.4 316.8 318.3 318.3 321.2 318.3 315.8 316.6 317.3 318.5 320.7 319.1 317.8 318 318.5 318.2
302.3 300.6 302.2 302 301.6 301.1 301.2 302.1 303.5 304.1 304.3 304 302 300.6 300.9 301.1 301 301.8 301.6 301.4 301.7 300.4 300 299.6 299.4 300 300.3 301.6 302.8 303.9 303.7 303.7 305 304.9 305.1 306 308 309.8 310.6 310.9 310.7 311.5 311.5 312.3 314.9 313.9 310.7 312 313 313.3 314.4 316.7 315.5 314.3 313.2 313.7 314.4 316 311.1 312.8 314.7 313.6 313.5 314.3 314.7 315.5 319.1 319.1 313.2 313.5 316.9 321.1 320.9 313.1 314.7 316.1 318.9 315.7
301.7 301 300.2 300.1 300.4 299.9 300.1 301.3 302.7 302.9 303.1 303.1 301.6 300.1 300.5 300.8 301 300.5 300.6 301.2 301.2 299.5 299.8 299.6 298.9 299.7 300.5 301.7 302.9 304.1 303.7 305.1 304.8 304.1 304.3 304.9 306.3 307.9 308.9 309.9 310.2 309.7 309.5 311 311.8 311 309.3 310.5 310.7 310.3 311.7 314.4 314.3 311.2 310.7 311.7 311.4 309.4 309.2 310.3 311.4 310.4 309.5 310.3 310.8 310.8 310.8 312.3 311.4 310.9 311.6 314.2 313.9 311.7 312.1 315.7 318.7 311.7
301.1 300.6 298.9 298.1 300 298.9 299.8 300.7 301.5 301.9 302.2 302.3 301 299.8 299.6 300.3 300.9 300.3 300.1 300 300.2 298 298 298.9 299.2 299.9 300.8 301.9 303 303.8 303.9 305.5 304.6 303.5 303.5 304.1 304.7 306.1 307.1 308.1 308.8 308.7 308.6 308.9 309.4 309.4 307.6 309 310.5 310.2 309.7 310.4 310.9 310.3 309.6 310.2 310.7 309.2 307.6 308.8 309.8 308.6 307.1 307.4 308 308.2 307.9 307.6 307.7 307.3 307.5 310.9 309.1 309.1 310.5 310.8 311.1 309.8
300.9 300.4 298.9 298.7 298.6 298.9 300.2 300.9 301.2 301.5 301.8 301.5 300.6 299.4 298.9 299.5 300 299.3 298.9 298.1 297.8 298 296.5 297.1 299.7 302 300.8 301.5 302.2 303 303 304.3 303.8 302.9 302.8 303.4 304 304.6 305.3 306.3 307.3 307.2 308.2 309.1 308.7 307.9 306.8 308 308.9 308.4 308.3 308.8 308.8 308.8 309.2 309.6 310.4 309.6 306.7 306.7 306.8 306.5 305.3 305.1 305.3 305.4 305 304.7 304.4 304.1 304.3 307.2 305.2 305.2 306.9 308.5 307.5 306.8
299.8 299.5 298.4 299 299 298.9 300.1 300.9 300.9 301.2 301.3 300.7 299.9 299.4 298.9 298.6 299 298 297.4 297.6 296.2 296.7 297 295.7 296.4 298.8 300 300.8 301.5 302.2 302.4 303.1 302.9 302 302.2 302.6 303.1 303.5 304 304.7 305.4 305.3 306 309.9 314.4 308.4 305.6 306.7 306.7 306.4 306.5 307.4 307.4 309 309.8 309.8 309.7 307.8 305.8 303.6 303.3 302.9 302.1 302.4 302.6 302.5 302.1 301.8 301.6 301.2 300.9 302.2 302.2 302 303.9 306.2 304.5 303.7
297.9 298.4 297.8 298.7 298.8 298.9 299.1 300.1 300.1 301.3 300.5 299.8 299 299 298.3 298.5 297.9 297.1 297.3 297.5 296.3 295.1 295.5 296.3 297.7 299.2 299.8 300.3 300.9 301.4 301.6 301.9 302 301 301.1 301.7 302.3 302.6 302.6 302.7 302.8 303.4 303.8 303.8 306.3 306.8 304.7 304.9 304.6 304.4 304.8 306.1 306.1 307.3 308.7 308.3 306.6 305.7 304 302.3 300.4 299.8 299.4 299 299.9 299.9 299.4 299 298.8 298.7 298.5 299.8 300.9 300.1 301 302.9 302.5 302.5
297.6 297 296.9 298 298.6 298.7 299.1 299.4 299.3 300.1 299.5 300 297.7 297.9 297.9 298 297.1 296.4 296.5 296.7 297.6 295.1 295.2 295.5 297 298.7 299.3 299.8 300.3 300.8 301.1 301.3 301.4 299.9 300.2 301 301.5 301.7 301.5 301.2 301.6 303 304 303 303.6 303.8 303.5 302.8 303.3 302.9 303.3 304.5 305 305 306.2 305.7 305.2 304.1 302.4 300.7 299.3 298.9 298.5 297.2 296.7 297.2 296.8 296.3 296 295.9 295.8 297.9 299.2 298.7 297.9 298.8 300.2 301.1
297.4 296.5 296.3 297.3 298.2 298.5 299 299.3 299.2 299.2 299.3 299 295.4 295.1 296.9 297.9 296.9 294.7 295.1 295.5 295.3 295.2 295.2 295.3 296.6 298.2 298.9 299.5 299.7 299.9 300.6 300.8 300.6 300.3 300 300.4 300.7 300.8 299.8 299.4 300.5 301.9 302.6 302.2 303 304.4 303.6 303.1 302.9 302.1 303.7 303.9 305.9 307.9 306.3 303.8 302.4 301.8 300.8 299.1 298.2 297.5 296.2 294.9 293.9 294.6 294.1 293.8 293.6 293.8 294.1 295.8 296.2 295.9 295.6 295.8 297.1 297.4
297.3 297 297.2 297.6 297.9 298.2 298.5 298.7 298.9 298.9 297.2 295.8 293.7 294.1 294.1 295.3 296.1 295.2 294.5 294.5 294.7 295.9 296 295.9 296.4 297.6 298.5 298.8 298.6 298.4 299.2 300.3 300.2 300.1 299.6 299.8 300.1 300.2 299.6 298.9 299.4 300.9 303 302.3 303.5 303.9 303.7 302.7 302 300.3 302.8 305 306.6 305.9 304.3 302.7 301.4 300.1 298.8 297.8 297.3 296 294.2 292.7 292.4 291.4 292 291.9 291.9 292.3 293 292.7 292.8 292.3 291.9 292.1 293.2 293.1
297 295.9 296.9 297.7 297.5 297 297.5 298.5 296.3 297.9 296.2 294.6 294.1 294.1 294.5 295.9 296.5 295.3 294.1 295.7 295.7 298.9 298.3 296.4 297.3 297.5 298.1 298.4 298 297.6 298 300.3 300.6 300.3 299.5 299.3 299.6 299.9 300 298.4 299.4 301.2 307.2 306.9 304 303.8 303.2 302 300.5 299.7 300.1 305.7 302.8 303 304.1 301.7 300.4 299.1 297.9 297.1 296.2 294.9 293.5 293 291.6 289.1 290.8 293.6 290.9 291 291.1 290.8 291.2 291.2 290.5 290.2 291.3 291.2
296.2 296.1 296.6 297.4 297.5 297 301.3 298 295.2 296.7 295.3 294.1 294.1 294.1 295.6 295.7 294.6 294.1 294.1 294.1 294.1 294.9 296.8 297 297.6 297.8 298 298.2 297.8 297.3 298.3 300.7 300.9 300.2 299.4 298.8 298.7 299.6 299.9 297.7 297.9 298.7 301.7 306.5 302.5 302.4 302 301.5 300.2 299.5 299.4 302.1 303 301.5 302.6 300.7 299.3 298.1 297.1 296.2 295.4 294.1 292.7 292.4 291.8 290.2 289.2 293.4 289.5 289.4 289.3 289.3 289.8 290.1 289.4 288.8 289.4 290.2
295.3 296 296.6 297.2 296 297 297 296.9 296.2 296.1 295.5 294.2 294.1 294.1 294.1 295.5 294.3 294.1 294.1 294.1 294.1 294.1 296.1 297.1 297.1 297.3 297.5 297.7 297.4 297 297.7 298.4 299.7 299.6 298.4 297.6 297.2 299.5 299.8 301 296.9 297.6 299.1 299.6 300.4 300.6 300.5 300.4 300 299.5 299.4 299.6 303.4 301.4 299.9 299.2 298.1 297 296.2 295.2 294.3 293.2 292 291.3 290.6 289.9 288.5 289.7 288.1 287.2 287.2 288 288.3 288.1 287.4 287.7 288.5 289.4
295.8 295.1 296.1 296.1 295.7 296.7 295.5 295.1 295.7 295.8 295.1 294.1 294.5 294.5 294.4 295.2 294.1 294.1 294.1 294.1 294.1 294.4 295.7 296.4 296.6 296.7 297 297 296.6 296.2 296.5 296.7 296.8 297.3 296.5 296.3 295.6 295.4 297.5 298.6 297.7 296.6 298.2 300.4 298.6 298.9 299.3 299.5 299.3 299.4 299.4 298.4 300.6 300.4 299.6 298.8 297.3 296.3 295.5 294.7 294 293 291.8 291.2 290.8 289.2 288.5 287.7 287.2 285.2 286.1 286.5 286.7 286.3 286.4 286.5 287.1 287.9
295.3 294.7 295.8 295.2 295.3 295.6 295 294.6 295 296.3 295.3 294.4 294.1 294.1 295 294.1 294.1 294.1 294.1 294.1 294.1 295 295.9 295.9 296.2 296.3 296.3 296.3 295.8 295.4 295.6 295.8 295.9 295.5 294.9 294.5 294.3 294.9 295.9 296.4 296.2 295.7 298.4 301.4 298.2 297.3 298.8 299.6 299.2 300.4 303.1 298.1 299.1 299 298.4 297.8 296.5 295.5 295.3 294.1 293.4 291.8 291.1 290.6 290 288.7 287.8 286.3 285.6 286.7 289.2 285.7 285.8 286 286 285.9 286.6 287.8
294.6 294.6 294.6 294.6 294.6 294.6 294.6 294.6 294.6 296.9 295.8 294.9 294.1 294.1 294.1 294.1 294.1 294.1 294.1 294.1 295.7 296.5 296.2 296 296.3 296.1 296 295.7 295.2 294.7 294.8 294.9 294.9 294.7 294.2 293.7 293.9 294.4 294.9 295.4 295.5 295.6 297.3 298 295.8 296.4 297.9 299.4 298.6 298.3 298.9 296.4 298.6 298.1 297.4 296.4 295.1 294.9 294.6 293.5 292.2 290.7 289.9 289.2 288.6 287.8 286.8 285.3 283.9 287.1 290.5 285.2 285.4 285.6 285.7 286.1 287.2 288.4
294.6 294.6 294.6 294.6 294.6 294.6 294.6 294.6 294.6 301.3 299.2 295.5 295.1 294.1 294.1 294.1 294.1 294.1 294.1 294.5 296.4 296.5 296.4 296.1 296.2 295.9 295.8 295.4 295.1 294.6 294.6 294.6 294.2 294.2 293.7 293.1 293.4 293.9 294.4 294.8 295.1 295.4 295.2 295.5 295.2 295.3 296.5 296.4 295.7 296.1 296.1 295.4 295.4 297.2 296.2 295.1 293.4 292.9 292.7 291.9 290.8 289.8 288.8 288.4 287.9 287.2 286.4 285.6 285.2 287.5 285.8 285 286 286.5 286.8 287 287.8 288.5
294.6 294.6 294.6 294.6 294.6 294.6 294.6 294.6 294.6 294.7 298.6 296.8 296.5 296.2 296.4 294.1 294.2 294.8 294.2 296.3 296.3 296.7 296.6 296.4 296.3 296.1 296.5 295.1 295.2 294.8 294.8 294.7 294.4 294 293.3 292.8 292.8 293.3 293.9 294.2 294.6 295 296.2 298.1 295.7 294 293.7 293.6 294 294.4 294.4 293.6 292.9 293.7 295.3 293.7 291.8 290.9 290.7 290.2 289.4 288.6 288.2 287.8 287.3 286.6 285.8 285.1 285.5 285.1 284.5 284.6 286.7 289.2 289.4 288 288.6 288.5
294.6 294.6 294.6 294.6 294.6 294.6 294.6 294.6 294.6 294.6 294.6 296.5 299.3 296.4 295.8 294.3 296 298.2 298.4 297 296.5 296.8 296.7 296.6 296.4 295 296.9 295 295.2 294.9 294.9 294.6 294.5 294.4 293.5 292.1 292.4 293.1 293.7 293.9 294 294.3 295.1 296.3 294.8 293.5 293.1 292.7 292.4 292.7 292.7 291.9 290.7 290.9 292.4 291.7 290.3 289.4 289.3 289.1 288.5 288.2 287.8 287.5 287.2 286.5 285.4 284.6 285.2 285.5 284.1 283.9 284.4 284.8 285.8 288.3 290.3 287
294.6 294.6 294.6 294.6 294.6 294.6 294.6 294.6 294.6 294.6 294.6 295 298 296.1 295.6 294.7 294.4 296 297.3 299.1 298.2 296.6 295.4 296.6 298.2 294.8 296.6 296.9 295.4 294.8 294.6 294.2 293.9 294.1 294 292 292.1 292.9 293.6 293.8 293.7 294.8 294.3 294.2 293.8 293 292.5 292.6 292.3 291.9 290.9 290.1 289.3 289.7 290.7 290.6 289.3 288.1 288.1 288 287.8 287.7 287.4 287 286.5 286 285.4 284.6 284.4 287.5 285.1 284.1 284.7 286.4 288.2 288 290.3 285.8
294.6 294.6 294.6 294.6 294.6 294.6 294.6 294.6 294.6 294.6 294.6 295.9 296 294.7 294.5 294.4 293.9 294.5 295.7 296.8 297.3 296.2 295.7 296.3 297.2 294.7 295.5 295.2 294.7 294 294 293.9 293.5 293.1 292.7 292.1 291.6 292.1 292.7 293.5 294.1 295.8 295.7 293.1 292.4 291.7 291.4 292 291.4 290.6 289.4 288.9 288.5 288.3 288.9 290.7 288.2 287 285.8 286.3 287.8 287.4 286.7 286 285.4 285.1 285.2 284.8 284.1 283.4 283.2 284 285.8 289 289.9 289.1 289 285.9
294.6 294.6 294.6 294.6 294.6 294.6 294.6 294.6 294.6 294.6 294.6 294.6 294.7 295.9 295.3 294.1 294.1 295.7 296.8 297.3 297.6 298.4 297.9 296.3 295.6 295 295.3 294.5 293.6 293.7 293.7 293.5 293 292.6 292.4 291.9 291.4 290.6 291.8 292.5 292.4 294 293.9 291.6 290.7 290.5 291 291 291 289.1 288 288.3 288 288.4 287.5 288.4 287.8 286.2 286.4 286.3 286.3 287 286.5 285.2 284.4 284.5 284.8 284.9 285.1 283.9 283.4 284.2 285.4 287.8 288.6 289.1 287.1 284
294.6 294.6 294.6 294.6 294.6 294.6 294.6 294.6 294.6 294.6 294.6 294.6 294.6 295.8 296.6 294.9 297.6 301.4 298.4 298.8 295.4 295.9 297.2 298.1 297.2 295.1 295.1 294.5 296.6 296.4 294.9 293.6 292.6 292.2 292.1 291.7 291.1 291 291.4 291.8 291.6 291.1 290.6 290.4 291.2 292.1 290.2 290 288.9 290.2 290.5 290.2 289.8 288.7 289.7 286.7 286 287.1 287.1 287.5 289 291.7 286.8 286.5 287.7 283.9 286.4 285.1 284.8 284.5 283.4 284.9 285.1 285.5 286.2 286.7 285.8 282.7
295.4 294.6 294.6 294.6 294.6 294.6 294.6 294.6 294.6 294.6 294.6 294.6 294.6 296.4 297 296.2 295.1 295.6 295.1 294.3 293.6 293.6 293.6 295.2 294.7 295.1 295.3 294.9 295.3 295.6 296.5 299.6 294.6 295.1 295.3 293.6 292.7 292.2 294.2 293.2 292.3 291.3 290.6 291.1 291.5 291.4 290.6 289.4 289.8 289.2 290.9 290.7 290.3 290 289.3 289 289.9 288.9 287.1 288.2 289.4 294.1 291.4 288.3 289 288.3 289.4 285.9 286.2 285.7 283.8 283.8 283.6 283.6 284 284.4 284.2 283.9
298 296.3 294.7 294.2 294.7 294.7 294.6 294.6 294.6 294.6 294.6 294.6 296.1 298.1 297 297.9 296.4 295.3 293.6 293.6 293.6 293.6 293.6 294.5 296.4 296.6 295.2 294.8 294.6 294.9 295.1 294.7 292.8 296.4 297.7 295.7 294.6 294 296.3 293.2 291.6 291.1 291.3 291.8 292.1 291.9 292.8 293.3 291.3 291.8 291.4 291.5 291.5 291.3 290 289 288.9 287.1 286 287.1 288.1 289.4 290.1 292.4 292.3 289.1 290.7 289.2 288.1 287 288.6 287.4 283.9 284.8 285.2 285.4 285.9 286.5
299.8 298.1 294.9 295.5 296.6 297.3 295.8 294.6 294.6 297 297 296.5 298.3 299.4 297.9 298.8 297 295.3 294.7 293.9 293.6 293.6 293.9 294.8 295.4 295.3 294.9 294.5 294.2 293.7 293.6 292.9 292.2 292.9 293.7 292.9 292.4 292.5 292.5 291.9 292.8 293.3 293.4 293.5 293.1 293.1 293.1 292.4 292.1 292.1 292.1 292.6 293 292.7 290.5 289.5 287.8 287.5 286.4 286.6 287.2 288 288.9 290.8 291.4 293.2 292 290.4 288.9 287.9 291.3 291.9 285.3 285.9 287.1 287.9 288.4 288.7
297.9 296.8 295.6 296.7 298.5 299.3 298.3 297.1 297.9 299 298.9 299 298.9 298.7 298.6 298.2 297.1 295.5 294.5 294.1 293.8 294 294.3 294.4 293.9 293.4 294.7 294.2 293.7 292.7 293 292.4 292.1 291.8 292.7 292.4 292.3 292.5 292.5 292.5 295.1 295.5 295.6 294.8 294.8 294.1 294 292.9 292.8 292.6 292.5 293 293.6 293 290.2 289.7 288.3 287.3 288.3 286.6 287.5 288.3 289.3 290.3 292.8 293.2 292.4 289.9 288.9 288.4 289 285.7 286.5 287 288.8 290.9 292.4 292.6
297.5 297.3 296.7 297.8 299.4 300.2 299.1 298.1 298 299.3 300.5 300.6 300.4 299.7 299.1 299.3 297.6 296 294.7 294.3 294.1 294.4 294.5 294.7 294.5 294.1 292.9 293.8 293 292.6 292.7 293 292.8 292.4 292.6 293.5 293.6 292.8 292.6 293.9 296.5 297.6 296.4 295.8 296.3 296 294.9 293.9 293.1 292.7 292.7 293.1 293.1 291.5 289.8 289.8 288.9 287.9 290.7 287.4 289.5 295.2 291 291.4 292.4 294.9 292.1 289.4 290.1 289.2 288.4 287.3 288.2 289.2 291.1 294.3 295.9 296.1
301.1 300.5 299.3 299 300.4 301.1 300.1 299.6 299 300.1 301.4 301.7 301.5 300.5 299.7 300.1 298.4 296.6 295.5 294.3 294.1 294.6 295.3 296.2 297.5 295.7 294.5 293.1 293.5 293.4 293.7 294.1 294.5 293.5 296.9 298.5 297.4 294.5 294.7 295.6 297.6 298.6 296.9 297.5 297.9 298.9 295.7 295.4 294.5 292.8 292.9 292.9 291.5 290.3 289.8 288.7 289 288 289.3 287.7 291.8 295.4 295.9 297.8 291.8 291.3 290.8 290.2 291.5 289.6 288.8 289.9 291.2 291.4 293.3 297.2 301.6 303.7
304.4 301.7 304.4 302.4 302.4 303.4 303.5 302.5 300.8 301.5 302.5 302.6 302.3 301.4 300 299.7 298.5 297.4 297.7 296.8 294.2 295.7 296.5 298.7 300.3 297.1 295.6 294.6 294.3 294.3 293.1 294.9 295.5 293.6 292.8 294.8 296.8 296.5 296.8 297.4 298.9 301.2 298.6 298.9 299.2 301.3 300.5 297.8 297.5 294.1 293.3 292.1 291 289.8 289.7 287.5 287.1 285 286.7 287 287.4 292 293.3 295.4 291.9 291.7 291.2 291 294.2 291.2 288.5 294.8 299.6 296.5 296.9 301.6 306.1 312.3
306.6 305.4 307.4 304.7 305.4 306.4 307.6 306.6 304.6 303.7 305.2 303.3 303.2 301.8 300.4 300.3 299.4 298.4 298.9 299.3 295.6 299.5 298.3 298.8 299.4 297.3 296.9 295.4 295 295.3 297 294.6 294 293.7 294.2 295.5 296.7 300.9 300.5 299.5 303 304.1 301.1 300.3 299.4 297.8 296.5 296.8 295.4 294 292.8 291.5 290.3 289.2 288 286.5 286.5 286.6 287.1 288.4 288.9 289.8 292 293.8 293.4 292.8 292.7 293.2 294.6 292.9 289.4 292 296.7 298.3 300.7 306 309.7 315.8
