webserver/python/data/NN36.asc
ncols 200
nrows 200
xllcorner 230000
yllcorner 760000
cellsize 50
[rows 140 to 174 of 200, columns 78 to 155 of 200]
585.5 580 572.8 570.9 565.2 560 557.4 546.6 540.6 535.6 529.9 521.8 517.2 495.5 475.7 461.4 450.3 443.4 434.8 426.6 421.9 415.3 408.9 405.2 402 396.4 393.8 391.2 390.5 391 388.4 386.5 385.4 385.6 386.1 387 389.1 389.5 391.5 387.4 388 389.4 389.1 388.2 389.3 388.3 386.7 387.2 387.4 387.9 389 388.8 388.3 387.8 386.5 385.7 385.5 384.2 383.6 382.5 381.1 379.6 379.1 379.4 378.3 381.7 377.9 376.6 377.1 378 379.2 380.6 380.7 378.7 380 380.3 377.2 377.7
581.1 580.4 572.8 568.8 563.9 559.7 553.8 549.1 541.4 533.5 526.3 515.1 497.3 472.1 468 450.5 442.2 432.1 426.1 418.8 414.3 407.5 402.8 398.9 398.3 392.6 388.9 388.2 386.4 387.1 385.2 383.2 382.7 383.4 383.9 384 385.2 388.6 392 388 383.9 383.7 383.3 384.8 386 385.4 385.9 386.1 386 387.1 388.8 389.3 389.1 388.8 387.5 387 387 385.5 384.1 383.1 381.7 380.2 379.1 378.7 378.8 378.8 380.4 376.4 377 379.6 380.9 380.9 379.9 377.8 377.1 376 374.7 375
579.2 577 569.3 567 560 555 551.1 541.7 530.7 528.5 510 490.7 472.5 456.6 443.8 433.3 427.3 422.1 417.5 411.5 405.8 402.8 398.4 392.9 393.3 389.8 387.5 385.2 383.6 382.7 381.6 380.6 381 381.4 381.8 381.7 382 383.2 383.5 386.4 381.3 381.3 381.5 381.8 381.9 382.6 384.3 384.6 384.7 386.3 387.8 389.1 389.4 389.6 388.2 388.8 388.8 387.3 385.5 382.8 381.5 380.2 379.1 378.8 378.8 378.8 378.8 378.8 376.5 378.8 380.6 379 377.2 376.2 377.7 375.6 373.3 372.9
581.2 575.9 570.8 561.3 555 553.4 546 535 519.3 504.1 488.3 465.9 448.7 439.9 429.4 417.6 415.8 412.3 408 404.7 399.2 396.6 392.6 388.3 388.7 388 385.2 383 381.7 380.2 379.1 379.6 379.7 379.9 380.3 381.7 381.5 380.9 379.9 379 384.8 383.4 380.8 381 380.8 380.6 382.5 382.8 383.8 385.4 387 388.6 388.7 389.7 388.9 388.9 389.4 388.1 386 382.4 380.7 379.5 379.5 379.1 379 379.2 379.3 379.5 378.4 378.8 378.6 376.3 375.2 373.9 374.4 373.7 372.6 372.3
576.9 572.2 564 556.2 553.5 548.5 535 504.6 492.5 473.2 456.8 441.6 432.7 422.8 416 411.3 408 405.7 401.3 397.9 394.6 391.2 388.7 386.1 385.6 385.5 383.2 380.8 379.9 379.8 378.9 379.3 379.2 379.6 381.8 383.1 382 379.3 379.4 380.8 382.8 386.2 383.9 381.7 381.4 388.7 384.1 383.6 388.5 385.5 387.8 388.7 389.1 391.3 388.7 390.8 391.3 388.7 385.3 381.6 379.4 379.1 378.7 378.4 376.8 377.2 377.7 378.2 377.3 376.8 376 374.3 373 372 372 372.5 371.8 371.4
571.7 566 559.8 559.6 552 539.4 524.5 489.4 466.4 450.3 437.3 429.3 420.5 412.8 409 404.7 402.2 400.2 397.3 393.1 390.6 389 388.4 384.5 382.6 381.8 380.6 379.3 378.6 378.4 378.9 378.3 378.4 378.7 381.9 383.3 381.2 378.5 378.8 381.2 382.7 384.3 384.3 383.7 383 390.4 388.4 388 391.3 390.5 389.5 389 388.9 390.1 389.4 388.2 387.5 385.6 383 379.7 378.6 377.6 377.2 376.9 376.2 375 375.5 375.9 375.2 373.8 372.9 372.1 371.7 371.6 371.1 371.5 371.3 370.3
569.2 564.6 560.7 560.4 551 530.2 491.4 464.2 446.8 432.6 426.8 420.6 411.9 405.5 400.4 400.6 396.3 394.4 392.9 389.8 387.9 386.5 384 381.8 381 379.9 379.6 378.5 377.7 376.8 377.8 378.5 376.9 376.5 375.4 377.8 376 377.9 379.1 380.9 381.9 382.8 382.4 382.3 381.6 389 389.5 387.1 389 389.4 391.3 390.3 390.5 388.6 387.3 385.9 384.6 382.7 380.4 378.1 377.1 376 375.7 375.4 375.1 373.6 373.2 373.5 373 372.1 371.5 370.6 370.2 369.5 370.3 370.7 371 369.9
569.5 566 558.9 551 533.5 504.7 466.8 444.6 430.2 421.8 414.6 408.7 402.1 399.2 394.1 391.1 390.2 389.8 388.2 385.4 384.1 382.9 381.5 379.6 379 378.8 378.5 377.3 376.1 376.7 375.1 376.4 380.9 374.9 373.1 375.6 377.8 377.6 378.1 379.3 380.9 380.9 380.9 378.8 378.8 386 390.2 386.8 386.6 387 387.8 387.4 386.7 386 384.7 383.4 382 379.9 378.5 377 376.5 374.5 374.2 373.9 373.5 373.2 371.1 371.1 371.3 370.1 369.7 369.1 368.8 369.1 369.4 369 369 371
569.3 564.2 556.3 537.8 501.5 471.6 445.1 429.3 417.8 412.6 407.1 400.6 393.9 389.2 386.5 384.9 385.8 385 382.5 381.3 380.8 379.9 379.9 380.8 379.1 378.1 376.6 375.1 375.4 375.9 373.9 369.8 371.3 371.6 370.4 372 374.7 375.4 376.6 377.7 378.8 378.8 380 377 377.7 378.2 381.7 382.7 383 383.2 383.7 383.4 383 382.4 382.1 380.8 379.4 378.4 377.4 376.2 375.1 373 372.7 372.4 372 371.7 370.8 370.5 370 369.5 367.8 368 368.6 369 368.8 369.3 370 369.5
567.1 562.9 542.1 510.3 480.1 453.8 434.2 418.8 411.2 402.7 398.1 394.6 389.6 383.9 381.6 381.7 381.7 380 378 376.9 377.5 378.5 378.7 378.8 378 375.6 374.1 373.2 373.3 373.4 375.3 368.9 367.3 368.6 371 370.7 371.8 373.6 375.5 376.7 378.8 378.8 381.5 375.4 375.9 376.7 377.7 379.3 380.3 381.3 380.8 380.3 379.7 379.4 379.4 379.4 377.5 376.4 375.4 374.4 373.4 371.5 371.3 370.9 370.7 370.6 371 368.7 368.4 368.6 366.7 367.2 368 368.7 369 369.4 369.7 369.1
558.1 537.2 512.7 486.5 456.6 437.2 424.2 413.8 405.7 397.7 391.2 388.1 385.3 381 379.6 379.4 379.2 376.8 374.8 373.8 375.1 376.5 377.4 377.9 376.1 373.5 372 371.4 371.7 370.8 374.9 373.8 368.7 369.9 370 370.9 370.9 373 374.3 378 378.9 378.8 380.4 375.5 374.1 374.4 374.5 377.2 379.8 379.3 379 379.4 379.6 379 379.7 378.6 376.3 374.4 373.4 372.2 371.6 371.3 370.3 370.2 369.9 369.9 368 365.4 364.2 364.2 364.5 365.4 366.3 367.9 368.7 369.1 369.4 368.7
531.1 505.4 483.1 460.5 442 428.1 414.2 406.5 399.7 392.6 387.8 384.1 381.4 379.4 379.7 377.6 373.1 374 372.6 371.4 373.8 374.5 375.1 375.7 373 372.3 371.3 370.6 369.8 366.8 366.6 367.2 367.5 368 368.9 369.8 371 372.5 374 376.5 379.6 378.6 379.5 378.1 373.1 373.1 373.7 376.2 377.8 379.6 379.4 379.4 379.8 379.2 378.3 376.5 374.4 372.5 371.3 370.1 369.4 369.5 369.8 369.7 368.8 368.3 366.1 362.7 360.7 361 362.5 363.6 365 366.7 368 369.1 370 367
499.7 476 455.3 438.9 429 416.2 406.8 399.8 393.1 388.2 384.7 381.9 379.6 379.5 378.9 374.8 371.3 371.8 371.4 369.6 372.3 372.8 373 372.6 370.7 372.3 370.6 369.3 370.5 368.7 364.1 365.1 365.4 366.8 368.4 368.8 369.2 371 374.6 374.6 376 375.4 376.6 378 375.2 373.6 374.1 374.5 375.9 377.7 379 380.3 379.3 377.7 376.3 374.6 373.1 370.7 370.8 369.2 368.7 369.1 369.3 368.9 367.9 368.2 366.1 361.1 360.5 361.7 361.7 362.1 363.8 365.4 367 367.7 367.7 365.8
471.6 453.6 439.5 427.1 418.1 407.7 401.4 393.7 387.6 383.5 381 379.9 378.8 377.3 375.5 371.4 370.8 368.7 368.7 369.5 371.9 372.1 372.1 371.4 369.8 369 369 368.2 367.4 370 366 363.1 364.1 365.7 367.2 368.7 368.7 370.7 376.9 372.8 372.4 372.9 374.9 376.6 376 375.7 373.8 372.9 374.5 377.5 378.6 378.6 377 375.4 374.2 373.2 371.9 369.4 368.3 367.6 367.1 367.9 368.9 370 368 369.4 368.9 361.4 360.4 363.8 366.3 362.4 362.4 364 365.4 365.7 365.4 364.5
449.1 440.2 427.6 415.5 407.1 400.1 394.3 388.7 383.9 380 378.1 378 375.8 372.8 371.1 370.5 370.8 370.8 369.2 371.1 371.3 371.4 370.8 369.7 368.5 368.7 369 368.7 365.7 365.7 367.6 362.4 363.7 365.1 366.5 367.8 369 369.9 370.1 370.2 370.1 370.7 371.8 372.8 373.7 373.3 370.9 372.9 374.5 376.1 375.9 376.4 374.8 373 371.5 372.4 371 367.5 365.7 365.8 365.4 365 369.5 368.4 365.2 366 368.4 360.8 361.2 359.3 365.3 362.8 361 362.4 363.3 363.7 364.1 364.8
436 424.8 413.1 406.2 399.3 393.4 390.4 388.2 385.5 378.8 375.8 374.8 371.9 370.1 369.4 368.9 369.4 368.2 368.7 369.5 369.9 368.8 367.5 367.9 367.9 368.7 368.9 368.1 365.8 362.8 361.5 362.2 361.7 363.7 367.2 368.6 368.1 368.5 368.3 368.7 368.9 368.6 368.6 368.7 368.9 369.1 369.4 371.1 372.5 374.2 374.2 373.7 372.6 371.3 370.6 369.7 371.2 366.2 365.4 365.9 365.1 366.5 366.5 366.6 363.8 363.9 362.9 360.4 360.4 360.2 359.1 361.2 360.2 361.6 363.1 365.1 365.4 365.6
424.3 411.3 402 396.9 393.2 388.3 384.7 379.3 379.8 377.9 373.6 372.7 370.6 369.7 369.8 369.9 369.5 368.1 369.8 370.1 368.7 368.1 368.7 368.5 369.4 368.6 367.7 366.9 365.5 362.6 361.7 361.5 362 360.9 363.4 366.9 366.4 366.2 366 366.7 367.1 366.9 366.9 367 367.1 367.3 368.2 369.5 371.1 371.9 372.6 372.1 371.2 369.9 368.3 367.3 367.3 364.3 363.6 365.4 366.1 366.6 364.4 363.8 362.6 361.6 362 360.5 359.7 361.2 361.1 360.7 360.3 361 363.2 365.4 367 367.9
407.6 402.3 393.3 391 388.7 384 379.2 375.1 372.5 372.6 372 370.3 369.1 369.2 369.6 369.5 367.8 371.5 372 370.7 368 368.5 370.1 369.7 368.1 367.2 366.4 365.6 364 362.4 361.6 360.7 367.5 360.9 360.2 360.6 362.1 362.9 364.3 364.9 365.3 365.2 365.3 365.3 365.4 365.2 366.4 368.6 369.5 371.2 371.8 371.2 369.5 367.9 366.3 364.7 364.8 361.7 360.7 361.1 361.2 361.9 362.6 363.7 364.4 360.6 358.8 358.2 358.8 361.1 360.9 360.7 360.6 361.4 363.3 364.6 364.6 367.1
398.9 392.5 387.2 385.6 383.6 380 377.1 371.6 369.3 368.7 370.6 369.1 368.2 368.1 368 368.3 369.1 369 368.4 368.1 369.9 370.5 369.8 368.3 367.1 366 365.1 364.2 362.5 360.9 361 359.9 368.4 362.6 360.2 360.2 360.2 360.6 362.8 363.5 363.6 363.6 363.6 363.8 363.3 362.9 363.9 365.8 368 369.5 371 370.2 369 366.3 364.6 362.9 361.2 359.1 359.1 361.2 361.2 361.2 361.6 361.7 360.9 360.6 357.8 358.9 361.2 361.2 361.2 361.1 360.9 362.2 363.5 364.6 364.5 365
390.3 388 379.8 380.7 379.5 374.6 370.7 368.9 368.9 368.5 368.7 368.7 369.8 368.1 368.2 369.7 373 369.7 368.6 368.7 368.8 369 368.3 367.4 366.3 365.1 363.9 362.9 361.7 360.5 360.2 358.8 365.8 367.5 362.1 361.4 365.1 361.1 361.4 362 361.8 361.9 362.4 362.8 361.6 361.1 361.4 363.1 365.7 367.4 367.7 367 366.9 365.3 363.3 361.2 360.2 359.1 361.2 361.2 361.2 361.2 361.4 360.1 359.6 359.4 357.2 359 361.1 361.1 361.1 361.1 361.1 362 363.3 364.3 364.1 364.2
384.4 378.9 376.6 376 373.4 368 368.6 368.5 368.3 368.3 368.5 368.7 369.3 369.4 369.7 369.6 368.7 366 368.7 368.7 369 369 367.7 365.9 363.7 362.2 361.5 361.7 361 359.6 358.6 357.1 361 362.3 361.6 358.4 359.1 359.7 359.6 360 360.9 361 361.5 361.2 360.8 361.1 359.1 361.7 363.5 365.1 364.9 363.7 363.5 363.2 361.4 360.7 361.2 360.6 359.1 360.4 361.2 360.7 360.5 358.3 358.4 358.4 356.7 358.6 360.7 360.6 360.3 360.3 360.5 362 363.3 364 363.8 364.3
380.1 376.2 373 371.4 369 367.3 366.2 366.8 367.3 368.5 368.6 369.3 370.4 370.6 368.7 368.7 366.2 366.8 368.7 368.7 368.7 368.1 366.4 364.4 362.3 360.8 360.4 360.5 358.6 357.1 355.9 352.3 354.7 356.6 356.5 355.8 355.6 355.3 355.6 356.8 358.2 359.3 361.3 362.5 360.6 360.3 359.1 362 363.9 362.8 362.8 360.5 360.2 360.5 361.1 361.2 358.9 360.3 361.2 359.6 360 359.7 359.3 358.8 357.7 357.8 356.4 358.2 360.2 360.7 360 359.5 360.4 361.5 362.2 363.2 364 366.1
374.9 372.9 369.8 367.4 363.2 362.8 365.4 366.8 366.2 367.4 368.8 371.1 370.4 369.6 368.5 368.8 367.2 367 368.7 370.6 368.1 367 365 362.9 360.8 360.1 360.9 359.5 357.9 355.9 354 353.4 352.8 352.7 352.1 352.4 352.8 352.4 352.4 353.5 355.1 357.1 360.4 357.2 358.4 358.7 358.9 361.2 360.4 360.8 360.2 358.9 358.3 358.3 358.2 358.3 359.9 358.6 358.6 359.6 358.4 359.2 359.2 357.8 357.8 357.4 356.3 356.7 359.2 361.2 361.2 361.2 359.1 360.5 361.5 362.3 364.3 370.5
370.7 369.6 366.1 362.8 359.1 360.5 362.6 366.1 365.2 366.3 367.6 368.4 368.8 368.6 368.4 368.3 367.1 366.5 368.7 368.4 365.5 364.6 363.9 362 360.6 360.6 359.9 359.5 357.4 353.8 352.1 351.7 351 349.7 348.6 350.9 348.8 348.8 350 351.9 352.5 355.4 354.4 353.3 354.1 355.7 357 357.6 356.3 356.8 356.6 356.5 356.1 355.6 355.4 354.6 356.4 358.3 358.6 359.5 356.1 357.5 358.4 359.1 358.6 357.9 358.8 353.5 359.1 361.2 361.2 360.5 357.9 358.8 359.5 359.4 360.3 363
365.6 363.4 361.1 359.6 359 359.5 362.3 364.7 362.2 363.7 366.3 366.7 366.8 371.1 368.7 365.7 363.5 363.4 364.4 364 362.5 362.5 362.1 361.5 361.2 360 359.3 359.5 358 354 351.9 350.4 350.9 320.6 320.6 328.4 330.4 333.3 341.3 350.8 351.4 352.7 348.7 347.8 350.9 352.4 353.4 354.7 353.4 353.3 353.9 354.2 353.9 353.1 352.7 351.7 350.5 354.1 355 355.7 353.4 354 355.2 355.9 357.7 360.2 357.8 355.5 356.9 360.7 356.1 358.9 356.3 356.1 355.8 356.3 357 357
360.8 360.3 357.2 357.7 357.9 358.9 359.9 361.2 361.4 362.3 364.6 364.1 363.6 366.6 365.8 363.1 361.4 360.8 359.6 359.4 359.9 360.4 360.6 360.1 359.6 359.4 359.2 360.3 357.1 357.1 355.9 350.9 350.9 350.9 337.3 322.6 323.6 320.6 325.5 348.4 327.3 320.6 320.6 330.9 347.9 350.3 351.2 352 350.1 350.9 351.3 351.7 351.6 351 350 350.9 348.5 349.9 351.8 351.3 349.4 351.8 352.2 352.7 352.7 353.7 353.8 350.6 352.8 354.6 354.8 355.7 352.8 352 352.3 352.4 352 352.4
359.4 355.1 354.3 354.3 358.3 358.8 359.5 359.9 359 361 360.5 360.6 360.6 362.3 361.8 359.7 359.6 357.4 355.5 356.3 358.4 360.5 359.7 359.6 361.2 359.4 357.8 359.8 359.6 361 357.6 352.7 351.2 350.9 350.8 349.1 339.6 334.5 329.1 326.6 331.4 347.7 347.8 325.2 344.6 346.1 347.9 347.5 347.4 348 349.1 347 348 348.2 346.6 345.9 343.7 348.8 348.8 350.4 347.7 346.8 347.7 348.1 349.3 350.2 349.7 347.9 348.9 352.7 355 353.7 350.9 348.8 350.9 350.9 349 350
359.5 355.1 352.6 352.1 354.5 356.4 357.7 358.1 360.5 359.2 358 359.4 358.5 358.8 358.4 357.1 356.6 353.9 351 354.2 356.9 357.7 357.5 357.5 357.6 356.1 355.8 354.5 356.6 355.3 354.7 353.1 351.1 350.9 350.6 350.9 350.9 349 346.6 345 348.8 350.1 349 344 320.6 341.7 341.5 341.5 341.3 342.7 344.6 342.9 343.7 342 340.9 341.5 339.5 347.3 349.4 347.6 345.4 344.4 342.9 346.1 350.9 345.1 348.5 348.2 342.3 342.7 344.6 351.1 351.1 349.4 350.9 350.9 349.3 349.2
353.1 351.5 351 351.3 351.6 352.6 355.1 357.6 357.7 356.8 355.4 355.6 356.5 357.5 356.3 355.2 354.3 352.5 349.7 352.4 354.3 354.9 353.9 351.5 352.1 353.9 352.3 350 348.9 348.4 350.4 349.4 349.2 348.4 347 347.2 346.2 347.7 346.7 343.2 342.4 341.8 342.3 337.1 322 332.6 340 340.7 338.3 344.2 346 340.6 340.4 338.1 337.5 337.9 336.7 339.4 343.5 343.2 341.5 340.9 340.6 340.9 343.8 340.9 343.1 347.3 349.1 350.4 340 344.5 350.6 347.3 347.8 348.3 346.3 346.6
350.8 351.7 351.8 350.8 351.1 351.4 354.1 355.3 355.4 354.5 353.1 353.4 354.5 354.5 354.2 353.1 351.9 351.2 348.7 351.6 352.6 352.6 351.7 350.8 350.7 354.6 352 350.5 349.1 345.7 344.7 343.7 343 341.8 339.4 338.1 337.9 339.3 338.8 337.7 336.7 338.5 340.9 340.1 340.1 323.8 338.8 339.7 334.3 332.3 337.1 336.4 336.1 335.1 334.8 334.7 339.2 340.5 341.2 341.4 340.5 340.2 339.7 340.5 340.4 341 338.6 338.1 340.5 338.9 338.2 337.7 347 344 343.3 346.5 343.1 343.3
349.8 350.1 351 350.4 349.5 350.2 351.4 353 352.8 351.8 350.7 350.9 352.3 352.6 352.3 351.1 350.4 351.2 348.7 348.8 351.5 351.2 348.4 348 346.9 347.6 344.3 345 345.9 344.7 345.4 343.5 340.5 338.4 336.9 336.1 334.6 333.1 333.1 332.6 332.7 334 338.2 337 337.4 320.6 331.8 332.8 331.8 331.2 329.3 330.7 331.7 331.5 331.7 332.5 335.2 337.4 338 338.5 337.8 337.8 337.9 341 340.7 340.9 338.9 338.7 339 336 333.2 331.7 338 343.6 340 342.8 341.2 341.6
348.9 347.6 347.2 346.5 346.3 346.5 347.6 351 349.6 349.3 349.7 348.7 350.3 351.1 350.6 349.4 348.8 351 351.2 349 348.7 347.7 345.3 343.7 342 339.5 340.3 337.7 338 341.5 344.2 341.1 336.7 334.2 333.9 333.5 331.4 328.5 324 323.8 323.6 324.9 330.9 332.2 333.2 324.6 328.5 329.5 330 330.8 331.1 330.7 330.1 332 331.5 332 332.8 334.3 334.6 335.6 335.7 334.6 333.7 336.2 338.2 339 338.1 338.8 337 333 330.7 330.1 334.1 339.3 336.2 336.9 341.7 342.2
345.8 344.7 343.9 343.3 342.7 342.4 345.4 346.9 346.1 345.7 346.5 350.5 349.4 347.8 349.3 348.7 348.7 348.6 348.7 347.6 346.3 344.8 342.4 340.3 338.2 336.5 336.5 334.5 333.1 334.2 336 334.2 331.9 331 331.7 330.8 330.8 324.1 320.6 320.6 320.6 320.6 320.6 320.6 333.5 321.1 321.7 328.1 329.7 330.5 330.7 329.9 329.1 329.1 328.1 329 333.9 331.1 335.2 335.7 335.4 332.9 330.4 331.2 329.9 330.1 333.5 333.4 332.3 330.5 329.7 335 334.9 338.4 336.4 333.7 339.6 338.7
342.4 340.7 340.9 340.6 339.7 340.5 342.4 342.8 342.2 341.7 343.2 345.7 343 343 345.3 345.8 345.5 345.3 345.2 341.7 342.5 342.4 340.4 339.1 335.6 334.1 333.8 331.6 329.6 327.6 323.8 320.6 336.1 333.4 332.7 330.2 330.2 325.8 320.6 320.6 320.6 320.6 320.6 320.6 320.6 320.6 320.6 326.4 329.6 330.4 330.1 329.7 329.4 329.1 320.6 320.6 322.2 327.9 328.5 329.2 331.2 333.6 328.5 330.7 329.5 330.8 331.2 329.6 331.1 329.3 329.1 329.2 328.2 329.6 340.7 332.1 332.1 334
338.6 337.1 339.4 341.5 337.1 336.7 338.1 338.6 338.2 337.5 338.6 340 337.9 337.5 343.9 340.9 340.7 340.8 341.8 339.1 337.6 340.1 336.4 333.2 334.1 331.2 326.5 324.1 322.8 320.6 320.6 320.6 320.6 325.1 328.2 329.9 326.2 320.6 320.6 320.6 320.6 320.6 320.6 320.6 320.6 320.6 320.6 320.6 320.9 328.6 329.4 329.2 329.5 330.2 321.4 320.9 325.9 325.4 328.3 328.7 328.9 329 328.5 329.6 326.8 327.1 329.4 330.2 329.6 329 329.1 329.1 326.9 328.2 333.8 338.8 328.5 328.9
