webserver/python/data/NN41.asc
ncols 200
nrows 200
xllcorner 240000
yllcorner 710000
cellsize 50
[rows 0 to 34 of 200, columns 0 to 77 of 200]
689.8 660.2 673.7 711.5 757.4 789.6 802.8 802.9 790.5 767.5 771.3 783.9 782 745.5 699.2 670.5 663.6 667.1 673.2 689.4 694.6 725.8 748.1 755.2 778.5 800 818.6 833.9 847.3 847.7 829.4 801.4 783.2 768.8 749.9 731.7 707 686.8 668.1 650.7 640.2 625.7 610.7 593.4 576.8 561 550.9 539.9 512 473.1 445.1 429.6 421.1 410.1 385.2 362.6 338.1 317.7 299.6 282.1 269.4 261.2 263.2 271.3 282.9 300.4 324.1 349.5 378.5 404.8 431.8 454.9 482.8 498.3 518.2 540.5 565.4 593
655.7 626.1 640.4 659.2 693.5 721.3 758.1 746.4 737.6 712.1 715.3 732.9 727.4 732.1 713 676.3 652.9 649.8 659.8 679.9 688.1 704.4 728.3 746.2 776.9 803.7 823.8 838.7 850.2 857.2 847.5 826.7 821.5 816 792.1 757.1 733.4 712.8 688.5 681.6 660.5 649.8 636.3 615.3 596.7 579.5 566.9 550.1 520.3 481.3 449.3 430.1 417.7 408.6 394.8 369 343.7 322.5 302.1 282.7 269.6 261.5 259.9 264.4 275.4 294 315.7 342.7 367.6 402.8 422.7 448.5 474.4 494.3 514.8 539.5 563.5 593.4
603.5 595.9 609.9 625.5 643.7 671.8 705.2 733.2 690.7 675.6 659.5 663.9 658.6 670.2 670.5 664 635.6 626.5 646.9 665.9 672.1 686.6 712.4 736.6 760.4 792.4 825.2 844.5 857.4 870 869 856.3 852.6 841.6 821.1 796.2 762.5 739.4 717.1 695.9 678.7 661.8 646.1 626.9 610.3 598.1 581.6 558.2 538.6 483.5 458.1 440.6 418.9 409.4 395.7 373.7 355.2 331.1 308.9 291.1 275.1 263.7 259 260 272.9 286.4 312.3 339.3 364 398.5 422.6 445.7 463.8 491.1 511.2 536.2 563.2 585.5
567.9 568.2 583.1 604.1 614.9 625.8 645.7 672.8 655.4 626.8 614.2 614.7 620 623.2 624.7 650.1 627.4 610.1 628 644.7 655.2 673.5 700.2 721.9 748.9 779.8 816 837.3 856.5 873.4 880 878.2 869.5 856.8 839 821.2 800.3 779.2 748.1 728.8 706.1 685 660.6 644.3 627.6 612.4 588.1 565.6 534.8 498.6 463.8 439.5 422.2 410.5 396.4 379.9 365.6 342.6 317.7 299.6 280.4 269.1 259 259.2 267.3 283.9 307 333 359.4 383.8 417.1 440.7 463.8 483.3 507.8 538.9 559.4 576.4
538.3 550.2 567.3 588.3 594.1 595.2 595.5 595.8 603.7 590.8 579.5 583.2 592.2 589.4 588.7 603.9 611.5 597 609.2 634.5 640.3 659.3 670.6 704.8 733.5 763.1 794.5 821.9 845.2 867.3 881.5 891.1 884.2 871.2 856.2 836.5 816.9 797.8 778.7 755.9 732.6 705.7 674.4 657.2 642.7 623.1 597.7 571.9 546.8 507.4 466 439.4 421.8 410.5 396.4 387.7 374.8 350.1 319.6 300.7 279.4 263.2 254.3 251.3 258.2 272.1 298.8 323.4 354 374.8 404.7 434.8 459.6 480.3 506.2 528.7 552.3 567.6
523.4 536.7 557.3 575.5 582.1 578.5 576.6 565.3 560.5 552.9 543.5 550.2 563.8 566.8 558.5 566.4 576.1 581.5 591.2 608.1 626 639.1 654.2 685.4 718.1 747.3 773.5 798.7 826.9 853.3 879.2 900.9 900.6 891.8 878.5 862.1 835.3 817.6 794.2 771.2 747 717.3 688.3 662.5 648.9 627.2 605.8 585.6 546 504.7 469.9 442.6 424.6 408.9 398.5 392.8 378.8 353 326.4 305.1 285.8 266 256.2 247.5 253.6 269.4 293.8 319.7 346.1 368.1 394.9 424.7 447.3 479.9 503.7 527.3 547.1 561.9
515.6 530 545.5 551.8 565.2 563.2 553.6 545.2 528.3 517.4 513.6 518.9 524.5 526 526.7 537.5 550 560.9 577.3 591.4 609 625 640 668.6 700.2 730.2 754.4 785.8 813.3 843.2 874.1 911.6 920.4 910.5 895.6 880.7 847.1 822.6 811.5 783.3 758.5 720.8 694.2 668.6 652 630.3 615.5 597 557.6 508.5 472.9 447.4 427.6 408.1 396.7 387 368.9 344.9 328.5 308.2 287.9 265.9 251.2 244.5 250.9 262.5 287.8 312.5 336.3 360.8 387 416.5 441 473.3 502.4 527.1 544.6 559
514.4 521.8 537 539.6 528.6 525.5 521.4 517.7 503.5 486.3 483.4 490.5 495.5 497.8 503.8 512.2 531.1 546.5 562.4 575.4 590.3 609.9 629.7 652.6 680.8 715.4 744.6 778.7 800.5 828.8 862.5 904.3 931.2 940 910.1 892.8 850 833.5 818 796.3 760.6 718.2 690.4 660.5 638.8 626.5 615.6 604.3 548.6 507.6 477.6 453.1 435.7 417.1 399.8 385.2 364.9 349.2 332.5 318.7 297.8 274.2 255.4 245.6 245.1 257.8 280.9 307.9 329.2 354.4 381.2 407.3 435.3 468.9 497.7 522.7 542 563.2
519 512.5 523.3 523.8 503.1 491.1 484.5 474.5 463 462.8 459.1 468.6 467 477.5 483.8 491.6 511 531.7 548.4 560.5 579.5 597.1 618 639.8 665.1 705.1 735.2 760.5 789.1 813.3 849.5 891.7 923.9 942.4 922.1 890.2 861.6 843.5 824.9 797.2 760 718.6 687.2 657.1 641.9 628.5 621.6 603.2 542.7 510.2 485.5 460.4 439.2 420.9 401.6 384 367.5 353.2 334 319.9 301.1 273.3 255.1 245 242.2 254.8 277.1 305.6 329.1 357.9 388 410.1 437.3 470 499.1 529.4 545.5 565.4
528.5 520.1 507 499.5 483 469.9 456.2 445.5 436 434.2 435.4 444.3 446.4 456.2 462.9 472.7 495.3 519 533.2 547.4 564.5 585.1 602.7 623.6 651.9 696.2 721.7 745 778.5 802.4 841.6 877.2 910.3 928.4 916.3 895.7 874.3 855.6 828.2 796 760.5 719.5 686.6 661.6 647 637.3 615.8 582.6 551 519.6 497.2 458.7 442.9 425.1 406 387 369.6 350 336.1 321.3 301.3 276.4 254.9 243.4 237.6 249.7 273.7 302.9 326.4 354.3 381.3 404.8 439.2 475.9 499.2 524.7 540.2 564.6
533.7 519.7 505.6 489.3 469.3 456.8 441.2 423.3 415.1 412.8 415.8 422.4 427.5 433.7 434.2 456.3 478.5 499.9 520 529.9 547.9 567.9 588.5 613 639.9 683.3 700.8 729.6 764.3 792.2 825.1 867.7 899.7 920 910.6 905.2 886.7 865.4 834.8 797.2 761.8 722.6 684.2 666.5 655.5 647 613.7 589.5 567.7 523.2 489.1 464.6 444 427.1 412.2 393.3 377.4 358.9 337.3 320.1 303.9 280.5 258 244.1 234.6 245.3 267.6 299.2 325.1 348.6 372.8 406.3 445.3 470.2 497.1 516.8 530.1 557.1
544.3 529.2 513.4 490.6 461.1 441.8 424.2 410.4 400.8 397.6 398.3 402.1 405.8 409.5 417.7 437.4 457.9 477 500.6 514.8 534.2 554.5 578.9 597.9 623.6 663.1 688.6 718.2 746.8 777.5 806.7 851.3 881.3 906.8 907.2 912.4 893.3 872 841.5 803.6 768.2 722.2 689.8 671 659.1 641.9 608.9 583.9 561.1 523.5 492.1 468.2 449.6 434.2 416.4 394.3 377.1 352.4 331.7 309.2 291.9 279.2 258.4 244.1 230.1 241.4 263.4 290.8 313.6 343.2 373.5 411.1 444.9 466.2 488.3 505.3 523.4 542.8
563.8 547.4 526.6 482.7 460.5 441.4 421.8 404.5 391.7 386.8 385.4 384.3 384.6 389.8 404 420 437.1 460.1 482.2 498.3 519.6 539.7 566.4 588.1 610.7 645 679.6 706.3 731.8 759 785.2 828 864.1 890.4 900.6 898.3 884.2 869.4 849.8 811.2 763.8 722.2 692 676.5 668 655.3 614.2 591.8 567.9 535.5 499.3 472.4 451.8 436.4 422.2 401.5 378 358 336.9 319.1 298.6 279.1 259.2 241.9 230.1 237.7 258.2 284.6 309.5 344.7 375.3 418.5 439.5 460.9 480.1 492 499.5 529.7
578.4 569.8 531 503.1 474.4 451.2 431 409.2 391.9 379.3 373.1 372.5 372.1 374.9 386.5 403.6 420.4 440.1 461.1 480.1 501.3 528 545.6 576.4 593.5 625.5 665.2 690.8 713.9 744.1 771.3 812.2 848.7 872.6 894.3 902.2 898.3 858.1 838.6 798.3 753.9 720.2 697.8 685.1 666 649.7 623.7 599.6 581 541.2 508.1 485.9 463.6 442.8 424.9 404.2 379.8 354.9 336.6 317 295.9 277.1 257.2 241.3 227.5 230.4 251.4 281.6 309.8 345.4 367 398.4 422.1 453.3 470.3 478.5 471.2 493
591.5 577 540.2 511.2 489 466.7 441.3 416.2 393.6 378.8 369 363.2 362.1 364 373 384.2 402 421.7 440.3 462.2 486.2 508 529.8 556.1 584 610.2 645.1 671.1 701.2 728.2 758.1 790.2 825.9 861 888.6 900.2 899.6 862 839.4 803.2 753.6 726.8 711 696.2 673.1 648.3 630.4 611.2 595.1 559.5 522.2 497.2 474.9 447 430.7 409 379.8 355.7 332.8 314.5 291.4 267.9 255.6 238.7 226.6 223.4 244.5 275.3 305.3 338.2 346.1 367 399.8 434.7 453.4 459.6 457 461.7
601.6 583.9 552.5 528.9 508.3 482.8 452.1 426.9 405 385.6 371.3 359.9 354.4 356.8 363.7 372.5 390.5 403.6 420.7 449.7 469.7 496.7 514.5 539.9 566.8 590.9 620.1 648.7 684.7 715.7 740.6 770.8 809 844.9 880.6 893.5 891.9 874.5 842.5 800.3 758.5 734.3 722.5 703.6 684.4 655.6 639 623.8 608.2 570.4 536.2 509.8 483.7 450.2 431.3 411.3 383.9 360.4 336.4 310.8 289.8 267.7 252.3 238.9 226.2 219.3 237.6 266.2 297.2 322.4 326 347.6 377.3 410.1 423.4 421.4 433.2 428.8
589.3 584.1 567.8 545.4 521.6 494.7 466.2 443.3 424.6 398.6 377.9 360.7 352.4 350.2 354.6 362 374.9 389.9 409 430.4 455.8 480.4 505.9 529.7 557.4 579.1 604.4 634 659.2 699.4 727.5 755.1 790.1 820.8 863.5 883.3 885.9 868.8 835.5 800.4 764.1 745.7 733.3 712.7 691.4 664.3 649.9 632.2 611.5 582.1 550.4 517.5 483.3 455 431.6 411.8 389.2 367.5 343.6 319.2 296.3 275.2 256.3 238.3 225.7 217.8 229 255 285.7 299.9 312.9 331.4 359.6 392.6 396.2 391.3 394.8 402.2
597.6 586.9 569.2 542.4 524.7 499.6 478.9 462.2 445.4 412.2 388.6 368.9 353.9 343.7 345 352.1 362.2 375.9 396.5 418.4 445.2 469.6 488.5 511 537.6 572.3 592.5 624.4 642.8 677.3 713.5 732.3 764.2 797.6 840.3 866.8 877.6 851.7 813.9 789.5 771.7 751.9 741.4 723.1 693.6 675.7 655.4 637.7 614.4 592.6 569.4 529 496 464.1 436.4 416.2 394.6 373 347.5 324.7 302.8 279.2 257.2 242.6 226.3 216.2 220.5 244.2 265.9 284.1 293.6 314 344.4 365 355.6 352.9 361.2 355.9
610.9 600 586.2 571.7 553.3 525.8 496.5 468.1 447.6 427.8 407.3 378.7 355.8 343.6 336.8 342.5 350.4 364.4 387.8 406.5 433.7 455.5 475.4 506.5 526.5 565.6 580.4 612 629 672.2 685.3 709.9 745 778.8 817.8 850 847.9 821.8 803.1 783.9 773.8 754.8 744 727.5 704.8 687.8 662.3 643.1 624.4 598.9 579.3 542.4 507.8 470.3 443 421.5 398.5 376.7 354.8 333 308.3 280.7 258.7 240.5 227.6 216.3 213.4 230.2 252.6 274.6 282.4 296.8 314.4 335.4 330.8 324.9 325.4 330.7
623.1 607.3 595.9 569.5 557.3 538.8 510.3 482.7 464.3 440.2 425.9 390.1 366.7 347.3 337.3 332.9 339.9 354.3 374.8 396.6 417.1 439.4 463.1 489.5 510.4 543 570 593.5 613.6 639.5 663.6 689.3 727.3 761.8 803.1 831 828.4 807.8 788.4 779 772.8 756.3 756.6 731.1 710.6 693.3 671.1 642.1 627.3 604.3 583 556.4 512.8 473.9 449.3 427.4 404.5 382.1 361.4 339.7 313 284.9 262 240.3 227.8 215.7 208.4 221 241.6 260.5 275.1 277.2 289.6 299.3 301.5 299.8 303.5 308
631.5 621.4 606.2 587.1 565.4 547.2 514.9 493.4 479 449 420.8 399.9 377.9 350 338.5 329.7 333.6 343.8 360.6 386.9 405.9 427.2 447 480.9 495.5 527.3 559.8 574 591.1 630.1 648.1 678 712.2 747.3 787.3 816.5 813.5 790.9 779.2 768.5 760.3 757.3 752.8 730.6 715.3 696.5 675.6 642.5 626.4 605.3 577.7 549.5 516.6 484.1 456.9 433.6 408.2 385.1 365.1 346.3 319.3 291.5 265.1 243.2 225.6 211 202.4 209.5 228.1 240.2 253.8 255.5 268.1 272.6 275.8 276.1 282.6 290.6
639.5 631.8 612.9 599.2 563.5 548 537.2 505.1 488.8 467.7 437.3 412.6 388.7 352.8 339.1 328.6 326 336.4 353.2 371.8 390.6 410.4 429.3 457.5 480.7 501.8 525.6 556.9 583.8 612.2 635.8 664.8 697 729.7 767.6 797.1 798.6 781.7 766.6 760.1 751.6 745.8 741 728.5 711.6 693.5 672.6 636.6 622.2 606.8 584.7 548.8 518.7 488.9 467.6 440.2 412.4 389.8 366.4 347.4 327.3 296.1 267 247.1 230.1 215.7 205.9 202.5 215.8 229.7 229.5 233.5 242.3 251.3 259.8 261.9 263.4 262.9
641.9 629.6 618.7 607.4 573.2 551.6 534.4 510.5 497.4 479.7 455.1 420.8 393.8 358.3 335.4 325.4 320.9 329.7 343.5 358.7 380.6 403.8 424.6 448.3 467.9 492 516.4 544.2 572.8 603.4 626.1 654.6 680.4 713.6 746.3 775 785.8 775.2 759.5 751.9 746.7 741.4 731.8 718 700.7 685.7 661.7 632.5 608 595.2 575.4 548.3 514.1 488.1 468.3 444.4 417.9 394.6 368.2 349.9 331.1 298.6 277.3 256.8 234.9 217.7 205.6 195.7 202 209.7 211.9 218.3 225.4 236.8 240.6 245.9 247.4 242.5
653.5 640.6 631.2 614.8 593.7 561.5 540.6 517.1 492.8 472.3 454.4 427.7 401.7 368.6 337.2 323.1 316.5 323.7 336.8 356.5 376 390.6 417.3 447.1 466.6 480.7 506.4 534.4 564.9 589 613.7 647.2 668.8 700 726.9 748.2 763.9 758.9 746.1 741.3 739.8 724.8 709.6 686.2 666.1 653.1 634 612.8 590.5 572.2 549.8 526.1 505 488.7 472.5 447.9 424.3 398.8 370.3 350.4 330.8 307.7 284.4 262.7 239.4 224.1 211.5 199.9 192.2 195.1 197.5 199.2 207 219.8 221.4 222.8 222.2 227.8
661.9 650.4 640.4 622.4 609.5 581.2 561 522.2 490.7 459.3 434.3 428.9 395.5 378 345 324.7 315.3 315.8 329.3 350.6 371.7 384.7 403.8 439.8 452.5 467.1 493.5 523.7 555.3 579.9 604.3 634 663.8 689.8 709.5 726.6 737.5 735.7 726.8 724.8 718.2 695.2 676.6 657.1 638.1 626 608.2 595.5 579.4 559 539.7 520.9 505.3 488.9 471.5 454.1 433.9 405.5 370.1 352.2 330.8 307.7 288.6 268 248.4 231.5 216.5 203.7 194.3 186.7 188 189.4 192.6 197.6 199.5 199.8 201.8 209.4
679.1 658.6 654.2 638.9 623.6 596.2 568.5 537.6 508.5 438 414.5 397 380.4 364 347.5 326.4 312.1 305.9 319.1 344.1 359 372.7 387.3 415 432.5 456.5 481.6 508.2 538 577.1 596.3 618.1 654.6 675.4 694.6 711.4 711.3 709.8 708 701.6 687.5 668.5 652.3 631.4 620.4 606.7 587.5 571.5 557.9 543.5 527.6 509.7 496 482 464.3 444.6 418.6 395.1 358.1 340.4 322.3 308.7 297.6 271.9 251.8 232.5 220.6 207.5 194.2 185.2 177.4 179.4 181.7 185.5 186.2 186.6 191.9 193
698.9 677.1 671.8 657 639.3 613.5 572.2 547.8 512.1 462.3 412 385.3 360.9 344.5 333.3 321.2 308.9 300.3 310.2 324.9 343.7 361.1 377.4 396.9 417.2 436.6 465.8 495.1 529.7 557.3 582.4 606.5 636.3 650.8 674.9 685.1 686.9 687.4 690.2 680.2 660.9 645.5 621.3 606.5 592.2 579.8 566.3 549.8 539.4 523.3 506.2 494.9 479.6 465.5 449.5 429.4 406.5 374.8 349.3 327.9 312.9 307.5 294.3 274.5 256.7 234.9 220.2 209.9 194 185 177.6 169.2 177.8 179 177.1 178.3 179.1 178.8
712.3 693.9 689.3 680 649.6 627.8 581.7 562.2 501.4 464.2 421.6 390.6 362.5 340.8 325.5 314.6 306.9 298.1 301.1 313.8 329.4 352.4 369.5 390.4 410.6 429.1 457.4 482.9 517.3 539.4 563.4 592.1 609.7 635.3 644.8 661.6 672.7 673.4 672.3 661.2 646.1 624.2 606.4 593 576.1 558.1 541.3 525.8 512.5 504.1 490.2 477 461.8 442.8 427.4 411.5 391.9 370.4 343.1 322 304 295.1 289.2 270.1 250.6 235.1 224.3 203.7 191.1 182.8 178.1 170.2 165.8 167.2 167 165.7 164.8 168
730 713.3 700.3 690.1 672.9 637.8 583.7 553.4 501.5 463.5 429.5 402.1 375.8 348.9 327.9 317.3 304.6 295.3 296.2 305.2 319.6 341 364.3 386.6 409.2 422.7 444.6 470.4 497.7 527.4 553.9 577.5 588.6 612.5 624.8 639.1 656.6 660.2 664.6 651.8 622.3 604 590.9 578.3 549.8 529.1 517 503.4 489.2 478.8 472 457.5 441.7 423.8 409.9 395.9 377.3 360.6 339.3 317.8 298.9 281.2 267.5 253 239.8 231.3 221.4 203.2 192.7 185.1 177.4 170.6 162.9 154.9 158.8 156.8 155.8 157.4
752.3 730.6 708.9 698.8 689.3 654.2 587.3 557.8 510.4 479.2 447.2 414 388.8 361 337.8 319.4 306.3 294.3 293.2 298.1 313.2 337.1 353.6 379.1 398.7 409.9 444.3 460.4 485.5 511.4 536.2 553.6 565.8 591.9 613.1 613.1 631.6 643 628.4 613.1 600.8 580.2 565 545.2 523.5 507.8 493.4 479.7 465.2 454.9 446 431 419.4 406.9 392.3 379.4 362.7 346.3 330 313.1 294.3 277.6 257.7 240.9 231.8 223.4 213 199.6 196.1 185.6 173.3 168.2 161.7 154.5 149.8 153.7 152.5 151.6
762.3 745.5 723.1 710.6 704.1 666.3 608.4 558.2 519.8 492.5 456.9 424.5 395.8 371 347.8 325.4 309.3 296.9 288.1 292 303.8 327.7 348.6 368.7 383.3 398.3 418.9 443 475.7 499.8 534.8 544.6 554.2 566.7 581.7 589.9 604 611.6 603.7 585.2 568 553.4 537 514.4 501 484.4 471.8 457.3 440.9 429.8 419.7 407.9 396.6 385.6 371.5 361.8 348.1 333 315.8 301.4 285.8 270.8 256.3 241.8 230.1 218.2 208.9 196 190 182.3 170.9 165.2 162.7 155 145.6 152.4 150.6 146.9
761.3 752.9 731.5 715.2 703.4 666.1 620.1 578.3 539.8 498.5 469.2 428.1 403 380.3 356.1 332.8 314.6 302 288.9 286.2 296.3 317.9 340 356.4 366.6 387 407.1 427.5 462.8 487.2 521.6 531.6 543.9 554 567.6 578.1 591.8 590.1 580.8 567.6 549.8 537.2 512.8 497.7 482.8 466.3 446.7 430.5 420.7 407.1 394.3 383.5 372.7 361.2 352.1 344.3 332.4 316.7 300.2 286.9 274.9 261.3 246.1 235.3 226.7 218 206.4 192.2 180.5 174.9 170.1 166.7 158.6 151.8 139 143.2 144 139.9
757.5 741.5 731.6 713.3 697.3 675.1 633.9 594.5 548.6 497 466.4 442 415.4 392.6 364.9 341.4 319.3 307.4 291.2 280.4 284.2 297.1 316.3 339.2 350.3 372.9 394 414.1 438.8 462.3 485.7 513.2 515.5 536.2 558.5 581.2 584.1 575.5 559.1 540 514.5 503.5 492.6 471.4 457.2 444.9 425 410.8 400 391.1 373.8 362.4 350.6 340.1 332.4 324.2 313.2 300.2 285.7 275.1 263.1 250.9 239 231.9 221.6 210.2 201.3 192.9 185.9 178.5 173.1 160 154.9 151.5 144.8 134.8 134 136.7
744.9 731.1 725.5 713.4 680.6 654.5 627.2 589.4 555.8 507.3 473.7 450.3 427.5 401.9 370.1 342.9 323.6 305.2 290.3 279 277.5 284.9 304.4 322.8 336.5 356.6 377.7 401.8 418.1 436.7 461.7 483.1 494.6 510.8 536.1 567.9 570.1 549.4 540.1 517.6 501.2 478.4 460.6 443.4 433 415.3 403.1 389.9 374.6 366 355.3 340.4 330.7 322.2 313.7 306 295.7 285.9 273.5 262.9 252.4 240.1 233.1 227.1 218.3 210.6 203.7 195.4 183.3 175.6 168.8 161 154.3 147.8 146.2 138.2 132.9 131
731.1 717.3 709.6 676.5 662.8 640 619.7 588 548.1 509.2 477.4 457.6 430.4 407.6 379.2 347.4 327.8 308.1 288.3 277.9 272.3 277.3 294.6 312.9 322.8 340.7 362 389.4 397.8 419.8 440.2 459.8 470.5 485.5 519.6 541.1 542.3 520.1 508.1 497.6 477.8 458.2 446.4 424.8 412.1 395 374.4 366.1 352.3 341.2 329 317.9 311.8 303.4 294.8 286.7 278.4 269.3 257.7 248.1 239 229.5 223.9 218.8 213.8 206.7 200.6 192.6 182.7 178.3 171.8 161.8 153.5 148 141.5 139.6 135.8 131.2
