webserver/python/data/NN50.asc
ncols 200
nrows 200
xllcorner 250000
yllcorner 700000
cellsize 50
[rows 35 to 69 of 200, columns 0 to 78 of 200]
368.9 382.2 409.4 440.7 439.5 414.8 402.5 399.4 406.7 406.4 399.4 415.2 416.9 416.2 418.1 416.1 412.7 411.5 408.2 399.2 375.2 368.8 369.7 344.8 361.2 371.8 385.3 380.6 392.5 405.9 413.5 411.9 419.3 408.2 400.3 375.9 345.7 324.7 306.4 296.9 276.4 258.7 245.4 235.3 231.4 222.4 205.5 194.5 187.9 197 202 222.6 203.1 174.3 163.3 155.3 155.3 155.3 155.3 155.3 155.3 166.8 184.8 203 217.8 226.8 237.2 245.6 253.2 262.6 267.8 277.8 291.6 309.7 321.2 337.3 351.6 358.2 360.1
348.5 364.4 388.5 420.2 446.5 423.5 382.1 383.4 392.2 382.1 375.2 400.5 418.3 400.5 399.5 410.1 408.8 411.1 409.4 394 372.9 359 361.3 359 337.5 354.1 363.7 364.1 369.3 386.8 398.1 398.1 398.8 395 386.3 360.7 339.5 322.1 303.1 294.5 279.5 261.9 249.1 241.9 235.9 227 213 199.7 190.2 188.8 191.7 198.6 193.8 179.3 167.1 155.3 155.3 155.3 155.3 155.3 155.3 155.3 164 187 205.9 222.3 232.8 244.4 254.9 260.6 271.5 282.7 296.6 314.2 328.2 339.7 353.1 363 370.8
331.1 346.6 357.1 373.2 381.9 399.5 369.9 363.5 374 349.4 355.4 379.4 393.1 381.9 389.6 399.9 395 406.8 405 397.5 372.6 347.5 349.1 357.4 341 332.8 341.6 348 350.6 359.3 366.8 371.2 375.3 375.3 362.6 349.1 334.8 320.5 306.8 296.3 285.6 271.5 258.2 252.1 238.2 229.2 220.3 215.5 205.6 192.1 191.7 191.9 189.8 184.9 180.6 171.8 158.9 155.3 155.3 155.3 155.3 155.3 155.3 167.6 184.4 203.5 219.4 238.3 243.4 261.6 276.7 287.9 301.1 318.9 333.5 341.2 350.4 360.8 368.3
299.5 317.5 304 306.6 326.8 347.4 335.3 325.2 323.9 317.4 338.3 357.5 359.9 357.9 373.1 376.6 379.1 377.9 385.8 385.7 366.2 343.9 343.7 341.6 338.7 327.6 326.8 336 338.1 341.7 351.1 354.1 355.9 355.6 351.7 342.9 335.6 326.4 312.7 302 291.1 278.2 268.1 261.6 246.4 235.8 232.6 227.7 219.2 205.8 197.4 194.7 184.8 180.9 181.2 180.2 176.2 160.5 155.3 155.3 155.3 155.3 155.3 169.5 186.5 194.4 209.3 222.2 241.3 260.8 278.6 291.7 306.2 317.4 332 339.3 350.3 362.9 378.3
264.1 268.6 267.4 274.4 296.4 288.6 287.6 295.5 296.1 293.4 318.7 321.6 321.7 323.2 341.5 351.3 351.2 360.5 364.4 367.3 363.5 340.6 339.2 339.7 333.5 325.8 319 325.3 327.5 333.8 337.3 341.2 346.9 348.2 350.2 343.6 337.9 330.8 319.1 308.6 292.1 280.6 273.9 270.6 249.6 250.7 246.3 242.8 228.9 213.2 202.8 201.2 194 179.8 179.6 181.6 182.1 172.4 155.3 155.3 155.3 155.3 155.3 165 181.2 197.9 213.7 225.2 251.4 266.3 284.1 299.2 313.5 328 337.4 345.1 362.9 371.8 386
237.4 244.2 244.7 244.1 269.9 260.4 272.6 279.4 271.3 275 282.4 291.6 292.9 295.7 305.2 314.3 330.1 343.9 348.4 359.2 359.5 347.1 339.1 340.2 337.4 329.4 319.5 312.1 319.2 325.4 330 337 341.9 346.1 347.8 345.5 341.7 340.6 330 315 293.8 283.2 276.9 263.3 260.8 262.1 264.6 251.1 237.2 211.7 205.5 203.9 202 186.2 170.4 169.5 167 155.3 155.3 155.3 155.3 155.3 155.3 168.7 186 202.1 215.1 228.3 251.5 275.7 290 305 320.6 333.4 344.5 355.7 367.8 377.7 388.1
230 228.2 224.6 226.9 235.7 230.5 241.5 244.2 251.7 268.7 280.5 275 271.7 273.8 279 290.3 304.1 320.8 327.7 346.3 339.9 337.8 330.6 338.9 338.2 332.6 326.3 308.9 310.6 314.3 324.1 332.5 338.8 342 344.8 349.8 349.2 348.1 335.8 317.2 299 289.2 281.7 272.9 276.2 278.5 281.4 262.2 227.9 210.3 206.1 202.8 200.1 188 171.7 161.9 150.3 151.9 146.3 155.3 155.3 155.3 163.6 180.4 196 212.2 221.1 232.1 258.1 277.4 296.9 311.6 324.1 330.8 342.2 361.7 375.3 389 399
213 210.8 193.6 191.5 200.1 208.9 220.5 227.4 237.2 259.5 275.5 272.5 266.1 259 260.4 273.8 284.9 287.9 298.4 312.8 322.5 323.2 325.1 331.4 336.1 337.7 337.3 325.5 295.5 305.2 316.1 322.9 331.4 335.2 338.4 345.7 350.9 350.9 339.9 323 305.6 296.3 289.7 286.7 289.6 287.3 276.8 252.9 225.2 210 204.3 200.2 200.9 188.7 179.6 162.5 151.8 145.2 144.1 124.8 146.6 157.1 180 192.8 204.5 216.8 226 228.1 252.8 277.4 300.1 309.6 322.8 334.1 346.8 361.2 371 385.6 400.1
195.7 190.6 186.7 179.1 191.9 197.8 200.4 211.1 226.3 235.2 258.3 260.7 258.7 251.5 249.2 253.3 265.8 276.2 282.7 289.7 301.2 312 319.9 331.8 340.1 345.5 345.4 335.9 316.9 291.8 299.8 307.7 317.9 329.2 332.7 337.1 339.2 343.8 340.9 325.7 311.4 305.8 298.9 300.7 304 299 288 259.5 231.8 209.2 198.7 194 192.2 190.9 190.5 172.9 156 145.2 130.2 132.8 151.7 170 181.6 197.6 210.5 221.9 221.9 226.5 246.2 267.4 289.3 297.8 308.8 330 346.5 366.7 372.9 380.1 387.9
172.4 166 163 163.2 174.3 186.5 199 208.7 220.3 229.6 236.9 244.3 248.9 249 250.9 247.3 251.2 262 274 283.9 291.1 300.7 317 336.9 344.1 349.2 350.9 334.9 315.9 298 287.5 297.6 312.5 320.9 327.1 329 328.3 330.5 331.2 323.4 315.7 311.5 308.2 313.1 315.4 307.1 290.2 271.7 240.9 210.4 193.3 188.9 184.2 189.4 188.2 177.4 160.8 137.7 123.5 143.1 159 171.7 183.1 199.6 209.2 218.4 218 218.5 239.7 261.4 278 283.2 301.5 321.7 340.1 355.4 369.2 370 373.3
149.5 154.9 163.4 171.5 183.5 195.1 204.9 213.9 222.4 232.4 238.4 243.8 246 246.6 249.3 243.5 243.4 251.1 264.6 276.5 285.9 295.1 311.2 340.6 339.9 341.7 339.6 328.1 310.3 298.8 281.5 285.1 295 304.6 317.6 321.6 318.2 315.8 322.3 321.7 322.8 321.1 317.3 319.8 320.1 310 301.3 286.3 246.4 213.4 183.5 177.2 174.4 175 175.7 163.3 144.6 117.2 127.5 143.2 158.9 172.4 182.1 194.2 199.2 203.3 204.5 212.8 231.8 255.1 262.4 274.1 292.8 320.5 339.7 354.5 362 369.1 370.3
162.5 172.2 180.4 184.5 196.6 204.9 213.8 222.4 230.8 238.8 248.8 253.2 252 249.6 247.8 240.5 238.8 246 256.2 266.6 276.2 289.5 302.9 321.9 323 324.7 323.7 318.1 306.9 292.4 280.1 275.9 282.7 290.6 299.5 305.5 304.8 307.7 318.9 329.6 334.8 334 329.2 324 318.2 308 292.5 275.4 243.4 212.3 184 166.6 165.5 162.6 158.1 147.9 134 116.2 120.8 131.2 145.1 161.8 175.2 187.1 193.3 189 191.9 203.8 227.6 248.2 251.2 274.8 298.6 322.2 341.5 355 366.1 370.7 368.2
173.9 184 191.5 200.7 210.1 217.2 225.3 230.7 239.8 243.3 250.4 259 267.6 268.6 258 242.5 233.7 241.5 248.3 256.9 266.6 279.8 304.7 324.1 335 331.5 329.9 321.3 311.1 289.2 270.9 261.7 276.5 282.6 289.2 290.4 298.6 308.8 323.3 337.2 351 346.8 337.9 331.3 320.5 308 289.2 273.2 240.4 211.2 185.9 169 154.1 151.1 144 136.5 130.9 123.8 117.6 111.9 125.9 144 158.2 168.4 170.8 169.9 182.6 202.1 220.8 237.9 245.2 278.3 305.5 324.4 343.2 355.9 366.2 366.9 366.1
180.9 195.7 206.4 214.6 223.2 230.5 235.1 239.2 241.1 249.7 250.8 258.4 267 267.4 271.6 258.4 230.4 241.1 238.5 243.6 256.8 274 294.9 319 334.7 329.5 325.3 318.5 303.7 283 260.4 252.6 269.4 280.3 287.2 292 298.6 313.7 329.7 344.4 356.5 351.8 343.4 337.1 325.2 312.5 291.2 268 238.1 213.6 189.2 174.8 155.3 143.9 136.9 134.8 129 129.3 136.3 124 111.8 121 138.8 152 160.8 166.6 181.7 193.7 211.1 226.4 242.2 270.2 298.5 320.4 340.5 353.2 360.7 362 359.8
188.5 206.6 215.8 217.7 216.8 221.4 228.8 240.4 239 230.3 248.4 254.2 248.8 256.2 262.2 255.9 230.1 228.4 228.5 231.5 247 260.9 269.5 290.2 297.9 300.6 293.1 271.5 256.8 250.8 237 241.3 262.5 275.8 286.8 293.2 305.4 319.7 333.3 350.5 362.6 360.7 347.5 337.9 324.8 310.5 290.5 259.9 237 217.9 198.6 182.8 166 147 141.1 131.7 127.1 135.9 150.8 142.5 123 118.9 139.3 150.4 151.8 160.4 173.6 191.7 203.2 220.5 240.3 263.3 291.9 318 330.9 344.5 349.8 353.1 350.6
175.9 197.9 200.9 208.6 212.6 217.8 218 220.9 225.5 223.7 229 242.2 244.7 250.6 259.3 260.7 241.5 218.6 211.3 218.4 239.6 239.4 251.1 266.7 258 246.9 238.7 230.4 220.5 207.1 210 238.6 255.7 270.1 284.8 297.2 309.3 320 338 352.2 361.5 363 348.5 341.5 333.9 309.4 294 266.2 243.8 224 208 190.7 177.4 157.6 132.8 121 120.6 127.6 142.4 129.4 104.9 121.4 139.6 150 149.6 152.8 172.5 185.5 197.5 213.8 232.2 254.5 282 300 312.4 321.8 326.8 331.9 334.3
172.5 181.6 199.3 201.6 210.3 218.1 212.6 211.4 209 210 215.1 232.5 234.4 229.8 236.3 252.2 250.3 237.2 201.7 200.7 223.3 220.2 222.7 232.2 228.2 215.9 211 205.1 190.8 198.3 221.5 235.4 248.9 262.1 283 296 307.4 320.3 342.9 352.7 356.9 354.5 350.3 342.5 333.6 314.1 291.9 269.5 249.8 235 216 195.3 180.4 166.8 148.1 130.3 118.9 123.1 128.1 106 110.6 122.2 138.4 145.5 145.4 149 167.1 179 193.4 209.2 224.2 245.2 262.6 279.2 294.9 308.4 312.4 314.8 320
171.4 173.7 182.5 185 196.2 194.2 202.4 196.5 188.8 196.7 197.7 199.5 199.8 199.7 217.3 246.8 232.7 220.6 202.7 175.9 188.2 187.9 188 191.8 196 193.6 191.8 183.2 176.2 203.3 217.2 232.6 243.7 258.9 274.9 288.3 303.4 317.4 333.2 341.7 346.2 337.7 347 348.6 339.8 321.8 297.2 272.8 252.3 232.1 217 194.6 182.4 168.4 154.8 140.4 123.6 118 109.7 98.6 110.6 113.1 118.9 122.4 124.5 143 160.4 174.8 187.8 200.8 216.3 236.5 258.3 274 285.9 295.7 310.4 310.1 316.1
169 164.6 163.9 170.7 178 189.7 181 167.9 162.4 159.4 161.6 163.9 167 174.8 202.9 216.5 203.3 201.1 195.2 175.3 157.6 157.4 161.7 169.6 171.2 175.8 175.1 161.7 180.4 198.7 212.1 224.9 236.8 249.1 266.7 281.3 298 313.4 320 330.7 326.8 319.7 336.9 344.9 342.6 330.8 302.5 277.2 249.3 231.5 212.3 195.9 186.5 174.6 162.6 150.8 139.8 120.9 103 97 105.1 107.2 107.5 109 117.9 135.1 150.3 167 178.7 191.1 203.9 220.9 237.3 253.1 261.9 271.7 282.3 291.2 295.3
171.5 175.2 170.8 154 148.9 149.2 148.6 144.2 139.2 134.5 139.5 137.9 139.7 149.8 173 183.2 177.2 180.9 171 161.7 150.6 139.9 140.5 147.9 157.8 160.2 149.2 162.4 183.9 195.5 212.8 223.4 231.3 238.4 253.2 270.7 286.8 302.6 311.5 310.6 298.1 304.7 318.1 336 339.5 329.7 307.5 283.8 250.6 229.1 213.6 202.6 190.8 182.2 172.1 158.8 146.3 132.3 107.3 91 95.7 101.5 102.6 103.3 112.8 127.3 141.6 155.6 165.5 178.5 193.2 208 223 234.6 247.1 259.1 267.3 277 284.5
178.3 198.2 204.3 181.5 166.5 156.3 140.2 128.9 127.6 120.2 115.3 113.3 118.6 124.2 141.3 154.5 163.7 161.6 151.7 145.2 130.4 126.3 127.2 139.4 147.5 151.7 143.9 162.9 176 188.5 200.7 213.7 220.4 226.4 241.2 253.5 270.2 284.6 285.9 281.9 277.3 291 300.8 305.9 312.2 317.8 304.5 286.8 253.8 228.7 212.4 205.5 197.3 189.4 186.4 171.3 151.5 136.2 111 98.1 90.5 95.6 97.1 99.7 108.6 120.9 136.5 145.6 155.5 167.2 181.1 198.7 216 230.5 234.9 242.3 249.2 254.6 263
179.9 193.1 193.9 181.6 165 150 136.3 126.7 126.6 120.8 111.2 107.8 103.9 103.3 118.1 124.8 133 134.6 134.2 125.8 117.4 115.3 118 124.5 132.2 134.9 135.4 151.4 166.4 180.4 194.1 213.1 219.1 218.4 226.9 235.2 252.9 256.2 248.3 244.8 253.4 265.4 263.6 273.3 284.1 286.1 288.7 276.7 253.4 226.1 208.7 201 196.7 189.5 182.6 171.3 146 126.6 110.4 99.7 90.7 89.9 92.9 97.5 103.3 114.8 128.4 135.4 146 156.5 166.9 181.1 198.9 214.1 229.6 231.8 235.5 236.5 241.2
172.5 190.3 200.7 169.4 150.6 131.6 123.9 126.7 121.3 119.6 111.5 102.6 95.8 94.5 102.2 117.5 124.9 122.5 116.6 105.1 105.5 105.6 109 111.2 117.2 119.2 131.8 141.2 157.9 173.4 188.3 201.4 212.5 211.2 212.5 215.1 223.7 226 225.1 228.2 234.3 240.5 244.9 254 257.1 258.6 258.4 251.4 232.6 214.2 203.7 193.1 188.3 184.5 176.7 158.1 138.8 117.6 108.4 98.4 92.1 88.5 89.7 92.9 98.9 109.5 122 131.4 139.5 146.3 156.7 167.6 179.6 192.5 204 214.4 220.9 225.5 222.2
178.7 181.1 173.1 163.5 154.9 134.2 132.2 141.5 121.8 106.9 91 89.4 89.2 89.6 99.3 112.2 109.1 100.6 93.3 94.1 94.6 97.2 101.4 104.7 108.1 115.9 128 135.1 148.6 163.9 178 190.4 194.5 188.7 186.5 188 194.6 197.7 201.1 212.4 221.8 229.2 233.4 236.3 238.2 235.3 222.7 217.9 214.3 207.9 196.5 179.8 177.8 174.1 164.4 148.4 127.5 112.6 103.8 94.9 90.6 89.2 89.9 89.6 97.3 107.5 117.1 125.8 133.6 140.2 146.8 158.7 169.3 177.5 184.7 194.3 201.6 208.6 220.3
159.1 159.7 163.4 164.5 162.3 130.9 118.9 117.5 107.7 92.5 88.8 90 92.5 87.8 85.5 90.6 89.9 85.9 86.6 88 89.1 91.8 95.5 99.9 102.6 113.5 122.9 131.1 137.7 145.4 157.3 165.3 170.2 165.7 162.7 172.5 178.1 179.1 180.5 197.1 206.6 220.9 226.6 228 227.1 224.2 216.9 212.2 214.1 210.8 201.1 178.4 164 155.3 147.3 134 119.8 108.5 100.4 94.3 90.3 89 88.7 88.4 93 102.1 111.2 119.2 126.6 132 138.5 148.5 161.1 170.6 173.8 178.3 184.7 192.3 199.2
143.2 154.5 166.8 171.3 157.4 125.3 106.9 103 101.5 97.8 96.2 99 99.1 89.1 83 83.1 83.1 83.1 84.8 86.9 87.5 89.4 92.5 96.5 98.3 109.1 119.3 130 131.6 133.4 136.3 141.3 144.5 149.8 145.5 152 152 156.1 165.1 182.3 192.6 203.8 211.9 219.2 221.6 217.2 212.8 211.1 212.6 209.8 199.6 179.8 161.4 144.9 129.2 119 111.6 105.4 99.8 95.2 90 89.3 87.6 88.2 89.9 96.9 105.4 112.6 119.6 123.2 131.4 141.2 150 157.5 162.7 166.7 168.4 177.6 183.9
132.3 142.4 156.4 146 130.1 114.3 108.7 103.4 108.7 110.5 107.8 97.4 92 84.5 83 83.1 83.1 83.1 84.1 85.8 87.4 88.6 90.9 94.3 94.7 100.4 111.4 121.3 124.5 125.4 126 126.8 126.6 128.6 127.5 137 141.1 144.5 150.7 173.9 184.9 194.8 199.8 199.4 206.8 204 203.9 208.8 211.5 209.5 200.2 181.8 162.2 141.8 122 118 111.6 105.2 105.8 106.3 104.3 91.7 87.8 88.2 89.8 94.4 99.9 106.3 113.5 121.7 127.8 133.7 136.7 143.6 148.4 153.3 153.7 161.6 171.2
115.9 127.8 122.8 110 109.6 109 113.9 117.5 117.4 111.9 98.9 90 85.8 83.1 83 83.1 83.1 83.1 83.2 84.5 86.5 88.2 91.1 94.2 94.3 94.6 100.9 110.1 118.3 119.9 120.5 117.6 113.7 110.2 117.9 127.9 130.8 134.8 141.4 151 166.8 178.6 190.2 192.6 190.2 188.5 195.9 206.4 211.9 212.2 207.1 190.6 158.9 141.1 122.5 121.2 127.1 120.7 110.1 114.8 118.8 99.8 86.4 88.5 90.9 92.5 96.3 100.8 109 117 126.8 135.9 137 137.4 135.4 138.9 138.4 145.7 152.6
102.1 107.6 106.1 106.2 108.7 110.2 116.7 128.3 120 107.3 99.7 98.1 83 83.1 83.1 83 83.1 83.1 83.1 83 85.2 88.5 92.8 99.6 97.5 93.3 92.7 101.2 108 113.2 115 112.8 108.1 103.5 107.7 113 118.3 122.8 126.3 138.4 149 160.4 175.2 177.6 182.4 179.1 188.8 197.2 207.3 206.9 202.7 174.7 164.3 151.6 135.4 126.6 131.2 130.7 118.4 108.3 105.5 97 86.3 87.4 87.4 89.6 92.9 97 103.8 110 121.1 137 143.9 141.1 129 126.6 124.2 127.8 129.5
98.8 98.6 100.6 106 111.1 110.5 118 116.1 112.7 107.5 102.3 98.8 83.1 83.1 83.1 83 83.1 83.1 83.1 83.1 83.1 83.1 87.2 91.2 91.3 90.2 88.4 90.1 94.3 99.7 105.2 105.7 101.6 97.9 97.3 102.7 106 109.1 117.1 135.8 145.4 148.9 157.5 163.4 174.4 169.8 171.2 177 180.5 184 188.3 184.5 175.9 154.6 137.4 128.9 129 129.4 119.1 103.5 93.6 86.5 86.7 86.2 85.6 85.8 87.9 92.1 97.3 102.1 108.9 119.2 122.6 124.3 123.9 123.7 119.1 117.5 115
98.6 98.8 99 105 109.9 112.7 118.5 118.2 119.1 114.6 106.3 84.8 83.1 83 83.1 83.1 83.1 83.1 83 83.1 83.1 83.1 83.1 84.9 87.1 87.6 86.7 88.2 88.1 88.4 89.4 90.9 90.8 89.8 91.8 96.8 101.2 107.5 110.6 123.7 138.6 142.7 140.2 151.8 156.8 155.8 163.2 168.2 168.2 175.4 180.5 181.3 174.8 158.5 138.4 131.7 131.3 129.3 118.8 104.4 92 87.1 86.7 86.1 85.6 85.9 86.4 88.3 93.3 96.9 99.3 102.4 107.6 115.5 118.4 120.3 117.5 114.9 112.9
100.4 98.1 99.2 102.9 108.7 118.9 122.4 128.3 119 113.6 88.2 84.7 83.5 83.1 83.1 83.1 83.1 83.1 83.1 83.1 83.1 83.1 83.1 83.2 84.3 85 84.6 85.1 85.9 86.6 87.3 86.7 85.1 86.2 88.4 92.1 99.9 108.4 109.5 113.1 118.4 126.6 130.4 139.2 138.6 146.4 158.2 158.1 155.7 165 169.3 170.8 169.4 155.4 135.1 134.1 133.6 132.3 122.7 107.5 96.2 86.5 86.7 86.1 85.8 86.2 87.2 88 89.5 93 95.7 98.6 100.5 106.8 110.8 114.1 117.1 117.5 114.2
115.3 112.5 104.4 105.8 106.7 115 115.2 109.7 115 95.5 86.5 84.9 83.8 83.1 83.1 83.1 83.1 83 83 83.1 83.1 83.1 83.1 83.1 83.1 83.1 83.1 83.2 84.3 84.8 84.7 83.3 83.1 83.3 85.9 89 96.8 105.1 110.3 117.6 119 122.4 129.9 137.8 129.3 139.3 143.4 143.1 146 150.7 152.2 150.4 148.2 136.3 131.3 139.5 140.6 136.6 126.8 117.7 99.8 87.3 86.5 86.2 85.9 86.5 87.8 88.9 89.3 90.9 93.3 97.3 99.1 99.8 103.4 108.2 114.3 118.4 116.7
128.2 133.3 131 116.1 101.8 91.3 93.7 88.8 96 87.5 86.9 85.4 84.1 83.1 83.1 83.1 83.1 83.1 83.1 83.1 83.1 83.1 83.1 83.1 83.1 83.1 83 83.1 83.1 83 83.1 83.1 83.1 83 83.4 86.9 90 96.4 111.8 123.1 127.2 129.4 129.1 128.6 117.5 123.2 121.2 122.5 125.9 129.7 134.1 134.9 132.8 123.5 129.1 135.5 136.7 134.8 128.1 116.4 97.1 86.1 86.8 86.6 86 86.9 88.6 89 89 89.5 91.8 92.2 94.3 96.5 99.5 106.7 112.8 116.4 117.8
140.2 145.7 141.7 130.6 123.7 95.2 87.6 87.5 89.2 87.2 86.4 86 84.6 83.1 83.1 83.1 83.1 83.1 83 83.1 83.1 83.1 83.1 83.1 83.1 83.1 83.1 83.1 83.1 83.1 83.1 83.1 83.1 83.1 83.1 83.4 83.8 84.7 98 116.1 126 127.7 124.3 118.3 108.3 103.2 106.1 109.7 120.2 123.7 131 138.1 129.9 110.3 118.2 130 129.1 125 105.8 87.9 86 86.7 87.5 87.3 86.2 87.3 88.1 88.7 88.9 89 89.7 89.4 89.6 91.8 95.2 101.6 108.2 116.9 119.2
