webserver/python/data/NN62.asc
ncols 200
nrows 200
xllcorner 260000
yllcorner 720000
cellsize 50
[rows 70 to 104 of 200, columns 79 to 157 of 200]
566.7 568.8 573.6 580.9 587.3 595.3 602 606.7 611.8 617 623.6 634.1 643.5 650.8 655.1 657 657.6 639.5 621.7 618.9 621.9 622.9 627.7 640.7 654 660.8 649.9 643.9 629.4 616.1 623.2 626.2 619 591.9 552 524.4 484.3 469.9 457.1 442.6 424.9 404.6 381.7 368.3 355.2 352 351 345.4 329.6 317.7 309.7 316 316.7 321.9 330.4 325.2 324.6 332.1 343 351.2 354.6 358.7 360.9 364.3 367.9 372 376.2 382.7 389.8 397.3 402.6 415.8 418.8 422.6 429 428.5 431.7 440.1 450.6
561.7 564.8 570.1 576.2 583.6 592.2 598.2 603.5 608.1 612.6 617.9 627.8 636.9 645.8 652.1 656 653.9 648.4 623.7 619.8 622.5 625 627.5 643.4 657.2 669.8 662.9 643 632.6 620.5 606.7 606.9 584.5 563.2 533.3 516.4 487.6 469.8 460.7 447.3 434.4 422.6 396.6 369.7 356.9 345.4 343.5 345.5 335.9 320.7 309.7 313.4 316.4 319.4 327 320 329.7 339.7 346.3 349.9 353.5 356.2 358.9 363 365.3 369.6 373.6 379.5 387.3 394.4 402.4 409.5 413 417.9 424.5 426.6 427.6 433.4 444.4
556.9 561.4 566.6 572.8 580.9 590.4 594.7 600.7 605.2 608.6 617.5 624.6 630.7 638.7 646.7 652 649.8 643.9 631 620.7 621.2 622.9 625 639.4 655.2 671.9 669.8 652 636.9 628.2 604.6 579.5 555.4 536.6 524.6 508.3 481.8 472 466 452 436.7 436.5 420.6 381.6 359.5 344 338.1 337.4 333.1 323.4 307.4 311.6 316.2 316.4 315 323.2 332.7 339.3 343.3 347.2 350.9 354 356.6 359.2 363.1 366.7 370.4 377.3 384.7 392.7 400.8 406.4 410.2 413.6 415.8 418.9 420.5 422.3 430.3
552 558 563.2 569.2 578.6 585.2 590.9 596.6 599.9 603.2 615 622.2 628.2 634.1 640.7 645 644.8 641.8 635.1 622 620.5 620.7 622.6 629.8 641.5 650.4 654.7 652.3 641.6 632.9 616.3 569 537.7 519.3 520.1 503.6 482.2 478.3 473.2 461.6 434.5 426 417.4 387.4 359.5 342.7 326.8 325.1 322.7 317.6 305.6 305.8 316 311.4 309.7 319.8 329.9 335.3 339 343.3 348.3 351.8 355.1 357.5 361.3 365.3 369.1 374.7 383.1 391.8 398.3 402.4 408.3 411.2 413.3 414.1 416.3 422.8 426.2
548.5 553.8 560.6 566.3 572 578 584.2 589.7 594.5 597.7 610.1 618.4 624.2 630.2 633.1 635 635.8 638.8 632.8 622.5 620.2 619.6 621 624.9 633.4 646.2 654.8 652.3 639.4 630.3 616.4 579.3 540.3 519.6 500.5 490 484.9 482.6 476.8 464.7 440.1 418 404.2 389.8 354.7 337.2 323.7 317.3 314.3 312.7 306.9 299.6 308.8 304 316.5 321.2 326 330.6 334.6 339.2 344.4 350.1 354.4 357.5 360 363.9 366.3 371.3 379.6 388.7 393 398 402.6 408.3 411 413.8 415.9 424.1 426.6
543.4 549.9 556.5 561.3 568.8 575.6 580.7 584.9 589.2 594.7 601.1 614.6 620.2 622.6 624.2 628.4 633 635.9 636 623.5 619.6 619.3 619.8 623.7 632.9 647.3 654.4 656.3 640.3 625.3 611.7 565.8 537.4 520.7 503.9 488.3 482.4 481.1 477.7 464.9 447.6 415.6 397 385.9 360.1 343.4 326.5 318.6 317.4 314.7 303.1 298.4 298.6 310 314.6 316.7 320.4 324.5 329.2 337.2 342.4 348.4 354.5 359.1 361.4 362.8 365.5 368.4 372.4 378.8 387.3 393.6 398.3 403.2 408.7 412.8 414.7 420.5 429.2
538.9 545.6 552.6 557.2 564.2 571.2 577.2 581.7 585.1 591.9 596.8 603.9 609.6 616.1 621.9 626.1 631.6 634.5 634.8 622.6 617.7 618.4 619.5 627.8 634 645.2 654.6 653.8 650 619.7 597.5 562.4 542.8 524.2 505.6 490.3 477.6 469.4 465.1 456 444.4 416.3 393.2 379.7 362.4 347.7 338.3 328.6 320.5 314.6 305.3 298.8 299.5 303.7 307.5 309.6 313.8 317.8 323.3 333.2 340.3 346.3 352.3 357.4 361.2 363.5 365.9 367.4 369.6 373 378.2 385.6 392 397.8 405.4 411.5 412.3 416.7 424.1
534.5 542.4 548.6 551.1 558.9 565.7 572.5 577.2 581.1 585.5 590.2 595.3 603.2 611.6 621.6 626.5 629.4 630.9 628.8 617.1 613.5 614.6 619.7 626.3 635.2 642.2 650 651.3 637.4 613.7 585.5 557.5 542.9 528.9 514.7 497.8 475.7 461.1 446.6 440.5 429.4 408.5 387.7 370.4 354.5 342.9 335.9 326.2 318.6 313.2 304.4 299 292.2 296.6 299.7 303.2 307.7 311.8 316.2 324.8 333.5 341.7 347.6 354.9 360.9 365.3 367.3 369 369.7 369.4 372.5 381.1 386.8 392.1 401.1 402.9 405.5 405.9 408
532.7 538.7 541.5 543.7 551.9 560.8 568.9 571.4 574.1 578.3 583 588.2 597.7 608.4 616.3 622.4 625.7 627 622.4 612.3 608.6 606.5 614.1 622 628 632.8 640.5 644.7 622.1 602.3 578.1 555.2 540.8 530.1 521.2 511.3 494.5 457.3 443 429.8 415.6 393.9 377.2 364.2 349.9 338.6 331.6 324.7 317.5 309.7 304.6 296.9 291.9 289.5 296.5 298.9 303.3 307.4 310.8 316.7 324.8 333.5 342.3 350.9 357.7 365.5 369.4 371.4 375.8 371.7 368.6 371.4 380.4 388.8 388.7 392.4 393.7 392.9 389.6
528.9 531.9 535.4 538.6 544.7 552.8 560.5 565.2 568.8 573 577.5 584 595.9 604.6 612.7 618.6 622.5 621.2 616 606.8 595.9 594.5 603.7 611.6 618 621.3 624.3 632.2 620.6 591.3 575.9 564.3 552.1 534.5 525.1 522.7 501.9 463.1 449.4 433.9 404.2 382.3 373.2 360.3 350 335.9 328.5 321.7 314.1 307.8 305.5 297.7 293.2 289.5 297 298.3 300.7 303.7 307.7 311.7 318.6 327.3 335.6 343.9 352.2 360.9 367.6 371.1 374.7 376.8 373.6 369.2 362.9 370.2 378.9 379.9 375 371.4 371.4
522 524.7 528.2 532.8 538.6 546.2 551.2 555.7 561 566.7 571.6 577.1 587 597.7 604.9 610.8 613.3 612.6 607.2 599.3 591.1 585.4 593.5 601.9 606.8 607.6 614.3 620.3 612.9 592.1 577.1 569.6 557.8 542.3 529.5 528.5 514 476.8 445.4 425 401.5 391.5 373.5 364.6 351.8 337.8 328.9 323.8 319.2 309.7 304.9 297.6 293.9 285.9 293.3 298.5 299.5 301.4 305.4 309 313.5 322.3 331.5 339 346.2 357.2 368.8 370.8 373 375.8 379.3 376.8 369 355.8 359 367.7 362.6 356.9 354.4
515 517.8 524.4 528.6 534.8 540.9 545 548.3 552.7 559 565.1 570.8 579.4 589.5 598.1 603.2 600.7 599.5 594 593.1 586.7 579.8 585 591.8 600.1 600.5 599.5 608.4 611.9 599.5 575.7 570.6 557.7 546.7 533.7 526.7 509.9 477.4 449.2 428.6 411 393.5 380.4 364 350.8 339.8 330.2 325.5 321.2 309.2 306 297.1 291.1 285.7 295.1 296.9 297.2 299.7 303.2 306.7 313.4 321.2 328.7 334.1 338.5 347.3 358 364.7 368.6 373.4 378.8 382.6 375.5 362.7 349.8 343.2 343.2 341.7 343.1
507.9 512.7 516.2 521.9 527 531.9 536.7 540.8 545.4 552 557.3 562.4 572.8 581 588.3 592.7 587.9 583.5 584 581.8 579.1 573.5 574.4 579.5 592.8 595.3 595.7 596.5 593.2 585 574.7 568.8 562.9 551.3 535.7 527 504.8 480.1 458.9 442.7 418.7 400.7 390.4 366.7 349.1 339.1 330.4 326 321.8 309.4 306 297.6 289.3 282.5 287.5 295.1 296.1 298.5 302.2 306.3 312.8 320.5 326.5 331 333.6 341.2 348.9 355.2 360.9 366.2 373.9 379.8 375 365.4 354.5 346.2 340.4 336.3 335.5
505.1 507.7 510.3 516.8 521.2 525.8 528.5 533.5 539.2 545.2 551.3 555.5 561.7 569.2 576.3 578.8 575.5 575.7 574.8 573.6 572.5 569 567.9 571.1 581.6 594.3 593.2 592.1 584.8 577 570.1 564 558 551 538.3 525.3 513.3 490.5 473.7 459.9 434.6 408.3 396.9 375.1 355.3 342.3 331.2 323.8 317.6 309.1 305.7 296.3 286.3 280.5 284.7 292.6 294.4 298 301.2 305.8 310.9 314.6 320.3 326.4 331.5 336.8 342.2 346.4 351.2 361.7 366.7 370.4 374.2 369.4 359.8 351.8 346.7 345.9 341.3
499.2 502.1 505.5 511.1 517.5 519.6 520.6 528.4 533.6 537.8 540.9 546.5 550.2 558.3 559.4 564 565.5 566 569 570.8 571.8 568.5 566.7 566.7 576.8 585.7 589.5 590 587.8 573.7 567 564.7 562 555.7 541.4 529.8 517.8 497.1 487 471.5 445.7 415.7 405.9 391.6 367 348.3 334.7 323.2 315.1 308.9 301.9 294.7 282.6 276 279.7 288.5 293.1 296.6 298.3 301.5 306.1 308.6 314 319.2 325 331.6 336.7 340.9 345.9 356.2 362.8 362.6 368.2 373.7 366.6 356.6 351.3 350.2 348.8
494.8 498.2 501.1 505.1 510.6 512.4 515.2 522.4 527 530.1 533.4 539.8 544.5 548.4 553.1 554.7 557.8 561.4 566.5 568.1 570.7 569.7 565.6 565.7 576.4 583.5 587.6 588.2 590.4 588.2 569.1 559 558.6 555.2 543.5 535 521.5 507.9 496.1 477.9 460.9 427 414.3 399.7 378.7 356.9 340.3 324.6 314.4 307.7 299.7 291.7 275.5 275.3 279.7 286 290.6 292.9 294.8 296.7 301 302.7 308.3 312.2 318.9 327.6 332.2 335.9 341.1 355.4 357 359.3 367.2 368.2 362.5 355.8 359.4 350.4 348.7
490.4 494.4 497.9 502.6 505.6 506.1 510 517.4 521.3 521.4 528.4 534.9 539.2 543.1 547.7 549.8 552.1 557.1 562.7 568.4 570.3 566 564.2 565.8 573.5 582.9 587.3 586.9 588.9 587.9 581.4 564.3 549.7 546.2 540.2 536.3 523.8 514.4 496 475.8 462.7 441 421 407.8 384.6 361.2 341.4 328.3 317.3 308.4 299.4 292.8 278 268.1 265.9 273.3 287.6 288.7 288.6 290.9 293.5 297 302.4 306.9 313.4 321.4 327 332.5 336.7 345.1 346.9 353.5 356.7 352.3 350.6 349.3 358.2 354.1 343.8
490.1 490.7 496 498.5 498.1 498.5 503.5 511.8 515.5 516.8 523.2 526.7 532.1 538.8 542.2 543.7 548.1 552.9 558.3 565.7 568.4 564.8 560 565.3 574.9 581.8 585.2 587.2 586 587.1 582.7 573.6 556.5 543.9 538.3 533.6 532.6 529 515 486.1 465 443.7 425 412 392.7 364.4 346.3 335.2 323.8 313.3 303.2 291.2 284.2 279.4 270.1 255.1 266.6 282.6 282.4 284.4 287.4 289.6 294.8 300.3 305.9 314.3 321 328.5 332.2 337.3 344.6 351.6 346.5 341.9 339.6 340.5 347 352.5 350.8
485 486.4 491.1 492.1 493.5 497.4 500.2 503.6 507 512.6 516.8 519.5 525.6 531.4 535.4 539.8 544.7 549 553.2 558.9 561.4 560.5 557.7 560.9 569.7 575 577.6 579.7 582 584.7 584.3 578.2 564.7 548.9 541.8 537.3 534.4 528.7 520 496.9 471.9 447.8 427.1 411 394.7 370.7 356.2 345.6 331.6 320.1 303.7 292.1 283.7 281.2 280.1 269.2 258.6 275.1 276.5 279.2 281.3 283.6 288.4 295.8 298.4 302.8 310.8 318.7 323.3 329 335.9 337.9 337.7 337.1 338.2 344.5 351.8 358.8 362.2
481.1 481.3 484.4 485 490.4 493.9 496.7 499.5 505 508.5 511.6 513.5 517.1 522.6 527.1 532.1 537.9 542.7 545.3 549.5 554 556.3 551 553 561.9 568.6 571.9 572.9 579.5 581.6 578.5 573.2 562.5 553.4 545.2 537 532.8 523 518.1 499.6 479.6 453.1 434.5 419.2 399.9 378.8 363.9 354 338.1 326.8 306.3 291.2 281.8 279 277.5 270.1 250.8 269.7 272.2 271.2 271.7 275.7 281.4 285 289.5 286.5 301.8 308 313.9 319.9 326.3 333.8 336.9 338.7 341.6 342 348.9 355.3 363.8
475 477.1 480.5 481.8 485.3 487.8 492.3 496.8 501.2 505.3 507.8 510.3 512.1 514.8 521.4 527.7 533.2 537.1 539.8 543 547.9 542.9 540.7 547.1 558.8 563.7 566.8 564.5 570.2 571 568.5 562.6 552.2 549.9 543.3 536 523.6 511.6 504.3 495.7 479.7 456.4 443 427.5 405.6 387.1 369.6 354.4 341.2 324.8 307.7 294.7 279.3 273.4 271.3 266.2 242.6 262.3 267.7 266.1 266.7 267.3 269.5 277.1 280.5 282.3 289.2 298.5 303.9 314 330.3 335.3 329.2 331.5 336.7 341.7 345.5 354.7 363.5
468.6 473.2 475.4 477.1 480.4 483.9 488.3 492.3 496 499.2 504.7 506.8 508.8 511.7 516.2 522.6 527.9 531.5 532.4 532 534.2 529.3 527.4 531.6 550.4 557.4 560.7 555.8 549 549.9 544.4 545.9 546 541.9 542.2 541.6 528.9 515.1 497.1 483.3 469.7 453.7 442.9 431.7 406.3 388.6 370.8 356.6 341.3 323.1 308.5 293.7 277.7 268.3 264.3 262 237.7 253.5 261.6 260.6 261.5 258.1 251.1 265.5 272.9 279.9 279.3 288.9 292.2 306.7 316.2 325.2 328.6 324.4 331.8 333.1 343.5 351.6 351.1
462.3 466.6 468.4 469.9 475 478.4 481.9 485.9 488.5 491.5 496.8 501.4 505.6 507.5 513 514.7 520.7 521.4 523.1 526.6 523.8 517.2 511.4 510.5 520.4 525.1 524.2 524.3 529.1 532.2 536.1 540.7 538.2 532.3 531.6 529.6 519.8 505.6 491 479.1 466.9 453.3 443.2 425.2 405.1 387.9 371.8 359.1 344.5 328.8 312.4 300 284.9 265 257.6 251.2 238.1 243.3 246.6 256.6 255.3 250.4 247.3 255.2 263.6 267.2 272.5 279.2 288 297.1 304.3 307.7 316.4 321.2 316.1 325.8 338.6 341 338
454.2 456.6 460.8 462.1 467.6 471.2 474.6 479.8 483.2 484 487.8 494.1 498.2 500.8 509.3 509.7 502.1 502.5 504.3 505.5 499.5 496.5 491.1 490.3 497.6 500.3 506.7 510.6 513.8 518.5 519.3 519.8 520.5 514.8 510.5 501.8 500.8 489.2 477.4 468.1 458 445.5 434.7 420.4 402.1 386.5 372.4 359 346.1 330.4 317.6 304.4 286.3 263.2 254.4 246.8 237 227.9 240.1 248.2 247.5 247.7 245.6 252.6 258.9 259.5 266.9 272.5 280.4 283.9 287.2 294.4 301.6 310 311 314.7 317.1 327.5 322.3
445 449.7 450.7 453.3 458.4 461.3 465.9 472.6 474.9 474.7 478.5 485.6 488.9 490.1 499.4 498 498.8 487.5 483.5 483 487.9 479.1 467.2 476.1 483.2 481.8 489.8 493.2 496.3 494.2 497.9 496.7 494.6 497.3 491.7 485.9 480.9 472.1 463.1 450.8 441.8 430.4 416.9 403.9 391 376.9 368.2 354.4 340.2 328.7 316.9 303.8 288.4 268.6 247.1 246.4 226.3 222.4 239.7 240.7 238.1 238.6 239.3 240.1 252.1 250.9 258.4 266.2 271.6 274.1 277.7 283.4 287.7 288.9 293.9 307.5 307.9 310.9 298
436 439.2 438.7 443.9 448.2 450.7 453.5 458 461.2 460.5 466.1 469.3 470.5 474.3 482.9 482.9 481.8 474.1 471.2 463.9 459.2 456.4 458.9 467.2 466 462.3 467.6 468.2 473.2 473.6 476.5 475.2 471 472.9 474.3 475.3 468.2 453.3 443.1 431.7 423.8 411.6 401.2 387.8 375.7 367.7 358 344.2 333.8 321.8 309.8 295.7 280.7 259.7 233 234.8 225.3 216.7 232.4 232.6 231.8 231.2 231.1 230.8 236.7 241.6 249.5 253.4 257.9 263.9 268.9 272.1 272.7 273.9 277.4 283.8 296.2 303.5 294.6
425.9 428.1 428.1 436 439.3 437.7 438.6 443.7 447.8 447.2 449.3 452.5 456.6 461.6 465.4 463.6 461.6 457.6 450.8 445.4 438.3 435.9 441.4 446.6 445.5 444.8 442.6 445 444.9 444.9 445.9 446.3 445.5 447.5 450.3 454.4 451.9 438.5 420.6 409.2 405.2 394 375.2 364 358.9 351.2 339.9 332.5 322.6 314.1 301.7 287.2 273.4 254 227.6 227.6 220.4 205.4 216.5 225.5 225.6 222.7 227.6 230.6 229 231.9 238.3 242.7 245 248.3 254 258.7 256.9 259.2 266.6 275.7 283.6 286 278.1
418.3 415 417.4 422.9 430.8 427.5 424.8 424.5 428 432.7 434 437.4 441.7 444.4 443.2 441.3 440.8 442.2 438.8 428.6 420.3 401.7 415.6 423.4 430.5 420.3 423.3 421.5 414.6 412.9 414.4 419 420.6 419.5 419.1 420.6 423 410.9 397.7 381.9 367.7 358.6 351.8 343.3 334.9 326.6 320 315.6 306.9 301.4 298.1 289.5 269 250.5 223.6 219.5 215.5 205.6 208.7 213.2 213.8 210.1 219 223.7 223.5 227.4 228 231.4 232 235.4 234 237.5 236.9 242.3 254.3 264.8 267.6 262.8 247.4
406.2 401.8 403.4 405.4 407.8 408.7 410 410.5 411.4 411.8 416.1 417.1 424.3 424.2 421.5 420.4 425.3 431 429.3 419.7 407 382.7 391.7 393.6 395.3 392.9 399 398.6 395.4 389.5 382.7 386.5 389.4 389.9 381.8 373.9 369.3 367.7 357.8 351.1 345.1 340.2 331.1 321 312.8 306.3 300.4 295.7 291.7 290.9 286.6 274.7 252.6 238 215.7 210.1 205.6 195.8 195.4 199.9 202.8 198.1 207 214.9 217.9 220 220.1 218.1 219.5 224.2 222.9 223.6 223.9 230.2 240.7 243 238.5 233.1 216.1
392.6 393.3 392.4 391.4 390.8 392.9 394.8 396.6 399 394.8 394.1 389.7 401.7 399.6 398.2 398.8 403.5 406.8 394.1 387.3 379.3 365.3 371.6 371.4 367.7 364.4 366.5 366.6 368.9 363.3 355.1 352.3 354.3 351.6 345.3 341.2 336.7 334.2 331.5 329.7 325.7 318.3 307.3 300.6 293.6 285.6 279 273.5 270.4 271.4 258.1 246.2 236 224.9 213.7 203.1 195.6 190.5 178 184.7 187.7 184.5 191.2 195.9 202.8 207.6 207.5 212.2 217.2 216.4 216.8 217.2 213.4 214 214.7 212.3 208.1 201.9 191.5
378.1 379.4 381.5 381.8 378.5 378.1 380.1 382 380.5 372.9 369.9 370.1 368.7 371.1 372.8 375.2 378.6 370.7 364.9 358.2 353 347.1 348 343.6 340.5 335.2 334.6 333.1 344.7 341.8 332.2 325.2 321.8 318.1 316.4 318.3 324 319 313.3 307.8 299.6 292.7 286 278.8 270.8 264.8 257.5 251.5 245.3 236.8 231.7 227.8 221.3 214.1 202.8 193.3 187.4 184.4 177.2 165.1 169.3 172.3 179.3 178.1 185.1 188.9 197 200.5 207.1 208 207.5 206.6 199.4 198.5 194.9 184.6 179.5 172 166.1
356 357.4 360.1 362.5 369 366.2 357.1 353.3 352.7 349.8 347.9 347.9 347 353.7 350.3 344.5 340.5 336.6 334.4 331.8 328.9 317.2 321.7 320.5 316.4 310.8 308.9 307.3 314.1 312.5 304.3 300.5 296.9 294.8 294.2 292.7 289.8 287.9 285.3 281.7 279.3 271.4 264.9 260.6 252.5 248.5 242.2 236.1 230.5 224.2 217.8 212.3 204.9 196 188.9 182.3 179.1 176.1 173.5 166.5 150.6 158.2 161.5 158.9 166.5 172.4 182.9 185.5 192.6 189.1 188 188.1 181.4 167.9 158.1 150.2 152 148.2 144.5
333 334.4 335.5 338.9 338.1 334.8 336 335.3 332.6 330.7 329.7 325.4 321.1 323.6 322.4 318.6 316.5 312.7 309.4 308.4 305.8 296.9 298.5 299.1 297.3 288.8 285.4 282 280.7 279.8 276.1 274.1 273.2 271.6 270.3 269.4 267 263.2 260.9 258.3 255 249.5 245.6 244.1 242 239.3 239.9 238.6 224.3 215.4 206.7 194.8 186.1 179.3 173.1 173.5 170.4 165.7 161.4 155.7 142.8 141.5 143.7 141.9 148.1 150.6 159.6 164.3 173.1 169.9 161.9 152.7 145.7 136.4 130.8 126.8 122.8 122.4 121.4
307.2 308.4 310.2 309.9 310 311.5 310.3 314.8 312.6 311.5 306.3 302.7 299.1 301.6 299.3 299.4 296.2 294.9 292.8 288.5 282.4 276.5 277.7 274.6 272.7 267.3 262.9 260.6 258 255.7 253.4 250.3 248.4 246.9 245.4 243.7 240.7 238.2 236.2 234.4 232.3 229.9 227.3 227 225.3 220.2 219.3 213 207.5 202.1 191.5 184.8 175.6 166.7 160.7 157.7 156.5 152.1 147.4 143.9 139.9 127.6 123.9 130 129.9 129.8 132.1 135.1 135.9 136.5 133.2 130.7 123.3 113.9 107.4 104.6 101.2 100 99.8
280.6 281.2 282.7 282.3 280.7 284.3 280.6 286.2 283 279.9 278 274 275.3 277.8 277.8 278.1 277.5 276 273.7 269.9 259.7 253.3 251.6 250.2 245 242.8 241.5 239.1 235.2 232.3 227.3 223.2 223.4 221.8 220.2 218.4 215.9 215.1 213.2 212.3 209.2 206.2 205.3 205 200.5 195.8 191.5 186.4 184.3 185.9 188.1 182.4 167.5 158.8 147.2 136.5 132.2 130.6 131.5 133.7 133.5 122.3 113.5 110.1 110.7 105.8 106.7 107.2 108.5 107.7 105.8 100.5 99.8 95.7 95.7 95.7 95.7 95.7 95.7
