webserver/python/data/NN73.asc
ncols 200
nrows 200
xllcorner 270000
yllcorner 730000
cellsize 50
[rows 105 to 139 of 200, columns 0 to 77 of 200]
698 694.8 690.1 687.4 687 685.3 684.5 684.7 689.3 698.6 711.9 727.5 741.4 749 754.3 757.8 759.9 761.3 762.8 755 745.8 714.8 689.7 669.5 644.5 636.7 622 606.4 598.3 591 577.8 570.9 564.3 560.4 560.3 560.1 557.4 559.4 561.8 563.8 560.7 558 552.9 546.8 541.3 537.5 534 533.2 532.1 531 530.4 531.1 538.5 542 557 571.1 577 584.9 593.2 604.7 619.7 637.9 644.5 642.2 637.6 636 620 605.2 570.7 544.7 531 515.1 502.1 488.1 478.6 458.1 443.5 431.1
709.9 710.5 706.6 700.6 698 696.2 696.5 696.9 700.1 707.7 717.4 731 745 754.1 760.7 759.9 760 761.1 764.4 761.5 750.2 749.1 727.6 701.2 670.9 656 639.8 627.6 611.7 601.5 593.2 584.1 573.6 568.6 567.8 566.3 564.5 567.5 568.7 571.2 568.7 565.6 560 556.2 551.8 544.9 538.2 535 532.5 530.5 529.2 528.4 529.8 534.3 541.5 550.7 558.4 569.8 576.8 584.3 591.2 601.8 621 619.2 616.8 622.3 619.4 602.2 576.1 549.7 535.2 519.6 507.1 494.3 483.2 462.9 452.1 432.1
719 721.9 722.9 714.8 711.6 710.3 710.6 711.2 713.2 718.9 726.7 737.5 748.1 758.2 762.8 762.1 761.4 760.6 760.6 760.7 753.7 755.7 757.6 723.5 701.7 679.7 656.1 637.4 621.2 610.8 604.4 593.1 583.5 577.8 574.6 572.6 570.6 572.8 574.6 576.5 576.6 572.6 566.7 563.9 558.4 551.7 547.9 539.7 536 532 528.8 528.2 528 528.7 530.8 536 541.9 554.5 559.3 567.9 573.4 576.9 580.2 589.3 592.2 594.5 601.8 592.1 570.1 548.5 533.9 522.5 511.8 499.5 486.2 468.9 453.7 437.5
727.7 732.1 732.1 728.4 727.9 726.8 725.6 724.3 724.6 729.5 737.9 744.1 752.1 759.9 765.2 764.8 763 760.9 758.7 758.6 760 764.2 767 746.1 725.9 699.9 675.9 653.3 631.5 619.9 613 604.4 595.2 587.2 583.1 579.2 577.6 579.4 580.5 581.1 582.8 579.9 574 570.3 564.8 560.7 554.6 551 541 536.3 530.7 529.6 528.2 527.7 527.8 528 530.2 538.3 542 552 558.7 562.2 563.2 565.1 571.1 571 579.7 569.7 557.8 543.9 531 523.5 513.5 501.2 484.7 468 453.8 439.6
735.8 742.6 743.7 744.4 739.3 738.1 737.1 735.3 734.9 741 749.3 757 762 766 768.3 767.4 765.9 763.5 760.9 759.3 764.5 771.1 776.3 776.2 756.6 725.4 695 678 652.4 628 622.2 617.1 607 595.8 590.4 586.3 582.8 583.3 584.3 585.2 587.2 584.7 581.7 578.8 573.3 568 561.8 558.3 551.7 545.4 538.9 537.9 535.2 530.4 528.9 527.9 527.9 530.1 532.3 536.3 541.2 546.3 548.8 549.6 553.5 553.5 554.4 550.7 547.5 538.7 531.5 524.3 514.8 506 481.1 469.5 455.8 444.6
743.3 750.7 754.1 751.8 750.3 750.2 748.8 748.5 749.8 754.1 760.8 765.6 770.3 771.6 771.6 770.1 768.6 766.1 763.6 764.2 770.4 774.8 779.9 782.2 777.6 751.2 720.8 695 668.7 641.4 632.5 627.4 616.5 607.4 598 596.1 590 587.5 588.1 590.7 591.7 589.8 588.3 585.3 580.3 578.3 573.1 566.1 562.8 558.7 552.8 547.3 544.6 535.7 530.5 527.9 527.7 525.1 524.8 524.9 528.8 533.2 533.9 535.3 539 540.3 541 539.6 536.7 532.3 527.4 522.7 514.9 502.1 481 471.3 456.5 446.6
747.3 753.4 757.3 759.2 759 760.5 761.5 762.5 763.7 766.7 772.5 774.2 775.1 776 776 773.8 771.1 769.3 767.6 768.4 774.2 777.4 780.5 787.3 787.1 781.1 736 711.2 692.2 670.8 643.9 631.5 623.1 613.4 608.9 606.1 598.6 593.2 595.8 598.8 599.3 596.5 593.5 589.5 590.5 587.7 584.2 578.3 572.3 568.8 561.5 556.6 551.4 539.2 536.8 529.6 525.2 521.9 520.4 519.9 521.8 525.2 525.4 525.8 527.5 531.1 530.8 530.5 529.3 527 524.3 518.9 509.3 499.5 486.9 474.3 459.2 448.7
748 755.3 761.7 766 767.7 771.6 773.6 776 776.9 777.7 780.2 782.1 780.9 780 780.6 777.8 773.4 771.9 772 773.7 779.2 783.6 785.6 790.4 792.6 793.3 747.2 725.1 708.8 682.3 666.2 649.5 636.1 624.2 620 613.6 604.9 601.1 603.2 605.9 605.5 601.7 600.9 597.6 599.4 596.5 593.3 588.7 584 577.4 570.5 564.7 559.9 553.3 546.2 535.2 527.3 522.8 522.1 520.4 519 518.1 517.2 518.1 520.2 520.8 519.7 521.9 521.8 520.4 520.1 514.2 506.2 496.8 486.5 475.3 458.2 446.8
748.4 756.4 764.8 771.3 776.3 782.1 784.7 786.7 788.8 787.5 787.6 788.5 787.7 788.1 785.5 780.7 777.1 775.6 777.1 781.3 786 790.6 794.4 799.2 799.2 799.1 785 736 723.1 703.4 687.2 676.5 661.4 646.5 636.8 627.8 617.9 611.6 611.4 612.6 611.6 611.4 608.2 607.2 607.8 606.2 603.1 599.2 593.5 587.8 581.8 577.1 572 564.7 558.4 547.3 537.9 533.2 529.2 523.3 516.9 511.1 509.2 509.8 510.4 509.5 507.7 510.4 512.6 511.9 513.1 509.5 502.1 493 482.9 472.1 457.4 449.1
748.6 757 766.6 773.7 779.1 785.7 792.1 795.9 799 797.9 795.2 793.5 793 793.1 790.5 784.9 781.2 780.8 783.7 789.9 795.1 800 801.3 803.6 805.3 804.5 798.5 758.3 745 725.8 711 701.3 684.5 675.9 668.1 658.4 643.7 634.2 626.1 618.8 621.1 620 616.7 615.5 616.3 614.9 614.1 610.2 604.2 599.4 593.8 589.1 582.4 576 568.1 560.4 554.1 549.5 537.9 530 522.5 515.5 510.6 506.7 500.7 500.8 500.9 501.1 503.9 502.5 507.8 504.8 499.3 493.9 484.1 470.9 456.9 449.3
746.4 756.4 768.6 774.3 779.6 786.7 794.7 800.8 804 804.4 802.6 799.5 797.8 798.4 798 789.6 787.9 790.1 794.4 798.9 803.3 805.5 807 808.6 811.3 810.4 807.9 800.5 784.7 761 743.9 732.1 721.7 718.3 712.2 704.4 674.8 660.3 647.5 635.8 634.9 633.1 626.1 624.8 625.2 625.8 624.4 620.8 615.7 610.9 605.8 599.9 593.1 587 579.6 570.2 562.9 557.3 546.8 537 527.8 520.1 514.2 508.1 501.9 499.5 499 494.4 494.1 495.6 501.1 498.4 493.7 488.3 481.7 468.8 456.5 449
744.1 755.3 768.3 775.4 781.1 788.9 797.2 803.9 808.6 812.6 815.4 812.8 807.3 809.3 811.3 801.3 797.2 800.2 803.8 807.2 810.7 811.9 810.4 809.7 811 811.6 807.5 806.2 800.6 796.8 789.6 778.8 763.5 761.2 761.3 765.4 695.5 674.2 664.9 663.7 652.7 647.9 640.7 636.8 635.3 635.9 635.3 631.8 626.6 622.6 617.4 611.3 604.6 597.9 588.8 579.4 570.7 563.8 554.6 542.4 533.8 527.5 519.9 513.3 507.5 503 498.1 492.4 489.9 489.8 494 493 489.8 484.7 476.2 466.6 457.3 450.7
743.5 753.7 767.3 775.6 783.3 790.7 797.6 805.2 813.8 821.1 827.7 825.9 817.5 813.4 812.4 808.8 802.8 808.5 810.1 811.7 815.6 816.4 814.7 814.2 814 812.6 810.5 808 805.3 802.1 797.7 792.9 785.5 786.4 789 785.6 739.7 697.7 691.1 683.9 667.6 663 657.6 652.5 649.8 654.7 654.8 649.5 639.8 635 629.7 623.5 617.6 609.2 601 590.6 582.8 571.7 559.8 550.6 542 534.4 526.8 519.8 512.9 506.4 501.7 499.2 494.3 489.8 485.4 483.6 484.3 482.4 475.7 467.7 461.3 452.3
741.5 751.4 762.3 770.5 779.4 789.3 797.7 806.1 815.1 826.9 831.5 832.8 824.4 815.5 812 811.3 809.4 811.3 811.1 812.4 818.4 819.4 818.6 818.5 817.7 814.6 812.4 810.6 807.7 806.8 802.9 798.8 794.6 795.9 801 807.8 782.5 729.4 709 697.7 686.4 680.2 674.1 669.9 665.9 673.2 674.9 671.5 659.2 649.5 644 637.9 631.7 622.7 613.2 604.1 594.5 584.6 571.5 560.7 550.4 541.4 533 526.4 519.5 512.1 506.8 499.9 495 490.9 484.2 479 480.9 478.9 474.8 468.9 463 455.3
735.7 747.2 758.3 769.1 777.8 787 796.2 807.6 816.8 822.3 825.7 828 825.6 816.2 810.7 809.2 805.4 806 807.2 811.4 819.7 826.2 820.3 818.7 815.1 813.1 812.2 811.3 809.3 806.3 803.6 801.1 799.9 799.4 798.9 810.3 814.3 780.7 750.4 713.8 706 693.1 687.5 685.6 683.4 685.5 688.8 682.3 676.7 667.8 658 652.2 646.5 638.6 628.8 616.4 606.6 595.8 584.3 570.6 559.2 549.7 540 530.5 522.4 515.7 508.6 499.6 495.4 491.7 489.3 480.7 478 473 471.8 467 462.2 455.2
733.5 745.1 757.4 769.2 777.7 785.9 793.4 802.5 814.1 818.6 816.5 820 817.1 810.5 804.8 799.7 798.9 798.1 800.6 806.4 818.1 824.4 821.5 813.7 810.7 811.6 810.3 809.9 808.3 806 804.2 803.5 802.8 806.6 807.4 809.7 809.5 809.1 779 746.8 721.2 708.7 701.2 696.4 696.2 696.4 696.8 692.6 689 682.7 674.2 666.2 659.4 652.9 645.4 636.5 618.3 603.2 591.9 579.9 569.1 558.3 547.8 536 525.1 516.2 508 499.6 494.6 490.4 489.2 483.2 477.1 471.3 469.4 465.7 461.4 454.5
732.7 745 758 769.2 777.8 783.8 790 794 799 809.1 809.5 802.8 799.4 796.3 797.6 795.3 793.4 793.2 795.5 801.5 809.3 817.1 814.4 809.3 809.3 808.6 807.2 806.7 805.7 803.8 804.2 804.3 803.8 808.4 810.5 810.3 808.2 807.2 796.6 774.3 752.6 736.4 721 709.8 708 709.9 706.7 701.9 698.4 691.7 687.6 681.5 674.9 666.4 660.5 650.2 636.8 619.7 612.6 592.9 579.2 565.6 554.7 541.8 528.3 517.2 508.1 500.6 495.5 491.3 489.4 482.2 479.3 471.4 467.6 460.5 458 450.7
733.2 744.9 756.7 768.4 776.5 782 786.5 789.2 791.2 794.7 796.1 794.8 791.5 788.7 789.1 790.2 791 789.3 790.9 794.9 801 806.5 809.7 805.8 804.3 801.6 802.4 802.4 801.3 802.5 804 804.1 803.4 804.9 806.4 807.9 809.1 809.1 805.8 799.8 787.5 773.5 750.1 737.3 729 723.9 716.7 711.2 709.3 703.7 698.3 694.6 689.4 681.6 675 673.5 671 653.6 629.5 608.2 587.7 573.9 561.8 549.8 531.6 520 512.5 503.8 498.3 493.7 489.1 480.8 478.4 471.8 468 461 457.9 449.6
733.7 745.3 757 768 775.8 780.9 783.8 784.6 786.8 789 789.2 788.7 789.3 787.4 787.3 786 787 786.3 786.8 788.3 792.9 797.9 800.9 799.6 798.3 796 796.5 797.3 798.2 800 800.8 800.9 799.7 799.1 800.5 801.8 804.1 809.2 810.8 812.7 813.9 806.4 791.5 779.2 758.9 741.4 730.3 733.3 732.1 727.4 714.3 708.8 701 693.4 691.7 687.8 688.8 682.8 639.8 615.2 594.7 582.6 569 553.2 535.6 526 517.6 509 501.8 496.7 491.5 485.2 479.8 475.3 469.2 462.7 457.7 458.1
733.3 745.1 756 767.5 774.7 780.4 782.3 783 783.9 785.1 786.7 788.6 788.9 787.8 784.7 783.3 782.9 783.2 784.1 783.7 787.4 793.5 795.3 795.1 792.2 790.7 789.8 788.5 790.9 791.4 791.9 792.9 793.2 795.5 796.1 797.8 799.5 804.7 809.8 814.7 814.7 814.5 810 812.4 787.5 773.9 766.8 763.1 760.7 758.2 746.8 731.9 720.8 712.3 713.1 710.4 701.3 691.3 652.9 623.4 600.4 590.1 576.4 562.9 548.1 532.8 521.5 515.3 506.8 500.7 493.6 488.4 483.1 478.4 472.3 469.6 459.1 469.4
733 744 752.7 764 772.7 780.2 781.3 782.8 783.7 785.7 788.3 789.3 789 789 784.1 781.7 779.6 780.9 778.4 777.3 782 789.2 790 788.4 787.1 785.9 785.3 783 781.9 782.7 782.7 782.8 784.9 788.1 789.9 791.9 795.1 801.3 806.9 811 813.9 814.3 813 814.6 812.7 811.4 809.7 802 798.6 783.1 773.6 762.5 761.2 745.4 727.1 726.8 716.1 693.9 666.9 629.7 608 596.4 583.3 567.5 554.8 539.2 527.1 518.1 512.2 503.5 496.4 490.8 486.2 482.1 480 474.8 463.7 464.9
732.8 741.3 749 758.7 767.3 773.7 778.5 781.3 784.5 787.5 789.6 789.8 790 790 783.4 775.9 771.8 773.7 771.8 766.7 773.3 779.9 779.9 777.8 778.1 779.3 781.3 778.4 773.8 774.9 774.6 772.6 773 775.9 779.1 781.7 784.7 792.3 799.4 803.6 807.5 808 808.6 811.1 813.2 814.7 815.4 818.8 811.4 803.5 794.1 786.3 779.4 762.3 744.5 732.7 722.5 698.6 664.4 633.9 613.9 599 589.5 575.5 558.7 547.2 533.6 522.5 515.2 507.2 500.2 493 487.6 486.3 482.8 479.8 468.5 469.2
736.7 744.9 750.9 757.6 766.9 771.4 778.9 780.9 783.2 785.7 787.8 788.1 786.1 786 781 771.2 765.1 765.8 765.1 759.9 756.2 756.3 761.1 764.7 765.3 768 774 771.8 765.6 764.6 763.3 760.3 754.8 756.9 760 763.9 767.2 772.6 779.8 786.2 792.4 796.6 797.8 803.7 805.5 809.6 810 811 809.8 804 797.3 791.5 785.6 774.5 759.6 738.2 728.1 697.6 660.2 638.8 621.3 604.3 592.2 576.2 561.3 551.9 540.1 526 515.6 510.6 501.7 495.9 490.4 490.6 490.1 476.6 468.6 475
738.8 748.2 758.5 764 771.8 776.4 779.2 781.5 781.8 783.9 785.8 785 782.8 780.2 775.9 769.6 762.1 758.6 756.8 751.1 745.8 742.9 745.6 747.9 752.1 755.7 758.9 758.3 755.2 753 749.8 744.9 740.4 737.4 737.2 739.6 745.4 751.2 758.1 763.9 770 776.2 779.9 784.7 791.4 800.1 801.6 801.8 802.6 801.2 798.2 793.4 788.3 779 764.8 751.3 734.5 703.1 667.2 637.9 622.5 605.9 592.4 578 564.5 553.5 542.3 528.4 517.7 510 504.5 502.2 498.4 498.5 491 473.2 472.9 479
726.4 742 756.9 771.3 774.4 780.8 781 781.8 781.4 783 783.2 782.5 781.4 778.9 774.5 767.7 760.8 752.6 749.6 745.4 740.3 735.2 733.1 734.9 736.7 740.9 742.5 740.2 738.5 736.2 734.4 730.9 725.4 720.8 717.9 716.9 717.9 720.9 728.5 737.5 745.6 750.9 757 764 767.3 779.2 786.2 788.2 791.6 791.8 791.2 789.4 784.7 777.4 765.1 752.9 738.7 715.7 672.7 639.4 623.8 607.9 591.9 576.8 564.8 554.5 545.1 530.8 522.6 516 509.6 508.1 502.3 500.4 485.1 477.9 480 484.9
722.7 733.9 746.3 758.4 768.9 773.9 779 781.1 781.2 780.7 780.6 780.3 778.6 774.5 772.4 767.9 759.5 752.2 746.6 738.9 731.1 731.1 724.9 725.1 724.5 724.5 724.6 721.3 718.9 715.5 710.8 709.5 704.1 699 697.3 692 690.3 694.9 698.7 705.6 713.7 723 731.7 738.1 745.7 753.4 766.2 772.4 774.7 776.9 780.5 779.1 777.1 768.3 763.6 750.3 736.7 719.7 671.8 640.4 623.5 609.9 594.3 578.6 568.4 556.3 546.4 537.6 527 523 520.8 513.9 503.7 493.5 478.5 485.1 490.5 493
711.6 725.8 739.2 750.2 760.4 764.3 769.1 772.2 777.8 778.9 781.2 779.9 775.4 770.7 771 763.4 756.2 748.2 740.8 736.2 730.6 720.9 719 715.6 715.6 714.6 713.5 709.8 705.1 700.6 693 686.8 682.1 678.5 675.5 670.9 670.8 671.9 678.2 683.1 689.1 697.4 706.3 714.8 722.2 729.8 736 747.7 751.3 754.5 755.9 757.2 756.6 753.2 747.8 738.4 727.9 708.6 673.5 643.3 627.4 613.6 603.1 584.2 571.3 560.8 548.6 539.3 532 528.1 522.5 512.5 503.3 488 480.3 491.1 498.1 501.9
697.6 711.9 721.9 738.4 753.2 760.9 767.8 770 774 778.4 779.2 781.2 776.7 770.8 768.8 759.9 757 751.9 745.6 740.6 735.3 728.5 716.8 707.7 701.7 702.1 700.9 698.8 694.9 688.3 683.3 675.1 667.5 662.8 659.4 655.4 655.1 656.5 659.6 662.3 667.2 676.8 683.6 694.7 702.6 708.6 714.1 719.9 728.6 730.4 732.2 733.7 733.2 730.1 723.5 718.5 707.2 693.2 670.8 648.8 633.4 616.5 601.2 585 573.3 561.8 549.9 540.9 532.1 527.2 519.3 509.3 492.9 487.8 491.4 500.8 509.6 510.9
674.1 692 715.6 736.5 750.6 764.4 771.1 773.5 777 778.9 781.2 781.2 781.2 776 772.8 767.5 760.4 754.8 749.4 744.1 738.9 731.9 721.9 708.2 698.8 690.3 684.2 680.9 682.7 681.1 676.7 668.6 664 658.1 650.9 644.7 643.2 644.1 644.1 646.8 651.9 658 665.1 670.2 679.1 687.6 694.3 697.8 703.4 707.7 708.9 709.7 708 705.3 700.3 698.3 689.4 678.8 662.5 647.9 632.4 616.2 598.6 586.5 574.4 563 552.3 540 533.9 526.6 518.6 508 489 489.6 501.2 509.2 518.2 519.9
675.9 695.3 713.5 731.4 747.7 762.6 773.3 777.3 781.4 785.3 786.1 785.7 784.1 783 778.7 773.1 768 760.9 755.1 749.3 742.8 735.6 719.1 718 714.3 708.2 701.7 693.7 677.7 669 660.2 657.6 649.7 649.3 642.7 639.5 636.3 633.2 633.9 634.6 640 642.5 647.2 654.8 659.4 666.7 673.7 680 682.9 685.3 687.6 688 685.6 683.1 681.1 676.2 670.4 666.5 656.1 645.9 631 612.5 597.4 584.4 570.2 559.2 549.9 539.9 532.2 524.3 516 500.7 490.1 503.4 511.2 518.6 525.1 529.9
674.6 692.3 711 728.9 746.6 759.4 776.8 787 789.1 788.1 791.8 790.5 790.2 789.7 786.4 779.5 774.7 767.3 761 755.1 747.7 738.3 730.4 731.8 729.4 725.9 720 709.9 696.7 685.3 675.8 670.6 657.4 648 639 630 629 627 626.1 625.2 625.1 629.2 631.6 636.7 642.3 647.8 654.7 659.2 661.2 666.1 668.9 669.2 668.1 665.5 661.4 658.4 657.2 651.9 644.7 634.9 622.8 607.4 593.6 581.2 568.4 555.8 546.8 537.8 530 521.2 512.1 497.6 502.8 514.1 525.6 533.5 540.7 543.8
670 689.4 710.5 728.4 743.9 762.9 781 792.4 795.9 797.4 797.8 794.9 794.6 794.4 792.5 788 782.3 775 767.7 761.3 757 740.8 745.9 747.2 746.2 743.9 739.9 727.2 716.8 704.7 692.8 681 670.9 663.7 652.5 641.2 633.5 626 620.6 618.9 619.3 619.5 620.6 623 626.8 632.1 635.5 638.3 641.9 643.4 647.9 652.2 652.1 650 645.6 643.9 639.8 636.8 630.1 620.9 613.5 601.1 588.9 575.9 564.3 554.9 546.8 537.5 527.7 520.3 505.9 498.8 515.7 525 535.9 546.6 557.9 564.8
669.6 688.3 710.8 726.9 743.9 766.7 786.1 796.8 800.5 802.8 802 798.4 797.9 797.8 797.2 794.5 789.1 782.7 775.2 770.1 764.6 749.5 760.1 762.7 761.2 758.5 753 744.5 732.8 721.8 710.2 696.3 683.7 671.2 659.2 647.3 638.9 630.6 621.7 618.7 612.4 609.4 611.1 614.3 614.7 617.2 619.4 621.9 625.1 626.7 631.6 634.6 633.9 632.8 631.7 628.3 624.9 621.8 616.1 609.1 602.3 593.8 581.4 569.7 560.2 553.1 545.1 537.8 526.3 509.8 505.2 510.7 523.1 530.1 544 561.3 572.3 582.9
674.2 687.5 704.8 724.7 748.5 771.6 788.1 800.9 805.4 807 805 801.8 798.7 798.6 800.8 799 795.9 789.4 782.2 777 771.6 757.6 774.5 776.9 776.4 773.9 769.3 760.4 750.3 737.5 725.1 712.7 698.3 683.6 666.9 654.8 643.8 636 628.1 623.1 614.5 609 608.5 606.7 603.4 605.1 607.6 610.2 610.5 613.4 615.2 616.7 616.1 616.3 616.2 614.9 611.9 610 606.7 599.3 594.2 584.8 575.5 566.8 560.6 551.6 543.6 532.9 516.6 507.6 510.3 519.4 535.4 546.3 561.2 576.9 587.3 598.5
681.3 694.5 708.7 728.3 753.7 774.2 789.2 801 808.6 811.2 809 805.7 802.8 802.3 802.7 802.4 800.1 794.9 787.5 783.2 774.3 778.9 787.1 789.9 791.1 788.6 784.4 778.8 769.9 752.4 738.4 725.3 712.5 697.4 679.3 663.5 650.7 642 633.7 626.3 618.9 612.6 608.4 600.6 599.2 598.6 599.6 601 596.5 599.8 602.2 602.3 603.7 603.6 603.3 601.2 598.6 595.7 595.3 589.2 583.4 579.1 571.3 561.6 553.5 539.4 533.3 518.3 514.5 515.3 523.8 528.5 543.4 559.5 574.5 593 606 618.3
