webserver/python/data/NN86.asc
ncols 200
nrows 200
xllcorner 280000
yllcorner 760000
cellsize 50
[rows 105 to 139 of 200, columns 0 to 77 of 200]
185.4 190 188.1 189.2 191.3 193.9 195.3 197.6 199.4 200.8 203.1 207.3 207.9 208.8 210.1 211.8 213.1 214.2 215.4 216.8 218 220.5 221.7 222.1 223.8 225.8 228.6 231.5 233.9 237.8 240.9 243 241.1 244.7 247.6 250.1 253.3 255.5 257 258.7 260.4 261.9 263.4 264.9 265.6 266.8 267.8 268.5 268.9 270 268.9 267.4 266.1 265 264.2 263.3 261.1 259 256.9 255.4 253.8 252.5 251.3 247.2 244.1 241.3 238.2 235.3 232.7 230 227 224.1 221.8 219.4 216.9 214.7 211.6 210.5
188.6 190.6 192 194.7 196.5 198.8 200 202.8 205.6 206.5 207.5 210.1 211.8 212.9 214 215.3 216.6 218 219.4 220.8 222.3 224.5 225.8 226.9 228.5 230.5 233.2 236.1 239 241.9 244.9 246.9 245.3 251.3 252.7 255.7 258.9 261.1 262.3 264 266.2 268 269.5 270.7 271.9 273.2 274.4 275.2 276 276.5 276.5 274.9 273.7 272.8 271.8 270.8 268.9 267.7 265 262.8 260.9 259.5 257.3 255.9 249.7 246.6 244 241.2 238.7 235.9 232.9 230.2 227.9 225.1 221.8 219.2 216.9 215.8
192.3 195.3 198.4 201.1 203.1 204.5 206.4 208.9 210.3 211.4 212.5 213.7 215.7 216.8 218.5 219.9 220.6 222.9 224.3 225.8 227.4 229.2 230.8 232.3 233.9 235.8 238.3 241.2 244.1 246.8 249.6 251.3 249.8 255.4 257.9 260.3 263.4 266.1 268.3 269.9 271.9 273.4 275 276.7 278.3 279.7 280.8 281.5 282.1 281.9 282.2 280.7 280 279.2 278.4 277.1 275.6 273.5 272.7 271.1 269.2 266.4 262.7 261.1 255.9 252.4 249.7 246.9 244.3 241.8 238.8 236.3 232.7 229.8 226.8 223.9 221.5 220.4
196.1 200.2 204.8 208 209.4 211.2 212.2 213.3 214.8 216.2 217.4 218.6 219.8 221.6 223.5 224.9 227.1 228.3 229.6 231.2 232.7 234.5 236.2 237.7 240.1 242.1 243.9 246.3 249.1 251.8 254.1 255.7 256.3 260.4 262.9 265 267.5 270.2 272.4 274.3 275.9 277.5 279.8 282.1 284.1 285.7 286.6 287.4 287.7 287.2 286.7 286.1 285.5 284.9 284.2 282.5 280.6 279.1 278.3 277.9 277 274 269.1 265.5 262.1 258.6 255.4 252.7 249.8 248 244.1 241.1 237.6 234.8 232.4 228.4 225.4 223.5
201.8 207 211 212.7 214.5 216.4 217.4 218 219.2 221.3 222.3 223.5 224.7 226.8 228.8 230.3 232 234.1 235.5 236.8 238.1 240 241.7 244.3 246.5 248.4 250.2 252 254.1 256.6 259.5 260.7 262.1 265 267.3 269.6 272 274.2 276.1 278 279.9 281.8 284.6 287 288.6 289.9 290.9 291.8 292 292 291.7 290.9 290.4 289.7 289 288.1 286.1 284.8 283.8 283.1 281.2 278.7 274.2 270.7 267.9 264.5 261.6 257.9 254.9 251.9 249 246.4 244.2 240.3 236.4 231.7 228.9 226.4
208.5 213.6 215.7 218 219.8 221.5 223.2 223.5 224.9 226.3 227.8 228.5 229.8 231.9 234 235.8 237.4 239.3 240.6 242.3 244 246.8 248.8 250.8 252.6 254.3 255.9 257.6 259.1 261.3 263.9 265.4 267.3 269.8 272.2 274.3 276.4 278.1 280 281.9 283.7 286 288.6 290.5 292.4 294.1 295 295.6 296.2 296.5 295.9 295.5 295.2 294.6 293.9 293.1 291.1 290.1 288.5 287 284.8 283.1 279.5 275.9 273.3 270.5 267.4 263.4 260.5 257.4 254.2 250.7 248.2 245.4 240.8 234.7 232.4 231
212.4 218.1 221 223.2 225.2 226.9 228.6 229.5 230.6 232.7 233.2 234.8 236.3 237.2 239.7 241.7 243.3 244.8 246.4 248.2 250 252.3 253.9 256 258.2 259.8 261.4 263 264.6 266.4 268.3 270.2 272.4 274.3 276.5 278.5 280.4 282.1 284 285.6 287.1 289.4 291.7 293.8 295.8 297.3 297.8 298.5 299.2 299.9 300.1 299.5 299.2 298.8 298.7 297.9 296.4 294.9 293 291 288.8 286.7 282.8 279.3 276.5 274 271.6 268.9 266 262.2 258.3 254.7 251.3 243.1 239.7 238.3 238.4 235.9
216.7 222 226.3 228.4 230.5 232.3 234.1 235.3 236.4 238.6 238.7 241.3 242.3 242.8 245.1 247.6 250.1 251.2 252.9 254.5 256.1 258 259.5 261.5 263.6 265.3 266.9 268.5 270.1 271.7 273.4 275.1 276.2 278.1 280.7 282.7 284.3 286 287.5 289 290.4 292.5 294.8 296.8 298.7 299.6 300.6 301.3 302 302.7 303.4 303.3 302.7 302.1 302 301.4 299.9 298.5 296.8 294.9 292.8 289.6 285.4 282.5 279.6 277.1 274.6 272.1 269.5 266.8 263.9 255 246 243 242.4 242.7 243.1 240.1
219.9 226.1 230.7 233 235.5 238 239.7 240.1 241.9 244.6 245.2 247 249.5 250.6 251.4 254.8 257.9 258.8 259.9 261.1 262.8 264.4 265.9 267.8 269.5 271.3 272.8 274.4 275.9 277.3 278.8 280 281.6 283.6 285.5 286.6 288.2 289.8 291.3 292.8 293.8 295.1 297.7 299.3 300.9 301.8 302.8 303.9 304.4 304.3 305.7 306.7 306.7 306.1 305.4 304.4 302.2 300 298.6 297.4 295.2 291.6 287.9 285.5 282.9 280.3 277.3 274.3 272.4 269.7 265.9 252.3 247.2 246.3 248.8 249.7 249.5 239.4
228 225.9 234.2 237.9 241.1 243.3 245.6 247 248 249.6 251.1 253 255.1 256.9 259.4 261.9 264.6 266 267.4 268.9 270.4 271.8 272.9 274.1 275.8 277.3 278.8 279.8 281 283 284.8 286.1 288 289.6 290.7 291 292.4 293.8 295 296 297 298.1 299.5 301.1 302.6 303.5 304 305.1 305.4 305.5 306.1 306.5 307.5 308.7 308.5 306.6 304.3 302.4 300.5 298.2 295.4 292.5 290.3 288 285.6 282.5 279.6 276.8 275.1 273.6 269.5 255.9 249.9 251.1 257.8 256 252.2 237.8
234.1 232.7 235.7 241 246.2 248.8 251.1 253.2 253.9 256 257.9 259.6 261.4 263.6 265.8 268.3 270.7 272.5 273.9 276 277.7 278.7 279.6 280.5 281.7 283.3 284.8 286.8 288.2 289.2 290.7 292.3 293.7 295 295.4 295.6 296.7 298.1 299 300 301 301.7 301.9 303.1 304.6 305.1 305.5 306.3 306.3 306.2 306.7 307 307.2 306.6 307.9 306.9 305.2 304.1 301.7 299.2 296 293.3 291.7 289.4 287 284.4 282 279.7 277.8 274.8 270.2 260.5 252.5 257.4 262.4 251.6 240 235.1
240.1 242 241.2 242.9 248.9 254 257.9 259.9 261.1 262.8 264.5 266.3 268 269.8 272.1 274.5 276.6 278.8 280.4 282.5 284.2 285.2 286 287 287.5 289.1 291 292.9 294.6 295.7 296.8 297.7 299.1 300 300.2 300.3 301.1 302.5 303.1 303.9 304.7 305 305.1 305.2 305.7 306.1 306.6 307.1 306.9 306.8 307.8 308.8 308.5 307.7 306 305.6 305.1 303.6 302.2 299.6 296 294.4 292.7 290.4 287.9 285.3 283.2 281.1 278.9 276.1 272.4 259.3 256.3 256.5 248.9 244.2 243 242.8
245.5 248.6 250.9 250.7 255.3 260 263.2 265.6 267.1 269.6 271.8 273.3 274.7 276.6 278.8 281 282.8 284.9 286.5 288.2 290.5 291.6 292.4 293.2 293.4 295.1 296.8 298.5 300.2 301.5 302.5 303.2 304.5 304.7 304.9 305.1 305.4 306.6 307.2 307.7 308 308.2 308.3 307.9 307.1 306.7 307.4 307.7 307.4 307.1 307.5 307.7 307.8 308 307.3 305.4 304 302.6 300.6 298.8 296 293.8 292.3 290.8 288.4 286.5 283.9 281.8 279.5 276.5 270.7 258.9 254.7 260.3 263.7 255.4 251.1 257.3
250.9 254.4 256.4 258.2 261.7 265.5 268.9 271.4 273.4 275.9 278.5 281 282.6 284.3 285.8 287.6 289.9 291.1 292.5 293.9 295.8 297.4 298.6 299.6 300.3 301.2 302.4 304.1 305.9 307.4 308.2 308.9 309.3 309.5 309.6 309.8 310 310.7 311.2 311.7 311.2 311.4 311.1 310.4 309.6 308.9 308.9 307.9 307.4 307.3 307.1 306.8 306 306.1 305.8 305.5 303.9 302.1 300.3 298.3 295.7 293 291.8 290.6 289.2 288.1 285.3 282.5 280.8 279.1 270.1 267.7 273.2 273.4 272.4 269.9 265.4 268.9
257 260.3 263.3 266.1 268.9 272.5 275.9 278 281.1 284 286.8 289.1 290.8 292.2 293.7 295.3 296.8 297.5 298.7 300 301.1 302.7 304.2 305.5 306.9 308.1 309.3 310.5 311.5 313.2 313.9 314.3 314.3 314.4 314.6 314.8 315 315.1 315.3 315.5 314.9 314.5 314 313.4 312.5 311.9 311.7 309.7 308.2 308.3 307.3 306.8 305.8 305 304.3 304.2 303.2 301.6 299.5 297.5 294.9 292.2 290.7 290 289.3 287.6 285.1 283.1 281.4 280.9 271.8 273 275.6 277.3 276.2 275.2 274.3 269.4
264.4 266.4 270 273.3 276.5 280.7 284 286.8 289.1 292.6 295.4 297.2 298.2 299.6 301 302.5 304.5 305.6 306.3 307.1 308.2 309.2 310.5 311.9 313.5 314.1 315.3 316.6 317.8 318.6 319.4 319.4 319.4 319.4 319.6 319.8 319.4 319.4 319.4 319.2 318.3 317.6 317 316.5 315.8 315 314.1 312 310.9 310.1 309.3 307.6 306.1 305.1 304 303.4 302 300.5 299 297.1 294.2 291.7 289.8 289.4 288.6 286.4 284.5 283.1 281.4 279.4 276.6 273.6 276.8 277.6 276.4 276.4 274.2 267.3
272.1 274.2 278.1 280.9 285.3 289.7 292.5 295.6 298.1 301 303.9 305.7 306.9 308 309.1 310.2 312.4 313.6 314.3 315.2 315.3 316 317.7 318.6 320.1 320.1 321.3 322.4 322.9 323.5 324.1 324.2 324.3 324.5 324.6 324.2 323.7 323.4 323.1 322.9 322.2 321.5 320.4 319.4 318.9 318.1 316.9 314.9 313.6 312.6 311.6 309.6 307.5 305.9 303.5 301.9 300.8 299.3 297.8 296.3 293.8 291.1 289.3 288.2 286.5 284.5 282.4 280.9 279.2 275.7 276.9 276.8 276.9 276.7 276.4 276.9 274.6 271.3
279.5 282.1 286.6 290.3 294.3 298.5 301.6 304.7 307.4 310.1 313.5 315.1 316.6 317.2 318.4 319.6 320.2 321.6 322.9 323.3 325.5 326.1 325.9 326.2 326.7 326.5 326.8 327.3 327.8 328.4 328.7 328.9 329.1 329.3 328.9 328 327.2 326.9 326.4 326.7 326.8 326 324.4 323.3 322.2 321.1 319.8 318.4 316.9 315.4 313.7 311.5 309.7 308.4 306.6 302.1 300.7 298.4 296.6 294.8 292.5 290.3 288.6 286.8 284.6 282.4 280.6 279.1 277.9 277.2 276.4 276.1 275.9 275.8 276.2 276.9 274.8 272.3
287.5 291.2 295.7 300.1 303.7 307.4 311.6 314.4 317.1 319.7 323 324.8 326 327.1 329.1 329.3 328.8 330.2 331.2 333.5 335.3 336 335.3 333.9 333 332.5 332.9 333.4 333.8 333.3 333.1 333.5 333.8 333.5 332.8 331.8 330.4 329.5 328.8 329.4 329.2 328.5 327.5 326.6 325.5 324.3 323.1 321.4 319.7 317.5 315.4 313.3 311.6 310 307.9 305 301.4 299 296.3 293.4 291.2 289.1 287.5 285.6 283.6 281.4 279.6 278.1 276.1 275.5 275.9 275.3 274.9 275.6 275.6 274.9 272 269.1
294.9 299.7 304.8 308.9 312.7 316.2 319.7 323.9 326.7 329.3 331.7 333.4 335.1 336.1 338.5 338.6 338 339.6 342.4 344.2 343.9 344.4 342.7 340.7 339.3 338.6 338.9 339 338.4 337.8 337.2 337.7 337.7 337.4 336.4 334.9 333.4 331.8 331.5 330.4 330.1 329.5 328.7 327.9 327.3 326.9 326.3 324.3 322.1 319.2 317.2 315.3 312.8 311.2 308.7 305.7 302.7 299.9 296.9 293.7 290.7 288.4 286.4 284.4 282.9 280.5 279.3 277.6 276.9 275.9 275 273.4 273.7 273.2 272.4 270 265.4 259.7
302.8 307.8 312.5 317.5 321.9 325.5 329.2 332.3 335.9 338.6 341 344 344.9 345.9 347.2 347.8 347.4 350.1 352.6 353.2 352.8 351.2 349.7 347.7 346.2 344.6 344.2 343.6 343.1 342.5 341.8 341.8 341.8 340.9 339.3 337.7 336.1 334.6 333 331.5 330.9 330.5 329.5 329.8 328.1 326.5 325.7 326.2 324.2 321.2 319.1 317.2 314.6 312.2 309.6 306.9 303.6 300.5 297.5 293.8 290.6 287.8 287.1 284.5 279.6 278.1 276.9 275.4 273.7 268.7 267 267.2 270.5 269.2 264.9 261.5 258 254.1
311.8 316.4 321 325.7 330.3 334.7 338.7 341.8 344.9 347.3 349.5 351.6 353.6 354.1 355.5 357 357.1 359.2 361.2 361.5 359.9 358 356.4 354.8 352.7 350.6 349.8 349.5 348.3 347 345.8 345.6 345.4 344.2 342.2 340.5 338.9 338.2 335.5 332.9 331.1 330.3 329.9 329.1 329.3 327.9 326.6 325.5 325.4 322.5 319.2 317.1 314.7 312.4 309.9 307.3 303.9 300.3 296 291.5 287.6 283.5 282.9 280.8 277.9 275.7 274.8 273.5 271.4 270.8 271.4 266.2 261.9 261.1 259.2 258.2 253.6 261.2
320.6 325.6 330 334.1 338.3 342.7 346.8 350.3 353 355.5 358.5 360.6 361.1 362.3 364.4 365.8 366.3 368.5 372.2 371.5 368.2 365.7 362.8 360.1 358 356.6 355.3 353.8 352.2 351 350 349.1 347.3 346.4 344.8 343.2 341.5 339.6 337.5 334.5 332.8 331.5 329.9 329.6 327.7 326.6 327.5 323.9 322.2 322.6 320.2 317.4 314.5 311.9 309.3 306.6 303.5 299.8 295.3 290.4 286.8 283.5 281 278.6 281 280.7 279.5 277.2 276 275.1 273.3 270.3 268 260 261.4 263.5 268.2 276.5
329.3 334.7 339 343.3 347.6 351.8 355.5 358.7 361.2 363.8 366.4 368.6 369.6 372 374.5 376.5 377.3 379.4 380.2 380.6 376 371.8 368.3 365.1 362.9 361.6 360.3 359.1 357.9 356.5 355.1 353.7 351.5 349.3 347.9 346.6 344.5 341.4 338.4 336.4 334.7 334.9 331.4 329.6 327.9 326.8 326.2 325.6 322.3 322.2 319.6 318.2 315.2 312.1 309.5 306.4 302.8 299 294.9 290.6 287.3 283.8 285.1 285.1 284.1 282.6 281.6 280.8 283.7 284.1 282.2 276.6 273.2 272.6 275.3 281 286 290.4
337.6 343 348.1 352.6 357.6 361.5 365.2 367.8 370.4 373.1 375.2 376.7 380.1 383.2 384.5 386.1 386.6 388.6 387.8 384.8 380.2 375.6 371.5 368.3 366.7 365.6 365.1 363.9 362.5 361.7 360.3 358 355.9 353.8 351.7 349.7 347.6 343.7 340.4 338.7 336.3 335.7 334.5 331.8 328.8 327.1 325.2 323.3 321.6 319.3 317.2 314.7 314 311.6 309.2 305.7 302.1 298.7 294.2 289.9 285.9 286.5 288.3 288.3 286.7 284.6 285.9 286.3 289 287.5 284.9 284.8 285.3 286.9 290.1 294.8 298.9 302.3
345.1 350.5 355.5 360.3 365.3 370.5 373.7 377.2 379.8 382.2 384.2 386.5 389.1 391.5 394.5 397 398.1 399 394.9 388.9 383.3 378.7 374.8 371.6 370.1 369 369.1 367.9 366.4 365 364 361.5 359.1 356.6 354.6 353 351.5 348.7 346 343.4 340.8 338.1 336 334.3 331.9 329.2 326.3 324 321.4 318.7 316.6 314.7 312.9 310.6 308 304.1 301.5 298.1 293.3 288.6 288.5 291 291.5 293.6 294.5 295.7 296 293 290.3 288.3 289.8 292 294.4 297.5 302.2 307.1 310.9 314.4
352.2 356.9 361.6 366.4 371.1 375.7 379 383.4 388.5 390.9 393 394.5 397.3 400.5 405.1 408.8 408.5 405.6 400.4 393.8 387.7 382.6 378.4 375.3 372.7 371.6 372 370.7 369.7 368.7 366.7 364 361 358.5 358.4 357.1 356.1 354.5 351.5 348.3 345.5 342.2 338.4 336.1 334.5 332.9 328.5 325.5 321.9 318.6 316.7 314.5 312.3 309.9 306.4 302.1 297.9 295.6 292.2 290.8 291.1 292.1 293.8 296.3 300.9 302.1 302.1 300.4 297.8 295.4 296.1 299.4 303.9 307.8 312 316.5 321.5 324.5
358.3 362.9 367.6 372.1 376.4 380.7 385 389.1 393.5 396.5 398.9 401.1 403.5 408.4 413.7 418.9 416.4 410.9 405.5 398.5 392.8 386.9 382.4 380 378.4 376.6 374.6 371.8 370.6 368.7 368.5 366.6 363.4 360.9 360.5 362.5 361.2 360.4 357.8 354.2 350.3 346.8 342.8 338.7 336.8 333.4 329.8 326.8 322.6 319.2 316.8 314.6 312.1 309.5 305.9 302 297.5 293.8 295.1 294.2 294.1 294.9 296.9 299.1 301.7 305 306.3 305.4 304.5 303.9 306.7 311.3 314.1 317.9 321.7 325.3 329.2 334
363.8 367.6 372.1 376.2 380.3 384.6 388.6 392.7 397.2 400.3 402.5 404.8 408.5 412.3 415.6 419.1 417.8 414.2 408.7 402.7 397.3 390.1 386.5 382.8 381 378.5 376.3 373 370.2 368.7 369.1 369.4 367.5 368.6 367.8 369.7 368 365.9 363.1 359.1 355 351.3 346.9 342.8 339.3 335.7 331.9 328.1 324.6 321.6 318.8 315.7 312.4 309.7 306.5 303.6 299.5 295.4 298.4 297.2 297.6 298 300.2 302.1 305.2 310 309.5 311.3 312.3 315.5 325.1 325.1 326.2 328.1 331.2 333.7 336.9 342.6
369.5 373 376.2 380.3 384.3 388.4 392.5 396.7 400.6 403.8 406.2 408.6 412.3 415.6 418.1 416.9 414 411 406.2 400.9 396.9 393.4 390.9 388.9 384.6 380.5 377.5 372.7 370.2 371.2 372.6 375.2 371.6 372.9 374.8 374.6 372.6 370.4 367.2 363.3 359.5 355.6 351.3 346.8 342.3 338.1 334.4 330.8 326.6 323.2 320.4 317.2 313.8 309.6 306.6 303 300.9 297.1 299.1 300.7 301.2 302.1 303.4 306.1 307.8 310.9 313.6 316 318.8 325 334.5 334.4 334.6 336 339.4 342.1 346.2 356.9
372.7 376.8 380.5 384.3 388.2 392.7 396.3 399.9 403.8 407 410.1 413.1 415.9 420.5 420.3 417 413.8 409.8 405.4 400.5 397.5 395.8 392.5 389.3 386.9 382.9 378.7 375.5 375.5 375 375 375.4 375.8 377.1 378.8 378.5 376.8 373.7 370 366.5 363.2 360 355.3 350.9 346.4 342.6 337.7 333.6 329.2 325 321.9 318.6 315.2 312.6 306.6 305.3 303.1 299 300.1 304 305.2 306.6 308.4 312.4 314.5 316.6 318.8 321.8 324.6 329.5 333.7 336.6 341.1 344 346.7 348.9 354.2 364.2
376.9 380.4 384.1 387.6 392.2 396.7 400 403.1 406.8 410.4 414.1 416.5 418.8 421.8 419.5 415.8 413.3 411.8 410.4 408.8 406.4 403.6 399.5 393.9 388.7 384.2 379.7 379 381 377.6 374.7 377 380.2 381.7 381.4 381.3 378.4 375.2 372.8 369.9 366.7 363.2 359.4 355.3 351.3 347.5 341.1 336.6 332.2 328.4 323.5 319.3 317 310.9 309.3 309.5 303.2 300 301.7 304.9 308.3 311.1 314.7 319.8 321.8 323.8 327.3 329.7 332.1 336.6 339.5 348.4 357.3 359.7 363.6 366.4 362.4 369.1
379.1 383.1 387.1 391 394.8 399.3 402.2 405.6 409.5 413.4 417.2 418 417.7 420.7 418.7 414.7 412.7 412.7 412.9 413 412.1 409.2 405.6 401.3 396.3 389.8 381.7 379.1 379.5 376 373.7 377.9 381.5 382.8 383.2 381.8 379.3 376.5 373.8 373.5 369.4 365.7 362.4 358.4 354.6 350.4 344.9 340.1 336.4 332.2 326.7 321.4 317.6 311.7 312.1 310.8 304.6 302.1 304.5 308.5 312.1 315.6 320.3 324.6 328 331.1 334.9 342.6 349.6 354.3 359.5 364.3 368.4 368.3 368.5 370.8 372.8 377
381.6 384.8 388.7 392.6 396.8 400.6 404.2 408.7 412.2 416 418.5 418 417.3 417.3 415.3 412.7 413.5 414.5 413.9 414.2 412.9 410.2 408.9 405.4 401.1 396.7 389.7 384.5 381.1 376.2 373.2 377.1 381.3 382.9 382.3 380.7 378.9 376.7 374.1 373.4 371.3 368.6 365.3 361.2 357.3 353 348.1 344.7 341.3 335.7 328.9 325.6 322.2 314.1 315.8 308.8 304.7 308.3 309.6 312.7 315.2 319 324.1 329.3 332.4 337 343.1 351.7 358.8 364.6 366.6 368.7 371.9 372.7 374.5 376.2 380.5 385.2
382 384.7 388.8 392.9 397.7 402.4 407.4 412.4 417.2 420.4 419.9 419.4 417.8 417.1 413.6 411.7 412.1 414.4 414.5 414.6 412.8 410.5 408.3 405.5 401.7 399.3 394.5 390.9 383 376.7 372 374.3 377.9 379.5 380.4 380 378.3 376.3 374.1 373.2 371 368.6 366.3 362.7 359.2 355.5 350.9 348.4 343.9 338.7 332.6 325.7 320.7 316 318.7 308.9 308.3 313.1 312.3 314.5 318 321.7 326.5 331.4 336.5 342.3 348.1 353.6 361.9 366.1 370 373 374.8 376.7 379 383 388.5 392.5
