webserver/python/data/NN91.asc
ncols 200
nrows 200
xllcorner 290000
yllcorner 710000
cellsize 50
[rows 38 to 75 of 200, columns 86 to 171 of 200]
55.4 51.2 57.6 58.6 59.2 59.5 59.7 59.4 59.4 59.2 59.2 59.1 58.8 59 59.5 60.5 61.9 62.1 62 62 60.6 58.6 56.7 53.7 50.7 50.7 52.1 52.9 55.5 58.6 59.3 58.9 59.7 60.1 60.2 60.6 61 61.3 61.5 60.2 59.7 61.3 62 62.5 61.1 61.4 63 63.9 65.2 66.7 68.3 69.5 70.9 73.1 75.2 76.4 77.3 77.3 77.2 76.9 77.3 76.9 76.1 75.1 74.1 71.9 69.6 67.3 66.6 65.1 64.3 63.9 63.6 62.3 60.6 59.1 57.5 54.8 55.9 54.8 52.5 50.6 48.6 46.1 43.9 42.3
52.7 51.9 52.6 57 57.4 57.4 56.9 56.8 57.4 57.8 57.7 56.9 56.1 56.1 57.4 59.3 61.1 61.2 61.1 60.3 58.3 55.6 53 50.6 49.2 50.2 51.5 51.7 52.2 55.2 56.1 56.6 58 58.5 58.2 58.2 58.8 59.5 60 59.3 58.8 59.5 60.5 60.9 58.8 58.5 59.2 58.9 60.2 61.5 63.8 65.4 68.3 70.5 71.8 73 72.9 73 72.6 72 72.1 71.3 69.8 68.7 67.6 65.1 63 61.2 59.6 58.1 56.9 56.4 56.4 56.5 55.2 53.6 52 49.6 50.2 49.2 46.9 43.8 42.7 41.1 39.4 37.7
57.4 55.6 54.1 49.9 54.7 54.8 55 55.6 56 56.7 55.8 54.9 54 51.6 56 58.6 60.2 60.2 59.4 58.1 55.4 52.4 49.7 48.5 48 48.8 49.1 49.7 51.5 52.7 53.2 54.7 56.2 56.4 56.1 55.9 56.6 57.4 58.4 58.1 57.7 58.8 60.6 59.2 57.2 56.8 56.2 56.1 56.6 58.3 60.2 62.5 65.4 67.4 68.7 70 69.6 68.2 67.6 67.4 66.5 65 63.6 62.2 60.7 58.5 55.8 54.7 53.1 51.4 49.7 49.1 49.3 49.6 48.9 48.2 46.5 44.7 44.6 43.9 41.6 37.7 38.2 36.6 35.4 34.6
60 58.7 56.7 55.6 48.7 55.5 55.9 56.2 56.5 56.6 55.3 53.9 52.5 49.4 54.7 56.7 58.8 58.6 57.3 55.4 52.7 49.9 50.2 50 49.4 47.9 48.2 48.7 49 49.4 50.4 52 53.4 54.3 54.1 53.9 54.6 55.6 57 57 55.8 55.7 56.5 55.8 55.5 56 55.9 54.8 55.7 56.9 59.8 62.3 64.5 65.1 65.7 67 66.4 64.9 63.1 63.2 61.1 59.3 57.8 56.3 54.7 52.3 49.4 48.1 46.7 45.1 44.3 44 43.7 43.4 42.7 42 41.3 39.6 38.7 38.1 37 35.1 35 33.8 33.1 33.7
60.9 58.3 56 54.8 42.9 55.4 55.6 56.5 56.6 56.6 56.3 54.6 52 47.1 52.2 53.4 55 55.7 53.8 50.7 48.2 48.4 50.4 52.2 51.3 48.6 45.5 45.4 46.1 47.4 46.3 48.5 50 51.6 52.4 52.2 53.5 55.4 56.3 55.8 54.3 53.1 52.3 55.4 56.6 56.8 55.6 54.2 54.7 57.1 59.4 61.9 62.5 63.1 62.9 64 63.1 61.7 58.6 57.3 56.1 54.3 52.5 50.7 48.4 46.1 43.3 41.9 41.3 40.6 40.4 40.2 39.8 39 38.2 37.5 37.1 36.2 35.6 35.2 34.5 33.4 32 31.7 32.2 32.6
61.3 59 56.2 52.9 41.8 53.1 53.9 55 54.7 54.7 54.2 53.1 50.4 46 48.9 50.2 51.4 52.2 50.1 46.2 48.6 50.2 51.2 50 48 46 42.8 42 44.1 44.4 44.2 45.9 48.2 49.3 50.2 50.8 52.6 54.5 55 54.1 52.1 48.9 50.6 54.6 56.4 55.8 55.7 54.4 56.8 59.4 60.1 60.5 60.8 61.1 61.4 61 59.9 57.9 54.1 51.2 50.9 49.5 47.8 46.7 44.5 41.6 39.1 38.3 37 36.6 36.5 36.3 36.2 35.3 35 34.8 34.6 33.4 33.3 33.4 33.5 33.1 31.3 30.9 31.3 31.3
60.1 57.8 55.2 52.5 50.1 45.2 50.1 50.5 51.1 50.8 50.2 49.6 48.2 44.5 45.6 47 48.3 49.7 46.6 43.9 45.1 46.7 48.6 46.1 43.8 42.7 42 39.4 43.2 46.3 46.5 51.2 45.2 44.2 45.2 47.2 49.6 51.6 52.1 50.8 47.5 45.7 48.2 52.7 54.4 53.9 54.5 55.9 57.3 57.9 58.6 59.3 59.5 59.8 60 58 56.5 54.2 50.5 45.9 45.3 43.9 43.4 43 41.1 38.6 36.1 34.5 33.6 33.4 33.3 33.8 33.8 33.4 33.7 32.9 32.2 31.6 31.8 32 32.1 32.2 30.8 28.3 30.6 30.3
58.1 55.8 53.2 50.6 48.5 49.1 45.7 48.2 49.2 49.7 48.8 47.6 45.1 42.8 41.9 43.7 45.4 46.9 44 43.1 42 42.1 42.1 40.8 39.5 38.9 36.9 40.9 43.9 47.2 43.1 40.1 40 39.5 39.8 42.4 45.2 46 46.9 45.8 42.8 43.5 47 50.5 52.3 51.8 53.3 55.3 55.9 56.3 56.3 56.4 56.9 57 56.1 52.4 49.9 47.1 43.7 41.3 40.3 40 39.7 39.4 38.2 35.6 33 31.2 30.2 30.7 31.8 32 31.5 31.5 32.1 31.7 30.7 30 30.3 30.6 30.8 31 30.1 27.1 28.1 29.1
55.5 53.4 51.3 48.8 46.7 45.7 37.9 46.5 47.7 48.5 47.7 46.1 43.7 41.6 37.9 40.7 42.8 43.9 43.2 41.8 40.5 39.8 39.7 38.4 37.1 35.1 36.4 38.8 39.8 39.5 37.2 35 34.2 33.8 35.7 38.3 40.9 42.4 43.2 42.3 43.7 45.5 47.7 49.1 50.2 50.6 52.4 54.1 53.4 52.3 52.1 52.2 51.8 51.7 47.5 45 42.7 39.9 38.8 37.3 35.1 35.3 35.6 35.5 34.3 32.7 29 29.1 26.8 26.8 30.5 29.9 29.3 30.2 30.8 30.5 29.3 28.4 29 29.9 30.2 30.4 29.2 25.8 24.7 25.7
52.5 51 49.3 46.9 45.4 44.7 38.1 44.6 45.7 46.6 45 42.2 39.8 38.5 33.9 38.9 40.3 41.1 40.8 39.4 37.9 37.3 37.2 36.4 36.4 33.4 30.5 32.8 34.9 34.8 33.8 31.3 28.9 28.3 32 35.4 38 39 40.3 41.3 42.1 43.9 46.2 47.4 47.2 47.9 49.6 49.4 46.1 42.3 42.1 43 42.6 41.2 39.3 36.9 35.6 34.7 34.4 33 31.1 29.4 30.7 31 29.9 28.2 25.3 24.9 23.5 24 26.2 26.7 28 28.9 29.4 28.8 27.8 27.4 29.1 26.9 27.3 28.3 27.7 25.8 22.8 21.9
49.4 48.6 47.4 45.6 44.4 43.6 42.2 42.3 42.8 42.4 41 38 36.4 35 31.3 35.9 37.6 37.8 37.6 36.9 34.6 33.5 34.3 35.3 35 34.4 29.8 27.1 29.9 31.3 30.2 28.3 26.3 23.6 28.5 33.2 35.5 36 36.8 37.9 39.6 40.4 41.2 41.5 42.2 42.6 41 39.6 37.2 36.5 35.9 35.6 35.3 34.5 33.3 31.8 30.5 29.6 29.1 27.3 23.9 23.5 25.1 26.8 26.3 24.3 21.8 22 21.3 21.7 22.4 24.3 26.4 27.4 27 27.2 26.2 26.4 26.5 22.8 21.4 24.4 24.9 24.1 23.1 19.3
45.4 44.6 44.9 44.4 43.5 42.4 42 34.8 39.3 38.8 37 34.7 33.1 29.2 31.3 35.1 35.7 36.2 35.6 34.7 32.8 29.3 31.7 34 33.9 33.5 30.9 26.3 23.6 27.4 25.9 23.8 21.8 19.6 21.4 27.4 30.9 33 26.3 35 35.8 36.1 36.2 35.7 36.1 36.5 35.4 33.9 32.3 31.9 30.5 30.4 30.7 29.3 28.9 25.7 24.1 22.9 22.9 21.6 18.2 18.2 19.9 21.7 23.4 21.3 19.3 19.2 18.7 19.5 18.4 18.5 20 20.9 23.1 23.3 20 24.7 24.2 20.2 16.6 19.5 19.9 19.3 20.3 18.7
41.2 41.4 41.7 41.6 40.9 40.2 37.7 30.8 36.6 36.5 35.5 31.5 29.1 25.3 30 33 33.7 34.2 33.3 31.4 28.6 27.2 28.4 31.3 31.4 30.3 27 23 21.3 22.6 21.2 19.2 17.2 15.4 15.7 19.9 24.9 26.1 27.7 29.5 30.8 31.2 30.9 29.5 30.9 30.6 28.9 27.4 27.2 26.5 24.5 24 25.2 24.7 22.8 19.4 16.1 16 16.9 16.3 15.4 15.4 15.3 17.1 18.9 19.8 18.4 17 16.7 17 16 14.4 14.5 15.7 17.4 18.6 19 20.2 19.4 15.6 14.6 15.2 15.9 14.6 16.7 17.3
38.2 38.3 38.6 38.8 38.1 37.5 36 31.5 27.7 31.9 34.2 29.4 24.7 22 27 30.4 30.1 29.4 28 26.7 25.7 26.3 26.1 28.6 27.7 25 22.1 19.7 17.4 18 16.4 15.2 15.2 15 14.8 15.3 16.9 19.4 19.9 21.8 22.5 24.4 24.3 23.3 24.6 23.8 21.7 19.1 20.5 20.2 17.7 19.2 20.2 17.8 18.1 15.5 14.7 14.8 14.5 14.2 14.7 15.1 14.7 15 14.5 16.1 17.4 16.1 15 14.7 11.7 11.5 11.5 11.5 11.1 11.6 14.1 14.1 12.7 12.5 14.5 14.8 14.8 14.6 14.3 15.3
35.5 35 35.5 35.8 35.7 34.9 33.4 30.8 24.8 27.8 32 29.3 25.6 19.9 19.3 21 23.7 24.1 24.7 24.3 23.6 24 21.5 23.8 22.9 20.2 18.9 17.1 15.9 16.1 14.8 15.4 15.2 15 14.7 14.7 14.8 15.2 16.3 16.7 16.9 17.3 18.5 18.5 18.7 17.3 14.8 15 15.1 14.9 12.2 12.1 12.1 12.2 12.2 12.1 12.3 14.5 15.8 14.5 14.6 14.5 14.7 14.8 14.3 14.3 14.4 15.1 12 13.4 14.7 14.5 14.4 13.7 13.4 13.4 13.8 13.8 15.2 14 13.6 13.5 12.2 10.5 10.4 12.4
32.4 30.5 30.1 31.3 32.1 32.9 31.1 27.7 23.7 27 30.1 27.8 23.4 18.4 16.5 16.2 16.7 17.3 19.5 21.3 21.8 22 19.5 19.2 18.1 16.9 16.2 15.3 15.9 15.6 15 15.5 15.3 14.9 14.7 14.8 14.9 15 14.9 14.7 14.9 14.8 14.7 14.5 14.9 15.1 15.1 15.1 15.2 12.2 15.5 14.6 15 15.1 15.2 15.2 14.9 12.2 12.1 12.2 15.4 14.4 14.6 14.6 14.3 14.2 14.2 15.3 13.5 14.2 14.4 14.4 15.2 13.5 13.3 13.1 13.2 13.2 13.2 13.1 13 12.8 12.9 15 13.8 13.7
31.5 27.1 26.9 27 30.5 31.7 30.3 26.3 21.8 24.2 26.6 22 18.7 16.4 16.3 16 15.6 15.4 15.5 15.5 16.2 16.3 16.3 16.9 16.1 15.4 15.4 15.7 16.5 16.7 17.5 15.6 15.2 14.8 14.7 14.8 15 15.1 14.9 14.7 14.8 14.9 14.8 14.6 14.7 14.8 15.1 15.2 15.1 12.2 14.3 14.6 14.9 14.9 14.9 15 14.8 14.5 14.3 14.3 12 11.8 14.2 14.4 14.3 14.1 14.3 12.9 13.9 14.4 14.2 14 13.8 13.5 13.2 13.1 13.3 13.3 13.3 13.2 13.3 13.1 13 13.1 13.2 13.1
30.9 29.3 24.7 24.3 29.6 30.3 30 26.8 21.1 20.7 20.3 17.2 17.4 16.3 16.1 15.9 15.6 15.4 15.5 15.6 15.7 15.5 15.4 15.1 15.3 15.6 16.2 12.7 15.8 15.7 12.6 15.4 15 14.6 14.7 15 15.1 15.1 14.9 14.7 14.8 15 14.9 14.8 15.1 14.7 15 15.3 15.4 12.2 14.4 14.6 14.6 14.7 14.7 14.7 14.7 14.3 14.5 14.5 14.9 14.2 11.5 12 14 15.4 14.2 11.8 14.6 14.4 14.7 14.2 14 13.5 13.1 13.2 13.3 13.4 13.3 13.6 13.6 13.4 13.3 13.2 13.3 13.2
28.2 26.6 22.1 23.7 27.6 29.4 29.1 27.3 21.1 20.1 17.5 17.2 17.4 19 16 15.8 15.6 15.4 15.5 15.7 15.8 15.6 15.4 15.2 15.1 15.2 12.8 16 15.7 15.7 15.4 17.1 14.8 14.7 15 15.1 15.3 15.1 14.9 14.7 14.8 15.2 15 15.2 15.4 14.7 15 15.6 12.4 14.3 14.3 14.4 14.4 14.4 14.4 14.5 14.5 14.2 14.6 14.7 14.7 14.3 14.3 12.3 12 14.1 11.7 11.8 14.6 14.3 15 14.5 14.1 13.5 13.2 13.3 13.4 13.5 13.4 14 13.9 13.8 13.6 13.4 13.4 13.7
24.3 21.3 19.5 21.8 27.3 28.3 27.4 26 19.4 22.4 18.4 17.3 17.4 17.2 16 16.3 15.7 15.5 15.7 15.9 15.8 15.7 15.5 15.3 15.2 15.3 12.9 15.7 16.9 15.7 16.2 13.5 16.6 15 15.1 15.2 15.3 15.1 14.9 14.7 14.8 15.4 15.2 15.2 15.7 15.4 12.2 12.3 15 14.7 14.2 14.1 14.1 14.2 14.2 14.2 14.2 14 14.8 14.9 14.5 14.1 13.8 14.4 15.1 15.3 14.2 12.8 13.4 13.9 15.7 14.6 14.3 13.7 13.5 13.5 13.4 13.5 13.7 14.4 14.3 14.1 13.9 13.8 13.6 14.3
19.4 16.2 15.6 15.5 20 24.7 23 20 16.9 18.9 13 15.1 17 17.1 12.4 12.5 18.7 15.6 15.8 16 15.9 15.7 15.6 15.4 15.3 15.6 13.1 15.7 15.5 15.2 15.8 13.8 15.2 15.2 15.3 15.5 15.3 15.1 14.9 14.7 17 15.6 15.2 15.2 13.7 12.2 15 14.7 14.8 15.1 14.2 14.1 14 13.9 13.9 14 14 13.9 14.8 14.8 14.4 14.5 14 14.3 15 15.1 14.6 14.1 13.5 14 14.6 14.8 14.6 13.9 13.9 13.9 13.8 13.8 14.2 14.8 14.6 14.4 14.3 14.1 14 13.9
16 15.5 15.4 15.3 15.2 14.1 14.7 14.3 16.2 13 16.1 16.7 16.8 16.6 17 17.2 12.2 15.7 16 16.2 16 15.8 15.6 15.5 15.8 15.9 13 15.9 15.7 15.5 15.7 14.8 15.4 15.6 15.6 15.7 14.9 15 14.9 15.2 14.9 15.2 15.3 12.2 13.6 15.1 14.9 14.7 14.6 14.7 14.7 14.1 14 13.9 13.8 13.8 13.7 13.8 14.7 15 15.1 15 14.1 14.1 14.8 15 14.5 14 13.9 14.5 15.1 15 14.8 14.4 14.3 14.3 14.1 14.3 14.6 15 14.9 14.8 14.6 14.5 14.4 14.2
16 15.6 15.2 15.1 15.2 13.4 13.4 13.4 15.5 13.3 17 18.2 16.6 16.4 16.2 16.1 12.4 15.7 16.1 16.4 16.1 15.9 15.7 15.9 16 16.1 13.1 15.7 15.7 15.5 15.7 14.2 15.9 15.9 15.6 15.4 14.7 14.7 15.6 15.5 14.8 12.2 12.4 15.8 15.8 15.1 14.7 14.5 14.4 14.6 14.7 14.2 14 13.9 13.8 13.7 13.7 13.8 14.1 15.4 15.8 15.8 14.6 14 14.6 14.9 14.4 14.2 14.2 14.7 15.1 15.3 15 14.8 14.7 14.5 14.6 14.9 15.1 15.3 15.3 15.1 15 14.9 14.7 14.6
16 15.6 15.3 15.2 15.5 14.1 13.4 15.7 13.1 16.8 16.6 16.2 16.2 16.2 16 16.1 16.4 12.5 15.9 16.5 16.1 16 16 16 16 17.9 15 15.5 15.2 14.9 15.2 13.1 16.6 16.1 15.5 15.3 15.5 15.6 15.3 15.5 12.5 15.1 15.7 15.4 15.4 15.2 14.6 14.4 14.2 14.4 14.5 14.6 14.1 13.8 13.8 13.7 15 14 14.1 17.7 19.6 18.5 21.2 16.9 14.5 14.7 14.5 14.5 14.6 14.7 15 15.3 15.2 15.1 14.9 14.9 15.2 15.4 15.6 15.6 15.6 15.5 15.4 15.3 15.1 15
16.1 15.7 15.6 15.4 15.7 14 13.7 15.6 15.1 16.6 16.4 16.2 16 15.9 15.7 15.5 15.5 16.1 14.4 17.2 16.7 16 16 15.9 17 12.8 15.4 15.2 14.7 14.4 14.5 16.6 14.2 15.6 15.5 15.7 15.7 15.6 15.7 12.5 15.6 15.6 15.7 15 15.1 15.2 14.7 14.2 14.1 14.3 14.4 14.5 14.3 13.9 13.7 15.1 15.2 14.8 17.4 21.1 19.2 21.8 20.1 18.6 19.2 19.3 16.2 15.8 15.5 15.5 15.2 15.4 15.2 15.3 15.3 15.5 15.6 15.8 15.9 15.8 15.8 15.3 15.3 15.7 15.5 15.4
16.3 16.1 16 15.8 15.8 14.7 15.2 13.1 16.5 16.4 16.2 16.1 15.9 15.7 15.5 15.4 15.6 16.2 13 12.8 15 16.3 16.4 12.5 12.9 15.4 15.1 14.7 14.4 14.1 14.4 14.7 16.4 13 15.5 15.7 15.6 15.3 12.6 15.7 15.3 15.4 15.5 15.2 14.7 14.9 14.7 14.2 13.9 14.1 14.3 14.3 14.4 14.3 14.6 17.5 20.3 20.5 20.5 23.4 21.5 23.7 22.4 22.4 22.8 25.2 24.2 24.6 18.5 21.5 20.7 15.6 15.5 15.5 15.8 16 16.2 16.4 16.5 16.4 16.2 16 16 16 16.6 16.6
16.7 16.7 16.5 16.2 16 15.8 13.2 16.6 16.5 16.3 16.1 15.9 15.7 15.5 15.3 15.5 15.7 15.6 16.5 16.6 16.7 16.6 16.4 15.4 15.4 15.4 15.1 14.8 14.4 14.2 14.3 14.6 15.2 15.9 12.9 12.9 12.8 12.7 15.9 15.5 15.1 15.2 15.3 15.4 14.4 14.5 14.6 14.1 13.8 14 14.5 16.1 17.7 17.6 19.1 21.6 26.5 27.1 26.1 27.3 25.3 27.1 27 27 25.5 28.8 29.2 25.4 20.4 23.4 23.7 15.9 15.7 15.8 16.1 16.5 16.8 17 17.2 17 16.6 16.4 16.3 16.2 16.2 17.4
16.6 17.1 17.1 16.9 16.6 13.2 16.7 16.4 16.3 16.2 16 15.8 15.6 15.4 15.4 15.4 15.3 15.3 16.1 15.8 15.6 15.8 16.7 15.4 15.3 15.3 15.1 14.8 14.5 14.2 14.4 14.8 15.9 16.3 16.4 16.1 16.6 16.6 16.1 15.3 14.9 15 15.4 15.6 15.5 16.4 16.3 19 17.2 16.1 19.4 20.3 23.2 23.9 27.5 28.5 29 29.4 29.4 29 28.2 29.7 29.3 29.4 29.4 30.6 30.5 25.9 20.7 28.7 15.8 15.9 15.9 16.1 16 16.7 17.1 17.4 17.7 17.4 17 16.8 16.7 16.6 16.6 16.6
16.3 17.2 17.5 17.5 13.2 16.6 16.5 16.4 16.2 15.9 15.8 15.6 15.4 15.1 15 14.9 15.1 15.3 15.8 15.8 15.7 15.8 15.2 15.2 15.1 15.2 15.3 14.9 14.5 14.3 15 15.7 16.5 16.9 16.7 16.4 17 17 16.6 17.5 18.1 18.1 18.3 16.4 17 17.4 19.3 20.3 19.1 17.6 18.5 22.7 26.8 28.4 29.2 30 30.5 30.9 31 30.5 30.4 30.7 31.1 31.7 32.1 32.3 31 25.9 22.3 30.9 22.4 15.9 16 16.4 16.5 16.7 17.3 17.7 17.7 17.8 17.5 17.2 17.1 17 17 16.7
16.4 17.2 17.6 16.7 16.2 16.3 16.2 16.4 16.2 16 15.7 15.5 15.7 15 14.8 14.9 15 15.2 15.3 15.9 15.9 15.7 14.8 15 15.2 15.3 15.2 15.6 15.4 16.3 17.4 16 16.1 17.8 17.5 17.7 17.7 17.9 18.4 19.4 19 19.7 18.8 16.7 17.7 17.1 19.2 20.5 20.6 19.6 18.6 20.3 27.5 28.8 29.9 30.7 31.2 31.8 32 31.6 31.4 31.3 31.3 31.9 32.5 32.6 30.8 24.4 24.6 31.5 32.1 29.7 22 16.3 17.2 16.6 17.8 17.8 17.8 17.8 17.9 17.6 17.5 17.3 17.2 17.2
16.4 16.2 17.1 13.9 16.6 16.8 16.6 16.4 16.3 16 15.7 15.5 15.7 14.4 14.6 14.7 14.8 15.1 15.3 15.3 15.4 17.1 14.8 15.2 15.3 15.4 15.2 15.5 18.3 19.1 18.5 17.4 17.2 22.7 23.9 23 21.8 19.6 19.3 18.8 18.4 18.6 18 19.5 21.2 18.4 20.5 21.9 23.1 21.5 19.8 19.5 25 29.2 30.6 31.3 31.9 32.3 32.5 32.1 32 31.9 31.9 32.1 32.4 32.1 28.4 23.5 29 32.4 32.5 32.2 29.9 24.6 21.8 18.5 17.8 17.8 17.8 17.8 17.9 17.9 17.9 17.8 17.7 17.9
16.4 14.9 13.6 16.9 17.1 16.9 16.8 16.7 16.4 16 15.6 15.7 15.8 14.2 14.4 14.6 14.9 15.1 15.4 14.9 14.6 15.5 15.4 15.2 15.2 15.6 15.4 19.2 20 22.5 20.9 18.1 17.7 25.7 26.7 25.9 24.7 21.8 19 18.6 20.4 22.2 21 22.6 21.8 19.6 21.3 24.1 26.2 27.4 22.8 20.1 23.5 30.2 31.2 32 32.4 32.6 32.8 32.7 32.6 32.6 32.5 32.4 32.2 29.8 25.9 28.7 32 32.3 32.5 31.9 29.2 23 20.2 17.2 17.7 17.8 17.8 18 18.4 18 17.7 17.7 17.7 18.4
17.3 17.5 15 17.3 17.3 17.2 17.1 17 16.5 15.9 15.7 15.4 14.6 14.7 14.4 14.7 14.9 15.2 15.4 14.5 14.4 16.9 19.2 15.8 15.4 15.5 19.4 21.6 23.5 25.2 25.1 22.5 19.2 18.5 20.9 23.8 26.3 22.8 20.2 20.8 23.2 24.4 24 23.5 22.8 21.2 20.7 26.7 29 28.9 26.2 22.6 21.8 29.2 31.9 32.6 32.8 33 33.1 33.2 33.1 33 32.9 32.8 30.7 28.4 27 30.6 31.7 32 32.3 31.2 27 20.8 18.4 18.2 18.3 18.1 18.3 18.7 18.6 18.1 17.7 17.4 17.5 23.2
13.3 15.1 18.5 17.8 17.6 17.5 17.4 17.3 16.5 15.8 15.4 15.2 15.2 15.5 14.3 14.7 14.9 15.2 15.4 14.3 17.5 19.9 21 20.7 21.8 21.1 21.2 24.6 27.2 28.1 28.4 27.3 22.9 19.5 18.3 18.7 23 24.8 22.8 23.5 25.4 26.5 27.1 26.8 27.3 23.8 21.7 28.3 30.4 30.4 30.4 25.9 22.9 26.9 31.1 32.6 32.8 33.2 33 33.2 33.3 33.3 33.2 33 32.4 31.2 28.9 30.6 32 31.9 31.7 31.1 26.5 19 18.7 18.7 18.9 18.3 19.1 19.3 18.8 18.3 18.4 20.1 22.3 27
19 19.3 18.9 18.8 18.1 17.8 17.7 17.3 17 17 15.8 15.6 16 16.3 15.6 14.6 14.7 14.6 14.3 16.8 19.6 22.5 23.8 22.2 22.8 22.9 23.9 27.4 30.3 30.4 30.8 27.8 24.8 20.6 19.2 18.9 20.3 24.8 25.9 26 27.3 28.2 29.1 29.8 28.1 24.1 22 27.7 31 31 31.4 28.9 24.1 24.3 31.6 33.2 33.1 33 33 33.2 33.3 33.4 33.4 33.3 33 32.5 31.1 31.6 32.2 32.3 24.8 21.6 24.8 20 19.4 19.4 19.2 19.6 19.8 19.5 19.1 20.7 24.2 27.5 25 29.7
28 27.2 23.2 20.1 20.4 19.7 18.7 18.2 18.6 18.1 16.3 16.4 16.7 17.1 17.1 16.9 16.5 16.5 17.6 20.6 21.9 23.7 26.6 24.9 25.4 26.8 26.5 29.8 32.8 32.7 30 26.2 23.9 21.6 19.7 20 20.9 26.2 28.4 28.1 29 29.8 30.7 30.7 30 29.4 26 26.1 31.2 31.9 32.3 32.1 27 24.5 31.2 32.9 33 32.8 33 33.2 33.3 33.5 33.5 33.4 33.3 32.7 33.1 32.1 31.9 28.5 20.5 19.8 19.9 19.4 17.8 19.9 19.9 20 19.8 19.8 20.2 25.3 28.7 30.4 29 31.1
33 31.9 30.9 25.9 22.7 21.3 19.1 18.4 18.7 18.9 17.4 16.6 16.9 17.1 17.6 16.7 20.6 19.4 21.6 25.2 25.5 25.3 29.9 29.5 30.4 31.8 30.1 30.4 33.3 31.4 30.6 27.3 24 21.3 22.2 22.9 25.3 27.2 29.1 30.3 30.8 31.4 31.8 31.6 31.4 30.5 25.6 28.3 31 31.8 32.7 32.8 28.2 28.3 26.6 30.7 32.7 32.8 33 33.1 33.3 33.5 33.5 33.5 33.4 33.3 33.5 33.5 32.4 27.9 20.7 19.9 20.5 20.3 20.6 20.6 20.3 25.2 25.6 25.5 21.4 27.5 33.1 32.4 31 32.6
34.2 33.3 31.7 29.5 24.4 22.1 19.8 18.6 18.9 19.1 18.2 17.5 17.2 17.8 18.3 23.7 24.7 23.3 25.9 28.8 28.1 28.3 31.7 33.8 34.6 34.4 32.6 33.2 33.2 32.7 31.3 29.8 23.9 21.7 26.8 28.3 29.8 31.2 32 32.3 32.6 32.8 32.7 32.8 33.1 30.8 25.6 29 30.3 32 32.5 31.9 30.4 32.1 32.2 30.9 30.6 33 33.3 33.5 33.6 33.7 34 34 33.9 34.4 34.4 34.7 33.4 29 21 20.5 21.6 22.9 21.8 21.6 21.4 26.1 31.9 32.9 26.6 28.2 32.5 31.3 30.9 32.8
