webserver/python/data/NN98.asc
ncols 200
nrows 200
xllcorner 290000
yllcorner 780000
cellsize 50
[rows 140 to 174 of 200, columns 0 to 77 of 200]
769.1 771.9 772.9 778.6 787 793.5 797.5 798.7 798.2 807.5 818.2 825.7 833.5 843.3 853.9 864.5 873.9 882.4 889.6 896.7 900.3 902.2 903.4 900.5 893.3 885.7 880 868.5 852.3 823.2 800.5 780.4 761.6 747.4 734.6 724.8 720.9 712.8 707.2 711 718.1 726.8 735.8 744.8 751.7 755.6 758.1 760.6 763.1 768.2 771.6 767.8 770.3 787.4 803.1 819.3 839.8 858.7 875.2 890.6 905.1 919.9 933.2 943.3 950.5 956.1 961.8 964.7 962.1 956 945.8 928.9 908.5 895.2 878.2 862.1 848.1 847.9
763.5 765.4 770.1 775.3 780.4 785 788.2 788.2 800.5 813.8 825.3 834.7 843.5 851.3 859 866.7 873.6 881.2 888.4 893.4 896.7 899.2 901.2 897.8 892.2 887.8 883.7 874.5 859.5 830.9 809.8 789.5 771.3 756.4 741.8 730.3 722.2 717.3 713 708.1 713.5 719.6 727.9 736.6 743.5 747 749 747.9 749.7 755.7 759.1 755 768.7 783.9 800.1 819.6 839.5 856.9 872.7 888.6 903 916.6 932 942.2 950 955.9 961.8 965.2 963.2 957.7 947.1 932.9 911.9 895.9 876.3 857 842.6 835.3
759 763.6 768.3 771.5 774.9 778.8 783.4 792.1 804.7 819 830.7 840.7 847.4 852.9 859 865.3 871.1 877.9 884 888.9 892.6 895.9 896.5 894.5 891.8 887.7 884.6 876.2 860.4 839.7 818.3 800.5 781.8 762.4 749.2 737 727.3 719.2 712.8 708.5 709.2 713.6 720.9 728 734.5 739.8 740.8 738.1 739.3 742.6 745 749.8 769.1 784.1 799.9 818.4 836.7 853.7 870.2 885.9 898.6 910.9 923.6 937.5 946.5 953.8 961.3 965.1 964.3 958.5 948.1 934.9 914.4 892 874.6 854.8 838.1 825.7
756.7 762 763.9 766.6 772.8 780.1 789.2 799.2 811.5 823.6 834.2 842.6 847.5 850.9 856.1 861 865.1 870.2 876.6 881 884.9 888.4 889.5 890.4 889.5 887.2 881.1 875.4 863.6 848.7 828 808.9 791 767.4 755 743.8 732.2 721.8 712.5 707.1 704 705.2 713.1 720.6 726.8 731.7 732.8 726.9 728.3 732.6 738.3 752.1 770.2 784 798.6 814 834.4 850.4 865.7 879.5 892.7 905.5 917 931.2 941.4 950.6 958.8 964.3 964.7 959.2 949 936.2 916.1 887.9 865.9 849.5 835.1 821.9
761.5 763.4 766.5 769.7 776.4 786.1 795.6 805.9 815.9 827.1 836 842.4 845.9 847.7 850.5 853.9 858.7 863.4 867.6 872.3 876.8 880.4 882.4 884.4 883.9 882.7 878.5 871.6 862.8 851.5 834.8 815.6 796.2 776.6 763.2 750.1 736.3 724.2 713.5 704.8 699.8 700.3 705.9 714.8 721.7 723.9 723.7 719.9 725.3 732.7 745.3 757.1 773.3 786.7 800.2 816.8 832.7 847.2 862.7 873.8 887.4 899.4 910.9 923.2 936.6 947.6 957.7 964.6 964.6 958.9 950.5 938.3 915.1 888.6 867 851.9 836.1 822.9
767 767.5 769.6 772.6 782.8 792.8 800.6 808.9 819.4 828.3 833.7 837 837.7 839.9 840.9 845.3 849.9 853.1 857.8 862 867.2 871.4 874.8 876.9 878 876.4 871.7 865.7 858.5 847.9 835.3 821.9 803.3 787 773.2 757.5 742 726.7 714.8 706.1 697 696.2 699.9 707.9 714.1 714.1 710.7 723.7 734.3 742.8 755.1 767.5 778.6 791 803.7 817.1 833.4 845.8 860.4 870.8 882.6 892.9 903.2 917.3 932.5 944.9 955.7 963.5 964.6 959.5 951.9 937.3 914.3 886.7 867.4 855.3 838.5 823.5
775.1 777.1 777.7 773.8 783.9 796.3 806 813.9 818 824.6 828.3 830.6 830.8 831.5 832.5 835.2 839.2 842.9 846.8 852.8 857.6 862.1 866.8 869.2 869.3 868.3 864.7 859 851.4 842.5 832.6 822.9 810.7 798.5 783 763.8 746.6 730.1 715.1 705.2 696.8 692.2 693.7 699.9 702.2 701.9 717.4 729.2 740 750.2 762.3 774.3 785.8 795.7 806.1 817.7 831.8 844.6 858.1 869.5 879.3 889.4 899.4 910.4 928.5 942.1 954.3 962.1 963.1 959.3 950.6 937.2 919.5 892.2 867.9 855.9 840.9 824.4
787.6 789.3 787.2 784.9 787.4 797.1 804.8 811.8 817.1 821 824.3 823.6 822.4 821.1 822.2 824.3 827.1 830.3 834.1 839.4 846.6 852 854.6 860.1 860.2 858.1 854.7 849.6 843.1 835.3 827.3 819.2 812.7 803 789.5 770.8 750.5 733.9 717.2 703.8 696 689.2 687.3 690.5 692.9 704.5 719.1 731.2 740.1 751.3 764 776.9 788.3 798.2 808.3 821.5 832.5 844.8 854.6 865.4 875.9 885.9 896.3 909.9 926.7 941.1 953.2 960.6 962.1 958.9 950.5 937.2 921.8 895 866.8 855.5 838.3 824.1
803.3 801.4 796.6 794.7 786.9 796.3 802.4 806.9 811.5 814.1 813.9 811.5 810.4 810 809.1 812.3 814.5 817 823.3 831.4 836.9 843.8 849.3 851.3 850.8 848.4 844 839.8 833.8 827.2 819.3 813.7 809.9 802.4 793.9 774.4 754.2 735.1 717.5 703.3 692.9 683.1 683.6 687.1 693.3 705.6 719.4 729.7 740.2 752 763.9 777.3 788.9 798.5 809.3 819.6 832.1 842.7 851.6 861.1 870.1 881.3 891.7 910.9 925.8 940.5 951.4 959.5 960.4 955.6 947.3 936.3 920 895.9 868.9 854.5 838.7 823.2
808.5 805.2 801.5 797.5 792.7 792.4 795 797.1 799.9 800.9 801.8 800.8 798.5 796 795.2 797.4 801.8 805 812.6 820.8 828.2 838.2 843.3 842.5 842.2 838.6 834.1 828.3 821.9 814.6 808.4 805.6 804.1 799.8 792 777.3 756.4 733.5 714 699.6 691.4 680 682.7 685.9 692 706 716.8 727.5 738.7 749.9 761.6 774.1 785.7 795.2 803.9 815.2 825.4 835.3 844.4 852.7 866 880.4 895 914.1 925.4 938.6 950 956.4 956.9 952.2 944.4 931.6 914.2 890 868.9 852.1 835.5 820.9
809.4 805.7 802.3 797 794.2 789.8 786.7 787.6 787.8 789.1 790.9 789.2 787.3 785.7 785.3 787.8 791.4 794 803.7 815.7 824.9 832.9 836.9 836.5 834.3 827.3 820.7 815 809.3 802.2 797.2 795.7 795.7 794 786.8 770.9 754.8 734.1 713.4 699.9 689.1 676.8 679.1 681.4 691.2 702.6 713.5 724.6 733.6 745.4 756.3 767.9 779.8 789.2 798.3 808.1 816.1 822.8 838.5 852.2 865.3 882.9 899 911.8 925.3 936.8 948.9 954 953.3 949.4 940.1 926.6 907.5 883.6 866.6 848.9 831.8 815.6
811.9 803.7 798.6 792.8 789.2 782.8 776.6 776.5 776.3 778.8 778.5 778.8 777 774 775.5 777.7 779.7 790 801.9 812.4 820.2 827.5 832.4 832.1 827.9 819.6 807.9 800 793.9 787.8 783.8 784.5 786.7 784.4 778 766.6 750.9 731.7 712.8 698.7 688.1 674.8 676 678.6 685.6 696.3 707.6 720 728.9 740.7 750.8 761.4 770.8 780.4 789.5 797.3 803.3 819.3 834.7 848.4 866.6 884.9 897.5 910.3 921.8 933.1 944.8 948.4 949.6 943.9 931.4 917.3 900.1 879.3 860.7 840.8 825 809
812.3 802.7 793.6 782.4 777.9 774.2 769.3 766.2 764.7 765.8 766.6 767.8 763.8 764.3 768.8 770.4 779.2 787.9 799.1 809 818.2 825.5 829.8 829.4 823.7 814.3 800.9 786.5 782.2 776.2 771.4 775 777.2 774.7 769.1 758.7 744.8 727.3 708.3 695.7 685 672.7 673.4 673.5 678.3 688.6 699.6 712.3 722.9 733.8 744.4 754.2 762.4 771.1 778.7 788.3 801.1 815.1 830.7 849.3 866.1 882 895.6 906.3 917.9 929.9 937.5 940.9 938.8 933.9 923.8 909.9 895.3 873.2 856.2 834.1 817.7 796.8
810.2 798.4 784.7 776.5 768.5 764.9 760.4 756 755.5 756.3 757 757.8 757.6 759.7 759.2 768.5 776.8 785 796 807.3 816.6 823.8 827.4 827.5 822.7 812.4 798.4 782.9 768.6 768.5 761.8 765.3 766.4 764.3 759.1 747.3 735.9 721.6 705.8 696.3 680.5 672 670.3 670.6 674.8 682.3 693.4 705.4 716.3 725.9 735.8 746.5 754.6 760 771.1 781.9 794.6 810.5 828 847.2 863 876.7 890.7 901 913.1 923.9 932.5 934.8 931.9 926.1 915.1 903 886.3 866.6 849.4 827 808.7 786.5
803.5 790 778.4 768.7 761 755.2 752.8 749.6 747.5 747.2 748.6 751.4 750.3 754 757.8 765.9 774.4 782 795.5 805.9 815.2 822.2 824.5 825.3 821 811.9 797.9 782.8 768.4 756 752.6 755 755 752.7 743.9 735.6 727.9 716.2 704.4 693 686.2 673.2 666.8 667.4 671.4 679.4 689 699 709.3 718.2 728 737 743.7 751.6 762.5 775.3 789 803.9 822 842.2 856.8 869.2 881.8 892.8 905.6 917 923 925.1 921.9 915.8 907 895.5 880.4 860 838 817.2 797.8 779.4
793.1 782.4 775 762.6 756.9 749.8 746.8 744.4 741.2 741.2 742.3 744.7 741.4 745.5 753.2 760.8 770.4 781.9 795 804.3 813.5 818.9 822.2 822.7 819.3 811.8 799 784.4 770.5 757.8 745.4 745.6 744.7 741.9 734.9 727.2 719.7 711.8 703.7 695.5 687.7 677.7 666.9 664.5 667.6 673.6 683 694.2 703.8 711.3 718.5 726.5 731.1 744.7 755.6 766.9 781.7 797.1 815.3 834.6 848.3 859.8 871.4 882.5 895.8 905.9 910.5 912.1 909.9 905.1 897.9 887 873 847.3 826 805.6 791 775.1
786.5 776.4 771 761.9 753.9 748.3 742.2 739.2 737.3 735.7 737.3 739.3 738.9 743.9 751.6 761.1 768.5 784.1 793.5 802.3 810.7 815.8 819.3 820 817.3 810.5 800.2 785 771.5 758.9 745.2 738.1 736.4 733.9 728.2 720.3 712.8 707.3 701.2 694.7 686.8 672.9 665.3 663.1 664.1 668 674.7 686.2 699.6 704 710.8 716.4 727.4 737.7 748.7 759 773.4 791.8 808.3 823.2 837.9 851.3 861.7 872.1 881.1 889.3 896.2 898.4 896.5 893.7 887.8 876.7 864.4 840 819.9 800.9 784.3 770.1
780.4 771.9 766.5 759 753.7 747.5 742.4 738.6 732.8 729.9 732.3 731 738.9 744.8 752.4 760.4 770 783.3 792.4 800.6 807.9 812.3 815.3 816.8 812.9 807.3 797.7 783.6 770.3 757 743.8 731.9 730.4 726.8 721.3 714.2 708.6 702.4 698.2 694.3 683 670.4 667.5 665.9 659.6 664.5 671.4 682.9 693.1 698.3 702.3 713.6 722.6 731.3 740.7 751.7 766.4 784.6 800.8 815.3 829.6 841.5 851.9 861.8 869.6 875 878 880.3 879.9 878.6 873.8 866.6 858.1 839.4 817.1 797.5 780.5 766.3
775.8 768.6 763.3 758.8 754.6 748.7 742.8 738.1 734.1 730.5 727.1 733.8 740.8 746.6 754.4 762.4 771.2 780.8 790.1 797.1 802.4 807.2 810.5 811 807 800.7 792.4 779.6 764.5 750.4 738.3 729 721.3 717.5 714.1 708 703 696.9 694 689.1 678.4 671.6 668.2 662.3 657.1 662.1 669.1 676.8 686.1 690.2 699.7 709.1 716.4 724.2 733.9 745.7 759.7 776.5 793.5 808 820.8 832 841.4 848.8 855.9 859.7 861.4 863.7 864.3 864 864.5 859.1 853.6 842.8 819.1 800.9 785.1 770.2
769.3 763.9 760.5 756.2 752 747.9 743.1 739.6 736.1 730.6 723.9 733.6 741.1 746.9 754.7 761.8 769.3 777.5 785 791.6 796.4 801.2 804.7 805.2 800.9 793.7 785.6 772.3 756.7 743.5 731.7 722.1 713.1 708.6 704.5 700.6 696.2 690.4 688 683.4 672.9 665.7 662.3 658.6 654 659.8 666.6 673.6 677.9 687.2 695 703 710.1 718.6 728.1 739.2 752.7 769 785.8 799.5 811.6 821.9 829.9 836.9 842.9 843.7 845.1 848.7 851.1 852.2 855 853.3 850.8 846 830.7 813 796.5 783.1
764.5 759.8 756.6 753.5 749 744.4 739.7 738 733.4 725.9 717.1 729.2 738.3 746.3 754 760.7 766.3 772.9 779.3 785.6 790.5 795 798.1 796 792.3 786.9 778.5 764.4 749.2 738.4 727.4 716.5 709.3 697.7 694.9 691.5 688.3 683.7 677.7 672.5 668.6 658.5 655.7 655.2 651.8 657.3 662.8 666.6 673.9 684.2 689.8 696.8 704.2 713.2 722.6 734.4 745.7 762.2 778.2 792 802.5 810.7 818 823.2 826.7 827.9 829.7 832.7 837.1 841.2 844.1 848.3 848.5 847.4 842.7 830.9 814.8 802.5
763.6 757 752.8 748.4 744.4 740.9 736.3 731.5 727.4 720.5 713.9 728.3 736 743.9 750.2 755.3 760.5 765.1 771.4 777.3 783 786.1 788.6 787.3 783.2 778.7 771.9 758.1 744.4 733.1 722.5 714.1 705.6 694.3 685.2 681.7 677.9 675.1 667.9 663.7 660.9 656.5 655.7 654.7 650.1 654.3 658 662.9 670.4 677.8 684.5 690.5 699.2 708.1 717.6 728.5 741.1 756.7 768.5 782.4 791 797.7 803.2 806.9 810.5 813.4 816.4 821.1 827.4 831.8 838.1 843.8 848.7 849.7 849.4 843.9 835.4 823.2
759.6 753.6 747.4 743 738.9 735.5 733.2 727.2 720.5 716.7 713.3 725.5 732.5 739.2 744.7 749.3 753.4 757.7 763.4 769 773.9 776.3 778.1 778.2 775.3 771.7 763.3 752.4 739.7 729.3 719 709.1 702.3 695.9 687.5 681.6 676.6 670.5 664.7 661.1 657.8 655.8 656 656.6 653.6 648.9 654.9 660.1 665.4 671.3 677.1 686.3 694.8 703.3 712.6 723.9 736.6 749.9 763.2 776.3 783.7 788.1 791.8 795.1 797.8 798.7 804.2 811 817.8 825 836.5 843.4 849.2 851.3 851.3 849.4 845.7 840
758.9 750.9 743.7 737.4 732.6 729.7 728.2 725.3 717.5 708.9 712.3 722.9 728.4 733.4 738.3 742.8 746.8 750.6 754.5 759.8 764.4 766.8 768.9 769.6 768.2 763.5 755 745.9 737.7 729.3 721.8 717.5 712.9 702.9 694.5 687.8 680.6 673.7 667.2 663 657.7 654 656.1 660.2 656.3 646.4 651.3 656.9 661.7 667.2 673.6 682 690.5 699.5 708.6 719.4 732 746.7 759.1 771.3 776.9 779.9 782.4 784.7 785.7 788.7 795.1 803.6 811.9 822.1 834.2 843.8 849.1 850.3 849.8 850.1 849.2 843.9
756.7 747.1 739.3 732.1 726.4 723.5 721.9 719.5 714.1 705.4 709.6 717.6 721.9 726.6 731.6 735.1 738.5 741.8 745.4 750.1 754.9 757 758.4 760.8 760 755.1 753.2 748.6 742.5 735.7 729.9 725.1 719.1 709.4 701 692.8 684.3 677.7 669.1 662.6 656.9 651.9 647 650.3 651 644.5 647.6 653.4 658 665.1 670.1 677.1 686.2 695.5 705 716 727.7 740.5 751.4 763.1 768.8 771.2 772.7 773.9 775.4 781.1 790.8 802.4 812 821.9 833.6 841 846.6 847 847.3 846.7 844.9 842.5
751.9 744.2 737 730.1 723.2 716.2 715.1 713.3 710.1 703 702.5 710.2 714.9 719.1 722.5 725.1 729.1 733 736.4 741 745.8 748.7 751.5 753.2 751.6 756.8 756.9 755.2 750.4 745.6 739.6 734.2 726.3 718.1 708.7 700.1 691.6 683.1 672.4 664.8 658.3 652.8 648.1 643.4 642.7 642.1 644.5 648.6 653.5 658.4 665.2 672.5 681.1 690.2 700.1 711.5 723.1 734.7 745.7 754.2 760.7 762.4 761.9 761.9 767.8 779 790.5 803.6 813.1 821.6 833 839.1 842 841.6 839.6 839 838.8 834.8
746.9 740.9 734.4 726.5 720 714.5 707.5 708 705.2 698.9 691.2 702.1 706.6 710.1 712.6 715.5 719.1 723.1 727 731.4 736.9 740.4 742.3 743.7 753 758.3 759 760.5 758.7 756.7 751.3 745.7 738.4 730.1 721.5 712.5 700.1 688.4 677.9 669.1 660.6 653.3 647 643.6 639.9 641 642.5 644.7 648 653.2 659.5 667.2 675.8 684.5 694.6 705.9 718.1 729 738.8 746.3 750.2 750.3 750.6 750.6 764 775.9 789.1 802.5 812.7 820.8 830.4 834.9 837.3 832.9 830.1 828 826.1 824.4
744.4 738.3 730.7 723.2 716.8 711.4 705.3 700.4 699.3 693.9 687 695.9 699.6 700.3 701.6 705.5 710.5 715.1 719.5 721.9 726.2 728.3 737.7 746 753.6 758.7 761.6 764.5 765.4 764.8 763.5 758.7 752 744.7 737 730.6 716.7 700.3 685.8 673.3 662.9 654.8 648.8 644.5 639.2 640.6 641.5 642 646.3 651.5 656.4 662 670.6 679.2 688.7 700.1 711.1 722.1 731.4 737.6 739.8 739.6 739.9 745.3 757.3 771.2 785.8 799.5 810.8 817.8 826.4 829 827.7 821.9 818.2 815 813 811.4
741.7 733.5 726.2 719.8 714 709.5 705 697.8 691.5 689.8 681.7 688.9 693.2 692 693.7 698.1 702.9 709.8 711.2 713.6 717.1 726.4 736.7 745.8 753.2 759.6 766 768.8 770.9 771.8 771.5 769.3 764.6 759.3 755.2 748.7 735.4 716.3 694.7 678.1 666.2 656.6 650.7 645.9 637.8 638.4 640.1 639.3 644.3 647.9 651.3 657.4 665.3 674.3 683.2 693.1 703.9 714.9 724.1 729.8 731.5 729.7 726.4 741.2 753.1 766.7 780.8 794.4 806.7 812.2 820.1 821.2 814.6 809.6 805.2 801.9 800 797.5
736.2 728 721.7 715.4 710.7 707.6 702.2 696.1 690.8 684.4 680.1 683.9 684.7 687.3 692.5 697.3 701.8 705.2 708.3 713.3 718.6 728.8 737.1 745.8 755.3 763.3 770.5 773 775.3 777.6 777.5 776.5 772.5 769.9 767 761.2 749.3 728.8 703.1 683.9 669.1 659.6 652.7 647 640.4 635 641 636.2 639.4 641.5 646.1 652.7 660.1 668.1 677.9 687.5 697.3 708 717.1 720.7 722.1 719 724.9 734.7 746.4 760.7 773.6 787.4 796.8 803.2 805.5 803.9 799.7 793.3 791.5 789.1 785.6 780.7
730.4 722.1 715.3 708.8 707.2 704 700.4 695.4 690.4 685.9 679.2 678.7 681.9 686.5 690.1 694 697 702.8 706.9 713 720.4 731.4 739.3 748.3 759.2 767.4 773.6 777.2 780.1 782.4 780.9 779.2 776.2 774.2 772.6 768.3 757 736.6 714.2 695.7 677.2 661.8 655 648.7 642.5 636.3 633.1 632.7 635.6 638 641.6 647 655.2 662.1 673.3 682.3 691.1 700.9 710.6 714.2 714.7 712.1 718.2 725.9 737.5 749.9 762.1 773.8 784.9 788.6 788.9 785.9 784.3 781.5 778.6 773.9 768.5 766.9
723.6 716.1 708.6 702.8 702.1 701.5 698 693.7 690.8 685.6 679.6 672.9 678.8 684 687.7 690.8 694.4 700 706 713 723.2 733.7 741.7 752.9 762.5 770.8 776.7 778.9 781.5 780 779.5 777.7 776.5 776.3 775.2 771.9 761.2 744.8 724 702.9 685 669 657.9 650.4 644.5 639.5 636.1 631.9 632 634.1 638.3 643.9 651.3 657.2 670.6 679.1 687.8 696 704 707.2 707.5 705.2 711.5 718.6 727.5 738.1 748.3 758.1 766.7 770.3 769.6 767.8 768 764.9 760.5 755.5 751.7 745
717.4 710 702.4 697.8 696.5 695.1 692.7 690.3 688.9 684.5 679.9 673.6 673.4 681.1 681.8 687.8 694.6 699.8 706.6 716.1 726.7 735.4 744.9 756 764.8 772.9 778.5 779.1 778 775.3 774 774.3 773.3 774.4 775.2 773.4 762.2 748.9 731.3 711.8 691.5 674.5 662.4 652.4 646.7 642.1 637.9 633.7 628.4 630.2 635.5 641.2 643.6 656.1 666.3 674.4 682.9 690.4 697.2 699.7 699.7 699.5 704.5 708.8 713.9 722.4 732.5 738.2 743.4 749.7 751.3 751.6 751.7 748.7 744.8 741 734.6 729.4
710.3 704 696.4 691.5 689.1 689.5 687.5 684.7 682.1 680 676.6 668.7 666 673.3 680.7 687.6 694.2 701.4 708.9 719.5 728.6 737 748.9 758 767.4 773.9 778.5 776.9 773.6 771 768.2 768.5 769.7 771.6 772.7 770.1 760.4 749.7 735.6 715.7 695.9 678 665.9 655.6 648.8 644.6 639.2 632.9 628.4 626.4 631.4 635.1 643.3 652.5 664.2 671.4 679.3 686.4 690.9 692.8 693.1 694.4 697.7 700.1 703.4 707.7 713.1 718.8 726.1 731.8 736.4 738.6 737 734.5 732.6 728.8 723.3 718.1
703.8 698 690 684.8 683.8 685.1 682.5 679.7 677.4 674.6 673.3 665.4 661.4 673.4 679.9 687.2 694.5 702.7 711.7 721.9 731.5 742 751.8 761.2 768.4 774.6 775.1 773.2 768.2 764.8 762.7 761.9 763.5 765.6 767.2 763.6 756.5 748.7 734.1 714.1 699.3 681.5 669 658.6 651.3 646.7 641.2 635 630 625.4 625.9 629.4 637.2 649.2 660.4 668.9 676.6 682.7 685.1 686.3 687 688.6 689.4 691.6 694.6 697.8 701.5 706 712.9 718.5 723.6 724.9 724.6 723.6 723.3 717.9 712.6 707.2
