webserver/python/data/NO01.asc
ncols 200
nrows 200
xllcorner 300000
yllcorner 710000
cellsize 50
[rows 144 to 179 of 200, columns 0 to 81 of 200]
175.1 173.4 171.2 169.8 166.8 162.9 160.1 156.4 148.2 155 156.3 156.1 155.3 155 154 151.3 149.4 143.9 130.1 151.2 155.6 160.4 161.3 163.3 165.1 163.6 163.6 165.8 165.1 163.9 161.5 161.1 157.4 153.3 150.3 147.6 142.6 141.4 139.8 141.1 142.8 144.8 146.9 157.6 161.9 161.5 160.7 160.2 161.7 161.2 158.6 155.6 143.8 114.5 130.1 153.1 173.4 185.9 191.1 193.5 196.9 201.6 205.9 210.6 215.3 220.4 224.6 226.3 226.7 227.7 231.6 236 237.6 238.8 240 242.9 247.5 246.6 246 245.2 244.6 244.8
183.7 180.3 177 172.6 169.3 166.2 163.2 159.8 154.2 158.7 159.4 158.3 158.5 159 154.3 143.4 143.4 140.2 149.2 160.1 165.6 169.2 168.7 169.7 170.6 168.9 172.1 174 176.6 175.7 173.3 173.4 168.5 162.8 157.8 148.3 149.9 146.6 144.4 146.4 149.2 151.9 153 162.3 165.9 166.4 166 165.6 165.7 163.5 161.5 159.9 141.8 117.6 136.4 162.8 171.1 182.8 190.1 189.8 195.4 200.6 205.5 212.3 217.6 222.9 229.2 230.9 231.6 231.9 237.6 240.5 244.5 245.4 245 244.7 246.4 248.4 248.2 246.8 246.3 246.7
195.3 190.5 184.1 179.6 175.9 172.2 167.9 163.5 159.4 160.3 161.3 164.3 163.8 159.9 149.9 152.9 153.5 155.2 156.6 170.4 175.5 178.1 182 182.1 178.3 179 179.5 180.9 185.5 185.4 183.1 180.7 177 172.8 158.8 163 159.7 155.5 146 153.9 157 161.7 165.1 168.9 171.4 171.7 171.6 171.2 170.1 168.2 166.7 164.1 146.9 117.3 139.2 160.8 170 176.9 179.4 185.9 192.6 198.7 207.6 217.2 221.2 229.2 234.5 235.1 235.5 234.4 241.1 246.5 248.1 247 247.1 246.9 247.6 246.8 248.3 248.7 248.6 248.4
207.6 201.8 195.5 190.1 185 181 175.6 169.3 165.6 168.7 172.3 172.7 169.3 161 160.4 160.9 163.7 166.4 173.1 179.7 185.3 189.4 191.5 192.7 192.1 190.3 187.5 186.5 190 190.2 188.3 186.1 182.7 172.1 163.2 172.1 168.5 163.8 157.7 157.8 165.4 170.1 172.2 173.6 176 177.2 177.8 176.5 174.8 173.4 172.7 168.5 150.8 121.8 128.1 136.6 148 158.9 160.5 174.2 185.3 194.8 208.6 219.3 224.2 234.4 241.6 241.2 240.1 237.3 238.3 242.9 245.9 249.2 248.8 248.2 248.3 246.9 246.6 249.8 249.6 248.9
220.4 214 206.9 200.6 194.3 189 182.7 172.4 176 180 183.3 181 175.2 164.5 171 170.7 173.6 177.1 188.1 191 193.8 197.3 199.4 200.7 199.4 197.5 195.2 193.4 194.7 194.8 192.9 190.8 187.7 182.1 176.6 178.8 175.3 167.6 164.5 163.7 173.5 177.2 178.6 178.5 180.3 182.3 181.9 180.6 180 179.1 177.8 173.2 166.7 144.8 134 131.2 124.3 122.3 133 157.5 178.4 190.9 204.8 219.4 226.7 234.7 245.6 250.3 245.4 242.6 240 241.2 248.4 253.5 253.5 251.3 248.9 247.5 246.1 246.7 247.1 248.2
233.1 225.3 217.4 210.7 204.8 198.1 188.7 183.3 184.7 189.7 190.9 189.2 182.4 167.1 178.5 181.6 184.7 191.3 199 200.7 202.7 204.9 207 207.2 205.8 204.2 202.4 200.1 200.7 200 197.4 192.6 191.1 174.9 186.3 184.1 180.5 175.3 173.6 174.8 179 182.5 183.1 183.6 184.8 185.1 185.1 184 183.7 183.8 182.3 179.1 176 163 164.9 161.4 155.8 150.2 140.7 135.5 162 184.6 199.5 214.7 226 234.7 240.5 244.9 246 245.5 244.4 242.8 246.2 253.2 253.6 251 249 248.3 246.5 245.7 245.2 243.9
247.6 236.5 228.6 219.8 213.1 205.3 197.6 193.8 195.2 203.2 201.6 197.4 187.5 171.9 183.2 192 192.5 200.9 209.3 209.8 210.8 213.1 215.1 214.4 212.2 210.4 208.8 206.3 204.6 202.3 200 197.5 192.3 187.6 190.8 188.3 184 179.9 179.9 182.1 181.5 185 186.7 187 188 189.4 188.7 187.3 186.6 187.4 186.2 184.6 182 177.3 171.3 167.5 165 161.4 133.5 141 138.9 175.2 195 208.7 218.6 226.3 234 238.5 240.6 241.9 242.2 244 245.1 245.9 248.6 248.3 248.2 246.9 245.9 245.2 243.8 241.5
261.3 250.6 238.9 229.5 222.1 214.4 207.5 204.3 205.2 212.7 209.9 202.5 189.2 180.5 192.2 199.8 202.1 210.9 217.5 217.6 218.2 221.8 223.2 221.8 219.3 216.7 214.8 212.2 209 205.8 204 201.8 187.9 196.6 194.5 191.9 187.7 182 187.7 188.2 187.4 187.6 190.1 190.5 191.5 192.9 192.7 191 189.3 190.2 189.8 188.6 185.8 181.5 176.9 173.3 162.2 138.3 156.4 158.9 135.3 171.8 191.4 203 213 218 223.8 229.1 232.3 235.5 237.3 238.6 239.8 241.4 240.2 240.2 239.9 238.3 236.8 236.5 238.9 239
275.9 262.8 250.8 240.3 233.8 225.7 215.4 218.2 216.3 219.6 213.8 205.9 191.7 189.5 202.8 211.4 213.1 224.5 225.3 226.3 227.4 229 228.5 227.8 227 223.6 220.8 218.1 214.8 211.3 209.1 206.6 195.8 200.1 197.9 195.1 191.6 190.7 193.6 194.1 191.8 192.1 194 195.5 195.3 196.6 196.8 194.4 192.4 192.3 192.8 191.4 188 184.7 181.6 175.1 143.4 150 173 165.9 140.2 174.5 186.7 195 202.5 210.3 214.7 216.8 223.3 224.7 224.8 227 228.6 231.3 230.5 228 227.5 228.2 228.2 229.7 230.8 230.4
280.8 272 260.8 250.3 242.4 235 227.5 229.8 227.1 223.9 215.7 205 185.7 203 214.2 221.5 228.4 235.9 234.4 233.6 234.2 234.1 233.6 233.3 231.7 228.6 225.8 223.4 220.6 218.3 215.5 210.7 207.7 205.4 203.4 201.1 196.3 196.2 198.6 198.1 196.2 197.4 199.1 200.6 200.8 200.4 199.2 197.3 196.4 195.6 194.9 193.1 189 185.7 183.1 163.1 156.6 172 182.1 177.9 147.5 159 168 171.2 182.7 193.2 194.7 201.8 208.1 210.9 212.2 215 216.9 220.2 220.5 219.2 219.2 219.8 222 222.9 222.8 221
274.8 268.6 260.3 253 246.1 235 238.7 237.1 234 227 218.8 192.4 199.6 215.6 223.7 230.5 240 243 242.8 241.6 240 241.2 240.3 239.5 235.9 233.3 230.2 227.3 225.1 223.1 220.3 203.6 216.1 212.9 209.6 207 201 202.2 202.8 202.4 201.9 202.7 204 205.4 204.2 203.1 202 201.2 199.3 198.2 196.5 194.4 189.7 187.1 177.5 154.8 174.8 183.8 187.4 187.5 180.2 172.5 164.5 169.3 165.2 169.9 171.7 176.7 178.4 184.3 196.5 203.4 205.7 209.2 212.2 210.8 210.4 211.5 214.3 215.4 214.6 214.8
264.9 259.8 254.7 250.3 248.1 247.6 244.8 242.9 239 232.1 214.9 209.5 220 221.2 232.7 239.7 253.6 257.5 252 249.9 247.6 249.4 249.2 246.4 242.1 239.2 234.8 232.2 229.1 227.1 221.2 222.9 220.7 218.1 216.1 213.5 209.9 210.5 210.5 210.5 209.5 209 209.5 208.6 207.5 207 206.8 205.4 202.5 201 199.4 194.6 191.7 189.5 169.6 164.3 179.1 190.3 192.4 192.9 192.9 192.2 188.9 190.6 187.4 189.4 188.5 193.4 194.8 192.3 192.5 191.4 195.6 197.7 198.7 205.4 211.4 211.3 210.9 210.6 213.1 218.8
266.4 262.1 258.7 258.3 258.6 255.3 251.5 247.7 243.2 235.1 211 229.5 233.6 226.2 241.7 250.7 269 272.6 267.7 261.8 257.6 256.2 254.4 252 249.5 244.6 239.5 236.2 233.3 230.5 221.7 226.4 225.4 224.4 223.3 221.5 219.6 219.1 219.4 218.8 216.7 215.3 215.9 215.1 213.5 212.3 211.8 209.7 206.7 203.7 200.3 195.9 193.3 189.8 168.4 167.1 186.8 197.5 201.9 201.8 201.2 200.8 201.4 201.2 198.6 200.8 202.3 206.8 206.6 205.3 207.2 208.3 209.3 210.8 212.2 218.1 220.6 219.3 216.7 214.1 219.9 226.7
295.7 280 273.1 268.2 264 260.4 256.1 251.7 246.2 225.6 225.6 241 244.6 246.7 247.5 252.7 275.4 280.5 276.7 272 268 264.8 262.9 259.7 255.9 250.4 244.8 240.9 237.8 234.9 232 232.2 231 229.8 228.3 227.4 227.6 226.7 226.3 225.4 223.2 222.6 221.2 220 219.1 218.3 217.7 215.1 211.5 207.6 201.7 197.8 193 187.7 164.7 169.8 189.7 203.5 209.7 211.3 213.2 212.1 212.3 212.5 208.5 209.4 212.2 215.4 216.9 215.9 216.1 216.7 219.1 219.2 223.3 227 228.6 226.8 223.4 218.1 225.9 238.1
315.3 298.9 286.5 277.5 270.5 265.3 260 255.5 239.4 221.4 241.9 252.2 256.6 259.4 262.7 267.6 273.3 278.2 278.4 277.3 273.6 270.7 269.3 266.2 259.5 256.5 251.9 246.9 242.5 238.9 236.7 237.7 236.6 235.3 233 233.4 233.5 233.5 232.6 231.6 230.2 228.7 227.3 226.3 226.7 226.4 224.5 222.7 217.9 211.2 206 199.1 192.8 187.4 168.2 172.9 195.6 209.9 217.6 221.4 221.6 220.7 220.4 219.2 215.8 217 218.3 219.4 222.9 224.8 221.6 227.7 230 230.5 232 234.5 236.9 236 230.7 223.2 230.9 244.3
323 310.6 299.1 288.4 279.2 272.1 264.3 257.2 241.1 231.9 255.7 264.5 270.2 274.1 276.7 280.2 276.8 281 279.4 277 274 272.1 269.2 265.6 261.8 260.9 257 251.8 247.1 241 240.4 242.9 241.9 240.3 239.5 239.6 239.7 239.4 238.2 236.7 236.3 234.8 233.7 232.1 231.9 231.3 229.5 226.9 223.7 217.4 210.8 202.8 194.2 188.3 165 177 201.8 216.2 226.2 229.4 230.1 229.7 228.9 227.1 225.2 224.5 225.6 228.1 231.6 232.7 229.7 233.5 238.6 240.6 241.3 242.9 243.4 243 239.8 230.5 230.5 245.9
327.6 319 311.2 300.8 289.9 280.9 271.5 262.7 244.3 248.4 267.3 276.7 287.6 290.3 292 292.6 290.6 292.6 292.3 289.8 286.1 286.5 284.6 282.6 277.6 269.8 263.3 256.9 251.4 246.9 246.1 249 247.7 246.8 245.6 245.7 245.7 244.8 243.4 241.9 241.4 240.8 239.3 237.7 236.6 234.7 234.2 231.3 227.7 223.1 215.6 207.2 198.4 181.9 164.6 188.9 208.6 222.2 230.9 235.8 236.7 237.7 238.6 235.1 232.4 232.1 234.2 238.9 240.7 239.4 235 229.7 244.4 246.6 247.7 248 248.4 248 245.3 237.6 234.9 242
332.6 326.2 318.9 309 298.1 287.8 277.6 267.2 250.5 252.3 274.1 288.3 301.1 303.7 306.4 305.8 299.6 307 310.1 313.9 310.1 307.1 308.7 304.4 298.4 289.8 276.7 265.3 258.7 256.1 254 256 254.7 253.7 252.1 251.5 251.2 250.3 248.7 247.1 246.4 245.2 243 241.6 240.1 238.6 237.3 234.2 231 225.6 218.5 211.5 198.8 167.6 182.5 201.8 218.5 228 235.5 240.6 243.1 244.4 244.5 240.8 239 238.5 242.4 246.8 248.3 245.5 242.2 245.6 244.9 250.5 251.8 252.2 252.2 251.7 250.7 243.2 244.9 241.1
336.4 329.6 323.5 315.9 305.4 293 282.4 272.1 253.4 257.1 280.6 297.7 310.2 313.8 318.8 318.4 314.3 319.9 324.4 329 328.4 323.3 324.2 318 311.3 306.5 295.2 281.8 270.3 267.3 261.3 263.5 262.9 260.6 258.4 256.8 256.1 255.1 253.6 251.6 249.7 248 247.5 246.2 245 242.8 239.8 236.3 232.8 226.9 220.7 209.2 194.5 179.4 194.2 211.3 222.9 234.1 243.3 247.1 249.9 250.7 249.3 247.1 245.1 244.8 250.8 252.8 252.5 250.2 246.1 252.1 251.7 249.8 248.4 255.2 256 255.4 254.8 252.7 252.2 250.3
339.5 332.9 326.2 317.7 308.3 297.3 288 277.9 258.8 266.6 288.7 306.2 319 326.5 329.8 326 324.9 330.9 336.5 338.1 337.7 333.9 328.7 324.2 320.3 317.9 310.5 298.1 285.1 277.2 272 272.9 271.8 268.6 264.4 262.4 260 259 257.3 255 253.1 252 251.4 250.9 249.2 246.2 243.4 239.6 234.1 228.3 219.4 204.3 182.3 189.9 205 218 230.4 244.1 251.2 254.3 255.3 255.8 255.1 252.4 252.6 252.9 255.9 256.5 255.5 252.8 253.9 256 256.9 256.4 256.3 254.7 255.5 259.6 258.9 258.5 258.3 257.3
339.9 332.6 324.9 311.6 297.8 290 288.5 274.9 260.7 274.1 294.7 311.7 327.9 334.9 334.1 331.1 334.3 339.7 346 350.5 349.9 346.2 337.4 331.2 327.2 324 316.3 307.8 297.5 288 285 285.4 283.2 280.2 274.7 270.6 266.1 262.7 260.9 258.4 256.6 255.3 254.5 253.3 251.2 249.2 246.3 242.1 236.2 228.8 216.1 199.8 187.4 202.8 214.6 226.4 237.1 253.8 258.2 259.6 259.8 260.6 261 258.9 258.4 258.9 259.7 259.4 257.8 255.1 258.2 259.1 260.6 260.4 260.3 260.6 258.8 261 263.4 263.5 263.4 263
336.7 326.3 321 316.5 311.8 304.1 293.3 288.2 274 273.7 296.7 315.4 332.1 341 339.8 338 341.2 343.8 352 359 358 354 347.7 339.5 331.7 324.7 318.7 311.8 303.3 293.5 296.4 299.8 294.8 291.4 285.6 278.8 273.7 269.5 265 261.3 259.7 258.6 257.6 255.6 253.6 250.8 247.6 242.7 236 226.2 209.3 192 197.7 209.4 221.3 231.8 242.7 256.6 264 264.1 264.3 265.1 266.3 264.5 264.1 264.3 264.3 263.1 261.4 260.2 264.9 272 274.8 273.1 270 268.9 267 260.7 268.1 270.9 269.7 268.7
330.2 334.5 330.9 326.8 321.6 314.3 304.4 294.9 286.6 285.7 300.9 317.3 334.2 346.3 349.7 345.5 345.1 348.7 355.8 360.9 359.5 356.9 352.7 344.2 337.4 330.6 323.3 315.3 307.6 304 309.2 309.7 306.2 299.4 293.5 288.2 281.2 275.9 271.6 266.4 263 260.7 258.5 256.7 254.7 251.6 247.5 240.7 232.9 223.3 201 186.3 201.1 217.4 230.9 237.5 247.7 258.6 266.1 268.4 268.8 270.6 271.7 271 270.3 270.3 270.4 270.5 270.9 271.3 276.2 288.9 290.3 287.8 284.1 279.5 273.6 264.2 273.7 276.5 275.3 275.8
339.3 340 338.6 336.9 335 325.9 313.7 304.7 294.4 290.7 306.5 320.4 336.9 353.1 355.9 354.9 351.5 350.5 355.7 357.7 358.1 357 352.2 347.3 341.1 334.8 327.3 319.7 313.5 311.6 315.4 314.3 310.5 303.8 299.8 294.5 288.2 282.2 276.9 271.7 267.8 263.6 260.1 257.7 254.6 250.9 244.7 237 229.1 220.5 200.4 190.6 206.3 222 235.6 243.6 253.8 263.8 268.9 271.4 273.7 276.1 278.3 278.6 277.4 277.1 278.3 279.8 281.2 283.1 284.6 292 299.6 297.9 292.4 287 281.7 277.4 276 277.7 280.5 282.1
349.7 351.1 351.6 349.9 345.7 335.5 323.8 314 305 298 313 323.9 338.5 350.8 355.7 360.3 362.6 355.2 356.7 355.9 355.4 353.6 350 346.2 341.6 336 330.9 323.5 318.1 315.7 320.2 317 313.3 308.1 301.9 296.9 293.6 288.1 282.2 277.1 272.7 267.3 262.8 258.3 253.6 248.4 242.3 235.1 227.9 219.1 199.6 192.3 207.6 223.4 238.1 247.7 254.6 265.2 271.7 274.2 278.6 280.1 282.8 284.8 284.6 285.1 287.3 289.6 290.8 291.1 291.5 291.5 294.1 296.4 295.7 292.9 288.7 284.1 280.4 279.5 283.1 287.3
360.8 358.9 358.2 357.3 352.2 343.7 331.9 322.3 313.6 296 314.6 327 340 349 353.5 358.5 364.9 361.9 357.5 355.5 352.3 349.7 347.3 343.7 339.8 335.6 330.7 326.3 321.6 320.3 322.6 322.1 316.8 311 305.1 298.7 295.1 291.5 286.5 280.6 274.4 269.8 263.8 258.9 252.6 247.2 239.9 232.3 223.8 214.6 198.7 196.2 206.4 223.9 238.8 249.3 255 264.6 271.9 277.8 284.3 286.3 288.2 288.7 290.9 295.8 299.8 303 300.7 299.9 297.6 296.4 294.5 293.9 295.4 296.1 294.1 289.2 283.3 279.3 286.9 292.8
368.2 365.1 363.6 361.2 356.3 350 341.1 330 319.7 301.1 319.6 328.5 339.6 347.5 351.9 354.6 357.3 359.3 358 355.6 351.3 348.3 344.7 340.4 335.8 332.8 330.8 328.8 325 322.8 321.8 321.3 319.2 313 306.9 300.8 294.6 291.1 287.4 280.5 273.4 267.6 260.5 255.8 251 245 237 228.4 218.7 209 195.6 204.3 216 225.1 237.5 247.5 256.3 265.9 274.5 281.4 289.1 292.7 296.8 297.9 300.9 305.8 313.8 314.5 312.3 308.3 304.9 303.9 301.1 297.1 292.4 293.1 294.4 292.4 287.9 281.6 289.1 297.6
374.3 371.1 367.5 363.8 359.5 353.2 343.4 333.1 321 318.1 327.4 334.1 342.9 349.5 354 356.6 358.1 357.5 355.1 351.9 349.2 347 342.6 341.5 341.2 338.1 334.6 330.9 326.7 323.5 321.4 319.2 318.3 313.1 307.2 299.8 293.7 286.9 279.8 272.3 264.7 258.8 253.6 245.4 244.4 236.2 223.2 218.3 213.5 207.4 200.4 215.3 226.1 233.4 244.8 254 262.1 270.4 278.6 289.3 295.9 300.5 306.5 309.6 313.7 317.8 323.2 323.5 322.3 317.4 314.8 313.4 310.2 305.4 298.4 293.9 289.7 291.1 288.5 284.8 290.9 299.3
379.7 375.2 370.8 366.5 361.9 354.2 343.6 335.3 325.1 326.8 333.3 340.3 347.5 354.2 358.2 362 364.7 366.2 361.2 356.4 350.7 347.7 346.3 345.8 343.9 342.2 336.4 330.9 327.1 324.6 318.7 315.1 312.7 307.3 301.5 295.4 287.6 279.4 270.9 261.5 250.5 234.7 234.3 228.7 225.5 228.1 226.9 216.1 207.9 203.2 214.1 225.7 236.3 244.4 253.1 261.4 270.3 280 289 297.7 306.4 315 320.2 325.6 330.1 333.8 338.6 339.8 335.2 330 325.6 322.5 319.8 315.6 309.6 300.7 292.9 288 288.6 291.8 296.9 305.4
385.4 379.9 378.5 372.2 364.9 353.9 345.1 336.7 320.6 333.2 340.8 348.4 354.2 360.4 364.3 367 368.5 367.5 365.1 362.9 355.5 349.4 349 346.9 344.4 340.6 335.3 329.4 324.3 321.4 316.2 312.2 305.8 298.2 292.6 286.5 278.8 268.8 259.5 246.7 239 241.4 242.7 247.2 245.3 240 233.1 225.1 216.6 214.5 225.2 236.4 248.6 259.1 265.1 274.3 282.9 289.6 300.2 310.9 321.9 329.1 333.8 338 342.8 345.9 349.4 346.6 343.3 340.2 335 329.2 326.1 321.8 315.3 308.4 295.4 296 297.4 298.7 303.1 312.5
390.6 387.4 384 377.1 366.8 355.1 347.3 335.4 339.2 344.3 349.3 357.1 362.5 367.1 369.5 370.8 370.9 369.7 367.8 364.7 358.1 351.7 350.1 348.7 344.6 339.7 332.6 326.9 320.9 315.3 310.7 303.7 295.4 288.9 280.9 273.9 268.3 259.9 252 244.2 250.2 252.3 253.9 254 254.9 249.8 242.7 233.4 219.2 222.1 234.2 245.6 263.9 276.5 278.6 287.4 295.5 303.5 313.7 325.2 332.6 340.5 344.5 346.8 354.1 354.6 354.1 351.1 347.6 343.6 338.8 334.3 328.1 322.2 317.3 308.5 304.5 305.6 306.9 308 310.7 320.2
392.1 389.9 388 380.8 368.2 357.9 349.7 347.2 354.5 358.4 360.7 365.3 370.3 373.4 373.9 374.2 373.1 370.7 367.9 363.5 358.5 353.8 348.3 345.5 341.7 336.7 329.6 322.8 316.7 309.2 301.3 292.9 286.1 278.6 273.7 269.4 268.4 255.2 249.1 257.5 261.6 261.8 262 262.1 262 260.3 255.4 244 225.9 224.8 237.9 249.2 267.8 281.5 286.7 297.6 305.1 315.7 324.6 331 336.8 343 348.5 353.3 357.4 357.4 357.7 353.9 350.2 346.4 342.3 336.7 329.6 323.2 318.2 309.4 313.3 315.4 316.7 317.8 319.4 326.7
395.8 391.8 388.6 380.4 368.2 358.4 352.1 360 368 369.6 370.7 371.5 376.4 376.5 376.7 376.2 374.6 371.3 367.1 361.9 356 351.5 347 341.9 337.4 332.2 325.7 318.1 307.7 295.6 292 293.1 290.4 292 289.8 286.2 281.6 268.1 259.3 270.7 273 273.1 273.1 273.5 273.5 271.3 265.1 253.7 240.3 235.9 241.4 252.1 266.4 280.3 289.8 302.6 309.7 318.9 328.8 333.7 337.4 342.2 347.4 353.5 358.3 359 359.1 355.7 352 349.3 345.1 338.5 331.5 324.3 317.5 317 322.5 325.2 327.4 329.2 330.8 337.1
397.7 393.5 388 377.7 367.8 355.4 364.6 371 376 379.3 379.4 376.8 376.7 376.5 376.8 377 377.4 372.2 365.6 359.3 353.4 348.8 343.7 338.3 332.2 325.6 315.5 306.2 306.1 308.6 311.1 311.6 310 309.8 308.7 300.1 288.4 270.3 274.2 282.5 285.1 285.2 285.6 286.1 285.3 281.8 272.9 261.8 249 246.1 245.6 253.1 260.9 274.2 286.4 301.4 311.4 318.8 325.7 332.2 336.4 341.1 347.2 353.2 358.9 359.9 359.7 357.2 353.9 351.1 345.7 339.4 332.1 324.2 320 327 331.7 335.1 338 341.2 344 348.2
397.5 393.3 386.7 378.8 371 364.9 376.1 378.1 383.7 388.1 387.1 381.8 377 373.8 374.6 374.6 373.3 369.2 364.1 358.4 351.5 345.4 337.5 332.8 327.2 320.9 316 315.5 319.4 321.7 319.9 320.1 320.8 322.3 320.2 309.8 293.8 274.3 284.3 291.5 297 297.7 298.2 298.7 296.5 291.3 282 268.3 258.2 254.6 252 250 256 267.3 280.7 293 305.9 313.1 321.2 327.1 334 342.6 349.6 355.9 359.1 358.7 357.9 356.9 354 349.2 344 338.4 331.9 326.4 330.9 335.4 340.4 344.9 348.4 351.6 355.6 357
400.8 395.1 387 380 373 371.3 380.2 383.7 390 393.5 391.8 386 380.1 375.3 372.1 370.7 367.8 364 360.7 357.1 350.1 348.2 346 341 335.2 326.6 321.4 327.2 329.3 329.2 328.6 326.6 329.3 330.3 327.4 315.9 300 282.4 290.5 302.1 306.9 310.4 310.9 310.3 307 301 290.1 277.5 271.4 265.1 263.3 261.9 259.1 260.7 272.4 284.3 295.9 303.4 310.6 322.8 333.8 343 353 359.5 360.7 359.7 358.8 357.4 353.7 347.1 342 336.3 335.1 336.8 339.5 344.5 349.3 354.2 358.5 360.6 363.3 365.6
