webserver/python/data/NO10.asc
ncols 200
nrows 200
xllcorner 310000
yllcorner 700000
cellsize 50
[rows 105 to 139 of 200, columns 0 to 77 of 200]
123.4 122.8 129.1 130.8 132.6 131.1 128.4 126 123.2 123.7 130.5 133.6 136.4 137.8 137.7 137.1 136.1 135.8 135.1 134.3 133.2 131.2 129.1 127.2 125.9 121.8 121.3 121.5 121.3 120.8 120.3 118.9 119.1 118.2 118.4 118.8 120 117.1 115.7 115.7 115.4 115.9 115.8 115.9 116.4 116.3 118.1 118.1 118.3 119.3 120 121.1 121.7 121.2 119.2 115.8 115.3 116 116.7 121 125.2 126.9 123.1 121.2 119.3 119.1 121.5 122.1 120.8 121.1 121.3 121.8 121.6 120.4 119.2 118.4 117 116.9
123.3 122.2 122.3 123.1 124 124.6 125.9 126 123.6 123.5 127.8 132 135.8 136.9 137.2 136.8 136.1 135.8 135.5 134.9 133.6 131.8 129.8 126.9 123.2 121.3 121.5 121.8 120.6 119.7 120 119.1 118.5 117.9 118.4 119.4 119.7 117 116.3 116.1 116.9 117 115.6 114.9 114.7 114.4 115.6 116.1 115.7 117.9 118.5 119.1 119.6 118.8 118 115.7 114.9 115.2 115.2 117.5 120.4 125.9 123 120.9 123.3 122.2 118.9 119.9 118.6 119 119.6 120.5 121.1 120.4 118.3 118.8 118 116.5
123.3 122.1 122.2 122.2 122.2 123.9 121.6 122.2 122 122.6 125.9 129.5 131.6 132.6 134.4 134.7 134.7 134.1 134.7 135 134.1 132.4 129.1 125.3 121.2 121.5 122 122.3 120.3 119.5 119.1 118.4 117.8 117.1 117.5 118.5 118.8 117.5 117 116.6 117.2 117.2 116.1 115.6 114 113.2 113.7 114.3 113.7 115 117.3 117.8 117.8 117.4 116.4 116.7 115.4 116 115.3 115.9 117.3 118.9 122 122.7 122.9 120.6 117.4 119.8 117.2 116.7 116.9 117.2 118.1 118.3 118.3 118.7 118.3 116.4
122.9 122.2 122.2 122.2 122.7 122.4 121.3 120.9 121.3 121.8 123.2 126 127.4 127.6 130.3 132.4 132.7 132.9 134.2 133.6 132.9 131.2 128.1 124.2 121.3 124 124.1 122.8 119.9 118.4 118.3 117.7 117 116.3 116.9 117.6 118 118.1 117.3 116.2 116.4 116.4 116.4 115.9 115.2 114 113.6 112.9 112.5 113.3 115 116.4 116.2 115.9 115.7 116.2 116.1 115.3 114.9 116.7 117.9 119.5 118.3 116.7 116 115.2 115.7 119 119.6 118 115.9 116.1 117 117.9 118.2 115.7 116.4 115.4
123.5 122.7 121.8 121.4 121.8 123.3 121.3 120.8 120.6 120.6 121 122.1 123.8 125.3 127.5 129.7 130.2 132.1 132.7 131.6 130.1 129.3 128.6 127.8 122 123.1 123.5 121.8 118.4 117.5 117.2 116.9 116.2 116.3 116.8 117.5 119.7 120.1 117.2 115.7 114.5 115.5 115.1 114.9 114.6 114.6 114.1 113.2 112 113 115.2 115.6 115.1 114.7 115.3 115.5 113.6 113.6 113.9 115.4 118.4 120.3 119.3 117.2 115.5 114.5 114.6 114.2 117 119.6 118.4 118.6 118.7 116.6 116.4 117.8 117.2 117.1
123.7 123.3 122.3 123.3 127.5 126.1 124.3 122.6 122.3 120.2 120.5 121.4 121.7 123.6 125.4 126.3 127.2 128.1 128.3 127.7 127.6 127 126 121.2 123 122.5 122.3 120.6 118.4 116.7 116.3 115.9 115.6 116.3 117.1 117.8 121.2 119.1 117.5 115 113.2 112.6 112.9 112.4 112.1 113.9 114.3 113.1 112 113 115.4 115.4 114.3 113.8 113.3 112.6 111.9 112.2 112.8 116 119.7 119.6 118.7 117.7 114.6 114 114.1 113.9 114.7 115.4 117.7 116.1 117.5 116.9 119.5 120.1 115.4 116
124 123.8 123 124.6 126.2 125.5 125.2 125.1 125.2 123.4 122.3 121.4 122.7 126.4 126.9 125.8 126.2 125.9 126.6 125.9 125.2 125 124.4 121.4 122.9 122 121 119.6 117.7 116.9 116.2 115.4 115.3 115.9 116.6 117.3 117.3 117.4 116.9 113.4 111.3 111 111 110.9 111 112.1 114.4 113.8 112.9 111.8 113.9 115 112.9 112.6 112.6 111.6 110.8 111.2 111.7 112.5 115.6 116.6 116.5 114.4 113 113.6 113.6 114.9 115.4 115.1 114.6 117.6 120.2 120.4 119.6 117 119.9 117.7
124.2 124.1 123.7 126.4 126.4 126.4 126.2 125.2 123.8 122 119.9 120.1 121.2 124.2 125.1 125.3 125.4 125.3 124.3 123.5 123 122.3 121.5 122.3 121.3 119.7 120 118.9 117.3 116.4 115.7 115.8 115.2 115.3 115.9 116.6 116.7 116.6 116 114 111.3 112 113.9 114.5 112.4 111 111.5 112.3 113.9 113.4 111.2 111.5 112 112.3 112.3 111.4 110.9 111.1 110.9 111.5 110.6 111.3 112.5 111.5 112.7 112.4 113.1 114.7 116.6 114.2 114.3 115.9 116.4 119.5 119.7 118.1 120.1 118.5
124.5 124.4 124.9 126.1 126.7 126.8 125.5 123.9 121.3 120.6 119.9 119.9 120.2 120.4 121.8 122.5 122.8 122.7 121.9 121.2 120.4 120.1 121.2 119.2 118.1 117.8 119 118.4 116.4 115.7 116 116 115.3 114.7 115.2 115.8 116 116.3 115.8 115.3 112.5 113.6 114.3 114.3 113.5 111.1 110.9 110.7 113.7 113.3 111.1 110.6 111.2 111.6 111.9 111.5 111.7 111.6 110.4 111.6 110.5 110.6 111.4 110.8 111.6 111.7 111.4 112.8 113.7 114.4 114.5 114.8 114.9 115.1 116.6 120.7 120.3 119.2
124.6 124.4 125.5 126.8 127.4 125.5 123.4 121 120.3 120.1 119.6 119.9 120.2 119.9 120 119.8 119.4 119.3 119.5 119.6 119 119.2 120.2 116.6 116.6 116.4 117.5 117.6 115.6 115.6 115.8 115.6 114.9 114.8 114.5 115.1 114.3 115.6 115.6 115.1 115.1 115 114.9 115.3 112.5 110.4 110.9 110.6 111.3 112.3 111.2 110.4 110.4 110.7 111 110.9 111 110.5 110 110.6 111.4 112 112.4 110.9 111.3 111 110.5 110.4 110.5 111.2 112.4 114 115.9 116 115.5 119.7 119.2 117
124.3 124.1 125.8 127.1 125.9 123.2 121.6 121.6 122.1 122.2 122.2 119.1 119.2 119.2 119.4 118.9 119 118.7 118.6 118.4 118.1 121.3 117.8 116.5 116.2 115.9 116.2 116.2 115.4 115.3 115.5 115.1 115.1 113.9 113.8 114.7 115 114.9 115.4 114.6 115.2 115.7 115.6 114.9 111.3 110.2 109.9 110.7 109.2 109.1 109.2 109 109.8 109.6 109.7 110.5 110.7 110.2 109.7 109.5 110.1 110.7 111.2 110.9 110.7 110.6 110.5 110.2 110.6 111 111.4 111.5 113.9 115.5 116.8 118.8 120 117.4
124 123.8 124.4 124.9 123.6 121.8 121.7 123.6 124 124.2 124.4 123.6 120.9 120.9 118.7 118.8 119 118.8 118.4 118.4 118.3 121.3 117.1 116.3 115.9 115.4 116 115.6 115.4 115.1 115.3 114.5 114.1 115 114.7 116.8 112.9 114 114.9 113.8 112.3 112.2 111.1 111.3 110.9 110.2 110.4 108.8 108.5 109.2 109.6 108.8 108.5 108.6 108.8 110 110.3 109.8 109.2 108.9 109.3 109.6 109.9 110.5 110.6 110.5 110.4 110.1 110.6 111.3 112.1 111.9 111.8 114.4 117 118.1 119.7 117.6
124.7 124.1 123.1 122.5 121.9 121.7 123.1 124.3 125.9 126.2 126 125 123.7 122.3 120 118.7 119 118.6 118.2 118.1 119.7 119.9 116.8 116.2 115.8 115.4 115.8 115.4 115.1 115 116.9 116.9 116.7 115.2 114.6 117.3 114.1 113.9 114.8 112.1 111.4 111.6 111.7 112.3 112.7 111.4 110.5 109.8 109.7 109.9 109.8 109.4 110 108.9 107.9 109.2 110.1 109.8 109.5 108.8 109.1 109.4 109.6 110.5 110.6 110.4 110.2 110 110.8 111.3 111.3 111.1 111.7 113.4 117.1 118.5 119.1 117.5
125.2 124.9 123.8 122.8 122.2 122.4 122.8 123.9 125.3 126.9 126.3 125.2 123.9 122.9 122.5 119.6 119.1 117.6 117.6 117.5 120.8 118.6 117 116.3 115.8 115.1 115.6 115.5 114.8 115.9 118 119 117.9 116 115.5 116 114.1 113.5 112 111.7 113 113 112.7 112 112.6 113.2 112 110.5 110.9 111.1 110 109.9 109.8 110.3 110 109.3 109.1 110.1 109.7 108.7 108.8 109.3 109.8 110.5 110.6 110.9 111 110.6 110.4 110.5 110.6 110.3 110.3 111.9 116.2 118.8 118.3 116.7
125.5 124.5 123.8 123 122.4 122.4 122.5 123.2 123.9 124.9 125.2 125.2 124.4 124.4 124.3 123.1 120 118 118.4 118.1 121 117.9 117 116.3 115.8 115.2 114.8 115.8 115.9 117.9 119.8 121.4 119.8 117.1 116.8 114.8 112.5 111.7 111.6 112.4 112.5 112.7 112 112.9 112.3 112.8 112.4 112.3 114.4 112.6 111 110.7 110.1 110.3 109.9 109 108 108.2 108.6 108.3 109 109.6 110.1 110.2 110.1 110.3 109.7 109.4 109.2 109.2 109.2 109.5 109.2 110 111.3 116.3 116.8 115.8
126 125.6 124.6 124 123.7 123.5 123.5 123.6 124 124.2 124 125.2 126.2 126.4 125.5 123.2 121.1 118.9 118.3 118 120.6 116.8 116.5 116 115.6 115.4 115.6 116.2 116.9 119.1 122 124.5 122 118.4 116.8 114.5 113.7 112.4 112.6 112.7 112.9 113 113.9 113.7 113.4 112.8 112.7 113.3 113.7 113.6 112 111.2 110.3 110.1 109.6 109.6 109.5 109.4 107.6 108.1 108.9 109.6 110.3 109.9 109.5 109.5 108.8 108.3 108.1 107.9 107.8 108.1 108.5 108.7 109.3 110.1 112.8 114.5
127.4 127.1 126.4 125.3 124.9 124.8 124.6 124.4 124.4 123.5 124.3 125.7 126.7 126.4 125.9 123.9 121.8 119.5 118.4 118.1 117.7 116.2 116.1 116.8 117 116.9 116.9 116.8 117.9 120.4 123.6 125.4 122.8 119.2 116.4 114.9 113.7 113.3 113.1 113.1 113.2 113.3 113.4 113.4 113.3 113.2 113.1 113.1 113.2 113.2 111.7 111.2 110.6 109.9 109.8 110.1 109.8 109.7 109 107.6 110.2 109.5 109.3 109.2 109.1 108.5 107.9 107.3 106.9 106.7 106.7 106.7 106.8 107.4 107.9 108.1 109 110.7
128.9 128.9 128.2 126.9 126.8 126.7 126.4 125.6 124.7 123.5 123.7 124.6 125.1 125.3 125.5 124.7 122.5 120.1 118.3 120 117.3 116.7 116.7 117.8 118.2 118 117.8 117.8 118.3 120.5 124.4 125.6 122.8 119.1 117.1 116.1 115.2 113.8 113.5 113.4 113.2 113.1 113 113.1 113 112.9 113 112.7 112.5 112.6 111.5 110.9 110.4 110 110.3 110.3 109.9 109.8 109.3 107.9 108 108.1 108.7 109 109.1 108.2 106.9 106.7 106.7 106.7 106.7 106.7 106.7 106.7 106.7 106.7 106.7 109.5
130.2 129.4 128.6 129.1 130.1 130.3 129.6 126.7 125.1 123.7 123.4 123.4 124.3 125.2 124.9 124.6 122.7 121.4 119.3 121 117.9 117.3 117 117.8 118.4 118.3 118.1 118.2 118.8 121.3 123.1 123.4 121.5 118.2 117.1 115.9 116 115.7 115.8 115.6 113.4 112.9 112.8 112.7 112.7 112.9 112.9 112.6 112.1 111.9 111.2 110.9 110.6 110.3 110.5 110.3 109.9 109.3 108.4 107.5 107.2 107.9 108.5 109 109.1 108.8 106.7 106.7 106.7 106.7 106.7 106.7 106.7 106.7 106.7 106.7 106.7 106.7
130.1 129.4 129.8 131.8 134.3 134.1 132.7 130.2 127 125.1 124 123.7 123.8 123.9 123.4 123.1 123 124.7 121.8 121 119.1 117.9 117.3 117.8 118.5 118.4 118.3 118.7 119.1 119.2 119.2 119.1 118.4 117.6 117.1 117.5 117.5 117.5 117.3 116.5 115.5 113.9 112.6 112.4 112.6 113 112.8 112.6 112.1 111.7 111.5 111.2 110.9 110.7 110.8 110.4 109.8 109.2 108.6 108 107.1 107.6 108.3 108.8 109.2 107.1 106.7 106.7 106.7 106.7 106.7 106.7 106.7 106.7 106.7 106.7 106.7 106.7
129.3 129.3 132.5 135.2 138.2 137.9 135.5 133 129.4 127.4 125.7 124.4 124.7 123.8 122.9 122.5 123 123.6 124.1 121.2 121.1 118.9 118.2 118.4 118.6 118.6 119.2 120 119.9 119.7 118.8 118.4 118 117.6 118.4 118.3 117.9 117.6 117.6 116.8 115.8 114 113 112.3 112.8 112.9 112.7 112.5 112.1 111.8 111.6 111.4 111.2 111 110.9 110.3 109.7 109.1 108.6 108 107.5 107.9 108.5 108.7 107.6 106.7 106.7 106.7 106.7 106.7 106.7 106.7 106.7 106.7 106.7 106.7 106.7 106.7
128.5 129.8 133.1 136.9 138.6 138.3 135.7 133.9 131.3 129.7 128 125.5 125.2 124.6 123.8 123 122.1 121.4 121.7 122.1 123.9 119.7 118.7 119.3 120.2 120.2 120.3 120.5 120.4 119.9 119.3 118.6 118.2 117.9 118.4 118.2 118.1 117.9 117.7 117 115.5 114 114 114.2 112.5 112.3 112.3 112.3 112.1 111.9 111.8 111.6 111.4 111.2 110.8 110.3 109.8 109.2 108.7 108.2 107.6 107.6 108.3 108.1 106.7 106.7 106.7 106.7 106.7 106.7 106.7 106.7 106.7 106.7 106.7 106.7 106.7 106.7
128.2 130.2 133.7 136.8 136.9 136.8 136.4 134.7 132.9 131 129.1 128.1 126.9 125.4 124.6 122.7 121.2 120.6 121.5 121.6 123 122.2 118.8 121.1 120.9 120.2 120 120.1 120.1 119.8 119.6 119.1 118.5 118.1 118.4 118.1 118 117.9 117.4 116.3 114.7 113.8 113.4 113.2 112.7 112.4 111.9 112.4 112 111.6 111.4 111.2 111 110.9 111 110.4 109.7 109 108.4 107.9 107.4 106.8 107.5 107.5 106.7 106.7 106.7 106.7 106.7 106.7 106.7 106.7 106.7 106.7 106.7 106.7 106.7 106.7
128.3 131.3 132.9 133.3 133.2 133.8 135.3 134.9 133.8 132.2 130.1 129.7 128.1 126.3 124.1 121.9 120 120 122.3 120.8 120.5 119.7 119.6 120.2 120.5 120.3 120.2 120 119.9 119.7 119.4 119.2 118.9 118.4 118.3 118.1 117.8 117.2 116.4 115 114.2 113.2 112.7 112.3 112.4 112 111.6 111.3 111.9 111.4 111 110.8 110.7 110.8 110.9 110.6 110 109.3 108.6 107.9 107.2 106.7 106.7 106.7 106.7 106.7 106.7 106.7 106.7 106.7 106.7 106.7 106.7 106.7 106.7 106.7 106.7 106.7
128.2 129.5 130.5 130.1 130 130.5 132.7 132.1 133.6 132.9 131.9 130.6 128.2 126.4 123.9 120.8 120 119.5 120.8 121.1 120.1 119.9 119.3 120.1 120.9 120.6 120.4 120.2 120.1 119.5 119.2 119 118.8 118.6 118.2 117.3 116.5 116.4 115 113.6 112.5 112.8 112.9 112.5 112 111.6 111.4 113.2 113.8 112 110.8 110.4 110.6 110.7 110.7 110.8 110.2 109.5 108.8 108.2 107.5 107 106.7 106.7 106.7 106.7 106.7 106.7 106.7 106.7 106.7 106.7 106.7 106.7 106.7 106.7 106.7 106.7
127.2 128.4 128.1 127.6 127.3 126.9 127.5 129.5 132.5 133 132.4 130.7 128.7 126.3 122.4 120.4 119.7 120 120.9 120.3 119.9 119.8 120.1 120.9 120.8 120.6 120.5 120.2 120.4 119.8 119.2 118.7 118.5 118.3 117.2 115.8 115.1 114.6 114.3 113.1 112.3 113 113 112.4 112.4 111.9 112.1 113.5 113.4 112.7 111.8 110.8 110.4 110.6 110.6 110.7 110.5 109.8 109.1 108.4 107.6 107.6 107.4 106.7 106.7 106.7 106.7 106.7 106.7 106.7 106.7 106.7 106.7 106.7 106.7 106.7 106.7 106.7
126.2 126 125.7 125.6 125.7 125.4 124.5 126.4 128.6 132 132.3 130.4 127.9 124.1 121 119.9 119.6 120.3 121 120.7 119.8 119.9 120.9 120.8 120.3 120.2 120.4 120.9 120.6 120 119.5 118.9 118.3 116.6 115.4 114.9 114.7 115.2 114.6 113.8 113.1 113.2 112.8 112.2 112.3 111.7 112.1 112.4 112.4 113 112.6 112.1 110.7 110.4 110.5 110.5 110.6 110.1 109.3 108.2 108.1 107.6 108.1 106.7 106.7 106.7 106.7 106.7 106.7 106.7 106.7 106.7 106.7 106.7 106.7 106.7 106.7 106.7
124.5 124.6 124.2 125.4 125 123.8 123.4 124.5 124.3 125.7 129.5 128.9 125.8 122.6 120.9 121.3 121.2 121.2 120.7 119.9 119.8 120.4 120.7 120.6 120.5 120.9 121.3 121.5 120.9 120.1 119.7 119.2 118.1 116.7 117.4 116.1 115.5 117 115.4 114.7 114.2 113.7 112.2 112.3 112 111.5 111.1 111.3 111.5 112.3 112.5 111.6 110.4 110.2 110.3 110.3 110.4 110.1 109 108.5 108 107.3 106.9 106.7 106.7 106.7 106.7 106.7 106.7 106.7 106.7 106.7 106.7 106.7 106.7 106.7 106.7 106.7
124.7 124.7 124.6 123.4 123 123.2 122.7 122.5 122.2 122.2 125.7 125.5 124 122.8 123.3 122.9 122.8 121.5 120.1 120.1 120.4 120.4 120.8 121.2 121.5 121.9 121.8 121.3 121.1 120.5 119.6 118.6 117.8 118.8 118.5 116.4 116.8 117.4 116.3 115.8 115.3 114.2 113.3 113 111.8 111.3 110.9 110.3 110.1 110.8 110.7 110.6 110.1 109.9 109.9 110.1 110.6 110.3 108.8 108.4 108 107.6 106.7 106.7 106.7 106.7 106.7 106.7 106.7 106.7 106.7 106.7 106.7 106.7 106.7 106.7 106.7 106.7
124.8 125 124.8 123.5 124.3 123.3 122.8 122.6 122.3 122.1 122.3 123 124.6 124.7 125.4 124.3 122.4 121.2 120.1 121.1 120.7 120.5 121.3 121.8 122.3 122 121.7 121.1 120.6 119.2 117.5 118.2 118.8 118.5 117.9 116.2 116.4 117.7 117.5 117.2 116.3 115.5 114.5 113 112.3 112.1 111.9 112 110.4 110 110.5 110.9 109.8 109.6 109.6 110.3 111 110.5 109.3 108.9 108.5 107.9 106.7 106.7 106.7 106.7 106.7 106.7 106.7 106.7 106.7 106.7 106.7 106.7 106.7 106.7 106.7 106.7
124.8 125 124.2 123.8 123.8 123.5 122.9 122.7 122.4 122 121.6 121.4 124.7 125.7 125 123.6 121.5 120.4 120.1 120.3 120.8 120.7 121.5 121.9 121.9 121.8 121.4 120.8 120 117.7 117.7 118.3 118.6 118.2 117.7 117.6 117.6 118.7 117.8 118.1 116.7 115.5 114.1 112.7 112.8 112.8 112.4 112 110.7 109.9 110.4 110.7 109.5 109.2 109.4 110.2 110.9 112.5 110.2 109.3 108.8 107.7 106.7 106.7 106.7 106.7 106.7 106.7 106.7 106.7 106.7 106.7 106.7 106.7 106.7 106.7 106.7 106.7
124.9 124.6 124.3 124 123.6 123.6 123 123 122.4 121.9 121.3 121.8 125.3 125.7 122.6 121 121.6 121.2 120 120.1 120.2 120.4 120.6 121.1 121.3 121.3 120.5 119.3 118 117.3 117.6 118.1 119.1 118.6 118.6 118.3 118.3 118.3 118 118.3 116.9 114.6 113.4 113.6 113.3 112.8 112.4 111.9 110.7 109.3 109.6 109.6 109 108.8 109 109.4 109.9 111.3 111 109.6 108.9 107.6 106.7 106.7 106.7 106.7 106.7 106.7 106.7 106.7 106.7 106.7 106.7 106.7 106.7 106.7 106.7 106.7
124.9 124.7 124.8 124.2 123.6 123.4 123.3 123.3 122.4 121.8 121.9 121.1 121.5 122.1 120.7 121.9 123.2 122.4 120.1 119.8 120.2 120.3 120.4 120.5 120.7 120.2 119.4 118.3 118 117.8 117.7 117.8 119.1 118.7 118.3 118.2 118.1 118 117.7 117.3 115.4 114.3 115.5 114.5 113.5 112.9 112.4 111.6 110 109.6 109.1 109 108.4 108.4 108.5 108.6 108.8 109.6 110.1 109.6 108.7 107.5 106.7 106.7 106.7 106.7 106.7 106.7 106.7 106.7 106.7 106.7 106.7 106.7 106.7 106.7 106.7 106.7
125 125.1 125.2 124.4 123.7 123.7 124 123.3 122.4 122.2 121.4 121.2 121.7 122.7 120.4 121.2 121.9 121.3 120.7 120.2 120.1 120.1 120.3 120.5 120.3 119.4 119.1 118.8 118.5 118.3 118.3 118.8 119.2 118.5 118.4 118 118.3 118.4 116.3 116.9 115.5 116.9 116.7 116.3 113.5 112.9 112.4 110.8 110.2 109.3 108.9 108.6 108.3 108.1 108.2 108.4 108.3 108.5 108.8 108.9 108.2 107.2 106.7 106.7 106.7 106.7 106.7 106.7 106.7 106.7 106.7 106.7 106.7 106.7 106.7 106.7 106.7 106.7
125.2 125.3 124.8 124.1 123.7 124.3 123.2 122.8 122.4 122.1 121.9 121.7 123 122.4 121.5 121.5 120.3 120.4 120.8 120.8 119.9 120 120.4 120.7 119.8 119.4 119.4 119.5 119.2 119 119.4 119.5 119.6 119.3 119 118.3 118.7 119.2 116.6 117.3 117.2 116.4 117 116.2 114 112.9 111.7 110.3 109.9 108.9 108.5 108.3 108.1 107.9 108.5 108.1 108 108.2 108.4 108.4 107.9 107.1 106.7 106.7 106.7 106.7 106.7 106.7 106.7 106.7 106.7 106.7 106.7 106.7 106.7 106.7 106.7 106.7
