webserver/python/data/NO16.asc
ncols 200
nrows 200
xllcorner 310000
yllcorner 760000
cellsize 50
[rows 140 to 174 of 200, columns 78 to 155 of 200]
395.5 370.3 353.1 343.6 333.6 319.9 312.4 313.8 313.2 296.3 291.3 290.9 292.7 292.5 293.2 293.3 295.2 297.8 310.1 318.4 325.1 335.4 348.9 366.3 390.7 413.1 430.6 450 461.6 471.6 479.6 491.3 499.1 499.8 505.2 509.6 513.1 524.7 537.5 550.5 564 576.4 584.8 592.6 600.7 606.5 614.1 623.6 634.9 648.5 664.6 679.5 694.9 710.1 722.8 736.4 742.6 742 723.6 710.3 690.2 661.1 635.8 616.7 598 575.4 563.3 547.8 526.1 511.2 495.1 475.2 461.4 448.4 436 429.2 425 420.6
400.5 369.8 349 337.9 328.1 316.2 311.2 310.3 312 314 313.1 293.5 291.2 290.5 291.5 293.3 293 297.7 312.1 317.9 324.4 334.1 348.5 367.1 387.5 408.7 427.7 447 459.9 471.2 477.1 485.1 489.5 492.6 497.2 502.6 508.3 519.3 532.5 545.7 559.2 573.3 583.2 586.3 590.7 597.8 605.9 615.4 626.8 641.9 659.1 676.4 692 706.8 721.1 732.1 739.5 738.7 724 708.1 687.9 658.9 630.8 611 591.3 573.6 561.9 542.2 526.1 510.9 494.9 475.9 458.6 446.1 435.9 428.9 424.6 418.2
397.7 372.7 351.6 339.1 325.1 313.4 309.5 310.4 312.1 312.6 310.3 299.9 291.9 291.1 289.7 291 292.1 295.6 312.1 316.8 323.2 333.5 347.9 363.4 388.1 405.4 424.3 443.1 456.1 469.7 480.7 479 481.2 483.8 488.4 495.7 503.1 515.1 528.1 541.1 552.8 565.1 575.1 579.7 582.3 589.1 597.7 607.2 618.9 636.5 653.8 671.6 688.5 702.6 714.4 723.2 729.3 728.1 718.8 704 685.5 657.8 632.1 606.9 588.5 570.9 558.9 540.7 525.7 510.4 494.2 477.8 460 448.5 439.6 431.4 424.1 417
390.7 374 353.9 339.2 326.1 315.2 309 308.9 311.4 309.2 309.1 304 295.4 291.7 289.7 291.4 291.7 294.8 311.9 317.1 322.2 332.4 348.1 363.8 380.6 400.5 420.2 441.2 451.8 467.1 476.6 472 475 476.4 482.8 491 500.4 512.2 524 536.6 548.4 556.1 563.7 569.7 573.7 581.2 589.3 600.2 612.2 630 648.8 664.7 679.1 697.1 706.9 712.8 716.5 714.8 708.2 697.5 683.1 660.1 634.7 609.6 588.1 571.5 557.9 540.7 525.3 512.2 495.6 479.3 465.2 453.2 445 437.1 427.9 421.5
382.8 368.8 353.9 340.4 328.9 319.8 312.5 307.8 307.5 307.8 303 298.6 298.6 298.4 293.9 288.9 290.7 294 311.5 316.3 321.9 331.8 347.2 363.5 379.8 399.3 417 427.6 446.8 461 466.3 465.8 469.7 471.5 478.6 487.7 498.2 510.2 519.1 531.9 544.5 548.9 554 558.5 563.6 571.1 580.8 595 609.2 626.6 642.3 658.7 669.9 679.7 692 701.6 704.7 701.7 695.8 690.5 675.2 658.8 638.4 614.1 592.5 577.8 562.3 543.5 527.8 515.3 499.9 485.1 471.9 461.5 455 446.1 436.9 428.8
384.9 370.2 357.5 343.5 331.4 323.7 317.6 309.1 306.7 306.9 298.8 297.5 297.4 297.6 297.5 295.3 288.7 294.3 310.1 314.5 318.9 334 348 361.8 378.4 396.2 408.9 420 435.4 454.9 460.1 461.8 462.9 467 474.2 483.7 493.6 504.6 515 527.3 538.1 544.4 546.8 549.8 555.1 562.7 573.8 589.5 606.9 622.4 636.6 650.3 657 664.9 670.3 677.6 684 684.8 682.1 676.6 668.7 654 640.1 619.7 598.4 583.3 567.6 548.2 531 519.4 505.8 493 483.1 471.9 464.5 455.2 446.3 437.9
385 373.8 363.3 350.5 336.3 328 321.3 313.5 303.4 300.4 297.2 296.6 296.8 296.9 297 293.9 288.8 295.8 309.9 312.5 317.9 333.7 349 362.4 376.1 394.5 404.4 416.3 430.3 451.6 453.5 456.2 459.4 464.3 470.8 480.5 490.4 499.3 508.6 519.4 529.9 536.8 540.3 542.7 547 556 567.3 584.3 601.9 617.1 631 639.4 645.4 649.9 654.9 653.8 655.7 654.8 655.3 656.5 657.2 649.8 641.7 627.7 605.3 586.9 574 556.3 540.9 526.8 513.3 503.5 493.6 484 473.8 464.3 455.8 446.8
383 376.1 369.1 354.6 340.3 330 323.6 316.7 310.5 300.3 296.9 296.5 296.3 296.3 295.5 291.2 288.8 294.3 306.8 312.5 319.1 332.4 348.5 362.6 375 391.9 400 412.6 425.5 438.4 445 449.2 453.3 459.2 467.9 477.3 486.6 494.4 502.4 513.4 521.7 528.1 532.4 535.9 541.3 550.6 562.9 579.9 596.6 611.6 621.8 628.3 630.4 632.8 636.8 639.1 636.6 633.4 631.8 635 638.9 641.9 641.3 634.9 612.3 592.9 579.9 566.5 551.9 539.2 526.4 514.1 505 495.9 485.7 475.9 465.7 454.7
380.1 374.5 368.4 354.5 341.2 331.9 325.3 320.3 313.3 302.2 297 296.6 296.3 294.8 293.6 290.9 289.5 294 305.2 312.7 318.5 334.4 350.6 363.2 376.8 393.2 401.5 409.5 422.2 432.7 439.7 441.7 447.3 454.2 464.1 474.6 482.3 490.1 497.9 507.4 513.9 517.9 523.8 530 536.7 545 558.2 576.1 591.7 603.2 611.5 614.5 615.6 616.2 618.6 621.8 619.5 619.7 619.9 621.6 626 630.7 636.2 634.4 618.1 600 585 575.2 565 552.9 540.1 525.9 516.3 507.8 498.4 488.6 477.8 464.9
379 372.7 366.2 356.3 343.6 333.7 327.8 321.4 313.4 304.1 295.9 295.9 295.3 293.4 291.6 289.9 289 298.5 307.1 313.2 319.4 335.2 349.8 362.7 376.6 394.3 403.1 407.5 421.3 428.6 435.5 438 443.1 451.7 462.7 470.2 477.9 485.6 493.6 500.6 506.7 509.2 516.7 525.8 534.9 542.4 556.1 572.1 583.8 593.5 598.6 601 602.3 602.8 602.6 603.5 605.3 607 609.2 610.8 614.3 621.9 625.8 627.7 621.3 606.2 592.1 582.5 574.8 564.5 551.3 536.5 525.8 518.7 510.2 501.2 490.5 473.7
376.6 371.4 362.4 351.6 341.8 335.6 328.7 319.2 311.5 304 295 294.4 293.7 291.7 289.8 287.6 285.6 298.9 307.8 313.5 321.3 335 348.2 363.4 378.4 393.1 405.2 408.4 421.1 426.3 429.3 433.6 441.7 449.7 458.8 466.2 473.5 481.2 488.3 494.6 496.9 505.4 515 524.7 534.2 542.6 556 568.8 576.6 581.8 586 588.3 589.7 590.1 589.9 590 592.5 592 594 596.4 602.6 611.9 619.3 623.7 620.7 611.7 597.6 584.3 578.4 570.5 558.3 546.2 535.2 526.7 518.7 509.9 500.1 479.4
370.7 367.7 359.3 348.3 341.4 334.9 325.5 315.5 309 306.7 295.1 292.7 291.2 289.3 287.7 287.2 286.7 298.6 305.5 313 322.5 336.7 350.2 366.7 378.7 391.3 405.2 411 421.5 425 425 430.2 439.5 447.8 455.4 462.8 470.3 475.7 482.7 485.9 493.1 502.8 513.3 523.4 533.2 543.3 554.8 565.9 572.4 574.6 576 577.7 576.8 576.7 576.1 576.1 577.3 577.5 579.2 583.7 591.8 603 610.6 617.7 617.2 612.9 597.4 582.5 574.1 570.3 555.7 546.1 537.4 529.2 521.8 513.5 501.7 484.3
365.1 362.8 360.9 347.8 340.2 332.6 322.7 310.7 304.8 301.5 293.7 291.7 288.4 287 286.2 284.6 288.7 297.8 306.4 311.9 321.4 335.5 352 369 381 393.3 406.2 413 419.8 422.3 419.9 428.1 436.2 443 452.5 459.8 464.9 470 475.8 480.2 486.5 497.9 509.4 520 530.6 541.5 552.7 562.3 567.6 567.4 568.1 567.3 565.7 562.5 558.8 560.4 561.9 563.9 567.6 572 581.2 593.8 602.4 608.9 607.9 602.1 589.6 577.8 566.9 560.5 551.5 541.5 535.3 528.6 521.6 512.3 500.7 485.6
360.7 357.5 354.4 344.3 335.6 328.7 323 312.3 305.7 299 291.4 288.8 286.9 286.7 284.5 286.2 288.7 299 307.8 309.8 321.3 341.3 352.8 372.4 378.7 388.1 399.1 411.7 415.6 415.5 414.4 421.1 430.7 437.5 445.3 453.5 459 464 468.1 473.7 481 491.9 504.2 515.9 526.4 537 548.2 557 560.8 560.1 558.8 555.2 550.5 546.9 544.9 545.8 546.9 549.9 554.2 560.8 572.2 584.1 591.7 597.5 592.2 586.5 577.3 568.7 558.5 549.9 542.1 534.9 528.5 522.6 518.7 508.1 496.9 483
357.5 354.3 347.6 343 337 331.4 324.3 314.6 307.6 300.7 288.9 286.6 285.2 283.4 286.9 287.5 289.8 300.8 306.8 313.5 329.1 344 358.5 370.5 379.5 387 395.8 403.9 409.6 408.8 407.3 410.9 422.8 430.7 437.5 446.4 449.8 455.6 461.2 468.5 475.8 486.3 498.6 511.9 522.6 532.7 542.5 547.4 550 551 546.2 540.9 536.4 534.3 532.9 533.6 534.6 537 541.8 548 561.2 576.1 583.6 582.4 577.8 572.8 564.2 556.8 547.9 539.1 532.1 527 522 516.2 510.6 501.7 490.7 480
355.8 351.4 347.4 341.9 337.1 331.1 324.2 314.5 307.2 298.1 288.2 283.5 284.4 286.7 287 291.9 291.3 301.3 307.2 318.5 330.9 344.5 360 372.8 379.5 388.6 393.6 399.7 399.7 398.2 399.4 403.3 413.5 423 429.8 436.6 441.5 449.9 457.4 463.1 470.6 480.8 494.1 506.5 517.2 525.5 532.3 536.8 538 536.5 531.8 527.3 523.8 521.7 521.3 523.1 524.9 528.6 532.9 539.1 550.3 566.4 577.9 577.4 571.6 564.2 555 545.2 535.3 526.8 522.6 520.3 516.5 510.1 502.9 495.3 486.3 475.1
356.3 351.7 345 340.7 335.7 329 323.3 315.4 306.1 294.5 283.4 284.5 285.8 286.8 289.6 289.2 292.3 299.2 312 322.9 334.6 343.8 354 366.8 376.4 379.6 383.3 386.3 389 390.2 391.6 396.5 405.7 415.2 423.1 428.4 438.2 446.3 453.6 459.1 465 474.7 484.9 497 506 514 521.2 524.3 524.6 522.3 517.3 514.4 514.3 513 513.3 515.1 518 521.2 526.8 534.4 544.8 562.6 572 571.4 563.6 555.2 546 536.5 525 516.1 512.3 511.9 507.3 500.6 493.1 486.1 477 464.2
356.9 352.6 347.2 341.8 332.8 326 321.6 313.9 306.9 294.5 282.8 289.3 291.7 290.3 289.1 289.3 292.1 301.1 316.1 326.5 334.9 341.4 348.4 355.2 365.8 374.5 376.2 379.7 383.6 385 387.1 393.2 400.7 409.5 418.1 425.2 434.2 442.4 449.8 455.3 460.8 468.7 478.8 487 494.1 502 507.1 507.4 508.3 507.5 507.3 506 505.6 505.7 505.5 508 511.2 514.7 521 531.6 544.9 560 567.2 564.6 555.2 543.9 535.1 526.1 513 505.5 499.5 499.7 495.7 487.7 479.2 469.9 461 451.1
356.7 353.9 349 340.5 332.2 324.6 318.4 311.9 303.7 284.5 283.3 289 290.6 289.3 289 289.3 294.7 303.4 317.9 325.3 330.4 339.7 349.8 355.5 363.8 370 372.9 375.1 377.6 380 384.5 391.3 397.8 408.5 418.5 424.8 430.8 438.5 446.1 451.6 457.1 462.6 470.1 477.6 483.6 489.1 493 494.5 496.4 498.4 498.3 498.8 498.6 498.2 499.6 501.9 504.9 509.7 518.1 530.6 545.7 555.1 560.6 555.7 544.1 532.7 523.5 512.8 499.7 492.6 488.1 481.9 479.1 474.2 460.2 451.2 442.5 434.3
355.1 351.5 344.6 338.8 332 322.4 316.2 309.8 302.7 283 283.7 288.1 289.7 289.3 288.8 288.8 297 307.2 318.3 325.2 329.5 338.8 347.1 356.4 361.1 364.4 368.1 371.4 373.9 376.7 381.5 388.6 395.3 406.8 414.6 424 429.9 435.7 442.5 448 454.2 459.3 465 470.4 474.7 480 484 487.4 489.5 491.1 492.4 493.5 493.7 494.4 496.1 498.2 502.2 509.2 517.8 530.2 543.9 552.2 553.2 546.6 536 524.6 512.2 499.4 485.7 475.8 473.3 463.6 455.7 449.1 441.5 435 429.1 424.2
345.5 340.7 339.1 336.3 333.1 323 313.3 307.1 300.9 285.7 282.7 288.2 288.2 287.6 287.2 289.6 298.2 307.6 317.6 324.4 329.1 333.4 339.7 348.5 356.1 360.4 364.4 367.9 369.7 374.6 380.2 388.8 399.1 409.8 417.6 420.5 429.4 433.4 439.3 446 451.7 456.1 462 465.6 469.3 473.6 477.4 481.9 483.3 484.8 487.4 489.6 491.5 492.4 493.3 496.9 502.3 510.2 518.5 531.2 544.2 548.6 543.5 538.8 531.9 520 501.3 488.1 473.1 459.6 450.1 445.2 438.2 432.5 427 423.7 417.7 413
342.2 338.9 338.6 335.2 331.4 325.2 312.7 303.5 298.1 286.7 281.3 287.3 287 286.2 286.8 290.4 297.3 305.7 315 320.7 326.3 331.3 340.6 347.3 353.3 358 362.5 362.3 365.6 370.3 380.8 392.9 407.2 419.3 424.4 427.3 432.1 436.1 440 446 450.6 454.5 459.5 461.7 466.2 468.6 472.7 476.7 479.2 483.2 487.1 489.5 491.7 493.9 495.8 498.4 504.1 511.8 521 532.3 537.4 537.5 532.8 526.8 518.8 507.2 490.8 476.4 461.4 448.8 437.1 429.9 425.1 421.6 416.8 412.4 406.9 401.6
343 338.7 335.7 333.2 329.5 323.3 317.6 304 294.1 285 279.2 287.3 286.3 286 286.1 291.4 298.5 305.2 312.2 318.5 324.7 330.7 338.9 346.1 350.2 354.7 356.1 357.3 363.4 371.9 385.1 401.4 419.2 428.5 432.9 434.8 438.9 442.9 446.7 452.4 456.7 459.3 462.7 467.2 471.9 475.4 477.5 480.1 484.6 487.5 491.2 494 496.4 498.5 500.6 503.4 507.6 515.6 527 534.5 532.4 526 520.3 509.3 500.1 488.4 477 463.4 452.8 439.5 427.9 420 413.6 410.3 406.3 401.9 397.8 392.8
344.6 339.3 332.4 329 327.5 322.9 319.1 307.8 293.2 285 279 286.6 287.1 286.2 285.8 289.3 296.7 304.7 313.1 318.8 324.5 331.3 338.7 343.6 344.7 346.8 349.5 355.3 363.9 376 391.5 410.1 424.5 431.5 437.4 440.2 445.2 449.8 452.9 458.5 463.3 466.7 472.6 476 478 478.9 481.8 485.4 489.2 492.4 495.4 500.2 502 504.6 507.8 510.2 515.5 521 531.6 529.9 519.5 508.4 500.2 490.8 485.3 474.1 463.7 456.5 443.8 428.9 420.6 412.2 403.8 400.1 397.3 393 389.4 385.7
343.2 338.9 329.6 328.8 324.6 319.8 316.8 308.2 295.3 285.9 279.2 282.4 285.9 285.3 285.7 288.6 294.2 301.1 310.6 318.2 324.2 331.9 339.1 343 342.7 344.9 348.2 354.3 361.6 376.2 395.2 411.8 425.2 434.2 441.1 445.3 450 456.4 459.1 464.5 469.8 474.9 480 480 481.8 483.1 487 490.7 493 496 501.3 507.3 509.2 512.8 515.6 517.8 520.6 528.7 524.3 512.2 500.5 488.4 484.3 483 478.4 468.1 458.3 453.3 442.4 422 412.8 404.4 396.5 390 387.9 383.4 378 378
343.3 339.5 333.6 329.1 322.3 318 314.8 306.7 294.2 285.2 279 280.7 283 284 285.2 289.6 293.3 300.1 309 318.2 325.4 331.2 340.2 340.6 341 343.1 345.6 352 359.5 375.3 390.8 408.1 422.8 435.6 443.8 447.8 456.8 462.1 463.8 467.4 470.9 471.8 475 476.7 481.9 484.4 488.5 492.1 495.6 499.5 507.4 514.3 518.6 522.1 524.2 526.5 530.5 535.6 511.5 493.5 481.9 475.5 474.8 477.6 471.2 461.2 453.3 453.8 435.2 420.2 405.2 397.2 390.2 382.1 376.8 373.3 367.8 366.6
347.6 342.9 335.8 328.4 319.6 314 311.5 305.4 294.1 284.3 278.9 279.5 283.3 284.4 285 287.3 292 300.1 308 315.8 321.2 327.7 333.7 337.6 339.6 341.6 343.9 348.2 357.1 370.2 384.8 403.7 420.8 436.5 444.8 451.3 462.4 468.1 466.2 460.6 462.9 464.2 464.8 468.8 470.7 476.1 482.9 489.5 495 502.5 511.4 518 524.3 529 530.8 535.6 542.9 531 503.5 477.2 470.8 465.5 462.8 462.1 458.1 448.9 447.4 437.4 422.7 417 405.4 391.3 382.3 374.2 369.9 366.3 363.1 360.7
349 342.6 333.2 324.5 315.8 308.8 307.3 303 294.3 283.8 281.2 276.9 281.2 283.2 284.7 285.3 290.3 298.3 305.8 312.7 317.5 324.3 330.1 333.7 335.1 338.1 337.2 342.4 352.2 365.6 380.2 397.3 414.2 428.4 441.6 454.2 464.8 467 462.5 458.1 452.7 453.8 455.6 456.7 458.1 464.9 473.4 482.1 491.3 499.3 510.2 518.8 527.2 533 538.7 541.4 546.2 529.6 494 476 464.8 458.4 451.4 444.6 438.8 434.1 422.1 416.9 411 404 395.3 384.2 376.7 370.4 364.7 362.1 360.6 359.2
347 335.4 328.1 319.9 313.1 306.6 304.7 301.5 291.9 284.4 280.9 276 277.9 279.8 281.9 284 288.7 296.7 304.5 310.2 315.8 322.2 328.5 328.8 330.2 333 335.1 342.1 349.8 361.4 374.5 391.4 407.4 421.6 435.1 448.3 456.9 458.6 453.4 447.8 442.2 439.8 441 441 445 453.2 464 474.8 485.3 497 507.6 518 527.6 535.3 539.4 543.2 540.3 519.8 483.7 469.4 463.4 457.3 451.7 441.2 430 417.5 407.8 405.7 396.9 393.7 385.5 378.7 371.2 367.5 364.2 359.3 358.1 356.7
344.6 337 327.3 317.8 311.3 305.6 301.6 296.1 291 282.9 279.5 278.9 276.4 278.7 280.9 283.1 286.8 295 301.6 306.6 311.6 316.6 321.9 323.3 328.1 331.3 331.5 338.8 346.9 357.4 371.7 385.8 400.3 413.8 423.7 434.2 441.5 442.4 437.3 435.3 432.1 428.8 427.3 428.9 433.4 442.5 454.4 468.3 480.3 492.2 504.8 515.9 526.1 532.9 539.1 539 529.9 500.3 476.7 465 458.9 452.9 445.7 434.9 423.1 408.6 400.8 394.1 387.8 381.2 378.1 368.9 366.5 364.1 359.8 356.2 355.5 355.4
349.5 341.8 329.9 319.9 310.8 304.9 301.1 296.7 291.2 283.4 279.1 278 275.5 277.7 279.6 282.6 285.9 292.3 298.5 302.3 305.9 310.9 313.9 321.5 325.1 328.1 330.3 337.2 346.4 354.8 364 376 388.7 401.6 412.5 420.2 424.1 425.5 426.4 424.4 421.4 419.7 418 419.5 424.1 433.6 448.3 462.4 474.3 487 500.2 512.1 521.6 528.8 536.4 531.8 514.6 485 466 459.7 453.5 450.3 437.5 424.4 413.3 407.2 398.4 386.6 380.5 371.8 368.8 363.9 361.3 357.6 354.3 353.7 352.9 353.1
350.3 344.1 335.7 323.1 312.4 304 299.7 294.4 289.8 283 278.4 277.3 276.6 276.4 278.8 281.9 284.8 288.9 294.9 299.8 303 305.1 311.5 318.2 321.5 323.9 327.2 336.8 344.9 353.3 359.1 364.9 377 389.4 402.2 405.2 407.8 412.1 413.7 414 411.4 410 408.6 411.4 416.6 427.2 441.9 456.4 468.9 481.4 493.1 504.6 516.6 526.8 531.9 523.4 496.1 471.5 458.7 451.3 445.2 439 428.4 418.3 410.1 401.1 389.7 380.9 373.2 369.1 367.5 366.5 361.2 360 353 351.2 349.9 347.8
356.5 351.5 341.3 329.4 317.8 305.8 301.3 292.5 286.2 282.3 277.8 276.9 276.5 275.8 278.5 280.8 283.4 286.5 292.5 297.8 299 300.9 306.8 313.3 316.9 320.3 323 336.7 347.4 345.5 351.1 359.3 368.5 374.5 384.7 392.2 396.3 397.4 401.8 402.5 401.5 399.9 400 404 411.5 422.5 436 449.1 460 471.2 482.4 494.1 507.5 519.2 519.3 504.7 481.1 459.3 449.1 442.2 434.9 424.7 417.8 412.6 404.6 398.8 384.5 375.8 371.9 369 366 362.7 365.7 364.2 360.7 357 351.6 346.5
359.2 353.3 345 336.6 322.1 306.5 300.8 291.4 286.3 281.7 277.2 277 276.1 275.6 275.8 281.1 283.3 285.5 290.2 295.8 298.1 299.8 302.2 307.5 312.4 316.9 323.1 334.1 342.4 339.3 342.5 351.6 358 362.9 370.7 381.2 382.1 385.8 389.4 391.1 392.7 392 394 398.4 406.4 415.9 427.8 438 448.2 459 470.2 482.1 495.3 503.6 500.2 480.2 460.5 450 439.4 431.9 433.3 437.4 421.6 410.5 400.1 390.3 378.3 373 370.2 369.2 369.4 366.3 370.6 368.1 367.7 365.2 354.4 358.6
358.6 354.5 347.9 337.9 325.8 312.8 302.6 290.9 287.1 282.8 276.4 276 275.5 274.5 280.9 280.9 283.2 285.5 287.9 291.5 293.6 297.3 301.6 305 308.8 314.4 318.7 326.1 331.7 334.1 339.8 343.3 347.8 351.6 358 365 369.4 373.4 378 381 383.7 386 388.6 393.8 399.7 408.9 417.4 429.5 437.8 447.1 458.2 469.3 481 486.7 482.5 458.3 446.3 440.1 438.9 440 444 451.2 427.4 410.8 397.1 385.2 377.4 372.1 370 369.4 370.1 371.8 375.6 375.1 373.9 369 363.9 367.5
