webserver/python/data/NO26.asc
ncols 200
nrows 200
xllcorner 320000
yllcorner 760000
cellsize 50
[rows 35 to 69 of 200, columns 0 to 77 of 200]
483.9 504.9 528.3 549.5 569.4 588.7 604.2 616.8 628.6 639 645.4 647.8 644.3 636.8 634.3 636.6 638.5 638.5 637.7 632.1 629.4 632.8 637.7 640.3 646 651.8 651.6 641.4 618.2 596.6 576.6 561.9 553.6 551.1 552.9 552.9 548.3 539.6 530.6 518.6 506.3 490.8 482.2 492.5 501.4 515.1 525.3 534.9 545.1 550.5 547.4 539.8 525.7 509.3 495.3 479.7 468.6 456.2 447.4 439.2 441.2 451.2 461.8 474.3 488.9 502.5 519 537.8 556.1 574.1 593.4 607.5 618.7 627.1 633.7 635.5 634 628.3
496.7 516.7 538.7 559.5 578.7 596.7 612.7 627.5 640.7 650.1 658 664.6 664.8 658.5 654.8 656.5 659.3 659.6 654.8 648.3 646.5 649.5 653.6 655.5 657.8 659.3 655.1 636.3 611.3 589 569.5 556.5 552.8 552.4 555.9 553.9 545.1 535.3 526.7 514.1 501.4 488 479.6 488.2 501.9 513.8 524.3 537.9 548.1 550.3 544 536.4 522.9 504.5 489.1 476 464.1 453.1 444.9 437.9 439 449.6 460.9 474.6 489.6 505.2 521.6 538.9 555.9 573.8 591.3 604.8 616 624.9 631.2 632.9 632.7 627.5
507.7 528.9 550.7 571.4 588.6 604.2 622.7 639 651.8 661.7 672.9 680.7 682.9 680.7 677.5 677 677.8 677.9 674.1 666.5 666.3 668.5 671.1 670 668 665.1 656.3 630 605 582.2 563.9 551.6 550.7 551 553.2 547.1 536.5 525.3 516.4 506.8 493.3 483.5 477.3 485.1 500.3 513 525.1 539.1 547.7 549.6 544 537.4 521.9 501.7 483 470.2 459.2 449.9 442.4 436.9 438.5 449 460.9 475 489.1 505.3 522.1 539 556.8 574.1 589.2 601.1 611.2 620 625.9 626.4 628.4 625
518.4 540.1 562.2 580.4 595.4 612.6 631.7 649.2 661.7 673.9 687.7 696.6 699.1 700.1 700.9 697.7 697 696.3 692.8 687.4 686.6 686.2 685.9 682.5 675 668 650.5 621.7 597.4 574.7 559.4 549.4 548.3 547.5 544.9 534 526.7 514 505.5 496.6 484.9 477.8 477.2 484.2 497.5 513 525.4 536.5 543.5 543 538.8 532.5 515.7 497.3 479.2 464.7 454.9 445.1 439.2 434.8 440.2 450.2 461.2 475.2 489.7 505.7 522.8 539.4 556.1 571.8 585.5 596.4 605.4 612.3 617.7 619.1 619.6 618.7
526.1 548.8 568.3 584.8 603.5 620.3 638.5 657.5 671.9 684.5 699.4 707.8 712.7 716.7 720.3 718.8 717 714.2 709.9 708.2 705.3 704.1 701.7 692.6 680 667.5 641.4 611.3 588.9 569.2 555 546.5 544 541.4 533.1 518.3 510.7 500.3 493.6 484.6 477 471.8 477.7 487 499.8 513.8 524.5 533 537.6 536.4 530.3 523.4 508.9 493.2 475.9 460.3 450.1 440.5 434.5 433.4 442.1 451.2 460.8 477.6 493.8 508.6 523.3 538.7 554.3 569.9 582.8 592.2 599 604.9 607.8 609.7 609.3 608.7
532.3 551.2 569 589.3 608.4 625.6 644.7 663.6 677.5 692.1 706.7 716.3 722.5 729.4 732.3 731.4 729.9 725.2 722.6 722 721.3 718.8 710.8 697.1 679.8 661.2 631.9 602.7 583 564.5 550.3 543 538.8 532.4 515.5 503 495.4 487.3 480.3 475.9 471.2 472.8 479.2 491.3 504.4 515.2 523.9 529.1 532.2 531.1 519.5 509.4 496.5 483.4 467.1 453 442.8 435.9 429.8 433.8 442.4 453.3 465.8 480.8 496.8 511.5 524.6 537.8 552.5 567.4 580 588.7 594.1 597.5 598.3 599.5 598.5 597.5
534.8 551.7 571.2 590.1 610.6 630 648.7 665.2 680.7 698.4 711.5 720 728.5 734.8 738 738.9 736.4 732.5 730.7 730 727.4 722.2 713 696.5 672.8 648.2 619.7 595.1 578.3 559.8 544.8 538 531.4 519.2 501.4 488.9 482.8 477 472.2 469.2 466.2 471.8 482.5 495.4 506.1 514.9 521.5 523.8 524.3 520.5 509.3 495.7 483.6 472 458.2 447.2 436.9 431.2 427.6 435.8 442.3 457 470.6 485.2 499.7 512 523.2 536.5 550.9 566.7 579.1 586.2 590.3 591.4 589.9 589.2 588 586.3
533.7 550.7 569.3 588.8 610.5 631.1 650.7 669.2 683.4 699.5 710.1 721.2 729.5 735.2 739.3 738.2 735.2 733.3 734.1 732.5 729.1 722.9 710.5 690.6 660.9 633.3 608.9 589.2 571.6 556 543.3 534.5 523.6 504.7 489 479.9 474.5 469.6 466.5 464.6 464.3 472.5 484.5 496.6 506.2 515 519.1 521 516.2 509.8 499.4 482.6 472.1 461.7 450.9 440.6 431.9 425.9 426.4 437.6 445.9 460.1 474.8 488.8 502.6 515.2 526.4 539.1 552.9 567.4 576.7 583 585.5 585.3 583 578.9 577.1 576.2
535.1 551 568.4 587.6 609.4 630.5 649.6 665.5 681.4 695.8 707.5 718.2 726.7 733.3 733.3 730.9 731 732.9 734.4 733.3 729.7 721.1 707 680.6 649.7 627.3 604.5 585.2 567.9 553.7 540.3 528.2 513.9 492.9 480.4 472.5 467.1 464.8 462.2 460.1 464.5 473.3 485 495.1 504.1 511.6 516.1 515.9 508.6 496.9 486.9 475.4 464.6 454.5 444 433.6 427.5 422.5 430.6 440.3 450.7 463.3 477.7 492 505.9 518.9 531.5 544.1 556.4 567.2 574.4 579.5 580.3 578.6 576.5 572.1 568.7 566.4
535.2 553.9 569.8 586.8 605.4 624.6 643.6 660.8 678 692.8 703.4 713.1 722.9 724.3 723.1 721.5 726.2 728.7 731.1 730.6 726.4 716.4 702.5 674.6 643.6 622.3 601.3 580.2 563 549.8 535.8 524 504.1 486.4 474.8 466.7 461.2 460 457.2 460.1 463.3 472.5 484.2 494.1 502.7 508.9 511.1 510.2 496.2 486.7 477.8 467.1 457 446.9 436.6 428.5 422.5 422.1 432.8 443 453.7 466.6 481 495.7 509.4 522.2 535.7 549.1 559.1 567.3 573.5 575.8 574.6 572.2 569.4 566.1 561.5 554.3
545 559.5 574.7 589.2 605.2 623 641.3 658.8 675.5 688 697.6 707.5 713 715.4 713.7 715.3 721.4 725 727.6 727.1 722.5 711.9 696.7 668.9 640 620 598.3 575.5 557.6 543 528.8 518.4 494.7 480.8 469.5 461.9 457.5 455.9 455.3 459.8 463.4 469.3 482.3 494.7 501.8 503.9 505 501.7 494 482.5 469.7 457.5 447.9 438.8 430.2 423.8 419.6 419.4 432.7 443.8 455.8 470.1 485 499.7 513.4 526.2 539.3 553.2 561.9 567.8 571.7 573.1 571.9 567.7 562.7 560 557.2 548.2
550 564 581.5 596.9 613.5 629.8 645.1 660.3 674.8 686 694.9 703.3 705.9 707.2 707.3 709.5 716.1 720.7 722.9 722.6 718.3 708 690 663.6 635.3 614.9 593.9 571 551.3 534.9 522.4 507.3 489 475.4 465.7 459.1 454.9 452.9 452.8 458 463.3 471.5 479.7 491.6 500.6 501.7 500.4 497 489.6 476.2 464 450.6 438.4 432 425.4 419.7 416.8 424.1 433.2 443.3 455.8 471.5 488.7 504.1 517.1 529.8 540.4 553.9 564.3 569.5 571.6 571.1 568.3 561.8 556.4 551.5 549.4 543.3
552.2 569.2 586.6 603.2 619.5 636.9 650.3 664 676.9 686.9 693.4 700.3 703.1 701.3 702.1 703.8 710.5 714.1 716.8 716.2 710.6 700.9 687 661.6 634.9 609.9 588.4 566 546.3 529.9 517.6 499.4 486.1 473.1 463 457.4 452.6 449.3 449.9 456.3 462.5 474.2 480.7 489.6 503.7 504.9 494.9 490.4 482.8 470.6 457.9 444.2 433.6 426.4 421.5 417.2 414.4 424.1 431.2 443 456.6 472.3 489.8 506.4 518.5 531 541.6 550.7 564.4 569.8 569.6 567.9 564 556.1 548 540.9 539.6 535.3
553.5 571.3 589 608.6 627.9 645.9 657.1 667.6 677.2 685.2 692.1 696.9 699 697.3 696.9 698.4 703.7 706.5 708.3 707.6 701.5 692.2 679.5 657.6 634.6 610.6 586.6 564.5 543.7 526.5 513 495.7 483.5 472.4 461.2 454.6 450 446.4 448.8 453 463.4 473.3 482 495.9 508.3 507.1 494.8 485.3 475.9 464.8 451.3 438.5 431.5 423.7 419.1 415.1 412.6 423.1 429.3 441.7 456.4 471.3 488.8 505.3 516.7 528.6 539 547.8 558 564.9 563.4 562.3 558.7 549.8 540.5 534.4 531.9 531.2
555.4 572.2 592 615.8 633.3 649.8 661.6 671 679.2 684.9 690.4 693 694.5 693.6 692.7 693.9 697.2 699.1 699.1 696.3 689.6 681.6 669.1 653.4 635.1 612.8 588.2 565.5 544.2 526.7 513.9 497.7 484.7 469.8 459.4 453.3 448 444 446.3 451.5 462.3 472.9 487.5 502.5 511.7 508.1 494.2 483.6 471.4 457.8 446 435.7 429.3 421.7 416.3 412.4 415 422 427.5 439.3 455.6 470.2 485.8 501 514.2 525.2 534.6 543.1 550.5 556 556.7 555.7 550.5 542.7 534.8 528.3 524.1 525.9
555.5 572.7 593.3 617.1 635.5 651 662.1 671.3 678.9 684.8 687.7 689.9 690.2 689.5 689.1 688.9 691 690.8 687.3 682.2 676.2 668.1 655.9 645.1 631 614 591.8 571 549.9 531.3 519.3 502.7 486.6 469.5 458.1 451.7 446.5 441.7 443.1 448.4 461.8 475.9 491.7 504.6 511.6 509.3 493.3 481.5 467.8 455 440.9 432.4 426.8 420.6 414.9 409.3 415.1 419.8 424.9 439 454.5 468.1 481.5 495.1 509.4 520.8 530.1 536.9 543.3 548.4 549.7 547.4 542.2 534.2 527.2 521.7 518 519.7
555.5 572.6 594.3 616.7 634.6 650.5 661.4 669.5 676.6 681.4 686.1 686.5 687 686.5 685.4 683.3 684.1 680.9 673.1 666.6 659.9 651.4 642.1 634 624.3 611.7 594.3 575.4 554.6 535.4 523.4 505.7 486.3 469.9 456.6 449.3 444.3 440.1 441.9 449.2 461.6 479 491.9 503.7 509.6 506.1 493.1 478.1 465.4 452.8 440.5 429.9 423.9 418.7 413.7 407.7 413.8 418.4 425.9 439.5 452.5 465.3 477.4 488.9 502.6 515.9 525 532.3 537.8 541.4 541.7 538.7 531.9 525.2 520.4 516.1 512.2 512.8
558.5 574.9 594.6 614.7 631.9 648.9 659.8 667.6 674.8 680.6 684.6 685.9 686.4 684.3 683.5 679.4 674.8 668.8 657.8 648.6 638 628.7 625.9 620 614.6 605.9 590.7 574.5 556.2 538.5 523.8 504.8 485.3 469.5 456.3 447.8 442.3 437.4 440.1 447.9 461.5 478.6 489.6 500.1 506.6 503.8 489.1 476.1 462.7 449.9 440.1 430.4 422.8 418.2 413 408 410.9 417.2 427.4 438.7 450.9 462.2 472.7 483.6 496.8 510.7 521.8 529.3 534.2 536.9 533.9 530.9 525.2 518.2 513.1 510 506.9 506.1
567.4 581.9 598.9 617.1 633.5 648.6 658.6 667 673.3 678.8 683.1 684.3 683.2 684.3 681.8 676.2 666.7 653.6 637.6 625.8 613.2 606.4 605.5 605 602.5 595.6 583.1 570.6 555.2 537.5 523.1 502.9 484.4 467.9 456.8 447.4 441.4 435.3 438.4 445.1 458 476.3 486.4 495.8 502 502.4 485.7 473.6 460.8 446.9 437.6 430.1 421.5 416 411.7 405.9 409.3 415.9 426.3 437 448.6 459.3 469.6 479.4 492.1 507.3 517.8 525.4 529.5 530.8 527.8 523.9 518 510.7 506.1 503.6 502.1 500.4
579.2 593.9 608 621.7 638.5 650.4 659.1 664.9 670.5 675.5 679.7 682.7 684.2 683 678.1 671.2 659.8 641.5 616.6 603.8 590.9 586.2 586.2 586.4 587.8 582.2 574.6 565.5 551.8 534.6 520.1 502.2 483 467.6 457.7 447.9 440.3 434.8 434.5 439.4 452.6 471.2 482.2 489.8 496 494.5 484.7 472 459.1 445.9 436.6 428.6 420.3 413.7 409.5 405.6 407.1 415.3 423.7 434.1 446.5 456.7 465.8 477 488.4 503.1 513.5 521.4 524.7 524.7 522.2 518.6 512.1 505.3 501.2 498.6 496.1 495.6
593.1 604.5 615 628.2 642.8 652 655.7 660.9 666.5 672.2 678.4 682.6 684.7 681.2 675.3 665 648.9 627.4 605 584.6 571.1 567 566.7 567.8 572.4 569.8 565.5 557.1 543.6 530.9 517.1 500.9 483.1 468.2 458.1 449 441.7 435.6 431.4 435.1 445.7 461.3 475.7 485.1 491.6 491.9 485.3 473.2 458.6 444.8 435.8 426.9 419.5 413 407.9 403.4 405.2 413.9 421.1 430.7 442.3 452.4 462.7 474.2 485.1 497.8 508.5 515.3 519.1 518.7 517.6 513.6 508.1 502.4 495.3 491.2 490.2 491.4
602.9 612.4 620.5 632.3 643.3 647.2 651.4 657.7 662.8 669.2 677.3 682.7 682.8 677.7 670.4 657.3 636.4 611 591.8 571.7 556.4 549.6 548.8 550.8 556.6 558.2 552.9 547.2 536.4 525.4 513.3 499.4 486.7 471.6 459.5 450.5 443.1 436.6 430.6 432.4 438.9 451.4 468.2 477.7 484.7 486.6 481.9 473.7 461.8 446.5 434.7 425.6 417.2 410.5 406.2 401.4 405.9 412.6 417.9 426.2 438 449.2 459.4 470.3 480.8 492.4 502.9 509.5 512.9 512.7 511.7 509 503.2 496.2 487.8 485 484.7 488.8
610.5 618.2 624 629.6 637.2 640.6 646 653.1 661 668 675.8 679.7 678.3 672.9 664.4 648.6 623.7 599.8 580 562.2 546.8 534.9 532 534.1 540.3 544.7 540.9 536.8 528.4 520 510 500.1 487.5 474.5 463.5 452.9 444.1 437.4 430.6 428.8 434.2 443.3 458.2 472.5 476.8 478.8 475.6 471.4 460.9 445.9 432.1 423.7 415.7 409.4 403.3 400.3 404.4 411.1 415.7 422.4 434.3 445.2 456 466.1 476.6 486.3 497.4 503.3 506.7 506.7 505.2 502 496.4 488.5 483.3 479.2 478.3 483.5
613.4 619.5 621.4 625.1 630.8 634.9 641.1 649.9 660.6 668.8 674.4 676.1 673.1 666.9 656.9 636.6 610.5 589.2 570.2 553.4 539.1 527 518 519.1 523.8 529.4 527.8 525.3 520.5 514.5 507.7 499.5 488.6 478.2 469.4 457.7 447.3 438.2 432.3 426.7 430.7 435.4 445.2 456.8 467.5 470.9 470.4 468.8 458.4 444.2 430 421.9 414.1 407.9 402.6 398.9 403.7 406.5 413.8 419.9 431.1 442.1 452.8 463 472.7 480.8 490 497.2 500.7 500.6 497.7 494.1 489.4 483 477.6 473.8 474.3 479.2
612.9 614.4 615.7 618.8 625 631.3 639.7 649.8 660.4 668.9 671.1 671.9 668 660.3 646.7 624.1 600.4 581.2 560.9 545.8 532.1 519.1 507.4 505.6 507.7 515 516.5 514.3 513.4 509.8 505.8 497.8 489.2 483.3 472.5 461.1 449.9 439.9 432.5 424.4 426.2 430.7 436 442.6 453.8 463.3 464.9 462.5 455.6 442.8 430 420.2 414.1 407.9 401.6 396 399.9 403.9 410.9 416.9 427.9 438.9 449.6 459.6 468.4 476.6 484.2 491.2 494.4 494.5 492.1 488.5 484.7 478.7 473.4 469 469.8 475.5
607.9 607.6 608.2 610 620.8 629.5 640.1 652.8 662.6 668.6 668.5 666.9 661.5 651.4 635.9 612.7 590.5 570.2 550.7 536.4 523.6 511.5 501.2 494.4 495.6 500.5 503.4 504.7 505.3 506 503.9 498.4 493.6 487.9 477.1 464.8 453.3 441.8 433.3 428.2 421.2 424.7 430.2 436.1 442.4 452.7 460.4 457.5 451.4 441.2 429 419.4 413.8 408.2 402 395.2 397.5 401.9 407.1 413.4 424.7 435.8 445.6 454.7 464 472.8 479.6 485.7 488.4 488.5 486.5 483 479.5 474.4 469 466.3 466.8 471.6
595.8 596.3 599.4 606.3 618.2 630.3 641.4 653.2 661.4 663.9 662.1 658.8 651.7 639.1 623.3 602.8 580 558.8 541.5 527.3 515.5 505.2 492.7 483.6 485.6 488.9 492.9 495.3 497.8 500.2 500.1 498.5 496.7 491 481.9 469.2 455.5 443.3 433.5 429.6 423.8 419.4 423.2 429.2 436 443.1 452.1 451.6 446.6 439.6 427.4 419.1 413 407.7 401.8 395.4 395.1 399.2 404.1 409.8 421.1 431.8 440.9 450.2 459.1 467.8 474.6 480.6 483.7 484 482.1 478.5 474.9 469.6 465.5 462.9 464.2 467.6
583.1 586.1 598.6 607.5 616.9 629.6 641.3 651.6 657.6 656.2 652.9 647.7 639.1 627.1 612.4 591.3 569.2 549.6 532.9 520.2 508.9 496.6 487 477.7 478.3 479.8 482.8 486 489.3 492.8 494.7 497.7 499.1 494 486.1 473 459.1 447.3 436.5 430.2 423 415.1 416.8 421.4 427.9 435.8 442.7 445.6 441.9 435.6 426.9 420.3 412.9 407 401.8 395.1 392.8 396.5 401.3 405.9 416.2 426.5 436.1 445 453.9 461.8 468.8 475.4 479.4 479.2 478.1 474.6 471.3 465.7 462.5 460.2 461.3 465
576.3 589.1 600 610 619.3 630.3 640.8 649.5 652.1 647.8 643.4 635.2 625.7 614.4 597.9 577.8 559.9 541.4 526.4 514.1 500.9 490.1 481.3 473.3 471.6 473.4 475.4 478.1 482.1 486.8 490.9 495.1 497.8 496 488.9 476.3 463 449.5 438.6 430.5 424.2 417.1 412.3 415.6 420 427.2 434.5 438.4 436.3 431.4 427.5 421.9 415.1 408.4 402.5 396.1 391.7 392.7 397.4 401.8 410.9 421.2 430.5 439.5 448.6 455.9 463 470.1 474.5 475.1 473.6 471.1 467.1 462.8 459.8 457 458.3 462.3
580.1 592.2 604.6 615.7 624.7 635.2 644.3 648.2 646.2 639.8 631.4 622.2 612.5 600.3 583.6 566.8 552.2 536.7 521.4 507.9 494.9 484.4 476.6 470.2 464.7 466.7 468.7 471.2 474.8 479.8 483.8 491.3 496.1 496.9 490.9 479.2 465.7 452.2 441.2 432.7 425.4 417.5 411.5 411 415.8 420.7 426.4 431.5 431.8 430.3 428.5 423.7 417.5 410.4 404 398 390.2 389.2 394.1 398.6 406.2 415.6 424.7 433.7 442 450.2 457.4 464.7 470.5 471.5 471.1 469.3 464.8 460.9 458.1 454.8 455.8 457.8
583.9 598.4 611.6 623.1 632.1 640.1 644.6 644.6 638.5 627.9 617.7 608.7 597.5 583 570.6 558.1 545.1 529.2 514 500.1 488.9 479.1 471.9 466.2 461.4 460.4 462.5 464.7 468.3 472.7 478.3 485.5 492 495.2 492.4 481.5 467.9 454.7 444.4 436.4 425.4 417.6 411.2 408.6 411.4 415.1 420.6 427 430.9 430.1 429.2 426.5 419.5 412.4 405.2 398.3 393.7 388.1 390.7 396.3 402 410.6 419.2 427.4 435.8 444.3 452 458.8 463.7 468.7 470.1 468.5 464.1 459.9 456.5 452.3 452.9 454.6
587.4 603.5 617.4 630.8 639.9 641 641.9 638.3 628.2 615 602.6 590.9 578.2 568.8 559.9 548.4 536 521.8 507.9 495.9 485.4 476.5 468.7 463.1 457.6 455.5 457.5 459.6 462.5 465.7 472.4 480.9 488.4 492.8 490.6 484.1 468.8 456.2 447.2 438.7 425.6 417.7 411.5 406.8 407.9 410.9 415.6 423 429.5 430.8 430.5 428.1 421.6 413.3 405.2 397.7 393.7 387.9 387.8 393.8 398.6 405.8 413.9 421.7 430 438.2 445.9 451.8 460.1 465.3 468.9 467.3 463.8 460.2 456.2 452.3 449.5 452.2
586.8 605.5 621.4 633 641 640.9 636.6 627.4 616 601 585.1 570.9 561.1 554.2 545.8 537.2 524.8 514.1 504.5 494.2 483.5 472.5 465.6 459.8 454.6 451.6 452.8 454.5 457.5 460.9 466.4 475.5 483.9 489 489.4 482.8 470.8 458.7 449.1 436.4 425.4 418 411.8 407.6 405.3 408.8 412.2 419.9 426.7 431.5 431.6 429.1 422.6 414.2 405.7 397.9 395.1 389.7 383.4 390.4 395.7 401.8 408.6 416.2 424.3 431.8 439.4 447.2 455.9 462.8 467.6 467.6 464.1 460.4 456.1 451.7 446.3 450.4
587.7 605.8 619.2 629.9 637.4 635.7 628 617.9 604.8 585.8 567.8 555.8 547.5 539.9 532.2 524.4 514.6 508.3 501.8 492 481 469.6 461.6 455.6 450.6 448.1 448.5 449.8 453.2 456.4 461.1 470 479.1 485.5 487.5 482.3 473.5 461.5 449.9 436 425.9 417.7 411.8 407.1 403.8 405.9 409.6 418.2 423.5 430.6 432 430.2 424.7 416.5 407.7 400.4 395.7 389.5 382.2 386.7 392.7 397.4 402.2 409.4 418.2 425.7 435 443.7 452.7 460.7 465.5 466.6 464.5 460.1 455.9 451.1 445.7 445
581.8 600.4 613.6 624.3 628.9 627 621.7 611.9 593.8 572.9 552.5 540.7 533.2 526.7 517.1 512.7 506.6 502.3 496.7 488.3 477.8 465.3 457.3 451.9 447.2 444.9 444.8 446.3 449.7 452.9 456.8 465.1 474.5 481.9 484.8 483.6 477.7 463.1 451.7 435.6 425.7 418.1 411.4 407.4 404.3 403.5 407.9 413.5 420.6 428.8 432.3 431.9 428.2 420.3 412.3 403.2 396.9 391.7 381.4 382.7 389.2 394.3 399.9 406.5 413.3 421.9 430.9 440.1 450 459 464.3 467.1 465 460.6 454.9 449.6 444.8 441.1
