webserver/python/data/NO28.asc
ncols 200
nrows 200
xllcorner 320000
yllcorner 780000
cellsize 50
[rows 34 to 67 of 200, columns 76 to 151 of 200]
728.7 726.4 725.7 727.5 733.9 743.5 753.6 764.5 779.4 796.3 813.1 830.8 842.4 841.4 828.3 812.8 796.3 788.3 778.2 767.3 754.9 741.4 727.9 712.4 697.3 675 657.2 642.6 623.3 611.4 606.2 602.2 597.5 594.3 588.9 583.8 579.5 576.8 573.9 573.1 571.5 568.7 564.6 561.3 558.8 557.2 555.2 552.3 550.4 548.7 540.8 538.6 536.2 530.8 534.9 531.9 529.3 528.1 526.9 527.4 527.7 528.3 532.1 535.8 536 536.7 541.1 546.5 557.8 568 577.5 588.1 594.9 599.6 604.3 607.9
738.1 733.9 733.5 735.3 738.2 747.8 758.6 769.3 783.6 801.5 821.6 841.8 851.9 849.4 840 824.1 810.6 800.2 791.4 781.8 769.9 757.2 743.2 727.2 709.3 690.5 666.7 646.4 627.7 615.6 609.7 605 601.4 597.3 592.7 588.3 584.3 581.7 580 577.4 576 574.1 571 568 564.2 561.8 560 557.8 552.2 549.2 543.9 539 538.2 535.4 534 539.4 531.5 528.5 528.6 529.4 529.6 530.3 534.8 535.8 535.8 536.7 541.5 547 558.9 567.2 576.6 588.3 596.9 604 610.9 617.4
749.4 741.5 745 746 744.7 751.8 762.7 775 789.1 806.3 826.9 845.5 858.1 857.3 848.5 837.8 825.5 812.1 801.9 792.4 782.7 771.5 757.3 740.6 720.9 698.4 677 650.7 631.3 619.3 612.5 608 605.1 601.6 597.6 593 589 588.2 587.1 584.1 581.2 579 576.3 573.4 570.8 568.3 566 561.4 553.2 546.2 541.3 539.4 540.9 539.2 539.1 540.7 533.9 532.7 533.8 534.3 529.6 534.3 536.6 536.8 536.6 538.1 542.2 547.8 558 567.8 578.3 589.2 599.4 608.6 617 625.1
766.2 759.4 757.8 755.6 752.8 758.1 765.8 779.2 793.9 812.5 831.9 847.9 858.7 859.8 852.5 842.6 833.3 821.4 808.7 800.5 790 780.8 766.4 748.8 727.7 706.6 683.9 656.7 635.6 621.2 615 611.1 607.1 604.1 600.6 598.1 595.9 595 593.8 589.5 587.2 584 580.4 576.9 574.3 572.1 570.5 566 556.1 549.1 545.8 541.2 546.6 544.1 544.3 539.3 538.1 536 536.5 536.5 535.7 535.3 538.2 538.8 538.9 539.6 543.2 548.7 558.7 569.4 579.6 590.2 601.5 612.5 619.2 628.3
782.3 782.4 773.7 767.3 762.5 764.9 771.5 783.9 799 815.9 834.3 849.8 856.2 855.5 850.6 843.6 834.3 823.5 813.7 804.5 794.6 784.5 770.5 753.3 732.6 711.3 688.1 659.3 639.7 627.1 617.3 613.1 610.2 606.5 603.8 602.2 602.3 601.7 599.2 595 591.9 588.7 584.9 580.9 576.1 572.8 568.6 562.8 555.2 549.8 548.6 548 549.1 549.1 547.1 540.2 538.9 538.4 538.8 538.5 538 537.8 539.3 542.9 541.8 542.6 546.4 552.9 562 570.9 580.2 590.5 601.8 611.2 619.8 632.7
794.9 795.9 790.6 782.9 775.4 775.7 777.6 787.4 802 817.6 835.2 848.7 851.6 850.7 846.8 840.5 829.9 822.4 814.3 804.2 794.1 784.5 770.1 752 732.7 713.5 689.5 663.6 643.4 629.8 620.3 617.6 613.1 609.8 609.2 608.8 608 607.5 603.4 599.1 595.6 592.8 588.3 583.4 578.1 572 565.6 559.3 553 549.5 548.2 549.3 550.8 550.2 550.8 540.4 539.8 543.2 542.2 541.5 541 540.6 543.5 546.9 547.4 545.9 550 557.5 564.6 571.8 582.3 592.8 602.9 612.7 624.2 639.4
807.4 807 805.2 800.7 790.8 786.6 786 790.8 803.2 817.6 832.9 843.6 847.7 845.4 841 832.5 825.3 818.3 808.1 798.2 788.2 778.4 764.6 747.1 730.6 710.5 689.7 665.2 645.4 632.5 621.5 615.5 614 617.6 617.2 616.4 615 611.6 608.2 604.1 600.4 596.8 592.1 586.4 580.5 572.4 565.4 559 553.3 549.4 548.3 549.6 549.9 545.6 545.4 539.7 541.9 545.4 545.8 544.3 544.1 544.1 544.6 547 547.4 548.6 554.9 560.1 565.3 573.6 583.8 595.2 604.9 615.4 630.6 642.8
816 817.3 817.7 814.2 807.1 801 797.1 798.6 805.4 817.5 829.5 838.4 841.9 839.6 833.6 826.7 820.4 810.8 801.4 791.7 779.5 768.8 754.7 741.3 724.4 706.8 687.1 664.8 646.1 633.8 629.2 623.2 619.5 619.4 618.4 617.8 616.9 614.4 611.7 608.9 605.6 601.3 597 591 583.1 574.8 567.4 560.5 556 551 549.7 550.2 548.9 545.3 545.9 545.4 548.5 550.1 549 547.8 548.2 548.6 548.2 548.7 549.8 554 559.9 564.8 569.8 578.5 587.7 596.7 607.6 619.2 634.1 647.3
824.3 829 829.5 827.4 823.5 815.3 809.5 809.7 812.8 820.6 828.8 835.1 837.4 835 830.5 823.1 814.8 804.2 794.2 784.1 773.4 761.3 749.1 733.8 720.8 701.1 682 668.5 653.2 643.2 635 630.5 624.7 623.4 621.7 620.6 619.3 617.2 615.3 612.4 609.1 605.8 602.6 597.3 589.6 580.6 573.1 567.8 562.9 557.7 555.6 552.3 550.8 548.8 548.9 552.3 549.1 548.5 553.1 552.3 553.6 552.6 553.1 554 554.6 558.9 564.4 568.4 573.7 580.6 589.6 597.8 608.2 623.3 638.2 651.6
835.2 839.4 839.9 840.7 836.8 834 825.9 823.2 823.7 828.2 832 835 836.6 834.7 830.2 822 813.3 799.4 789.6 779.8 766.7 756.4 746.1 734.1 723.8 708.6 694.7 678 661.6 650.6 639.6 634.6 628.9 627.1 625.4 624.3 624.1 621.8 619.4 615.7 612.5 610 608 603 596.6 589.5 583.4 577.6 571.4 563.9 559.4 556.6 556.8 551.5 553.2 559.1 559.8 549.4 559.1 558.7 558.6 559.7 557.6 558.5 560.3 564.5 568.2 570.7 576.9 583.3 590.7 600.4 612.3 631.3 642.7 654.2
840.6 847.5 851 850.8 851.5 850.9 845.4 840.3 839 838.6 838.9 838.5 838.1 836.3 833.4 828.4 820.8 809.1 795.4 784.1 774.6 765.2 757.1 746.7 735.5 722.4 708.1 688.6 670.5 657 646.1 637.8 632.6 630.8 629.4 628.9 629.6 628.3 625.3 620.5 616.5 614.5 612.7 608.8 602.9 597.8 592.6 588 578.6 572.3 566.7 559.6 557 555 559.1 560.2 559.2 555.8 562 564.6 564.1 563 560 562.5 567.4 571.4 573.2 575.6 581.2 587.1 596.5 607.3 620.2 633.7 647 660.9
845.7 854.3 858.3 861.5 864.2 867.7 866.5 862.8 857.3 852.8 847.4 846.2 844 842.3 840 834.5 826.3 818.6 809.4 798.1 788.1 779.2 768.3 759.4 748.5 733.8 717.7 698.4 680.2 664.6 652.5 642 636.5 635.7 634.7 634.7 635.5 635.2 633 629.4 624.9 621.8 617.5 614.8 610.5 606 599.5 594.3 588.5 580.3 573.9 569 562.6 560.6 560.9 560.2 559.7 560.4 565.6 570.6 570.1 571.3 566.1 568.3 572.3 575 577.5 581.3 585.7 593.2 602.6 612 625.7 637.4 650.8 664.1
849.7 859 863.7 868.6 877.6 885.7 888.7 883.8 875.4 870 866 860.4 853.2 849.1 845.4 842.1 835.4 826.5 817.9 809.1 799.8 790.6 780.7 769.4 759.7 746.2 729.5 711.9 690.2 672.8 659.7 649.9 640.9 642.8 642.2 642.1 642.5 643.5 641.9 638.6 633.7 630.3 626.8 624.2 617 612.9 608.3 602.2 597 591.4 583.4 576.1 572.2 568.9 568.1 567 565.7 566.7 570.3 575 578 577.2 569.6 571.3 574.6 578.3 581.9 585.4 591.9 601 607.9 619.7 631.5 641.6 653.2 668.6
852 860.5 866.6 874.6 889.1 902 910.9 904.9 895.2 886.2 880.5 873.8 866 858.5 853.4 849.5 843.6 835.5 827.2 819.5 810 798.8 790.1 782.2 771.6 760.4 741.7 723.8 701.4 683.8 669.2 659.7 651.5 651.9 651.2 650.6 651.3 653.2 651.5 647.5 642.9 639.5 636.8 633.2 630.9 622.6 618 612.3 605.6 600.5 594.8 584.9 579.3 577.6 575.2 573.9 570.9 570.3 576.1 580.4 584.3 579.4 570.5 575.8 579.2 581.7 585.2 590.3 597.6 605.1 612.8 624.5 634.3 644.5 655.9 670.8
852.3 860.6 871.2 884.3 900 915.7 926.4 923.9 913.7 901.4 893.1 887.6 878.3 867.6 860.2 854 848.5 840.9 833.9 826.3 817.7 808.9 801 792.3 785.3 773.3 754.4 736.3 717.4 696.4 680.4 669.7 662.5 662.5 659.2 660.9 662 662 659.6 656.4 651.8 647.7 646.1 644.2 639.7 634.1 626.2 619.6 614.5 609.1 601.1 592 586 583.7 581 579 577 579 584.6 588.7 588.3 578.8 576.8 580.3 585.1 586.3 589.1 595.8 602 609.8 619 628.3 637.3 647.2 658.8 674.4
854 863.1 874.5 890.4 906.1 925.3 936.8 935.7 926.8 915.4 905.2 897.2 888.6 875.6 864.7 856.4 849.3 842.3 835 828.2 821 815.5 810.3 803.3 794.1 784.1 769.4 748.6 729.1 712.1 693.8 679.7 676.5 674.6 672.5 670.9 668.6 668.9 665.6 661.8 657.3 656.2 654.7 652 646.3 639.7 632.1 625.2 619.6 614.4 606.5 597.4 591.6 589.1 586 586.2 582.5 584.7 590.3 592.1 588.1 582.3 579 584.8 590.1 591.4 594.8 600.6 607 613.1 623.1 630.8 639.7 651.3 662.4 674.6
851.1 861.8 876.2 892.7 908.5 926.9 943.1 945.4 939.2 929.2 917.3 904.9 894 881.7 868 859.1 848.3 841.6 834.6 827.7 822.1 818.6 814.1 809.9 800 792.3 779.2 761.1 737.5 719 705 691.8 685.9 683.4 682.5 681.6 679 676.1 673.4 668.2 666.8 664.5 662.8 657.9 650.4 643.2 638.1 631.3 624.6 618.1 610.2 602.6 596.7 594.6 591.1 590.5 587.1 589.9 594.2 593.1 589 586.1 579.8 587.9 594.2 597.7 601.1 603.8 611.8 620.4 627.3 635.3 642.4 653.7 664.9 676.6
847 859.2 875.3 889.4 905 924.3 945.7 956.9 953.6 940.8 927.5 912.5 897.8 885.4 869.2 859.7 847.7 837.1 829.3 823.1 819.3 814 812.2 810.8 801 795.7 782.2 765 743.8 723.6 711 698.7 693.6 691.3 690.5 690.5 688.7 686.5 683.7 681 677.1 672.8 670 662.9 654.9 652 647.9 640.2 632.4 624.4 615.3 609.3 605 601.9 599 597.4 594.9 595.4 597.7 596.8 592.6 590.5 587.1 589.2 598.3 602.5 605.7 610.9 618.1 626.9 631.8 641.1 647.3 657.4 668.7 678.1
843.4 856.3 872.9 888.7 902 918.6 941.1 955.9 960.3 950.4 934 918.7 902.6 887.3 871.4 857.1 843.9 831.5 822 812.2 808.1 804.2 801.7 800.1 796.2 788.9 776.3 759.5 740.5 724.3 713.6 705.6 700.1 696.8 699.5 699.6 699 697.3 694.3 690.2 685.9 682.6 679.3 671.2 664.8 660.9 656.6 651.8 642.7 634 626.1 618.5 612.9 608.9 600.6 597.9 597.8 597.4 597.7 598.2 599 597.3 593.3 589.5 599.9 605.3 609.8 616.6 624.6 632.3 639.5 645.7 651.7 660.9 670.4 679.5
840.5 852.8 871.4 886.6 900.9 920.6 937 949.9 963.1 961.1 942.5 925.5 905.7 888.5 871.8 853.5 839.9 825.3 812.8 804.5 797.9 793.8 789.4 785.6 781.7 774.7 765.5 751.4 734.8 723 716 711 707.6 710 709.9 709.9 708.1 706 702.1 697.7 693.4 689.5 687.3 685.5 678.2 672 665.8 661 653.9 645.2 634.5 623.7 614.8 609.7 603.9 601.2 601 601.2 601.7 603.3 604.1 603.4 600.4 596.6 600.2 607.3 613.2 621 630.2 636 644.8 653.9 662.3 669.7 674.2 684
836.7 851.4 867.7 883.2 900.6 917.5 932.4 945.7 958.1 964.9 946.4 932 909.3 890 869.3 854.1 835.6 820.7 808 799.1 791 785.8 780.3 774.9 768.9 762.2 753.5 742.2 733.3 725.2 721.1 719.6 719.9 721.7 720.4 718.7 715.9 712.4 708.1 704.1 700.1 696.9 696.2 694.7 693 685.6 676.9 668.3 661.6 650.7 637 626.8 615.8 609.5 604.9 604.6 605.1 606.3 607.9 609.5 608.9 607.7 606.3 601.2 601.8 610 616.5 624.3 633.8 643.7 657.1 667.1 674 678.6 683.7 688.4
831.9 844.7 863.2 878.6 895.5 911.2 925.9 941.3 957.8 960.3 945.4 931.6 910.5 890.7 869.6 850.2 832.5 817.5 803.1 795.2 788.3 780.1 774.5 768.4 761.9 753.4 746.1 739.3 733.8 728.8 727 728.3 728.1 730 729.8 726 722.1 717.5 713.2 708.8 705.3 703.1 704.1 703.7 701.6 695.4 687 679.4 668.3 657.7 645.6 634.3 623 613.8 609.4 609 609.4 611 612.8 613.9 613.7 612.8 611.6 607.3 606.3 614.1 621.9 628.9 641.2 654.7 669.7 678.4 686.1 692 694.4 697.9
825.8 840.7 858.3 873.6 889.1 904.4 921 938.4 956.5 963.5 943.4 928.1 909.4 888.6 866.1 846 830 813.7 801.5 792.9 785.3 778.4 770.1 762.5 756 748.7 743.1 739.9 735.3 733.6 733.6 736.8 738.3 738.3 735.9 731.4 725.6 720.9 716.4 711.8 709.6 708.2 709.8 713.4 712.4 704.4 695.6 687.2 675.7 664.2 650.4 641.6 630.5 619.2 614.6 612.4 613.3 615.8 617.6 618 618.2 616.8 615 611.1 609.4 617.8 625.3 634.1 643.9 662.6 679.8 690.2 697.4 702.5 704 705.3
822.6 838.5 855.1 868.4 882.7 900.6 918.8 933.7 955.7 958.8 941.8 927.5 906.5 884.9 864.2 842.2 825.7 812.5 801.8 793.3 784.1 776.6 768.6 760.3 751 748.7 744.6 739.6 738.1 738.7 741.3 744.1 745.8 745.6 741.3 733.8 726.4 720.8 717 714.5 713.8 714.9 718.4 721.5 720.2 711.4 700.8 691.8 681.8 671.8 658.4 646.2 635.3 626.2 620.8 617.7 617.3 619.9 621.7 622.1 622.5 621.2 619.5 615.4 611.8 621.1 628.6 635.9 646.4 668.4 688.4 701.4 709.5 711 711.1 710.4
823.1 835.9 851.1 865.2 878.7 895.1 913.5 929.9 950.4 948.2 936.5 922.9 903.3 878.1 860 839.7 821.8 810.5 801.7 793 783.8 775.3 767.1 759.6 750.5 746.7 746 740.8 743.1 748.3 752.4 752.8 752.5 750 741.3 730.5 724.7 720.7 719.2 717.6 717.3 721.7 726.6 726.7 724.2 713.7 704.3 694.4 683.7 673.4 662.1 650.9 640.7 630.5 624.7 621.1 620.4 624 625.7 625.5 626 626 623.5 619.8 619 625 631.4 639 646.9 670.2 691.6 707.8 714.8 716.1 716.4 717.7
830.3 840.7 854 864.4 876.4 891.3 909.3 924.5 937.4 935.5 931.4 917 896.8 872.9 850.8 834.8 821 811.6 802.3 792.9 784.7 775.6 767.6 760.1 750.6 747.9 746.7 747.6 752.6 756.9 760.6 760.1 758.4 752.5 740.6 728.8 723 721.5 721.1 720 719.6 730.1 729.2 731.6 733.1 725.1 711.9 697.6 682.2 673.9 663.8 654.8 646.5 639.6 631.4 627.1 624.9 628.3 630.6 630.1 630.6 630.7 624.7 619.9 622.8 628.8 633.5 640.7 649.2 669.2 687 704.6 714.8 717.2 721.2 724.3
845.1 854.1 860.4 867.8 878.5 889.8 902.5 915.1 922.1 924.8 921.5 910.4 889.2 865.6 845.6 832.1 821.2 811.2 802.8 794.2 786.9 778.4 769.6 762.9 756.9 752.4 751.3 754.7 759.8 764.5 766.5 765.2 761.6 751.2 737 726.7 722.2 722 722.4 723.2 727.2 731.3 735.9 739.7 740 730.2 714.6 698.4 680.3 670.1 663.7 657.3 651.2 645.6 639 632.1 630 631.8 635.5 639.9 640.8 638.7 630.9 619.1 630.1 633.2 636.6 642 650.4 664.8 680 697.2 708.4 716.3 723.4 730
863.4 867.8 873.2 878.6 883.8 892.7 900.5 907.6 909.7 913.1 910.6 898.5 881.1 859.9 842 829 819.7 809 802 795.6 789.3 782.1 775.1 769.6 763.6 758.9 758.9 762.9 767 770.8 771.7 769.1 763.1 751.7 736.9 726.3 721.9 722.7 724.1 727.6 729.6 736.9 744.3 748.9 746.9 734.5 719.8 702.8 684.8 671.8 663.4 656.5 653.7 650.4 646.9 641.8 636.2 636.1 638.8 642.7 645.5 642 632.9 625.9 633.2 638.5 641.1 643.9 649.1 661 675.3 690.8 703.8 713.9 725.7 733.9
878.7 881.7 886.1 887.8 893.2 900.5 902.8 902.6 901.9 901.8 894.6 883.3 867.3 850.7 835.2 822.8 814 809 803.1 796.7 791.2 785.1 780.7 774.7 768.7 765.2 765.5 767.9 770.7 775.3 775.7 772.7 764.9 753.6 738.7 727.6 727.6 727.6 727.9 731.9 735.1 745 754.3 755.9 752.3 736.1 722.2 705 688.2 675.1 665.6 658.7 656.1 654.2 652.4 648.9 643.9 641 641.2 645.8 649.7 645.4 633.9 631.1 637.4 642.8 644.3 644.7 649.2 659 673 686.9 700.2 711.7 726.1 736.5
891.9 893.9 897.3 900.3 905.3 907.2 907.4 903.3 899.9 892.8 882.8 870.7 852.7 837.1 823.6 814 807.4 802.3 798.9 795.4 792.2 790.1 786.2 780.1 774.2 772.8 772.6 773.9 776.6 780.2 780 777 769.2 754.5 738.7 728.7 727.6 727.6 731.3 738 744.9 754.8 763.1 762.6 755 740.3 726.7 706.6 691.3 678.8 670.6 663.1 660.1 658.4 657.4 656.4 653.3 648 647.3 649.5 649.8 644.5 638.3 640.2 645 647.3 647.6 647.1 649.9 658 670.7 683 697.9 709.6 722.9 735.6
903.1 905.6 907.3 911.8 916.7 914.7 912.1 907.4 903 894.2 878.7 862.9 843 826.7 815.8 808.1 807.4 799.1 798.1 796.5 794.2 794.3 792.3 785.8 784.6 783.6 782.5 782.4 782.6 785.5 785.3 780.7 767.9 752.4 741.2 733 729.2 729.2 737.7 746.9 754.2 765.3 771.5 770.3 758.6 743.5 727.8 710.6 692.8 681.7 673.8 667.6 664 662.7 662.4 661.6 660.6 658 652.9 654.9 649.2 643.9 640.3 645.2 649.9 651.3 650.8 648.9 652.8 658.7 669.9 681.5 695 707.7 720.3 734.6
914.6 919.7 922.4 928 928.4 927.8 921.7 915 909.1 892.9 874.5 858.6 839 821.2 809.8 801.9 799.6 798.8 798.6 798.5 801.4 803.6 803.4 801.8 799.7 796.6 794.8 794.4 792.5 792.9 790.9 777.7 764.8 754.2 745.5 739.5 734.5 734.3 746.7 754.5 763.1 774.8 779.3 777 764.5 748.6 730.8 712 694.4 681.8 675 670.6 668.1 667 665.4 664.6 664 662.8 658.8 656.5 651.7 648.3 644.8 648.1 652.3 653.7 654.4 651 655.8 658 668.4 681 692.1 705.8 718.8 731.9
927.4 934.1 940.2 945.4 946.7 945 935.2 926.4 913.7 890.8 875.8 862 840.5 817 806.6 799.8 798.6 799.2 805.3 808.8 812.8 814.9 816.3 819.4 817.3 813.4 811.7 807.4 803.6 801.3 792.6 775.8 764.2 756 751.4 746.1 742 744 754.6 764.7 773.6 783 786.7 782.3 769.2 751.2 732.9 713.1 697.1 682.7 674.9 673.8 672.9 671.5 668.5 665.7 666 665.9 660.3 656.9 655.1 651.1 648.4 649.1 652.9 655.7 657.1 657.6 658 658.8 670.1 680.7 691.7 705.1 718.9 730.6
941.8 955.1 964.4 968.3 971.6 967.9 953.4 940.5 912.7 897.6 884.1 869 845 814.1 803.4 800.3 799.2 809.6 818 822.4 825.8 828.4 832.3 836.1 839 832.8 828.7 823.1 813.7 803.2 791.4 779.8 769.3 761.7 758.9 754 750.1 752.5 761.7 773.3 783.4 790.8 791.5 784.9 772.6 755.1 735.9 716.1 701.4 690 682.3 680.1 677.7 675.4 672.4 670.3 669.1 667.5 662.2 657.2 656.2 654.2 648.7 649.3 656.1 657.6 658.5 662.9 661.4 661.4 669.9 679.1 690.2 705.9 718.9 731.3
