webserver/python/data/NO67.asc
ncols 200
nrows 200
xllcorner 360000
yllcorner 770000
cellsize 50
[rows 111 to 147 of 200, columns 82 to 163 of 200]
88 87.6 87.2 87.1 88.5 89.7 88.6 86.8 84.6 82.3 81.5 82.8 83.6 84.2 83.7 83.2 82.7 82.2 82.4 80.6 80.2 80.7 79.4 79.8 78.9 77.9 77.3 77.2 77.1 77.1 77 76.9 76.7 76.6 76.4 76 75.5 74.9 74.5 74.1 73.8 73.5 73.3 73.1 73.6 74.2 74.4 73.9 71.1 70 70.1 70.1 70.2 70.3 70.3 70.2 70.2 70.1 70.2 70.3 70.5 70.9 71.4 71.6 70.9 70.4 70.2 70 69.8 69.8 70.1 70.3 70.5 70.2 69.7 69.3 69.7 70.1 70.7 70.6 70.5 70.4
86.9 86.7 86.7 86.5 87.5 87.9 87 86.3 85 82.9 80.1 81.2 82.1 82.3 81.9 81.4 80.9 81.6 82.1 79 78.8 78.2 77.7 78.1 77.6 76.7 76.4 76.3 76.2 76.2 76.2 76.1 76.1 76 75.8 75.3 74.8 74.4 74 73.7 73.3 73.1 72.9 72.7 74.3 74 74.6 72.8 70.2 69.3 69.5 69.6 69.6 69.7 69.7 69.7 69.7 69.8 70 70.1 70.4 70.9 71.5 71.7 70.3 70.1 69.9 69.7 69.7 69.6 69.5 69.7 69.9 69.7 69.2 69.5 69.8 70.1 69.9 69.8 69.7 69.6
87.2 87.1 87 86.8 86.5 86 85.7 85.2 84.5 83.1 81 79.7 80.6 80.5 80.1 79.6 79.5 81.3 80.7 79.1 77.5 77.1 76.7 76.5 76.3 75.7 75.6 75.5 75.5 75.4 75.2 75.2 75.2 75.2 75.2 74.8 74.6 74.3 74 73.4 73.2 72.8 72.6 72.4 73.5 73.3 72.8 71.3 70.1 69.1 69.2 69.2 69.2 69.2 69.2 69.4 69.5 69.6 69.8 69.9 70.4 71 71 70.3 70.3 70.2 69.5 69.3 69.5 69.5 69.2 69.1 69.3 69.2 68.9 69.5 69.9 69.6 69.3 69.1 68.9 69.3
86.6 87.1 87.4 87 86.7 85.6 84.6 84.1 84.1 82.7 80.6 78.4 79.8 79.9 79.1 78.3 78 79.5 79.6 79 77.3 76.6 76 75.4 75 74.9 74.9 74.9 74.9 74.8 74.6 74.3 74.2 74.2 75 75.2 74.9 74.6 73.7 73 73.1 73 72.6 72.1 71.8 71.7 71.5 70.9 69.8 69.1 68.9 68.9 68.9 68.9 69.4 69.7 69.3 69.5 69.6 69.9 70.7 71.9 71.6 71.8 72.1 70.8 69.6 69.1 69.4 69.3 69.1 68.8 68.8 68.7 69.1 69.6 69.3 69 68.6 68.3 68.8 69.6
85.1 86.1 87.2 87.2 86.9 85.7 84.4 83.5 83.6 82.2 79.4 77.7 79.1 79.1 79 78.1 76.3 77.4 78.8 78.5 77.1 76.4 75.7 75 74.4 74.3 74.3 74.3 74.4 74.2 74 73.8 73.5 74.2 74.9 75.5 74.9 74.1 73.3 72.8 72.9 73 72.6 71.7 71.5 71.3 71.2 70.3 69.5 69.2 68.8 68.7 68.7 68.7 69.6 70 70.3 70.2 69.8 70.5 71.7 73 72.9 72.8 71.9 71.5 71 69.8 69.3 69.2 69 68.7 68.5 68.5 69.3 69.1 68.7 68.3 68 67.7 68.8 69.5
83.6 85 86.4 87 87.1 85.3 83.1 82.8 82.6 81.9 79.1 75.8 78.4 78.6 79 78.2 76.1 75.8 77.7 78 76.7 75.9 75.2 74.5 74 73.7 73.7 73.8 73.8 73.6 73.5 73.2 73 74.2 75.4 75.4 74.4 73.6 72.8 72.6 72.7 72.6 72.1 71.4 70.9 71 70.8 70 69.7 69.4 69.1 68.5 68.5 68.6 69.7 70.1 70.5 70.9 71.2 70.2 71.8 72.6 72.2 72.3 72.5 72 71.6 71 70 69.2 69 68.7 68.5 68.5 69 68.7 68.3 68 67.5 67.3 67.2 67.9
83.7 82.9 83.8 84.2 85.4 83.7 82 81.7 81.3 81 79.4 76.8 76.6 77.8 78.7 77 74.8 74.9 76.4 76.7 76.3 75.4 74.7 74 73.7 73.4 73.1 73.2 73.2 73 72.9 72.7 72.6 74 75 74.9 74 73.1 72.4 72.4 72 71.4 70.9 70.6 70.2 70.4 70.4 70.1 69.9 69.6 69.3 68.8 68.3 68.6 69.7 70.3 70.6 70.9 70.8 70.8 70.9 70.8 70.6 70.8 70.9 71.1 71.2 71.5 70.9 69.4 69 68.8 68.6 68.5 68.6 68.4 67.9 67.5 67.2 67.1 67.1 67.4
84.9 83.8 81.3 82.5 83.5 82 81.2 80.3 79.9 79.6 78.9 76.3 75 75.7 76.2 76.6 73.2 73.5 74.6 75 75.1 75 74.2 73.6 73.3 73 72.7 72.6 72.6 72.4 72.3 72.1 72 72.7 73.6 73.7 73.2 72.7 72.1 71.4 70.8 70.1 69.7 69.5 69.5 69.8 70.4 70.1 70 69.7 69.5 69.1 68.5 68.9 69.7 70.4 70.4 70.2 70.2 70 69.6 69 69.1 69.4 69.8 70.2 70.5 71 71.7 70.1 69.1 68.9 68.7 68.6 68.5 68.5 67.6 67 67 67.4 66.9 67.2
82.5 82.3 82 80.3 82.2 81.4 80.5 79.4 78.5 78.4 78.2 75.7 73.5 73.1 72.5 72.7 71.3 71.8 72.9 73.2 73.3 73.4 73.5 73.3 73 72.7 72.4 72.1 72 71.9 71.7 71.8 71.8 71.4 72.1 72.5 72 71.4 70.6 70 69.4 69.1 68.9 68.7 68.9 69.4 69.9 70 69.6 69.7 69.6 69.3 69.3 69.9 69.9 69.9 69.7 69.6 69.3 69.8 70.2 69.7 68.7 68.9 69.2 69.6 70 70.4 70.9 70.1 69.2 69 68.9 68.7 68.7 68.6 68.2 67.2 67.3 67.3 66.7 67
81 80.1 79.2 80.6 82.1 80.7 79.8 78.7 77.7 76.8 76.8 74.8 73.6 72.5 71.7 70.8 70.7 71.2 71.5 71.5 71.6 71.8 71.6 71.4 71.4 71.4 71.5 71.5 71.4 71.5 71.5 71.6 71.5 71.2 70.9 71.3 70.6 69.8 69 68.8 68.6 68.4 68.1 68.2 68.8 69 69.5 70.1 69.6 69.1 69.1 69.3 69.2 69.2 69.1 69.1 69 69.2 70 70.8 70.6 70.4 69.4 68.4 68.7 69.1 69.5 69.8 70 69.3 68.9 69.1 69 68.9 68.7 68.3 67.6 67.7 67.6 67.1 66.5 66.7
80.1 79.2 78.7 78.4 80.1 79.6 79.9 79.1 77.5 75.5 75.4 75.2 74.8 73.5 72.5 71.6 71.1 70.4 70.3 70.1 70 70 69.8 70 69.9 70 70.2 70.5 71.2 71.3 71.3 71.4 71.3 71 70.7 70.3 69.6 69 68.4 68 67.8 67.6 67.4 68 68.7 68.8 69.2 69.9 69.6 69.1 68.7 68.9 68.8 68.6 68.4 68.6 69.4 70.2 71 71.2 71 70.8 70 69.1 68.2 68.2 68.4 68.6 68.8 68.6 68.7 68.9 69 68.8 68.4 68 67.3 67 66.9 66.6 66.2 66.2
79.4 79 78.6 78.2 77.8 77.9 77.7 77.4 76.7 76.7 76.6 76.5 76.1 74.7 73.6 72.6 71.4 70.8 69.8 69.2 69.1 69.6 70.3 69.7 68.9 69.3 69.7 70.1 71 71.1 71.1 71.2 71.1 70.8 70.4 69.8 69.3 68.7 68 67.6 67.1 66.9 67.3 67.9 68.5 69.1 69 70.5 70.4 69.6 68.7 68.5 68.3 68.2 68.5 69.2 70.3 71.2 71.8 71.6 71.4 71.2 70.7 69.7 68.5 68.5 68.5 68.6 68.7 68.5 68.2 67.9 67.8 67.9 68 67.7 66.9 66.2 66 65.6 65 65.2
79.2 78.8 78.4 77.9 77.1 76.9 76.6 76.4 76 76.2 76.8 77.6 77.3 76 74.6 73.4 72 71.1 70.1 69.2 69.3 70 70 69.3 68.4 68.9 69.3 70 70.9 70.9 71 71 70.9 70.4 69.9 69.4 68.9 68.4 67.7 67.2 66.7 66.7 67.2 67.8 68.4 69 69.6 71.3 70.2 69.5 68.8 68 68 68.5 69 70 71.1 72.1 72.2 72 71.8 71.6 71.4 69.6 68.8 68.9 69 69 69 68.8 68.5 68.3 68.7 68.9 68.7 68.2 68 67.7 67.1 67.6 67.5 65.8
78.9 78.4 78 77.3 76.4 76.1 75.9 75.6 75 75.1 75.2 75.3 77 77 74.6 73.6 72.8 71.4 70.5 69.9 68.7 69.3 69.1 68.8 67.9 68.4 68.8 70.6 70.7 70.7 70.9 71 70.5 70 69.5 69 68.5 67.9 67.4 66.8 66.6 66.9 67.3 67.9 68.5 69.1 69.4 70.1 70 69.3 68.6 67.5 68.4 69.1 70.4 71.4 72 72.4 72.2 72.3 72.3 72.1 72 70.1 69.3 69.4 69.4 69.3 69.3 69.1 69.1 69.4 69.8 70.1 70.3 70.6 70.6 70.4 69.9 70 69.1 68
79.4 78.1 77.6 76.2 75.7 75.4 75.1 74.8 74.1 74.1 73.8 73 72.3 73.4 72.3 72.9 72.2 71.6 71.6 70.4 68.9 68.4 68.1 67.9 67.5 67.9 68.4 71.4 71.7 71.4 71 70.7 70.2 69.7 69.1 68.6 68.1 67.5 67 66.6 66.9 67.2 67.4 68 68.5 68.8 69.2 69.7 69.8 68.6 67.5 67.1 68.6 69.7 70.6 71.7 72.3 72.2 72.1 71.7 71.9 72 72.3 70.7 69.9 69.8 69.8 69.7 69.6 69.8 70.2 70.5 70.9 71.3 71.5 71.9 72.9 73 72.4 71.5 70.3 69.4
80.6 78.4 76.8 75.4 75 74.6 74.3 74.1 73.3 73 72.3 71.5 70.2 69.8 69.7 71.8 72.2 71.6 71.9 70.6 68.3 67.7 67.3 67 66.8 67.7 69.3 71.6 71.4 71 70.7 70.3 69.9 69.3 68.8 68.3 67.7 67.2 66.3 66.3 66.7 67.2 67.6 68 68.3 68.6 69 68.9 67.7 67.4 67 68.6 69.7 70.3 70.9 72 72.6 72 72.1 71.6 71.3 71.4 72.4 71.2 70.6 70.5 70.5 70.4 70 70.7 71.2 71.7 72 72.4 72.7 73.2 73.9 73.8 73.2 71.8 70.4 69.4
82.1 80 79.1 77.7 76.7 75.7 74.1 73.4 72.5 71.7 70.9 70.3 70.7 69.7 69.4 69.2 71.9 71.9 71.5 69.1 67.9 67.2 66.8 66.3 66.6 67.8 70.3 71.1 70.9 70.7 70.3 70 69.5 69 68.5 67.9 67 66.1 65.8 65.9 66.2 66.7 67.1 67.3 67.7 68 67.3 66.4 66.7 67.3 68.4 69.7 70.3 70.9 71.5 72.1 72.6 71.8 72.2 71.7 71.2 70.9 72 72.1 71.4 71.3 71.2 70.5 70.7 71.3 72 72.5 73 73.5 73.9 74.3 74.5 74.5 73.9 72.2 70 68.9
83.4 81.6 80.5 80 79.1 77.6 75.8 74.8 73.9 72.8 72.3 75.4 72.4 69.5 69.4 68.9 70 70.9 70.1 69 69.1 67 66.6 67.2 67.8 68.4 69.7 70.2 70.3 70.1 69.9 69.6 69.2 68.7 67.8 66.9 66 65.3 65.4 65.5 65.7 66.2 66.6 66.6 66.9 67.1 66.6 66.6 67.3 68.1 69.1 70.3 70.9 71.5 72.1 72.7 72.4 71.6 72.2 71.7 70.6 70.4 71.4 72.3 72.2 72 71.2 70.9 71.4 72 72.8 73.3 73.8 74.3 74.5 74.9 75 75.1 74.4 73 70.6 68.4
84.3 83.2 82 81 79.6 78.2 76.6 75.6 74.7 73.4 73.4 72.6 71.4 70.1 69.6 69.9 70.2 69.8 69.3 69.1 71.5 67.2 67.2 67.3 67.4 67.4 68.9 69.3 69.7 69.6 69.4 69.2 68.6 67.7 66.8 65.9 64.9 64.9 65 65.1 65.2 65.7 66 66 66.1 66.2 66.7 67.5 68.4 69.2 70 70.8 71.6 71.9 72.2 72.3 71.9 71.2 70.7 70.5 70.3 70.1 70.6 71.4 71.9 71.9 71.1 71.6 72.1 72.7 73.5 74.2 74.7 74.6 74.4 74.8 75.6 75.7 75.1 73.7 71.1 68.5
85.2 84.1 82.7 80.9 79.1 77.3 76.4 75 74 72.5 72 71.1 70.1 69.3 68.9 69.3 68.9 68.5 68.1 67.9 67.2 66.4 66 66 66.1 66.2 67.5 68.3 68.7 69.1 68.9 68.1 66.9 66.4 65.7 64.8 64.4 64.5 64.6 64.7 64.8 65.2 65.4 65.3 65.3 66.3 66.9 67.6 68.5 69.3 70.2 71.1 71.4 71.7 71.8 71.8 71.4 70.8 70.2 70 69.8 69.7 69.8 70 70.1 71.5 71.7 72.2 72.8 73.4 74.1 75.2 74.7 74.4 74.2 74.5 75.6 76 75.1 75 72.9 69.7
84.3 83 81.6 80 78.2 76.4 76 74.8 73.1 71.6 70.5 69.6 69.1 68.4 68.3 68.1 67.7 67.6 67.5 67.3 66.9 66 65.6 65.2 64.8 64.9 65.6 66.3 67.1 68 68.1 66.4 65 64.6 64.1 64 64 64.1 64.2 64.3 64.4 64.7 64.7 65 65.7 66.8 67.2 67.6 68.5 69.4 70.2 70.9 71.2 71.4 71.4 71.4 70.9 70.4 69.7 69.5 69.3 69.2 69.5 69.5 69.5 71.2 72.1 72.7 73.3 73.9 74.4 76.3 74.7 73.9 73.7 74.5 74.4 73.7 73.3 73.5 73.7 69.3
83.1 81.7 80.3 79 77.3 75.8 75.7 74.2 72.1 70.5 69.1 68.5 68 67.6 67.2 67.2 67.1 67 66.9 66.6 66.1 65.7 65.3 64.9 64.5 64.2 63.7 64.4 64.4 64.9 64.9 63.9 63.1 63.3 63.5 63.8 64.4 64.4 64.3 64.3 64.2 64.3 64.6 65 66.1 67.1 67.5 67.9 68.5 69.4 70.3 70.7 71 70.9 70.9 70.9 70.5 69.8 69.2 68.9 68.8 69 69.4 69.8 69.8 71.4 72.4 73 73.6 74.1 74.6 74.8 74.2 73.8 73.4 72.8 72.1 71.4 70.8 70 68.9 70
81.8 80.4 79.1 77.7 76.4 75.5 76 77.8 74 71.5 68.9 67.9 67.4 66.6 66.6 66.5 66.5 66.4 66.3 66 65.5 65.5 65.4 65.1 64.9 64.6 64.2 63.5 63.9 64.3 63.9 63.4 63.1 63.1 63.3 63.5 64.5 64.8 64.8 64.7 65 65.3 65.1 65.3 66.6 67.4 67.8 68.2 68.5 69.4 70.2 70.5 70.5 70.5 70.5 70.4 70 69.3 68.7 68.4 68.5 68.9 69.3 69.6 70 71.7 72.7 73.3 73.7 74.2 74.7 74.6 74.3 73.7 72.5 71.2 70.2 69.3 68.5 67.6 67.8 72.3
80.3 79.1 77.8 76.9 76.1 75.5 76.6 77.3 77.4 73.3 68.9 67.5 66.3 65.9 65.9 65.9 65.9 65.8 65.7 65.4 65.3 65.3 65.2 65 64.8 64.6 64.1 63.5 63.7 64.1 64 64.4 63 63.5 63.1 63.3 64.1 65.3 65.2 65.5 66 66.4 66.5 67.2 67.8 67.6 68.1 68.5 68.8 69.4 70 70 70 70 70 70 69.8 68.8 68.1 68.1 68.4 68.8 69.3 69.8 70.7 72 72.9 73.4 73.9 74.4 74.7 74.5 74.2 73.4 72.1 70.8 69.6 68.4 67.3 66.3 66.4 69.5
78.4 77.3 76.9 76.6 76 75.5 75.5 76 75.9 74.2 69.4 66.1 65.1 65.1 65.2 65.2 65.2 65.1 65.1 65.1 65.1 65.1 65.1 64.9 64.7 64.4 63.8 63.5 63.2 63.6 64.1 64.5 62.9 63.4 63.9 63.1 63.9 65.1 66 66.6 67.1 67.7 68.3 68.6 68.3 67.6 67.9 68.4 69 69.5 69.6 69.6 69.5 69.5 69.5 69.5 69.6 68.9 67.8 68.2 68.8 69.3 69.9 70.5 71.7 72.5 73.1 73.6 74.1 74.5 74.7 74.5 73.8 73.1 71.8 70.5 69.2 68 66.8 66.4 66 67.1
76 75.6 74.9 74.1 73.7 73.3 72.8 73 72.9 71.4 67.5 65 64.3 64.4 64.5 64.5 64.5 64.4 64.7 64.8 64.8 64.8 64.8 64.8 64.6 64.1 63.8 63.5 63.2 62.9 63.6 65.8 64.3 63.1 62.9 64.2 64 65.2 65.7 66.8 67.8 68.4 69 69.2 68.7 68 67.4 67.7 67.4 68.6 69.1 69.1 69.1 69 69 69.1 69.1 69 67.9 68.7 69.7 69.9 70.5 71.3 71.9 72.4 72.9 73.6 74.3 74.7 74.7 74 73.2 72.5 71.7 70.3 68.8 67.6 66.8 66.3 65.9 65.8
74 73.1 72.3 71.6 71.3 70.9 70.5 70.1 69.9 68.7 64.9 63.8 63.7 63.7 63.7 63.8 63.8 63.8 64.5 64.5 64.6 64.6 64.6 64.6 64.4 64.1 63.8 63.5 63.2 62.9 62.8 64.1 63.1 64 64.7 65.6 64.3 65 65.5 66.1 67.3 68.6 69.1 69.3 69 69.8 69.1 68.2 67.6 67.7 68.6 68.6 68.6 68.5 68.6 68.6 68.7 68.7 68.1 68.7 70 71.3 71.1 71.4 71.8 72.3 72.9 73.4 74.1 74.7 74.1 73.4 72.6 71.9 71.1 70.4 68.8 67.4 67 66.8 66.2 65.5
71.4 70.6 69.8 69.2 68.9 68.5 68.1 67.7 67.2 65.9 63.2 63.2 63.2 63.1 63.1 63.1 63.1 63.7 64.3 64.3 64.3 64.3 64.3 64.7 64.1 63.8 63.5 63.2 63 62.7 62.6 62.5 62.2 62.3 63.7 65 65 65.1 65.2 65.7 66.7 68.2 69.3 69.1 68.8 68.6 68.5 68.5 68.5 66.9 68.1 68.1 68.1 68.1 68.1 68.2 68.2 68.3 68.3 68.6 69.9 70.6 71.5 71.9 72.2 72.6 73 73.4 73.9 73.9 73.6 72.9 72.1 71.3 70.6 69.8 69.1 70.2 69.4 68 66.5 65.3
69 68 67.2 66.8 66.5 66.1 65.7 65.1 64.5 63.1 62.7 62.6 62.6 62.6 62.6 62.5 62.8 63.5 64 64 64 64.2 64.5 64.8 64.2 63.5 63.2 62.9 62.6 62.4 62.7 62.9 62.6 62.2 62.3 63.6 65 65.7 65.9 66 66 67.5 68 68.1 68 68 68.2 68.2 68.2 67.6 67.6 67.6 67.6 67.6 67.7 67.7 67.8 67.8 67.9 68.3 69 69.7 71.1 72 72.4 72.8 73.2 73.6 73.4 73 72.9 72.4 71.6 70.9 70.1 69.3 70.2 69.7 69.2 68.2 66.7 65.5
66.8 65.5 64.7 64.4 64.2 63.8 63.2 62.6 62 62.2 62.2 62.2 62.2 62.2 62.2 62.2 62.7 63.3 63.7 63.8 64.1 64.4 64.7 65 64.6 63.1 62.8 62.5 62.3 62.3 62.8 63.2 62.8 62.3 61.8 62.2 63.5 64.8 66.1 66.2 65.6 64.9 65.8 66.8 67.3 67.5 67.7 67.8 67.7 67.4 67.2 67.1 67.1 67.1 67.2 67.3 67.3 67.6 68 68.4 68.7 69.4 70.6 72.1 72.5 72.9 73.3 73 72.8 72.5 72 71.9 71.1 70.4 69.6 69.6 69.5 68.3 68.7 68.9 66.4 66.5
64.5 63.1 62.2 62.1 61.8 61.2 61 61.2 61.4 61.7 61.8 61.8 61.8 61.8 61.8 62.1 62.6 63.2 63.6 63.9 64.2 64.6 64.9 65.2 65 63.5 62.5 62.2 62.2 62.3 62.8 62.7 62.3 62 61.6 61.3 62.1 63.4 64.7 66 66 63.7 65 65.8 66.4 66.7 67 67.3 67.2 66.8 66.6 66.7 66.6 66.7 66.8 67.2 67.6 68 68.4 68.7 69 69.3 70.2 71.6 72.7 73 72.7 72.4 72.2 72 71.5 71.1 70.6 69.9 69.1 69.3 68 67.8 68.1 68.5 70.1 67.9
62 60.7 59.9 59.8 60 60.2 60.4 60.6 60.8 61.1 61.3 61.4 61.4 61.4 61.5 62 62.5 63.5 64.1 64 64.3 64.7 65 65.3 64.8 63.5 62.2 62.1 62.1 62.3 62.1 61.8 61.4 61.3 61.1 60.9 61 62 63.3 64.6 66.4 63.6 64 65 65.2 65.4 65.6 66.1 66.1 66 66.1 66.1 66.4 66.8 67.1 67.5 67.9 68.3 68.7 69 69.4 69.9 70.7 71.8 72.8 72.3 72 71.7 71.6 71.4 71.2 70.6 70.1 69.4 69 68.2 67.8 67.4 68 68.6 69.3 67.4
59.5 58.2 58.2 58.8 59.4 59.6 59.8 60 60.2 60.5 60.8 61 61 61 61.4 62 63.1 64.3 64.8 64.8 64.7 64.8 65.1 65.3 64.6 63.3 62 61.6 61.6 61.5 61.4 61.2 61 60.9 60.7 60.5 60.6 60.8 61.9 63.3 64.4 63.1 62.6 64.4 64.4 64.1 64.7 65.2 65.6 65.9 66.2 66.6 67.3 67.5 67.7 68 68.3 68.7 69.1 69.4 69.9 70.5 71.3 72.4 72.5 71.9 71.4 71.1 71 70.8 70.6 70.2 69.6 68.9 68.5 68.1 67.7 67.3 67.6 68.5 68.4 66.3
57.2 56.9 57.4 58 58.7 58.9 59.1 59.4 59.7 59.9 60.2 60.5 60.6 60.7 61.6 62.7 63.9 65 65.4 65.6 65.5 65.4 65.3 65.3 64.4 62.9 61.8 61.5 61.1 61.1 61.2 61.2 60.8 60.5 60.3 60.1 60.1 60.4 61.2 62.2 62.6 62.6 61.6 64.5 67.1 67.6 66.7 66.1 66.2 66.5 66.8 67.3 68.1 68.4 68.6 68.9 69.1 69.3 69.4 70 70.6 71.1 71.9 72.8 72.2 71.7 71.1 70.6 70.4 70.2 70 69.9 69.1 68.8 68.6 68.1 67.7 67.2 66.7 66.9 65.6 63.7
56.4 56.5 56.9 57.3 57.9 58.3 58.5 58.8 59.1 59.3 59.6 59.9 60.2 61.2 62.3 63.5 64.6 65.8 66.1 66.3 66.2 65.8 65.4 65 64 62.5 61.7 61.3 61 60.9 61 61.2 60.9 60.5 60.2 59.8 59.6 60.3 60.7 61.1 61.5 61.9 62.7 65.5 67.4 69.1 68.4 68.2 67.1 67 67.3 68 68.9 69.3 69.5 69.7 69.9 69.7 70 70.6 71.2 71.7 72.5 72.5 72 71.2 70.4 70.4 71.2 70.9 70.6 69.6 68.2 68.5 68.5 68.2 67.7 66.4 65.9 64.2 62.7 61.2
56 56.2 56.5 56.9 57.3 57.7 58 58.4 58.7 59 59.4 59.7 59.9 61.9 63.3 64.3 65.2 65.9 66 66 65.6 65.3 64.9 64.5 63.7 62.1 61.5 61.2 60.8 60.7 60.8 61 61 60.6 60.2 59.8 59.5 59.6 59.9 60.3 60.6 61 62.2 64.2 65.7 67.2 69 70.2 69.7 68.5 68 68.8 69.6 70.1 70.4 70.2 70 69.9 70.5 71.1 71.7 72.3 72.8 72.1 71.3 70.5 69.7 69.9 71 71.7 70.3 69.5 69 68.8 68.4 68.2 67.6 66.3 63.6 61.9 61 60.8
55.6 55.8 56 56.4 56.9 57.6 57.9 58.3 58.6 58.9 59.3 59.6 59.7 61.9 63.4 64.3 65.1 65.5 65.7 65.5 65.1 64.7 64.3 63.9 63.3 61.8 61.4 61 60.7 60.5 60.6 60.8 60.9 60.7 60.2 59.7 59.5 59.7 59.8 59.9 60.2 60.5 61.6 63.2 64.4 65.6 67.2 69.1 71 69.9 68.9 69.7 70.5 70.8 70.5 70.2 70 70.4 71 71.6 72.2 72.7 72.3 71.3 70.5 69.7 68.9 69.3 70.5 69.6 68.5 68 67.7 67.8 68.2 68.4 66.9 64.6 62 59.6 60.1 60.1
