webserver/python/data/NO68.asc
ncols 200
nrows 200
xllcorner 360000
yllcorner 780000
cellsize 50
[rows 35 to 69 of 200, columns 0 to 77 of 200]
345.7 361.8 375.5 388.5 400.1 409.4 413 413.7 415.9 416.6 418.1 415.8 415.2 415.5 414.3 410.7 405.4 398 389.4 382.5 375.6 367.5 364.8 370.7 376.3 381.4 384 384.7 382.9 377 371.5 363.8 355.6 345 333 321.9 313.1 304.1 294.2 281.5 288.7 290.2 289.3 283.9 277.2 270 262.3 258.1 254.1 245.5 259.6 271.5 283.8 296 306.8 314.8 315.9 321.8 327.9 334.9 341 347.3 359.6 368.2 374.1 374.5 369.6 363.7 357.9 351.9 344.3 335.5 327 320.3 313.6 307.2 297.7 291.1
367 383.1 397.1 412.2 419.3 421.8 423.5 423.7 423.8 424 424.6 425.6 427 425.4 421.7 417.5 412.2 403.6 394.7 386.5 379.3 371.4 372 376.7 382.7 387.6 389.7 390.2 387.7 380.6 372 363 354 342.7 331.5 322 313.3 304.4 294.1 297.4 299.7 299.2 296.2 289.5 281.2 273.4 265.6 261.5 257.3 255.1 270.2 282.6 295.2 307.9 319.2 328.2 331.1 335.3 342.2 349.2 354 357.1 365.2 372.2 378.1 377.4 372.5 366.5 359.8 353 347.1 339.3 331.4 325.5 319.5 313.1 304.6 297.2
386 404.2 419.7 428.9 432.5 434.3 431.9 430.8 429.1 430.2 431.6 434.2 435.3 432.5 428.4 422.8 418.1 408.7 398.9 390.1 382.4 378.1 378.9 382.8 388.9 393.3 395 393.4 389.6 382 371.4 362.4 352.2 341.8 331.1 322.6 313.6 304.7 302 306.8 308.4 306.3 301.9 294.2 285.3 277.6 270.9 264.2 259.6 261.3 277.4 290.8 304.6 318.5 330.6 340 345 347.8 354.8 360.3 365 367.4 368.5 374.5 378.9 377.9 373 367.6 360.7 354.6 349.3 343.6 338 332.1 325.6 318.8 310.2 302.8
408.4 427.9 438.8 442.7 445.5 444.7 441.8 435.7 437.9 441.1 443.7 445.4 443.8 439.2 432 426.4 421.5 411.9 401.5 391.3 384.6 384.3 387.5 391.8 396 398.9 398.2 395.6 390.2 383 370.9 360.7 352 341.4 331 322.8 314.5 304 312.4 315.5 316.3 313.9 307.6 299.2 290.2 281.8 275.6 269.3 262.5 265.3 283 296.9 310.7 324.8 339.1 349.4 353.3 358.1 364.1 369.7 374.1 374.5 373.4 375.3 377.7 375 371.3 367.9 361.7 356.1 351.8 348.8 344.3 338.9 331.4 323.9 315.7 307.6
433.9 445.7 449.1 453 455 454.6 454.3 452.9 452.2 453.3 454.5 454.4 451.8 446.4 439 431.5 423.1 414.5 403.1 394.4 389.3 392.4 396.1 399.1 402.6 404.1 402.8 396.5 389.5 381.4 369.3 360 351.5 341.7 331.7 322.8 315.5 314.8 320.5 323.8 323.2 319.6 312.4 303.6 294.2 284.9 279.1 272.9 265 267.9 285.9 302.8 317.1 331.5 344.7 355.1 361.1 366.2 372 378.2 380.2 378.2 376.3 375.1 375 372.9 370.8 366.9 363 357.5 354.3 352.5 349.1 344.6 335.7 328.3 320.3 311.3
447.7 457.1 461 462.9 464 463.8 464 462.8 462.4 462.7 464.6 463 459.7 453.5 444.9 434.9 424.7 417.7 408 399.1 396.5 399.5 402.7 405.6 409 409.6 407.5 398.5 389.7 379.9 368.6 359 351.5 343.1 333 323.2 317 323.6 328.7 329.7 328.9 325.2 316.5 307.8 297.5 288 282.4 275.3 269.3 271.5 287.3 303.7 319.7 334.5 347.3 357.8 364.6 370.8 376.9 382 381.1 378.6 377.3 376.1 375.2 373.4 369.9 365.8 362 359.9 356.8 355.8 354.7 350.1 341.1 331.6 322 313.3
464.1 466.8 469.1 471.1 471.8 470.8 470.4 470.3 471.7 471.6 471.2 469.7 465.7 459.1 449.1 438.9 428.3 419.5 412.3 406.3 404.1 406.1 408.5 410.8 413.3 413.2 408.9 399.8 389.5 377.3 367.5 358 351.7 343.5 333.2 321.6 326.7 333.3 335.9 335.6 333.2 328.1 319.9 311.8 300.5 292.8 285.7 274.6 277.6 280.9 282.1 298.7 316.3 331.9 343.7 353.9 362.9 371.6 379.1 381.6 381 379.9 378.3 377.9 377.1 374.4 370.9 367.5 364.1 361.8 359.2 359.8 359 353.1 343.2 332.5 323.1 315
470.8 473.4 475 476.9 477 476.6 476.2 475.9 477 477.2 476.8 474.5 471 463.5 454.2 445.6 429.4 420.4 416.9 414.2 411.7 412.3 413.7 416 416.4 414.6 408.6 398.3 386.6 376.6 366.3 357.4 351.7 343.7 329.2 332.3 337.4 341.4 343.2 340.7 337.1 331 323.1 314.5 304.6 295.8 286.1 283 287.8 291.1 292.9 294.3 311 325.5 336 345.1 355.1 366 374.4 379.9 383.1 381.8 381.5 380.6 380.6 377.7 374.3 370.9 367 364 361.8 361.9 362.2 354.3 344.4 330.6 323.3 315.7
477.2 478.6 480.1 481.5 481.8 481.7 481.5 481.3 481.9 482.2 480.9 478.4 474 468.2 458.5 448.3 439.1 428.5 424.7 421.1 417.3 417.6 417.6 418.1 417 413.7 405.7 395.5 384.4 374.8 365 357.5 350.3 342 337.9 343.7 346.6 347.5 348 344.5 340.3 333.8 325.8 316.8 306.9 298.4 289 293.5 298.1 300.9 303.6 305.5 307.2 319.2 328.3 336.1 346.7 357.4 368.2 377.4 384.1 386.2 386.8 386.1 385 381.1 377.7 374.1 369.8 366.7 363 360 359.3 352.7 342.9 330 319.9 313.7
479.4 481.4 481.7 482.7 483.2 483.9 483.9 483.7 484.3 484.3 483.5 480.3 476.5 470.5 463.2 454.3 445.1 436.8 429.9 426.5 423.6 420.5 420.3 418.7 415.8 411.5 402.2 392.4 382.1 372.5 365 357.1 344.3 347.3 351.1 353.6 354.6 354.9 353.5 349.3 343.5 335.8 327.3 318.8 309.5 301.7 301.2 304.4 308.4 311.2 314 316.1 317.3 321.9 327.2 330.4 339 349 360.3 373.5 385.5 390.3 391.9 391.6 390 387.2 381.9 377.3 372.6 368.3 364.6 360.5 355.7 347.1 339.4 328 314.2 311
479.8 481.4 482.1 483.4 483.2 482.8 483.4 484.2 485.3 485.4 484.5 481.6 477.8 472.4 466.3 459.1 450.4 442.5 435.9 431.8 428.2 424.8 420.4 416.4 414.4 407.7 399.4 389.4 379.1 370.4 363 352.5 354.9 357.4 359.8 360.7 361.7 361.1 357.5 352.3 345.8 337.8 327.7 319.9 311.7 303.1 310.7 313.7 317.8 321.9 325.6 326.2 326.9 330.4 333.5 335.9 339 346.6 358 372 385.6 392.6 398.1 397.5 395.8 392.7 388.7 383.3 376.6 371.3 366 359.9 352.7 344.7 334.2 319.9 311 306.7
477.1 477.9 479.1 479.6 479.6 479.6 480.7 481.8 483.4 484.7 484.3 482.4 479 473.6 469.1 462.1 455.1 446.4 440.4 433.7 430.6 426.7 421.9 417.1 403.4 402.4 396.2 385.5 375.3 367.6 360.1 358.7 363.2 365.7 366.9 367.9 366.9 365.6 359.8 354.2 346.5 338.8 329.4 322.3 312.9 317.4 319.8 324.2 328.6 333 336.6 339.2 338.9 341.8 343.3 344.5 345.4 349.6 359.5 373 387.1 398.6 401.3 401.9 401.5 397.9 393.9 388.3 381.2 374.6 367.9 361.2 353.8 344.9 334 323.7 313.3 308.2
472.8 473.4 474.2 474.4 474.8 475.4 476.1 477.7 479.5 480.9 482.6 481.3 479.7 475.3 470.8 464 456.9 449.3 442.2 435.9 431.2 425.7 421.1 415.5 407.6 396.4 393.2 384.7 373.1 365.1 360.4 368.7 371.1 372.4 374 373.1 371.6 366.9 360.3 353.7 345.9 339.1 330.9 322.2 323.3 326.6 330.4 336 341.3 346.8 352.4 354.5 353.8 355.1 357.3 356.2 355.7 355.6 362.6 375.3 391.7 403.6 407.2 407.8 405.7 402.8 398.8 393.4 385.5 376.2 368.6 361.6 353.4 343.7 333.2 324.1 317.3 310.2
468.1 468.8 469.3 469.3 470 470.7 471.7 473.7 475.6 477.9 480.2 480.4 479 476.5 471.9 465.6 458.7 451.2 443 435 429.2 424 417.4 410.5 404.2 396.4 389.9 379.8 371 372.8 376.2 376.3 377.5 378.9 378 377.1 373.7 367.7 360.8 353 345.6 339.6 332 325 329.9 334.6 341.4 350.5 356.1 362.7 370.1 372.6 371.5 370.8 372.5 369.8 366.7 366.7 369.3 379.9 394.9 407.8 413.5 413 411 407.7 404.1 397.8 388.6 378.2 368.7 360.6 352.4 342.4 332.6 325.9 319.5 313.3
462.6 463.9 463.7 465.1 466.2 467.2 468.5 470.4 472.9 475.3 477.6 478.3 478.1 475.2 471 465.2 458.4 449.7 440.8 433.2 426 419.1 412 404.9 399.9 391.2 384 385.2 383.1 384.6 385.1 383.6 384 382.5 381.2 378.1 373.8 367.3 359.5 351.6 345.5 339 330.1 332.2 337.4 344.1 353.3 362.7 371.6 380.8 389.5 390.7 389.8 389.5 388.2 383.4 377.9 377.2 379.1 389.4 401.1 411.5 417.5 418.3 415.3 411.9 407.3 400.1 391 378.6 368.1 359.9 350.9 341.1 333.1 327.4 321.4 317.4
458.3 459.4 461.5 462.9 464.2 465.3 466.5 467.8 470.1 472.5 474.9 476.2 475.3 472.6 468.3 463 456.5 448.3 439.4 430.5 420 408.1 403.7 400.2 394.2 387.8 390 390.4 390.9 392 391.8 389.7 388.3 384.3 381.8 377.2 372.1 366.1 358.1 350.5 343.6 337.2 336 340.2 345.7 354.6 365.9 377.2 389.8 399.3 408.1 408.6 408.1 407.1 402.9 396 389.8 386.9 390.1 400.9 410 416.8 422.2 422.7 418.9 413.3 408.8 402.2 391.6 378.2 367.8 358.5 349.2 340.5 335.1 329.5 324.7 321
455.2 457.3 459.3 461.4 462.6 463.4 464.7 466.6 468.1 469.7 472.1 472.8 472 470 465.5 460.6 454.5 446.3 437 423.9 416.7 412.1 406.1 400.2 392.3 393.4 395.5 397.1 398.7 399.6 398.4 395.1 390.6 385.6 382.1 375.9 370.1 364.4 357.2 349.4 343 343.3 344.6 348 354.1 366.3 379.4 392.7 404.7 415.5 423.7 424.9 424.9 422.1 416.6 408.5 403.7 398.9 402.2 410.7 417.9 423.2 426.5 426 422 414.9 407.9 400.6 390.6 376.7 365.9 356.9 347.6 341.5 336.3 331.3 328.3 324.8
452.5 456.1 457.8 460.9 462.2 461.9 463.2 465.6 467.1 469 470 470.9 469.9 468.3 464.2 456.7 451.7 438.3 424.6 418.5 417.1 411.7 405 398 398.8 403.5 404.1 405.7 407.1 406.1 403.9 398.9 393 387.1 381.4 375.5 370.5 363.8 358 355.7 351.2 352.7 353.1 356.8 364.9 377.6 391.7 406.1 417.4 429.3 436.9 440.6 441 439 432.9 425.2 418 412 415.7 420.9 424.1 427.7 430.3 428.6 424.2 415.4 406.5 398 386.5 373.6 364.1 355.1 346.6 341.3 337.2 332.4 330.2 327.7
453.3 456.1 456 458 461.4 463.1 463.6 465.7 467.7 468.5 469.1 469.8 469.1 463.9 457.7 437.4 430.8 432.7 430.9 424.3 415.6 405.5 402 397.7 407.2 408.5 411.7 411.8 412.8 411.5 407.2 401.1 393.6 387 381.8 375.9 371.8 368.2 365.1 363.1 361.3 361.9 362.7 366.8 375.2 388.1 402.1 416.7 430.3 441.6 450.6 454.1 456.6 453.3 448.1 441.6 432.4 426.9 426.9 428.1 428.8 430 431.3 429.2 422.5 413.9 403.8 393.7 381.1 371.4 362 353.2 345.6 340.2 335.7 333.6 330.9 329.6
455.8 458.1 459.6 458.2 461.3 461.7 463.9 466.2 466.8 468.4 469.1 469.6 469.3 467.3 462.4 455 449.6 439.1 430.9 424.2 416.4 409 403.3 411.3 415.1 417.9 421.6 422.3 419.6 416 409.4 401.6 393.4 388.6 383.6 379.8 376.3 374.6 372.2 370.3 371.6 373 372.2 376.6 385.9 398.6 411.3 426.6 441.2 453 462.2 467.6 470 466.7 461.6 456.1 447.9 440.7 436.4 433.6 430.6 429.6 427.9 424.4 418.5 411.1 400.2 388.8 377.3 368 360.3 352 343.4 337.7 334.5 332.7 331.5 329.6
455.8 458.5 460.4 461.7 461.9 461.8 463.8 464.9 465.8 467.4 469 469.7 469.4 467.1 463.8 458.8 451.7 442.1 432.9 424.9 416.7 407.1 410.9 416.1 420.6 425.8 430.1 431.4 427.2 421.2 412.4 402.7 394.6 389.8 387.9 384.6 382.9 380.9 378.4 378.7 382 384.2 381.6 386.7 392.7 405.4 418.8 433.6 448.2 461.5 472.1 478.8 482.3 480.4 475.8 469.4 459.6 450.5 442.3 436.4 430.7 424.2 422.2 418.7 413.3 405.9 394.9 383.4 374.2 365.7 357.2 348.7 340.2 332.8 329.9 329 330.6 329.6
457.9 458.3 459.3 462.1 463.1 464.2 462.9 466.5 467.2 467.9 468.6 469.6 469.5 467.5 464.5 459.2 452.1 442.6 432.3 422.1 412.9 414.1 418.3 422.4 428.5 434.5 438.1 437.7 433.3 425.7 415.6 406 395.8 392.8 391.9 390.7 389.1 387.2 384.7 387.7 391 394.6 387.4 395.6 402 411 423.5 436.8 452.7 467.1 479.4 488 493.9 493 489.6 481.8 468.5 455.7 445.5 437.3 428.2 419.4 411.9 409.3 405.4 398.8 388.4 377.7 369.6 360.7 352.2 343.7 334.6 327.3 325.4 323.8 325.9 327.3
458.3 459.9 461.2 462.6 464.4 465.8 464.5 467.4 468.8 469.5 470.2 470.6 468.8 467.2 464.6 459.8 450.3 440 428.1 418.4 419 421.4 425.2 431.8 437.2 442.3 445.1 443.5 438.9 432.5 422.4 410.8 403.9 399.4 399.1 398.6 396.1 393.8 391.8 395.4 400.2 401.4 379.2 400.5 409.5 416.1 427.3 439.6 453.9 468.8 482.9 493.6 500.4 502.3 497 487.8 472.8 458 445.7 432.8 421.4 410.1 401.7 397.7 394.7 389 379.8 371.2 364.5 356.2 347.4 338.6 329.9 322.7 318.3 317.4 319.3 321.3
459.4 461 462.8 464.6 467 467.3 467.4 468.9 470.3 470.9 471.2 471 468.7 466.5 462.8 456.1 446.8 435 423.6 425.1 426.6 429.5 434.5 439.7 444.7 449.5 451.4 450.8 446.1 440.5 431.2 422.7 415.5 409 409 407.2 406.3 403.6 402.2 404.8 409.2 410.2 391.6 403.2 415.2 421.1 429.2 439.2 453.8 469.2 483.4 495.7 504.6 506.4 498 487.2 472.4 456.4 441.3 427.5 413.1 400.1 387.9 382.8 382.8 378.4 372 364 357.4 350.4 342.8 333.5 323.2 314.9 310.8 311 313.2 315.7
462 463 464.8 466.5 469.3 470.1 470.7 470 471.7 471.9 471.9 471.4 468.6 464.1 459 450.2 439.3 431.7 431.3 432.4 434.1 437.6 442.3 446.9 451.6 456.3 457.9 456.8 454.4 450.5 442.1 433.7 427.1 421.5 419.6 418.3 417.6 415.9 412.9 413.6 416.5 416 382.8 401.8 415.3 420.7 427.7 438.4 451.1 464.2 479.3 491.3 500 501.5 492.8 482.6 466.9 450.8 435 420.1 403.4 385.8 371.7 365.9 367.2 368.1 363.6 356.8 350.6 343.7 336.1 325 313.6 305.3 300.6 302.4 306.6 309.6
465.1 465.9 467.7 469.9 470.5 473.5 473.9 472.5 473.2 473.2 471.9 471.7 466.2 456.3 449.6 445.1 444.1 442.2 441.1 441.2 443.7 446.9 451 454.8 459 463.7 465 463.9 463.4 461.1 452.8 445.6 439.5 435.1 434.2 433.1 430.1 425.8 421.7 419.7 421.1 419.5 396.8 383.4 406.7 414.7 421.9 432.1 443.5 457.9 471.5 483.7 490.5 490.8 484 474.8 459.6 443.5 428 410.7 392.1 373.8 358.6 353.1 354.4 354.8 354 346.2 339.8 332.5 324.9 316.5 304.7 295.3 289.5 291.8 293.9 296.4
468.7 470.2 471.5 472.1 474.3 474.5 476 474.8 475 474.2 472.6 471.1 467.6 463.6 461 458.9 456.7 453.5 451.7 451.4 453.6 456.9 460.2 463.6 467.1 471.4 474.6 475 474.6 471.6 465.2 458.3 452.1 449.9 450.5 447.3 444.2 439 432.4 423.5 422.1 419.4 411.4 393.8 380.1 397.6 412.3 424.7 436.5 448.2 458.9 469.2 476.1 476.5 471.3 464.5 452.6 436.3 418.5 399.6 380.6 363.6 350.1 343.7 344.2 346.4 343.9 336.8 328 320.7 313.3 304.9 294.9 285.1 279.3 280 281.8 283.9
472.6 474.1 474.4 474.8 476.7 476.8 477.6 477.2 476.9 475.9 474.7 473.2 472.6 472.4 471 469.7 467 463.4 461.8 462.6 463.4 466.6 470.1 474.9 480.1 485.2 487.4 489.7 488.9 484.8 479.4 473.3 467.3 467.1 463.5 459.6 454.9 448.4 441.3 432.7 428 414.8 415.7 405 381.7 375.4 400.3 413.5 425.4 435 445.3 453.2 458.4 458.7 456.3 451.5 443.2 426.9 409 390.8 371.7 353.9 343.6 337.7 338.3 338.5 334.5 327 316.6 309 301.8 292.8 283.8 274.5 268.2 267.6 269.6 271.7
475.9 477 477.4 477.4 478.8 479.2 479.3 479.4 479 478.4 477.7 477.1 477.1 477.3 478.6 478 475.9 472.4 471.4 472.7 473.8 476.9 481.4 487.8 494 500 503.6 507.3 505.7 501.1 495.6 489.7 483.9 480.4 474.5 468.8 462.7 454.9 446.2 437.2 425.5 420.2 395.4 402.5 387.5 361.6 386.5 401.2 410.5 420.1 428.9 435.7 439.5 440.7 440.6 438.3 431.3 417.6 401.5 383.9 363.5 345.3 337.5 332.5 330.4 329.6 326.6 318.4 309.1 300.2 291.4 282.3 274.1 266.7 258.6 255.1 257 258
478.6 480 480.3 480.3 481.8 483.1 483.1 483.1 482.8 482.1 481.4 480.7 481.4 482.6 485.1 485.5 484.2 481.6 480.7 481.9 484.2 489.2 495.1 501.4 509.3 515.1 522.2 526.4 523.4 517 511.7 506 500 491.4 483.6 475.1 468.6 460.3 450.8 439.2 428.5 419.7 398.2 377.2 386.8 359.6 370.1 387.3 394.6 402.2 410.4 416.6 421.1 424.5 425.1 423.4 418.1 406.4 392.9 375.9 355.4 338.9 331.2 324.9 319.5 321.1 318 310.3 301.6 292.6 283.7 273.9 265.4 258.1 248.7 246.9 245.8 245.2
480.6 482.3 483.3 483.4 484.6 486.8 487.2 487.4 487.8 487.6 486.9 486.1 486.9 487.9 490.1 491.6 491.9 490.1 489.9 492.6 496.5 502.6 508.7 516.3 524 532.3 540.9 544.5 541.4 535 528 520.5 512.2 501.6 490.1 480.5 472.2 461.7 451.3 439.3 427.5 415.9 398.4 382 360.8 366.8 352.2 374.5 381.5 388 394.3 399.1 403.9 407.3 409 410.1 404.9 396.2 384.1 367.9 350.6 332.8 324 316.9 309.8 310.3 308.8 301.5 293.3 285.1 276.2 267 258.8 250.3 241.6 239.3 236.6 236.1
482.5 484.1 485.7 486.9 487.9 490.1 492.1 493.5 493.7 493.3 492.6 491.8 492.5 493.5 495.3 497.9 499.2 499.1 500.8 505 511.4 516.5 524.2 531.4 539.3 549.4 556.4 559.2 558 550.5 541.9 533 522.1 510.4 496.7 485.3 473.7 462.6 451.1 438.7 424.9 409.6 394.9 377 357.1 359.4 342.6 357.5 368.4 374.7 379.3 383.4 387.6 390.8 393.6 395.1 392.5 386.5 375.9 361.1 343.8 326.5 316.3 309.2 301.7 297.5 299.3 292.1 285.1 278.4 270 260.2 251.5 243.1 235.7 230.5 227.2 226.8
485.1 487.1 488.9 490.9 492.6 495.2 497.6 499.3 499.4 499 498.4 497.9 500.2 501.2 502.6 506.5 508.5 510.7 512.8 517.2 523.2 530 536.2 543.5 553.7 561.8 568.1 570.9 569.7 562.3 554.5 543.9 530.3 513.5 498.6 485.7 474.1 462.1 450 435.2 420.7 405.1 388.1 373.3 357.3 353.4 345.7 349.1 356.9 360.5 363.7 367.6 372.3 375.4 377.8 379.9 379.7 375.6 366.1 353.2 336.3 320.8 308.7 300.6 292.6 282.6 288.5 283.8 276.9 271.5 263.2 253.6 244.8 236.8 229.1 223.2 218.9 218.2
487.8 490 491.3 494.4 497.6 500.9 504.2 505.6 505.3 505.2 504.6 505 507.5 511.4 513.2 515.8 520.4 520.7 522.8 526.5 532.2 538.3 545.3 554.2 562.7 569.6 574.7 577.6 576.3 570.9 563.8 551.9 534.3 516.4 500.3 486.5 473.7 460.7 447.3 432 416.3 400.5 383.7 368.5 356 346.8 344.1 337.5 346.9 347.2 351.6 355.8 357.7 359.9 362 364 364.5 363.8 355.6 343.7 328.6 313 300.4 291.1 283.1 272.5 275.7 275.2 270.9 265.6 256.7 247.2 237.7 228.5 220.9 215.4 212.1 211.1
491.2 493.3 495.7 499.1 502.5 506.7 510 511.6 510.9 510.9 510.8 512 517.3 521.5 523.1 525.1 527.9 530.2 531.2 533.8 537.6 543.9 551.2 558.7 566.8 573 577.3 578.9 579.3 575.4 573.6 557.3 535.8 517.5 500.7 485.8 472 459.5 446.3 431.3 415 399 381.1 364.9 351.1 342.3 336.8 332 333.7 333.6 336.6 341.4 342.9 344.5 346.2 347.9 348.5 349.1 343.1 333 320.6 305.4 291.7 282.9 274.1 266.9 258.4 264.2 262.3 256.6 249.6 240.3 229 220.5 213.5 209 205.9 203.8
