webserver/python/data/NO76.asc
ncols 200
nrows 200
xllcorner 370000
yllcorner 760000
cellsize 50
[rows 152 to 189 of 200, columns 0 to 83 of 200]
54.4 53.3 52.9 52.7 52.1 51.4 50.8 50.1 49.4 48.5 47.7 46.8 45.6 44.7 44 42.3 41.5 37.9 39.5 38 36.7 32 29.2 12.3 9.9 9.7 9.7 9.7 5.9 5.7 6.8 12.7 37.1 37.3 37 34.7 34.6 37.6 39.8 42.6 44.2 46.2 45.7 42.1 37.6 34.8 25.4 19.3 12.7 17.9 5.3 4.8 4.2 4.2 4.1 4.2 4.2 3.9 3.9 3 2.1 2.4 2.6 2.8 3 2.8 2.7 2.7 2.5 2.2 2.5 -1.9 -1.9 -1.9 -1.9 -1.9 -1.9 1.9 3.3 4.6 1.6 1.3 0.3 -0.7
56.6 55.3 54.1 54.1 53.7 53 52.4 51.7 51 50.1 49.2 48.4 47.2 46 45.2 43.2 41.3 40.9 40.4 38.8 37.7 36.4 34.7 18.8 9.5 9.4 9.5 9.6 9.6 9.3 5.4 5.2 35 34.7 36.3 35.2 34.7 37.3 40.3 41.9 45.2 44.8 42.6 38.2 31.9 28.6 17.6 15.4 6.1 14.3 5.5 4.9 4.5 3.6 1.7 1.7 1.7 1.9 -1.9 -1.9 -1.9 -1.9 3.6 3.2 3.2 3.3 3.2 3.2 -1.9 -1.9 -1.9 -1.9 -1.9 -1.9 -1.9 -1.9 2.1 2.1 3.8 1.7 1.9 0.8 -0.2 -1.9
58.8 57.5 56.3 55.7 56.4 55.6 54.8 53.7 52.8 51.8 50.8 50 48.8 47.5 46.1 44.7 42.8 41 40.4 40.2 38.6 37.3 34.5 19.9 9.4 9.2 9.3 9.4 9.5 9.2 8.5 5.3 27.8 33.1 33.3 32.8 34.3 35.7 37.5 40 41.5 39 34.2 29.3 23.1 18.5 14 6 5 4.8 2.4 2.1 2.6 4.2 3 3.7 1.8 1.9 -1.9 -1.9 -1.9 -1.9 -1.6 2.3 2.7 2.1 2.1 0 -1.9 -1.9 0.2 1.8 -1.9 -1.9 -1.9 2.1 1 3 3.3 2 1.4 0.5 -0.5 -1.9
60.3 59.5 58.7 59 59.1 58.2 56.4 55.8 55 53.9 52.9 51.7 50.2 48.8 47.4 45.9 44.8 43.2 41.2 40.5 39.8 36 36.9 24.3 9.4 9 9.3 9.3 9.3 9 8.7 7.7 5.7 26.4 29.1 30.4 33.2 34.8 37.2 36.9 34.8 29.8 23.6 19.9 11.1 5.1 5 5.5 4.6 2.9 2.2 2.6 6.2 12.1 16.5 23.4 15 8.6 4.8 -1.9 -1.9 -1.9 -1.9 -1.9 -1.9 -1.9 -1.9 -1.9 -1.9 -0.7 0.8 1.4 -1.9 -1.9 -1.9 2 2.8 3.8 5.9 1.9 1 0.1 -0.9 -1.9
61.9 61.3 60.6 60.5 60.6 59.5 58.5 57.8 56.9 55.8 54.6 53 51.5 50.1 48.5 47.1 45.9 45.2 43.6 40.9 40 39.6 36.4 24.2 9.4 8.5 9 9.3 9 8.7 8.5 8.3 5 12.9 26.4 26.9 31.2 33.4 33.6 27.8 21.9 19.4 6.1 4.9 4.9 5.1 5.3 5.3 3.7 3.3 3.8 24.2 27.1 28.4 28.2 26.5 10.2 8.5 8.1 4.1 3.5 3 2.8 2.9 3.4 3.5 3.3 2.8 2.7 2.6 2.2 2.1 -1.9 -1.9 2 1.4 3.4 4.3 2.7 1.4 0.4 -0.4 -1.3 -1.9
64.2 63.5 62.8 61.7 60.6 60.1 59.8 59.3 58.7 57.4 55.9 54.5 53.1 51.3 49.7 48.3 47.7 47 44.6 42.8 41.9 41.2 40.4 29.6 10.4 9 9.1 8.8 8.7 8.4 8.2 7.9 8.4 4.5 18.7 24.7 25.6 22.4 18.1 13 10.2 6.1 5.4 5.8 6 5.9 5.6 4.2 3.2 4.5 18.6 28.4 28.7 29 27.6 21.2 8.9 8.3 8.6 6.2 5.2 5.3 3 2.6 3.1 3 3 2.9 2.6 -1.9 2.1 -1.9 -1.9 2.6 2.9 2.5 3.2 7.7 2 0.7 -0.3 -1.1 -1.9 -1.9
66.5 65.7 64.6 63.4 62.5 62 61.6 60.6 60.1 59.8 59.2 57.6 55.2 53.6 51.5 49.9 49.8 48.4 46.8 45.3 44.3 43.1 42.1 36.4 23.2 9.6 9.3 8.4 8.1 7.8 7.5 7.2 8.2 5 8.4 9.7 14.7 10.7 7 6 5.6 5.4 5.3 5.6 5.6 5.5 3.3 3.1 5 13.6 25.2 28.9 26.6 24 21.9 15.2 8.4 8.2 8.1 6.7 5.7 6.5 7.1 7.2 6 4.6 5.4 4.4 4.4 -1.9 -1.9 -1.9 -1.9 -1.9 2.4 3.7 3.5 2.1 1.3 0 -1.2 -1.9 -1.9 -1.9
68.6 67.5 66.2 65 64.5 63.9 63.4 62.6 62.2 61.6 57.3 59.5 57.5 56.1 54 53.8 52.6 51.3 49.9 48.2 47 45.8 44.6 42.6 32.9 13.8 7.6 8.1 7.6 7.1 6.8 7.1 7.8 9.1 4.6 6.9 6.7 7.5 7.2 6.1 5.5 5 5.2 5.2 5.3 5.6 3 5.9 7.3 23 24.1 24.3 21.3 18.8 17.2 10.3 8.6 8.7 8.3 6.7 6.3 6.6 7.1 6.9 6.7 6 5.2 4.8 4.6 2.7 2.2 -1.9 -1.9 -1.9 3.6 4.3 7.2 2.1 0.6 -1.9 -1.9 -1.9 -1.9 -1.9
70.2 68.9 67.7 67.1 66.5 65.8 65.4 64.6 64 63.3 57.3 61.4 59.7 58.3 57.3 56.5 55.1 54 53 51.3 49.7 48.4 47.3 46.6 37.5 19.6 13.4 9 7.4 6.5 6.7 7.3 7.5 6.4 4.9 7.3 6.7 6.2 6.5 6.1 5.7 5.4 5 5.2 5.5 4 5.6 5.6 18.2 21.8 20.5 19.6 16.2 14.9 13.3 10.1 9.1 8.8 7.8 6.6 6.5 7.1 7 7.5 6.3 5.2 5.2 5 5.4 4.2 2.2 2.4 -1.9 2.2 3.4 5.7 7.3 1.5 0 -1.9 -1.9 -1.9 -1.9 -1.9
71.6 70.4 69.1 68.9 68.6 67.1 65.9 65.8 65.6 65.2 63.6 62.7 61.3 60.1 59 58.2 57.2 55.9 54.9 54.2 52.4 50.3 49.4 48.8 44.6 33.7 17.5 15.2 9.3 7 6.8 6.1 5.6 5.2 7.1 4.6 7.4 6.7 6.5 6.3 6.1 5.6 5.7 5.8 3.9 5.5 5.6 12.7 20.5 19.5 16.8 15.4 13.4 12.6 10.8 9.4 9 8.7 8 6.5 7.1 7.8 8.1 6.6 4.8 4.8 5.1 5.2 5 3.5 2.2 2.4 -1.9 2.3 3.3 5.8 2.3 0.8 -0.6 -1.9 -1.9 -1.9 -1.9 -1.9
73.1 71.8 70.5 70.6 69.8 68.4 67.3 67.2 66.9 66.9 64.8 63.6 62.5 61.2 60 59.3 59.1 56.5 56 55 53.8 52.1 50.2 48.9 49.2 33.5 30.4 23 18.4 8.5 6.5 6.2 5.8 5.9 5.7 7.7 4.7 5.9 6.6 6.9 6.5 6.3 6.5 3.9 6.2 5.8 6.5 19.4 18.4 16.4 14.5 13.1 12.6 11.8 10.1 9.3 9.1 8.6 8.4 6.2 7 8 8 5.6 4.2 4.1 4.7 4.9 4 3.2 2.5 2.5 2.2 2.7 3.7 7.1 1.6 0.3 -1.9 -1.9 -1.9 -1.9 -1.9 -1.9
73.8 72.5 71.2 71 70.3 69.2 67.6 67.3 66.9 66.6 65.9 63.4 62.4 61.8 60.6 59.2 58.1 56.4 56.4 55.4 54.4 52.9 50.5 48.4 45.7 38.5 39.4 39.5 32.7 18.8 7.6 6.6 7 6.3 5.8 7.2 7.4 5.4 4.3 4.2 4.3 4.3 4.4 6.6 6 6.3 16.4 17.7 16.4 15.2 14.3 12.7 11.7 11.1 10.3 9.5 9 8.5 8.6 8.3 6.9 8.1 6.4 3.9 5.2 4.7 4.1 4.3 4.4 3.7 2.5 2.3 2.3 3 4.4 3.2 1.1 0 -1.9 -1.9 -1.9 -1.9 -1.9 -1.9
73.8 72.6 71.3 70.9 69.5 68.1 66.9 66.1 65.9 65.1 64.5 62.7 61.5 60.6 58.9 57.4 56.8 56.2 56.5 55.4 53.8 51.8 49 46.3 43.6 40.6 33.1 39.3 35.9 28.4 12.5 7.7 7.4 6.7 6 6.7 7 7.1 6.9 7.2 7.3 7.3 6.9 6.3 7.1 9.8 17.6 16.2 15.9 14.6 14.6 13.2 10.4 8.6 9.1 9.3 8.9 8.4 7.9 7.8 7.5 7.5 5.1 3.8 5.2 5.2 4.6 4.3 3.6 3.2 2.5 2.3 2.5 3.3 6.7 1.7 0.6 -0.6 -1.8 -1.9 -1.9 -1.9 -1.9 -1.9
72.4 71.3 70 69.1 67.5 66.3 65.9 65 64.4 63.6 62.6 61.4 60.2 59.3 56.7 55.4 54.6 53.8 53.3 52.1 50.2 48.2 46 43.4 41.3 39.5 31.9 36.6 34 32 26.4 8.3 7.1 6.4 6.3 6.5 6.9 6.9 7 6.8 7 7.4 6.9 7.4 13.5 17.5 17.9 16.1 16.4 17.8 16.9 13.8 9.4 9.2 9.5 9.2 8.7 8.2 7.7 7.2 6.9 5.9 3.7 4.1 4.6 5.2 5.1 4.7 3.9 3.1 2.7 2.8 2.8 3.5 7.5 1.2 -0.1 -1.1 -1.9 -1.9 -1.9 -1.9 -1.9 -1.9
69.9 68.5 66.7 66.1 65.7 64.5 64.2 63.8 62.7 61.6 60.4 59.4 57.6 56.7 56 54.3 52.4 51.3 50.3 48.9 46.7 44.8 42.8 40.7 39.2 38.7 31.1 34 32.2 30.8 29.1 22.3 8.6 7.5 7.2 6.7 6.8 7.2 7 6.6 6.9 7.3 7.8 16.1 16.9 19.2 19.7 18.1 17.4 16 14.2 9.7 9.6 9.5 9.4 9 8.6 8 7.5 7 6.1 5 3.9 3.6 4.7 5.1 4.7 4.4 4.6 2.8 2.8 3.1 3.1 5.7 1.9 0.6 -0.8 -1.9 -1.9 -1.9 -1.9 -1.9 -1.9 -1.9
67 65.2 63.4 62.8 62.6 62.1 61.3 60.5 60 58.9 57.8 56.2 54.4 53.9 52.9 51.1 50 49 47.9 46.1 44.5 41.8 39.5 38.7 37 35.4 30.4 32.6 31.3 29.9 28.1 26.4 24.1 12.1 8.1 7.7 7.3 7.6 7.4 7.1 7 9.1 13.9 16.6 17.2 20.1 18.2 17.4 16.1 14.4 9.8 9.4 9.2 9 9.1 8.7 8.4 7.8 7.3 6.8 5.4 4 3.3 3.3 4.3 5 4.4 2.9 4.2 2.9 3.3 3.6 3.5 10.6 1.4 0.1 -1.9 -1.9 -1.9 -1.9 -1.9 -1.9 -1.9 -1.9
63.5 61.9 60.2 59.5 59.2 58.7 57.8 57.1 57 56.1 54.8 53.8 53.1 51.4 50.3 49 47.8 46.8 45.7 43.9 42.4 41.7 38.3 36.7 34.8 34 30.2 30.8 29.4 28.2 26.4 24.6 22.2 19.1 15.2 8.3 8.7 8.3 7.7 7.7 13.8 14.3 13.7 14.4 17 19.1 18.1 17 14.2 11.5 9.1 8.6 8.9 8.6 8.3 8.8 8.2 7.6 7.1 6.5 4.9 3.2 3.2 3.3 3.7 3.2 3.2 3.3 3.8 3 3.5 3.9 6 2.3 0.9 -0.4 -1.9 -1.9 -1.9 -1.9 -1.9 -1.9 -1.9 -1.9
58.4 57.7 56.9 56.1 55.7 55.2 54.4 53.5 53.1 52.8 51.8 51.1 50.4 49.2 47.9 46.4 45.5 44.9 43.4 43.2 40.9 38.5 36.4 34.9 33.3 32.6 30.2 27.9 26.8 25.6 20.5 20.2 19.2 18.1 17.1 14.8 14.7 14.7 11.7 14.6 14.7 14 11.3 12.1 16.7 20.3 19.3 16.7 11 9.2 8.9 8.7 8.6 8.4 8.1 8 8 7.4 6.8 6.2 4.3 3.2 3.2 3.4 3.5 3.5 3.4 3.5 3.4 3.2 3.4 3.7 10.3 1.7 0.5 -0.8 -1.9 -1.9 -1.9 -1.9 -1.9 -1.9 -1.9 -1.9
54.9 53.7 53.2 53.8 53.9 52.3 51.1 50.2 49.3 48.6 47.9 47 46.5 46 45 43.3 41.7 40.6 40 39 37.4 36.1 34.9 33.4 31.8 30.6 26.3 25.1 23.8 22.1 20.5 19.1 17.8 17.1 16.1 14.9 13.9 13.4 14.4 15.9 15.4 14.6 11.3 10.1 14 18.8 18.2 12.8 9.7 9.1 9.2 9.2 8.6 8.6 9.2 9.2 6.8 6.8 6.6 5.6 3.9 3.5 3.3 3.6 3.6 3.5 3.4 3.4 3.6 3.3 3.6 4.7 5.4 1.2 0.1 -1 -1.9 -1.9 -1.9 -1.9 -1.9 -1.9 -1.9 -1.9
53.7 51.9 50 49.4 50.5 48.9 48 47.3 46.4 45.6 45.1 44.5 43.6 42.5 41.7 40.7 39.3 38.5 37.1 36.5 35.4 34.1 33.1 32 30.7 28.8 23.7 22.2 20.9 19.8 19.1 18.2 16.8 15.8 15.1 14.2 15.5 18.4 23.1 23.5 21.3 18.6 12.6 10.2 10.9 20.5 11.6 9.4 9.1 9.1 9 9.2 9.4 8.8 7.6 8.1 8.1 6.7 6.5 4.2 4 3.8 3.8 4.1 5.9 4.6 3.3 3.5 3.8 3.8 4.2 9.1 1.9 1 -0.1 -1.2 -1.9 -1.9 -1.9 -1.9 -1.9 -1.9 -1.9 -1.9
50.8 49 47.7 46.5 46.2 45.7 45.2 44.6 43.7 43.1 42.6 42 41 40.2 39.5 38.9 37.9 37 35.7 34.3 33.2 32.2 31.3 30.4 29.8 26.6 23.2 21.2 19.5 18 17.5 17 17.9 16.4 15.3 15.5 18.1 25.3 27.4 25.1 25.4 18.8 11.4 9.3 10.5 14 9.4 9.2 8.8 9.2 8.8 9.4 9.1 9 8 6.3 6.2 7 5.4 4.2 4.1 4 4.1 4.4 4.5 4.3 3.7 3.8 3.6 2.6 4.3 12.3 1.6 0.7 -0.2 -1.3 -1.9 -1.9 -1.9 -1.9 -1.9 -1.9 -1.9 -1.9
47.7 46.1 44.9 43.5 43.1 42.8 42.5 41.9 40.7 40.1 39.5 39 38.6 38.1 37.6 37.1 36.2 34.9 33.7 32.2 30.9 29.9 29.3 28.9 27 23.8 21.8 20.1 18.7 17.5 16.9 19.7 21.1 17.9 15.7 16.2 17.4 22 22.4 19.2 17.1 13.9 10.3 9.2 10.2 9.7 9.3 9.6 8.5 9.2 8.7 8 7.9 7.8 6.9 6.9 6.7 6.6 5.6 4.3 4.1 4.1 4.3 4.1 3.8 3.4 3.8 3.7 3.6 3.9 6 2.7 1.3 0.4 -0.6 -1.9 -1.9 -1.9 -1.9 -1.9 -1.9 -1.9 -1.9 -1.9
43.9 42 41.2 40.4 40 39.5 39.3 38.7 37.7 37 36.4 35.8 35.3 35.2 35.5 34.5 33.7 32.5 31.2 30 28.8 28 27.8 27.2 24.9 22.6 20.2 18.9 18.1 17.1 20.2 25.6 23.6 18.5 16.1 15.6 15.6 16.4 14.8 12.6 11.7 12.7 9.8 9.5 9.8 9.2 8.5 8.7 9.1 10.3 9.2 8.5 7.6 7.8 6.7 6.9 6.6 5.5 4.2 4.1 4.2 4.3 4.4 4.2 3.8 3.8 3.8 3.5 3.4 3.8 10.1 1.9 1 0.1 -0.8 -1.9 -1.9 -1.9 -1.9 -1.9 -1.9 -1.9 -1.9 -1.9
39.6 38.4 38 37.6 37.1 36.5 36 35.4 34.7 34.2 33.8 33.6 32.7 31.4 31.8 32.5 31.1 29.5 28.5 27.9 26.8 26 26 26.2 22.3 20.9 19.6 18.7 18.2 18.7 23 25.1 24.3 18.5 16.5 16 15.2 14.2 12.3 10.5 10.4 10.1 10.4 10 9.7 9.4 8.9 9.1 9 9 8.9 7.7 7.8 7 6.5 6.2 5.9 4.5 4.3 4.2 4.2 4.4 4.5 4.1 3.9 3.7 3.4 3.6 3.2 6.5 7 1.6 0.6 -0.3 -1.2 -1.9 -1.9 -1.9 -1.9 -1.9 -1.9 -1.9 -1.9 -1.9
37 35.2 34.4 34 34 34 32.9 32.3 31.9 31.7 31.5 30.9 29.7 27.9 28.5 27.9 26.8 26 25.5 25.3 24.4 23.5 25.8 21.9 21.5 20.3 19 19.8 19.2 19.2 21.7 24.6 21.6 18.3 16.3 14.6 13.4 12.5 10.8 9.5 9.8 11 10.2 9.8 9.6 9.4 9.2 9.2 9.2 9.3 9.2 8.8 8.3 7.3 6.2 6.1 5.7 4.8 4.3 4.2 4.2 4.5 4.4 4 3.9 3.6 3.5 3.5 3.9 10.8 2.1 1.2 0.3 -0.6 -1.9 -1.9 -1.9 -1.9 -1.9 -1.9 -1.9 -1.9 -1.9 -1.9
35.2 32.8 31.4 30.3 30.1 29.9 29.4 29 28.6 28.1 27.6 26.9 26.2 24.4 24.2 23.3 23.6 22.9 23.4 23 22.1 24.7 20.3 20.4 21.7 21 19.8 18.4 17 15.3 15.8 17.3 16.6 15.3 14.3 12.7 12.2 11.5 11 9.5 8.6 10.7 10 9.6 9.3 9.1 8.8 9 9.5 9.6 9.5 9.3 9.5 8.1 6.4 6 5.6 5.1 4.3 4.3 4.2 4.5 4.4 3.9 3.8 3.6 3.4 3.5 4.2 16 1.7 0.8 -0.1 -1 -1.9 -1.9 -1.9 -1.9 -1.9 -1.9 -1.9 -1.9 -1.9 -1.9
33 30.8 28.8 26.7 26 25.7 25.5 24.9 24.8 24.2 23.6 23 22.3 20.9 20.9 21.3 21.5 21.6 22 22.1 20.8 20.8 20.8 19.4 19.5 19.2 18 17 15.5 13.9 14.2 15 13.9 13 12.1 11.3 11.6 11.1 10.6 10.4 10.5 10.5 9.5 9.4 9.2 8.9 8.6 8.3 9.3 9.8 9.7 9.5 9.1 7.9 6.7 5.7 5.3 5 4.4 4.3 4.2 4.2 4.3 3.9 3.5 3.3 3.6 3.6 7.2 3.6 1.4 0.5 -0.4 -1.9 -1.9 -1.9 -1.9 -1.9 -1.9 -1.9 -1.9 -1.9 -1.9 -1.9
29.6 27.9 25.8 24.1 22.6 21.5 21.2 20.8 21.7 20.6 20.1 19.6 19.1 20.5 20.3 20.7 24.8 21.5 21.1 21.9 24.1 21.1 20.7 19.6 16.9 16.8 16.8 15.1 14.1 13.7 12.9 12.5 12.5 12 12.8 12.1 12.4 11 10.2 12 12.1 9.6 9.3 9.2 8.9 8.7 8.6 8.2 7.8 7.6 8.2 8.6 8.1 7.5 6.3 5.6 5.4 5.1 4.5 4.5 4.3 4.3 4.3 4.3 3.7 3.7 3.7 4.4 12.3 2.1 1.2 0.4 -0.6 -1.9 -1.9 -1.9 -1.9 -1.9 -1.9 -1.9 -1.9 -1.9 -1.9 -1.9
26.1 24.9 24.6 21.8 20.2 18.8 18.5 18.8 20.8 20.5 20.1 19.5 19.4 19.9 26.7 23 21.5 21.5 22.4 22.3 22.9 20.8 19.8 18.9 18.6 17.3 17.2 15.3 15.6 15.3 15.4 14.8 14.6 13.9 15.2 15.8 14.7 12.5 12.8 16.9 13.2 9.4 9.2 9 8.7 8.6 8.6 8.1 7.6 7.3 7.5 6.8 6.5 6.3 5.9 5.4 5.2 4.9 4.7 4.5 4.3 4.3 4.3 4.3 4.6 4.8 4.7 7.6 14.1 1.7 0.9 0.1 -0.7 -1.9 -1.9 -1.9 -1.9 -1.9 -1.9 -1.9 -1.9 -1.9 -1.9 -1.9
23.1 22.1 21.7 20.2 18.5 17 16.9 18.7 20.3 20.1 19.9 20.8 25.4 22 21.9 21.3 21 21.3 21.6 21.6 20.9 19.8 19 18.4 19.4 19.6 18.1 16.2 15.1 15.2 15.3 15.4 15.8 15.8 16.9 18.2 18.7 16.1 16.4 22.4 11 9.2 9 9 8.9 8.7 8.5 7.5 8.2 7.2 6 6.1 5.9 5.6 5.3 4.8 4.9 4.7 4.5 4.4 4.2 4.3 4.4 4.1 3.8 4.2 7.1 8.3 3.7 1.5 0.6 -0.2 -1 -1.9 -1.9 -1.9 -1.9 -1.9 -1.9 -1.9 -1.9 -1.9 -1.9 -1.9
21 19.7 19.1 19 17.4 16.2 16.1 18.1 19.2 23.5 20.1 18.3 18.9 20.1 20.3 19.7 19.5 19.7 19.8 19.8 18.1 18.4 18.2 18 18.1 18.1 16.9 15.8 15.2 15.2 15.3 15.2 15.5 15.9 17.2 20.3 21.1 21.1 19.2 21.4 8.9 8.9 8.7 8.9 8.9 8.4 7.8 7.3 7.2 6.5 5.8 5.2 5.2 5 4.6 4.3 4.3 4.5 4.4 4.2 4.1 4.2 4 5.5 4.1 4.8 6.1 11.5 2 1.2 0.4 -0.5 -1.3 -1.9 -1.9 -1.9 -1.9 -1.9 -1.9 -1.9 -1.9 -1.9 -1.9 -1.9
20.2 18.9 17.6 18.9 17.2 15.2 17 24.8 16.9 17.5 17.3 17 17.3 18.2 18.8 18.6 18.5 18.5 18.8 19.2 18 17.8 17.4 17.5 17.6 17.7 16.8 15.6 15.2 15.2 15.2 15.2 15.9 16.8 16.8 20.4 21.9 22.7 21.3 17 8.4 8.3 8.7 8.7 8.6 7.9 6.9 6.7 6.5 6.9 5.5 5.1 4.7 4.3 4 3.9 4.1 4.2 4.2 4 3.9 3.6 3.5 3.6 4.3 6.2 8.5 11.5 1.8 0.9 0 -0.8 -1.9 -1.9 -1.9 -1.9 -1.9 -1.9 -1.9 -1.9 -1.9 -1.9 -1.9 -1.9
19.6 18.6 18 16.6 21 18.5 13.6 14.1 15.4 16.9 16.8 15.8 16.5 17.6 17.7 17.6 17.5 17.6 17.9 18 17.2 17.5 17.1 17.1 17.3 17.2 16.8 15.5 15.1 16.1 16.5 16.6 16 17.1 17.4 19.8 20.9 20.4 17.5 10.3 7.9 7.9 8.5 9.6 7.7 7.7 6.5 6.5 7 5.8 5.3 4.9 4.4 4 3.6 3.7 3.8 3.9 4 3.7 3.6 3.4 3.7 4 5.7 6.8 9.6 3.7 1.5 0.6 -0.3 -1.2 -1.9 -1.9 -1.9 -1.9 -1.9 -1.9 -1.9 -1.9 -1.9 -1.9 -1.9 -1.9
19.3 21 21.7 21.1 17.5 17.7 16.5 12.7 13.9 15.3 15.9 14.6 15.1 16.8 16.7 16.6 16.6 16.7 16.5 16.1 14.9 15 17 17 16.9 16.8 16.1 15.3 14.9 17.4 17.1 17.6 16.7 17.1 18 19.9 21.3 20.5 13.3 9.4 7.8 7.5 7.8 10 9.2 7.5 6.7 6.5 7.3 5.8 5.3 4.9 4.5 4.1 3.6 3.6 3.6 3.7 3.8 3.5 3.3 3.8 4.3 4.8 5.5 5 13.4 2.2 1.2 0.2 -0.7 -1.9 -1.9 -1.9 -1.9 -1.9 -1.9 -1.9 -1.9 -1.9 -1.9 -1.9 -1.9 -1.9
18.5 19.6 18.9 14.6 16.5 17.2 16.7 14.9 10.7 10.7 12.1 13.2 13.7 14.5 14.7 15.5 13.5 13 12.9 13.7 14.7 15.7 16.3 16.5 16.2 16.1 15.3 14.6 14.4 16 17.5 18.4 18.6 18.3 19.4 20.7 21.9 21.1 11.1 9.2 8 7.2 7.2 7.2 7.2 7.1 7.3 7.1 6.9 5.8 5.4 5 4.6 4.1 3.7 3.6 3.5 3.6 3.7 3.3 3.7 4.4 4.8 5.3 5.8 6.3 13.4 0.8 -0.7 -1 -1.3 -1.9 -1.9 -1.9 -1.9 -1.9 -1.9 -1.9 -1.9 -1.9 -1.9 -1.9 -1.9 -1.9
17.2 17.3 16.7 13 14.2 15.5 15.1 14.8 12.2 10.9 9.7 10 9.6 10.4 11.5 9.6 11.6 11.9 12.8 13.7 15.4 14.9 15.2 16.3 15.9 15.6 15.2 15 15.1 16.7 17.9 18.8 19.7 19.1 20.3 21.5 22.6 18.9 9.3 7.8 7.8 7.4 7.2 7.2 7.2 7 6.5 6.4 6.1 5.9 5.5 5.1 4.7 4.1 3.7 3.6 3.5 3.5 3.5 3.5 3.9 4.5 5 5.5 5.9 9.2 3.3 -1.9 -1.9 -1.9 -1.9 -1.9 -1.9 -1.9 -1.9 -1.9 -1.9 -1.9 -1.9 -1.9 -1.9 -1.9 -1.9 -1.9
16.2 16.2 15.8 13.5 12.1 14 13.7 13.6 12.7 12.2 12.2 10.1 9.9 7.1 7.2 7.5 9.1 11.3 12.9 13.2 18 14.4 15 15.5 15.7 15.6 15.4 15.5 15.6 16.6 17.7 18.7 19.5 19.1 20.1 20.5 21.3 15.6 7.9 7.8 7.6 7.5 7.2 7.2 7.3 6.9 6.7 6.3 6.2 5.9 5.6 5.2 4.7 4 3.7 3.6 3.6 3.5 3.4 3.7 4 4.5 5.1 5.7 6.8 14.2 2.7 -1.9 -1.9 -1.9 -1.9 -1.9 -1.9 -1.9 -1.9 -1.9 -1.9 -1.9 -1.9 -1.9 -1.9 -1.9 -1.9 -1.9
15.9 15.2 14.7 12.4 10.3 12 12.6 12.8 12.9 12.6 12.5 11.7 11.3 9.3 6.6 7.4 8.3 7.4 12.2 13 13.4 14.2 14.7 15.2 15.4 15.3 15.2 15.1 15 17 17.9 18.6 18.8 18.8 21.8 22.9 20.7 11 8.6 8.2 7.8 7.5 7.3 7.4 7.3 6.7 6.8 6.2 6.1 5.9 5.7 5.4 4.7 4 3.7 3.7 3.6 3.6 3.6 3.7 4 4.5 5.1 4.7 7.9 12.6 2 0 -1.8 -1.9 -1.9 -1.9 -1.9 -1.9 -1.9 -1.9 -1.9 -1.9 -1.9 -1.9 -1.9 -1.9 -1.9 -1.9
