webserver/python/data/NO87.asc
ncols 200
nrows 200
xllcorner 380000
yllcorner 770000
cellsize 50
[rows 114 to 151 of 200, columns 0 to 83 of 200]
74.8 72.7 64.8 57 50.5 43 35.1 31.2 28.6 29.1 28.5 28.5 26.9 26.3 26.8 27.5 28.2 39.3 55.3 53.9 52.9 52.4 50.5 42.6 25.7 23.4 23.6 24 23.6 23.1 23.3 23.4 22.7 22.4 22.5 22.3 34.7 37.5 39.6 43.8 43.8 45.2 46.5 49.5 51.7 53.9 56.4 59.2 62 65.3 69.1 73.2 79.3 83.6 80.2 79.6 79.2 77.3 76.2 74 67.9 61.5 55.1 52.1 48.7 45.2 39.7 44.6 47.2 50.4 53 56.3 59.7 64.8 69.6 73.2 77.6 79.8 84.7 89.8 94.4 98.5 104.8 107.4
73.8 72.4 69.6 67 63.9 57.1 52.7 51.6 42.5 34.2 33.8 29.7 29.7 30.1 31.3 34.3 40.8 54 56.5 55.8 55.6 55.8 56.6 54.1 46.1 30.7 23.9 23.3 23 23.2 22.9 22.6 22.5 22.6 21.9 21.7 25.8 36.3 36.2 38.5 40.7 42.4 44.8 47.5 49.8 52.3 54.6 56.8 59.1 62.3 66.2 70.6 75.9 76.2 74.2 73.9 73.7 74.2 73.1 69.4 65.5 59.7 54.2 52 49.1 45.5 38.1 43.3 46.2 48.8 52.2 55.5 58.9 63.1 68.3 72.3 79.4 84 88.6 93.1 96.8 102.3 107 109.7
74.9 73.1 71.1 69.1 68.6 60.2 64.9 54.5 50 47.1 44.8 47.8 53.4 57.9 58.9 57.4 59.3 59 59.1 58.8 58.4 58.2 58.4 57.3 56.3 49.1 41 33.1 25.8 23.1 22.4 23.6 22.6 21.5 21.3 21.1 21.7 35.8 32.1 31.6 36 42.2 43.9 46.2 48.8 51.2 53.3 55.4 57.7 60.8 64.2 66.9 70.6 69.4 69.1 68.8 69 69.5 69.1 65.3 61 57 53.6 51.8 49.2 46.6 38.3 40.1 44.6 47.8 51 54.2 57.4 61 68.1 75.9 82.2 88 92.5 96.4 100.1 104.2 109.6 112.8
75.5 74.7 72.4 68.3 64.4 67.5 62.7 57.7 54.5 52.8 61.7 64.2 63.8 63.7 64.2 63.3 62.3 61.8 62.1 62.8 62.1 61.4 60.5 59.2 58.1 58.8 52.7 47 41.8 36.9 31.1 25.7 22.1 21.3 21.3 21.4 21.5 35.4 24.9 37.2 42 43 44.4 45.7 48 49.9 51.6 53.9 56.7 59.3 61.3 63.3 64.2 63.8 63.4 63.6 64 64.4 64.8 61.8 58.2 55 52.5 51.5 48.7 46 39.8 36.2 43.6 47.3 50.3 53.3 56.4 62.8 71.5 78.9 85.8 91.7 96.1 100.1 104.1 107.8 112.3 116.2
76.3 75.1 73.6 66 73.4 73.9 72.8 64.6 62.3 66.4 67.8 66.6 66.5 66.8 67.1 66.2 65.5 64.9 65.1 65.9 66.1 65.7 64.6 63.5 62.1 60.5 57.3 53.4 49 39.3 32.1 24.5 22.1 21 21.1 21.1 25.1 33.4 22.6 29.6 29.7 33.5 43.1 46.1 47.1 47.8 50 52.3 54.9 56.9 58.8 60.1 60.1 58.7 57.7 58.5 59.5 59.3 59.3 58 54.7 51.7 51.8 51.2 47.9 44.6 39 34.6 42.4 46.2 49.9 52.8 57.4 66 75.2 83.3 89.1 95 99.6 104.4 108.8 113.4 116.2 119.6
77.6 75.9 74.5 69.2 76 76.3 76 74.7 73.1 70.8 69.7 69.5 69.2 69.6 69.8 70.4 70.3 70 69.7 70 71.7 69.4 68.2 67 65 61.9 58.9 55.5 50.3 38.1 29.1 20 19.8 20.7 20.7 20.7 32.5 25.3 15.8 15 14.8 14.9 19.5 45.2 46.7 47.4 48.1 50.3 52.5 54.2 55.6 56.2 56.9 55.5 54 54.5 55.1 54.4 53.8 52.1 50.2 50.7 50.3 50.2 45.4 42.5 38.1 36.2 40.8 44.8 48.5 53.1 61.7 70.4 78.7 88.3 93.4 98.3 102.9 107.6 113.6 119.8 121.7 122.8
78.4 77.3 76.4 70 75.1 75.6 76.8 77.8 77.2 76.4 75.7 74.4 74.1 74.2 74.8 77.4 78.5 78.7 78.5 77.8 75.8 72.4 71.2 69.5 66.7 63.7 59.6 54.6 37.7 19.9 18.8 18.9 18.8 22.2 20.4 25.7 19.8 14.8 15 14.2 14.6 14.7 21.3 44.4 45.5 45.5 46.2 48.4 49.8 50.9 51.7 52.5 53.7 52.3 50.7 51.5 50.5 49.5 48.5 47.5 46.9 49.1 46.8 44.4 42 39.9 35.2 33.6 41.6 46.9 51.9 57 63.7 71.9 81.2 91.6 98.5 102.9 108.3 113.6 118.4 123.2 124.1 126.8
79 77.9 77.5 71.4 75.6 76.6 77.6 78.7 79 78.4 77.9 79.5 80.4 80.8 81.2 83 83.4 83.5 83.3 80.9 78.9 75.5 74.1 71.3 68.5 65.6 62.3 47.8 24.8 18.6 18.6 18.8 19 20 26.2 18.1 13.7 13.5 13.2 13.2 13.7 14.1 27.3 42.5 43.8 43.6 44.4 45.5 46.1 46.9 47.6 48.7 49.9 49 47.6 46.9 46 45 43.9 42.8 44.4 44.9 42.9 41.1 39.4 37.6 29.4 37.9 42.8 48.8 54.9 60.8 65.9 72.5 85 96.1 102.8 108.6 113.4 118.8 122 124.8 126.5 128.8
79.9 79.1 73.1 76.5 77.7 78.3 78.5 79.5 80.5 80.2 80 83.8 85.6 86.8 87.8 88.7 88.7 88 85.6 83.6 81.8 79 75.9 73.1 70.3 67.5 64.4 45.7 25.4 18.5 18.4 18.6 19.4 19 19.6 16.7 13.6 13.5 13 12.2 12.8 13.3 27 41 40.7 40.2 39.6 39.9 38.5 38.8 39.1 43.1 45.2 44.9 44.1 42.8 41.6 40.4 39.5 38.8 40.2 40.6 39 37.5 36.4 34.3 29.6 38.9 43.6 49.5 55.6 61.7 67.8 74.4 87.4 100.2 108.4 114.2 119.1 123.9 124.7 126 128.1 127.2
78.8 74.1 77.6 80.3 80 80.9 81.7 81.7 81.8 82.1 84.2 88 90.4 91.2 92 92.2 91.8 89.7 87.2 85.2 83.1 79.6 76 73.4 71.1 68.8 67.2 55.4 39.5 27.2 18.5 19.8 18.4 19 19.2 20.4 15.7 13.5 13 12.2 12.9 13.7 23.8 39.2 37.8 36.1 35.1 34.2 34.2 34.5 35.2 34.2 40.8 40.1 40.9 39.6 38.3 37.1 36.2 35.6 35.8 36.2 35.7 33.8 33.3 27.3 31.1 41 45.9 50.5 55.8 61.9 68 80 92.1 103.5 112.1 119.7 124.5 127.4 127 127.2 127.1 126.1
77.6 78.9 80.8 82.5 82.4 83.2 84 84.9 85.1 86.5 90.2 92.9 93.5 94.3 94.8 94.6 94.5 91.7 88.8 86.5 83 79.5 76.1 73.4 70.9 68.5 66.1 63.7 55.2 45.5 36.9 22 18.7 18.8 18.6 18.9 25.2 17.3 13.8 12.2 12.7 13.2 16.9 35.2 34.6 34.2 34.6 34.2 34.7 34.5 35.1 35.3 37.3 36.5 37.5 36.4 35.1 34.4 34 33.7 33.6 32.8 31.5 30 27.2 32.9 38.7 43.4 48.2 52.9 57.6 61.8 71.1 84.5 96.4 105.3 113.6 121.9 127.7 129.8 129.3 126.9 127 124.3
80.5 82.1 82.7 84.1 85.1 86 86.8 87.7 89.3 92.5 95.3 96.7 97.1 97.3 97.2 97 95.9 93 88.8 85.7 82.3 78.9 76.3 74.3 71.5 68.4 65.3 62.2 59.1 56.7 53 42.3 30.5 21 18.9 19 19 20.4 13.7 12.2 12.6 13 14 32 32.9 33.2 33.5 34.7 35.2 35 35.1 36.1 35.3 35 34.6 34.4 33.9 33.1 32.7 32.3 31.7 30.8 25.4 22.9 27 37.3 41 45.5 50.4 55.5 59.5 65.4 75.6 87.2 99 107.4 115.8 124.2 129.3 130.9 129.1 127.2 125.4 121.2
83.2 85 86.8 87.1 87.8 89.1 90.3 91.4 94.4 97.3 99.3 100.2 100.4 99.6 98.8 96.8 94.8 90 86.8 83.8 80.4 77.6 75.7 73.1 70.2 67.1 64 61 57.8 53.4 50.3 48.2 45.2 38.7 25.4 18.5 21.1 25.8 12.9 12.5 12.7 12.9 13.2 25.1 31.5 32 32.5 33.6 35.3 35.6 35 34.7 34.4 34.2 33.7 33.1 32.5 32.1 31.8 31.7 31.5 28.5 23.3 26.6 37.2 39 43.3 47.6 52.2 57.3 62.1 66.6 77.5 89.7 101.5 110.5 119.2 127.6 131.2 131.2 128.5 126.4 123.8 117.5
87 88.9 90.1 89.8 90.6 91.8 93.3 95.6 98.7 101.4 102.9 103.6 102.6 101.1 98.9 96.6 92.6 88.7 84.8 81.9 79.2 76.8 74.7 71.7 68.8 65.9 62.8 59.7 56.4 52.5 49.3 47.1 45.9 41.2 29.4 19.9 32.7 29 13.8 12.8 13.1 12.7 12.6 13 31.6 30.9 31.5 32.5 33.4 33.6 34 33.8 33.6 33.2 32.8 32.1 31.6 31.2 30.8 30.6 29 28.4 28.9 36.1 37.6 41.3 45.6 50 54.3 59.3 64.4 68.9 79.5 92.8 104.2 113.2 122.2 130.7 134 132.8 129.8 127 123.6 117.7
90.7 92.2 92.8 92.4 93.3 95.1 97.3 99.2 102 103.7 104.3 104.5 102.7 100.6 98.6 96 92.4 88.9 85 81.1 78.4 76.1 73.4 70.3 67.3 64.7 61.6 58.5 55.1 51.1 48.6 47.9 43.3 30.1 24.3 29.7 38 34.8 33.1 14.8 12.7 12.4 12.3 12.8 21 31.8 31.1 30.6 27.4 31.9 32.9 33.3 32.7 32.3 31.9 31.3 30.7 30.4 30.4 30.8 22.5 25.8 31.9 36.5 40.2 43.8 48 52.2 56.7 61.5 67.6 71.1 80.3 94.8 106.8 115.9 124.9 132 135.7 133 130 127 121.5 118.2
93.5 94 95.6 94.9 96.2 97.8 99.5 101.1 103.7 104.6 104.9 104.4 102.4 100.3 98.1 95.4 92.2 88.7 85.1 81.2 77.5 75 72 68.9 65.9 63 60.4 57.3 53.7 50.4 48.2 46.5 33.5 31.8 40.3 44.9 43.9 45.5 45.5 35.9 15.4 12.6 12.1 12.3 12.6 15.4 13.4 16.7 9.8 15.1 31.9 32.5 32 31.5 31.3 31.2 30.7 30.7 30.8 29.9 18.8 23.1 33.9 38.3 42.2 45.9 50.2 53.9 58.8 65.7 71.6 72.3 81.6 97.2 109.2 117.4 125.7 133.8 134.8 134 131 126.1 122.4 122.6
96.1 95.1 96.3 97 98.3 99.9 101.5 103.2 103.9 105.2 105.3 104.1 102 99.8 97.6 94.8 91.1 88 84.9 81.4 77.2 73.5 70.6 67.6 64.5 61.5 59.1 56.1 52.6 50.9 49.6 41 29.8 40.4 49.9 44.6 46.3 47.4 43.2 39.3 31.6 12.5 13 13.1 11.6 8.9 8.5 8.5 8.3 9.7 11.7 31.1 31.1 31.3 31.3 31.2 31.1 31.2 31.6 26.8 18 19.8 36.1 40 43.9 47.9 51.3 54.7 59.7 67.1 75 72.4 84.4 99.4 109.4 118.1 127.4 134.1 134.8 133.5 130.6 124.4 123.6 127.5
97.7 96.7 97.8 99 100.3 102.1 103.9 105.3 105.7 105.8 105.5 103.7 101.5 99.2 97 94.2 90.5 86.8 83.7 80.4 76.4 72.3 69 66.1 63.1 60.1 57.3 54.9 53 51.6 50 35.3 36.2 47.9 51.3 49.2 51.1 51.4 53.2 50.5 42.4 32.4 20 13.8 11.2 8.9 8.9 9.2 9 8.5 8.7 18.3 29.7 31.2 31.1 31 30.7 29.2 29.3 27.1 17.5 25.4 37.6 41.5 45.4 48.9 51.3 54.7 61.7 68.7 75.4 75.3 86.7 100.6 108.3 119.1 129.7 134.1 132.7 129.4 126.4 124.1 127.4 131.9
99 99.7 100.6 101.9 102.8 104.7 106.5 107 107.4 107.5 105.5 103.1 100.9 98.7 96.5 93.6 89.9 86.1 82.4 79 75.7 71.4 67.7 64.5 61.6 58.6 55.7 54.9 51.4 50.1 39.9 36.4 46.7 51.9 50.3 52.9 55.7 58.3 62 61.6 55.1 45.7 39.1 26.4 11.9 9.1 9.2 9.7 9.6 9.2 9.3 8.6 13.6 21.4 25.8 25.5 30.7 29.9 26.2 17.3 14.8 27.5 38.9 43.2 46.2 48.8 51.1 55.3 64.9 74.2 77.8 80.1 88.5 99.8 107.6 122 130.8 132.3 129.1 126 120.9 123.7 133.2 136
101.6 102.6 103.8 105.2 105.5 107.2 108.3 108.7 109.1 108.8 105.8 102.9 100.3 98.1 95.9 93 89.2 85.2 81 77.7 74.3 70.7 66.6 63.1 60 57.1 52 51.5 47.1 41.6 34.2 42 50.3 54.7 55.8 58.1 61 62.6 65.3 65.1 61.1 54.2 49.3 41.8 28.6 14.6 8.2 9.2 9.7 9.8 9.8 9.3 8.5 8.2 11.6 20.8 29.7 31.1 23.5 12.6 26.3 36.7 41.1 43.7 45.5 47.5 50 55.8 66.8 74.1 78.2 83.2 90 98.7 107.9 121.4 127.8 128.8 125.5 121.6 118.4 121 134.8 133.2
103.9 105.4 106.6 108.5 108.8 109.6 110 110.4 110.9 109.3 106.4 103.3 100.3 97.6 95.4 92.3 88.3 84 79.7 76.4 72.9 69.5 65.6 62.1 58.6 54.7 48.3 46.1 40 40.2 47.8 51.4 58.5 61.1 62.1 63.4 65.2 66.3 67.2 65.3 60.8 56.4 50.6 44.5 39.5 30.6 16.1 8.9 9.5 9.6 9.6 8.8 8.1 8 8.5 10.4 16 22 15.4 11.6 30.9 38.4 41.6 43.3 45.1 46.9 48.5 59.8 67.3 72.7 77.7 83.2 90.5 97.8 108 120.8 122.5 121.7 119.8 118.6 114.7 127.3 128.1 128.2
106.5 108.2 109.7 111.6 112.8 112.3 112.7 113.3 112.5 110 107.2 104.4 101.2 98 94.9 91.5 87.1 82.8 78.5 74.9 71.8 68.2 64.8 61 57.3 49.8 52.7 55.2 56 57.5 59.1 61.6 64 65.7 67.3 68.7 69.8 70 67.6 64.9 59.9 55 49.6 45.1 40.2 33.7 19.1 18.8 8.4 10.9 9 8.7 7.7 7.8 8 8.2 8.1 8.4 10.7 10.5 27.6 36.6 41.4 42.8 44.3 45.8 49.2 62.7 67.1 71.4 77.8 86.7 89 96.6 104.9 115.2 116.7 116.5 119.2 114.9 110.5 124.6 125 125
109.5 111.2 112.9 114.9 116 116.2 115.7 115.5 113 111.1 108.8 105.5 102.3 98.9 95.2 89.7 85.7 81.6 77.3 73.5 70.3 67.1 63.5 60 51.9 54 60.4 58.4 59.4 61.1 63.9 65.6 68.6 71.6 72.8 74.1 75 73.4 70.1 64.5 59.2 54.2 49.9 45.8 39.1 24.3 33.3 36.4 24.6 13.6 8.4 8.5 7.7 7.5 7.5 7.4 7.2 6.8 6.5 9.2 16.6 35.1 41.1 41.9 42.9 44.5 47.1 57.1 62.9 70.1 79.4 85.7 88.3 93.5 102.9 108.5 110.1 112.1 115.9 108.2 105.3 119 124.6 110.3
112.6 114.8 116.6 118 118.4 118.6 118.9 117.3 115.3 113.4 110.8 108.1 103.1 99.2 94.4 88.6 83.6 79.6 75.7 72.4 69.2 66.1 63.6 56.5 51.6 62.1 62.1 60.9 63.2 66 68.9 72.5 74.6 77.8 79.3 79.2 76.2 73.1 68.8 64.1 58.6 53.7 49.6 45.6 35.9 33.5 42.3 42.8 38 30.9 28.1 25.6 18.3 7.6 7.6 7.3 6.8 6.4 6.2 7.2 8.1 31.7 39.3 40.7 41.1 42.6 45.8 51.9 59.8 69.8 77.4 84.8 86.7 88.8 95.8 101.9 105.1 105.5 104.8 105.7 101.7 116.2 118.2 90.2
115.7 117.6 119.4 120.7 121.2 121.7 122.2 121.1 118.4 115.2 112.2 109.1 104.1 99.4 93.6 87.8 82.4 78 74.1 71.7 69.3 62.8 57.2 59.8 64.3 64.7 65.8 65.9 68.6 71.9 75.3 78.3 81 82.2 81.7 80.3 76.9 72.8 67.9 62.9 58 53.3 49 43.9 34.2 38.5 45.9 45.6 43.2 40.1 32.1 29.6 28.5 16.6 7.5 6.9 6.4 6 5.8 6.1 10 27.9 35.6 38.9 39.1 39.6 44.1 49 57.8 67 76.7 80.4 82.2 83.6 89.7 95.6 100.6 99.8 99.2 100.7 97.2 115.3 84.5 84.5
117.5 119.2 120.9 122.7 123.3 123.9 124.7 123.8 120.7 117.4 113.5 109.3 104.1 98.5 92.7 86.9 81.7 77.1 73.5 70.3 67.1 57.6 63.8 66.8 66.9 66.7 68.5 70.6 74.2 77.8 80.5 83.5 85.4 85.3 83.7 81 77.1 73.3 68.7 63.7 60 52.4 46.3 37 37.6 45.1 46 46.7 45.7 42.2 37.6 31.8 29.3 27.9 14.1 9.3 6.2 6.4 6.1 5.4 8 15.8 31.4 35 34.7 37.9 41.8 46.1 54 64.1 68.4 70.5 73.5 77.6 83.5 90.5 95.9 93.3 92.1 87.8 82.3 76 76.1 78.2
118.7 120.1 122 123.7 124.6 125 125.5 124.2 121.7 116.6 111.8 107.5 102.9 97.3 91.8 86 81 77.7 74.9 71.4 66.9 60.2 68.7 70 71 70.3 71 76.1 80.3 84 86.4 88.8 89.7 87.9 84.1 80.4 76.7 72.9 67.8 63.2 57.7 47.4 43.9 44.6 46 48.4 47.8 47.3 45.1 42.8 40.3 35.2 31 30 25.7 7.5 7.4 7.6 6.6 5.7 7.6 5.2 21.4 28.3 29.1 34.7 38.4 42.5 48 53.3 59.3 63.3 67.6 71.9 76.2 84.4 88.1 83.7 81.6 74.3 66.3 64.9 68.1 72.6
119.2 120.7 122.5 124.4 125.4 125.6 125.7 124.1 121.8 116.1 110.4 105.9 101.4 95.6 89.7 84.3 81.8 78.8 76.2 73.5 70.6 62.4 72.4 73.4 74.4 74.7 76 81.7 86.2 90.2 91.9 93 91.6 88.7 84.3 80.1 75.7 71.3 67.2 63.4 57.8 55.8 50.7 49.4 49.5 50.7 49.4 48.2 45.6 43.5 41.3 38.1 33.4 31.2 30.3 13.4 9.5 6.4 5.8 5.4 5.4 5.5 5.4 9.8 16.5 30.4 33.6 37.3 41.3 44.5 50.4 55.9 60.6 66.1 70.7 74.7 75.6 77.4 74.7 65.2 58 56.4 60.5 65.2
119.5 121.3 123.1 124.9 125.3 125.8 125.7 123.5 120.3 116 109.6 104.6 100.3 96.4 91.7 86.7 83.2 80.3 79.3 77 73.6 64.6 75.9 76.9 78 78 80.6 88.3 91.9 94.2 95.9 94.8 93.5 89.6 85.1 81.4 76.4 72.4 71.4 67.4 64.1 59.2 57.5 56.6 55.1 53.9 52.4 49.7 46.1 43.9 41.7 38.3 34.9 31.6 30.5 21.4 21.6 8.5 7.3 5.6 6.2 4.8 6.4 5.1 4.5 12.3 28.6 32.5 35.9 39.9 44.7 49.5 54.6 58.6 67.3 68.8 62.8 68.8 54.4 51.6 49.3 47.7 47.8 49
121 123 124.7 125.4 125.9 125.8 125.3 122.6 118.9 114.6 109.7 104.6 100.2 96.2 92.5 89.2 85.8 82.8 81.3 80.8 71.8 70.4 78.7 80.4 81.5 79.7 85.2 92.3 95.9 99.5 98.1 96.6 95 90.4 84.8 80.2 78.6 77.3 76.4 72.8 69.3 66.6 63.3 61.4 59.1 56.7 54.7 51 47.3 44.4 41.8 37.8 34.9 31.8 30.5 28.5 28.2 29.1 17.3 10.7 7.8 6.7 19.3 20 5.7 4.4 11.6 27.9 31.4 35.5 40.1 43.6 48.8 51 56.5 52.1 50.3 47.4 45.3 43.4 41.3 38.1 37.7 35.5
122.7 124.5 126 125.7 125.1 125 124.5 121.8 117.8 113.7 109.6 105.7 100.8 97.5 94.3 91.1 87.7 85.1 83.1 80.7 73.3 80.6 82.5 84 85.1 83.7 88.9 94.8 98.6 102.1 100.7 98.6 94.6 88.8 83.8 83.9 82.2 81.4 79.4 76.7 73.8 70.8 69.5 66.1 62.7 60 56 52.4 48.6 44.9 40.8 38.2 35.2 32.2 30.7 29.1 29 29.5 29.1 27.8 23.6 24.3 25.6 25.8 17 5.2 4.3 19.3 27.7 31.8 35.3 39.5 43.1 44.2 44.5 43.6 42.7 40.8 39 37 35.3 32.9 30.6 29.6
122.8 124.3 125.3 124.7 124.3 123.6 121.8 120.4 117.2 112.5 110.3 106.2 101.3 98.4 95.6 92.8 89.7 87.4 85.9 83 73.5 82.9 86 87.9 88.5 84.5 90.2 96 99.9 102.2 100.1 96.7 92.5 88.6 89.8 87.1 85.4 84.4 82.3 79.9 77.6 75.9 72.8 69 65.7 60.9 56 52.6 49.3 46.3 43.1 38.9 35.1 32.5 30.9 30.1 30.3 29.7 29 27.9 28 27.5 26.8 27.6 25.1 14.1 -1.9 -1.9 25.2 26.7 30 36.6 39.2 38.6 38.3 37.5 36.8 35 33 31.1 30.1 27.9 24 15.9
122.7 123.1 123.2 122.4 121.9 122.5 119.8 117.2 114.3 113.5 110.3 105.9 101.9 99.1 96.1 93.4 90.5 86.9 85.9 79.1 83.7 85.1 88.8 90.9 90.3 88.1 93.3 97.7 98.6 100 98.4 94.9 93.4 94.3 92.4 89.6 88.1 85.7 83.1 82 80.9 78.7 75.1 71.4 66.5 61.2 56 53.2 50.4 47.3 45.4 41.1 36.5 32.2 30.8 31 30.3 29.6 28.9 28.1 27.8 27.6 27.5 27.1 25.2 22.9 -1.9 -1.9 9.3 15.2 25.1 29.6 31.6 30.8 32.9 32.2 31 29.8 27.4 25.2 24.8 22 12.9 2.1
125.4 125.3 123.1 122.1 121.2 120.6 120.5 119.2 117.2 113.8 109.6 104.6 102.6 100.1 96.7 93.9 89.5 84.7 82.2 82.9 85.5 89.8 91 92.2 91.7 92.4 95.9 98.9 99.4 99.4 97.9 95.7 98.7 97 94.5 91.6 90 87.5 83.9 83.3 83 82 78.3 73.2 68.3 61.8 57.4 54.6 51.4 48.7 47.5 43.5 39.3 33.3 31.6 31.3 30.4 29.4 28.7 28 27.6 26.9 27.4 25.8 24 22.7 11.1 -1.9 2.1 5.2 18.5 19 27.4 26.5 26.9 27.6 26.1 25.7 23.8 21.1 15.2 8.7 2 -1.9
125.8 126 124.9 121.8 120.9 120.4 120.3 120.3 117.5 112.4 108 105.3 104 101.1 97.6 93.2 87.7 85.8 89 89.7 91.3 92.8 94.3 95.8 96.5 97.5 98.5 99.8 100.1 100.4 100.4 101 101.1 98.4 96.1 93.5 92 91.1 88.3 87.3 86.3 85 81.9 76.5 71.2 63.9 57.3 55.8 52.7 50.8 49.5 46.6 42.1 39.1 32.9 31.4 30.7 29.7 28.7 27.8 26.9 24.3 24.6 24.4 22.3 18.4 9 -1.9 2.1 2.1 0.9 13 23.5 22.8 22.6 20 8.4 10.8 12.4 2.1 1.1 1.2 0.4 -1.9
126.3 126 126 121.9 121.4 121 120.8 119.8 115.1 110.6 108.5 106.4 104.1 99.7 96.3 91.3 89.2 92.6 92.7 93.2 94.8 96.2 97.7 99.2 100 101.2 103.4 103.2 104.5 104.4 102.1 103.4 103.1 99.9 97.5 96.7 95.6 94.9 92.6 90.6 89.4 88.2 84 79.2 74.2 64.8 58.2 57 53.6 52.8 50 46.3 43.4 40.1 36.9 32 31 29.8 28.5 27.7 26.8 23.4 22.8 22.5 18.9 9.2 8.1 -1.9 -1.9 -1.9 -1.9 -1.9 10.5 8.5 6.9 2.1 2.1 2.5 2.1 0.6 -1.9 -1.9 -1.9 -1.9
126.8 125.9 123.9 121.1 120.7 121 120.4 116.5 111.9 108.2 106.5 104.5 103.2 99.3 95.8 98.2 96.7 96 96.1 96.8 98.2 99.7 101.2 102.6 104.6 107.6 107.8 107.4 107.9 108.8 108.1 108.3 108 102.6 102.1 101.1 99.8 98.5 96.5 94.1 92.6 91.2 86.9 82.1 75.4 66.3 59.3 56.2 53.1 50.7 48.7 46 43.7 41.5 38.9 33.1 31.3 29.9 28.9 27.5 26.2 24.4 19.2 18.5 10.5 8.9 7.4 4.6 -1.9 -1.9 1.3 -1.9 1.8 2 0.6 -0.1 0.2 -1.9 -1.9 -1.9 -1.9 -1.9 -1.9 -1.9
124.2 121.9 119.2 120.4 120.6 119.9 116 112.3 108.8 105.7 103.6 103.8 102 99.1 92.1 99 99.4 99 98.7 100.8 102.8 104.2 105.6 107.7 111 112.5 112.2 111.4 111.7 112 112 110.9 108.4 107.9 106.9 105.6 104.3 101.6 100 98 95.7 94 89.8 84.3 76.6 67.9 62 56.7 53.8 48.1 45.8 44.3 42.2 39.9 36.7 33.7 31.8 30.5 29 27.6 26.2 25.1 18.8 13.3 11.3 8.4 7.7 8.5 2.1 -1.9 -1.9 -1.9 -1.9 0 -1.9 -1.9 -1.9 -1.9 -1.9 -1.9 -1.9 -1.9 -1.9 -1.9
