webserver/python/data/NR24.asc
ncols 200
nrows 200
xllcorner 120000
yllcorner 640000
cellsize 50
[rows 116 to 173 of 200, columns 96 to 191 of 200]
0 0 0 0 0 0 0 0 0 0 0 0 0 0 0 0 0 0 0 0 0 0 0 0 0 0 0 0 0 0 0 0 0 0 0 0 0 0 0 0 0 0 0 0 0 0 0 0 0 0 0 0 29.4 34.2 62.2 60.5 44.5 53.9 63 66.7 69.6 72.4 72.8 72.1 71.8 71.5 72 73.1 74.5 79.3 80.1 83.5 87.1 90.7 92.5 95.2 97.3 100.8 103.7 106.7 109.3 110.6 115.9 117 117.2 115.5 116 120.4 121.2 122.8 125.7 123.7 124.5 124 125.9 126.8
0 0 0 0 0 0 0 0 0 0 0 0 0 0 0 0 0 0 0 0 0 0 0 0 0 0 0 0 0 0 0 0 0 0 0 0 0 0 0 0 0 0 0 0 0 0.5 0 0 0 0 0 0 1 21.1 32.3 34.8 43.4 53.7 61.8 66.3 69.6 72.5 74.5 74.6 74.6 74.3 73.8 74.6 74.9 82 82.1 81.9 85.2 88.8 92 94.8 96.7 98.6 101.1 105.1 108.6 107.7 107.8 109.5 111.4 112.4 114.4 118.4 120.6 117.4 122.9 122.2 118.2 121.1 122.6 126.6
0 0 0 0 0 0 0 0 0 0 0 0 0 0 0 0 0 0 0 0 0 0 0 0 0 0 0 0 0 0 0 0 0 0 0 0 0 0 0 0 0 0 0 0 0 0 0 0 0 0 0 0 1.9 29.2 39.2 39.7 45.2 54.1 61.5 66.1 69.5 72.2 74.2 74.3 74.5 75 75.7 75.6 75.5 75.9 79.4 80.7 83.3 86.1 91.7 93.5 94.4 95.3 97.1 99.1 101.4 103.3 106.9 110.4 110.7 112.5 113.9 115.8 115.8 115.2 114.5 114.2 114.2 117.2 122.2 127.8
0 0 0 0 0 0 0 0 0 0 0 0 0 0 0 0 0 0 0 0 0 0 0 0 0 0 0 0 0 0 0 0 0 0 0 0 0 0 0 0 0 0 0 0 0 0 0 0 0 0 0 0 24.5 47.5 50.6 41.3 46.4 55 62.5 66.1 69.7 73.3 73.9 74.1 74.4 75 75.5 75.9 76.1 76.3 76.8 78.8 82.6 84.2 88.3 89.7 91.3 92.8 94.4 96.5 100 104.7 106.8 108.7 108.4 109.8 111.2 113.6 112.8 114.9 112.6 108.1 110.5 114.7 117.7 120.4
0 0 0 0 0 0 0 0 0 0 0 0 0 0 0 0 0 0 0 0 0 0 0 0 0 0 0 0 0 0 0 0 0 0 0 0 0 0 0 0 0 0 0 0 0 0 0 0 0 0 0 29.3 48 50.8 40.7 38.1 43.7 55.7 65.4 68.1 69.8 73.2 73.4 73.9 74.2 74.8 75 75.3 76 76.8 77.6 78.4 79.8 81.8 84.4 86.7 90.5 89.5 91.7 95.1 99.3 102.8 104.6 105.8 108.3 110.3 110.3 110 109.7 112.1 109 104.6 104.7 113.3 114.6 118.3
0 0 0 0 0 0 0 0 0 0 0 0 0 0 0 0 0 0 0 0 0 0 0 0 0 0 0 0 0 0 0 0 0 0 0 0 0 0 0 0 0 0 0 0 0 0 0 0 0 0 0.8 45.4 60.2 39.3 35.7 34.3 39.6 52.4 61.7 68.8 67.8 67.9 70.8 72 73.8 73.8 74 74.8 75.5 76.3 77.1 78.2 79.3 79.8 81.9 83.9 85.2 86.9 89.4 93.1 99.2 101.8 100.9 103.7 109 110.8 109.8 106.4 103.4 102.8 101.5 98.4 98.7 103.8 113.4 111.9
0 0 0 0 0 0 0 0 0 0 0 0 0 0 0 0 0 0 0 0 0 0 0 0 0 0 0 0 0 0 0 0 0 0 0 0 0 0 0 0 0 0 0 0 0 0 0 0 0 0 0 38.5 46.2 25 25.2 30.2 37.8 48.1 60.7 61.6 63.4 65.3 67.5 69.7 72 72.7 73.5 74.2 75 75.9 77 78.1 79.2 80.3 82.4 85.8 87.8 89.1 91.3 92.3 92.7 96.2 98.5 100.6 103.2 102.4 102.5 99.6 98.1 99 93.8 92.3 94 94.5 101.3 103
0 0 0 0 0 0 0 0 0 0 0 0 0 0 0 0 0 0 0 0 0 0 0 0 0 0 0 0 0 0 0 0 0 0 0 0 0 0 0 0 0 0 0 0 0 0 0 0 0 0 0 22 21.2 6.2 7.2 10 30.8 40.6 44.1 50.1 59.5 64.2 64.2 67.8 70.3 72.2 72.9 73.7 74.6 75.7 76.8 77.7 78.7 79.4 82.2 82.5 84.3 86.2 88.6 92 92.8 94.8 96.1 97.1 98.9 97.5 95 93.6 92.7 90.5 88.6 86.9 88.6 88.3 88.3 89.5
0 0 0 0 0 0 0 0 0 0 0 0 0 0 0 0 0 0 0 0 0 0 0 0 0 0 0 0 0 0 0 0 0 0 0 0 0 0 0 0 0 0 0 0 0 0 0 0 0 0 0 0 1.9 0.5 2.1 11.8 34.5 45.3 51.6 58.2 61.4 66.6 70 69.9 68.8 71.6 72.4 73.2 74.2 75.2 76.1 77.1 78.1 78.4 78.9 79.5 80.9 82.6 85.6 88.8 92.1 94.2 96.6 99.7 94 92.4 90.9 90.1 88.6 86 83.9 81.9 83.5 84 82.2 82.7
0 0 0 0 0 0 0 0 0 0 0 0 0 0 0 0 0 0 0 0 0 0 0 0 0 0 0 0 0 0 0 0 0 0 0 0 0 0 0 0 0 0 0 0 0 0 0 0 0 0 0 0 0 0 0.8 6.6 21.1 37.3 53 58.3 61.1 65.7 70 71.2 70 70.1 71.9 72.5 73.2 74.5 75.5 76.5 77.2 77.7 78.1 78.7 79.5 80.1 81.2 83.9 85.8 88.5 93.1 97.4 93.7 89.7 88.1 86.5 84.1 81.8 79.2 76.8 79.2 78.2 77.7 79.7
0 0 0 0 0 0 0 0 0 0 0 0 0 0 0 0 0 0 0 0 0 0 0 0 0 0 0 0 0 0 0 0 0 0 0 0 0 0 0 0 0 0 0 0 0 0 0 0 0 0 0 0 0 0 1.8 8.6 28.3 45.9 54.4 59.9 59.7 63.2 67.9 70.9 71.4 71.5 71.4 71.9 72.4 73.4 74.9 75.8 76.5 76.9 77.2 77.8 78 78.2 79 80.1 81.4 83.3 85.8 90.4 88.8 86.2 84.1 83 80.6 78.3 75.5 73.3 73.7 74.1 75.5 76.9
0 0 0 0 0 0 0 0 0 0 0 0 0 0 0 0 0 0 0 0 0 0 0 0 0 0 0 0 0 0 0 0 0 0 0 0 0 0 0 0 0 0 0 0 0 0 0 0 0 0 0 0 0 0 1.4 13.8 32.6 39.9 45.5 56.3 57.8 59.6 63.9 68.8 71.6 73.9 73.2 72.8 72.3 72.3 73.5 74.9 75.7 75.7 75.7 75.9 76.1 76.4 77.2 78.2 78.9 80.2 81.4 83.4 83.9 82.2 80.7 79.5 77.2 74.7 71.8 71.8 72 75.7 78.9 79.5
0 0 0 0 0 0 0 0 0 0 0 0 0 0 0 0 0 0 0 0 0 0 0 0 0 0 0 0 0 0 0 0 0 0 0 0 0 0 0 0 0 0 0 0 0 0 0 0 0 0 0 0 0 0 2.8 23.2 22.6 28.4 35.5 43.6 50.3 52.7 58.7 60.9 65.6 71.1 71.1 72.2 72.2 71.6 70.8 70.4 71.8 73.7 73.6 74 74.2 74.5 75.3 76.2 76.8 77.8 78.7 78.7 80.2 78 77.3 76.1 73.8 71.4 70 70.2 72.7 77 79.9 82.4
0 0 0 0 0 0 0 0 0 0 0 0 0 0 0 0 0 0 0 0 0 0 0 0 0 0 0 0 0 0 0 0 0 0 0 0 0 0 0 0 0 0 0 0 0 0 0 0 0 0 0 0 0 0.6 3.6 27.2 28.7 28.3 26.6 30.9 35.9 42.4 48.2 50.4 50.8 58.9 62.8 65.7 68.8 68.1 63 65.1 67.6 68.4 71.4 71.7 72.3 72.7 73.4 74.1 74.7 75.7 75.3 75.2 76.6 76.1 71.9 70.9 70.6 69 68.6 69.7 71.7 75.8 79.4 82.6
0 0 0 0 0 0 0 0 0 0 0 0 0 0 0 0 0 0 0 0 0 0 0 0 0 0 0 0 0 0 0 0 0 0 0 0 0 0 0 0 0 0 0 0 0 0 0 0 0 0 0 0 0 4.7 5.1 9 22.5 35.3 36.4 36 33.1 32 33.3 37.4 41.3 48.5 54.1 57.3 60.7 55.9 53.8 55.8 60.1 61 63.8 68.4 68.1 69.9 70.3 70.5 73.4 75.6 75.1 71 68 63.6 64.6 65.8 67.3 67.5 69.3 70.5 71.6 72.9 76.6 80.8
0 0 0 0 0 0 0 0 0 0 0 0 0 0 0 0 0 0 0 0 0 0 0 0 0 0 0 0 0 0 0 0 0 0 0 0 0 0 0 0 0 0 0 0 0 0 0 0 0 0 0 0 0.8 21.9 28.5 24.8 27.2 36.4 38.7 41.3 41.9 40.9 40.3 39.3 36.6 40.3 44.8 47.3 47.2 46.6 46 45.5 50.3 53.4 55.4 59.1 54.7 58 60.5 64 65.9 67.6 60.9 71.5 67.1 66.7 68.9 68.1 66.4 68.4 70.2 72.5 75.5 71.9 74 78.2
0 0 0 0 0 0 0 0 0 0 0 0 0 0 0 0 0 0 0 0 0 0 0 0 0 0 0 0 0 0 0 0 0 0 0 0 0 0 0 0 0 0 0 0 0 0 0 0 0 0 0.7 2.3 8 21 31.6 34.6 37 39.2 41.6 44.2 45.8 45.8 45.5 47.2 42.4 39.8 37.3 38.5 39 39.8 40.9 41.7 43.2 45.8 47 45.1 48.5 47.1 48.6 50.5 50.7 68 69.7 71.9 70.9 71 70.9 70 67.9 69 70.3 71.1 71.6 72.3 73 77.5
0 0 0 0 0 0 0 0 0 0 0 0 0 0 0 0 0 0 0 0 0 0 0 0 0 0 0 0 0 0 0 0 0 0 0 0 0 0 0 0 0 0 0 0 0 0 0 0 0 0 10 19.4 26.2 28.4 35.9 38.1 40.3 43.6 46.2 48.9 49.8 51.9 53.2 53.5 51.8 49.4 48 45.1 45 43.8 45.9 46.6 46.3 46.2 46.4 52.1 56 57.4 64.4 65.6 64.8 65 67.6 71.8 73.9 73.6 72.8 71.2 69 68.8 70.3 70.8 71.6 72.4 73.2 77.6
0 0 0 0 0 0 0 0 0 0 0 0 0 0 0 0 0 0 0 0 0 0 0 0 0 0 0 0 0 0 0 0 0 0 0 0 0 0 0 0 0 0 0 0 0 0 0 0 17.6 2.2 21.7 26.8 29.8 34.5 38.8 43.5 46.6 50.6 53.3 56.7 59.8 61.7 61.3 60.7 60.7 60.2 56.7 52.5 51.3 49.6 48.4 52.6 55 58.4 59.6 62.6 62.9 62.7 69.7 72.1 72.3 71.9 70.7 70.3 70.6 72.1 72.4 72.6 71.5 68.7 70.1 70.8 71.6 72.4 73.5 77.1
0 0 0 0 0 0 0 0 0 0 0 0 0 0 0 0 0 0 0 0 0 0 0 0 0 0 0 0 0 0 0 0 0 0 0 0 0 0 0 0 0 0 0 0 0 0 0 9.3 9.1 13 22.8 28.5 31.6 36.3 41.4 46.5 50.9 56 61.7 67.5 68.1 68.4 68.2 68.4 68.6 68.4 66.2 63.9 58.9 57.8 54.2 53.6 55.8 60.4 64.2 69 70.2 68.5 67.4 69.6 72.1 72.1 72.1 72.3 72 72.8 73.1 73.1 73.1 71.1 70.1 70.8 71.6 72.9 74.6 76.7
0 0 0 0 0 0 0 0 0 0 0 0 0 0 0 0 0 0 0 0 0 0 0 0 0 0 0 0 0 0 0 0 0 0 0 0 0 0 0 0 0 0 0 0 0 0 0 0.8 4.2 14.4 28.3 23 32.1 36.4 43 49.2 54.9 59.4 64.3 72.2 73.8 74.4 74.5 74.7 74.9 74.4 72.6 70.3 67.4 63.7 60.8 59.2 56.7 60.8 64.6 68.9 73.6 74.5 72.7 71.1 72.1 72.3 72.6 73 73.2 73.6 73.7 73.6 73.5 73.2 71.7 71.8 71.6 74 75.7 77.2
0 0 0 0 0 0 0 0 0 0 0 0 0 0 0 0 0 0 0 0 0 0 0 0 0 0 0 0 0 0 0 0 0 0 0 0 0 0 0 0 0 0 0 0 0 0 0 0 12.4 2.7 24.4 35 35.5 31.2 42.6 49.3 57.5 63.4 65.8 72.3 75.1 77.9 78.5 78.7 78.9 78.7 77 77 74.5 72.4 70.2 64.5 59.9 61.5 64.7 68.6 71.4 73.4 74.3 74.1 73.3 73.4 73.5 73.6 73.9 74.2 74.2 74.2 74.3 74.4 73.9 73.2 72.5 72.8 77.6 79.8
0 0 0 0 0 0 0 0 0 0 0 0 0 0 0 0 0 0 0 0 0 0 0 0 0 0 0 0 0 0 0 0 0 0 0 0 0 0 0 0 0 0 0 0 0 0 0 0 0 14.8 53.3 54 51.1 46.9 37.5 47.7 60.2 63.3 65.9 71.1 75.9 80 81 81.4 82.6 82.4 81.5 80.9 79.5 78.3 76.2 71.5 66.7 62.2 66 69.9 72.6 74.9 76 75.8 75.4 75.5 75.6 75.8 76 75.8 75.3 75.4 75.4 75.6 75.1 75 74.1 72.7 74.1 78.9
0 0 0 0 0 0 0 0 0 0 0 0 0 0 0 0 0 0 0 0 0 0 0 0 0 0 0 0 0 0 0 0 0 0 0 0 0 0 0 0 0 0 0 0 0 0 0 0 0 18.2 53.9 54.1 56.2 56.6 59.1 48.3 54.2 68.2 67.3 70.9 76.4 80.4 81.4 82.1 84.9 84.9 84.8 84.2 83.7 83 81.7 79.3 82.2 78.3 68 71.3 74.6 76.7 77.9 77.5 77.6 77.8 78 78.3 78.1 77.9 77.2 76.5 76.5 76.8 76.6 76.6 76.3 73.4 73.5 75.7
0 0 0 0 0 0 0 0 0 0 0 0 0 0 0 0 0 0 0 0 0 0 0 0 0 0 0 0 0 0 0 0 0 0 0 0 0 0 0 0 0 0 0 0 0 0 0 0 3.8 5.2 21 43.8 54.1 59.8 61.2 58 56.9 60.4 64.2 68.9 76.9 79.3 80.7 83.4 86.4 86.9 87.1 86 86.2 86.8 86.2 85.7 86.4 86.8 78.8 74.6 76.4 78.4 80.5 81.5 80.1 80.3 80.5 80.4 80.2 80 79.3 78.6 78.2 78.4 78 77.8 77.7 76.7 75.7 77.8
0 0 0 0 0 0 0 0 0 0 0 0 0 0 0 0 0 0 0 0 0 0 0 0 0 0 0 0 0 0 0 0 0 0 0 0 0 0 0 0 0 0 0 0 0 0 0 0 0 0 10.9 37.5 49.4 51.8 56.4 62.4 63 67 61.2 61.9 71.9 74.9 78.5 82.3 85.9 86 87.5 87.9 88.5 89.2 89.4 89.8 89.6 89 82.9 81.9 80.6 80.7 82.5 83.7 82.6 82.7 82.6 82.5 82.3 82.2 81.6 81.3 80.9 81 80.2 79.5 79.1 76.6 78.7 80.2
0 0 0 0 0 0 0 0 0 0 0 0 0 0 0 0 0 0 0 0 0 0 0 0 0 0 0 0 0 0 0 0 0 0 0 0 0 0 0 0 0 0 0 0 0 0 0 0 0 0 5.1 43.1 63.2 61.7 61 64.6 68.4 72.7 74 73.6 66.4 71.4 74.7 79.3 84.1 85.3 86.6 87.6 88.7 89.9 91.8 93.1 93.3 92.1 90.1 87.7 86.2 86 84.9 84.7 86.2 85.6 85.6 85.5 85.4 85.2 84.5 84.1 83.7 83.4 82.6 81.8 79.3 76.1 80.6 82.9
0 0 0 0 0 0 0 0 0 0 0 0 0 0 0 0 0 0 0 0 0 0 0 0 0 0 0 0 0 0 0 0 0 0 0 0 0 0 0 0 0 0 0 0 0 0 0 0 0 0.7 22.3 68.8 74.2 70 67.8 68.5 72.1 74.1 76.5 79.5 74.7 70.5 73.7 79.1 80.7 83.8 86 87.1 88.3 90.4 92.6 94.1 95.1 95.4 93.6 93.5 91.9 91.4 91.1 90.9 90.4 88.7 89 89 88.8 88.6 87.8 87 86.5 85.4 84.2 83 80.1 77.9 81.8 84
0 0 0 0 0 0 0 0 0 0 0 0 0 0 0 0 0 0 0 0 0 0 0 0 0 0 0 0 0 0 0 0 0 0 0 0 0 0 0 0 0 0 0 0 0 0 0 0 0.7 13.8 63.5 74.1 76.3 72.1 75.6 76.7 75.2 76.1 79 79.6 79.1 73.6 77.3 80.2 81.8 83.8 85.8 87.1 88.9 92.4 92.8 94.3 95.4 96.3 95.5 96.5 97.3 99.2 99.9 98.8 97.2 93.7 94.4 93.3 92.6 92.3 91.2 90.3 90.5 89.3 87.5 85.7 81.8 77 81.6 84.7
0 0 0 0 0 0 0 0 0 0 0 0 0 0 0 0 0 0 0 0 0 0 0 0 0 0 0 0 0 0 0 0 0 0 0 0 0 0 0 0 0 0 0 0 0 0 0 0 30.6 60.4 73.8 75.7 74.9 76.5 78.6 76.8 78.1 77.9 80.4 80 79.1 76.5 78.1 80.6 85.1 87 86.2 87.4 89.8 91.2 93.3 93.8 94.8 96.1 97.4 99.5 101.1 103.4 105 104.7 103.5 100.3 99.4 98.1 97.2 96.5 95.2 94.5 93.9 93.1 91.3 89.3 85.7 80.2 78.9 84.6
0 0 0 0 0 0 0 0 0 0 0 0 0 0 0 0 0 0 0 0 0 0 0 0 0 0 0 0 0 0 0 0 0 0 0 0 0 0 0 0 0 0 0 0 0 0 0 0 0.7 21.6 74.9 77.3 78 78.4 78.7 78.8 77.5 79.7 81.9 79.5 77.7 77.8 78.7 83.1 85.9 88 87.8 87.2 89.5 92.9 92.4 93 94 95.4 97.8 100.3 104.1 106.5 108.4 109 107.6 106 104.2 102.8 101.8 101.7 100.4 98 96.8 95.9 95.1 92.6 89.7 86.1 81.6 80.3
0 0 0 0 0 0 0 0 0 0 0 0 0 0 0 0 0 0 0 0 0 0 0 0 0 0 0 0 0 0 0 0 0 0 0 0 0 0 0 0 0 0 0 0 0 0 0 0 14.2 46 78 80.6 82.3 83.5 81.4 80 79.5 79.6 81 79 79.1 79.5 80.2 82.3 83.6 85.8 86 86.3 87.2 88.5 90.2 92 93.8 95.6 98 100.6 103.6 107.2 111 113 111.5 110 108.2 106.6 105.4 105.2 103.7 101.3 99.8 98.6 97.4 95.4 92.3 90 86.3 81.5
0 0 0 0 0 0 0 0 0 0 0 0 0 0 0 0 0 0 0 0 0 0 0 0 0 0 0 0 0 0 0 0 0 0 0 0 0 0 0 0 0 0 0 0 0 0 0 0 24.6 75.2 76.7 80.5 83.1 83.5 82.3 81.6 81 80.9 80.8 80.3 80.6 81.7 82.6 84.3 85.2 85.8 86.6 87 89.2 90.6 91.7 93.8 95.5 96.8 98.2 100.4 103 106.4 111.2 113.3 112.7 113.3 111.9 110.1 109.1 107.8 106.5 104.9 103.8 101.8 99.6 97.1 94.8 92.5 88.5 85.3
0 0 0 0 0 0 0 0 0 0 0 0 0 0 0 0 0 0 0 0 0 0 0 0 0 0 0 0 0 0 0 0 0 0 0 0 0 0 0 0 0 0 0 0 0 0 0 14.1 77.1 78.7 78.1 79.3 82.3 83.9 83.8 83.2 82.5 82.2 82.3 81.1 80.6 81.3 85 86.1 87.1 88.2 89.1 90.2 91.8 93.4 94.5 95.7 97.2 98.4 99.9 102.6 103.4 105 111.6 112.7 113.9 115.2 115.1 115.2 112.5 111.5 110.1 109.1 107.8 105.7 103.6 100.7 97.5 94.5 89.7 86.5
0 0 0 0 0 0 0 0 0 0 0 0 0 0 0 0 0 0 0 0 0 0 0 0 0 0 0 0 0 0 0 0 0 0 0 0 0 0 0 0 0 0 0 0 0 0 11.5 75.7 78.8 82.8 83.3 82.4 84.4 85.4 84.7 84.1 83.5 85.4 84.9 82.9 82 81.7 84.1 88.5 90 90.9 91.8 92.7 94.2 95.9 98 98.7 99.4 100.5 101.1 102.9 102.8 104.2 106.8 111.2 114.2 115.2 116.6 117.3 116 115.3 114 112.4 111.1 109.7 107.6 104.2 100.6 96.2 90.9 87.7
0 0 0 0 0 0 0 0 0 0 0 0 0 0 0 0 0 0 0 0 0 0 0 0 0 0 0 0 0 0 0 0 0 0 0 0 0 0 0 0 0 0 0 0 0 0 76 77.1 80.3 84.1 84.4 83.4 84.3 84.9 84.8 84.4 84.9 86.9 88.4 90.6 85.1 82.5 83 87.7 91.3 93 94.1 95.1 96.4 98.4 100.8 103 104.5 105.4 104.3 103.7 104.5 105.1 105.1 108.5 112.7 115.1 117.5 117.8 118.6 118.3 117.1 115.3 114.1 112.8 110.8 106.1 100.5 97.4 93.2 87.9
0 0 0 0 0 0 0 0 0 0 0 0 0 0 0 0 0 0 0 0 0 0 0 0 0 0 0 0 0 0 0 0 0 0 0 0 0 0 0 0 0 0 0 0 0 0 53.2 66.8 77.4 81.6 83 83.7 84.2 84.9 85 85.1 86 86.2 90.3 91.4 88.8 84.1 84.1 90.1 93.6 94.6 95.7 96.3 97.2 99 102.4 106.1 106.4 107.8 109.2 104.6 104.2 104.5 104.8 106.5 110.6 114.6 117.3 118.9 120.2 120.6 119.7 117.8 116.2 115.6 112.2 107.3 102.4 97.4 92.8 88.8
0 0 0 0 0 0 0 0 0 0 0 0 0 0 0 0 0 0 0 0 0 0 0 0 0 0 0 0 0 0 0 0 0 0 0 0 0 0 0 0 0 0 0 0 0 0 5.1 40 72.9 78.6 84.1 86.4 84.8 85 85.2 86.3 86.9 85.7 87.8 85.5 83.7 82.7 82.9 91.7 94.2 96.9 96.9 97 97.7 99.3 101.9 104.2 107.2 107.4 106.3 103.8 103.8 103.5 103.9 106 108.9 112.8 116.9 118.9 118.7 118.4 118.8 117.7 116.5 116.2 114.4 111.2 101.9 95.7 90.4 87.6
0 0 0 0 0 0 0 0 0 0 0 0 0 0 0 0 0 0 0 0 0 0 0 0 0 0 0 0 0 0 0 0 0 0 0 0 0 0 0 0 0 0 0 0 0 0 0 3.4 19.2 50.3 84.2 89.8 88.4 86.4 85.6 86.6 87.8 86 86.5 85.1 84.1 83.3 83.3 84.8 89.1 95.1 98.2 99.1 101.2 103.5 102.2 104.5 105.4 105.4 107 103.8 102.8 102.5 103.2 104.4 107.2 111.9 114.3 115.8 116 113.6 114.1 112 112.9 113.8 112.3 106.6 97.6 93.6 88.2 86.5
0 0 0 0 0 0 0 0 0 0 0 0 0 0 0 0 0 0 0 0 0 0 0 0 0 0 0 0 0 0 0 0 0 0 0 0 0 0 0 0 0 0 0 0 0 0 0 0 24.2 57 85.3 93.9 90.7 87.9 87.7 87.2 88.1 87.9 88.9 90.5 86.3 84.8 84.1 85.6 89.7 93.9 98.4 101.4 104 107 107 105.3 105.1 104.6 103.7 101.3 100.6 100.2 103.9 104.4 105 109.9 110.5 110.9 109.8 108.1 106.6 105.7 104.8 104.1 99.9 92.8 86.7 85.4 84.7 84.7
0 0 0 0 0 0 0 0 0 0 0 0 0 0 0 0 0 0 0 0 0 0 0 0 0 0 0 0 0 0 0 0 0 0 0 0 0 0 0 0 0 0 0 0 0 0 0 5.7 29.3 65.2 87 94.2 92.2 91.3 90.9 90.2 89.7 89.9 90 90.8 89.9 85.3 84.6 86.5 91.3 94.8 98.8 102.8 104.6 106.7 107.2 105.1 105.3 103.4 101.7 100.3 98.4 97.2 97.6 100.7 101.8 105.4 105 105.7 103.4 103.2 102.4 100.1 97 92.5 87.4 83.3 83.1 83.1 82.9 83.1
0 0 0 0 0 0 0 0 0 0 0 0 0 0 0 0 0 0 0 0 0 0 0 0 0 0 0 0 0 0 0 0 0 0 0 0 0 0 0 0 0 0 0 0 0 0 0 12.5 41.2 64.7 94.2 95.3 96.4 96.4 95.9 95.5 94.3 93.6 94.4 93.1 88.3 86.4 85.9 87.6 91.9 97 100.8 104.8 105.5 106.5 105.6 104.7 105.7 103.2 102 100.7 98.8 98.2 96.4 94.7 96 97.6 98.4 99.1 98.8 99 98 94.9 91.7 87.8 83.6 82.1 81.7 81.6 81.5 81.8
0 0 0 0 0 0 0 0 0 0 0 0 0 0 0 0 0 0 0 0 0 0 0 0 0 0 0 0 0 0 0 0 0 0 0 0 0 0 0 0 0 0 0 0 0 0 13.3 29.9 55.3 88.8 97.9 99 100 100.2 101.8 102.3 102.2 99.4 98 96.2 92 90.1 89.2 88.9 89.7 94.5 100 104.4 105.6 107.7 105.6 105 104.1 103.1 102.2 101.1 100.1 99.3 97.5 94.9 91.9 93.8 94.5 94.5 94 93.7 91.5 89.4 86.8 83.4 83 82.9 82 81.5 82.2 82.3
0 0 0 0 0 0 0 0 0 0 0 0 0 0 0 0 0 0 0 0 0 0 0 0 0 0 0 0 0 0 0 0 0 0 0 0 0 0 0 0 0 0 0 0 29.2 58.5 69.1 71.8 77.6 94 100.3 103.5 103.6 104.5 107.4 109.5 108.2 104 101.2 99.2 96.9 96.4 95.2 94.4 93.3 91.4 94.4 100.3 104.9 105.5 105.5 105.3 105.6 105.6 104.3 103.6 101.5 100.3 98.4 97.3 94.4 91.8 90.5 90.1 89.5 89.1 87 85 84.2 86.2 86.1 85.1 84.2 84.9 84.8 83.8
0 0 0 0 0 0 0 0 0 0 0 0 0 0 0 0 0 0 0 0 0 0 0 0 0 0 0 0 0 0 0 0 0 0 0 0 0 0 0 0 0 0 0 0 39.4 46.1 75.5 78.7 85 94.9 99.3 102.7 105.8 109.6 112.4 114.7 114.6 112.7 108.6 104.9 102.5 100.8 99.2 99.2 98.5 96.4 92.4 96.5 104 104.1 103.3 106.2 107.9 110.6 111.1 111.3 110.9 107.5 103.9 103.6 101.5 95.2 92.6 91.1 90.8 90.3 89.2 88 87.7 87.7 87.8 87 87.5 88.3 88.4 87.5
0 0 0 0 0 0 0 0 0 0 0 0 0 0 0 0 0 0 0 0 0 0 0 0 0 0 0 0 0 0 0 0 0 0 0 0 0 0 0 0 0 0 0 0 0 50.4 67.3 78 90.2 91.1 95.7 100.7 105.7 111.6 114.6 116.9 118 117.1 114.2 110.1 106.8 103.7 102 98.6 97.6 97 91.3 90.2 96.3 97.4 99.7 105.1 108.5 111.8 112.9 113.7 113.5 111.1 108.1 106.5 105.3 98.4 95.2 92.9 92.3 91.4 90.5 89.8 89.9 90 89.7 89.7 90.3 90.9 92 91.5
0 0 0 0 0 0 0 0 0 0 0 0 0 0 0 0 0 0 0 0 0 0 0 0 0 0 0 0 0 0 0 0 0 0 0 0 0 0 0 0 0 0 0 0 1.5 25.8 51.5 94.4 98.4 99.5 100.2 102.3 107.4 111.3 113.7 116.3 118 118.3 117.1 115.1 112 107.7 105.4 101.5 96.2 94.6 87.6 84.1 86.2 89.4 94.4 101.9 107 110.9 112.5 112.8 112.5 111.7 109.3 106.6 102.9 98.5 95.9 94.1 93.2 92.2 91.3 90.8 90.9 90.8 90.3 90.4 90.7 91.3 92 94.6
0 0 0 0 0 0 0 0 0 0 0 0 0 0 0 0 0 0 0 0 0 0 0 0 0 0 0 0 0 0 0 0 0 0 0 0 0 0 0 0 0 0 0 0 16.2 53.7 81.7 100.2 101.8 103.4 104 105.7 108.2 111.9 114.1 116.4 117.6 119 120.1 118.9 116.9 112.1 108.4 104 99.6 92.8 86 80.4 76.6 79.7 89.1 98.8 105.6 111 112.7 112.2 111.6 111.1 107.8 104.6 101.5 98.4 96 94.8 94 93 92.1 91.7 91.7 91.4 91 91.2 91.5 91.8 92.4 94.3
0 0 0 0 0 0 0 0 0 0 0 0 0 0 0 0 0 0 0 0 0 0 0 0 0 0 0 0 0 0 0 0 0 0 0 0 0 0 0 0 0 0 0 29.4 64.1 99.5 102.3 104.9 107.2 108.3 107.9 108.3 110.3 113.1 116.1 118.2 119.6 120.7 121.3 121.1 119.1 115.8 112.2 108.4 102.1 97.9 87.9 79.9 73.9 74.9 86.2 95 104.2 109.6 111.1 109.6 108.7 107.4 102.4 100.7 98.1 96.4 95.8 95.5 94.9 93.9 92.9 92.6 92.3 92 91.8 92 92.3 92.7 93 94
0 0 0 0 0 0 0 0 0 0 0 0 0 0 0 0 0 0 0 0 0 0 0 0 0 0 0 0 0 0 0 0 0 0 0 0 0 0 0 0 0 20.2 41.3 86.8 107 109.4 111.1 111.4 112.8 112.4 111.9 111.2 113 115.7 117.9 119.9 121.7 122.7 122.5 122.5 122.5 119.8 115.9 109.7 103.4 96.6 87.3 76.8 71.5 70.6 80.2 87.9 97.1 103.9 106.6 106.2 105.8 101.4 96.2 95.2 94.6 95.6 96 96.1 95.6 94.9 93.8 93.3 93 92.6 92.6 92.9 93.2 93.5 93.8 94.5
0 0 0 0 0 0 0 0 0 0 0 0 0 0 0 0 0 0 0 0 0 0 0 0 0 0 0 0 0 0 0 0 0 0 0 0 0 0 0 0 16.6 68.2 97.3 111 112.9 115.3 116.9 118.6 119 117.7 116.4 115.2 115.9 117.8 119.8 121.7 123.7 123.7 123.4 123 122.7 118.9 115.8 108.9 102.9 95.8 87.5 82.5 68.9 65.5 73.7 81.5 88.8 94.8 99.8 104.2 97.7 89.1 89.3 90.8 91.6 94.2 95.9 96.4 96.3 95.1 93.4 93.2 93.6 93.2 93.5 93.7 94 94.3 95 96.4
0 0 0 0 0 0 0 0 0 0 0 0 0 0 0 0 0 0 0 0 0 0 0 0 0 0 0 0 0 0 0 0 0 0 0 0 0 0 0 13.8 46 40.1 87.8 115.2 118 120.6 119.5 119.4 119.6 121.7 120.9 119.4 119.2 120.7 122 123.2 123.9 123.7 123.3 123 121.6 119.6 114.9 109.6 103.3 94.8 86.4 79.8 70.9 61.4 69.2 75.8 82.4 89.2 93.5 98.2 86.4 84.3 84.2 87.8 91.3 94.1 96.6 94.8 93.3 92.4 90.3 90.1 92.6 94 94.3 94.5 94.8 95.5 97.5 100.6
0 0 0 0 0 0 0 0 0 0 0 0 0 0 0 0 0 0 0 0 0 0 0 0 0 0 0 0 0 0 0 0 0 0 0 0 0 0 0 0 0 5.5 64.8 117.3 124.6 128.4 119 100.8 101.9 109 120 121 120.9 121.5 122.7 123.8 123.7 123.6 123.3 122.8 121.3 117.2 112.7 109.6 103.5 92.1 84.1 76.3 67.5 59.2 64.5 67.8 75.3 79.6 85.5 80.8 81 79.7 80.8 85.4 89.4 93.2 95.2 92.8 88.8 86.3 85.6 87.8 92.4 92.8 94.3 95.3 96.6 98.6 101.1 105.5
0 0 0 0 0 0 0 0 0 0 0 0 0 0 0 0 0 0 0 0 0 0 0 0 0 0 0 0 0 0 0 0 0 0 0 0 0 0 0 0 0 28.9 89.2 117.7 127.9 120.7 75.5 62.3 60.8 76.4 119.9 122.1 122.5 122 122.4 122.5 122.8 122.8 120.5 117.7 113.9 111.6 109.5 105.4 99.8 86 80.6 73.1 64.5 54.3 54.7 61.4 66.4 65.9 71.4 74.5 76.1 74.5 76.2 80 83.9 87.7 89.7 90.5 83.6 78 77.8 83.2 89.5 93 95.4 97.7 100.3 103.2 108.3 110.5
0 0 0 0 0 0 0 0 0 0 0 0 0 0 0 0 0 0 0 0 0 0 0 0 0 0 0 0 0 0 0 0 0 0 0 0 0 0 0 0 21.9 52.3 94.5 63.4 31.5 71.8 43.1 27.3 26.6 48.3 112.7 122.2 121.9 119 116.8 119.1 121.6 118.7 115.8 113 110.8 107.4 103.9 93.9 84.8 79 75.4 69 63.4 55.9 38.7 40.7 50.7 57.1 63.5 66.8 69.1 70.8 73.5 75.7 78.4 80.1 83 88.3 85 74.8 73.4 79.7 89.1 91.9 95.6 101.7 107.2 112 115.9 117.3
0 0 0 0 0 0 0 0 0 0 0 0 0 0 0 0 0 0 0 0 0 0 0 0 0 0 0 0 0 0 0 0 0 0 0 0 0 0 0 0 0 40.6 17.7 0 0 0 0 0 3.5 18.8 58.9 119.9 116.2 110 104.5 115 116.5 114 112.6 109.8 106.5 103.2 87.9 79.8 72 68.8 61.7 63.5 51.5 43.7 30.8 22 35.5 49.2 54.8 59 63.6 67.3 70 72 73.3 72.5 73 73.3 71 69.8 70.4 75.9 86.3 95.9 98.6 104.3 112.5 121.8 125.4 127.4
0 0 0 0 0 0 0 0 0 0 0 0 0 0 0 0 0 0 0 0 0 0 0 0 0 0 0 0 0 0 0 0 0 0 0 0 0 0 0 0 0 0.5 0 0 0 0 0 0 0 2.6 29.3 62.8 85.4 81.2 80.6 98 90.7 94.1 100.5 91.1 74.8 79.6 62 55 44 35.3 24.3 53.9 32.2 11.2 8.9 11.4 19.3 26.8 49.5 55.5 58.8 61.7 64.6 67 67.8 68 68.3 67.7 68 68.2 68.6 74 83.7 92.1 99.5 105.9 112.6 119.7 132.3 139.5
0 0 0 0 0 0 0 0 0 0 0 0 0 0 0 0 0 0 0 0 0 0 0 0 0 0 0 0 0 0 0 0 0 0 0 0 0 0 0 0 0 0 0 0 0 0 0 0 0 0 7.9 23.6 44.8 34.6 47.2 53.2 38.7 40.7 68.3 67.2 49.7 25.2 8 9.4 20.9 4.9 5.9 33.5 7.3 4.4 5.3 6.5 9.3 38.5 56.5 56.7 57.3 60.5 62.2 64.5 65.5 65.6 65.9 66.6 67 67.4 68.5 74 83 93.1 106.6 113.1 118 122.3 125.1 135.7
