webserver/python/data/NR25.asc
ncols 200
nrows 200
xllcorner 120000
yllcorner 650000
cellsize 50
[rows 76 to 113 of 200, columns 0 to 84 of 200]
107.8 112.6 116.7 119.7 120.4 121.9 122.1 121.6 119.9 115.9 112.6 107.8 107.2 106.5 108 109.5 114.8 117.8 119.5 119.5 117.4 115.2 110.7 105.7 106.1 101.4 96.5 92.6 93.2 91.9 89.9 85.8 85.6 81.1 76.4 73.2 72 70.5 68.5 68.7 69.3 67.9 65.5 63.2 61.9 60.5 57.8 51.1 62.9 67.9 67.1 64.3 65.2 65.5 63.1 60.3 58.4 57.4 57.1 56.5 54.2 53.5 52.5 51.2 50.5 51 53.1 53.9 54 52.7 50.2 47.1 42.4 38.7 32.5 18.7 12.8 -0.4 -0.4 -0.4 -0.4 -0.4 -0.4 -0.4 -0.4
105.8 110 112.2 112.5 113.5 116.9 117.7 117.9 115.6 112.5 109.6 104.4 102.7 104.2 106.7 109.2 110.6 115.2 116.3 114.9 113.1 110 105 101.5 100.9 98.8 95.3 91.2 92.1 90.1 88.3 86.3 81.6 78.5 75.5 72.2 70.4 70.3 68.4 68 68.9 66.6 64.1 62.8 61.1 59.6 55 54.7 66.2 68.9 67.5 64.4 62 60.5 59.4 58.3 57.2 56.8 57 56.3 55.1 55.2 54.4 53.2 52.3 46.5 49.1 49.9 49.9 49 48.3 41 40.2 29.6 18.8 9.8 -0.4 -0.4 -0.4 -0.4 -0.4 -0.4 -0.4 -0.4 -0.4
104.2 106.3 105 108.5 111.5 113.8 114.7 114.5 112.2 109.4 104.8 101.3 101.4 102.8 105.1 106.5 110 111.9 111.6 110.1 106.7 104.2 101.3 98.9 93.9 92.8 89.5 88.3 86.8 86.6 87 83.7 79.8 75.1 70.8 69.7 69.8 69.2 67.8 66.8 67.6 66.2 64.9 63.5 59.9 57.8 54.1 55.3 65.4 67.8 64.8 60.8 59.1 57.5 56.9 57.4 57.9 59 59.6 58.8 58.7 57.8 56.5 56.4 55.5 52.2 40.7 44.8 46.3 43 36.5 30.8 22.8 19.1 10.4 1.1 -0.4 -0.4 -0.4 -0.4 -0.4 -0.4 -0.4 -0.4 -0.4
99.6 96.4 100.1 105.7 110 110.7 111.1 111.4 108.8 104.9 101.1 99.5 99.2 100.3 102 103.7 103.8 106.4 106.5 104.5 103.3 103.1 96.2 92.2 89.3 87.8 86 83.3 82.7 83.3 80.7 79 74.2 70.8 67 67.7 66.9 67.9 66.9 67 67.9 66.9 65.4 61.9 58 56.5 46.6 58.9 62.1 60.9 57.6 57.2 56.2 55.7 56.5 57.7 59.4 60.7 61.9 60.9 60.4 59.8 58.6 58.6 57.9 54 49.2 35.3 35.9 32.9 25 21.4 15.6 7.9 1.9 -0.4 -0.4 -0.4 -0.4 -0.4 -0.4 -0.4 -0.4 -0.4 -0.4
84.5 91.6 96.7 103.8 106 107.5 109.6 107.8 104.2 100.3 101 95.1 97.2 98.5 99.8 99.1 98.5 98 97.8 98.6 98.7 94.7 88.7 85.4 83.6 82.6 81.4 77.7 79.1 77.7 73.6 73.7 67.4 67.9 66.9 65.7 67.1 66.5 66.6 67.1 68.3 66.4 63.6 60.4 57.6 50 46.5 56.9 58.8 55.4 54.7 54.1 55.4 56.3 57.5 58.1 60.8 62 62.5 62.1 61 60.8 59.9 56.4 53.2 51.9 47 41.4 30.2 22.6 17.7 13.7 9.3 4.1 -0.4 -0.4 -0.4 -0.4 -0.4 -0.4 -0.4 -0.4 -0.4 -0.4 -0.4
81.3 86.9 92.7 96.9 100.9 104.5 104.6 102.4 98.6 95.7 92.9 92 95.1 96.2 94.5 93.1 93.2 92.5 90.7 91.8 87.9 82.8 79.6 77.5 76.1 73.5 72.9 72.3 74.3 72.4 70.9 67.7 66.4 67.2 67.3 66.5 65.1 65.4 65.8 68.1 66.6 63.4 61 58.4 53.9 47.8 45.5 50.7 53.1 52.9 53.1 54 56.4 57.5 58.1 61.5 63.2 63 63.2 62.9 62.7 61.1 56.1 51.2 47.6 43.1 38.5 33 23.9 18.5 13.5 7.3 3.7 -0.4 -0.4 -0.4 -0.4 -0.4 -0.4 -0.4 -0.4 -0.4 -0.4 -0.4 -0.4
65.7 72 77.6 83.4 90.7 94.1 93 92.4 90.7 88.9 87.3 88.6 90.2 89.6 88.6 86.4 87.9 83.8 81.6 78.8 75.5 73 72.6 73.4 71.3 72.2 71.7 69.8 71.1 73.3 72.8 66.9 66.3 66.1 64.6 64.2 64.5 64.9 64.7 65.8 67.4 65 60.9 56.8 54.6 51.2 42.9 46.7 48.2 48.4 51 53.4 56 57.7 58.3 61 64.1 63.9 62.5 60.9 58.4 55.4 53.2 45.8 42.4 39 32.6 26.5 19.3 16.3 10.3 5.9 1.1 -0.4 -0.4 -0.4 -0.4 -0.4 -0.4 -0.4 -0.4 -0.4 -0.4 -0.4 -0.4
74.9 78.3 77.6 77.2 78.5 80.7 81.1 82.5 82.2 82.8 83.8 85.3 86.8 86.8 85.8 82.4 80.9 79.3 78.3 79.9 77.5 77.9 78.5 79.5 76 72.8 71.7 69.7 71.8 71 68.8 66.3 65.6 65.8 65.9 65.7 65.9 65.2 61.9 63.5 66.6 66 60.9 57.4 53.9 50.8 42.7 43.1 47.4 46.5 50.3 52.6 54 57 58.7 60.1 60.7 62.1 60.7 55.7 53.1 49.1 45.2 40 36.4 32.4 27.3 19.4 16.3 11.8 7.3 1.4 -0.4 -0.4 -0.4 -0.4 -0.4 -0.4 -0.4 -0.4 -0.4 -0.4 -0.4 -0.4 -0.4
77.6 78.8 81.9 86.3 90.7 95.4 102.6 100.4 100.6 99.1 103 100.2 96.5 93.4 95 93.1 89.3 85.8 81.2 80.7 79.9 78.3 80.8 80.8 78.4 76.2 76.3 76.1 72.5 69.1 67.1 65.6 64.8 64.6 63.4 63 65.4 64.7 64.5 59 60.5 61 63.3 57.3 53 44.4 41.3 41.8 47.5 47.9 48.6 52.2 52.7 54.4 56 56.9 56.5 55.8 52.7 50.3 47.7 44.1 40 33.8 28.6 24.1 18.9 17.3 13.1 8.7 4.7 -0.4 -0.4 -0.4 -0.4 -0.4 -0.4 -0.4 -0.4 -0.4 -0.4 -0.4 -0.4 -0.4 -0.4
89.2 91.1 94 94.7 100.3 107.3 111.1 112.9 115.3 116.1 113 108.5 102.9 100.1 97.6 95.8 92.1 88 85.7 82.9 81.9 81.7 81.3 80.2 79.9 78.4 77.4 77.9 77.5 74.5 72.4 71.2 69 65.7 65.6 65.9 67.7 69.9 67.3 58.9 56.2 57.1 56.6 55.1 48.3 42.1 40.5 40.4 43.9 46.3 47 48.2 49.4 51 53.2 53 52.8 51.3 48.2 45.1 42.4 38.3 33.9 28.1 23.3 20.3 16.3 12.2 8 4.9 -0.4 -0.4 -0.4 -0.4 -0.4 -0.4 -0.4 -0.4 -0.4 -0.4 -0.4 -0.4 -0.4 -0.4 -0.4
93.2 95.2 95.9 95.7 102.5 108.3 113.3 117.1 121.8 123.6 118.3 109.9 105 100.4 98.7 97.3 94.2 90.6 86.1 83.6 81.7 82.1 81.3 81.5 80.9 79.6 78.4 78 76.8 74.8 73.3 72.7 69.6 67 71.8 69 71.1 73.1 73.4 65.6 60 54.1 54.4 49.7 45 40.8 39.5 39.2 41.4 45.3 45.3 46.2 45.9 47.4 48.4 47.9 47.7 45.7 42.6 37.9 34.5 32.6 28.7 23.8 18.9 16.3 13.3 8.8 3.8 -0.4 -0.4 -0.4 -0.4 -0.4 -0.4 -0.4 -0.4 -0.4 -0.4 -0.4 -0.4 -0.4 -0.4 -0.4 -0.4
91.6 95.4 95.7 98.2 103.3 109.4 114.7 119.1 123.4 123.8 118.1 108.9 105.2 100.7 99.2 95.6 93.1 90.1 86.4 84.9 83 82.4 82.1 81.4 80.4 79.7 78.1 77.4 76 74.3 73.1 71.7 68.7 71.1 72.8 75.3 79.6 80.5 82.5 72.1 67.2 63.9 59.9 60.5 59.7 49.8 40.6 38.2 41.7 46 46.2 46.8 47.4 48.9 49.8 49.7 48.4 47.7 44.1 36.2 32.6 28.3 25.3 20 16.4 13.4 10.7 4.7 -0.4 -0.4 -0.4 -0.4 -0.4 -0.4 -0.4 -0.4 -0.4 -0.4 -0.4 -0.4 -0.4 -0.4 -0.4 -0.4 -0.4
90.2 91.4 97.7 100.2 102.6 106.6 112 117.9 117.6 116.8 114.4 109.1 101.9 97.4 94.9 94.1 91.1 89.2 86.5 85.2 83.8 82.6 81.9 81.1 79.5 78.4 77.3 76.3 74.9 74.2 72.2 69.5 72.6 74.5 77.9 85.1 87.6 83.5 77.5 72.9 69.5 65.5 62.7 61.1 60.8 55.2 41.1 37.6 40.8 44.4 46.4 47 47.1 47.8 48.7 48.1 47.3 45 40.8 36.2 32.3 24.7 22.1 16 13.4 10.4 5.6 1.4 -0.4 -0.4 -0.4 -0.4 -0.4 -0.4 -0.4 -0.4 -0.4 -0.4 -0.4 -0.4 -0.4 -0.4 -0.4 -0.4 -0.4
84.7 88.2 93.6 99.3 103.2 107 109.2 111.1 111.6 109.8 107.3 104 97 94.5 92.4 91.5 89.9 88 86.4 84.9 83.4 83.5 82.5 79.9 77.7 77.1 76.1 75 73.9 72.5 71.7 73.4 76.2 79.4 83.7 86.9 88.1 83 75.7 72.8 68.5 67.4 63.7 60.2 57.9 50 39.9 37.3 38 42.6 46.8 46.8 46.5 46.7 46.9 46.8 43.8 42.1 37.1 32.9 28.9 20.6 15.7 12.2 7 5 -0.4 -0.4 -0.4 -0.4 -0.4 -0.4 -0.4 -0.4 -0.4 -0.4 -0.4 -0.4 -0.4 -0.4 -0.4 -0.4 -0.4 -0.4 -0.4
82.3 84.7 87.9 95.8 101.3 105.2 107.7 107.1 106.9 105.6 103.9 98.9 92.2 92.8 90.4 89.2 88 86.2 85.4 84.2 84.5 83.9 82 80.1 76.8 76.6 75.2 73.9 72.6 72.4 74.1 75.4 77 80.8 83.7 85.8 83.4 80.1 77 72.7 69.4 70.1 65.3 61.1 54.1 47 40.5 36.5 37 41.9 46.6 47.5 46.3 43.2 44.5 44.4 40.8 36 33 28.9 24 17.4 13.9 6.1 2.1 -0.4 -0.4 -0.4 -0.4 -0.4 -0.4 -0.4 -0.4 -0.4 -0.4 -0.4 -0.4 -0.4 -0.4 -0.4 -0.4 -0.4 -0.4 -0.4 -0.4
79.7 82.3 86 89.3 94 100.1 101.5 101.2 100.1 98.4 95.2 91.7 91 89.8 88.9 87.7 86.1 84.7 84.5 83.5 83.8 83.7 81.9 79.1 76.6 75.5 74.4 73.1 74.5 75.2 75.5 76.6 78.6 80 83.9 85.5 84 79.4 75.8 74 71.7 71.1 70.3 66.4 57.3 50.3 40.3 35.7 36.8 43.5 47.6 47.3 45.9 41.8 39.1 37.9 36.8 31.5 27.1 21.6 17.5 14.6 11 3.9 -0.4 -0.4 -0.4 -0.4 -0.4 -0.4 -0.4 -0.4 -0.4 -0.4 -0.4 -0.4 -0.4 -0.4 -0.4 -0.4 -0.4 -0.4 -0.4 -0.4 -0.4
79.9 76.8 81.2 84.6 88.3 91.9 95.2 95.6 93.9 91.2 88.8 88.3 88.1 88.8 87.7 86.8 85.2 84.8 83.6 82.2 82.7 83 81 78.8 76.6 74.9 73.7 74.2 75.5 77.4 79.2 82.1 82.2 80.7 82 82.2 80.8 78.9 77.1 75 72.1 70.7 69.4 69.4 62.6 52.6 41.3 33 34.9 42.6 48.2 46.4 45.1 41.7 34.3 31.2 29.2 26.1 21.9 18.3 14.8 8.6 4.7 -0.4 -0.4 -0.4 -0.4 -0.4 -0.4 -0.4 -0.4 -0.4 -0.4 -0.4 -0.4 -0.4 -0.4 -0.4 -0.4 -0.4 -0.4 -0.4 -0.4 -0.4 -0.4
84.3 71.7 72.4 82.7 84.5 87.1 88.7 90 88.6 85.6 85.9 86.3 85.1 86.7 85 84.6 84.9 84.2 82.7 81.3 80.3 79.5 79.6 78.3 76.7 74.9 74.6 74.7 76.8 78 81.6 84.3 82.5 80.8 80.3 80.2 80.5 79.9 78.2 75 71.5 70 67.2 65.5 61.9 54.4 42.6 37.3 30.4 39 44.2 44.1 40.5 37.6 33.2 27.2 23.8 21.3 18.9 16.1 12.1 5.6 -0.4 -0.4 -0.4 -0.4 -0.4 -0.4 -0.4 -0.4 -0.4 -0.4 -0.4 -0.4 -0.4 -0.4 -0.4 -0.4 -0.4 -0.4 -0.4 -0.4 -0.4 -0.4 -0.4
82.9 71.2 70.7 79.6 83.2 84.6 85.1 83.5 83.9 83.5 83.9 83.8 82.9 83 83.9 84.1 84.1 82.5 81.9 81.2 79 78 78.1 77.1 75.7 75.5 76.4 76.7 77.6 79.7 81.3 82.3 81.7 80.7 79.8 79.6 80.2 80.4 78.3 74.6 70.8 68.2 64.2 59.7 55.9 54.5 41.8 41.1 29.7 32.7 41.4 38.2 35.1 30.7 27.7 24.6 21.2 17.6 14.7 14.7 9.5 -0.4 -0.4 -0.4 -0.4 -0.4 -0.4 -0.4 -0.4 -0.4 -0.4 -0.4 -0.4 -0.4 -0.4 -0.4 -0.4 -0.4 -0.4 -0.4 -0.4 -0.4 -0.4 -0.4 -0.4
80.3 71.6 69.3 76.6 80.5 83.1 83.2 81.9 81.6 82.3 83.2 82.7 82.3 82 82.4 82.5 82.2 81.6 81.1 79.1 78.1 76.8 76.6 75.9 76.4 76 77.2 77.4 79.6 80.3 81.6 81.5 80.8 80.1 79.3 78.3 78.8 79.5 77.9 74.2 70.5 65.4 61.1 56.5 51.7 47.7 41.1 38.3 30.9 24.1 33.6 33.4 31.4 29.6 27.1 23.2 17.9 14.9 8.5 -0.4 -0.4 -0.4 -0.4 -0.4 -0.4 -0.4 -0.4 -0.4 -0.4 -0.4 -0.4 -0.4 -0.4 -0.4 -0.4 -0.4 -0.4 -0.4 -0.4 -0.4 -0.4 -0.4 -0.4 -0.4 -0.4
77.3 75.2 67.7 72.6 76.4 77.6 78.9 79.4 79.5 81.2 82.6 82.2 81.9 81.3 81.2 80.9 80.2 79.6 79 77.5 76 75.2 76 77.3 76.7 76.8 77.3 78.1 79 80.3 80.7 80.2 79.5 78.9 78.2 76.7 76.5 76.7 80.2 74.1 68.7 63.5 58.5 53.4 49.2 46 40.8 35.1 27.8 22.1 28.8 31 30 29.2 25.3 19.9 16.6 13.4 6 -0.4 -0.4 -0.4 -0.4 -0.4 -0.4 -0.4 -0.4 -0.4 -0.4 -0.4 -0.4 -0.4 -0.4 -0.4 -0.4 -0.4 -0.4 -0.4 -0.4 -0.4 -0.4 -0.4 -0.4 -0.4 -0.4
74.8 71.6 66.5 68.7 73.2 75.1 76.3 76.6 78.4 80.1 81.7 81.3 80.9 80.4 79.6 77 77.6 77.6 76.8 75.8 73.9 74.8 76.9 78.5 78.1 78.2 77.3 77.8 78 78.2 78.5 78.5 78.1 77.7 77 75.8 73.3 71.9 70.7 67.1 65.2 61.2 55.3 48.9 42.9 40.8 37.2 34.9 25 19.4 26.4 28.7 28 26.3 23 19.7 14.5 8.7 1.9 -0.4 -0.4 -0.4 -0.4 -0.4 -0.4 -0.4 -0.4 -0.4 -0.4 -0.4 -0.4 -0.4 -0.4 -0.4 -0.4 -0.4 -0.4 -0.4 -0.4 -0.4 -0.4 -0.4 -0.4 -0.4 -0.4
70.7 68.1 65 66.2 71.5 72.9 74 75.8 77.1 79.1 79 79.2 79.8 79.4 77.3 76.2 74.7 74.4 73.8 72.7 74.6 75.7 77.7 79.7 79.9 79.9 77.9 77.4 77 76.5 76.8 77.2 76.9 76.5 75.9 74.7 73.3 69.4 64.7 63.3 62.3 59.6 54.4 49.3 40.8 34.9 32.4 28.7 23.7 19.9 21 22.3 22.5 21.6 19.6 16.1 11.6 4.8 -0.4 -0.4 -0.4 -0.4 -0.4 -0.4 -0.4 -0.4 -0.4 -0.4 -0.4 -0.4 -0.4 -0.4 -0.4 -0.4 -0.4 -0.4 -0.4 -0.4 -0.4 -0.4 -0.4 -0.4 -0.4 -0.4 -0.4
70.9 68.9 66.6 63.8 68.6 70.4 72.9 75.5 75.5 77.7 77.7 78.7 77.2 76.3 75.4 74.7 73.2 71.1 71.3 73.6 75.5 77.1 78.6 80.7 81.8 81.1 78.6 77 76.1 75 74.7 75.7 75.8 75.3 74.8 73.7 72.5 70 66.1 57.9 57.7 56.7 50.9 44.7 37.5 31.6 28.1 24.8 22.2 18.5 18.3 20.1 20.4 19.4 16.8 13.9 9.6 3.5 -0.4 -0.4 -0.4 -0.4 -0.4 -0.4 -0.4 -0.4 -0.4 -0.4 -0.4 -0.4 -0.4 -0.4 -0.4 -0.4 -0.4 -0.4 -0.4 -0.4 -0.4 -0.4 -0.4 -0.4 -0.4 -0.4 -0.4
71.5 70.3 66.1 61.4 64.5 67.3 69.8 71.2 73.5 74.9 75.8 74.6 74.7 74 73.7 71.1 70 69 71 73.3 75.7 77.3 78.2 79 80.8 79.8 78.7 76.9 75.5 73.8 72.2 73.4 74.1 73.2 73.4 71.3 70 67.5 64 56.2 52 49.9 44.7 39.2 32.8 28.8 25.4 24.2 20.8 15.5 17.5 19.1 18.2 17.2 14.7 11.9 7.3 1.5 -0.4 -0.4 -0.4 -0.4 -0.4 -0.4 -0.4 -0.4 -0.4 -0.4 -0.4 -0.4 -0.4 -0.4 -0.4 -0.4 -0.4 -0.4 -0.4 -0.4 -0.4 -0.4 -0.4 -0.4 -0.4 -0.4 -0.4
71 69.5 66.6 62 61.5 64.5 67.8 70.3 71.2 72.2 73.6 72 71.8 70.4 68.4 68.8 67.8 69.4 72.3 74 75.9 77.3 78.7 79.4 79.3 78.8 78 76.6 75.1 72 69 69.4 70.2 71.1 70.7 69 65.2 61.7 60 57.5 53 46.1 38 31.8 28.4 26.6 25.7 25.3 19.1 15.3 16.7 17.4 15.7 14.8 12.1 10.1 6 -0.4 -0.4 -0.4 -0.4 -0.4 -0.4 -0.4 -0.4 -0.4 -0.4 -0.4 -0.4 -0.4 -0.4 -0.4 -0.4 -0.4 -0.4 -0.4 -0.4 -0.4 -0.4 -0.4 -0.4 -0.4 -0.4 -0.4 -0.4
70.4 68.7 65.6 61.2 58.5 61.7 63.9 65.1 67.4 71.4 73.1 69 65.6 63.4 67 68.5 70.6 72.2 72.4 74.1 76 78 79.1 78.7 78.1 78 77.2 75.8 73.5 70.3 67.3 65.6 66.5 68.8 68.9 66.2 62.6 60.9 59 57.1 54.6 48.4 33.9 29.8 28.4 27.3 25.9 21.7 19.7 14.7 15.2 14.5 13.8 12.4 9.8 6.8 2.6 -0.4 -0.4 -0.4 -0.4 -0.4 -0.4 -0.4 -0.4 -0.4 -0.4 -0.4 -0.4 -0.4 -0.4 -0.4 -0.4 -0.4 -0.4 -0.4 -0.4 -0.4 -0.4 -0.4 -0.4 -0.4 -0.4 -0.4 -0.4
67.1 66 63.5 59.4 56.7 58.4 60.1 63 67.1 69.3 68.4 67 62.7 67.8 70.9 72.1 71.1 71.9 72.1 73.8 76 78.1 78.1 77.5 76.9 76.8 76.4 74.4 71.8 69.8 67.8 65.3 63.7 64.9 66 63.3 61.6 60.2 58.6 56.2 52.8 45.7 31.6 29.2 29.2 28.4 24.6 20.6 18.6 16.3 13.5 12.3 11 9.9 8.4 4.7 -0.4 -0.4 -0.4 -0.4 -0.4 -0.4 -0.4 -0.4 -0.4 -0.4 -0.4 -0.4 -0.4 -0.4 -0.4 -0.4 -0.4 -0.4 -0.4 -0.4 -0.4 -0.4 -0.4 -0.4 -0.4 -0.4 -0.4 -0.4 -0.4
62 61.8 60.5 58.4 56.2 57.2 61.8 64.8 64.5 63.1 61.7 61.8 66.6 71.2 72.1 72 71.2 71.6 71.9 73.7 75.3 75.8 75.6 75.9 75.7 75.7 75.8 74.2 72.6 70.5 68.2 65.6 64.1 61.6 62.7 61.3 61.1 59.4 58 55.6 48.2 36.4 31.5 29.3 28.4 26.7 23.3 20.5 18.3 16.1 15.1 13.6 12.9 9.9 8.9 4.5 -0.4 -0.4 -0.4 -0.4 -0.4 -0.4 -0.4 -0.4 -0.4 -0.4 -0.4 -0.4 -0.4 -0.4 -0.4 -0.4 -0.4 -0.4 -0.4 -0.4 -0.4 -0.4 -0.4 -0.4 -0.4 -0.4 -0.4 -0.4 -0.4
72.3 68.2 62.2 57.8 56.8 55.1 56.7 58.5 57.8 56.2 59.6 63.2 67.3 69.1 69.2 68.9 69.5 70.8 72.1 72.6 73.3 73.5 73 73.3 73.8 74.1 74.4 75.3 74.4 71.1 67.7 66.4 65.4 62.4 58.3 58.5 60 58.2 53.1 52.1 40.7 34.9 31.6 29.1 27.3 26 24 20.7 18.5 16.2 14.2 13.8 11.4 6.4 7.9 -0.4 -0.4 -0.4 -0.4 -0.4 -0.4 -0.4 -0.4 -0.4 -0.4 -0.4 -0.4 -0.4 -0.4 -0.4 -0.4 -0.4 -0.4 -0.4 -0.4 -0.4 -0.4 -0.4 -0.4 -0.4 -0.4 -0.4 -0.4 -0.4 -0.4
72.1 71.3 68.3 58.2 57 56.1 54.8 54.5 55.3 57 60.1 63.3 65.3 66.3 66 65.8 67.2 69.3 71.4 70.8 71 71.3 70.5 71.1 71.4 71.8 72.1 73.5 74 69.1 67.1 66 64.7 64.1 61.4 57 56.4 54.9 49.2 41.7 38.9 35.8 32.5 30.7 28.7 27.6 25.4 21.8 18.6 16.5 14.4 7.9 8.5 4.6 2.5 -0.4 -0.4 -0.4 -0.4 -0.4 -0.4 -0.4 -0.4 -0.4 -0.4 -0.4 -0.4 -0.4 -0.4 -0.4 -0.4 -0.4 -0.4 -0.4 -0.4 -0.4 -0.4 -0.4 -0.4 -0.4 -0.4 -0.4 -0.4 -0.4 -0.4
71.7 70 69.2 61.5 57 55.6 54.6 53.1 53.9 55.5 59.4 60.6 61.6 62.7 62.8 62.8 65.2 66.1 67.8 67.9 68.3 68.9 68.2 68.8 69.2 69.5 69.9 69.5 68 66 63.9 63.4 63.6 61.4 58.9 56.1 51.7 50.3 45.5 42.1 39.9 39 36.4 34.1 31 28.5 26.3 23.4 19.5 15.9 12.4 5.3 -0.4 2.3 -0.4 -0.4 -0.4 -0.4 -0.4 -0.4 -0.4 -0.4 -0.4 -0.4 -0.4 -0.4 -0.4 -0.4 -0.4 -0.4 -0.4 -0.4 -0.4 -0.4 -0.4 -0.4 -0.4 -0.4 -0.4 -0.4 -0.4 -0.4 -0.4 -0.4 -0.4
69.2 68.5 60.9 57.3 56.4 55.8 56.4 55.4 54 53.6 54.1 54.7 57.4 59 60.9 62.1 63.8 64.7 65 65.3 65.9 66.3 65.8 66.6 67.2 67.8 67.9 67.7 66.1 65 63.3 61.7 60.6 59.1 58.3 55.7 52.9 47.8 47.2 45.4 43.5 41.4 38.5 35 31.5 29 27.2 25.1 19.1 15.5 12 4.2 -0.4 -0.4 -0.4 -0.4 -0.4 -0.4 -0.4 -0.4 -0.4 -0.4 -0.4 -0.4 -0.4 -0.4 -0.4 -0.4 -0.4 -0.4 -0.4 -0.4 -0.4 -0.4 -0.4 -0.4 -0.4 -0.4 -0.4 -0.4 -0.4 -0.4 -0.4 -0.4 -0.4
66.6 62.4 58.2 57.7 57.6 56.5 56.4 55.2 54.5 53.3 52.8 53.2 54.7 58.8 59.6 61 62.5 62.8 62.9 63 63.4 63.4 64.4 65.5 66.8 66.7 68.2 66.9 64.8 63.9 63.3 61.3 62.1 59.1 57.8 54.6 51.7 49.7 47.1 44.7 42.3 39.6 37.5 35.2 31.9 28.4 24.7 20.9 17 17 10.2 -0.4 -0.4 -0.4 -0.4 -0.4 -0.4 -0.4 -0.4 -0.4 -0.4 -0.4 -0.4 -0.4 -0.4 -0.4 -0.4 -0.4 -0.4 -0.4 -0.4 -0.4 -0.4 -0.4 -0.4 -0.4 -0.4 -0.4 -0.4 -0.4 -0.4 -0.4 -0.4 -0.4 -0.4
62.2 62 65.6 61.9 58.6 56.7 56.5 56.7 56.1 54.9 51.7 52.5 53.3 56.8 58.6 60.1 60.6 60.7 60.8 60.9 61.1 61.3 61.8 63.8 65.4 66 67.8 66.5 63.2 63.5 62.5 60.8 60.2 59.3 58.2 56.1 54.8 52.9 49.1 46.7 43.2 37.9 32.5 30.6 28.2 24.9 21.4 18.6 14.8 9.2 -0.4 -0.4 -0.4 -0.4 -0.4 -0.4 -0.4 -0.4 -0.4 -0.4 -0.4 -0.4 -0.4 -0.4 -0.4 -0.4 -0.4 -0.4 -0.4 -0.4 -0.4 -0.4 -0.4 -0.4 -0.4 -0.4 -0.4 -0.4 -0.4 -0.4 -0.4 -0.4 -0.4 -0.4 -0.4
63.8 65.4 62.4 61.7 60 57 56.6 56.8 57.5 57.3 54 52.6 52.2 55.4 56.6 57.9 59.4 59.4 59.2 59.2 59.1 59.1 59.7 61.2 61.8 65.2 66.5 61.8 61.6 62 61.2 59.8 59.7 59.4 57.3 56 57.5 57.1 55.9 49.9 45.7 42.1 35.5 28.1 25.3 22.3 18.1 11.4 -0.4 -0.4 -0.4 -0.4 -0.4 -0.4 -0.4 -0.4 -0.4 -0.4 -0.4 -0.4 -0.4 -0.4 -0.4 -0.4 -0.4 -0.4 -0.4 -0.4 -0.4 -0.4 -0.4 -0.4 -0.4 -0.4 -0.4 -0.4 -0.4 -0.4 -0.4 -0.4 -0.4 -0.4 -0.4 -0.4 -0.4
70.5 65.7 62.4 60.6 59.1 57.6 57.4 57.3 56.8 57.4 55.9 56.4 51.3 52.8 54.1 56.2 58.2 58.2 57.4 57.6 58 58 58 59.8 60 59.6 59.1 60.1 60.6 60 59.5 59.3 59.2 58 56.6 58.4 60.3 62.2 63.5 55.2 46 44.1 35.8 26.6 21.1 18.5 14.3 10 -0.4 -0.4 -0.4 -0.4 -0.4 -0.4 -0.4 -0.4 -0.4 -0.4 -0.4 -0.4 -0.4 -0.4 -0.4 -0.4 -0.4 -0.4 -0.4 -0.4 -0.4 -0.4 -0.4 -0.4 -0.4 -0.4 -0.4 -0.4 -0.4 -0.4 -0.4 -0.4 -0.4 -0.4 -0.4 -0.4 -0.4
69.7 66.3 63.1 61.4 59.5 58.6 58.3 57.1 56.9 57.4 57 55.2 53.7 50.4 51.2 53 54.1 55.9 55.7 55.9 56.4 56.7 56.8 58.4 58.2 58 58.2 58.2 59.1 58.9 58.7 58.7 58.6 57.4 59.3 60.6 61.5 58.1 54.1 49.6 40.9 35.7 33.1 25.3 16.4 11.8 8.3 -0.4 -0.4 -0.4 -0.4 -0.4 -0.4 -0.4 -0.4 -0.4 -0.4 -0.4 -0.4 -0.4 -0.4 -0.4 -0.4 -0.4 -0.4 -0.4 -0.4 -0.4 -0.4 -0.4 -0.4 -0.4 -0.4 -0.4 -0.4 -0.4 -0.4 -0.4 -0.4 -0.4 -0.4 -0.4 -0.4 -0.4 -0.4
