webserver/python/data/NR36.asc
ncols 200
nrows 200
xllcorner 130000
yllcorner 660000
cellsize 50
[rows 152 to 189 of 200, columns 86 to 171 of 200]
5.1 5.1 5.9 5.7 5.9 5.7 5.7 7.1 5.7 5.1 6.5 5.9 7.6 8.3 7.7 8.7 9.4 10.2 10.9 12.5 14.5 16.3 17 17.8 18.5 19.1 19.8 21.9 24.5 25.5 26.1 26.8 26.5 26.9 29.5 31.4 34 36.9 41.3 44.6 47.8 50.1 53 57 58.5 60.4 62.5 64.1 66 68.2 70.7 72.4 75 74.3 72.9 72 74.8 78.1 82.6 85 87.1 92.4 99.2 98.6 98.9 99 104.2 104.6 111.9 117.3 122.1 123.5 122.3 122.6 132 133.6 133.4 140.6 146 151.3 158.2 161.8 169.2 162.4 163.1 168.3
5.8 5.8 6.5 6.7 6.4 6.7 7.2 7.4 7.4 7.5 7.8 8.1 8.4 8.3 8.6 8.8 9.7 11.6 12.3 14.7 16.8 18.3 18.9 19.5 20.3 21.2 22.6 25.9 28.5 30.3 31 31.5 28.1 28.5 30.7 33.3 36.5 42.5 46.8 49.8 52.9 55 57.5 59.9 62.1 64.4 66.8 69.5 70.3 72.5 75.4 77.8 78.9 78.4 76.1 73.7 76.2 81.4 86.1 87.1 90.4 96.4 99.7 99.3 99 103.5 111.2 116.7 117.3 117.8 122.6 125.4 126.5 126.3 135.6 147 147.2 153.4 160.4 160.6 158.5 165.1 168.3 158.3 157.1 159.1
6.5 6.5 7 7.2 7.3 7.4 7.7 7.7 7.7 7.7 7.9 8.4 8.5 8.3 8.5 8.9 10.5 12.4 14.1 16.5 19.1 20.2 20.7 21.3 22 22.9 26.2 29.5 32.6 34.1 34.3 32.8 28.6 30.5 33 35.9 42.1 47.5 51 54.5 56.8 58.9 61.6 63.9 66.1 68.3 70.7 73.4 76.1 78.6 80.9 83 84.1 81.8 79.2 77.2 79.7 84.2 88.3 89.3 93.7 101.2 103.8 101.9 102.6 108.2 115.5 122.6 122.4 122.3 125.1 125.7 126.1 131.5 135.8 142.7 147.4 155.5 160.1 159.5 162.7 164.1 165.6 161.4 154.4 147.5
7.1 7.2 7.5 7.7 7.9 8.1 8 8 7.9 7.9 8 8.4 8.3 8.2 9.3 11.3 13.1 14.8 17.9 20.4 23.2 24.6 24.9 25.2 25.5 26.1 29.3 32 34.3 34.7 34.5 30.6 30.1 32.9 36.5 42.6 47.9 51.3 54.7 57.2 59.6 62.3 65.3 68 70.1 72.3 74.6 77.3 81.3 83.9 86.1 88.2 89.4 86.8 81.3 81 83.2 87.6 88.3 91.1 98.3 105.5 107.2 104.5 107.6 112 114.7 120.4 125.7 125.5 127.3 127.7 130.2 139.3 140.2 141 149.3 157.3 159.7 159.6 164.4 165.1 162.4 153.5 151.2 145.5
8.1 7.8 8 8.1 8.2 8.3 8.2 8.2 8.2 8.2 8.1 8.7 10 11.5 12.6 14.1 16 18 21.4 25.3 27.6 29.5 28.9 29.2 29.7 28 31.8 33.5 35.2 34.8 32.6 32 33.6 37.3 42.9 48.2 51.5 54.9 57.9 59.7 62.6 66.1 69.1 72.1 74.2 76.4 78.5 83.7 85.9 88 90.4 92.7 93.8 89.8 84.1 86.1 87.3 87.2 89.3 96.9 104.4 109 108.7 107.6 115.9 116.8 116.3 121.3 127.7 127.1 129.2 131.2 133.6 139 143 147.6 153 159.3 157.9 159.4 162.4 158.9 155.8 155.3 149.5 145
8.3 8.2 8.1 8.2 8.3 8.3 8.4 8.4 8.4 9.4 10.4 11.3 12.9 15 16.2 17.5 18.9 21.8 25.3 30 33 33.3 32.9 32.4 31.2 30 32.4 34.8 36.3 34.3 33.8 34.8 39.9 43.9 47.8 51.5 54.7 57.4 60.7 63.2 66.3 69.7 72.5 74.5 77.4 79.5 83.7 87.3 89.7 91.8 94.1 96.7 97.3 92.9 89.7 90.9 91.4 89.4 95.8 103.5 107.7 109.6 109.1 112.2 119.1 117.2 118 121.5 128.3 126.5 128 129.8 133.4 136.8 140.6 148 150.1 156.6 156.7 159.7 161.8 159.6 162.1 159.4 150.1 147.7
8.8 8.7 8.5 8.3 8.4 8.4 8.8 9.7 10.6 11.6 12.5 13.8 15.9 17.9 19.7 21 23.9 28 31.5 34.6 36.4 36.4 34.3 32.7 31.4 31.3 33 36.5 37.6 35.2 37.3 41.1 46 49.8 53.6 55.7 57.1 60.1 63.4 66.7 69.7 72.6 75.5 76.4 79.3 83.4 87.5 90.7 93.3 95.6 97.9 100.4 99.8 95.7 93.6 95.5 93.8 94.3 101.6 108.7 109.3 108.9 111.1 115.1 120.2 118.1 118.1 120.4 123.8 125.4 125.9 129.5 130.8 135.2 143.7 148 148.7 156.4 157 159.6 160.8 160.2 161.3 155.1 151.2 148.3
9.3 9.2 9 8.8 8.7 9.3 9.8 10.7 11.6 12.6 14.7 17 19.5 21.6 23.5 26.6 30 32.5 35.5 38.1 37.5 34.7 33.9 33.6 32.6 34.3 37.4 39.5 39.4 38.7 43.3 47 50.4 53.5 56.5 57.8 60.2 62.8 65.9 69.3 72.5 75.5 77 78.3 81.8 86.6 91.4 94.2 96.7 99.3 101.6 103.3 102.1 99 97.2 98.4 95 98.8 107.2 111.8 111.2 112.6 114.4 121 120.6 119.1 118.3 125.1 126.7 127.9 130.8 133.2 135 136.5 144.2 150.2 150.4 157 161.1 162.8 160.8 158.8 152.5 149.8 145.4 141.7
9.9 9.7 9.5 9.4 9.5 10.2 10.9 11.7 13.4 15.6 17.9 20.2 22.8 25.4 27.9 30.4 33.2 35.6 38.5 38.2 34.7 34.5 36.1 36.7 37.4 39.3 41.9 41.3 41.7 43.9 47.7 51.1 54.1 56.6 58.5 60.7 63.3 65.9 68.4 71.6 75 76.8 77.3 80.3 85.4 90.6 95 98 100.5 102.9 105.2 105.6 104.7 102.2 101.1 97.9 102 107 114.8 116 116.1 118.6 121.1 122.8 122.6 120.8 122.6 131.3 132.8 128.8 137.7 138 138 138.7 147.3 152.3 153.4 161.1 166.1 162.8 162.6 163.8 152.5 147.5 140 132.6
10.6 10.4 10.3 10.2 10.7 11.4 12.1 14.4 16.6 18.8 21.1 23.5 26.1 27.8 30 33.1 36.1 38.2 37.4 35.7 34.1 35 36.4 37.8 38.1 39.8 42.6 43.1 43.5 48.7 51.8 55 57.3 58.6 60 62.3 65.2 68.1 71 73.9 77 78 79.9 84.4 90.1 95.2 98.5 101.6 104.4 106.9 107.6 107.8 107.5 105.1 104.4 107 107.8 117.5 119.6 121.6 123.2 123.6 125.6 126.8 126.8 127.3 130 135.2 134 133.7 138.1 142.7 142.7 144.1 150.9 155.2 162.9 166.6 168 164.6 167.3 165 156.1 145.5 137.3 126.1
11.6 11.5 11.4 11.7 12.3 12.9 14.6 17.5 19.7 22 24.3 26.8 28.8 29.5 31.8 34.5 37.5 38.5 37.7 36.1 34.7 34.9 36.4 37.9 38.7 40 42.1 44.7 48.7 52.7 55.6 57.9 59.1 60.4 61.5 63.7 66.5 69.3 72.3 74.8 77.4 80 83.1 88.8 94.5 98.6 101.9 105.1 108.3 110.1 110.9 112.1 111.2 109.4 108.2 114.1 114.2 122 124.3 126 127 128.4 131.8 132.7 128.7 129.2 134.8 137.9 134.6 136.1 143.7 148 147.9 152.4 159.8 163.3 165.4 168.5 168.9 167.4 165.4 159.3 150 142.8 133.9 121.7
12.8 12.7 13.1 13.7 14.3 16 19.3 20.8 22.9 25.2 27.5 29.7 30.5 31.2 33.6 36.3 38 38.1 38 36.6 35.3 34.8 36.4 38.1 40.3 42.4 46.3 49.5 52.2 55.5 58.1 59.3 60.3 61.7 63 64.2 67.2 70.1 73.2 75.6 78.3 82.4 87.8 93.5 97.5 101.1 105.2 108.4 111.3 111.6 113.2 116 116.6 114 110.6 112.3 119.1 125.7 127.6 128.2 129.3 132.2 135.4 136.4 132.9 134.5 137.9 140.6 138.5 140.4 147 155.6 155.4 161.7 165 162.5 165.8 170.6 168.6 166.6 159.9 154.9 148.9 142.1 134.9 126.7
16 17.5 18.7 19.7 20.7 22 22.2 23.4 25.5 28.2 30.7 31.4 32.2 32.9 35.3 37 38.1 38.1 38.1 36.7 35.4 35.3 36.7 39 44.2 47.1 49.9 53.3 55.9 57.6 59.1 60 61.1 62.3 63.4 64.9 66.9 70.1 73.4 76.5 82.1 86.7 92.4 96.8 100.1 103.6 107.6 111.3 113.7 115.6 118.8 120.2 120.7 116.9 116.1 118.1 123.8 125.4 128.6 129 132.8 136.5 138.9 138.7 138.2 140.5 141.8 142.5 142.7 149.3 158.6 159.8 162.5 164.5 164.6 165.4 168.9 171.8 169.2 167.3 162.5 154.2 147.3 142.5 137.9 126.6
19.9 21.8 21.9 22.5 23.2 23.2 23.6 25 28 30.5 32.2 32.8 33.4 33.7 35 36.3 37.3 38 36.9 35.1 35.1 36.2 37.7 41.4 47.4 51.5 54 55.5 56.9 58.4 59.7 60.6 61.6 62.3 63 64.9 67.4 70.7 73.7 79.4 85.6 91.2 95.4 99.6 103 106.7 110.2 113.5 115.5 118.8 121.5 121.8 120.3 121.6 124.2 126.9 134.3 132.3 130.7 133.3 137.5 141.1 142.4 142 141.6 142.4 146.6 146.7 151.7 158.9 161.6 163.2 165.1 166 166.1 168.3 170.8 170.6 169 165.2 157.9 149.7 144.2 139 130.7 121.1
20.6 20.8 21.3 22.2 23 23.8 24.3 27.2 29 30.8 32.5 32.2 32.5 32.3 33.9 35.4 37 37.6 34.9 35.9 36.7 37.5 41.1 43.4 50.3 53.1 54.8 55.8 57.3 59.1 60.4 61.2 61.8 62.5 63.4 65.1 68 71.3 76.8 82.7 89.5 94.2 98.2 102.3 106.1 109.7 113.2 116.3 118.2 123.1 124.1 123.5 125 127.6 134.8 132.6 139.5 137.8 136 138.5 142.9 145.4 146.5 145.3 146.3 148.7 148.6 150.7 155.1 162.4 165.3 167.3 169.2 169 170.1 171.2 169 166.9 165.7 163.3 155.8 146.3 139.4 133.5 123.5 110.2
20.1 21 22 23 24 24.5 24.9 27.4 29 30.3 29.6 29 29.4 30.9 31.9 33.5 34.9 34.3 38.8 41.2 40 40.9 41.6 43.2 49.4 53 54.5 55.8 57.1 58.5 59.9 59.4 59.8 60.8 61.8 65.7 68.8 74.1 79.4 87.5 93.4 97.3 101.3 105.3 108.9 112.4 116.1 119.6 123.4 127.4 126.6 127.2 131.5 139.4 139.9 138 141.6 142.2 142.3 142.2 147.2 147.6 148.6 148.3 150.6 151.5 150.6 153.2 158.8 165.9 169.1 170.5 171.9 169.7 171.8 169.5 168.7 164.4 161.3 156.7 149.3 143.6 136.7 127 115.8 101.9
23.4 23.2 24 24.3 24.7 25.1 25.5 27.2 28.5 28 27.7 28.7 29.4 31.8 35.3 38.1 38.6 41.4 45 45.9 44.5 42 41.4 42.7 44.9 51.8 54.4 55.6 56.5 57.1 56.9 56.9 57 60.4 64.4 68 73.6 79 85.3 91.7 96.5 100.4 104.4 108.3 111.9 115.1 120 122.2 125 127.2 129.5 132.6 139.3 143.4 142.6 142.8 144 145.8 149.8 148 151.2 151.1 151.5 154.4 152.4 153.7 165.1 160.3 168.3 170.2 171.6 171.2 168.6 168.6 170.8 167.9 166.6 162.9 157.2 149.7 142.6 135.8 129.2 118.5 107.5 94.6
26.5 24.7 25 25.4 25.7 25.8 25.9 26.2 27.5 28.5 28.2 28.9 31.7 36.1 39.2 41.7 44.6 45.4 46.1 46.2 46 43.1 41.1 42.2 44.8 50.8 54.4 54.3 54.6 54.1 53.7 55.7 61 64.2 66.7 71.8 77.4 82.6 88.5 93.7 98.9 103.1 107.1 111.6 114.5 118.2 123 123.8 125.5 127.8 131.8 137.7 144.8 145.7 144.8 145.4 147.6 151.2 153.6 153.6 155 155.7 155.3 154.2 158.7 167 170.5 169.5 170.3 171.1 172 168 166.5 167.9 168.1 165.5 163.7 158.4 152.3 144.7 136.6 129.6 123.4 112.7 101.5 89.7
25.9 25.4 25.6 25.7 25.8 25.8 25.9 25.8 26.4 27.7 29.1 32.3 35.1 38.6 41.2 43 44.6 44.4 45.1 45.8 45.6 43.3 40.9 43.3 46.3 49.2 51.7 51.4 51 51 53.1 61.4 65.6 68.3 71.1 75.4 80.1 85.4 90.5 95.5 100.7 105.9 110.8 114.4 117.3 121.3 125 125.6 128.2 131 134.6 141.4 145.3 144.7 148.3 148.6 150 152.6 153.3 152.2 152.5 153.8 154.8 157.4 161.3 164.8 167.2 171.4 171.5 172.1 171.5 167.1 164.9 167.9 166 163.5 159.6 153.9 148.1 140.2 130.5 123.7 117.8 105.7 96.2 85.5
24.2 24.5 25 25.6 25.8 25.9 26 26 26.7 27.9 31.3 34.5 36.4 38.6 42 44.4 45 43.6 43.3 43.6 42.5 40.5 41 42.6 44.5 46.3 47.7 48.5 51.1 51.8 59 65.7 68.6 71.5 74.9 78.1 82.7 87.7 92.4 97.4 102.6 108.5 112.3 116 120.2 124.2 125.8 126.9 131.1 135.7 139 143.1 145.3 148.9 152.1 152 151.6 153.5 153.2 152.1 152.8 156.8 157.9 158.3 159.2 162.7 168.3 171.8 172.5 171.6 168.2 165.6 163.1 165.2 162.3 160.3 157 150 142.2 132.4 126.3 119.2 111.9 104.3 93.4 82.5
22.7 23.3 24 24.6 25.2 25.8 26 26.3 27.6 29.3 33.1 35 37.2 41.5 44.2 47.7 46.2 42.6 41.2 40.2 39.3 39.9 41.2 42.6 44.5 45.9 47 48.9 50.5 55.7 64.9 69.9 71.6 73.6 76.9 80.7 86.8 91.6 96.1 100.2 103.5 108.5 112.6 116.6 121.4 124.5 125.8 129.9 133.8 137.6 144.7 150.2 152.6 155 155.2 154.2 153.9 156.5 152.8 152.6 153 157.4 159.5 160.2 161.5 164.6 169.6 171.2 171.1 166.8 161.7 160.4 161.1 162.4 159.3 157.5 154.1 146.6 139.1 130.5 124.3 117.5 111.1 105.6 92.9 82.3
22.1 22.7 23.4 24 24.7 25.3 26 27.5 29.5 31.6 33.2 35.9 39.8 44.4 48.7 50.5 46.4 41.1 38.4 38.4 39 39.6 41.1 42.6 44.1 47.1 50.8 55 54.6 57.1 70.3 74.2 75.8 77.8 82.1 85.9 90.9 95.5 98.7 101.8 105.5 108.6 112.9 117.2 120.5 122.9 127.3 129.8 134.2 144.7 150.3 156.1 162 162.4 159.9 156 155.3 155 153.9 156.1 159 159.3 160.5 161 161.9 163.1 167.7 166.1 164.6 161.6 155.8 155.3 159.6 157.6 156.9 156.2 152.7 141.6 135.5 130.1 126.3 119.7 109.5 108 92.2 79.4
22.7 23.3 23.9 24.6 25.2 25.9 26.3 27.9 30.6 32.6 34.1 37.9 42.4 47.1 51.1 49.9 44.9 39.7 37.5 37.9 38.6 39.2 41.1 44.2 47.5 50.6 54.3 55.7 59.6 65.6 75.6 78.7 82.7 86.7 90.9 93.1 94.6 97.2 100.4 103.7 107.4 110.7 112.6 116.3 118.7 121.1 124.5 131 137.6 144.9 153.3 158.2 161.4 163.7 160.1 158.8 157 161.1 163.2 166 166.5 164 161.4 161.9 160.6 160.7 162.6 160.8 158.6 157.5 154.7 152.9 158.3 155.9 154.7 153.9 148.2 138.6 135 139 131.6 120.1 107.1 99.1 87.5 76
23.3 23.9 24.5 25.1 25.8 26.2 26.8 28 31.6 33.7 35.8 39.5 44.4 48.9 49.9 47.4 41.9 37.3 36.8 37.3 38 40.8 45.9 49.9 53.4 56.1 60 63.8 67.8 68.9 79.1 83.6 87.9 91.8 95.2 97 98.5 100.3 102.2 105.5 109.2 111.6 112.6 113.6 116 118.6 121.4 127.5 136.4 144.7 151.3 155 159.6 160.7 160.6 163.6 168.1 172.5 175.2 176.2 177.5 176.7 172.8 169.2 158.6 154.4 156.1 154 153.6 153.9 156 151.8 156.2 154 152.3 150.7 147 142.5 139.5 137.4 128.9 116.2 104.8 99.6 84.7 72.5
23.9 24.5 25.1 25.7 26.1 26.5 27.2 28.2 31.7 34.8 37.6 40.6 45.1 45.9 46.7 42.3 35.7 36 36.9 37.5 39.9 45 49.8 55.5 59.2 62.5 66.8 70.5 72.2 71.5 82.1 87.2 91.7 95.4 98.3 100.8 102.3 104.2 106 108.4 110.2 110.2 110.8 111.6 112.4 114.8 118.5 126.4 134.1 138.8 147.2 153.4 156.3 158.3 163.8 167.2 171.5 173.4 172.6 172.1 175.2 178.5 169.8 161.9 155.4 148.5 146.2 147.2 146.6 148.4 148.4 147.7 152.1 147.5 150.8 150.7 146.2 138.2 137.1 133.6 122.7 109.4 102.4 95.8 79.6 69.8
19.4 21.7 23.2 25.7 26.3 26.9 27.6 28.3 31.9 35 37.3 38.2 39.1 39 38.1 35.5 35.1 37.2 38.5 41.6 43.8 47.2 52.5 58.9 63.9 67.9 72.1 75.4 73.6 79.1 86 90.7 95.3 99.4 102.6 104.8 106.2 107.8 109.3 109.8 110.1 109 108.1 106.8 109 112 116.5 124.1 131.3 137.3 143.9 151 151.8 162.3 164 170.2 170.2 176.3 173 166.4 168.5 163 159.2 158.5 157 143.3 139.6 143 139.4 141.7 143.5 145.7 148.5 146.6 148.9 147.2 142.5 136.5 130.8 126.4 115.7 108.7 95.5 86.3 74 68.9
22.7 24.6 25.2 25.2 26.1 27 27.8 28.8 31 33 33.1 32.8 33.2 33.1 34 34.4 37.8 39.6 41.9 44.8 47.9 49.5 55.3 61.7 67.4 71.7 75.4 77.1 71.1 83.4 89 94.3 98.4 102.5 105.9 107.4 108.4 109.9 110.6 110.4 110.2 108 106.1 103.7 105.9 109.8 114.5 121.3 128.1 136.9 140.8 144.6 154.6 155.5 155.9 166.1 168.3 165.3 160.5 161.5 164.3 156.6 156.3 162.2 152 137.9 131.7 129.9 131.4 131.3 140.4 148.3 147.3 143.6 143 139.7 136.9 130.3 120.6 120 111.4 103.2 90 81.8 72.4 68
24.4 25.5 26.1 26.4 26.1 27.6 28.8 29.5 31 32 32.9 34 37.9 41.7 42.8 41.7 43.2 42.9 43 45.2 47.3 51.6 58.6 65 69.9 74.3 75.8 70 70.8 86.6 92.2 96.9 101.2 105.2 108.1 109.3 110.5 112 111.7 111.6 110.1 106.5 102 100.9 103.6 107.4 112.1 119.3 128.6 137.6 139.5 149.7 145.6 139.1 145.9 153.6 158.6 155.9 151 147.3 148.7 151.6 152 154.5 145.1 127.8 120.7 120.1 123.9 134.8 141.4 146.4 143.5 136.1 134.5 133.8 133.8 122.6 114.8 114.9 101.8 90.7 82.2 76.6 70 67
24.7 25.7 25.9 26.5 28.8 28.7 29.3 30.4 32.5 35.3 36.5 39.7 45.5 47.6 46.4 44.2 43.8 42.5 42.2 44.1 46.7 53.8 61.8 67.4 71.5 74.4 71.3 63.9 82.8 89.9 95.1 99.6 103.9 107 109.3 110.7 112.5 113.8 111.7 112.3 108.5 102 97 98.2 100.9 105.1 110.3 119 127.2 134.2 142.8 145.1 133 130.4 136.9 145 150.7 146.9 141.8 138.2 135.8 133 131 131.4 129.2 116.1 116.4 120.8 126.9 132.7 134.4 137.7 127.5 127.2 126.6 127.3 122.4 108.8 106.1 104.1 90.6 83.1 79.4 74 68.7 66.1
25 25.5 25.7 29 29.3 29 30.3 33.3 35.8 41.8 46.4 48.8 51 48.5 42.7 46.6 42.2 41.8 41.5 43.7 46.8 54.5 62.5 67.4 71.4 75 65 72.5 86 92.5 97.5 101.8 105.7 108.2 110.8 112.6 114.4 114.7 112.5 109.8 104.4 97.6 93.1 95.3 99.2 104.8 110 116.4 122 129.5 135.3 125.5 119.1 123.1 129.8 137.3 138.7 134.6 130.8 128.4 127.1 121.9 118.5 113.5 108.9 109.2 114 118.9 123.2 127.6 125.4 118.1 110 118.5 112.7 111.9 110.8 100.4 92.3 86.9 81.1 79 76.3 69.2 65.6 64.8
26.5 28 29.2 28 30.3 31.4 33.9 39.9 45 48.4 51.2 52.5 52.3 49.4 42.3 45.2 40.5 39.5 41.1 43.8 47 55.2 62.5 67.8 71.1 70.1 63.5 81.3 88.7 95.5 100 103.1 106.3 109.4 112.2 112.8 112.6 111.3 109.3 105 100 93.2 91.2 94.8 98.3 103.5 108.8 116.1 117 124 120.4 116.2 116.5 119.7 126.2 133 124.7 124.4 122.9 120.4 113.2 114.2 108.3 104.5 103.9 104.5 106.6 111.3 117.9 118.2 116.9 109.6 104 101.2 101.9 103.9 96.7 87.6 84.7 82.7 77.7 74.6 70.8 66.5 64.7 63.8
28.4 29.1 30 30.9 33.1 37.6 42.2 45.2 47.7 49.3 50.8 52.2 52.1 50.9 46.9 40.8 37.7 38.8 41.1 43.7 48 55.8 62.4 67 67.8 59.9 73.9 84.3 91.1 97.1 100.9 103.4 106.3 108.9 111.5 110.2 110.1 108.5 104.9 98.3 93.8 89.5 90.4 93.1 96.7 101.3 106.9 108.8 109.6 112.1 109 114.2 119.3 122.2 133.5 130 122.3 121.4 116.7 106.1 106 102.3 99 97.2 96.6 93 97.5 103.3 106.2 107.8 109.4 102.7 97.3 90.5 86.8 86.6 89 80.4 80.5 78.4 74.1 70.4 65.6 64.3 63.3 62.8
28.4 29.6 30.5 34.2 37.9 41.3 44.5 46.1 47.7 49.2 50.8 51.9 49.9 49.1 45.1 38.5 36.9 38.4 41.1 44.3 49.6 55.9 61.5 64.4 61.2 64.7 79.1 86.4 91.9 97 100.9 104.3 104.2 105.9 106.6 105.9 107.3 105.4 95.3 92.4 89.9 89.2 89.9 90.7 94.9 98.9 103.6 103.6 103.2 104.9 107.2 115.8 121.2 128.8 133.4 122.7 118.1 114.2 98.1 97.6 96.1 94.7 94.1 92.9 93.6 84.1 88.6 92.9 96.7 99.3 105.5 101.7 93.6 83.3 80 86.9 84.5 76.4 77.4 75 69.4 67.6 64.1 62.9 61.8 61.2
28.5 30.1 33.8 38.4 42 43.5 45.1 46.3 47.8 49.5 50.9 51.5 50 46.9 40.6 37 36.3 38 41.6 45.5 48.4 52.3 55.1 57.8 56.4 72.1 81.7 87.4 92.2 96.5 100.4 101 101.9 103.3 104.1 103.4 103 98.1 90.1 89.5 88.6 89 89.6 90.3 92.6 95.3 100.1 99.7 101.7 102.9 106.8 113.5 119.7 123.7 116.7 116.4 104.4 97.3 94.4 94.1 93.1 91.4 92.1 92.8 91.1 79.7 81.2 88.1 88.3 90.8 91.1 91.3 87 75.3 81.4 80.8 81.5 74 72.8 69.9 66.4 65.5 62.8 61.8 60.9 61.5
29.3 32.6 38.3 42.9 45.8 46 46.5 47.6 48.1 49.9 50.5 51.1 50.1 46.5 38.7 36 35.8 39.4 42.2 44.5 48.3 53.6 56.1 57.4 63.8 76.1 81.1 86.3 90.6 93.8 96.5 98.3 99.6 101.1 101.5 99.7 93 89 90.4 88.6 88 88.5 89.2 93.8 96.9 101 100.4 98.9 99.9 101.8 105.5 108.9 110.2 112.1 112.1 104.4 99.6 95.2 94.2 94.1 93.6 91.4 97.1 91.5 83.5 80.2 75.1 73.2 74.2 77 75.6 74.8 76.3 74.6 76.4 76.6 73.6 69.8 68.5 65.2 64.5 62.9 61 60.1 60.9 63.4
30.2 35.7 42 46.4 48.2 48.5 48.7 48.2 48.8 49.6 50.2 50.8 49.3 42.1 35.3 34.3 37.6 42 44 51.5 58.1 62.8 66.6 65.3 70.8 76.1 80.7 84.5 88.9 92.6 94.8 96.2 97.5 96.5 95.9 92.7 89.9 89.7 91.1 87.1 88.9 89.6 96.3 99.2 101.6 104.6 106.4 104.1 103.4 105.1 107.7 107.7 108.6 108.8 106.7 102.3 97.2 95.9 97 99.2 99.1 97.1 91.4 85.2 79.9 75.8 73.1 72.6 70.5 68.7 69.1 74.9 72.2 71.8 74.2 72.5 70.6 66.3 64.6 63.3 62.5 61.7 60.9 60.9 63.5 65.1
33.2 38.4 41.8 45.4 46.5 47.2 48 48.8 48.8 48.9 49.2 47.7 42.9 36.6 35 36 40.4 46.3 51.6 56.7 61.8 65.4 68.4 64.8 72 72.5 77.5 82.1 86.8 90.6 92.9 93.4 93.4 91.3 88.2 88.6 87.7 89.9 89.5 86.9 89.7 93.3 99.7 104 109.2 111.3 112.1 111.1 110.1 110.2 111.6 113.2 112.9 110.9 112.6 100.1 97.2 96.8 99.4 99 94.9 91.8 86.1 78.5 76.4 77.2 80.1 77 74.7 77.9 67.1 70.5 68.3 70.7 69.7 68.2 66 63.9 62.5 61 60.2 60.3 59.4 63.2 65.7 67.5
32.5 31.3 35.3 38.5 41.7 42.9 43.7 45.2 45.3 44.1 42.7 39.4 35.4 33.7 35.1 36.8 43.5 49.3 54.3 57.7 61.6 63.1 64.4 61.5 67.4 70 75.4 78.6 82.8 85.4 85.9 87 87.3 85.7 82.5 82.5 84.6 86.8 87.6 84.9 89.1 94.8 100.7 106.8 111.8 115 116.7 118.2 115.9 117.6 119 119.4 118.2 119.2 110 99.2 98.1 97.3 95.7 94 93 85.4 79.8 79.3 86.5 83.5 80.8 84.9 83.6 81.3 69.1 65.6 67 67.6 65.8 64.1 62.5 62.2 60.8 59.2 58.6 59.3 62.9 65.2 68.1 69.4
