webserver/python/data/NR37.asc
ncols 200
nrows 200
xllcorner 130000
yllcorner 670000
cellsize 50
[rows 144 to 179 of 200, columns 0 to 81 of 200]
-0.6 -0.6 -0.6 -0.6 -0.5 0 0.4 0.9 0.8 3.8 11.7 10.1 13.2 18 6.4 12 10.5 12.5 11.1 8.3 19.4 18.3 17 14.6 16.5 16.5 10.6 14.2 13.6 10.8 11.2 10.3 11.1 10.9 9.8 9 7.6 7.4 5.2 4.6 5.1 5.8 9.4 13.1 13.6 15 18 14.9 1.1 1.1 1.1 1.1 4.6 8.7 22.5 24 20.9 22.8 26.4 28.2 27.6 27.8 28.2 28.6 29 29.5 29.7 30.2 31.2 32.7 34.1 36.4 36.6 37.2 38.6 40.4 42.5 44.8 49.3 53.3 57.1 60.3
-0.7 -0.6 -0.6 -0.6 -0.6 -0.3 0.2 0.6 0.9 2.8 2.9 13.6 10.1 15 5.7 11.2 7.9 11.4 11.4 10.7 9.4 13.9 10.9 14.7 12.6 4.2 15.2 12.1 11.5 12.7 12 11.7 10.8 10.5 9.7 10.5 8.8 6.4 4.8 5.4 7 9.1 13.5 16.8 17.5 11.5 4.1 1.1 1.1 1.1 1.5 3.9 8.7 13.4 17.6 25 26.4 27.8 28.1 27.6 28.1 28.4 28.8 29.1 29.5 29.9 30.3 30.8 31.9 33.3 34.5 36.3 38.5 42 41.8 43.6 45.7 48.7 53.1 56.9 59.7 62.7
-0.6 -0.6 -0.6 -0.6 -0.6 -0.6 0 0.5 1 2.7 3.6 13.5 8.3 7.6 10 6.9 7.9 11.1 16.1 7.3 8.2 12.7 18 9.5 17.9 10.5 9.4 9.6 7.4 8.3 11.3 9.2 9.3 7.6 7.8 7.8 6.3 5.1 7.4 8.8 8.2 14.8 17.2 15.7 9.9 5.4 2.4 1.1 1.8 3.8 5.7 7.6 10.2 15 19.7 24.5 26.8 27.2 27.7 28.2 28.8 29.2 29.5 29.9 30.2 30.6 31 31.5 32.1 33.1 34.3 36.2 39.6 42.9 46.3 47.5 50.2 52.5 56.4 59.5 62.1 64.2
-0.6 -0.6 -0.6 -0.7 -0.6 -0.6 -0.1 0.4 0.9 0.8 7.4 9.5 7.8 5.6 9.8 6.3 6.4 7.6 10.6 9.5 12.2 20.4 17 15.1 19.4 13.2 9.5 14.2 9.2 7 7.6 7.5 8.6 13 9.1 5.9 5.4 4.9 9.3 12.5 12.6 17.6 18.5 16.2 11.8 7.4 5.5 3.8 5.9 7.9 9.9 11.8 13.7 16.4 21.2 26 27.6 27.8 28.2 28.9 29.5 30.1 30.3 30.6 31 31.4 31.9 32.4 32.9 33.6 35 37.8 40.5 43.8 46.7 49.7 50.1 52.8 56.2 60.5 63.8 65.7
-0.6 -0.6 -0.7 -0.6 -0.6 -0.6 -0.2 0.3 0.8 0.4 9.1 9.8 7.1 5.2 8.2 5 7.9 4.1 11.5 12.5 9.3 15.5 8.6 3.9 9.6 9.7 14.8 11.3 11.3 17 7.5 6 7.7 10.5 6.8 6.2 6.1 5.6 14.8 17.4 17.8 18.6 18.9 18.2 13.8 10.5 8.5 8 10 12 14 15.9 17.9 19.8 22.7 27.5 28.3 28.1 28.6 29.4 30.2 30.8 31.2 31.4 31.8 32.2 32.7 33.2 33.7 34.2 36.3 39.9 41.8 44.8 47.1 50.7 55.1 54.8 56.5 59.7 64.6 66.5
-0.6 -0.6 -0.7 -0.6 -0.6 -0.6 -0.3 0.2 0.7 0.6 6.2 5.9 5.5 4.4 4.3 6 5.3 5 6.9 5.2 13.8 7.1 11.7 4.9 5.2 5.4 11.4 13.6 9.5 12.8 11.3 6.7 8.4 7.7 5.8 7.8 7.7 10.5 15.9 17 17.3 18.3 19.3 19.7 15.7 13.6 11.7 12.2 14.2 16.1 18.1 20 22 24 25.9 28.7 28.6 28.4 29.1 29.8 30.6 31.4 32 32.3 32.6 33 33.4 33.9 34.4 35.8 38 42 44.5 45.9 48.5 52.6 56.2 59.6 58.7 59.2 62.9 63.8
-0.6 -0.6 -0.7 -0.6 -0.6 -0.6 -0.3 0.2 0.6 1 1.9 4.9 4.1 3.6 3.7 6.7 4.2 5.4 16.7 7.2 13.2 11.3 11 11.4 7.2 5.1 7.6 8.8 8.1 8.3 7.1 6.7 6.7 5.8 6.4 10.1 11.5 13.4 15.6 16.1 17 18 19 20.1 18.6 16.8 14.9 16.3 18.3 20.2 22.2 24.2 26.1 27.6 28.6 28.8 28.9 28.8 29.5 30.2 31 31.8 32.8 33.2 33.5 33.8 34.1 34.6 35 37.7 40.1 42.9 46.3 48.6 50.9 53.6 56.6 59.1 59.3 60.2 61.6 65.8
-0.6 -0.7 -0.6 -0.6 -0.6 -0.6 -0.3 0.1 0.5 0.9 1.4 4.6 4 3.5 3.2 7 3.5 4 8.1 4.6 11.4 14.4 12.1 6.5 7.9 7.5 7.1 6.8 6.8 6.4 7.6 6.9 6.6 6.1 7.9 11.7 14.4 15 15.8 15.7 17.1 18.5 19.4 20.2 20.8 20 18.4 20.4 22.4 24.2 25.3 26.3 27.3 28.1 28.2 28.9 29.2 29.1 29.9 31 32 33 33.8 34.1 34.4 34.7 35 35.3 36.4 39.6 42.3 45.8 49 52.3 53.4 54.3 56.2 58.2 59.6 60.6 63.3 66.1
-0.6 -0.6 -0.6 -0.7 -0.6 -0.6 -0.3 0 0.4 0.7 1 2.9 3.9 3.8 3.4 6.5 3.8 3.7 5 11.5 5 11.2 8.7 10.9 8.6 8 6.6 6.2 6.4 6.9 6.9 7.6 7.3 7.8 9.2 15.8 16 16.2 16.5 17 17.9 18.7 19.6 20.5 20.9 21.3 21.9 23 24 25 26.1 27.1 27.6 27.6 28.3 28.9 29.4 29.5 31.1 32.1 33.1 34 34.6 34.9 35.2 35.5 35.8 36.1 36.3 40.2 43.6 46.7 51 52 53.2 54 55.2 57.2 59.1 60.7 62.3 64.6
-0.6 -0.6 -0.6 -0.6 -0.6 -0.6 -0.3 0 0.3 0.7 0.9 1.1 3.5 3.3 2.9 5.5 3.4 3.5 5.8 5.9 10.1 8.7 10.7 6.7 7.5 8.1 7.7 12.4 12.3 15.8 8.6 8.3 8.7 9.5 16 17.1 16.7 16.9 17.1 17.4 18.1 19 19.8 20.5 21 21.5 22.6 23.8 24.8 25.9 26.9 27.1 27.1 27.6 28.6 29 29.4 29.8 31.2 33.2 34.2 35.1 35.5 35.8 36.1 36.4 36.7 36.7 37.1 40.3 44.7 48.4 51.4 51.8 52.8 53.3 54.2 56.1 58.1 60.2 62.5 64.9
-0.6 -0.6 -0.6 -0.6 -0.6 -0.6 -0.3 0 0.3 0.5 0.8 1 1.3 3.7 2.9 5.1 3.1 3.4 3.6 7.3 9.3 8 8.6 6.8 8.7 8.8 9.1 12.2 15.9 16.5 13.8 12.9 10.3 16.3 18 17.8 17.5 17.5 17.8 18.1 18.4 19.2 20.1 20.6 21.2 22 23 24.6 25.7 26.7 26.6 26.6 26.9 27.9 28.6 29 29.5 30.1 31.1 32.5 33.8 34.5 35.2 36.1 36.9 37.2 37.5 37.8 38.8 42.5 46.4 48.8 50.4 51.3 52.1 52.6 53.3 55 56.9 59 61.3 63.7
-0.6 -0.7 -0.6 -0.6 -0.6 -0.6 -0.3 -0.1 0.2 0.4 0.6 0.8 1 1.8 3.4 3.9 3.1 3.3 3.4 6.6 8.8 10 10.7 8.6 10.7 11.6 12.3 13.3 16.3 16.8 15.2 15.7 16.7 18 18.3 18.5 18.2 18.2 18.5 18.8 19.1 19.5 20.3 20.9 21.7 22.4 23.4 25.4 26.2 26.1 26.1 26.2 27.2 28.2 28.6 29.1 29.5 30 30.6 31.5 32.6 33.3 34.3 35 36 37.5 40.2 42.8 44 40 46.3 47.4 47.1 48.2 50.4 51.7 53.2 54.8 56.5 57.9 60.1 62.4
-0.7 -0.7 -0.7 -0.6 -0.6 -0.6 -0.4 -0.2 0 0.2 0.5 0.7 0.9 1.1 1.1 2.3 3.1 3.2 3.3 4.8 10.5 13.5 13 12.7 13.8 14.7 15.5 16.2 16.8 16.1 15.5 15.4 16.9 17.4 17.7 18.8 19 18.8 19.1 19.5 19.8 20.1 20.6 21.3 22.1 22.9 23.9 25.2 25.6 25.6 25.5 26.5 27.5 28.2 28.7 29.1 29.6 30 30.5 30.9 31.8 32.8 34.2 35 38 40.9 43.5 45.3 42.4 40.7 43.5 47.1 49.7 51.4 52.2 54.7 54.8 56.2 58 59.6 60.5 61.5
-0.6 -0.7 -0.7 -0.6 -0.6 -0.6 -0.5 -0.3 0 0.2 0.4 0.6 0.9 1.1 1.1 2.2 2.8 3 4 10.7 13.2 13.5 13 14 14.5 14.8 15.6 16.5 17.1 16.4 15.9 16.6 17.5 18.3 18.6 18.9 19.2 19.5 19.8 20 20.3 20.5 20.9 21.7 22.5 23.3 24.4 24.6 24.8 25.1 25.8 26.8 27.8 28.3 28.7 29.2 29.8 30.3 30.8 31.4 32.2 32.4 34.6 36.9 40.1 43.1 45.5 46.3 43.5 43.6 46.5 49.2 51.2 53.3 55 56.4 56.5 57.6 59.4 61.3 62.7 64.5
-0.6 -0.6 -0.7 -0.7 -0.6 -0.6 -0.6 -0.3 -0.1 0.1 0.3 0.6 0.8 1 1.9 2.5 2.8 3.3 6 12.2 11.8 13 13.7 14.9 15.3 15.6 15.9 16.6 17.5 16.7 16.2 17.2 18.1 19 19.4 19.7 20 20.1 20.1 20.4 20.7 20.9 21.3 22 22.8 23.6 25.3 25.5 25.2 25.2 26.2 27.2 28 28.6 29.1 29.6 30.2 30.7 31.3 32 33.6 33.4 36.4 38.3 41.4 43.9 46.2 47.5 45 46.2 49.6 50.5 52.7 54.8 56.8 57.8 58 59.1 61 63.2 65.8 67.6
-0.6 -0.7 -0.7 -0.6 -0.6 -0.6 -0.6 -0.4 -0.1 0.1 0.3 0.6 0.8 1 2.1 2.6 3.3 4.3 5.1 7.6 11.6 13.7 14.4 15.8 16.2 16.5 16.7 17 17.5 17 16.9 17.8 18.7 19.5 20.3 20.6 20.7 20.7 20.7 20.8 21 21.3 21.6 22.4 23.2 24 25.9 25.2 24.7 25.6 26.5 27.4 28.2 28.9 29.5 30.1 30.6 31.2 31.7 32.6 34.3 34.7 38.1 40.2 42.3 44.6 47 48.3 47.3 47.2 50.9 52 54.1 56 57.7 59.3 59.5 61 63 65.6 68.5 69.9
-0.6 -0.6 -0.7 -0.6 -0.6 -0.6 -0.6 -0.4 -0.2 0.1 0.3 0.6 0.8 1.1 2.4 3 4.1 5.2 6 7.3 10.3 12.7 15.1 16.7 17 17.3 17.6 17.4 17.7 17.6 17.7 18.6 19.4 20.2 21 21.3 21.3 21.3 21.3 21.3 21.4 21.7 22 22.8 23.5 25.1 26.1 24.8 25 25.9 26.8 27.7 28.4 28.8 29.8 30.5 31 31.6 32.1 33.2 34.9 36 39 41.4 43.5 45.7 47.9 49.6 48.8 47.1 50.2 53.4 55 56.7 58.2 59.2 60.6 62.6 65.2 68 71 71.4
-0.6 -0.6 -0.7 -0.6 -0.6 -0.6 -0.6 -0.4 -0.1 0.2 0.4 0.7 0.9 1.3 2.5 4.5 5.1 6.7 8.2 8 8.3 9.8 12.3 15 16.5 16.3 16.7 17.1 18.2 18.3 18.9 19.7 20.5 21.1 21.5 21.9 21.9 21.9 21.9 21.9 21.9 22.1 22.4 23.1 24.6 26.2 25.9 24.6 25.2 26.1 27 27.9 28.6 29 29.7 30.7 31.5 32 32.5 33.8 35.5 37.2 39.6 42 45.3 47.2 48.8 50.9 50.8 49.5 49.3 51.7 55.7 57.3 57.9 59.2 60.2 63.4 65.6 69 69.2 70.3
-0.6 -0.7 -0.6 -0.6 -0.6 -0.6 -0.6 -0.5 -0.1 0.2 0.4 0.7 1 3.6 3.6 8.7 8.9 8.2 9 9.4 11.5 13.8 15.6 15.9 15.7 16.2 16.5 17.6 18.7 19.3 20.1 20.6 21 21.4 21.8 22.5 22.6 22.6 22.6 22.5 22.5 22.5 22.7 24 25.7 26 25.3 25 25.6 26.4 27.3 28.2 28.8 29.2 29.7 30.6 31.7 32.4 33 34.3 36.1 38.2 42.1 45.4 48.2 49.8 51.1 52.5 53.1 52.2 51.4 51.1 51.9 56.2 57.7 58.7 60.2 62.7 64 66.7 67.5 68.6
-0.6 -0.6 -0.7 -0.6 -0.6 -0.6 -0.6 -0.5 -0.1 0.2 0.5 0.8 1.1 3.1 4.3 10.8 7.4 9.8 7.8 9.4 12.8 14.9 16.9 16.4 16.1 16 16.9 18.1 19.3 20.1 20.5 21 21.4 21.8 22.2 22.9 23.3 23.3 23.3 23.2 23.2 23.2 23.7 25.6 26.6 25.8 25 25.4 26 26.6 27.5 28.4 29 29.5 29.9 30.5 31.5 32.6 33.4 35 37.5 40.8 44.8 48.7 50.9 52.5 53.9 55.2 55.8 55 54.1 53.4 53.5 52.7 56.8 58.1 60.3 61.6 62.9 64.3 65.8 68.2
-0.6 -0.7 -0.6 -0.6 -0.6 -0.6 -0.6 -0.4 -0.1 0.2 0.5 0.9 2.6 4.8 5.2 6.5 8.5 7.5 7.2 7.5 13.7 16.2 16.5 16.6 16.1 16.6 17.6 18.7 19.7 20.5 20.9 21.3 21.7 22.1 22.6 23.3 24 24 24 23.9 23.9 23.9 25.8 26.9 26.9 26 26 26 26.4 27.1 27.8 28.6 29.2 29.7 30.1 30.6 31.3 32.4 34.4 37.4 40.1 43.9 48.2 51.5 53.4 55.3 56.7 58 58.3 57.7 56.8 55.8 55.5 55.3 54.8 57.6 59.2 60.7 62.3 63.9 65.4 68.3
-0.6 -0.7 -0.6 -0.6 -0.6 -0.6 -0.6 -0.4 -0.1 0.3 0.6 0.9 5.1 5.5 6 6.4 6.6 7.3 7.5 7.3 13.5 16.8 16.9 16.9 17.2 17.5 18 19.1 20.2 20.8 21.2 21.6 22 22.4 23 23.7 24.4 24.7 24.7 24.7 24.6 26 26.8 27 27.1 27 27 27 27.2 27.6 28.1 28.9 29.4 29.9 30.3 30.8 31.3 33.2 36.4 39.9 46.4 49 52.2 54 55.9 57.7 59.5 60.8 60.8 60.3 59.5 58.1 56.5 56 55.2 57.2 58.7 60.3 61.8 63.4 65.5 68.7
-0.6 -0.7 -0.6 -0.6 -0.6 -0.6 -0.6 -0.4 0 0.3 0.7 1 4.8 6.3 7 7.6 6.7 7.5 8.2 8.7 16.6 16.8 17.1 17.5 17.8 18.1 18.5 19.6 20.6 21.1 21.5 21.9 22.4 22.8 23.3 24.1 24.8 25.4 25.4 25.4 26.2 26.5 26.7 27.1 27.8 28.3 28 28 28 28.4 28.7 29.1 29.6 30.1 30.5 30.9 31.4 34.5 38.4 43.7 50.2 53.3 54.5 56 58 60.1 62 63.6 63.3 63 61.9 60.3 58.7 57.3 56.2 56.9 58.4 59.9 61.5 63.9 66 69.1
-0.7 -0.7 -0.6 -0.6 -0.6 -0.6 -0.6 -0.4 0 0.4 0.8 1.2 5 7.5 8.4 8.5 7.2 7.6 8.4 13.2 16.5 17.4 17.7 18.1 18.4 18.7 19.1 20 21 21.4 21.8 22.3 22.7 23.1 23.7 24.4 25.2 25.9 26.1 26.4 26.4 26.5 27 27.6 28.4 30 29.7 29.4 29 29.1 29.6 30 30.3 30.7 31.1 31.5 33 38.3 43.6 49 54.3 55.5 56.6 58 60 62 64 65.6 65.3 65.1 64.3 62.9 61.4 59.9 58.6 57.6 58.1 60.2 62 64.3 67.5 69.3
-0.6 -0.6 -0.6 -0.6 -0.6 -0.6 -0.6 -0.4 0.1 0.5 0.9 2.2 3.6 8.3 9.7 9.2 8.1 7.7 8.8 13.1 16.1 17.1 18.1 18.7 19 19.3 19.7 20.4 21.3 21.7 22.2 22.6 23 23.4 24.3 25 25.6 26.3 26.8 26.4 26.4 27 27.6 28.2 29 30.5 31.3 31 30.7 30.3 30.9 30.8 30.7 31.4 31.9 32.2 35.1 42.9 49 54.8 57.5 58.5 59.1 59.9 61.9 63.9 66 67 67.1 67.1 66.9 65.4 64 62.9 61 60.1 58.9 59.6 61.4 65.1 68 69.5
-0.7 -0.6 -0.6 -0.6 -0.6 -0.6 -0.6 -0.2 0.2 0.6 1 3.3 4.6 7.3 8.4 8.5 8.6 8.9 9.5 16.1 17 17.5 17.9 18.6 19.6 20 20.3 20.9 21.6 22 22.5 22.9 23.3 24.4 25.4 26 26.6 27.2 26.4 26.3 26.9 27.5 28.1 28.7 29.6 31 32.7 32.6 32.2 31.7 31.7 31.6 31.5 31.8 32.6 33.9 39 48.5 57.4 60.2 60.9 61.7 62 62.2 63.2 65.2 65.2 66.3 68.3 68.7 69 68.7 68 66.3 63.9 62.4 61 60.8 62.6 66.1 68.7 70.1
-0.6 -0.6 -0.6 -0.6 -0.6 -0.6 -0.6 0 0.4 0.8 1.5 5.4 7.1 8.1 8.5 8.8 10.1 10.6 15.6 16.8 18 18.4 18.8 19.2 19.7 20.2 20.9 21.3 21.9 22.4 22.8 23.2 23.6 25.4 26.5 27.1 27.3 26.3 26.5 26.9 27.3 28 28.6 29.2 30.1 31.3 33 32.7 32 32.1 32.3 32.3 32.2 32.4 34.6 38.6 49.5 60.4 62.5 64.2 64.6 64.3 64.2 64.5 65.4 66.1 66.7 66.7 68.2 67 67.6 67.9 69 68.8 66.3 64.7 62.9 61.1 63.9 66.7 69.5 70.9
-0.7 -0.6 -0.6 -0.6 -0.6 -0.6 -0.1 0.3 0.6 1 3.2 8.8 7.5 8.6 8.6 8.9 10.4 15.4 17.5 18.2 18.8 19.3 19.7 20.2 20.6 21 21.4 21.9 22.2 22.6 23 23.5 24.6 26.4 27.4 27.1 26.3 26.6 27.1 27.5 27.8 28.4 29 29.6 30.2 31.6 32.4 32.1 32 32.4 32.8 32.9 32.9 33.5 37.8 47.6 63.1 68.9 67.9 67.3 67 66.8 66.5 66.8 67.4 67.9 68.4 68.4 67 66.8 66.8 66.8 67.5 68.7 67.6 66.8 65.3 64 63.5 67.2 70.2 70.7
-0.6 -0.6 -0.6 -0.6 -0.6 -0.6 0.1 0.6 0.9 3.7 5.9 8.9 8.2 9.3 9.3 9.3 13 17.1 17.7 18.4 19.3 20 20.5 21 21.4 21.8 22.3 22.9 23.5 23.8 23.4 23.7 25.7 27.2 26.4 26 26.7 27.2 27.7 28.1 28.5 28.8 29.4 30 30.4 31.6 32 32 32.4 32.8 33.2 33.5 34 36 44.6 62.6 75.8 74.2 70.5 69.7 69.1 68.4 67.8 68.1 68.5 69 69.5 69.3 68.1 67.2 66.8 66.8 66.8 67.8 69 68.5 67.6 66.5 65.3 65.6 69 70.3
-0.6 -0.6 -0.6 -0.6 -0.6 -0.3 0.2 0.8 5.1 6.3 6.6 8.3 8.1 8.6 10 12.7 16.6 17.3 18.1 18.9 19.8 20.5 21.1 21.7 22.2 22.8 23.4 23.9 24.6 25.2 25.8 25.7 25.6 26.5 26.3 26.4 27.1 27.8 28.3 28.7 29.2 29.3 29.8 30.3 30.7 31.6 32.1 32.4 32.8 33.2 33.6 34.2 36.5 41.3 54.5 75.2 80.3 76.2 72.3 70.3 69.6 68.9 68.9 69.3 69.6 69.8 70.3 69.7 68.8 68.1 67.7 67.5 67.3 68.1 69.6 69.9 69.5 68.4 67.3 66.7 67.2 69.5
-0.6 -0.6 -0.6 -0.6 -0.6 -0.1 0.4 0.8 2.3 5.3 6.9 7.6 8 8.3 11.8 15.6 16.9 17.7 18.6 19.4 20.2 21.1 21.7 22.3 23.1 23.8 24.4 25 25.6 26.2 26.3 26.1 26.4 26.2 26.2 26.6 27.4 28.1 28.8 29.3 29.8 30 30.2 30.8 32.4 33.4 33.4 33.2 33.5 33.9 34.9 36.6 39.6 47.2 63.4 79.7 77.8 74.8 72.5 71.3 70.1 69.8 70.1 70.5 70.9 71.1 71.1 70.4 69.7 69.2 68.7 68.4 68.5 68.8 69.9 70.6 70.7 70.3 69.6 69.9 67.6 70
-0.6 -0.6 -0.6 -0.6 -0.4 0 0.3 0.7 1.1 4.3 7.5 7.7 8.5 8.9 13 16.4 17.4 18.2 19 19.9 20.7 21.5 22.2 22.8 23.8 24.7 25.4 26 26.6 27 26.4 26.6 27.1 27.3 26.7 26.9 27.7 28.5 29.1 29.8 30.4 30.7 31.2 32.6 34.2 34.8 34.7 34.5 34.4 35.6 37.3 39 42.6 55.4 70.9 75.9 74.9 72.4 70.9 70.6 70.4 71 71.3 71.7 72.1 72.5 72.3 71.3 70.7 70.2 69.7 69.6 69.8 70 70.3 71.2 71.4 71.6 71 70.4 69 70.3
-0.6 -0.6 -0.6 -0.6 -0.3 0 0.4 0.7 1.1 4.5 7.6 8.1 9.1 10.3 13.6 16.8 17.7 18.6 19.5 20.4 21.2 22 22.8 23.4 24.4 25.6 26.3 27 27.6 27 26.8 27.3 27.7 28.2 27.9 28 28.1 28.8 29.5 30.2 30.8 32.1 33.1 34.4 36 36 35.9 35.7 36.3 37.4 39.1 40.9 48.5 61.7 69.7 72 71.8 70.1 69.4 69.2 69.8 70.7 71.3 71.9 72.5 73.1 73.7 72.9 72.2 71.5 71 71 71.1 71.3 71.5 71.9 72.1 72.3 72 70.7 69.4 69.6
-0.6 -0.6 -0.6 -0.6 0 0.2 0.5 0.8 1.1 5.7 7.4 8.4 10.3 13.7 15.6 17.1 18.1 19 19.9 20.8 21.7 22.5 23.3 24 25.1 26.3 27.2 27.1 27.3 26.9 27.3 27.8 28.4 28.9 29.1 29.2 29.3 29.5 29.9 31.7 33.1 34.1 35 36.2 36.9 37 37 37.1 38.5 39.6 40.8 44.5 54.1 62.2 66.4 68.7 68.8 67.9 68 68.2 69.3 70.4 71 71.6 72.2 73.4 74.2 74.4 74.5 75.4 76.3 76.5 75.7 74.9 74.1 73 72.8 73.1 73.2 71.9 70.4 69.8
-0.6 -0.6 -0.6 0.1 0.6 0.7 0.9 1.1 2.6 6.8 7.7 9.2 13.2 15.1 16.7 17.5 18.3 19.2 20.2 21.1 22 22.9 23.8 24.5 25.7 27.4 28.2 28 27.4 27.2 27.6 28.1 28.7 29.3 30.6 31.2 31.3 31.2 31.3 34.2 35.1 36.1 37 37.8 37.8 37.9 37.9 39.1 40.5 41.3 42.3 48.4 55.7 59.5 62.7 63.6 64.4 65.4 66.4 67.7 68.9 70 70.7 71.3 72.1 73.9 74.7 75 75.8 77 79.4 78.2 79.7 77.4 75.8 74.5 73.5 73.9 74.4 73.1 71.5 70.8
-0.6 -0.6 -0.6 0.7 1.1 1.1 1.1 1.2 5.2 6.9 8.2 9.9 13.4 15.9 17 17.9 18.7 19.5 20.3 21.3 22.2 23.2 24.1 25.1 27 28.9 28.6 28 27.4 27.5 28 28.5 29 30.1 31.4 32.8 33.3 31.9 31.7 36.7 37.4 38.2 39.2 39.6 39.1 38.8 38.9 40.3 41.4 42.4 44.3 49.5 54.2 57.4 60.1 60.6 61.7 62.9 64.5 67.3 68.4 69.5 70.4 71 72.8 74.4 75.2 75.9 76.7 77.6 79.6 82.7 83.1 83.9 80.5 77 75.8 75.4 75.2 74 72.6 71.9
