webserver/python/data/NR38.asc
ncols 200
nrows 200
xllcorner 130000
yllcorner 680000
cellsize 50
[rows 0 to 37 of 200, columns 84 to 167 of 200]
-1.4 -1.4 -1.4 -1.4 -1.4 -1.4 -1.4 -1.4 -1.4 -1.4 -1 -0.7 -0.4 0 0.3 0.5 0.8 1.1 1.4 1.7 1.9 2 2 2 3.6 5.7 5 2 2 2.7 2 2 2.2 2 1.6 1.2 1 0.8 0.5 0 -0.5 -1 -1.4 -1 -0.2 0.5 1.3 2 2.6 2.3 2.3 2.4 2.5 2.7 2.9 3 2.9 2.7 2.5 2.1 1.9 3.4 3.7 5.3 5.5 7.2 7.1 7.7 8 11.5 13.4 12.7 6.7 5.5 4.8 7.2 9.2 6.8 1.8 -1.4 -1.4 -1.4 -1.4 -1.4
-1.4 -1.4 -1.4 -1.4 -1.4 -1.4 -1.4 -1.4 -1.4 -1.4 -1.4 -1.2 -0.9 -0.6 -0.2 0.1 0.4 0.8 1.1 1.4 1.9 2 2 1.9 2.5 2.2 5.5 4.5 2.7 2 2.8 1.9 1.5 1.1 0.7 0.4 0.2 0 -0.2 -0.6 -1.1 -1.4 -1.4 -0.2 -0.5 0.2 1 1.7 2.4 2.2 2.2 2.2 2.4 2.6 2.7 2.6 2.4 2.2 2.1 2.1 2 6.6 5.2 6.5 5.4 5.5 6.5 7.2 4.9 9.7 7.2 1.1 0.5 0.7 1.2 0.8 2 2.1 -1.4 -1.4 -1.4 -1.4 -1.4 -1.4
-1.4 -1.4 -1.4 -1.4 -1.4 -1.4 -1.4 -1.4 -1.4 -1.4 -1.4 -1.4 -1.4 -1.1 -0.8 -0.5 -0.1 0.2 0.2 0.2 0.4 1 1.6 1.9 2 1.9 3 3.6 2.2 1.5 1.2 1.1 0.7 0.3 -0.1 -0.4 -0.6 -0.8 -1 -1.2 -1.4 -1.4 1.1 1.8 0.7 0.5 0.6 1.4 2.1 2.1 2.1 2.1 2.3 2.4 2.3 2.1 2 2 0.8 1.1 -1.4 0.9 1.9 5.1 4.4 4.7 5.8 4.6 1.5 1.9 -1.4 -1.4 -1.4 -1.4 -0.4 -1.4 -1.4 -1.4 -1.4 -1.4 -1.4 -1.4 -1.4 -1.4
-1.4 -1.4 -1.4 -1.4 -1.4 -1.4 -1.4 -1.4 -1.4 -1.4 -1.4 -1.4 -1.4 -1.4 -1.3 -1 -1.4 -1.4 -1.4 -1.4 -1.4 -0.4 0.2 1 1.3 1.2 0.4 -1.4 -1.4 -1.4 -1.4 -0.4 -0.7 -1.4 -1 -1.1 -1.4 -1.4 -1.4 -1.4 -1.4 1.7 2.1 2 1.9 1.7 1.6 1.6 1.8 2 2 2 2.1 2 1.9 2 2 0.6 -1.4 -1.4 -1.4 -1.4 2 5.3 7.7 3.2 3.3 -1.4 -1.4 -1.4 -1.4 -1.4 -1.4 -1.4 -1.4 -1.4 -1.4 -1.4 -1.4 -1.4 -1.4 -1.4 -1.4 -1.4
-1.4 -1.4 -1.4 -1.4 -1.4 -1.4 -1.4 -1.4 -1.4 -1.4 -1.4 -1.4 -1.4 -1.4 -1.4 -1.4 -1.4 -1.4 -1.4 -1.4 -1.4 -1.4 -1.3 -1.1 -1.4 -1.4 -1.4 -1.4 -1.4 -1.4 -1.4 -1.4 -1.4 -1.4 -1.4 -1.4 -1.4 -1.4 -1.4 -1.4 -1.4 2 1.6 2 1.9 2 -1.4 -0.1 1.8 2 3.2 4.8 3.3 1.9 2 2 0.6 0.1 -1.4 -1.4 -1.4 -1.4 3.8 5.1 6 1.7 -1.4 -1.4 -1.4 -0.6 -0.5 -1.4 -1.4 -1.4 -1.4 -1.4 -1.4 -1.4 -1.4 -1.4 -1.4 -1.4 -1.4 -1.4
-1.4 -1.4 -1.4 -1.4 -1.4 -1.4 -1.4 -1.4 -1.4 -1.4 -1.4 -1.4 -1.4 -1.4 -1.4 -1.4 -1.4 -1.4 -1.4 -1.4 -1.4 -1.4 -1.4 -1.4 -1.2 -1.4 -1.4 -1.4 -1.4 -1.4 -1.4 -1.4 -1.4 -1.4 -1.4 -1.4 -1.4 -1.4 -1.4 -1.4 -1.4 1.8 0.7 1.6 -1.4 -1.4 -1.4 1.5 12.4 20.5 22.3 23.9 19.2 15.6 11.3 7.9 2.9 1.5 1.4 -1.4 -1.4 -1.4 -1.4 1.9 0.8 -1.4 -1.4 -1.4 -0.2 0.4 0.4 -0.9 -1.4 -1.4 -1.4 -1.4 -1.4 -1.4 -1.4 -1.4 -1.4 -1.4 -1.4 -1.4
-1.4 -1.4 -1.4 -1.4 -1.4 -1.4 -1.4 -1.4 -1.4 -1.4 -1.4 -1.4 -1.4 -1.4 -1.4 -1.4 -0.1 0 -0.2 -1.4 -0.1 0 -0.1 0 1.1 2 1.3 0.1 -1.4 -1.4 0.9 1.7 -1.4 0.3 -1.4 -1.4 -1.4 -1.4 -0.5 -0.2 -1.4 -1.4 -1.4 -0.3 -1.4 -1.4 1.9 15.8 18.1 26.7 30.1 32.5 28.1 24.1 22.1 16 15.1 13.3 7.1 4.9 0.7 -1.4 -1.4 -1.4 -1.4 -1.4 -1.4 -1.4 0.3 1.4 1.3 0.2 -1.4 -1.4 -1.4 -1.4 -1.4 -1.4 -1.4 -1.4 -1.4 -1.4 -1.4 -1.4
-1.4 -1.4 -1.4 -1.4 -1.4 -1.4 -1.4 -1.4 -1.4 -1.4 -1.4 -1.4 -1.4 -1.4 -1.1 -0.1 1.7 1.7 1.6 1.7 1.8 2.4 1.9 2.8 2.6 3.8 4.2 2 2 2.6 4.3 7.4 2.4 3.6 2.8 1.9 0.7 0.7 0.9 0.8 0.9 0.5 -1.4 -1.4 -1.4 7.3 17.9 20 23.4 32.9 35.6 36.2 33.1 30.5 29.5 21.6 19.5 16.4 9.5 4 1.1 0 -1.4 -1.4 -1.4 -1.4 -1.4 1 2 1.9 2.3 0.7 -1.4 -1.4 -1.4 -1.4 -1.4 -1.4 -1.4 -1.4 -1.4 -1.4 -1.4 -1.4
-1.4 -1.4 -1.4 -1.4 -1.4 -1.4 -1.4 -1.4 -1.4 -1.4 -1.4 -1.4 -1.4 0 0.5 1.5 1.7 4.2 10.1 11.7 10.3 16.6 20.4 17.1 14.2 9 13.3 10.6 4.6 4.5 8.8 9.2 8 7.6 10.2 7.9 3.1 1.9 2 2 1.9 3.9 1 -1.4 0.5 2 13.7 21.4 24.8 30.3 35.4 36.8 34.2 34.4 34.9 28.7 22.7 19.6 15.8 8.4 4.2 1.8 2 0.8 -1.4 4.2 6.1 6 6.7 9.9 2 -1.4 -1.4 -1.4 -1.4 -1.4 -1.4 -1.4 -1.4 -1.4 -1.4 -1.4 -1.4 -1.4
0.7 3 4 1.9 0.9 1.3 1.6 1.8 1.5 1.1 1.1 1.3 2 1.9 3.3 9.1 10.4 16.2 24.9 28 22.4 36.1 37.4 32.9 26.8 24 19.1 20 16.5 11.1 11.8 14.5 11.8 11.4 10.6 8.4 7.9 5.3 2 2 1.9 2 2 3.1 9 11.5 11.6 15.5 21.9 25.8 26.3 26.2 30.2 31.7 33 29.4 24.1 20.6 18.1 15.4 13 6.7 4 5.2 9.1 11.8 13.1 12.6 10.4 15.7 6.4 -1.4 -1.4 -1.4 -1.4 -1.4 -1.4 -1.4 -1.4 -1.4 -1.4 -1.4 -1.4 -1.4
7.3 7.7 11.3 10 6.8 8.2 8.1 9.5 9.7 5.9 6.6 6.8 6.2 10.8 16.2 21.3 24.4 32.1 29.5 27.5 39.8 40.9 39.7 37.3 34.7 32 27.6 18.6 20.7 16.8 13.7 13.7 13 12.1 11.4 9.2 8.3 6.6 3.7 6.4 1.9 3.8 4.6 9.6 11.1 14.3 16.5 16.2 18.2 18.3 20.8 25.8 36.4 34.8 34.3 34.2 28.3 22 20 18.9 17.3 12 9.8 16.1 20.9 19.1 19.1 15.2 13.9 15.2 1 -1.4 -1.4 -1.4 -1.4 -1.4 -1.4 -1.4 -1.4 -1.4 -1.4 -1.4 -1.4 -1.4
14 12.2 12.9 13.3 14.2 15 14.9 14.7 13.4 12 16.7 19.5 18.9 20.4 22.1 29.3 34.3 32.8 38.3 42.1 37.4 42.9 43.6 41.3 38.2 35.8 31 24.9 19.8 18.7 16.3 14.9 14 13 12.2 10.8 9.9 9 7.9 7.4 6.8 11.4 13 13.9 15.2 16.9 20.1 21.2 21.2 18.9 19.8 28.4 35.7 38.3 37.4 34.3 32.9 27.5 21.9 19.8 17.4 15 11.7 15.3 23.6 20.2 18.8 12.1 9.6 13 0.6 -1.4 -1.4 -1.4 -1.4 -1.4 -1.4 -1.4 -1.4 -1.4 -1.4 -1.4 -1.4 -1.4
15.4 17.5 16.2 14.2 16.1 16.7 17.3 18.7 19.8 17.7 16.4 22.6 25.4 29.1 33.3 34.7 37.8 57.4 55.7 53.2 48 46.9 39.1 37.6 37 34.6 30.4 24.9 21.1 19.6 17.3 16.4 15.4 14.3 13.5 13.5 13.1 12.8 11.9 11.8 11.7 13 13.4 15 15.7 15 22 25.2 25.3 22.8 20.4 21.9 39.8 36.6 33.3 29 26.3 23 19.5 19.2 16.1 15.1 9.8 13.8 15.8 14.6 11 6.9 6 12.6 0.5 -1.4 -1.4 -1.4 -1.4 -1.4 -1.4 -1.4 -1.4 -1.4 -1.4 -1.4 -1.4 -1.4
15.3 16 18.5 19.4 17.8 17.5 18.5 19.9 20.6 19.5 18.6 20.5 25 34 33.4 42.7 65.3 69 68.1 66.1 61.1 55.8 46.3 38.4 35.8 32.2 28.9 24 21.9 20.5 18.7 18.1 17.1 17.1 17.4 17.3 17.1 16.8 15.7 15.3 15.4 15.4 15.3 15.6 18.2 15.5 17 21.1 21.9 22.7 21.7 24.1 25.4 21 21.2 23.4 23.3 21.9 17.9 15.5 14.4 10.6 9 8.4 9.3 7.6 4.4 4.4 5.4 11.6 0.6 -1.4 -1.4 -1.4 -1.4 -1.4 -1.4 -1.4 -1.4 -1.4 -1.4 -1.4 -1.4 -1.4
14.1 15.4 16.4 17.6 17.8 18.5 19 18.4 20.4 19.3 19.3 18.1 23.2 27 41.3 59.6 72.2 79 78.5 74.5 68 60.2 50.1 41 36 33 30.6 24.4 20.6 21.2 19.7 18.7 18.8 18.6 18.6 19.1 18.9 18.9 18.8 18.5 18 17.5 16.8 16.9 18.7 19.6 20.1 19.6 20.8 22.5 23.5 25.9 26.8 20.6 19.7 16.9 15.7 17.1 13.6 12 12.4 8 6.1 6 5.4 5.1 4.7 4.4 5.5 11.9 0.9 -1.4 -1.4 -1.4 -1.4 -1.4 -1.4 -1.4 -1.4 -1.4 -1.4 -1.4 -1.4 -1.4
14.5 14.9 15.6 14.8 14.7 16.3 17.5 20.9 21.7 21.4 20.1 18.7 18 28 39.3 57.3 83.4 91.9 88.6 82.2 73 64.8 56.4 46.2 39.3 34 31.5 27.8 23.5 19.1 18.9 19.2 19.3 19.2 19.5 20.1 20.7 21.1 21.7 21.3 20.8 20.5 19.9 20.5 20 20.5 21.8 23.4 24.2 24.1 21.4 20.9 19.2 17.1 15.3 14.6 14.2 14.2 12.8 10.3 7.9 6.6 6.1 5.9 5.2 5.3 5.4 4.1 4.4 9.9 1.6 -1.4 -1.4 -1.4 -1.4 -1.4 -1.4 -1.4 -1.4 -1.4 -1.4 -1.4 -1.4 -1.4
11.5 12.1 13 14.4 16.4 17 18.2 16.7 17.4 19.3 17.9 16.9 18.4 19.6 26.9 38 74.9 83.5 85.9 85.4 79.1 74.4 61.2 49.8 45.5 38.1 34.4 31.8 28.2 23.4 19.8 19.5 19.9 20.1 20.4 20.9 21.3 22.3 22.3 22.9 23.5 23.6 24 28.2 30.7 30.7 30.1 28.5 23.8 22.4 21.6 18.8 16.4 15.6 15.5 13.9 13.6 12.8 12.1 10.1 9 6.8 6.1 5.7 5.5 5.6 5.2 4.8 4.1 7 9.7 0.7 -1.4 -1.4 -1.4 -1.4 -1.4 -1.4 -1.4 -1.4 -1.4 -1.4 -1.4 -1.4
6.8 9.7 12.1 15 16 17.1 17.4 15.8 15.8 15.8 16.2 17 17.4 19.7 27.1 33.5 37.7 43.2 73.1 74.8 76.2 71.9 65.3 61.8 54.8 41 39.9 35.8 31.5 28.1 23.9 21.2 21.2 21.1 20.9 21.4 21.8 23.2 23.3 24 29.4 30.3 28.8 27.6 29.1 28 31.1 29.6 25.4 16.9 18.3 16.6 15.3 16.7 16.9 15 12.7 12.5 11.7 10.9 9.9 7.8 6.2 5.6 5.7 5.2 4.6 4.3 4.1 6 4.9 1.7 -0.3 -1.4 -1.4 -1.4 -1.4 -1.4 -1.4 -1.4 -1.4 -1.4 -1.4 -1.4
6.3 6.8 10.8 13.6 14.3 15.2 15.5 14.9 14.9 14.9 15.1 16.3 17.8 18.7 22.4 30.6 34 36.7 38.9 46.8 60.4 61.8 58.7 56.6 48.8 50.8 44.8 36.8 34.4 32 29.9 27 23.1 22.4 20.5 21.4 22.5 21.8 25.2 21.7 29.4 30.6 31.8 32.5 31.9 24.5 21.3 20 17.7 12.6 11.9 12.6 14.5 12.7 11.9 13.7 15.4 14.4 13.4 11.3 12 12.9 10.3 5.7 5.2 4.7 4.1 3.8 3.7 3.9 8.2 12.7 5.8 -1.4 -1.4 -1.4 -1.4 -1.4 -1.4 -1.4 -1.4 -1.4 -1.4 -1.4
6.3 6.5 6.8 8.2 11.2 12 12.8 13.7 14.4 14 14.7 15.7 16.7 16.9 18.2 25.7 32.4 33.7 34.4 36.9 44.2 42.2 40.5 53.8 58.6 48.9 40.2 41.5 45.5 44.2 40.7 38.3 32.8 25.1 18.9 18.6 18.1 17.6 17.8 20.4 23.5 24 24.9 24.9 23.4 20.3 19.4 16.6 13.2 11.5 12.1 11.2 15.2 26.2 27.1 25.1 22.9 19.4 17.6 12.8 10.5 7.3 5.9 5.1 3.8 3.2 3.5 3.4 3.8 4 8.1 8.3 1.9 -1.4 -1.4 -1.4 -1.4 -1.4 -1.4 -1.4 -1.4 -1.4 -1.4 -1.4
5.9 5 3.5 4.4 6.7 7.6 9.4 11 12.5 13.1 13.4 14.4 15.5 16.6 17.3 17.6 30.4 33.2 35.5 35.4 34.8 36.3 36.1 36.6 37.7 41.7 48.4 53.3 48.9 45.9 42.3 36.4 32.8 28.8 20.3 14.1 14.4 14.2 15 20.2 19.9 17.7 17.4 16.8 15.6 13.9 13.8 10.8 12.1 12.3 10.6 15.3 24.8 32.4 30.2 24 17.8 21.8 18.2 12.2 8 7 5.7 5.4 4.8 2 2 2.4 5.5 5.9 6.2 4 0.5 -1.4 -1.4 -1.4 -1.4 -1.4 -1.4 -1.4 -1.4 -1.4 -1.4 -1.4
1.9 -1.4 1.9 1.9 2 4.9 5.6 4.1 7.6 10.9 11.6 12.2 12.8 14.1 15.3 16.2 17.6 21.1 22.1 22.3 22.7 31.9 32.6 32.4 32.3 33.6 32.9 30.7 30.1 30.4 30.6 26.9 25.4 22.2 18.2 14 13.3 13.2 13.1 16.2 13.7 12.4 12 12.5 13.6 15.2 11.6 10.3 10.5 12 14.4 12.8 10.8 14.3 14.8 16.7 23.8 19.7 14.3 7.5 6.2 4.9 5.8 4.3 -1.4 -1.4 0 0.8 1.5 3.4 5.4 6.1 1.1 -1.4 -1.4 -1.4 -1.4 -1.4 -1.4 -1.4 -1.4 -1.4 -1.4 -1.4
-1.4 -1.4 -1.4 -1.4 -1.4 -1.4 -1.4 0.3 1.3 4.4 7.8 8.5 9.8 11.3 12.7 13.7 15.1 16.7 14.8 16 17.5 20.1 20.1 20.8 20.4 21 23.1 20.6 21.3 21.1 19.8 17.6 17.5 16.8 13.8 13.7 13.2 12.8 12.6 13.1 13 11.9 11.5 10.7 12.5 10.7 8.1 8.9 12.2 10.4 9.7 10.3 10.6 11.3 10 11.3 8.2 9.3 10.2 6.2 2.1 0.5 1.6 0.6 -1.4 -1.4 -1.4 -0.6 0.4 1.3 4 5.2 6.3 1.1 1.1 1.3 1 -1.4 -1.4 -1.4 -1.4 -1.4 -1.4 -1.4
-1.4 -1.4 -1.4 -1.4 -1.4 -1.4 -1.4 -1.4 0.6 2 4.3 5.6 7 8.5 9.9 11.3 12.9 12.3 11.9 12.4 12.5 12.1 12.6 12.1 13 13 12.9 12.9 13.2 12.4 12.5 12.5 12.4 13.5 13.5 13.3 13.2 12.4 11.4 9.5 9.3 9.4 10 10.4 7.2 5 6.3 7.3 8.6 8.5 3.6 6.3 11.2 5 7.5 2.9 6 7.1 2.6 6 1.6 -1.4 -1.4 -1.4 -1.4 -1.4 -1.4 -1.4 -0.2 0.7 1.8 5.4 5.2 9.2 8.4 4.4 1.7 -1.4 -1.4 -1.4 -1.4 -1.4 -1.4 -1.4
11.6 9.3 -1.4 -1.4 -1.4 -1.4 -1.4 -0.6 0.6 1.9 3.8 5.1 5.9 7 8.3 9.5 9.6 9.6 9.7 10.4 11 11.6 12.3 10.9 9.6 9.5 9.6 9.6 9.7 9.9 10.3 11.2 12.4 13.4 13.7 13.3 12.9 11.9 9.7 8.6 7.7 7.6 7.4 4.4 2.7 2.6 2.4 -1.4 -1.4 -1.4 0.6 1.6 -1.4 -1.4 1.8 1.7 1.9 1.9 4.9 4.6 1.7 -1.4 -1.4 -1.4 -1.4 -1.4 -1.4 -1.4 -0.5 0.5 1.6 5.2 3.5 4.8 5.9 1.4 -1.4 -1.4 -1.4 -1.4 -1.4 -1.4 -1.4 -1.4
15.1 13.2 11 4.7 2.5 -1.4 -1.4 1.1 2 1.8 3.2 4.8 5.8 6.7 7.5 8.7 8.8 8.5 9.2 10.1 10.6 11.2 11.9 10.9 9.9 9.8 9.7 9.6 9.7 9.7 10.2 11.2 12.5 13.4 14 13.3 11.7 9.8 8.6 8.3 7.2 6.1 5.9 2.9 -1.4 -1.4 -1.4 -1.4 -1.4 -1.4 -1.4 -1.4 -1.4 -1.4 -1.4 -1.4 -1.4 1.5 1.4 2 -1.4 -1.4 -1.4 -1.4 -1.4 -1.4 -1.4 -1.4 -0.4 0.6 1.7 4.7 1.9 1.9 2.8 0.9 -1.4 -1.4 -1.4 -1.4 -1.4 -1.4 -1.4 -1.4
12.7 12.6 10.7 6.1 2.2 2.1 2 2 2 4 4 4.2 5.7 6.5 7.5 7.8 9.5 8 9.2 9.9 10.3 10.8 11.5 10.9 10.2 10.1 10 9.9 9.7 10 11.5 13.1 12.8 13.4 13.7 13.1 12 9.4 8.6 8 7 5.7 5.2 1.6 -1.4 -1.4 -1.4 -1.4 -1.4 -1.4 -1.4 -1.4 -1.4 -1.4 -1.4 -1.4 -1.4 1.9 1.3 0.2 -1.4 -1.4 -1.4 -1.4 -1.4 -1.4 -1.4 -1.4 -0.3 0.8 1.8 2.1 0.9 -0.6 -1.4 -1.4 -1.4 -1.4 -1.4 -1.4 -1.4 -1.4 -1.4 -1.4
14.5 15.1 10.5 7.4 4.9 2 3.3 3.8 4.8 5.7 5.7 5.8 5.9 6.2 5.9 6.4 7.6 7.9 9.2 9.6 10.1 10.5 11 10.9 10.5 10.4 10.3 10.3 10.1 10.1 11.8 14.4 15.9 13.9 12.5 13.4 11.8 8.9 9.2 8.2 5.9 4.9 4.1 1.3 -1.4 -1.4 -1.4 -1.4 -1.4 -1.4 -1.4 -1.4 -1.4 -1.4 -1.4 -1.4 -1.4 -0.4 -0.9 -1.4 -1.4 -1.4 -1.4 -1.4 -1.4 -1.4 -1.4 -1.4 -0.3 0.4 1 0.9 -0.3 -1.4 -1.4 -1.4 -1.4 -1.4 -1.4 -1.4 -1.4 -1.4 -1.4 -1.4
10.7 10.5 8.9 6.3 2.8 2 4 4 5.2 4.7 5.5 5.8 5.7 5.5 4.7 5.4 7.7 8.1 8.9 9.4 9.8 10.3 10.8 11 10.9 11 10.9 10.6 10.5 10.2 10.1 12.6 13.4 12.4 11.3 11.4 10.8 8.9 7.8 7 5.1 3.7 2.5 1.2 -0.5 -1.4 -1.4 -1.4 -1.4 -1.4 -1.4 -1.4 -1.4 -1.4 -1.4 -1.4 -1.4 -1.4 -1.4 -1.4 -1.4 -1.4 -1.4 -1.4 -1.4 -1.4 -1.4 -1.4 -1.4 -1.1 -0.5 0.1 -1.1 -1.4 -1.4 -1.4 -1.4 -1.4 -1.4 -1.4 -1.4 -1.4 -1.4 -1.4
4.6 4.4 5.4 3.3 2 2 2 2 4.3 2.6 6.6 4.4 4.3 4.1 3.6 5.1 7 7.5 9 9.4 9.9 10.4 10.8 11.2 11.8 11.4 11.1 10.9 10.6 10.2 10 10.7 11.1 11.4 11.7 11.4 9.8 8.6 7.6 6 4.5 2.8 1.4 0.1 -1.1 -1.4 -1.4 -1.4 -1.4 -1.4 -1.4 -1.4 -1.4 -1.4 -1.4 -1.4 -1.4 -1.4 -1.4 -1.4 -1.4 -1.4 -1.4 -1.4 -1.4 -1.4 -1.4 -1.4 -1.4 -1.4 -1.4 -1.4 -1.4 -1.4 -1.4 -1.4 -1.4 -1.4 -1.4 -1.4 -1.4 -1.4 -1.4 -1.4
2 2.1 2 2.4 1.9 1.7 1.4 1 0.9 0.6 0.8 1.3 1.7 2.3 -1.4 5.6 6.4 6.7 8.3 10.1 10.2 10.2 9.9 10.4 11.3 11.6 11.3 11 10.9 10.8 10.7 11 11.7 12 12.3 12.1 10.6 8.7 7.3 5.2 3.3 2 1.4 -0.3 -1.4 -1.4 -1.4 -1.4 -1.4 -1.4 -1.4 -1.4 -1.4 -1.4 -1.4 -1.4 -1.4 -1.4 -1.4 -1.4 -1.4 -1.4 -1.4 -1.4 -1.4 -1.4 -1.4 -1.4 -1.4 -1.4 -1.4 -1.4 -1.4 -1.4 -1.4 -1.4 -1.4 -1.4 -1.4 -1.4 -1.4 -1.4 -1.4 -1.4
3.6 2.1 2 1.6 1 0.7 0.3 -0.1 -0.4 -1.4 -1.4 -0.3 0.4 0.8 -1.4 4.9 7.3 6.9 8.9 8.8 9.9 10.2 9.8 10.3 10.9 11.4 11.6 11.6 11.5 11.4 11.4 11.5 12.2 12.6 12.8 12.6 11.4 9.6 6.5 4 2.1 2 2 0.3 -1.4 -1.4 -1.4 -1.4 -1.4 -1.4 -1.4 -1.4 -1.4 -1.4 -1.4 -1.4 -1.4 -1.4 -1.4 -1.4 -1.4 -1.4 -1.4 -1.4 -1.4 -1.4 -1.4 -1.4 -1.4 -1.4 -1.4 -1.4 -1.4 -1.4 -1.4 -1.4 -1.4 -1.4 -1.4 -1.4 -1.4 -1.4 -1.4 -1.4
3.6 2.3 1.9 0.4 -0.2 -0.4 -0.8 -1.2 -1.4 -1.4 -1.4 -1.4 -1.4 -1.3 -1.4 2.7 6.2 6.2 7.2 6.8 8.5 9.3 9.8 10.3 10.8 11.2 11.6 11.7 11.7 11.6 11.8 12.7 12.9 13.3 13.3 13 12.3 10.4 7 2.2 1.9 1.9 0.8 -0.1 -1.4 -1.4 -1.4 -1.4 -1.4 -1.4 -1.4 -1.4 -1.4 -1.4 -1.4 -1.4 -1.4 -1.4 -1.4 -1.4 -1.4 -1.4 -1.4 -1.4 -1.4 -1.4 -1.4 -1.4 -1.4 -1.4 -1.4 -1.4 -1.4 -1.4 -1.4 -1.4 -1.4 -1.4 -1.4 -1.4 -1.4 -1.4 -1.4 -1.4
1.7 1.1 0.6 -1.4 -1.4 -1.4 -1.4 -1.4 -1.4 -1.4 -1.4 -1.4 -1.4 -1.4 -0.2 1.5 4.6 7.6 6.1 9.3 7.9 9.2 9.7 10.1 10.6 11 11.5 11.7 11.8 12 12.7 13.9 14.6 14.3 13.2 12.8 12.5 10.7 8 3.2 2 1.3 0.1 -1.4 -1.4 -1.4 -1.4 -1.4 -1.4 -1.4 -1.4 -1.4 -1.4 -1.4 -1.4 -1.4 -1.4 -1.4 -1.4 -1.4 -1.4 -1.4 -1.4 -1.4 -1.4 -1.4 -1.4 -1.4 -1.4 -1.4 -1.4 -1.4 -1.4 -1.4 -1.4 -1.4 -1.4 -1.4 -1.4 -1.4 -1.4 -1.4 -1.4 -1.4
0 -1.4 -1.4 -1.4 -1.4 -1.4 -1.4 -1.4 -1.4 -1.4 -1.4 -1.4 -1.4 -1.4 -1.4 0.9 2.9 6.4 6.2 6.2 9.9 8.4 9.5 10 10.4 10.9 11.3 11.6 11.9 13 13.8 14.5 17.3 18.2 16.6 11.1 11.1 9.1 7.6 6.1 1.8 0.6 -0.5 -1.4 -1.4 -1.4 -1.4 -1.4 -1.4 -1.4 -1.4 -1.4 -1.4 -1.4 -1.4 -1.4 -1.4 -1.4 -1.4 -1.4 -1.4 -1.4 -1.4 -1.4 -1.4 -1.4 -1.4 -1.4 -1.4 -1.4 -1.4 -1.4 -1.4 -1.4 -1.4 -1.4 -1.4 -1.4 -1.4 -1.4 -1.4 -1.4 -1.4 -1.4
-1.4 -1.4 -1.4 -1.4 -1.4 -1.4 -1.4 -1.4 -1.4 -1.4 -1.4 -1.4 -1.4 -1.4 -1.4 0.4 1.8 4.9 6.3 9 10.6 9.1 9.4 9.8 10.3 10.7 11.2 11.5 12.7 13.7 13.4 14.3 16.5 14.6 13.1 11.3 11.3 9.6 8.1 6.7 3.9 0.7 -1.4 -1.4 -1.4 -1.4 -1.4 -1.4 -1.4 -1.4 -1.4 -1.4 -1.4 -1.4 -1.4 -1.4 -1.4 -1.4 -1.4 -1.4 -1.4 -1.4 -1.4 -1.4 -1.4 -1.4 -1.4 -1.4 -1.4 -1.4 -1.4 -1.4 -1.4 -1.4 -1.4 -1.4 -1.4 -1.4 -1.4 -1.4 -1.4 -1.4 -1.4 -1.4
-1.4 -1.4 -1.4 -1.4 -1.4 -1.4 -1.4 -1.4 -1.4 -1.4 -1.4 -1.4 -1.4 -1.4 -1.4 0.1 1.5 3.9 7.7 7.8 9.8 8 8.5 8.9 9.9 10.5 11 11.7 13.4 15.1 16.1 15.9 15.8 13.6 11.7 10.4 10.3 10.1 8.7 6.4 2.6 1.3 -1.4 -1.4 -1.4 -1.4 -1.4 -1.4 -1.4 -1.4 -1.4 -1.4 -1.4 -1.4 -1.4 -1.4 -1.4 -1.4 -1.4 -1.4 -1.4 -1.4 -1.4 -1.4 -1.4 -1.4 -1.4 -1.4 -1.4 -1.4 -1.4 -1.4 -1.4 -1.4 -1.4 -1.4 -1.4 -1.4 -1.4 -1.4 -1.4 -1.4 -1.4 -1.4
-1.4 -1.4 -1.4 -1.4 -1.4 -1.4 -1.4 -1.4 -1.4 -1.4 -1.4 -1.4 -1.4 -1.4 -1.4 -0.1 1.3 3.9 5.9 7.9 8.5 9.3 9.3 9.5 9.8 10.4 12 12.8 14.2 15.5 17.2 19.3 16.8 12.9 11 9.3 8.5 8.1 8.3 7.5 2.5 -1.4 -1.4 -1.4 -1.4 -1.4 -1.4 -1.4 -1.4 -1.4 -1.4 -1.4 -1.4 -1.4 -1.4 -1.4 -1.4 -1.4 -1.4 -1.4 -1.4 -1.4 -1.4 -1.4 -1.4 -1.4 -1.4 -1.4 -1.4 -1.4 -1.4 -1.4 -1.4 -1.4 -1.4 -1.4 -1.4 -1.4 -1.4 -1.4 -1.4 -1.4 -1.4 -1.4
