webserver/python/data/NR39.asc
ncols 200
nrows 200
xllcorner 130000
yllcorner 690000
cellsize 50
[rows 111 to 147 of 200, columns 85 to 169 of 200]
-1.4 -1.4 -1.4 -1.4 -1.4 -1.4 -1.4 -1.4 -1.4 -1.4 -1.4 -1.4 -1.4 -1.4 -1.4 -1.4 -1.4 -1.4 -1.4 -1.4 -1.4 -1.4 -1.4 -1.4 -1.4 -1.4 -1.4 1 3.3 9.7 11.5 11 16 16.8 16 22.5 28.9 41.1 52.2 63.3 68.7 72.9 84.9 92.4 96 93.9 94 88.2 89.5 91.8 91 89.3 88.6 87.4 87.3 89.4 87.1 88.4 89.5 93.7 99.7 104.6 111.7 113.6 109.5 106.1 106.7 108.2 108 107.4 101.6 98.5 95.9 90.3 96.3 100 112 104.6 91.7 92.8 85.7 83.1 78.1 69.4 57.8
-1.4 -1.4 -1.4 -1.4 -1.4 -1.4 -1.4 -1.4 -1.4 -1.4 -1.4 -1.4 -1.4 -1.4 -1.4 -1.4 -1.4 -1.4 -1.4 -1.4 -1.4 -1.4 -1.4 -1.4 -1.4 -1.4 -1.4 0.8 3.1 8 11.3 13.5 15.3 17.3 22 27.7 33.9 34.1 54.8 67 68.3 67.6 76.3 85.1 91.5 84.5 88 92.9 93.3 95.9 92.9 88.4 87.7 87.3 87.4 88.4 92.1 97.1 98.2 101.5 104.9 108.7 111.9 114.3 110.7 106.5 105.4 107.1 106.3 102.8 101.2 98.4 94.1 97.8 96.4 89.4 94.4 93.2 84.6 89.6 82 74 77 64.2 49.8
-1.4 -1.4 -1.4 -1.4 -1.4 -1.4 -1.4 -1.4 -1.4 -1.4 -1.4 -1.4 -1.4 -1.4 -1.4 -1.4 -1.4 -1.4 -1.4 -1.4 -1.4 -1.4 -1.4 -1.4 -1.4 -1.4 -1.4 -1.4 3.3 7.7 10 13.2 16.8 20.1 22.3 27.6 30.8 36.4 44.2 56.6 64.6 64 67 70.8 76.3 78.9 89.2 91.9 94.6 93.6 94 89.2 87.6 94 92.5 95.8 101 106.2 107.4 109.2 109 114.6 115.4 110.8 107.3 101.4 101.1 99.5 102.5 102.4 101.5 99.3 103.9 101.1 85.9 79.6 82 84.2 81.6 81.3 75.1 69.4 60.7 50.3 39.4
-1.4 -1.4 -1.4 -1.4 -1.4 -1.4 -1.4 -1.4 -1.4 -1.4 -1.4 -1.4 -1.4 -1.4 -1.4 -1.4 -1.4 -1.4 -1.4 -1.4 -1.4 -1.4 -1.4 -1.4 -1.4 -1.4 -1.4 -1.4 1.1 6.9 11 17.7 24.7 26.1 27.6 35.8 37.5 38.8 41.9 49.2 60 63.6 69.9 71.1 77.9 82.8 88.3 87.2 93.4 94.9 94.5 91.2 94.7 100.2 103.3 102.8 108.3 113.7 115.4 116.7 115.1 119.5 115.8 110.7 108.3 98 94.8 94.1 94.8 93.1 92.1 88.9 85.4 84.3 72.9 68.9 71.8 73.4 80.3 73 68.6 63.9 58.4 46 37.9
-1.4 -1.4 -1.4 -1.4 -1.4 -1.4 -1.4 -1.4 -1.4 -1.4 -1.4 -1.4 -1.4 -1.4 -1.4 -1.4 -1.4 -1.4 -1.4 -1.4 -1.4 -1.4 -1.4 -1.4 -1.4 -1.4 -1.4 -1.4 1.4 9.7 16.5 23 30.8 32.4 33.9 38.8 40.7 42.2 44.5 49.5 58.4 67.3 73.2 75.3 80.6 85.3 87.4 101.7 109.1 115.1 110.7 103.2 106.3 104 104.6 105.5 111.2 116.7 122.3 123.1 119 113.2 110.4 106.6 102.6 95.9 91.5 90.5 88.9 88.4 86.2 80.5 76.3 70.4 61.8 57 62.1 63.7 68 69.2 64.4 60.1 50.6 41.3 36.8
-1.4 -1.4 -1.4 -1.4 -1.4 -1.4 -1.4 -1.4 -1.4 -1.4 -1.4 -1.4 -1.4 -1.4 -1.4 -1.4 -1.4 -1.4 -1.4 -1.4 -1.4 -1.4 -1.4 -1.4 -1.4 -1.4 -0.3 0.7 3.1 8 14.2 28.6 35.1 34.3 32.9 35.3 38.2 38.8 40.7 50.1 57.9 70.6 79.6 85.4 89.5 95.3 101.5 109 115.8 110.4 109.9 108.4 109.6 103.2 102.5 107.3 111.9 114.6 123.2 122 121.8 117.9 112.6 105.7 100.2 95 91.5 89 87.2 85.5 82.9 76 65.9 60.4 56 52.2 52.6 52.9 54 49.5 49.3 47.7 42.8 39.9 32.8
-1.4 -1.4 -1.4 -1.4 -1.4 -1.4 -1.4 -1.4 -1.4 -1.4 -1.4 -1.4 -1.4 -1.4 -1.4 -1.4 -1.4 -1.4 -1.4 -1.4 -1.4 -1.4 1.1 -1.4 -1.4 -1.4 0.3 1.9 5.6 12.6 15 26.2 36.8 34.3 31.2 36.4 37.3 34.9 33.9 43.1 58.9 74.5 90.8 103.1 111.9 117.6 121.6 120.4 119.8 120.2 122.8 118.1 118 108.6 98.5 100.4 106.4 109.8 112.3 115.6 119.7 119 114.8 106.7 98.8 95.4 93.4 91.5 88.6 83.3 77.5 68.1 55.1 52.8 51.4 48.2 46.5 45 42 39.6 39.6 37.8 32.1 27.6 27.9
-1.4 -1.4 -1.4 -1.4 -1.4 -1.4 -1.4 -1.4 -1.4 -1.4 -1.4 -1.4 -1.4 -1.4 -1.4 -1.4 -1.4 7.1 2.6 2 3.4 2.1 4.2 8 0.6 1.4 1.7 6.8 12 28 31.3 21.3 32.4 33.1 28 35.3 33.8 27.7 31.3 40.4 55.7 75.7 79.6 105.1 109 115.2 115.9 116.1 111.1 112.7 120.5 117.8 110.7 105.3 98.7 97.3 99.8 103.7 110.9 117.5 116.2 119.4 111.1 103 99.2 96.6 93.5 90.7 87.1 81.7 73.2 57.4 50.1 48.9 46 41.7 39.5 38.3 35.9 34.4 33.2 30.9 26.9 26.5 28.3
-1.4 -1.4 -1.4 -1.4 -1.4 -1.4 -1.4 -1.4 -1.4 -1.4 -1.4 -1.4 -1.4 -1.4 -1.4 -1.4 2 7 6.1 4.9 5.4 5.1 7.2 8.3 5 6.5 7.1 11.9 13.8 33.2 35.2 28.9 22.4 25.7 24.7 28.3 23.9 24.3 35.4 40.6 45.7 62.8 104.2 111.8 112.9 107.6 106.4 106 103.8 98.9 101.3 99.5 95.4 83.2 79.5 87 92.3 95 98.3 106.1 111.7 111.3 112.2 98.3 101.1 98.9 94.2 88.7 83.9 78.4 69.9 58.5 48.6 39.4 38.6 35.1 30.6 29.2 29.8 29 24.5 24.6 25.3 26.5 27.7
-1.4 -1.4 -1.4 -1.4 -1.4 -1.4 -1.4 -1.4 -1.4 -1.4 -1.4 -1.4 3 -1.4 -0.2 -1.4 -1.4 2.8 5.2 5.9 6.4 6.5 8 7.8 7.1 8 7 10.1 11.6 20.8 27.2 20.9 20.8 20.4 18.5 18.4 19.5 23.8 32.7 28 53.9 89 101.4 103.5 100.1 96.9 92.1 93.9 96.3 88.4 81.3 76.6 71.3 66.1 62.5 72.5 89 91.5 90.1 94.6 100 98.4 96.6 97 102.2 98.8 91.4 86.1 78.9 71.3 61.2 52 43.7 34.8 30.3 27.8 23.5 24.4 23.2 23.3 21.1 22.7 24.2 28 33.6
-1.4 -1.4 -1.4 -1.4 -1.4 -1.4 -1.4 -1.4 -1.4 -1.4 -1.4 3.5 2 2.2 0.9 -1.4 -1.4 2.5 5.4 3.9 3.6 3.2 2.6 3.5 3.3 4.4 5.3 6.9 8.2 11 14 13.8 15 15.9 14.6 15.6 16.6 18.2 22.9 35.4 39.8 44.5 61.2 69.8 65.2 77.7 77.1 77.5 82.4 77.1 64.9 64.1 64.2 56 54.5 61 78.5 80.8 81.8 82.9 90.6 87.8 92.7 98.5 97.7 95.2 88.8 82.1 75.2 67.2 62 55.1 43.9 37 32.6 26.7 23.5 21.9 20.8 19.9 20.5 21.4 31.4 36.3 37.8
-1.4 -1.4 -1.4 -1.4 -1.4 -1.4 -1.4 -1.4 -1.4 -1.4 -0.3 2 2 -1.4 -1.4 -1.4 -1.4 -1.4 3.4 -1.4 -1.4 1.4 1.2 1.6 1.9 1.9 2.1 3.6 4.8 5.8 5.9 7.9 10.1 11.4 12 14.2 13.6 13.1 14.3 19.9 26.3 35.9 36.5 38.7 39.2 44.8 54.8 55.3 67.8 62.4 56.5 54.1 54.6 51.1 51.5 51.3 59 69.7 68.7 73.6 78.7 86.3 97.2 103.1 101.6 96.3 89.5 78.5 71.3 65.1 59.5 52 41.8 35.9 33 28.5 24 21.9 20.4 19.6 19.9 20.4 24 32.7 35
-1.4 -1.4 -1.4 -1.4 -1.4 -1.4 -1.4 -1.4 -1.4 -1.4 -1.4 -1.4 -0.1 -1.4 -1.4 -1.4 -1.4 -1.4 -1.4 -1.4 -1.4 -1.4 -0.2 0.4 1 1.6 3 1.9 1.9 2 3.1 4.9 6.6 8.1 10 12.9 14.4 13.5 14.7 13.3 17.4 28.6 32.9 31.5 32.2 34.8 37.1 43 44.8 51.1 49.9 51.1 50.9 50.9 50.9 51.7 55.1 58.9 63 68.8 74 83.7 89.2 90.4 90.5 87.8 82.8 74.6 68.9 62 54.2 43.9 38.3 33.9 30.4 25.9 24.2 22.2 20.2 19.1 19.1 19.3 19.7 21.2 24.8
-1.4 -1.4 -1.4 -1.4 -1.4 -1.4 -1.4 -1.4 -1.4 -1.4 -1.4 -1.4 -1.4 -1.4 -1.4 -1.4 -1.4 -1.4 -1.4 -1.4 -1.4 -1.4 -0.6 0.1 0.9 1.6 1.9 2 2 2 1.9 3 5.8 6.8 8.3 11.6 14.3 14.9 11.9 11.9 17.1 19.9 37.8 42.8 45.1 43.6 74.1 70.9 67.3 65.3 58.8 59.2 56 55 61.8 57.5 55.9 59.5 61.4 62.4 64.1 70.3 76.2 79.3 80.2 79.5 75.6 69.7 62.2 54 44.5 40.3 36.2 29.3 27.6 24.3 23.3 21.4 19.3 18.5 18.9 19.1 22.2 27.4 31.2
-1.4 -1.4 -1.4 -1.4 -1.4 -1.4 -1.4 -1.4 -1.4 -1.4 -1.4 -1.4 -1.4 -1.4 -1.4 -1.4 -1.4 -1.4 -1.4 -1.4 -1.4 0.1 0.1 0.3 1.1 1.8 2 2 2 2 2 3.2 4.9 7.2 8.1 9.7 10.1 10.3 10.5 11.5 14.5 17.5 28.7 38.7 32.6 39.9 73.8 84 79.2 75.4 71.2 70.4 69.9 75.1 72.2 71.6 74.4 79.4 79 66.5 64.7 69.9 74.4 78.5 73.7 73.1 68.3 62.6 53.8 44.5 40.9 37.1 30.3 23.5 22.1 21.5 20.9 21.7 19 18 18.6 22.2 26.8 34.3 37.9
-1.4 -1.4 -1.4 -1.4 -1.4 -1.4 -1.4 -1.4 -1.4 -1.4 -1.4 -1.4 -1.4 -1.4 -1.4 -1.4 -1.4 -1.4 -1.4 1.3 1.9 1.6 1.4 1.4 1.3 2 1.9 2 2 2 3.6 4.6 6 6.8 8.5 10.3 10.5 10.8 10.8 10.5 11.9 14.1 17.4 23.7 25.9 40.2 44.1 71.1 70.1 70.2 80 83.3 78.7 75.6 75 69.6 67.3 72.4 73.7 57.5 57.3 68.2 73.2 64.5 62.3 64.8 58.1 48.5 42.6 40.9 36.4 31 23.3 22.4 24.4 24.3 18.9 18.6 18.2 17.5 17.9 20.8 26.7 33.2 37.6
-1.4 -1.4 -1.4 -1.4 -1.4 -1.4 -1.4 -1.4 -1.4 -1.4 -1.4 -1.4 -1.4 -1.4 -1.4 -1.4 -1.4 -1.4 -1.4 1.5 1 1.5 1.9 1.9 1.9 2.8 2.3 2 1.9 3.4 6.7 7.1 7.9 8.8 9.2 10.7 11 11.3 11.2 10.8 11 12.2 14.5 19.7 25 39 34.5 38.9 54.7 81.1 80.2 82.6 76 68.5 67.1 60 59.6 57.3 58.7 54 47.3 68 66.9 56.4 46.4 50.7 41.9 39.9 38.1 34.2 29.5 24.2 23.7 31.3 34.4 29 18.7 17.6 17 17.1 17.4 19.2 26.5 31.1 35.1
-1.4 -1.4 -1.4 -1.4 -1.4 -1.4 -1.4 -1.4 -1.4 -1.4 -1.4 -1.4 -1.4 -1.4 -1.4 -1.4 -1.4 -1.4 -1.4 -1.4 -1.4 1.1 2 2 1.9 1.9 2.1 2.6 4 5.7 7.6 8.6 9.4 9.5 10.2 11.2 11.5 11.9 11.6 11 10.5 11.5 13.4 21.1 28.6 29.5 32.1 50.7 55.4 67.6 67 69.5 72.6 61.3 58.7 45.7 44.7 39.7 38.4 39.7 41.6 58 55.1 45.4 39.2 36.4 34.7 32.4 28.5 26.3 25.2 32.3 52 57.9 52.6 45.5 30.9 23.9 16.2 16.5 16.9 17.5 22.4 26.2 28
-1.4 -1.4 -1.4 -1.4 -1.4 -1.4 -1.4 -1.4 -1.4 -1.4 -1.4 -1.4 -1.4 -1.4 -1.4 -1.4 -1.4 -1.4 -1.4 -1.4 -1.4 0.7 2 4.6 4.7 2.3 2.7 3.1 5.4 6.7 8 8.8 9.6 9.4 11.4 11.5 11.5 11.8 11.5 11.9 12.3 14.5 16.7 23 26.5 33 31.4 37.2 37.4 41 41.2 42.3 53.4 42.9 41 38.1 34.3 32.3 32.9 31.9 38.6 55 41.7 38.2 35.5 35.1 29.8 28.3 26.4 31.9 37.2 43.1 54.9 50.5 42.7 38.3 35 29.2 16.6 16.2 16.6 17.3 21 23.1 22.3
-1.4 -1.4 -1.4 -1.4 -1.4 -1.4 -1.4 -1.4 -1.4 -1.4 -1.4 -1.4 -1.4 -1.4 -1.4 -1.4 -1.4 -1.4 -1.4 -1.4 5.6 4.8 4.3 4.4 4.4 3.8 3.9 4.2 5.9 6.7 7.9 9 9.5 10 10.6 11 11 11.7 11.3 10.9 11.9 14 15.9 18.3 21.5 26.7 23.4 24.5 25.8 25.7 31 32.9 37.5 37.7 33.3 29.4 28.8 29.9 23.9 27 32.8 37.4 36.1 33.6 33.1 30.7 27 28.9 36.6 41.2 56.3 63.2 63 57.2 41.3 36.3 32.4 35.7 17.6 16.8 16.4 17.4 18.9 20.7 23.1
-1.4 -1.4 -1.4 -1.4 -1.4 -1.4 -1.4 -1.4 -1.4 -1.4 -1.4 -1.4 -1.4 -1.4 -1.4 -1.4 -1.4 -1.4 -1.4 6.6 5.3 4.7 4.3 4 3.9 4.5 4.6 5.5 6.5 7.1 8 9.1 10.9 10.4 10.4 10.3 10.9 11.4 11.9 13.5 15 18.3 17.6 18.3 19.6 19.9 20.2 20.5 20.8 21.9 24.3 26.9 32.4 34.6 28 24.3 24 21.9 20.8 22.3 24.8 25.6 27.4 25.2 24.7 25.9 27.4 29.5 36.7 37.3 44.4 45.8 46.5 41.7 38.1 33.7 34.1 27.2 18 16.9 16.7 17.4 20.1 19.6 20.1
-1.4 -1.4 -1.4 -1.4 -1.4 -1.4 -1.4 -1.4 -1.4 -1.4 -1.4 -1.4 -1.4 -1.4 -1.4 -1.4 -1.4 -1.4 -1.4 3.4 3.4 4.1 4.1 4 4.4 6.1 4.9 6.3 7.2 7.7 8.3 9.7 12.5 12.2 11.5 13.4 12.7 13.2 14.4 15.8 18 17.3 17.7 18.1 20.7 19.4 19.8 20 20.2 20.6 23.7 24.8 23.7 22.3 21.8 20.4 19.6 19.5 18.2 18.1 18 18.5 18.9 20 21.8 23.9 28 44.7 47.7 37.5 45.1 43.7 38.7 35.4 32 30.2 31.2 22.5 20 19.3 19.2 17.9 17.9 16.3 16.3
-1.4 -1.4 -1.4 -1.4 -1.4 -1.4 -1.4 -1.4 -1.4 -1.4 -1.4 -1.4 -1.4 -1.4 -1.4 1.3 0.7 1.2 6 2.2 2.3 3 3.8 3.6 4.1 4.6 5.5 6 7.8 9 9.6 11.6 12.4 13.4 14.4 13.2 13.7 14.1 14 15.1 17 17.5 16.8 18.4 18.4 19 19.2 19.4 19.6 19.8 20.3 20.6 20 19.8 19.1 18.8 17.7 18.1 18.3 16.4 16.3 16.8 17.2 17.7 20.5 24.2 30.5 37 40.2 39.8 45.7 42.4 38.2 33.2 28.4 26.5 26.2 23.7 22.9 23.5 22.8 21.7 22.6 21.8 25.1
-1.4 -1.4 -1.4 -1.4 -1.4 -1.4 -1.4 -1.4 -1.4 -1.4 -1.4 -1.4 1.8 4.1 5.8 6.4 8.3 6.5 7.8 5.3 3.5 3.7 4 4.1 4.4 4.9 5.5 6.3 7.8 9.3 10.9 13 11.7 12.4 12.7 13 13.5 13.9 13.5 15.2 17.6 18.9 20.8 19.4 18.8 18.1 18.3 18.5 18.7 19 19.7 18.1 18.1 18 16.5 15.8 16 16.5 17.2 16.1 16.3 17.3 17.1 18.8 20.7 30.1 36.4 45.4 61.4 58 51.1 43.2 36.6 33.3 32.7 32.2 35.3 28.2 27.1 27.5 29.5 36.1 41.2 43.5 40.6
-1.4 -1.4 -1.4 -1.4 -1.4 -1.4 -1.4 -1.4 -1.4 -1.4 -1.4 -1.4 2.1 7.7 16.9 19.4 14 10.4 9 8 7.5 6.7 5.1 4.9 5.1 5.6 6.6 7.5 9.4 10.9 11.2 11.3 12.5 12.1 12.4 12.8 13.5 13.9 15.8 16.4 16.6 18.1 21.1 18.7 18 17.3 17.3 17.5 17.9 18.2 18.2 17 16.5 16.4 15.3 15.3 15.5 15.8 15.7 16 16.5 18.6 19.4 20.2 25.4 47.2 71.1 76.7 70.6 63.8 58.5 52.5 44.6 37.8 36.3 38.4 36.5 33.5 35.7 36.6 41.7 48 53 51.5 47.5
-1.4 -1.4 -1.4 -1.4 -1.4 -1.4 -1.4 -1.4 -1.4 -1.4 -1.4 -1.4 25.6 30.4 21.9 18.9 14.5 12.5 10.7 9.3 9.3 9.3 7.8 6.7 5.8 6.9 7.8 8.6 10.5 11.2 11.5 11.5 11.6 12 12.2 13.1 14 14.5 13.6 14.1 13.9 13.9 14.1 15 15.5 16.1 16.5 16.8 17.1 17.5 16.8 15.8 15.3 14.9 15 15.2 15.4 15.5 17.9 21.5 20.9 23.8 35.8 34.5 52.4 59.7 70.3 77.7 71.6 69.5 62.2 54 43.5 38.7 37.2 38.3 37.4 36.5 38.9 41.1 45.3 52.5 57.8 61.1 64
-1.4 -1.4 -1.4 -1.4 -1.4 -1.4 -1.4 -1.4 -1.4 -1.4 -1.4 11.5 30.9 25.7 16 11.7 13 13.9 12.1 10.6 9.4 9.2 7.4 5.9 8.2 9.4 8 8.3 11.2 10.9 11 11.3 11.5 11.7 12.4 13.7 14.9 14.9 14.1 13.3 12.8 12.9 13 14.1 14.8 15.3 15.9 16.2 16.5 16.8 15.3 15.5 14.8 16.8 15.5 15.3 15.9 16.8 18.5 20.8 22.3 27.9 34.7 40.2 53.4 60.3 62.9 68.8 64 58.7 60 56.1 45.2 41.9 45.4 41.6 36.5 37.2 39.7 43.1 46.7 53.8 61.1 65.5 70.4
-1.4 -1.4 -1.4 -1.4 -1.4 -1.4 -1.4 -1.4 -1.4 -1.4 -1.4 1.6 7.4 9.1 7.4 7.7 13.4 12.5 11.4 9.5 7.8 7.4 6.5 6 7.6 7.4 6 7.1 9.4 10.7 10.6 10.8 11 11 11.4 12.8 13.2 14 13.5 12.8 12.1 12.2 12.1 13.2 14.1 14.7 15.4 15.7 16 15.8 14.8 16 15.5 15.8 15.2 15.3 15.6 16.1 19.3 20.3 21.6 30.9 39.6 42.5 53.4 58.7 58.6 56.3 58.1 54.4 48.7 48.9 42.9 40.1 40 35.8 36.1 37.7 40.6 44.3 50.6 57.5 65.2 72.3 76.9
-1.4 -1.4 -1.4 -1.4 -1.4 -1.4 -1.4 -1.4 -1.4 -1.4 -1.4 0.9 1.3 1.3 1.9 11.9 13 8.7 7 7 6 3.9 5.5 5.5 4.5 2 3 5.7 7.3 9.8 10.3 10.4 10.5 10.1 10.3 10.6 11.1 12.2 12.5 12.2 11.4 11.6 11.7 12.3 13.4 14 14.8 15.1 15.3 14.7 19.4 26.3 23.3 15.2 15.3 15.5 15.7 15.9 17.1 18.1 17.9 30.3 42.3 41 49.5 51 51.1 47 48.1 45.6 41.9 43.2 40.9 37 36.5 35.5 37.2 37.5 42.2 47.4 54.5 59.1 67.5 73.3 73.3
-1.4 -1.4 -1.4 -1.4 -1.4 -1.4 -1.4 -1.4 -1.4 -1.4 -1.4 -1.4 -1.4 -1.4 0.7 5.8 9.7 5.5 3.4 3.5 5.1 3.6 3 2.2 2 2 2 4.2 5.5 8.3 9.3 9.2 9.2 9 9.5 10.3 10.3 10.9 11.3 10.7 11.5 12.2 12.5 12.7 12.8 13.4 14.2 14.5 14.5 15.9 25.6 28 20.5 16.3 16 16 15.6 15.7 16.9 16.7 16.8 24.3 28.9 38.7 44.1 50.1 49 44 41 39.3 37.7 38 37.5 34.5 35.9 35.6 37.9 44 45.4 48.2 56.6 57 62.9 68.8 73.1
-1.4 -1.4 -1.4 -1.4 -1.4 -1.4 -1.4 -1.4 -1.4 -1.4 -1.4 -1.4 -1.4 -1.4 0.2 3.2 1.9 1.8 0.6 0.6 1.3 2 2 2 2 1.9 2 2 4.1 5.9 7.7 9.7 9.8 9.5 10.1 10.9 10.8 10.8 11.6 12.9 13.5 14.2 13.7 13.9 13.4 13.1 13.3 13.7 14.7 21.2 30.5 32.9 19.9 15.5 20.9 19.4 18.6 17 18.1 16.6 18.3 33.4 37.6 44.3 56.7 58.2 56.6 52.6 44.2 39.8 36.6 38.6 34.3 34.6 35 37.9 38.3 42.8 47.1 47.3 52.4 57.1 62.5 67.4 70
-1.4 -1.4 -1.4 -1.4 -1.4 -1.4 -1.4 -1.4 -1.4 -1.4 -1.4 -1.4 -1.4 -1.4 -1.4 -1.4 -1.4 -1.4 -1.4 -1.4 -0.3 1.6 2 1.9 2 1.9 1.9 2 4.6 6.8 9.1 9.9 10.3 10.3 11.1 12.6 13 14.1 14.5 14.9 15.5 16.3 15.5 15 14.5 13.5 13.4 13.8 14.2 19.8 21.8 20.7 17.5 16.2 21.2 22.7 20.9 20.5 22.4 21.2 30 46.5 51.1 62.8 68.9 68.4 64.4 55.7 45.7 45.1 39.4 34.7 36.2 36.6 40.9 42.2 41.6 40.6 42.7 45.9 52.6 56.1 61.4 66 68.3
-1.4 -1.4 -1.4 -1.4 -1.4 -1.4 -1.4 -1.4 -1.4 -1.4 -1.4 -1.4 -1.4 -1.4 -1.4 -1.4 -1.4 -1.4 -1.4 -1.4 -1.4 0.9 1.9 1.9 1.9 1.9 2 2.6 6.1 7.9 10.2 12 11.6 14.3 13.4 15.3 15.6 18.1 19.7 20.7 19.1 18.7 18.3 17.4 15.3 14.3 14.2 14.2 14.5 14.8 14.8 17 15.7 15.4 19.9 19.5 20.8 23.3 22.6 24.8 26.9 39.7 47.6 63.2 65.3 65.8 61.1 56.1 47.3 43.5 41.1 33 32 35.1 37.9 38 40 43.5 44.8 48.9 52.9 57.7 63.4 67.9 70.2
-1.4 -1.4 -1.4 -1.4 -1.4 -1.4 -1.4 -1.4 -1.4 -1.4 -1.4 -1.4 -1.4 -1.4 -1.4 -1.4 -1.4 -1.4 -1.4 -1.4 0.5 3 6.2 7.2 5.1 2 2 3.6 6.9 10.4 11.8 18.4 21.4 27.5 26 21.2 21 25.7 25 29.6 28.8 25.8 22.9 20.3 17.5 15.4 17.1 16.4 15.4 15.1 14.8 15.4 15.3 15 16.1 16.6 18.6 23.2 22.5 23.2 28 35.3 40.5 55.1 57.4 55.8 52.6 49.4 48.7 40.6 37.8 31.8 31.9 32.1 33.4 36.4 42.1 43.8 50.3 50.8 56.1 62.4 66.9 71.5 74.7
-1.4 -1.4 -1.4 -1.4 -1.4 -1.4 -1.4 -1.4 -1.4 -1.4 -1.4 -1.4 -1.4 -1.4 -1.4 -1.4 -1.4 -1.4 -1.4 0.8 8.1 18.9 22.5 21.2 13.1 6.5 3 4.7 7.3 12.3 15.5 22.2 34.3 32.3 32.6 37.5 33.6 31.1 34.1 34.3 31.7 26.3 26 25.3 19.5 19.5 19.4 16.9 15.6 15.3 15 15.6 20.1 15.6 16.2 16.3 16.9 23 22.9 24.2 32.2 35.2 41.3 53.2 55.7 55.4 52.1 49.1 43.7 39.8 36 31.6 37.4 31.4 32.4 35 36.7 39.4 46.6 54.4 62.6 71.8 74.8 76.1 78.6
-1.4 -1.4 -1.4 -1.4 -1.4 -1.4 -1.4 -1.4 -1.4 -1.4 -1.4 -1.4 -1.4 -1.4 0.5 1.7 4.3 1.8 1.9 8.2 6.9 19.1 30.2 29.7 21.8 14.4 12.7 11.6 11.3 16.4 26.5 28.3 31.8 37.3 49.9 50 41.5 43.1 36.9 33.7 31.4 31 27.5 23.9 21.9 19.2 18.1 17 16.1 15.5 17.1 17.9 17.8 19.9 21.3 19.1 20.5 22.6 23.3 29.1 32.1 34.9 46.8 55.2 54.1 52.2 50.2 49.8 41.3 38 34.4 31.4 36.1 31.7 32.1 32.8 34.4 49.5 60.5 66.8 80.8 88.5 84.6 78.8 80.2
-1.4 -1.4 -1.4 -1.4 -1.4 -1.4 -1.4 -1.4 -1.4 -1.4 -1.4 -1.4 -1.4 -1.4 1.1 15.6 31.8 27.8 15.2 11.8 15.1 17.2 32.8 30.9 20 17.2 15.2 13.3 14.6 19.8 32.2 32.2 35 36.8 37.4 46.7 47.1 48.7 41.7 38.3 35.5 32.1 25.4 22.9 21.5 18.8 18 16.9 19.7 22.1 24.3 29.5 30.8 33.1 31.2 29 29.3 27.5 31.9 34.2 32.9 33.2 52.5 55.5 54.7 58.1 54.9 45.3 41.4 39.5 32.6 30.1 33.2 31.6 31.4 35.8 46 56.8 62.9 76.7 86.8 85.6 77.9 75.9 79
