webserver/python/data/NR56.asc
ncols 200
nrows 200
xllcorner 150000
yllcorner 660000
cellsize 50
[rows 0 to 37 of 200, columns 0 to 84 of 200]
542.1 550 546.5 539.2 524.3 510.3 495.2 474.2 452 443.3 438.4 431.7 430.2 420.5 415.2 406.6 401.3 376.8 351 325.2 308.5 293.7 278.6 263.1 250.8 240.6 231 221.2 212 204.8 206.7 203.4 199.1 197 194.4 196.3 198.7 200.6 202.4 198.3 190.7 180.5 179.4 179.5 178.3 177.5 174.9 173.1 176.3 172.5 161.8 147.9 137.3 127.7 117.3 109.4 104.7 99 91 82.5 75.3 67.2 58.4 52.7 47 42.3 33.6 25.2 16.4 7.6 2.2 -0.1 -0.1 -0.1 -0.1 -0.1 -0.1 -0.1 -0.1 -0.1 -0.1 -0.1 -0.1 -0.1 -0.1
558 557.8 548 538 528.2 512.5 492.5 468.7 458.8 455.5 452.4 444.7 433 424.2 414.8 399.2 382.7 359.6 334.9 314.3 294.8 283.9 269.7 255.7 241.9 229.5 219.6 211.6 203.6 193.8 190 187 184.7 184.3 185.2 188.4 191.5 193.2 191.9 190 181.5 179.5 180.4 176.3 172.8 172.7 173 175.8 178.1 172.4 162.6 152.2 145.1 134 121.2 110.7 105.9 102.8 94 83.8 73.6 65.1 56.6 50.8 45.1 40.6 33 23 12 4.2 -0.1 -0.1 -0.1 -0.1 -0.1 -0.1 -0.1 -0.1 -0.1 -0.1 -0.1 -0.1 -0.1 -0.1 -0.1
555.9 555.2 549.7 534.2 522.9 508.1 485.4 467.9 467.8 464.5 463.4 453.2 439.3 418.3 410.7 387 367.5 343.4 320.7 302.5 287.2 275.1 261.9 246.5 230.1 217.6 208 200.2 192.5 187 178.7 171.2 170.3 173 176.5 180.7 183.9 184 183.3 182.1 176.1 180.1 183.8 177.2 169.8 168.9 172.7 176.3 174.3 169.7 162 156.8 154.6 140.3 124.8 112 105.4 101.1 93.3 82.4 71 62.4 53.4 48.4 43.2 38.2 30.7 19.9 9.4 -0.1 -0.1 -0.1 -0.1 -0.1 -0.1 -0.1 -0.1 -0.1 -0.1 -0.1 -0.1 -0.1 -0.1 -0.1 -0.1
539.4 537.7 531 525.8 516.1 498.9 477.5 475.3 479.1 476.4 465 451.1 428.4 402.9 389.6 375 357.4 333.4 310.2 292.8 280.4 267.9 254.8 235.1 213.7 201.5 193.6 184.9 179 173.3 164.3 156.3 157.1 160.9 166.5 168.5 171.9 174 175.6 174.2 170 174 177.7 175.1 167.8 168.1 172.3 172.1 169.4 164.8 160.2 156.8 149.4 138.9 120.4 110.1 102.7 97.2 89.6 80.3 69 59.9 50.5 45.6 40.7 35.7 25.5 18.7 4.5 -0.1 -0.1 -0.1 -0.1 -0.1 -0.1 -0.1 -0.1 -0.1 -0.1 -0.1 -0.1 -0.1 -0.1 -0.1 -0.1
529 526.7 521.5 515.1 503.4 487.3 467.8 468.4 473.5 470.2 458.1 432.8 410.2 387.4 372.2 362.3 344.9 319.5 300.1 285.9 270.1 257.1 239.8 220.9 200.3 186.6 177.9 171.7 165.3 160.6 145.1 139.8 143.2 148.7 153.8 156.9 162.4 164.9 167.1 168.1 168.6 172.5 172.1 169 166.1 167.4 170.6 169.6 164.6 159.4 156.2 151.2 141.1 127.4 114.9 105.7 98.5 92.4 85.1 76.6 67.3 58.2 47.8 42.9 38.1 31.8 24.4 8.8 2.3 -0.1 -0.1 -0.1 -0.1 -0.1 -0.1 -0.1 -0.1 -0.1 -0.1 -0.1 -0.1 -0.1 -0.1 -0.1 -0.1
521.7 516.7 507.6 500 489.9 473.6 461.6 462.9 463.5 455.9 447 423 395.4 380.8 361.5 344 327.7 306.2 290.8 275.3 260.7 248 231.4 210.3 190.4 177.3 170.4 163.8 157.4 146.7 131.9 131.2 131.5 138.6 143.2 147.8 152.7 156.2 158.7 160.3 168 172 168.8 165.9 165.9 169 171.4 168.5 165.7 155 149.3 141.5 131.5 118.9 110.3 102 94.2 87.3 81.6 74.8 65.5 56.2 46.7 40.6 35.6 29.5 21.2 6 -0.1 -0.1 -0.1 -0.1 -0.1 -0.1 -0.1 -0.1 -0.1 -0.1 -0.1 -0.1 -0.1 -0.1 -0.1 -0.1 -0.1
512.5 506.5 492.9 479.7 474.2 458.5 454.8 453.3 454.8 445.6 439.9 407.6 380 370.4 350.1 331.9 314.8 292.1 277.6 260.3 253.9 238.5 222.9 203.4 184.3 171.4 163.5 157.2 148.2 132.1 126.9 125.4 127.4 131.7 136.2 140.9 144.2 147.6 150.4 155.2 162.5 166.2 166.4 166.7 170.2 172.3 174.4 172.1 167.7 155.8 143.3 132.7 122 112.7 106.5 97.9 89.9 84.4 78.3 70.6 61.5 54 45.1 38.4 31.5 23.9 13 3.3 -0.1 -0.1 -0.1 -0.1 -0.1 -0.1 -0.1 -0.1 -0.1 -0.1 -0.1 -0.1 -0.1 -0.1 -0.1 -0.1 -0.1
491.9 493.4 475.8 463.1 452.8 446.2 444.2 440.8 438.9 426.8 413 385.6 359.2 346.7 335.9 316 293.7 274.6 263.7 254.6 246.2 232.7 216 198.7 181.4 166.3 156.9 148.6 138.2 130 126.8 125.5 121.7 125.6 128.7 131.7 135.6 139.4 143.3 147.8 153.1 156.6 164.4 172.4 175.6 179.2 178.7 176.4 164.8 155.9 142.8 126.1 115.3 106.4 100.2 91.5 85.6 79.8 74.3 66.1 57.7 50.9 42.3 36.4 27.3 20.7 11.9 2.2 -0.1 -0.1 -0.1 -0.1 -0.1 -0.1 -0.1 -0.1 -0.1 -0.1 -0.1 -0.1 -0.1 -0.1 -0.1 -0.1 -0.1
477.1 471.3 457.8 442.5 431.6 432.8 426.5 420.2 422.6 412.7 396 368.6 344.7 329.4 317.8 302.1 276.7 265.1 257.8 249.8 240.1 228 214.1 199.4 182.9 166.2 161.1 149.2 138.8 131.6 128.1 124.9 120.9 118.9 122.6 124.6 127.7 132 136.2 139.9 143.7 148.5 158.1 168.3 174.1 173.2 176.6 174.6 162 153.3 140.7 122.2 109 101.3 93.4 87.2 81.4 75.5 69.7 62.4 55.6 48.5 40.4 33.3 24.2 19.3 9 -0.1 -0.1 -0.1 -0.1 -0.1 -0.1 -0.1 -0.1 -0.1 -0.1 -0.1 -0.1 -0.1 -0.1 -0.1 -0.1 -0.1 -0.1
463.6 456.7 435.4 425.8 415 411.4 412.4 405.8 406.7 397.4 380.9 355 329.7 314.3 305.2 288.9 271.7 262.5 253.1 245.2 237.2 226.1 213.5 201.7 187.6 178.8 168 155.6 145.6 137.1 131.7 125.2 120.1 113.6 116.5 118.4 120.4 123.2 127.3 130 133.8 138.7 145.8 155.7 160 162.7 165.4 165.5 162.2 154.9 136.3 115.1 102.1 94.6 88.3 82.8 76.9 71.1 65.3 58.8 53.5 46 36.2 29.9 22.5 17 4.9 -0.1 -0.1 -0.1 -0.1 -0.1 -0.1 -0.1 -0.1 -0.1 -0.1 -0.1 -0.1 -0.1 -0.1 -0.1 -0.1 -0.1 -0.1
442.1 426.7 415.1 405.6 397.3 395.1 396.8 391.1 388.7 380.1 369.1 341.5 319.4 306.2 294.7 277.1 266 258 250.3 243.1 234.7 224.5 215.1 204.9 195.2 185.2 173.7 161.3 150.4 142 131.4 124.7 118.4 111.5 108.8 112.1 114.1 116.2 118.2 120.6 123.9 128.7 135 140.4 144 147.2 151.9 160 157.1 143.4 122.1 105.5 95.4 89.2 83.3 78.4 72.6 66.7 60.7 52.2 48.1 41.9 33.6 26.4 19.7 14.1 3.7 -0.1 -0.1 -0.1 -0.1 -0.1 -0.1 -0.1 -0.1 -0.1 -0.1 -0.1 -0.1 -0.1 -0.1 -0.1 -0.1 -0.1 -0.1
419.7 409 392.2 386.4 383.4 383.6 383.6 381.6 372.9 362.3 351.5 327.9 311.8 297.9 282.9 271 260.2 253.6 247.2 240.2 233 224.2 215 208.6 202.1 193.9 182.9 168.5 153.8 145.4 139.2 132.7 125.5 116.2 104.8 105.2 106.8 108.5 110 112.4 115.3 119.8 122.3 124.8 128.7 133.5 138.6 142.7 139.8 129.4 109.5 99 89.1 83.1 78.2 73.7 67.9 61.6 52.9 47.7 43.6 38 30.4 22.8 17.6 12.2 4.1 -0.1 -0.1 -0.1 -0.1 -0.1 -0.1 -0.1 -0.1 -0.1 -0.1 -0.1 -0.1 -0.1 -0.1 -0.1 -0.1 -0.1 -0.1
392.8 381.5 372.9 372.4 369.8 368.1 372.2 366.8 357.1 343.3 337.8 318.7 306.5 288.7 276.2 265 256.6 250.2 245.1 239.1 231.1 223 216.4 211.2 205.8 198.1 189.3 178.3 167.2 155.7 146.3 138.7 130.4 122.2 112.6 101.1 100.6 99.9 101.7 104.1 107 111.3 111.1 113.9 116.2 118.6 121.5 125 123.1 113.1 100.8 94.3 87.9 78 72.1 68.3 62.8 54.9 47.7 43.2 38.6 31.8 25.1 20.2 15.3 10.4 2.5 -0.1 -0.1 -0.1 -0.1 -0.1 -0.1 -0.1 -0.1 -0.1 -0.1 -0.1 -0.1 -0.1 -0.1 -0.1 -0.1 -0.1 -0.1
369.1 359.9 358.4 360 356 353.4 353.3 348.9 340.4 336.3 328.3 313.1 299.4 283.4 271 261.2 253.8 247.1 244 240.3 231.3 222.5 217.5 212.6 205.6 199.8 193.6 184.9 174.8 163 152 142.8 134.4 126.3 117.4 107.7 103.3 99 98.1 96 100 100.7 100.9 103.2 104.7 105.1 106.3 111.2 107.1 99.1 94.8 90.2 83.3 73.2 66.6 62.9 57.2 47.1 42.5 37.9 31 26.2 22.7 17.6 13.1 9.2 -0.1 -0.1 -0.1 -0.1 -0.1 -0.1 -0.1 -0.1 -0.1 -0.1 -0.1 -0.1 -0.1 -0.1 -0.1 -0.1 -0.1 -0.1 -0.1
355.4 348.6 347.1 346.3 341.8 336 335.9 335.5 334 325.4 311.4 305 294.7 281.6 269.3 260.2 252.9 245.3 241.9 235.5 229.1 222.8 218.5 213.9 208.5 202.7 196.2 187.9 179 169.4 157.9 147.1 138.5 127.3 116.9 112.3 109.2 104 99.4 92.3 87.3 96 97.2 95.9 95.8 93.6 94.4 96 93.8 91 89.3 85.4 78.5 68.2 61.4 57.1 50.9 42 38.7 33.1 25.8 21.3 17.9 13.7 9.7 5.3 -0.1 -0.1 -0.1 -0.1 -0.1 -0.1 -0.1 -0.1 -0.1 -0.1 -0.1 -0.1 -0.1 -0.1 -0.1 -0.1 -0.1 -0.1 -0.1
343.5 340 336.9 335.8 329.5 326 327.1 327.1 321.5 311.6 301.7 299 293.1 281.1 271.3 262 252.8 245.2 240.6 235.6 231.4 225.8 222 217 209 202.5 194 185.7 178.6 170.6 162.2 150.2 135.9 128.1 125.1 117.7 111.5 104.5 95.1 93.5 89.2 81.7 92.6 93.4 92.2 88.8 82.9 84.3 82.9 82.1 82.7 80.3 72.1 61.4 56 51.3 43.3 38.7 34.8 28.6 23.3 19.7 14.6 10.6 6.7 3.2 -0.1 -0.1 -0.1 -0.1 -0.1 -0.1 -0.1 -0.1 -0.1 -0.1 -0.1 -0.1 -0.1 -0.1 -0.1 -0.1 -0.1 -0.1 -0.1
339.9 339 331.8 326.3 320 317.6 315.2 310.4 305.1 298.9 295.9 291.6 284.8 278.4 271.7 263.2 253.2 248.3 242.8 240.6 236.9 231.1 227.4 221.3 210.6 199.1 189.9 182.4 175.8 169 161.6 149.6 140.3 136.5 128.6 121 113.8 102.1 103.6 98.8 91.2 83.3 74.7 87.7 89.3 89.1 83.3 73.4 73.2 73.9 77.9 74 66.6 56.3 50.2 45 38.8 35.2 30.2 25.6 21 16.3 12.3 8.3 5.2 2 0.6 -0.1 -0.1 -0.1 -0.1 -0.1 -0.1 -0.1 -0.1 -0.1 -0.1 -0.1 -0.1 -0.1 -0.1 -0.1 -0.1 -0.1 -0.1
344.5 335.8 329.2 308.3 305 303.3 300.4 296.8 290.8 287.7 286.2 282.4 278.5 276.4 270.5 259.6 253.5 249.1 245.4 242.4 237.7 233.3 226.8 215.6 205.7 194.3 185.3 178.3 172.1 165 156.9 150.8 142.1 137.5 131.1 123.6 107.8 111.8 107.3 100.8 93.3 86.2 75.7 79.4 84.4 86 83.6 75.4 64 68.4 72.8 68.5 60.3 51.6 45.3 40.2 34.8 31.1 26.7 22.3 17.6 13.8 10.1 6.5 3.9 0.9 0.5 -0.1 -0.1 -0.1 -0.1 -0.1 -0.1 -0.1 -0.1 -0.1 -0.1 -0.1 -0.1 -0.1 -0.1 -0.1 -0.1 -0.1 -0.1
343.6 330.5 313.8 297.3 290.6 288.2 286.4 283.4 281.7 280.4 278.8 276.1 273.5 271 263.3 256.9 253.5 250 248.3 242.8 236.1 228.1 219.3 210.5 200.3 189.6 180.5 173.6 166.7 160.3 154.7 149.2 143.8 137.7 132.1 119.5 122.7 116.3 109.5 102.3 96.1 88.7 79.7 67.2 77.6 82.1 81.4 74.7 62.2 61.1 65.6 63.3 54.6 47 40.6 35.2 30.7 27 23.3 19.2 15 11.4 7.9 4.9 2.3 0.8 0.5 0.1 -0.1 -0.1 -0.1 -0.1 -0.1 -0.1 -0.1 -0.1 -0.1 -0.1 -0.1 -0.1 -0.1 -0.1 -0.1 -0.1 -0.1
335.8 319.6 301.6 291.9 288.4 282.2 276.3 274.6 273.9 272.5 271.4 270 267.8 263.8 258.9 254.6 253 252.5 250 240.2 231.1 224.5 215.2 203.8 193.3 184.8 175 168.5 165.4 160 154.3 148.5 143.5 137.5 125.8 129.3 126.4 120.7 113.6 107.9 103.9 97.6 89.5 77.8 60 69.6 78.6 72.5 59.6 54.7 59.9 59.2 52.5 45.2 36.9 31.6 27.9 24 20 16 12.9 9.4 6 3.1 0.8 0.4 0.3 -0.1 -0.1 -0.1 -0.1 -0.1 -0.1 -0.1 -0.1 -0.1 -0.1 -0.1 -0.1 -0.1 -0.1 -0.1 -0.1 -0.1 -0.1
328.2 313.5 304.6 298.2 291.1 280.8 272.8 266 264.2 263.9 263.5 263 259.9 254.9 253.1 251.7 251.7 251.3 244.1 234.9 225.4 219.7 211.4 200.7 190.2 180.4 175.2 171.6 152.9 159.7 154.8 138 134 134.3 135.9 132.5 128.4 122.7 117.4 112.4 108.1 105 97.7 88.3 65.8 56.2 70.3 69 56.9 50.4 53.8 54 49.1 43.2 34.4 29.9 26.3 22.5 18.1 14.1 10.9 7.8 4.7 1.5 -0.1 -0.1 -0.1 -0.1 -0.1 0 -0.1 -0.1 -0.1 -0.1 -0.1 -0.1 -0.1 -0.1 -0.1 -0.1 -0.1 -0.1 -0.1 0.1 -0.1
334.5 325.6 315.4 303.5 290.9 276.2 268.9 262.2 254.3 254.1 253.9 253.1 247.6 247.5 247.4 246.5 245.7 241.2 237 228.7 221.1 214.4 205.5 196.7 187.2 179.4 175.7 165.5 160.7 156.9 152.9 148.8 148.5 144.4 140.4 135.4 130.3 123.7 118.1 113.6 110.5 107.4 101.7 89.9 73.8 54.2 60.8 66.1 55.2 48.1 47.1 48.3 45.7 41 33.6 28.5 24.9 21.2 16.4 12.3 9.6 6.5 3.4 -0.1 -0.1 -0.1 -0.1 -0.1 -0.1 -0.1 -0.1 -0.1 -0.1 -0.1 -0.1 -0.1 -0.1 -0.1 -0.1 -0.1 -0.1 -0.1 -0.1 1.7 -0.1
352.2 340.5 322.5 308.6 290.7 278.8 264 255.6 250.2 245.3 243.1 237 238.1 240.1 240.7 238.5 233.9 230.1 226.1 220 214.9 210.8 201.6 193.1 184.8 178.2 168.7 162.9 171.3 166.9 163.2 160 156.7 152.2 146.4 140.7 132.6 126 119 113.8 108.4 105.6 102 93.4 78.3 58.7 52.2 53 55.1 46.2 42.2 42.5 41.5 38.4 31.2 27.3 23.7 18.6 13.2 11 9.5 6.2 2.5 0.5 -0.1 -0.1 -0.1 -0.1 -0.1 -0.1 -0.1 -0.1 -0.1 -0.1 -0.1 -0.1 -0.1 -0.1 -0.1 -0.1 -0.1 -0.1 1.3 2.3 2.3
370.5 351.2 329.9 317.7 299.5 278.1 262.3 250.8 242.5 237.3 231.6 229.3 232.7 234.1 233.7 231.9 226.1 221.8 218.5 214 210.2 205.8 197.8 185.8 177.6 171.8 181.3 183.5 182.2 178.8 177.7 168 162.7 162.4 153.5 150.4 140.9 131.3 123.8 116.4 109.5 102.1 98 93.7 79.9 62 51.6 45.3 53.5 46.2 37.1 36.8 36.9 33.8 27.7 25.5 21.5 16.4 13.8 11.3 9.1 6 2.5 0.8 -0.1 -0.1 -0.1 -0.1 -0.1 -0.1 -0.1 -0.1 -0.1 -0.1 -0.1 -0.1 -0.1 -0.1 -0.1 -0.1 -0.1 -0.1 2 2.7 1.2
370.6 357.4 344.7 324.7 299.4 284.4 269.2 251.7 240.3 233 230.6 227.9 228.7 226.6 226.8 225.4 219.6 215.4 212.2 208.3 205.7 200.4 189.6 176.1 180.5 189.8 193.5 193.4 194.3 192.1 187 177.3 167.7 167.1 163.6 158 149.2 136.8 128.4 122.8 116.3 106.1 96.5 87.5 77.3 65.6 52.2 45.5 39.6 41.6 36.4 32.3 30.3 28.3 25.3 23.7 20.3 15.7 12 10.6 8.3 5.5 3.3 -0.1 -0.1 -0.1 -0.1 -0.1 -0.1 -0.1 -0.1 -0.1 -0.1 -0.1 -0.1 -0.1 -0.1 -0.1 -0.1 -0.1 -0.1 1 1.6 1.6 -0.1
368 354.1 333.9 316.1 300.2 282.3 268.5 257.2 245.7 235.4 231.9 229.7 226.7 224.7 221.6 217.7 213.9 210.3 207.7 206.4 203.8 195.5 185.3 194.9 198.6 202.3 202.8 201 202.1 197 193.7 186 177.1 168.2 168.1 161.3 156.7 141.7 133.7 129.8 120.6 110.5 101.3 89.9 81.1 68.1 59.6 45.2 38.4 35.4 31.2 29.2 28.7 21.8 22.6 20.1 14.8 12.2 11.3 9.4 7.1 5.3 2.9 -0.1 -0.1 -0.1 -0.1 -0.1 -0.1 -0.1 -0.1 -0.1 -0.1 -0.1 -0.1 -0.1 -0.1 -0.1 -0.1 -0.1 -0.1 -0.1 0.9 -0.1 -0.1
357.6 338.9 328.1 317.1 300 278.3 266.6 251.4 239.7 239.3 237.6 238 235.5 232.6 228.6 225.5 225.7 223.8 222.3 216.8 206.1 206.5 209.7 210.4 209.2 207.9 205.2 206.3 203.9 198.8 198.3 191.6 177.9 169.6 168.2 160.6 151.3 143.9 138.7 133.7 126.9 117.7 107.8 93.5 80.8 72.5 61.5 55.2 48.3 44.6 34.7 29.1 24.2 24.7 22.2 16.6 17.2 15 12.3 12 8.4 5.4 2.8 1.1 -0.1 -0.1 -0.1 -0.1 -0.1 -0.1 -0.1 -0.1 -0.1 -0.1 -0.1 -0.1 -0.1 -0.1 -0.1 -0.1 -0.1 -0.1 -0.1 -0.1 -0.1
355 341.1 329 316 297.7 284.2 268.7 248.2 254.9 255.1 253.5 252.2 248.9 245.6 244.1 239.8 239.8 239.8 223.5 214.1 216.5 221.5 220.9 220 212.2 208.8 211.4 208.6 204.4 200.8 202.3 190.2 176.6 169 164.4 161.4 161.7 148.7 139.1 133.3 136.4 122.8 106.9 94.5 80.3 73.9 66.4 54.3 49.5 44.2 32.3 30.8 29.5 25.1 22 19.7 17.6 15.4 14.6 18.2 11.5 5.4 3.2 -0.1 -0.1 -0.1 -0.1 -0.1 -0.1 -0.1 -0.1 -0.1 -0.1 -0.1 -0.1 -0.1 -0.1 -0.1 -0.1 -0.1 -0.1 -0.1 -0.1 -0.1 -0.1
353.9 338.7 324.9 313.3 300.7 287.9 270.7 271.8 275.3 276.3 274.1 269.6 266.5 263.7 262.5 254.9 250.2 230.6 225.4 226.1 228.6 226.8 224.8 220.1 214.2 219.1 214.3 211.3 209.6 202.5 197.2 187.9 175.6 170.7 161.9 159.6 155.5 149 146 138.6 129.5 116.5 105.3 91 79.9 75.6 68.3 57.9 47.3 41.3 32.6 30.5 28.4 24.4 21.1 19.2 17.3 15.8 17.3 20.6 10.8 5.5 3.6 -0.1 -0.1 -0.1 -0.1 -0.1 -0.1 -0.1 -0.1 -0.1 -0.1 -0.1 -0.1 -0.1 -0.1 -0.1 -0.1 -0.1 -0.1 -0.1 -0.1 -0.1 -0.1
353.1 338.8 328 316.9 305 291 279.1 296.7 294.3 293.3 290.9 287.8 288.5 279.7 272.7 262.1 245.5 238.7 236.2 238.3 235.9 229 233.7 229.9 222.4 225.8 227.6 218.6 208.6 199.4 191.8 182.6 179.4 167.4 158.6 158.3 158 150 150.7 136.3 124.2 111 99.2 87 78.9 76.3 69.2 59.3 47.6 38.1 31.2 29.1 27 22.7 19 17.1 16.5 17.7 21.8 22.7 8.4 6.2 0.9 -0.1 -0.1 -0.1 -0.1 -0.1 -0.1 -0.1 -0.1 -0.1 -0.1 -0.1 -0.1 -0.1 -0.1 -0.1 -0.1 -0.1 -0.1 -0.1 -0.1 -0.1 -0.1
348.4 339.4 330.9 319.9 311.6 291.4 306.5 305 309.6 312.2 311.1 309.9 301.7 290 274.7 261.7 252.7 250 246.5 242.4 235.2 232.8 234.1 232.8 231.8 230 224.5 216.4 206.4 195.3 183.7 177.1 169.1 162 155 156.5 154.7 144.8 139.7 128.9 116.2 104.6 93.5 81.8 74.3 74.4 69.2 59.2 47.7 35.1 30.9 27.9 25.5 20.8 16.6 15.9 15.8 16.9 20.1 19.8 8.5 4.3 -0.1 -0.1 -0.1 -0.1 -0.1 -0.1 -0.1 -0.1 -0.1 -0.1 -0.1 -0.1 -0.1 -0.1 -0.1 -0.1 -0.1 -0.1 -0.1 -0.1 -0.1 -0.1 -0.1
351.2 343.5 333.9 327.8 304.6 320.5 317.4 318 325.3 329.3 326.2 323.5 306.9 295.1 284.5 274.3 263 259.5 256.3 245 239.6 237.4 237.1 234.8 235.1 233.5 227.2 216.4 203.4 187.3 173.9 168.4 164.3 157.2 153.4 150.2 144.6 138.3 130.6 120.5 108.7 99.2 88.7 77.6 68.8 70.7 66.7 58.6 47.6 34.8 30.4 29.6 23.5 18.2 15.7 15.1 14.7 16.1 19.1 16.3 5.9 1.7 -0.1 -0.1 -0.1 -0.1 -0.1 -0.1 -0.1 -0.1 -0.1 -0.1 -0.1 -0.1 -0.1 -0.1 -0.1 -0.1 -0.1 -0.1 -0.1 -0.1 -0.1 -0.1 -0.1
351.5 343.8 335.9 321.6 328.7 328.5 331 333.9 339.2 342 332.1 318.3 309.2 303.3 297 290 277.6 269 260.5 260.4 250.7 246.4 246.4 238.8 235.4 234.6 229.4 211.3 195.5 183.2 177 168.9 163.7 157.6 151.9 144.3 138 132.7 120.6 113.1 103 95.6 87.9 76.5 63.5 64.7 61.3 54.5 45.7 33.6 30.3 27.8 21.9 17.5 15.2 14.4 13.5 15.3 18 8.8 5 0.8 -0.1 -0.1 -0.1 -0.1 -0.1 -0.1 -0.1 -0.1 -0.1 -0.1 -0.1 -0.1 -0.1 -0.1 -0.1 -0.1 -0.1 -0.1 -0.1 -0.1 -0.1 -0.1 -0.1
348.4 341.2 337 336.3 337.7 339.7 345.2 347 351.4 346.7 341.3 335.8 322.1 311.8 296.6 290.9 280 277.8 274.9 269.4 260.9 255.2 250.4 240.6 236.6 232.5 222.2 203.4 184.7 178.3 170.3 168.2 166.6 160.6 150.3 139 133.3 124.1 117.9 110.1 97.4 90.5 84 74.4 61.6 57.3 54.8 50.3 42.7 32.8 28.8 26.1 21.6 17.8 16 14.5 13.5 11.8 16.2 6.1 4.1 -0.1 -0.1 -0.1 -0.1 -0.1 -0.1 -0.1 -0.1 -0.1 -0.1 -0.1 -0.1 -0.1 -0.1 -0.1 -0.1 -0.1 -0.1 -0.1 -0.1 -0.1 -0.1 -0.1 -0.1
352.5 346.4 340.4 342.1 345.8 352.6 355.1 357.7 357.4 354.8 349.4 341.4 334.3 308 293.6 287.2 286.9 288.4 280.9 270.1 261.7 258.5 257.2 248 236.4 223 203.6 188.9 177.5 171.4 166.7 166 163.1 157.4 153.4 144.3 133.4 122.5 114.3 102.4 91.7 87.3 78.7 70.3 58 50.6 48.7 44.6 40.6 32.3 28.1 24.7 21.2 18.6 17 15 14.7 11.7 10.6 5.7 2.6 -0.1 -0.1 -0.1 -0.1 -0.1 -0.1 -0.1 -0.1 -0.1 -0.1 -0.1 -0.1 -0.1 -0.1 -0.1 -0.1 -0.1 -0.1 -0.1 -0.1 -0.1 -0.1 -0.1 -0.1
358.8 350.6 348.6 350.9 356.8 360.9 364.5 368.3 370.1 353.5 342.9 338.3 323 297.1 290.4 289.5 289.7 285.9 279.7 269.3 263.3 259.8 259.9 251.4 234.3 214.9 196.1 182.5 173.5 167 164.1 161.8 157.6 155.7 152.6 149.7 138.1 121.9 108.8 98.9 89.9 86.6 76.3 63.7 53.1 45.3 41.7 36.2 33.9 31.3 30.7 27.6 22 19 16.5 15.7 14.6 12.3 8 4.4 1.3 -0.1 -0.1 -0.1 -0.1 -0.1 -0.1 -0.1 -0.1 -0.1 -0.1 -0.1 -0.1 -0.1 -0.1 -0.1 -0.1 -0.1 -0.1 -0.1 -0.1 -0.1 -0.1 -0.1 -0.1
361.7 357.2 358.8 363.9 368.8 369.3 372.6 375.7 365.6 351 334.9 322.2 306.4 297.6 292.1 292.5 293.6 285.5 277.5 265 260.8 257.7 252.8 241 231.1 213.7 194.8 179.4 170.8 165.5 163.8 156.5 153.6 153 152.5 148.3 135.4 119.6 104.3 93.5 85.3 82.7 72.8 61.7 50.6 43.3 45.3 45.3 40.4 38.7 35.3 28.8 22.9 19 17.2 15.8 14.2 10.8 6.8 3.8 -0.1 -0.1 -0.1 -0.1 -0.1 -0.1 -0.1 -0.1 -0.1 -0.1 -0.1 -0.1 -0.1 -0.1 -0.1 -0.1 -0.1 -0.1 -0.1 -0.1 -0.1 -0.1 -0.1 -0.1 -0.1
373.5 368.7 370.6 373.2 379.8 391.8 384.4 374.3 362.3 340.5 326.8 312.5 300.4 299 292.6 294.7 293.1 281.3 271.7 261.4 255.2 250.7 248.8 244.2 236.3 217.2 191.5 176.6 170 164.4 158.6 152.9 151.1 149.9 148.1 142.7 129.7 113.8 100.9 89.3 82 80.8 72.7 59.4 49.9 52 52.4 50.8 47.4 46 41.3 32 24.1 20.1 18.4 16.6 12.7 8 5.1 3 -0.1 -0.1 -0.1 -0.1 -0.1 -0.1 -0.1 -0.1 -0.1 -0.1 -0.1 -0.1 -0.1 -0.1 -0.1 -0.1 -0.1 -0.1 -0.1 -0.1 -0.1 -0.1 -0.1 -0.1 -0.1
