webserver/python/data/NR69.asc
ncols 200
nrows 200
xllcorner 160000
yllcorner 690000
cellsize 50
[rows 72 to 107 of 200, columns 81 to 161 of 200]
60.4 73.2 81.9 71.1 50.1 25.9 15.3 12.5 11.8 11.2 19.9 31.9 23.7 22.1 23.7 31.7 35.4 38.6 55.5 64.8 77 83.9 102.7 107 111.4 107.2 117 137.9 145.9 152.3 148.5 152.7 145.5 147.2 148.5 141.4 136.7 149.4 155.1 155.1 161.2 156.6 157.7 155.4 157 148.7 139.1 123 119.1 119.3 118 122.7 126.9 133.6 133.7 126.9 122.6 128.2 149.6 147.6 149.1 156.5 169.6 173.3 183.6 201.3 211 218.1 227.2 231.9 226.7 224.8 223.7 224.8 219.4 219.1 226 228.6 223.1 212.8 202.5
63.8 67.7 82.8 69.2 50.1 28.4 17.8 13 12.4 12.6 26.7 27 21.6 20.6 22.1 23.5 30.5 34.2 50 59.8 64.1 70.3 85.6 96.3 94.6 95.4 113.5 126.9 135.2 133 134.5 133.2 134.3 137.2 136.1 127.4 126.8 142.7 148.4 158 160.5 157.3 155.1 155.3 164.8 147.7 134.7 120.5 117 117.6 118.7 121.7 124.2 128.4 136.6 126.5 120.7 121.2 136.5 139.7 146.5 165.3 179 183.5 193 210.4 221.7 225.9 232.7 238.6 232.3 229.8 228.9 232 225.1 219.3 222.1 222.4 216.7 206.1 197.7
68.6 67.9 64.4 56.2 51.9 34.3 22 13.6 12.4 17.9 22.7 22.2 20 19.7 20.9 21.9 24.5 30.5 41.3 57.9 62.4 75.9 80.5 90.9 81.9 97.8 107.4 115.6 126 118.6 121.2 113.5 121.1 118.8 111.3 116.5 125.5 143.4 155.6 158 158.4 155.1 155.1 155.1 163.6 156.9 132.6 122 116.5 116.5 117.8 118.2 122.8 121.7 131.2 125.5 118.4 118.8 125.7 135.6 150.1 180.2 187.1 187.4 195.1 213.6 230.6 239.2 244.4 242.9 238.8 233.8 235.1 235.8 227.1 220.3 215.7 214.6 209.5 202.8 192.3
64.1 63.6 55.3 54.8 50.4 37.1 24.5 18.2 13.8 20.8 16.2 16.3 18 19.3 20.4 21.6 23.3 29.7 38.5 48.7 62.9 69.9 74.3 72.4 75.2 103.8 106.3 109.9 113.4 103.9 101.1 100 98.2 92.2 96.1 106.4 125.3 143.8 153.5 157.8 156.3 155.1 156.7 160.4 162.1 152 133.6 125.2 120.1 117.5 117.4 116.5 120.3 116.7 115.7 115.7 115.7 115.8 120.8 133.8 164.9 185 189.1 188.9 194.3 215.1 234.3 242 249.5 249.2 244.8 242.6 238.6 234.9 228.3 218.1 212.4 209.5 207.4 200.3 190.7
73.9 71.8 58 55.1 56.3 53.8 35.7 26.4 13.9 17.1 16.2 17.2 18.8 19.6 20.5 21.6 22.8 35.1 39.2 42.8 51.3 57.8 70.9 64.6 78.7 96.7 101.8 106.8 98.7 87.8 84.8 86.4 81.6 81.4 87.7 101 123 142 151.7 157.6 156.5 156.6 161 164 163.8 155.9 133.8 124.6 121.5 118.2 116.8 116 115.7 115.7 115.7 115.7 115.7 115.7 116.6 134.3 165.2 184.5 189 192.6 196 217.2 232.3 244.1 253.4 253.7 255.3 252.5 244 238.2 232 218.5 210.8 208 206 200.6 195.6
96.2 89.5 83.8 71.4 69.5 54.4 41.7 28.9 16.7 18.3 18.2 18.6 19.1 19.8 20.5 21.8 22.4 33.4 38.6 43.1 46 54.4 58.7 57.7 80.3 88.4 98.8 95.9 87.5 79.4 79.8 78.9 72.3 76.4 87.2 103.7 122.1 135.2 148.3 161.3 154.4 157.2 161.9 161.7 166.7 155.3 137.1 126.1 123.9 120.9 117.6 119.2 121.9 115.7 115.7 115.7 115.7 115.7 115.8 129.2 159.2 180.9 195.3 199.1 197.3 214.6 232.4 245.3 259.4 259.2 259.3 256.9 245.1 239.3 233.7 219 208.8 207 204.9 204.3 197.2
122.5 111.1 105.9 90.8 76.6 55.6 44.2 38.2 24.8 23.5 23.5 21.8 21.1 22 26.4 22.6 23.8 34.1 39.7 44.9 51.2 51.5 47.5 65.7 76.8 83.5 91.9 87.6 79.3 77.6 81.9 69.6 68.9 79.2 87.6 104.4 119.3 131.3 143 149.5 153.7 158.3 159.5 161.6 171.3 161.2 141.7 128.8 125.3 122.8 119.8 124.5 134.4 127.8 121.2 115.7 115.7 115.7 115.7 127.8 146.3 178.8 195.8 198.4 197.8 214.6 233 245.8 264.1 263.7 263.3 261.7 247 238.5 234 222.4 207.8 204.9 206.8 201.9 196.5
138.1 130.5 123.5 106.3 85.5 59.2 50.1 38.9 33.1 31.8 32.6 28.5 29.5 40.6 38.4 25.6 23.2 40.2 41.3 49.3 51.1 41.5 40.5 69.7 76.3 81.2 79.2 76.3 73.7 84 74.7 66.8 68.9 76.6 88.1 102.5 117.7 130.1 140.7 143.3 153.3 157.1 158.6 165.2 171.6 153.9 141.8 131.9 125.5 122.6 122.2 126.5 139.7 145 135.3 118.6 115.7 115.7 115.7 128.8 137.9 167.8 186 193.3 197.6 216.1 232.2 243.6 265.7 266.6 266 260.4 247.5 237.4 231.7 221.5 203.4 200.7 210.3 206 197.8
166 146.8 126.1 111.7 87.4 80 65 46.7 38.7 36.3 37.8 47.3 47.4 39.6 43.4 30.8 26.6 38 40.6 49.2 39.7 37 37.2 64.8 81.8 80 73.6 70.5 72 73.7 66.8 66.8 72.4 79.6 90.5 100.3 115.5 127.5 137.2 145.9 151.5 155.6 157.9 166.6 171.3 152.3 139.9 127.9 125.6 124.1 124 124.2 137.1 141.1 132.7 119.6 115.7 115.7 115.7 129.6 137.4 160.5 180.8 188.6 198.4 220 225 237.3 259.4 262.8 274.3 263.7 251.7 236.8 230.3 216.5 199.5 199.4 211.4 209 202.1
172.4 151.8 129.5 120.5 110.9 96.6 78.8 58.8 48.5 42.4 49.7 55.1 52.8 61.5 51 38 32.2 29 36.9 36.8 35.1 35.8 37.3 63.9 79.1 76.8 69.6 69.3 78.9 76.3 66.8 66.8 70.8 79.6 90.8 100.5 111.7 123.3 134.9 143.8 150.3 154.5 157.5 162.2 162 144.6 133 127.9 125.9 125.4 125 124.8 135.2 141 134.5 119.7 115.7 115.7 115.7 127.2 140.6 153.4 178.6 183.8 195.2 217.3 217.7 232.6 247.5 264.1 270.6 265.8 249 232.8 228.3 212.2 199.7 199.4 205.9 210.7 204.8
174.4 162.8 142.1 130.6 117.8 104.5 86.2 76.2 55.2 48.8 63.4 74.9 70 66.1 56.6 48 40 26.6 28.6 31.8 31.3 32.5 38.4 66 76.3 73.3 66.8 75.2 89.4 70.7 66.8 66.8 68.6 78.9 89.5 97.3 106.4 120.7 130.8 138.8 145.3 151.7 157.7 157.6 145.5 130.7 126.3 128.7 123.9 125.4 125 125.1 131.5 140.2 129.3 120.2 115.7 115.7 115.7 122.9 144.3 150.2 172.6 180.2 190.2 206.2 206.5 221.4 237.1 264.5 267.6 261.7 250.2 231.8 224 207.4 199.7 199.4 200.4 206.5 205
171.8 156.2 146.3 134.2 127.3 110.4 106.3 93.6 65.1 55.1 70.2 77.8 68.4 67.1 68.7 51.1 36.5 28.7 30.6 30.9 35.2 42.6 38 55.8 68.4 65.7 66.6 70.7 77.7 66.8 66.8 66.8 72.5 77.1 87.6 93.8 102.9 118 126.4 132.9 139.6 144 155.2 150.3 138.2 127.5 125.7 124.2 121.6 123.8 125.5 124.4 126.7 132.8 125.3 118.4 115.7 115.7 117.5 122 132.9 152.5 164.8 173.5 186.4 198.8 196.7 212.6 231.9 261.5 267.8 261.1 244.4 231.4 215.9 210.3 203.7 199.4 199.4 204.9 201.4
170 155.1 152.9 149.5 145.2 139.8 123.7 106.8 79 63 71.2 72.6 69.5 65.6 53.1 45.4 40.9 31.2 31.3 33.7 48.7 60.5 48.2 53.3 66.7 68.5 67.9 73.1 67.3 66.8 66.8 66.8 75.1 77.5 83.2 87.8 101.4 114.5 123.7 131.2 135.6 137 146.1 144.2 130.9 128.2 126.5 125.5 119.6 124.6 127.2 123.2 124.1 126.9 124.4 117.8 118.7 118.1 125.9 125.7 129.2 139.8 159.4 165.5 176 189.4 187.9 209.8 225.6 247.4 259 254.8 238.6 225.2 218.3 213.8 207.3 199.4 199.4 204.5 200
175.4 159.6 152 153.7 157.7 152.5 132 110 85.2 70.1 70.1 71.4 65.4 54.9 51.2 47.6 37.7 33.3 36.4 50.1 70.4 64.1 55.3 58.8 67 75.1 76 66.8 66.8 66.8 66.8 67.3 74.6 81 83.6 85.6 99.1 110.7 123.2 134.1 132.3 130.7 136.4 133.5 128.2 131.4 122.1 123.5 118.4 124.5 124.9 121.3 120.3 121.5 123.9 114.6 122.2 124.5 135 137.3 133.2 135.9 143.7 161 165.5 176.9 184 202.1 224.5 240.7 249.6 246.7 232 226.5 222.7 216.1 209.6 202.3 198.9 204.1 198.7
167.8 156 151.7 156.3 155.8 136.7 125.8 114.7 91.5 72.1 68.7 65 58.2 53.6 45.5 40.2 34.9 41.6 57.2 83.5 78.1 83 75.1 60.2 70.8 71.1 79.5 68.2 66.8 66.8 66.8 68.7 77.1 85.7 80.3 92.6 99.7 105.5 120.4 130.2 127.6 127.6 128.5 124.1 129.3 130 120.7 119.2 116.6 125.9 120.5 118.6 115.5 115.2 119.3 115.9 124.6 124.4 139.4 141.5 143.2 139.7 140.4 148.2 155.7 164.6 173.6 192.6 217.5 235.5 243.4 238.6 232.2 230.5 222.7 218.1 209.5 205.5 196.7 202.1 196.9
163.8 156.8 160.6 145.6 139.4 133.4 121.6 107.4 95.6 74.1 63.1 58.8 58.3 51.6 43 38.1 43.5 68.4 83 92.5 95.6 102.8 93.6 80.3 76.8 69 68.5 66.8 66.8 66.8 66.8 71 78.1 79.6 87.7 95.5 110 116.6 113.7 117.7 121.7 120.6 118.2 120.8 128.2 123.6 118.2 115 115.7 121.5 114.7 113.7 111.3 110 113.4 116.9 118.8 122.2 139.1 146.1 146.1 144.3 141.4 143.1 149.7 154.9 169.7 187.2 205.9 228 229.7 228.9 228.5 229.9 220.8 220.9 210.5 204.2 194.1 192.5 189.3
171.9 166.7 162 146.6 131 120.8 112.6 105.8 95.1 70 58.2 54.7 52.5 47.3 41.3 45.8 68.8 85.5 95.4 103.8 113.2 113.5 105.6 91.8 80.4 68.2 67.4 66.8 66.8 66.8 71.9 74.7 79.6 81.5 85.6 100.7 113.4 126.2 123.8 114.4 113.8 113.8 113.8 122.6 123 122.7 121.8 112.4 113.4 117.7 110.7 112.2 109.2 107.2 103.8 111.2 111.1 117.3 137.6 145 146.3 146.4 151.3 146 146.3 153.2 161.2 179.2 195.5 216.3 218.4 219.8 228.8 229.4 218.1 217.6 209.7 206.3 191.2 183.9 180.6
173.4 172.3 161.3 137.5 123.4 117.6 117 103 93.5 69.6 58.1 52.1 47.9 44.4 46.7 63.2 86 92.8 105.3 115.7 121.1 119.3 117.2 100.5 78.6 69.6 67.7 67.2 67.2 68.2 76.4 78.7 85 88.9 92.8 105 116 126.9 129.3 122 113.8 113.8 115.6 124.5 123.7 123 120 109.8 111.5 107.9 108 112.9 110.3 106.5 102.5 101.3 102.7 112.3 131.5 141.3 148.1 156.1 159.5 150.9 150.4 155.3 163.2 172.3 182.2 201.5 203.2 212.2 223.8 221.8 212 217.5 208.7 200.4 188.2 177.9 171.8
174.4 166.8 148.2 138 127.9 120.9 114.1 103.2 86.7 67.3 57.3 52.1 55.6 48.8 52.3 78 100.4 109 113.2 123.9 124.5 130.8 127.1 105.5 82 70.9 69 69.2 68.5 70 81.2 83.6 90 97 102.5 110.6 115.4 127.5 129.6 122.4 113.8 113.8 117.6 128.9 128.9 125.1 116.5 109 106 104.9 107.5 113.5 114.6 107.3 103.4 100.5 99.7 106.2 123 146.1 153.6 150.6 153.4 158.2 160.6 159.5 165.8 169.7 175 182 186.9 201.5 209.8 205.8 205.1 210.6 206 199 183.5 172.6 167.1
169 157 150.3 143.9 131.7 118.9 110.3 98.9 84.9 65.3 57.2 57.2 65.1 59.1 60.4 86.6 104.5 120.7 129.7 127.7 127.1 137.4 122.4 114 93.6 73.4 71.8 71.9 69.6 71 85 91.9 98.6 102.2 112.5 121.5 117.8 124.2 126.1 118.8 113.8 113.8 116.6 131.7 138.6 132.8 118.5 107.9 104.6 103.4 104.8 112.3 112.7 109.4 106.6 101 98.3 99.8 115.7 137.5 145.5 144.2 147.4 157 165.6 167.2 168.4 171 171 175.8 177.1 180.7 194 191.7 198.4 204.7 205.8 198.3 181.4 167 162.6
168.3 159.9 153.6 144.2 132 117.1 107.7 98.2 80.5 63.8 61.2 65.9 75.1 73 64 92.2 101.7 124.1 136.6 136.4 144.8 130.7 122.2 115.6 115 85.8 78.5 78 73.8 72.8 87.6 99.7 105.4 105.9 114 124.3 125.5 123.8 119.6 120.7 113.8 113.8 116.1 132.1 138.1 133.2 118.3 108.7 104.6 102.3 103.6 106.5 110.1 109.5 107.2 102 97.7 97.8 108.9 129.5 137.5 138.5 143.2 152.3 165.5 173.9 172.7 173.3 169.9 168 171.6 177.9 175.3 182.1 194.4 200.6 203.6 189.7 173.1 161.2 158
168.4 163.5 153.1 141.8 127.6 117.7 105.5 92.2 72.9 74.9 78.7 80.8 85.9 92.9 75 94 114.1 128 145.1 155.3 151.7 143.5 128 130.9 115.2 97.4 90.7 81.9 73.7 74.9 93.5 109.1 109.2 108.5 112.2 127.6 132.2 124.5 120.1 113.8 113.8 113.8 116.9 127 134.7 132 122 110.3 105.5 101.3 102.7 104.7 108.2 108.2 106.7 102.1 95.8 96.6 103.6 124 133.3 135.1 139.3 149.2 167.1 176.3 173.6 173.3 167.3 164.3 167.2 172.6 168 173.8 183.9 193.9 194.7 182.2 166.8 155.5 152.4
173.6 162.2 157.3 138.2 126.5 117.2 111.8 106.5 92.8 108.9 102.5 95.2 104 111.1 89.3 103.5 118.7 131.6 160.3 172.1 160.5 146 133.8 128.5 111.7 99.3 89.9 84.6 76.7 78.3 98.8 112.2 113.4 111.8 115.9 131 132.4 125.5 122.1 113.8 113.8 113.8 114.5 120.9 128.8 131.2 119.5 109.4 104.3 102 101.1 103 106.3 109 106.2 96.8 94.8 97.2 101.7 119.8 126.7 132.1 136 144.9 165.5 175.4 171.5 170.3 163.6 162 162.2 163.3 163.1 175.1 175.6 180.9 184.4 172.5 159.1 150.2 149.3
180.5 169.7 147.4 134.4 127.4 130.1 135.8 129 107.8 116.3 121 112.8 116 125.9 102.6 108.1 128.3 149.7 170 172.7 160.4 144.6 134.8 125 108.3 98 93.8 85.4 78.2 83.5 99.5 111.2 113.7 117.4 124.4 134 129.6 125.2 117.6 113.8 113.8 113.8 116.3 121 123.8 133.1 124.1 111.9 104.2 102.1 100.9 102 106.5 110.9 105 95.9 93.8 99.8 104.1 107.6 122.4 128.8 131 141.1 160.4 169.7 165.7 163 158.7 158.9 158.7 156 159.3 172.4 172.8 170.1 172.1 164.2 150.5 146.7 144.9
184.6 167.6 149.5 144.7 143.5 146.7 138 119.5 112.9 124.6 138 142.2 132 126.8 110.5 111 142 157.7 174.1 168.6 157.5 150.3 134.9 122.9 102.1 98.2 99.8 87.9 84.8 87.6 100.4 112.1 113.9 122.6 136.7 137.3 133.8 125.4 115.5 113.8 113.8 113.8 119 120.3 123.1 126.7 126.8 111.8 104.2 102 100.8 102.3 106.8 107.5 99.2 95.9 94.1 103.1 105.3 105.7 117.3 122.3 129.1 137.3 150.9 159 159 155.5 155.6 156.1 155 150.3 152.1 159.3 164.4 166.1 159.8 152.2 145.1 140.7 139.8
185.7 165.1 160.2 164 154.9 144.5 144.1 141.6 137.5 136 154.2 151.4 141.1 135.6 120.4 122.6 144 160.8 170.7 170.1 164.9 147.5 135.8 118.4 103.7 100.2 106.9 99.9 92.9 92.9 104 110.6 119.1 129.5 143.8 145.9 141.4 130.1 120.4 117 113.9 113.8 115.1 121.2 123.5 120.5 119 113.2 105.7 102.5 101.2 97.9 104.5 105.3 98.4 95.5 94.4 101 104.1 105.4 106.4 118.1 127.9 133.6 145.3 153.7 151.1 150.1 148.2 154.6 150 146.3 149.7 154.7 157.7 164 159.6 146.1 138.7 133.2 131.9
180.8 179.8 184.3 177.1 160.4 161.5 170.4 177 164 151 156 162.9 166.6 161.6 140.8 126.1 144.3 153.6 164.5 171.1 157.6 152.2 143.4 122.9 107.3 102.7 109.2 103.5 98.2 102.7 109.5 114.7 119.2 135.3 148.5 151.6 147.3 129.3 124.6 118.2 119.2 114 114 121.9 123.9 119.7 116.9 114.2 106.6 104.3 103 96.5 101.7 103.7 99.7 94.2 94.5 99.2 102 104.2 106.1 107.2 124.1 130.6 141.5 145.7 143 142.2 143.6 146.6 145.1 141.9 148.9 153.6 153.4 154.2 150.5 145.3 133.5 127.9 125.4
197.2 198.6 191.1 190.3 186.2 185.9 179.4 174.1 164.4 161.1 160.4 177.7 190.5 178.5 151.7 128.4 142.5 148.4 159.2 159.6 157.5 158.9 149.4 136 117.6 106.5 114.3 108.2 104 107 112.7 119 123.3 139.2 152.9 157.7 149.3 127.6 124.9 122 123.7 122.3 127.5 126.6 123.5 119.7 116.2 113.8 108.3 105.6 104.2 96.3 101.6 103.5 100 91.9 95 100.1 102.9 104.9 105.4 106.3 108.7 125.9 139.7 138.3 136 136.8 139 141.3 139 138.9 146.8 152.7 150.9 148.2 144.1 139.8 130.6 125.7 118
206.9 202.6 210.9 216 211.8 207 194.5 182.1 181.2 190.6 181.8 175.3 193.3 184.6 161.2 136.7 138.8 145.4 154.8 159.4 159.3 162.9 153.1 137 122.6 115.1 116.2 112.5 114 113.2 114.2 119.8 125 140.6 152.8 155.8 149.2 136.1 130.2 126.2 126.7 129.3 137.7 135.4 125.1 120 115.3 112.8 110.9 108 105 96.9 96.7 103.8 99.2 88.6 95.2 100.9 103.6 104.1 104.4 104.5 106.7 122.7 130.9 129.9 132 132 135.3 134.5 132.8 140.3 147.4 152.6 149.4 144.5 138.9 133.3 127.4 123.4 114.1
208.5 214.5 225.8 222.2 219 215.5 212.6 203.3 203.2 196.1 189.7 181.5 188.6 181.4 167.4 140.9 142.3 146.6 154 159.1 166.1 163 150 132.8 123.6 115.4 116.5 118 128.7 124.7 118.1 119.9 125.9 138 154.7 154.4 149.4 144.6 133.7 128.6 133.8 132.5 137.5 138.7 134.3 123.7 115.7 113.4 111.4 108.9 104.1 97.2 95 94.9 95.2 85.8 93.8 100.3 103.2 102.8 102.2 102.5 105.1 117 123 124.7 125.9 126.9 131 128.7 132.2 140.1 146.2 150.4 146.2 142.8 138 131.8 125.3 117.7 114.6
215.7 227.8 230 228.2 228.3 229.3 236 231.2 216.6 212 197.8 186.8 183.9 186.5 171 149.7 146.1 151.7 159.2 162.6 167.5 159.3 145 133.8 123.4 119.2 120.5 132.1 136.6 125.5 121.5 121.6 125.2 138.6 154.4 155.1 154.3 148.6 138.9 133.5 142.6 142.6 144.3 141.5 142.8 136.7 120.1 113.8 112.1 110.5 105.6 99.1 93.7 91.6 86.3 84.7 91.1 99.8 102.7 101.6 102.1 103.8 106.6 112.1 119.1 122.4 120.5 121.5 124.1 122.4 132.6 139 149.7 145.6 144.9 145.4 138.2 133.8 122.8 113.5 112.1
231.6 233.3 236.7 237.3 236.6 243.4 242.3 231.7 219.3 210.8 209.2 199.4 186.8 195.3 183.2 160.2 155.8 159.7 161.7 167.1 165.1 155 144.8 135 126.3 120.6 127.5 139.7 134.8 126.6 124.5 127.3 129.7 137.1 149.4 154.4 155.5 151.2 145.1 140.2 151.3 150.7 152.9 147.2 146.6 139.8 123.8 114.6 111.6 108.7 105.1 99.5 92.5 88.9 83.1 84.4 88.2 100.9 100.6 101.4 106.3 107.3 108.4 109.9 114 117.7 115.7 116.7 116.5 121.3 132.4 137.5 146 139.4 139.9 141.3 136.1 138.4 118.3 109.8 107.4
238.2 241.8 250.4 250.5 256.6 259.4 244.8 227.7 218.1 228 222.7 210.1 198 193.2 187.4 166.8 167.6 165.3 164.1 164.4 160.6 156.7 148.4 135.4 129.3 125.2 128.7 136.7 135.9 130.8 129.9 132.1 143.6 146.3 147.1 154.2 157.6 156.2 149.4 148.4 155.8 158.9 156.6 151.9 149.6 138.5 125.3 118.2 111.1 107 101.9 96.5 91.5 87.9 83.9 83.2 87.1 97 97.4 104.1 108.8 109.6 109.7 109.9 110.2 111.8 110.5 110.7 112.6 120.9 130 136.1 145.2 133.9 135.3 133.9 132.7 127.4 114 105 100.2
245.2 257.5 262.7 264.6 268.6 264.8 269.5 253 240.8 233 231 228.7 216.6 198.9 189.2 177.1 175.2 171.8 181.1 175 162.9 149.6 141.9 135.8 136 129.6 129.3 145 148.5 139.4 141.6 150 153.4 158.2 158.3 167.3 166.7 159.2 155.9 157.3 164.6 163.8 157.3 151.3 150.1 143.4 128.6 119.7 109.4 105.7 98.5 93.3 90.9 89 84.7 82.5 87.9 92.4 95.9 104.9 109.4 111.3 111.7 111.2 109.1 107.4 106.1 105 110.7 114.8 123.9 135.8 139.1 130.5 129.9 128.4 129.3 125.2 108.4 99.3 94.9
258.3 267.6 270.5 274.6 273 275.7 277.1 263.9 252.2 239.4 240.6 236.3 224.5 206.8 193.6 184.4 177.5 182 187.8 187.6 170.1 152 144 149.1 144.7 141.7 136.8 147.6 150.2 146.2 154.4 156.7 158.7 162.3 166.1 180.5 171.8 164.1 160.2 167.9 177.7 176.4 163.9 154.5 146.4 138.1 131.2 121.6 107.5 104.7 97.3 92.7 90.5 88.5 83.7 82 85.4 89.4 99.4 106.7 109.6 111.7 115 111.8 108.7 106.4 103.9 101.7 105.6 110.9 120 130.3 128 124.7 124.9 124.1 124.9 114.3 105.2 92.4 92.5
271 274.4 284.2 282.6 276.8 283.1 278 276.1 258.4 250.2 243 232.9 228.2 212.1 194.8 189.6 182.5 186.5 193.9 185.2 165.9 156.4 158.7 159.2 157.6 149.1 143.1 150.2 156.2 157.7 160.5 158 164.4 166.2 176 189 176 167.6 165.1 175 178.7 176.4 170.4 153.3 148.2 139.4 128.9 117.5 107.5 103.5 96.3 92.7 90.2 87.5 83.2 81.4 84 87.7 97.4 104.4 108.9 115.4 118.5 112.7 110.5 105.5 101.4 99.8 102 106 116 124.6 123.5 122.6 122.2 121.3 119.4 106.7 102.8 90 90.3
