webserver/python/data/NR75.asc
ncols 200
nrows 200
xllcorner 170000
yllcorner 650000
cellsize 50
[rows 41 to 81 of 200, columns 93 to 185 of 200]
1.6 1 0 0 0 0 0 0 0 0 0 0 0 0 0 0 0 0 0 0 0 0 0 0 3.2 4.8 12.4 22.7 27.6 29.5 28.2 26.2 15.6 23.8 26.8 29.1 29.9 31 34.2 33.5 32.8 31.9 30.2 28.5 27.1 24.7 25 26.6 30.6 34.4 40.7 47.1 52.5 58 62.3 67.6 73.1 79 82.8 88.8 97.3 105.5 113 119.8 126.4 136.3 146 154.8 154.5 147.9 139.5 133.1 127 123.2 120.8 119.1 115.8 114.8 114.9 115.4 114.1 107.2 99.9 100.4 104.9 112.1 117.4 119.6 122.1 123.3 124.4 124.3 125.9
1.8 1 0 0 0 0 0 0 0 0 0 0 0 0 0 0 0 0 0 0 0 0 0 3.9 6.1 7.7 17.3 29.9 31.4 33.1 31.4 28.3 19 28.2 32.4 28.8 25.5 32.6 39.5 39.4 39.2 39.2 37.7 37.1 35.8 34.4 36.3 40.2 46.9 51.1 56 61.2 65.5 68.8 73.1 77.8 83.3 88.8 93.9 102.5 109.3 117 121.8 125.1 130.6 138.9 147.9 152.7 149 139.3 132.6 126.4 122 119.1 118.9 116.8 112.3 113.6 113 114 108.2 101.1 99.1 99.5 104.7 109.9 111.4 113.6 115.1 116.3 117.6 118.9 120.2
1.8 0 0 0 0 0 0 0 0 0 0 0 0 0 0 0 0 0 0 0 0 0 4.4 6.4 12 16.4 25.2 31.5 35.8 39.4 37.1 33.5 25.9 32.2 38.9 25 35.2 42.2 42.8 45.3 47.1 47.5 48 47.5 47.8 46.7 50.1 55.7 60.7 65.1 69.4 73.2 76.3 79.8 84.5 89.2 94 99.8 106.2 113.3 120.1 123.4 128.3 130.5 135.4 142.6 152 156.5 138.7 132.3 125.9 120.2 116.5 116.9 114.6 112 108.4 109.8 111.5 109.1 101.6 95.4 94.4 96.9 101.5 104.8 105.4 106.9 108 109.2 110.5 111.9 113.4
0 0 0 0 0 0 0 0 0 0 0 0 0 0 0 0 0 0 0 0 0 2.2 5.7 9.1 16.1 21.3 28 34.1 49.2 52.9 44.8 40.3 35 32.1 41.4 40.5 41 41.5 43.7 46.5 48.4 49.1 52.5 54.6 56 57.4 62.1 66.3 71.4 76.1 77.8 82.1 85.5 91.5 96 100.1 103.4 108.8 114.8 120.2 121.4 123.9 129.3 135.8 139.7 148.1 155.7 144.6 129.1 125.2 116.9 112.6 111.7 112.6 111.2 105.8 105.8 108.4 107.3 100.2 96.3 91.5 89.6 94.2 98.9 99.6 100 100.2 100.9 102.1 103.5 105.8 110.1
0 0 0 0 0 0 0 0 0 0 0 0 0 0 0 0 0 0 0 0 0 0 4 9.2 20.2 25.5 33 41 53.5 52.6 48.7 47.5 40.8 36 39.7 39.7 39.8 39.9 41.7 43.8 45.5 48.4 51.1 54.3 56.8 60.8 63.6 67.3 70.7 74.8 79.7 85.1 91.8 96.2 101.4 106 110.2 114.5 116 116.3 118.5 121.9 127 133.1 139.5 140.5 137.9 127.9 124 116.9 107.8 107 109.2 109 107.7 97.9 96.2 97.7 93.7 88.5 88.7 86.1 89.2 93.2 95 94.5 94.4 94.8 94.7 95.9 100.3 105.1 109.3
0 0 0 0 0 0 0 0 0 0 0 0 0 0 0 0 0 0 0 0 0.6 1 4.2 8.2 24.5 29.8 35.4 40.4 52.3 53.1 52.1 50.3 46.1 42.1 38.2 38.4 38.5 38.7 38.8 39.8 41.1 43.5 45.9 48.2 51.1 54.1 56.8 60.5 65.2 70.4 76.3 82.9 88.4 95.9 100.6 104.9 108.8 111.1 112.2 111.3 114.2 119.6 124.4 128.5 130.7 130.8 127 121.2 118.6 107.3 101.4 106.8 106.3 102 96.9 90.5 86.7 84.7 83.8 84 84.3 85.5 88 89.5 89.8 89.3 88.7 89.3 90.9 96.7 100.8 104.6 108.5
0 0 0 0 0 0 0 0 0 0 0 0 0 0 0 0 0 0 0 0 0.9 2.3 5.2 10.6 24.8 30.7 35.2 40.3 49.4 56 59.3 53.7 51.8 46.3 45 38.8 40 40.8 38.6 38.1 38.7 39.5 39.8 40.9 43.8 46.4 48.7 52.3 59 66.1 72.9 78.6 83.5 89.2 98.2 102.8 106.4 107.1 106.3 107.1 113.9 118.2 119.3 121.2 121.4 120.1 117.2 118 110.2 97.8 103.6 106.6 102.5 96.4 89.3 83.6 80.6 81.5 81.8 82.6 83.2 84 86.3 85.9 85.4 85.1 86.1 89.5 92.5 97.2 100.6 104.4 109.7
0 0 0 0 0 0 0 0 0 0 0 0 0 0 0 0 0 0 0 0.5 1.5 3.6 7.7 24.7 30.7 32.2 38.4 44.9 52.5 58.9 58.1 57.1 58.6 49.9 42.7 41 43 39.6 38.7 38.4 38.8 39 39.8 40.3 41.4 42.3 43.4 48.2 54.2 60.3 67.3 72.4 76.9 85.1 93.3 98.8 99.7 99.6 102.9 105 110.2 110.6 112.5 114 114 113.1 111.8 110.6 100.1 98.2 105.2 101 95.6 87.5 83.3 80.5 80.3 80.8 81.1 81.5 81.7 82.3 83.8 84.7 85.1 86.8 87.7 90.9 94 98.5 103.2 110.6 113.4
0 0 0 0 0 0 0 0 0 0 0 0 0 0 0 0 0 0 0.4 0.9 2 5.7 19.8 35.3 47.1 45.4 45.5 49.6 53.7 60.6 58.5 60.9 61.3 52.7 44.7 44.1 48.4 43.7 39.1 38.8 39 43.8 45.3 40.2 41.2 42.2 43.3 46.1 49.9 55.3 60.7 67 74.9 81.6 86.7 88.8 89.4 94.1 95.9 99.1 101.1 102.9 109.7 113 112.9 104.8 104.2 102 92.4 101.3 100.2 94.8 89.6 83.3 81.2 80.1 80 80.1 80.5 80.8 81 81.4 82.5 83.3 84.6 87 89.4 93.6 97.6 102 107.7 113.3 116
0 0 0 0 0 0 0 0 0 0 0 0 0 0 0 0 0 0 0.8 7.4 9.3 16.6 35.8 54.2 65.1 64.8 62.3 69.7 59.1 61.4 60 59.6 63.3 62.5 46.9 49.2 51.9 46.5 40.5 39.9 46.1 56.5 51.6 41.3 41.1 42.2 43.3 45.7 49.7 55 59.4 65.6 70.7 73 77.5 85.2 92.4 98 100.7 101.4 101.9 102.7 102.5 100.4 103.2 96.5 97.1 93.1 94 93.4 91.2 87.6 85.1 81.9 80.5 79.4 79.3 79.5 79.8 80 80.5 80.9 81.5 82.5 85.5 89.3 92.5 97.1 101.4 105 111.8 116 118.5
0 0 0 0 0 0 0 0 0 0 0 0 0 0 0 0 0 0.8 4.2 14.3 19.5 34.1 55.6 76.3 84.8 86.5 77.3 77.1 73.8 69.8 62.7 63.8 70.5 72.8 57.9 54.8 57.6 49.2 47.3 41.4 46.9 54.8 48.4 42.5 41.4 42.1 43.2 45.6 48.9 52.5 56.6 58.3 62.6 73.1 82.5 90.6 98.6 102.9 106.5 106.9 106.7 111.7 110.4 103.9 95.6 94.7 92.1 90.3 89.3 88.5 86.3 84.4 83 80.7 79.5 78.7 78.7 78.8 79.1 79.5 79.9 80.3 82.1 84.3 86.5 90.1 96 101.9 106.5 110.9 114.9 118.5 121
0 0 0 0 0 0 0 0 0 0 0 0 0 0 0 0 0 3.8 9.5 19.3 31.2 54.2 78.8 92.5 99.9 99.5 94.2 89.1 81.5 74.7 69.5 73.4 80.9 78.4 68.5 60.4 57.7 61.1 49.3 42.7 43.8 44.8 43.1 42.1 42.8 42.2 43.5 48.9 51.7 56.1 57.7 62.2 69.2 78.5 89.7 96.4 103.3 109.1 113.7 110.3 110 111.5 110.1 102.7 98.7 94.7 92.3 90.7 89.2 87.5 85.5 83.6 81.1 79.5 79.6 78.8 78.2 78.5 78.6 78.5 79.2 80 83.9 86 88.4 93.7 100.1 106.1 111.2 114.8 118.1 121.2 123.2
0 0 0 0 0 0 0 0 0 0 0 0 0 0 0 0 2.4 6.9 15.7 26.3 46.8 71.7 102.5 112 109.1 106.1 107.6 99.6 83.7 77.4 77.9 85.8 87.8 81.7 71.9 67.8 63.1 58.2 44.1 43.3 44.1 43.5 42.5 42.5 42.7 43 49.2 55.9 59.6 62.7 65.1 69.9 76.2 83.1 91.3 98.6 105.8 112.3 113.9 107.2 110.6 110.1 106.5 95.8 98.9 95.5 92.4 88.6 85.6 82.3 80.7 79.7 78.5 77.8 78.3 77.9 77.7 77.7 77.7 77.7 78.9 81.9 86.3 89.6 93.4 98.8 104.4 111 114.8 118.6 121.8 124.6 126.1
0 0 0 0 0 0 0 0 0 0 0 0 0 0 0 0 4.8 9.1 20.5 35.4 55.2 88.8 123.1 128.5 116.4 111.7 111.1 103.8 93.3 82.5 80.5 91.8 94.1 83.8 75.8 67.5 64.5 54.5 46.7 46.9 46.7 45.2 43.9 43.3 44.4 48.4 54.1 60.6 65.3 69.7 74.3 78.7 83.6 89.1 93.6 98.1 104.6 109.7 111.6 109.7 112.6 108.9 102.5 95.2 93.6 90.1 86.3 82.6 79.7 77.7 77.7 77.7 77.7 77.7 77.7 77.7 77.7 77.7 77.7 77.7 79.7 86.3 91.7 96.1 100.4 105.8 111.2 116.8 120.4 123.1 126 128.4 129.6
0 0 0 0 0 0 0 0 0 0 0 0 0 0 0 1.1 5.9 16.4 28.7 49.4 70.7 103.5 138 132.4 117.7 115.1 114.9 104.3 99.4 89.3 88.2 97.4 96.6 82.7 77.9 72.4 67.2 59.5 55 52.4 50.6 49.1 45.5 44.6 46 50.3 57.2 65.3 72.8 77.8 81.5 85.4 87.7 92.1 95.6 96.7 100.6 104.3 103 102.2 102.4 97.3 94 89.6 87.2 84.1 81.8 80 78.4 77.7 77.7 77.7 77.7 77.7 77.7 77.7 77.7 77.7 77.7 80.2 85.2 93.6 98.7 102.7 106.7 112 118.1 123 127.4 130.7 133.4 134 132.8
0 0 0 0 0 0 0 0 0 0 0 0 0 1 1.2 3.9 16.5 24.9 38.1 59.2 84.5 126.4 140 122.4 117.6 107.8 103.4 102.1 99.7 93.8 92.8 96.3 89.9 85.3 81.9 77.4 72.8 68.9 64.3 60 56.8 53 48.2 46.5 48.3 52.6 62.4 70.6 78.5 84.2 88.3 90.6 92.1 94.9 97 97.8 98.5 97 95.4 93.1 90.6 88.6 86.3 84.5 83 81 79.7 78.6 79.6 77.9 77.7 77.7 77.7 77.7 77.7 77.7 77.7 77.7 79.3 84.4 91.6 99 104.1 108.3 112.5 116.7 122.2 127.2 132.6 136.4 137.2 134 130.7
0 0 0 0 0 0 0 0 0 0 0 0 0 1.9 2.5 9 20.6 32.5 48.2 66.1 90.3 127.3 114.4 112.2 111.8 96.5 90.5 91.5 93.1 92.6 94.3 94.2 93.2 90.8 88.1 85 80.8 74.1 70.4 67.2 62.3 57.3 51.6 48.8 50.8 57.7 66.8 75.9 83.8 88.7 91.4 93.8 96.3 97.7 97.7 94.4 91.4 89.1 87.3 85.2 83.7 81.4 80.8 79.6 78 76.7 79.8 81.5 81.2 78.7 77.7 77.7 77.7 77.7 77.7 77.7 77.7 78.6 87.7 92.1 97.6 103.6 108.6 112.8 116 120.4 125 129 133 137.5 135.8 129.4 125.9
0 0 0 0 0 0 0 0 0 0 0 0 1.8 3.1 4.7 9.5 22.4 37.5 53.5 74.9 95.8 107.2 100.8 97.9 98.9 81.1 78.6 82.3 87.6 91.8 99.3 100.4 99 94.7 91.5 89.9 86 78.3 73.6 70.1 65 57.7 56.1 50.9 53.7 61 71.3 79.7 84.9 89.7 93 94.8 94.8 93.3 89.6 86.3 83.3 81 79.3 77.4 76 79.4 74.7 73.9 75.5 80.3 84.1 85.5 86.5 86.2 83.7 78.7 77.7 77.7 77.7 79 82.4 86 93.8 98.4 103.8 108.7 112.8 115.9 119.8 122.2 125.9 127.3 128.5 127.5 124.1 122.3 113.5
0 0 0 0 0 0 0 0 0 0 0 3.1 4.9 4.7 6.5 10.6 24.4 41.4 55.5 79.3 93.9 87.8 81.8 85.3 75.3 72.6 71.1 74.4 81.6 93.1 105.5 105.1 95.9 89.4 86.4 86.5 84.5 80.1 75.7 71.4 69.7 67.5 63.3 55.6 57.1 65.3 72.1 77.6 82.4 85 88.1 89.6 88.9 85.7 81.6 78.2 75.2 73.1 72 71.5 71 71.1 71.9 73.4 80.1 85.9 90.8 95.6 95.9 92.8 87.4 83 80.5 80.8 82.4 84.1 88.2 94.3 101.2 106.6 110.4 113.8 116.4 117.6 119.5 122.4 125.2 125.8 125.4 123.4 121 116.8 109.5
0 0 0 0 0 0 0 0 0 0 0 2.7 4.4 4.7 5.3 13.7 28.5 43.3 59.7 60.6 59.9 63.6 65.7 66.9 66.3 66.4 69.4 75 84.4 96.3 105.3 95.9 91.8 87.1 87 84.9 81.1 78.1 75.5 76.1 75.9 73.2 66.6 57.4 62.3 65.7 69.3 72.9 75.8 79.1 82.4 81.5 81 77.1 73.4 71.3 69.7 69.3 70 70.2 71.8 70 73.7 79.5 86.6 93 97.2 100.1 98 93.4 88.6 85.8 84.1 84.8 87 91.5 95.5 102.3 107.6 111.3 114.4 115.6 116.3 118 119.7 122.1 124.4 125.5 125.4 123.4 116.6 111.4 106.2
0 0 0 0 0 0 0 0 0 0 0 3 4.1 4.5 5.1 16.8 31.2 40.8 48.8 51.8 53.9 57 59.3 60.5 60.9 66.2 73.6 82.1 88.4 90.2 89.2 90.8 91.1 89.2 86.5 82.9 80.4 78.4 77.9 78.3 75.7 69.9 62.5 60.9 63.2 65.2 67.8 70.8 73 75.3 77.8 76.7 75.1 72.1 72.1 71.6 70.2 68.7 68.4 68.5 68.6 72.7 78.7 84.7 89.2 93.1 97 99.8 99.1 96.3 91.7 88.9 88.5 91 95.4 99.6 102 105.8 109.5 110.7 112.3 113.4 115.1 117.2 118.5 120.5 122.5 123.3 120.9 118.2 114.3 110.1 105.8
0 0 0 0 0 0 0 0 0 0 0 2.2 3.4 4 6 20.6 31.2 40.8 44.7 47.1 48.7 53.6 58.4 61.5 66.9 73.2 80.2 84.5 85.3 86.4 90 94.3 92.7 89.5 86.8 84.2 83.7 80.8 78.4 76.3 72.9 67.3 63.1 61.4 62.9 65.1 67.8 70.1 70.2 72 73.3 74.1 75.8 76.5 77.4 76.4 74 70.7 68.3 68.4 70.7 74.5 80.6 86.2 90.5 94.6 98.5 101.6 102.2 100.6 98 96.2 94.4 98.6 100.9 102 103.3 106 109.3 111.3 111.2 112.8 114.6 115.8 116.1 118.6 120.5 119.3 118.7 116.5 112.6 108.9 105.5
0 0 0 0 0 0 0 0 0 0 0 1.5 2.6 3.7 7.5 21 31 38.3 40.2 45.6 52 59.5 65.8 69.7 73 76.4 81 82.4 83.9 87.1 92.6 93.7 92.8 89.7 88.3 86.7 84.3 82 78.8 75.8 72 67.3 64.6 63.9 64.5 65.5 66.9 68.3 69.9 72.4 75.5 78.7 81 82.2 82.6 82 78.8 73.5 67.6 69.3 72.2 76.5 82.2 87.7 91.8 95.8 99.9 104 105.9 104.3 101.9 99.1 97.6 97.6 99.6 100.8 103.5 107.1 110.5 111.9 111.9 112.5 113.7 113.9 114.2 116.3 117.5 117.5 116.5 113 109 106.5 102.7
0 0 0 0 0 0 0 0 0 0 0 0 2 3.4 5.4 19.7 30.2 35.5 41.1 45.9 50.7 59 65.9 69.3 73.5 76.9 80.3 80.4 83.2 90.3 94.4 93.8 92.9 89.3 86.8 84.6 81.8 77.9 74.6 71.7 69.6 67.5 66.6 67 68.1 69.2 71.4 73 75.3 77.1 79.2 82.3 85.8 87.1 87.5 86.2 81.8 75.2 66.1 69.7 73.4 78.3 83.8 89.4 94.1 98.5 103 106 103.3 99.3 96.8 95.5 94.8 96.7 99.2 101.4 104.1 107.8 111 110.9 110.8 110.7 110.5 111 111.1 109.4 111.1 110.9 108.4 105.5 103.5 101.5 100.2
0 0 0 0 0 0 0 0 0 0 0 0 1.9 3.3 4.5 16.7 26.6 39.1 43.3 44.5 47.9 53.8 60.8 68 72.8 76.8 78.7 79.6 84.3 92.6 94.2 92.6 90.6 87.3 84.7 80.2 76.2 72.8 69.6 67.6 67.4 68.2 70.1 71.4 72.8 74 76.1 77.3 77.2 79.4 81.4 86 90.1 94.1 92.5 89.2 85.9 79.9 67.2 69.9 75.6 80.3 85.8 91.3 96.5 101.5 104.8 101.8 97 94 94.3 95.1 93.6 97.8 102.8 103.9 105.1 106.8 107.8 108 107.6 107.2 106.9 105.2 102.7 102.6 103.8 102 99.6 98.7 98 97.6 97.5
0 0 0 0 0 0 0 0 0 0 0 0 2.7 3.6 4.6 7.7 22.4 39 42.6 41.9 44.4 51.1 58 64.2 69.2 73.6 76.2 81.5 88.8 92.7 90.4 88.5 85.2 82.9 80.5 77.4 72.3 68.2 66.7 66.5 68.9 72.5 74.4 75.4 76.4 75.3 75.2 75.7 78.7 81.2 84.9 90 94.9 98.3 93.9 91.3 86.9 81.2 64.2 73.1 78.2 82.5 87.9 92.7 97.8 101.2 101.3 97.3 92.2 91.2 93 94.4 93.9 97.5 102.2 101.6 101.7 102.8 104.3 103.9 102.3 99.8 97.7 95.7 94.9 95 95.1 93.3 93 93.8 98.2 101 99.9
0 0 0 0 0 0 0 0 0 0 0 0 2.7 3.7 4.7 6.7 11.7 34 36.6 37.2 41.1 47.6 53.3 58.5 64.1 69.5 75.7 81.9 86.6 86.7 85.4 81.1 78.6 77.4 75.5 72.6 68.6 64.7 64.4 66.9 70.9 78.9 77.9 74.5 71.1 72.1 72.8 75.7 78.7 81.7 86 90.5 94.8 93.6 90.9 89.6 86.3 78.5 60.3 72.6 79.6 83.4 88.2 92.1 95.4 98.2 96.5 92.5 88.1 88.7 88.1 87.9 93.6 96.6 96.4 95.7 96 97.4 97.1 95.1 93.4 92.4 90.6 89.1 87.7 88.6 89.3 89.5 93.5 95.5 98.8 102 103.3
0 0 0 0 0 0 0 0 0 0 0 0 2.7 3.6 5.1 6.9 9.8 29.7 31.1 31.8 37.1 42.8 46.8 52.4 58.5 64.2 70.7 76.6 78.5 82.5 85.2 72.3 71.4 70.2 68.8 65.2 60.5 60.9 63.5 67.1 70.9 75.8 70.6 67.7 66.4 68 71.1 73.9 76.4 79.2 82.1 84.9 86 86 85.6 83.1 78.3 71.7 56.9 73.1 76.1 78.6 82.3 87.1 89.8 90.6 88.5 85.6 84.5 84.2 82.5 86.9 89.5 89.8 88.7 87.5 87.9 88.5 88.2 86.7 85.9 85.4 83.3 88.2 91.7 90.2 92 92.7 96.5 99.5 102.7 103.4 103.8
0 0 0 0 0 0 0 0 0 0 0 0 2.7 3.6 5 6.7 7.5 15.7 21.9 27.6 30.7 36 41.6 47.1 53.6 60.5 66.3 67.5 71.2 71.7 64.6 63.8 62.9 60.8 58.7 55.9 53.9 57.8 59.8 59.6 58.9 59.1 61.9 60.5 63.8 67 69.8 72.7 76.7 79.9 81.9 82.4 80.6 78.8 76.4 68.2 67.5 53 55.7 67.3 68.6 73.4 74.6 77.3 79 80.7 80.9 79.5 78.3 77.7 79.3 80.9 80.7 80.4 79.3 78.7 80.2 80.3 79 77.3 79.4 85 91.6 97.3 101.4 95.5 98.4 97.4 99.7 102.7 103.5 104.3 104.6
0 0 0 0 0 0 0 0 0 0 0 1.7 2.8 2 5 5.7 5.7 4.7 7.6 23.7 25.3 31.8 37.4 43.1 52.5 59.8 59.1 61.1 58.5 57.7 56.1 54.9 53.8 50.8 48.5 46.1 48.1 50.4 52 52.8 54 56.4 58.4 60 62.6 65 68.8 72.7 79.3 85.4 81.6 78.8 70.7 66.5 61.1 61 56.6 43 50.7 56.8 61.6 65.3 67.1 69.1 70.9 72.6 74.2 72.6 70.3 69.3 70.9 72.1 71.1 70.1 69.8 71 72.1 73.7 73.8 78.8 85.4 92.8 98.2 103.4 102.5 101.8 104.5 105.3 102.8 103.9 104.5 105.1 105.5
0 0 0 0 0 0 0 0 0 0 0 1.2 0.5 2.8 0.3 1.4 3.7 4.7 6.6 14.1 21.7 27.2 33.4 39.6 50.7 53.5 51.7 54.1 50.1 47.6 46.7 45.8 44.5 42.7 39.6 38 43.3 44.6 49.3 54.2 58.5 60.2 58.3 55.7 56.3 59.3 67.1 74.5 85.9 79.5 72.3 66.2 54.7 48.6 46.6 47.1 43.9 40.2 44.3 51 55.4 58.1 60.4 62.6 64 66 67.4 65.3 62.1 61.2 62.3 63.4 62.5 61.4 62 63.3 63.7 72.3 77.1 83.2 90.3 97.1 101.5 102 103.8 104.5 107.6 104.9 105.5 104.6 105.2 106 106.9
0 0 0 0 0 0 0 0 0 0 1.1 1.4 2.7 4.3 5.8 8.9 10.7 8.2 4 6 16 21.9 27.3 33.4 43.7 41.6 45.5 40.6 37.6 37 37 37.1 35.7 33.8 31.3 33.7 40.3 44.8 52.7 62.8 61.8 55.4 50.6 46.9 45.8 52.4 59.9 54.5 54.2 47.6 44.6 40 40.2 33.8 37.5 32.1 35.5 38.1 41.7 44.7 48 49.8 51.2 51.4 52.2 54.9 55.2 54 50.5 50.7 49.8 51.7 52.9 51.3 53.3 58.6 60.9 70.2 78.5 86.8 94.6 100.1 102.4 100.5 98.7 99.7 104.4 105.5 105.5 105.1 105.8 106.4 107.7
0 0 0 0 0 0 0 0 0 0 1.3 2.4 3.6 5.5 7.3 9.4 10.3 5.8 4.8 4.7 9.9 15.7 20.6 26.8 30.5 36.7 33.1 30.7 29.5 28.8 28.7 29.1 28 27.6 27 31.1 32.9 40.4 49.7 52.1 50.2 47.9 41.6 35.9 31.9 30.4 31.9 29.4 27.2 28.4 25.2 26 25.6 27.7 30.4 32.8 33.4 34.4 37.7 38.4 39 40.1 42 40.7 42.3 43.6 40.8 43.7 43.5 44.8 49 50.8 55.8 59.4 63.9 68.2 70.9 74.8 79.6 87.4 100.1 103.7 100.7 94.7 97.9 103.7 105.2 101.3 104.6 105.4 106.4 106.8 107.9
0 0 0 0 0 0 2.1 4.3 6.3 7.9 3.9 3.2 4.5 6.3 8.1 9.2 9.4 6.5 6.2 5.6 7.5 9.2 13.8 17.5 23.8 27.4 27.8 21 17.7 17.2 16.8 18.2 19.7 20.9 23 27.1 27.3 27.7 30.3 29 31.7 31.6 25.5 22.6 21.2 19.3 20.7 20.3 21.5 22 23.3 25 25.6 27.2 29.1 31 31.2 31.3 33.7 33 34.8 35.5 36.5 41 39.5 41 43.5 46.3 49.6 54.5 58.6 63.3 67.4 70.5 73.8 77.1 79.8 84.1 88 92 95.9 96.3 93.2 95.2 96.6 99.8 99.1 100.5 101.9 102.2 104 105.7 108.4
0 0 0 0 0 1.8 3.3 4.7 6.1 6.8 5.7 4.7 5.8 6.7 8 9.5 10.6 8.6 8.4 5.8 6.3 7.6 7.2 8.7 12.4 14.2 10.9 9.4 10 10.8 12.1 12.7 14.2 15.9 17.4 19.9 20.7 20.3 18.5 18.1 17.2 16.6 18.1 18.7 19.2 20.3 21.1 23 25.7 26.7 27.5 30.9 31.3 26.9 29.2 28.8 30.3 30 31.5 32.8 39.7 38 41.2 46.7 46.5 48.4 50 53.8 60.1 66.8 71.4 74.8 77.9 80.8 81.3 84.6 89.1 92.8 95.8 91.7 91.7 94.9 97.9 100.2 97.1 97.9 99.6 102.6 100.5 103.6 107.8 113.3 114.5
0 0 0 0 0 0 2.3 4 5.5 6.4 6.3 6.2 7.8 8.8 9.3 21.1 20.7 20.6 19.9 16.3 8.6 7.6 8.5 7.9 9.2 8.1 9.2 8.6 8.8 9.7 11.5 11.6 11.9 13.5 14.8 15 16.3 16.8 16 17.5 17.3 18.3 18.7 19 20 21 24.2 25.2 26.8 28.8 30.1 31.2 31.2 31.3 34.8 37.9 38.2 41.3 45.1 49.3 48.7 49.1 48.1 50.9 53.2 55.2 60 65.4 71.9 77.8 82.5 85.3 89.4 90.8 93.3 94.7 100.2 103.6 99.4 102.2 103.5 102.3 104 98.6 99.2 99.7 99.6 100.5 102.5 108.9 113.9 115.5 117.1
0 0 0 0 0 0 2.2 3.4 5 6 6.5 7.8 9.7 11 20.1 23.4 22.6 21.7 21 19.5 19 18.8 16 11.3 12.3 16.3 16.2 10.1 11.6 11.3 10.6 12 11.6 12.5 13.3 13.8 14.8 14.9 16.7 18.1 21.5 23.5 22.3 22.2 22.9 26.4 29 29.8 29.1 29.3 30.5 31.1 32.8 36.4 42.1 43.5 45.9 50 53.2 55.6 55.1 55.2 54.7 58.1 61.1 63.9 69.9 76.2 82.5 88.5 94.1 99.4 102.2 103.9 104.4 105.5 109.4 117.7 116.2 110.9 107.1 103.7 102.2 103.6 101.4 101.2 101.5 102.2 106.1 112.4 114.5 115.8 118
0 0 0 0 1.2 2.8 4.4 4.1 5.4 6.8 9.3 12.8 17.4 22.3 25.3 25.2 24.1 23 22.1 20.9 20 19.3 17.6 14.4 15.8 21.3 23.7 23.3 23.3 23.4 24.1 20.9 13.6 11.6 12.4 13.3 14.2 15.1 15.3 17.7 27.5 28.3 27.2 29.2 30.8 30.4 31.4 31.2 30 31 32 33.1 34.8 38.2 41.8 46.4 51.1 54.5 58 60.5 60.7 60.7 61.2 65.2 68.7 73.8 79 86 94.7 102.7 108.8 110.4 108.1 111.5 111.8 113.8 124.9 126.6 125.9 119.5 110.6 106.3 106.2 104.1 104.4 103.6 103.5 103.7 107.1 110.5 112.7 114.7 116.3
0 0 0 5.9 7.4 6.7 10.2 17 18.6 20.7 23.9 25.9 26.1 26.5 27.9 27.5 26.7 25.7 25.1 24.8 23.7 22.5 22.1 22.5 23.9 25.8 26.9 26.4 26.9 27.7 29.1 26.2 15.8 14.5 12.4 13.7 15.7 17.5 23.5 24.7 32 34.1 38.6 38.1 39.9 40.4 39.3 35.4 32.3 33.9 35.5 38.8 45.5 50.3 53.6 56.3 59.3 60.8 63.4 65.6 66 65.6 67.6 72.2 78.5 85.4 90.8 98.1 107.7 113.9 116.3 115.5 114.1 116.9 118.4 127.5 130.8 127.4 119.7 114.2 110.2 109.6 109.7 110.9 112.1 110.6 107.9 106.7 108.7 107.4 109 110.2 112.3
0 0 4.3 8.1 16.3 18.6 21.9 25.8 29.5 31.3 31.2 30.9 30.1 30.2 31.2 31.4 31.4 31.6 30.4 30.2 29.3 28.5 28.6 29.2 30.3 30.5 30.1 30 29.7 26.9 25.2 25.8 21.7 21.5 21.8 22.5 24.2 26.4 25.9 27.3 34 45.5 47.8 46.9 46.4 47.2 47.6 43.8 43.1 42.7 43.7 46.7 51.5 55.5 58.7 62.5 66.1 68.2 69.5 71.3 72 73.8 79 84.1 91 96.7 102.2 109.3 113.5 115.5 116.3 117.6 117.7 119.5 120.8 123.9 123.4 124.3 124.3 123.6 120.8 118.2 114.8 117.9 118.9 117 114.4 112.6 117.4 117.7 115.4 116.5 118.2
0 0 7.1 15.2 21.8 26.1 29.9 34 37 36.2 36 35.9 35.5 33.4 36 39.1 39.8 38.9 37.1 35.2 34.4 33.7 32.9 32.4 31.7 31.3 30.8 30 29.6 29.8 31.1 31.4 29.5 29.7 31.4 33.8 36.6 38.5 38.1 33 36.2 49.5 55.7 59.4 57.7 56.4 54.8 54 54.3 53.2 53.1 53.2 56.6 60.7 65.4 69.2 72.5 75.6 76.8 78.4 81.2 85.4 90.6 93.1 97 102.1 107 112.2 115.1 116.9 117.4 118.6 120.9 122.1 124.8 129.1 131.7 133.2 133 131.3 129.3 123.5 122.2 125.9 124.4 122.3 120.6 119.5 122.6 124.2 123.4 123.2 123.8
