webserver/python/data/NR76.asc
ncols 200
nrows 200
xllcorner 170000
yllcorner 660000
cellsize 50
[rows 105 to 139 of 200, columns 0 to 79 of 200]
-0.1 -0.1 -0.1 -0.1 -0.1 -0.1 -0.1 5.7 20.6 28.9 36.8 42.2 45.4 47.9 50.1 51.8 53.1 53.5 52 52.3 55.8 59.5 60 59 57.9 56.7 57.1 57.7 57.1 61.2 65.4 67.3 69.2 71.9 72.5 72.9 73.1 73.7 74.3 73.7 77.2 81.5 85.8 91.1 94.5 96.6 97.4 99.5 106.5 113.9 124.4 133.9 138.3 143.1 147.3 147.5 144.8 144.4 144.5 143.8 144.3 146.6 149 149.7 150 149.8 151.7 150 148.9 147.1 145.4 144.9 143.2 142 140.8 140.8 140.5 140.2 138.6 136.3
-0.1 -0.1 -0.1 -0.1 -0.1 -0.1 -0.1 12 27.1 35.4 42.4 45 45.4 47.2 49.7 51 52.3 54.1 55.8 59.1 60.9 60.7 60.1 59.4 58.6 58 57.6 56.3 57 61 65 67 68.9 70.7 71.9 72.5 71.5 71.4 72.1 76.1 80.4 84.2 87.8 91.3 94.8 97.3 98.9 103 111 119.1 129.4 139.1 142.3 148.1 153.3 149.5 144.7 143.8 144.4 144.9 144.7 146.6 149.1 152 153 155.3 157 153.6 148.1 145.7 144 142.8 141.6 140.5 139.3 138.2 138.8 138.8 139.1 134
-0.1 -0.1 -0.1 -0.1 -0.1 -0.1 3.7 22.4 32.1 41.1 43.6 43 44.3 46.6 49.1 50.9 53.8 57.5 59.2 59.9 60.3 60.5 58.9 58.1 57.3 56.4 55.8 55.1 57.4 61.3 64.7 66.5 68.2 69.9 71.3 71.8 71.1 70.1 72 76.5 81 84.4 88.2 91.9 95.4 98.5 102.6 106.5 113.9 119.8 130.1 140.7 146.5 151.4 151 146.7 143.1 141.8 142.2 142.8 143.9 145.8 149.1 153.1 156.8 157.5 152.2 147 145.9 144.3 142.6 141.3 140.1 139 137.9 136.7 135.6 136.5 137.7 132.4
-0.1 -0.1 -0.1 -0.1 -0.1 0.8 6.6 26.1 37.4 41.5 39.9 40.8 43.3 46.3 49.3 52.6 54.5 56.4 57.2 57.8 59 60 57.5 56.7 55.8 54.9 54.2 53.9 57.6 61.1 63.7 65.6 67.4 69.2 70.8 70.9 69.5 68.2 71.9 76.8 81 84.8 88.5 92.3 96 99.4 104 108.8 114.5 120 127.9 135.5 138.8 138.1 137.9 137.5 138 138.9 139.6 141.2 142.7 144.6 147.7 151.4 152.5 149.5 147.5 146.1 144.7 142.9 141.1 139.8 138.7 137.5 136.4 135.2 134.3 133.4 134.3 129.7
-0.1 -0.1 -0.1 -0.1 -0.1 2.1 17.3 32.4 40.4 39.2 38.1 39.9 42.4 45.7 48.9 49.9 51.1 54.7 55.6 57.6 58.3 57.2 55.2 54.8 54.1 53.3 52.8 54.1 56.5 59.7 61.7 63.6 65.5 67.3 68.5 68.3 67.5 67.7 72.1 77 81.3 85.1 88.8 92.6 96.3 100 104.5 109 114.6 120.6 124.3 126.2 127.2 129 129.6 132.3 133.9 135.7 137 139.5 141.9 144.8 148.4 150.2 150.3 149 147.9 147.1 144.9 142 139.7 138.3 137.2 136.3 135.4 134.5 133.6 133.1 133 128.4
-0.1 -0.1 -0.1 -0.1 -0.1 4.8 24.7 36.7 39 38.2 36.8 38.8 40.3 41.4 43.9 45.4 47.9 52.1 54.5 55.6 55.5 53.8 52.9 52.7 52.1 51.6 51.7 54 56 57.8 59.6 61.6 63.4 64.8 65.2 65.7 65.5 68.7 72.4 76.9 81.2 84.8 88.5 92.2 95.9 100.1 104.6 109.2 113.5 118.7 122.3 122.1 122.4 124.3 125.4 127.8 130 132.5 137.1 141.5 145.5 149 150.8 151.4 151.5 150.4 149.4 148.8 145.9 143 140.1 137.5 136.5 135.6 134.7 133.8 132.9 132.5 130.8 127.4
-0.1 -0.1 -0.1 -0.1 -0.1 6.1 29 37.4 35.3 34.5 34.6 36.2 37.6 38.5 39.4 43.3 47.8 50.4 51.8 52.4 51.2 50.3 50.4 50.7 50.4 50.4 51.4 53.4 55.4 57.7 58.6 61.4 61.6 62.7 62.9 63.4 66.2 70.2 73.2 77.4 81.1 84.6 88 91.8 95.8 100.1 104.6 108.8 112.6 117.5 119.1 119.9 121.3 121.8 122.3 123.3 126.6 132.4 138 144.1 147.6 150 151 152.1 152.7 151.9 151.4 150.3 146.9 144.1 141.3 138.3 136.1 135.1 134.1 133.1 132.2 132 129.4 126.6
-0.1 -0.1 -0.1 -0.1 3.3 17 32.9 34.4 32.3 31.2 31.5 33.1 34.9 36.2 38.9 43.5 46.1 48.2 48.8 48.5 47.4 47.4 47.7 47.9 47.7 49.9 51.3 52.9 54.8 57.1 59.4 60.6 60.2 60.6 60.6 63.2 67.4 71.7 74.9 77.5 80.4 84 87.6 91.5 95.8 100.1 104.6 108.4 112.2 115.1 117.4 119.6 120.5 122 123.2 125.6 128.9 135.9 141.9 145.6 148.6 150.2 151.4 152.5 153.5 153.9 154 151.6 147.6 145.2 142.4 139.3 136.7 134.8 133.7 132.7 132 132.3 130 123.2
-0.1 -0.1 -0.1 -0.1 6.1 25.3 31.5 30.1 28.9 27.8 28.5 29.8 32.4 35.8 38.9 41.6 44 45 45.6 45.2 44.6 44.5 45 45.1 46.4 49.6 51.2 52.7 54.3 56.3 57.6 58.9 58.9 58.3 59.7 64.1 68.5 72.6 74.5 76.6 79.7 83 86.5 91 95.8 100.2 104.2 107.8 111.4 113.9 116.4 120 122 123.7 125.1 127 131.6 137.7 143.4 146.9 149.2 150.9 153 154.5 155.4 156.5 156.5 153.1 148.6 146.4 143.1 140.4 137.7 135.2 133.4 132.7 132.2 130.5 126.5 128.9
-0.1 -0.1 -0.1 1 15.9 27.8 28.3 26.8 26.6 26.6 27.2 28.4 31.3 34.7 37.5 39.9 41.2 41.9 42.5 42 41.2 41.5 42.3 45.4 48 49.3 50.4 51.4 52.5 53.6 54.9 56.1 54.9 57.3 61.8 65.2 69.5 71.3 72.9 76 80.4 83 86.6 92.4 96.8 100.4 104 107.7 111.5 116.6 119.9 122.9 124.6 125.3 128.7 131.1 133 138.6 142.9 145.2 148.2 152 154.8 156.5 157.5 158.5 159.4 156.9 152.9 145.9 142.3 141.3 141.5 136.6 133.8 131.6 129.7 128 131.5 130.6
-0.1 -0.1 -0.1 4.6 22.6 25.6 25.5 25.4 25.4 26 26.6 28.6 30.9 33.6 35.8 37.8 38.2 38.8 39.4 39.1 39.7 42.5 45.3 48.5 49.4 49.6 50.2 51.2 52.2 51.9 51.6 51.9 55.2 59.9 64.1 67.3 68.7 70.1 71.6 76 80.7 83.6 88.1 94.6 100.9 106.3 110.8 113.5 116.7 120.6 123.2 126.2 128.1 129 132 135.7 136 137.1 141.4 145.2 149 152.9 157.1 158.3 159.2 160 160.8 159.8 154 146.3 141.2 145.8 144.8 138.9 135.3 132.7 130.5 131.2 133 132
-0.1 -0.1 -0.1 5.5 23.6 24.4 25.6 25.3 25.3 25.5 26.7 28.8 31 32.6 33.9 34.8 36.1 37.1 38 39 40.9 44.6 46.7 48.4 49.4 50.2 50.5 51.4 51.1 50.5 50.1 53 57.5 62.2 65.1 67.3 68.2 69.1 71.9 77.1 82.2 85.5 90.3 97.9 105.1 111.9 117 123.2 123.3 124.7 127.2 129.5 131.7 134.5 137.7 139.6 140.1 141.8 142.9 146 150.5 155 159.8 158.8 159.7 160.4 161.2 155.7 148.7 142.7 140.9 142.7 144.2 139.6 136.7 134.3 132.2 134.3 134.6 132.7
-0.1 -0.1 -0.1 3.8 19.7 22.7 26.1 25.9 26.2 27 28.2 30.1 30.5 30.8 31.8 32.6 34.9 35.9 37.1 38.6 40.4 44.1 46.1 47.8 49.2 49.3 49.2 48.9 48.5 48.7 50.5 54.7 59 62.1 65.1 66 67.8 68.5 73.8 79.2 83.8 87.8 93.5 103.9 111.6 117.7 127 132.4 130.8 129.4 131.5 134 137.8 142.3 144.9 145.5 146.8 146.1 145.4 147.8 152.7 157.6 157.4 160.6 162.6 161.6 156.6 150.9 144.4 140.7 139.8 140 140.4 139.9 137.3 135.5 137.8 139.6 139.7 136.6
-0.1 -0.1 -0.1 2.7 12.3 23.8 26.2 28 29.4 29.6 30.3 30.8 29.1 28.7 29.3 30.8 33.3 35.3 36.8 38.2 40.2 43 45.4 46.4 46.7 46.5 46.6 46.4 46 48 50.9 54.5 58.5 62.2 65.2 65.1 65.6 69.2 75.6 82.2 88.2 93.4 102.2 113.7 122 126.9 135.4 139.1 137.9 134.5 136.3 140.2 145.1 149 150.5 151.3 150.9 149.4 147.8 150.8 151.4 157.1 154.7 157.6 160.7 156.1 151.7 146.4 140.7 139.4 138.9 140.5 139.4 137 139.5 144.9 148.9 149.4 147.6 144.5
-0.1 -0.1 3.2 8.3 11.6 10.6 10.9 23 30.5 29.8 28.9 27.9 27 26.5 27.7 29.9 32.3 34.7 36.2 37.6 39.8 42.3 43.3 43.4 43.6 43.8 44.5 45.6 46.5 49 51.4 55.5 59.8 63.8 66.2 66.8 67.8 72.9 79.7 86.6 93.2 101 109.7 122.2 130.5 138.2 141.6 143.4 141.8 139.5 141.1 144.9 151.5 153.8 155.5 155 153.6 152.1 150.7 154.3 152.2 152.5 149.7 154 153 149 146.6 142.5 140.1 139.3 138.4 140 139.6 144.4 150.9 155.3 159.3 159.9 158.5 155.3
-0.1 -0.1 4 7 7.8 7.2 8 9.8 17.9 26.4 25.8 25.1 23.2 25.1 27.3 29.8 32.4 33.7 35.6 37 38.6 40.4 41 40.9 41.2 43.1 45.8 46.7 47.3 49.8 52.3 55.6 60 64.2 66.5 67.7 71 76.6 83.6 90.5 97.9 107.6 118.3 127.6 134.8 137.8 140.3 142.2 143.4 144.5 147.9 151.4 156.3 156.7 158.3 158.4 156.6 154.2 152.1 154.2 152.2 149.1 147.9 147.9 147.7 145 142.5 141 139.8 139.3 140.5 142.1 148.5 154.6 158.5 163.1 168.8 171.5 167.4 161.6
-0.1 -0.1 4.3 5.9 4.1 4.5 5.9 7.6 10.7 19.1 22.6 19.1 23.6 25.7 28 30.3 31.3 32.7 34.7 36.3 37.5 37.9 37.9 38.9 41.7 44.5 46.3 47.1 48.3 50.6 53.2 55.8 60.3 64.7 66.9 69.6 74.6 80.5 86.3 93.2 103.2 113.1 120.4 127.9 134.3 136.8 140.6 145.2 150.1 155.4 159 160.9 160.8 160.6 161.1 160.3 157.6 155.2 153.5 153.2 152.3 149.1 147 145.4 145.4 142.5 140 139.7 139.6 140.9 145.1 151.2 157.1 161.5 165 169.8 175.9 178.6 173.1 162.6
-0.1 -0.1 -0.1 1.7 1 2.1 4 6.2 8.7 11.2 19.5 23.2 24.5 26.4 28.2 29.9 30.1 31.5 32.7 34.6 35.3 34.6 37.6 40.6 42.9 44.5 45.3 46.7 49.7 52.6 53.3 56.6 61.7 66.1 69.1 72.4 76.9 83 89.2 97.2 106.9 115.7 121.6 127.9 134.2 139.1 142.8 149.7 156.8 161.2 163.5 162.7 162.4 162.3 163.4 160.8 158.3 156.4 154.8 153 151.7 148.2 145.9 144.1 142.9 141.2 142.1 141.2 141.8 146.2 152.3 159.2 164.3 168.8 171.8 176.9 182.1 183.4 165.1 153.7
-0.1 -0.1 -0.1 -0.1 -0.1 -0.1 2.4 4.7 6.8 11 22 24 24.8 26.7 28.4 28.3 28.5 29.8 30.7 30.1 33.7 37.1 39.6 40.8 41.3 43.1 45.1 46.8 50.1 53.8 55.6 58 63.5 68.5 71.8 75.2 79.1 85.3 92.7 100.6 109.3 116.3 122.6 129.1 134.5 139.9 145.2 152.3 159.6 163.8 163.7 164.1 164.1 164.6 164.3 161.5 159.2 157.3 155.5 153.4 150.7 147.6 144.5 142.7 141.2 142.8 143.9 144 147.7 154 160.4 165.5 171.1 176.2 182.3 183.8 180.3 170.3 154.8 151.7
-0.1 -0.1 -0.1 -0.1 -0.1 -0.1 -0.1 3.4 6.1 10.9 22.8 24.8 25.7 26.9 26.4 25.8 26.8 28.5 29.2 31.7 35 37.6 38.4 39.1 41.2 43.3 45.4 47 50.2 54.7 57.1 60.2 65.1 69.5 73.8 77.9 81.5 88.6 96.5 104.4 112.4 117.8 124.4 131.7 137.8 143.8 149.7 155.1 159.2 162.1 163.5 165.9 166.9 168.3 167.6 165.1 160.8 158.3 154.8 152.8 149.7 146.4 143.4 142.4 141.9 143.9 145.8 149.3 155.4 162 168.2 173.4 177.3 180.9 185.7 180 170.2 157.9 153.5 149.8
-0.1 -0.1 -0.1 -0.1 -0.1 -0.1 -0.1 2.9 5.9 9.1 22 24.4 25.1 24.5 23.9 24.8 26.4 27.6 29.7 31.5 34 36.4 37.3 39.5 41.6 43.7 45.6 48.5 52.6 54 56.8 60.3 64.9 69.6 74.6 79.2 84 92 100.1 108.1 115.8 122.6 129.4 135.7 141.5 146.9 152.1 157.3 158.3 161.3 165.7 169.8 172.1 174.2 172.7 169.4 164.7 159.7 154.6 151.9 148.7 146.7 145.1 144.5 144.7 147.2 151.2 154.9 164.4 172.6 174.3 178.2 179.7 180.7 178 166.3 164.6 154 150 147
-0.1 -0.1 -0.1 -0.1 -0.1 -0.1 -0.1 2.5 4.9 7.5 23.3 23.6 22.5 21.9 23.4 24.9 26.6 28.3 29.5 30.7 33 35.2 37.4 39.7 41.8 43.9 47.2 50.3 52.7 54.1 56 59.2 63.7 69.4 76.4 81.6 87 95 103.1 111.9 120.2 127.2 134.2 140.3 146 148.6 151.7 155.4 158.9 162.6 168.8 175.3 180.1 181.7 178.1 171.5 163.6 154.5 152.5 157.2 152.3 148.8 146.2 145.9 146 149.5 155.5 165.2 176.4 177 175.2 175.8 175 174.6 161.7 160.3 153.2 150.6 147.3 144.6
-0.1 -0.1 -0.1 -0.1 -0.1 -0.1 -0.1 2.1 4.8 6.8 20.8 19.5 19.2 22 23.5 25.1 26.7 27.6 28.6 30 32.1 35.6 37.7 39.7 42 44.3 48.2 51.7 53.6 55.1 54.9 58.4 64 70 77.1 83.9 90 98 106.7 116.2 124.5 131.7 136.8 143.9 149.6 151.6 151 152 157.8 163.6 171.3 177.9 184.2 179.6 170 163.4 154.8 153.5 154.8 156.8 151.3 149.7 147.2 148.6 147.3 151.6 161 173.7 177 175.4 173.2 172.4 168.9 160 156.2 154.7 149.9 148.4 145.3 142.4
-0.1 -0.1 -0.1 -0.1 -0.1 -0.1 -0.1 2.5 4.8 7.8 15 17.7 19.9 21.8 23.5 25.2 25.8 26.4 27.9 29.4 32.5 36.3 38.6 40.4 42.2 44.7 48.9 52.1 53.5 53.7 55.4 57.9 64.3 70.6 77.9 86.3 93 101.6 111.1 120.5 128.2 134 137.6 139 143.5 149.2 150.9 149.2 155.4 164.5 171.3 176.1 168.6 161.4 154.2 153.4 156.3 155.9 155.8 154.5 152.8 150.6 153.3 154.5 153.3 158.6 164 166.2 166.2 169.4 171.3 165.7 160.6 160.2 153.2 147.7 146.6 145.3 142.9 139.2
-0.1 -0.1 -0.1 -0.1 -0.1 -0.1 -0.1 3.1 5.3 10.3 15.6 18.4 19.8 21.5 23.1 23.7 24.2 26 27.7 29.5 32.7 35.9 38.1 40.2 43 45.7 51.3 54.4 56.2 55.9 57 59.5 63.8 70.4 77.3 87.6 97 105.8 115.2 123.8 130.2 131.5 136.5 136.9 137.4 147.3 152 151.2 149.6 160.1 164 158.8 156.3 151.8 157.1 159.5 160.5 159 157.2 157 157.7 158.3 160.4 161.1 157.5 165.3 167.9 165.5 164.4 163.8 162.3 162.6 162.3 159.3 151.1 143.1 141.2 140.2 138.6 134.5
-0.1 -0.1 -0.1 -0.1 -0.1 -0.1 -0.1 -0.1 5.1 10.9 15.4 17.7 19.4 21 22.2 23.3 24.5 25.8 27.5 29.9 33.1 36.7 40 42.4 45.3 47.8 52.6 54.6 56.2 56.7 56.7 58.8 65.9 70.7 80.4 91 101.6 110.9 118.7 124.9 128.2 130.3 134.9 133.6 133.3 142.9 150.2 149.8 143.7 141.2 150.2 146.9 148.5 154.4 157.5 160.6 163.2 164.1 168.1 167.6 166.1 166.9 169 167.5 162.9 166.6 167.4 167.3 166.6 164.5 161.3 163 162.7 155.9 142 139 138.4 138.5 137.8 130
-0.1 -0.1 -0.1 -0.1 -0.1 -0.1 -0.1 -0.1 5.1 8.6 9.9 14.4 17.9 19.9 21 22.8 24.4 25.8 27.8 30.2 33.9 37.6 41.3 44.4 46.7 49.5 51.2 52.2 55 54.7 55.1 60.4 67.9 73.4 85.2 95.1 105 114.5 121.1 124.7 127.4 126 127.7 125.9 129.7 136.5 141.1 143.9 138.7 133.7 144.5 149.3 152.2 154.2 157.3 161.1 165.7 171.3 177.5 180.1 177.3 173.3 169.9 169.4 168 170.3 171.1 170.1 168.5 165.9 163.1 159.2 155.2 149.1 140.1 137.4 136.1 138.6 134.3 123.7
-0.1 -0.1 -0.1 -0.1 -0.1 -0.1 -0.1 -0.1 3.2 5.6 8.1 11 17 19.8 20.8 22.5 24 26.4 28.9 31.2 34.5 38.2 41.9 45 47.6 51.9 53.5 52.8 54 53.3 54.1 59 67.2 79.2 90.3 98.7 106.2 113.1 117.1 118.8 120.1 121 120.3 124.3 126 131.1 131.4 129.5 129 131.3 137.4 148.6 154.3 158 158.2 161.5 169.4 179.2 184.6 187.9 185.8 178 172.5 172.4 174 179.9 181.1 175.3 169.9 167.7 164.3 157.7 150.1 142.8 140.2 137.5 135.8 133.2 126.6 118.8
-0.1 -0.1 -0.1 -0.1 -0.1 -0.1 -0.1 1 3.4 6.1 8.3 10.6 15.6 18.5 20.5 22.5 25 27.4 29.9 32.3 35.1 38.8 42.6 45.9 48.8 51.9 51.7 52.3 52.9 53.2 53.9 59.7 71.8 85.8 93.2 97.8 105 109.1 112.1 113.6 115.2 113.4 118.4 121.2 120 122.3 117.8 126.7 136.2 140.6 139 142.1 157.1 160.5 158.5 159.8 173.5 185.4 191.5 192.9 190.5 180.3 178.3 179.1 180.5 190.3 188 177.7 170.4 167.3 163.8 151.8 143.2 141.3 139 138 133.7 125.6 122.3 118.1
-0.1 -0.1 -0.1 -0.1 -0.1 -0.1 -0.1 2.6 3.4 5.7 8 10.3 15.2 17.4 20.4 22.9 25.5 28.1 30.7 33.3 35.8 39.4 43.1 46.9 49.6 49.8 51.5 54.4 53.6 54.2 55.2 63 75 87.3 93.3 98.1 102.2 105.8 107.2 109.1 111 110.5 112.2 109.5 111.5 120.5 128.4 137.7 146.3 150.5 151.1 142.8 145.9 150.3 155.5 158.7 178.7 192.7 197.7 198 188.7 194.5 196.5 186 186.3 186.9 184.9 176.2 176.6 170 157.9 151.8 143 141 141.8 134.7 126.9 121.8 118.8 116.4
-0.1 -0.1 -0.1 -0.1 -0.1 -0.1 3 3.5 3.3 4.5 6.8 9.1 13.5 16.7 19.9 22.3 24.9 27.5 30.1 32.7 35 39.2 42.9 47.6 46 49 52.2 53.5 55.9 56.1 58.2 65 77.1 87.2 92.7 95.2 98.5 100.9 102.2 103.8 105.2 106.6 103.4 109.3 118.1 129.3 139.2 147.5 154.1 157.7 157.6 154.2 151.1 151.3 152.4 161.6 180.9 193.3 197.6 195.5 200.4 209.5 206.1 188.4 189.1 187.3 183.1 182 179.9 173.3 152 144.9 143.3 144.5 144.4 139.2 124.9 118.1 111.6 108.5
-0.1 -0.1 -0.1 -0.1 -0.1 2 2.8 3 3.6 4 5.5 8.1 11 16.1 19.4 21.8 24.3 26.9 29.5 31.5 34.3 38.6 42.8 44.1 45.2 50.7 51.4 52.9 57.2 61 62.9 67.4 80.2 88.1 91.2 93.2 94.8 95 95.6 95 94.6 100.5 108.2 115.7 126.5 138.7 148.6 153.2 159.1 162.1 160.3 157.2 153.4 153.9 157.5 162.2 181.8 190.7 191.1 200.2 208.6 207.7 199.9 188 189.6 183.9 186.5 184 180 173 150.9 144.6 147.1 146.3 144.5 137.4 130.1 122.9 109.9 106.3
-0.1 -0.1 -0.1 -0.1 -0.1 2.1 2.6 2.8 3.1 3.7 4.5 6.8 9.9 15.3 18.9 21.3 23.7 26.2 28.2 30.7 33.4 37.5 41.3 42.9 46.4 48.8 50.2 55.8 61.1 66.6 67.1 68.7 81.5 86.1 88.1 90.1 90.5 90.3 86 92.9 98.9 106.6 113.5 123.8 135.1 147.7 154.3 159.2 161.9 162.2 162.6 160.4 157.1 157.5 162.4 169.2 170.2 182.1 195.8 200.9 200.6 199.7 193 180 179.6 185.2 188.3 185.9 180.2 162.7 149.6 146.5 147.7 143.8 141.5 138.3 136.1 126.9 109.4 105.4
-0.1 -0.1 -0.1 -0.1 -0.1 -0.1 2.1 2.5 2.7 3.4 4.3 5.8 9.8 15.4 18.3 21 23.4 26.1 28.3 30.3 33.9 37.6 40.1 41.6 45.2 47.8 52.3 58.7 64 68.1 66.2 70.5 79.4 82.6 84.9 85.9 85.5 86.6 98.7 105.1 107.9 113.8 119.3 127.9 141.4 151.5 157.7 161.2 161.5 161.8 163.7 162.6 161 162 161.7 163.4 164.5 182.2 190.7 194.7 198.5 194.4 181.5 170.4 173.7 183.7 186.7 181.6 169.9 154.9 151.3 150.6 147.7 143.8 140.5 139.3 133.7 119.7 109.6 105.5
-0.1 -0.1 -0.1 -0.1 -0.1 -0.1 -0.1 -0.1 2.2 3.2 3.9 5.3 10.2 15 17.8 20.9 23.1 24.9 26.9 29.3 34.1 38.1 39.9 40.9 44.5 49.5 54.5 61.4 65.4 68.2 62.4 68 74.9 78.6 81.2 76.2 83.8 96.2 106.3 115.6 121.7 125.4 130.4 134.5 139.5 146.9 156 160.3 159.7 161.4 164.1 162 158.6 160.2 161.4 167.8 177.9 186.2 189.3 192.4 195.4 181.3 162.7 171.4 177 174.9 178.6 171.3 155.1 153 153.4 150.2 146 145.7 139.7 130.2 128.8 111.2 107 103.5
