webserver/python/data/NR86.asc
ncols 200
nrows 200
xllcorner 180000
yllcorner 660000
cellsize 50
[rows 144 to 179 of 200, columns 0 to 81 of 200]
11.7 14.3 15.9 10.1 3.6 -0.5 -0.5 -0.5 -0.5 -0.5 -0.5 -0.5 -0.5 -0.5 -0.5 -0.5 -0.5 -0.5 -0.5 -0.5 -0.5 -0.5 -0.5 -0.5 -0.5 -0.5 -0.5 -0.5 -0.5 -0.5 -0.5 -0.5 -0.5 -0.5 -0.5 -0.5 -0.5 -0.5 -0.5 -0.5 -0.5 -0.5 0.9 1.4 2.1 2.3 2.9 8.9 12.6 15.3 16.8 21.6 28.3 32.7 37.1 41.4 46.1 50.8 50 51.3 54.4 63.5 70.9 73.1 76.8 86.8 95.6 101.8 110.7 127 139.4 142.8 148.8 157.7 167.8 177.2 190.3 192.6 191 180.7 188.2 195.6
13.5 16.2 15.8 7.1 -0.5 -0.5 -0.5 -0.5 -0.5 -0.5 -0.5 -0.5 -0.5 -0.5 -0.5 -0.5 -0.5 -0.5 -0.5 -0.5 -0.5 -0.5 -0.5 -0.5 -0.5 -0.5 -0.5 -0.5 -0.5 -0.5 -0.5 -0.5 -0.5 -0.5 -0.5 -0.5 -0.5 -0.5 -0.5 -0.5 -0.5 -0.5 1.1 2 3.6 5.1 7.8 12.2 21.8 18.1 21.7 28.5 33.5 38 42.3 46.6 50.8 52.8 50.6 54.1 62.5 69.8 73.9 77.2 81.9 89.8 98.6 102.4 118.1 129.4 138.5 141.4 153.8 158.8 167.3 187.7 192.4 192.2 180.8 177.9 185 194.3
10.3 16 7.2 2.7 -0.5 -0.5 -0.5 -0.5 -0.5 -0.5 -0.5 -0.5 -0.5 -0.5 -0.5 -0.5 -0.5 -0.5 -0.5 -0.5 -0.5 -0.5 -0.5 -0.5 -0.5 -0.5 -0.5 -0.5 -0.5 -0.5 -0.5 -0.5 -0.5 -0.5 -0.5 -0.5 -0.5 -0.5 -0.3 1.1 0 0.1 1 1.9 3.2 5.4 13.1 19.9 20.4 24.2 30.7 38.1 43.4 48.2 49.8 52.6 55.1 53.4 52 55 66.3 72.9 77.1 81.8 89.5 96.6 98 105.2 122.6 132.8 134.8 140.7 152.9 156.3 173.8 183.2 186.1 181.7 175.1 183.7 182.7 189.5
5.8 3.8 2.6 -0.5 -0.5 -0.5 -0.5 -0.5 -0.5 -0.5 -0.5 -0.5 -0.5 -0.5 -0.5 -0.5 -0.5 -0.5 -0.5 -0.5 -0.5 -0.5 -0.5 -0.5 -0.5 -0.5 -0.5 -0.5 -0.5 -0.5 -0.5 -0.5 -0.5 -0.5 -0.5 -0.5 -0.5 -0.5 4.3 1.3 0.8 1 1.1 1.7 3 5.8 14.4 16.1 23.7 35 43 46.3 51.7 56 60.3 62.2 58.7 54.5 55.6 60.5 69 76.6 85.5 90.5 96.4 97.8 100.3 105.5 123 128.3 133.4 140.8 147.5 158.8 165.7 173 174.9 169.2 181 190.3 188.5 192.1
2.9 -0.5 -0.5 -0.5 -0.5 -0.5 -0.5 -0.5 -0.5 -0.5 -0.5 -0.5 -0.5 -0.5 -0.5 -0.5 -0.5 -0.5 -0.5 -0.5 -0.5 -0.5 -0.5 -0.5 -0.5 -0.5 -0.5 -0.5 -0.5 -0.5 -0.5 -0.5 -0.5 -0.5 -0.5 -0.5 -0.5 3.5 5.3 2.3 1.3 1.3 1.3 1.6 3.7 9.1 11.4 18 31.9 43.9 50.4 53.6 58.8 65.1 67 62.4 62.8 58.5 57.7 65.4 72.4 83.8 92.3 98.2 99.4 102 104.8 104.8 113.6 126.9 134.1 139.3 146.7 158.1 162.9 167.6 164.4 173.8 185.1 186.7 188.7 192.1
1.4 -0.5 -0.5 -0.5 -0.5 -0.5 -0.5 -0.5 -0.5 -0.5 -0.5 -0.5 -0.5 -0.5 -0.5 -0.5 -0.5 -0.5 -0.5 -0.5 -0.5 -0.5 -0.5 -0.5 -0.5 -0.5 -0.5 -0.5 -0.5 -0.5 -0.5 -0.5 -0.5 -0.5 -0.5 -0.5 -0.5 3.1 3 2.2 1.3 1.3 1.3 2.2 6 13.6 17.8 28.2 42.5 57 60.2 61.4 68.1 71.4 72.5 65.2 60.9 60.2 62.4 67.5 78.4 86.7 94.2 99.9 104.4 108 110.6 112.8 113.8 125.6 133.9 139 147.8 155.2 157.5 158.9 164.9 176.2 187.6 195.6 199.6 195.8
-0.5 -0.5 -0.5 -0.5 -0.5 -0.5 -0.5 -0.5 -0.5 -0.5 -0.5 -0.5 -0.5 -0.5 -0.5 -0.5 -0.5 -0.5 -0.5 -0.5 -0.5 -0.5 -0.5 -0.5 -0.5 -0.5 -0.5 -0.5 -0.5 -0.5 -0.5 -0.5 -0.5 -0.5 -0.5 -0.5 -0.5 -0.5 3 0.9 1.3 1.3 1.3 2.8 6.1 16.8 21.9 33.9 49.4 63.4 62.5 66.1 70.3 78.1 73 59.7 56.3 56.9 61.4 69.5 78.2 87 95.7 103.5 110.4 114.8 116.9 122.3 125.3 123.1 134.1 137 142 149.6 155 163.7 173.3 184 193.5 202.2 208.5 203.9
-0.5 -0.5 -0.5 -0.5 -0.5 -0.5 -0.5 -0.5 -0.5 -0.5 -0.5 -0.5 -0.5 -0.5 -0.5 -0.5 -0.5 -0.5 -0.5 -0.5 -0.5 -0.5 -0.5 -0.5 -0.5 -0.5 -0.5 -0.5 -0.5 -0.5 -0.5 -0.5 -0.5 -0.5 -0.5 -0.5 -0.5 -0.5 0.3 0.6 1.1 1.3 1 3.3 7.6 16.4 26.8 40.1 54.5 62 64.4 69.6 75.7 71.7 65.5 53.8 54.1 55.3 60.8 65.6 78.4 89.7 101.4 110.3 115.8 119.9 122.9 132.3 136.8 130.4 139.2 141 146.5 153.5 157.5 167.5 179.9 188.6 199.7 210.4 210.5 206.8
-0.5 -0.5 -0.5 -0.5 -0.5 -0.5 -0.5 -0.5 -0.5 -0.5 -0.5 -0.5 -0.5 -0.5 -0.5 -0.5 -0.5 -0.5 -0.5 -0.5 -0.5 -0.5 -0.5 -0.5 -0.5 -0.5 -0.5 -0.5 -0.5 -0.5 -0.5 -0.5 -0.5 -0.5 -0.5 -0.5 -0.5 -0.5 -0.5 0.2 0.7 1.3 1.3 3.3 6.8 16.4 27.2 42.4 50.3 55.8 64 67.4 66.6 62.2 55.6 51.1 51.4 54.8 58.7 68.1 81.7 93.6 104.7 113.4 121.3 121.6 126 143.1 148.9 150.5 141.4 147.1 152.1 155.5 158.6 170.8 183.5 193.1 204.2 210.2 210 199.8
-0.5 -0.5 -0.5 -0.5 -0.5 -0.5 -0.5 -0.5 -0.5 -0.5 -0.5 -0.5 -0.5 -0.5 -0.5 -0.5 -0.5 -0.5 -0.5 -0.5 -0.5 -0.5 -0.5 -0.5 -0.5 -0.5 -0.5 -0.5 -0.5 -0.5 -0.5 -0.5 -0.5 -0.5 -0.5 -0.5 -0.5 -0.5 -0.5 0.1 0.5 1 1.4 3.6 7.8 19.2 25.7 34.7 43 52.8 56.3 59.4 54.2 54.5 46.1 47.5 49.3 53.9 59.1 70.9 84.6 96.8 104.8 113.7 117.7 121.2 132.6 140.9 155.7 154.6 143.2 149.6 152.1 150 163.5 178.8 192.3 198.4 200.7 201.6 197.4 196
-0.5 -0.5 -0.5 -0.5 -0.5 -0.5 -0.5 -0.5 -0.5 -0.5 -0.5 -0.5 -0.5 -0.5 -0.5 -0.5 -0.5 -0.5 -0.5 -0.5 -0.5 -0.5 -0.5 -0.5 -0.5 -0.5 -0.5 -0.5 -0.5 -0.5 -0.5 -0.5 -0.5 -0.5 -0.5 -0.5 -0.5 -0.5 0 0.4 0.7 1.2 2.8 7.2 10.2 21 24.8 29.9 36.4 44 50.1 50.9 45.4 39.7 42.2 43 47.1 53.3 60.2 71.1 84.6 94.7 104.7 111.4 117.1 130.6 134.4 138.6 153.2 145.7 140 140 145.5 155.1 171.6 191.5 194.3 196.1 197 194.6 192.7 196.7
-0.5 -0.5 -0.5 -0.5 -0.5 -0.5 -0.5 -0.5 -0.5 -0.5 -0.5 -0.5 -0.5 -0.5 -0.5 -0.5 -0.5 -0.5 -0.5 -0.5 -0.5 -0.5 -0.5 -0.5 -0.5 -0.5 -0.5 -0.5 -0.5 -0.5 -0.5 -0.5 -0.5 -0.5 -0.5 -0.5 -0.5 0.1 0.5 0.8 1.1 1.8 4 10.2 17 19.2 21.9 23.7 28.8 35 39.2 37.5 31.5 33.7 36.5 42 48.2 52.6 62 70.4 82.2 93.1 101.9 108.3 121.2 128.2 132.3 135.2 137.9 132.1 132.2 136.9 144.6 158.3 178.5 187.4 192.7 197.9 199.2 192.6 192.1 190.7
-0.5 -0.5 -0.5 -0.5 -0.5 -0.5 -0.5 -0.5 -0.5 -0.5 -0.5 -0.5 -0.5 -0.5 -0.5 -0.5 -0.5 -0.5 -0.5 -0.5 -0.5 -0.5 -0.5 -0.5 -0.5 -0.5 -0.5 -0.5 -0.5 -0.5 -0.5 -0.5 -0.5 -0.5 -0.5 0 0.2 0.7 1 1.3 1.6 1.9 3.9 7 11.6 16 18.3 20.2 20.7 26.2 25.1 24.9 28.6 31.2 34.1 41.7 46.4 55.2 60.6 67 79.2 91.4 98.8 106 118.7 122.6 126.1 128.7 126.6 126.2 128.3 137.4 153.3 161.3 176.6 184.3 190.2 193.6 190.2 187.3 188.2 189.4
-0.5 -0.5 -0.5 -0.5 -0.5 -0.5 -0.5 -0.5 -0.5 -0.5 -0.5 -0.5 -0.5 -0.5 -0.5 -0.5 -0.5 -0.5 -0.5 -0.5 -0.5 -0.5 -0.5 -0.5 -0.5 -0.5 -0.5 -0.5 -0.5 6.2 3.6 0.4 -0.5 -0.2 0 0.3 0.6 1 1.2 1.3 1.7 2.3 3 4.7 7.9 11.4 15.1 13.3 13.3 16.5 16 20.8 25.7 29.9 36.3 42.4 47.3 52.5 58 65 77.6 90 96.3 103 113.6 121.5 128.3 123.7 122.1 122.9 132.4 141.9 152.6 161.2 173.7 183.8 183.5 178.3 183.8 185.6 183.5 184.6
-0.5 -0.5 -0.5 -0.5 -0.5 -0.5 -0.5 -0.5 -0.5 -0.5 -0.5 -0.5 -0.5 -0.5 -0.5 -0.5 -0.5 -0.5 -0.5 -0.5 -0.5 -0.5 -0.5 -0.5 -0.5 -0.5 -0.5 -0.5 -0.5 5.1 1.3 0.8 0.2 0.2 0.4 0.6 0.9 1.2 1.5 1.7 2.5 3.1 3.6 3.9 5.6 7.2 8.3 9.2 10.5 10.5 14.4 19.4 23.1 28.7 35.8 41.6 46.3 50.8 57.8 63.7 73.6 81.9 91 101 113.2 127.7 131.6 119.1 118.6 124.7 133.3 141.3 150.2 159.1 167.5 176.2 172.7 176.2 179.6 181.2 180.1 180.9
-0.5 -0.5 -0.5 -0.5 -0.5 -0.5 -0.5 -0.5 -0.5 -0.5 -0.5 -0.5 -0.5 -0.5 -0.5 -0.5 -0.5 -0.5 -0.5 -0.5 -0.5 -0.5 -0.5 -0.5 -0.5 -0.5 -0.5 -0.5 1.6 1.4 1.3 1 0.7 0.6 0.7 0.9 1.2 1.8 2.8 3.1 3.4 3.8 4.1 3.9 5 6.5 7.4 8.6 9.1 11.4 14.7 19.5 23.2 28.1 33.2 39.7 45.7 49.7 54.3 61.5 65.9 71.8 85.2 97.2 115.4 123.5 120.7 116.9 114.1 121.8 129.4 136.8 143.1 160.2 165.7 166.3 170.6 170.8 170 170.6 171.9 173.4
-0.5 -0.5 -0.5 -0.5 -0.5 -0.5 -0.5 -0.5 -0.5 -0.5 -0.5 -0.5 -0.5 -0.5 -0.5 -0.5 -0.5 -0.5 -0.5 -0.5 -0.5 -0.5 -0.5 -0.5 -0.5 -0.5 1.5 1.3 1.3 1.2 1.1 1.3 1.1 1.1 1.2 1.4 2.5 2.8 3.5 4.6 4.3 4.5 5.4 4.8 5.7 6.8 7.8 8.1 9.3 10.9 14.8 18.9 22.3 26.6 31.3 37.5 43.2 47 51.5 56.2 61.4 66.2 80.2 94.5 107.5 109.3 115.4 119.2 111.1 118.7 125.5 132.2 148 164.1 168.6 165.4 165.3 166.7 166.5 168.4 171.9 174.7
-0.5 -0.5 -0.5 -0.5 -0.5 -0.5 -0.5 -0.5 -0.5 -0.5 -0.5 -0.5 -0.5 -0.5 -0.5 -0.5 -0.5 -0.5 -0.5 -0.5 -0.5 -0.5 -0.5 -0.5 0.3 1.2 3.6 1.5 1.7 1.9 1.3 2.1 2.1 3.2 3 3 4.6 6.9 10.8 12.7 10.1 10.6 9.7 6.5 6.1 7.3 7.2 8.1 9.3 11.5 14.1 18 21.5 25.4 29.8 34.4 39.8 44.4 47.6 55.7 59.6 65.5 74.6 85.2 95.2 106.5 110.9 106.9 108.1 114.7 121.2 140.1 155.1 167.1 167.9 164.6 162.2 158.9 163.2 166.8 171.1 176
-0.5 -0.5 -0.5 -0.5 -0.5 -0.5 -0.5 -0.5 -0.5 -0.5 -0.5 -0.5 -0.5 -0.5 -0.5 -0.5 -0.5 -0.5 -0.5 -0.5 -0.5 -0.5 -0.5 -0.5 0.3 1.3 1.6 2 2.2 2.5 2.8 3.5 5.5 7.9 8.5 8.6 11.5 14 16.8 20.4 21.1 21.8 19.4 13.3 8.4 8.8 6.8 8.1 9.5 12.7 15.5 17.8 21 24.6 28 32.3 35.6 39.2 48.4 54.2 60.2 66 69.2 77.4 87.4 94.9 98.9 102.6 102.6 109.8 126.4 152 162.6 161 161.3 156 151 152.6 160.7 168.7 174.2 179.4
-0.5 -0.5 -0.5 -0.5 -0.5 -0.5 -0.5 -0.5 -0.5 -0.5 -0.5 -0.5 -0.5 -0.5 -0.5 -0.5 -0.5 -0.5 -0.5 -0.5 -0.5 -0.5 -0.5 -0.3 -0.5 -0.5 1.5 2.1 2.7 2.9 3.1 7.4 10.8 12.7 14 15.8 18.9 21.4 23.8 27 30.1 30.5 25.6 20.7 9.6 12.2 8.7 8.8 10 13.5 16.9 18.6 21.5 24.5 27 30.2 34.3 40.5 46.7 52.8 59.6 62.7 65.5 72.2 82.4 85.6 91.1 101 108.4 115.5 130.6 150.6 148.6 150 148.7 146.6 144.4 153 161.6 167.5 171.6 176.8
-0.5 -0.5 -0.5 -0.5 -0.5 -0.5 -0.5 -0.5 -0.5 -0.5 -0.5 -0.5 -0.5 -0.5 -0.5 -0.5 -0.5 -0.5 -0.5 -0.5 -0.5 -0.5 -0.5 0.5 0.9 1.3 1.8 2.2 2.8 3.3 5.9 11.9 17.5 18.5 18.9 20.4 23.8 27.2 30.3 32.9 35.4 35.9 30.1 22.7 20.9 15.9 10.2 10.4 10.6 12.2 15.2 17.5 21.8 25.6 28 30.9 35.7 40 46 50.6 55.2 59.3 64.2 68.8 75 86.6 96.5 104 111.3 118.1 128.3 136.3 137.3 136.6 133.3 137.9 143.2 150.1 158.4 163.9 165.9 168.3
-0.5 -0.5 -0.5 -0.5 -0.5 -0.5 -0.5 -0.5 -0.5 -0.5 -0.5 -0.5 -0.5 -0.5 -0.5 -0.5 -0.5 -0.5 -0.5 -0.5 -0.5 -0.5 0.6 1.3 1.6 2 2.3 2.6 3 3.4 10.1 18.5 22.3 20.9 21.9 23.3 27.6 30.8 34.2 37.5 38.8 38.3 31.6 23.4 20.6 16.9 13.9 13.9 13.1 12.5 15.6 20.5 24.1 27.6 29.3 33.3 38.1 42.1 45.4 49.2 53.8 58.7 62.2 71.7 82.2 92.2 98.6 104 109.4 116.2 121.4 123.5 125.4 123.5 132.6 137.6 141 146.8 154.2 158 162.5 168
-0.5 -0.5 -0.5 -0.5 -0.5 -0.5 -0.5 -0.5 -0.5 -0.5 -0.5 -0.5 -0.5 -0.5 -0.5 -0.5 -0.5 -0.5 -0.5 -0.5 0.5 0.8 1.4 1.6 2.1 2.7 3 3.3 3.4 5.6 13.5 22.5 24.2 23.1 23.9 27.7 31.2 34 38.2 40.2 38.2 35.8 27.4 23.2 22.1 20.6 21.7 21.2 18.2 13.3 15.8 22.3 25.5 28.8 31.2 35.8 40.5 43.1 43.4 45.7 49.3 57.7 70 77.5 84.5 90.8 95 99.2 103.4 108.9 111.2 113.6 114.8 123.4 128.7 133.1 139.2 146 149.6 154.8 161.2 167.4
-0.5 -0.5 -0.5 -0.5 -0.5 -0.5 -0.5 -0.5 -0.5 -0.5 -0.5 -0.5 -0.5 -0.5 -0.5 -0.5 -0.5 -0.5 1.2 1.6 1.9 2.3 2 2.3 2.8 3.3 3.7 4.1 4.5 7.9 15.9 20.4 22.6 23.6 27 31.9 34.9 39 43.3 37.5 33 26.9 24.6 24.6 25.7 26 26.4 25.7 22.5 17.9 16 17.4 24.6 28.4 31.8 35.3 38.7 38.8 45 50.9 58 65.7 73.2 78.9 83 86.9 88.3 91.7 98 102.5 104 110.1 115.2 119.3 125.1 131.8 139 144.5 147.7 153 158 163.4
-0.5 -0.5 -0.5 -0.5 -0.5 -0.5 -0.5 -0.5 -0.5 -0.5 -0.5 -0.5 -0.5 1.3 -0.5 -0.5 -0.5 1 2.2 2.9 3.3 4.1 3.4 3 3.5 3.9 4.3 5 7 12 15.8 20.2 21.9 24.9 28.7 33.7 35.8 38.9 37.6 31.8 27.8 27.2 27 27 29.4 30.8 30.4 29.6 28.1 24.6 24.5 22.2 20.5 25.7 29 32.6 38.9 44 49.1 55.3 61.9 67.9 73.7 75.9 79.6 81.7 81.1 88.2 94.7 99.1 105.3 110.1 114.7 120 125.9 134 140.3 144.4 145.6 149 154.3 159.1
-0.5 -0.5 -0.5 -0.5 -0.5 -0.5 -0.5 -0.5 -0.5 -0.5 -0.5 -0.5 -0.5 2.2 -0.5 -0.5 0.6 1.8 2.9 3.9 4.7 5.8 5 3.6 4 4.4 5.2 7.4 9.4 12.3 15 18.4 21.3 25.8 29.2 30.9 33.7 35.4 32.5 26.5 26.2 28.2 28.8 30.3 34.2 36 34 32.3 30.2 28.6 31.6 31.6 28.8 23.6 30.2 34.9 42.1 46.5 50.5 55.3 61.2 65.7 67.2 69.4 73 75 79.6 87.4 90.2 97.8 103.6 109.2 117 121.9 128.4 135.4 140.5 142.1 142.7 145.4 150.9 156.2
-0.5 -0.5 -0.5 -0.5 -0.5 -0.5 -0.5 -0.5 -0.5 -0.5 -0.5 -0.5 -0.5 1.3 1.3 0.6 1.3 2.2 2.9 3.7 10.4 8.9 5 4.1 4.6 5.1 6.5 8.7 10.9 12.9 14.7 16 19.4 22.9 26.6 28.8 31.5 31.4 29.2 26.2 26.9 28.9 31 33.4 37.3 37.2 35.3 32.8 31.2 34 34.9 33.6 30.8 32.9 31.6 36.1 42.8 48.4 51.9 53 56.3 59 59.3 63.4 70.7 77 78.5 86 89.4 96.9 102.9 110.5 118.3 123.1 130.1 132.5 137.7 141.4 138.3 142.8 148.5 153
-0.5 -0.5 -0.5 -0.5 -0.5 -0.5 -0.5 -0.5 -0.5 -0.5 -0.5 -0.5 -0.5 1.3 1.3 1.3 1.9 2.7 3.6 8 14.6 8.8 5.7 5.3 5.8 5.8 6 7.5 9.7 12.3 14.2 15.1 17 20.2 23 26.2 24.5 24.2 25 25.5 28 30.2 32.7 36.8 37.8 36.9 36.9 34 34.6 34.7 36.8 35 34.7 37.3 40.6 39.4 44.3 47.2 48.6 47.3 51.3 56.4 59.7 65.3 71.6 73.6 78 82.6 90.2 97.8 103.6 111.2 116.8 120.4 124.4 129.7 134 131.8 134.4 139.9 144.6 149
-0.5 -0.5 -0.5 -0.5 -0.5 -0.5 -0.5 -0.5 -0.5 -0.5 -0.5 0.4 0.7 1 1.5 1.8 2.6 3.6 4.4 13.9 12.4 8.5 6.6 6.9 6.5 6.5 6.7 7 8 10.8 13.8 14.2 15.1 17.3 21.5 21 21.1 21.5 23.6 26.4 29.4 31.8 35.2 36.1 38.8 37.6 36.6 35.7 36.2 37 38.5 39.2 40.1 39.9 43.3 46.7 40.4 43.5 41.6 49.1 51 57.1 60.1 64.5 67.8 71.8 77.2 82.5 89.5 97.7 103.1 108.2 113.2 116.6 121.7 126.1 127.3 128.3 132.2 136.8 140.7 146.7
-0.5 -0.5 -0.5 -0.5 0.6 0.9 1.2 -0.1 0 1.2 0.9 1.2 1.5 1.8 2.6 2.9 2.9 3.8 7.2 16.3 10.5 8.8 8.7 8.1 7.5 7.2 7.5 7.9 8.6 8.7 9.4 11.4 12.5 14.8 15.9 17.5 18.8 21 24.3 28.4 29.9 33.3 34.9 36.3 38.9 39 38.3 39.1 40.5 41.3 42.2 43.2 44.6 45.3 45.8 46.6 47.7 48.4 52.6 56.1 57.9 57.7 64.3 69.7 72.3 75.8 81.2 84.8 88.4 92.1 99.2 104.5 109.5 113.6 117.4 120.1 122.6 125 129.7 135.5 141.8 148.4
-0.5 -0.5 -0.5 1.2 1 0.4 1 1.3 1.7 2 1.5 1.8 2.3 2.7 3.4 4 4.1 4.1 6.7 9.9 10 10.4 9.9 9.3 8.7 8.1 8.4 9.8 11.3 10.2 9.9 11.1 12.7 15.2 15.6 17.6 20.2 21.9 26 28.6 30.2 33.3 37.1 40.3 43 40.7 41.4 42.1 41.8 43.1 44.3 44.5 46.4 48.3 49.5 51.8 55 58.2 59.6 61.9 63.8 64.6 67.3 70.5 74.6 79.9 83.9 87.3 90.6 93.9 96.8 101 106.5 109.7 112.4 115.9 118 122.8 129.8 135.9 142.1 148.9
-0.5 -0.5 3.3 4.6 3.5 2.8 3.4 3.4 3.2 3 2.7 2.7 3.1 3.5 4.2 4.8 5.3 5.4 5.7 7.6 9.3 10.4 11 10.3 10.1 9.2 11.4 14.3 17.2 16.7 14.6 13.5 12.7 15.1 15.6 19 22.7 24.2 25.1 29.1 31.9 35.2 38.4 41.1 42 40.2 40.5 41 41.4 42.7 44.5 47.4 50.3 51.5 55.9 60.4 65.4 68 67.9 68.9 70.2 70.5 73 74.3 77.4 81.9 85.4 88.5 92 94.8 97.9 100.6 103.1 106.1 109.1 113.7 119.4 125 130.8 136.6 142 148.5
-0.5 3 7.6 5.8 5.4 5.6 6.2 6.2 4.4 4.1 3.8 3.7 4 4.4 5.1 6.3 7.2 6.5 6.9 7.8 10.8 13.1 13.7 12.5 13 13.4 16.6 21.6 25.3 27.5 20.9 18.2 15.9 15.3 17 19.5 24.8 29 29.1 30.2 32.1 35.1 37.7 37.8 37.6 38.6 41.1 41.9 42.3 44.7 47.1 49.6 53.1 58.2 63.7 68.9 75.1 76.3 77.8 76.6 77.4 76.6 78 79.1 79.8 80.1 84.7 88.8 92.4 95.3 97.4 99.5 101.7 104.4 109.7 115.1 120.6 126.2 131.8 137.3 142.7 148.2
-0.5 8.6 11.2 8.1 8.5 9.4 9.7 7.7 5.7 5.3 4.9 4.6 5 5.9 8.9 11.9 10.3 8.2 8.3 9.6 11.9 14.8 15.6 15.2 16.2 20.1 24 27.5 37 35.1 26.9 22.6 20.1 21 22.9 24.7 24.7 27.5 30.3 31.6 33.6 35.3 35.6 36 37.6 39.6 41.9 42.5 43.5 45.8 49.1 54.7 59.3 64.6 70.6 76.7 80.8 82.3 83.2 81.9 82.4 82.1 82.5 83.8 85 85.4 83.3 89.5 91.5 93.3 95.4 97.7 102 106.7 111.8 117.3 122.7 128.1 132.9 137.2 142.6 147.9
-0.5 16.1 17.9 13.9 12.6 13 11.5 9.2 7.2 6.5 6.1 5.8 6 8.6 18.6 22.2 16.8 13.6 11.5 12.6 13.7 15.6 17.4 18.9 22.3 27.5 32.1 36.3 44.8 35.9 29.1 24.9 25.9 28.3 29.7 29.7 29.3 28.5 29.3 33.3 35 35.6 35.8 37.2 38.8 40.5 41.8 42.1 44.4 49.8 53.8 61 65.9 71.9 75.7 79.5 82 84 85.1 85.7 85.9 85.3 85 86.5 87.9 87.7 87.5 88.3 89.6 91.5 95.7 99.9 104.2 108.7 113.9 119.3 124.1 128.8 133.5 138.1 142.1 147.4
1.2 15.9 17.7 19.1 18.2 15.7 13.3 11 8.7 7.7 7.3 6.9 9.1 13.9 22.8 25.2 22.6 19.5 17.9 18.2 19.9 21 22.6 24.6 29.4 34.7 39.4 41.8 38.1 33.2 30.5 29.2 30.7 30.5 31 32.2 32.6 32.4 32.2 31.1 32.6 35.1 36.2 37 38.1 39.6 41.4 45.9 50.6 56.7 61.8 65.4 69.8 74.2 78 81.2 83.5 85.4 86.4 87.3 88.3 88.2 87.5 89 89.5 88.7 88.6 89.4 90.6 92.8 97.3 101.7 106.2 110.6 115.2 120 124.7 129.4 134.1 138.7 142.8 149.3
