webserver/python/data/NR95.asc
ncols 200
nrows 200
xllcorner 190000
yllcorner 650000
cellsize 50
[rows 0 to 37 of 200, columns 0 to 83 of 200]
247.9 239.9 238.7 231.5 229.3 224.1 221.6 229.7 238.1 242.1 241.5 242.2 239.4 239.8 239.4 234.6 226.7 217.1 207.5 201.3 194.6 184.4 175.9 173.8 168.8 159.6 151.3 143.5 140.1 135.6 134.5 137.1 130.7 123.9 117.2 108.7 96.4 81.4 69.9 54 39.1 26.4 7.4 -1.1 -1.1 -1.1 -1.1 -1.1 -1.1 -1.1 -1.1 -1.1 -1.1 -1.1 -1.1 -1.1 -1.1 -1.1 -1.1 -1.1 -1.1 -1.1 -1.1 -1.1 -1.1 -1.1 -1.1 -1.1 -1.1 -1.1 -1.1 -1.1 -1.1 -1.1 -1.1 -1.1 -1.1 -1.1 -1.1 -1.1 -1.1 -1.1 -1.1 -1.1
243 235.9 234.3 231.7 226.8 219.7 218.3 224.6 233.6 236.9 235.9 236.3 237 237.5 236.6 229.7 223.5 213.9 207.6 204.8 194.9 184 177.4 174.2 166.8 155.2 145 136.5 128.8 128.6 129.5 130 125.9 120.9 118.3 115.9 99.7 84.7 68.5 54.8 40.9 29.2 18.2 -1.1 -1.1 -1.1 -1.1 -1.1 -1.1 -1.1 -1.1 -1.1 -1.1 -1.1 -1.1 -1.1 -1.1 -1.1 -1.1 -1.1 -1.1 -1.1 -1.1 -1.1 -1.1 -1.1 -1.1 -1.1 -1.1 -1.1 -1.1 -1.1 -1.1 -1.1 -1.1 -1.1 -1.1 -1.1 -1.1 -1.1 -1.1 -1.1 -1.1 -1.1
238.4 233.6 232.1 231.7 220.9 215.7 215.2 219.2 228.9 229.2 230.7 230.5 233.9 232.4 231.1 225.2 217.8 212.7 212.5 206.2 194.8 184.8 180.3 172.4 163 150.8 138.8 127.6 118.1 122.6 124.2 123.5 119.1 119 118.4 111.3 98.2 82.6 69 55.5 42.1 30.8 23 11.3 -1.1 -1.1 -1.1 -1.1 -1.1 -1.1 -1.1 -1.1 -1.1 -1.1 -1.1 -1.1 -1.1 -1.1 -1.1 -1.1 -1.1 -1.1 -1.1 -1.1 -1.1 -1.1 -1.1 -1.1 -1.1 -1.1 -1.1 -1.1 -1.1 -1.1 -1.1 -1.1 -1.1 -1.1 -1.1 -1.1 -1.1 -1.1 -1.1 -1.1
235.5 233.6 231.3 225.2 217.8 211.2 210.4 214.3 221.1 222.6 224.4 227.5 229.4 230 225.9 221.4 214.7 215.2 210.2 203 190.3 182.4 178.7 169.5 157.3 143.2 130.5 119.5 113.9 117.1 118.5 116.9 115.4 115.2 112.5 104.6 93.7 83.5 68.5 52.8 43.2 33.7 27.3 13.4 -1.1 -1.1 -1.1 -1.1 -1.1 -1.1 -1.1 -1.1 -1.1 -1.1 -1.1 -1.1 -1.1 -1.1 -1.1 -1.1 -1.1 -1.1 -1.1 -1.1 -1.1 -1.1 -1.1 -1.1 -1.1 -1.1 -1.1 -1.1 -1.1 -1.1 -1.1 -1.1 -1.1 -1.1 -1.1 -1.1 -1.1 -1.1 -1.1 -1.1
231.5 231.3 226.1 220.9 214.3 206 206.5 209.1 214 217.1 220 224.1 226.7 225.6 220.6 211.8 214.9 214.6 203.8 193 183.3 177.1 172.3 162.1 149.4 135.3 121.8 113.2 110.1 112.5 113 110.9 110.3 109.9 105.5 98.3 88.5 75.8 64.9 50.8 43.3 34 25.6 7.5 -1.1 -1.1 -1.1 -1.1 -1.1 -1.1 -1.1 -1.1 -1.1 -1.1 -1.1 -1.1 -1.1 -1.1 -1.1 -1.1 -1.1 -1.1 -1.1 -1.1 -1.1 -1.1 -1.1 -1.1 -1.1 -1.1 -1.1 -1.1 -1.1 -1.1 -1.1 -1.1 -1.1 -1.1 -1.1 -1.1 -1.1 -1.1 -1.1 -1.1
227.1 224 220.1 213.5 208.4 202.4 201.5 203.3 207 211.4 216.1 222.2 221.9 220.3 211.4 209.9 212.6 207.7 195.2 183.3 174.7 169.8 163.9 152.7 139.9 126.3 116.2 106.4 104.6 106.8 107 105 104.1 101.9 97 90.2 82 71.5 62.7 49.3 40.6 33.5 25 4.9 -1.1 -1.1 -1.1 -1.1 -1.1 -1.1 -1.1 -1.1 -1.1 -1.1 -1.1 -1.1 -1.1 -1.1 -1.1 -1.1 -1.1 -1.1 -1.1 -1.1 -1.1 -1.1 -1.1 -1.1 -1.1 -1.1 -1.1 -1.1 -1.1 -1.1 -1.1 -1.1 -1.1 -1.1 -1.1 -1.1 -1.1 -1.1 -1.1 -1.1
222.4 221.2 216.5 210.4 203.9 198.2 196.2 197.5 200.9 206.1 212.2 217 216.3 213 206.1 206.4 204.7 197.6 185.3 173.3 165.2 162.5 155.4 142.8 130.4 120.4 108.3 97.8 98.2 100.1 100.4 97.2 99 94.2 89.9 82.7 74.9 66.9 57.1 47 38.9 32.3 25.8 10.9 -1.1 -1.1 -1.1 -1.1 -1.1 -1.1 -1.1 -1.1 -1.1 -1.1 -1.1 -1.1 -1.1 -1.1 -1.1 -1.1 -1.1 -1.1 -1.1 -1.1 -1.1 -1.1 -1.1 -1.1 -1.1 -1.1 -1.1 -1.1 -1.1 -1.1 -1.1 -1.1 -1.1 -1.1 -1.1 -1.1 -1.1 -1.1 -1.1 -1.1
219.2 219.2 215.3 209.1 203.6 197.3 187.2 191.4 196 202 207.7 209.8 209.9 203.3 202.6 201.5 195.3 186.7 175 164.1 156.5 154.2 144.9 133.8 124.6 115.3 103.1 90.2 90.1 94.2 93.3 92.1 92.4 87.9 82.6 75 68.9 61.7 52 42.6 36.5 31.3 25.4 13.5 3.4 -1.1 -1.1 -1.1 -1.1 -1.1 -1.1 -1.1 -1.1 -1.1 -1.1 -1.1 -1.1 -1.1 -1.1 -1.1 -1.1 -1.1 -1.1 -1.1 -1.1 -1.1 -1.1 -1.1 -1.1 -1.1 -1.1 -1.1 -1.1 -1.1 -1.1 -1.1 -1.1 -1.1 -1.1 -1.1 -1.1 -1.1 -1.1 -1.1
216 216.4 213.2 208.3 201.9 193 185.1 185.2 190.2 196.4 202 203.1 201.1 199.3 196.8 192.8 185.9 177.2 162.9 155.8 148.1 142.2 136.1 129.2 119.7 110.4 101.2 86.3 83.5 88.3 86.3 86.7 85.4 79.8 74.4 67.8 61.6 55.4 47.6 39.6 34.6 30.3 26.5 16.2 5.2 -1.1 -1.1 -1.1 -1.1 -1.1 -1.1 -1.1 -1.1 -1.1 -1.1 -1.1 -1.1 -1.1 -1.1 -1.1 -1.1 -1.1 -1.1 -1.1 -1.1 -1.1 -1.1 -1.1 -1.1 -1.1 -1.1 -1.1 -1.1 -1.1 -1.1 -1.1 -1.1 -1.1 -1.1 -1.1 -1.1 -1.1 -1.1 -1.1
212.9 212.1 209.5 205.4 197.7 188.4 179.4 179.9 184.7 190.7 194.6 196.9 197.3 193.4 188.6 183 176.3 164.5 152.4 146.7 138.5 134.1 130 125.2 117.6 105.8 94.4 82.4 75.9 80 76.7 78.8 75.5 70.4 63.2 57.6 53.2 48.4 41.5 36.6 32.2 30.3 28.6 16.3 3.7 -1.1 -1.1 -1.1 -1.1 -1.1 -1.1 -1.1 -1.1 -1.1 -1.1 -1.1 -1.1 -1.1 -1.1 -1.1 -1.1 -1.1 -1.1 -1.1 -1.1 -1.1 -1.1 -1.1 -1.1 -1.1 -1.1 -1.1 -1.1 -1.1 -1.1 -1.1 -1.1 -1.1 -1.1 -1.1 -1.1 -1.1 -1.1 -1.1
207.9 207.3 205.1 200.9 192.6 182.5 175.2 174.9 179.8 183.9 187.6 190.5 189.2 183.4 178.9 171 162 153.2 143 135.8 131.8 128 124.1 120 110.9 99.5 87.6 77.7 68.3 71.3 68.8 69.2 64.9 58.3 52.5 48.5 45.5 42.8 36 32.3 30.3 29.3 27.2 10.4 2.7 -1.1 -1.1 -1.1 -1.1 -1.1 -1.1 -1.1 -1.1 -1.1 -1.1 -1.1 -1.1 -1.1 -1.1 -1.1 -1.1 -1.1 -1.1 -1.1 -1.1 -1.1 -1.1 -1.1 -1.1 -1.1 -1.1 -1.1 -1.1 -1.1 -1.1 -1.1 -1.1 -1.1 -1.1 -1.1 -1.1 -1.1 -1.1 -1.1
202.5 202.5 201 196.9 187.3 177.4 169.3 171.3 174.5 176.6 179.5 180.8 177.3 172.6 165.8 157.7 150.5 142 132.8 127.9 124.5 121.7 118.1 112.9 103.1 91.2 80.2 71 63.4 63.3 62 58.8 56.7 54.4 50.4 47.2 42.5 35.5 31.1 28.8 27.4 26.4 21.7 10.7 2.6 -1.1 -1.1 -1.1 -1.1 -1.1 -1.1 -1.1 -1.1 -1.1 -1.1 -1.1 -1.1 -1.1 -1.1 -1.1 -1.1 -1.1 -1.1 -1.1 -1.1 -1.1 -1.1 -1.1 -1.1 -1.1 -1.1 -1.1 -1.1 -1.1 -1.1 -1.1 -1.1 -1.1 -1.1 -1.1 -1.1 -1.1 -1.1 -1.1
197.2 197 196.5 189.8 181.1 172.4 165.3 167.5 170.2 170.9 170.6 169 164.9 159.1 152.3 145.6 140.6 132.6 124.6 120.5 117 114 111.3 105.9 95.6 84.7 73 69.7 66.6 63.5 57.6 52.3 50.2 47.9 45.8 44.2 39.6 33.1 28.9 25.8 23.8 22.7 16.5 3.7 1.7 -1.1 -1.1 -1.1 -1.1 -1.1 -1.1 -1.1 -1.1 -1.1 -1.1 -1.1 -1.1 -1.1 -1.1 -1.1 -1.1 -1.1 -1.1 -1.1 -1.1 -1.1 -1.1 -1.1 -1.1 -1.1 -1.1 -1.1 -1.1 -1.1 -1.1 -1.1 -1.1 -1.1 -1.1 -1.1 -1.1 -1.1 -1.1 -1.1
190.8 190.3 188.3 183.3 176 167.6 159.9 163.5 165.5 165.2 164 160.3 155.7 148.9 140.8 135.1 130 124.1 117.6 110.3 108.9 106.1 104 97.8 88.3 79.5 71.2 67.8 65.3 63.8 60.3 59 46 42.8 35.9 30.9 34 31.4 27.8 24.4 19.9 15.4 5.8 2.6 -1.1 -1.1 -1.1 -1.1 -1.1 -1.1 -1.1 -1.1 -1.1 -1.1 -1.1 -1.1 -1.1 -1.1 -1.1 -1.1 -1.1 -1.1 -1.1 -1.1 -1.1 -1.1 -1.1 -1.1 -1.1 -1.1 -1.1 -1.1 -1.1 -1.1 -1.1 -1.1 -1.1 -1.1 -1.1 -1.1 -1.1 -1.1 -1.1 -1.1
183.3 182 180.9 177.5 171 162.9 153.4 159.1 159.4 158.2 156 151.6 145.9 138.8 130.9 124.9 119.3 113.6 107.3 103.3 100.5 99.2 94.9 89.1 80.8 73.7 68.5 65.1 63.6 62.9 62.2 56.6 47.2 41.5 36.1 29.2 24.6 26 24.9 21 15.4 10.7 5.3 -1.1 -1.1 -1.1 -1.1 -1.1 -1.1 -1.1 -1.1 -1.1 -1.1 -1.1 -1.1 -1.1 -1.1 -1.1 -1.1 -1.1 -1.1 -1.1 -1.1 -1.1 -1.1 -1.1 -1.1 -1.1 -1.1 -1.1 -1.1 -1.1 -1.1 -1.1 -1.1 -1.1 -1.1 -1.1 -1.1 -1.1 -1.1 -1.1 -1.1 -1.1
180.7 176.7 175.9 174.1 165.2 156.4 147.1 154.5 153.3 151.2 146.6 142.5 135.4 127.7 119.4 114.3 108.1 102.8 99.8 94.7 90.8 91.5 86.9 81.5 74.9 69 65.8 63.2 63 62.9 61.7 55.4 48 41.3 37 33.1 27 21.2 17.6 14.1 12.3 7.7 4 -1.1 -1.1 -1.1 -1.1 -1.1 -1.1 -1.1 -1.1 -1.1 -1.1 -1.1 -1.1 -1.1 -1.1 -1.1 -1.1 -1.1 -1.1 -1.1 -1.1 -1.1 -1.1 -1.1 -1.1 -1.1 -1.1 -1.1 -1.1 -1.1 -1.1 -1.1 -1.1 -1.1 -1.1 -1.1 -1.1 -1.1 -1.1 -1.1 -1.1 -1.1
179.3 178.1 172.3 169.4 157.8 149.3 143.2 148.1 146.3 143.2 137.8 131.1 124.1 115.3 107.9 103.2 97.4 94.3 91.6 87.5 83.3 84 78.3 72 66.2 63.1 60.5 60.4 61.2 62.7 59.2 55.4 50.6 43.5 37.1 34 30.8 26.4 21.7 16.9 10.4 4.9 -1.1 -1.1 -1.1 -1.1 -1.1 -1.1 -1.1 -1.1 -1.1 -1.1 -1.1 -1.1 -1.1 -1.1 -1.1 -1.1 -1.1 -1.1 -1.1 -1.1 -1.1 -1.1 -1.1 -1.1 -1.1 -1.1 -1.1 -1.1 -1.1 -1.1 -1.1 -1.1 -1.1 -1.1 -1.1 -1.1 -1.1 -1.1 -1.1 -1.1 -1.1 -1.1
175 174.2 172 161.7 150.9 143.5 133 140.1 138.8 133.9 128.2 117.9 112.5 102.9 95.1 90.7 86.1 83.9 83.4 79.7 77.7 77 70.5 65.8 59.7 58.3 57.2 57.5 60.4 60 58.3 57.4 46.4 44 39.2 34.3 30.8 26.3 21.8 15.6 8.9 1.7 -1.1 -1.1 -1.1 -1.1 -1.1 -1.1 -1.1 -1.1 -1.1 -1.1 -1.1 -1.1 -1.1 -1.1 -1.1 -1.1 -1.1 -1.1 -1.1 -1.1 -1.1 -1.1 -1.1 -1.1 -1.1 -1.1 -1.1 -1.1 -1.1 -1.1 -1.1 -1.1 -1.1 -1.1 -1.1 -1.1 -1.1 -1.1 -1.1 -1.1 -1.1 -1.1
169.7 170.6 165.4 156.7 148.7 136.5 128.7 128.7 128.6 124.1 118 108.4 99.7 90.7 84.9 82.2 79.8 76 76.4 73.3 67.4 66.8 63.4 59.2 55.7 54.7 53.8 55.3 56.8 56.9 54.7 51.5 46.5 43.9 39.8 34.8 29.8 25.8 20.5 12.7 5.8 -1.1 -1.1 -1.1 -1.1 -1.1 -1.1 -1.1 -1.1 -1.1 -1.1 -1.1 -1.1 -1.1 -1.1 -1.1 -1.1 -1.1 -1.1 -1.1 -1.1 -1.1 -1.1 -1.1 -1.1 -1.1 -1.1 -1.1 -1.1 -1.1 -1.1 -1.1 -1.1 -1.1 -1.1 -1.1 -1.1 -1.1 -1.1 -1.1 -1.1 -1.1 -1.1 -1.1
164.7 163 156.6 149.9 142.3 134.8 127.4 111.1 113.3 111.5 106.5 99.1 89.2 79.3 71.9 69.9 69.7 66.7 69.8 68.8 68.5 59.9 56.7 53.2 51.2 51.3 51.4 52.7 54 52.8 50.4 48.1 44.6 42.7 39.6 33.8 28.5 24.7 17.4 8.8 4.2 -1.1 -1.1 -1.1 -1.1 -1.1 -1.1 -1.1 -1.1 -1.1 -1.1 -1.1 -1.1 -1.1 -1.1 -1.1 -1.1 -1.1 -1.1 -1.1 -1.1 -1.1 -1.1 -1.1 -1.1 -1.1 -1.1 -1.1 -1.1 -1.1 -1.1 -1.1 -1.1 -1.1 -1.1 -1.1 -1.1 -1.1 -1.1 -1.1 -1.1 -1.1 -1.1 -1.1
155.2 152.7 149.2 142.5 134.6 127.5 123.6 116 103.4 99.7 97.4 93.1 88.6 80.4 72.1 65.4 59.1 62 62.7 63.2 60.8 55.4 52 49.8 49.1 49.6 50 51.5 52.1 51.2 48.4 45.6 43.8 41.6 38.9 33.8 28.1 22.7 17.3 10.8 3.8 -1.1 -1.1 -1.1 -1.1 -1.1 -1.1 -1.1 -1.1 -1.1 -1.1 -1.1 -1.1 -1.1 -1.1 -1.1 -1.1 -1.1 -1.1 -1.1 -1.1 -1.1 -1.1 -1.1 -1.1 -1.1 -1.1 -1.1 -1.1 -1.1 -1.1 -1.1 -1.1 -1.1 -1.1 -1.1 -1.1 -1.1 -1.1 -1.1 -1.1 -1.1 -1.1 -1.1
148.9 145.6 140.6 133.9 126.7 121 117.1 110.1 104.4 90.5 90.6 87.1 83 76 70 67 58.9 54.6 57.8 56.2 53.9 51 49.4 47.9 47.9 48.2 49.1 50.2 50.1 49.7 46.8 44.9 43 40.8 38 33.3 27.9 23.9 18.4 8.7 4.1 1.6 -1.1 -1.1 -1.1 -1.1 -1.1 -1.1 -1.1 -1.1 -1.1 -1.1 -1.1 -1.1 -1.1 -1.1 -1.1 -1.1 -1.1 -1.1 -1.1 -1.1 -1.1 -1.1 -1.1 -1.1 -1.1 -1.1 -1.1 -1.1 -1.1 -1.1 -1.1 -1.1 -1.1 -1.1 -1.1 -1.1 -1.1 -1.1 -1.1 -1.1 -1.1 -1.1
142.4 138.7 133.3 127.3 120.5 114.4 109 102.1 96.8 87.9 87 83.7 83.5 80.5 74.7 64.5 55.7 51.5 53.2 52 49.9 47.6 47.1 46.3 47.3 48.6 48.8 49.7 48.8 48.1 46.2 44.9 44.2 42.8 40 35 30.3 27 24.8 20.2 6.6 2.4 -1.1 -1.1 -1.1 -1.1 -1.1 -1.1 -1.1 -1.1 -1.1 -1.1 -1.1 -1.1 -1.1 -1.1 -1.1 -1.1 -1.1 -1.1 -1.1 -1.1 -1.1 -1.1 -1.1 -1.1 -1.1 -1.1 -1.1 -1.1 -1.1 -1.1 -1.1 -1.1 -1.1 -1.1 -1.1 -1.1 -1.1 -1.1 -1.1 -1.1 -1.1 -1.1
134.6 131.6 126.3 120.6 115 108.8 100.9 95 90.2 85.1 82.9 81.9 80.2 75.7 68.6 60.2 52.2 48.9 48.8 47.4 45.8 45.3 45.1 47 49.2 50.6 51 51.1 49.8 48.2 46.8 46 45.2 44.3 42.4 39 34.6 31.5 28.4 25 18.4 9.5 -1.1 -1.1 -1.1 -1.1 -1.1 -1.1 -1.1 -1.1 -1.1 -1.1 -1.1 -1.1 -1.1 -1.1 -1.1 -1.1 -1.1 -1.1 -1.1 -1.1 -1.1 -1.1 -1.1 -1.1 -1.1 -1.1 -1.1 -1.1 -1.1 -1.1 -1.1 -1.1 -1.1 -1.1 -1.1 -1.1 -1.1 -1.1 -1.1 -1.1 -1.1 -1.1
127.4 124.1 118.3 115 108.6 102 92.9 88.3 85.2 81.9 78.4 76.7 74.1 68.5 61.7 55.4 50.1 46 45.3 45 44.1 44 45.2 48 51.9 52.5 53 53.6 51.5 49.5 47.9 47.3 45.8 44.3 43.8 42.1 39 32.8 28.9 23.3 19.3 8.2 -1.1 -1.1 -1.1 -1.1 -1.1 -1.1 -1.1 -1.1 -1.1 -1.1 -1.1 -1.1 -1.1 -1.1 -1.1 -1.1 -1.1 -1.1 -1.1 -1.1 -1.1 -1.1 -1.1 -1.1 -1.1 -1.1 -1.1 -1.1 -1.1 -1.1 -1.1 -1.1 -1.1 -1.1 -1.1 -1.1 -1.1 -1.1 -1.1 -1.1 -1.1 -1.1
118.9 115.4 113.5 107.8 101.8 93 87.1 83.9 80.7 77.4 73.8 70.3 68 62.2 56.9 52.1 47 44.6 43.8 43.4 42.7 44.7 46.7 49.3 53.3 54 54.6 52.9 50.8 49.8 48.6 48 47.4 47.1 47 42.8 40.7 33.4 27.4 22.4 16.6 5.6 -1.1 -1.1 -1.1 -1.1 -1.1 -1.1 -1.1 -1.1 -1.1 -1.1 -1.1 -1.1 -1.1 -1.1 -1.1 -1.1 -1.1 -1.1 -1.1 -1.1 -1.1 -1.1 -1.1 -1.1 -1.1 -1.1 -1.1 -1.1 -1.1 -1.1 -1.1 -1.1 -1.1 -1.1 -1.1 -1.1 -1.1 -1.1 -1.1 -1.1 -1.1 -1.1
112 109.8 105.3 100 94.2 86 81.9 78.3 75.2 72 69.1 66.4 62.1 58.2 53.5 48.2 43.6 43.1 42.3 42.1 43.3 46.2 48.8 51.5 52.8 53.3 53.8 52.1 50.5 49.7 49.2 49.7 49.5 50.2 49 41.4 37.8 31.5 25.9 20.5 11.4 2.6 -1.1 -1.1 -1.1 -1.1 -1.1 -1.1 -1.1 -1.1 -1.1 -1.1 -1.1 -1.1 -1.1 -1.1 -1.1 -1.1 -1.1 -1.1 -1.1 -1.1 -1.1 -1.1 -1.1 -1.1 -1.1 -1.1 -1.1 -1.1 -1.1 -1.1 -1.1 -1.1 -1.1 -1.1 -1.1 -1.1 -1.1 -1.1 -1.1 -1.1 -1.1 -1.1
106 103 98.1 92.4 86.1 81.1 77.1 73.2 69.6 66.4 63.6 61.6 57.3 53.7 49.1 42.5 41.3 40.8 40.4 42 45 47.2 48.4 50.7 52.2 51.8 51.4 50.5 49.7 49.5 49.8 51.1 51 48.8 42.9 40.1 35.9 30 24.3 17.7 9.5 2.7 -1.1 -1.1 -1.1 -1.1 -1.1 -1.1 -1.1 -1.1 -1.1 -1.1 -1.1 -1.1 -1.1 -1.1 -1.1 -1.1 -1.1 -1.1 -1.1 -1.1 -1.1 -1.1 -1.1 -1.1 -1.1 -1.1 -1.1 -1.1 -1.1 -1.1 -1.1 -1.1 -1.1 -1.1 -1.1 -1.1 -1.1 -1.1 -1.1 -1.1 -1.1 -1.1
101.9 97.5 92 85.5 79.9 76.2 72.2 68.3 64.4 60.9 57.9 54.7 49.4 44.8 41.7 40.5 39.5 38.5 41.7 43.9 46.1 47.1 48.3 49.9 51.6 51.4 50.4 49.4 48.8 48.8 49.7 50 48.1 45.4 40.9 36.7 33.1 28 21.4 14.6 5.7 -1.1 -1.1 -1.1 -1.1 -1.1 -1.1 -1.1 -1.1 -1.1 -1.1 -1.1 -1.1 -1.1 -1.1 -1.1 -1.1 -1.1 -1.1 -1.1 -1.1 -1.1 -1.1 -1.1 -1.1 -1.1 -1.1 -1.1 -1.1 -1.1 -1.1 -1.1 -1.1 -1.1 -1.1 -1.1 -1.1 -1.1 -1.1 -1.1 -1.1 -1.1 -1.1 -1.1
97.9 91.7 83.4 78.3 74.7 71 67.4 63.3 59.1 54.2 49.7 45.6 41.4 39.7 38.4 37.7 37.9 39.6 44.4 48.1 46.3 46.5 48.2 49.4 50.6 50.1 49.1 48.2 47.9 48.5 49.1 47.8 45.1 40.5 35.3 30.2 26.9 20.7 16.3 9.7 5.5 3.6 -1.1 -1.1 -1.1 -1.1 -1.1 -1.1 -1.1 -1.1 -1.1 -1.1 -1.1 -1.1 -1.1 -1.1 -1.1 -1.1 -1.1 -1.1 -1.1 -1.1 -1.1 -1.1 -1.1 -1.1 -1.1 -1.1 -1.1 -1.1 -1.1 -1.1 -1.1 -1.1 -1.1 -1.1 -1.1 -1.1 -1.1 -1.1 -1.1 -1.1 -1.1 -1.1
89.4 83.7 76.3 71.8 69.3 65.2 61.3 57.7 52.6 47.4 42.6 40 38.3 36.8 35.3 32.3 38 41.4 45.5 45.9 44.3 45.4 47.1 48.7 49.6 48.5 47.5 47.6 46.7 47.7 47.8 45.9 41.7 36.4 31.3 28 24.6 19.7 13.4 8 6.3 -1.1 -1.1 -1.1 -1.1 -1.1 -1.1 -1.1 -1.1 -1.1 -1.1 -1.1 -1.1 -1.1 -1.1 -1.1 -1.1 -1.1 -1.1 -1.1 -1.1 -1.1 -1.1 -1.1 -1.1 -1.1 -1.1 -1.1 -1.1 -1.1 -1.1 -1.1 -1.1 -1.1 -1.1 -1.1 -1.1 -1.1 -1.1 -1.1 -1.1 -1.1 -1.1 -1.1
82 76.6 70.2 63.6 61.8 58.5 55.7 52.7 47.6 42 38.6 37.8 36.5 35.3 30.7 33.2 38.2 40.6 43.7 42.5 43.2 44.7 46.3 48 49.3 48.7 47.5 46.4 45.2 45.9 44.7 42.5 36.6 31.4 28.4 24.9 21.2 17.6 10.6 6 2.9 -1.1 -1.1 -1.1 -1.1 -1.1 -1.1 -1.1 -1.1 -1.1 -1.1 -1.1 -1.1 -1.1 -1.1 -1.1 -1.1 -1.1 -1.1 -1.1 -1.1 -1.1 -1.1 -1.1 -1.1 -1.1 -1.1 -1.1 -1.1 -1.1 -1.1 -1.1 -1.1 -1.1 -1.1 -1.1 -1.1 -1.1 -1.1 -1.1 -1.1 -1.1 -1.1 -1.1
75.2 69.6 64.2 58.5 54.7 53.7 50.8 47.8 42.5 38 36.1 35.4 35.2 33.5 28.9 35.5 38 40 41 41.3 42.7 44.2 45.6 47.6 49.1 48.2 46.5 45.2 43.9 42.4 41.2 36.7 31.3 28.5 25.3 22.1 18.5 14 8 5.3 -1.1 -1.1 -1.1 -1.1 -1.1 -1.1 -1.1 -1.1 -1.1 -1.1 -1.1 -1.1 -1.1 -1.1 -1.1 -1.1 -1.1 -1.1 -1.1 -1.1 -1.1 -1.1 -1.1 -1.1 -1.1 -1.1 -1.1 -1.1 -1.1 -1.1 -1.1 -1.1 -1.1 -1.1 -1.1 -1.1 -1.1 -1.1 -1.1 -1.1 -1.1 -1.1 -1.1 -1.1
69.7 63.9 57.8 53 48 46.3 44.7 40.5 36.6 34.5 34.5 34.7 34.2 32.2 27.3 35.2 36.4 37.5 38.6 39.9 41.4 43.1 44.8 47.3 49 46.8 45.9 44.5 41 39.1 37.1 32 28.5 25.7 22.4 19.2 15.9 11 7.5 4 -1.1 -1.1 -1.1 -1.1 -1.1 -1.1 -1.1 -1.1 -1.1 -1.1 -1.1 -1.1 -1.1 -1.1 -1.1 -1.1 -1.1 -1.1 -1.1 -1.1 -1.1 -1.1 -1.1 -1.1 -1.1 -1.1 -1.1 -1.1 -1.1 -1.1 -1.1 -1.1 -1.1 -1.1 -1.1 -1.1 -1.1 -1.1 -1.1 -1.1 -1.1 -1.1 -1.1 -1.1
63.9 58.1 51.1 45.3 41.2 38.6 37.6 34.8 33.1 32.9 32.8 33 33.3 32.1 23.3 31.9 34.3 35.7 36.4 39 40.8 42.5 44.3 47.3 48.9 47.8 46.5 44.2 39.4 35.7 34 30.5 27.2 23.6 20.5 17.5 14.5 9.2 6.9 -1.1 -1.1 -1.1 -1.1 -1.1 -1.1 -1.1 -1.1 -1.1 -1.1 -1.1 -1.1 -1.1 -1.1 -1.1 -1.1 -1.1 -1.1 -1.1 -1.1 -1.1 -1.1 -1.1 -1.1 -1.1 -1.1 -1.1 -1.1 -1.1 -1.1 -1.1 -1.1 -1.1 -1.1 -1.1 -1.1 -1.1 -1.1 -1.1 -1.1 -1.1 -1.1 -1.1 -1.1 -1.1
56.9 50.4 42.3 38.5 36.6 33.3 32.4 31.5 31.2 31.3 31.1 31.4 31.9 32.6 23.5 24.1 29.4 32 34.3 37 39.9 42 44.4 47.1 51.9 50.6 47.2 43.7 38.1 35.1 33.4 29.9 26.9 23.4 20 16.8 12.8 6.1 1.6 -1.1 -1.1 -1.1 -1.1 -1.1 -1.1 -1.1 -1.1 -1.1 -1.1 -1.1 -1.1 -1.1 -1.1 -1.1 -1.1 -1.1 -1.1 -1.1 -1.1 -1.1 -1.1 -1.1 -1.1 -1.1 -1.1 -1.1 -1.1 -1.1 -1.1 -1.1 -1.1 -1.1 -1.1 -1.1 -1.1 -1.1 -1.1 -1.1 -1.1 -1.1 -1.1 -1.1 -1.1 -1.1
45.4 38.2 34.4 32.5 33.4 31 29.6 29.2 28.4 28.9 29.5 30.2 30.5 30.5 31.2 22.3 21.6 26.6 31.9 34.6 37.7 41.2 44.4 47.1 51.6 50.7 45.3 45.2 42.6 36.9 34.8 30.3 27.1 23.6 20.1 17.5 10.2 3.6 -1.1 -1.1 -1.1 -1.1 -1.1 -1.1 -1.1 -1.1 -1.1 -1.1 -1.1 -1.1 -1.1 -1.1 -1.1 -1.1 -1.1 -1.1 -1.1 -1.1 -1.1 -1.1 -1.1 -1.1 -1.1 -1.1 -1.1 -1.1 -1.1 -1.1 -1.1 -1.1 -1.1 -1.1 -1.1 -1.1 -1.1 -1.1 -1.1 -1.1 -1.1 -1.1 -1.1 -1.1 -1.1 -1.1
32.3 20.5 28.7 28.8 25.6 27.1 27 27.3 27.1 26.4 27.8 28.6 28.8 29 29.6 26.8 20.7 21.5 28.1 32.4 36.7 40.8 43.4 48 49.8 47.2 45.9 47.7 42.2 37.1 35.4 31.3 28.1 24.9 22.3 19.8 13.4 -1.1 -1.1 -1.1 -1.1 -1.1 -1.1 -1.1 -1.1 -1.1 -1.1 -1.1 -1.1 -1.1 -1.1 -1.1 -1.1 -1.1 -1.1 -1.1 -1.1 -1.1 -1.1 -1.1 -1.1 -1.1 -1.1 -1.1 -1.1 -1.1 -1.1 -1.1 -1.1 -1.1 -1.1 -1.1 -1.1 -1.1 -1.1 -1.1 -1.1 -1.1 -1.1 -1.1 -1.1 -1.1 -1.1 -1.1
