webserver/python/data/NS04.asc
ncols 200
nrows 200
xllcorner 200000
yllcorner 640000
cellsize 50
[rows 111 to 147 of 200, columns 0 to 83 of 200]
343.1 312 275.1 253.4 245.2 237.3 232.5 229.2 223.8 218.6 212.2 202.4 190.6 181.4 171.9 161.7 158.7 154.4 153.2 151 146.9 144.3 150 151 153 149.3 145.1 141.1 139.2 135.2 126.2 115.5 101.8 86.5 75 64.6 52.4 44.7 39.2 30.3 18.5 5.7 1 -1.1 -1.1 -1.1 -1.1 -1.1 -1.1 -1.1 -1.1 -1.1 -1.1 -1.1 -1.1 -1.1 -1.1 -1.1 -1.1 -1.1 -1.1 -1.1 -1.1 -1.1 -1.1 -1.1 -1.1 -1.1 -1.1 -1.1 -1.1 -1.1 -1.1 -1.1 -1.1 -1.1 -1.1 -1.1 -1.1 -1.1 -1.1 -1.1 -1.1 -1.1
373.8 339.4 302.4 274.6 262.3 253.1 245.2 240.3 234.5 227.5 219.2 206.4 194.1 185.8 180.3 175.1 170.9 158.8 159.2 157.3 152.2 149.7 156.7 158.7 158.6 152.6 147.1 143.4 140.7 136.8 128.2 116.9 106.6 92.5 82.4 71 59.3 51.8 44.5 35.6 24.3 6.9 2.7 -1.1 -1.1 -1.1 -1.1 -1.1 -1.1 -1.1 -1.1 -1.1 -1.1 -1.1 -1.1 -1.1 -1.1 -1.1 -1.1 -1.1 -1.1 -1.1 -1.1 -1.1 -1.1 -1.1 -1.1 -1.1 -1.1 -1.1 -1.1 -1.1 -1.1 -1.1 -1.1 -1.1 -1.1 -1.1 -1.1 -1.1 -1.1 -1.1 -1.1 -1.1
392.2 362.2 325.1 295 277.3 267 258.9 253 245.1 235.9 226.3 212.3 204.8 195.6 187.4 184.5 181.1 174.8 165.7 161 154.7 157.8 161.5 163.3 161.5 155.7 149.7 146.3 142.3 138.4 132.7 123 111.8 99.4 90.1 76.8 68.4 59.9 51 41.2 27 8.8 4.6 1.7 -1.1 -1.1 -1.1 -1.1 -1.1 -1.1 -1.1 -1.1 -1.1 -1.1 -1.1 -1.1 -1.1 -1.1 -1.1 -1.1 -1.1 -1.1 -1.1 -1.1 -1.1 -1.1 -1.1 -1.1 -1.1 -1.1 -1.1 -1.1 -1.1 -1.1 -1.1 -1.1 -1.1 -1.1 -1.1 -1.1 -1.1 -1.1 -1.1 -1.1
421.2 381.3 347.2 316.1 294.7 283.5 276.9 269.1 258.3 247.3 233.7 217.2 214.4 205.4 198.8 194.5 190.1 184 174.7 165.9 158.8 159.3 165.1 164.6 162.8 159.7 153.5 148.3 144.8 142.4 136.2 126.2 115.5 103.6 93.9 85.3 79.6 69.9 59.7 49.4 34.2 14.2 5.8 2.7 0.4 -1.1 -1.1 -1.1 -1.1 -1.1 -1.1 -1.1 -1.1 -1.1 -1.1 -1.1 -1.1 -1.1 -1.1 -1.1 -1.1 -1.1 -1.1 -1.1 -1.1 -1.1 -1.1 -1.1 -1.1 -1.1 -1.1 -1.1 -1.1 -1.1 -1.1 -1.1 -1.1 -1.1 -1.1 -1.1 -1.1 -1.1 -1.1 -1.1
446.7 406.4 371 338.2 316.3 304.6 296.9 286.4 276.1 260.3 242.3 231.6 220.6 213.1 208.7 203.8 197.4 190 181.8 172.5 163.2 163.2 169.6 167.7 164.6 161.2 157.2 152.3 148.3 146.6 139.5 129.4 119 109.2 102.2 94.3 87.2 78.5 67.8 60.9 52.7 39 15.7 4.9 3 -1.1 -1.1 -1.1 -1.1 -1.1 -1.1 -1.1 -1.1 -1.1 -1.1 -1.1 -1.1 -1.1 -1.1 -1.1 -1.1 -1.1 -1.1 -1.1 -1.1 -1.1 -1.1 -1.1 -1.1 -1.1 -1.1 -1.1 -1.1 -1.1 -1.1 -1.1 -1.1 -1.1 -1.1 -1.1 -1.1 -1.1 -1.1 -1.1
478.3 440.2 403 360.2 335.8 324.3 314.1 302.6 290.2 272.8 263.1 242.4 230.8 225.4 217.3 210.2 203.5 195.2 186.7 177.1 166.9 170.6 175.6 172.5 169.6 166.9 161.4 155.7 151.7 149.7 144.4 134.1 123.6 116.7 108.6 101.3 91.9 86.9 82 76.8 65.4 54.9 45.4 29.6 13.4 4.9 -1.1 -1.1 -1.1 -1.1 -1.1 -1.1 -1.1 -1.1 -1.1 -1.1 -1.1 -1.1 -1.1 -1.1 -1.1 -1.1 -1.1 -1.1 -1.1 -1.1 -1.1 -1.1 -1.1 -1.1 -1.1 -1.1 -1.1 -1.1 -1.1 -1.1 -1.1 -1.1 -1.1 -1.1 -1.1 -1.1 -1.1 -1.1
515.5 479.6 430.3 379.9 353.4 339.9 329.3 314.3 298.6 289.7 282.2 263.6 243.9 237.5 228.7 216.9 210.1 200.5 190.5 181.6 173.3 179 181.5 177.4 176 171.9 167.5 162.1 155.9 154.9 149 141 129.5 124.6 117.4 108.9 100.9 96.1 92 84.5 74.9 64.4 56.9 46.8 29.5 9 2 -1.1 -1.1 -1.1 -1.1 -1.1 -1.1 -1.1 -1.1 -1.1 -1.1 -1.1 -1.1 -1.1 -1.1 -1.1 -1.1 -1.1 -1.1 -1.1 -1.1 -1.1 -1.1 -1.1 -1.1 -1.1 -1.1 -1.1 -1.1 -1.1 -1.1 -1.1 -1.1 -1.1 -1.1 -1.1 -1.1 -1.1
551.3 519.9 440.3 388.3 366.7 352.8 338.4 325.4 314.6 303.3 291.5 278.5 258.1 242.8 232.3 223.6 213.8 204.1 194.9 184 184.4 185.2 186.3 180.8 179.4 176.5 173.2 169.5 161.7 161 157.1 150.7 140.7 133.9 127.1 116.5 108.1 104.3 98.2 90.7 86.2 75.9 62.7 47.4 31.1 17 5.9 -1.1 -1.1 -1.1 -1.1 -1.1 -1.1 -1.1 -1.1 -1.1 -1.1 -1.1 -1.1 -1.1 -1.1 -1.1 -1.1 -1.1 -1.1 -1.1 -1.1 -1.1 -1.1 -1.1 -1.1 -1.1 -1.1 -1.1 -1.1 -1.1 -1.1 -1.1 -1.1 -1.1 -1.1 -1.1 -1.1 -1.1
568.9 489.2 410.3 385 372.6 356.5 342.6 335.6 327.5 316.1 304.3 290.5 271.6 248.2 236.1 227.6 218.1 208 197.8 195.2 195 192.2 187.7 184 182 179.2 177.4 174.9 168.4 168.4 165.4 158.7 151 144.7 136.8 122.8 115.8 112.2 105 98.8 91.8 80.8 63.4 49.8 40.6 26 8.7 1.5 -1.1 -1.1 -1.1 -1.1 -1.1 -1.1 -1.1 -1.1 -1.1 -1.1 -1.1 -1.1 -1.1 -1.1 -1.1 -1.1 -1.1 -1.1 -1.1 -1.1 -1.1 -1.1 -1.1 -1.1 -1.1 -1.1 -1.1 -1.1 -1.1 -1.1 -1.1 -1.1 -1.1 -1.1 -1.1 -1.1
509.1 430.8 400.5 382.8 373.3 359.2 350.5 344.3 339.8 329.5 317.2 302.9 283.3 261.3 240 231.7 220.3 212.6 205.1 203.9 200.4 196.6 194.8 189.2 184.7 181.6 179.9 179.3 172.8 171.5 169.1 166.4 161.6 159.8 146.6 130.1 124.2 118.7 111 101.7 93.7 84.5 73.1 58.8 46.8 32.1 13.9 2.9 -1.1 -1.1 -1.1 -1.1 -1.1 -1.1 -1.1 -1.1 -1.1 -1.1 -1.1 -1.1 -1.1 -1.1 -1.1 -1.1 -1.1 -1.1 -1.1 -1.1 -1.1 -1.1 -1.1 -1.1 -1.1 -1.1 -1.1 -1.1 -1.1 -1.1 -1.1 -1.1 -1.1 -1.1 -1.1 -1.1
453.7 413.7 393.5 381 373.2 365.2 360.3 357.3 355.4 347.3 332 311.6 293.8 272.5 251.9 234.4 229.6 221.8 214.4 208.7 204.6 202.4 201 194.7 188 183.5 181.6 179.1 174.1 173.3 172.6 171.1 171.1 164.4 153.2 138.3 129.9 123.6 115.5 105.3 94.8 86.4 75.8 62.1 50.4 37 21.2 4.6 -1.1 -1.1 -1.1 -1.1 -1.1 -1.1 -1.1 -1.1 -1.1 -1.1 -1.1 -1.1 -1.1 -1.1 -1.1 -1.1 -1.1 -1.1 -1.1 -1.1 -1.1 -1.1 -1.1 -1.1 -1.1 -1.1 -1.1 -1.1 -1.1 -1.1 -1.1 -1.1 -1.1 -1.1 -1.1 -1.1
435.5 405.6 389.2 384.9 379 376.8 380.9 386.3 383.1 364.6 343.1 321 301.4 282 261.9 245.2 233.3 228.2 219.4 214.1 208.4 206 203.3 198.7 192.4 186.5 181.7 178.5 175 174.2 173.3 175.2 174.5 167.1 155.8 143.8 134.4 126.2 116 106.9 97.7 88.2 77.3 65.9 53.7 40.7 23.4 5.7 -1.1 -1.1 -1.1 -1.1 -1.1 -1.1 -1.1 -1.1 -1.1 -1.1 -1.1 -1.1 -1.1 -1.1 -1.1 -1.1 -1.1 -1.1 -1.1 -1.1 -1.1 -1.1 -1.1 -1.1 -1.1 -1.1 -1.1 -1.1 -1.1 -1.1 -1.1 -1.1 -1.1 -1.1 -1.1 -1.1
426.2 404.5 396.5 390.9 390.6 401.7 410.1 414.2 402.9 379.6 354.3 330.6 311 292.6 273.3 255.2 239.1 234 226.6 219.4 212.6 208.5 204.9 200.9 195.7 186.2 182.1 178.6 175.1 174.5 172.3 174 175 166.6 158.4 147.8 138.2 128.6 116.5 108.8 99.3 88.3 77.6 67.1 55.3 39.3 19.8 4.4 0.4 -1.1 -1.1 -1.1 -1.1 -1.1 -1.1 -1.1 -1.1 -1.1 -1.1 -1.1 -1.1 -1.1 -1.1 -1.1 -1.1 -1.1 -1.1 -1.1 -1.1 -1.1 -1.1 -1.1 -1.1 -1.1 -1.1 -1.1 -1.1 -1.1 -1.1 -1.1 -1.1 -1.1 -1.1 -1.1
423 412.3 405 399.9 408.5 423.9 435 430.8 414.3 389.1 365.3 342.8 324.9 306.3 286.8 265.6 244.1 236.7 230.4 223.3 215.9 211.1 207.2 201.9 195.5 188.8 182.5 178.7 175.3 173.9 171.5 173 172.2 166.2 158.4 150.9 140.5 130.4 118.7 108.9 97.8 87.2 76.9 66.5 46.1 30.6 19.9 5.2 0.9 -1.1 -1.1 -1.1 -1.1 -1.1 -1.1 -1.1 -1.1 -1.1 -1.1 -1.1 -1.1 -1.1 -1.1 -1.1 -1.1 -1.1 -1.1 -1.1 -1.1 -1.1 -1.1 -1.1 -1.1 -1.1 -1.1 -1.1 -1.1 -1.1 -1.1 -1.1 -1.1 -1.1 -1.1 -1.1
429.8 421.8 415.2 420.7 430.9 451.3 458 450.9 430.8 403.5 381.9 361.9 343.1 323.1 302.9 276.6 251.6 238.4 232.9 226.2 219.7 214.9 207.5 204.7 197.9 190.9 185.1 179.8 175.5 173.2 170.8 171.2 171 165.3 159 151.6 141.8 130.4 119.2 108.7 93.1 74.6 63 54.2 43.1 35.6 21.3 5.7 0.6 -1.1 -1.1 -1.1 -1.1 -1.1 -1.1 -1.1 -1.1 -1.1 -1.1 -1.1 -1.1 -1.1 -1.1 -1.1 -1.1 -1.1 -1.1 -1.1 -1.1 -1.1 -1.1 -1.1 -1.1 -1.1 -1.1 -1.1 -1.1 -1.1 -1.1 -1.1 -1.1 -1.1 -1.1 -1.1
442.9 436 438.5 447.7 460.7 479.3 487.4 481.7 458.7 429.5 407.4 387.4 368 344.9 316.7 288.8 263 245.6 237.1 229.6 223.7 217.5 209.6 205.6 200.3 193.2 187.1 181.5 176.2 173.4 170.1 168.8 169.1 161.7 155.6 150.8 142.7 132.1 121.7 103.5 84 87.4 77 66.2 53.6 38.6 29.2 17.7 3.9 -1.1 -1.1 -1.1 -1.1 -1.1 -1.1 -1.1 -1.1 -1.1 -1.1 -1.1 -1.1 -1.1 -1.1 -1.1 -1.1 -1.1 -1.1 -1.1 -1.1 -1.1 -1.1 -1.1 -1.1 -1.1 -1.1 -1.1 -1.1 -1.1 -1.1 -1.1 -1.1 -1.1 -1.1 -1.1
460.5 461 468.3 480.3 497.9 511.9 515 507.3 485.1 461 435 415.6 393.5 368.4 340.4 304.7 275.1 255.2 238.9 233.1 225.8 218.5 212.1 206 201.4 195.6 189.1 182.5 177.1 174 171 169.9 169.1 166.2 159.9 152.4 143.6 135.7 124.5 112.8 107.1 103.4 90.5 74.1 58.9 46.3 32.2 17.1 3.6 -1.1 -1.1 -1.1 -1.1 -1.1 -1.1 -1.1 -1.1 -1.1 -1.1 -1.1 -1.1 -1.1 -1.1 -1.1 -1.1 -1.1 -1.1 -1.1 -1.1 -1.1 -1.1 -1.1 -1.1 -1.1 -1.1 -1.1 -1.1 -1.1 -1.1 -1.1 -1.1 -1.1 -1.1 -1.1
483.1 483.4 494.4 516.2 530.4 540.3 533 513.7 490.5 465.8 444.8 425 407.5 382 356.5 328.6 298.2 268.8 249 237.2 229.6 221.4 213.9 206.4 201.8 197.4 190.7 184.3 178.3 174.9 173.6 173.3 172.9 169.7 164 157.2 149.1 140.8 131.6 126 123.6 109.2 89.9 70.5 58.2 46.5 31.1 18 4.4 -1.1 -1.1 -1.1 -1.1 -1.1 -1.1 -1.1 -1.1 -1.1 -1.1 -1.1 -1.1 -1.1 -1.1 -1.1 -1.1 -1.1 -1.1 -1.1 -1.1 -1.1 -1.1 -1.1 -1.1 -1.1 -1.1 -1.1 -1.1 -1.1 -1.1 -1.1 -1.1 -1.1 -1.1 -1.1
509.7 510.9 527.8 545.7 551.5 549.7 536.7 516.4 488.6 465.6 445.7 429.5 412.7 394.4 370.7 345.1 314.7 289.2 262.4 242.7 231.7 224.4 216.5 208.9 203.3 199.1 191.2 184.8 180 177 175.4 175.3 175.2 175.3 169.6 163.1 155 146.4 137.9 133.5 126.3 117.5 97.5 82.5 71.7 59.7 43.8 25.2 10.8 1.7 -1.1 -1.1 -1.1 -1.1 -1.1 -1.1 -1.1 -1.1 -1.1 -1.1 -1.1 -1.1 -1.1 -1.1 -1.1 -1.1 -1.1 -1.1 -1.1 -1.1 -1.1 -1.1 -1.1 -1.1 -1.1 -1.1 -1.1 -1.1 -1.1 -1.1 -1.1 -1.1 -1.1 -1.1
543.3 547.9 559.7 566.4 562.5 555.5 539.1 517 488.7 465.5 450.7 437.5 421.6 398.3 373.1 345.7 323.4 300.4 278 252.8 238.9 228.2 219.7 209.8 204.8 200.9 192.3 186.3 181.8 178.7 177.3 177.4 177.3 177.5 175.5 168.8 160.9 152.3 143.2 135.5 129.7 119.1 113.8 97.6 88.5 72.5 52.3 33.8 20.1 4.6 -1.1 -1.1 -1.1 -1.1 -1.1 -1.1 -1.1 -1.1 -1.1 -1.1 -1.1 -1.1 -1.1 -1.1 -1.1 -1.1 -1.1 -1.1 -1.1 -1.1 -1.1 -1.1 -1.1 -1.1 -1.1 -1.1 -1.1 -1.1 -1.1 -1.1 -1.1 -1.1 -1.1 -1.1
575.8 579.1 585.7 584.1 575.9 566 549.2 524.2 496.9 475.9 461.3 447.1 430.7 401.5 371.6 348.2 329.2 312.1 292.1 269 248 235.3 223 212.5 206.3 199.9 192.4 187.4 183.1 179.7 177.7 178.8 179.4 179.4 178.4 174.4 166.6 157.9 148.4 139.1 131.5 122.6 115.2 102.8 92.6 77.9 62.2 42.5 24.5 13.5 6.1 -1.1 -1.1 -1.1 -1.1 -1.1 -1.1 -1.1 -1.1 -1.1 -1.1 -1.1 -1.1 -1.1 -1.1 -1.1 -1.1 -1.1 -1.1 -1.1 -1.1 -1.1 -1.1 -1.1 -1.1 -1.1 -1.1 -1.1 -1.1 -1.1 -1.1 -1.1 -1.1 -1.1
606.8 610.1 611.2 606.8 594.6 582.5 561.8 538 514 492.3 475.6 460.6 439.9 410.7 375.2 353.9 337.7 323.3 306.2 288 266 242.2 230.5 215.1 207.8 200 193.1 187.9 183.6 180.1 176.7 177.7 178.7 179.8 179.4 178.8 170.7 163 153.4 142.2 132.1 123.6 115.7 104.2 91.8 79.2 62.3 43.5 26.8 15.2 6.7 1.1 -1.1 -1.1 -1.1 -1.1 -1.1 -1.1 -1.1 -1.1 -1.1 -1.1 -1.1 -1.1 -1.1 -1.1 -1.1 -1.1 -1.1 -1.1 -1.1 -1.1 -1.1 -1.1 -1.1 -1.1 -1.1 -1.1 -1.1 -1.1 -1.1 -1.1 -1.1 -1.1
648.6 644.7 639.4 630.8 617.9 601.5 579.8 555.2 531.9 512.6 494.9 477.4 454.3 422.3 386.9 363.1 347.7 333.3 319.4 302.1 282.2 255.8 234.8 219.6 210.1 200.9 194.2 188.2 182.9 179.8 177.1 176.6 178 179.3 179 179.5 173.4 166.4 156.6 144.7 134.9 125 116.6 106.4 91.8 72.6 59.5 49.1 31.2 19.6 7.7 1.7 -1.1 -1.1 -1.1 -1.1 -1.1 -1.1 -1.1 -1.1 -1.1 -1.1 -1.1 -1.1 -1.1 -1.1 -1.1 -1.1 -1.1 -1.1 -1.1 -1.1 -1.1 -1.1 -1.1 -1.1 -1.1 -1.1 -1.1 -1.1 -1.1 -1.1 -1.1 -1.1
684.8 676.6 668 656.3 640.7 622.8 600.5 576.9 554.6 535 517 497.3 472.6 436.8 395.4 374.8 357.2 344.4 331.9 314.9 296.9 268.7 241.2 225 211.2 202.5 195.9 188.3 182.3 177.5 174.9 176.1 177.3 178.5 179.2 178.7 173.2 166.3 157.8 146.5 137.1 127.5 116.8 107.1 94 78.9 56.3 45.4 35.7 27.9 13.5 1.6 -1.1 -1.1 -1.1 -1.1 -1.1 -1.1 -1.1 -1.1 -1.1 -1.1 -1.1 -1.1 -1.1 -1.1 -1.1 -1.1 -1.1 -1.1 -1.1 -1.1 -1.1 -1.1 -1.1 -1.1 -1.1 -1.1 -1.1 -1.1 -1.1 -1.1 -1.1 -1.1
714 699.4 683.1 668.7 653.5 636.8 619.8 600.6 577.3 557.8 540.2 517.8 486.3 447.6 411.2 387.9 369.9 356.7 342.7 329.1 313.1 283.5 252.3 230.1 215.7 204.5 197.1 189 181.4 177.4 174.1 174 175.1 176.7 178.3 177.1 172.1 166.7 157.2 147.3 137.3 128.5 116.7 105.6 94.1 79.7 66.4 41.6 33.8 30.7 8.3 1.1 -1.1 -1.1 -1.1 -1.1 -1.1 -1.1 -1.1 -1.1 -1.1 -1.1 -1.1 -1.1 -1.1 -1.1 -1.1 -1.1 -1.1 -1.1 -1.1 -1.1 -1.1 -1.1 -1.1 -1.1 -1.1 -1.1 -1.1 -1.1 -1.1 -1.1 -1.1 -1.1
707.1 688.6 671.9 659.7 646 632.4 619.1 604.8 586.9 568.7 545.6 516.2 485.8 453.2 427.2 406.2 386.4 370 356 340.1 322.5 295.5 263 239.7 220.6 207 198.1 189.8 180.9 176.7 173.2 172.6 172.1 173.7 175.3 176.5 171.1 165.7 157.5 146.5 137 129.1 116.5 104.3 93.1 79 65.6 50.9 34.5 15.5 6.4 1.1 -1.1 -1.1 -1.1 -1.1 -1.1 -1.1 -1.1 -1.1 -1.1 -1.1 -1.1 -1.1 -1.1 -1.1 -1.1 -1.1 -1.1 -1.1 -1.1 -1.1 -1.1 -1.1 -1.1 -1.1 -1.1 -1.1 -1.1 -1.1 -1.1 -1.1 -1.1 -1.1
678.9 664.5 651.7 640.3 629.5 619.1 608.9 591.3 561.4 531.6 508.2 489.9 472.7 454.2 437 419 400.9 381.8 364.5 348.2 330.1 301.8 271.4 246.1 223.9 210.5 199.6 189 180.3 176.7 171 167.3 168.3 169.7 172.4 172.6 168.9 163.6 156.3 144.6 133 123.4 113.8 103.4 89.5 74.9 61.1 46 32.8 18.7 4.6 1.7 -1.1 -1.1 -1.1 -1.1 -1.1 -1.1 -1.1 -1.1 -1.1 -1.1 -1.1 -1.1 -1.1 -1.1 -1.1 -1.1 -1.1 -1.1 -1.1 -1.1 -1.1 -1.1 -1.1 -1.1 -1.1 -1.1 -1.1 -1.1 -1.1 -1.1 -1.1 -1.1
652.7 639.9 629 620.9 611.7 603.1 589.9 555.1 526.4 504 483.9 470.6 460.6 449.3 435.3 422.8 406.1 389.3 369 349.2 326 300.8 274.6 251.3 227.6 214 200 189.2 181.3 176.7 172.1 167.5 161.8 165.3 167.3 167.3 163.6 160.7 154.5 140.4 129.4 121.1 112.8 102.6 86.8 73.6 64.1 52 32.2 21.1 4.4 2.2 -1.1 -1.1 -1.1 -1.1 -1.1 -1.1 -1.1 -1.1 -1.1 -1.1 -1.1 -1.1 -1.1 -1.1 -1.1 -1.1 -1.1 -1.1 -1.1 -1.1 -1.1 -1.1 -1.1 -1.1 -1.1 -1.1 -1.1 -1.1 -1.1 -1.1 -1.1 -1.1
626.1 614.6 605.2 596.5 587.7 574.6 549.9 526.7 501 482.8 471.1 462.9 454.3 446.1 433.1 420.1 405.6 389.2 369.3 349.9 327 300.7 280.1 258.8 236 214.7 202.2 191.1 184.9 177.3 171.5 166.5 161.6 159.9 161.1 161.7 158 155.7 146.9 137.9 127.6 117.3 108.5 96.3 85.2 73.4 60.7 48.6 33.5 17.7 4.5 2.3 -1.1 -1.1 -1.1 -1.1 -1.1 -1.1 -1.1 -1.1 -1.1 -1.1 -1.1 -1.1 -1.1 -1.1 -1.1 -1.1 -1.1 -1.1 -1.1 -1.1 -1.1 -1.1 -1.1 -1.1 -1.1 -1.1 -1.1 -1.1 -1.1 -1.1 -1.1 -1.1
599.7 589 579.7 571.9 561.3 545.3 521.7 503.4 487.7 475.8 467.8 460.5 450.1 440.2 429.3 419.1 407.8 395.3 378.8 362 340.9 317.3 293.3 267.1 243.9 220.2 203.9 193.6 189.1 180.7 172.7 167.1 161 156 151.6 154.1 153.6 148.3 141.9 134 123.7 113.9 105.1 96 83.5 70.6 55.6 44.6 30.7 12.7 4.1 2.4 -1.1 -1.1 -1.1 -1.1 -1.1 -1.1 -1.1 -1.1 -1.1 -1.1 -1.1 -1.1 -1.1 -1.1 -1.1 -1.1 -1.1 -1.1 -1.1 -1.1 -1.1 -1.1 -1.1 -1.1 -1.1 -1.1 -1.1 -1.1 -1.1 -1.1 -1.1 -1.1
581.2 570.5 561.8 552.6 542.2 526.9 509.2 495.9 484.5 473.7 465.9 458.2 450.3 440.6 434 427.6 419.8 407.8 390.8 373 350.4 324.9 302.8 273.8 250.1 226.2 204.7 193.3 189.5 181 172.7 167 161 155.2 149.2 146.6 146.2 140.7 135 128.3 119.8 111.3 101.7 92.4 80.1 67.2 52.8 42.3 29.3 12 4.3 2.5 -1.1 -1.1 -1.1 -1.1 -1.1 -1.1 -1.1 -1.1 -1.1 -1.1 -1.1 -1.1 -1.1 -1.1 -1.1 -1.1 -1.1 -1.1 -1.1 -1.1 -1.1 -1.1 -1.1 -1.1 -1.1 -1.1 -1.1 -1.1 -1.1 -1.1 -1.1 -1.1
572.6 562.7 553.4 543 532 518.8 506 494.3 485.7 477.1 470.1 463.1 455.3 449.7 444.2 439.7 432.2 415 395 377.5 353.4 328 306.6 277.5 250.1 228.1 206.1 192.1 186.1 179.5 171.6 164.7 157.9 151.2 146.2 141.6 131 128.7 119.6 117.3 117.6 108.6 97.3 83.2 72.3 57.9 49.9 39.1 25.8 10.2 5 3.4 -1.1 -1.1 -1.1 -1.1 -1.1 -1.1 -1.1 -1.1 -1.1 -1.1 -1.1 -1.1 -1.1 -1.1 -1.1 -1.1 -1.1 -1.1 -1.1 -1.1 -1.1 -1.1 -1.1 -1.1 -1.1 -1.1 -1.1 -1.1 -1.1 -1.1 -1.1 -1.1
565.1 555.6 546.4 535.2 525.3 515.1 504.6 495.1 487.6 481.7 474.7 468.2 464.2 461.4 458.4 454.4 445.2 424.9 398.3 375.5 351.1 325.3 304.1 277.3 249 224.7 206.1 190.7 183.9 176.8 170.1 164.2 158.2 151.2 146.1 142.6 140 136.1 129.8 117.9 104.9 101.3 91.9 84.1 70.4 59 49 40.9 28.2 12.3 5 -1.1 -1.1 -1.1 -1.1 -1.1 -1.1 -1.1 -1.1 -1.1 -1.1 -1.1 -1.1 -1.1 -1.1 -1.1 -1.1 -1.1 -1.1 -1.1 -1.1 -1.1 -1.1 -1.1 -1.1 -1.1 -1.1 -1.1 -1.1 -1.1 -1.1 -1.1 -1.1 -1.1
562.5 552 541.2 530.3 522.2 512.1 503.4 496.5 490.2 484.5 479.8 476.1 474.9 475.1 473.7 471.7 462.2 431.4 397.9 369.6 345.1 319 296.9 273.3 249.4 222.5 204.4 190 184.2 177.5 170.9 164.2 158.3 151.6 146.7 141.9 139.8 135.3 124.4 117.8 112.3 100.8 94.6 81.5 66.2 51.7 40.9 36.5 26.2 18.9 4.3 -1.1 -1.1 -1.1 -1.1 -1.1 -1.1 -1.1 -1.1 -1.1 -1.1 -1.1 -1.1 -1.1 -1.1 -1.1 -1.1 -1.1 -1.1 -1.1 -1.1 -1.1 -1.1 -1.1 -1.1 -1.1 -1.1 -1.1 -1.1 -1.1 -1.1 -1.1 -1.1 -1.1
563.9 552.5 542.1 531.6 522.2 513.6 506.1 500 492.8 488.3 485 484.7 487.8 491.6 495.8 492.1 464.5 427.6 394.8 365.6 337 312.2 292 271.5 251.6 224.2 203.4 191.2 183.9 177.4 171.1 164.9 158.4 152.4 146.7 141.1 137.7 133.4 122.7 114.1 105.7 102.9 95.2 79.6 69.8 55.6 44.1 31.1 25.4 15.9 3.6 3.4 -1.1 -1.1 -1.1 -1.1 -1.1 -1.1 -1.1 -1.1 -1.1 -1.1 -1.1 -1.1 -1.1 -1.1 -1.1 -1.1 -1.1 -1.1 -1.1 -1.1 -1.1 -1.1 -1.1 -1.1 -1.1 -1.1 -1.1 -1.1 -1.1 -1.1 -1.1 -1.1
571.7 556.9 546.4 535.1 525 516.7 508.7 501.4 496.4 494.7 496.8 501.7 508.2 517.2 522.3 500.6 458.4 421.8 387.8 357.9 329.3 307.9 288.1 267.9 249.7 226.1 204.8 193.3 183.9 176.6 170.4 164.2 158 152.6 147.3 141.6 136.7 131.7 124.6 117.7 107.7 100.1 94.5 83.1 71.6 61.3 51.7 38.4 27 7.7 5.6 2 -1.1 -1.1 -1.1 -1.1 -1.1 -1.1 -1.1 -1.1 -1.1 -1.1 -1.1 -1.1 -1.1 -1.1 -1.1 -1.1 -1.1 -1.1 -1.1 -1.1 -1.1 -1.1 -1.1 -1.1 -1.1 -1.1 -1.1 -1.1 -1.1 -1.1 -1.1 -1.1
591 577.2 558 544.6 532.8 523.1 519.8 516.7 519.1 522.1 527.1 534.6 541 546.1 529.7 488.1 447.4 412.9 380.9 350.5 324.1 305.9 288 268 247.7 225.3 205.7 193.6 183.8 175.9 169.7 163.6 158 152.7 147.4 142.6 138.9 132.7 122.7 118.5 108.2 99.7 88.6 82.3 72 59 49.1 37.6 27.2 6.9 4.5 1.2 -1.1 -1.1 -1.1 -1.1 -1.1 -1.1 -1.1 -1.1 -1.1 -1.1 -1.1 -1.1 -1.1 -1.1 -1.1 -1.1 -1.1 -1.1 -1.1 -1.1 -1.1 -1.1 -1.1 -1.1 -1.1 -1.1 -1.1 -1.1 -1.1 -1.1 -1.1 -1.1
