webserver/python/data/NS06.asc
ncols 200
nrows 200
xllcorner 200000
yllcorner 660000
cellsize 50
[rows 0 to 37 of 200, columns 86 to 171 of 200]
273.8 272.6 270.1 270.2 272.8 270.9 269.8 269.7 267.7 259.4 248.4 246.4 246.2 242.5 235.4 229.9 229.1 223.9 224.3 215.9 202.7 188 173.3 162.3 152.7 140.7 128 115.2 104.7 91.9 84.4 90.6 90.5 87.7 80.4 70.9 61.6 54.4 48.6 44.3 39 31.5 25.3 21.9 17.2 12 8.1 5.1 2.7 -0.9 -0.9 -0.9 -0.9 -0.9 -0.9 -0.9 -0.9 -0.9 -0.9 -0.9 -0.9 -0.9 -0.9 -0.9 -0.9 -0.9 -0.9 -0.9 -0.9 -0.9 -0.9 -0.9 -0.9 -0.9 -0.9 -0.9 -0.9 -0.9 -0.9 -0.9 -0.9 -0.9 -0.9 -0.9 -0.9 -0.9
274.8 275.2 269.6 269.3 270 268.5 267.1 266.4 263.4 256.7 247.4 245.9 245.6 241.2 234.2 235.6 235 233.3 231.8 222.5 208.8 194.2 177.9 165.5 159.1 148.4 136.7 124 114.2 102.2 99.1 97.9 96.9 93.3 86.5 77 65.9 58.4 51.9 47.7 42.2 34.8 29.7 24.5 19.6 15 10.4 7.2 4.6 2 -0.9 -0.9 -0.9 -0.9 -0.9 -0.9 -0.9 -0.9 -0.9 -0.9 -0.9 -0.9 -0.9 -0.9 -0.9 -0.9 -0.9 -0.9 -0.9 -0.9 -0.9 -0.9 -0.9 -0.9 -0.9 -0.9 -0.9 -0.9 -0.9 -0.9 -0.9 -0.9 -0.9 -0.9 -0.9 -0.9
275.6 276 269.3 268.4 266.7 265 263.9 263.5 259.9 253.7 245.4 245 243.7 238.9 239.3 240.7 240.3 236 232.2 224.9 217.2 203.6 191.1 182.5 174.8 159.8 145 131.9 121.8 112.2 108.7 105.5 103.9 99.5 91.1 82 71.6 64.7 55.8 51.2 45 38.8 32.3 26.6 20.8 18.2 14.4 10.2 6.9 3.7 2 0.5 -0.9 -0.9 -0.9 -0.9 -0.9 -0.9 -0.9 -0.9 -0.9 -0.9 -0.9 -0.9 -0.9 -0.9 -0.9 -0.9 -0.9 -0.9 -0.9 -0.9 -0.9 -0.9 -0.9 -0.9 -0.9 -0.9 -0.9 -0.9 -0.9 -0.9 -0.9 -0.9 -0.9 -0.9
276 275.7 268.5 265.5 263.7 261.9 260.3 259.3 256.6 251.6 244.1 243 240.4 239.4 240.8 240.6 240 238.7 236.5 229.8 225.5 216.6 205.9 197.9 192.4 176.8 157 143.3 129.7 121.5 116.6 114.2 110.8 105 96.6 87.7 76.9 69.3 61.3 55.2 49.1 41.4 33.9 28.5 23.9 21.8 19.3 14.7 10.3 6.5 4.4 3 1.4 -0.9 -0.9 -0.9 -0.9 -0.9 -0.9 -0.9 -0.9 -0.9 -0.9 -0.9 -0.9 -0.9 -0.9 -0.9 -0.9 -0.9 -0.9 -0.9 -0.9 -0.9 -0.9 -0.9 -0.9 -0.9 -0.9 -0.9 -0.9 -0.9 -0.9 -0.9 -0.9 -0.9
275.2 273.5 266.4 262.6 260.6 258.9 257.2 256.6 255 247.8 243.3 241 240.3 239.1 240.9 240.9 239.4 242.5 244.1 234.6 231.6 228.4 221.7 214.5 206.3 191.1 172.5 155.1 138.9 129.1 124.9 120.3 116.6 110.5 101.7 93.1 83 73.3 65.2 58.9 52.4 43.9 39.9 34.1 30.7 26.8 23.1 18.1 15.2 9.4 6.9 5.1 3.5 1.7 -0.9 -0.9 -0.9 -0.9 -0.9 -0.9 -0.9 -0.9 -0.9 -0.9 -0.9 -0.9 -0.9 -0.9 -0.9 -0.9 -0.9 -0.9 -0.9 -0.9 -0.9 -0.9 -0.9 -0.9 -0.9 -0.9 -0.9 -0.9 -0.9 -0.9 -0.9 -0.9
270.2 266.8 263.9 260.3 257.6 255.7 254.2 253.3 250.6 246.5 242.4 240.3 240.3 239.3 239.4 239.3 242.3 249.5 248.8 241.8 242.2 240.2 234.2 226.3 217.2 202.5 183.8 165 149.7 138 131.6 126.1 121.9 115.6 107 97.1 88.2 80.7 72 62.2 56.5 50.7 44.2 39 34.1 30.3 25.8 21.6 19.2 16.8 10.1 6.8 5.1 2.6 2 1.6 -0.9 -0.9 0.5 1 1 1.7 2.5 2.2 -0.9 -0.9 -0.9 -0.9 -0.9 -0.9 -0.9 -0.9 -0.9 -0.9 -0.9 -0.9 -0.9 -0.9 -0.9 -0.9 -0.9 -0.9 -0.9 -0.9 -0.9 -0.9
266.4 264 261 257.7 255.1 253.7 252.4 250.8 249 245.5 240.7 239.4 240 238.5 238.3 239.7 245.5 250.2 250.5 249.1 250.6 249.2 244.5 235.2 224.8 212.3 193.2 173.2 158.5 146.7 140.3 131.2 126.9 118.7 110.4 101.4 92.4 85.3 75.7 68.5 61.5 55.4 49.7 42.4 38 32.9 29.8 27 24.6 22.2 18.3 12.9 7.3 4.6 2.6 2.8 2.6 2.1 3 3.2 3.5 5.3 6.7 5.4 2.1 -0.9 -0.9 -0.9 -0.9 -0.9 -0.9 -0.9 -0.9 -0.9 -0.9 -0.9 -0.9 -0.9 -0.9 -0.9 -0.9 -0.9 -0.9 -0.9 -0.9 -0.9
262.6 261 258.9 256.3 255.6 252.5 251.1 250.6 250.2 244 239.4 239 238.8 238.3 238.8 242.9 248.7 252.7 253.5 254.5 256.2 258.4 256.5 245.8 235.2 219.6 201.2 179.6 164.9 152.4 145.2 136.5 130.5 123 113.8 107.1 101 93.7 84.4 76.3 68.3 60.2 53.3 46.3 41.1 36.3 35.9 33.6 32 28.7 24.6 20.8 15.6 9.1 5.6 4.3 4 4.4 4.4 7.2 7.4 9.1 9.8 7.9 3.7 1 -0.9 -0.9 -0.9 -0.9 -0.9 -0.9 -0.9 -0.9 -0.9 -0.9 -0.9 -0.9 -0.9 -0.9 -0.9 -0.9 -0.9 -0.9 -0.9 -0.9
259.5 257.9 256.1 255.9 256 251.8 249 249 249.4 242.1 238.2 238.4 238 238.3 239.3 245.5 256.2 257.3 257 258.5 261.9 266 262.4 250.5 238.4 223.2 205.1 184.4 168.7 157.2 149.7 140.7 133 125.4 118.4 112.4 107.7 100.4 93.1 82.9 75.1 64.5 56.3 50.7 44.7 42.8 41.5 40.8 39.4 37.6 34.3 28.6 22.4 17.4 11.4 8.4 6.8 7 6.9 8.1 12.4 16.4 15.2 12 6.8 2.5 -0.9 -0.9 -0.9 -0.9 -0.9 -0.9 -0.9 -0.9 -0.9 -0.9 -0.9 -0.9 -0.9 -0.9 -0.9 -0.9 -0.9 -0.9 -0.9 -0.9
256.9 255.4 254.1 255.8 256 249.5 249.4 249.4 248.2 240.5 237 237 238 238.1 240.4 247.5 260.7 260.3 261 262.9 264.9 265.5 258.9 247.8 237.2 223.3 206.4 186.9 171.1 160.4 153.2 143.6 136.1 128.7 122.3 117.1 115.2 109.7 103.7 94.6 85.8 72.6 60.3 55 49.7 48.8 47 47.7 47.9 47.5 48.1 39.8 28.3 20.8 16.9 12.7 10.4 9.8 9.8 10.6 16 20.4 18.9 16.1 6.7 2.8 0.8 -0.9 -0.9 -0.9 -0.9 -0.9 -0.9 -0.9 -0.9 -0.9 -0.9 -0.9 -0.9 -0.9 -0.9 -0.9 -0.9 -0.9 -0.9 -0.9
253.7 253.8 253.4 254.4 254.2 250.4 247.2 246.2 245 240.4 236.2 234.4 236.3 238.6 243.2 252.1 261.3 263.7 267.4 266.2 264 262.4 252.6 243.8 234.5 219.5 204.2 190.3 174.7 163.1 155.4 147.2 139.5 131.4 125.4 123.1 123.5 121.4 114.8 106.2 98.6 85.1 72 61.3 56.3 54.9 53.6 55.6 55.7 57.4 58.9 53.5 38.3 28.2 21.2 17.4 15.1 14.3 12.9 13.5 18.2 20.7 20.5 16.5 7.7 3.7 2.2 -0.9 -0.9 -0.9 -0.9 -0.9 -0.9 -0.9 -0.9 -0.9 -0.9 -0.9 -0.9 -0.9 -0.9 -0.9 -0.9 -0.9 -0.9 -0.9
250.2 250.5 250.8 251.6 251.8 249.3 244.4 244.9 242.6 238.5 234.5 234.2 237.2 240.8 244.6 254.6 261 264.7 266.8 266.6 263.5 257.9 250.2 241.1 231.5 217.3 206.8 193.2 176.3 165.1 155.9 149.6 142.3 135.5 131.4 134.8 132.6 131.6 123.4 112.8 106.6 95.4 84.4 72.9 65 62.9 60.6 61.4 64.2 63.8 64.1 59.3 47.9 35.7 26.6 21.5 18.1 17.1 15.9 16.4 20.4 21.7 21.6 19 13.7 6 3.4 -0.9 -0.9 -0.9 -0.9 -0.9 -0.9 -0.9 -0.9 -0.9 -0.9 -0.9 -0.9 -0.9 -0.9 -0.9 -0.9 -0.9 -0.9 -0.9
246.3 246.7 248.1 250.3 250.8 246.2 242.6 241.5 240.1 236.3 234.6 234.5 240.2 242.4 245.7 254.9 260.8 265.1 266.8 266.4 265.7 257.9 246 238.6 227.7 217.5 207.8 192.9 177.1 167.2 159.1 153.4 145 139.5 138 140.9 142.3 142.8 133.1 118 110.4 101.2 91 79.2 73.7 71.9 68.1 67.8 71.7 70.4 69.4 64.3 55 43.9 32.8 24.4 21.2 19 18.1 18.8 21 21.6 21.8 20.1 14.7 7.3 4 -0.9 -0.9 -0.9 -0.9 -0.9 -0.9 -0.9 -0.9 -0.9 -0.9 -0.9 -0.9 -0.9 -0.9 -0.9 -0.9 -0.9 -0.9 -0.9
242.5 243 243.8 247.2 247.3 242.4 239.6 238.7 237.7 235.2 234.2 234.9 240.4 242.6 246.9 253.4 259.3 263.9 266.4 267.3 264.7 253.2 239.4 235.7 229.3 223.4 215.4 198.8 180.4 169.6 162.2 158.1 150.2 141.9 143.2 148.6 149.2 149.2 139.6 122.5 114.5 104.5 93.5 87 82.2 81.7 76.7 75.2 76.3 75.5 73.3 67.9 59.4 51 39.9 30.1 24.4 22.1 19.6 19.2 19.6 21 21.6 21 16.7 8.4 5.5 2.1 -0.9 -0.9 -0.9 -0.9 -0.9 -0.9 -0.9 -0.9 -0.9 -0.9 -0.9 -0.9 -0.9 -0.9 -0.9 -0.9 -0.9 -0.9
238.4 239.5 240.1 241.3 242.1 239.7 237.5 236.8 236.1 234.2 234.2 236.4 240.1 242.4 245.5 251.2 257.5 262.6 265.8 264.9 254.8 244.6 237.5 236.7 232.9 227.2 220 203.7 184.7 171.9 165.6 162.4 153.4 144.9 146.6 151.3 153.2 153.1 142.1 126.8 117.1 107.5 98.9 95.2 90.9 90.8 85.4 81.5 81.3 79.6 77 71.2 63.1 54.4 45.3 34.9 28.8 24.7 21 20.3 19.5 20.4 21.5 21.1 17.8 9.7 4.7 2.2 -0.9 -0.9 -0.9 -0.9 -0.9 -0.9 -0.9 -0.9 -0.9 -0.9 -0.9 -0.9 -0.9 -0.9 -0.9 -0.9 -0.9 -0.9
234.2 235.1 235.6 236.1 237.9 236.5 235.2 234 234.4 234.1 234.4 235.9 240.9 241.1 244.2 248.6 255.5 260.6 262.1 253.9 248.3 241.1 239.4 239.8 237 230.4 223.6 211.4 189.6 175.1 168 164.1 155.4 148.4 149.8 154.1 155.5 152.9 143.1 128 118.5 110.4 103.3 99.1 97.7 98.5 94.5 88.5 85.4 83.3 80.5 75.2 67.4 56.4 48.1 37.6 31 26.6 22.5 21.5 21.1 20.6 21.5 21.1 18.2 10.8 4.9 2.7 -0.9 -0.9 -0.9 -0.9 -0.9 -0.9 -0.9 -0.9 -0.9 -0.9 -0.9 -0.9 -0.9 -0.9 -0.9 -0.9 -0.9 -0.9
230.3 230.4 230.7 232.4 235.1 232.3 229.2 229.7 232.1 232.1 233 235.5 238.5 240.1 242.3 246.3 251.3 256.1 254 249.5 242.7 239.5 240.3 239.5 236.3 229.3 224.3 214.8 196.2 180 169.7 164.7 156.6 149.5 151.6 155.6 155.9 151.7 142.4 131.9 119.3 112.6 106.7 103.6 103.4 103.1 99.9 92.6 88.6 85 82.9 76.5 67.5 57.2 52.6 42.6 33 28.4 23.5 21.3 21 21.1 21 21 18.3 12.6 6.8 3.8 1.1 -0.9 -0.9 -0.9 -0.9 -0.9 -0.9 -0.9 -0.9 -0.9 -0.9 -0.9 -0.9 -0.9 -0.9 -0.9 -0.9 -0.9
226.1 226.6 227 228.3 231.5 230.6 229 229 230.5 232 233.1 234.2 236.4 237.7 239.7 243.1 247.2 250.3 248.4 243.9 237.9 234.5 236.4 236.8 236 230.5 225.1 214.8 201.2 182.6 171.6 166.3 159.7 153.3 155.1 155.8 155.9 149.1 141.6 132.7 120.9 114.2 108.6 106.1 107 105.7 102.3 95.6 91.3 87.2 83.2 78.2 71.4 64.3 56.1 47.9 36.5 30.6 25.2 22.1 21.4 21.3 20.9 19.7 17.9 13.2 6.7 4.1 1.6 -0.9 -0.9 -0.9 -0.9 -0.9 -0.9 -0.9 -0.9 -0.9 -0.9 -0.9 -0.9 -0.9 -0.9 -0.9 -0.9 -0.9
221.6 222.7 223.6 226.3 229.7 229.1 230.5 231.9 233.1 232.6 233.3 234 234.8 235.2 236.9 239.4 242.1 243.7 242.7 238.6 233 230.6 235.2 239.6 240.6 232.9 225.8 216.5 204 185 173.4 167.6 161.4 155.5 155.7 156.1 154.5 147.3 142.3 134.2 122.3 115.8 110.7 109.1 109.1 106.9 103.3 98.3 93.6 89.3 85.5 82.5 78.1 72.5 66.5 57.4 43.1 33.6 27.4 22.7 21.5 21.1 19.7 18.6 17.1 14.5 8.7 4.5 2.3 -0.9 -0.9 -0.9 -0.9 -0.9 -0.9 -0.9 -0.9 -0.9 -0.9 -0.9 -0.9 -0.9 -0.9 -0.9 -0.9 -0.9
217.7 218.9 221.2 224.9 225.6 229 236.8 238.1 238.4 234.5 234.2 233.9 234.4 233.9 234.7 235.3 237.8 239 237.7 232 226.6 227.8 238.2 245.6 243 238 228 217.7 206.3 190.4 175 168.3 161.7 158.5 156.8 155.6 150.3 147 142.4 134.1 124.2 116.5 112.8 110.8 110.3 107.3 104.4 99.6 94.5 89.9 88.3 89.9 85.5 81.2 73.5 64.5 50.4 38.7 29.5 23.8 21.8 19.8 18.5 17.3 16.4 13.4 9.2 5.3 2.9 -0.9 -0.9 -0.9 -0.9 -0.9 -0.9 -0.9 -0.9 -0.9 -0.9 -0.9 -0.9 -0.9 -0.9 -0.9 -0.9 -0.9
214.2 215.6 215.8 221.5 226.3 234.9 242 244.1 243.4 240.5 239.4 236 232.8 231.8 232.4 233 232.9 233.8 230.9 224.6 221.8 226.8 239.7 246.1 245.6 241.1 230.6 221.2 207.3 191.1 176.7 168 162.4 159.6 157.2 153.9 149.2 145.7 141.2 134.4 125 116.9 112.6 111.7 111 107.8 104.1 99.7 95 92.9 92.6 93.4 90 81.9 76.3 67.8 54.2 42 30.4 24.1 21.4 19.1 17.1 16 15.4 11.2 9 5.6 3 -0.9 -0.9 -0.9 -0.9 -0.9 -0.9 -0.9 -0.9 -0.9 -0.9 -0.9 -0.9 -0.9 -0.9 -0.9 -0.9 -0.9
210.6 213.4 220.3 224.1 230.1 238.5 247.3 250.7 249.3 247.1 242.6 235 230.6 229.4 230.2 228.4 228.2 227.2 223.3 216.7 219.4 229.5 239 244.2 245.9 239.4 232.2 222.2 208.7 193.4 178.4 168.3 162.5 159.1 156.8 153.7 149 144.3 138.8 132 125.3 117.5 112.5 111.6 110.9 108.4 104.4 100.9 96.2 94.1 96.9 95.1 91.4 84 77.2 69 55.7 42.7 30.4 24.1 21.1 18.5 15.9 12.5 10.3 9.5 8.2 6.3 3.8 -0.9 -0.9 -0.9 -0.9 -0.9 -0.9 -0.9 -0.9 -0.9 -0.9 -0.9 -0.9 -0.9 -0.9 -0.9 -0.9 -0.9
206.9 215.6 221.1 225.4 234 246.3 252.6 253.5 251.3 248 242.8 234.8 229.5 226.4 225 223.4 221.8 220.9 217.7 212.1 220.5 230 238.5 242.8 242.6 238.1 233.4 220.2 208 192.1 177.5 168.8 161 157.2 155.8 152.7 148.5 144.2 138.7 131.8 126.7 118.5 112.5 111.3 109.9 108.3 105.8 102.9 100 95.5 100.2 97.3 92.2 84.9 76.6 68.7 55.8 44.2 31.2 24.4 20.4 17.1 14.6 10.2 8.6 7.9 7 6.5 2.4 -0.9 -0.9 -0.9 -0.9 -0.9 -0.9 -0.9 -0.9 -0.9 -0.9 -0.9 -0.9 -0.9 -0.9 -0.9 -0.9 -0.9
208.9 215.9 221.3 227.5 237.1 249.1 254.6 256 252.4 246.8 241.9 234.3 229.9 225.2 220.9 218.2 216.2 214.8 211.6 207.8 219.8 229.6 237.3 240.6 239.8 231.5 225 214.9 205.8 190.8 174.7 164.4 157.4 155.9 154 150.9 146.5 142.9 138.8 132.5 127.3 120.1 111.6 109.3 109.7 108.8 108 104.2 106 99.9 100.9 99.5 92.5 85.2 76.4 68.2 56.5 44.4 31.6 23 18.7 15 10.9 10.2 7.2 6.3 6.1 5.9 1.3 -0.9 -0.9 -0.9 -0.9 -0.9 -0.9 -0.9 -0.9 -0.9 -0.9 -0.9 -0.9 -0.9 -0.9 -0.9 -0.9 -0.9
208.9 215.2 221.4 230.3 239.2 250.5 254.6 255.9 252.9 246.8 240.9 233.7 227.2 222.5 218.5 213.7 210.7 209.3 205.6 206.3 218.5 229 235.9 236.9 231.9 227.4 221.3 211.9 203.3 187.8 172.6 162.3 154.3 151.3 151.6 148.5 143.6 140.9 137.2 131 125.1 117.4 109 107.3 108.4 110.6 110 106.9 105.7 99 100.9 99.6 91.7 83.6 74.7 66.4 56.3 42.7 30 22.3 16.1 10.4 7.2 6.5 5.9 4.5 4.5 1.8 -0.9 -0.9 -0.9 -0.9 -0.9 -0.9 -0.9 -0.9 -0.9 -0.9 -0.9 -0.9 -0.9 -0.9 -0.9 -0.9 -0.9 -0.9
209.6 215.3 222.6 231.6 241.6 251.3 255.9 255.1 253.2 248.3 240.2 232.8 225.9 220 215.3 209.5 205.8 204.3 199.4 203.1 218.3 227.3 232.4 230.1 226.4 221.4 216.6 206.2 196.2 184.6 169.6 158.8 151.6 148.3 148.5 144.9 140.2 137.7 133.4 128.9 121.6 112.6 106 104.7 108.4 111.1 110.9 109 101.1 98.7 99.5 97.3 89.8 81.5 72.1 64.2 53.7 39.5 28.7 21 12.9 7.8 6 3.9 3.3 2.7 2.1 -0.9 -0.9 -0.9 -0.9 -0.9 -0.9 -0.9 -0.9 -0.9 -0.9 -0.9 -0.9 -0.9 -0.9 -0.9 -0.9 -0.9 -0.9 -0.9
209.4 217.6 225.7 234.5 243.6 251 254.6 253.8 252.8 247.1 239.4 231.5 223.2 217.6 211.7 204.8 199.6 198.2 193.1 202 214.7 223.1 226.3 224.2 220.7 215.9 211.2 203.2 191.3 181.5 165.6 154.6 144.4 145.7 143.7 140.4 135.5 133.6 129.4 126.1 117.2 107.8 102.4 101.2 107.6 112.4 113.3 108.4 98.9 96.3 96.5 95.1 86.1 77.8 68.4 61.5 51.2 39.7 28.5 19 10.3 6.9 5.1 3.3 2.7 2.2 1.1 -0.9 -0.9 -0.9 -0.9 -0.9 -0.9 -0.9 -0.9 -0.9 -0.9 -0.9 -0.9 -0.9 -0.9 -0.9 -0.9 -0.9 -0.9 -0.9
211.6 220 227.8 238.1 245.1 251.1 252.2 251 250.5 245.4 236.4 228.8 219.9 214.7 207.9 201.2 194.4 192.3 189.2 199.5 210.3 217.2 220.8 217.7 214.3 210.2 205.6 196.7 186.3 175.9 160.2 150.5 140.8 140.1 139.5 136.5 131.3 129.2 126.3 119.2 108.2 101.5 97 96.7 111.4 115 113 104.4 94.3 92.7 92.7 89 81.9 73.7 65.6 58.1 48.9 37.8 25.8 16.4 9.1 6.2 3.8 2.6 2.1 1.3 0.1 -0.9 -0.9 -0.9 -0.9 -0.9 -0.9 -0.9 -0.9 -0.9 -0.9 -0.9 -0.9 -0.9 -0.9 -0.9 -0.9 -0.9 -0.9 -0.9
213.1 222.7 230.1 241.1 247.8 250 249.5 248.5 247.1 241.9 233.6 226.2 217.8 209.3 205 196.3 190.4 187.6 185.9 194.3 203.6 212.4 213.8 212.5 208.3 205.4 198.5 189.8 182.5 171.6 156.7 145.6 133.1 134.8 133.2 130.4 126.4 122.5 117.9 108.3 98.8 95.8 89.2 95.2 109.6 113.3 107.7 99.3 89.6 88.2 86.8 82 76.6 70 62.9 55.3 44.9 32.7 21.6 10.5 7 4.7 2.7 1.2 -0.9 -0.9 -0.9 -0.9 -0.9 -0.9 -0.9 -0.9 -0.9 -0.9 -0.9 -0.9 -0.9 -0.9 -0.9 -0.9 -0.9 -0.9 -0.9 -0.9 -0.9 -0.9
216 226.1 233.8 244.5 248 248 246 244.8 243.3 238.2 230.7 223 215.1 206.3 201 193.5 186.8 183.7 184.1 189.9 199.5 206 208.1 205 202.7 198 191 185.3 176.6 165.9 151.1 138.8 126.2 127.8 125.4 122.5 117.8 112.6 107.4 97 93.8 90.2 83.8 94.9 105.6 106.9 99.3 89.7 85.4 79.7 78.2 78 71.6 65.5 58 51.3 40.8 28.5 16.9 7.8 5 2.3 0.9 -0.9 -0.9 -0.9 -0.9 -0.9 -0.9 -0.9 -0.9 -0.9 -0.9 -0.9 -0.9 -0.9 -0.9 -0.9 -0.9 -0.9 -0.9 -0.9 -0.9 -0.9 -0.9 -0.9
219.4 228.8 236.8 244.5 245.7 245.9 243.6 241.2 238.9 234.9 227.6 217.9 209.9 202.4 196 189.6 182.7 178.9 179.1 185.4 194.1 200.2 202.2 198.6 195.5 190.7 185.5 178.8 169 159.3 142.1 129.4 120.9 121.4 117.2 113.1 106.9 100.6 98.1 91.6 85.3 82.6 76 90.4 96.4 95.7 89.1 84.3 79 72.9 74.1 73 67.3 59.5 52.6 45.3 34.3 23.6 9.3 4.5 2 -0.9 -0.9 -0.9 -0.9 -0.9 -0.9 -0.9 -0.9 -0.9 -0.9 -0.9 -0.9 -0.9 -0.9 -0.9 -0.9 -0.9 -0.9 -0.9 -0.9 -0.9 -0.9 -0.9 -0.9 -0.9
222.3 229.6 237 242.9 244.7 242.9 241.2 237.6 234.4 231.1 221.5 211.7 205.8 197.8 191.1 184.4 177.9 175.5 174.4 179.8 188.6 194.4 194 192.7 189 183.5 179.7 173 162.3 147.9 130.6 121.3 114.9 108.1 106.6 103.6 99 95 93.9 87.6 76.5 71.9 72.4 82.9 87.3 86.6 81.7 78 73.4 64.2 66.4 66.9 61.3 53.9 46.6 39.5 28.4 17.6 5.7 1.9 -0.9 -0.9 -0.9 -0.9 -0.9 -0.9 -0.9 -0.9 -0.9 -0.9 -0.9 -0.9 -0.9 -0.9 -0.9 -0.9 -0.9 -0.9 -0.9 -0.9 -0.9 -0.9 -0.9 -0.9 -0.9 -0.9
222.7 229.7 235 239.8 241.1 239.2 238.2 234.6 230.9 226.7 215.9 206.6 200.4 194.1 186.4 180.8 174.1 171.1 170 173.7 181 186.3 186.7 185.9 183 176.7 170.5 163.5 151.3 135.3 121.5 112 106.9 96.2 94.8 93.1 90.8 87.5 87.8 83.2 71.2 58.9 67.9 74.7 78 78.8 74.5 69.6 65.1 55.5 60.4 57.8 53.9 47.8 41.3 32.8 23.1 7.7 2.9 -0.9 -0.9 -0.9 -0.9 -0.9 -0.9 -0.9 -0.9 -0.9 -0.9 -0.9 -0.9 -0.9 -0.9 -0.9 -0.9 -0.9 -0.9 -0.9 -0.9 -0.9 -0.9 -0.9 -0.9 -0.9 -0.9 -0.9
222.8 227.9 232.6 236.4 237.2 235.9 234.1 230 226.4 220.2 208 200.9 194.6 188.6 182.1 176.5 168.3 165.5 163.3 167.6 173.9 178.8 180.3 178.5 174 167.7 161.9 151.1 137.9 124 108.9 104.1 97.5 88.3 81.7 81.1 81.3 77.8 79.8 73.7 62.4 48.2 57.7 66.7 69.9 70 65 62.1 58.5 49.2 50.2 48.9 44.4 37.6 30.5 20.8 9.7 2.9 -0.9 -0.9 -0.9 -0.9 -0.9 -0.9 -0.9 -0.9 -0.9 -0.9 -0.9 -0.9 -0.9 -0.9 -0.9 -0.9 -0.9 -0.9 -0.9 -0.9 -0.9 -0.9 -0.9 -0.9 -0.9 -0.9 -0.9 -0.9
221.6 226.6 229.2 231.8 232 231.6 229.3 225.7 221.1 211.9 203.1 195.1 189.9 182.8 177.5 170.8 163.1 158.9 157.5 161.1 167.2 171.3 173 172.5 167 158.3 148.6 138.1 124.8 111.6 98.1 93.9 88.2 80.5 67.7 69.1 68.5 66.1 68.6 66.7 55.6 42.6 49.2 56.6 60.4 60.7 54.7 53.9 49.6 40.9 39.8 41.1 35.7 21.9 13.6 6.8 4.1 -0.9 -0.9 -0.9 -0.9 -0.9 -0.9 -0.9 -0.9 -0.9 -0.9 -0.9 -0.9 -0.9 -0.9 -0.9 -0.9 -0.9 -0.9 -0.9 -0.9 -0.9 -0.9 -0.9 -0.9 -0.9 -0.9 -0.9 -0.9 -0.9
218.1 222.1 224 226.5 226.7 226.8 223.9 220 213.1 203.8 197.4 190 183.5 178 170.9 164.4 156.3 151.7 151.8 155.1 159.5 162.6 165.7 163.6 154.7 145.4 135.9 125 112.6 97.5 90.9 85.1 76.6 71.6 59.5 45.8 53.4 58.3 57.1 56.2 49.1 38.9 42 46 47.9 46.6 45.1 44 40.8 29.5 26.2 24.2 18.6 8.2 5.1 2.7 1.1 -0.9 -0.9 -0.9 -0.9 -0.9 -0.9 -0.9 -0.9 -0.9 -0.9 -0.9 -0.9 -0.9 -0.9 -0.9 -0.9 -0.9 -0.9 -0.9 -0.9 -0.9 -0.9 -0.9 -0.9 -0.9 -0.9 -0.9 -0.9 -0.9
214.2 217.4 217.6 221 221.8 220.4 216.9 212.2 204.6 195.8 190 182.1 176.4 171.1 165.7 157.6 150.5 144.3 145 148.1 151.1 153.2 155.2 150.7 140.9 131.7 122.4 112.5 101.1 91.9 82 73.1 65.2 60.6 55.1 45.4 38.4 46.7 46 43.9 40.4 31.2 26.3 35.1 35.1 35.3 35 32 25.5 19 16.2 9.6 6.9 4.9 3.3 1.1 -0.9 -0.9 -0.9 -0.9 -0.9 -0.9 -0.9 -0.9 -0.9 -0.9 -0.9 -0.9 -0.9 -0.9 -0.9 -0.9 -0.9 -0.9 -0.9 -0.9 -0.9 -0.9 -0.9 -0.9 -0.9 -0.9 -0.9 -0.9 -0.9 -0.9
208.9 211.1 210.6 213.5 214.2 211.9 208.6 202.8 194.6 188.2 182.8 175.4 170.1 165 158.8 150.4 144.2 138.1 137.6 140.3 143.9 144.1 142.9 136.6 128.1 119.1 110.3 98.6 91.6 83.6 71.5 60.6 51.4 47.6 44.4 38.2 28.7 36 33.5 31.9 28.9 23.2 19.5 22.9 22.6 22.9 19.2 13.2 10.6 8.2 6.9 6 4.6 2.4 -0.9 -0.9 -0.9 -0.9 -0.9 -0.9 -0.9 -0.9 -0.9 -0.9 -0.9 -0.9 -0.9 -0.9 -0.9 -0.9 -0.9 -0.9 -0.9 -0.9 -0.9 -0.9 -0.9 -0.9 -0.9 -0.9 -0.9 -0.9 -0.9 -0.9 -0.9 -0.9
