webserver/python/data/NS09.asc
ncols 200
nrows 200
xllcorner 200000
yllcorner 690000
cellsize 50
[rows 70 to 104 of 200, columns 79 to 157 of 200]
108.9 113.7 116.7 120.7 121 121 124.3 123.7 126.9 130.3 131.2 128.8 136.3 149.3 161 181.3 197 213.2 226.9 241.6 253.3 262.9 268.8 278.4 289.6 291.5 288.7 285.5 280.2 273.2 266.3 256.6 244.9 232.8 218.8 206.2 188.6 190.6 200.5 210.1 216.9 221.3 227.7 229.6 237.3 242 246.8 252.2 258.8 268.2 270.2 284.4 296.6 309.8 322.7 335.4 349.2 360.8 367 377 385.5 391.2 396.2 402.6 410.9 416 417.1 418.7 421.5 430.3 437.7 441.1 436.5 431.6 428.9 426.5 422.3 419 418.4
117.5 121.9 126.6 128.3 127 127 129.8 131.4 132.5 136 139.7 136.1 146.1 159.7 170 186.8 201.5 217.4 229.2 242.5 262.2 268.2 275.2 283.5 292.6 297 296 293.9 288.2 280.9 269.9 257.4 246.2 234.2 219.2 211.8 199 191.2 200.3 210.4 216.1 221.1 224.9 230.8 235.9 240.8 243.8 247.7 253.8 263.6 272.9 284.7 297.8 310.8 322 333.1 345.8 356.8 365.4 375.6 383 389.3 394.9 400.1 406.4 409.5 409.8 414.4 419.9 430 437.2 439.2 435.1 430.8 429 429.1 425.5 422 420.5
127 131.3 134.7 135.3 135.6 135 137.9 142.6 140.6 141.8 146.1 147.1 156.4 169.9 184.1 200.1 206.9 221.5 234.4 247.3 264.4 272.6 282.9 293.3 301.2 304.7 303.9 298.6 292.9 284.9 272.4 258.6 246.1 234.1 221.7 214.6 202.5 190.2 199.3 210 215.9 220.1 225 229.9 234 237.1 240 243.8 250.7 261.5 272.1 282.7 293.4 305.6 318.4 329.8 341.8 350.4 361.4 370.1 379 386.4 391.3 397.3 401.3 402.6 408.4 415.3 422.2 431 437.5 437 432 430.4 430.3 430.4 428.5 425.9 424.6
135.8 141.4 141.5 142.1 143.4 143 143 149 145.6 146.7 152.4 154 159.9 172.3 185 198.6 207.8 220.5 232 247.1 262 275.8 287.8 300.7 309.2 310.6 311.8 307.9 296.9 287.4 276.3 261.6 248.5 234 224.4 214.3 210.5 193 199.6 209.4 216.7 221.9 224.4 227.8 230.6 234.3 238 242.1 249.8 257.7 266.9 277.9 288.2 301.5 316.7 328.3 338.9 345.3 357.3 366.6 374.8 381.7 389.7 391.4 395.6 401 412.4 421 425.7 430 431.5 431 433.1 434.7 434.8 433.1 431.6 429.7 428.5
144.5 148.5 147.9 146.4 148.5 150.5 152.1 150.9 150.8 153.1 160.4 167 165.5 174.2 186.5 197.4 209.1 218 231.5 244.5 255.5 274.1 293.3 308.7 311 315.7 317.7 310.4 301.5 293.9 281.9 264.3 248.6 236.2 223.7 220 219.6 198.2 198.9 204.8 212.3 220.8 223.1 225.1 230.4 231 234.5 238.8 246.4 255.3 265.1 275.6 285.9 298.6 309.6 323 333.3 339.6 353.1 359.7 372.3 378.3 386 389.1 391.6 400.4 411.8 418.7 424.3 427.7 429.2 430.6 436.5 439.1 438.8 436.3 434.2 433.1 432.6
151.9 153 151.5 155.6 155.5 157.9 158.1 156.6 163.8 166.8 167.9 175.9 173.8 176.5 188.8 200.9 211.4 220.8 236 244.4 254.2 271.2 292.2 308.4 309.9 314 312.2 309.2 306.1 296.6 284 264.2 249.5 237.5 228.4 222.5 221.5 209.2 214.4 207.7 209.6 215.7 219.6 220.9 227.6 229 231.4 235.3 243.4 254.6 265.2 271.3 281.6 292.5 303.6 316.5 323.9 333.9 343.5 353.4 365.1 372.3 377.4 383.7 388.6 399.4 409.3 417.9 420.9 424 427.9 430 437.2 440.7 439.6 438.9 437.9 437.6 437.4
156.5 158.6 162.1 168.5 166.4 165.6 164.8 166.7 174 179.8 179.6 184.3 183 187.7 189.2 200.2 215.5 226.7 240.6 247.9 256.5 268.9 282.5 299.7 307.7 309.7 311 309 307.5 296.9 280.5 264.7 250.3 238.8 230.5 228.2 221.1 221 221.3 214.9 208.8 214.7 221 219 224.8 231 230.4 233.7 238.3 249.5 258.9 265 273.8 285.5 295.3 306.1 320.5 325.9 338.4 347.3 353.5 362.7 374.6 380.2 386.5 398.8 407.5 413.5 418.7 427.9 430 431.8 437.2 439 439 440 441.5 441.2 441.2
164.7 167.3 176.3 181.4 177 172.6 172.8 176.4 183.2 187.3 189.4 192.1 190.3 197.2 201.3 201.6 217.5 230.1 237.5 246.2 256.7 268 275.8 288.6 300.1 306.8 310.7 309 306.5 297.6 280.6 264.1 252 242.4 234.8 233 228.5 224.2 224.8 217.9 221 221.7 220.4 220.3 221.1 225.4 230.1 233.5 239.1 247.2 252.8 261.2 270.1 279.5 290.4 301 308.2 323.6 334.2 341.6 348.3 360.3 369.6 376 382.5 395 405.7 410.5 418.5 428.2 429 431.8 436.7 440.6 441.3 441.4 443.2 444.2 445.8
176.6 182.1 188.1 184.4 179.3 181.7 184.1 189.6 192.9 197.2 196.9 199.7 203 206.1 208.6 212.7 211.4 225.4 233.6 244.6 254.2 262.5 271.2 279.9 291 303.7 309.4 310.8 308.9 295.1 280.2 264.7 254.1 245 238.1 233.4 230.8 229.8 230.3 219 220.1 224.5 222.1 220.3 221.8 225.6 229.4 232.3 236.5 241 248.6 258.4 262.5 273.2 283.5 293.6 305.2 318 329.1 334.6 345.4 355.6 365.2 370.3 378.2 391.2 401.9 403.7 418.6 424.3 429.5 432.2 437.5 441 444 445.1 446.4 447.7 449.4
184.7 189.3 189.5 184.3 188.3 194 196 198.1 201.1 204.9 204.9 208.8 212.4 214.4 217.9 222.2 224.7 231.1 234.3 244.7 251.4 259.2 268.2 276.9 291.1 298.4 305.8 311 305.9 292.3 280.1 268.9 258.2 247.5 239.3 234.3 232 230.7 230.9 220.5 221.3 227.2 225.2 224.3 224.4 225.3 229.2 230.8 234.1 236.3 241.9 250.6 259.6 266.5 274.6 289 301.7 311.9 319.7 329.7 337.2 350.1 359.8 366.3 375 384.5 391.9 404.5 414.6 420.7 426.4 433.3 439.4 443 446.5 449.8 452.5 454.4 454.5
187.4 188.8 187.8 192.9 199.6 207.9 205.3 207.7 209.2 213.1 215.4 217.4 220 222.2 226.3 232.3 237.8 234.7 244.3 248 255.4 263.5 271.3 280.6 291.6 297.4 303.1 307 301.3 288.5 280.1 272.5 261 248.7 240.4 238 233.2 230.5 229.6 220.5 227.5 229.3 227.9 227.9 226.9 227.2 229 230.2 232.3 233.5 237.2 243.8 253.5 261.7 267.4 283.8 291.8 302.8 308 323.3 332.9 344.9 353.2 366.2 372.8 379.9 393.5 406.1 411.3 416.6 422.6 430 440 445 448.3 456 463.3 463.1 461.6
179.4 184.8 193.2 203.1 211.7 218.3 214.2 215.8 220.1 222.1 225.5 225.1 228 232.5 238.1 244 248.4 247.1 249.9 258.2 268 277.4 277.5 282.2 291.4 298.3 301.2 301.7 298.2 287.7 281.4 274.7 264 254 245.6 240.8 236.3 230.5 231 230.4 230.8 231 229 229.1 228.3 228.3 228.8 229.3 230 231.4 234.5 238.8 244.8 251.5 261.9 275.8 280.9 292.1 302.5 316.1 325.9 337.1 346.4 357.3 363.7 375.3 389.8 400 407.1 413.9 418.7 430 441.9 445.8 451.5 460.2 471.1 474.2 468.6
182.6 189 200.9 208 217.9 221 222.3 226 232.9 233.2 233.6 233.9 238.9 243.8 249.7 255.8 257.6 255.9 253.9 267.4 276.9 288.7 290.8 290.9 293.6 299.2 301 300.8 292.8 287.5 282.6 276.8 266.4 257.2 250.1 244 239 236 231.4 230.7 230.3 230.2 229.5 228.9 229.3 228.8 229.4 229 230.2 230.9 233.3 237.1 241.5 247.4 255.5 265.2 273.2 285.6 301.1 308.4 319.5 331.2 340.3 350.7 359.5 371.4 387.4 395.2 402.5 410.6 416.3 431 440.6 446.1 454.5 468.5 471.9 473 468.6
191.2 199.1 205.3 210.3 217.9 222.7 230.4 234.8 240.5 239.6 241 244.5 251.7 256.8 262.3 264.9 268.1 266.5 262.1 273.9 291 302.9 308.3 305.6 305.3 303.6 301.3 298.9 291.6 289.7 287 280.2 269.2 261.5 250.1 244.4 240.4 240.6 237.3 232.6 232.2 231.3 230.9 231.1 231.7 231.2 230.1 229.3 229 230.2 232.1 235.9 240.1 245.4 250.7 257.5 268.2 279.9 290.6 306.9 311.4 320.6 333 346.2 356.5 368.6 381.3 389.1 396.7 405.3 415.7 427.1 436.7 444.4 455.1 470.8 469 466.2 465.2
199.4 203.9 209.5 211.9 217.1 223.6 232 240.1 242.9 244.5 247.5 253.7 263.4 270.6 276.5 277.5 277.5 270.3 269.8 280.2 294.2 308.5 318.3 318.1 318.8 310.5 306.9 299.9 296.1 293.2 291.6 282.1 269.8 261.2 255.8 250.4 244.9 242 239.4 238.4 236.1 234.1 233.4 233.7 234.5 234.8 233.9 232.4 230.5 230 232.1 235.3 239.3 241.3 248.2 253.4 262.4 272.6 284.8 294.1 305.3 315.3 328.8 339.5 350.6 363.9 375.2 382.8 390.5 402.2 412.3 422 431.2 438.9 454.2 463.9 460 457.8 457.9
203.3 209.4 213.3 216.6 223.2 229 229 240.7 243.5 246.7 254.1 262.4 273.3 284.9 289.9 291.5 285.5 274.9 281.1 286.4 296.3 308.4 320 320.6 321 315.1 309.2 302.3 302.5 300.7 294 281.9 270 263.7 260.3 254.3 248.6 245.7 242.2 242.9 240.2 239.8 239.4 237.9 239 239.5 238.4 236.8 234.6 233.6 235.2 237 238.7 239.3 245.7 251.2 256.6 265.2 277.1 287.3 296.8 310.9 320.2 330.2 349 359.5 370.4 379.1 386.8 397.4 408.6 417 428.5 436.8 451.9 455.4 455.4 452.4 449.7
211 215.9 221.1 225 234.9 240.1 240.9 240.2 245.7 253.4 262 272.6 283.6 292.3 293.4 290 283.3 286.3 293 295.9 298.2 304.9 310.3 319 320.7 313.5 310 309.7 307.4 305.1 293.8 283.5 276 270.3 263.5 260.4 252.7 251.9 251.4 250 248.8 247.6 246.8 245.3 245.5 245.4 243.8 241.8 240 239.7 238.5 238.6 238.9 239.3 242.5 247.7 252 263.8 273.5 279.8 291.7 302.5 311.7 327.4 342.3 353.7 365.5 374.3 381.5 390.9 402.6 413 424.1 432.2 442.1 447.6 448.9 447.7 441.7
218.2 226.3 229.4 236.8 245.8 249 249 249.5 250.4 259.8 269.5 280.1 286.2 291.3 290.5 289.5 288.7 291.6 297.8 302.7 301.6 304 308.8 318.5 321 320.3 320.3 316.4 312.5 304.4 294.7 289.9 283.6 276 270 265.5 259.3 262 262.4 261.5 258.8 256.8 256.2 254.1 252.7 251.6 249.6 247.5 244.9 243.8 240.9 240.5 240 239 239.8 244.3 251.2 258.2 267.7 276.3 289 297.4 307.4 321.8 335.2 346.8 358.2 366.9 375.1 385 395.8 408.5 418.8 426.7 433.3 436.3 437 435.5 430.8
230.9 235.6 240.5 248.7 253.7 256.2 256.6 253.3 257.8 262.9 271.2 281.6 286.6 290.8 293 292.2 290.2 297 304.6 310.4 310.1 312.9 315 319.6 328.6 328.3 329.2 324 318.4 308.3 298.8 299 288.2 282.4 276.7 270.8 269.8 273 273.4 273.2 271.5 268.8 268.1 264.7 261.6 257.1 255.1 253.1 249.9 247.8 244.5 242.4 240.2 239 240.5 241.7 245.2 250.9 260.7 274.3 281.7 288.5 304.3 319 332.2 340.7 350.8 359.1 369.5 379.5 389.8 402.5 410.2 415.9 421.7 425.5 425.1 422.5 420.6
240.5 246.2 251.3 257.7 261.8 263 264.1 260.2 266.6 270.3 280.8 284.8 288.5 292.2 297.6 299.2 299.3 310.5 318.1 325.8 328.8 330.1 328.6 325.4 330 335.3 341.9 335.2 326.6 317.1 308.1 302.9 295.9 288.6 282.6 277.9 281.9 285 285.8 285.3 285.4 283 281.7 278.6 273.8 268.3 263.8 258.9 255.4 252.9 249.3 246.5 243.5 240.7 239.6 239.8 242.8 247.7 257.2 267.2 274.7 286.1 301.7 312.3 321.9 330.9 343 352.7 363.8 374.6 383.4 394.2 400.3 407.4 410.4 414.3 414 411.9 409.5
250.4 257.6 264.3 269.5 269.8 272 273.9 269.4 273.9 277.6 282.4 291 293.1 296.1 300.5 299.1 306.2 317.6 328.4 337.1 345.4 350.1 349.2 344 338.5 342.7 349.9 343.9 336.3 327.7 317.7 309.4 303.2 294.2 285.8 288.7 294.1 295.7 297 297.4 297.4 298.6 297.9 293.9 288 281.4 274.8 268.6 264.2 258.6 254.6 251 248.5 244.4 241.7 240.2 241.1 243.4 250.2 260.5 267.7 282.6 293.5 307 314.8 322.5 337 348.3 359.8 369.5 376.6 386.5 395.9 402.9 405.5 406.3 407.3 406.3 407
259.9 268.5 274.7 280.9 279.6 282.5 283 270.8 281.4 287.2 288.9 289.8 298.4 299 301.5 303.8 311.8 322.9 338.2 351.4 361.1 366.2 366.3 362.1 352.5 347.6 350.5 351 346 336 327.7 319.1 309 304 299 300.9 305.5 307.7 309.2 309.7 312.5 312.7 312 308.5 303.2 297.2 290.5 280.4 272.2 266.4 261 256.6 251.4 248.3 246.4 244.4 243.7 244.3 248.1 256.3 270.7 279.4 286.8 301.3 311.9 321.5 333.9 345.3 357 363.8 369.1 379.8 390 398 403.2 404.4 404.2 402.4 403
269.8 278.5 285.1 290.3 289.2 290 287.4 280.5 290 299.5 298.3 299.6 302.3 304.1 308.1 311.2 317.4 331.3 347.8 360.1 373.2 377.7 379.2 375.4 364 354.7 356.6 359.8 356.5 343.3 341.4 330.8 323.2 313.5 308.9 314.3 315.6 317.8 321.4 325.3 327.8 327 325.9 324.2 318.5 314.3 308.9 297 286.6 275.2 268.8 262.1 256.4 251.8 250.4 248.9 248 248 248 251.2 259.6 271.6 282.2 293.7 304.5 315.6 327.6 341.1 351.1 358 367 374.4 382.7 390.8 398.7 401.8 401.5 398.2 400
278.4 285.6 290.9 294.7 294.5 292.1 289.1 291 297.9 308.5 306.2 309.4 307.4 309.9 316.6 320.4 325.6 340.4 357 369.2 378.7 386.5 389.6 383.8 374.8 366.3 359.7 360.8 360.3 351.7 352.4 343.1 331.4 322.1 318.3 322.8 325.5 331.2 339.3 345 346.3 342.5 338.5 336 333.2 330.6 327.3 320.1 297.5 285.8 275.6 268.4 261.4 256.2 251.5 250.2 248.5 248.7 248.5 248.8 260.3 268.5 275.2 281.3 299.3 313.2 326.4 338.6 351.1 357.3 364.8 370.4 377.5 383 391.3 396.2 396.4 392.9 394.5
286.9 291.3 295.4 297.7 298.6 294.4 289.3 295.4 307 311 312 314.6 309.8 316 322.4 329.8 334.2 352.3 367.4 376.3 386.5 395.7 400.4 396 383.7 380.3 371.9 366.4 362 363.7 362.2 356 341.7 332.3 327.8 332.7 334.9 341.4 353.3 361.6 364 360.7 356.6 350.5 348.7 345.5 339.8 328.4 309.4 295.5 284.1 273.9 266.3 260.3 254.9 252.2 250 249.1 249 249.8 255.2 261.5 269.9 288.3 302 310.5 326.1 337 345.9 352.9 360.5 370.4 376.7 379.8 387.2 390 389.1 390.6 391.3
293.5 296.5 299.5 300.8 301.3 301 290.2 301 310.1 313.3 317.2 320.9 318.7 322.7 329 337.8 343.7 360.6 376.5 384.2 394.4 405.5 410.5 407.2 396.4 392.2 386.8 375.8 369.5 370.5 372.1 366.8 350.5 342.8 340.2 339 342.4 348 362.6 377.4 380 376.5 373.6 372.2 363.9 358.3 349.7 338.1 316.7 302.1 289.9 279.4 270.9 264.3 258.9 254.2 252.4 251 249.1 250.8 255.3 261.1 271.4 286.4 300.2 311.6 324.5 334.8 346.1 352.9 359.1 367 374.4 379 384.5 389 387.5 388.5 388.3
300.1 301.2 303.6 304.8 305.2 300.8 300.6 308 312.3 316.9 321.1 326.1 325.5 331.2 335.5 345 354.3 367.4 382.3 390.3 399.3 410.7 413.9 415.5 410.6 406.2 399.9 388.3 377.7 378.2 380.6 376.5 360.4 352.1 352.2 348.5 347.1 354.9 369.4 385.1 392.2 387.7 381.8 387.6 380 369.1 357.8 342.5 322.6 308.7 295.7 284.1 275.1 266.9 260.8 256 252 250 248.5 249.3 253.4 258.8 270.3 282 294.8 306.5 317.4 329.7 344.1 352.5 359 365.5 371.1 378.2 381 379.3 381.8 384.6 385
304.8 306.4 307.8 308.2 309.4 305 304.1 310.8 317.8 319.4 326.1 332.3 334.4 338.2 343.4 353.1 360.8 371.9 383.7 395.1 407.3 415.7 421.6 426.2 425.7 421 413.3 399.1 388.7 382.2 389.9 379.9 367 360.3 361.5 366 364.6 365.6 375.3 387 397 398.4 397 394.5 388 377.7 362.3 344.9 330 316 303 290 278 268.6 262.1 256.8 251.4 249 248.1 248 249.4 255.9 269.5 281.5 292.1 303.6 316.8 330.4 339.9 349.4 356.9 363.5 368.7 372.3 377.5 379 381 381.4 381.9
308.8 311.2 310.6 310.4 311 309 308.1 314.1 322.7 325.5 331.3 339.9 342 345.2 352.2 361.1 367.2 373 385.7 400.4 414.7 425.8 431.9 435.1 436.7 431.8 425.2 409.3 397.2 389.3 388.3 383.1 375.1 372.2 371.4 375.8 379 380.2 383.4 389.9 401.9 413.2 414.3 408 395.7 378.8 364.7 351.3 336.1 323.4 309 293.5 281.1 271.4 263.4 256.5 251.1 248.2 248 248 249 253.6 263.5 277.3 287.6 300.7 315.4 326 336.6 346.3 355.2 361.4 364.4 368.4 370.8 376.2 379.9 380.6 380.6
313.2 315.7 315.7 312.4 309 309.2 311.6 318.1 325.1 329.9 336.8 347.8 350.3 351 359.3 367.6 374.2 376.6 388.3 404.1 419.7 434.4 441 441.7 440.3 439.3 431.3 420.6 407.6 399.1 393.5 389.8 385.5 380.8 380 384.3 393.5 400.6 396.7 397.8 407.2 422.8 431.3 418.2 399.6 380.7 366.8 354.5 340.9 329.1 313.1 296.6 283.4 272.1 263.3 256 250.1 247.6 247.9 247.9 248.2 249.3 259.8 272.7 283.8 299.8 309.7 323 333.9 345.1 353.6 358.3 359.3 365.1 369.2 374.5 378.2 379.3 379.2
317.8 320.2 320.2 314.3 309.5 310.4 316.2 321 328.5 331.8 339 349.2 352.1 358.5 365.1 375.4 383.5 384.2 393.4 409.1 423.8 439.1 446.2 445.5 439.8 440.9 437.6 430.2 415.5 410 402.4 394.8 392.5 388.9 391.6 393.8 399.4 401.3 403.9 404.7 410.1 423.7 433.1 425.3 405.6 387 371.4 358.4 345.5 334.7 316.5 298.3 284.8 273.2 263.7 255.5 249.6 245.7 244 246.3 249.1 252.1 260.5 269.9 279.9 293.6 309.3 320.8 330.8 341 351 352.5 358.4 361.1 366.7 372.2 376 379.2 380.8
325.1 322.6 321 317 312.7 313 316.9 321.1 327.7 333.4 343.3 349.5 360.2 360.2 370.3 378.4 389.1 391.6 401.2 410.5 426.1 439.1 448.3 448.6 446.2 444.5 438.3 431 422.9 420.9 411.6 404.1 401 398.3 401 399 398.9 403.7 409.8 409.5 415.1 423.9 427.6 421 407.7 393.6 371.2 360.8 347.4 336.4 315.7 298 284.2 272.9 263.8 255.3 248.6 244.4 243 242.8 246.2 252.7 261.2 267.8 277.8 292.9 308.9 318.4 329.9 339.6 346 349.6 355.9 359.4 363.6 368.6 373 377.4 378.4
330.6 327.4 319.3 315.2 317.1 318.8 321.9 330.6 335.7 338.9 348 355.9 360.9 371 375.3 384.3 394.3 400.8 408.2 421.3 435.1 443.2 450.8 451 451.1 448.6 442.5 433.8 427.8 432.5 420.5 414.2 407.7 406.7 408.4 405.3 408.4 412.6 418.6 418.8 420.8 424.7 424.5 418.4 406.7 395.5 376.1 361.7 347.6 333 315.5 296.1 281.5 271 262.2 253.9 248 243.1 241.6 241.2 239.7 250.2 255.8 263.5 276.4 292 307 317.2 329 337.9 339.5 346.6 351.4 357.6 362.1 366.8 371.1 374.6 374.3
333.5 330.9 314.4 310.4 317.6 321.6 327.4 335.7 342 346.3 357.3 361 364.5 376.6 380.9 387.5 400.3 410.3 416.9 427.7 442.8 449.2 454.9 456.6 457 453.2 446.4 437.2 435.1 440.1 426.3 426.4 415.1 410.5 414.3 413.6 418.4 424.5 427.1 426.7 429.1 431 428.7 422.9 412 398.4 383.1 362 343.6 329.3 312.4 294.5 281.4 270.7 260.3 251.3 246.9 242 239.6 238.8 238.8 249.5 254.3 263.7 278.9 295.6 305.6 312.8 324.3 332.3 339.9 342.7 350.3 355.7 361.1 364.6 369.3 371.6 370.8
336.9 329.1 309 309.5 315.5 321.2 328.4 342.8 348.3 349.5 359.5 362 365.8 376.4 386 395 405.1 417.1 424.7 438.1 446.2 455.5 459.5 459.7 461.4 457.4 448.5 439.8 441 441.1 435.2 433.7 424.2 417.7 418.2 419.3 425.7 433.2 435.1 434.5 436.7 436.7 433.8 427 415.5 400.9 381.2 357.2 339.9 324.6 308.2 293.7 280.8 268.4 259.3 249.9 244 238.6 236.4 236.4 239.6 247.6 252.4 261.4 276.3 290.6 301.6 309.6 316.4 330.3 332.6 341.3 350.1 355.3 358.8 361.1 365.9 369.2 368
