webserver/python/data/NS18.asc
ncols 200
nrows 200
xllcorner 210000
yllcorner 680000
cellsize 50
[rows 0 to 35 of 200, columns 81 to 161 of 200]
22 22 47.2 67.9 80.1 96.7 114.7 127.1 148.4 166.8 203.8 233.3 263.2 291.9 324 360.2 393.6 444.1 470.5 477.8 496.3 483 466.4 454 425.2 414.4 401.4 399.3 400.4 391.3 386.6 388.2 390 388.1 387.8 385.3 400.7 407.3 414.4 414.3 437.9 430.3 413.3 393.7 367.5 342 319.4 290.2 276.6 264.6 242.9 241 237.4 215.8 194.3 193.6 144.1 117.6 106.6 70.3 53.4 35.1 19.1 17.4 17.6 18 18.9 19.2 27.5 30.9 20.6 18.1 46 58.1 62.3 78.8 90.1 105 109.3 104.3 128.1
22 22.7 48.1 63.8 73.6 91.1 114.6 116 141.7 163.4 196.3 225.4 262.8 292.3 327.1 343.9 383.2 435.6 464.2 479 479.5 477.1 467.4 446.8 428 414 405.6 389.1 383.8 379.9 373.7 374.1 372.9 369.1 367.4 372.5 387.3 395.2 398.4 406.3 413.6 423.4 410.4 387.3 360.2 342.6 324 300.4 296.1 282.8 261.8 245.8 240.8 235.3 213.2 180.7 161.6 143.7 124.4 91 62.6 44 25.7 17.9 17.9 17.9 17.9 18.9 20.3 21.7 19.6 18.2 33.7 45.5 48.8 66.1 80.2 89.3 96 100.6 116.2
22 23.4 44.5 56.3 67.3 85.9 111.4 112.6 127 156.9 186.4 218.9 252.4 284.2 327.6 332.3 382.6 416.1 445.8 472.3 469 469 466.8 463.2 455 439.4 404.4 390 377.7 372.5 369.2 366.6 364.3 362.9 361.2 364.6 369.9 383.3 388.9 397.9 407.1 408.7 398.1 384.4 368.5 355.3 338.3 312.3 307.8 285.2 269 250.1 242.4 235.6 222.9 187.3 159.7 159.4 133.6 106.1 82.6 56.3 36.3 18.3 18.1 18 17.9 17.9 18.5 18.5 18.7 18.6 19.8 30.4 38 49.2 63.8 82.6 89.1 90.3 101.3
22 22.2 42 45.9 55.3 71.1 96.8 100 122 151 176.5 214.2 238.7 271.3 300.5 323.7 355.4 389.8 428.8 454.7 459.5 468.6 471 460.2 462.6 434.2 407.4 387.8 378.7 375 369.3 365 361.6 360.8 359.6 358.3 361.2 369.7 378.8 386.6 397.6 404.5 408.8 389.2 372 363.1 345.7 324.7 315 292.2 274.6 255 244 234.9 222.4 198.1 172 170.2 147.5 115.8 95.6 76.1 44.6 26.2 18 17.9 17.9 17.9 17.9 18.1 18.9 17.9 18.5 24 31.9 44.4 50.8 71 75.9 79.1 92.7
22 22 26 36.1 48.7 62.5 81.8 96.6 115.6 145.6 170.3 206.9 231.6 262.6 292.2 317.1 347.7 387.6 413.1 443.1 451.6 464.4 457.2 453.3 438.5 416.8 400.7 389.7 388.4 385.4 373.8 364.6 361.4 361 357.8 351.1 355.4 361.9 366.1 375.7 380.2 396.2 402.1 396.6 378.8 366.5 359.6 336.5 318.4 304.8 281.1 258.1 249.5 230.1 219.5 209.5 178.8 182.4 165.1 129.5 104.7 83 51.7 35 18.9 17.9 17.9 18 18 17.9 19 19.3 18.1 19.5 26.7 42 47.4 60.2 63.7 75.8 79
22 22 22 31.3 40.5 60.4 79.4 92.7 111 136.8 165.3 188.7 222 248.7 276.9 315.2 345.4 375.1 414.7 446 455 458.8 458.5 455 438.4 427.8 402.3 389.9 389.3 388 375.7 363.9 360.2 359.6 354.9 350.5 347.3 352 355.6 359.8 366.2 384.6 397.5 394.1 383.6 368.9 350.2 338 330.8 307.5 282.7 256.8 245 229.1 216.4 211.4 179.1 178 171.6 137.1 106.5 87.9 77 46.6 25 18 18 18 18 17.9 18.3 19.1 18.9 18.6 19.4 33.1 42.5 52.4 48.9 65.7 70.8
22 22 22 25.5 33 48.4 70.9 86.8 103.8 127.6 158.8 186.2 221.7 247.1 273.1 312.7 343.9 371.2 414.7 441.4 460 461.7 470.3 454.1 432.4 411.8 400.1 390.6 382.9 376.9 371.9 362.8 350.4 351.6 349.1 348.9 342.5 335.6 342.3 348.2 354 362.7 376.2 384 379.4 369.2 354.7 338.7 331.6 313.5 294.8 261.4 245.4 232.6 206.5 197.3 178.1 171.9 165.5 144.6 104.4 107.9 87.7 62.5 31.5 18.9 18.1 18 17.9 17.9 18.2 18.9 19.6 19.4 18.5 23.1 32.2 40.4 44.7 56.5 58.6
22 22 22 22 30.4 38.3 56.2 84.7 99.9 129.7 157 188.9 221.7 248.5 276.8 309.7 340.8 373.3 409.3 437.6 458.5 465.5 465 444.7 429 422.3 408.7 398.4 387.2 375.6 367.6 362.1 346.7 343.7 342.7 335.7 332.4 322.7 323.4 328.4 340.1 350.2 358.7 364.4 368.9 368.5 355.5 338.7 329.9 316.2 298.5 276.9 251 222.2 209.7 198 173.7 166.7 158.8 144.6 116.7 116.9 92.9 72.2 38 23.9 18 17.9 17.9 17.9 17.9 18 18.8 18.1 15.3 16.6 18.1 23.8 44.4 51.8 56.1
22 22 22 22 23.9 31.1 52.2 73.5 96.4 120.2 155.9 186.7 215.5 248.3 274.7 308.4 340.7 379.9 416.2 440.7 452.7 464.2 459.6 445.2 440.8 428.4 417.8 409.2 402.1 379.6 368.6 361.4 347.8 341 333.2 325.1 318.3 314.3 309.4 314.6 324.8 335.4 345.2 350.7 348.7 348.7 346.8 334.6 327.3 318.5 308.5 288.7 260.4 239.8 210.3 193.7 175.8 160.3 160.6 144.6 122.4 114.6 94.4 74.2 47.5 29.8 21.5 18 18 18 17.9 17.9 15.6 13.7 11.1 10.7 11.7 16.9 30.1 40.5 49.5
22 22 22 22 22.3 26 44.3 66.4 87.3 112.3 139.9 176 211.6 244.7 273.2 311.7 347.9 379.2 411.5 434.6 452.5 473.7 485.8 455.5 453 437.5 429.4 417.7 411.3 394.4 376.1 362.9 347.3 339.3 332.3 324 310.6 305.6 300.1 297.2 306.8 318.5 325.2 331 333.7 337 335.1 326.6 320.2 315.8 313.9 291.9 263.1 244.3 225 195.2 175.1 160.6 153.4 137.8 123.4 104.2 84.1 67.5 52.8 36.2 24.5 19.9 18.1 17.9 17.9 14.6 11 10.3 10.8 9.5 10.7 16.6 26.9 36.5 46
22 22 22 22 22 25.1 41.7 60.3 82 108.4 136.4 165.2 209.3 245.6 274.2 306.3 339.6 372.4 397.2 420.7 453.6 486.2 491.5 479.2 460.4 448.8 435.8 420.7 412 401.6 383.6 365.2 359.5 343.7 334.2 324.3 311.2 301.6 296.3 289.3 294.6 300.7 306.3 317.6 327.6 330.7 323.4 316.3 311.8 307.4 303.4 293.7 267.4 248.9 231.3 198.6 178.3 165.7 153.2 134.1 127.5 112.2 101.8 79.5 56.6 38.9 24.1 20.6 18.3 17.9 15.4 10.6 10.3 10 10.4 9.9 9.3 14.6 19.8 29.5 41.6
22 22 22 22 22 23.3 41.4 61.1 78.4 103.4 126.7 164.5 207.6 240.4 265.7 299.5 337.4 367.1 392.9 424.1 464.6 493.5 494.2 491.8 496.3 482.1 447.3 426.5 413.7 401.6 389.9 376.7 362.1 345.9 331.9 322 313.7 308.5 298 288 285.9 284.2 291 298.7 305.8 311.2 311.6 308.3 300.2 302.5 293.7 292.3 272.1 255.8 229.4 193.5 177.7 166.4 154.3 147.3 128.5 111.3 105.2 81.3 55.5 39.5 27.3 22.2 19.6 17.2 13.4 10.3 10.1 10 10 9.6 9.3 12.4 15.7 21.5 26.2
22 22 22 22 22 22 40.6 62.9 76.1 94.6 122.1 165.1 201.5 227.9 270.4 303.9 325.9 353.6 384.2 419.5 460.9 493.1 502.8 509.5 499.8 473.3 453.6 442.7 434.6 421.4 394.7 381.2 364.2 360.7 343.2 328.6 319.6 313.7 304.9 289.2 279.9 277.8 277.2 281.9 288.7 295.5 299.5 294.9 293.8 294.9 290.3 281.1 277.3 262.5 233.5 192.3 175 156.5 149.3 145.7 134.8 110.4 97 83.3 56.2 38.9 29.6 24 21.1 18 14.8 12 10.6 10.1 10.1 9.8 9.6 10.9 13.3 16.3 17.5
22 22 22 22 22 22 38.4 60.3 78.1 91.5 123.9 159.2 190.4 225.5 270.1 294.6 316.5 352.3 382.4 426.1 463 507.6 512 518.5 516.1 484 478.4 461 443.8 423.6 403.7 392.5 380.2 369.5 355.7 339 327.6 321.2 311.3 293.5 287.5 277.4 269.6 269.1 273.9 275.9 281.2 283.4 284.7 286.7 283.6 276.9 273.5 263.5 232.9 198.6 168.2 154.5 143.8 133.8 127.1 107.9 96.8 81.1 59 39.8 32.8 26.2 22.6 19 15.9 12.4 10.7 10.5 10.1 10 9.5 9.8 11.7 13 13.6
22 22 22 22 22 26 39 58.9 73.9 86.3 124.7 155.4 186.4 223.8 259.1 279.9 312.7 347.7 391.8 434.1 470 505.8 520.1 519 519.7 510.4 489.2 471.6 461.8 448.6 432.7 412 398.9 385.8 374.5 358.9 334.4 327.3 316.5 300.9 297.1 286.3 273.9 259.8 259.8 261.3 266 270.6 274.3 276.7 270.3 269.7 258.3 253.6 235.1 205.3 171.9 154.5 142.8 126.9 110.5 96.9 87.4 77.7 56.8 42.6 38.1 32.7 25.9 20.1 15.5 11 10.4 10.3 10.1 10.3 9.8 9.2 10.8 10.6 10.7
22 22 22 22 24.1 33.4 43 57.6 70.2 84.1 116.9 148.4 194.1 225.6 250.4 267.5 307.1 338.3 390 421.1 466.7 510.7 531 523.6 521 513.6 506.4 504.3 487.8 472.3 454.4 436.9 413.7 394.6 391.2 364.7 349.4 337.9 322.9 313.9 310.5 295.3 280.8 269.3 261.7 247.7 250.3 255.9 260.4 265.8 263.3 258.8 251.4 240.3 226.4 206.9 171.4 155.4 152.2 131.6 103.3 89.1 81.3 68 54.9 53.8 48 45.2 33.6 22.5 16.2 11.3 10.1 10.1 10.1 10.5 9.5 8.6 8.9 8.4 8.8
22 22 22 22 28.8 37.2 48.8 57.8 70.3 83.1 109.4 138.3 176.9 208 229.8 260.4 295.4 342.2 376.7 414.8 460.3 511.5 526.1 529.5 539.7 532.2 520.4 509.9 504.6 480.2 476.3 457 431.7 407.1 410.5 388.6 365.2 351.4 336.5 326.6 317.8 306.4 293.7 284.8 274.2 265.7 251.4 239.1 243.8 251.4 254.9 250.2 244.9 236.5 216.6 200.7 173.9 156.4 150.7 134.5 107.8 96.1 81.1 69.6 67 64.3 65.4 62 40.4 27.7 23.7 16.8 11.6 10.1 10.3 10.4 9.5 8 8.1 7.9 8.2
22 22 22 22 31.2 44.1 54.8 58.8 69.4 82.6 108.2 133.3 161.1 190.5 226.9 257.7 293.2 342.4 380.9 414.4 457.7 497.9 520.5 538.3 539.4 541.1 526.7 523.7 511.5 503.9 498.5 487.5 456.1 425.1 417.7 411.4 385.7 371.1 350.1 340.8 332.8 328.6 314.8 302.6 289.8 278.1 271 255.4 233.3 221.1 234.9 235.9 229.4 221.2 207.3 192.4 174.4 153.6 143.9 127.2 111.9 96.7 83.8 94.5 99.3 80 75.7 71.9 51.4 47.6 44 34.5 18.2 10.9 10.2 10.6 10.7 8.8 7.7 7.7 7.8
22 22 22 22 30.4 47.3 61.6 59.2 61.6 79.2 105.2 129.7 155 179.5 216 245.6 290.1 331.4 386 419 449.8 475.7 514.3 543.1 538.7 539.8 538.6 530 522.9 520.8 518.4 504.4 465.3 441.2 433.3 419.8 402.7 376.7 363.9 356.1 348.8 344.8 330.8 316.5 305 295 287.7 275.6 256.4 234 210.7 216.8 220.5 212.6 200.5 188.9 174.4 151.3 131.5 111.7 108.6 108.2 106.8 104.9 100.6 90.1 78.5 77.5 72.9 71.1 69.8 65.8 48.5 16.2 10.1 11 11.8 9.5 7.8 7.8 7.8
22 22 22 22 29.2 49.4 55.1 49.4 59.5 75.7 103.3 127.9 158.6 183.3 209.8 238.5 289 334.2 383.4 408.2 433.1 469.6 515.2 549.2 543 538.6 540.6 535.4 528.4 524.6 520.9 508.8 474.7 452.9 437.7 424.7 406.9 393.5 378.5 370.1 360.4 352.3 340.5 331.9 327.6 318 303 291.1 275.2 255.1 231.6 210.8 195.3 196.7 183.7 167.9 150.3 130.6 125.3 136.3 135 125.7 119.8 109.6 98 91.3 85.2 88 93.6 92.5 84.2 72.3 65.4 37.4 18.8 15.8 14.3 12.9 9.6 8.5 8.4
22 22 22 22 28.6 36.7 38.9 46.7 57.7 74.9 107.5 132.1 157.4 188 208 233.5 283.9 345.8 367.1 402.1 422.9 461.1 502.4 550.9 559.6 539.6 541.7 547.1 531.7 520.3 515.7 496.1 481.8 462.5 442.6 431.2 419.5 409 393.7 381.1 372.2 371.7 365.1 354.7 346.7 340.7 322.5 308.1 294.6 281.9 252.7 227 211.6 178.7 169.3 158.9 156.8 154.2 154.5 159.7 158.4 141.4 128.4 114.7 102.9 94.6 91.8 94.1 102.2 105.1 93.9 81.4 69.4 57.7 38.2 25.9 21.2 17.4 12.5 10.6 8.9
22 22 22 22 22.5 26.1 32.8 44.5 55.2 74.6 104.5 132.6 158 179.1 201.1 233.7 267.8 314.6 376.6 399.5 400.8 444.5 489.2 535.9 544.7 550.1 556.5 549 526 517.3 510.3 504.8 487.3 473.5 468.9 461.6 442 428.6 412.6 401.7 395.8 384.8 381.8 381.4 366.7 354.8 336.7 324.6 305.6 282.4 263 246.6 222.8 204.4 195.6 194.1 188.2 182 181.5 183.8 175.8 157.7 134.4 115.3 105.6 96.7 95.8 97.6 106.9 111 101.3 86 76.3 61.6 48.8 29.3 22.1 17.2 12.5 10.1 9.2
22 22 22 22 22 24.5 29.6 42.7 53.6 70.6 106.7 131.8 155.8 175.1 196.2 234.1 260.8 291.4 346.8 360 391 429.8 481.9 515.5 540.2 550.9 551.5 547.5 528.8 524.8 520.8 514.1 506.4 492.2 486.2 477.1 455.2 443.4 421.2 413.2 407.9 403.4 400.3 393 379.2 364.1 347.1 329.9 315.9 294.4 276.7 255.5 244.8 237.4 233.5 224.1 207.5 204.6 204.8 211.5 202.4 169.1 138.3 116.2 104.7 97.8 98.2 102.5 109.8 100 83.6 67.4 52.2 41 31.2 21.2 19.7 16.5 12.5 10.3 10.2
22 22 22 22 22 22.5 28.4 39.8 54.9 73.7 105.8 124.9 151.3 172.9 197.6 228.1 260.5 292.1 319.4 349.8 386.1 421.8 468.9 498.8 530.5 548 557.9 553.6 546.7 538.6 538.3 527.4 517.9 507.1 495.2 482.8 466.5 454.3 439.4 424.4 428.9 419.4 414.7 407.9 395 377.9 360 347 322.7 305.1 288.9 274.6 263.9 255.9 249.8 238.5 227.5 215.4 219.9 231 218 185.5 151.2 123 100.8 98.4 99.6 107.5 110.5 90.7 77.4 58.9 41.6 25.1 18.6 18.4 17 14.7 13.4 11.6 10.2
22 22 22 22 22 22.9 27.1 39.8 57.6 78 105 124.5 149.2 167.1 193.5 226.4 275 292.6 323.4 351 395.1 427.7 463.4 492.6 517.9 545.7 560.2 559.9 554.8 556.2 562.9 542.4 530.8 520 506.4 492.8 477 463.3 447.2 441 440.3 439.2 428.9 419.4 409.1 405.7 399.6 374.4 351.5 329.1 315.7 301.8 287.7 270.6 264.6 258.8 244.1 233.5 229.8 240.2 226.2 194.8 171.2 138.3 108.6 103 100.8 102.8 102.3 87.1 74 50.3 37.1 30 20.4 17.3 14.5 13 13 13.1 11.7
22 22 22 22 22 23.8 29 45.2 58.8 81 101.2 121.1 145.3 166 192 222.8 257.7 285.8 319.1 347.4 382.8 423.2 459.8 490.9 522.1 548.2 561.7 567.8 571.7 577.2 568.8 553.4 546.7 538.5 518.3 496.9 482.8 480.3 465.7 454.8 456 451 442.8 434.7 434.6 433.5 418 397.1 377.7 362.3 347.2 322.8 302.3 288.1 276.8 275.5 264.2 248 236.9 239.6 229.5 198.9 176.3 145.9 118 110.2 103.2 96.4 94.9 82.3 62.3 49.1 40.6 33.1 26.7 17.6 13.4 12.6 12.5 12.6 11
22 22 22 22 22.1 25.9 35 58.8 68.5 86.2 101.7 121.3 145.1 166.4 191.7 226.7 257.6 287.1 319.8 348.3 383.7 424.3 458.2 494.2 523.5 550.5 570 579.8 585.3 582.4 578.2 566.1 555.8 547.1 524.7 508.8 496.7 487.7 478.1 472.2 470.1 474.9 473.6 468.5 457.3 441.4 423.8 418.8 389.5 373.6 355.8 334.3 315.6 309 292 283.8 278.7 258.9 241.8 235.3 219.8 193.9 174.3 153.1 121.2 123.4 108.2 95.3 85 70.2 66.4 57.5 40.8 28.5 21.8 17.5 13.2 12.3 12.1 12 11.2
22 22 22 22 22.9 30 43.7 63.8 77.4 90.5 107.6 125.3 145.1 166.8 196.3 230.4 258.2 289.2 322.7 350.7 386.1 423.5 455.2 491.3 522.9 553.2 581.9 597.7 602 593.5 582.6 574.2 560.4 548.5 532.7 519.3 507.4 501.1 492.5 487.4 490.2 489.4 482.7 478.8 458.9 449.1 425.7 405.7 388.1 373.2 362.3 341.4 324.2 306.1 295.5 288.3 277 260.6 252.2 234.6 217.6 195.5 176.2 149.3 138.5 133.8 121.3 109.9 97.6 82.4 74.2 61.5 45.3 28.7 22.4 19.9 15.8 13.1 12.4 10.7 10.3
22 22 22 22 25.2 36 53.2 72.6 86.8 96.5 113.1 127.7 150.9 170.4 199.4 227.6 255.7 288.9 321.1 353.8 392 413.9 450.4 486.4 519.7 555.8 586.3 610.8 617.6 624.5 603.5 590.3 581.7 570.7 554.6 541.9 533.4 531.8 524.2 513 514.7 509.7 494.7 476.2 456 434.5 414 394.1 380.8 372.5 356.6 343.8 324.4 312.1 306.9 291.4 273.9 258.2 250.8 236.5 223.5 196.7 170 162.8 157.1 147.7 135.9 128.4 112.8 90.7 77.7 67.3 52.6 31.2 26.1 24.8 19.7 15.5 11.2 10.3 11
22 22 22 22 28.2 62.6 67.1 80 91.3 102.9 117.3 130.3 155 181 203.1 226.8 256 290.6 320.9 353.5 386.5 411.5 448.4 482.6 517.8 552.6 583.5 618.7 641.6 637.5 632.8 624 609.1 589.9 578.5 569.1 566.5 563.9 551.6 541.2 534.8 534 524.4 487.2 468.5 435.1 414.4 394 380.4 364 353.5 340.7 332.5 315.2 300.3 291.6 268.5 251.9 244.8 234.5 210.3 201.6 195.6 180 166.3 159 146 137.6 120.1 102.4 90.9 79.5 57 40.8 33.4 32 27.1 19.8 17.6 16 17.4
22 22 22 22 38.7 62.9 80.1 90.3 95.9 108.2 118.3 127.4 150.6 183.6 208.1 236.5 265.6 294 325.1 354.7 383.3 416.5 449.6 478.8 512.5 545.2 581 611.4 645 648.4 657.2 647.7 635.8 611.3 600.3 601.7 595.9 591.9 580.5 561.8 561.9 558.9 544.2 512.3 481.4 447.2 419.2 408.7 387.5 365.2 353.3 347.1 330.1 315.7 306.9 300.7 280.3 256.2 247.1 231.4 233.1 230.3 213.8 192.8 183.6 166.4 150.6 139.8 124.3 113.5 97.9 80 52 45.8 45.7 47.3 38.1 33.9 30.5 28 26.6
22 22 22 27 44.2 62.5 80.7 92.6 99.1 108.9 119.9 139.2 164 189.4 211.6 230.9 264 292.4 314.1 351.4 379.5 407.2 440.6 472.8 505.5 541.1 578.9 606.6 639.3 655 663.5 650.1 640.6 632.8 637.1 638.4 618.5 610.3 598 579.3 578.5 581.3 553.6 520.3 484.9 462.7 439.4 417.8 393.2 373.4 363.9 341.4 328.1 325 312.6 299 291.2 268.8 259.9 257.3 248.1 237.4 219.5 205.1 192.2 171.1 152.7 138.2 122.5 107.7 86.4 61.7 61 61.3 63.2 63.1 62.8 61.4 60.7 69 69.1
22 22 22 31.3 57.7 67.4 80.8 99.6 104.9 109.6 121 144.3 173.3 199.1 227.8 248.7 275.7 298.6 317.9 345.1 376.5 399.8 436.9 466.8 497.7 535.5 572.1 606.7 641.9 656.5 660.3 649.6 648.1 650.1 650.9 636.9 632.4 617.2 601.2 593.5 588.4 576.7 546.5 512.8 494.2 464.8 441 420.8 399.3 384.1 368.7 357 331.8 322.6 312.7 308.8 303.4 277.6 263.7 259.2 251.9 238.8 224.7 212.1 194.9 171.2 150.6 133.1 112.6 86.7 78.6 76.1 82.7 86.9 91 92.9 93.4 95.4 95.7 93.7 90.8
22 22 22 31.8 52.5 62.5 81.2 113.2 111.8 111.8 124.8 150.6 182.7 209.7 236.5 259.7 286.8 313.1 341.4 370 400.8 431.3 451.3 486.8 516.8 548.5 580.7 610.8 636.6 647.8 649.2 646.5 645.1 640.1 634.5 625 630.5 630.3 614.7 604.1 592.3 583 551.9 533.5 502.8 466.8 440.2 427.8 411.5 390.1 380.1 362.5 341.5 327.4 319.9 311.9 303.3 290.1 268.9 261.5 252.8 239.6 229.9 213.3 196.3 166.6 143.5 111.8 100.8 95.4 100.4 107.9 113.7 114 117.4 118.6 119.4 119.6 116.9 115.5 112.8
22 22 22 34.3 40.8 52.6 69.4 99 113 112.8 128.4 160.7 190.6 214.5 235.5 263.8 299.9 327.9 360.5 391.6 419.7 445.4 469.9 507 536.8 570.6 592.6 619.2 631 635.6 634.4 633.5 631.1 621.6 618 621 630.8 635.3 631.4 621.5 598.9 588.4 566 538.4 502.9 480 452.7 438.4 426.5 412.2 385.6 372.5 354.6 347 328.5 320.3 313.1 296.5 270 259.5 255.8 237.3 224.1 212.7 189.2 158.3 122.2 125.8 112.1 122.9 130.2 133.1 132.5 135.7 138.1 141.8 143.4 142 141.1 140.1 135
22 22 22 24.1 39.8 53.1 63.1 79.7 104.7 115.1 135.8 165.4 192.8 214.7 239.7 271.4 305.3 335.2 376.3 404.7 427.7 458 489.6 517.4 555.5 584.3 601.6 627.8 630.4 629.4 629.3 620.4 619 619.3 618 619.8 630.3 629.3 635.8 624.9 607.7 595.3 580.7 553.9 515 485.5 472 464.2 443.2 423 398.9 383.1 366.9 356.6 345 343.4 328.2 318.5 294.4 252.2 248.3 231 219.9 200.3 171.9 133.2 134.8 137.5 135.9 142.9 146.3 151.6 156.2 158.8 160.6 162.6 163 166.3 164.2 161.9 154.8
