webserver/python/data/NS25.asc
ncols 200
nrows 200
xllcorner 220000
yllcorner 650000
cellsize 50
[rows 35 to 69 of 200, columns 0 to 79 of 200]
-1.1 -1.1 -1.1 -1.1 -1.1 -1.1 -1.1 -1.1 -1.1 -1.1 -1.1 0.3 2.9 6.1 7.1 9.6 12.4 25.6 31.5 36 41.7 46.9 52.6 61.3 69.7 84.3 101.3 125.9 138 142.6 156.3 156.9 156.1 165.5 174 175.2 181.1 194.2 203.2 216.1 223.3 226.7 233.3 240 242.6 242.8 251.3 259.5 266.9 271.5 287.1 291.5 296.4 301 308.6 311.6 312.9 312.6 314.8 317.9 322.8 325.5 324.2 321.5 317.3 315.5 312.7 314.2 314.8 317.6 319.2 320.9 323.1 327.5 332.3 335.2 337.7 340.6 345.1 353.7
-1.1 -1.1 -1.1 -1.1 -1.1 -1.1 -1.1 -1.1 -1.1 -1.1 -1.1 0.3 3 5.1 6.4 8.1 11 27 30.5 33.3 38.3 43.8 50.2 59.1 66.8 79.9 94.7 122 140 140.4 153 155.1 155.1 156.9 162.2 174.3 189.3 200.1 209.8 218.4 224.2 222.9 230.4 237.2 236.2 243.7 248.5 261.9 263.2 272 286 290 293.1 304.1 305.7 310.4 311.3 313 317.6 320.4 320.1 322.9 322 318.7 317.1 315.3 311.3 311.7 314.9 316.6 319.6 322.3 323.1 328.6 332.5 335.2 339.4 342.5 350.6 358.5
-1.1 -1.1 -1.1 -1.1 -1.1 -1.1 -1.1 -1.1 -1.1 -1.1 -1.1 0.4 2.7 5 5.7 7.3 10.6 24.4 28.6 31.3 35.4 40.8 46.5 55.2 65.5 76.2 92.1 125.9 138.3 139.7 147.4 152.9 155.1 155.1 158.6 172.5 184.5 202.8 212.1 216.2 217.3 219.5 227.8 233 234.4 240.1 251 257.9 259.5 271.2 285 285.9 292.2 302.6 304.9 310.7 316.1 321.4 321.8 322.9 318.4 318.5 318 317.5 317.7 315 307.8 308.9 313.8 317 317 319.6 322.6 327.2 330.7 336.9 341.6 346.3 352.3 356.8
-1.1 -1.1 -1.1 -1.1 -1.1 -1.1 -1.1 -1.1 -1.1 -1.1 -1.1 0.7 2.4 4.1 5.9 7.2 11.4 24.5 26.8 28.2 31.1 36.2 41.3 50 62.7 70 84.7 128.3 135 136.2 144.2 148.6 155.1 155.1 158 173.7 187 195.3 208.4 212.5 213 219.5 224 227.8 232.2 238 249.8 255.2 259.3 270.5 284.9 285.6 295.9 300.3 307.1 315.3 321.8 321.2 319.7 320.3 312.5 314.3 313 315.7 312.9 310.8 303.1 304.3 309.2 309.6 315 315.1 319.6 324.5 329.3 336.5 342.5 346.3 349.6 351.8
-1.1 -1.1 -1.1 -1.1 -1.1 -1.1 -1.1 -1.1 -1.1 -1.1 -1.1 1.5 1.6 1.4 2.7 7.5 11.9 21.3 24.6 26.1 27.7 31 36.5 44.9 60 67.6 86.4 120.4 132.5 134.8 146.7 143.9 155.2 155.1 155.1 179.7 192.1 199 208.6 211.1 213.5 223.2 220.6 224.2 233.6 239.1 245.4 247 257.7 268.2 283.3 286.8 294.3 299 313.6 317.9 317.4 315.6 314.9 314.3 310.6 310.7 308.9 307.4 306.9 304.3 299.3 298.8 303.1 305.3 309.9 310.8 316.8 321.6 328.3 336.8 340.8 342.5 344.4 344.5
-1.1 -1.1 -1.1 -1.1 -1.1 -1.1 -1.1 -1.1 -1.1 -1.1 -1.1 -1.1 0.2 0.5 1.4 5.8 9.9 16 21.1 23.1 24.7 27.2 32.1 40 55.2 69 88 111.8 129.5 134 137.2 146.6 154.5 155 158.3 180.1 195.3 202.2 209.4 212.8 215.1 220.1 220.7 225 231.8 241.7 243 244 257.3 265.9 281.6 284.4 289.4 299.2 311.1 315 313.3 311 311.3 309 306.1 305.5 304.1 302.5 302.1 298.4 292.4 293.3 295.7 299.1 302.6 309 314.6 317.6 324.4 331.2 333.4 333.9 333.8 334.8
-1.1 -1.1 -1.1 -1.1 -1.1 -1.1 -1.1 -1.1 -1.1 -1.1 -1.1 -1.1 -1.1 -0.1 0.9 4.9 8.6 11 20 20.4 22.8 25.3 30.2 38 51 70.9 86 117.9 131.1 133.2 137.2 147 149.4 153.8 164.3 184 200.3 203.2 206 212.2 214.4 215.9 225.5 226.7 228.3 237.4 239.8 243.9 252.2 261.7 274.5 279.8 287.4 294.6 305.5 306.9 307.2 305.1 303.2 301.5 299 297.6 298.9 299.1 295 291.7 289.4 286.8 287.3 290 301.5 304.6 310.7 312.3 316.3 322.5 323 322.4 322.2 321.6
-1.1 -1.1 -1.1 -1.1 -1.1 -1.1 -1.1 -1.1 -1.1 -1.1 -1.1 -1.1 -1.1 -1.1 0.6 4 7.5 8.4 12.3 16.5 21.5 24.3 29.1 37.8 50.6 69 89.3 117 127.9 131.2 141.9 148.4 149.5 152.3 166.6 184 195.6 200.9 203.5 209.3 212.8 214.1 223.7 224.5 227.8 233.5 237.3 244.8 251.7 260.4 270 273.5 289.7 290.4 299.2 300 297.3 294.5 293.7 293.2 293.8 292.8 293.6 292.7 291.1 288.2 282.9 278.9 278.5 284.9 296.6 298.8 302 302.6 306.4 310.2 310.7 309.3 308.3 306.4
-1.1 -1.1 -1.1 -1.1 -1.1 -1.1 -1.1 -1.1 -1.1 -1.1 -1.1 -1.1 -1.1 -1.1 -1.1 3.9 6.4 7.2 9.1 10.9 15.8 22.3 24.1 31 43 66.9 86.3 113 124 132.3 141.9 146.2 152.6 154.9 162.8 173.6 180.9 195.3 199.2 202.8 214.7 217.9 224.1 225.2 229.9 235.5 240.6 245.7 250.4 259.2 267.6 270.3 282.7 283.8 290 290.4 289.1 287.7 284.9 286.2 287.2 286.4 284.4 282.7 282.7 280.6 276.3 271.8 271.7 276.9 287.7 289.8 292.7 292.3 294.9 297.2 297.3 295.1 293 291.1
-1.1 -1.1 -1.1 -1.1 -1.1 -1.1 -1.1 -1.1 -1.1 -1.1 -1.1 -1.1 -1.1 -1.1 -1.1 4.4 4.9 6.6 8.2 9 11.1 15.6 21.9 27.7 42.7 73.5 87.3 106.5 127.3 131.8 139.6 146.5 153 162.1 160.8 163.8 179.3 197.4 201.1 206.8 213.8 219.9 224.3 230.5 240.6 235.3 243.5 245 250.6 257.3 263.5 266.5 270.4 279.6 280.7 280.4 278.8 282 279.1 283.4 279.2 273.4 275.4 274.4 277 271.9 269.7 263.6 264.2 269.8 278.7 279.7 282.8 282.2 282.6 283.8 282.9 280.3 279 277.3
-1.1 -1.1 -1.1 -1.1 -1.1 -1.1 -1.1 -1.1 -1.1 -1.1 -1.1 -1.1 -1.1 -1.1 -1.1 4.8 3.8 5.1 6.4 7.2 7.8 11.5 18.4 27.5 39.5 73.3 83.4 98.4 125 129 135.2 142.7 144.1 159.5 158.8 159.4 168.2 193.7 206.7 205.9 210.4 217 227.5 237.5 241.7 235.6 244.3 248.4 249.6 254.7 256 260.1 267.4 273.8 277.1 274.8 273.3 274.3 274.8 274.2 269.4 266.2 268.6 269.4 267.3 264.6 262 258.4 258 264.3 269 271.8 272.5 271.2 269.9 270.7 270.6 269.4 266.8 262.6
-1.1 -1.1 -1.1 -1.1 -1.1 -1.1 -1.1 -1.1 -1.1 -1.1 -1.1 -1.1 -1.1 -1.1 0.8 2.6 1.8 2.5 5.5 6.4 6.8 8.9 13.9 24.2 37 70.7 79.5 91.3 117.3 124.8 130.5 137.6 139.9 152.9 156.6 157.3 169.6 192.3 205.2 203.2 210.5 221.9 231.3 233.4 238.1 238.5 240.9 242.8 243.8 251.1 252.5 256.3 264.8 270.4 273.3 270.1 268 266.5 265.1 265.8 263.9 259.7 262.4 260.6 260.1 258.3 255.9 254.2 250.6 257.4 259.9 261.8 262.4 260.7 259.3 259.2 259.3 257.3 253.4 249
-1.1 -1.1 -1.1 -1.1 -1.1 -1.1 -1.1 -1.1 -1.1 -1.1 -1.1 -1.1 -1.1 -1.1 -1.1 1.2 1.8 1.8 5.5 5.6 6.2 7.3 10 17.1 36.3 67.8 73.5 88.4 106.5 120.2 129.6 135 137.5 146.7 152.1 160.5 173.3 184.8 192.3 203.7 215.6 223.9 232.2 233.1 236.7 241.8 241.6 242.9 241.6 246.5 249.1 249.9 259.7 266 263.9 265.3 262.3 258.4 255.3 256.9 257.9 255.4 258.4 254.2 253.6 252.9 251 250 244.9 250.5 251.9 250.6 252.8 250.3 248.7 248.7 249.1 246.6 242.1 239.1
-1.1 -1.1 -1.1 -1.1 -1.1 -1.1 -1.1 -1.1 -1.1 -1.1 -1.1 -1.1 -1.1 -1.1 -1.1 0.2 1.3 2.6 4 4.5 6.1 6.2 8 11 30.9 62.7 70.6 92.6 102.2 112.3 122.1 128.3 132.4 136.6 148.9 158.3 167.9 180.6 190.3 206.1 219.6 224.4 232.2 233.2 238.6 238.5 240.7 242.1 238.9 241.6 243.7 243.4 251.1 255.1 257.7 257.1 254.4 251.4 249.8 250.4 253.5 250.1 249.3 248.2 247 246.2 246.2 246.5 240.4 245.6 244.7 243.6 243.5 241.4 239.5 239.1 239.9 236.5 234.2 231.5
-1.1 -1.1 -1.1 -1.1 -1.1 -1.1 -1.1 -1.1 -1.1 -1.1 -1.1 -1.1 -1.1 -1.1 -1.1 0 1 1.4 3.5 6 5 5.6 6.5 8.3 29.6 58.8 73.1 90.9 99 105.6 111.4 116.2 121.6 126.4 142 159.2 167.2 173.5 188.6 205.9 220 223 230.6 230.6 236 236.4 232.7 234.6 235.3 236.3 237.8 239 243.6 248.2 250.3 249.6 247.4 245.3 242.1 246 247.2 244.3 243.2 243.1 241.1 240.2 240.4 240.7 232.9 240.2 238.8 236.6 234.7 235.5 235.3 234.4 233.1 229.8 226.5 225.5
-1.1 -1.1 -1.1 -1.1 -1.1 -1.1 -1.1 -1.1 -1.1 -1.1 -1.1 -1.1 -1.1 -1.1 -1.1 -1.1 1.5 4.1 4.2 3.9 4.4 5.5 6.4 8.2 26.4 53.5 69.7 85.6 91.4 97.1 102.3 105.9 110.7 122.1 134.8 158.8 167.8 174.6 185.8 202.9 213.7 219.9 224.1 227.9 228.9 232.1 230.9 228.9 230.8 230.7 232.9 234.8 236.7 240 241.2 241.2 240.6 238.1 234.2 236.6 238.6 236.9 237 237.6 237.1 236.4 236.6 237.3 228.6 232.5 230.6 228.8 230.3 229.4 229.8 230 227.6 223.4 222.8 223.3
-1.1 -1.1 -1.1 -1.1 -1.1 -1.1 -1.1 -1.1 -1.1 -1.1 -1.1 -1.1 -1.1 -1.1 -1.1 -1.1 4 4.1 4 4.5 5.5 5.3 6.5 8.3 22.4 46.5 64.7 79.4 83.2 88.3 95 101.5 105 115.8 128.3 144.4 162.6 173.9 187.9 197.4 205.7 213.3 219.8 222.7 224.9 224.5 224.9 224.7 224.8 227.7 229.7 229.7 229.4 234.9 232.6 231.6 233 230.1 228.8 229.4 231.6 228.8 230.3 231.1 232.4 233.1 232.7 231.4 225.7 225.6 222.8 222.6 223.2 224.9 225.7 226.4 223.7 221.1 220.3 220.7
-1.1 -1.1 -1.1 -1.1 -1.1 -1.1 -1.1 -1.1 -1.1 -1.1 -1.1 -1.1 -1.1 -1.1 -1.1 4.1 4 4 4.1 4.2 4.2 5.1 5.9 7.3 12.1 36 59.2 69.5 73.6 79.7 90.3 94.9 102.4 109.4 127.3 136.6 158.6 175.9 179.6 191.6 201.7 209.1 216 216.3 219.8 219.9 219.2 215.6 220.4 223.9 222.9 222.8 224.5 227.3 226.3 224.8 224.7 226.1 226.4 226.2 224.8 223.7 224.2 225.5 227.1 228.7 226.4 225.2 220.2 217 218.1 217 216.8 219.5 221.1 223.1 221.2 219.7 218.7 219.9
-1.1 -1.1 -1.1 -1.1 -1.1 -1.1 -1.1 -1.1 -1.1 -1.1 -1.1 -1.1 -1.1 -1.1 -1.1 4.1 4.1 4 4.2 4.5 4.6 4.5 5.5 6.3 9.8 22.5 43 56.8 66.1 72.7 81.9 91.3 96.6 102.5 121.1 134.5 154.3 170.6 181.8 185.6 193.7 201.1 204 208.9 213.2 215.1 211.4 211.8 217.1 218 217.6 219 217.8 216.9 218.3 220.9 219.6 222.2 221.3 221.3 220.5 219.5 219.6 221 223.3 223.7 221.2 218.2 215.3 212 213.1 211.8 211.8 214.2 217.9 219.7 218.8 218.5 219.1 220.2
-1.1 -1.1 -1.1 -1.1 -1.1 -1.1 -1.1 -1.1 -1.1 -1.1 -1.1 -1.1 -1.1 -1.1 -1.1 4.1 4.1 4.1 4.3 4.6 4.7 4.4 5.4 6.2 8.9 15.4 28.1 45.3 54.2 65.1 75 83.8 90.4 96.6 115.1 131.4 148.7 161.7 173.9 182 182.2 188 195.5 198 201.7 207.9 207 208.3 208.8 210.8 211.1 213 214.4 213.2 211.3 212.3 213.7 215.1 214.9 216.8 217.6 215.7 216.4 217.5 219.1 219.3 215.8 211.3 209 207.7 208.1 207 207.1 209.4 214.5 217 217.5 218.9 219.5 221.5
-1.1 -1.1 -1.1 -1.1 -1.1 -1.1 -1.1 -1.1 -1.1 -1.1 -1.1 -1.1 -1.1 -1.1 -1.1 -1.1 -1.1 -1.1 -1.1 4.4 4.3 4.3 4.8 5.9 8.5 11.7 20.3 31.9 53.2 60.3 67.8 76.1 82.9 89.1 105.7 121.7 137.1 151.3 160.5 170.2 176.1 182 187.4 192.8 196.9 200.2 201 200.5 202.6 205 207.1 200 201.1 208.7 204.9 206.2 207.7 209.2 210.7 211.3 212.7 211.9 213.9 214.7 215.5 214.7 212.8 207.7 205.9 204.5 204.7 203.7 209.3 212.7 214.7 215.3 216.1 219.2 221.1 223.4
-1.1 -1.1 -1.1 -1.1 -1.1 -1.1 -1.1 -1.1 -1.1 -1.1 -1.1 -1.1 -1.1 -1.1 -1.1 -1.1 -1.1 -1.1 -1.1 -1.1 4 4.2 4.6 5.6 8 11.3 17.4 37 48.5 56.8 63.4 70.1 76.6 82.5 97.7 112.5 123.8 135.9 145.5 157 171.6 177.4 180.9 184.6 189.3 191 193.7 195.4 195.7 198.8 199.1 196.9 198.5 199.7 198.7 200.2 201.7 202.9 203.7 205.7 207.4 208.4 211.9 211.5 210.7 209.7 207.8 203.7 203 201.9 201.6 207 213.9 217.8 218.1 217.1 217.4 220.4 225.9 225.6
-1.1 -1.1 -1.1 -1.1 -1.1 -1.1 -1.1 -1.1 -1.1 -1.1 -1.1 -1.1 -1.1 -1.1 -1.1 -1.1 -1.1 -1.1 -1.1 -1.1 -1.1 4.1 4.1 5.6 7.4 10.9 18.2 30 41.9 52.2 57.8 63.4 69.5 75.3 87.8 100.4 112.1 123.1 133.5 148.8 162.6 169.4 173.4 178 181 183.5 186.3 187.7 187.9 189.7 190.1 188.2 189.9 191.5 192.4 194.2 195.4 196.3 196.7 199.6 201.1 206.6 210.3 210.1 210.4 206 202.5 199 198.5 199.2 202.6 210.4 217.4 219.7 219.8 219.3 220.6 227.8 229.6 230.3
-1.1 -1.1 -1.1 -1.1 -1.1 -1.1 -1.1 -1.1 -1.1 -1.1 -1.1 -1.1 -1.1 -1.1 -1.1 -1.1 -1.1 -1.1 -1.1 -1.1 4.4 4.4 4.3 5.3 6.7 9.6 13.9 24 36.4 44 50.3 55.4 61.6 67.7 76.9 89.6 101.7 112.3 125.2 138.6 149.8 159.2 168.8 173.7 176.1 176.3 177.2 178.2 178.4 178.2 177.1 177.7 181.5 183.2 184.9 187.8 189.5 190.8 191.7 195.9 199.4 205.8 208.1 207.6 208.4 204.1 199.6 196.5 197.1 198.8 205.5 212.6 217.3 220 221.3 223 229.1 232.4 233.2 234.1
-1.1 -1.1 -1.1 -1.1 -1.1 -1.1 -1.1 -1.1 -1.1 -1.1 -1.1 -1.1 -1.1 -1.1 -1.1 -1.1 -1.1 -1.1 -1.1 -1.1 5.1 3.9 4.3 5.2 5.9 8.9 11.5 19.7 29.2 38.6 44.5 49.5 55 61 71 82.8 93.5 104.4 112.9 124.9 137 148 159.2 161.4 166.2 166.3 166.5 166.2 166.3 165.3 165.6 168.6 171.8 174.9 178.2 181.4 184.3 186.1 189.3 197 199.5 204.2 207 204.8 203.2 201.5 195.4 196.2 197.9 201.5 207.5 212 216.3 220.5 223.9 227.1 232.2 235 237.7 238.7
-1.1 -1.1 -1.1 -1.1 -1.1 -1.1 -1.1 -1.1 -1.1 -1.1 -1.1 -1.1 -1.1 -1.1 -1.1 -1.1 -1.1 -1.1 -1.1 -1.1 4.3 3.5 5.4 5.5 6.3 8.8 10.8 16.3 26 33.4 39.6 44 49.4 54.7 63.3 74.3 86.1 96.4 103.6 112.4 126.2 141.6 147.6 147.5 146 142.2 137.2 141 137.5 148.3 155.5 160.1 164.8 166.6 169 170.9 174.4 173.2 175.9 176.6 198.2 201.2 204.2 202 200.2 194.2 195.7 198.8 200.9 203.7 211.4 215.1 220.6 225 227.3 230.3 235.2 238.3 241.5 243.7
-1.1 -1.1 -1.1 -1.1 -1.1 -1.1 -1.1 -1.1 -1.1 -1.1 -1.1 -1.1 -1.1 -1.1 -1.1 -1.1 -1.1 -1.1 -1.1 -1.1 4.2 3.3 4.6 5.5 6.5 8.4 11.2 15.3 23.1 31.6 36.3 40 44.1 49.8 57.3 66.3 79.4 88.9 95.8 102.6 113.5 124 127.6 127.1 123.7 117.8 106.1 109.1 114 126.6 131.9 139.6 143.3 154.6 163.8 168.9 173.9 172.1 177.6 174.8 194.7 197.9 197.4 192.6 194.4 194.9 197.1 198.2 200.8 207 217 221.6 226.7 229 231.1 233.1 238 241.7 245 247.1
-1.1 -1.1 -1.1 -1.1 -1.1 -1.1 -1.1 -1.1 -1.1 -1.1 -1.1 -1.1 -1.1 -1.1 -1.1 -1.1 -1.1 -1.1 -1.1 5.1 4 4.3 4.8 6.2 7.3 8 10.6 14.9 22.1 29.5 33.3 37.1 40 45.2 52.5 62.1 72.1 81 88 96 102.7 108.4 111.9 110.8 102.1 91.5 88.9 105.4 124.2 135.5 147.4 153.8 160 170.4 175.9 180.8 183.2 184.9 188.8 182.3 183.5 187.5 194.4 195.9 199.5 200.6 200.8 203.8 206.9 211.5 222.7 226.4 229.5 233.8 236.9 239.3 243.5 246.6 249.6 252.8
-1.1 -1.1 -1.1 -1.1 -1.1 -1.1 -1.1 -1.1 -1.1 -1.1 -1.1 -1.1 -1.1 -1.1 -1.1 -1.1 -1.1 -1.1 -1.1 5.6 4.4 4.8 5.5 6.9 8.4 9 10.4 15.4 21.1 27.4 32.4 35 37.5 41.6 48.3 58.2 67.6 75 82.8 88.7 94 97.4 98.5 91.5 82.1 87.6 105.6 126.9 141.3 150.1 159.5 167.4 171.1 175.4 180 185.1 189.2 193 194 194.4 193.3 197.1 201.1 202.1 205.5 207.8 205.3 213.6 215.9 213.2 225.4 229.4 231.8 235.4 240.7 244.9 247.8 252.3 260.1 261
-1.1 -1.1 -1.1 -1.1 -1.1 -1.1 -1.1 -1.1 -1.1 -1.1 -1.1 -1.1 -1.1 -1.1 -1.1 -1.1 -1.1 0.3 1.8 4.7 4.7 5.3 6.4 7.6 9.2 9.9 12.8 16.8 22 27.5 31 33.1 35.5 39.1 44.5 54.7 63 70.4 75.3 78.7 80.2 79.9 80.8 75 91.5 115 128.9 146.4 152.9 159.6 167.3 173.5 178 182.2 186.9 192.6 195.6 197.4 199 201.9 201.6 206.7 209.4 210.3 212.4 213 214.2 219.9 224.1 218.4 223.3 229.2 232.6 237.8 243.3 248.4 253.8 262.9 267.6 267.8
-1.1 -1.1 -1.1 -1.1 -1.1 -1.1 -1.1 -1.1 -1.1 -1.1 -1.1 -1.1 -1.1 -1.1 -1.1 -1.1 -1.1 0.2 1.7 4.9 5.1 5.9 7.1 8.4 9.9 10.6 14.6 18.5 22.2 25.5 28.5 31.9 35.6 40 43.6 47 51.8 49.8 49 57.5 61.5 65.9 71.6 86.9 115.9 134.7 149.6 156.2 162.7 167.7 175 179.9 185.5 190.4 195.1 199.5 203.2 205.1 207 208.7 211.9 217.1 218.5 218.1 217.1 219.7 221.4 224.3 229.5 226.3 224.3 227.9 231.7 239.2 245.9 254.2 259.8 269.2 272.5 271
-1.1 -1.1 -1.1 -1.1 -1.1 -1.1 -1.1 -1.1 -1.1 -1.1 -1.1 -1.1 -1.1 -1.1 -1.1 -1.1 -1.1 -1.1 1.9 4.8 5.3 6.5 7.9 9.2 10.1 11.2 13.6 17.5 20.4 23.3 26.4 28.2 30.4 34.8 38.8 35.3 41.6 46.7 55.3 68.9 76 81.5 100.1 118.1 134.8 148.4 154.6 164.4 171.9 176.8 180.4 186.2 191.7 197.9 203.3 207.1 212.2 215.3 217.6 219.9 224.7 226.3 227.8 226.5 228.7 227.6 231.6 235.1 233.1 233 234 239.4 241.2 239.6 253 260.3 265.1 272.3 275.2 274.8
-1.1 -1.1 -1.1 -1.1 -1.1 -1.1 -1.1 -1.1 -1.1 -1.1 -1.1 -1.1 -1.1 -1.1 -1.1 -1.1 -1.1 -1.1 3 3 4.4 6.2 7.6 9.2 10.2 11.7 12.8 16 18.7 20.8 22.8 25 25.7 29.2 37.1 45.8 50.9 55.8 63 71.8 83 91.1 106.6 124.7 138.5 148.9 162 170.2 177.1 181.8 186.8 190.7 198.4 204.3 210.4 216.8 224.1 225.2 230.5 233.4 238.1 238.8 241.8 241.2 241.1 240.9 245.7 248.5 241.1 242.1 245.6 251.2 251.1 246.1 254 262.3 267.2 274.2 277 278.4
-1.1 -1.1 -1.1 -1.1 -1.1 -1.1 -1.1 -1.1 -1.1 -1.1 -1.1 -1.1 -1.1 -1.1 -1.1 -1.1 -1.1 0.1 1.7 5.2 5.8 7.4 8 9.7 11.3 13 15.4 17.8 18.9 19.9 19.9 27 32.4 37.1 43.3 51 58 63.9 71.9 81.5 90.3 100.4 114.1 128.9 146.3 160.2 168 176.1 181.3 185.3 191.6 198.2 205.2 209.9 216.3 225.1 235.6 236.9 239.9 245.6 250.3 251.4 252.8 250.6 250.3 251.2 254.7 258.7 251.7 255.3 256.4 257.5 257.7 252 249.5 262.1 270.6 275.6 279.3 282.8
-1.1 -1.1 -1.1 -1.1 -1.1 -1.1 -1.1 -1.1 -1.1 -1.1 -1.1 -1.1 -1.1 -1.1 -1.1 -1.1 -1.1 0.3 1.3 5 5.3 7.3 8.6 10.3 11.9 13.5 15.1 17.5 19.8 22.3 25.3 29 33.8 40.2 48.3 56.6 64.2 71.7 78.4 88.4 97.9 114.4 124.5 143.7 160.3 165.8 172.3 180.1 185.3 192.9 199.7 207.9 216.1 221.1 225.1 233.1 242.1 244.9 249.3 256.2 259.5 261.2 259.3 257.1 260 261.9 263.6 267.9 265.6 269.5 270 263.8 265.5 263.8 265.4 258.4 270.1 276.7 281.7 286.5
