webserver/python/data/NS27.asc
ncols 200
nrows 200
xllcorner 220000
yllcorner 670000
cellsize 50
[rows 144 to 179 of 200, columns 0 to 80 of 200]
5.5 9.3 13.5 18.3 19.3 20.7 20.8 17.2 8.9 9.7 8.4 7.9 8 8 7.9 7.4 6.8 6.3 6.4 6.6 6.6 6.8 6.9 7.1 7.5 7.9 8 6.7 8.3 18.6 36.8 53.7 69.1 73.1 77.8 79.5 77.2 73.4 69.1 64.7 60.4 46.2 57.8 61.7 65 66.1 66.4 66.6 69.1 75.5 79.7 85.6 94.3 101.2 107.4 111.9 116.2 126.1 132.3 138.2 142.7 150.1 156.1 162.2 168.8 183.2 201.3 214.9 223.8 240.2 246.7 261.1 265 271.7 272.7 273.6 274.9 276.3 276.2 274.4 271.2
4.5 8.6 16.9 19.3 19.6 20.4 18.7 15.1 10.1 9.5 8.3 7.8 7.8 7.9 7.7 6.6 6.1 5.5 5.2 5.7 6.1 6.2 6.3 6.6 6.8 7.1 7.5 6.7 10.5 24.9 44.2 58.1 70 75.4 75.8 75.6 73.3 69.6 66.3 62.6 58.4 44.1 56.4 61.4 65 66.1 66.4 67.4 68.7 73.2 76.4 83.6 92 98.7 102.9 103.1 108.2 118.4 126.6 130.3 134.4 139.8 146.1 151.4 157.6 168 180.3 198.5 215.9 226.8 242.5 258.4 268 273 276.1 278.5 280.4 279.9 278.7 279.3 275.6
4 7.6 10.4 15.7 15 11.7 9.4 9.2 8.7 8.3 7.7 7.8 7.8 7.8 7 6 5.3 4.6 4.7 4.9 5.4 5.6 5.9 6.1 6.4 6.8 6.9 6.9 12.2 29.5 52 62.2 71.1 73.6 73.9 71.6 68.8 66.3 64.8 61 56.8 46.3 47.7 56.5 63 66.3 66.8 68.2 69.9 70.9 75.7 82.2 89.5 94.7 94.5 94.8 101.5 111.7 118 122.5 127.8 130.9 137.9 143.3 150.3 158.2 170.1 182.9 193.2 214.5 234.8 253 272.6 276.4 281.9 284.3 290.7 289.6 289.4 290.9 288.1
2.1 6.3 7.8 9 9.5 8.1 7.8 7.6 7.5 7.4 7.3 7.7 7.7 6.9 5.9 5 3.9 4.3 4.5 4.7 4.8 5.1 5.4 5.7 5.9 6.1 6.1 9.2 13.1 34.8 53 60.2 69 72.7 73.6 68.8 65.6 64.4 63.1 59.9 58 55.1 58.4 56.7 58.8 62.6 63.5 64.4 66.3 68.8 74.2 79.9 85.6 88.9 87.5 91 98.4 105.3 112.1 117.3 120.8 124.8 130.5 135.6 142.6 151 160.8 170.2 184 195.4 217.3 234.8 255.5 275.2 285.2 289.2 291.2 289.3 290.8 295.4 292.8
2.2 5.3 6.1 7 6.9 6.7 6.5 6.8 6.7 6.6 6.8 7.2 7 5.8 4.2 3.7 3.7 4 4.2 4.4 4.5 4.5 4.8 5 5.1 6.2 6.2 10.9 18.8 40.5 56.4 63.6 65.8 70.7 71.2 65.9 62.9 63 62.2 59.8 58.2 57.1 62.2 64.8 60 56.6 60.8 61.4 63.3 65.8 68.5 75.2 80.9 84.7 84.7 88.5 94.7 101.4 107.1 111.5 114.1 118.5 123.4 128.4 134.9 141.9 148.3 161.1 172.4 186.9 201.5 213.6 230.2 246.7 264.3 281.2 288.4 289.8 289.4 291.1 290.2
1.7 4.1 6.5 6.4 5.9 5.7 5.7 6.2 5.9 5.7 5.6 5.9 6.1 4.4 3.3 3.3 3.5 3.7 4 4.1 3.7 3.4 3.8 4.6 7.1 9.1 9.7 14 26.6 47.3 57 63.3 65.9 68.2 68.8 63.6 61.4 62.7 62.3 59.8 57.6 60.7 65 64.4 66.1 62.9 58.9 60.1 61.5 64.1 65.3 69.6 74.3 80.8 80.9 84.8 89.5 97 100.9 103.4 107.3 111.8 116.5 122.2 127.6 132.3 142.1 152.3 163.6 175.6 189.1 198.2 207.7 224.2 237 252.1 265.9 273.8 283.1 290.9 291.5
1.3 1.8 6.4 6.1 5.6 -1.2 -1.2 -1.2 -1.2 5 4.9 4.8 4.3 3.4 2.9 2.9 3.2 3.5 3.5 3.2 3.1 3.4 4.1 7.1 9.3 10.5 13.5 24 37.6 48.1 54.5 61.3 65.7 66.4 64.4 62 60.9 63.9 62.9 61 59.5 62.7 67.2 68.7 67.9 66.1 61 60.6 59.1 59.9 60.9 63.8 67 70.7 73.7 79.7 88.3 93.4 92.7 93.4 96.1 101 106.7 113 121.2 127.4 135.5 145.7 156.5 168 175.3 185 194.4 206.4 215.5 226.8 236.2 247.9 261.3 273.2 274.9
0.9 1.4 6.3 6.2 -1.2 -1.2 -1.2 -1.2 -1.2 6.2 4.8 4.7 4.1 3.1 2.7 2.5 2.5 2.9 2.2 2.8 3.2 4.7 6.6 9.6 10 13 24.8 34.6 44.1 50.4 55.2 59.8 64.5 63.9 61.5 58.1 69.8 65 63.8 63.3 61.8 65.1 69.2 70.9 70.1 69.4 64.5 60.8 60.7 62.4 65 69.4 69.8 72.6 72.9 71.5 78.8 75.8 75.3 76.3 75.5 80.2 93.4 106.7 116.7 123.6 129.2 138.3 150.1 159.4 159.3 169.6 174.6 191.1 201.4 210.5 218.9 227 235.4 244.2 253
0.5 1 1.6 6.5 -1.2 -1.2 -1.2 -1.2 -1.2 -1.2 4.1 4.1 3.8 3 2.6 2.8 2.9 2.3 3.4 3.8 4.7 8.1 9.6 10.4 14.9 22.9 32.1 39 45.7 50.2 55.3 59.7 61 59.7 55.4 64.4 69.7 69.3 69.5 67.6 66.2 68.7 70.9 72 72.2 70.9 69.3 65.8 65.6 67.6 70.4 72.8 74.1 76.9 80.2 82.4 82.7 84.3 87.7 95 96.4 91.4 87.1 89.3 96.3 97 106.1 128.9 140.5 129.6 137.6 151.7 154.7 170.3 189.1 197.1 205.4 211.8 217.5 225.6 232.5
0.1 0.7 1.3 6.7 -1.2 -1.2 -1.2 -1.2 -1.2 -1.2 -1.2 4.1 3.8 3.1 1.9 2 2.7 3.2 4.4 6.8 8.4 9.4 10 15.3 23.3 32.1 39.6 43.1 46.7 50.7 55.3 58.3 58.3 53.8 61.3 66.9 71.1 75.1 75.6 71.5 69.9 72.8 73.6 73.8 73.6 72.3 73.4 73 72.6 74.8 77.8 78.6 80.8 81.8 85.7 89.1 91.6 94.8 100 104 107.2 108.2 103 100.6 114.7 113.5 98 118.2 114.6 107.5 114.6 134.8 144.1 161.1 174.6 187.7 194.9 201 206.3 211.8 217.7
-0.3 0.3 1.1 3.4 6.5 -1.2 -1.2 -1.2 -1.2 -1.2 -1.2 -1.2 1.1 1.3 2 2.9 3.7 5.7 7.6 9 11.6 15.3 20.4 26.5 33.6 38 43.1 44.9 47.4 50.9 55.4 57.3 52.5 57.8 63.6 70.3 72.3 77.1 78.8 74.9 74 75.9 75.9 77 77.5 76.2 77.7 79.5 83 84.8 88.1 90.9 90.6 89.1 90.8 96.3 98.3 101.1 105.9 109.8 113.5 114.7 115.4 113 120 123.1 123.3 103 113.5 115.6 112.4 119.3 129.3 150 167 179.4 187.5 193.7 197.6 200.4 207
-0.6 0.1 0.9 1.6 6.1 -1.2 -1.2 -1.2 -1.2 -1.2 -1.2 -1.2 4.8 4.8 2.4 4.7 6.7 7.9 9.8 12.2 17.1 24.7 28.9 33.1 37 42.4 43.9 45.6 48.2 51.3 54.8 51.5 55.5 58.2 67 71.8 74.5 79.4 82.9 79 77.4 79.2 80.4 83.7 83.6 82.2 82.7 85.7 89.9 92.2 93.5 97.4 99.4 99.5 95.8 101.3 105 108.3 114 118.2 120.3 121.3 121.3 120.8 121.3 126.4 131.1 131.6 132.7 123.7 115.3 109.8 124.5 146.5 160.5 170 179.1 185.9 189.4 190.5 198.8
-1.2 -0.3 0.3 1.1 5.6 -1.2 -1.2 -1.2 -1.2 -1.2 4 4.7 5 5.4 6.1 4.3 7.3 8.9 10 14.1 26.8 27.9 32.4 36.2 40.3 43 44.2 46 48.8 51.7 50.6 54.8 54.8 61.6 70.1 72.7 77.3 89 86.4 83.8 81.8 80.8 82.6 85.8 88 87.6 88.3 90.8 93 94.2 96.8 100.8 104 106.6 107.9 109.9 112.2 117.6 123.3 124.7 125.9 124.4 125.8 124 123.1 128.2 135.6 139.6 141.5 139.9 128.1 121.8 113.9 137.4 150.1 159.7 168.8 176.1 180.1 182.3 188.7
-1.2 -1.2 -0.3 1.2 -1.2 -1.2 -1.2 -1.2 -1.2 -1.2 4 5.1 5.3 6.2 6.8 6.9 7.5 9.7 11.4 19.3 29 32 34.5 38.2 41.7 43.2 44.9 46.3 49 50.3 53.6 53.4 56 65.1 71.8 73.9 82 93.5 91 89.2 86.3 83.3 83.5 86.2 89.8 92.6 94.7 98.2 98 97.5 102 109.1 112.2 114.8 118.4 123.7 126.1 130.1 133.2 133.5 132.9 130.5 130.2 129.7 127.6 128.9 137.5 142.9 145.7 146.3 144.1 129.9 124.8 118.7 130.5 146.1 156.3 164.5 168.4 173.9 178.7
-1.2 -1.2 -1.2 -1.2 -1.2 -1.2 -1.2 -1.2 -1.2 -1.2 5 5.9 8 8.1 10 8.7 8.2 11.5 17.1 26.4 32.7 34.7 36.6 39.4 41.8 43.5 45.8 47.3 49 51.2 51.5 53.3 58.8 68.4 71.7 78.3 88.2 97.8 97.2 100 96.6 91.5 90.6 89.9 91.6 95.1 97.9 101.2 101.9 104.4 111.6 120.3 120.2 122 124.9 129.9 135.6 142 141.9 141.5 141 139.4 137.5 138.7 137.1 135.5 137 144.2 148.4 150 148.3 143.6 137.8 126.6 119.3 131.3 150.4 158.3 162.8 168.1 172
-1.2 -1.2 -1.2 -1.2 -1.2 3.7 4.7 5.3 5.8 6.6 6.8 8.1 10.7 11.2 11.7 11.7 12.1 11.9 18.8 21.6 31.9 36.9 38.8 41 43 44.9 47.6 48 49.4 49.1 50.5 55.3 59.3 68.5 74.9 80.5 95.6 100 101.2 105 107.7 107.6 105.9 102.5 99.3 97.3 97.6 100.7 103.9 111.4 117.3 124.8 127.6 129 131 135.1 141.2 146.6 147.6 148.3 150.4 150.4 147.9 146.4 146 145.3 143.9 146.3 148.8 150.9 151.3 148.9 146.2 135.5 131.6 123.1 140.8 154.1 160.9 166.2 168.8
-0.2 -1.2 -1.2 -1.2 8.1 8 7.7 7.5 7.9 8.5 9.8 10.3 16.3 14.8 17.1 15.7 15.6 16.9 23.6 20.2 25.9 39.5 40.9 42.9 45.3 40.5 34.2 41.4 45.9 48.6 51.2 55.2 64.1 70.3 77.2 85.6 97.9 98.7 100.8 103.9 107.8 112.1 116.2 116.2 113.2 108.3 103 104.2 108.2 115.8 123.2 129.2 131.8 132.9 135.8 140.3 145.5 151.5 153.5 155.2 157.9 159.1 158.6 154.9 153.4 153.4 153.5 153.9 152.3 152.9 153.2 150.9 148.2 142.3 135.8 123.9 142 152.7 160.4 161.6 161.2
0.3 1.5 8.3 9.1 16.1 14.5 13.2 16.1 19.2 22.6 22.5 20.4 23.2 22.6 22.8 25.3 28.7 32.1 35.4 33.2 22 31.2 42.9 43.8 37.4 29.7 46 46.3 45.6 48.7 50.4 56.9 63.9 70.8 80 90.6 97.9 98.9 100.9 103.7 106.9 111.4 116 117.3 119.1 117.8 115.2 113.7 112.1 119.8 126.9 130.7 133.6 137.3 140.7 145.1 150.2 156.1 159.8 162.4 164.1 165.2 164.1 161.3 159.7 158.9 160.1 159.8 158 157.6 156.1 153.1 151 146.9 139.4 123.9 145.3 154.7 156.6 155.2 155.5
0.8 4.2 8.6 24.6 35.2 35.9 33 32 33.6 35.3 35.3 33 30.9 30.1 30.5 31.3 34.3 35.6 36.5 38 34.3 27.1 30 25.5 26.2 36.6 44.3 46.2 48.5 52.1 52.1 58.3 64.6 73.8 84 94.4 98.7 100.1 101.6 104.4 107.3 111.9 115.3 118.5 120.3 121 122.5 124.4 122.4 122.4 129.8 130.9 134.2 139.2 143.9 147.7 153.1 158.6 163.4 167.8 169.1 170 168.4 167.9 166 165.2 165.9 165.8 164.2 162.7 160.8 157.8 154 149.4 136.9 128.8 151.7 157.4 143.5 149.2 148.4
1.3 6.7 17.4 38.3 45.8 48.3 38.7 35.5 39.2 38.5 37 36 35.2 33.7 34.4 37 37.7 38.4 39.8 41.7 41.6 39.5 36.8 40.8 40.1 35 43.9 46.7 48.5 56.8 56.8 58 66.9 77.1 88 94.6 99 101.1 102.2 105.2 108.1 112 115.6 120.7 121.3 123.1 128.1 130.1 129 124.7 126.4 132.2 134.5 138.4 145.1 152.3 157.9 162.4 168.9 174.3 175.2 173.8 172.7 171.2 170.2 169.9 174.3 171.5 170.9 169.9 164.8 161.6 156.4 149 131.5 129.1 144.5 141 137.3 141.9 141.4
1.7 7.8 26 37.6 58.8 63.6 55.7 55.1 52.5 47.2 45.5 45.8 42.4 41.5 40.1 40.9 42.9 42.5 44.1 44.3 43.7 43.5 41.1 40.2 43.7 41.8 41.9 47.8 50.6 56.8 60 60 69.9 76.5 86.6 94.1 97.5 100.4 102.4 104.8 108.2 111.1 114.3 117.4 120.2 124.3 131.2 135.3 136.6 134 131.3 133.2 135.8 141.1 153.2 167.7 167.6 167.9 170.5 174.4 176 175.4 174.5 172.4 172.3 173.3 175.9 176.6 174.3 172.4 168 162.7 156.7 150.4 135.3 136.1 136.1 139.1 145.7 154.1 159.8
2.2 12.6 31.3 35 57.5 69.7 67.9 63.6 61.4 57.9 54.8 51.7 49.2 46.9 45.1 45.3 45.8 48.3 47.1 46.9 46 45.8 45.4 45.5 45.8 45.4 44.7 48.4 52.8 60.8 64.2 59 73.2 80 87.8 93.1 96.1 99 101.8 104.3 107 110 113.2 116.5 120.6 126.8 133 137 141.7 142.7 143.4 142.9 146.3 149.4 160.1 166.9 169.1 169.4 170.3 172.9 173.5 172.3 170.9 170.6 171.9 171.7 174.8 175.7 174.4 171.9 167.4 161.1 155.2 148.8 143.9 146.7 147.1 149.8 155.8 158.7 162
6.2 19.9 33.6 43.2 64.3 70.2 78.1 73 70 64.7 61.9 57.6 54.2 52.7 52.4 48.9 50.2 50.6 51.4 49.3 48.3 49.9 48.7 48.1 48.6 48.6 44.7 48.6 55.8 63.5 67.1 65.2 76.3 82.4 90.3 93 95.4 98.4 101.3 104.5 107.9 110.7 113.4 116.2 121.9 127.9 133.1 136.3 140 145.2 147.2 149 151.7 156.8 163.7 166.1 167.7 169.4 169.3 170.8 170.6 170.1 168.9 167.6 167.8 170.4 173.6 174.9 173.8 171.3 167 161.3 154.9 148.9 152.2 156.8 155.6 156.6 159.9 165.3 172.5
7.9 28.6 35.1 52.1 63.9 70.2 84.9 83 75.2 72.2 67.4 63.6 58.7 55.9 55 52.8 53 55.4 55.7 51.6 52 53 52.2 49.7 50.9 51.3 46.5 51.5 58.2 64.9 72.6 73 75.9 84 90.4 94.1 95 98.8 103 105.4 108.9 110.1 111.6 116.8 122.4 127.4 131.8 134.5 142 146.9 148.9 150.4 151.9 158.1 162.7 165.1 166.8 169.6 169.7 177.9 175.9 171.3 167.8 166.1 166.2 169.5 172.4 172.2 172.3 169.4 165.3 160.2 151 153 158.2 164.2 165.5 165.7 168.6 176.8 182.8
11.3 32.9 38.1 53.3 63.1 71.8 92.5 90.1 87.9 83.4 74.4 64.8 63.6 60.8 57.9 57.5 59.3 59.7 59.4 57.8 56.4 55.3 53.9 50.6 52.8 55.1 51.2 52.4 59.3 66.5 73.7 80.6 75.2 84.4 90 93.8 93.5 98.2 102 105.6 106.6 102.5 102.1 104 111.6 113.4 119.4 126.7 130.8 142.9 146.8 148.6 151.6 156.2 159.2 162.2 166.9 168 167.6 172.8 175.4 171.4 168.5 165.9 163.1 165.8 168.4 170.2 169.7 166.7 162.9 159 153.9 158.9 164.3 172.1 180.7 184.2 187.2 187.8 188
20.1 34.3 43 56.1 64.2 76 92.9 91 91.1 87.2 83.3 75.2 67.1 63 61.1 61.8 63.5 64.4 66.3 63.1 62.7 60.2 56.6 53.4 56.1 54.8 50.8 51.9 58.2 67.6 76.8 83.9 82.8 84.9 90.7 93.7 92.1 94.6 100.2 103.6 100.1 99 105.2 113.3 120.9 128.2 132.6 134.3 135.8 135.5 143.6 147.4 150.6 154 157.2 160.3 164 165.1 166 168.8 171.2 171 168.3 165.2 159.6 162.1 166 167.8 166 163.4 161.4 160.4 159.3 164.2 170.2 181.2 190.4 190.9 189.4 189.2 190.7
27.6 36.2 47.5 57.2 66.1 82 88.6 88.9 89.4 89.1 86.5 82.6 77.5 68.2 63.9 65.5 68.9 72.4 72.8 70.5 68.5 61.3 58.5 57 53.6 51 50.3 53.8 60 69.5 80.3 87.1 86.6 81.1 88.2 91.5 90.8 90.1 95.7 98.1 95.3 103 105.3 109.4 118.5 124.4 130 137.1 141.6 140.5 136.4 139.8 148.5 150.8 154.4 158.4 161.4 162.4 165.3 167 171.2 170.2 167.2 164.1 158.8 159.6 163.1 165.3 160.8 160.7 162.1 164 169.5 172.2 179.8 187.1 189 190.1 189.5 190.4 191.1
33.1 37.2 49.7 58.2 68.4 81.4 84.9 85.1 84.6 84.4 81.9 81.5 79.5 70.8 66.9 68 73.3 75.7 77.4 73.4 67.8 63.7 60.1 57.1 58.8 54.6 53 56.8 62.8 73.4 84 89.2 89.1 89.9 90.2 90.2 86.9 88.8 89.9 94.4 102.9 112.8 116.9 116.8 119.2 123.5 129.1 141.2 147.3 150.5 148.7 141.2 145.9 147.6 150.3 153 155.7 158.5 161.7 165.2 169.2 166.9 163.9 161.3 157.6 156.4 159.2 158.5 158.7 162.3 169.1 175.6 181 176.5 181.2 184.4 185.4 189.5 190.4 191.1 192.3
33.4 40.3 49.9 59 71.1 79.5 81.5 81.6 79.7 78.3 77.8 78 76.5 72 70.3 73.1 75.6 77.9 78 73 69.4 64.9 62 59 60.4 59.1 57 65.7 66.8 77.3 88.4 90.9 91.1 92.1 92.4 91.8 92.1 93.4 95.9 99.8 107.5 119.2 123.5 123.5 123.1 124.4 131.2 145.1 152 155.7 153.3 146.9 142.5 144.6 144.3 147.1 151.1 155.8 158.8 162.2 163.4 160.9 158.9 160.8 159.4 155.7 153.9 157.2 164.5 173.5 180.9 181.6 181.4 181.7 182.5 184.4 185.8 189.4 190.4 191.8 193.6
34.1 43.7 52.4 61.1 72.5 82.2 82.4 78.6 77.1 74.2 74 74.4 74.3 73.6 73.8 75.4 77.6 79.2 76.7 72.2 68.5 65.5 63.4 63.5 62.7 64 67.6 76.7 78.7 87.6 92.1 92.5 93 93.8 94.5 93.7 93.8 94.6 96.3 102.6 111.3 124.6 129.4 129.6 129.5 129 133.5 146.9 153.9 155.7 152.3 146.8 145.9 144 144.3 145.2 151.7 155.2 155.7 158.4 156.7 155.8 157.8 159 160.8 154.7 153.2 158.9 167.6 176 180.2 181 181.6 183.7 185.6 185.6 187.8 190.8 191.9 193.5 195.3
36.7 45.8 53.5 61.8 73.4 83 75.2 68.1 69.2 72.6 72.3 72.8 74.4 74.7 75.9 77 77.9 77.6 74.6 71.5 68.4 67.6 67.2 67.3 64.3 69.9 75 81.2 85.7 91.2 93.9 93.7 95.4 98 98.6 96.4 95.7 96.9 95.7 103.4 116.6 129.8 135.6 137.1 136.5 135.5 136 144.1 151.6 153.9 150.6 148.6 149.5 150.1 149.9 146.7 150.6 151.9 153.6 155.7 153.2 153.6 157.9 161.1 157.7 153.2 154.1 159.9 167.8 174.8 178.4 180.4 182.4 184.4 185.7 185.1 187.9 189.8 191.2 193.5 196.1
38.1 45.9 53.5 62.9 73.9 76.5 67.3 66 64.8 69.6 70.4 74.1 76.2 75.7 77.8 79 79.2 78.1 76.8 74 71.3 74.8 72.9 70.2 67.4 74 80.6 85.2 89.6 94.5 94.6 95.1 98.9 102.6 103.9 101.1 98.5 105.4 98.6 106.9 121.2 134.1 144.2 145.5 144 141.6 140.8 144.1 149.7 151.5 151.4 151.3 152.2 153.8 155.4 153.8 148.7 153.2 153.2 153.2 153.2 153.2 159.4 158.6 153.4 153.2 156.4 165.2 172.3 175.5 177.6 179.7 181.8 184.4 184.7 184.7 186.8 188.5 190.9 193.4 196.3
38.9 46.3 55 64.5 77.6 68 66.3 65 64.9 65.3 69.2 73.4 77.3 77.4 78 79.2 80.5 80.4 80 83.2 84.7 85.4 80.9 73.8 68.9 78.1 83.7 88.7 92.4 95.2 95.6 97 101.8 107.3 110.4 107 108.4 106.1 99.8 112.6 126.3 139 149.6 150.7 149.4 148.1 148.6 149.8 149.4 151.7 153.1 153.9 154.6 157.1 158.9 153.5 153.2 153.2 153.2 153.2 153.2 155.6 159.2 155 153.2 153.2 158.5 167.7 173.4 176.3 178 179.5 180.9 182.4 183.7 184.6 186.7 190.4 194.8 196.4 198.2
38.8 45.9 55.7 66.1 70.6 66.6 65.3 64 61.3 62.9 66.1 71.4 75.5 78.5 79.8 81.8 86.2 84 87.9 88.1 91.7 91 85.8 77.2 72.5 74.9 84.7 91.4 95.5 96.2 96.6 99.2 106.3 113.2 116.2 113.5 114.6 114.1 107.5 119.5 132.6 144.3 155.2 156.7 156.1 156.2 154.8 155.9 157.3 155.7 156.4 159.4 164.1 163.6 157 153.2 153.2 153.2 153.2 153.2 153.2 154.6 155.5 153.2 153.2 153.2 160.1 167.9 174 177.4 179.6 180.3 182.4 185 186.1 185.5 189.7 194.1 197.4 199.2 202.8
40.4 49 56.2 64.1 64.7 65.3 64.1 59.5 59.8 63 66.3 70.2 73.8 77 80.3 82.3 84.1 86.6 98.6 91.8 95.6 96.5 94.8 85.8 76.5 82.7 89.4 89.7 97.3 97.5 98.6 101.9 110.2 118.3 121.9 119.4 120.5 121.2 115.2 123.8 137.4 150.2 161.7 162.8 162.6 161.7 160.2 160.7 162.7 164.6 163.3 164.2 165.7 163.3 153.2 153.2 153.2 153.2 153.2 153.2 155.4 153.2 153.2 153.2 153.2 153.2 163.3 169.9 175.4 176.6 179.1 180.1 184.2 182.7 184.3 184.7 190 192.9 196.8 201 205.2
41.2 50.3 55.1 60.4 59.8 59 58.6 59 62.1 63.5 65.7 69.3 72.8 75.8 78.4 80.7 82.4 91.9 100.9 94.7 98.5 101.7 102.1 95.4 84 84.9 92 97.5 97.6 99.8 102.3 108.1 116.6 124.1 128.4 126 125.4 128.7 127.7 133.1 141.6 157.1 169.5 168.8 168.3 166.7 165.4 165.3 167.1 168.6 170.1 168.5 163.8 156.9 153.2 153.2 153.2 153.2 153.2 153.2 155.3 153.2 153.2 153.2 153.2 154.2 164.4 170 174.3 175.2 177.1 179.4 180.4 179.5 183 189.6 193.4 196.7 194.5 201.1 206.8
