webserver/python/data/NS35.asc
ncols 200
nrows 200
xllcorner 230000
yllcorner 650000
cellsize 50
[rows 72 to 107 of 200, columns 82 to 163 of 200]
35.1 32.1 30.7 29.9 29.8 29.8 28.1 28.4 28.8 29.2 30 30.1 30.3 30.5 30.7 30.9 29.4 36.7 41.6 44.8 50.1 54.8 55.7 54.2 52.6 53.5 55.1 57.6 61.4 65.2 64.4 66.8 70.5 72.9 75.8 78.9 82.1 89.9 96 94.3 93 92 95.7 98.3 99.4 109.6 116.8 117.1 108.4 110.8 115.7 115.1 109.3 115.2 121.6 127.5 131.4 127.9 125.3 131.3 133.2 132.7 130.7 127.3 129 144.1 161.5 168.6 173.5 177.6 183.1 190 192.3 191.7 190.1 179.4 166.7 157.2 141.2 140.9 149.1 153.4
32.7 31.1 30.1 29.6 28.7 28.2 29.4 30 29.5 29.6 30 30.3 30.7 31 31.1 30 33.7 38.7 42.8 48.2 53.8 56.7 56.9 55.5 54.1 55 56.7 61.1 65.3 69 69 70.5 71.8 73.6 77.3 81.1 86.5 94.6 96.8 94.5 91.8 94.6 97.7 98.5 106.3 115.7 119.3 112.4 111.4 115.2 118.5 108.1 112.8 118.7 123.1 127.8 130.4 126.6 121.8 126.9 134.1 130.7 127.2 127.2 133.1 153.6 167.1 173.7 178.9 183.6 189.7 196.5 200 199 195.5 184 174 164.3 147.1 145.2 149.3 152.6
31.3 30.3 30.1 30 29 28 28.8 30 30.1 30.2 31.4 30.6 31 31.4 32 30.1 35.2 41.6 47.6 52.8 55.8 56.8 56 53.8 52.7 55.6 59.1 62.8 68.5 70.6 71.4 72.9 74 75.5 80.3 84.3 91.2 98.4 100.3 93.7 91.7 94.9 98.4 101.9 111.6 116.5 112.9 113.1 118.4 123.5 111.8 111.4 116.9 120.3 123.8 127.3 129.8 119.6 124.8 128.3 130.9 128.8 126.1 129 138.2 159.3 171.2 178.5 183.5 188.5 193.5 199 200 199.4 194.7 184.4 177.8 162.3 144.3 143.7 147.4 150
30.6 29.9 29.4 29.3 28.5 28.4 29.1 29.9 30.7 30.5 30.6 31.2 31.7 32.2 30.6 33 37.7 43.8 50.6 54.3 56.5 56.1 52.9 52 53.5 57.1 60.7 64.7 69.4 71.9 73.6 75.2 76.7 78.5 83.4 89.6 95 100.3 97 92.5 92.4 97.6 98.3 104.9 113.6 116.5 112.1 115.2 123.6 127.3 111.8 116.8 118.7 120.8 124 126.9 125.2 122.5 129.3 133.2 126.9 127.2 126.3 132.7 142.4 162.7 177.4 182.8 187.1 190.8 194.8 199 199.2 198.1 189.9 182.7 170.5 150.4 150.3 152.2 153.4 151.9
30.3 29.6 28.9 28.2 28.2 28.8 29.5 30.2 31 31.5 31.1 31.7 32.2 32.8 30.5 38.4 41.5 45.8 52.3 55 55.7 53.6 51.7 52.1 54.9 59 62.5 66.1 70.5 73.2 75.2 77.1 79.1 81.5 85.9 90.3 95.8 100.4 95.7 92.9 93.6 95.8 98.7 108 115 113 112.2 118.4 125.2 118.5 115.4 117.5 118.2 120.9 123.9 126 116.8 123.6 135.1 135.5 131.7 128.2 128.6 137.9 147 164.8 178.8 184.3 188 191.2 195.5 197.7 196.9 192.4 183.6 173.1 157.6 157.6 163.6 158.1 156.7 155
29.9 29.2 28.5 27.9 28.8 29.4 30.1 30.7 31.3 31.8 32.2 32.2 32.8 33.3 31.6 41.4 43.1 46.6 52 55.1 53.7 51.8 51.9 53.2 56.7 60.2 62.8 67.3 72 74.1 75.8 77.8 79.7 84.3 87.8 93.4 98.2 97.7 93.2 93 94.2 96.9 100.1 110.7 113.6 111.8 114.7 121.7 124.7 110.9 114.8 115.2 115.5 119.5 123.6 120.8 118.4 126.8 137 138.5 135.9 131.5 132.1 141.4 150 163.4 177.1 184.4 188 190.6 193.7 193.8 192 188.2 176.5 161.6 160.5 164.7 165.7 162.5 161.5 158.6
29.5 30 29.1 28.5 29.5 30.3 31 31.6 31.5 31.9 32.5 33 33.3 33 32.9 38.5 42.4 47.8 52.2 54.1 52.6 50.1 51.3 55.9 59.7 61.9 64.1 68.8 73.1 75.1 76.4 78.4 81 85.8 89.7 94.6 97.5 95.5 91.9 92 94.4 97.5 101.9 108.2 112 114.8 119.3 122.7 117.7 110.8 112.6 111.1 112.7 112.9 116.6 124 127 135 139.5 141.5 142.5 139.7 135.5 143.5 151.3 163.8 176.8 184.1 187 189.5 190.5 191 190.9 182.4 167.3 160.6 163.8 166.7 171.9 166.5 163.3 160.2
29.5 28.4 28.5 29.3 30.1 31 31.9 31.9 31.8 31.9 32.5 33 33.7 37.5 34.9 37.6 42.5 48.4 52 52.8 50.8 48.6 52.6 57.7 62.1 64.3 66.4 70.9 73.9 76.2 77.2 79 82.5 86.8 90.5 94.5 95.9 94.5 91.6 91.3 93.7 96.5 104.9 109.9 111.7 115.9 119.3 119.1 117.5 111 110.3 108.7 116.1 121.4 123.4 126.4 130.6 136.7 139.9 142.2 144 142.1 137.2 145.4 153.7 166.3 177.4 182.4 185.3 186.7 187.7 188.9 191.4 171.8 163.3 163.7 167.1 174.8 173 166.3 164.6 161.4
29.3 28.7 29.7 30.3 30.9 31.7 31.4 32 32.2 32 32.5 33.2 36.4 39.6 36.2 37 43.6 49 51.5 50.7 49.5 49.3 52.8 58.2 63.1 66.5 68.7 71.8 74.8 77.4 78.5 80.1 83.9 87.7 91 93.7 94.3 93.8 92.2 91.3 93.3 97.8 103.3 108.7 110.9 115.3 117.1 116.5 114.5 109.1 109.5 114.4 116.3 117.5 122.1 125.7 131.3 136 139.2 142.1 143.9 143.8 142.2 147.7 156 166.9 174 176.6 180.5 184.1 185.5 187.2 183.4 172.3 167.2 168.9 169.7 174.4 170 167.7 166.8 165.6
30.2 28.8 30.4 30.7 30.9 32.2 31 31.9 32.1 32.2 32.8 34.9 38.4 41.6 39.2 41 45.9 49.4 49.7 48.4 48.3 50.7 54 59.5 64.2 68.1 70.4 73.1 75.9 78.5 79.8 82.1 85 88 90.9 93.1 93.8 92.9 92.6 91.3 94.7 100.4 103.9 107.1 110.2 114 113.4 111.8 108.9 101.8 108.4 115.7 114.7 117.3 119.7 125 132 136.6 139.2 141.3 142.6 144 145.7 149.1 155.9 164.9 169.9 172.3 174.6 178.6 181.9 183.9 183.6 172.3 171.6 169.9 169.9 173.1 169.3 168.9 167.6 164.8
28.8 29.3 30.6 31.4 32 33.1 31.2 31.9 32.9 33.6 33.3 41.2 45.3 43.6 42.6 36.5 43.9 48.1 47.6 46.8 48.8 51.8 55.4 61.4 65.8 69.3 71.9 74.7 77.1 78.9 80.8 83.1 85.8 88.6 91 91.6 91.5 91.9 93.6 91.6 95.5 100 103.6 106.3 109.1 110 107.5 103.4 101.8 96.9 108.2 114.1 116.1 117.8 119.1 124.6 130.3 134 137.5 139.7 141.6 143.8 147.2 150.8 157.2 163.5 170.6 172.9 174.4 175.3 177 178 176.8 178.9 177.9 173.8 169.9 170.2 169.3 168 167 156.4
28.8 29.7 30.9 31.9 34.9 37.8 37.5 35.8 33.2 33.5 34.7 45.2 49.3 44.8 45.2 44.8 38.3 45.5 43.5 49.5 51.7 54.4 58.6 63.6 67.6 70.7 73.5 75.9 78.1 79.9 81.6 84.2 87 89.5 91.6 90.8 90.8 89.9 90.2 91.7 96.6 100 103 104.6 105.7 103.9 99.2 93.4 93.5 96.3 104.6 112.2 115.8 115.6 117.2 121.9 127.5 131.3 134.3 137.8 140.5 143.9 147.7 153.2 160.1 172.4 177 175.6 174.4 175.1 170.5 172.2 176.3 177.1 177.5 172.7 168.1 165.7 165.3 163.5 154.8 149.3
29.3 30.3 31.4 33.4 39.1 41.1 42.5 42.3 37.5 34.4 39.5 50.2 51.3 45.5 46.7 41.6 39.4 42.8 46.8 49 53.6 57 61.3 65.4 68.9 71.9 74.8 76.4 79 80.8 83 85.5 87.1 88.9 90.7 90.1 88.1 89.3 91.2 90.3 95.4 99.9 101.1 101.6 99.5 95.5 92.6 92.8 93.3 93.7 104.2 112.5 114.5 113.9 115.4 119.3 123.6 126.9 131.4 136.3 140.1 144.6 148.1 154.1 164.9 175.3 173.4 169.5 164.6 162.3 162.8 167.4 167.8 168.9 167.6 166 163.4 161.1 158.4 153 149.3 149.3
30.1 31.3 32.3 37.4 40.9 43.4 45.4 43.3 38.7 34 44 54.4 52.2 46.1 47.5 44.8 40.9 45.8 48.4 51.1 54.1 57.2 61.6 67 70 73 75.7 76.9 78.9 81 83.8 86.6 88 88.7 89.4 88.3 87.7 89.7 92 92.4 93.9 98.5 99.5 96.7 92 89.4 94.2 97.6 106 110.9 111.1 112 112.7 113.9 115.4 117.8 119.7 122.6 127.6 135 141.7 146 149 154.3 165.6 164.5 156.8 155.4 157.1 161.8 158.6 155.4 154.9 157.7 156.6 157.8 157.8 156 153.4 149.3 149.3 149.3
31.3 32.2 38.1 40.6 40.8 45.7 46.8 44.5 40 36 45.9 44.2 44.5 46.9 48.5 48.4 45.7 44 50.5 53.2 57.4 60.8 64.9 67.9 70.9 74.2 76.5 77.5 78.9 81.1 83.5 86.9 88.5 88.7 87.8 86.7 87.5 89.5 91.1 91.8 92.4 95.2 96.1 93.3 94.6 96.3 96.2 97.9 111.4 115.5 120.1 114.2 113.4 117.4 119.7 122.3 124.3 125.8 129.9 133.1 140.9 147.8 151.7 154 158.6 157.9 155.1 154.7 156.2 155.9 154.2 154.5 154.6 154.2 154.2 155.7 154.5 152.9 151.6 155 156.3 151.4
32 33.9 39.2 43.5 46.7 47.2 46.9 45.7 42 38.1 40.6 42.6 44.6 47 49.2 48.6 48.1 43.8 48.9 55.5 59.8 63.5 66.1 69.1 71.8 74.8 77.1 78.1 79 81.2 83.4 86.7 87.4 87.8 86.9 87.1 87.9 89.7 91.9 92.4 92.6 92 90.8 92.1 93.5 92.9 96.3 95.4 93.4 94.9 117.7 123.6 122.1 125.6 130.1 133.4 136.8 138.5 143.6 142.8 146 149.9 153.1 155.8 158.1 158.3 155.5 159.7 161.6 160 159.8 159.6 156.8 156 156.2 156.4 153.1 152.1 155.7 161.1 164.1 163.8
32.4 32.2 41.5 44.9 43.3 40.7 46.5 46.5 44.5 42.8 37.2 42.9 44.5 46.8 49.1 49 49 51.4 49.4 52.9 60.2 64.9 68 70.6 72.4 74.3 77.1 78.3 79.5 81.2 83.5 86.5 86.2 87.2 86.2 88.1 88.8 90 92 93.4 90.7 88.3 85.5 90.4 93.1 93.5 98.7 95.6 95.3 94 93.3 123 124.9 124.2 135.6 139.7 138.6 147.8 150.9 153.4 151.2 154.2 156.8 157.3 160.6 160.8 162.6 159.9 161.6 162 168.2 165.3 159.9 155.6 157.3 156.4 153.4 154.9 162.9 168.4 172.3 172.3
36.6 40.5 34.2 40.2 44.2 44.6 46.9 48.2 47.9 46.6 42.9 41.6 45 46.7 48.6 49.4 50.4 53.9 54.7 51.7 52.9 55.8 65.5 71.3 72 73.7 76.1 77.6 79.5 82.2 84.1 85 85.3 83.9 83.3 88.6 90.4 92.2 91.9 92.8 89.2 85.6 88.1 95.8 94.5 93.9 95 95.1 103.7 98.9 94.6 109.6 138.2 140.6 139.5 143 157.3 162.7 152.8 161.3 157.5 159.7 163.2 164.8 165.6 162.8 157.8 158.6 161.9 162.7 169.4 164 159.3 157.5 159.6 157.3 156.8 163.7 172.8 174.2 180.2 186.2
41.3 45.6 46.3 39.5 40 44.8 51.8 53 51.9 48.3 45.7 41.5 47.1 49.4 49.6 50 52.2 54.8 57.5 51 58.1 55.6 55.1 58.2 60.4 65 72.1 75 78 80.4 80.3 83.2 80.6 80 77.7 88.3 91.9 92.2 90.4 89.3 86.7 88.4 90.9 106.8 93.8 95.6 103.5 94.6 96.9 100.2 102.4 139.3 140.1 142.8 152.6 161.9 170.8 178 174.1 167.5 162.3 164.7 172.1 180 182.2 169.5 164 164.5 169.5 176 178 175.1 170.7 166.8 169 162.9 164.9 178.1 182.8 185.6 184.5 193.5
43.2 45.4 51.3 44.5 40.9 47.5 54.5 56.3 53.9 50 46.9 39.6 50.1 52.7 52.7 52.9 55.2 57.4 60.4 64.9 66.8 63 62 63.4 68.1 72.2 69.9 67.2 69.5 76.1 82.3 85.8 84.7 84.2 84 85.3 92.1 92.3 88.7 86.4 85.3 89.9 99.6 99.6 94.8 95.8 108.6 116.5 93.9 96.3 94.5 137.4 141.5 153.7 168.8 174.6 177.2 178.9 173.5 166.6 164.2 178.7 188.9 194.2 194.5 189.4 181.3 182.4 185.5 191.6 195.3 194.3 188.4 177.8 174.7 169.7 171.7 182.9 188.4 191.4 193 194.8
46.1 47.9 51.1 43.5 43.7 51.6 57.4 57.7 55.7 51.9 48.3 44.6 51.5 54.5 55.3 56.1 57.8 60.2 64.1 69 71.7 69.9 70.3 73.9 74.9 80.2 81.5 85 86.8 87.6 90.1 92.4 96.6 95.2 89 83 93.1 91.9 87 85.8 86.7 97.2 107.2 93.7 94.7 94.5 94.6 95.1 109.4 93.4 113.2 149.8 153.3 160.7 177.1 180 181.6 178.6 168.8 164.6 166.2 186 196.9 196.3 199.6 203.9 200.5 201.5 203.4 203.3 203.1 201.1 196.2 188.5 179.3 176.5 178.3 187.3 190.9 193.5 195.7 195.9
51 51.9 55.2 46 47 55.8 58.7 58.5 56.7 53.9 48.5 50.7 54.5 56.6 57.4 58.5 60.3 62.9 67.9 72.8 77.2 76.7 76.5 79.1 79.2 86 88.5 92.6 93.7 93.7 100.6 101.3 99.5 100.3 98.6 88.6 90.6 89.7 86.2 85.3 91.3 102.3 115.8 93.2 94.9 95.3 95.2 94.6 102.4 114.5 144.5 150.8 153.2 173 179.4 179.1 178 170.1 165 165.1 166.8 183.2 193.6 195.2 204.7 209.7 208.9 206.9 208.3 205.5 205.4 203.6 199.4 193 188.9 187.9 192.5 194.5 194.4 197.3 201.5 200.2
59.2 58.5 57 48.6 51 57.2 59.9 58.8 56.9 54 46.6 53.2 57.4 58.9 60 60.9 63.9 68.8 72.8 76.9 80.7 81.1 82.7 83.9 82.8 89.7 92 95.8 95.2 97.5 103.5 105.6 100.2 99.9 98.1 87.8 83.7 88.1 85.8 86.6 98 108.3 122.9 106.4 94.2 96 94.2 93.8 103.4 113.2 140.4 150.2 164.9 167.2 176.4 174.3 171.2 169.2 169.8 170.8 169.7 175.2 186.8 194.8 204.4 209.1 208.4 207 206.3 205.7 205.6 203.6 200.3 196.7 194.6 196.7 201.3 201.6 197.4 199.6 206.1 204.7
58 58.7 56.2 54 54.5 57.5 59.7 59 57.2 53.5 51.6 56.6 59.6 60.6 62 64.9 68.9 73.2 77.2 81.2 83.8 85.6 86.9 87.3 88.2 91.5 93.9 97.1 99.9 99.8 106.5 106.2 98.9 96 92.9 85.4 85.8 85.8 85.1 87.6 105 112.2 127.7 145 130.3 128.5 122.3 121.2 123.5 126.9 128.1 172.3 174.7 176.5 176.8 173.4 171.2 173.3 178.4 177 172.6 173.3 183.7 193.7 202.1 206.2 206.3 202.9 202 203.1 203.2 200.4 199.5 198 199.4 202.8 204.9 203.2 200.8 202.1 207.8 207.4
56.7 58 56.7 56.2 56.1 57.9 59.6 58.7 57.7 53.1 54.5 60 61.7 62.4 64.9 69.9 72.5 76.8 80.7 84.3 86.5 88.6 89.7 91.3 91.8 93.5 95.9 99.9 100.9 102.6 108.8 117.6 100 94.4 90.4 86.2 85.1 85.1 87.2 96.4 109 115.7 131.7 150.4 157.5 157 158.2 160.7 165.2 166.2 168.5 171.5 175.4 175.7 174.4 171.4 171.3 176.3 181.8 178.2 172.6 172.2 181.4 191.5 199.8 205.5 206.5 206.5 201.7 199.8 197.4 195.9 197.4 201.1 204.1 205.2 205.6 205.3 204 205.3 208.6 210.4
57.2 57.5 57.2 56.7 56.6 57.9 59.3 58.7 58 53.8 56.4 60.9 63.5 63.9 66.9 72.4 75.7 79.4 83.5 86.7 88.8 91.6 92.1 93.1 95.8 96.7 98.5 101.5 101.7 106.2 113.1 119.3 99.1 94.5 88.5 85.9 84.5 86.8 90.6 103.6 109 119.7 134 151.8 158.6 154.2 153.7 156.4 159.3 163 166 168.4 170.7 171.4 170.2 166.8 169.6 176.1 180.5 174.5 169.7 169.8 179 188.4 195.6 200.9 203.7 203.3 199.4 194.8 193.1 193.4 197.2 202.8 205.4 205.6 205.9 207.5 206.2 206.7 208.7 210.5
58.3 56.4 56.2 55.7 55.2 57.1 58.9 58.8 58.1 53.7 58 62.5 65.1 65.7 69.3 74.8 78.4 82.1 86.1 88.7 91 92.6 94.1 95.1 97.3 102.7 101.9 104.2 103.7 109 116.1 114.8 97.5 96.2 86.2 86.6 87.6 88.4 93.1 100.3 111.4 122.5 134.6 147.9 154.8 150 149.3 151.4 154.6 157.6 160.3 162.9 164.5 164.3 161.6 163.3 170.3 176.8 178.9 172.2 166 166.3 175.1 183.5 189.8 194.4 196.6 195.5 192.3 189.6 189.7 191.2 195.9 204.2 205.5 205.5 207.3 208.1 208.8 206.9 208.3 209.7
57.7 54.7 54 53.2 54 56 58 58.4 58.9 56.1 59.6 63.5 66.7 67.7 71.7 76.9 80.6 84.4 87.8 90.6 92.9 93.7 95.1 97 99.5 101.9 103.8 106.7 105.1 109.5 115.7 108.9 98.7 91.7 86.3 88.2 89.6 92.9 92.6 107.9 112.6 123.3 133.7 143.1 146.2 147.7 146.9 147.1 148.9 151.5 154.7 156.5 157.3 158.4 161.7 165.9 173.4 175.5 173.7 170.7 164.7 161.1 170.2 177.9 183.7 187.6 190.1 189.3 186.4 184.9 184.5 188.1 193.5 202.1 202.8 203.9 206 205.1 204.4 204.4 206.7 203.8
55.6 53.1 51.9 51.7 51.9 53.7 55.2 56.1 57 59.4 61.2 64.4 67.5 69.6 73.8 79.5 83.2 86.7 89.6 92.2 94 94.9 96.8 98.8 102.1 103.7 104.6 108.3 110.2 108 114.9 113.4 99 91.5 85.1 88.8 92.9 99.7 96.9 113.3 113.9 123.3 136 145.8 149.8 154.3 156.1 153.9 153.4 156.7 155.7 154.7 154.7 157.4 160.6 167 174 176.5 173.4 171.7 168.3 158 164.5 171.9 176.9 180.8 183.5 183.2 181.7 180.1 180 184.8 191.7 198.5 200.5 201.9 202.6 202.5 202 201.6 201.1 198.3
53.3 50.7 50.6 50.6 52.7 55.2 56.9 57.1 57.3 59.3 62.3 65.5 68.7 71.4 75.6 80.9 84.6 87.6 91 93.3 95.1 96.6 98.4 102.5 105.3 106.4 105.9 109.5 111.4 107.9 114.4 115 98.7 90.1 85.4 89.4 95.3 101.9 101.9 113.7 119 124.8 136.3 148.1 153.2 155.6 157.3 162.3 166.9 166.7 161.7 161.6 162.7 162.5 167.9 168.6 171.8 175.4 176.3 179.8 168.1 156.2 159.3 166.1 171.7 175.1 176.4 176.7 176.1 174.7 176.7 182.8 190.9 195.5 197.3 198.7 200 199.7 198.5 197.8 195.5 192.1
51 49.8 49.7 51 53.6 56.1 57.6 57.8 58.3 59.8 63.3 66.6 69.9 73.7 77.5 82.4 86.6 88.8 91.2 93.9 96.4 98 101.1 105 107.4 106.3 107.3 109.6 111.6 112.2 113.4 113.2 97.8 89.2 86 91.1 96.1 102.6 108.9 122.5 122.5 126.6 135.3 145.1 150.7 153.4 156.5 166.9 170.4 167.6 167.4 166.5 169.4 176.8 175.2 172.1 168.8 172.5 183.1 176.5 165.2 151.9 155.3 161.3 165.9 170.1 170.4 170 169.4 168.9 174.8 182.1 189.1 191.8 193.4 196.2 197.2 196.2 194.4 192.2 189.5 185.3
49.2 49 49.1 52 54.5 56.8 57 57 57.9 60 64.7 68.1 71.9 75.6 79.7 84.4 87.6 89.9 92 94.7 97 99.2 102.7 106.6 106.8 106.1 108 110.4 112.5 113.5 113.3 110.5 97.7 89.1 86.1 91.5 96.8 103.3 116 122.7 122.3 126.1 134.1 144.3 149.2 152.2 156.7 163.9 167.5 165.9 164.7 169.2 174.3 180.1 180.5 173.8 169 170.2 177.3 171.6 159.6 147.9 152.1 157.9 162.4 165.2 164.2 163.4 162.8 165.4 172.4 179.8 184.5 186.8 189.4 192 193.3 190.6 187.9 185.1 181.4 178.3
48.3 48.4 50.7 53.6 54.8 55.9 55.8 56.5 57.9 60.4 65 69.3 72.6 75.6 80.3 84.8 87.6 90.5 92.9 95.4 97.6 99.9 104.1 107 106.8 106.3 107.7 110.2 112.5 113.3 113.8 113.2 100.4 89.5 87.1 89.4 93.1 98.6 117.8 119.8 121.1 124 133.2 143.2 148.6 152.7 156.6 161.7 163.8 163.2 162.7 169.1 174.7 179.3 179.1 175.2 172.9 172 171.7 162.9 153.1 145.8 149 154.8 158.1 159.2 158.1 157 160.2 164.4 169.9 176.1 179.1 181.8 184.9 187.5 187.6 185.1 181.5 178.2 175.7 173.6
48.1 48.4 51.7 54.6 55 54.7 54.9 55.7 58.4 61.9 65.8 69.5 73.6 77.1 81.7 87 88.9 91.4 93.7 96 98.2 101.2 103.8 105.8 107 106.5 107.3 109.8 111.7 112.7 113.9 116 110 91.7 89.3 91.8 97.9 105.1 116.8 117.8 119.1 122.2 132.6 141.7 146.5 150.8 154.7 158.6 161.1 160.9 160.4 167.3 171.9 174.4 175.4 172.8 170.9 168.8 161.9 153.5 146.8 141.9 143.5 150.9 154.6 154.6 153 152.2 156.4 161.7 167.5 172 174.4 177.2 180.1 181.3 182.2 180.6 175.6 172.9 171.8 171.3
46.9 48.7 52.9 53.9 53.9 53.7 54.3 55.6 59.7 64.9 68.6 71.8 73.9 76.8 82.5 87.6 89.6 91.6 93.9 96.2 98.8 101.7 104.1 105.2 106.3 106.7 107 109.4 110.9 112.1 114.6 116 115.8 94.9 106.1 107.6 106.8 109.8 114.8 115.4 117.1 120.5 131.1 138.9 144 148.2 151.7 155.2 157.7 159 158.5 164.7 168.2 170 169.6 168.2 165.5 161.4 153.8 146.8 141.8 138.3 141.3 146.4 150.2 150.3 148.8 148.1 153.2 159 164.3 166.8 172.3 176.7 179.1 179.5 179.7 174.6 169.9 170.1 170.9 170.7
45.9 48.5 53.1 52.9 52.8 53.4 54.2 56 60.7 66.1 70.3 73.1 75.1 78.9 84.5 88.1 90.3 92.2 94.2 96.8 99.7 102.5 103.9 105.2 107.1 107.8 107.1 109.3 111.4 113.2 115 115.6 110.2 107.3 108.1 108.9 108.8 110.4 112.4 113 115 120.1 128.2 135.8 140.7 145.4 148.9 152 154.7 155.9 155.7 160.5 164.1 165.3 164.6 163 160.1 155 148.5 142.1 137 136.1 139.8 142.5 146.1 146.1 145 145.8 151.4 158.1 163 168.3 173.5 176.3 177.2 176 175.4 171.5 169.6 170 170.9 171.1
