webserver/python/data/NS36.asc
ncols 200
nrows 200
xllcorner 230000
yllcorner 660000
cellsize 50
[rows 70 to 104 of 200, columns 0 to 78 of 200]
302.2 297.3 294.6 292 289.5 287.2 285 284.3 283.6 281.8 279.8 277.3 274.1 271 268.3 265.5 262.7 260.1 259 257.1 255.4 254.1 254.1 254.6 253.7 252.1 249.3 245.7 241.5 238.8 235.2 233.2 231.3 228.8 225.9 223.2 220 217.2 214.5 210.3 206.5 204.6 202.3 199.7 193.4 188.2 185.7 183.8 181.5 179 177.1 174.5 172.1 170 167.3 164.8 162.5 160.5 158.8 155.7 152.3 148.2 147.2 143.7 141.8 140.1 138.9 135.8 133.4 131.8 129.9 127.5 125.8 123.9 121.9 123.7 121.6 119.2 117.5
298.1 294.9 292.5 290.6 288.8 286.9 285.9 285.1 284.7 282.5 280.1 277.8 275.3 271.2 268.2 265.9 263.6 261.3 259.1 257.3 255.4 255.1 256.1 256.7 256.5 255.1 253.2 249.4 245.3 240.1 236.3 233.6 231.2 228.5 225.2 222 219.4 217 214.2 211.3 208.5 204.5 203 199.2 192.8 188.6 186.2 183.5 180.8 178.5 175.5 173.8 172.1 170.4 167.7 163.3 161 159 157.1 154.4 150.9 146.8 144.2 143.6 141.9 140.4 139.6 138.7 136.2 134.6 133.1 131.4 129.7 128.2 127 125.5 123.8 122.4 120.6
293.7 290.9 289.3 287.6 286.7 286.1 285.4 285 284 281.9 279.3 276.9 274.4 271.8 267.7 265.3 263 260.7 258.5 256.9 255.2 256.8 257.9 258.7 258.9 258.6 257.7 253.4 248.3 242 237.9 233.9 231.1 228 224.7 221.4 218.1 215.4 212.9 210.2 208.1 204.7 202.9 198.8 192.8 189.8 186.3 183.2 180.2 178.5 174.3 171.9 170.2 168.3 165 161.9 159.6 157.5 155.5 153.1 149.3 146.9 146.1 144.5 142.5 141.3 140.5 140.6 140 138.2 137 135.4 133.7 132.3 132.3 131.6 129.3 126.7 122.1
289.2 286.7 285.6 285.3 284.8 284.1 284 283.8 282.6 281 278.4 275.8 273.3 270.8 268.2 264.8 262.5 260.2 258 255.9 257 258.2 259.3 259.4 260.5 261.5 263.8 258.3 251.9 245.6 239.4 235.1 230.9 227 223.8 220.6 217.4 214.2 212.4 210.6 209.4 205.9 203.6 199.4 194.6 191.4 188 184 180.7 178 174.6 170.1 168.4 165.8 163.5 160.9 157.8 155.9 154.5 152.4 151.4 149.6 147.8 145.9 144.6 143.4 143.1 143.1 142.7 141.5 140.8 139.4 137.8 136.5 136.5 134.1 133 131 125.7
285.6 283.3 282.3 281.8 281.8 281.7 281.4 281.1 280.3 278.5 277 274.6 272.2 269.7 267.2 264.7 261.9 259.7 258 257 259.2 260.4 260.3 260.3 261.2 262 263.4 258.5 251.7 246.1 239.6 235 230.7 226.6 222.7 219.5 216.6 213.9 212.6 211.3 209.8 206.2 204.3 199.5 196.6 193.3 189.7 186.1 182.3 179.1 174.4 169.9 166.7 164.5 162.1 159.8 157.6 157.4 156.6 156.1 155 153.2 151 149.4 148.1 146.8 146.3 146.7 146.4 145.9 144.7 143.4 142.1 140.7 139.4 136.9 134.8 130.9 130.2
283.1 281.7 281.3 281.1 280.3 279.2 279.9 280.6 277.7 275.9 274.4 273.7 271.2 268.7 266.2 263.7 261.6 259.9 258.3 258.4 260.8 261.8 261.7 261.4 261.1 261.1 259.4 256 251 246.3 240.5 235.7 230.8 226.3 222.3 219.1 216.3 213.6 212.5 211.4 210.3 206.9 204.4 199.4 196.3 193.7 189.7 186 182.3 178.3 173.6 169.1 165.4 163 160.7 159.8 159.5 160.6 159.9 159.5 158.5 157.1 154.8 153 151.7 150.4 150.3 151.5 150.8 150.3 149.7 148.3 147.1 145.9 143.6 140.6 137.6 135.8 136.2
284.4 282.9 283.4 283.2 281.5 280.2 279.7 278.4 275.8 273.9 272.6 271.7 270.4 267.9 265.6 263.3 261.2 259.4 258.2 258.7 260.7 261.6 261.6 261.2 260 258.7 256.9 254.2 250.6 246.5 241.5 236.4 231 226.5 222.8 219 215.6 213.1 211.1 210 208.5 205.7 203.3 199.5 196.2 193.1 189.3 185.9 182 177.6 172 166.6 163.8 163.1 162.7 163.8 163.9 164.6 164.4 164 162 160.2 158.5 156.6 155.4 154.5 155.1 156.5 156 155.3 154.7 154.4 153.5 151.9 149.5 145.9 140.7 142.7 142.5
284.5 284.9 285.2 284 283.2 282 279.7 276.6 273.9 272.1 270.9 269.9 269.2 267 264.9 262.7 260.8 258.9 258.5 258.2 259.2 260.3 260.5 259.9 258.4 256.9 255.1 252.6 250.1 246.1 241.1 235.7 230.5 226.7 222.3 217.9 214.7 212.6 210.5 208.6 206.7 204.4 202.1 199.2 195.3 191.8 187.4 183.9 180.7 174.8 167.5 166 166.8 166.3 167 167.8 168.5 168.5 168.1 167.2 165.6 163.8 161.9 161.6 159.7 158.3 159.1 161.1 161.4 160.8 161.9 162.1 162.8 160.2 156.4 151.9 143 148 146.5
288.5 287.1 287.1 286.6 285.5 284.2 282.3 281.2 278.1 274.3 270.5 269.6 267.3 265.3 263.1 260.7 258.8 257.6 257.1 256.8 257.8 258.4 257.7 256.8 255.1 253.4 251.5 249 246.6 243.4 238.7 234 230.1 225.7 221.3 217 214.1 211.9 209.7 207.8 205.7 204.8 203.1 199 194.5 190.5 186.9 182.9 175.8 170.7 170.7 169.7 170.2 170.6 172.2 173 172.6 171.9 171.2 170.7 169.3 167.4 166.1 164.8 163.7 162.1 163.2 164.9 167 168.4 168.2 167.1 167 165.1 162 155.5 151.2 149.6 150.9
291.6 289.3 289 288.5 287.7 286.2 285.2 286.9 283 278.4 274.2 269.8 265.9 263.5 261.1 258.6 257 256.2 255.6 255.5 255.5 254.9 254.3 252.7 251.6 249.9 248 245.6 243.2 240.4 235.7 232.1 228.5 224.8 220.5 216.3 213.5 211.2 208.9 207 206.2 204.5 202 198.2 194.3 190.7 184.3 178 176.3 176.6 175.7 175.3 175.3 176.1 177.7 176.8 176.3 175.5 174.8 175.1 173 170.7 168.6 167.2 166.2 167 167.6 168.9 170.1 171.4 170.8 169.7 167.9 164.4 161.1 156.9 156 156.1 154.2
293.2 291.1 290.1 289.1 289.1 289.4 289 289.7 286.6 281.7 276.8 272.4 267.4 263.8 261.1 258.8 257.4 255.9 255.2 253.5 252.4 251.9 250.7 248.2 247.1 245.8 244.4 242.1 239.7 237.3 233.8 230.4 226.8 223.3 219.6 215.8 212.6 208.3 205.8 203.7 202.5 201.4 199.4 195.8 189.8 183 180.9 183.9 184.5 183.1 182.3 182 181.8 181.7 182.5 180.7 180 179.2 178.8 178.7 176.1 174.3 172.6 172 170.8 170.4 171.5 172.2 173.1 173.7 171.9 170.2 166.9 162.3 158.9 156.7 161.4 159.2 157.3
293.9 291.2 290.4 289.7 289 288.3 288.8 287.1 286.4 284.1 278.1 272.5 268.4 265.3 262.4 259.5 258.7 258.1 257.4 255.6 253.3 250.9 248.4 245.6 242.9 241 239.6 237.4 235.1 233.8 231.5 228.2 225 221.1 215.9 212.8 207 206.2 204.9 203.6 201 198.4 195.4 190.3 190.4 193.4 193.9 193 190.9 190.2 188.9 188.6 188.5 188.1 188.2 187.1 186.9 186.4 185.4 183.7 181.4 179.4 178.2 177.3 176 175.3 174.8 174.6 174.8 174.5 172 169.2 169.2 168.6 162.5 161 160.5 158.9 157.5
292.7 291.2 290.4 289.6 288.7 288 286.4 284.5 283.1 280.3 275.4 271.5 268 265.1 263.1 262 260.7 259.7 259 257.5 255.9 253.6 250.4 247.1 244.3 240 235.2 232.8 230.9 228.9 226.6 222.6 219.2 216.3 213.3 212.1 211 211.7 208.7 206.8 204.3 200.1 195.8 195.1 196 198.8 198.6 197.8 197.4 196 195.1 195.2 194.7 193.7 194.1 194 193.2 192.3 190 188.1 185.7 183.2 182.4 181.1 180.6 179.6 178 176.4 175.3 175.2 172.8 173 173.8 170.2 175.2 172 166 160.9 157.4
292 291.2 290 288.8 287.7 286.5 284.6 282.6 280.4 277.8 274.4 271 268 266.1 264.7 264.7 263.5 261.7 261.8 260.2 258.7 255.8 252.7 248.9 245.8 241.7 238 234.9 232.1 229.2 226.6 225.8 223 220 218.1 217.4 215.6 213.5 210.8 207.8 202.3 199.3 199.1 199.8 201.3 201.7 202.1 201.5 201.3 200.8 199.7 199.5 199.1 199.2 198.5 197.7 196.8 195.6 193.6 191.5 189.4 187.4 186.1 184.2 181.7 180.2 179.3 178.4 176.7 175.1 172.9 174 175.2 171.8 177.8 173.2 168.2 163.3 158.7
291.3 290.1 288.9 287.7 286.4 284.8 282.8 280.9 279 276.8 273.6 271.1 269.5 268.1 267.9 266.9 265.5 264.9 265.1 263.4 261.6 258.1 254.9 251.1 247.3 243.4 238.7 235.7 233.2 231.2 229.8 227.8 225.2 223.4 220.7 217.6 215.4 212.4 209.8 205.9 203.1 203.4 202.4 203.7 204.5 204.8 205.1 205.1 204.7 204.2 203.8 203.3 203 202 201 200 199.7 198.7 196.7 194.7 192.5 189.4 186.7 184.4 182.6 181.1 179.7 179.4 176.1 174.6 173.8 174.6 175.5 172.6 178.2 174.3 169 163.9 160.4
289.8 288.6 287.4 286.1 284.8 283.3 281.3 279.6 277.9 275.7 274 272.3 270.5 269.2 268.8 268.2 266.9 267 267.3 266.1 264.1 260.8 257.1 253 248.9 244 239.3 236.4 233.9 231.8 229.3 226.8 224.4 222.2 219.9 217.3 214.4 210.9 208.9 208.5 208 207 206.8 207.5 207.7 207.9 208.2 208.7 208.2 207.8 207.3 206.3 205.2 204.2 203.3 202.3 201.8 201.3 199.4 197.6 194.4 191.3 188.4 185.5 184.1 182.5 180.8 178.6 176.4 176 175.3 175.5 176.2 173.2 173.6 171.4 167.6 165.8 162.6
288.3 287.1 285.8 284.4 283.1 281.7 280.1 278.7 276.8 275.2 273.6 272.1 270.9 270 269.6 269.1 268.3 268.6 268.7 268 266.1 263.4 259 254.4 248.9 244.3 239.8 236.3 233.4 230.9 228.3 225.6 223.2 220.8 217.9 215.7 213 212.3 211.6 212.5 211.4 210.4 210.6 211.2 211.3 210.9 211.2 211.8 211.5 210.3 209.2 208 206.9 206 205 204 203.3 202.8 200.8 198.2 195.8 192.9 190.1 187.2 184.9 182.9 181.5 179.4 177.6 178.3 177.9 177.1 177.9 175.4 172.7 169.4 167 166.9 164.8
286.8 285.4 284 282.7 281.3 280.1 279.2 277.8 276.1 275.1 273.5 271.6 270.1 269.2 268.4 268.3 268.3 268.9 268.9 268.1 266.1 262.6 257.7 252.7 247.9 243.2 238.7 235.3 232.7 230.1 226.9 223.7 220.7 218.9 218.4 217.9 215.7 215.3 214.8 215.5 214.7 213.8 214.3 214.8 215.3 214.9 214.6 213.9 213.1 212.1 210.9 209.8 208.7 207.7 206.7 205.9 205.3 203.9 202 199.7 197.5 194.9 191.5 188.7 185.4 183 182.7 181.5 181.7 183.4 180.9 179.1 179.2 177.1 173.9 170.2 167.2 167.1 166.3
285.4 283.8 282.2 280.8 279.4 278.2 277.5 276.8 275.5 274.1 272.1 270.2 269.4 268.5 267.3 266.8 267.4 268.4 268.2 267.8 264.7 260.7 256.1 251 246.7 242.1 238.5 234.1 230.3 227.4 225.4 225.8 225.5 223.3 221.4 219.6 218.7 218.5 217.6 218.8 218.8 217.6 218 218.5 219 218.9 217.7 215.9 214.6 213.6 212.6 211.5 210.4 209.2 208.6 208.8 207.8 205.7 203.3 200.9 199.8 197.4 193.3 189.8 186.3 184.3 184.2 184.1 186.1 186.4 183.8 181.7 179.9 176.9 174 170.9 167.5 170.5 171.9
283.7 282.4 280.8 279.3 277.7 276.3 275.7 275.1 274.2 272.7 270.6 269.3 268.5 267.7 267.3 266.6 265.3 263.3 264.5 262.3 260.6 257 252.6 248.9 242.7 238.7 234.8 232 231.3 230.3 229.8 228.7 227.5 225.8 223.8 221.6 222.1 221.2 221.1 223.3 222.7 221.7 222.1 222.5 222.8 221.9 220.1 218.2 216.6 214.9 213.8 212.7 211.1 210.2 209.6 209 208.1 206.3 203.9 202.1 200.9 198.2 195 190.5 187.2 186.9 186.5 187.3 188.7 190.2 187.8 184.8 180.5 176.4 172.9 170.9 173.7 178.5 173.3
281.6 281 279.4 277.8 277 276.2 274.5 273.4 272.7 271.6 269.6 270.7 270.8 270.9 270.8 269.6 268.1 265.4 261 257 253.9 252.2 248.7 243.3 239.3 237.7 237.8 237.4 234.8 233 232.2 231.4 230.3 229.1 227.6 225.9 225 224.3 225.2 226.8 226.3 225.7 226.1 225.9 225.4 224.4 223 220.5 217.9 215.8 214.7 213.3 211.2 209.8 209.2 208.4 207.6 206.8 204.5 203 201 197.8 195.7 191.1 189.9 189.8 190.2 191.3 191.5 192 193.2 189.2 183.1 178.8 179.4 181.4 183.2 178.3 173.4
279.4 278.9 278.1 277.5 276.9 276.8 275.5 273.4 272 271.5 272.3 273.6 274.6 274.5 274.5 272.7 269.6 265.9 261.6 257.7 253.8 249.8 245.4 245.2 245.2 243.8 242.1 239.8 237.7 236.6 235.7 234.9 233.9 233.6 231.5 229.8 228.9 228.8 228.7 229.5 229.5 229.2 228.9 228.7 228 226.8 226.5 223.6 219.8 216.8 215.4 213.3 211.3 209.7 208.7 207.9 207.1 206.2 205 203.1 201.1 198.2 194.7 193.8 193.3 193 193.2 194.5 194.1 192.6 192.4 190.1 186.5 186.5 186.4 188.2 182.8 178.2 174.2
276.2 276.6 277.2 277.4 278.9 279.9 277.4 274.5 273.9 273.3 274.1 276.3 277.8 277.3 277.6 276.4 271.8 266.3 261.4 257 253.8 249.5 249.3 250.8 251 248.5 245.6 242.8 241.7 240.7 239.6 238.8 238.5 237.6 235.5 233.8 232.7 232.2 231.8 231.6 231.8 231.6 231.7 230.5 229.1 228.5 227.3 224.9 220.9 217.2 215.1 213.3 211.5 210.2 208.3 207.2 206.3 205.3 204.4 202.9 201.1 198.4 197.4 196.9 196.6 196.5 196.2 196.9 196.1 194.9 196.4 193 189.6 189.6 188.8 187.5 183.1 179.7 175.5
274.2 275.4 277.3 279.1 280.8 281.8 280 276.4 275.9 275.5 275 277.5 279.2 279.2 281 281.3 273.7 267.8 261.1 256.3 253.3 252.8 253.5 254.1 253.5 252.3 249.2 246.6 245.5 245.3 245.4 244.2 243.5 241.4 239.1 237.2 235.3 234 233.5 233.1 233.4 233.6 232.9 231.7 230.1 229 227.3 225.2 221.2 216.3 214.6 213.6 212.4 210.3 208.1 206.9 205.9 204.4 203.4 202.4 200.6 198.7 199.5 200.3 200.2 200 199.9 199.1 197.7 196 196.8 199.6 198 193 190 187.6 183.8 178.8 175.7
270.4 273.1 277 279.4 281.2 281.5 280.1 278.5 276.7 275.8 274.9 277.7 280.4 281.8 281.8 280.1 273.9 266.4 261 257.7 255.3 255.6 256.6 257.4 256.8 255.7 254.9 251 250.7 250.4 249.6 248.3 246.7 243.8 242 240 238.1 236.4 235.3 234.8 234.9 235.3 234.4 233.2 230.4 228.9 227.2 225.8 222.8 218.4 216 214.8 213 210.1 208 206.7 205.8 204.6 203 201.2 200.4 200.7 201.6 203 204 204.3 202.2 200.8 200 198.4 198.4 199.8 197.6 193.1 190 187.5 182.8 177.7 174
270.8 272 275.9 279.8 281.7 281.7 280.1 278.6 276.4 275.3 275.1 276.7 279.3 279.1 278.2 276.6 272.5 265.7 262.3 259.7 257.3 258.3 259.6 260.5 260 260.2 259.6 257 255.8 254.2 252.2 251.4 249.7 247.1 244.1 242.9 240.9 239.2 237.7 236.6 236.4 236.8 235.8 233.7 230.9 228.9 227.4 227.4 226.1 221.2 217.9 216.8 213.8 211.2 209.9 208.9 207.4 205.8 204.1 202.8 202.5 202.8 203.6 205.7 208 207 204.2 202.8 202.2 200.9 198.6 196.4 194 190.8 187.3 184.2 181 175.7 167.2
271.1 269.7 273.9 278 281.5 282.9 280.8 278.8 276.4 274.5 274.5 275.5 276.4 276.1 274.6 273.3 270.1 267 264 261.7 259.9 261.1 262.3 263.6 263.5 262.8 262.3 262.6 260.1 258 254.3 252.7 251.2 248.1 246.3 245.3 243.8 242 240.3 239 238.2 238.1 236.7 234.1 231.5 229 229.5 229 227 224.5 221 219 216.3 214.8 213.2 211.1 208.9 206.7 205.8 204.5 204.4 204.8 207.4 209 209.7 208.7 206.1 205.7 203.5 202 198.5 194.6 191.6 187.8 184.3 181.1 175.7 174.2 173.3
274.1 268 269.4 274 277.8 280.2 279.2 277.3 275.9 274.7 273.7 273.7 273.8 273.7 272.4 271.1 269.2 267.1 264.5 262.6 263.4 264.7 266.2 267.6 266.7 265.4 265 265.3 264.3 261.5 257.7 253.8 251.8 252.1 249.4 248 246.5 244.9 243.1 241.6 240.9 239.4 237 234.3 231.7 230.2 231.3 229.5 227.8 226.6 224.3 222.1 219.9 217.7 215.5 213.4 211.2 209 207.4 206.2 206.7 207.7 212.3 213.2 213.7 210.7 207.5 206.2 202.8 201.8 197.3 192.8 188.6 184.6 181.1 175.7 175.7 177.5 177.4
277.5 274.4 267.6 264.8 270.8 274.7 275.6 275.1 274.8 274 273.4 272.7 271.7 270.6 269.5 268.3 267.4 265.6 263.7 264 265.1 266.4 268.4 269.5 269.5 268.4 267.9 268.6 266.3 264 260.2 255.8 253.8 254.1 252.5 250.4 248.7 246.4 243.4 243.8 242.4 239.8 237.2 234.6 232.3 231.1 232.2 230.7 229.4 228.1 226.9 224.6 222.1 219.9 217.7 215.7 213.6 211.3 209.4 208.2 208.9 211.6 217.6 215.7 216.5 211.3 207.6 206.2 203.4 200.6 195.8 190.1 185.3 181.2 175.7 176.6 179.1 178.2 177.8
280.3 278.2 275.1 269.4 262.4 266.1 272.6 272.3 272.5 272.5 271.6 270 268.5 267.4 266.3 265.2 264.6 263.1 263 264.2 265.4 269 271.9 274.3 273.5 271 271.2 273 269.9 266.6 263 260.1 258.5 255 254.2 252.8 250.1 246.7 245 244.6 242.7 240 237.4 235.7 233.9 232.2 232.6 232.1 230.9 229.6 228.2 226.7 224.4 222.1 220 218 215.9 213.7 211.8 211.1 212.3 213.5 215.4 214 213.9 211.5 208.9 206.6 203.5 198.7 192.9 187.6 181.1 178.5 181.4 182.1 181 180.1 179.4
283.4 279.4 275.3 270.9 266.1 261.7 267 268.6 268.9 269 268.9 268 266.1 264.3 263.2 262.1 261.8 260.5 262.1 263.4 266.6 271.8 276.6 279.8 280.9 277.9 276.5 276.4 273.5 270 266.6 264.6 262.1 258.3 255.2 253.6 250.8 248.3 246.7 245.4 243.1 240.9 238.7 237.9 235 233.5 234 234.2 232.2 230.9 229.6 228 226.5 224.3 222.3 220.3 218.2 216.1 214.7 215 214.9 213.6 212.6 212.1 211.2 209.9 207.9 206.3 203 195.4 186.5 187.7 186.9 187 186.9 185.5 183.7 182.5 181.9
284.1 279.3 275.6 271.7 267.9 263.4 260.8 259.3 260.9 262.3 263.6 263.5 263 260.9 259.9 259.3 258.9 258.8 261.2 263.9 268.9 274.1 278.8 284.7 290.5 287.7 282.4 280 276.9 273.4 270.8 269.6 265.6 261.3 257.8 256.5 254.7 251.7 248.9 246.6 244.7 242.7 240.7 238.2 235.7 235.1 235.5 236 234.7 232.5 230.9 229.3 227.7 226.5 225 222.9 220.3 218.5 216.3 215.4 215.2 213.9 211.9 211.6 210 207.8 205.8 203.4 200.2 191.2 192.6 194.4 193.2 192 191.1 190.1 187.1 185.3 185.3
284.9 282.5 278.1 274.1 270.4 267.1 265.7 261.1 255.6 256.6 254.8 256 257.8 256.5 255.9 256.2 256.5 257.6 260.5 264.3 269.6 275 278.9 285.3 289.7 289 284.7 282.6 279.5 276.4 274.7 271.9 268.1 264.5 262.8 261.9 258.6 255.7 252.7 249.2 246.3 244 241.3 238.9 237.2 236.7 237.1 237.2 235.1 233.2 231.9 230.4 229 228.3 227 225.1 223.4 221.6 219.4 216.5 216.1 215.7 213.4 210.8 209 207.3 204.9 202.8 193.7 196.9 197.8 197.4 196.2 195.3 194.7 194.8 191.9 191.2 190.9
287.9 284 280.2 276.8 273.9 272.1 271.6 269.7 265.5 260.9 257.5 255.9 252.9 252.9 252.4 252.5 252.4 257.6 260.6 265 269.4 274 278.4 285.7 287.5 287.3 285 283.4 281.6 279 277.3 273.6 271.6 270.6 268.3 266.2 261.3 259 255.8 252 248.2 244.7 242.1 240 238.5 238 238 236.4 235.1 233.6 232.9 231.7 230.5 229.6 228.8 227.5 226.2 224.4 222.1 219.5 217.6 216.6 215 211.3 209.3 206.8 202.7 197.3 199.7 200.9 200.3 199.7 199.1 198.4 199.2 199.7 198.2 199.1 199.8
290.2 286.3 282.4 278.6 276.1 274.2 272.6 270.4 266.7 264.3 261.7 259 256.5 253.5 251.3 250.6 249.6 255.4 261.3 266.9 272 275.2 278.2 282.3 285.6 286.4 284.9 283.5 282.3 281.1 279.4 276.2 275.9 275.2 273.8 270.1 265.2 261.1 258.2 254.1 250 246.1 243.3 241.3 239.9 239.3 238.3 237 235.7 234.1 233.1 232.8 231.9 230.9 230 229.3 227.9 226.1 224 221.6 219.3 217 216.5 211.4 206.8 203.8 201.2 203.6 203.5 202.9 202.3 201.9 201.7 201.6 201.7 201.7 201.9 203.9 203.6
