webserver/python/data/NS40.asc
ncols 200
nrows 200
xllcorner 240000
yllcorner 600000
cellsize 50
[rows 105 to 139 of 200, columns 0 to 77 of 200]
307.5 310.6 311.3 311.7 315.6 318.8 317.2 316.6 323.9 318.5 309.9 310.1 301.8 291.9 291.1 294 296 297.9 299.5 302.8 302.9 302.9 304.6 310.1 315.3 320.9 327.6 333.8 334.7 334.1 332.7 331 329.8 330.1 330.8 332.1 333.6 337.5 340.2 344 340.4 327.7 321.7 320.4 316.5 311.2 308.1 309 309.9 311.8 312.5 313.8 317.2 319.9 322.9 323.6 323.1 322 322.5 323 323 323 323 321.5 321 320.5 319.6 318.4 320.8 323.7 329.2 336.9 345.4 350.8 352.1 352.6 353.5 356.1
313.5 314.1 315.4 315.6 317 319.8 323.7 323.6 318.1 316.8 310.4 304 302.2 294.1 294.3 297.2 299.3 302 303.6 306.1 310 309.3 310.4 308.4 309.9 315.2 325 330.8 335.7 339.1 335.8 331.6 328.5 328.3 329.8 330.6 331.4 335.3 337.6 337.6 332 321.8 318.5 314.9 313.6 308.2 305.2 306.4 307.8 309.2 309.5 310.2 312.5 315.9 318.9 321.7 322.9 322.1 321.6 321.8 321.8 321.8 321.8 321.7 321.1 319.9 318.7 317.5 319.4 323.3 326.8 334 341.6 351.4 355.6 356.5 355.7 358.8
320 317.4 315.6 318.3 320.2 317.7 319.7 320.8 315.4 310.4 305.2 301.1 300.7 300.6 298.4 302.7 303.4 305.2 306.1 307.5 311.1 314.1 317 316.1 314.2 311.8 316.7 327.2 331.2 334.1 332.9 330 327.5 325.3 325.7 326.1 326.5 329.8 330.9 329.1 325.2 321.2 316.7 312.2 308 304 302.8 303.4 305.3 306.6 307 307.8 309.6 312 314.9 317.3 319.6 321.5 320.9 320.7 320.7 320.7 320.6 321 321.3 320.3 319.3 318.5 319 322.4 325.4 331.8 338.9 346.6 355.8 358.4 356.6 358.2
323.5 318.1 314.7 314.9 316.1 315.5 316.5 318.8 312.5 307 302.4 299.1 298.7 299.7 302.4 304.8 308.6 310.7 310.8 313 315.5 319.4 322.3 319.3 316.7 316 316 318 322.1 326.9 328.9 328.7 326.9 323.2 321.7 319.8 317.5 319.2 324.5 329.2 325.5 320.1 315.6 309.1 304.5 301.4 300.5 300.8 302.6 304.3 304.5 304.6 306.5 308.6 310.8 312.5 314.8 317.4 318.5 319.5 318.9 319.3 319.7 320.5 321.3 321.4 321.1 318.9 317.8 320.8 324.4 330.3 337.2 344.1 350 353.1 358.6 357.8
324 317.9 312.2 311.1 310.1 312.3 312.3 311 308.7 302.1 299.3 298 297.6 298.1 300 301.9 304.4 307.5 310.8 313.2 318.4 320.8 323.5 325.5 322.9 322.8 318.9 318.9 321.3 322.8 326.2 327.6 324 321.4 319.3 317.5 315.5 315.2 318.1 321.3 320.3 316.6 311.4 304.9 302.5 299.5 298.4 298.2 299 301 301.8 301.4 303.3 305.4 307.2 308.8 310.5 312.6 315.4 314.2 318.1 321.1 319.8 320.5 319.1 319.2 319.7 319.8 316.2 320.6 323.9 328.5 335.3 342 346.1 350 354.9 357.4
322.5 314.4 309.1 306.6 306.9 308.3 308.7 306.3 304 300.2 298 297.9 297.5 297 298.5 300.9 304.2 307 309.1 312.2 315.1 319 321.6 326.5 329.1 326.8 322.5 320.2 320.6 320.3 318.1 324 323 320.9 318.6 316.5 316.7 311.6 313.1 315.2 313.8 307.8 302.6 304.3 306.8 304.8 301.3 298.1 298 297.8 298.5 298.8 300 302.4 304.2 306.1 307.7 309.1 310.8 313.4 319.7 321.6 319.8 317 316.9 316.5 317.7 317.6 316.1 319.9 323.4 327.6 333.3 339 343.9 346.4 346.9 351.8
318.2 313.3 309 305 303 302.7 303.8 300.1 301.9 301.6 300.4 298.2 296.9 296.5 298.1 299.6 303.3 305.5 306.8 308.4 311.6 315.6 322.9 325.3 326.4 327.2 325.1 320.7 316.3 314.9 315.2 315.8 321.4 319.6 318.1 315.8 314.2 310.7 308.6 310.4 309.4 308.9 316.9 317.3 314.6 313.6 311 306.6 303.3 299 295.6 295.1 296.5 300.3 301.6 303.2 304.9 306 305.7 308.3 317.8 317.4 315.6 313.7 314.5 315.9 313.8 313.5 314.6 317.1 320.9 323.5 327.4 334.3 339.2 345.5 343.7 343.6
316 313.6 311.1 306.9 305.7 304.5 302.9 304.8 305 302.1 298.7 297.3 297.3 296.1 297.4 299 301.3 304.9 303.6 304.8 308.8 312.6 320.3 323.1 324.5 326.9 325.8 319.7 314.9 313.4 315.1 316.9 317.1 318.6 319.9 315.7 311.7 311 309.8 307.9 307.6 316.8 320.8 320.2 318.2 317.3 315.4 311.3 308.1 305.2 299.8 297.2 292.6 293.6 296.4 301.4 302.8 302.5 304.2 306.7 311.3 311.8 311.2 310.4 314.2 315.2 313.5 314.5 315.4 313.4 315.3 315.4 316.9 319.7 322.5 326 326.5 322.7
316.9 312.5 310.2 309.3 308.2 307.1 305.2 304.3 304.2 302.3 300.9 298.5 297.2 296.1 296.8 298 298.5 299.9 301.1 303.8 306.8 310.1 314.7 315.9 319.5 321.3 320.8 315.3 313.6 314.1 313.8 318.7 319.2 320.4 320.1 317.8 316.5 315.8 313.4 310.9 316.5 318 321.2 320.9 318 316 314.1 311.9 310.4 308.8 302.3 299.1 292.3 294.7 302 301.8 300.2 301.5 303.5 302.1 304.7 306.7 306.8 306.1 309.5 310.5 311.1 311.7 314.9 313.9 309.2 302 304.8 306.5 307.8 309.3 309.7 310.9
316.5 314.4 312.4 310.6 308.7 306.9 304.6 303 302.6 300.4 299.4 298.3 297.1 296.1 296 297.1 298 299.4 301.2 303.5 306.7 309 309.8 310.6 313.1 315.2 313.8 311.4 314.8 313.3 313.3 317.7 319.4 320.7 321.2 322.8 322.1 323.8 326 318.5 318.7 326.7 322.8 320.7 320 316.6 315.8 309.7 308 306.8 302 294.9 291.7 291.2 292.3 293.4 296.3 297.6 297.4 297.6 301.4 301 299.5 300.2 300 303.4 300.9 305.8 309.7 309.5 308.1 304.2 289.4 295 296.4 296.8 297.8 302.7
318.2 316.6 314.1 311.7 311.1 308.3 306.7 303.9 302.9 300.4 299.2 298.1 297.3 296.3 295.6 296.8 297.6 298.7 300.1 303.5 306.5 305.8 305.7 308.2 309.9 309.5 309.2 309 310.7 311.2 312.5 317.9 320.3 321.5 323.8 328.7 328.4 329.7 332.5 329.3 327 324.8 330.9 331.9 329.7 322.6 321.2 321.6 309.7 305 301.3 295 290.5 287.4 288.4 292 291.5 292.5 294 294.2 294.3 296.3 295.6 292.3 294.6 296.9 297.2 299.7 302.9 303.9 302.2 299.8 293.1 286.8 288.8 288.8 296 301.6
319.2 318 315.6 314.6 312 310.5 308.6 304.6 303.4 302.3 299.6 298.3 297.7 297.1 295.5 296.5 296.6 297.9 299.1 302.5 304 303.8 303.2 302.8 305.6 305 304.2 306.2 308.4 308.9 311.7 315.5 318.8 324.3 325.9 330.4 336.6 335.9 336.2 334.5 333.9 334.7 331.5 332.3 334.3 331.1 322.1 325.9 323.3 309.1 304.4 296.8 290.7 290.1 284.4 290 288 286.2 288.9 290.6 289.1 289.4 289.6 289.7 288.2 289.5 291 293.1 297.2 298.4 298.4 296.2 289.4 282.3 288.2 292.6 297.7 302.6
319.4 318.1 314.3 312 310 308.2 305.3 303.3 301.8 301.1 299.3 298.5 298 297.5 296.4 294.9 296.8 297.7 298.2 299.2 300.2 301.8 301.1 300.5 300.5 303.6 306 306.8 308.5 308.5 310.9 314 316.5 321.9 325.6 330 338.1 340.5 342.4 343.4 344 343.2 341.1 338.3 332.7 331.8 326.3 325 324.2 318 312.2 305.3 292.5 286.8 286 282.3 283.2 280.7 281.3 284.2 282.8 283 282.4 283.5 285.4 285.1 282.9 287.7 292.4 293.7 294 291.9 285.4 282.3 287.8 292.3 297.6 302.5
315.7 314 312.2 309.6 306.4 306.2 304.7 304.2 302.5 300.2 299.5 298.4 298 297.1 297 294.7 297 297.6 298.7 299.4 299.9 299.3 298.9 300.5 301.2 303.6 306.1 308.6 308.3 308.6 310.8 312.3 315.6 318.8 322.9 330.4 337.6 342 348.8 350.7 350.7 350.4 349.3 348 342.5 333.1 327.6 325.2 323.9 319.8 315.3 307.9 293.3 289.7 287.8 280.6 276.9 276.3 275.7 276.6 278.1 277.5 277.9 278.8 280.8 279.5 281.5 284.2 285.3 286.6 287.1 287.2 285.1 278.5 285.2 289.8 295.1 300.9
317 313.1 308.6 305.7 303.2 305.1 303.9 303.9 302.4 299.8 299.3 298.6 298.7 297 297 293.8 297.3 298.4 299.5 300.3 301.1 301.4 300.6 301.1 301.5 303 306.7 309.3 307.3 308.3 311 311.8 314.7 317.2 320.7 326.9 334.2 340.4 349.1 355.4 356.7 356.4 355 354.8 349.1 339.9 331.6 329.3 326.1 321.6 318.3 308.7 293.9 290.3 287.1 281.5 276.4 274.8 273.4 275.9 275.6 275.4 276.5 276.9 278.2 279.2 279.9 281.8 283.4 284 284.5 284.8 284.6 277.9 282.2 286.9 291.7 295.8
318.1 313.6 310.6 306.5 299.9 298.7 300.5 302.4 301.5 296.3 295.2 297.3 299.6 296 294.7 295.1 297.8 299.1 300.2 300.9 302.3 303.4 302.9 303.9 304.9 303.9 303.3 304.4 305.7 307.9 311.3 312.4 316.2 318.3 319.7 322 324.3 334.2 343.5 354.1 359.1 358.4 354.7 352.5 346.9 339.7 334.7 332.1 329 324 316.3 304 293.1 288.6 285.4 281.7 276.9 273.9 275.5 279.5 280.4 280.7 279.1 279.8 279.8 280.9 280.4 281.5 282 282.2 282.6 283 282.8 279.1 277.1 282 286.2 289.1
319.1 314.5 310 305.5 300.7 296.7 294.6 295.9 295.6 293.9 292.5 293.8 295 292.6 291.8 294.3 297.8 299.1 299.9 301.2 302.9 304.7 305.5 306.2 306.8 306.9 306.3 307.1 307.7 310.2 311.9 313.2 317.5 320.1 320.8 321.4 322.7 326.2 333.1 339.7 347.6 350.5 349.9 345.7 343.9 340.7 338.7 334.8 331.3 326.9 315 302.4 289.5 284.5 281.6 278.3 275.2 272.9 275.5 279.6 284.1 285.1 283.7 283.8 283.3 284 282.2 281.3 280.8 280.5 280.6 281.1 279.5 274.6 270.1 275.7 280.3 282.4
320.7 316.3 311.8 308.1 304.8 300.3 295.8 290.4 291.1 290.7 289.9 289.3 290.5 289.7 295 296.4 297.7 298.9 300.1 301.8 303.4 305.3 306.6 307.3 307.9 307.7 307.9 309.3 309.6 311 312.5 314.1 317.2 318.6 318.1 318.1 320.6 322.9 327.8 332.3 337.8 342.2 344.3 343 343 342.7 340.7 336 331.9 325.6 317.1 302.8 287.3 282.1 279.5 276.8 274.3 272.8 274.5 278.7 282.7 284.3 285.5 285.6 285.9 286.6 284.9 281.8 281.2 279.3 278.3 277.7 276.2 272.2 268.2 269.5 274.1 276.9
322.5 317.9 313.9 310.9 307.2 301.3 297.8 292.4 289.3 289 288.8 287.7 287.3 291.3 293.3 294.9 296.6 298.9 300.5 302.2 303.9 306 307.3 308.4 309 308.8 310.2 311.5 312 313.3 313.4 315 316.9 316.7 316.4 318.5 321.3 324.4 325.6 328 329.5 333.5 336.7 335.9 337.5 339.4 337.3 336.2 331 325.1 317 305.5 290.4 282.1 279.8 277.2 275.2 273.3 273.4 275.9 279.2 280.4 282 282.6 283 284.6 286.8 282.7 280.8 278.9 276.5 276.9 274.7 273.2 267.5 264 266.3 271.2
325 319.5 314.1 309.9 305.8 302.1 298.4 296.5 291.1 288 287.7 286.6 286.8 289 291.5 293.4 295.4 298.3 300.9 302.6 304.6 306.8 308.1 309.1 310 311.1 312.6 314.6 317.7 317.5 316.4 316.3 316.8 316.3 313.7 317.8 320.4 322.9 324.8 327.1 327.8 325 325.8 328.8 329.2 329.3 330.1 334 327.8 323.6 315.1 304 294.9 284.2 280.2 277.9 275.9 274 273.3 274.1 276 277.4 278.9 280.3 281.2 281.8 282.5 282.2 279.3 277.5 275.3 272.3 270.9 269.4 267.5 266 262.3 261.4
326.1 319.9 313.1 308.5 305 304.2 301.6 301.1 298.4 291 286.5 286.5 286.8 287.8 289.3 291.5 294.5 297.7 300.6 303.2 305.3 307.5 309.2 310.9 312.5 313.5 314.7 317.5 319.3 319.9 318.9 318.3 317.6 315.9 312 315.4 318.4 321 323.3 325.1 325.4 322.7 322.2 324.1 323.6 323.2 322.9 324.1 321.3 317.1 309.6 302.4 294.1 287.7 280.8 278.8 276.8 274.7 272.1 274.4 276.3 277.4 278.8 279.3 279.9 280.6 281.4 280.4 279.1 278.3 277.7 273.8 271 269.5 267.5 266.3 261.8 259.6
324.2 317.9 311.8 306.1 303 303 300.1 300.8 301 295.9 289.5 285.7 286 286.7 287.3 289.4 293.2 297.6 300.2 302.9 305.5 307.8 311.2 314.4 315.4 315.8 316.7 320.4 321 323 322.2 321.5 318.9 315.1 311.3 312.8 315.2 316.6 318.8 321.7 320.8 319.2 321.5 320.5 317.8 317.3 317.2 317.3 315.4 308.8 303.8 297.9 292.7 286.6 282.5 280.2 278.1 274.8 272 275 276.6 277.5 278.6 278.8 279.3 280 281.4 280 278 276.7 279.9 277.5 274.2 267.9 269.2 268.2 266.5 262.4
318.3 314.2 307.7 302.9 299.7 299.1 296.1 296.8 298.9 297.7 291.9 286.3 285.6 286.2 286.8 288.1 291 294.9 298.6 302.2 305.1 308.7 312.5 316 318.8 322 321 322.3 324.3 325.8 327.3 326.1 323.4 316.9 311.7 309.5 311.3 312.9 314.3 316.9 316.4 318.2 321 318.2 314 313.1 312.1 310.3 310.4 306.4 297.8 293.6 290.1 285.3 283.2 281 276.9 273.6 272.4 272.8 276.3 277.6 278 278.3 278.7 278.3 281 277.7 276.6 275.5 277.7 278.2 275.3 271.5 265.4 263.2 262.3 259.5
313.4 309.2 303.5 298.4 296.7 294.8 293.6 294.5 294.2 293.3 291.1 287.7 285.4 285.8 286.2 287.5 289.2 292 295.4 299.6 304.2 307.9 312.2 315.5 321.2 327.6 327.1 325.2 326.2 327.4 329.4 328.3 326.1 316.6 311.5 308.4 309.4 309.5 310.1 311.8 310.9 314.7 317.6 317.3 311.9 309.5 311.4 307.6 306.6 301.6 293.5 289.8 286.2 283.7 282.9 280.9 276.4 272.5 270.5 271.2 273 277 275.3 275.1 275.5 275.3 275.6 275.7 276.2 275.2 274 272.3 271.6 270.1 269.7 266.8 265.1 262.2
308.3 304.9 299 295.8 293.8 289.9 288.9 289.7 290.7 290.6 288.6 287.1 285.5 284.1 285 286.8 288.6 290.3 292.2 296.6 301.6 306.4 311.4 316.3 321.9 326.3 325 324.5 324.3 327.1 325.8 323 319.2 313.8 310.8 306.5 307.7 307 307.3 306.9 307.9 309.5 311 313.1 308.1 306.2 310.4 307.1 299.1 296.3 289.5 284.5 281.7 281.5 281.1 281.3 277.6 269.6 266.7 266.2 267.7 271.3 273.4 273.5 273.5 273.8 274.2 274.5 274.7 275.1 274.8 274.2 273.5 272.2 270.9 269.2 265.3 263.3
302.2 297.1 294 292.2 289 285.2 284.8 285.9 287.1 288.5 288.7 286.6 285.3 284.4 284.3 286.1 287.9 289.6 291.4 295.2 299.1 303.5 307.9 316.1 321.8 322 322.1 323.1 321.3 321.5 319.2 316.1 313.3 310 307.2 306.2 307.1 305.3 303.5 303.5 302.1 301.8 303.2 304.9 303.1 305.3 308.1 303.3 294.2 290 288.5 282.1 275.9 280 275.8 279.1 278.1 267.6 263.3 268.7 270.8 272.4 273.6 273.4 272.8 273.2 273.3 272.7 272.6 273 273.2 272.8 272.2 271.9 270 267.5 264 262.2
297 291.9 288 286.2 283 281.3 282.8 285.5 288 288.3 286.4 285.7 285 284.3 284 285.4 287.2 289 291.2 295.6 297.8 300 304.6 311.1 317.7 319.2 320.6 321.4 319.3 315.7 312.9 310.5 308 306.1 304.8 303.5 304.9 303.9 299.2 298.9 294.1 295 297 298 300.8 304.4 307.4 300.9 294.8 288.7 281 278.7 276 271.3 270.2 272 272 268.7 263.4 268.4 270.2 271.7 273 273.3 272.4 272.2 271.7 271.2 270.6 271 271.2 271 270.7 270.3 268.8 266.4 262.8 261.1
291.8 287.8 283.5 278.9 274.4 277 283.2 288.1 287.7 287.4 285.5 284.3 283.7 283.4 285 285.8 286.7 289 291.3 294 295.7 297.5 300.3 305.9 311.1 314.1 315.4 317 313.4 308.9 306.2 304 302.5 300.8 301.2 296 298.8 296.7 293.5 291.9 289.4 290.1 294.8 296.8 298.2 300.7 298.9 294.4 292.5 289.4 282.4 276 273.7 271.7 267.4 263 264.1 260.4 265.4 267.6 269.6 271 272.3 272.2 270.9 270.1 269.5 269 268.4 269.1 269.2 269 268.8 267.4 266.3 264.3 261.4 257.5
288 283.6 279.8 272.4 280.8 282.9 281.9 280.8 282.3 284.8 285 283.8 284.1 286.2 287.1 287.9 289.1 290.3 291.8 293.1 294.9 296.5 297.4 300.8 304.8 307.8 309.7 309.8 306.1 303.6 300.4 298.8 297.2 294.9 295.7 292.4 291.9 291.4 291 291.1 285.8 291.3 293.7 293.1 293.1 292.4 289.2 285 288.7 287.9 283.2 274.5 269.5 271.8 267.9 262.9 258.5 259.9 264.1 266.7 267.9 269 269.5 269.8 268.5 267.9 267.3 266.8 266.4 267 266.7 266.1 267.4 263.8 263.5 260.2 254.5 251.6
284.2 280.9 272.1 274.6 282.5 286 287.7 286.1 286.4 285.6 283.4 284.5 288.5 289.7 289.6 290.8 292.8 293.4 292.6 294.1 294.6 295.8 294.5 296.6 298.1 300.5 300.8 298.8 298.3 298.5 296.2 293.5 293.2 286.8 286.6 286.1 283.7 286.1 288.1 289.4 284.6 289.7 289.1 287.2 285.2 285.2 282.6 280.8 282.2 282.4 281.2 271.9 265.8 266.7 266.2 258.8 257.2 256 261.4 264.4 265.5 266.4 266.5 267.4 266.4 266 264.8 264.2 262.7 261.2 264.5 263.4 263.7 263.9 251.8 248.9 248 245.9
279.2 276.7 267.9 277.5 283.8 288.1 292.2 289.8 290.2 285.9 286.8 290.7 292 292.7 292.4 292.9 295.5 296.3 296.2 295.1 293.8 293 292.4 294 294.7 293 292.2 291.9 292.1 292.3 291.3 286.9 288.4 281.5 279.4 278.7 279.8 282.2 284.8 283.4 277.4 283.5 284 281.9 280.2 278.9 277.7 278.3 278.4 276.5 277.3 272.6 264.4 262.2 259.4 263.8 262.5 256.9 256.7 262 263.2 263.3 263.5 264.2 264.5 264.4 263.7 262.9 261.2 256.3 256.7 255.1 249.6 246.9 245.5 244.4 244.3 245.6
273.3 269.6 266 276.5 283.1 288.3 292.6 289.6 288 290.4 293.5 295.6 298.6 301.5 298.4 297.6 298.4 300.7 299.9 297.4 293.9 291.4 288 290.8 289.8 289.6 284.6 285.3 286.1 285.3 282.3 278.2 279.5 277.8 277 277.3 274.5 277.3 278.8 276.4 273.4 276.1 276.8 276.8 275.4 276 276.3 277.3 277.7 276.8 275 266.6 262 262.4 264.6 267.4 266 260.6 256 255.8 260.3 260.3 260.5 260.9 262.6 262.5 263.4 263.1 262.9 249.9 248.4 247.5 246.3 245.4 245.2 246.3 248.7 250.5
263.1 258.7 268.7 274.8 281.5 287.4 292.5 289.5 291.5 298.4 298.2 301 307.7 307.7 306.7 305.4 304.2 302.9 299.4 297.1 293 291.3 286.7 283.6 284.2 282 279.5 280.5 281.8 278.1 272.1 271.6 273.5 274 275.6 276.5 277.2 271.2 271.1 268.9 267.2 268.1 270.2 270.4 271.7 274.9 275.7 276.4 277.6 279.5 274.5 266.1 263.2 267.9 269.8 270.6 268.6 264.1 258.4 253.6 255.4 258.7 257 258.9 257.3 258.8 261.7 264.2 265 251.8 246.9 245.9 245.2 245.8 246.8 250.8 253.8 259.1
262.2 264.1 267.1 273.9 280.6 285.4 289.5 288.9 294 299.2 303.6 308 318.7 317.1 312.4 307.1 303.9 300.1 297.4 293.9 291.2 288.6 287.2 285.2 279.4 279.8 274.7 274.5 275.8 272.6 267.2 268.7 271.4 273.2 274.9 276.7 276 271.5 266.2 265 265.8 267.2 269.4 270.5 273 275 276.4 277.7 278.8 278.6 268.9 267.9 266.6 272.8 275 273.1 271.1 266.8 262.5 257.2 252.6 253.2 253.4 253.4 253.5 254.7 258.3 263.9 265.6 256.6 246.2 245.9 246.4 248.2 252.6 257.4 261.8 266.6
262.2 265.2 267.7 272.9 277.6 282.5 286.9 292.5 299.2 304.2 309.4 316.8 323.1 320.7 318.7 309.3 304.9 298 293.7 290 287.2 285.2 283.8 280.9 273.4 273.7 270.8 267.6 267 265.3 265.2 265.9 270.6 270.6 273.2 275.4 271.9 267.8 264.3 265.2 266.4 268.7 270.7 273.4 276.5 278.5 280.6 280.2 277.4 271.2 269.8 269.5 274.8 279.5 278.9 276.2 273.7 269.9 266.1 261.4 257 254.8 253.7 252.1 252.1 252.2 252.6 260.1 264.3 249.5 247.2 249.8 251.5 254 258.9 264.5 268.9 272.4
