webserver/python/data/NS44.asc
ncols 200
nrows 200
xllcorner 240000
yllcorner 640000
cellsize 50
[rows 140 to 174 of 200, columns 79 to 157 of 200]
123.7 123.3 121.1 120.6 120.2 120.3 120.3 119.3 118.8 119.2 120 120.2 119.8 119.7 119.6 120 121.6 122.6 123.5 123.4 122.8 120.9 119.3 117.9 115.9 115.1 114 113.6 113.1 117 120.4 122.9 122.8 123.9 124.7 125.2 124.6 124.9 125.4 121.9 124.1 121.2 121.7 121.9 122.6 124.1 126.7 124.4 122.5 120.6 118.3 117.4 117.5 119.4 122.5 123.7 124.3 125.3 126.4 127 129.4 129.9 130.2 132.4 131.5 131.6 132 132.8 133.7 134.4 135.5 136.3 135.6 134.5 132.9 131.9 130.1 125.1 123
122.2 122.3 120.5 119.3 118.6 117.7 117.2 117.6 118.3 119.9 121.7 120.8 120.5 120.4 120.6 121.2 120.9 121.3 122.7 122.6 121.7 119.3 117.8 116.5 113.7 112.2 112 111.9 115.5 118.5 122.9 124.2 124 123.5 122.7 122.1 122.3 123.3 119.5 122.5 119.6 120.3 120.8 121.2 121.8 123.6 125.1 121.2 119.1 117.2 115.9 113.9 117.2 119.5 123.5 125.7 126.3 127.3 128.5 129.7 130.5 130.4 130.4 132.4 133.8 132.7 132.5 133.4 131.9 131.5 131.1 130.9 131.1 131.2 130.7 129.8 125.2 122 121.3
120.6 120.5 119.4 118.2 117 116.2 116 116.8 117.6 118.7 121.6 120.9 121 121.2 121.3 121.6 121.4 121.5 121.3 122.1 120.5 118.5 115.8 115 111.6 109.9 110.8 112.8 115.3 119.7 120.4 120.8 120.2 120.3 119.9 118.9 118.1 117.5 119.6 122 118.6 119.5 120 120.5 121.2 122.5 121.7 117.9 115.7 115.4 116.1 113.6 115.9 124.8 127 127.6 129.2 130 132.1 131.6 131.4 132.2 132.1 133.8 135.5 134.4 133.7 133.1 132.4 131.8 131.4 131.1 130.7 130.3 129.8 130 120.7 119.8 119.9
118.6 118.4 118.2 117.4 115.9 115.2 115.5 116 116.7 117.5 119.9 121.8 121.9 122 122 122 122 121.7 121.1 120.8 119.5 117.8 114.8 113.1 110.2 111.6 114.5 116.2 119.1 119.8 120.6 120.5 119.5 118.4 117.7 117.2 117.1 117.1 122.3 122.8 118.1 118.8 120.7 121.9 121.4 120.6 118.2 115 114.2 114.4 114.9 113.4 117.2 119.1 121.3 123.6 126 128 130 131.1 131.8 133.1 133.9 135.1 135.5 135.7 136.3 135.1 135 133.4 131.5 131.2 130.8 130.4 130.4 126.8 119.4 118.7 118.4
114.9 116.7 117.4 116.8 115.2 113.6 115.9 116.4 118.6 120.1 122.6 123.6 123.5 122.6 122 121.7 121.4 121.3 120.7 118.2 116.5 115.8 113.4 110.5 109.5 112.2 115.3 117.4 119.5 120.8 120.4 119.8 118.7 117.7 117.3 116.8 116.5 116.7 122.5 122.8 119.2 118.8 119.9 120.8 121 118 115.7 113.4 113.8 114.3 114.8 113.3 117.6 118.5 119.9 123.3 126 126.9 129.6 131.2 130.6 133 135.1 135.5 135.6 135.7 136.4 135.6 134.9 133.7 132.1 130.7 130.4 130.6 127.3 119.8 118.2 118.1 117
110.2 111.4 112.4 114.1 112.8 112.6 115.2 118 119.8 121.5 121.1 120 119.1 118.9 119.6 120 120.7 119.6 117.7 114.9 113.3 112.1 110.4 108.9 110.4 111 114.8 114.8 115.9 116.8 117.7 117.5 117.6 116.9 116.6 116.2 116.4 118.7 122.3 124.1 120.7 120.2 118.7 119.2 117.4 115.5 112.5 112 111.6 112.3 113.5 111.9 116.9 117.6 118.5 122.8 125.9 126.6 129 130.1 131 133.5 135.5 135.7 136.1 135.8 135.7 135.2 134.2 133.7 132.5 130.8 130.3 130 115 116 116.1 118.4 124.5
109.7 110.6 111.2 111.8 112 112.2 112.9 115.8 118.1 118 117 115.3 114.8 115.8 116.6 117 116.9 116.4 114.7 112.3 111 109.4 108.2 108.7 109 109.5 112.5 114.1 114.4 114.2 115.7 116.1 117.2 117.2 117.1 117.9 119.8 120.9 121.9 123.3 122 120.2 118.4 115.3 114.6 113.7 111.6 113.1 113.4 113.7 111.2 115.4 116.1 116.9 117.3 118.5 120.9 123.3 125.6 127 128.2 131.8 134.9 135.8 136.9 136.4 135.7 135.4 134.9 134 133.1 131.3 131 127.4 115 115.7 115.6 118.4 127.8
108.7 110.9 110.4 110.7 109.8 109.2 109.2 110.1 110.5 111 111.1 111.2 111.7 112.6 113.5 114.2 114.1 113.1 111.7 110.3 109.2 108.1 108.6 109.3 110 111 113.9 116.1 116.1 116.1 116.1 115.5 116.7 118 118 119 120.3 121.2 121.3 121.3 120.9 120.3 116 113.3 112.7 110.7 110.8 113.4 113.7 114 115.7 116.1 116.6 116.9 117.5 118.3 119.2 120.5 122.1 123.2 125 128 132.2 135.4 136.5 136.1 136 136 135.2 133.4 132.3 130.7 130.4 130.7 116 114.3 115.3 121.2 130.1
108.3 109.2 109.4 108.8 107.9 106.9 106.9 106.7 107 106.9 108.9 109.6 110 110.2 110.5 111.5 111.3 110.4 109.5 108.6 107.6 107.8 109 109.7 110.7 113 114.5 115 115.9 116.1 116.1 115.9 116 117.3 118.4 119.5 120 120.5 120.8 120.9 120.1 118.2 111.9 110.9 109.4 109.2 112.9 115 116.3 116.5 117.3 117.7 117.8 117.8 117.9 119 120 120.4 120.7 121.4 122.3 124.7 131 133.3 134.2 134.1 135.2 134.3 133.1 132.8 130.9 123.3 125.1 119.8 114.2 114 115.6 124.6 130.5
106 107 106.5 106.1 105.6 104.9 105.3 105.8 106.7 105.7 107.7 108.1 108.7 109.6 110 109.8 110.3 109.9 107.8 106.5 105.5 106.5 108.8 109.9 110.7 112.6 113.9 114.7 114.1 115.7 115.9 115.9 115.9 116.3 117.4 118 118.8 119.6 120.7 120.8 119.7 112.9 110.2 109.9 111.7 113.8 118.1 117.6 118.2 118.7 118.9 118.6 118.8 118.8 119.7 121.4 120.8 120.9 121.3 121.5 121.8 123.7 127.8 129.5 130.4 128.7 131.6 128.3 128.5 127.8 122.1 115.4 114.3 114.4 113.5 114 116.9 128 130.2
103.4 103.9 103.6 103.3 104.2 104.2 104.5 106.1 106.3 107.1 107.6 107.9 108.8 109.6 110 110.5 110.3 109.6 106.6 105.1 104 105.8 108.1 110.1 111 112.4 113.4 113.7 114.2 114.7 115.1 115.1 114.9 115 115.9 116.6 117.4 118.6 120 119.8 118.5 110.6 108.9 113.8 120.1 120.1 119.7 119.4 119.3 119.5 119.5 119.8 119.8 120.1 122.8 121.1 121.3 121.7 121.8 122 122.3 121.7 122.5 121.1 115.2 113.3 115 110.3 110.2 111.7 112 113.2 111.4 109.7 113.3 114.7 118 129.8 131.4
100.5 100.5 100.9 101.1 102.7 103.5 105.7 105.9 105.4 106 106.5 105.2 105.1 105.3 105.3 105.7 106.8 104.7 104.1 104 104.7 106.8 108.1 109.7 111.2 111.9 111.9 112.6 113 113.3 113.7 114 114 113.7 114.4 114.6 116.1 117.2 119.3 116.2 115.8 109.2 109.4 110.6 119.9 121.1 120.9 121.2 121.2 121 120.9 121.7 121.7 124.4 121.6 121.9 122.1 122.5 122.5 122.4 122.5 122 112.7 107.3 108.4 108.3 107.9 108.5 108.9 109.2 109.6 110.1 110.4 116.6 123.4 129.9 131.3 130.9 131.6
99.6 99.8 99.9 99.9 100.8 100.5 102.1 102.3 102.1 102.6 102.8 104.4 105.5 106.7 107.8 108.8 107.5 109.3 109.2 107.2 107.1 108.3 109.6 110.1 109.4 110 110.1 111 111.9 112.3 112.7 113.3 113.5 113.1 112.6 113.2 114.8 116.3 118.5 117.5 115.7 117.5 108.3 109.1 115.4 121.4 122 122.7 123 122.4 121.9 122.2 124.4 122.3 123 122.9 122.9 123.4 122.9 122.8 122.4 107.1 105.5 106.8 110 117 117.4 118.7 119.1 114.4 114 120.5 126.6 124.9 127.9 129.2 130.3 130.3 131.2
101.6 101.6 101.3 100.7 100.9 99.2 100.3 103.1 104.1 106.2 107.8 109.1 110.2 111.1 112.2 112.9 112.1 113.2 112 111 110.2 110.7 111.4 111.4 111.6 112.1 112.1 112.4 113.2 113.5 113.7 113.7 113.5 113.4 112.7 111.8 113.4 115.8 117.7 115.2 115.3 115.5 107.2 108.6 113.7 119.7 123.3 123.7 123.2 122.5 123.5 125.4 123 122.8 123 123.1 123.7 123.9 123.5 123.4 116.6 103.7 104.7 107 111.7 122 124.2 124 125.3 126.4 126.4 126.8 126.9 127.3 127.9 128.5 129.6 131.1 132.4
103.5 103.2 103 102.9 103.4 103.8 104.3 105.6 107.5 109.3 111.1 112 112.2 111.8 112.8 114 114.5 113.4 111.6 110.5 111.7 111.6 113.7 113.7 113.8 114 113.4 113.8 113.6 113 113.1 113.3 113.6 113.7 113.5 112.9 113.2 115.3 115.4 114.1 114.1 110.8 106.3 107.7 110.5 120.8 123.4 124.5 126.1 126.5 124.7 124.2 124.2 124.1 124.1 124.7 124.4 124.3 125 123.5 120.6 107.8 104 108.5 119 123.6 123.6 124 125 126 126.5 126.7 127 127.5 127.9 129.6 131.1 132.4 133.7
104.9 104.8 104.6 104.5 104.7 105.2 106.1 108.4 109.8 111.2 112.1 112.1 111.6 111.6 112.2 112.8 111.6 111.3 110.5 110.2 111.8 113.2 113.9 114.7 114.6 114.1 113.6 114.1 114.5 113.8 114.5 115.3 115.8 115.6 115 113.9 113.6 115.2 113.6 111 112.8 108.2 106 106.7 109.3 119.6 123.5 125.1 126.7 124.3 124.8 125.2 125.4 125.4 125.4 125.3 124.7 124.4 116.7 109.7 103.4 103.3 115.6 122 122.4 123.2 123.5 123.4 124.2 125.2 126.1 126.4 126.7 127.1 128 129.9 131.9 133.7 135.1
106.2 106.1 106 106 106.2 106.6 109.7 112.3 113 112.7 112 111.1 111.1 111.4 111.8 111.8 110.2 110.4 109.9 109.8 111 112.9 113.8 114.3 114.2 114.1 113.8 114.4 115.3 114.9 115.7 117 118.1 117.6 116.5 114.7 114.3 112.9 110.9 110.5 109.5 106.9 106.4 105.3 108.6 122.3 125 126.2 126.3 125.6 125.5 125.3 125.5 125.7 125.9 125.6 125 110.5 101.3 103.3 104 110.3 121 121.7 122 121.5 121.6 122.5 123.1 124.5 125.6 126.3 127.1 128 128.4 129.2 131.2 133 134.2
107.5 107.4 107.4 107.3 107.2 108.9 111 111.8 111.4 110.8 110.8 110.9 111 111.2 111.1 110.8 110.1 109.4 109.1 109 110.4 112.4 113.7 113.9 113.8 113.8 113.9 115 115.7 116.2 116.6 117.7 117.6 116.8 115.9 113.8 114.2 112 111.1 110.6 107.5 106.3 106.1 105.3 107.4 122.7 124.1 124.7 124.2 125 125.6 125.6 125.8 124.9 125.6 125.1 120.2 98.7 100 102.3 103.9 118.4 120.9 120.9 121.1 121.3 120.1 120.6 122.1 124 125.5 127.1 128 128.9 128.8 128.8 130.5 132.3 132.9
111.4 110.6 109.5 110.1 110.2 110.5 111.1 110 109.8 109.9 110.3 110.6 110.7 110.1 109.8 109.5 109.5 109.6 109.2 109.1 110.7 112.1 113.6 113.6 113.7 113.8 114.2 115.7 116.3 116.6 117.2 116.8 116.3 115.7 112.4 113.6 112 109.8 108.4 107.1 105.6 105.7 105.5 105.1 111.6 118.4 119.9 120.4 121.5 122.9 123.7 123 121.8 122.1 122.6 121.4 105.6 99.5 99.5 101.6 103.3 118.1 118.5 118.6 118.7 118.6 118.4 119.7 122.3 124.6 126.5 127.6 128.7 129.3 129.2 129.2 129.8 130.7 131.7
114.2 114.4 113.8 113.6 113.2 113 111.4 110.5 109.7 109.5 110.2 110.4 110.2 109.1 108.7 108.4 108.2 109.1 109.4 109.7 111.9 113.6 114.4 114 113.8 113.9 114.6 114.9 115.6 116.9 116.2 115.4 115.1 111.7 112.8 111.4 109.5 106.7 105.9 104.9 104.2 103.4 104.6 104.8 111.2 112.4 114.9 116.3 118.3 119.4 120 119.3 118.6 118.7 119 114.9 102.5 100.1 99 100.5 102.1 114.3 115.9 116.4 116.2 116 117.7 119.5 121.5 124 125.5 126.4 127.5 129.4 129.4 129.4 129.3 129.1 131.4
111.5 112.5 113.4 113.8 113.6 112.8 111.5 110.8 109.8 109.1 110 110.1 109.4 108.3 107.6 107.3 106.9 107.8 108.7 110.4 113.3 115.7 115.4 114.9 114.5 114.2 114.4 115.1 115.6 115.5 115.3 108 111.6 112.5 111.5 110.6 108.4 105.5 104.3 103.7 102.8 107.2 110.1 111.1 112.1 111.1 112.4 113.6 113.6 114.3 115.2 114.8 115.3 114.3 114.3 111.8 102.5 100 99.3 100.5 109.3 112.1 112.3 113.7 113.8 115.5 117 118.6 119.7 120.8 124 125.1 126.4 128.5 129.6 129.6 129.1 130.3 132
107.7 108.5 109.7 109.5 110.6 111.8 111.1 110.9 110.9 110.8 110.1 109.8 108.7 107.6 106.5 106.1 105.6 106.8 108.5 110.9 113.6 114.2 115.6 115.8 115.2 114.5 114.1 114.3 115 113.7 113.5 110.9 110.6 111.8 111 109 105.6 103.2 101.9 102.2 103.5 110.9 110.6 110.4 111.2 112.6 113.5 113 112.6 113 111.5 114 115.1 113.3 109.2 103.8 101 99 99.2 101.9 110.7 111 113.9 113.5 113.7 114.3 116.2 118.2 119.5 120.1 122.8 124.7 125.8 127.5 129.7 129.1 128.8 129.5 130.5
106.7 107 107.3 108.6 110.3 111.2 111.1 111.1 110.9 110.7 110.2 109.7 108.4 107.1 105.8 105.1 104.8 105.6 108.5 110.5 112.8 113.9 116.1 116.1 115.4 114.8 114.3 114.2 114.3 109.1 111.3 112 110.9 111.1 108 104.3 102.9 101.3 101.8 102.2 110.5 110.9 110.9 110.9 112.7 114.3 114.3 113.4 113 113.5 114.2 116.3 115.6 109.9 100.1 98.5 96.8 98.9 99.4 111.1 112.7 113.2 114.8 114.2 114.7 115.3 116.7 118.4 120.1 121.6 123.1 124.5 125.7 127.4 129.4 128.5 129 129.4 129.4
106.2 106.7 107.6 108.2 111 110.7 110.3 109.6 109.2 110.6 110.3 110.4 108.5 106.6 105.5 105.7 104 106 107.9 109.7 111.6 113.5 116.1 115.6 114.6 114.7 113.5 108.6 109.3 112.7 111.1 109.2 107.2 104.8 102.7 101.6 101.7 100.5 101.7 105.5 110.8 111.2 111.3 111.4 114.9 115.4 114.5 114.4 114.3 114.5 112 109.9 102.4 96.3 95.8 95 96.6 103.1 114.7 114.4 113.7 114 114.5 115 115.5 115.6 116.4 118 119.7 121.5 123.4 125.2 126.2 127.9 128.9 130 130.5 129.5 130
105.5 105.8 106.8 109.9 110.5 109.8 109.1 108.4 108.9 109.4 110.7 109.5 107.2 106.4 105.8 105.3 104 104.2 106.8 108.3 108.8 110.3 111.6 112.3 112.4 107.9 108.3 112.7 111 109.3 107.3 103.7 102.2 99 98.6 101.1 100.4 99.8 102.4 108.6 110.7 111.6 112.3 114.6 116 116.3 115.8 115.6 115.7 112.6 98.9 93.4 92.8 93.3 94 100.5 103.9 114.7 116.5 115.6 114.6 114.3 115.3 115.6 115.7 115.8 117 117.8 119.2 121.2 123.4 124.8 126.1 127.8 129.6 130.6 131.4 129.6 128.7
105.3 106 107.4 110.3 109.5 108.9 108.4 108.1 109.6 109.4 107.9 107.3 106.5 106.2 104.3 104.2 104.3 105 106.3 106.9 106.9 107.1 107.3 108.1 105.8 109.7 112.4 109.6 107.4 106.5 104.3 102 100.8 98.7 104.9 106.7 100.3 105.7 111.7 112.6 113.2 115.5 115.3 115.6 116.4 117.1 116.7 115.4 114 103.1 93 92.9 93.6 98.6 102.8 111.1 116 117.3 117.4 115.9 116.4 116.2 115 113.1 113.3 115.3 116.9 117.4 118.9 121.4 123.6 124.9 125.7 127.2 128.6 129.7 129.5 128.5 128
105.4 106.7 108.4 107.6 106.9 107.7 107.2 107.3 107.6 107.3 106.3 106.9 107.3 105.8 104.2 104.5 104.5 105 105.7 106.3 105.4 106.5 104.7 105.3 106.7 108.1 107 104.2 103.6 104.3 103 101.5 100.3 96.1 107.5 112.6 111.5 112.7 113.1 115.9 116.2 115.9 115.3 115.1 115.4 116.9 117.4 115 116 104 93.1 93.1 95.3 106.6 113.6 116.8 117.4 116.4 116.4 116.3 116.8 116.5 111.4 111.8 115.4 112.1 116.2 116.4 118.5 121.2 123.9 125.3 125.7 125.9 127 127 126.8 126.4 126.3
105.5 106.4 106.5 106 105.2 105 104.8 105 104.7 104.7 104.8 105.3 104.7 103.3 104.1 103.4 103.7 104.1 104.9 105.5 105.6 104.7 106.9 107.6 107.6 106.9 104.8 103.8 103.5 103.8 102.2 100.5 96 95.4 104.9 107.6 107.9 109.5 111.3 110.8 111.5 111.5 111 111.2 112.2 114.2 114.5 113.9 114.7 108.4 93.1 93 95.3 112 117.1 116.6 115.6 115.3 115.7 116.6 117.9 107.6 111.5 118.3 118 113.1 113.4 117.2 119.5 120.8 123.4 125.2 125 124.7 124.5 124.3 124 124 124.6
105.5 104.6 104.2 103.9 103.6 103.3 102.9 102.5 102.8 103.1 102.9 102.5 102.5 102.6 104 103.1 102.9 103.2 104 104.7 103.5 106.2 107 107.8 105.9 106 104.7 104 103.7 102.4 100.1 98.9 95.9 97.4 102.6 101.4 102 104.4 104.2 105.5 105.3 105.1 106.8 107.3 109.2 109.9 109.5 110.4 110.6 111.1 105.3 93.9 92.9 105.2 114.1 114.4 113.8 114.4 115.1 115.6 115.9 105.7 114.5 117.8 119.1 116.3 114.8 119.5 121.3 121 123.4 124.3 124.2 123.8 123.6 123.7 123.7 123.9 124
104.3 103.2 102.2 102.1 102 101.9 101.4 101 101.2 101.5 101.3 101.4 102.1 102.9 104 105 104.9 104.7 104.5 102.5 105.9 106.5 109.1 105.3 105.2 105 104.1 99 100.6 100.3 97.9 96.9 94.3 95.4 100.8 99 100.6 102.3 103.1 104.1 104.1 104.1 105.5 104.6 106.2 106.2 105.9 106.7 107.2 106.3 98.9 91.2 92.1 102.9 109.8 112 111.9 112.3 113.9 111 107.3 108.2 114.8 118.5 119.8 120.5 115.2 119.5 122.3 122.2 122.7 123.7 123.5 123.1 123.1 123.4 123.3 123.8 124
101.6 101 100.2 100.2 101.3 101.2 101.1 100.9 100.5 100.1 100 101.1 102 103.1 104.2 104.3 104.8 104.7 102.1 104.6 107.2 107.5 103.5 103.7 103.8 103.3 97.8 96.1 97.6 97 95.7 96 91.8 94.8 97.9 100.3 100.2 101.1 102.2 102.9 102.5 104.5 104.6 103 102.9 103.3 102.9 103.6 104.1 101.1 92.1 90.8 90.3 102.5 106.4 103 101.2 99.2 101.7 103.3 108.9 113.9 117.4 119.6 120.5 120.4 114.4 119.1 119.7 120 121.4 123 122.8 122.3 122.6 123 123.1 123.7 124
99.3 99.7 100.1 99.9 100.4 101 100 99.4 99.4 98.8 98.7 99.8 101.6 102.6 102.2 102.4 102.5 101.8 100.5 108.1 102 98.1 98.9 100.2 100.8 93 91.3 91.4 94.1 95.2 95.3 94.8 91.3 95.7 98.4 100.8 100.8 100.8 100.8 101.3 103.7 104.4 100.1 99.9 100.1 100.1 100.9 102 102.7 98.1 90.2 89.2 90.8 96.1 97 95.9 98.7 104.9 110.6 113.7 116.3 118.1 119.7 121.5 121.7 120.7 119.1 120.2 120.3 120.6 121.5 122.6 121.5 121.8 122.4 123.1 123.9 124.7 124.7
99.8 100.7 100.7 100.7 100.8 99.7 99.3 98.8 98.5 97.5 97.3 98.4 99.9 100 99.2 100.4 103.5 100.6 98.9 94.3 91.8 92.6 89.6 91.4 91.1 90.5 90.7 90.8 89.3 91.7 91.8 93.9 94.1 96.3 98.6 100.4 100.8 100.8 100.8 101.1 104.7 102.1 99 99.3 99.5 98.8 98.4 99.9 98.8 96.5 86 91.7 96.4 95.5 102.3 106.9 110.9 112 113.3 116.8 119.1 120.9 122.7 123.6 123.7 122.2 120.8 121.2 122 122.7 123.2 123.9 123.9 124 124.4 125 125.8 126 126
98.9 99.6 99.4 98.9 99 98 98.5 98.5 98.8 97.1 96.1 96.3 96.3 97.3 98.6 99.6 99.6 97.7 90 87.7 91.4 93.4 86.1 93 93.1 89.2 91.3 94.3 96.9 96 99 96.6 97.7 96.8 98.2 99.8 100.8 100.8 100.8 104.2 102.8 101.2 98.2 98.3 98.3 97.6 96.8 96.6 88.8 84.6 93 97.3 101.2 105.2 108.9 111.2 113.4 114.5 115.6 119.8 121.9 123.7 125.5 126.3 126.9 123.8 122.6 122.6 123.6 124.2 124.6 125.4 125.8 126.2 126.7 127 127.2 127.7 127.8
97 97 96.8 96.3 96.4 96.3 96 96.1 96.3 95.3 94.8 94.4 86.2 90.9 97.6 99.2 98.4 90.4 88.5 90.5 96.7 99.9 100.7 101.4 101.7 101 100.8 101 101.6 101.1 100.9 100.3 99.6 98.3 98.1 99.2 99.7 101.4 103.5 101.3 99.9 98.9 97.6 97.3 97 96.4 95.6 88.3 95.5 98.1 100.1 100.8 103.6 106.7 109.3 111.5 113.7 114.9 118.7 122.7 124.7 126.5 125.8 125.4 125.2 124 123.1 123.3 125 126 125.9 126.2 127.3 128.1 128.4 129 128.9 128.5 128.6
