webserver/python/data/NS54.asc
ncols 200
nrows 200
xllcorner 250000
yllcorner 640000
cellsize 50
[rows 140 to 174 of 200, columns 78 to 155 of 200]
245.8 248.9 251.8 254 256.2 258.4 260.7 264.6 267.6 273.1 275.4 276.6 277.6 278.2 278.6 278.1 275.8 273.1 269.9 267 264.2 261.4 255.5 254 253.7 255.6 257.7 258.5 256.9 255 253.6 252.3 251.7 250.5 247.2 244.3 248.1 250.5 251.3 251.8 252.6 253.3 256.8 257.7 258.7 259.4 259.6 257.6 259.1 259.5 258.1 258.6 259.1 259.7 259.7 258.4 257.3 256.2 254.8 253.2 251.3 249.1 248.1 249.3 250.1 251.6 253 253.8 254.5 255.2 255.9 256.5 257.1 256.5 255.2 253.3 251.8 250.9
244.2 247.5 250.3 252.6 254.8 257 260.5 263.9 269.9 275.3 278 280.1 281 281.2 281.4 281.2 279.4 276.3 271.9 268.1 264.4 261.7 260.1 255.4 254.5 255.1 254.8 254.1 253.4 253.4 252.9 251.6 251.2 250.5 247.5 244.2 246.7 249.2 250.7 251.4 252 254.5 255.5 256.4 256.5 256.6 256.6 256.6 259.6 259.6 257.2 257.7 258.2 258.8 259.1 258.1 257 255.9 254.6 252.7 250.6 248.4 246.2 247.3 250.5 251.4 252.3 253.1 253.8 254.5 255.2 255.8 256.1 255.4 254.3 252.4 250.6 249.2
242.7 245.9 248.8 251.2 253.5 255.6 260.4 265.8 271.8 275.9 278.5 280 281.1 282 282.5 281.6 280.5 275.4 270.4 267.1 264.2 261.8 259.2 255.4 254.8 253.5 252.5 251.8 251.4 251.5 251.4 250.9 249.8 247.5 245.7 243.1 243.6 246.6 249.8 250.8 252.1 253.2 253.4 253.5 254.2 254.5 254.2 256.8 258.7 257.8 256.3 256.9 257.6 258.2 258.2 257.6 256.6 255.5 254.4 253.2 251.3 249.4 247.5 248.3 250.9 251.9 252.4 252.5 253.1 253.8 254.5 255.1 255 254.2 253.4 251.6 249.7 247.9
243.6 246 248.4 250.7 252.6 254.3 258.5 265.3 270.6 274.4 277.7 279.2 279.8 280.2 279.5 278.8 277.9 274.2 268.9 266.6 264.1 261.5 257.7 255 253.8 251.9 250.3 249.5 249.4 249.6 249.5 249.8 248.6 246.9 246.3 245.3 245.8 245.5 248.3 249.9 250.8 251.4 252 252.6 252.6 252.7 253.2 254.3 255.8 255.5 255.6 256.5 257 257 256.9 256.8 256 254.9 253.6 252.5 252 251.1 248.1 249.4 251.4 252 252.3 252.4 252.5 253.1 253.8 254.4 253.8 253 252.3 250.7 248.9 247.6
243.6 245.5 247.8 249.6 251.3 253 256.3 263.1 267.9 270.9 274.8 276.9 277.4 277.1 276.3 275.4 274 272.6 267.7 266 263.5 259.5 255.9 254 252.2 250.3 248.5 247.2 247.5 247.7 247.8 248.9 248.2 247.6 246.9 246 245.7 245.4 247.1 248.7 249.8 250.5 251 251 251.5 252 252.9 253.9 254.6 255.1 255.6 255.8 255.7 255.7 255.6 255.6 255.4 254.2 252.9 251.5 250.6 250 245.8 249.8 251.5 252.1 252.2 252.3 252.4 252.5 253.1 253.4 252.6 251.9 251.1 249.9 248.5 247.1
242.8 246.4 246.4 248.2 250 251.8 254 259.9 265 267.3 271.2 273 273.8 273.3 272.7 271.6 270.1 268.7 266.9 263.9 260.5 257.6 254.7 252.7 250.9 249 247.1 245.2 245.5 245.9 246.9 247.9 248 247.4 246.6 245.5 245.1 245.2 246 247.5 248.9 249.4 249.9 250.4 250.9 251.5 252.6 253.3 253.8 254.3 254.6 254.5 254.4 254.3 254.3 254.2 254.2 253.7 252.5 250.8 249.4 248.1 244.6 251.3 251.7 251.8 252.6 252.6 252.5 252.5 252.6 252.6 252.9 251.1 249.6 248.4 246.6 244.4
242 243.6 245.4 246.7 248.5 250.3 252.3 256.8 261.8 264.9 267.1 268.8 270 269.4 268.8 269 268 266.3 264.5 262.9 260.1 257.2 254.4 252 250.1 248.2 246.4 243.8 243.5 244.8 245.8 246.6 246.5 246.5 246.3 244.9 244.5 244.6 245.1 246.4 247.6 248.7 249.3 249.8 250.3 251.2 251.9 252.4 252.8 253.1 253.5 253.5 253.1 252.9 252.9 252.8 252.5 252.1 251.6 251.1 250.7 247.3 244.3 251.1 251.1 251.1 251.6 252.7 253.7 254.2 254.3 254.1 255.3 254.2 252.4 248.9 246.4 243.1
240.4 240.4 243.1 245.1 247.1 249.3 251.5 255.1 259.6 262.2 262.9 264.5 265.4 265.4 264.8 265 265.5 264.2 262.3 260.5 259.1 256.9 254 251.7 249.4 247.5 245.6 242.4 242.4 243.6 244.7 245.1 245.1 245.3 244.8 242.8 242.7 244.4 244.8 245.4 246.1 247.5 248.6 249.1 249.8 250.6 251 251.3 251.7 252 252.4 252.6 252.1 251.6 251.5 251.3 250.9 250.6 251 251.4 250.6 248.8 244.9 247.2 250.5 250.4 250.4 251.4 252.5 253.6 254.8 254.7 256.8 257.1 254.1 250.5 246.9 243.4
239.7 239.2 241.4 244.3 246.3 248.6 250.8 253.8 256.9 258.2 259 259.7 260.5 261.3 260.8 261.1 261.4 261.7 260 258 256.6 255.3 253.6 250.7 248.9 246.8 244.4 241 241.6 242.6 243.6 244.1 244.5 244 242.6 240.1 240.6 244.4 244.8 245.3 244.6 245.5 247.6 248.5 249.2 249.5 249.9 250.2 250.6 250.9 251.2 251.6 251.1 250.6 250.2 250.4 250.7 251.1 251.4 251.2 250.1 247.6 245.2 245.6 249.5 249.6 249.6 250.1 251.3 252.5 253.8 256 257.6 256.8 254 249.9 245.9 247.2
239.1 239.3 241.5 243.8 245.1 247.5 249.9 252.1 253.9 255.3 255.4 255.3 255.8 256.5 256.8 257 257 258 257.5 255.7 254.2 252.8 251.5 250.1 248.6 246 242.8 240.3 240.9 241.5 242.4 243.6 243.2 241.8 240.4 239.6 242.2 243.4 244.1 244.7 244.7 246.2 247.3 248.1 248.3 248.4 248.8 249.1 249.4 249.8 250.1 250.5 250.2 249.7 249.4 250.3 251.1 251.5 251.8 250.9 249.8 247.8 246 244.2 247.6 248.6 248.8 248.9 250.1 251.3 252.6 254.3 256.1 255.3 252.4 248.8 246.5 247.8
237 238.7 241 243.2 244.8 246.3 248.3 249 251.4 251.2 250.9 251.3 251.8 252.2 252.6 252.5 253 254.2 253.8 253.3 251.7 250.3 249 247.2 246.3 243.6 241 239.7 239.5 240.1 241.2 241.9 241.6 239.9 237.2 240.8 242.5 242.1 243 244.6 246 247.1 248.3 248.2 248.6 248.9 249.3 249.5 249.2 249 249 249.4 249.2 248.5 248.8 249.4 250.8 251.9 251.7 250.7 249.9 247.1 244.6 242.8 246.4 247.4 248.2 247.9 248.8 250 251.5 252.9 254.1 253.7 250.5 247.2 246.1 246.6
237.4 239.6 239.6 242.4 244.7 244.8 245.4 246 246.7 246.7 246.7 247.2 247.8 248.2 248.4 248.7 249.9 250.9 250.3 249.8 249.2 248 245.8 244 242.9 240.8 239.3 238.5 238.5 238.4 239.1 240.1 240.4 238.2 235.9 238.1 240.3 242.3 243.9 245.4 247 248.1 248.8 248.4 248.7 249.1 249.4 249.7 250.1 250.4 250.6 250.4 247.8 246.8 246.3 247.4 250.1 251.3 251.5 251.3 249.5 246.6 243.5 240.3 245.4 246.8 247.5 247.1 247.5 249 250.4 251.9 252.3 252.1 249.3 246.6 245.6 245
238.2 241 240.4 236.8 239.8 242 242.7 242.4 241.9 242.2 243 243.3 243.7 244.2 245.1 246.4 247.6 248.6 248.1 247.5 246.9 245.4 243.4 241.8 240.3 239.3 238.2 237.3 237.2 236.8 237.1 238.4 238.9 236.6 236.9 240.1 241 242.9 244.7 246.3 247.8 249 248.9 248.5 248.8 249.2 249.5 249.9 250.2 250.6 250.6 249.6 247.1 245.1 243.6 244.4 247.1 249.6 250.5 249.3 247.6 245.4 242.5 241.3 245 246.1 246.6 246.4 246.4 247.8 249.3 251.1 251.4 250.4 248.7 246.3 245.5 244.9
238.9 241.6 241.5 237.9 235.2 239.3 239 238.9 238.8 239.1 239.6 240.4 240.7 241.5 242.8 244.1 245.3 246.4 245.8 245.1 244.5 243.1 241.5 240 239.7 238.2 237.1 236.1 235.8 235.1 235.1 235.9 237.3 239 239.7 242.3 242.4 243.6 245.3 247 248.7 249.5 249.1 248.6 249 249.3 249.7 249.9 249.9 249.9 249.9 248.5 247.8 246.7 245.7 244.1 243.9 244.8 245.5 245.3 244.5 240.3 240.8 240.6 241.8 243.4 245.3 245.4 245.3 246.7 248.3 250.3 249.8 248.6 247.3 246.1 245.3 244.9
236.4 239.1 238.4 236.3 234.4 235.3 236.2 236.4 236.4 236.6 237.1 238.9 239.4 239.8 241.2 242.5 243.7 244.3 243.5 242.8 242.3 241 239.6 239.4 238.7 237.2 236 234.7 233.6 233.1 233.5 235.3 237.6 239.8 241.3 243.7 244.8 244.6 246.3 247.9 249.3 249.7 249.2 248.8 249.1 249.1 249.1 249.2 249.2 249.2 249.2 248.6 248.5 248.2 247.1 246.2 246.1 246.4 246.1 245.8 245.4 245.1 245.5 243.3 239.5 239.3 239.7 240 242.7 245.6 247.6 249.3 247.9 246.6 245.2 245.2 244.5 242.5
232.2 232.9 234.1 233.7 233 233.2 233.4 233.6 233.8 235 237.2 239 239.4 239.5 240.4 241.6 242.9 242.5 241.1 240.7 239.8 238.6 238.6 239.2 237.7 236.3 235 233.5 232.2 232.8 234.6 236.4 238.6 240.8 242 243.2 244.8 245.6 247 248.1 249.3 249.8 249.4 249.3 249.3 249.5 249.6 249.7 249.8 249.9 249.5 248.7 248.5 249.1 248.6 248.5 248.5 248.5 247.9 247.3 246.6 246.1 246.5 245.8 245.9 242.6 242.9 242.2 239.7 243.4 246.4 247 245.7 244.4 243.4 243.8 244.3 242.9
228.9 230.5 232.2 232.2 231.5 231.7 232.2 233.4 234.6 235.9 237.8 239.1 239.1 239.2 239.3 240.8 242 240.6 239.8 238.7 237.9 237.6 238.2 238 236.6 235.2 234.2 233 232.6 233.8 235.8 237.6 239.7 241.2 243.4 244.9 245.8 246.2 247 248.1 249.2 250 249.7 250.1 249.8 250 250.3 250.5 250.6 250.1 249.5 248.8 249.7 250.2 250.2 250.1 249.9 249.7 248.8 248.2 247.5 247.3 247.9 246.8 244.7 244.4 245.4 243.9 241.7 239.9 244.9 245.1 244.3 243.3 242.4 243 243.8 243
227.7 228.7 230.3 230.5 230.7 232.2 233.4 234.6 235.8 237.1 238.6 238.8 238.9 238.9 239 239.9 240.1 239.2 238.5 238.7 237 237 237.6 236.9 235.4 234.3 233.8 233 233.8 234.8 236.8 238.8 240.8 242.7 244.8 246.6 247.8 248.4 247.6 248.4 249.2 250.1 250.7 250.9 250.6 250.3 250.1 250.3 250.5 249.9 250 250.9 251.3 251.5 251.2 251.2 251.2 251 250 249.1 248.5 248.6 249.3 247.8 246.2 244.3 242.1 240.7 238.5 240.2 244.8 244.5 243.5 242.5 241.7 241.6 242.5 242.1
226.5 227.4 228.7 229.1 230.4 230.8 232.4 233.9 235.5 237.2 238.4 238.6 238.6 238.7 238.7 239.1 238.7 238.1 237.6 238.4 238.7 237.2 237 235.7 233.8 233.6 233.4 234.1 234.9 235.7 237.8 239.8 241.9 244.1 246.3 248.3 249.2 249.8 249.2 249.1 250.4 251.2 251.7 251.8 251.5 251.2 250.9 250.6 250.3 250.5 251.3 252.1 252.6 252.6 252.2 252.2 252.2 252.3 251.2 250.2 249.4 249.8 250.7 249.7 248.1 246.7 245.3 243.1 240.2 234.7 241.1 242.4 242.8 241.8 241 240.3 240.7 240.1
225.3 227.2 229.3 231.9 230.9 229.9 230.9 232.5 234.1 236.3 238.3 238.4 238.4 238.5 238.5 238.2 237.4 236.9 236.8 237.2 237.5 237.3 236.6 233.8 231.2 232.1 234.6 235.3 236 236.8 238.7 240.6 242.5 244.6 247 249.3 250.7 251 250.9 251.3 251.3 251.9 252.6 252.8 252.4 252.1 251.9 251.5 251.2 252 253.7 253.4 254.2 253.9 253.3 253.2 254.1 253.5 252.3 251.3 250.3 250.2 250.1 249.7 248.7 247.6 246.6 245.7 243.8 238.6 233.2 238.5 240.8 240.5 239.9 237.9 236.4 234
225.5 228.9 229.4 229.9 230.2 230.2 229.5 231.1 233.3 235.5 237.7 238.3 238.3 238.4 238.3 237.3 236.1 235.8 235.8 236 236.1 236.4 235.8 233.3 229.7 233.7 235.8 236.5 237.2 237.9 239.6 241.6 243.5 245.5 247.6 250 251.8 253.4 253.4 251.9 252 252.6 253.4 253.8 253.4 253.1 252.8 252.5 252.2 253.3 254.9 256.7 258.8 256.3 254.7 255.7 257.2 254.7 253.3 252.3 251.3 250.2 249.3 248.6 247.9 247.1 246.4 245.5 243.8 241.7 236.8 230.7 237.7 238.6 233.1 226.3 224.7 223.3
225.5 226.6 226.8 227.4 227.2 227.9 229.4 231.6 234.1 234.3 234.9 237.2 238.3 238.2 238.3 236.4 234.8 234.8 234.9 235 235.1 235 234 232.7 229.6 233.9 237.1 237.8 238.5 239 240.3 242.4 244.5 246.5 248.5 250.6 252.5 254.4 254 252.5 252.7 253.4 254.3 254.8 254.5 254.1 253.7 253.4 253.1 254.6 256.6 258.8 258 257.3 258 258.8 257.8 256 254.2 253.2 252.2 251 250.3 249.8 248.6 247.4 246.2 245.3 244.2 241.1 237.7 232.4 228.1 229 224.9 230.4 231.8 234.2
223.9 224 224 225.8 227.2 229 231 232.8 233.2 233.7 235.5 237 237.2 236.3 235.4 234.6 233 233.9 233.9 233.8 233.1 232 231.2 232.6 230.7 233.9 237.2 239.1 239.7 240 240.9 243 245 247.1 249.2 251.3 253.3 254.4 254.5 253.1 253.5 254.3 255.1 255.9 255.5 255.1 254.8 254.4 254.2 256.6 259 258.4 258.2 258 257.8 257.6 257.4 256.1 255.2 254 252.7 251.8 251.7 251.7 250.6 249.5 248.5 246.9 244.9 241.4 238.1 236.1 229.2 231.5 240.4 241.2 241.5 244.3
223.7 224 226 228.1 229.4 231 232.2 232.6 233 234.1 235.4 235.8 236.1 235.3 233.6 231.9 230.7 230.6 231.5 231.3 230.6 229.9 230.3 231.3 231.8 234.3 238.2 240.2 240.7 241.1 241.5 243.6 245.6 247.7 249.8 251.9 253.8 254.4 254.8 253.7 254.3 255.2 256 256.8 256.5 256.2 255.8 255.6 255.7 259 258.8 258.7 258.5 258.3 258.1 258.1 258.4 256.6 255.4 254.4 253.3 253.3 253.2 253.2 253.1 252.2 250.7 248.8 245.9 242.7 239.6 239.3 238.1 238.8 241.1 241.7 242.9 242.6
225.6 226.6 228.3 230.5 231.7 232.5 232.4 232.3 232.8 233.9 234.2 234.5 234.9 234.4 231.9 229.9 228.4 227.6 228.5 227.1 228.6 232.7 232.3 232.8 234.3 234.9 239.8 241.1 241.9 242.1 242.5 244.1 246.2 248.3 250.3 252.1 253.9 254.6 254.6 253.8 254.6 256 256.8 257.7 257.6 257.2 257.2 256.6 256 258 259 259 258.8 258.6 258.6 258 256.7 257.9 256.4 254.9 254.8 254.8 254.7 254.8 254.9 254.3 252.6 250.7 247.9 244.4 240.9 239.4 238.1 239.1 241.4 241.7 240.4 239.8
227.3 229.4 231.1 232 231.8 232.2 232.2 232.3 232.2 232.6 232.9 233.3 233.6 233.5 230.3 228.3 226.2 225.3 225.1 227.1 230.3 234.2 235.9 236 238.2 238.6 239.6 241.6 243.1 243.4 243.5 244.7 246.7 248.5 250.4 252.2 254 254.6 254.4 254 254.9 255.7 257.1 258.5 258.6 258 257.4 256.8 256.2 256.1 259.1 259.1 258.7 257.5 257.1 257.1 258.3 260.3 259.2 258.8 258.5 257.1 255.3 255 254.7 253.6 251.7 249.9 246.8 243.8 241.5 239.4 237.9 239.4 241.4 239.8 238.1 236.6
228.1 229.9 230.6 230.5 231 231.6 231.6 232.1 231.4 231.2 231 231.1 231.7 231.9 228.8 226.9 225 224.5 224.7 228.7 230.5 232.8 237.2 238.2 238.9 238.7 238.7 241 243.2 244.8 244.8 245.1 246.9 248.7 250.5 252.3 254.2 254.4 254.2 253.8 254.3 254.8 256.2 257.6 257.5 257.4 257.3 256.7 256.1 255.1 257.8 257.8 256.5 258.7 257.1 258.3 260.6 262.1 262.5 260.5 258.7 256.3 254.2 252.5 252.2 251.4 250.1 248.4 245.8 244.4 242.1 240 238 236.6 236.1 236.1 235 233.5
229 230.5 230.6 230.5 230.5 230.9 231 232.8 230.7 230.5 230.3 230.1 229.7 229.7 228.6 226.8 226 224.5 224.5 229.9 230.7 229.6 234.5 238.4 239.2 238.7 238.7 241.1 243.4 243.6 243.8 244.9 247.1 248.9 250.7 252.5 254.4 253.6 253 252.9 253.3 253.8 255.2 255.9 255.8 255.7 255.6 255.4 255.2 255.4 254.7 255.5 255.2 254.4 257.2 260.5 262.7 264.3 262.6 260 257.5 255.2 253.2 251.1 249.7 249.1 247.8 246.5 245.5 244.2 242.7 241.3 239.8 238.9 236.4 232.7 230.7 229.9
229.9 230.6 230.6 230.6 230.5 230.5 230.5 231.3 230 229.6 229.1 228.5 228.2 229.1 230 230.3 230.3 226.1 224.5 225 225.7 227.1 234.5 238.3 238.8 238.7 239 241.3 242.2 242.4 242.6 241 244.9 249.3 251.5 253.5 254 252.5 251.9 251.9 252.3 252.8 254.2 254.2 254.1 254 253.8 253.4 253.1 253.2 253.6 253.5 253.5 254.2 256.6 259.5 262.2 263.5 261.8 258.9 256.2 254.2 252.1 250.1 248 246.9 245.6 245 244.1 243.1 242 241.1 240.2 239.4 237.1 233.8 228.5 226.8
230.6 230.6 230.6 230.6 230.5 230.5 230 229.7 229.4 227.9 227.3 228.7 227.1 228.7 229.9 230.3 230.2 229.3 225.2 223.4 222.5 227.8 234.7 237 237.6 238.6 239.3 240.7 240.9 241.5 242 240.9 240 245.2 249.6 253.1 252.5 252.1 250.8 251 251.4 251.8 252.6 252.5 252.3 252.2 251.8 251.4 250.8 251.3 251.8 251.8 251.8 253.1 254.8 257.1 259.5 261 260.1 257.7 254.7 252.3 250.4 248.5 246.6 244.7 245.1 243.3 242.4 241.5 241 240.5 240.3 238.9 236.2 231.9 225 225.8
231.5 231 230.6 230.6 230.5 230.5 229.9 229.4 229.2 227.9 226 226.6 227 228.6 229.9 229.8 229.1 229 228.7 225.9 224.2 227.8 231.4 234.7 236.3 237.3 239.3 239.9 240.5 240.9 241.6 242.4 240.7 237.6 242.2 248.7 249 248.8 248.5 249.3 250.4 250.9 250.9 250.7 250.5 250.1 249.7 249.1 248.9 249.4 249.9 250.1 250.3 251.4 253 254.5 256.7 258.5 258 256.1 253.2 250.3 247.8 245.9 244 241.4 240.8 239.7 239.3 239 238.4 238 237.8 237.6 233.7 230 225.7 217.1
231.9 231.4 230.9 230.6 230.5 230.5 229.8 228.7 227.1 227.4 225.3 224.7 225.7 228.1 228.5 228 227.9 228.5 228.6 228.4 225 224.5 226.6 228.8 233.7 235.8 237.5 238.9 239.8 240.4 240.8 240.5 241.1 239.9 235.6 242.9 245.5 245.4 244.7 244.5 245.9 247.2 248.6 248.8 248.4 248 247.4 246.8 247 247.5 248 248.4 248.8 249.7 251.3 252.9 254.8 256 256.2 254.5 251.5 248.7 246 243.3 241.4 237.8 236.5 235.6 235.6 235.4 235.2 234.7 234.7 233.2 231.1 228 225 219.2
232.4 231.8 231.3 230.8 230.5 230.4 229.5 228.2 225.9 224.4 224 224 224.1 224.8 225.6 226.1 227.1 228 228.3 228.2 226.1 220.1 221.5 225.4 230.5 232.7 234.6 236.4 237.4 237.8 237.4 237.9 238.9 239.7 236.4 233.8 238.3 241.6 240.8 240 241.1 242.5 243 246.2 246.3 245.8 245.1 244.6 245.1 245.6 245.6 245.7 246.5 247.4 246.9 250 252.5 253.5 254.1 252.8 249.8 247 244.2 241.4 238.4 234.4 232.2 231.3 232 231.9 231.7 231.4 230.5 228.7 226.8 224.3 221.9 219.1
233.6 232.9 232.2 231.5 230.8 230.2 228.9 227.6 227.1 227.4 227.1 225.2 224.9 224.8 224.4 224 224.7 225.5 225.2 226.3 227.4 226.1 221.3 221.4 227.3 229.9 231.8 233.6 234.3 234.2 235.5 236.5 236.8 237 237.6 232.7 232.3 236.4 236.4 236.1 236.3 236.8 237.4 242.5 243.9 243.5 242.8 242.7 242.8 242.2 241.8 242.6 243.6 244.5 242.4 244.9 248.2 250.7 252 251.1 248.3 245.2 242.4 240.4 237.8 234.8 231.9 229.1 228.8 228.9 228.7 228.3 226.8 224.6 222.6 220.6 219 216.2
234 234 233.4 232.7 232 231.1 230.2 229 227.9 229 229.4 227.6 225.8 225 224.2 223 221.8 222 221.5 221.8 223.9 224.5 224.3 219.2 223.3 226.4 229.4 232.4 231.9 233.2 233 233.3 233.3 233.3 233.3 229.7 231.6 231.5 231.5 231.4 231.7 230.6 232.6 238.1 240.1 239.9 240 239.4 238.8 238.3 238.2 238.4 239.4 240.3 239.9 240 243.6 247.3 250.2 249.3 246.9 243.7 241.9 239.9 237 234.2 231.2 228.4 226.6 226 225.7 225.4 223 220.5 218.5 217.1 217.5 205.1
