webserver/python/data/NS57.asc
ncols 200
nrows 200
xllcorner 250000
yllcorner 670000
cellsize 50
[rows 0 to 36 of 200, columns 0 to 82 of 200]
274.2 268.1 265.4 266.1 260.3 250 241.6 232.8 225.7 217.5 212 207.9 206.6 205.7 203.5 199.3 196 192.9 188.9 185.4 183.3 182.2 181.3 180 177.1 175.7 176 174.7 174 173.1 169.8 168.7 168.5 170.8 173 174.9 177 174.9 172.6 173.1 174.6 172 170.3 169.2 168.5 170.8 171.2 170.1 167.6 168.4 168.1 168.3 168.2 169.3 168.6 167 163.6 159.1 155.1 149.5 143.9 133.7 130.4 127.9 129.7 130.4 131.8 134.6 135.6 137.8 141.9 145.2 143.1 139.7 140.1 140.2 133.5 118.7 110.8 104.7 104 111.6 111.1
275.1 275.2 272 269.3 260.8 251.9 242.5 232.7 224.3 214.9 210.3 207.7 205.8 206 206.2 203.1 199.4 195.9 191.7 185.6 184.3 182.3 180.5 179.4 180 174 173.6 172.1 170.3 170.1 166.9 164.2 164.7 166.4 168.5 169.5 171.4 171.3 171.3 170.6 171.4 171.5 170.6 168.4 164.8 165.2 165.7 167.1 165.2 160.3 161 161.1 161 162.2 161.3 161.1 161.7 160.3 156.8 150.4 148.5 140 134.2 133.8 136.1 135.3 133.8 133.7 140.5 144.9 138.8 139 137.6 134.8 134.3 131.3 119 117.5 117.4 115.7 111.8 111.8 110
275.1 272.2 272.2 267.5 260.3 250.7 240.5 229.7 222 214.5 210 207.1 205.5 206.1 205.6 204.1 200.3 195.5 191.2 187 184.4 184.8 184.6 180.6 181.1 179.1 173.6 169.5 167.1 168.3 165 163.4 162.5 163.5 164.3 164.5 166.1 165.5 165.6 168.8 169.5 171 171 169.1 166 161.4 157.8 160.6 161.7 158.3 156.3 155.6 157.9 159.1 156.4 153.6 152.2 155.9 156.2 154.3 156.4 142.7 136 135.7 134.4 136 134.9 134.7 138.8 138.8 138.8 141 137.5 133.6 130.5 128.8 130.1 128.2 126.7 127.8 126 119.1 110.3
270.2 271.1 265.7 264.2 255.2 247.8 238.3 229.2 221.8 215.9 212.1 209.6 205.2 206 204.1 204 200.2 194.5 193 189.8 188 188.1 186.1 180.9 179 181.1 176.1 172.4 165.4 164.1 162.8 162.5 161.3 161.5 161.2 159.3 161.8 162.8 163.2 164.7 166.3 170.5 170.8 166.8 164.4 161.6 156.5 151.4 156.9 153.7 153.3 155.1 159.3 164.3 174.8 176.1 159 149 152.4 154.2 152.1 150.5 145.3 134.8 135.5 136.1 135.8 140.3 139.8 141 140.1 140.5 139.2 138.4 145.5 148.6 149.7 148.8 146.8 144.3 142.5 131.7 126.8
262.8 261.5 258.2 256.4 253 242.6 235.8 228.1 221.3 216.1 213.1 210.6 205.1 203.9 203 202.2 199 196 196.2 191.3 190.9 189.9 187.5 184.3 178.4 176.1 175.5 173.6 167.2 162.6 159.9 160.9 159.8 158.1 157.6 158.1 158.5 157.9 161.2 161.1 161.5 163.9 165.1 165.6 162.8 159.6 156.4 148.5 148.9 148.9 149.8 155.8 170.3 170.8 170.1 171.8 170.4 152 146.3 151.1 149.2 148.5 146 139.7 134.6 134.7 136 139.2 139.7 141 142.2 144.1 140.3 138.4 141.7 147.9 152.3 155.2 159.7 163.1 164.9 161.5 154.9
257 255.5 252.1 254.4 251.2 238.9 231.1 226.7 220 216.7 213.7 210.6 205 204.6 201.9 199.5 198.3 195.5 191.9 188.5 188.9 188.4 187 183.9 179.2 176.2 173.7 170.7 167.6 163.3 159.1 158.7 157.9 154.7 156 153.8 153.6 153.2 157.1 157.7 157.7 161.9 162.5 160.6 158.8 156.4 153.6 146.8 145 146.9 148.2 161 166.5 165.8 163.2 162.9 162.6 161.8 145.2 143.4 145.9 143.8 143.8 140.8 136.7 134.1 134.2 135 136 138.4 139.3 140.2 137.9 135.2 134.3 142 149.5 150.6 155.5 159 159.7 157.4 156.1
249.3 247.5 244.5 246.8 244.4 234.6 226.9 223.8 218.7 215.5 213.1 210.4 203.7 199.6 196.5 195.4 195.8 193.2 190.5 185 186.4 186.2 185.9 183.6 179.9 178.5 173.3 170.3 168.3 163.4 158.3 154 154.6 154.9 155.9 154.4 150.6 150.8 152.6 152.8 154.2 156.1 156.8 156.6 152.9 149.7 148.1 143.1 143 146.2 152.6 158 159.1 157.8 156.6 156 155 155 153.4 137.3 138.7 139.6 139.1 138.8 137.1 135.2 134.3 133.2 134.3 135.7 136.5 135.9 132.5 131.3 135.6 141.6 144.8 145.5 147.4 146.6 147.4 147.4 143
241.2 239.6 237 239.5 239.6 231.9 224.6 222.3 215.8 211.6 209.7 208.6 200.4 194 192.7 192.7 192.6 190.6 187.6 185.8 184.3 185.9 186 185.5 179.7 175.8 173.4 168.3 165.5 162.4 158.5 154.2 152 149.6 155.6 153.9 148.9 151.1 148.9 149.8 149.5 151.5 155.7 156 151.1 146.1 141 139 141.5 147.2 149 149.5 152.2 151.3 153.4 150.2 149.7 146.6 146.1 140.9 134.8 135.3 131.6 130.9 131.5 131.9 130.1 130.1 131.7 132.9 132.6 130.6 128 126.3 128.9 131.8 132.9 132.5 133.2 133.7 133.2 129.2 129.3
235 232.1 231.6 230.4 230.5 228 220.3 213.9 209.4 207.3 205.3 203.5 198 193.3 190 188.3 188.3 186.9 184.1 182.1 183.9 186.1 186.1 182.4 177.6 173 170.7 167.2 163.9 162.2 158.9 155.6 153.5 149.5 150 154.7 148.7 147.8 148.5 146.8 147.1 150.2 152.9 153.9 150.8 141.6 138.3 138.9 141.5 143.1 143.5 144 146.8 151.1 151.9 157.6 157.3 142.8 140.3 138.7 134.3 127.6 125 123.4 123.2 124.2 125.6 127.5 130.5 129.7 126.5 124.8 124.3 124 122 123.3 123.4 128.4 134.2 136.6 141.4 136.3 134.3
229.6 228.2 223.8 223.5 220.7 220.2 216.4 211.1 207.5 205.1 202.7 199.8 193.3 188.9 187.8 186.6 184.8 181.5 179.4 178.2 179.1 179.4 177.5 176 174.8 170.4 168.4 165.8 162.2 161 159.7 156 154.9 151.7 148.3 147.3 146.3 144 146.2 144.6 144.8 147.3 150.8 148.7 148.7 140.7 136.2 137.4 139.8 138.8 140.1 141.2 143.6 147.7 154 162.2 160.5 150.6 139.1 129.6 130.7 127.1 121.7 119.6 118.6 118.7 119.9 121.9 123.7 124.7 122.2 119.5 121.3 119.8 118.7 123.4 131.5 144.8 145.3 146 148 147.8 145
225 222.1 220.8 217 216.7 211.4 208.9 206.1 205 202.8 200.1 195.8 191.7 188.2 186.1 185.8 184 179.6 179.7 175 174 171.4 171.6 171.1 169 166.8 164.8 163.6 160.4 159.9 158.8 155.5 154.7 156 152.7 145.8 144.3 139.7 141.5 142.4 146 147.8 146.7 145.1 142.9 139.5 137.1 136.9 138.1 138.5 138.7 140.5 144.6 149.5 152.8 154.2 153.6 152.9 148.2 131.7 123.8 122.3 119.6 118.5 118 118.4 118.4 118.8 118.9 119.8 119.6 118.8 119.8 119.3 120.9 129.9 142.1 149.3 154.5 165.5 169.3 167.6 160
220.3 218.4 218.8 212.9 211 206.5 203.8 203.7 201.6 200 195.9 192.4 189.3 186.5 185 185.4 180.1 175.2 173.7 173.4 173.9 175.3 172 168.9 168.6 165.6 163 160.4 159 159 160.9 155.5 154.7 153.2 151.9 148.3 146.2 141.7 136.2 138.6 143 144 142.8 139.5 135.5 134.5 136.7 136.6 136.7 137.7 138.5 145 145.9 148.7 152.2 153.5 151.9 151.9 148.9 139.8 125.6 121.1 120.6 118.8 117.9 118.6 118.8 118.8 118.8 118.8 118.8 118.8 118.8 118.9 121.9 132 143.3 158.7 168.4 174.1 174 174 175.6
217.9 215 212.2 209.6 208.3 204.7 204.9 203.9 200.9 198.9 195.9 189.7 187 184.8 183.1 181.7 179.8 178.4 174.9 173.5 173.9 175.7 176.2 175.9 170.1 166.1 161.9 159.1 161.2 157.5 154.9 156 155.7 151.2 148.2 147.1 143.6 141.5 136.8 134.3 135.3 139.2 139 134.3 131.2 136.6 136.8 136.6 136.9 137.3 138.7 141.2 143.1 147 148.2 146.7 145.3 140.2 138.8 133.7 129.9 129.2 130.2 126.2 119.2 119.9 118.8 118.8 118.8 118.8 118.8 118.8 119.5 117.8 119.9 127.3 142 164.1 173.7 175.6 175.1 175.8 173.3
216.9 216.6 215.9 215 212.1 209.6 208.2 204.1 201.8 196.9 193.2 190 185.8 184.4 179.2 179.3 177.3 175.6 173.7 173.5 174 174 176.2 176.2 172.4 168.3 162.7 159.7 160.5 157.8 155.2 152.5 151.2 148.4 145.6 144.8 143 140.2 137.7 134.8 133.2 132.6 133.9 130.6 129.6 135.5 136.9 137.9 138.4 138.7 139.2 138.8 138.8 139.9 139.6 139.2 139 138.5 137.8 136.8 138.6 136.3 131.8 129.7 125.7 124.3 120.3 118.8 118.8 118.8 118.8 119.6 124.1 116 114.3 123 141.8 166.6 172.2 168.9 171.6 169.6 167.9
227.3 224.2 223 220.6 218.3 214.1 210.8 205.1 202 199.1 194.3 190.2 187.6 185.3 179 180.1 174 173.8 173.8 173.3 176.2 179.2 175.4 173.4 170.9 166.5 162.2 158.4 155.5 154.6 151.8 146.9 145.8 145.1 144.5 144.6 142.6 141 138.3 135.4 134.2 129.7 128.8 129.3 129.7 134.3 137.9 139 139 139 138.8 139 140.6 143.4 143.3 142.9 140.9 139.9 144.3 142.7 141.1 139.6 135.2 129.9 125 125.4 122 118.8 118.5 118.8 118.8 126.8 124.5 116.5 113.6 121 141.1 162.1 167.9 164.6 162.1 173.1 175.7
234.3 230.5 224.9 222.7 220 216 213.4 209.5 205.5 200.8 195.6 190.4 186.9 182.9 180.5 175.7 174.6 174.8 175.2 177.5 179.5 175.5 172.6 170.5 167.6 163.9 161.6 157.7 156 151.4 147.3 145.6 144.2 144 145 145.9 145.3 139.1 137 136 133.3 130.4 127.9 127.1 130.1 141 141 136.9 138.2 139.4 142.6 144.3 147.4 152.2 152.5 151.6 150.3 152 152.2 153.1 151.7 147.7 146.8 141.3 130.4 127.1 124.4 120.3 119.3 118.8 118.8 130.6 123.6 115.4 111.3 122.2 140.1 158.3 160.3 159.4 158.9 175.5 167.7
236.7 231.9 227.8 225.3 226.9 223.3 218.5 216.5 208.4 202.7 195.9 190.8 187.3 184.2 180.8 176.4 178.1 179.1 174 181.1 177.1 172.7 171.3 170.5 169.9 166.2 162.8 159 154.8 148.9 147.6 145.6 144.6 142 139.9 141.5 142.4 139.5 135.9 133.5 129.9 127.9 125.9 124.6 124.6 135.2 137.7 135 134.6 140.4 145.6 150.8 154.9 159.7 160.7 158.2 157.7 159 159.7 161.2 156.9 152.9 148.9 145.6 138.4 130.7 129.3 127.4 120.1 118.7 119.7 124.2 124.1 113 108.7 122.6 138.7 153.2 154.8 154.6 155.3 159.5 163.4
243.6 244.8 242.9 238.6 236.3 234.5 225.4 216.2 207.8 203.8 199.2 193.5 189.7 186.4 183.7 181.1 179.7 180 177.8 176.5 174.2 172.4 171.5 171.1 170.7 166.9 162.9 159.2 153.8 148.4 146.6 145.6 143.4 139.1 139.2 138.7 136.6 135.2 133.9 131.9 128.1 126 124.1 123.9 124.3 124.9 130.4 132.2 133.8 137.9 145.2 150.6 155.1 162.2 166.1 165.1 162.9 163.9 163.5 160.8 157.4 153.9 150.8 150.8 148.2 136.8 138.2 138.1 130 125.8 124.9 120.4 116.5 109.5 111.7 122.1 140 155.7 155 154.1 154.4 158.5 165.8
253.4 256 251.3 247 242.8 233.7 228.2 221.5 215.6 207.7 205 198.1 196.1 192.3 188.5 184.4 181.7 179.1 175.7 174.3 172.8 172.3 170.8 169.5 166.8 164.8 161.9 160.1 160.3 151.9 147.4 143.6 141 138.7 138.6 140 134.2 132 131.7 129.5 125.1 123.8 124.2 125.8 126 124.8 125 127.7 130.7 135.6 141.5 149.1 155.2 161.8 167.1 168.5 166.7 164.3 163.1 161.4 161.2 162.8 167.5 168.8 167.4 164.3 158.1 148.4 137.8 131.9 128.7 122.5 111.4 108.4 109.8 122.2 139.8 154.9 154.6 154 155.8 163.3 166.1
258.1 259 260.1 251.9 245.4 240.7 236.5 230.1 222.7 218.7 210.4 203.1 199.3 195.1 191.2 187.3 183.5 180 176.6 173.3 171.4 170.8 170.7 167 164.2 162.1 160.7 160.1 161 155.8 149 144.4 144.5 148 144.8 134.9 132.6 129.2 129.4 127.8 125.4 124.8 124.4 123.8 123.8 124.3 124.2 125.9 128.1 133 138.5 145.1 154 158.6 167 169.8 168.3 168.1 169.1 175.5 175.8 179.1 180.3 184.8 181.7 166.3 161 150.1 139.2 129.9 129.4 121.3 109.9 108.3 108 120.2 138.5 155.9 153.8 153.8 155.5 156.7 162.5
260.2 259.7 260.3 251.4 247.7 245.9 242.7 234.5 230.5 224.7 215.6 207.9 202.7 197.8 193.5 189.6 184.8 181 177.1 172.7 169.5 167.1 166.9 164.4 161.7 160.2 157.7 156.6 156.1 156 152.8 145.5 144.7 146.9 144.8 136 132.7 134.3 132.2 128.8 127.2 125.5 126 123.5 123.1 123 124.1 125 124.1 128 134.7 142.9 151.1 159.9 167.3 167.9 175.4 180 180 180.9 182.3 185.2 184.8 185.4 182.1 172.9 159 149.7 138.9 129.8 125.2 119 108.7 107.9 107.9 114 134.8 156.8 154.8 155.1 154.1 153.7 153.6
264.7 259.1 256.3 249 248.1 246.2 245.5 237.8 231.3 224.3 217.9 213.1 207.1 201.6 196.1 191.7 187.1 181.3 176.8 172.7 167.9 165.2 163.7 161.9 160.5 157.6 154.5 154.2 153.3 153.1 151.1 147.4 144.2 140 138.9 142.2 141.3 141 141 136.9 129.6 126.9 125.4 124.7 122.8 122.8 122.8 123.1 122.7 123.7 127.8 138 146.9 156.9 167.3 171.7 180.3 179.2 183.4 181.3 183.5 186.1 183.9 184.8 183.5 174.2 158.1 147.8 137.1 129.2 123.1 114.9 109 107.9 107.9 110.7 130.5 153.2 154.6 154 154.7 153.5 149.5
259.8 259.3 256.5 251.8 246.5 246.4 246.3 237.9 230.9 224.2 218.3 213.4 207.9 201.2 196.6 191.7 187 180.6 174.8 170.3 165.9 162.8 161.2 160 161.2 153.8 153.8 153.2 150.9 148.9 147.2 143.9 138.8 139.6 140.3 140.9 140.9 140.3 139 136 130.5 130.6 128.9 125.8 123.9 122.8 122.8 122.7 122.2 121.3 124.5 131.1 138.5 152.6 164.7 172.3 178.9 181.1 183.3 180.2 181.9 184.6 181 179.3 178 171.1 157.8 147 135.2 129 123.2 114.1 110.4 108.4 108.1 109.8 128.2 151.4 153.7 153.6 155.4 153.2 149.9
252.8 258.5 256.7 251.8 244.7 246.2 243.8 235.7 229.9 223.5 217.2 211.2 205.5 199.7 193.5 188.4 181.9 176.4 170.1 165.1 162.5 160.4 160.5 159.1 157.5 158.7 160.3 154.5 151.5 151.1 146.3 143.8 143.4 142.6 141.5 140.5 139.4 138.5 137.5 137.7 137.8 138.6 137.4 128.2 126 123.2 122.7 122.7 121.1 121.2 122.3 128 132.5 143.4 161.5 170.8 176.5 181 181.1 179.6 182 182.9 179.2 177.4 172.7 169.7 161.3 148 135.6 129 121.6 113 110.6 108.7 107.9 109.1 125.4 151.3 151 154.3 156 154.8 149.5
250.7 255.6 255.7 250.8 245.1 244 238.7 231.4 225.6 218.5 213.2 206.9 200.9 194.2 185.3 180.5 172.3 168.6 166.1 165.2 163.3 161.7 162.9 163.7 164.8 166.2 163.1 157.9 154.7 154.2 152.8 150.3 148.5 147.1 146.1 145.7 144.7 144.1 144.8 145.9 146 146.7 148.2 139.8 129 124.4 122.8 121.2 120.9 120.6 120.3 124.3 127.7 134.9 152.4 165.1 172.4 180.3 179.8 179.7 179.2 181.1 179.6 175.8 171.3 167.5 161.4 148.2 136.6 128.7 120.5 114.1 110.6 109 107.9 110.5 127.8 147.4 150.4 155.7 156 154 152.4
248.9 251.1 252.1 246.6 239.9 237.3 231 225.1 218.9 213.2 206.8 201.2 194.1 184 173.7 174.5 177.5 176.7 174 169.7 168.3 166.9 168.4 173.7 171.9 170 166.7 163.4 162.6 161.5 160.9 158.9 156 154 153.8 153.7 153.8 155.3 155.9 155.3 155.1 154.9 152.7 150.1 142.8 132.4 125.5 122.3 121.9 121.3 120.1 119.5 123.3 129.2 142.5 157.6 167.7 177.5 179.5 179.5 178.6 180.8 178.2 173.6 169.5 166.2 160.3 148.3 137.1 127.5 117.6 114.1 112.1 108.5 108.2 113.4 128.3 148.5 151.9 155.8 154.9 153.8 154.8
247.3 244.9 247 243 235.6 226.8 219.8 214.3 213.1 209 199.8 192.8 186.4 173.9 184.4 187.4 188.8 185.9 181.1 177.8 179.4 178.8 176.5 178.6 178.3 175.4 173.1 169.9 167.8 167.2 166.2 165.3 163.6 163.3 163.9 163.8 163.4 164 164.2 165.1 162.7 162.9 159.2 153.2 151.8 144.6 135.1 127.3 122.7 121.2 120.3 119.3 119 122.8 133.6 148.9 161 172.7 176.5 176.6 174 176.8 174.7 171.9 168.5 166.2 160.4 149.3 136.7 125.4 117.8 115 112 108.5 108 111.6 126.9 150.6 156.5 160.1 158.3 155.1 156
245.3 242.4 241.4 237.3 231.1 222.7 216.3 209 201.7 199.9 187.8 179 188.5 192.8 195.5 196.6 195.9 193.8 192.5 191.9 190.2 188.4 183.8 186.2 186.4 182.3 177.3 176.3 176.5 175.7 173.8 171.7 169.4 168.5 170 171.1 172 173.1 172.8 171.8 171.2 168.2 166.3 162.4 156.2 151.8 140.8 131.4 123.3 119.2 119.4 118.7 117.9 119.2 125.4 137.9 154.1 166.3 172.4 173 173.7 173.2 171.9 170 167.6 165.4 159 149.7 135 124.7 117.8 115.9 112.2 108.1 107.9 110.3 124.1 150.9 158.4 161 159.7 157 154.9
243.6 240.4 237.9 233.3 226.3 218.9 211.4 204.3 196.7 183.8 192 200.1 202.9 204.3 205.7 203 202.8 204.6 203.1 199.1 192.8 192.5 193.1 192.4 191.1 188.5 185.7 184.5 182.2 179.8 177.9 175.9 174.3 173.2 175.2 176.7 178.1 179.9 180.9 180.1 178 176.2 173.7 170.2 165.7 151.8 143.4 133.5 125.2 119.2 118.2 117.9 117.8 117.8 119.8 127.5 141.9 157.4 167.5 169.5 171 170.7 168.9 166.7 165 165.3 158.4 149 134.7 122.1 116.6 116 110.8 107.9 107.9 107.9 122.2 152.2 161.1 159.6 159 156.5 155.4
244.2 243.2 238 232.7 223.5 215.9 209.5 204.6 188.7 199.5 209.5 214.2 215.7 217.2 213.7 212.1 212 206.5 203.3 201 201.1 200.4 198.1 197.4 197.1 195.4 191.2 187.6 186 186.2 183 180.1 178.1 176.9 177.9 180.2 182.9 186.1 187.6 188 186.5 183.4 180.5 177.2 172.9 163.2 149.2 134.8 125.7 119.3 118.1 117.9 117.8 117.8 117.9 121.6 131.9 146.3 157.9 163.8 167.1 170 167.6 164.3 164.1 162.8 157.8 147.4 131.3 120.8 114 112.5 109 107.9 107.9 107.9 125.8 153.2 162.8 159.8 158.5 156.1 156.3
245.6 242.1 235.9 228.3 217.2 214.2 214.5 201.2 203.1 214.3 221.5 225.1 227.1 226.6 222.4 220.4 216.1 207.6 209.6 211.2 206.4 207 202.8 201.9 201.5 200.3 197.7 192.9 188.5 186.4 185.9 183.7 181 179.3 180.4 183 187.4 191.7 194.4 195.1 194.7 191.4 187.2 183 179 174.6 168.3 149.4 133.5 119.5 118.1 117.9 117.8 117.9 117.9 119.1 124.4 134.5 147.7 157.8 161 167 165.1 163.3 161.9 161.4 156.1 143.5 129.3 117.6 112.4 111.1 107.9 107.9 107.9 107.9 136 155 161 158.8 156.8 156.9 157.4
245.8 237.7 229.3 224.6 227.5 224.2 217 204.8 210.9 222.2 228.4 237.6 232.5 226.9 223.8 221.7 218.3 216 213.6 211 210.8 209.3 204.4 204.3 204 205.4 201.8 198.2 194 189 187.7 186.2 183.4 182 183.1 186.8 191.4 195.9 200.8 201.2 200 197.6 194.9 188.9 185.1 179.9 172.4 162.2 147.3 130.3 118.3 117.9 117.8 117.8 117.8 118.1 120.2 125.2 136.4 148.3 153.8 160.1 162.4 161.7 159.4 158.1 152.2 140 127.2 115.6 110.5 111.2 107.9 107.9 107.9 108.2 145 158.9 160.5 158 156.7 157.2 158.2
239.3 232.8 228.2 235 232.6 226.3 218.1 208.7 211 222.8 232.2 236.8 231.2 226.4 224.3 225.1 226.2 220.6 216.1 215.4 212.8 209.3 205.1 204.1 204.7 204.8 203.7 201.3 198.6 192.8 187.8 185.4 184.2 184.1 185.4 189.6 194.5 199.1 202.3 203.2 203.2 202 200 196.3 190.6 187.8 183.4 174.7 159.2 141.8 126 117.9 117.8 117.8 117.8 117.8 119.6 121 126.3 138.6 149.4 153.2 158.3 159 157.3 154.7 148.7 137.3 124.5 113.2 108.5 107.9 107.9 107.9 107.9 113.5 144.3 157.3 160.1 157.8 156.8 156.9 157.4
233.7 232.3 235.2 235.9 233.2 227.1 219.8 211.1 208.8 222.4 231.3 234.6 230 230.2 230.7 228.8 227.1 225.9 221.1 218 213.9 209 205 203.7 203.9 203.2 201.6 201.4 200.8 197.6 191.2 188.1 185.2 184.4 186.9 190.8 196.5 201.2 203.8 205.3 204.7 203.3 202.9 199.7 196.2 193.7 190.7 179 172 154.7 135.3 123 118.1 117.9 117.8 117.8 118.4 119.7 123.8 131.8 142.6 149.6 153.9 154.8 154.2 151.9 143.5 133.3 120.5 112.1 107.9 107.9 107.9 107.9 107.9 120.8 140.8 156.9 159.2 157.9 156.9 157 157.2
245.9 242.2 239 235.3 231.8 228.4 224.7 214.2 208.6 222.4 231.3 233.4 231.4 232.8 231.2 228.9 231 227.6 222 218 214.1 209.2 204.5 202.8 201.5 200 196.9 198 196.4 195.5 194.6 191.1 188.4 188 189.5 192.9 197.5 202.8 206.3 208.1 205.9 205 203.5 201.7 200.3 198.1 195.4 188.5 176.6 163.6 145.2 126.8 121.9 117.9 117.9 117.8 117.9 118.8 122.5 126.7 135.4 144.8 151.6 151.8 151.4 149.5 142.9 129.4 118.8 111.3 107.9 107.9 107.9 107.9 107.9 121.7 137.7 152.5 159 158.7 157.2 156 156.3
245.9 243.7 237.9 234.1 231.2 230.9 227.6 219.8 209.3 222.4 232.2 234.5 234.7 235.8 234.1 231.5 229.4 226.9 219.7 217.7 214.3 209.6 204.7 202.7 200.4 196.9 194.1 192.8 191.8 192.5 192.9 190.7 190.2 189.8 192.1 195.3 195.2 201.8 205.8 207.9 206.6 206 203.8 202.3 201 198 193.5 187.7 180.4 170.2 154.3 134.4 125.8 120.2 118.3 117.9 117.8 118.3 121.1 126.3 130.7 138.4 146.3 148.9 148.5 146.6 141.4 128.9 117.9 109.3 107.9 107.9 107.9 107.9 107.9 120.9 130.3 150.5 155.3 155 156.1 155 154.7
246.2 240.8 237.3 232.1 230.4 231.1 228 221.7 212.5 227 233.4 235.9 237.5 238.9 238.4 234.3 229.6 225.1 219.3 217.3 214.4 210.7 205.8 202.7 199.6 196 192.9 189.4 188.4 188.7 188.9 189.2 188.6 189.8 192.7 195.6 197.1 199.4 202.8 204.7 206.1 205.6 203.6 201.9 199.7 195.8 191.4 186.5 179.6 172.9 155.5 144.3 132.3 123.7 120.8 118.7 118 117.9 117.1 126 131.2 134 140.5 145.1 145.2 143 139 129.4 117.1 108.5 107.9 107.9 107.9 107.9 107.9 119.7 126.1 147 155.2 154.5 154.3 154.2 153.8
