webserver/python/data/NS62.asc
ncols 200
nrows 200
xllcorner 260000
yllcorner 620000
cellsize 50
[rows 140 to 174 of 200, columns 0 to 77 of 200]
186.4 184.9 183.8 183.1 182.5 181.8 181.6 181 180.4 180.1 179.8 178.6 178.6 178.4 177.9 177.2 176.6 175.9 177.2 177 179.5 181.8 188.9 193.5 196.9 199.8 203.1 206.3 210.1 214.1 215.3 215.6 216.6 218.1 219.6 220.3 220.4 219.2 217.9 216.5 216.3 217.1 223.1 231.3 239.7 246.4 248 248.3 247.7 246.5 244.2 241.4 239.9 239.4 238.3 238.6 238.9 240.5 238.6 243.5 245 246.1 245.6 232.7 230.3 230.5 239.4 249.2 251.5 250.3 251.1 251.2 252.3 253.7 255.1 256.6 258.1 259.7
185.2 183.5 182.4 181.5 181.5 181.7 181.1 180.5 180 179.4 178.7 178.5 178.6 178.3 178 177.3 176.5 176.5 177.4 179.4 187.1 190.2 192.4 197.1 199.8 203.5 206.9 210.1 214.5 216.6 217.3 217.7 217.8 219.1 220.4 220.9 219.9 218.7 216.7 216.5 215.5 217.7 225.7 233.8 242.1 249.4 252.2 253 251.6 249.7 247.3 244.8 243.2 241.5 239.9 237.5 238 239.7 242.2 244.9 246.4 247.5 248.5 248.6 241.8 237.2 232.8 237.3 245 248.9 250.4 251.1 252 253.4 254.8 256.2 257.6 259
185 183.1 181.3 180.9 181.4 181.6 181.3 180.4 180 179.4 178.4 178.1 178.4 177.9 177.4 177.1 175.6 177.3 181.5 186.1 190 193.8 196.2 199.8 202.5 206.6 210.6 214.6 218.7 218.7 219.3 219.8 219.9 220.1 221 220.5 219.6 216.9 214.7 214.5 214.7 220.1 228.6 236.7 245.4 254 258.9 259.3 256 253.1 249.6 246.8 244.9 243.6 242.1 239.8 239.2 241.2 243.1 246.2 247.8 248.8 249.4 249.9 249.4 248.4 232.8 235 235.9 244.5 249.5 251.1 252 253.1 254.5 255.2 256.4 258.3
183.4 181.6 181.1 179.9 180.9 185.3 190.6 180.7 179.6 178.7 178.2 177.2 177.4 176.7 176 176.4 175.9 181.7 186.8 189.5 190.3 194.5 199 201.4 205.6 209.8 213.8 219.4 221.2 221.1 221.4 221.9 222.1 221.3 220.6 220.2 218.6 214.1 212.9 213.4 214.6 222.4 231.5 240.6 250.4 259.3 263.7 262.8 258.7 254 250.7 248.2 246.8 245.1 243.4 243 241.8 242.6 240.8 246.9 249 249.6 250.3 250.9 250.8 250.4 248.8 235.8 236.2 238.1 238.7 249.5 252 252.4 251.3 252.9 255 257.6
182.5 181 180.2 183.4 179.5 186.1 190.5 180.6 178.7 178.1 177.5 176.8 176.6 175.7 176 177 180.7 182.6 187.1 190.4 193.4 197.2 200.2 203.4 206.9 213.1 217.3 221.9 222.7 223 223.4 223.2 222.1 221.1 219.1 217.9 213.6 210.5 211.3 212.8 214.3 222.6 235.1 244.4 253.1 262 264.4 262.8 258.8 254.7 251.4 249.1 247.1 245.1 244.4 243.9 243.5 243.9 240.7 248.8 250.1 251 251.6 251.8 251.4 250.4 248.9 248.9 238.6 237.4 239.4 239.5 239.7 243.7 246.7 244.5 248.9 249.4
182.4 181 180 178.9 181.2 180.2 179.7 179.1 178.4 178.1 177.6 176.9 175.6 175.3 178.1 180.7 182.7 184.9 188.1 198.9 194.3 198.8 202.3 205.4 208.5 214.1 219.8 223 223.7 224.3 224.6 223.4 222.2 220 216.8 214.5 209.9 209.2 211.6 212.8 215 226.7 237.7 247.4 255.9 263 263.9 262.1 258 254.5 251.2 248.8 247 246.1 245.4 244.1 243.3 245 247.1 249.5 251.1 252.3 252.8 252.4 252 251.6 251 250.6 251.1 244.1 240.8 243.4 245.5 242.1 244.2 254.2 256.4 257.8
183.6 181.9 180.1 177.9 179.9 177.8 178.8 178.4 177.6 177.1 176.6 175.2 175.9 175.7 179 182.6 185.1 186.9 190.7 198.4 197.5 200.7 204.3 207.5 210.6 215.1 220.1 223.5 225 225.4 224.6 223.5 221.1 218.4 214.8 210.3 208.4 209 210.9 213.4 219.6 229.9 240.3 250.2 258.4 263.7 264 261.6 256.8 253.8 251 248.6 247.5 247 246.5 243.8 241.8 245.6 247.4 249.5 251.6 253.3 253.7 253.5 253.2 253.2 253.2 252.8 253 251.9 251.5 249.6 250.3 251.5 255.1 258.6 259.9 260.5
185.3 182.3 179 176.6 179.6 178.1 175.3 178.2 177.1 176.3 175.3 174.8 175.9 177 179.3 183.2 186.6 198 193.3 196.2 199.8 203.2 206.6 209.3 212.2 215.3 219.3 222.6 225.3 225.7 224.9 222.6 220.1 216.6 212.6 208.3 207.5 208.6 210.7 214.1 222.1 232.5 242.8 253.1 259.8 263 264.1 260.8 256.3 252.7 250.3 248.7 247.7 247.1 246.8 245.7 243.8 242.8 246.8 249.6 252.2 254.1 254.6 254.6 254.5 254.5 254.7 254.8 254.2 253.7 252.6 250.2 251.9 254.9 258.4 261.1 262.4 262.8
185.9 183.2 179.4 177.8 176.1 175.5 176.7 177.7 177.2 175.7 175.3 175.7 176.7 180.3 182.9 186 189.2 199 195.6 198.2 202 205.6 208.9 211.7 214.3 217 219.1 221.9 223.4 224 224.2 221.7 218.8 215 211 207.4 207.4 208.6 210.7 216 224 233.9 244.3 254.1 260.2 263.3 264.2 261.2 257.1 252.5 250.3 248.9 248.1 247.8 247.6 247.1 244.8 241.4 247.4 249.3 252.2 254.8 255.7 255.9 256 256 256.2 256.2 255.9 254.5 253 251.9 253.3 255.3 259.2 262.3 263.8 263.6
185.7 183 181.4 178.1 174.9 174.7 176.8 177.1 176.3 174.5 175.7 177.2 178.8 183 184.9 188.6 192.4 195.9 197.4 200.2 204 207.7 211.2 213.9 216.4 218.8 220.4 221.7 223.3 223.4 222.8 221.4 218 213.5 209.5 206.5 207.3 208.3 212.4 217.8 226.2 235.7 245.6 254.4 260.1 263.5 263.9 261.5 257.7 253.2 250.6 249.7 248.8 248.5 248.1 247.5 244.8 241.8 248 249.6 252.8 255.5 256.7 256.9 257.6 257.7 257.4 257.4 256.4 254.4 253.1 253 254.6 256.5 260.2 263.2 265.1 266.9
184.4 183 181.2 176.6 174.4 174.7 175.2 174.8 175.1 175.8 178.3 180.9 183.4 185.1 191.5 197.7 197.7 196.8 200 203.2 206.6 210.2 213.6 216.2 218.6 220.2 221.5 222.4 223.5 223.9 222.8 221 217.6 212.7 208.4 205.8 206.7 208.1 213.9 217.6 226.2 235.2 244.6 252.6 258.5 260.8 259.2 258 257.3 254.3 252.4 250.6 250.6 249.5 248.3 247.8 246.4 243.4 247.2 249.5 252.9 255.5 258 259.4 260.1 260.1 259.6 258.7 256.8 255 254.9 255.5 256.9 258.3 261.4 265 266.8 268.1
187.5 184.6 181.4 175.8 176.5 175.4 177.2 175.1 177.8 180.1 183.4 183.8 185.3 187.4 190.4 196.1 197 200.1 203.6 206.8 209.8 213.2 216.2 218.8 220 221.6 223.7 224 224.3 224.1 222.3 220.5 216.9 211.6 207.8 205.2 206.8 209.2 216.4 219.5 223.3 231.7 239.4 246.9 252.4 254.5 253.5 253.8 255.2 254.7 253 251.3 250.4 249.8 248.6 248.5 247 245.4 247.3 250.4 252.9 256.3 259.5 261.6 262.1 262.2 260.9 259 257.2 256.3 255.8 257.3 258.6 260.8 264.2 267.1 268.8 269.8
187.1 190.3 187.6 173 180.5 179 180.1 181.6 184.1 182.4 182.4 184.1 187.1 189.7 192.6 196.5 200.5 203.6 207 210.4 213.4 216.2 218.7 221 221.9 223.1 225.8 225.9 224.9 224.1 222.3 220.2 216.4 210.7 207.4 205.2 207.2 210.9 216.8 220.1 222.7 227.6 233.3 240.1 246 247.9 249.2 250.9 253 252.5 252.6 251.7 250.9 250 249.5 249.1 248.6 246.8 245.7 251.7 253.5 257.2 261.3 263.4 264 263.6 261.5 259.5 258.5 258.6 258 258.8 261.5 262.8 266 268.7 270.1 271.4
187.5 189.9 184.9 173.4 180 180.7 180.7 189.3 182.6 183.5 184.9 185.4 188.1 190.8 194.7 199.8 203.7 207.1 210.2 213.2 216.3 218.6 221 221.9 222.5 226 226.2 225.4 224.8 224 222.7 219.4 214.8 209.4 206.2 206 209.4 213.1 217.2 220.6 223.4 227.4 231.9 237.1 241.6 245 247 249 251 251.8 252.8 252.2 251.6 250.9 250.6 250.4 249.7 248.4 242.5 253.4 253.6 257.8 261.9 264.4 265 263.5 261.8 260.5 260.3 260.5 260.3 260.1 263.9 265.7 268.9 270.3 272.5 273.6
183 178.1 173.3 180 181.5 181.2 180.8 188.4 183.5 184.5 186.1 188.4 191.5 193.2 198.8 202.9 206.6 209.4 212.8 215.6 217.2 219.8 221.9 222.4 225.9 226.7 225.6 224.8 224.4 223.1 221.6 217.8 211.9 207 204.5 208.7 211.1 213.4 218.2 221.7 225.3 229.8 234.7 239.4 242.9 245.8 247.5 249.8 251.7 252.3 253 253.1 252.5 252 251.8 251.5 250.7 249.5 249.9 249.2 253.7 257.7 261.8 264.4 264.3 263.3 262 261.6 262.1 262.9 263.8 264.5 267.5 268.6 270.1 271.9 274.3 275.6
178.3 174.5 182.3 183.8 182.8 181.7 181.2 184.3 184.7 185.7 189.2 190.2 193.2 196.2 201.9 205.5 208.1 210.9 213.7 214.6 216 218.2 219.9 223.3 226.3 224.9 224.2 223.8 223.1 221 218.3 214.7 209.7 203.9 204.1 207.5 210.9 214 218.4 222.7 227.2 232.1 236 239.7 244.2 246.5 248.1 250.4 252.1 252.6 253.2 253.8 253.4 253.1 252.7 252.3 251.5 250.5 250.2 246.9 252.9 256.8 261.4 263.4 264 263.4 263.6 262.9 263.8 267.1 266.3 267.1 268.8 271.7 272.7 273.5 276.1 277.5
173.2 174.3 181.8 183.1 183.6 183.4 182.7 183.2 183.9 185.3 189.4 191.1 192.9 197.6 203.7 206.9 209.4 211.6 213.1 213 212.5 214.1 219.4 227 224.8 222.7 222 221.5 219.7 217 214.3 210.6 206.8 202.9 203.2 207.2 212.5 215.4 218.5 223.5 228.1 232.8 237.3 241.7 245.2 248.2 250.1 251.5 253.7 254.3 254.4 254.4 254.3 253.9 253.5 253 252.4 251.7 251.1 247.5 252.3 256.6 260.9 262.3 264.1 264 264.6 266.3 269.3 270.3 270 270.5 271.2 273.1 275.1 276.1 278 279.9
179.7 172.5 183.5 183.4 183.4 183 183.6 184.2 185.3 187.3 191 193.6 194.9 201.8 203.9 207.2 210.1 211.8 211.8 210.9 210.1 211.3 218.3 221.6 221 219.7 218.4 216.4 212.9 210.6 209 206.9 202.6 202.6 203.8 207.8 213.5 217.2 220.5 224.2 228.9 233.7 237.9 242 246.1 249.1 251.6 252.9 253.9 254.7 254.2 254.7 254.7 254.5 254.1 253.8 253.3 252.2 252.1 248.3 250.4 256.7 259.7 261.7 263.6 264.7 266.4 269.5 272.2 273.4 273.4 272.3 273.6 273.9 275.8 278.5 279.6 281.7
181.7 180.2 177 182.6 182.4 183.9 183.5 184.8 186.9 190.6 194.1 194.4 200.9 204.2 206.3 208.4 210.3 211.7 211.4 209.4 208.6 207 212.5 213.5 213.5 212.9 211 207.9 205.4 203.8 204.1 202.3 202.2 203.8 204.1 207.1 212 217.2 222 227 231.3 235.5 239.6 242 246.1 249.7 251.1 252.3 253.3 253.9 254.7 255.2 255.1 255 254.7 254.3 254 253.2 253.3 250.7 252.9 255.9 259.6 262.1 265.3 268.2 269.4 271.2 274.6 278.1 275.9 277 276.9 277.5 277.6 280 282.4 283
183.5 183.1 176 180.7 181.8 182.7 183.1 186.7 190.9 194.6 195.1 197.6 203.8 205.8 207.7 209.4 210.8 211.7 211.3 209 206.7 205.8 205 205.3 204.5 203.6 201.8 200.3 199 199.6 200.2 203.5 203.2 204.6 206.3 210.1 213.4 217.6 223.4 228.4 232.9 237.5 241.3 243.8 245.1 248 250.2 250.8 253.1 254 255.2 255.5 255.4 255.3 255.2 254.8 254.5 254.1 253.1 253.2 254.4 257.8 259.9 262.8 266.2 271.3 273.4 274.4 276.3 279.7 278.5 277.3 279.4 280.4 280.4 281.4 284.1 284.7
183.6 183.2 183 171.6 178.8 183 183.6 188.5 192.2 196.3 195.6 200.4 204.6 206.7 209.2 210.6 211.9 212.3 211.8 210 206.2 203.5 201.4 199.6 198.3 197.2 197.3 197.5 199 199.8 200.9 203.9 204.4 205.9 208.8 211.4 214.5 218.4 223.7 229.3 234.3 238.6 242.9 245.7 246.6 248 249.5 250.7 253.3 255 255.2 255.6 255.5 255.4 255.3 255.3 254.8 254.4 254.3 254.7 256.9 257.4 260 263.5 268.5 273.7 275.7 276.7 278.3 279.9 280.5 280.4 281.3 283 283.1 283.8 284.5 286.2
185.9 182 173.5 169.8 180.7 184.5 184.7 186.4 191.3 194 196.6 203.3 205.9 208.3 210.8 212.3 213.3 213.8 213.2 211.3 207 203 199.7 197.9 196.5 197.6 198.6 200.4 200.8 201.4 201.8 203.9 206.3 208.6 211.7 214.3 216.4 220.2 225.7 231.5 235.5 239.6 243.7 247.1 248.1 248.9 248.9 251 252.1 253.7 254.4 255.4 255.3 255.2 255.2 255.4 255.4 255.1 253.7 255.8 258.3 259.1 260.8 264.7 270.4 275.4 277.4 278.5 279.7 280.9 281.9 282.4 281.9 284.2 285.2 284.9 285.5 287.1
186.4 172.2 173.2 183.7 183.6 184.5 186.3 191.1 196 201 205 207.7 209.7 211.2 212.6 213.7 214.6 215.2 214.2 212.5 208.1 202.1 199 196.2 195.7 200.9 202.2 203.1 203.3 203.4 203.4 204 208.7 212.2 214.3 215.7 218.9 223 227.9 232.7 236.8 240.6 244.4 246.8 247.8 248.8 251.8 252.5 253 253 253.8 254.8 255.1 255 255.2 255.4 255.6 255.6 260 253.5 259.6 261.1 263 266.6 271.2 276.3 278.4 279.6 280.7 281.8 283 283.7 284.5 283.9 286.8 287.4 287.9 288.5
185.7 166.4 173.3 182.6 183.3 184.9 188.6 194.4 199.6 204.5 207.9 210.3 212 213.5 214.6 214.9 215.9 216.1 215.2 212.1 206.9 201.8 197.2 194.7 197 201.9 205 205.8 204.9 203.8 204.1 205.7 211.4 214.6 215.9 217.9 221.6 226 230.1 233.3 237 240.7 244.4 246.3 247.3 249 252.4 253.6 252.9 252.7 253.4 254.1 255 255 255.1 255.3 257.3 258.2 266 253 263 263 263.9 267.7 271.3 276.6 278.4 279.9 281.2 282.6 283.9 285.1 285.9 286.4 286.8 288 288.1 289.4
183.8 170.2 174.7 180.1 182.2 184.5 188.8 195 200.5 205.5 209.6 212.5 214 215.4 216.5 216.6 217 216.4 213.6 209.4 204.2 198.9 195.9 193.9 198.7 203.5 207.4 207.9 204.9 202.5 204.1 208.4 212.9 215.2 217.5 220.5 224.2 228.5 232 234.8 237.1 240.7 244.4 245.8 246.9 249.9 252.8 252.3 252 252.6 253.2 253.9 254.6 255.3 255.9 256.6 257.2 258.7 261.7 258 266 265 265.4 267.8 271.1 275.6 278 279.8 281.1 282.4 283.7 285.4 286.6 287.3 287.2 288.9 289.5 290
186.9 186.5 182.1 166.9 179.6 186.1 188.2 194.5 200 205.4 209.9 213.3 215.1 216.5 217.3 217.7 214.7 212 208.9 204.4 199.7 196 194.3 193.6 195.3 201 205.5 205.8 204.4 201.9 205.7 209.2 214.5 216.1 219.9 223.1 227.2 230.7 234 237.2 239.4 241.7 244.3 245.3 247.2 250.7 251 251.4 252.5 253.2 253.8 254.6 255.4 255.6 255.8 256.9 259.4 262 264.1 260.8 266.5 267 264.9 266.5 270.9 273.2 276.3 279 281.5 282.8 284.6 286.5 287.9 288.7 287.1 289.2 289.9 291.1
188.3 183.8 169 174.4 182.5 184.8 187.1 192 198.5 205 209.3 212.2 214.5 215.7 216.6 213.6 209.8 207.4 203.6 199.7 194 193.2 193.8 193.8 194.3 195.7 197.6 198.4 199.9 201 208.6 212.6 216 219.2 222.6 225.9 229.5 232.8 236.1 238.9 241.1 242.7 243.9 246.3 246.9 250.3 250.5 251.7 253.2 254.2 254.8 255.4 256 256.2 256.8 258.9 261.5 265.4 266.6 266.3 262.4 268.4 267.9 267.6 269.6 272.5 275.3 277.8 280.9 283.4 285.4 287.4 289.5 290 289.5 289.3 290.9 292.1
184.9 165.8 171.2 180.1 182.6 183.8 184.9 188.5 195.4 203.2 206.8 210 211.9 213.2 209.6 206.7 204.7 201.9 197.7 194.3 193.7 192.6 193.3 194 194.8 197.4 200.6 200.9 202 203.2 210 215.4 219 222.5 225.9 229.3 231.4 234.1 236.9 239.8 241.3 242.1 244.1 246.2 247.6 250.1 251.5 252.5 253.6 254.7 255.7 256.3 256.7 257.1 258.6 260.8 264.3 268.2 269.2 269.3 267.4 267.5 268.4 269 269.9 271.6 273.1 276.3 280.3 283.3 285.8 288.1 290.7 290.3 290.7 290.7 291.7 293.5
168.7 180.7 178.6 182.2 180.6 181.1 182.2 185.6 192.8 199.4 203.1 205.6 206.6 206.3 204.6 201.3 198.8 193.8 190.9 192.8 192.8 193.3 193.6 194.3 196.7 200.1 203.5 204.9 206.1 210.6 214.1 217.8 222.7 226.1 229.5 232.1 234.1 236.4 239 241.5 242.4 241.7 242.6 245 246.7 248.6 250.4 251.9 253.8 255.3 256.6 257.1 257.5 259 260.5 262.7 267.2 270.1 271.4 270.6 269.6 265 267.4 269.8 270.8 271.9 273.4 274.8 277.4 281.6 285.1 288 289.7 290.5 290.7 291.2 292.7 293.6
181.1 179.8 180 179.6 178.5 177 179.4 183.5 190.3 195 197.9 199.5 200.3 198.6 194.6 194.9 192.6 188.2 189.3 189.7 190.6 192.9 194.9 196.9 199.5 203 206.1 208.2 211.9 215.2 217.6 221.7 226 229.8 232.9 234.9 236.9 238.7 240.7 242.8 241.6 239.7 242.1 244.2 245.9 247.7 250 252.5 254.4 256.8 257.4 257.9 259.4 260.9 262.4 264.6 268.8 271.4 272.2 271.3 270.4 269.5 270.1 270.2 270.6 272 273.3 274.7 275.6 280.6 283.6 286.8 289.3 290.4 290.8 291.2 292.6 292.3
179.6 179.7 178.6 172 163.7 162.7 164.1 176.2 184.6 187.8 189.8 192.5 193.1 189.9 187.4 188 186.1 185.2 190.7 193 193.8 195.3 197.5 199.8 202.6 204.6 206.8 210.7 214.7 217.4 219.8 224.2 228.4 232.7 236.2 238.4 239.6 240.9 242.7 241.5 239.1 237.7 240.7 243.1 245 247.3 249 251.8 254.7 257.9 258.4 260.1 261.9 262.6 261.8 265.3 269.6 272.1 272 271.8 271.1 270.3 270.5 270.4 270.5 271.9 273.2 274.5 276.1 279 281.9 284.8 287.3 290.2 290.9 291.4 292.6 294.2
166.1 178.4 166.3 162.1 159.9 160.4 160.3 158.3 156.9 158.8 169.7 176.9 178.7 181.9 182.7 178.6 182.1 188.9 193.5 195 197.1 198.8 200.7 203 205.7 206.7 208.5 214 216.9 219.6 224.5 228.5 232.4 236.5 238.9 240.3 241.6 242.2 241.3 238.5 235.7 235.5 238.6 239.8 242.9 244.6 246.6 251.8 256.6 258.1 259.9 262.2 263.8 261.7 260.4 263.7 268.3 270.5 270.8 270.3 270 269.9 270.7 270.6 270.5 271.8 272.9 274 274.6 277.4 280.1 282.8 286.2 289.4 290.6 292 292.4 293.6
153.9 159.8 158.8 154.4 154.3 156.6 160.2 161.3 161.2 161.8 161.2 172.7 184.3 179.4 183.2 187 190.6 193.2 196.1 198.2 200.3 202.2 203.9 206.3 207.9 208.9 212.4 216.2 219 223.4 226.9 230.8 234.4 238.1 239.5 239.2 238.4 237.1 237 235.1 232.6 233 236.2 238 239.4 241 246.1 251.9 256.5 256.8 259.3 261.4 262.4 259.4 258.8 259.3 263.8 267.1 268 268.6 268.3 269 269.9 270.7 269.8 270.1 271.8 273.1 273.5 276 278.7 281.2 285 288.5 290.9 291.9 291.8 293
155.8 155.1 157.7 159 159.3 161.1 162.2 161.9 161.7 161.7 160.7 168.4 187.2 187.1 188.2 190.2 195.5 197.6 199.6 201.6 203.5 205.9 207.3 209.3 210.1 210.7 215.5 217.3 220.4 223.8 227.6 231.5 233.6 235.5 233.7 233.4 233.3 233.1 232.8 232.7 230.2 230.2 234 234.5 236.3 240.3 245.3 251 254.4 255.2 258 259.4 259.1 257.7 256.7 257.8 260 262.9 264.7 266 267.3 268.2 269 269.9 268.4 267.5 268.9 270.9 272 273.2 276.8 279.5 283.5 286.8 288.8 290 290.2 291.1
156.9 157.7 158.1 158.6 160.2 167.2 172.5 165.3 164.5 163.9 163.5 166.1 180.7 188.1 190.8 194.9 198.8 201.2 202.8 204.5 206.2 208.2 209.9 210.6 211.3 213.1 214.4 216.5 218.4 222.1 224.9 225.8 226.9 228 228 228.2 228.4 228.3 227.9 229.4 227.8 229.7 231.5 234.3 235.8 239.8 244.7 249.1 251.8 253 256.7 257.1 256.4 255.7 254.7 256.3 257.3 259.5 261.4 263.2 265.3 266.9 267.7 267.3 266.3 264.5 265.9 267.4 268.6 270.3 275.3 277.7 277.6 281.3 285.3 290 291.2 292
