webserver/python/data/NS67.asc
ncols 200
nrows 200
xllcorner 260000
yllcorner 670000
cellsize 50
[rows 76 to 113 of 200, columns 0 to 86 of 200]
180.4 177.5 175.8 171.5 171.1 166.1 163.2 166.3 165.8 164.6 165.6 165.2 164.8 162.8 160.7 158.9 159.8 160.8 159.3 159.2 158.3 158.2 158.1 159.6 161 163.9 166.1 167.8 167.6 166.9 165.2 161.2 158.7 154.1 148.9 144.2 141.8 137.1 129.1 129.9 130.3 132.7 131.5 130.8 130.3 133.1 134.1 135.4 136.6 135.6 133.2 128.8 121.8 115.1 106.5 98.8 95 92.9 90.7 89.1 86.4 81.6 79 76.8 75.7 76 71 68.8 64.3 63.2 62 61.7 60.5 59.1 59.1 59.1 59.8 57.1 55.9 55.6 57.3 54.6 53.8 55.6 57.9 59 59.3
175.3 171.8 169.2 166.8 164 159.1 159.1 162.8 164.4 164.5 163.5 159.4 159.1 154.4 153.5 152.9 154.7 157.9 156.7 154.3 151.5 148.8 146.6 152 153.7 156.2 158 160.1 159.9 159.5 160.2 159.1 157.6 154 150.1 145.5 140.6 137.5 129.9 124.4 126 128.1 128 129.1 131.3 135.2 137.1 140.5 140.9 138.5 135.8 130 123.3 117 108.1 99.3 94.8 93.1 90.7 90.9 90.8 84.4 79.9 77.1 75.5 76 72.7 69.7 67.1 64.1 63.7 63.6 62 60 59.1 59.1 59.8 58.1 57.6 55.3 57.2 57.5 56 55.9 57.6 59.2 59.5
165.6 162.8 161.7 161.9 159.7 159.7 159.6 163.6 166.7 167 166.6 164.8 162.2 157.9 150.8 148.5 149.3 148.8 150 148.9 148.2 146.8 139.9 143.1 145.4 148.6 150 151.5 152.4 152.6 153.2 154.9 156 154.9 150.6 146.1 141.3 137.2 132.1 126.1 123.7 125 130.4 131.4 136.5 141.1 142.3 141.6 140.5 135.5 131.7 127.7 122.2 115.1 108 101.2 95.6 93.5 90.4 91.2 90.4 84.7 81.4 78.1 74.5 72.5 70 69.8 70.5 67.9 64.6 65.1 62.6 62.6 62.7 63.1 61.6 59.7 60 60.5 61.6 60.8 59.1 58.7 59.9 60.4 60.3
158.8 156.9 156.1 155.3 155.9 157.9 160.3 165.1 171.7 172.7 171.3 167.8 163.2 158 152.4 145.3 143.5 142.6 140.3 138.8 134.8 136.3 134.7 133.2 134.3 140.5 142.9 144.2 145.7 146.2 147.2 149.8 153.6 153.4 150.6 146.2 141.3 136 131.4 125.1 119.7 124.7 128.5 132.6 138.7 141.4 142.8 140.9 138.5 134.2 130.3 126.6 120.6 114.7 108.4 103.4 98.7 94 89.4 91.1 90.7 88.6 88.3 84.3 80.7 75.7 74.5 72.8 70.9 69.6 67.9 66.5 68.5 68.2 66.4 65.8 63.2 60.9 61.1 62 62.8 61.6 59.7 59.1 59.3 60.6 61.7
154.3 154.2 153.8 151.5 155.4 162 165.4 171 176 175.6 173.4 168.8 163.2 156.7 150.5 145.2 139.6 137.3 138.3 136.6 135 132.9 130.7 131.5 131.8 132 133.4 136.3 138.2 138.8 140.1 144.4 147 148 147.5 144.8 141.1 136.4 130.4 124.1 119.1 119.8 127.7 133.4 137.8 139.2 139.6 137.3 136.2 133.5 129.1 125.6 119.9 114.2 109 103.4 98.3 93.7 89.8 91.7 93.9 94.8 93.1 91 85.6 81.1 77.7 74.2 70.9 69.3 69.1 70.5 71.5 69.4 66.6 66 64.4 60.7 61.4 63.6 64.2 62.8 61.7 62 62.6 62.5 59.9
147.7 149.8 150.5 152.3 160.6 167.4 170.6 176.3 177.4 176.4 173.8 168.9 163.5 156.7 149.7 144.7 138.6 135 133.4 131.6 127.5 126.8 126.6 125.2 123.9 126.2 128.8 130.7 130.8 130.6 132.4 136.2 139.3 140.4 142.9 141.8 139.2 134.9 129.5 124.1 119.3 117.7 121.2 128.6 132.2 132.8 132.3 131.6 130.5 127.2 123.8 118.9 114 109.6 104.2 97.9 95.4 92.1 89.1 91.8 95.1 94.2 92.7 91.9 88.4 84 79.8 73.7 70.1 71 70.9 70.8 70.5 68 64.7 64.3 63.7 63.2 63.1 64.9 66.1 66.9 67.8 68 70.1 68.6 64.4
140.7 141.5 144.3 149.7 158.6 167.9 171.9 171.7 171.7 172.9 171.6 167.7 163.2 156.7 149.3 143.6 139.3 134.6 127.1 125.7 118.7 118 118.6 117.7 118 116.5 120.3 123.2 125 125.2 125.6 127.1 130.4 133.1 136.2 136.5 136.1 133.1 129.3 124.9 120.6 116.7 114.4 119.6 126.4 127.6 127.8 125.5 121.8 118.5 113.2 107.1 106.1 101.6 95.5 95.4 94.4 89.1 88.9 90.1 90.9 89.8 88.3 86.6 83.4 78.4 75.7 70 68.8 68.9 68.2 67.5 66.2 62.6 60.9 64.9 70.6 71.1 69.3 66.2 66.8 67.7 69.4 70.6 70.6 67.9 65.9
135.2 133.7 135.1 147 154.2 163.9 163.1 162.3 162.8 163.7 162.7 159.2 155.9 151.3 145.4 140.4 135.6 131 127 119 114.3 111.6 113.1 115.3 115.7 115.9 115.7 116.2 117.7 118.5 117.4 117.3 121.4 124.1 127.2 130.2 132.3 130.7 127.7 124 118.6 113.9 112.5 116.4 116.8 118.2 118.3 115.6 114.1 111.3 107.5 102.3 100.1 99.5 96 92.8 90.7 89.1 89 89.1 86.5 85.1 81.9 78.6 77.1 72.9 69.3 68.4 66 65.3 61.1 60.1 60.1 57.2 58.2 62.4 63.7 65.3 66.3 66.1 66 65.8 66.5 66.5 66.9 63.7 62.5
133.9 130 131.2 139.1 148.5 152.2 151.8 152.1 151.8 152.1 152 150.3 148.6 144.6 140.2 136.2 132.1 128.8 124.9 120.6 114.1 109.5 108.2 110.7 111.1 116 115.9 113.1 110.5 112.1 111.4 110.5 111.7 115.5 118.8 123.5 127 125.7 124.1 119.6 115.9 110.7 109.2 112.2 112.3 115.8 114.2 111.9 110.2 106.9 104 105.3 106.8 107.9 106.2 102.8 99.4 94.9 91.7 90.6 85.9 83.8 81.1 77.3 73.5 69.3 69.8 70.1 64.7 59.4 57.7 55.6 56.5 54.7 54.6 55.8 56.9 57.5 60.7 59.6 61.8 62.6 62.5 62.6 62.7 59.9 59.6
141.6 133.7 123.3 131.8 137.8 137.5 139.2 140.5 140.6 141.4 141.6 143.3 143.9 140.8 136.9 135.8 131.6 129.4 126.2 123.2 118.6 112.4 106 104.5 106.9 110.1 109.8 107 103.5 103.9 103.5 104.2 106.3 104.7 109.7 115.8 118.4 118.9 118.3 114.9 112.7 109 105.4 105.7 107.5 108.4 111.8 109.1 107.3 104 104.2 105.6 109.2 110.5 110.7 106.1 100.9 97.1 93 91 88.7 85.7 82.6 78.8 73 69.5 71 71.1 68.3 63.7 57.8 54.1 54.8 54.6 52.8 52.1 51.3 51.4 52 52.7 55.1 56.8 58.1 57.4 61 65.1 61.9
141.7 136.2 126.8 115.3 122.9 129.8 130.4 129.1 129.4 129.3 131.5 132.5 134.1 134.2 132.1 131.1 130.9 130.6 127.2 124.7 122.3 116.5 110 104.9 103.1 101.2 101.5 100.1 98 97.8 99.9 102.3 104 100 100 108.3 114 115.7 115.8 115.6 116 112.1 107.5 99.9 102.7 104.6 105.5 105 106.1 102.5 102.7 104.8 104.5 105 104.1 100.3 97.5 94.9 92.4 88.9 85.3 83.3 80 76.1 71.8 71 70.7 71.1 66.7 62.4 54.8 54.6 54.9 55.2 52.1 49.5 48.8 49.9 48.9 49.3 51.7 54.8 54.2 53.9 58.9 64 62.7
135.5 131.5 125.7 116.2 111.1 116.7 117.8 117.1 119.8 116.8 120.1 121.4 121.4 123 121.7 122.3 124 125.1 125.3 124 121.8 117.9 112.3 108.2 103.8 100.3 99.1 96.1 94.4 93.4 94.5 94.5 94.9 93.1 96.4 104.9 109.3 109.7 108.7 108.7 108.3 108.4 105.1 98.3 91.6 96.1 98.9 98.8 100.5 99 101 103.6 104.1 104.1 103.7 100.5 97.3 94.5 92.3 89.6 86.4 83.2 80.2 79.9 75.8 75.3 75.7 70.5 66.7 62.5 58.7 58.4 58.7 55.3 51.9 51.2 50.7 50.7 49.3 50.2 50.3 52.2 54.3 54.1 55 59.4 56.7
125.3 123.2 117.4 111.9 103 101.6 103.6 105.6 108.7 106.4 107.1 109.7 110.8 111.6 111.5 112.5 115 117.3 118.8 119.6 118.6 115.3 111.7 109.3 106.6 103.7 99.9 96.3 94.2 92.7 90.7 89.2 89 89.5 91.8 95.3 99.1 100.7 101.6 102.4 101.2 99.6 94.2 90.7 84.2 89.2 91.3 95.1 95.2 100.1 102.6 105.3 106.5 106.8 105.8 103 99.5 96.7 93.7 90.9 87.7 84.5 82.6 79.7 76.8 75.8 76.5 70.9 65.8 63.1 60.9 60.9 60.8 58.2 53.3 51.9 51.6 51.2 50.9 49 48.8 51.5 54.4 54.2 54.1 54.4 51.9
118.8 118.7 118.4 119.1 116.6 93.3 91.6 92 95.3 100.3 99.2 99.8 99 99.3 99.8 101.9 106 110.5 112.2 114.3 115.8 113.2 110.6 111 108.8 106.3 102.4 98.9 96 93.1 90.6 88.9 88.2 88.8 89.6 89.3 91.1 93.5 94.3 95 90.8 92 85.4 82 79.9 84.6 89.7 92.3 94.7 100 102.1 106.3 109.4 109.9 109.2 105.9 101.9 98.8 96 92.7 89.8 85.9 81.8 79.1 79.2 78.5 76 73.4 70.6 65.4 63.9 63.8 62.9 60 54.4 52.8 51.9 51.3 50.6 48.8 49.4 52.4 55.3 54.2 51.9 50.2 48.9
117.2 117.2 115.4 113.4 112.1 98.1 90.3 90.4 90.3 88.9 88.1 89.6 96.5 96.6 96.6 95.9 95.4 102.6 105.3 107.3 106.9 107 105.8 104.9 105 104.7 101.7 98.8 95.8 92.9 90 88.6 88.1 88.1 87.1 87 86.8 87.5 88.3 88.1 85.4 83.2 80.1 76 77.7 84.4 86.5 91.4 93.4 96.1 100.3 106.4 110.9 110.9 110.6 108.8 105.5 101.8 100.4 95.8 93.1 90 84.4 81.8 80.9 79 80.1 81 79.8 77.1 71.8 66.3 64.1 61.9 58.9 55.1 52.8 51.2 49.6 49.1 49.5 51.7 52.9 52.6 50.6 50.9 50.4
108.6 108.2 106.7 104 102.2 96.6 90.7 95 90.3 90.3 90.4 84.1 93.3 95.4 95.7 94.4 89.2 93.1 96.8 99 97.7 98.6 97.9 99.5 100.6 104.5 102.5 101 97.7 94 90.9 88.8 88 87.8 86.6 86.2 85.1 83.8 85.7 86 84.7 81.8 74.5 73.4 74 81.6 87.9 90.6 90.2 93.3 99.6 105.1 110.7 110.5 111 109.2 105.3 101.9 100.3 98.8 96 92.2 87.2 82 80.9 79 80.8 80.9 80 78.3 74.7 70.2 66.5 64.2 59.2 54.9 52.3 49.7 50.7 49.6 48.6 49.3 48.1 48.6 47.3 49.7 50
101.9 100.8 99.5 96.5 92.7 88.6 89.6 92.6 94.8 93.3 88.5 84.2 87.1 88.1 91.8 90.5 89.3 87.9 90.2 91.6 91.7 95.9 96.1 101 105.6 109.8 109.2 106 102.6 99.2 96.3 93.6 90.7 89.4 87.8 86.9 86.4 85.9 83.9 85.4 84.5 82.8 77.8 73.5 71.5 81 84.8 84.8 85.2 92.1 98.9 102.8 105 106.4 106.1 104.7 102.1 99.4 97 96.6 95.3 93.3 90.2 85.9 83.5 81.3 79.8 79.4 79 78.6 76 72.9 69.2 65 59 54.1 51.3 50.1 50.9 50.1 45.1 44.2 43.9 43.9 44.3 44.1 43.4
101.4 98.7 97.5 95.6 95.1 92 85.3 84.4 87.2 86.1 86.1 80.2 83.2 83 83.6 86.4 84.9 84.9 85.8 86.8 86.4 89.9 90.8 98.7 107.5 112.2 112.1 109.8 107.1 104.1 100.9 98.5 95.2 92 89.5 87.9 86.7 85.8 82.6 79.4 81.2 79.6 77.8 73.6 69.3 77.2 82.3 85.9 80.7 89 95.3 97.4 97.9 98.9 97.5 96.6 94 93.1 92.3 93.5 95.1 94.1 91.3 88.6 85.1 84.1 82.4 80.7 80.3 80.5 77.9 74.6 69.7 64.7 58.5 54.1 51.6 50.2 49.2 49 46.8 48.6 50.1 49.8 48.7 45 44.3
98.8 97.1 95.5 94.1 93.1 91.3 88.3 85.9 82.6 80.5 78.9 78.9 78.7 79.6 79.2 80.5 81.9 82.3 83.1 84 83.1 83.6 86.8 93.4 101.7 107.6 111.4 111.1 108.1 105 101.4 99.2 96.9 93.6 89.9 88.4 87.1 85.3 82.7 74.8 74.9 74.7 74.7 72.5 69.1 70.5 76 79.6 78.9 81.7 88.1 90.1 90.2 91.7 90.8 87.1 85.7 87.8 86.3 88.4 88.8 90.3 89.4 86.1 85.9 85.6 84.9 83.6 82.9 79.6 76 71.9 67.8 63.1 58.2 54.2 52 50.5 50.9 49.9 49.3 48.8 50.8 50.8 50.9 48.8 48
91.8 89.9 88.4 88.1 88.4 89.5 86.9 83 80 80.6 78.7 77.5 77.6 77.4 78 81 80.8 79.8 81.1 81.5 81.2 81 83.1 87.9 92.4 98.8 104 107.6 107.4 106.1 102.8 100.8 97.8 94.6 91.1 88.7 87.1 85.1 81.9 80.6 75.9 71.8 69.2 69.2 68.2 68 68.5 72.9 76.4 76.4 79.1 81.7 81.8 83.8 83 81 81.9 79.7 77 77 81.5 87.9 94.7 94.9 94.5 92.8 90 86.2 83.2 78.9 74.7 70.5 65.8 62.2 57.4 54.3 51.9 50.6 50.9 50.9 50.9 48.8 50.6 48.8 48.8 49.9 50.3
84.2 84.4 83.5 83 83 82.5 80.7 77.7 76.7 78.2 76.8 76.7 76.2 76 74.1 77.6 81 81 79.3 81 80.7 80.1 80.6 82.5 84.3 89.8 95.7 101.9 104.6 103.9 102.3 101 98.2 95.2 92 89 86.2 83.9 80.8 80 76.5 75.8 73.2 70.4 67.7 66.3 67.3 72.8 76 74.9 76 73.2 76.4 76.9 77.6 78.7 78 75.4 72.8 68.6 75.5 84 89.9 91 90.3 90.2 87.8 83.9 77.1 74 70.8 66 61.4 58.4 54.9 53.5 51.5 50.8 50.9 50.4 49 47.4 49.6 48.5 47.6 49.1 48.8
86.5 82.4 79.4 77.7 77.9 77.9 76.1 73.6 74.3 74.9 75.6 76 75 74 74.5 74.4 75.2 79.5 80.6 79.7 79.6 78.9 78.3 78.1 79.2 84.2 88.6 94.7 100.4 101.2 101 99.7 97.2 94.4 91 84.7 81 78.4 77.6 74.9 76 76 74.3 69.6 65.4 64 65.8 70.7 73 73.2 71.3 69.1 73.9 72.6 74.7 75.7 74.4 71.8 69.8 67.4 66.5 73.4 77.5 79.7 79.4 78 75.6 71.3 68.9 66.4 62.9 58.9 54.4 52.6 51.1 51.5 49.9 49.1 49.1 47.5 46.3 44.8 45 45.3 44.9 44.9 45.3
82.1 79.3 76.6 76 75.1 75.3 74.4 71.4 73.1 75.9 78.5 76.9 73.9 73.9 74.3 73.6 72.9 71.2 75 76.8 81 75.5 74.9 75 74.8 81.3 84.5 90.4 95.5 97.2 96.7 95.2 93.3 90.4 85 77.2 74.7 73.2 73.4 72.9 73.9 72.7 69.5 66.8 64.2 63.9 64 65.8 67.1 69.6 67.1 65.5 66.3 66.7 70.8 72.5 70.7 69.1 68.6 63.3 61.3 64 67.5 69.4 69.5 70 68.9 66.6 63.4 60.5 57.7 54.1 52.1 51.2 48.8 49.7 48.2 47.4 47 45.6 44.4 46 43.8 43.7 43.7 42.7 41.6
77.9 74.8 74.4 75.7 73.7 72.5 71.6 69 72.1 78.3 81 78.7 74.7 74.1 74 72.1 70.3 69 68.7 69.8 70.9 74.3 76 72.9 69.6 76 80.6 86.9 91 93.7 94.4 93.2 90.5 84.9 77.5 70.4 69.6 71.6 73.2 72.9 73.8 70.7 70.4 67.4 63.9 63.4 63.8 63.8 65 66 64 64 64.3 63.9 65.6 66.6 66.6 65.9 65.4 58.8 60.7 61 62.9 66.1 68.5 70.7 65 64.1 62.4 59.3 56.8 54.4 52.4 50.8 50.9 47.8 46.4 45.1 44.7 44.9 43.9 43.9 43.5 43.4 43.6 43 40.8
77.4 74.9 73.7 72 71.2 70.7 70.4 69.4 71.9 77.1 78.4 77.6 75.8 74.6 73.7 71.8 69.9 70.9 69.8 68.7 67.4 67.9 69.5 70.4 69.4 76.4 79.2 85.3 90.8 93 94 92.1 88 81.1 72.2 68.5 69.3 74.3 78.5 80.9 80 78 73.5 70.1 64.7 63.4 63.8 65.4 67.8 65.9 64.8 64.4 64.2 64.1 61 58.6 59.4 60.1 59.7 55.5 58.7 60.9 60 64.3 66.4 65.5 64.6 64.2 65.6 59.6 57.2 54.8 52 50.3 48.5 45.6 45 44.1 44.1 44 44 43.9 43.5 43 43.5 44 42.8
75.4 75.9 72.8 70 69 68.7 68.4 68.6 68.7 74.6 75.3 74.4 74.2 74.3 73.8 71.1 69.3 70.2 69.9 68.6 67.1 66.3 66.5 67.2 69 79.4 79 83 90.2 90.9 91.8 90.7 83.5 77 70.2 68.5 71.2 79.6 85.3 86.5 86 82.8 78.7 72.9 66.4 63.5 64.1 69.5 68.2 64 62.3 62.4 62.4 63 58.4 55.5 54.9 56.2 56.6 54.1 58.5 60.8 59.3 60.9 64.1 64.1 64.7 65.8 65.4 60.3 57.6 55.3 51.9 48 44.9 44.2 44 45.9 44.1 44 44 44 43.6 43.2 43.5 43.9 43.9
74.7 73.1 70.7 68 67.4 67 66.5 65.9 65.3 67.9 71.1 71.4 71.6 71.7 73.7 73.2 71.7 69.3 70.9 68.9 66.8 65.1 64.6 64.6 67.9 72.3 73.7 74.5 80.1 80.1 81.9 81.2 80.6 73.8 68.7 66 71.4 82.3 86.5 86.1 83.5 81 78.4 73.3 65.1 60.8 64.6 62.7 62.8 60.7 58.8 58.3 60.3 57 52.3 51 54.4 54.9 52.3 54.5 59.5 61 60 61.1 60.3 60.6 61.9 64.7 67.3 59.7 55.6 53.3 49.8 46.2 44 45 45.7 45.7 45.4 44 44 44 43.9 43.7 43.7 44 45.3
72.8 71.3 68.5 66.3 65.8 66 65.1 64.5 64 63.9 65.4 67.6 69.2 71.2 74.3 75.1 74 69.6 69.9 68.5 66.3 64.4 64.1 64.1 65.2 66.4 66.5 68.6 70.4 69.8 69.8 74.2 73.6 69.3 66.3 64.4 65.9 74.3 79.5 78.6 77.3 75.3 73.6 68.4 62.6 60.4 59.9 58.6 58 57.3 55.3 54.8 53.1 52.9 49.3 50 50.1 50.5 50.3 50.8 57.4 60.2 61 60.3 59.5 56 59.9 63.1 65.3 56.8 53.1 50 49.3 47.3 46 45.4 45.3 45.9 45 44 44.5 45.9 46 46.1 47.3 47.3 45.8
69.8 69.3 65.9 64.8 64.1 64.3 64.9 64.6 63.8 63.2 63.5 64.6 67.4 69.8 70.3 72.6 74.5 70.3 69.3 68.1 66 65.1 63.8 63.7 64.1 64.2 64.3 64.9 67.1 68.8 70.9 75.8 80.9 77.2 70.9 66 63.7 64.3 69.4 70.8 68.1 68.4 68.6 65.5 61.3 59.1 57.5 54.1 54.1 54.1 54 52 50 49 49.9 50.5 49 49.7 49.9 45.8 54.7 55.8 56.6 55.1 54.8 52.7 56.7 61.1 59 53.7 51.8 51.3 50.7 49.8 49.9 46.8 45.4 44.1 46.7 49.1 50 50.8 50.4 50.5 50.8 49.1 45.9
66.4 64.3 62.8 62.4 64.1 64.1 64.8 64.7 63.9 63.3 64.8 66.5 68.1 68.8 69.3 69.7 73.8 72.9 70.4 68.5 67.4 67.1 64.2 64 64.1 64.4 65.8 67.2 68.7 69.6 70.2 72.7 73.5 70.2 66.8 63.9 61.4 62.4 66.4 67.6 66.7 61.7 63.2 62.2 61.2 60.8 61.6 59.9 58.9 57.8 58.1 58.5 56.7 54 54.4 55.4 54.7 52.1 49.5 46.9 45.4 51.1 50.5 48.6 49.2 49 53.6 56.9 55.5 54 53.5 53.9 52.5 51.3 50.9 46 43.4 45.4 51.9 51.4 51.2 52.1 51.2 50 50.6 48.5 45.5
66.3 62.9 59.9 60.6 63.7 64.2 64.8 66.8 66.1 67.8 70 70 69.5 71.2 71.9 69.3 70.2 74.1 72.6 70.5 69.5 70.4 68.6 64.3 64 65.7 68.7 70.2 69 69.6 69.4 70.7 70.5 68.2 65.4 63.3 60.7 60.3 56.7 57.1 56.7 56.8 58.1 57.5 58.7 62.6 65.7 67.4 66 63.5 61.7 61.5 61 59 56 56 55.9 52.4 47.9 45 43.4 45.8 45.5 44 44.4 45.4 50 52.1 52.6 52.9 55.4 55.5 53.5 51.9 49.6 43.4 40.9 42.7 49.1 49.8 51.1 51.9 50.6 48.7 47.2 44.3 44
63.2 61.2 59.2 62 65.2 65.8 66 68.8 71.5 73.6 73.9 74.2 75.3 76.1 75.2 70.5 69.9 70 69.8 68.8 67.7 67.7 64.7 63 64.8 66.9 69.6 71.6 73.1 72.2 66.4 64.4 65.3 64.6 63.6 61.5 59.4 59.6 56.9 54.5 53.8 53.8 54.4 54.5 54.8 56.9 59.6 60.8 58.8 58.2 58.2 58.2 57.1 55.3 54.9 53.5 52 47.7 44.1 40.8 40.9 42.6 42.8 41.4 44.7 44.1 43.2 47.3 50 51.1 55.8 53.7 52.2 50.1 44.3 39.8 39.2 41.5 46.2 47.8 48.6 49.1 47.8 45.7 44.4 43.4 44.4
60.5 58.8 58.9 62.9 65.6 65.2 65.2 67.7 71.6 75.9 74.5 74.9 75.1 75 73.8 71 68.6 69.2 68 66.9 64.3 62.8 59.2 64.4 67.1 68.8 70.6 74.8 74.4 75.9 74.8 68.8 64.9 62.6 60.6 60.7 59.1 57.9 56.5 54.9 53.9 53.7 53.9 55.4 53.8 53.4 54 52.2 49.3 52.4 51.6 52 51.9 51.5 51.2 48.9 44.8 42.4 39.7 39.3 41.1 40.3 40.7 39.1 44.4 42.8 39.6 42.2 44.5 47.4 49.2 48.9 47.9 46 39.7 39.1 39.1 40.4 42.5 43.8 44.5 44.5 44.4 44 46.5 50.9 54.3
58.9 58.2 58.9 61.5 63.9 64.2 64.4 67.5 71.2 74.9 73.6 73.6 72.2 71.1 71.4 68.3 64.3 65.4 66.2 65.7 61.2 58.8 59.6 67.6 73.2 75.4 75.9 77.5 76.2 75.9 71.1 66.6 65 63 60.5 59.2 57.8 56.6 55.5 54.5 54.3 54 54.1 55.8 53.4 51.4 50.4 50.7 49 50.6 49.1 46.7 45.8 46.4 44.8 41.3 39.5 39.1 45.9 45.2 40 39.1 39.1 39.1 40.1 39.3 39.2 39.1 42.7 43.7 45.8 45 45.9 42.5 39.3 39.2 38.7 36.8 37.6 39.1 40 40.5 42.5 44.5 49 52.7 54.8
58.1 59.6 63.6 67.1 68.6 67.9 66.7 69.1 72.5 74.2 72.5 71.1 69.5 68.4 70.7 66.3 63.6 60.6 63.4 63.6 59.2 60.6 69 75.9 80.9 81.2 80.8 78.2 75.4 68.8 64.6 60.6 59.3 59.2 58.3 57.3 56.3 55.3 54.5 54.3 54.2 54.3 53.3 53.3 50.9 49.5 49.3 48.8 49.2 47.8 46.3 42.8 41.8 41.3 41.3 39.1 39.1 39.2 39.3 40.7 39.1 39.1 39.1 39.1 39.4 39.2 39.1 41 41 41.5 41.4 39.8 43.5 42.3 40.8 40.7 37.6 34.8 34.4 35.3 39.2 40.3 43.6 44.9 48.8 50.3 52.3
58.4 63.8 69.3 74 75.7 74.5 72.7 73.7 75.5 73.8 71.7 68 64.6 64.4 64 62.5 64.6 62.3 59.1 59.5 59.2 65.4 73.9 79.5 80 79.4 77.7 73.6 68.1 62.7 59.1 56.5 55.3 55.8 55.9 56 55.8 55.6 55.9 55.3 56 55 52.1 51.6 50.5 49.2 48.2 47.4 48.1 44.6 41.4 39.5 39.6 39.1 40.5 39.1 39.2 39.2 39.2 39.2 39.1 39.1 39.1 39.1 39.1 39.1 39.8 41 39.6 40.4 40.1 39.1 41.3 41.1 40.2 41 37.9 34.9 34.4 36.3 40.1 43.3 45.1 46.7 49.2 49.8 50.6
59.3 66.4 71.6 75.9 77.2 76.9 75.9 75.8 76.6 73.8 70.3 64.4 62 61.4 60.4 59.2 63.4 66.5 62.4 58.2 59.6 69.5 72.3 73.7 74.4 74.5 70.6 65.9 60 56.7 55.2 53.8 55.2 56 54.5 55.2 56.7 57.9 58.4 56 56 55.6 53.7 52.7 50.6 48.8 47 45.9 46.3 45 39.1 39.9 39.3 39.1 39.3 39.1 39.1 39.2 39.2 39.1 39.1 39.1 39.1 39.1 39.1 39.1 39.1 39.1 39.1 40.1 39.1 39.1 38.7 39.4 39.3 39.1 37.7 34.7 34.1 37 41 45.8 45.7 46.7 49.1 50.7 49.4
59 66 71.6 75.7 76.9 75.9 75 76.3 74.9 68.9 62.9 58 57.3 55.8 58 60.2 64.8 66.9 66.4 56.5 54.6 57.3 61.6 63.2 64.5 63.1 60.6 56 53.5 53.2 52.9 47.2 50.9 52.8 52.6 52.8 54.3 55.5 55.7 55.5 56 55.8 53.5 51.9 50.8 49.3 45.6 44.4 44.4 44.1 41 40.3 39.1 39.4 39.7 39.1 39.1 39.2 39.1 39.1 39.1 39.1 39.1 39.1 39.1 39.1 39.1 39.1 39.1 39.9 39.3 38.9 38.4 38 38.1 37.9 36.4 35 34.1 36.6 40 43.7 45.7 45.8 46.6 47 46.4
