webserver/python/data/NS72.asc
ncols 200
nrows 200
xllcorner 270000
yllcorner 620000
cellsize 50
[rows 35 to 69 of 200, columns 78 to 155 of 200]
253.8 255 257.8 256.7 258.9 259.3 259.9 262.3 262.6 261.9 265.8 268 269.7 271.9 275.8 278.1 279.5 281.5 285.9 288.2 293.3 296.2 301.4 308.9 315.2 320.7 327 331 333.3 333.9 332.8 331.4 329.6 326.5 321.7 311.7 301.9 295 289.9 282.9 274 256.1 253.3 253.3 253.3 253.4 251.2 252.1 251.9 251.3 250.4 249.6 250.1 250.3 251.9 259.6 271.8 279.5 283.7 288.6 294.4 298.4 302 306 309.5 310.6 309.9 308.7 305.2 299.9 296.3 295.1 295.5 294.3 293.8 291.5 288.4 284.8
261.4 262.5 263.6 263.7 263 263.8 264.6 265.5 265 265.1 268.9 271.3 273.3 277.2 281.6 286.2 288 290.5 293.8 298.8 303.5 307.6 314 322.8 327.9 334 340.9 344 345.7 345.1 343.1 341.6 339.3 335.6 329.7 322.1 313.6 305.9 299.3 293.3 282.7 268.4 253.3 253.3 253.3 251.9 250.6 253.2 249.2 251 250.3 250.1 249.1 248.4 248.7 249 254.9 267.5 273.4 276.7 280.1 285.8 290.2 294.5 297.1 298.8 299.2 297.5 295.6 293.5 290 289.6 288.5 287.7 286.8 284.3 280.2 277.4
265.6 266.5 269.2 268.6 268.2 268.7 268.1 268.4 268.6 268.5 271.1 274 279.1 284.2 288.5 292.8 295.9 298.5 303.4 305.5 313.4 318.1 325.6 333.6 338.7 347 352.4 355.7 355.6 351.7 348 346.5 345 341.1 335.4 328.2 323 315.7 309.2 302.2 293.2 282.5 265.6 253.3 254.5 251.8 253.3 253.4 252.7 250.9 251.5 250 249 249 248.5 248.4 247 247.1 254.1 263 271.6 277.3 282 284.5 286.3 287.6 287 288.3 287.2 284.7 282.6 281.4 281.2 280.2 278 275.2 271.5 269.6
272.8 274.3 274.4 272 274.1 273.2 272.6 272.1 273.2 272.5 273.8 277.5 283 289.2 294.3 299.1 302.4 307.1 312.5 316.3 319.9 326.2 333.3 339.5 345.2 353.2 358.3 361.2 357.3 353.7 350.5 349.1 344.8 341 337.3 334.7 330.9 325.5 318.2 310.7 302.2 292.1 279.7 271 266.9 264 257.7 253.3 253.1 251.9 251.4 250 249.9 249.9 248.8 248.2 246.9 246.1 246.3 247.8 258.8 264.4 268.1 271.4 272.4 274.3 276.4 277.6 275.6 274.2 272 271.9 271.3 271.4 268.6 265.8 262.6 262.1
278.7 279.5 278.2 278.3 280.3 279.4 277.8 279.2 279.5 279.7 283 286.9 290.9 296.7 301.9 307.2 312.4 317.6 321 324.9 326.6 330 334.6 340.3 348.1 354.7 357.5 357.6 354.8 351.3 348.9 347.8 345.5 342.2 338.6 336.5 334.1 328.2 323.9 315.3 307.5 299.9 291.1 280.9 274 267.5 254.5 257 258.1 259.6 260.6 262.1 260.8 257.1 251.1 249.9 248.4 247.9 247.1 246.4 245.7 245 252.3 258.7 261.4 260.1 264.3 265.4 267 265.5 265.1 265.2 263.3 261 259.5 260.4 256.8 256.8
283.8 283.4 283.7 284.6 285.8 284.9 287 287.6 286.6 291.1 293.6 297 304.3 311.3 316.1 323.3 328.2 331.7 337 339.9 341.1 338.9 337.4 341.6 347.5 354.5 356.1 355.2 350.4 346.8 344.4 344.4 343 342.6 339.9 336.4 330.3 322.1 320.3 313.8 310 301.3 289.6 280.6 273.2 269.8 269.7 271.5 273.4 273.6 271.6 273.3 272.6 270.2 267.6 264.1 253.8 248.4 246 246.3 245.3 244.9 244.5 245 243.8 243.6 246 247.5 254.4 256.9 255.8 255 254.8 250.4 248.6 249.9 248.9 244.1
286.4 285.6 288.9 290.3 292.4 292 292.7 294 295.5 300.9 304.9 310.4 318.6 325.4 331.6 338.6 344 346.8 349.5 350.5 350.1 346.7 342.1 341.7 345.6 351.7 353.1 351.1 346.5 342.4 338.1 335.6 335.5 335 331.3 326 317 313.6 312 306.6 300.2 292 285.4 274 264.9 261 278.1 285.8 285.3 284.3 280.7 280.8 280.8 280 277.3 274.7 261.7 259.8 257.1 247.2 245.7 244.6 244.2 243.8 243.6 243 243 242.2 241.9 243.6 246.5 246.6 243.7 242 239.8 239.4 239.6 239
285.9 286.6 291.3 293.5 296.2 297.4 297.4 303 306.8 312.1 318.4 328 336.3 342.4 352.3 357.3 359.3 360.9 359.9 359 356.8 353.1 348 343.6 343.1 344.3 346.9 344.9 339 334 330.1 325.7 320.8 316 311.3 306.6 300.6 296.2 291.7 286.9 280.2 273.8 266.4 266.4 271.9 275.5 290.4 293.9 294.8 295.5 295.7 294.1 291.9 288.9 287.2 282.5 264.2 277.4 272.9 264.6 255 246.7 244.8 244.4 243.6 243.3 242.9 243.3 241.9 242.2 242.2 241.4 240 239.9 240.5 239.2 239.7 239
284.9 288.1 292.3 295.5 299.1 301.5 304.6 310.1 315.2 322.7 332.1 342 350.6 359 366.6 371 373 372.6 369.7 366.9 363.3 357.9 352.1 346.2 340.2 337.8 336.1 332.9 328.2 322.5 315.9 309.5 304.3 297.5 292.1 290.1 282.8 280.6 275.5 270 272.6 267 276.2 270.9 289.9 286.8 297.7 302.6 306.2 306.6 306.2 305.3 304.2 300.4 295.5 288.7 285.3 286.5 282.5 280.1 274.2 266.4 262.6 261.8 258.2 253.9 247.7 244.8 241.8 242.2 242.4 241.5 240.9 240.8 240.4 240.1 239.6 241.4
285.4 288.5 293 298.3 302.9 307.3 313.4 319.9 326.5 335.1 345.5 355.1 363.7 371.3 377.1 379.1 380.1 378.6 375.4 372.2 366.6 359.9 353 345.5 338.1 331.7 327.6 322.5 314.4 307 299.4 293.7 285.4 278.4 278.1 282.5 281.2 286.9 286.5 285.1 284.6 287.6 291.7 285.2 288 300.2 305.7 311.3 313.8 315 316.3 317.4 314.1 307.8 299.7 297.8 295.7 296.2 295.2 290.8 287 281.1 278.1 273 268.8 264.6 259.3 252.3 250.7 248.8 247.6 246.1 245.5 245.6 245.6 246.5 251.6 258.4
286.5 289.9 296.7 301 308 313.4 319.3 326.4 337.7 349.3 360.3 368.6 373.7 380.4 384.3 384.6 383.6 382.5 377.8 371.2 364.8 357.2 348.6 341.1 331.6 324.5 318.8 314.3 305.6 289.8 286.7 283.5 295.7 299.8 301 297.3 295.9 297.9 293.4 297.7 296.3 298.7 300.1 300.6 281.6 306.7 312 317 319.4 321.8 322.8 320.8 316.6 308.3 305.9 307.4 309.2 308.4 307.1 302.8 298.5 295.7 291 284.5 278.4 272.9 267.2 262.2 263.9 263.5 262.8 261.8 260.9 260.6 261.5 265 269.7 275.8
289.5 291.9 297 304.2 311.2 318.8 327.9 336.6 350.6 361.8 372 379.9 382.9 386.9 389.6 389 385.5 382.4 377.4 370 362.5 354.3 345.7 335.6 326.7 319.9 314.3 309.6 298.4 294.9 287.2 298.2 307.8 308 307.6 306.1 305 306 301.3 304.6 303.5 305.5 306.9 306.9 290.7 305.9 317.5 320.4 323.4 325.4 323 319.8 314.1 312.5 313.8 315.9 317.5 318.4 317.8 315.7 314.4 310.6 305 296.5 288 282.5 276.8 274.7 277.8 278.8 277.9 277 276.2 275.2 275.8 280.2 284.8 289
294.2 297.8 300.6 306.2 316.1 324.5 333.1 343.9 359.5 369.7 378.7 385.2 390.6 393.3 393.3 390.2 385.9 380.7 374.6 367.4 358.7 350.1 338.4 329.4 322.4 317.8 312.3 307.1 293 302.3 308.1 310 313.2 313.2 311.9 311.9 312.6 311.3 312.6 313.3 312.6 310.5 312.3 312.1 302.4 315.6 320.2 323 324.8 323.7 320.8 317.6 311 317.7 321.6 323.7 326.9 328.2 328.1 328.5 327 324.8 319.1 310.4 300.1 291.6 286.1 289.7 292.4 293.6 293.5 292.6 292 291.4 290.8 292.6 295.8 298.6
300.3 302 303.4 308.1 319.8 329.2 340 350.9 362.9 372.4 380.9 388.7 394.1 396.9 395.5 390.8 385 379 371.1 362.5 353.5 342.8 332.9 325.8 322.2 317.1 311.3 298 293.3 299.6 313.4 315.8 316.8 317.8 316.8 317.1 317.9 317.3 319.6 320.4 320.3 319.6 319.6 318.3 311.9 318.1 322.3 324.8 325.1 322.9 321.6 321.6 321.9 323.5 328.9 331.8 335.2 336.8 339.3 340.5 342.6 343 337.6 327.8 317 306.5 303 305.3 306.9 308.4 308.5 308.2 307.9 307.3 306.8 306.1 306.5 307.5
304.2 305.3 306.3 314.1 323.2 333 342.9 353.8 366.2 376.5 385.2 392.3 397.7 399.7 397.6 391.4 384.3 377.2 367.2 356.9 345.5 337.2 331.6 326.4 321.6 317.4 311.4 297.4 292.5 311 317.7 319.2 320.6 321.8 322.6 322.2 322.8 324.1 325.8 327 327.8 328 327.7 326.3 319.9 317.3 324.2 326.9 326.8 326.3 327.5 328.7 328.5 322.5 333.7 337.4 343.5 347.8 353.6 360.5 362.4 362.9 354.9 344.8 336.1 321.8 319.3 322.2 322.8 323.6 323.9 324.5 323.5 321.8 320.4 319 318 315.7
306.6 306.6 309.6 317.6 326 334.7 345 355.1 367.5 376.9 385 392.3 397.8 398.7 395.2 388.9 381.5 375.2 365.1 354.2 342.4 335.5 331.1 325.7 319.6 314.3 298.5 297.6 300.9 318.8 321.4 324.8 326.7 327.4 328.3 328.7 330.2 333.3 334.6 335.7 336.1 336.2 335.8 333.7 326.2 315.2 326.7 329.8 331 333.8 334.9 335.3 335.6 329.5 337.7 343.6 348.9 356.4 362.9 371.5 377.4 375.3 370.4 363.2 352.6 346.4 341.7 339.6 338.9 341.4 343.2 342.6 338 333.9 330.1 329.1 326.5 324.3
302.9 307.4 313.4 320.1 328.5 337.8 348.5 356.5 366.4 376 385.3 391.4 395.3 395.2 390.4 385 379.3 373.1 362.3 351 340.9 334.7 329.7 324.9 318.8 314.2 313.3 298.3 318.5 324 328.5 330.7 332.4 333.3 334.2 335.8 338.4 341.9 343.4 344.6 344.5 344.1 343.2 339.7 333.3 321.4 329 334 336.7 339.1 340.3 341.2 341.7 340.5 336.7 347.3 352.6 360.2 368.2 378.2 383.7 384.9 384.8 380.9 371.4 368.9 366.1 364.5 363 365.8 367.2 362.5 354.9 348.8 345.5 341.8 339.2 335.8
302.9 307.6 313.8 322.8 332 341.3 351.2 361.7 372.1 381.5 389.8 395.6 398.3 396.4 392 385.6 376.6 365.6 356.2 347.5 339.6 333.5 327.1 326 320.3 319 317.5 299.1 318.3 327.9 333.7 336.4 338.7 339.6 341.1 344.8 347.7 349.9 352 352.8 352.1 350.9 348.2 343 334.6 322.5 335 338.5 342.5 344.8 345.8 347 347.5 348 346.1 351 356.3 361.7 369.2 382.5 393 397.2 400.6 402.4 399.1 389.5 388.3 390.1 391 391.6 390.2 379.7 371 364.5 358.9 354.3 349.7 345.5
306.6 311.8 318.8 327.1 336.5 345.7 354.7 366.1 376.7 386.1 393.6 400.1 402.8 399.4 394 385.9 372.7 363.1 353.2 346.1 340.3 334.8 332.2 328.6 326.2 325.1 317.9 305.6 321.2 332.7 339.7 342.7 345.5 346.8 348.3 351.7 354.7 356.9 358.2 358.8 357.7 355.5 351.4 345.8 338.2 327 341.4 344.7 349 351.5 352.6 354 355.4 354 349.8 355.1 360.1 365.3 371.4 385.7 400.6 411.9 418.9 419.8 415 405.2 402.2 407.2 410.9 412.3 408.6 393.9 382.5 376.8 370.6 365.1 360.5 356.3
309.3 314.8 323.1 331.4 339 347.2 358.9 368.5 378.4 387.8 392.7 398.4 402.8 398.7 391.9 381.5 372.5 364.3 353.1 345.5 341.5 337.6 334.8 332.9 331.4 328.6 312 316.4 328 338.8 347.8 351.9 354.1 354.9 355.7 358.5 361.6 363.3 364.4 364.4 362.8 360.8 356.8 350.3 343.1 329.7 346.6 351 355.1 357.8 361.4 361.4 360.4 357.1 351.6 359.4 364.2 370.2 378.1 391.6 405.7 418.5 425.7 426.9 420.7 412.2 408.4 413.9 416.4 417.9 416.7 405.2 394.9 389.2 383 376.6 369.8 363.5
314.8 320.6 321.9 332.9 338.8 346 355.9 363.6 374.6 381.4 388.2 394.4 396.6 394.7 391.6 387.1 376.5 364.6 354.8 349.2 345.9 342.5 339.1 336.8 334.2 331.6 321.4 317 332.9 344.2 354.3 359.2 361.9 363.1 363.9 366.2 368.3 370.1 371.3 371.8 372.5 369.6 363.4 354.5 346.9 338.9 350.3 356 361.1 364.3 366.4 367.7 367.5 363.6 356 361.5 366.9 372.6 382.1 393.6 405.5 416.1 422.7 424.6 420.1 413.6 408.6 409.4 411.9 414.2 418.9 415 407.4 400.9 394.5 387.4 378.7 370.5
322.9 326.3 332.3 335.4 340.7 344.9 352.6 360.1 371.2 381.3 389.1 395.1 398.7 399.4 398.2 392.2 379.3 369.3 359.8 353.7 350.3 346.5 342.2 338.4 337.2 334 321.8 314.8 335.2 345.8 358.7 364.6 366.9 368.9 371.9 373.9 374.4 375.7 378.4 381.5 381.7 375.4 367.2 358.8 351.6 341 354.8 360.7 365.7 368 370.2 371.4 372.2 368.6 361.1 363.2 370 375.6 385.2 395 403.2 412.9 419.5 422.3 417.2 411.1 407.4 405.9 406 407.6 411.8 418.6 417.8 412.7 406.5 397.9 388 376.8
331.5 336.2 339.4 341.9 338.1 344.4 350.4 359.1 369.3 379.2 387.9 395.4 400 402.1 400 394.3 386.3 375.6 364.2 358.4 353 348.3 344.7 339.5 336.7 332.6 310.7 323 340 347.9 359 366.3 370 373.4 375 377.3 378.6 381.1 383.6 385.9 383.5 378.1 370.7 361.6 354 350.8 359.3 365.3 370.3 372.2 374 375 375.6 370.7 367.8 363.1 372.2 377.7 384.8 394.5 402.6 410.3 416.2 418.1 412.3 406.5 402 399.7 398.5 400.2 401.5 405.2 408.8 409.9 410.9 406 395.3 380.8
342.7 344.5 344.7 344.5 344.4 345.4 349.3 357.5 366.5 376.2 385.2 394.3 400.5 402.8 403 399.7 389.7 379.6 369.7 362.6 352.2 349.2 345.5 339.5 333.4 316.8 321.7 326.4 340.9 351.7 357.9 366 369.5 373.7 376 378.8 380.9 383.7 385.6 386.6 385 379 371.9 366.6 364 359.7 362.6 371.2 375.1 376.7 378.3 378.8 380.1 377.8 373.8 367.7 373 379.1 385.3 392.8 400.2 408.3 413 412.2 405.8 400.5 395.6 392.8 391.2 391 391.4 393.7 395.1 396.5 396.4 390.8 383.8 376.8
351.7 351.1 351.4 350.5 351.7 352 353.6 357.1 366.8 376.3 385.9 393.4 399.2 401.7 402.2 400.3 390.4 382.6 373.8 363.8 352.7 345.9 342.3 336.4 313.3 322.9 322.8 339.4 347.3 354 360.4 364 367.5 371.2 374.9 377.8 381.2 383.9 385.4 385.9 384.2 379.6 376.4 373.4 371.5 368.8 361.4 373.6 378.4 381 383.1 384.9 385.6 382.4 376 371 372.9 378.2 382.3 389.4 396.6 402.2 406.2 404.8 400.5 394.7 389.4 387 385.3 383.1 383.3 383.4 384.4 384.6 381.9 377.7 369.9 362.2
360 359.4 361.1 362.9 362.2 362.6 363.2 364.5 369 377.9 386 391.6 396.7 398.9 398.3 396.4 391.6 385.7 370.9 359.9 350.8 344.2 337.9 330.5 314.6 334.9 339.6 336.5 345.2 354.4 357.1 360.7 363.5 368.1 372.5 375.4 379.2 382.4 385 385.5 384.4 383.9 381.1 381.9 380.5 378.7 372.7 372 379.3 383 385.7 387.6 388.2 384.8 379.7 375 374.3 378.3 382.7 387.1 392.2 396.2 398.4 397.2 394.1 390.2 386.4 383.2 378 375.4 374.6 373.5 371 368.8 365.7 361.3 354.9 349.1
370.2 371.2 373 374 373.7 373.9 374 373.4 375 380.1 386.4 392.8 396.9 399.8 397.9 392.2 384 374.5 365 355.7 347.3 340.4 334 319.4 329.3 343.4 346.7 349.1 350.5 349.7 357.3 361.1 366.8 371 374 377.9 378.9 382.6 387 389 388.6 388.2 389.8 392.8 391.7 387.2 380.6 377 378.4 382.3 385.9 388.9 390.1 388.9 383.3 378.8 379.2 380 384.2 388.1 391.4 394.6 396.1 394 390.7 388 384.6 377.9 370.6 365.3 363.6 362.3 359.1 357.6 354.5 350.1 345.1 340.1
375.8 379.3 381.3 382.4 382.7 383.9 383.6 384.3 383.1 385.2 389.6 392.5 393.5 392.2 386.1 379 370.3 363.3 355.5 350.8 344.5 337.1 329.1 328.5 341 346.4 349.7 352.6 355.7 358.3 358.4 363.2 367.9 372.9 376 380.4 383.9 387.5 390.4 392.9 393.3 395.8 398.7 399.4 397.9 395.2 388 383.3 384.3 386.1 388 390.2 391.7 391.1 389.2 385.4 384.3 383.4 385.7 386.8 390 393.1 392 390.9 388.2 385.8 379.5 371.6 364.7 355.8 355 354.6 351.4 348.9 345.1 341.1 336.2 331
380.9 384.3 387.6 388.7 389.5 390 389.1 389.4 390.1 389.6 388.3 387 381.7 377.9 373.2 368.9 362.8 357.3 352.3 347 341.3 327.7 322.8 335.1 342.1 348.4 351.9 355.1 359.2 362.1 364 364.8 370.9 375.7 379.1 383.7 387.7 391.2 395.1 398.2 401 402.3 405.1 405.4 404.1 402.1 395.6 392.7 390.2 390.8 392 393.5 394.7 394.7 393.3 391.9 391.6 389.3 388.1 388.5 388.3 386.9 387.5 387.6 382.6 378.1 372 365.6 359.1 352.2 350.3 346.3 342.6 339.8 336.1 332 327.2 321.9
384.2 388.6 392 394.2 395.3 395 394.6 395.3 396.2 394.2 392.3 389.3 382.2 374.5 369.3 363.5 357.7 353.9 348.2 342.3 326.6 336.8 325.2 341.7 345.8 348 353.6 358.2 362.1 365.3 368 370.7 373 377.8 383 387.2 391.5 395.6 400.7 404.6 407.3 408.9 411.6 412 411.7 407.7 403.7 403 400.1 398.4 397.4 398.2 398.7 398.3 398.1 397.3 396.6 394.3 391.6 390.7 388.6 383.6 376.6 374.4 371.6 370.9 366.7 362 354.9 348.9 343.6 338.9 334.4 330.6 327.2 322.9 318.3 312.8
385.4 389.9 394.2 397.2 398.1 398.1 399.2 400 400.4 397.8 392.6 388 382.1 374.8 366.7 358.4 351.1 348.3 342.3 327.7 337.3 339.9 333.6 344.9 348.6 350.9 355.9 360.6 363.8 367.4 370.7 373.9 376.8 380.8 385.3 389.2 394.1 399.7 406.5 411.5 415.9 419.7 421.5 420 418.4 414.7 412.1 411.7 410.4 408.3 406.1 405.8 405.9 406.3 406 404.8 402.8 399.4 395.3 393.3 389.8 384.2 376.8 369.8 365.3 362.5 361.2 355.8 349.7 345.1 340.1 333.8 326.7 321.5 318.1 313.7 309.3 303.9
386.1 390.9 395.2 397.7 397.6 398 399.1 400.8 402.5 402.4 397.4 388.5 379.5 373.6 363.6 354.1 348.8 342.4 330 338.6 341.9 343.2 334.2 344.7 350.8 354.5 359.3 363.1 365.3 368.7 373.1 376.3 379 383 387.5 391.3 396.5 402.1 409.3 416.8 422.5 426.6 429.3 428.7 426.5 423.8 423 422.7 422.3 418.2 416.1 415.2 414.1 413.1 412.1 411.5 409.2 405.9 402 396.9 391.5 385.6 379 371.2 365.3 360.5 355.3 349.2 344.4 339.6 334.5 329.1 323.6 314 310.6 305.5 301 295.8
385.4 390.7 395.1 396.3 398.3 399.7 400.1 401.6 402.5 401.6 396.6 388.8 378.6 369.8 358.8 350.3 344.5 335.8 345.8 344.2 345.5 346.5 347.7 338.6 350.5 356.2 359.9 364.6 368.3 370.4 374.6 377.1 381.1 384.8 388.9 392.3 397.9 404 412.1 419.1 425.1 429.7 433.7 435.6 435.4 434.4 433.3 432.8 430.7 426.7 424.5 423.3 422.5 419.1 417.8 415.9 414.3 411.3 406 400.1 394.3 388 380.5 372.3 363.8 359.5 353.7 346.9 341 334.2 328.8 323.6 317.7 311.7 304.4 300.1 298.5 297.2
382.4 388.3 393.5 396.3 399 401.3 400.8 401.5 402.1 399.7 391.9 385.5 377 364.3 354.9 347.5 338.6 347.7 349.1 348.6 348.7 349.9 351.5 350.6 347.8 356.4 361.1 364.6 369.1 373 376.2 379.4 381.6 386.2 390.7 393.6 398.2 404 411.6 419.5 426.4 432.2 436.7 439.3 443.1 442.7 442 440.2 436.8 433 429.2 428.9 427.9 425 422.5 420.4 419.1 414.9 408.9 402.9 397.1 390.1 382.5 372.7 363.4 358.2 352 345.6 339 332.1 325.5 319 313.7 307.4 303.7 303.2 302.1 299.5
381.4 387.7 392.6 395.6 398.7 400.3 401.3 402 399.8 393.5 388.1 381.4 370.6 360.7 351.7 343.2 340.2 350.6 352.3 352.9 352.8 354.9 355.2 354.6 350 356.6 360.8 365.1 370 373.9 377.9 381.3 384 387.3 391.8 394.8 398.8 404.1 411.4 418.9 426 431.7 437.2 442.9 447.9 450.3 448.3 443.9 440.1 437 434.1 432.7 432.1 430.3 427.4 424.8 422.5 418.1 411.9 406 400.2 392.6 382.8 372.4 363.3 357.2 350.8 344.2 337 330 323.7 317.4 311.7 307.1 307.8 306 305 302.5
