webserver/python/data/NS78.asc
ncols 200
nrows 200
xllcorner 270000
yllcorner 680000
cellsize 50
[rows 35 to 69 of 200, columns 0 to 78 of 200]
396.1 394 391.1 386.9 382.3 376.8 372.2 369.1 367.3 366.7 365 362.8 360.7 358.8 370.1 359.5 348.6 343.6 348.3 358.4 359.7 364.8 370.1 375.1 381.2 389.8 395.8 399.5 403.4 408.8 411.8 412.4 413 412.5 413.3 413.9 412.6 413.2 412.3 407.7 404.3 399.4 390.7 382.9 375.9 369.9 362.8 358.3 353.4 348.3 343 337.9 333 329 325.7 324.5 320.8 314.5 312 308.4 303.2 300.7 298.5 291.2 287.1 284.9 283.9 280.9 279.6 281.1 284.3 283.4 284.7 284.3 280 279.1 285.1 287.9 292.4
397.5 394.6 391.7 388.4 384 379.1 375 371.9 369.9 369.6 367.4 364.3 361.5 369.8 374.7 362.3 349.1 338.7 351.3 357.4 359.7 364.3 369.4 376 383.8 391.5 396.4 400.6 405 408.1 409.8 410.3 410.1 408.6 407.8 407.2 406.7 406.3 405.2 401.2 397.1 392.2 385.7 376.2 367.6 363.2 358.3 353.4 348.8 344.1 339.5 335.1 330.4 326 321.8 322.8 321.1 313.9 311 308.1 302 295.8 294 288.9 286.7 283.9 282.2 280.5 280.2 279.2 278.4 280.4 280.5 280.8 280.2 278 279.8 283 285.6
397.6 394.9 392 389.2 384.4 381.2 378.6 375.3 375 371.4 368.9 366.5 369.3 379.3 372 363.4 345.5 341.4 348.8 353.3 360.8 365 370.9 377.3 383 391.2 394.9 398.9 403.1 406.3 407.7 407.9 405.8 404.1 402.8 403.3 401.5 402.3 401.8 398.4 392.7 386.7 379.3 369.3 362.9 357.8 353.2 348.9 344.3 340.2 336.7 332.4 329.5 325.9 325.1 318.4 318.3 310.4 304.3 302.4 298.8 293.5 289 287.2 284.5 283.2 281.2 280.1 279.7 278.2 276.3 278.5 280.7 278.8 277.4 275.6 274.4 277.1 279.2
397.6 394.9 392.1 387.4 385.9 382.3 379.8 379.2 377.7 375.7 370 368.9 366.8 371.2 363.1 355 341.6 343.1 350.6 355.9 360.9 365.2 369.7 373.3 382.5 388.5 394.1 397.3 400.5 404.4 406 405.4 402.5 400.2 399.2 398.1 396.1 397 395.5 391.8 387.7 381.9 373.2 363.9 358.1 353 348.6 344.8 340.5 336.9 333.6 330.2 329.3 327.1 323.4 319 315.9 314.5 311.9 306.3 300.2 297.3 294.2 296.8 291.6 287 281.1 279.1 278.1 276 274.5 276.3 278.2 275.8 274.8 274.5 273.4 273.8 274.6
398.1 395 391.8 389.1 387.5 384.9 385.4 383.2 376.6 370.3 365.6 361.3 359 357.8 354.4 346.1 334.7 342.4 348.9 352.9 357.9 363.2 369.2 372.3 378.1 384.5 392.3 394.4 396.9 400.4 402.9 402 399.2 398.1 396.9 394.3 391.5 390 388.8 386 380.8 375.9 368.8 361.3 354.3 350 345.7 340.8 338.3 335.9 337.9 333.9 335.1 332.6 329.5 323.6 321.2 319.9 317.5 311.6 307.1 306 306.3 303.4 300.7 292.9 286.3 280.6 279 277 275.1 274.3 275.3 275.4 274.8 274 271.8 271.3 271.8
398.4 395.3 394 391.4 388.6 385.8 383.7 379.4 374 369 364.1 360.4 356.7 354.9 351.3 348.2 343.2 331.7 346.4 350.5 355.7 360.7 367.4 370.7 377.7 382 382.9 387.7 391.3 393.9 397.7 399.4 396.6 393.3 392.4 389.2 386.3 383 380.4 377.3 373.6 368.7 362.2 355.6 350.7 347.7 344.2 341.8 343.1 343.4 343.9 343.3 342.7 340.3 335.7 330.3 327.3 328.2 326.3 324.3 318.7 317 313.5 308.4 303.5 297.8 290.9 285.4 280.7 278.4 276.7 274.8 272.3 271.4 273.7 273.2 270.3 270 270.5
398.1 396 395.8 392.1 387.5 383.1 379.2 377.2 373.7 368.6 364.5 360.4 357.2 352.8 348.8 345.8 342.9 335.6 343.2 348.3 353.7 358.9 365.7 368.6 367.9 373 378.6 379.3 387.7 391.9 392.4 392.9 391.6 387.6 382.9 379.7 376.8 374.9 372.3 369 365.6 361.3 353.6 350.4 349.5 347 346 348.3 350.8 349.8 347.4 350.5 350.9 347.2 342.1 337.5 336 336.2 332.6 329.3 324 318.9 315.9 311.7 305.4 300.5 295.1 288.1 284 279.9 277.9 276 274.9 269 267 269.5 268.9 269.4 270.3
397.8 395.7 395.4 391.2 386.8 382.5 379.4 375.7 371 368.9 364.8 361.1 355.8 351.4 347.9 342.1 339.7 338.4 333.9 344.7 349.1 355.2 364.6 364.3 364.1 366.1 371.7 374.4 381.2 387 387.3 387.7 387.4 385.3 379.2 374 369.4 369.9 366 362.5 357.4 352.7 350 350 349.7 349.7 351.3 354.9 354.3 355.4 353.1 355.6 356.5 354.4 349.2 350.2 346 341.1 336.5 331.6 326.9 320.3 316 312.3 307 300.7 295.7 291.4 288.3 282.2 279.6 279.4 276.8 272.4 268.6 265 264.8 266.4 268.7
397.9 395.6 393.4 390.6 386.6 381.6 378.6 374.1 371.1 368.9 364.6 358.8 354.1 350.1 346.1 343 340.8 338 332.8 339.3 342.9 350.8 357.2 360.5 361.4 363.8 366.3 370.7 369.9 374 379 380.3 379.2 375.3 371.7 370.5 367.3 364.6 361.1 355.8 350.2 347.6 347.8 348.8 350.5 353.6 358 362 364.4 363 359.8 358.3 359.2 358.7 357.5 354.9 350.1 344.5 340.3 334.6 330.2 324.9 318.8 314.4 308.6 303.2 297 290.6 287.3 285.4 284.4 280.5 278.5 275.7 272.6 268 265.5 263 262.9
396.6 395.1 393.4 390.6 386.3 380.8 380.8 376.3 372.7 369.2 365 359.7 356.6 354 350.3 346.4 341.6 337.1 335.9 323.6 339.9 345.7 352.2 355.5 358.4 362.4 365.8 367.6 369 365.7 366.3 364.6 365.3 365.3 365.1 364.7 363.8 360.6 355.4 351.2 346.2 344.6 345.9 348.6 351.1 357 362 365.4 367.5 369.6 367 363 362.5 363.4 360.5 356.5 352.2 348.7 344.8 339 332.6 325.4 320.2 315.3 309.9 304.2 299.6 294.5 290 286.9 285.3 282.4 278.9 276.4 273.2 270.3 267.7 266 264.8
395.2 394.6 394.5 391.7 388.5 384.8 384.1 380.7 374.5 370 365.5 361.9 359 357.3 354.1 349.2 343.2 337 334.2 327.3 333 339.1 346 350.9 353.5 356.4 357.3 361.1 360.6 360.8 364.4 361.1 359.6 358.7 357.7 356.4 355 351.6 348 344 344 344.2 346.3 347.6 353.4 355.8 360.1 364.4 368.1 371.9 369.8 366.4 366.3 365.5 360.6 355.9 352.1 348.8 345.5 339.9 333.8 328.4 319.9 314.8 310.1 303.7 299.8 294.8 291.3 289.8 286.5 283.9 280 277.4 275.4 272.3 269.7 267.9 265.3
397.1 396.1 395.3 393.8 392.3 390.4 387.4 382.9 375.8 371.1 365.7 362.9 360.2 359.9 356.5 351.8 346.4 339.2 335.4 327.6 323.7 334.5 339.7 341.6 347.1 350 353.4 355.7 354.1 353 355.3 352.8 353 352.7 353.5 351.5 347.9 344.2 341.6 341.5 340.3 342.5 344.9 346.1 349.9 353.8 356.6 359.7 367.5 367.6 364 362.1 363.4 361.6 358.9 354.6 350.5 345.4 342.1 339 333.7 326.8 321.2 315.3 310.2 304.2 299 296.5 295 295.1 290.2 285 280.3 278.4 276.5 274.7 274.4 269 265.9
399.1 398 397.3 395.7 394.1 391.1 386.6 381.2 376.7 371.2 366.3 363.4 360.6 358.1 355.7 352.2 348 342.2 333.8 326.2 315.4 326.4 333.1 337 340.5 341.9 345.5 345.2 346 347.2 346.5 347.2 349 348.3 345.5 347 343.3 340.2 339.5 340.9 339 339.5 341.5 343.5 344.6 347.8 350.5 352.2 356.2 358.2 356.8 355.8 354.3 354.5 354.2 350.6 346.2 342 338.3 334.5 330.5 325.6 318.9 314.1 309.6 305.1 300.5 298.1 295.8 293.2 289.3 285.7 282 279.4 277.5 275.5 274.4 270.2 266.3
402.1 399.4 397.5 395.9 394.7 391.4 385.6 382.5 377.3 371.5 365.5 362.4 359.3 355.5 352.8 349.4 345.8 341.7 338.8 331.5 320.6 313.2 325.8 332.1 334.9 334.7 335 337.4 335.6 336.7 334.5 336.6 336.4 331.4 331.5 328.6 326.8 328.2 333.8 338.6 336.7 340 340.7 339.8 340 343 348.3 349.7 349.5 351.6 353.5 353.9 351.6 349.3 347.2 344.8 341.9 339.8 336.5 332.8 329 324.8 320.1 312.6 308.4 302.8 298.9 296.4 294.4 291.4 287.9 285.3 282.2 279.9 278.2 276.2 274.6 270.9 267.3
403.8 400.7 398.9 397 395.5 392.1 387.3 382 377.1 371.7 367 362.8 358.1 355.3 351.8 347.3 343.7 340.1 337.7 332.4 328.5 313.8 315 321.7 327.1 326 328 329 330.4 329 325.3 323.6 321.5 321.8 320.2 317.5 314.7 318.1 323.6 329.5 324.4 329.7 334.5 338.6 340.1 340.5 344.7 349.4 350 351.8 355 355 355.5 353 348.7 344.5 341.1 337.8 334 330.5 326.5 322.5 317.2 311.5 307.4 304.5 298.8 293.9 291.4 289.9 285.3 283.3 281.7 280.1 278.6 276.9 274.8 271.5 267.7
403.6 401.9 400.4 400.7 400.3 397.6 389.2 382.1 376.1 370.1 365.7 361.9 356.9 353.8 350.6 346 341.6 338.6 336.6 331.2 327.9 325.8 314.4 309 314.9 316.4 318.6 320.2 322.2 321.4 316.4 315.3 315.3 313.8 313 315.5 312.7 312.1 315.4 312.5 312.7 323.2 329.5 333.2 337.2 345.2 345.7 349.5 351.2 352.2 355.9 356 353.7 350.5 348.7 344.3 340.4 336.3 331.7 328.2 324.5 320.2 314.9 311.4 306.3 302.3 299.4 294 289.8 285 283.5 280.9 279.1 277.5 276.5 275.7 275.2 272.1 269
402.3 402.2 402.4 404.2 402 395.9 389.2 382.4 376.3 370.8 365.8 361.3 356.5 352 348.5 343.5 339.5 338.3 334 328 324 321.7 319.7 311.1 312 308.6 310.9 310.9 310.6 312 308.5 306.9 309.1 311 308.8 304.7 305.7 305.1 307.6 307.6 304.6 317.7 329.5 339.2 344 345.1 346.2 348.8 349.4 349.4 352.1 353.3 349.8 348 345 341.6 338 334.7 330.6 326.2 322.8 318.4 313.8 311.1 307.2 302.6 300.1 297.4 292.8 288.9 285 280.7 279.1 277.2 275.1 274.7 273.6 271.8 270.9
397.4 399.7 398.6 400.6 400.5 393.3 390.5 383.4 377 371.5 365.3 360.4 355.6 351.2 347 342.3 339.3 334.6 328.8 324.3 320.2 318 316.6 314.3 310.2 304.2 304.3 304.9 305.6 307.3 307.5 305.6 305.1 306.6 306.2 304.9 300.3 300.6 302 302.9 303.5 319.4 329.9 337.8 340.6 343.9 345 347 348.7 350 354.3 352.9 350.1 344.6 342.5 339.5 335.8 332.4 329.1 325.7 321 317.8 314.3 309.6 306.8 304.3 300.3 296.5 291.9 290.4 286.7 282.8 279.7 277.2 274.7 272.6 270.9 271.4 270.9
391.9 393 392.2 392.1 391 390.3 388.8 384.9 377.6 370.3 365.1 361 357 350.7 346 341.5 336.1 332.7 326.2 322.1 319.8 318.1 315.1 309.6 309.6 308.7 308.5 302.2 300.6 302.5 304.7 302.9 301.1 302.3 303.4 301 299 299.5 299.5 302 303.7 315.1 325.6 329.7 339.3 341.6 343.9 346.5 349.5 350.1 355.7 352.5 348.7 344.1 339.7 337 333.6 330.7 327.8 323 319.3 317.3 314.6 310.2 305.8 301.9 297.1 293.7 290.5 288.9 285.8 282.9 279.8 277.2 274.4 271.2 269.3 269.5 270.2
380 382.1 383.6 382.5 382.2 381.6 380.7 376.1 370.6 366.3 363.8 359.8 356.8 349.5 345.4 340.9 339.7 336.4 333 328.6 325.8 321.5 317.5 312 308.1 304.3 303.6 302.3 299.9 302.3 303 300.7 298.7 296.4 297.2 299 296.4 299.3 304 305.9 309.9 317.2 322.4 330.2 344.4 345.4 349.5 349.6 348.2 345.8 349.6 347.7 345.7 344 340.7 336.9 333 329.8 326.5 323 317.2 312.9 311.1 307 303.5 300.3 295.9 293.1 290.4 287.9 285.7 282.4 279.7 277 274 271.8 270.1 265.4 266
362 365.2 368.9 368.7 370.6 368.7 366.6 363.4 358.8 356.4 356.7 354.2 352.2 350.8 349.1 341.8 339.4 339.7 340.7 336.3 331.1 325.3 318.2 314 310.8 307.3 303.7 300.5 298.2 298.9 301.1 298.2 296.2 293.7 293.6 295.8 295.3 298.3 310.1 314.4 319.8 324.4 329.1 333 343 348 349.7 350 349.6 347.1 345 344.5 340.5 340.1 338.3 336.4 333.2 329.3 324.9 320.9 316.7 311.8 309.2 305.3 303.6 299.7 296.8 296.2 295.3 290.3 287.5 285.2 282.4 278 275.1 273.2 271.4 266.8 263.4
352 355.4 359 359 359.3 359.1 356.8 357.3 352.4 349.7 348.5 347.3 347.4 346.9 345.4 340.2 340.4 334 332.3 329.7 326.7 323.8 322 315.7 311 309.4 304.2 301.1 297.9 294.2 293.7 294.5 292.7 291.2 289 289.4 295 305.1 312.7 320.2 327.1 334 337.3 342.7 348.4 352.2 355.2 353.2 350.8 350.1 347.6 342.4 337.3 334.4 334.5 331.6 329.5 324.6 322 319.6 316.6 312.5 308.6 305.2 304.3 300.5 300.5 302.1 300.3 294.2 290.6 290.2 289.1 283.9 279.9 274.1 271.2 268.2 265.4
342 342.6 344.9 345 343.3 344.4 344.3 344.4 343.2 341.6 342.4 341.5 337.6 337.2 337.1 334.5 333.8 330.1 327.1 322.8 320.6 318.6 315 311.4 309.6 306.8 302.7 300.4 299 295.1 289.3 289.7 290.5 289.3 286 288.1 298.3 308.3 314.8 323.5 329.8 336.5 342.4 350.9 351.8 356.2 355.1 354 351.5 349.1 348.6 343.3 338.2 335.5 332.9 329.5 325.1 321.1 319.3 318.1 315.6 314.1 309 306.9 308.4 309.5 312.7 313.6 309.6 305.9 300 295.9 292.2 288.6 284 277.9 272.6 270.5 267.6
336.9 336.7 337.6 337.8 336.4 333.8 331.3 330 331.2 331.4 332.6 329.3 328 331.3 330.6 328.9 329 327 322.7 320.4 317.9 315.5 312.5 310.1 308.1 305 301.6 300 297 293.4 287.8 285.7 289.4 287 284.1 291.4 302.8 313 320 327.9 333.6 339.4 344.7 348.7 352 354.7 350.9 350.7 349.1 347.3 345.9 344.4 340 335.9 332.9 329.8 326.1 322.8 319.8 317.2 315.4 313.2 310.6 310.8 310.3 309.1 309.5 310.3 309.5 305.1 303.3 300.9 295.8 291.2 287.5 282.5 275.3 272.5 269.4
336.1 332.4 331 332.2 330 328.4 326.8 323.1 323 322.8 320.5 320.7 320.3 323.9 323.5 324.1 325.7 323.4 321.6 317.7 314.3 312.4 310.4 308.5 306.7 305.7 302.3 299.2 296.1 292.9 287.5 284.7 282.9 282.8 287.7 299.2 309.6 317 324.1 330.5 338 344.9 345.2 344.4 347.4 349.6 348.2 347.2 345 341.3 341.1 340 339 333.3 330.8 327.9 323.7 320.5 318.2 315.9 314.1 311 309.6 307.9 305.1 305.7 302 308.4 308.1 304.3 301.1 298.5 294.3 291.3 289.1 285 277.7 272.6 270
342.8 339.7 335.8 333.5 324.9 322.1 318.7 316.4 316.1 318.4 313.9 314.1 312.3 308.8 312.3 313.3 313 315.1 316.5 313.6 309.8 309.1 307.7 306.5 305.1 303.6 300.4 298.2 295.3 292.3 288.9 285.1 281.1 282.6 292.6 308.3 315.4 320.7 325.1 330 337 345.4 344.6 340.3 341.6 344 342.7 341.9 337.1 335.7 335.9 332.3 331.3 326.8 324.8 322.6 319.5 318.3 316.5 314.2 313.5 309.1 307.6 304.6 301.8 300.5 298.1 294 302.6 299.4 296.5 295.2 291.9 289.1 287.8 283 277.7 273.6 270.6
345.5 344.3 344.3 335 333.8 328 320.4 314.3 313.9 312.4 308.3 306.3 304.9 302.4 303.7 303.8 303.6 303.1 304.1 304.7 304.8 304.3 305 304.2 302.9 301.5 299.3 297.2 294.2 291 286.4 281.8 280.1 285.9 297.3 312.8 318.2 320.2 324.7 328.8 333.6 338.3 342.4 340.6 340.7 335.6 334.1 333.1 331.3 329.8 329.4 326.7 324.2 325.1 321.7 319.6 320.8 320.5 318.6 316.1 314.3 311.6 307.8 304.6 299.8 296.9 296.4 294.9 290.2 291.1 290 289 287.3 285.4 282.8 279.2 276.2 274.3 271.4
337.8 335.7 333.8 334.6 335.4 332 328.6 321.1 316.2 311.8 308.8 304.8 301.1 296.1 296.8 297 296.3 295.2 294.1 295.9 297.4 299.1 300.5 300.5 299.9 299 298 296 292.9 288.8 283.9 280.1 279.3 290.9 298.5 310.8 317.7 320.3 324.8 329 332.2 334.8 336.5 337 334.4 334.8 332.2 329.5 329.7 328.7 327.7 324.2 324.6 325.6 322.7 320.7 320.6 320.8 319.6 317.7 315.4 314.2 309.3 305.1 300.3 295.1 289.9 289 288.2 286.6 285.7 283 280.7 280.2 277.8 276.4 274.7 273.3 272
325 323.9 323.2 325.2 328.7 322.1 321.3 318.4 313.2 312.7 310.8 306.7 301.3 298.6 292.7 290.1 290.4 290.5 290.7 292 292.6 291.5 294.4 295.9 295.4 295.8 295.8 294.9 290.6 287.5 281.5 279 282.7 297.3 305.8 309.4 315.8 319.6 325.1 329.1 331.7 335.2 336.2 336.2 335.1 335.6 333.4 331 330.7 333.9 329.9 330.8 326.4 324.6 323.8 322.1 320 318.7 317.3 316.1 315.2 312 307.8 304.4 299.2 296.7 293.1 288.2 284.8 281 281.2 278.9 277 275.2 273.6 272.4 271.7 271.2 270.7
315.1 315.9 312.4 313 314.2 311.7 311.6 310.1 309.2 307.2 305.9 303 299 295.5 289.8 287.2 285.9 286.9 287.1 287.7 288 288 289.9 292 292.1 293.1 293.9 293.6 290.3 286.9 278.6 277 286.2 301.7 310.6 310.2 314 319 328.1 332.4 334.5 337.5 338.5 338.2 337.5 336.8 335.6 333.4 333.3 334.2 331.6 330.2 330.7 327.8 326.8 322.5 320 316.9 314.3 314.6 313.7 309.9 309.3 305.8 304 302 298.6 292.4 287.2 282.5 278.2 275.3 274.4 273.2 271.7 270.4 268.2 267.8 266.8
302.2 304.1 303.7 304.5 304.6 301.7 299 297 296.3 296.7 297.6 295.6 293.4 291.2 287.3 285.1 285 284 283.3 283.2 285.4 285.8 285.5 287.2 288.5 290.7 291.8 291.5 287.7 283.6 275.6 276.8 285.6 302.2 310.7 314.3 318.5 322.2 328.3 333.3 336.6 339.6 340.7 341 341 339.8 337.8 335.6 334.4 334.4 333 334.1 334.8 333.1 335 331.8 327.2 320.8 317.8 315.2 314.1 311.9 315.6 314.9 312 308.8 305.1 299.9 293.4 288.4 282.7 276.2 271.9 269.4 267.4 265.8 265.1 264.4 262.2
295.1 297.7 295.9 296.6 295.3 295.6 292.6 291.6 289.5 286.2 288.4 287.1 285.1 282.9 281.5 280.7 279.8 279.5 278.1 279.1 281.5 285.2 281.9 282.6 282.5 282.9 284.4 285.4 282.6 281.7 273.9 276.5 287.5 305.2 313.5 315.2 321.6 324.7 327.9 332.6 336.3 340.6 342.9 346 349.5 345.9 344.2 342.1 338.2 336.6 336.9 336.4 338.8 338.7 337.4 334.1 331.8 326.4 321.5 318.4 317.1 316.7 317 318.3 316.9 315.8 312 305.8 300.8 295.5 288.2 281.4 277.3 271.3 267.5 265.2 259.8 258.4 256.9
289 289.5 287.8 288.4 291.1 289.2 286.1 284.6 283.4 281 279.8 278.6 278.1 278.2 278.7 278.3 277.6 277.1 275.7 276.6 278.2 280.1 279.3 280.1 278.6 278.6 280.2 280.9 277.9 278.1 272.2 275.2 288.3 307.1 313.3 315.9 319.6 324.6 328.3 330.1 335.4 340 344.5 348.1 355.3 353.5 352.4 351.4 351.2 350.2 347.9 349.1 346.5 342.2 340.9 341 336.9 329.6 323.5 321.7 320.2 319.6 320.1 320.8 319.8 318.3 314.9 309.1 304.7 299.8 294 288.1 282.7 275.6 272.1 268.4 263.2 258 253.6
288.6 290 288.1 284.2 283 283.1 283.9 283.4 282.1 279.9 279.4 279.6 280.7 280.3 282 279.1 277.8 276.5 275 274.7 276.3 276.4 275.4 274.3 275.2 276.3 277.7 277.2 273.8 268.4 272.3 282.4 297.9 308.6 314.2 316.7 320.5 323.8 327 329.1 332 339.1 345.4 349.7 353.6 355.7 355.8 356.7 356.6 356.1 355.7 353.9 350.8 344.7 343.3 342.6 339.8 331.7 326.4 323.2 321.7 322.4 324.2 325.7 324.7 325.1 323.1 318.4 313.1 306 299.4 292.4 285.1 279.5 273.9 268.6 264 259.8 254.5
292.9 291.1 291 290.2 290.1 290.9 288.5 289 289.6 288.6 289.7 285.1 287.3 284.1 283.9 280.7 280.1 278.4 277.7 274.5 273.4 272.3 271.8 272.3 272.6 272.8 272.7 270 268.1 268.9 276.7 287.4 302.9 309.3 313 316.6 319.6 322.9 323.4 325.4 329.6 336.4 342.4 346.5 350.6 354.4 357.2 357.3 356.3 356.9 357 356.1 353.2 347 344.3 344.9 339.7 333.3 328.8 324.2 323.5 323.8 324 325 325.6 325 325.6 321.8 318 312.6 305.7 298.9 291.3 284.7 277.1 270.5 264 259.7 255
