webserver/python/data/NS84.asc
ncols 200
nrows 200
xllcorner 280000
yllcorner 640000
cellsize 50
[rows 35 to 69 of 200, columns 0 to 78 of 200]
140.8 143.5 144.7 144.4 145.7 145.9 145.9 144.9 143.4 142.6 142.5 143 143.4 143.6 142.8 141.2 136.7 131.6 127.3 120.7 119.8 119.8 124.6 121.8 119.3 113.2 104.2 89.3 78.5 72.1 65.6 58.7 47.4 45.2 44.6 45.1 44.6 44.5 44.5 44.3 44.1 43.8 43.4 43 42.8 43.9 60.2 62.5 64.1 68 75.9 85.4 96.1 114.1 122.7 126.2 121.3 123.9 132.2 139.6 146.3 146.7 144.9 146.7 152.4 157.9 161.7 165.8 165.7 165.7 165.3 167.6 169.9 171.8 173.6 175.8 178.4 180.8 184.5
143.2 144.3 147.4 148.2 146.3 146.2 145.1 144 144 143.3 143.2 143.5 143.5 143.4 142.6 141.3 137.9 132 128.8 126.1 124 126 126.3 126 122.9 117.1 109.3 91.8 80.3 72.7 73.1 68.8 56.7 49 46.1 46 45.5 45.1 44.5 44.2 44 43.8 43.3 42.8 42.8 42.9 51.2 61.3 63.6 66.7 73.7 81.9 89.3 106.3 109.1 117.1 128.8 132 135.6 140 141.4 137.5 144.1 149.4 153.7 156.5 160 163.8 165.7 165.8 165.4 166.2 168.8 170.5 172.3 174.3 176.8 179.7 182.6
143.5 145.8 149.2 150.3 148.3 145.8 144.5 143.9 143.9 143.9 143.8 143.7 143.6 142.4 141.5 140.2 135 131.3 131.1 129.5 127.9 128.2 127.4 124.7 124.1 119 111 98.2 80.7 81.5 77.8 68.8 61.8 49.6 47.6 46.6 46.1 45.4 45.1 44.4 44 43.7 42.8 42.8 42.8 42.8 45.3 59.4 62.9 65.5 68.1 77.3 84.4 90.4 105.7 119 125 129.6 131.5 134.4 131.3 135.4 143 148.9 152.5 154.7 158.2 160.6 162.6 163.7 163.8 165.2 167.7 169.3 171 172.9 175.5 178.3 179.5
143.5 146.3 148.5 149.4 147.9 145.8 144.9 144 143.9 144 144.5 144.3 144 143.4 142.5 140.5 138.4 135 133.6 132 130.9 129.5 129.5 128 124.5 120.2 109.9 98.7 86.1 87.5 84.1 75.3 68.2 60.4 48.6 47.2 46.4 45.8 45.4 45.3 44.3 43.9 42.8 42.8 42.8 42.8 44.1 57.3 62.4 63.6 64 68.8 75.5 89.3 99.9 112 120.1 123.6 119.9 121.6 132 137.7 141.8 148.1 151.5 152.6 155.6 158 159.9 161.3 163 164.8 166.4 167.9 169.4 171.2 174.3 176.1 177.1
142.9 145.5 145.9 146.2 146.6 145.3 145.6 144.3 144 144.4 144.8 145.6 144.6 144.6 144.7 143.5 141.9 139.2 136.6 134.6 133.7 132.5 132.1 130 125.8 118.2 107.9 98.8 94.1 94.6 94 85.4 75.2 65.9 50.1 48.2 47 46.1 45.8 45.7 45 43.8 43.1 42.8 42.8 43 43.7 55.2 60.3 61.7 64.7 67.5 71.5 77.5 92.8 102.7 107.7 103.7 120.1 128.1 131.8 136.6 140.2 145.1 147.8 149 152.7 155.1 157.1 160.2 161.9 163.6 164.7 166.1 167.7 170.3 172.3 173.5 174.7
142.3 143.5 144.6 145.4 146 146 145.3 144.1 144.6 144.8 145.1 145.3 146 146.1 146.1 145.1 144.3 142.4 140.9 140.5 138.8 135.7 135.2 131.4 127.4 120.9 110.6 101.5 102.3 101.7 99.5 93 81.8 76.7 60.5 50.2 47.7 46.6 46.3 46.5 44.9 43.8 43.4 43.3 42.9 43.2 43.5 52.2 56.7 60.8 64.3 66.9 69.6 71 78.8 84.8 97 109.1 119 125.7 128.8 133.1 137.1 141.4 144.3 147.9 151.2 152.2 156 158.7 160.8 162.2 163.2 164.5 165.7 168.1 169.6 170.9 173.3
141.6 142.4 143.5 144.5 145.3 146 145 144.5 145.3 145.4 145.6 146 146.8 147.6 147.3 147.1 146.6 145 144.3 143.6 142.2 140.3 137.3 132.8 129.2 123.1 113.9 107.5 107.3 107.2 103.8 96.6 87.1 78.7 68.1 61.1 49.6 48 47.4 47.3 46.3 45.6 44.1 43.7 42.9 43.2 43.5 50.1 54.1 58.2 62.5 64.3 69.9 69.7 73.7 81.9 99.6 108.6 115.3 119.2 126.1 130 135.7 138.6 141.4 145.6 148.4 149.9 153.4 156.1 159 160.6 161.7 162.9 164.1 165.9 167.9 169.4 172.1
141 141.9 143.6 145.3 146 146 145.1 145.1 145.8 145.4 145.6 146.7 147.6 148.4 149.5 149.2 148.7 147.4 146.6 145.8 145 143.3 141.7 136.8 131.6 124.5 117 110.3 111.6 110.6 107.1 96 88.5 77.1 76.3 73.1 59.1 51.6 50.4 49.9 47.8 46.7 45.2 44.1 43.1 43.1 43.2 44.8 47.7 49.5 59.8 60.8 64.3 69.1 72.7 75.2 84.8 95.6 103 115.2 122.1 128.6 131.6 135.8 139.3 144.6 145.6 149.5 151.1 153.9 155.8 158.3 159.5 161.6 163.9 165.2 167.1 168.4 170.3
140.6 141.7 143.9 145.4 146 145.8 145 145.5 145.9 145.9 145.1 146 146.6 147.8 150.4 151 150.4 149.2 148.6 147.7 147.9 146.2 144.7 141.7 134.8 127.4 122.6 118.5 116 114.3 108.8 100.6 89.6 81.6 82.2 80.5 72.3 57.8 54.5 51.9 49.7 47 45.6 44.7 43.8 42.9 42.9 43.5 45.5 48.6 52.6 55.5 63 66.7 69.3 74.2 77 82.2 98.6 111.5 120.2 126.9 129.5 135.4 137 138.6 143.7 146.9 149.2 151.4 154.5 156.3 157.5 159.8 162.1 164.4 166.1 167.4 168.6
140.4 141.8 143.6 145.6 145.8 145.4 145.6 146 146 146 145.9 145.3 145.1 145.8 147.7 149.2 150.7 151 151 151 150.6 149.2 147.8 144.4 139 133.2 128.2 123.6 120.5 116.7 110.6 103.4 94.5 85.2 86.4 92 82.5 72.3 60 55.5 51.4 47.7 46 45.3 44.3 42.9 43.1 43.4 44.9 47.6 49.2 52 54.3 60 63.9 68.1 71.3 73 85.9 105.5 114.2 122.3 127.6 131.5 129.9 136.8 141.3 146.2 150.3 151.2 151.9 153.6 155.6 158 160.8 163.4 164.4 164.7 165
140.8 141.9 143.5 144.5 144 145.7 146 146 145 146 146 145.2 144.3 144 145.9 147.9 149.7 149 151.1 151.3 151.3 151.2 149.9 146 141.8 139.1 133.3 126.3 123.4 118.3 111 103.6 95.1 89.6 90.4 99.9 87.2 78.2 70.7 61.8 53.2 47.8 46.3 45.6 44.3 43.3 43.4 43.8 44.7 46.3 47.5 49 56.4 67.1 69.8 69.7 68.9 69.3 78.7 92.6 99.1 117.7 125.4 128.5 132.5 137.6 140.7 145.3 148.4 149.4 149.6 151.7 154.3 157 159.9 161.2 162.3 162.8 164
141.1 142.1 143.3 144.6 144.3 144.1 145.7 145.9 145 144 144 144.2 144.7 144.5 145.8 147.9 149.8 149.6 151.2 151.5 151.7 151.4 150.6 146.8 144.6 142.6 137.9 132.1 126.7 119.2 113.5 106.4 100.6 98 95.1 100.9 91.6 83.8 77.5 66.5 55.5 48.8 46.5 45.6 44.1 43.8 43.7 43.9 45.2 46.4 47.2 48.3 48.7 65.3 77.5 81.7 77.4 70.7 75.3 81.5 91.1 101.3 113.4 125.6 130.1 137.1 139.4 141.7 144.9 145.2 148.3 151 153.2 155.7 157.7 159 160.1 161 161.4
141.5 142.2 143.4 144.6 144 144 144 144.3 144 144 144 144 144.3 145.5 146.3 148.2 150.1 150.1 151.2 151.6 152 151.9 151.3 149.6 147.4 145.5 141.3 136.7 130.4 124.7 121.1 114 106.4 101.9 100.9 96.4 89.1 82.9 75 63.3 59.8 49.5 46.6 45.3 44 44 44 44 45.1 46.3 47.6 50.4 58.7 59.4 68.5 68.8 68.9 70.5 75.3 78.9 83 93.4 108.5 118.1 125.5 132.3 134.5 137.5 136.3 142.2 146.1 150.4 152.4 155.9 155.5 156.2 157.7 158.5 158.6
141.8 142.6 143.6 145 144.2 144.2 144.8 144.9 144.2 144 144.2 144.1 144 145 146.7 148.4 150.3 151 151.4 152.1 152.4 152.5 151.7 150.3 149 147.6 144.1 140.4 136.3 129.6 125.9 122.6 115.9 106.8 102.2 93.9 85.6 80.6 66.6 64.7 60.7 51.6 47.1 45.9 44.2 44 44 44 45.1 46.3 47.1 49 57.8 50.8 61.4 70.1 70.3 72.3 75 78.8 82.6 91.6 102.9 106.4 106.5 117.9 124.9 127.2 139.3 143.6 146 150.3 151.7 153.3 153.3 154.3 155.4 155.9 155.3
142.3 143 143.8 145.6 144.8 144.4 145.7 145.5 144.3 144 144.5 144.6 144 145.3 147 148.7 150.3 151 151.4 152.1 152.8 153.2 152.7 151.9 150.7 150 147.3 144.1 140.3 136.6 130.7 127.4 122.2 116.4 105.4 94.2 83.8 74.9 67.5 65.8 64.1 56.9 50.1 46.8 44.3 43.7 43.9 44 45.1 46 46.4 47.8 49 48.5 49.7 68.4 72.4 73 75.5 78.2 83.2 90.3 91.9 85.2 83 93.3 109.9 131.9 140.3 142.9 146.5 149.8 151 149.3 151.3 152.8 153.9 153.1 151.2
142.7 143.5 144.2 145.3 145.1 145 145.5 146 144 144 145 146 145 145 146 147.4 148.9 150.6 151.4 152.1 152.8 153.4 153.8 153.3 152.5 151.4 149.6 147.4 145 141.3 136.4 131.3 123.4 113.2 102.8 91.9 84.6 78.2 71.8 66.9 66.6 63.9 56.1 48.4 45.6 43.5 43.8 44 45.3 45.7 46.1 46.5 47.9 48.5 48 65.3 73.4 73.9 75.5 76.5 75.3 74.5 71 70.2 73.2 83.7 109.1 126.5 134.4 141.3 145.1 146.6 145.8 148.2 151.1 151.6 151.3 149.6 147.1
143.1 143.9 144.7 144.8 145.4 145.7 145.4 144.9 144 144 145.8 146 146 146 145.6 145.5 147.1 148.7 150.7 151.5 152.5 153.4 153.8 153.4 152.7 151.8 150.1 149.3 148.2 145.5 141.4 133 125.1 114.4 102 91.6 85.3 80.9 80.3 70.4 65.7 66 58.6 53.3 49.1 44 43.7 44.9 45.3 45.9 46.3 46.3 46.8 48.3 48.3 62 73.2 72.5 72.4 68.9 65.8 64 71.6 74.6 72.6 84.3 108.7 125 133.8 137.4 138.2 138.7 143.8 149.3 150.7 150 150.2 147.4 144.1
143.5 144.4 144.4 144.6 145.3 145.7 145.3 144.2 144 144 145.3 146 146 146 146 144.5 144.3 147.2 149.6 150.6 151.6 152.7 153 153.1 152.7 152 151.5 151.3 150.8 148.6 144.6 138.3 129.9 120.7 103.9 95.1 88.2 85 86.2 84.6 70.4 65.6 64.3 57.6 53.4 44.8 44.3 45.9 46.2 46.3 46.2 46.3 46.4 47.2 50.6 57.4 73.7 71.3 67.4 63.7 66.3 79.6 85.6 85.2 77.3 83.5 109.9 124 128.8 132 133.7 141 143.9 147 149.2 148.7 147.8 144.5 144.4
143.5 144.3 146 146 145.2 145.8 145.2 145.1 144.5 144.3 145.3 145.9 146 146 145.6 144.1 144 145.5 147.6 149.7 150.8 151.7 151.4 151.7 151.5 151.9 151.5 151.7 152 151.2 147.2 140.4 133.4 123.1 112.1 104.1 97.4 90.8 86.7 82.1 76.1 70.9 69.7 68.3 59.6 46.9 44 46.6 46.6 46.3 46.2 46.3 46.5 47.6 50.5 53.4 60.8 59.5 59.3 70.3 84.3 92.6 95.9 94.7 78.4 83.6 107.8 121.5 125 126.8 131.8 137.1 141 144.6 147.2 146.7 146.2 140 140
143.7 144.2 146 146 145.7 145.7 145.4 145 144.7 144.2 145.5 145.9 146 145.8 144.4 144.7 144.3 144.8 145.6 148.1 149.5 150 149.7 149.8 150.5 151.3 151.4 151.7 152 151.4 147.3 140.3 135.3 128.4 117 106.1 103.5 99 90.2 84 81.8 80.4 79.2 77.8 72.3 54.7 43.6 45.3 45.3 45.2 45.5 45.1 45 46 50.3 51.4 53.8 63.8 71.9 84.5 91.1 100.2 109.7 107.5 84.7 81.8 100.2 115.2 114.9 120.7 128.4 133.7 138.3 144.1 146.1 146 144 135.4 132.9
143.8 144.6 146 146 145.3 145.2 145.2 144.9 144.6 144.3 145.1 145.9 145.6 145.1 144.4 143.8 143.2 143.5 144.4 145.9 146.9 146.8 146.2 146.4 148 149.7 150.9 151.1 151.3 151 145.6 140.2 134.2 128.4 119.8 114.4 110.9 100.9 93 88.9 88.5 85.8 83.1 79.2 74.1 57.9 43.4 44 44.2 44.2 45.1 44.4 44.2 44.5 45.9 50.7 59.9 70.1 78.3 88 97.7 106.2 103.9 100.7 85.1 84.7 89.2 101.1 119.2 126.3 132 135.7 138.2 141.1 144.6 144.5 142.4 132.5 125.7
144 144.5 146 146 144.9 144.7 144.7 144.6 144.5 144.8 144.7 144.6 143.8 143 142.4 142.1 141.6 141.5 142.7 143.6 144 143.5 143.6 144 144.7 146 148.8 150.1 150.3 148.6 145.7 140.4 135.2 127.9 128.1 122 117.9 110.8 103.7 96.5 93.8 87.5 83.3 78.1 72.1 60.9 49.1 45.8 45.2 45 45.6 44.7 44.8 45.2 44 44.8 60.5 73.4 80.2 90.5 101 94.4 91.2 85.7 82.8 83.8 90.9 110.4 124 129.6 133.1 133.8 135.4 136.5 137.8 138.1 132.7 125 119.5
144.3 145.2 144.8 144.7 144.5 144.4 144.2 144.1 143.8 143.4 143.2 143.1 141.5 140.9 140.4 140.1 139.8 139.5 140.7 141.3 140.9 141.4 142 142.5 143.5 145 146.8 148 147.9 146.7 144.5 140 136.5 135.6 131.7 128.7 124.6 119.2 114.2 106.9 99 89.5 88.4 85 76.1 62.7 54.6 49.6 47.1 45.8 44.3 45.7 45.8 46 45.7 45.8 47.7 59.8 77.2 89.2 94.9 85.8 81.6 80 83.5 85.2 90.1 101.5 118.6 127 131.5 127.7 127 127.7 128.2 126.9 121.6 116.8 115
144.8 145.4 144.6 144.3 144 144.1 143.7 143.4 142.8 142.4 141.8 141.7 140.2 139.5 138.8 138.4 138.2 137.2 138.7 139.2 138.6 139.5 140.3 140.7 142.1 143.8 145.8 146.6 146.2 145.9 144.9 144.3 143.6 140.3 136.9 136 130.5 128.5 124.4 114.8 104.2 100.4 95.1 89.4 79.4 62.9 55.9 50.5 46.5 44 45.5 46.2 46 46.2 46.2 46.1 45.1 42.8 50 76.1 88.2 82.5 78.6 80.4 84.2 89.3 91.3 97.5 113.7 124.5 127.2 119.8 118.2 117.3 110.8 109.9 105.8 104.9 111.7
144.7 145.3 145.1 144.3 144.2 143.7 142.8 142.3 141.8 141.4 140.9 140.3 139.6 138.5 137.5 137 135.9 134.9 136.2 136.8 136.3 136.9 137.6 139 140.7 143 144.3 144.6 144.5 145.7 146 145.2 146 144.5 141.9 139.8 138.6 136.2 131.8 122.2 113.9 108.8 100.7 92.4 83.9 65.9 54.3 50.2 45.7 46.4 46.6 46.4 46.2 46 46.1 45.8 45.4 44.5 45.2 61.1 86.6 80.6 78.4 85.3 86.6 89 92.9 99 113.3 117.6 118.9 114.4 101.8 97.9 98.9 101.8 107.4 112.9 115.5
145.5 145.8 144.9 144.4 143.8 142.8 141.7 141.1 140.7 140.3 140 141 136.6 136.1 136 135.6 135.8 135 135.2 136 135.6 134.6 136.1 137.6 139.2 141.3 141.5 141.8 142.9 144.2 145.2 145.4 145.3 144 143.3 142.9 142.6 140.6 132.7 126.5 121.2 110.2 98.8 87.7 80.3 66 50.3 49.8 49.8 47 46.5 46.3 46.1 46 46 46 46 46.1 45.8 50.7 81.1 80.6 78.2 84.1 94.6 86.2 91 98 104.4 105.7 109.8 105.8 97.2 104.1 107.4 111.3 114.6 118.3 120.6
145.2 145.3 144.7 143.9 142.9 141.9 141.1 140.1 139.6 139.2 137.6 134.6 133.7 133.5 131.9 135.2 134.1 135.9 133.6 134.4 136 133.3 135.1 136.5 137.8 138.6 138.6 139.8 140.4 142.2 143.3 142.5 142.4 143.8 143.4 142.9 143.1 140.9 136.5 130.1 124.5 106.3 92.9 86.8 80.2 60.6 52.8 55.2 52.9 47.1 46.3 46.1 46 46 46 46 46 46.1 46.2 47.4 68.2 80.6 78.9 79.7 78.4 81.7 88.3 92.7 94.2 94.3 93.9 89.5 99.2 105.7 108.4 118.1 122.4 122.1 121.3
146.2 145.7 144.8 144.1 143.1 141.9 140.7 139.5 140 140.9 140.5 140.6 140.7 137.2 134.7 130.7 129.2 134.7 134.7 129.4 132.4 130.5 132 136.2 136.5 136 136.1 137.7 140.5 141.2 140.9 139.4 140.5 142 143 142.3 141.1 141.5 139.6 129.4 122.8 110.1 101.3 94 76.8 53.3 61.3 66.5 59.1 48 46.1 46.1 46 46 46 46 46 46 46.1 46.9 60.3 73.7 78.2 78.2 76 78.4 82.7 80.9 74.8 72.5 71.7 73.9 87.2 91.8 101.2 111.3 117.6 105.2 89.9
147.9 147 144.9 144 143.8 143.8 142.8 143.2 143.3 142.6 142.5 141.7 140.9 139 137.2 136.2 132.1 129 134.5 130.7 130.4 131.1 130.9 134.7 134.6 132.8 133.6 135.8 136.9 137.9 137.8 139.3 141 141 141.8 140.5 138.9 138.3 135.7 128.5 121.1 109 105.4 89.2 61.5 61.6 78.5 84.2 71 49.9 46.1 46 46 46 46 46 46 46 46 47.8 55.1 61.9 70.2 77.7 76 73.1 69.8 63.4 64.2 64.1 63.7 65.1 72 79.3 83.5 89.2 87.7 75.7 87.7
149.6 148.2 145.8 145.1 144.3 144 144.3 145.8 145.9 144.6 143.1 142.2 141.2 139.6 138 136.3 133.3 130.1 126.5 130.9 127.7 130.6 130.6 130.8 131.9 130.3 130.4 131.2 132.5 133.8 135.3 137.3 140.4 141.7 141.2 137 133.7 134.5 135.3 131 125.5 118.9 98.5 73.4 58.9 70.3 85 83.1 71.5 50.7 46.5 46.1 46 46 46 46 46 46 46.5 48.3 50.8 53.3 60.9 74.6 77.9 68.6 61.5 60 58.7 59.6 60.1 60.4 61 61.7 63.3 68.3 70.4 82.4 98.9
150.7 148.5 146.8 144.9 144 144 146 145.7 145.8 145.4 143.6 142.7 141 139.4 137.4 135.6 132.7 131.2 130 120.6 131.1 130.9 125.7 131.1 131 130.1 129.1 128.7 129.5 131.3 134.8 136.4 139.1 140.2 136.7 133.9 129.5 129.1 129.8 130.2 121.9 80.3 58.9 63.6 66 75.5 79.8 86.6 76.7 54.5 48.2 46.2 46.2 46 46 46 46 47.1 48 48.3 49.2 49 53.6 61.8 59.6 56.9 58.6 58 59.3 58.1 59.1 59 59.6 62.7 64.2 66.2 70.5 84.9 93.1
151.8 149.2 147.7 146.2 145 145.4 145.8 146.1 146.2 145.2 144.1 142.2 140.4 138 135.7 134.1 131.7 129.1 131.1 120.6 130.8 131.5 129 124.1 127.6 130.8 126.3 125.9 125.2 130 134.9 135.1 136.6 137 134.3 131.8 127.2 127.4 126.5 114.6 81.4 65.4 70.2 70 76.3 85.4 79.8 82 81.4 68.6 56 49.1 48 47.3 46.4 46.9 47.9 48.2 48.5 48.2 48.6 49 52.4 54 53.9 54 55.3 58 71.6 61.8 61.6 65.7 64.2 66.8 71.9 80.6 83.1 87.1 95.6
153.2 149.3 147.7 147.3 147.1 147.6 147.6 147.4 147 145.9 144.8 142.5 139.6 136.7 134.7 132.8 130 128.3 125.4 121.1 127.1 131.5 131.4 128.1 122.5 126.2 123.6 126.3 119.4 124.2 129.2 130.4 131.4 130.2 118.4 98.7 92.3 85.4 87.5 77.2 65.9 77.9 84.1 83.2 95.7 96.3 86.2 79.1 80.8 75 66.6 56.4 51.2 49.5 47.6 47.6 48.2 48.7 49 48.8 49.2 51.7 53.2 53.8 55.9 58.7 62.2 64.6 75.8 69.9 69.2 68.5 68.4 68.9 71.9 76.9 74.7 79.5 90.3
154.9 150 149 149 149.1 149.6 149.5 149 147.4 146.5 145.6 142.6 139.6 136.9 135.4 133.2 131.2 127.8 124.6 126.1 119 130.8 132.2 130.3 124.5 119.1 114.2 115.4 119.7 119.1 124.1 126.3 128.8 95.2 68.9 65 68.2 68.7 73 77.6 86.3 94.8 96.7 97.5 108.6 102.9 92.4 81.9 79.8 79.2 66.8 61.7 56.3 52.7 49.1 48.6 48.6 49 49.5 50.6 53.6 57 58.5 64.6 69 70.7 72 70.9 73.9 75.4 79.5 77.4 73.8 72.2 74.9 80.6 86.4 91.6 83.9
155 149 149.3 149.1 149.4 150.7 150.8 149.8 148.1 146.6 145.9 143.4 139.8 137.3 135.2 131.6 129.8 127.9 130.5 126.2 120.3 126.9 130.9 129.8 127.2 127.4 119 107.7 102.8 107.5 112 119.4 99.2 69.9 79.9 84.6 88.2 96 98.5 98.9 105.9 115.5 122.5 122.8 121 105.8 94.3 83.9 79.5 76.7 67.7 62.7 59.4 53.2 49.4 49 49 50.1 50.8 52.6 55.6 59.2 64.4 78.6 84.9 86.7 88.9 89.3 87.8 81.8 82.6 82.9 79.5 75 82.5 92 96.2 101.6 86.9
