webserver/python/data/NS85.asc
ncols 200
nrows 200
xllcorner 280000
yllcorner 650000
cellsize 50
[rows 35 to 69 of 200, columns 79 to 157 of 200]
170.5 170.1 171.8 170.3 166.3 160.8 154.8 149.7 152 150 151.8 154.6 156.7 149.8 149.4 148.3 150.4 148.7 152.7 160.3 165.3 163.7 161 159.4 159.5 161.4 163 164.3 165.4 166 162.4 172.4 175.8 176 176 178.8 181 181 179.6 179.1 180.6 182 183.8 185.5 187 189.7 193.7 199 205.3 209.7 210.9 210.4 211 211.8 212.7 213.5 214.3 216 216.1 216.5 218.2 220.3 220.7 221.1 222.2 223.2 223.7 223.9 224.6 225.9 224 224 224 230.8 230.8 231 230.8 230.2 229.6
166.9 164.5 168.7 167.8 165 158.8 152.8 146.1 144.8 144.9 148.5 149.8 149 153.7 156 155.2 153.3 150.4 150.7 157.7 163.3 163.6 161.9 161.5 162.4 164.7 164 167.7 169.9 171.2 164 163.9 170.8 174.8 176.4 178.3 180.2 181 181 180.4 181.4 183.5 185.2 186.9 189.4 192.5 197.7 203.1 207.3 211.1 211.5 211.5 211.6 212.5 213 213.4 214.4 216 215.9 216.7 218.7 220.8 220.6 221.2 222.2 223.2 224.1 224.3 225.4 225.7 226.2 226.6 226.6 230.9 231 230.8 230.6 229.4 230.3
163.1 159.6 163.3 164.1 160.9 151.8 144.3 143.6 144 143.5 143.6 144.5 149 154.4 156.2 156.3 155.8 153.7 153.6 158.5 163.1 164.3 164.2 164.3 165.6 167.7 164.9 170 172.9 176 173.8 169.5 165.5 170 172.3 175.9 178.3 180.7 181 181 182.1 184.1 186.3 189 192.1 196 201.5 207.2 210 212.2 213.3 213 212.5 212.9 213.4 213.8 214.2 215.1 215.5 216.6 218.8 220.5 220.6 221.2 222.2 223.2 224.1 224.7 226.4 227.8 229.1 229.2 229 231 231 230.9 230.9 231.8 232.3
160.5 158.8 161 156.2 155.2 143.9 146.2 153.6 154.2 148.7 143.2 145.7 150.6 156 157.3 158.4 155.5 155.6 157.7 161 165.9 167.3 167.1 170.5 168.7 170.5 170.2 169.1 172.1 174.1 175.5 172.6 170.7 170 170.2 169.8 175.2 177.1 179.3 181.4 183.2 185.1 187.6 190.4 195 200.1 205.1 208.7 211.4 212.8 214.4 213.8 212.9 212.7 213.1 213.5 213.9 214.2 214.5 215.6 217.8 219.6 220.2 221.2 222.1 223.1 224.1 225.5 227.7 229.7 230.9 231 230 229 230.6 230.9 232.9 234.8 234.8
159.6 155.6 156.6 149.7 144.6 148.3 153.4 159.8 160.1 156.8 148.8 149.9 152.3 154 155.5 160.7 158 159.9 159.5 164.8 167.4 170.5 173.1 174.3 172.6 173.5 175.4 172.6 173.2 175.2 175.4 174.9 174.5 175.4 174.5 175.6 171.6 175.9 179.6 181.6 184.3 186.4 189.2 193.5 198.5 202.8 205.6 209.9 211.5 213 213.9 213.4 212.5 211.9 212.3 212.8 213.2 213.5 214.1 215 216.8 218.7 219 220.9 222.7 224.3 225.2 226.7 228.6 230.6 231 231 230.8 229 230.3 232.2 234.2 235.8 236
158.2 154.4 148.4 144.2 151.4 156.9 160.4 160.1 160.4 160 160.5 158.2 158.8 157.6 158.6 162.3 160 159.5 161.6 164 167.2 172.7 176.2 176 175.5 176 176.6 174.5 174 177 177.9 177 176.3 176.8 177.8 181 180.4 174 180.8 181.7 184.5 187.8 191.3 195.5 199.8 203.8 206.4 208.5 211 212.1 212.9 212.9 212 211.4 211.6 212 212.5 213.4 214.2 215.2 217.4 218.5 219.1 221.2 223.2 225.3 225.6 226.3 228.4 230 231 231 231 230.8 230.9 233.5 235.6 235.9 236
156.8 151.7 145.3 144.5 154.3 157.7 159.2 160.1 160.8 161.5 163 164 164.1 162.2 162 165 162.3 163.1 166.4 170.6 172.4 175.6 177.1 177.3 177 177.8 179.6 180.8 178.8 179.3 180.4 178.9 178.4 178.8 179.5 180.4 180.5 179.9 174.8 181.7 185.5 190 193.8 197.5 200 202.7 204.7 205.9 209.4 211.2 211.8 211.9 211.6 210.9 210.8 211.4 212.2 213 214.1 216 219.1 219.3 221.3 223.8 224.8 225.4 226 225.6 226.8 228.6 230.6 231 231 230.8 230.8 234.6 235.9 235.8 235.9
154.8 148.4 144.4 145.4 152.5 155.6 155.4 156.9 159.5 160.5 162.2 163.3 165.9 165.5 165.2 165 166.4 169.6 171.9 175.7 175.2 176.4 178 178.4 178.7 179.3 181 181 179 180.6 180.8 180.1 180.2 180.7 180.6 181.5 182.2 181.9 180.9 179 181.7 192.2 196.3 200.2 200.8 203.1 203.7 205.2 207.8 210 211 211 211.1 209.8 210.5 211 212.3 213.7 214.6 217.4 220.8 220.9 223.3 226 226 225.9 225.9 226 225.7 225.5 226.3 230.9 230.9 231 230.6 232.4 234.2 234.7 234.4
153 145.6 139.3 145.3 149.9 149.3 154.7 155.8 155.9 158.8 160 159.8 165.1 166.1 167.9 170.5 170.5 172.2 174.1 176.7 178.1 178.9 180.3 179.8 180.4 180.5 180.5 180.7 179 180.5 180.4 181.1 181.7 182 183 182.6 183.3 183.8 185.2 186.4 184 185.1 186.7 197.5 200.8 202.2 202.1 204.1 206.5 208.1 207 206.7 205.2 207.2 211.1 210.4 210.8 212.3 215.8 216.6 220.3 221.3 222.7 224 224.4 224.3 224.4 224.2 224.5 224 224.1 228.6 230.8 229.8 229.1 229.8 231.6 232.3 232.4
149.8 143.1 139.2 143 150.6 155.1 155.9 156 155.8 154.6 159.5 163.2 166.2 167.5 168.8 172.1 173.4 174.9 176.9 178.2 180.2 180.5 181.7 181.7 181.6 182 181.2 180.4 179.9 180.6 181.5 182.4 182.9 182.9 184.7 185.1 184.2 185 187.4 189.8 190.8 192.6 191.7 189.4 196.9 200.4 200.8 201.6 202.9 201.1 202.3 204.6 204.5 204.1 203 204 209.2 209 209 209.7 212.4 215.2 217.5 215.8 218.7 221.3 221.5 221.6 223.2 223.7 224.3 226.1 227.6 228.1 228.2 229.4 230.4 230.8 231
147 140 138.8 142.8 151.6 153.2 154.9 154.3 154.1 155.8 159.8 164.3 167.5 168.7 171.4 176.8 178.2 179.1 180.5 180.1 181 182.3 183.5 183.8 183.6 183.6 183.6 183.5 182.2 182.3 182.4 183.7 184.1 184 185 186.4 188 189.2 190.2 192.1 193.7 195.1 197.1 197.4 196.4 193.6 194.4 195.7 202.7 205.2 205.2 205.3 205.6 206.4 210 211 211.3 215.3 215.5 215.8 216.9 220 220.4 220.5 219.8 219.2 219.3 220.5 222.5 223.1 223.8 224 224.6 226.5 228.6 229.3 229.2 229.4 230
142.5 139.1 139.4 143.7 148.5 149.7 149.7 150.7 153.6 157.3 162.7 166.9 169.7 169.3 173.3 179.1 183.3 183.1 182.3 182.2 182.8 184.1 185.3 185.9 185.7 185.3 184.9 185.6 184.9 183.7 183.9 184.3 185.4 185.6 186.8 189.2 190.2 191.9 193.2 194.5 195.8 197.2 198.7 200.1 200.5 201.9 202 205 207.1 207 206.8 207.5 209 210.9 212.4 213.4 214.2 215.9 216.5 217.1 218.9 221.2 221.2 221.5 221.4 220.7 220.3 220.4 221.9 223.1 223.5 224.1 224.6 227.8 230.3 230.6 229.3 229.8 229.7
142 139.2 139 142.3 144.2 148.7 150.9 151.8 154.7 158.9 165.7 168.8 171.1 172.8 175 179.3 185.5 184.9 184.2 183.6 184.9 185.5 185.6 185.7 185.7 185.4 185.7 185.9 185.9 185 185.1 185.6 186.9 187.9 189.5 191.2 192.6 194.6 195.6 196.9 198 199.3 200.4 201.5 201.9 203.5 205.4 207.3 208.1 208.7 209.2 209.6 211.1 212.8 214.9 215.6 216 216.9 217.5 218.1 219.9 221.6 222.1 222.6 223 222.5 222.4 222.1 223 223.9 224.6 224.4 224.1 226.2 231 231 231 229.7 229.2
139.6 138.9 139 140.3 144.1 149 149.9 152.8 156.1 160.2 165.4 168.5 171 175.4 177.8 180 185.8 184.2 183.9 184.6 185.9 186.1 186 186 186 186 186.3 186.6 187 186.8 186.6 187.1 188.1 189.8 191.4 192.9 195.1 197.2 198.1 200.3 201.6 202.2 203.1 203 203.6 204.5 206.8 208.7 209.5 210.8 211.1 211 212.7 214.3 215.4 216.8 217.5 218.4 219 219 220.9 222.5 223 223.6 224.1 224.3 224.1 223.7 224.2 225.1 225.1 224.6 224.4 226.5 230.4 230.6 231 230.7 229.9
139.4 138.8 139 139.3 144.9 148.8 151.7 154.5 157.1 161.5 165.3 167.7 170.4 175.8 179.4 182.2 185 186.1 185.1 185.9 186.7 187 187 186.9 186.8 186.7 186.6 187 187.5 187.9 188.2 188.5 189.6 192.4 194.1 195 197.8 200.4 202.3 204.2 205.1 205.3 205.7 204.8 205.4 206.3 208.1 210.1 211.3 212.7 213.1 213 213.4 214.7 217 218.3 218.6 219 221.2 221.7 222.9 224.1 224.5 225.1 226.1 226 226.3 225.5 225.8 226.7 226.2 226.2 226.7 228.1 231 230.8 230.6 230.4 230.4
139.1 138.8 138.9 138.7 143 147.9 153.5 156 157.5 163.1 166.4 167.7 170.2 174.9 179 183.7 186.1 186.7 186.2 186.7 187.5 187.9 188 187.9 187.9 187.5 187.4 188.4 189.1 189.5 190 190.7 193.8 196.2 198.4 198.7 201.2 203.5 205.5 207.4 208.4 208.4 208 209.2 208.8 209.1 209.3 211.5 213.2 214.2 215 215 214.6 216.5 219.1 220 220.4 221 222.5 224.5 226 225.6 226.1 227.1 228.3 229 229.3 229 229.1 229 228.5 228.4 228.9 230.4 230.9 230.6 230.4 230.3 230.4
139.2 139 139.3 142.5 150.9 149.8 152.5 153.9 156.2 162.4 165.3 167.7 170.5 174 179.7 183.9 186.2 187.2 187.3 187.8 188.4 188.8 188.9 188.9 189.4 188.3 188.5 190 190.8 191.6 192.3 194.9 197.6 199.9 202.3 203.8 204.3 206.1 207.9 209.8 211 210.4 209.7 210.9 211.1 211.3 211 213.1 214.8 215.6 216.5 217 217.2 219.5 221.5 222 222.4 223.4 224.7 225.6 226.6 227 228 229 230.2 231 230.8 230.8 231 231 229.2 229.3 229.2 229.9 230.8 230.7 230.3 230.2 230.9
139.4 139.2 142.7 147.3 150 151.4 153.5 157.7 158.9 159.9 164.1 167.8 171 174.9 181.7 184.2 185.6 188.1 188.3 188.9 189.8 190 190 190.2 190.1 189.3 189.9 191.3 192.6 193.3 195.1 198.8 201.4 203.6 205.7 207.1 207.5 209.1 210.9 212.4 212.6 212.3 211.6 212.3 212.4 212.6 213.5 214.7 216.4 217.2 218 219.1 219.7 221.8 223.5 224 224 224.2 225.1 226.1 227 228.1 229.4 230.6 230.9 230.9 230.8 230.8 230.9 231 229 229 229 229.5 230.3 231 230.2 230.7 231.5
144.3 143.7 146.6 149.3 150 153.9 156.9 161.8 166 164.8 164.8 168.8 172.1 174.9 181.4 184.3 185.9 187.2 189 190.8 191.7 191.5 191.5 192.1 192.4 191.7 192 193 194.1 195.5 198.1 201.8 204.8 207.2 208.7 209.9 211 212.4 214.5 215 214.1 213.9 213.5 213.6 213.7 213.9 215.1 216.3 217.7 218.8 219.8 221.4 223.4 224.8 225 225.1 225.1 225.3 225.6 226.5 227.1 228.3 229.5 230.8 230.9 230.8 230.7 230.7 230.7 230.8 229 229 229 229 230.6 230.7 231 231.2 232
146.1 145.4 147.8 150.1 153.3 156.5 159.2 162.7 165.9 165.5 167.1 169.7 172.5 180.8 183.9 186.9 188.9 189.5 190.5 192.5 193.8 193.8 193 194 194.8 194.2 193.9 196.1 197.1 197.8 200.6 204 207.3 209.7 211.5 212.7 213.6 214.1 215.8 215.2 214.7 214.6 214.5 214.6 215.1 216.8 219.9 219.1 219.2 220.1 221.7 223.7 225.6 225.7 225.8 226.2 226 226.2 226.5 226.6 227.1 227.6 228.1 229.6 230.6 230.7 231.1 231.9 232.2 230.7 229 229 229 229 230.7 230.8 231.2 232.1 232.9
144.2 145 150.6 153.2 155.6 158.7 159.5 162.3 164.5 166.3 168.8 171.4 175.4 182.6 186.9 190.8 190.8 191.8 192.6 194.5 195.7 195.1 194.3 194.7 196.1 196.2 197.2 200.4 200.9 200.2 202.9 205.7 210.5 211.6 214.3 215.3 214.9 215.4 216.7 216.8 216.6 216.4 216.6 216.9 218.1 220.1 220.4 220.3 220.6 221.6 222.4 224.4 225.8 225.9 225.9 226.1 226.8 227 227.1 227.1 227.2 227.7 228.2 228.7 229.4 231.4 232.6 233.4 233.8 232.6 230.1 229.2 230 229.9 230.5 231.3 232.1 233.2 234.6
148.1 151.8 154.5 158.9 160.6 160.6 160.5 161.2 164.1 167.3 170.5 172.9 177.3 183.9 188.4 191.7 192.8 193.2 194.4 195.7 196.7 197.4 196.9 196.5 197.4 198.5 198.5 200.2 200.8 203.8 206.3 207.8 210.9 213.8 216 216 215.8 216.7 218 218.4 218.4 218.4 218.5 218.5 219.4 220.6 221.1 221.6 222 222.8 223.4 225.1 226 225.9 225.9 226 226.7 227.4 227.6 227.5 227.4 227.9 228.4 229 230 231 231 232.2 233.8 233.5 232 231.2 230.8 230.8 231.3 232.9 234 235 236.2
153 154.8 157.1 160.5 160.3 160.8 161.3 161.6 163.8 166.9 171.7 177.7 180.3 184.8 189.3 192.8 193.9 194.1 194.3 196.8 198.6 199.8 199.8 198.7 199.3 200.6 199.3 199.8 203.3 205.7 206.9 208.6 211.5 215.4 216 216.3 216.7 217.6 218.9 219.8 219.7 219.9 219.8 219.7 220.1 221 222.1 222.8 223.3 223.9 224.6 225.8 226 226 225.9 225.9 226.6 227.6 227.8 227.7 227.8 228.1 228.6 229.4 230.3 230.8 230.2 230.8 232.2 231.8 231.8 232.2 232 231.8 232.6 234.6 235.8 236.9 238.1
155.4 157.2 158.1 159.3 160.5 161.1 161.5 162.2 163.7 167 173.4 179.3 182.8 185.6 189.5 194.1 194 194 194 197.1 199.5 200.7 200.2 200.4 200.7 200.8 200.9 201.5 204.2 206.7 207.3 208.1 210 215.4 215.4 216.5 217.8 218.7 219.3 220.6 221 220.3 220.9 220.5 221 222 223.1 223.7 224.1 224.4 224.6 225.8 226 226 226 225.8 226.8 227.6 227 227.5 227.6 228 227.8 227.2 228.1 229.4 229.1 230.3 230.7 230.9 231.5 232.1 232.8 232.6 234 235.9 237.3 238.2 239.4
156.9 158.9 160 159.7 160.7 161.3 161.8 162.7 164.1 167.5 174 179.8 183.2 186.4 189.3 194 194.3 194 194.8 197.9 199.8 200.6 201.4 201.9 202 202.1 202.3 204.7 206.1 207.1 207.7 208.3 209.1 210.3 214.3 216.3 219.1 219.8 219 221 221 221 220.8 221.1 222.1 223.1 223.9 224.7 225 225.6 225.6 225.9 226 226 226 225.6 226.1 226.7 225.6 224.8 224.6 225 225 226.5 228.2 229.5 229 229.6 230.7 230.5 231.2 231.9 232.7 233.5 235.3 237.2 238.6 239.6 240.5
157.8 160.1 162.2 161.2 161 161.9 162.1 163.1 164.8 167.4 172.2 180.8 182.8 186.8 189.5 192.8 194 193.9 196.7 199.7 201.1 202.1 202.9 203.3 203.7 203.9 204.8 205.5 206.3 207.4 208.3 208.9 209.4 209.5 212.9 216 219.7 220.7 220.3 221 221 221 221 221.3 222.6 223.5 224.5 225.4 226 226 226 226 226 225.6 226 224.2 225.8 225.6 224.4 224.1 224 224 224.6 226.4 228.2 229.6 230.8 230.2 230.3 231 231.7 232.5 233.2 234 235.1 237.2 239.7 240.3 241.3
158.6 161.4 163.6 162.5 161.3 162.1 163.4 164.7 166.5 168.3 171.8 175.9 183.2 187.1 189.7 192.2 193.6 194.3 198 201 202.6 203.5 204 204.5 204.7 204.7 205.6 206.2 207 207.8 208.6 209.3 209.3 209.3 211.5 215.4 220 220.1 220 220.9 221 221 221 220.7 221.9 223.3 224.4 225.8 226 226 226 226 225.2 221.6 219.3 221.7 222.8 223.5 224.4 224.2 224 224 226.1 227 228.9 231 230.8 230.7 230.8 231 231.9 232.8 233.8 234.6 235.4 237.5 240.3 240.2 240.6
160.7 161.2 162.7 161.8 161.3 161.9 163.7 165.6 166.7 168.2 172 176.3 182.7 187.3 190.2 192.5 193.5 195.8 198.3 202 204 205.5 206.1 204.2 204.6 205.7 206.5 207 207.4 208.1 209 209.1 209.1 209.2 212 215.1 218.5 218.7 219.8 220.8 220.9 221 221 220.3 220.8 222.4 224.1 225.8 226 226 226 226 222.6 219.2 219.1 221 219.5 220.4 222.7 224.2 224.7 225 225.8 227.3 229.7 230.9 230.6 230.4 230.8 231.1 232 232.9 233.8 233.9 234.2 236.2 239.2 239.4 239.4
160.8 161 160.7 160.3 159.6 161.8 163.4 165.2 166.5 169.4 172.7 177.6 183.2 187.4 190.6 192.7 195 197.3 199.6 203.5 206 206 205.9 205.3 205.5 206.6 207.4 207.9 208.3 208.8 209.3 209.7 210.3 210.9 212.6 215.4 216.1 217.4 219.4 220.7 220.8 220.9 221 220.5 220.3 222.3 223.8 224.9 225.8 226 224.6 223.5 220.1 219.1 219.9 220.7 219.4 219.1 222.7 225.3 224.2 224 225.7 227 229.4 231 230.7 230.5 230.5 231.2 231.8 232.7 233.6 234.4 234.6 234.5 237.4 238.1 238.9
160.8 160.7 160.1 158.9 158.9 162.1 163.5 164.9 167.6 170.3 173.4 179.2 183.7 188 191.6 193.6 195.8 198.1 200.3 204.9 206 206 206 206.6 206.5 207.5 208.3 208.7 209.2 209.7 210.2 210.7 211.2 211.8 212.9 214.7 215.4 216.4 218.3 218.7 218.8 219.1 219.1 219.5 220.8 221.9 223.3 223.7 225.8 226 223.2 219.8 217.1 217.9 218.3 218.6 219.8 219.5 221.6 223.7 223.9 224 225.4 226.2 229 231 231 230.8 230.7 230.8 231.6 232.4 233.3 234.3 234.5 234.1 235.2 236.2 237.7
159.4 159.3 159.4 158.9 160.8 165 164.3 164.8 167.9 171.6 176.5 181.8 186.8 190.3 191.6 193.7 196.3 198.3 201.2 204.3 206.1 206.1 206.7 207.3 208 208.5 209.2 209.6 210.1 210.6 211.1 211.6 211.9 212.7 213.2 214.4 215.7 215 215.7 215.6 215.9 216.1 215.6 216.9 220.1 221 221.8 221.6 223 222.2 219.2 214.4 215.2 216 216.5 217.5 219.4 220.3 221.3 223 223.9 225.1 225.7 225.5 228.3 231 230.4 230.9 230.7 230.4 231.4 232.4 233.3 234.3 234.2 234.1 234 235.8 237.6
159.2 159.2 159 159.1 162.9 166 164.8 165.4 167.8 174.5 179.8 184.4 187.9 190.5 190.9 192.5 194.3 197.5 200.6 203.5 206.2 206.9 207.4 208 208.6 209.4 210 210.5 211 211.5 212 212.5 212.9 213.4 213.5 214 213.9 214.1 214.7 214.2 214.1 214.7 214.2 215.8 219.8 220.9 220.1 218.7 218.3 216.7 214.7 213.3 213.8 215.7 214.9 217 219.3 221.1 222 222.2 223.8 225.8 227.2 228.2 228.7 230 230.4 230.7 230.7 230.4 230.9 231.9 233 234.3 234.1 234 235.2 237 238.4
159 159 159.1 159.1 162.9 166.1 167.1 167.4 169.1 176.9 181.9 185.3 187.4 189.2 190.9 192.6 194.1 197.2 200 202.7 205.5 207.4 208.2 208.7 209.2 210.3 211 211.5 212 212.5 213 213.4 213.7 213.6 213.7 213.5 214 214.2 214.4 214.3 214.1 214.1 214.1 215.8 215.2 217.2 217.2 215.6 214.5 213.5 213 212.9 213.3 213.9 214.5 216.5 218.9 221.6 223.2 224.2 225.1 225.9 227.5 228.9 229.6 230.7 231.4 230.7 230.8 230.4 230.6 231.7 233.1 234.3 234.1 234 234.5 236.7 238.4
159 158.9 159 159 162.5 165.9 169.9 170.4 172.2 177.2 182.4 185.4 187.1 189.4 191.6 193.3 194.8 197.1 200.6 203.1 205.9 208.6 209.9 209.9 209.7 210.6 211.6 212.1 212.7 213.2 213.8 214 213.8 213.7 213.3 213 214 215 214.3 214.3 214.3 216 216 214.6 214.4 214.1 214.2 214.4 214.1 213.3 213.3 213.4 213.9 214.3 214.4 216 218.7 221.4 224.5 226 227.4 228.2 228.5 228.9 230.4 231.3 232 232.4 231.2 230.8 231.1 232 233.2 234.3 234.8 235.2 236 237.9 240
161.2 159.4 159 160.2 161.7 165.5 170.3 175.2 176.3 177.7 181.4 185.4 187 189.1 191.3 193.3 195 197.9 200.9 204.1 208.1 210.5 211 210.9 210.4 210.9 212 212.7 213.1 213.4 213.7 213.8 213.8 213.2 212.6 212.4 213.5 214.5 214.4 214.3 214.7 216 216 216 214.1 214.1 213.9 214 214 213.8 213.8 213.8 213.9 216 215.6 216.4 218.3 221.2 224.4 225.2 229.3 230.3 229.2 229 230.5 232.1 232.6 233.1 233.1 231.6 231.5 232.5 233.6 235.5 236.5 237.2 237.9 239.7 241
