webserver/python/data/NS91.asc
ncols 200
nrows 200
xllcorner 290000
yllcorner 610000
cellsize 50
[rows 105 to 139 of 200, columns 0 to 77 of 200]
386 373.8 383.2 403.7 431.3 457.2 479.4 496.7 506.1 514.7 523.3 530.1 536.8 537.7 538 538.3 538.8 535.5 528.8 522 515.3 507.9 499.6 492.1 484.1 475.3 464.4 455.9 447.1 436 418.5 405.1 411.2 419.6 427.8 435.9 443.7 450 453.6 445 447.3 471.7 489.6 507.6 523.2 529.6 533.2 535.8 529.4 522.6 509.6 493.4 490.6 516.3 546.6 563 563.7 560.9 556.6 555.9 556.7 556.9 557.1 557.3 555.3 551.7 548.4 540.4 529.2 514.3 506.6 502.1 496.4 497.4 496 494.6 494 495
385.6 374.1 377.9 401.5 428.7 455.6 477 497.3 506.8 516.5 526.1 534.2 541 541.5 541.7 541.8 541.5 538.2 530.8 523.3 515.9 508.5 499.3 490.6 483.1 471.6 460.2 449.1 436.8 419.2 410.8 418.5 427.3 436 443.7 451 458.5 466.2 469.6 461.6 459.1 485.9 504.8 522.8 537.8 541.4 545.3 549.1 549.2 544.4 534.1 511.8 493.3 515.3 536 550.7 553 551.9 548 547 547.5 547.9 548.2 548.5 547.9 544.7 541.4 536.2 524.8 503.3 481.9 477.9 474.4 473 471.6 472.5 473.6 475.4
383.7 376.4 376.8 400.4 427.1 453.6 476.1 497 508.6 518.3 527.9 537.5 542.2 543.5 543.7 542.8 541.7 538.3 531.3 523.9 516.4 508.7 499.3 489.9 481.1 469 455.9 440.1 422.6 426.1 431.6 435 443.8 452.4 460.5 467.9 475.2 482.5 487.4 481.5 475.7 499.6 519.9 538.8 550.1 554.5 558.3 560.7 559.9 556.7 549.3 527.9 499.4 503.5 522.7 537.4 539.7 538.8 535.1 535.2 535.7 536.1 536.5 537 540.2 539.2 535.6 532.3 520.5 498 470 452.9 450.1 448.7 450 451.4 453.2 455
383.5 376.8 377.5 397.7 425 452.7 476 496.5 510 519.9 528.9 537.9 541 544.4 543.9 542.8 541.5 538 531.5 524.4 517 508.6 499.3 489.8 477.8 463 449.7 434.6 427.7 441.9 447 451.5 460.2 468.8 477.4 484.7 492 499.6 504.5 504.8 497 518.9 539.1 550.6 562 567.1 571.3 570.9 568.3 565.4 558.2 537.7 507.2 493.6 504.4 515.8 526.3 524.9 522.6 523.4 523.9 524.4 524.7 527.3 531.8 533.3 531.9 529.1 520.3 508.7 482.7 460.9 435.9 428 427.4 427.8 429.5 431.3
385.2 377.1 376.6 396.6 423.9 451.8 475.1 494.7 507.7 519.6 528.7 535.4 539.2 543.2 543.9 542.8 541 537.7 531.2 524.7 517.5 508.6 498.4 487.9 475 459.1 443.7 429.2 442.9 455.4 461.9 467.9 476.6 485.2 493.9 501.6 508.9 515.9 519.7 524.3 520.5 540.2 553.3 564.2 572.5 577.5 580.6 578.3 575.9 572.6 559.9 542.5 515.1 491.9 493.8 504 511.8 513.4 510.5 508.9 510.2 511.6 509.4 515.5 523.1 525 529.3 526.6 519.7 512.1 495.8 475.2 453.7 432 414.4 406 405.1 408.7
385.4 377.6 378.1 396.5 422.8 450.9 472.6 490 505 517.7 527.1 533.4 538 542 543.3 542.9 540.6 537.5 531 524.5 517.6 507.1 496.5 485.1 472 456.3 439.8 443.9 458.7 469.1 475.8 484.3 493 501.6 510.3 518.4 525.9 532.2 534.6 541.8 544.9 557.9 569.6 577 581.9 586.6 585.5 583 580.8 570.1 556.2 541.2 514.2 492.9 484.4 491.4 497.7 500.4 498.9 493.7 492.5 489.6 496.1 504.3 513.2 518.6 524.9 523.2 516.2 509.3 501.3 488.4 471.6 450.1 431 412.3 394.5 392.8
386.4 379.8 381.6 397.2 421.8 447.4 470.7 486 500.7 513.1 521.3 527.6 533.7 539.6 541.4 541.5 539.1 536.3 529.7 522.6 515.6 505.6 494.4 478.8 463.6 451.7 441.5 455.8 471.4 481 489.3 499.2 508.9 517.8 526.7 535.2 542.9 547.8 549.1 553.3 561.1 572.2 578.5 582 586.2 590.1 588.1 586.7 578.4 567.5 553.4 537.9 516.1 491 470.5 474.3 479.3 480.8 484.5 477.4 478.2 473.2 478.5 489.1 502.4 509.7 518 519.3 512.2 505.1 498.1 488.2 476.5 462.5 446.1 426.8 408.4 392.9
383.4 379.7 380.8 398.4 422.4 449.1 467.3 482.6 493.1 507.1 515.6 521.9 527.9 532.7 537.1 536.7 534.1 531.3 525.8 519.7 513.5 503.3 488.9 488.3 480.9 467.6 451.3 459.9 483.2 492.2 505.6 514.4 523.5 533.4 542.3 549 554.8 558.6 561.6 564.6 571.7 579.4 585.7 588.7 591.6 592 589.6 581.3 571.6 561.9 548.2 532.8 517.5 498.5 476.1 455.2 457.2 460.7 466.1 456.2 461.1 454.3 459 479.3 495.7 508.2 516.1 514.4 507.4 500.6 493.3 485.3 474.9 466.1 454.9 438.9 427.1 412.7
380.4 380 382.3 402 426 446.6 463.9 474.4 487.1 501.1 509.5 516.1 521 525.7 530.4 531.4 528.7 525.9 521.4 515.3 510.2 501.1 498.9 502.4 498.1 484.6 464 458.2 491.2 508.4 521.2 530.7 539.3 547.1 553.1 559.5 565.5 568.7 571.5 574.5 578.7 585.9 592.1 592.6 591.6 590.6 583.9 574.5 563.5 553.5 543 527.6 514.3 502.5 484.9 462.8 441.1 444 446.6 440.1 442 440.2 452 474.9 492.1 506.2 511.4 509.7 502.9 496.1 488.4 480.4 471.2 463.4 453.9 448.3 434.8 425
381.9 381.7 387.6 402.3 423.4 441.3 451 465.9 483 495.7 503.7 509.4 514.1 518.8 523.5 523.2 521.7 520.1 517 512.5 506.9 505.3 507.7 510.7 513.8 509.3 493.3 486.6 499.3 520.9 533 543.8 552.5 558.2 564 570 576.1 578.8 581.5 584.4 584.5 587.9 587.7 587.3 586.7 582 576.8 569.5 559 548 537 526.1 514.5 502.8 489.4 464.2 436.4 427.9 427.3 426.3 423.4 437.9 461.2 478.2 491.3 501.8 506 503 497.4 491.5 482 472 462 456.5 449.8 444.3 438.7 432.1
383.8 384.3 389.8 396.7 408 426.1 446.9 465.3 480.1 490.6 499.8 504.1 508.4 512.8 514.8 513.5 512.2 512 514.1 512.5 509.8 511.6 517.7 521.4 524.7 528.5 523.9 519 520.5 535.2 547.3 557.4 563.6 569.3 575 580.8 586.4 588.9 591.5 590.2 586.5 581.8 580.9 582 577.4 572.2 567.3 562.5 554.6 543.6 532.5 523.1 514.8 503.2 491.1 465.4 439 414.7 410.9 410.4 427.5 450.3 462.9 477.3 489 494.9 500.4 497.2 492.3 484.4 473.8 463.1 453.2 446.3 443.8 439.4 432.1 426.7
385.8 385.6 397.7 410 422 430.8 449.5 466 478.7 487.8 493.6 496.2 500.5 502 502 502.1 501.7 506.2 509.2 513.5 513 519.6 526.1 532.8 538.2 543.6 547.7 545.7 549.5 554.1 561.9 568.8 575.8 580.7 586.2 591.9 593.8 595.3 595.9 590.1 585.8 579.3 574.1 568.3 566.7 562.3 557.3 552.6 547.8 539.1 528.5 520.2 512.3 502.5 491.3 464.6 437.3 417.7 400.6 411.3 433 445.6 459.6 470.1 479.9 486.2 491.3 488.9 485.5 476.9 467 456 445 435.8 431.2 425.9 418.9 415.1
386.1 384.9 399.4 413.3 426.4 439 451.3 464.8 475.3 481.9 487.4 488.7 491 490.1 489.3 489.9 493.1 499.4 504.4 508.9 516.4 524 533.1 543.4 550.7 556.3 562.8 565.8 569.1 572.6 577.6 582.6 587.6 592.3 597.6 600.3 599.6 598.6 597.8 589.9 585.3 570.4 561.3 553.6 552 550.5 547.4 542.6 537.9 533.1 525.9 518.2 510.4 500.8 489.5 467.6 439.9 413.7 394 407.7 419.2 432.4 443.6 454.5 468.3 476.2 480.6 480.1 476.1 468.2 460.1 448.4 435 422.3 414.3 410.5 406.7 401.1
385.5 387.1 395.3 413.4 428.8 441.8 452.4 463.3 470.4 476.4 481.2 481 478.6 477.2 477.5 480.1 484.1 488.4 498.5 508.5 517.7 530.7 541.4 552.1 563.3 569.2 575.1 578.1 579.8 583.1 587.8 592.8 597.4 600.4 605.7 606.8 605.4 602.4 599.7 591.8 584 563.8 544.7 538.9 537.3 535.2 533.2 530.8 525.9 521.7 520 516.3 508.5 499.2 486.5 466.8 441 414.5 391.3 394 405.3 415.4 426.2 437 446.7 454.3 461.9 466.3 466.9 459.3 451.5 434.8 422.7 410.4 398.2 394.7 391.2 384.8
386.8 386.7 392.4 407 424.9 439.2 448.7 456.6 465.1 470.3 471.2 469.8 466.7 465.8 467 468.4 473.8 478.4 492.9 504.9 518.7 533.8 548 558.4 571.8 579 584 587.4 589.2 593.5 598 603 606.9 609.2 613.8 614.5 611.8 608.7 602.2 594.5 583.2 567.4 550.2 528.5 520.8 519.1 517 516.2 513.7 511.9 510.1 506.7 503.3 496.2 481.9 464.6 440.1 414.9 393.7 383.6 389.1 395.8 406.7 417.2 424.2 432.8 441.4 448.2 451.8 448.4 433.2 419.2 403.5 389.4 380 376.4 373.5 369.7
392.3 393.2 390.7 397.2 411.9 427.5 438.6 446.8 451.6 457.1 458.7 458.4 456.2 454.9 456.5 457.9 462.1 472.9 487.1 503.2 519.1 535.3 551.4 566 580.1 586.1 592.3 596.8 599.5 604 608.4 613.2 616.4 618.7 621.8 621.5 618.8 613.3 605.5 597.8 584.7 570.6 556.5 536.2 507.4 502.9 500.9 500 496.7 498 497.5 493.7 490 485.9 476.1 457.2 434.4 413 397.1 378.7 378.8 382.1 387.5 395.1 401.3 409.9 417.5 422.9 426.8 419.5 407 393.4 377.6 370 362.8 357.9 356.4 355
399.6 400.5 396.9 391.2 399.2 409.4 414.9 428.8 433.3 438.5 444 442.1 442.3 441.9 442.4 446.2 451.6 465.8 480.6 498.2 516.9 534.2 550.1 566.4 582.8 592.9 599.4 605.5 610 614.4 618.9 623.4 625.8 628.2 630.6 628.7 624.9 617.4 609.8 600.3 586.2 572.1 558 543.9 522.2 503.4 485.8 479 475.3 477.6 481.1 479.4 476.6 471 457.2 439.4 421.8 407.5 391 379.4 370.7 370.5 373.4 377 379.1 384.9 388.8 395.9 398.1 391.3 381.7 368.4 361.3 352.7 346.1 343 339.5 338
409.7 407.9 405.2 401.3 398.4 399.3 402 409.5 416 420.4 424.3 426.7 427.4 429.8 432 437.3 445.4 453.3 470.7 489.8 509.1 527.4 545.7 564.3 580.6 592.9 600.6 609.3 616.6 621.1 625.5 632.6 636 638.4 640 637.4 631.1 623.7 615.1 602.4 588.4 574.2 559.3 545.1 530.4 512.8 502.2 490.1 473 454.7 457.3 455.7 453.3 445.7 434.1 422.7 406 393.6 381 372.7 370.3 366.9 360.4 364.7 366.6 367.9 369 368.2 370.7 366.1 358.6 353.9 348.8 343.6 336.7 333.8 330.3 326.9
417.2 412.1 413.5 412.5 410.8 410.4 409.4 404.7 404.1 409.6 413.3 413.2 419.3 430.7 440.4 452.3 456.9 461.3 475.7 481.2 499.6 516.1 535.4 556.7 577.4 591.5 604.1 613.4 621.6 627.3 634.3 641.7 646.1 648 648.9 643.4 637 629.7 617.7 604.6 590.5 576.3 559.3 545.2 530.5 514.5 502.9 489.9 472.9 454.1 434.1 432.2 429.5 420.7 408.2 403.3 389.9 384.7 386.1 386 381.8 376.7 369.7 360.7 354.9 354.7 355.1 353.7 352.1 351 345.9 343.2 339.7 336 332.1 329 325.6 321.8
424.3 424.3 424.1 423.1 422.4 420.9 415.5 410 408.5 419.2 430.8 435.5 432.4 426.7 438.1 451.5 466.2 474.9 479.1 493.4 495.5 504.9 526.5 550 571.9 588.8 605.1 617.5 625.8 635.3 642.7 650.2 656.4 658.1 656.3 650.1 643.9 632.2 620.2 606.7 591.9 575.8 559.7 545 528 510.8 492.4 477.1 462.3 444.3 429.6 422.2 417.9 411.3 407.1 403.9 404 406.7 405.2 399.4 393.4 386.5 378.8 369.3 360.9 353.5 345.9 348.5 344.9 342.9 339.8 337.7 335.6 332.8 329.4 327.2 324.2 321.5
434.3 432.8 431.7 430.5 429.6 428.7 420 413.1 411.5 424.8 438.6 446.5 453.6 445.3 438.8 448 464.2 483.1 493 493.1 511 519.2 532.1 548.9 568.7 586.7 603.9 618.4 630.7 640.8 650.3 657.8 663.7 668.3 663 657.7 646 633.7 621.5 605.8 588.7 566.8 545 525.4 508.3 492.4 474.9 460.3 447.8 447.1 450.1 448.7 441.7 435.7 432.1 428 427.3 428.9 426.3 419.4 409.2 401 390.4 380.2 371 363.7 355.5 349.8 341.7 336.6 334.9 333.2 331.4 329.7 327.7 325.4 322.8 320.3
442.6 441.4 439.5 438.1 436.9 436.2 429 419.6 414.2 428.4 446 458.1 468 470.9 464.2 448.3 459.9 476.9 492.3 504.7 513.9 525.8 541.4 555.2 570.3 587.4 602.6 617.5 632.4 644.1 655 665.4 669.6 671.7 666 657.9 646 633.9 621.7 606.5 589.5 567.3 540.3 517.3 495.7 478.9 472.3 472.2 471.3 473.2 476.4 474.2 467.6 459.9 455.6 451.6 452.2 452.9 451.4 444.4 431.4 420 403.6 393.2 382.8 369.8 361.2 350.6 341.3 338.6 336.1 333.7 331.3 328.9 327.2 324.9 323 325.3
450.9 449.9 448.5 446.6 444.8 443.4 437.7 427.9 416.8 431.9 453 468.7 478.7 487.4 484.4 474.5 465.6 465.3 478.1 495.5 511.2 522.4 538.7 555.4 569.9 586.4 599.9 615.3 630.5 644 655.4 665.8 670.9 668.3 666.1 657.4 645 633.9 621.9 607.2 589.7 568.5 541.9 518.1 498.6 490 494.4 492.9 497.5 499.6 501.1 500.9 494.8 485.3 479.2 476.3 477.2 478.4 479.5 471.5 458.3 438 420 404.9 389.9 372.6 361.5 350.5 343.7 340.9 338.2 335.8 333.4 331 331.3 331.7 330.7 334.5
459.3 458.3 457.3 455.5 453.7 449.5 440.7 431.5 420.8 436.3 457.7 473.7 488.1 498.9 502.9 497.6 489.2 483.5 481.2 497 509.2 518.2 532.1 549.3 561.8 583.5 597.2 611.7 625.9 638.1 650.4 659.7 664.9 663.6 659.1 653.9 644.1 633 621.9 607.3 590.6 570.6 542.3 531 522.6 517.1 514 512.1 516.2 520.1 524.1 526 520.9 511.2 504.4 500.9 501.7 502.5 499.9 494.5 481.6 460.2 434.7 411.9 393.2 375.3 363.1 352.1 345.5 343.2 340.5 337.9 335.4 333.5 334.6 336.1 338.5 346.4
467.6 466.6 465.6 464.5 460.8 454 445.8 433.1 422.2 439.9 458.4 477.1 496.4 509 516.4 518.1 515.5 510 502.1 501.5 519.1 536.7 546.5 547.9 560.4 575.3 591.8 606 618.7 628.6 637.5 646.3 651.7 656.3 651.1 645.9 640.6 629 619.5 607.3 596.3 577.9 566.5 555.4 546.5 539 532.9 527.6 527.4 530.5 537.5 542.5 541.3 538.2 533.9 527.6 522.2 519 516.7 507.2 489.4 464.7 440.3 417.5 397.1 380.2 364.7 354 347.2 344.8 342.5 340.1 337.5 336.9 343.5 350.2 357.4 366
475.2 475.2 474.2 473.2 467.4 460.6 448.8 435.6 425.6 439.1 458.2 477.5 497.7 515.1 524.3 529.8 534.3 532.4 526.9 524 522.6 541.2 557.6 567 562.2 574.6 585 595.5 604.7 613.3 623.1 632 638.2 642.7 642.6 636.9 631.6 624.9 615.5 607.8 597.1 586.4 576 567.8 559.9 551.5 545.9 541.2 537.9 540.7 549.5 552 553.9 554.9 553.4 547.9 536 531.7 522.4 508 491.1 467.9 445 423 401 385 369.1 356.3 348.9 346.6 344.3 342 339.7 348.2 357.1 369.7 377.2 384.9
481.9 483.8 483.1 481.5 475.7 467.4 453.4 439.4 429.5 437.7 456.5 478.6 498.6 514.5 528.9 538.3 543.1 546.7 548.2 547.5 547.8 549.1 566.8 577.9 577.1 570.2 577.1 581.6 587.1 595.3 605.5 616.3 624.3 629 632.1 627.4 623.8 618.8 612.3 606.2 598.7 591.5 582.6 575.1 569.6 562.7 558.4 554.8 551.5 551.7 559 557.5 559.3 562.3 561.7 554.5 542.3 532.7 519.1 504.7 488 469.8 448.5 427 406.1 389.2 372.2 360.9 353.8 351.5 349.5 347.6 348.5 360 370.6 385.5 396.7 404.7
489.6 491.6 492 489.4 483.4 474 458.9 443.4 434.7 439 449.5 473.1 494.4 508.1 523.8 539 548 555.1 562.1 566.8 569.7 571.4 581.3 588.1 593.3 583.4 570.7 566.6 569.1 578 586.9 597.6 606.7 612.6 616.6 618 613.3 610.7 606.5 599.8 596.5 589.2 583.2 577.5 570.9 568.5 562.5 559.7 557.8 557 560.6 562.2 561.3 557.3 555 552.7 539.5 525.7 515.2 500.9 482.3 465 448.6 430.8 411.4 392 372.1 363.5 357.2 353.1 349.9 348 356.4 368.7 386 400.9 415.2 421.4
497.4 499.3 500.1 499.3 493.2 478.8 461.2 445.7 441.2 449.8 446 460.2 480.4 499.8 518.3 536.3 550.1 561.8 574.1 581.9 588.8 593.8 598.3 604.1 607.1 597.2 579.8 560 552.8 558.5 566.3 577.9 588.3 594.9 598.9 601.5 599.7 597.8 597 593.4 589.8 587.2 583.3 578.3 572.2 569.6 565.6 562.1 557.6 558.2 557.7 556.5 555.5 552.6 549.2 543 528.5 514.6 504.1 492.1 476.3 460.1 444.6 429.1 409.7 390.8 373.4 366.1 360.7 356.5 352.4 351 365 385.3 401.7 417.8 429.1 434.6
503.5 509 511.9 512 500.7 484.7 466.4 449.3 447.6 457.2 457.5 458.2 469.4 490 511.7 532.1 552.5 572.4 583.8 596.8 604.5 611.2 616.8 620.9 617.4 610.6 589.2 565 544.5 538.3 545 554 565 570.5 578.1 579.1 580.4 581.8 581.9 582 581.7 578.8 579.3 578.4 573 566.1 559.4 556.4 552.9 551.6 550.3 549.1 547.4 545.5 539.6 531.2 517.1 503.5 492.2 480.3 466.2 454.5 442.5 425.9 406.2 386.6 373.9 367.8 362.2 356.7 350.3 353.4 373.1 393.9 411.2 427.3 440 448.3
512.5 520.6 522.6 520.8 509 491 472.6 454.8 456.2 464.7 471.9 474.7 470.7 481.9 507.8 531.4 553 576.2 594 607.4 619.7 627.2 631.5 633.3 631 622.9 601.5 574.1 547.3 526.4 528.8 533.1 538.7 546.2 556.8 558.5 560.3 562 563.9 566.7 569.5 567.5 567.8 565.2 561.4 554.6 548.9 546.5 542 539 537 535.1 533.2 531.4 525.9 516.6 505.1 492 480.2 468.3 456.2 444.8 432 419.1 402.1 384.1 373.1 365.5 360 354.7 349.4 357.4 376.9 398.5 417.4 433.7 450 457.3
523.5 532.3 534 529.9 516.3 497.4 478.9 460.3 467.6 477.1 486.1 489.8 489.7 487.5 502.8 527.1 554.9 582.6 603.2 618.1 630.5 640 643.8 646 643.5 632 609.1 579.9 551.3 530.3 511.8 515.5 517.4 524.6 533.2 535.9 537.6 539.4 544.2 550.1 554.7 556.2 555.1 551.9 548.7 543.1 539 533.9 527.7 524.4 522.9 520.9 519.1 517.2 512.8 500.2 485.4 471.9 460.7 449.6 439.5 431.1 418.3 405.3 394.8 381.1 369.8 363.2 357.8 352.5 347.3 362.8 382.6 404.5 421.9 437.2 453.2 463.8
534 541.9 544.2 538.2 525 506.1 485.7 466.8 476.9 489.7 500.3 505.3 508.6 508.9 509.8 528.7 556.8 584.9 607.7 628.7 641.4 652.3 656 658.7 652.8 641.3 618.4 588 558.2 533.8 515.8 497.9 498.7 503.3 509.5 513.3 515 519.4 523.5 529.4 535.4 541.4 541.7 538.5 535.3 531.6 525.8 519.6 513.3 509.4 508.8 506.9 504.9 502.7 491 477.1 464.3 451.4 440.5 429.5 419.9 411.9 401.7 390.2 382.9 372 365.3 361.1 355.8 350.5 349.5 365.4 382.8 403.8 422.5 438.2 453 462
541.2 550.1 552.9 546.4 533.6 515 494 472.9 484.8 499.6 511.9 521.8 525.7 530.3 535.1 533.8 559.8 590.2 615.2 634 649.5 660.3 662.9 663.2 659.1 647.6 627.3 600.5 571.2 542.9 522.6 504.5 489.2 485.3 485.8 490.6 494.3 498.9 502.9 508.7 514.7 521.6 525.1 522.2 519.2 515.6 510.8 505.1 498.9 494.4 494 492.8 490.8 481.7 466.6 451.7 439.5 431.1 420.4 409.5 400.3 392.3 384.3 377.5 370.7 366.2 359.6 355.9 353.5 348.5 349.9 363.1 378 399.1 420.5 438.3 447.2 456.2
546.8 557.9 560.2 554.6 540.3 519.4 496.5 483.3 491 509.5 523.4 536.9 547 551.7 557 557.6 569.2 598 621.9 640.7 655.1 663.4 664 662.6 657.3 647.2 634.1 611.5 585.8 559.1 535.1 514.7 500.3 486.2 472.3 471.9 474.5 478.5 482.4 488.3 495.2 502 506.4 505.6 502.4 498.5 494.5 489.2 483.5 478.8 479.6 477.3 470.3 458.1 442.7 427.2 417.9 410.1 400.1 389.4 380.7 375.9 371.1 364.3 360.5 358.2 354.1 350.2 346.4 341.4 345.8 356.1 370.6 389.2 408.3 427.3 440.5 450.3
