webserver/python/data/NS92.asc
ncols 200
nrows 200
xllcorner 290000
yllcorner 620000
cellsize 50
[rows 140 to 174 of 200, columns 0 to 77 of 200]
344.9 331.2 316.5 301.9 292.4 283.8 281.8 288.5 293.7 295 293.1 290.5 287.5 283.8 279.1 278.2 273.2 272.4 272.2 270.8 270.5 268.2 264.1 272 276.9 286.2 298.5 308.7 318.8 328.6 338.7 345.6 352.4 361.1 369.7 377 383.8 392 398.9 401.2 401.2 397 390 381.1 370.1 358.3 343.8 334.8 328.4 321.5 310.6 300.9 291.4 285.7 278.2 273.9 270.8 267.2 261.7 256.8 254.2 251.1 248.3 245.8 245 240.2 235.8 235.5 232.2 244.1 249.6 254.1 257.3 259.8 260.6 263.5 267.7 275.6
348.5 335.2 320.4 304.9 295.3 287.7 288.2 294.9 304.1 306.4 305.1 303.2 300.1 295.8 291.4 287.2 280.3 279.2 275.9 273.9 272.7 271.5 270.1 276.1 280.7 290.7 303.6 315.3 327 338.6 349.7 357.5 364 372.3 380 387 393.9 397.9 403.6 405.3 402.8 398.6 390.1 382.6 371.9 358.7 343.3 335.4 329.7 321.6 308.5 297.7 287.8 281.2 275.4 272.1 268.3 263.2 256.3 256.3 253.2 251.2 247.7 244.4 243.4 240.1 235.7 234.5 232.8 246.4 252.7 256.2 259.2 261.1 262.1 264.5 267.6 272.8
353.5 340.3 324.8 309.6 297.4 289.7 293 300.6 309.7 316.8 317.3 316 313.5 309.2 303.8 298.3 293.1 288 283.8 280.8 276.2 274.1 275.5 279.1 286.3 295.1 307.4 321.7 334.3 347.1 358.8 367.6 374.6 381.5 389.4 397.8 402.1 406 409.6 409.3 405.6 400.3 393.4 384.5 374.4 361 344.6 339.2 331.8 320.8 306.7 293 283.7 278.6 273 268.9 265.7 259.7 257.8 255.8 252.4 250 246.2 243.6 241.8 236.6 234.8 233.3 238.2 246.7 254 256.6 259.3 261.1 264.9 267.2 268.2 272.2
356.6 345.5 330 314.3 301.9 297.3 301.5 305.9 314.6 325.4 326.8 327.6 326.5 324.4 320 314.5 306.6 298.3 293.1 289.1 284.4 279.8 283.5 288.4 291.6 299.2 309.9 325.8 340.7 354.3 367.2 377.8 384.4 390.9 397.9 404.5 407.9 410.5 412 411.8 408.7 403.2 395.3 385.6 374 361.9 347.6 339 330.4 317.9 302.7 288.8 280 274.7 269.9 266.6 261.1 259 256.8 254.8 251.3 248.5 245.4 242.8 236.8 236.3 233.9 234.9 243.1 247.8 251.5 256.6 259.8 264.1 268.6 271.6 274 276.2
360.7 350.5 337.1 322.4 310.4 302.9 308.9 318.2 318.7 328.6 334.7 339 340.8 339.1 335.6 329.8 322.8 313.2 303.8 294.8 289.4 283.5 292.8 296 298.5 305.5 314.2 328.2 344.5 359.6 373.6 385.7 392.4 398.6 404.7 409.2 411.9 410.2 410.5 409.9 406 401.1 394.3 383.1 368.7 356.9 346 336.9 327.8 313.9 298.1 285.2 277 271.6 267.5 265.8 259.1 257.1 255.9 252.7 250.3 247.3 244 239 236.1 233 235.3 235.9 242 248.6 254 259.8 263.8 269.2 273.9 276.3 279.3 283.4
364 356.1 346.3 333.5 320.7 311.5 316.3 328.1 335.8 337.5 341.4 348.2 351.2 352.4 348.5 343 334.3 324.8 313.4 300.5 291.3 293.4 300.3 303.7 305.7 310.8 319.2 331.3 346.8 362.4 378.2 391.1 398.9 404.6 411.3 414.4 414.4 410.4 407.9 402.4 398.1 393.8 387.3 376.4 365.3 354.1 343.5 334.8 325.2 311.1 294.8 280.7 275.4 270.3 266.6 261.1 258.4 253.9 252.2 252 249 245.5 242.9 236.9 233.8 235.6 235.5 235.6 245.2 251.6 256 263.1 270.2 276.3 280.2 282.5 288.5 293.4
370.4 364.7 355.4 345.5 333.3 323.9 325.7 338.6 348.6 352.1 349.3 355.9 361.2 363 359.1 353.7 345.9 332.2 318.1 303.4 300.9 303.5 306.9 311.1 315.2 315.3 324.2 335.5 350.9 366.1 380.5 394.8 403.5 410.1 416.1 417.7 414.7 409.7 402 395 389.8 383.2 376.4 368.6 360.6 351.9 342 331.6 320.7 306.7 291.5 280 273.6 268.7 264 258.6 255.7 252.9 251.3 251 247.6 244.4 240.8 236.9 234.4 235.6 235.9 237.4 248.3 251.7 257.7 266.8 276.2 283.5 288.4 293.8 301.5 305.9
376.7 373.3 367.5 358.5 349.3 340.1 341.2 352.4 360.3 365.2 363.2 363.8 369.3 372.9 368.7 363.3 351.4 334.4 317 308.2 311.6 314.9 318.3 322.3 326 329.2 328.8 341.1 356.5 369.7 383.1 395.8 404.5 410.7 416.2 416.9 412.9 405.4 397.5 388.6 381.1 373.2 365.2 358.5 352.3 345.3 338.6 327.9 314.9 300.7 288.2 278.5 271.9 266.3 262 257.7 255.5 253 250.7 249.1 245.7 239.5 237.4 233.6 235.8 235.8 235.8 244.6 247.7 258.5 264.2 273.2 283.1 291.4 300.1 308.2 316.9 319.1
383.9 382.3 379.3 373.1 366 361.4 361.8 367.1 373.7 378.1 375.8 372.5 377.1 380.9 376 365.5 347.2 330.5 315 316.1 319.7 323.3 327.9 334.3 340.3 341.7 339.9 346.2 360.3 373.4 385.2 396.4 404.3 411.1 411.7 412.6 408.2 399.8 390.5 380.8 371.9 363.7 352.6 344.7 338 332.8 328.8 319.1 306.1 293.5 285.3 276.9 270.2 265.4 259.1 255.8 253.1 250.4 249.1 247.5 243.6 239 236.1 235.5 235.9 236.4 237 243.8 246.3 255.3 265.2 278.2 292 306.8 318 327.6 334.7 334
391.9 393 390.3 388.1 383.7 382.4 382.2 385.6 390.1 392.2 387.9 383.6 385.4 386.9 380.4 365.9 345.2 326.8 322.6 323.8 327.5 332.1 338.1 347.4 353.4 355 354.6 355 365 375.7 386 397.4 408 410.7 409.4 405 400.6 392.4 383.1 372.8 361.3 349 338.8 332.3 328.1 324.3 318.4 308.1 298.2 288.2 281.3 275 268.9 263.1 257.2 254.1 249.7 248.2 247.4 246 245 239.8 234.5 236.5 236.9 237.7 239.5 241.9 247.7 256.9 270.1 285.5 301.4 318.6 331.2 342.1 348.2 348.3
399.1 402.6 404.4 402.3 399.9 398.8 398.8 402.3 404.6 405.6 404.1 400.9 396.5 394.3 384.9 363.4 343.5 331.2 331.7 334.5 337.3 342.4 350.4 360.1 366.2 367.2 364.4 365.1 372.9 379.4 389.3 399.9 408.8 409.6 406.5 400.3 394.4 385.9 376.7 365.8 353 340.1 330 324.5 321.5 314.8 306.8 298.1 289.9 283.4 278.3 272.7 267.1 261.1 255.1 251.4 248.3 246.5 246 246.3 242.4 237.3 233.9 236.6 237.4 238 241.3 242 247.1 257.3 274.2 290.2 307.7 323.4 338.4 351.1 360.8 363.9
403.7 411.2 416.2 416.4 413.7 412.8 414.4 416.9 419.4 420.7 418.3 413.1 404.4 401.2 388.2 365.1 348.4 345.3 347.5 348.2 351.2 356.3 365.2 371.8 375.2 376.7 374.3 376.9 380.3 385.6 394 403.2 410.3 409.7 402.8 395.6 387.3 378.8 369.3 358.4 345.3 333.6 325.4 317.7 310.8 303.5 296.8 290.1 283.5 278 272.9 269.2 264.1 258.2 254.3 251.2 248.6 245.7 244.6 247.6 241.2 236.2 236.6 237.5 237.5 237.6 244 244.5 249.3 258.1 276.3 295.2 310.8 325 341.5 356 370.2 376.5
411.3 417.6 423.9 426.7 425.8 425.8 427.4 430.6 432 431.9 429.9 425.7 416.2 408 389.9 368.3 361.5 362 365 367.3 367.7 374.4 379.5 383.1 384.2 385.2 383.7 382.2 386.1 390.2 397.9 406.8 410.9 406.7 399.3 389.2 380.3 371.9 358.6 349.8 338.2 329.3 319.1 309.9 301.5 295.8 289.6 284 278.2 272.8 267.7 264.7 261.4 257.2 252.4 251.5 247.5 245.3 243.5 243.8 237.5 235.8 237.8 237.9 238 238.2 243.5 246 251.1 263.6 280.5 302.8 315.5 331.8 347.7 364 377.1 388.3
412 420.4 428.6 432.5 433.3 437.6 439.6 442.1 443 444 443.2 437 428.5 416.9 395.9 384 378.8 381.3 385.4 389 386.8 389.9 392.5 392.7 393.2 390.6 388.9 387.8 390.2 393.2 400.4 409.8 410.5 403.2 395.6 385.6 374.4 364.2 353.8 342.8 332.7 322.8 312.9 302.6 293.3 288.1 283.8 278.9 272.8 267.9 262.9 259.2 256.1 252.1 247.1 243.3 240.1 245.4 243.3 239.5 236.7 236.1 238.3 238.3 238.4 239 241.7 247.5 253.5 268 282.7 301.8 322 340.3 356.3 372.1 389.3 402.6
405.9 415.7 424.3 432 438.7 442.1 445.4 450 454 455.2 453.7 448.7 442.3 424.3 409.4 403.4 399.3 401.6 403.4 403.6 401.8 402 402.9 399.3 397.2 393.9 390.8 389.2 389.5 392.9 401.2 408.3 405.9 399.3 393.5 382.7 370.5 358.8 348.6 337.6 327.1 317.1 306.7 296.6 289.2 284.3 280 273.3 268 263.2 258.7 255.1 251.7 246.8 243.9 242.4 242.1 246.4 243.1 240.3 236.8 236.5 238.3 238.5 242.2 241.6 241.5 247.8 255.2 269.5 287.1 307.8 327.4 346.5 364.3 382.1 400.7 414.5
396.1 405.2 414.6 424.8 432.9 439.8 447.7 454.6 458.7 462.8 463.4 460.9 454.2 445.3 430.6 422.3 419 416.6 415.8 415.3 415.5 413.6 409 405.2 398.5 393.8 390.2 385.7 383.8 387.9 395.2 400.8 399 394.9 389 377.6 366 355.2 344.9 334.5 322.8 311.5 300.5 292 285.8 280.3 274.5 268.4 263.3 259.9 255 251.5 248.6 244.2 243.1 244.2 244.4 247.6 242.9 240.3 237.9 236.3 239.1 240.5 247.3 244.2 241 247.1 254.8 271.2 289.6 310.8 332.7 353.2 372.3 390.8 408.9 422.8
385.9 395 405.5 416.4 427.4 436.8 445.4 454.1 460.8 466.4 469.4 469.4 464.3 456 446.3 438.2 432.1 428.4 426.5 425 425.7 420.5 415.1 407.3 399.1 392.1 386.8 381.2 377.2 382 386.7 392.5 392 387.3 381.8 372.2 363.1 351.7 341.3 331 319.8 308.1 297.5 288.5 281.2 275.2 267 263.2 258.8 252.6 249.6 249.1 246.2 245.3 246.3 247.6 248 249.1 245.3 240.4 238.2 236.3 238.2 239.7 248.5 245.9 241.3 248.1 257.7 276.1 293.7 315.4 339.2 361.8 381.2 397.4 413.1 427.1
383 391.5 401 412.2 424.5 434.9 445.2 453.5 460.7 467.9 472.3 475.7 472 466.4 456.9 447.2 442.8 438.6 436.3 433.4 430.9 423 413.5 403.7 393.8 387.9 381 375.5 371.5 374 378.6 382.3 381.7 379.5 374.4 366.8 359.3 348.8 338.1 327.4 316.7 304.5 295.4 285.6 276.8 268.3 261.6 258.6 250.8 249.2 248.4 248.2 249.5 252.5 254.8 255.1 254.1 250.7 246.6 240.3 238.2 236.3 238.4 238.1 247.9 246 241.5 247.9 256.8 275.5 295 318.7 344.3 366.2 384.4 403 413.1 418
385.8 396.2 405.5 418 427.9 437.2 446.4 454.2 461.8 469.4 474.9 479 480 473.8 465.7 453.4 446.5 442.3 441.2 435.1 426.6 417.2 404.2 395.3 386 379.4 374 368.1 363.4 363.8 368.2 373.7 373.2 370.8 365.8 361.7 354.1 344.9 335.2 324.8 311.9 300.8 291.8 282.7 272.8 265.2 258.2 250.8 248.4 246.4 247.2 251.8 256.2 259.1 261.6 261.4 257.3 252.2 248.4 242 238.1 235.8 238.7 238.7 248.1 246.5 241.6 246.9 254 271.2 294.4 319.4 342.7 364.2 380.7 392.3 402.4 406.7
390.1 400.1 410.2 423.2 433.4 441.9 449.5 457.5 464.2 471.6 476.6 481 481.1 478.2 471.1 457.4 447 443.2 436.3 427.3 413.8 404.6 394.2 384.9 377 371 365.1 357.5 353.7 353.9 356.5 358.7 361.3 358 356 353.8 348.1 338.7 328.8 319.2 308.2 296.3 286.8 277.2 267.7 260.9 252.7 248.5 247.8 248.8 253.7 258.9 263.4 267.7 269.5 267.7 261.4 253.3 250.3 243.1 239.1 236.5 238.8 239.4 249.2 247.2 241.6 244.4 254.1 264.8 287.6 312 333.9 353.8 370 381.8 392.1 396.8
395.4 405.9 416.7 427.9 437.1 446.4 453.3 460.5 467.5 473.6 477.7 481.1 481.2 477.3 468.2 455.8 444.7 438.6 427.4 413.8 401.7 391 383.1 376.2 369 362.8 356.7 350.6 345.8 345.4 347.4 347.5 349 347.7 347 343.5 337.9 331.1 322.6 312.7 302 290.6 281.1 270.9 262.3 252.2 248.9 248.3 250.6 255.4 260.4 266.3 272.8 278.5 278 272.9 266.1 254.2 251.5 244.8 238.5 236.7 239.3 239.5 248.5 247.6 243.1 243.4 253.9 260.3 276.7 298.9 322.9 342.2 358.9 370.6 381.5 387.7
399.3 410.3 421.9 431.7 444.4 452.3 458.4 464.9 471 475.6 479.9 481.5 479.1 473.3 461.9 447.5 438.3 428.3 414.8 401.3 389.1 380.6 374.8 368.4 362.1 356.3 350 343.6 339 335.4 337.3 336 335.3 335.7 333.4 331 327.4 322 314.3 304.9 294.8 284.6 272.9 264.8 255 249.4 248.9 251.8 257.5 264.7 272 278.7 284.3 288 289.3 278.7 269.2 256.1 252.1 246 238.7 237.9 238.7 238.8 248.3 246.6 243 244.2 253.2 260 271.3 286.1 308.6 321.9 339.6 360 373.1 382.8
403.1 414.7 426.7 436.7 448.4 458.5 464.8 469.6 473.6 478.1 479.8 477.8 472.2 463.6 450.2 438.6 429.3 416.8 403.5 388.9 379.3 372.4 366.6 360.9 355.7 350.3 344.5 338.7 334.1 325.1 323.7 324.3 323.9 324.1 323.5 321 317.9 312.1 305.2 296.1 286 276.5 268.3 258.7 249.8 248.9 252.4 260.3 268.4 277.3 286.4 294.8 295.5 298.1 293.6 283.6 272.3 259 253.5 243.1 238.8 237.9 238.9 238.9 239.7 245.4 245.2 242.4 248.6 259.3 279 290.1 301.8 320.2 340.7 358 368.8 376.6
404.6 417.6 430.2 442.9 453.5 461.8 469.5 473.6 478.1 479.5 477.4 471.7 464.6 453.2 440.1 428.3 416.3 403.2 389.5 378.3 371.1 364.2 358.6 354.1 349.3 343.1 336.1 330.9 326.5 317 311.9 311.9 310.8 309.8 308.7 307.9 304.7 301.6 295.2 287.9 276.6 269.4 261.7 252.4 249.5 250.7 262.3 270.9 280.2 289.5 301 308.8 308.5 306.4 300 290 276.3 263 256.7 244.2 240.4 237.3 239.6 239.7 239.5 245.9 247 242.9 247 253 271 287.7 313.7 331.9 348.4 362.1 373.9 376.1
403.2 417.2 430.4 444.1 453.8 462 469.3 472.8 476.7 477.4 473.6 466.5 455.7 442.4 430.7 417.8 404.4 390.7 378.2 370 362.1 356.5 351.8 347.2 342.7 336.1 328.6 323.3 316.2 307.2 301.2 300.3 298.8 297.3 295.7 293.9 291.9 290.5 286.5 278.9 271.1 263.6 253.5 250.6 255.7 262.4 269.6 279.9 289.8 303.4 314 321.3 318.8 314.9 306.7 295 281 265.9 258.6 244.5 241.6 237.2 240.1 239.8 240.3 244.9 246.2 243.7 246.2 256.2 271 288.1 315 334.9 350.8 360.1 370 374.8
406.2 416.8 430.2 443 452 459.1 465.4 468.7 470.5 469 463.5 454.4 442 430.1 418.8 406.6 393.5 380 369.6 362.2 355.6 350.7 346.7 342.4 336.5 328.4 322.4 314.9 306.3 301.8 294.9 291.4 288.3 285.5 282.6 280.1 278.4 277.2 273 267.6 264.2 254.4 253 253.6 261.3 267.9 277.3 288.1 302.7 316.8 325.7 329.2 327.9 323.7 314.6 301.5 286.6 269.5 259.5 247.1 242 237.4 240.2 240.3 240.3 241 246.3 245.7 245.5 254.7 268.4 286.1 309.5 334.1 347.6 356.6 363.7 368.2
417.5 420.9 429.7 439.5 448.6 456.6 461.7 464.4 463.5 458.4 450.4 441.4 429.5 417.7 408.3 394.4 382.8 371.1 361.4 356.4 350.7 344.1 338.7 334.3 327 320.7 313.8 306.7 300.8 295.4 289.7 285 278.9 275.7 273 270 268.4 263.4 254.7 253.7 253.7 254.4 253.2 258.4 262.9 272.7 284.3 296.1 312.5 326.8 333.3 336.9 336.4 330.6 320 306.8 292.4 273.4 261.1 249.6 242.2 238 241 241.1 240.6 241.1 241.3 246.4 243.3 250.7 264.8 284.5 305.2 328.6 342.4 351 356.6 359.5
426.6 426.7 431.4 439.7 447.5 455.1 459.7 460.7 456.9 448.7 438.4 425.7 415.3 407.6 395.5 384.6 373.4 362.1 356.3 350.7 341.9 333.7 328.3 323 319 313.5 307.4 300.2 293.9 286.7 283.5 279.3 274.1 268.6 264.3 262.3 258.1 256.2 255.2 255.9 259.4 258.5 256.4 257.5 264.3 276.6 288.4 304.3 320.3 330.9 339.9 344.1 344.1 338.3 326.2 311.6 295.7 277.3 262.6 252.2 243.7 237.7 240.3 240.8 241.1 241 241.2 241.9 244.2 247.9 262.4 282.8 303.2 311.8 329.2 337.5 341.8 348.7
435.5 434.9 438.4 441.8 448.1 455.3 457.6 455.5 449.4 439.8 427.2 414.2 405.4 398.2 385.7 374.5 364.4 357.2 352 341.6 330.6 322.9 318 313.6 309.9 306.2 300.3 293.8 285.7 282.2 275.4 271.3 266.1 261.7 259.6 257.5 257.3 258.5 260.2 261.8 263.3 262.4 261.8 258.8 259.2 277.2 292.8 310.1 322.5 331.7 344 350.6 350.4 344.5 335 319 301.8 280.1 263.9 255.8 247.7 239.4 238.3 238.1 238 240.7 241.2 242 244 244.3 259.3 281.3 305.4 315.7 318.2 328.2 334.8 337.5
441.4 439.9 442.6 445.8 449.3 453.8 454.1 451.2 442.5 431 414.1 402.9 394.1 386.2 375.9 365.5 357.8 352.7 342.6 333.2 322.7 315 309.1 305.2 302 297.8 293.1 286.3 278.8 275.8 269.2 260.3 259.5 259.3 258.7 260 263.7 266.1 267.2 268 269 267.1 265.1 262.6 258.2 274.7 292 308.3 320 332.3 344.4 352.3 353.9 349.6 341.2 325.3 307.4 284.3 264.9 259.9 250.2 243.5 239.4 239.4 239 239.4 239 242.3 242.4 247.8 253.1 275.5 291.2 300.4 307.8 317.6 323.8 327.7
445.5 442.4 444.8 448.2 449.8 450.6 451 444.4 435.9 424.6 409.9 394.3 379.1 373 368.9 361.4 353.2 343.3 332.6 323.9 315.1 307.2 301.8 297.8 294.6 290.4 284.3 278.3 274.1 266.3 260.5 259.7 260 262.6 262.8 265.9 268.1 273 274.3 274.9 275.1 274.1 272.1 268.9 263.3 265.9 286.6 303.1 315.9 330.8 345.2 355.6 358.2 355.6 345.7 331 311.5 289 266.2 260.8 253.3 244.7 239.3 239.2 239.4 239.5 239.6 239.9 242 242.8 248.5 262.1 272 284.4 297.9 303.8 305.3 312
445.9 443.4 443.6 445.8 447.8 448.4 443.3 435.3 426.5 415.7 403.2 391.1 376 359.2 353.4 347.6 342.8 332.7 324 316.2 308 300.9 294.9 291.8 287.4 281.9 277.3 271.9 260.8 260.2 259.9 262.2 264.8 267.2 268.5 271.5 274.6 278.7 280.3 281.7 281 280 276.6 273.4 270 269 276.7 295.6 313.2 329.4 344.9 356 361.7 359.6 348.1 334.6 316.1 293.6 270.8 264.2 255.6 247.1 240.5 239.5 239.7 239.8 239.9 239 242.1 242.8 245 249.9 254.5 266 282.1 294.8 297.7 306.4
441.3 438 437.1 436.6 437 435.7 431.3 425.2 415.6 405.5 396.7 386.8 373.4 358.3 340.8 331.3 328.9 324.1 316.3 308.5 300.8 294.9 291 283.4 279.3 274.7 265.1 262.5 262 262.2 265.6 270 272.3 273.8 276.4 279.9 284.1 285.8 287.4 288.9 287.5 286 282.9 277.3 273 269.6 269.6 287.4 306.5 324.6 341.8 356.1 362.6 358.4 347.4 334.4 319.2 299.5 276.8 265.6 258.3 249.6 241.8 239.9 239.9 240 240.2 239.9 239.7 242.9 244.6 246.5 249.6 258.5 263.7 270.8 280.5 286.3
430.5 426.6 425.6 423.8 423.2 421.3 417.8 411.5 402.3 396.5 390.1 382 369.3 352.5 337.4 321.9 317.4 312.9 307.3 300.9 293.9 287.3 282.8 278.1 272.7 268.3 263.7 263.8 263.6 267.5 275 277.9 280.2 283.3 287.2 291 293.5 295.2 296.8 298.6 298.1 294 288.6 282.9 276.5 270.4 268.9 280.8 299.8 318 335.9 351.1 359.7 355.4 345.1 331.8 319.3 303.8 282.7 265.8 261.1 252.1 243.9 239.6 240 240.2 240.4 240.7 239.9 240.7 245 247.7 252.2 248.7 255.6 259.5 260.4 258.2
417.9 413 411.1 409.1 407.8 406.1 402.6 397.1 392.6 388.6 383.1 374.1 360.2 346.1 332.1 318.2 305.9 301.5 297.4 291.3 285.2 280.6 274.7 272.6 267.1 264.3 265.1 266.8 271.6 278.3 282.8 286.7 291.5 294 297 299 301.9 304.7 306.4 308.2 307.2 302.4 294.8 287.5 281.3 275.3 268.1 275.8 292.8 310.7 327.8 343.2 352.2 350.5 342.4 330.5 317.7 304 289.8 268.8 262.9 255.5 247.6 241.8 240.1 240.5 240.8 240.2 239.6 240.6 240.9 248.2 249.8 252.9 251.5 248.2 248.8 252.7
