webserver/python/data/NS96.asc
ncols 200
nrows 200
xllcorner 290000
yllcorner 660000
cellsize 50
[rows 105 to 139 of 200, columns 0 to 77 of 200]
182.3 182.2 180.9 176.2 174.8 175.6 176.7 175.8 176.4 176.7 177.8 180.4 180.3 178.7 177 177.4 179.5 181.7 182.7 182.1 183.2 184.7 185.6 186.3 186.6 186.7 187.5 188.5 189.5 190.5 190.8 190 189.4 189.8 189.3 189.3 187.9 187.9 187.2 185.8 183.5 185.8 185.9 186 185.4 184.4 185.2 185.6 185.6 185.4 185.5 185.6 185.2 185.1 183.8 182.4 180.7 180.9 180.7 181 182.6 181.8 181.7 182.5 183.3 184.2 185.5 184.5 184.7 185.1 183.9 183 183 183.5 184.1 184.6 185.4 184.2
181.1 180.2 179.1 178.9 177.8 177.9 179.6 180.2 180.9 181.6 181.5 183.2 182.9 182.6 181 180.6 182.5 182.7 183.9 185.9 186.6 187.5 188.1 188.7 189 189.5 191.3 192.1 192.6 193.5 194.4 193.9 192.4 191.9 190.9 190.4 190.4 190.4 190 187.4 185.4 185.8 184.7 185 186.6 187.8 188.5 188.3 187.5 186.8 186.1 186.2 185.9 185.1 184.1 182.9 183.1 183.4 183.3 183.5 184.7 184.3 183.8 184.6 185.6 186.4 187.9 189.1 188.9 187.4 186.1 184.9 184.1 185.1 186.1 187 186.5 186.3
179.9 179.8 180.7 181.9 180.4 181.2 182.9 185 185.6 185 184.4 185.8 185.6 185.3 185 183.2 184.6 185.8 186.7 187.9 189.7 190.2 190.1 190.9 191.8 194 194.8 195.1 195.4 195.5 195.7 196 194.5 192.6 191.7 190.7 190.7 189.4 190.5 188.9 184.7 184.4 188.5 190.5 190.3 190.5 190.3 189.6 188.8 188.1 187.4 187.1 187 185.6 184.3 185 186 185.7 185.4 186.6 187.5 186.9 188.1 189.2 189.8 188.8 189 190.2 190.3 188.7 187.5 186.6 186.6 188 189.3 189.8 189.4 188.9
181.5 184.3 182.7 183.8 185.2 185.5 186 186.6 187.2 187.4 186.8 188.4 188.7 188.4 187.7 184.1 187 188.2 190.5 191.7 193.9 194.2 194.2 194.5 195.1 196.1 196.5 195.6 195.5 195.8 195.9 195.7 193.6 192.6 191.6 190 190.3 191 190.7 190.4 187.3 187 190.7 190.8 190.4 190.5 190.7 190.2 189.5 189.3 188.6 188.2 188.1 187.7 188.2 189.5 189 188.6 188.2 191.2 191.1 190.4 190.6 193.2 192.5 191.3 190.5 191.5 191.5 190.3 189.7 189.5 189.7 190.4 192.2 193.2 192.7 192.2
187.4 187.8 185.6 185.4 186 187.4 187.9 189.4 190.5 191.2 191.3 191.8 191.7 191.1 190.8 188 189.9 193.9 194.4 195.3 196.6 196.6 196.8 196.7 196.8 197.3 197.1 196.1 196 195.5 195.9 193.9 193 192 191.1 191.4 191.3 191.3 191.1 190.9 189.9 188.9 191.3 191.4 191.1 190.7 190.7 190.4 189.7 189.2 189.4 189.2 189.1 189.3 192.2 192.2 190.6 189.1 190.4 195.5 195 193.8 192.9 195.7 195.9 194.9 194.2 194 194.8 195.1 193.7 193.2 193.4 193.7 194.7 195.7 195.7 196.6
190.7 189 187.8 188.1 188.4 189.6 190.7 192.6 194.5 195.5 196.4 195.9 195 195.1 195.2 192.8 194.7 196.6 197.2 197.9 198.5 198.7 198.9 198.6 198.1 197.7 196.7 196 195.1 194.4 194.5 193.3 192.3 191.8 191.7 191.7 191.5 191.3 191.3 190.2 190.6 189.9 191.1 191.9 191.6 191.3 191 189.7 189.8 189.8 189 189.2 191.2 192.7 195.9 194.3 192.4 191.8 194.1 195.4 195.1 194 194.6 196.9 198.8 197.4 197.4 197.7 198.4 198.3 197.9 196.2 196.6 196.8 197.3 197.9 198.6 199.4
192.1 191.9 191.3 191.4 192.1 193.3 194.9 196.3 198.4 200.6 199.8 198.6 197.7 196.6 195.7 195.7 196.3 196.8 197.4 198.4 199 198.4 198 197.3 196.7 195.8 194.8 194.3 194.3 194.3 194.2 193.3 192.8 192.3 192.1 191.9 191.6 191.4 191.3 190.1 190.8 189.8 191.4 192.1 192.1 192.1 192.3 192 191.6 191.2 190.3 190.5 192.9 195.8 196.1 194.1 195.5 195.3 196.4 197.1 196 196.3 198 200 200.5 198.9 199.4 200.8 201.6 201.8 201.6 199.6 199.5 199.6 199.6 199.2 199.2 200.7
194.7 194.6 195.5 195.4 196.3 197.4 199.1 199.8 200.1 200.9 200.9 199 196.5 195.2 194.9 195.1 197.6 197.2 197.5 197.5 197.7 197 195.2 194.6 194.6 194.2 194 194 193.9 194 194.1 193.8 193.3 192.9 193 193 192.7 192.4 191.3 191.5 191.9 191.2 191.7 193 193.6 193.7 193.9 194.1 194.1 193.8 192.9 192.6 193.8 196.3 197.1 196.4 197.3 197.9 198.3 199.3 200.6 200.1 200.2 201.4 202.1 200.8 201.2 202.4 205.5 205.5 204.7 203.1 202.8 202.8 203.4 201.4 201.3 202.7
196.4 197.4 198.5 198.4 199.6 200.5 201.3 201.4 200.9 200.2 200.3 197.9 195.6 195.3 195.9 195.7 196.6 196.5 195.1 195.6 195.8 195.8 194.3 193.3 193.7 193.9 193.9 193.9 193.9 194 194 194.2 193.9 194 194.1 194.3 194.7 193.5 192.5 192.6 192.8 193.3 194.2 194.8 195.4 195.5 195.7 195.8 195.8 195.8 195.4 194.1 194 197.2 200.8 202.1 201.4 201.5 201.5 202.9 204.7 204.9 203.2 203.6 204.6 203.8 203.9 206 208.8 208.8 207.9 206.8 205.3 205.5 206 203.7 204.6 205.6
200.7 201.3 201.6 201.1 201.2 202 202.9 203.2 201.5 199 199.5 197.1 195.3 196 195.8 195.5 195.8 194.5 194.4 194.8 195.6 194.8 193.7 193.1 193 193.9 194 194.2 194.1 194 193.9 194.9 194.8 195 195.1 195.3 195.5 194.3 193.9 193.9 194 195.1 196 197 197 197.4 197.6 197 196.3 194.8 196.4 196.4 196.5 199.2 202.9 206 204 204.2 205.1 205.9 206.7 206.7 206.8 206.9 207.2 207.3 207.7 209.1 210.1 210.7 210.4 208.8 206.9 205.5 204.6 204.1 205.7 206
204.6 204.6 204 203.4 203.4 203.6 204.2 204.2 202.9 200.6 199 197.1 195.3 195.4 195.4 194.8 194.1 196 194.7 195.2 194.1 194.2 194.5 194.2 193.8 194.2 194.5 194.8 194.7 194.5 194.4 195.1 195.9 196.2 196.5 196.8 196.4 196.2 195.8 195.6 196.2 197.3 198.3 199.4 199.3 198.6 199.5 199.4 198.4 197.6 199.3 199.7 199 203.6 206.1 206.3 206.7 206.7 207.4 208.1 208.4 209.3 210 209.4 209.9 210.6 210.3 210.3 210.7 210.7 209.6 208.7 206.5 205.4 205.9 205.7 205.4 205.8
207.5 207.1 206.8 206.4 205.4 205.7 205.1 205.7 204.9 202.3 199.7 196.7 195.5 194.6 194.6 195.2 195.6 196.2 195.6 195.4 195.4 194.7 195.6 195.7 195.1 195.7 196.2 196.4 195.8 195.8 195.7 196.3 197 197.8 198.1 198.1 197.8 197.9 197.9 197.7 198.6 199.6 200.7 201.9 201.6 201.2 200.6 200.3 199.2 201.2 203.6 205.1 205.4 207.4 209 208 208.2 209.1 210.1 211 211.6 211.5 213.1 213.5 213.6 212.4 211.5 210.7 210 209.2 209 208.9 208 208.2 208 207.8 206.5 205.9
209.7 209.2 210 209.3 206.8 206 205.6 205.7 202.8 201.1 199.2 194.7 195.8 196.1 197.1 197 197.3 197.8 196.9 196.9 197.4 197.2 197.3 197.3 196.8 198.1 198.5 198.3 197.6 197 197 197.7 198.3 198.5 199.6 199.4 199.7 200.9 201.8 202.3 202.3 203.2 203 204.4 204.8 203.9 203.2 201.1 201.3 205.4 207 207.9 208.8 209.8 211.3 210.4 209.5 211.3 212.7 213.9 214.2 215.1 215.1 216 214.5 214.1 212.8 211.6 210.4 209.2 209 210.7 210.5 210.3 210.1 209.9 208.4 204.8
211.7 210.8 210.7 210.9 207.8 205.1 205.1 202.6 200.5 199 199.2 199.7 201.3 199.6 198.9 198.9 199.5 199.8 199 198.7 199.3 199.5 199.4 198.8 198.6 200 200.5 200.3 199.6 198.6 198.3 199.1 199.5 199.1 201.5 203.1 205.2 206 206.4 206.7 206.1 207.5 206.6 207 204.3 205.5 205.5 204.3 204.1 206.7 209.4 210 210.9 211.9 212.7 212.7 212.7 213.9 215.6 215 215.3 216 216 216 214.5 213.8 213.3 212.4 211 210.1 210.6 212.5 212.2 211.7 211.3 211 208.6 206.1
214.6 213.1 210.6 208.5 205.9 204.1 204.1 201.6 200.9 202.1 201.6 203.1 203.7 203.4 202.8 201.9 202.4 202.2 200.3 200.5 201.1 201.4 200.5 199.8 199.7 202.4 202.8 202.8 202.4 201.8 199.7 201.5 201.8 203.4 204.2 206.1 209.1 208.3 209.3 209.1 208.8 209.7 210.9 208.4 207.4 207.4 207.7 206.9 204.8 206.3 208.6 212.2 213 214.2 215.3 215.5 215.5 215.5 215.7 215.8 215.7 215.5 216 214.3 214.2 214.6 214.2 213.9 212.9 213.1 214.4 213.9 213.5 212.9 212.1 211.2 208.2 205.7
215.2 212.7 208.5 206.2 204.4 204.5 206.5 207.2 206.6 206.2 205.8 206.4 205.9 205.9 205.9 204.2 203 201.7 201 202.3 202.7 203.2 203.1 203 203.6 205.3 205.8 205.9 205.8 205.5 203.7 204.4 204.7 206 207 208.9 211.1 210.9 210.5 210.8 210.1 210.7 210.5 209.2 210.3 210.3 210.1 208.7 207.5 208.6 211.1 213.8 216 217 217.9 217.6 217 216.9 216.8 216.6 216.2 215.1 214.9 214.1 214.5 215.1 215 214.8 214.6 215.2 215.6 215 214.1 213.6 213 212 208.9 205.9
213.2 211.1 206.6 204.1 205.9 208.8 208.2 209.4 210.3 208.9 207.7 207.7 205.8 205.5 204.7 204.4 203.6 203.2 203.5 203.3 204 203.8 205.7 205.4 206 208.1 208.8 209 209.2 206.9 205 206.8 207.8 207.9 209.1 210.8 213.5 213.8 213.1 212 210.9 210.6 209.3 209 210.7 211.8 211.4 209.5 209.9 210.1 213.7 215.5 218 220.5 220.6 219.5 218.4 218.2 217.8 217.3 216.6 215.6 214.8 215.1 215.7 216.1 215.8 215.4 215.2 215.7 216.1 215.3 214.4 213.7 213.1 212.2 209.7 206.8
210.1 209.1 210.9 209.2 209.8 210.3 210.5 211.6 211.1 210.6 210.1 208.2 206 204.2 204.2 204.8 204.8 204.9 205.3 206 205.3 204.8 206.3 207.6 208.4 210.3 211.2 211.5 210.9 209.2 210 209.6 211 211.4 211.9 212.9 214.2 215.1 214 213 211.4 209.9 209 211 213.9 214.6 212.4 209.7 210.5 211.4 213.5 215.1 219.1 220.8 222.2 220.8 219.7 219.5 218.8 218.1 217.1 216.5 216.6 216.7 216.6 217 216.8 216.2 215.9 216.2 216.2 215.7 214.7 213.9 213.3 212.3 210.9 209.6
211.5 211.9 212.4 211.8 211 211.9 212 212.6 211.8 211 209.3 209.6 208.7 208.1 207.3 208.1 207.5 207 208.3 209.3 209.7 209.3 209 209.8 209.9 211.9 212.9 213.3 213.2 211.7 212.4 212.5 215.1 216 214.5 214.2 214.3 215 214.7 214 212.3 210.6 211 214.3 214.8 215.9 213.7 211.7 211.4 212.2 213.1 214.1 219.5 222 224 223.9 222.4 220.8 219.7 218.6 218.3 218.2 218.2 218.3 217.7 218 217.7 217.1 216.6 216.7 216.3 215.9 215.1 214.1 213.3 212.9 211.9 211.9
214.7 214.4 214.3 212.9 212.6 213 213.5 213.3 213.5 212.3 211.1 211.5 211 210.9 210.7 210.5 209.6 209.3 210.5 211.7 212.8 213.6 213.3 213.7 212.3 213.7 213.7 214.6 215.7 214.1 214.3 213.9 214.4 215.3 215.4 214.8 216.1 219.6 217.7 215.3 213.5 213.2 215.1 215.8 216.2 216.2 215 213.2 212.8 213.7 214.1 216.7 220.9 222.5 224.2 225.1 224.3 221.4 220.4 221.2 220.7 219.8 219.8 219.8 218.9 219 218.6 218 217.4 217.2 217 216.8 216.2 215.2 214.1 213.9 214.2 214.4
216.6 215.9 215.7 214.2 214.1 214.2 214.5 215.6 214.6 213.5 213 212.7 212.7 212.1 212 212.4 212.1 211.5 212.4 214.2 215.9 215.9 216 215.9 214.1 214.7 214.7 216 216 214.6 215.1 215.4 215.8 215.4 215.1 215.4 217.9 220.9 219.4 216.6 214.4 214 215 215.6 216.4 217.3 216.7 215.3 214.5 215.7 218 219.3 219.7 222.5 224.3 224.6 223.5 222.6 222.1 222.2 221.6 221.7 221.5 221.2 220.9 220.6 219 218.6 218.4 218.8 218.6 217.7 217.6 216.7 215.3 215.4 216.4 216.6
217.5 216.2 214.1 214.2 215.2 214.4 215.5 216 216 213.9 213.7 214 214.4 213.3 213.3 214 214.3 213.9 214.2 216 215.8 215.8 215.9 215.9 214.1 214.9 215.2 214.7 215.7 214.9 215.3 216.4 217.3 217.4 217.4 218.8 219.2 220.2 220.4 217.6 216.5 215.5 215.6 216.2 217.2 218.1 218.9 219 218.2 218.4 220.3 220.9 220.6 223.4 224.5 225.7 225.6 223.7 223.4 223.1 222.5 222.5 222 221.5 221.2 221 218.5 218.7 219.7 220.2 219.7 218.9 218.8 218.4 217.9 219.8 220.3 218
218.5 218.8 217.9 216.2 215.4 214.1 214.7 215.3 215.6 214.1 214.2 215 215.2 214.2 214.2 215 215.9 214.7 214.2 215.4 215.5 215.6 215.5 216.1 215.5 216.2 216.5 216.4 216.2 215.7 215.8 217.5 218.2 219 219.2 219.4 219.6 220.5 220.7 219.2 218.1 217.3 217.1 217.5 218.3 219.4 220.6 221.3 220.3 220.4 222.2 222.6 224.4 225.3 225.8 226.3 226.3 226.2 226.1 224.1 223.4 222.8 222.3 221.8 221.5 220.9 218.6 220 220.9 220.7 220.1 219.7 219.4 219.1 219.9 220.9 219.8 219.3
219.1 219.4 220.5 218.5 216.6 215.1 216.3 217.6 217.5 216.8 216.8 217.9 217.4 215.6 215.6 216.5 216.7 216.5 214.8 214.3 215.5 215.8 216.5 217 217.2 217.4 217.8 218.2 218.4 218 217.8 218.5 219.4 220.3 220.8 221 221.7 221.5 221.1 220.7 219.4 219.1 218.5 218.9 219.3 219.6 223.7 223.4 222.4 223 223.9 223.7 224 226.4 227.3 227.5 227.4 227 226.8 226.3 224.4 223.4 222.8 222 221.2 220.1 220.6 222.4 221.9 221.6 221 221 220.4 220.2 221 221 220.7 222
219.3 220.8 220 219.1 218.8 217 218.8 220.1 219.6 219.4 220.3 220 218.6 217.7 217.5 218 218 217.8 216.5 215.4 216.2 216.8 217.6 218.1 218.7 219.2 219.7 220.7 220.6 220.4 220.1 220.8 220.6 221.5 222.5 222.9 222.9 222.7 222.4 221.7 219.6 219.5 219.2 219.2 220.1 222 224.9 224.2 224.1 224.7 225.2 225.6 226 227.3 228.4 228.6 228.2 227.9 227.5 226.9 226.1 224 222.7 221.8 221.1 220 223.5 224 223.6 223.1 223.7 223.6 222 221.6 221.6 222 223 224.5
221.4 222.1 221.4 220.4 220.2 219.6 220.7 221.3 221.2 220.3 221.7 221.4 219.9 219.4 219.5 219.8 219.8 219.4 218 217.1 217.1 217.8 218.6 219.3 219.9 220.9 221.7 223.9 223.9 224.3 223 222.5 222.3 222.8 224.1 224.2 223.9 223.9 223.6 222.7 221.4 220.8 220.7 221.5 222.4 223.3 224.5 224.7 225.9 227.1 227.6 228.1 228.5 229.9 229.8 229.5 229.1 228.4 227.6 227.1 226 225.4 224.1 222.9 223.2 223.9 225.6 224 225 225.2 225.8 224.6 223.3 223 222.7 223.5 225.6 227
224 224.3 223.3 222.4 221.2 220.9 221.5 222.5 222.3 222.1 222.2 222.2 221.6 220.4 221 220.9 220.4 220.6 219.9 218.5 218.4 219.7 220.7 220.5 221.1 221.7 222.9 225.5 225.9 225.9 224.1 224.5 224.3 224 226 226.6 225.4 225.7 224.5 224.3 224 223.3 222.6 223.3 223.9 225.4 227.2 228.2 228.7 229.4 229.8 230.4 230.2 230.9 231 230.4 229.6 228 227.1 226.5 225.9 226 224.1 224.3 224.3 225.2 226 225.6 226.6 227.1 226.9 224.5 224.5 224.9 226.2 227 227.8 229.8
225.8 225.5 224.3 222.8 222.1 222.4 222.8 223.5 223.6 223.4 223.6 224 223.2 222.9 221.9 221.5 221.6 221.9 222 220.1 220 222.2 223.9 223 222.4 223 223.5 224.8 225.9 225 224.9 226.3 227.1 227.5 229.8 230.2 229.8 230.5 228.1 226.4 226.3 225.1 224.5 225.3 226.8 229 230.5 231.9 232.5 233.1 232.4 231.9 231.2 230.6 230.7 230.8 229.2 227.6 226.6 226 226 226.1 224.2 224.7 226.3 227.2 227.6 227.7 228.3 228.9 228.4 228 227.7 229.1 230.7 232.2 232.5 232.7
225.8 225.4 224.5 223.9 223.9 224.3 224.8 224.9 225.5 225.8 225.8 225.3 224.6 223.7 222.7 222.5 223.1 223.5 223.8 222.9 223.8 225.4 226.2 225.8 224.7 224 225.2 226.5 227.8 227.6 228.4 228.1 229.2 229.9 231.4 231.1 231 231 230.5 229.1 229.5 227.9 227.2 228.5 230.3 231.6 232.6 234.7 234.5 235.6 234.7 233.4 232.3 230.6 230.4 230.3 229.3 227.6 226.3 226 224.8 224.6 226.7 227.6 230.6 230.2 229.2 230 230.5 231 230.4 231.2 231.2 232 234.3 235.5 236.2 235.7
225.6 226.6 226.2 226.3 227.2 228.1 228.2 228.2 228 228.6 229.4 228.2 227.2 224.7 223.6 223.5 224.2 224.1 225.4 225.1 224 225.9 228.1 227.9 227.4 226.5 228.2 228.9 229.3 230.3 230 229.9 230.7 231.7 232.4 232.4 232.2 232 231.1 229.1 231.4 230.8 230.4 232.1 233.2 234.3 235.4 236 236.8 236.7 236.4 235 232.8 231.3 229.8 229.5 229.3 228.1 226.6 225.7 226.4 227.4 230.4 230.1 231 231.3 231.8 232.3 232.7 233.2 234.9 236.4 235.5 237.1 239.5 240.8 240.2 237.3
227.3 228.8 228.7 229.3 231.6 232.4 233.3 233.1 230.5 232.3 233.1 231.7 230.2 226.4 226 227.2 227.6 226.6 229.1 225.2 224 226.2 229.3 231 229.4 229.9 231 229.4 230.8 231.5 231.6 231.6 232.4 233.3 234.3 233.7 233.5 233.2 232.3 232.5 234.4 234.7 234.6 235.3 235.1 235 235.7 236.1 236.3 236.3 235.4 233.2 230.6 230 229.3 229.3 229.2 229.2 228.1 229 229.3 230.6 231.8 232.2 233.3 233.3 234 234.6 234.8 236.1 239.8 240.9 241.1 241 240.3 240.8 240 239
229.5 231.1 232.9 233.4 234.2 236.8 236.9 235.8 235.1 235.7 236.4 235.5 232.7 232 230 230.9 231.4 230.7 230.1 227.4 226.8 228.3 229.5 231.2 231.6 231.3 231.2 231 230.8 232.8 233.2 233.3 233.8 235.3 236.2 234.7 235.4 234.1 235.7 236.6 238.1 236.8 236.6 236.1 235.6 235.2 235.9 236.1 236.2 235.7 233.3 231.1 229.2 229.8 230.2 229.6 229.4 229.1 229.6 231.3 232.2 233.7 234.1 234.4 235.4 235.3 235.5 237.2 238.3 239.5 241.1 241.2 241.2 240.9 241 240.4 238.4 237.6
232.2 233.8 234.9 236 236.9 239.9 239.5 238.5 238.2 238.6 238.8 237.9 235.5 235.9 235.1 234 234.5 234.4 232.3 231.2 232.5 230.5 230.8 233.3 234.6 233.7 233 232.9 232.9 234.6 235.8 235.9 235.6 235.4 237 237 237.2 237.2 238.7 239.6 239.9 238.8 238.3 237.2 236.3 235.8 236 235.9 236 234.1 232.9 230.5 231.4 232.5 230.9 229.9 230.1 230.3 231.2 233 235.3 236.1 236.4 236.7 237.5 237.2 239 240.8 241 241 241.1 241.1 241.1 240.9 240.8 238.6 237.4 236.5
234.3 235.3 236.3 237.3 238.7 240.6 240 240.6 240.9 241.2 241.3 240.4 239.2 238.6 237.7 237.1 239.3 237.2 234.8 234.2 235.3 237.8 233.9 233.8 235.7 236.3 234.6 235.7 235.7 236.3 237.8 237.8 237.9 237.8 239.1 239.7 240 240.6 241.3 241.5 241.4 240.5 238.8 237.7 236.8 236 235.6 235.7 235.9 234 234 233.6 234.3 234.7 232.9 232.1 231.7 232.2 233.7 235.4 238.4 238.1 238.6 239 239 239.6 240.5 241.4 241.7 241.2 241 241 241 240.7 238.8 237.7 236.8 236.3
236.1 236.7 237.8 239.1 239.5 241.4 242.1 242.9 243.1 243.6 243.8 243.3 242.6 241.5 239.7 238.9 241 239.8 237.5 236.7 239.8 240.1 240.8 237.5 238.4 240.8 239.5 239.9 238.9 239.2 240 240.5 240.3 239.8 241.3 242.1 242.4 242 242.2 242.2 242.3 241.1 239.3 238.4 237.7 236.3 235.4 234.6 234.5 234.5 235.6 236.3 235.1 236.1 234.9 234.6 234.6 234.2 236.5 239.3 241 241 240.6 241.9 242.4 242.6 242.9 242.8 241.9 241.1 240.8 240.9 240.8 238.4 237.9 237.5 236.9 237.2
