webserver/python/data/NS97.asc
ncols 200
nrows 200
xllcorner 290000
yllcorner 670000
cellsize 50
[rows 35 to 69 of 200, columns 0 to 78 of 200]
60.6 60.9 62.6 62 60.9 61.7 61.6 62.2 68.1 72.1 71.5 72.2 73.4 73.7 74 74.7 74.5 74.3 73.3 72.2 72.2 72.3 72.3 72.4 71.9 71.5 70.5 68.8 67.8 69 72 72.2 69 69.5 69.8 70.1 70.2 70 69.8 70.3 70.9 71.3 73.3 72.5 70.6 70.7 71.3 70.8 69.6 68.5 67.5 67.2 69.8 72.9 74.1 74.1 74.2 70.2 65.2 69.4 69.3 69.3 68.2 67.4 64.5 66.8 66.9 66.2 65.1 59.4 55.8 57.9 58.8 59.6 60 59.1 58.2 57.4 56.2
67.3 66.1 66.6 66.1 64.3 65.2 67.7 67.8 68.9 69.3 68.7 68.4 68.4 68.8 69.6 70 69.9 70.3 69.4 69.1 70.7 70.8 70.8 72 72.4 72.7 72.7 72.9 73.2 73.1 73.4 73.4 70.1 70.7 70.8 70.8 70.9 72.1 73.6 73.1 73.2 73.1 73.1 73.1 73.1 74.1 75.9 76.1 76.1 75.9 75.9 77.1 77.4 77.4 78.4 79 77.8 75 76.2 74.4 72.5 65.2 68 70.9 68.3 66.6 66.8 67.5 64.9 57.5 59.5 58.9 58.4 58.6 58.5 57.5 56.4 56 55.7
71.5 71.7 71 69 68.6 68.7 70.5 70.4 69.4 74.9 75.9 74.2 72.3 72 72 71.7 71.2 71.2 70.6 70.7 71.3 73.2 72.9 73.8 73.9 74.1 74.3 74.1 73.6 73.6 73.9 73.2 72.7 73.4 74.6 74.8 74.8 74.7 75.5 76.4 75.9 75.9 79.8 79 80.1 80 81 80.2 79.7 79.4 79.3 80.4 80.5 80.6 79.8 80.2 80.2 74.6 78.8 77.1 74.9 73.2 73 71.3 64.8 66.8 68 66.5 62.4 60.6 60.1 59.8 58.9 58.8 58.6 57.5 56.5 56.5 56.2
78 77 76 74.9 74.5 74 73.2 72.6 71.4 73.6 74.2 73.1 73.7 74.3 74 74.9 72.7 72 71.9 72.2 75.4 76.1 76.7 73.3 77.3 76.5 76.5 77.3 77.2 77 77.9 78.2 77.2 77.1 77.2 76.4 76.5 76.5 76.8 77.8 77.2 78.2 80.5 80.5 81.7 81.6 82.9 82.3 82.2 81.5 81.2 79.9 79.6 78.9 76.6 78.5 78.8 74.5 79.2 75 73.3 71.8 71.2 70.9 65.7 65.5 66 66 65.7 65.9 65.5 64.2 63.7 63.2 63.2 62.4 60.4 58.6 58.3
85.5 84.9 82.4 80.3 80.9 81.4 81.7 79.4 75 74.7 76.6 77.8 79.3 80.9 80.2 81.1 77.6 81.9 77.4 77.5 78.1 78.2 79 80.1 78.7 81.5 81.8 83.7 81 81.7 81.8 81 81.2 81.2 81.2 81.1 81.2 80.6 79.6 79.3 79.7 80.5 81.2 81.2 82.2 83 83 82.8 81.9 80.9 78.6 78.6 77 77.7 77.6 76.2 76.5 76.2 76.5 74.6 74.6 73.2 74.1 71.9 70.8 69.8 69.6 68.3 66.8 64.9 64.4 64.1 64.8 65.8 66.1 66.1 66.3 66.8 68.6
93.7 92.5 89.4 86.2 84.4 85.5 85.9 82.2 78.6 78.3 81.9 85.1 85.6 85.9 85.4 85.3 84.9 84.7 84.5 82.6 83.8 83.9 84.8 86.7 84 85.5 87.7 86.6 86.6 86.2 84.7 84.7 85.5 86 86.2 86.7 86.8 86.2 85.7 84.6 85.1 85 84.6 84.4 84.3 84.9 84 84.1 83.4 81.7 84.2 82.9 82.4 80.2 79.3 78.6 79.8 79 79.4 80 74 77.2 77.7 77 75.6 74 73.3 72.4 71.5 73 73.5 72.8 71.7 74.2 75.4 76.6 77 78.1 77.9
99.3 96.9 93.9 90.3 85.2 86.8 86.4 81.5 79 83 85.5 88.3 88.6 89 90.4 89.7 88.4 87.8 88.4 89.7 90.7 90.5 91.3 91.9 90.3 91.9 91.2 92.5 90.9 88.9 88.2 88.9 89.5 89.3 88.8 89.4 89.2 88.1 88.5 87 92.1 92.1 91.5 88.5 88 88 87.4 86.2 84.1 84 86.2 87.4 85.5 83.2 82.2 82.7 83.7 83 83.8 84.2 81.4 80.7 79.1 76.7 76.9 77.2 76.1 76.9 79.2 81.3 81.4 82.6 82 81.7 81.9 82 81.8 83.1 83.3
100.7 98.2 95.4 91.9 90.4 90.8 90.8 86 84.2 89.7 91.8 93.3 95 95.7 96.2 96 95.5 95.6 95.9 96.2 97.1 96.5 97.3 95.1 96.8 95.3 95.8 95.9 95.9 96.5 94.6 94.2 94.3 93.8 93.6 93.7 93.5 93.6 94.9 95.9 95 93.8 92.2 91.6 91.5 89.5 87.7 86.3 83.8 85.8 88.1 88.2 88.7 86.2 86.3 88.5 87.6 87.1 85.7 83.2 82.9 83.2 82.4 81.3 81.1 80.5 81.3 83.9 84.9 85.8 87.9 88.6 88.2 87.3 86 86.2 86.6 87.1 87.8
101 99 96.5 95.8 93.7 95.2 94.8 89.2 91.1 95.4 97.2 99.3 101.3 102.7 102.8 102.4 102.9 103 102.8 103.2 102.7 101.8 102.1 103.9 104.6 103.2 100.8 98.9 102.2 102 101.9 100.1 99.3 98.6 99.3 97.2 96.2 96.3 96.7 96.3 95.3 93.8 92.6 91.9 90.6 89.5 88.2 86.3 85.9 88 89.5 89.1 88.9 88.3 90.8 89.6 89.5 88.2 87.2 84.9 84.1 86.5 85.1 85.3 85.6 85.7 86.2 88.8 91.7 92.7 92.9 93.3 93.1 92.5 91.5 91.1 91.9 93 92.1
102 102 100.3 99.4 98.9 100.7 100.4 95.3 96.3 101.4 103.6 106.1 108.1 110 110.1 109.6 109.7 109.2 109.9 109.9 107.3 107.3 108.6 108.7 108 108.3 108.8 105.9 104 102.1 100.5 99.6 98.5 98.7 96.1 93 92.8 92.5 94.2 92.9 91.3 90.7 90.6 89.5 88.3 86.8 88.9 90.7 88.6 89.1 89.5 89.4 90.4 91.7 92.2 91.9 91.4 90.9 91 90.7 89.2 91.6 92 92.4 91.3 91.3 92.2 93.4 95.7 97.5 97.4 97.8 98.3 97.7 97 96.4 96.9 97.2 96.4
106.8 106.8 106.3 104.9 105.4 106.6 106 97.5 101.6 106.9 110.3 112.8 115.1 116.5 116.2 116.2 115.4 115.7 116.9 115.6 114.5 114.3 114.3 114.1 113.4 111.1 108.8 106.3 102.8 100.8 99.6 98.3 96.8 95.3 94.2 93.5 93.4 91.1 91.3 90.5 89.5 89.3 88.8 89.8 90.3 89.9 91.2 92.8 93.6 91.7 92.2 92.5 93.6 94.8 95.7 96.6 95.2 95.9 94.5 91.7 93.3 98.2 95 95.9 97.2 98 98.1 98.3 100.7 101.7 101.6 101.7 102.1 102.6 102.9 103.2 102.2 100.6 99.4
112.4 111.7 111.4 111.4 110 111.6 108.6 99.1 108 113.3 117.8 120.3 121.1 121.7 122.4 123.9 121.6 121.4 123.4 122.1 121 118.7 116.6 113.2 110.3 107.5 105.8 103.9 99.9 98.4 97.7 96.9 96.4 95.7 95.1 95.5 95.3 93.9 91.7 92.2 91.1 89.7 92.1 92.6 93.5 94.8 94.2 95.2 96.1 95.8 95.1 96.6 98 97.9 98.8 99.7 99.2 98.9 99.5 97.1 98.3 99.6 101.2 99.5 98.7 102 102.4 103 105.1 107.2 107.7 107 107.3 107.4 107.2 106.5 104.7 102.5 101.5
118.4 119 119.4 120.2 118.5 114.6 102.9 106.8 114.9 120.8 123.9 126.8 128.2 129.1 130.3 130.8 130.7 128.5 128.8 126.6 123.6 121.2 118 115.2 111.7 108 104.7 102.2 99.7 98.7 97.4 97 96.9 97 98.2 96.5 96.2 96.1 95.6 93.4 91.5 94.2 95.4 97 98.1 99.1 98.1 99.2 100.3 99.6 99.9 101.4 101.1 100.9 101.9 102.2 102.1 102 102.7 103.7 97.7 99.6 103.6 100.9 104.1 106.9 107.5 107.4 109 110.4 111.5 111.9 111.6 109.7 107.8 106.3 104.2 102.2 99.6
125 125.7 125.7 125.2 126.4 116.1 109.4 116.1 121.1 126.1 130 133.5 135.5 136.5 137.9 133.7 133.3 132.1 131.4 129.1 126.6 123.9 121 118.4 115.2 111.4 108.7 105.8 101.4 99.7 98.1 97.6 97.8 98.6 100.9 97.6 96.8 97.5 97.8 96.4 96.9 98.3 99.9 102.3 102.4 104.1 104.7 104 103.9 103.7 104.6 103.3 104.3 104.2 105 105.3 104.8 104.8 105.7 106 103.5 100.2 106.4 107.6 108.9 108.8 109.2 109.7 110.1 109.9 110.1 109 107.5 105.9 104.5 103.3 102.3 99.9 97.3
131.4 132.1 131.8 129.7 125.2 113.4 115.9 122.6 126.7 132.1 136.8 140.5 142.3 141.6 140.4 135.9 133.5 131.6 129.7 127.6 125.3 123.4 120.1 116.9 115.5 113.7 110.9 107.3 101.6 99.2 99 99.1 100.5 101.1 102.2 102.6 99 97.8 100.3 102.8 100.8 101.2 102.7 106.5 108.6 109.3 109.4 109.1 109.5 109.2 109.1 109 108.5 108.6 108.5 107.9 108 108.4 108.2 108.5 109.1 107.8 109.6 108.8 109.3 109.3 108.5 108 107 106.2 105.1 103.8 103.2 102 101.2 100.3 98.6 96.7 94.2
132.7 132.6 131.6 128.5 124.8 115.3 121.7 126.6 131.3 137.1 142.8 143.2 143.8 142.9 141 136.9 133 130.5 127.4 124.4 122.8 120.7 117.2 114.7 113 111.9 109.4 104.8 101.7 102.4 104.5 104.5 104.8 105.5 106.9 107 107.1 108 107.1 105.5 104.5 107.6 110.7 112.8 114.2 114.1 112.9 113.2 113.3 116.8 116.1 116.6 115.3 117.1 117.7 111.8 111.5 113.1 112.3 112.1 111.1 110.3 109.3 108.9 107.7 106.1 104.5 104.3 104.1 102.1 100.1 100.2 100.2 98.7 97.1 95.7 94.8 93.1 90.4
131.3 129.9 127.6 126.2 122.1 121.1 125.4 131 136.1 142.1 146.3 146.9 147.2 145.3 142 137.6 133.6 129.3 126 122 119.5 119 114.8 112.6 109.9 107.2 104.7 105.3 106.2 107.5 109.8 110.3 110.8 110.5 111.5 112.1 111.9 110.6 109.2 111.2 113.9 114.9 115.8 116.6 117.6 118.9 116.8 116.9 117.9 119.2 119.5 120.3 123.1 123.1 121.1 118.9 118.1 118.9 118.9 117.1 115.1 111.5 109.9 107.8 107.1 104.6 103 102.2 102.1 99.7 98 98.5 98 93.1 92.9 92.5 91.8 89.7 89.1
130.1 129.4 125.5 121.6 116.2 124.8 128.2 133.2 139.1 143.3 145.4 147.7 147.1 145.7 143.3 138.9 134.3 130.1 125.4 121.2 119.1 116.2 116 113 108.6 107.5 109.2 111 112 114 115.1 115.9 116.3 118.5 116.5 116.8 117.1 118 118.4 118.1 117.7 118.8 120.2 122.8 124.9 125.4 121.3 121.2 122.7 121.2 120.7 120.8 119.5 120.9 119.1 118.1 116.9 115.8 115 114.2 112.7 111.1 110.1 108.6 108.1 106.1 105.8 105.5 104.2 103 101.8 101.1 94.2 97.3 97.1 95.1 94.3 93.6 92.6
131 128.1 121.8 119.4 126.2 132.5 133.8 134.5 137.2 142.7 144 146.5 146.2 144.8 143.8 140.7 136.2 132 126.4 120.9 118 115.8 113.2 109.7 111.9 114.4 115.8 115.9 117.5 119.1 120.4 120.9 122.1 123.2 122.9 122.8 122.9 122.5 122.5 121.4 121.4 121 125.2 127.5 128.5 128.6 126 123.9 122.1 120.2 118.5 116.5 117 116.5 115 114 113 112.3 111.4 110.9 109.8 109.3 109.2 107.4 107.5 107.1 106.6 106.8 105.4 104.2 103.8 102.1 100.5 101.2 100.9 100.4 99.1 97.8 96.6
124.2 128.4 128.8 131.2 134.5 136.2 138 140.5 141.6 143.1 143 145.2 145.1 145.2 144.2 141.8 138.5 134.7 129.7 124.2 120.1 117.4 112.6 117.6 119.4 121.2 123 123.1 123.1 124.4 125.5 126.9 127.5 128 126.8 129.3 128.7 129 129.1 127.1 127.6 127.6 130.4 132.1 131.8 130.3 126.7 123.5 121.1 119.1 118.1 115.8 115 114 113.5 111.8 110.2 110.2 109.4 109.6 109.3 108.8 108 107.8 107.2 106.7 106 106.5 104.2 103.5 101.9 102.1 104.1 104.4 103.6 104.2 105.1 103.9 100.4
133.8 135.2 139.6 139.4 139.7 139.6 140.6 143.7 145.8 148.5 148.9 148.5 148.4 147.9 148.1 145.5 142.6 138.7 133.8 130 126.2 123.2 117.8 122.2 123.3 126.5 128.4 128.9 129.7 130.9 131.2 132.2 132.9 133.5 134.7 136 136.1 137.1 136.3 134.3 132.4 133.3 132.3 130.7 131.2 129.5 125.1 122.9 119.9 119.4 118.4 115.3 113.9 113.3 112.9 111 110.4 110.2 109.4 108.6 108.4 108.9 108.2 107.7 107 106.5 105.9 105.2 104.2 104.3 105.7 106.5 107.2 107.7 107.3 107.6 107.6 107.2 105.6
140.2 141.8 142.9 142.1 143 144.6 146.2 148.1 149.7 151.5 152.8 152.9 152.9 152.3 152.3 148.8 146.3 142.3 136.9 132.9 129.2 121.8 124.9 127.8 129.8 131.8 133.9 135.2 136.5 136.6 138.3 139.6 141.9 143 140.9 141.7 143.3 143 143.7 141.8 139.8 139.3 135.8 132.7 132.9 130.2 126.8 126.1 125.1 122.1 120 117.8 116.9 115.4 113.1 111.9 110.6 110.7 110.1 109.9 109.3 108.8 108.7 107.1 109.1 108.2 107.2 105.6 108.9 108.3 109.5 110.1 110.8 111.1 110.8 110.4 108.6 107.6 106.1
145.5 145.9 147.7 148.8 148.2 150.1 152 153.5 154.2 156 156.9 157.1 157.7 156.7 155 152.3 147.9 143.7 139 130.6 124.2 128.4 131.8 133.6 135.5 137.5 139.9 141.4 142.9 144.5 146.3 147.8 148.2 149 149 150.1 150 150.3 149 149.3 145.8 143.1 140.6 137.2 134.7 133.2 132.1 129.7 127.4 126.4 124.1 119 119.5 117.2 114.4 116 115.2 114.1 113.1 112.7 112.5 113.2 113 111.1 112.3 112.2 111.9 110.3 111 115.2 116.6 115.9 114.9 114.7 113.9 113.7 109.9 108.9 108.5
149.1 152.1 151.5 152.6 154.1 157 157.6 159 160.5 161.9 160.7 161.2 160.5 156.8 154.2 149.7 146.3 141.6 133.1 129.3 135.6 136 136.8 138.9 140.9 143.4 145.8 147.5 149.3 150.7 152.7 153.6 155.2 155.5 156.1 155.7 155.1 154.6 150.8 148.3 144.3 140.3 137.1 134.5 132.4 130.3 129 126.8 124.1 123.5 121.9 119.2 116.5 116.2 118.2 119.3 118.9 118.1 117 117.4 118.9 119.2 118.5 118.5 116.7 117.1 117.3 116.7 115 113.1 114.8 116.9 118.2 119.4 117.5 113.9 111.8 110.9 110.1
155 157.4 158.2 161.3 160.6 159.7 163 164.6 166.6 165.5 163.9 162.3 159.2 156.4 153 149.3 144.4 144.3 137.5 139.8 141.2 142.3 142.4 144 146.2 149.1 151.3 152.8 154.8 155.5 157.2 157.9 163.5 162.3 163.8 158.3 154.4 151.4 148.2 144.9 140.5 136.6 133.9 131.8 129.7 127.4 125 123.8 121 119.8 118.2 117.3 119 120.6 121.7 121.6 121.6 121.8 121.5 121.9 122.8 122.9 123.1 123.6 122.3 121.4 120.1 119.5 119.1 118.1 119.4 119.3 119.3 118.1 114.7 114.3 113 113.1 110.4
160.9 162.5 163.3 164.7 167 167.2 166.4 167.3 166.4 163.3 161.8 159.5 155.5 152.6 144 135.9 136.7 147.1 149.3 147.1 148.1 148.7 150.1 150.2 152.1 156.2 158.9 160 158.5 160.3 164.4 163.6 164.2 162.5 158.9 155.7 152.7 149.4 145.9 142.4 138.4 136 132.7 129.3 126.9 124.9 124.1 120.5 119.1 119.3 122.7 123.5 122.9 123.4 124.6 125.3 125.2 126.2 126 125.7 125.7 126.3 126.6 126.6 125.6 124.4 124.1 123.5 123.8 124.5 124.8 124.1 123.7 123.3 121.2 118.2 115.8 116.6 113.3
167.2 168 169.4 171 169.5 167.1 165.3 163.5 161.7 158.6 153.9 148.4 144.1 144.3 151 154.2 151.1 155.7 154.2 153.7 153.7 154.2 154.7 156.5 158.3 160.5 161.8 162.4 163.4 165.1 166.4 165.8 163.2 160.1 157.1 154 150.5 147.4 143.8 140.2 136.5 133.4 130.5 126.6 124.5 126.6 124.1 122.9 121 122.3 124.8 127.1 127.7 128.3 129.3 129 129 130.2 130.5 130.1 129.6 129.5 129.7 129.7 129.1 128.7 129.1 128.3 128.8 129.5 131 131.5 132.4 129.6 126.1 123.8 119.7 117 113.8
172.2 170.3 168.8 168.1 166.1 163.5 160.8 157.2 156.5 152.6 149 151.7 155.8 158.5 160.1 159.6 159.5 160.4 160.4 159.1 158.8 159.8 161.1 162.8 164.6 165.2 165.7 165.5 168.3 169.7 167.9 164.8 162.5 159.3 155.8 152.8 150 146.6 142.4 138.3 131.4 130.2 127.5 134 133.9 132.7 131 128.9 127.1 128.4 129.4 131.6 131.9 133 133.2 132.9 132.8 133.8 134.8 134.3 133.5 132.8 132.9 133.2 133.9 134.8 134.6 134.9 135.3 136.9 137.8 136.4 133.2 130 127.2 123.5 120.1 117.8 114.7
168.4 166 164.6 163.4 162.5 160.2 155.3 154.9 155.8 158.4 161.3 162.2 164.1 164.7 166.3 165.2 165 165 164.8 164.8 165 166 166.7 167.5 168.7 169.5 170.1 170.6 171.8 171.2 168.4 165.2 162.2 159 155.5 152.4 149.3 143.5 136.4 131.6 128.5 138.6 141.8 142.2 141.3 140.6 140.6 136.6 135 136.4 136.4 136.8 136.6 137 137.5 137.1 137.1 138 139 139.8 138.9 138.6 139 139 138.3 139.9 140 139.8 141.1 140.1 137.7 135.1 130.7 127.2 124.1 120.2 118.1 115.8 114.4
167 162.4 160.8 158.8 157 162.3 161.7 161 163.4 164.4 165.9 167.3 168.2 169.3 170.2 169.7 169.5 168.9 168.3 168.8 170.3 170.5 171.2 171.5 172.5 173.1 173.5 174.3 173.9 171.3 169 165.2 161.5 158.4 155.2 151.6 147.5 139.4 135.2 139.3 141.7 145 146.9 147.5 146.6 145.4 144 143 141.9 141.8 141.8 141.6 142.5 140.9 141.8 142.4 143.5 143.9 144.2 144.6 144.9 145.2 144.3 143.6 143.8 144.4 145.2 144.1 141.1 138.3 136 130.4 126.9 124.2 120.4 118.8 116.9 114.4 113.3
162.2 162.6 164 162.2 164.6 167.3 168.1 168.9 169.1 169.7 171 172.4 173.5 174.1 174 174.1 173.6 172.9 172.2 172.3 174.3 174.8 175.4 175.6 176.6 177.2 176.7 174.3 171.8 169.1 166.4 163.5 161 156.7 151.4 147.4 145.6 144.9 145.3 147.1 148.3 150.5 152.5 151.5 150.6 149.8 148.6 148.2 147.1 146.9 147 146.8 147.7 146.7 146.7 147.2 147.9 148.6 149.3 149.4 148.5 146.2 144.3 142.9 141.2 140.8 140.5 140 135.7 132.4 131.8 129.1 125.5 122.6 119.4 116.4 114.3 113.7 112.4
166.8 166.6 168.6 169 168.4 169.2 170.3 171.6 173.2 173.7 175.7 176.8 176.9 177.4 177.5 178.1 177.7 176.4 175.9 175.9 178.1 179.2 179.1 179.7 177.6 175.6 174.1 171.9 169.6 167 164.4 161.6 157.2 151.8 153.2 154.2 155.6 155.5 153.7 152.6 154.6 156.1 156.3 155.5 154.6 153.8 153 152.6 152.2 151.8 151.7 151.7 151.9 152.5 151.7 151.7 150.5 149.3 148.4 146.3 143.9 143.5 141.6 139.4 137.8 137.2 136.2 133.8 131 129.4 127.4 126.5 123.5 119.6 118 115.6 114.7 113.1 111.3
171.6 173.6 172.4 172.5 173.7 174.4 175 176.3 178.1 178 179.8 180.4 180.7 180.8 180.7 181.4 182.1 179.9 182.2 180.2 181.6 180.5 178.6 176.4 174.9 173.1 171.4 169.3 167.1 164.1 160.4 156.8 160.2 162.9 160.6 160.7 161.2 159.8 158.5 158.3 158.2 159.1 160.2 159.4 158.6 157.7 156.9 156.4 156.3 155.9 155.8 154.9 152.9 151 148.7 147.7 146.7 145.4 143.8 141.5 139.8 139.2 138.3 136 135 133.7 133.3 131.4 128.3 127.3 125 122.5 120.5 119.7 115.3 111.9 113.5 113.8 112.5
175.4 176.7 176.4 177.6 179.1 179.6 180.2 181.3 182.2 182.3 182.2 183.5 184.5 185.7 186.7 186.2 182.8 181.9 182.4 180.9 179.7 178 175.5 173.6 172.3 170.3 167.8 165.1 162.7 159.3 160.8 164.5 167.1 166.9 166.8 165.8 165.5 165.4 164.4 163.8 163.7 163.6 164.7 164.2 163.4 162.5 161.5 161 160.8 160.2 157.4 152.8 149.6 147.5 145.5 144.1 143.1 141.5 140 137.1 135.6 134.2 134.7 133.4 131.9 131 131.2 127.1 123 121.1 120.5 115.3 115.4 119.1 116 117.2 116.6 116.4 114.2
180.6 180.1 181.7 183.1 184.1 184.8 185.2 185.8 186.5 187 187.3 188.5 188.7 188.2 186.4 185.4 183.3 182 180.7 178.7 176.4 174.8 172.4 170.7 168.8 166.1 164 162.8 164.1 167.8 168.7 170.5 171.3 171.1 171.3 171.2 171.1 170.3 170.1 169.5 169 168.8 168.9 168.9 167.8 166.7 166.2 165.2 162 158 154 150.7 147.6 145.6 143.3 141.5 140.4 138.5 137.1 131.9 131.2 129.3 129.3 128.5 126.7 125.3 123.9 119.3 127.9 128.1 124.7 122.7 121.5 120 120.3 120.9 119.9 118.6 116
