webserver/python/data/NT01.asc
ncols 200
nrows 200
xllcorner 300000
yllcorner 610000
cellsize 50
[rows 105 to 139 of 200, columns 78 to 155 of 200]
428.4 424.1 420.4 424.5 428 431 434.9 439.8 446.2 452.5 458.3 459.8 460.2 459.9 457.7 453.9 449.9 445.6 438.8 428.3 419.7 408.8 397.6 388.4 383.1 379.1 379.1 379.6 381.6 384.8 389.2 396.4 404.3 411.8 418.5 427.7 433.6 441.5 449.8 460.4 473.3 480.9 486.9 492.9 498.3 503.3 501.1 498.6 495.3 490.1 476.4 467.1 461.8 450.5 436.6 417.9 403.6 386.7 378.2 376.6 377.6 379.1 380.9 384.7 391.6 400.2 400.8 389.8 388.7 397 409.6 410.8 411.5 411.4 410.9 410.4 416.7 425.3
426.8 422.6 419.4 420.2 423.1 427.3 431.5 437.8 444.3 450.8 455.3 457.8 458.8 457.4 453.3 448.7 444.4 440.3 433.4 424.5 414.5 404.5 396.5 391.2 384.2 379.1 379.5 380 381.3 384 388.6 393.3 401.3 410.2 419.2 426.5 434 442.9 453.5 464.1 478.1 485.7 491.4 498.4 503.3 503.6 501.1 501 495.4 486.6 477.2 465.7 457.7 444.9 431.8 414 401.5 386.2 378 377.7 378.4 380 383.2 388 393.8 400 402.8 401.7 403.2 397.5 399.2 403.4 401.6 404.6 408.5 410.5 416.1 424.1
426.6 422.4 419.9 418.7 419 423.1 428.6 435.1 441.9 448.6 452.1 454.5 455.6 453.6 449.4 444.4 439.6 434.6 428.5 419 409.4 401.9 395.7 389.1 384.1 379.4 379.8 380.6 382 384.2 388.2 392.8 399.8 408.9 417.4 426.2 435.3 443.7 455.7 468.6 483.3 488.4 495 500.1 508.1 504 496.9 499.2 489.6 482.6 475.1 460.2 449.4 438.1 424.6 410.7 400.6 388 378.7 378.6 379.4 383 386.9 391.7 397 402.2 407.4 411.3 412 409.3 401.5 400.8 400.2 403.3 407.3 412.3 417.4 424.6
425.8 421.6 420.4 418.6 416.2 419.9 425.2 432.2 439.1 444.8 448.6 451 451.3 451 445.1 440.1 435.3 429.1 422.2 413.3 405.7 400.5 393.1 388.1 384.3 382.1 380.9 381.8 383.7 386 388.8 394.3 400.7 409.6 418.1 426.3 434 444.9 459.5 475.3 486.6 492 497.1 499.8 501.7 501.3 489.3 486.8 480.7 474.7 471.2 456.8 440.3 429.1 416.6 406.9 397.4 388.5 380.4 379.7 381.8 386.2 390.2 395.6 401 406.4 410.9 413.4 415 414.3 411.1 409.1 408.2 408.7 408.9 410.2 416.2 423.5
425.2 420.4 417.8 411.3 412.6 416.8 422 429 435.9 440.6 444.2 446.5 446.4 444.8 440.5 435.6 430.5 423.6 415.9 408.6 402.4 397.5 392 390 387 384.7 383.8 384.3 386.1 388.2 391 396.7 403.1 411.3 419.6 426.2 437.4 450 463.3 477.3 489.2 494.9 498.5 499.5 499.8 494.8 483 475.9 468 465.3 462.6 449.2 434.3 421.2 410.4 402.8 394 386.5 379.5 380.7 384.2 388.8 393.9 399.5 405.2 410.6 414.2 417.7 418.6 419.3 419.1 417.3 413.5 412 409.5 408.9 413.1 422.6
423.3 418.2 415.5 409.4 411 412.1 417.4 425.4 431.5 435.2 440.2 441.8 440.6 439.1 434.5 429.1 425.2 417.6 410.7 403.9 399.9 394.6 390.6 388.9 387.6 388.4 387.6 387.6 388.7 390.7 394.7 400.1 405.5 411.5 418.9 428.5 440.3 456.9 470.7 482.7 490.8 494.1 494.9 493.6 491.8 486.8 475.7 464.3 457.3 455.3 453.2 440.7 427.7 414 405.6 398.6 391.4 384.1 381 382.6 387.5 392.6 398.4 405.7 409.8 413.8 417.4 420.9 423.1 424.6 425.6 426.8 419 416.5 413.1 409.1 409.1 418.6
422.4 418.2 413.3 410.5 407.5 407.4 412.3 419.1 424.7 428.8 433.9 437 436.1 434 429.3 424.6 419.3 412.4 404.8 403 398.8 395.7 392.6 390.4 390.3 391.3 391.4 389.2 389.2 392.8 397.6 402.3 408 414.2 420.8 432.9 447.6 464.2 475.3 485.4 490.3 497.7 497.9 492.6 483.7 476.9 465.9 454.3 447.1 443.1 442.3 431.4 419 407.5 399.9 394.5 389.5 382.7 383.7 386.3 391.4 397.1 402.8 409 412.5 417.1 421.6 424.4 427.8 430.3 434.2 433.9 427.3 423.6 420.3 416.5 412 411
421.9 417.5 412.8 408.4 401.2 403.9 407.9 413.6 419.4 423.2 426.7 430.2 431.2 428.7 423.1 417.9 412.5 405.8 404.4 401.7 399.2 398.1 395.5 393.7 393.8 396.5 397 395.3 394.3 395.2 399.8 404.6 410.1 418.2 426.5 439 455.9 471.1 481.4 489.4 493.5 498.6 499.5 494.7 482.4 468.9 458.5 447.1 437.8 432.6 432.5 423.6 411.7 401.3 393.5 390.8 387.1 384.2 387.1 390.6 396 401.7 408.2 412 417.9 423.1 427.2 430.2 432.1 436 441.9 442.5 434.1 429.3 425.2 422.4 421.2 416
419.4 415.8 411.2 403.5 400.1 400 403.6 407.2 411.8 416 419.5 423.1 424.1 421 417.6 412.9 407.8 405.8 404.8 402.2 401.4 400.8 399.4 397.6 398.5 399.9 402.3 401.5 399.4 398.5 400.5 405.2 411.9 421.2 431.9 446.9 466 480.8 489 493.8 497.5 499.9 500.6 492.8 481.6 467.8 455.9 447.1 434 427.8 423.1 417.3 404.8 395.7 389.8 386.9 384.4 387.3 390.3 395.7 400.8 408 411.7 416.1 422.1 429.4 432.3 434.8 436.3 440.7 446 444.6 437.8 432 427.9 424.9 423.6 421.6
414.5 411.8 408.3 402.3 394.2 395.8 400.3 402.3 405.1 409.5 413.1 417 417.2 415.4 412.1 409.3 406.6 405.6 405.4 403.8 404.7 404.4 402.9 402.4 403.3 405.6 407.4 407.5 405.6 401.1 400.9 406.3 415 426.2 437.1 453 474.7 486.5 494.2 497.9 499.7 499.4 498.5 492 481 465.2 455.1 446.7 435.2 423.3 414 407.4 399.1 391.5 387.7 385.8 386.4 389.4 394.2 400.6 406.2 410.8 413.9 418.5 427.3 431.9 435.1 438 440.5 446.3 447 444.8 439.7 435 430.2 427.7 426 422.4
408.4 406.5 404.6 399.3 390.2 393.3 398.2 399.3 400.5 403.4 407.9 411.2 411.9 411 409.2 408.6 408.4 407.4 406.7 407.5 408.6 410.2 409.4 407.6 409 412.3 413.9 413.8 411.2 406.5 405.3 410.1 418.3 429.2 439.9 457.4 475.4 486.8 495.6 499.9 498.5 495 493.1 489.3 476.9 458.7 452.3 443.1 430.6 418.4 409.7 400.7 395.4 389.6 387.2 386 387.9 391.4 398 406.3 410.2 412.5 417.2 421.1 427.5 432.9 437.5 442.8 449 450.6 449 446.1 442 438.7 434.2 431.3 427.6 423.4
402.9 401.7 399.8 394.7 387 391.2 394.4 396.3 396.7 398.9 402.9 406 407.1 406.8 407.9 409.8 410.5 411.2 410.8 411.5 413.2 412.9 412.9 413.9 416.3 419.3 421 419.3 416.4 412.5 408.3 411.1 419 428.6 443 457.5 473.8 484.3 493.4 502 497 488.7 486.3 481.4 469.5 453.4 448.7 438.7 430 416.9 407.2 399.5 393.3 389.1 386.6 387.5 388.8 392.7 400.5 410.6 413.7 414.1 420.7 423.1 429.3 434 439.6 446.3 450.9 451.2 452.4 451.2 447.7 442.4 437 433.5 430.5 426
397.5 396.8 395 391.4 383.8 388 391.2 393.3 394.1 395.7 398.6 401.5 402.2 403.1 407.9 411.5 413.5 416.5 418.2 418.9 418.4 418.4 417.7 420.3 423.1 426.3 426.4 423.5 420.2 414.7 409.4 413.3 419.6 429 444.6 458.3 470.6 480.8 490.1 499.7 490.3 481.3 479.5 473.3 459 446.6 439.4 432.2 424.1 409.9 404.7 398.2 392.1 388.6 387.2 387.9 389.1 394.5 402.8 416.1 418.4 414.6 419.3 421.1 427.8 437.1 443.9 449.2 449 451.7 457.2 459 453.6 446.6 440.5 436.5 433.2 430.2
391.2 391 390.1 388.1 380.2 384.7 387.5 390 390.3 391.8 393.9 396.3 399.2 402.1 408.3 412.5 417.3 421 423.7 425.4 425 424.3 424.2 426.4 429.8 431.2 429.9 426.7 423.1 418.3 414.8 417.3 422.4 431.4 444.2 458.7 470.3 477.2 483.5 489.6 483.1 474.8 469.4 462.2 449.6 440 433.2 426.9 420.1 410.8 404.4 398.2 391.8 388.9 388.1 388.7 390.5 394 404.6 417.1 418.1 414.5 416 421.2 425 435 443.6 448.6 448.9 453.5 459.5 461 457.1 451.1 446 441.7 437.1 434.7
389.1 383.8 382.7 383.2 377.2 379.4 383.7 385.7 384.3 385.4 389.7 389.9 400.5 403.8 407.9 411.6 418.1 424.8 429.1 431.9 431.2 430.3 430.5 431.9 432.8 432.5 430.9 428.6 423.3 419.6 418.9 422 426.6 434.3 445.4 458.4 467.8 475.4 478.1 480.4 475.2 467.2 460.3 455.2 443.2 434.8 431.4 423.4 416.4 410.3 405.5 399.1 393.5 390.1 388.4 388.8 389.3 393.6 401.3 411.2 412.9 413.8 415.5 419.8 425.2 431.9 438.7 444.3 449 455.5 459.4 458.4 459.1 454.5 451.7 450.2 442.6 439.1
386.2 381.4 379.3 376.4 372.7 375 379.6 380.2 379.7 380.6 390.9 394.7 401 403.4 407.6 411.8 421 429 435.2 439.1 439.2 437 436.8 436.7 436.3 435.3 432.6 429.1 424.7 421.2 421 426.9 431.3 438.7 447.6 456.9 465.6 471.6 473.9 470.4 465.5 458.4 451.8 447 438 431.5 427.4 420 413.8 409.6 405.5 400.9 395.8 390.6 389.3 388.9 390 395.5 401.2 410.5 409.2 410.9 412.7 417.9 423.2 431.4 434 444.9 450 451 453.6 454.5 459.7 459.7 456 451.9 447.3 443.7
380 378.7 374.9 372.6 369 372.1 374.8 376.9 379.7 381.4 390.1 394.4 398.2 401.6 407.7 412.8 423.5 434.1 441.1 445.3 447 444 444 443.1 441.5 438.6 435.3 431.5 429 427.2 429 431.5 436.4 443.4 449.1 455.9 461.5 466.7 466.7 460.8 455.5 449.3 443.9 439.2 434.4 428.5 423.2 418.1 412.7 408.7 404.9 399.8 400.8 395 389.7 389 391.7 399 400.3 407.6 408.3 410.4 409.7 414.2 418.7 427.9 432.7 440.3 445.7 448.3 450 451.9 459.2 461.7 458.6 454.1 450.2 447.2
374.7 373.6 371 368.7 366.5 370.1 371.4 370.7 377.2 382.9 389.3 393 396.9 401.5 408.3 414.4 425.9 438.1 445.4 451.7 454.6 452 451.9 450.3 448 443.3 437.9 434.8 432.1 431.2 433.7 436.4 441.7 449.6 450.4 454.7 458.2 460.6 458.5 454.1 449.1 442.6 438 434.3 431 425.5 420.4 415.3 410.5 408.6 408.2 406.2 404.9 398.8 391.9 389.7 390.5 398.1 400.2 404 404.2 406.1 408.2 411.1 415 422.5 429.5 436.5 440.8 443.1 446.4 451.8 459.3 459 459.2 456.3 453.8 452.8
369.9 370 368.8 365 366.1 370 369.6 370.5 376.9 383.8 390.1 393.2 396.2 402.1 409.9 416.6 427.4 439.3 448.7 457.1 462.1 461.1 460.5 461 455.1 449.2 442.6 438 435.4 434 436.8 439.6 442 448.6 450.3 452.3 454.3 455.9 453.4 447.9 442.9 438 434.4 430.3 426.7 422.5 418.5 414.3 409.1 409.4 412.4 411.9 410.8 403.5 396.6 391.8 390.2 396.3 399.1 399.6 402 404.5 406.4 409.5 413 420.6 425.9 432.3 436.5 439.1 442.4 448.3 454.7 459.5 459.4 458.7 458.7 459.6
366.2 365.7 365.5 361.1 361.1 365.8 370.2 373.9 380.3 385 391 394 397.1 403.9 411.7 418.5 428.2 438.6 450.9 459.2 464.2 463.1 462.6 463.2 461.2 455.9 448.8 440.5 438.2 437.7 438.5 439.7 441 444.8 448.5 451.2 451.6 452.3 450.6 444.9 439.3 434.1 430.5 426.9 422.6 419.7 418.7 415.7 411.9 412.5 415.2 416.4 413.8 407.2 399.2 394.9 392.2 393.6 396.1 398.3 401.4 403 404.7 407.5 411 416.9 422.4 428.3 431.2 435.9 441.1 448.1 450.2 457.1 459.3 460.3 462.3 466.1
362.9 361.7 359 357.6 361.1 369.9 374.5 377.9 383.1 387.7 392.1 396 399.8 406.3 412.2 420.8 429.7 437.6 450.2 461.1 462.9 463.9 464.3 463.8 462.5 458.8 453.5 444.7 438.2 436.4 437.2 437.5 439.2 441.8 447.3 451.5 454.2 452.6 448.3 442.2 437.8 432.6 429 427.5 423 421.5 420.6 418.5 416.6 416.3 419.6 420.1 415.8 411.2 402.5 398.1 395.3 395.9 395.9 397.3 399.2 400.8 403.3 406.7 410.4 416 419.1 424.9 430.5 437.8 445.1 449.9 451.7 455.1 460 461.5 465.2 470.4
359.6 356.2 353.4 360.7 369.2 375.7 379.6 383 386.5 391.3 395.5 399.1 404.6 410.2 414.5 423 430.7 436.1 446.2 455.7 461.3 462 462.7 462.8 463 461.5 456.4 445.8 438.7 434.7 433.5 434.8 437.7 441 444.3 450.7 453.1 452.6 448.8 440.8 437.3 434.2 430.7 428.7 426.8 426.2 425.3 421.5 420.9 419.8 420.7 421.3 419.6 413.9 405.8 400.6 398.7 398.3 398.2 398.8 401.2 402.4 402.7 406.8 411 419.9 425.7 431 432.9 441 449.5 459.3 458.5 459.6 462.1 464.9 469.6 474
351.9 352.8 360.1 368.5 376.2 380.7 384.8 388.9 392 395.6 399.9 404.7 409.8 413.3 417 423.3 430.9 434 439.9 448.6 454.4 458.4 460.2 460.2 460.7 458.5 455.4 445.8 438.5 432.5 430.2 431.7 435.2 438.9 443.3 448.7 452.6 451.6 447.1 441.1 437.5 435.3 432.6 431.3 431.7 432.3 430 427 425.1 423.5 423.4 422.4 419 414.4 409.5 405.2 401.7 401.8 401.2 400.9 402.8 404.7 406.4 407.4 413.8 421.9 430.1 435.3 437.1 443.1 449.7 460.3 461.3 463.2 467.2 471.7 478.8 480.1
360.3 362.6 368.2 374.6 380.5 385.2 389.6 393.9 398.3 402.1 405.5 410 413.2 416.6 420.6 424.2 430.9 434.6 437.5 440 447.1 450.2 451.8 451.7 453.1 451.8 449.9 443.9 436.5 431.2 428.4 430 433.7 437.6 443.9 449.6 452.9 450.9 449.1 443.1 439 436.3 435.6 435.8 437.9 439.8 438.1 433.9 432 427.5 423.2 420.2 418.6 414.3 411.1 409.2 407 406.3 403.8 403.5 405.2 407.1 409 411.1 416.3 423.4 430.5 439.8 441.8 447.3 455 462.6 467.7 473.1 480.5 483.2 487.7 490
364.6 369.1 375.3 380.7 384 388.9 394 398.3 403.9 408.4 411.2 411.3 412.8 417.1 421.4 425.7 430.4 435 439.9 441.1 439.4 441.5 442.5 445.2 445.6 443.8 444 441.2 434.2 427.3 422.7 426.5 431.6 437.3 445.4 450.4 453.4 452.3 450.5 447.1 441.4 439.5 438.5 442.1 449.6 450.3 450.1 443.5 437 429.9 423.8 417.9 414.3 412.2 409.3 410.7 412.6 409.4 407.2 407.1 407.7 409.7 411.6 413.6 417.1 423.9 430.5 437.1 445.4 452.7 459.8 467.6 475 484.2 488.5 492.5 495 498
364.6 370.3 381 384.3 387.7 391.6 397.9 402.5 407.8 411.2 411.2 411.3 411.3 414.7 419.4 425 430.5 434.2 439.8 441.1 439.2 436.5 435.3 439.8 440.1 437.8 437 436.6 430.3 423.5 419.2 420.4 428.6 434.8 443.5 451.5 455.6 457.1 454 447.9 442.7 441.3 442.9 448.7 455.5 454.9 453.7 448.2 439.6 431.1 423.7 416.2 407 409.8 413.7 416.5 419.3 416.5 413.9 412.2 412.8 413.8 415.8 415.8 418.1 421.7 430.2 437.6 452.8 461.3 466.9 474.5 483.1 491 495.8 498.7 497.4 495
361.5 371.6 379.9 384.1 389.9 394.3 397.7 401.5 407.1 411.2 411.2 409.7 410.3 413.3 418.6 423.8 428.2 433.7 439.8 439.5 437.2 432 429.1 434.5 436.4 432.7 429.8 429.3 425.3 420.6 417.9 420.1 425.2 433.1 442.2 451 456.9 459.7 455.6 448.7 443.9 444.6 448.2 449.3 451.4 451.8 449.9 445 437.6 428.1 422.1 409 396.4 412.2 419.9 423.7 425.8 425.4 421.6 418.9 417.6 419.5 419.5 418.3 418.3 419 426.7 437.7 454.8 463.9 472.3 479 489.4 494.8 497 494.1 487.8 482.1
356.4 365.8 374.5 379.3 384.4 390.5 393.8 398.9 405.1 408.4 408.4 406.6 406.8 410.4 416.6 422.3 426.9 433.8 439.6 441.1 435.7 429.9 426.5 429.1 428.8 427.3 423.6 422.2 419.9 415.8 414.7 418.5 423.9 435 444.4 451.9 458.7 461.6 458.7 454.3 448.6 448.6 450.3 447.2 446.7 441.2 438.9 433 426.3 419.6 414.5 400.1 392.3 419.1 427.5 432.4 434.8 434.1 431.1 426.8 423.8 422.6 419.8 418.1 418.4 418.9 428.7 441.4 454.6 465 472.9 476.5 483.7 487.4 490.1 484.5 478.7 463.6
349.4 359.4 366.8 373.3 378.5 383.1 387.9 393.5 397.8 402.8 402.9 400.5 404.3 408 412.6 418.7 424.2 429.8 433.9 436.8 434.1 427.7 422.8 420.1 421.7 420.3 418.1 415.7 415 413.1 410.4 416.8 424.9 437.5 447.1 454.6 460.7 465.2 466.9 464.8 459.2 453.1 450.9 444.6 432.5 423.3 416.5 406.6 396 383 370.6 363 378.8 416.1 433.8 443.1 446.6 444.8 440 435.4 431.1 428.1 423.2 418.8 418.7 419 431.7 441.3 450.6 457 465.5 468.6 474.2 475.4 479.7 479.1 470.2 458.7
343 351.6 358.5 364.9 369.5 375.4 381.5 385 389.8 396.3 398.6 397 400.4 404.6 407.8 413.8 419.4 424.7 428 430.9 431.2 426.3 420 416.6 415.4 415.4 413.2 410.7 409.7 409.5 410.3 415.7 425.9 437.5 448.3 458 464.9 469.3 474.8 472.4 467.8 456.9 447.5 435.6 412.5 398.5 384.8 375.8 355.2 333.6 325 337.1 369.4 407.9 436.5 450.9 456.1 454.5 447.5 441.7 438.5 434 429.4 419.2 419.4 422.6 428.4 437.7 450.2 449.1 454.8 456.2 461.5 466.4 468.4 470.3 460.8 450.6
333.6 340.6 344 352.1 357.5 363.6 369.4 374.7 380.4 385.9 388.9 392.5 394.6 397.5 403.4 406.9 412.8 417.9 421.2 423.2 425.3 421.8 416.2 411.1 410 410.5 409.2 406.6 403.5 405.1 409.8 415.9 428.2 439.7 448.4 457.8 466 471.3 474.7 474.4 468.7 453.5 431.3 410.8 390.5 366.7 348.8 340.6 329.3 303.9 293.6 317.4 353.1 385.2 418.5 451.7 460.9 461.8 454.5 449.2 445.8 438.1 431 412.7 410.7 415.2 425.6 431 443.2 444.6 443.1 445.2 452.5 460.8 456.8 452.2 443.4 432.3
318.6 321.5 322.4 337.4 345.4 352.2 358.4 365.1 370.9 377.1 381.9 385.9 388.7 389.9 395.7 401.6 405.5 410 414.5 416.6 417.4 415.7 411.9 407.3 404.9 405.1 405.1 402.4 400.3 400.8 407.5 413.5 428.1 441.6 450.1 457.6 464 467.4 469.1 463.8 450.4 427.6 405 386.1 365.1 337.9 319 307.6 297.9 275.7 280.2 306 343.5 382.2 411.5 444.1 460.3 464 458.1 451.3 448.3 435.7 424.1 391.2 371.3 393.3 419.3 424.3 436.6 436.1 434.2 435.2 442.8 447 444.1 436.8 429.3 423.6
332.2 332.6 331.4 325.3 330 342.4 350.7 356.9 362.5 369.2 375.6 379.3 382.8 385.9 390 395.8 401.2 404.5 407.7 409.8 410.6 409.7 405.9 403 400.2 400.5 401.2 400 399.3 400.3 405.1 411.2 426 437.6 446.7 453.5 458.2 450.9 438.8 427.4 414.5 398 378.1 356.8 339.9 316.6 294.3 281 265.1 259.2 279.5 313 350.2 383 404.4 424 443.7 453.2 450.2 446.2 443.8 428.8 409.6 367.2 348.8 376.2 406.2 411.5 423.4 421.5 422 422.4 430.2 433.1 435.1 433.1 430.8 422.2
346.5 351.3 351.3 346.4 334.8 334.7 344.7 351.1 357.1 363.8 369.2 374.9 378.4 383.8 388.1 391.6 397.3 400.8 401.6 403.5 404.3 402.6 399.1 398.2 397.4 397.7 398 398.1 398.8 400.2 403.8 407.6 419.7 430.2 438.2 445.3 448.4 424.9 405.3 393.2 382.5 368.1 351.8 334.4 315 294.9 275.3 261.7 255.7 274.7 296.9 323.5 349.4 372.4 387.1 402.2 418.9 432.9 440.6 435.8 430.8 413.3 387.7 346.4 326.3 356.6 386.1 396.3 404.8 403.5 404.3 407.6 413.7 418.8 425.1 427.9 426 415.1
355.8 359.8 361.4 359.1 350 332.9 341.3 351.1 354 360.5 365.8 370.9 376.6 381.7 386.3 390.4 396.2 398.7 399.3 398.9 399.6 398.1 397.1 396 395.2 395.4 395.5 395.9 396.9 397.8 401.1 404.5 411.7 421.4 429.8 434.2 425.4 399.4 376.7 360.3 350.3 338.3 324.2 309.3 299.9 281.2 265.8 252.7 257 282.3 301.2 319.8 339.8 355.6 370.9 383.8 395 405.2 418.5 420.4 413.2 390.7 363.4 320.9 302.5 332.8 365.2 376.8 384.6 384.4 386.4 391.5 398.1 405.1 412.6 417.9 412.2 401.5
