webserver/python/data/NT08.asc
ncols 200
nrows 200
xllcorner 300000
yllcorner 680000
cellsize 50
[rows 0 to 38 of 200, columns 87 to 173 of 200]
143.3 151.2 155.1 154.2 149.1 151.1 151.7 152.5 152.6 151.6 150.4 146.4 137.9 136.4 139.4 143.5 150.2 150.9 150.1 147.6 145 143.1 142.5 142.2 141.7 140.5 139.4 138.4 136.4 131 128.6 129.5 132 137.1 138.6 140.6 140.2 139.6 139 138.2 138.7 141 144.9 147.5 149.1 150.6 148.9 150 153.7 156 155.4 153.7 153 153.6 153.4 154.6 153.2 152.4 149.8 149.3 149.6 152.3 152.5 152.6 152.2 148.8 149.3 149.5 150.5 150.1 149.4 148 147.6 148.9 150.3 150.5 148.8 151.3 148.8 150.8 151.9 153.8 154.5 154.8 155.2 155.3 154.4
140.9 145.5 145.5 143.3 143.5 143.9 147.1 149 150 146.3 145.8 139.9 134.7 138.3 141.8 146.8 154.2 154.6 154.1 149.5 147.5 145.2 143.6 144.2 143.2 142.2 140.8 140.3 136 128.7 132.8 135.9 138.3 140.6 142.4 143.1 142.6 142.3 141.5 141 140.5 143.9 148.1 151.3 152.5 153.1 152 150.6 152.1 154.1 153.8 152.3 150.6 150.8 150.2 150.1 146.3 146.3 146.4 146.2 149.6 144.8 144.4 144.1 144.4 139.7 139.1 132.3 140.4 145.1 144.4 144.3 144.6 144.9 145.3 146.7 148.2 147.3 148.9 149.9 149.7 150.6 150.8 151.2 151.5 151.4 152.6
128.8 131.6 133.9 133 135.4 139.9 143.1 145.1 144.4 141.3 140.6 136.6 135.4 139.7 145.9 154.9 162.7 162.9 157.2 153.8 151.5 149.5 147.1 146.6 145.9 145.9 145.3 144 134 131.6 139.6 142.2 144.7 145.2 145.8 146 145.5 145.3 145.3 144.8 145.9 148.7 151.5 153.5 154.1 153.2 151.9 149.6 147.2 148.5 148.5 147.5 148 147.4 146.2 145.9 145 143.5 142.3 141 140.3 141.2 140.9 140.3 137.8 136.7 134.8 131.9 138.1 141.7 142 142 142.5 142.8 143.3 144.4 146.2 147.1 148.8 148.7 149.3 149.1 149.3 149.5 149.2 150.1 151.9
125.6 125.7 126 128.6 131.7 135.7 138.3 139.5 138.8 136.6 134.8 133.8 138.6 145.9 149.2 156.1 164 159.1 155.3 152.9 151.2 150.5 149.5 149.2 149.4 148.9 148.1 147.2 135.6 126.4 139 147.8 148.4 149 149.8 150.1 149.8 149.3 149.9 149.7 151.3 152.6 154.2 154.1 152.9 151.6 150 149.2 146.7 144.5 143.9 145 144.3 144.9 144 143.7 142.2 140 139 138.2 139.2 139.6 139.3 138.8 138.6 138.7 138.9 139.5 140.1 140.3 140.1 141.2 142 142.8 143.5 144.4 146.5 151.8 149.3 149.9 150.6 151.5 152.7 152.9 152.4 151.5 152.8
127.5 125.7 125.6 126.2 128.7 130.4 131.7 132.5 132.5 132.1 132.5 135.4 140.1 146.4 150.8 158.7 158.2 155.4 152.3 150.3 148.8 148.4 148.1 147.9 147.9 147 146.1 144.9 128.2 128.4 140.6 147.9 148.1 149.3 150.6 151.8 152.2 152.2 152.1 151.8 151.4 151.6 152 151.7 150.9 149.7 148 147 146 144 142 141.6 140.5 141.7 140.9 142.5 139.7 137.7 137.3 137.5 138.6 139.3 139.1 139.5 139.3 138.8 140.3 140.4 141 140.6 140.6 141.6 142.8 143.7 144.4 145.1 147.8 155.8 150.5 151.7 153.1 154.7 155.9 156.6 156.9 155.6 155.2
125.5 125.4 125.5 125.4 125.8 127.3 127.6 127.8 127 127.2 129.2 132.9 141.1 147.2 153 156.2 154.8 150.1 148.2 146.3 145.4 146 145.7 145.6 146.1 144.6 144.1 140.7 127.8 136 144.8 146.3 147 147.9 148.7 149.6 150.3 150.5 150.7 151.1 149 148.2 148.4 148.2 148.4 147.7 145.6 143.5 142.5 141.4 140.4 138.4 140.5 138.2 138.2 139.4 138.1 136.6 139.6 143.1 137.8 139.5 139.8 140.2 140 139.1 142.7 141.3 141.4 141.3 140.8 142.7 143.2 144.2 144.6 146.2 148.6 151.6 151.2 151.8 153 154.5 155.9 157.3 156.9 156.1 157.3
124.2 124.9 126.4 126.9 127.2 127.8 127.2 124.7 121.6 122.8 126.5 129.9 142.1 145.2 149.6 151.5 148.7 145.5 142.8 140.9 141.5 141.9 141.7 141.9 141.3 141 141.2 141.5 126.2 136.5 142.8 143.4 144.7 146.1 146.3 147 148.2 148.5 148.7 147.2 146.2 145.6 145.5 145 144.6 144.8 142.9 140.6 140.1 139.6 137.9 136.9 139.2 136.3 136.4 136.7 137.2 137.6 139.7 142 136.8 139.6 140.8 140.6 140.1 141.1 142.2 145.3 143.2 142.6 142.5 143.3 143.6 144.4 144.8 146 148.5 150.7 151.6 152 152 153.2 154.6 155.9 156.5 156.1 157.8
122.4 124.5 124.7 124.6 127.1 128.3 128.7 126.6 123.3 120.4 124 130.4 138.7 141.3 144.9 144 141.5 139.3 137.7 136.8 137.1 137.4 137.5 136.8 136.4 137.1 137.9 137.8 127 135.2 138.5 140.1 142.3 143.8 144 144.5 145.3 144.8 145.3 144.4 144 143.8 143.1 142.4 141.9 141.3 140.5 139.7 139.4 138.1 136.8 135.9 135.2 134.8 135.4 136.4 136.4 137.6 138.2 137.6 137.4 139.2 139 140.6 140.6 141.1 141.6 142.2 142.8 145.3 146.6 147 146 145.1 146.6 148.1 147.6 147.4 148.1 148.1 148.3 150.1 151.4 153.1 154.4 154.6 153.8
119.7 121.4 122.3 122.3 123.4 125.2 125.6 124.6 120.9 117.8 125.3 126.4 132.8 134.9 136.1 135.5 133.8 131.7 130.2 130.9 132.4 132.3 133.1 133.2 133.4 134.1 134.8 128.2 128.4 133.4 136.8 139.1 140.5 142.3 143.9 144 144.4 146.3 146.8 147.8 147 145.4 145.4 144.9 144.3 143.8 143.5 142.9 141.6 140.1 139.2 137.7 136.8 135.8 136.5 136 134.8 135 134.4 133.9 133.2 135.2 135.4 136.2 136.3 137.2 138.1 138.3 138.7 140.5 142.8 143.6 144.1 144.4 144.4 144.3 143.6 143.4 143.9 144.2 145.2 146.7 147.6 149.1 148.9 149 149.1
117.9 119.7 120.2 120.3 119.9 120.4 120.9 120 116.5 116.7 131 127.6 125 126.6 125.1 125.3 124.7 123.8 124.1 126.3 128.2 128.2 128.8 128.6 125.9 127.9 126.8 128.2 130.3 134 137.2 139 139.2 143.3 144.6 146.9 150.4 152.3 151.3 151.7 150.8 148.8 147.9 147.6 146.4 145.2 145.8 145.3 143.8 142.8 142 142 141.1 140.1 139.2 138.1 137 136.1 135.2 132.4 129.7 131.5 135.4 133.6 132.4 133.6 133.6 134.5 134.8 136.7 139 139.9 140.6 140 139.7 139.5 139.1 139.2 139.8 140.8 141.8 143.6 144.6 144.7 144.5 144.3 144.2
114.3 118.9 119.9 120.4 120.1 118.7 117.6 114.6 113 116.5 120.8 120.1 119.5 120.7 120.9 122.8 122.5 123.1 123 124.2 125.3 124.9 123.1 122.3 125.3 128.6 129.5 130.3 133.2 136.8 138.7 140.3 141.6 145.4 147 150.7 155.6 157.2 156 155.3 154.4 151.5 149 148.3 147.1 145.7 145.1 145.6 144.5 142.3 139.4 139.1 139 139.1 138.6 137.2 136.4 135.5 133.4 130.3 129.5 131.4 133.2 133.3 131.9 129.9 131.2 132.5 133.1 134.5 135.2 136.2 137.3 137.8 137.4 137.4 137.2 136.1 136.2 139.2 139.5 140.7 142.2 142.2 142 142 142.5
109.2 113.6 113.4 113.7 116.2 116.1 116.1 114 109.7 113.9 116.9 117 116.9 116.9 117.9 118.2 118.5 120.5 121.1 122.4 123.6 120.9 121.8 127.7 130.2 131.1 131.2 133.2 135.6 138.4 140.5 142.6 145.7 149.3 151.9 154.8 159.2 160.5 159.9 158.7 156.1 152.7 149.9 149 147.8 146.1 144.2 144.8 143.1 141 138.4 136.6 136.5 136.2 135.6 134 132.8 132.6 131.7 128.6 133.4 134 133.4 133 131.1 129 129.6 130.5 131.7 133.3 133.4 134.6 136.2 136.6 136.4 136.1 135.5 134.2 134.2 136.4 137.6 138.6 139.5 139.6 139.6 139.4 139.9
106.6 109.4 109.8 109.5 111.1 111.4 112.1 111.6 107.7 112.2 112.4 113.3 115.3 116 116.2 116.4 116.4 118 119.2 120.5 117.8 116.7 125.1 128.1 129.7 131.6 132.2 136.6 138.8 141.7 144.4 146.5 150.1 153.5 156.1 156.9 158.7 158.1 157.1 156.6 155.4 153.3 150.6 149.6 148.5 146.5 144.8 143.3 141.6 139.8 137.8 136.1 135.2 134.7 134.2 131.9 131 131.1 131.3 128.1 127.5 128.9 130.1 131 130.2 128.5 129.1 130.1 130.3 131.8 130.9 132.6 134.1 135.5 136.2 135.3 134.7 134.7 134.3 134.1 134.7 135.5 136.4 136.5 136.5 137.1 139.1
104.7 106.9 107.5 107.8 108.4 109 109.1 108.2 106 108.8 110.4 112.3 115.9 116.1 114.7 114.3 114.6 116.9 117.9 118 112.6 120.9 124.3 126.9 128.8 130.1 132.4 137.6 141.4 144.5 147.8 151.6 152.8 154.1 154.7 155.6 155.5 154.9 154.4 153.7 152.3 151.6 150.3 149.8 147.7 146.3 145.2 143.1 141.2 139.6 137.3 134.9 134.5 134.1 133.3 131.5 130.8 130.2 131 128.1 124.8 122.3 125.1 127.9 127.6 126.9 128.3 129.4 130.7 132 131.5 130.7 131.7 133.2 134.3 133.5 132.8 132.4 132.4 132 131.6 132.5 133.4 133.4 133.5 132.2 134.6
105.3 106 105.8 105.9 106.3 106.6 106.5 106 104.8 105.2 107.1 108.6 111.4 112.2 112.9 113.5 113.9 115 115.5 112 115.5 121.3 123.3 125.9 127.7 129.2 133.2 138.3 143.1 145.1 145.6 146 146.9 148.7 149.4 150.9 152 152.7 153 151.9 150.9 149.8 148.3 147.7 145.9 144.8 143.5 141.1 139.8 139.3 137.2 135.8 135.5 134.6 133.3 131.7 130.2 129 128.5 127.4 125.8 122 122.6 125.7 124.9 125.2 127.1 128.2 129.6 130.9 130.4 129.6 130 130.9 131.6 131.3 130.7 130.6 131.4 130.3 129.9 129.6 130.5 129.8 130.6 133.1 135
107.9 106.5 105.6 105.2 105.2 105.5 105.6 104.3 103.9 104 105.1 106.5 108.6 109.5 110.9 111.2 111.9 112.1 111 110.5 117.1 118.6 120.5 123.4 125.7 127.9 132.4 135.8 139.6 141.5 140.7 141.7 143.1 144.2 145.2 146.4 147.6 149.3 150.5 151.3 151.2 150.8 147.9 145.9 144.7 143.3 141.8 139.1 137.9 137.6 136.7 135.5 134.7 134.5 133.3 132 129.9 128.1 126.8 126 125.6 122.7 119.6 120.3 120.7 123.1 125.3 126.3 127.5 129.5 129.3 128.5 128.6 129.9 130.9 129.8 131.1 131.1 131.2 129.9 128.8 128.7 128.9 130.1 131.8 131 129.8
103.3 105 104.5 102.9 103.4 104.7 105.1 102.3 103 103.6 104.1 104.4 105.6 106.9 108.5 108.9 108.4 108.4 108.5 111.1 114.7 116.4 118.4 120.7 123 126 128.7 131 136.4 137.4 137.5 139 140.3 140.6 141.2 142.5 143.1 144.9 146.8 147.1 145.2 143.8 143.2 142.5 142.6 141.6 140.1 137.3 136 135.3 134.2 132.9 131.8 130.5 130.1 129.3 128.1 126 125.1 124.8 124.4 124.7 121.1 119.1 117.3 119.6 122.7 124.9 125.3 127 126.1 127.4 127.1 129.6 129.9 130.1 131.8 130.6 131.4 130.5 132.4 131.3 131.1 132.1 133.5 132.3 130.5
98.5 101.3 101.1 99.6 100.2 100.7 100.6 101.1 101.6 102.2 102.6 103.5 104.1 105 106.2 106.6 107.3 106.8 108.1 110.2 111.8 113.9 115.5 117.6 119.7 122.1 126.2 129.7 132.3 133.2 134.9 136.2 137.4 137.4 137.3 138.7 138.7 139.4 140.9 141 139.8 138.8 138.3 138.4 137.5 138.2 137.4 135.1 134 133.3 131.8 130.4 128.9 127.3 126.4 125.3 126.2 125.9 123.9 123 122.8 123.1 121.7 118 114 115.5 119.7 122.2 123 123.8 123.8 125 127.2 129.6 129.9 131.4 133.9 135.6 136 136.5 136.9 135.2 135 134.4 135.3 134.9 131.8
105.2 106.9 107.4 108.7 109.1 108.8 108.5 107.3 106.1 105.8 105.4 105.5 105.3 105.3 105.8 106.4 107.2 107 107.5 108 109.3 110.9 112.4 114.5 116.6 118.8 122.8 125.6 127.6 129.5 132.1 133.4 134.2 134.2 134.2 134.4 134.3 134.5 134.6 134.6 134.4 134 134.3 134.6 134.2 134.2 133.8 132.6 132.2 131.4 129.4 127.7 126.6 126.2 124.4 125.4 126.7 124.2 123.5 122.5 122.1 121.3 119.7 116 115.3 119.8 120.1 119.3 120.8 122.1 123.1 124.2 127.6 130.9 133.9 133.4 135.8 137.4 138.4 139.5 140.2 139.2 137.3 135.5 134.1 133.6 132.4
106 108.2 110.9 112.6 114 113.9 113.6 113.2 112.9 112.4 111.8 111.3 110.9 110.4 110.1 110.1 110.1 110.2 110.9 111 110.5 111.4 112.5 113.2 113.4 116.1 119.8 121.7 124.4 126.9 128.6 130.5 131 131 130.6 130 129.2 129.7 128.7 128.3 129 129.4 129.8 130.2 130.7 130.8 131.8 131.5 131.8 131.7 131.4 130.4 130.3 130.2 130.5 131.3 130.1 128.2 125.9 124.3 121.1 120.2 119.3 118.3 118.2 121.2 120.2 118.5 120.1 121.2 122.1 123.1 124.9 126.4 128.9 129.8 129.6 131.1 133 133.3 135 135.1 134.7 132.7 130.6 129.1 129.2
103 104.5 105.3 107.3 110.1 110.5 109.8 109.3 108.9 108.6 108.5 108.6 110.6 109.6 108.1 110.7 112.4 112.1 112.1 112.2 112.1 113.8 116 117.3 116.8 117.2 118.1 118.4 120.3 121.9 124.1 126.5 127.8 127.6 126.9 125.4 124.9 125.3 124.3 123.2 123.6 124.6 125.2 125.9 126.4 128.4 129.9 130.8 131.8 132.7 133.1 133.3 134 134.9 135.2 135.1 133.8 131.9 129.6 127.7 125.6 122.5 121.3 120.2 119.3 120.6 117.6 121.5 120.3 120.5 120.6 121.2 122 125.2 126.4 127.1 128.1 128.9 129.6 129.1 130.8 131 130.8 130.8 130.8 129.9 127.7
104 104.7 104.1 104.1 105.6 104 104.5 105.1 104.6 104.4 104.3 104.2 105.7 105.5 104.9 106.6 108.1 107.5 107.5 109.1 110.4 112 113.2 115.1 116.1 116.6 115.7 116.4 117 118.1 118.6 120.8 123.1 123.4 122.9 121.6 120.3 119.5 120.1 119.7 120.3 122.7 123.3 123.8 124.8 126.6 127.3 128 129.3 130.8 131.2 131.9 132.8 134.1 133.8 133 132.3 130.9 128.6 127.1 125.1 120.5 119.7 119.4 117.8 119.6 118.6 120.4 120 119.3 119.8 120.6 121.5 123.7 125.4 126.2 128.2 129.7 131.1 129.2 130.1 130.7 130.6 130.8 131 129.7 127.7
107.5 108.5 108.4 107.8 107.3 106.1 104.3 103.2 102.6 101.3 100.5 100 99.8 99.8 101.5 99.2 100.4 100.8 101.1 104.7 106.5 108.4 109.3 110.3 111.6 112.3 112.3 112.9 115.2 115.2 115.6 116.5 117.7 118.5 118.8 118.8 117.9 117.8 117.9 117.9 118.3 120.7 120.9 121.3 122.1 124.2 124.4 125.6 127.2 128.1 127.7 128.7 129.3 129.1 129.1 128.5 129 128.4 127.2 126 124.3 121 118.4 118.2 117.2 116.1 115.2 117.4 119.1 118.5 118.1 118.8 119.5 121.5 124.4 126 128.1 131 132.3 133.1 132.5 131.6 130.6 130.8 130.9 129.9 128
112 112 111.3 110.4 110.7 109.7 108.1 107.9 107.2 105.7 103.8 103.8 103.9 103.9 104.5 103.8 103.7 103.2 100.5 98.1 103.7 106.9 107.5 108.7 110.8 113.4 115.5 116.3 117.1 116.8 117.8 118.8 118.8 119.2 119.5 119.8 119.6 119.3 118.9 118.1 117.2 117.8 117.8 118.3 119.3 122 122.9 123.7 125.1 125.2 124.6 125.2 126.3 125.5 125.3 125 126 126.1 124.5 123 121.2 117.8 116.5 115.6 116 115.5 115.1 115.3 116.7 116.6 116.3 116.7 117.7 119.5 123.4 126.4 128.8 131.9 133.7 135.3 134.5 133.5 132.1 130.6 129 129 128.2
115.9 115.7 115 113.7 112.8 111.2 110 110.3 107.6 106.2 105.5 105.5 106.2 105.7 105.9 107.1 107.1 106.2 106.3 99.5 103.6 107.8 108.9 110.2 111.6 113.5 116.3 117.4 117.9 116.1 118.3 120.1 120.5 119.9 121 121.8 122.4 122.7 122.3 121.7 121 121.7 120.6 121.7 120.7 121.1 123.3 123.7 124.2 124.9 124.6 124.3 124.4 123.9 123.6 124.1 124.6 124.9 123 121.4 118.9 118.1 118 115.3 114.3 114.6 114 113.8 114.2 114.2 113.8 115.5 115.9 116.4 121.2 125.3 128.7 132.1 134.2 135.5 135.5 134.6 133.3 131.8 130.6 129.6 129
121.1 121.7 121.1 119.5 117.2 115.5 114.6 116 113.4 110.5 109.2 110 109.2 107.1 107.5 107.9 109 108.1 107.1 101.5 98 103.9 106 105.8 108.1 111.1 110.8 111.5 112.7 112.3 114.1 114.9 114.7 115.8 116.2 116.2 116.7 116.6 116.8 117.9 119.3 119.2 119.8 120.6 120.5 119.7 121.1 122.6 123.6 125 124.7 125 124.9 124.1 123.4 123.3 123.8 123.1 122 121.3 120.4 117.9 115.7 114.4 112.5 112.7 111.2 112 113.8 112.7 115.4 116.4 117.5 118.7 121.1 124 128.6 132.2 134.6 136.2 136.4 135 134.5 133.1 132.3 132.4 130.9
128.5 128.5 127.1 125.4 123.8 123.8 122.7 121.1 119.8 117.1 114.2 113.3 111.2 109 108.7 108.1 108.1 107.8 107.8 104.7 99.6 95.6 98.9 100.7 104.7 107 107.4 107.3 108.2 109 109.7 111.5 112 111.6 111.4 110.7 110.9 110.2 110.6 112.8 112.8 113.1 113.8 114.8 115.4 114.4 114.1 115.5 116.7 117.8 119.1 119.7 120.8 123.6 123.6 125.9 123.2 122.6 121.8 120.7 118.6 116.4 115.9 114.6 112.3 111.1 110.6 110.5 111.1 114.3 116.8 117.9 119.4 120.9 123.1 125.1 129.1 131.8 134.1 137 137.4 135.4 134.5 134.3 133.7 134.3 133.8
131 131.3 129.7 127.7 124.9 121.1 120.1 118.3 116.4 115.6 114.1 112.3 112.2 111 109.3 106.7 105.9 105.9 104.3 104.6 103.8 101.5 97 96.3 100.4 102.4 103.3 103.5 103.2 104.9 106.9 108.9 110.6 111.1 109.8 110.3 109 107.7 107.9 109.6 110.1 110.9 111.7 111.7 112.2 111.6 111.8 111.3 111 111.5 112.6 115.1 116.8 120.2 123.1 123.4 122.8 121.1 120.6 120.2 117.5 116.8 115.4 113.4 112 110.9 110.5 105.9 110.3 113 116 117.3 119.4 121.4 123.9 127.4 131.2 134.4 135.7 137.1 136.9 135.9 134.5 134.9 135.2 134.8 133.8
119.1 119.9 121.6 122.1 120.2 118.3 116.3 115.1 113.7 112.7 111.8 111 110.2 109.3 108.2 106.5 106.1 105.2 104.4 103.6 104.1 104.2 103.4 97.5 93.7 96 97.6 97.5 92.7 96.8 101.6 104.6 104 105 106.2 107.5 106.3 105 106.7 108.5 110.2 111.3 112.1 113.1 112.8 112 111.6 111.2 111.2 111.9 111.2 111.7 113.1 115.6 118.6 120.6 121 118.7 119 117.5 116.6 115 113 111.6 110.9 110.5 110.5 106.5 105.2 109.4 112.3 114.6 117 119.8 122.7 126 130.4 132.7 134 135.7 137.3 136.1 135.4 135.9 135.3 136.3 137.2
112.4 111.9 113.4 115.5 114.9 113.2 111.7 109.5 109 108.6 108.4 105.7 104.6 104.5 103.8 103.9 102.4 102 102.5 103 103.1 103.4 103.4 102.7 99.7 96 94.8 94.9 98.8 90 97.1 99.6 99.5 102.1 105.9 105.8 105.7 105.7 106.7 107.3 107.7 109.5 111.7 112.3 113.1 112.5 111.8 111.2 111.2 110.9 110.9 111.5 112.1 112.8 115.2 117.2 117.6 117.7 116.7 115.2 115 112.7 111.8 110 109.4 110.6 110.5 108.8 103.7 103.4 106.9 110.8 114.8 117 120.3 122.6 124.2 126.2 128 130.8 134.1 135 135 134.6 132.6 133.2 132.8
106.2 105.7 105.3 106.2 106.9 105.1 104 103.5 102.5 102.3 101.7 100 98.7 99.2 98.8 98.6 98.2 98.3 99.1 99.4 99.9 100.1 100.7 100.1 100.9 101.1 100.7 100.7 101.8 100.1 89.4 92 91.4 101.9 107 108.1 108 107.8 107.2 107.3 107.6 108.5 111.3 112 111.3 112.5 112.5 112.4 110.8 111.1 110.8 111.3 111.8 112.7 113.5 114.5 115.6 115.5 114.8 113 112.4 110.1 108.9 108.3 108.7 110.1 110.3 109.1 108.9 108.9 102.7 107 112.9 114.6 116.6 118.2 119.4 121.5 123.5 125.8 127.7 129.4 130.5 129.7 127.7 127.2 127.7
99.9 100.3 100.4 98.4 96 96.4 96.4 95.7 94.6 93.6 93.9 93.3 93.2 93.8 94 94.4 94.3 94.5 95.2 95.7 96.2 96 96.1 97.6 98.5 99.6 100.5 100.8 100.5 100.7 99.5 98.3 97.8 100.4 105.8 107 107.1 107.4 107.8 107.8 108.9 110.5 112.5 115.5 116.6 116.9 116.9 116.7 115.1 113.4 112.5 111.5 110.9 112.1 113.4 114.2 114.7 114.3 112.5 111.2 110.3 108 106.3 106.3 107.4 108.3 107.8 107.6 107.9 107.8 106.2 102.6 108.7 109.5 111.3 114.6 115.7 117.2 119.5 120.2 121.2 122.1 123.7 123 121.3 123.2 122.5
93.2 93.7 93.7 92.7 91.4 91.1 90.5 89.3 88.1 89.4 89.3 88.7 87.4 87.8 87.1 86.6 88.1 89.3 89.9 90.3 90.6 91.5 92.2 92.9 93.8 95.2 96.5 97 97.7 97.8 97.8 94.6 86.3 97.3 101.5 103 104.1 105.6 106.9 108.4 110.1 112.8 114.1 117.8 120 121.3 120.9 120.4 118.3 118.9 117.8 117.5 118.5 117.4 116.5 115.1 112.2 109.9 111.9 111.3 110.6 110.5 107.6 105.8 106.5 107 106.2 106.1 105.9 105 105.3 101.4 103.2 106.8 109.7 109.7 111 114 113.7 117.3 117.4 117.7 118.7 118.4 118.4 118.6 118.5
85.8 87 88.7 88.4 87.1 86.9 87.1 86.3 85.2 84.3 84.8 84.4 83.5 83.5 83.7 83.4 84.6 85.5 85.6 85.5 84.7 86.7 87.9 89 90.5 91.6 93.2 93.4 93.5 93.3 93.1 93.5 86.3 90.5 97.6 100.9 102 104 108.9 112.6 114.2 115.6 117.4 120.1 123.4 125.5 125.1 125.3 123.8 121.8 120 119.7 119.8 118.9 118.9 117.7 114.7 112.3 114 115 110.5 108.8 109.5 107.7 105.6 105.8 105.7 104.8 104.2 103.4 102.5 102.1 100.6 102.9 106.6 106.4 106.8 107.4 109.1 110.5 112.2 112.9 113.2 112.6 113.4 113.6 113.3
81 80.4 83.2 82.2 82.2 83.1 83.1 83.4 83.5 83.1 83 82.6 82.3 81.9 81.7 81.3 81.5 81.8 81.7 81.2 81.8 82.8 84.5 85.6 89.8 90.4 89.7 90.1 90.3 85.9 86.2 84.4 89.8 97.3 101.5 105 108 109.7 113.1 115.7 117.5 120.2 122.7 123.3 127.8 130.1 128.5 126.1 124.3 123.1 121.7 122.4 121.7 120.8 120.5 117 114.6 110.6 110.8 110 109.5 108.3 106.9 105.9 106.2 105.9 103.3 103.1 102.6 101.9 101.3 100.6 98.6 101 103.8 103.9 104.2 103.4 103.7 105.2 104.7 105.7 106.6 107 108 108.4 108.2
78.1 82.3 84.5 83.6 83.5 85.5 86 86.1 86 83.6 83.6 83.6 82.6 80.2 79.7 79.8 79.9 79.7 79.7 80.9 80.9 80.6 84.2 84 85.6 86.6 85.2 83.3 79 85.1 94.3 97.5 100.4 103.1 106.2 108.7 111.1 113.7 116.7 119.1 121.4 126.1 129.5 128.5 127.7 127.4 127.4 128.5 127 124.4 124 124.5 125.1 122.9 120.4 116.6 112.1 108.9 107.8 106.6 105.2 104.1 103.9 103.4 103.3 101.5 103 104.3 102.2 102.7 100.9 98.9 97.5 98.9 100.6 101.2 101.2 101 100.7 101 101 101 101.3 101.7 102.9 103.4 103.3
78.5 82.1 86.5 88.4 88.3 89.5 90.6 90.8 89.5 88.6 87 86 85.2 83.5 80.3 79.3 79.2 79.3 81.4 82.9 82.2 80.1 82.4 83.7 86.5 84.5 83.1 78.7 86.5 92.5 97.3 99.4 102.2 105.4 108.1 111 114.3 117.6 120.4 123.7 126.7 130.5 132.4 132.5 131.8 130.1 125.1 125.8 129 126.3 123.9 124.1 125.1 123.9 121.6 117.8 113 110.6 108.2 105.9 104.4 103.9 103.2 102.7 102.4 101.6 100.3 99.9 102.3 103.4 101.9 101.1 99.3 96.6 97.2 97.7 98.6 98.7 99.1 99.5 100 98.3 98 98.4 98.8 99.3 98.9
76.6 80.4 84.7 91.7 94.3 95.1 94.4 95.3 96.2 96.4 94.9 93.7 91.4 88.3 85.9 83 82.3 83.3 85.1 85.3 86.7 86.6 87.4 87.6 87.3 85 82.4 78.8 87.3 93.1 95.7 100.2 102.6 105.4 108.6 112 113.8 117.1 118.8 122.4 126.3 128.5 130.7 132 132.9 134.2 126.2 124.8 128.1 126 122.8 120.3 119.9 121.5 119.5 116.7 112.5 109.5 107 105.1 103.9 103.3 102.4 101.8 100.6 100.2 99.5 98.9 99.4 100.5 100.3 99 100.2 101.7 96.1 96.1 95.6 96.4 97.6 98.3 98.5 97.6 97.1 96.1 95.6 96.5 97.4
75.9 78.9 83.4 91.7 96.3 96.1 96.9 98.7 100.5 101.3 100.4 98.5 96.2 94.4 92.9 90.6 87.9 90.9 92.4 92.8 93.6 92.6 92.3 92.2 91.9 89.6 83 78.4 81.3 89.6 94.7 99.1 103 105.5 106.6 111.2 113 114.8 116.7 119 119.9 123.4 125.5 126.8 128.5 128.8 125.2 123.8 126.3 125.7 123.4 119.9 118.3 117.9 116.8 114.3 111.2 108.3 105.8 104 102.7 101.6 100.6 99.9 99.4 98.5 97.2 96.6 97.2 98.6 98.5 97.6 96.5 96.3 95.8 94.8 94.4 96 96.6 96.6 97 97.4 97.2 95.5 93.4 92.5 94.5
