webserver/python/data/NT11.asc
ncols 200
nrows 200
xllcorner 310000
yllcorner 610000
cellsize 50
[rows 35 to 69 of 200, columns 0 to 77 of 200]
313.4 319.5 320.1 319.8 317.4 313.1 312.1 312.1 312.1 312.1 312.1 312.1 312.1 312.1 312.1 313.1 314.8 319.4 330.6 340.4 344.2 351.3 359.9 364 366.9 360.2 356.9 354.6 351.6 349 348.5 350 353.3 357.7 362.6 369.5 373.4 375 380.4 385.6 394.3 403.4 417.8 438.2 458.4 478.9 496.8 515.6 533.4 552.4 572 592.5 614.1 635.5 642.5 640.2 632.2 626.8 621.7 615.4 610.9 608.8 606.7 605.1 593.5 558.4 533.4 517.9 503.7 494.6 483.6 474.4 468.7 456.1 444.6 437.7 436.9 430
316.4 325.7 325.3 324.1 321 318.8 315.8 314.2 312.1 312.1 312.1 312.1 312.1 312.1 312.1 312.5 316.6 331.2 345.4 356.4 360.3 365.1 374.8 381.6 385 379.4 376.8 369.4 365.9 364.4 360.2 356.3 358.4 363.1 367.7 371 379.6 383.4 385.5 389.5 401.1 407.9 423.9 436.8 467.5 488.7 510.8 529.8 546.1 566.7 587.2 606.5 625 641.1 644.9 642.3 635 630 625.7 620.9 616.9 613.5 612.8 611.6 605 578.9 549.9 536.6 525.9 517.7 502.5 493.2 485.4 473.9 462 448.5 442.7 437.2
319.9 330.3 330.3 330 327.1 325.8 323.2 319.6 312.1 312.1 312.1 312.1 312.1 312.1 312.1 312.1 327.1 343 362.1 374.3 376.8 382.8 389.1 396.3 399.8 402.1 397.7 391.7 385.6 380.8 376.9 366.6 365.6 370.3 376.7 381.7 382.5 389.2 394.3 396.5 401.4 415 429.9 447.6 472.1 501.8 522.2 540.3 559.2 581 595.6 613 629.8 642.2 645.2 643.3 637.4 632.1 628 623.7 620.9 618.2 617 616.3 615 600.7 572.9 555.3 546.9 540 528.2 522 504.3 489.6 474.2 465.6 453.8 443.6
325.2 330.1 334 335.8 336.7 334.1 330.8 325 319.9 312.3 312.1 312.1 312.1 312.1 312.1 312.1 331.4 348.2 369.5 384.9 395.7 403.3 408.9 415.2 420.2 420.9 419.2 414.8 409 404.5 396.3 385.3 378 379.4 388.2 393.1 398.8 403.2 408.8 413.9 412 420.1 438.6 458.3 483.8 509 528 546.5 564.8 584.8 597 611.1 627.8 637.6 641.4 642 639.4 634.3 630.7 627.8 624.9 623.6 622.3 624.3 624.2 620.6 603.5 578.4 570.2 565.1 554.6 543.7 528.8 507.4 492.6 478.1 457.7 445.3
328.9 329.7 336.9 343.3 347.7 347 342.6 334 327.1 318 312.1 312.1 312.1 312.1 312.1 314.9 329.1 344.2 367.6 388.9 402.7 416 425.6 430.5 435.3 437.1 439.7 439.6 433.9 427.2 418.3 407.8 395.3 390 399 405.2 413.9 421.5 425.9 434.2 435.8 434.5 445 464.8 484 513.6 532.2 548.8 566.8 583.9 595.8 608.3 622.4 634.1 640.5 641.8 641.3 638.2 635.2 632 630.2 629.6 630.6 632 631.8 629.1 624.3 612.1 600.4 590.3 580.5 564.8 550.5 534.5 506.1 482.2 463.3 451
333.2 333.9 339.2 347.7 355.5 362.2 356.7 345.3 334.9 325.3 312.1 312.1 312.1 312.1 312.1 312.1 325.7 339.2 357.7 382.4 404.3 418.9 432 440 447.8 448.5 455.6 461.2 460.7 454.8 445.9 432.5 417.9 402.5 407.4 417.8 434.4 441.6 448.5 457 463.1 463.8 463.6 470.5 488.5 504.3 529 544.6 561.6 577.7 590.7 603 618.1 629.5 637.6 641 641.7 641.3 640.4 640.8 639.2 637.6 639.2 640 637.3 636.1 634.1 628.2 617.7 606.1 595 581.4 564.5 541 510.3 488.4 468.9 456.1
336.1 337.7 339 351.1 361.3 371.4 371.1 359.6 346.7 335.3 320.3 312.1 312.1 312.1 312.1 312.1 318.7 332.2 346.2 369.1 393.7 420.7 438.7 446.6 454.2 462.4 467.1 472.4 478.7 479.4 471.6 456.7 437.4 421 420.7 436 447.7 458.8 471.1 478.5 486.7 491.8 489.4 482.2 486.7 506.2 519.7 537 552.7 568.1 582.2 597.3 611.7 624.2 632.8 640.6 643.1 644.7 646 647.4 650.1 646.7 648.3 646.8 643.4 642.3 638.9 632.2 619.7 607.4 594.4 579.8 558.5 534.5 511.8 492.1 478.3 463.6
338.1 344 350.1 356.5 367.1 375.6 388.6 378.4 359.3 344.1 330.2 316.7 312.1 312.1 312.1 312.5 314.4 325 338.1 357.4 380.9 409.9 440.5 452.4 461.5 470.3 472.6 480.6 487.6 491 485.3 471.2 453.8 436.7 436.5 448.8 458.7 471.7 486.4 498.7 510.3 518.2 515.1 507.9 496.7 497.1 508.8 527.4 541.8 557.8 574.1 590.9 606.5 621.4 632.9 640.9 644.7 648.7 650.4 654.9 661.3 657.1 656.5 652.3 649.9 648.7 643.6 632.2 618.1 604 589.5 569.3 547.8 526.3 509.4 496 481.1 463.3
342.8 349.9 356 359.5 369.1 378.4 388.6 388.9 365 351 336.8 324.8 313.7 312.1 312.2 313.1 314.3 315.9 330.5 345.9 365.4 391.4 421.4 447.5 457.9 466.9 474.6 481.9 489.8 494.3 491.3 480.8 468.6 453.8 452.4 460.3 469.6 485.8 499.7 515.3 531 539.5 539 531.6 519.3 516.6 518 519.7 532.4 546.3 567 585 600.7 615.1 628.4 637 644.1 650.8 654.4 659.3 662.2 663.5 662.9 662.7 659.4 655.1 647.9 633.5 613.9 596.5 580 560.3 540.2 524.2 510.4 497.2 482.1 467
345.8 352.8 360.2 363.1 367.4 377.9 390 384.5 370.8 357.5 345.1 335.1 322.3 314.1 312.8 313.8 314.7 315.9 320.4 334.6 351.1 375.1 399.7 426.8 441 456.4 465.6 474.5 484.3 486.7 489.8 487.8 478 470.4 470.8 473 481.6 495.6 511.8 528.6 543.6 554.1 559.4 556.9 545.3 536.8 535.5 536.6 534.8 539.9 560.3 578.4 595.3 610.4 626.9 637.2 646.1 652.7 658.6 663.3 666.7 671.5 672 669.6 666.4 662.1 655.4 637.4 616.5 594.7 574.6 554.6 536.6 520.3 508.3 498.9 484.8 469.7
345.9 353.4 363 368.1 371.7 380.7 390.6 383.8 372.5 365.4 354.9 345.4 331.8 321.7 315.1 314.9 316.4 317.6 317.7 326.1 339.7 358.2 380.1 401.1 422.1 438.9 448.7 459.6 473.3 481.4 487.2 490.6 486.4 482.8 483.9 485.8 493.4 506.6 523.7 540.1 554.8 567.8 575.1 578.1 570.8 564 559.7 554.5 551.7 553 557.9 574.8 593.2 609.7 622.7 636.5 647.8 655.2 661.9 667.2 674.5 677.9 677.8 674.9 672.3 668 661.8 645.3 619.3 595.3 574.1 552.3 533.4 516.8 507.9 498.9 485.8 470.7
348.4 355.9 364.7 371.6 378.9 383.1 389 383.1 377.3 370.9 362.7 353.2 341.1 328.6 316.1 315.8 316.9 318.1 318.3 318.6 331.4 344 362.4 380.2 401 417.1 431.6 444.7 459.8 471.2 479.8 486.7 489.2 491.7 493.5 497.7 506.6 519.7 535.1 548.8 564.7 577.7 585.3 590.9 593.3 591.1 587.6 583.7 576.8 575.8 576.9 580.8 593.9 613 625.8 637.1 649.4 657.8 665.1 671.6 679.9 680.9 680.9 679.6 675.5 671.6 666.8 652.2 625.3 599.1 575.1 553.7 534 517.3 506.8 500.8 488.9 474.5
350.2 356.5 367.2 375.2 381.9 386.5 388.8 386.3 381.6 375.9 367.9 359.8 348 335.8 323.4 317.1 317.9 318.8 319.1 319.4 325.2 338.2 352.4 368.9 384.7 401.1 418.9 431.4 446.9 459.4 472.2 481.8 490.8 496.6 500.8 510.6 519.3 533.3 545 557.2 571.3 584.2 592.1 600 606.6 611.3 610 605.9 602.3 595.4 598.8 599.3 610.8 620.9 633 641.6 652.1 661.7 667.7 673.6 678 681.2 682.6 681.1 678.8 674.2 668.7 656.8 631.2 603.2 580.7 557.5 537.1 520.7 512.6 503.3 491.6 479.5
353.4 359.2 366.1 374.1 382.7 390.3 391.1 389.3 385.6 380.5 373.3 365 356.1 344.3 331.5 318.2 318.4 319.4 320.1 320.4 320.8 332.8 345.3 357.7 375.8 394.8 412.1 427.2 439.1 455.1 468.1 481.7 494.9 501.4 509.6 521.5 535.8 547.4 555.5 564.4 576.8 588 599.2 607.7 616.2 623.4 626.9 630.1 628.6 620.9 619.2 623.2 627.3 634.6 642.6 649.4 658.4 666.4 672.5 676.3 679.4 682.1 682.6 680.8 677.8 674.3 669.6 659.7 642.5 614.2 585.3 562.2 539.6 523.4 515.2 506.9 495.1 485.8
356.2 361.8 366.9 375.7 386 391.7 393.4 393 390 385.2 381 372.7 361.8 350.1 338.3 326.2 318.8 319.8 321 321.4 321.8 327.1 338.9 354.4 370.7 391.5 410.2 429.6 441.7 453.4 465.2 479.5 494 503.6 513.5 528.9 544.5 555 562.2 568.9 579.2 590.5 603.3 612.2 622.3 629.3 635.8 641.3 643.7 640.5 636.8 641.8 646.8 650.6 654.5 660.6 666.7 672.7 675.6 678.9 680.4 681.2 680.3 677.6 674.3 670.5 666.1 657.5 644.9 624.5 596.3 567.5 543.7 528.2 517.6 510.2 498.1 489
357.3 361.8 370.8 377.2 387.6 394.1 396.1 397.4 396.2 394.1 388.7 379.5 367.3 355.3 343.6 333.3 322.7 320.2 321.4 322.4 322.9 323.6 333.3 346 363.3 385.6 405.1 429 442.2 453.1 463.2 476.5 489.2 500.5 512.4 532 548.4 559.3 567.1 573.3 581.5 593.2 605.5 615.7 625.3 634.3 641.5 646.9 652.6 656.1 654.5 657.8 662.2 664.8 666.6 671 674.8 677.8 679.7 680.5 681.1 679.5 676.7 671.9 666.5 662.2 656.1 650.7 637.6 624.1 603.8 576.1 547.5 532 521.2 512.3 503.7 491.9
361.4 368.8 372.1 379.9 391.1 397.8 400.3 403.1 404.9 404.4 404.5 388.8 377.5 362.8 349.8 340.2 329.5 320.6 321.8 323 323.8 324.4 326.2 339 355.2 375 396.7 418.6 436.9 451.1 460.9 470.6 480.7 492.9 510 532.1 548.2 560.1 569.8 577.8 587 597.8 605.8 616.9 626.9 637.8 648.4 659.4 667.4 672.8 672.8 673.6 677.5 677.5 678 678.5 679.6 681.8 682.7 681.3 677.5 674 668.7 662.8 655.9 649.5 644.3 639 630.3 621.1 605.7 580.3 550.1 534 524.6 516.3 509.1 496.9
364.6 372.1 381.2 384.4 392.7 400.7 405.2 409.9 413.6 415.3 415 409.5 393.2 372.1 357.8 345 334.6 324.3 322.2 323.4 324.3 325 325.5 331.1 345.7 362.4 383.6 410.3 431.9 446.4 455.3 463.1 468.5 486.6 506.1 529.5 544.7 557.6 568.5 579.9 588.7 601.4 607.4 615.5 627.6 641.7 654.7 667.5 678.4 684.2 686.4 689.5 690.2 689.7 686.3 684.2 682.5 684.9 682.6 677.9 671.9 665.8 659.3 651.5 641.9 634.7 630.6 625 618.9 610 598.2 579 552.2 538.4 529.8 521.6 514.6 504.1
370.1 377 385.3 390.3 398.6 405.6 410.3 419.3 422.9 430.4 428.2 424.8 403 380 365.7 351.3 339 329.7 324.5 323.8 324.7 325.6 326.1 326.7 338.1 351.7 370.3 392.1 416.8 436.9 443.2 449.3 460.3 480.3 502.8 523.9 539.1 551.5 564.9 579.1 586.8 597.6 607.3 616.8 628.5 641.7 656.5 671.2 682.1 688.9 690.9 696.6 696.8 693.8 690.9 687 683.1 679.7 678.4 672.7 664.5 655.8 647.2 637.1 627.6 620.3 615.6 610.7 603.3 595.2 584.6 572 549.7 540 532.9 525.7 513.4 501
376.5 384.7 393.4 399.4 400.3 408.6 416.9 425 430.9 435.8 436.2 424.5 403.7 384.1 370.6 357.5 344 335 328.9 324.9 325.5 326.1 327.2 328 330.1 343.1 359.6 378.6 396.1 413.9 424 438.1 455.6 474.5 496 514.7 533 546.7 560 572.8 584 592.9 601.8 613.4 626.5 639.3 654.4 668.9 678.9 686.6 690.8 696.2 698.1 695.2 690.9 685.7 677.4 673.3 668.6 663.8 655.9 646.2 635.1 624.2 614 606.4 601.3 595.6 588.1 581.8 572.8 563.3 552.2 543 532.5 520 507.7 495.8
386.2 395 401.8 408.1 409.4 413.1 420.3 426.2 433 440.2 437.2 419.9 402.3 386.7 374.3 364.6 350.8 339 332.1 328 326.9 327.6 327.8 327.8 329.2 337.4 350.9 364.5 378.6 390.7 411.6 430.5 446.7 466.5 486.2 507 526.8 540.6 552 564.9 577.3 587.3 595.9 607.5 619.6 632 646.9 660.1 672.3 677.9 685.8 691.8 692.7 690 683.5 677.1 670.7 664.3 656.7 650.1 642.7 633.5 624.2 612.6 602.5 593.3 586.3 580.4 573.6 567.2 560.5 553.5 546 538.3 520.3 508.6 499 500.7
396.1 402.6 408.6 414.9 413.1 413.7 420.8 426.4 435.5 432.9 429.7 417.5 402.2 391.1 379.4 367.1 358 345.1 338.6 334.3 328.2 328.5 328.6 328.3 330.3 333.2 341.3 351.4 364.6 382.3 397.8 422.4 437.5 455.6 477.1 498.4 517.5 533.7 545.7 556.9 568.8 577.7 588.8 601.3 612.4 624.6 636.6 647.8 656.8 664.8 674.1 680 681.2 676.8 671.9 666.5 660 652.8 644.4 638.7 629.9 620.2 610.7 600.2 591.4 582.2 574.7 569.1 561.7 555.3 550 544.7 536.7 525.6 510.9 506.1 508.6 510.6
400 407.8 418.4 422.3 421.4 421.2 420.9 427.2 435.9 430.5 426 417.2 403.1 392.7 382.4 372.7 361.5 349.6 346 339.2 333.3 330.2 329.3 329.4 330.3 333.7 338 346.1 359.3 373.9 390 408.9 427.5 444.7 464.7 484.6 503 523.1 536.6 543.9 553.2 568.6 581.7 594.6 604.3 614.8 624.5 633.4 641.2 648.5 657.5 662.6 664.6 663.1 658.1 652.8 646.7 639.9 628.8 623.4 618.1 607.4 597.6 590.1 583.1 575.4 567.1 559.3 553.6 546.7 538.6 530.3 521.1 510.3 511.6 513.3 515.8 517.5
404.5 416.4 425.3 428.2 426.9 428.3 428.3 429.7 430.3 428 424.5 416.3 406.6 395.9 387.4 377 368.2 359.8 350.5 343.8 337.3 334.2 332.4 330.8 331.2 331.8 335.2 341.9 352.6 363 376.2 394.3 411 428.2 446.7 468.3 486.2 503.2 518.9 529.6 538.1 553.4 568 582.2 590.6 599.5 608.1 620.5 627 633.9 640.2 644.1 648.3 646.2 643.6 639.1 633.4 625.7 619.2 612.5 606.7 598.4 590.3 585.3 577.3 569.4 560.4 550.1 542 533.7 524.4 515.4 515.1 516.9 517.2 520.2 519.9 521.6
409.3 419.1 430.1 436.5 435.2 435.2 434.9 436.2 435.1 430.8 425.9 418.7 410.7 399.9 389.9 381.5 373.7 365.8 357.6 349.7 343.8 338.8 335.6 333.8 332.6 333.6 334.8 339.6 346.9 357.6 367.8 383.3 395.9 411.8 430.1 448.4 466.8 483.3 497.6 511.5 522.9 536.9 548.2 562.7 574.6 583.6 593 605 611.5 619.2 623.7 626.4 628.7 629.9 627.8 624.2 621.6 615.8 610.1 604.1 597.8 590.4 585.8 580.8 573.6 563.5 551.6 543 530.5 520.9 519.1 520.8 520.9 521.6 522.2 522 524.3 525.3
411.1 422.7 434.4 443.3 443.1 443.6 442.5 443 440.2 435.7 430 423.3 415.7 405.3 395.5 387.5 379.3 371.6 365.2 358 352.3 345.6 340 336.8 334.7 334.7 335.5 339 345.9 352.7 361.6 368.8 382.5 395.8 413.7 431.2 445.9 462.7 480.8 495.6 511.7 525.6 537.1 548.9 561.6 572.8 582.1 589.5 596.2 602 606.2 610.2 613.3 613.1 614.3 615.2 615.1 610 603.7 599.1 593.2 587.4 583.5 577.6 571 557.6 546.5 531 520.8 523.6 525.4 527.1 527.5 524.9 525.1 525.5 528.8 531.2
410 422.7 435.8 449.8 451.4 452.4 451.4 451.6 448.7 444.1 436.6 429.2 422.5 411.8 401 392.9 383.4 377 370.2 363.6 356.9 350.2 344.6 340.3 337.2 337.1 337.3 338.6 345.9 355.3 366 376.7 391.1 404.9 415.6 421.1 430.9 450 463.6 481.7 500 515.3 529 540.1 549.1 559.8 569.5 578.7 585.3 589.6 593.2 596.5 601 606.1 607.2 608.6 609.5 605.7 600.1 594.6 590.6 586.7 582.5 576.3 570.3 556.7 539.6 523.4 527.4 529 530 531.2 532.1 530.3 530.9 531.8 536 543
410.7 422.4 441.7 453 458 459.6 461.4 463 459 454 447.1 436.6 428.5 418.3 407.3 397.9 389.9 382.3 374.7 368 361.5 355.3 349.2 344.2 339.7 339 338.4 338.3 345 353.3 365.1 376.3 391.7 407.9 424.4 435.5 447.7 466.3 482.7 494.4 506.6 513.5 520.8 529.2 538.5 549.8 560.7 569.9 579.4 585.8 588.8 593 597.1 600.3 602.6 605.6 607.2 603.2 597.9 592.3 589.8 584.6 580.3 576.1 569.9 554.2 538.7 525.7 530.9 533.8 533.2 534 534.9 536 539.7 544.6 550.1 556.8
408 422.7 441.5 452.3 463.4 470.3 473 473.1 469.8 464.4 456.1 444.2 432.9 424.3 414.8 403.7 394.5 387 379.8 373.1 366.1 359.9 353.7 347.4 343 340 338.9 340 344.6 353 362.6 373.3 388.7 408.2 428.5 441.1 460.1 478.6 498.4 511.2 522.2 532.5 537.5 542 549.2 558.5 567.7 575.9 581.5 588.6 590.9 594.6 599.1 599.9 603.6 605.5 606.8 601.3 595.8 590.1 587.3 584.3 581 577.7 572 555.2 538.2 529.8 535.9 537.9 536.5 539.5 541.6 545.8 555 564.2 570 577.9
407.4 423.2 436.9 455 468.7 478.7 482.9 482.1 478.6 473.4 464.1 452.2 439.5 429.2 420.1 409 398.8 391.6 384.8 377.7 370.6 364.6 357.3 349.9 345.1 342.1 340.9 340.9 343.1 349.5 359 370.5 386.4 403.3 423.7 442.4 463.4 488.6 509.1 521.9 530.1 538.3 547.8 555.1 561.8 570.5 576.3 582.2 587.6 592.5 595.8 599.8 602.2 604.4 607 605.6 604.1 599 593.3 588.2 584.5 581 580.8 577.7 571.2 553.4 536.9 534.1 540 540.1 541.3 546.2 551.4 560.6 574.9 584.6 590.4 597.9
406.2 420.2 433.6 452.2 470.9 484.8 489.4 487.9 485 481 472.9 463.2 447.5 435.7 424.2 413.8 404 396.2 389.5 381.9 375.3 369 361.6 352.8 347.1 344.4 342.8 342.5 344.4 348.6 355.6 368 383.9 399 419.1 439.9 464.8 490.7 513.8 525.4 534.7 545.4 555.5 564.6 571 577.1 582.8 588.4 593.3 597.6 600.8 603.8 607.9 609.1 608.3 605.9 601 595.8 590.3 586.2 582.6 579 577.7 576.9 571.9 555.3 536.4 536.6 540.9 542.5 546.7 554.2 564.3 576.5 590.3 602.7 616.3 625.9
404.3 417.1 432.6 452.1 471.8 485.5 493.4 494.8 491.8 487.7 480.4 469.3 454.4 440.8 428.8 417.9 409.3 401.2 394.2 386.9 380.1 373.3 367.4 356.5 350.7 347.8 345.7 345.1 345.7 348.1 354.8 365.6 379.3 393 414.5 434.4 459.2 490.8 513.9 531.5 542.2 552.8 563.5 572.2 579.3 584.9 589.2 594.6 599.7 603.3 605.3 606.8 609.8 611.8 609.6 605 599.7 593.7 586.8 583.1 579.6 577.7 576.2 575.6 570.3 556.4 539.7 535.2 540.4 545.5 550.5 559.5 570.4 586.9 603.2 617.7 633.9 648
404.2 416.3 429.7 448.9 468.8 484.5 494.4 500.2 498.6 495.6 487.1 473.2 459.8 446.9 434.4 424.3 414.7 406.8 398.2 391.6 385.5 376.5 370.8 364.9 358.9 352.4 349 347.3 346.8 349.2 353.5 361.3 373.7 387.1 403.4 423.7 449.8 483.8 511.1 532 544.3 557.9 567.6 577.1 585.3 591.3 597 599.4 603.2 605.4 606.3 608.1 608.8 608.2 606.6 601.9 597.2 590.3 583.4 579.4 578.8 576.3 574.6 573.3 566.7 554.3 544.3 537 538.4 543.3 550.5 560.2 572.5 592.4 610.3 626.6 646.9 660.4
400.2 413.1 426.3 445.1 465.6 483.6 496.2 503.3 503.2 499.8 491 478 464.5 450.9 440.9 430.3 420.5 412.9 404.9 396.4 390.1 382 377.7 370.4 364.3 358.5 354.4 349.4 349.3 350.9 353.1 358.5 367.8 383.1 396.2 413 437.6 464.5 494.4 523.1 538 549.6 567.6 577.2 585.4 593.5 600.2 604.1 605.3 606.7 606.6 607 607.3 604.6 601.2 596.5 591.6 586.3 581.2 577.3 575.9 574.8 572.7 570.6 564.2 553.9 544.9 540.3 537.5 542.7 548.7 555.7 568.7 585.5 609.6 631.2 652.8 668.8
399.2 410.1 423.4 443.1 463.6 482.3 495.3 500 500.1 496 491.9 480.8 467.9 456.5 446.1 435.3 426.3 418.2 409.4 401.5 396.3 389.3 383.2 375.8 370.4 365.3 358 351.8 351.7 352.7 354.8 356.8 361.7 372.6 385.5 401.7 418.4 443.4 472.8 494.8 516.5 536.8 548.8 562.2 574 586.6 593.5 600 602.8 605.1 603.3 600.1 598.7 595.1 591.3 588.8 586.1 582.5 578.9 574.7 573 572.3 571.9 569.8 561.6 552.2 546.5 543 540.6 540.9 545.4 551.4 564.7 579.6 597.7 625.9 650.3 667.7
