webserver/python/data/NT12.asc
ncols 200
nrows 200
xllcorner 310000
yllcorner 620000
cellsize 50
[rows 105 to 139 of 200, columns 0 to 77 of 200]
241.7 238.9 238.9 238.6 238.5 238.1 238.6 248.6 260.3 275 285.9 296.2 304 294.9 293.7 290.6 286.3 281.3 275.1 272.9 271.4 285.5 302.3 317.3 331.5 350.9 375.9 393 396.5 389.6 382.7 377 373.4 378.5 381.7 388.4 405.3 422.8 441.1 452.7 453.4 447 429.8 410.1 386.2 361.8 346.4 333.9 332.9 340.4 358.5 373.5 386.3 397.4 404.8 410.2 417.7 431.1 444.2 455.9 465.3 476.9 489.6 504.1 517.1 529.6 542.2 557.6 569.1 577.9 582.4 584.3 586.6 590.7 593.6 592.9 597.3 618.4
239.8 239 239 238.6 238.1 238.1 244.7 256.1 270 286.6 296.7 309.7 316.5 314 310.9 302.5 296.1 290.5 284.5 281 272.7 278.8 287.9 301.1 317.6 335.7 360.4 380.5 390 395.2 395.8 395.1 396.1 396.9 401.5 411.6 423.6 434.3 443.9 452.3 451.8 444.8 428.2 408.7 387.8 365 349.8 339 332.9 341.1 359.9 379.2 390.8 404.7 412.5 417.6 429.8 441.1 448.6 457.2 467.1 477.2 489.6 501.6 514.4 528 541.5 554.2 564.3 574.6 581.8 585.7 590.2 596.7 601.8 609.1 612.8 619.3
240.1 239.6 239.2 238.6 238 245.4 254.5 266 280.4 296.7 312.6 326.9 332.6 330.1 327.5 318.9 310.4 301.7 295.2 288.1 283.4 278.7 282.1 293.7 309.7 328 347.4 367.8 384.5 394.3 403.2 410.1 412.5 417.3 423.9 432.7 441.5 446.7 452.8 453.4 449.8 440.8 425.9 407.6 385.3 365.4 354.9 342.6 335.6 343.2 362.6 382.4 393.4 408.9 418.2 425.6 439.4 446.9 453.8 460.6 468.5 480.1 489.3 500.6 515 528.6 539.6 551.7 562.7 573 580 586.9 593.9 599.9 608.1 617.9 625.5 632.1
242.5 241.6 239.7 239 242 249.2 262.1 276.5 293.3 310 327.6 342.3 353.4 350.2 346.2 337.6 326.1 316.4 305.9 299.2 292.9 286.2 278.9 287.8 300.3 317.8 339.6 362.1 382.5 394.8 406.2 416.2 424.4 432.5 438 446.5 454.8 457 456.3 451 446.1 436 421.3 402.8 382.9 378.3 363.3 349.7 339.4 342.6 359.4 382.5 398.9 412 421.8 432.9 442.2 451.3 457.4 464.4 472.8 484 494.2 504.7 517.2 527.5 539.8 550 560.7 571.1 578.8 586.8 595 604.3 613.1 624.1 633.7 643.3
243.6 242.2 239.6 238.5 245.1 256 271.6 287.9 303.4 322.4 340.1 354.8 365.3 368.9 365.5 357.8 345.5 333.5 322.1 311.4 302.1 296.9 287.2 281.8 293.3 309.6 331.5 355.5 378.1 392.8 405.7 419.3 431.1 438.2 445.1 453.5 461.4 462.3 460.4 451.4 442.5 431.3 420.4 413.1 405.2 388.9 373.4 358.4 343.7 340.1 358.2 376.8 399.1 412.4 422.5 432.9 443.2 452.3 458 465.5 475.3 487.3 499.3 509.5 520.6 530.2 540.9 550.6 559.7 570.3 579.4 588 596.4 607.1 618.1 629.3 640.6 650.6
242.4 241.8 240.5 238.9 250.4 265.8 280.7 297.1 315.5 334.9 352.1 365.8 376.2 381.5 384.2 378.2 366.1 353.2 337.5 325.1 313.9 305.9 296.4 287.4 289.6 302.1 323 347.1 371.6 389.3 403.1 417.7 435.5 442.9 450.4 458.5 461.7 462.9 460.5 452 443.6 438.8 432.9 428.4 417.6 403 385.4 365.1 350.2 338.7 357.1 372 390.7 410.1 422.7 433.9 444.4 452.4 459.3 468.9 479.9 490.5 504.5 515.2 524.1 534.8 543.3 552.9 561.2 571.3 581.2 589.7 598.7 609.2 620.1 632.5 645.6 658.8
243.2 242.1 240.5 241 257.5 275.9 291.9 307 329.1 346.1 361 373.9 383.5 389.9 393.8 390.5 383.8 373.2 357.9 339.3 326.7 315.7 304.2 292.2 288.9 298.4 317.2 337.7 360.5 383.5 399.6 414.8 431.7 444.2 454.3 461.1 465.1 464.4 460.1 453.6 449 445.7 442.1 440.6 433.5 417.4 398.7 374.2 358.2 345.3 353.2 367.9 385.4 403.6 420.1 433.1 444.3 454.5 462.2 471.7 482.7 494.3 507.9 517.8 527.9 538.6 547.6 556.3 565.4 573.9 582.3 591.6 601.5 610.9 621.9 637.6 651.5 664.5
243.4 242.1 240.7 246.7 262.8 279.7 298.6 318.7 337.8 354.7 368.7 380.4 388.3 395.6 400.1 401.7 399.4 390.3 375.7 356.2 340.2 326.2 310.5 299.5 289.4 298.4 312.7 330.3 353.2 377.3 393 408.3 426.4 439.7 450.8 459.7 464.8 463.7 460.6 456.3 454.2 451.2 451 451.9 446.2 429.5 407.3 384.9 367.8 349.5 350.6 361.5 377.7 397.3 414.5 430.7 445 457.1 466.1 475.3 485.7 496.9 510 519.9 532 541.3 550.2 560.1 566.7 574.6 582.7 593.6 605.2 616 627.9 642.5 656.6 672.3
240 241.8 245.1 255 265.7 281.9 301.7 325.1 343.7 360.2 375.2 385.4 393.9 400.2 405.5 409 408.6 403.7 390.7 371.1 354.1 336.3 319.2 304.8 296 299.4 308.4 326.2 347.7 367 385.3 402.5 418.5 431.4 442.9 452.9 459.4 460.9 461.4 459.4 458.7 456.6 457.3 460.1 459.5 444.9 421.2 398.2 375.6 358.8 348.2 356.8 370.4 390.6 409 426.2 442.5 456.1 466.2 477 488 498.3 509.2 523.3 534.3 543.3 552.7 561.9 569.1 576.7 585.6 597.6 608.3 621.6 633.7 646 661.5 676.6
239.9 245.5 250 256.9 266.9 281.1 304.5 328.2 348.1 364 378.8 387.4 397.6 405.1 410.5 414.9 416 411.7 401.6 385.9 367.5 347.9 325.5 310 299.5 298.3 307.6 322.2 343 361.4 377.9 394.6 407.7 419.9 432.4 441.1 447.7 454.9 461.1 462 460.7 460.3 461.8 467.2 469 457.8 436.3 410.8 389.7 370.5 348.7 350.1 363.6 381.8 402.8 420.1 437.2 450.4 463.5 475.3 487.2 497.5 507.8 522.6 535.1 544.6 553.9 563 571.8 580.2 589 599.1 609.4 623.5 637.7 650.4 664.9 680.5
242.9 247 252.8 258.4 267.1 281.5 307.1 329.9 350.6 367.2 379.4 388.5 398.3 406.7 412.9 418.3 421.5 417.4 408.4 396.9 379.8 361.8 333.7 316.3 302.8 298.6 304.5 320.6 337.1 354.3 369.3 380.4 392.5 403.5 416.2 425.3 433.9 443.3 455 459.9 461.4 461.8 465.7 469.3 473.8 466.5 450.8 425.4 401.3 380.3 362 351.6 358.7 372.6 392.6 412.8 430.7 445.7 459.3 468.7 480.2 492.9 503.7 518.8 532.9 544.7 554.8 563.8 571.7 581 591 602 610.8 624.5 638.5 653.2 666.8 682.9
244.4 247.9 253 258.1 267.3 281.8 306.7 330 351.5 367.3 377.8 388.9 398.3 407.7 414.4 420.4 423.6 420.9 414.4 405.6 390.5 372.2 343.6 321.2 305.6 313.2 308.2 312.9 327.2 340.7 351.5 358.1 370.6 380.2 393.2 403.2 414.5 426.7 439.9 451.4 457.3 458.5 461.9 466.4 472 471.8 459.3 439.7 414.4 391.6 373 358.2 357.7 366.3 381.3 402.5 422.6 438.3 451.9 463 473 484.7 496.1 512.3 528.8 542.2 553.5 562.6 571.5 581.5 591.3 601.1 613.1 626.9 639.7 654 668.1 683
244.9 247.9 254.2 258.9 266.4 280.8 303.8 327.2 347.6 361.8 377.2 388.8 396.2 405.1 413.9 419.3 422.4 420.3 416.5 408.2 394.7 372.7 343 319.3 311.5 322.9 320.1 315 318.4 322 329.3 335 343.2 355.2 367 379.4 392.6 406.6 420.4 433.6 446.5 451.8 455.5 460.9 467.5 471.2 467 451.9 428.5 405.7 385.5 367.3 357.6 361 374.7 390.9 411.1 429.8 445 456.3 466.7 475.8 489.5 506.4 522.7 538.1 549.5 560 569.5 579.6 589.7 600.9 613.7 625.9 639.8 653.8 666.9 681.8
244.4 247.6 253.2 257.6 265.8 276.8 296.6 317.8 339.6 357.1 375.1 386.7 396 404 411.3 416.9 419.8 418.4 414 408.1 388.7 366.2 336.9 317.9 323.7 330.8 334.5 335.4 335.7 336.9 338.2 343 339.5 339 341.4 351.2 365.8 382.5 400 416.6 431.3 441.6 446.3 454.1 460.7 466.8 469.4 460.1 439.8 417.4 395.4 376.6 361.9 359 369.6 386 400.6 420.5 436.1 448.3 460.2 470.4 482.5 500.1 515.8 530 542.7 553.7 563.5 574.2 584 596.4 610.6 625.1 638.6 652.3 665.6 679.9
251.9 247.3 251.6 257.4 264 273.9 287.1 307.8 331.1 353.4 371.9 383.8 393.3 401.3 407.3 413.2 415.9 415.5 411.1 401.9 387.4 359.4 334 318.9 332.5 341.4 346.7 349.5 352.1 355.4 360.8 362 361.7 360.3 355.3 354.4 348.7 361.9 380.1 398 414.7 427.2 436.8 445.1 452.6 459.1 462.4 459.8 449 428.1 404.1 385.3 368.4 365.3 366.2 378.5 392.3 409.5 424.9 439.4 453.6 465 477.4 488 506.4 521.1 534.7 546 555.4 565.1 577 590 604.9 617.9 634.4 647.8 661.7 674.4
260.9 252.1 249.4 254.1 260.6 270.4 280.9 299.8 323.8 346.7 364.8 378.1 388.8 396.3 402.9 407.7 411.2 410.9 406.6 396.5 381.6 354.6 331.5 323.6 338.2 348.5 355.4 359.8 364.5 370.9 377.5 380.9 384.9 382 376.9 375.1 372 359 371.2 386.6 402.1 417.3 427 435.8 444.5 452.8 456.5 456.8 451.1 440.7 418.6 398 382.9 372.3 367.8 373.2 387 400.3 415.6 430.6 445.4 458.6 471 484.1 498.2 512.9 526.3 537.7 547.3 556.7 570.9 581.7 594.2 610.2 624.7 640.9 655.2 669.4
266.6 261.6 254 250.5 257.4 266.8 276.6 292.7 314.8 338.4 355.9 369.5 380.4 388.5 395.6 402 404.7 405 400.6 391.5 376.5 353.2 330.6 327.6 342.5 353.5 360 368.1 373.3 380.1 387.1 394.2 399.4 400.7 398.1 393.4 386.4 373.4 367.3 384 396.1 409.3 419.9 427.8 436.4 446.1 452 455.3 454 447 430.4 407.7 394.2 381.7 370 368.7 381.2 393.5 407.6 422.2 437.7 449.5 464.2 477.4 491.4 501 515.7 528.4 537.9 548.2 563.6 575 585.7 600.7 615.3 630.4 647.2 662
270.7 265.2 259.4 252.4 254.4 263.9 273.1 286.1 305 328.5 347.6 363 371.7 380.2 386.9 394.5 398 398.9 395.5 387.2 374 352.9 331.3 329.9 346 355.1 363.7 373.1 381.4 386.8 394.6 403.7 411.7 414.2 412.3 407.7 399.5 385.5 368.4 381.3 392.1 404.1 413.5 422.5 433.1 443.4 449.6 453.9 453.6 452 442.9 422.5 408.1 393.7 379.6 369.5 376.7 387.9 399.4 413.7 426.8 440.9 455.7 470.3 483.3 494.4 506.9 520.1 530.6 540.7 553.6 566.6 577.5 590.2 606 622.1 637.6 653.3
274.3 268.3 263.5 257.7 250.4 260.2 270.4 281.5 295.9 317.3 338.1 352.5 363.1 371.7 378.4 386.2 391.6 392.9 391.1 383.6 372.5 352.8 333.6 329.8 345.3 356.5 367.1 377.7 385.5 392.5 403.1 412.3 419.5 424 422.8 420.4 411.7 397.2 378.4 380.3 389.5 401.3 410.2 419 430.2 439.5 447.3 453 457.2 455.6 452.9 438.4 422.5 406.2 391 378.9 376.7 383.9 394.7 405 415.8 428.1 442.8 460.4 474.7 486.8 497.3 511 522.4 531.9 543.3 557.5 570.5 584.4 600.3 617.2 633.5 651.3
277 270.6 265.6 261.9 254.7 255 265.3 276.3 289 308.3 330 345.1 358 363.7 370.3 378.7 385.6 387 385.2 381.5 370.6 355.2 337.2 330.3 344.3 355.9 366.7 378.7 387.3 397.1 406.9 417.6 426.3 430.2 430.5 428.3 420.7 406.9 388.8 378.5 385.7 398.7 409.3 417.9 427.8 437.3 446.2 454 460.5 462.5 461.6 454.2 438.5 422 405.4 387.7 378.5 383 389.5 400 412.8 427.5 441.3 453.1 462.5 478.4 489.7 501.9 514.2 529.1 540.7 555.8 569.8 583.9 599.9 618.6 634.7 651.7
280.8 273 267.4 263.2 258.6 252.4 260.7 272 283.8 297.4 318.6 336 348.9 356 362 370.8 379 380.9 379.5 376.7 368.4 356.2 341.4 335.5 344 354.6 366.3 377.4 389.3 400.6 410.3 421.1 430.4 436.1 436.7 435.1 428.1 417.3 397.8 385.6 379.3 395.8 407.5 417.8 427.1 435.5 444.6 453.8 461.7 467.3 470 467.5 455.4 439.1 419.4 399.5 381.6 381.2 390.5 400.6 413.5 428.9 446.3 459 471.8 483.9 495.6 507.3 519.2 532.1 544.6 559.3 573.3 587.6 604.8 620.7 636.4 652.4
287.9 274.2 269 265 263 257.3 255.7 269.3 278.2 289.7 308.1 326.4 338.9 347.6 354.8 363.2 370.9 374.2 375 372.4 367.3 359.9 343.2 338 344.3 354 364.5 376.9 389.4 402.4 413.3 424.1 432.2 437.7 440.9 440.3 433.7 423.1 407.4 395.4 385.4 391.2 403.4 413.9 424.4 434.8 444.9 453.9 462.7 470.1 476.3 479.5 470.4 457 434.6 413.9 394.2 380.2 391.5 399.2 411.6 427.6 443.8 458.5 471.1 483.5 495.4 505.3 519.5 533.5 547.1 562.2 578.9 592.5 608 625 639.1 656.4
296.3 282.5 272.4 266.2 264.9 261.8 253 263.8 274.3 284 298.5 317.7 330.4 341.3 350.4 358.1 365.5 369.9 371 368.9 365.5 360.9 347.9 339.4 343 354.2 364.8 375.1 388.3 403.4 414.6 423.8 432.2 438.8 441.9 443 438.4 428.4 415.6 402.1 392.8 388.7 397.6 410.3 421.8 434.2 445.3 454.4 464 473.2 481 485.5 484.7 469.8 450.4 429 405.5 388.5 389.7 399.4 412.1 428.6 442.2 453.4 469.1 479.8 490.5 501.4 517.2 535.2 549.9 566.7 583.1 597.6 612.4 629.5 642.2 660.5
304.5 288.7 278.6 269.9 266.6 264.9 256.9 258.7 268.3 278.2 290.4 308.6 323.5 335.5 345.9 354.5 359.9 364.9 368.8 368.2 365 360.5 348.8 341 342.9 354.5 365.5 375.5 386.5 400.2 413.1 422.2 430.7 439 442.4 444.2 441.8 433.2 420.5 408.2 399.7 391.5 390.4 406.9 418.3 431.6 444.1 455.5 465.1 475.6 484.9 492.2 496.4 484.6 465.6 446.9 419.9 397.8 390.8 401.6 410.7 427.6 442.7 456.6 468.3 478.3 488.3 501.9 521.7 538.3 553.4 568.8 584.2 600 615.5 632.3 646.2 662.8
312.8 295.9 284.3 274.7 270.9 267.8 263.2 254.1 263.2 272.1 284 299.6 316.3 330.5 341.5 350 357.5 362.8 366 367.1 366.2 360.5 352.3 341.5 342.5 353.5 363.7 373.1 385.5 399.7 411.5 421.6 430.8 438.7 442.9 444.2 442.9 436 425.9 414.5 406.5 401.2 398.3 401 414.8 428.3 440.8 453.3 464.6 477.6 489 497.4 503.6 499.7 477.8 459.6 429.5 402.9 389.1 403 413 426.6 442.9 457 466.2 477.6 492.3 505.5 522.3 538.8 553.8 569.6 584.7 600.6 618.4 634.4 649 666
324.5 307.7 293 280.7 274.7 270.3 266 259.5 257.7 266.8 277.6 290.6 308.6 324.1 337.1 346.3 353.4 360.6 363.7 365.9 364.4 360.6 355.4 347.4 347.9 351.6 362.2 371.5 384.7 399 411.9 421.7 431 438.4 442.5 444.2 442.5 438.5 429.4 422.5 415.4 407.7 403.6 400.8 405.3 420.8 437.2 451.8 463.7 476.8 489.8 501.4 509.5 506.5 486 458.6 432.2 407.9 398.5 404.2 413.9 426.1 441.8 455.4 466.8 479.7 495.6 509.1 524.6 540.9 556.3 570.4 584.9 601.1 617.9 634 650.9 669.4
331.8 316 300.8 288.7 277.9 272.7 267.7 262.6 258.3 262.3 273.7 283.8 301.4 319.9 333 343 351.1 358.6 362 364.4 363.2 361.9 358.7 352.5 349 351.8 361.3 371.9 385 397.8 411.8 422.7 429.5 437.3 442.1 444.5 444.2 440.2 434.8 428.7 422.5 414.8 410.1 406.7 404.5 412.6 428.1 444.3 460 473.1 486.6 499.5 508.9 508.9 491.2 462.7 436.7 414.4 398.7 401.7 412.6 424.9 439.7 454.3 466.3 480.1 495.7 509.9 524.5 541.8 557.3 572.7 582.9 600.3 617.7 632.3 650.3 671
339.8 324.7 311 298.9 285.3 275.8 269.7 265.9 261.6 260.1 268.8 278.3 293.3 312.3 328 339.8 348 354.7 360.9 362.4 362.7 361.5 359.9 356.6 351.8 351.1 360.5 370.8 382.8 396.6 410.7 422.1 430.1 437.1 443.2 446.3 446.7 442.6 438.4 432.7 427.5 423 420 416.5 413.8 409.5 415.4 432 449 463.1 479.3 493 502.5 507.5 499.7 470.7 443.4 420.2 402 399.1 409 422.5 439.3 452.8 467.1 480.8 494.5 510.5 524.2 542.7 559.3 572.1 584 598.2 617 632.1 647.9 669.3
347.7 332.8 320.9 309.9 293.2 280.5 272.3 266.4 263.7 259.5 264.9 272.2 284 303.3 321.5 334.1 343.2 350.2 356.2 360 361.4 362.1 361.3 359.1 353.3 350.8 360.7 369.6 379.9 394.5 408.6 419.5 429 436.6 442.1 445.9 448.1 444.6 441.5 437.4 432.5 430.4 428.4 427.5 423 416.9 416.8 421.4 436.3 452.8 469.2 484 498.6 506.9 503.1 480.3 452.2 428.4 411.9 400.2 407 420 433.7 451.9 465.4 479.3 492.9 506.2 522.6 541.6 555.5 570.6 583.5 597.5 615.3 629.9 645.9 667.9
352.5 340.3 331.2 320.7 305.2 288.3 278.1 270.8 266.1 261.8 259.6 267.9 278.4 293.4 314 327.6 338.7 345.7 352 357.4 360.8 362.5 363.9 362 358.7 356.4 360.1 369.7 379.8 390.8 404.1 416.2 426.5 433.9 439.2 442.9 445.2 447.1 444.5 441.3 437.3 436.2 437.3 436.3 433.5 428.8 423.9 419.9 428.1 441.1 457.9 475.8 493.6 507.2 508.2 488.8 464 438.7 419.2 406.6 407.7 413.1 428.5 443.9 459.6 476.6 490.4 505.3 520.6 538.9 551.6 569.9 583.6 596.6 612.5 626.8 642.7 662.2
356.8 349.1 340.3 328 315.1 298.9 284.6 275 268.2 264.4 261.9 263.7 275.7 286.9 306 322 332.9 340.9 347.7 354.4 361 364 365.9 365.3 362.2 362 358.7 368.4 377.8 386.8 398.5 411.7 421.6 428.3 435 439.2 441.7 446.7 447 444.3 441.2 442.1 442.9 443 442.7 440.6 436.5 433.4 428.8 433.2 450.4 467.2 486 503.7 511.3 498.6 474.7 450.1 429 413.6 407.8 409 421.4 434.5 450.4 468.6 486.9 503.4 520 534.4 550.9 566.2 579.9 593.9 608.9 623.4 637.5 656.4
366.2 358.4 350 340.1 325 308.5 292.4 280.3 270.8 267 263.2 262.3 273.5 284.5 299.1 316.2 328.8 337.5 344.4 351.2 357.7 361.2 364.6 367 366.7 366.2 363.6 367.5 372.6 380.4 392.6 405.6 415.5 422.2 429 433.8 438.2 443.3 447.3 447.9 446.3 447.1 447.8 448.5 451.3 451.4 449.8 444 439.5 433.9 445.4 461.1 479.7 498.6 511.4 510.8 487.5 464.6 441.9 422.4 409 409 416 426.6 442.4 459.7 475.6 494.5 514.7 532.4 546.6 561.9 578.1 591.4 605 619.4 634.1 651.2
375.7 367.8 360.2 352.5 335 316.9 300.1 287.7 275.1 266.5 262.1 261.2 271.6 282.7 296.5 309.8 324 333.7 341.8 348.6 355.4 360 364.8 368 370 371.7 370.7 368.7 368.2 374.8 385.2 396.8 407.9 416 423.1 430.8 436.9 442.2 446.6 448.1 449.8 452.7 453.6 455.5 460.9 461.2 458.2 454 449.7 442.5 440.6 455.8 473.6 492.4 509.7 515.1 501.6 481.2 457.9 434.7 413.5 407.6 411.1 421.2 433.6 448.8 466.3 483.8 508.2 528.3 542 559.3 575.3 586.4 600.6 614.9 628.5 641.6
384.6 377.8 371 363 348.5 327.2 308.7 293.2 278.2 268.2 262.5 261.4 268.9 280.7 294 306.2 318.3 329.5 338.1 346 354 360.4 365.6 370.5 375.1 377 376.3 375.1 372 369.3 378.1 389.6 401 410.1 417.8 427.4 434.7 440.3 445.3 451.8 456 458.9 458.9 463.6 469.8 470.6 469.2 464.6 462.3 452.1 441.7 450.8 469.3 486.6 506.4 521.3 518.3 496.9 474.2 449.2 425.9 412.9 409 414.6 423.4 437.6 454.4 475.3 500.4 523 540.4 554 570.5 580.2 592.4 607 620.1 632.4
393.2 387.6 381.3 371.4 359.7 343.7 319.2 300.5 281.7 271.3 265 262.4 264.5 277.1 288.6 300.7 312.7 325.1 334.3 343.4 352.3 360.4 368.4 374.2 379.3 383.1 383.3 382.4 380.9 376.5 376.2 383.2 394 403.7 413.4 422.8 430.4 439.1 445.9 452.8 459.5 463.2 466.2 470.6 475.2 480.6 484.7 479 474.2 463.6 451.1 449.1 464.6 483.9 502.4 519.8 523.4 510.1 489.6 465.6 442.1 423.7 414.7 413.4 417.5 427.3 441.4 462.4 487 510.7 532 547 561.8 574.1 585.6 598.6 610.8 619.6
