webserver/python/data/NT13.asc
ncols 200
nrows 200
xllcorner 310000
yllcorner 630000
cellsize 50
[rows 0 to 34 of 200, columns 0 to 77 of 200]
279.5 274.3 268.1 265.7 264.7 269.3 275.1 274.1 272.7 269.9 265.3 260.5 267.2 273.7 278.8 281.1 284.4 288 293.3 298 301.9 305.6 308.9 312.9 313.7 314.8 315.1 315.6 315.5 315.4 317.6 319.6 319.9 320.8 319.1 320.2 327.6 332.5 337.5 343.5 348.8 354.4 363 372.8 380.8 389.1 393.1 399.8 413.1 433.6 457.3 482 497.5 501.2 494.4 477.2 451.7 431 413.5 402.6 397.7 397.8 388.7 383.3 374.1 368.3 361.2 355.9 349.7 345.6 340.1 335.9 331.8 327.6 323.2 318.6 312.4 308.6
280.7 277.7 269.4 265.1 262.3 262.5 266.9 269.9 268.5 266.3 258.4 258.8 269.3 274.9 280 283.5 286.5 289.8 296.2 301.9 305.9 309.9 314.6 317.8 319.1 320.8 321.4 321.6 321.5 322.3 325.4 328.1 328 327.5 323.7 320.9 323.7 329.5 333.9 340.5 346.2 352.8 360.2 367.2 375.3 382.4 387.3 401.4 417.8 439.9 461.9 482.8 495.5 495.8 488.6 471.7 452.9 429.2 418.2 414.1 411.8 403.8 391.5 383.1 378.1 372.4 364.7 356.6 349.2 343.4 338.2 332.6 328.2 323.8 319.5 313.3 308.9 308
284.6 279.7 269.5 264.3 261.4 259.7 260.9 264.1 264.4 261.4 259.7 266.4 270.8 276.4 281.3 284.8 288.4 293.2 299.5 305.5 310.5 314.7 318.7 322 324.7 326.4 328.1 328.5 326.8 329.5 334.2 338.8 340.1 336.9 332.1 329.7 328.6 329.6 329.4 336.7 342.2 348.3 356.1 361.7 370.4 378.5 388.9 404 420.9 442.3 462.6 483.4 490.8 488.6 481.7 463.5 445.8 438 439.1 437.9 423.8 421.5 408.6 394 382.6 373.4 364 355.7 347.6 340.9 335.2 329 323.4 318.6 314 308.9 309.2 309.2
288.6 280.8 269.7 264 261 259.5 259.4 259.8 260.6 258.7 263.2 269.1 271.4 276.9 282 286.9 291.3 296.1 303.3 308.9 314 319 322.7 325.9 329.2 331.1 334.3 333.9 334.3 337.6 342.7 346.8 349.8 349.6 343.9 339.6 338.4 339.2 337.6 339.8 339.9 349.5 357 364.1 371.1 380 392 406.8 423.5 443.1 463.1 481.5 486.9 483.5 469.7 463.1 463.5 461.1 457.2 449.4 438.7 424.2 408.5 395.3 383.8 372.8 362.5 352.9 344.1 337.4 330.8 324.6 318.8 313.6 309.9 309.4 310.4 309.3
293.2 284.9 271.7 264.5 261.4 259.1 258.7 258.3 257.4 258.7 264 270.4 273.5 277.4 282.4 290 294 299.1 307 312.2 317.3 322.3 326.7 330.8 336.5 341.3 341.4 341.3 342.4 345.9 350.1 354.3 358.7 362.6 360.4 358 355.5 354.1 349.5 347.1 344.8 348.6 355.4 362.6 369.5 379.6 394.7 409.7 425 443.8 462.5 477.9 486.8 487.5 485.4 485.8 483.6 476.5 465.7 450 434.8 417.5 400.7 389.8 377.3 367 356.7 347.2 339.5 333.3 326.4 320 317.3 314.1 312.3 312 311.5 311.4
296.1 287.2 272.8 263.8 259.6 258.6 258.1 257.5 256.7 257.4 264.5 270.7 275 278.9 285.6 291.1 296.7 303.2 310.3 316.5 321.1 325.7 330.7 335.6 340.9 346.3 348.8 349.9 351.7 354.4 358.7 363 367.5 374.3 375.2 375.4 373.9 371.8 366.1 359.3 355.1 350.9 355.3 363.2 370.3 381.7 396.4 411.5 427.8 445.2 463 477.9 488.4 495.5 496.4 497.1 488.7 475.5 456.7 439.8 422.5 406.7 392.8 380.4 368.6 358.6 350 341.7 335 328.7 321.5 318.4 317.6 317.4 318.7 319.7 319.5 318.8
296.2 289.4 272 263.5 258.7 258.1 257 256.2 255.5 259.6 265.8 270.6 275.8 281.8 288.6 294.4 299.4 306 312.9 319.8 324.5 329.5 336.8 340.3 345.4 351.1 355.5 359.5 361.5 363.7 367.7 370.6 375.2 383 387.7 390.3 389.5 387 382 374.8 366.4 362 360.5 361.5 370.1 381.1 396.5 411.2 427.5 447.1 465.1 481 492.5 500.3 501.4 492.4 478.4 461.8 443.3 423.7 408 395.1 382.4 370.8 359 352.2 344 337.7 330.6 321.3 320.4 319 319.4 323.5 327.7 327.7 326.5 325.7
294.2 286.4 273.2 264.3 261.5 258.9 256.5 254.8 253.2 259.9 265.5 271.1 276.9 284.5 290.9 296.3 302.7 310 314.3 321.8 326.9 332.4 339 342.5 348.8 355.6 361.2 367.6 370.5 372.5 374.8 376.9 381.7 389.5 397.4 401.5 403.6 403.1 397.8 389.9 381 370.9 365.5 364.9 371.8 378.1 390.1 404.1 423.6 446.7 465.8 482.4 492.9 493.3 483 476.5 461.3 444.1 427.8 411.5 395.8 383.2 371.7 361.7 353.4 346.4 338.9 331.4 326 321.1 321.6 325.9 330.4 333.9 336.1 335.9 334.3 332.2
291.3 282.9 274.7 268 261.8 258.8 255.8 253.6 254.2 258.6 266.9 271.6 278.3 285.6 292.5 298.2 302.9 311 318.3 324.9 329.9 333.6 338.6 343.4 350.4 358.6 366.8 373.5 377.9 380.4 381.4 383.4 389.3 394.9 402.3 408.2 412.9 415.5 412.9 404.8 395.3 384.9 375.5 371.7 372.9 380.4 389.9 404.1 424.1 448.1 468.9 478.7 474.5 470.4 459 448.6 442.4 426.7 412.2 397.3 383.9 372.1 362.1 354.9 346.7 340.1 333.4 330 327.7 327 330.7 336.7 342.2 345.6 345.5 344.6 343 340
288.2 281.3 275.5 270.2 264.5 258.9 255.2 252.1 254.4 259.4 265.6 273.9 280.9 287.1 294.1 300.4 306.3 312.4 318.6 325.3 330.6 334 338.3 343.3 352.5 362 371.2 378.8 383.1 385.1 387.3 389.5 394.1 398 404.2 411.3 416.5 421.2 422.2 418.9 408.9 399.3 388.5 380.7 381 385.5 395.2 409.5 427 447.4 465.3 475.8 468.9 462.3 451.1 433.6 418.7 408.8 395.7 383.3 373.2 362.5 354.3 348 341.1 332.7 330 331.1 331.2 334.5 342.3 349.3 354.4 355.3 355.8 355.2 352 347
287.7 281.4 276.1 270.7 265.5 260.3 255.4 251.8 253.2 258.7 265.1 272.9 282.5 288.8 295.1 298.8 305.4 312.4 318.2 325.1 329 331.2 336.1 343.5 353.3 363.3 373.4 382 385.9 388.2 389.5 391.2 393.2 396.8 402.4 407.8 413.1 418.1 421.1 423.5 421.2 413.4 404.3 395.8 388.9 391 401.5 415.6 432.8 451.5 466.9 472.3 464.4 451.9 438.1 423.9 409.3 394.5 378.2 367.9 361.4 353.1 345.7 341.1 337.6 332.6 333.8 337.2 341.9 346.7 355.1 362.5 367.3 366.7 368.5 365.8 359.6 352.9
288.6 282.3 276.6 271.4 266.2 261.6 256 249.7 253.1 259 262.8 272.2 282.4 290.7 296.2 299.6 305.2 314 318.6 321.2 322.9 327.2 332.8 341.5 352 361.9 372.1 378.4 383.7 386.4 386.8 385.9 386.2 390.2 393.9 397.4 401.4 407.3 414.9 421.8 424.4 421.2 414.1 409.4 402.5 401.8 408.5 421.2 438.2 452.7 461.2 457.9 447.9 437.2 423.6 410.7 399.5 387.7 373.5 361.4 351.9 344.7 340.1 341 339.6 342 344 347.1 353.6 361.6 370.4 375.3 377.5 378 379.7 373.1 365.7 357.1
290.7 285.4 279.1 272.2 267 262.1 255 248.9 251.3 254.1 261.6 271 280.4 287.9 295.2 300.5 304.2 309.1 312 314.7 317.6 323.1 329.9 339 348.9 358.2 366.8 373.3 377.8 379.6 378 377.1 377.8 380.4 380.8 382.1 386.7 394.7 402.4 410.7 418.3 421.5 423.8 422 414.7 414.9 417.9 423.8 442.4 447.7 446.4 437.9 428.4 420.6 408.2 398.5 389.5 379.5 368.4 357.2 349.5 346.2 342.9 347.5 351.6 355.6 357.4 362.2 367.9 375.3 382.4 385.3 384.1 382.7 381.7 377.1 367.7 357.9
296.9 289.9 283.2 275.4 267.6 262 254.6 248.1 250.1 252.1 258.7 266.4 276.6 283.9 290.3 295.5 298 303.1 305.8 310.1 315.1 320.2 327 336.2 345.1 351.9 359 366.1 370.3 369.1 368.3 366.6 367.4 366.3 365.6 366.9 372.3 379.9 386.6 396.8 412.4 425.8 435.5 437 430.1 430.9 429.8 421.9 435.9 431.6 427.9 419.2 413.4 405.8 397.4 389 378.3 371 360.4 359.1 354.7 351.3 354.7 360.8 366.8 370.1 371.6 377.2 382.3 387.6 390 390.4 385.6 381 376.3 369.6 360.2 350.8
301.9 294.7 287.5 280.4 271.9 262.8 253.5 247.4 249.8 252.5 256.6 264.9 273.1 280.3 286.6 289.2 293.6 299.7 302.1 307.2 312.8 317.9 323.7 331.8 338.4 345.6 352.2 357.3 360.2 360 358.9 356.8 354.4 352.8 351.5 352.1 357 366.8 380.8 399.2 417.2 437.5 452.4 455.9 449.8 443.4 430 413.2 412.9 412.1 406.6 403 398 393.1 389.3 380.1 376 374.7 372.4 366.8 362.3 361.3 368.8 377 383.1 385.2 388.4 393.8 396.1 394.1 390.9 384.6 378.1 370.8 363.3 356.1 349.6 340.4
307 300 294.9 287.2 275.8 264.3 253.8 246.5 249.5 252.9 257.2 262.6 269.5 276.1 279.9 284.5 290.8 296 299.3 307.7 311.9 316.8 322.2 328.4 334.7 340.9 345.5 349 350.4 350.4 347.7 344.3 342 338.7 338.3 342 354.3 369.3 388.2 407.2 429.9 451 466.8 470.5 464.8 446.9 422.8 404.9 397.3 395 392.7 392 387.9 387.9 386.9 384 386.1 385.4 379.4 375.9 372 377.7 387.5 398.5 402.8 404.4 406 407.4 404 398 390.2 379.5 369.4 359.3 350.1 343.5 337.2 331.8
312.2 306.6 301.4 289.9 277.6 264.3 253.3 245.9 249 253 256.9 262.2 267.3 273.8 280.6 282.8 288.9 293.6 299 307.4 312.4 316.5 321.1 326.1 330.9 334.9 338.4 339.8 340.5 338.3 334.7 332.1 329.7 327.8 332.8 341.7 353.5 371.6 394.3 416.3 441.3 461.7 476.1 479.1 467.3 444.9 419.9 398.8 387.1 382.7 381 382.5 383 387 388.7 390.7 392.5 389.9 388.1 385.6 389.9 400.5 411.3 420.7 424.2 423.6 421.8 415.4 407.3 397.6 387.2 373.9 360.9 348.7 340.7 331.4 327.9 323.4
316.8 311.4 304.6 293 272.3 262.3 251.5 244.9 249.5 256 257.2 261.5 267.9 273.8 278.5 281.1 286.6 293.4 300.9 308.4 313 317.6 320.7 322.9 324.7 327.2 330.1 329.8 328.6 326 322.3 319.6 319.6 322.1 331.8 343.2 354.3 374.1 396.8 420.8 445.8 465.8 479.7 483.3 468.4 443.7 420.2 398.7 381.4 372.3 371.3 374 378.4 384.5 391.3 392.5 394.7 395.2 396.7 402.2 411.1 421.6 433.4 442.7 445.1 443.2 433.9 422.5 409.5 394 379.4 366.8 352 341.8 334.9 330.3 325.7 320.7
319.5 313.7 304.5 291.6 275.5 263.1 247.4 248.5 253.6 256.2 256.9 261.3 265.8 270.8 275.2 279.2 285.9 294.9 302.4 307.8 312.1 316.8 318.1 317.7 317.9 319.1 320.3 319.1 316.6 313.4 312.1 313.7 318.5 322.7 331.6 344.8 361.9 380.2 402 427.2 450.9 469.9 483.3 486.5 472.8 449.2 420.5 399.5 378.7 366.9 360 365.3 372.4 380.6 389 395.1 399.3 403.7 411.2 421.9 435 446.3 456.9 467.8 466.9 456.5 443.2 428.2 410.9 392.5 374.9 358.9 349.2 342.5 339 335 330.3 323.7
320 314.1 305.9 294.2 277.4 261.3 247.7 245.6 255.2 255.5 256.1 259.5 263.6 267.8 272.7 277.6 285.4 295.5 302.7 307.7 311.3 314 313.3 311.9 312.9 311.5 311.2 309.9 306.2 304.4 307.3 311.2 316.6 324.2 335.7 351.7 369.8 389.2 413.3 436.8 459.7 477 488.1 491 474.7 451.6 425.1 401.5 378.8 363.5 355.9 354.3 363.2 373.6 384.4 395.6 404.9 414.8 428.3 445.2 459 474.4 482.9 488.3 482.1 467.1 450.9 429.4 409.5 389.1 372 362.7 357 353.9 346.5 341.6 334.6 325.6
318.4 311.7 303.7 291.5 275.9 261.5 250.3 244.1 248.3 253.7 251.8 257.9 262.8 265.8 271.1 275.9 285.1 296.7 300.2 305.3 310.7 311.5 309.9 305.8 303.7 302.6 301.3 299.9 298.8 300.5 301.5 308.6 316.7 328 343.2 359.2 378.2 401.3 425.9 448.3 469.5 482.5 491 491.3 474.2 448.3 423.9 397.9 375.4 358 349.7 348.3 354.6 368.1 384.7 401 416.1 434.2 449.3 464.8 475.2 491.2 499.5 500.8 494.5 476.8 457.6 435.1 412.1 393 380.9 376.7 370.6 363.2 355.1 346.5 337.7 328.8
314 306.3 297.6 286.1 272.8 260.5 253.5 247.7 241.3 244.3 247.4 254 259.9 263.1 268.4 274.3 281.6 290.7 298.2 303.6 309.3 308.3 303.6 298.9 295.9 293.3 291.5 293.5 294.7 297.3 300.9 310.4 321.8 335 351.8 368.2 389.7 414.2 437 458.7 475.6 487 492.1 486.5 467.6 441.5 415.4 390.7 369.8 353.4 344.7 343.4 351.9 368.1 391.8 413.8 435.1 451.2 462.1 471.1 479.6 489.5 501.4 508 503.3 486.9 466 445.9 422.2 405.5 399.2 394.5 384.7 373 361.7 350.3 340.7 330.2
309.6 300.9 290.4 279.5 268.4 263.7 259.4 250.7 242.9 239.9 243.7 247.5 255.6 261.2 265.9 272.1 278.1 286.9 293.1 299.9 301.9 300.9 296.5 291.5 288.6 286.3 288.6 290.8 290.3 296.5 305 316 330.2 344.5 362.7 382 403.9 425.9 450.1 469.2 482.1 487.7 485.4 473.4 451.8 426.9 403.3 381.3 363.7 348.2 340.6 341.5 350.3 374.8 401.3 425.5 444.7 447.7 450.6 453.7 453.2 463.5 487.7 509.7 506.6 493.3 477.1 457 437.1 428.4 420 411.9 397.9 382.3 368.3 353.9 343.8 339.2
307.2 296.4 286.6 279.1 271.8 266.5 262.3 255.4 248.6 241.8 238.6 245.3 253.4 259 264.2 270 276.1 281.7 289 293.8 295 293.3 288.1 282.6 281.2 280.5 284.2 286.1 291.6 299.5 310.7 325.4 340.3 357.9 377.4 398.1 418.1 439.4 458.6 472.6 482.2 483.2 471.2 452.7 431.1 411.3 389.8 373.1 354.2 340.8 337.8 341.2 354 378.7 403.5 424.8 427.6 424.9 423.4 425.3 425.9 450.9 481.9 501.9 502.8 495.4 481.9 471.4 461.9 450.3 440.3 425.7 408.9 390.6 373.4 359.3 350.2 347.1
310 300.2 291.4 282.6 276.2 270.1 264.5 258.8 253 246.9 240.1 239.3 246.2 253.6 261.4 265.7 270.8 275 282 287.3 288.4 283.4 278.3 276 278.3 280 283.4 288.4 296.2 307 320 338.7 353.9 370.2 389.8 408.3 429.1 446.7 461.5 473.4 481.3 476.1 456 435.3 415.1 393 376.3 359.4 344.2 335.2 337.8 346.1 361.9 384.7 402.3 408.6 406 398.9 394 403.2 424.5 448.7 470 479 480 481 484.7 483.2 480.6 471.6 457 437.8 416.9 398.2 380.7 364.9 353.1 359.5
315.5 307.7 297 289.5 282.3 274.9 267 261 255.1 250.6 245.8 237 241 249.7 258.4 262.2 265.5 269.8 277.4 281.5 280.6 272.9 273.9 278.1 280.2 283.8 288.9 294.5 304.1 316.8 332.3 349 363.2 379.6 397.2 414.7 429.6 445 457 468.7 476.8 465.2 445.9 419.1 396.3 379.2 364.7 348.7 336.4 329.2 338.5 352.3 367.3 382.9 391.4 391.7 384.5 372.9 384.6 406 426.4 443.2 446.7 450.6 450.3 451.8 469.3 487 492.8 482.7 464.1 445.6 423.5 404.6 384.4 366 364.5 371.5
320.9 311.5 301.4 294 287.1 278.6 269.7 263.4 257.5 253.9 250.4 236 237 246.2 255.3 259.9 261.4 265.5 270.2 270.9 269 270.5 277.3 280.7 284.2 288.7 294.1 301 313.2 326.8 341.6 357.3 369.7 383.5 398.1 409.5 420 429.5 440.2 450.7 461.7 457.6 437.2 406.4 383.9 367.7 352.3 340.5 330.3 328.7 341 357.6 369.5 379.1 377.5 370.9 360.6 366 386.4 407.6 419.7 419.2 418.5 419.4 418.3 424.2 452.8 482.2 496.3 486.3 466.4 448.4 425.6 404.4 384.9 373.8 377.8 387
325.4 316.6 307.3 297.8 290.6 282.4 273.9 267.4 260.3 256.3 250.2 242.1 234.5 242.2 250.6 254.5 257.8 258.6 263.3 259.8 260.9 270.8 278 283.3 288.3 293.7 299.6 308.7 321.3 335.1 348.5 362.3 370.3 378.7 384.4 391.8 398.1 405.5 416.5 425.1 438.5 446.7 441.2 413.1 388.5 368.7 351.1 335.8 326.3 326.5 343.3 358.6 366.6 368.3 364.8 354 347.8 365.6 384.3 393.8 395.9 390.4 386.5 389.2 392.1 414.5 443.4 471 487.9 480.5 466.2 442.2 417.9 400.4 391.4 390.7 395.4 404.3
331.6 322.9 313.1 302.7 293.7 285.8 277.2 271.8 265.9 257.9 251.5 243.9 234 237.2 246.9 251.6 254.1 253.9 250.4 256.6 266.2 272.3 277.8 283.2 289.6 299.9 305.2 317.2 328.4 339.4 351.7 359.4 358.7 360.4 363.3 369.5 374.2 379.9 385.5 399.6 428.2 444.1 444.5 416.7 393 372.4 353.1 333.3 322.1 323.3 339.6 354.8 360.4 357.4 351.4 340.7 341.8 360.8 371.1 369.5 366.2 363.4 364 373.3 389.2 413.5 440.1 461.6 478.5 481.2 470.8 448.8 426 411.6 410.5 410.9 412 413.9
334.7 328.8 320.1 308.8 298.5 289.5 280.2 274.3 267.3 260.8 252.6 246.5 233.2 232.8 241.7 248.5 251.5 246.3 249.8 260.9 267.8 272.5 277.5 281.9 289 299.1 309.8 320.7 331.6 340.1 344 342.2 341.1 341.3 342.5 346.4 348.9 355.5 375.2 405.1 430.3 449.9 446.2 419.9 394.7 374 354.8 336 322.3 318.9 328.7 341.2 348.3 346.1 340.5 332.6 336.7 350.6 350.1 346.4 346.8 348.5 358.3 370.3 390.7 410.9 435.3 457.9 478.9 485.3 476.3 459.4 441.9 434.8 431 431 428 422.9
339.9 333.8 325.8 315.1 303 292.4 283.4 277 269.1 263.1 255.7 247.5 238.8 232 236.1 242.2 244.5 240.7 250.5 260.2 266.1 270.4 276.9 283.9 294.7 304.1 313.5 323.2 330.5 331.6 329 325.9 325.1 321.3 324.1 328.2 338.1 359 383.6 410.3 434.3 451.8 450.7 426.5 399.2 375.1 355.2 336.6 325 312.8 313.1 328.4 335 332.1 325.9 321.7 331.3 333.3 336.2 339.6 348.3 358 366 369 379.9 402.9 431.6 457.6 479.6 491.3 485.8 474.3 462.3 457.8 454.4 450 440.7 429.1
344.8 338.8 328.4 316.8 305.2 294.4 287.8 279.4 271.8 264.2 256.7 249.7 239.7 231.7 231.1 235.9 235.5 242.8 251.6 256 261.3 269.3 277.8 288.8 298.9 306.2 313.3 317.6 318.9 319.3 315 311.4 307.8 312.7 321.3 327.9 343.7 365.7 391.6 416.5 437.6 451.6 451.9 431.9 405.1 378.9 357.3 336.1 325.5 316 308.7 311.6 319.2 313.6 313.1 319 321.9 328.8 338.1 348 359.9 372.8 382.9 384.2 383.3 395.1 426.3 455.8 480.2 499.9 502.2 489.2 486.6 483.3 478.3 466.6 455.2 442.6
349.8 344.8 333.6 323 312.3 302.6 296 289.2 279.7 269.5 260.1 252.2 243.6 230.9 229.4 230.4 238 243.3 248.6 253.2 258.5 268 278.7 290.2 299.4 303.6 308.1 308.4 308.3 305.9 303.7 298.2 302.1 309.7 319 331.6 352.4 374.4 398.7 421.8 438.2 448.4 447.3 432.1 410.7 384.8 362.3 343.2 328.1 318.1 307.1 300.7 302.2 308.2 314.6 323.9 329.4 337.1 346.8 361.8 378.2 393.4 401.6 405.2 403.4 401 421.8 448.5 474.8 502 513.4 511.4 511.3 504 495.8 482.9 471.2 454.8
355.7 350.4 338.9 330.9 323.7 314.1 304.9 295.7 285.9 275.6 265 255.5 246.8 235.6 228.1 230.5 236.3 241.9 246.7 251.4 257.7 266.7 278.6 285.3 292.1 295.7 296.2 296.8 295.8 294.1 292.6 294.6 300.7 309.9 321.1 339.6 360.6 384.1 405.8 423 435 440 440.5 429.3 411.7 391.6 368.9 348.3 333.4 318.1 306.9 298.6 299.6 313.1 323.2 334 344.6 354.5 366.5 381.6 398.3 413.2 422.3 426.3 423.4 419.6 425.3 442.9 466.6 497.3 520.5 523 520 513.2 505.4 493.6 480.7 464.8
361.7 356.9 344.4 335.9 329.1 321 310.3 300.8 290.8 279.3 268.3 259.9 251.2 239.2 227.7 227.2 233.1 239.8 243.8 248.8 255.2 262.9 270.3 276.8 280.4 283.1 284.1 287.8 289.9 286.1 287.6 292.2 300.3 311.8 328.9 349.2 372.5 391.4 409.1 421.1 426.5 425.5 424.6 423 411 393.8 372.8 352 332.5 318.6 304.7 298.3 301.8 318.1 333.7 346.7 357.7 373 385.2 401.9 417.4 433.5 443.7 450.1 449.5 442.9 443.3 459.5 479.1 504 522.7 524.5 522 517.2 505.2 491.2 478.2 464.1
