webserver/python/data/NT14.asc
ncols 200
nrows 200
xllcorner 310000
yllcorner 640000
cellsize 50
[rows 0 to 34 of 200, columns 0 to 77 of 200]
262.6 264.7 267.7 268.4 270.1 273.1 272.5 259.2 251.2 259 263.2 257.3 258.8 266.9 288 298.6 306.4 313.5 318.5 322.7 324.5 324.6 323.2 321.3 319.9 318.7 317.5 315.4 322.6 332.2 347.1 361.2 365.1 358.4 344.9 330.1 319.2 308.1 307.7 312.5 322.8 330 316.1 297.5 282 274.6 269.8 267.5 264.1 267.8 270.9 270.8 264.1 258 254.1 249 245.1 241.5 237.1 234.6 233.7 236.2 238.7 251.1 254.4 253.1 265.6 263.1 247.6 236.8 235.4 234.7 241.7 241.7 242.1 242.3 242 241.5
261 262.6 264.8 266 268.4 265.6 256.3 253.5 258.9 263.2 261 257.3 261.6 273 291.1 300.1 308.4 314.4 318.8 321.2 322 321.8 320.5 318.7 317 315.1 313.6 316.6 324.3 336.1 352 361.2 358.9 350.8 341.7 325.6 312 304.4 295.8 299.1 302 303.3 296.2 280.4 273.6 269.2 266.5 263.8 261.3 264.6 266.8 263.2 259.3 253.6 248.9 246.3 243.6 243.8 241.7 239.5 235.1 232.8 237.1 244 245.1 243.6 255 255.9 239 234.2 234.3 239.9 240.6 239.9 240.4 241.3 241.3 241.2
258.4 262.3 264.8 265 260.5 251.5 255.1 261.6 264.8 266.4 258 256.2 263.9 280.2 296 303.6 311 315.7 318.6 319.3 319.6 319.1 318.4 316.1 313.8 312.1 311.1 317.7 328.2 342 354.5 358.5 355.6 350.7 336.9 319 307.9 299.3 290.6 287.1 286.1 283.1 276.8 271.4 268.3 265.8 263.1 260.3 259.3 261.8 260.5 256.3 254.1 250.1 245.8 243.6 242.4 248.3 241.9 239.5 235.5 232 235 237.7 237.6 238.9 240.8 243.8 236.8 234 236 240.2 239.3 238.3 238.2 240.4 240.7 240.9
257.4 260.5 262 258.5 250.5 258.4 263 264.3 260.9 256.5 255.1 257.9 269.9 288.4 299 307.3 313.1 316.1 316.9 316.4 315.9 315.4 313.7 311.4 309.7 308.4 311 318.5 331.8 348 356 357.8 355.4 343.6 330.2 317.2 307 296.9 288.3 281.4 277.1 274.9 270.3 266.9 264.2 261.5 259.1 256.7 257.3 256.2 254.5 251.5 249.3 245.3 242.2 240.1 239.6 244.5 240.5 237.6 234.5 231.1 231.8 233.8 234.7 235.1 236.5 242 240.5 233.3 237.5 238.7 237.5 236.8 236.5 237.6 240.7 241.1
253.2 255 254.3 248.2 257.7 263.7 263.1 262.5 254 252.7 256.5 263.1 278.4 291.7 300.5 307.1 312 313.7 313 312.2 311.5 310.3 308.5 307.5 306.1 305.9 309 319.5 338 351.2 358.1 358.4 351.4 339.8 329 317.2 306.7 295.9 286.8 280.4 274.6 268.1 265.5 264.7 260.1 257.2 255.5 253.4 254.3 253 250.3 248.3 245 242.6 239.3 237 234.7 237.3 238.5 235.2 233.2 230.7 230.5 231.5 232.8 233.1 236.8 240.9 237.6 232 232 235.6 235 234.6 235.9 237.5 241.1 241.2
247.4 247.7 245.1 253.7 258.4 261.9 262.3 256 250.7 254.7 262 272.5 286.1 294.6 301.2 306.3 308.7 309.1 308.3 308 306.1 305.1 304.1 303.7 303.8 304.7 307.7 323.4 345.7 356.9 360.1 357.7 348.6 339.2 331.1 317.9 306.3 295.3 287.2 281.1 275.4 269.9 265 258.7 256 253.9 253.4 251.7 251 248.8 247.5 245.6 243.1 239.9 237.2 235 232.6 236.1 238.3 232.8 232 233.3 232.5 234.7 234.4 233 233.6 233.6 232.4 231 231.7 232.6 234.9 235.2 236 238.7 241.2 241.4
245.2 244.8 255.3 259.3 258.9 259.1 252.9 250.6 251.8 262.3 271.4 281.4 289.5 294.9 299.3 303.2 304.2 303.8 303.3 300.8 300.2 299.1 298.7 301.1 303.7 304.7 311.5 326.5 347.6 358.2 360.3 354.2 348.6 342.5 332.6 318.9 307 296.5 288.9 282.7 275.9 269 262.6 256.6 253.1 251.9 251.1 249.9 246.9 245.6 244.6 243 240.8 237.2 235.3 232.9 229 229.4 237.2 234.1 230.9 229.4 228.8 228.1 227.5 231.4 235 232.2 229.1 231.6 233.5 236.4 236.7 236.7 237.3 240.5 241.1 241.3
248.4 255 258.1 259.8 257.8 250.6 252.5 250 258.5 266 275.8 285 288.8 291.3 294.6 296.2 297.3 296.7 295.5 294.8 296.8 296.7 300.2 301.9 303.3 306.6 314.5 329.6 348.3 357 357.2 353.9 349.6 341.5 332.8 320.6 307.7 298.6 290.7 282.2 273.6 265.2 258.3 253.6 249.8 249.8 248.5 247 245.4 241.9 241.5 239.9 238.1 235.7 233.9 229.7 227 227.5 231.3 231.9 227.6 228.3 227.7 228.2 227.9 228.6 229.6 228.5 235.4 237.5 237.9 237.6 237.4 238.6 239.7 240.7 240.9 241.2
252.6 256.4 258 259.3 255.1 248.3 250.5 259.1 262.4 268.2 275.8 281.8 285.6 287.8 288.5 289.9 290.6 290.5 291.3 295 296.7 297.8 299.1 301.3 304.7 309.7 315.9 328.8 345.9 354.7 356.2 354 348.6 343.1 334.8 322.1 309.9 300.4 289.5 279 269.5 260.7 254.7 250.8 248.4 246.3 246.4 244.6 242.6 240.2 237.7 237.4 235 234 232.6 227.8 226.7 225.6 237.3 231.8 228.3 227.3 227 228 228 226.3 227.8 230.1 235.9 236.8 236.9 236.8 237.5 239.3 240.5 240.6 240.7 241
253.2 253.9 254.7 254.7 246.4 247.6 250.5 259.6 264.3 270.2 274.2 277.1 281.8 283.9 283.9 283 289.3 291.2 293.4 294.1 295.2 296.3 298.3 302.5 306.6 311.8 318.1 331 345.5 354.3 355.3 352.5 350.8 344 334.3 322.1 312.1 298.8 286.3 274.8 264.9 256.9 251.3 248.2 246.1 243 243.6 241.8 240.4 238.2 235.7 233.4 233.1 234.8 228.4 232 232.6 227.9 232.2 230.4 229.2 226.8 226 227.4 227.2 225.6 229.4 233.2 235.6 235.9 236.2 236.8 237.4 238.6 240.1 240.5 240.6 240.7
249.2 250.1 251 244.7 244.5 250.8 259.5 265.4 268.1 269.4 272.4 275.1 276.2 281.5 283.9 287.4 290.3 289.8 289.9 292.2 292.9 294.8 298.8 303.1 307.6 313 320.6 332.3 346.1 353.1 352.8 351.9 351.5 342.3 334.6 324.2 310.1 295.2 281.4 269.8 259.4 253 248.2 245.4 243.3 240.4 240.4 239 237.6 236.2 234.2 231.9 230.4 236.2 225.3 234.2 232.3 225.5 226.6 222.4 225.4 224.1 226.2 225.6 224.5 227.7 232.5 233.6 235.8 236.8 237.1 237.4 237.7 238 238.6 238.6 238.7 239
248.2 245.7 243.5 241.9 251.1 258.8 263.9 269.1 270.2 270.2 273.5 276.3 276.7 282.6 285.3 287.5 286.5 285.8 286.6 289 290.8 295 299.4 303.6 308.3 314 324 334.7 347.2 351.9 351.5 350.8 347 340.6 333.6 322.7 304.1 288.4 275.3 263.1 254.5 249.1 245.1 242.7 240.3 237.5 237.5 236.2 234.7 233.3 231.3 229.2 228.3 226 227.9 229.6 222.9 227.9 226.1 221.5 221.7 223.3 223.3 223.7 228.4 231.3 232.7 233.5 235.3 236.9 237.4 237.9 238.6 239.3 239 238.7 238.5 238.3
245.7 241 239.8 249.2 258.3 262.2 267.6 270.2 271 271.3 273.8 275.8 276.2 281 282.3 281.7 282.1 282.5 283.6 285.9 290.6 294.3 299.4 304.3 309.3 316.9 325.4 338.8 347.4 351.1 351.3 348.6 344 337.2 329.5 314 297.2 280.7 266.3 256.2 250 245.1 241.2 238.9 236.8 235.4 235.4 234.5 233.3 231.2 230.6 227.8 227.2 224.9 223.4 222.4 225.5 221 221.8 221.4 222.3 225.2 225.7 228.9 232 232 233.3 234.1 235.6 237.9 239.3 238.9 238 237.8 239.5 239.2 238.9 238.7
240.6 237.6 246.3 256.7 260.4 266 268.7 269.9 271 271.5 273.4 275.7 277.6 275.4 277.2 278.1 279.1 280.1 282.4 285.8 290.2 294.4 298.9 304.1 311.1 318.6 327.9 339.6 349.8 354.8 352.3 347.5 339.1 330.3 320.1 304.5 286.2 269.4 258.2 250.7 245.3 240.9 237.8 235.7 234.2 233.4 233.3 232.4 231.2 230 230.6 227.4 224.7 223.1 221.7 220.8 220 219.5 219.3 220.5 223.2 225.4 227 227.7 229.7 229.8 231.8 233.3 234.8 237.1 236 235.7 234.8 236 237.9 239.4 238.8 237.7
238 246.5 254.2 257.6 261.8 265.6 268.8 269.7 270.4 270.9 273.2 274.7 275.5 273.7 275 275.7 277.3 278.3 281.7 286 290.8 295.1 299.6 306.3 312.2 322.9 330.5 339.3 354.1 355.4 350.6 343.4 333.8 323.3 307.5 290.2 274.6 260.6 252.7 245.3 240.9 237.8 234.8 233.6 232 230.9 230.8 230.7 229.4 228.1 227 224.4 222.7 222.1 224.7 219.4 218.9 218.8 218.9 220.1 222.1 224.2 225.3 226.2 227.8 227.7 229.8 229.5 229.1 230.7 231.9 230.8 231.1 232.7 234.5 237.4 237.7 236.6
234.5 249.9 256.1 261.5 262.7 265 267.5 268.8 270 270.4 272.2 274.5 275.7 273.4 275.1 274 275.6 277.8 282.3 287 291.3 296.5 303.1 310.5 320.2 325.9 330.3 339.5 348.3 350.3 344.8 336.8 326.3 308.3 292.5 276.2 263.8 253.2 246.4 240.3 236.3 233.5 232.8 231.2 229.8 229.3 228.9 229.4 228.3 227 225.9 223 224.2 227.2 218.8 218.4 218.2 218.1 219.5 221.1 223.7 224.5 226.5 227.4 227.2 226.5 226 226.3 226.7 227 227.5 232.1 230.5 230.8 233.4 235.1 235.7 235.7
240.9 250.8 259.8 264.3 265.2 266.1 268.3 269.9 270.5 269.5 272.3 274.1 274.4 273 272.5 272.8 274.6 279.2 283.6 288.1 293.3 299.1 306.1 315.4 322.3 325.6 329.1 337.6 341.6 338.7 333.4 324.3 308.6 293.5 280.3 263.6 254.5 245.7 240.9 236.4 233.3 230.6 230.8 230.1 229 227.7 226.9 227.7 228 226.8 225.6 221.4 223.9 219.3 217.7 217.5 217.8 218.1 220.3 221.3 222 223.4 225.3 224 224.4 224.4 225.2 226.6 227 227 228.2 229.3 231.4 231.3 232.9 234.5 234.7 235.7
246.9 254.1 261.7 266.6 268.6 268.9 270.3 272.1 274.4 271.9 269.3 272.3 272.8 272.3 272.1 271.2 275.4 280.4 285 289.3 295.1 301.5 309.2 319.5 322.8 324.4 324.9 325.5 327.8 325 315.8 305.4 293.3 279.1 263.4 254.3 246.3 241.1 236.7 233.8 231.8 229.1 228.4 228.4 227.6 226.3 225.1 224.9 223.9 224.2 222 220.4 224.5 217.2 217.2 219.8 219.2 218.5 220.5 220 220.5 221.7 222.1 222.6 223.3 224.6 226 228.5 229 229.2 230.3 231.6 233.6 233.9 234.4 234.8 235.1 236.3
248.6 256.4 264.3 271 275.2 275.1 272.4 272.5 273.6 273.8 269.3 270.3 271.1 271.2 269.7 270.3 275.9 281.2 285.7 290.7 296.7 304.1 314.1 320.1 322.7 322.2 318.9 313.3 313 307.9 301.8 292.4 277.4 263 255.3 247.2 242.2 237.3 233.5 232 230.2 227.7 225.8 225.7 225.5 225.2 223.7 222.7 221.6 220.5 220.6 219.7 219.2 216.9 219 221.4 221.3 218.9 219.5 220.1 220.7 223.2 224 224.1 224.6 227.5 227.8 230 231.3 230.9 231.8 233.8 235.3 231.7 235.1 235.6 235.6 236.7
251 259.8 268.4 275.1 277.6 278.2 275.6 271.3 272 271.5 270.1 268.5 268.6 268.3 269 271.3 276.9 281.8 286.8 292.8 298.5 306.2 314.6 320.2 321.6 316.8 308.4 301.1 294.6 290.9 285 276 263.1 254 246.6 242.1 237.4 233.9 230.8 230 227.9 225.2 223.9 222.8 221 223.3 224.1 221.8 220.1 219.1 220 217.8 216.7 217.8 220.3 221.3 220.4 219.6 220 220.6 222.1 223.2 225 225.2 225.8 228.8 230.8 230.1 232.1 232.3 233.1 235.7 237.8 235.8 234.9 235.9 237.4 238.4
253.7 265.3 269.4 274.2 276.5 278 275.2 271.4 269.2 268.9 268.5 266.8 265.8 266.6 268.4 271 277.7 283.2 288.7 293.5 300.7 308.1 315.9 318.5 313.7 306.3 297.7 289.5 279.2 273.7 260.3 259.5 250.8 245 241 237.3 235.2 232.3 229.7 227.8 226.3 222.7 221 220.5 220.3 221 220.2 220.2 220 217.8 218.3 216.6 216.5 219 220.8 220.7 220.9 220.4 220.5 223.3 224.1 224.7 224 227.8 230.7 233.2 234 231.5 233.2 235.5 236.8 238.2 240.1 238.1 235.6 237.7 239.2 238.9
259.5 267.6 270.7 273.1 275.5 276.2 272 269.4 266.9 265.6 266.1 263.8 261.1 265.5 267.4 271.3 277.3 283.5 288.6 295.8 303.1 309 311.2 308.5 303.4 296.8 288.1 278.9 267.2 260.2 254.4 246.7 242.2 238.4 236.9 234.1 232 229.9 227.6 224.8 222.8 220.9 219.6 219.1 219.7 219.3 218.7 218.7 217.3 216.4 216.4 215.7 221.6 224.6 220.8 220 220.5 220.8 224.2 226.2 226.9 223.6 226.6 230.8 234.4 235.6 235.4 233.1 234.7 237.2 237.5 239.1 238.6 236 238.8 240.8 238.8 238
257.2 263.8 269.6 269.8 269.5 269.4 267.8 266.5 264.5 262.1 261.5 259.2 259.4 265 267.6 271.8 277.6 283.9 290.7 298.6 304.5 305.2 302.8 299.5 294.6 286.7 277.5 267 257.5 250.6 243.3 239.7 237.4 235.3 233.6 231.9 229.9 227.2 225.1 222.5 220.6 218.9 218.2 217.7 217.9 218 218.4 217.4 216.8 216.4 215.2 217.7 223.3 225.8 222.6 219.6 219.5 223.5 227.7 229 227.7 223.5 225.6 231 239.9 236.1 235.7 235.4 236.8 239.2 239.6 238.9 238 236.4 239.8 240.4 238.9 238.6
251.9 256.9 261.2 264 263.1 263.3 263.4 261.3 260.1 258.6 252.7 257.1 259.7 264.6 268 272.2 277.7 284.7 291.7 300 302.3 300.4 296.1 290.5 285.4 278.1 265.8 255.9 249.1 244.2 239.9 235.7 234.9 233.2 232.1 230.7 227.3 224.4 222.6 220 218.9 217.6 217.1 217 216.9 217.3 218.5 217.2 216.8 215.8 217.9 221.6 223 222.7 221.1 219.8 221.7 229.3 231.1 228.6 225.5 223.8 228.7 230.7 236.5 237.1 237.8 238.9 239.6 241 240.2 239.2 237.8 236.5 238.8 239.1 239.9 240.7
244.4 248.8 253.1 256.7 258.3 258.5 258.3 256.5 254.8 250.1 255.4 256.1 260.5 265.9 269.5 273.5 280.1 287.2 297.3 301.1 301 297 289.7 283.1 275 265.8 255.1 249 243.9 237 235.7 233.3 232 230.6 228.8 225.9 223.8 221.7 219.7 219.1 217.5 217.3 216.9 216.6 216.5 219.6 217.6 217.2 215.1 215.9 218.2 219.8 221.1 220.8 219.3 218.9 222.9 227.9 227.7 225.9 224.2 225.5 229.7 232.5 238.1 241.2 242.5 242.6 241.9 240.7 240.6 239.5 238.7 237.5 237.4 238.8 240.8 243.6
234.2 240 245 249.4 251.4 251.3 252.1 251 249.1 242.3 251.2 255 261.5 267.1 269.3 277.3 284.2 293 302.1 303.7 299.2 292.5 283.9 275.4 266.4 257 249.9 244.1 238.7 235.1 232.2 231.8 228.7 227.5 225.3 222.5 221.8 219.9 219.3 218.7 218 216.9 216.5 216.1 216.1 217.8 219 217.5 214.6 216.6 216.9 217.5 218.3 218.2 218.8 222.3 222.9 225.1 225.9 225.5 225.8 229 232.5 237.7 241.1 244.7 245.3 243.2 242.6 239.8 239.8 239.5 239 238.9 239.5 241.2 243.7 247.5
227.5 230.7 234.3 239.8 244.2 244.7 245.9 245.5 244.7 244.1 250.9 255 262.7 267 270.5 279 287.7 300.9 307.7 303.2 295.9 287 278.4 269.4 260 250.9 244.1 238.8 234.6 233.6 230.5 228.3 225.6 224.5 224.3 222.3 222 221.5 218.8 218.1 217.3 216.2 215.4 215.3 215.8 216.5 218.3 216.4 214.1 216 216.2 216.5 217 218 223.7 224.2 226.1 227.6 227.4 229.8 232.6 235.5 238.9 242.5 243.9 246.2 246 244.7 243.2 239.6 239 239 239.5 240 241.8 244.4 247.6 251.3
225.3 226.7 228.4 231.2 234.8 237.9 238.9 242 237.2 244.4 250 254.9 262.5 267.6 273.5 281.8 287.9 296.2 300 295.2 290.1 281.6 273 263.5 253.9 245.9 239.2 233.6 232.1 230.6 228 226.5 226 226.3 226.1 223.4 223.4 220.1 217.8 217.1 216.3 215.3 214.7 215.4 214.1 215.8 216.8 215.1 214.5 215.7 216.2 217.1 217 218.2 223.8 224.7 227.1 228.2 231.6 236.7 238.2 241 243.9 246.3 248.6 248.3 247 245.1 241.8 239.3 239.2 240.2 240.8 241.8 244.5 248.4 251.6 253.3
223.1 224.9 226 226.7 228.9 231.5 232.7 234.8 234.9 242.4 247.2 254 263.2 267.3 275.9 280 283.9 287.1 290.1 288.9 283.7 276.2 266.6 257.4 248.9 240.9 238.5 238.3 235.2 233 232.9 233 233.1 233.2 228.9 224.9 220.7 218.9 218 216.2 215.3 215 215.3 215 214.4 215.8 216.5 213.8 213.9 215.1 216 216.9 217 220.6 223.6 223.4 226.2 228.6 233.2 239.9 241.4 244.2 247.1 249.1 249.4 249.3 246.9 243.6 240.4 239.5 239.7 240.9 242 243.1 248.3 251.8 252.8 253.9
222.8 223.2 223.8 224.8 226.1 227.4 228.5 229 232.5 237.4 242.6 250.8 259.9 266.2 273.5 275.3 276.2 279.9 284.6 282.1 276.8 269.7 261 259 252.7 256.1 261.2 255.8 254.9 250.1 245.3 242.6 236.8 231.4 227.1 224.4 221 218.7 217.7 216.5 215.7 215.4 215 214.6 214 214.6 214.3 213.7 213.9 214.9 215.8 216.3 217.6 221.6 222.2 224.3 226.9 229.5 235.8 241.3 244.8 247 249.2 249.6 249.1 247.2 245 243 240.9 240.9 241.4 243.3 245.4 246 247 252.6 253.7 254.6
224 222 222.4 222.9 224.1 225.4 225.7 227.1 228.5 230.8 238.1 244.6 254.9 263.9 268.8 269.6 270.2 272.7 276 272.7 267.2 258.5 250.9 252.7 253.9 263.2 260.5 264.2 259.4 254 247.7 238.6 233.8 230.7 226.8 222.2 219.3 217.6 216.3 216.3 215.7 214.7 214 214.2 213.7 213.3 213.5 214 213.9 215 215.9 216.1 217.3 220.5 220.9 223.1 225.3 230.9 237 244.1 248 249.2 250 249.2 246.9 244.7 242.3 242.2 242.2 242.6 243.9 246.4 249.9 251.9 251.3 251.7 253.6 254
226.3 223 222.4 222.6 223 224 224.1 225.1 225.8 227 233.3 240.5 249.1 255.6 265 265.7 266.2 267.5 266.7 262 254.5 247.1 246.1 247 250.8 255.9 254.4 259.7 260.5 252.9 242.5 235.1 231.6 228 223.6 220.3 218.7 216.8 217.1 216 215.3 214.4 213.5 213.4 213.2 212.9 214.4 213.7 213.9 214.7 215.6 215.9 216.8 218.5 220.2 221.9 225.3 230.5 237.6 243.9 248.7 249.1 249.5 247.7 244.7 242.7 243 243.2 243.6 245.6 247.5 249.8 252.9 254 252.1 251.6 252.7 253.3
234 231.6 225.1 223.1 223.9 222.1 222.3 223.8 224.5 225.2 230 236.9 244.5 248.1 253.6 262.4 262.7 262.9 257.2 251.5 245.4 244 245.5 248.9 253.1 252.9 249.1 257.2 253.3 249.4 238.5 231.2 227.3 225.2 221.7 218.9 217.6 217 216.2 214.5 214.8 214.5 213.5 213.6 213.7 213.3 213.8 213.4 214 214.5 215.1 215.7 217.1 218.7 220.5 222.2 225.1 233.2 239.7 245 248 248.4 247.8 245.4 243.6 244.1 244.6 244.6 246.6 248.6 251.1 252 253.5 253.9 252.2 251.7 251.8 252.5
233.4 232.5 229.7 228.9 224 220.6 220.9 221.8 222.5 223.5 226.2 232.4 239.4 241.4 244.9 252.4 253.1 249.6 247.4 245.3 243.6 247.4 254.7 260.1 259.3 245.7 247.2 247.6 250.4 246.1 235.7 232.1 227.7 222.8 220.2 218.2 217.6 217.1 216.3 215.6 214.2 214.2 213.7 213.9 214 214.1 213.5 213.5 214.2 214.8 215.4 215.9 217.7 218.3 220.6 222.3 226.7 234.3 242.1 245.8 247.1 247.3 246 244.6 245.8 246.2 246.3 247.2 249.6 252.1 254.3 254.9 254.8 253.5 253 252.3 252.2 253.8
237.2 234.1 229.2 243 241.7 227.6 222 220.2 219.9 221.7 224.3 229.1 236.6 236.4 240.1 243.8 243 238.4 245.7 252.7 252.7 255.9 258.9 258.7 251.5 242.9 244 247 251.5 245.7 242.2 234.2 226.5 222 219.7 218.2 217.5 216.8 216.1 215.3 215 213.8 213.7 213.2 212.6 213.6 212.9 213.4 214 214.6 215.2 215.6 217.5 218.6 219 220.8 227.9 236.9 242.4 245.2 246.6 245.8 246.8 246.9 247.7 249 249.5 250.7 253 256.2 257.1 256 254.2 253.4 253.1 253.3 253 255.7
