webserver/python/data/NT21.asc
ncols 200
nrows 200
xllcorner 320000
yllcorner 610000
cellsize 50
[rows 105 to 139 of 200, columns 78 to 155 of 200]
432 431.2 430 426.7 419.7 405.9 389.6 371.3 355.8 341.3 327.5 312.5 298.2 307.6 325.5 347.2 367.2 382.9 399.5 411.7 429.1 437.2 447.7 457 449 438.6 425.1 410.3 395.8 382.1 368.9 358.1 346.6 334.4 320.8 291.6 292.1 295.9 299.3 305.3 310.7 310 308.6 307.3 303.9 303.1 301.2 297.4 297.9 296.3 294.8 282.6 298.7 306.6 322 338.6 356.9 370.3 365.8 360.2 350.3 339.3 326.8 316.6 307.2 298.5 277.8 277.2 279.5 283.2 288.7 290.9 288.8 275.8 260 245.7 237 234.3
430.1 428.9 426.1 423.5 417.4 408.1 390 376.5 360.3 347.7 333.9 321.4 310.3 288.3 308.8 328.1 346.1 359.5 373.1 389.5 407.2 420.6 428 436.7 431.2 421.9 412.5 396.7 384.5 372.9 360.4 351.9 342.7 331 319.9 306.6 288.6 277.8 276.2 276.2 280.6 281 279.6 278.3 278.5 277.2 275.8 275.7 273.3 274.6 273.4 267.4 277.6 289.8 298.5 310.1 324.2 335.2 339.1 335.6 331.4 327.3 316.5 305.1 294.6 286.4 273.9 265.4 261.6 261.8 258.5 257.5 254.9 246.5 240.6 234.7 230.9 228.3
424 422.9 420.4 417.3 411.3 399.4 387.2 375.1 360.4 345.7 332 321.1 314 297.5 289.8 306.2 320 337.7 350.3 364.9 379.4 390.1 400.2 409.4 410.8 404.5 394.2 381.6 372.5 363.2 352.9 345.4 336.9 327.7 318.3 311 300.1 285.6 272.5 260 256.9 258 257.8 255.3 253.3 252.3 250.1 249.5 250 250.6 252.3 254.1 260.4 263.2 271.5 280.4 289.6 298.4 303.4 305.1 304.2 302.3 293.8 281.8 274.8 267.5 259.1 256.2 254.2 250.4 245.3 241.4 238 235.8 233.4 228.9 228.9 228.7
417.2 415.5 413.1 409.5 403.1 389.5 377.4 366.6 352.4 335.7 326 317.3 309.6 299.6 279 284 301.2 314.4 325.9 335.8 346.3 354.1 366.9 374.6 380.7 382.2 376.1 366.3 359.9 355.3 346.1 340.5 333.8 324.2 314.6 306.5 296.8 285.1 275.3 267.2 257.9 248.4 246.6 243.8 241.5 238.3 238.1 237.1 237.2 238.6 241.8 243.7 243.2 242.6 247.6 254.2 260.6 263.9 267 268.2 269.4 266.2 259.8 255.5 252 249.1 247.6 246.5 248.4 242.6 239.7 235.8 234.1 229.3 229.1 229.3 229.1 228.7
410.2 405.8 401 397.9 391.4 377.9 364.9 351.3 336.7 324.5 316.6 310.3 297.2 288.2 280.2 270.3 276.8 286.7 296.9 306.7 315.5 324.2 334.2 340.8 347.1 353 353.2 349.9 345.4 341.1 336.1 335.4 331.9 317.8 305.3 293.4 284.3 270.4 261.5 253 248.8 245.8 243.5 241 238.4 238 236.9 235.8 234.8 234.9 235.9 236 234.4 233.6 233.4 235.4 237.8 240.7 242.2 241.4 242.9 240.4 238.6 237.1 236.4 238 238.3 239.4 241 239 234.3 230.6 229 229.2 229.7 229.4 229 228.7
399 394 385 382.6 372.6 361.2 348.9 334.7 321.6 312.3 305.4 296.4 284.5 276.6 270.7 263.7 259.4 264.5 269.2 280.7 287.6 295.8 300.5 305.7 312.7 317.7 321.4 320.7 322.8 323 321.4 318.2 317.7 302.5 288.4 278.6 268.1 255.4 246.2 242.1 242.4 243.1 241.7 240 238.2 236.9 235.6 235 234.1 234.1 233.4 233.2 233.7 232.8 232.5 232.3 232 231.6 231.3 231.2 231 230.8 230.3 230.1 229.9 230.1 232 233.5 233.1 232.2 230.1 228.7 229.3 229.6 229.4 229.3 229 228.7
388.7 379.7 373.4 367.4 354.5 343.6 333.2 320.9 308.1 299.6 291.5 281.7 272 265.7 260.4 255.3 251.6 253.9 252.1 256.1 263.3 269.9 275.2 278.2 283.9 288.4 291.4 290.1 290.5 295.5 295 290.2 288.4 279.9 269.4 261 251.6 242.1 237.8 236.3 238.7 239.6 238.4 237.4 236.6 235.1 234.6 234 233.7 233.5 233.3 233.1 233.3 232.7 232.4 232.2 232 231.7 231.4 231.3 231.2 230.9 230.4 229.9 229.5 229.5 229.8 229.5 229 230.2 230.1 229.3 229.4 229.3 229.1 229 229 228.9
373.6 366.4 361.6 350.2 338.5 328.9 318.1 306.8 295.2 284.4 276 267 260.2 256.3 252.5 248.5 247.1 247.7 244.5 243.6 246.5 251 252.5 254.3 257.3 259.5 260.9 260.2 263.8 266.5 265.5 261.3 260.4 254.9 246.3 240.3 237 236.4 236.4 236.3 235.8 236.1 236.8 236.2 235.3 234.2 233.9 233.9 233.8 233.5 233.3 233 232.8 232.6 232.4 232.2 231.9 231.7 231.5 231.4 231.3 231 230.5 229.9 229.6 229.5 230.3 231.4 230.3 230.5 229.9 228.8 228.8 229.2 229 228.1 229.2 229.2
358.7 355.9 348.9 338.9 327.6 315.8 301.7 291 280.8 269.8 262.9 257.2 252.2 248.5 245 244.9 245.1 244.5 243.1 242.4 241.7 241 239.6 239 239 239.4 239.7 240.9 241.5 240.7 240.5 239.5 238.2 238.3 237.9 237.7 236.5 236.4 236.4 236.4 235.9 235.8 236.1 235.2 234.7 234.4 234 233.9 233.8 233.6 233.3 233.1 233.1 232.6 232.3 232.1 231.9 231.7 231.5 231.2 231.1 230.6 230.4 230.3 230.1 229.9 230.5 231 231.1 229.7 230.1 229.4 229.2 229.2 229.3 229.2 229.4 229.4
345.1 344.4 336.1 325.9 315.6 300.5 289.4 277.3 266.6 258.4 254 248.7 246.5 245.7 244.8 244.4 244.2 243.7 243.3 242.8 241.3 239.9 241.2 240.7 240.5 240.2 240.2 240 240.1 238.2 238.8 238.4 238.3 238.3 237.9 237.6 237 236.4 236.4 236.4 236.1 235.4 235.1 234.8 234.7 234.5 234 234 233.8 233.6 233.4 233.4 233.6 232.7 232.4 232.1 231.8 231.6 231.3 231.1 230.9 230.8 230.7 230.7 230.6 230.4 230.3 229.3 230.4 231.1 230.3 229.9 230 230 229.6 229.7 229.9 229.8
332.8 333.6 323.3 310.6 295.5 285 274.7 265 257.8 251.8 247.1 246.5 246 245.2 244.5 244 243.9 243.7 243.3 243 241.9 241.2 241.2 240.6 240.1 240.1 240 239.9 239.6 239 238.8 238.5 238.4 238.3 238 237.7 237.5 236.4 236.4 236.4 236.4 235.5 235.2 235.1 235 234.5 233.9 234 233.9 233.8 233.7 233.7 234 232.8 232.5 232.2 231.8 231.4 231.2 230.9 230.7 230.6 230.5 230.4 230.4 230.3 230.1 229.7 229.9 230.8 231.3 230.4 230.9 230.4 229.9 229.9 230.2 230.1
322.1 318.1 308.5 293.9 281.7 271.7 263.2 255.9 250.6 246.4 245.9 245.4 244.9 244.4 244 243.7 243.4 242.7 242.4 241.5 241.5 242.1 241.3 240.6 240.2 240 239.9 239.7 239.6 239.3 238.9 238.6 238.5 238.3 238 237.8 237.6 236.6 236.4 236.4 236.4 236 235.2 235.2 235.2 235 234.5 234.6 234.8 234.3 234.2 235.9 234.1 232.8 232.7 232.4 232 231.4 231.1 230.8 230.5 230.4 230.3 230.2 230.1 230 229.5 229.7 230 230.2 230.7 230.6 230.9 230.7 230.5 230.4 230.6 230.6
306.9 300.2 287.5 276.4 270.5 261.7 255.1 247.7 245.1 247.4 247 246.6 246.8 246.1 247.6 249.9 250.3 251.3 247.8 247.4 246.9 246.9 244.7 241.2 240.6 240.2 239.9 239.8 239.8 239.3 238.9 238.8 238.6 238.3 238.1 238.3 237.6 236.7 236.4 236.4 236.4 236.4 235.2 237.4 240.5 241.1 240.4 243.9 244.8 243.7 242.3 243.9 241.9 239.3 235.9 233.8 232.9 231.4 230.8 230.6 230.4 230 230 229.9 229.9 229.6 229.6 229.9 230.2 230.4 230.7 231.2 231.4 231.3 231.1 231 231.1 231
291 280.1 271.1 265.4 259.3 252.8 248.8 247.7 249.7 250.2 247.4 253 258.1 265 269.3 270.3 269.5 265.2 261 256.5 255.5 255.9 252.5 248.3 244.7 242.2 243.6 242.5 239.8 239 238.7 238.8 238.7 238.6 239.2 238.2 237.6 236.8 236.4 236.4 236.4 238 242.1 246.1 249.5 252.3 254.9 258 258.4 257.6 255.2 252.5 250.3 248.9 246 241.1 240.8 238.1 234.9 231.2 230.3 229.8 229.5 229.6 229.8 229.9 230.1 230 230.4 230.6 231 231.4 231.4 231.7 231.7 231.6 231.6 231.5
275.2 270.3 264.5 259.7 255.3 250.6 246.6 253.6 254.6 256.3 261.4 270.1 282.3 285.7 292.3 289.9 286.6 281.8 276.2 270.4 267.6 266.9 264.7 259.9 255 252.3 250.2 247.1 245.2 244 242.3 241.2 242.6 240.2 238.8 237.9 237.5 237 236.4 239 244.1 250.2 255.4 259.8 262.9 268.1 270.3 272.8 271.5 272.7 270.4 265.5 264.8 263.6 260.9 256.3 253.7 249.9 245 239.8 236.2 233 230 230.3 230.3 230.9 231 230.9 230.8 230.9 231.2 231.6 231.5 231.7 231.9 232.1 232 231.9
266.4 263.8 259.2 256 252.3 249.2 251.8 260.1 262.9 271.8 283.9 294.4 300.6 306.6 311.9 310.6 309.4 303.3 297.3 287.8 282.6 281.1 281 275.8 269.8 263.2 259.3 257 252.5 249.2 248.5 248.5 247.6 245 245.1 243.7 244.1 244.7 248.2 252.4 260.1 268.5 274 277.8 281.8 284.1 287.7 291.8 290.6 292.6 290.4 286.2 285.7 281.9 276.5 272.1 267.8 263.6 259 252.2 245.8 239.9 237 232.8 231.7 232.3 231.9 231.7 231.3 231.2 231.5 231.7 231.7 231.8 232 232.2 232.3 232
264.3 259.2 256 253.4 249.9 248.9 259.8 269.5 278.9 288.4 303.8 313.7 325.3 331.3 331.8 328.4 328.5 325.2 324.2 311.7 303.5 298.9 294.9 286.8 280.8 276.4 271.9 266.3 260.7 256.9 256 255.5 253.2 254.5 254.1 257.2 259.1 261.8 266.4 272.1 279.2 287.6 294.2 299.6 304.8 305.3 310.9 315 314.9 315 310.9 308.1 305.3 298.2 293.5 288.7 283.7 277.1 270.9 265.5 259.2 253.6 249 241.3 235.3 233.7 233.1 232.8 231.8 231.6 231.7 231.8 231.8 231.9 232.1 232.2 232.1 232.1
268.8 265.2 261.1 251.5 250.4 258 270.3 282.9 292.3 305 317 333.9 348.8 357.1 356 358.8 355.3 347.9 349.7 336.3 326.7 317.1 309.5 299.7 295.2 289.2 283.6 278.2 272.1 270.6 267.1 264.4 265.9 268.6 269.9 274.1 278.4 281 287.3 292.9 299.1 310.6 316.3 326 329.1 330.7 338.6 344 339.7 338.2 335.2 333.4 328.8 322.1 314.5 307.5 300.1 290.2 283.5 276.6 268.6 261.8 256.2 247.3 239.9 236.2 234.5 233.8 232.7 231.8 231.9 232 231.9 231.9 232.1 232.2 232.7 233.5
270.6 264.8 256.9 250.2 257.4 268.7 282.7 293.9 304.2 314.5 329.9 346.7 364.3 375.8 383.4 384.8 376.7 370.7 371.4 367 353.1 343.6 333.8 322.8 311 303.9 297.9 292.3 285.8 285.4 281.5 279.8 280.1 285.5 286.3 290 294.2 299.5 305.6 315 326.6 336.9 346.5 353.8 356.3 359.1 367 372 370.8 369.2 365.1 362.6 355.5 344.7 332.7 322.7 313.8 302.1 294.3 285.7 277 269.2 259.8 250.6 242.1 237.4 236.4 235.3 234.2 232.9 232.2 231.8 232.3 232.5 232.8 233.3 233.8 234.5
264.2 257.3 249.6 256.2 266.7 281.2 291.1 301.5 313.7 324.1 338.5 357.1 373.2 386.6 397.4 403.5 405 400 401.9 395.4 381.2 374.6 359.5 348.9 335.4 322.7 314.5 308.8 304 303.2 299.6 296.2 297.9 301.3 302.7 306.3 309.6 316.8 326.3 338.3 348.3 359.7 370.3 378.3 382.7 387.6 392.5 398.5 398.2 397.2 392.7 383.8 373.2 362 349.2 336.9 325.2 314.5 307.1 296.4 287.5 277.1 264.4 253.7 245.5 239.8 237.4 236.9 235.9 234.6 234.8 235.8 234.7 233.7 233.9 234.4 234.7 233.9
252.6 253.2 258 265.1 276.8 291.2 299.5 310.2 321.4 335.4 352 359.6 382.1 394.1 405.9 414.5 419.5 422.4 425.6 414 401.3 395.1 381.5 373 361.4 349.5 342.3 327.7 328.8 324.3 318.4 313.6 314.2 316.3 319.4 322.4 328.8 339.2 349.7 361.3 374.1 385.2 391.5 398.7 401.9 408.9 413.1 414.9 417 413.8 409.1 399.8 388.5 378.8 366.7 354.7 342.1 332.9 322.5 311.7 298.9 287.5 274 259.3 248.4 241 238.6 238 237.2 236.3 237.2 237 235.5 234.8 234.7 234.8 235.2 238.6
258.4 260 264.7 275.5 286.3 300.1 309.6 320.1 335.1 350.4 365.3 378.3 386.3 400.9 412.7 424.9 432.5 437.1 437.6 428.3 418.7 412.7 410.8 403.1 387.1 378.8 362.5 352.9 351.9 345.5 338.6 334.3 334 334.6 337.3 342.7 353.4 365.5 375.1 386.1 398.9 406.4 412.1 415 417 421.7 425.3 427.1 426.3 423.9 421.1 412.7 404.9 395.2 384.5 372.3 360.1 351.4 337.7 323.3 307.3 291.2 274 259.7 249.1 241.6 239.7 239.5 238.1 238.6 239 237.6 236.3 236.1 236.2 236.3 237.5 240.4
262.8 266.4 275.1 286.8 299 305.1 320.6 335.3 352.3 364.7 377.1 389.9 402.5 411.4 419.9 432.3 440.4 443.7 442.9 438.1 431.1 426.8 421.4 412.4 402.5 393.3 383.5 379.1 375.5 365.8 358.8 354.5 353.6 354.9 359.2 367 376.4 387.5 395.7 407 413.3 421.3 424.8 428.3 428.4 432.5 435.5 434.6 431.7 430.7 429.4 425.8 420.4 410.2 398.8 387.6 375.9 362.6 344.7 327.2 308.2 288.8 270.5 257.4 248.3 241.8 241.9 241.2 240.4 240.6 239.8 238.3 238.9 239 238.2 238.6 241.4 234.8
267 273.6 285.3 297 308.6 318.8 332.2 348.1 364.6 378.8 390.1 401.3 413 421.9 424.5 439.1 444.2 446.9 446.7 441.4 435.9 431.8 427.2 417.4 409.6 398.6 399 393.5 386.3 381.8 375.8 373.6 373.3 376.5 381.4 385.8 394.7 403.7 411.1 418.3 426.4 432.1 435.9 436.3 436.4 441.1 441.1 439.1 437.7 437.3 436.4 435.5 430.4 421 411.1 398.4 385.8 367.3 348.8 328.3 306.2 288.8 272.3 258.1 249.8 243.6 243.7 242.9 244.9 243.5 242.2 242.1 242 241.2 239.9 242.4 244.2 235.2
274.1 286.2 298.8 309.7 318.3 332.8 348.5 361.8 372.4 387.4 399.4 412.9 423.3 431 436.1 441.4 446.3 448.5 448.7 440.2 435.9 431.1 425 418.4 410.2 407.1 403.4 400.9 395.7 392.3 389.2 387.1 388.2 392.1 395.3 398.6 406.9 413 418.8 425.5 433.6 440.5 441.1 441.1 441.1 442.3 440.5 439.8 439.4 439.1 439.1 440.7 436.2 428.5 416.9 402.4 386.1 367.4 348.8 325.7 300.8 286.9 275.9 263 250.5 246.9 246 247.6 248.4 246.6 246.2 246.4 248.6 245.8 244.3 245.6 244.3 236
288 299.6 310.3 321.9 334.5 349.5 364.1 377.7 389.1 397.2 409.1 423.7 436 439.1 443.1 444.6 448.8 449.2 450.1 438.9 435.8 432.5 427.2 422 417.9 414.6 411.4 408.6 406 403.2 400.8 399.5 401.5 402.4 404.8 407.2 412.3 417.8 422.9 428.8 435.1 440 441.1 441.1 442.9 441.6 438.5 438.2 438.4 439.3 439.5 440.5 437 429.8 416.9 403.4 385.6 366.4 342.7 318.5 298.7 286.7 276.4 267 252.4 249.5 250.3 253.8 255.2 253.7 255.2 254.9 254.8 251.3 248.8 246.3 242.8 237.2
299.1 311.9 324.5 337.3 351.7 365.5 379.3 392.9 405 414.7 423.5 433.3 444.3 447.1 448.6 449 449.2 449.4 446.9 440.3 436.7 432.6 429.2 426.6 424.2 422.5 419.6 416.5 414 412.3 411.1 410.6 409.4 408.4 408.2 410.9 414.3 419 421.9 427.3 432.9 437 438.7 439.2 440.2 436.1 433.5 433.7 432.4 432.5 433.3 433.3 431.3 423.9 413 398 380.5 360.8 338.1 315.2 296.8 285.4 275.4 262.3 253.8 257 260.7 262.8 264.5 261 261.9 263.2 261.3 256.5 250.6 246 242.8 239.4
314.3 326.8 339.6 353.7 367.7 380.9 393.1 404.9 418.7 429.2 436.5 441 449.3 451.9 454.1 452.8 450.9 448.9 445.1 441.2 438.8 435.2 433.4 432.6 430.3 429.7 429.3 423.9 421.3 419.1 416.8 415.3 414.4 411.6 411.5 411.9 413.9 415.6 416.6 420.3 425.9 429.9 431.2 431.1 428.6 425.7 426 424.1 422.5 422.6 423.2 422.6 418.7 414.3 402.5 386.4 369.8 352.8 334.5 313.2 294.4 283.1 272.5 258.9 265.5 269.8 274.2 275.4 274.1 269.7 270.1 269.7 265.4 258.1 248.4 244.1 242.5 240.6
327 339 354.6 369.4 382.7 394 405.4 416.1 427.3 436.9 444.3 448.5 454.2 458.2 459.1 456.7 454.1 450.8 448.1 444.5 440.6 439.1 437.7 438.6 439.8 438.2 434.8 429.6 426.7 422.9 419.3 416.3 413.4 413.1 411.9 410.8 410.3 409.3 408.8 411.5 415 418.2 420.4 418.4 416.4 416.8 414.9 411.6 410 409.5 408.7 407 404 398.8 385.5 372.4 358.7 344.2 326.1 306.1 294 280.9 269.4 265.9 276.6 282.8 284 287.5 286.7 282.5 278.9 274.5 268.6 258.7 247.9 244.1 242.7 242.1
339.6 351.5 365.5 381.3 397 408.2 415.3 425.5 435.9 444 450.7 455.3 461.1 465.2 467 460.8 456.6 453.4 450.2 448 446.5 444.9 446.5 449 446.9 444.9 440.2 434.9 430.3 425.7 419.8 416.7 413.7 411.4 409.2 407.6 405 404 401.4 400.4 402.8 403.6 403.8 401.5 402.2 401.7 399.8 397.8 398 394.2 392.6 390.1 385.9 379.1 369.3 358.5 346.5 331.5 314.4 296.9 286.2 274.7 268.7 280.1 289.7 298.5 303.3 305.8 299.2 293.1 287.5 279.4 271 259.6 248.8 244.7 244.2 244
351.2 364.1 378.3 393.4 409.6 418.9 425.6 433.6 441.1 451.2 457.4 462.4 467.9 469.1 469.3 462.9 458.9 455.8 453.1 452.2 452.7 451.4 454.1 455.6 453.6 450.5 445.1 439.8 434.1 427.4 419.6 414.7 411.7 407.5 405.2 403.4 400.3 397.2 393.5 389.5 387.6 387.3 386.7 385.3 385.3 384.9 383.1 382.3 381.6 379.2 376.8 373.1 367.1 362.1 354.4 343.6 330 316.2 302.3 290.5 279.6 268.7 283.5 294.1 305.4 319.1 322 320.3 311.6 303.2 293.9 283.8 272.1 258.8 248.8 246.7 247.3 247.5
364 378.3 392 405 418.5 427.7 435.3 441.3 446.5 455.4 463.6 469.7 473.4 470.9 468.9 465.8 461.6 459.1 456.8 456.5 457.5 458.8 459.9 460.7 459.5 454.6 449 443.3 434.7 426.7 419.3 413.9 407.6 403.2 398.9 397 391.3 386.7 383.1 380.4 374.9 372.1 370.9 368.8 367.7 365.2 365.8 365.9 364.8 362.5 356.8 352 348.2 343.6 336.4 325.8 314 301.3 290.4 281.1 278.8 285.9 295.2 311.4 323.3 333.4 335.1 329.4 320.4 310.6 299.5 288.4 273.3 258 250.8 248.3 248.5 248.9
375.7 392 405.1 418.1 429.3 435 442.3 446.9 452.6 461.2 469.9 476.6 479 478.3 473.9 470.3 466.7 463.8 461.6 459.9 461.2 462.9 464.9 465.1 461.7 458.2 451.4 443.1 434.2 427.2 419.8 411.6 404.3 398.8 392.8 389 382.7 377.5 373.8 367.7 364.3 360.2 355.1 351.8 347.2 344.3 345.2 343.6 342.1 338.9 334.6 330.8 328.6 321.6 313.8 308.2 297.8 291 280.6 282.6 293.5 303.4 316.1 326.8 339.8 346.9 345.8 341.5 328.8 315.1 304.2 289.3 274.1 262.4 255.7 251.6 250.9 250.8
382.3 394.8 407.6 417.9 429.6 438.3 446.2 451.3 458.5 467.6 474.5 481 481.9 482.4 480.3 475.9 472.5 469.7 466.9 466.2 468.2 467.7 468.8 468.5 466.2 460.5 451.7 444.3 436.6 429.5 420.3 410.2 401.8 395.5 390 381 375.6 371.2 367.4 363 356.1 351.7 343.7 340.3 337.2 330.6 328.8 320.8 320.6 317.5 315.5 311.9 306.4 301.1 295.8 291.1 289.6 291.8 295.2 300.7 311.7 321.1 330.4 341.9 352.8 356.3 356 350.3 336.8 319.8 304.9 290.8 276.4 266.7 259.8 257.6 255 253
383.9 393 403.6 411.2 420.3 431.2 444.4 454.1 462.7 471.5 477.5 480.2 484.1 487.5 487.8 482.1 478.7 475.6 473.5 473.7 474.5 473.4 474.1 472.3 469.5 462.2 453 443.7 435.1 427.3 415.9 406.1 399.4 393.1 383.3 377.2 372.8 365.4 358.7 358.7 351.4 347.7 342.8 339.5 335 329.7 320 320.2 316.8 310.5 308.7 308.6 302.5 300.4 301.4 305.1 307.1 310.5 316.1 322.8 329 335.9 344.7 355.9 365 369 367.3 357.6 342.3 323.5 308 294.8 281.7 270.2 264.3 261 258.8 256.7
