webserver/python/data/NT22.asc
ncols 200
nrows 200
xllcorner 320000
yllcorner 620000
cellsize 50
[rows 105 to 139 of 200, columns 0 to 77 of 200]
542.9 540 528.9 519.5 512.5 510.1 508.7 508.2 505.3 502 500.7 498.8 497 496.2 495.8 495.8 494.7 493.4 490.5 486.3 482 476.7 470.7 464.2 456.1 446.2 434.7 419.6 399.9 378.4 380.4 384.9 391.4 395.1 406.2 433.2 452.2 467.1 476.7 486.9 494.6 504.1 513.5 523.9 532.7 541.3 548.3 554.1 558.5 559.8 561.5 562.2 560.4 556.7 551.3 540.8 531.7 524 515.5 504.4 488.1 472 464.3 449.5 431.2 437.8 443.2 446.7 446 449.4 459.7 466.5 473.1 479.8 484.6 489.4 491.1 491.4
546.2 537 525.2 517.8 511.1 505.9 503.5 503.5 502 499.6 498.8 497.3 495.5 494.3 493.4 492.9 491.6 490.7 486.6 482.8 478.6 473.2 467.2 461.4 453.9 444.7 435.2 420.6 402.9 379.4 371.4 376.7 380.3 404 426.7 447.6 464.8 477.9 485.8 492.3 497.7 506.8 516.2 523.5 531.7 538.7 543.8 547.9 550.5 552.9 556.6 555.8 554.3 550.5 544.4 536.6 530.2 523.5 515.4 503.2 488.5 471.5 461.9 449.3 432.2 425.7 433.5 436.4 440.7 452.6 462.6 470.1 478.5 485.1 488.1 490.3 490.6 490.7
544.5 533.9 523.7 516.2 508.1 501.6 500.2 498.5 498.5 497.1 496.6 495.5 494 492.3 489.5 489.4 486.2 483.1 480.1 476.9 473.2 468.9 463.7 458.4 451.2 442.7 432.5 418.9 400.3 386.7 368 370.5 384.5 412.1 436.9 456.4 473.5 483.8 489.3 494.7 500.8 509.1 517 523.1 528.8 533.5 537.9 539.9 542.5 547 549 547.9 546.2 542 536.6 530.8 526.3 522.5 512.2 498.4 485.4 473.1 461.5 448.1 435.7 418.6 424.1 432.3 443.5 456.8 467.5 477.8 486.9 492.3 493.1 492.8 493.7 493.2
541.3 531.9 522.5 516 507.4 500.9 497.3 494.3 492.7 494.2 494.4 493.1 491.7 488.5 484.8 480.6 478.7 475.5 472.7 469.7 466.9 462.9 458.8 453.2 447.7 440.7 429.8 412.4 394.9 380.6 368.2 370.5 389.3 417.1 441.7 461.6 477.8 485.5 490.6 496.1 502.1 510.3 515.7 520.4 525 528.9 532 533.2 536.8 539.8 540.7 539.9 537.9 534.4 529.9 524.7 522.1 516.3 506.7 491.1 480.2 470.9 462.1 446.6 431.7 416.7 420.7 433.8 447.3 460.8 473.7 485.3 495.8 499.5 498 497.3 496.9 495.2
540.6 532.4 523.6 515.4 507.8 501.1 495.9 492.7 488.9 489.1 489 488.6 485.8 481.3 477.8 473.7 469.9 467.9 465.4 462.5 459.8 456.6 452.5 447.5 442.3 434.9 421.7 403.8 387.4 374.3 365.1 372.5 393.6 420.5 439.5 457.5 472.7 482.4 489.1 494 501.3 507.9 512.6 515.8 518.8 521.6 524.4 527.9 531.4 534.1 533.6 533.5 530.7 526.7 522.9 518.1 514 507.5 495.5 485 476.4 468.3 459.9 444.7 426.3 409.5 422.9 439.3 454.5 467.8 480.4 494.4 504.6 508.3 505.2 503.1 501.7 499.5
536.4 529.2 521.1 516.3 508.3 501.4 496.5 492.7 488.7 482.4 483.2 482.3 477.9 474.6 470.5 467.2 462.5 460.1 457.8 454.8 451.8 449.5 445.3 441.4 435.5 428.6 412.2 393.3 379.2 368.7 361.2 372.9 391.8 411.9 428.4 445.3 463.2 474.9 483.9 489.6 495.1 501.9 510.9 511.1 511.5 513.5 516.3 520.2 526.6 528.9 527.7 525.6 522 518.8 515.6 510.5 503.9 496.3 486.2 477.6 470.1 463.1 453.4 438.8 414.6 408.8 422.8 443.1 460.6 474 486.8 501.9 512.6 516.7 516 512.3 508.7 509.1
539.2 531.9 526 516 508.6 501.6 497.3 490.7 486.4 480.2 476.3 475.5 472.6 467.8 464.8 461.7 455.1 450.5 448 444.8 444.8 441.6 437.6 433.3 428.1 419.3 400.3 382.8 370.9 362.3 364 379.2 400.7 416 429 440.7 454.6 467.6 479.9 487.7 492.6 493 496.4 495.8 497.5 502.6 504.1 512.7 519.8 521.2 518.6 515 511.7 508.7 505.5 500.2 493.5 485.2 478 472.1 465.2 458 447.9 430.8 402.8 403.3 420.7 445.4 464.7 478.8 491.7 507.9 519.1 523.5 523.9 521.2 519.5 519.3
539.2 530.6 518.5 512.2 510.9 503.3 495.7 488.5 482.5 476.8 472.2 468.3 467.5 464.4 459.2 453.6 443.5 431.8 426 422.3 424.3 431.6 426.7 423 417.4 403.7 387.5 375.1 365.2 355.7 372 393.3 415.1 431.6 444.3 454.8 467 477.5 486.5 494.9 500.3 501.2 503.6 501.2 491.3 481.9 486 504.1 511.1 509.9 507.5 504.3 499.8 496.1 491.4 486.5 480.4 475.9 471.3 465.8 458.6 450.7 440.3 422.4 398 400.7 419.7 448.1 468.8 483.5 495.5 511.2 523.5 527.1 529.4 527.9 526.9 524.1
530.6 525.5 520.3 513 508.1 499.9 490.4 484 477.9 473 468.1 461.5 460.5 457.6 449.9 441.1 426.6 427.2 425.5 415.4 401.1 401.3 411.8 410 403.5 388.9 376.2 365.5 355.9 364.5 383.5 405.9 427.6 443.9 455.9 467.4 478 487 494.9 501.5 506.2 509.5 512.2 511 493.8 474.2 475.9 490.2 497.1 497.3 496.8 493.7 487.8 483.4 476.8 472.2 465.6 462.8 460.2 456.7 450.2 443.8 429.7 412.2 389.7 401.5 422.1 448.9 470.2 483.6 497.1 510.9 522.4 527.8 531 530.4 529.6 526.8
524.6 522.4 519.2 512.3 502.4 491.5 485.6 479.5 473.2 468 463 458.1 455.5 450.1 439.7 430.9 440.3 446 442 435.5 419.9 393.2 384.5 381.7 381.5 375.8 366.6 356.8 354.8 373.2 395.9 419.6 438.6 453.4 466 478.1 486.8 494.9 501.5 506.9 512.2 514.8 515.4 511.6 502.8 482.6 465.6 476.1 482 483.6 483.1 478.6 471.9 466.7 460.2 454.7 452.2 450.2 449 445.1 440.8 429.3 416.9 399.5 386.9 404.5 428.5 451.5 470.1 483.8 497.1 511.2 520.3 523.4 525.8 528.6 526.5 524.7
518.3 520.4 515.2 506.2 495.7 486.1 480 474.6 468.4 463.6 456 450.2 447 440.2 438.2 450.9 455.2 454.1 449.2 440.8 430.9 418.7 403.4 384.2 368.1 360.1 353.3 347.9 360 380.7 407.4 428.5 445.3 461.2 474.7 484.8 493.4 502 507.8 513.3 518.7 518.6 517 510.3 501.9 483 461.6 462.5 471 471.6 470.7 467.7 463.3 455.4 449.8 440.5 437.7 434.5 432.5 426.1 418.5 409.7 397 382.3 392.3 412.2 436.1 457.2 472.5 484.6 495.9 507.3 515.3 518.2 520.2 522.4 521.5 520.5
509.6 510.7 505 499.3 491.2 482.7 476.6 470.4 463.4 458.7 448.8 443 439.7 443.9 453.9 460.6 460.9 457.9 451.6 442.6 434.5 425.6 412.6 396.1 376.9 362.1 354.8 346 363 385.7 412.6 434.5 450.8 466.7 480.8 490.4 499.1 507.7 514.3 520.4 526.6 524.5 517.8 511.1 501.9 483.5 462.4 452.8 459.2 462 459.7 456.8 452.5 448.9 441.8 428 414.2 415.7 412.6 405.4 396.4 387.5 381.5 377.3 398.5 421.1 441.4 460.2 474.2 483.7 494.2 501.6 508.6 511.7 513.6 515 514.3 513.2
500.1 501 495.5 488.8 481.2 477.5 471.4 462.7 457.1 449.6 444.6 439.9 436.9 448 458.1 464.5 462.9 459.7 453.5 444.7 436 425.5 412.5 393.1 373.3 358.4 351.3 343.9 361 384.8 411.4 436.9 455.2 472.1 484.9 494.9 504 512.1 519 526.2 531.8 528.3 519.1 511.1 497 479.7 464.5 450.6 446.5 449.9 450.4 443.9 440.8 438.6 430.6 424.9 410.4 392.2 392.2 390 375.9 368.1 371.4 387.6 409.1 428.7 447.6 462.9 473.1 480.7 489.1 495.5 500.7 504 505.2 506.2 505.7 505.2
490.4 493.7 490.3 488.5 479.3 470.3 466.1 461 454.5 448.2 443 436.7 434.7 445.7 457.9 465.2 462.4 459.8 453.4 444.6 435.6 426.8 414 391.2 369.6 354.7 346.3 344.7 359.1 382.9 413.5 440.4 458.8 473.3 486.1 497.2 507.7 516.7 523.8 530.2 532.1 527.6 519.1 507.7 491.7 476.1 463.9 452 441.5 437.7 439 434.1 429.8 426.1 421.1 415.6 400.8 388.2 363.2 363.7 358.4 372.3 387.3 403 422.3 436 448 460.4 467.4 476.2 483.9 488.8 491.8 494.7 496.2 496.8 497.6 497.4
482.3 485.5 483.6 484 481 471.8 462.9 457.1 450.6 444.8 439.9 433.5 431.8 441.1 453.2 460.3 460.4 457.3 451.6 444.6 436 427.5 416.1 392 368.7 353.4 338.8 347.2 360.5 388.7 415.6 440.7 455.7 470.3 484.9 495.7 505.6 512.7 519.8 526.6 528.8 523 515.8 502.5 486.7 473.9 462.4 453.5 444.1 427.1 426.9 426.5 424.3 422 418.7 411.2 405.5 385.9 360.3 347.1 367 384.3 400.4 414.9 430.7 440.5 452 455.8 460.7 467.8 476.1 479.5 482.5 485.3 487.2 488.1 489.4 489.3
464.5 473.5 476 477.8 474.4 469.1 459.4 453.1 447.3 441.3 437.4 430.9 427.4 434.5 448.2 454.1 455.1 453.4 450.2 443.8 436.4 427.2 414.4 396.4 372.5 353.7 337.6 345 363.2 391.5 416.7 434.3 447.8 463.2 477.8 490.8 498.4 504.3 511 517.1 520.2 518.3 508.5 496.2 483.9 471.8 460.8 451.6 436.5 424.9 413.1 417.5 418.3 417.1 416.7 408.8 395.9 378.7 357.4 344.9 366.1 387.9 405.6 419.4 430.7 440.1 449.6 453.5 455.4 457.5 463.6 468.6 470.7 473.8 476.3 477.8 478.6 478.7
442.3 454.2 463.8 469.9 467.9 461.8 456.1 448.4 442 436.2 431 425.5 423.8 430.3 442.6 448.5 450.7 450.3 447.3 442.6 436 427.3 416 398.6 375 358.9 343.1 341.3 360.2 383.9 403.1 420.7 439.2 452.6 464.8 474.6 482.7 490.8 498.2 506.4 510.7 506.1 499.9 489.7 479.7 467.8 455.8 441.3 429.3 421.6 414.9 402.9 413.3 410.8 404 396.9 385.4 370.3 353 334.3 359 384.1 403.6 418.7 427.6 436.5 444.8 449.4 452.9 452.7 449.9 455.4 457.4 460.8 463.8 466 467.5 466
423.4 436.8 447.9 459.7 460.1 456.5 448.2 444.4 436.7 430.8 424 416.5 416.4 423.3 435.3 444.7 447.2 447.6 445 441 434.4 425.8 412.9 390.9 374.8 370 352.1 334 352.5 369.7 386.7 405.8 425.1 439.7 451.1 460.5 466.8 471.5 484.4 493.7 495.8 493.8 487.3 481.1 472.9 461.2 448.1 435.2 426.9 418.9 413.1 406.5 398.4 408 398.1 386.8 377 365.2 348.3 330.3 351.2 376 396.7 410.6 422.4 430.2 438.1 442.3 445.5 445.7 443.6 444.9 444.4 444.9 449.5 454.3 454.1 450.3
409 420 433.1 442.9 448.4 449.9 441.7 440.9 430 422.2 416 410.8 409.7 418.2 430 440.9 445.9 446.5 443.4 438.8 435.3 419.3 403.4 394.8 393.5 380.5 360.4 338.6 338.7 353.4 372 391.8 407.8 423.5 436.9 445 451.7 454.6 465.6 474.6 480.6 477.7 472.6 468.5 462.5 453.4 439.8 430.4 424.9 419.8 408.4 403.2 380.5 396.1 391.6 380.8 369.9 359.3 345.2 328.7 342.1 367.1 386.4 401.1 411.2 421.4 430 435.1 437.4 437.2 437.8 437.3 437 436.2 438.3 441.3 439.9 433.4
412.1 401.6 415.4 426.7 430.4 431 435.2 429.1 420.3 414.8 407.6 399.5 402.6 412.2 424.5 436.2 443 444.2 442.1 436.9 426.4 409.3 406.9 407.7 397.7 385.5 369 347.9 327.5 339.2 354.9 373.6 390 405.3 418.5 429.6 435.7 437.3 453.7 459.1 460.6 457.8 456.6 453.3 447.5 439.1 429 424.5 420.8 414.6 403.7 395 374.1 383.2 379.7 371 358.5 347.2 338.9 321.9 336.6 357.6 373.8 388.6 401 412.7 421.4 426.6 431.3 431.7 431.6 433.7 433.9 433.1 430.9 430.3 428.5 414.2
416.5 402.4 399.5 409.1 412.5 418.7 427.4 422.1 414.3 406.4 398.2 389.2 393.8 403.2 416.5 427.7 438.4 442.4 441.2 431.5 413.6 417.8 416.8 409.6 399.2 388.9 375.4 359.7 340.8 326.5 337 352.8 370.5 383.7 397.8 409.4 417.4 428.6 438.1 444.5 448.7 447.4 445.8 439.5 435.5 428.5 424.7 422.1 414.3 405.2 395 385.5 371.4 369.3 367.3 359.4 346.4 338 329.6 319.6 330.8 347.3 363.3 374.3 386.2 400.6 408.6 415.6 420.7 422.3 424.4 426.3 425.2 423.7 421.8 425.4 431.1 429
417.2 408.8 395.4 392.5 399.8 405.9 413.4 413.1 404.8 396.5 390.8 384.7 385.6 394.3 405.6 417.1 427.8 440.9 434.9 415.3 415 421 420.5 414.8 404.5 394.5 385.3 372.5 357.2 340.6 322.2 329.3 340.9 357.5 372.4 381.8 392.3 411.5 419.3 427.9 430 432.4 429.8 426.1 422.2 423.2 418.5 413 402.4 391.7 383.3 372.8 364.7 345.9 355.1 349.2 338.1 328.8 321.2 313.2 322.7 332.8 344.5 354.6 365.6 383.7 394.4 403 408.6 412.5 414.8 415.3 411.9 409.7 408.1 417.3 425.5 424.4
419.3 408.1 397.6 389.2 389.7 392.1 397.8 397.9 393 388.8 384.1 377.6 379.3 385.1 394.9 406.7 418.5 427.4 417.1 413.2 430.7 428.2 421.8 417.2 407.5 401.7 396.5 385.7 371.9 358 344.3 325.9 318.4 332.7 345.7 358.3 374.7 388 392.6 401.6 407 410.4 407.5 402.5 401.8 406.1 402.3 395.7 387.3 377.8 364.7 357.1 350 341.7 335.2 337.4 329.3 319.9 315.5 294.6 309.8 320.6 327.5 331.8 348.7 363.6 374.6 386.8 394.7 399.1 403.1 404.4 399.2 395.9 397.7 406.6 417.6 420.8
417.5 399.5 394.8 386.3 379.6 380.9 381.4 382.5 380.5 379.3 374.8 370.4 370.5 376.4 385.3 395.5 405.9 411.6 408.8 421 426 423.5 421.3 417.3 410.8 408.2 402.4 392.7 379.4 365.5 355.3 343.7 327.4 314.7 322.8 339.2 358.2 363.4 362.5 377.7 380 379.8 381.6 376.8 376.8 384.9 381.4 375.4 368.1 358.5 347.2 338.5 331.5 325.4 317 321 317.1 310.9 306.9 294.2 297.2 307.6 314.9 320.8 331.2 341 353.5 366.4 377.5 383.4 390.9 392.8 387.7 386.5 387.3 393.4 408.9 421
410.8 405.1 398.3 391.8 383.1 377.9 371.7 372 370.6 368.5 365.5 363.6 362.6 369.1 375.4 382.9 392 398.2 403.1 410.9 415 416.9 417 412.2 410 408.7 404 395.1 383.3 368.6 357.1 347.4 337.3 323.8 311.5 326.3 347.1 356.9 349.1 356.8 359 359.6 363.8 360.1 356.1 362.5 359.9 351.6 343.8 335.4 328.9 322.2 315.6 309.1 302.9 306.1 304.6 298.9 295.5 289.6 281.4 296.6 304.2 309.6 315.9 320.2 336.3 348.6 357.9 367.8 379.3 380.9 379.3 378.5 376.2 380.8 399 408.6
410.7 416.1 412 402 393.8 383.7 371.6 369 361.9 359.3 357.2 355.3 357.1 360.8 364.5 370.7 378 381.4 389.6 395 400.6 405.3 404.6 402.2 403.2 403.3 399 391.8 378.4 366.6 355 345.7 335.2 324.4 310.7 318 332.6 343.2 341.7 343.6 345.3 342.2 344 343.9 338.3 340.4 337.4 332 322.2 316.9 312.6 307.6 301.2 296.6 292.3 291.7 289.7 287.4 286.9 285.4 281.4 278.6 290.6 294.6 302.3 304.9 317.8 327.7 339 350.4 365 370.2 370.4 370 368.5 371.1 387.5 401.8
420.9 435.3 426 414.6 403.7 392.1 381 372.8 367.7 360 352.9 349.3 350.8 353.7 354.8 359.9 365.9 367.7 375.3 380 387.4 386.5 387.9 389.2 394.5 398.4 393.8 384.9 370.2 362.9 353 341.3 330.1 322.4 310.3 310.1 325.4 329.1 329.5 331.4 331.5 331.8 329.1 328.8 323 319.8 315.6 310.7 305.3 301.2 297.8 293.9 287.8 286.8 283.9 283.2 280 279.3 280.6 280.3 280 276.9 275.5 280 287.5 291.4 302.8 312.3 323.6 335.1 349.1 361.3 363 361.1 358.7 365.8 378.6 392.9
441.2 445.2 437.9 427.7 414.2 400.6 390.9 381.5 371.4 361 357.6 350 349.3 347.8 348.4 350.7 353.4 356.5 360.5 364.1 365.1 366.6 366.2 376.4 382.2 388.1 388.3 381.4 370.9 361.4 345.7 336.6 326.9 318.5 308.7 301.9 311.3 314.6 314.7 314.6 316.1 316.8 313.8 310.4 306.8 303.7 299.8 296.4 292.4 288.5 284.8 281.1 279.1 278 276.5 275.2 272.8 272.5 273.8 274.4 274.7 271 271.1 270.5 273.1 277.1 287.1 297.2 310.1 321.3 336.2 348.3 352.5 351 345 354.6 366.2 379
456.8 454.2 447.1 434.9 421.6 412.3 402.8 390.5 378.9 366.4 357.4 349 342.5 337.1 336.8 340.1 342.1 344.5 346.4 348.5 347.7 349.3 351.4 359.4 366.2 373.2 373.1 371.3 366.2 350.3 337.6 330.7 324.6 317.1 311.3 299.3 299.1 300.5 299.1 298.5 296.9 298.8 297.3 294.8 291.9 288.6 287 284.9 280.9 276.7 274.9 273.5 272 271 269.6 269.4 268.2 268 268.4 268.8 268.8 266.4 266.7 266.6 266.9 269.3 273.7 282.8 293.7 306.5 318.6 330.4 337.6 337.8 332.1 337.2 347.5 358.5
460.8 455.3 447.4 437.4 425.2 416.2 403.8 391.3 378.1 364.7 355.9 346.4 339.8 335.5 334 334 334 334 335.5 336.5 339 339.2 339.4 341.5 344.8 350.2 352 351.6 345 335.2 329.9 323.7 317.9 313.9 310.9 302.9 289.9 291.9 288.5 286.9 286.5 285 286.2 285.1 283.6 280.3 278.6 276 273.5 271.8 270.1 268.8 267.9 265.4 262.9 262.6 261.9 261.9 262 262.7 262.3 262.4 263.4 263.9 264 264.1 265.5 270.6 279.4 288.9 299 309 315.7 320 318.7 317.1 324.2 331.8
460.6 453 442.4 432.9 423.5 412 398.4 384 369.6 357.3 349.7 342.2 335.9 334 334 334 334 334 334 334 337.1 327.5 327.3 332 328 328.7 329.5 326.7 322.8 317.5 313.6 311.2 308.8 306.5 301.4 297.7 289.9 286.4 283.9 282.6 284.3 282 281.4 279.4 277.4 275.8 274.5 271.8 269.5 269.3 268.9 268.8 268.1 264.7 262.8 261.4 261.5 260.3 260.1 259.3 259.4 259.7 261.1 261.6 262 261.6 261.4 261.6 266.6 270.1 274.9 283.8 288.1 294.1 293.2 294.4 298.5 304.3
455.5 448.5 438 427.5 416.7 403.2 387.3 372.7 360.5 350.8 343.1 335.7 334 334 334 334 334 334 334 334 334.2 312.4 305.2 310.3 310.7 310.1 310.8 308.1 305.1 302.8 300.8 299.2 298.6 296.7 294.9 290.7 288.2 284.1 283.2 283.4 282.7 280.2 278.6 276.5 275.8 274.7 273 269.9 270.5 269.9 270.2 271.3 272.1 269.5 267.5 265 264.3 262.6 261 259.2 259.1 259.2 259.4 260.1 260.6 258.9 257.7 258.1 258.5 259 261 264.8 264.9 266.5 269.7 272.7 271.7 277.3
443.2 439.4 432.7 421.6 405.6 393.1 376.9 361.9 351.6 341.6 334.7 334 334 334 334 334 334 334 334 334 332.9 310.2 291.4 293.7 295 294.5 293.2 292.4 291.6 290.7 290.4 289.4 288.4 287.3 286.1 286.1 286.2 283.5 282.4 281.5 280.6 278.7 277.2 275.8 274.6 273.9 272 270 272.9 274.3 275 276.7 277.7 275.9 272.1 268.5 266.8 263.8 260.5 259 258.7 258.6 258.9 259.3 258.7 258.3 258.1 257.5 256.7 257.6 256.2 254 254.6 255.4 255.8 257.1 255.5 257.4
428.9 425.3 418.2 401.8 387.6 377.7 361.4 349.8 339.5 334 334 334 334 334 334 334 334 334 334 334 333.3 310.3 293.8 288.9 289.2 290.8 291.9 290.7 289.4 287.9 286.6 284.8 283.5 282.7 282.2 282 282.1 282.2 281 279 278.4 277.2 275.7 274.8 274.2 273.4 271.6 273.8 278 279.7 281 284 286 283 277.8 272.9 270.3 265.5 260.7 259 258.3 258.1 258.5 259.4 259.2 259.3 258.8 257.7 255.5 256.7 255.6 254 253.1 252.2 251.1 250.6 249.6 249
411.4 407.2 395.9 380 366.8 355.4 344.8 335 334 334 334 334 334 334 334 334 334 334 334 334 333.2 309.1 293.4 279.9 281.1 284.9 287.1 288 287.7 285.5 283.3 281.8 281.1 280.3 280 278.9 279.2 278.9 278.8 278 276.6 274.7 273.3 272 273.3 274.5 277.7 280 283.3 286.6 289.8 293 293.1 289.8 284.1 278.4 274.8 269.6 265.1 260.5 259.4 258.1 258.8 259.5 258.7 258.4 258.1 257 256.6 255.7 254.8 253.8 253.1 252.2 250.6 250.2 249.8 249.5
