webserver/python/data/NT26.asc
ncols 200
nrows 200
xllcorner 320000
yllcorner 660000
cellsize 50
[rows 35 to 69 of 200, columns 0 to 78 of 200]
155.6 160.9 160.1 158.6 158.4 158.3 159.5 160.4 161.9 162.2 161.5 160.7 160.4 160 157.1 156.5 156.1 152.7 150.6 150.1 149.3 149.8 149.6 149 148.9 147.8 146.4 145.2 144.4 144.5 144.6 144.5 144.6 144.6 144.9 144.8 144.4 143.6 143.3 145.8 146.1 145.1 147.5 148.8 149.9 151.6 152.2 153.7 155.1 158.6 160.9 161.2 161.6 162.1 163.1 164.6 165.8 166.4 167 168.8 169.6 170.4 170.1 170.8 171.1 171.2 171.1 171.1 171.1 170.8 170.3 168.3 166 164.5 164 164.7 165.2 166.8 168.5
159.6 162 162.9 163.4 163.3 165.8 167.2 168.6 168.9 167.2 165.5 162.6 159.6 159.3 158.1 156.7 156.3 154.6 152.2 153.9 154.7 153.8 152.7 152 150.9 150.2 149.1 147.9 147 146.8 146.8 147 146.6 146.1 146.5 146.5 145.8 144 145.2 146.9 148 148.6 149.6 152.3 154.8 155.9 156.1 156.7 157.8 160.6 161.1 161.1 161.7 162.7 163.5 164.7 164.6 165 165 165.7 166.5 167.1 167.7 168.4 168.6 170 169.9 169.9 169.9 170.5 168.7 167 166.2 165.7 165 161.7 164.1 166.4 167.3
164.7 166.7 167.2 168.2 171.6 175.5 175.6 176 170.7 165.8 163.9 159.1 159.3 160.4 161.7 163.8 163.3 160.7 157.7 157.1 156.9 156.6 155.2 154.2 152.3 151.9 151.5 150.4 150 148.4 148.9 148.9 149.4 149.4 149.8 149.5 146.1 145.2 148.3 148.8 149.6 149.5 149 151.9 156.1 156.1 156.1 157.5 158.8 160.7 160.6 160.7 160.5 161.9 163 163.1 163.8 163.6 163.2 163.4 164.1 164.4 165.3 165.1 165 164.9 164.7 164.4 164.4 163.4 162.8 163.2 164.2 165.1 165.9 160.9 162.7 165.8 165.5
169.8 171.5 173 175.4 180.2 179.7 176.9 172 169.6 169.5 174.5 179.4 180.2 177.2 174.1 171.4 168.5 165.4 162.6 159.3 158 157.6 156.7 155.3 154.1 153.2 153.4 153.2 151.4 150.4 149.4 150.2 151 150.7 150.9 151.8 145.1 149.8 150.7 151.1 151.1 150.8 149.5 149.3 153.3 156.1 156.1 156.2 158.5 159.7 159.1 160.1 160.7 161.8 160.1 161.3 161.7 161.7 162.4 163.3 164 164.1 164.3 162 161.4 160.4 160.4 160.7 160.3 160.1 160.2 160.1 160.4 160.8 161.6 160 160.1 163.7 163.2
175.8 176.9 176.6 177 179.3 178.9 176.2 177 182.1 190.6 187.5 184.7 180.7 174.2 170.5 166.8 164 162.1 159.8 159.1 159.1 158.1 158.8 157.2 156 155.5 156.4 156.3 152.2 150.4 150.7 151.5 152.5 151.3 150.7 148.7 148.1 151.2 152.8 153.3 153.2 153.2 152.2 150.8 153.2 154.9 154.8 156.6 157.8 159.1 159.2 159 159.4 160.4 160.5 161.4 162.7 164.1 165.1 165.4 165.3 164.8 163.6 160.1 160.6 159.3 158.3 157.7 157.9 158.3 158.2 156.9 158.2 158.8 159 157.7 155.8 159.4 159.6
178.1 177.8 177.3 175.1 177.4 177.7 179.4 182.4 184.5 184.8 182.2 178.2 174 168.5 164.7 162.1 159.4 158.3 158 158.1 158.7 159.6 160.6 159 158.6 158.9 159 157.6 153.2 151.2 152.1 153.3 154.3 152.3 150.4 149.8 150.6 150.9 154.2 154.2 153.9 155.6 154.4 154.4 155.8 156.1 155 158.2 159.1 158.9 159.1 159 159.3 160 161.2 162.1 163.2 165 165.9 165.8 165.9 165.7 163.9 163 161.7 159.8 157.8 156.7 156 155 155.1 154.5 156.2 157.8 157.9 156.2 154.7 154.6 155.8
179.8 179.4 179.1 175.6 178.2 178.9 179.8 179.5 177.5 176.4 173.9 172.3 169.2 164.6 163.1 162.4 161.9 161.2 161.2 162.4 165.3 165.5 165.4 165.8 165.4 165.3 162.8 160.1 154.4 152.7 152.9 154.2 155 150.3 149 152.8 154.6 155.3 155.9 154.6 152.3 156 156 156.4 157 156.6 156.7 158.5 160.7 161 159.2 159.2 159.8 161.1 162.7 163.4 164.2 165.9 165.9 165.3 164.8 164.4 163.8 163.9 164.1 160.1 158.4 157 155.4 155.1 155.2 154.8 155.3 155.6 155.9 155.5 153.5 154 154.6
180.8 181.7 181.4 181.3 182.4 182.9 183.2 182.3 178.8 172.9 170.7 169.9 169.9 170.1 171 171.8 172.5 174 175.7 176.1 175.7 171.6 171.1 168.3 164.8 162.8 161.2 158.7 154.7 153.6 153.9 154.6 151.6 151.1 155.1 155.6 156.3 156.5 156.9 157.5 156 156.7 158 159.1 159.9 159.8 159.6 160.5 161 161.1 161.7 161.9 162.3 164.6 165.6 165.8 167.4 167 165.6 164.2 164 163.9 163.2 163.7 163.1 161 159.1 157.3 155.9 155.2 155.9 155.2 155.1 155.1 155.3 155.1 154.4 154.4 154.5
183.3 185.3 187.3 192.1 197.9 200.2 198.9 199 198.2 193 186.7 184.1 181.1 180.5 181.7 182.4 180.7 178.1 176.1 174.5 170.2 166.6 164.2 162 160 158.6 157.4 157.1 154.8 154.5 155.3 153.1 149.5 154.7 157 157.4 158.1 158 158 158.7 159.5 159.9 160.2 161.6 162.8 162.4 162.1 161.1 161 164.1 164.5 165.2 167.6 169.5 170.4 171.3 172.4 171.8 170.9 170.4 169.2 169.2 168.2 166.6 165.4 163.7 161.9 160.3 158.6 158 157.5 156.9 155.8 156.2 156.8 155.2 154.8 154.8 155.8
190.8 191.4 193.8 208.3 222.1 225.5 221.6 219 226 225 220.9 215.6 205.3 192.7 186.3 183.1 178.9 174.2 171.5 168.9 164.6 163.5 160.9 159.3 159.2 159.1 160.3 160.3 159.3 157.1 154.5 153.6 155.6 158 158.7 159.5 160.1 160.2 160.8 161.4 161.9 162.3 162.8 164.3 165.7 165.1 164.8 165.3 165.3 167.1 168.7 170.4 173.2 175.3 176.2 177.1 178.1 178 177.3 176.5 175.4 174.2 173.9 172.7 169.3 166.4 166 164.6 164.4 164.4 163 160.9 158.3 158.3 156.9 155.6 155.4 155.2 156.1
196.4 205.5 206.9 219.4 240.5 244.5 246.3 246.8 240.2 232 223.8 211.4 199.3 186.5 182.5 176.5 174.3 170.4 168.2 164.6 165.2 163.9 162.9 161.8 161.6 162 162.7 162.9 162.8 162.1 160.3 160 160.2 161.5 162.3 163.5 162.6 163.2 163.8 164.4 166.3 166.3 166.2 167.2 168.6 167.9 167.6 166.1 165.9 171.2 173.9 175.8 178.5 180.8 179.8 180.7 179.8 179.2 179.8 177.5 176.7 176.7 176.8 176 174.3 173.7 171.2 171 170.3 170.9 169.7 167.8 165.6 164.2 161.9 159.7 157.3 157.2 158.2
217.4 227.2 230.1 238.6 249.6 256 253.3 246 241.7 232.5 214.4 198.8 195.9 180.7 175.1 171.9 170.7 170.8 171.8 172.7 168.9 167.9 168 168.1 165.7 165.7 166.6 167.3 166.7 166.4 166.7 166.5 167.2 168.4 169.9 168.7 170 170.4 170.4 170.8 171.2 171.8 171.3 170.8 171.7 171.1 170.9 170 169.2 172.1 176 176.9 179.1 179.4 179 178.7 178.5 178.9 178.2 176.6 176.3 176.8 177.9 175 177.3 180.1 188 191 184.8 182.1 178.9 176.5 172 169.8 167.6 165.6 163 161.5 161.2
225.7 235.1 244.9 256.6 257.6 255.5 252.6 246.4 236.8 224.6 201.7 197.9 197.9 193.6 182.5 183.3 181.9 179 179.3 178.1 176 175.4 174.9 171.3 169.6 169.2 170.7 171.5 171.4 174.1 175.8 175 177.5 177.6 177.5 177.7 178.3 178.4 177 176.3 176.4 176.8 176.4 175.9 175.2 174.9 175 173.1 171.6 173.5 175.6 177.7 179.5 178.7 178.3 178.2 177.9 177.9 177.4 177.3 177.9 179.3 180.6 180.8 182.3 184.1 187 194.6 197.4 199.4 193.4 188.9 183.4 178.9 174.3 172.5 170.4 167.3 164.4
244.5 260 261.5 261 258.8 253.8 248.5 240.7 230.8 212.5 197.9 197.9 197.9 197.9 207 207.4 200.1 193 188.8 187.5 184.3 183.5 181.2 172.9 171.1 172.4 173.8 175.1 178.5 188.6 190.2 193.7 192.8 190.7 188 188.5 188.5 186 184.9 184 184 183.1 182.3 181.5 179.4 177.6 176.8 175.8 174.8 176.6 178.3 180.4 182.4 179.6 178.8 178.9 179.3 180.3 181 182.2 183.5 185.4 188.3 189.5 194.7 192.4 190.8 189.6 184.9 185.5 186.1 183.9 184.2 186.1 181.5 176.2 172.1 171.1 168.6
240.3 268.2 265.6 261.9 257.1 252.3 245.1 236.4 224.3 201.4 197.9 197.9 206.1 219.4 224.5 223.1 219 204.3 200.3 198.9 194.4 189.8 183.7 176.8 174.6 177.3 179.6 181.9 187 197 204.7 209.9 208.7 203.6 200.3 198.9 197.8 197.1 197.1 196.1 195.7 194.1 192.8 191.1 188.1 186.9 182.5 180.4 180.2 181.8 182.4 184 185.8 184.1 185.5 186.7 188 187.4 188.1 189.6 191.8 192.7 195 195.4 197.5 199.1 199.1 198 194.5 188.4 184.3 180.8 179.3 178.2 175.5 174.4 172 170.6 172.2
271 267.1 262.9 258.2 253 248 240.1 230.9 211.2 197.9 197.9 204.7 217 227.4 234.7 236.9 237.7 220 210.4 202.7 193.8 187.3 186.2 179.5 182.4 194.7 196.9 197.6 209.7 226.1 235 235.7 231.5 220.3 219.2 215.8 214.6 214.4 214.1 213.5 212 209.4 207.6 205.9 196.3 196.1 195.2 192.3 190 189.5 190.1 189.6 191.3 191.6 192.4 193.4 192.5 193 193.3 194.6 197.2 200.2 203.7 207.5 208.1 207.2 206.3 204.1 200.7 195.8 190 184.5 184.4 181 178 176.5 175.2 173.8 173.4
269.2 264 260.8 257.1 251.8 244.3 236.7 223.1 199.1 197.9 204.2 214.6 228.2 239.2 249.8 242.4 230.3 215.9 210.2 200.1 195.6 196.1 189.8 192 197.9 208.5 216.8 222.4 227 229.4 240.9 247.7 250.1 238.7 237.3 234.9 234.1 235.6 234.7 232.4 230 225.3 220.8 212.8 205.1 208.6 205.6 199.3 198.4 197.5 197.3 196.5 196.6 197.5 198.8 198.9 197.9 197.7 199.3 202.6 206.5 211.2 216.3 222.1 222.6 221.1 216.7 209.8 204.9 199.2 189.9 196.8 194.8 190.1 186.7 183.9 181.3 179.2 178.2
266.2 262.3 258.5 255 249.7 241.7 229 204.6 197.9 199.4 229.4 239.1 240.1 244.5 237.9 227.5 219.7 218.7 214.9 209.8 207.6 202.2 197.1 206.9 213.4 220.1 226.9 238.8 248.2 257.1 258 267.8 270.2 261.8 262 260.5 257.9 254.4 248.8 242.5 237.3 231.8 226.1 216.9 213.4 212 209.3 202.4 203.1 204.1 204 203.5 203.2 202.8 204 204.6 205.6 207.8 215.7 220.6 235 243.5 246.7 243.8 239.9 233.8 225.6 217.6 212 203 205.2 205.3 203.4 201 197.3 193.5 190.7 189.1 186
263.3 259.1 255.2 251.7 246.2 237.6 224.2 197.9 202.2 220.1 224.8 224.3 229 229 227 221.9 224.1 230.1 226.1 214.8 216.1 204.3 214.2 224.5 231.9 248.2 258.6 272 282.4 286.7 286.9 287.1 287.7 286.4 278.4 273.6 268.7 262.7 254.5 247 239.5 233 220.9 220.6 217.4 214.5 211.1 204.5 208.2 209.9 210.8 211.3 211.2 212.3 213.3 213.8 218.2 224.6 230.2 240.3 258.3 271 274.2 267 253 242 228.1 224.8 217.3 219.3 220.1 216.5 212.8 210 205 201.3 198.2 196.3 194.2
259.9 255.7 253 248.8 242.3 235.9 203.4 197.9 228.5 228.2 223.5 223.7 234.1 235.3 233.7 231.8 235.3 235.3 232.7 223.4 225.2 213.1 226.3 237.5 248.4 263.8 275.5 289.6 300.8 307.4 309.7 306.3 300.3 294.8 287.3 281.3 273 264.5 254.4 244.3 241.5 236.3 230.8 225.3 220.8 216.2 210.9 212.1 213.5 215.3 217.5 218.6 219.3 220 223.4 227.5 237.4 252 263.1 265.8 269.3 271 271.2 260.5 248.7 235.5 226.4 222.2 224.7 226.6 230.6 229.9 227.2 218.1 211.9 208.9 204.8 201.5 198.7
255.9 254.2 250.1 244.2 238.4 223.9 197.9 237.4 241.8 237.7 237.1 237.5 242.4 243.4 243.9 244.9 244.6 244 241.5 235 234.1 220.9 236.4 255.8 261.3 269.6 288.1 298.4 309 315.3 316 311.7 304.1 296.7 288.4 280.6 271.8 264 259.5 253.5 247 241.8 235.1 228 221.4 218.7 214.8 217.9 219.9 222.3 226.2 229.1 231.3 231.6 240.2 246.5 252.5 261.8 271.1 276.9 279.2 274.4 258.5 249.4 239.6 230.2 234.7 233.9 234.1 231.7 233.1 232.8 229.8 222.5 219.5 214.8 209.6 206 202.7
251.3 248.9 244 238.6 227.1 206.3 197.9 223 236.4 241.8 244.6 252.2 253.4 253.6 253.9 253 252.4 252.6 248.5 245.6 244.7 231.8 243.2 261.1 267.2 278.5 295.9 303 313.9 316.3 316.6 310.7 301.4 292.9 286.9 281.8 276.4 271.6 266.2 260.5 252.9 246.2 237 229 222.6 219.7 221.7 224.2 228.5 233.3 237.3 242 245.2 242.6 254.3 260.9 267.3 271.2 274.2 276.9 277.2 273.1 258.9 248.3 240.2 238.8 241.6 251.7 253.5 251.3 244 242.5 238.7 229.7 223.1 217.9 214.8 211.2 207.9
245.6 241.4 238.4 234.3 227.6 219.4 218.3 197.9 205.9 223.2 240.6 245.7 249.1 254.4 255.2 256.8 257.6 256.9 253.4 253.3 253.7 245.3 246.9 261.1 271.8 280.2 289.5 294.2 301.7 309.1 309.9 304.7 299.9 295.1 291.2 287.5 283.2 277.1 272.1 266.5 259.3 248.2 237.3 230.2 225.8 225.2 230.8 239 246 252 258 265.3 263 261.9 272.3 276.7 277.6 277.4 276.3 274.5 267.4 260.4 254.3 246.7 240.8 246.7 253.5 259.5 267.9 263.6 258.1 254.1 250.6 243.2 232 225.7 220.2 217.5 212.2
244.2 239 237.6 235 233.7 231.5 226.8 212.8 223.9 223.5 231.8 239.6 243.7 249.2 254.6 257.7 261.2 260 259.2 260.2 261.4 252.3 261.7 273.5 281.1 285.8 291.1 296 301.3 309 308 304.5 302.6 299.9 297 292.3 287.9 284.7 279.7 274.8 265.6 251.9 240.6 232 228.7 238.2 250.3 263.6 273.4 278.8 282.2 283.4 276.1 283.8 281.2 288.3 297.3 300.3 294.3 286.1 276.7 259 248.8 246.1 249 252 259.2 265.3 272.3 281.6 275.7 268.5 263.1 254.6 243.1 234.2 229.4 225.1 215.4
242 238.9 238.1 236 233.8 230.7 216.9 221.4 232.8 236.9 239.5 242.2 247.9 251.8 256.8 260.3 264.6 267.9 268.1 267.6 269.4 254.8 270.8 279.9 287.1 290.6 295.5 300.5 304.6 311.1 310 308.3 307.8 306.6 304.2 302.9 298.4 295.4 292.2 286 273.8 254.8 241.8 234.2 242.2 261.3 280.5 296.8 304.9 307.4 307.7 290.7 289.3 288.7 303.2 316.1 317.6 312 298.6 285 269.8 255.6 252.8 252.1 255.4 257.1 264.9 276.4 284.4 282.7 285.6 281.2 269.8 263.4 252.7 242.1 235.7 229.2 226.1
240 238 235.6 233.2 229 222.8 220.2 231.8 234.7 239.5 243.7 246.2 250 254.8 259.9 264.1 268.5 273.4 272.4 274 277.4 266.8 277.7 285.9 291.8 295.3 298.3 303.1 309.5 312.5 313 313.8 313.1 312.8 311.1 311 310.2 306.9 302.7 293.9 279.9 255.8 241 241.2 257.9 284.6 319.9 327.8 330.4 325.7 317.3 304.3 303.9 299.7 305.6 316.2 316.7 304.3 290.6 278 264.3 263.4 266.1 267.3 263.6 264.1 271 285.6 297.5 297.7 293.7 291.9 287 271.6 257.4 250.3 241.5 233.8 234.3
237.6 235.3 234 234 228.8 223.4 233.8 235.7 238.5 241.9 245.4 250.1 253.6 258.9 264.4 269.9 274.6 278.3 279.5 279.3 283.2 282.2 277.8 289.7 294.8 299.5 304.1 310.5 314.7 317.3 319.3 319.4 319.7 319 317 316.9 316.4 314.6 310.8 298 279.2 255.3 242.7 253.3 273.8 311.9 340.2 344.3 339.6 333.5 323.6 318.3 315.5 312.2 312.2 316 311.6 303.5 291.2 278.4 271.2 272.8 284.8 293.6 283.5 274.7 286 298.1 306.4 308.3 302.2 294.9 287 273.4 262.9 253.9 244.4 239.6 244.6
234.6 234 234 234 234.2 233.6 237.2 240.3 242 246.6 250.3 254 257.9 262.9 269.3 276 281.3 283.3 284.9 284.7 288 290 283.2 294.6 298.7 304.2 310.6 317 321.9 324.6 324.9 323.6 323.7 324.9 325.1 326.2 326.5 323.9 314.8 296 273.2 253.5 252.4 265.2 287.5 325.6 348.1 353.2 345.8 340.5 330.4 325.6 323.4 320.6 321 323.5 318.5 313.3 301.1 288 283.5 288.5 302.8 309.1 298.8 284.5 292.2 313.2 322.3 322.7 311.1 300.4 290 277.9 267.4 254.7 246.7 252.3 258.2
234 234 234 234 236.2 238.8 241.8 244.3 246.7 249.9 255.2 258.7 263.4 268.6 274.5 281.6 287.4 290.5 291.9 291.4 293.7 296 291.8 298.5 305.5 313.8 322.1 325.2 326.5 327 327.1 327.8 330.3 332.7 334.7 335.4 334.9 328.9 314.3 293.9 269.5 254.8 262.8 274.9 298.9 337 357.9 359 344.7 339.6 338.2 337.8 333.8 329.4 336.4 338.5 337.2 335.1 317.7 298.9 300.8 305 317.8 317.3 308.2 292.5 302.2 323.3 324.6 330.8 323.2 306.3 292.3 280 267.6 255.2 257.6 264.4 268.2
234 234 234.6 234.9 239.7 243.4 245.2 248 252.7 256.8 260 264.4 269.7 276.4 282.7 289.8 294 296.5 297.4 297.2 300.6 304.7 303.3 299 311.5 319.6 326.1 325.8 326.6 327.8 330.7 335.1 339.2 342.3 344.3 344.8 340.5 329.8 311.9 290.4 270 262.4 270.3 291 324.5 337.2 349.5 353.7 357.4 356.6 353.1 354.7 350.6 352.8 356.6 363.5 365.4 345.7 317.3 314.7 313 317.6 329 336.3 329 309.2 316.3 323.4 329.8 340.4 341.1 321.2 298.4 283.2 269.4 262.8 269.4 276.7 283
234 235.3 240 242.3 243.8 247.6 249.8 253.6 258 262.6 266.7 271.8 278.6 283.8 289.3 295.1 299.8 301.9 301.9 302.3 304.8 308.9 309.5 298.3 311.2 319.5 324.3 324.5 326.6 328.5 334.1 339.9 343.8 347.6 349.6 347.6 342.8 331 308.9 287.5 274.7 270.8 282.8 309.5 333.9 348.9 360.1 368.8 374.6 369 370.3 371.7 374.7 382 390 384 368.3 349.4 326.4 330.3 335.1 334.9 338.2 346.1 341.7 326.4 325.8 329.5 339.6 338.9 339.1 326 304.2 287.3 273.3 274.4 278 280.7 283.3
234.6 239.3 243.4 246.6 248.3 251.5 255.3 256.8 263 267.8 272.2 280.1 283.8 288.5 294.4 300.8 305.7 307.6 306.3 307.1 308.3 312.8 314.4 313.5 315.3 319.3 324 325.6 327.3 330.9 336 343.7 347.8 352.5 352.4 349.6 343.5 331.5 313.6 295.5 282.5 280 292.5 324 340 358.4 369.1 384.5 390.1 384.8 384.3 395.9 396.6 397.7 394.8 385.7 370.1 348.8 345.8 354.5 350.4 348.6 352.8 353.9 348.1 337.1 345.8 344.3 344.5 342.3 332.6 317.7 299 287.2 285.3 283 284.8 286.2 285.2
241.6 242.8 246.4 250.9 253 256.6 260.5 264.2 267.8 273.4 280 284.5 289.4 293.8 300 306.8 311.1 312 311.5 311.5 312.6 317 319.3 319.9 315.7 319.8 325.2 327.5 330 335.1 343 349.7 355 357.6 357.6 355.2 351.3 341.1 323.4 304.5 289.8 289.8 298.5 319 338.7 361.1 376.3 392.3 396.5 395.4 395.6 406.4 412.3 407.7 401.5 396.1 383.1 364.7 358.4 371.4 375.8 369.5 369.4 364.7 364.2 354.4 359 356.8 346.7 338 325 309.4 299.3 295.4 295 292.5 293.4 293.3 291.6
245.4 247.7 252.1 256.9 260.3 262.7 265.3 269.3 274.5 281 285.8 290 293.9 299.5 306.8 311.8 314.8 316.3 316.4 317.7 320.6 321.9 323.5 324.2 324.1 320 325.9 329.4 333.6 341.5 349.8 356.8 362.5 365.2 367 366.6 362.6 354.2 335.1 314.3 301.5 294.2 304.6 320.5 343.2 366.3 384.7 397.9 405.6 409.8 413.3 416.9 415.7 410.7 407 398.3 386 374.8 370.9 384.8 382.3 378.4 378.9 378 373.4 366.6 373.6 379.3 366.4 349.4 331.8 318.9 309.9 308.2 311.8 311.7 307.1 302.4 299.5
250.9 251.5 259.2 263.7 266.9 269.4 270.8 274.2 281 285.5 288.5 293.3 297.3 305.1 313.2 315.5 319.1 321 321.7 323.2 324.8 327.1 328 327.6 326.9 321.7 326.3 331.4 338 347.1 354 362.6 370.1 374.9 379.4 383.6 381.9 371.9 355.3 335.8 315.3 301.4 308.4 321.8 345.9 371.4 390.5 406 414.7 422.6 424.7 423.1 419.9 415.5 411.1 403.2 402.8 401.9 386.3 392.8 399.6 396.7 390.4 385.9 377 386.9 397.3 403.2 390.3 366.5 343 329.5 324.9 325 326.8 324.1 315 311.4 309.9
