webserver/python/data/NT31.asc
ncols 200
nrows 200
xllcorner 330000
yllcorner 610000
cellsize 50
[rows 70 to 104 of 200, columns 0 to 77 of 200]
220.8 221.3 221 220.8 220.5 220.7 220.9 222.9 230.6 235 238 239.6 241.3 245.1 247.9 251.7 254.1 256 258.6 260.6 262.7 264.3 266.2 267.6 266 260.5 251.4 245.7 242.2 248.2 248.4 239.3 235.8 233 234.3 234.6 242.5 267.3 289.5 305.5 313.5 319.4 322.7 323.1 323.5 319.4 315.7 313.3 310.6 318.4 324.5 333.1 345.3 359.9 376.8 391 402.6 412.2 418.9 421 420.7 419.4 415.5 410.8 408.3 404.1 401.5 399.1 394.9 391 389.2 389.8 390.5 391.4 388.4 384.5 381.1 376.3
220.7 221.7 222.2 221.1 220.6 220.8 223 226.2 231.7 237.5 240.9 244.2 248.3 253 256.7 259.7 262.8 266.4 269.1 271.1 271.7 272.1 273.3 275.6 271.2 265.8 257.4 249.4 243.5 247.1 251.7 249.4 244.4 232.7 233.4 233.1 239.8 263.6 282.3 293 301.2 304.8 305.8 307.7 307.8 306.4 301.3 301.3 304.6 319.6 324.3 334 349.1 361.8 376 390.3 403.9 412 419.1 423.2 425.2 422 419.1 412.8 408.4 403.6 399.5 396 391.4 389 388 386.1 385.1 382.6 381 378.4 376.2 371.4
221.6 222.3 223.2 222.6 221.5 221.8 224.9 228.8 234.6 241 246.5 251.6 256.6 262.6 267.4 274 277.3 281.6 284 285.4 285.3 283.2 282.6 285.3 281.6 275.3 266.2 256.2 248.9 244.6 248 249.3 252.7 238.3 233.9 233.8 236 249.6 266 276.2 284 287.7 289.1 291.7 294 292.5 290.2 299.9 307.9 316.8 327.5 341.6 355.8 367.8 378.2 390.8 402.3 414.2 419.8 425.6 426.7 420.4 416.3 410.3 404.3 399.5 395.5 392 389.4 387.4 384.6 382.4 381.4 378.3 378 372.4 371 370.2
222.9 223.5 224 224 223.2 223.5 227.1 231.8 239 246.1 251.7 259.1 266.6 274 280.6 288.7 293.3 298.6 297.3 298.6 297.2 296 294.3 295 291.6 286.1 278.4 268.2 259.8 251.3 248.5 255.4 260.7 240 234.5 234.4 235.4 239.4 251.7 260.1 264.3 267.6 269.9 271.9 276.8 284.4 291.7 302.7 313.8 326.6 339.1 350 362.3 372.8 383.4 395.6 405 414.6 419.4 420.8 419.9 418.1 414.2 407.5 401.5 395.5 391.6 388.6 386.8 385.3 382.9 380.9 379.1 377.4 376 374 373.2 374.3
224.5 225 225.7 225.8 225.6 226.4 230.4 235.9 241.9 250.9 258.5 266.9 276.6 285.6 294.6 301.4 307.4 311.2 314.2 312.4 313.4 312.1 308.1 305.9 303 297.9 291.2 285.6 275.7 267.2 260.1 260.7 259.2 241.2 235.1 235 236.1 238.6 244.5 249.4 252.9 262.6 268.4 275.6 283.9 292.5 300.6 309.9 322.9 337.1 348.9 358.3 367.6 377.7 389.3 398.3 405.4 411.2 414.7 416.1 415.7 415 411.4 404.3 396.8 391.3 383.8 381.2 382.1 383.5 383.3 382.2 380.2 379.5 379.2 379.4 380.9 379.8
226.4 226.9 227.2 228.8 227.6 228.6 235 242.4 249.4 257.7 265.6 275.9 286.9 296.7 306.2 313.4 320.5 325 328.8 331.3 329.1 327.5 323.9 320.5 317 310.2 302.5 295 287.8 280 272.2 266.8 256.9 241 235.8 235.9 237.4 241.8 247.6 257.6 269.7 279.4 287.6 295.5 301.1 307 314.3 325.4 336.7 346.2 355.8 362.4 370.7 380.6 389 396.4 401 409 411 410.7 410.2 409.9 399.7 395.2 388.1 378.7 378.9 378.9 380 382.3 385 386.6 386.1 386.2 387.4 387.5 388.6 388.7
228.5 228.5 228.4 230 231.7 236 243.6 250.2 257.6 267.1 275.9 285.7 297 306.9 317.3 324.2 330.2 335.7 340 344.1 345.1 343.6 342.3 335.8 328.5 317.7 306.9 299.6 291.4 283.1 273.5 261.6 250.2 240 236.8 237.2 240.2 248.4 259.5 275.3 288.4 298.9 309.9 317.3 321.1 324.1 338.9 346.4 353.2 353.9 359 367.6 377.6 384.6 392.2 401 401 401 406.2 402.3 401 396.5 391.6 386.5 378.5 374.6 377.2 381 381.3 385.6 388.6 389.9 390.3 391.8 391.5 390.2 390.8 391.5
233.3 232.6 229.7 232.3 237.5 240.9 248.7 258.1 266.5 273.9 284.3 293.7 303.5 313.9 323.6 332 339.6 345 353.5 358.9 361.2 358.6 352.4 344.8 334.9 322.6 310.9 300.1 289.9 280.2 272.3 255 243.6 237.5 237 238.6 248.3 259.6 275.2 292.1 310.1 325.3 336.7 338.8 341.5 344.3 352.8 359.8 364.4 364.8 374.8 379.5 380.5 385.6 392.5 400.7 399.1 399.2 398.5 397.1 396.4 392.7 387.2 380.9 375.9 370.9 372.1 378.9 382.9 388.3 390.9 391.2 391.5 395.4 396.1 391.7 391.4 392.4
240.6 241.1 240 234.7 243.9 249.4 254 263.7 272.8 283.5 289.8 299 309.1 319.6 329.5 338.6 348.8 357.5 362.6 367 364 359 352.7 342.5 331.3 322.5 309.3 299 287.9 276.7 267.6 258.7 240.6 237.9 237.3 241 257.8 277.1 299.7 325.6 335.3 344.2 349.2 357.2 358.7 358.7 362.2 372.1 374.6 374.8 383.3 390.2 388 389.2 389.6 395.2 397.3 395.1 394.8 394.3 392 387.7 380.6 374.8 371.9 368.3 370.7 377.3 382.6 387.4 390.4 391.4 391.6 391.3 391.8 390.5 388.4 384.4
247 247.3 248.3 248.3 246.2 258.3 262.4 268.6 279.1 289.7 296.8 303.9 314.4 326.2 338.3 350.9 358.3 364.9 369.4 366.3 363.1 356.6 349.5 339.1 329.1 318.4 305.2 294.7 285 274.4 264.6 257.2 241.6 237.6 237.6 246.1 270.6 291.4 319.3 338.2 348.1 356.1 372.2 378.2 377.9 374.6 377.7 382.7 386.7 388.7 389.3 390.7 391.1 390.5 390.2 389.3 390.6 389.6 391.2 390.7 385.3 379.8 373.3 368.3 365 360.3 364.7 370 375.5 378.3 381.1 382.5 379.6 380.1 378.5 379.6 376.4 373.9
257 258.1 260.1 261 251.1 264.3 271.2 278.8 286.4 296 302.9 310.2 319.8 331.8 345.4 358.3 366.8 373.7 375.2 371.1 363.1 354.7 346.1 336.6 326.7 314.4 304.4 294.5 285.2 273.5 262.3 254.3 244.8 237.7 237.7 246.6 274.6 297.9 322.9 345.7 361.3 376.6 385 386.4 387.2 383.8 385.9 390.5 397 400.3 398.4 394.6 391.4 390.4 391.2 387.4 383 383 384.4 382.9 380.1 374.9 368.2 362.8 359.1 357.1 356.5 359.7 366.6 371.3 370.9 370.4 369.5 369.2 368.5 367.9 366 363.7
268.4 270.4 269.4 264.9 263.7 274.1 282.9 290.9 294.9 301.5 312.1 321.5 327 337 349.5 362.6 371.2 374.9 372.2 365.5 358.1 349.6 340.7 331.8 321.7 312.5 303.8 292.5 282.4 271.6 261.4 253.3 242.6 237.8 237.8 238 263.6 286.6 312.5 340.9 359.3 373.5 380 380.4 380.1 380.7 386.8 395.9 401 402.5 398.9 398.5 394 390.5 387.9 381.2 379.1 377.4 378.8 378.6 376.1 371.1 367.2 359.8 357.8 353.2 350.8 351.2 354.4 358.7 358.9 357.6 358.3 355.5 355 354.7 353.4 351.9
279.4 279.9 269.9 266.4 277.8 288 295 300.3 306 310.6 320.1 330.3 334.8 341.7 353.8 366.9 369.3 369.1 368.4 362 356.9 348.7 340 329.9 320.5 311.3 302.8 295 287 273.2 261.5 253.6 245 238.6 238.5 238.5 240.6 264.3 292.3 313.3 330.9 347.3 356.1 363.1 368 379.9 387.9 393.9 399.5 405.7 402.7 400.2 394 389.6 383 380.8 373.3 375.9 378.9 378.8 378.7 372.6 369.9 364.4 359.8 353.9 350.3 349.1 347.5 347.7 348 346.4 345.4 344.5 343.9 343.1 343.6 343.2
287.1 282.7 267.6 276.2 289.1 299.8 305.9 309.9 315.1 324 331.2 334.9 340.3 348.1 359.3 372 376.6 379.1 374.2 366.8 359.1 350.6 342.2 332.4 322.4 309.5 300.1 294.8 279.1 269.1 260.5 253.7 250.1 241.9 239.5 239 239.1 244.4 266.3 287 305.6 320.4 336.3 337.7 353.1 368.9 381.8 390 395 399.3 399.2 395.6 391.3 387.4 378 373.9 371.5 375 378.9 378.9 380.3 374.5 370.9 368 361.9 356 350.8 349.2 343.9 339.7 341.4 342 339.8 338.8 336.5 335.8 336.6 336.8
291.8 280.4 269.4 287.2 300.1 311.1 315.6 319.4 325.1 336.2 342.5 345.6 349.6 354.2 363.6 376.3 382.7 382.5 379.5 371.4 360.6 354 343.9 332.6 326.5 320.1 308.9 294.7 279.5 270 259.8 253.5 250.9 245.8 242.1 239.5 240.3 241.3 248.5 262.6 278.3 294.1 306.3 324 339.6 352.9 370.2 383.5 386.5 390.3 391.4 388.1 379.7 376.3 373.6 370.6 369.8 374.6 379 377.3 375 373.1 370.4 366.6 362 355.9 350.9 348.3 343.6 340.7 339.3 335.4 335.8 334.5 334.3 333.9 332.8 331.6
290.3 280.3 276.4 290.6 303.5 314.1 322.2 327.2 336.8 345.9 351.5 357.3 364 365.4 371 378.9 388.3 387.1 381.2 372.4 363.1 354.7 346.3 339.1 332.2 323.1 315.7 302.6 288.1 275.1 264.8 256.2 251.4 249.7 246.6 240.3 241 240.7 242.4 249.9 271.3 279.8 290.7 304.5 321.8 339.6 356.9 372.8 379.6 383.6 385.6 381.3 375.6 370.8 369.8 365.8 365.4 370.3 373.7 371.5 369 371.2 371.1 364.6 357.3 352.3 346.6 342.8 339.7 338.1 335.6 330.8 332.3 332.3 331.8 330.2 329.3 327
291.6 283.2 277.4 292.7 306.1 317.9 326.3 334.4 345.9 353.4 359.3 368.2 374.8 376 382.1 388.4 390.7 389.8 387.3 376.9 367.3 359.5 353.1 345.8 340.1 329.9 323.3 314.3 299.8 285.5 272.6 264.1 257.7 254.7 251.8 245.7 241.6 241.4 242.1 245.4 262.9 274 285.9 296.9 310.1 331.5 352.7 365.8 378.2 381.1 381.7 375.5 371.5 367.6 363.7 361 358.3 363.2 366.9 370 368.8 368.1 360.2 355.4 350.1 343 338 336 335.3 334 330.9 328.6 329.4 327.9 325.2 322.5 323.1 322
297.6 289.2 281.5 295.5 306.3 316.2 326.3 337.9 348.7 359.4 366.8 376.7 386.9 392.9 396.4 395.6 394.7 392.9 389.3 382.9 375.1 372.2 367.7 360.9 352.5 342.5 333.9 324.5 313.5 299.9 288.3 277 267.6 260.6 257.2 252.4 246.9 243 242 244.3 259.9 273.7 282.6 290.2 305.5 329.1 353.8 367.3 376.7 378.9 377.2 369.7 368.3 364.9 359.8 358.5 354.4 352.4 360.1 361.1 363 360.1 352 346.9 338 331.8 330 329.5 330.8 329.6 326.5 321.4 323.7 321.8 319.2 314.6 314.6 313.5
299.5 290.4 289.4 296.4 304.9 314.3 325.1 336.7 348.9 361.2 373.6 385 396.1 401.4 402.4 401.3 399.7 397.1 393.5 388.8 389.5 387.5 382.1 375.3 365.5 354.6 344.1 335.2 324.9 312.6 299.5 287.6 278.5 269.7 263.6 258.3 252.2 246.4 244 245.1 249.8 267.5 275.1 291 307.4 328.4 352.7 368 378.3 379.2 377.7 373.2 370.9 366.8 361.8 358.6 353.4 349.6 349 344.2 347 344.3 338.9 330.5 326.2 324.2 323.1 323.7 325.3 325.7 322.7 319.9 316.6 312.4 308.4 307.3 305.6 304.6
304.5 293.8 295.8 302.2 310.7 319.6 328.4 339.4 350.8 362.9 377.2 389.4 400.2 406.8 407.2 406.8 407.2 407.9 404.1 402 401.6 400.6 395.2 388 378 366.7 355.2 344.6 337 325.9 312.7 302.4 292.3 281.2 275.4 268.9 262.3 249.9 244.9 246.8 247.6 257.1 278.6 297.6 317.7 336 359.4 375.5 380.8 383.3 381.9 379.9 377.4 372.2 366.8 360.4 356.2 351.8 351.1 340.8 335.4 330 328 326.4 320.6 319.4 319 319 319.5 320.4 316.9 312.6 308.3 305.6 302.9 303.7 299.6 298.7
311.2 296.4 301.7 308.3 315.5 325.1 335.5 345.6 355.4 366.9 380 394.3 404.4 411.8 413.5 414 414.1 415.9 417.8 418.8 417.8 411.4 404.2 395.6 385.5 376 365.7 356.6 348.7 338.5 329.2 317.6 306.5 295.4 288.7 278.6 271 255 246.4 246.4 247.2 253.6 281.8 303 325.6 344.1 364.5 376.1 385.2 390.5 391.1 390.1 383.1 377.5 372.8 368.2 362.1 355.6 352.4 348 340.3 336.6 332 329.5 327 322.4 321 318.9 314.3 309.7 309.4 308.2 304.8 303.2 302.1 302.6 299.7 297.6
314.6 300 308.3 314.6 324 333.9 344 353 363.3 374.3 387.6 401.8 411.4 416.3 419 421.1 419.7 422.5 425.8 427.3 422.4 416.6 407.4 398.9 388.7 380.2 372.2 364.7 357.6 349.4 339.8 328.5 318.2 308.4 298.5 288.6 280.8 270 255.4 246.2 247.2 255.1 282.8 308.2 334.6 356.7 372.1 381.9 393.6 397.6 395.7 395.4 393 390.1 385 376 373 369.7 365 357.6 349.9 344.4 340.2 335.5 333.1 328.8 325.4 322.6 319.4 316 312.7 310.2 308.6 305.1 302 301.5 300.8 299.3
317.8 303.9 312.4 320.2 332 342.5 351.2 361.1 372.8 384.5 396.7 410.8 417.4 418.1 420.1 420.9 419.2 422.2 430.3 430.3 423.2 415.2 406.8 399.2 389.1 380.9 373.6 368.6 362.5 356.1 346.7 333.5 325.4 316.8 306 294.5 282.3 272.3 261.8 249 247.9 252.9 280.4 307.3 333.1 360.3 376.7 391.6 398.9 405.5 405.1 407 403.2 397.8 390.8 386.9 385.3 385.3 375.9 367.3 359.8 352.1 347.1 342.4 338.6 335 331.4 329 325.9 322.4 319.4 315.7 311.1 308.6 303.1 301.8 301 301.5
325.1 306.3 318.9 326.6 339 351.7 361 371.1 383.1 394 403 411.7 417 420.1 420.8 418.6 418 419.9 427 427.3 418.6 411 403.1 394.6 385.3 377.9 370.4 367.5 361.6 357 349.5 337.5 328.9 320 308 296.2 284.2 273.1 264.3 256.3 248.2 251.3 274.2 302.2 328.3 357.5 380 393.5 401.5 408 407 404.7 403.3 398.4 401.2 401.1 397.9 391.4 386.3 377.6 368.3 359.8 354.8 347.6 342.1 337.7 334.4 331.8 331 327.3 323.5 320.7 316.1 310.4 307.5 304.7 301.8 302.6
324.4 312.1 324.2 332.6 346.4 361.5 368.9 377.7 390.2 398.9 406.2 411.1 412.3 416.1 417 415 413.8 416.2 421.2 422.9 414.6 405.1 397.2 389.8 380.3 369.3 366 365.7 362.7 356.7 350.2 337.2 329.9 321.7 310.8 300.5 289.7 278.7 267 258.5 249.5 248.4 268.9 299.4 327.8 352.9 372.2 389.1 398.8 400.4 401.5 406 402.1 405.2 410.1 406.7 399.2 397.9 391 384.9 376.6 367.4 358.9 350.2 343 339.2 335.9 332.6 331 331 327.8 323.8 319.3 311.6 307.9 304.2 302.4 303
317.9 327.1 330.7 336.5 350.3 363.7 374.3 382.7 393.9 400.9 406.2 409.7 410.2 409.7 410.5 407.7 407.7 408.4 414.7 411 404.7 396.3 388.4 380.7 372.8 361.2 360.2 361.3 359.4 352.4 345.4 331.8 322.9 317.2 310.8 303.6 295.6 285 272.6 262.2 250.5 248.1 264.3 296.8 324.9 349.5 366.2 378.3 385.6 387.8 391.7 396.1 399.5 400.7 402.4 402.8 401 397.8 389.4 380.8 372.8 367.2 360.2 352.8 344.6 339.4 335.9 332.2 331 331 327.8 321.3 315.3 309.5 306.4 303.2 301.7 302.7
330.7 333.3 336.8 341.7 355.1 370.2 381.7 386.2 396.2 400 404.8 409.2 406.8 402.1 400.1 396.1 398.1 396.4 402.6 400.2 394.5 386.6 378.9 372.5 364.5 352.5 347.2 346.6 347.1 344.7 339.8 329.5 319.3 311.7 306.6 302 296.6 290.3 279.3 264.8 247.9 247.9 263.4 295.2 319.7 343.1 358.9 368.2 370.8 372.2 374.1 381.4 389.2 397.4 401 400.5 398.4 391.2 384.7 379 373.6 368.9 361.4 353.6 347.8 340.8 337 332.4 329.8 329.6 323.4 316.2 311.1 307.2 304 302.3 300.3 300.5
338.8 338.5 341.9 349.2 361.7 375.8 387.8 394.4 402.4 407.4 409.5 408 401.4 393.5 385.5 378.7 377.1 380 388 387.5 382.1 376.5 371.1 363.3 354.7 342.5 336.8 340 339.8 337.4 331.8 323.5 315 306 301.3 296.6 291.7 287.6 283.1 250.4 247.9 247.9 266.9 289.7 312.1 332.1 344.8 353.2 354.5 355.7 358.1 365.3 378.7 389.7 396.7 396.7 393.7 389.1 383.4 378.4 373.6 369.9 362.1 355.9 349.7 344.8 340.4 332.8 327 319.7 314.1 309.8 306.4 304.3 303.2 301.6 300.1 298.9
342.4 342.5 346.7 356.4 370.8 380.5 393 403.8 410.6 410.9 410.9 405.9 399.3 390.2 376.6 365.4 358.3 361.1 366.9 372.1 367.6 362.2 355.8 347.3 340.5 330.7 326.1 330.1 327.3 322.3 319.5 315.5 308.4 300.2 294.4 289.5 284.2 280 276.8 248.8 247.9 247.9 266.5 285.7 304.3 317.8 326.6 335.8 337.7 337.6 342.9 350.4 364.9 379.3 391.8 393.6 391.6 388.3 382.3 379 373.9 369.6 362.4 356.7 350.4 343.4 337.5 329.1 320.8 314.3 307.6 305 302 299.6 301.2 301 299.7 298.3
346.4 348.8 356.9 368.2 379.7 386.2 398.5 409.7 413.6 411 408 401.4 392.9 383.4 371.2 357.7 347.7 344 347.4 349.4 346.6 342.1 335.4 329.4 323.9 318.4 313.9 314.6 311.8 309.6 306.8 302.7 294.9 289 284.1 280.7 277.4 273.5 266.4 249.2 247.8 247.8 255.5 270.6 285.1 297.3 306.8 311.3 316.2 319.6 324.8 335.4 353.1 372.1 387.7 391.4 390.1 389.7 384.1 380.5 376.6 371.1 365 356.5 349.3 341.2 332 323.3 314.4 308.3 303.7 301 298.9 298.7 298.6 299.4 298 298.1
350.6 357.7 368.8 380.1 388.8 395.1 403.6 411.8 414.2 411 401.6 393.5 383.7 375 363.8 350.6 342.1 332.8 332.5 329 324.9 320.5 315.7 311.8 308.7 304.6 301.4 300.9 299.5 298.1 296.5 291.1 283.4 278 273.7 272.2 271.2 265.8 257.9 259.9 260.4 250.5 247.9 249.8 261 272.7 284.2 293.3 299.2 303.9 311.5 326.2 344.4 364.9 379.9 386.1 389.6 389.4 387.8 382.2 374.9 368.8 363.5 352.8 343.2 333.8 324.3 315.1 307.8 304 300 298.5 298 297.9 297.7 297.6 298 298.4
359.5 367.2 380.2 392.9 402.7 408.7 409.3 410.4 406.3 398.3 392 384.8 377.3 367.9 357.1 346 335.9 324.8 319.9 316.2 310.7 303.9 299.3 295.8 294 293.3 293.8 293.8 293.7 293.3 289.7 283 276.5 272 266.6 262.5 258.3 258.1 262.8 272.9 278 275.2 269.9 258.5 250.2 249.1 252.8 272.6 285.6 290.6 303.2 320.6 338.8 359.6 373.7 381 386.2 384.1 378.4 370 364.6 359.2 353.6 345.5 337.1 328.3 320.2 313.7 308.3 301.4 298.4 297.2 297.6 297.6 297.6 297.8 298.2 297.9
369 378.1 389.8 401.4 412.6 417.1 412.5 408.9 402.8 394.7 387.5 379.1 371.6 365.7 355.2 342 334.3 324.6 314.4 308.6 300.4 295.3 291.4 288.5 287.7 288.4 290.8 291.6 291.3 289.3 285.1 279.7 271.2 267.1 259.5 258.9 264.3 271.6 274.5 280.3 284.5 285.2 283.8 279.3 273.1 258.9 251.2 249 266.1 279.8 300.5 321.2 338.1 352.1 366.1 375.7 378.6 379.6 375.7 368.3 360 352.1 345.3 338.8 331.9 324.9 320.8 315 308.9 301.2 298.1 296 296.9 297.6 297.6 298 298.7 303.3
379 387.4 399.2 408.9 419 419.6 414 409.3 402.6 394.8 384.9 374 361.5 360.6 347.2 336 329.2 321.1 313 304.5 296.6 292.7 290.4 288.1 286.3 281.8 288.5 286.8 280.8 280 269.8 268.2 268.2 270.6 273.8 275.8 279.7 281.4 283.2 287.3 290.3 292.8 292.6 290.3 282.8 273.5 253.9 249.9 260.8 277.4 299.3 319.5 332.9 345.5 357.7 370.2 374.5 372.9 367.8 362.7 355.4 348.6 342.2 335.9 330.2 325.2 320.2 317.2 309.9 300.6 297.8 295 295.3 296.7 297.6 298.2 303 312.6
388.5 396.3 405.6 411.3 414.6 412.4 407.5 401.1 398.3 389.7 378.7 366.1 353.3 345.2 337.3 330.6 323.2 316.1 308.3 299.7 293.1 290.9 289.4 287.4 281.3 279 279 278.6 279.1 274.1 276 279 283.1 283.9 289.5 291.8 291.4 293.1 295.8 296.2 298.7 299.6 298.3 293.3 288.8 280.1 258.3 254.4 259.1 278.7 297.1 316.9 332.5 339.7 349.3 358.3 361.1 362.4 359.6 360.1 356 348.8 340.7 334.4 328.5 324.2 319.9 315 310.5 301.1 297.4 294.7 294.9 296.5 298.2 301.4 308.4 319
