webserver/python/data/NT36.asc
ncols 200
nrows 200
xllcorner 330000
yllcorner 660000
cellsize 50
[rows 144 to 179 of 200, columns 0 to 79 of 200]
131.9 136.3 138.8 141 141.3 139.8 134.7 127.8 121.8 117.8 114.8 114 114 113 112.3 111.6 110.8 105.4 99.2 103.1 108.4 108.5 107.7 106.1 104.4 104.1 104.2 104.8 105.3 104.3 105.1 105.8 105 105 104.4 103.5 102.5 102.6 103 103 101.9 101 100 96.5 90.8 78.2 73.6 69.8 75.5 90.6 97.3 100.4 101.1 101 99.7 93.9 95.5 99.2 102.8 104.7 106.1 107.5 109 110.6 109 110.3 113.2 115.9 117.8 121.8 127.8 132 135.9 139.3 143.8 147 149.5 152.1 154.8 156
141.2 141.3 141.7 141.5 141.5 138 131.1 125.4 119.5 117.8 115.4 115.5 116 114.7 113.8 112.8 110.6 106.2 99 109 110.8 110.5 109 106.4 104.1 104.4 105.3 106.4 106.9 106.6 107.8 108 107.3 106.6 106.1 105.6 104.7 105.1 105.1 103.9 102.6 100.9 99.4 96.8 88.6 77.3 75.6 71.8 73.2 92.2 99.3 100.3 101.1 101 97.3 94.3 98.2 101.8 104.9 105.9 107.1 108.5 110.4 111.1 109 111.9 114.6 116.4 118.2 122.9 128.1 132.3 136 139.4 145.1 148.1 150.4 152.3 154.5 155
142.7 141.6 141 140.7 139.4 133.8 127.1 121.8 118.8 118.4 117.3 116.6 116.1 116.2 114.7 112.1 108.8 105.3 101.7 111 111.3 111.2 110.6 107.9 104.2 107.5 109.3 108.8 108.9 108.9 110.8 109.8 108.7 108.4 107.6 106 104.6 105.7 106.1 105.1 103.5 101.4 99.2 96.9 91 81.2 77.1 72.3 72.2 93.5 98.5 100 101.2 101.1 97.4 97.3 100.8 104.5 105.6 107.1 108.7 109.9 111 109.7 110.8 113.3 115 116.8 118.6 123.2 128.9 133.3 136.6 139.7 144.3 148.5 151 152.4 153.9 155.3
141.1 140.7 139.4 136.5 133.4 128.2 124.5 121.7 120.7 120.8 118.7 117.6 116.2 114.7 114.4 112.2 110.9 99 106.4 112.5 112.9 112.6 111.4 109.4 105.7 109.2 111.5 110.4 110.5 109.8 110.3 110.1 109.9 110.3 109.7 107 104 105.9 106.1 105.8 103.5 101.5 99.3 96.9 92.4 86.4 79.3 71.7 76.6 91.8 99.3 101.3 100.5 99.5 99.2 99.2 101.9 104.7 106 107.4 109 110.9 110.7 111.3 112.9 114.2 115.9 117.1 118.9 123.8 129.7 134.2 136.8 139.6 143.7 147.7 149.4 150.3 152.4 154.8
139.3 139.6 137.3 133.3 130.1 129.8 126.9 126 126 122.6 119 118.5 116.9 115.6 114.5 112.4 105.9 100 110.7 113.4 114.5 114.3 113.2 109.6 108.9 113.1 114.4 112.8 112 111.5 111.8 111.6 111.6 111.4 110.9 109.6 106.7 105.6 106.1 104.5 102.8 101.5 99.2 95.3 91.1 87.5 81.3 73.6 82.2 97 100.5 101.2 101.9 99.4 98.3 100.4 102.9 105.2 106.2 107.6 109.6 110.9 111.5 112.4 113.1 114.7 116.6 118.5 119.8 124.9 130.3 134.7 137 140.9 144.6 147.8 149.2 149 151 153.3
141 139 135.9 133.9 132.4 131 129.9 126.8 125.4 122.8 121 119.3 117.8 116.5 108.2 103.9 100 108.3 113.5 115.9 116.2 116.1 115.4 110.2 109 115.1 116.5 115.2 115 113 113.8 113.2 113.3 112.7 111.9 110.7 108.9 107.1 105.2 104.4 102.2 99.5 98.5 95.9 93.7 88.2 74.1 77.7 87.4 95.9 88.8 91.7 98.4 100.2 99 100.8 103.1 105.3 106.2 108.1 110.1 110.6 111.6 112.6 113.6 114.8 116.5 118.4 121 125.3 130.5 135.1 137.8 141.6 144.9 146.9 148.4 149.6 151.7 154.3
137.8 138.3 135.6 133.4 132 131.4 130 126.5 124.2 122.6 121 120.5 118.2 113.3 104.1 107.2 114.1 115.7 117.5 118 118.1 117.8 116.1 111.1 113.2 116.9 118.1 117.2 115.5 114 115.5 114.4 115.1 114.5 112.2 109.8 109.6 108.1 106 106.1 103.7 100 99.1 98.8 94.6 90.8 73.6 80.1 83.7 81.9 82.8 85 88.3 100.4 99.4 100 103.1 105.5 106.3 108.8 110.8 110.8 111.8 112.8 113.8 115.2 116.8 118.6 121.4 124.5 129.3 134.6 138.2 141.8 144.5 146.8 148.4 150.3 152.5 154.9
134.2 135.5 135.9 132.8 130.1 129.1 127.7 125.5 122.6 120.8 119.9 115.2 110.6 104.3 109 114.5 117.4 118.5 118.8 119.1 119.6 119.4 117.3 110.9 116.1 120.4 120.5 118.5 116.6 115.9 116.3 115.8 115.4 115.1 112.6 110.6 111.1 109.6 107.1 105.2 104.2 102.1 101.1 101.1 95.7 90.8 74.3 78.8 80.7 80.3 80.3 81.5 83.8 88.2 97.8 99.2 100.5 104.9 105.5 108.7 110.9 110.8 112 113 114.2 115.6 117.3 119.2 121.4 125.2 130.4 135.2 138.5 141.6 144.6 146.8 148.2 149.9 152.3 154.8
128.1 131.9 133 129.7 128.8 127.8 126.6 124 120.2 113.9 109.3 108.9 106.4 104.1 116.1 117.5 118.6 119.3 119.7 121.6 122.4 123.1 119 114 119.6 121 121 119.2 118.2 118.2 117.6 117 116.2 114.8 113.6 112.2 111 110 108.4 106.7 105.4 103.8 102.1 98.1 93.5 80.3 78.9 75.7 80.6 79.9 80.1 80.1 80.2 82.1 90 97.8 101.7 103.9 104.9 107.2 110 110.6 111.7 112.8 114.1 115.6 117.2 118.8 121.5 126.1 130.7 134.2 137.7 140.8 143.7 145.8 148.6 149.8 152.1 154.7
119.5 123.1 126.4 127.9 127.4 126.6 125.8 121.6 114.1 109 114.4 114.7 115.6 118.6 120 121.4 122.9 124.2 125.3 125.8 126 123.8 117.1 116.1 120.5 120.8 121 118.8 120.4 119.8 118.7 118.2 117 115.6 114.5 113.5 112 110.4 108.8 107.6 106 102.4 99.4 90.2 88.7 89.1 93.5 89 75.8 79.6 80 80.1 80.1 80.4 91.9 98.7 106 105.6 106.3 107.8 109.3 110.2 111.2 112.4 113.8 115.4 117 119.1 121.4 125.8 129.4 133.3 136.8 139.6 142.3 144.9 148.1 150.6 152.5 155.5
120.2 118.9 119.6 122.7 121.7 121.6 119.4 114.5 111.5 113.7 121 122.1 122.5 124.4 126 126.1 126.1 125.8 126 126.4 122.2 115.6 117 119 122.5 121.8 119.8 120.2 120.9 121 120.3 118.9 117.3 114.9 114.1 113.5 112.8 110.7 108.6 107.2 104.9 99.7 93.8 89.7 96.9 96.9 98.2 94.8 91.8 83.1 79.5 79.6 78.7 78.2 94.9 99.1 103.6 106.7 108 108.9 111.1 110.9 111.2 112.4 113.7 115.3 117.3 119.4 121.3 124.9 129.2 133 135.5 138.2 140.9 143.8 146.6 149.3 152.1 154.6
125.5 124.7 122.9 114 114 114.2 114 114 116.7 121.4 123.5 125.4 125.5 126 125.4 125.4 127 125.9 125.8 125.6 119.5 120.5 123.3 123.7 125.7 123.6 121.4 120.6 120.8 121 119.3 119 117.3 115.8 114.6 113.6 112.7 110.6 108.5 105.1 99.8 93.3 97.5 93.9 100.9 100.4 101.5 100.8 101.6 87.9 92 80.1 78.9 79.1 84 91.7 96.9 103.8 107.3 108.2 111.1 111.1 111.6 112.9 113.9 115.5 117.5 119.2 121.3 124.8 128.5 131.4 134.2 137.4 139.2 142.4 144.5 148.1 151 153.8
126.6 127 127.3 126.4 125.4 125.9 123.6 123.6 124 123.3 124.2 124.1 124.1 123.9 124 122.6 122.7 121.3 119.5 118.8 120.7 125.3 125.9 125.6 126 123.9 122.4 121.1 120.5 119.3 118.8 119.3 118.3 116.9 115 113.9 112.8 109.3 106.2 96.8 93.6 100.6 104.4 99.9 102.3 103.6 103.8 103.6 102.5 101.9 94.5 78.3 77.9 79.3 81.5 83.5 93.8 98.7 104.1 105.9 109.4 110.7 110.6 113.3 114.6 115.8 118.2 121 122.8 126.4 130 131.7 134.9 138.9 140.6 142.4 145.2 147.2 150.1 153.2
128 129.2 129.8 129.6 128.1 128.1 127.4 127.3 127.4 126.8 127.3 126.4 126.6 127.3 126.3 123 122 123.9 126.5 128.4 128.6 127.5 126.9 126.3 125.3 124.5 123.3 122.2 120.8 119.3 120.1 119.6 119.4 118.1 116.2 113.9 112.5 105.1 95.3 99.3 103.8 106.2 105.7 104.8 105.4 105.4 104.4 106 104.6 101.8 92 78.2 77.9 78.8 80.4 82.6 89.8 96.3 100.9 93.7 99 99.7 104 112.1 114.8 116.1 117.8 120.1 122.7 126.4 129.1 131.4 135.6 137.8 140.9 142.8 145.5 147.8 150 153.2
131.5 131.9 132.5 132.3 131.5 131.8 131.5 130.1 129.9 130 131.2 131.4 131.7 132.4 132.6 131.9 131.4 131.8 131.6 130.6 129.8 129.2 128.4 127.4 126.4 125.5 124.4 123.3 121.9 121.2 121.4 120.6 120 120 117.4 114.3 109.7 99 99.9 107.8 108.7 106 104.8 105.4 106.7 106.4 105.6 106.1 106.1 105.3 102.4 83.2 78.1 78.6 80.3 82.3 84.9 91.4 97 83.8 84.7 93 101.3 108.7 114.1 116.7 118.3 120.3 123.5 127 129.8 131.5 135.9 138 139.3 143.7 146.4 148.5 150.6 153.1
134.5 134.8 134.7 134.3 134.4 135.4 136.1 134.9 134.2 133.1 133.7 134.7 134.9 135.6 135.6 133.9 133.1 133.1 132.9 131.5 131.1 130.5 129.5 128.5 127.5 126.5 125.5 124.4 123.2 123.1 122.8 122 121 120.8 117.6 115.2 108.9 97.5 108.2 109.4 108.3 107.3 106.4 106.6 107.8 107.5 106.8 105.4 102.9 106 104.6 99.3 91.2 80.5 79.3 80.4 83.3 87.7 93.4 84.5 84.3 85.9 98.9 106.8 113.3 117.6 119.1 121.7 125.5 128.9 132.4 134 136.2 138.9 140.2 143.4 145.3 147.2 149.2 151.5
136.9 137 137.3 137 137.3 138.2 139.2 138.2 137.3 136.3 136.9 137.5 138.2 138.8 137.3 135.8 134.3 134.2 133.6 132.4 132 131.2 130.3 129.3 128.4 127.5 126.2 124.6 124.2 124.9 124 123.2 122.2 120.9 118.3 114.3 106.4 99 110.9 111 109.5 108.9 108.1 108 108.7 108.7 108 106.6 105.4 106.6 106.2 103.9 103.2 97.1 92.3 84.9 79.2 81.3 84.6 83.9 86.1 84.8 89.8 103.5 110.1 116 119.5 122.9 125.9 127.9 132.4 135.7 137.3 139.1 140.6 142.1 144 145.6 147.8 150
139.7 138.8 139.8 139.7 140.1 141.1 142.6 140.2 139.7 139.5 140.3 140.9 141.1 140.7 139.2 137.7 136.2 134.7 134 133.4 132.7 131.9 131 130.2 129.4 128.5 127.4 126.2 125.5 125.9 125.1 123.9 122.2 120.6 116.5 112 100.5 107.9 112.9 111.5 109 109.7 109.8 109.7 109.5 109.3 109.2 108.3 107.5 107.7 107.4 105.6 104.7 101.8 98.9 97.5 93.5 92 90.8 86.5 86.3 84.5 85.8 94 103.1 108.9 118 122.5 124.6 126.7 130.5 136.1 136.4 138.4 140.5 142.3 143.8 144.8 146.6 148.7
142 142.4 143.3 143.5 144.2 145.3 144.6 142.7 142.8 143.4 146.1 144.4 143 142 140 138.6 137.1 135.8 134.2 134.4 133.7 132.9 132.1 131.2 130.4 129.5 128.4 127.3 127.2 126.9 125.4 123.6 121.3 118.9 114.6 111.5 99.7 110.5 112.5 111 110.5 110.6 110.6 110.5 110.5 111 111 109.9 109 108.5 108.4 107.7 107.5 106.7 102.7 100.2 99.1 96.1 94.9 93.2 89.8 85.2 87.2 88.6 94.3 97.2 109.5 119.8 123 126.6 130.5 133.7 135.8 138 140.1 141.8 143.4 144.5 146.1 147.9
146.7 147.2 147.6 147 146.6 146.6 145.7 144.6 145.1 145.1 145.3 145.5 144.2 143.3 141.3 139.5 138 136.7 135.5 135.6 134.9 134.5 133.3 132.3 131.5 130.5 129.4 128.4 128.8 128.2 126.5 123.6 120.5 118.6 115.4 113.8 100 111.4 112.5 111.4 111.3 111.3 111.3 111.3 110.9 110.2 110.7 109.1 109.4 108.8 109.4 109.1 108.8 110.1 107.4 105.4 103.5 99.7 97.2 95 92.9 89.4 94.3 102 92.5 95.1 98.7 117.1 123.8 126.3 129.8 133.4 136 138 139.1 140.8 142.4 144.1 145.9 148.6
151.8 150.8 150 148.9 148.2 147.6 147.1 146.5 146.5 146.4 146 145.9 145.5 144.6 142.6 140.6 138.9 137.9 136.9 136.9 136.2 136 134.8 133.4 132.5 131.5 130.5 129.5 129.7 130.3 127.8 124.6 121.8 119.4 117.6 111.4 104 112.3 112.2 112.3 112.2 112.2 112.1 112 111.6 110.9 110.4 109 109 109 110.1 109.4 110.8 110.1 110.5 110.4 107.9 105.3 97.3 88.9 88.9 89.7 96 105.2 102.9 96.2 97.4 120.6 125.6 125.5 128 132 136 136 137.6 139.6 141.4 143.1 145.9 148.6
153.9 152.6 150.9 149.3 148.8 148.4 148 147.6 148 147.6 147.3 146.9 146.5 145.2 143.5 141.8 140.1 139.1 138.2 138.1 137.8 137.6 136.3 134.6 133.5 132.6 131.7 131 130.7 131.1 128.4 125.1 121.8 119.5 116.1 109.5 106.8 112.3 113.4 113.4 113.1 113.1 113 112.6 112.2 111.6 111.1 110.4 109.5 110.5 111.6 110.7 110.8 112 113.1 113.6 111.9 109.2 98.4 91.2 94.8 96.1 98.8 107.8 110.6 105 97.9 107.9 125.8 124.8 124.1 127.8 134.2 135.6 136.1 138.2 140.3 142.7 145.5 148.5
153.6 152.4 152 151.4 149.6 149.2 148.8 149 149.3 148.9 148.5 147.9 147 146 145 143.4 142 140.6 139.2 139.3 139.4 139.4 138.1 136.4 134.8 133.9 133.2 132.7 132.2 131.3 128.9 125.6 122.3 118.9 114.6 109 113.5 115.5 114.5 114.5 114.1 113.9 113.5 113.1 112.7 112.3 111.7 111.7 112 112.1 112.4 112 112.4 113.7 115 116.4 115.6 111.6 103.5 97.2 94 94.5 98.2 111.1 116.4 115.1 101.7 98.6 125 124.7 123.9 123.9 130.9 134.5 134.5 136.5 139.2 142.2 145.2 147.6
150.2 151.2 152.7 153.7 152 151.1 150.2 149.5 150.4 149.7 149.1 148.5 147.6 146.6 146.4 145.5 144.2 142.8 141.4 141.8 141.4 141.1 140.1 138.3 136.6 135.2 134 133.8 133.1 131.8 129.4 126.2 122.6 117.4 109.3 111.6 116.1 116.1 116 114.9 115 114.5 114.1 113.7 113.3 113.1 113 114.1 114.4 114.3 114.5 113.8 114.8 115.1 115.8 116.7 117.1 117.6 115.5 113 101.2 94.2 94.3 105.4 114.6 118.7 114.2 98.2 114.6 124.4 126.1 126.6 129.9 131.5 133 135.9 138.8 141.2 143.4 146.1
144.6 149 151.2 153.3 154.8 154.4 153.2 152.2 152.3 151.9 150.4 149.2 148.6 148.4 147.8 147.6 146.3 144.9 143.6 144.9 143.9 143 142 140.1 138.4 137 136.3 135.7 134.2 132.9 130.6 127 122.1 116.1 109.1 116.2 118 118.4 117.8 117.1 116.1 115.7 114.8 114.6 114.5 114.1 114.7 114.4 115.7 115.5 115.6 115.8 116.3 116.8 117.4 118.3 119.1 119.7 121 115.2 104.5 96.9 93.9 95.8 104.7 118 119.6 99.5 98.6 113 122.7 122.2 128 129 131.1 135.4 137.7 140.3 142.4 144.7
152.4 148.7 149.2 151.3 153.8 155.6 155.5 154.8 155 154.8 153.1 151.5 150.8 150.3 149.2 149.6 148.3 147 145.9 145.3 145.7 145.2 143.9 142 140.2 139.3 138.6 137.3 135.7 134.1 131.8 128.6 123.6 117.9 109.1 115 119.9 119.6 119.4 118.6 117.8 117.6 116.7 115.8 115.7 115.5 115.4 115.4 115.9 116.9 117.1 117.7 118 118.5 118.9 119.9 120.7 121.3 121.1 116.3 108.6 102.4 96.9 94.5 97.3 109.5 121 115.2 102 98.9 99.6 106 124.9 128.1 128.8 132.8 134.7 138.8 142.1 144.4
155.3 154.2 150.8 149.1 150.4 153.7 155.5 155.6 156.1 156.1 154.9 154.2 153.3 152.2 150.6 150.6 150.6 149.1 147.2 146.8 146.2 145.6 146.1 143.6 142.5 141.4 140.5 138.9 137.3 135.7 132.6 129.4 125.1 119.7 113.4 110 120.1 119.3 119.5 119.5 120.1 119.5 118.3 117.2 117.2 117 116.9 116.7 116.8 117.6 119 119.6 120.1 120.3 120.9 121.8 122.9 123.4 121.5 117.5 110.9 105.1 98.6 94.3 94.2 103.2 122.3 119.4 108.5 105.3 98 102.8 122.5 126.9 125.2 129.7 134.2 137.1 139.4 142.9
158.9 156.9 154.4 153.5 151.4 153.5 154 155.9 156.1 156.1 156.2 155.4 154.8 153.2 151.8 151 150.4 149.8 148.1 147.6 147 146.5 145.7 145.1 145.5 143.6 142 140.5 138.9 136.5 133.4 130.1 126.6 122 117.6 109.6 118.9 121.1 121.8 121.7 121.1 119.4 119.2 118.1 118.8 118.6 118.3 118.1 117.8 118.9 121.1 121.8 122.9 122.8 123 123.8 125.5 126 122.5 118.4 113.4 105.7 98.3 95.1 94.9 102.3 124.4 124.9 116.3 109.2 99 99.3 104.1 111.9 120 120.7 129.6 133.9 135.8 138.3
161.3 159.3 157.4 156.6 155.2 153.9 153.9 153.9 156.1 156.1 155.9 157.3 156 154.2 153.3 152.4 151.5 149.8 148.9 148.3 147.7 147.1 146.4 145.9 145.6 144.5 143.4 142.1 140.5 138.1 134.1 130.8 127.8 124.7 119.6 111.8 117.7 122.8 125 124.5 123.6 122.1 121.1 119 119.4 120.2 118.9 118.8 118.9 120.5 122.6 124.1 125 125.2 125.3 126.3 126.2 126 123 119 111.3 103 97.9 95.1 96.4 108.2 124.1 129.1 127 119.5 111.6 102.7 100.6 100.6 104.8 106.5 113 124.7 131.9 133.2
163.8 161.7 160 159.3 158.3 155.7 154 153.9 153.9 156.1 155.8 157.4 157 154.9 155 153.8 152.7 151 149.4 149 148.5 147.8 147.2 146.4 146.4 144.9 143.6 142.4 141 139.5 135.4 131.4 128.7 125.6 119.4 115 116 123.8 126.2 125.6 125.4 125 122.7 120.5 120.5 120.2 120.4 120.7 121.8 122.9 124.7 126.2 127 128.3 128.8 129.1 128.2 126.6 123.4 116.6 104.4 98.4 98.4 98.5 105.7 117.3 126.4 129.3 130.8 130.3 124.5 114.8 111.6 106.7 108.4 113.6 106.9 108.1 110.6 119.2
165.6 164 161.9 161.2 160.3 159.4 156.7 154 154 153.9 154.6 155.7 155.2 155.8 155.9 154.9 154.2 152.3 150.6 149 149.1 148.4 147.7 146.9 147.1 145.9 144.5 143.1 141.4 139.2 136.9 133.4 129.8 125.7 119.3 117.5 116.3 125.2 127.5 127 126.7 125.8 124 122.6 122.4 122.3 122.4 123.3 124.9 125.4 126.8 128.5 128.4 131 130.7 131 129.3 126.7 123 113.8 99.2 98.1 100 106.8 117 126.1 131.7 133 132.9 132.1 130.4 125 118.7 117.7 123.5 126.3 122.3 110.9 109 108.9
167.6 165.9 164 162.8 161.9 161 160.1 156.1 154.2 154.1 153.9 153.9 155.9 155.3 155.7 156.7 156.2 154.3 152.2 151.2 150 148.9 148.1 147.6 147.7 147.1 145.4 144.2 142.4 140.6 139.6 135.4 131.4 125.7 118.8 123 119.1 126.5 128.4 129.2 128.4 127.5 125.7 124.3 124.3 124.7 124.4 125.6 126.6 127.1 128.4 130.3 129.9 130.9 130.5 129.3 128.8 125.9 123 109.6 99.3 102.7 109.8 111.2 118.6 127.2 133.8 134.7 134.4 135.7 134.6 131.7 131.3 130.4 131 131.2 123.6 125.7 122.8 116.6
169.6 167.7 165.8 164.5 163.5 162.5 161.6 159.2 157.8 155.3 155 154.6 154.3 155.2 157.2 158.5 158 155.9 153.9 152.9 151.5 149.6 148.6 148.3 148.3 147.8 146.4 145.2 143.5 141.5 139.4 136.2 132.3 125 122.1 124.9 121 129.1 131 130.8 130.1 129.6 128.3 126.2 125.4 126.1 126.8 127 128 128.6 129.4 130.9 131.4 130.6 128.8 127.9 127.7 125.1 123.5 102.8 98.7 99.6 98.6 98.8 100.1 119 130.4 136.4 135.8 137.7 136.7 135 132.7 131.1 130.6 129.5 125.2 128.4 127.9 126.9
171.6 169.7 167.9 166.7 165.6 164 162.6 161.3 160.1 159.7 155.6 154.8 154.1 156.5 159.1 160.6 160.5 157.6 155.7 154.3 152.9 151.1 149.3 149 148.9 148.4 147.4 146.1 143.9 141.6 138.3 134.6 131.1 124.6 124.8 124.8 124.6 130.5 130.6 130.7 130.8 130.6 129.7 128.5 127.9 128.3 129.1 129.6 129.4 130.6 128.9 130.5 131.6 130.4 130.3 128.3 125.5 124.2 121.4 103.8 102.1 102.1 104.6 102 99 107.3 126.4 136.2 135.5 136.9 135.8 134.8 133.8 132.3 131.1 128.6 126.6 131 130.6 131.3
173.7 171 170.2 169.2 167.6 165.8 164.9 163.3 161.6 160.3 159.3 154.1 153.9 158.2 160.1 161 160.5 158.3 157.1 155.7 154.3 152.6 151.9 151 149.8 149.6 148.1 145.3 144.3 142.3 138.7 132.6 126.6 127.2 130.5 127.4 124.6 130.2 131 131.7 132.4 132.7 131.5 130.3 130.4 130.8 131.1 131.5 131.2 130.5 129.9 130.6 130.5 129.9 129.4 128 124.8 122.2 116.3 117.8 105.8 107.1 107.1 102.8 100.3 112.7 128.9 134.1 134.6 134.5 134.1 134.4 133.3 132.1 130.7 127.9 127.9 130.8 132.4 133.5
173.9 171.8 170.9 170.7 168.7 167.1 165.9 164.6 162.5 161.2 160 154.6 153.9 160.1 163.1 160.9 159 158.8 158.4 157.3 155.9 155.1 154.6 153.6 152.5 151.3 150.1 148.3 146.3 142.7 138 131.9 128.7 134.3 133.4 130.3 123.9 128.9 132.1 133.3 133.6 134.8 133.7 133 133.4 133.7 132.7 133 132 131.4 130.9 131.5 131.1 129.8 129.5 129.4 126.9 126.4 126.9 126.3 112.1 109.4 108.7 100 107.6 125.2 133.8 136 135.8 135.9 134.4 133.8 132.7 131.1 129.6 129 129.6 131.6 133.6 135.2
