webserver/python/data/NT48.asc
ncols 200
nrows 200
xllcorner 340000
yllcorner 680000
cellsize 50
[rows 152 to 189 of 200, columns 85 to 169 of 200]
-2.1 -2.1 -2.1 -2.1 -2.1 -2.1 -2.1 -2.1 -2.1 -2.1 -2.1 -2.1 -2.1 -2.1 -2.1 -2.1 -2.1 -2.1 -2.1 -2.1 -2.1 -2.1 -2.1 -2.1 -2.1 -2.1 -2.1 -1.5 -1.2 -0.9 -0.6 -0.1 0.3 0.8 1.2 1.7 2.2 3 4.3 7.3 8.1 9.7 14.4 14.3 18 21 25.5 29.9 33.7 36 35.4 36.6 37.4 38.3 39 39 39.3 40.7 41 41.4 42.2 43.8 45.1 47.8 48.5 47.6 47.6 45.5 39.2 34.7 31.1 27.5 25.3 24.9 24.7 24.3 23.4 22.4 22.1 21.8 20.8 19.2 19.9 20.3 20.1
-2.1 -2.1 -2.1 -2.1 -2.1 -2.1 -2.1 -2.1 -2.1 -2.1 -2.1 -2.1 -2.1 -2.1 -2.1 -2.1 -2.1 -2.1 -2.1 -2.1 -2.1 -2.1 -2.1 -2.1 -2.1 -1.9 -1.6 -1.3 -1 -0.6 -0.3 0 0.4 0.8 1.3 1.8 2.3 2.9 4 5.4 7.5 10.5 11.6 14.8 16.8 20.6 24.1 28.9 32.6 34.2 35.4 36.3 37.6 38.4 39.1 39.5 40.3 40.2 40.5 40.6 41.6 43.4 45.2 49.1 50.6 51.3 51.1 47.3 42.4 36.2 32.5 28 25.5 25 23.9 23.3 22.9 22.1 21.1 20 21 18.8 17.6 18.2 17.8
-2.1 -2.1 -2.1 -2.1 -2.1 -2.1 -2.1 -2.1 -2.1 -2.1 -2.1 -2.1 -2.1 -2.1 -2.1 -2.1 -2.1 -2.1 -2.1 -2.1 -2.1 -2.1 -2.1 -2.1 -2.1 -1.6 -1.4 -1.1 -0.8 -0.4 -0.1 0.3 0.7 1 1.4 1.8 2.3 3.1 4.4 6.2 8 8.6 9.7 13.2 15.4 19.3 22.5 26.8 30.5 33.4 35.4 35.6 37.3 38.6 39.6 40.8 40.7 40.8 40.6 40.6 41.8 43.6 46 50 50.8 52.2 51.2 48.1 43.7 37.9 33.5 29.7 24.2 23.8 22.9 22.3 21.8 21.4 20.8 18.2 19.1 17.6 15.8 15.6 15.4
-2.1 -2.1 -2.1 -2.1 -2.1 -2.1 -2.1 -2.1 -2.1 -2.1 -2.1 -2.1 -2.1 -2.1 -2.1 -2.1 -2.1 -2.1 -2.1 -2.1 -2.1 -2.1 -2.1 -1.8 -1.6 -1.4 -1.2 -0.9 -0.6 -0.3 0 0.4 0.7 1.1 1.5 1.9 2.3 4.3 8.5 7.5 7.4 7.4 7.3 10.8 14.1 18.6 20.9 24.4 29.9 32.5 34.2 35.4 37.4 38.9 39.6 39.6 41.1 41.4 41.9 42.5 43.4 45 47.5 49.8 52.4 53.7 53.1 50.6 46.5 40.1 34 28.8 24.9 23.3 22 21.3 20.8 20.2 19.2 17.4 16.5 15.9 14.8 14.3 14.6
-2.1 -2.1 -2.1 -2.1 -2.1 -2.1 -2.1 -2.1 -2.1 -2.1 -2.1 -2.1 -2.1 -2.1 -2.1 -2.1 -2.1 -2.1 -2.1 -2.1 -2.1 -1.9 -1.7 -1.5 -1.3 -1.1 -0.9 -0.7 -0.4 -0.2 0.2 0.5 0.8 1.2 1.6 2 2.4 5.4 10.5 9.7 7.4 7 9.1 10.9 15.4 18.7 21 22.2 29.1 31.3 33.6 35.4 37.4 39.4 39.3 40.2 41.3 42.8 44.1 44.5 45.3 46.9 49.3 51.5 53.6 55 55.8 53 47.6 40.6 34.3 29.2 24.9 22.9 21.4 20.1 19.3 18.7 17.9 16 14.2 15.2 14.1 13.9 14.1
-2.1 -2.1 -2.1 -2.1 -2.1 -2.1 -2.1 -2.1 -2.1 -2.1 -2.1 -2.1 -2.1 -2.1 -2.1 -2.1 -2.1 -2.1 -2.1 -2.1 -2.1 -1.7 -1.5 -1.3 -1 -0.8 -0.6 -0.4 -0.2 0 0.3 0.6 0.9 1.3 1.6 2 2.4 4.6 9.3 9.5 8.2 6.9 10 10.5 14.2 16.5 18.7 19.9 24.5 30.4 32.5 36 37.9 40 41.2 41.6 41.7 43.1 44.7 45.5 46.8 48.4 49.7 52.2 54.4 55.9 57.1 51.9 46.3 39.6 34.4 28.9 24.4 21.5 20.3 19.6 18.3 17.5 16.9 15.4 14.5 14.4 13.5 13.4 13.5
-2.1 -2.1 -2.1 -2.1 -2.1 -2.1 -2.1 -2.1 -2.1 -2.1 -2.1 -2.1 -2.1 -2.1 -2.1 -2.1 -2.1 -2.1 -2.1 -2.1 -1.7 -1.5 -1.3 -1.1 -0.8 -0.6 -0.4 -0.1 0.1 0.3 0.5 0.7 1 1.4 1.7 2.1 2.4 4.3 9.5 7.6 7.3 7 6.8 8.5 11.6 14 14 17.8 21.2 24.4 33 36.1 38.2 39.3 40.1 41.1 41.6 42.8 44.8 46 47.2 48.4 49.7 51.8 53.9 54 54.5 51.7 46.4 39.7 32.7 27 22.2 19.8 18.9 18.3 17.5 16.6 15.7 14.4 13.8 13.6 13 12.9 12.8
-2.1 -2.1 -2.1 -2.1 -2.1 -2.1 -2.1 -2.1 -2.1 -2.1 -2.1 -2.1 -2.1 -2.1 -2.1 -2.1 -2.1 -2.1 -2.1 -1.8 -1.6 -1.4 -1.2 -0.9 -0.6 -0.4 -0.2 0.1 0.3 0.5 0.8 1 1.2 1.5 1.8 2.1 2.5 4 5.8 6.6 6.3 5.4 7.6 8.7 9.3 9.7 11 14.9 19.6 22.5 29.6 35.2 37.1 37.2 38.2 39.8 39.4 41.5 43.8 45.7 46.8 47.9 49.1 50.7 52.4 54.3 55.6 50.3 43.6 35.6 30.1 24.9 20.1 18.2 17.6 17 16.3 15.4 14.7 14.1 13.1 12.9 12.6 12.5 12.3
-2.1 -2.1 -2.1 -2.1 -2.1 -2.1 -2.1 -2.1 -2.1 -2.1 -2.1 -2.1 -2.1 -2.1 -2.1 -2.1 -2.1 -2.1 -2 -1.7 -1.5 -1.3 -1 -0.8 -0.6 -0.4 -0.1 0.2 0.5 0.7 1 1.2 1.4 1.7 1.9 2.2 2.6 3.6 4.9 6.1 5.6 6.7 7.6 8.3 8.9 9.1 8.2 12.2 17.4 21.8 25.9 31.4 35.7 35.1 36.3 37.3 38.7 40.2 42.9 45.3 46.3 47.1 47.9 48.9 49.5 50.6 51.1 45.5 38.7 32.9 28 22.6 18.4 16.9 16.3 15.6 15 14.2 13.7 13.4 12.6 12.2 12.1 12 11.9
-2.1 -2.1 -2.1 -2.1 -2.1 -2.1 -2.1 -2.1 -2.1 -2.1 -2.1 -2.1 -2.1 -2.1 -2.1 -2.1 -2.1 -2.1 -1.9 -1.6 -1.4 -1.2 -0.9 -0.7 -0.5 -0.3 0 0.2 0.4 0.7 1 1.2 1.5 1.8 2.1 2.3 2.5 3.2 4 5.3 6 6.8 7 7.2 8.1 8.9 7 9.6 14.3 19.8 23.8 27.8 31.7 32.9 34.1 35.5 38 41 42.1 44.4 46 46 45.9 47.1 47.3 47.9 47.4 41.6 35.2 30.5 25.5 20.5 17.7 15.8 15 14.4 13.7 13.1 12.8 12.5 12.2 11.8 11.6 11.5 11.4
-2.1 -2.1 -2.1 -2.1 -2.1 -2.1 -2.1 -2.1 -2.1 -2.1 -2.1 -2.1 -2.1 -2.1 -2.1 -2.1 -2.1 -2 -1.8 -1.5 -1.3 -1.1 -0.8 -0.6 -0.4 -0.1 0.1 0.3 0.5 0.8 1 1.2 1.5 1.8 2 2.3 2.5 4.1 4.9 5.6 6.1 6.3 6.4 6.5 7 7.8 7 9 12.6 17.6 21.9 26.3 27.5 30.2 31.7 32.4 34.4 37.4 39.5 41.7 43.1 43.6 43.5 45.2 45.1 46.1 45.5 39 33.8 26.6 20.3 19.1 16.3 14.3 14.3 13.5 12.7 12.3 12 11.7 11.4 11.1 11 10.9 10.8
-2.1 -2.1 -2.1 -2.1 -2.1 -2.1 -2.1 -2.1 -2.1 -2.1 -2.1 -2.1 -2.1 -2.1 -2.1 -2.1 -2.1 -1.9 -1.6 -1.4 -1.2 -1 -0.7 -0.5 -0.3 0 0.2 0.4 0.7 0.9 1.1 1.3 1.6 1.8 2 2.3 2.5 4.8 5.7 5.2 6 6 6 6 6.1 6.7 7.1 8 8.9 14.4 19.8 23.2 24.3 26.7 27.8 27.1 27 31.1 34.4 35.5 38.7 40.6 40.4 39.6 44.9 45.7 42.3 33.1 27 20.7 18.2 17 14.7 14.5 13.5 12.6 11.8 11.4 11.1 10.9 10.7 10.4 10.3 10.1 9.9
-2.1 -2.1 -2.1 -2.1 -2.1 -2.1 -2.1 -2.1 -2.1 -2.1 -2.1 -2.1 -2.1 -2.1 -2.1 -2.1 -2.1 -1.8 -1.6 -1.3 -1.1 -0.9 -0.7 -0.4 -0.2 0 0.2 0.5 0.7 0.9 1.1 1.4 1.6 1.8 2 2.3 2.5 6 6 4.8 5.6 5.6 5.7 5.7 5.7 5.6 6.2 7 8.1 11.8 18.1 20.4 21.9 22.3 22.8 22.9 22.6 24.5 25.6 26.1 29.1 32.6 35.8 34.9 40.4 40.9 31.8 25.5 21.3 18.4 16.4 15.9 14.3 13.7 12.8 11.9 11.2 11 10.7 10.5 10.2 10.5 10.3 9.5 9.7
-2.1 -2.1 -2.1 -2.1 -2.1 -2.1 -2.1 -2.1 -2.1 -2.1 -2.1 -2.1 -2.1 -2.1 -2.1 -2.1 -2 -1.8 -1.6 -1.4 -1.1 -0.9 -0.7 -0.5 -0.2 0 0.2 0.4 0.6 0.8 1.1 1.3 1.5 1.8 2 2.2 2.4 2.7 4.2 5 5.3 5.3 5.3 5.3 5.3 5.4 5.7 6.6 7.9 9.6 13.3 18.1 20.3 19.3 20.2 21.2 21.6 22 22.3 22.7 23.7 26.2 30 31.7 32.1 30.2 26.5 23 19.6 17.4 16.4 15.5 14.2 12.8 12 11.2 11.2 11.1 10.7 10.3 9.6 8.9 9.2 9.5 9.5
-2.1 -2.1 -2.1 -2.1 -2.1 -2.1 -2.1 -2.1 -2.1 -2.1 -2.1 -2.1 -2.1 -2.1 -2.1 -2.1 -2.1 -1.9 -1.7 -1.5 -1.2 -1 -0.8 -0.6 -0.4 -0.1 0.1 0.3 0.5 0.7 1 1.2 1.4 1.6 1.9 2.1 2.3 2.5 3.5 4.6 4.8 5.4 5.4 5.3 5.3 5.5 5.9 6.2 7.5 8.6 9.8 14.2 17 17.3 18.3 19.6 20.9 20.6 21.2 21.8 22.3 22.8 25.2 27.2 27.5 27.1 24.2 20.8 18.1 16.9 16.2 15 13.7 12.4 11.4 10.8 10.8 10.9 11 10.4 9.3 8.9 9.3 9.4 9.4
-2.1 -2.1 -2.1 -2.1 -2.1 -2.1 -2.1 -2.1 -2.1 -2.1 -2.1 -2.1 -2.1 -2.1 -2.1 -2.1 -2.1 -2 -1.7 -1.5 -1.3 -1.1 -0.9 -0.7 -0.4 -0.2 0 0.2 0.4 0.6 0.9 1.1 1.3 1.5 1.7 2 2.2 2.4 2.7 3.8 4.3 4.8 5.5 5.5 5.6 5.8 6 6.2 6.9 7.9 9 10 13.4 15.4 16.5 17.8 18.7 19.1 19.7 20 20.2 20.7 21.9 25 25.9 25.4 23 20.2 17.4 16.3 15.6 14.1 13.1 12.1 11.2 10.4 10.4 10.5 10.6 10.8 10.7 9.1 9.4 9.3 9.3
-2.1 -2.1 -2.1 -2.1 -2.1 -2.1 -2.1 -2.1 -2.1 -2.1 -2.1 -2.1 -2.1 -2.1 -2.1 -2.1 -2.1 -2 -1.8 -1.6 -1.4 -1.2 -1 -0.7 -0.5 -0.3 -0.1 0.1 0.3 0.6 0.8 1 1.2 1.4 1.6 1.9 2.1 2.3 2.5 3.5 4.7 4.3 5 5.5 5.7 6.1 6.3 6.4 6.6 7.4 8.2 8.7 9.1 11.2 14.8 15.9 17 17.3 17.8 17.9 18 19 19.7 22.4 25 25 20.8 18.4 16.6 15.2 14.5 13.7 12.9 12 11 10.5 10.2 10.2 10.4 10.7 9.6 9.4 9.2 9.2 9.2
-2.1 -2.1 -2.1 -2.1 -2.1 -2.1 -2.1 -2.1 -2.1 -2.1 -2.1 -2.1 -2.1 -2.1 -2.1 -2.1 -2.1 -2.1 -1.9 -1.7 -1.5 -1.3 -1 -0.8 -0.6 -0.4 -0.2 0 0.3 0.5 0.7 0.9 1.1 1.3 1.6 1.8 2 2.2 2.4 2.8 4 4.8 4.4 5.5 5.3 5.7 6.5 6.8 6.9 6.9 7.4 6.7 7.8 9.1 10.8 13.5 15.3 15.8 16.9 17.1 17.3 17.7 17.9 19.1 22.1 19.5 18.8 15.7 14.7 14.5 13.9 13.1 12.3 11.5 11.1 10.6 10.1 10.1 10 10.5 9.7 9.4 9.3 9.1 9.1
-2.1 -2.1 -2.1 -2.1 -2.1 -2.1 -2.1 -2.1 -2.1 -2.1 -2.1 -2.1 -2.1 -2.1 -2.1 -2.1 -2.1 -2.1 -2 -1.8 -1.6 -1.3 -1.1 -0.9 -0.7 -0.5 -0.3 0 0.2 0.4 0.6 0.8 1 1.3 1.5 1.7 1.9 2.1 2.3 2.5 3.2 4 4.7 5.2 4.9 5.4 6.2 6.9 7.4 6.7 5.9 6 7.2 8.4 9.1 10.9 13 14.5 15.9 16.2 16.5 16.8 16.9 16.6 17.3 16.9 16.3 14.4 14.1 13.9 13.3 12.5 11.7 10.9 10.9 10.5 10 10.5 9.6 10 9.8 9.5 9.3 9.1 9
-2.1 -2.1 -2.1 -2.1 -2.1 -2.1 -2.1 -2.1 -2.1 -2.1 -2.1 -2.1 -2.1 -2.1 -2.1 -2.1 -2.1 -2.1 -2.1 -1.9 -1.6 -1.4 -1.2 -1 -0.8 -0.6 -0.3 -0.1 0.1 0.3 0.5 0.7 1 1.2 1.4 1.6 1.8 2 2.2 2.3 2.5 3.2 3.8 4.2 4.6 5.1 6 6.9 7.5 6.2 6.4 6.7 6.7 7.7 8.7 10 11.6 12.4 13.8 15.2 15.7 15.9 16.4 15.1 14.2 14.1 14.8 13 12.7 12.8 12.5 11.8 11.1 10.7 10.7 10.5 10 9.4 9 10.7 10.1 10.1 9.5 9.2 9
-2.1 -2.1 -2.1 -2.1 -2.1 -2.1 -2.1 -2.1 -2.1 -2.1 -2.1 -2.1 -2.1 -2.1 -2.1 -2.1 -2.1 -2.1 -2.1 -1.9 -1.7 -1.5 -1.3 -1.1 -0.9 -0.6 -0.4 -0.2 0 0.2 0.5 0.7 0.9 1.1 1.3 1.5 1.7 1.9 2 2 2.3 2.7 3.2 3.7 4.2 5.5 6.5 6.8 6.5 5.8 6.1 6.4 6.8 7.4 8.3 9.5 10.9 10.4 11.7 12.4 13.1 14.6 14.4 13 12.4 12.3 11.9 11 11 11.3 11.8 11.1 10.4 10.4 10.4 10.1 9.5 9.6 10.2 9.1 8.8 9.5 10 9.6 9.3
-2.1 -2.1 -2.1 -2.1 -2.1 -2.1 -2.1 -2.1 -2.1 -2.1 -2.1 -2.1 -2.1 -2.1 -2.1 -2.1 -2.1 -2.1 -2.1 -2 -1.8 -1.6 -1.4 -1.1 -0.9 -0.7 -0.5 -0.3 -0.1 0.2 0.4 0.6 0.8 1 1.2 1.4 1.6 1.8 1.7 1.7 2.1 2.4 2.8 3.2 4.2 5.4 6.4 5.7 5.4 5.6 5.9 6.3 6.8 7.4 8.1 9.1 10.1 9.4 9.9 10.4 10.2 11 11 10.5 10.1 9.7 9.4 9.4 9.6 10.5 10.8 10.5 10.1 10.2 10 8.6 8 8.1 8.5 8.7 8.7 8.8 8.9 9.5 9.3
-2.1 -2.1 -2.1 -2.1 -2.1 -2.1 -2.1 -2.1 -2.1 -2.1 -2.1 -2.1 -2.1 -2.1 -2.1 -2.1 -2.1 -2.1 -2.1 -2.1 -1.9 -1.7 -1.4 -1.2 -1 -0.8 -0.6 -0.4 -0.1 0.1 0.3 0.5 0.7 0.9 1.2 1.3 1.5 1.5 1.4 1.5 1.8 2.1 2.5 2.9 3.7 4.4 5.7 6.9 5.4 5.3 5.7 6.3 6.9 7.5 8.4 8.8 9.2 8.6 9.2 9 8.8 8.9 9.2 9.1 8.9 8.6 8.3 8.4 9.6 10.4 9.9 9.4 8.8 9.1 7.2 6.2 6.5 7.1 8 8.6 8.7 8.8 8.8 8.9 8.9
-2.1 -2.1 -2.1 -2.1 -2.1 -2.1 -2.1 -2.1 -2.1 -2.1 -2.1 -2.1 -2.1 -2.1 -2.1 -2.1 -2.1 -2.1 -2.1 -2.1 -2 -1.7 -1.5 -1.3 -1.1 -0.9 -0.7 -0.4 -0.2 0 0.2 0.4 0.6 0.9 1 1.2 1.2 1.2 1.1 1.3 1.6 1.9 2.2 2.5 3.4 5 6.6 6 5.7 5.1 5.8 6.3 6.9 7.5 8.5 8.5 8.4 7.8 7.8 7.9 7.9 8 8.1 8.2 7.9 7.6 7.9 8.5 9.1 9.1 8.7 8.2 7.5 6.5 -2.1 4.6 5.8 6.7 7.7 8.3 8.6 8.8 8.8 8.9 8.9
-2.1 -2.1 -2.1 -2.1 -2.1 -2.1 -2.1 -2.1 -2.1 -2.1 -2.1 -2.1 -2.1 -2.1 -2.1 -2.1 -2.1 -2.1 -2.1 -2.1 -2 -1.8 -1.6 -1.4 -1.2 -1 -0.7 -0.5 -0.3 -0.1 0.1 0.3 0.6 0.7 0.9 1 0.9 0.9 0.8 1 1.3 1.7 2 2.4 2.6 4 4.8 4.7 4.1 4.2 5.1 6 6.9 8.4 8.7 8.1 7.7 7.3 7 7 7.1 7.1 7.1 7.2 7 7 7.1 7.7 8.3 7.8 7.4 6.8 5.9 4.8 -2.1 4.9 5.7 6.4 7.4 8 8.3 8.6 8.8 8.9 8.9
-2.1 -2.1 -2.1 -2.1 -2.1 -2.1 -2.1 -2.1 -2.1 -2.1 -2.1 -2.1 -2.1 -2.1 -2.1 -2.1 -2.1 -2.1 -2.1 -2.1 -2.1 -1.9 -1.7 -1.5 -1.3 -1 -0.8 -0.6 -0.4 -0.2 0 0.3 0.5 0.6 0.7 0.7 0.6 0.6 0.5 0.8 1.1 1.4 1.8 2.2 2.6 2.7 3.9 5.5 5.5 4.3 4.9 5.8 7.1 8.6 8.7 8.6 8.1 6.6 6.5 6.6 6.6 6.6 6.7 7 7.6 6.8 6.5 6.9 7 6.5 6.3 6.2 5 -2.1 -2.1 5.2 5.9 6.5 7.1 7.7 8 8.3 8.6 8.9 9
-2.1 -2.1 -2.1 -2.1 -2.1 -2.1 -2.1 -2.1 -2.1 -2.1 -2.1 -2.1 -2.1 -2.1 -2.1 -2.1 -2.1 -2.1 -2.1 -2.1 -2.1 -2 -1.8 -1.6 -1.3 -1.1 -0.9 -0.7 -0.5 -0.3 0 0.2 0.3 0.5 0.4 0.4 0.3 0.3 0.2 0.5 0.8 1.2 1.6 2 2.4 2.3 4.1 4.9 5.5 4.5 5 6.4 8.3 8.5 8.6 8.4 8.2 6.5 6.1 6.1 6.1 6.3 6.7 7.1 7.5 8.2 7.2 6.1 5.9 5.8 5.6 5.5 5.5 -2.1 4.1 5.3 6 6.6 7.3 7.5 7.7 8 8.3 8.6 8.9
-2.1 -2.1 -2.1 -2.1 -2.1 -2.1 -2.1 -2.1 -2.1 -2.1 -2.1 -2.1 -2.1 -2.1 -2.1 -2.1 -2.1 -2.1 -2.1 -2.1 -2.1 -2.1 -1.9 -1.6 -1.4 -1.2 -1 -0.8 -0.5 -0.3 -0.1 0 0.2 0.2 0.1 0.1 0 -0.1 0 0.3 0.6 1 1.4 1.8 2.2 2.5 3.6 4 4.4 4.8 5.6 7.6 7.9 8.2 8.5 8.4 8.3 6.8 5.7 5.6 6 6.4 6.7 7.1 7.5 8.2 7.2 5.8 5.5 5.3 5.1 5.6 4.2 -2.1 4.5 5.3 6.1 6.8 7.4 7.7 7.6 7.7 8 8.3 8.6
-2.1 -2.1 -2.1 -2.1 -2.1 -2.1 -2.1 -2.1 -2.1 -2.1 -2.1 -2.1 -2.1 -2.1 -2.1 -2.1 -2.1 -2.1 -2.1 -2.1 -2.1 -2.1 -1.9 -1.7 -1.5 -1.3 -1.1 -0.8 -0.6 -0.4 -0.3 -0.1 -0.1 -0.1 -0.2 -0.2 -0.3 -0.4 -0.3 0 0.4 0.8 1.2 1.6 2 2.4 2.8 3.4 4 4.7 6.8 7.2 7.5 7.8 8.1 8.4 8.4 7.1 5.4 5.5 5.9 6.3 6.6 7 7.3 7.7 7.9 5.5 5.1 5.2 5.2 4.8 3.2 -2.1 4.3 5.1 6 6.8 7.5 7.6 7.7 7.7 7.7 8 8.5
-2.1 -2.1 -2.1 -2.1 -2.1 -2.1 -2.1 -2.1 -2.1 -2.1 -2.1 -2.1 -2.1 -2.1 -2.1 -2.1 -2.1 -2.1 -2.1 -2.1 -2.1 -2.1 -2 -1.8 -1.6 -1.4 -1.1 -0.9 -0.7 -0.5 -0.4 -0.3 -0.4 -0.4 -0.5 -0.5 -0.6 -0.7 -0.5 -0.2 0.2 0.6 1 1.4 1.8 2.1 2.5 3 3.7 4.4 4.8 6.9 7.2 7.5 7.8 8.1 8.3 5.5 5.4 5.3 5.7 6.1 6.5 6.8 6.5 7 7.3 5.5 4.4 3.7 -2.1 -2.1 2.3 3.2 4.7 5.5 6.4 6.9 7.2 7.4 7.5 7.5 7.6 7.7 8.3
-2.1 -2.1 -2.1 -2.1 -2.1 -2.1 -2.1 -2.1 -2.1 -2.1 -2.1 -2.1 -2.1 -2.1 -2.1 -2.1 -2.1 -2.1 -2.1 -2.1 -2.1 -2.1 -2.1 -1.9 -1.7 -1.4 -1.2 -1 -0.8 -0.7 -0.5 -0.6 -0.7 -0.7 -0.8 -0.8 -0.9 -1 -0.8 -0.4 0 0.4 0.8 1.2 1.5 1.9 2.2 2.5 3.1 3.6 3.8 4.8 6.9 7.2 7.5 7.8 7.9 5.4 5.4 5.3 5.5 5.9 6.3 6.2 5.7 6.6 5.9 3.9 3.3 -2.1 -2.1 2.1 2.8 3.7 5.1 5.9 6.2 6.6 7 7.2 7.2 7.3 7.1 7.3 7.9
-2.1 -2.1 -2.1 -2.1 -2.1 -2.1 -2.1 -2.1 -2.1 -2.1 -2.1 -2.1 -2.1 -2.1 -2.1 -2.1 -2.1 -2.1 -2.1 -2.1 -2.1 -2.1 -2.1 -2 -1.7 -1.5 -1.3 -1.1 -1 -0.8 -0.8 -0.9 -1 -1 -1.1 -1.2 -1.2 -1.3 -1 -0.6 -0.2 0.2 0.5 0.9 1.3 1.6 1.9 2.2 2.5 2.9 3.9 4.2 6 6.2 7.4 7.1 7.1 5.1 5.2 5.2 5.6 6.4 6.2 5 4.1 4.1 2.8 -2.1 -2.1 -2.1 2.3 2.7 3 3.8 5 5.7 6 6.4 6.8 6.9 6.8 6.5 6.7 6.9 7.3
-2.1 -2.1 -2.1 -2.1 -2.1 -2.1 -2.1 -2.1 -2.1 -2.1 -2.1 -2.1 -2.1 -2.1 -2.1 -2.1 -2.1 -2.1 -2.1 -2.1 -2.1 -2.1 -2.1 -2 -1.8 -1.6 -1.4 -1.2 -1.1 -1.1 -1.2 -1.2 -1.3 -1.3 -1.4 -1.5 -1.5 -1.5 -1.2 -0.8 -0.4 0 0.4 0.7 1 1.3 1.6 1.9 2.3 2.5 3.3 3.8 4 4.6 5.3 6.7 5.1 4.7 6.2 6.8 7.7 5.9 4.7 3.8 2.5 -2.1 -2.1 -2.1 3.1 2.8 3 3.3 3.7 3.9 4.9 5.7 6 6.3 6.4 6.2 5.9 6.1 6.3 6.6 6.9
-2.1 -2.1 -2.1 -2.1 -2.1 -2.1 -2.1 -2.1 -2.1 -2.1 -2.1 -2.1 -2.1 -2.1 -2.1 -2.1 -2.1 -2.1 -2.1 -2.1 -2.1 -2.1 -2.1 -2.1 -1.9 -1.7 -1.5 -1.4 -1.3 -1.4 -1.5 -1.5 -1.6 -1.6 -1.7 -1.8 -1.8 -1.8 -1.4 -1 -0.5 -0.2 0.1 0.5 0.8 1.1 1.4 1.7 2 2.3 2.6 3 3.5 4 5.3 4.9 4.5 5.3 6 6.7 5.3 4.9 4.5 3.5 2.5 -2.1 4.6 4.7 4.7 4.4 4.1 4 4.4 4.7 4.8 5.5 6.1 5.1 5.1 5.3 5.5 5.8 6.2 6.5 6.8
-2.1 -2.1 -2.1 -2.1 -2.1 -2.1 -2.1 -2.1 -2.1 -2.1 -2.1 -2.1 -2.1 -2.1 -2.1 -2.1 -2.1 -2.1 -2.1 -2.1 -2.1 -2.1 -2.1 -2.1 -2 -1.8 -1.7 -1.6 -1.6 -1.7 -1.8 -1.8 -1.9 -1.9 -2 -2.1 -2.1 -2.1 -1.5 -1.1 -0.7 -0.4 -0.1 0.2 0.5 0.8 1.1 1.4 1.7 1.8 2.1 2.2 2.6 2.7 3.7 3 3 2.6 4.9 4.9 4 4.4 4.1 3.2 -2.1 -2.1 3.7 3.9 5 5 5.2 5.4 5.1 5.4 4.9 5.2 5.5 5.1 5.3 5.5 5.7 5.9 6.1 6.4 6.7
-2.1 -2.1 -2.1 -2.1 -2.1 -2.1 -2.1 -2.1 -2.1 -2.1 -2.1 -2.1 -2.1 -2.1 -2.1 -2.1 -2.1 -2.1 -2.1 -2.1 -2.1 -2.1 -2.1 -2.1 -2.1 -1.9 -1.8 -1.9 -1.9 -2 -2.1 -2.1 -2.1 -2.1 -2.1 -2.1 -2.1 -2.1 -1.6 -1.3 -1 -0.7 -0.4 -0.1 0.3 0.6 0.8 1.2 1.2 1.3 1.6 1.4 1.6 1.7 1.7 1.5 2.5 2.3 1 2.2 3.1 3.4 3.5 2.7 -2.1 2.5 2.5 4.2 5.5 5.4 5.3 5.5 5.7 6 5.4 5.1 5.2 5.4 5.5 5.7 5.9 6 6.2 6.4 6.7
-2.1 -2.1 -2.1 -2.1 -2.1 -2.1 -2.1 -2.1 -2.1 -2.1 -2.1 -2.1 -2.1 -2.1 -2.1 -2.1 -2.1 -2.1 -2.1 -2.1 -2.1 -2.1 -2.1 -2.1 -2.1 -2.1 -2.1 -2.1 -2.1 -2.1 -2.1 -2.1 -2.1 -2.1 -2.1 -2.1 -2.1 -2.1 -1.9 -1.6 -1.3 -0.9 -0.6 -0.3 0 0.3 0.6 0.8 0.7 0.8 1 0.7 0.6 0.7 -0.2 -0.7 -2.1 -2.1 -2.1 -1.4 -1.9 -2.1 -2.1 2.2 -2.1 -2.1 1.9 4.6 5.8 5.8 5.7 5.6 5.8 6.2 5.5 5.6 5.7 5.8 5.9 6.1 6.3 6.4 6.6 6.8 7
-2.1 -2.1 -2.1 -2.1 -2.1 -2.1 -2.1 -2.1 -2.1 -2.1 -2.1 -2.1 -2.1 -2.1 -2.1 -2.1 -2.1 -2.1 -2.1 -2.1 -2.1 -1.3 -1 -0.8 -0.4 -0.2 -2.1 -2.1 -2.1 -2.1 -2.1 -2.1 -2.1 -2.1 -2.1 -2.1 -2.1 -2.1 -2.1 -1.8 -1.5 -1.2 -0.9 -0.6 -0.2 0 0.3 0.2 0.2 0.3 0.3 0 -0.3 -0.4 -2.1 -2.1 -2.1 -2.1 -2.1 2 4.6 -2.1 -2.1 -2.1 -2.1 -2.1 3.2 4.7 5.3 6.1 6.2 6.1 5.9 5.8 5.8 6 6.1 6.2 6.3 6.5 6.7 6.8 7 7.2 7.3
