webserver/python/data/NT50.asc
ncols 200
nrows 200
xllcorner 350000
yllcorner 600000
cellsize 50
[rows 0 to 34 of 200, columns 78 to 155 of 200]
248.3 246.9 245.8 247.2 248.9 250 250 253.1 255.9 258.5 261.4 263.9 266.7 269.6 272.7 275.1 277.1 280.1 284.1 288.5 290.9 292.7 294.1 295.7 298.1 301 300.3 297.5 295.6 293 289.4 285.2 280.9 276.4 272.8 269.1 264.7 260 257 256 254.6 253.1 252.1 250.5 247.1 248.5 249.6 250.8 252.9 255.6 258 258.1 256 253.7 249.7 245.9 242.4 239 233.5 227.5 223 217.3 212.2 210.2 208.6 206.9 205.3 203.8 202.7 201.6 201.6 202 201.1 200.4 200.3 199.4 198.7 197.5
247.8 246.5 247.2 249.2 251.2 252.6 253.6 256.1 259.5 262.5 265.3 267.7 270.2 273.5 276.8 279.2 281.5 284.5 288.3 291.7 293.8 295.5 297.3 299.9 303.2 302.3 299.7 297.6 295.4 292.3 288.8 284.7 280.3 275.9 272.7 269.6 265.2 260.8 260.4 259.2 257 254.3 253.4 250.4 251.3 251.7 253.2 254.4 256.2 259.5 260.7 259.2 257.3 253.4 249.9 246.4 242.1 237.5 231 225.3 220.5 213.9 211.7 210.1 208.5 207 205.1 203.9 203.3 203.7 203.8 202.7 201.6 200.7 200.3 199.8 198.6 197.4
247.1 248.8 250 252 253.8 255.5 256.7 259.5 263.7 266.8 269.3 272 274.8 278.5 280.8 283.1 285.9 289.2 292.6 294.6 296.5 298.3 300.1 304.4 304.3 301.9 299 297 294.5 291.6 288.2 283.2 279.9 276.5 272.8 268.7 265.1 264 263.2 261.7 258.3 256 253.9 253.3 254.5 255.1 256.5 258 261.4 263.2 262.5 260.6 257 253.1 249.7 246.2 240.9 234.8 226 219.9 214.6 213.6 212.7 209.9 208.2 206.7 205 204.9 204.6 205 204.6 203.4 202.2 201.7 201.4 200.3 198.9 197.5
248.9 250.9 252.6 254.9 256.5 258.2 260.6 264.2 268.5 271.7 274.2 276.8 279.6 283 284.9 287.6 291 294.1 295.5 297.2 299.1 301 304.6 305.3 302.2 300.1 298.2 296.7 294 290.1 286.4 282.5 279.3 277 273.3 269.6 268.8 267.7 266.8 263.2 261.1 258.9 257.5 257.7 257.9 258.1 259.9 262.9 265.8 265.7 263.7 259.8 255.6 252.1 250 244.8 238.1 227.4 219.4 215.8 215.8 214.5 212.5 210.3 208.4 206.9 206.4 205.9 205.7 205.7 205.5 204.2 203.2 202.9 202.4 200.9 199.3 197.9
251.4 253 254.9 257.5 259 262.8 266.1 269.3 273.6 276.8 279.3 281.9 284.1 287.2 289.3 292.6 295.5 296.5 297.6 299.1 301.4 303.4 303.2 302 300.8 299.2 297.6 295.1 292.1 289.1 285.1 282.4 280.4 278.2 274.8 273.3 271.4 268.4 266.1 265.6 263.5 261.2 258.7 259 260.8 261.3 263.5 267.6 267.8 266.9 261.4 258.4 253.7 251.9 246.5 236.9 228.2 221.7 218.1 216.4 216.2 214.5 212.6 210.5 209.2 208.2 208.2 208 206.9 206.5 206.5 205.2 204.5 204.2 203 201.4 199.9 198.3
253.8 256.4 258.5 260.5 264.5 268.5 271.7 274.9 278.2 281.8 284.5 286.8 289 291.5 294.2 297.1 298.4 299.2 299.7 301.5 303.6 303.2 301.9 300.5 299 297.7 295.7 293.6 290.9 288.4 285.7 283.6 281.6 279.5 277.8 276.6 273.4 270.3 269.4 267.3 265.9 263.1 262.2 262.5 263.5 264.5 268.1 268.4 267.5 263.9 258.4 255 251.4 245.2 236.7 230.4 225.5 221.7 218.9 217.6 216.5 214.8 212.8 210.7 210.4 210.2 210.4 210.1 209.1 208 207.4 206.6 205.9 205.1 203.5 202 200.4 198.9
256.6 259.5 262.3 265.7 270.7 274.3 277.6 281.1 284.4 286.6 289.2 291.2 293.4 296.4 299.1 300 300.6 300.7 301.2 302.9 303.1 302 300.7 299.3 297.7 296 293.9 291.8 289.9 288.2 286.3 284.4 282.4 281.3 281.5 278.5 275 274.3 272.5 270.4 268.1 265.6 265.8 264.9 264.3 264.1 264.2 264.8 263 257.6 253.6 248.8 244.1 238.4 233.7 228.8 225.2 221.8 221.1 219.2 216.6 214.8 213.8 213 212.6 212.4 212.9 212.1 211 209.9 209.1 208.4 207.3 205.8 204.3 202.8 201.3 199.6
259.7 262.8 267.1 272.9 277.1 280.4 283.8 287.8 289.8 291.5 294.1 295.1 298.7 301.3 301.8 302.3 302.2 302.3 302.7 302 301.4 300.8 299.5 298.1 296.4 294.5 292.2 290.9 289.8 288.3 286.8 284.9 283.4 282.8 282.2 279.1 278.5 277 274.9 272.2 269.5 267.9 266.9 265.7 263.7 261.7 260.9 259.7 253.3 247.7 245.1 243.2 240.5 236.8 232.2 228.3 226.3 223.8 222.5 219.8 217.6 217.4 215.7 215.6 214.9 214.6 214 213.3 212.6 211.7 210.9 210 208.3 206.8 205.3 203.8 201.7 199
263.7 267.7 274.4 279.3 283.5 287 290.2 293.2 294.9 296.6 299.4 301.1 303.3 304.2 304.3 303.8 303.7 303.9 304.2 302.5 301.4 299.7 298 296.7 294.9 293 291.7 290.8 290 288.9 287.2 285.8 284.9 283.7 282.7 282.4 281 278.8 275.7 272.1 271.2 268.7 266.6 265.1 259.7 255.5 253.6 248.1 241.7 241 240.5 239.1 237.5 234.2 231.3 229.2 227.1 225.1 222.7 220.6 220.3 219.4 218.6 217.4 217 216.9 216.3 215.7 214.4 213.3 212.5 211 209.4 207.9 206.3 204.4 201.6 198.2
268.1 275.3 280.9 285.9 290.1 293.8 296.5 298.3 300 302 305 307.1 307.1 306.1 305 305 305 305.2 305.3 302 300.3 298.6 296.9 295.2 293.9 292.6 291.4 290.5 290.1 289.5 288.2 287.3 286.4 285 285 283.5 282.5 279.8 274.2 271.5 270.6 267 264.3 259.1 252.9 248.6 244.4 238.7 235.2 235.1 235 234.9 233.7 232.1 230.7 229 228.3 226.7 224.8 223 222.4 221.9 221.1 219.4 220.3 219.9 219 217.3 216.2 215.4 214.1 212.1 210.5 208.8 207.2 204 200.5 197
275.3 282.7 288.6 292.6 297.3 300.1 301.3 302.6 304.4 307.9 309.9 309.9 308.3 306.6 305.4 305 305.1 305 303.6 301.2 299.4 297.9 296.4 294.7 293 292.4 291.1 290.6 290.3 290.2 289.6 288.7 287.8 287.5 286.3 284.3 282.5 277.2 272.6 268.2 266.8 261.7 255.3 249.8 245.4 241.1 236.8 231.7 228.8 228.9 229.8 230.5 231.1 231.6 230.6 230.7 229.6 227.5 225.8 225.7 224.8 224.2 223 223.4 223.7 222.4 220.9 219.2 218 217.4 215.7 213.2 211.1 209.4 206.3 202.8 199.3 195.1
284.2 291 296.3 300.4 304.1 305.1 305.9 307 310.6 312.7 312.4 310.6 308.1 306.4 305.3 304.9 304.1 302.4 300.8 299.9 299.1 297.7 296.1 294.1 292.1 291.1 290.1 289.7 289.1 289 289.1 288.6 288.4 287.2 283.8 285.7 279.9 275.4 265.5 266 259.2 252.2 247.6 242.4 239 235.2 231.3 227.5 224.5 224.4 225.7 228.1 230.7 231.4 231.8 231.7 230.2 228.3 227.8 227.5 226.9 225.9 225.3 227 226 224.5 223 221.3 219.7 218.4 215.9 213.4 211.4 208.6 205.3 201.6 196.4 192
293.8 299.1 304.2 308 309.1 309.2 309.3 312.7 316 316.5 314.2 310.7 307.9 306.5 305.2 303.6 302.4 301 300.6 299.2 298.3 297.4 295.6 293.6 291.5 289.7 288.5 288.2 287.9 288 286.9 288 285.4 282.1 282 281.2 275.9 270.2 258.7 254.8 247.8 243.5 239.7 235 232.6 231 227.4 224.5 221.9 221.1 224.5 227.8 230 231.8 232.6 231.3 230.3 229.4 229.5 229.2 228.6 227.2 229.5 229.4 228.1 226.3 224.4 222.5 221.3 218.8 216.2 213.7 210.8 207.5 203.6 198.7 193.3 188.5
301.1 307.3 312 312.8 313.5 313 314.5 317.9 319.4 317.4 313.7 309.5 307.9 306.7 304.1 302.1 301.5 301.6 300.7 298.9 297.6 296.7 294.1 291.7 289.4 287.6 285.8 285.6 286.6 283.9 284.4 281.4 274.8 276.6 280.7 273.6 268.8 258.9 252.5 243.6 239.4 235.2 231.2 228.4 227.5 225.1 222.2 220.5 218.7 220.3 224.5 226.8 229.1 230.2 230.1 229.3 228.1 228.7 229.4 230.4 229.2 230.3 232.2 230.7 229.2 227.3 225.4 223.5 220.9 217.9 215.4 212.6 209.2 205 200.3 195.2 190.3 183.8
305.5 311.1 317.6 318.1 317.6 316.2 318.2 320.5 319.5 315.3 311.6 309.5 308.3 304.4 301.5 301.4 301.5 300.5 299.3 297.7 296.2 294.8 292 289.2 287.2 284.6 282 281.2 280.9 279.2 276 271.1 268.5 266.8 263 264.2 260.3 253.5 243.6 236 231.6 229.1 226.8 224.6 222.6 219.9 219.3 217 216.1 219.7 223.5 225.7 226.5 226.6 226.3 226 226.9 227.7 228.5 229.6 231.1 232.2 232.4 231.4 229.6 227.2 225.2 222.4 219.7 217 214.2 210.9 206.2 201.4 197 192.5 184.9 177.3
310.6 319.4 322.7 322.9 320.9 319.3 318.8 319.4 315.9 312.4 310.6 309 305.1 302.3 301.1 300.8 300.4 298.5 297.7 296.1 295.3 292.8 289.8 286.8 284.6 280 276.5 270.9 276.6 274 268.9 262.7 262.7 258.7 255.8 254.6 252.3 245.3 236.5 231.3 228.4 225.8 223.6 221.4 219.2 218 216.1 213.3 215.3 218.6 221 221.7 221.8 221.9 222.3 223.4 225.6 226.7 227.7 228.8 230.3 231.8 231.6 230.4 228.2 225.7 223.1 220.5 217.5 215.3 211.9 207.8 203.2 198.1 193.4 187.3 178.6 173.3
321 327.3 328.1 326.1 323.9 320.2 317.6 316.7 313.2 310.8 308.7 305.3 302.9 301 299.9 299.9 299.2 296.7 296.7 296 292.5 289.7 287 284.3 280.4 281.4 282.4 278.5 269.1 265.2 267.8 265.5 250.4 252.2 249.1 243.9 244.8 235.4 231.8 229.2 226.4 223.4 220.4 218.1 215.8 213.8 211.9 211.5 213.2 214.8 216 216.5 216.4 216.4 218.2 221.5 223.7 225.5 225.4 226.7 228 228.9 228.5 225.6 223.9 221.2 219.1 217.2 214.9 212.2 208.8 204.6 200.2 195 190.2 181.2 171.4 162.1
331.9 333 331.4 329.6 325.2 321 316.2 314.4 312.7 310.5 306.8 303.5 302 300.1 300.3 297.8 294.7 294.4 295.3 290.8 288.5 286.7 285.2 282.9 284.6 284.2 281.9 280.7 279.3 277.2 273.9 268.8 262 254.1 247.4 241.5 234.2 232.4 226.2 223.2 222.7 220.2 217.7 215.5 213.6 210.9 209.8 208.9 208.7 208.4 210.4 211.1 211 210.8 215.4 219.5 222.5 223.5 222.7 222.9 223.5 223.9 221.6 219.2 217 214.8 213.7 212.5 210.8 208.9 205.1 200.9 196.6 192.1 185.2 176 162.6 161
337.9 336.7 334.9 330 324.8 318.4 314.9 315.8 315 310.2 305.3 302.8 301.6 302.1 301 299 298.9 299.2 296.9 293.6 290.3 287.4 285 285.8 285.4 284.7 283.1 282.5 281.1 275.9 271.9 267.2 262.5 257 251.1 246.4 241.6 237.8 234.4 230.7 225.7 219.4 216 214.3 212.1 209.5 207.5 206.5 204.9 203.2 204 205.2 206.6 209.3 214 218.2 221 220.3 218.6 217.1 218.3 217.7 215.8 213.4 210.2 207.9 206.9 205.7 205 204.1 201.6 197 192.5 186.2 177.8 163.9 162.6 161.2
341 339.6 335.2 330 322.8 318.7 321.1 318.9 312.4 307.1 305.5 304.3 304.2 303.2 301.8 301 301 299.9 296.8 293.7 290.9 288.2 287.3 286.9 286.1 285.3 284.2 283.9 280.4 275.3 270.1 265.5 260.5 255.5 250.4 246 241.9 238.8 235.6 231.7 226.4 222 217.9 213.8 209.5 208.2 206.1 204.8 204.1 202.9 202.1 202.8 204.3 208.5 213.5 215.9 216.7 216.2 213.8 211.1 213.5 212.2 210 207.6 204.4 200.8 200 198.3 196.6 196.8 195.7 192.4 184.3 178.7 167.1 162.2 161.9 161.3
342.5 339.4 334.8 326.2 322.9 322.7 318.8 314.3 308.4 308.4 307.8 307.3 306.1 304.7 303.4 302.1 301.2 300.2 297.2 294.2 291.4 289.5 288.4 287.8 286.9 286 285.3 282.1 277.5 272.4 268.7 264.6 259.6 254.5 250 245.8 242.2 238.8 234.4 229.9 225 221.3 218.1 215.4 209.9 205.6 204.9 203.7 202.7 201.8 201.7 202.2 204.8 209 212.4 213.3 213 211.8 208.8 206.8 208.6 207 204.6 201.8 198.9 195.7 193.6 190.7 187.6 187.4 188 185.5 177 167.6 162.9 161.3 162.5 164.1
338.9 336.5 330.2 322.9 320.8 318.7 315.6 313.6 313.2 312.8 311.8 309.3 307.7 306.4 305.3 304.1 302.7 300.9 297.6 294.6 292.4 290.8 289.5 288.6 287.8 287 285.2 279.4 274.9 270.7 267.3 263.2 258.7 253.8 249.9 246.1 242.3 237.5 232.5 228.3 224.8 220.9 217.2 213.7 210.4 204.6 203.1 202.2 201.3 201.4 201.3 202.5 206.4 209.6 211.2 210.1 210.1 208.6 204.8 200.8 204.2 202.6 199.5 197.4 194.5 190.9 188.4 183.5 179.7 177.9 173.5 168.4 164.7 163.6 163 165.6 166 166.1
335.9 331.6 323.7 320.3 318.6 318.3 318.7 318 317.4 316.6 313.4 311 310.6 309.4 307.7 306 304.8 302.4 299.5 296.4 293.4 291.7 290 288.7 288.1 286.4 281.2 277.5 273.4 269 264.9 261.1 257.5 253.6 249.7 245.6 240.8 236.1 231.3 227.4 223.8 220 216.5 213.2 209.9 205.7 200.9 200.3 199.9 200.2 201 205.1 209.1 210.9 209.8 211.1 210.8 206.1 201 195.1 197.9 198 194.1 191.3 189.5 186.5 183.1 178.5 170.5 166.5 165.1 164.5 163.8 163.3 165.5 168.3 169.3 169.5
330.8 325.8 322.7 321.9 322.8 323.8 323.5 322.6 321.9 319.1 315.6 313.8 313.9 312.7 311 309.3 307.2 304.8 301.2 298.2 295.1 292.1 290.4 288.4 287.1 282.5 278.6 274.9 271.3 267.2 262.9 259.2 255.9 251.9 247.8 243.6 239.5 235.6 231 226.8 222.9 219.3 216.1 212.7 209.3 205.3 201.4 199.3 198.6 199.9 203.9 207.8 211 211.8 212.2 212.7 209.4 204.6 200.9 197.6 187.4 192.6 189.3 186.4 184.3 181.1 174.8 168.9 165.8 166 168.5 164.2 166.3 171 170.9 170.5 171.7 175.3
326.4 323 322.9 326.1 328.8 329 328.4 327.3 325 320.8 318.1 317.6 317.1 315.9 314.5 312.8 310 307.2 303 299.9 296.8 293.3 290.4 287.9 284.2 280.3 276.6 272.4 268.8 265.2 260.8 257.4 254.2 250.1 245.9 242 238.1 234.6 230.3 226.1 222 218.8 215.6 212.3 208.5 205.2 201.7 200.6 195.9 202.7 206.6 210 210.9 211.6 211.6 209.1 205.5 201.8 197.1 193.8 191.4 182.3 185 183.3 177.2 171.3 167 166.4 168.5 171.7 172.7 173 175.1 177 174.4 173.6 175 178
325.2 323.6 327.1 331.2 332.8 333.4 332.7 330.5 326.4 323.2 322.6 321.9 321.1 320 318.1 316 312.8 309.5 305.3 301.5 297.9 294.3 291 286.7 282 278.3 274.9 270.4 266.3 262.9 258.6 255.3 252.2 248.7 245.2 241.3 237.3 233.6 229.6 225.4 222.6 219.8 215.7 211.2 207.1 204.1 201.8 199.3 196.9 204.5 208.1 210.1 210.4 211 207.7 205.1 200.8 196.1 191.7 188.5 185.7 182.9 175.8 173.8 169.1 167.3 167.5 172 174.6 175.9 176.2 178.6 180.4 180.3 176.6 176.6 181.2 181.6
325.2 325.8 331.1 334.9 336.6 336.3 335 331.8 328.8 326.9 327.1 326.4 325.5 324.5 323.1 320 315.9 311.4 307 302.7 299.1 295.5 290.3 286.5 281.2 277.9 272.6 268.2 264.5 260.6 256.9 252.8 249.6 246.2 242.7 239.2 236.1 232.4 228.6 225.6 223.2 219.9 215.8 211.3 206.9 204.6 202.2 197.9 197.4 205.6 207.4 208.1 209.1 206.6 203.6 200.5 196.4 191.6 186.8 182.6 179.9 177.3 172.7 168.7 167.8 173.2 175.6 177 176.7 179.8 181 182.4 182.6 181.8 179.5 183.6 184.6 182.2
325.9 330.1 333.9 337.3 338.6 338 336.7 334 331.7 330.2 331.1 330.9 329.9 328.8 327.8 323.3 317.9 312.6 308.2 304.2 300.4 296 291.4 286.2 280.8 275.7 270.4 266.3 262.1 257.6 254.8 250.9 247.1 243.7 240.5 237.3 234.5 231.4 228.7 225.7 223.1 219.5 215.3 210.3 206.9 204.9 203.9 201.2 196.2 203 203.7 206.5 205 201.6 198.7 195 192.3 188.5 184 180.3 178.2 174.7 169.8 168.7 169.1 177 178.9 178.7 181.7 184 184.3 184.7 184.6 181.1 185.1 186.8 185.8 182.9
328.8 332.6 336.6 339.5 341.2 341 339.5 337.1 334.9 333.8 335.1 335.1 334.1 333 330.3 324.5 318.9 313.5 308.9 305.1 300.6 295.9 290.8 285.2 279.1 273.5 268.2 263.6 259.1 254.6 252.1 248.8 245.1 241.8 238.6 236.1 233.6 231.4 229.1 225.9 222.5 218 212.6 208.4 206.7 205.4 204.4 200.5 194.5 198.9 202 203.5 200.1 196.7 193.4 190.7 188.1 183.6 181.3 179.3 176.7 170.4 169.6 169.3 175.7 179.8 180.7 182.9 186 186.4 186.8 187 184.4 182.6 188.7 188.7 186.6 183.8
330.2 334.7 339.8 343.8 345 344.4 342.5 340.4 339.2 339 340 340.3 338.5 336 329.9 324.9 319.7 314.4 309.6 305.2 300 294.4 288.4 282.5 276.5 270.7 265.3 261.1 256.2 251.8 249.3 246.7 243.4 240.4 237.5 235.5 233.3 231.2 228 224.4 220.8 217.5 212.3 208.4 207.1 205.8 203.5 198.7 193.6 196.1 201.4 199.1 195.2 191.8 189 186.4 183.9 180.5 178 175.9 171.3 170.3 169.3 176 178.4 181.3 182.8 186.7 188.7 188.5 188.7 185.8 185.6 188.9 191 190.9 188.6 186.2
331.8 336.9 343.8 348.2 348.4 347.6 345.5 344.5 343.1 342.9 344.2 345 342.6 334.6 329.2 324.7 319.6 314.6 310.3 303.9 297.5 290.7 283.9 277.9 273.6 267.7 262.9 259 254 249.1 246.1 244.2 242.5 239.6 236.9 235 232.9 229.6 226.2 222.6 219 215.8 212.2 208.2 206.9 204.6 200.1 194.7 191.2 196.6 198.9 194.8 190.8 187.4 185 182.7 180.6 178.5 176.1 172.7 171.8 170.8 174.9 178.6 181 183.3 185.9 188.7 190.4 190.4 189.5 186.3 190.4 192.5 193.8 193.2 191.4 188.3
333.5 340.6 347.6 350.7 351.9 350.5 348.2 347.9 346.9 346.2 347.1 347 341.8 332.7 327.9 323.9 319.7 315.3 310.2 303.2 295.6 287.8 282.5 271.6 269.9 265 260.6 256.4 251.9 246.9 243.6 241.6 240.4 238.4 236.3 234.5 231.3 227.5 224.4 220.9 217.3 214.1 211.2 208.1 205.6 202.9 197.5 192.1 191.9 195.4 194.2 189.7 186.2 183.3 180.6 178.3 176.7 175.1 173.3 172.3 171.8 172.5 177.9 180.1 182.8 185.6 189 191.4 192.1 191.4 187.4 190.7 193.7 196.3 196.8 195.5 193.5 187.2
337.8 345.4 351.4 352.3 353 351.7 349.8 350.8 351.6 350.6 351.3 347.6 339.1 331.3 327 324.8 321.3 314.9 307.8 299.3 292.2 285 278.1 272 266.8 262.2 257.9 253.9 250 244.2 240.8 239.1 237.8 236.8 235.1 233.4 229.6 225.4 222.2 219.1 215.5 212.4 209.8 207.4 204.3 200.4 197.9 198.8 191.9 191.8 188.7 181 179 178.4 176.6 175.4 174.5 173.9 173.5 172.6 171.7 176.7 179.1 181.3 184.1 188.4 191.6 193.2 193.2 191.2 188.5 193.8 197.5 199.6 199.3 197.4 192.1 185.4
340.7 350.1 353.8 354.5 355.1 354.9 352.9 354.2 356.2 354.9 350.6 344 337.2 331 328.3 326.1 320.5 312.7 303.4 295 287.5 280.4 274 268.3 263.4 259.1 255.3 251.6 245.9 240.2 238.3 237 235.5 233.7 232.2 230.9 227 223.4 220.2 217 213.8 211 208.8 206 202.3 198.8 199.5 196.9 192.8 191.5 186.9 182.6 179.9 178.1 176.6 174.7 174.6 173.2 172.5 172.9 176.8 178.8 180.5 182.4 186.3 191 193.8 194.7 192.5 189.7 192 196.8 200.9 202.2 200.6 196.5 189.3 183.8
345.6 354.6 356 356.9 357.5 357.7 356.6 356.5 357.1 353.7 346.9 341.9 335.8 331.3 329.6 324.7 317.3 308.1 298.4 290.6 283.1 275.9 269.8 264.6 260.4 256.7 253 247.9 242.3 240.9 238.5 236.5 235.5 231.4 231.3 227.2 224.4 221.7 219 215.3 211.8 209.5 206.9 203.8 202.4 200.7 199.2 196.3 193.1 190.7 185 177.6 177.2 177.2 176.4 174.9 173.9 175 173.8 176.4 179.4 180.9 182.2 184.3 188.8 193.7 196.1 193.5 191.3 191.7 195.5 199.7 203.2 203.3 200.1 192.8 187.4 185.4
