webserver/python/data/NT55.asc
ncols 200
nrows 200
xllcorner 350000
yllcorner 650000
cellsize 50
[rows 70 to 104 of 200, columns 78 to 155 of 200]
389.3 390.7 389.7 389.1 388.7 387.3 386.2 385.1 384.2 382 379.2 374 368.6 360.8 351.9 341.8 330.5 319.2 307.3 298.2 299.6 319.1 338.1 353.9 365 367.7 373.3 381.3 389.4 399.7 409.7 419.1 426.1 431.4 435 435.7 434.3 432.3 430.4 428.3 426.2 422.7 419.4 415.5 412.4 410.8 411.3 410.6 408.7 405.6 401.6 396.6 386.8 383.2 391.2 395.3 400.5 405.7 409.1 412.5 414.2 415.7 416.4 415.6 412.7 408.6 404.8 401 397.3 394.2 389.8 378.2 387.2 395.3 400.8 407 413.5 419.2
390.6 388.4 388.3 387.7 386.9 386.6 385.3 384.2 382.9 380.2 377.1 373.1 367.5 360.7 352.7 343.4 334.7 322.2 305.5 296.9 298.5 320.2 338.7 352.9 360.6 365.7 373.9 379.5 386.4 396 405.9 416.4 423.9 428.4 430.6 431.1 430.3 428.3 425.8 423.2 420.6 417.4 413.3 408.7 405.7 405.1 406.3 406 404.3 401.7 398.1 392 381.2 385.5 393.6 398 402.3 405.8 409.2 412.3 414.8 416.1 415.2 413.1 410.4 406.6 402.1 397.5 395.4 393.1 389 378.8 385 392.1 398.7 405.2 412.7 418.9
388.5 386 384.4 383.8 383.2 382.8 382.3 381.2 379 376.3 373.3 369.9 364.3 358.2 351 343 333.5 318.8 296.1 296.2 301.2 319.5 335.4 336.6 342.1 356.8 368.2 376 382.4 392.1 402 412.1 420.1 424.2 426.3 426.4 426.2 424 421.6 419.3 415.6 410.6 406.5 403.3 399.5 399.5 400.5 400.7 399.5 397.5 394.8 390.7 378.6 387.5 394.5 398.9 402.6 405.9 409.2 412 414.6 414.2 411.7 409.6 407.1 403.1 398.6 395.1 393 391 387.4 378.3 378.9 387.2 395.9 403.9 412.7 419.3
386.3 383 377.8 377.7 377.1 377.2 377.5 376.5 374.7 372.4 368.9 364.4 358.9 352 346.1 338.8 330.4 309.4 294.1 297.2 304.1 310 317.2 322.8 329.6 343.5 356.7 366.5 379.8 389.9 397.8 407.3 414.5 418.6 422.4 423 423 420.8 418 415.6 410.7 406.2 403.4 400 397.9 396.4 395.2 394.4 393.4 392.5 390.8 387.4 377.8 388.8 394 398.1 401.9 405.5 409.2 411.4 412.7 410.8 408.3 406.1 402.6 398.4 394.9 392.7 390.5 388.3 386 378.4 374.1 385.8 395.6 404.7 413.4 419.1
383.1 377.3 368.8 361.4 359.8 365.9 370.3 369.8 368.6 365.3 361.2 358.6 352.5 346.3 338.6 331.3 322.4 295.2 293.5 298.8 303 309.5 316.1 328.3 332.4 336.3 346.9 362.9 378.2 387.3 396.5 404.3 410.4 415 419 420.2 421 419.2 416 412.1 407.3 403.6 401.3 399.1 396.8 394.3 393.4 389.8 387.4 386.6 385.2 381 376.3 386.6 392.2 397.2 401.1 404.5 408.2 410.9 410.6 407.5 405 402.4 397.2 393.5 391.3 389.4 387.1 385.2 383.2 376 374.8 387.6 397.2 406.5 414.8 421.1
378 373.2 368.7 357.1 340 343.6 358.7 360 358.8 354.8 351.3 348.4 342.3 337.8 330.9 319.4 309.5 290.2 293.6 301.2 310.3 312 319.9 336.8 349.2 354.9 357.8 364.9 378.1 387.7 396.6 403 409.3 413.6 416.5 418.8 418.7 417 414.1 409.8 405.6 403 401.6 400.2 399.1 397 395.5 393.7 391.2 387.3 379.9 375 374.5 384.3 389.6 394.4 398.5 402.6 405.8 406.9 406.3 404.2 402.6 398.3 393.6 391.5 389 386.1 384.1 381.3 379.4 373 378.8 391.9 401.5 409.7 416.4 422.7
373.4 370 366.4 360.6 341.8 328.7 347.7 350.8 348 342.2 336.1 335 332.9 328.7 322.1 314.3 298 288.5 294.1 313.2 329.6 323.5 323.5 337.8 353 360.8 371.3 377.3 383 388.8 396.4 402.6 408.9 412.6 415 417.3 416.8 415 412.5 408.5 405.1 404.2 403.2 402 401.2 400.4 399.6 398.4 396.3 392.2 386.7 375.1 370.7 377.9 386.4 389.8 393.4 397.3 401.1 402.8 403 401.7 400.2 394.1 391.4 389.5 387.3 383.7 381 378.2 374.8 368 383.5 396.5 405 412.6 418.8 423.9
370.4 368.3 363.4 357.7 337 322.7 335.9 341.2 336.2 325.6 316.2 314.9 311 312.2 312.1 302 286.9 286.6 304.5 325.2 342.7 332.5 328.4 339.5 353 362.3 373.9 382.2 388 394.5 399.9 403.8 408.9 412.9 415 416.8 416.3 415.3 413.5 411.1 408.8 406.4 404.8 404 403.4 402.7 402 401.2 398.6 395.3 390.2 382.4 368.3 369.5 378.9 383.5 387.2 390.9 395.7 398.4 399.4 398.9 396.1 393.4 390.9 387.7 385.3 382.4 378.3 375.3 368.9 378 389.8 400.2 408 415 419.9 424.5
368.4 367.6 363.7 357.2 338.6 314.4 317.9 323.1 321.2 312.6 304.3 294.7 291.7 289.9 290.6 285.1 285.6 297.9 321.3 340.8 354.6 348 332.5 340.4 353.6 362.8 375.2 384.9 393.1 399.2 404.6 408.1 410.5 412.6 414.7 417.8 417.7 417.3 416.6 414.7 411.7 409.1 407.2 406.2 405.6 405 404.9 403.2 400.2 395.1 389.3 383.3 374.3 366.4 368.7 375.8 379.6 384.5 389.3 393.8 395.3 395.4 393.8 392.8 390.4 387.2 384 381.1 376.6 370.4 368.8 384.5 392.3 402.2 410 416 421 424.4
368.6 367.2 363.6 354.9 339.8 324.7 303.4 300.5 298.3 296.3 287.3 282.4 282.1 282.5 282.6 287.6 295.4 314.4 335.5 352.4 359.6 362.6 351.2 347.6 352.9 362.9 374.1 387.8 397.3 404.1 408.1 410.5 412.8 414.6 416.9 419.9 420.8 420.9 420.6 418.9 415.6 412.3 410.5 409.2 408.3 408.7 407.5 405.2 401.4 395.6 389.1 384.1 378.7 368.9 364.6 367.1 373 378.2 382.8 389.2 392.1 392 391.5 391.2 389.9 386.8 383.7 379.7 373.7 363.9 374.9 387.6 395.2 404.2 411.8 417.2 420.3 422.6
370.6 367.9 363.7 356.8 344.8 327.6 314.7 301.9 289 285.3 280.9 281.3 291.5 304.5 309.3 314 310.2 307.5 328.4 348.9 364.8 369.7 366.3 360.6 356.4 363.2 375 390.4 400.3 406.7 411 413.7 415.7 417.8 419.7 422.2 423.6 425.2 423.9 422.6 419.4 416.9 415 413.6 412.1 411.1 409.4 406.1 400.6 395.6 391.6 386.7 381.9 376.1 367.2 362.6 365.6 372.9 379.7 386.1 389 389.3 389.4 389.6 390.4 386.8 383 377.6 368.4 362.9 378.9 389.7 397.8 406.2 413.5 417.9 419.8 421.4
371.8 368.9 364.5 356.9 349.4 338 324.8 305.6 291.5 280 279.7 292.6 309.8 321.8 330.6 334.3 331.8 325.3 317.8 335 358 371.2 373.7 371.4 368.5 370.2 379.6 392.8 402 409.2 413.8 417 419.4 421.9 423.8 424.5 425.7 426.3 426.3 424.9 423.5 421.6 419 417 415 413.6 410 406.2 401.4 396.7 392.6 386.7 381.5 377.1 371 362.2 361.1 369.9 377.4 383 386.8 388 388.2 388.8 386.8 384 380.1 373.9 364.1 369.4 383.6 390.9 400.3 407.7 414.6 418.5 420.2 420.6
372.1 368.9 364 357.9 352.4 344 329.6 305.6 287.5 278.4 278.5 302.7 326.2 338.1 347 350.8 350.1 348.4 338.7 330.8 345.7 367.8 376.2 379.5 382.6 380 386.4 395.3 404.5 412.2 418.1 422.3 424.5 426.4 427.5 427.4 428.2 428.3 427.7 426.3 425.3 423.5 420.4 418.2 416.1 412.9 409.5 405.7 401.5 396.6 391.3 386.2 380.2 375.8 371.8 364 360.3 367.1 375.3 380.8 385.4 386.7 386.8 385.5 383.8 380.9 376.6 370.9 363.4 376 386 393.7 401.4 409.6 414.9 418.5 420.7 419.9
371.7 368.2 364.1 357.7 351.2 343.4 327.5 303.7 283.5 277.2 282.2 310 334 349.9 358.4 361.2 363.5 364.5 364.4 358.6 351.4 358.8 377.9 386.4 391.7 394 397.8 402.8 409.5 416.1 421.4 425.9 428.7 430.7 431.1 430.4 429.5 429.5 429.1 427.9 426.8 425.1 422.1 419.5 415.3 411.2 408 404.3 399.5 394.2 388.7 383.7 378.6 374.6 370.7 365.8 358.8 364.2 373.6 379.5 382.4 384 383.6 381.9 379.7 376.8 372.3 363.9 364.3 378.2 387.5 395.7 403.4 410.4 415.1 417.1 418 418
371.9 368.3 362.6 356.3 349.4 339.3 322.4 300.3 279.2 276.5 287.6 315.1 338.2 356.5 362.4 366.6 370.2 372.7 374.7 377.7 379.3 377.5 373.1 387.6 399 403 406.6 410 414.5 420.8 425.3 429.1 433.2 435.4 434.4 432.7 430.4 429.5 429.9 428.3 426.3 424 420.5 417.1 413.2 409.4 406.5 399.5 396.8 391.5 385.9 381.1 377.4 373 369 364 357.2 361.4 372.3 377.4 379.4 379.8 378.6 377.4 374.9 372 367.8 358.8 368.1 379.3 388.2 396.9 405.3 411.8 415.8 417.7 417.8 415.7
370.7 367.1 361.4 354.4 346.8 332.6 314 294.6 275.3 275.4 290.9 315.9 339.7 353.5 359.2 364.1 369.8 375.5 378 382.9 387.3 390 395 393.5 402.5 408.9 413.6 414.9 418.1 423.8 428.7 434.2 436.1 436.1 436.1 434 431.3 428.3 426.6 425.2 423.3 421.4 418.1 414.8 411.1 407.8 404.7 393.7 389.8 387.1 380.7 378.3 376.1 368 364.2 360.3 355.9 357.1 368.4 374.7 376.3 376.2 374.6 372.4 369.4 363.1 359.2 357.3 369.4 379.8 389.1 398.6 407.6 413.5 417.5 420 418.9 416.5
368.9 365.4 360 353.7 343.6 328 306.3 289.7 273.5 279.5 301.7 319.7 330.5 337.9 344.5 352.8 363.7 372.1 378.5 385.1 391.1 396.5 400.7 404 405.9 413 418 420.1 423.2 426.7 431.5 436.1 435.7 436.1 436.1 434.2 430.8 427.9 425.1 422.3 419.7 418.3 415.7 412.6 409.1 403.6 396.5 393.6 389.9 386.5 384.1 381.6 376.3 370.2 366.4 362.1 354.2 353.2 364.1 371 373.4 372.6 371.4 367.9 362.7 355.7 354.4 361.5 373.9 382.6 391.7 400.8 409.7 415.4 419.4 421.6 420.3 418.8
366.3 362.6 358.1 351.8 343.7 326.2 302.8 286.8 272.6 286.1 300.5 306.8 312.1 316.9 322.8 332.6 350.1 365.4 379.2 388.4 394.9 399.7 404.5 409.3 413.8 417.3 420.4 422.8 425.8 429.3 431.8 435.3 434.7 435.6 435.4 433.5 430.2 427.4 424.7 422.2 419.2 416.5 414.5 411.1 409.1 406.8 403.6 400.9 397.3 393.3 390.8 385.9 382 378 373.7 367.4 356.2 352.9 359.6 368 370 369.2 366.3 360.3 355 353 360.6 371.1 379.7 386.9 396.4 404.8 412.6 418 421.4 422.9 421.6 421.1
362.9 359.1 355.8 350.3 342.6 328.8 305.7 286.3 272.4 277.5 283.8 290.4 296.2 306.6 325.7 340.9 356.2 367.9 380.1 390.6 398.4 403.2 408.4 414.6 417.9 421.6 423 425.2 427.6 430.6 432.9 434.1 434.1 435 434 433.1 430.4 428.5 425.9 422.9 420.3 417.9 415 412.1 410.7 409.1 406.8 404.4 400.9 397.4 394.1 390.2 386 381.7 377.2 370.6 361.2 357.8 354.4 364.5 366.4 365.6 360.5 353.3 350.3 360.5 368.5 378.4 386.4 393.5 401.8 408.5 414.7 420.1 422.7 424.2 423.2 421.5
358.8 355.9 352.4 346.9 339.8 329.8 311.8 288.8 270.6 276.3 290.5 292.1 291.1 307.3 329.6 334.3 342.7 353.2 366.5 383.6 397.6 405.7 410.5 417 420.9 422.3 424.1 427 429.4 431.5 432.4 433.4 433.7 434.4 434.5 434.8 433.8 431.5 428.4 425.2 422.3 419.4 416.1 413.5 412.2 411 409.1 406.8 403.4 399.5 396.2 392.4 388.3 384.7 380.4 374.7 370 363 348.9 357.6 362.2 361.9 354.4 349 360.1 371.4 378.8 388.2 394 400.3 407 412.2 417.6 420.8 423.5 424 423.2 421.7
352.5 350.2 346.4 342.3 336.9 331.1 319.4 297.8 274.2 276.2 302 317.6 302.7 298.9 307.6 314 322.5 333.5 349.4 370.6 393.5 405.1 413.8 419.4 421.4 422.6 425 428 430 431.7 433.3 433.7 434.8 436.1 437.8 438.2 437.8 435.9 432.4 428.5 424.6 420.9 417.1 415 413.8 412.2 410.6 407.1 404.9 401.5 398.2 394.6 391 387.6 383.6 380 375.6 368.7 357 349.7 354.6 356.3 347 352.6 366.4 375.8 385.5 393.7 400.2 406.2 410.6 414.8 418 421.3 422.6 422.8 422.7 421.3
344.1 341.6 339.5 337 333.8 329.7 319.3 304.7 279 268.9 293.7 322.1 318.1 311.5 311.4 318.7 320.8 324.1 335.8 357.3 376.5 403 412.9 418.1 420.3 421.4 424.5 427.4 430.3 432 433.6 435.2 436.7 439 441 441.9 441.4 438.7 435.4 431.6 426.9 421.7 417.7 414.1 412.2 410.4 408.6 406.6 404.3 401.4 398.6 395.8 393.6 390.5 386.9 383.2 379 373.4 365.4 351 348.1 349.2 344.8 355.2 369.8 381 391.7 399.1 405.1 409.7 412.6 416.1 417 419.3 420.9 420.9 421.9 421.4
334.8 333.9 333.6 331.7 329.3 324.6 315 299.1 279.5 267.8 283.3 311.8 331.8 332.5 333 336.9 341.4 338.7 332.3 354.5 372.2 397.9 409.9 412.4 414.1 418.9 422.8 426.6 430 432.4 434.6 437.1 438.7 441 443 444.3 443.6 441.5 438.1 434.5 429 423.6 418.4 413.4 409.7 408.2 407.1 405.5 403.2 400.1 398.4 396.8 394.8 392.3 389.2 384.9 380.7 375.2 368.6 359.1 346.9 343.7 351.1 363.3 372.5 384.5 395.6 403.4 408.7 411.6 413.8 415.6 416 413.8 416.6 418.8 420 419.9
325.1 325.8 326.6 325.5 317.9 309.8 300 287.1 271.2 267.7 286 311.3 334.7 347.3 355.2 359.4 364.3 361.9 347.5 351 367.4 379.3 395.4 393.2 408.8 418.3 421.9 426.8 430.4 433 435.7 438.7 440.8 443.1 444.8 445.9 445.9 444.2 440.9 437.3 431.2 425.1 420 414.9 409.8 407.4 405.3 402.7 399.8 396.6 398.1 396.8 395 392.8 390 385.7 381.1 376.5 370.3 363 353 343.4 354.3 365.6 374.5 387.3 398.4 406 410.1 412.6 414.8 413.6 412.6 411.3 412.6 414.8 415 415.8
316 317 316.8 312.9 303.3 293.5 283.7 272.4 266.5 270 293 312.4 331.4 351.6 364 373 380 383.6 374.3 363.5 362.1 369.6 382.6 401.9 415.1 420.2 423.3 427.2 430.7 433.6 436.4 439.2 442.2 444.6 445.5 446.2 446.5 445.9 443.2 438.5 432.3 426 420.9 416.8 411 406.6 403.8 399.6 396.7 395.7 397 394.9 393.6 391.9 388.8 384.8 380.4 375.7 370.2 365.1 355.4 340.9 353.2 365.3 377.4 389.9 400 407.6 410.8 413.4 415.1 412.3 409.2 407.6 407.9 409.6 409.1 410.2
305.3 305.5 302.9 296.3 287.9 280 271.6 264.7 265.3 279.4 290.4 310.2 334.4 354.6 365.4 376.1 384.7 392.3 393 390.7 390 396 402.4 411.8 417.8 423 424.2 427.8 430.1 433.3 436.4 439.5 443.9 446.4 447.5 446.4 446.3 446 442.6 438.7 432.2 426.2 421.1 416.8 412.2 407.5 402.3 397.2 392.9 392.8 393.6 393.3 392 389.8 386 382 378.6 373.7 368.9 363.5 356.5 340.4 351.8 369.8 383.2 393.7 403.1 408.8 412 412.6 412.5 410.1 406.4 402.8 401.1 403.3 403.1 404.4
290.6 292.4 289.1 281.5 274.2 267.7 263.5 264.8 284.5 296.2 296.9 304.9 329.8 348.1 367.6 379.4 388.3 395.7 398.6 399.6 401.7 405.7 409.3 414.4 418.6 424.3 425.7 426.9 429.6 432.9 436.4 439.8 444.6 447.8 449 447.4 446 444.1 440.7 436.7 429.7 425 420.1 415.2 410.6 405.9 400.4 394.7 389.8 390.4 390.8 390.3 388.9 386.5 382.6 379 375.5 371.6 366.5 358.6 347.6 338.8 357.5 375.5 387.8 398.3 404.3 410.7 412.3 411.9 410.8 408.2 405.1 401.4 396.8 395.6 399.8 399.5
288.6 279.8 275.6 267.7 263.4 262.4 267.2 285.5 301.2 316.8 322.1 320.9 323.5 341.7 368.7 382.4 390.8 396.9 400.1 402 404.1 407.3 411.2 414.3 417.6 422.4 424 425.8 428.8 432.1 435.7 440.3 445.3 448 448.2 446 443.7 441.5 437.7 433 427.1 423 418.3 413.5 409 403.1 396.2 391.1 386.5 387.4 387.8 387.3 385.8 382.7 379.2 375.9 372.3 367.6 363.5 354.9 341.4 340.8 365 380.4 392.7 399.9 405.8 410.4 412.1 411.9 410.9 407.8 403.5 397.7 393.8 392.4 393.2 395.2
286.6 275.3 268.5 259.8 260.9 272.3 288.7 306.7 322.4 338.2 342.6 346.1 346.5 340 363 383.2 392.4 396.8 399.5 402.3 405 408.1 411.1 413.9 417.3 420.6 422.7 424.6 427.6 431.1 434.6 439.6 444.7 446 445 442.1 439.4 437.8 433.8 428.9 424.6 420.5 416.5 410.8 406.4 399.3 392.8 388.1 383.8 383.7 384.7 383.8 381.9 378.6 375.2 371.7 368.5 363.7 359.3 350 336.9 352 372.1 385.7 395.8 401.9 407 410.4 412 411.3 410.3 407.1 402.3 396.3 392.6 390.1 389 391.7
284.6 272.7 260.7 258.7 270.9 294.3 312.2 330.5 345.8 354.8 357.8 362.5 366.5 365.9 375.3 387 395 397.8 400.1 402.5 404.6 407.5 410.4 413.4 416.4 417.4 420 423 425.9 429.1 432.7 437.3 440.4 442.1 441.1 438 435.2 433.3 429.7 425 421.7 417.6 413.4 407.7 401.4 395.4 390.7 386.2 381.5 378.7 380.4 379.7 377.6 374.1 370.5 368 364.8 360.5 355.9 341.4 341.3 360.6 376.5 387.5 397.9 403.7 408.3 411.2 412.1 411.5 409.8 406.4 401.4 396.1 392.7 389.5 386 387.8
283.5 267.4 257.7 260.6 281.3 308.3 329 350.3 361.6 364.2 368.4 373.1 378.1 382.3 385 391.3 396.7 399.1 401.2 402 402.6 403.9 406.7 411.4 413.6 414.2 416.5 419.7 423.4 426.9 430.2 433 436 436.5 436 434.2 431.9 428.9 425.3 421.2 417.7 413.9 409.4 402.6 397.7 392.7 388.9 384.4 379.8 373.9 374.7 374.7 372.1 368.5 366 363.4 360.6 356.6 345.1 335.5 350.4 368.1 381.8 391.2 399.4 405.3 408.6 411.5 411.9 411.3 409.6 405.6 401.2 395.8 393.3 390.7 386.1 382.4
278.9 257.6 255.2 276.8 299.6 323.1 347.9 361.3 367.7 371.6 376.2 381.5 386.5 389.1 392.3 394.5 397.7 399.7 400 400.5 401 401.3 402.4 405.8 408.1 410.7 413.3 416.8 420.8 424.4 427.3 429.5 431.4 431.4 431.5 430.8 428.3 425.5 421.7 417.6 414 410 404.4 397.8 394.4 390.5 386.9 382.7 378.1 372.7 367.4 369 367.3 364.3 361.3 358.5 355 350.1 336.1 339.9 359.7 375.5 385.9 394.4 400.7 406.4 409 411.9 411.7 411 408.3 404.3 400.1 395.8 393.1 390.6 387.9 382
265.6 253.3 260.3 288.8 312.8 339.4 355.9 364.9 372.9 377.3 382.8 387.1 392.1 393.4 395.2 396.5 398.6 399.8 399.6 400 400.5 398.4 400.4 402.8 404.6 407.6 410 413.2 417.6 421.7 424.8 426.9 428.6 428.1 428.2 427.6 424.7 422 418.3 413.9 408.7 403.2 396.7 393.3 390.1 387.9 384.7 381.2 376.5 371.4 361.6 363.4 363.1 360.7 357.4 353.2 348 339.7 338.4 350.8 367.3 380.6 389.2 397.1 403.1 407.5 410.7 412.1 411.3 410.6 407.1 402.9 399 395.2 392.6 390.4 388 383.8
254.4 252.9 273.8 290.6 317.7 345.4 360.2 368.8 376.7 383 388.4 391.3 394.2 395.6 397.5 398.1 399.1 399.5 399.2 399.6 398.6 398 399.5 400.8 402.2 404.5 406.8 409.6 414 418.7 422.2 424.7 426 425.6 425 424.4 421.4 418.5 413.8 406.8 400.2 395.6 391.4 388.7 387.4 384.7 381.9 378.3 373.8 368.9 360.2 356.4 357.2 355 352.9 347.6 335 338.2 350.8 362.8 374.7 384.5 392.9 400.1 404.5 408.4 411.3 412 411.3 410 406.2 402.6 399 395 392.6 390.2 387.7 383.9
253.3 268.1 289.7 311.7 326.9 345.8 364 372 378.8 385.4 391.5 395 396.7 397.9 398.6 399.1 399.5 399.2 399 398.9 397.9 397.7 397.5 398.6 399.8 401.4 403.7 405.3 409.9 414.7 419.3 422.4 424 423.6 422.9 421.4 418.6 414.2 408 401.1 395.1 390.4 387.6 385.7 383.9 381.3 378.7 375.2 370.7 366.3 358.7 349.7 348.9 350.5 348.6 340 333.3 344.8 356.6 368.4 378.3 386.4 394.7 401.3 405.1 409 411.5 411.9 411.8 409.9 406 402.2 398.7 395.4 393.9 390 387.5 384
