webserver/python/data/NT57.asc
ncols 200
nrows 200
xllcorner 350000
yllcorner 670000
cellsize 50
[rows 37 to 73 of 200, columns 0 to 84 of 200]
45.4 47.7 49 50.5 52.7 56 59.9 64.6 67.1 68.5 69.9 82.8 92 99.9 103.6 103.8 103.8 97.8 92.1 86 80.1 76.3 71 66.9 62.2 59.1 56.7 54.8 53.4 52.7 53.1 54.3 54.6 54.8 55.3 56.3 57.9 59.8 61.5 62.5 63.5 64.3 64.9 65.6 65.9 66.1 66.3 66.2 65.8 65.4 65 65.5 65.5 65.6 65.8 64.3 63.8 63.7 63.9 64.2 64.2 64 63.8 63.6 63.4 62.5 61.1 59.7 58.8 58.3 57.7 57.5 56.8 56.1 55.3 54.6 54.2 54 53.3 53.4 53.6 52.9 51.9 50.6 49.8
47.8 50.3 52.7 54.8 57.9 61.1 65.5 69.1 72.3 73.7 74.9 88.2 99.2 104.1 106.4 105.4 103.4 100.3 93.9 88.6 83.5 78.4 74.5 70.8 66.2 62.4 59.5 57.8 56.2 55.1 56.6 59.6 58.7 59.2 58.4 59.6 60.7 61.8 63.8 64.9 65.1 66.2 66.9 67.6 67.2 66.9 66.9 67.3 67 66.7 66.4 66.7 65.8 65.3 65.4 64 64 65.4 66.5 66.8 65.6 65 64.7 64.5 64.3 62.9 61.5 60.1 59.5 59 58.5 58.3 57.6 56.8 56.1 55.7 55.1 55 54 54.3 54.6 54.3 52.9 51.5 50.8
51.5 53.2 56.7 59.9 63.8 67.2 69.8 73.4 76.8 79 79.1 88.5 101.2 105.2 104.5 104.3 104.1 101.4 95.9 90.7 85.8 81.9 77.4 73.6 70.1 66.5 63.4 61.9 60.8 61.2 61.4 60.6 59.5 61.2 60.8 61.2 61.9 62.9 65.1 65.8 65.5 66.3 67.7 68.9 68.7 67.6 67.7 68.2 68.1 67.8 67.9 68 67.3 67.1 67.2 68.5 68 69.2 70.4 69.7 67.9 67 66.1 65.5 64.7 63.3 62 61.7 60.8 59.7 59.3 59 58.3 57.8 57.4 57 56.1 55.7 55.7 55.6 55.3 54.7 53.6 52.5 51.2
55.6 57.8 60.7 64.2 68 72.1 74.6 79 83.6 86.6 84.9 89 100.8 104.4 106 104.8 104.2 102.6 100.1 94.3 90.3 86.4 81.9 77.4 74.7 72.2 69.9 67.3 67.9 67.3 66 64.2 63.1 63.4 62.3 62.2 62.1 63.9 64 65 65.1 66.6 68.1 68.5 68.6 68.6 69.5 70.1 70.3 70.6 70.5 70.3 70.8 71.1 72.1 72 71.9 71.5 71.6 71.1 70.3 69.2 68.3 67.4 65.8 64.2 64.1 63.5 62.9 61.6 59.9 60.1 59.6 59.2 58.9 58.2 56.9 56 55.6 54.2 54.5 53.6 52.7 51.7 51.1
58.7 61.2 63.9 68.6 71.5 75.8 79.4 83.3 88.1 91.5 94.1 93.7 100.2 104 106 104.8 104.3 102.5 100.2 96.9 93 90.9 88.6 84.6 81.2 77.7 74 71.7 72.1 70.9 69.1 67.4 66.8 65.8 64.8 64 63.6 64.1 64.3 65.8 67.6 68.9 70.1 70 69.8 70.4 72.2 73.3 74.5 74.9 75.6 75.8 76.7 76.9 76.6 75.8 75.7 74.7 74.6 74.2 73.5 71.7 70.6 69.8 68.4 66.2 65.6 64.9 64.9 63.8 62.1 60.4 61 60.7 60.3 59.1 57.5 56.4 55.6 54.1 53.6 52.9 52 51 50.5
60.4 63.7 66.3 70.6 73.8 77.3 80.6 84.7 89 92.7 96 99.1 101.7 103.9 105.1 104.7 103.5 101.8 100.2 97.9 95.3 95.9 92.7 90.1 84.6 80.1 77 75 73.8 73.1 71.8 71.2 70.8 69.5 69.1 68.7 68.7 69.1 69.2 70.5 70.5 71.6 71.6 72.6 73.5 74.7 76.4 78.1 79.7 80.3 81 81.9 82.3 82.3 81.5 80.6 79.6 78.5 77.5 76.3 75.6 74 71.9 70.2 69.7 67.9 66.4 65.6 65.8 65.6 63.6 61.7 60.9 60.3 60.8 59.1 57.9 56.6 55.5 53.7 52.5 52.1 51.3 50.5 49.5
61.9 63.7 67.2 71.1 74.8 78.1 81.2 84.5 88.4 92 95.6 99.3 101 102.9 104.1 104.2 102.8 101 99.7 98.2 96 94.3 91.9 90.3 88.3 86.6 82.4 81.9 79.1 78 78 76.5 77 75.9 74.7 74.4 74.6 75 75.2 74.8 74.5 75.6 76.4 77.3 78.3 79.2 80.9 82.5 83.9 85.1 86 86 85.5 85.5 84.1 82 80.8 80 77.4 75.2 73.9 73.1 71.8 69.6 69.5 68.2 67 65.8 65.8 65.5 63.8 62 60.6 60 60 58.5 57.1 55.7 54.4 53.2 51.6 51 50.5 49.5 48.3
63.6 65.6 68.5 72.2 75.5 77.4 79.7 82.7 87 91.6 95.5 98.8 100.5 102 103.1 104.1 103.3 101.4 99.6 98.5 97.8 96.7 97.5 100.6 104.5 103.6 101.8 99.9 98.5 95.6 92.5 89.9 85.5 83.7 82 80.4 81.7 81.6 80.5 79.9 80.4 81.2 81.5 82.1 82.8 83.8 84.9 85.6 86 86.3 86.1 85.8 85.7 85.7 84.8 82.3 79.5 79.9 78.1 75.9 73.9 72.4 71.6 69.4 69.4 68.2 67.3 66.3 65.9 64.9 63.3 61.7 60.1 59.8 57.3 56.3 55.1 53.9 52.7 51.7 50.6 49.7 49.9 48.7 47.4
65.9 67.6 69.2 72.4 75.5 77.9 79.6 81.7 85.5 91.1 95.8 99.3 100.7 101.2 102.3 103.2 102.9 101.9 101.5 104.1 105.8 108.8 113.4 117.4 120.7 120.8 119.8 117.6 115.4 113.1 109.3 105.5 104.2 101.2 96.9 91.5 89 89.1 88.1 87 86.6 86.9 86.8 87.1 86.7 86.6 87.3 88 87.9 87.5 86.5 85.7 86 84.6 83.6 81.2 79.6 78.7 77.5 76.1 74.6 72.8 71.4 70.9 69.3 67.8 66.3 64.9 64.2 63.5 62.5 60.9 59.3 58.6 56.6 54.5 54.1 53.9 52.6 51.2 49.8 49 49.9 48.5 47
67.3 68.8 71.2 74.1 76.1 78.5 80 81.9 84 88.1 92.8 97.4 100.9 100.7 101.3 101.5 102.4 102.3 103.5 105.3 108.1 113.4 119 124.1 125.9 127.8 129.7 129.7 128.5 126.3 124.2 121.4 118.8 114 110.7 105.7 101 97.1 94.1 92.8 92.5 92.1 91.2 90.7 90.2 90.3 89.7 90.1 89.6 88.7 87.5 86.5 85.7 84.1 82.2 80.3 79.6 78.1 76.7 75.3 74 72.7 71.5 70.1 69.6 68.1 66.6 65.1 64.3 63.3 61.7 60.3 58.7 57.3 56 55.9 54.4 54.3 53 51.8 50.4 50.9 51 49.1 47.6
69.2 70.7 73 75.3 77.3 78.5 80.5 82 83.9 86.5 89.3 93.4 96.4 98 99 99.4 100.6 101.3 102.7 105 108 114.3 119.9 125.4 128.8 132.9 135.5 136.2 136 135.2 132.7 131.1 127.6 124.2 121.8 114.8 109.9 106.3 102.8 98.9 97.8 95.4 93.5 92.7 92 91.2 91 91 90.6 88.8 87.3 86.1 84.7 83 81.2 80.6 79.3 78.3 76.5 74.5 73.9 72.7 71.5 70.4 70.3 68.6 67 65.3 65.1 62.5 61.5 59.9 57.8 56.4 55.1 55.7 54 54.4 53.5 52.2 51.1 50.4 50.4 48.9 47.6
70.5 72.1 74.1 76.3 78.2 80.1 81.2 82.3 83.9 86.3 87.9 90.2 92.5 93.6 94.7 95.3 97.5 99.6 100.9 103.4 106.6 111.2 117.7 123.6 128.1 131.4 133.6 134.8 136.1 135.6 133.9 131.7 128.9 126 123.9 119.4 114.6 110.5 106.7 103.7 100.5 97.8 95.3 93.8 91.9 91.5 91 89.4 88 86.1 84.8 83.9 83 81.7 80.1 79.5 78.8 78 77 75.9 73.7 72.6 71.5 70.8 69.8 68.3 66.8 65.4 63 60.7 59 58.5 57.6 55.5 54.1 54 54 54.2 53.9 52.8 52.1 50.7 49.4 49 48.5
72.3 73.6 75.7 77.9 79.9 81 82 83.1 84.2 85.9 87.5 88.6 89.8 91.2 92.3 93.4 94.7 96.8 98.8 101.2 104.2 107.5 112.5 117.3 120 122.8 126.5 131 132.9 132.2 131 129.3 125.5 123.2 120.6 117.5 113.4 111.2 106.8 103.4 100.3 97.2 94.6 91.8 89.5 88.4 86.9 85.6 84.5 83.6 82 81 80.5 81 79.2 79.1 78.2 77.4 76.6 75.4 73.3 71.6 70.2 69.1 69.2 66.6 64.6 64 62.8 60.8 59.2 58.7 59 57.2 56.7 56.1 55.7 56.3 56 55.4 54.1 52.4 50.8 50.1 49.5
74 75.2 77.2 79.4 80.7 81.8 82.9 84 85 86.5 87.6 88.8 89.2 89.3 90.8 92.1 93.3 94.6 96.4 98.8 101.1 103.9 107 109.6 111.2 112.7 114.7 118.1 120.3 122 121.3 119.4 117.5 115.6 114.1 111.8 109.5 106.9 103.9 100.8 97.8 94.9 91.6 88.7 86.3 84.9 83.9 82.5 81.3 80.5 79.3 79.5 79.6 80.2 80.6 78.9 77.2 76 75.2 74.6 72.8 70.6 69 69.1 69 66.6 64.3 63.9 63.4 63 62.2 60.3 60.9 62 61.5 60.9 59.2 59.2 58.7 57.5 56 54.4 52.4 50.5 50.1
75.7 76.9 78.7 80.3 81.6 82.6 83.7 84.8 85.8 87.2 88.2 89.1 89.1 89.6 89.8 90.9 92.2 93.4 94.3 96 97.7 99.2 101.1 102.8 103.8 103.8 106 108.2 110 112.4 113.6 112.7 111.1 109.7 108.3 106 104.2 101.6 98.1 94.9 92.3 89.5 87 85.1 84.5 82.5 81 79.6 79.2 78.9 79.5 80.4 79.8 79.9 79 77.5 75.7 75.4 74.5 74.3 73.9 71.1 69.4 69.2 69.5 68.8 67.5 67.4 67.7 67.9 67.8 65.8 66.5 65.4 65 64.3 61.9 60.5 60.9 59.1 57 54.9 53.6 52.3 50.8
77.4 78.6 79.5 81.1 82.4 83.5 84.7 85.7 86.6 87.7 88.6 89.4 90.1 90.9 90.7 91 91.6 92.2 92.9 95.3 96.2 97.1 97.2 98.2 98.2 98.2 96.9 99.3 103 106.1 107 107 105.4 103.8 102.4 100.6 98.3 95.7 92.6 89.5 87.5 84.6 83.4 83.2 82.8 81.3 80.1 79.5 78.8 78.1 78.1 78.9 77.9 76.4 75.6 74.5 74.2 74.2 74.1 75.2 75.3 74.7 74.4 74.8 75.2 74.9 74.8 74.8 74.7 72.4 71.1 70 69.3 67.5 66.5 65.7 63.7 61.5 60.4 58.7 56.6 55.6 54.2 52.3 50.4
79.1 80.2 81.2 82 83.4 84.9 85.8 86.5 87.4 88.3 88.7 89.4 91.1 91.4 91.9 91.4 91 91.4 91.4 91.1 92.5 92.4 93.7 92.1 91.3 92.1 90 88.9 96.1 97.2 99 98.9 99.1 98.7 97 95.7 93.6 91.7 89.1 87.2 85.2 83 82.7 82.2 81.5 80.6 80.4 78.9 78.2 77.5 76.8 77.2 76.1 74.3 74.1 74.4 74.4 75.5 76.3 77.6 78.2 78.2 77.7 77.2 77.1 76.5 76.3 76.1 75 74.2 72.7 71.1 70.3 68.4 66.9 64.2 64 61.8 59.7 57.7 56.1 54.1 52.2 50.4 48.6
80.5 81.6 82.6 84 84.5 85.2 86.4 87.3 88.1 89 89.3 90.6 92.1 92.6 92.9 92.8 91.7 91.1 90.3 89 89.3 88.9 88.9 88.8 88.8 89.1 88.7 85.4 84.6 91.1 92.2 94.1 95 93.8 92.8 92.4 91 89.1 87.7 85.6 83 82.3 81.7 81.1 80.2 80.5 79.3 78.3 77.6 76.8 76.2 75.9 75.8 75.3 75.5 76.2 77.4 78.4 79 79.4 79.9 80.2 79.7 78.8 78.9 78.7 78.3 78 76.6 75.3 74.1 72.6 71 69.1 66.7 64.6 63.3 61 59 57 54.9 52.5 50.3 48.5 46.8
81.2 82.4 83.8 85.6 85.5 86.1 87.4 88.3 89.1 89.3 89.8 92 93.4 93.7 93.8 93.8 93.1 92.2 90.8 89 89.5 89.9 90.1 90.1 89.4 89 89.2 87.7 85.3 84.2 85.1 88.6 89.8 89.8 89.3 88.9 87.9 87.1 85.9 83.8 80.4 80.5 80.3 80.3 79 78.6 77.9 77.6 76.9 76.1 75.6 75.7 75.7 77.2 77.7 79 80.5 80.8 80.7 80.9 80.3 80.1 81 81 80.7 81 80.6 80.3 78.1 76.7 74.3 71.7 70.5 68.5 66 64.3 61.5 59.5 57.4 55.5 53.2 50.4 47.8 46.6 45.3
82.2 83.4 84.2 84.1 85.6 87.2 88.4 89.3 89.8 90.8 92.2 94.4 94.6 94.2 94 94.9 94.4 94.3 94.5 94.4 94.9 95.4 92.8 92.6 92.5 92 90.3 89.8 87.5 85.6 84.2 83.1 84 86.3 86.1 85.7 84.5 83.7 82.2 80.3 78.4 77.5 77.2 77.5 76.6 76.7 76.9 76.8 76.2 75.5 75.6 75.6 75.6 77.2 79 80.8 80.9 81 81 81 80.7 80.6 81 81 80.7 80.7 80.1 79.1 76.6 74.3 72 69.7 68 65.9 63.1 60.8 58.3 56.6 54 52 50.6 48.2 45.7 44.2 44.2
83.3 84.7 85.8 86.1 87.1 88.1 89.2 90.9 91.9 93 94.7 96 94.1 94.2 94.9 96 95.9 96.3 96.5 96.6 96.5 96 94.3 94.8 94.6 94.2 92.5 90.2 89.7 87.2 86 83.5 79.8 81.8 83.1 82.4 81.1 79.7 78.2 76.6 75.3 74.5 74.6 74.8 74.3 74.8 75.3 75.8 75.5 75.5 75.6 75.6 75.5 76.8 78.6 80.5 81 81 81 81 81 80.3 81 81 80.5 78.8 77 74.9 72.9 70.9 68.8 66.4 64.8 63.5 60.9 59.2 59.2 56.6 50.4 49 49.3 48.7 46.5 44.5 44.3
84.8 86 87.2 88 89 90.2 91.5 93 93.6 94.6 95.4 95.8 96.2 96 96.6 97.5 97.9 98.2 98.5 98.4 98.3 97.7 96.6 95.7 95.9 96 94.4 91.8 90.5 87.7 86 84.7 81.3 79.5 79.5 79 77.7 76.3 75.6 74.3 73.1 72.2 71.4 70.7 70.6 71.3 72.3 73.6 75.3 75.2 75.1 75.1 75.1 75.8 76.4 78 78.4 79 79.8 79.3 79.4 78.9 78.2 77.6 77 75.4 73.2 70.7 69.3 67.2 65.8 64.2 62.3 60.8 60.8 60.2 59 57 55.2 54.1 51.9 50.3 48.6 46.6 45.6
86.7 87.6 88.9 90 91.4 92.8 94.2 95 95.3 96 96.7 97 97.5 98.7 99.1 98.9 98.9 99.4 99.7 100.3 100.2 99.3 97.7 96.6 95.8 95.8 94 90.8 89.4 86.5 83.7 81.5 79.4 76.6 75.2 75.7 74.7 73.6 73.1 72.1 70.9 70.1 69.3 69 69.1 69 70.2 71.6 73.2 73.7 73.8 74.5 74.6 74.6 75.1 75.6 75.2 74.8 75.8 75.5 75.6 75.5 75.1 74.9 74.4 71.7 69 69.2 67.8 66.4 65.3 63.9 60.1 60.1 60.2 60 61 60.9 59.5 56.6 54.1 51.8 50 48.4 46.4
88.8 90.7 92.2 93 94.4 95.6 96.1 96.9 97.4 97.3 98 98.3 98.5 99.8 99.7 99.6 99.5 99.8 100.3 100.5 100.9 100.3 98.2 96.9 96.4 94.7 92.3 90.1 87.4 84.1 80.9 78.6 76.5 74.1 74.1 73.9 73 71.8 70.7 69.6 69 69 69 69.3 68.9 68.8 69.1 69.7 70.8 72.1 72.4 73.2 72.9 72.8 73.2 73.8 74.2 74.1 73.9 73.4 74.1 74.1 74.3 74.9 74.8 71.6 70.8 68.1 65.8 65 63.4 59.4 59 59.5 60.6 62.8 63.6 61.3 59.3 57.7 55.6 53.6 52 50.2 49
93 94.6 95.8 96.4 97.4 98.6 99 98.8 99.5 99 99.3 99.5 99.8 100.5 100.3 100.3 100.2 100.2 100.5 100.7 100.9 99.3 97.5 96.2 95.2 92 89.2 86.9 84.7 81.1 78.3 75.7 74.1 74.1 73.9 73.2 72.2 71.1 69.4 69.9 70.2 70 69.4 69.1 68.7 68.5 68.8 69.2 69 70.3 71.2 71.2 70.9 71.4 71.7 71.9 73.7 74.1 75.6 78 78.8 81.5 80.8 74.7 71.3 68.5 64.8 66 59.8 61.2 63.6 65.2 65.1 64.7 66.5 66.9 66.2 64.5 60.7 60.6 58.9 56.9 55 53.1 51.6
98.2 98.7 99.5 100 100.6 101.7 102 101.8 101.6 101.9 101.7 101.7 101.6 100.8 100.7 100.7 100.6 100.6 100.6 100.9 100.2 98.3 96.3 94.4 92.7 89.3 86.4 83.8 81.2 79.3 77.4 74.4 74.1 74.1 75.6 74.7 73.7 72 70.2 69.8 70.8 71 69.8 69.1 68.5 68.2 68.5 68.5 68.5 68.8 69.1 69.4 69.5 70.2 70.4 70.6 70.7 74.9 76.1 74.4 75.1 72.5 65.2 63.8 63.3 63.4 63.1 64.3 69.7 71.8 71.3 71.8 71.7 71.1 69.9 70.2 70.1 67.4 65.8 64.2 61.2 58.5 55.9 54.4 53
100.9 101.8 102.9 104 104.7 105.1 105.5 105.5 105.8 105.4 105 104.5 103.6 102.6 100.8 100.9 100.8 100.3 98.9 97.7 97.4 95.7 93.2 89.9 89 88.4 84.1 84.3 81.2 79.4 78.6 77.8 80.2 81 79.8 75.6 74.2 72.6 71.2 70.5 70.1 69 69 68.5 68.2 68 68 67.9 67.9 68.2 68.5 68.7 68.9 68.8 68.1 67.6 66.1 64.9 63.5 63.2 63.1 64.8 62.9 64.6 73.4 77.8 79.2 84.9 88.5 84.6 82.9 82 80.9 78.8 73.8 73.6 70.6 70.2 67.3 64.1 61.9 59.7 55.4 54.1 53
103.4 104.9 106.1 107.2 107.8 108.2 108.4 108.8 108.6 107.4 106.8 106.3 105.5 104.1 102.1 100.5 100.6 99.2 99.7 97.2 94.7 94.9 91.1 89.4 89.3 90.1 90.8 87.6 86.4 84.1 81.2 81 78.7 77.9 75.9 74.1 74 73 71.8 69.7 68.7 68.5 68.6 68.2 68 68 67.9 67.9 67.9 67.9 68.1 68.4 68.9 66.7 64.7 64.5 63.8 64 68.3 74.2 81.9 87.7 95.7 97.3 102.5 102 100 99.2 98.3 96 92.3 87.9 84.4 81.7 78.7 75.1 71.1 68.8 66.9 63.8 60.8 59 56.7 55 53.1
106.4 107.9 109.1 110.1 110.7 110.7 110.8 110.5 110 108.5 107.9 107.9 107.8 106 104.1 104.8 103.4 103.5 103.1 101.1 100.1 95.5 93.1 91 91.1 91.1 90.4 89.7 88 84.8 82.5 79.7 78.1 76.7 74.7 74.2 74.2 74 72.9 71.1 70.1 68.2 68.2 67.9 67.9 67.9 67.9 68 68 67.9 67.9 69 69.6 67.7 66.4 65.4 69.4 88.8 102.3 107.4 111.7 111.9 110 109.7 107.3 104.8 103.9 102.2 99.6 96.8 93.8 89.1 85.8 81.8 78.2 75.1 71.9 67.9 64.5 61.6 59.2 59.8 56.3 54.1 53.5
108.9 110.2 110.9 111.3 112.5 112 111.8 111.1 112.1 111.5 111.8 112 112.1 111.5 109.1 112.5 111.3 108.6 105.6 102.5 99.6 95.2 93.1 93 92.3 92.2 92.1 90.5 89.3 85.6 83 79.5 77.8 76.4 75.2 74.1 74.2 75.1 74.9 72.4 70.8 68.7 68.1 67.9 67.9 67.9 67.9 68 68 68.6 69 70.8 71.2 68.9 69.5 82.6 98 108.1 109.4 110.1 110 109.8 109.2 109.6 107.2 105.5 104.7 104.2 101.2 97.8 94.3 89.7 86.3 82.5 78.7 75.2 72.2 68.5 65.5 61.4 60.1 60.8 58.8 56.8 55.6
111.6 112.3 113.1 113.9 115.9 116.1 116.2 117.8 120.4 122.3 124.2 122 120.2 119.9 118 114.2 115.4 114.3 113.1 109.2 106.9 102.6 101.6 98.1 94.2 93.4 93.9 92.7 89.4 86.4 84.6 81.3 79.3 77.9 76.3 74.2 75.4 74.9 74.2 70.2 68.9 69 69 69 68.8 70.2 71.2 71.3 71.6 72.9 75 76.9 76.2 78.6 99 105.6 106.3 109.5 110.7 110.9 110.5 110.9 110 109 107.4 106.2 105.7 104.5 101.1 96.3 94 89.7 85.7 81.7 79 75.7 72.5 69.7 68.3 66.2 62.6 61.8 61 60.7 58.9
115.7 117.2 120.8 124.3 127 128.9 130.1 130.1 131.5 134.9 138.7 137.3 129.4 125.5 122.1 120 129.3 123.2 125.1 134.3 129.4 121.1 116.6 112.4 107.9 105.1 101.1 97 93.8 88.3 84.1 80.6 79 79.1 79.4 78.7 76.8 74 73.2 71.9 73 75.8 76.7 76.8 76.8 77.4 79 79.4 80.4 80.7 83.2 86.5 86.9 103 107.8 110.6 111.2 111.8 110.9 110.9 110.9 110.5 109.6 108.4 106.3 104.6 103.4 102.1 99.3 95.3 92.7 89.3 84.9 81.1 78.7 75.4 72.3 70.5 69.1 65 64.1 65.1 64 62.8 60.6
128.4 135.4 140.4 143.6 145.9 146.8 145.9 145.9 145.6 144.8 139.3 135.8 133.5 133.3 129.1 128.4 137.8 147 133.2 136.4 153.3 140.6 130 120.9 110.2 102.7 95.2 90.6 85.3 83.9 82.7 83.7 86 88.6 88.4 86.3 83.2 80.5 79.3 79.5 83.5 85 84.4 84.9 86 87.2 89.9 91.7 93.1 95.8 96.8 98.5 101.8 108.7 109 110.7 111.4 111.4 110.6 110 109.2 108.2 107 106.4 105.8 104.7 102.8 100.9 97.4 93.7 90.3 86.2 83.4 79.1 75.2 74.5 71.9 69 68.7 66.5 65.3 65.7 65.7 64.9 61.5
154.4 162.4 169.2 167.2 165.2 161.8 156.8 154.7 151.1 143.8 138.7 142.3 156.1 165.5 164.2 152.4 148.4 166.9 148.1 135.3 133.9 131.1 117.3 108.4 100.3 93 89 87.2 87.9 92.2 94.1 96.4 95.3 97 99.6 99.1 96.9 97 95.9 96.6 100.7 102.9 101.3 99.1 99.3 99.4 99.9 103.1 104 106 105.7 106.8 109.5 110.5 110.6 111.1 111 110.9 109.1 107.5 106.4 105.5 104.4 104.4 103.3 101.3 99.1 96.7 93.5 90.5 86.8 83.9 81.7 79.2 75.6 73.5 71.5 70.4 70.5 69.6 67.9 67.6 67.1 65.3 64.2
167.8 179.9 175.4 173.3 168.5 161.9 154.6 149.1 146.3 141 143.7 156.2 164.3 176.1 184.7 181.7 166.9 164.1 149.2 136.7 123.2 114.9 109.4 104 96.1 93.6 97 111.8 119.9 121 118.2 117.7 111.8 107.8 108.9 109.4 109.1 108.9 110.8 116.6 115.5 114.9 113.2 115.1 115.2 115.9 117.3 116.8 116 115.3 115.3 115.2 114.8 112.8 111.4 111 110.4 108.9 106.9 105.5 104.1 102.7 101.9 100.8 99.5 97.3 95.6 93.7 91.4 88.2 85 82.5 80.5 78.3 76.1 74.6 73.7 72.9 72.5 71.8 69 69.2 69.4 67.1 67.6
159 168.3 169.3 166.2 162.4 158.3 152.4 150.3 140.8 142.1 153.7 162.2 166.5 171.9 176.7 171.7 164.1 149 139.6 131.1 129 125.8 120.2 118.3 110 120 121.6 126.5 131.6 131 129.7 130.4 123 120.6 119.6 119.9 121.2 122.7 125.6 126.7 126.9 126.9 126.5 127.3 127.4 126.8 123.5 122.2 121.3 120.2 117.5 115.9 114.2 111.4 110.7 109.6 107.7 106.2 104.6 103.2 101.8 100.4 99.1 97.7 96.5 94.7 92.9 91.1 88.6 85.8 83.6 81.2 79.3 77.9 75.7 76 74.7 74.3 74.3 73.2 72.2 71.4 70.4 69.5 70.9
150 156.9 161.4 157 153.5 149.8 143.8 140.7 139.9 148 155.4 159.8 164.5 160.4 159.5 154.5 148.1 144.2 138.2 137.1 141.5 136.4 125.2 119.4 117.8 121.4 125.9 130.4 135.1 139.7 142.5 146 144.1 142.4 150.1 155.9 162.2 159.9 155.4 151.3 142 140.4 139.4 138.9 133.9 128.5 124.1 120.8 119.8 117.3 114.4 112.9 110.2 109.1 107.5 106.4 105 104.1 102.6 100.8 99.4 98.1 96.8 95.4 94.1 91.9 90.3 88.5 86.3 84 82.5 81.5 79.9 78.4 78 77.5 76.4 76.2 76.1 75.9 75.4 73.7 71.8 70.5 71
