webserver/python/data/NT60.asc
ncols 200
nrows 200
xllcorner 360000
yllcorner 600000
cellsize 50
[rows 0 to 34 of 200, columns 78 to 155 of 200]
223.6 222.5 220.4 216.4 211.7 208.3 205.6 201.5 198.9 196.6 192.3 189.9 190.1 188.7 187.8 185.9 184.7 183.5 180.4 177.6 175.5 176.6 180.5 185.9 190.2 191.8 195.7 195.7 196.1 195 192.4 191.1 189.1 186.2 183.3 181.5 180.7 174.4 174.7 174.1 172 170.2 166.1 161 166.2 170.8 175.4 179.9 183.9 191.5 199.2 209 213.4 216.8 219.3 219.5 216.9 214.9 213.7 210.6 206 201.3 195.5 191.2 185.9 182.2 184.3 188 191.5 195 198.3 203.1 207.3 213.1 221.2 225.8 231.3 234.1
229.6 228.3 223.9 219.5 215.4 211 207.6 204.4 201.9 197.9 193.8 192.7 193.3 193.2 191.8 190.4 190.8 190.7 190.3 190.3 185.5 184.3 189.8 193.7 196.2 198.8 200.9 202.2 201.9 199.3 195.7 192.5 190 187.5 184 181.9 179.8 176.1 180 178.9 175.7 171.4 166.7 163.3 165.8 169.9 175.3 182 187.5 193.4 201.6 210.6 214.7 219.1 222 224.9 224.2 225.2 227 224.2 217.1 209.3 204.1 198.6 189.2 188.2 190.9 195 199.2 201.1 205.4 209.2 213.7 220.2 229.2 234.8 240.5 240.8
235.3 231.8 226.9 221.3 217.7 212.9 210.3 207.7 204.1 199.3 198.5 197.5 197.6 198.6 196.9 196.2 195.1 194.9 194.7 194.2 190.2 188.4 194.4 201.1 203.5 204.9 205.7 206.6 204.8 202.1 197.2 194 190.9 187.4 185.8 182.4 179.8 182.3 183.7 182.6 177.8 174 170.3 165.6 165.9 169 177 183.8 190.9 197.1 203.2 212.4 217.5 222.1 227.1 230 231.7 235.9 241.3 238.9 229.4 218 210.2 201.6 189.8 195.1 198.1 205.7 209.1 210.3 216.6 221.1 228.5 231.8 237.5 243.3 246.7 247.8
239.2 234.4 229.3 223.9 220.2 216.7 213.7 209.9 206.1 202.5 201.9 201.9 201.7 202.7 201.5 200.4 198.9 198.8 198.6 198.1 191.6 194.4 199.6 205.2 207.6 208.7 209.2 209.4 207 203.2 198.9 195.9 192.2 187.9 185.3 181.9 184.1 186.9 187.8 185.1 179.9 174.4 170.8 170.9 164.6 169.2 178.1 187.1 195 203.6 212.1 217 222 226.7 231.2 235.4 241.2 248.5 249.8 249.2 236.1 224 213.5 202.8 196.8 201.2 207.2 216.1 221 225.5 233.1 240.5 243.6 244.3 245.7 249.3 253.5 254
242.7 237.3 231.8 227.3 222.9 220.6 216.7 209.4 207.4 207.3 207.3 207.7 207.3 206.6 205.6 204.9 202.9 202.4 202.4 202 196.2 196.3 202.2 208.1 211 212.5 212.6 212.3 207.6 206.3 201 196.6 192 187.8 184.6 186.2 188.4 191.2 191.4 188.3 181.2 176.2 171.6 175.2 175.1 168.1 177.9 187.4 195.3 203.6 215.2 221.8 226.8 232.1 237 240 247.9 253.2 254.3 247.2 236.2 225.4 216.2 207.1 206.6 211.1 222.7 232 235.4 243.8 255.1 258.2 253.6 251.9 255.1 257.2 259.2 258.7
245.7 239.1 235.2 231.1 228.5 223.5 218.1 214.1 209.8 210.8 214.3 214.6 214.5 214.1 211.2 208.8 206.8 206 205.9 205.3 202.4 204.4 207.8 213.3 214.9 215.3 215.8 213.3 210.9 208.7 202.9 196.8 190.4 187.5 188.6 190.5 189.7 187.8 186.7 181 177.7 175.9 180.5 182.9 184 178.9 173.8 191.3 198.9 207.9 219.1 227.3 231.7 236.3 241.8 247.2 253 255.8 253.8 246.1 234.2 226.3 217.4 214.3 215.7 222.2 234 244.8 251.9 261.8 268.4 264.7 258 258.6 259.8 261.7 262.9 261.6
250.4 244.5 241.9 237.5 233.2 227.5 222.1 217.7 216.2 216.5 220.2 220.5 220.6 219.9 218.1 215.3 211.5 209.5 209 208.4 207.8 211.6 215.5 217.4 218.4 218.7 216.7 215.9 213.1 208.9 203.1 196.3 191.2 191.6 192.5 191 185 184.1 184.2 187.7 185.2 190.1 190.8 190.4 189.2 174.2 183 195 201.8 212.3 224.3 228.9 233.5 240.6 245.7 249.3 251.7 251.1 245.3 235.7 226.5 222.5 218.8 220.6 227.8 235.1 251.2 260.7 270.6 276 279.4 269.4 263.5 263.1 263.6 265.1 266.2 264
255 251.2 247.1 242.3 236.6 230.1 227.2 223.1 222.8 222.5 222 222.2 222.4 222 221.1 220.5 219.2 216 213.4 212.9 213.9 217.3 220.1 221.3 221.4 220.4 218.7 217.2 214.1 209 202.7 198.6 194.7 195.4 193.1 188.7 196.7 197.9 193.9 189.7 192.8 196.9 196.6 194.3 189.3 174.5 190.4 198.1 204.8 213.9 222.2 227.4 233.8 242.7 247.2 248 245.8 238.3 228.1 220.7 222.4 222.4 224.1 235.2 246 247.2 258.5 266.5 274.9 285.7 282.2 270.6 265.5 264.7 260.3 252.1 250.9 249.1
259.7 256 250.6 245 239.6 237.3 230.1 227.1 226.2 226.1 225.8 224.9 224.1 223.2 222.5 222.4 221.9 220.5 218.6 217.2 218 221.1 223.3 223.9 223.5 222.3 220.7 217.9 214.5 209.7 204 197.1 194.2 193.3 191.8 200.1 203.1 203 199.1 190.5 198.9 202.1 200.5 199.1 193.1 177 189.5 199.1 206.8 214.2 219 223 232.2 238.9 243.1 241.8 236.4 225.9 219.1 219.5 222.2 223.3 232.6 252.7 254.5 258.7 268.5 274.7 285.3 292.3 277.5 263.5 253.7 243.5 239.3 234.1 233 230.8
264.8 259.7 255 250 244.2 239.6 236.2 232.7 230.4 230.2 229.6 228.4 227.2 226.2 225.2 224.3 224 222.9 222.2 221.1 221.3 224.2 225.7 226.2 225.7 223.5 221.8 219.4 215.2 209 204.7 198.6 194.1 197.5 202.1 206.8 207.2 206 199.5 197.3 204.1 205.9 206.1 202.1 196.4 180.8 180.9 196.4 206.4 210.5 212.4 213.5 223.4 229.2 229.7 225.7 218.4 214.2 212.9 214.8 221.1 227.5 245.1 259.3 261.7 266.5 277.1 285 299 287.2 259.2 245.3 234.9 229.3 225.6 223.2 223.2 222.5
269 263.1 258.5 253.4 249.6 244.5 241.8 238.9 236.8 235.1 233.8 232.6 231.5 230.5 229.5 228.5 227.5 226.1 225.4 224.4 225 226.5 227.6 228.2 227.7 226 223.7 219 215.1 209.4 201.9 197.2 202.7 208.6 209.9 210.5 207.6 203.9 199.2 204.6 208.7 209.5 207.9 203.5 201.8 186.6 176.6 186.4 193.5 196.6 199.1 202.3 206.3 209.7 210 209.9 205.2 204.6 204.9 211.6 220.2 232.1 252 264.3 269.4 278.2 287 294 287.3 264.3 241.1 231.1 224.7 221.8 219 217.8 218.6 219.9
271.2 265.7 261 256 252.5 248.8 245.6 243.4 242.2 241.3 240.2 237.4 236.3 235 233.9 233 231.8 230.1 228.6 227.8 228.8 229.7 230.3 230.8 229.6 228.1 223.7 219 214.9 207.9 200.2 198.6 209.3 213.4 214.2 214.8 211.5 203.7 205.3 208.8 210.5 213 211.2 208.9 206.9 197.2 184.9 177 180.9 186.8 189.2 190.2 191.9 195.3 194.3 190.8 194.6 194.8 199.9 206.8 220.7 239.9 256 267.8 277 286.8 294 287.7 265.7 241.8 229.5 222.6 217.9 215.4 213.4 214.9 217.6 221
271.5 267.1 262.9 258.7 255 251.7 250 248 246.6 245.7 244.5 243.6 242.7 241.2 239.7 237.9 235.6 233.9 232.3 231.5 232 232.6 232.3 231.7 230.8 229.3 225.6 220.2 213.9 209.1 201 208.9 214.5 218.6 217.7 217.5 212.7 204.5 209.6 213.7 215.5 216.5 215.4 213.5 209.5 203.6 197.3 189.5 180.2 180.3 181.2 182.1 184.7 186.1 185.2 186.4 187.7 188.6 192.7 206.3 225.4 244.9 264 278.3 283.6 290.1 293.4 271.1 247.2 229 222.3 215.5 211 210 211.9 214 218.4 222
270.2 266 262.3 259.3 256.6 254.1 252.3 251.3 250.6 249.6 248.5 247.4 247.6 245.8 243.1 240.5 238.1 236.4 235.4 235.6 236 235.9 235.9 234 231.8 230.5 226.6 221.6 216.4 211.8 201.3 213.7 221.8 223.7 222.1 218.2 213.2 208.9 212.8 216.4 218.8 220.9 218.9 215.6 209.8 205.1 200.5 194.1 187 188.3 191 191.1 187.8 186.6 187.8 189.7 190 189.3 189.6 203.4 227 251.1 272.2 280.1 280.5 274.2 265.1 246.4 229.4 220.1 214.1 211.1 208.4 210.2 212.6 214.3 216.9 223.4
266.8 264.2 262.5 260.2 257.7 256 254.2 253.7 253.4 252.6 251.7 250.9 249.7 247.3 245.5 243 240.5 239.1 238.7 239.5 238.7 239.1 237.6 235.8 233.4 230.9 226.2 220.7 214.5 209.4 210.6 220.6 224.1 225.8 225 220.2 212.8 211.6 216.5 220.7 222.9 224.3 221 216.3 210.5 206.2 201.7 194 186.2 193.1 195.9 197.7 198 195.5 197.1 197.2 197.6 198.4 191.4 198.6 225.4 253.2 269.5 260.9 251.4 244 235.2 228.9 216.6 210.7 208.4 209.2 210.6 215.4 218.2 220.9 216.6 224
261.1 261.2 260.8 260.2 258.5 257.7 256.9 256.4 256.1 255.4 254.6 253.7 251.7 250.1 248.3 245.2 242.7 241.8 240.9 241.8 241.3 240.8 239.4 237.5 235.2 233.1 226.3 218.3 209.5 207.1 219.2 224 227.4 229.7 226 220.7 215.5 216.6 221.2 223.9 224.9 224.4 221.6 216 210.3 204.3 199.2 192.5 187.4 195.7 198.2 201.4 203.7 203.9 205 204.9 206.4 206.4 195.1 192.3 210.3 229.4 234.4 230.8 221.4 221.6 217.6 210.7 208.2 207.1 207.7 211.6 216.2 221.3 223.2 224.5 224.6 219.8
256.3 257.2 257.5 257.8 257.4 256.1 256.4 257.3 258.3 258.2 257.6 256.2 253.8 252 249.4 247.9 246.3 245 244 243.9 243.8 242.6 240.8 238.2 235.2 232.2 225.2 212.6 210.3 223.4 227.9 228.4 230.7 230.5 227.5 220.6 216.8 218.9 223.6 224.9 226 224.1 221.3 215.1 208.9 202.8 196 190.6 192 196.6 200.1 204 207.2 211.5 213 213.7 216.9 218.2 203.5 197.4 194.6 200.1 203.4 205.8 206.6 203.9 203 204.8 205.1 205.7 211.6 218.7 223.4 226.9 228.3 229.8 231.3 228.8
251.5 252.8 254.3 255.7 255.4 255.7 256.5 257.4 258.7 259.9 259.6 258.3 256.2 253.8 251.2 249.5 248.6 247.6 246.6 246 245.5 243.9 242 238.4 234.9 230.6 221.2 209.9 220.4 230.4 232.1 232.7 233.1 231.2 229.4 225.4 222.4 220.2 223.3 225.2 226.4 224.7 219.9 213.6 208 202.2 194.9 190.2 195.1 198.1 202.2 207.4 211.4 217.6 221.7 222.8 227.9 229.4 211.9 203.6 197.9 197.6 197.4 199.2 199.6 201.3 202.9 203.5 208 213.5 222.4 229.2 233.3 233.8 233.4 233.8 234.9 231.9
244.5 248.6 250.6 252.1 254.1 255.6 256.6 257.4 259 260.6 260.3 258.5 256.4 253.6 251.3 250.4 250.4 249.5 248.6 247.9 247 245.3 242.4 238.8 234.1 228.4 221.7 208.7 225.1 234.7 235.8 236.3 236.4 234.4 231.5 229.7 227.9 225 225.3 226.7 226.4 225.1 220 212.6 204.9 199 193.2 193 196 199.2 203.5 209.7 217.2 223.6 229 230.5 238.5 237.8 223.7 216.4 210.8 206.7 204 203.7 203.7 208.6 211.1 208.3 215.8 229.1 235.8 240 240.6 239.1 237.8 238.1 239 240.9
237.9 241.1 245.2 248.4 251 252.8 254.1 255.6 257.6 258.6 258.6 257.5 255.7 253.7 252.8 251.9 252 250.7 250.1 249.5 248.2 245.4 242.4 238.9 234.5 228.7 220.3 211.5 229.6 238.2 238.4 239.9 239.8 238.7 235.7 233.7 231.7 230.9 228.4 227 228.1 225.6 220.6 211.5 202.6 197 196.4 195.9 197.5 200.4 206.4 212.8 221.1 228.6 235.6 241.4 244.3 242.6 233.6 226.5 223 222 219.4 218.7 217.9 224.3 221.8 215.1 234.3 242.2 245.3 247.3 243.8 240.9 239.6 242.1 243.6 244.4
233.1 236 239 243.2 247.3 249.6 250.6 252.3 254.3 255.3 255.9 256 254.9 253.8 252.6 251.8 251.7 251.8 251.2 250 248.7 246.3 243.4 239 235 229.2 219.2 222.6 235.7 241.8 241.9 242.9 242.8 241.5 240.3 237.7 235.3 233.7 232 229.1 228 225.5 217.8 208.7 200.2 199.8 198.8 198.9 198.9 202.6 208.9 217 225.7 234.6 241.9 248.2 250.8 251 249.4 247.2 237.2 234.8 236.6 232.3 234 241.9 226.7 222.6 241.1 247 249.7 250.8 245.5 241.8 244.5 247 248.4 249
228.1 231.4 234.9 237.7 241.8 244.2 246.3 248.7 250.5 251.5 252.4 253.2 253.7 253.1 252.1 251.6 251.4 251.3 249.8 250 249.3 247.8 244.9 240.2 235.5 229.6 218.9 232.1 241.9 245.2 246.8 246.7 246.5 245.2 243.9 241.8 239.1 237.9 235.1 231.8 226.4 221.6 212.7 206.5 205.7 204.3 203.2 202 202 203.8 212.2 222.1 232.8 242.9 248.5 253.5 257.3 258.5 258.6 257.1 254.9 256.3 253.5 242.2 240.9 242 225.2 223.3 237.2 244 248.3 250 247.7 248.8 250.1 250.8 251.4 251.9
224 227.3 230.8 233.6 236.3 239.1 241.9 243.7 245.5 247.4 249.1 250.4 251.6 252.1 250.6 250.7 250.8 250.6 249.8 249.3 249.6 248.4 245 241 236 230.2 220.4 239.1 245.8 248.1 251.1 251.5 250.6 248.6 247.3 245.7 243.9 240.5 236.3 230.1 226.2 219.4 213.2 211.3 210.9 210.3 208.5 205.5 206.8 207.3 214.3 226.1 235 248.7 254.5 260.7 261.3 262.8 263.4 263 262.5 264.1 257.3 248.9 240.6 232.1 223.1 230.1 234.6 237.6 245.9 248.9 250.6 251.9 253.3 254.1 254.8 253.9
219.9 224 227.7 229.6 231.9 234.7 237.5 239.2 241 242.8 244.7 246.6 248.1 249.5 249.7 249.8 250 249.9 249.2 249.2 249.4 248.9 245.8 241.8 234.8 227.1 232.1 249.5 250.5 253.3 255.9 256.8 255.9 253.3 250.6 249 247.2 243 237.9 231.8 226 220.1 216.7 216.3 216.2 216.1 215.7 212 213.4 213.7 212.4 225.9 238 252.8 261.4 263.3 264.5 265.9 266.4 266.2 265.3 262.8 258.2 253.3 243.7 231.8 227.7 231.8 237.4 243 248.6 253.2 254 254.6 256.1 257.2 257.2 256.6
216.8 220.6 223.8 226.4 228.3 230.4 233.2 234.7 236.2 237.8 239.8 241.8 243.8 245.1 246.1 247 247.8 248.7 249.5 249.5 249.8 249.6 246.3 241.8 232.5 226 241.5 253.3 254.9 258.3 261.9 262.8 261.4 259 255.8 252.2 249.8 245.5 239.1 232.7 226.8 222.9 223.6 221.9 222.2 222.6 223.1 220.3 221 223.1 221.7 224.5 239.1 255.4 261.2 263.4 266.2 267.2 267.5 267.5 267.2 264.8 262 255.8 247.4 236.2 229.2 238.5 242.8 247.9 253.5 255.4 256.6 257.6 259.1 260.1 259.4 259.1
213.6 217.6 221.3 223.2 224.6 227.3 229.3 229.8 230.9 232.5 234.6 236.8 238.7 240.4 241.5 242.4 243.3 245.3 248.1 249.8 250.6 249.3 246 241.7 230.2 230.8 241.3 251.4 256.6 262.2 266.6 268.9 266.4 262.6 259.7 257.1 252.3 246.8 240.2 234.1 229.5 229.2 229.3 228 226.8 227.9 228.5 224.1 228 231.7 231.3 230 233.9 248.6 258.1 262.1 267.3 268.5 269.5 269.8 268.7 266.8 263 255.3 247.9 237 235.1 242.7 247.2 251.6 254.2 257.3 259.4 260.7 262.1 262.5 262.7 262.1
212.3 215.5 217 218.6 220.9 222.5 222.4 223.1 225.8 227.6 229.7 231.8 233.7 235.7 237.2 238.8 240.3 243.6 247 249.5 249.8 248.2 245.3 241.2 229.9 234.5 243 250.6 258.5 264.1 268.5 271.2 269.3 265 263 261.6 256.3 249 241.9 236.7 234.4 235.2 234.6 234.7 236.1 236.4 234.5 230.4 234.1 239.7 241.5 243.4 244.8 248.3 258.6 265.8 269.8 271.6 272.5 271.6 269.6 268.4 263.8 258.5 250.3 241.6 242.1 248.1 251.8 255.6 257.9 260 262.1 263.2 264.8 265.5 265.2 265.2
209.8 209.3 210.5 210.6 211.3 212.7 209.8 209.2 214.7 220.8 225.5 227.2 228.8 230.8 232.2 234.8 238.8 241.8 245.3 247.2 247.8 245.8 243 240 230.8 238.4 245.6 252.8 259.6 264.9 267.8 270.1 270.1 268 267 264.8 258.8 251.5 245.8 241 240.3 239.8 238.9 239.7 241.2 243.1 241.5 238.6 240.9 247.3 253 256.6 258.1 262.7 267.8 271.9 274.2 275 274.8 273.1 271.5 269.9 266.3 260.9 251.7 240 247.6 252.2 255.8 259.4 261.5 262.9 264.2 265.2 266.2 267.6 267.4 267.8
199.4 205.3 202.5 204.9 207.4 204.1 203 204.9 207.3 208.6 216.9 222.1 224.8 226.6 228.9 232.3 236.5 240 242.6 243.9 243.8 242.3 240.3 235.9 233.2 239 246.2 254.4 260.5 264.1 266.8 269 269.8 269.8 269.2 266.3 260.9 254.2 248.8 244.8 244.6 244.4 244.3 245.6 246.8 247.7 246 244.6 248.6 254.6 259.5 264.1 267 270.5 274.2 277 277.8 277.6 276.6 276.4 275 272.6 267.8 262.5 253.8 243 251.9 256.3 259.9 263.1 264.7 265.5 266.8 266.7 268.2 269.4 269.7 270.6
205.6 209.1 211.5 213 213.2 211.5 207.8 204.2 205.2 207 207.8 217.4 220.2 222.1 226.8 230.3 233.5 237.2 239.3 240.6 239.5 238.9 237.3 232.5 237.5 242.5 247.6 253.3 260.4 263.1 265.4 268 269.7 269.6 269.5 266.6 262.5 256.9 250.8 249.8 249.7 249.8 250.5 252 254 254.3 251.2 251 256.7 261.8 266.2 269.6 272.9 276.1 278.5 280.1 281.9 281.3 281.6 280.3 278.1 275.9 272 264.4 254.9 248.9 256 260.4 264 266.1 267.8 268.5 269.5 268.5 270.2 271.9 272 272.5
206.2 210.1 213.7 215.3 215.9 215.7 214.2 213.4 210.8 204.8 205.9 209.7 217.3 221.4 225.7 228.6 231.2 233.5 235.8 237.7 236.5 235.9 232.6 235.6 240.2 244 249.3 254.2 258 262 264.6 267.2 269.1 269.7 269.3 267.9 263.5 258.6 252.8 254 255.2 255.9 257.3 259.1 260.5 260.6 257.9 259.1 264.6 269.9 273.2 275.8 279.6 282.1 283.7 284.8 285.3 285.6 285.8 285.2 282.3 279.1 275.9 268.3 258 250.5 259.3 264.4 267.7 269.8 271.1 272.2 272.2 272.9 273.4 274.4 274.8 273.5
206.9 211.5 215.6 217.4 217.6 217.5 217.5 217.4 217.1 209.1 205.1 208.2 216.3 220.5 224.1 226.8 229.3 231.3 233.4 234 235.6 233.8 232.6 236.6 239.5 243.8 250 254.5 257.6 260.9 263.7 266.3 268.2 269 269 267.5 266 261.9 255.9 259.2 260.4 260 261.8 265.3 267.1 266.2 263.5 266.5 269.8 273.8 278 281.5 285 286.4 287.9 288.7 289.5 289.8 290.1 289.1 286.5 283.3 279.1 272.5 262.6 254.9 254.4 266.2 271.2 273.3 274.9 275.1 274.6 274.1 275.2 277.2 278.8 278.6
207.8 214.1 217.2 218.8 219.1 219 219 218.1 216.7 211.2 205.9 206.3 207.9 218.8 222.3 225 226.2 228.9 231.5 232 232.8 231.7 232.3 235.7 239.6 244 249.4 253.8 257 260.2 263 265.3 267.2 268.5 269.5 267.7 267 263.5 261.5 264.8 266.2 266.1 267.8 270.8 272.5 270.8 269.3 272.2 275 278.5 282.6 286.4 287.3 288.8 290.7 291.5 292.8 294 294.4 292.3 289.7 286.4 281.3 276 268.5 262.2 260.9 269.9 274.1 276.5 278.3 276.8 276.8 277.3 279.4 280.7 282.5 282.7
210.2 216.3 218.6 220 219.7 219.8 219.5 218.1 216.4 213.8 214.6 209.1 210.4 209.4 218.7 221.9 223.6 226.4 228.6 229.8 229.7 228.9 231.7 235.2 238.9 242.9 247.9 252.6 256.3 259.6 261.8 264.1 266.5 268.8 270 269.3 268.1 266.1 268 269.7 270.5 271 273.9 276.5 276.5 273.6 274.3 276.8 280.1 283.1 285.8 287.6 289.2 291.2 292.9 294.5 295.7 297 297.3 295.2 292.1 288.1 283.1 277.2 271.1 264.4 262.5 271.8 276.5 279.2 279.9 280.4 282.2 283.2 283.9 285.8 287.5 285.6
213.7 217.5 220.4 220.3 220 219.5 218.6 217.2 214.9 215.5 216 216.1 215.7 210.4 212.8 218 219.8 221.6 224 225.8 225 227 230.7 234.4 238.2 241.7 246.1 250.7 255.4 258.2 261.1 264.1 267.1 269.5 270.3 270.3 270.6 270.8 270.8 272.7 273 273.8 276.2 278.2 278.8 278.1 279.1 281 283 285.1 287.3 289.8 291.6 293.6 294.4 296.3 298.4 299.3 300 297 293.2 289 284.9 281.3 274.3 268.3 265.6 273.9 278.5 281.3 283.1 285.2 287 288.7 289.5 290.5 291.5 289.3
