webserver/python/data/NT64.asc
ncols 200
nrows 200
xllcorner 360000
yllcorner 640000
cellsize 50
[rows 140 to 174 of 200, columns 0 to 77 of 200]
170.2 170.8 170.7 171.4 172.3 173.8 177.6 181 186.4 194 201.5 210 220 226.1 230.9 231.3 229.3 227.3 225.1 221 216.4 211.8 208.4 205.5 202.2 198.6 194.8 191.5 189.7 188.7 186.9 185.2 183.8 182.9 182.1 181.2 180.3 179.6 179.3 177.7 176.4 176.6 175.8 175 174.4 174.5 173.9 173.2 172.4 171.9 171.3 169.6 168.3 167.2 166.6 165.5 164.4 162.7 159.8 158.6 157.4 155.8 152.3 149.4 148.1 146 147 148.9 148.2 144 146 143.3 141.8 142.5 141.1 142.3 141.7 141.4
180.5 180.4 179.4 179.5 179.5 178.5 179.1 183.2 185.4 192.1 199.7 207.4 214.9 218.8 221.8 223.2 221.3 219.4 217.4 213.6 210.2 206.9 204.5 201.5 197.4 194.2 190.5 187.9 185.4 185.5 185 183.6 182.5 181.4 180.4 179.3 178.2 178.1 178.9 175.9 174.5 174.6 173.8 172.7 171.7 171.2 170.1 169 167.8 167.6 167.1 165.6 163.9 163.1 162.5 162.3 161.1 159.7 159 158.7 157.6 152.7 148.2 147.3 145.9 145.7 149.3 149.2 144.8 142.5 144 143.2 141.9 141.4 140.5 140.2 140.4 140.3
186.2 185.4 184.2 183.5 182.8 180.9 179.3 182.2 183.2 186.8 193.7 201.5 208 211.9 212.8 214.9 213.3 211.4 209.5 206.5 203.6 201.7 200 196.3 192.4 190.8 189.2 186.7 183.5 183.3 182.8 181.5 179.9 178.4 177.4 176.7 175 175.1 173.6 172.6 171.8 172.7 170.4 169.9 168.2 167.3 165.8 164.8 163.6 162.1 162.8 161.5 162 161.4 160.8 160.1 159.2 157.7 157.7 157.2 153.3 147.8 145.1 145.5 145.9 145.4 145.3 146 142 140.4 142.6 142.7 140.7 140.1 139.9 139.9 139.7 139.4
188.5 187.1 186.2 186.5 187.7 186 181.8 180.1 181.9 182.1 187.2 195 200.8 204.5 205.6 206.3 205.2 203.3 202 200.2 197.7 196.1 194.6 190.9 189.7 188.7 187.2 185.4 182 181.4 180.1 178.9 176.3 175.2 174.7 174.2 172.1 171 169.7 168.9 168.2 167.3 166.9 166.8 164.6 163.6 161.9 160.2 159.2 157.9 157.3 158.3 158.5 157.7 157.4 156.5 155.4 154.8 154.2 152.5 146.8 144.6 143.8 143.6 142 141.8 140.9 142.6 141.1 140 141.1 138.8 139.2 139.5 139.8 140 139.7 139.3
189.6 188.1 186.8 187.4 187.9 187 184.9 179.1 179.4 179.6 183 186.8 194.4 197.9 198.4 198.8 198.4 197.3 196.2 194.5 192.4 191.5 190.2 188.1 187.7 185.8 184.3 182.3 180 179 178.1 176.9 176.2 172.9 173 171.2 169.7 167.5 166.2 165.5 164.9 163.6 166.5 163.3 162.1 160 158.4 157.1 155.9 156.1 154.5 154.8 154 154.2 154.4 152.8 152.1 151.6 150.4 146.8 142.1 142.5 142.3 142.5 141.4 139.1 138.7 138.8 138.9 138.8 139.3 137.9 138.4 138.7 139 139.3 139.7 139.4
191.7 190.4 188.1 186.1 184.3 183.9 183.5 181.1 175.5 173.8 177.3 180 184.7 192.6 194.6 193.8 192.8 191.8 190.8 189.4 187.5 187.7 186.4 184.8 183.8 182 180.1 178.3 178.7 177.9 176.1 174.3 173.1 171.8 170.4 169.4 167.3 166.1 165.1 163.7 162.8 160.7 161.1 160.7 159.8 157.5 155.7 154.3 154 154 154.1 153.3 153.3 153.3 151.7 149.7 147.2 146.5 143.1 140.2 139.4 139.2 139.8 142.1 139.1 138.5 138.7 138.5 138.6 139.1 139.8 137.8 137.6 137.9 138.2 138.6 139 139.4
192.5 191.5 190.2 186.7 183.5 181.6 180.1 176 171.4 169.1 171 173.3 175 184.6 189.4 188.8 187.6 186.9 186.3 184.7 183.4 182.7 183.5 181.9 180.3 178.9 176.7 176.5 176 175.4 173.6 171.4 170.4 169.8 167.7 167 166.1 164.9 164.1 162.3 160.8 158.9 159.3 156.7 157.8 155 154.8 153.5 153.1 153 151.5 150.7 150.6 149.4 145.1 142.7 140.7 139.9 139.2 140 140.6 142 140.1 138.7 138.7 137.9 139.2 137.6 137.7 137.9 138.4 137.1 137.5 137.8 138 138.1 138.4 137.7
190.2 189.2 188 185.9 183 180.8 179.2 176.7 172.4 167.3 166 167.1 169.1 173.1 180.8 182.7 182.7 182.8 181.9 180.4 180.4 180.7 180.7 179.1 177.7 176.2 176.5 174.2 173.5 172.9 171.6 169.4 168.1 166.3 165.2 164.1 163.4 162.9 162.2 162.1 160.1 158.9 158.2 155.2 154.9 152.5 151.9 152.2 151.3 150.1 149.3 146.7 144.9 141.3 139.2 138.3 138.1 138.1 137.9 138.2 139 138.6 137.9 137.4 137.1 136.8 137.3 137.6 138.3 137.6 137.1 137 137.4 137.9 138.1 138.5 136.9 137.1
189.5 188.5 186.6 184.7 182.9 181.9 180.8 178.2 173.5 168.5 163.8 160.5 160.8 163.7 172.2 175.8 180.4 180.7 181.1 178.2 176.9 175.2 177.9 177 176.2 175.9 174.5 172.3 171 169.4 168.2 166.8 164.2 161.7 160.5 160.4 159.7 160.4 159.6 160.5 158.9 156.3 154.8 151.5 151.2 150.1 147.1 146.8 149.3 149.3 147 143.5 140.5 138.5 138.2 137.5 137.1 137.4 137.4 136.3 137.1 137 136.9 136.6 136.1 135.7 136.6 137.2 138.1 137.3 136.8 137.2 137.6 138 138 137.5 136.7 137
189.8 188.8 186.8 184.7 181.5 178.9 176.1 174.2 172.8 170.1 165.4 160.4 158.1 158.1 162.7 167.7 173 175.4 175.6 175.7 175.2 171.7 171.6 172.4 171.5 172 171.3 169.6 167.7 165.6 163.9 161.7 162.6 162.6 159.2 157.3 156.8 156.3 156.4 156.9 155 152 149.9 147.6 145.4 143.5 142.9 142.3 141.2 140.8 140.4 139.6 137.8 137.8 137.9 137.4 136.9 137.1 137.2 136.8 136.9 136.8 136.6 136.4 136.1 135.8 136.3 136.8 137.5 136.9 137.3 137.5 137.4 137.4 137.6 137 136.5 136.7
189.6 188.2 185.1 182.1 178 174.5 171.8 170.1 167.6 164.9 162.5 160.3 158.2 156 155.5 156.2 157.8 163.4 168.8 169.9 168.9 169.2 167 163.2 166.1 167.1 166.5 165.4 163.8 162.8 162.8 163.4 163.9 163.3 161.5 158.5 157.4 156.4 154.7 152.5 150.7 147.7 145.3 144 143 142 140.1 139.5 138.9 138.8 138.3 137.8 137.4 137.5 137.7 137.2 136.8 137 137.1 137 136.8 136.5 136.3 136.1 136 136 136.2 136.6 137.1 136.8 136.7 136.7 136.7 136.6 137.2 136.7 136.4 136.4
189.5 186.7 182.7 178.9 175.1 171.6 169.6 168.5 166.5 166.1 163.3 160 158.4 153.5 152.6 153.7 149.5 152.2 155.7 161.6 164.2 164.6 160.4 161.5 158.4 160.2 159.6 160.1 159.1 160.6 161.3 160.8 161.1 162.1 160.5 159.3 158.2 153.1 150.8 148.4 147.4 144.8 143.1 142.2 141.2 140.6 140 139.9 138.1 138 138 138.5 136.9 137.4 137.4 137 136.7 136.8 136.8 136.7 136 136.3 136.4 136.4 136.5 136.3 136.2 136.7 137 136.9 136.4 136.3 136.4 136.4 136.3 136.3 136.3 136.3
188.4 185 181.1 177.4 173.5 170.7 169.2 167.9 169.4 168 165.9 164.4 160.1 157.1 154.7 151.8 149 145.7 145.7 148.5 152.2 156.6 158.9 160 154.9 150.8 152.8 155.6 157.7 158 157.2 155.9 155.3 156.9 156.7 157 153.6 148.9 147.1 147.4 145.7 143.7 142.6 142.1 140.5 141.1 138.7 138.3 137.7 137.2 137.5 137.5 137.4 137.3 137.4 137.7 136.8 136.5 136.5 136.4 135.4 136.2 137 136.9 136.9 136.6 136.2 136.7 136.8 136.7 136.6 136.4 136.4 136.4 136.4 136.4 136.3 136.3
187.4 184.2 180.5 177.7 174.7 171.9 170.1 168.8 169.2 169.6 170.2 168.2 165.3 161.2 156.8 152.4 148.2 146.8 145.4 144.4 145.2 148.8 147 150.4 150.9 148.1 148.9 152.8 153.7 154.5 153.4 151.9 150.2 151 154 154.8 151.9 146.8 144.9 146.6 147.1 143.8 141.2 139.6 139.4 138.4 137.9 137.7 137.3 136.9 136.9 136.9 137.3 137.9 137 137.2 137 136.5 136.5 137.1 136.6 136.6 136.6 137.4 137.2 136.9 136.5 136.7 136.7 136.6 136.5 136.5 136.4 136.4 136.4 136.5 136.2 136.3
185.6 183.4 180.4 178.1 176 173.7 171.6 170.5 169 167.3 169.2 168.3 166.7 163.3 157.9 151.9 147.3 145.4 144 143.4 150.4 143.1 142.8 142.7 144.1 144.5 144.9 146 147.4 147.8 149.1 149.8 147.3 148.9 148.9 146.6 144.1 141.9 140.9 140.3 139.7 139.2 139.7 138.6 138.1 137.9 137.9 137.8 137.4 137 136.5 136.8 137.3 137.3 136.7 137.4 137 136.7 137.3 138 137.8 137.9 137.9 137.7 137.4 137.3 136.9 136.6 136.6 136.6 136.6 136.2 136.5 136.5 136.4 136.6 136.2 136.3
182.7 181.8 180 178.7 176.4 174.8 173.2 171.2 169 166.7 165.4 164.9 164.3 162.4 158.2 151.9 146.3 144 144 145.4 143 142.9 141.9 142 142.4 142.8 143.1 142.8 142.2 144 145 144.4 144.4 143.4 142.7 141 140.8 138.5 138.4 138.2 138 137.5 138.3 138.3 137.8 137.6 137.8 137.8 137.5 137.1 136.6 137.5 137.7 137.7 137.8 137.7 137.5 137.9 138.3 138.8 138.2 137.9 137.9 137.7 137.5 137.2 137.5 136.8 136.7 136.7 136.2 136.1 136 136.5 136.5 136.7 136.2 136.2
179.8 179.2 178 176.7 175.2 173.3 171.9 170.2 169 165.6 164.3 163.2 162.9 161.3 158.3 150.9 147.2 146.3 145 147.9 144.1 143 141.9 141.4 141.6 142.5 143.6 142.8 142.6 147.6 146.3 143.8 143.4 144.6 145 142.1 140.1 138.5 138.1 137.9 137.7 137.4 137.5 137.8 137.4 137.2 137.5 137.7 137.6 137.2 137.1 137.6 137.9 137.9 137.9 137.9 138 138 138 138.2 138 137.9 137.8 137.8 137.6 137.3 137 136.9 136.8 136.8 136.2 135.9 135.8 135.7 136.3 137.1 136.6 136
177.2 176 174.7 172.7 171.1 170 168.7 167.2 165.9 164.2 163.3 162.7 162.2 160.6 158 153.2 148.6 147.2 146.7 144.8 143.5 142.6 141.7 140.8 140.7 141 147.7 146.1 150.3 152.2 151.5 150.9 151.3 145.3 145.4 143.9 139 138.1 137.8 137.6 137.4 137.1 136.7 136.9 137 137.1 137.3 137.5 137.1 137.5 137.7 137.9 138 138 138.1 138.1 138.2 138.2 138.2 138.3 138.2 138 137.8 137.8 137.6 137.3 137.1 137 137 136.9 136.9 136.9 136.8 136.8 136.7 136.5 136.7 137.1
174.4 172.8 171.7 169.8 168.3 166.9 165.5 164.2 162.6 161.3 160.1 160.2 157.7 155.4 153.4 151.7 148.3 147.3 146.4 145.7 142.8 142 141.2 140.6 140.5 140.7 141.1 140.9 150.8 152.1 151.3 151.3 143.9 141 139.4 138.5 138 137.9 137.6 137.3 137.1 137.2 137.6 137.4 137.9 137.6 137.6 137.9 137.8 137.8 137.5 137.6 138.2 138.2 138.3 138.3 138.4 138.4 138.3 138.4 138.3 138.1 137.9 137.7 137.7 137.4 137.3 137.2 137.2 137.1 137 137.3 137.2 137.1 137 137 137.2 137.2
172.4 170.8 169.2 168.2 167 166 165 163.7 162.2 160.4 161.1 161.4 160.2 159.7 157.4 153.6 150.8 148.1 147.4 148.6 146.8 142.5 140.8 140.4 140.6 140.7 140.8 140.1 145.3 148.3 147.9 144 140.2 138.9 138.5 138.1 137.8 137.5 137.2 137.6 138 138 137.7 137.8 137.9 138.1 138.1 138.1 138 138 137.7 137.5 138.2 138.4 138.5 138.5 138.5 138.5 138.4 138.5 138.5 138.3 138.1 137.9 137.7 137.5 137.5 137.4 137.4 137.3 137.2 137.1 137.6 137.5 137.5 137.5 137.7 137.2
172.3 170.7 169.2 168 166.8 165.7 164.7 163.6 161.9 161.4 161.4 161.8 161.6 160.5 158 153.4 146.5 144.6 146.8 150.7 146.4 141.6 140.5 140.4 140.6 140.7 140.8 140 139.7 139.4 139.4 139.4 139 138.2 137.8 137.9 138.1 137.2 138.2 138.1 137.8 137.9 138 138.1 137.9 138.3 138.3 138.3 138.2 138.1 138.1 137.8 138.1 138.6 138.7 138.7 138.7 138.6 138.5 138.5 138.6 138.4 138.2 138 137.8 137.7 137.7 137.6 137.6 137.5 137.4 137.3 137.2 137.3 137.6 137.8 137.9 137.6
170.8 170.9 169 167.8 166.6 165.4 164.4 163.4 162.9 163.1 163.4 163.1 161.7 160.2 156.9 152.3 145.5 143.6 145.7 146.6 143.6 141.9 140.7 140.3 140.4 140.2 139.5 139 138.7 138.7 138.8 138.8 138.8 138.7 137.9 137.9 137.7 137.9 138.2 138.8 138.2 138.1 138.3 138.2 137.9 138.5 138.5 138.4 138.4 138.3 138.3 138.3 138.2 138.7 138.8 138.9 138.8 138.7 138.6 138.6 138.7 138.5 138.4 138.2 138.3 138.2 137.9 137.8 137.8 137.7 137.6 137.5 137.6 137.3 137.6 137.9 138.5 138.1
168.2 168 168 166.7 165.5 164.6 164.7 164.8 165 165.5 164.9 164.1 162.8 159.4 155.5 152.2 148.7 146.8 146.6 144.1 143.8 142.8 142.5 143.3 140.4 139.5 139.2 139 138.9 138.6 138.8 138.6 138.6 138.7 139.3 138.7 138.3 138.6 138.9 139.9 138.8 138.4 138.5 138.9 138.9 138.7 138.7 138.6 138.6 138.5 138.4 138.3 138.6 138.7 139 139.1 139 138.9 138.7 138.7 138.9 138.7 138.6 138.6 138.9 138.7 138 138.1 138 137.9 137.8 137.9 137.8 137.1 137.6 138 138.6 138.8
167.2 166.4 165.4 164.9 164 163.1 164.3 167.1 168.5 169.2 168.1 166.7 164.9 161 158.7 156.3 153.3 151.4 150.5 148.1 148.1 149.7 149.4 150.7 141.3 139.5 139.1 139.1 139 139 139.5 139.2 138.8 139 140 140.3 139.3 139.2 139.6 141 139.9 140.9 142.7 143.1 141 141.2 139.3 138.8 138.7 138.7 138.6 138.5 138.5 138.9 139.2 139.2 139.1 139 138.9 138.8 139.2 139 138.9 139.2 139.4 139.3 138.1 138.2 138.2 138.2 138.3 138.4 138 137.6 137.9 138.4 138.5 139.4
168.8 167.5 165.9 164.1 163.5 162.9 163.6 167.7 170.9 171.7 170.8 169 167.2 163.9 160.8 158.3 156 154.3 152.1 151.8 155.5 155.5 152.8 145.5 140.1 139.6 139.2 138.9 138.5 139.3 140.7 140.6 141.4 139.8 142.3 141.7 141 140.6 141.4 142.4 142.4 143.1 143.4 142.8 140.7 143 140.8 139.3 138.9 138.8 138.8 138.6 138.5 138.9 139.6 139.6 139.5 139.4 139.3 139.5 141 139.3 139.4 139.7 139.9 139.9 138.6 138.3 138.5 138.6 138.9 138.7 138.5 138.3 138.3 139.6 139.9 139.4
169.5 167.6 166.2 164.6 163.6 162.5 163.8 168 171.4 172.7 172.2 170.4 168.2 165.1 161.5 159.4 156.7 153.6 153.9 154.2 156 155 146.5 140.2 140.2 140 139.3 139.1 140.6 141.1 143.9 142.8 142.8 144.9 143.5 143.5 144.7 145.5 146.2 146.5 145.4 144.7 143.6 142.7 142.1 141.5 140.4 139.8 140 140.3 140.2 139.2 139 139.6 140.2 140.1 140.2 140.1 140.2 140.9 141.4 140.5 140.2 140.3 141.4 140.6 140.3 139.9 140.2 139.9 140.6 141.2 140.4 139.4 138.7 139.9 140.6 140
170.3 168.7 167.3 166.7 165.9 163.6 164.1 168.7 173 174 173.1 171.6 169.3 165.9 160.6 157.7 155.7 154.9 153.9 153.6 155 149.2 140.3 140.6 140.6 140.5 139.8 140.1 141.7 143 144.1 146.1 144.7 144.2 145.3 147.6 149.6 150.9 151.1 150.3 149.1 148.2 146.3 143.7 142.1 141.2 141.3 142.8 142.2 142.9 142.7 143.1 142.7 142.3 141.2 141.1 140.6 141 141.8 142.1 141.8 143.1 143 143.2 142.5 143.6 144.4 144.3 144.1 143.6 142.8 142.6 141.8 140.7 139.8 140.1 141 141.9
172.5 171.1 170 169.5 168 165.4 161.8 169.2 173.9 175.2 174.1 172.8 170.1 165.6 159 155 152.5 150.9 150.5 149.9 148.9 144.2 140.4 140.9 140.9 140.7 140.3 142.4 143.1 144.7 146 146.8 147.9 150.8 152.1 152.9 153.1 152.8 152.6 152.5 151 148.4 146 144 143.1 144 143.2 146.4 146.3 146.6 146 144.6 145.6 146.3 144.9 143.2 142.4 144.8 143.6 142.8 143.1 144.8 147 147.3 146.7 146.6 146.4 146.1 145.7 145.4 144.4 144.1 142.9 142.1 141.1 140.4 141.6 142.3
175.5 174.6 173.6 172.4 170.5 167.3 161.6 168 172.5 175.1 174.7 172.8 169.5 165.3 158 152.3 147.4 145.8 146.8 145.4 144.3 143.4 141.5 140.9 140.7 140.5 141.9 145.7 147.2 149.2 151.2 152.1 151.5 153.7 154.6 154.8 154.3 153.1 152.8 152.4 150.1 148.9 148.1 146.6 146.4 149.4 147.7 148.3 150.1 149.8 149.3 147.7 148.5 148.4 148.1 146.3 144.3 146.9 146.5 145.1 147.7 148.4 147.8 147.6 147.3 147.4 147.5 147.2 147 146.5 146.1 145.4 144.1 142.4 142.1 140.6 141.8 141.7
178.1 175.8 175.2 173.8 171.2 167.8 163.5 162.5 169.7 172.2 172.3 171 168.7 165.2 154.9 150.8 145.5 143 141.8 141.5 141.2 141.1 141 140.7 140.4 140.6 145.8 149 151.8 153.7 152.8 153 153 154.5 155.2 155.7 155.1 153.5 153.3 153.4 152.2 151.5 151.2 151 150.6 152.8 152 151.9 151.3 151.5 151.6 150.8 149.2 149.8 149.5 145.9 145.1 148 147.6 146.6 149.4 149.3 149.1 148.7 147.9 148.2 148.5 148.5 148 147.4 146.8 145.6 144.1 142.1 142.1 141.1 141.9 140.9
176.1 175.3 174.3 172.5 170.6 167.6 163.6 157.6 163.5 167.5 168.4 167.5 165.8 163.4 153.3 152.9 149.5 143.7 142.3 141.7 141.5 141.4 141.2 140.7 140.6 143.4 148.8 151.5 153.3 153.1 153.1 153.2 153.5 155.4 156.2 156 154.3 154.5 154.9 155.1 154.2 154 154.2 154.8 153.9 155.8 156.1 155.2 154.3 153.1 153.1 152.8 151.4 151.2 149.1 147.8 146 148.8 148.3 150.9 150.6 150.3 150.4 150.2 149 148.6 148.7 148.5 147.9 147.3 146.6 144.9 142.9 142.3 141.9 141.7 141.4 141.2
174.9 174.1 172.7 171 169.1 167.1 163.4 158.2 158.1 162.4 163.4 162.6 160.7 154 151.6 152.2 150.5 145.8 142.4 141.9 141.7 141.6 141.2 140.7 142.9 147 151.6 153.1 153.3 153.3 154.5 154.9 155.4 157.4 157.7 157.7 157 157 157.1 156.6 156.7 158 158.6 159 159.7 159.7 159.2 158.4 157.4 156.3 154.5 154.1 153.6 153.2 151.2 148.1 147.6 152.3 152.4 151.9 151.3 151.4 151.1 150.6 150.2 149.8 149.4 148.6 148.1 147.5 146.4 144.9 143.9 143.4 142.8 142 141.5 141.5
174.5 172.4 170.7 168.8 166.4 163.7 161.3 156.6 156.3 158.6 158.1 157 154.5 153.2 153.6 151.6 150.2 148.8 143.2 142 141.6 140.9 141.3 141.5 145 147.6 151.2 152.9 155.1 156.2 154.9 155.8 158 160.4 160.4 160 159.8 159.5 159 159 160.4 161 162.1 163 162.6 162.5 162.3 161.6 160.7 159.8 157.5 156.8 157.3 156.6 152.1 149.2 149.4 154.4 153.8 151.5 151.9 152.4 152.4 152 151.6 151.2 150.7 150.1 149.8 149 147.7 146.6 145.6 145 146.6 142.7 142.3 142
172.2 169.5 166.6 164.4 161.6 159 157.3 155.2 159.3 158.4 155.3 152.6 153.1 155.3 154.3 153 155.8 152 143.7 141.5 141.5 141.2 141.2 141.7 144.6 146.5 150.1 152.3 154.6 155.5 157.3 158.8 160.2 162.1 162.2 162 161.8 161.9 162.2 162.7 164.3 164.2 164.8 165.3 164.6 164.5 164.5 163.9 163 162 160.5 159.6 158.9 155.2 152 149.8 151 155.3 153.6 153.2 153.3 153.5 153.6 153.4 152.9 152.5 152 151.5 151.2 150.5 149.3 148.2 147.4 146 145.3 145.4 145.1 145.2
170.5 166.7 163.6 160.5 157.7 155.9 152.3 156.2 151.3 150.2 150.4 150.9 152.4 154.2 154.1 153.1 153.4 150.9 142.9 141.5 141.6 141.6 141.4 144.1 148.4 150.7 152.5 154 155.2 157.6 160.3 161.8 163.1 163.6 163.8 163.8 163.6 163.6 164 164.4 165.4 165.7 165.8 165.6 166.6 166.2 165.8 164.1 162.8 160.7 159.8 159.3 156.1 157 154.2 153 152.7 155.3 156.2 156.2 155.7 155.8 155.3 154.8 154.6 153.9 153.3 152.8 152.6 152 150.9 149.9 150.1 148.4 150.2 150 149.1 148.9
