webserver/python/data/NT90.asc
ncols 200
nrows 200
xllcorner 390000
yllcorner 600000
cellsize 50
[rows 70 to 104 of 200, columns 78 to 155 of 200]
225.6 229.3 231.9 233.6 235.2 237 239 239.9 240.5 239.3 237.4 235.8 232.6 229.2 226 223 220.9 218.8 217.3 216 214.8 213.6 212 210.8 210 212.1 210.3 208 207.5 206.6 205.1 203.6 200.1 200 198.4 196.8 195.7 192.4 196 196.9 196.4 197 197.1 196.9 196.5 196.5 195.7 194.8 194.2 193.4 192 191.3 188.9 187.9 186.7 185.3 184.2 183.3 182.6 183.5 182.9 182.7 183.6 184.1 184.1 183.5 186.7 188.9 191.5 194.7 197.4 200.3 202 204 206.3 206.2 205 202.8
223.1 226.3 229.5 231.5 233.2 234.7 235.3 235.9 236.7 235.8 234.8 233 230.7 227.3 224.8 222.4 220 218.1 216.4 215.2 214 212.8 210.8 209.8 210.1 210.5 210 208.5 207.2 204.8 200.8 200.6 199 196 195.1 193.5 193.1 192.2 189.5 192.4 192.2 192.2 192.4 192.2 192.3 192.3 191.7 190.8 189.8 189.1 187.8 186.3 185.6 184.9 184.2 183 182.1 181.3 180.5 180.8 180.7 181.4 181.6 181.7 181.8 183.5 184.8 186.3 187.7 190.4 193.8 197.1 199.2 202.1 204.5 205.1 204.6 203.6
223.4 228.3 230.3 231.6 231 232.2 232.6 232.7 233.2 232.2 231.3 230.4 228 226 223.5 221 218.7 217 215.5 214.4 213.2 211.6 209.6 208.4 209.6 208.8 207.3 205.9 204.7 202.9 200.8 198.6 194.6 193.9 191.7 190.6 189.8 189.3 187.4 188.3 189.2 188.8 188.7 187.4 187.8 188.2 188.1 187.3 186.3 185.9 184.9 183.9 183.4 183 182 181.2 180.2 179.3 178.6 178.8 177.4 177.9 178.7 179.1 179.4 181.6 182.9 184.1 185.3 186.4 189.8 193.4 196.6 199.2 201.6 203.7 204.7 204.3
226.7 228.9 231.4 231.3 231.3 230.1 230.3 230.6 230.9 230.4 228.8 227.1 224.6 223.4 221.5 219 216.9 215.9 214.5 213.3 212.6 211.2 209.9 206.7 206.7 205 203.7 201 198 196.2 196.4 194.1 192.9 191.1 189.5 188.6 187.2 186.4 185.6 185 185.4 184.7 184 183.4 182.6 184.3 184.5 183.8 183.5 184 183.3 182.9 182.2 181.3 181.1 180.8 180.1 180.1 180.1 177.9 177.4 174.8 175.4 175.9 176.2 177.8 179.7 181.2 182.6 183.4 185.3 189.4 192 195.6 199.7 201.8 203.6 203.3
227.8 230.2 232.4 232.3 231.3 229.9 227.3 228.1 228.4 227.4 225.8 223.2 221.2 219.9 219 216.9 216.1 215 213.5 212.1 211.2 209.2 207.1 205.1 203.7 202.3 203.1 202.9 203.3 201.1 199.5 197.6 194.9 191.9 190.5 190.2 189.2 187.5 184.5 183.8 182.9 181.6 178.9 178.3 177.1 180 180.8 181.3 181.2 182.2 182.1 181.6 180.9 179.1 179 178.9 178.7 179 178.7 178.8 178.6 177.3 173.4 173.5 174.2 175 175.5 177.9 180.9 182.5 182.7 184.6 186.9 189.6 194.1 198.6 200.2 199.9
229.3 231.7 233.2 232 230.8 228.8 226.4 224.7 224.3 222.7 221.4 220.4 218.3 217.2 216.8 216.3 215.4 214 213 211.9 211.2 211 210 208.8 209.9 208.4 208.2 206.9 204.9 203.3 201.7 200.1 198.5 196.9 195.8 194.3 193.3 192.1 190.7 187.9 187.2 186.8 186.2 185.9 183.6 178.2 177.4 178.2 179.3 180.3 180.1 179.7 179.7 179.2 177.1 176.7 176.1 176.9 177.4 176.9 177.4 176.2 174.2 172.8 170.6 171.1 173.1 174.6 176.3 177.4 178.2 178.8 181.2 184.3 188.8 193.2 195.8 196
229.4 231.2 231.8 232 230.6 228.8 226.8 224.8 222.7 220.1 217.8 216.8 215.7 214.8 213.4 215.3 215.8 215.2 214.1 213 213.8 213.2 213.1 211.2 210.8 209.1 206.8 205.3 203.8 201.8 199.9 198.3 197.4 196.2 195.2 194.4 193.6 192.4 191.4 190.2 188.7 189 188 186 184.1 183.3 181.6 175.2 175.7 177.5 176.7 177.7 178.4 179 177.7 177.5 177.2 174.6 173.9 173.5 172.5 172.8 171.7 170.8 171.4 171.5 167.4 170.2 171.6 172.8 172.4 172.1 174.3 178.1 182.4 186.7 190.5 192.8
228.7 230.7 230.9 230.8 230.5 229.2 227.3 225.2 223.2 221.4 219.2 216.4 214.3 213.8 213.9 213 215.4 215.2 214.1 214 212.6 211.8 210.5 208.9 207.1 205.8 203.5 202 200.4 199 197.9 197.2 196.3 195.4 194.3 193.2 192.8 192.3 191.3 190.7 190 189.4 188.6 186.8 185.7 184.7 183 181.4 180.4 179.9 174.5 172.7 176.9 179.7 179.6 179.1 178.5 177.4 177.1 175.9 176.8 174.5 173.1 171.3 167.6 166.9 167.8 165.1 168.3 168.9 168.1 168.2 169.5 172 176 180.3 183.8 187.1
225.2 229 229.2 229.1 229 228.1 226.7 223.9 221.6 219.8 218.1 216.5 214.8 212.8 207.9 206.1 211.6 212.1 211.6 210.6 209 207.5 207.2 205.6 203.8 201.9 200.8 199.7 198.4 197.2 195.6 195 194.4 193.7 193.1 192 191.4 190.5 190.2 189.8 188.7 188.8 188.5 187.3 185.9 185.3 184.2 183.1 181.9 180.4 178.9 174.7 171.4 177.8 179.2 178.8 178.3 177.3 176.5 174.9 176.9 175.7 174 173.2 172.4 170.5 167.4 162.9 164.7 165.5 165.7 165.5 165.7 167.5 170.8 173.8 177.2 180.7
220.8 223 225.7 225.6 225.8 225.5 224.5 221.7 219.9 218.3 216.6 214.8 213.2 211.6 210.2 208.3 202.8 208 208.2 207.7 206 204.2 203.9 202.3 200.4 199.4 198.6 197.5 196.2 194.9 193.4 192.8 191.9 191.3 190.6 190.2 189.4 188.9 189.3 187.9 187 187.2 187.3 186.6 186.1 185.6 184.5 183.2 182.1 180.6 179.3 177.7 170 173.3 177.1 177.2 177.5 175.5 176.3 174.8 174.3 174.5 173 172.6 171.6 170.4 168.4 164.4 161.7 162.6 163.1 163.4 163.4 164.6 166.2 169 171.7 175.5
217.5 218.6 221.1 222.1 222 221.8 221.1 219.8 218.2 216.6 214.8 213 211.6 210.4 209.7 208.2 207 199.2 203.7 204.7 203.6 201.7 200.5 199 197.8 196.6 194.7 194.1 192.2 190.8 190.5 189.6 188.6 188 188.1 187.8 186.9 187.1 187.4 185.9 185.3 185.5 185.4 184.8 184.4 184 183.6 182.6 181.7 180.9 180.1 178.5 176.4 166.5 171.9 174.6 173.6 172.3 170.9 173 172.5 173.1 172 171.3 169.8 168.2 167.5 165.1 160.7 160.7 160.9 161 161.2 162.5 164.2 165.6 167.8 170.1
213 211.4 215.7 217.3 217.9 218.1 217.5 216.8 215.8 214.3 212.6 210.9 209.5 208.2 207.4 206.4 205 203.9 199.4 195.8 200.1 199 197.3 196 194.5 192.7 190.7 190.5 188.8 187.1 186.6 185.9 185.3 184.7 184.6 184.7 184.1 184.2 184.4 183.6 183.4 183.3 183.2 182.4 181.9 181.9 181.7 181.2 180.4 178.9 177.6 176.6 175.9 173.9 163.1 173.2 174 173.4 172.7 168.9 166.6 167.6 168.7 169.3 167.5 166.2 165.8 164.2 162.2 157.4 158.8 158.4 158 160.9 162.4 163.5 164.6 166.9
214.1 206.1 210.6 212.5 214 215 214.6 213.5 212.7 211.7 209.9 207.9 206.5 205.5 204.3 203.1 202.3 202.1 200.3 197.8 191.8 192.9 192.3 191.9 190.2 188.7 186.9 186.3 186.1 184.6 183.5 183.2 183 181.9 181.3 180.8 180.9 181.3 181.4 181.3 181.2 181.1 181 180.2 179.4 179.1 178.8 178 176.9 176.1 175.3 174.9 175 173.3 164.7 169.2 171.1 171.9 171.2 170.8 169.5 167.7 163 165.4 164.8 164.2 164.1 163.5 161.9 160 157.3 155.1 154.9 158 160.3 161.5 162.9 165.2
212.2 210.1 203.6 206.8 209.3 210.2 210.3 209.8 209 207.6 207.6 206.2 204.5 203.8 203.1 202.5 201.8 200.4 199 197.6 196.3 194.6 192 190.1 188.6 187.3 183.9 182.1 183 182.7 182.1 181.8 181.3 181.1 180.5 179.9 179.5 180.3 180.1 179.8 179.9 180 179.6 178.4 177.6 177.3 176.9 175.9 174.9 173.9 173.4 173.8 174.1 173 171.2 159.7 169.3 169.5 169 169.2 168.5 167.4 166.5 163.2 161.2 162.8 163.2 163 161.7 160.6 159.9 158.7 156.8 152.7 155.2 159.8 161.2 162.9
210.7 209.8 207.6 199.8 204.1 206.3 206.4 205.3 204.8 205.1 204.4 204.1 203.3 202.1 201.9 201.7 201.4 200.1 199.2 198 196.6 195 193 191.6 190 188.4 187.1 185 181.9 177.8 178.6 179.5 180.1 180 179.8 179.2 179.6 179.2 179 178.7 178.5 178.8 178.4 177.7 177 176.4 175.8 174.6 173.4 172.3 171.6 172.2 171.7 171 170.1 169.2 158.9 167.2 167.2 167.4 167.5 166.4 165.5 164.6 163.7 157.4 162.4 162.3 161.5 160.9 160.3 159.3 158.9 156.6 149.9 153.1 158.6 159.8
208.2 206.4 204.7 203.3 196.5 199.3 202.5 200.7 200.9 201.4 201.2 201 201.4 200 199.8 199.5 199.8 199.8 199.2 198.3 197 195.5 193.3 192 190.2 188.2 186.3 184.4 182.9 181.7 178.9 175.6 178.9 178 178.7 178.9 178.3 178.1 177.9 177.6 177.4 177.1 176.7 176.3 175.8 175.4 174.7 173.7 172.5 171.3 170.1 168.9 168.5 168.5 168.1 167.2 162 161.6 165.4 165.7 166 165.2 164 163.1 162.9 161.3 156.3 158.6 160.4 160.4 159.9 159 158.1 157.5 156.3 149.5 156.6 156.9
204.5 202.1 200.9 199.8 198.7 194.7 192.4 194.5 194.9 195.7 196.1 196.6 196.9 195.9 195.2 195.2 195.9 197.1 198.3 197.4 196.3 194.5 193.3 190.8 189.2 187.6 185.9 183.2 181.9 181.1 179 176 176 177.2 177.3 177.8 177.2 176.9 176.7 176.4 176.2 175.9 175.6 175.2 174.7 174.2 173.5 172.7 171.8 170.6 169.6 168.4 167 165.7 165.6 165.5 165 155.8 163 164.1 164.1 163.6 162.5 161.5 161.4 160.7 159.8 156.3 152.8 155.3 155.1 156.7 157.2 155.7 153.4 145.3 153.2 152.2
201.1 200.1 198.5 196.8 195.5 194.6 192 188.4 189.1 189 189.8 191.6 192.1 192 192.4 191.5 191.1 192.2 193.8 194.7 193.2 191.9 192.3 189.5 188.2 185.8 184 182 180.9 179.2 177.6 175.4 171.6 176.3 176.1 176 175.9 175.7 175.5 175.2 175 174.7 174.4 174 173.6 173 172.2 171.5 170.7 169.6 168.7 167.7 166.6 165 163.3 163.2 163.2 157.2 161.1 161.3 162.2 161.9 160.9 159.9 159.5 158.7 158.1 156.9 155.3 153.3 150.8 149.1 151.6 150.4 149.5 144.5 146.2 147.6
197.8 197.8 197.1 196.2 194.9 193.7 192.4 191.3 187.2 185.1 185.8 187.7 188.8 190.4 191.6 190.7 190.3 190.3 190 190.4 190.3 189.4 187.4 186.6 186.2 184.4 182.6 181.3 179.6 178.3 176.8 175.2 172.2 173.1 173.8 174.5 174.2 174.2 174.3 174 173.8 173.5 173.3 172.9 172.5 171.7 171 170.2 169.5 168.4 166.8 166.1 165.4 165 162.9 161.7 161.1 160.2 154.1 158.5 159 159.8 159.2 158.3 157.6 156.9 156.3 155.5 154.7 153.7 152.5 150.6 147.4 146.2 146.7 143.2 140.5 143
194.7 193.6 191.6 193.7 194.4 193.4 192.4 191.4 190.6 189 184 183.3 186.3 188.5 188.4 189.6 189.5 189.4 189.2 188.6 187.9 187.3 185.3 183.4 183.8 182.8 181.1 179.3 178.1 176.9 175.8 174.3 173.4 169.4 172.3 173.3 173.1 173 172.9 172.8 172.6 172.3 172.1 171.7 171.2 170.5 169.7 168.9 168.1 167.2 166 164.5 163.7 163.3 161.5 160.6 159.6 158.4 156.1 150.4 153.9 156.8 156.6 155.9 155.2 154.4 153.7 152.9 152 150.9 150 149.2 148 146.3 146.1 145.1 141.7 138.2
197.1 196.1 192.8 185.6 190 191.5 191.3 189.6 188.2 187.6 186.2 183.6 180.7 183.4 183.8 186.7 187.8 188.1 188 187.1 186.2 185.3 183.7 182 182.4 182 179.9 177.8 175.8 175.3 174.3 173.7 173.2 171.3 168 171.1 171.8 171.8 171.7 171.6 171.4 171.1 170.9 170.3 169.8 169 168.2 167.4 166.6 165.5 164.5 163.4 162.1 161.5 160.3 159.4 158.4 157.4 155 148.3 150.1 153.8 153.7 153 152.1 151.3 150.6 149.8 149.3 148.2 147.2 146.5 145.5 144 143.3 142.8 141.7 139
193.9 193.8 191.3 183 183 188.4 186.9 184.8 183.7 183.6 183.7 182.6 182 180 177.9 183 184.7 186 185.9 185.4 184.3 184.8 183.1 181.5 180.4 179.1 177.1 176.6 175.2 173.7 172.6 172.4 172.2 171.1 168.1 167.5 170 170.7 170.5 170.4 169.8 169.1 169.1 168.5 167.8 167.4 166.6 165.8 164.9 163.9 162.9 161.8 160.8 160 159.1 158.3 157.3 155.9 153.5 151.1 146.4 148.4 150 150.2 149.1 148.2 147.5 146.7 146.2 145.5 144.3 143.7 143.3 141.6 140.6 140 138.7 138.3
188 187.3 186 180.5 176.3 182.8 182.2 180.1 179.3 179.4 179.7 178.9 179.5 179.3 176.5 177.1 181.4 183 182.9 182.1 181.6 181.2 180.5 179.8 178.4 176.3 174.5 174.7 173.9 172.3 171.3 171.6 171.3 170.4 170.2 167.3 164.3 167.1 167.8 167.6 167 167.4 167.2 166.7 165.9 165.2 165.1 164.3 163.3 162.3 161.3 160.2 159.2 158.6 157.4 156.1 154.8 153.6 152.3 149.3 146 142.3 145.9 147.1 146.2 145.2 144.4 143.9 143 142.6 141.4 140.6 140.5 139.4 138.3 137.6 137.2 136.7
180.3 180.1 179.6 176.4 171.5 175.5 176 174.7 173.9 174 174.4 175 175.8 175.7 174.7 170.3 176.4 180.6 179 178.5 179.5 179 178.3 177.7 177.1 175 172.5 172 171.9 170.6 169.9 170.3 170.6 169.5 169.2 168.7 167.9 162.2 164.2 165 165.4 165.7 165.3 164.9 164.1 163.3 163 162.7 161.7 160.7 159.7 158.6 157.9 156.6 155.7 154.4 153.3 152.1 150.5 149.6 148.3 141.7 141.7 142.9 142.3 141.8 141.7 141.1 140.4 139.6 138.8 138.2 137.3 136.9 136 136.2 135.7 135.1
174.9 174.2 173.1 172.2 169 169.3 170.2 170.5 170.6 170.6 170.7 171 171.8 172.8 173.2 171.5 167.6 176.3 178 173.9 175.4 174.9 173.4 171.9 171.4 170.3 169.5 169.3 168.8 168.8 168.7 168.7 168.8 168.5 167.7 167 166.5 164.6 160.3 162.9 163.7 163.8 163.4 163 162.4 161.8 161.1 161.3 160.6 159.4 158.1 157 155.9 154.6 153.8 152.7 151.9 151.1 149.7 147.8 146.3 145.4 142 140.3 139.7 139.2 138.3 138.3 137.9 137.3 136.9 136.3 135 134.3 134.9 134.5 134.1 133.7
172.1 172.2 172.1 171.6 169.6 165.9 166 168 168.7 168.7 168.8 169.2 170 170.7 170.9 170 165.3 166.7 170.3 170.8 170.6 170.4 170 168 166.8 166.2 166.2 166 166.2 165.4 165.3 166.1 166.6 166.4 165.7 165.2 164.5 163.7 159.7 160.9 161.8 162.5 162.4 162.3 161.8 161.2 160.7 159.7 159.2 158.7 157.6 156.2 154.5 152.7 151.6 150.7 149.4 147.9 145.6 143.1 141 140.7 140.1 139 138.1 137.4 137.4 136.7 136.3 135.5 135 134.3 133.3 133 133.2 132.1 131.6 131.2
169 169.1 169.5 168.8 168.6 168 165.2 163.2 165.9 167.3 167.5 168.3 168.7 169 169.2 168.8 167.3 161.9 167.4 167.6 168.8 168.4 168 166.4 164.5 163.7 163 162.3 162.3 162.7 163.1 163.8 164.6 164.8 164.2 164 163.9 163.3 161.2 158.9 160.2 160.9 161 160.9 160.9 160.6 158.9 156.4 156.8 156.9 155.2 154.1 154.4 151.4 148.5 146.1 145.3 146.5 147.6 147.8 147.4 145.9 143 142.4 140.6 138.3 136.3 135.8 135.5 135.6 135 133 132.9 131.7 131.4 129.9 130 129.6
161.9 163.9 165.9 165.8 166.4 166.5 165.1 162.1 162.7 165.3 166.4 166.7 166.2 166.5 166.9 166.7 166.5 161.5 162.9 166.5 165.4 165.2 165.6 165 163.5 162.8 162 162.5 162 162.5 163.6 164.4 164.6 164.1 163.7 163.5 163.3 163.2 161.9 157.9 157.3 157.8 157.9 158.1 158.5 157.8 156.3 152.4 151.9 151 151.9 150.9 149.9 147 148.1 149.7 150.4 150.5 149.3 148.4 147.2 145.2 143.3 142 140.3 140.6 139.5 138.7 138.6 138.2 138.2 137.4 135.6 135.2 132.5 132.1 131.2 130.2
155.1 158.1 160.9 162.5 163.3 164.3 164.5 162 159.9 163.1 163.3 164.4 164 163.9 164.4 164.6 164.5 163.7 156.8 163.5 165 161.6 161.4 162.6 162.6 161.8 161.7 162.9 163.2 162.5 164.2 164.2 163.6 163.2 163.1 162.9 162.7 162.2 161.3 158.5 156.8 156.3 155.9 155.9 155.6 157.2 157.9 158.6 155.2 153.2 151.7 152 152.5 153.3 152.1 151.4 151.6 151.2 149.9 148.3 147.6 146.2 144.9 143.5 142.4 142.7 142.8 142.4 142.1 141.1 139.8 138.9 138.2 136.9 135.7 135.5 136.2 135.9
156.6 154.9 150.7 154.1 154.4 158 160.4 160.6 159.1 155.7 156.1 159.5 161.5 161.3 161.8 162.3 162.4 162.2 157.4 157.3 160.4 159 157.7 160.1 160.3 159 161.4 162 162.1 161.1 160.5 160.4 160.1 160.5 160.7 161.6 161.5 161.1 160.2 160.4 160 160.8 160.9 160.1 159.2 158.8 159.6 159.7 158.6 157.5 155.7 154.9 155.8 154.8 153.5 152.2 152.3 151.9 150.7 149.5 148.9 147.9 146.5 145 144.6 144.3 144.2 144.1 143 142.5 142.3 141 140.1 140.8 140.5 139.9 140.1 140.5
146.1 146.6 144.2 149.3 149.4 149.3 153.3 153.9 154.8 155.3 151.4 150.2 155.2 155.2 155.3 156.2 156 155.7 151.7 150.9 155.1 154.3 154.4 157.1 159.1 161.1 161.9 162.3 161.6 160 159 159 158.9 158.7 159.5 160.4 160.3 159.9 161.3 162.7 163.2 164.5 164.1 163.3 162.4 161.6 160.9 160.8 160.4 159.7 157.9 157.3 157.1 156.3 155 153.7 152.9 152.6 151.5 150.7 150.4 149.4 148 147 147 147.3 146.8 145.5 146.8 146.5 146.2 146.3 146.5 147.7 146.8 145.7 146.2 145.7
138.5 137.7 138.4 143.5 143.9 142 144.4 146.1 147 147.1 146.7 141.5 146.4 147 147.1 148 148.4 148.3 148 146 149.8 150.6 150.5 154.5 159.8 162.1 162.6 162.6 161.7 159.8 158.5 158.6 158.4 159 158.8 159.2 160.4 163.4 166 166.3 167.4 167.7 167.3 166.4 165.6 164.4 163.2 162.2 161.7 161.2 160.2 158.7 158.1 157.6 156.5 155.1 153.8 153.4 152.3 151.9 151.9 150.9 149.9 150.2 150.8 151.4 150.4 149.8 151.2 152.6 152.9 153.3 153.4 152.2 151.2 150.6 149.5 147.5
137.3 137 136.8 136.6 136.1 136.3 137.7 138.8 139.4 138.5 138.7 137.4 138.1 138.5 138.9 140.3 141.2 141.5 142.5 141.4 144 144.9 150.7 155.3 158.7 161.1 162.2 162.4 161.2 159.7 158.1 158.3 158.9 159.5 159.7 161.5 164.7 167.6 169.9 171.1 170.1 169.9 169.7 168.7 167.9 167.2 166 164.8 163.4 162 160.9 160.1 159.2 158.2 157.5 156.7 155.3 154.5 154.6 154.3 153.5 153.1 153 155.6 155.7 155.9 156.5 156.8 157.8 159 158.8 158.7 157.3 155.3 154.3 153.1 150.3 147.9
137 136.9 136.8 136.7 135.5 135.4 135 135.4 136 136 135.4 135.5 135.6 135.1 134.7 134.9 135.4 136.2 137.6 137.8 138.2 145.1 149.5 153.8 157.4 160.1 161.4 161 160.3 159 159.6 161.3 161.5 161.2 163.5 169.2 171.3 172.7 174.1 174 172.8 171.9 171.6 170.9 170.2 169.6 168 166.5 165.5 163.6 162 161.8 160.6 159.5 158.9 158.4 158.1 157.4 157.4 156.8 156.8 157.4 158.5 161.1 161.1 162.3 163.8 163.8 163.4 163.8 162 160.6 159.4 158.4 157 154.3 152.3 150.5
136.9 136.8 136 135.6 135.2 134.9 134.6 134.7 135 135 134.2 134 134 134 134.1 134.2 134 133.9 134.8 134.6 139.1 143 148.2 150.8 154.9 157.7 160.2 159.2 159.8 159 159.3 161.4 162.6 163 163.9 168.7 170.9 171.6 172.3 172.8 173.1 172.6 172.6 172.1 171.2 170.2 168.2 167.2 166.2 165.4 165.1 163.8 163 162.7 161.2 161.3 161.4 160.6 160.4 158.6 160.1 161 163.7 164.9 165.6 167.4 168.2 167.1 166.2 165.8 164 163.2 162.6 161.3 159.5 157.6 155.6 153.6
