webserver/python/data/NT93.asc
ncols 200
nrows 200
xllcorner 390000
yllcorner 630000
cellsize 50
[rows 38 to 75 of 200, columns 0 to 83 of 200]
51.7 46.8 41.6 49.2 55.8 58.4 60.2 58.8 60.7 63 47.8 47.6 42.9 40.1 45 52.1 55.1 52.7 46.7 44 44.1 45.2 43.4 41 38.3 35.9 34.2 34.3 36.5 40.1 42.6 41.3 40.4 44.6 48.9 48 45.4 40.9 37.2 33.9 31.9 30.6 30.3 30.1 29.1 29.4 30 29.6 29.4 30.1 30.1 30.8 30.6 35.5 38.9 42.9 46.1 47 47.6 45.5 42.5 41.5 40.6 40.1 39.7 37.7 28.4 32.2 36.9 38.1 38.7 39.6 42 44.5 46.3 50.8 57.4 63.7 68.9 73.4 77.4 80.7 81.8 83.3
57.1 50.9 45.1 42 46.7 52.8 58 60.7 67.1 70.1 59.6 57.7 50.3 42.7 48.5 60.1 64.2 61.1 50.5 43 42.1 42.9 45.7 47 42.1 38.2 34.9 33.2 35 35.6 34.8 34.7 36.3 39.6 40.8 39.6 38.6 34.8 32.5 31.8 31.2 31.1 31.6 30.2 29.7 29.8 30.8 31.2 32.3 31.4 29.5 30.4 30.4 31.9 36.3 41 44.7 46.1 46.9 45.1 43.2 41.7 40.9 40.2 39.2 37.2 31.3 32.2 36 37.1 37.7 38.8 40.6 43.5 46.4 51.3 56.5 62.5 68 72.3 76.6 79.2 81.1 81.8
59.3 56 53 48.9 44.3 44.8 50 59.6 68.9 72 69.3 60.2 49.2 43.5 49.9 64.6 66.1 64.8 56.7 46.8 44.6 47.8 55.2 58.1 47.8 39.2 36.3 34.1 33.4 34.2 33.2 32.7 33.5 33.5 33.5 32.8 32.8 34.2 35.9 35.6 35.8 37 35.6 34.1 33.7 36.4 37 36.9 35.6 34.1 33.8 31.1 30.5 30.8 35.2 40.6 43.8 45.5 46 45.5 43.5 41.3 39.9 39.2 38.5 36.9 32 28.5 32.4 33 35.1 37.3 39.2 42.4 46.9 51.6 57.3 62.5 67.5 71.4 75.8 78.4 80.5 81.2
61.6 60.4 59.2 55.8 47.7 44.7 48 58.4 68.1 69 66.7 57.2 51 49 57 66.6 66 64 57.1 49.8 47.9 54.1 59.6 58.2 49.6 41.7 37.7 35.5 35 34.6 33.6 33 34.2 36.4 37.4 39.7 42.6 49.2 49.1 45.1 39.7 41.8 40.8 39.8 38 39.5 39.5 38.4 37.6 36.7 36.2 33.5 32.2 31.1 35.2 40.6 42.9 44.6 44.9 43.7 41.5 41.3 40.3 38.2 37.1 35.9 33 31.1 28.7 32 31.7 31.8 34.6 40.3 46.7 53 57.8 62.9 67.1 71 74.8 78.2 80.2 81.1
63.2 61.7 59.6 54.4 49.9 46.6 46.2 49.8 56.2 62.7 67.4 64.4 61.6 63 64.9 65.9 64.6 61.2 55.6 57.8 53.8 59.7 62 60.1 55.9 46.8 40.2 37.2 36.7 36.4 35.4 34.8 36.9 36.9 38.8 43.6 47.3 50.9 51.1 53.6 50.8 48.6 48.1 43.8 43.2 42.7 41.1 39.5 38.3 37.3 36.7 37.3 35.5 30.2 34.1 40.3 42 43.7 43.4 42.3 41.7 40.8 39.8 38.7 38.3 37 34.6 32.2 30.2 31.4 31.4 31.5 31.7 36.3 45.1 51.7 57.1 61.4 65.1 68.9 72.5 75.1 77.6 78.7
63.6 63.4 62.7 60.2 57.2 51.7 48.2 48.7 51.6 60.3 67.9 67.9 66.3 65.7 65.1 64.9 63.7 62.2 61.5 63.3 59.9 63.2 64.8 64.6 62.3 55.1 44.7 39.5 38.8 38.1 37.3 36.7 35.6 35.3 35.9 40.8 46.9 50.7 53.4 56.4 58.4 58.2 57.3 53.6 48.7 45.7 43.5 41.1 39.5 38.2 37.6 37.2 37.7 31.7 32.1 38.5 40.4 41.4 41.8 41.8 41 40.3 39.7 39.5 39.1 37.6 35.9 33.6 32 31 31.6 31.8 31.8 33.7 43.1 50.4 55.7 59.4 63.1 66.3 69 71.3 73.8 74.4
64.8 64.5 64.8 65.7 64.3 61.4 53.7 49.3 52 60.4 67.3 66.9 65.7 65.6 65.1 64.7 64.3 63.8 63.3 63.2 62.2 63.2 64.9 64.5 64.6 61.7 53 42.7 41.8 39.7 38.6 38 36.1 35.7 37.4 40.3 47.2 58.5 60.3 58.4 58.1 59.6 60.5 61.2 55.8 49.3 45 42.7 40.7 39.8 38.8 38.7 38.7 32.9 31.8 35.6 38.9 39.8 40.1 40.3 40.2 40.2 39.8 39.4 39.1 37.5 35.7 34.8 32.9 28.5 31.7 32 31.9 33.6 41.4 48 53.4 57.1 60.2 63.2 65.8 67.9 69.8 70.1
65.5 65.5 66.4 67.7 66.4 64.2 54.4 51.5 55.6 64.1 65.7 65.9 65.9 65.8 65.8 65.6 65 64.5 64 63.9 64.4 64.9 65.1 63.9 60.7 59.4 52.2 44.8 44.4 40.9 41.3 42.9 40 37.6 37.7 41 49.6 58.6 61.7 60.5 58 58.9 59.6 60 59.6 53.1 45.4 43 41.3 39.9 39.8 38.9 35 32 30.3 34.2 37 38.5 38.7 39.9 40 40.1 40 38.9 37.8 36.6 35.1 35.3 33.6 28.3 31.6 31.8 31.8 32.8 38.8 45.2 50.2 53.9 57.1 60.2 62.1 64 65.9 66.1
63.9 64.2 64.3 64.3 63.9 58.9 52.8 54.1 63 65.8 66.3 66.4 66.5 66.6 66.3 65.9 65.6 65 64.4 63.6 64.7 65.5 62.9 60.3 52.2 48.2 46.1 50.3 48.6 46.4 46.5 50.7 43.6 39.9 39.4 41.9 46.4 50.2 53.6 55.7 55.9 55.9 58 59.3 58.6 50.4 45.3 42.6 41.3 39.9 36.1 33.9 32.3 31 30.9 33.3 35.8 36.8 37.6 39.1 39.5 39.5 40.3 38.7 37.8 36.8 35.9 35.8 35.3 28.2 31.2 31.4 31.6 32.4 35.6 41.3 46.8 49.7 52.8 56.1 58.3 60.2 62.1 62.3
60.8 61.7 62.5 63.4 64.2 57.5 53.5 60.1 66.7 66.9 67.8 67.5 67.4 67 66.6 66.2 65.8 65.5 65 63.7 64.3 62.2 58.2 52.8 53 50.1 46.2 54.5 56.1 54 59.7 60.1 51.6 42.4 41.2 45.4 51.9 50.1 50.9 51.8 52.6 51.3 54.2 58.3 55.3 49.3 46 41.2 39.5 35.8 33.2 32.1 31.3 29.1 32.5 34 36 37 37.5 38 38.6 39.6 40.7 39.6 38.4 37.6 36.1 36 35.4 34.3 31 31.8 32.1 32.3 32.4 36.2 39.6 44.4 47.8 51.7 54.4 56.3 58.3 59.5
58.5 60.4 58.3 60.4 63.4 57.3 55 61.9 67 68.8 68.3 68 67.9 67.4 66.8 66.5 66.3 66 65.2 63.1 61.4 58.5 57.6 58.8 61.6 56.5 55.2 64.1 63.3 67.2 66.8 62.1 54.6 46.5 45.7 43.6 50.3 49.2 48.8 48.8 50.3 53.5 52.4 49.4 49.8 46.1 40.6 36.7 35 34.4 32.2 31.7 31.2 31.2 32.6 34.5 38.2 38.8 38.1 38.7 38.3 39.7 40.6 40.3 39.3 36.9 34.5 35.9 35.3 34.8 32 28.7 28.9 29.1 32 33.3 34.5 37.4 42.5 46.6 49.9 52.4 54.4 57.4
59.8 60.1 58.2 58.5 58.6 57.3 58.9 66.2 65.9 67.5 68 68.2 68.5 68.3 68 67.9 67.2 67.1 66.7 65 65.9 66.5 66.9 66.2 67.4 60.9 60.8 67.8 69.3 72.4 69.7 63.8 55.7 53.4 52.9 49.7 47.2 48.1 50.4 50.9 49.8 53.2 52.2 45.3 40.3 37.9 36.6 35 33.9 32.7 31.8 31.5 31.5 31.2 32.2 34.8 39 39.4 38.7 39.4 39.9 40.8 40.4 39.5 37.6 34.7 34.3 34.9 35 34.2 34 33.3 32.6 31.9 31.6 31.5 29.8 31.8 37.2 41 43.8 47.8 50.9 52.6
62.8 61.1 58.7 57.3 58.8 58.4 58.7 62.8 64.3 66.1 67.9 68.3 68.6 68.6 70 70.3 71.4 72.8 73.6 73.6 73.2 73.3 73.6 72.7 71.5 66.6 66.4 70.6 74 76.2 71.6 65.9 62.4 61.5 58.5 53.8 50.2 47.6 49.2 51.1 49.5 51.3 49.8 45.4 44.5 40.8 36.8 36.3 35.3 33.5 31.8 31.4 31.4 31.5 32.7 35 37.9 39.7 39.3 39.4 39.9 40.6 40.2 38.8 37 36.3 34.8 34.3 34.3 34.3 34.8 34.3 33.4 32.6 32.3 32.6 32.3 32.1 33.5 37.1 40 42 45.5 48.8
64.3 61.9 60.8 61.8 63.1 63.2 63.3 63.8 63.5 64.7 68 70.1 71.1 72.7 75.4 76.8 78.4 79.5 79.2 79.7 79.6 79.1 78.2 76.5 74.2 70.6 70.3 75.8 76.8 75.8 72.5 70 68.1 64.7 60.6 55.2 50.9 48.1 46.7 47.3 48 52.5 55.7 51.2 48.8 43.6 38.5 37.9 34.9 33.7 32.6 31.8 31.7 32.1 33.5 36 38.8 39.6 39.1 39.3 39.7 40.6 40.2 38.6 38 36.9 37 35.9 34.7 34.7 35 35 34.1 33.3 32.8 32.4 32.5 32.3 29.3 34.3 36.3 41.2 44.4 41.7
64.3 64.8 66.3 67.1 68.9 68.8 69.8 70.2 71.2 73.7 74.4 75.5 79 81.6 83.5 84.4 85.1 85.2 84.9 84.2 83.7 82.5 81.3 79.4 76.9 73.9 76 79.1 75.7 74.6 73.7 73.3 70.2 65.3 59.9 53.7 50 47.9 46.1 45.7 46.3 50.6 53 53.8 53.7 47.1 40 37.2 35.3 33.3 32.4 31.8 31.9 31.7 33.3 36.2 39.1 39.3 39.5 39.4 39.4 40.3 40.1 39.1 38.1 37.6 37.1 36.6 35.3 35 35.2 35.1 34.3 33.5 32.8 29.7 29.6 29.6 31.4 32.8 34.2 36.9 40 37.7
68 69.3 71 72.2 75.8 75.7 78.8 80.1 82.8 86.6 84.8 85.4 87.2 89.5 89.7 90.1 89.7 89.1 88.2 87.3 85.9 84.1 82.2 80.1 77.4 73.7 78.4 79.5 73.4 71.5 73.1 69.7 65.7 61.6 57.2 52.3 49.5 47.8 46.8 45.6 44.9 45.8 47.2 49.2 52.2 49.3 42.5 40.9 40.4 38.3 36.5 34.7 32.7 31.5 33 36.2 39.2 39 39.3 39.4 39.4 39.3 40.4 39.3 38.1 37.1 37.1 37 36 35.7 35.5 35.1 34.1 29.5 31.1 32.1 31.6 30.8 30.2 31.1 31.9 34.5 35.4 37.1
75.1 78.2 80.7 82.4 85.5 89.4 91.2 91.7 93.2 92.9 92 91.8 91.7 91.9 91.5 90.9 90.4 88.7 87.6 86.8 85.6 83.5 81.5 79.4 77.5 74.9 83.6 78.8 71.6 69.9 68 66.3 64.1 61.1 57.2 54.8 52.5 49.4 47.1 46.3 45.4 44.3 44.2 45.2 48 49.8 47.9 45.7 45.4 42.8 40.7 38.4 36.2 33 32.4 34 37.1 38.8 39.1 39.4 39.3 39 39.5 38.8 37.8 37.3 37.1 37 36.7 36.3 36.1 34 29.3 32.2 32.7 32.8 32.6 30.5 30.7 32.4 32.9 34.2 35.6 37.1
87.2 89 91 92 95.2 95.3 95.8 95.5 95.3 95.1 94.1 93.2 92.3 91.6 90.6 89.7 89.5 87.9 87 86.2 85.3 83.3 81.6 79.2 78.2 78.8 78.3 74.9 72.3 71 70.1 69.2 68.1 65.8 61.9 58.2 54.1 50.4 48.8 47.6 45.8 45 43.1 43 44.7 48.4 45.7 43.8 42.1 41.4 40.6 39.9 37.6 34.1 32.7 32.3 34.2 37.3 38.2 39.1 39.1 38.9 38.2 37.4 36.7 37.3 37.4 37.3 37.2 36.7 33.7 29 32.6 33 33.6 33.8 33.5 31.2 29.7 31.3 32.3 33.5 34.8 36.5
93.6 94.3 95.4 95.7 95.7 95.7 96.1 96 95.9 95.5 94.6 93.4 92.5 91.2 90.3 89.3 88.4 87.4 86.5 85.6 85 83.7 82.5 80.9 79.5 79 77.8 75.8 74.6 72.3 70.1 69.5 67.1 65.6 61.9 57.9 54.6 52.1 50.5 48.4 46.4 44.3 42.8 42.3 42.2 42.3 41.1 40.9 39.9 39.6 38.9 38.7 38.9 37.3 34.6 32.5 32.6 35.6 37.3 37.5 37.6 38.8 38 37.1 37.2 37.6 38.1 38.2 37.5 35.1 29.5 32.4 33 33.5 34.2 34.1 33.2 32.4 31.8 30 31.8 33 34.6 36.7
95.6 96.7 96.8 97.6 97.8 97.6 97.1 96.4 96.3 95.8 94.9 93.8 92.8 92.2 90.5 89.1 88.5 87.6 86.7 86.4 86.4 84.7 84.4 82.7 81.4 80 77.9 77.2 76.2 74.5 72.4 70.4 68.3 66.1 63.6 60.1 57.2 54.1 50.5 47.9 45.7 44.5 42.5 41.6 40.3 40.7 40.9 38.8 38 37.8 37.4 37.3 37.4 36.9 36.2 34 32.6 33.4 35.6 37.4 37.6 38.3 38.7 37.9 38.3 38.4 38.2 34.9 34.1 32.8 29.5 32.4 33.1 34.2 34.5 35.1 34.2 33.5 32.9 32.1 30.5 32.4 34.2 35.8
97.7 98.1 98.9 99.7 100.3 99.7 98.9 98 97.1 96.3 95.8 94.8 94.3 93.7 93.1 92 91.6 90.4 89 89.3 88.9 87.4 86.1 85.3 83.8 82.7 80.4 78.8 78 76.1 74.1 72.1 69.7 67.1 64.5 61.4 58.4 54.9 50.7 47.2 45 44.2 43.1 42.4 41.3 40.9 41.2 39.5 37.8 37 37 36.5 35.7 35.8 36 34.9 32.8 32.3 34.4 36.7 37.9 38.3 39 38.6 38.9 38.4 35.6 31.7 31 32.3 32.4 32.7 33.4 34.8 35.2 35.4 35.1 34.6 34 33.3 32.8 31.5 33.7 34.9
100.3 101.2 101.7 102.1 102.7 101.9 101.2 100.2 99.3 98.5 97.2 96.3 96.2 95.6 94.9 94.7 94.2 92.8 92.5 92.7 91.7 90.2 88.8 87.5 86.1 84 81.3 79.1 78.1 76.9 74.9 72.7 70.4 67.4 64.2 61.2 57.2 53.5 49.6 46.7 45.7 44.8 43.7 43.1 42.3 41.9 41.5 40.1 38.4 36.9 36.9 37 35.5 34.5 34.5 32.5 33.2 32.7 32.9 35.9 38 38.6 39.1 39.4 39.2 37.7 34.1 31.5 31.7 32.2 32.8 33 33.7 35.3 36 36.1 36.1 35.5 35.1 34.8 34.5 33.6 33.4 33.7
104.5 106 106.5 107 107.2 104.8 103.3 102.2 100.8 98.8 98.1 97.9 97.7 97.5 97 96.8 96.6 96 96 95.1 94.3 92.9 91.4 89.5 87.7 85 81.8 79.7 78.3 76.3 74.3 71.9 69.9 67.2 64 60.7 56.9 52.6 49 46.8 45.5 44.6 44.1 43.1 42.4 41.3 40.4 39.9 38.5 37.2 36.8 36.3 34.6 34 33.7 33.4 33.4 33.2 33.3 35.1 37.8 38.7 39.3 39.2 39.1 36.6 33.2 31.3 31.8 32.3 32.9 33.3 34.8 36.5 36.7 36.7 36.6 36.1 35.7 35.7 35.4 35.1 34.6 33.6
108.6 109.3 109.7 109.5 108 105.6 103.5 102.6 101.9 101.1 99.9 100 99.7 99.5 99.5 99.7 99.8 99.2 98.3 97.1 95.4 94.1 91.9 89.7 87.7 85.1 82.3 80.1 77.9 75.8 73.4 70.8 69 66.9 64.3 61.5 57.5 53.1 49.3 47.2 45.5 44.6 43.5 42.4 41.7 40.7 39.5 38.9 37.7 36.9 35.5 35.6 35.6 34.6 34.3 35.2 34.7 34 33.8 35.9 37.6 38.9 39 38.8 38.7 36.2 33.2 31.6 31.5 32.4 33.5 36.7 37.7 37.4 37.2 37.2 37 36.7 36.3 36.3 36.2 36 35.3 34.7
111.2 110.8 109.4 108.4 106.7 105.7 104.6 104 103.5 103.3 102.2 102.1 102.2 102.3 101.8 101.2 100.6 100.2 98.5 96.4 94.6 92.8 91.1 89.6 87.6 85 82.2 79.4 77.3 75.3 73.3 71.3 69.2 66.7 64.1 61.7 59.2 53.7 50.3 48.3 46.4 44.2 43.1 42.1 41.5 40.1 38.9 36.7 36.9 35.4 35.1 35.6 36.4 36.9 37.4 37.8 37.3 36.1 36.2 37.1 38.7 38.8 38.7 38.5 38.4 37 33.8 29.6 32.1 33.3 35.6 38.5 38.4 38.2 37.5 37.5 37.4 37.2 36.9 36.9 36.8 36.5 35.9 35.2
112.4 110.9 109.1 108 107.3 106.2 105.9 105.5 105.2 105 104.5 104.2 103.9 103.4 102.2 101.3 100.5 99.7 97.3 95 93.2 91.1 89 87.7 86.8 85 81.8 79 76.5 74.2 71.9 70.5 68.8 66.4 63.4 58.8 56.3 52 50 48.6 47 44.8 43.1 42.2 41.6 38.9 38 37.4 36.8 36.3 35.2 36.4 37.9 39.3 39.7 38.9 38.6 38.4 37.4 38.5 38.7 38.5 38.4 38.3 38.1 37.4 34.6 30.1 32.9 33.5 35.5 37.9 38.2 37.7 37.5 37.5 37.5 37.5 37.4 37.3 37.2 36.9 36.3 35.7
112.5 110.9 109.6 108.7 108 107.5 107 106.3 105.9 105.7 105.3 104.7 104.1 102.9 101.7 99.9 98.8 98.2 95.8 93.6 91.4 89.3 88.1 87.2 86.4 84.3 81.4 78.7 76.4 74.1 71.9 70.2 68.3 61.8 59.9 59.8 57.9 54.7 51.2 47.9 46.1 44.3 42.7 41.5 40.7 39.6 38.8 37.6 38.6 38.6 36.6 36.2 37.7 38.9 39.6 39.4 39.2 39 38.8 38.7 38.5 38.3 38.2 38 37.9 36.1 31.7 30.4 32.5 31.5 32.4 35.4 36.4 37.5 37.5 37.5 37.5 37.5 37.7 37.8 37.6 37.2 36.6 36
113.3 111.7 110.4 108.8 107.2 106.9 106.5 105.6 105.2 104.5 104.1 102.6 102 101.1 99.8 97.9 96.4 94.8 92.8 90.8 89.8 89 88 87 85.2 83.1 81.2 79 76.2 73.9 72 68.7 64.1 66.4 65.2 62.6 59.5 57.2 53.7 50.5 46.5 44.3 42.9 41.6 41 40.3 40 39.9 39.9 38.5 36.9 36.1 37.7 38.3 39 39.7 39.5 39.2 38.8 38.5 38.2 38.1 37.9 37.7 37.3 31.4 31.4 30.1 32.3 31 31.2 32.9 34.4 37.1 37.5 37.5 37.5 37.7 37.9 38.1 38.1 37.5 36.9 36.2
112.8 110.4 108.9 107.4 105.9 105.3 104.9 104 103.3 102.6 101.5 100.1 100 99 97.7 96.8 95.6 94.2 92.2 90.2 89.4 88.7 87.9 86.3 84.4 82.7 81 78.4 76 73.6 71.3 67.8 69.4 68.1 66.7 64 61 58.8 55.9 51.4 47.4 44.3 43 41.5 40.8 40.8 41.1 41 39.7 38.3 39.3 37.1 38.2 39 39.8 39.6 39.3 39.1 38.7 38.4 38 37.6 37.4 37.2 36.3 30.7 31.3 32.3 30 31.9 31.2 31.3 34.3 36.5 37.5 37.5 37.7 37.9 38 38.2 38.4 37.9 37.2 36.6
110.9 108.9 107.4 105.9 104.5 103.5 103.2 102.3 101.8 100.9 100.1 99.2 98.6 98 97.2 96 94.7 93.4 91.6 89.7 88.8 88.1 87.1 85 83.9 82.2 80.4 78 75.1 71 71.4 71.7 70 69.1 67.8 65.6 63.2 60.7 56.9 52.4 47.8 44.6 43.2 42 41.9 40.7 41.8 41.1 39.7 39.4 38.6 38.3 39.2 39.9 39.7 39.3 39.1 38.8 38.5 38.3 37.9 37.5 37.1 34.8 31.9 31.6 31.6 31.5 31.2 32.6 31.3 31.8 34.8 36.1 37.4 37.7 37.8 37.9 38 38.1 38.3 38.2 37.8 37.3
109.3 107.7 106.3 105.5 104.8 103.4 102 101.1 100.3 100.1 99.9 98.3 98 97.3 96.6 95.4 94 92.7 91.1 89.5 88 87.1 86.2 83.9 82.3 80.3 79 77.3 75.1 73.8 73.6 72.5 71.1 70.1 68.9 67.6 64.7 62.9 59 54.9 50.2 46.2 44.2 43 43.1 41.7 41.4 41.6 40.8 40.1 39.7 39.8 39.9 39.8 39.4 39 38.8 38.5 38.3 38 37.8 37.5 37.5 34.1 31.2 31.6 31.8 31.9 32.2 32.3 31.9 34.1 36.1 37.1 37.6 37.7 37.8 37.9 38 38.1 38.2 38.3 38 37.7
109.4 107.9 106.4 105.5 104.7 103.6 101.8 101.2 100.6 99.4 98.3 97.7 97.3 96.7 96.2 94.9 93.7 92.5 91.4 90.4 88.8 87.9 86 84.1 83.2 82.3 81 79.4 77.3 76.4 75.2 72.9 70.9 69.5 69.2 68 65.8 63.7 60 56.9 51.7 46.6 45.4 44.2 42.5 42.3 42.5 41.5 41.2 40.7 40.6 39.9 39.9 39.4 39.2 38.8 38.5 38.3 38 37.8 37.7 37.3 36.6 35.7 30.7 31.6 31.4 31.5 32.2 31.8 31.8 35.7 36.8 37.3 37.6 37.9 38 38 38.1 38.2 38.2 38.3 38.4 38.2
109.2 108 106.5 105.6 104.6 103.5 102.1 101.5 100.6 99.6 99 98.1 97.8 96.4 95.6 95 94.4 94.1 92.7 91.2 89.4 88.4 87.3 85.4 84.3 83.1 81.6 80.2 78.7 77 75.2 72.2 70 68.5 67.2 65.9 64.4 62.7 60 54.7 51.3 47.1 46.6 45.1 43.3 43.2 42.6 41.6 40.9 40.5 40.1 39.9 39.8 39.2 38.9 38.5 38.3 38.1 38.2 38 37.7 37.1 36.3 35.6 33.4 32.3 32.1 32.2 32 32.1 33.4 34.9 37 37.4 37.7 38 38.1 38.2 38.3 38.3 38.4 38.5 39.3 39
108.6 107.3 106.6 105.5 104.4 103.3 102.5 101.8 101.2 100.7 99.7 99 99.2 98.2 97.2 96.9 95.5 95.2 94.1 92 90.1 88.7 87.4 86.2 84.7 84.1 82 81 79.7 77.5 74.5 69.1 65.7 65.8 65.1 58.1 57.3 55.6 53 53 51.5 48.9 47.9 45.5 44.6 43.9 42.7 41.1 40.6 40.2 39.9 39.9 39.8 39.5 38.6 38.4 38.6 38.4 38.2 38 37.5 36.8 35.9 34.8 32.7 32.6 32.3 32.5 31.6 34.1 34.8 35.6 36.9 37.5 37.8 38.1 38.3 38.4 38.4 38.5 38.6 38.7 39.6 39.8
108.7 107.8 107.2 106.6 106.2 105.8 105.1 103.8 102.8 101.9 102 100.7 100.6 100.2 99.6 98.5 96.6 95.8 94.3 92 90.4 88.4 87.1 85.9 84.7 84.1 82.8 81 77.9 73.8 70.1 71.8 70.9 70.6 68.5 66 63.4 61.3 59.2 56.9 54.1 51 48.3 46.2 45.4 44.4 42.5 40.7 40.3 40 39.9 40 39.7 39.2 39 38.6 38.6 38.4 38.3 37.9 37.4 36.6 35 33.5 32.7 32.5 32.5 33.1 30 34.3 35.1 35.9 36.7 37.4 37.8 38.2 38.4 38.5 38.6 38.7 38.8 39 39.7 40.1
111.1 110.6 110.4 109.4 108.9 108.5 107.7 106.7 104.9 104.1 103.3 102.8 102 101.2 100.4 98.4 96.9 95.5 93.4 91.4 90.2 88.1 86.5 85.2 84.5 82.8 78.2 75.2 77.1 77.4 76.3 74.2 72.9 72.2 70.4 68 65.6 63.6 61.4 59.1 56 52.7 49.2 47.1 45.9 44 42.1 40.6 40.1 40 40 39.9 39.5 39.3 39 38.4 38.7 38.3 38.3 37.7 37.2 36.7 35.6 34.2 32.6 32.8 32.1 29.5 32.9 33.4 34 34.8 36.5 37.2 37.7 38.2 38.5 38.7 38.8 38.9 39.3 39.7 40.1 40
113.5 113.7 113.5 112.5 111.7 111.2 110.1 108.5 106.3 105 104.3 104.1 102.6 101.1 100 98.2 96.5 95.1 92.8 90.9 89.9 89.1 86 84.3 82.2 82.1 82.4 82 80.5 78.9 77.3 75.5 74.7 73.8 72 70 67.8 65.7 63.7 61.5 58.5 55.5 52.4 49.3 46.8 44.3 42.4 41.2 40.3 40.2 40.1 39.7 39.4 39.1 38.8 38.5 38.8 38.2 38.3 37.8 37.2 36.7 36 34.8 32.4 29.4 32.6 32.8 31.9 31.3 32.3 34.5 36.5 37.1 37.6 38.1 38.5 38.9 39.2 39.5 39.7 39.6 39.2 39.6
116 115.5 114.9 114.2 113.1 111.6 110.9 109.3 107.6 105.9 104.3 103.2 102 100.4 99 97.6 96.2 94.7 91.9 90.3 89.1 88.1 84.9 84.4 84.5 85.3 84.3 82.8 81.4 79.9 78.3 77.8 76.7 75.3 73.9 72.4 70.9 69.3 67.5 65.4 62.3 59.3 57.1 53.8 49.3 45.8 43.2 41.6 40.5 40.4 40.3 39.9 39.5 39.2 38.8 38.5 38.5 38.1 38.3 37.9 37.4 36.8 36.2 30.3 32.3 32.3 32.3 32.3 31.1 31 31.9 34.5 35.6 36.7 37.4 37.9 38.3 38.6 38.7 38.9 39.2 39.2 38.5 38.7
