webserver/python/data/NU22.asc
ncols 200
nrows 200
xllcorner 420000
yllcorner 620000
cellsize 50
[rows 0 to 37 of 200, columns 0 to 84 of 200]
19.8 18.8 17.9 17.1 16.1 15 13.9 12.8 12.4 13.2 13.3 14.2 15.4 16.6 17.3 17.1 16.2 15.7 15.2 14.8 14.4 14.2 14 13.9 13.1 12.4 12 11 10.1 9.4 7.9 6.6 5.8 4.5 5.2 6.2 5.6 5.2 5.2 5.1 5.2 5.5 5.7 6.5 7.6 8.3 9.1 9.9 10.8 10.8 10.4 10 9.5 9.4 9.3 9.4 9.9 9.8 8.7 9.2 9.1 7.2 1.5 -0.1 -1.2 -1.2 -1.2 -1.2 -1.2 -1.2 -1.2 -1.2 -1.2 -1.2 -1.2 -1.2 -1.2 -1.2 -1.2 -1.2 -1.2 -1.2 -1.2 -1.2 -1.2
19.4 18.4 17.1 16 15.1 14.2 13.2 12.5 12.5 13.1 12.9 13.9 15 16 15.9 15.6 15.4 15.2 14.7 14.2 14.2 14.3 14 13.2 12.3 11.7 11.5 11.2 10.6 9.9 8.9 7.9 6 3.5 6.7 7.1 6.4 5.9 5.5 5.5 5.7 5.8 6.3 7.1 7.9 8.7 9.5 10.4 11.4 11.5 10.9 10.4 10.2 10.3 10.1 9.6 9.8 9.2 8 8.2 8.3 8.3 1.6 -0.1 -1.2 -1.2 -1.2 -1.2 -1.2 -1.2 -1.2 -1.2 -1.2 -1.2 -1.2 -1.2 -1.2 -1.2 -1.2 -1.2 -1.2 -1.2 -1.2 -1.2 -1.2
19.3 18.2 17 15.9 14.8 13.9 13 12.5 12.4 12.4 12.7 13.7 14.4 14.6 14.4 14.2 14.2 14.3 13.8 13.8 14.1 14.2 13.3 12.4 11.6 11.1 10.8 10.5 9.9 10.4 9.6 8.7 6.8 4 8.2 8 7.3 6.6 6.2 6.3 6.2 6.2 6.6 7.3 8.1 8.9 9.8 10.8 12.2 12.5 12 11.4 10.5 10 9.7 9.8 9.3 8.5 7.5 7.1 7.5 8.2 2.7 0.2 -0.5 -0.9 -1.2 -1.2 -1.2 -1.2 -1.2 -1.2 -1.2 -1.2 -1.2 -1.2 -1.2 -1.2 -1.2 -1.2 -1.2 -1.2 -1.2 -1.2 -1.2
19.3 18.1 17.1 16.1 14.9 13.9 13.1 12.6 12.4 12.4 12.4 12.7 12.8 13 12.9 12.8 12.9 13.1 13 13.8 14 13.9 13 11.9 10.9 10.4 10.2 9.6 8.9 8.9 10 8.8 6.5 6.1 9.3 9.1 8.3 7.6 6.8 6.7 6.6 6.7 7 7.7 8.4 9.2 10.3 12.1 13 13.3 13 12.5 11.5 10.5 9.6 9 8.5 7.8 7 6.3 6.7 7.1 5.4 0.9 0.3 -0.4 -1 -1.2 -1.2 -1.2 -1.2 -1.2 -1.2 -1.2 -1.2 -1.2 -1.2 -1.2 -1.2 -1.2 -1.2 -1.2 -1.2 -1.2 -1.2
19.4 18.4 17.3 16.3 15.1 13.8 13.2 12.7 12.7 12.3 13 12.5 12 11.5 11.5 11.6 11.7 11.8 12.2 13.4 13.3 13 12.1 10.6 9 9.8 9.3 8.7 8 6.9 9.4 6.1 5.2 8.8 10 10 9.5 8.6 7.6 7.1 7 7.1 7.4 8.1 8.7 9.7 11.8 12.9 13.7 13.9 13.8 13.3 12.3 11.3 10 9.3 8 7 6.4 5.9 6.1 6.5 6.9 1.2 0.6 0 -0.7 -1.2 -1.2 -1.2 -1.2 -1.2 -1.2 -1.2 -1.2 -1.2 -1.2 -1.2 -1.2 -1.2 -1.2 -1.2 -1.2 -1.2 -1.2
19.6 18.4 17.6 16.5 15.3 13.9 13.5 13 12.6 13 13.7 13.3 12.7 12 11.4 10.9 10.9 11.2 11.8 12.1 11.9 11.8 10.6 8.6 7.6 8.6 8.3 7.8 7.1 6.1 5.3 5.8 8 10 10.4 10.6 10.6 9.4 8.4 7.8 7.5 7.5 7.7 8.4 9.5 10.6 12.2 13.3 14.2 14.3 14.2 13.8 13 11.8 10.1 8.8 7.8 6.9 6.2 6.2 6.4 6.9 8.4 3 0.8 0.2 -0.5 -1.2 -1.2 -1.2 -1.2 -1.2 -1.2 -1.2 -1.2 -1.2 -1.2 -1.2 -1.2 -1.2 -1.2 -1.2 -1.2 -1.2 -1.2
20 18.2 17.4 16.7 15.4 14.2 13.8 13.6 13.5 13.7 12.9 12.8 12.8 12.2 11.6 11.1 10.5 10.4 10.9 10.7 10.5 10.3 9.4 7.5 7.8 7.3 7.1 6.6 6.1 6.3 6.3 6.2 9.4 10 10.5 10.8 10.8 10 8.9 8.4 8.3 8.2 8.2 9.4 10.5 11.4 12.3 13.3 14.2 14.3 14.1 13.8 13.4 12.1 10.4 8.7 7.4 6.7 6.7 6.9 7.1 7.3 7.7 9.4 1.1 0.5 -0.2 -1.2 -1.2 -1.2 -1.2 -1.2 -1.2 -1.2 -1.2 -1.2 -1.2 -1.2 -1.2 -1.2 -1.2 -1.2 -1.2 -1.2 -1.2
20.6 19 17.4 17 16 15 14.3 13.9 13.9 13.9 13.7 13.3 12.9 12.2 11.6 11 10.3 10.1 10 9 9.1 8.5 7.8 8.6 9.1 9.1 8.6 6.8 6.9 7.5 7 8.8 9.2 10.1 10.5 11 11 10.4 9.7 9.6 9 8.9 9 10.1 11.4 11.8 12.7 13.6 13.9 14 13.9 13.6 12.8 12.2 10.6 8.3 6.3 6.8 7.2 7.4 7.6 7.6 7.5 8.3 1.8 0.9 0.4 -0.4 -1.2 -1.2 -1.2 -1.2 -1.2 -1.2 -1.2 -1.2 -1.2 -1.2 -1.2 -1.2 -1.2 -1.2 -1.2 -1.2 -1.2
21.4 19.9 18.3 17.3 16.7 15.8 14.6 14.2 14.2 14.1 13.9 13.7 13.2 12.3 11.4 10.8 10.1 10 9.6 9.5 9.6 10 10.5 10.4 10.4 10.5 10.1 8.8 8.2 8.7 9.3 9.1 9 10.1 10.6 10.8 11.1 10.9 11 10.7 10.2 9.7 9.8 10.3 11.4 12.2 12.8 13 13.2 13.3 13.3 13 12.2 11.3 9.7 7.3 6.7 7.3 7.7 7.8 7.9 7.9 8 8 6.4 2 1 -0.2 -1.2 -1.2 -1.2 -1.2 -1.2 -1.2 -1.2 -1.2 -1.2 -1.2 -1.2 -1.2 -1.2 -1.2 -1.2 -1.2 -1.2
22.3 20.4 19.3 18.3 17.3 16 14.9 14.6 14.4 14.3 14.2 14 13.2 12.3 11.5 10.6 9.8 9.8 10 10.4 10.9 11.2 11.4 11.5 11.6 11.6 11.2 10.6 10 9.9 10.1 9.5 9.3 9.3 10.5 10.6 11 11.5 12.2 11.9 11.5 10.6 10.3 9.8 11 11.9 12.1 12.3 12.4 12.3 12 11.8 11.1 9.7 8.1 6.8 7.3 7.9 8.1 7.9 7.7 7.6 7.4 8.2 8.4 8.5 1.8 0.2 -1.2 -1.2 -0.7 -0.6 -1.2 -1.2 -1.2 -1.2 -1.2 -1.2 -1.2 -1.2 -1.2 -1.2 -1.2 -1.2 -1.2
22.4 21.3 20.2 19.2 18.1 16.5 15.3 15 14.7 14.6 14.3 14.1 13 11.8 11.2 10.5 10.1 10.5 10.8 11.3 11.9 12.1 12.4 12.7 12.8 12.8 12.8 12.7 12 11.3 10.6 9.9 9.9 10.4 10.4 10.8 11.3 11.9 12.4 12.8 12.2 11.7 10.4 9.2 9.9 10.8 11.3 11.5 11.3 10.8 10.6 10.3 9.9 8.8 6.9 6.7 8.1 7.8 7.5 8 7.9 7.7 7.2 7.2 7.9 8.5 8.8 1.1 0.3 0 0.1 0.3 0.1 -1.2 -1.2 -1.2 -1.2 -1.2 -1.2 -1.2 -1.2 -1.2 -1.2 -1.2 -1.2
23 22.2 21.2 20.1 18.7 17.2 15.8 15.5 14.8 14.5 14.2 14 13 11.7 10.3 11 11.3 11.6 11.9 12.3 12.7 13 13.3 13.6 14 14.1 14.6 14.6 14.1 13.4 12.5 11.5 10.7 10.8 11.1 11.5 12 12.3 13 13.3 12.6 12 11.3 9.7 9 9.8 10.5 10.6 10.1 9.7 9.1 8.7 8.3 7.6 6.8 7.5 7.8 7.2 6.9 7.4 7.9 7.8 7.2 7.1 7.9 8.8 8.7 6.9 1.1 0.9 1 1.1 0.9 0.6 -0.2 -1.2 -1.2 -1.2 -1.2 -1.2 -1.2 -1.2 -1.2 -1.2 -1.2
23 22.2 21.4 20.5 19.6 18.1 16.6 16.1 15 14.4 14.2 13.9 13 11.7 11.1 12.1 12.4 12.7 12.9 13.3 13.6 13.9 14.2 14.5 15.5 16.3 16.5 16.4 16.1 15.3 14.1 13.1 12.1 12 12 12.4 12.9 13.1 13.7 13.8 13.2 12.5 11.3 9.9 8.6 9.1 9.6 9.5 9 8.7 8.1 7.5 7.1 6.8 6.9 6.2 6.3 6.6 7.4 8.5 8.9 8.7 8.1 7.5 7.9 8.4 8.3 8.6 7.4 3.5 8 7.6 7.8 0.9 -0.1 -1.2 -1.2 -1.2 -1.2 -1.2 -1.2 -1.2 -1.2 -1.2 -1.2
23.3 22.1 21.2 20.4 20.3 19 17.5 16.3 15.2 14.4 14.1 13.9 12.9 11.3 12.4 12.8 13.4 13.7 14 14.3 14.4 14.8 15.3 16.4 17.4 18.1 18.1 18.1 17.8 16.6 15.2 14.2 13.5 13.6 13.1 13.3 13.7 13.9 14.3 14.3 13.7 12.6 11.4 10.1 9 9.3 9.5 8.4 7.8 7.7 7.1 6 6.5 7 6.9 6.2 6.8 8.3 9.1 9.4 9.5 9.4 8.6 8.4 8.6 8.2 7.7 7.5 8 8 8 8.4 1.3 0.4 -0.6 -1.2 -1.2 -1.2 -1.2 -1.2 -1.2 -1.2 -1.2 -1.2 -1.2
23.7 22.1 20.9 20.8 20.7 19.6 17.9 16.3 15.4 14.4 14.1 13.8 12.8 12.4 12.9 13.3 13.8 14.3 14.8 15.3 15.3 16.2 17.3 18.4 19.4 19.6 19.6 19.6 19.2 17.8 16.4 15.4 15.4 15.5 14.8 14.3 14.5 14.8 15 14.9 13.8 12.6 11.8 10.9 10.2 9.8 9.5 8.1 7 6.6 5.8 5.3 5.9 6.7 5.9 8 9.4 10.2 10.5 9.9 10.1 9.8 10 9.5 8.3 7.9 7.5 7.3 7.4 9.1 8.9 1.4 0.8 0 -0.8 -1.2 -1.2 -1.2 -1.2 -1.2 -1.2 -1.2 -1.2 -1.2 -1.2
24 23.2 22.2 21.7 21.1 19.9 18.2 16.5 15.4 15.1 14.9 13.2 13.3 13.5 13.4 13.8 14.3 14.8 15.3 16 16.9 18.2 19.2 20.3 21.1 21.2 21.1 20.8 20.4 19 17.7 17.4 17.8 17.7 16.4 15.8 15.3 15.1 15.3 15.5 14.7 14 13.2 12.3 11.8 11.7 10 8.5 6.7 6.7 5.9 5.2 5.8 5.9 6.9 8.8 9.9 10.6 11.3 10.7 10.8 10.3 9.7 9.7 8.2 7.6 7.3 7.5 7.7 9.3 8.9 1 0 -0.4 -1.2 -1.2 -1.2 -1.2 -1.2 -1.2 -1.2 -1.2 -1.2 -1.2 -1.2
23.9 23 22.2 21.8 21.4 19.8 18.2 17 16.2 16 15.1 13.7 14.2 14.2 14.1 14.2 14.7 15.2 16.2 16.9 18.5 20.1 21.2 22.3 22.9 23 22.4 22 21.7 20.3 20.4 20.4 20.1 18.7 17.8 17.5 17 16.5 16.4 17.3 16.9 16.1 14.7 13.4 13.3 12.4 10.9 9.7 8.7 6.9 5.7 5.6 5.6 5 7.1 8.8 9.8 10.8 11.2 11.2 11.3 10.5 9.6 9 8.4 7.3 7 4.6 9 9.5 7.8 0.8 -0.5 -1.2 -1.2 -1.2 -1.2 -1.2 -1.2 -1.2 -1.2 -1.2 -1.2 -1.2 -1.2
23.7 22.9 22.2 21.8 21.2 19.8 18.5 17.8 17 15.9 14.6 13.6 14.5 14.9 14.8 14.7 15.2 16.2 17.2 18.3 20 21.6 23.2 24.1 24.6 24.7 24.1 23.5 22.9 22.9 22.9 22 21 19.7 18.8 18.5 18.2 17.7 17.5 18.2 18.2 17.4 16 14.7 14.3 13.2 12.1 11.4 10 8.4 8.1 5.1 4.2 5.2 6.7 8.5 9.6 10.3 10.6 10.7 10.4 10.1 9.3 8.6 7.6 7 5.8 7.4 8.3 8.4 7.6 0.6 -0.7 -1.2 -1.2 -1.2 -1.2 -1.2 -1.2 -1.2 -1.2 -1.2 -1.2 -1.2 -1.2
23.6 22.8 22.2 21.6 20.9 19.9 19.2 18.1 16.4 14.8 14 14.6 14.8 14.7 15 15.2 16.1 17.4 18.5 19.8 21.4 22.9 24.6 25.6 25.9 26 25.9 25.2 25.4 24.9 23.9 22.9 21.8 20.6 19.9 19.3 18.7 18.2 17.7 18.2 18.7 17.7 16.9 15.5 15.3 14.3 13.5 13 11.4 9.7 7.8 4.6 4.4 5.3 6.6 7.8 8.3 8.8 9.4 9.5 9.3 9.2 8.9 8.1 7.2 4.4 4.6 6.8 7.2 7.4 8.1 0.6 -0.7 -1.2 -1.2 -1.2 -1.2 -1.2 -1.2 -1.2 -1.2 -1.2 -1.2 -1.2 -1.2
23.9 22.8 22.1 21.4 20.8 19.7 17.8 15.7 16 15.9 16.5 16.8 16.3 15 15.4 15.8 16.8 18.1 19.4 20.8 22.3 23.8 25.4 26.8 27.3 27.7 27.8 28 27 25.7 24.5 23.2 22.2 21.3 20.3 19.6 19.2 18.7 18.2 18 18.4 17.5 17 16.5 16 15.5 14.9 13.8 12.2 10.5 8.6 5.6 4.2 4.9 5.5 6.3 6.6 7.1 8 8.2 8.1 8 7.8 7.7 6.7 5.2 4.8 5.1 5.6 5.6 6.8 1.1 -1.2 -1.2 -1.2 -1.2 -1.2 -1.2 -1.2 -1.2 -1.2 -1.2 -1.2 -1.2 -1.2
24.3 23.5 22.6 21.9 20.7 18.3 16.1 18 18.6 18.8 19.2 18.3 17.1 16.9 16 16.5 17.4 18.8 20.1 21.4 22.5 23.9 25.9 27.4 28.1 28.4 28.3 28 27 25.8 24.6 23.3 22.4 21.5 20.6 20 19.8 19.4 19 18.4 18.4 17.8 18.1 18.3 17.9 17.5 15.9 14.3 13.1 11.7 9.6 6.7 4.1 4.6 4.5 4.4 4.8 5.6 6.5 7 6.8 6.7 6.9 6.7 6.5 4.9 3.9 4.1 4.4 4.9 6.1 6.6 0.5 0.3 0.9 -0.4 -1.2 -1.2 -1.2 -1.2 -1.2 -1.2 -1.2 -1.2 -1.2
24.5 23.4 22.5 21.3 19.4 16.7 18.8 19.9 20.4 20.4 19.6 18.8 17.8 17.7 17.5 17.1 18.1 19.3 20.4 21.4 23 24 25.5 26.9 27.9 28.1 28 27.7 26.9 25.9 24.6 23.6 22.7 21.7 20.8 20.1 19.8 19.6 19.6 19.2 18.8 19.1 19.7 20.4 19.9 17.6 16.2 14.9 14.1 12.8 10.5 7.9 4.8 3.6 3.7 3.6 3.8 4.5 5.3 6 6.4 6.6 6.1 5.3 5.9 4.2 3.9 3.8 4 4.4 5 5.9 6.4 6.1 7.4 -1.2 -1.2 -1.2 -1.2 -1.2 -1.2 -1.2 -1.2 -1.2 -1.2
23.9 22.3 21.6 20.8 18.5 20.5 21 21.4 21.3 20.6 19.7 19.3 18.5 18.4 18.2 18 18.1 19 20 21.2 22.5 23.8 25 26.2 26.7 27.1 27.6 27.4 26.9 25.8 24.7 23.8 22.9 22 21.1 20.3 20 19.7 19.5 20 20.3 22.2 22 20.5 18.7 18.1 17.3 16.1 15.9 13.7 11.4 8.8 6.3 4.1 3.3 3 3.3 3.6 4.4 5 5.8 5.6 4.7 3.9 3.6 3.9 3.8 3.8 3.9 4.1 4.6 5 5.9 6.5 8.2 -1.2 -1.2 -1.2 -1.2 -1.2 -1.2 -1.2 -1.2 -1.2 -1.2
22.5 21.2 20.4 18.1 19.2 21.1 21.9 21.5 21.2 20.5 19.7 19.4 19.3 19.1 19 18.7 18.3 18.9 19.7 20.5 21.8 22.9 23.9 24.9 25.5 25.9 26.5 26.5 26.3 25.6 24.7 24 23.1 22.2 21.3 20.4 20.1 19.8 20.1 20.7 21.6 21.5 20.9 19.5 18.5 17.9 17.4 16.8 15.7 13.8 11.6 9.8 7.5 5.3 3.9 2.6 2.7 2.9 3.3 4 4.7 4.9 3.9 3.3 3.5 3.7 3.8 3.9 3.9 4 4.1 4.2 5.1 4.5 6.4 6.7 0.7 0.4 -0.1 -0.7 -1.2 -1.2 -1.2 -1.2 -1.2
21.4 20.5 19.8 20.7 22.4 22 21.6 21.3 21 20.3 20 20.1 20.1 19.9 19.8 19.4 19 18.7 19.3 19.4 20.6 21.5 22.7 23.6 24.3 24.8 25.4 25.6 25.6 25.2 24.4 23.7 22.9 21.9 20.8 20.2 20.1 20.3 21 21.7 21.2 20.5 19.9 19.4 18.3 17.7 17 16.2 15.4 13.7 11.5 10.1 8.8 6.5 5.1 3.8 3 2.7 3 3.4 3.7 3.7 3.6 3.5 4.5 4.3 4 4.2 4.2 4.1 4 5 5.6 4.3 4.1 5.6 7.2 1.4 0.8 0.3 0.2 -0.7 -1.2 -1.2 -1.2
23.8 23.1 22.9 22.2 21.7 21.6 21.4 21 20.9 20.6 20.6 20.8 20.8 20.7 20.4 20 19.6 19.2 19 19.2 19.7 20.5 21.5 22.3 23.1 24 24.6 25 25 24.7 23.9 23.1 22.4 21.2 20.1 20.1 20.2 20.9 21 20.9 20.3 19.6 19 18.3 17.6 16.9 16.1 15.3 14.6 13.6 11.3 10 9.1 7.9 6.2 5.3 4.2 3.1 3.4 3.6 3.7 3.7 3.6 4.2 4.5 4.8 4.3 4.4 5.1 6.3 3.3 2.4 6.9 8.2 7.8 5.1 5.5 2.5 1.4 8 6 -1.2 -1.2 -1.2 -1.2
24.3 23.8 23.1 22 21.6 21.3 21.1 20.8 20.8 20.8 20.9 21.1 21.3 21.5 21 20.6 20.1 19.7 19.3 19.3 19.7 21 21.6 22.2 22.8 23.5 24.3 24.7 24.6 24 22.9 22.2 21.4 20.5 20.1 20.3 20.6 20.2 20 19.7 19 18.4 17.8 17.1 16.5 15.7 14.9 14.1 13.3 12.3 11 10 9 8.1 7 5.6 4.9 4.1 3.7 3.6 3.6 3.7 4.6 4.7 4.9 5.3 5.4 6 2.3 1.2 0.9 0.7 0.9 1.4 8.7 5.7 5.6 8.1 6.2 1.2 -1.2 -1.2 -1.2 -1.2 -1.2
25 24.5 23.4 22.6 21.7 21.3 21.2 21 21 21 21.3 21.6 21.9 22.1 21.8 21.2 20.7 20.5 20.3 20.3 21.7 22.3 23.3 23.7 23.8 24.4 24.5 24.3 24.2 23.3 22.5 21.3 20.5 19.7 19.7 19.5 19.3 19.1 18.9 18.4 17.8 17.2 16.6 15.9 15.3 14.5 13.7 12.8 12 10.9 10 9.4 8.9 8.1 7.2 6 5.1 4.3 3.7 3.6 3.6 4.5 5.5 5.1 5 6.8 4.4 1.2 0.8 0.4 0.1 -0.1 0 1.4 3.1 4.3 4.9 2.1 -1.2 -1.2 -1.2 -1.2 -1.2 -1.2 -1.2
25.5 25.4 24.7 23.8 22.6 21.7 21.4 21.2 21.3 22 22 22.3 22.6 22.7 22.5 22.1 21.8 21.6 21.6 22.7 24.3 25.3 25.6 25.2 25.2 25.8 26 23.9 23.7 23.6 22 20.4 19.4 18.7 18.3 18.2 18 17.9 17.7 17.2 16.5 15.9 15.2 14.6 14 13.3 12.5 11.7 10.9 10 9.1 8.4 8.1 7.7 7.1 6.3 5.2 4.6 3.9 3.5 3.7 5.4 5.6 5.7 6.5 4 1.1 0.6 0.1 -0.3 -0.6 -1.2 -1.2 1.4 4.3 1.2 0.7 -1.2 -1.2 -1.2 -1.2 -1.2 -1.2 -1.2 -1.2
26.2 26.4 25.4 24.3 23.1 22.4 21.8 21.7 22.2 22.9 23 23 23.3 23.4 23.1 23.1 22.9 23.8 25.1 26.4 27.3 27.4 26.4 26.1 26.4 27.1 27.5 29 27.6 23.3 21.4 19.6 18.4 17.7 17.1 16.9 16.5 16.1 16.1 16 15.8 15.1 14.4 13.7 12.9 12.1 11.4 10.8 9.9 9.4 9.1 8.3 7.4 7 6.6 6 5.3 4.7 4 3.8 4.4 4.8 5.6 13.3 7.4 1.2 0.6 0.1 -0.5 -1.2 -1.2 -1.2 -1.2 0.4 0.6 -0.1 -0.4 -1.2 -1.2 -1.2 -1.2 -1.2 -1.2 -1.2 -1.2
26.5 26.6 25.8 24.8 23.7 23 22.7 23.1 23.6 23.9 23.8 23.9 24 24 24.8 24.4 25.4 27.7 29.2 29.3 28.8 28.2 27 26.6 26.5 27 27.8 27.9 25.4 23.1 21.1 19 17.5 16.8 16.3 15 14.6 14.4 14.5 14.4 14.3 14.3 13.6 12.9 12.1 11.4 10.7 10.3 10 9.8 9.4 8.3 7.2 6.5 6 5.5 5.2 4.2 3.9 4.5 5.5 5 6.9 10.1 2.6 0.8 0.1 -0.4 -1.2 -1.2 -1.2 -1.2 -1.2 -1.2 -1.2 -1.2 -1.2 -1.2 -1.2 -1.2 -1.2 -1.2 -1.2 -1.2 -1.2
26.6 26.8 26.1 25.3 24.2 23.8 24.2 24.4 24.9 24.3 24.1 24.3 24.7 25.9 26.9 27.8 29 29.5 29.3 28.5 27.6 27.1 26.1 25.7 25.7 26 26.5 26.4 24.1 22.3 20.3 18.4 16.7 15.5 14.6 13.1 12.7 12.8 13 12.9 12.8 12.8 12.7 12.5 12 11.5 11 10.7 10.4 10.1 9.7 8.2 7 6.3 5.6 5 4.4 4.1 4.2 4.5 5.8 5.4 8.2 5.5 1.1 0.4 -0.3 -1.2 -1.2 -1.2 -1.2 -1.2 -1.2 -1.2 -1.2 -1.2 -1.2 -1.2 -1.2 -1.2 -1.2 -1.2 -1.2 -1.2 -1.2
25.8 25.8 25.5 25.1 24.9 24.9 24.9 24.9 24.7 24.7 24.9 25.2 26.1 26.8 27.5 28.5 29.4 30.1 30 28.9 27.4 26.7 26.1 25.3 25.2 25.8 25.7 25 23.2 21.4 19.7 18.1 16.2 14.5 13.1 12 11.4 11.5 11.7 11.9 11.9 11.9 12.1 12.3 12.4 11.9 11.4 11 10.7 10.4 9.7 8.2 6.8 6.1 5.4 4.7 4.5 4.2 4.2 4.8 5.5 7.9 14.1 2.7 0.8 0.1 -0.7 -1.2 -1.2 -1.2 -1.2 -1.2 -1.2 -1.2 -1.2 -1.2 -1.2 -1.2 -1.2 -1.2 -1.2 -1.2 -1.2 -1.2 -1.2
24.2 24.7 24.3 24.4 24.9 25.1 25.3 25.4 25.1 24.8 25.1 25.6 25.9 26.7 26.9 27.3 28.6 29.1 29.2 29 27 26.2 25.5 24.9 24.7 25.1 24.9 24.3 22.7 21 19.4 17.7 15.8 13.9 12.8 12 11.3 10.8 10.8 10.9 11.1 11.3 11.5 11.7 11.9 12.1 11.8 11.4 11.1 10.8 9.7 8.2 6.7 5.9 5.2 4.6 4.4 4.2 4.6 5.5 5.9 9 4.1 1.3 0.5 -0.2 -1.2 -1.2 -1.2 -1.2 -1.2 -1.2 -1.2 -1.2 -1.2 -1.2 -1.2 -1.2 -1.2 -1.2 -1.2 -1.2 -1.2 -1.2 -1.2
21.8 23 23.6 24 24.6 24.7 24.7 24.7 25.1 25 25.5 25.5 25.4 25.3 25.8 26.6 27.5 28.1 27.8 27.5 26.6 25.7 24.8 24.4 23.9 23.9 23.9 23.4 22.4 20.8 19.1 17.3 15.5 14 12.7 12 11.3 10.9 10.9 10.6 10.6 10.6 10.9 11.1 11.3 11.5 11.7 11.7 11.2 10.7 10 8.6 7.5 6.3 5.5 4.8 4.3 4.1 5.3 6.3 6.3 11.3 7.5 1.1 0.4 -0.3 -1.2 -1.2 -1.2 -1.2 -1.2 -1.2 -1.2 -1.2 -1.2 -1.2 -1.2 -1.2 -1.2 -1.2 -1.2 -1.2 -1.2 -1.2 -1.2
19.7 21.4 22 23 23.5 23.6 23.9 24.1 24.9 24.9 25 24.9 24.8 24.9 25.3 26.2 27.1 27.7 27.6 27.4 26.3 25.2 24.4 23.9 23.3 22.8 22.8 22.1 21.4 20.6 19.1 17.5 15.9 14.3 12.7 12 11.3 11 10.8 10.3 10.3 10.3 10.3 10.5 10.7 10.9 11.1 11.2 10.8 10.4 10 9.3 8.3 7.1 6 5.2 4.3 4.7 6 6.5 7.3 14 4.4 1 0.3 -0.4 -1 -1.2 -1.2 -1.2 -1.2 -1.2 -1.2 -1.2 -1.2 -1.2 -1.2 -1.2 -1.2 -1.2 -1.2 -1.2 -1.2 -1.2 -1.2
19 19.7 21.2 22 22.4 22.6 23.1 23.5 24.1 24.3 24.4 24.3 24.4 24.5 25.4 26.4 26.9 27.5 28 27.5 26.9 25.7 24.1 22.8 21.9 21.7 21 20.4 19.9 19.7 19.1 17.7 16.3 14.7 12.6 11.9 11.2 11 10.3 10 10 10 10 10 10.1 10.2 10.2 10.7 10.3 10 9.7 9 8.3 7.5 6.8 5.7 4.3 5.3 6.6 7.2 9.3 10.4 2.1 0.8 0.2 -0.4 -1.2 -1.2 -1.2 -1.2 -1.2 -1.2 -1.2 -1.2 -1.2 -1.2 -1.2 -1.2 -1.2 -1.2 -1.2 -1.2 -1.2 -1.2 -1.2
19.5 18.3 20.3 21.3 21.6 21.7 22 22.4 23.1 23.6 23.8 23.9 24 24.3 25.4 25.9 26.6 27.1 27.5 27.5 27.1 26 24.3 22.8 21.4 20.2 20 19.6 19.2 18.8 18.3 17.6 16.3 15 13 11.9 11.2 10.5 9.9 9.8 9.7 9.7 9.7 9.7 9.7 9.4 9.4 10.2 9.9 9.7 9.4 8.7 8 7.3 6.6 5.9 5.4 6.1 6.6 6.9 6.8 10.3 1.3 0.7 0 -0.6 -1.2 -1.2 -1.2 -1.2 -1.2 -1.2 -1.2 -1.2 -1.2 -1.2 -1.2 -1.2 -1.2 -1.2 -1.2 -1.2 -1.2 -1.2 -1.2
