webserver/python/data/NX15.asc
ncols 200
nrows 200
xllcorner 210000
yllcorner 550000
cellsize 50
[rows 78 to 116 of 200, columns 0 to 88 of 200]
14.3 14 13.6 12.9 13.1 13 12.5 11 10.2 10.8 10.6 9.1 11.6 13.3 13.6 14.2 13.7 12.7 10.5 7.8 7.8 8.3 9.7 12.9 15.8 15.1 8.3 6.9 7.4 8 7.3 7.6 7.5 7.6 7.6 7.6 7.6 7.5 7.4 6.9 7 7.1 7.1 7.2 7.1 7.1 7.3 7.3 7.3 7.5 7.6 7.8 7.1 8.2 8.1 8 7.9 7.8 7.7 7.3 6.9 6.6 6.9 7 7.6 7.8 7.9 8.1 7.8 7.6 8.7 9.8 10.8 11.5 10.7 10.6 10.8 13.5 13.5 14 13.9 14.1 11.2 10.7 10.2 11.9 10.5 8.3 8.1
14.4 13.9 13.2 12.5 12.6 12.3 12.5 10.6 11.4 11.3 10.8 10 13.4 14 13.6 13.6 13.6 12.3 10.5 8.4 7.7 8.2 8.8 12.3 15.7 15.1 12.2 8.7 11.1 12.1 11.7 10.7 9.1 7.7 7.7 7.7 7.6 7.5 7.4 7 7.1 7.2 7.3 7.3 7.1 6.7 6.7 6.8 7.4 7.5 7.7 7.7 7.5 7.3 6.6 7 7.5 7.8 7.7 7.2 5.7 5.9 6.9 7.7 8.4 8.7 8.8 8.8 8.1 8.3 9.4 10.2 11.4 10.6 11.4 12.1 10.2 13.7 14.1 14.7 14.5 13.5 11.1 10.1 10 12.2 12.4 8.9 8.3
14.3 13.6 12.9 12.1 12.1 11.2 10.6 11.3 11.2 11.3 10.6 12.3 14.4 14.1 13.7 13.3 13.1 11.8 10.3 8.3 6.4 8.2 8.7 10.6 15 15.3 13.8 13.9 15 14.9 11.9 11.4 10.7 9.3 8.1 7.7 7.6 7.5 7.4 7.1 7.2 7.3 7.4 7.5 7.2 6.9 7.2 7.7 7.5 7.6 7.5 7.2 7 6.7 6.6 6.2 6.2 6.5 6.9 6.1 6 6.3 7.1 8 9 9.8 9.7 9.1 8.3 8.9 9.7 10.5 10.8 10.4 11 12.9 14.4 14.2 14.1 10.5 13.4 12.9 10.3 9.6 9.6 10 9.6 9.3 8.5
14.1 13.2 12.5 11.7 11.3 11 11 11 11.1 11.2 11.5 14.4 14.2 13.8 13.5 13.2 13 11.5 10 9.1 8.2 8.1 8.5 9.9 13.9 15.6 15.3 14.8 15.5 15.3 13.1 12.6 11.9 11 8.4 7.9 7.6 7.6 7.5 7.2 7.3 7.5 7.8 7.6 7.3 7.1 7 7.4 7.6 7.7 7.9 7.4 6.5 6.2 6 5.9 6 6.5 6.9 6.7 6 6.5 7.2 8.2 9.3 10.6 9.7 9.4 8.6 9.9 11 11.6 10.5 10.2 11.4 14 14.1 13.6 13.1 10.3 13.2 11.7 9.7 9.4 9.8 10.5 10.1 9.8 9.3
13.6 12.9 12.1 11.3 11.5 11.5 11.5 11.5 11.5 11.2 13.8 14.4 13.9 13.5 13.3 13.1 13.1 12.4 11.3 10.4 9.2 8.1 8.5 9.5 13.1 15.3 15.6 15.5 14.8 15.2 14.8 14.5 13.8 12.3 9.3 8.2 7.7 7.6 7.5 7.4 7.6 7.9 8 7.7 7.4 6.5 6.5 7.2 7.5 7.7 8.1 8.4 7.4 6.3 5.9 6.7 7.1 7.4 7.7 7.5 6.2 7.2 7.2 8.6 10.2 9.5 9.3 9.1 8.8 10 11.9 12.1 10.6 11.5 12.6 13.9 12.7 11.9 11.1 10.4 10.6 10.3 10.7 9.3 10.2 11 10.5 10.1 9.9
14.2 13 12.1 11.9 11.9 11.5 10.7 11.2 12.1 13 13.3 13.6 13.5 13.4 13.2 13.2 13.1 12.6 11.9 10.6 8.8 8.1 8.7 9.1 12.1 14.8 15.2 16 16.7 16 15.6 15 14 12.9 12.1 8.9 8.1 7.6 7.8 8 8 8.3 8.1 7 7.2 7.2 6.8 7.5 8.2 8.5 8.3 8.6 8.6 8.2 7.7 8.1 8.1 7.7 7.5 6.7 6.6 7.3 7.9 9.1 9.5 8.5 8.9 8.7 9.6 12.7 13.4 12.9 10.3 10.2 12.8 12.6 11.5 10.5 10.2 10.2 10.4 10.2 10.7 9.6 10.4 10.7 10.9 10.4 10.5
13.8 12.8 12.1 11.6 11.6 11.3 11.4 12.3 13.4 14.8 14.5 14.2 13.6 13.3 13.5 13.2 13 12.3 10.9 9.7 9.3 8.4 8.6 9.4 11.7 14.1 15.6 16.1 16.8 16.5 16 15 14.3 13.7 12.7 10.3 8.2 8.3 8.6 8 7.9 8.4 8.1 7.6 7.6 7.7 6.5 7.1 7 7.7 8.1 8.6 8.6 8.5 8.1 8.2 7.8 7.2 6.5 5.9 6.8 7.6 8.5 9.7 9.1 9 9.1 10.1 11.3 10.4 13.3 12.1 10.2 10.2 11.1 14.3 11.1 10.8 10.2 10 10 9.4 10.3 10.1 8.9 9.5 10.7 10.8 11.1
13.5 12.8 12.2 11.5 11.2 11 12.6 13.4 14.7 15.4 15.2 14.7 14.2 13.7 13.2 12.9 11.9 11.1 11.4 9.3 8.7 8.1 7.5 9.5 11.6 14.1 15.8 16.2 16.7 16.7 15.1 14.9 14.2 13.1 12.8 10.6 8.6 8.6 8.3 8.2 8.1 8.3 8.3 7.8 7.6 7.8 7.6 6.1 7.7 7.6 8.1 8.6 8.5 8.4 8.3 8.1 7.5 6.9 6.3 7.8 8.2 8.7 9.1 9.3 9 9.2 9.4 10.6 10.9 9.7 9.6 10.1 10.6 10.3 15.1 11.4 13.4 12.9 13.6 11.7 11.1 14 17.8 17.6 10.7 9.4 11.7 11.8 11.4
13.2 12.6 12 11.5 10.9 12 13.5 15.7 15.3 15.5 15.2 14.8 14.4 13.9 13.5 13.1 12.1 12.1 11.7 10.1 8.5 8.1 8.7 9.2 11.8 15 16.2 16.5 16.8 16.4 15.8 14.5 13.4 12.5 12.3 11.6 8.9 8.7 8.5 8.4 8.3 8.2 8.5 8 7.7 7.8 8 6.6 7.5 7.4 8.1 8.6 8.4 8.3 8.1 7.9 7.4 6.9 6.3 7 8.7 9.2 9.5 9.4 9.1 9.3 9.9 9.8 12 13.9 11 10.9 10.2 13 14.5 11.8 11.7 10.5 15.7 15.4 15.8 16.5 19.1 21.3 18.1 14.2 10.8 13.7 10.9
13 12.4 11.9 11.3 11.7 12.8 14.9 15.2 15 15.2 14.9 14.5 14 13.7 13.3 13 12.5 12 11.4 10.4 8.9 8.3 8.9 10 12.8 15.6 16.5 16.7 16.5 16.1 15.6 14.2 12.7 12.3 12.5 11.6 9 8.9 8.8 8.7 8.6 8.5 8.5 8.3 7.7 7.9 7.4 7 7.1 7.3 8.1 8.5 8.4 8.2 8.1 7.8 7.3 6.8 6.4 7.2 8.1 9.4 9.3 9.3 9.1 9.7 10.3 10.6 13 15.2 14.8 16.4 18.1 15.7 19.2 19.2 18.2 12.7 18.4 12.4 13 19.8 16.7 11.6 17.3 16.9 12.4 11.8 10.4
13 12 11.5 11.2 12.2 13.5 14.6 14.8 15 15 14.6 14.2 13.9 13.5 13.2 12.9 12.5 11.7 11 10.2 8.9 8.4 9.2 11.3 13.8 15.3 16.2 16.6 16.2 15.7 14.8 13.1 12.4 11.7 12.2 11 9.1 9.1 9 8.9 8.8 8.7 8.6 8.5 7.9 7.1 6 6.3 6.7 7.2 8.1 8.4 8.2 7.7 8.1 7.6 7.2 6.7 6.8 7.7 8.9 9.5 9.3 9.2 9.6 10.2 10.8 11.3 13.3 17.6 19.5 19.5 17.1 19.7 20.3 20.6 21.3 20.4 16.1 10.8 14.2 11.8 12.7 12.7 10.1 10.5 15.5 11.8 9.8
13.1 11.5 11 11.5 12 13.2 13.6 13.7 13.9 14.5 14.4 14.1 13.8 13.5 13.2 12.8 12.2 11.3 10.5 9.7 8.9 8.2 9.2 10.4 13.7 14.7 15.6 16.4 15.9 15.4 13.9 12.2 10.4 11.8 12.3 11.8 9.1 8.9 8.9 8.8 8.8 8.8 8.7 8.6 7.7 6.7 6.2 6.5 6.8 7.1 8.1 8.2 7.8 7.8 8 7.5 7 6.6 7.4 8.8 9.8 9.5 9.7 10 10.2 12.1 11.1 11.2 11.6 18.1 17.1 17 17.5 18.9 21.6 20.1 15.4 17.5 22.4 12.6 11.4 14.6 14.7 17.8 19.3 18.3 12.8 13.5 9.9
13.1 11.1 10.9 11.8 12.3 12.2 12.4 13.1 13.3 13.4 13.8 14.1 13.8 13.5 13.1 12.3 12 11.3 10.4 9.5 8.6 8.5 9.3 10.3 13.5 14.7 16.2 16.4 15.9 14.6 13.4 11.8 10.2 11.2 12.5 11.5 9.1 8.9 8.7 8.7 8.6 8.6 8.6 8.6 7.4 6.4 6.7 7.3 7.5 7.4 7.2 7.8 7.4 8.1 7.8 7.4 6.9 6.5 8.7 10 10.1 9.6 9.7 10.1 11.9 12.3 13 11.9 13.8 18.6 22.2 18 15.9 16.2 18.5 16.2 14 18.2 20.8 18 11 15.6 18.1 14.1 13.2 13.7 13.9 10.8 11
12.6 10.4 11.4 12.3 13.1 13.1 12.7 13.2 12.8 12.6 12.8 13 13.4 13.4 12.4 12.1 11.7 11.2 10.3 9.4 8.4 8.8 9.5 11.3 14.7 15.7 16.3 16.4 15.4 13.8 12.6 11.3 10 10 11.2 10.2 9.7 9.2 8.8 8.5 8.5 8.4 8.4 8.5 7.8 7.1 8 7.8 7.6 7.5 7.4 7.3 7.4 8.2 7.7 7 6.7 6.8 8.7 10.4 9.4 9.5 9.8 10.1 10.6 12.2 11.6 15.3 14.6 18.1 22.5 19 17.6 16.1 17.2 19.5 19.3 19.9 19.5 18.3 19.6 11.7 13.8 14.3 13.1 10.1 9.7 9.5 9.5
11.7 10 12.4 14.7 15.1 14.9 14.3 12.8 12.3 12.8 13 13.2 13.2 13.2 12.4 11.8 11.4 10.9 10.3 9.3 6.6 8.9 9.8 13.3 15.7 15.8 15.8 15.7 14.9 12.9 12 11.8 11.8 11.9 11.7 11 10.2 9.8 9.4 8.9 8.5 8.3 8.3 8.3 8.4 8.2 8.1 8 7.8 7.7 7.6 7.6 7.6 7.4 7.2 7.1 7.1 7.9 9.2 9.9 9.7 10 10.3 11 14 16.1 14.1 13.7 14.3 14.8 22.5 21.2 17.7 15.4 19.7 21.1 25.4 21.7 20.2 27.5 23.2 19.2 10.7 11.7 10.4 10.1 9.5 9.3 9.3
10.6 10 12.3 14.7 15.3 15.1 13.9 12.6 12.6 12.9 12.8 12.8 12.8 12.8 12.3 11.4 10.9 10.3 9.7 8.9 8.3 8.7 11.1 14.3 15.5 15.7 15.4 15.3 14.7 13.3 12.3 12.2 12.1 12.9 12.4 11.2 10.1 9.7 9.3 8.8 8.5 8.5 7.8 7 6.7 8.4 8.3 8.1 8 7.9 7.8 7.9 7.8 7.7 7.5 7.8 7.5 8.2 10.2 9.8 9.8 10.1 10.5 11.6 15.6 19.9 16.6 18.9 19.1 12.9 11.5 15.2 16.7 15.6 19.5 21.8 15.6 16.3 21.2 19.4 16.3 19 18.5 11.7 12.6 11.4 9.9 9.4 9.5
9.1 9.5 11.3 13.6 14 13.7 12.5 11.7 11.7 12.7 12.6 12.5 12.4 12.4 12.2 11.7 11.1 10.2 9.2 8.4 8.6 9.4 12.9 15.7 15.8 15.5 15.3 17.9 14.4 13 12.2 12.3 12.3 12.6 11.9 11.1 10 9.6 9.1 8.8 8.6 8.7 8.9 7.9 7 8.7 8.5 8.3 8.2 8.1 8.1 8.2 8.1 7.9 7.8 8.6 9.1 9.5 8.8 10 10.1 10.2 10.8 14.1 14.2 15.5 19.6 17.3 16.1 17 15 13.3 17.7 18.6 18.5 14.2 14.2 14 17.4 17.4 14.2 18.5 24.5 23.2 18.9 15.8 12.4 9.9 10
12.4 10.4 10.2 12.7 11.1 10.4 9.7 10.5 10.4 11.5 12.4 12.4 12.3 12.2 11.8 11.7 11.6 10.8 9.7 8.5 8.6 10.4 12.8 16.3 15.5 15 14.5 14 13.6 12.7 12.1 12.2 12.2 12.1 11.2 10.7 9.9 9.4 9.2 8.9 8.7 8.9 9.2 9 7.3 9 8.6 8.5 8.4 8.4 8.4 8.4 8.4 8.2 8.7 8.9 9.5 10.1 9.6 10.1 10.5 12.2 14.3 17.7 14.7 14 20.6 14.7 11.4 12.7 10.9 11.4 14.3 18.1 13 14.2 20.1 11.5 10.9 13 15.5 16.7 16 21.7 14.2 12.8 12 10.1 10.9
12.6 11.6 10.3 9.8 9 9 8.8 9 9.1 10 11.9 12.2 12.1 11.7 11.4 11.1 10.1 9.8 8.6 7.9 9.1 10.4 13.5 14.8 15.5 14.9 14.4 13.8 13 12.3 12.1 12.1 12.1 12.1 10.5 9.9 9.8 9.5 9.3 9.1 8.9 9.2 9.4 9.2 7.7 9 8.8 8.7 8.6 8.6 8.7 8.7 8.7 8.8 9 9.2 9.9 10.6 10.9 10.9 13 14.4 15.9 19.1 19.9 14.3 18.3 12.1 11.7 11.5 11 11 12 15.7 17.5 12.1 12.4 14.5 13.8 12.4 16.4 15.9 15.6 17.5 13.1 14.5 10.4 11 11.8
12.9 12.1 11.5 10.4 9.9 10.7 9.9 8.3 8.7 8.9 10.3 12 11.6 11.2 10.6 8.9 8.6 8.1 8.7 9.4 12 13.4 14 14.5 15.5 15 14.3 13.5 12.7 11.9 12 12 12 12 11.8 10.4 9.9 9.7 9.4 9.2 9.2 9.4 9.6 9.5 9.4 9.1 9.1 8.9 8.9 8.9 9 9 9 9.2 9.4 9.5 10.2 10.5 10.9 11.3 11.9 10.9 15.1 20.6 19.7 21.4 18 12.9 11.7 11.7 11.3 11 16.8 15.7 14.4 13.1 12.3 11.1 15.4 12.4 14.1 13 11.1 16.3 12.7 11.9 10.8 10.9 9.5
13 12.3 11.6 11.5 12.2 11.4 11.5 10.5 9.4 8.6 9.4 10.2 10 8.9 8.6 8.5 8.9 10.1 10.8 10.7 13.6 14.8 15.2 15.4 15.5 14.8 14 13.2 12.4 11.8 11.9 12.1 12 12 11.6 10.6 9.9 9.7 9.5 9.3 9.4 9.9 8.1 9.9 9.9 9.7 9.4 9.1 9.2 9.2 9.3 9.3 9.4 9.6 9.8 10 10.1 10.4 10.9 12.4 11.6 17.3 16.9 14.1 12.9 23.8 24.4 13.4 11.3 11.2 11.4 12 14.2 13.2 11.2 12.4 12.9 14.5 10.7 14.4 14.5 16.6 13.1 10.3 13.6 10.2 10 10.8 11.5
13.5 12.2 11.4 11.2 11.9 11.9 11.5 9.8 8.7 9 9.2 9.1 9.1 9.5 9.7 10.3 11 12 13.3 13.9 14.2 15.1 15.4 15.4 15.3 14.1 13.5 12.9 12.1 11.7 11.8 12 12.1 12.1 11.6 10.4 10 10.1 10.1 9.9 10.2 10.1 9.6 9.5 9.5 9.6 9.8 9.6 9.6 9.7 9.7 9.6 9.7 10 10.3 10.7 10.7 11.4 13 12.1 16.1 18.5 20 11.2 14 12.6 13.9 19.1 12.2 10.7 12.4 13.4 16.7 16.3 13.5 12.8 12.9 13.2 16.7 13.7 11.9 11.4 11.8 12.5 16 10.9 12.9 10.7 9.7
14 12.2 11.7 11.7 10.7 10.4 10.3 8.9 10.3 10 10 10 10.3 10.9 11.3 12.1 12.9 13.8 14.5 14.9 15.2 15.4 15.3 15.2 15.1 13.5 12.7 12.1 11.6 11.5 11.7 11.9 12 12.2 11.8 9.7 10 10.1 10.2 10.3 10.4 10 10.3 10.8 10.4 10 10.2 10.2 10.1 10.1 10 9.8 10 10.3 10.7 10.6 10.7 12.1 13.8 14 16.3 18.9 22.2 19.5 21.5 18.9 19.2 19.2 12.6 12.7 11.9 16.8 20.4 14.4 12.3 13.6 12.3 12.4 10.9 12.2 13.1 11.1 11.4 14.1 12.3 13.1 10.6 11.8 10.3
13.8 12.3 12.2 11.5 10.2 8.9 8.8 10.1 11.3 11.5 11.3 12.2 12.7 13.1 13.7 14.5 14.6 14.8 15 15.2 15.5 15.7 15.2 15 14.9 13.4 11.8 11.3 10.6 11.2 11.4 11.5 11.7 12.1 11.9 11.4 9.8 9.9 10.1 10.2 10.3 10.3 11.1 11 10.9 10.8 10.4 10.4 10.4 10.4 10.2 10.1 10.4 10.8 11.2 10.8 12.3 12.5 12.2 15.1 12 15 19.6 18.1 12.4 13.8 10.9 13.3 13.1 13.8 15.2 15.3 19.7 12.6 12.4 12.9 10.8 11 12.2 12.6 10.8 14.1 16.1 12.6 13.1 11.2 10.3 9.4 9.4
13.6 12.3 11.7 10.9 9.9 8.8 9.4 10.3 11.3 13.7 14.1 14.7 15 14.6 14.6 14.8 14.9 15.1 15.2 15.5 15.7 15.9 15.3 14.8 14.7 13.2 11.4 10.6 10.6 10.9 11 11.2 11.5 12.1 11.7 10.2 10 10 10 10.1 10.2 11.3 11.2 11.1 11 10.9 10.8 10.7 10.5 10.1 10.3 10.5 10.9 11.4 11.8 12 13 13 17.5 14.8 22.7 22.2 21.6 11.9 11.1 12.2 13.3 12.9 14.8 14.6 13.2 14.6 17.3 14 11.9 11.1 11.4 11.6 16.4 13.6 12.4 15.1 14.2 12.2 11.6 11 10.1 10.2 9.8
15.8 13.5 10.9 10 9.2 9.1 9.7 10.6 11.4 13.9 15.2 15 15 14.7 14.9 15.1 15.2 15.4 15.5 15.7 16 16 15.4 14.9 14.4 13.1 12.3 11.7 10.7 10.7 10.7 10.9 11.1 10.9 10.6 10.6 10.4 10.3 10.2 10.1 9 11.1 11.1 11 10.9 10.8 10.7 10.6 10.6 10.3 10.5 10.6 11.1 11.8 12.3 12 11.8 12.2 12.5 12.9 13.4 14.3 15.5 13.7 13.2 13 13.5 12.7 12.5 14 12.4 13.6 12.7 18.3 12.2 11.1 12.2 11.2 12 13.8 11.5 14.9 13.1 14 11.8 11.1 9.3 9.2 10.1
16.4 13.6 11 9.3 8.7 9.4 10.1 11 11.9 13.2 14.9 14.9 15 14.8 15.1 15.3 15.5 15.7 15.8 16 16.2 16.1 15.6 15 14.6 14.3 13.7 12.6 10.8 10.7 11.2 11.3 11.3 9.8 10.9 10.9 10.8 10.7 10.6 10.4 10.3 10.6 11 10.9 10.8 10.7 10.6 10.5 10.8 10.5 10.7 11.1 10.8 12.2 13.4 12.5 11.8 12.2 12.6 12.7 12.8 13.1 13.5 13.6 13.9 15 13.9 19.3 12.3 11.4 12 12.4 11.6 11.6 15.8 11.7 11.7 11.6 12.3 12.6 11.6 12.6 12.1 10.8 10.1 9.5 9.9 9.6 10.4
13.9 12.1 10.9 9.1 9.4 10.1 10.9 12.4 13.8 15.1 15.2 14.9 15 15 15.3 15.6 15.8 16 16.1 16.3 16.5 16.2 15.7 15.4 15.1 14.9 14.5 12.2 11.1 10.9 10.9 11.2 11.4 11.4 11.4 11.4 10.4 11.1 10.9 10.3 10.1 10.3 10.7 10.8 10.7 10.6 10.5 10.7 11 10.8 10.9 11.5 13.4 14 13.3 15.8 11.9 12.1 12.4 12.5 12.5 12.7 12.9 13.2 13.5 13.8 18.1 17.8 13.9 12.8 13.9 14.3 12.9 13.4 15 13.3 11.6 11.4 13.4 13.6 12.6 10.3 10.1 9.5 8.9 9.3 9.6 9.7 10.1
13 11.3 10.2 9.1 9.9 10.9 12.2 13.8 15.1 15.6 15.4 15.2 15 15.2 15.6 15.8 16 16.2 16.4 16.6 16.7 16.4 16.1 15.8 15.5 15.1 14.4 12.3 10.7 10.8 11 11.2 11.4 11.4 11.4 11.5 11.6 11.6 11.6 10 9.7 10 10.4 10.8 10.7 10.6 10.5 11 11.1 11 11.2 13 11.3 13.9 13.8 16.4 12.5 12 12.1 12.2 12.3 12.4 12.5 12.9 13.3 13.6 14 18.3 19.6 15.6 12.8 13.3 14.5 11.2 12.8 12.9 12.2 10.3 10.6 12.8 10.1 9.6 9.1 9.1 9.2 9.5 9.3 8.9 9.5
12.6 10.4 9.5 9.4 10.9 11.4 14.6 15.5 15.6 15.7 15.5 15.3 15.3 15.6 15.8 16 16.1 16.3 16.4 16.6 16.7 16.5 16.2 15.8 15.5 15 14.2 12 10.8 10.9 11.1 11.3 11.4 11.4 11.5 11.6 11.7 11.6 10.8 10.4 10.5 9.7 10.1 10.4 10.6 10.5 10.8 11.4 11.3 11.4 13 15.5 12.5 14.7 16.7 13 13 11.8 11.9 12.2 12.1 12.2 12.2 12.4 12.8 13.1 13.5 16 21.1 11.8 12.3 13.5 15.6 14.2 12.2 11.2 10.8 10.1 9.7 10.2 9.6 9.4 8.9 8.7 8.6 8.7 8.7 8.9 8.4
11.9 9.7 9.4 9.9 10.8 11.6 14.4 15.4 15.6 15.8 15.6 15.6 15.8 15.9 15.9 15.9 16.1 16.2 16.4 16.5 16.7 16.7 16.2 15.9 15.4 14.7 14 12.3 12.1 11.4 11.2 11.4 11.5 11.5 11.6 11.7 11.8 11.1 10.2 10.1 9.8 9.6 9.8 10.1 10.5 10.6 11.2 11.6 12.1 12 13.7 14.4 15.1 12.5 19 12.3 12.6 17.7 12.1 11.8 12.1 12 12 11.9 12.3 12.6 13.2 13.4 17.7 12.9 13.2 12 10.8 12.9 12.8 11.4 9.9 9.6 9.4 9.2 9.1 8.9 8.7 8.4 8.7 9.1 10.2 9.6 8.4
10.3 9.2 8.9 9.7 10.6 11.2 13.2 15.2 15.5 15.9 15.8 15.9 15.9 15.9 16 15.8 16 16.1 16.3 16.4 16.6 16.5 16.2 15.8 15.1 14.4 14 13.6 12.8 12.1 11.4 11.5 11.5 11.6 11.7 11.7 11.7 10.9 10.1 10 10 9.9 9.8 9.9 10.3 11 12.3 12.2 13.2 14.8 12.7 16.2 14.2 14 17.4 13.8 14.9 18.5 12.2 12 11.9 11.8 11.8 11.7 11.8 12.1 12.5 12.8 13.1 12.1 11 11.4 10.8 10.9 11 10.5 9.3 9 9.4 9 8.8 8.6 8.6 9.2 9.6 8.9 8.7 8.7 8.6
11.1 9.2 8.5 9.6 10.2 10.8 12 15.3 15.7 15.9 15.9 15.8 15.9 15.9 16 15.7 15.9 16 16.2 16.4 16.5 16.5 16.7 15.6 14.9 14.4 14.1 13.8 12.3 11.7 11.7 11.5 11.6 11.6 11.6 11.6 11.6 11.1 10.4 10.3 10.2 10.1 10.1 10 10.4 11.1 11.8 12.4 12.8 13.9 12.1 20.2 12.8 17.5 16.3 16.2 19.7 17.5 20.6 11.8 11.7 11.6 11.6 11.5 11.5 11.6 12 12.4 12.7 13 11.1 10.8 10.9 10.9 10 9.2 8.8 8.8 9.6 8.9 8.7 8.9 9.3 8.9 8 7.8 9 7.6 7
11.6 9.8 9.2 9.5 9.7 10.2 10.9 13.5 15.7 15.8 15.8 15.8 15.9 16 16.1 15.9 15.8 15.9 16.1 16.3 16.4 16.3 16 15.4 14.9 14.6 14.1 13.6 12.1 12.1 12.1 11.3 11.7 11.8 11.8 11.5 11.1 11.5 11.1 10.5 10.5 10.4 10.3 10.4 10.8 11.4 12.3 12.6 14.3 14.3 12.1 14.1 15.2 20 17.9 12.6 18.1 23 17.9 17.6 11.8 11.9 12 11.7 11.5 11.2 11.6 11.9 12.2 12.6 11 10.5 9.9 9.3 9 8.9 9 9.1 9 8.8 9.1 9.1 8.6 8.9 8.5 7.9 7.4 7 6.7
14.4 12 10.2 9.3 9.5 9.7 11 12.6 14.4 15.1 15.8 15.9 16 16 16.1 16 15.7 15.9 16 16.1 15.9 15.8 15.6 15.3 14.9 14.4 14 13.3 12.7 12.7 11.9 10.9 10.9 11.5 10.8 10.3 11.7 11.7 11.4 11 10.7 10.7 10.6 11.1 11.4 12.3 12.7 12.3 12.5 15.7 13.9 14.5 20.9 17.5 18.5 13.7 13.4 16.2 13.7 15.8 12.6 12.2 11.8 11.8 11.4 11.1 11.1 11.5 11.8 12.1 12.3 9.6 8.6 9 9.1 9.1 9.2 9.3 9.3 9.3 8.9 8.6 8.2 8.3 7.9 7.2 7.1 6.8 6.4
17.1 14.6 11.9 9.8 9.3 9.1 10.1 11.1 12.9 13.9 15.6 16 16 16.1 16.2 16.1 15.6 15.8 15.7 15.5 15.4 14.7 14.1 13.4 14.2 14.2 13.8 13.3 12.2 11.2 11.1 10.8 10.3 10.4 10 11.2 11.5 11.5 11.5 11.4 11 10.9 10.9 11.8 12 13.3 13.6 12.2 12.7 15 14.1 20.5 17.8 16.6 12.3 14.1 13 12.4 14.4 11.7 12.9 11.9 12 11.6 11.3 11 10.7 11.1 11.4 11.7 11.8 11.1 9.2 8.7 8.5 8.6 8.7 8.7 8.8 8.5 9 7.7 7.6 7.4 6.9 6.6 6.6 6.5 6.2
17.6 17.8 15.3 11.3 9.8 9.6 9.9 10.6 11.8 13.5 15.4 16 16.2 16.4 16.5 16.6 16 15.9 15.9 15.8 15.4 14.8 13.4 12.1 11.7 12 13.4 13.1 11.7 11.2 11.1 10.6 10 9.7 9.9 11.1 11.3 11.3 11.3 11.3 11.3 11.2 11.3 12.5 12.3 13.7 13.8 11.8 11.9 12.2 16.3 13.9 13.3 12.6 11.5 11.2 12.3 13.5 12.5 13.1 13.8 12.3 11.9 11.5 11.2 10.9 10.6 10.6 11 11.2 11.4 11.7 9.2 8.6 8.1 8 8 8.1 8.2 7.6 7.6 7 6.7 6.5 6.1 6.1 6.1 6.1 5.8
17.9 18.5 17.4 12.5 10.8 10.5 10.8 11.3 12.1 13.1 13 15.8 16.2 16.4 16.6 16.5 16.5 16.6 16.2 15.9 15.3 14.8 13.8 12.6 12.5 11.8 11.1 12.1 10.9 10.3 11 10.4 9.8 9.6 10.2 11 11.1 11.1 11.2 11.4 11.5 12 12.5 12.9 12.9 14.8 14.4 12.3 11.9 11.3 17.4 16.2 14 11.7 12.9 14.5 13.2 13.7 12.1 12.1 14.1 13.4 11.8 11.4 11.1 10.8 10.5 10.3 10.6 10.8 11.1 11.3 11.6 8.5 8 7.5 7.4 7.5 7.2 6.6 6.5 6.6 6.4 5.9 5.7 6 6 6 6.2
17.8 18.4 17.8 17 12.8 11.5 12 12.4 12.8 12.5 12.8 15.3 16.3 16.4 16.3 16.1 16.1 16.3 16.2 15.8 15.3 14.7 14.1 13.3 12.3 11.6 10.8 10.5 11.2 9.3 9.9 9.7 9.3 9.9 10.5 10.9 11.3 11.5 11.6 11.8 12.1 12.6 12.9 13.2 14.5 15 12.5 13.4 11.9 11.4 12.9 14.3 14.1 12.7 11 14.7 13.7 12.9 12.1 17.1 16.7 13.7 10.1 11.3 10.9 10.7 10.4 10.2 10.1 10.3 10.5 10.6 10.8 10.1 7.9 7.4 6.9 6.8 6.6 6.5 6.4 6.2 6 6.3 6.1 5.7 5.8 6.1 6.5
