webserver/python/data/NX16.asc
ncols 200
nrows 200
xllcorner 210000
yllcorner 560000
cellsize 50
[rows 36 to 71 of 200, columns 80 to 159 of 200]
147.4 149.7 145.1 140 134.6 127.1 121.1 114 112.9 115.1 113.6 103.5 98.7 100.2 106.4 111.2 116 123.2 130.5 137.7 144 148.7 144.7 138.9 133.9 131.8 130.9 129.7 126.8 123.2 121.9 120.2 117.7 114.8 110.5 110.2 113.4 116.5 120.7 124.6 125.9 123.8 121.5 122.8 125.9 125.4 124.4 125 123.6 125.2 129.4 132.1 135.9 141.6 147.3 155.6 157.1 159 162.2 166 165.2 166.9 169.1 172.7 173.3 175.5 174.5 172.6 169.7 167.2 165.4 158.4 155.4 153.5 150.8 144.8 139.1 130.2 123.4 123.1
154.2 157.2 148.9 139.3 133.5 121.7 122.8 125.9 124.2 119 115.4 111.4 104 98.8 102.8 103 106.2 112.8 122.2 131.2 138.4 144.7 143.6 137.1 131 127 125.9 124.8 122.5 120.3 119 117.6 116 114.7 111.2 108.2 110.5 113.8 117.3 121.9 122.1 120.4 118.2 120.9 122.2 121.8 119.3 120.5 123.8 126.6 129.9 133.7 137.3 142.2 150.8 157.7 159.8 161.3 164.1 166.1 166 167.8 168.9 170.3 170.4 171.5 170 167.5 164.6 163.7 158.3 153.9 152.8 151 147.4 141.4 135.4 129.6 123.2 120.6
155 149.8 145.4 133.7 132.5 132.8 129.9 133.9 129.9 122.6 114.1 109.6 104.3 101.2 97.3 102 101.9 105.6 115.2 124.8 132.9 140.9 143.3 137.5 131.3 125.2 121.3 119.9 118.7 117.8 117 116 116 115.6 110.6 104 106.8 109.9 114 118.6 118.9 117 116.8 117.2 116.3 116.3 121 123 124.5 127.9 131.5 135.2 141.1 147.5 153.2 157.6 160 163.1 165.2 166.3 166.7 167.4 167.3 168.7 168.8 167.7 166.1 163.2 160.1 158.3 155.6 152.9 150.9 148.9 145.5 140.8 134 129.8 124.1 119.4
152.1 147 136.4 144.6 143.2 139.8 136.8 140.5 130.7 124.5 114.4 109.1 105.2 104.4 100.1 97.6 96.6 98.5 108.1 119 129.2 137.8 141.3 138.1 131.8 125.8 120.7 117.1 116.1 115 115 114.3 115.5 111.4 105.3 101.4 105.6 107.9 110.9 114.5 115.3 112.5 110.6 113.7 121 124.1 124.6 125.2 126.9 129.8 133.8 137.8 143.4 151.3 155.7 157.5 159.8 163.5 165.3 166.3 166.7 166.8 166.7 167.1 166.8 165.1 162.5 159.4 157.6 155.8 153.8 151.5 149.1 146.8 144.4 140.5 135.2 129.3 123 119.7
144.1 147.2 150.5 149.3 146.9 142.3 136.6 134.2 128.6 125.1 117.6 109.9 106.8 105.7 104 97.5 97.4 96.8 97.5 110.7 122.7 132.8 138.5 139.1 134.1 126.8 120 116.1 116.3 114.2 112.8 112.1 110.6 107.5 103.6 99.1 102.4 105.4 107.8 110.8 110.8 106.3 114.3 121.3 124.3 127.4 127.8 128.2 129.5 132.5 136.5 140.3 144.4 153.1 155.9 157 160.4 164.6 165.5 166.4 166.6 166.5 166 165.4 163.6 161 157.8 156.2 155.1 153.1 151.1 149.1 147.1 144.9 142.5 140.2 134.2 129.2 124.6 120.1
161.5 161 156.3 150.8 147 140.7 135.4 129.7 125.3 119 116.8 112.5 109.5 105.8 104 102.7 98.3 96.8 96 100.6 115.3 126.8 133.5 136.5 136 128.5 121.6 118.3 117.9 115.8 112.3 108.7 105.5 102.7 97.7 96.1 101.3 102 102.2 99.9 104.5 113.4 118.4 124.1 127.5 129.4 130.3 131.2 132 135.5 139.1 141.9 145.3 153.3 156.8 157.4 161.7 165.6 166.7 167.1 166.8 166.7 164.9 163.8 161.3 158.3 155.1 153.7 152.3 150.2 148.2 146.2 144.6 143.2 140.4 138.3 133.5 131.1 131.3 129.9
162.2 159.1 156.4 148.6 142.6 137.8 135.1 132.3 128.9 124 120.3 115.6 110.8 108.1 104.9 102.8 101.3 96.8 95.8 96.6 100.3 119.9 128 132.9 134.2 128.6 124 121.8 120.2 116.6 111.6 107 101.8 96 93.7 95.3 96.5 94.2 100.1 106.6 111.4 115.7 121.6 126.3 130 131.4 132.3 133 134.4 137.6 141.1 142.2 146 152.2 154.6 158.3 163 166.7 167.2 167.7 167.1 166.3 164.5 162.2 159.8 157.5 153.8 151.9 150.2 147.1 145 144.7 144.4 142.4 140.9 139 137.5 139.2 136.1 136
163.9 158.8 152.3 146.7 139.5 139.2 135.9 134.7 131.1 126.9 121.3 116.2 110.4 106.6 103.7 102.3 101 99.7 95.9 95.3 98.6 109.8 122.6 128.3 131.1 129.2 125.1 126.1 122.5 115.9 110.4 105.6 100.6 95.2 91.2 92.5 92.4 98.1 104.4 109.6 113.6 118.6 124.3 128.9 132.3 133.3 133.8 134.4 136.5 138.1 139.7 142.4 145.7 150.9 154.9 158.8 164.6 169 169.2 168.6 167.8 166.8 165.8 163.1 160.3 158.8 155.3 152.7 148.7 145.3 144 143 143.3 143 141.8 141 141 141.9 141.2 144.6
162.5 156.2 149 146.4 140.1 139.6 137.5 136 130.5 127.8 119.5 115.4 112.5 108 105 102.5 101.6 100.6 95.7 95.2 94.9 100.9 115.2 122.4 127.1 127 125.8 126.7 122.7 115.1 108.4 103.6 97.9 94 90.3 91.1 89.6 98.7 105.1 111.1 117 119.4 127.2 131.1 133.2 133.8 135.1 135.8 137.3 138.6 139.4 142.1 145.6 149.5 153.2 159.7 166.9 171.1 170.7 169.2 167.4 166.9 166 163.4 161.1 159.6 157 152.4 146.1 143.4 142.3 141.7 142.2 142.7 143 142.8 143.1 145.1 147.9 151.4
159.1 154.3 149.1 147.4 143.4 139.4 136.2 134.7 130.3 124.3 119.8 116.3 112.7 110.5 108.7 104.2 102.6 100.8 95.9 95 94.4 96.7 107.5 117.1 122.1 125.2 125.9 126.4 122.3 113.5 106 100 94.7 91 87.9 87.4 88.5 95.6 102.8 112.1 118.7 123.1 128.6 132 133.4 133.9 134.5 136.3 137.4 138.4 138.7 141.7 145.3 148.8 153.9 161.6 168.9 170.9 170.5 168.1 167.2 166.8 166.1 163.8 161.9 160 156.6 150.7 144.5 141.6 140 140.6 141.3 142.5 144.2 144.7 146.4 149.7 153.4 157.5
159.1 155.6 150.2 146.8 143.7 137.5 132.4 129.3 127.4 124.4 121.9 119.5 114.4 111.4 109.4 111.7 109.4 108.9 103.5 98.5 94 93.7 99.2 111.6 116 119.7 123.7 125.7 121 113.1 104 96.7 92 89.4 84.6 84.3 88.6 93.8 99.7 108.9 115.8 122.1 127.9 130.9 131.5 132.6 134.2 135.4 136.4 136.4 137.2 140.8 144.6 149.4 155.6 162.9 168.4 171.1 169.3 167.4 167 166.6 166.1 164.6 162.7 159.6 155.8 148.8 142.8 139.8 138.8 139.8 140.8 142.4 144 145.7 148.6 152.6 157.2 161.8
157.2 153.6 149.6 144.8 143.2 132.6 129.1 126.5 124.1 126 122.4 120 121.9 114.3 111.1 115 118.4 117.4 112.3 105 95.8 93.3 93.1 105.2 110.8 114.8 119.8 123.8 120.2 112.6 105.5 95.4 91.4 88.8 86.3 83.9 86.6 89.6 96.9 105.4 111.9 117.5 125.6 128.7 130.3 131.8 133.9 134 134.3 133.2 135.8 139.7 143.7 148.5 156.9 163.2 167.3 169.1 167.9 167.2 166.7 166.2 165.8 165.3 162.8 159.2 154.9 147.2 140.4 138.6 138.7 139.2 140.8 142.5 144.1 145.1 148.9 153.7 158.2 160.4
155.4 154 151.4 141.5 136.4 132.9 130.2 124.8 123.7 121.8 119.7 119.1 118 116.3 116.6 119.4 122.5 121.9 118.1 111 98 93.6 93.5 96.9 104.3 110 115 119.5 116.7 110.2 102 96.3 92.7 89.5 86.5 82.3 84.9 87.6 92.6 100.1 105.7 113.5 120.5 125.5 129.4 131.4 132.6 131.7 131.3 130.2 134.4 138.6 142.8 147.7 156.8 162.2 165.2 166.3 165.7 166.5 165.8 165.4 165.1 164.7 162.4 158.6 154 145.8 138.9 138.3 138.7 139.2 140.9 142.7 144.4 146.5 148.3 152.6 156.5 156.7
154.6 151.1 147 145.1 141.2 136.7 136.3 124.9 122.8 120.6 119.5 128.9 130 122.8 119 120.1 122.5 123.2 118 111.3 102.4 97.4 93.8 92.9 99.9 105.9 107.4 106.4 97 83.3 82.2 80.5 79.1 79.2 78.8 78.9 81.9 84.2 89.7 94.8 100.3 108.9 115.6 121.2 126.9 130.1 130.3 129.2 127.9 128.8 133 137.4 141.6 147.7 156.6 161.2 162.9 163.1 163.9 165.5 163.7 163.3 163.1 162.9 161.4 158 152.4 144.3 137.7 137.3 139 139.4 141.1 142.5 143.9 144.8 146.6 151.6 153.6 154.6
153 150.5 147.7 145.7 142.6 140.3 134.3 126 123.6 121.4 124.5 131.4 130.3 125.7 121.9 121 121 120.3 117.9 111.9 104.5 100.1 96.3 91.5 92.8 99.9 100 83.5 84.7 87.6 87.9 88.9 88.4 86.7 83.9 81.6 78 78.9 80.2 88.3 94.8 102.1 111.1 118.4 124 126.7 127.6 126 122.6 126.8 131.5 136 140.3 147 155.3 158.9 159.9 160.2 161.3 161.3 160.6 159.6 160 161.3 160.3 156.6 150.9 141.5 136.9 136.6 138.1 139.6 140.5 141.5 142.3 143.4 145.3 150.6 151.8 153.2
153 150.8 148.3 146.3 143.6 141.5 137 130.2 126.8 125.1 126 128.7 127.3 124.6 124.1 120.6 119.4 119.2 117.7 111.5 108.9 103.4 100 97 88.4 86.4 87.9 89.5 96.2 98.1 99.4 99.4 98.8 100.5 95.3 88.5 84.3 81.5 78.2 81.7 89.7 95.3 103.7 111.7 119.3 122.3 123.4 121.1 120.8 124.7 129.3 132.8 138.7 146.4 153.1 156.4 157 157.9 159 158.5 157.4 156.3 156.7 157.9 157.7 154.7 149.2 140.1 136.5 136.3 137.7 138.5 139.8 141 140.2 142.5 145.2 150 151.2 152.5
153.2 151.3 149.6 148.6 145.8 143.8 140.7 138.5 134.8 132.7 133.4 133.2 128.1 125.4 124.3 125.1 119.9 118.5 116.5 114.9 111.5 105.8 102.9 103.9 97.8 95.2 89.6 98.6 105.6 108.7 106.7 107.3 108.4 108.9 103 95.2 89 83.6 79 78.2 83.6 89.4 95.8 105.1 112.3 116.4 117.3 115.9 118.6 122.2 127 131.5 138.5 145 150.4 153.5 155.2 156.1 156.6 156 155.2 153.7 153.6 154.6 154.4 151.2 145.4 137.8 134.7 135.7 137 137.1 138.5 138.5 139.4 142.3 145.5 149.8 151.4 152.8
156.7 153.7 152.1 150.9 148.1 146.8 145.4 143.7 140.4 139.3 138.1 136 134.2 128.5 124.1 123.7 119.7 117.9 116.3 115.2 110.5 108.3 110.7 106.7 100.1 97.2 98.6 104.5 109.8 115 118.3 119.3 118.3 114.8 108.9 102.2 95.9 88.1 79.5 78.5 76.8 83 90.4 98.5 105.6 110.4 111.8 110.9 115.5 119 124.9 130.9 137.1 143.5 146.9 149.8 153.1 154 155.8 154 152.4 150.8 149.8 150.9 151.3 147.5 142.1 136.6 134 134.5 136.4 135.9 136.9 138.4 139.6 142.9 146 149.3 151.3 154
157.1 155.3 153 151.1 150.2 149.5 147.7 145.5 143.7 142 139 136.2 134.6 130.1 123.6 120.9 118.5 117.3 116.2 115.5 111.8 108.5 104.7 103.3 100.5 102.7 110.2 109.1 113.2 118.4 121.9 124.1 122.2 119.5 115.8 109.2 102.7 95.4 87.6 77.8 75.3 80.9 86.3 94 100.3 105.2 107 110.4 112.7 117 122.4 129.1 135.7 140.4 143 145.4 149.9 152.2 153.5 152.3 149.8 147.6 146.2 147 146.6 143.3 138.6 134.9 132.1 133.5 134 135.5 135.7 138.1 140.6 143.5 146.9 150.5 153.8 154.6
156.8 154.2 153.1 152.1 151.8 150.1 148.1 146.8 147.3 145.5 142.4 138.7 135.7 127.6 123.6 120 118.7 117.7 115.6 114 110.3 107.8 104.7 109.6 108.2 107.6 111.8 113.4 117 121.7 125.1 126.3 124.8 123.1 120.1 113.5 106.7 100.3 94.7 82.1 76.2 74.4 82.8 89.3 95.8 101.4 105.7 107.9 111.6 116.9 121.8 128.2 133.5 136.6 138.8 141.4 146.6 150.5 151.5 151 148 146.2 143.8 143.1 142.4 139.2 135.7 132.5 131 133.5 134 134.4 136 138.5 141.1 143.9 149.4 153.1 155.6 156
157.2 154.8 153.8 153.6 153.4 153 154.2 152.4 150.4 144 145.6 141.2 135.5 127.2 124.3 122.3 121.9 122.5 117.6 114.4 110.7 109 111.8 114.6 115.6 114.7 114.9 116.8 120.4 125 126.9 127.7 127 125.2 123.5 118.7 110.9 105.2 98 88.2 78.5 74.4 77 83.5 91.7 99.2 102.1 105.8 110.3 117.5 122.5 126.9 130 132.1 134.6 139.6 143.6 147.7 150.1 149.6 147.5 144.8 142.9 141.3 138.7 135.9 132.8 129.7 130.4 134.6 135.1 135.4 136.8 139 141.5 145.1 151 155.5 156 156
156.5 155.5 154 154 157.7 159.4 157.3 154.2 147.7 141.9 139.8 138.2 136.2 127.7 126.7 126.6 128.6 130.4 124.3 120.3 117.5 114.8 116.2 117.1 118.9 118.6 117.6 120.1 124 126.6 127.5 127.8 127.8 126.5 125.1 122.9 115.5 108.6 103.3 92.7 83.6 76.3 73 79.5 89.4 96 96.6 100.6 108.4 114.5 119.3 123.7 125.4 128.1 133.7 137.4 141.1 145.1 147 147.1 146 144 141.8 138.4 134.7 131.9 129.9 129.5 131.2 135.4 135.6 136.4 137.7 139.8 142 146.8 152.6 155.3 156 156
157.3 154.2 154.7 157.7 162.5 159.1 156 150 144.2 141 138.6 135.3 132.8 129.2 131.3 131 131.8 130.8 130.5 127.1 122.7 119.4 121.1 122 124 122.3 119.1 121.8 125.5 126.7 126.7 126.7 127.4 127.8 127.8 126.2 118.5 111.7 105.3 97.2 88.7 81.4 75 75 80.3 89.8 91.7 94 102.7 109.1 114 118.4 119.5 127 132.1 135.3 138.8 141.7 143.7 145.5 144 141.7 139.2 135.5 131.8 129.6 129.2 130.1 132.8 134.3 135.1 136.2 137.5 139.6 141.6 146.8 151.4 154.4 156 156
161.4 160.3 161.1 160.7 160.8 157.4 152.4 145.5 142.7 140.2 137.3 134 136.1 134.6 134.3 135.3 137.9 137.8 136.5 132.7 127.1 123.4 125.8 124.9 126.3 124.5 121.2 122.4 125.3 126.1 125.8 125.6 126.5 127.9 129.3 126.8 120.7 114.1 107.2 100.9 95.9 89.5 81.3 74.5 74.1 75.7 80.4 86.4 93.9 100.8 106.8 111.5 117.9 125.3 129.8 132.5 135.5 138.2 140.3 141.5 141.2 139.1 135.1 132.6 129.1 128.9 131 132.6 134.8 136 135.3 135.4 136.7 138.1 139.8 144.4 148.6 152.1 155.3 156
167.6 167.1 164.7 161.9 158.1 154.5 150 145.1 142.4 139.7 138.2 138.9 137.9 136.6 136.7 139.5 140.6 139.3 136.6 132.5 129 126.6 127.7 128.8 130.5 126.6 123.4 123.7 125.1 126.1 125.9 124.7 125.9 128.9 130.7 127.2 121.6 115.1 109.9 105.6 102 96.4 88.1 79.4 74.1 72.7 73 78.4 85.5 92.2 98.6 103.5 114.4 120.1 127.2 130 132.2 134.8 136.6 137.6 138.4 136.2 132.3 129.1 127.1 129.9 133.2 136 136.3 136.1 135.7 134.8 135 136 137.9 142 145.3 149.4 153.7 155.9
172.4 170.9 169.7 164.2 158.4 153.2 149.4 145.6 144 142.9 142.1 141.6 139.6 138.9 140.8 141.9 140.6 140.3 135.8 131.7 131.1 130.1 130.2 131.4 131.2 129.7 124.5 124 124.8 124 124 124 124.8 127.8 128.5 125.4 121.1 117.5 112.4 109.3 104.7 97.6 92.6 85.8 78.7 74.3 71.7 72.3 80.4 85 89.5 100.6 108.5 115 120.6 125.1 127.4 129.6 131.4 134.3 135.8 133.1 128.9 124.5 124.6 130.2 134.8 136.5 136.5 136.3 135.1 134 134 135.3 137.4 140.2 143.4 147.9 153.8 157.3
174.3 172 169.5 164.3 160 156.5 152.7 148.6 148.2 145.2 145.6 145.6 143.1 142.1 145.4 143.7 141.6 139.9 135.3 134.6 133.9 134.2 133.9 134.9 133.8 132.4 128.6 125.2 124 124 124 124 124.1 126.1 126.2 126.1 120.7 117 114.6 111.7 108.2 104 99.3 92.9 86.3 80.2 75.4 70.4 71.6 78.1 82.8 91.1 100.6 107.4 112.7 118.2 121.9 124.4 129.1 131.9 131.7 129.4 126.1 121.6 123.1 128.6 134.5 136.4 136.5 136.2 134.2 134.5 134.2 134.3 137.4 140.3 144.9 150.8 155.5 160.4
174.7 172.7 169.8 166 163.1 158.1 153.5 151.7 150.3 147.4 148.4 148.5 147.5 145.4 145.8 144.8 142 139.2 138.4 140.3 139.7 138.8 135.5 136.1 136.4 135.6 133.4 130.1 126.8 124 124 124.2 124.8 125.7 126.1 125.4 119.6 119 117.1 117.1 114.4 109.8 104.6 99.9 94.3 88 82.5 76.1 69.1 71.6 75.7 82.4 93.4 101.2 106.7 111.3 115.6 120.8 125 127.5 128.2 127 124.1 120.8 119.9 126.7 132.2 135.4 135.2 135 134.3 134.9 135.5 138.5 140.9 143.7 149.4 154.8 158.6 161.2
177.2 173.8 169.8 168.5 167 160.9 155.6 153.6 152.3 151.1 151.8 151.7 150.9 148.8 147.8 146 144.6 142.1 144.1 145.9 144 141.4 138.5 138.3 138.2 137.3 134.9 133.6 133.8 131.1 128.6 127.1 128 127.2 125.9 125.7 122.4 122.4 122.9 120.5 118 113.5 108.3 103.2 98.3 93.9 89.2 82.3 74.8 68.8 68.8 74 86.2 96.4 101.5 105.6 110.7 116.4 120.4 123.1 124.5 123.9 121.1 117.2 116.9 121.8 128 131.5 131.1 132 134.4 136.3 139.7 141.9 144.1 147.6 152.1 157 161.2 163.7
176.8 175 172 170.4 167.3 164.1 158.8 155.8 155.5 154.9 155 154.7 153.8 152.6 150 150.6 150.4 149.7 150.9 148.3 146.5 144.7 142.3 140.7 139.3 139.6 140.8 138.2 135.8 134.6 129.4 129 131.2 130.6 130.9 130.4 128 127.1 125.4 122.6 119.5 116.1 112.2 107.7 103.7 99.1 93.9 88 80.2 72.5 69 67.9 81.7 91.2 97.5 100.4 107.7 112.4 116.4 119.7 120.4 118.1 115.2 113.7 112.5 118.1 124 127 127.3 130.5 134 139 141.4 143.6 146.6 151 155.2 159.5 161.1 161.5
176.9 174.5 173.5 171.1 168.4 165.3 160.3 157.7 157.5 158.4 158.9 158.5 157.4 155.3 154.6 155.4 156.3 154.8 152.9 150.9 151.5 150 146.6 143.1 141.2 141.9 140.5 140.1 135.2 134.1 130.9 130.2 132.1 133.1 133.7 134.7 134 131.4 128.3 127.6 123.7 121 116.7 111.8 107 103.2 98.1 92.8 85.1 74.8 70.7 67.9 71.5 86.5 95.2 99.6 104.8 109.8 114.7 116.8 115.7 113 111 110.1 109.3 113.8 118.4 121.5 125.8 130.6 136.2 140.8 142.6 144.8 149.3 153.5 157.2 159 159.7 156.7
175.6 175 174.8 171.8 169.1 167.5 162.8 160.4 159.9 160.7 161.1 160.6 160.7 157.7 157 157.6 159.3 159 159.6 158.8 158.4 155.4 152.8 148.7 144.6 143.2 141.6 142.1 143.8 137.5 134 132.9 133.5 135 137.3 137.6 137 135.7 135.5 132.4 127.3 123.8 119.8 113.9 107.8 104.7 100.7 96 85.5 76.8 68.7 68.3 66.4 82.5 91.3 97.3 102.4 108.1 112.7 113.2 112.1 109.8 107.8 106.4 106.7 108.9 113.5 121.7 126.4 131.7 136.6 140.4 143 147 150.8 153.8 155.3 155.8 154.5 151.3
177.5 175.4 173.7 172.5 171 170.5 167.4 163.6 164.3 163 162.4 161 159.5 159.1 159.5 159.2 161.4 162.5 164.5 165.7 162.4 160.3 159.9 157.1 155.7 151.3 146.4 144 142.6 138.6 140.9 138.6 137.5 140.8 140.3 138.7 138.2 137.8 136.4 134.6 128.6 125.8 120.9 115.8 110.6 107.1 102.6 97.3 90 79.8 68.9 68.2 66.3 79.4 87.2 95.5 101.1 106.9 109.9 109.3 108.5 106.9 105.1 104.2 104.1 107.3 114.7 121.5 127.2 132.4 136.8 140.6 143.8 147.9 149.6 150.8 152.3 151.8 149.2 146
179 178.1 174.3 172.8 171.8 171 170.1 168.7 166.5 165.1 163.3 161.3 159.6 159.1 160.3 161 162.9 165.1 164.2 165.3 164.6 163.2 164.5 162.1 158.4 157.8 155.4 152.8 147.6 151 147.4 144.4 144 144 143.1 142.1 140.7 139.8 138 136.1 132.9 127.1 121.8 116.9 112.8 109.6 104.2 99.3 93.2 84.5 75.7 67.5 65.6 78 83.4 93.4 99.4 104.1 106.2 107.2 105.5 103.8 102.8 102 103.8 107.8 115.9 122.5 126.9 131.9 135.7 141.6 143.4 146.3 147.6 148.7 149.9 147.5 144.8 142.9
184.6 181.8 177.6 173.9 172.4 171.3 170.5 170.1 167.8 164.9 163.2 161.4 161.1 160.4 162.1 164.1 165.6 165 164 164.6 164.5 164.9 164.4 163.2 160.1 158.5 156.3 153.5 151.3 149.4 147.4 147.3 145.8 146 146 144.9 142.9 141.7 140.4 138.3 133.8 128 123.5 117.9 114.7 110.7 106.1 100.9 94.9 88.6 80.9 70.5 68 78.1 84.5 91.8 97.4 100.4 101.1 103.5 102.8 99.4 99.4 99.1 103.3 108.1 115 121.9 126.5 131.4 136.7 141.1 143.3 145.8 146 147.1 147.8 145.1 142.3 141
187.6 185.5 180.9 175.9 173.3 172 170.3 169.5 167.8 164.3 164.1 163.7 164 166.5 168.2 167.8 167.8 168.8 169.4 171.4 171.8 168.1 165.5 164 165 158.9 157.4 155.1 152.6 150.3 149.1 147.4 145.6 145.8 145 144.7 143.4 142.3 141.3 136.9 132.7 128.4 124.2 118.8 116.3 111.9 109.3 102.5 96.5 91.3 84.3 72.3 65 78.6 85.3 91.3 96.3 94.8 94.1 95.8 95.7 98.7 100.3 98.9 102.4 110.8 117.2 121.3 125 129.9 136 140.1 142.8 144.7 145.6 146.2 145.9 143.2 140.2 138.5
