webserver/python/data/NX28.asc
ncols 200
nrows 200
xllcorner 220000
yllcorner 580000
cellsize 50
[rows 140 to 174 of 200, columns 79 to 157 of 200]
144.7 148.8 150.9 155.1 157.9 159.3 161.9 163.3 164.4 165.2 166.6 168.3 170.2 169.3 170.9 168.1 168 169.1 169 170.6 170.9 171.1 170.8 168.5 166.4 164.3 162 169.3 168.4 169 171.3 173.4 172.7 171.7 170.9 170.8 169.6 167.6 165.5 163.2 161 159 160.1 160.6 161.1 161.1 161.1 161.4 161.8 162 162.2 161.7 161.1 161.3 161.3 161.1 161.1 161.1 161.1 161.1 160.8 160.5 160.2 160 159.4 159.3 158.8 158.8 163.7 159.8 157.9 159.2 160.6 159.7 162.1 162.3 163.9 164.2 165.4
139.2 144.2 148.2 151.8 154.1 157.9 160.6 161.7 162.8 164 165.3 167 168.7 169.9 169.1 167.6 166.1 167.4 169.9 171.1 170.9 170.5 169.6 165.4 159.7 159.1 162 168.7 170.8 170.1 171.9 172.4 172.4 171.4 170.1 170.7 170.6 166.7 163.3 160.9 160.2 160.6 160.4 160.2 160.5 161.1 161.1 161.3 161.6 161.8 162 160.9 160.4 159.6 159.4 160.7 159.6 159.2 160.7 160.3 160 161.1 161.1 161 161 161.1 160.7 160.9 163.4 164.9 157.3 157.3 158.2 159 165.1 163.9 163.6 163.5 163.9
140.6 142.7 147.1 149.3 151.1 153.5 157.7 160.8 161.9 163.2 164.5 165.4 166.2 168.4 167.6 167.4 166.7 168.4 169.2 169.4 170.4 169.8 166.4 162.1 158 156.3 160.7 165.5 169.8 170.5 170.9 170.9 171.1 171.1 169.2 170 166.8 162.5 160.1 160.5 160 161.1 159.5 159.5 159.3 159 159.9 160.8 162.3 162.4 161.1 159.6 158.9 158.8 158.5 159.6 158.5 159.3 159.6 159 159.1 160.6 161.1 160.6 160.8 161.1 160 159.7 161.3 162.2 158.4 156.4 155.8 157.5 164.5 163.1 163.1 163.3 162.6
139.5 141.9 146 148.6 152.1 153.2 153.5 156.4 160.7 161.4 162.7 164.2 164.8 165.5 166.7 167.2 167.3 168.9 167.7 166.5 167.9 165.8 163.5 160.2 155.5 154.7 159.8 163.8 167.3 168.3 169 169.6 169.9 170 168.7 166.5 163.3 159.4 160.1 159.2 160.5 161.1 159.9 159.3 159.8 159.7 159.4 159 160 161.1 159 156.6 156.2 156.1 156.7 158.4 158.2 158.7 158.9 158.1 158.1 159.4 160.7 160.3 159.9 160.4 159.2 160.3 161.1 159.7 157.9 158.5 160.1 155.2 162.6 163.9 162.4 162.5 160.9
135.6 138.3 142.8 146.5 150.1 151.1 151.6 154.7 160 160.9 161.2 163.1 163.7 165.1 168.2 167.6 167.8 168.2 168.4 169 165.5 161.3 159.5 157 152 155.6 159.8 162.4 164.7 165.9 166.8 167.3 164.6 166.4 166.7 163.6 160.4 158.9 158.3 159 160.4 160.9 159.1 159.5 160.3 160.4 160 159.2 159.1 157.5 155.5 153 153 153.4 155.1 157 157.6 157.8 157.9 156.5 155.4 156.4 157.1 158.3 158.4 159.7 159.2 159 161 162.2 160.7 160.3 161.1 154.7 159.2 163.1 163 161 159
131.8 135 138.8 142.8 146.6 149.5 150.8 154.7 158.5 159 161.7 162.4 163.6 165.1 167.9 168.4 168.5 168.6 169.1 168 164.2 160.9 158.8 154.4 152.5 156.2 159 160.9 162.5 162.1 160 158.8 160.8 163 164 161.9 159.6 157.1 155.6 156.8 158.8 159.3 159.8 160.3 160.1 161 160.3 159.5 157.9 153.2 150.6 150.1 150.2 152 153.5 155.4 155.8 155.8 155.8 153.6 152.2 152.1 153.2 154.5 154.3 157.5 159.3 159.8 162.4 163.2 163.6 161.7 160.5 155.5 155.6 159.3 159.4 158.5 157.9
128.5 130.7 134.2 138.3 141 148.6 150.9 153.3 156 162.1 163.6 163.3 163.8 165.2 168.1 169.9 170.1 168.8 168.3 165.8 163.2 160.7 159 158.1 153.1 152.5 154.3 157.8 159.9 161 160.6 159.6 160.3 160.6 161.5 160.1 159.9 154.7 152 154.3 156.7 160.2 161.6 163.1 162.9 162 161 160 156.4 153.3 151.4 148.9 149.5 151.1 152.6 153.6 153.7 153.7 153.7 151.3 150.5 149.8 149.4 149.3 150.7 154.1 158.6 161.1 161.8 162.1 163.3 162 159.4 156.5 154.2 155.4 156.2 155.3 153.9
126.7 127.8 131.6 136.1 139.3 141.3 149.2 153.6 158.2 162.2 163 163.9 165.3 169.1 170.6 171.1 170.9 170.5 167.5 164.1 161.8 160.6 160.7 158.2 152.2 150.2 150.9 154.4 158.3 160.1 159.2 160.2 161.1 160.9 159.9 158.6 156.6 152.6 149.4 151.3 156.5 160.5 162.6 164.1 163.9 161.7 161.1 161 160 155.5 150.1 147 149.1 150.8 150.5 150.9 152.1 151.7 151.4 150.5 151 149.7 147.4 147.2 150.9 151.2 154.5 158.5 161.1 161.3 161.5 162 160.7 158.6 153.6 154.7 155 154.4 153.6
125.2 126 129.1 133.3 137.2 141.2 145.6 150.1 155.1 158.9 161.3 163.5 166.7 170.1 171.1 171.1 171.1 169.3 161.3 162.6 161.1 159.7 158.1 154.3 149.1 149 149.2 150.4 153.6 155 154.7 155.6 158.4 158.8 156.2 154.8 153.3 151 148.9 150.1 154.3 157.5 160.1 161 161.3 160.7 160.9 159.5 158.5 153.4 148 143.9 145.3 148.4 148.5 147.9 149.1 149.4 150.1 150.3 151 151.1 146.9 147.5 149.8 147.9 149.8 153.7 156.1 157.4 157.6 158.9 159 154.8 153.3 153.7 154.1 154.4 154
120.4 123.8 127 130.4 134.5 138.7 143.5 148.1 152.5 156.8 159.6 162.4 165.2 168.2 171.2 171.3 171.6 169.7 161.3 163.9 159 158.8 154.8 149.9 149 149 148.9 149.9 150.8 150.5 150.4 150.1 151.9 152.2 151.3 149.6 149.3 145.9 147.8 148.5 150.2 151.8 153.9 155.6 156.8 157.1 156.8 156.3 155.5 150.5 144.6 139.8 139.9 141.5 142.5 143.4 144.6 145.5 146.1 146.2 148.3 148.7 148.7 147 147.8 145.9 145.1 147.5 149.6 150.6 152 154.7 155.9 154 156.4 159.8 159.1 160.2 157.1
117.3 120.5 124.7 129.5 132.9 137.3 141.4 145.9 150.3 154.7 157.8 161 164.4 167.8 170.7 172.3 171.4 170.3 169.8 166.3 161.5 159 155.4 149.9 148.9 148.9 149.7 151.7 150.7 149.4 149.4 147.9 146.9 146.1 145.4 142.5 141.1 144.4 145.5 146.7 146.8 146.9 149.5 149.4 151 152.3 152.3 151.7 150.3 145.9 141.2 134.3 134.2 135.9 137.1 137.5 138.2 140.3 141 141.6 142.7 143.4 140.5 148.4 145.4 144 143.9 145.1 147 148.2 149.2 151.3 151.2 151.7 156 160.3 162 163.5 160.3
116.7 118.8 122.3 128.4 132.7 136.4 140.7 144.2 148.7 153.1 156.8 160.2 163.5 167.1 171 173.6 173.4 171.9 170.5 169.4 168.2 164.7 159 152.6 149 148.9 152 153.3 151.5 150.4 147.5 145.5 143.5 141.9 139.9 139 139.3 150.2 148.9 145.4 142.6 145.1 146.5 144.9 146 147.1 147.3 147.3 146.7 143.2 137.6 129.9 130.7 131.8 132.8 133.2 133.9 134.9 135.2 135 134.5 135.9 141.5 144.8 146.4 142.9 145.8 147.1 147.7 147.2 147.6 148 148.8 149.8 153.7 158 159.7 160.2 160.6
115.8 117.4 121.4 127.3 131.4 135 138.6 142.4 147.2 151.4 155.2 159 162.7 166.2 169.7 172 173.2 172 171.4 171 171.1 169.1 161.2 155.7 150.8 149.6 148.1 149 147.8 148.4 145 142.7 140.9 137.9 137.2 135.3 140 146.2 145.6 141.3 139.1 140.2 139.1 138.4 138.6 139.8 141.4 142.8 142.4 140.8 135.2 129.3 128.7 133 130 129.8 131 131 130.4 130.7 131.5 138.9 139.6 140.1 140.6 141.8 144.9 149 151.1 148.8 148.3 151.8 155.6 159.2 159.7 159.6 160.2 161.8 163.4
114.7 116.7 120 124.3 129 132.8 136.6 139.3 144.4 149.8 153.6 157.4 161.3 165.7 168.9 171.3 172.1 172 171.1 170.2 170.2 167.6 162.7 157.3 151.2 146.5 139.6 138.3 139.4 141.3 140.4 138.7 135.4 132 133.3 133.5 137.4 141 141.2 138.7 134.6 134.9 132.9 132.7 132.5 134.4 136.6 138.5 137.7 137.1 133.1 128.6 128 133.7 128.3 128.4 128.7 129 129 132.2 132.6 135.8 135.4 136.4 141.3 144.9 149 151.1 151.9 153.1 155.5 160.8 162.2 163.3 164.4 165.3 165.3 164.6 166.8
114 116.1 118.2 121.4 126.6 130.5 134.3 138.2 142.3 147.6 151.5 156.3 160.7 165.1 169 170.9 171.9 172.4 171.1 169.9 168.6 167.4 164.4 158.4 149.1 144 130 126.1 128.2 131.2 133.1 131.1 127.7 126.1 127.4 128.7 131.6 135.1 134.4 132 128.6 127.5 122.9 125.4 129.2 130.9 131.9 134.1 133.7 133.1 129.8 127.6 127.3 126.8 127.3 127.8 128.1 128.7 133.5 140.4 141.2 142.7 143.2 143.5 146.8 151.1 153.7 155.2 155.8 157.5 159.3 163.2 164.7 165.9 168.2 170.3 170.8 170.5 170.2
112.3 115.3 118.3 121.6 125.2 129 132.7 136.5 140.6 147 151.9 155.7 159.2 162.1 167.1 170.8 171.7 172.4 171.9 171.1 169.5 167.5 164.9 158.2 149.3 136.1 121.4 115.8 113.6 117.5 123.2 124.2 121.2 118.1 110 117.3 124.4 126.5 126.4 124.6 122.2 119.2 119 120.9 125.4 129.9 127.6 130.1 130.8 130.2 126 125.9 126.3 127.6 128.6 130.2 127.8 129.5 134.6 141.6 144.2 146.5 149.2 149.9 150.8 154.7 158.4 160.2 160 161.1 162.5 165.5 167.3 169 170.9 172.7 173.6 173.6 173.8
108.7 114.6 117.6 120.8 124.3 127.3 130.9 134.8 139 144.3 148.9 152.9 156.6 159.4 163 168.8 171.3 171.7 171.8 171.2 169.7 167 163.2 154.9 142.9 128.4 122.3 113.8 108.9 109.8 115 116.5 110.4 108.1 110.1 112.4 116.2 116.5 117.8 119.5 119 118.9 122.2 119.9 120.6 122.2 124.7 123.7 126.9 124.6 129 128 128.5 129.3 129.9 135 132.3 134 138.4 143.5 147.8 149.5 151.4 153.1 155.3 157.9 161.1 160.6 161.6 163.2 164.9 167.1 170.2 171.9 174 176 176.8 176.7 177.9
104.2 112.8 116.8 120.8 123.1 126.1 129.3 133.3 137.5 140.8 145.3 149.8 152.8 155.8 159.2 164.8 169.1 170.9 170.6 169.6 167.5 164.5 157.2 148.4 137.2 123.8 118.4 107.9 104 104.9 107.6 106.1 107.7 112.6 118.3 120.2 120.3 120.5 119.3 120.1 120.1 124.3 128.3 129.9 127.1 127 131.8 131.5 129.3 130.8 132.3 129.6 130.5 131.2 132.9 136.4 140 140.6 140.8 145.5 150.1 151.1 151.8 154.6 156.7 159.8 160.8 161.8 163 164.4 166 167.9 171 174.5 176.9 179.2 179.7 179.4 179.5
100.2 109.5 114.6 118.3 121.5 124.5 127.6 131.1 134.5 137.8 141.1 145.1 148.5 152 156.3 159.6 162.5 165.5 167 167 165.7 162 154.2 143 134.3 116.5 111.4 104.5 100.8 100.3 100.1 104.7 109.8 117.7 122.9 126.8 128.5 126.2 125.6 127.8 129.3 131.1 133.5 133.8 131.8 134.7 138.6 139.8 136.8 137.4 139.4 134.5 134.9 135.6 136 139.4 144.3 144.8 142.9 147.2 149.2 149.3 151 155.7 158.2 161.1 162.2 163.4 164.5 165.7 167.3 168.5 170.6 174.4 178 180.4 179.3 181 181.8
95.3 104.6 110.9 115 118 121.1 124.1 127.8 131.5 134.8 138.1 139.8 143.1 147.3 151.5 155 157.8 161 163 162.9 161.9 158.1 150.6 140.5 129 111.5 104.7 99.4 98.3 99.8 102.5 110.1 115.2 120.4 125.8 130.7 131.1 131.3 132.2 132.6 133.7 135 137.6 138.6 137.6 139.9 140.7 140.4 140.2 141.3 143.3 142.8 139.8 140.1 139.8 143 150.4 148 145.6 148 150.4 149.5 150.3 155 159.6 160.4 162.2 164.8 166.1 167.2 168.6 169.1 169.9 173.2 176.9 180.5 181 181 181.6
91.7 100.1 107.2 111.7 114.6 117.6 120.7 124.4 128.2 131.8 134.2 135.8 136.5 140.3 146 150.3 152.9 156.1 158.6 157.6 156.7 153.6 146.4 136 117.9 105.5 99.6 97.6 97.1 102.5 108.4 114 118.8 121 126.6 130.4 132 133.7 135 136.2 136.8 138.4 140.7 141.6 141.3 142.6 143.7 143.7 143.8 143.8 145.7 149.1 149.4 147.8 149.8 150.9 150.9 150.5 149.7 152.4 154.8 154.8 155.3 154.3 159.1 159.9 161 164.7 167.1 168.4 169.3 169.5 170.8 173 175.9 179.2 180 181.1 181.5
91.5 97.5 102.1 107.6 110.7 114.2 117.3 121.1 124.8 128.1 129.9 131 129.5 133.2 138.8 143.7 145.8 148.9 151 150.7 148.5 144.8 139.4 130.9 119.2 106.5 98.2 94.7 99.1 109.7 115.4 120 122.7 123.5 128.6 130.6 132.7 135.8 137.4 138.7 139.6 141.4 143.5 144.5 144.9 145.9 146 147.3 147.4 147.1 147.3 150.4 151.3 152.3 153.4 153.7 153.9 153.4 154.3 156.5 158.8 159.5 159.9 158.6 159.2 161.3 163.4 165.3 168.3 169.6 171 170.7 172 173.8 176.4 179.1 179 179.9 181.4
88.4 93.5 96.6 100.2 103.9 108.5 113 116 119.3 122.3 123.3 120.6 122.1 126.6 131.5 135.7 136.7 139.8 141.2 139.3 136.6 133.5 128.8 125.7 115.7 102.8 97.7 102 109.6 118.5 121.7 124.5 126.6 131.1 129.7 131 133.1 137.2 139.6 140.9 142.6 144.2 146.3 147.9 148.6 149.5 149.1 150.3 150.7 150.7 151.1 150.7 152 154.3 156.1 156.4 156.8 157.1 158.7 160.6 161.2 162.1 161.9 162.1 162.8 164.6 167 168.2 169.9 169.7 170.9 172.3 173.7 175.2 177.5 179.5 179.2 179.5 181
81.6 85.7 86.5 88.7 95.3 100.9 107.2 110.6 113.9 115.3 115.8 118.9 118.1 119.3 123.4 125.9 129.3 130.6 131.2 126.6 125.3 123.8 121.3 115.7 105.5 98.7 109.3 113.9 117.5 120.7 123.6 125.9 128.6 131.3 132.8 134.3 136.6 138.9 139.2 141.5 144.3 146.7 148.9 150.9 151.7 152.2 153.5 154.9 156 156.5 156.8 156.1 155.6 157.3 158.9 159.3 159.7 160.4 161.6 162.7 163.6 164.7 165.5 166.1 167 169.3 170.5 169.3 170.3 171.3 172.5 173.9 175.4 176.8 178.5 179.8 179 180.4 180.7
72.7 75 71.9 75.8 83.3 92.6 99.3 103.4 107.4 109.6 111.9 115 110.2 111 115.1 116.7 119.8 120.4 121.5 118.9 119.8 115.5 114.5 111 100.6 98.8 112.4 118 120.3 121.4 123.7 125.1 132.3 133.8 136.1 137.5 138.9 140.2 142 144.3 146.6 148.9 150.3 152.3 154.4 156.1 157.8 159.9 159.5 159.9 161 160.4 160.5 159.9 160.7 161.4 162.9 164 164.7 165.7 166.7 167.7 168.5 169.5 170.3 171.2 171.4 171.1 172.1 172.9 174.2 175.6 177 178 179 179.5 180.6 180.9 180.5
71.5 71.2 71.5 72.6 76.1 80.3 86.3 95.6 98.4 101 104 105.7 103.9 101.9 106.4 109.2 112.3 114.4 115.9 112.6 111.1 109.5 111.1 107.3 94.4 103 115.6 119.7 122.2 125.6 128.4 131.1 133.5 134.7 137.6 139.7 140.9 143 144.8 146.7 149.8 150.8 151.3 153.6 155.5 157.6 159.4 161.8 163.1 164.9 165.7 164.5 162.8 161.6 162.1 163.1 164.5 166 167.1 168.1 169.5 170.5 171.4 171.6 171.8 171.8 171.7 172.6 173.5 174.5 175.9 177 178.1 178.9 179.6 179 180.9 180.8 180.5
71.8 71.8 71.9 72 72.2 74.1 81.9 89.2 91.1 92.5 91.8 94.9 96.6 92.7 97.2 101.5 105 106 107.3 106.7 104.6 108.5 110.8 100.6 88.3 109.8 118.1 122.6 126.1 129.3 130.3 131.7 132.7 135.9 138.6 140.8 141.9 143.9 145.9 147.8 149.6 150.7 150.8 153.3 155.8 158.6 160.8 163.2 165.3 167.9 168.7 166.8 165.4 164.7 164.5 165.6 166.6 167.6 169 169.5 171.2 171.7 172.1 172.6 172.7 172.4 172.2 172.6 174.1 175.8 177 178.2 179 179.6 179.9 179.4 179.6 180.9 180.4
72 72.2 72.3 72.7 72.7 72.7 79.4 82.8 85.9 87.2 86.8 88.1 89 86.7 88.8 89.4 89.9 92.3 95.1 98.7 99.6 102.9 98.7 88.9 100.6 113.4 119 126.5 129.9 129.5 129 129.9 132.2 135.3 138.5 141 141.2 143.2 145 146.2 148.5 150.7 150.4 152.6 155 157.6 161.2 163.9 166.3 167 166.4 167.8 168.4 167.7 167.2 168.1 169.1 170.1 169.1 171.3 171.7 172 172.3 172.5 172.4 172.3 172.4 172.4 173.8 175.6 177.4 178.7 179.2 180.2 180.5 178.9 178.9 179.7 179.5
73.8 72.5 73 73.3 73.3 73.2 77.9 80.5 80.9 80 80 81.9 82 81.3 83.8 82.9 84.9 90 98.2 100.6 100.7 98.2 88.1 91.4 104.5 113.7 119.2 129.1 131.7 131.3 129.1 129 131.5 134.5 137.1 140.3 141 142.3 142.8 144.9 147.2 149.4 149.2 151.8 154.3 156.7 160.1 163.7 164.5 164 165.9 167.9 169.7 169.7 169.2 168.8 170.2 171 171.1 171.3 171.6 171.9 172.2 172.3 172.2 172 171.7 171.8 173.3 174.8 176.4 178.2 179.7 180.8 180.3 178.9 178.8 178.7 179.3
75.9 74.4 73.9 73.6 73.4 73.5 75 79.2 76.4 73 74.9 75.6 76.7 77.4 77.7 79.1 83.2 91.1 96.1 98.9 99.7 89.4 86.2 91.6 107.8 113.7 120.9 130.7 132.4 131.3 129.7 126.3 129.3 132 134.9 137.6 139.3 140.3 141.2 143.4 145.6 147.7 148.8 151 153.5 156 158.9 161.1 161.2 162.2 164.3 166.1 168.4 169.7 170.4 169.6 171 171.1 171.1 171.2 171.5 171.8 172 172.1 172 171.8 171.5 171.3 172.3 173.8 175.7 177.8 179.7 180.8 180 178.7 178.6 178.5 179.3
78.8 76.5 73.8 74.4 73.1 73.7 73.6 74 73.1 73.7 74.8 75.6 76.1 76.4 77.2 78.5 79.3 86 91.5 92.8 92.3 84.9 84 92 103.2 110.1 118 123.8 129.4 130.3 126.1 122.5 126 129.9 132.3 135 137.7 140.6 140.5 142.1 144 145.9 147.8 149.7 151.1 154 156.7 158.5 159.3 160.7 162.5 164.7 167.2 169.6 170.7 171.1 171.1 171.1 171.1 171.1 171.4 171.7 171.9 171.9 171.8 171.6 171.3 170.9 171.1 173.1 175 177 178.2 179.8 179.1 177.8 177.9 178.3 178.9
83 80.4 78.1 78.7 77.8 75.2 73.2 73.8 75.3 75.8 75.3 76 76.6 76.9 77.3 78.4 78.7 79.6 83.3 86.2 86 83.2 83.4 91.2 97 102.7 109 112.7 119.3 123.3 118.5 118.9 120.8 126.7 131.2 133.5 136.4 138 139.4 141.2 142.9 144 146.4 148.3 149.4 151.7 154.5 156.8 158.7 159.1 161.3 164.1 166.7 168.7 170.1 171.1 171.1 171.1 171.1 171.1 171.3 171.6 171.7 171.7 171.6 171.4 171.1 170.6 170.1 171.3 173.3 174.4 175.3 175.9 177 176.5 176 177.1 177.8
89 83.1 82.6 83.9 82 80.5 79.5 78.8 79.3 78.1 76.8 76.6 77 77.4 77.7 77.9 78.1 78.6 79.9 81.7 81.5 82 82.4 85.4 90.2 95.1 100.8 104.7 108.3 108.8 108.9 113 118.3 123.1 128.9 132.1 135 136.8 138.4 139.8 141.1 142.2 144 146.8 149.6 150.9 152.2 155.3 158.8 159.9 162.2 164.9 167.2 169 170.2 171 171.1 171.1 171.1 171.1 171.2 171.4 171.4 171.5 171.4 171.2 170.7 170.3 169.7 169.9 170.5 171.6 172.5 173.3 173.3 173.3 173.2 174.6 179.2
92.8 90.3 91 87.6 85.6 84 83.5 84.5 84.2 80.9 78.6 77.6 77.4 77.5 77.4 77.6 78.6 79.7 79.6 79.2 80.4 79.4 80.1 80 84.6 91.5 94.7 99.1 102.5 104.1 105.1 106.9 111 118.6 126 131.1 134.1 136 136.8 138.1 139.4 140.5 141.4 144 146.3 148.5 149.9 153.3 157.5 161 162.6 164.9 167.1 169.2 170 170.7 170.9 171 171.1 171.1 171.1 171.2 171.2 171.2 171.2 170.8 170.4 169.6 168.8 168.1 167.7 168.7 170.1 171 170.8 171 171.3 175 180
99.6 96.7 94.3 91.3 90.4 88.8 88.9 89.7 90.3 89.4 85.5 83.7 85 85 84.8 86.4 84.5 84.4 82.2 85.9 86.5 88.4 87.4 79.6 81.8 88.6 91.4 99.6 103.4 104.5 107.5 108.1 111.5 119.7 121.9 130.4 133.8 136 136.3 136.6 137.6 138.7 139.5 140.7 142.9 145 147.7 152.1 157 161.3 163.3 165.6 167.8 169.2 169.8 169.8 169.4 169.5 170.3 170.6 170.7 171.1 171.1 171.1 169.9 170.2 169 167.8 167.3 166.5 165 166.3 167.8 168.2 168.2 170.4 174.9 179.3 180
