webserver/python/data/NX37.asc
ncols 200
nrows 200
xllcorner 230000
yllcorner 570000
cellsize 50
[rows 36 to 71 of 200, columns 81 to 161 of 200]
94.4 95.1 96.3 96.6 96.5 96.8 96.2 96.1 95.5 93.2 95.6 102.1 104.4 106.8 110.7 112.9 112.3 111.5 110.1 110 110.4 111.1 112.8 113.8 113.5 111.5 108.1 105.3 102.6 99 93.1 89 85.4 83.9 81.3 83.9 86.7 89.4 92.1 93.7 93.6 91.5 90.2 89.4 88.6 87.9 87.5 87.4 87 86.8 86 85.7 85.7 85.8 85.7 84.7 83.5 82.3 80.9 78.9 77.4 76.2 74.8 73 69.6 67.6 67.2 67.3 68.6 70.2 70.3 70.1 70.5 71.5 72 69.5 69.2 71.2 71.5 71.4 71.3
94.3 94.4 95.7 97.4 96.6 93.2 92.6 92.1 91.6 96.3 100.5 103.1 104.8 107.5 110.6 112.3 110.9 109.4 108.5 107.9 108.5 109.7 111.1 111.8 111.7 110 106.5 102.8 99 93.3 88.5 85.2 83.3 80.8 83.3 86.5 89.1 91 92.9 94.7 93.2 90.5 89.3 88.5 87.8 87.1 86.8 86.6 86.3 85.4 84.4 84.1 84.2 84.3 84.6 84.1 82.9 81.7 80.5 80 78.7 77.4 76.1 74.2 70.6 66.9 66.5 66.1 67.1 68.4 69.4 69.3 69.4 69.9 66.8 73.2 76.9 73.9 72.2 71.5 70.9
93.7 93.4 95 97.9 95.3 91.4 91.4 91.1 90.6 95.7 101.2 103.2 105 107.5 109.8 110.7 108.7 107.5 106.9 106 107.2 108.4 109.5 109.7 109.8 107.5 104.1 100.2 95 89.4 84.7 83.1 81.1 80.1 85.3 88.4 89.6 91.5 93.4 94.7 92.5 90.5 88.9 87.5 86.3 85.7 86 85.8 85.3 85 83.9 83 83.1 83.3 83.8 83.5 82.3 81.1 80 79.5 79.4 78.6 77.7 76.7 74.1 69.3 66.5 66.5 66.5 66.5 67.3 67.8 67.3 64.6 71.4 76.3 78 73.8 72.6 72.8 71.3
95.6 93.3 94.7 97.9 95.8 90.1 89.9 90.6 91 96.5 100.2 102.7 104.7 106.8 108.3 108.7 106.9 105 103.9 103.5 105.3 107.5 108 107.9 106.4 104.2 101.2 96.4 90.5 86.8 82.2 80.7 80.3 83.7 87.5 89.5 89.9 91.8 93.9 94.6 92.9 91.1 89.3 87.6 85.3 83.4 83.8 84.5 84 83.6 82.7 82.3 82.1 82.5 83.1 82.9 81.7 80.6 79.4 79.4 79 78.6 79.2 78.7 76.5 70.8 66.7 66.7 66.6 66.4 65.8 66.5 64.3 70.4 72.8 72.8 74 73.2 76 74.9 72.9
100.5 98.1 97 94.8 91.7 88.3 88.3 89.2 89.8 94.1 98.9 101.3 103.6 105.9 107.2 106.6 104.7 102.3 101.4 102.1 103.4 105.6 106.4 105.6 102.9 100.8 98.3 92.8 85.9 82.1 79.8 79.7 81 86.6 88.9 90.4 90.6 92.5 93.9 94.5 93.3 91.8 90 87.6 84.4 83 82 82.7 83.2 83.8 82.5 82.1 81.4 81.8 82.3 82.3 81.2 80.1 78.3 78 77.7 78 78.7 78.1 75.7 69 66.3 66.2 66.1 66.1 66 65.1 68.1 77.3 73.9 72.1 72.6 73.4 74.6 74.9 76.7
103 98.7 95.2 93.2 88 86.2 87.2 88.3 89.7 92 96.1 99 101.6 104.9 105.9 104.5 101.9 100.1 99.1 100.1 101.8 104.1 104.8 103.1 99.8 96.8 93.5 87.9 82.6 79.5 78.2 79.3 84.8 88.1 88.8 90.1 93.5 94.1 93.6 94.2 94.1 92.9 90.5 87.6 85.6 84.4 84.9 80.7 79.8 81.1 82.6 81.6 81 81.2 81.7 81.5 80.7 79.2 77.2 76.3 76.6 75.7 75.1 76.2 73.2 68.2 66.1 66.1 66 65.7 65.7 64.9 68.4 72.3 72.1 71.9 73.6 74.5 75.7 78.3 77.4
102.1 97.3 92.3 89.3 85.6 85.5 87.2 87.4 88.2 90.5 93.6 98.2 102.2 103.4 104.2 102 98.8 97.3 97.4 98.1 100.3 102.7 102.9 100.1 96.3 92.3 88 81.9 78.3 77.1 76.5 80.7 86.2 87.3 88.7 96 97.5 95.7 94 93.9 95.3 94.7 92.9 90 87.6 86.6 86.6 83.6 78.8 78.3 80.2 80.4 80.5 80.6 81.1 80.4 79.3 77.9 76.1 74.2 74 73.5 73 73.3 71.4 68.4 66.2 65.6 65.2 65.5 65.7 65.1 66.8 69.4 70.4 72.3 74.3 76 75.9 79.7 78.6
100.9 95.6 90.2 86.6 83.8 84.4 86.7 87.3 87.8 88.9 91.5 95.8 100.8 101.8 102.2 99 95.8 95.4 96.2 97.1 98.7 101 100.6 96.9 93 88 83.1 78.7 75.9 76.3 77.8 82.6 85.1 85.1 94.8 101.4 100.1 96.8 95.9 96.8 97.4 97.4 95.7 93.5 90.9 87.2 84.2 80.8 78.4 77.5 78.5 79 79.6 80.1 80 78.7 77.5 76.3 74.6 72.4 71.7 71.2 72.1 72.9 72 69.9 65.5 64.9 65.1 65.3 65.5 64.7 66.4 67.6 69.3 70.3 72.5 74.8 75 78.1 77.5
97.9 92.1 87.7 85.1 82.7 81.9 83.7 86.2 89.2 90 90 92.2 97.4 99.2 99.2 95.8 93.3 94.4 95 96.3 97.7 99.4 98.5 96.5 90.3 84.6 78.7 75.1 73.8 74.6 79 82 82.9 88.8 100.1 103.7 101 98.3 99.9 103.8 104.9 101.3 99.3 96.5 93.7 90.9 85.8 82.8 80 77.1 76.8 77.4 78 78.7 78.9 77.7 75.1 73.3 72.1 70.3 69.7 69.5 71.8 72.5 72.4 74.6 69.5 64.6 64.9 65.2 65 66.2 69.2 69.4 70 71.4 74.4 76.5 75.9 74.6 74.7
94.2 88.2 85.9 85.3 82 79.9 80.9 84.7 91.6 90.8 89.2 90.6 93.8 95 94.9 91.7 91.7 93.3 94.4 95.4 95.8 95.8 92.4 90 83.1 79 73.4 71.9 71.4 73.7 77 79.5 83.5 94.6 102 103.8 101.7 100.5 105.7 109.9 108.5 105.1 101.8 98.8 95.8 92.3 87.7 84.5 81.4 78.5 75.7 75.1 75.9 77 77.8 75.3 72.5 70.3 69.2 68.2 68.5 69.3 71.5 73 71.5 73.5 72.3 64 64.4 64.9 63.8 66 65.7 70.6 71.5 73.3 75.5 78.1 77.9 75.8 75.5
88.2 84.8 85.1 86.6 82.9 79.4 78.5 83.6 91.5 92.7 88.1 88.6 90 90.7 90.9 88.9 90.1 90.9 93 92.5 93.1 93.1 88.1 84.1 79.1 74.1 70.6 70.1 71 73.4 75.5 81.3 91.2 99.8 103.3 102.7 101.7 103.5 108.7 113.7 111.3 107.8 104.2 100 95.4 91 86.7 83.5 81.1 78.7 75.7 73.9 73.8 74.2 74.6 72.4 70.1 67.5 68.3 68.4 67.1 69.8 70.5 71.4 71.3 72 71.5 63.8 64 64.4 63.9 65.1 67.2 71.1 72 74.8 77.8 78.5 78.6 77.8 77
84.1 83.7 84.5 87 84.6 80.5 78.2 83 89 92.9 88.4 86.2 86.4 86.6 86.8 87.5 88.7 89.4 90.8 90.4 88.9 88.2 84 79 74.4 71.2 68.4 68.8 71.5 73.8 81.9 87.7 95 100.7 103.4 102.5 102.5 105 109.6 114.3 112.6 109.6 104 98 93.3 89.5 85.7 83.3 80.8 78.4 75.8 74.3 72.9 71.5 71.3 70.4 70.4 68.8 68.1 68.8 65.3 67.4 69 70.9 71.7 71.5 75.2 70.4 63.5 63.5 65.3 67.1 71.8 71.5 73.7 76 82.4 81.6 84.8 77.9 78.5
83.2 83 84.7 88.1 84.1 78.1 77.7 83.4 89.4 92.5 86.8 83.5 83.3 83.1 85.4 87.8 87.6 88.1 88.7 86.2 84.3 81.9 79.5 74.8 72 69.5 67.2 68.8 72.3 77.8 87.2 92 95.4 99.4 102.6 102.1 103.7 107 110.9 113.1 112.9 109.4 102.9 96.5 91.6 87.8 84.2 81.5 79.3 77.1 75.6 74.9 73.5 73.6 72.5 72.1 71.5 69.4 68.7 65.2 64.8 69 68.4 69.8 71.5 75.2 78.5 70.6 64.2 62.5 65.1 69.9 70.2 73.7 75.4 76.5 78.1 80.1 79.6 82.7 84.7
81.7 83.8 84.5 89.5 86.1 78.7 78.1 83.2 87.9 90.1 84.5 80.6 81 83.6 87.3 86.9 86.3 85.7 84.1 82.5 83 78.5 75 72.3 69.5 67.6 65.6 68.2 76 84.6 90.9 93 95.7 100.8 104.6 106 107.7 110.8 112.8 114 112.7 109.7 101.9 94.7 90 86.1 82.9 79.9 77.5 75.9 75 74.6 74.1 74.4 72.8 72.8 72.4 70 67.4 65.5 65.1 68.8 68 70.6 76 72.7 71.4 64.2 63.2 63.3 65.3 65.6 69 69.5 72 74.4 75.5 78.1 80.6 83.6 79.8
78.5 80 82.9 89.6 86.2 79.9 77.4 81.4 86.4 86.8 80.6 78.7 79.7 82 88 86.2 85.2 84.2 81.2 79.7 78.8 74.5 72.3 70.1 67.2 65.6 65.1 69.3 77.2 87.3 92.5 94.6 98.6 106 109.3 110.4 111.7 113.3 115.1 115.2 113.2 109.2 101.2 93.7 89.1 84.5 81.5 78.4 76.9 76.5 76 74.9 74.2 74 72.2 71.8 71.5 71.1 68.6 67.1 66.5 68.4 68.9 73.9 76.3 74.5 67.8 63.3 62.6 63.9 63.7 65.2 65.6 68.7 71 72 75.1 80.9 80.4 80.5 75.1
77.4 76.4 80.6 88.1 85 77.2 77.5 80.3 85.6 83.9 78.9 76 77 79.6 86.4 86 85 82.2 78.9 76.6 75.1 70.9 68.4 67.3 65.1 64 65 70.1 76.8 86.2 91.9 96.2 104.4 109.6 113.4 115.1 115 116 115.6 114.9 111.8 105.8 98 91.1 86.5 82.1 79.6 77.9 77.2 76.6 75.5 74.2 73.1 72.1 71.2 70.4 70.2 70.1 69.3 67 68.5 67.9 69.9 73.6 72.7 70.3 63.3 62.9 62.5 63.6 63.3 66.4 70.1 67.9 66.3 67.5 72.8 74.9 75.9 75.3 74.1
73.7 70.6 73 83.4 83.2 78.3 77.7 80.4 84.9 81.1 76.6 74 74.6 76.6 85.1 85.1 84.7 81.4 77.3 74.7 72.1 67.7 65.4 63.8 63.3 63.2 65.2 70.6 77.1 84.4 91.4 101 108.9 112 115.8 118 118 117.2 115.4 113.4 109 101.2 93.5 88.2 83.5 79.6 78.6 77.8 76.8 75.9 75.2 74.5 73.6 72.1 70.3 69.5 68.8 67.6 68.2 68.5 67.2 67.3 68.8 69.4 66.4 63.4 63.3 62.9 62.6 63.2 63.3 66.9 69 68.6 63.8 65 69.4 72.3 74 72.5 73.7
71.3 73.7 70.4 80.5 79.2 78.3 78.8 79.4 82.3 78.3 74.4 73.9 74.1 76.8 82.7 83.3 83.2 80.4 77.6 73.5 68.9 65.1 62.5 60.6 61.2 63.2 66.3 70 80.2 87.7 96.6 105.9 111.7 114.8 117.8 119.4 119.3 116.7 113.6 111.4 105 97.2 90 86.8 81.7 79 78.1 77.3 76.5 75.5 75.3 74.7 73.8 72.6 69.4 68.1 68 66.1 66.6 67.5 65.2 64.8 66.3 66.3 63.4 63.5 63.3 62 62.2 64.2 68.3 64 67.5 63.3 62.6 62.9 65.5 68.2 69.3 71.4 72
78 74 69.4 76.5 73.8 76 77.2 77.1 77.2 74.1 73.5 73.9 75 78.1 80.7 81.2 81.2 80.4 76.6 73.3 68.9 63.5 59.3 59.2 61.6 64.9 69.4 76.2 86.3 94.2 102.7 109.3 114.5 117.5 120.6 122.1 119.1 115.6 112.2 108.9 101.8 94.4 86.6 83.8 82 79.7 77.1 76.1 75.9 75.3 75.1 74.1 73.2 73.1 71.1 67.5 65.7 65 65.6 66.2 65 64.7 63.5 62.8 62.8 63.3 62 62.5 64.1 68.9 70.5 71.6 63.6 62.9 62.6 62.6 62 67.4 68.7 71.6 69.4
76.8 74.5 70.3 70.6 74.9 78.2 77.8 76.2 77 72.2 73 74.3 74.1 75.1 77 79 81.1 81.9 77 71.9 67.8 61.9 57.5 58.6 62.7 68.2 74.6 82.6 90.6 98.6 105.6 110.7 116.3 119.6 122.4 122.7 118.8 114.8 111.2 105.5 98 91.8 86.2 81.4 80.6 79.6 76.1 74.9 74.7 75.3 75 74.1 72.9 72.6 70.5 67.6 65.9 64.6 64.4 64.9 64.7 65.5 64.1 62.7 63.2 61.3 62.6 66.8 68.5 67.7 71.1 74.1 68.5 63.7 63.2 62.7 62 68 72.4 67.5 66.8
80.9 79.5 68.3 68.3 73.2 77.8 78.2 77.1 74.1 71.8 70.7 71.2 71.7 72.4 74.7 77 79.6 81.6 73.8 69 66.6 62.7 56.9 58.8 64.8 72.7 79.7 86.8 93.9 101.7 108.4 114.4 117.4 120.9 123.1 122.2 117.8 112.6 107.4 102 94.1 88.3 83.7 79.5 78.1 76.3 74.1 73.7 73.6 74.5 74.5 73.9 73.1 71.7 69.7 67.8 66.8 64.7 64.4 64.1 63.6 63 63 63 62.7 62.9 63.5 68 68.7 67.1 71.2 71.8 75.5 64.2 62.1 62.1 61.6 61.5 62.9 62.4 65.3
84.9 79.8 73.8 70.2 66.8 74.8 76.7 80.2 78 72.5 71.4 70.8 69.7 71.2 72.8 75.7 78 78.3 69.5 66.9 63.3 59 56 58 66.5 75.8 82.6 89.6 97.3 104.9 111 116 119.1 122.7 123.7 119.9 114.8 109.9 104.7 97.9 90.3 84.7 79.9 76.6 75.1 73.9 73 72.8 73.4 73 72.1 72.2 71.2 70 67.8 67 67 65.1 64.4 63.6 64.1 63.8 62.9 62.9 62.7 63 62 64.4 64.1 65.4 69.1 71.4 73.6 66.7 61.6 61.4 61.5 61.3 61 61.8 64.3
85.2 79 73.5 66.5 69.7 77 81.7 86.6 82.4 74 71.8 69.3 67.9 69.9 71.6 74.5 77 76.3 68.5 64.8 63 58.5 56.3 57.9 67.8 78.4 85.3 92.1 99.8 107.3 113 118.4 120.5 122.8 121.8 118.2 113.2 107.7 101.9 95.1 87 81 76.6 75 74.5 73.1 72.4 71.6 72.3 73.7 72.4 71.1 70.3 67.9 65.8 65.6 65.2 63.8 63.3 64.5 66.7 67.1 65.1 64 63.7 60.9 62.4 61.7 62.2 63.2 66.1 68.8 68.6 66.2 61.2 61.4 61.2 61.1 61 61 62
84.4 77 70.7 71.8 65.6 75 86 88.8 82.1 73.4 71.3 67.9 65.5 69.7 72.7 72.2 74.6 72.6 66.3 64.4 63.4 56.2 55.2 58.5 69.3 79.7 88.1 95.6 102.9 109.5 113.9 118.2 121.9 123.6 120.8 116 111.9 106.5 99.6 91 82.1 76.5 74.4 74.4 72.9 72.2 71.5 70.8 70.4 70.2 68.6 68 66.9 66 66.3 65 65.9 65.9 63.7 68.4 68.5 69.5 68.9 66 64.7 61 61.5 61.9 61.4 61.9 62.9 65.7 67 65.2 61.4 61.3 61.3 61.2 61.1 61 61
83.8 73 68.8 68.3 64.5 77.5 86.4 86.8 79.8 73.8 69.7 66.7 64.1 72.4 74.2 70.2 70.5 66.9 62.9 61.3 59.6 55.8 55.3 59.4 71.8 82.3 90.9 98.4 105.9 110.6 113.9 118 122.7 125.7 120.9 114.9 110.4 106.4 98.5 87.9 78.3 74 73 72.3 71.7 71 70.5 69.8 69 68.6 68.4 68.5 68 67.6 67.5 66.7 67.2 66.4 67 66.2 67.2 69.3 70 68.1 66.4 61.8 60.7 61.8 60.7 60.9 62.4 62.4 66.3 62.4 61.2 61.1 61.1 61 60.9 60.8 61.6
80.3 70.9 67.4 65.4 65.9 78.6 84.7 85.3 79.2 72.8 67.5 63.7 64.2 71.9 74.3 69.3 66.4 63.8 61.1 59.5 56.8 54.9 56.7 63.3 73 85.8 93.9 100.7 106.6 110.9 114.1 118.4 122 123.4 119.2 113.4 110.4 103.2 96.4 87.1 76.6 72.7 72.3 71.9 71.1 70 69.3 69.7 69.3 69.1 70.2 71.3 70 69.6 68.7 67.2 67 66.2 67.4 66.3 68.7 70.2 70.1 69.5 68 65 60.7 60.7 60.4 60.5 60.8 60.8 61 61.2 61 60.9 60.9 60.8 60.7 60.6 62.6
76.6 69 66.5 63.9 67.6 76 81.1 81 75.8 71.7 65.5 61.5 63.7 70.9 71.4 65.1 62.2 60.7 59.6 58.3 55.6 55.8 61.8 65.2 75.3 87.5 95.5 102 107.2 110.7 113.8 117.2 119.4 120.7 117.7 112.7 105 98.4 91.9 84 75.2 72.5 72.5 72.5 71.7 70.9 69.4 70.5 71.1 70.8 71.6 72.2 71.6 70.5 69.8 69.1 67.9 66.7 67 66.6 69.6 71.2 70.9 70.3 69.2 68.2 63.4 62.1 61.5 60.2 60.5 60.5 60.9 61.2 61 60.7 60.6 60.6 60.5 61.3 62
76.1 67.6 65 61.7 65.4 74.1 74.1 76 73 68.1 64.1 60.4 61.6 64.3 66 62.4 60.2 59.8 59 57.5 55 58.6 65.4 68.8 77.6 89.4 97.5 103.4 107.9 109.6 112.2 115.7 118.5 117.4 113.7 108.2 102.3 95.8 88.2 82.2 74.9 72.7 72.5 73 73 71.9 70 70.4 71.4 72.1 72.1 71.7 71.4 68.8 68.6 69.8 66.9 66.1 66.6 66.2 68.6 70.8 73.3 71 69.8 67.6 64.8 61.1 61.1 61.2 60.7 60.1 61 61.1 61 60.6 60.4 60.4 60.3 61.5 61
71.9 66.9 65.1 61.4 64.4 70.8 66.7 65.8 65.3 66.6 61.6 59.6 60.6 63.2 63.4 61.5 60 58.5 57 55.6 54.7 62.2 69.1 71.5 77.5 90.4 98.8 104 107.7 110.1 112.1 115.6 116.8 114.9 110.6 104.8 100.5 92 85.9 81.3 74.1 72.8 72.2 73.3 73.1 72.3 70.8 70.4 70.8 71.4 70.5 70.1 68.3 66.8 68.9 66.9 66.3 65 64.8 65.4 66.8 70.1 72.2 70.9 69.4 68 67.2 63.4 61.8 61.2 60.7 60.1 61.2 61.1 61 60.6 60.2 60.2 60.9 60.4 60.4
66.6 65.8 65.2 64.7 63.1 62.9 60.4 56.3 62.6 65.6 62.1 58.8 59.8 59.9 59.8 57.9 56.3 56.7 56.1 55 57 64.2 70.2 72.8 76.5 88.7 98.5 104.5 107.5 110.3 111.9 114.2 114.4 111.9 107.1 102.1 96 88.4 83.6 79.5 73.3 72.1 72 72.7 71.9 71.2 70.3 69.8 70.2 70.3 69 67.8 66.4 65.8 65.6 65.2 64.4 64.3 63.6 66 66.7 68.4 70.1 70.5 69.5 69.4 69.3 67 64.5 63 61.6 59.8 61.4 61.2 61 60.6 60.2 60 60.1 60.2 60.4
69.4 67 67.6 67.1 67.6 59.2 64 64.3 56.7 64.7 56.8 53.4 51.3 48.6 50.5 54.9 56 56.6 55.3 54.7 59.8 66.7 71.6 75.4 79.6 87.8 97.4 104.4 107.4 110 110.6 111.6 112 108.6 103.5 99.6 91.5 85.2 79.8 75.2 72.4 71.1 71.2 71.6 70.7 69.5 69 68.7 69.1 69.7 68.5 67.7 66.8 66.1 65.5 64.1 62.7 61.9 62.9 67.7 67.8 68.8 68.6 70.2 71.2 72 72.2 69.4 67 65 62.9 61.4 60.1 60.5 59.5 60.7 59.7 59.9 60.1 60.2 60.4
70.9 70.8 72.1 70.3 63.8 61.2 62.7 67.4 60.4 50.8 62.9 57.3 56.3 56.6 47.8 54.4 55.8 55.8 52.3 56.6 63.1 69.8 74.8 79 83.5 90.7 99.1 104.4 107.6 110 109.2 110.1 109.1 106 101.2 97.5 88.2 81.5 78.2 75.6 72.4 70.1 70.4 70.2 68.8 66.3 67.4 67.6 68.6 69.3 68.6 68.2 67.5 66.8 66.2 65.3 64.5 61 62.1 68.2 68.3 66.6 70.4 70.7 71.5 73.9 71.7 71.7 70.7 67.5 65.3 62.1 61.1 60.9 61.2 59.2 59.3 60.1 60.1 60.2 60.4
75.8 74.3 72.8 70.1 65.2 62.9 63.4 66.6 59.3 60.7 61.4 62.5 58.7 56.1 50.6 50.6 53.4 52.4 54.3 57.1 63.3 71 77.4 81.9 86.5 91.5 97.6 104.4 107.8 110.2 108.8 108.7 107.2 103.7 98.7 92 85.3 79.1 77.3 74.1 71.1 69.2 69.2 68.2 67.1 64.9 65.3 66.8 68.1 68.7 68.7 68.5 68.1 67.5 66.3 65.6 63.7 62.1 61.8 63.1 62.4 64.1 68.3 68.6 70.5 74.1 76.7 74.7 71.2 69.7 66.4 63.3 61.4 61.1 61.1 59.9 59.3 60.3 60.1 60.2 60.3
75 72.5 72.2 69.6 68.1 66.9 67.4 64.6 64.6 64.5 62.1 61.7 57.7 53.9 50.1 44.9 49.4 49.9 53 56.2 60.8 68.5 76.9 83.6 87.5 91 96.6 103.8 109.3 109.8 109 107.3 106.5 103.2 95.5 87.3 84.2 80 76 72.8 70 68.9 68 66.9 66 63.7 63.8 65.5 67.5 68.4 68.6 68.7 68.1 67.3 65.9 64.4 59.7 60.7 62 60.9 60.9 60 63.1 65.5 67.8 71.2 74.8 75 70.1 67.7 66.5 65.6 61.6 61 61 60.9 60.8 59.7 59.8 59.8 60.5
73.7 73.3 72.5 72.7 70.6 69.2 68.2 66.8 67.5 65 64 64 58.8 55.1 49.7 45.2 44.2 48.4 51.3 54.8 58.5 66.2 74.8 82.2 86.2 89.4 98.2 106.6 108.2 109.1 109.4 107.4 103.3 98 90.9 85.7 81.1 78.7 75.7 71.6 68.7 68.3 67.2 65.8 64.7 63.2 62.6 64.4 67.1 67.5 68 68.2 67.3 66.7 66.2 63.8 58.6 59.1 61.3 59.7 60.5 59.3 59.5 62 65.2 68.5 71.2 72.2 71.2 68.3 65 63.4 61.6 60.9 60.8 60.7 60.5 60.4 59.4 60 60.6
75.2 73.9 73 72 70.9 69.8 68.3 68.3 68.1 64.9 68.2 62.9 59 53.7 52.6 50.4 46 44.8 48.7 52.3 55.5 63.9 72.4 78.9 83.5 91.2 101.6 109.5 108.7 109.7 111.4 105.8 98.7 95.6 90 83.9 79.5 77 73.8 69.3 67.7 67.1 66.4 65 63.6 63 61.9 62.7 65.2 66 66.8 67.3 66.9 64.6 62.1 59.1 58 58.8 58.7 57.9 59 59.3 59.3 59.9 63.8 67.3 68.9 69.7 70.2 70.3 69.1 66.2 61.1 60.7 60.6 60.5 60.3 61.2 59.6 60.4 60.7
