webserver/python/data/NX39.asc
ncols 200
nrows 200
xllcorner 230000
yllcorner 590000
cellsize 50
[rows 70 to 104 of 200, columns 0 to 77 of 200]
188.8 188.1 190.4 192.2 192 192.4 193 192.3 192.6 190.1 186.1 188 188.2 188.5 183 181.6 184.9 189.8 195.2 203.9 214 219.7 229.3 231.4 232 216.6 228.5 227.8 224.1 216 204.5 209.8 219.4 221.7 220 215.3 209.3 203 199.8 194.2 187.8 179.7 175.3 169.2 160.9 154.1 148 147.3 148.1 147.6 148.5 161.5 168.6 175.3 181.1 186.5 191 193.3 199.5 204.1 206.7 212.1 217.5 223 229 234.7 241.8 251.9 263.9 276.2 288.4 299.2 311.6 321.5 316.5 322.5 323.9 334.7
177.3 172.6 176.1 176.1 174.7 172.6 173.9 172.4 172.7 170.7 167.3 167.5 167.9 167.4 166 174.8 175.6 179.4 178.3 184.1 189.3 197.4 202.6 205.1 202.3 194.3 200 199.2 197.5 191.7 184.5 187.6 192.7 193.8 193.7 192.3 190 185.3 182.8 179.8 175 170.5 166.9 159.2 149.3 146.2 146.1 148.3 159.6 162.3 166.1 170.4 175 180.6 185.3 189.9 195.7 199 205.3 211.6 214.6 218.6 225.3 231.8 237.9 244.1 250.4 259.2 271.1 282.3 294.9 309.6 321.6 328 330.3 334.1 337.9 338.8
167.3 164.1 166.1 164.6 162.5 160 160.9 158.9 156.9 155.6 155.4 155.6 157.9 153.2 160.7 161.9 165.4 166.9 166.7 166.6 170.8 172.4 173.9 174.5 176.1 174.8 176.8 176.3 175.4 174.5 167.7 175.7 176.9 178.6 179.6 179 177.4 174.3 172 168.5 164.6 161.3 159.3 145.8 142.8 146.9 150.1 159.7 162.4 164.4 167.6 171 175.9 181.2 186 192 197.3 202.6 208.8 215.5 222.8 226.4 231.3 237.8 246.4 253.5 259.6 266.7 275.9 285.9 296.7 308.5 320 328.5 328 330.8 331.2 332.7
158.4 156.7 156.8 155.7 152.4 148.7 150 148.1 146.7 146.7 147.7 149.7 146.7 153 153.2 153.1 154 155.4 157.6 158.9 160.9 162.3 162.1 160.9 160.1 161.7 161.8 161.4 162.9 162.9 158.6 165.3 167.6 168.9 168.7 168.3 166.5 164 162.1 157.6 151.9 152.1 147.8 143.4 143.7 152.8 155.6 157.3 159.9 163 166.4 170.2 173.3 176.9 183.9 190.3 196.7 203 210.2 215.9 222.5 228.9 235.7 242.5 251.1 259.4 266.8 273.8 281 287.7 296.9 307 314.9 318 319.9 321.3 320 319
151.1 149.5 149.3 148.2 145.8 142.8 140.4 139.3 137.9 136.5 137.9 140.6 139.6 144.5 146.3 144.9 145.7 148 149 151.1 151.9 150.6 150.6 150.9 151.7 151.9 151.8 152.4 153.6 154.4 149.7 156.8 159.2 160.4 160.2 159 157.6 155 152.4 146.6 143.8 144.5 143.9 142.4 143.6 150.7 151 152.5 154.7 158.5 161.3 164.9 167.8 170 179.4 186.2 192.5 199.1 206.5 212.6 219.8 228.2 237.4 245.1 254 262.3 272.5 280.2 286.1 290.7 297.4 302.8 307.2 311.6 314.2 313.5 310.3 306.2
147.7 141.5 143.2 140.9 138.8 136.1 133.2 132.6 132.5 132.4 132.5 134.1 134.3 136.6 137.9 139.9 141.6 141.9 142.9 143.3 143.3 144.2 144.6 144.6 145 145.3 145 144.8 145.4 145.7 145.8 148.6 150.1 151.3 150.6 149.1 148.7 147.5 144.9 141.9 142 141.9 141.9 140.2 143.3 148.5 145.9 146.6 149.2 151.5 153.6 156.6 160.4 165.4 171 178.1 184.8 190.9 198.1 205.6 213.7 222.3 231.8 242.1 252.3 263.7 273.8 282.7 287.3 289.9 295.2 299.1 301.6 305.5 308.3 305.4 298.8 294.6
142.8 143.2 133.3 131.2 129.1 126.5 126.1 127.1 128.4 128.6 128.6 130.3 129.5 134.5 133.4 136.1 135.2 138 138.5 139.1 139.5 140.1 139.1 139.6 140.2 140.2 139.7 139.5 139.4 140.8 142.6 141.8 141.1 141.2 140.8 140.1 140.9 140.8 140.7 141.2 141.6 140.9 140.3 141 142.6 143.5 142 141.1 142.6 145.6 147.4 149.7 154 160 164.9 169.3 177 183.6 191.2 199.3 207.2 215.2 224.8 233.6 244.3 257.3 269 276.8 278.3 283.2 287.6 290.5 293.6 296.8 298.1 295 288.2 282.4
140.2 140.5 129.2 125 123.6 126 125.8 123.2 127.2 127.1 127.8 129 126.9 128.2 127.4 127 135.4 136.3 136.2 136.4 136.6 136 135.3 135.6 136.1 135.7 135.4 135.5 136.5 137.8 139.3 139.4 137.8 137.6 138.1 138.8 138.9 139.6 139.9 140.6 141.2 140.6 138.3 140.8 141.6 141.5 140.3 139.6 139.8 140.9 142.3 144.6 148.4 152.4 158.2 164.3 171.2 179.1 187 194.6 202.4 210.4 217.9 226.5 236.4 246.2 256.9 264 267.9 273.5 277.8 280.3 283.2 285.5 286 282.8 276.5 270.4
131.2 127.6 126.2 122.5 126.1 128.1 131.9 131.9 124.4 124.9 124.7 129.6 129.9 129.4 128.5 127.2 135.9 135.4 134.5 133.6 133.1 132.6 132.1 132.4 132.9 133.3 133.4 134 134.6 135.3 136.1 137 136.7 136.7 137.2 138 138.6 138.6 139 139.9 140.7 139.9 139.6 139.7 140.5 140.2 139.3 138.7 138.9 139.7 141.1 143 145.5 149.8 155.7 162.6 169.2 176.2 184.1 190.8 198.5 206.5 213.1 219 227.3 236 244.5 250.2 256 261.6 266.4 269.7 272.6 273.8 273.7 270.2 265 262
124.9 125.7 122.8 125.1 130.4 135 136.2 136.2 135.4 134.5 134.4 135.2 128.1 127.7 129.3 133.5 135.3 133.4 129.3 131.5 131.7 130.1 131.8 132.1 132.4 132.4 132.6 133.1 133.7 134.4 135 135.1 135.5 135.6 136.2 137.1 138 138.2 138.3 138.6 138.8 139 139.2 139.3 139.4 139 138.8 138.5 138.7 139.4 139.8 141.1 145.4 152.9 157.3 162.4 168 174.6 181.6 189.3 196.5 202.6 208.4 213.6 219.8 227.6 233.7 239.8 246.3 252 256.2 259.8 262.9 262.9 261.5 259.3 256.5 253.9
124.8 125.3 124.7 125.6 135.5 136.5 137 137 136.3 133.7 135.6 136.7 130.2 130.4 131.4 134.1 135.1 129.3 131.2 131.6 131.7 132 132.5 132.6 132.5 132.4 132.6 132.8 133.1 133.6 134.3 134.3 134.1 134.6 135.4 135.9 137.2 137.5 137.6 137.9 138.2 138.7 138.8 138.8 139 138.5 138.4 138.4 138.5 139.1 139.1 142.5 145.9 151.9 155.2 161.4 166.9 172.1 177.9 185.2 190.9 196.7 201.5 206.3 213.7 220.6 225.9 230.9 237.4 241.9 243.6 253.2 257.4 253.7 251.1 249.9 247.5 245.9
123.4 122.6 125 135.5 137.8 138.4 138.5 137.9 137.1 137.1 137.6 137.7 128.4 130.9 132.1 134.3 132.7 130.2 131.2 131.5 131.7 131.8 132.2 132.8 132.6 132.5 132.7 132.9 133.1 133.4 133.6 134 134.5 134.8 135.1 135.4 136.5 136.6 136.9 137.4 138 138.6 137.9 138.5 138.6 138 138.1 138.4 138.6 139.2 140.3 143.2 148.5 151.6 153.8 157.8 162.7 167.8 173.5 178.9 185.3 189.9 194.5 200.6 207 212.4 217.5 223.2 228.5 232.7 236.8 242 245 243.2 240.5 238.9 237.3 235.1
136 136.4 137.2 138.8 139.9 139.7 139.5 139.3 138.7 137.2 138 139 137.8 132.5 130.2 133.2 130.2 130.5 131.2 131.5 131.6 132.2 130.1 132.9 132.7 132.6 132.7 132.9 133.2 133.4 133.5 134 134.4 134.6 134.9 135.3 135.6 136 136.2 136.7 137.3 137.8 136.3 136.1 137 137.6 138.2 138.8 138.9 138.9 139.3 143 147 148.5 149.8 153 157.8 162.8 166.1 170.8 175.4 180.1 185.6 190.6 196.4 201.1 206.3 211.7 216.2 219.2 223.4 227.9 229.7 229.6 228.1 227.3 225.8 223.3
134.9 136.7 136.9 138 138.7 139.5 140.4 141.6 141.2 139.6 140.3 140.8 139.7 136.4 134.2 129.1 128.7 131 134.1 134.5 131.7 132.2 132.7 132.6 132.8 132.7 132.8 132.9 133.2 133.3 133.8 134.3 134.4 134.6 134.8 134.7 135.2 135.8 136.1 136.4 136.6 135.6 136.1 136.9 136.7 137.3 138.3 138.6 138 139.6 139.4 139.7 139.4 139.7 142 146.7 151.5 156.4 156.4 160.8 164.8 169.8 174.9 179.8 184 187.2 192.3 198.9 203.1 204.9 208.7 212.1 214.2 214.4 212.9 213.9 213.4 211.2
139.7 141.9 141.9 140.7 139.8 140.6 141.4 142.5 141.9 141 141.6 142.3 141.6 138.1 135.7 133.3 133.5 133.3 134.8 133.9 132.2 132.6 133 132.8 132 132.8 133.1 133.2 133.3 134.1 134.3 134.4 134.5 134.7 134.6 135 135.4 135.8 135.9 136.2 136.6 135 136.7 137.1 136.9 136.7 137.7 139.2 139.3 139.5 139.4 139.5 139.7 139.1 139.4 141.8 141.7 147.3 151.2 154.2 157.4 159.5 162.4 166.6 170.8 174.7 179.2 186.9 190.2 191.2 194.3 197.1 199.2 200 200.6 203.9 202.2 198.5
146.7 147.8 147.7 144.7 143.8 142 143 142.8 142.2 141.3 141.6 142.4 141.5 140.1 137.2 131.9 135.5 135.7 136.4 133.2 133.4 133 134.2 136.2 138.5 135.3 130.9 133.7 134.1 134.2 133.9 134.1 134.4 134.5 134.5 135.2 135.4 135.9 136 135.5 135.8 136.4 136.8 136.8 137.4 137.4 138 139 139.2 139.3 139.5 139.6 140 140.4 140.6 141.3 141.9 141.2 145.3 148.3 150.2 151.9 151.7 152.2 156.5 163.4 168.4 172.9 174.7 177.3 180.9 184 185.7 185.6 185.6 185 185 182.5
153.9 155.2 152.8 151.3 150.4 146.7 145.1 144.8 143.1 144.7 143.7 143.9 142.9 141.9 140.2 136.5 140.2 141.1 139.5 136.9 135.8 136.4 138.5 140.7 142.3 142.3 138.5 142.3 135.7 131.8 132.3 132.9 134.8 138 140.8 138.2 139 137.8 136.7 133.5 134.3 135.4 136.2 136.2 137.8 138.1 138.3 138.7 138.9 139.1 139.4 140 140.5 140.8 141.2 141.8 142.5 143.1 142.5 142.5 143.4 142.2 143.9 146.2 149.1 153 157.1 160.9 164.9 168.8 170.9 172.9 171.2 169.3 169 167.1 167.6 166.8
159.6 159.1 156.6 156.3 154.9 151.9 149.4 146.7 148.4 151 150.4 146.3 146.7 146.1 141.2 142.2 145.7 144.4 139.9 139 139.9 141.9 143.9 145.6 146.5 146.4 142 146.4 144.4 141 136.3 137.4 142 145.4 145.8 145.8 145.7 145.7 145.2 143.4 143.4 143.3 143.5 144.2 143.6 140.9 137.7 138.8 139 139.6 140.1 140.5 141.1 141.2 141.8 142.5 143.3 143.9 143.7 145.2 143.6 143.7 142.8 144.9 146.7 146.1 148 150.7 155.1 159.8 162.5 163.5 162.1 156.4 153.6 151.6 155.5 156.6
166.7 165.2 161.3 160.3 160.1 157.3 154.1 149.5 152 155.2 154.4 150.9 151.6 148.4 143.7 146.2 146.9 145.3 142 142.1 144.9 148.2 150.4 150.5 150.5 149.7 145.6 148.4 147 140.6 146.1 148 150.7 152.2 154 154.6 153.3 153.6 154.6 151.9 151.7 150.9 151.7 152.9 152.1 149.9 146.9 144.1 140.1 140 140.7 141.1 141.6 142.2 142.9 143.5 144.2 144.1 143.1 144.8 144.4 143.8 143.3 143.9 142.9 145.5 146.1 146.2 146 148.2 150.6 152.2 151.7 148.4 148.8 149 149.4 148
172 170.4 163.9 164.1 164.1 162.3 159.2 155.9 156.9 157.9 157.3 156.9 155.8 146.4 150.6 149.8 149 145.8 145.6 147.1 149.8 153 155.4 156.2 156.2 153.8 150.6 154.9 155.9 154.3 159.4 160.4 161.8 162.7 163.2 161.9 163.9 161.2 164.5 159.4 160.8 160.4 163.8 162.2 158.9 154.1 153.4 149.7 147.5 144.3 142.2 141.5 142.3 142.6 143.6 144.4 145.1 145.5 144.6 145.5 145 144.4 143.9 144.5 144.3 145.1 144.4 145.2 145.6 145.8 145.8 146.9 147.6 147.3 147 147.1 147.7 148.1
175.6 173.5 168.5 169 168.5 164.9 161.9 160.7 157.8 159.7 159.9 156.9 152.1 153.2 155.9 155.4 152.1 148.5 151.1 153.8 155.8 157.6 159.7 161 162.4 157.6 160 164.3 166.7 163.4 169.2 171.2 171.3 171 170.9 168.7 171.5 171.5 171.7 169.3 168.4 168.5 172.1 170.5 166.9 162.8 160.8 159.6 157.7 153.7 150.1 148.8 145.2 143.5 144.2 145.1 146.4 146 144.7 146.3 146.3 145.7 145.1 144.2 144.2 145 144.9 145.2 145.9 146 146.1 146.5 146.9 147.4 147.2 148.2 148.9 148.5
178.4 177.3 173.2 170.1 168.9 164.7 160.9 156.8 159.5 161.5 156 155.9 159.1 157.5 160.5 161.4 154.1 153.6 156.2 160.9 163.4 164.6 164.3 166.3 167.4 165.8 165 169.8 173.1 172.3 175.4 177.3 178.2 178.5 178.2 178.8 180.5 179.6 178.1 177.8 178.6 177.6 178.1 175.9 172.3 170.2 170.6 170.4 167.8 163.5 158.6 152.9 146.3 144.9 145 146.4 147.3 147.3 146.7 147.4 147.6 147.2 146.6 146.1 144.7 143.7 145.5 145.7 146.1 145.4 146 145.6 146.4 147.1 148.5 149.1 149.8 149.9
181.4 180.3 176.6 173.3 170 167.2 167.1 164.2 163.2 159.9 165.1 166.2 165.9 165.9 165.6 165 161.6 158.4 160.9 168.3 170.9 172.5 172.3 172 173 173.1 170 175.3 178.2 178.3 181.7 184.5 186.6 188.6 189.1 186.6 187.6 188.3 186.6 186.6 187.8 185.9 183.2 179.8 178.8 180.8 180.3 178.8 177.1 173.9 167.5 160 155.2 152 146.9 147.6 148.6 148.7 148 149 148.9 149.3 149.3 149.7 148 146.8 143.8 146 146 147.7 148.8 149.3 151.2 150.3 153.7 154.2 153.5 153.1
184.1 182.4 179.7 175.1 171.5 173.6 171.4 164.9 168.7 163.2 170.9 170.6 171.5 171.9 170.9 171 170.6 167.1 172.4 172.3 177.4 179.8 178.2 178.1 178.6 179.4 177.9 178.3 184.8 184.7 189.8 192.9 196.6 197.9 196.1 193.5 195.3 195.8 196.5 196.9 198.6 198.5 196.8 192.2 190.8 192.4 191.3 190.1 186.1 181.8 176.3 169.3 162.9 158.9 151.1 152 152.2 150.3 148 149.3 151.1 153 154.2 153.2 151.4 152.1 151.3 152.2 151.7 152.8 151.6 154.5 157.8 160.7 161.7 162.8 163.3 163.2
188.2 185.4 182.4 179.3 178 176.9 176.2 168.9 173 167.7 171.2 175.2 177.6 178.6 179.2 180.5 178.3 178.9 183.4 179.9 185.3 186.1 183.3 186.3 186 187.2 186.1 186.2 192.4 192.5 198.3 201 201.9 202.3 201.5 200.2 201.7 203.1 204.6 206 207.6 209.3 208.6 203.1 202 203.3 201.5 197.6 193.4 187.7 182.2 176.4 170.7 162.7 153.3 158.5 157.5 154.7 149.7 150.5 152.8 156.9 159.7 157.2 155.5 156.4 158.4 159 159.8 162.8 164.2 165.7 168.1 171.4 169.3 172.7 175.9 179
192.1 188.5 186 183.2 183 182.1 179.4 173.5 176.3 174.5 172.7 179.4 183.2 185.4 183.9 186.6 187.2 183.4 189.8 191.3 194.4 193.6 196 197.9 195.5 195.2 196.1 197.2 201.3 203.7 205.9 206.1 206.4 206.9 208.2 209.2 210.5 212.7 213.8 214.9 216.1 217.8 216.1 212.8 209.8 207.8 206.8 203 197.6 190.8 185.7 180.7 176.9 166.8 163.2 166.1 165.1 161.7 153.3 151.3 153.6 158.3 160.5 160.8 160.1 164.3 166.4 168.6 171.1 174.2 175.1 177.8 181.1 186 187.6 189.8 191.7 194.6
196.4 192.8 190.1 184.6 187 186.5 183.5 179.3 180 179.7 179.5 185.3 190 192.4 191.2 193.2 194.3 191.9 196.6 201.1 205.9 206.3 207.7 209.2 207.1 208.6 206.8 206.6 207.5 210.1 211.2 210.6 211.2 212.9 215.2 215.4 220.4 221.8 222.9 223.9 225 226.2 224.5 221.5 218.2 215 210.5 207.1 201.6 194.4 188.7 186.6 179.2 175.5 176 174.8 171.2 167.7 159.4 152 154.9 160.3 162.3 163.8 165 172 174.7 178.4 181.6 185.4 190.6 194.2 197.7 201.5 204.7 207.1 210.6 214.5
199.6 196.8 193.3 191.8 190.3 189.2 186.4 187.5 187.7 186.9 190.7 186.1 196.9 200.6 201 201.4 202.4 199 206.8 211.6 215.4 216 218.3 220.5 218.8 216.1 213.3 212.9 212.1 215 215.8 214 218.2 221.4 224.1 226.6 229.2 231.1 232.2 233.3 234.3 235.4 233.8 230.7 227.6 224.4 219.5 214.1 208.6 200.6 195.9 191.7 181.8 187.8 187.7 183.3 178.8 173.3 168.5 159.8 153.3 160.2 164.8 168.8 172.6 177.6 184.5 188.5 192.3 197.6 203.5 208.7 213 216.5 221.3 224.7 229.5 235.4
204.5 201.5 195 195.5 194.7 193.5 190.4 194.8 196.3 195.4 199.8 193 205.3 209.7 211.4 210.4 211.7 211.9 217.1 221.3 224.6 225.9 227.6 226.2 223.6 220.6 218.6 218.1 218.8 219.9 222 221.6 227.4 230.4 233.1 235.7 238.1 240.5 241.5 242.6 243.7 244.8 243 239.8 236.9 233.8 228.8 222.9 216.1 207.7 202.8 195.5 196.8 198.3 197.2 192.4 186.7 181.3 175.1 167.4 162.2 153.9 166.1 173.2 179.5 185.7 193.1 195.3 200.8 207.9 214.2 220.1 225.8 231.5 236.2 243.2 248.3 257.8
208.4 205.1 203.3 200.5 201.6 201.7 196.3 200.1 202.7 205.5 210.7 195.8 207.5 218.3 221.5 222.4 226.5 228.8 231.1 233.9 236.2 236.6 235.4 231.9 229.7 227.1 225.9 228.5 231.3 231.1 232.6 232.5 237.2 239.4 242.2 244.7 247.1 249.7 250.9 252 253.2 254.1 252.2 248.9 246 243 238 231.4 223.5 216.1 208.5 203.5 205.4 206.2 204.3 200.3 193.9 188.8 184.4 177.9 169 166.7 160.2 171.6 182.6 192.2 198.8 198.7 207.4 215.4 223 230.2 237.4 243.2 250.3 258.3 266.8 277
214.4 210 207.8 209.1 210.2 211.1 207.6 209.4 212.1 216.5 221 205.1 224.1 228.2 230.5 233.8 239.6 242.5 244.4 245.5 246.4 246.9 245.2 242.3 238.6 235.9 235.5 239.6 243.6 242.7 242.8 244.3 247.2 249.4 251.6 253.8 256.2 258.6 260.2 261.4 262.6 263.5 261.4 258 254.4 250.2 244.3 237.5 230 222.9 216.5 209.7 212.6 211.3 209.8 207.2 202.2 200.2 196 187.5 176.6 174.4 171.9 166.1 180 192.2 199.5 203.1 210.8 219.9 228.9 236.5 244.6 252.6 261.7 270.5 280.7 286
218.2 215.6 217 219.2 219.7 219.7 217.9 220.5 223.8 227.7 230.6 228.1 235.5 236.5 240.7 243.9 249.2 253.1 255.1 255.2 255.2 256 256.4 253.5 249 246.5 246.3 252 253.9 252.5 253.9 254.4 257.3 258.8 261.1 263 264.8 267.5 269.6 270.8 271.8 271.9 270 265.6 259.1 254.7 248.3 241 234.5 227.4 222.1 219.3 218.3 216.5 215.3 213.7 210.2 208.2 201.2 192.6 186.7 180.4 184.5 172.4 177.6 190.9 197.9 205.5 207.5 222.9 232.3 241.8 251 258.9 269 278.2 286.4 291.4
223.6 227.6 230.4 232.5 232.2 231.3 231.1 233.4 236.1 238.5 241.1 241.2 244.1 243.5 249.6 251.7 254.9 258.9 261.6 262.4 263.4 264.2 264.9 265.8 264.1 261.7 259.9 264.6 263.8 263.1 263 264.4 265.8 268.3 270.8 272.7 274 275.8 278 278.4 279.2 279.2 277 272.8 266.3 259.5 251.8 244.8 238.3 231.9 221.7 225.6 223 221.9 221.2 220 217.4 214.7 204.7 202.9 195.7 190.8 190.7 179 171.8 186.8 194.9 203.6 208.7 222.7 232.2 241.8 251.4 262.8 271.1 281.6 290.6 296.2
237.9 241.7 244.1 245.9 245.7 244.9 245.2 246.6 247.7 248.5 249.8 249.9 249.9 253.6 255 257.8 261.7 264.4 267.2 270.7 271.7 272.7 274.3 275.1 274.8 273.1 271.7 274.3 272.5 270.5 269.8 273 275.5 278.1 280.6 282.3 283.6 284.9 285.9 285.5 285.3 284 282.7 276.9 270.4 263 255.3 248.6 241.9 235.1 225.7 229.3 228.5 227.9 227.3 226.5 224.4 219.4 217.4 211.7 204.2 197.7 196.4 193.9 169.4 184.4 194.6 202.4 209.6 220.9 230.5 239.8 250.7 263.3 272.2 282.8 293.1 300.1
252.3 255.2 257.5 259.4 260.9 260.6 260.4 261 259.6 258.5 258.5 259.7 257.7 260.9 261.6 261.2 268.2 272.2 275.3 278.1 280.5 282.1 283.7 284.3 284.2 285 285.1 285.7 284.1 281.9 281.9 282.1 285.3 287.8 290.3 292 293.3 294.6 294.5 293.6 291.7 288.6 284.7 278.4 270.9 263.8 256.7 249.7 243.1 236.1 233.3 233.7 234.1 233.6 233.1 232.7 229.6 228.8 228.6 223 213.5 203.2 200.6 191.7 176 181.7 193.4 200.6 209.9 217.8 227.2 238.4 249.9 262.3 273.6 283.7 296.3 303.9
