webserver/python/data/NX45.asc
ncols 200
nrows 200
xllcorner 240000
yllcorner 550000
cellsize 50
[rows 120 to 159 of 200, columns 0 to 91 of 200]
47.8 46.7 47.7 47.8 47.6 45.6 47.9 46.4 46.9 45.8 41.8 40.1 37.4 32 29.6 25.7 27.6 31.9 27.8 17.7 20.1 30.4 33.5 30.2 24.1 17.7 15.5 23.9 23.8 21.3 18.6 15.7 14.2 15.1 16.9 18.8 21.2 21.5 21.6 28.5 35.2 38.3 33.3 27.1 19.5 14 13.6 13.3 13.4 14.7 11.4 9.7 8.1 5 -3 -3 -3 4.4 -3 -3 6.7 6.3 6 5.8 5.4 -3 -3 -3 6.3 5.5 4.8 4.8 4.8 4.8 5 5.1 5.3 5.4 5.4 -3 -3 -3 -3 4.6 4.3 3.9 4.3 4.8 4.3 4.1 3.9 3.7
45.5 46.5 47.3 47 47.9 47.9 45.8 44.4 46.1 42.9 40.4 40.4 33 30.8 30.9 28.5 27.9 28.2 26.4 18.9 21.3 32.4 37.8 36 30.5 25.3 17.3 22.8 25.9 23.2 21.8 19 16.4 16.3 21.2 28.6 30.6 29.4 27.4 28.6 35 39.7 36.7 31.3 24.3 17.6 16.3 17.4 20.3 23.5 26.3 21.4 8.5 6 4.7 -3 -3 -3 -3 6.5 7 6.7 6.4 5.8 5 4.8 5.1 6.2 6.3 5.8 5 5 5 5.2 5.3 5.5 5.6 5.5 5.4 5.2 4.7 4.6 -3 -3 -3 -3 4.8 5 4.3 4.1 3.9 3.7
43.5 45.4 46.1 46.7 44.8 44.7 44.7 44.3 43.5 40.7 37.7 35.6 30.6 28.9 26.9 27.2 27.1 24.2 21.6 18.6 20.8 31.3 36.8 38.6 35.7 31.7 23.4 19.9 25.5 24.9 23.5 22.1 20.6 20.6 26.5 32.5 34.7 34.9 32.8 29.6 33 38.1 38.1 32.9 26.8 20.8 18.7 17.3 21.7 23.1 25.3 20.7 8.7 6.1 5.7 4.5 -3 -3 5.9 4.7 5.5 5.8 6 5.9 5.7 5.5 5.4 6.2 6.4 6 5.3 5.2 5.4 5.5 5.7 5.6 5.5 5.5 5.4 5.2 4.2 4 4.4 4.1 -3 -3 5 5.2 4.9 4 3.8 3.7
40.2 41.2 41.3 41 38.6 38.6 41.1 39.9 37.7 34.9 34 31 28.2 28.2 26 26.4 24.4 22.5 21.4 19.8 20 28.2 34.7 36.2 34.9 32.2 27.4 18.9 23.8 26.7 25.6 25.7 24.3 24.8 28.8 34 37.2 38 36.8 33.1 30.1 34 36.3 33.6 27.6 21.9 18.8 17 20.9 22.1 23.2 19.5 10.9 6.8 5.5 3.7 3.8 4.6 5.4 5.4 5.4 5.6 5.7 5.9 6.4 6.2 6 5.9 6.6 6.1 5.5 5.6 5.7 5.7 5.6 5.6 5.5 5.4 5.4 5.2 -3 3.3 -3 -3 -3 5 5.2 5.4 5.5 4 3.9 3.7
37.3 37.1 37 37.5 37.7 38.1 38.4 37.7 33 30.7 30.6 29.5 31.9 28.4 28.6 32.8 32 28.7 25.5 22.8 20 26.3 31.5 33.4 31.6 28.5 24.8 19.3 26 29.9 30 29.2 26.4 27.2 28 32.6 37.4 39.4 38.1 35.4 28.9 29 32.3 30.3 26.8 22.5 18.3 18.1 18.2 19.4 20.3 18.4 12.6 7.1 6.3 5.4 4.7 5.6 5.6 5.6 5.8 5.7 5.7 5.8 6 6.2 6.4 6.6 6.4 5.8 5.7 5.8 5.8 5.7 5.6 5.6 5.5 5.4 5.3 5.2 -3 3.8 -3 4.3 4.3 4.5 4.9 4.8 5.4 4.5 4.1 3.7
38.3 38.3 37.7 38.8 38.3 39.9 39.8 33.6 33.7 35.7 35.6 36.2 39.2 35.9 33.2 35.6 35.8 32.9 28.4 23.5 21.7 22.6 28.1 28.2 27.3 24.5 21.3 20.4 27.4 32.6 34.3 31.9 28.8 27.4 26.7 30 33.8 37 37.7 35.5 29.9 24 26.6 26.5 23.5 19.7 17.6 17.7 17.6 16.8 15.9 15.4 11.3 7 6.9 7.4 5.7 6.1 5.8 6 5.9 5.8 5.9 5.9 6 6.2 6.4 6.6 6.8 5.9 5.9 5.8 5.7 5.7 5.6 5.5 5.5 5.4 5.3 5.5 -3 4.7 5 4.3 4.4 4.5 4.6 4.7 5.4 4.8 4.6 4.3
38.7 38.3 37.4 40.3 38.8 39.1 36.8 38 41.9 41.9 42.2 43.2 43.6 42.1 39.2 38.9 38 34.5 31.7 26.7 26.8 20.8 21.5 23.3 22.3 21.2 21.6 21.4 24.1 30.1 33.3 33.5 30.9 27.3 26.2 27.6 30.6 33.6 34.9 32.8 28.6 23 20.9 20.8 19.2 18 17.2 17.3 15.3 15.2 15.1 13.6 9.4 7.1 6.9 7.7 6.7 6.1 6 6 5.9 6 6 6 6 6.2 6.4 6.6 6.8 5.9 5.8 5.7 5.6 5.6 5.5 5.5 5.4 5.4 5.3 4.9 -3 -3 5.2 4.3 4.4 4.5 4.6 4.7 4.7 4.4 4.1 3.9
39.2 38.1 38.3 38.8 37.6 38.3 38.8 40.3 41.9 42.4 42.8 44.5 46.1 44 41.1 38.7 38.3 35.8 32.1 31.5 28.3 22.9 20 20.3 20.2 21.4 22.1 22 22.4 25.8 29.3 29.6 28.3 27 25.2 26.1 28.8 31.3 31.3 29.8 26.3 21.7 19.3 18 17.4 16.9 17.3 16.5 13.6 13.8 14.4 13.8 11.6 6.7 7.8 8 6.7 6.2 6.2 6.1 6.1 6.1 6.1 6.1 6.1 6.2 6.4 6.6 6.8 5.9 5.8 5.7 5.5 5.4 5.4 5.3 5.3 5.2 5 4.7 4.6 -3 -3 4.3 4.4 4.5 4.5 4.5 4.5 4 3.9 3.7
38.8 38.6 39.3 39.3 39.7 39.8 39.4 39.8 41.1 42.5 43.9 43.4 44.4 43.1 40.7 38.5 35.8 33.1 32.7 31.3 26.2 24.3 22.3 20.3 19 20.6 22.3 21.9 22.2 24.9 25.4 25 24.2 23.8 24.6 25.9 29.1 28.9 28.2 25.9 22.7 19.7 17.7 17.6 17.5 16.6 14.9 14.5 14.3 14.1 15 14.5 13.2 8.9 8 7.4 7.2 6.4 6.3 6.2 6.2 6.2 6.2 6.2 6.2 6.2 6.4 6.6 6.8 6 5.8 5.7 5.6 5.3 5.2 5.1 5.1 5 4.5 4.5 4.7 4.8 -3 4.3 4.3 4.3 4.3 4.3 4.3 4.3 3.8 3.6
38.5 37.7 39.9 39.9 39.6 39.9 39.5 37.9 39.3 41.4 42.1 42.1 42.6 41 39.9 37.1 32.9 33.7 33.2 30.4 26.6 23.4 24.4 21.1 19.9 19.9 21.3 20.8 21.4 22.5 22.1 22.2 21.9 22.1 24 26.6 27.7 26.4 25.2 23 21.1 18 17.1 16.9 17.4 14.7 13.6 13.8 13.6 13.1 13.9 14.9 13.4 12 11.9 9.6 7.9 6.5 6.4 6.3 6.3 6.3 6.3 6.3 6.3 6.4 6.4 6.6 6.7 6 5.8 5.7 5.6 5.4 5.1 5 4.9 4.7 3.3 4.6 4.6 4.6 -3 4.6 4.6 4.6 4.7 4.7 4.7 4.3 3.8 3.5
38.8 38.5 39.1 38.9 39.1 38.6 38.3 37.9 37 38.4 38.1 39.5 40.9 39 36.8 33.6 31.8 33.3 32 29.2 27.4 25.1 23.8 21.2 20.3 20.2 20.6 20.2 22.6 22.8 23.3 23.2 22.2 21.9 23.3 25.6 27.5 27.1 25.3 21.8 20.3 17.1 17.5 16.3 17.5 15.9 14.5 12.7 12 10.8 11.2 12.5 12.4 12.3 12.9 11.1 8.5 6.6 6.5 6.4 6.4 6.4 6.4 6.5 6.5 6.5 6.5 6.6 6.7 6 5.7 5.7 5.6 5.5 5.3 5 4.3 4.7 4.7 4.8 4.9 5 -3 4.8 4.9 4.9 4.9 4.8 4.8 4.5 3.5 3.4
39 38.3 38.2 38.3 37 36.3 36.2 37.9 36.8 37 38.9 38.6 37.9 36.4 33.8 31.1 31.3 31.6 29.4 27.6 29.7 28.1 26 24.2 21.1 20.6 20.1 21.8 23.1 23.9 24.5 23.5 22.6 23.2 24.4 25.6 25.9 26.5 24.6 21.9 19.3 16.5 16.7 18.4 20.1 19.3 17.2 14.4 10.9 9.8 9.6 9.8 10.5 9.8 9.3 8.2 6.9 7 6.6 6.5 6.5 6.5 6.6 6.6 6.6 6.6 6.6 6.6 6.7 6 5.7 5.6 5.5 5.5 5.4 4.5 5.1 5 5 5.1 5.2 5.1 -3 4.7 4.5 4.5 4.7 4.6 4.4 4.2 3.8 3.7
38.9 38.3 38.5 38.8 37.4 35.3 36.5 36.7 37.3 36.5 36.3 33.8 33 30.8 30.3 29.4 30.7 31.6 26 28.3 30.4 29.6 27.2 25.3 23.3 21.7 21.4 22.1 22.6 25 23.9 22.9 22.3 22.8 23.8 24.2 24.8 25.4 23.3 20.5 19.1 16 15 15.7 21.7 24.4 21.9 17.6 12.4 9.1 8.7 8.3 7.9 7.5 7.6 7 7.9 7.4 6.6 6.6 6.6 6.6 6.6 6.6 6.7 6.7 6.7 6.7 6.6 6 5.7 5.6 5.6 5.3 3.3 5.8 5.6 5.5 5.4 5.4 5.5 5.1 -3 -3 4.5 4.5 4.4 4.4 4.3 4.3 4 3.8
38.5 38 39.4 38.1 37.5 35.7 38.3 37.3 35.9 35.2 35.6 32.7 29.5 29.2 27.2 25.9 26.2 27.1 26.9 28 28.8 28.8 27.1 24.5 23.1 21.6 22.5 23.4 21.2 23.5 23 22.5 22 22.7 24.5 23.3 24 24.2 21.9 19.3 18.8 15.9 14.8 16.6 21.8 28.5 27.6 20.9 14.2 9.5 8.6 8.1 7.6 7.8 7.4 7.8 7.6 6.8 6.7 6.5 6.5 6.5 6.5 6.6 6.6 6.6 6.6 6.7 6.5 6 5.7 5.9 6 6 5.9 5.8 5.8 5.8 5.8 5.7 5.6 4.6 3.8 -3 4.6 4.6 4.6 4.6 4.6 4.6 3.9 3.8
36.8 37.9 37.4 36.1 36.6 35.1 36.3 34.9 35.7 35.4 34.5 33 30.5 31.1 29.7 26.9 24.7 24.2 24.7 25.4 25 28 27.1 24.5 22.4 22.5 24.5 24.5 25.4 22.6 22.4 22.1 22.7 23.7 23.5 22.8 23.3 22.8 20 18 17.6 15.4 15.4 17.5 22.1 31.5 35.3 25.9 16.4 9.2 8.5 7.9 7.7 7.9 8 7.9 7 6.8 6.7 6.7 6.4 6.4 6.5 6.5 6.5 6.5 6.6 6.7 6.4 6 5.8 6.2 6.2 6.2 6.1 5.8 5.8 5.8 5.8 5.8 5.6 5.3 4.8 -3 5.1 5.1 5.1 4.9 4.7 4.6 4 3.8
37.3 37.6 36.2 36.6 35.4 34.5 35.5 35.4 36.4 35.2 34.2 31.6 33.4 32 29.9 28.2 27.9 24.9 23.2 25.3 23.7 26.2 25.8 24.2 23.6 26.6 27.3 26.8 26.9 21.5 22.1 22.7 23.3 23.2 23.3 22.8 22.1 21 19.8 17.3 16.2 15.9 15 16.1 23.2 33.2 35.7 26.9 16 8.6 8.2 7.7 7.8 8 8 7.1 6.8 6.8 6.8 6.7 6.5 6.4 6.4 6.4 6.4 6.5 6.6 6.8 6.4 6.1 5.9 5.8 6.4 6.5 6.2 6 5.8 5.8 5.8 5.7 5.5 5.3 5 -3 -3 5.1 4.9 4.7 4.5 4.3 4 3.8
37.2 39.4 37 36.3 34.8 34.4 36.4 35.9 35.6 35.3 33.2 33.2 32.9 32.9 31.6 30.2 27.6 27.7 24.8 23.3 23.4 23.6 23.7 23.5 24.7 26.3 27.7 26.5 26.2 24.1 24.9 23.6 23.5 26.2 25 24.9 22.6 20.7 19.7 17.4 16.2 15.4 14.5 14.6 20.9 30.5 32 26.1 15.8 8.3 7.7 7.8 8.2 7.9 7.2 6.9 6.9 6.7 6.7 6.7 6.7 6.4 6.3 6.3 6.4 6.5 6.7 6.8 6.3 6.2 6 5.9 5.8 6.6 6.4 6.2 5.9 5.8 5.8 5.6 5.4 5.2 5 4.8 -3 4.9 4.7 4.5 4.4 4.3 4.3 3.8
42.9 43.4 42.7 40.1 34.6 36.1 37.6 36.4 35.8 34.5 33.8 34.3 32.8 31.6 31.3 32.1 31 27.4 25.2 24.9 23.3 24.9 25.3 24.2 25 25.6 26.9 26.1 25.9 24.2 24.4 23.6 25.2 31.2 31.1 28.8 23.5 20.8 19.2 17.1 16.1 15.2 14.5 14.8 18 24.6 24.1 19.8 12.8 8 8.2 8.4 7.9 7.3 6.9 6.9 6.9 6.7 6.5 6.5 6.7 6.6 6.2 6.3 6.4 6.6 6.7 6.8 6.4 6.3 6.1 6 5.6 5.8 6.5 6.3 6.1 5.8 5.7 5.5 5.3 5.2 4.9 -3 -3 4.6 4.5 4.4 4.3 4.6 5.1 3.3
46 50.8 47.3 42.9 37.8 37.1 37.2 35.7 33.9 33.6 33.1 34.6 32.9 32.1 31.9 32.5 31.4 29.5 27.2 28.6 24.1 26.4 25.4 25.7 26.2 25.8 25 24.6 24.5 23.8 23.6 23.7 28.5 34.7 36 32.5 26.2 20.5 18.5 16.8 15.7 14.5 13.6 13.8 16.4 17.3 17.2 13.6 8.5 8.3 8.2 7.9 7.3 6.9 6.9 7 6.9 6.7 6.5 6.3 6.3 6.4 6.2 6.3 6.5 6.6 6.8 6.7 6.5 6.4 6 5.6 5.5 5.6 6.1 6.2 5.9 5.6 5.4 5.2 5.2 5.1 4.9 -3 4.9 4.8 4.5 4.3 4.6 4.8 5.1 3.6
51.8 59 53.5 44.6 39.1 35.8 35.1 33.4 33.7 34.8 34.5 34.1 33.9 32.9 32.2 31.9 31.3 30.5 27.9 27.4 26.2 26.2 25.1 27 28.2 27.9 26.7 24.4 23.3 23.9 24.6 23.6 29.6 36.9 38.9 34.8 27.8 20.3 18.2 16.3 14.9 13.7 12.9 12.2 12.3 11.7 11.3 10 8.3 8.2 8.1 8.2 6.9 6.9 7 7 6.9 6.7 6.5 6.3 6.1 6.4 6.2 6.3 6.5 6.7 6.8 6.7 6.5 6 5.5 5.3 5.4 5.6 6 5.9 5.7 5.4 5.6 5 -3 -3 -3 4.5 5.1 4.8 4.5 4.3 4.1 4.3 4.8 3.8
58.7 65.2 58.2 49 39.2 35.7 34.7 34 36.8 37 35.5 34.1 34.2 33 31.2 30.3 30.1 29.9 28.2 26.7 27.9 25.8 24.8 27.4 29 29.7 28.8 26.1 24 23.9 24.7 25.1 30.3 37.4 39 33.2 25.9 19.8 17.9 15.8 14.4 13.3 12.7 12.2 12 10.1 10.1 8 7.9 7.9 7.8 7.9 8 7.7 7 7 6.9 6.7 6.5 6.3 7.1 6.7 6.8 6.3 6.5 6.8 6.8 6.7 5.9 5.5 5 5.2 5.4 5.5 6.1 5.8 5.4 5.2 -3 -3 -3 4.8 4.8 4.9 5.1 4.8 4.6 4.4 4.2 4 3.8 3.6
65.3 67.2 59.8 50.3 41.8 38 37.2 36.7 37.9 37.3 36.8 35.7 35.2 33.4 32.2 30.9 31.5 30.3 29.7 28.1 27.9 28.2 24.6 26.3 28.9 29.2 28.3 26.1 25.4 24.9 24.6 25.3 29.1 35.4 35.4 28.7 21.6 18.1 16.8 15.4 14.4 13.6 12.8 12.4 10.2 9.2 8 7.7 7.6 7.5 7.5 7.4 7.4 7.4 7.7 7.4 7 6.9 6.8 7.1 7.6 7.7 7.5 6.7 6.6 6.4 6.5 6.4 6.3 6.2 6 5.2 5.3 5.5 -3 -3 -3 -3 -3 5.5 5.2 4.7 4.9 5.4 5.1 4.8 4.6 4.4 4.2 4 3.9 3.6
68.6 64.8 58.6 50.7 43.8 40.9 38.9 38.5 39.5 38.1 38 37.5 35.1 33.4 32.2 32.3 31.3 29.7 29.4 28.5 27.7 26.9 25.1 25.9 27.6 28.5 28.1 26.8 26 25.2 24.4 24.6 25.7 30.2 29.4 23 16.6 15.9 15.5 14.9 15.2 13.4 13 10.6 10.2 8.7 7.7 7.4 7.4 7.3 7.2 7.2 7.1 7.1 7.2 7.1 7.8 8 7.9 7.5 7.6 6.7 6.8 6.2 6.1 5.9 6.2 6.3 6 5.8 5.7 5.6 5.4 4.4 -3 5.3 5.1 5.5 5.8 5.7 5.5 5.1 4.7 5.1 5.1 4.9 4.7 4.6 4.5 4.5 4.4 4.3
65.7 61.2 55.3 49.6 45.3 41.9 39.4 39.1 39.1 40.8 38.6 36.4 35.3 36.7 35.2 32.8 30.7 28.9 28.2 27.9 26.4 25.6 25.7 25.3 25.6 28.2 27.5 26.8 25.9 25.1 24.3 23.9 24.5 24.9 24.1 18.2 15.4 16.6 18.2 13.9 13.2 11.8 10.8 10.4 10.1 8.1 7.6 7.2 7.1 7.1 7.1 7.1 6.9 6.9 7 6.9 7.1 7.2 7.2 6.8 5.1 4.8 5.7 6.4 5.5 5.5 6 6 5.7 5.3 5.6 5.8 5.8 5.7 5.7 5.6 5.4 5.4 5.8 5.8 5.7 5.5 5.1 4.8 5.1 5 4.9 4.8 4.7 4.6 4.5 4.4
60.3 57.1 51.6 47.7 45.9 42.2 40.8 40.1 38.6 38.8 37.2 38.3 38 36.9 35.4 32.5 30.1 28.4 26.9 27.2 26.2 25.5 25.2 27.3 25.9 28.1 27.4 26.4 26.3 26.5 25.8 24.8 24.2 24.6 23.7 18.7 16.2 15.8 14.8 12.4 11.9 11.6 11.2 10.6 10.2 8.7 7.6 7 6.9 6.9 6.9 6.9 6.7 6.6 6.7 6.6 6.6 6 7.2 8.7 8.2 7.4 7.3 7.2 7 7.2 7.5 7.2 5.7 5.9 5.9 5.9 5.9 5.8 5.8 5.8 5.7 5.5 5.8 5.8 5.7 5.6 5.5 5.1 4.9 4.8 4.7 4.6 4.5 4.4 4.7 4.9
54.7 53.9 49.8 47.2 46 44 41.2 41.5 40 39.5 38.8 39.9 38.3 37 35.3 33 30.2 29.4 28 27.5 27.6 27.8 26.3 27.8 26.6 27.9 27.7 26.1 25 25.8 26.6 25.1 24 24.6 24.6 20.9 15.1 15 15.5 14.5 14.2 14.3 12.9 10.5 10.8 9.3 7.5 7 6.7 6.7 6.7 6.7 6.7 6.4 6.4 6.5 6.9 7.2 8.7 8.8 8.5 9.1 8.9 9.1 8.1 8.5 12.4 9.6 7.5 5.9 6.1 6.1 6 5.9 5.9 5.9 5.8 5.8 5.7 5.9 5.8 5.7 5.5 5.6 4.6 4.6 4.5 4.5 4.7 4.8 4.8 4.9
53.7 53.2 51.4 49.2 47.2 46.9 42.1 40.2 41.3 41.2 41.3 41.1 39.1 37.1 35.3 34.5 32 30.8 29 28.8 28.5 28.6 26.5 28.1 27.4 27.7 27.4 25.6 25 25.2 25.5 24 23 23.5 22.3 21.1 19.9 21.1 21.4 21.4 18.3 17.1 15.9 12.5 11.2 9.5 8.4 6.5 6.8 6.7 6.7 6.6 6.6 8.2 8.1 7.8 7.4 7.9 9 8.7 8.1 8.3 8.9 10 10.1 14.7 18.3 19.4 8.9 6.5 6.8 6.4 6.3 6.2 6.1 6 6 5.9 5.9 6 5.9 5.6 5.4 5.3 5.3 4.5 4.6 4.7 4.7 4.8 4.9 4.9
54.4 52.7 50.4 49.1 47.6 44.5 43 42 40.5 40.6 39.9 39.2 37 36.1 36.3 34.4 32.6 31.4 28.4 28.2 28.2 27.8 27.4 27.4 27.6 27.9 26.7 24.1 23.7 24.5 24.3 23 22.2 22 20.4 21.1 22.1 22 22.4 23.4 22.5 18.8 18.7 16.1 11.8 9.9 8.6 6.6 7.2 7 6.9 6.9 7.4 8.2 8.2 8.5 8.5 8.5 8.8 8.1 8 8.2 9.8 11.6 11.3 15.7 18.7 18.9 7.7 5.1 6.7 6.6 6.5 6.5 6.4 6.3 6.2 6.1 6 6 5.7 5.4 5.3 5.3 5.4 5.4 5.4 5.3 5.3 5.2 5.1 4.9
54.4 51.4 50.6 51.6 47.7 45.1 43.4 42.5 40.4 40.5 40 39.1 35.7 33.7 34.7 34.8 33.5 31.4 28.8 26.4 26.5 25.8 26.1 27 27.3 28.5 26 25.8 24.4 24.9 23.2 22.1 21.5 20.9 22.9 22.2 23.3 22 22.4 22.8 21.4 18.4 19.1 19.9 14.3 10.8 8.4 8.2 7 7.5 7.1 6.9 7.5 7.9 7.9 8.2 8.5 8.8 7.8 7.7 8 8.9 11 12.8 12.7 16.3 17.1 13.6 6.4 6.1 6.6 6.5 6.5 6.4 6.3 6.2 6.1 6.1 6 5.9 5.6 5.4 5.4 5.6 5.7 5.3 5.3 5.2 5.2 5.1 4.9 5.3
52.6 51.1 51.8 47.8 47.8 44.9 43.8 42.1 39.3 38.6 38.9 39.3 36.3 34.4 34.2 33.9 34.6 31.3 28.3 25.9 25.5 25.9 26.1 26.7 28.1 28.2 26.9 25.3 25.3 25.2 23.9 22.5 22.1 24.3 24.7 22.9 24.7 22.4 21.6 21.6 20 18.9 18.7 20.5 16.3 11.6 8.4 7 6.7 7.3 6.7 7 7.6 7.7 7.7 8 8.4 8.1 8.7 8.6 8.3 9.6 9.9 10.2 12.3 15.8 15.2 7.9 6.4 6.2 6.5 6.4 6.3 6.3 6.2 6.1 6 5.9 5.8 5.7 5.5 5.6 5.6 5.6 5.6 5.3 5.1 5.1 5 5 4.6 5.2
50.3 50.9 49.6 50 49.1 45.7 42 40.3 39.3 39.7 39.6 40.2 39.7 38.8 34.6 32.6 31.5 28.3 26.8 26.9 28.2 27.1 25.9 26.5 27.3 27.6 28.2 26.5 25.7 25.5 24.6 23.6 25.6 25.9 26.5 25.4 24.8 22.7 24 25.1 21.5 17.9 17.1 19.1 17.4 13.2 9.3 7.6 7 7.1 7.1 7.4 7.1 7.2 7.4 7.9 8.6 9.4 9.8 9.9 8.6 8.3 8.4 8.5 12.3 15.5 10.5 6.5 6.4 6.2 6.4 6.3 6.2 6.1 6.1 6 5.9 5.8 5.7 5.6 5.6 5.6 5.6 5.6 5.4 5.2 5.1 4.9 4.9 4.8 4.7 4.8
49.7 48.3 49.4 50.6 49.6 45.7 41.5 39.5 38.5 40.6 41.1 39.6 38.7 38 34.2 32.7 28.6 27.3 28.6 26.9 28.1 26 25.8 26.4 27.1 27 27.4 26.3 25.5 24.7 23.9 24.9 26.6 27.3 27.7 27.3 25.6 25.2 26 24.9 20.8 16.8 15.6 18 16 13.8 10.3 7 7.8 7.6 7.6 8.5 8.8 8.9 9.8 11.8 11.8 11.7 11.7 10.3 8.8 8.4 8.4 8.1 11.1 12.7 8 6.8 6.5 6.3 6.3 6.2 6.1 6 5.9 5.9 5.8 5.8 5.7 5.7 5.6 5.6 5.6 5.6 5.4 5.2 5.1 4.9 4.8 4.7 4.7 4.5
48.4 46.2 49.5 49.1 49.1 45.3 42.4 40 38.8 41.3 40.1 40.5 38.8 39.1 38.2 34.8 27.8 28 27.9 27 26.6 26.4 26.6 27.2 26.5 26.5 26.3 26.3 24.1 23.8 25.3 25.7 26.7 26.9 27.7 27.1 26.4 28 26.9 25.3 22.4 17.7 15.5 16.7 15.3 13.2 12.1 7.1 8.1 8.3 8.1 9.7 10.3 12.7 16.4 18.8 18.6 18.3 16.7 13 9 8.7 8.8 9.1 9.4 11 7.2 6.9 6.6 6.3 6.2 6.1 6.1 6 6 5.9 5.8 5.8 5.7 5.7 5.6 5.6 5.6 5.5 5.3 5.2 5 4.9 4.7 4.6 4.6 4.6
47.1 45.1 47.2 45.9 46 45.4 43.1 38.8 41 43.7 41.6 39.8 39.4 38.3 37.3 34.3 28.4 29.1 30.2 29.7 26.7 26.8 28.3 27.7 26.3 26.9 27.1 26.3 25.3 23.7 25.5 26.3 27.5 27.1 27.4 27.6 26.7 26.6 26.5 24.8 24 23.7 17.8 18.1 16.6 13.6 11.6 7.3 7.6 9.4 10.8 11.9 13.9 18 24.2 26.7 26.6 25.7 24.2 16.6 10.4 9.3 9.1 8.3 9.3 10 7.1 6.9 6.6 6.3 6.2 6.1 6.1 6 6 5.9 5.8 5.8 5.7 5.7 5.6 5.6 5.5 5.4 5.3 5.2 5 4.9 4.8 4.7 4.7 4.7
41.8 42 44.3 44.2 45.5 45.7 40.6 38.1 40.3 42.2 42.2 41.6 39.9 38.4 34.2 32.8 31.6 31.7 30.4 30.7 29.8 30 28.9 27.7 27 27.9 26.9 26.2 24.7 24.7 25.4 25.9 28 27.6 26.8 28.3 27.1 26.7 27.4 28.2 26.2 24.7 22.6 18.5 18.2 15.2 9.8 7.6 6.9 10.7 12.1 13.7 17.6 20.3 25.4 29.7 29.8 28.3 26.6 19.1 12.3 9.6 9 8.2 8.5 9.5 7.2 6.9 6.5 6.4 6.3 6.2 6.1 6 6 5.9 5.9 5.8 5.7 5.7 5.6 5.6 5.5 5.5 5.3 5.2 5.1 4.9 4.9 4.9 4.9 4.8
40 41.6 41.8 43.4 40.8 40.7 38.2 38.3 40.5 41.3 40.7 40 37.3 36.6 36.5 35.3 34.5 34.9 33.9 30.7 31.3 30.5 29.8 27.1 26.7 26.8 26 25.5 24.8 25.3 26.3 25.8 25.9 26.3 26.5 27.7 26.9 27.6 26.4 26.4 24.9 23.1 21.6 18.7 18.1 14.1 8.4 11.4 9 8.6 12.8 15.6 16.7 19.6 22.4 24.9 25.2 23.5 22.1 17.9 13.7 10.1 8.6 8.6 8.5 8.2 7.1 6.7 6.6 6.5 6.3 6.2 6.2 6.1 6 5.9 5.9 5.8 5.7 5.7 5.7 5.6 5.5 5.6 5.5 5.3 5.1 5 5 5 5 5
38.2 37.5 38 37.7 38.5 38.9 37 39.2 38.7 39.8 38.7 38.2 35.5 35.8 36.7 36.1 34.6 35 35.3 33.5 30.8 30.4 30.3 28.2 26.8 25.8 25.4 25 24.9 25.8 25.2 25.6 25.8 25.6 26.9 27.2 25.9 25.2 22.6 22.1 22.1 23.4 20.2 18.8 17.2 13 9.1 11.8 10.2 12.4 14 14.6 16.3 19.4 20.4 19.8 17.7 16.2 15.9 15.6 12.9 10.2 9.4 8.4 8.9 10.4 7.2 6.8 6.6 6.5 6.4 6.3 6.2 6.1 6 5.9 5.9 5.8 5.8 5.7 5.7 5.6 5.5 5.6 5.8 5.6 5.3 5.1 5.1 5.1 5.1 5.1
37.8 36.8 37.7 35.8 37.2 38.6 34.7 35.5 34.5 38 38.4 34.6 36 37.1 36.4 35.9 35.6 35.3 34.3 33.5 31.9 29.2 28.6 28.6 27.1 25.9 25.5 25.1 25.2 24.9 25.2 25.6 25.2 25.1 26.5 26 24.1 24.9 25.5 22.8 20.8 20.8 20.1 17.1 12.8 10.4 12 11.8 9.1 13.4 14.5 15.2 17 17.2 17 14.8 12.3 10.8 11.1 11.9 11.8 9.5 8.9 8.5 9.4 10.2 7.5 6.7 6.7 6.6 6.5 6.3 6.2 6.2 6.1 6 5.9 5.8 5.8 5.7 5.6 5.6 5.5 5.6 5.7 5.9 5.3 5.1 5.1 5.1 5.1 5.1
34.4 35.3 36.1 34 36 34.5 32.9 34.4 37.2 36.6 38.2 33.5 35.6 35.4 35.7 35 34.9 33.7 33.5 33.1 32.5 31.4 28.8 27.4 27.5 26.1 25.6 24.9 24.3 24.6 25 24.9 24.2 24.6 24.7 23.2 25.6 25.1 25.3 22.7 19.2 19.6 15.8 17.2 16.2 13.2 13.4 11.3 12.6 14.8 16 16.6 14.8 15.3 15.5 11.2 9.3 8.8 8.9 9.3 9.6 9.3 9 9.1 10.2 10.8 8 6.7 6.6 6.5 6.5 6.4 6.3 6.2 6.1 6 6 5.9 5.8 5.7 5.6 5.6 5.5 5.5 5.7 5.6 5.2 5.2 5.2 5.1 5.1 5.1
33.2 33.5 34.1 34 33.5 33.6 32.9 32.3 35.1 34.6 35.1 33.7 34.2 33.7 34 34.3 33.5 33.2 33.3 32.9 32.7 32.5 31.7 27.7 27.1 26.1 25.9 25.2 24.7 24.4 24.7 24.4 23.2 22.9 22.9 24.4 24.7 22.7 22.2 21.8 22.8 21.7 19 17.8 14.8 13 12 9.9 13.7 16.6 17.2 17.4 16.4 15.5 14.6 10.4 9.4 8.8 9.1 9.4 9.4 9.3 9.1 9.8 10.3 10.8 8.7 7.7 7.4 7.1 6.8 6.5 6.4 6.3 6.2 6.1 6.1 6 5.9 5.8 5.7 5.6 5.5 5.5 5.4 5.4 5.2 5.2 5.1 5.1 5.1 5.1
