webserver/python/data/NX48.asc
ncols 200
nrows 200
xllcorner 240000
yllcorner 580000
cellsize 50
[rows 105 to 139 of 200, columns 78 to 155 of 200]
544.6 526.4 501.4 492.9 492.9 492.9 492.9 492.9 492.9 506 497.7 505 503 499.6 500.7 499.8 492.9 492.9 492.9 492.9 492.9 493.5 499.3 505.9 523.3 548.8 565.6 576.5 581.6 577.5 567.7 560.5 543.2 532.2 511.4 508 498.3 495.2 489.6 481.7 488.6 493.2 480.1 458.7 440.2 417.5 389.2 362.8 338.4 319.7 303 289.1 277.8 277.5 277.5 277.5 278.1 282.5 283.6 283.8 281.6 283.6 283.7 284.7 283.1 281.2 279.3 278.1 277 276.1 275.8 276 277.4 278.6 279.9 281.1 281.9 283
532.9 518.3 510.9 506.3 500 505.6 502.1 495.6 499.7 518.5 509.8 506.6 506.5 508.3 511.7 497.3 494.8 497.8 492.9 492.9 492.9 497.6 502.9 509.7 523.6 545 555.7 568.5 572.8 567.6 558.4 550.1 533.3 516.9 500.5 494.6 485.6 478.6 470.4 459.8 454.7 451.7 442.2 428.8 413.4 392.7 369.6 347.2 325.6 310.9 298 288.1 277.5 277.5 277.5 277.5 277.5 282.8 283.3 283.4 281.2 280.4 280.1 281.7 281.1 279.6 278.5 277.3 276.2 275.2 274.7 275.9 277.7 278.8 279.9 281 281.6 282.3
530.9 524.5 528.3 521.9 510 522.5 516.6 505.8 516.3 529.7 521.9 521.6 521.4 523.1 514.2 501.2 498.1 500 498.9 493.8 498.8 502.6 507.4 515.5 520.6 530.7 537.1 554.8 562 559.3 551.8 534.7 519.9 505.8 490.7 478 469.3 464 451.1 441.2 433.2 426.4 418.8 406.6 390.9 374.5 354.2 333.6 318.1 304.3 293.7 286.2 281.7 277.5 277.5 277.5 281.1 283.1 283.5 283.8 282.2 278.3 278.5 278.7 278.5 278.2 277.3 276.5 275.4 274.4 275.6 276.8 277.9 279 280.1 280.5 280.1 281
537.8 529.1 523.8 515.9 519.6 530.8 523.2 504.5 522.8 533.4 528.3 533.9 530.1 529.3 515.5 507.7 505.7 509.5 508.6 506.1 506.3 509.7 515.5 516.3 515.2 517.7 526.8 542.3 551.8 552.9 537.7 523.3 508.6 494 477.5 461.8 454.2 447 435.2 426.9 417.2 408.8 400.6 385 368.7 357.4 340.7 324.6 311.6 298.4 290.2 280.7 279.2 277.5 277.5 277.5 282.2 282.9 283.4 283.9 283.1 280.5 279.8 277 276.5 276.5 275.7 275.2 274.4 275.2 275.9 277 278.1 279.2 280.1 279.5 278.8 283
518.6 508.3 502.2 511.3 526.4 525.1 520.1 504.1 521.9 538.4 538 535 531.2 528.7 521 514.3 516.5 522.9 520.4 515.4 510.2 511.9 507.6 496 487.3 488.4 505.2 525.2 545.1 543.1 526.3 508.4 496.1 484.1 464.2 449.6 441 432.9 424.6 414.3 404.6 395.4 384.6 369.7 357.1 343.6 331.5 317.2 305.2 296.6 290.2 280.4 277.4 278.1 277.5 280.4 281.9 282.4 282.9 283.3 283.4 281.7 280.4 277.6 275.4 274.8 274.3 273.7 274.3 275.3 275.9 277 278.1 279.1 279.3 278.5 277.6 279.3
506.4 497 492.6 501.2 513.2 502.5 503.2 503.4 529.8 547.4 543.1 535.9 532.3 529.4 526.4 525 529.5 533.8 528.9 520.1 500.3 491.3 480.5 468.8 460.8 469.5 478.1 496 529.1 534.4 514.1 498.5 488.1 474.6 456.4 443.1 433.5 425.1 415.6 407 397.1 385.7 373.9 362.2 349.6 337.1 325.1 313 301.5 293.9 288.5 278.5 278.1 274.2 277.3 280.4 281.5 282 282.5 282.9 283.2 282.2 280.9 278.4 277 276.3 275.3 273.8 273.3 274.6 275.9 276.9 277.8 278.7 278.5 277.4 276.3 277.5
501.3 489.8 490.3 492.3 497.2 502.2 498.2 504.3 538.5 548.1 547 537.5 531.8 533.6 536.6 538.3 540.7 541.8 536.3 517.1 494 480.7 463.1 454 450.4 456.1 466.5 475.4 506.9 518.9 501.9 492 482.1 468.4 451.5 439.7 428.7 419.7 409.8 400.3 390.6 379.9 369.2 358.5 346.3 333.9 322.6 311.5 296.7 287.6 284.5 276.6 274.5 271.7 274.5 277.6 280 281.6 282 282.9 282.8 282.2 280.7 278.6 277.3 276.4 275.8 274.4 272.8 273.9 275.2 276.4 277.4 278 276.8 275.9 275.3 276.5
494.4 483.6 491.5 491.2 497.6 505.8 497.9 510 541.8 549.5 549.4 542.5 539.4 540.4 544 543.2 549.7 547.6 539.3 515 488.2 472.5 450.5 441.3 440.6 446.4 452.9 465 483.6 505.8 494.7 489.4 480.5 466 450.9 438.1 426.9 416.8 406.3 398.4 388.8 378 367.6 357.1 345.9 333.4 322.7 310.8 299.8 290.5 285.5 273.7 271.3 269 271.5 273.6 277 279.9 282.1 282.6 282.4 282.2 280.5 279.1 277.8 276.5 275.2 273.8 272.4 272.6 274 275.2 276.5 276.7 275.2 273.7 275.5 275.2
480.5 487.1 492.6 488.2 492.7 501.5 490.8 518.1 543.2 546.9 548.6 547 544.6 547.2 550.9 550.1 548.6 548.3 537.6 510.1 478.9 464.1 441.7 430 433.3 437.4 443.6 457 473.4 494.8 495.9 494.6 483.6 468.4 454.6 441.4 428.2 416.3 407.5 398.8 389.7 379.5 368.7 358.9 344.4 337.6 327.6 311.2 297.9 291.3 286.9 275.8 272.8 271.4 268.5 268.4 272.1 277.5 280.7 282.4 282.4 282 281 279.7 278.3 277.3 276.1 274.2 272.1 272.3 273 274.4 275.4 275.1 274.1 272.8 274.3 274.9
479.5 490.6 487.9 483 487.7 487.1 495.5 521.8 538.9 541.8 539.9 541.8 544 548.2 548.1 550.6 545.5 540.7 523.5 497.8 469 454.7 438 425.6 426.6 432.5 440.3 453.3 470.3 492.3 500.8 499.9 489.8 477.3 464 449.5 434 423.3 413.4 404 394 384.2 372.5 366.1 357.6 345.7 334.1 318.7 301.8 292.8 289.4 278.5 271 268.4 268.4 268.4 272.2 275.8 279.2 281.2 282 281.6 280.9 279.7 278.9 278.4 276.6 275.9 274 271.8 272.6 274.8 274.3 273.7 273.1 270.9 271.3 272.7
478.8 482 477.7 479.4 479.7 483.1 494.5 511.2 529.1 534.9 530.5 532 535.4 540.3 541.7 544.4 526.8 503.7 484.4 468.5 456.4 446.3 429.8 422.4 425.5 430.2 441.9 459 479 498.5 505.8 505.5 499 488.9 473.7 458.4 444.4 432 421.1 411.1 399.6 391.5 384.6 377.5 367.6 356.5 342.1 325.8 309 294.2 288.3 283.2 272.4 268.9 268.4 268.4 272.5 276.6 279.8 281 280.8 280.4 280 279.8 279.8 279.4 277.1 276.4 274.8 272.1 272 274 273.4 272.8 272 270.7 270.5 270.9
465.1 468.3 469.1 474 476.9 479.3 485.5 500 518.6 524.9 523.3 519.9 521.3 527.1 534.2 526.8 503.8 486.5 471.1 456.3 450 442.3 428.2 419.9 423.1 433.6 448.2 467.6 490.5 513.5 525.3 528.6 519.2 502.7 486.3 470.4 457.1 443.7 432.2 420.7 411 409.1 403 396 384.3 368.4 352.9 334.4 317 299.7 287.7 283.9 278.8 273 268.4 268.4 272.8 276 277.4 279.6 279.8 279.4 279.1 279.1 279 279 277.4 276.2 273.9 271.2 271.8 273.1 272.3 271.5 270.7 269.9 269.5 270.1
467.8 471.6 477.4 479.7 482.1 478.6 501.6 509.2 501.2 511 506.2 504.4 504.9 515.7 527.3 513.3 491.2 477 460.5 449.1 441.9 435.1 423.1 417.5 425.3 436.9 451.7 471.2 503 525.6 535.7 540.8 531.2 522.9 505.2 486.4 471.7 458.7 445.4 433.3 427.9 430.5 428.2 420.8 405.3 387 363.6 343.5 325.7 307.4 290 284.1 280.9 277.9 270.7 268.4 272.7 275.4 273.5 278.2 278.7 278.4 278.4 278.3 278.3 278.2 277.2 276 274.8 273.2 269.4 271.6 270.8 269.9 268.8 267.6 267.1 268.2
469.3 473.3 478.6 480.1 480.1 474.6 491.4 488.9 483.5 487.2 483.1 484.3 487.4 495.9 505.5 495.7 477.3 465.8 449 439.5 432.5 427.1 416.4 413.3 422.8 436.1 449.8 470.5 504.2 524.5 538.1 547 547.2 538.9 526.1 505 488.9 473.5 457.9 446.3 449.4 458 465 458 443.7 423.2 383.7 353.5 332.6 313.2 295 284.7 281 273.8 272 268.4 268.4 269 268.4 276 277.7 277.7 277.7 277.6 277.5 277.5 276.8 275.6 274.4 271.9 268 269.7 269.5 269 267.6 265.2 265.2 265.5
468.6 474.5 479 475.7 476 471.3 479.4 470.9 468.9 470 467.8 470.1 475 479.8 491.7 479.7 464 452.7 436.1 426.9 423.6 420.5 411.4 411.8 420.5 431.9 446.5 468.9 501.4 525.4 538.9 553.5 557.8 557.5 545.6 522.5 504.6 487.5 470.4 462.2 474.3 493.9 509.4 506 491 448.2 401.4 364.2 339.1 319 300.9 284.9 279.7 279.6 273.3 268.4 268.4 268.4 268.4 274.4 276.6 277 276.9 276.9 276.8 276.6 276 274.8 273.8 270.1 267.4 268.5 268 267.5 266.5 265.1 263.8 263.4
470 479.6 476.8 470.9 468 466.9 466.3 459 456.8 458.8 457.8 458.6 465.4 471 476.5 465.5 449.6 441.3 427.3 416.7 415.6 414.7 409.3 409.7 417.9 429.9 444.1 468 502 516.8 552.5 561.7 564.9 566.5 559.8 535.7 519.1 499.7 481.5 476.8 497.7 520.3 537 536.2 512.8 463.8 418.8 379 349.7 324.3 306.1 289.8 278 276 276.3 268.4 268.4 268.4 271.7 273.7 275.1 275.7 276.2 276.1 275.9 275.7 275.4 273.8 272.5 267.9 264.9 265.9 266 265.8 265.1 263.3 262.2 261.4
480 481.7 474.8 467.4 457.9 461 453.5 448.5 446.5 450.1 450.1 449.6 456.9 461.2 468.5 455.6 440.4 430.6 420 409.6 408.3 407.5 404.9 408.3 416.7 427.7 445.7 471.5 495 531.5 552.5 561.5 566.4 569.9 565.4 542.9 529.3 515.1 492.1 489.9 510.8 537.5 563.2 559.5 521.6 465 426.6 390.3 355.8 329.9 311 295.2 281.1 274.8 271.4 272.1 270.9 268.8 268.4 272.3 273.5 274.2 275 275.2 275 274.9 274.8 273.2 271.3 268.3 265.4 262.6 264.1 264 263.4 261.6 260.7 259.9
483.4 483.1 474.9 463.9 453.6 452.4 448.4 441.9 441.8 443.2 444.7 443.8 449.1 453.5 460.6 445.8 432.2 420.8 412.5 405.8 404.5 402 404.7 408.8 419.2 433.5 451.6 481.9 501.5 524.5 543 557 564.4 567.9 569.7 547.5 543.5 524.4 504.7 501 522.3 553 580.4 564.5 516.2 470.9 433.6 398.4 363.1 336.9 316.5 301.9 286.2 277.9 274.2 272.4 270.4 269.4 269.9 271.7 272.2 272.9 273.7 274.2 274.1 273.5 272.8 271.2 269.5 268 265.1 262.5 262.2 262.4 261.8 260.8 260 259.2
481.6 478.1 473.1 462.5 448.7 445.6 443 441.8 441.8 441.8 441.8 442.4 446.6 452.4 452.8 438.2 425.6 415.4 406.8 400.4 400 399.2 403.6 409.9 423.1 438.5 460.3 481.6 497.7 515.5 532.7 547.4 560.9 567.2 570.9 554.7 549.4 533 520.1 519.9 546.1 579.2 589.2 568.9 527.3 477.2 437.8 402.8 368.7 342.3 321.2 307.9 294.7 283 277.1 273.7 270.8 268.9 272.7 271.1 270.7 271.5 272.3 273 271.9 271.1 270.4 269.2 267.7 266.2 264.9 261 259.4 260.2 260.5 259.6 258.7 257.7
472.9 470.8 466.5 455.8 442.4 443 442 441.8 441.8 441.8 441.8 442.7 444.4 446.1 444.1 430.4 418.9 410.3 402.3 395 395.3 395.2 402.5 411.5 426.7 444.3 461.9 475.1 485.6 505.6 522.2 538.4 557.1 566.8 567.3 557.1 556.1 547.6 533.8 529.9 555.5 577.2 599 574.2 527.7 481.5 441.8 406 372.8 346.2 325.2 309.2 297.8 288.2 280 275.9 271.7 269.1 272.2 270.3 269.7 270 270.8 270.7 269.6 268.7 268 267.3 266.1 264.8 263.8 262.9 257.9 258.3 258.9 258.1 257.2 256.3
460.5 462.7 460.2 447.1 442.1 444.6 443.2 441.8 442.5 444.6 441.8 442.6 439.6 440.6 434.5 422.2 412.6 404.4 397.9 391.4 390.2 394.8 405 416.7 430 447.1 459.3 469.9 482.5 498.8 512.4 531.7 551.7 565.7 569.2 561.9 563 555.8 547.6 542.3 561.6 591.9 601.2 570.5 530.2 489 447 410.2 377.2 349.8 328.8 312 300 291.2 284.3 279.6 274.2 271.4 266.5 269.2 268.8 268.6 268.9 268.5 267.4 266.3 265.8 265.5 264.8 263.7 262.8 261.9 259.1 256.8 257.2 256.5 255.7 255.1
443.3 448.2 446.2 437 444.3 447.6 446 444.1 445.1 447.4 446.6 440.2 434.9 433.1 423.9 412.9 405.4 398.2 391.3 387.6 385.6 392.3 406.4 421.2 431.3 446.3 458.8 467.3 480.1 492.1 507.9 532.5 547.8 560.3 564.1 553.5 563.8 561.1 553.6 551.6 581.2 602.3 600.1 573 533.7 496 451.4 415.4 382.1 354.2 332.4 315.1 302.8 295.1 289.1 283 277 273.9 268.1 265.3 267 265.2 266.1 265.9 264.9 263.8 263.5 263.2 263.1 262.8 262 260.6 257.3 256.2 255 254.3 255 254.2
419.5 422.3 431.5 432.4 440.9 444.8 447 446 445.6 446.1 443.1 432.7 425.2 422.7 413.7 404.9 398.4 392.2 386.5 382.9 379.6 391 406 420.5 431.1 445.4 458.3 464 480.2 495.4 515.5 528.7 542.5 546.4 540.8 545.9 563.3 563.6 557.7 562.7 586.9 602.2 601.3 580.1 544.4 507.8 454.9 419.5 386.2 359.5 338.2 319.3 307.5 298 290.9 285.3 279 274.2 270.8 263.1 263 261.5 263.8 263.1 262.1 261.2 260.7 260.5 261 261.5 261.2 259.3 258.4 257.4 256.1 255.4 253.9 254.1
400.5 411.4 419.2 425.1 437.4 446.2 449.1 447.9 445.3 441.7 433.9 423.2 414.8 410.8 404.6 398.1 391.9 386.3 382.9 376.5 378.2 390.1 406 415.2 426.6 442 455.7 463.2 479.1 492.9 506.7 516.3 524.5 530.5 539.4 546.5 564 567.4 583.4 593.6 603.8 611.8 614.3 600.7 560.1 510.8 459.5 422.7 391.1 363.9 340.7 323.1 311.7 301.9 293.9 286.5 280.1 274.6 269.8 264.6 259.8 258.4 261.2 260.2 259.3 258.6 257.7 258.6 259.2 259.8 260.1 259.2 258.2 257.2 256.5 255.6 254.3 253.4
391.8 404.1 411.5 435.7 441.2 449.2 451.1 452.1 449.8 442.9 433.9 419.4 409.8 404.3 400.9 394.1 388.2 380.1 376 370.2 377.3 387.3 400.6 414.7 430.1 443.9 455.7 466 478.5 496.6 513.2 529 541.3 550.9 554.3 557.8 574.6 600.1 609.9 616.3 612.9 626 623.5 609.8 577.7 520.9 466.4 425.4 393.3 365.6 343.6 327.4 314.3 304.9 296.4 287.9 281.3 275.6 270 266.1 266 257.5 258.8 258 256.1 254.2 256.3 257.7 258.1 258.5 258.4 258.2 257.2 256.1 255.9 255.7 254.4 253.9
387.1 397.5 409.6 424.1 431.4 437.7 435.9 447.6 449.8 442.4 426.6 410.2 402.4 397.3 398.7 392 384.8 376.1 369.4 366.3 373.4 387.9 406.7 430.4 449.8 458.8 465.5 473.6 490 514.6 536.6 550.2 559.3 563.1 567.3 572.6 604.2 618.9 612.2 624.9 629.1 634.2 622.9 606 573.5 516.1 463.6 425.9 395.1 369.2 346.8 329.7 316.5 307.1 298.6 289.9 281.9 276.3 270.6 268.7 266.6 261.1 257 254.3 253 252.7 255.1 256.5 256.8 257 256.8 256.7 256.1 255.3 255.3 255.3 254.4 254
382 388.6 399.7 410.5 423.4 424.5 426.2 438.6 442.5 431.3 407.7 396.3 391.7 388.7 388 386.3 380.7 371.6 362.4 361.8 368 382.9 398.5 427.9 436.5 433.1 443.6 467.6 501.4 526 543.6 554.5 565.2 569.2 576.7 592.8 615.2 615.1 616.3 628.5 628.7 625.4 614.1 597 563.5 512 463.9 424.6 396 371 349.3 332.4 319.8 310 300.6 291.7 283.6 276.4 271.6 270.2 265.5 261 257.6 253.2 252.3 252 254.5 254.4 255.1 255.7 255.5 255.2 255 254.7 254.7 254.7 254.5 253.5
375.7 378.6 388.7 399.7 413.1 411.4 419.8 421.1 425 410.7 392.2 383.8 382.4 381.9 379.7 377.3 372.7 364.4 356 355.8 361.3 376.6 391.8 399.9 411.3 409.3 424.1 456.9 488.9 521.6 541.5 557.7 561.1 571.3 583.1 594.3 605.4 617.2 616.5 630.9 633.9 626.7 614.6 595 566.9 505.6 453.6 422.9 396.5 372.1 351.7 336.6 323.5 313.1 303.1 293.9 286.1 277.8 270.4 266.6 264 260.7 257.6 254.8 252.2 251.9 252.2 252.8 253.5 254.1 254.4 254.2 254.1 254.3 254.3 254.3 254.1 252.7
369.2 367.7 378.6 390 400.9 398.5 404.6 404 409.6 393.9 378 372.8 374.2 375 372.9 370.9 365.8 358.4 352.1 351.3 356.2 370.1 380.7 385.6 395 399.3 412.5 443.8 480.6 511.8 538 550.1 563.1 574.8 581 593.3 609 619.2 623.3 638.1 642.5 628.3 614.3 597.4 544.2 490.2 445.5 417.6 393.6 371.7 354.1 339.7 327.4 317 304.5 294.8 286.1 278.7 273.4 268.5 265.5 262.6 259.8 255.5 252.8 251.7 251.2 251.2 251.9 252.5 253.5 253.6 253.7 253.9 254 254 253.5 252.9
362.6 361.7 370.7 381.3 390.5 392.6 390.6 392.9 390.7 379.6 368.1 365.7 366.9 367.5 368.9 366.1 360.8 352.6 349.5 349.7 351.7 360.3 368.3 375.7 384.3 387.6 402.6 428.4 469.5 492.6 534.3 555.2 567.1 577.6 579.8 598.1 607 616.4 620.2 629.4 632.7 624.9 615.4 597.9 563.5 495.4 441.2 410.4 387.2 367.6 354.5 339.4 328.6 321.2 306.2 292.9 285.4 279.1 273.3 269.6 267.2 264.8 259.1 256.2 253.6 252.2 251.1 249.6 250.3 251.1 252.2 253.1 253.3 253.5 253.6 253.4 252.5 251.5
359.8 356.3 364.8 374 379.9 382.5 381.7 386.5 377.3 367.3 358.3 358.6 360.5 363.4 363.6 361.5 356.7 349.5 349.5 349.5 349.5 353.3 361.1 369.1 374.8 379.7 394 413.6 443.1 481 525.2 551.7 566.7 573 574.6 591.9 598.2 604.9 609.9 618.6 633.2 624.8 613.8 596 566.3 504.1 445.4 407.8 384.5 366.6 352.2 336.6 325.5 319.1 309.8 295.1 286.1 279 273.3 269 266.3 263.5 259.7 257 254.3 252.8 251.4 250.7 249.6 250.7 251.1 252.3 252.6 253.2 253.2 252.1 251 251
352.9 355.7 359 363.9 369.7 374.5 376.2 376.3 367.3 357.6 352.3 352.5 355.5 357.9 357.6 355.1 349.5 349.5 349.5 349.5 349.5 349.5 354.5 363.4 369.8 375.8 388.3 407.3 431.5 469.7 515.1 546.8 560.8 566.4 563.9 577 580.9 581.1 598.4 622.8 627.2 621.2 609.3 591.2 559 513.6 464.6 417.7 392.9 372 354.5 339.8 328 319.4 304.9 292.1 284.6 278.9 273.5 270 266.5 262.9 259.7 257.4 255.1 253.2 252.7 252.4 249.8 249.4 250.3 251.8 251.4 251.9 251.8 250 250.1 251.3
349.7 351.5 350.9 353.5 359.2 365.6 370.9 369.3 360.5 350.7 349.5 349.5 349.5 351 350.7 350.7 349.5 349.5 349.5 349.5 349.5 349.5 351 358.3 368.6 377.8 388.7 405.3 426.7 462.7 503.9 535.9 551.3 554.8 547.7 553.9 558 573.6 596 610.1 618.7 615.9 603.5 585.4 560.3 543.2 502.9 447.3 411.9 381.9 361.9 343.2 332.4 319.1 306.7 297 286.7 279.7 274.3 271.5 267 262.3 259.9 257.4 255.6 255 254.3 253.2 252.6 250.9 249.3 250.9 250.5 249.3 249.9 251.5 252.3 253
349.7 349.5 349.5 349.5 349.5 358.9 360.5 356.4 353.3 349.5 349.5 349.5 349.5 349.5 349.5 349.5 349.5 349.5 349.5 349.5 349.5 349.5 349.5 356.8 368.6 378 389.9 404.9 428.9 469.5 497.3 522.7 536.8 537.3 528.7 539.4 560.7 574.6 588.6 602.1 608.5 605.3 595.3 578.9 559.2 542.1 522.1 490.7 438.8 395.5 372.6 350 333.5 318.9 307.8 297.9 289.1 279.9 276.5 272.9 268.9 264.4 260.1 257.8 256 254.9 253.8 253.2 252.7 250.8 249.8 249.9 250.9 251.7 250.9 251.8 253 254.5
349.5 349.5 349.5 349.5 349.5 349.5 349.5 349.5 351.5 349.5 349.5 349.5 349.5 349.5 349.5 349.5 349.5 349.5 349.5 349.5 349.5 349.5 349.5 357.2 369.4 377.5 389.7 407.3 437 470 491.8 507.8 516 516.4 532.3 548.9 560.9 568.5 578.1 593.1 598.3 594.8 586.1 570.3 552.6 537.5 523.6 504.5 465.7 423.5 384 357 336 320.1 309.4 298.5 292.6 279.6 275.3 271.7 268.8 264.8 260.8 257.6 255.6 254.3 253.8 252.9 252.1 250.9 250.2 250.2 251.4 252.4 252.8 253.1 254.4 256.1
