webserver/python/data/NX77.asc
ncols 200
nrows 200
xllcorner 270000
yllcorner 570000
cellsize 50
[rows 35 to 69 of 200, columns 79 to 157 of 200]
146.1 145.2 147.8 150 148.9 148.1 147.4 151.1 152.1 155.7 158.8 164.2 164.9 166 169 170.9 171.1 171.1 171.1 169.6 170.5 173 177.3 180.5 179.5 176 173.6 168.4 160.9 156.3 150.8 145.5 140.9 139.2 139.3 135.5 136 135.2 137.1 138.8 140.4 134.7 139.7 146.7 152.9 157.9 163.2 168.8 171.3 172.9 174.2 175.6 174.8 173.5 172.1 170.1 169.1 167.8 166.8 166.5 165 163 161.2 157.7 154.3 153.9 153.7 150.3 149 149 153.2 159.5 166.5 169.9 173.1 178.7 185.1 195.8 202.6
143.9 143.9 145.2 146.8 145.2 145.3 144.2 144.2 149.4 151.1 155 160.6 163.3 166.1 169.4 169.1 169.7 170.9 169.3 170.3 171 170.4 172.5 177.5 181 177.9 173 163.9 154.8 150.6 146.7 142.6 140.9 139.5 138.6 134.3 135.5 135.7 135.9 134.8 134.4 136.2 142 149.5 155 161.2 167.2 172.6 175.2 176.5 177.1 177.4 175.7 175.1 173.5 171.3 169.5 167.5 165.5 165.8 162.5 159.8 159.2 156.7 154.1 153.9 153.4 150.6 149.1 148.5 152 161.2 164.9 170.6 174.3 177.9 181.8 193 198.7
144 144.2 144.7 142.1 144.6 144.5 142.6 141.4 145.9 150.8 154.6 156.7 160.1 163.1 165.8 166.1 166.5 169.2 169 169 170.6 172.1 169.1 169.1 174 174.8 169.1 163 152.1 149.6 146.1 144.2 140.5 138.1 135.4 134.5 136 134.7 135.2 134.1 144.2 149.5 150.8 152.6 157.7 162.4 166.6 171.8 177.7 179.4 180.9 181 179.3 177.3 174.9 173.2 170.5 167.2 165.1 162.8 162 156.7 156.8 155.4 154.8 154.8 154.6 149.8 149.9 149.4 149.4 155.5 163.9 170.6 174.1 176.9 182.2 192.5 194.3
143.2 142.7 142.6 140.2 139.2 140.3 140.1 140.6 145.2 150.1 155.1 153.9 159.6 159.9 162 163.6 164.1 167 169.3 172.6 175.8 176.2 176 170.6 169.1 169.3 166 161.4 154.1 151 146.4 144.3 139.1 138.8 138.2 134.4 133.9 135.7 133.9 135.7 148.1 157.9 159.9 158.2 160.6 165.6 169.3 171.1 175.1 178.2 180.2 180.7 181 180.9 178.1 175.6 171.5 168.3 168.1 163.7 159 155.8 155.1 154 156.6 161 160 153.6 148.6 148.1 148 150.8 158.1 167.7 170.9 175 179.1 182.7 189.2
140.7 140.3 140.1 139.6 138.5 139 141 142.5 143.4 147.9 151.5 152.7 153.5 156 159.7 163.6 165.9 169.1 172.3 174.4 176.2 180.4 179.2 174.8 170.1 165 164.2 161 156.1 151.2 145.7 143.9 139.2 139.1 134.9 133.8 132.4 133.9 132.6 135.4 144.5 154.7 162.2 163.2 162.7 167.8 171.1 174.7 174.6 176.3 177.6 178.5 179 181 180.3 180.1 175.8 170.8 170.2 167.6 164 158.1 154.3 150.7 154.3 159.8 161.1 153.7 148.5 147.8 148.1 148.3 152.9 155.4 161.5 169.6 175.2 178.8 183.5
140 140.6 140 138.4 139.9 140 142.5 143.1 142.7 143.9 147.3 148.6 149.3 154.7 160.1 164.1 167.3 170.9 174.5 175.1 175.7 177.1 177.9 175.1 172.1 166.6 164.2 161.3 156.3 149.7 145.5 141.6 139.2 138.7 133.8 132.6 133 133.2 131.4 139.3 143.4 147.9 156.4 161.8 164.8 167.8 169.8 173.8 176 175.9 175.1 175.7 176 178.3 178.5 180.2 178.9 172.9 168.3 164.9 161.5 157.8 153.2 149 148.9 154 157.4 153.7 148.6 148.1 148.5 148.7 151.2 156.3 162.9 167.9 171.3 175.5 179.4
139.4 139.4 138.5 139 139.5 138.7 140.1 139.8 140.7 140.2 138.9 144.1 149 154.8 159.3 164 168.3 171 173.6 174 173.3 174.4 174.6 175.3 173.3 168 165.4 159.8 156.3 151 147.9 143 139.7 136.7 135.5 132.3 131.9 130.6 132 144.5 152.9 154.4 151.3 155.7 161.2 165.7 168.7 171.2 173.6 174.4 173.6 174.3 174 178.4 180 179.1 175 170.7 165.6 160.8 158.8 154.8 150.7 148.2 147.5 147.6 150.8 151.5 147.6 151.4 152.5 149.2 151.4 157.6 163.7 168.2 170.5 175.5 175.8
139.9 139.3 138.7 138.1 138 137.9 138 138.5 139.8 139.8 139.1 142.2 150.3 154.2 158.5 162.8 165.7 169 171.6 173.1 171.6 171.6 170.2 171.7 170.5 167 164.1 160.2 158.5 153.3 148.5 144.7 140.2 136.9 135.1 132 131.3 130.2 133.5 141.5 149.3 157.9 157.3 155.1 155.4 160.4 164.3 167.9 170.1 170.9 171.5 171.6 174.2 178.2 180.7 179.9 177.3 171.1 166.1 163.8 161.4 158.9 153.2 148.2 145.8 145.1 144.2 145.4 145.3 148.9 150.4 150.8 153.4 158.8 162.8 165.5 168.6 172 176
139.5 139.3 138.8 138.2 137.9 137.9 138.3 138 138.4 139 139 141.4 147.5 153.9 157.4 160.5 162.8 165.1 167.6 169.1 170.8 170.5 168.6 169.1 169.9 167.2 163.8 160.4 160.1 154.6 148.8 144.2 140.3 137.3 134.2 130.4 130.2 129.2 132.6 136.7 143.6 150.9 156.2 158.2 153.3 154.7 160.2 164.2 166 167 168.3 168.8 170.7 174 174.8 171.1 174.8 174.7 175.2 174.7 167.6 158.8 152.3 148.2 145.4 144.3 143.9 144.5 144.6 146.3 147.7 151.1 153.7 158.4 160.8 163.1 165.8 169.2 171.8
143.6 142.1 142.1 139.4 138 138.3 138.7 138 138 138.4 138.8 140.5 143.9 147.3 152.2 155.8 158.5 161.9 164 165.1 167 167.4 166.7 166.4 166.1 165.3 162.6 160.7 157.9 154.1 149 142.8 138.5 137.6 133.9 129.6 135.4 141.9 144.7 140.7 139.5 141.4 145.9 147.8 149.3 151 155.9 159.3 161 162.6 165.6 165.7 165.9 165.1 165.7 169.7 173.3 175.3 173.3 169.2 163.9 159.3 149.8 150.7 148.9 144 143.9 143.6 144.1 145.8 151.5 156.5 156.3 159 161.6 162.3 164 166.8 169.2
150.3 147.7 141.6 138.6 138.1 138.7 139.1 139 137.7 138.1 138.8 139.9 141.3 143.9 145.6 149.5 153.2 158.4 159.5 160 162.5 163.2 164 164.2 165 164.7 162.1 158.6 156.3 151.3 145.6 143.9 140.4 138.2 135.5 128.9 138.3 142.9 146.1 146 143 140.4 135.1 138 141.2 146.7 151 155.4 156.6 158.9 161 161.7 161.5 159.9 159.8 164.7 167.3 167.9 166.7 162.9 157 153 150 149.6 149.6 146.9 143.1 143.3 143.8 148.9 155.3 157 158.6 161 161 160.9 162.7 164.5 167.2
149 148.5 143.3 138.8 138.4 138.3 139.5 139.8 138.6 137.7 138.4 138.7 139 143.1 143.3 144.4 150.4 153 154.6 156.2 158.3 160.9 162.1 163.2 164 163.4 162.1 157.9 154.2 148.8 145.7 145.5 145.1 141.6 134.4 128.6 130.4 136.9 139.9 141.6 140.7 136.3 130 135.4 140.5 145.9 150.7 152.7 153.8 155.1 154.9 156.2 156.7 156.2 156.1 156.8 159.9 161.1 159 155 151.5 148.7 145.7 144.8 143.6 142.7 143.1 143.5 145.2 153.6 156 156.8 158 160.5 160.6 160.1 162.5 163.9 165.2
143.9 143.3 139.5 138.9 138.7 138.6 138.6 140.2 139.6 138.3 137 136.2 136.6 137.4 138.6 139.8 145.2 148.4 149.7 149.9 153.3 157.3 159.4 161.7 162 161.3 162.1 159.5 153.8 146.7 144 148 151.9 149.3 141.9 134.2 130.1 128.6 130 133.1 131.7 130.6 129.1 134.3 139.3 144.9 146.8 150 151.3 152.3 151.8 152.8 153 152.1 152.8 154.1 158.9 161 158.6 153.3 149.4 146.4 144 143 141.8 142.4 143 143.9 146.2 152.6 155 155.8 157.1 160.4 161 160.8 162.9 164.3 165.2
143.8 140.7 139.2 139.5 138.9 138.9 138.8 139 140.6 139.2 136.8 134.8 133.9 134.7 135.5 135.7 139.1 140.9 143.4 144.9 147.6 151.8 154.5 156.8 158.6 159.6 161 161.6 154.7 146.7 142.6 145.5 150 152.2 149.5 140.3 135.3 131.8 128.3 126.9 128.4 126.9 129.5 133 136.9 139.1 142 145.1 147 147.9 148 148.5 149.6 148.7 149.6 149.5 152.5 155.5 157.5 155.6 148.6 145.3 143.9 143.2 142.4 142.4 143.1 146 145.2 149.8 150.9 153.5 155.3 157.6 161 159.2 162.9 164.8 165.9
149.3 142.4 139.6 143.1 145.5 144.3 143.5 141.2 140.4 139.7 137.5 135 135.7 135 133.9 133.8 135.4 136.9 140.6 141.2 142.5 143.6 149.8 152.9 155.3 156.2 157.3 158.3 154.2 146.4 139.1 141.7 146 147.4 150.5 146.1 140.7 136.2 132.8 128 125.6 125.1 130.8 132.3 137.4 146.8 150.6 149.3 145.5 146 144.8 145.3 146.9 147.3 148.4 148.5 148.6 150.1 156.5 158.6 153.3 147.5 146.1 144.7 143.8 142.2 139.7 142.6 144.8 147.3 148.8 149.8 153.1 155.5 158.2 158.5 162.1 164 164.6
151 147.3 143.3 140.6 142.2 144.5 145 143.6 142.3 139.4 139.3 139.8 138.6 134.6 133.8 133.2 134.1 135.2 134.7 136 139 143 149.6 154.5 154.1 153 151.5 151.1 148.4 143.5 139.1 139.2 142.6 143.8 144.5 144.8 142.8 135 130.7 130.3 127.3 124.4 128.3 129.8 136.2 140.5 148.6 156.6 155.5 151.5 146.5 143.9 144.8 146.1 146.5 147.1 147.5 148.6 157.2 165.9 165.6 160 153.2 147.9 145.6 146 141.6 145.1 145 144.2 149.5 149 152.4 154.6 154.7 157.1 161.2 162.7 161.9
143.7 144.2 143 141.6 143 143.8 144.9 145 143.2 139.8 138.9 138.7 138.7 137.2 135.4 133.3 132.5 133.2 132.7 132.9 137.6 148.4 157 159.4 156.8 152.7 148.3 146.3 142.4 139.3 135.2 134 140.2 141.7 142.3 140.1 137.3 131.1 130.5 129 128.1 126.5 124.4 125.7 135.1 138.7 142.5 148.8 154.5 156.8 151.3 146.6 144.3 143.9 145.2 145.5 146.3 149.1 155.3 161.8 163.4 159.9 156.4 150.4 145.1 141.9 140.6 142.5 142.3 143.4 150.3 150 151.4 152.7 154.6 155.6 158.1 159.4 158.9
144.7 144.4 145.3 147.7 145.2 144.6 145.6 144.1 141.7 139.3 138.7 137.3 136.1 134.8 134.9 133.3 131.3 131 131.2 132.4 139.1 149.1 160.5 163.4 160 154.7 149.1 145.7 146.7 144.5 136.8 134 134 137 138.7 136.7 132.3 127.5 128.2 128.8 125.6 126.3 124.4 123.3 126.4 134 137.4 141 147.9 152.1 149.4 145.4 142.6 139.6 142.2 143.2 146.2 151.8 160.2 162.9 159.1 155.3 150.4 145.6 141.9 139.2 139.9 140.2 141 142.5 145.2 147.6 149.6 150.8 152.8 155 155.6 156.6 156.2
152.7 153.5 153.9 154.1 153.7 152.1 149.8 145.8 143 140.4 136.5 135.5 135.2 134 135 133.8 131.7 130.3 130.7 132 138.8 147.6 158 165.2 162.6 157.4 151 149.5 150.3 152.1 149.9 143 136.1 134 129.7 129.7 129.1 125.8 124.2 125.8 125.6 125.1 124.9 123.7 122.4 130.2 132.1 136.1 139.1 143.1 146.7 143.8 140.8 139.4 138.6 141.5 146.8 152.9 164.9 166 161.4 154 145 140.8 139 139 139.1 140 140.9 143.3 144 145.5 147.8 147.6 149.8 150.8 152.5 153.7 151.9
163.2 162.6 161.4 161.2 160.3 158.8 155.6 151.3 146.4 142.4 138.2 136.5 135.5 134.6 133.9 134.7 132.3 130.2 131.4 129.5 134.6 143.6 153.1 161.7 162.6 159.3 153 149.2 149.9 149.9 149.2 146.9 139.9 135 134.4 132.9 130.9 126.2 124.2 124.4 124.1 126.4 127.4 123.8 122 122.4 127.5 131.7 132 134.4 138 141.1 139.8 137 135.4 138.3 144 152 162.2 167.1 164.6 158.6 151.2 145.7 141.1 139.5 138.7 139 140.6 142.1 144.3 144.8 145.5 145.4 151.3 152.9 153.5 152.5 155.4
171.3 171.1 169.6 167.8 166.6 164.9 162.4 157.4 152.5 148 142.7 138.2 136.7 136 135.5 135.7 133.8 131.5 130.1 129 130.7 138.5 146 153.5 161 160.3 153.7 148.2 150.5 149.5 145.3 142.5 134.7 130.2 131.1 135.7 135.2 130.7 128.1 124.9 123.3 124.8 129.5 129.8 123.2 120.8 126 130 129.5 130.4 133 136 135.9 135 135 137.8 143.7 150.9 162.4 166.1 162 157.6 151.5 146.8 146 141.7 138.1 138.3 139.9 141.2 142.5 143.3 144.8 149.1 152 155.1 155.7 156.7 157
177.7 177.5 176.5 174.4 172.1 169.1 165.7 162 157.8 153.3 147.4 143.9 140.3 137.7 137.3 136.1 133.5 130.6 130.1 130.8 130.1 133.1 138.4 144.1 152.9 157.5 152.6 147.1 150.7 151.8 148 139.8 130.5 128.2 129.5 139.9 140 135.2 131.9 126.3 122.4 124.4 125.8 127.1 127.5 123 121.4 125.2 127.3 128.4 130 131.2 132.7 134.5 135.7 138 143.5 152.8 162.7 163.7 159.8 154.9 149.2 144.8 143.4 140.5 138.1 137.8 138.9 140.3 141.8 140.1 145.9 149.6 151 153.6 155 154.7 156.8
183.8 182.9 181.8 180 177.4 174 170.6 166.2 161.6 157.6 154.5 151.9 148.8 145.5 143 140.2 135.3 129.7 129.8 129.2 128.7 129.5 133.6 138.8 145.1 154.6 152 146.7 146.5 147.7 150.1 145 130.8 127 126.8 134.6 140.2 138.3 136.2 131.2 123.7 123.1 125.1 124.3 124.3 129.1 126.3 121.3 122 125.1 129 130.8 134.6 136 138.6 139.1 146 156.1 164.3 161.3 156.6 151.5 146.9 143 141.1 139.3 138.1 136.4 137.6 140.5 140.4 139.8 143.6 146.5 149 150.3 150 153.2 157.1
189.6 188.3 187.5 183.7 185.6 180.4 176.8 172.1 167.1 161.5 157.7 155.7 153.2 149.3 147.6 145.3 139.1 131.8 129.2 129.9 128.8 128.8 129.8 134.8 139 147.3 151 147.8 144.2 143.6 140.8 137.5 130.6 125.4 123.9 128 131.4 132.7 137 136.4 127.9 122.4 122.6 121.9 121.2 121.8 120 121.6 126.3 126.9 134.3 137.9 142.1 144.6 143.2 143.8 147.9 154.5 160.5 157.7 152.8 148.2 146.4 143.3 140.1 137.3 136.7 135.8 138.5 140.2 139.3 140.9 141.1 145.2 147.3 148.6 150.8 160.8 161.8
195.4 194 193 189.7 187.9 185.5 182.2 178.3 174 167.4 160.7 157 155.4 152.8 149.4 145.7 140.6 134.3 133.9 136.4 131.1 129 128.7 128.2 132.4 139 148.4 149.9 145 140.6 135.1 130.7 126.8 123.8 123.4 123.2 125.1 126.1 132.9 133.6 129.1 122.9 120.5 125 123.1 118.6 120.4 125.9 127.3 129 133.5 140.3 146 148.1 149.3 148.2 150.4 152.7 156.1 152.6 149 149.4 147.4 143.4 138.1 134.2 135.7 138.3 139.6 139.6 139.9 139.1 139.1 143.9 147.4 153.1 160.9 164.5 165.5
201 198.9 196.5 193.9 191.6 189 185.2 181.1 177.9 173.3 166.1 159.8 155.9 152.3 148.9 144.8 138.9 133.9 133.2 136.8 139.3 133.3 128.8 128.5 128.4 133.2 139.1 147.1 146.5 142.9 137.9 131.4 125.2 123.9 123.7 123.5 123.2 123.1 125.3 126.8 127.9 120.9 120.6 119.2 120.1 118 121.4 124.5 126 131 136.5 137.9 141.7 146.7 146.5 146.8 147.8 146 146.6 146.4 147.2 151 148.5 142.7 135.5 134.5 134.5 139.3 138.7 137.9 138.6 139.1 139.6 146.8 152.4 159.4 163.6 166.4 167.2
206.7 203.2 199.7 197.7 195.5 191.3 187.4 183.6 181 177.5 172.8 164.6 157.2 152.9 149.9 145.4 139.2 133.9 132.2 132.8 134.4 134.4 133.6 128.8 128.3 129.9 133.6 139.8 146.1 144.7 139.9 135 127.5 124.1 124 123.7 123.4 123 122.7 123.8 125.8 122.4 120.3 118.8 116.8 117.7 119.9 125.8 129.1 134.4 141.2 142.3 140.6 139.1 140.3 141.6 144.3 142.9 144 144.8 144 149.6 149.4 144.1 134 133.8 136.2 137.1 135.9 135.3 137.4 139.1 143.1 150.2 155.7 161.3 165.4 166.2 168.1
212.1 207.1 204.7 202.2 198.5 194 189.8 186 184 180.9 177.1 170.7 162.6 157.6 154.4 151.6 147.2 141.8 137.1 131.6 132.7 132.7 133.9 130.7 128.3 128.1 129.4 128.7 133 138.1 137.7 132.6 125.8 123.9 124.1 124 124.3 126 122.7 121.1 120.4 120.4 121 120.5 116.3 117.4 118.9 121.7 133.3 138.3 140.2 140.3 139.8 139.1 139.1 139.9 141.9 143.3 144.2 143.3 140.8 143.3 145.1 143 133.3 133.6 133.9 134.1 135.9 135 139 139.9 147.1 153.7 155.9 160 163.9 166.1 170.4
216.1 210.6 207.8 205.5 202.6 197.1 192.3 188.3 185.9 184.7 180.5 177 169.8 161.6 157.5 151.4 147.8 145.6 141.9 134.4 132.3 133.1 133.7 132.7 130.7 127.8 127.2 127 124.7 127.7 128.1 124.5 124.9 125.6 124.8 124.9 126 124.5 123.4 122.7 126.4 125.8 121.2 120.5 116.8 117 118.6 123.1 134.6 136.5 136.7 138.9 140.8 141.4 140.4 141.6 144 147 146.1 144 139.8 140.2 140.8 137.9 133.3 133.4 133.6 133.9 134 137.4 139.9 143.5 152.7 158.4 160.9 162.1 165.6 171 175.6
218.5 214 211.2 208.7 206.6 202.3 194.8 190.4 186.9 184 180.3 176 168.8 160.8 154.5 155.2 152 143.2 139.8 135 133 133.5 136.5 134.5 132.5 129.7 128 129.3 130.7 126.8 130.2 129.2 126.8 126.5 126 125.3 126.1 123.9 123.9 124.4 126.5 124.6 121.5 119.4 116.6 116.7 119 126.7 133.1 133.8 133.6 137.4 142.4 141.8 141.7 142.7 145.8 150.9 154 154.1 146.7 139.1 134.9 133.8 133 133.3 133.6 133.9 134 136.8 139.4 146.7 153.7 158.1 162.5 168.2 176.1 180 182.5
216.9 214.9 212.3 209.8 211.1 205.2 198.4 196.7 193.9 187.3 181.7 175.4 168.2 163.3 164.4 160.9 156.4 149.2 136 133.9 134 135.5 138.9 139.4 132.5 131.9 133.5 135.6 135.1 134.7 130 133.3 136.5 132.2 128.2 126.2 124.1 125.1 125.4 124.2 123.9 124.5 121.7 118.9 116.8 115.2 119.1 122.3 124.8 124.7 131.1 138 141.6 139.1 140.4 141.7 144.9 150.3 152.8 154.5 151.9 145.8 134.8 133 132.9 133.3 133.6 134 134 139.3 146 151.2 155 159.5 164.7 171.3 180.8 185.8 188
215.8 214.2 213.2 211 210 207.5 207.8 208.3 203.3 193 185.3 178.5 172.8 170.3 169.3 164.4 155.9 141.8 139.2 134.8 133.9 139.6 138.2 141.4 138.6 139.2 140.5 139.2 143.4 143.9 138.8 133.9 140.4 141.5 137.1 128.7 127.5 125.5 125.1 124.2 123.3 122.4 121.2 120.2 117.4 114.9 115.8 118.4 117.4 120.5 127.6 133.3 136.5 137.5 138.8 142.9 147.1 150.7 151.4 149.3 148.7 143.9 134.4 132.6 132.8 133.3 133.7 134.3 136.7 143.1 149.2 152.6 154.4 158.5 168.2 175.6 185.3 189.5 190.8
216.4 214.3 214.7 212.8 210 210.2 214.6 212 204.1 197.7 191 182.5 176.4 169.7 166.4 162.9 156.6 142.6 140.6 140.5 141.7 141 140.5 146.4 145.4 144.1 142.7 142 144.2 144.4 145 141.2 139.1 139.3 140 135 129.6 126.6 124.5 124.5 123.2 122.1 120.3 121 118 114.5 117.1 117.4 116.8 119.7 124.4 130 133.7 136.7 141.2 147.9 151.3 154.7 154.5 150.7 147 141.8 133.8 132.3 132.8 133.2 133.7 134.2 140.7 145.4 149.8 155 158.8 165.8 174.1 180.5 186.7 189.4 191
215.8 215.9 214.6 215.3 214.9 214.1 214.1 211.3 206.2 201 195.2 188.2 179 168.8 162.7 158.5 152.5 145 143.6 144.9 144.9 145.3 146.6 149.9 150.4 147.6 145 146.3 145.7 145.1 143.9 141.9 140.2 139.4 139.2 138.1 132.8 129.3 128.3 126.1 124.6 121.9 119.5 119.2 117.2 114.5 114.7 115.6 117.3 119.5 122.5 128.9 136.1 145.1 150.6 152.5 154.9 155.2 153 149.1 141.8 135.4 132.7 132 132.4 133.1 133.8 136.4 141.5 145.7 149.6 155.3 162.3 171.9 181 183.5 188.5 190.9 191
214.1 214.9 214.4 216.1 216.1 214.1 214.8 209.6 205.7 203.6 198.3 191.1 181 170.7 163.4 157.5 154.1 147.9 150.8 148.6 148.5 153.2 153.3 155.8 155.6 155 152.1 153.6 152.5 150.1 145.4 143.3 142.6 139.4 139.4 137.8 135.8 134 130.9 129.1 124.8 121.7 119.6 117.4 115.7 114.2 114.6 115.5 117 119.7 124 132.7 140.9 146 149.7 151.3 150.5 151.8 148.2 144 137.1 131.3 131.4 131.7 131.9 132.5 134.2 140.6 140.7 144 148.7 156.6 166.6 174.1 179.5 183.8 186.5 189 190.6
