webserver/python/data/NX78.asc
ncols 200
nrows 200
xllcorner 270000
yllcorner 580000
cellsize 50
[rows 105 to 139 of 200, columns 78 to 155 of 200]
232.5 228.9 230.1 229.6 227.5 224.7 220.5 219 216.4 213.4 210.9 213.6 214.3 216.8 216.9 212.7 209.9 209 209.9 211.3 211.6 211.9 212.1 211.6 210.9 209.9 208.8 207 205.2 203.3 201.2 199.1 194.3 190.3 190.3 190.3 190.3 190.3 190.3 190.3 190.3 190.3 190.3 190.3 190.3 190.3 190.3 190.3 190.3 190.3 190.3 191.9 194.4 196.1 196.1 194 191.7 192.4 193.7 194.1 195.2 195.9 196.9 199 202.1 200.2 201.5 203.4 202.8 200.7 201 201 202.8 204.8 207.4 208.5 210.8 211.8
234.7 231.9 230.4 230.6 229.3 225.7 222.2 220.6 219.7 215.3 212 212.1 212.2 209.9 210.1 209.5 209.9 208.6 209.6 211.1 211.4 211.9 212.4 212 211.3 209.9 208.2 206.4 204.7 202.9 200.8 199.4 194.8 192.5 191.6 192.2 190.3 190.3 190.3 190.3 190.3 190.3 190.3 190.3 190.3 190.3 190.3 190.3 190.3 190.3 192.7 194 195 196.2 196.6 196.9 192.2 192.1 191.9 192.5 193.2 193.5 193.8 195.2 196.4 196.6 198.4 198.7 199.7 200.4 199.5 200.1 201.4 202.9 203.7 205.7 208 208.9
236.2 234.2 230.2 229.2 228.9 227.3 224.2 222.6 220.1 216.5 213.9 209.6 213.5 214.1 208.5 205.8 206.8 206.1 208.1 210.5 211.4 211.9 212.4 212.1 211.2 209.6 207.5 205.9 204.2 202.5 200.5 200.1 197 196.6 195.1 194.9 193.9 191.1 190.3 190.3 190.3 190.3 190.3 190.3 190.3 190.3 190.3 190.3 190.3 190.3 190.6 194.9 196.1 197.1 196.5 198 193.3 195.7 194.1 193.6 193.2 193.3 193.6 194.1 195.2 195.2 196.2 198.2 200.3 200.7 200.6 201.2 201.7 202.1 203.1 203.8 206.5 208.6
237.2 235.8 232.1 228.4 227.6 226.5 225.2 223.3 220.9 217.6 216.7 208.5 211.9 211.5 208.9 204.6 203.8 204.4 206.4 209 210.5 211.3 212.3 212.4 211.5 209 206.9 205.2 203.6 201.9 200.7 200.8 199.7 197.8 195.7 195 194.1 191.1 190.3 190.3 190.3 190.3 190.3 190.3 190.3 190.3 190.3 190.3 190.3 190.3 191.1 195 196.7 198.1 195.7 196.1 197.4 197.7 195.3 194.4 193.9 195.4 193.7 193.3 194 194 195 198.1 200.8 200.9 202.3 202.4 203.3 204.2 205.6 205.5 208.1 209.2
239.4 236.2 230.8 227.5 224.8 225.2 224.1 222.8 221.3 218.6 215.1 212.4 206.1 204 204.2 204.6 204.1 204.4 205.5 207.4 210.7 211.3 211.7 211.6 211.5 209.4 206.2 204.6 203.1 201.5 200.1 200.1 197.5 196.2 194.6 194.8 194 190.9 190.3 190.3 190.3 190.3 190.3 190.3 190.3 190.3 190.3 190.3 190.3 190.3 192.2 195.7 198.3 199.9 198.3 198.4 199.3 200.4 195.4 194.1 194.5 200.5 197.8 194.7 193.9 194.8 196.4 198.4 200.2 202.9 205.5 206.8 208 209.8 209.4 207.8 209.1 209.4
241.8 234.6 229.5 226.3 223.7 222.9 222.4 221.9 220.2 217.5 214.4 211.2 212 212.6 207.9 204.3 203.8 203.1 203.7 205.1 207.9 210.5 210.9 210.5 210.4 208.7 204.4 203.7 201.8 200.2 197.9 197.6 195.7 193.5 192.7 192.5 192 190.3 190.3 190.3 190.3 190.3 190.3 190.3 190.3 190.3 190.3 190.3 190.3 191.7 195.5 199.8 201 201.4 199.7 199.7 200.9 201.8 199 199.7 202.4 205.4 203.4 200.5 195 196.4 198.2 200.3 202.7 205.1 208.2 211.1 211.2 211.1 210.9 209.9 209.4 211.4
236.9 233 228.3 225.4 222.7 220.1 218.6 218.6 218.9 216.2 214.9 209.7 207.8 206.6 204.9 202.5 201.7 201.3 201.2 201.8 204.9 207.1 208.7 208.9 208.8 208.3 205.3 204 203.2 200.8 195 194.3 193.3 191.8 190.5 190.3 190.3 190.3 190.3 190.3 190.3 190.3 190.3 190.3 190.3 190.3 190.3 190.3 192 195.8 197.6 200.9 202.6 202 200.8 201.2 202.2 203.1 202.4 203.7 205.5 207.3 208.8 205.5 198.8 199.9 201.1 202.4 204.5 207.5 211 212.3 212.7 211.3 212.1 212.8 212.5 214.4
229.1 226 224.4 222.8 220.6 218 215.4 216.5 216.8 215.4 212.9 208.1 205.2 203.2 201.6 200.2 199.7 200.2 200 199.2 201.6 202.2 204.4 205.1 204.6 205.8 202.7 201.4 204.1 202.1 195.4 191.2 191.1 190.5 190.3 190.3 190.3 190.3 190.3 190.7 191.1 190.3 190.3 190.3 190.3 190.3 190.3 190.5 194.8 198.3 199.9 201.7 203.4 203.9 202.7 202.8 203.9 206.1 207.2 206.9 208.6 210.4 212.8 211.3 203.9 204.3 205.9 207.5 206.4 210.5 212.6 214.5 216.2 215.1 215.2 215.6 216.6 218.8
234.1 229.8 220.8 218.8 217 214.7 212 211.6 212.4 210.7 206.9 203.4 201.6 201.2 201.2 198.8 198.8 199.1 198.9 199.4 199.4 199.2 201.6 200.3 199.9 200.7 200.8 199.7 199.8 198.1 193.2 191.2 190.3 190.3 190.3 190.3 190.3 190.3 190.7 194.5 195.2 191.8 190.3 190.3 190.3 190.3 190.3 191.5 196 198.8 200.5 202.9 204.2 205.2 204.8 205.1 209.6 212.6 213.8 212.9 211.3 212.5 214.4 215.1 208 206.5 209 211.5 212.7 214.5 216.2 219.7 222.4 221.1 218.9 218.5 220.2 222.4
235.5 231.4 224.1 216.8 213.4 211.1 209.7 209 207.1 204.9 203.6 202.5 201.7 200.3 199.9 198.8 198.8 198.8 198.8 199.8 200.7 201.1 200.7 199.3 198.9 196 195 193.7 193.8 192.2 192.3 191.5 191.3 191.9 191.6 191.1 190.3 190.3 191.7 195.1 196.3 190.3 190.3 190.3 190.3 190.3 191.7 194.1 196.5 198.5 201.7 206.3 208.6 211 210.6 211.2 215.2 216.9 218.3 218.2 217.5 216.8 218.7 219.4 215.2 210.7 211.8 214.8 215.7 217.3 219.5 222.8 226.6 226.2 224.3 226.5 225.9 225
235.6 231.3 222.9 216.4 213.4 213 211.8 210.9 210.2 209.6 211.1 208.1 204.3 200.9 199.9 198.8 198.8 198.8 198.8 199.7 200.1 200.6 201.3 201.4 202.1 200.9 197.6 194.7 193.8 191.7 192.1 191.9 191.3 193.1 194.5 194.3 193.9 193.5 193.4 193 194.6 190.3 190.3 190.3 191.2 195.8 200.5 197.6 197.8 199.8 202.3 208.6 213.6 215.4 216 217.1 218.9 220.6 221.8 222.7 221.9 221.5 224.6 226.5 224.3 218.7 216.3 216.1 219.2 220.1 222.7 225.6 230.6 229.2 227.4 229.5 230.2 230.2
235 230.4 223 219.6 219.8 217 214.2 213 212.9 214.3 214.6 215.9 210.2 204 202.7 200.3 199.4 199.2 198.9 199.2 200.1 200.9 201.8 204.5 205.9 204 199.7 195.5 193.9 190.9 190.3 190.9 192.7 193.2 194.1 194.7 194.7 193.2 192 191.4 190.3 190.3 190.3 190.4 193.3 198.7 201.2 200.2 198.7 201.6 204.8 209.2 216.1 216.8 218.7 220.7 222.7 223.9 224.7 226.1 225.9 225.7 228.8 231.5 234 232.1 222.3 222.5 227.2 226.9 227.5 229.2 230.2 230.8 231.5 232 232.7 233.6
234.1 230.9 225.6 225.4 225.8 221.5 217.2 214.7 213.7 212.3 211.1 211.5 210.4 207.4 205.3 202.3 200.4 200 200.1 200.3 200.6 201 202.3 205.2 207.5 206.1 201.3 196.1 192.3 190.3 192.5 194.3 196.2 196.1 196.3 195.6 194.7 193 191.5 190.6 190.3 190.3 190.3 190.6 196.5 201.6 203.1 203.2 202 206.7 208.2 213.2 218 219.9 221.8 223.6 225.5 226.6 227.7 229.6 229.4 229.7 232.4 235 238.6 239.4 231.6 228.9 232.4 232.5 231.2 232.1 233.2 234.3 235.4 236.2 237.2 239.6
234.6 231.7 226.9 225.9 223.5 220.2 216.3 214.8 214 211.5 208.9 209.1 208.1 205 204.1 203.4 201.8 201.3 201.5 201.8 202 201.9 202.9 204.8 207 205.3 202.6 196.3 189.5 191.8 196.3 198 198.2 197.6 196.7 195.8 195 193.7 193.8 194.1 192 190.3 191.1 196.5 201 204.6 206.3 208 209.4 212.7 215.8 218.9 220.2 222.6 224.5 226.4 227.9 229.3 231.4 233.2 233.4 232.4 235.4 238.5 240.3 241.8 239.9 233.3 233.8 235.4 238.1 240.3 242.5 240.8 239.9 240.2 240.8 244.9
239.3 232.7 226.9 223 219.2 217.6 215.6 214.9 213.9 211.6 210.6 209.5 206.3 203.9 203.9 203.5 204.3 202.6 203 203.2 203.5 203.1 203.8 205.5 205.4 202.6 199.9 196.7 189.3 194.1 199.3 198.3 198.4 198.1 197.2 196.3 195.5 197.2 199.8 200.9 200.9 198.4 194.5 200.1 204.6 208.5 210.2 211.9 213.7 216.6 219 221.6 223.6 225.1 227.2 229.1 230.6 233.7 235 236.8 238 236 238.7 241.4 244 246.8 247.4 243.3 241.3 239.5 243.7 246.1 248.6 247.7 246.3 244.9 246.5 249.7
240.8 231.8 225.3 221.9 219 217.2 216.2 215.4 214.3 213.3 212.3 210.4 205.8 203.8 203.8 204.8 208.4 204.1 204.3 204.7 203.7 204.4 205.1 205.3 202.8 200.3 198.4 195.8 189.5 195.5 198.6 198.6 198.7 198.7 197.8 197.9 199.4 200.8 201.3 200.6 200.6 199.4 200.2 203.7 207.8 211.8 214.2 215.9 217.1 218.7 222.1 224.2 226.7 228.3 229.9 231.9 235 238.2 239.3 240.1 240.7 241.5 242.3 244.1 246.5 249.4 253.3 252 246.8 246.2 248.5 250.9 253.3 255.8 256.8 255.3 254.5 260.8
236.3 228.9 222.6 219.2 218.5 218 217.1 217 217.8 216.8 216.3 211.5 208.2 209.1 211.8 212.2 211.7 210.1 207.5 208.1 208.4 207.4 207.1 204.3 201.2 198.8 197 196 189.4 191.2 197.3 200.7 200 199.2 199.4 199.9 200.3 201.3 202.3 201.2 200.4 201.8 203.2 206.7 210.5 214.6 217.1 219.7 221.3 222.5 225.8 227.6 229.4 231.5 233.6 236.8 239.8 242.1 243 243.9 246.4 246.7 246.3 247.5 249.1 252.1 254 255.7 254.9 253.2 253.3 256.5 259.6 264.7 265 266.3 266.6 269.7
231.1 223.3 219.7 217.7 217.3 217.7 218.7 219.1 220.3 222.5 220 215.2 211.4 213.2 212.8 212.1 212 212.6 212.1 212.7 213.1 210.3 206.6 202.1 198.9 197.3 195.6 194.6 192.9 189.3 194.2 198 198 198.7 199.2 199.6 200 200.9 203.1 202.3 202.4 205 206.4 209.5 213.5 217.2 219.8 222.7 225.3 226.7 229.4 231.2 232.9 236 238.8 241 243.5 245.5 248.8 250.1 252.3 251.8 251.3 251.3 251.8 253.4 255.8 258.2 260.1 258.3 258.3 262.1 266.1 270.5 273 274.3 275.5 277.3
229.7 221.3 217.9 216.3 215.6 217.8 218.9 219.2 223.4 225.7 223.2 217 212.5 210.5 211.1 210.2 209.1 208.9 210.1 210.8 210.2 208.1 204.3 199.6 196.6 195.5 195 197.5 195.2 190 189.3 193.7 195.9 198.9 199.4 199.3 199.8 202.2 204.6 203.9 203.2 207 209.6 212.3 216.5 219.9 222.8 225.6 228.3 230.8 232.4 234.1 236.2 240 240.9 242 244.2 248.2 251.5 255.5 255.7 255.8 255.6 255.8 254.3 255.1 257.3 259.7 261.9 262.8 263.7 267.8 272.3 276.2 278.4 280.5 282.6 287.6
228.8 220 217.9 216.3 214.8 216.6 216.7 218.5 222.7 226 223 215.8 209.9 208.6 209.1 208.8 208.2 207.2 205.3 205 204.4 202.5 197.1 191.9 190.1 189.2 189.6 191.4 189.5 189.2 191.6 196.2 198.3 199.5 200.3 201.2 201.9 203.8 205.3 204.7 204.9 207.7 211.5 215.1 219.1 222.3 225.3 228.3 230.7 232.3 234.2 235.9 238.1 241.2 242.6 243.1 245.3 248.8 253 254.9 255.2 255.9 256.1 256.4 256.9 257.6 258.7 261.2 263.1 265.6 268.9 272.6 277 281 283 285 287.1 291.8
224.4 222.1 221.9 218.6 214.4 214.2 214.5 217.9 222.2 224 221.4 213.6 208 206.7 207.5 208.2 208.4 207.6 204.5 201.1 197.7 196.1 190.6 186.6 187.5 188.3 190.8 191.3 191.8 196.3 198.8 201 204 204.7 205.2 203.7 204.4 204.5 205.3 204.1 204.9 207.9 211.8 216.3 219.4 221.3 225.8 230.5 232.9 233.8 235.6 237.6 239.7 241.3 243.2 244.2 246.3 249 253.3 254.3 254.7 255.4 256.1 257.2 259.1 260.2 260.9 262.5 264.9 267.8 271.2 275.7 280.3 284.1 287.5 289.7 291.8 299.2
224.4 223.6 222.9 221 215.3 214.2 214.1 216.4 220.7 220.9 220.2 212.9 208 206.2 208.3 209.9 210.9 209.1 205.1 199.9 195.8 188.7 186 186.1 189.2 192.4 196.2 196.5 196.1 200.8 201.6 203.2 207 209.8 210.3 207.5 204.5 204.4 204.2 204.5 205 208 212.5 217.1 219.4 221.6 223.6 228.2 234.2 235.9 237 239.1 239.3 240.9 243.2 245 247.5 250.3 251.3 252.5 254.6 255.4 256.1 257.6 259.7 260.7 262.3 265.8 268.8 271.6 275.3 278.8 283.4 286.9 291 294.1 297 304.4
225.4 224.7 224 221.8 216.6 214.1 213.7 214 217.9 220.3 221.2 215.2 208.3 206.4 207.8 211.4 215.4 213.6 208.9 203.7 195.2 186.2 184.4 188.2 194.6 199.8 201.7 199.9 198.2 201.1 202.2 204 206.9 209.5 209.9 208.9 204.8 204.4 204.6 204.8 205 207.3 211.1 217.1 219.6 220.6 223 225.3 228.2 232.1 236.9 241.5 241 241.8 243.9 245.3 248.3 250.3 250.1 251.3 253.5 255.4 256.1 258 260.1 262.2 265.7 269.4 273.1 276.2 279.5 282.1 286.3 290.2 294.2 297.5 300.3 307.8
225.7 223 224.1 223.4 217.4 212.3 211.7 211.2 214.9 217.4 220 218.1 211.8 207.2 206.4 208.7 212 215.2 212.2 205.3 194.7 188.3 184.2 190.5 194.4 199.3 202.5 201.5 200.5 201.4 202.5 203.6 204.4 207 207.1 206.5 203.6 203 202.9 203 203 204.4 208.2 215.1 218.7 218.6 220.9 223.6 225.5 231.5 236 242.2 242.8 243.1 244.9 246.1 247.2 249.1 248.9 250 252.5 254.7 256.2 258.3 261.6 264.5 268.4 272.2 275.5 278.9 282.7 286.2 289.2 292.8 296.4 300.5 303.7 310.7
225 219.8 225.3 223.8 219.1 210.1 210.3 210.4 209.7 215.2 216.8 216.8 215.3 209.4 206.1 206.1 208.3 210.7 209.9 204.7 195.8 191.3 184.8 190.1 192.6 197.4 201.5 201.5 200.7 200.7 201.5 202.4 202.2 201.9 202.3 202.3 202.4 201.6 201.3 201.2 202.1 203.7 208.4 212.5 214.5 214.9 219.2 222.5 227.1 233.8 237.3 241 242.5 244 245.7 245.6 245.9 248.1 248.1 248.6 250.3 252.8 256.9 261 263.3 266.9 271 273.8 276.4 279.8 283.4 286.6 289.5 293.8 298.9 302.7 307.4 312.4
222.9 217.8 216.1 218.1 214.9 210.4 209.1 208.8 207.5 211.9 213.6 213.8 212.4 210.1 207.9 205.8 205.9 206.1 205.8 201.2 192.8 190.4 188.8 185.5 189.1 194.7 198.9 201.3 200.8 200.9 200.9 200.8 200.6 199.9 199.2 200.8 202.6 202.5 201.8 200.6 201.6 204.4 210.8 211.2 212.6 215.3 219.5 222.8 228.8 234.3 237.8 239.4 240.1 244.2 245.5 245.1 245.6 247.1 247.4 248 248.5 250.9 256.4 261.6 264 268.1 271.8 274.6 277.3 280.5 283.8 286.7 289.7 293.3 299 306.3 311.1 314
221 215.7 210.5 208.7 208.8 208.9 208.7 206.8 206.2 209.2 212.6 212.5 209.6 207.8 206.2 205.3 204.6 203 201.6 200 195.4 189.4 187.9 182.6 185.3 189.8 195.9 199.1 200.9 200.9 200.5 199.9 200.1 199.1 196.3 199.7 202.5 202.7 202.9 201.5 201.7 203.6 208.3 210.5 210.5 215.1 215.8 221.2 227.8 233.1 237.4 238.5 239.2 244 244.7 244.6 245.2 246.1 246.7 247.2 248.3 251.1 255.6 261.2 264 267.9 271.5 274 276.5 281 284.1 287.1 290.1 294.6 301.3 311 316.9 317.6
214.3 210.3 205.6 202.7 204.3 205.6 206.9 206.8 205.8 205.5 208.4 209.3 207.3 205.6 203.8 204.9 205.9 202 195.9 199.5 197.8 192.7 187.8 183.5 181.8 184.8 191.1 195.8 199 200.2 199.7 199.1 198 194.9 194.7 198.3 200.5 201.5 203.6 202.3 202.4 204.2 204.2 210.6 210.7 212.1 214.9 219 225 231.5 235.2 237.1 236.2 239.4 240.1 241 243.4 245.3 245.7 247 249.1 251.2 255.7 260.5 263.6 267.3 271.3 273.5 276.5 281 284.4 287.5 290.5 296 303.6 313 320.3 317.6
207.3 204.4 202 199.3 199.6 205.5 205.4 205.8 204.1 203.6 203.1 205.1 205 203.2 201.9 203.2 204.8 202.2 195.5 193.8 194.8 190.4 190 183.7 180.6 182.5 188.4 190.6 192.3 194.2 195.7 197 195.1 194.5 194.3 194.4 196.3 200 202.8 203.5 203.7 204.9 204.7 205.6 211.2 210 211.9 215.8 221.5 227.8 232.3 235.7 235 235.1 236.8 238.7 240.9 243.1 245.7 247.8 249.9 252 255.7 260.8 262.8 265.5 270.3 274.3 277.4 280.9 284.7 287.8 290.9 297.4 301.7 309.4 316.1 315.5
199.5 197.2 199.5 199.4 200.4 200.9 200.1 204.6 203.7 201.5 199.8 201 202.1 200.9 200.4 201.8 202.3 201.6 195.1 192.2 189.2 185.7 186.8 184.8 180.4 182.3 190.6 190.3 187.9 188.7 190.9 193.6 194.9 195.3 194.2 194.6 195.1 198 201.6 204.5 205.1 205.6 205.7 208 210.9 209.2 209.9 216.6 223.2 227.5 230.2 232.1 231.9 234.1 235.7 237.3 239.8 243.5 246.2 248.4 250.6 252.9 255.7 260.8 262.8 264.6 269.3 274.5 278.3 281.4 285 288.1 291.3 294.9 299.5 306.3 314 312.1
197.9 194 196.4 197.1 195.3 194.9 195.9 201.6 201.6 200.2 198.1 197.7 198.3 198.7 199 200.4 201.2 199.4 197.3 191.8 185.7 184.1 183.6 184 184.7 179.3 184.3 184.1 184.9 183.8 186.3 189.9 194.5 195.1 194.1 194.3 194.7 196.3 199.1 202.1 202.3 204.5 204.9 204.4 206.9 206.5 209.3 214.7 220.3 223.5 226.4 228.9 230.9 233.3 235.8 238.1 240.1 244.3 247.1 249.1 251.1 253.1 255.4 260.3 262 263.6 268.3 273.6 277.7 281.5 285.1 287.9 289.2 291 295.6 302 305.4 307.8
199.5 194.1 193.4 193.4 191.5 193.1 193.9 196.6 198.8 198.9 197 196.4 196.2 196.2 197.1 198.1 199 199.2 200.3 199.8 190.1 183.3 181.2 181.2 182.1 179.7 180.7 181.4 182 181.3 183.7 188.3 192.8 194.3 195.7 196.4 196.7 197.4 199 199.7 200.4 202.4 203.8 202.9 203.4 205.1 207.1 211.2 214.8 218.1 222.9 226.5 229.4 234.2 236.7 238.4 240.4 243.6 246.2 248.5 250.4 252.4 255.4 257.9 259.9 262.8 267.2 272.4 276.7 280.3 283.9 285.7 287 288.3 290.8 295.5 299.6 303.1
197.4 193.4 192 190.6 189.8 193.1 195.5 195.6 195.9 195.1 196 195.3 195.8 194.9 195.4 195.9 196.4 197.1 196.6 199.1 194.9 186.8 180.8 179.5 179.1 179.1 179.6 180.2 180.6 180.2 181.3 185.5 190.2 193.5 197.5 198.5 198.8 198.7 199.4 200.1 200.7 200.9 201.3 200.6 201.1 203.1 204.8 207.2 210.6 217.1 220.9 224.2 228.1 233.4 236.3 237.8 240.3 242.5 244.8 247.4 249.8 252.1 255.3 256 258.7 261.1 264.6 269.6 273.9 278.2 281.3 282.7 284 286.2 289.9 294.5 296.6 299.2
195.2 193.8 191 189.7 189.1 192.3 195.9 195.5 194.3 193.6 193.3 192.2 193 194 194.5 195 195.5 195.9 195.2 195.6 193.9 188.3 180 177.4 177.4 177.4 177.7 179.1 179.6 179.6 182 185.5 188.2 193.1 197.1 199.8 199.2 199.3 199.8 200.5 201 201.2 201.1 199.7 200.7 203.7 204.3 208 214 219.4 222.2 225.1 228.1 233 235.1 237.6 240.2 242.4 244.8 247 249.2 250.7 252.5 254.3 255.8 258.4 261.2 265.5 269.7 274 276.8 279.5 282.1 284.5 290.2 295.4 294.3 295.3
194.2 194.4 193 190.2 189.2 190.8 193.5 193.8 192.3 190.8 191 189.8 190.6 192.8 193.6 194.1 194.6 194.8 194.6 194.4 192.8 190 179.8 176.3 175.9 175.6 175.2 176.4 180.8 184 186.6 186.7 189.4 190.7 192.7 194.5 196.1 198.2 200.3 200.9 201.3 201.2 200.7 199.4 201.6 204.9 206.7 208.5 211.3 217.7 223.1 225.7 229.1 232 235 237.5 240 242.2 244.6 247 248.9 249.7 250.7 252.5 253.9 255.1 257.5 261.2 265.4 269.4 272.5 275.2 277.8 282.8 289.8 293.9 291.5 293.7
