webserver/python/data/NX85.asc
ncols 200
nrows 200
xllcorner 280000
yllcorner 550000
cellsize 50
[rows 78 to 116 of 200, columns 0 to 88 of 200]
12.2 11.2 10.5 10 10.4 10.8 10.7 11.1 11.8 12.7 13.1 13.9 14.8 15.8 16.1 19.5 18.1 20.2 24.5 20.4 19 19 21 20.2 20 28.6 43.2 49.4 50.4 45.6 44.8 40 26.9 22.5 25.2 28.4 24.9 29.5 35.6 43.5 49.5 55.4 61.5 73.9 80.4 81 80 76.4 71.5 59 51.9 47.2 36.9 32.3 22.5 18.1 12.6 8.4 6.3 5.1 4.7 4.5 4.5 4.7 5.4 4.6 2.7 0.6 -3 -3 1.6 6.1 8.5 11.3 15.3 22.5 29.2 35.5 42.4 50.6 54.7 52 50.7 47.2 46.3 48.4 52.4 57.8 59.9
11.8 11 10.3 10.2 10.9 10.7 10.6 10.6 10.7 10.9 11.5 12.1 12.9 13.7 14.4 16 17.6 21.6 25.1 26 22.2 20.2 19 19.9 20.6 21.2 29 39.1 46.4 44.1 45.1 44.3 26.3 23.2 28.3 34.9 31.4 29.2 35.1 44.7 54.8 64.1 65.8 69.4 78.4 81.8 82.8 80.1 75 68.5 58.1 44.8 42.1 42.3 30.5 23.1 17.1 11.8 7.6 5.6 5.6 5.1 4.9 5 4.6 3.4 1.2 -0.9 -3 -3 2.4 6.6 7.7 10.1 14.5 19 26 31.6 37 44 49.7 50.1 47 44.7 44.5 46.8 53.2 62.2 67.6
11.7 10.8 9.8 10.3 10.9 10.6 10.4 10.5 11.6 11.2 10.7 11 11.7 13.2 14.5 14.1 17.1 22 24 24.2 24.8 25 19.8 21 19.3 23.6 24 25.4 31.3 34.4 45.2 46.1 26.5 23.2 29.3 32.5 32.3 29.3 36.6 48.6 53.6 62.8 70.3 71.1 76.5 86 86.1 80.9 78.2 73.9 65.1 42.4 46.7 53.6 41.8 33.7 24.3 16.6 11.6 7.5 6.9 5.1 5 5 4.3 2.3 0.2 -3 -3 -3 2.7 5.5 5.8 8.6 13 16.7 21.7 26.7 32 38.3 44.1 47.2 45.2 43.9 43.4 46 54.3 70.3 78.1
10 9.2 9.4 10.2 10.3 10.3 10.4 11.4 12.1 11.9 11 10.7 11.4 12.5 14.4 14 17.5 21.2 22.6 22.3 24.6 26 24.5 25.6 23.7 26.4 27.1 26.5 28.5 32.8 39.6 38.2 32.3 22 25.5 28.9 30.2 28 34.2 45.9 52.4 62.5 65 74.4 78.9 85.9 86.7 83 78.3 75.5 68.8 43.9 39.4 58.7 55.2 45.4 35.9 24.9 17.5 12.9 8.9 6.3 5 4.8 3.1 1 -1 -3 -3 0.5 4.3 5.6 6.5 8.8 13.2 15 20.3 23.2 27.4 33.5 40.1 45.1 45.1 43.8 44.1 44.9 59.3 73.3 83.1
11.4 10.6 9.6 10.9 10.2 11 10.4 11.1 11.2 11.8 10.9 10.4 11.2 11.9 13.5 14.6 16.1 18 19.7 20.4 24.3 26.2 27 27.3 28.5 29.7 30.6 32.2 35.5 28.9 33.6 36.1 34.9 21.8 22.8 29.3 28.7 26.1 30.1 40.3 48.1 54.3 63.3 76.2 85.2 84.8 87 84.4 79.6 75.2 69.6 50.6 36.7 54.4 60.5 54.9 46.9 35.8 27 18.8 11.9 8 5.7 4 1.8 -0.3 -3 -3 -3 2.1 5.9 5.9 7.3 9.3 13.6 17.9 19.8 20.1 25.2 30.1 35.2 40.6 42.5 45.1 46.1 46.5 58.8 73.9 85.9
12.5 11.4 9.8 9 11.1 10.3 9.2 10.5 10.4 11.2 10.9 10.6 10.7 11.3 12.6 14 15.3 16.2 18 20.9 23.4 28.7 29.2 30.4 31 30.8 32.9 33.4 35.9 34.9 32 29.1 30.2 20.4 21.5 28.6 25.8 21.9 27.5 36.2 41.2 49.2 58.2 70.9 82.6 89.4 91.5 85.1 79.4 73.3 67.3 55.4 32.9 41.8 59.2 59.1 55.1 49.5 34.8 22.9 15.9 8.4 5 2.3 0.1 -3 -3 -3 0.8 3.3 5.3 6.5 7.6 9.7 13.2 18.5 23.7 22.4 24.1 27.2 31.2 36.5 39.7 44 45.7 48 57.3 75.1 87.6
15.2 13.8 10.5 9.2 10.9 9.1 9.5 10 10 10.6 10.9 10.5 10.4 10.5 11.9 13.4 15 15.5 17 20.7 24 31 31 30 30.1 30.9 32.7 31.8 32.3 33.7 33.5 28.7 24.4 20.1 18.1 20.5 18.8 17.6 29.2 44.7 43.8 49.1 59.2 68.8 80.2 93.4 96.9 89.5 82 72.2 65.1 57.8 32.9 28.4 49.5 60.3 61.1 57.8 45.5 28.6 19.3 15.3 4.3 1.3 -3 -3 -3 0 2.5 4.9 6.4 7.1 7.9 9.9 13.4 17.8 22.6 27.1 25.1 26.2 28.9 33.5 41.8 44.6 45.3 50.6 60.6 71.2 88.3
19.4 15.6 11.7 9.3 8.9 9 9.4 9.5 9.6 9.9 10.1 10 10.8 10.5 10.3 11.9 13.6 13.9 14.6 18.2 21.3 26.1 29.9 29.9 29.4 29.6 29.1 28.1 30 30.8 35 32.4 24.2 20.6 15.7 13.9 15.3 16.4 26.7 44.3 45.1 51 62.3 71.6 81.8 93.1 100.9 95.6 84 73.8 62.5 56.2 37.7 25.2 30.2 51.4 59.6 61 53.7 32.6 21.7 17.3 13.5 -3 -3 -3 -1.1 0.6 2.5 4.5 5.8 6.6 7.4 8.5 11.4 16.9 21.2 28 25.5 26.1 28.7 34.1 41.8 45.5 51.1 55.1 65.4 71.8 78.7
28.1 17.7 11.8 8.8 8.8 8.9 9.1 9.1 9.1 9 9.1 9.8 10.7 9.7 9.1 10.3 11.9 13.3 14.2 15.8 19.6 24 26.6 28 29.5 31 31 30.6 31.4 31.2 31 30.7 23.7 20.9 14.8 13.9 14.2 15.6 25.9 38.9 44.8 53.1 56.5 67.9 80.1 92.3 100.4 97.5 82.2 73.4 59 51.8 41.4 23.1 20.5 28.4 45.3 56.8 57.2 32.8 20 15.3 12.6 -3 -3 -2 -0.6 0.9 2.4 3.9 5 5.7 6.4 7.4 10.4 15.8 20 24 24.9 25.8 29.4 33 40.9 47 53.4 60.9 71.5 77 79.3
35.3 22.6 14.1 9 9 9 9 9 9 9.1 9.2 9.5 9.6 9.6 9.4 9 10.4 12 15.2 16.9 18.3 21.1 23.6 25.9 28.6 30.4 32.8 32 32 29.9 29 27.5 23 19.2 14.3 13.9 13.9 13.8 16.9 31.1 41.6 47.7 52.4 61.5 69.1 82.4 94.3 95.3 82.8 72 57.8 48.1 40.8 22.3 14.8 16.9 31.7 53.1 59.5 44.9 23.4 12.2 5.9 -3 -3 -1.5 -0.1 1 2.2 3.4 4.3 4.3 4.6 7.6 11.2 14.4 18.3 20.5 23.8 28.3 30.2 31.9 42.6 47.7 53.7 61.6 72.9 81.7 84.8
41.9 28.5 16.2 9 9 9 9 9 9 9 9.2 9 9 9 9.1 9 9 12.2 16 15.6 17 19.2 21.4 25.9 27.2 28.9 30.5 32.6 33 30.7 28.3 25.7 22.2 17.8 14.3 13.1 12.5 12.3 16 23.8 34.2 40 43 58.8 60 73.2 88.1 89 80.5 68.6 55.6 43.1 36.5 18.3 12.7 12.2 13 35.6 57.8 51.8 30.5 11.8 3.6 -3 -3 -1.5 -0.4 0.8 2 3.1 4.2 5.5 6.3 8.3 10.6 12.8 16.8 21.8 26.1 31.3 33.9 37 44.3 48.9 55 61.9 71 79.5 86
48.6 30.5 16.5 9 9 9 9 9 9 9 9.2 8.7 8.5 8.7 8.8 8.7 9.8 13.8 15.9 15.8 15.1 17.6 20.5 26 26.7 28.3 29.6 32.1 32.9 30.8 26.6 27.2 24.4 18.5 14.1 12.1 11.2 11.3 14.6 17 23.5 35.8 43.2 54.3 56.5 62.7 74.2 75.3 75.4 66.7 53.4 38 30.9 18.1 11 10.5 10 11 36.2 51.9 38.4 12.1 1.9 -3 -3 -1.4 -0.3 0.6 1.5 2.4 3.4 5.1 7.2 7.5 10 12.5 17.6 21.7 26.3 30.5 34.3 41.7 50.4 51.3 55.9 65.2 71.6 78 78.9
43.2 23.2 18.2 10.2 8.8 8.9 8.9 8.9 8.9 9 8.9 8.7 8.4 8.7 8.5 8.2 9.4 13.1 16 16 14.4 17.8 19.9 22.8 26 28.4 30.3 29.2 30.1 29.3 24 24.3 23.2 19.9 15.5 14.5 12.1 10.7 12.4 12 18.5 34.6 36.4 53.5 51.8 57.6 63.9 67.2 70.2 63.7 49.8 39.5 28.5 15.1 9.3 8.5 8 7.2 17.2 41.1 37.4 20.5 7.1 -3 -3 -2.2 -1.3 -0.4 0.4 1.3 2.3 3.9 4.9 5.9 9.1 12.1 16.2 22.9 24.5 27.3 36.3 44.7 49.5 53.2 54 65.2 78.2 77.1 75.9
29.1 25.7 11.6 9.4 8.7 8.7 8.7 8.8 8.9 8.9 8.7 8.6 8.5 8.7 8.7 8.6 9.2 11.6 14.8 13.9 13.9 18.1 22.1 24.6 24.6 29.5 29.6 29.5 30.3 30.7 26.7 21.9 19.5 16.6 15.6 16 11.9 9.8 9.9 10.6 14.7 27.7 27.4 53.9 48.8 52.8 57.1 60.5 65.7 62.8 44.3 36 26.2 15.1 7.6 7.1 6.8 6.4 6.1 23.5 36.6 28.9 9.1 -3 -3 -3 -2.4 -1.5 -0.6 0.3 0.9 3.5 4.3 5.7 8.1 12 16.4 23.1 26.9 30.7 34.1 44.2 54.5 54.1 56.5 63.8 82.4 81.2 73.8
26.3 21.1 13.2 9.8 8.5 8.6 8.8 9 8.9 8.7 8.6 8.5 8.5 8.7 9 9.3 10.4 11.6 13.9 13.9 13.9 17.8 21.5 24.6 25.5 28.4 30.7 32.3 34.9 33.8 30.8 29.5 23.1 17.6 15.9 14.9 10.9 9.5 10.1 11 13.2 21.7 29.6 39.2 48.4 49.8 48.9 49.4 60.4 55.9 43.7 29.3 20.8 14 7.1 6.9 6.6 6.1 5.6 9.6 22 22.6 10.5 -3 -3 -3 -3 -2.5 -1.6 -1 -0.4 3.1 4.4 6.2 7.9 13.7 18.9 25 28.7 33.8 36.7 41.9 48.2 53.1 55.7 59.6 71.4 81.5 75
20.4 17.6 12.1 10.1 8.9 8.9 9 8.9 8.7 8.6 8.4 9.2 9.4 9.8 10.2 9.8 9.4 10.5 13 15.5 16 19 19 21.6 25.4 28.1 30 35.1 34.1 33.9 34.8 27.4 25 17.5 15.1 13.1 10.5 9.7 10.5 11.3 12.2 24.6 40.9 46.3 50.5 52.6 52.7 45.5 44.3 50.4 48.9 34.9 23.8 15.1 7.1 6.6 6.1 5.8 5.6 5.2 8.1 8.2 5.8 -3 -3 -3 -3 -3 -3 -3 -3 -3 4.3 4.3 9.1 15.2 19.6 28.7 32.2 35.1 38.3 44 46.7 51.4 54.7 60.1 71.3 85.3 81.1
14.9 12.9 11.3 10.2 9.5 9.1 8.9 8.7 8.6 8.4 8.2 10.2 10.8 10.9 11.3 10.5 9.5 9.2 11.3 14.4 17.5 20.8 19.9 24.1 26.3 29.6 28.9 33.3 35.1 34.2 35.6 31.9 22.5 17.4 13 11.4 10.5 9.7 9.7 10.2 10.8 25.3 40.6 51.8 56.7 57.7 56.8 44 38.6 40.7 41 32.2 24.4 11.4 6.8 6.3 6 5.7 5.5 5.1 5.4 5.2 5.3 5.4 -3 -3 -3 -3 -3 -3 -3 -3 -3 1.7 7.9 17.3 23.3 28.9 33.5 36.2 41.5 45.6 58.9 59 60 64.6 74.3 80.6 74.4
15.4 11.8 11.1 10.4 9.7 9.2 9.5 9.6 9.4 9.3 10.1 9.9 11.8 11.6 13.2 12.8 10 9.2 9.5 13.9 18.1 19.4 23 25.5 28.3 30.1 29.8 30.6 35.3 37.2 33.9 33.4 26.6 19.3 13.2 11.1 10.1 9.6 9.6 9.6 10 18.2 33.4 46.9 55.2 60.4 54.3 50.8 36 35.1 32 24.4 18.4 9 6.5 6.3 6.1 6 5.9 5.6 5.3 5 5.7 5.3 4.7 0.5 -1.9 -2 -2.2 -3 -3 -3 -3 -3 4.2 20.5 24.9 31.9 38.4 39.1 41.4 46 63.8 70.1 65.8 71.7 77 74.6 71.2
16.3 13.5 11.3 10.6 9.7 9.5 9.5 9.8 10 11.2 14.3 13.7 12.5 12.4 16.6 15.5 11.9 10 10.7 13.5 18.9 24.2 23.8 26.2 30.6 33.7 34.9 33.3 34.5 33 31.5 31.3 28.1 21.8 14.7 12.1 10.4 9.6 9.4 9.7 10.7 19.2 31.4 44.5 51 54.5 56.1 51.8 38.6 33.2 30.7 20.3 13.2 7.8 6.1 6 5.9 5.8 5.7 5.8 5.5 5.1 4.4 4.9 4.3 0.7 -0.2 -0.3 -1.3 -2.4 -3 -3 -3 -3 3.3 18.5 24.8 32.8 41 39.8 41 46.3 58.1 70 72.6 77.9 88.6 80.5 78.1
16 12.9 10.8 10.3 10 9.8 9.6 9.8 10.2 9.8 16 15.4 14.7 14.7 20.7 20.4 12.9 12.1 13.1 14.2 18.7 30.3 33.4 33.5 36.8 39.8 42.2 41.5 38.5 34 32.4 29.6 25.7 20.9 16.4 13.6 10.7 9.8 9.4 10.1 14 17.2 34.4 42.3 52.5 57.1 57.9 47.2 36 33.4 34.3 25.8 10.6 6.6 5.4 5.4 5.7 5.6 5.3 5.2 4.9 4.6 4.3 4.7 4.3 2.2 1.3 0.6 -0.4 -1.5 -2.6 -3 -3 -3 4.2 9.3 25.7 30.9 39.8 40 41.4 47.4 55.4 67.5 81.7 82.3 91.1 91.1 85.1
14.3 12.4 10.4 8.9 9.7 9.8 9.9 9.9 10.4 13.6 16 15.8 15.9 16.3 23.9 24.4 16.8 13.3 13.8 16.5 17.9 26.8 40.1 42.6 44.9 45.5 48.9 51 49 39.8 39.5 33.8 29.1 22.4 16.3 13 12.4 11.2 10.2 12 21.1 22.2 35 45.6 51.9 56.3 64.2 50.1 41 34.6 33.6 26.7 10.1 5 5.6 5.3 5 4.8 4.3 4.3 4.3 4.3 4.3 4.3 5.5 3.6 2.6 1.5 0.4 -0.6 -1.7 -2.8 -3 -3 3.9 11 23.7 29.9 34.7 37.8 41.9 49.6 55.1 63.6 79.2 89.1 87.9 94.2 91.9
12.9 11 8.4 8 9.3 9.4 9.5 9.7 12.2 15.6 16 15.9 15.9 17.8 25.2 26.2 21 14.8 15.9 19.1 20.8 23.1 35.7 47.7 50.8 44.6 48 53.5 56.7 50 45.8 46.1 37.9 30.2 23 15.3 16 12.7 10.4 13 30.4 32 36.7 45.1 53.9 59.1 57.6 50 45.1 39.8 30.8 24.5 11.4 5.1 4.9 5.4 4.4 4.3 4.3 4.3 4.3 4.3 4.3 4.3 10.2 7.7 3.5 2.4 1.2 0 -1.2 -2.4 -3 -3 4.3 9.6 18 30 33.5 40 44.6 51 58.4 67.4 76.8 88.1 94 97 96.2
10.9 9.3 8.5 8 8.6 9.1 9.3 9 10.9 12.6 13.4 14.1 14.5 18 24 26.5 24.8 19.3 18 19 22.9 22.8 28.9 38.9 47.7 47.3 44 49.5 54.1 56.1 52.8 55 49.5 37.4 27.9 16.9 14.3 12.2 9.5 11.9 25.8 38.4 41.2 43.2 50.9 60.9 54 52.4 50 45.4 34 25.7 15.8 6.9 5.8 4.9 4.3 4.3 4.3 4.3 4.3 4.3 4.3 4.3 20.1 13.1 3.9 2.6 1.4 0.2 -1 -3 -3 -3 5.3 11.5 17.2 27.5 38.7 47.6 54.6 56.9 62 67.4 74.8 85.5 93.7 104.2 97.2
10.2 8.7 8 7.5 7.9 8.5 9.3 9.5 9.5 9.5 9.6 10.5 12.5 17.1 22.4 28.9 29.5 23.5 20.3 24.5 25.8 23.9 23.9 31.1 39.5 39.8 39.6 45.1 51 56.1 54 58.2 60.8 47.5 32.2 22.6 15.1 10.8 9.7 10.4 13.9 41.1 44.2 45.9 49.4 60.2 53.1 54.6 56.9 55.4 44 35.3 24.5 9.3 5.4 4.3 4.3 4.3 4.3 4.3 4.3 4.3 4.3 4.3 22.3 21.8 4.8 3.2 2 0.5 -0.8 -3 -3 -3 5.5 14.2 21.5 27.7 41.1 50.9 60.8 62.8 64.6 68.4 75.8 81.6 91.5 109.7 98
12.3 8.4 7.3 7 8 8.9 9.3 9.2 9.2 9 9.2 10.1 11.8 15.8 22.2 29.1 29.5 27.7 24.5 27.1 31.1 24.6 22.5 25.3 30.9 36.4 37.8 42.6 48.2 53.1 54.7 59.5 60.7 52 37.6 28.9 20.6 12.2 10.1 9.6 11.1 26 36.5 42.4 46.5 47.9 50.1 56.5 61 62.4 55.5 44.7 36 15.5 4.3 4.3 4.3 4.3 4.3 4.3 4.3 4.3 4.3 4.3 12.9 21.6 12.3 4 2.6 0.9 -0.8 -3 -3 -3 3.9 15.5 23.4 28.9 38.9 49.8 65.9 66.4 65.2 70.9 75.7 79.8 88.6 106.9 97.1
15.7 11.4 7.9 6.9 8.2 8.5 9 9 8.9 8.9 9.3 11.2 11.5 14.4 22.3 28.6 31 30.2 27.9 29.7 30.5 27.8 23.3 22.8 24.3 31.9 35.6 40 44.8 49 56.4 61 61 57.3 43.5 33.6 22.2 12.7 10.3 10.1 10.1 17.2 29.5 35.1 40.7 44.7 52.1 61.4 65.1 65.4 62.2 48.6 41 22.6 6.9 4.3 4.3 4.3 4.3 4.3 4.3 4.3 4.3 4.3 4.3 17.9 16.7 13.6 3.7 1.5 -0.8 -3 -3 -3 3.8 13.7 26.2 36.9 38.2 51.3 69.6 68.9 69 69.2 72.1 81.9 87.8 97.1 95.8
17.2 10.2 8.1 7.3 8.4 8.6 8.6 8.7 8.7 9 9.4 11.2 11.6 13.5 20.8 27.5 31.1 31.2 29.8 29 31.4 31 25.1 23.2 23.6 28.1 33.9 38.7 45 47.3 51.6 57.3 61 55.7 47.3 38.7 21 13.1 10.1 9.8 11.2 12.8 22.3 31.1 37.8 48.8 53.8 60.8 65.4 64.8 59 54 42.6 29.5 11.7 4.3 4.3 4.3 4.3 4.3 4.3 4.3 4.3 4.3 4.3 18.2 21.7 24.8 6.4 2.1 -0.5 -3 -3 -0.6 3.4 13.1 26.1 32.5 39.7 48.9 68.8 71.1 70.8 69.9 68.6 77.3 86.1 91.1 89.8
15.8 8.9 8.2 8.1 8.8 8.7 8.6 8.6 8.6 8 8.4 9.3 10.1 13 18.6 25.7 31.2 32.9 31.9 30.3 29.8 30.3 24.6 22.7 20.9 23.3 27.9 33.5 39.7 45.7 51 57.2 59.7 59 51 44.7 24.7 15.2 11.2 8.9 11.4 13.5 21.2 26.8 34.6 49.8 56.1 55.3 61.7 65.2 63.1 52.5 40.5 31.6 15.1 5 4.3 4.3 4.3 4.3 4.3 4.3 4.3 4.3 4.3 10.5 23.4 20.3 4.7 2.2 -0.4 -3 -3 -0.9 2.6 10.4 24.8 34.3 40.8 45 59.8 72.4 73 71.4 69.5 68.9 80.6 85.5 85.1
20.3 10.8 8.4 8.7 8.2 8.2 8.7 8.7 8.6 7.7 8 9 9 11.4 17.2 23.4 30.5 35 34.7 31.1 29.4 30.1 27.8 25.6 21.2 19 21.4 26 31.4 37.2 45.3 55.2 63.9 60 56.1 46.2 30.6 16.8 11.4 8.8 9.8 12.6 19.4 24.2 30 44.4 54.5 52.8 56.2 60.6 64.4 60.3 44.6 37.1 21.8 8.9 4.3 4.3 4.3 4.3 4.3 4.3 4.3 4.3 4.3 10.4 16.4 19.7 11.5 3.3 0.5 -3 -3 -1.2 1.8 5.2 22.6 35.1 41 47.3 60.1 78.1 78.2 76.4 71.1 68.9 73.4 78.4 79.9
23.8 16 10 8.7 8.3 6.8 8.4 8.6 8.6 8.2 8.1 8.6 8.9 9.5 15.4 21.3 28.7 36.1 36.1 34.5 32.6 33.1 32.2 29.3 24.1 19 19 21.5 24 30.7 37 51.1 60.8 62.1 51.2 45.4 33 17.9 12.2 8.8 8.1 10.5 14.3 21.8 24.2 37.2 47.1 48.9 48.9 53.9 56.6 56.8 51.9 34.2 22 10.1 4.3 4.3 4.3 4.3 4.3 4.3 4.3 4.3 4.3 4.3 4.3 12 12.7 3.9 1.3 -1.1 -3 -3 1.7 6.3 19.2 35.4 42.8 47.7 60.8 90.4 89.7 83 70.3 66 62 70.2 72.3
25.9 18.3 11 8.4 7.9 7.3 8.3 8.5 8.5 8.6 8.5 8.5 8.6 9.1 13.5 19.5 26.5 32.5 35.5 34 35.5 35.1 35.4 30.8 24.5 19.7 18.6 14.9 16.7 23 26.3 41.6 53.4 59.9 47.7 38.7 33 20.2 13.3 8.3 7.8 8.1 8.9 15.2 21.4 33.4 43.6 45.9 53.9 58.7 48.9 49.5 40.7 30.9 23.2 15.2 5.3 4.3 4.3 4.3 4.3 4.3 4.3 4.3 4.3 4.3 4.3 4 4.1 3.7 1.5 -1 -3 -3 1.6 5.1 19 34.9 43.2 48.5 56.5 79.2 98.8 79.6 67.3 63.8 59.1 52.8 57
24.6 19.3 11.1 8.9 7.5 6.6 6.8 7.8 7.6 7.8 8.6 8.5 8.4 8.9 11.7 17.6 23 27.7 31.1 31.6 35.8 34 34 28.9 24.8 20.8 16.5 13.2 13.1 14.2 19.7 28.4 41.7 53.5 45.1 35.9 31.9 25.4 15.2 8.8 7.7 7.7 8.7 11.2 17.4 29.5 39 47.1 61.1 63.2 58.3 50.9 45.5 37.5 29.6 24.2 12.9 4.3 4.3 4.3 4.3 4.3 4.3 4.3 4.3 4.3 4 3.3 2.7 2.6 1.2 -1 -3 -3 1 3.5 13.8 30.6 46.8 41.1 47.9 62.5 91.3 76.8 64 59.8 59.1 51 47.8
28.9 22.5 14.1 10.6 7.3 5.9 6.7 7.7 6.3 7.5 8.5 8.5 8.4 9.2 11.8 17.4 20 23.9 27.6 29.6 32.2 36.1 34.7 36.1 32.4 23.2 19.2 14.3 13.1 11.9 11.3 16 27.8 37 40.4 31.6 29.1 24.5 15.7 8.9 7.9 7.4 7.2 9 13.3 25 37.5 49 61.6 67.7 66.1 60.1 54.8 48.9 44.7 37.5 28.6 8.8 4.3 4.3 4.3 4.3 4.3 4.3 4.3 3.9 3.3 2.7 2 1.2 1 -1 -3 -3 0.5 2.9 4.6 16.3 32.9 34.7 41.1 48.9 75.9 72.3 60.6 54.5 50.9 46.1 42.9
33 24.4 16.8 10.4 8.3 7.2 7.8 8.4 6.2 7.8 8.6 7.7 5.3 6.9 9.8 20.3 21.1 22.7 24.6 27.4 29.6 35.6 35.6 35.9 38.6 36.2 28.1 20.1 16.6 12.6 10 9.4 13.7 25.1 30.9 28.8 28.8 23.8 15.4 9.6 7.1 6.7 6.5 7.3 12.1 22.3 35.9 50.4 64.6 75.1 73.7 69.4 62.7 62.3 65.6 52.7 40.5 17.8 7.3 4.3 4.3 4.3 4.3 4.3 3.9 3.2 2.6 2 1.3 0.7 -0.2 -1 -3 -3 0.1 2.4 3.9 4.8 20.3 28.2 33.9 39.4 59 66.9 53 47.2 44.5 41.7 38.9
35.1 28.9 21.1 12.1 8.4 7.2 7.9 8.5 7.2 6.1 7.6 6.2 5.2 5.5 10.1 20.7 20.6 19.6 21.3 24.5 30.1 35.4 40 39.6 38.9 43.2 42.9 29.8 20.6 15.9 9 6 6.2 10.1 22.4 23.6 22.1 17.6 16.3 11.2 5.7 6.2 6.6 6.8 8.9 19.8 33.2 48.9 64.2 76.2 77.8 74.6 73.3 74.4 82 64.2 51.4 32.4 13.6 4.3 4.3 4.3 4.3 3.8 3.2 2.5 1.9 1.3 0.7 0 -0.6 -1.7 -3 -3 -0.2 1.2 2.5 4 7.9 17.5 24.2 30.7 40.5 52.4 50 44.3 42.6 41 34.3
33.7 30.8 20.2 13.7 9 7.2 7.9 8.7 9.4 9.1 7.1 5.1 6 5.3 11.4 21.5 21.3 19.2 19 20.3 27.6 32.1 38.5 45.3 38.9 41.2 42 39.3 26.3 23 13.7 7.3 5.4 4.4 8 14.2 16.5 14.3 11.9 10 8.2 6.4 6.4 5.6 7.4 13 25.3 42.5 55.1 69.6 78.4 80 77.7 78.8 78.8 75.9 60.4 42.2 28.4 7.2 4.3 4.3 3.8 3.1 2.5 1.9 1.2 0.6 0 -0.7 -1.3 -1.9 -3 -3 -1 0.6 2.1 3.6 7 9.4 13.4 23.1 30 36.6 43.1 41.9 40.8 40.3 33.2
36 26.6 20.5 16.9 11.9 9.1 8.8 9.1 9.9 8.9 4.4 6 5.4 3.9 14.1 22.7 23.2 19.8 15 16.1 21.1 29.9 33.2 40.5 40 36.6 41.2 39.9 29.7 31.6 27.7 15 7 3.9 3.4 6.7 9.4 9.5 8.2 6.6 5.5 4.7 4.9 5 7.3 10.9 22.1 34.4 46.1 60.2 70.2 75.2 78.2 84.4 80.2 75.7 67.5 56.5 38.2 14.8 4.3 3.7 3.1 2.4 1.8 1.2 0.6 0 -0.6 -1.2 -1.8 -2.4 -3 -3 -1 0.5 1.8 3.1 4.2 6.6 6.9 15.3 24.2 30.6 34.8 38.1 37.8 35.7 35
41.3 28 19.7 14.9 11.5 9.7 10 11 10.2 9.2 6.4 7.5 6.3 5.4 11 22.9 20.2 17.9 15 12.9 15.3 20.7 27.3 32.1 40 33.5 35.9 35.5 31.1 32.1 36.1 22.2 11.8 5.6 5.2 4.6 4.7 6.3 5.1 3.9 3.7 3.6 3.4 4.9 7.7 10.9 16.6 31.4 41.3 53.5 65.5 74.3 80.4 85.2 83.3 78.4 81.3 68.7 42.9 21.6 4.2 3.6 3 2.4 1.8 1.2 0.6 0 -0.6 -1.2 -1.8 -2.4 -3 -3 -1.2 0.2 1.5 2.4 3.4 4.3 7.4 8 15.4 33 28.3 29.1 32 31.2 40
43.1 32.2 24 13.8 10.8 10.7 11.3 10.7 9.9 9.1 7.9 3.9 5.6 7.3 7 17.3 21.1 14.6 12 9.9 8.7 11.9 18.9 24.3 32.2 30.4 32.7 33.1 30.4 30.4 35.3 31.8 18.2 7.1 5.8 5.5 5.2 5.2 4.6 4.3 4.1 4.1 4.7 5.9 7.9 10.8 18.2 30.1 38.4 49.6 61.5 74.2 81.3 85.2 88.8 87.9 88.2 78.4 51.7 23.4 4.3 3.7 3.1 2.5 1.9 1.4 0.8 0.2 -0.4 -1 -1.7 -2.4 -3 -3 -1.1 -0.2 0.8 1.9 3 3.8 4.6 4.3 4.3 16.3 22.9 25.3 25.7 26.2 29.8
