webserver/python/data/NY06.asc
ncols 200
nrows 200
xllcorner 300000
yllcorner 560000
cellsize 50
[rows 40 to 79 of 200, columns 0 to 89 of 200]
18.4 17.7 18.9 20.8 24.4 28.1 34 41.6 46.8 50 52.1 53 54.7 56.2 58.5 60.6 62.3 64.2 67.7 72.4 75.4 77.5 79.6 80.8 82.4 82.6 82.9 84 87.9 96.8 100 98.1 92 81.5 72.1 65.1 61.9 58.6 56.6 55.1 55.3 55.8 56.4 58.3 61.9 65.8 71.9 76.9 80.2 80.7 80.7 79.4 75 67.8 57.3 44.4 31.6 19 9.9 8.9 8.7 8.7 8.8 7.5 4.8 7 8.1 8.8 8.1 8.7 8.7 8.7 8.8 8.9 9 9.1 9.2 9.5 10.6 12.2 12.3 12 12.4 12.4 12.3 12.2 12.1 11.5 10.6 10
18.9 19 20 22.4 26.4 30.7 36.7 45.6 51.7 54.7 57.6 58.6 59.5 60.6 62.3 63.6 64.5 66.2 68.6 73 75.6 76.8 77.3 78.3 78.9 79.4 80 80.7 83.4 91.6 94.5 94.6 89.9 82.5 73.7 66.2 62.7 59.8 57.7 55.8 55.4 55.7 56.4 58 61.4 64.8 71.5 76.2 80 80.1 79.6 78.1 74 66.8 56.9 44.3 31.6 19.4 10.2 9.2 8.4 8.7 8.9 8.7 8 7 7.6 5.6 8.8 8.7 8.7 8.8 8.9 9 9.1 9.2 9.2 9.4 9.9 11.5 11.9 10.8 11.8 12.1 12.5 12.3 12 11.4 10.5 9.9
18.9 20 21.2 25 29.8 34.8 41.7 49 54.8 59.7 62.7 63.9 64.4 64.9 66.3 68 68 69.3 70.9 74.5 76.4 75.6 74.7 75.2 75.7 76.3 76.7 77.5 80.6 85.7 89.5 89.5 87.3 81.8 74.1 67.2 62.6 60.8 58.4 56.2 55.4 55.6 56.3 57.7 61 63.7 69.4 74.5 78.9 79.6 79 77 72.7 65.6 56.6 44.9 32.3 19.8 10 9.1 8.5 8.4 8.6 8.8 8.4 6.9 7.5 7.3 5.1 8.7 8.9 9.1 9.2 9.2 9.3 9.3 9.4 9.3 9.3 9.8 10.1 10.6 10.4 10 10.2 10.3 12.1 10.6 9.6 9.5
18.1 20.5 22.5 27.1 32.6 38.6 45.8 53.4 64.2 68.5 71.4 71.5 70.2 69.2 70.1 71.9 72.9 74 75.1 76.3 78.6 76.6 73.5 72.5 72.1 72.4 72.7 73.6 76.7 80.4 84.6 84.4 83.8 80.1 74.6 67.9 62.3 60.7 58.8 56.5 55.4 55.6 56.2 57.5 60 62.7 67.6 72.9 77.6 79.5 78.2 75.2 70.4 63.9 55.6 45.3 32.8 19.7 10.3 8.9 8.6 8.5 8.6 8.7 8.8 4.5 6.2 6.5 7 8.2 9.1 9.3 9.4 9.4 9.4 9.5 9.5 9.5 9.4 9.2 9.6 10.1 10.1 10 9.8 9.7 9.8 10.1 9.9 9.4
18.3 21.5 24.6 29.6 35.7 41.6 50.3 58.8 68.3 74.5 76.6 77.7 78 76.3 75.5 76.5 77.2 79.3 79.5 81.1 81.8 78.6 72.7 69.8 68.4 68.6 68.4 69.1 72.3 76.1 79.6 80.9 79.8 77.2 72.9 68.1 62.3 60.7 58.8 57.2 55.4 55.5 56 57 59.1 61.9 66.1 71.1 76 78 77.2 73.7 68.1 61.9 54.5 44.7 26.8 15.9 9.9 9 8.8 8.7 8.6 8.7 8.2 7.4 9 8.8 8.9 8.5 9 9.5 9.3 9.5 9.6 9.6 9.6 9.6 9.5 9.4 9.2 9.6 9.9 9.8 9.6 9.5 9.7 9.8 9.5 9.2
17 22.3 25.6 30.6 37 44 53.4 62.8 73.6 81 82.9 82.3 82.9 82.7 82.1 81.7 84.2 87.7 86.4 85.6 85.4 83.5 74.6 68.6 64.9 63.8 64.2 64.7 66.5 69.6 73.2 76 76.4 73.7 71.1 67.2 62.7 60.5 59.2 57.6 55.8 55.2 55.5 56.7 58.8 61.3 65 69.3 74.2 76.5 75.8 72.1 66 59.6 52.7 43.2 26.5 15.7 10.1 9.1 9 8.9 8.8 8.3 4.5 4.5 8.5 8.8 8.8 8.8 9.2 9.2 9.1 9.3 9.4 9.6 9.7 9.8 9.7 9.5 9.3 9.2 9.4 9.6 9.4 9.5 9.4 9.2 8.9 8.7
16 21.4 26.3 31.4 38.7 46.8 56.1 66.5 79.4 85.5 86.7 85.5 86.4 87.2 86.4 85.9 88.1 92 92.6 92.5 90.2 85.6 79.1 69.5 62.8 59.3 59 60.1 61.4 63.9 67.3 71.2 72.5 71.2 68.9 65.5 62.3 60.1 58.8 57.6 56.2 55.4 55.2 56.5 58.8 61.3 64.4 68.6 72.8 74.9 74.1 70.5 64.7 57.8 51.2 42 32.2 18.9 10 9.4 9 8.8 8.7 7.6 6.8 6.8 8.6 8.7 8.8 8.9 9.3 8.9 8.9 9 9.2 9.3 9.5 9.8 9.7 9.4 9.1 9.3 9.3 9.2 9.2 9.1 9 8.9 8.8 8.6
15.1 21.4 26.9 32 40.1 48.7 58.6 69.5 82.2 88 89.6 88.6 87.5 88.6 88.6 88.1 88.9 93.7 96.2 96.5 95.2 87.8 81.2 72.8 63.7 57 55.5 56 56.6 58.7 61.7 65.9 67.8 68.6 68 64.8 62.2 60.8 58.8 57.4 56.5 55.5 55.3 56.2 58.7 61.4 64.9 68.4 71.9 73.9 72.9 69.1 63.7 56.3 48.6 40.2 30.7 18.5 10.7 9.6 9.2 8.9 8.6 8 8.7 7.5 8.6 8.8 8.9 9.1 8.8 8.6 8.8 9.1 9.3 9.5 9.7 9.7 9.5 9.2 9.2 9.4 9.4 9.4 9.3 9 8.9 8.8 8.7 8.6
14.6 21.8 27.5 35.2 41.5 50.5 60.8 71.4 83.6 88.7 91.6 91.1 88.5 89.7 88.9 88.6 89.3 93.3 96.2 96.2 96.3 90.4 83 75.1 65.8 56.7 52.5 51.7 52.1 53.4 56.8 60.3 63.3 64.5 65 64.1 62.1 61.2 59.8 58 56.9 56.2 55.7 56.2 58.7 61.9 65.5 69.1 72.1 73 71.5 67.2 62.3 55.2 47.2 38.2 29.2 18.5 10.7 9.7 9.3 8.9 8.6 8.5 7.7 5.2 8.6 8.6 8.9 9 8.9 8.9 9 9.2 9.4 9.6 9.6 9.6 9.3 9 9.3 9.5 9.5 9.5 9.3 8.8 8.9 8.8 8.7 8.5
14.9 20.8 28.6 36.2 43.1 52.4 62.4 73.3 83.5 88.8 91.2 91.6 89 88.7 87.8 87.1 86.7 88.4 92.4 93.6 93.2 91.3 85 76.8 67.7 58.5 51.1 48.3 48.1 49.1 51.9 55.3 58.6 61.2 62.3 62.5 61.7 61 60.7 59 57.9 57.1 56.7 56.9 58.9 62.9 66.7 70.3 72.8 73.5 70.7 65.6 60.4 54.2 46.4 37.9 28.6 18.9 10.9 9.8 9.4 9 8.5 8.2 7.4 -1.9 5.7 -1.9 -1.9 9 9.1 8.9 9.3 9.3 9.5 9.6 9.5 9.4 9.1 9.1 9.4 9.6 9.7 9.6 9.4 8.9 8.7 8.7 8.6 8.5
15.5 20 27.8 37.1 44 54.5 64.3 76 84.7 88.8 90.4 90.3 89.2 86.7 85.2 84.5 83.8 84.6 86.8 89.6 89 87.3 83.2 78.1 66.8 58.9 51.2 46.5 45.5 45.7 47.8 51.1 54.5 57.4 59.6 61 61.2 60.6 60.7 60 59 58.3 58.2 58.1 59.7 63.6 68.4 71.5 74.2 73.8 70.1 64.9 59.3 53 45 37.5 28.5 18.2 11 10.4 10 9.6 9 8.3 7.2 -1.9 7 -1.9 -1.9 9 7.5 6.5 8.1 9.4 9.5 9.4 9.4 9.2 7.9 8.8 9.5 9.6 9.8 9.6 9.5 9.3 8.4 8.5 8.6 8.5
16 19.3 26.8 35.7 46.4 57.7 67.4 79.2 86.1 88.4 90.1 90 88.6 86.7 83.3 81.8 81.1 81.3 81.8 83.4 83.9 82.7 79.9 74.5 67.9 59.2 51.5 46.5 43.5 43.2 44.8 48.4 51.4 54.3 57.4 59.5 59.7 60.3 60.4 60.4 59.8 59.7 59.7 60.2 61.1 63.9 69.2 73.5 75.7 74.2 70.8 65.3 59.3 52.2 44.9 37.9 29.2 19.3 11.7 10.9 10.1 9.4 8.7 8 7.1 6.4 -1.9 -1.9 -1.9 8.6 6.7 7.5 -1.9 -1.9 9 8.7 9.4 9.4 7.5 6.9 8.9 9.1 9 8.2 7.9 8.3 8.1 8.1 8.2 8.5
16.5 19.1 26.8 35.2 47.7 59.5 68.6 80.7 87.1 89.4 90.4 89.5 88.9 86.4 81.9 79.1 78.3 77.8 77.5 78 78.4 77.8 75.4 70.9 66.6 59.4 51.2 45 42.7 42.6 42.7 45.3 48.3 51.6 55 57.6 59.1 60.5 60.6 60.5 61.4 61.3 61.8 62.4 63 65.3 69.9 74.8 76.5 74.7 71.2 65.9 59.8 53.3 46.5 37.5 30.7 21.6 11.5 10.7 9.9 9.1 8.3 7.7 7.2 6.6 7.2 -1.9 -1.9 7.6 7.9 -1.9 -1.9 -1.9 7.6 7 8.6 8.8 7 6.7 5.7 -1.9 8.3 6.2 7 7.2 7.8 7.8 7.7 8.4
15.9 19.9 26.4 35.6 48.8 59.8 68.6 79.7 87.3 90.1 91 91.6 89.6 86 81 76 75.3 74.8 73.7 73.9 74 73.2 71.1 67.1 62.6 58.2 51.6 44.4 42.6 42.2 41.8 42.9 45.9 49.4 52.7 55.8 57.8 60.4 60.6 61.8 62.9 63.4 64 64.6 65.2 66.3 70.3 75.7 76.9 75.5 71.8 66.5 60.4 54.4 48 38.3 30.9 22.3 12.5 10.7 10 9.3 8.6 8.5 8.2 6.3 6.4 6.9 -1.9 -1.9 -1.9 -1.9 7.9 -1.9 -1.9 6.8 7 7.3 6.4 -1.9 -1.9 -1.9 -1.9 5.8 6.6 6.5 7.1 7.6 7.6 8.5
13.2 18.4 25.2 38.6 48.3 58.4 66.7 76.3 86.4 90.1 90.8 90.5 88.5 85.7 80.4 73.4 72.7 70.9 69.9 69.6 68.9 67.9 67 63.2 59.2 55.2 51.2 44.6 42 41.7 41.4 41.9 44.1 47.7 52 54.4 57.4 60.4 61.2 62.8 64.3 65.6 66.2 66.8 67.5 68.6 71 75.6 78.1 76.2 72 67 61 55.1 49.1 40.2 31.7 23.1 13.5 10.6 10 9.5 9 8.8 8.6 7.6 6.3 5.5 8.5 -1.9 8.1 -1.9 -1.9 7.8 -1.9 6.4 7.1 7.1 -1.9 -1.9 8.5 -1.9 -1.9 5.3 6.1 6.2 6.4 7.2 7.5 9.1
11.2 15 22.2 34.5 48.8 55.5 62.5 70.7 82.7 86 86.6 86.3 85.4 83.4 78.8 71.8 69.3 66.7 65.5 65 63.8 62.7 61.6 60.4 56.4 52.8 49.1 45.7 41.5 41.1 41.1 41.7 43.5 46.9 51.3 54.2 57.4 60.4 62.6 64.5 66.3 67.7 68.4 69.2 70 71 73.5 76.7 78.4 76.6 72.4 67.4 61.6 55.6 49.5 42.3 33.2 26.2 14.8 10.6 9.6 9.3 9.2 9.1 8.7 8.2 6.9 5.4 7.5 -1.9 -1.9 -1.9 -1.9 -1.9 -1.9 7.1 6.8 6.4 -1.9 9 9 8.9 -1.9 -1.9 -1.9 6.4 6.3 7.1 8.6 9.4
8.7 12.2 18.6 30 44 52.2 59 65.4 74.4 79.8 81.1 80.8 79.8 77.6 75 70.2 66.7 63.1 61 59.9 58.9 58 57 56.1 53.7 50.6 47 43.7 42.1 41 41.1 41.6 43.2 46.5 50.9 54.3 57.5 60.5 62.9 65.8 67.7 69 70.3 71.5 73.1 74.7 76.3 78.1 78.9 77.1 73 68.2 62.3 56.4 50 43.2 35 27.8 16.9 10.6 9.4 9.4 9.4 9.4 9.2 8.8 8.4 7.9 8.5 -1.9 -1.9 7.9 -1.9 -1.9 6.2 -1.9 -1.9 -1.9 -1.9 9 9 9 9 6.5 -1.9 -1.9 -1.9 7.4 -1.9 -1.9
5.2 8.6 12.4 24.2 36.2 47.5 54 60.3 67.5 73.3 75.8 75.4 74 71.8 70.6 67.2 64.1 60.4 57.3 55.9 54.8 53.8 52.8 51.7 51.1 48.1 44.8 42.7 41.7 41.5 41.5 41.4 43.3 46.3 50.4 54.6 57.6 60.7 63.5 66.8 69.5 70.7 73.4 74.7 76 77.3 78.6 80 80.5 77.7 73.6 68.8 62.7 56.6 50.6 43.5 36.5 29.2 19.1 11.8 9.3 9.1 9.2 9.4 9.5 9.2 7.7 7 8.6 8.6 8.6 8.6 8.5 -1.9 -1.9 -1.9 8.7 8.1 8.7 9 9.1 9.1 9.1 9.1 6.5 -1.9 -1.9 -1.9 5.8 -1.9
3 5.7 9.4 18.4 31.7 42.2 48.7 55.7 62.2 67.6 70.6 70.4 68.7 66.9 65.8 63.4 60.3 57.4 53.7 52.1 51.1 50.1 49.1 47.9 46.7 45.5 43.1 41.5 40.6 41.5 41.7 42 44 47 50.6 54.9 58.4 61.3 64.5 67.8 72.5 74.1 75.3 76.2 77.6 79 80.4 81.9 81.3 78.3 73.8 69 63 56.8 50.6 43.8 37.6 29.8 21 12.9 9.6 9 9 9.1 9.2 9.2 8 6.5 8.2 8.8 8.8 8.8 8.6 9 9.1 8.9 8.8 8.2 7.9 8.7 9 9.1 8.9 8.7 7.2 -1.9 4.9 -1.9 6.8 -1.9
2 2.7 6.5 11.1 24.3 36.7 44.2 51 57.4 61.2 64.8 65.9 64.7 63.6 61.9 59.2 56.5 53.9 51.1 48.7 47.6 46.5 45.3 44.1 43.3 42.9 41.5 40.3 40.4 41.5 41.9 42.9 45.3 48.6 52 55.7 59.4 62.5 65.6 70.2 74.6 76.1 77.4 78.2 79 80.4 81.7 83 83 80.2 74.9 69.1 63.2 57 50.7 44.5 38.9 30.9 23.4 14.1 10.1 8.8 8.8 8.9 9.1 9 8.6 8 8.1 8.4 8.6 8.9 9.1 9.1 9.3 9.1 8.9 8.3 7.9 8.4 8.9 9.1 9 8.8 8.8 8.5 9 9.3 -1.9 -1.9
4.7 3.1 5.6 7.3 12.6 28.6 39.8 45.6 52.3 56.5 59.8 60.7 61.3 60.9 59.6 56.8 53.6 50.6 48.3 46 44.2 42.8 41.6 41 40.5 40.3 40.1 40 40.4 41 42.8 44.3 46.5 49.8 53.7 57.7 61.2 64 67.1 72 76.8 78.2 79.5 80.4 81.2 81.8 83.3 84.3 84.2 81.8 76.6 70.5 63.9 57.4 50.9 44.8 39.8 32.4 24.7 15.5 10.7 8.7 8.9 9.1 9 8.9 8.5 8 7.9 8.2 8.5 8.8 9.1 9.1 9.4 9.4 9 8.6 8.2 8.6 9.1 9 8.9 8.8 8.8 8.8 8.9 8.9 -1.9 -1.9
3.9 4.2 2.5 5.5 8.6 16 29.6 41.8 48.3 52.9 55.9 57.7 58.2 58.1 57.5 54.5 51.4 48.4 45.6 43.6 41.7 40.3 39.3 38.6 38.3 38.1 38 39.4 39.8 41 43 46.1 48.8 52.2 55.7 59.6 63.2 66.2 70.3 74.8 78.3 80.3 81.6 82.5 83.3 83.6 84.4 85.8 85.5 82.9 78 71.2 64.2 57.9 51.5 45 40 33.7 26.6 17.8 12.1 8.8 9 9 8.8 8.7 8.4 8.3 8.3 8.3 8.5 8.8 9 9.1 9.5 9.6 9.2 8.8 8.3 8.8 9.1 9 8.9 8.9 8.9 8.9 8.8 9.3 -1.9 -1.9
3.2 4.6 3 2.9 5.7 10.5 19.2 33.7 42 49.2 52.1 54.9 54.7 54.7 54.4 52.7 49.8 46.4 43.9 41.6 39.8 38.3 37 36.3 36.1 36.2 36.9 38.1 39.2 41.4 43.8 47.2 50.8 54.3 57.8 61.7 65.4 68.8 72.7 75.8 78.5 81.3 83 84.5 85.6 85.5 85.4 86.7 87.3 83.4 78.6 72.5 65.3 58.4 52 45.8 40.7 34.4 28 20.2 13.6 9.5 8.8 9.3 9.1 8.9 8.6 8.6 8.7 8.7 8.7 8.8 9 9.4 9.7 9.7 9.4 8.9 8.5 9.1 9.1 9 9 9 9 8.9 8.9 9 8.7 8.2
2.4 4.5 3.5 2.7 3.9 5.8 11.5 24.2 33.6 42.4 48.9 51.1 51.6 51.4 51.3 51 48.4 45.9 43.1 40.8 38.3 36.6 35.5 34.4 34.7 35.2 35.7 37.1 39.4 41.7 44.3 47.8 52.2 55.7 59.3 63.1 66.6 70.1 73.4 76.5 78.7 81.5 84.3 85.7 86.6 86.9 86.9 87.9 88.7 85.1 78.6 72.6 66.1 59.2 52.7 46.4 41.2 35.9 29.9 22 15.2 10.1 8.9 9.2 9.8 8.9 8.7 8.9 9 9 9 9 9.2 9.5 9.6 9.5 9.5 9.1 8.7 9.2 9 9 9 9 9 9 9 9 7.7 7
1.6 3.9 4.1 3.1 2.1 5.4 6.9 16.4 25.3 34.7 41 45.8 48.2 48.4 48.3 47.9 46.5 43.7 41.3 39.2 37.2 35 33.8 32.7 32.8 33.2 34.4 36.3 38.6 41.6 44.9 48.8 53.4 57 60.6 63.4 67.9 71.5 74.2 77.2 79.4 81.7 84.3 85.7 86.5 87.2 88.1 89.3 90.2 86 79.1 71.6 65.6 59 52.5 46.5 41.4 36.4 30.4 23.9 17.1 11.4 9.1 9.4 9.4 8.7 8.7 9.2 9.3 9.3 9.3 9.2 9.4 9.5 9.5 9.4 9.4 9.3 9 9.1 9.1 9.1 9.1 9.1 9.1 9.1 9.1 9.2 7 6.9
0.8 3.5 4.2 3.6 2.9 3.8 5.8 10.7 19.2 27.3 34.7 40.9 43.6 44.2 44.8 44.7 44.2 41.8 38.9 37 35.8 34.1 32.2 31.1 30.8 31.7 33.6 35.6 38 41.6 45.5 49.1 53.7 58.1 61.8 64.2 68.6 72.8 75.4 77.9 80 81.8 83.2 84.7 84.8 85.1 86 88.4 92.3 89.5 79.1 70.8 63.2 56.7 51.2 46.2 41.3 36.4 30.4 24.6 19 12.3 9 9.9 9.2 8.4 8.8 9.3 9.5 9.6 9.5 9.4 9.4 9.4 9.3 9.3 9.3 9.3 9.2 9.2 9.2 9.2 9.2 9.2 9.2 9.3 9.3 9.4 8.3 8.2
-0.2 -1.9 4.6 4.1 3.5 2.8 5.2 7.1 14.2 21.8 28.9 35.6 38.9 39.6 41.3 41.4 41.1 39.9 37.3 35.6 34.5 33.3 31.6 29.9 29 31 32.9 35.1 37.6 40.7 44.9 49.3 53.6 58.3 62.6 66.6 70 72.8 76.6 78.3 80.2 80.8 81 81.1 80.9 80.4 82 84.5 91.1 90.7 80 69.2 61.5 54.5 48.9 44.2 39.4 35.7 31.4 25.9 19.5 15 9.3 9.5 8.8 8.6 9 9.3 9.8 9.9 9.7 9.5 9.3 9.3 9.3 9.3 9.2 9.2 9.2 9.3 9.3 9.3 9.3 9.4 9.4 9.4 9.5 9.5 9.3 9.1
-1.9 -1.9 4.7 4.3 3.6 3 3.3 5.9 9.5 16.8 24.2 29.8 34.3 36 37.6 37.7 37.7 37.3 36.1 34.4 33.1 31.6 30 28.8 27.7 29.1 31.3 33.8 36.4 40.1 44.3 48.7 53.2 58.7 63.4 68.1 71 73.6 77.1 78.9 79.6 79.6 77.3 76.5 75.4 74.5 76 78.8 84.1 85.7 79.4 68 59.6 52.3 46.6 41.5 36.9 33.6 30.3 26.1 19.8 17.4 9.6 9.1 8.8 9 9.3 9.7 10 9.9 9.7 9.4 9.3 9.3 9.3 9.2 9.2 9.2 9.2 9.3 9.4 9.5 9.5 9.5 9.5 9.6 9.5 8.9 8.7 8.8
-1.9 1.5 4.7 4.4 3.7 3.3 2.6 5.1 7.7 10.7 19.1 24.7 29.5 32.6 34 34.3 33.9 34.6 34.1 32.6 31.1 29.7 29 27.9 26.9 28.1 30.1 32.9 35.7 39.6 43.7 48.1 52.9 58.2 62.8 67.4 70.6 72.8 76.2 78.3 78.1 77.3 74.6 71 69.3 67.1 68.1 70.7 74.5 78.7 75.4 67.1 57.5 50 43.2 38.4 34.6 31.3 28 24.9 19.5 14.3 9.6 8.9 9.1 9.3 9.7 9.8 9.8 9.9 9.7 9.4 9.3 9.3 9.3 9.2 9.2 9.2 9.2 9.3 9.4 9.5 9.6 9.6 9.7 9.4 9 8.7 9 8.5
-1.9 1.4 4.7 4.5 4 3.5 3.5 3.9 5.4 8.6 11.7 20.8 25.6 29.1 30.8 31.5 32 32.5 32.4 31.2 29.3 28.2 27.9 26.9 26 27 28.8 31.2 34.9 38.7 42.5 47.6 52.7 57.6 62.1 67.3 70.3 71.8 73.3 75.8 75.7 75 71.2 66.7 62.4 60.6 59.9 63.1 65.2 68.4 70.1 64.5 56.3 47.9 41.6 36.7 32.5 29.3 26 23.1 17.6 11.6 9.3 9.1 9.3 9.6 9.6 9.6 9.6 9.7 9.6 9.4 9.3 9.3 9.2 9.2 9.2 9.2 9.2 9.3 9.4 9.5 9.5 9.6 9.7 9.4 9.1 8.7 9.2 8.7
-1.9 0.5 -1.9 4.7 4.3 4.1 4.3 4.4 4.8 7.6 8.7 11.4 21.4 25.6 27.8 28.3 29.2 29.7 29.9 29 27.7 26.5 26.3 25.7 24.6 25.6 27.6 29.9 32.9 36.8 41.9 47.1 51.8 56.8 61.3 66.4 69.4 70.4 71.3 72.1 72.2 70.7 67.7 62.6 57.7 54.1 52.9 55.6 56.6 58.1 61 60.4 53.7 46.7 39.8 35.1 30.6 27.3 24.1 21.1 17.1 9.6 9.2 9.2 9.5 9.6 9.6 9.5 9.4 9.5 9.5 9.4 9.3 9.2 9.2 9.2 9.2 9.2 9.2 9.3 9.4 9.4 9.5 9.6 9.7 9.4 9.1 8.8 9.1 9.3
-1.9 -1.9 -1.9 4.7 4.7 4.8 4.9 5 5 6.2 8.2 8.5 14.1 21.6 24.1 25.7 26.5 27 27.3 26.9 26.3 25.2 24.3 24 23.3 25.4 26.7 29 31.6 35.9 40.6 45.3 50.6 55.7 60.8 65.9 68 68.3 68.8 67.6 67.6 66.5 63.6 58.5 54.1 50 46.7 48.4 49.7 51.4 53 53.5 51.2 44.1 38.7 34.6 29.6 26.1 23 20.4 16.8 9.8 9.2 9.4 9.7 9.7 9.6 9.5 9.5 9.4 9.3 9.3 9.2 9.2 9.2 9.2 9.2 9.1 9.2 9.2 9.3 9.4 9.5 9.6 9.7 9.4 9.1 8.9 9 9.3
-1.9 -1.1 2.8 4.7 4.7 4.8 4.9 4.9 5.5 5.9 7.4 8.1 8.7 14.8 19.2 21.7 23.9 24.6 25.1 24.8 24.8 23.8 23 22.1 22.7 24.4 25.7 27.4 30.9 34.2 38.7 43.9 49.5 54.6 61.5 65.2 66.7 66.3 65.9 64.9 63.3 61 58.3 53.6 49.1 45 41.8 42.3 44.4 46.2 47.9 48.2 47.1 42.5 36.7 32.3 28.1 24.3 21.1 19.7 13.3 9.5 9.5 9.6 9.7 9.7 9.6 9.5 9.5 9.4 9.3 9.2 9.2 9.2 9.2 9.1 9.1 9.1 9.1 9.2 9.3 9.4 9.5 9.6 9.7 9.4 9.1 8.9 8.9 9.1
-1.9 -1.9 1.9 4.7 4.7 4.8 4.8 5.4 5.1 5.9 6.7 7.9 8.5 10.9 15.4 19 20.6 22.4 22.9 23.2 23.3 22.6 21.9 21.2 21.6 23 24.4 26.4 29.5 32.6 36.9 42.5 48.1 53.5 61.8 63.9 64.1 63.9 62.8 61.6 59.8 56.7 53.4 48.9 44.9 41 38.2 36.8 39.3 41.1 42.8 43 42.2 40.4 35.3 30.6 26.6 23.1 20 17 10.1 9.8 10 10 9.7 9.6 9.6 9.5 9.4 9.3 9.3 9.3 9.2 9.2 9.1 9.1 9.1 9.1 9.1 9.2 9.3 9.4 9.5 9.6 9.6 9.4 9.1 9 8.9 8.9
-1.9 -1.9 1 -1.9 4.7 4.7 4.3 4 4.6 5.3 6.4 8.3 8.6 9.9 11.5 14.2 17.5 19.9 20.8 21 21.5 21.3 20.7 20.1 20.1 21.9 23.2 24.9 28 31.1 35.3 40.6 46.2 51.8 58.8 62.9 62.2 61.6 60 58 56.3 53.2 50.1 45.5 41.6 37.5 35.1 33.4 33.5 35.9 38.4 40 38.3 36.6 33.7 28.9 25.1 22.1 18.3 12.7 10.2 10.1 10 10.2 9.7 9.6 9.5 9.4 9.3 9.3 9.3 9.3 9.3 9.2 9.1 9.1 9.1 9.1 9.1 9.2 9.3 9.4 9.5 9.6 9.6 9.4 9.2 9 9 8.9
-1.9 -1.9 -1.9 -1.9 -1.9 -1.9 -1.9 3.7 4.5 5.4 6.7 7.5 8.4 9 10.9 11.3 11.9 14.4 18.5 19 19.4 19.9 19.3 18.5 19.1 20.7 23.1 24.1 26.6 29.7 33.6 39 44.4 49.6 55.7 61.1 60 58.1 56.7 55 52.7 49.4 45.8 41.5 37 34.1 32 30.6 30.2 31.8 34.2 36.8 36.6 33.5 30.4 27.5 23 19.4 14 10.5 10.5 10.2 9.6 9.6 9.6 9.5 9.4 9.4 9.3 9.3 9.3 9.3 9.3 9.2 9.2 9.1 9.1 9 9.1 9.2 9.3 9.4 9.5 9.6 9.6 9.4 9.2 9 8.9 7.5
-1.9 -1.9 0.5 4.2 -1.9 -1.9 -1.9 4.5 4.6 5.7 6.7 7.2 8 8.8 9.8 11.1 11.3 11.9 13.1 15.9 16.7 17.9 17.6 16.8 17.6 19.3 20.9 23 25.6 28.4 31.4 36.3 41.7 46.8 52.3 58.9 57.7 54.9 53.4 51.2 48.3 45.3 41.4 37.4 33.6 31.1 28.9 27.9 27.7 28.6 30.6 33.2 32.7 31.2 28.3 25.6 21.4 15.4 11.4 10.1 10.3 9.6 9.5 9.5 9.5 9.4 9.4 9.4 9.4 9.4 9.3 9.3 9.3 9.2 9.2 9.1 9.1 9 9 9.2 9.3 9.4 9.5 9.6 9.4 9.4 9.2 9 8.5 7.6
-1.9 -1.9 1.6 4.5 -1.9 -1.9 -1.9 4.5 4.7 5.8 6.5 6.9 7.7 8.4 8.5 9.7 9.5 10.3 11.1 14.2 15.4 16.4 15.6 15.1 17.3 18.2 19.7 21.7 24 26.6 29.4 33.5 38.8 43.8 48.9 54.6 55.8 52.2 49.3 46.9 44 41 37.8 34.5 30.8 28.3 26.5 25.3 25.9 27.4 28.4 29.6 28.4 27.4 26.3 21.5 16.3 12.5 10.4 10 9.7 9.5 9.5 9.5 9.5 9.4 9.4 9.4 9.4 9.4 9.4 9.4 9.3 9.3 9.2 9.2 9.1 9.1 9.1 9.2 9.3 9.4 9.5 9.4 9.2 9.1 9.1 9 8.9 8.4
-1.9 -1.9 -1.9 2.9 4.7 4.7 -1.9 -1.9 -1.9 5.4 6.4 6.6 7.2 7.5 7.6 8.3 8.3 8.7 10 12.3 14 14.5 13.6 16.2 18.2 18.6 19 19.6 22 24.7 27.4 30.9 36 41.4 46.4 49 52 49.7 45.9 43.4 40.5 37.6 35.2 31.9 28.3 26.2 24.2 23.7 24.4 25.9 27.2 27.9 26.4 25 23.8 19 12.6 10.7 9.7 9.8 9.5 9.5 9.5 9.4 9.4 9.4 9.4 9.4 9.4 9.4 9.4 9.4 9.4 9.3 9.3 9.3 9.3 9.2 9.3 9.3 9.4 9.5 9.3 9.1 8.9 8.9 8.8 9 8.9 8.8
-1.9 -1.9 -1.9 1.1 4.7 4.7 4.7 4.7 -1.9 -1.9 6.1 6.6 6.9 6.8 6.7 6.9 7.2 7.7 8.2 10.3 12.2 12.3 15.3 16.7 17.4 18.2 19 19.3 20 22.8 25.7 29.3 33 38 42.5 44.5 46.3 46.3 42.8 38.8 36.4 34.2 32.1 29.3 26.3 24.5 22.5 22.1 22.8 24.7 25.9 26.4 25.3 23.6 20.9 14.8 11.1 9.6 9.4 9.4 9.4 9.4 9.4 9.4 9.4 9.4 9.4 9.4 9.4 9.4 9.4 9.5 9.4 9.4 9.4 9.4 9.4 9.3 9.4 9.4 9.5 9.4 9.1 8.9 8.7 8.7 8.9 9 9 8.9
