webserver/python/data/NY17.asc
ncols 200
nrows 200
xllcorner 310000
yllcorner 570000
cellsize 50
[rows 76 to 113 of 200, columns 86 to 171 of 200]
42.4 51 55.5 55.9 55.8 53.9 52.6 53.4 55.6 56.2 56.6 60.1 65.5 72.5 79.9 87.1 93.6 99 101.7 103.2 102.3 100.2 98.8 98.2 98.8 99.3 98.5 98.5 98.7 98.3 97.9 97.9 98.3 97.8 98.6 102.2 112.5 119.3 125.1 131.1 133.4 131.5 128.1 124.9 122.2 120 118.2 116.6 114.5 109.9 104.3 106 107.5 106.7 106.7 105.1 103.5 101.1 101.8 102.6 101.5 104 104.1 104.6 105 105.4 105.5 106.8 108.1 108.7 109 109.6 110.9 111.9 110.2 111.8 111.3 110.1 109.8 109.5 108.5 107.7 107.9 108.2 108.7 109.9
42.6 52.5 54.4 55.8 54.7 52.3 51.2 53.1 55.8 55.6 57.4 61.2 67.4 75.4 82.2 90.5 97.3 103.3 106.5 106.2 104.5 102.1 99.6 98.6 99 99.5 99.5 98.8 98.4 98.3 98.3 98.1 98 96.7 99.4 104.3 110.6 115.6 121.4 127.8 130.4 129.9 127.5 124.2 121.6 119.4 117.3 116.1 114.5 111.6 105.9 101.9 103.9 104.4 104.1 103.3 102.7 101.4 101 101.7 100.1 103.3 104.8 104.4 105.2 104.9 104.3 105.9 107.1 107.9 108.8 109.6 110.4 111.6 110.9 110 109.2 109.5 109.3 108.7 107.8 106.7 106.4 106.6 106.9 107.4
46.4 52.7 53.9 53.8 52.7 51 50.3 52.1 54.1 55.2 57.9 63 69.9 78.4 85.4 93.5 100.4 106.1 111 110.6 107.6 104.9 102.1 100.2 99.4 99.8 100.3 99.9 98.7 98.7 98.6 98.4 98.2 93.9 99.3 104.6 109 113.8 119.6 126.2 126.8 127.3 126.2 123.5 120.7 118.6 116.5 114.9 114.1 111.9 108 104.1 100.7 102.2 102.3 101.9 100.9 100.6 100.3 100.6 100.6 102.1 103.2 104.8 105.4 105 103.9 103.4 105.8 106.5 107.8 109.2 109.8 110.8 111.5 110.6 109 107.7 107.8 107.7 106.8 106 105.4 105.1 105.2 105.8
51.1 52.5 53.1 51.9 50.7 49.9 50 51 53 54.9 59 64.3 72.6 82.1 91 97.4 102.5 108.3 111.4 112 111.7 109.7 107 102.7 100.9 100.7 101.4 101 99.8 99 98.9 98.7 98 97.1 98.4 102.6 107 112.3 118.3 123.1 123.3 123.6 123.5 121.5 119.6 117.5 115.4 113.7 112.6 111.6 109.6 106.4 101.6 98.6 100.6 100.8 100.2 99.2 98.7 99.6 99.8 98.8 100.1 102.5 104.9 104 104.4 103.2 101.7 105 106.2 108.2 109.2 110.4 109.8 109.8 109.4 107.1 105.7 105.7 105.7 104.8 103.9 102.7 103.4 103.6
50.9 51.8 51.1 50.3 50.3 50.7 49.8 50.5 52.9 55.8 59.3 66.2 75.7 84.6 93.5 98.7 103.8 108.8 113 114.4 115.9 114.9 112.2 108.4 103.7 102.1 102.4 102 100.9 99.4 99.3 98.5 97.7 97.3 92.7 99.9 105.2 110.4 115.8 120.2 120.7 119.7 119.5 119.5 118.5 116.5 114.5 114.3 112.4 110.5 109.1 106.6 104.8 98.1 96.1 98.4 99.6 101.1 101.6 100 99.5 100 100.2 100.5 101.6 103.4 103.5 103.6 103.5 99.1 103.7 106.8 108.4 109.4 109.3 108.4 107.1 105.8 104.4 104.1 103 102.2 101.6 98.9 101.3 101.7
50.5 50.7 50.2 50.4 50.9 49.6 48.8 50.1 51.4 56.3 59.4 67.1 77.9 87.1 95.4 100.5 105.1 110 114 116.8 118.9 118.6 116.9 112.8 108.2 105.2 103.6 103.1 102.1 100.1 99.2 98.5 98.2 98.2 96.4 96.5 100.7 105.3 113.5 118.5 117.7 116.5 115.9 116.1 115.7 114.8 114.1 114.2 113.3 110.9 108.8 106.9 104.7 102.2 97.1 94 96.9 95 89.8 99.2 100 100.3 100.5 100 99.8 101.6 103 102 99.5 96.6 98.6 104.2 106.2 107.6 108.5 108.4 106.8 106 105.6 104.2 103.2 102.2 102 100.9 97.7 100.8
49.9 49.5 49.4 50.4 50.7 49.5 48.3 49.1 51.3 56.2 59.8 71.3 80.4 88.5 97.2 102.9 107 111.2 115.4 119.4 122.1 121.4 120.7 117.9 113.2 109.6 107.1 105.6 104.7 102.7 99.8 98.9 98.6 98.4 97.6 91.7 96.4 101.3 108.3 113.9 114.4 113.4 112.3 112.4 112.9 113.1 113.4 113.9 113.4 110.9 108.8 105.3 103.5 102.4 100.6 96 91.7 90.1 90.6 96.9 99.3 100.6 101.7 101.2 101.2 99.4 97.6 96.6 99.3 95.7 97 99.7 100.9 105 105.9 106.7 106.6 105.8 104.6 103.5 102.8 101.4 100.9 99.9 99.4 93.5
49.6 48.3 48.2 48.7 48.9 48.6 47.4 47.9 52 56.5 61.4 71.9 84.3 91.8 98.3 103.9 109.1 114.3 118.3 122.6 124.6 124.1 123.5 122.3 118.3 114.5 112.3 109.7 107 105.3 100.7 99 98.7 98.6 98.6 95 91.6 97.2 102.8 108.6 111.6 110.3 108.9 108.5 109.3 110.8 111.9 112.8 112.1 110.8 107.9 104.6 102 100.9 99.9 98.7 92.7 84.6 89.9 93.2 98.4 99.8 100.9 101.5 101.2 100.8 98.8 97.9 99.1 98.9 94.1 94.8 96 102.2 103.8 104 104 103.7 102.6 101.8 101.4 100.9 99.7 98.2 98.1 95.4
48.9 48.8 47.6 47.9 47.8 47.8 46.9 47.5 51.5 56.5 63.2 72 82.1 92.7 99.5 105.6 110.5 115.3 120.3 123.9 126.6 126.7 126.2 125.4 124.5 121 118.7 117.9 113.4 109.2 102.1 99.8 98.9 98.3 98.4 95.6 87.6 92 97.5 102.8 108 107.4 106 104.7 105.9 108.3 108.5 112.4 110.4 110.1 107.8 104.9 101.6 99.4 98.3 97.4 95.1 86.2 84.5 92.8 96.7 98.9 100 101 101.1 100.7 99.9 98.6 97 96.5 96.6 93.4 93.5 95.9 101.2 100.8 100.6 101.2 100.6 100.1 99.7 98.7 98.3 97 96.5 96.4
45.3 48.4 48 46.3 46.2 47 45.4 46.6 51.6 56 62.7 74 84.8 94.9 102.7 107.5 111.2 115.8 121.3 124.9 127.9 129.2 130.1 130.7 131.6 132.1 132.9 133.8 136 125.7 110.9 101.1 99.5 98 97.7 96.8 89.5 88 91.8 97.6 102.5 104.4 103 101.5 102.4 103.9 104.9 107.1 108.7 108.8 107.8 105.1 101.7 98.5 96.2 95.2 94.2 91.3 81.4 89.7 94.3 96.6 98.4 100 100.3 100 99.5 98.1 97.1 96 95.6 93.2 89.8 92.4 95.1 97.2 98.7 98.1 97.9 98.1 97.1 96.9 96.8 95.8 95.3 94.8
42.6 46.1 47.5 46.8 45.4 45.1 44.1 45.8 51.3 55 61.7 73.3 93.4 101.5 107 109.5 112.1 117 122.5 125.1 128.4 131.5 134.1 136.6 140.4 142.1 142.9 140.4 140.3 138.8 130.4 105.3 99.9 97.8 95.9 95.8 91.9 83.6 88.1 91.9 96.9 100.3 99.8 98.5 98.5 99.4 100.6 102.6 104.6 107.1 107 104.8 101.7 98.3 95.8 92.5 91.5 91 81.5 86.9 92.2 94.3 96.1 97.9 99 98.7 98.1 97.1 96 94.9 94.2 94.6 94.5 91 90.9 91.4 95.9 97 96.5 95.5 94.5 95.2 95.3 94.6 93.8 93
42 42.4 41.7 43.2 44.2 44.3 44 45.1 50.7 54.8 62.6 76.7 92.2 103.3 109.1 110.1 112.3 117.1 123.3 125.3 128.5 131.8 135.1 138.6 141.7 143.9 146 145.2 142.6 141.5 136.3 113.7 102 97.7 95.3 93.8 93 87.9 80.2 88.7 89.7 94.5 95.8 95.3 95.4 95.8 96.5 98.8 101.2 104.6 105.2 103.8 100.9 97.4 95 91.4 88.6 87.9 78.8 86.3 89.8 91.9 93.7 95.6 97.7 97.5 96.7 95.8 94.7 93.3 92.3 91.6 91.6 94.1 94.1 88.8 88.7 93 94.6 92.2 92.9 93.4 93.9 93.1 92.3 91.6
41.9 42.3 41.8 42.1 42.8 43 42.8 46.5 52.2 54.7 62.2 77.5 91.1 100.7 107.3 110.7 113.3 117 122.1 125.6 128.6 131.8 135 138.5 141.1 143.1 145.3 145.9 143 139.3 134.8 117.9 106.9 99.6 94.9 92.5 90.9 88.8 81.3 81 85.1 87.5 90.9 91 91.6 92.8 93.1 94.6 99.2 102.2 103.3 102.5 99.6 95.8 93.5 90.8 88 85.3 78.1 83.9 87 89.2 90.9 93 95.3 96.2 95.3 93.9 92.3 91.1 90.1 89.4 88.6 88.9 91 93.8 92.7 86.4 87.9 89.1 89.6 90.5 91.5 91.5 90.8 88.7
39.2 41.3 41.3 41.5 41.3 41 40.9 45 50 55 60.8 72.8 90.3 99.9 106.4 109.9 111.8 115 120.1 124.7 127.5 130.9 134.3 137.2 139.8 142.3 143.4 144.8 140 135.5 131.1 119.6 109.1 101.3 95.1 90.1 86.6 87.3 83 75.9 78.7 81.1 88.2 86 86.9 89 89.7 92.5 96 99.6 103 100.3 97.5 94.2 91.9 89.6 88 85.5 78 80.2 84.3 86.4 88.2 90.4 92.3 94 93.9 92.2 90.2 88.8 87.9 87 86.1 85.8 85.7 87.9 90.6 93 86.7 88.6 87.5 88.8 89.7 89.7 89.6 88.1
38 40 40.4 40.8 40.9 40.7 40.5 42.8 47.8 54 59.6 72.5 88.4 99.3 105.2 108.7 110.6 113.3 118.8 123 126 129.2 132.7 135.5 136.4 139 139.2 137 134.5 130.2 126.5 117.6 109.1 102.9 94.3 88.3 83.7 82.4 82.2 79.4 73.7 74.4 79.7 86.2 83.7 85.1 86.5 89.6 92.6 96.2 101 98.4 94.7 92.1 89.9 87.9 86 84.2 80.5 74.6 81 83.5 85.4 87.2 88.9 90.5 91.1 90.3 89 86.9 85.5 84.5 84.1 83.1 82 83.9 86.6 88.3 90.3 91.1 90 87.4 87.6 88.1 88.2 87.5
40.2 38.8 38.9 39.5 40.7 40.6 40.4 41.5 47.9 52.6 59.4 74.8 92.3 101.1 105 106.8 109.1 112.1 116.5 121.5 124.3 127.3 130.9 133 132.7 132.9 129.7 128.7 126 122.1 117.4 110.6 105.6 100 93.4 85.8 80.7 77.8 77.2 76.9 76.2 70.2 73.3 77.6 80.9 86.7 83.6 86.6 89.5 92.3 97.5 96.8 92.6 90.1 88 85.6 83.7 81.8 80.1 76.8 73.6 79.6 81.5 83.1 84.3 86.3 87.6 88 87.4 85.8 83.8 82.7 81.8 80.8 81.6 81.9 81.6 81 80.8 82.4 89.4 88.8 87.8 86.4 86 85.7
39.7 39 37.6 40.6 40.6 40.5 40.3 40.3 46.4 52.1 58.7 74 87.2 98.5 102.8 104.3 107 110.4 114.4 118.9 122 124.6 129.8 130.3 128.7 126.1 124.1 122.9 119.2 113.8 109.8 105.8 100.8 96 91.9 83 76.3 74 73.5 73.1 73.8 72.6 67.1 73.5 77.6 78.8 80.5 83.3 87.8 88.5 93 92.9 90.2 88.5 86.2 83.1 81.3 79.6 78.4 77.5 72.5 73.8 76.8 79.5 79.9 82.4 84 83.4 83.1 83.6 82.9 81.1 79.3 77 79 80 80.7 81.2 81.8 83.7 85.5 86.5 86.6 85.6 84.3 83.7
39.7 39.9 38.6 39.5 40.4 40.2 40 39.7 45 50.1 56.4 65.8 79.7 89 97.9 102 104.4 107.3 112.3 115.7 119 120.1 122.5 123.5 122.6 121.3 119.9 119 115.1 110.1 105.8 101.6 97.4 92.6 88.7 82.7 74.2 71.1 70.7 69.6 70 70.8 64.7 69.4 74.5 75.7 77.2 79.1 81.5 84.2 88.6 89.9 87 86.5 86.2 85.6 85.5 85.3 84.9 83.5 80 78.6 74.7 76.7 77.6 77.9 79.7 80.8 81.5 81 80.5 79.4 78 74.6 76.7 78.2 78.6 79 79.9 80.8 81 84.3 83.5 82.8 81.5 81.9
38.9 37.4 40.3 40.2 40 39.8 39.6 39.8 42.8 47.7 51.6 62.4 76.6 85.2 93.3 98.5 101.3 103.1 106.6 111 114.5 116.2 116.1 117 117.3 116.7 116.1 115.3 112.8 108 103 98.3 94.3 89.8 85.2 81 74.9 69.6 68 66.5 66.8 67.6 63 68 71.8 72.9 73.7 76.2 77.9 79.6 82.8 84.5 85.5 83.9 81.5 78.7 76.7 75 73.7 72.9 71.9 68 72.8 74.2 74.6 76.2 76.2 76.9 77.6 77.7 77.9 77.3 76.5 74.8 74 75.9 76.3 77 78 78.9 79.5 79.8 83.8 81.5 81.3 80.6
41.4 37.1 39.8 39.7 39.5 39.4 39.7 39.8 39.2 40.5 48.7 61.6 73 81.4 89.9 94 97.3 98.6 101.6 104.9 107 109.8 111.9 112 113.2 113 112.4 111.6 109.9 106.5 100.8 95.5 90.8 86.4 82.1 78.5 73.5 67.8 64.5 63.9 64.6 64.2 61.9 67 69 70.5 71.7 75.7 80.8 80.3 78.1 80.5 81.6 81.6 79.5 77 74.9 72.7 71.6 70.9 70.2 66.2 70.5 71.8 71.7 72.7 73.9 74.5 74.7 74.6 75.1 75.7 75.5 74.3 72.4 74.3 74.2 75.2 76.1 77.1 77.9 78.1 78.3 78.6 79.7 79.1
39.1 37.1 38.8 39.3 39.4 39.3 39.5 39.5 38.8 38.6 45 60.6 69.3 77.3 86.1 90.1 93 94.6 97.7 101 103.4 107.1 108.5 108.5 108.8 109 108.7 108.1 107.5 104.2 99.9 92.2 87.1 82.9 79.3 75.4 69.6 66.9 62.5 62.2 62.9 61.8 59.5 64.6 66.6 68.2 69.8 72.8 77.8 81.8 79.6 77.2 77.8 77.9 76.7 75.7 74 71.5 69.6 68.8 67.9 65.7 67.9 69.1 68.9 68.6 70.1 72 72 72 72.7 73.4 73.8 71.3 72.9 73.6 73.3 73.5 74.3 75.2 76 76.4 76.9 77.3 77.4 77.2
39.2 37 38.5 39 38.9 39.1 39.3 39 38.5 38.8 38.2 57.9 67 72.2 81.2 86.4 89.3 90.8 93.7 97 100 103.3 105 105.4 104.7 105 104.2 103.7 102.6 100.8 97.3 92 83 79.1 76.4 72.9 66.8 65.1 62.3 61 61.1 59.5 58.2 61.6 64.4 66.1 67.7 70.5 72.1 76.1 77.5 77.3 75.2 74.2 74.2 73.8 72.3 70.5 68.6 67 66 64.8 64.9 66.7 66.2 65.7 66.4 68.3 68.9 69.6 70.3 71.1 71.6 67.8 72.5 72.4 72.3 72.6 72.9 73.2 73.8 74.9 75.6 75.8 76.1 75.9
39.5 38.4 37.7 38.9 38.7 39 39 38.6 38.4 38.1 38.1 52.8 64.1 70.2 75.5 82.5 85.6 87.1 89.8 92.9 95.3 97.9 100.3 102 101.8 100.8 99.7 98.9 97.6 96.3 93.8 89 83.1 77 72.3 69.1 64.4 63 62.3 61.3 59.9 59 57.2 60.3 62.1 64 65.7 68 68.4 71.7 73.1 75.7 75.6 72.5 71.5 70.8 71 69.5 67.8 66.3 65.6 64.8 62.2 64.5 64.3 64.2 64.3 64.6 65.5 66.8 68.1 68.6 66.7 68.4 71.2 71.1 71.3 71.6 71.5 71.4 71.1 72 73.4 74.3 75.1 74.9
38.9 37.5 36.1 36.8 38.6 38.7 38.7 38.3 38.1 38.4 39 55.1 61.7 67.6 71.9 78.2 82.5 83.8 85.9 88.7 91.1 94.2 97.2 98.3 98.4 96.5 95.1 93.8 92.6 91.3 90 86.3 82.6 77.4 70.2 65.6 63.9 62.6 62.3 60.7 59.3 58.7 57 57.9 60.2 61.9 63.7 65 65.6 67 68.7 71.4 73.6 72.3 71 69.4 68.5 68.3 67.2 65.9 65.2 64.6 62.9 62.1 62.4 62.7 62.7 62.7 62.9 64.8 66.1 67.3 63.3 68.4 69.8 70.4 70.8 70.7 70.8 71.6 71.5 68.8 68.9 70.8 72.9 73.8
37.5 36.9 37 36 36.1 36.1 37 37.6 38.3 38.6 39.3 56.5 60.7 64.3 67.7 72.3 76.4 78.8 81.3 84.7 86.9 90.5 93.2 94 93.4 91 89.9 88.8 87.8 86.7 85.5 84.2 80.7 76.5 71.1 65.7 65 64.6 62.1 59.8 59.9 57.5 55.5 55.2 58.3 60 61.5 62.7 63.5 64.4 65.4 67.4 69.8 71.3 71.2 69.6 67.6 66.9 66.8 65.9 64.8 64.2 63.6 60.9 60.2 60.6 60.5 60.4 60.2 62.5 62.6 62 65.2 69.1 70.3 70.7 70.8 70.1 70.5 71.6 71.4 71.2 69.1 66.7 69.1 71
37.3 37.7 36.9 36.4 36.7 36.9 35.9 37.7 38.1 38.2 40.1 52.1 58.3 61.9 65.3 68.4 71.2 72.8 75.4 79.4 82.8 85.6 88 88.4 86.5 85.5 84.4 83.2 82.1 81.3 80.7 79.9 79.1 76.2 72.5 68.5 67.9 66.8 61.6 59 59.3 58.7 55.1 54.2 56.5 57.7 59 60.3 61.4 61.8 62.4 65 66.5 67.1 69.1 69.7 67.8 66.6 66.8 65.9 64.5 64 63.7 61.8 60.1 59.4 58.8 56.9 57.4 59 59.1 61.8 65.4 68.1 70.6 70.9 70.5 68.9 65.4 68.5 70.5 71.3 70.5 68.5 66.1 66.5
39.7 37.5 36.8 36.4 37.1 36.1 35.4 35.6 37.6 37.6 37.9 50.4 54.4 58.2 61.8 64.8 67.6 68.8 70.3 73.5 77.4 81 83.9 84.6 82.7 81.2 79.8 78.6 77.3 76.3 75.8 75.7 77.1 75.4 72.6 70.2 67.9 65.9 63 60.5 58.7 58.1 55 52.7 55.6 56.1 57.3 58.4 59.3 59.8 61.2 63 63.9 64.6 65.5 67.7 69.3 67.5 66.3 65.4 65.1 64.1 63.6 62.8 61.2 60.4 59.8 58.2 56.1 58 61 63 64.8 66.9 69.5 71 70.9 69.8 66.9 64.2 64.6 69.4 69.5 69 70.2 67.4
41.1 37.1 36.9 36.5 36.3 35.3 35.9 36.1 36.5 37.3 36.5 43.8 50.8 54.7 57 61.2 63.9 65.7 67.8 69.9 74.1 77.7 80.2 81 79.1 77.2 75.9 74.6 73.5 72.6 72 71.7 73.7 73.8 73 70.9 68.6 66.8 64.6 62.3 60 57.6 54.9 52.4 54.3 54.4 55.6 56.5 57.4 58.4 59.8 61.2 62.3 63.3 64.2 65 67.6 69.7 67.8 66.1 65.6 64.6 63.6 63 61.9 60.8 60.4 58.1 54.4 57.9 61.1 62.7 64.2 65.3 68.6 70.5 70.7 69.9 66.9 64.1 61.8 65.9 67.6 68.9 70.4 70
42.2 38.3 36.7 36.4 35.4 34.6 36.7 36.8 37.1 36.8 36.3 41.5 48.3 52.8 56.2 57.6 60 62.5 64.6 67 70.5 73.8 76.1 76.9 75.1 73.4 72.5 71.5 70.5 69.5 68.9 68.8 70.4 71.4 72.1 71.6 69.5 68.2 66.7 64.3 61.7 59.4 56.1 52.4 50.8 53.2 54.9 55 55 56.9 58.3 59.6 60.9 62.1 63 64 65.4 67.5 68.7 67.7 66.2 65.3 64.5 63 61.6 60.5 60.1 57.8 54 59.3 61 62.4 63.9 65.6 68.2 69.5 69.9 69 68.7 66.6 64 61.9 65.4 67.1 68.5 69.2
42.7 38.1 36.3 35.7 34.5 36 36.3 36.2 36.4 36 36.9 40.9 48.2 58.1 63.2 59.4 55.9 59.2 61 64.3 67.3 70.4 72.2 72.6 71.3 70.5 69.5 68.5 67.7 67.1 66.5 66.9 67.7 69.2 70.8 71.4 70.9 69.6 68.1 66.1 63.8 61.5 58.5 54.1 50.2 51.3 53.6 52.6 53.4 55.2 56.7 58 59.3 60.6 61.8 63.2 64.4 65.4 67.1 69.2 68.9 66.8 65.2 63.5 62.4 61.2 60.2 55.9 54.5 58.2 61.1 62.5 63.8 65.5 68.6 69.7 70.4 70.7 70.1 68.7 67.6 64.1 63.9 65.4 66.3 66.7
43.4 37.1 35.7 35.2 34.6 35.9 36 36.1 35.5 35.5 37 42.6 51.4 58 63.6 61 52.6 54.6 57.7 60.9 64.1 67.1 68.7 68.8 68.4 67.7 66.8 66.2 65.6 65.4 65.3 65.8 67 68.3 70.2 71.2 71.2 70.9 69.4 67.7 65.2 63 60.4 55.9 51 49.5 52.3 51.7 52 53.4 54.6 56 57.3 58.4 59.7 61.3 62.6 63.7 64.8 66.4 68.5 67.2 66 63.7 63.1 62.3 61.5 60.3 54.1 53.9 60.6 62.6 63.8 65.7 68.7 70.7 71.2 71.2 70.9 70.5 68.6 65.8 64.1 61 60.8 62.8
43.3 36.3 35.1 34.2 34.8 35.6 35.7 35.8 35.3 35.6 36.7 38.7 49 55.1 61.1 61.3 52.4 52.1 53.3 56.8 60.4 63.6 65.4 65.3 64.7 64.6 64 63.6 64.2 64.2 64.6 67 68.2 69 70.3 71.7 72.3 71.9 70.6 69.1 66.7 63.8 60.7 57.7 53.5 48.6 49.5 50.4 50.4 51.4 52.6 53.7 54.7 55.7 57.3 58.8 60.5 61.9 63 64.4 65 64.4 64.3 63.3 62.1 62.5 61.8 61 52.3 52.3 60.8 62.6 63.9 66 67.9 70 71.1 71.6 71.4 70.7 69.3 67 65.5 64.2 60.1 56.6
43.2 38.1 35.1 33.6 35.2 35.3 35.4 35.4 35.3 35 35.6 36.8 46 54.3 59.9 60.4 54.7 50.4 50.3 54 57.2 60.3 62.3 62 61.4 61.1 60.7 60.9 61.8 63 64.3 66.5 68.5 70.5 71.2 72.5 73.1 72.9 71.8 70.1 67.2 63.8 60.6 58.1 55.8 49.3 47.6 48.4 49 49.5 50 50.9 51.9 53.3 54.9 56.4 58 59.7 61.3 62.2 61.6 59.7 59.7 58.6 58.2 60.7 61.1 60.5 54.7 51.2 59.8 61.5 63.4 65.2 67.1 67.9 69.6 71.1 71.1 70.6 68.6 67.4 66.4 65.3 61.5 58.2
42.7 41.7 35.7 34.2 34.7 35.1 35.1 35 34.9 34.9 35.1 35.7 46.1 53 58 60 55.9 52 49.1 49.5 53.4 56.8 58.9 59.4 58.7 58 57.9 58.4 59.3 60.8 62.9 65.4 67.5 70.5 72.3 73.2 73.8 72.9 72.1 70.5 67.6 63.9 60.7 58.1 56 52.7 49.2 47.3 47.4 46.5 47 48 49.4 50.9 52.5 54 55.5 57.2 58.6 58.4 55 57 58.2 59 58.5 56.5 58.1 58.4 52.2 50.7 59 60.5 61.6 62.5 64.3 64.5 65.2 66.9 67.9 68.4 66.8 65.8 64.7 62.7 60.4 58.1
41.7 41.9 39 35.9 32.6 34.8 34.6 34.5 34.3 34.4 35.4 36.4 44.1 52 56.5 58.6 56 49.7 48.1 47.5 49.7 53.7 56.6 57.1 56.4 55.7 55.1 55.9 57.1 58.8 61.1 63.7 66.4 69 71.9 74 74.8 74.4 72 69.6 66.7 63.5 60.9 58.4 56.1 53.8 51.5 49.5 47.3 45.7 45.4 44.9 46.5 48.7 50 51.6 53.1 54.7 54.5 53.1 52.1 56.1 58.6 58.7 57.7 55.7 54.2 54.5 49.2 54 57.8 58.1 58.3 59.3 60.2 60.5 60.9 61.1 62.6 65.3 64.8 63.6 62.3 60.8 59 57.3
40.5 39.5 39.2 39.5 33.7 32 33.2 33 34 36.2 36.6 36.9 42.1 52 55.7 58 56.1 51.6 48.7 46.8 47.2 50 53.6 55.1 54.7 54 52.7 53.4 55 56.7 59.2 61.8 64.2 67.3 70.7 73 75.2 74.9 72.5 69.6 63.7 58.4 58.2 56.7 53.4 51.3 49.7 48.8 47 45.8 45.6 45.3 44.6 46.6 47.9 49.2 50.7 50.4 49.2 49.3 51.7 54.6 56.5 56.5 54.4 52.1 51.3 51.6 47.9 52.1 53.6 53.1 54.7 55.9 56.4 56.8 57.1 55.6 56.8 59.8 61.1 60 59.1 57.9 56.5 55.1
40.9 40 39.5 39.3 35 36.1 32.8 33.6 34 34.9 35.9 36.4 37.5 46.9 54.4 56.3 56 52.7 48.8 46.5 46.7 46 50.2 53 53.2 52 51 51.3 52.8 54.7 57 59.4 61.8 64.7 68.4 70.9 73.4 73.5 72.3 68 62.5 58 55.7 54.3 52.6 49.5 47.7 46.9 46.1 45.8 45.3 44.9 44.7 43.2 45.8 47 47.4 45.6 45.6 49.5 51.1 52.3 49.5 45.8 45.5 46.2 45.8 47.4 48.1 48.7 49.3 51.4 52.7 53.6 54 54.8 55.7 53.4 50.5 52.1 53.9 53.9 53.3 53.2 52.8 52.4
41.5 40.6 39.7 39.9 36.2 32.8 31.4 32.4 33.9 33.8 34.6 35.6 37.6 47.5 53.2 54.6 54.4 52.2 49.6 46.8 45.2 44.9 45.8 49.8 51.4 51 50.5 50 50.9 52.7 55 57.4 59.8 62.2 65.9 68.3 70.4 70.8 69.3 66.4 62.3 58.4 54.3 51.7 49.8 47.2 45.7 45.5 45.2 45 44.8 44.5 44.3 42.5 43.1 44.9 45.4 43 45.4 47.3 48.3 46.6 43.7 43.7 44.4 47.2 50.6 50.5 50.9 52.2 53.1 54.9 54.9 55.3 55.1 55.3 56.1 54.6 50.7 47.2 47 47.8 48.2 48.2 48.1 48.2
