webserver/python/data/NY19.asc
ncols 200
nrows 200
xllcorner 310000
yllcorner 590000
cellsize 50
[rows 140 to 174 of 200, columns 0 to 79 of 200]
91.1 91.8 94.2 89.7 84.3 82.5 73.9 70.1 67 67.1 67.1 66.2 63 64.1 65.2 65.5 65.5 68.6 67.2 71.9 78.6 82.4 80.8 77.7 75.3 78.5 79.8 82.3 84 85.3 87.5 87.6 86.4 85.1 84.3 85.7 92.5 93.3 94 96.6 100.5 102.9 106 110.7 123.8 135.8 145.5 155 165.4 176.1 181.5 179.7 176.2 175.7 177.3 173.9 171.5 169.2 164 160.3 159.5 157.3 154.5 153.5 152.7 154.3 159.1 162.8 174.8 190.1 198.1 207.3 215.4 220.2 220 203.2 190.9 189.9 186.9 185.3
91.5 92.5 95.6 88.8 84.6 82.1 73.6 69.3 68.1 67.4 64.8 64.6 64.2 64.5 65.2 65.4 65.4 65.5 68.2 74.1 80.9 83.4 81.4 78.8 78.3 80.1 80.2 82.1 83.3 85.8 86.6 86.9 85.9 84.2 84.4 89.4 95.8 94.8 95.8 97.8 100.6 103.7 109.1 114.9 128.9 140.1 149.7 159 167.3 174.8 179.8 178.3 175.2 173.6 173.7 171.3 168.8 166.2 160.6 157.4 156.8 154.7 152.6 151.8 151.5 154.9 159.9 164.1 174.8 192.5 202.1 212.6 220.4 225.3 222.9 207.9 189.2 188.6 185.1 181.4
91.5 93.3 96.6 88.2 85 80.5 70.8 69.9 70.2 68.6 65.2 65 63.3 64 64.8 65.2 65 65.1 69.2 76.3 81.2 82.6 80.9 80.1 80.8 81.5 80.2 81.3 82.5 84.3 85.3 85.7 84.6 84 84.9 91.3 97.3 95.7 97 99.3 103.4 106.6 115.9 123.8 133.6 142.7 153.6 160.7 167.5 172.5 178 176 172.9 172.1 171.5 168.1 165.5 162.8 158.2 154.4 154.3 153 151.9 150.9 151.9 156.3 161.5 167.9 180.2 195.5 205.4 215.3 224.7 231.2 224.9 210.1 190.7 184.2 181.6 178.7
91.8 93.5 97.6 84.8 85.4 77.5 69.8 68.6 67.6 66.3 65.8 65.3 63.4 63.7 64.4 65 65.5 73 79 79.7 82.3 81.7 79.1 78.7 80.7 80.6 81 81.1 81.3 82.4 83.7 84.1 83.7 83.1 85 93.6 97.6 97.1 98 101.3 105.8 111.7 118.8 127.9 139.1 146.5 152.7 160.5 166 170.7 176.7 173.7 170.6 170.8 168.7 165.8 163.2 160.5 154.4 152.5 152.4 151.4 150.9 150.7 152.8 157 162.3 169.6 184 198.6 208.1 217.6 225.8 232.2 223.7 208.1 192.6 184.2 178.2 175.4
91.7 93.2 93.4 83.3 85.5 72.1 68.3 66.5 65.8 65.8 66.7 65.3 63.9 64.4 64.5 72.3 76.1 81.8 83.1 80.2 81.4 80.2 79 80.1 81.2 80.2 80.9 80.7 81.2 82.2 83 83.7 82.9 82.8 87 95.6 98.7 98.4 99.5 104 111.4 116.9 123.7 131.6 140.6 146.7 151.6 159.2 165.2 169.6 174.7 171.5 168.9 169 167.8 164.9 161.7 158.7 152 151.2 150.6 149.7 149.6 150.2 153.4 158.4 163.9 171.3 185.7 198 209.7 220.3 228 233.5 222.2 211.8 196.5 186.1 175.7 173.5
91.4 90.5 87.8 83 85.3 71.4 69.3 65.8 65.8 65.8 65.5 65.2 63 67.8 76.8 83 83.5 85.7 86 81 82 80 78.1 79.3 80.5 80.6 80.7 80.4 81 82 82.8 83.5 83.3 82.8 88.1 96.6 98.9 99 100.6 105.2 112.4 119.9 126.3 131.9 139.6 146.4 151.6 156.6 163.8 168.8 173.1 169.2 166.5 167.2 166.6 163.4 159 154 150.9 150.1 149.9 148.5 149.1 149.6 152.6 158.7 165.6 173.4 188.5 200 210.9 222.4 229.8 229.9 223.6 217.6 206.2 191.7 176 172.2
89 88.6 82.6 81.6 85.2 73.2 69.2 69.4 65.8 65.8 64.8 63.2 69.1 83.2 89.4 92.5 90 89.1 89.4 79.9 81.7 79.1 77.9 78.7 80.2 79.8 79.8 80.1 80.8 82.2 83.1 83.2 83.3 83.1 89.8 97.6 99.1 100.4 102.9 109.1 115.2 123.2 130 134.6 139 145.8 151.5 156.5 161.4 167.3 171.2 167.1 163.8 165.5 164.7 161 155.6 152.5 150 148.9 147.8 148.1 148.8 149.4 153.4 161.4 170 178.8 189.7 201.4 210.7 222.4 230.3 231.2 219 209.9 203.6 197.2 179.6 172
87.7 86.5 78.5 82.6 84.8 73.6 70 69.7 68.8 68.4 63.6 67 80.6 86.9 96.9 100.2 96.8 92.4 90.1 80.9 81 78.8 79.2 78.1 79.2 79 79.1 79.8 80.6 81.9 83 83.1 83.2 83.5 90.2 98.2 98.8 100.8 103.8 110.6 118.9 126.9 131.2 135.6 139.6 144 149.8 155 160.7 166.6 169.1 164.9 159.7 163.2 162.1 157.9 153.7 151 148.8 145.9 147.9 149.1 148.9 149.4 155.3 167.7 176.6 182.2 190.8 201.3 208.8 218.8 225.9 225.9 217.6 210.8 204.2 198.3 180.5 171.2
87.2 80.4 76.8 75.7 74.6 73 71.6 71.8 71.5 66.7 62.1 77.5 83.6 90.6 101 105.6 99.9 93.7 89.4 79.8 79.8 77.9 77.4 77.7 78 80.5 79.6 79.7 80.7 81.6 83.2 83.3 83.4 84.6 92 98.2 98.6 100.5 105 112.5 120.6 126.8 131.3 134.7 138.5 143.5 149.1 154.3 160.7 166.5 166.9 161.4 157.2 157.4 158.9 155.8 151.7 147.6 145 148.4 148.7 150.7 150.5 151.2 154.4 170.8 182.6 187 195.8 204.7 209.4 218.2 225 223.4 215.3 207.9 202.4 193.8 179.9 170.6
86.2 80.2 77 87.3 84.1 73.9 72.5 72.8 72.3 62.3 71.7 81 86.1 92.1 105.9 107 101.4 95.1 89.3 80.1 77.8 77 77.2 77.5 77.9 79.4 79.4 80.5 81.4 82.2 83.3 84.7 84.4 85.6 93.3 97.7 97.9 99.9 103.9 111.8 120.3 127.8 131.5 134.9 138.5 143.4 149.2 154 160.7 163.1 158.2 154.9 152.1 152.3 151.7 151.4 143.9 144.2 150 150.9 152.5 153.1 154 154.8 159.2 171.3 188.4 192.5 199.2 206.7 211.2 217.3 219 219 213.4 206.1 198 190.4 170.7 168.9
83.8 82.5 78.5 87 83.4 75.7 72.9 73 73.6 62.1 74.2 81.7 86 94.7 108.4 108.3 102 94.1 86.2 79.7 77 76.8 77.3 77.5 77.8 79.1 80.2 81.2 82.1 83 83.8 85 85.1 87.5 94 97.4 97.5 100.5 104.2 113.4 121.5 127.5 131.7 135.1 138.3 143.4 148.7 153.8 158.2 154.4 151.8 148.9 144.1 143.8 139.8 142 145.7 150.9 152 153.1 154.7 158.4 161 162.9 166.7 181 191.8 195.4 198.4 204.9 209.2 210.1 210.9 210.8 210.3 202.1 196.7 180.7 168.1 170.2
85.2 81.9 80.3 85.6 82.8 78.4 75.2 73.6 74.9 65.4 74.7 80.9 87.1 96.8 110.5 108.2 101.2 93.5 84.5 77.7 76.7 76.6 77 78 78.8 79.8 80.9 81.9 82.8 83.8 84.7 85.4 86.4 91.5 94.3 96.3 97.7 99.4 103.6 111 120.7 127.5 131.1 133.9 137.6 142.8 147.7 152.3 151.1 147.9 145.1 135 136.1 137.5 143.9 151.7 152.7 153.4 155.1 156.7 158.4 163.6 167.4 172.5 179.5 188.6 195.8 197.8 198.8 202.9 205.6 205 205.4 202.2 202.9 199.5 192.2 175.8 167.5 172.3
84.9 82.7 79.9 84.4 82 78.9 76.2 75.3 77.3 65.7 72.3 79.5 87.4 95.3 106.9 108 98.9 90 81.5 77.1 76.5 76.4 76.8 77.5 78.8 79.9 81.3 82 82.9 84 85.3 86.5 87.6 92.6 94.2 96.2 98.2 99.3 103.4 113.5 119.6 126.3 129.6 132.6 136.7 142 146.1 146.7 144.1 140.8 133.9 138.1 149.2 151.8 154.7 155.5 156.3 157 157.9 159.7 162.3 167.9 172 179.1 184.8 191.5 199.9 202.5 200.4 202 200.9 201 198.4 196.1 194.6 195.7 188.5 175.6 166.8 166.8
85.6 80.9 77.9 80.1 81 83.3 77.3 80.6 85.5 68.1 66.9 78.9 87 93.8 107.8 106.2 96.9 88.6 81.4 77.4 76.2 76.2 77 77.6 79.7 80.7 81.7 82.7 82.9 84.1 85.4 86.5 87.8 88.9 91.4 96.4 98.4 99 104.5 117.2 117 120.8 123 128.7 132.6 137.2 140.5 138.3 132.7 131.3 137.6 147.7 151.8 155.3 159.7 159.4 159.4 159.9 160.5 162.1 166.6 172.6 177.3 189.6 193.1 192 201.7 207 203.1 200.5 195.8 196.1 194.6 190.2 187.7 183.6 181 170.9 167.6 170.8
83.9 79 77 80.3 79.9 85.5 86.3 89.9 86.9 68.7 62.1 79.6 90.5 96 109.8 103.4 94.7 87.5 81.9 77.3 76.2 76.2 76.8 78.5 79.4 80.3 81.3 82.3 82.4 83.6 85.2 86.9 89.7 92.6 92.7 93 95.2 97.2 107.1 113.7 106.4 103 109.6 116.2 121 128.2 130.9 128.2 135.9 141.6 146.7 152.3 156 160.6 162.7 163.5 163.9 164 164.5 166.1 173 181.2 188.1 195.4 197.2 198.1 202.9 202.5 198.6 197.3 193.6 192 191.8 187.2 180.7 176.2 174 167.2 167.9 174.7
84 81.7 77.2 84.7 78.9 85.6 86.8 89.7 85.4 67.4 62.1 82.1 89 96.4 108.9 101.4 92.7 87.4 82.3 77.7 76.3 76.2 76.6 78 79.4 79.8 80.6 81.6 81.9 83 84.5 86.3 91.3 94.2 94 95.7 96.9 98.7 105.6 110.2 110.7 117.3 122.3 126.9 131.9 130.8 135.8 141.9 145.5 148.1 153.4 159.1 162.2 164.7 166.3 167.5 168.3 168.8 169.9 172.9 179.9 187.4 192.1 195.9 197.8 201.9 203.2 203.6 197.4 195.5 198.3 199.4 194.7 191.4 188.8 186.5 177.5 166.2 165.1 169.4
82 79.4 77.1 81.9 78 85.8 87.7 86 77.1 63.2 64 82.5 89.5 98.5 108.1 98 90.4 87.9 81.8 78.3 76.4 76.3 76.5 77.4 78.9 79.4 80.2 80.9 81.4 82.4 83.6 85.2 89.2 92.6 95.1 96.5 98.4 102.4 111.2 118 120.2 123.6 127.2 132.5 135.7 139.5 142.1 145.9 148.7 152.7 159.8 162.3 165.4 167.3 170.1 172.9 173.5 175.6 177.7 180.7 188 192.9 192.6 198.5 201.4 207.5 206.3 205.1 201.3 199.5 198.6 199.3 195.2 191.7 190 186.5 182.9 175.8 171.6 163.6
80.2 76.6 77.4 80.6 77.1 86.2 87.6 81.9 66.9 61.3 66.1 84.4 89.9 103.5 105.9 95.2 89.1 87.1 81.3 78.5 76.6 76.5 76.4 78.2 78.2 79 79.8 80.4 81.1 83.7 84.5 88.5 93.1 95 96 97.8 100.5 106.9 112.8 117.8 120.9 124.7 130.2 134.7 143 144.2 146.6 149.5 152.9 157.9 160.3 163 166.4 170.3 175 177.6 178.5 180.3 182.7 188.4 195 199.1 198.7 200.2 202.7 207.7 207.4 206.2 201.7 198.7 197.4 196.6 193 191.4 188.6 185.7 184.6 179.8 174.5 164
79.2 75.2 74.8 79.5 76.2 84.7 82.4 73.5 63.9 60.3 72.7 86.6 93.8 106.3 101.9 92.7 87.6 86.1 79.7 78.8 78.2 79 76.1 78.5 77 78 79 79.9 83.7 85.9 86.4 89.8 93.9 94.5 96.1 98.7 102.7 108.5 113.8 118.1 121.4 127.3 133.5 138.7 144.6 149.7 152.3 156.2 160.1 163.2 161.7 163.9 169.2 173.6 178.2 180.7 181.6 183.9 189.3 195 204.4 206.4 203.2 203.3 203.9 205.1 206.2 207.3 202.2 198.5 197.5 195.7 195.8 195.1 192.1 190.6 188 182.6 175.5 170.9
83.6 74.6 73.6 79.2 75.3 81.4 75.1 63.5 60.6 65.8 83.2 90.4 104.7 105.4 99.2 90.6 87.9 84.3 79.8 78.7 80.1 81.8 77.7 78.5 75.8 77.1 77.7 80.1 85.1 85.5 86.3 90.5 93.4 94.2 95.7 98.8 102.8 106.9 114.1 117.1 122.7 128.8 134.9 140.1 144.6 149.5 155.2 161.7 164.8 163.5 162.6 166.1 171.7 177 181.9 183.9 185.2 189 196.7 204.2 210.7 209.4 206.8 204.3 204.4 204.3 205.8 206.8 203.1 202.5 204.8 202.4 203.3 206 201.1 199.2 193.5 186.3 178.3 172
86.3 72.6 72.1 77.2 74.4 76 63.8 60.5 68.9 81.8 92.8 102.4 104.8 102.4 95.8 88 87.3 82.4 80.1 78.1 80.3 80.3 77.6 75.3 75.4 76.8 78 79.6 82.4 84.6 87.7 91.5 93.1 93.7 95.2 98 103.9 110.6 116.4 119.5 123.4 128.8 133.7 139.6 145.4 152.2 157.5 161.9 163.7 164.3 165 171.9 177 182.3 185.5 187.8 191.7 198.4 204.7 210.4 214.9 215.3 208.7 204.6 202.7 204.4 207.2 207.3 205 206.8 208.3 206.5 206 209.5 208.8 203.3 197 188.2 177.5 170
86.2 72 72 75.1 72.8 65.3 61 63.4 79.5 90.2 101 103.6 101.6 98.5 92.8 86.6 85.9 80.1 79.4 78.5 80.5 79.6 77.5 75.6 74.8 76.1 77.6 81.6 85.3 87.6 88.3 91.2 92.6 93.1 94.8 98.2 105.7 112.5 118 121 125.9 131.2 136.6 142.8 149.4 155.2 158.7 161.7 166.9 167.7 170.4 177.4 180.8 187.2 188.4 196.3 202.1 204.8 208.5 212.6 216.3 216.1 209.2 204.4 203.5 207.3 209.2 209.1 207.3 209 208.4 207.3 207.9 211.4 211.9 204.7 196.1 186.4 174.3 167.2
84.2 70.5 68.1 66.8 71 63.8 62.8 76.3 83.6 92.5 98.9 100.5 97.8 94.5 89.6 84.3 84 79.5 78.7 78 80.5 80.3 77.8 74.8 74.9 75.4 80 84.2 85.5 87.5 90 91.4 92.8 94.3 96.2 99.8 108.7 115 120.1 123.5 128.3 134 138.5 145.2 153.4 157.7 161.3 165.9 170.6 169.5 172.3 181 184.9 190.7 193.1 201.1 204.6 206 208.7 213.4 216.9 214.6 208.5 203.1 204.2 207.6 210.2 210.9 210.9 209.6 208 207.1 208.5 210.6 209 202.8 194 183.6 173.1 164.6
83 68.7 64.3 62.1 60.2 59.5 72.4 82.8 84.2 92.2 96.7 96.5 93.9 90.3 86.8 83.4 83.3 80.4 77.5 77.4 79.8 79.7 77.9 74.3 74.2 76.1 78.9 83.3 85.2 87.3 89.4 91.4 93.3 95.7 98.4 102.1 111.1 115 120.4 124 129.6 135.7 140.7 147 152.1 158.6 163.7 168.9 172 170.5 173.9 182.1 188.4 192 194.8 200.8 204.2 205.7 209.3 214.5 217.1 214.7 206.5 201.9 202.9 207.9 212.6 214.9 214.1 211.2 209.1 207.1 208.3 208.1 206.4 199.6 192.6 180.6 169.1 162.7
76.8 58.8 58.6 65.3 69.7 71.5 77.5 79.9 84.6 89.9 92.7 92.2 90.2 87.1 84.4 82 80.5 77.4 76.7 76.7 79 78.6 77.5 73.6 74.4 76.4 80.2 84.3 85.7 87.2 89.2 91.2 93.2 99.5 102.1 108.4 115.9 119.6 123 126.7 132.2 138.3 143.2 149.5 154 158.9 165.5 170.6 171 170.7 174.7 183.6 190.4 192.7 195.5 200.3 204.9 205.5 208.6 211.8 213.6 211.3 203 200.3 203.3 211 217.8 218.6 217.8 213.4 208 206.7 207.8 207.5 204.3 196.8 188.2 176.8 166.5 160.9
60.7 63.1 64.8 69 69.8 71.6 79.3 84.4 83.3 87.9 88.7 87.8 85.9 84.2 83.1 81 79 76.3 75.9 76.3 77.9 77.1 75.4 72.9 74.4 76.6 81 83.4 85.5 86.8 89.1 91.5 97.1 102.9 106.7 110.5 118.5 122.2 125.7 129.5 134.8 140.1 146 151.3 154.2 159.5 166.6 171.4 171.8 170.1 174.4 182.3 185.9 189.2 192.6 197.3 201 202.4 204.6 207.9 209.6 206.1 199 200.1 205 214.9 223.2 222.7 221.7 214.7 208.4 206.4 206.7 206.2 201 193.4 185.1 173.3 163.4 160.3
60.7 63.1 67 68.5 69.8 71.8 80.7 82.2 80.8 84.8 85.6 84.3 82.6 81.4 81.7 79.9 77.4 75.6 75.3 75.5 76.5 76.9 74.9 72.3 73.7 76.3 80.9 83.7 85.4 86.7 88.8 93.4 101 105.3 110.3 114.5 117.8 123.9 128.3 132.3 136.8 142.6 149.1 153.3 155.9 160.9 167 172.9 172.6 168.6 172.3 180.2 184.1 186.5 190.5 194.8 197.1 198.1 201.3 204 204.8 201.5 197 201 209.5 219 227.1 229.3 226.9 219.2 211.3 207.2 204.4 199.3 195.6 188.8 181.7 169.5 160.7 160
59.9 62.2 68.4 67.3 69.4 71.2 78.7 79.2 80.1 82.8 82.6 80.8 80.6 79.2 80.3 78.9 75.8 75.2 74.7 75.5 76.1 76.8 74.2 71.8 73.9 76.2 80 84 85.6 87.6 89.5 93.6 102 106.9 112.4 115.8 121.2 126.4 130.6 134.6 139.2 144.1 150.1 154.1 157 160.3 165.9 172.2 171.2 167.6 171.3 178 181.2 184 187.7 191.8 193.3 194.4 196.8 199.4 200.1 197.4 195.5 204.1 213.7 224.1 230 234.5 230.9 222.5 216 207.2 203 197.3 188.3 184.2 178.4 166.9 160.2 159.7
60 61.8 69.1 66.5 68.8 70.9 77.4 78.3 78.6 80.7 80.1 79.7 79.6 77.3 78.1 78.4 74.8 74.4 74.1 74.8 75.8 76.7 73.2 71.3 74.2 77.1 81.6 83.7 86 88.2 90.9 95.6 102.9 109.9 115.2 119.1 124.2 129.7 135.4 138.1 142.5 147.1 151.5 154.9 158.2 161.5 165.1 170.7 170.2 167.3 170.2 176.5 179.3 181.8 185.7 189 190.5 191.1 193.6 196.4 196.9 194.8 194.9 207.1 220.2 230.2 233.7 237.2 235.6 226.6 219.8 205.9 201.7 195.9 188.2 179 173.8 164.4 160.8 159.7
59.5 61.6 65.2 68.6 68.2 72.3 76.1 76.4 77.6 79 78.1 77.9 77.1 75.4 77.8 76.2 74.8 73.6 73.5 73.8 75 76.9 71.6 71.2 73.5 78 80.8 83.6 85.2 87 90.6 96.8 105.3 112.2 117.2 120.8 125.7 131.2 137.4 142.4 146.5 149.6 152.9 155 157.7 161 164.8 169.5 170.1 167.6 169.9 174.1 177.4 180.2 183.7 186.4 187.8 188.8 193 194.4 195.8 193.2 198.3 214.8 227.5 234.1 235 237.3 234.5 224.1 216.3 204.5 199.8 194.2 188.5 181.5 173.2 163.7 161.5 159.7
58.9 60.2 63.8 66.6 67.7 73 74.9 75.8 76 76.2 74.8 75.6 75.4 75.2 75.9 74.7 74 73.6 73.3 73.1 74.4 74.4 71.9 70.6 73.5 77 80.3 83.7 85.7 89.7 92.3 100.8 111.2 116.5 119.6 123.8 127.8 132.5 138.8 144.2 148.3 150.9 153.5 155.1 157.2 159.8 163 165.9 165.4 164.2 166.8 171.1 175.5 178.2 181.1 184.1 185.4 187.4 191.8 194.4 194.5 194 203.3 220.5 232.8 234.6 235 234.6 232.9 221.9 212 202.9 197.8 192.4 186.1 179 171.3 163.2 161.2 159.8
62.8 60.3 63.8 65.8 67.2 74.8 73.3 74.3 73 72.2 71.5 73.8 73.1 74.5 74.3 73.3 73.3 73.6 73.4 73 72.3 70.8 70.8 71.2 73.9 76.7 79.8 83.2 89.6 94.4 99.3 107.1 112.9 119.6 127.8 132.1 134.2 137.1 141 145.4 150.2 152 154.2 156.3 157.6 159.6 161.4 162.6 162.4 162.6 164.7 169.8 173.4 175.7 178.4 181.8 183.4 186.2 189.4 192.2 194.5 200 211.6 225.7 236.2 236 233.4 230 227.5 220.5 209.8 201.2 195.4 189.8 184 176.1 167.5 163.9 162.5 160.3
62.8 59.2 63.4 65.1 66.7 72.2 73.1 73.5 70.4 68.2 68.2 69.9 71.4 73.1 72.8 72.7 72.9 72.7 72.7 70.7 68.8 69.8 72 72.2 78.4 78.5 80.9 86.7 91.5 97.9 103.7 109 115.2 126.6 132.1 136.7 139.3 142 144.2 148 151 152.8 154.6 156.8 158.3 160.1 161.6 161.8 161.1 161.7 163.7 168.6 172.1 173.9 176 178.2 182.3 186 190.6 195.7 202.9 213.3 220.8 230.5 237.4 236.3 231.7 225.3 220.8 216.6 205.8 196.2 191.7 186.6 177.7 170.8 174.8 172.6 167.5 161
62.3 58.3 62.8 64.7 65.7 72.9 73.8 71.1 67.8 66.5 65.9 67.1 69.6 72 72.6 72.2 72.6 72.4 70.1 68.3 73.8 74.6 73.3 73.5 78.7 78.3 86.5 91.6 96.9 101.9 107 111.9 117.8 126.1 134.1 138.6 141.1 144.2 147.6 150.6 151.4 153.7 155.5 157.3 158.9 160.6 161.7 161.7 161.3 161.7 163.9 167.4 170.1 171.9 176.1 178.9 182.3 186.4 191.8 198.6 215 228.4 231.3 234.5 237.2 234.6 228.8 221.9 214.9 210 202 193.1 187.5 182.2 181.8 184.2 185.2 183.5 176.6 169.4
61.3 58.5 62.7 64.6 64.6 71.3 72.5 68.7 65 64 63.7 64.7 67.6 70.1 70.8 69.9 69.3 68.6 67.7 73.3 76.3 75.4 75.2 75.3 76.8 81 86.3 94.5 99.7 103.5 107.9 113.3 119.1 125.3 132.8 138.4 143 147 151 153.6 154.4 155.2 156.5 158.4 158.9 160.4 161.6 161.6 161.5 161.5 164.3 166.1 169.4 172.3 176.4 179.6 182.3 187.5 194.4 207.2 226.4 240.5 246 240.2 238.2 234.1 225.6 217.9 211.1 205.4 200.4 195.2 186.2 183.7 190.9 194.7 197.1 195.1 190.1 181.6
