webserver/python/data/NY23.asc
ncols 200
nrows 200
xllcorner 320000
yllcorner 530000
cellsize 50
[rows 105 to 139 of 200, columns 0 to 77 of 200]
162.2 160.3 157.1 152.9 152.4 151.9 151.5 151.6 152.1 153.2 154.1 155.3 155.9 158.3 159 161.4 163.2 164.2 166.2 166.5 168.7 171.7 174.7 176 177.6 179.3 180 181.6 183.5 184.8 187.9 191 196.8 203.1 211.1 218 223.5 228.2 229.3 228.7 227.4 228.1 228.7 228.7 229.9 233.1 236.3 238.9 241 239.9 240.2 242.9 244.1 245.9 247.4 249.2 249.9 249.3 248.8 248.4 247.3 245.1 243.1 243.5 242 240 238 236.1 234.9 234.6 234.2 234.6 234.4 233 232 231 227.6 224
165.4 163.5 160.8 156.9 155.6 155.1 154.6 154.2 154.6 155.5 157 158.8 160.5 159.9 161 162.2 163.1 165.6 167.4 168.2 170.1 172.7 175.2 178.3 180.9 180.6 180.5 180.1 182.7 185.7 187.2 188.4 189.3 196.3 204 212 219.7 224.3 225.6 225.7 223.2 223 222 221.3 222.5 224.2 226.4 228.3 230.2 232 231.7 233.5 236.1 239.6 241.9 242.8 242.6 242.3 242.2 242.4 242.4 239.7 239.4 240.5 238.7 236.7 234.8 233 232.3 232.3 233.9 233.8 230.9 229.5 228.2 226.2 223 219.3
168.7 165.6 162.7 160.9 158.7 158.2 157.8 157.5 157.6 158.4 159.9 160.3 160.4 161.7 161.6 162.9 164.3 165.6 167.4 168.4 170.3 172.8 175.6 179 181.3 183.2 184.5 185 186 188.1 189.2 189.7 190.4 192.1 197.7 203.7 212.4 220.7 223.6 222.8 221.4 216.9 215.1 213.7 215.3 216.9 218.7 219.4 221.1 222.8 224.4 227.3 230.5 233.7 235.5 236.3 236.4 236.2 236.1 236.4 236.6 236.7 236.1 237.5 235.5 233.5 231.5 230.7 230.1 229.4 229.6 229.3 228 225.3 224 221 218 214.9
169.8 168 165.7 163.9 162.5 162.2 161.7 160.7 160.9 161.2 162.4 161.6 160.5 160.9 163.1 163.4 164.8 166.1 167.2 168.8 170.5 173.1 176.4 179.8 181.1 181.6 184.8 188.3 189.4 190.6 190.5 191.1 192.2 193.2 196.7 200.6 207.2 214.4 220.5 220.4 217.9 211.6 209.7 206.9 208 209.5 211 211.8 213.9 216.3 218.6 221.5 224.8 227.4 229 229.5 230 230.1 230.1 230.3 230.5 232.3 233.1 234.4 232.2 230.2 229.1 228.5 227.8 227.2 226 225 223.2 221.4 220.3 217.6 214.9 211.9
170.9 171.4 171.4 170.4 169.4 167.4 165.6 165.7 163.9 164.7 164 162.9 161.7 160.9 162.3 164.4 165.3 166.8 169 168.3 170.6 173.5 176.9 180.3 180.1 181 184.3 187.6 190.8 191.1 192 194 195.6 196.5 198 200.8 204.2 208.8 213.1 216.7 212 207.2 203.3 200 201 202.4 204.2 206.3 208.4 210.7 213 215.8 218.8 221.1 222.3 222.7 223.2 223.7 225.3 227.1 229 230.8 231 231.2 229 227.4 226.8 226.4 226 225.6 223.3 220.6 219.4 219.7 220.2 217 213.9 210.8
171.5 172.4 173.3 174 171.5 168.1 167.3 168.5 168.5 167.9 165.5 164.2 163 161.9 161.5 163.6 165.7 167.3 168.6 166.8 169.7 171.3 172.7 173 173.4 177.8 182.3 185.5 188.7 191.1 193.4 197.4 199 199.3 199.4 200.4 201.7 204.4 206.4 207.1 203.1 198.9 196.5 194.9 195.1 196.9 198.9 200.9 203 205.2 207.4 210.1 212.5 214.7 215.5 216 217.1 220.8 223.8 225.7 227.3 226.8 227.1 227.9 226.2 226.2 225.7 225.3 225 223.9 221.7 219.2 218.5 218.8 216.4 214.5 212 209.4
169.3 170.1 171.2 172.7 172.4 168.8 169 170 170.7 169.1 167 165.7 164.5 163.3 162 162.5 163.8 165.1 166.9 165.3 169 169.9 170 169.8 169.7 172.2 176.6 178.2 180.9 184.8 190.3 195.2 200.5 200.7 200.5 197.8 198.5 199.7 199.2 197 193.4 190 190.4 189.1 190.1 191.6 193.6 195.6 197.6 200.1 201 203.9 206.2 208.3 208.7 211.6 215.2 218.9 222.4 223.8 223.3 222.8 223.5 224.5 223.6 225.7 225.2 224.6 224.1 222.9 220.8 218.6 218 216.4 213.9 211.5 209.9 210.6
166.9 166.5 167.6 170.1 171.2 168.2 167.8 168.3 169.4 169.7 168.4 167.2 164.7 162.2 160.3 160.7 161.3 162.5 164.1 164.6 166.3 166.7 166.9 166.9 166.8 167.3 171 172.6 173.4 177.8 183.4 187.4 191.7 195.7 197.4 193.8 192.3 193.9 196 193 185.4 184.2 184.5 185.8 187 188.3 190.2 193 195.8 197.8 198.1 201.9 201.7 202.4 206.1 209.6 213.2 216.8 220.3 219.8 219.2 219 220.1 221.1 221 224.6 224.6 224.1 223.6 222 219.9 217.8 216.3 213.8 212.5 211.2 211.3 212.2
165.6 161.9 162.6 165 166.6 164.9 163.8 165.2 166.3 166.6 166.3 163.8 161.3 158.7 159.1 159.5 160 160.4 161.3 162.2 162.8 163.1 163.4 163.8 163.9 164.4 165.3 166.9 167.1 168.2 172.5 175.5 178.7 182.6 186.7 183.9 180.8 180.5 183.9 188.8 171.7 177.4 182.4 184.2 185.8 187.1 188.8 191.4 193.6 195.5 196.3 199.1 198.6 199.4 203 206.6 210.1 213.7 216.9 216 215.4 214.7 215.7 217.3 219 222.8 224.1 223.6 223.1 220.5 218.5 216.5 215.8 215 214 212.7 212.1 212.8
160.3 158.7 157.3 157.5 158 158.6 160.8 162.3 163.3 163.1 162.9 160.3 157.8 157.4 157.9 158.3 158.8 159.2 159.4 159.5 160.1 160.4 160.7 160.8 160 159.4 160.1 160.1 160.1 161.4 163 165.7 168.5 171.3 173.9 171.3 168.6 167.1 168.2 166.4 174.5 176 179.3 182.6 184 185.6 186.4 189.8 191.4 193.2 192.8 194 196 196.6 199.9 203.5 207.1 210.3 213.5 212.4 211.6 210.5 212.2 216.1 219.7 222.1 223.6 223.1 222.2 219.7 216.8 215 214.4 213.9 213.1 212.3 212 211.6
154.2 152.5 150.8 150.6 151.2 153.2 155.9 158.3 159.8 159.6 159.3 156.9 155.7 156.2 156.6 156.9 156.6 156.9 157.8 157.6 157.4 157.6 157.7 157.5 157 155.3 153.7 153.5 153.2 154.8 156.8 159.3 162 164.7 166.9 164.7 162 159.8 161.7 167.1 168.9 171.7 175.7 180.2 182 184.2 183.1 184.3 187.2 189.1 187.3 191.9 195.9 194.2 196.9 200.5 203.8 206.9 210.1 209 209.3 211 213.8 217.4 218.6 219.8 221.1 221.6 220.8 219.1 216.4 214.6 213.6 212.6 211.9 211.3 211.3 212.1
148.4 145.3 144 143.9 144.7 148.3 151 153 154.5 155.8 155.7 154.1 154.5 154.4 154.2 153.9 154.4 155.5 156 155.8 155.3 154.5 154.7 154.2 153.7 152.2 150.2 149.2 148.7 148.6 150.6 152.8 155.5 158 159.9 160.2 156.1 158.1 161.2 165 168.7 170.9 174.7 177.8 180.8 181.9 176.8 178.9 181.6 183.7 183.6 189.4 195.2 192.7 194.2 197.3 200.4 203.5 206.6 206 208.2 210.3 212.7 215.5 215.8 216.8 218.4 219.4 218.6 217.2 216.2 214.4 213.8 212.8 211.8 210.9 210.7 211.7
139 137.5 137.8 137.8 139.9 143.5 145.8 147.5 149 150.3 151.8 152 151.8 151.5 151.3 151.9 153 154.1 154.2 153.8 153.1 153 152.4 151.5 150.7 148.6 146.9 146.3 146.1 146 147.1 148.6 150 150.7 149.5 149.7 160.7 160 160.8 164.5 167 169.3 170.8 173.7 176.6 178.5 172.1 182.5 184.8 187.2 188.2 190 192.2 195.2 196.9 198.2 199.6 201.4 203.1 202.6 204.2 205.6 208.1 213.1 213.5 214 215.9 217.7 216.6 215.5 215.4 214.2 214 213.2 212.5 211.9 211.8 211.8
131.6 132.7 133.7 133 135.1 138.3 140.1 142 143.7 145.6 147.4 149.1 148.9 148.6 149.4 150.5 151.6 152.6 152.4 151.8 151.7 151.7 150.5 149.5 148.8 144.8 143.9 143.8 143.7 143.6 144.2 145.7 147.1 148.5 150 155 159.9 159.8 160.6 162.3 164.6 167 168.1 169.5 172.4 175.7 172.1 181.1 184.1 186.2 186.5 188.3 189.1 191.9 194.1 196.7 198.5 200.2 200.4 197.4 199 202.1 205.6 210.3 211.4 211.6 213.7 214.8 213.7 213.5 214 215.3 216.2 215.7 214.5 212.9 211.8 212.2
126.3 127.5 128.6 128.3 130.2 132.1 135.4 138.5 140.5 141.9 143.4 144.9 145.9 146.9 148 149.1 150.2 150.8 150.5 150.4 150.4 150.3 149.1 147.8 145.9 142.4 141.3 141.4 141.3 141.2 141.3 142.7 144.8 147.5 150.3 153.2 155.7 157.5 158.7 160.1 162.3 164.6 166.2 166.6 169.2 168.7 174.6 175.9 181.3 181.3 181.3 183.4 185.5 187.3 189.1 193 194.6 195 195.8 195.2 200.8 200.9 204.9 209 209.6 211.1 214.2 213.5 214.7 215.5 216.5 217.9 219 217.3 215.5 213.8 212.1 213.3
120.5 122 123.4 123.7 126.1 129.4 132.6 135.6 137.7 139.1 140.5 141.9 143.4 145.1 146.3 147.5 148.6 149.5 149.4 149.4 149.3 149.2 147.6 146.2 144.4 142.2 138.5 138 138.1 138.2 138.8 141.3 143.8 146.2 148.7 150.2 151.6 154 157.1 158.7 162.4 164.3 156.7 158.5 157.9 157 163.9 168.1 171.2 172.9 176.6 179 181 182.3 185.1 189.3 190.9 187.9 194.4 196.9 197.6 201 205.9 210.7 213.3 215.1 217.7 218.4 218.1 217.5 218.9 220.5 221.9 220.4 219 217.3 215.5 214.8
115 117 120 121.4 123.4 126.6 129.6 132.6 134.9 136.3 137.7 138.8 140.3 142.6 144.3 145.5 147.6 148.9 149 149 148.9 147.3 145.5 143.6 142.7 141.3 137.5 135 134.7 135.7 137.2 139.3 141.8 144.3 146.5 147.4 148.4 150.1 155.8 160.2 157 146.1 160.1 158 163.3 167.2 170.5 169.1 167.6 169.1 173.1 174.8 176.9 178.7 179.5 182.5 184 189.8 192.5 194.7 196.8 200 203.8 208.9 211.5 214.9 217.5 220.2 220.6 219.9 221.5 223.2 224.7 223.3 221.9 220.4 219 217.7
111.3 114.6 117.8 120.8 120.6 123.6 126.6 129.7 132.1 133.4 134.6 135.6 137.3 139.5 141.7 144.4 146.7 148.2 148.4 148.5 147.2 145.4 143.6 141.7 140.1 140.1 138 133.3 133.1 134.5 136 137.4 139.9 142.3 143.7 144.7 145.7 146.6 150.4 143.8 139.5 156.1 161.7 163.8 164.8 165.8 170 172.7 172.1 174.3 172.6 175.3 176.3 176.5 177.7 180.5 185.3 189.3 191.1 193.2 196.3 199.4 202.5 206.3 209.6 213.4 216.6 219.8 220.7 222.3 224 225.8 227.4 226.5 225.8 224.4 222.8 219.6
107.1 110.5 113.8 116.9 118.3 120.4 123.2 126.6 129.5 131.7 131.2 132.3 135.5 140.5 143.1 145.7 147.9 148.4 148.2 148.4 146.2 143.5 141.7 140.2 138.5 136.4 137.9 132.7 132.1 133.3 134.8 136.2 137.9 140 141 142 143.1 142.6 139.5 142.4 151.6 155.3 157.2 159.4 162.4 164.7 166.7 171.4 176.4 177.9 178.9 178.9 180.3 182.1 182.1 183.9 188.2 189.9 191.1 192.8 196.3 199.8 203.3 206.5 208.8 212.8 216.2 219.4 220.6 223.7 226.1 227.9 230 231.3 229.7 228.1 226.5 222.7
102.9 106.2 109 111.7 114 118.1 119.9 121 125.1 129.8 129.1 131.3 138.8 141.6 144.2 146.9 149.2 148.8 148.4 148.2 145.4 142.8 140.6 139.5 137.3 134 134.2 134.3 132.1 133.2 134.4 135.6 136.5 137.2 138.6 139.7 140.8 136.4 136.8 140.8 145.3 150.7 152.3 155 158.2 161.5 165.2 168.1 170.4 173.3 178.4 178.8 180.5 183.1 185.7 186.8 188.9 190.6 192.2 195.3 198.4 201.9 203.8 207.8 210.5 212.8 215.8 219 221.9 225.1 228.2 230 232.5 234 233 231.6 230.3 225.9
99.7 101.3 103.8 106.6 109.7 114.6 118.9 119.5 120.8 127.1 131.4 133.7 140.1 143 145.5 148 149.8 149.7 150 150.5 148.4 146.5 144.9 142.8 138.5 134.4 132.3 131.8 131.5 132.1 132.8 133.6 134.3 134.9 135.5 136.1 136.1 132 135 138.7 142.6 146.5 148.7 151.3 154.7 160.2 163.9 166.9 169.3 171.4 173.6 177.3 180.4 183.2 186 188.4 189.8 191.8 194.4 197.1 199.8 202.4 205 208.8 211.7 214 216.9 219.8 223.7 226.6 229.7 232.1 234 235.7 236.2 235 233.2 228.2
98.4 100.5 101.4 102.3 104.8 108.6 113.3 117.2 120.7 126.7 131.8 136 141 144.8 147.3 149.9 152.6 153 153.5 154 151.9 150.3 148.8 147.5 142.8 136.4 130.8 130.1 129.9 129.8 130.7 131.4 132.1 132.7 133.3 132.5 132 130.5 132.8 136.7 140.8 144.4 146.6 148.8 151.3 155 160.4 165.7 168.1 170 171.1 174.9 179.4 182.8 185.6 188.3 190.1 192.3 194.8 197.1 199.7 201.8 204.9 207.5 210.9 214.9 217.7 221.3 225.9 228.7 231.6 234.9 236.9 239.1 240.2 238.7 235.6 230.5
98.8 100.7 101.1 101.6 103.7 108 109.9 114.7 119.7 123.4 129.3 134.3 139.7 145.8 149.4 152.7 155.3 156.4 157 157.5 155.8 154.1 152.4 152.4 150.2 143.2 130.3 126.6 126.4 126.8 128.2 128.9 129.6 129.5 129.5 129.1 129.4 130 130.9 135.2 139.4 142.2 144 145.8 147.4 149.3 156.6 161.8 163.9 166.4 169.9 172.6 177.1 182.1 185.2 188 190.5 192.7 195.5 197.8 199.8 201.8 203.7 206.4 209.9 214.5 218.5 223.1 228.1 231.6 235.4 238.8 241.6 243.5 244.3 241.9 237.7 232.9
96.6 98.2 99.9 100.6 102.2 107 111.3 113.5 116.7 119 124 128.8 137.1 142.7 147.6 152.6 156.2 157.4 158.8 159.8 159.4 157.7 156.8 155 151.8 143.2 129.1 125.7 122.4 123.1 126.2 126.5 126.1 124.9 124.7 127.1 130.1 130.6 129.1 131 135.7 138.7 140.7 142.4 144.6 147.9 151.4 155.4 157.7 160.4 165.3 170.6 174.7 179.7 184.8 187.6 190.3 192.9 194.8 196.2 199.3 202 203.7 205.5 208.8 213.6 219.3 224.4 230.2 235.8 239.2 242.6 246 248 248.1 245.3 240.1 235.2
94.7 97.3 98.1 99.1 100.7 105.2 109.3 110.8 112.9 115 117.1 120.4 129.3 137.9 144.1 149.8 155.5 159.6 160.7 161.3 161 162.3 159 157.2 152.1 138.8 127.7 124.2 120.7 120.2 124.3 124.5 123.7 121.9 121 123.7 126.8 128.9 129.6 131 133.3 135.5 137.6 139.3 140.8 142.7 146 149.7 153.6 158 159.7 164.1 170.5 175.7 180.7 185.2 188.8 190 191.8 194.8 198.5 202.1 205.2 207.5 210.6 215.4 220.3 226.1 233.1 239.5 243.4 246.8 250.1 252.3 252.7 248.8 243.1 237.2
97.5 98.3 99 100.2 100.8 103.3 106.8 108.4 109.1 110.8 112.6 115.3 118.9 126.4 135.1 145.8 154 158.7 161.7 162.8 164.7 168.2 164.9 160.9 151.8 139.3 125.8 122.1 118.5 118 122.3 122.3 121.2 120.4 119.9 120.3 121.7 125.4 129.1 131.7 134.3 136.3 138.4 139.7 139.8 140.8 143.3 146.6 150.8 155.9 157.7 162.2 168.6 172.7 176.8 179.4 182.4 187.7 191.9 195.7 199.2 203.2 207.2 209.9 214.2 219 223.8 231 237.1 243.2 247.2 251 253.9 256.4 255.7 251 245.2 238.3
98.4 100.5 101.5 101.7 101.9 103.7 105.5 105.9 106.6 107.3 108.7 110.4 113 116.2 123.2 132.3 142 149.4 156 161.3 164.1 164.4 164.3 160.8 151.9 137.2 125.6 119.7 116.2 115.6 119.1 120.2 119.7 119.2 119.1 119.2 119.3 124.1 129.7 132.8 135 137.6 139.2 140.1 140.2 141.3 141.8 144 148.4 153.7 157.2 161.7 165.5 169.2 172.3 177.1 182 187.4 192.8 197.6 201.4 205.7 210.3 214.9 218.6 222.7 227.9 235.6 243.2 248.6 252.4 255.7 257.4 257.6 252.7 249 245 239
98.9 101.1 102.8 101.7 101.9 103 103.8 103.7 104.1 104.8 105.5 106.7 108.3 110.2 112.3 118.1 125.1 132.6 142.3 149.5 153.5 155.5 155.8 153.2 145.9 135 123.7 116.7 113.2 110.9 114.9 117.8 116.8 115.9 118.8 118.9 121 125.2 129.6 133.5 137.1 139.2 141.4 143.2 144.4 145.7 146.9 149.6 149.6 152.4 157 160.9 161.9 164.6 172.2 177.7 183.2 188.7 195.7 203 208 212.2 216.6 220 223.7 227.3 232.2 239.7 247.2 253.5 258.3 258.8 259 254 248.3 243.9 239.4 238.6
98.9 99.8 100.4 101.1 101.4 101.3 101.2 100.7 101.2 101.7 102.2 102.9 104.1 105.5 107.1 108.9 110.7 117.9 126 132.3 135.7 138.1 138.5 135.4 133.4 130.7 121.8 113.5 110.7 109.1 110.7 115.2 114.3 113.3 113.8 120.5 123.1 126.2 129.1 133.6 137.3 141 144 146.6 148.7 150.2 152.1 153.3 151.9 152.4 156.9 161.4 162.5 164.7 171.1 176.6 183.5 192.6 201.7 209.2 215.6 220.3 224.9 228 230.7 233.2 237.2 242.8 250.6 256.5 260.2 260.3 258 253 247.7 243.6 240.3 237.6
96.7 97.4 98 98.1 98.3 98.3 98.1 97.4 97.6 98.8 98.9 99.7 100.2 101.1 102.4 104 105.7 107.4 108.3 111.8 114.6 116.2 116.8 119.2 120.5 120.9 114.8 109.2 109.5 108.6 111.3 112.6 111.7 109.9 113.2 121.2 124.5 127.2 129.8 133.8 137.5 142.1 146 149.2 151.9 153.9 155.1 156.3 155.7 155.2 156.9 161.4 163.2 166.5 170.5 178.7 187 197.3 206.9 215.5 223.1 227.9 232.5 235.2 237.6 240.7 244.3 248.5 253.6 258.6 260.6 259.8 256.4 251.5 248 244.6 241.3 234.8
94.3 94.5 94.7 94.8 95 95.1 95.3 95.1 94.8 96 95.6 95.6 96.5 97.5 98.7 99.7 101 102.4 103.4 104.1 104.3 101.6 109.2 108 111.3 108.8 101.8 101.6 103.8 104.8 107.2 108.3 110 110.4 116.2 120.5 123.8 127.2 130.5 134.1 138.6 143.2 147.5 150.8 153.7 156.1 157.7 159.2 159.2 159.5 161 162.2 165.2 169.4 174.8 182.4 190.9 202.3 211.8 221.3 230.6 235 238.6 241.8 245 248.1 247.4 249.1 253.2 254.3 254.5 257.1 255 251.1 249 243.8 235.5 230.3
91.5 91.5 91.6 91.7 92.4 93.2 93.2 93.1 92.9 93.1 91.7 90.4 92.8 94.4 95.2 96 97.2 98.4 99.7 100.8 100.6 99.9 99.9 98.7 98.4 96.4 97.3 100 102.4 101.9 102.5 105.4 108.4 111.4 115.6 119.9 123.6 127.2 130.7 134.8 139.8 144.3 148.6 151.5 154.5 157.8 159.9 162.2 163.9 163.7 165.2 167.1 169.4 173.5 179.4 185.8 195.1 206.2 215.8 225.3 235 241.2 243.5 247.2 249.1 249.9 250.3 250.4 246.9 246.8 246.7 250.3 252.5 252.2 247.2 240.4 226.8 218
88.8 88.8 88.8 89.2 90.5 91.3 90.6 90 90.4 89.5 89.5 90 90.8 91.8 92.2 92.6 93.5 95.2 97 98.1 97.4 96.8 96.7 94.2 94.7 96.1 98.4 101 103.3 104.1 102.6 102.9 107.2 110.8 115.3 119.2 123.4 127.6 131.1 135.2 140.7 145.4 148.7 151.9 154.8 158.1 161.3 166 168.5 167.9 169.4 171 174 177.5 183.8 190.1 200.1 209.9 219.1 229.1 238.6 241.2 242.4 245 247.9 246.1 244.9 240.5 240.7 240.5 240.1 241.2 243.9 245.7 236.5 221.4 210.1 200.9
86.1 86 86.2 86.2 86.2 87.2 85.8 85.1 85.6 87 87.6 88.1 89.1 90 90.4 90.7 91.4 92.5 94.3 95.2 94.4 93.7 94 95.9 96.4 97.6 99.4 101.9 104.1 106.4 105.6 105.1 108.2 111.7 115.9 118.6 122.1 126.9 131.6 135.6 140.8 145.6 149 152.1 155.3 158.3 161 165.7 169.5 172 173.6 175.4 177.3 180.4 186.8 194.1 204.3 212.2 222.2 230.4 234.7 238.3 236.6 240.2 238.3 234.8 231.6 228.8 229.8 228.4 229.7 226.4 221.6 215.5 206.6 195.2 189.8 180.4
83.3 83.2 82.1 82.7 82.5 82.9 81.3 79.9 82 83.6 84 85.2 86.8 88.1 88.4 88.7 89.6 90.3 91.6 92.2 91.4 90.9 91.8 96.2 98.1 99.3 100.4 102.7 104.9 107.7 109.6 109.3 111.3 114.3 118.3 119.6 120.7 125.6 131 135.4 140.5 145.4 149.5 152.8 155.9 158.2 160.8 164.9 168.7 173.6 177.8 180.9 182.4 183.5 189.4 197.8 206.7 214 220 226.3 227.8 226.6 227.4 229.3 226.9 223.8 220.8 218.7 217.6 214.8 209.6 201.7 195.4 189.5 179.8 173 169.4 164
