webserver/python/data/NY27.asc
ncols 200
nrows 200
xllcorner 320000
yllcorner 570000
cellsize 50
[rows 111 to 147 of 200, columns 84 to 167 of 200]
81.7 82.6 82.2 72.4 65.3 62.5 62.1 62.5 63.3 71.2 79.5 84 83.2 83.4 83.5 83 82.2 80.8 80.2 79.9 77.4 77.8 76.9 77 76.7 76.1 76.5 76.2 76.8 78.5 83.2 86.8 87.9 88.7 89 88.4 87.6 85.8 84.3 83.9 83.9 84.6 84.5 84.7 85.9 87.8 89.3 90.3 91.1 91.9 92 91.3 90.3 87.6 88.5 89.3 89.5 90.3 91 91.9 93 94.5 93.9 93.8 93.8 93.9 94 93.3 92.1 93.8 97 99 100.2 101.6 102.9 103.5 104.2 104.6 104.3 104 103.6 103.2 102.8 102.4
80.4 81 81 67.3 62.8 59.7 62 62.5 70 81.1 85.2 85.8 86.1 86.3 86.1 85.5 85 83.9 82.6 82.5 80.7 80.4 80 79.3 78.7 78.1 77.6 80 81.3 81.3 81.3 79.9 80.7 85.5 86.6 86.1 87.1 86 84.3 83.9 84.2 85 84.8 85.6 86.5 88.9 91.2 92.5 93 93.4 92.6 91.8 91 88.5 87.1 88.1 88.3 89.1 90.1 91.1 92.1 92.9 92.7 92.7 92.4 92.1 91.9 91.9 91.9 93.7 96.5 98.5 100.3 101.5 102.4 102.9 103.4 104 103.7 103.3 103 102.6 102.2 101.7
79.3 80.2 81.2 60.3 60.1 61.9 63 72.3 82.3 85.2 86.3 86.9 87.1 87.6 87.7 87.3 87.2 86.2 85.2 85 83.4 82.8 82.2 81.5 80.8 80.1 79.4 81.8 83.7 85.2 86.3 86.5 86.2 81.7 83.9 83.3 83.7 84.5 84.5 84.4 84.8 85.2 85.9 86 86 88.6 91.3 93 93.6 93.3 92.3 91.2 90.1 88.6 86.3 87.3 87.3 87.3 88.5 89.8 90.7 91.6 91.7 91.9 91.6 91.3 91.1 90.9 92.1 93.7 96.1 98.2 100 101.2 101.8 102.4 103 103.6 103.2 102.7 102.3 101.9 101.5 101
78.2 79 75.8 61.3 68.1 79.8 83.8 84.2 84.8 86.1 87.2 88.2 88.6 89.1 89.3 89.1 89.2 88.5 87.9 87.5 86.2 85.3 84.5 83.8 83.1 82.4 81.6 81.9 84.6 86 87.5 88 88.1 87.4 87.4 85.6 85.7 85.4 85.5 85.6 85.8 86.2 86.4 86.5 86 86.9 89 90.9 91.8 92.3 91.1 90 88.8 87.4 85.2 85.7 86.3 86.1 86.6 88.5 89.7 89.9 90.7 90.9 90.8 90.6 90.4 91.7 93 94.1 95.6 97.8 99.7 100.5 101.2 101.7 102 102.3 102.2 102.1 101.7 101.3 101.2 101
76.8 76.8 70.5 60.7 73.4 80.8 82.5 84.6 86 87 88.9 90.2 90.4 90.6 90.9 90.9 91 91.1 90.8 89.9 88.9 88.1 87.1 86.1 85.4 84.7 83.9 83.2 84.2 85.8 86.7 88.2 89 89 88.4 87.9 88.5 88.6 88.4 88.3 87.9 88 87.8 87.6 87.2 87.6 88.7 89.5 90.4 91.2 90.7 89.8 88.4 87 85.2 85.1 85.4 85.8 88.5 88 89.9 90 90.2 88.2 90.2 90.5 91.7 92.8 94 95.1 96.3 97.9 99.2 99.9 100.2 100.4 100.8 101 100.9 100.8 101.4 101.4 101.4 101.3
75.8 72.1 61.5 66.4 77.3 80 81.3 82.9 84.9 87.4 89.7 91.6 92.5 92.9 93.2 93.5 93.8 93.6 93 92.5 91.4 90.7 90.6 89 87.9 87.7 87.4 85.9 86 86 86.8 89.1 90.5 90.8 91 91.1 91.5 92.3 92.5 92 90.9 90.3 89.5 89.1 88.7 88.9 89 89.4 90 90.4 90.4 89.7 89.4 88.3 87.3 86.6 85.3 84.1 88 91.3 90.9 90.9 89.6 89.5 91 92.3 93.8 94.8 95.7 96.1 97.1 97.7 97.9 98.9 99.2 99.3 99.5 99.6 99.6 100.3 101.3 101.7 101.8 101.8
69 62 65.5 75.7 78.5 79.6 80.8 81.9 83.9 86.4 89 91.4 93.7 94.6 95.5 96.4 96.5 96.2 94.7 94.5 94.3 94.1 94.3 96.2 95.8 92.5 92.6 89.8 89.5 88.6 89.2 91.8 93.7 95.4 95.9 95.6 95.9 96.7 97 96.3 94.8 93.9 92.5 91.3 91.1 91.1 90.4 90 90.1 90.6 90.8 90.7 90.6 89.6 88.4 89.5 89.4 85.4 83.5 83.8 84.2 84.9 84.7 83.2 85.7 91.6 94.7 96.4 96.9 97.1 97.2 96.8 96.7 97.5 97.6 97.7 97.8 98.1 99.2 99.7 100.5 100.9 101.1 101.1
60.5 67.6 76.6 77.1 78 79 80.1 81.6 83.6 85.6 87.9 90.8 93.6 96.2 97.6 98.7 99.3 100 100 98.5 98 98.5 99.3 101.9 103.5 101.2 99.8 98 95.5 93.5 93 93.7 98.1 100.3 101.3 101.6 101.1 101.1 101.5 100.2 98.5 96.6 95.4 94.1 93.4 92.8 92.1 91.5 91.1 92 92.1 92 91.8 91 90.2 89.7 91.2 92.1 88.4 88.5 89.8 87.5 85.9 86.7 84 81.6 89.1 96 97.1 96.9 96.7 96.4 95.5 95.1 95.3 95.4 95.5 95.7 96.7 97.1 97.9 98.5 99.7 99.6
66 76.2 76.5 76.9 77.8 78.6 79.5 81.2 83.2 85.2 87.8 90.8 93.8 96.6 99.6 100.4 101.1 101.3 101.1 101.7 102.2 103.5 105 107.3 107 106.5 105.8 103.5 101.5 99.8 98.3 97 99 101.8 104 104.1 105.9 106 105.9 103.6 101.9 99.7 97 95.7 94.6 93.8 93.1 92.5 93 93.4 93.4 93.3 93 93.2 93.8 93.9 92.7 93.4 93.4 93.3 93.3 93.3 92.9 93 92.7 83.1 81.5 94.8 96.8 96.1 95.9 95 93.9 92.6 92.5 92.5 92.6 93 94 94.4 94.9 96.4 97.7 97.9
73.7 75.4 76.4 76.8 77.6 78.4 79.6 81.3 83.1 84.8 87.5 90.6 94.1 97.6 100.1 101.9 102 102 102.2 103.1 104 104.9 105.9 106.6 106.7 106.6 105.8 105.3 103.9 102.5 101.7 101.8 101.5 101.7 103.5 104.3 106 108.3 108.2 106.8 105.2 102.8 100.2 98 96 94.8 94 94.6 94.8 94.8 94.7 94.4 94.1 94.3 94.9 95.2 94.3 93.3 93.5 93.3 92.8 94 93.4 93.3 93.7 87 81.2 90.3 96.1 95.7 94.9 93.2 91.6 90.4 90 89.9 89.9 90.2 90.9 91.4 91.9 93.5 94.6 95.1
73.9 74.9 76.1 76.8 77.4 78.6 80.1 81.9 83.7 85.5 88.6 91.7 94.8 97.7 100.1 102.1 103.4 103 102.8 103.5 104.1 104.6 104.9 104.8 104.6 104.4 104.2 103.8 103.5 103 103.4 103.4 103.2 103.9 104 104.2 104.9 106 105.7 105.3 104.7 103.4 101.8 100.2 98.7 97.1 96.1 96 95.9 95.8 95.9 95.8 95.2 95.4 95.6 95.5 94.9 93.9 93 92.7 92.4 91.4 92 91.3 91.3 89.4 81.9 81.9 89.8 88.3 88.7 86.6 85.6 86.3 86.1 87 87 88.6 88.8 89.3 89.8 90.4 91.4 91.9
73.3 74.3 75.1 75.7 77 79 80.7 82.6 84.4 86.2 88.8 91.9 95 97.7 99.4 100.9 101.2 101.6 102.6 102.7 102.6 101.8 101.9 102 102.1 102.2 102 101.7 101.8 101.6 102.1 102.6 103.6 104.2 105.5 105.4 104.7 104.6 104.5 104 102.4 101.5 100.8 100.4 98.8 97.3 96.9 96.9 96.8 96.9 96.9 96.9 96.4 95.8 95.4 95.1 94 93.3 92.8 92.2 91.8 90.9 91 90.3 89.3 88.1 83.6 81 80.7 80.5 80.2 79.7 79.5 78.6 79 80 83.8 86.7 89 89 89.4 89.9 89.8 89.8
72.1 73 74.2 75.4 76.3 76.8 80.7 82.3 84.5 86.7 89.1 92.1 95.2 97 98.4 99.2 99.3 99.3 99.9 100.1 100.3 99.7 99.4 99.2 98.9 98.9 99.5 99.7 100 100.3 100.8 101.3 101.9 102.7 103.7 104 103.9 103.3 103.2 102 101.4 100.6 100.8 101.2 99 98.6 97.8 97.8 97.8 97.9 97.9 98 97.9 97.1 96.4 95.5 94.2 93.3 92.5 91.4 90.7 88.9 86 85.2 85.6 84.4 85.3 85.5 82.3 81.5 82.2 83.2 85.5 82 79.5 77.9 80.2 86.9 88.6 88.9 88.9 89 88.8 89.2
71 72.1 73.2 74.4 75.5 75.9 79.8 82 84.2 86.5 88.9 91.6 93.9 95.5 96.7 97.4 97.7 97.4 97.1 96.7 96.9 97.2 97.6 97.7 97.7 97.5 97.2 97.3 97.2 98.2 99.4 100.8 101 101.2 101.5 101.7 102 102.3 101.7 101.1 100.6 100.1 100 100.8 101.7 101.2 100.1 99.6 98.8 98.1 99.6 99.4 99 98.2 97.1 96 95.1 93.9 93.4 92.2 90.4 91.9 91.3 91.6 92 92.5 92 93.4 92.4 89 93 92.4 89.9 85.5 81.3 78.4 77.4 82.3 86.4 87.4 87.4 87.6 87.9 88.9
70 70.8 71.9 72.4 74 76.3 78.5 81.2 83.4 85.6 88.3 90.7 92.7 94.2 95.1 95.8 96 95.8 95.6 95 94.2 94.2 94.4 94.7 94.8 95.2 95.6 96 96.2 97.6 99.4 101.4 102.3 101.7 101.1 101 101.2 102 102.4 101.8 101.3 101 100.8 101.2 101 101.3 101.1 100.8 100.1 99.3 99.2 99.5 99.4 98.5 97.7 96.6 95.6 94.7 94 92.9 93.1 94.3 95.6 96 97 97.8 98 97.5 96.6 95.4 93.1 91.8 91.6 92.1 89.5 81.3 77.2 77.9 81 85 86.6 86.4 87.9 88.6
68.9 69.8 70.6 71.7 72.9 75.5 77.6 80.1 82.6 85.1 87.7 89.7 91.5 92.8 93.4 94.1 94.5 94.3 94 93.4 93.1 93.4 93.8 94.1 94.6 95.1 94.6 94.8 95.8 98.2 100 101.5 102.5 102.4 100.8 100.5 101 102 103 102.5 102.3 102.8 103 102.5 102 101.5 101.2 101 100.7 100.4 99.4 99.5 99.4 98.6 98 97.1 96.1 95.2 94.4 94.3 94.9 96.7 98.1 99.3 100.3 100.6 100.8 100.1 99.4 98.5 97.3 95.4 93.6 93.6 92.4 90 81.5 77 77.6 80.5 82.3 85.2 86.7 87.3
67.4 68.3 68.8 70.5 71.9 74.4 76.9 79.3 81.7 84 86.3 88.3 90.4 91.4 91.9 92.3 92.8 93 92.3 91.7 92.3 92.8 93.4 93.9 94.4 94.9 95.2 95.4 96.4 98.9 101.7 103.3 103.7 102.6 101 99.9 100 101 101.6 102.5 103.9 104.5 104.9 104 103 102.7 102.4 101.5 100.9 100.4 100.3 99.5 99.5 98.8 98.1 97.5 96.6 95.8 95.5 96.7 97.1 98.1 99.1 100.4 101.4 102 101.9 101.5 101.1 100.2 99.1 98 96.7 95 94.2 92.3 87.6 81.6 75.5 76.5 77.5 79.6 84 86.8
65.6 65.9 66 68.3 70.9 73.2 75.7 78.4 80.7 83 85 87.1 89.2 90.7 91.3 92 92.2 92.2 91.9 91.6 92 92.8 93.2 93.6 94.1 94.6 95.1 96.5 98.5 99.9 102.4 103.1 102.9 102 100.7 99.6 99.4 100.2 100.9 101.9 103.3 105.1 106.8 106.7 106.2 105.3 104.1 103.1 102.2 101.9 100.4 100 99.5 99.1 98.6 98.1 97.5 97.1 97.1 98.8 99.4 100.1 100.7 101.4 102.2 103.2 103 102.4 101.8 100.8 100 98.9 97.9 96.8 95.4 93.5 91.6 89.5 84.6 78.8 75.6 76.4 77.4 84.1
59.6 62.9 65.1 66.5 67.6 71.4 74.4 77.6 79.9 82.1 84 85.9 88 89.1 90.6 91.3 91.3 91.5 92.7 91.7 92.2 92.6 93.1 93.5 93.8 94.3 94.9 96.3 97.9 99.8 101.2 101.9 101.7 100.7 99.3 98.3 98.9 99.8 100.5 101.5 102.9 103.6 105.5 107.4 108.9 109 108.2 107.6 106.6 105.4 104.2 103.1 101.5 101.3 100.4 99.8 99.6 98.9 99.9 101.8 102.1 102.7 103.1 103.6 104.1 104.6 104.1 103.1 102.4 100.9 100.3 99.7 98.6 97.5 96.3 94.5 92.2 89.8 88.4 86 82 76.8 76.4 78.2
61.3 65.5 68.5 70.4 70.8 70.4 71.7 75.6 77.3 80.7 83.1 84.9 86.8 87.8 88.2 90.1 90.2 91.4 92.5 93.4 93.6 93.2 92.9 93.3 93.6 94.1 94.8 96.2 97.7 98.6 99.7 99.7 99.3 98.7 97.9 97.3 97.8 98.8 99.8 101.4 102.7 103.5 104.6 106.3 108 108.8 108.6 108.5 108.6 107.8 107 106 104.5 103.4 103.2 102.2 102.9 103 103.9 104.9 105.2 105.3 104.9 105.2 105.4 105.2 104.8 104 103 101.4 101 100 98.5 97.7 96.2 94.6 92.5 90.3 88 86.2 85.1 82.5 76.8 75.3
60.2 66.7 67.9 70.2 72.1 73.1 75.5 76.1 76.6 78.4 81.3 82.7 83.7 86.5 88.8 89.9 90.3 91.9 93.3 93.7 93.5 93.5 93.9 94 93.6 93.9 94.6 96 96.8 97.8 98.4 98.3 97.3 96.9 96.8 96.8 97.1 97.8 98.7 100.6 102.3 102.6 103.6 104.6 106.7 107.7 108.6 108.2 108.6 107.8 107.2 106.7 106.2 105.3 105.3 104.4 104.8 104.9 105.6 106.3 106.3 106.3 106.3 106.1 105.9 105.7 105.4 104.6 103.6 102.5 102.1 100 98.3 96.6 94.9 93.3 91.2 89 86.8 84.2 83 81.6 76.7 75.9
64.5 66.4 68.3 69.9 72.2 74 75.3 77.7 79.8 81.4 82.6 84.8 86.4 87.7 89 89.7 90.6 91.2 91.6 92 92.5 93.1 93.4 94 94.2 94 94.7 95.3 96.1 96.5 96.8 97.1 96.6 97.1 97.2 96.7 97 97.4 98.2 99.3 99.9 101 102 103.3 104.9 106.8 107.9 108.1 108.6 107.9 107.4 107 106.5 105.8 105.7 105.5 105.5 105.4 106.2 107.1 107.2 107.1 107.1 106.9 106.6 106.2 105.8 105.2 104.2 104.1 103.3 101.7 100 98.1 95.7 93.2 90.7 87.7 85.7 82.7 80 77.9 77.3 79.3
66.4 68.3 69.9 72 74 74.5 74.8 77.8 80.4 82.4 83.8 84.7 85.8 87.2 88.3 88.9 89.3 89.7 90.2 90.6 91 91.6 92.1 92.8 93.2 93.5 94.9 95.6 95.9 96.2 96.7 96.7 96.8 97.3 97.5 97 97.3 97.8 98.2 98.6 99.7 100.8 101.8 103.4 104.9 107 108.3 108.8 108.6 108.1 107.7 107.3 106.8 106.3 106.2 106.1 106 106 106.5 107 107.1 107.2 107.3 107.1 106.9 106.5 106.1 105.5 106 105.9 105.2 103.9 102.1 100.1 97.7 94.7 91.9 89.3 86.7 84.9 82.8 81.2 80.7 79.4
66.1 68.5 70.9 72.9 74.2 75 75.6 78.5 80.8 82.3 83.3 83.3 84.7 86.3 87.4 87.7 88 88.3 88.8 89.3 89.6 90.1 90.7 91.2 92 92.6 94.1 95.7 96.3 97.1 97.8 97.9 97.7 97.9 98.6 98.7 98.8 99.2 99.2 100 101 102.1 104.5 106.1 107.2 108.4 108.8 109.4 108.7 108.3 107.9 107.5 107.1 106.7 106.4 106.1 106 106.1 106.5 107 107.1 107.2 107.3 107.2 106.9 106.7 106.5 106.1 106.3 107.2 106.5 105.6 104 102 99.5 96.5 93.9 91.2 88.7 86.4 84.7 83.3 82.7 81.7
65.7 68.1 70.3 72.5 74.1 74.2 76.9 80 81.1 82.4 82.3 82.1 82.8 84.1 85.7 86.4 86.7 87 87.4 87.8 88.1 88.6 89.4 90.1 91 93 95 96.9 97.6 98.4 99.1 99.8 99.8 101 102.2 101.9 102.6 103.2 103.5 103.2 103 104.2 106.1 108.7 109.6 110.1 110 109.2 108.6 108.1 107.7 107.3 107 106.8 106.4 106.1 105.9 106.1 106.5 106.6 106.7 106.8 107 107.1 107 106.8 106.7 106.6 106.5 107 106.8 106.4 105.4 103.5 101.7 98.9 96.5 94 91.5 89 87.2 85.5 84.5 84.1
65.8 68.1 70.5 72.8 74.1 73.5 77.8 80.1 81.3 81.8 81.6 81.4 80.6 81.5 83 84.8 85.4 85.7 86.1 86.6 87.3 88 88.7 89.9 91.8 94.2 96.4 98.6 100 101.1 102.1 102.6 102.9 104.5 105.7 105.9 106 106.4 106.9 107 106.9 107.9 107.9 108.7 109.9 110.2 110.2 109.7 108.5 108 107.6 107.3 107.1 107.1 106.3 106.1 105.8 106 106.2 106.2 106.3 106.6 106.9 107 107 106.8 106.7 106.7 106.7 106.5 106.5 105.7 104.9 104 102.5 100.4 98.5 96.6 94.4 92.1 90.3 88.3 87.4 86.5
66.5 68.7 71 73 73.9 74 78.1 79.7 80.4 81.1 81.5 81.6 81 81.2 82.6 83.9 84.5 85 85.8 86.4 86.9 87.4 88.1 89.9 93.2 96.3 98.7 101.3 103.1 104.2 105 105.6 106.2 107.8 108.7 109.1 109.5 109.6 110.1 110.3 110 109.9 109.8 110 109.8 110.2 110.1 109.8 108.8 107.9 107.6 107.4 107.4 107.3 106.3 106 105.8 105.7 105.8 105.9 106.1 106.4 106.7 106.8 106.8 106.8 106.8 106.8 106.8 106.7 105.9 105.1 104.2 103.3 102.4 101.5 99.5 97.5 96.1 94.4 92.7 90.9 89.8 88.7
65.5 67.5 69.7 71.5 72.3 74.4 77.5 78.6 79.3 79.9 80.5 80.8 80.5 80.6 82.2 83.2 83.9 84.9 85.7 86.3 86.7 87.6 89.1 90.7 94.4 99.1 101.7 104.5 106.7 107.4 108.1 109.1 110.1 111.3 111.8 112 112.3 112.9 113 112.7 112.4 112.2 111.7 110.9 110.6 110.2 110 109.7 108.9 108.2 107.7 107.6 107.7 107.5 106.5 105.8 105.3 104.7 104.6 105 105.7 106.3 106.5 106.6 106.8 106.9 106.9 106.9 106.9 106.5 105.3 104 103.6 102.7 101.7 100.7 99.4 97.8 95.9 94.5 93.2 91.9 91.1 90.5
65.5 67 69 71.3 72 73.7 76.3 77.4 78.1 78.7 79.4 79.5 79.8 80.7 81.9 82.4 83.4 84.5 85.5 86.2 87.2 88.8 90.5 92.7 96.6 101.3 104.6 107 109.1 110.5 111.2 112.3 113.4 113.9 114.4 114.7 114.9 115.1 115.3 115.2 114.8 114.2 113.4 112.6 111.9 111.2 110.2 109.6 109 109.4 108.6 108.1 108.2 107.1 105.8 104.8 104.3 103.8 103.5 104.2 105 105.7 106.4 106.9 107 107.1 107.1 107.1 107 105.9 104.7 103.4 102.2 101.7 100.3 99.4 98.2 96.8 95.4 94.3 93 91.9 91.2 90.3
65.5 67.4 69.3 71.1 72.3 73.5 74.8 75.7 76.6 77.5 78.2 78.4 79.9 81.1 81.6 82.3 83.2 84.3 85.3 86.5 88 89.6 91.9 95 98.9 102.6 106.2 108.6 110.8 112.3 112.9 113.9 113.9 114.2 114.6 115 115.3 115.3 115.4 115.4 115.2 114.7 114.1 113.5 112.9 112.1 111.1 110.1 109.8 110 108.6 108.5 106.8 105.2 104 103.3 102.8 102.7 103.1 103.6 104.3 105 105.8 106.3 106.7 107.1 107.2 107.2 106.6 105.5 104.4 103.3 102.4 102 100.6 99.5 98.1 96.8 95.3 93.1 93 91.9 90.9 89.6
65.8 68.1 69.5 71.1 72.1 73.1 74.1 75.2 75.9 76.6 77.2 78.7 80.3 81.6 82.3 83 83.7 84.8 85.9 87.1 88.5 90.7 93.3 96.7 100 103.3 107 109.3 111.2 113.1 113.7 114.2 114.4 114.4 114.8 115.2 115.1 115 115.1 115.3 115.3 114.9 114.3 113.6 113 112.1 111.5 111.1 110.7 110 108.7 107.1 105.5 103.8 102.4 101.7 101.9 102.3 102.7 103.1 103.7 104.4 105.1 105.7 106.1 106.4 106.5 106.5 106.4 105.4 104.4 103.4 102.5 102.3 101.3 100.2 98.4 96.7 95.3 93.8 91.7 90.8 91 90.1
66.5 67.8 68.7 69.6 73.5 73 73.4 74.5 75.6 76.4 77.5 79.4 80.9 82 83.2 83.9 84.5 86.1 87.1 88.3 90 92.5 95 98.2 101.2 104.2 107.7 109.9 111.6 112.9 113.7 114.2 114.6 114.8 115 115.1 114.8 114.6 114.8 115 115.1 115.1 114.4 113.7 113 112.3 111.7 111 110.4 109.2 107.5 106 104.5 102.7 101.4 101.1 101.5 101.9 102.3 102.7 103.1 103.8 104.5 105.1 105.5 105.7 105.8 105.7 105 104.9 104.5 103.4 102.7 101.9 100.9 99.8 98.1 96.6 94.6 92.6 90.6 88 88.8 87.8
66 66.2 70.2 68.8 74.2 72 73.1 74.1 75.1 76 77.4 79.1 81 82.4 83.6 84.9 85.9 87.1 88.8 89.8 91.3 93.9 96.5 99.6 102.4 105.3 108.5 110.2 111.5 112.7 113.8 114.3 114.7 114.9 115.2 114.9 114.5 114.3 114.4 114.6 115 114.4 113.3 112.5 111.8 111.1 110.5 110.1 109.5 108 106.2 104.7 103.2 101.6 100.7 100.8 101.2 101.6 102 102.4 102.7 103.2 103.9 104.5 104.8 105 105 104.5 103.4 103.4 103.4 103.5 102.5 101.5 100.5 99.4 97.6 95.6 93.6 91.6 89.6 87.5 86.7 86.1
67.1 67.5 68.8 76.9 74.7 72 73 73.7 74.4 75.3 76.5 78 79.7 81.4 82.7 84.4 86.3 87.9 89.1 90.8 92.4 95 98.1 100.9 103.5 106.4 108.5 110 111.2 112.5 113.8 114.3 114.7 114.7 114.3 114 114.3 113.9 114.1 114.6 114.8 113.7 112.5 111.4 110.7 110.4 109.2 108.4 107.8 106.7 105 103.3 101.7 100.5 100.2 100.5 100.9 101.4 101.8 102.2 102.5 102.9 103.2 103.9 103.3 103.4 102.8 102.4 102.2 102.5 102.7 102.9 102.2 101 99.8 98.6 96.6 94.6 92.6 90.6 88.4 87.2 85.8 85.2
68.4 68.1 69.2 70.1 74.8 71.7 72.5 73.2 74 74.7 75.8 77.2 78.5 80.1 81.8 83.7 85.7 87.7 89.5 91.1 93.1 96.1 99.4 102.3 104.2 106.2 107.9 109.4 110.9 112.1 113 113.9 114.2 113.9 113.5 113.1 113 113.7 114.2 114.7 114.2 113.1 111.8 110.6 109.7 109.6 108.3 106.5 105.4 104.5 102.8 100.8 99.8 99.2 99.8 100.3 100.6 101.1 101.6 102 102.3 102.6 102.8 103.3 102.7 102.2 102.2 102 101.7 101.9 102.1 102 101.2 100.1 98.9 97.7 95.7 93.7 91.7 89.7 87.9 86.5 85.2 84.4
68.9 71.4 73.6 69.7 71.4 72.8 72 72.8 73.5 74.4 75.8 77.4 78.7 79.9 81.2 83 85 87 89 90.8 93.7 96.8 99.7 102.4 104 105.8 107.3 108.7 110.1 111 111.6 112.3 112.7 112.5 112.2 112 111.7 112.6 114.4 113.9 113.1 112.1 110.9 109.7 108 107.4 106.4 104.5 103.4 102.2 100.7 98.9 98.5 99 99.7 100.3 100.7 101 101.4 101.8 102.1 102.3 102.5 102.7 101.8 101.3 101.3 101.3 101.3 101.3 101.2 101.1 100.3 99.1 97.9 96.6 94.9 92.9 90.9 88.9 87.4 86.1 84.9 84.1
69.6 72.6 73.3 68.4 70.8 72.7 73.3 73 73.7 74.4 76 77.5 78.8 80 81.2 82.8 84.8 86.7 88.7 90.7 93.4 97.1 100.6 102.3 104.1 104.8 105.9 107.3 108.7 109.6 110.2 110.8 111.2 111 110.8 110.7 110.4 111.9 112.6 112.2 111.4 110.3 109.3 108.2 106.9 105.4 104 102.6 101.2 100 98.5 98.3 98.4 99 99.6 100.3 100.7 101.1 101.4 101.7 101.6 101.3 101 101.2 100.7 100.5 100.6 100.7 100.7 100.5 100.3 100.2 99.4 98 96.7 95.3 94 92.4 90.6 88.8 87.3 86.1 85.2 84.5
