webserver/python/data/NY29.asc
ncols 200
nrows 200
xllcorner 320000
yllcorner 590000
cellsize 50
[rows 0 to 34 of 200, columns 0 to 77 of 200]
368.4 361.2 349.5 338.2 326 318.3 313.7 312 309.7 312.9 315.9 311.4 309.3 309.4 311.1 312.6 316.2 318.4 317.8 317.7 319.5 318.7 319.1 320.4 320.8 321.2 321.5 322.6 323.5 325.3 330.5 338.8 341.5 338.2 334.5 327.9 322.1 317.2 312.6 302.5 291.6 282.3 277.3 273.2 267.1 264.6 257.7 254.2 252.5 250.5 250.1 252.5 252.9 252.3 251.3 249.9 248.2 241.9 236.9 235.2 232.7 232.9 235.3 237.1 239.3 241.8 242.2 241.3 241.4 242.2 243.1 242.2 242.6 244.2 244.9 247.8 250.7 253.3
367.1 355.7 344.1 332.6 319.8 314.8 310.7 308.6 307.5 308.1 309.2 308.3 312.6 313.7 315.6 317.4 318.8 320 322.7 323.6 323.6 322.6 321.6 321.6 322.1 322.6 322.5 323.4 324.5 326.5 333.8 339.6 342 340.7 334.2 324.4 320.8 313.6 312.3 301.1 290.1 278.8 273.8 269.3 263.9 260.4 257 254.4 253.5 251.6 251.5 254.5 256 252.7 251.8 252.9 247.5 243.7 236.2 239.2 236.6 235.5 239.5 241.8 244.2 245.8 246.2 246.3 246.9 246.3 245.6 245.4 245.1 245.6 246.4 247.9 250.8 253.2
362.5 350.9 338.6 326.9 318.1 309.7 308 303.6 303.4 304.8 309.9 311.2 313.5 315.8 317.9 319.4 322.1 324.4 326 326.6 326.1 325.4 324.4 323.7 323.3 323.6 323.8 324.6 325.8 327.9 334.6 338.8 339.1 337.3 329.6 322.6 322.4 313.7 306.1 295.8 283 274.6 269.8 266.5 262.4 259.2 256.1 255 254.3 253.3 253.3 254.1 256.8 254.2 253.1 251.7 248.8 244.5 241.7 244.4 241.8 237.9 243.4 245.3 248.2 250 249.9 250 249.7 248.6 247.9 248.3 247.1 247.5 248.1 248.9 250.9 253.3
360.8 348.2 335.4 322.7 312.4 306.8 303.8 299.9 302.3 308 309.7 311.9 314.3 317 319.5 321 324.2 327.1 328.5 328.9 328.5 328.1 327 326.2 325.7 325.3 325 327.9 328.6 330 334.5 337.8 337.6 332.3 327.1 323.7 322.1 309.4 298.7 287.4 277.6 270.6 266.8 263.6 260.5 258.3 258.8 260.3 256.6 254.4 256.7 259.9 259.8 256.3 253.4 251.2 248.4 246.8 248.3 250.8 247.1 240.9 245.7 249.7 252 252.3 252.4 252 252.1 251.3 249.2 248.8 247.1 246.8 248 249.2 250.9 252.2
355.6 342.9 331.1 317.6 310.1 305.2 301 297.9 305 307.1 308.8 312 314.9 317.6 320.3 323.2 326.9 330.3 330.7 331.2 331.2 332.3 331.7 332.5 331.1 333.7 331.3 333.2 334.2 332.7 333 335.6 335 330.6 325.3 325.8 323.7 307.4 294.8 283.8 273.5 267.1 264.3 261.7 259.8 259.4 263.6 262.3 259.4 259.7 259.9 261.1 260.2 254.7 253 250 250.8 251.4 253.1 254.4 251.3 245.4 247.2 250.8 253.2 253.9 254.1 254 254.6 255.1 252.5 250.5 247.3 246.2 246.8 248.3 251.9 251.5
349.6 337.5 325.7 313.8 305.7 301.4 294.3 299.2 304.1 306.1 308.7 311.9 316.1 320.1 324.2 327.4 333.8 335.3 336 337 338.5 337 339.7 341 339.1 341.3 340 339 336.9 334.2 333.7 332.3 331.9 327.2 323.7 325 318.7 299.5 288.7 280.2 270.8 266.8 264.7 262.6 261.5 264.5 268.1 263.4 260.1 260.3 260.5 260 258.5 255.7 252.7 250.9 252.9 254.6 259.3 257.8 255.7 250.5 248.2 250.9 254.2 255.7 257.2 258.8 257.8 256.3 255.7 251 247.7 245.6 244.6 246.5 249.6 250.2
342.3 331.6 320.4 311.9 301.6 298 293.1 299.1 302.7 304.8 309.1 314.3 321 326.8 332.5 338.4 342.2 344.4 345.4 348.7 346 343.8 347.6 348.4 347.6 346.5 345.2 345.7 340.3 335.2 333.2 331.2 327.3 323.3 321 319.4 308.3 289.9 284.3 277.6 270.9 267.7 265.4 264.6 268.2 271.4 271.8 267.7 260.7 260.8 260.9 259.4 257.9 255.7 253.6 252.8 254.6 261.9 264.9 262.8 260.1 253.8 252.7 257.3 259.3 261.8 263 260.6 260.7 260.3 255.6 252.5 249.3 246.4 242.9 243.6 245.5 245.1
335.3 324.6 312.9 303.7 298.6 293.6 292.5 298.9 301 304.4 308.7 316.1 322.6 328.5 335.1 344.1 347 349.7 350.7 354.3 351.1 351.3 348.1 349.7 352.7 346.7 348.2 348.4 347.1 343.3 332.8 325.9 322.2 321.3 321.1 308.8 299.9 288 282.8 277.3 270.4 267.3 268.2 268.9 275.8 276.1 271.6 267 263.3 262.4 261.2 259.6 257.7 255.7 254 255.2 258 266.9 269.5 266.7 263.4 253.8 259.2 263.5 263.9 266.1 264.5 264.6 260.9 258.1 255 253.1 250.5 246.6 243.5 241.8 241.3 241.3
327.8 317.7 306.5 300.8 296.9 289.8 294 297.6 300.8 304.2 308.2 315.4 322.5 329.3 337.2 345.8 347.9 349.6 350.7 353.6 350 347.8 344.1 347 351.4 343.4 345.2 347.6 346.2 341 330.7 322 317.8 318.9 315.4 304.4 293.9 286.3 280.4 276.7 273.1 269.2 269.3 274.4 280.2 278 272.4 270.3 269.4 268.9 267.2 264.3 259.9 256.6 255 256.7 261 269.2 269 265.6 263.2 256.4 260.7 264 269.8 272 274.1 270.1 267.8 261.1 256.7 253.8 250.2 247.1 244.8 242.6 241 240.3
320.1 311.1 303.6 297.2 290.7 291.6 294.8 297.9 300.8 303.9 308.2 314.8 321.7 329.2 336.8 341.6 343 343.3 347.4 345.9 342.1 339.4 338.3 342.3 342.5 338.1 341.1 342.8 342.2 335.5 325.5 318.3 314.1 313.3 307.2 297.2 291.1 285.5 280.9 279 277 272.8 273.4 276.7 282.7 278.8 276.4 274.5 275.3 275.1 272.3 266.8 263.4 257.8 256 258.9 263.9 270 269.2 265.8 262.2 257.6 261.4 267.3 272.1 276.2 277.7 277.8 274.7 266.5 260.4 254.6 249.1 245.8 244.3 243 241.5 240.6
313.8 305.8 297.5 293.8 289.4 290.2 294.7 297.8 300.4 302.8 308.8 314.8 321.1 328.1 335.1 337 338.5 337.2 337.1 337.2 333.5 331.5 332.8 336.9 333.7 333.3 336.3 336.6 334.3 328.7 319.4 313.5 311.2 310.4 303.5 295.4 289.1 285.9 281.9 280.3 278.4 271.2 278.4 283.5 286 281.5 279.7 278.7 277.8 276.7 273 269.8 263.6 258 259.4 261.9 265.9 270 268.4 265.4 259.7 261 262.6 270.2 274.7 277.8 281.8 284 279.4 274.5 264.4 255.5 248.3 245.2 244.6 243.3 241.8 241.2
309.6 302.4 294.8 291.6 287.3 291.1 294.6 297.5 300.2 302.6 310.5 315.8 320.2 325.6 329.6 332.8 332.4 330.2 328.2 326.9 324.5 324.7 327.4 329.5 326.1 327.8 329.4 330.4 326.5 322.8 315.1 309.2 308.7 307.8 303.9 294.6 290 287 284.2 281.6 277.8 273.3 281.6 287.9 287 283.2 280.5 280.7 279 274.1 269.6 264.9 260.6 260.1 262.4 264.6 268 270.3 268.3 264 263.8 264 265.2 271.9 277 281.3 287.4 285.1 282.2 276.1 263.6 255.7 253.5 250.3 248.3 245.1 242.2 244.7
303 296.7 292.4 289.3 286.5 292.4 295.2 297.9 300.3 304.7 311.3 315.9 319 320 322.9 324.9 320.9 321.3 318.9 317.2 317.6 319.8 321.2 320.9 321.2 323.3 323.6 322.8 321.1 320.8 309.4 305.4 307 303.5 303 295.4 290.6 288.1 286.3 285.9 276.4 276.1 286.1 288 285.1 283.6 282.6 283.7 277.7 272.5 268.7 264.3 261.8 263.5 265.2 267.6 270.3 269.2 267 265.1 264.6 265.1 265.7 271.1 275.3 284 289.1 284.8 280.2 271.7 261.1 260.5 257.9 252.8 249.1 245.4 245 256.3
297.6 292.4 289.4 284.5 289.5 293.5 296.2 298.8 302.7 307.2 311.5 314.9 315.9 314.8 315.2 314.9 314.4 313.9 312.9 313 314.1 315.5 316.7 316.8 317.3 318.7 318.5 318.3 317.5 310.7 305.5 304.4 303.7 300.6 302 295.6 291 287.2 287.4 285.5 277.6 277 284.3 285.3 283.7 283.4 282.7 280.8 277.9 273.2 268.2 263.3 264.7 266.8 267.1 268.2 269.3 269 267.8 266.1 264.2 265.6 267.5 271.3 274.7 283.8 285.5 281.2 274.7 268.2 263.3 264 259.8 252.6 249.4 249.9 251.6 266.5
293.7 289 285.2 283.8 290.2 294 297.4 300.3 304.2 308.6 312 315.6 311.9 310.6 309.6 310.2 310.9 310.2 309.5 310.7 312.2 312.9 313.6 313.9 314.3 313.5 313.6 312.9 310 306.6 305 304.9 304.5 297.1 298.4 295.6 293.5 289.4 288.2 286.4 281.8 281.3 285.8 284.1 283.4 283 282.4 280.4 277.8 273.9 268.3 265.7 267.3 268.7 268.9 268.7 269.4 268.7 267.8 266.8 265.2 266.4 268.6 271.2 275.8 283.1 278.3 274.8 272.4 269.4 268.1 266.7 260.5 254.6 251.9 257.3 259 268.1
289 286.3 281.2 286 290.6 295.2 299.3 302.1 306.1 308.8 312.6 312.8 308 307.3 306.5 306.4 307.1 306.9 307.2 309 310 310.4 310.9 311.3 311 311.8 313.5 314.4 311.1 305.3 303.6 303 302.5 297 293.4 292.1 292.8 289.1 285.5 283.3 282.5 285 286.3 284.7 284.3 283.3 282.1 279.8 277.2 273.9 271.9 270.5 269.2 270.4 270.5 270.3 269.9 269.3 268.6 268 266.8 266.4 268.2 270.6 274.4 277.3 277.3 278.7 277.3 274.8 274.1 270.1 262.9 258.8 259.3 257.8 262.5 266
286.7 281.4 281.2 287.7 291.6 296.5 301.7 303.7 306.1 308.2 311.4 308.4 305 305.1 303.9 303.5 303.4 304.5 305.7 306.6 306.5 306.3 307.1 308.4 309 311.3 313.1 317.7 313.4 306.7 301.5 303.7 299.6 295.1 292.4 291.1 290.5 288.1 288 286.8 286 287.2 286.3 286.7 284.9 284 281.9 279.2 276.8 275.9 274.8 272.7 270.9 272.1 271.7 271.2 270.7 270.2 269.7 269.1 268.2 267.3 268.4 271.2 274.4 275.2 278.7 282.1 280.2 278.3 275.7 272.9 267.9 264.6 259.7 256.1 259.8 263
282.7 280.3 284 287.4 290.4 295.2 300.2 303.8 305.1 306.4 307.3 303.5 301.6 302.1 301 300.5 301.1 302.2 303.4 303.6 303.8 303.9 304.3 305 309.5 311.7 319.2 320.4 316.1 308 301.5 301.1 299.6 296 292.2 291.8 291.1 291 290.7 290 287.6 287.8 287.1 288.8 286.6 286.3 284.3 280.7 278.9 277.6 276.6 274 274.3 274.1 273.4 272.6 271.9 271.1 270.6 270.1 269 267.9 268.9 272 272.8 273.8 278.9 278.4 277.2 277.2 276.3 273 267.6 260.6 255.3 255.9 258 261.5
278.1 278.6 283.6 286.4 290 293.2 298.6 302.1 303.9 304.8 301.9 299.2 298.5 299.3 298.7 298.8 299.2 299.9 300.6 300.5 301 302.4 302.7 304.2 311.9 314.2 322.1 318.6 312.6 307.2 303.9 297.2 297.3 295.9 292.7 292.5 293.1 292.5 292.1 292 289 290.3 291.8 292.5 293.2 290.9 287.5 284.3 282.1 280.4 278 275.7 276.2 276.1 275.1 274.3 273.4 272.1 271.6 270.5 269.1 268 269.8 272.5 273.2 274.2 274.4 275 275.6 273 271.2 268 261.7 256.3 255.3 255.7 257.2 260.2
276.4 280.5 284.1 287.6 291.3 294.1 297.5 299.2 301.1 299 296.6 297 298.2 298.1 299 299.1 298.5 298.6 299.9 301.7 301 302.1 303.3 306 309.7 317.9 322.6 317.1 308.2 308.5 303.4 295.6 294.2 295.4 293.5 293.4 295.5 294.1 293.1 291.4 292.5 295.4 298.3 303.3 297.4 293.4 290.7 288.1 285.2 282.8 279 278.2 279.5 277.9 276.8 276.1 274.4 273 271.6 270.1 268.9 269.1 271.1 271.9 272.6 273.1 273.5 274.7 276.1 270.3 265.7 261.3 255.5 254.7 255.4 255.9 257.9 259.7
272.3 279.2 283.6 286.6 291.4 293.6 295.2 296.5 297.6 294.4 295.6 298.5 300.4 300.2 300.6 302.3 303.4 306 307 305.6 303.7 303 305.4 307.5 312.1 318 320.8 316.1 306.6 306 296.9 293.2 294 294.2 294.1 294.2 296.8 296.7 293.7 295.7 298.1 301.4 303 306.2 305.7 296.9 292.8 290 286.6 283.6 281 282.1 285.7 286 282.6 278.1 275.5 273.4 271.9 270.5 269.2 270 271 271.6 272.4 272.6 274.9 278.6 273.2 265.7 259.7 254.9 253.4 253.7 254.6 255.5 258.2 260.1
274.5 278.4 282.9 286 290.2 292.5 293.7 294 293.2 293.4 297.2 299.9 303.9 305.5 306.8 309.5 313.8 318.2 312.3 307.5 306.1 305.4 306.8 308.8 312.1 314.4 314.8 309.6 307.4 303.2 294.3 292.2 293.8 294.2 294.4 294.7 295.8 296.9 296.3 300.2 304.3 309 309.9 308.2 305.6 300.7 295.3 291.5 287.9 284.8 283.7 285.8 288.8 289.8 290.2 285.2 277.9 273.9 272.3 271 269.9 270.3 270.9 271.3 272.4 275 278.5 278 265.2 259.5 255.6 254.3 252.9 253 253.8 255.1 257.4 258.3
272.8 277.7 280.8 284.2 288.3 290.8 292.2 291.6 291.2 296 298.3 303.7 308.6 311.6 317.8 320.4 323.4 324.8 314.7 309.5 307.8 306.2 305.2 306.8 308.7 310.7 308.5 302.8 301.4 296.8 293.5 291.9 293.3 294.4 295.4 297.1 299.1 302.8 301.9 302.7 303.4 308.3 310.5 308.2 303.1 299.1 294.9 291.9 288 286.7 286.5 289.2 290.6 291.1 289.9 287.2 284.3 277.2 272.7 271.6 270.8 270.6 270.6 272.5 275.1 277.1 280.3 271.3 262.9 256.5 255.5 254.2 253.1 253 253.7 254.7 256 256.7
272.4 275.7 278.8 282.6 286.4 288.9 289.5 289.5 295 297.9 301.9 308.3 315.6 323.9 333.2 329.1 326.3 322 313.1 307.6 305.9 304.7 303.4 304.1 305.4 304.7 302.1 296.6 294.4 291.8 291.3 291.9 292.7 293.7 295 296.9 301.7 307.7 305.9 305.2 306.9 308.9 307.2 303.6 300.2 296.7 293.3 290.4 287.4 287 287.8 289.7 292.1 291.8 289.1 286.5 283.6 279.2 274.3 272.2 271.3 270.7 270.4 275.3 276.1 277.8 273.6 265.6 259.4 256.3 255.2 254.1 253.8 253.3 253.2 254.6 255.8 254.7
271 274.3 278.2 282 284.4 283.3 288.2 291.9 295.6 299.2 307.9 314.1 321.6 333.1 337.7 328.7 320.1 313.7 306.2 304.3 302.6 301.4 300.1 300.3 301.4 298.6 296.4 293.4 290.2 289.7 291 292.4 292.9 293.3 295.5 298.3 301.5 306.4 310 309.7 309.4 310 305 300.4 297.5 294.8 291.7 289.2 288.5 288.2 288.9 289.4 290.9 291.7 289.7 287.5 283.8 278.5 273.1 272.1 271.6 271.1 270.7 277.6 276 274.3 269.6 264 259.2 259.1 255.7 255.1 254.8 254 252.6 250.8 253.2 251.8
269.2 272.1 276.3 279 279 285.2 288.9 293.4 297.6 307 314 316.5 322 331.5 328.4 320.4 314 305.5 300.8 300.7 299.6 298.3 296.5 295.7 297 295.3 292.4 291.1 289.1 290.1 291.7 292.9 293.3 293.6 297 300.8 304.8 308.6 312.6 313.7 312.3 309.5 303.7 300.9 298.9 295.1 291.5 288.6 288.6 289.9 288.9 288.2 289.2 289.9 289.7 287.7 283.6 278.2 272.8 272 271.2 271.3 271.8 274.6 274.9 271.8 267.3 262.2 260.4 258.5 256.5 255.9 255 254.4 254.9 253.2 248.8 248.5
267.3 270.9 272.7 278 281.7 285.5 289.7 294.6 304.3 314.8 316 317.5 320.8 323.4 318 313 307.4 301.5 299.3 298.2 296.9 295.8 294.4 293.1 294.1 292.2 290.9 290.7 288.6 291.6 296.3 293.1 294 294.1 298 302.9 309.2 312.1 314.7 315.8 312.7 309.7 305.6 306.1 304.7 296.9 291.7 289.1 287.9 287.7 287.8 287.1 287.4 288.1 287.7 285 281.8 276.5 273.7 273.3 271.8 271.3 272.9 272.5 270.4 265.6 263.5 262.9 260.8 261 257.5 258.5 259 256.8 255.4 253.2 247.3 245.3
269.6 272.7 275.2 278.1 282 285.5 289.8 299.3 309.3 317.9 318.3 319.4 317.1 314.2 310 307.2 301 299.2 297.2 295.7 294.1 292.9 291.2 289.8 290.8 291.6 290.8 290 287.4 290.4 293.4 293.4 295.3 295.5 298.5 304.6 310.9 313.5 317.7 317.2 313.5 312.2 310.6 311.5 306.4 298.3 292.1 288.9 287.3 285.6 285.3 285.5 285.8 286.5 285.7 282.1 278.5 274.4 274.2 273.8 273.9 271.7 271.5 270.1 266.4 265.4 264.6 265 263.7 262.5 260.5 262.2 261.5 259.5 257.9 254.2 250.2 244.5
269.3 272.1 274.9 277.3 281.9 285.5 291.8 303 313.7 317.4 318 317.8 311.2 306.9 302.6 299.9 297.1 294.6 293.9 292.7 291.3 289.5 288.6 288.1 288.4 288.8 287.8 287.9 287.1 289.8 293 294.8 296.5 300.4 304.2 306.7 312.8 314.7 319.1 317 314 315.2 315.9 313.3 309.1 298.9 292 288.5 287.4 286.3 284.3 283.5 283.9 284.1 282.4 279 275.9 273.3 273.9 274.4 276.1 272.9 270.3 268.7 267.1 267.3 269 267.1 268.1 264.5 264.6 264.8 263.3 262.2 258.9 258.2 253.9 246.4
266.3 269.7 272.3 277.1 281.1 286.8 295.7 307.2 315.2 317.1 315.6 311.1 306.1 301 295.7 293.6 292.1 289.7 289.7 288.9 287.4 287 286.5 286 286.6 287.2 286.6 284.9 288.2 290.7 292.9 295.8 297.3 303.3 307.9 310.9 314.7 315.8 320.9 317.4 316.5 319.2 318.2 313.5 310.8 299.4 291.7 288.5 286.9 285.5 283.7 282.6 282 281.2 278.6 276.7 275 273.3 273.3 273.2 275.6 273.8 270.9 269.4 269.1 272.5 276.5 280.7 268.5 269.5 269.9 269 265.9 265.8 264.1 260.6 254.9 248.4
262.9 267.5 271 276.4 280.1 289.3 300.5 313.2 315.8 317.3 311.6 304.9 302 296.5 290.2 289.5 287.9 286.1 285.9 285 283.9 283.7 283.9 283.6 284.4 285 284.3 285.9 288 291.2 293.5 296.2 299.7 308.6 311.7 313.9 316.6 318.8 322.5 318.6 317.8 318.9 315.3 311 307.9 298.7 291.1 288.4 285.8 284 282.9 282.2 281.9 277.3 275 274.7 274.1 273.4 272.8 273.4 273.7 273.4 272.3 271 270.8 274.9 281 277.7 269 272 272.3 273.2 270.2 269.2 266.7 262.5 255.8 247.3
260.3 265.9 271.3 275.4 282.5 292.1 307.1 316.3 317.6 316.3 305.5 298.6 296.5 292.8 288.5 287.8 286.2 284.5 282.1 281.6 280.3 280.3 281 282 281.2 284.9 285.9 287.4 292 293.9 295.5 298.4 303.1 309.4 312.8 315 317.7 317.7 318.7 317.1 315 313.7 310.9 307.8 304.6 296.2 289.2 286.2 283.7 282.3 281.4 281 278.1 276.1 274.5 273.7 273 272.7 272.2 273 272.6 272 272 271.7 271.8 276.8 280.5 274.4 274.6 277.6 274.2 273.4 272 270.2 266.2 261.4 255.7 245.7
258.8 264.6 270.2 275.7 284.3 294.7 307.9 314.2 316.1 310.3 301.2 293.6 291.3 288.5 286.1 285.1 283.8 281.1 278.5 278.3 277.9 277.1 282.1 282.8 285.3 287.2 287.9 288.6 293.7 296.3 297.9 301 307.6 310.8 314.5 317 319.3 318.2 316.8 315.5 311.9 309.7 307.7 304.5 300.9 293.8 286.3 284.6 282.5 280.2 279.5 279.4 277.7 276.6 275.6 274.3 271.9 271.1 272 271.7 271.1 271.1 271.2 272.4 274.5 277.4 274.9 274.3 278.6 280.2 274.7 271.8 271.3 269.2 268.1 262.3 250.9 246.2
258.1 264 269.4 275.5 285.8 296.7 307.6 313.6 311.4 306.4 299 290.4 288.4 286.4 283.1 281.5 279.8 276.6 275.1 275.3 275.9 279 283.2 286 288.7 290.2 291 292.1 294.1 297.6 301.6 304.2 308.4 314.1 319.1 321.9 319 318.2 316.4 313.9 309.6 307.5 304.3 300.2 296.3 291.4 286.7 284.1 281.6 279.4 278.2 278.7 277.4 277 276.5 273.8 271.5 271.1 270.5 270.1 270.2 270.6 270.9 272 274.5 275.9 273.8 274.1 279.4 278.7 279 274.9 275.7 270.2 263.3 257.5 253.2 249.2
256.7 267.2 270.9 277.1 286.1 296 303.2 307.4 306.9 301.5 296.3 286.8 285.5 283.8 280.7 277.6 275.4 273.7 273.4 275.6 277.2 279.8 284 288.2 291.4 293.6 294.3 294.4 296 298.5 304.4 306 311.8 318.2 324.7 322.4 318.5 317 314.5 311.7 307.9 305.6 301.3 295.5 292.3 288.7 286.4 283.7 281.1 279.2 280.5 279 277.1 275 275.6 273.9 272.4 271.1 269.6 269.3 269.1 269.1 268.7 270.6 273.9 275.9 275.8 274.1 276.9 276.9 280.6 277 274.4 271.7 262.2 260.2 257.2 252.5
