webserver/python/data/NY37.asc
ncols 200
nrows 200
xllcorner 330000
yllcorner 570000
cellsize 50
[rows 76 to 113 of 200, columns 85 to 169 of 200]
94.8 95.5 95.4 93.8 93 91.5 88.3 86.6 85.6 85.3 85.2 85.8 87.9 90.6 90.5 90 91.8 94.3 95.6 96.5 96.9 96.4 93.2 89.1 84.9 81.6 78.4 76.9 76 76.6 79 79.3 81 82.6 84.2 85.9 88 89.7 91.3 92.9 94.6 95.3 94.3 93.4 92.4 91.1 89.5 87.3 85.5 83.1 82.6 84.2 85.3 86.1 86.9 88.2 88.6 88.8 88.8 87.8 86.8 85.9 85.1 84.3 83.7 83 82.1 81 79.9 78.1 76.7 76.5 75 73 69.9 68.3 67.4 65.4 66.4 68.8 68.6 67.9 67.3 66.5 63.7
93.9 94.2 94.3 93 91.4 88.9 87.6 85.7 85.8 85.8 85.1 85.1 87 89.7 90.5 91.7 94 95.3 96.4 96.5 96.3 94.1 90.8 86.8 83.1 79.9 78 75.9 73.5 76 78.3 79.4 80.5 83.4 84.8 86.1 87.3 88.4 90.1 91.6 92.9 93.7 92.9 92.5 91.7 90.9 89.6 87.5 85 83.2 79.3 81.9 83.3 84.2 85 86.7 87.1 87.5 87.4 86.6 85.9 85.3 84.6 83.9 83.3 82.6 81.9 80.8 78.4 75.7 71.4 71.4 71.2 70.8 70.1 68.5 66.2 65.1 66.5 67.8 68 67.6 67.3 67.3 65.2
90.6 92.1 91.9 91 89.4 87.4 86.4 85.7 85.1 85.6 84 85 86.9 89.2 91 92.7 94.3 95.1 96.1 96.1 94.6 91.6 88.2 84.7 81.5 79.2 76.4 74.8 73.5 75 79 79.8 80.6 82.9 84.3 85.6 86.9 87.8 88.9 90.4 91.2 92.3 92.4 91.9 91.1 90.3 89.5 87.6 85.2 82.9 80.3 79.4 81.1 82.1 83.5 85.2 85.7 86.2 86.2 85.6 85.1 84.6 84.1 83.5 82.9 82.2 81.6 80.1 76.2 69.5 68.5 68.1 67.4 67.1 66.5 65.6 65.7 64.8 66.4 66.7 66.9 67.2 67.1 67 66.4
91.7 90.8 88.9 88.3 87.3 86.2 84.8 84.2 84 84.3 84 85.9 87.1 89.5 90.8 92.5 93.7 94 94.4 94.3 91.7 89.8 86.5 83.1 80.8 78.3 74.8 74.3 72.9 77.4 79.2 79.8 80.7 82.6 84 85.3 86.6 87.6 88.5 89.5 90.7 92 92.3 92.4 92.1 91.1 90 87 84.2 81.7 79.6 77.1 79.6 81 82.4 83.4 84.2 84.9 84.9 84.4 84 83.5 83.2 82.8 82.2 81.6 80.9 79.5 72.1 69.4 73 72.4 69.3 66.9 66 65.3 65 66.7 66.7 66.6 66.5 66.4 66.9 66.9 67.3
93 93.1 91.3 88.8 87.1 86.8 85.5 83.5 83.7 82.9 85 86.5 87.6 90 90.8 92.2 93.1 93.5 93.6 92.9 91.1 89.1 85.6 82.3 79.7 77.6 73.8 72.5 72.9 78.1 78.6 79.8 80.9 82.5 83.9 85.3 86.5 87.5 88.6 89.6 90.7 91.7 92.3 92.5 92.6 92 89.9 86.8 83.4 80.6 78.4 75.3 77.9 79.6 80.7 81.6 82.4 82.9 83.7 83.3 82.9 82.5 82.2 81.8 81.5 80.8 80 76.2 70.9 72.8 74.9 74 73.1 71.1 70 69.5 68.2 68.1 68.1 68.1 68 67.5 66.9 67.4 67.8
92.8 92.7 90.6 87.6 86 85.8 84.6 83.2 82.3 84.2 86.3 87.2 88.2 89.9 90.8 91.7 92.6 92.8 92.6 92.1 90.5 88.5 85.5 82.4 78.9 75.7 73.2 71.5 76.2 78 78.2 79.3 80.9 82.5 83.9 85.1 86.3 87.4 88.6 89.7 90.3 91.4 92.6 93.2 93.2 91.8 89.3 86.6 83.2 80.2 77.2 74.9 76.4 77.9 78.7 79.6 80 80.8 81.6 82.3 81.9 81.5 81.1 80.8 80.7 79.6 77.8 72.7 73.3 76.5 76.1 75.1 74.2 72.9 71.6 70.2 68.7 68.6 68.8 69 69.3 68.9 68.5 68.1 68.5
91.7 91.2 89 86.9 85.6 85.1 83.9 82.6 82.8 84.9 86.9 88.3 89.4 90 90.7 91.7 92.7 93.1 92.7 92.5 90.9 89.2 86.3 83.1 79.3 75.3 72.1 71.6 77.8 77.5 78 79.3 80.8 82.4 83.8 85 86.1 87.4 88.5 89.7 90.7 91.6 92.8 93.5 92 90.9 88.5 86.1 83.2 80.2 77.2 74.2 74.5 76 76.3 76.9 77.9 78.7 79.4 80.2 80.8 80.5 80.3 80.3 80.5 79.1 73.9 71.1 76.2 77.3 77.4 76.4 75.4 74.2 72.2 70.4 68.9 68.9 69.1 69.4 69.7 69.4 68.9 68.5 69.5
89.6 89.1 88.7 87.7 85 84.9 83.6 82.4 83.1 85 87 88.4 89.9 91.6 92.5 93.8 94.7 94.3 94.2 93.5 92.1 89.8 87 83.5 79.7 75.6 71.4 72.2 75.7 76.2 77.9 78.7 80.1 81.6 83 84.2 85.3 86.8 88.4 89.6 90.9 92.3 92.7 93 91.8 90.3 88.2 85.8 83.1 80.3 77.3 74.3 72.8 74 74.4 74.9 75.7 76.5 77.3 78.1 79 80.1 80 80 80.1 72.5 71.4 75.6 77.9 78 78.1 77.5 76.5 75 72.9 70.7 69.2 69.2 69.6 69.9 70 69.7 69.4 69.1 70.4
89.6 88.5 87.6 86.7 84.3 83.1 82.3 81.1 82.8 84.8 86.5 88.3 90.7 92.4 94.1 95.3 96.3 96.2 96 95.6 93.6 90.2 87.4 83.9 80.1 76.2 71.2 69.7 74 75.9 78.3 78.2 79.2 80.7 82.1 83.4 84.6 85.8 87.7 89.5 90.8 91.7 92.3 92.5 91.5 90 88.1 85.5 82.8 80 77.2 74.3 72.2 72.1 72.5 73.1 73.7 74.6 75.6 76.5 77.6 79.1 79.5 78.5 75.4 71.2 76.4 77.4 78.3 78.8 78.7 78.4 77.3 75.8 73.6 71.3 69.5 69.6 70.1 70.4 70.4 70.1 69.7 69.7 70.9
88.6 86.6 85.7 84 83 81.6 79.9 81 83.5 84.7 86.1 88.5 92 93.8 95.5 96.7 97.4 97.9 97.4 96.7 94.9 92.1 86.6 83.7 79.5 76 69.6 70.3 74.1 76.6 77.5 78 78.6 79.9 81.2 82.5 83.8 85.3 86.9 88.5 90.2 91.4 92 92.1 91.3 89.7 87.7 85.3 82.5 79.7 76.8 73.8 71 70.6 70.8 71.5 72.1 73.3 74.5 75.4 77 78.2 78.3 76.7 71.5 73.2 77.1 77.9 78.6 78.6 78.6 78.6 77.7 76.2 74.1 71.8 69.9 69.4 69.9 70.6 70.7 70.3 69.8 69.5 70
85.7 84.9 83.7 82.4 81.4 78.7 80.5 82.7 84.8 85.9 86.6 89.1 93.3 95 96.2 97.1 97.7 98.2 98.1 97.6 96.2 93 88.1 82.6 79.1 76.2 72 68.8 72.9 75.1 76.5 77.5 78.4 79.1 80.4 81.6 82.9 84.3 86 87.6 89.4 90.9 91.5 91.2 90.6 89.3 87.1 84.9 81.9 78.9 75.8 72.8 70.5 69.6 69.6 70.1 70.6 71.7 73.3 74.4 76.1 76.8 76.2 73 69.4 75.8 76.9 77.4 77.9 77.9 78 78.1 77.6 76.3 74.2 72 70.7 70.1 69.9 70.3 70.9 70.4 69.8 68.9 69.1
83.7 83.6 82.7 81.7 80.9 77.7 80.7 82.9 84.7 85.8 88.1 91.3 93.7 95 96.1 97.1 97.8 98.3 98.5 97.5 95.9 92.7 88.9 83.5 79.8 77.4 74.6 69.2 70.5 75 75.8 76.8 77.4 77.5 77.9 79.1 80.6 82.9 84.6 86.6 88.1 89.2 90 90 89.8 88.6 86.6 84.1 81.7 78.3 75.1 72.6 70.2 68.7 68.3 68.8 69 70.9 71.6 70.9 71.9 72.5 72.4 69.7 72.6 76.4 76.9 77 77.2 77.3 77.4 77.5 77.3 76.6 74.6 72.5 71.5 70.8 69.9 69.5 69.9 69.2 68.2 67.5 68.2
81.1 80.9 81.2 80.2 78.3 77.6 80.8 82.8 84.5 85.4 88.4 91 92.9 94.3 95.6 96.6 97.4 98.3 98.1 97.4 96.2 93.3 88.1 83.3 80.9 77.8 75 70.6 68.2 73.2 75.5 75.7 76.4 77 77.7 77.5 78.1 80.1 82.3 84 86 87.1 88 88.6 88.5 87.8 85.9 83.5 81.1 78.1 74.8 72.5 70.6 68.4 67.6 67.6 67.7 69.8 67.8 67.1 67.7 68.2 68.4 71.2 75.3 76 76.4 76.6 76.8 76.9 77 77.1 77.1 76.5 75.4 73.5 72.4 71.4 69.4 68.8 68.4 67.5 66.7 66.3 67.4
76.6 76.4 77.9 78.5 76.5 79.6 80.8 82.3 83.8 85 87.2 89.7 92 93.4 94.5 95.6 96.5 97.3 97.9 97.6 96.5 93.3 89.3 85.9 82.4 78.7 75.2 71.4 68.3 70.7 73.2 74.7 75.5 76.1 76.7 77.2 77.7 77.1 79.2 81.4 83.3 85.1 86 86.7 87.1 86.3 85.1 82.9 80.4 77.7 74.7 72.7 70.2 68.3 67.2 66.8 66.4 66.2 66.3 66.8 70.6 71.5 72.2 73.2 74.7 75.5 75.9 76.2 76.4 76.5 76.5 76.5 76.5 76.4 75.6 74.6 73.5 72.3 70.4 68.9 67.3 66.5 65.9 66.1 66.6
79.7 78 76.1 75.7 76.1 79.1 80 81.8 84.2 85.8 88.2 89.9 91.2 91.9 92.7 93.8 95.3 96.4 97.5 96.8 95.5 92 87.9 85 81.8 78.4 75 71.4 67.9 69.7 71.5 73.8 74.8 74.9 75.4 75.7 76.1 75.8 76.9 78.8 80.7 82.5 84 84.6 84.9 84.5 83.2 81.2 79.1 76 74.1 71.2 68.6 68.1 67.4 67.5 67.2 66.3 65.8 66.7 69.9 71.6 72.5 73.3 74.1 75 75.4 75.8 75.9 76 76 76 76 76 75.8 75.5 74.4 73.1 70.3 67.5 66.2 65.4 65.6 65.8 66.1
79.5 79.1 76.9 75.1 76.9 79.8 80.7 83.6 86.8 87.2 87.8 88.6 89.3 89.9 90.3 90.9 92.2 94 94.5 94.3 92.2 89.1 84.3 83.2 80.4 77.8 74.6 71.4 69.1 67.5 70.5 72.7 73.8 74 74.5 74.9 74.5 75 74.2 75.9 77.2 78.7 80.6 80.3 78.9 79.6 79.4 76.2 73.9 71.4 70.2 70.4 71.4 70.9 70 69.4 68.2 67.2 65.7 66.2 68.9 71.2 71.9 72.7 73.4 74.2 74.6 74.9 75.4 75.5 75.7 75.7 75.7 75.7 75.7 75.3 74.2 72.5 69.5 66.5 65 64.8 65 65.3 65.3
77.8 77.4 76.2 74.3 78.4 80.1 80.9 82.2 83.6 84.8 85.2 86.1 86.1 86.4 86.9 87.7 88.6 89.4 89.7 88.9 87.4 85.6 80.8 80.7 78.5 75.8 73.1 71.5 71.4 66.7 67.2 69.8 73.5 73.5 73.5 73.7 73 71.1 71.6 71.4 72.1 72.2 72.5 73 74.5 73.5 72 74.1 76.2 76.6 77.3 77.3 76.8 73.3 70.9 70.3 68.3 66.9 65.5 65.8 69.1 71 71.4 72.1 72.5 73.1 73.5 73.9 74.5 74.8 74.9 75.1 75.3 75.5 75.3 74.6 73.6 71.2 68.8 66.5 64.5 64.2 64.5 64.6 64.3
78.2 77.7 76.7 74.5 74.2 76.3 77.9 78 78.8 79.9 81.4 82.8 82.9 82.6 81.5 81.8 83 84.3 84.2 83.4 81 77.7 75.4 75.8 73.9 73.6 73.1 72.9 72.7 71.4 66.3 68.9 70.9 72.7 72.7 72.7 70.7 71.9 74.3 75.9 76.1 75.8 77.1 78.5 79.2 79.2 79.7 80.1 80.3 80.5 80.7 79.8 77.6 73.7 71.1 70.1 68.8 67.2 65.5 65.6 69 70 70.8 71.2 71.5 72.1 72.5 73 73.5 74 74.2 74.3 74.5 74.7 74.5 74.1 72.1 70.3 68.9 67 64.7 64.1 64 63.9 63.3
78.5 77.2 76.6 76.4 74.3 73.4 76.1 76.5 76.4 76.2 76.2 77.5 77.7 77 76.4 76.3 76.9 78.4 79.4 79.8 77 76.1 76.1 73.5 71.5 71.4 73.2 73.3 73.2 72.4 67.9 67.5 68.1 70.8 71.6 71.1 70.1 72.3 74.4 75.6 76.2 77.1 77.6 78.5 79.5 79.9 80.2 80.4 80.6 80.8 81 79.4 76.9 73.6 71.3 70 68.6 66.4 64.8 65.8 68.2 69.2 69.9 70.3 70.6 71 71.5 72 72.5 73 73.4 73.6 73.7 73.7 73.6 72.4 71.3 70.2 68.9 67.1 65.2 63.7 63.7 63 62.3
77.5 76.4 76 75.7 76 72.9 73.5 74.8 75.1 74.5 74.4 74.8 75 76.6 78.6 79.4 79.2 77 76.1 76.7 75.9 78.8 78.6 77.2 73.8 70.2 69.5 70 70.6 69.4 67.5 66.7 67 68.2 69.9 69.5 70.7 73.1 74.1 75.1 76.1 77 77.4 78.1 78.9 79.2 79.4 79.7 80.1 80.1 79.6 77.9 75.9 74 71.9 70.1 67.6 65.4 64.4 65.4 67.6 68.4 69 69.5 69.8 70.3 70.6 71.1 71.5 72 72.6 72.8 72.8 72.8 72.8 71.8 70.8 70 68.8 67.2 65.3 63.4 62.9 62.2 61.4
77 75.8 75.3 75.3 75.1 73.6 71.1 72.9 74.3 74.1 73.7 75.1 76.4 77.4 78.2 78.7 78.8 78.8 78.7 78.4 78.6 78.7 79.1 78.2 76.9 73.4 71.2 71.5 69.2 70.8 71.2 65.6 65.7 66.4 67.3 69.8 71.5 72.7 73.5 74.3 75.3 75.9 77.1 77.6 77.9 78.2 78.4 78.6 79 78.6 77.9 76.4 75.2 73.8 72.3 70.3 67.9 65.7 64.6 64 66.2 67.1 68 68.6 69.2 69.6 69.9 70.3 70.8 71.2 71.6 72 71.9 71.9 71.9 71.2 70.3 69.6 68.6 67.3 65.2 63.1 62 61.4 60.9
76.6 75.2 75.3 75.1 74.9 73.9 71.5 71.1 72.9 73.3 73.2 74.7 75.2 76.2 76.9 78 78.2 78.3 78.8 78.9 79.2 79.1 79.2 79 78.3 77.3 75.7 73.5 71.9 71.6 69.7 65.9 64.5 64.9 66.2 66.7 68.6 71.2 72.8 71.4 69.7 73.3 75.8 76.4 76.9 77.3 77.5 77.5 77.8 77.1 77.1 75.6 74.6 73.6 72.2 71.1 68.7 66.9 65.7 64.3 64.5 65.9 66.9 67.2 67 67.9 68.9 69.6 70 70.4 70.8 70.9 71 71 70.9 70.7 69.8 69.3 68.3 66.7 64.5 62.3 61.5 60.8 60.5
77.8 76.8 75.7 75.2 75.6 74.2 70.3 69.4 69.4 70.1 71.4 72.9 73.5 74.9 75.8 76.9 77.7 77.9 78.5 78.8 79.1 79.4 79.2 78.9 78.6 77.4 75.5 73.6 72.8 71.6 69.8 68.1 66.2 64.5 65.5 64.8 65 66.5 67.5 66.9 68.6 73.2 74.9 75.2 75.8 76.3 74.9 76 76.3 75.3 74.9 74.9 74 73 71.9 71 69.6 68 66.2 64.1 63.1 65.2 66 65.5 64.8 65.6 66.8 67.9 69.1 69.5 69.7 69.8 70.1 70.1 70 70 69.3 68.8 67.4 65.9 63.8 61.9 61 60.4 60.2
82 79.5 77 74.5 73.3 72.8 69.9 70.3 69.6 69.2 69.4 70.9 71.8 73.6 74.7 75.9 76.8 77.3 78 78.6 78.9 79.2 79.4 78.7 78.3 77.4 75.5 73.6 72.9 71.7 69.9 68.6 68.3 63.4 63.8 63.4 64.4 65.4 68.6 69.7 68.3 68.7 73.4 73.8 72.9 72.1 71.6 71.1 71.2 69.7 72.6 73.6 72.9 71.7 70.7 70.2 69.6 68 66.2 64.5 62.7 63.3 64.5 63.8 62.5 62.2 62.8 65.5 67.2 68.1 68.5 68.7 69 69.2 69.2 69.1 68.3 67.3 66.4 65 63 61.5 60.4 60.1 59.9
81.4 79.2 76.6 75.1 73.1 71.8 71.5 72 71.5 70.2 69.8 68.9 68.1 70.1 73.8 75 75.7 76.5 77.4 78 78.6 78.9 79.2 79 78.4 77.7 76 74.5 73 71.8 70.4 69.2 69.1 68.1 65.8 63.1 63.4 66.9 69.9 71.1 70.8 68.7 71.1 70.4 70.3 74.3 73.4 72.8 72.4 72.1 72 71.5 71.6 70.7 70.2 69.8 69.3 67.6 65.8 64.6 63.9 63.4 62.5 62.5 62.2 61.9 61.4 61.7 64.1 66.8 67.5 67.9 68.2 68.3 68.3 68.1 67.8 66.6 65.5 64.3 62.4 61 60 59.8 59.5
79.7 77.5 76.1 75.5 73.5 73.5 73.2 73.1 72.8 72.5 71.6 71.9 70.5 68.7 74.1 74.8 75.3 75.9 76.7 77.4 78 78.5 79 79.3 78.6 78 76.9 75.7 74 72.7 71.3 69.9 68.8 67.7 66.3 64.1 61.6 68.9 69.8 70.4 70.3 70.7 70.3 68.6 70.8 73.8 73 72.6 72.8 72.8 72.1 71.4 70.8 70.2 69.7 69.6 68 66.9 66 65.2 65.4 65.2 64.9 64.5 64.3 63.9 62.6 61.1 62.6 65.6 66.7 67.2 67.5 67.8 67.5 67.1 66.8 66 64.9 63.7 62.4 61.1 60.5 60.2 59.9
78.8 77.7 76.4 75.6 73.8 74.3 74.5 74.6 74.1 73.5 73.5 73.6 71.6 68 73.4 74.2 74.9 75.4 76.1 76.8 77.4 77.9 78.5 79 78.9 78.7 78.4 77.3 76.3 75 73.6 72.1 70.4 69 67.7 65.8 61.4 67.6 69.1 69.2 69.6 70.1 70.8 71.1 71.3 72.1 72.4 72 72 72.3 72.5 71.4 70.4 69.8 69.6 69.4 68.3 67.3 66.4 65.5 65.4 65.2 65.1 65 65.3 65.1 63.8 60.8 61.2 63.4 65.4 66.1 66.6 66.7 66.7 66.3 65.9 65.5 64.3 63.7 63.4 62.5 61 60.7 60.4
78 77.2 76.5 74.6 73.8 74.4 75.4 75.2 74.7 74.7 74.8 74.2 73.7 68.3 70 73.3 74.1 74.9 75.5 76.2 76.8 77.3 77.9 78.8 80.1 80 79.7 79.2 78.6 77.2 75.8 74.3 72.5 70.9 69.5 68.4 63.4 63.9 67.5 67.9 68.4 69.5 69.9 70.2 70.6 70.8 71.3 71.3 71.5 71.8 72 72.3 71.1 69.8 69.4 69.7 68.6 67.7 66.8 65.7 65.6 65.5 65.4 65.2 65.4 65.7 64.8 62.6 60.4 61.6 64.2 64.9 65.4 65.6 65.9 65.7 65.5 65.4 65.3 64.9 64.4 63.6 62.4 61.1 59.6
77.1 76.6 76.6 74.5 74.2 75.4 76.2 76.5 76.6 75.9 75.4 74.8 74.1 71.4 67.2 72.3 73.2 74.1 74.9 75.7 76.7 77.7 78.8 79.8 80.3 80.1 80.1 80.4 80 79.4 78 76.4 74.6 72.8 71.3 69.4 67.8 62.5 62.3 65.1 67.7 68.7 69 69.5 69.8 70.1 70.4 71 71.1 71.2 71.5 71.7 72 70.9 70.1 69.5 69 68.1 66.7 65.6 65.7 65.8 65.6 65.5 65.6 65.8 65 63.3 61 60.2 62.4 64.2 65.1 65.6 66.2 66.2 66 65.9 66.5 66.2 65.5 64.4 62.4 60.5 58.7
76.2 75.4 74.7 74.4 74.6 76.6 77.4 77.9 77.7 75.9 74 73.4 72.7 70.2 66.9 71 71.9 72.9 74.2 75.6 77 78.1 79 79.6 79.8 80 80.1 80.4 80.9 80.6 79.7 78.4 75.8 73.2 71 69 68.4 65.6 61.1 59.8 61 66.1 68.3 68.7 69.1 69.4 70.2 70.9 71.2 71.3 71.5 71.6 71.7 72 71.2 70.3 69.4 67.6 66.2 65.6 65.7 65.8 65.9 65.8 65.7 65.7 64.9 63.8 60.6 59.6 60.1 62.1 64.5 65.3 66.2 66.5 66.4 66.4 67.4 67.1 65.9 64 62 60.1 59
74.3 72.9 73.3 74.3 76.6 78.3 79.2 79.3 78.2 76.3 74.4 72.6 70.9 69.3 66.8 70 71.2 72.5 74 75.4 76.7 77.5 78 78.6 79.1 79.2 79.5 79.6 79.7 80.2 79.3 77.4 75.7 73.2 71.6 69.6 68.1 67.3 66.8 65.3 59.3 59.7 65.7 68.3 68.6 69.4 70 70.7 71.3 71.4 71.5 71.7 72.1 72.5 71.9 71.4 70.6 67.6 65.7 65.5 65.7 65.8 65.9 65.9 65.9 65.5 64.7 63.9 62.4 59.5 59.6 60.4 63.3 65.1 65.9 66.7 66.7 66.8 67.1 66.8 65.5 63.7 61.8 60.8 59.7
72.2 72.5 75.1 76.6 79.2 80.4 80.4 79.4 77.3 75.3 73.5 71.7 70 67.6 66.6 69.6 70.8 72.3 73.5 74.8 75.8 76.4 77 77.6 78 78.1 78.2 78.3 78.4 78.6 77.7 76 74.8 73.3 72.5 70.5 69.1 68.2 68.6 68.7 67 60.3 61.9 67 68.5 69.2 69.8 70.5 71.3 71.5 71.7 72.1 72.5 72.8 72.8 72.5 71.6 68.9 66.1 64.7 65.3 65.4 65.5 65.5 65.7 65.4 64.4 63.3 61.9 60 59 58.8 61.3 65.2 66 66.6 67.1 67.2 67.3 66.5 65.2 63.6 62.6 61.6 60.4
75 76.7 78.2 79.8 80.6 80.8 79.9 78.1 76.2 74.4 72.7 71 69.2 67.7 66.1 69.1 70.4 71.7 72.9 74.1 74.7 75.3 75.8 76.2 76.4 76.5 76.6 76.8 76.9 76.7 76 74.9 73.9 73.4 72.6 71.4 70.1 69.7 69.8 69.2 67.5 62.1 59 62.3 67.3 69.1 69.6 70.4 71.1 71.6 71.9 72.1 72.4 72.6 72.6 72.5 72.3 70.7 68.1 64.6 64.2 64.4 64.6 64.8 65.1 65 63.9 62.8 61.4 59.7 59.2 58.5 60.3 64.2 65.6 66.4 67.1 67.4 67.5 67 65.7 64.4 63.4 62.4 61
75.3 77.1 78.9 79.7 80.2 79.7 78.7 76.8 75.1 73.4 71.7 70.1 69 67.4 65.6 68.2 69.8 71.1 72.3 73 73.5 74 74.4 74.7 74.8 75 75.1 75.2 75.2 74.7 74.4 73.9 73.8 73.4 72.6 72 71.5 71.5 70.8 69.9 67.5 65.9 59 59.6 64.9 69 69.1 69.8 70.5 71.1 71.6 71.9 72.2 72.5 72.4 72.3 72.2 71.8 70.1 67.2 65.3 64.1 64.1 63.5 63.5 63.4 63 62.2 60.9 59.6 59.2 59 58.1 62.2 65 66.2 67 67.4 67.7 67 66.4 65.5 64.4 63.4 60.8
75.4 76.9 77.9 78.7 79 78.5 77.5 75.7 74 72.3 70.7 69.5 68.3 67.3 64.8 67.2 69.2 70.4 71.2 71.4 72.1 72.6 72.9 73.2 73.4 73.4 73.5 73.6 73.3 73.3 73.7 74 73.7 73.6 73.5 73.1 72.9 72.1 71.2 70.2 69.5 69.4 56.8 58.6 64.3 68.5 68.6 69.2 69.9 70.5 71 71.5 71.9 72.3 72.2 72.1 72 71.7 71.2 70.5 68.4 65.4 63.1 62 62 62.2 61.4 61.1 60.2 58.3 57.7 57.8 58.8 62.8 64.2 65.8 67 67.6 68.1 68 67.7 67 65.5 63.3 60.5
74.9 75.9 76.9 77.4 77.8 77.1 76.5 75 73.5 72 70.2 68.8 67.6 66.6 65.1 65.6 68.4 69.1 69.5 70.2 70.7 71 71.5 71.7 71.9 72.1 72.2 72.6 72.3 72.7 73 73.3 73.6 73.5 73.6 73.3 72.8 72 71 70 70 69.7 65.8 57.1 63.6 67.9 67.9 68.6 69.3 69.9 70.5 70.9 71.4 71.8 72 71.9 71.8 71.2 70.6 70.8 70.4 66.8 64.5 59.8 60.6 60.8 59.8 58.2 56.6 55.4 55.5 59.2 62.2 63.3 64.6 65.9 66.9 68 68.6 68.4 68.3 68 65.6 63 60.2
74 75 75.9 76.3 76.6 76.3 76.1 74.9 73.4 71.8 70.3 69.2 68.3 67.3 66.4 64.8 65 65.8 67.1 68.8 69.2 69.7 70 70.2 70.4 70.6 70.8 71.2 71.6 71.9 72.2 72.6 72.9 73.2 73.1 72.8 72.4 71.4 70.5 69.7 69.5 68.9 65.2 57.7 62.3 66.6 67 67.9 68.7 69.3 70 70.4 70.9 71.2 71.5 71.6 71.6 70.9 70.7 70.7 70.7 69.9 67.8 62.7 59.5 60 57.7 55.4 54.4 57.5 59.4 61.4 62.5 63.7 64.9 66.1 67.1 68.1 69 68.9 68.9 68.6 65.5 62.7 59.9
73.2 74.4 75.2 75.7 76.1 75.8 75 74.3 73.2 72 70.6 69.3 68.8 68.2 67.3 66.4 64.3 63.3 63.6 65.2 67 67.8 68.5 68.7 68.9 69.2 69.5 70.1 70.4 70.8 71.2 71.6 72 72.3 72.5 72.1 71.5 70.6 69.7 68.8 68.2 67.6 63.6 57.4 63.3 65.9 66.3 67.1 67.9 68.8 69.4 69.9 70.3 70.6 70.9 71.2 71.3 71 70.9 70.9 70.8 70 68.6 66.8 62.3 59.2 55.5 55.5 55.7 60.5 60.6 61.5 62.5 63.7 65.1 66.4 67.4 68.4 68.9 68.8 68.3 67.6 65.8 62.9 59.6
