webserver/python/data/NY50.asc
ncols 200
nrows 200
xllcorner 350000
yllcorner 500000
cellsize 50
[rows 140 to 174 of 200, columns 79 to 157 of 200]
338.1 329.2 322.8 316 312.2 307.2 303 299.5 297 292 285.8 284 288.3 295 297.4 290.7 284.7 278.8 272.8 265.1 253.5 241.1 238.1 238.6 237.4 247 265.6 283.7 300.1 322 345.9 362.4 381.5 396.7 408.8 421.2 428 439.6 441.3 444.9 440.9 414.4 377.7 354.4 339.2 327.6 321.7 317.6 316.5 315 310.6 301 292.7 282.3 271.4 263.7 255.1 246.2 239.1 238.8 239.2 238.8 247.1 259.1 268.8 286.6 309.5 340.7 370.2 397.5 424.1 437.5 443.4 444.8 443.9 442.8 441.9 443.6 444.8
339.9 329.3 319.9 310.3 305.7 300.5 297 295.7 294 289.8 281.1 277.5 281.1 286.1 289.9 285.5 279.2 275.6 269.8 260.8 250.4 237.3 235.8 235.3 235.3 245.7 263.3 283.5 298.6 320.6 338.9 356.5 371.5 388.1 404.9 414.1 425.4 437.3 448.5 450.6 441.6 414.6 385.8 362.4 348.3 337.9 331.8 334.4 336.1 335.1 329.6 320.6 313.4 300 287 273.3 263.4 252 238.1 237.8 238 237.8 240.7 251.7 261.9 276.2 298 323.9 353.8 385.6 417.5 439.6 447.8 453 453.5 450.9 450.3 450.8 450.8
332.4 323.7 314.8 308.3 302.6 297.1 296.3 291.4 291.1 288.3 279.9 273.1 273.5 278.5 282.2 279.5 274.9 272.2 266.9 254.9 244.1 233.9 234.4 232.1 234.7 247.4 264.5 279.7 303.2 321.7 338.2 355.7 369.8 383.5 397.6 412.8 426 439.5 451.3 456.8 451.2 425.2 396.6 373.3 359.4 354.6 357.9 361.7 361.8 360.9 354.3 349 336.2 320.2 301.9 285.6 271.8 259.8 244.3 238.3 237.8 237.5 243.8 251.1 255.3 267.8 284.1 308.9 338.2 372.4 407.4 437.2 451.8 459.2 459.9 456.3 452.3 451.7 450
321.7 317.6 311.4 306.9 302.4 300.7 300 294.8 288.5 282.7 275.8 269.3 267.6 270.8 274.3 274.8 270.8 267.9 262.3 252.2 241.1 230.6 229.1 231.4 232.7 245.6 262.8 285.7 303.9 321.9 339.1 359.9 373.1 390.8 405.4 419.8 432.6 444.8 458.8 464.9 461.4 444.2 415.9 394.1 384.8 386.7 393 394.3 394.4 392.2 390.2 382.9 368.4 344.2 319.2 295.4 279.8 264.9 253 238.9 237.4 236.7 238.8 242.5 248 258.9 271.4 295.7 324.2 356 390.2 418.4 439.1 454.8 456.3 454.1 452.1 451 446.3
311 308.8 307 304.7 305.9 304.7 299.9 296.6 290.4 282.8 276.3 266 263.3 264.4 266.2 268.1 268.6 264.9 259 249.8 239.6 227.2 224.5 226.7 229.6 242.7 259.6 283.5 300.3 322.6 344.9 363.2 382.4 393.9 409.4 424.4 437.7 444.8 456.9 464 466.7 457.6 444.3 430.7 426.6 430.3 433.9 435.7 431.7 429.3 420.7 407.4 386.1 360.1 329.8 303.9 285.3 270.3 261.3 245.6 237.7 236.4 235.7 238.2 242.1 250.4 262.6 280.2 306.5 336.7 367.3 395.6 422 439 444.1 447 448.7 450.6 446.1
301.2 300.6 301.9 303.7 307.8 305.6 299.9 296 291.8 284 276.6 266.4 260.4 262.7 261.1 262 262.4 260.2 255.2 247 237.2 226.3 220.6 221.4 228.5 242.3 262.1 286.2 305.6 328.6 345.9 363.4 380.3 395.9 412.2 425.3 438.7 448.5 455.3 462 464.6 457.5 455.1 453.7 453.8 459.4 469.7 467 455.3 446.7 435.9 419.8 395.8 366.2 338.8 313 292.7 272.4 263.9 256.3 238.3 235.9 235.4 237 237.5 243.9 255.1 270.8 290.7 318.3 348.9 377.4 400.4 415.7 426.9 435.9 444.1 448.5 445.6
295.9 295.3 298.4 303.1 306 308.7 304.3 299.3 288.1 283.7 275.2 264.5 258.7 264.2 261.5 255.8 256.4 255.9 251.3 245.3 233.7 224.1 219 221.1 228.9 241.3 263.2 280.2 301.5 326.3 343.9 364.5 382.4 398 412.6 426.1 438.5 444.8 447 461.7 449.9 448.9 453.2 451.2 450.6 454.6 462 455.4 451.9 444.4 433.9 422.8 407.7 380.3 347.3 318.4 298.2 282.6 269.6 260.4 246.3 235.7 235 236.6 237.8 240.4 248.2 258.6 274.9 301 329.6 356.7 380.9 396.9 409.3 425.7 438.8 444 442.1
291.9 292.2 294.9 301.5 306.3 309.1 309.8 299.7 286.5 283.3 274.9 270.4 260.4 259.4 258.7 253.6 254.1 255.1 249 242.7 231.6 221.5 217.4 220.6 230.1 237 254 273 292.7 320.2 340.7 360.1 379.5 395.8 412.5 425.5 432.3 429.6 430.1 437.1 430.9 430.4 437.2 436.3 441.9 448.8 449.4 450.2 447.8 438.7 432.5 422.2 411.4 390.6 362 335.4 310.4 292.2 278.9 266.5 255.8 239.9 234.3 236.7 236.6 237.9 239.5 246.8 259.8 281.3 310.9 334.6 360.1 379.6 396.3 415.2 434 440.1 436.1
290.2 289 291.3 298.6 310.7 313.7 308.5 304.8 299.4 288.6 279.7 270.5 262.6 249.6 253.2 247.9 248.8 251.5 247.4 241.3 232.1 221.6 217.3 219.1 224.9 233.5 251.9 265.5 285.9 310.6 329.2 350.2 373.8 391.5 402.9 420.2 417.3 416.8 410 410.6 407.9 413.6 411.2 419.5 427.8 428.9 435.5 440.9 439.6 432.4 426.6 419.8 416.5 405.9 379.1 348 321.5 303.9 287 271.4 259 243.3 234.9 236.5 236.3 235.7 236.9 238.9 247.1 263.2 287.7 310.5 334.3 358.9 372.3 393 414.5 426.8 430.4
289.9 288.9 288.9 294.9 306.2 316.6 322.4 318.8 309.6 296.9 284.9 271.5 262.8 250.3 245.1 245.5 242.1 247.5 244.4 239.8 233 222.2 214.9 215.9 220.5 227.3 241.4 259.5 277.1 298.9 322.6 346.5 368.7 381.9 395.2 405.8 401.7 394.7 390.9 388.7 389.2 387.3 390.3 400.6 401.9 414.2 428.4 430.3 431.5 429.5 429.8 427.7 429 422.8 394.6 363.3 337.6 314.3 293.5 277.5 262.6 247 234.2 235.2 235.4 234.5 234.8 235.1 238.6 255.3 270 287.7 308.7 327.1 346.7 364.4 385.6 406.4 419.2
289 289.2 289.8 292.1 300.2 315.1 329.8 326 313.7 300.9 289.2 276.1 261.7 248.4 245.1 242.2 237.6 243.6 242 237.3 230 221.2 215.1 214.4 218.4 225.6 238.5 254.4 271.9 294.2 317.3 340.5 361.2 371.6 384.8 387 377.7 375.4 376.8 373 369.2 375 374.5 383.6 392.6 410.5 421.9 428.4 430.3 433.5 436.9 438.2 439.4 431 415 392.2 363.6 329.9 306.5 285.8 269.7 251.7 233.3 233.9 234.1 234.5 232.9 231.8 237.3 251.9 263.2 273.6 285 298 314.2 333.5 352.5 378.4 396.5
288.5 287.9 288.1 289.6 301.8 310.3 329.1 327.6 315.2 303 291.8 278.4 261.6 247 244.5 238.5 234.8 240.7 240.6 235.5 228.7 221.1 215.7 212.6 214.9 222.9 234.1 249.3 268.5 291.7 311.2 332.6 348.5 358.8 367.4 366.5 362.8 365.6 362.1 360 357.5 357.4 363.9 374.8 386.7 399.9 415.4 426 433.8 440 445.5 447.6 450.3 452.1 435.4 409 379.8 352.7 322.6 301 280.3 258.7 242.2 232 230.8 232.7 230.6 231.3 237.8 250 258.8 262.6 266.7 275.1 286.3 303.1 322.4 347 364.7
290.1 286.1 286.8 288.8 300.8 312.1 319.1 321.6 311.5 299.2 286.5 275.7 268.2 255.4 246.9 240.9 232.2 235.6 238.6 235 228.9 221.8 217 211.7 210.4 219.2 231.4 248.4 265.8 285.8 301.4 318.8 335.9 345.8 350.3 351.2 352.7 354.5 349.6 347 346 347.9 361.2 371.5 383.7 401.2 421.5 431.8 440.1 447.6 454.2 459.4 463 463.8 452.4 430.2 400.9 372.5 343.4 316.2 296.1 273.6 246.7 234.9 230.8 231.3 231 230.1 237.4 244.7 249.1 252.7 256.6 262.1 268.6 279.4 296.7 315.3 333.9
291.5 288.1 285.3 289.9 297.9 303.9 306.6 306.9 301 296.7 291.3 282.6 274.2 260.9 249.1 242.6 230.5 225.5 232.3 234.7 229.8 222.6 216.5 210 207.9 214.4 225.2 241 258.4 275.4 293.3 310 322.4 332.5 336.8 339.6 341.2 342 338.8 336.2 339.1 349.1 357.9 370.7 387.6 405.5 424.7 438.3 447.7 456.4 463.4 469 474 471.1 466.9 452 428.7 407.6 382.2 348.4 320.5 294.3 258 244.3 233.9 230.7 229.3 228.1 228.1 233.4 239.7 242.2 242.7 250.5 258.6 266.2 274.4 289 304.1
293.2 286.4 281.5 286.4 289.8 294.6 299.3 299.4 299.1 301.1 297.3 285.9 271.4 258.4 252.8 242.1 232.9 218.9 227.8 232.7 228.8 221.6 217.3 211.5 207.2 210.2 219.9 233.3 248.2 265.9 283.8 297.5 310.7 319.9 325.8 327.2 328.5 332.2 329.7 330.5 338.2 345 358.8 375.3 393.4 411.5 428.3 444.7 455.1 463.5 470.6 476.1 479.2 468.1 461.9 452.5 441.8 422.4 393 372 339.6 304.9 270.2 251.6 245.8 232.7 229.1 227.8 228.5 226.8 227.2 226.9 225.6 241.4 249.7 257.6 263.7 269.2 276.5
292.4 286.6 280.5 282.9 285.4 288.7 294.3 301.1 300.1 298.3 290.2 278.9 271.1 259.6 249.6 241.6 231.2 219 221.1 227.5 224.1 218.8 213.6 210 206.4 207.7 218 229.7 241.2 254.8 272.2 286.6 299.2 306 309.9 314.2 317 320 318.2 328.2 334.8 347.6 364.1 379.6 397.9 415.4 430.6 446 461.1 465.9 474.2 479.5 479.3 467.2 457.1 444.6 433 419.5 392.4 374.1 347.4 310 280.9 256.8 243.9 237.7 236.9 235.9 231.8 228 225.3 225.8 225.8 225.3 239.9 246.2 252.1 258.3 264.9
291.2 287.3 280.7 280.1 283.4 287.5 291.4 297.3 294.7 288.9 284.6 275.7 266.3 253.4 245.7 240.5 232.4 218.7 210.8 218.4 217.1 211.2 209.9 209.3 205.3 207.9 214.2 223.4 233.7 247 263.6 276.8 286.7 295.4 299.3 304.4 306.6 310.3 318.4 327.3 338.4 352.1 368.5 381.9 398.5 417.8 430 447.1 458.4 461 468.4 477.8 476.2 466.7 449.7 437.2 427.1 413.6 402.1 382.9 360.3 317.5 285 260.8 247.4 241.6 243.6 240.4 237.2 229.3 226.7 225 225.7 225.1 225.1 234.9 239.7 247.7 253.9
289.9 288 282.8 279 280.4 282.5 286.8 289.3 288.5 285.2 280.5 272.8 262.7 253.7 248.3 240.7 232.6 226 214.6 208.6 208.5 207.8 209.9 206.3 204.1 207.7 212.3 221.3 228.8 240.8 255.8 267.5 277.6 286.3 291 294.7 301.1 311 317.4 328.7 343.2 357.4 373.1 388.5 402.1 412.7 426.4 441.5 450.6 451.7 456.7 463.4 461.3 461.1 447.9 430.8 422.1 416 403.3 380 354.1 315.4 285.3 263.6 252.5 254.2 251.8 247 243.2 241.6 230.5 226.9 224.4 224.4 223.9 223.1 226.1 229.6 237.9
291 288.7 287.6 283 279 280.8 280.8 282.8 280.9 280.4 276.7 269.4 263 255.4 250.8 241.8 234 229.6 222.3 208.1 199.5 201.5 208.2 200.4 208.2 209.8 213.1 221.1 229.1 237.1 248.3 258.6 269.4 275.6 279.9 290.3 300.2 309.5 318.4 331.5 347.5 364.8 378.3 393.1 404.1 413.4 422.1 432.1 443.3 446.3 448.1 451.6 456.1 449 437.2 425 418.5 403.5 391.3 370.6 342.3 312.9 286.2 265.4 260.5 260.4 259.4 252.5 248.8 248.4 242.1 236.7 231.5 224.5 220.4 219.6 219.1 223.1 226.4
298.4 293.4 292.2 287.3 279.1 269.6 271 275.5 273.4 273.9 271.6 265.9 260.7 254.8 250.6 241.1 236.1 233.4 227.8 215 200.3 198.6 200.5 203 210.9 209.7 211.7 219.2 226.6 234.4 239.5 249.6 256.1 270.5 280.3 287.7 295.8 306.1 318.9 335.3 352.7 366 381.3 395.6 405.6 414.1 419.5 428.2 438 440.8 440.7 439.2 445 435.5 420.8 412.7 407.1 390.9 373.5 357.7 333.9 309.1 285.4 271 264.3 259.8 259.4 256.8 257.4 254.6 243.3 249.1 243 232.6 223.8 221.7 219.5 220.9 222.6
308.1 302 297 292 284.5 273.8 268.6 264.5 263.6 264.9 265.5 262 256.1 250.4 244.5 236.2 234.1 233.7 230.9 220 205.2 192.8 193.1 204.9 207.1 206.1 207.6 214.7 222.3 227.4 229.6 242.2 256.6 265.4 274.6 282 290.6 302 317.9 336.5 351.3 364.7 380.4 395.4 403.8 412.3 419.3 422.5 424.9 428.4 429.5 428.9 425.4 424.1 411.9 401 396.5 383.8 367.6 354.6 330.6 315.7 299.9 282.7 275.1 267 262 259.6 256.9 255.4 257.6 262.3 256.9 246 236.3 227.9 221.3 221.2 221.6
319 308.4 301.2 296.5 288.5 279.6 271.8 263.5 259 257.1 257.3 252.5 251.7 250.9 242.6 235.4 230.8 232.1 230 220.7 206.1 193.6 189.5 198.1 199.7 200.1 206.7 211.7 215.2 217 226.9 236.1 248.1 258 267.8 275.6 285.8 298.4 317.6 333.6 348.2 362 376.7 390.4 400.1 407 414 417.7 417.1 419.2 427.1 423.5 419.5 418.2 408.4 395.3 388.8 381 369.8 359.9 347.9 330 315.2 299.8 287.9 280.6 275.6 269.2 267.8 270 275.7 276.6 267.9 258.1 251.8 245.3 234.6 229.5 225.2
321.9 310.9 307.4 299.3 290.4 284.7 278.5 269.8 261 257.6 255.9 258.7 259.7 257.9 251.6 240.8 231.1 226.6 223.1 217.4 210.2 196.6 188.5 187.4 190.4 200.9 205.2 204.5 207 214.8 223.4 232.3 242.6 253.1 262 269 279.2 293.5 312.5 327.7 342.2 354.8 370.6 384.4 394.9 400.4 407.8 410.4 408.3 413.4 413.6 411.5 416 414.4 407.7 395.9 389.8 387.2 381.2 373.9 366.5 353.4 332.9 312.9 302.1 293.5 288.6 284.7 284.2 284.9 289.9 289.9 283.4 278.8 273.6 265.1 253.6 243.7 236.9
318.2 316.5 305.8 297.5 290.9 287.5 282.4 274.2 267.5 259.9 258.8 264.6 265.1 261.8 254.7 243.3 230.8 224.2 220 214.5 210.7 202.7 194.5 189.6 182.9 191 199.7 195.8 203.8 211.8 220.2 230.5 241.7 248.4 256 266.9 277.5 288.4 304.8 320.4 335.2 347.9 362.1 375.7 386.1 391.1 400.2 402.7 400.4 401.4 407.9 409.6 409.7 409.2 409 403 397.8 393.9 393.7 393.4 384.4 372.2 351.4 337.2 320.4 308.1 300.4 296.8 297.5 298.6 306.3 305.9 304.9 301.9 296.6 287.4 276.7 263.1 253.9
315.8 305.4 296 294.1 291.2 286.4 279.8 278 273.1 266.3 264.9 265 264.8 261.3 254.7 247.4 236.9 232.2 227.9 220.7 212.2 206.8 200.6 193.3 183.2 183.8 189.6 194.3 203.6 209.3 219 227.8 237.5 246.6 255.1 265.2 275.7 285.4 295.4 310 324 337.6 352.2 363.2 372.3 381.2 391.1 396.5 395.7 395.8 401 408.2 411.4 412.2 411 408 406.8 411.5 406.5 404.9 403.3 392.2 379.9 361.3 338.6 327 314.2 309.2 314.1 323.4 326.6 333.6 334.3 329.3 318.8 308.9 298.9 283.8 270.7
296.4 291.6 286.3 286.6 280.8 278 279 281.2 278.2 271 268 264.8 261.1 258.8 255.1 250.8 242.9 237.7 234.1 229.2 219.8 210.9 203.9 194.9 185.9 179.7 183.6 193.2 201.1 207.8 215.5 225 234.1 242.7 252.8 262.7 271.5 279.3 288.7 299.2 312.7 326.4 339.3 349.7 361.6 374.9 383.9 390.1 389.3 393.3 399.1 409.1 414.5 418.7 418 416.3 420.1 418.2 416.5 419.8 427.1 414.7 402.7 387.1 372.8 354.5 339.3 335 343.8 351.1 359.8 367.6 364.4 358.7 347.7 334.5 321.4 309.4 293.3
277.4 275.6 271.4 271.5 269.9 278.7 277.4 274.4 273.9 269.3 267.8 269.3 265.9 261.1 258.3 254.8 250.1 244.2 239.5 234.4 226.7 216.9 207.4 198.9 191.2 178.5 181.3 189.3 198.5 205 210.8 218.9 228.4 238.6 248.8 258.1 266.5 272.2 280.2 290.9 302.2 314.1 326.6 340.7 354.5 367.6 374.7 381.1 391.5 398.6 406 414 417.1 420.1 421.1 423 425.4 428.9 438.3 435.7 433.8 431.3 421.9 415.1 400.1 388.8 371.8 370.8 369.8 378.6 384.2 390.9 383.2 378.9 371.4 345.8 331.2 319.5 309.9
261.8 259.2 256.9 257.7 258.1 268.3 266.4 260.6 260.7 259.3 261.4 268.8 270.2 265.9 264.5 261.8 257.3 251.5 245.1 238.1 231 221.7 210.1 202.1 195.1 188.4 177.3 183.3 192.3 200.2 205.5 213.4 223.3 233.4 240.9 250.2 258 264.4 273.8 282.2 292.5 304.3 318.2 333 346.2 356 371 383.6 394.9 403.5 412.2 417.4 417.1 421.1 427.3 428.7 432.4 443.5 442.7 444.2 442.6 445.3 440.7 429 421.8 412 406.1 407.2 397.1 394.3 399.1 392.2 387 380.3 365.6 347.4 337.2 327.4 312
244.2 241.4 241.8 244.4 246.5 251.6 249.2 245.6 243.7 250.2 258.5 262.1 268.7 269.2 271.3 269.1 263.4 256.1 247.9 239.2 231.6 224.8 214.6 206.4 198.2 189.8 178.8 176 185.5 194.4 201.2 208.2 217 224.7 231.1 240.6 248.4 256.9 265.1 274.9 282.8 298 312.1 326 338.9 353.3 369.6 380.9 394.1 405.8 414.5 421.1 422.6 425.2 431.6 435.5 439.6 446 452.6 455.6 454.7 459.3 456.7 439.7 430.4 426 416.2 412.4 409.3 398.7 396.4 388.8 380.5 376.9 370.7 358.9 342 332.2 320.1
232.1 237.4 239.9 240.9 237.9 238.1 234.3 230.3 233.3 240.6 247.9 255.9 265.2 269.6 271.8 272.7 263.2 254.8 247.5 240.8 235.4 228.5 219.9 211.6 201.8 185.9 176.7 173.2 178.6 186.1 193.9 200.4 208.5 215.3 221.2 229.3 239.2 249.8 258.7 268.3 278.5 290.1 302 317.4 333 350.8 363.7 377.1 392.8 404.8 415.3 422.3 426.6 428.8 436.1 440.4 447.2 454.7 461.5 464.4 471.6 472.6 466.6 450.9 435 426.6 411.6 411.6 408.8 393.6 389.1 389.7 379.3 375.6 368.4 358.6 348 338.4 336
228.6 232.1 239.4 238.1 230.9 225.4 217.8 218.5 223.4 231.1 239.1 251.2 260.2 259.7 263.6 265.6 252 245.1 241.3 237.9 233.6 229.5 225.2 216 204.1 190.7 181.7 169.2 172.2 178.9 186.4 195.6 201.7 206.7 212.3 218.7 229.3 243 255.4 265.9 275.3 283.2 295.7 312.2 329.4 344.3 358 372.4 392.2 405.3 417 425 431.2 437.8 443.1 447.9 450.6 459.7 460.8 462.4 470.8 473.9 460.9 448.2 433.1 417.8 408.1 409.3 402.4 390.2 390 388.1 380.8 375.1 369.6 363.7 356.7 355.4 354.2
224.8 228.2 232.1 232.6 223.5 216.6 209.7 214 218.6 223.2 229.9 239.4 242.3 241.6 249.3 250.6 243.7 237.1 239.2 233.4 230.3 229.1 228.1 219.1 207.9 194.3 187.4 180.6 170.2 172.2 179.2 188.6 194 198.6 203.5 210.9 220.6 237.6 251 259.8 269.4 280.5 292.2 306.3 323.6 339.8 352.9 373.5 390.7 406.2 418.3 428.1 436.8 442.8 449 455.2 454.5 451.2 449.5 453.1 462.3 457.8 443.6 444.3 428.4 417.8 406.6 403.3 399.3 390.5 388.9 383.3 379.1 377 371.7 370.1 370.1 366.6 361.8
218.4 220.8 220.6 223 215.9 211 213.2 212.3 211.5 216.1 217.9 223.2 227.7 232.3 234.2 238.8 238.2 233.3 233.7 228.3 224.5 223.5 224.5 217.4 207.3 197.8 189 180.7 169.3 169.4 175 180.5 184.2 189.8 198.3 209.2 219.9 229.2 241.5 253.2 266.8 277.6 290.9 305.6 321.4 335.7 350.8 371.6 389 404.6 416.9 428.4 439.3 443.8 450.9 458.6 462.1 453.1 444.7 446.1 440.6 439.4 435.7 428.6 418.4 408.1 402.1 401.6 398.1 389 389 389.7 386.5 385.7 383.6 384.4 380.9 370.5 364.6
209.2 209 206.1 207.2 209 210.5 215.7 215 203.5 200.2 204.9 213 216.5 218.4 223 226.9 230.5 227 224.4 222.3 219.2 219.2 219 214.6 209.6 200.8 190 182.5 173.2 167.3 170.3 174.8 182 191.1 201.5 209.8 222.2 232.2 244 254.5 267.2 277 288.9 302.6 318.6 335 350.4 369.3 385 400.9 414.7 426.1 429.7 437 445 454.3 457.3 451.6 439.9 436.9 428.8 421.3 419.5 415.2 410.3 407.2 402.2 399.8 397.7 390.2 390.1 396.4 397.5 395.6 392.7 389.8 385.9 380.9 372.3
204 200.9 201.6 204.8 207.7 210.6 216.8 220.4 206.5 198.4 201.7 207.2 208.1 210.1 214.9 217.7 220.3 219.6 218.9 213.7 214.7 215.8 216.6 215 211 204 190.6 184.4 178.7 165.2 168.1 174.4 180.9 190.4 201.6 210.5 221.1 232.4 244.7 254.9 268.4 278.5 289.2 301 315.1 331.4 347.1 364.3 379.6 393.7 404.6 414.1 419.1 428.9 433 439.5 444 445.3 441.1 429.7 430.8 420 416.1 410 408.3 404.6 401.2 398.2 396.3 395 395.3 401.4 405.2 403.8 401.8 402.7 396.3 387.8 372.7
