webserver/python/data/NY51.asc
ncols 200
nrows 200
xllcorner 350000
yllcorner 510000
cellsize 50
[rows 140 to 174 of 200, columns 0 to 77 of 200]
457.3 456.8 455 450.7 445.5 439.5 435.1 424.9 419.1 415.7 405 392.8 380.3 364.3 348.4 337.6 327.9 313 300.2 287.7 278.9 274.1 271.1 268 264.3 264 264.7 266.8 270 278.8 289.7 297.7 306.9 316.7 324 336.3 356.4 347.8 353.5 356.7 364.6 370 371.8 373.8 375.4 375 375 376.2 377.7 377.5 377.4 377 379 380.5 382.6 385.3 389.6 393.7 393.5 393.4 391.9 388.8 383.3 378.1 373 370.3 372.5 372 365.9 362.8 362 363.7 362.9 358.4 357.9 355.3 350.8 346.7
453.7 451.5 448.8 445.8 441.4 439.3 433.5 418.5 408.7 394.8 386.8 371.7 358.7 346.2 335 321.3 309 295.7 284.8 275 270.2 267.3 264.9 263.9 263.9 264.1 265 267.8 271.2 279.4 294 301.7 315.3 326.1 339 352.5 362.1 367 376.7 381.4 376.7 378 379.2 386.6 381.4 379 378.7 379.3 379.7 378.9 378.8 378.5 378.3 379.8 382 388.5 391.8 393.4 394.3 393.6 391.5 387.2 385.6 380.1 374.6 373.2 377.7 373.2 366.8 363.1 362.8 362.2 360.2 357.3 356.7 353.7 349.3 345.6
447.9 446.1 443.6 440.4 440.7 432.8 417.8 403.4 391.1 379 368.6 353.3 341.9 326.9 317.2 306 295.9 284.4 274.8 268.6 266.8 265 264.5 264.6 264.4 264.4 265.4 269 281 292.8 302.3 312.7 318.5 332.8 351 366 378.9 380.3 383.5 391.5 394 388.9 388.6 389.4 387.6 382.9 382.6 382.4 382 381.3 380 379.6 379.5 380.1 383.9 394.5 392.8 392.6 397.6 392.9 384.6 382.2 381 380.4 376.6 374.3 374.7 369.8 366 364.1 363.6 361.5 358.2 357 354 351.3 347.5 344.3
444.8 441.6 438.1 431.5 423.3 410.9 395.9 383.7 372.7 357.6 346.6 335.1 324 315.4 304.3 293.8 283.8 272.5 268.4 266.7 265.2 264.8 264.9 264.9 264.8 264.7 271.5 287.9 303 313.6 316.6 324.3 333.3 345.2 372.4 381.3 383.1 384.2 388.2 396.7 399.5 397.6 395.2 394.2 391.8 389.1 387 389.9 389.4 386.1 382.8 381.4 381 384.9 387.5 390.9 391.9 392.2 390 384.4 382.4 381.7 381.4 381 378.6 374 371.4 367.8 365.8 366.3 363.6 361.9 360.7 358.4 355.4 350.5 342.2 339.6
441.3 436.3 430.5 422.3 405.6 390.7 375.9 363.9 352.9 340.9 331.1 320.5 312.1 302.4 291.8 283 275.2 266.9 265.3 264.9 264.7 264.7 264.9 265 265.2 274.3 287.7 305.4 321.4 342.7 342.5 342.3 352.3 365.9 375.8 381.6 376.6 385.4 392 397.2 402 407.8 406.7 403.5 401 398.5 398.6 397.8 398 391.2 386.1 383.9 385.4 384.6 386.1 387 388.5 393.3 384.8 382 379.1 379.7 379.9 379.1 375.4 372.8 370 368.2 366.8 366.2 366.6 365.1 361.9 358.6 354.4 350.1 341 334.7
439.9 433.2 424.1 408 391.9 370.3 360.4 348.5 337.3 327.2 318 309.8 299.8 291.8 285.1 278.2 270.4 265.9 265.6 265.3 264.7 264.6 264.8 269 278.2 291.2 311.5 330.9 347.2 388.6 402.7 401.7 400.3 390.9 388.5 388.1 387.5 389.3 391.2 395.3 405.1 413.4 413.4 406.9 403.8 404.4 405.4 404.6 402.6 394.4 387.6 384.6 384.5 384.4 384.6 384.4 383.6 382.8 383 381.2 377.2 376.5 376.3 375.3 375 372.9 371.4 369.5 368.1 369 369.7 367.8 364.9 358.4 352.8 347.7 337.5 335
442.3 435.4 419.2 402.2 379 353.3 341.6 333.6 324.4 315.7 306.3 299.8 291.5 286.3 281.2 274.4 266.8 265.9 265.8 265.6 265.2 265 272.4 280.6 293.3 310.7 339.5 365.5 377.5 400.3 413.8 414.3 419.6 414.8 396 391.5 390.5 392.5 393.1 394.3 400.6 408 409.5 406.1 405.4 410.4 410 410.1 401.2 393.2 387.5 385.3 384.1 384.3 384.1 384.1 383.2 382.2 380.6 377.7 376.5 378.8 380.8 379.1 377.3 376.4 374 371.1 370.4 375.3 381.5 378.7 367.6 360.1 352.6 347.1 342.1 338.6
442.6 426.8 405 381.2 359.8 340.8 330.1 318.8 313.6 307 297.8 290.8 286.6 281.5 276.5 270.1 266.4 265.9 265.7 265.6 265.9 275.4 286.9 295 308.8 335.2 374.6 410.8 417.8 413.2 418.6 417.1 420.7 414.9 406.5 400 392.6 394.4 395.9 398.7 398.4 400.5 406.1 405.9 407.9 408.6 409.3 411.8 401.2 393.2 388 387 386.2 385.3 384.4 384.8 383.4 384 381.9 380.8 383.6 388.4 387.5 384.6 382.8 381.9 378.9 374.8 375.5 380.1 386.9 383 370.6 363.8 356.5 348.9 344.5 341.4
440.8 412.6 383.9 362.5 343.8 330.2 321.3 312.7 303.6 298.8 291.6 285.7 281.2 276.5 271 268.6 266.4 266.4 265.9 268.5 274.8 290.1 300.8 308.5 328.7 377.7 412.7 412.7 418.3 420.3 423.8 422.1 416.1 412 405.7 400.3 395.2 402.1 404.8 403.3 399.8 401 402.2 404.5 407.1 409 410.2 409 405.3 401.6 397.1 391.6 392.7 395.7 397.1 390.4 385.9 385.9 385.9 385.8 391.4 395.8 392.8 390.1 391.2 390 386 380.9 380.2 382.3 387.6 380.6 374.7 367.6 360.4 353.5 348.9 345.6
432.9 402.7 373.1 353 335.9 327.3 318.1 306.7 298.5 291.7 284.5 279.3 276 271.5 267.5 266.7 266.7 266.1 268.9 276.2 287.8 302.3 314.7 326.4 355.3 390.9 425.8 421.8 423 423.7 422.8 419.7 417.1 412.2 412 407.4 403.1 406.3 408.8 407.5 405.7 405.5 410 408.1 409.4 415 422 420 415.5 412.7 405.2 397.4 397.9 400.9 406.3 395 388.6 390.7 391.6 394.3 402.6 401.3 397.5 395.6 402.7 398.9 392.4 387.8 385.7 385.4 383.1 375.7 374.1 370 365.5 360.8 356 350.3
423.2 394.4 366.2 349.2 333.8 324.2 315.1 305.2 294.9 285.5 283 277.3 272.5 269.8 267.7 266.7 266.7 270.5 277.5 292.9 306.4 344.1 341.4 353.8 390.3 411 427.4 432.8 431.1 430.3 430.7 423.7 423.4 415.8 415.9 412.7 409.8 411 410.9 412.4 415.5 420.2 419.7 418.2 420.6 427.5 431.4 432.9 429.2 424.1 413.6 404.3 402 403.3 404.9 402.4 392.9 397.4 398.4 403.8 405.9 411 402.9 409 416.9 410.6 401.6 395.1 397.7 386.4 381 377.6 373.9 373.3 372.7 368.3 360.3 353.3
412.7 386.3 365.9 348 333.1 321.3 312.6 304.3 294.1 286.5 278.4 273.2 270.6 268.9 268.4 267 267.4 276.5 291.1 308.4 327.9 359.5 372.5 390.3 413.3 425.7 431.6 437 437.8 435.7 433.8 425.5 421.7 422.8 421.5 421.5 415.9 415 415 420.3 423 425.2 427.7 433.5 429.2 433.5 437.5 442.6 447.4 442.1 422.1 413.2 409.8 410.5 409.4 404.5 404.7 406.4 406.3 411 413.9 410.2 411.7 417.4 424.9 418.8 410.6 404.5 398.6 386.4 383.1 376.6 374.7 376.8 378.1 373.3 364.1 359.6
413.6 385.7 361.3 346.8 331.8 318.8 308.3 298.8 290.4 283.3 277.5 271.8 269.2 268.1 267.9 267.1 273 290 311.4 328.3 351.8 391.3 430.9 432.5 435.7 440.1 435.3 444.1 446.7 441.7 433.6 428.8 424.8 425.7 424.2 420.1 420.1 419.2 421.1 426.6 429.5 432.9 437.1 439.4 439.4 440.6 446.9 446.2 450.8 448.2 431.5 423 418.4 417.8 417.5 418.5 421.4 416 414.1 415.9 415.6 415.3 425.9 429.3 436 425.3 409.8 402 396.5 393.7 387.3 380.4 376.5 378.4 379 372.6 366.5 362.4
413.2 383.4 359.9 342.3 329.1 313.7 301.7 291.8 284.7 279 274.1 270.1 268.1 267.8 267.3 270.6 284.9 304.6 331.5 369.2 393 421.7 451.3 447.3 449.9 459.8 455.4 442.6 441.3 434.6 433.1 428.4 424.2 423.4 421.1 419.9 421.9 423.4 427.8 431.4 435.1 437.1 442.4 445.2 451.8 450.7 449.1 449.7 448.4 447.5 442.6 436.1 434.8 433.6 423.9 424.9 427.8 423 422.7 422.3 419.9 420.1 431.3 437.5 436.5 426.1 411.8 403 400.3 397.4 392.3 385.9 380.3 381.6 376.1 372.5 368.3 365.9
405.7 375.8 355.3 339.7 322.7 308.3 295.3 287.5 281 276.4 271.1 268.4 267.5 267.8 268.4 277.7 293.8 318.9 344.5 375 407 433.7 446.9 450.1 456 456.6 448.8 439 437.1 435 430 425.7 422.7 420.5 420 421.2 424.3 428.6 434.7 437.5 443.7 446.5 452.5 454 457 456.4 450.3 449.5 448.8 447.5 448.5 449.4 439.1 430.7 426.7 427.3 428.8 425.4 423.6 423.2 427.2 427.2 432.2 439.5 438.5 433 413.3 407.1 404.2 402.5 397.8 390.9 381.9 377.8 374.2 372.3 370.8 366.6
395.6 366.5 345.6 329.9 314.8 300.6 288.4 280.1 272.6 269 269.2 268.7 268.7 268.6 271.4 285.9 305.6 328.3 356.7 386.2 417.2 441.5 445.9 451.6 454 449.3 444.6 435.8 432.3 430.9 429.6 429 426 421 421.2 423.3 426.3 431.9 436.3 445.8 450.7 462.5 461.7 458.7 457.5 459.3 456.9 449.8 449.4 450.8 450.8 447.5 441.9 431.5 429.4 428.5 428.3 426.4 424.9 425.9 426.9 427.9 430.9 434.8 436 432.7 418.4 412.4 411 407.6 404.8 395.9 386.2 379.6 374.6 375.2 370.9 367.6
378.9 360 339.9 325 309.6 293.3 281.1 275.9 269.5 269.7 269.6 269.4 269.2 270.2 271.9 289.8 313.8 340.5 372.2 399.8 433.4 441.4 446.7 452 460.8 454.1 450.4 440.9 431.2 431.3 431.5 428.3 423.1 421.4 421.9 424.6 427.9 433 440.6 455.6 460.9 471 463.5 462.8 460.2 458.8 457.5 452.7 449 447.4 448 447.6 442 440.1 436 430.9 429.1 427.2 427.1 429.2 432.8 430.9 431.7 434.4 434 431.4 429.3 419.8 414.2 408.9 404.6 399.1 394.7 381.5 377.8 381.4 372.6 369
370.1 350.4 333.8 321 305.1 289.8 282.2 274.7 270.1 269.9 269.8 269.7 270 271.3 280.9 301.4 328.3 359.5 388.2 419.3 446.7 454.7 446.6 449.1 458.9 457.9 455.8 453.4 440.5 433.7 432.1 427.7 426.4 425.3 422.3 425.1 429.8 435.9 444.8 454.7 462.2 464.9 466.4 464.1 459 455.2 452.8 450.6 448.4 447.6 445.3 443.7 442.8 442.4 441.4 437.9 432.8 432.7 433.5 441 440.9 438.1 435.9 436.4 435.6 437.3 435.1 422.9 416.4 410.1 403.6 401.9 397.9 386.1 380.6 379.4 374 372
355.8 339.6 325 312.5 299.5 290.6 280 272.7 269.6 270 270.4 270.6 270.9 272.5 289 311.8 340.7 371.3 406.4 432.8 452.6 460.2 454.2 450.3 456.4 462.2 466.4 458.9 448 444.8 447.2 440.9 434.2 431.2 423.5 427.8 433.2 439.2 447.4 457.2 462 465.5 469.1 464.9 458.8 455 452.8 450.8 448.9 447.8 446.3 443.5 444.9 446.3 445.7 443.3 440.1 439.8 441.2 442.3 443.5 446.3 444.5 440.7 436.4 433.3 428.6 425.3 422.1 412.5 408 406.1 400.4 391.2 385.1 381.3 379.7 377.2
346.9 331.5 320.4 307 296.5 292.4 279.4 271.9 270.7 270.9 275 272.3 272.6 274.3 297.6 323.7 350.4 381.9 416 440.3 452.2 460.8 462.3 455.4 457.9 465.9 463.1 456.7 452.5 449.8 453.5 450.6 440.4 431.4 428 427 432.3 438.9 445.4 451.3 457.4 463.2 473.6 467.2 460.4 456.7 453.8 451.8 449.9 448.3 446.9 445.3 445.3 446.8 446.4 445.7 444.6 445.4 448.3 450.4 453.1 452.3 449.8 443.8 440.3 432.3 428.7 425.5 421 414.7 410.1 406.7 400.1 395.7 389.5 386.8 387 383.3
338.3 324.3 313.5 301 295.8 290.8 279 273.1 270.8 284.4 288.2 275 273.8 285.6 302.9 329.8 360.4 394.2 422.6 444.7 453.6 463.2 467 471.4 472.7 466.7 462.2 458 456.3 451.8 452.2 448.7 441.9 440.1 433.9 426.7 432.5 437.1 440.7 445.7 452.3 458.3 465.3 467 461.5 458.6 455.4 453.1 451 449.1 448.2 446.6 445.9 447.2 448.8 450.9 448.8 451.3 452.2 454 455.2 456.8 452.4 450.3 444.7 438.9 431.6 427.9 424.1 418.7 412.5 407.4 401.8 396.2 393.9 400.8 395.3 387.9
328.1 316.2 307.5 298.1 294 286.4 276.1 273.3 270.8 289.6 285.5 275.8 275.5 289.6 310.1 333.3 366 398.4 430.7 450.5 461.5 467.4 475.4 484.3 483.4 474.3 473.4 465.1 469.4 466.7 456.9 451.1 451.3 448.8 443.2 433 431.6 436 439.7 443.5 449.6 454.8 462.4 467.4 470.2 467.5 464.1 457.6 455.4 455.6 456.2 448.6 445.8 447.5 452 454.4 460.3 463.1 462.7 457.4 457 454.9 454.6 452 447.3 442.9 443.4 439.1 432.8 427.6 419.5 411 404.8 399.3 403.2 402.5 397.9 393.9
321.7 312.2 301.9 296.4 282.1 273.9 279.6 279 272.1 280.8 284.1 279.1 279 295.8 314.6 340.9 370.5 405.9 435.5 455.3 473.1 482.3 483.4 490.3 492.1 486.7 483.5 481.2 479 479.1 464.3 458.3 455.3 453.4 448.3 440.1 434.5 433.4 436.3 443.1 448.3 453.9 461.2 467.4 469.7 471 470.5 471 461 460.6 458.4 454.3 450.1 452.7 457.6 457.9 460.2 467.5 467.4 468.1 466.8 461.9 459.9 459.1 454.2 449.8 446.7 441.8 438.4 430 425.8 413.9 407.8 410.3 411.4 407.6 406.7 402.2
315.6 304.2 294 284.1 275.6 281.8 282.4 275.3 274.4 275.8 278.3 277.4 279.6 294.4 317.3 345.7 374.2 407.2 436.9 463.1 472.7 485.8 492.6 493.9 504.5 501.2 491.9 490.7 490.3 479.8 464.9 457.1 455.6 453.4 452.3 452.3 448.3 444.3 442.5 441.4 448 452.1 458.8 464.2 467.5 470 468.6 467.9 467.8 462.1 460.5 460.1 459 454.7 456.4 457.8 460.7 466.5 469 469.7 469.2 467.4 464.6 462.6 460.2 454.2 449.2 447 437.7 433.2 425.7 414.5 412.5 418.6 415.3 413.7 411.4 409.7
309.1 296.8 285.8 276 274.4 275.2 280.4 279 280.3 281.6 277.5 278.6 284.3 297 316.9 345.1 380.2 409.2 433 457.5 470 480 484.4 490.1 499.4 506.8 506.8 492.8 489.4 486.9 472.3 462.3 455.9 453.9 455.1 456.7 460.4 454.2 446.6 448.1 449.2 453.1 455.5 459.2 461.8 465.5 465.4 465.8 466 464.3 463.6 470 464.2 460.1 460.2 459.8 462.5 466.2 469 470.9 473.5 474.9 470.8 468 462.6 455.5 453.4 448.5 436.5 429.6 424.7 420.6 420.1 420.7 422.2 419.7 419.2 414.9
299.5 288 278.4 275.3 274.5 274.1 274.3 279.9 281.4 282.2 279.4 279.5 283.5 298.8 317.6 344 382.4 409.3 419.8 438 452.9 463.3 473.5 485 494.6 499.6 502.3 502.8 492.7 491.5 486.7 469.1 457.1 456.1 457.6 459 466.7 457.4 448.3 450.8 451.8 456.3 458.1 459.7 464 461.5 463.9 469.2 468.2 469.6 468.5 473.4 473.2 469.4 472.6 465.4 464.1 466.1 469.9 476.7 482 481.5 475.1 474.8 464.8 457.4 454.8 447.6 439.1 435.1 428.9 424.2 425 422.7 425.5 423.9 423.5 419.5
290.4 281.8 277.6 276.1 274.7 274.1 274.4 275.5 280.7 280.9 282.7 281 285.1 294.6 311.5 339.2 373.4 396.4 410 421.2 436.8 450.5 464.2 480.8 488.6 494.7 503.4 498.4 495.5 496.2 492.3 479.3 465 459.1 459.7 460.7 464.3 454 450.3 450.1 452.2 455.6 467.1 475.6 475.2 463.2 462.8 465.3 466.5 469 472 475.5 477.6 478.7 481.6 472.7 466.6 467.5 472.5 480.2 483.4 481.4 477.9 481.3 467.7 460.3 453.5 444.4 439 436.3 430.6 425 422.7 420.9 420.2 421.5 420.4 418.3
289.4 282.4 277.5 275.8 274.7 274.2 274.9 278.6 276.6 277.9 278.1 279.3 282.7 289 302.5 325.7 354 377.1 395.8 411.5 426.8 439.2 456.3 473.1 483.2 488 491.9 496.3 502 498.9 501.4 486 473.4 466.2 464.5 462.3 456.8 452.3 449.5 450.3 453 459.1 472.7 477.5 477.2 466.2 464.9 465 466.5 469.9 476 478.1 479.8 482.3 484.4 478.9 471.4 470.9 476.1 485.2 484.7 480.8 478.6 475.4 467.4 461.8 454.4 448.2 442.6 434.4 426.8 425 425.9 423.8 420.2 419.1 415.5 413
293.5 284.2 277.8 276.2 275.4 275.2 275.4 281.4 284.1 287 285.6 285.8 287 287.7 296.4 310.6 335.3 363.1 384.6 401.6 417 435.7 453.2 467.5 480.1 487.1 492 497.4 502.1 499.1 501 492 478.5 471.9 467.2 466.6 461.4 451.3 450.4 452.5 456.1 461.5 472 480.4 479.2 470.8 468.3 467.7 467.6 472.4 482.1 484.6 484.4 485.5 485.5 486.7 478 476 482 483.5 480.6 480 477.1 471.8 468 463.2 457.1 452.1 445.6 440.2 436.9 437.2 434.7 430.2 426.7 419.4 412.8 409
300 293.3 283.9 278.7 277 275.8 276.3 281 299.1 294.5 294.4 291.7 294.5 294.9 311 330.8 330.7 358.4 384.6 400.5 416.9 433.1 450.6 462.5 473.9 483.9 492.8 498.5 497.2 497.1 496.7 491.8 485.6 477.7 469.5 463.8 460 455.2 452.3 454.6 461.2 466.4 469 475.2 477.5 476.1 476.2 474.2 474.6 478.2 486.1 488.3 492.3 490.2 487.8 486.9 479.7 481.1 480.9 480.8 481.1 480.2 477.7 472.3 469.8 470.7 465.4 460.4 458.9 455.6 446.6 445.6 441.3 434.4 427.8 417.1 411.9 405.4
308.3 296.4 290.5 280.4 279.5 280.4 290.1 290.3 297.5 307 313.6 323.2 309.9 309 314.7 332.9 353.2 346.6 382.1 405.7 419.5 433.9 450.3 461.5 473.9 481.3 493 500.2 502.4 495.5 494.5 492.5 486.1 478 470.8 469.3 470.3 462.4 455.9 455.7 462.1 468.1 468.5 474.3 475.8 476.7 480.9 478 477.9 480.8 485.8 492.8 502.6 498.7 488.5 485 481.5 481.3 481.3 481 483.7 484.9 475.3 471.8 473.5 476 475 469.9 464.6 459.8 448.4 445.9 438.4 430.9 421.8 412.8 406.3 399.2
324.5 314.4 298.5 286.7 292.7 307 312.1 308.6 318.8 328.6 334 340.7 331.9 341.2 341.3 350.9 364.3 365.7 356.4 404.4 420.7 435.8 450.4 462.6 474.8 482.4 489.8 497.5 503.6 499.2 493.5 490.6 487.3 482.3 476.5 468.9 465.5 464.5 458.3 455.7 463.7 467.5 469.3 474.9 474.8 475.6 479.3 481.3 480.1 483.1 490 497.2 508.1 508.6 499.2 484.3 482.2 481.8 481.6 482.2 484.4 480.7 474.6 473.8 472.9 473.6 474.3 476.6 469.9 458.9 450.2 442.9 436.4 424.7 414.1 404.9 395.9 388.8
344.6 326 302.6 311.8 316.6 328.5 335.6 339.4 352.2 355.8 356.1 349.9 358.9 373.1 370.6 376 385.1 385 382 408.4 422.9 437.6 450.3 461.6 473.3 481 491.2 498.5 500.2 499.3 496.2 493.4 495.4 491.5 482.8 472.8 463.6 460.6 462.5 457 463.8 468.7 468.5 469.9 471.2 474 476.9 478.9 480.7 488.8 494.9 502 512.2 511 506.8 491.1 484.2 483.5 482.3 484.5 484.7 481.3 476.7 473.2 465.6 464.2 466.5 469.2 464.5 455.5 445.7 435 423.9 413.2 402.8 394.4 383.4 374
365.1 343.4 328.4 343.1 350.1 362.9 364.5 370.6 380.3 378.4 373.8 369.6 376 385.4 384.7 390.7 395 400.3 395.7 413 425.9 437 448.7 461.1 472.8 482.7 497.2 502.8 507.6 500.5 497.9 500.1 490.2 485.3 482.6 481.2 468.7 460.3 459 459 463.3 467.3 467.3 467.8 468.7 471.2 475.4 478.6 482.6 491.6 500.6 503.7 510.7 510.7 504.8 497.2 489.4 491.4 486.9 484.5 483.8 477 470 465 458.9 454.6 457 459.1 454.4 446.8 435.2 421.2 410.8 401.6 392.2 381.5 372.1 362.1
394.9 364 364.4 376.7 389.1 390.9 394.1 403.1 402.1 397.1 384.2 387 394.7 395.3 399.1 402.6 404.6 404.9 403.8 415.3 428.4 440.4 449.8 462.9 474.9 485 494.8 504.1 514.7 509.3 500.1 504.1 495.6 485.3 483 482.4 477.7 462.5 461.7 464.3 466.4 468.8 467.2 467.6 467.5 469.7 476.2 478.9 484.2 489.2 500.5 505.1 508.9 502.5 498.3 492.5 489.2 492.6 487.5 482.9 479.1 475.6 470.6 463.5 456.2 451.7 449.7 448.5 444 434.1 422.9 411.4 402.5 392.1 380.7 371.5 360.7 351.8
