webserver/python/data/NY53.asc
ncols 200
nrows 200
xllcorner 350000
yllcorner 530000
cellsize 50
[rows 0 to 35 of 200, columns 0 to 78 of 200]
123.8 125 125.4 128.3 129.5 132.8 136.4 140.6 149.8 153.2 158.6 158.2 162.1 168.8 170 170.2 175.7 180.4 183.8 184.7 187.5 191.8 195.8 200.9 210 220.8 234.9 236.4 237.1 237.5 238.4 239.8 239.8 239.5 238.8 237.5 235.7 233.8 231.7 229.4 225.6 224.3 222.9 221.1 219.1 216.9 214.4 211.5 203.8 198.3 191.6 184.3 174.1 170.6 172 169.4 165.7 166.2 165.2 163.2 160.8 159.7 158.7 158 156.9 155.9 154.4 154.3 153.6 152.1 150.7 149.6 149.2 149.2 147.2 145.6 144.7 142.1 137.5
127.5 125.5 126.6 131.1 133.3 132.6 137 143 144.7 144.5 149 156.5 157.7 165.5 171.2 174 177.9 182.6 185.5 186.4 188.8 192.8 196.7 201.1 208.6 218 229.4 237.9 239.4 238.2 238.3 239.7 240 239.1 238.3 236.9 235.6 233.8 231.6 229.1 225.6 224.6 223.1 221.6 219.7 217.7 215.4 212.6 209.1 200.6 192 184.9 173.9 174.2 173.5 170.4 168.2 168.2 167.7 165.5 163.5 162.5 161.6 160.4 159.6 158.9 157.8 157.8 156.8 155.3 153.9 152.6 151.8 151.5 149.2 146.2 143.4 140.6 137.2
130.2 126.9 127.5 131.6 137.5 136.6 138.1 145.5 143.2 151.5 156.6 157.2 160.6 162.3 166 170.8 178.3 183.1 186.1 187.8 189 192.4 196.4 201.3 207.5 216.1 224.7 236.3 238.8 238.3 237.5 238.6 239.3 238.3 237.3 236.1 235 232 230.5 227.7 225.4 225.2 223.4 222.3 220.9 218.4 215.6 212.8 210.5 204.9 191 184.4 172.2 177.3 174.7 172.2 171 169.9 168.9 166.9 166 165.2 164.1 164.1 163.8 162.6 161.4 161.4 160 158.8 157.1 155.7 155.6 155.7 153.7 151 147.9 144.3 140.1
132.1 126.7 128.2 133.2 138.4 140.9 141 143.4 151.9 149.7 155.8 158.8 160.5 166.1 171.6 178.1 176.5 181.8 186.4 189.4 190.4 191.9 196.1 201.5 206.8 214.2 221.5 231.2 238.3 237.8 236.8 236.9 238.6 239.1 238 237.1 234.7 230.6 228.1 226.6 225.2 224.1 222.8 222.1 221.7 219.1 216 213.2 209.9 201.5 189.9 179.1 175.3 179 176 173.9 172.4 171 170.4 170 168.9 167.8 166.7 167.6 168.8 167.1 166 164.7 163.5 162.2 160.3 159.3 159.4 159.5 158.9 156.2 152.3 148.9 145.4
132.3 130 127.6 135.4 141.4 143.4 144.6 144.3 149 154 155.9 159.1 161 168 174.7 176.2 180.2 181.6 186.2 189 190.9 191.9 196 201.2 206.1 213.2 218.8 225.2 232.4 237.4 236.8 237.2 238.2 239.6 239.5 238 234.8 231.9 228.3 226.2 224 223.5 221.7 220.1 219 217.3 215.2 212.5 207.2 199.2 186.1 176.1 181.9 180.3 177.8 175.7 174.3 173.5 172.4 172 171.5 170.4 169.9 171.1 171.7 170.4 168.8 167.3 166.7 165.5 163.7 162.5 162.8 163.1 162.3 160.3 157.7 154.4 149.9
132.1 129.7 130.4 133.4 141.9 145.2 146.7 147.1 147 156.4 154.9 159.6 161.4 167.7 175 178.5 180.5 181.9 185.2 188.2 190.9 191.9 195.6 200.9 205.3 210.6 216 220.8 226.8 234.8 236.8 237.6 238 239.1 240.4 237.2 236 233.5 230.4 227.5 226.1 223.7 221.6 219.8 217.3 215.6 212.4 209 201.7 193.5 179.4 181.4 184.6 180.7 179 177.4 176.1 174.9 174.4 174 173.6 173 173.2 173.7 174.1 173.1 171.3 169.8 169.7 168 166.3 165.7 165.6 165.5 165 163.6 161.5 159.1 154.8
132 130.8 131.1 132.4 142.8 147.6 146.9 147.7 148.1 153.9 159.6 158.8 161.8 168.1 173.7 178.4 181.3 183.1 186.8 188.8 190.7 192.1 194.7 199.1 205.1 211.1 216.7 224.4 232.1 236.1 237.3 238.3 238.5 238.7 239.4 237.9 236.1 234.1 231.2 228.2 226.3 224 222.2 220.1 216.8 213.8 209.6 197.2 184.1 195.2 180.7 188.5 185.6 181.8 179.7 177.6 176.4 175.6 175.5 175.3 175.1 174.8 174.9 175.2 175.5 174.5 172.9 170.9 170.7 169.3 167.4 166 166.6 167.2 167.1 166.8 164.5 162.4 159.1
133.4 132.5 132.8 130.4 141.5 149.9 152.3 150.3 149.5 152.2 159.3 157.4 159.4 166.6 173.8 179.3 182.9 185.5 186.8 189.3 191 192.5 194.6 198.2 204.4 210.7 220.7 228.2 234.9 238 238.7 238.7 238.7 238.8 238.7 238.2 237.6 234.9 232.1 229.7 227.6 225 223 220.3 217.1 213.8 208.7 198.5 193.8 181.5 188.7 188.6 185.7 182 179.9 177.6 176.7 176.5 176.3 176.2 176 176.2 176.2 176.4 176.3 175.7 173.4 171.2 171.4 170.1 167.9 166.6 166.3 167.4 170.1 166.7 165 163.3 160.2
137.2 134.3 135.5 134.8 138.4 151.3 155.2 158.2 151.5 153.1 157.2 158.9 159 165.7 176.3 178.3 182.2 186.3 187.8 188.1 191.3 192.8 194.4 197.2 203.5 210.8 223.6 234.2 237.1 238.4 239.6 239.6 239.6 239.5 239.1 238.4 237.4 235.5 232.9 230.5 228.3 226.4 223.5 220.4 217 214 208.6 198.2 188.7 185.9 190.6 188 185.2 182.1 179.6 177.5 176.6 176.2 176.1 176.4 176.9 177.3 177.4 177.1 176.7 175.5 173.7 171.4 171.1 170.2 168.3 166.1 165 164.7 165.2 163.9 162.8 160.3 158.2
142.6 136.2 135.5 136.8 136.3 146.7 152.2 159.3 154.8 156.2 158.9 161.9 158.7 165.9 179.8 184.3 184.9 188.2 191.8 189.5 189.7 192.4 195 196.8 200.9 209.8 223.7 239.6 240.4 240.4 239.5 239.6 239.7 239.8 239.3 238.3 237 235.4 234.2 230.9 229.1 226.9 224.1 220.6 216.7 211.9 207.9 199.3 181.4 188.6 188.6 186.2 183.8 181.4 178.9 177.4 176.5 176.2 176.6 177 177.4 177.9 177.8 177.4 176.4 174.9 173.5 171.5 170.7 170 168.1 165.7 164.1 163.2 162.6 161.9 159.9 157.3 155.3
144.1 139.8 136.2 137.2 138 146.9 151.1 154.2 157.9 159.7 159.9 161.2 158.5 168.1 179.7 185.8 188.5 190 194 192.8 189.7 193.2 195.1 196.6 200.1 206.7 219.9 239 242.4 241.4 240.8 240.4 240 239.9 240.1 239.2 237.7 235.9 234.3 232.6 230.2 227.1 224.4 220.2 215.7 210.5 205.5 197.8 182.5 186.9 185.7 183.4 181.1 178.8 176.8 176.3 175.2 174.9 175.4 176 176.7 177.4 177.5 177 175.6 174.2 172.8 171.5 170.4 169.4 167.7 166 164 163.3 161.4 160.4 159.4 156.3 153.6
145 142.3 140.2 137.2 137.5 140.8 146.8 153.5 154.4 160.1 166.3 162.8 159.3 167.5 176.7 184.6 187.3 191.9 193.7 194.5 191 192.7 194.9 195.8 198.6 204 216.6 234.7 243.5 242.2 241.8 241.2 241.3 241.4 240.8 239.9 238.6 236.6 234.8 231.7 230.3 226.6 223.5 218.7 214.3 209 200.6 192.3 182.5 185.9 183 180.7 178.5 176.2 174.2 173.9 173.5 173.7 174 174.5 175.2 175.9 175.8 175.5 174.7 173.5 172.2 170.9 169.8 168.8 167.7 165.7 164.3 161.9 160.8 159.8 158.8 156.3 153.7
146.2 147 145.6 144.3 139.8 138.2 142.1 145.7 154.4 160.6 167.3 164 159.7 164.5 173.7 183.8 188.6 191.3 194.6 194.4 192.7 192.2 194.5 196.2 198 202 211.9 230.2 240.2 241.7 241.5 241.4 241.6 242.2 241.7 240.4 238.9 236.7 234.6 231.9 229 225.5 222.1 216.6 209.8 202.7 195.1 184.5 184.7 183.9 180.9 178.1 175.8 173.4 171.6 171.2 170.8 171.4 172.2 173 173.7 174.2 174.1 173.9 173.3 172.3 171.1 169.8 169.2 168.2 167.1 164.5 162.2 161.4 160.5 159.5 158.6 156.4 153.6
148.4 149 147.8 142.7 141.4 145.4 141.8 146.9 154.1 160.7 165.2 167.5 159.8 160.1 164.7 181 187.8 191.8 197.9 195.5 193.8 192.4 194.8 196.6 198.4 201.9 208.2 220.8 232.7 239.7 240.9 241.5 241.4 242.4 242.2 241.5 239 236.8 234.3 231.2 228.2 224.7 220.5 214.1 204.5 196.2 187.4 184.8 185.3 182.1 178.8 175.7 172.8 170.1 168.9 168.5 168 168.7 169.5 170.3 172 172.4 172.3 172.2 171.8 170.9 169.5 168.2 167.8 167.4 166.2 163.6 161.3 161.3 160.8 159.8 158.3 156.5 153.5
149.8 149.7 149.3 145.4 142.2 145.8 139.8 148.8 156.4 163.3 168 170 171.8 162.9 163.1 174.2 186 189.8 192.7 196.1 193.9 192 194.1 195.8 197.9 201.2 206.9 216.8 228.9 237.8 240.6 241.6 241.5 241.3 242.5 241.1 239.2 236.8 233.7 230.5 226.6 222.3 218.4 212.7 204 194.7 185.2 187.4 184.8 181.5 178.5 175.6 172.6 169.8 166.9 165.1 165.1 165.8 166.4 167.5 169.2 170.5 170.4 170.2 170 169.1 167.7 165.5 164.8 164.8 164.8 162.8 160.3 160.6 160.6 160.1 158.8 156.9 154.2
150.3 150.8 150.1 150.9 144.8 146 143 150.3 156.8 162.3 166.8 171 175.6 172.6 174.8 169.3 179.7 185.5 186.6 192.2 193.6 191.4 193.4 195 197.7 200.8 205.2 211.3 224 238.3 240.8 241.6 241.7 241.7 241.7 240.5 238.6 236.1 233.5 230.3 226.1 221.6 216.9 210 200.5 190.1 185.4 186.9 184.7 181.7 178.8 175.8 172.7 170.1 167.9 165.9 164.7 162.7 163.6 164.8 166.4 168 168.4 168.2 168 167.2 165.5 163.1 161.4 160.9 161.5 160.9 159.6 159.7 160 159.8 158.6 157.4 154.9
149.5 150.9 151.7 151.8 149.9 146.8 148.8 141.9 156.1 161.4 165.8 169.5 174.4 176 178.3 178.5 181.8 185.5 186.6 189.7 190 191.9 193.2 194.2 196 198.8 203.4 211 221.9 238.5 241.6 241.9 241.9 241.3 240.9 240.4 238.2 236.5 234 230.4 225.7 219.7 212.6 204.6 192.7 186.3 188.7 187 184.5 182 179.1 176.6 174 171.7 169 167.2 166.1 162.8 161 162 163.4 165 165.9 165.8 165.7 164.8 163.1 160.4 157 156.2 156.2 156 157 158 158.7 159.1 158.3 156.6 154.7
148 149.9 152.4 151.8 152.5 146.5 151.2 142.3 153.7 160.6 165.3 168.3 173.3 176.9 175.1 178.3 182 184.7 188.9 190.1 190.6 192.1 194.2 195.2 196.7 198.2 202.9 208.7 221.6 234.4 241 241.4 240.7 240.6 240.5 241 238.7 236.5 235.2 231.8 226.5 220.7 209.7 201.9 191.4 190.6 190.7 188.7 185.7 183.1 180.6 177.5 175.8 173.4 170.8 168.5 166.4 164.1 161.5 159.8 158.5 160.5 162 162.4 162.8 162 160.1 156.6 153.2 151.2 151.3 151.9 152.7 155 156.8 157.1 156.8 155.5 153.7
146.1 148.4 150.9 152.2 151.4 148.1 153.2 150.6 145.8 155.3 153.5 160.5 170.7 174.8 175.5 179.2 181.7 185.1 187.8 191.1 191.4 191.9 193.2 195.1 197.3 198.2 200.5 206.8 219.6 232.3 239 239.8 239.6 239.8 240.3 240.7 239.6 237.8 235 233 228 221.2 211.2 203.3 194.9 191.8 192.6 190.6 187.7 184.7 181.9 179.7 177.8 175.4 173 170.6 168.3 165.5 162.9 161.3 158.7 156.5 156.3 157.2 158.8 158.4 156.5 152.3 149 146.8 147 147.7 149.8 152 154.3 154.8 154.7 153.5 152
145.4 147.9 150.7 152.3 152.3 150.3 148.4 153.1 144.4 151.8 162.6 166.1 168.8 172.3 176.8 179.9 180.8 184.8 187.7 190.8 192.9 194.3 192.9 194.6 197.6 199 201.8 207 212.1 221.5 235 238.2 239.6 239.5 240 240.5 240.6 239.2 236.7 232.9 229.1 223 215.2 207.3 200 192.4 192.1 191.2 190.3 187.2 184.9 182.7 180.4 177.5 175.6 172.9 170.6 167.8 165.9 163.6 160.6 158.9 156.6 152.7 152.3 153 151.4 148.9 146.1 145.7 144.4 143.7 145.2 147.4 149.7 150.2 150.5 150.9 150
144.9 147.3 149.6 150.4 151.8 152.7 150.5 148.5 144.6 149.4 156.4 164.7 167.6 172.6 178.2 178.9 179.5 182.7 187.9 188.5 192.4 194.5 193.5 194.1 197.8 201.2 202.6 206.6 216.7 231.4 237 238.9 239.7 240.2 240.7 241.3 241.5 240.5 239.2 236.4 230.7 224.9 217.4 210.7 205.6 200.7 197.5 192.8 191.1 189 187.8 185.7 183.7 181 178.9 176.1 172.9 171 168.6 165.7 162.8 159.9 157.9 155.1 152.3 152 148.4 148.3 147.4 146.2 143.6 142.3 141.3 142.7 144.9 145.5 145.8 146.6 146.5
145.8 145.2 147.4 149.8 152 152.9 154.6 147.5 148.1 146.1 150.1 157.2 167.7 169.6 173.1 178.5 180.7 180.9 186.8 188.8 191 193.4 194.7 194.2 195.9 202.4 204.3 207.2 217.2 232.8 238.8 240.6 240.8 240.7 241.2 241.7 241.4 241.5 241.2 238.4 234.9 228.4 221.1 215.1 209.9 205.4 202.2 200 195.5 192.6 189.1 188.4 186.6 185.1 182.6 179.8 176.7 173.6 170.8 168 165.2 162.1 159.8 157.3 154.2 151.8 150.3 149.8 148.2 146.5 144.5 142.9 141.7 140.8 140 140.6 141.2 142 143.4
145.2 145.1 145 147.9 151.4 152.7 153.9 153.6 147.4 146.5 146.4 158 166.6 168.8 170.5 176.3 179.8 181.6 182.4 188.8 192.2 192.3 193.7 193.8 196.6 199.5 207.6 210.4 219.3 232.8 238.9 242 241.8 241.6 241.7 242.2 241.2 241.2 241 239.3 236.9 232.4 226.9 221.2 215.1 209.7 206.1 203.2 201.8 199.1 195.3 192 188.8 187.9 185.3 183.1 180.1 176.5 173.7 171 167.7 164.4 160.6 158.7 156.5 154.3 152.2 151.1 150.1 148.9 147.2 145.6 144.3 143.2 141.3 140.2 139.3 139.4 139.2
145.4 145.2 145.3 146.8 150.3 152.2 152.7 153.2 149.3 146.8 146.2 153.8 165.5 166.6 169.8 173.3 176.4 181.1 182.6 184.4 189.1 191 195 193.5 194.8 198.2 207.8 216.3 227.4 236.9 238.7 241.3 241.9 242.5 242.4 242.2 241.3 240.7 240.6 239.2 236.5 234.4 230.6 223.9 221.2 215 210.8 207.3 205 202.6 200.8 197.6 193.9 190.1 188 185.8 183.5 179.9 176.6 173.5 170.9 168 164.4 161.2 159 156.8 154.7 154 153.1 151.6 149.9 148.5 147.2 146 144.7 143 142 139.7 137.4
147.4 145.3 145.5 147.1 149.7 152.5 154.9 154.4 155.1 155.9 145.8 146.3 157.2 164.5 169.1 170.8 175 180.9 183.4 186.1 186.7 191.5 193.9 194.2 195.2 199 206.6 220.9 234.1 240.3 239.7 240.6 241.4 241.7 241.9 240.7 241.7 241.1 240.5 238.5 236.1 234.6 232.8 227.1 223.7 219.6 215.4 211.7 208.9 206.6 204.6 201.3 197.1 192.1 190.6 188.8 186.7 183.7 180.5 177.8 174.9 171.4 168.6 166.9 165.1 158.8 157.3 156.7 156 154.5 152.8 151.4 150.2 149 147.9 146 144.5 141.6 140.1
148.9 148 147.1 146.5 148.6 151.1 155 156.5 155.5 156.1 151.4 145.9 155.3 161.7 167.6 169.8 174.1 177.3 181.4 188.5 189.7 190.5 191 193.5 194.9 200.7 210.2 224 239.2 241.4 241 241.1 242 242.4 242.1 242 241.9 240.8 239.6 238 236.5 235.9 234.6 230.6 227 222.2 219.1 216.2 213.3 210.6 208.5 206.2 202.7 199.6 196.8 193.1 189.3 186.3 183.4 179.9 177.1 171.6 171 168.2 165.7 161.6 159.8 159.5 158.9 157.5 156.1 154.6 153.2 152.1 151 149.2 146.2 143.4 141.9
149.2 149.8 150.1 148.6 146.6 149.8 153.1 156.3 156.6 156.2 152.8 149.1 146.4 156.9 164.4 169.7 173.3 177.1 180.9 186.1 191.8 192.2 193.9 195.2 195.9 202.1 211.5 229.8 242.7 242.4 242 241.6 243.3 243.7 243.1 242.6 242.3 241.1 239.6 238.4 237.9 237.4 235.2 231.9 227.9 224.3 221.1 218.1 215.5 213.6 211.7 209.7 207 203.3 200.7 193.7 189 186.8 183.4 179.3 176.8 174.5 172.9 169.7 165.9 164.3 162.6 161.7 160.9 159.6 158.5 157.3 156.1 155 153.1 148.3 145.9 144.7 142.9
149.8 150.3 151.1 150.2 148.9 147.4 150.7 153.9 157.4 157.9 156.1 150.5 145.8 150.9 159.9 167.8 171.2 176.6 181.5 185.7 193.1 194.6 194 194.8 199.3 203.5 215.8 234.7 243.5 242.9 241.9 242 243.3 245.1 244.5 243.5 242.7 241.4 240.2 238.9 237.1 235.5 233.9 231.9 227.8 224.9 222.1 219.7 217.6 215.4 213.3 210.3 208.2 204.2 199.8 195 190 186.2 182 179.2 176.3 173.1 171.7 170.5 168.6 166.5 164.5 162.6 162 161.2 159.8 158.8 157.7 156.7 155.2 151.5 151.4 149.1 147
150.3 150.9 152 151.1 149.9 148.9 148.1 151.6 155.8 157.7 158 155.4 151 146.6 152.7 159.8 167.1 174.7 178.7 180.5 187.6 194.4 195.3 194.1 195.3 204.4 217.6 236.7 242.9 242.7 241.7 242.2 243.2 244.5 244.9 244.3 243.1 242 240.1 238.1 236.3 234.6 233.1 231.4 229 226.5 223.1 220.6 218.7 216.8 214.5 211.5 208.5 204.5 200.2 196.8 190.9 187.2 183.3 181 178 174.5 172.8 171.7 170.4 168.1 166 163.5 162.9 162.4 161.1 160 158.8 158.3 156.7 153.8 153.3 151 149.5
150.9 151.6 152.8 152 150.8 150 150 148.2 153 155.8 157.5 157 156.2 150.6 147.8 154.1 160.7 172.2 177.2 179.1 185.3 188.7 193.8 195.6 196 203.7 217.1 231.6 239.9 242.1 241.6 242 243.4 244.9 245.1 244.9 243.6 241.6 239.5 237.3 235.4 233.9 232.4 230.5 229 226.2 224.7 221.5 219.5 217.5 215.1 212.3 209 204.6 200.8 198.3 193.7 189.8 185.8 182.2 179.7 175.8 174.5 172.4 170.9 169.2 166.9 163.8 161.6 161.4 160.5 159.6 158.8 157.9 157.2 155.5 153.1 150.5 149.5
151.6 152.3 153.6 152.9 152 150.5 150.3 148.3 150.7 153.3 155.9 156.5 156.7 152.8 148.1 147.1 155.8 169.5 173.1 176.8 184.7 188.3 191.4 194.4 197.1 204.5 211.9 217.8 226.2 237.6 241.5 242 243.7 245.4 245.6 245.3 244.1 242.5 240.3 238.1 234.8 232.6 231.3 229.6 228.5 226 223.9 221.9 218.9 217.5 215.9 212.8 209.4 204.7 200.7 197.4 194.6 191.4 188 184.5 181.9 178.1 175.1 172.7 171.1 169.8 166.1 163.7 161.7 160.3 159.4 157.9 157 155.7 155.3 154.3 150.1 146.7 145.7
152.3 152.9 154.3 154.2 153.4 151.9 150 148.7 148.6 151.6 153.4 156.2 157.1 154.4 148.4 146.6 148.2 161.8 169.4 178.1 183.4 186.9 190.4 196.1 196.4 206.2 214.2 230 233.3 232.5 239.7 242.4 244.2 245.8 246.5 245.8 244.6 243.3 240.9 237.3 234.4 232.1 230.6 229.5 227.5 224.9 221.5 218.3 216.7 215.6 214.7 213 210.1 207.6 202.2 197.5 193.9 191.4 189.9 187.3 185 181.4 178 174.9 172.7 170.7 168.3 165.2 162 159.9 158.2 156.2 155 153.7 152.9 151.6 146.9 142.6 141.2
153.5 153.9 154.3 155.5 154.8 154.2 153.1 150 148.5 148.8 150.9 153.6 155.4 156.4 152.3 147.7 146.4 154.3 163.7 174.2 181.9 185.4 194.8 198.2 196.4 203 218.4 233.1 236.1 237.9 240.9 242 244.8 246.3 246.8 246.5 245.2 243.8 241.3 238.3 234.7 231.9 229.6 227.9 226 224 220.1 217.6 215.8 214.8 213.3 213.1 211.8 209.6 205 200 195.7 191.8 190.6 188.5 186.5 183.7 180.5 177.3 174.5 172.6 170.6 166.5 162.4 159.9 157 154.4 153.2 151 150 147.5 143.1 137.4 136.4
154.7 154.9 155.2 156.1 156.6 156 155.1 153.7 149.2 148.8 149 151 152.7 154.1 157.4 151 146.9 148.3 161 166.8 171.4 182.4 194.6 197.8 197.7 198 220.3 236.1 237.9 239.9 242.4 243.3 245.4 246.3 246.8 247.5 245.9 244.4 242.5 240 236.4 232.6 228.9 226.5 224.3 222.3 219.8 218.1 216.4 214.7 214.4 214.7 213.1 210.8 206.4 201.9 197.3 193.9 191.9 189.4 187.2 185 181.7 178.8 176.4 174.4 172.4 168.5 163.6 159.1 156.6 154.2 152.4 147.8 146 144.4 140 134 132.5
156 156.5 156.6 156.8 157.5 157.8 156.9 156.2 153.6 150.3 148.8 149.8 151 152.3 154.1 155 149.3 146.5 149.9 165 165.4 172.3 189.5 199.1 199.7 197.2 220.3 241 243.8 243.6 244 245.2 246.7 246 245.7 247.5 245.7 244.4 243.8 239.8 237.4 234 228.7 225.6 223 221.6 219.7 218.2 216.6 215.1 214 213.9 213.5 211.7 208.2 203.7 199.8 196.3 192.9 190.1 188.1 186.1 183.1 180.8 178.2 176 173.9 170.4 164.6 159.4 157.5 155.5 153 149.3 143.4 138.2 134.7 131.7 129.7
157.2 158 157.7 158.1 159.2 159.7 159.2 158.2 155.9 153.2 150 149.8 150.5 151.3 151 151.7 150.6 147.5 147.4 149.5 162.8 164 175.5 189.6 190.7 191.3 219.1 240.3 244 245.3 245.4 245.2 244.1 243.8 243.4 243.9 244.3 245.2 242.1 240.9 238.4 234.4 229.5 225.3 222.6 221.5 219.7 218 216.7 215.4 214.3 214.1 213.9 212.7 210.3 206.1 202.5 198.7 195.1 192 189.3 187.2 184.5 181.8 179.1 175.9 173.3 167.7 164.4 159.4 157 155.6 152.8 149.2 142.7 136.8 132.8 130.5 129.7
