webserver/python/data/NY58.asc
ncols 200
nrows 200
xllcorner 350000
yllcorner 580000
cellsize 50
[rows 70 to 104 of 200, columns 78 to 155 of 200]
264.6 264.4 259.1 248.6 241.1 236.1 229.1 229 232.4 236.2 244.6 250.9 257 262.9 269.4 274.4 279.2 279.3 284.3 287.9 290.4 294.8 298.5 300.9 280.5 295 308.9 318.2 326.8 330.4 328.9 328.1 338.8 348.3 360.5 367.2 369.8 374.3 384.9 393.7 404 412.9 418.8 426.6 440.4 444.5 449 454.1 459.5 466.7 473.5 481 487.4 493.4 499.9 503 507.3 509.9 511.3 511.1 510.9 510.9 507.4 502.7 499.6 497.3 494.4 491.8 487.8 481.9 479.2 474.6 469.4 461.5 454.1 446.5 440.3 435.4
254.3 251.1 244.2 237.2 231.3 228.9 226.5 234 241.8 250.4 256.6 263.6 270.3 273.3 279.2 285.4 289.3 288 296.8 298.4 303 305.7 307.4 309.3 290.2 299 318.6 327.5 334 338.5 341.1 337.4 338.7 354 364.1 373 380.6 386.3 393 398 407 414.6 422.3 430.9 444.2 450 454.9 459.6 466 470.8 476.8 483.5 490.8 495.5 501.4 505.5 509.6 511.1 511.5 511.3 511 510.9 507.8 503.2 498.6 495.8 493 490.2 486 480.8 475.8 470 463.6 457 449.7 441.3 433.3 427.5
242.4 238 229.6 224.5 223.9 225.5 235.2 243.1 254.5 262.3 267.2 274.4 278.2 283 289 294.5 297.8 295.3 305.1 310.6 314.2 315.8 316.9 315.2 297.9 312.3 326.5 333.8 341.6 347.2 349.1 349.4 351.2 359 370.5 378.7 386.4 392.8 397.9 403.2 410.7 419.1 428.3 438.4 451 456.3 461.2 465.5 470.7 474.9 480 486.6 490.4 496.2 500.7 505.9 510.9 511.1 511.3 511.2 511 510.9 505.6 501.5 497.3 493.9 491 487.6 483.1 479.7 473.5 467.5 461.4 451.8 444.4 436.8 429 419.6
223.1 219.2 220.9 228 231.4 238.7 247.6 253.3 263.5 270.4 276.5 284.3 292.2 292.8 297.4 302.2 307.1 308.2 312.2 318.4 321.4 322.7 323.3 317.4 300.1 318.7 331.4 339.4 349.3 353.5 354.3 351.3 364.3 368.6 371.7 383.9 390.7 397.7 404.1 410.1 416.8 425.8 437.6 450 454.4 461 467.7 471.5 475.7 479.1 483.4 488.5 492.1 498.3 501.1 506 510 511 511.1 511 510.9 508.4 504.7 501 496 492.1 488.7 485 480.8 476.4 470.1 464.5 458.4 452.1 444.7 438.5 429 423
219.1 222.1 229.8 236.3 243.3 252.2 261.8 266 267.8 277.9 284.7 291.1 299.6 302.3 308.1 311.7 314.7 312 320 324.5 327 326.7 325.5 318.8 311.6 329.7 337.1 346.7 353.4 356.3 358.4 360.6 370 374.8 381.2 385.7 394.6 402.7 410.6 417 423.7 434.5 449.8 456.1 461.3 467.2 470.9 474.6 478.9 483.1 487.1 491 495.3 500.1 502.9 506 508.2 509.2 510.9 510.9 508.1 505.2 501.5 497.8 494.1 490.5 487.6 484.8 481.1 476.4 470.8 463.3 455.4 448.3 440.7 433.2 424.3 420
240 242.8 244.1 243.5 253.5 262.1 269 276 280.4 285.3 292.8 300.3 307 311.3 315.7 319.1 321.5 321.7 322.8 329.7 330.6 329.3 324.8 317.9 324.5 335.1 344.3 351.4 355.5 358.7 363.7 368.3 376.1 378.2 385.3 392 399.1 406.6 413.7 421.8 430.9 439.5 451.2 461.4 469.3 472 474.7 477.4 481.3 485.3 489.4 493.8 498.9 501.8 503.5 505.2 506 507 508 506.5 504.5 502.2 498.7 495.3 492.1 488.1 486 483.7 480.5 474.8 470 462.5 455.2 446.5 438.2 431 426.1 422.5
250.7 251.3 250.5 253.9 262.4 268.7 276.2 283.9 287.9 293.1 300.5 306.2 314.6 318.8 322.1 325.6 328.2 328.7 329 336.4 335.7 332 325.2 321.7 332.1 341.1 347.9 354.4 358.4 363.6 368.7 376 382.7 385.7 391.2 396.4 404.8 410.4 417.6 426.2 435.7 445.2 458.3 465.6 471.2 474.3 477.7 480.1 483.5 487.5 491.8 496.5 500.1 501.1 501.9 503.6 504 505 504.5 502.8 500.9 498.6 495.6 492.5 489.4 485.5 483.4 481.4 477.9 472.6 468.6 462.2 456.4 451.3 444.4 438 430.5 425.2
259.7 261 263.2 265.7 271.3 277.2 284.8 291.1 300.7 300.3 307.2 313.3 319.5 323.7 327.6 330.8 333.7 332.5 330.4 339.1 340.4 334.1 328 332.7 339.9 344.7 352.2 357.5 363 368.4 374.4 381 385.9 391.1 396 401.3 408.7 415.4 422.4 431.1 440.6 449.7 460 466.3 472 475.8 479.8 483.1 485.7 489.7 494.5 498.9 501.1 501.1 501.1 502 502.1 501.7 500.7 499.1 497.2 494.9 492 488.9 485.6 482.6 480.5 477.3 472.5 468.4 464.6 461.1 455.9 451.1 446.2 439.4 432.7 426.4
269.5 269.7 272.5 274.7 277.9 284.7 291.6 298.3 306.6 309.3 312.8 317.2 322.5 326.6 330.7 335.1 338 339 336.1 341.1 341.1 336.3 331 339.7 344 348 356 362 366.4 372.3 378.5 384.5 389.6 395.5 401.8 407.2 414.4 419.1 426.3 435.9 444.3 453.6 461.3 467.9 473.1 476.8 480.5 484.7 488 491.4 495.1 498.4 501.1 501.1 501.1 501.1 498.7 497.9 496.8 495.4 493.5 492.2 488.5 485.3 481.9 478.9 474.4 470.9 468 464.6 460.8 457.1 453.1 449.1 444.3 439.1 432.4 425.9
276.7 279.2 282.4 284.4 288.3 291.7 298.5 305.5 312.7 315.4 318.2 320.9 325.3 329.6 333.8 338.2 341.7 341.8 341.9 343.7 343.6 341.4 338.9 343.3 348.4 353.1 360.2 365.5 370.8 375.5 381.7 387.8 394.2 400.5 406.8 412.9 419.4 424.7 429.6 435.5 445.9 455 462.5 469.8 473.9 477.4 481.8 485.9 489.9 491.5 493.8 496 498.7 499.6 498.8 497.1 494.9 493.1 492.5 491.4 489.3 487.3 483.2 480.6 476.7 472.4 468.5 466.1 463.3 459.9 456.8 452.3 448.5 445 440.1 435.1 429.9 424.3
282.9 288.3 290.7 292.1 295.2 299.1 305.6 312.2 316 321.1 323.3 326.1 329 333.2 337.5 340.5 343.8 345.5 346 346.2 345.7 343.7 344 347.1 352.3 357.5 363.2 368.9 373.8 378.8 384.8 390.9 398.1 405.2 411.9 418.3 424.9 431.2 436.3 442.9 450.3 457.2 464.4 470 474.2 478.4 483.1 486.2 489.6 490.9 492.6 494 495.3 495.1 495 493 490.8 488.7 488.2 487.2 484.2 481.8 477.7 473.1 468.6 466.3 462.9 460.5 458.5 455.5 451.9 448.2 444 440.9 435.6 430.7 426.3 421.5
287.9 292.3 295.3 299.7 302.7 307 311.3 315.5 319.6 324.8 328.6 330.4 332.3 335.9 339.5 342.8 346.2 348.6 350 348.7 347.8 348.7 348.8 351.9 355.9 361.4 366.9 372.2 377.2 381.8 387.9 394 401.3 409 416 422.8 428.9 435.3 441.8 448.3 454.2 460.8 465.5 470.7 475.7 479.9 482.7 485.6 487.9 489.9 491.1 491.3 491.3 491 490.7 489.8 488 486 484.1 483.1 479.9 476.2 471.4 467.1 463.3 461.5 460.6 457.4 454.1 450.3 448.1 444.3 439.6 435.4 430.7 426.2 421.9 418
289.6 294.8 297.9 302.5 306.4 310.6 315 319.2 323.3 328.2 332.3 334.9 336.4 338.4 342 345.3 348.5 351 351 349.1 349.3 350.7 353.4 356.1 359.5 364.7 370 375.2 380.2 385.2 390.8 397.3 405.8 413.4 419.1 425.3 432.6 439.1 445 451.6 458.1 462.9 468.1 473.3 477.7 481.2 482.3 483.4 485.8 486.6 487.1 487.3 487.3 487 486.5 485.8 484.8 483.3 481.3 478.6 474.7 470.7 466.3 462.5 459.8 457.9 456.6 453.7 451 446.7 443 441.2 435.6 430.9 426.8 421.6 417.6 413.7
291.4 297.3 300.6 305.3 310.2 314.3 318.8 322.9 327.1 331 334.7 337.9 340.7 342.8 344.7 348 350.4 351.8 351.9 351.3 350.9 353.6 356.8 359.7 362.9 367.8 373 378.3 383.2 389.1 395.4 400.9 408.9 415.1 421.1 427.5 435.1 442.1 448.2 453.8 459.2 464.3 469.2 473.6 477.5 481.1 481.1 482.3 482 482.4 483 483.5 483.3 482.9 482.4 481.6 480.8 479.4 476.7 473.1 469.4 466.2 462.2 459.4 456.9 454.2 452.3 449.4 446.4 441.7 440 434.2 429.5 424.5 420.3 417.3 413.8 410
293.1 299.2 303.4 308.2 313 317.9 322 326 329.5 333.1 336.7 339.5 342.3 345.2 347.9 350.6 352.4 353.1 353.3 353.6 353.8 356.5 359.9 363.4 366.5 371.2 376.1 381.3 387.4 394 400.5 405.8 412.2 417.4 423.5 430.3 437.8 443.6 450 454.7 459.9 465.2 470 473.1 476.3 478.9 479.7 480.6 478.8 478.3 479 479.6 479.3 478.8 478.1 476.9 475.5 472.2 469.7 467.4 465 463 459.1 456.8 454.2 450.1 448 445 441.6 436.8 433.3 429.1 423.4 418.9 414.6 413.4 410 407.2
295.7 301 306.2 311 315.8 321 324.4 327.8 331.1 335 338.4 341.3 344.1 347 349.4 351.6 353 354.3 354.5 355.7 356.6 359.6 363 366.6 370.8 375.8 380.3 385.5 391.6 398 404.1 410 415.8 420.9 426.5 433.2 438.7 444.3 450.1 455.8 460.9 465.7 468.7 471.8 474.5 475.9 476.4 475.5 474.4 473.7 474.3 475.1 475.8 474.8 474.6 471.9 469.2 467.7 466 463.9 460.9 458.4 456.3 454.2 451.9 447.7 443.8 440.6 438 433 429.4 424.5 420.2 413.2 409 409.3 406 404.7
297.6 303 308.9 312.6 317.4 321.7 325.7 329.5 332.8 337.1 340.5 342.8 345.1 347.5 350.1 352.4 354 355.2 356.3 357.8 359.9 362.9 367.1 371.3 375.4 380.1 385.7 390.9 396.5 401.3 407 412.7 418.4 423.3 429.4 434.2 439.4 444.9 450.4 455.6 460.3 464.2 467.2 469.7 471.7 472.6 472 470.8 469.9 469.2 469.7 470.6 471.6 470.8 471.1 468.3 466.5 465 463.1 461.1 458.3 454.6 452.8 450.6 445.6 441.8 438.6 436.2 432.6 429.8 425.2 420.8 416.6 410.6 405.6 403.6 402.7 401.6
298.3 305 310.5 314.3 318.6 322.8 326 330.5 334.6 339.6 341.4 343.2 345.7 348.4 351.1 353.6 355 356.9 358.6 360.7 363.5 367.5 371.7 375.9 379.9 384.2 389.9 394.3 399 404 409.5 415.3 420.4 424.7 429.6 434.6 440.1 445 449.6 454.2 458.4 462.4 465.5 469 469.4 468.4 467.5 466.5 465.3 464.8 465.1 466.1 467.4 466.1 465.9 465 463.3 462.2 460.6 457.9 453.8 449.6 448.9 445.3 441.8 435.5 433.2 432.5 428.8 425.3 420.9 417.9 413.7 409.3 403.4 398.8 398.8 397.6
300.7 305.9 310.8 315.1 319.7 323.8 327.4 330.9 334.5 338.3 341.1 344.1 346.8 349.5 352.2 354.9 356.6 359.6 361.8 364.4 367.9 372.1 376.3 380.4 384.4 388.4 392.4 396.2 401.4 407.1 411.6 415.8 419.8 424.7 429.7 434.2 438.7 443.3 447.9 452.3 455.9 459.3 462.4 465 465.8 464.5 463.2 462.2 460.5 460.3 460.6 462.3 462.2 461.4 461.7 461.9 460 459.3 457.2 454.1 451.2 446.9 440.3 438.6 435.2 430 429.3 426.9 424.6 421.2 416.6 413.2 410.8 405.3 400.5 395.3 392.1 391.8
301 306 310.9 315.2 319.4 323.8 328.5 330.4 333.3 337.1 340.4 344.4 347.8 350.5 353.3 356.1 359 362 364.7 368.1 372.4 376.7 380.8 384.6 388.3 392 394.9 398.5 403.8 409.1 412.9 416.7 420.1 423.8 428.6 432.7 437 441.3 445.8 449.3 452.7 456 458.9 460.6 461.4 461.1 459.6 458.8 456 453.9 455.4 457.5 457.4 456.9 457.1 457.8 456.5 455.8 453.8 450.7 446.8 443.5 438.3 433.2 429.7 427.8 425.1 422.6 420.6 417.1 411.4 409.4 405.3 401.6 398.2 393 388.6 385.2
300.7 306.2 311.2 315.4 320 324.7 328.8 332 334.9 337.9 341.1 345 348.8 352.2 355.1 358 361.5 364.4 368.2 372.3 376.7 380.3 384.2 388 391.7 395.4 397.5 400.7 405.9 410.2 413.8 417.5 421.2 424.5 427.7 431.2 435.1 438.9 442.1 445.6 449 452.5 455.1 457.2 458.6 457.8 456.2 454.7 453 449.6 450.3 451.4 452 452.2 452.8 453.5 452.7 452.2 450.3 446.6 441.5 437.1 432.5 428.5 427.8 426.3 423.7 419.9 416.4 412.8 410.5 405.3 400.8 398.8 394.4 389.9 385.7 380.4
299.9 306.6 311.4 315.9 320.1 324.3 330.4 332.5 335.7 338.6 341.9 345.7 349.1 353.8 357 359.9 363.3 368.3 372.4 376.6 380.1 383.1 386.5 391.1 395.1 398.8 400.6 402.7 407.5 411 413.6 416.4 419.5 422.3 425.1 429.3 432.7 434.4 437.5 441.6 445 448 450.8 453.7 454.2 454 452.2 450.6 449 446.4 445.4 446.5 447.4 448.6 449.6 450.5 450 448.4 444.5 441 438 433.9 430 426.1 424.9 423.8 422.6 419.2 414.7 409.6 406.7 402.6 398.7 393.1 389.8 386.4 381.8 377.9
299.4 305.7 310.8 313.5 318.3 323.4 330.1 332.4 335.9 339.5 342.5 346 349.6 354.4 358.8 361.7 366.2 372.2 376.6 380.3 382.9 385.9 389 393.4 398 401 401.4 403.5 406.6 409.8 411.8 414.7 417.8 421.2 422 426 429.2 430.6 432.9 437.4 440.7 443.5 446.3 449.1 449.9 450.7 450 447.5 445.3 443.1 439.7 442.5 444.8 444.8 446 445.2 443.6 441.2 438.6 436 433.3 430.5 428 424 421.8 420.9 419.7 416.4 413.3 410.2 402.6 396.8 392.8 390.3 384.4 380.8 380.5 376
299.4 303.9 310 313.8 318.8 322.7 328.1 331.5 336 339 343.4 346.4 350.2 355 359.4 364.2 369.3 374.6 380.8 382.7 385.7 388.7 391.8 395.7 400.4 400.9 401.1 401.9 405.1 408.1 410.9 413.3 416.3 417.3 418.6 422.2 424 425.9 429.1 433.2 436.2 439 441.5 443.7 444.6 445.4 445.6 443.4 441.5 440.9 437.8 441.2 441.8 441.2 442.4 440.3 438.2 435.9 432.3 430.4 428.6 426.7 423.6 421.3 420.5 418.5 415.6 412.7 409.1 405 401.3 394.4 389.4 382.3 380.3 378.3 374.7 373
301.3 305.4 311.6 315.9 321.5 326.4 330.3 333.9 338.4 340.8 344.4 347.9 351.3 356.3 361.4 366.6 371.6 376.8 381.6 385.4 388.5 391.5 394.4 396.8 400.3 400.9 400.6 400.1 402.3 405.1 407.9 410.3 411.9 413.4 415.7 419.1 419.5 421.3 425.1 428.7 432.2 434.3 436.5 438.4 439 440 440.7 439 438.4 434.5 430.2 434.5 437.2 438.3 438.7 436.3 433.6 431.1 428.4 426.3 423.8 421.5 419.4 418.4 417.4 414.1 411.3 408.4 404 398.8 394.2 390.5 385.3 380.9 376.4 372.6 370.7 368.1
302.5 306.5 311.9 316.9 322.3 329.5 332.9 335.8 340.2 342.4 346.2 350.1 354 358.5 364.1 369.3 374.9 379.2 383.5 387.5 391.1 393.6 395.5 397.7 399.7 399.6 398.7 398.6 398.9 401.4 404.6 406.3 407.9 409.6 412.1 413.8 414.8 417.4 420.9 424.2 427.2 429.9 431.5 433 434.2 435 434 432.7 432.2 430.5 426.4 430.5 431.8 433.7 432.7 430.4 428.1 425.9 424.7 423.3 420.9 418.4 417.2 416.1 414.6 412.7 410 406.7 403 399.5 392.8 386.1 378.7 374.9 372 369.1 366.9 363.5
303 309.1 313.2 318 324.7 329.2 333.5 337.7 342.2 346.1 349.4 353 357 361.6 367.2 372.8 378 381.4 385.4 388.5 391.1 393.6 395.4 397 397.2 397 396.9 396.9 396.9 397.5 400.4 402 403.6 404.6 407.1 408.7 410.5 413.2 416 419.3 421.7 424.5 426.8 428 428.8 428.1 427.1 426.7 426.2 425.3 420.5 423.7 429.9 430.3 428 424.8 422.6 420.3 420 420 418.5 415.6 414.7 413.7 412.2 410.3 408.2 404.5 400.9 394.9 387.5 381.7 375.7 371.2 369 368.3 367 366.4
304.7 311 316.8 320.6 324.8 329.3 333.8 338.7 343.7 348.2 352.7 356.6 360.8 365.8 370.9 376.3 380.4 382.9 385.6 388.4 390.6 392.7 394 394.8 394.7 394.5 394.3 392.9 392.9 393.4 396.1 397.8 399.4 399.8 401.7 403.4 405.6 408.8 411.6 414.5 416.2 419.5 421.1 422.1 422.6 421.6 419.9 420.4 420 416.6 412.7 421.4 422.3 423 420.3 417.7 416.4 414.7 414.4 414.7 414.2 413 412.2 411.4 410.2 408.1 405.1 400.7 396.9 391.3 383.3 378.2 373.2 369.5 370.4 369.7 368.9 370.2
306.1 311.6 316.6 321.4 325.4 329.9 334.4 340.1 345.1 349.6 354.1 358.8 364.3 369.3 374.5 379.7 382 383.4 385.5 387.9 390.1 392.2 392 392.5 392.4 392 391.7 390.4 389.4 389.5 392 393.6 394.6 394.6 396.5 397.4 400.4 403.9 406.5 408.4 409.4 410.5 411.7 413.3 414.3 413.9 415.2 415.3 413.2 409.3 414.6 421.2 419.9 417.7 414 410.5 409.5 408.7 408.7 410.5 411.1 409.4 409.9 409.4 406.9 405.6 401.7 397.3 392.3 385.4 378.7 373.8 374.2 373 372.8 372.7 375.7 377.5
307 312.2 317.2 321.7 326.2 330.4 336 341.3 346.5 351 355.8 361.3 368 373.4 377.6 381.6 382.9 384.5 385.8 386.2 390.9 391 390.5 391 390.1 389.8 389 389 386.6 385.4 387.2 388.7 389.7 389 390.6 390.1 395 397.1 399.1 400.7 402.1 402.6 404.2 405 405.5 405.3 407.2 406.9 400.7 411.9 411.1 414.1 412.8 410 408.5 407 405 403.9 403 404.2 406.6 408.2 408.3 405.9 403 401.1 399.2 392.6 386.5 378.4 375.8 377.3 379.1 380.3 380.2 379.4 381.7 382.5
307.8 313 317.6 322 326.5 331.7 337.5 342.6 347.5 352.9 358.3 365.9 372.5 377.3 380.9 382.8 384.3 386.1 387.6 386.3 388.8 390.4 390.1 389.5 388.1 387 386 384.5 381.3 380.6 381.8 383.4 384.3 381.9 381.6 386.1 388.1 390.1 391.6 393.2 393.5 394 396.7 396.8 395.6 395.9 395 388.7 400.4 408.8 410 409.5 408.4 407.1 406 404.8 402.4 400 399.2 399.6 402.2 405.8 404.8 402.5 398.3 394.5 388.2 381.2 380.4 384.3 387.8 388 385 385.4 385.8 387.2 387.5 387.8
309.2 313.8 318.1 322.6 327.5 332.7 337.8 342.8 347.8 353.8 360.9 368.9 375 379.7 382.3 384.6 387.3 388.5 388.6 387.4 386.6 388.3 387.7 386.6 385.2 383.9 382.9 380.6 377.7 377.8 378.1 378.6 378.3 374.3 379.2 380.6 381.2 382.4 383.9 385 384.4 383.4 385.3 384.9 378.6 379.1 384.7 397.5 403.5 405.7 407.4 406.7 405.7 405.5 403.9 402.4 400.5 399.1 399.1 401.1 402.3 402.9 400.7 395.4 392.9 393.6 394.9 395.3 393.4 393.8 393.4 390 389.5 391.9 392 390.9 390.3 390.6
309.3 313.5 318.2 322.2 327.2 332.6 337.7 342.7 349.3 356.4 363.9 371.1 377.1 380.9 383.3 385 387.4 387.4 387.3 387.8 385.2 386.1 385.3 383.8 382.3 380.9 379.9 376.9 374.7 374.1 373.4 373.4 371.2 367 371.9 372.6 373.7 374.5 374.6 374.2 374 372.1 372 368 374.7 385.8 392.9 400.2 402.3 402.5 403.8 404 403 403.5 402.2 400.5 399.6 398.9 399 399.1 398.8 398.6 397.9 398.6 399.2 401 403.2 403.5 401.4 400.1 393.8 395.8 396.1 398.8 396.2 394.8 392.7 389.8
308.7 313.4 318.1 322.2 326.1 332 338.8 346.1 352.9 360 367 372.6 377.1 381 384.1 385.5 386.2 386.3 386.3 387.9 385.2 383.7 382.5 381 379.5 378 376.2 373.9 372.3 370.4 368.6 367.3 360.7 359.8 364.5 364.6 364.1 363.7 363.2 362.3 362.3 360.6 359 366.4 378.5 387.9 394.2 398.3 400.3 399.3 399.9 400.1 400.9 401.8 399.9 398 397.2 399.3 399 399.1 399.7 401.7 405.7 408.2 409 408.2 409.3 408 403 399.5 401.2 401.8 401.1 401.1 398.9 398.4 395.2 393.1
308.2 313.3 318 322.3 326.2 332.6 339.4 346.3 354.1 361.2 368.8 374.1 377.8 381.5 383.9 385.4 385.8 385.8 385.8 389.4 387.3 383 380.2 378.7 377.1 375.2 372.7 369.2 367.7 364.8 362.2 360.3 352.8 348.6 356.8 354.9 354.7 353.6 353.1 352.7 351.1 354.6 364.2 369 379.3 388.9 393.3 395.9 398.3 397.6 397.3 397.2 398.1 398.4 396.9 394.8 393.7 396.3 399.9 402.3 406 410.9 410.9 411.2 411.6 413 411.2 408.4 406.2 406.6 406.1 405.1 402.9 399.7 400.6 400.6 398.4 396.6
