webserver/python/data/NY68.asc
ncols 200
nrows 200
xllcorner 360000
yllcorner 580000
cellsize 50
[rows 70 to 104 of 200, columns 0 to 77 of 200]
305.2 301 300.2 304.1 305.4 303 300.2 292.8 283.5 283.7 284.4 283.7 282.8 282.5 282.3 282.2 278.8 274.2 272 270.5 271 267.7 268.8 271.8 273.2 275 275.6 268.9 280.6 289.1 293.3 297.5 301.1 303 309.9 317 317.2 329.2 340.9 349.8 353 352.2 350.5 348.1 345.7 343.5 340.9 338.3 336.8 337.5 338.5 338.3 338.8 337.9 339.4 342.1 344.9 347.8 350.5 351.3 352.3 353 353.7 354.3 353.5 352.1 350.5 349 346.5 343.4 341.6 340.2 339.2 337.2 335.2 332.9 328.3 319.2
303.4 298.2 294.3 291.1 290.1 287.3 287.1 285.1 284.9 287.2 287.8 287.6 286.5 285.7 285.5 284.5 282.8 280.1 273.1 270.6 269.4 272 272.5 276.6 278.4 278.8 279.1 270.5 281.1 291 295.5 302.6 303.3 306.4 314.8 316.4 321.9 335.3 348.4 352.7 353.5 352.9 351.7 349.5 347.8 344.9 342.3 340.3 339.1 339.8 341.9 342.6 344.1 345.7 347.8 350.1 353.4 354.1 354.3 354 354.4 355.3 355.9 354.2 352.4 351 349.8 348.5 346.1 343 340.8 339.2 338.1 335.6 334.1 332.7 328.9 325.6
296.8 291 292.6 292.4 294.7 294.1 291.9 291.3 291.6 294.7 294.8 293.8 293.6 292.6 293.3 293.7 289.6 284.3 281.3 281.7 281.7 278.4 278.4 280 280.9 282.1 284 284.3 270.3 291.2 298.4 305.1 306.2 307.8 313.4 317.4 329.6 343.2 352.4 354.1 354.2 353.7 352.9 351.6 349.4 346.7 344.5 342.9 341.9 342.7 344.8 347.1 349.8 352.5 354.7 357 358 358.6 358.7 358.4 358.1 357.8 355.8 353.6 351.9 350.8 349.7 347.5 345.3 342.6 340.2 338.4 336.8 333.2 331.3 328.9 327 324.8
295.4 296.5 300.4 304 305.2 302.7 300.4 302.2 303.4 306.4 305.7 305.6 306.1 304.4 303 302 299 296.9 294.4 290.6 292.2 290.8 291.1 290.1 289.4 288.6 288.8 289.5 277.6 287.7 300.4 306.4 307.8 308.3 313.2 324.8 337.8 351.2 354 355.1 355.1 354.7 354.6 353.4 351.5 349.5 347.9 347 347.1 347.8 350.1 352.9 355.6 358.3 359.7 360 360.8 362.1 362.5 362.1 361.4 359 356.7 354.3 351.8 350.7 348.7 346.5 344.3 342 339.6 337.8 335.3 331.4 328.9 327 324.4 321.8
306.4 309.4 310.9 312.4 312.1 312.5 315.1 318.2 320 320.7 322.3 323.2 320.9 319.8 317.6 316.2 313.2 309.6 296 302.7 303.5 302.1 301.2 299.1 297.4 295.1 292.4 291.1 278.9 288.6 305.1 308 307.9 311.9 317.3 332.1 346.2 353.9 355.6 356.1 356 355.7 356.3 355.1 356 355.7 356.2 355.6 354.9 354.7 355.6 358.6 360.7 361.3 361.9 362.4 363.5 365.2 366.1 364.8 362.5 360.1 357.7 354.9 351.7 349.9 347.7 345.5 343.2 340.7 338.6 336.4 333.7 330.3 326.9 324.1 321.3 318.4
320.2 321.3 322.9 324.5 324.8 324.6 326.6 328.5 330.3 333.2 334.1 332.5 331.2 329.2 327 324.6 322.3 318.7 315.2 313.8 311 308.1 304.9 302.7 301.2 298.5 292.5 286.2 280.3 299.1 309.5 309.4 309.7 319.4 325.2 341.3 353.8 355.9 356.9 357.5 357.2 356.8 358 359.7 362.9 363.2 362.7 362 361.2 360.6 360.6 361.9 362.9 363.5 365 365.1 366.1 368.4 368.6 365.5 362.6 360.5 358.3 355.2 351.3 347.6 345.2 342.8 340.5 338.3 336.6 334.9 332.1 328.5 325 321.7 318.5 315.7
334.2 334.8 334.5 332.2 330.6 331.1 334.5 338.1 341.2 341.5 339 336.7 334.1 330.3 328 325.1 323.8 321.6 318.2 314.1 310.9 308.2 305.3 302.9 301.1 296.7 286.7 277.8 289 306 309.7 310.1 311.7 324.4 333.1 349.2 356.2 357.7 358.5 358.7 358.9 358.8 362.7 366.1 366.3 367.4 368.2 367.6 366.8 365.9 365.1 365.5 366.7 367.3 367.3 367.3 368.6 369.3 367.7 365.5 363 360.4 358.1 354.9 350.1 344.9 342.6 340.4 338.2 336.2 334.5 333 330.3 326.6 323.1 319.7 316.4 313
340.5 339.2 336.6 334.6 335.7 339.8 342.4 343.5 343.6 341.5 339.6 336.5 333.3 330.2 326.7 323.8 321.4 318.6 316 313.3 310.3 307.3 304.6 302.1 298.4 287.1 278.9 292.2 299.4 307.9 310.4 311.8 314.6 327 340.7 353.3 358 359.6 359.7 359.9 361.2 362.7 367.4 369.4 369.1 370.2 371.5 372.7 372.4 371.5 370.4 370.8 370.6 369.3 369.5 369.6 369.4 369 366.8 364.3 362.4 360.4 357 352 347.5 342.8 340 338 335.8 334.1 332.4 330.7 328 324.7 321.2 317.8 314.3 310.6
344.2 344 345.6 346.7 348.5 347.2 346.2 345.3 344.5 341.6 337.9 334.7 331.8 328.1 323.8 320.6 319.1 316.4 313.7 311 308.3 305.1 302.4 299.3 293 283.2 284.2 294.5 306.5 308.3 312.1 314.4 319.5 332 345.4 354.4 358.8 360.6 360.9 362.4 364.3 367.2 370.3 371.4 371.8 372.8 374.3 373.7 373.7 373.1 372.3 371.9 371.1 370.7 370.6 369 369.2 368.1 366.1 363.4 361.1 358.7 353.8 348.5 344.1 341.5 339 336.8 334.4 331.5 329.4 328.3 325.5 322.5 319.1 315.6 312 308.3
349.5 351.4 351.4 351.3 350.6 348.7 346.9 345.2 342.8 339.2 335.5 332 328.4 324.1 319.9 317.7 315.4 312.6 311 309.3 306.9 304 300.2 295.5 286.3 281.2 286.1 299.1 308.9 310.3 313.3 316.6 326.3 337.3 346.3 352.5 357.5 359.9 362.1 363.8 367.4 371.3 372.5 373.8 374.8 375.5 375.8 374.9 374.5 374 373.1 371.9 371 370.2 369.7 368.4 367.5 366.6 365.4 362.4 359.3 356.4 351 347.2 344.4 341.2 338.5 336.1 333.4 331.1 328 325.7 323.3 319.9 316.6 313.3 310 307.1
350.3 350.7 350.1 351.5 351.1 349.7 346.7 343.2 339.6 336.2 333 328.5 323.3 319.4 316.6 313.9 311.4 308.6 307.7 307.6 306 303.5 299 293.2 283.5 280.3 287.7 302.3 303.4 311.9 315.5 318.4 327.6 338.6 347.8 352.9 357.3 360.3 363.2 366.7 370.2 373.7 375.6 376.6 377.4 377.4 377.1 376.4 375.8 374.8 373 372 371.1 369.9 368.5 367.5 367 366.2 364.4 361 358.1 355.5 351.7 349 345.8 342.6 339 335.9 333.6 331 328.6 326.3 323.3 318.1 315.6 314.2 309.9 306.7
350.7 348.9 350.2 351.7 351.7 349.6 346.5 341 335.9 331.7 327.8 322.6 318.3 317 313.7 309.1 307.7 305.7 304.6 304.4 303.4 300.8 297.6 289.5 282 281.7 290.2 304.3 305.9 314.2 316.8 321.2 330.5 339.8 348.4 354.4 358.5 361 364.5 368 372.6 376 378.9 378.5 378 377.5 377.1 377 375.9 375.1 371.9 370.6 369.3 368.1 367 366.6 366.1 365.6 363.8 361.1 358.7 356.3 353 350.4 346.7 342.9 339.1 336 333.7 331.4 329.3 327.1 324.4 320.4 317.4 315.2 311 307.4
348.7 347.2 347.8 347.8 348.1 346.1 343 337.2 330.9 326.1 322.7 319.4 317.2 316.3 313 307.9 303 300.8 300.7 300.7 299.8 297.8 295.3 289.3 281.2 288.7 295.3 302.8 308.2 315.1 318.1 324.1 333.4 341.6 348.8 356.2 359.5 362.1 365.8 369.4 372.5 377.6 380.2 378.4 378.1 377.7 377.2 376.9 375.6 373 369.7 367.5 367 366 365.2 365.4 365 364.5 364 362.2 359.7 358.1 354.8 351.3 347.5 343.7 339.8 337.1 334.7 332.5 330.2 327.9 325.8 322.6 319.6 316.1 312.4 308.9
346.5 344.7 344.3 343.1 342.4 340.3 336.8 330.8 326.5 323.6 322.4 320.7 317.8 315.6 310.8 305.8 301.9 298 296.9 296.7 295.6 294.7 292.4 287 281.3 296.7 300.9 303.9 310.1 316.1 319.4 327 334.1 341.1 348.2 356.8 360.6 363.3 367.1 370.8 373.9 376.3 377.1 377.6 377.6 377.1 376.1 374.7 372.9 369.8 367.5 364.2 363.8 363.3 363.2 363.6 363.8 363.6 362.7 360.5 359.2 358.9 355.2 352 348.6 344.8 341.7 339.1 336.5 333.5 330.6 328.3 325.3 321.5 318.8 315.5 312.6 310.3
342.8 341.2 339.9 339 337.8 335.8 332.1 327.8 327.3 325.9 324 321.9 318.6 314.9 309.5 304.6 300.8 298.6 296.2 293.9 291.9 291.2 285.7 282.2 291.3 299.9 304.5 309.1 313.5 316.9 320.6 329.1 337 344.7 352 358.4 362.2 365.1 368.2 371.9 374.1 375.3 376.2 376.8 374.7 372.6 371.5 370.5 369.1 365.9 363.8 361.7 360 358.7 358.9 359.7 360.6 359.9 359.6 357.4 356 355.6 354.4 351.6 349.5 345.9 342.7 339.5 336.3 333.7 330.9 328.7 324.7 320.8 317.1 314.5 312.8 311.1
339 337.3 335.4 335 333.6 332 329 326.6 326.1 325.2 323.5 321.7 318.7 314.7 309.8 304.8 301.4 298.8 296.4 293.3 289.8 287.7 283.7 286.6 296.6 302.7 306.3 311.1 314.9 318.4 322.8 331.5 340.2 348.7 354 358.4 362.1 366.1 369.7 373 373.3 374.2 374.5 374.3 372 369.3 367.2 366.2 365.1 362.4 360.7 359.1 357.5 357.2 357 356.3 355.9 355.4 355.1 355.2 353.5 353 351.5 349.7 348.7 346.5 342.8 339.3 336.3 333.9 331.3 328.3 324.2 320.2 317.1 315.3 313.5 311.6
335.5 333.5 331.6 329.8 328 325.3 323 322 321.9 320.3 318.4 316.1 314 311.5 306.9 303.2 299.8 297.8 296 292.3 289.4 285.7 284.9 297.3 302.3 305 306 311 314.9 318.9 324.3 334.2 344 349.8 354.1 358.2 362 365.7 369.6 373 372.2 372 371.8 371.6 370.1 367.5 365.8 364.1 362.3 360.5 359.1 357.4 356.1 355.6 355.3 354.5 352.1 350.8 350.7 350.7 350.4 350.2 349 348.1 347.2 345.6 343 339.4 336.5 334 331.6 327.7 323.7 319.7 317.6 315.2 313.7 312
332.6 330.3 327.3 323.7 322 320 318.2 316.9 315.4 314.2 312.1 309.9 308 306.2 303.2 299.6 296 293.2 291.2 289.8 287.4 284.9 287.1 297.6 302.9 306.4 310.3 311.4 314.2 317.5 324.4 333.3 343.2 348.9 353.4 357.8 361.4 365.2 369 370.2 370.4 370.3 369.6 369 368.3 366.5 364.8 363.1 361.4 359.6 357.9 356.1 355.1 354.3 353.2 351.6 349.5 347.4 346.9 346.5 345.3 344.1 344.7 344.6 344.6 344.2 341.7 338.9 336 333.1 330.5 327.1 323.1 319.7 317.1 314.8 313.8 312.4
328.9 326.5 321.6 319.7 319.2 316.7 314.6 313 310.8 308.7 306.6 304.7 301.6 300.9 297.3 291.4 291.2 290.8 288.7 287.6 288.2 286 285.8 291.7 300.8 306.5 309 309.8 312.7 316.7 324.6 332.5 341.1 347.2 352.6 357.2 360.5 364.1 367.7 369.2 368.6 369 368.1 367.5 365.7 364.9 363.5 361.7 360.2 358.7 357 355.2 353.7 352.6 351.8 349 346.4 345.4 344.2 342.9 341 341.2 340.2 338.6 338.4 338.7 338.5 337.1 334.2 331.5 329.4 326.5 322.5 319.8 317 314.4 313.7 312.5
328.1 323.1 318.9 317.4 316.3 313.4 311 309.6 307 303.3 300 296.8 296.1 294.3 294.3 295.1 294 292.3 291.5 291.1 291.2 290.6 287.9 289.4 298.3 306.4 307.3 308.2 311.2 316.8 324.5 332.5 338.9 344.9 349.9 355.6 359.3 363 365.9 367.9 367.7 367.2 366.8 365.9 363.6 361.8 360.3 359.5 358.7 356.2 355.5 354.4 352.6 351.4 350.2 347.5 345.5 344.5 343.8 342.6 340.8 340.4 338.4 335.9 334.2 332.9 332.4 331.5 330.3 328.9 326.8 324.9 322.8 319.9 317 313.7 311.8 310
323.9 320.3 317.6 314.4 311.9 308.7 304.4 301.9 300.3 297.5 297.2 301.1 298.1 297.9 296.4 295.6 294.6 293 292.4 292.9 293.6 292.7 294.1 286.6 298 305.3 305.4 306.5 310 316.9 324.5 332.2 336.9 342.1 346.7 353.5 356.2 358.9 361.6 364.8 365.2 365.4 365.5 363.6 361.5 359.1 357.1 355.8 354.8 354 353.5 352.7 351.7 350.3 349.6 347.5 346.3 345.4 344.4 343.3 342.4 341.4 340.4 338.9 337.9 336 335.9 334 330.7 327.3 321.5 318.8 314.2 311.5 309.7 307.6 301.8 300.3
322.6 319.1 315.5 312 306.5 301.9 299.6 299.2 300.9 303 305.3 304.8 305.1 305.5 303.3 301.3 299.8 298.5 298 295.7 294.6 296.2 296.5 290.8 295.5 301.7 302.2 303.5 307.2 315.6 324 331.2 335.5 340.4 344.4 349.5 352.7 357.6 362 363.5 363.9 364.1 363.2 360.9 358.8 356.6 354.9 353.9 353 352.2 351.4 350.7 349.9 349.3 349 347.6 347.2 346.3 346.2 345.7 344.6 343.5 342.5 342.1 340.2 339.2 338 336.6 334.4 331.6 329.1 325.4 322 318.2 312.6 309.5 306.1 302.3
321.2 317.6 312.8 305.6 303.2 301.3 305.8 307.8 307.5 307.4 308.9 309.1 309.7 309.9 309.6 307.7 305.7 304.1 301.5 300 298.9 298.5 299.2 289 296.6 298.4 297.8 299.3 304 312.8 321.4 331.4 336.7 341.7 344.4 348.9 354.4 359.3 362.5 363.3 363.2 362.6 360.9 358.7 356.7 354.9 354.5 352.9 352.4 351.2 350.3 349.5 349 348.5 348.2 347.5 347.1 346.9 346.9 347.3 347 346.1 345.1 344.4 342.6 341.1 340.1 339 336.6 334.2 330.5 327.6 323.9 320.2 316.5 313.2 309.6 305.1
318.5 311.8 308.2 306.7 309.4 309.3 311.4 312 312.8 313.4 314.7 312.2 312.5 312.1 311.8 311 310.7 309.7 307.7 303 301.9 298.3 294.1 291.3 292 296.2 296.5 299.7 303.3 310.7 321 331 337.9 343.3 346.3 351.1 356.6 361.7 363 362.8 362.6 361.6 359.5 357.4 355.4 355.3 354.3 353.5 352.2 350.5 349.5 348.9 348.3 347.6 347 347.2 347.2 346.9 347.1 347.5 347.1 347 346.9 346.4 344.8 343.2 342.2 341.2 339 336.6 333.6 331 327.7 324.7 321.5 318 314.1 310.3
311.9 308.7 312.5 313.2 310.3 312.9 314.9 316.7 318.1 317.4 316.3 315.3 315 314.7 314.1 313.8 313.5 312.7 308.6 305.9 303.8 300.9 295.7 291.9 291 293.2 296.1 298.4 302.8 309.7 319.8 329.5 339.1 344.7 347.6 354.1 360.6 364.5 364 362.4 361.5 360.4 358.9 358.1 356.2 355.3 354.2 353.1 352.2 350.4 348.9 348 347.5 345.8 346.1 346.2 346.3 346.6 346.8 347 347.7 348 348.2 347.5 347.1 345.7 344.7 343.2 341.1 338.9 337 334.3 331.4 328.7 325.5 322.2 317.7 313.2
313.3 319.5 318.9 317 313 317.2 319 320.8 321.2 320.8 321.9 322.7 322.5 320.9 319.2 318 316.6 314.3 311.2 308.8 305.7 301.6 296.6 293.6 292.7 294.6 295.6 298 302.4 309.3 318.7 328.7 338.7 345.6 349.6 354.7 360.8 364.5 362.9 361.6 361.1 359.8 358.7 357.9 356.4 355.3 354.2 353.1 352 350.6 349.1 347.6 346.4 345 345.1 345.4 345.2 344.7 345.5 346.3 347 347.6 348.2 348.1 347.6 347.5 346.4 345 343.3 341.8 339.6 336.4 333.3 330 326.6 323.6 319.5 315.7
320 322.6 321.7 319.4 319.7 321.9 323.2 324.7 327 328.7 329.9 330.5 329.4 326.9 324.7 323.2 321.5 318.9 314.4 311 307.4 304.3 300.7 295.4 292.5 296.7 297.5 298.6 304.9 312.1 319.3 330.2 339.8 345 348.8 352.4 357.8 362.4 362.7 361.9 361.1 359.6 358.3 357.3 356.5 355.6 354.5 353.4 352.2 351.1 349.7 348.3 347.1 346 345.4 344.2 343.1 342.9 344.1 345.1 345.9 346.7 347.2 347 347.2 347.1 346.5 345.7 344.3 342.4 340.3 337.1 334.5 331.2 327.7 324 319.9 315.6
326.4 326.1 325.3 324.3 325 325.8 328.1 331.5 333.8 335.2 335.8 335.9 333.5 331.1 329.6 328.2 324.1 320 316.7 313.7 311.4 309 304.1 299.5 292.3 299.4 299.7 300.6 306.2 315 321.1 331.5 341 345.3 348.3 351.3 356 362.1 363.6 362.4 361.2 360.1 358.5 357.3 356.6 355.8 354.8 353.7 352.6 351.4 350.2 348.9 347.6 346.3 344.9 342.4 340.1 341.4 342.8 343.8 344.8 345.1 345.3 345.4 345.5 345.3 345.2 344.9 343.9 341.8 339.6 336.3 334 330.6 327.3 322.7 318.2 313
331.3 330.9 329 326.4 327.4 331 334.8 338.1 340.3 340.6 340.6 339.9 337.8 335.2 332.7 331.4 326.2 322.3 320.1 316.8 314.7 311.8 308.8 305.3 297.6 301.1 301.8 302.3 307.3 316 324.1 332.6 342.3 345.7 348.5 352 356.7 361.1 362.4 361.6 361 360 358.6 357.1 356.5 355.8 355.2 354.1 352.9 351.7 350.5 349.3 348.1 346.3 344.4 342.4 338 337.6 339.9 340.8 341.3 341.9 342.6 342.8 343 342.5 341.8 341.9 340.4 338.5 336.8 334.4 331 327.4 323.6 318.7 314.3 308.7
333 334.9 333.9 333.1 333.5 338 341.1 343.8 345.5 346.3 344.8 343.2 341.5 339.6 336.6 332.9 329.6 326.7 323.6 320.5 316.7 313.5 310.7 303.5 299.9 304.1 306.6 305.7 311.1 319.1 326.6 334.1 342.2 345.6 349.1 353.6 358.5 361.6 361.9 361.4 360.9 359.8 358.5 357.1 356.1 355.2 354.3 354 352.9 351.7 350.6 349.2 347.7 346.1 344.3 343.1 337.3 334.1 336.5 337.4 337.7 338.1 338.8 339.6 338.4 337.8 337.4 337.1 335.7 333.4 332 329.7 327.2 323.2 319.1 314.4 310.4 304.8
335.5 337.6 338.1 338.2 340.4 343.6 346.2 348.4 349.5 349.9 349.2 347.9 345.6 343.2 341.3 339.3 334.5 330.1 328.1 323.4 318.8 314.6 311 304.3 301.7 307.9 310.7 311.1 313.2 320.6 331.2 336.7 342.3 347.2 352.1 356.9 360.6 362.9 363 362.1 360.7 359.7 358.1 356.5 355.2 354 353.1 352.6 351.1 349.9 349 347.9 347 345.8 344.2 342.6 337.8 331.5 333.1 333.8 334.1 334.4 334.2 333.9 333.2 332.3 331.5 329.9 328.7 327.5 327 324.8 321.9 318.1 314.3 311.1 306 300.7
339.1 340.5 341.5 342.1 345.4 347.3 349.3 351.5 352.5 352.8 352.1 351 349.2 346.8 345.8 341.9 337.5 334.1 331.4 327.4 322.2 317 312.6 308.7 301.3 302.3 309.6 312.3 314.7 322.7 331.2 336.7 342.5 347.8 354.9 359.2 361.3 362.9 363.1 362.4 361.3 359.2 357.5 355.8 354.6 353.3 352.1 350.8 349.2 347.9 346.9 346.1 345.6 344.4 342.7 340 337 330.7 330.2 330.4 330.3 329.6 328.3 327.9 327.3 326.4 324.7 322.9 321.9 321.6 321.3 319.9 316.9 312.9 309.7 305.3 301.2 297.2
341.9 342.6 345.1 347 349.7 352 352.8 354.5 355.2 354.5 353.7 352.9 351.1 349.8 348.6 344.2 339.2 335.9 332.7 328.2 323.5 318.9 315.4 311.9 309.2 302.2 305 312.2 318 325.9 334.1 338.7 343.6 349.6 357.2 361.1 362.3 363.6 362.9 361.3 359.4 358.4 356.8 355.2 353.9 352.6 350.8 349.2 347 344.8 343.8 343.4 342.5 341 339.6 337.4 334.5 328.4 324.3 326.1 325.8 324 322.5 322 321.4 320.2 318.9 317.2 316 315.6 315.4 313.5 310.2 305.7 302.2 298.2 295 291.8
342.8 345.3 347.8 351.3 354.1 355.9 356.3 356.9 357.7 356.1 355.3 354.7 353.2 351.9 350.7 346.9 341.5 337.6 332.8 328.1 323 319.1 316 313.2 304.9 303.3 306.4 313.5 322.4 330.4 336.8 340.2 344.4 350.8 357.2 361.1 362.5 362.6 361.9 359.8 357.7 356.5 355.7 354.6 352.7 350.9 349 347.4 346 343.5 340.8 339.9 338.4 337.2 335.7 334.3 330.4 324.2 318 319.2 319.5 318.4 316.7 315.8 314.6 313.9 312.7 311.4 309.5 308 305.8 303.9 301.5 298.3 294.9 292.3 289.3 286.7
346.1 348.8 352.1 355.5 359 360.2 360.8 360.7 359.8 357.9 357.4 356.7 355 352.8 351.9 349.6 344.9 339.2 334.1 329.2 323.1 318.1 314.6 311.4 305.6 305.2 310.4 318.6 323.8 332.5 338.3 341.9 347.9 350.9 355.9 359.9 362 361.6 360.5 359 356.8 355.1 353.5 351.3 349.3 347.9 347.1 345.6 344.5 342.4 339.5 336 334.4 333.4 332.4 329.5 326 319.8 313.4 309.4 310.1 310.2 310 307.9 306.4 305.8 305.4 303 300.6 297.8 295.3 294 292.2 290.3 289.2 287.3 286.1 282.2
