webserver/python/data/NY74.asc
ncols 200
nrows 200
xllcorner 370000
yllcorner 540000
cellsize 50
[rows 0 to 34 of 200, columns 0 to 77 of 200]
277.7 286.2 294.4 302.7 310.4 319.8 329.2 343.1 360.4 377 393 405.4 417.2 427.1 433.3 438.4 441.3 443.2 446.5 446.8 447.4 445.2 442.9 441.1 439 435.5 432 429.5 427.7 425.8 424.2 422.4 419.9 418.1 414.8 415.2 414.8 413.6 415.9 416.4 416.8 420.4 422.2 421.9 420.6 419 416.4 412.1 404.5 400.4 394.7 390.3 386.4 380.7 376.1 371 369.3 367 364 361 349.1 360.8 369.6 376 384.4 397 410.9 420.3 427 430.6 433.2 436 439.6 443.6 449.6 451.5 452.6 454.1
278.3 285.3 293.1 301.6 309.8 318 327.5 339.8 353.7 370.4 387.3 401.1 413.5 424.3 435.2 438.8 440.8 442 442.6 443.8 443.8 441.7 440.3 435.6 431.8 428.2 424.2 420.6 419.6 418.5 417.1 415.5 414 413.1 409.4 409.9 409.9 408.9 409.1 409.8 410.4 414.1 415.1 415.2 413.1 409.2 402.9 395.7 389 383.7 378.4 374 370.9 368.5 366.9 364.7 362.6 360.8 358.4 353.1 356 362.6 368.9 375.8 385.1 398.6 412.2 421.2 429.2 432.9 435.6 438.3 440.7 444.3 448.2 451 453 453.4
277 284.5 291.7 300.4 308.9 316.8 325.2 336.6 350.2 363.7 379.6 393.5 406.4 418.6 429 436.5 438.7 439.9 440.4 440.4 440.4 440.6 435.3 428.3 424.6 420.6 416.5 413 410.4 410 410 408.3 408.4 407.5 405.2 405.7 406.5 403.8 404.7 404.4 404.4 408.3 408 404 398.2 391.5 387.2 381.3 374.5 370.1 366.2 365.2 364 362 359.4 357.3 355.7 353.1 342.2 349.6 358.8 363.6 369.3 376.9 386.7 399 412 421.3 428.2 433.1 435.1 436.6 438.3 440.8 444.7 447.7 448.9 450.8
274.7 283.9 290.7 298.2 305.8 313.4 325.1 336.9 348.4 361.5 372.4 385.8 398.7 410.2 417 423.9 435.1 439 440.1 440.5 436.5 431.4 425.2 421.4 417.3 413.1 409 406.1 402.3 399.5 400 398.6 398.4 397.5 393 398.4 401.6 400.6 399.6 396.9 395.2 392.6 390.3 387.4 382 377.5 372.8 367.1 362.6 360.4 359.3 357.7 355.5 353.7 349.9 348.5 343.5 335.9 349.6 353.7 359.5 365.3 375.3 377.3 387.1 397.8 409.8 417.7 424.5 429 430.5 432.3 434.3 436.1 440 442.3 444.4 446
270.5 282.3 289.9 297.5 305.6 313.7 322.6 334.8 348 361 371.4 381.5 396.4 403.1 411.3 421.8 426.7 428.7 429.4 428.7 425.5 422.1 420 416.2 410.8 405.3 400.9 396 391.2 389.4 387.8 386.3 386.6 385.8 382.8 386.5 388.8 388.8 387.3 383.1 380.8 377.4 375.3 372.6 367.7 366.2 361.2 356.5 352 352 351.5 348.4 345.4 340.5 337.5 334 339 342.9 348.6 353.9 359.1 364 368.9 378 387.3 397.4 406.7 415.3 420 423.8 426 427.9 430.3 432.6 434.8 436.9 439.1 441.3
267.8 279.4 289.2 296.8 304.4 311.7 317.8 331.2 343 357.8 368.3 378.8 391 399.5 406.4 412.2 417.6 419.4 421.1 422.4 421.6 418.3 413.4 407.7 402.7 396.9 389.1 381.9 379 377.7 377 376.9 378 376.4 373.7 376 377.6 376.8 369.9 370.1 367.8 365.6 363.4 360 357.1 353.6 348.6 347.1 342.6 339.2 337.1 334.9 332 329.3 328.3 337 340 337.7 344.7 345.8 354.1 361.9 366.9 375.9 386.3 395.5 404.6 412.2 415.6 419 421.6 423.6 425.5 427.8 430 431.6 433.8 437.3
262.8 279.3 289 295.3 302.7 309.6 316.5 327.9 338.9 351.7 362.2 371.2 381.7 393.3 403.1 413.3 419.8 423.4 423.5 420.9 415.5 409.8 404.9 399.2 393.4 386.6 379.1 373.9 372.1 369.6 369.5 368.4 368.9 368.4 365.5 368.3 367.3 364.4 351.4 358.7 356.9 354.7 351.6 347.1 344.6 341.9 339.5 339 335.5 331.8 329.6 323.3 324.4 328.8 334.9 338 345.3 349.3 353.1 356.6 359.1 363.1 363.6 368.1 382.2 391.9 401.5 408.9 412.5 415.1 416.9 418.8 420.9 422.3 424.4 425.8 428.2 435.4
258.2 275.1 287.4 293.9 300 307 314.4 323.7 333 343.7 353.9 364 374.7 385.3 393.5 404.3 413.5 417.4 415.3 412.2 406.2 401.6 396.5 390.9 382.8 378.2 374.1 368.7 363.4 360.2 359.8 357.7 358.7 356.7 356.7 358.5 356.4 352.9 348.2 348.5 346.1 345 342.2 339.8 336.1 333.6 331 330.6 328.8 327.2 320.9 326.4 329.4 335.4 337.8 344.4 348.9 352.8 355.5 358.5 362.7 369 374.4 366.7 371.5 383.7 397.4 405.3 408.4 410.8 412 413.8 414.9 413.4 419.7 426.4 432 438.8
254.9 270.2 284.9 292.2 298 302.3 308.3 319.1 326.9 335.7 346.3 356.9 368.4 380.6 388.2 398.6 404.4 408.6 406.2 402.6 398.2 393 390 383.1 379 374.4 367.3 360.4 355.9 350 349.7 349.8 349.5 347.8 346.9 347.4 345.6 343.3 341.9 340.3 338.7 337.3 334.2 331.4 327.8 325 322.8 324.6 322.1 318.4 324.7 329.7 334.8 339.7 342.1 349.6 353.3 356.4 358.2 362.6 369.1 374.5 378.2 381.6 379.1 383.1 376.9 387.4 400.5 406.3 406.9 401.8 410.5 416.6 423.4 428.9 434.4 441.6
250.2 264.3 280.7 293.2 298.1 300.9 304.8 312.5 321.5 329.5 339.1 351.8 361.9 372.6 382 388.7 393.6 400.7 399.6 394.7 390.5 386.3 384.3 380 374.8 364.9 358.5 352.9 348.1 344.7 343.4 340.6 340.5 340.8 340.3 340.4 338.4 336.8 334.9 327.4 329.8 328.3 326.2 323.3 318.2 310.8 310 313.4 323 325.1 327.4 334.2 340.3 345.3 350.3 353.4 355.6 358.4 369.7 369.8 375.6 378.6 380.9 384.6 390.9 397.4 402.5 396.4 385.2 386.9 401 411.5 416.8 420.3 425.7 431.5 438.3 447.2
241.2 257.7 275.1 288.4 297.8 304.2 310 316.2 319.6 325.9 337.9 348.1 354.2 362.5 381.1 386.2 388.5 390.2 389.9 388.7 385 382.9 378.6 369.2 362.2 357.5 352.8 346.9 342 337.7 333.3 333.7 333.2 335.4 335.8 335.4 333 330.4 326.5 320.7 321.8 319.8 318.2 308.8 311.8 320 322.8 324 325.5 328.5 333.1 339 343.9 349.2 354.3 357.6 359.9 362.7 366 374.8 380 382.8 386.9 391.2 397.3 402.6 405.3 406.2 405.2 399.8 402.1 412.9 418 422.9 428.4 436.7 443.4 452.3
236.5 250.7 267.2 284.8 296.4 304.4 311.3 316.4 319.4 322.7 334.4 343.4 351.8 360.5 368.8 380.6 382.7 385.7 386.2 385.2 379.9 370.2 363.3 360.9 357.2 351.6 346.6 341.3 336.2 333.7 327.8 325.4 330 331.3 332.5 331.8 328.8 324.1 319.4 314.6 313.8 306.9 305.3 313.9 318.8 322.3 324.8 326.9 328.5 333.6 337.4 342.4 347.1 352.1 356 360.1 366.7 367.2 371.6 378.5 383.3 388.2 395.2 400.4 404.6 407.6 408.5 409.8 410.6 412 410.2 411 421.6 425.8 433.3 442.4 448.4 453.8
236.2 242.6 259.8 276.6 290.5 303.1 311 315.2 318.9 321.9 325.6 336.7 342.6 346.9 352.1 360.3 372 377.2 374.2 369 364.1 360.8 359 355.7 351.6 346 340.4 335.6 330.7 326.7 322.9 321.5 328.3 331.3 331.1 327.5 319.3 316.2 312.4 307.9 297.5 303.5 312.1 317.6 322.9 325.2 327.4 330 335.2 339.8 341.8 344.1 349.6 353.8 357.9 366.8 373.7 377.4 380.7 383.6 388.4 397.3 403.3 407.9 412 413.9 414.6 415.1 416.8 416 416.6 412.5 421.2 433.2 440.2 446.7 451 454.9
235.4 236.7 249.8 263.2 280.7 296.5 308.3 313.2 317.1 320.9 330.3 328.1 333 342.1 348.4 353.4 357.4 361.5 363.3 362.6 359.2 356.6 354.3 347.2 342 339.6 334.9 329 324.3 319.9 316.3 322.5 326.9 329.2 322.6 315.5 311.8 309.2 302.2 296.7 302.9 309.1 316.9 322.6 325.1 328.3 331.6 334.7 338.6 342.6 346.2 348.9 351.9 357.4 362.8 373.2 379.3 383.7 385.6 387.9 395 402 408.9 414.9 418.5 419.8 420.9 421.8 421.1 419.8 420.5 421.5 416.4 421.3 431.4 446.1 452.7 452.8
234.1 235.6 238.5 254.8 269.7 287.2 298.4 309.7 314.4 318.7 326 333.4 334.9 339.7 344.5 348.9 353.4 356.9 358.8 357.4 354.1 346.9 342.1 338.8 335.6 333.5 328.2 321.9 317.4 313.6 308.3 316.5 318.7 316 311.3 307.9 303.2 295.6 294.8 298.6 305.7 313.1 321.1 324.8 327 329.6 332.9 337.6 341.5 345.5 349.5 352.1 355.3 361.3 368.3 377.8 384.2 387.2 388.8 392.5 401 406.9 415 420.8 423.1 425.9 429.8 427.5 424.7 424.7 425.2 430.4 436.6 436.8 433.9 430.7 446 445.4
231 234.3 236.3 241.3 261 273.8 289.6 299.5 308.9 313.7 319.8 332.1 336 338.2 341.9 344 345.4 346.3 346.2 344.1 341.3 338.7 335.8 333.8 330.8 325.1 319.5 314.6 310.1 304.8 303.1 308.2 307.7 305.8 303.9 299.3 292 291.1 291.4 298.5 308 317.3 323.3 325.9 328.7 330.8 334.1 340.6 344.5 348.4 352.4 355.5 360.9 367 374.8 383.9 387.4 387.2 391.8 399.3 406.9 413.1 421 425.7 429.8 434.2 434.7 431.5 428.7 429 433.6 438.3 443.3 445.7 448.3 448.2 441.3 444.9
233.5 233.7 235.6 237.1 242.8 260.3 271.9 286.3 295.7 305.5 314 323.6 334.2 337.7 339 340.6 340.6 341 339.9 338.1 335.2 331.3 328.2 324.2 320.4 317.9 312.9 307.2 302.4 296.8 296.3 301 300 297.1 290.4 287.3 287.7 290.7 298.5 304.2 309.2 315.9 322.9 326.1 329.2 332.2 336.9 343.5 347.5 351.4 355.3 360 365.5 372.9 381.9 385.3 384.5 390.1 396.5 403.6 411.9 421.8 426.4 430.8 434.9 436.1 435.8 433.8 433 436.4 441.5 444.9 446.8 449.5 450.1 447.2 443.1 445.2
250.5 232.4 235 235.8 236.7 237.4 252 267.1 280.3 296.2 304 313.2 323.8 333.6 337.9 336.3 337.1 338.2 335.3 327.9 324.4 320.7 319.4 316.4 312.3 310 304.9 297.8 293 293.2 292.2 291 288.3 285.2 284.7 285.1 289.3 294.7 299.5 303.8 309.5 316.1 324.5 326.9 329.8 333.3 340.7 346.3 350.7 355.1 359.2 361.3 370.2 378.5 383.8 383.2 384.5 394.1 403.1 407.2 417.3 426.8 431 435 437 438.3 438 436.1 440.8 444 448.7 449.5 451 452.1 448.9 446.4 447.8 449.6
255.3 249.5 234.1 233 234.1 236.6 237.7 247.9 263.6 276.8 294.4 304.1 312.5 322.1 325.5 323.3 329 329.7 323.9 319.3 318.1 316.3 314.5 311.7 304.4 297.5 295.9 292.7 289.9 288.7 287.1 285.6 280.2 281.5 283.8 289.1 293.1 296.9 301.5 306.2 311.7 319.4 326.4 328.7 331.7 337.7 344.3 348.7 353.1 357.5 362.8 367.3 368.2 377.3 376.2 380.8 390 399.6 408.4 414 423 431.5 437.3 439 441.1 440.9 439.8 441.9 447.2 451.9 453.8 454.6 456 452.4 448.9 448.1 452.4 457.7
256.4 253.4 243.8 238.4 236.3 236 235.9 235.7 244.2 260.4 274 291.5 301.5 309.6 315.8 318.6 320.2 318.1 315.6 316 315.3 313.9 309.7 300.3 296.5 292.7 291.2 281 277.7 280.7 279.5 280.2 286.4 287.8 290.5 294 296.7 299.9 304.2 309.7 315.6 322 327.8 331.3 337.5 342.8 348.2 352.6 357 361.5 365.6 371 378 381.9 384.3 390.2 397.7 406.7 414.5 420.1 428.8 436.8 441 443.3 444.6 443.9 444.6 449.7 455.1 458 460.4 461 457 452.5 450.6 452.9 457.5 462.2
255 253.7 251.6 244.1 239.5 238.5 237.5 238.1 235.8 241 256.4 268.8 287.3 301.1 309.1 315.7 312.5 314.1 314.3 314.1 313 304.5 296.3 291.9 288.7 283.4 276.4 275.1 286.7 283.7 286.3 289.4 290.9 292.4 294.5 298.6 300.7 303.8 309 313.9 319.1 326.8 331 336.1 342 347.2 352.7 357.4 361.6 366.3 370.6 374.1 381.9 382.9 391.1 398.6 405.6 411.4 419.3 425.8 434.8 441.2 445.8 448 447.7 448.4 450.9 457.2 461.1 463.6 466.1 464.3 458 454.5 456.4 460.4 462.3 466.3
257.2 255.9 251.5 245.5 249.2 245.5 240.1 239.4 239.2 238.2 240.1 254.3 269.6 283.4 296.2 295.3 305.7 310.9 310.5 306.6 299.3 292.8 286.6 282.1 275.5 268.2 277.8 288.7 289.9 288.7 290.4 293.3 295.1 296.8 298.4 303.4 306.5 311.4 316.6 322.2 327 331.3 336.3 341.5 346.5 351.9 357.1 362.2 365.1 366.9 374.7 381.4 386.7 391.1 398.9 405.5 410.8 419 423.9 432.1 441.3 447.2 451.1 451.6 451.3 454.4 458.4 462.8 465.6 468.2 469.3 462.9 458.2 457.9 463.2 467.1 467.7 470.2
258.7 255.7 255.8 251.1 251.8 250.7 249 240.5 239.6 237.8 239.3 237.2 255.5 269.1 273 278.8 288.3 295.3 296 293.1 286.6 281.4 277 273.9 264.8 274.9 282.2 286.7 290.8 291.9 293.2 296.3 299.2 300.7 302.6 310.3 315.6 320.1 325.2 329.3 333.3 337.4 342 346.8 351.8 356.9 361.5 364.6 368.5 372.2 381 386.7 391.2 397.9 405.4 411.5 417.2 424.2 431 441.5 448.6 453.4 455.7 455.6 457.6 461.2 464.1 466.4 468.8 470.7 468.3 461.9 461.6 466.1 472.7 473.6 472.4 476.7
260.5 257.3 254.9 256 252.9 251.7 249.2 242 240.9 238.9 241.5 240.6 238.2 244 259.7 267.7 271.2 274.1 277.6 279 275.2 272.3 270.4 267.9 268.3 275.9 283.7 289.9 292.6 293.9 295.7 299.1 302.3 304.9 313 318.9 324.5 329.3 332.5 335.3 337.9 340.9 346.3 351.9 357.2 360.6 363.9 367.8 372 379.1 387 391.6 397.2 405.3 412.1 418.8 425 431.4 440.6 448.5 455.2 459.4 460.7 460.2 461.9 465.1 468 470.6 470.8 472.2 467.4 465.1 470.4 476.4 480.4 477.5 479.5 483.3
262.4 259.7 258.2 255.8 255.8 252.9 248.6 243.7 242.3 241 245 242.4 241.7 241.1 244.4 255.8 261.9 264.9 268.1 269.1 267.8 265.6 263.9 262.3 269 276.5 285.2 292.4 294.4 295.7 297.5 302.1 305.9 314.7 321.2 324.8 331.3 333.9 336.6 339.1 341.8 344.5 349.5 354.8 358.9 362.7 367.1 371.1 374.6 384.3 390.5 396 404.6 412.2 420.8 428.1 433.5 439.6 447.2 454.6 460.8 464.2 465.1 464.8 466 468.8 471.9 474.8 475.1 473.9 473.1 474.3 479.2 483.6 484.2 482.8 487.4 488.2
265.6 263.6 261.2 258.2 256 255.7 249.3 244.8 243.1 245.9 248.6 246 243.6 243.1 239 253.2 256.1 256.8 260.1 262.5 262.4 259.9 258.2 264.7 270.8 278.4 287.5 293.9 295.4 297.3 300.5 307.8 315 319.7 323.3 329.1 335 337.6 340 342.9 345.6 348.3 352.4 356.4 359.7 364.8 370.4 375.1 381.8 389.3 391.8 403.8 413.2 421.4 429.6 434.7 439.7 446.3 453.5 460.7 466.2 469.3 469.5 469.4 470.3 473.1 475.9 478.7 479.8 478.6 481 483.4 487.7 489.2 488 489.6 491.5 490.9
270.7 270.5 268 262.4 257.2 254.7 253.3 246 245.8 252.7 250.5 248.6 244.8 244.3 241.3 246.4 250.6 252.7 251.6 250.8 252.3 257 262.5 267.1 272 281.1 289.8 295 297.5 300 306.8 313.7 319.7 318.7 325.9 332.4 337.8 340.4 343 346.1 348.8 351 354.8 357.8 361.4 366.5 372.7 379.8 388.4 393.2 397 408.4 421.4 429.5 436.7 441.4 446 453.1 460 466.9 471.9 474.3 472.8 474.1 474.6 477.4 480.4 483.4 485.6 487.4 486.7 491.5 493.7 492.8 492.5 494.4 494.9 492.7
276.8 276.8 273.2 267.3 257.4 254.4 246.7 254.6 255.1 254.2 252.8 251.1 249.2 244.2 242.3 242.4 247.2 250 253.3 255.7 258 260.8 264.3 268.2 274.5 284.9 292.5 296.8 299.6 302.1 307.2 314.1 314 322 329 336.3 339.8 342.8 345.8 348.4 349.8 352.7 355.8 359 363.7 370.6 376.8 383.2 391.9 398.2 404.4 413.8 427.4 436.3 441.3 445.5 452.5 459.6 466.4 473 476.3 476.3 476.1 477 478.6 481.5 485.9 489.3 492.1 492.7 492.8 495.5 496.2 497 497.7 498.9 496.4 491.8
282.2 281.7 275.5 267.6 260.5 252.6 249.3 259.1 257 256.5 254.9 253.4 253.1 248.1 241.7 244.8 247.1 248.4 253.8 255.8 257.8 261.2 265.3 269 275.6 288.9 297.2 299.8 301.2 304.9 309 314.1 317.1 323 332 338.1 340.6 343.5 346.4 348.1 350.2 352.4 356.4 361 367.2 374.9 380.3 385.4 392.2 400.7 406.6 419.9 433 440.6 444.5 450.1 458.6 466.5 473.2 476.7 477.9 477 478.7 479.3 482.1 487.5 492.5 494.8 496.2 495.9 495.7 496.8 497.9 498.7 499.6 499.7 496.8 491
285.2 281.7 276.5 268 258.4 251.2 250.7 262.1 262.5 258.8 257.2 256.3 256 253 241.7 245.4 247.2 250.1 253.9 255.5 257.7 261.7 265.7 269.5 275.9 289.9 297.3 299.1 301.5 305.2 310.9 315.7 317.8 319.7 327.5 336.5 341.3 344.1 345.9 347.4 349.2 354.2 359.8 367.6 375.2 380.2 385.4 391 396 406.8 414.8 424.7 438.4 443.7 447.7 455.5 464.8 473.3 477.2 478.6 478.9 479.8 481.5 482.4 488.2 493.9 496.7 497.7 498.1 497.8 497.7 497.9 499 500.1 501 499.9 495.2 490.3
283.1 279.3 274.8 265.2 256.6 252.4 248.8 268.8 267.3 263.1 259.3 258.3 257.4 254.2 242.6 246 247.9 249.9 254.1 255.5 258.1 261.4 264.4 267.5 275.4 289.7 295.2 297.9 302.4 307.1 312.9 318.3 320.2 323.3 328.2 328.9 337.5 343.6 345.8 347.5 351.9 358.7 367.6 376 379.6 384.8 390.9 397.2 405.5 413.8 420.3 427 439.3 445.7 451 460.6 470.2 478.1 479.7 480.5 480.7 481.2 484.1 487.5 494 498.1 499.1 499.9 500.1 499.8 499.7 499.6 500.1 501.3 501.3 498.6 493.7 489.8
280.2 276.6 272 262.4 251.7 256.7 270.5 272.3 271.8 266.4 261.7 259.7 259.3 257.5 242.6 246.4 248.3 249.9 253.5 255.8 257.1 260.1 263.3 266.5 273.6 287.9 295.7 298.5 302.7 308 314.8 319.3 322.5 326.5 332.4 337.8 333.8 338.9 345.9 350.3 358.4 368.1 378.5 380.1 384.8 390.2 396 403.3 411.6 419.5 425.5 432.3 441.2 448.6 457.6 468.1 476.2 479.2 481.4 482.5 484.1 485.8 487.5 492.2 499 500.1 500.8 501.6 502 501.9 501.7 501.6 501.5 502.3 499.7 495.7 491.8 490.6
277.5 273.9 264 254.5 260 265.3 273.6 276.3 273.6 269.3 265.1 261.7 261.2 261.1 244.8 245.8 247.9 249.1 249.9 251.1 255.3 259.3 262.8 265.6 270.1 281.8 294.3 299.4 303.5 308.5 315.2 320.6 323.6 328.8 335 341.2 341.8 343.7 347.2 353 367.4 376.1 380.9 384.6 389.2 394.2 402.3 409.6 416.8 424.4 430.7 437.8 444.8 452.1 462.9 474 477.9 480.2 482.2 485.2 487 488.7 491.7 496.9 499.8 500.9 501.7 502.6 502.9 502.4 502.3 502.2 502.1 500.6 497.7 493.8 491.5 490.3
275.6 271.4 259.5 256.3 265.4 267 272 277 274.7 271.6 269.3 265.8 262.4 259.9 259.6 243.5 245.3 247.5 247.1 249.8 250.6 255 259.9 263.3 267.5 274.2 288.3 297.4 303.7 308.8 314.6 321.8 325.4 331 336.2 341.2 345.6 349 347.4 358.8 375.5 381.4 384.1 390.9 395.3 401.1 408.6 420.5 423.7 428.9 437 444.8 449.9 456.7 468.4 475.2 477.7 481.4 484.9 487.8 489.8 491.6 495.7 499.5 500.5 501.6 502.6 503.1 502.9 502.1 501.4 501.3 500.9 498.5 495.7 492.5 491.3 490.2
275 264.1 258.2 260.6 272.6 274.2 270.1 274.8 275.6 273.9 271.9 269.8 264.5 263.8 262.9 256.2 244.8 245.7 246.3 246.9 247.5 248.1 252.3 254.3 254.8 263.8 279 292.8 302.2 309 314.5 321.4 326.2 331.2 336.5 341.7 346.5 351.3 351.6 368.2 378.5 382.3 388.3 396.3 401.3 408.8 417.7 426 427.6 434.9 444.4 449.2 454.2 463.2 473.4 475.8 479.4 483.8 487.6 490.3 492.3 495.3 499.1 500.3 501.3 502.3 503.2 503 502.8 502.2 501.2 500.4 498.7 496.3 493.7 492.3 491.2 490
