webserver/python/data/NY77.asc
ncols 200
nrows 200
xllcorner 370000
yllcorner 570000
cellsize 50
[rows 105 to 139 of 200, columns 78 to 155 of 200]
245.3 248.3 251.8 255.5 257.6 256.6 257.1 258 260.1 261.7 263.2 264.6 266 265.8 265.7 263.7 263.9 262.6 260.3 257.1 258.2 260 261.8 261.9 261.4 260.5 259.5 258.5 257.7 257.5 257.8 257.9 260.6 264.5 265.5 265.7 263.2 260.4 258.9 257.6 256.9 256.4 258.9 261.4 263.3 264.1 265.1 264.4 263.8 262.9 262.2 261.5 260.8 259.3 257.8 255 255.6 257.4 258.3 258.8 259.1 259.2 263 270.2 274.1 276 275.8 274.8 273.6 271.2 269 267.2 263.6 258.4 255.3 254.4 253.2 254.2
252.4 248.7 247.4 250.8 253.6 257.4 261.2 263.7 266.3 268.2 269.4 270 270.1 268.6 267.5 264.7 261.6 259.3 257.2 258.2 260.3 262 262.9 262.9 262.8 262.5 261.2 260.2 259.4 259.5 260 260.1 260.8 262.6 260.1 261.2 260.3 259.2 258.8 258.4 258 259 262.3 265.6 267.6 268.4 268.6 268.7 268.1 267.5 267.7 266.6 266.6 265.8 264.4 263.3 261.6 260.6 260.6 260.2 259.8 260.2 265.6 272.4 275.7 276.8 276.9 275.9 274.5 272.7 270.9 269 267.5 265.5 263.8 261.4 259.3 258.5
257 251.8 248.9 253.9 258.2 263.5 269.1 271.8 274 275.5 276.1 275.3 273.9 271.7 267.2 262.5 258.9 260.1 260.2 261.4 262.9 263.9 263.9 263.8 263.7 263.7 262.5 262 261.9 263.4 263.9 264.1 264.2 264.3 264.1 263.3 261.4 259.8 259.4 259 259.9 262.8 266.3 269.4 270.6 271.6 271.8 272.3 272.2 272.3 272.9 272.5 272.5 271.9 270.7 269.9 269.8 268.8 268.6 267.6 265.9 266.4 270.6 274.3 275.8 276.3 275.7 274.7 273.3 271.9 270.8 270.1 268.6 267.1 266.3 264.3 261.4 259.9
254.2 247.6 254.2 259.7 265.1 271.2 275.3 276.9 279.7 280.9 279.4 278 274.4 270.3 265.4 261.7 260.3 261.2 262.2 263.3 264.1 265.1 265.7 264.9 264.7 264.6 263.5 264.3 266.1 267.2 267.7 268.1 268.2 268.3 267.7 266 263.2 260.6 260.3 261.6 263.2 266.6 270.2 272.3 273.5 274.6 275.3 275.8 276.6 277.2 277.8 278.4 277.9 277.5 277.3 277.3 277 276.8 276.4 275.1 273.8 272.4 273.7 274.9 275.1 274.6 273.6 272.7 271.4 270.2 269.6 269.2 268.5 267.4 266.3 264.5 262.5 260.6
251.6 254.1 258.1 262.9 269.4 275.4 277.8 278.3 280.7 281 278.9 275.9 273.1 269.6 264.7 261.8 261.4 262.5 263.6 265 265.3 266.2 267.8 267 266.3 265.6 266.8 268.9 270.4 271 271.4 271.1 269.2 268 266.5 264.7 263.2 264.8 265.4 267.5 269.6 271 272.8 274.6 275.7 277.2 278.1 278.8 280.6 283.1 284.5 285.6 284.7 285 284.7 284.5 283.7 283.2 282.2 281 278.4 275.8 275.4 273.6 273.1 272.4 271.6 270.6 269.5 269.1 268.7 268.2 267.6 267 266.1 264.8 262.9 260.4
254.7 257 259.9 264.2 270.5 274.8 277 278.4 279.3 279.3 277.7 274.9 271.7 268.8 264.2 262.6 262.6 263.9 265 266.4 267.1 267.4 269.8 269.1 270.8 272.8 274.3 274.9 274.6 273.2 272.3 269.9 267.5 266 265.4 266.3 266.9 268.6 270.2 271.6 273.1 274.4 275.9 277.1 278.6 279.3 280.2 280.1 283 286.7 288.8 289.9 291 291.3 290.6 289.4 288.6 287.1 285 282.5 279.8 276.7 274.3 272.1 270.7 270.2 269.5 268.5 268 268.1 267.7 267.3 266.6 265.6 263.8 263.2 262.2 259.3
257.3 260 262.7 265.8 270.7 273.8 276.2 278.5 278.9 278.9 277.4 274.3 271 267.5 264.5 264 263.9 265.1 266.4 268.4 271.4 273.1 274 277.2 278.5 279.2 279.2 278.4 275.8 272.9 270.7 268.7 267.6 267.2 267.3 269.1 270.8 272.5 273.9 275.1 276.6 277.8 279.2 279.6 280.5 280.9 280 279.8 280.9 283.4 285.4 287.6 289.6 290.9 290.3 289.7 288.3 286 283.7 280.9 277.8 275 272.6 270.4 268.1 267.6 267.4 266.5 266.4 266.5 266.5 266.2 264.8 263.4 261.4 260 258.3 256.6
259.8 262.6 265.5 268.5 271.7 274.3 276.5 278.8 278.8 278.4 276.3 273.1 268.5 265.6 265.4 265.4 265.1 266.9 270.3 274.4 277.9 280.6 282 283.9 283.2 283 281.3 278.8 276.1 273.4 271.1 270.2 269.2 269 270.3 273.7 274.9 276.3 277.7 278.7 280 281.3 282.2 282.6 281.8 281.4 280.9 279.4 278.1 278.1 278.6 280.7 283.4 285.2 285.5 285.2 283.8 282.4 280.9 278.8 276 273.4 270.9 268.7 266.4 264.5 264.6 264.4 264 263.5 263.1 263 262.4 261.2 258.8 256 254.1 251.3
262.8 264.5 267.6 271.4 274.4 275.9 277.8 278.3 278.3 276.8 274.8 271 267 266.4 266.4 266.2 268.3 272 276.4 279.9 282.9 284.7 285.3 285.3 284.7 284.5 282.1 279.2 276.5 274.5 273.4 272.7 271.7 271.5 275.8 278.2 279.3 280.4 281.7 283.2 284.9 286.1 286 285.5 283.8 282.2 281.4 279.5 277.7 276.3 273.9 274.6 277.3 278.8 279 279 279.5 278.8 277.6 276.5 274.5 271.8 269.2 266.9 264.7 262.4 261.2 260.3 259.6 259.4 259.2 258.3 257.7 256.7 255 252.4 249.6 252.6
265.7 267.5 270.5 274.4 276.1 277.4 277.7 278.1 277.8 276.1 273.4 269.2 268.6 270 271.2 271.2 273 276 279 280.7 281.8 283.7 284.8 285.2 285.2 284.6 282.7 280.2 277.8 276.8 275.7 275.2 274.6 276.2 278.5 282.3 284.4 287.2 289.2 290 290.7 291.3 290.5 288.5 286 284.1 282.3 279.7 276.7 275.2 272.8 271.1 270.9 272 272.3 272.3 272.6 273.5 274.4 273.9 272.6 270.2 267 265.1 262.8 260.2 258.2 256.4 255.6 254.2 253.5 253.6 251.7 251.9 250.7 249.6 254.1 257
268.9 270.6 273.4 276 277.3 277.6 277.9 278.3 277.5 275.4 272.9 270.2 270.5 269.3 272 273.9 275.2 277 277.9 279 280.2 282 283.8 284.4 284.6 284.7 283.2 281.7 279.9 278.2 277.9 278.8 280 281.8 284.8 288.4 292.1 295.9 297.2 297.9 297.2 295.6 294.4 290.5 287.1 284.4 282 279.2 276.5 274.1 271.5 269.4 268 266.7 266.8 265.5 265.7 266.5 267.4 267.8 267.1 265.9 264.1 262.4 260.1 258.2 256.9 255.2 254.9 256 256.8 256.4 255.2 253.5 253.3 255.4 259.2 261.6
272.1 273.6 275.3 277.1 277.6 277.8 278.1 278.4 277.1 275.3 274.4 273.1 271.6 272.2 270.5 273.3 276.3 278.6 278.2 279.8 282.5 284.2 285.1 285.7 285.8 285.2 283.5 282.7 281.8 282.5 283.4 285.2 286.6 288.5 291.7 295.3 298.1 299.9 300.3 300 298.4 296.3 293.5 290.5 287 283.7 280.4 277.8 274.5 271.9 269.4 268 266.4 264.7 263.4 263.8 263.2 261.6 261.5 262.6 262.5 261.8 260.2 259.6 257 256.1 257 254.9 258.4 259.8 259.7 258.8 257.6 255.6 259.1 262.8 265.6 267.5
274.2 275.4 276.6 277.4 278 278.2 278.4 278.6 277.7 276.8 275.9 274.9 274.1 273.6 272.8 274.5 277.4 280.3 280.8 283.2 285.4 285.5 286.3 287.1 286.6 285.6 284.4 285.3 286.5 286.6 287 288.2 289.8 292.1 296 295.9 295.5 295.4 294 292.9 292 290.4 288.7 286 283.3 280 276.6 273.1 270.2 268.2 266.9 266.6 264.7 264.9 265.7 266.7 266 264.9 264.7 263.2 262.3 262.4 261.9 263 262.6 262.8 260.9 256.2 260.9 262.7 262.2 260.3 258.6 260.3 264.6 268.4 271.5 273.3
275.5 276.7 277.8 278.1 278.4 278.8 279.5 279.9 279.2 278.3 277.4 276.4 275.3 274.7 276.7 278.7 280.3 281.7 282.9 284.1 285.4 286.7 287.2 287.7 287 287.8 288.5 290 288.9 288.3 288 288.5 290.2 290.6 290.8 290.3 288.6 288.1 286.3 286 285.7 284.9 283.2 281.4 278.7 274.9 271.4 268.3 266.8 266.6 265.2 265.1 266 267.1 267.6 268.6 268.8 267.8 267.9 266.5 265.8 264.8 264.5 265.4 264.2 262.6 258.7 263.9 264.1 264 262.7 260.8 261.4 265.3 269.7 274 277 279.6
278 277.9 279.1 279.9 280 280.6 281.1 281.1 280.7 279.8 278.9 278 276.4 277.3 279.6 280.7 281.8 282.8 283.6 284.5 285.5 286.6 287.7 288 288.4 289 290.2 290.1 289.2 288.4 288.4 287.8 287.8 286 285 284.5 283 281.9 282.3 282.5 282.5 281.6 279.8 278.1 275.4 272 267.9 266.9 267.1 267.5 266.6 266.9 267 268.4 269.7 270.4 270.6 270.5 269.3 269.6 267.4 265.2 263.1 262.3 259.1 265 267.6 268.1 267 265.1 264.1 263.1 266.6 270.6 274.7 279.1 283.8 287
281.3 279.6 280.3 281.2 281.8 281.7 281.4 281.2 281.1 281.1 280.4 279.5 278.6 279.7 280.8 281.7 282 282.7 283.5 284.3 285.4 286.5 287.7 288.5 289.3 290 289.9 289.9 289.4 288.6 287.2 286.1 284.5 282.8 281 280.5 279.4 278.7 279.1 280.1 280.5 279.1 277.4 275.6 272.5 269 267.5 267.4 268.3 269.1 268.6 268.6 268.5 269.2 270.6 270.9 270.4 269.6 269.4 268.6 267.7 265 262.5 263.9 266 267.2 269 269.1 268.4 266.6 265.3 267.6 271.5 275.6 279.7 284.1 288.7 288.5
281.1 281.4 281.6 281.6 281.7 281.8 281.6 281.3 281.3 281.3 281.2 281.1 280.2 280.9 281.6 281.9 282.2 282.6 283.4 284.2 285.3 286.3 287.5 288.5 289.4 289.5 289.6 289 287.2 284.9 283.1 281.9 280.2 278.6 277 276.7 275.9 275.5 275.7 276.5 276.4 275.8 273.8 271.7 269.5 268 267.8 268.6 269.5 270.3 270.4 270.3 270.2 270.1 271.4 270.8 269.9 269.4 269.1 268.1 267.3 266.2 263.7 264.7 266.5 267.8 269.1 269.3 268.7 268 269.1 273.2 277.2 280.5 284 285.7 286.2 286.6
280.1 280.5 281.3 281.4 281.5 281.7 281.7 281.5 281.4 281.4 281.4 281.3 281.3 281.5 281.8 282.1 282.4 282.7 283.3 284.1 285.2 286.2 287.3 288.4 288.6 288.3 287.1 284.8 282.7 280.9 279 277.7 276 274.8 273.6 273 272.6 272.3 271.7 271.6 271.2 270.8 269.3 268.6 269.1 269.9 269.9 270.4 271.2 271.9 272.4 272 271.9 271.8 271.9 270.6 270.1 269.9 269.3 268.1 267 266 265 266 267.3 268.3 268.8 270.3 272.8 274.9 276.7 279.5 282.4 284.8 285.5 285.9 285.8 285.4
279.2 279.8 280.8 281.2 281.3 281.5 281.7 281.6 281.5 281.5 281.5 281.2 281.3 281.7 282 282.3 282.6 282.9 283.2 284 285.1 286.1 287.2 287.2 286.6 285.5 282.9 280.6 279.1 277.4 275.9 275.4 274.8 274.2 273.6 272.9 272.8 272.4 271.8 270.5 269.8 270.9 272.2 273.7 274.6 274.8 274.5 273.7 273.1 273.8 274.2 274.6 274.1 273.2 272.2 271.4 270.7 270.1 269.4 268.4 266.8 265.8 266.8 267.6 269.9 271.3 273.8 276.3 278.3 279.4 281 283.7 285.1 285.6 286.2 286.4 286.3 285.9
278.3 279.4 280.4 281 281.2 281.4 281.6 281.8 281.6 281.5 281 280.9 281.4 281.8 282.2 282.5 282.8 283.1 283.4 283.9 285 285.9 285.5 284.7 283 281.2 279.2 277.8 277.2 276.4 275.6 275.3 274.9 274.3 273.7 273.5 272.9 272.5 272.2 272.9 275 276.6 278 279.3 279.7 279.6 279.1 278.3 277.5 277.2 278.3 278.1 275.6 273.8 272.7 272 271.4 270.6 269.5 268.5 267.9 269.4 270.1 272.2 274.6 276.7 278.8 279.6 280.7 281.6 283.9 286.1 286.3 287.1 287.4 288.4 288.5 287.8
277.9 278.6 279.4 280.2 280.5 280.7 280.9 281.1 281.3 280.8 280.5 281 281.5 281.9 282.4 282.7 283 283.3 283.6 283.9 283.6 283.1 281.5 280.2 279.4 278.7 278.1 277.5 276.9 276.1 275.4 275 274.7 274.4 274.9 274.7 274.9 276.7 278.7 280.5 282.6 282.9 282.6 282.4 282.3 282 282.8 283.1 282.3 281.8 279.9 277.7 275.3 274.1 273.2 272.5 272 271.4 270.6 271.3 272.1 273.3 274.3 276.6 278.3 280 281.3 281.6 282.6 285.5 288.1 290.5 292.2 292.9 292 292.4 292 290.9
275 275.8 276.4 276.8 278.2 278.8 279 280 280.6 280.2 280.6 281.1 281.6 282 282.5 282.9 283.2 283.5 283.8 284.3 282.9 281.7 280.8 279.9 279.1 278.4 277.8 277.3 276.6 275.8 275.6 276 276.5 277 278 279.5 282.1 284.5 285.1 285.7 286.2 285.9 285.5 285.2 284.8 284.3 284.8 284.3 282.2 279.4 277.1 275.3 274.5 273.2 272.6 272.6 273.1 273.6 274.6 275.8 275.7 277 277.5 279.7 281.5 283.2 282.8 285.4 288 291.4 294.8 296.5 296.7 294.4 291.7 292.1 293.3 291.2
272.1 272.8 273.2 273.6 274.6 276.3 277.7 279.4 280 280.3 280.7 281.2 281.7 282.1 282.6 283.1 283.4 283.7 284.2 284.6 283.2 281.8 280.8 279.9 279.2 278.7 277.5 277 277.5 277.6 277.9 279.9 280.6 281.1 282.2 283.7 285.5 285.6 285.7 285.6 286.3 286.2 285.9 285.6 285.1 285.4 284.2 283 279.3 275.8 273.3 273.4 272.7 272 273 274.7 275.7 276.8 277.9 278.9 278.4 278.4 279.5 282.9 286.1 288 290.5 290.8 292.1 293.7 296.7 297.2 297.3 294.6 291.9 291.8 291.5 290.5
269.6 269.5 270.4 272.6 273.3 275.2 278.5 279.4 279.9 280.4 280.8 281.3 281.8 282.2 282.7 283.2 283.5 284 284.7 284.9 283.5 282 280.7 280.1 279.7 279.3 278.2 278.3 279 279.5 280.4 282.4 284.4 285.1 285.5 284.8 285.1 285.4 285.8 285.7 285.8 285.5 285.2 284.7 284.2 283.6 283 281.1 277.1 273.5 271.7 271.8 271.9 274 276.3 278.4 279.3 280.4 281.5 282.1 282.8 282 286.3 290.2 292.1 293.9 295.8 295.9 296.1 296 296.8 295.9 294.5 293.2 291.7 291 290.7 290.5
269.9 273.5 275.9 277.2 278.1 278.8 279.2 279.7 280.2 280.5 280.7 281.1 281.6 282.2 282.7 283.3 283.7 285 286.4 285.9 283.7 282.2 281.5 281.1 280.5 279.8 279.6 280.6 281.9 283.4 285.1 285.6 286.2 285.8 285.2 284.5 284 284.3 284.4 284.5 284.8 283.9 283.4 283 282.5 281.8 281.2 279.3 276.4 273.3 272.4 273 274.9 277.4 279.7 281.7 283 284 286.1 287.6 289.7 292 293.6 295.5 298.2 298.3 297.4 297.4 296.4 295.8 295.1 294.3 292.3 292 292.4 292.4 292 292
269.6 272.3 274.2 275.9 277.8 278.8 279.4 279.9 280.5 281 281.3 281.5 281.7 281.9 282.3 282.9 284.5 286.7 288.3 287.3 284.6 282.5 282.5 282.3 282 282.3 283.9 284.8 284.2 284.3 284.6 285.2 285.7 285.6 284.9 284.3 283.6 283.2 283.4 283.2 282.6 282.3 281.7 281.3 280.7 280.1 280.1 279.8 277.2 275 273.8 275.6 278.6 281.7 283.8 285.4 287.6 290.2 292.2 293.4 295.6 296.6 299.4 300.9 301 300 298.5 297.2 295.9 294.9 294.6 294.8 294 293.1 294 293.9 293.8 294.9
269.8 271.8 273.4 275.3 277.2 278.4 279.7 280.2 280.7 281.3 281.8 282 282.2 282.4 282.6 283.1 285.2 287.8 288.4 287.2 284.8 283.6 283.5 283.4 284.4 285.8 287 286.4 285.3 285.1 285.2 285.3 285.4 285.4 284.7 284 283.3 282.6 282.3 281.8 281.2 280.6 280 279.5 278.9 278.7 278.5 278.5 278.4 275.8 277.1 280.5 284.7 288.3 290.7 292.5 294.6 296.4 297.9 299.9 300.8 301.6 303.1 302.5 301.7 299.8 298.1 298 298 297.4 296.7 296.8 296.1 295.5 296.2 297.9 298.9 299.9
269.9 271.9 273 274.8 276.6 278 279.9 280.5 281 281.5 282.1 282.5 282.7 282.9 283.4 285 287 289.1 289.4 288 286.3 286.2 286.3 287.5 288 289.5 288.7 287.5 286.3 285.9 286 286.1 286 284.7 283.8 283.2 282.6 282.1 282.1 281.9 281.6 281.2 280.3 278.8 277.8 277.6 277.3 277.1 279.8 281.1 283.5 288.2 292.9 296.6 298.1 299.9 301.3 302.6 303.9 304.2 304.5 304.3 304 303.4 302.9 301.3 302.2 302.2 301.7 299 298.9 298.8 297.9 297.7 300.9 303.1 304.2 305.1
270 271.8 273 274.2 276 277.8 279.7 280.7 281.3 281.8 282.3 282.9 283.2 283.7 285.3 286.9 288.7 289.3 290 289.5 288.3 289.5 290.7 291.1 290.9 290.8 290 288.7 287.4 286.7 286.8 286.9 285.5 284.1 282.9 282.6 282.4 282.2 282.6 283 282.7 281.4 280 278.6 279.4 280.1 279.1 279.7 281.9 285.2 291.1 296.4 300.4 302.4 304.4 305.6 307.1 306.7 306.3 306 305.3 305 304.9 304.5 304.1 303.4 303.8 304.1 303.1 301.3 300.7 300.9 302 303.8 305 307.2 307.6 307.2
270.5 271.8 273.2 275.1 277.5 279.7 281.6 282.7 282.4 282.7 283.7 284.8 285.6 287 288.1 289.3 290 290.1 290.2 290.2 290.3 290.6 290.6 290.5 290.5 291 291.3 290.3 288.6 287.5 287.6 286.4 285.2 284.8 284.4 284 283.6 283.4 283.7 284.1 284.1 283.2 282.2 282.3 283.9 285.1 282.6 281.9 286.2 291.3 296.7 302.6 304.1 305.7 306.6 307.4 307 306.7 306.4 306.1 305.9 305.7 305.4 305.6 305.3 305.3 305.5 306.1 307.1 307.3 308.6 309 310 310.5 310.4 309.8 309.6 310.1
272.7 273.9 275.6 277.4 279.2 281.8 283.8 285.7 285.4 286.5 288.1 289.3 289.2 288.9 289.2 289.5 289.8 290.1 290.3 290.3 290.5 290.4 290.2 290 289.9 290.5 291.5 291.7 290.2 288.4 287.8 287.4 286.9 286.5 286.2 285.9 285.4 285.4 285.5 285.9 286 285.5 286.3 288 289.8 290.7 288.8 285.9 291.4 297.1 301.7 303.8 305.1 306.1 306.6 307.1 307.2 306.9 306.6 306.6 306.7 306.4 306 306.2 306.5 307.7 309.7 311.9 313.4 314.6 315.1 315 314.7 313.6 312 311.5 310.7 311.4
275.9 276.6 277.5 279 280.9 283.7 285.9 287.8 288.7 289.7 290.4 291 290.4 289.5 289.1 289.4 289.7 289.9 290.1 290.4 290.5 290.4 290.3 290.2 290.1 291.2 291.8 292.3 291.7 290.1 289.5 289.1 288.7 288.2 287.9 287.7 287.4 287.4 287.4 287.7 287.8 289.5 291.5 293.4 294.9 295.1 294.4 288.8 295.9 301.2 302.9 304.4 305.4 306.3 306.7 307 307.4 307.1 307.1 307.2 307.3 307.2 306.9 307.4 309.9 311.7 313.7 316.2 317.3 317.9 318.5 318.2 316.9 315.3 313.7 312.9 310.5 309.8
276.7 277.1 278.1 280 282.2 285.1 287.3 288.5 289.6 290.5 291.1 291.6 291.6 290.7 289.7 289.3 289.6 289.8 290.2 291.1 291.8 291.4 291.3 291.2 291.5 292.6 292.1 292.4 293.2 291.9 291.2 290.8 290.4 290 289.7 289.4 288 289.4 289.4 289.4 291.7 293.4 295.5 297.7 298.3 298.2 297.5 294.8 298.9 301.9 303.9 304.9 305.6 306.5 306.8 307.1 307.4 307.5 307.6 307.7 307.9 308 310.3 311.8 314.5 315.8 317.7 319 319.5 319.5 319.3 318.8 317.6 316.3 314.3 311.5 309 307
276.6 277.1 277.8 279.4 282.3 285.1 286.9 287.6 288.7 289.5 289.8 290.3 290.8 290.1 289.5 288.4 287.7 290.3 291.1 292 293.5 292.9 292.4 292.3 293.2 294.2 293.6 292.6 293.5 293.6 292.9 292.4 291.9 291.4 291.7 291.2 290.8 291 291.5 292.1 295.2 297.4 299.3 299.9 299.9 299.5 297.7 294.7 298.7 302.6 304.7 305.2 305.8 306.2 306.5 306.8 307 308.1 308.4 308.5 309.5 312.1 314.9 316.6 317.6 318.6 319 319.8 320.4 320 319.8 319.7 316.7 314 311.4 307.9 306.8 305.9
276.5 277 277.9 279.2 282.3 284.8 286.2 286.7 287.7 288.5 288.8 288.9 288.2 287.9 287 288.6 291 291.4 292.1 293 294.5 294.2 293.8 293.3 295.2 295.5 294.4 294.3 294.6 294.8 294.5 293.8 293.2 292.7 293.2 294.3 294.8 294.3 294.7 296 297.9 298.9 301.1 301.7 301.4 300.7 297.8 296.4 298.8 303.1 304.2 304.5 304.6 305.2 306 306.3 306.6 308 308.8 310.9 312.8 315.3 317 317.7 318.8 319.7 319.5 320.1 321.2 322.1 322.4 319.6 315.4 311.5 308.2 307.4 306.7 306.1
