webserver/python/data/NY80.asc
ncols 200
nrows 200
xllcorner 380000
yllcorner 500000
cellsize 50
[rows 35 to 69 of 200, columns 0 to 77 of 200]
326.2 327.8 328.2 332 329.9 336.7 345.9 355.8 364.6 365.2 369.8 376.1 381.3 387.9 395.5 401.8 407.8 413.7 420.5 432.5 446.6 453.3 454.5 455.3 456.2 463.6 478.2 482.1 484.1 484.4 485 483.8 484.6 484.4 485.5 487.4 489.7 490.1 490.2 493.4 499.4 507.2 515 521 525.5 527.6 526.8 526.1 526.8 527.2 527.9 530 537.5 541.5 544.1 546.6 549.3 549.6 547.3 542.9 538.4 532.7 525.1 517.7 512.8 509.7 507.9 504.8 502.8 500.2 496.8 492.7 488.8 484.8 480.8 475.6 463.4 453.7
325 322.4 325 325 327 329 344.7 352.7 350.1 358.8 367.3 371.6 379.6 386.7 394.4 400.6 406.8 415.1 423.2 434.4 450.7 454.5 455 455.9 458.9 466.9 472.9 477.1 480.5 481.7 483.1 483.9 486 486.2 489 492.8 493.6 493.4 494.5 498.3 505.7 513.4 520.7 525.6 527.5 529.3 530.1 532.1 533.5 534.1 533.7 535.5 539.2 544 546.8 550.5 552.8 552.3 548.1 542.5 537.9 533.3 526.5 520.3 515.7 512.3 508.8 505.8 503.2 499.8 495.4 491.1 486.1 475.9 472.7 472.4 473.8 471.4
319.3 321 322 329.9 339.6 335.6 331.3 351 358.1 362.4 369.8 375.4 382.3 389.4 395.5 401.3 409 418 426.6 438.7 453.7 454.5 454.9 457.9 464.6 467.3 471.2 474.8 478 481.6 484.3 487.2 488.7 492.6 498.6 498.5 497.9 495.8 499.5 504.4 512.4 519.9 524.3 527.8 530.6 532.9 536.4 538.2 538 537.6 538.6 539.6 542.5 546.9 551.5 556 558.7 554.5 550 545.4 540.7 535.9 530.4 524.9 519.8 515 510.8 507.8 503.8 499.1 493.4 491.3 488.8 486.6 484 481.3 479.9 477.9
319.4 321.5 328.8 341.3 345.3 337.1 347.4 351.7 356.9 362.1 369.1 377 385.2 392.2 399.3 404.7 411.3 419.9 432.4 447 451.6 454.6 456.4 463 468.2 469.5 471.2 475.9 479.6 484.8 487.6 493.5 502.4 504 503.2 502.4 502.4 501.7 504.8 513.8 519.1 522 525 529.3 534.8 539.5 541 541.3 543.5 542.6 542.4 545.4 547.6 551.3 556.4 560.5 560.6 556.4 552.7 548.1 544.2 540 534.7 530.2 525 519.7 514.9 510.4 506.2 503.2 499.3 496.3 493.1 489.1 487.7 485.8 483.9 481.5
321.1 329.3 341.4 349.5 346 344.1 350.5 347.2 354.6 362.9 371.2 380.5 388.3 395.8 400.5 406.1 413.5 424.8 438.1 451.1 452.9 454.5 459 466.6 469 470.5 474.1 482.9 486.9 488.4 494.4 506.1 514 509.9 507.4 507 507.1 506.7 507.6 514.7 518.3 521.8 525.7 531 537.8 541.8 543.8 544.6 548.4 550.1 551.6 552.8 554 557.7 561 562.9 561.7 559.3 555.3 551.1 547.7 543.9 539.2 535 529.8 524.7 518.3 515.2 513 508.7 504.3 500.7 497.4 494.3 492.4 490.9 489.8 488.9
326.1 340.5 351.4 352.4 351 348.8 353.8 349 358.8 365.8 376 383.9 391.1 395.9 401.4 408 415.3 427.7 436.5 446.6 451.7 456.3 464.1 467 469.9 472.5 480.7 491.1 489.5 490.8 497.2 510.6 515.2 514.3 511.8 512.3 510.5 509.6 510.9 513.7 518 522.6 528.2 535.1 540 544.6 548.8 552.8 556.5 557.7 559.4 559.9 562.5 564 565.6 567.4 566.8 563.3 558.5 554.6 551.2 547.6 540.5 538.9 534.8 531.1 524.9 523.4 520.2 516.5 512.2 509.1 505.7 503 501.1 500.1 500.2 500.7
345.1 352.5 359 364.6 350.8 359.7 353.4 353.7 358.8 369.8 378.8 382.9 389.5 396.1 403.6 410.2 420 428.6 437.2 447.9 452.2 459.2 467.4 467.8 470.4 475.2 486.5 492.7 490.5 491.8 497.2 507.4 513.9 517.7 516.1 515 512.7 512 513.5 516.8 519.9 524.6 533.1 541.6 544.2 547.9 552 558 562.2 564.9 565.8 565.8 567.1 569 570.6 573.1 570.2 565 560.6 557.9 555.4 552.4 548.9 545.2 541.3 536.6 534.1 531.1 525.9 523.7 519.2 516.8 515.4 514.2 513.9 513.7 513.1 512.7
358.2 364.9 374.8 378.2 365.5 363.7 358.3 357.3 361.5 367 374.9 380.1 387.6 397.2 404.5 410.8 420.6 433.4 443.2 448.9 451.8 459.9 467.4 468.4 472.9 477.8 491.7 491.8 491.9 493.1 498 508.3 512.7 514.7 518.1 517.6 515.9 515.5 516.7 519.1 524.3 534.3 542 545.1 545.5 548.7 553.6 559.5 563.7 567.4 569.3 569.8 570.5 571.9 576.1 576.4 572.4 566.2 561.6 559.3 558.3 555.4 551.9 548.9 544.7 542.9 539.6 538 533.9 532.1 529.5 527.5 525.9 525.9 524.9 523.7 523.5 520.5
366.8 380.2 386.6 385.4 371.3 366.8 359.5 361.4 371.1 374.1 376.4 380.8 387.2 395.9 404.1 411.5 424 437.3 446.1 448.3 450.8 460.6 467.2 469.4 474.1 479.2 491 491.4 492.5 494.1 499.8 507.7 510.5 511.7 515.6 520 521.4 520.8 521.1 525.2 537.3 545 546.2 548 550.4 554.1 558.3 561.8 566.1 569.4 570.8 571.9 575.2 577.6 579.8 579 574.5 567.9 562.1 558.8 557.6 556.1 553 550.3 549.5 547.6 545.8 544.7 542.2 540.6 538.7 537.5 536.2 535.1 534 532.4 527.4 514.7
377.4 392.1 397.7 385.4 376.7 370.6 356.4 367.6 375.6 378.6 380.9 384.3 390.5 395.7 403.1 410.8 424.4 439.7 446 447.7 451.8 464.8 467.9 471.7 475.2 480.1 490.8 491.3 493.9 496.5 504.8 511.1 509.6 511 519.1 525.9 527.5 525.2 527.3 536.4 548.2 550.4 552.6 554.9 558.3 560.9 563.2 565.7 568.9 570 572.6 577.9 581.9 582.1 581.7 579.7 575.3 569.1 562.3 560.7 558.8 556.9 555.4 554.1 553.6 553.3 552.9 551.5 550.3 548.2 546.3 545.5 544.1 543.3 540 526.2 527.6 531.5
384.3 396.8 401.2 387.2 389.5 368.2 366.4 373.7 380.4 381.8 383.9 389.3 394.1 400.6 408.6 418.9 428.2 436.7 444.8 448.2 456 465 468.3 472.9 476.2 481.5 489.8 492.9 495 501.3 511.3 515.7 513.5 520.3 528.5 531.2 532 530.2 534.5 547.3 555 557.5 559.8 562.5 564.6 566.9 569.3 570.2 571.5 572.4 579.6 582.4 583.7 584.8 582.8 579.7 573.9 569.9 564.1 561.7 560.7 560.4 560.1 560.7 561.3 560.6 559.1 556.5 554.4 552.6 551.4 550.1 547.2 539.9 537.7 540.8 538.6 533
381.5 395.9 400.8 387.1 380.9 362.5 371.7 379 385.4 386.6 389.8 394 400.4 407.3 414.6 425.8 439.7 445.7 447.7 451.2 465.8 467 470 473.5 476.7 485.9 492.1 493.9 499.5 506.5 519 519.2 520.9 532.5 539.5 537.8 536.8 537.9 540.8 547.2 561 565.2 568.1 569 572.3 575.8 573.7 573.1 573.5 578.5 581.1 583.4 586.9 588.5 585.7 583.3 580.1 573.7 569.2 568.6 567 567 567.6 568.2 567.1 564.1 560.7 556.5 553.2 551.3 548.9 546.1 542.4 546.6 547.6 545.6 541.2 533
376.7 382.6 385.1 380 371.2 367.5 376.7 384.5 389 390.4 393.3 399.3 406.1 410.9 418.5 432.8 445.8 447.7 450.7 455.9 468.8 468.7 471.6 474.4 478.8 493 493.6 497 504 511.4 524.5 523.7 529.1 541.3 545.1 541.7 541.2 541.8 549.1 559.2 564.9 569.5 572.8 576.5 582.1 579.9 577.6 575.8 577.8 579.7 582.2 586.4 590.9 591.6 589.7 583.4 584.2 582.5 579.9 577.3 575.3 574.3 574.2 571.6 567.5 562.3 557.6 552.6 549.8 548.4 550 551.6 552.6 552.7 551.1 547.2 543.3 541.2
370.6 376.3 377.3 374.8 366.8 372.3 380.7 386.5 391.9 394 396.4 403.1 409.7 414.4 422.7 439.9 449.5 450.2 453.4 464.5 469.1 471 473.9 475.4 481.6 491.9 494.1 500.3 507.7 516.5 527.9 528.4 537.2 548.9 548.4 545.2 543.9 547.9 558.5 565.5 566.8 571.4 575.8 582.3 584.7 581.3 579.2 578.3 579.9 582.9 587.3 591.6 593.7 594.5 590.6 595.3 594.7 592.2 586.9 582.8 581.3 578.9 574.2 569.3 563.7 559.3 556.3 553.9 554.6 555.6 557.2 558 557.7 557.6 555.4 554.1 551.4 549.8
366.5 371.6 372.6 370.4 368.4 372.6 380.6 387.3 393.8 397.4 401.9 405.7 412.1 418.4 426.2 441.5 453.9 453.2 456.8 469.4 469.9 472.6 475 476.5 482.2 492.1 496.3 502.9 509.1 521.5 538.6 535.2 542.9 554.1 552.2 549 548 554.6 564.1 569 566.6 571.5 577.3 583.7 584.9 583.7 583.2 582.6 585.5 591 594.9 595.7 596 594.4 596.4 601.4 599.2 594.8 587.9 583.6 580.8 577.7 572.3 573.1 570.9 567.8 564.5 556.6 562.8 565.6 566.2 564.6 564.3 564 562.5 560 559.1 557.5
364.9 369.4 371 370 371.5 374 379.8 387.2 395.2 401.7 406.8 409.5 414.8 421.4 429.1 440.5 456.3 456.5 460.2 470.4 471.4 473.4 475.5 477.4 484.5 495.7 500 506.4 510.9 527.8 539.6 540.4 548 556 555.6 553.1 553.5 562.1 569.4 570.2 570 571.3 574.9 582.4 586.6 587.3 587 588.7 593.5 597.7 599 599.2 595.7 599 598.5 600.3 597.9 592.8 587.1 582.8 577.7 578.5 579.3 579.7 578.7 576.4 569.6 565.1 572.6 574.5 573.7 572.3 572 569.8 567.7 563 564.8 565.1
369 372.7 371.3 371.3 375.3 378.4 380.6 385 395.8 403.6 409.1 411.8 416.1 423 430.7 441.1 454.3 457.3 460.8 469 472.5 475 477.4 480.3 489.5 499.4 504.4 510.4 515.7 531.4 541.6 543.8 550.3 557.9 559.5 555.1 558.3 567.1 572 572.1 571.4 572.6 575.1 579.6 587.4 591.1 591.9 594.1 599 601.2 600.9 600.3 599.4 600 600.8 599.8 596.7 591.2 586.6 583.1 583.1 585.3 586.2 586.7 585.7 575.7 569.7 580.4 582.3 581.8 580.5 578.8 576 573.6 570.9 569.9 571.2 570.5
372.7 374.1 372.5 375.8 380.5 383.3 390.1 394.4 397.8 403.7 409.7 412.2 416.8 423.7 430.5 437.6 448.8 456.1 460.2 468 472.1 477.4 479.5 482.8 493.7 502 507.6 513.1 518.7 532.4 543 546.5 552.3 559.5 560.5 557.8 561.7 569.4 573.6 572.8 573 573.8 575.7 580.8 588.2 593.1 597.2 600.4 602.1 601.9 601.7 598.8 600.4 602.4 602.7 600.4 596.6 591.8 587.3 588.5 590.3 591.7 591.2 590.4 589 574.2 586.4 589.2 590.3 588.2 584 581 578.3 575.3 574.9 575.9 575.9 573.7
378.6 375.3 375.1 381.8 386.2 389.9 396.3 399.1 399.4 402 407.9 410.5 415.9 425.9 431.1 436.8 445.7 453.3 456.6 462.7 470.4 477.5 480.1 484.3 492.9 501.2 509.7 515.1 520.6 530.9 542.7 548.3 552.1 559.2 561.3 560.5 564.7 569.8 573.3 573.6 574.3 574.5 578.1 583.9 589.7 597.1 601 602.6 603.6 603.8 603.1 602.3 604.4 604 604.5 602.3 597.4 592.3 591.5 593.5 595.2 593.8 591.1 585.4 584.8 590.3 593.7 596.4 594.9 589.4 583.9 581.1 578.5 578.4 579.8 579.7 577.3 574.4
380.9 378.5 379.3 387.9 392.5 396.9 401.1 402.6 405.1 407.1 407.8 411.5 419 426 430.8 436.3 443 450.6 454.6 458.9 466.4 474.4 478.5 483.4 491.4 498.9 508.7 515.4 521.2 529.9 541.8 546.9 550.7 557.6 560.6 561 566.1 571.5 574.1 574.4 575.1 575.9 580.9 586.2 590.9 596.9 600.6 603.4 607.4 607.2 606.7 606.8 606 607 605.1 600.5 596 594.8 595.6 597.7 596.3 593.4 589.6 591.4 592.1 596.5 600.1 599 592.8 586.5 582.5 579.9 581.9 583.3 582.3 580.7 577.7 573.4
380.6 382.7 383.9 393.8 400.2 402.6 405.4 406.9 409.5 409 408.8 414.1 421.5 426.1 431.7 437 442.5 447.8 453.2 458.7 464 470.6 476.5 482.3 489.8 498.1 506.9 513.8 520.5 529.4 540.6 545.9 548.5 555.2 559.2 560.6 565.3 573.4 576.4 575.4 577 578.2 582.9 587.1 589.5 595.4 600.9 605.6 610 611.6 611.9 608.9 608.9 608 604.7 600.1 598.4 596.9 598.6 598.7 596.7 593.5 591.1 593.7 597.1 600.5 600 594.2 588.4 583.3 581.6 584.6 585.9 584.8 582.5 580.1 578.4 577.6
382.1 386 388.1 398.2 405.2 407 410.1 412.6 413.9 411.1 412.7 416.5 424.1 428.3 433.1 438.6 444.1 449 453.3 457.8 461.9 467.6 475.2 482 490.2 497.6 505.7 512.1 518.6 529.1 538 543.3 544.5 551.6 555.4 559.7 564.2 576.6 578.3 577.8 577.9 581 584.8 586.7 589.1 594.2 603.3 609.1 613.4 616.8 613.9 612.7 611.5 607.9 605.5 601.9 601.4 600.9 601.3 600.7 597.2 593.9 594.8 596.7 600 599.8 596.2 590.9 585.6 584.5 587.7 587.7 586.7 584.3 580.3 581.5 580.9 578.4
384.5 387.6 391.1 402.5 405.9 411.8 413.5 416.8 418.9 417.4 415.7 419.3 425.2 429.1 434.4 443.1 447.4 451.8 455.3 458.7 463.3 469.4 475.1 482.2 490.3 497.5 504.2 510.6 517.1 524.7 532.7 537.7 541.8 548.5 554.1 557.8 563.7 573.9 577.1 578.6 579.5 582.7 585 587.3 590.5 598.4 605.5 611.6 615.1 616.2 617.2 617.2 613.4 611.3 608.1 605.6 607 605.2 604.8 600.9 597.5 597.4 598.8 601 600.7 597.5 593.1 589.1 590.7 591 591.5 589.1 586.2 581.9 583.4 583.5 580.6 577.3
386 387.3 391.6 403.8 408.4 414.1 415.2 420.5 423.8 417.9 418 421.7 426 430.2 437.6 444.2 448.6 453.2 456.7 461 467.7 472.2 477.4 485.2 490.6 497.9 503.7 510.7 517.5 525.1 531.4 537.1 544.5 549.4 554.4 560.1 565.4 574.1 579.3 580.1 581 583.2 584.4 587.5 591.3 599.9 606.6 612.7 615 615.7 618.2 617.7 616.6 613.3 609.3 607.7 610.9 610.2 605.7 601.2 598.5 602.1 602.9 602.1 599.5 597.8 596.6 595.6 595.6 593.7 590.8 587.9 586.6 585.3 584.9 583.1 579.8 575.9
382.1 385 393.4 400.5 407.3 413.9 417.4 424.6 422.9 418.9 420.2 423.7 427.4 433.4 441.1 444.3 449.5 453.8 457.7 464.9 471.8 474.7 480.5 485.9 490.4 498.6 505.9 511.6 519.7 527.4 534.7 540.9 546.3 551.9 557.4 563.3 568.4 578.3 580.4 580.8 582 583.1 583.8 585.6 590.9 598.6 606.9 613.9 613.4 614.7 616.3 617.2 618.4 614.4 610.9 610.6 613.2 610.1 606.7 602.1 605.2 605.8 604.7 604.2 602.8 601.7 600.5 600 599.7 595.6 591.3 588.2 585.9 587 586 583.6 580.1 577.8
376.9 383.4 388.1 394.3 402.8 409.9 416.9 423 420.9 419.4 421.5 424.2 428.8 438.6 442.6 443.7 449.3 455.3 459.8 469.5 472.9 478.1 481.1 483.8 489.8 499.9 507.7 514.2 522.4 529.7 536.7 543.3 549.6 554.4 560.4 566.3 573.3 580 581.6 581.6 581.8 582.3 583.2 585.5 590.4 598.5 608.5 613.1 612.9 614.2 616.5 617.6 618.5 615.8 613.3 613.1 613.1 611.2 607 607.8 608.9 609 606.7 607.4 606.2 604.1 603 604.7 602.3 597.3 592.5 589.3 589.6 588.2 587.8 584.5 581.7 578.2
375.6 378.8 382.8 390.5 397.8 405.2 416.4 423.7 419.2 420 422.1 425.4 433.8 439.6 436.8 445.2 450.1 449 463.2 469 475.5 480.3 481.8 483.7 491.1 502.5 509.1 515.6 524.4 532.6 539.5 547.6 551.9 555.6 562 567.7 574.3 581.3 584.2 581.6 579 580.9 582.9 585.9 591.4 600.5 611.9 612.2 612.8 612.9 616.4 619.1 620.4 620.2 618.4 619.5 617.7 613.9 609.6 611.8 611.6 610.5 610 610.2 607.5 606.4 604.7 604.8 603.4 600.1 597.5 595.8 594.6 593.2 588.9 585.1 582.7 582.4
367.7 371.1 377.4 384.3 391.9 397.8 412.3 417.2 416.2 416.6 422.7 425.6 427.8 435.6 441.7 449.4 455.3 461.2 460.1 468.9 474 477.3 476 480.6 492.7 503.8 510.3 517.8 526.2 533.6 543 548 551.1 556.8 562.7 567.7 573.6 578.9 583.2 578.8 576.7 580.8 583.2 587.2 595 602.2 610.9 610.2 614.3 616.3 619 622.9 624.3 624 624.2 623.6 619.7 615.3 614.1 614.9 613.3 612.4 613.2 610.6 607.5 605.1 605.5 605.3 606.4 604.7 603.9 602.3 600.4 596.2 591 588 585.8 584
358.9 360.3 364.5 373.3 382.5 388.3 400 411.1 407.6 419 418.7 424.1 431.7 438.3 445.7 452.7 459.3 467.4 469.1 468.6 472.8 478.2 481.7 486.3 490.8 495.6 510.1 518.6 528.1 537.4 543.7 546.4 549 552.6 556.7 567 571.3 574.4 577 574.3 577.2 582.5 587 591.9 598.1 601.6 604.5 611 616.4 620 622.6 625.9 626.8 626.2 627 624.5 620.4 616.7 617.8 615.2 613.7 615.8 615 612.1 608 607.7 606.9 608.9 609.5 609.3 608.3 606.2 602.1 597.3 592.4 588.3 586 583.9
347 346.1 348.9 358.3 370.5 379 386.2 394.4 410.3 413.7 419.7 425.7 435 441.8 451 457.7 465.6 469.4 470 472.4 477 483.1 483.3 487.2 497.2 507 505.9 522.6 529 538.3 542.3 543.8 546.5 558.1 564.3 557.5 563.1 566 572 575.1 581 588.3 591.7 596.1 600.9 606.8 611.2 617.3 622.3 625.4 626.9 625.8 624.4 623.8 623 621.1 619.8 620.5 618.3 615.3 615.4 617.8 616.9 614 610.8 609.4 610.1 610.7 611.1 610.3 608.9 606.3 602.6 597.3 586.3 581.8 581.9 580.3
326.7 329.8 333.2 343.2 356 368.2 374.1 383.9 401.9 393.9 415.4 423 435.3 443.4 453.2 460.6 469 469 471.4 476.3 480.8 483.9 486.8 491.6 503.7 512.3 519.8 516.5 524.6 536.6 538.7 544.3 550.8 560.8 566.4 570.3 572.1 573.4 576.1 578.8 585.3 594.1 595 601.4 604.1 609.5 614.3 621.8 627 630.2 628.5 625.3 623.1 621.5 621.3 621.8 623.5 622.7 617.5 615.7 616.9 619.2 616.9 614.6 612.6 612.5 611.5 610.2 608.9 607.9 607.4 605.4 601.3 591.6 580.6 575.7 578.6 573.6
337.3 342 342.4 337.3 339.8 351.5 366.8 374.6 381.8 391.2 408.2 415.1 424.3 437.3 447.4 460.4 468.1 467.4 472.6 478.9 482.5 484.6 490.2 500 503.5 512.7 520.2 527.3 534.2 538.4 538.4 542.6 552.1 559.9 567.9 571.3 574.1 575.5 578.7 581.5 589.7 596.7 598.9 606.2 609.4 613 616.5 623.5 631.5 632.6 629.6 626.2 623.7 622.6 623.8 623.6 622.1 621.3 617.8 615.8 619.4 617.8 615.5 613.3 612.6 612.6 609.7 607.7 606.5 605.4 604.9 603.9 599.5 597.2 593.1 589.5 585.3 582.8
347 357.2 356 348.4 338.6 341.9 355.1 363.5 373.3 384.8 397.2 406 413.3 424.9 438.1 449.9 461.1 464.6 473.2 481 483.3 488.4 498.4 502.3 509.8 517 520.8 528.3 534.2 539.3 544.3 548.5 554.3 563.4 566.7 571 574.3 576.4 579.8 585.3 594.3 600.5 605.9 611.5 614.2 617.9 624.2 626.3 634.8 639.3 633.7 626.4 623.8 623.8 625.4 623.9 621.1 620.1 616.6 615 617.9 616 612.9 611.5 611 609.4 607.2 605.6 604 603.1 602.5 601.4 601.1 599.3 595.3 592.3 589.8 587.3
352.3 359.9 365.5 362.3 357.5 350.5 343.8 351.5 365.7 372 382.2 393.7 402.6 411.7 427 439.3 451.3 461.3 473 480.6 487.7 493.2 499.5 502.1 511.8 519.4 524.1 528.9 534.3 538.6 545.3 552.6 561 567.4 569.4 570.4 572.7 576.8 581.6 587 597.1 603.8 613.5 615.4 617.4 622.2 632.3 635 640.1 648.5 647.6 632.2 625.6 623.6 624.7 624 624.9 621.2 613.3 610.9 613.9 611.8 610.3 609.1 608.3 606.6 604.9 603.3 602.9 604.4 605.4 606.2 603.4 600 596.3 595.2 593.6 589.2
359 363.3 366.9 366.4 367.8 363 352.2 344.4 352.9 363.7 368.9 379.3 390.2 402.3 413.3 426.8 440.3 455.4 468.7 481.9 488.4 494.9 499.9 504.6 514.7 519.3 524.6 529.8 534.9 538.2 546.3 555.9 562 568.2 569.4 573.2 576.7 579.4 582.5 590 598.6 606.7 616.2 618.3 620.4 628.9 639.7 641 647.2 653 648.1 639.2 636.9 634.1 629.4 627.4 627.2 620.6 613.1 609.4 609.5 609.1 607.3 606.1 605.7 604.4 604.3 605.9 606.4 607.1 607.9 606.4 603.7 600.5 597.4 596.4 593.8 588.9
