webserver/python/data/NY82.asc
ncols 200
nrows 200
xllcorner 380000
yllcorner 520000
cellsize 50
[rows 105 to 139 of 200, columns 0 to 77 of 200]
687.3 692.8 698.3 704.8 709.8 716.8 723.3 729.4 736.4 744.2 751.5 758 763.5 769 773.3 776 776.6 774.3 770.9 765.8 763.4 762 756.9 754.2 750.8 746.7 746.7 742.8 739.9 742.2 731 731.3 731.7 730.7 730.6 727.2 724.9 724.7 726.2 728.6 732.4 747.1 752.2 749.9 751.6 753.2 754.1 753.4 753.7 754.3 753.9 751.4 747.4 743.1 739.2 733.2 726.8 720.7 714.9 706.7 699 695 692.2 689.2 686.8 684.4 681.8 678.3 675.6 672.9 670.2 665.9 653.8 641.6 646.2 647.2 651.3 653.6
694 699.5 705.3 712 718.2 725.1 731.7 739.1 748.5 755.6 762.6 767.4 774.3 779.5 782.2 781.1 776.5 762.6 761.5 761.7 753.1 751.4 750.2 748.2 746.1 739.1 730.3 728.9 726.8 723.4 721.8 720.3 719.1 718.3 718.7 717.6 716.7 716.3 717 718.9 723.2 728.2 736.2 743.1 747.3 752.1 752.7 752.2 753.3 755.2 755.8 753.2 750 745.9 741.3 736.1 730.3 724.5 717.5 710.3 702.5 696.3 694 691.6 689.2 686.9 683.5 679.9 677.2 674.5 671.3 667.9 659 650.5 639.4 635.6 636.9 640.7
701.4 707.4 713.3 719.6 726.5 733.5 740.2 746.5 754.9 765.7 774.7 780.2 784.6 785.5 782.4 776.9 769.2 756.2 755.7 752 740.2 744.7 742.7 741.1 733.7 724.3 717.6 714.2 711.5 711 711.7 709.8 707.5 706 706.7 706.8 707.8 708.1 708.4 712.5 717 721.7 725.4 730.2 737.1 746.2 748.9 748.7 751.2 754.1 755.4 755.3 752.3 748.7 743.6 738.3 733 726.8 719.9 713.4 704.6 697.8 696.5 694.1 691.7 688.9 685.3 681.6 678.9 675.6 672.4 669.3 661.3 653.7 645.8 631.6 625.5 627.4
708.7 715.5 721.4 727.9 733.1 738.4 745.3 754 763 775.3 781.8 785.9 787.4 785.2 778 774.7 754.7 741.3 736.2 744.9 740.8 729.2 723.2 718 710.7 701.8 702.4 702.6 700.9 701 701.3 700.6 699 697.4 698.9 700.9 700.7 701.5 703.2 707.3 711.9 715.6 717.8 721.2 726.2 732.2 738.2 742.8 747.5 751.1 754.3 755.9 754.2 750.5 745.6 740.1 734.2 728 721.4 714.5 706.4 700.2 697.7 696.6 694.2 690.7 687 683.3 680.3 677.3 674.3 671.1 663.8 656 648.3 639.5 624.8 615.8
716.8 722.5 729.7 739.2 748.1 749.3 754.9 763.5 771.1 781.2 786.2 788.6 786.6 778.8 774.3 763.7 747.9 734.1 727.7 725.1 725.2 718.3 712 703.9 695.1 685.9 687.8 692.8 694.9 694.7 694.6 694.1 693.8 693.2 694.2 696.2 696.3 696.2 698.7 703 707.6 711.2 713.9 715 718.2 723.5 729 734.5 738.6 748.7 753.2 755.4 754.6 751.9 746.9 741.3 735.4 729 721.9 715 708.3 702.6 699.2 698.4 696.1 692.4 688.6 684.5 681.7 679.4 676.3 671.9 663.9 656 649.3 641.8 632.1 618.9
723.7 732 741.5 748.7 753.9 757.9 765.3 772.6 779 785.6 787.3 787.5 783.7 774.9 763.7 752.4 745.2 733.2 722.2 719.2 715.1 707.9 699.5 692.3 685.3 680.9 682 685.2 688.2 688.7 689.1 689.1 688.7 689.5 690 692 692.4 692.9 694.2 698.1 702.6 707 709.6 710.8 711.2 715.3 720.8 726 729.2 736.9 744.7 753.2 754.5 751.9 746.9 741.9 736.4 729.7 722.5 715.4 710.4 705.1 702.5 700.8 697.8 693.8 689.7 685.7 682.6 679.6 676.2 672.8 664.4 656.4 649.6 642.6 634.2 623.3
733.4 740.2 748.1 753.2 761.2 768.1 774.7 780.5 785.9 787.6 786.8 781 775.8 767 754.1 747.2 745.2 722.8 717 712.6 707.1 700.6 695.4 688.8 684 678.3 677.7 681 682.8 682.7 682.8 683.4 683.8 677.9 683.9 686.1 686.9 687.2 690.6 695.4 699.6 704.2 705.9 706.8 706.6 708.1 710.7 714.6 717.2 723.4 731.6 739.1 746.9 749 745.9 740.9 735 728.9 721.9 714.8 711 707.5 704.5 701.6 698 694 690 686 682.7 679.6 676.3 672.6 664.1 656.1 650.4 643.3 635.2 627.5
741.2 746.6 752.2 761 770.1 774.5 781.4 785.7 786.2 787.5 784.3 775.7 769.2 756.5 747.6 742.2 724.6 708.8 709.9 705.5 701.6 695.6 689.8 685.4 681.4 676.6 674.7 676.3 677.4 677.2 677.1 676.9 677 673.5 676.6 678.1 679 681.6 684.9 690 694.9 702.4 703.5 703.7 700.4 698.4 700 703.1 706.8 713.7 721 726.1 730.3 733.9 736.5 737.1 733.5 727.2 720.7 714 709.4 705.5 702.6 699.5 696.2 692.5 688.5 685.1 682.2 679.2 676.1 671.9 664.2 655.8 650 643.8 636 628.1
748.2 754.6 761.8 769.9 775.6 781.7 785.8 786.6 786.9 785.3 776.8 771.7 764.4 749.9 743.4 722.9 709.8 699 699.9 699.8 696 689.5 685.3 681 678.1 675.2 672.1 671.5 671.8 671.1 671 670.8 670.6 670.9 671.6 672.3 671.7 676.8 680 683.4 688.5 698.3 702.7 700.5 694.5 690.2 690.5 692.7 695.9 701.3 707.6 714.6 719.3 724.1 729.2 731.2 730.1 725.4 719.2 712.7 707.4 703.5 700.6 697.3 694 690.8 687.5 684.5 681.6 678.6 675.6 671.3 664.8 656.9 649.7 643.8 636.8 627.7
755.3 760.4 768.2 773 781 784.9 786.2 785.7 784.6 777.9 770.9 765.5 754 743.9 722.6 710.6 699.1 692.3 691.9 693.3 687 680.6 677.2 675.9 673.4 671 669 666.3 666.6 665.7 664.7 664.4 664.6 661.8 665.1 663.9 668.4 672.2 675.7 678.9 681.8 685.8 691 689.5 686.8 684.7 684.9 685.3 686.9 690 694.9 701.1 707.4 715.1 722 724.5 725 722.4 715.5 709.2 704.7 701.1 699.7 696.7 693.7 690.7 687.2 684.2 681.1 678.1 675.1 671 665.3 658.5 651.5 644.7 637.8 629.9
760.5 766 771.8 778.5 783.8 784.1 784.7 783.1 778.2 771.1 765.6 757.4 747.8 733.3 711.5 698.8 694 688.5 686.6 685.2 676.9 670.2 668.8 670.2 668.5 666.2 664 661.2 660.6 659.4 658.6 659.1 659.6 658.9 659.5 659.2 664.5 667.5 671.5 674.6 676.8 678.6 679.3 680.7 681.3 680.1 680.8 681.2 682.5 684.9 687.1 690.4 694.6 700.7 708 712.8 714.4 712.7 709.1 704.8 701.8 699.5 698.5 697 693.9 690.5 686.9 683.9 680.9 677.9 675.7 671.9 666.5 659.8 652.8 646.1 639.4 632.2
764.4 768.9 775 778.6 781.6 781.1 779.3 773.4 769.8 764.2 756.6 748.5 743.2 717.5 701.3 693.7 689.9 686.1 682.2 678.1 669.6 661.4 662.3 664.1 663.3 660.8 658.4 654.6 653.8 653.9 654.6 655.2 655.2 654.9 655.2 657.6 661.2 664.1 667.1 670.2 671.8 674.5 675.5 675 675.8 675.6 676.4 677.1 678 680.4 682.6 684.7 687.6 691.8 696.3 698.6 700.8 702.2 701.9 700.5 699.2 699 697.4 695.8 694 690.4 686.7 683.6 680.9 678.7 676.4 672.8 668.4 661.1 654.3 647.9 641 633.8
764.9 767.8 770.3 760.8 768.5 768.1 767.4 765.1 759.6 753 747.1 739.9 720.9 705.2 694.7 690.6 687.2 683.4 679.5 670.4 664 657.2 656.3 657.5 658.1 656.3 654.5 650.2 650.2 650.8 651.3 651.7 652.1 651.7 652.1 654.2 658.7 662.3 665.1 667.6 669.5 670.5 672.1 670.9 670.3 671.1 671.9 672.7 673.6 675.4 677.1 678.8 682.2 684.9 688.5 692.4 694.5 696.3 697.1 697.4 696.5 695.9 695.9 693.8 691.4 688.9 686.5 683.8 681.6 679.4 677.2 673.8 669.5 663.3 656.1 649.7 642.6 635.4
757.7 756.9 757.4 741.2 745.2 755.4 754 747.9 745 741 727.6 715.4 704.3 694.4 690 687.6 684.5 680.7 675.9 667 656.9 655.1 652.9 653.8 654.1 652.7 651.2 648.4 647.5 647.7 648.1 648.4 648.1 645.9 648.1 651.2 655.4 660.1 663.4 665.7 667.2 668 668.2 666.9 666.4 667.1 667.3 668.2 669.4 670.4 671.3 673 675.4 678.3 681.6 686.2 688.2 690.9 692.4 693.1 693.6 692.8 692.9 691.6 689.4 687.2 685.8 684.3 682.2 680 677.9 674.9 670.6 666 658.9 651.4 644.3 637.4
724.1 726 729.3 730.3 729.1 732.3 733.7 728.7 719.4 710.6 703.5 697.4 694 688.4 685.9 684.1 682.2 678.7 672.1 661.9 653.8 650.1 647.1 649.4 650.2 648.8 647.6 646.7 645 644 644.2 644.1 644.2 643.4 646.4 649.2 652.7 656.5 659.9 661.6 662.6 663.6 663.5 662.5 661.5 661.8 663 664.2 665.4 666.5 667.4 668.2 669.8 672.5 675.9 679.7 682.8 685.5 687.7 688.3 689 689.7 690.1 690.1 688.3 686.9 685.7 684.7 682.5 680.4 678.3 676.3 673.2 669.5 662.8 654 646.3 639.4
695.6 698.5 702.9 710.2 707.6 706.7 705.2 702.8 698.8 695 689.3 683.9 684.1 683.6 683 681.7 680 676.8 667.5 657.1 648.7 646.6 645.2 645.5 646.5 645.3 644.1 643.2 642.5 639.8 638.9 638.1 637.3 641.2 643.9 646.8 649.5 652.8 656.2 657.4 658.2 659.3 658.9 657.8 656.6 657.8 658.9 660.1 661.3 662.5 663.7 664.9 666 668.4 671.7 675.4 677.8 680 682.7 683.6 684.7 686.3 687.7 688.3 687.8 686.9 685.6 685 682.9 680.9 679.4 677.4 674.3 671.6 668.2 659.3 651.2 644.6
676.3 680.4 684.9 689.6 696.2 688.3 686.9 687.6 687.2 685.2 681.6 678.5 680 680.5 680.6 679.6 678.1 671.1 661.1 651.3 644.7 644.8 644 643.9 642.7 641.7 640.6 639.7 639 638.2 633.8 631.3 633.2 637 640.5 642.2 645.6 649 652.4 653.2 654 654.9 654.1 652.8 652.5 653.7 654.8 656 657.2 658.3 660.4 661.6 662.8 664.5 667.4 671.3 673.7 675.8 678.2 680.1 681.7 683.3 684.9 685.8 685.7 685.6 685.5 685.4 683.5 682 680.5 678.6 676.8 674.9 673.1 666.6 658.3 650.5
665.1 666.7 673.9 678 677.3 676.1 676.8 678 677 677.8 676.6 677.6 677.3 677.7 678.4 677.4 674.8 666.2 653.5 645.5 642 640.8 638.7 639.6 638.3 637.5 637.5 636.7 635.8 633.8 626.2 623.2 627.6 630.4 633.2 634.9 637.1 642.7 645.9 646.7 647.6 648.8 648.8 647.8 648.4 649.6 650.7 651.9 653.1 654.8 657.4 659.4 661.1 662.7 664.5 667.3 670.3 672.9 675.6 677.7 679.3 680.9 682.6 684.4 685.2 685 685 685.2 685 683.5 681.9 680.6 678.8 677 675.4 672.5 665.4 656.9
666.2 662.2 666.2 668.5 669.1 667.8 668.1 668.8 666.6 667.7 670.3 671.4 673.1 675 674.8 673.4 669.8 659.8 646.1 640.3 638.8 637.6 636.1 635.1 636.6 636.1 635.6 634.8 631.5 626 618.3 623.1 619.9 622.6 624.3 624.3 624.1 634.8 638.8 639.9 640.9 642.7 643 643.9 645.3 646.3 647.3 648.3 649.7 652.8 655.4 657.6 659.3 661 662.8 664.6 667.5 670.3 673 675.2 676.9 678.6 680.4 682.2 683.9 684.5 684.4 685 685.6 684.8 683.5 682.3 680.8 678.9 677.1 675 669.9 661.9
665 661.6 660.5 661.9 662.3 663 659.2 658.4 657.8 659.4 663 664.7 667 667.2 666.2 666 662.8 651.8 641.5 636.6 633.4 634.2 632.5 633.7 633.6 633.5 633.3 631.6 626.6 619.5 614.3 619.3 611.9 616.4 616.5 616.7 617.4 627.5 630 633.2 634.6 636.5 639 640.9 642.9 643.9 644.9 646.2 648.2 650.8 653.3 655.5 657.6 659.3 661.4 663.6 665.5 667.9 670.5 672.9 674.6 676.4 678.1 679.9 681.7 683.5 684.1 684.7 685.4 685.6 684.2 682.8 681.7 680.6 678.7 676.6 671.3 663.7
661.7 659.7 658.4 659.5 660.4 661.4 658.9 654 649.9 650.3 654.9 658.7 659.1 658.3 657.2 655.1 650.5 644.8 637.6 632.1 632.9 631.9 632.1 632.7 632.2 631.7 631 627.3 621 615.8 607.5 611.6 609.4 609.3 609.4 610.4 611.8 616.5 619.7 623.3 627.4 630.6 633.8 636.9 640.1 641.6 642.9 644.7 646.7 648.7 651.3 653.4 655.8 658.4 660.8 662.7 664.7 666.6 668.5 671.2 673.1 674.8 676.5 678.3 680 682.1 683.9 684.6 685.2 685.5 684.4 683 682 681 679.9 678.1 673.2 665.8
658.1 657.6 655.7 657.1 657.5 657.6 657.9 655.3 650 640.2 644.9 648.9 649.4 649.1 647.8 646.4 642.6 638.9 633.1 630 630.3 629.6 631.9 630.7 630.7 629.8 626.9 620.9 612.8 607.6 602.8 603.9 602.3 601.1 602.9 603.8 604.8 609.2 611.6 614 617.5 620.9 624.9 629.3 633.6 638.1 640 642.4 644.6 646.9 649.5 652.1 655.1 657.8 660.2 661.8 663.8 665.6 667.2 669.3 671.5 673.2 675 676.9 679 681.5 683.3 684.4 685.1 685.4 684.6 683.1 682.3 681.4 680.3 679.4 676.8 668.8
657.5 655.6 654.2 656.4 655.3 651.8 651.6 650 646.5 639.7 638.2 638.7 639.8 639.2 638.6 639.8 638.7 635.3 631.5 628.2 628.9 629.3 628.2 628.4 628.9 627.7 620.8 611.2 602.8 598.2 595.2 595.5 595.2 592.9 595.2 596.9 597.9 601.6 604 606.5 609.4 612.1 616.5 621.1 626 631.2 636 639 641 644.2 647.9 651.2 654.5 657.3 659.3 661 662.8 664.6 666 668 669.9 671.9 673.9 675.9 678.7 681 682.8 684 684.9 685.2 684.6 683.4 682.6 681.7 680.8 680.3 677.3 669.9
655.3 654.1 652.7 650.4 648.6 646.3 643.6 642.6 640.4 637 634.2 633.4 633.1 633.4 635.5 635.8 634.7 631.8 629.9 627.4 626.8 626.4 627.1 627.4 627.5 626.2 618.6 603.6 596.2 591.7 589.4 588 588.8 584.2 587.6 589.3 591.1 594.5 597.7 600.9 603.6 604.4 607.6 611.8 618 623.2 627.4 633 638.6 641.7 645.2 648.2 651.3 654.1 658.4 660 661.8 663.6 665.1 666.5 668.5 670.2 672.9 675.9 678.1 680.5 682.3 683.5 684.6 685.1 684.5 683.7 682.9 682.1 680.8 677.9 672.3 662.7
655 652.9 649.2 642.9 640.1 637.2 634.5 634.4 635.9 634.9 633 631.3 629 628.9 631 631 630.9 629.7 627.7 625.9 626 625.6 626.1 626 626 625 616.9 601.4 590.8 585.1 583.2 581.6 582.2 579.8 580.7 582.3 585.7 590.3 593 595.9 598.8 600.4 601.5 604.2 608 613 616 619.3 626.9 635.6 641.3 645 646.9 645.3 648.2 655.1 659.9 661.8 660 659 655.6 655.9 658.9 661 666.4 674.7 679.1 680.8 682.2 682.8 682.8 681.5 680.1 679.6 674.9 666.4 660.9 655.9
652.7 649.8 646.2 636.5 633.1 630.4 628.6 633.2 633.9 632.9 631.2 628.9 628.7 626.9 627.7 628.1 628.2 628.1 626.6 625.9 624.3 624.7 624.8 624.8 624.8 623.3 611.5 597.6 587.5 577.2 577.3 576.2 577.8 576 575.7 577.1 579.9 584.3 587.8 591.6 594.9 597.3 598.7 600.2 601.8 604.5 606.8 609.2 614.4 620.1 623.6 628.8 636.6 636.4 634.9 641.4 648.7 647.3 647.2 643.6 642 642.6 646 649.1 655.5 654.9 658.7 663 666.4 668.7 666.3 664.5 664.2 663.6 659.7 656.6 654.4 651.5
650.8 645.9 641.6 635.1 628.4 624.9 626.3 628.1 629.2 631.4 630.3 627.1 624.5 623.1 624.2 625.2 625.6 626.2 626 624.8 624.1 623.4 623.4 623.4 623.5 621.8 609.9 593.9 584.8 576.3 573.2 572.9 573.9 572.3 570.4 573.2 576.2 580.2 584.5 588.2 591.7 594.9 596.5 597.5 596.3 598 600.5 602.3 604.9 608.6 611.4 614.1 616.5 621.4 622.5 629.6 634.2 635.6 634.9 631.1 629.7 632.3 635.1 638.7 643 644 646.1 650.5 651.5 652.6 652.2 652.5 653.3 652.9 650.6 649.9 649.1 646.8
645.6 642.2 638 632.7 627.8 624 622.6 622.8 624.9 626.7 628.2 627.1 624.3 620.7 619.9 620.6 621.5 621.5 621.1 621.9 622 621.8 622.2 621.9 622.5 619.5 607.7 593.6 586 580.1 573.3 571 572.1 571.7 569 568.3 572.2 575.7 580.9 586 589.4 592.2 594 593.6 592.2 592.1 594.3 596.9 598.9 600.8 603.1 605.4 606.4 610.5 614.6 620.1 624.5 626.1 624.6 621.1 620.8 623.8 625.8 628.8 631.7 633.6 636.1 639.4 641.9 642.4 643.3 644.5 645.5 644.8 644.3 643.8 643.3 642.1
641.7 639 636.4 631.7 629.4 626.1 622.7 621.9 620.9 622.8 624.6 625.7 624.8 620.9 612.9 610.8 614.1 614.6 614 614 613.1 613.8 618.1 620.5 619 614.2 603.2 589 585 581.1 576.4 573.5 568 567.9 565.7 563.7 567.7 571.8 577.1 582.1 586.7 589.1 590.6 589.1 588.3 586.1 589.1 592.6 595 597.3 599.4 601.3 602.3 603.6 606.6 611.7 616.4 617.3 616.2 613.7 613.9 617 619.4 622.5 625.9 628.6 629.3 631.7 633.1 634.8 636.2 637.4 638.5 638.8 638.3 637.8 637.3 636.8
638.2 636 634.2 632.2 628.1 627.2 624.6 622.4 620.4 618.8 621.3 622.5 622.2 620.7 616.3 607 605.7 607.5 607.2 606.1 604.3 603.6 607.6 614.9 615.6 609 598.5 590.4 585.2 581.9 578.7 574.7 570.7 565.4 560.3 557.2 562.3 567.2 571.6 576.3 581.1 584.8 585.4 584.4 582.1 578.6 585.1 588.8 591.5 593.8 595.8 597.7 599.1 600.1 602.5 605.3 608 610.5 609.8 607.8 607.9 610.2 612.9 616.3 619.7 623.1 624.6 624.9 626.2 628.1 629.8 630.9 632 632.8 632.3 631.8 631.3 631.2
635.2 633.5 632 629.3 626.2 625.2 624.3 623.2 620.5 619.1 619.3 620.3 621 620.5 618 612.3 603.6 602.4 602.1 602.5 601.1 598 596 597.6 602.1 601.5 595.9 589.3 585 581.7 578.6 575.4 571.9 566 560.7 555 555 561 565.6 569.9 574.2 576.8 580.9 580.1 579 578.6 580.7 584.4 588.1 590.2 592.2 594.1 595.8 597.8 600.1 602.8 604 605 605.8 603.9 602.9 603.3 606.7 610.4 614.2 617.5 617.6 617.6 619.2 621.4 623.4 624.5 625.5 626.5 626.3 625.8 625.3 625.7
632.1 631.3 629.4 626.5 624.2 623.1 621.9 620.5 620.2 618.1 616.1 618.3 619.7 620.6 618.4 611.2 604.4 598 599.3 599.5 599.1 597.5 595.3 591 593.2 593.4 592.5 588.2 583.9 581.1 578 575.1 572.7 568.1 563 558 553.1 552.2 558.7 562.5 566.5 571.8 575.2 575.1 574 572.9 576.5 581.1 584.1 587 588.6 590.4 592.9 595.5 597.9 599.2 600.4 601.6 601.7 600.5 596.5 598.9 602.7 606.2 609.4 610.5 610.2 610.7 612.5 614.7 616.8 618 619 620 620.3 619.8 619.8 620.2
628.8 628.7 626.8 624 621.9 619.2 618.9 617.6 616.9 615.6 613.8 616.7 616 616.1 614.5 609.5 603.5 598.6 596.1 597.2 597.2 597.5 595.7 593.4 591.3 586.9 585.9 585.1 582.5 580.5 577.4 574.9 572.7 569.7 564 560.1 555.6 550 550.2 554.9 560.6 565.1 569.6 570.6 569.8 570.9 574 576.8 579.8 583.1 585.9 588.1 591.1 594.2 596.8 598.5 598.6 599.2 598.4 597.1 593.3 593.1 596.6 601.1 602.4 603.3 604 605.5 606.7 608 609.9 611.6 612.6 613.6 614.4 613.9 614.3 614.6
623 624.7 624.3 622.5 621.8 619.6 618.4 616.3 613.6 612 610.4 610.9 610.7 610.4 608.2 605.2 601.7 597.5 594.1 594.8 595.3 595.7 596 593.7 591.5 588.5 586.1 583.5 581.1 579.3 576.9 574.8 572.7 569.6 565.6 561.1 556.7 552.3 548.6 548.5 555.6 560.9 565.3 566 566 565.1 569.8 572.5 575.6 578.9 582.1 585.2 589.2 593 595.7 598.1 598.2 597.4 595.5 593.9 591.5 588.9 592.3 595.4 595.4 596.1 597.9 598.7 599.1 599.8 601.9 604 606 607.1 608.1 608.4 608.9 609.3
622.4 620.8 621 620.1 619.9 619.8 618.5 616.6 612.8 609.4 606.5 604.2 605.1 603.9 603.1 601.8 598.3 595.4 593 592.4 592.7 592.9 592.8 592.1 590.9 588.4 585.6 583.6 581.5 579.2 577.7 575.2 573.1 570.4 566.9 562.5 557.9 553.3 547.8 544.6 549.5 556 560.6 561.1 561.1 562.5 565.6 568.2 571.4 574.6 577.2 580.5 584.1 589.8 592.3 594.7 596.2 594.1 591.9 587.7 587.8 581.6 586.3 587 586.5 586.6 588 589.2 590.2 591.3 594.3 596.8 599 601 602.3 603.3 603.6 604.1
