webserver/python/data/NY85.asc
ncols 200
nrows 200
xllcorner 380000
yllcorner 550000
cellsize 50
[rows 140 to 174 of 200, columns 78 to 155 of 200]
302.9 317.7 332.4 345.9 354.3 359.7 362.2 365.1 370.3 375.2 378.4 382.6 382 379.7 375.7 372.7 370.9 368.5 367.8 365.9 365.4 366.3 367.7 369.2 371.7 374.1 375.3 376.7 378.2 380 381.8 385 384.7 386.8 388.8 390.9 390.6 390.6 390 388.9 393.9 401.4 403.2 406.3 405 408.5 403.9 398.7 398.7 398.7 397.8 396.4 397.4 397.3 396.6 393.2 391.8 391.5 391.8 391.4 390.8 390.5 390.7 390.2 388.2 384.6 381.6 377.6 373.4 371.5 371.8 371.2 371.1 371.6 370.4 368.7 369.4 369.8
299.3 314.3 330 344.7 353.9 359.4 364.4 368.5 373 375.7 378.1 380.1 377.8 375.5 372.1 369.8 366.3 362.9 361.9 359.8 357.6 358 358.5 361.4 363.7 365.7 367.8 370 372.3 375.2 378.5 379.9 381.1 384.5 387.6 390.9 390.3 390.2 390.4 391.6 398.5 402.4 406 409.2 412.1 412.4 411.8 403.6 402.9 402.7 400.3 399.3 399.2 399.1 398.1 395.4 394.4 393.9 394.2 393.8 392.9 391.9 391.4 391 389.4 389.3 385 380.3 380.3 377.3 376.8 375.2 374.3 374.9 373.7 372.9 372.7 372.9
296.7 312 327.8 343.4 352.1 359.3 365.8 370.5 373.8 376.2 376.3 375.8 373.2 371.1 368.4 365.3 361.8 358.3 356 353.2 349.8 348.1 348.3 351.5 354.7 357.3 360.4 363.9 367.1 371.8 373.9 378.8 380.6 384.9 388.7 389.4 390.3 392.3 391.8 395.1 399.9 404.1 407.7 412.1 416 415.4 413.1 410.1 407.2 406.4 404.3 401.2 399.9 400.5 399.3 397.1 396.8 396.3 396.5 396.3 395.2 394.3 393.4 391.8 390.9 395.1 393.7 389.4 388.7 390.3 386.7 380.2 377.5 378 377.8 377.3 376.8 376.7
293.4 307.3 323.4 339.9 350.1 358.3 365 370.1 373.7 375.2 374 371.3 368.5 366.1 362.7 358.6 355.5 352.4 349 345 341.5 339.3 339 340.6 343.6 348.4 354.6 359.6 361 366.1 372.4 378.9 382.3 387.1 390.6 390.2 392.5 394.9 395 397.8 402.1 405.7 411.2 415.6 418.4 417.6 412.8 411.3 409.5 409.3 409.1 407.2 403.8 402.7 400.3 398.7 398.7 398.7 398.8 398.7 397.6 396.6 395.7 390.3 390 396.3 400.1 396.9 391.1 391 390.9 385.2 381.2 379.1 380.9 380.7 380.8 380.3
286.1 302.2 319.3 334.8 345.3 354.1 361.9 366.8 369.8 371.1 370.2 366.7 362.9 359.6 356.1 351.2 347.3 344 340.1 336.3 333.4 332.6 333.1 335.3 334.4 340.2 349.4 358.1 364.8 369.6 377 380.5 382.4 386.7 390.3 392.3 394.7 397.1 398.7 400.1 403.9 408.7 413.5 419.6 420.2 418.3 415.8 416.3 414.3 413.8 413.8 409.3 407.7 406.6 403.8 400.6 398.9 400.3 401.1 401.1 400.1 399.4 397.8 391.3 388.9 389.1 390.7 391.8 390 391 390.9 390.4 389.9 382.5 382.8 382.9 382 381.5
280.1 298.3 313.6 326.7 338.4 348.7 355.9 361.5 363.5 364.5 363.3 359.6 356.5 353 349.4 344.5 339.8 335.4 331.5 327.5 326.8 326.4 326.9 327.2 334 344 352.1 360 365.2 371.4 378.5 380.2 381.4 387.5 390.8 393.1 395.8 398.5 401.5 405 408.9 411.1 413.4 420.5 420.2 419.4 418.3 419.6 420.3 419.7 417 411.4 410.1 410.3 407 401.3 400 403.6 404.6 404.3 403.7 403.1 400.9 398 395.9 393.7 391.6 388.9 388.9 390.4 390.9 390.5 390.3 388.1 386.7 382 380.9 380.5
272.6 290.7 305.7 317.5 329.7 340.5 347.2 352.1 355 354.5 354.3 350.9 347.8 345.4 341.6 337.1 332.8 328.2 323.7 320.5 320.3 319.5 320.7 326.8 334.2 343.4 351.1 359.6 362.2 369.8 371.1 377.4 383.3 390.5 392.8 395.3 397.7 399.6 404.3 408.4 412.4 416.1 419.1 420.9 421.2 421 420.3 421 421 420.7 420.5 416.2 411.4 410.8 405.8 403.7 405.6 408.5 408.4 408 407.4 406.5 407 405.2 403.3 402.7 400 395.4 389.1 389 389.2 389.9 389.5 389.8 386.9 382 380.1 380.3
261.1 279.1 298.5 309.2 320 329.9 335.4 338.8 343.5 345.2 344.2 342 339.1 337.1 333.3 329.1 325.2 321.1 317.4 315 314.5 311.6 319.8 323.5 330.9 340.2 349.3 357 362.3 367.9 373.9 381.4 389.3 394.5 397.3 398.5 400.7 403.3 407.7 411.9 416 419.6 420.8 422.7 424.1 423.2 423.2 423.1 420.5 420.4 420.7 415.1 409.8 408.9 409.9 409.8 409.6 410.8 409.6 410.9 409.7 411.5 412.8 412.2 409.8 407.4 406.1 403.5 397.8 389 388.9 388.9 389 389.2 385.2 380.4 380.4 380.7
259.3 267.1 284.7 301.6 309.2 317.4 322.7 326.7 331.4 337.1 336.1 333.1 329.8 326.7 323.2 319.6 315.6 313.5 311.5 310.2 309.9 310.8 319.2 325.9 333.2 340.2 348 355.6 362.6 367.2 376.6 384.7 392.9 399.4 401.6 402.5 403.8 406.8 410.9 415.1 419.2 422.8 424.8 426.5 427.4 426.4 428.1 426.7 420.6 420.3 420.4 410.8 409.2 414.4 414 412.4 411 411.8 414.4 417.7 419 420.9 418.2 419 417.3 413.3 410.7 408.8 403.3 399 391 388.9 389.1 388.7 380.7 379.4 379.2 380.4
258.8 260.5 268.7 290.3 298.7 305.5 308.5 312.5 318.2 322.8 323.2 321.7 319.9 316.3 312.6 310.8 308 306.7 306 306.1 301.3 313.5 321.2 326.2 332.7 339.1 347 355.6 360.9 366.9 379.4 386.3 395 401.7 403.6 405 406 408.4 412.5 416.6 420.8 425.5 428.4 430.2 429.6 429.3 429.2 429 423.3 418.8 410.4 414.8 419.6 420.6 420.6 416.7 415.1 416.3 418.8 419 418.9 419.6 418.7 420.6 420.9 419.1 416.6 411.6 405 401 398.3 390.6 388.9 389 387.8 383.6 380.5 379.6
258.5 259.5 264.6 266.9 278 282.9 288.4 295.7 305.7 308.6 310.4 309.7 308.6 305.8 303.8 302.6 301.8 301.4 301.9 301.9 304.7 315.1 321.7 327.3 333.8 340.1 347.4 356.5 362 368.8 381.2 390.3 396.3 401.7 404.5 405.9 407.7 410.2 414 418.1 422.8 427.8 430.7 431 429.4 428.9 430.8 428.3 419.7 421.7 421 423.4 421.2 420.3 420.8 418.9 418.6 418.3 418.1 418.1 418 418.1 410.7 409.4 412.6 413.9 410.4 404.3 399.5 398.7 392.4 393.9 393.4 394.7 394.3 389.7 385.3 381.9
256 254.8 258 261.1 261.8 259.1 261.3 259.3 277.9 291.5 295.7 295.9 296.5 295.7 293.2 292.5 293.5 295.6 297.1 294.1 308.5 319.3 324.5 329.8 336.3 342.7 349.5 356.7 363.8 371 385.4 392.9 397.7 400.8 403.7 405.6 408.1 411.1 415.3 419.8 425 430.1 431.3 430.5 430.1 429.8 426.7 418.4 429.9 429.9 429.8 428.7 425.8 421.4 420.2 421 422.4 422.6 421 419.3 424.8 428.9 427.6 420.9 409 409.2 406.8 405.5 407.4 409.6 405 403.7 403.6 400.9 398.7 392.9 388.3 385.7
260.1 266.8 263.5 257 258.4 270.5 269.9 267.6 266.5 265 275.1 278.9 281.1 277.7 277.2 283.1 286.9 287.2 291.4 301.4 310.4 320 324.5 330.5 337.3 344.4 351.6 358.4 363.8 376.6 385.7 392.8 400.3 401.9 403.6 405.6 408.6 412.6 418.5 424.4 427.7 432.2 434.4 433.6 430.6 429.6 424.4 430.8 434.7 435.3 434.3 431.3 428.6 424.5 423.7 426.1 430.2 431.1 428.8 435.4 437.1 434.9 434 431 425.9 428 425.4 422.6 419.7 414.3 408.1 407.4 407.2 401.8 399.7 394.5 391.7 389.4
267 277.1 275.2 271.2 275.4 276.3 278.2 275.5 269.4 267.6 268.2 272.6 277.4 280.4 284.9 288.7 293.4 295.2 291.9 301.4 310.4 319.2 325.4 331.4 337.4 345.1 352.7 359.6 365.9 380.8 389 396.3 400.4 404.2 405.3 407.1 410.6 414.9 421.5 428.2 430.6 436.9 438.7 436.8 431.6 429.2 429.4 435.7 439.9 439.5 437.7 431.7 428.9 430.8 432.4 437.7 440.6 436.1 435.7 440 441.6 439.1 437.4 435.1 433.4 431.2 428.5 426.2 423.3 420.6 412.5 409.4 409.8 405.2 399.2 397.3 394.4 391.9
270.4 280.4 283.4 283.8 283 283 284 282 276.9 270.7 266.7 274 283.2 287.7 289.8 293.2 295.9 298.8 302.4 305 301.8 316.7 323.6 329.3 334.7 342.7 351.3 360.7 368.7 383.6 391.7 399.8 402.4 404.8 406.8 409 412.9 418.8 423.3 429.6 435.9 440.9 440.6 438.4 432.3 429.2 432.2 437.3 442.3 441.6 439 433.7 434.8 438.2 442 443.3 440 439.5 440.6 441.6 442.9 443.2 441.6 440.1 438.6 436.5 433.6 429.5 426.3 424.4 420.9 413.3 410 405.9 401.5 399.6 396.9 393.6
275 283.1 287.5 288.3 288.4 288.8 288.9 287.4 281.8 271.5 270.2 277.9 289.6 293.8 296.2 299.2 301.1 304.9 309 312.6 313.2 304.8 320.5 326.2 332 340.7 349.3 359 371.1 385.5 393.6 401.6 404.8 405.6 409.4 411.6 417.9 424.1 427.6 430.9 439.7 441.2 441.1 438.2 430.8 430.1 433.6 438.4 438.9 439 439.9 448.8 449.7 446 447.6 447.7 445 445.8 445.7 446.7 447.1 446.5 445.2 443.8 442.4 441.1 437.8 433.7 429.3 425.9 422.7 418.8 412.1 408.6 404.3 401.7 398.9 394.9
279.6 285.9 289.9 292 292.9 293.5 293.5 290.1 282.2 267.3 271.5 290.2 296.2 299.9 303.4 305.6 308.8 311.2 315.6 318.8 318.8 314.5 316.4 322.7 329.7 337.6 348.5 356.9 369.7 383.5 395.8 403.4 405.9 406.1 409.9 415.1 422.1 428.7 432.6 435.4 441 441.8 441.2 440.4 434.2 433.2 438.4 445.3 445.8 448.2 451.1 451.6 451.3 450.3 449.7 450.3 450.4 450.8 450.8 450.4 449.9 449.4 448.3 446.9 446.3 444.4 440.8 438 432.2 427.6 424.4 420.4 414.9 410.7 406.9 402.8 401.2 396.8
284 289.2 292.7 295 296 296.8 297.3 293.9 283.5 269 284.6 300.8 302.7 305.8 308.9 312.5 316.2 319.9 322.7 324.7 323.4 321 314 318.9 326.4 334.2 345 353.6 367.1 382.6 394.2 403.8 406.4 407.2 411 417.3 424.3 430.8 435 439.2 441.3 441.1 441 438.9 439.7 437.4 446 451.7 449.9 449.8 452.2 453.7 454.1 453.7 452.6 453.5 454.5 454.7 453.8 452.9 452.6 452.2 451.4 450.8 450.3 447.4 443.9 440.5 435.1 429.4 426.1 421.6 417.1 412.2 406.9 401.9 400 400.6
289 293 296 297.6 298.2 297.9 299.2 289.4 271.8 278 303.5 307.8 308.9 310.9 315.2 319.4 323.1 326.8 330.4 329.9 326.3 322.5 317.8 318.2 323.7 332.2 339.3 349.1 360.9 376.9 390.1 399.2 404.8 408.5 413.1 419.8 426.9 432.6 437.1 441.4 443.4 442.8 440.6 440.2 441.3 445.7 448.5 450.6 449.3 450.7 452.8 453.8 454.7 456.4 456.1 456.7 458.6 458.4 456.9 455 454.7 454.4 453.9 453.2 452.3 450.9 446.9 442.4 437.9 432 427.4 423.7 419.4 413.4 407.3 401.3 399.7 400.7
293.5 296.4 298.7 299.8 300.7 301.1 296.8 278.3 271.6 297.8 309.8 313.2 315.4 317.7 321.3 325 328.5 332.2 334.3 332.4 328.7 325.3 323.2 321 320.4 329.7 336.1 343.8 354.5 369.4 384.3 398.1 405.3 409.7 416.5 421.5 428.7 433.9 438.7 444.2 447.1 447.8 445.2 444.3 445.3 449.6 455.5 454.2 451.1 449.6 452.1 454.2 455.9 457.7 459.3 460.1 461.3 462.2 460.1 457.9 456.7 456.4 455.8 455.2 453.7 451.9 449.1 443.9 438.6 434.1 430 426.3 421.7 416.7 411.4 404.5 399.2 400.5
298.5 299.7 300.7 302 303 302.6 287.4 271.8 292.4 312 315.9 319 321.5 323.7 326.5 329.7 333.3 336.2 336.7 334.6 332.6 330.5 329.2 326.7 321.8 323.9 334.5 341.6 350 363.6 381.7 396.2 403.6 408.6 415.4 422.2 430.5 435.4 440 448.6 450.4 450.7 448.7 448 448.7 450.8 460.7 457.9 454.8 454.1 457.7 457.5 459.1 460.8 462.9 465.2 466 465.4 463.2 461.1 458.9 458.4 457.5 456.2 454.6 452.9 449.6 445.4 441.1 436.7 432.2 428.7 423.8 418.9 413.9 408 400 399.2
301.6 301.7 302.2 302.4 302 290.4 271 282.2 303.1 318.8 321.8 325.3 327.5 330.1 332.5 333.9 335.7 338.7 340 338.2 336.1 334.3 332.7 331.6 330.4 327.1 331.9 339.8 347.8 359.8 377.4 393.4 402.5 408.4 414.7 423.5 431.7 436.6 441.8 448.5 450.9 450.9 448.9 450.5 450.9 455.2 460.6 460.5 458.4 458.6 459.8 461.2 463.8 465.9 468 470.2 470.4 467.8 465.8 463.7 461.7 460.1 458.7 457.4 456.1 454.9 451.4 447.7 443.6 439.2 435.3 428.4 423.6 418.8 413.9 409 402.9 399
304 303.4 302.9 301 289.3 273.3 285.6 306.5 320.6 325.5 327.8 330.7 333.2 334.6 336 337.4 339.1 341 342.4 341.6 340 338.4 336.8 335.5 332 330 330.3 340.1 346.7 356 371.2 388.9 396.7 404.8 412.6 421.1 429.9 437.4 443.1 450.1 449.2 449.8 451.1 453.4 455 459 460.5 460.3 458.9 458.9 459.2 462.6 465.8 468.8 471.5 470.9 470.3 469 467.6 466.1 465.4 464.4 462 459.8 458.2 457 453.6 449.9 445.9 441.5 437 430.7 424.3 418.8 413.9 409.6 405.7 401.8
305.1 304.2 303.6 298.9 278.4 277.8 304.5 324.2 328 331.2 333.3 336 337.8 338.6 339.6 341 342.6 344.5 345 345.1 344.1 342.4 340.9 339.5 334.6 330 330 339.2 345.1 354.5 366.4 382.9 392.3 402 412.4 420.1 428.6 437.5 443.8 447.9 450.8 452.4 454.7 457.1 458.7 463.2 465.6 463.3 460 458.9 461.7 464.9 468.5 471.7 474 473.5 472.9 471.6 470.9 470.2 469.5 468.8 465.4 462.3 460.7 459.1 455.8 451.9 447.6 442.2 439 431.1 424.4 418.4 415.3 411.6 408 405.9
305.8 305.4 303.8 299.2 283.9 274 304.3 328.3 332.9 336.3 338.7 340.7 342.3 343.6 344 344.5 346 347.1 348 348.5 347.6 346.8 345.7 343.2 337.8 332.4 329.5 338.3 346 354.2 364.5 377.9 388.9 402.1 413 419.2 428.3 438.1 444.9 450.6 453.6 455.7 458.2 460.6 470.3 470.2 468.3 466.8 462.9 460.7 465.4 470.6 471.5 473.8 476.1 476 475.7 475.8 475.1 474.4 473.3 471.6 469.3 466.9 464 461.1 458 454.5 449.8 443.8 440.7 433.7 426.1 420.3 416.9 413.3 410.9 408.9
306.9 305.9 304.7 299.7 289.1 281.6 287.4 329.9 335.6 340.9 343.6 345 346.7 348.4 348.9 349.3 349.9 351.3 352.4 352.7 351.8 350.9 349.6 346.4 341.7 336.9 334.9 337.6 345.2 353.2 361.6 374.3 390.5 402.7 413.6 419.9 427.6 434.8 443.7 451.4 454.6 457 459.8 469 471.7 470.9 469.7 468.4 465.4 464.4 468.4 471.3 473.1 476 478.3 478.5 479.2 479.9 478.8 477.6 476 474.1 471.8 469.5 466.4 463.6 460.7 456.4 451.7 446.7 440.8 435.3 428.4 421.7 418.2 414.6 412.6 411.3
308.9 307 305.6 301.9 296.7 286.2 287.8 325.7 336 343.1 347.3 349.4 351.2 352.9 353.3 353.8 354.6 355.7 356.7 356.8 355.9 355.1 354.1 350.1 346.7 342.4 341 339.2 345.2 353.4 359.4 373.4 390.5 401.8 413.9 420.7 425.6 431.6 442.7 450.7 454.4 456.7 460.1 469.6 470.9 470.9 469.3 469.2 467.5 469.1 468.8 471.4 474.2 477.1 480.1 480.9 480.9 480.9 480.9 480.3 478.5 476.5 474.1 470.6 467.6 464.7 461.7 458.4 453.6 446.6 438.9 432.2 428.2 422.9 418.9 415.9 414.1 412.1
310.5 308.4 306.2 305.7 303.7 292.6 293.9 328.6 337.2 343.7 349.4 353.8 355.2 357.3 357.8 358.7 358.9 359.9 360.9 361 360.1 359.2 358.3 354.7 350.2 346 340.3 339.2 348.6 353.3 358.9 371 391 402.1 413.7 420 424.9 429.3 438.6 449.2 454.4 457.6 462.7 468.6 470.9 470.9 470.9 470.9 469.6 469.1 469.5 472.6 476 479 480.9 481 481 481.4 482.1 481.8 479.9 479.3 476.9 472.9 468.8 465.8 463.2 461 456.1 450 439.3 434.4 428.5 423.6 420 417.3 415.4 413.6
311.5 307.8 305.6 304.2 302.3 288.5 300 330.1 337.9 344.6 351.2 356.5 360.8 363.3 363.7 364 364.1 364.2 365.2 365.1 364.2 363.4 362.1 359.3 353.7 348.6 341.1 340.2 349.1 354 360.1 372.1 386.2 399.2 411.5 416.6 420.1 426.6 435 445.1 453.4 459.3 463.8 467.4 470.9 471 471.1 471 470.9 470.5 471 474.3 477.6 480.9 481 481 481.9 482.8 483.4 482.9 481.5 480.5 479.8 475.1 470.4 468.6 466.3 463.8 458.7 448.9 440.1 436.5 429.4 425.5 422.2 419.2 417.4 414.5
312.6 307.4 299.4 297.2 298.7 283 308 329.1 337.3 345.6 353.1 360.3 364.8 367.6 368.9 369.4 369.5 369.2 369.5 369.2 368.2 366.9 365.5 362 357.4 350.4 345.2 342.4 349.9 355.2 361.2 370 382.4 395.4 406.5 415 417.6 424.5 430.9 439.4 449.6 457.2 462.8 464.5 470.3 471.5 472 471.2 471.2 472.5 473.2 476.1 478.6 480.1 481.4 482.3 483.3 484.2 484.6 484.1 483 482 481.2 477.7 473.2 470.6 467.6 464.5 458.8 449.9 442.3 437.2 431 427.4 423.6 421 418.5 415.4
311.5 299.8 288.6 283.2 291.1 288.1 311.9 327.1 337 346.6 354.2 362.1 368.9 371.4 373 373.9 374.6 374.3 374.1 373 371.7 370.3 369 364.5 360.1 354.3 348.9 347.4 349 353.5 361.4 368 377.1 389.6 401.9 412.1 416 421.3 426.7 433.7 441.4 451.4 458.7 459.5 467.9 471.7 473.1 472.7 471.8 472.8 474.9 477 479 481 482.4 483.7 484.6 485.4 485.9 485.6 484.6 483.6 481.7 479.6 475.7 472.5 469.5 464.6 459.5 450.4 441.4 439.7 435.2 428.4 425.1 422.8 419.4 416.3
304.4 293.1 284 283.4 281.8 296.9 311.7 324.9 336.1 346 356.7 365.3 372.4 375.6 376.8 377.4 378.3 378.9 378.7 377.5 375.7 374.4 373 368.7 365.3 359.1 353.3 351.5 350.1 350.5 358.7 365.2 373.6 384.4 394.9 405.3 413.3 417.4 423.2 428.9 435.4 443.4 453.6 459.8 465.5 469.9 471.6 471.8 471.3 473.1 475.4 477.7 480.2 481.8 483.3 484.5 485.8 486.6 487 486.9 486.1 485.2 483 480.7 478.6 475.4 473 467.6 459.8 450.2 449.2 447.5 437.8 432.8 428.4 424.5 422 418.4
297.6 287.7 284.8 284.6 284.8 298 309 321.8 333.9 345.9 357.5 368.5 377 379 380.3 380.9 381.9 383.1 383.2 382.1 380.6 378.5 377 374 369.9 364.3 358.7 357.4 356.8 357.7 355.5 362.1 371.1 380.1 389.3 396.8 405.3 412 421.9 425.6 429.9 437.1 447.2 457 462.7 466.6 469.5 470.8 470.9 472.7 474.6 477.5 480.4 481.9 484 485.4 486.6 487.6 488 488 487.1 486 483.6 481.1 479 476.8 473.3 466.2 457.9 452.7 452 449.8 444.4 437.4 431.1 426.2 423.7 421.1
292.4 286.5 284.9 285.2 285.2 297.3 308.1 319.3 332.8 344.7 358.5 368.9 379 382.4 383.4 384.3 385.4 386.6 387.8 386.7 385.1 383.6 381.8 380.5 375.7 370.1 365 363.6 361.9 361.8 360.7 359.8 368.8 375.1 381.8 388.6 398.8 408.2 417.7 423.6 426.6 433.9 441.3 450.7 459 463.5 466.1 468.2 469.4 470.5 473.6 476.5 479.5 480.5 483.2 485.9 487.4 488.6 489 489 488.1 486.8 484.6 481.9 479 475.9 472.9 470.8 467 462.9 460.6 455.4 450.1 441.6 434.4 428.8 425 422.2
294 286.8 286.7 286.5 285.9 296.7 305.8 316.5 331.6 343.3 356.3 370 381.2 385.9 386.9 387.8 389 390.5 392.9 391.4 389.6 388.1 386.6 385.4 382 378 372.9 371.7 369.4 367 365.1 365.8 368.6 371 379.7 387 395.5 404.5 413.5 421.5 427.2 433.1 437.2 443.9 452.3 460.4 463.6 465.8 467.2 469.7 472.2 475.2 478.1 479.9 482.5 485.2 487.9 489.4 489.8 489.8 489.1 487.6 485.7 483.1 480.8 478.3 475.3 473.4 469 469.4 465 457.7 450.7 444 438.4 432.6 427.4 424.2
