webserver/python/data/NY88.asc
ncols 200
nrows 200
xllcorner 380000
yllcorner 580000
cellsize 50
[rows 140 to 174 of 200, columns 0 to 77 of 200]
183.7 181.7 179.2 182.4 183.4 185.3 187.6 190.1 192.3 195.5 198.5 200.4 202.7 204.7 204.7 205.2 206.2 206.7 206.8 205.6 203.5 201.8 201.2 201 199.8 198.6 199.4 200.3 202.1 203.6 205 204.3 203.7 202.6 200.1 196.2 192.6 187 181.8 179.7 172.5 166.8 163.1 164.3 162 157.9 153.3 148.9 146.1 143.4 140.6 139.8 143.5 143.7 141.6 139.9 138.8 137.6 135.2 132.4 130.6 130.1 129.6 129.1 128.4 126.4 125.4 123.4 122.3 121.6 121.2 119.7 117.6 107.9 106.9 108.8 110.4 111.5
187.3 184 186.1 187 188.1 189.3 192.4 194.2 196.1 199.2 201.2 203.2 205.2 206.2 206.3 206.1 206.5 206.7 206.9 206.4 204.6 203.6 203.4 202.9 196.2 203 203.2 203.4 204.8 207.3 209 210.3 210.1 208.1 204.8 202.6 200 195.3 188.7 183.3 178.5 174.3 169.8 166 164.7 162.9 158.5 153.8 149.2 146.2 143 140.7 141.1 144.2 144.8 143.6 142.3 142.4 139.1 137.4 134.1 131 129.5 128.2 127.8 126.9 125.6 124.1 122.9 122.5 122.3 122 120.3 109.3 106.6 108.7 109.8 110.8
188 188.8 191.1 191.9 192.5 193 195.6 197.7 200 202.9 205.1 206.7 208 208.5 208.4 208.3 207.6 207.2 207.1 206.2 205.1 206.4 205.9 205.6 206.4 207.2 207.3 207.4 208.8 211.8 214.8 215.8 215.8 213.3 209.2 207.6 204.2 200.9 195 189.1 185.2 178.8 175 171.2 163.6 160.5 162 159.1 153.8 149.8 145.2 141.7 140.5 140.3 142.3 143.7 143.5 142.3 140.3 138.8 138.3 136.5 132.9 128.9 125.6 125.6 124.9 123.2 122.1 121.6 121.6 123.1 122.6 117.5 106.2 108.5 109.2 110.2
191.9 194.4 196 196.2 196.5 197.7 199.6 201.4 203.6 205.8 208.2 210.4 210.9 210.6 209.9 210.3 210 209.3 208.2 206.3 207.5 209.4 209.9 210.7 211.7 212.3 211.6 211.4 214.1 217.9 220.3 221.3 220.2 218.2 216.2 212.8 209.1 205.3 201.6 193.9 186.5 184.6 178.1 174.7 170.6 162.7 159.8 157.1 154.5 150.5 147.2 143.1 141.2 139.7 139.1 141.1 143.2 143 142.6 139.1 137.4 137.8 136.9 132.2 128.2 125.1 123.3 122.5 121.6 120.3 119.7 121.6 123 121.4 106.3 108.6 108.8 109.1
197 201.1 201.3 201.5 201.3 202.4 203.4 205.9 207.8 209.5 211.2 213.7 214.1 213 212.5 211.7 211.3 211 209.8 208.3 209.1 211.2 212.8 214 215.4 215.4 214.2 216.3 218.3 222.4 225.2 225.8 224.3 223.1 221.4 217.9 214.2 210.1 205.3 199.2 193.4 191.1 184.4 177.1 173.5 169.6 166.3 161.4 157.9 155 149.9 146.2 143.9 141.6 141.3 139.2 139.2 141.6 142.8 141.6 139.2 136.7 135.6 134.5 132.1 129.8 126.3 122.1 121.1 119.2 118.5 117.9 119.1 120.7 114.3 106.6 108.1 108.9
203.7 206.5 206.9 206.2 206 207.2 206.8 210.4 212 212.7 215.2 217.8 217 215.9 214.9 213.9 212.5 211.5 210.3 208.3 208.6 210 212.8 215.5 216.9 217.7 217.2 219.7 221.6 226.1 229.2 228.8 228 226.8 225.3 222.7 219.2 214.9 209.7 203.4 199.9 197 191.6 185 179.9 174.5 170.1 166.7 163.4 161.2 158.7 153.8 147.6 144.5 142.3 140.8 138.9 137.1 139.5 141.5 141.3 139.3 135.4 133.4 131.2 130.2 129.4 127.6 121.7 119.3 117.9 116.7 115.8 116.7 117.9 106.2 108.4 108.6
209.7 211.5 211.4 210.2 209.8 211.6 211.2 214.2 215.9 216.8 220 221.1 219.9 218.9 218 216.3 214.8 212 210.9 210.1 209.8 209.7 210.6 213 216.5 219.4 220.7 221.5 223.5 225.5 228.4 230 230 228.8 227.6 225.6 223.1 219.6 214 209.2 205.4 202.3 197.7 191.2 185.7 180.2 175.5 171.6 168.2 164.2 159.8 155.3 153 149.9 146 144.6 142.1 139.8 137 136.6 137.9 139.4 137.4 135.2 132.2 130 129 127.5 124.7 120.7 118 117 116.3 115.3 115.3 109.5 106.8 108.6
215.5 215.6 214.8 214.1 214.7 215.6 214.3 214.3 219.7 222.4 224.2 224.2 223.2 222 220.7 219.1 217.1 214.3 211.8 211.1 210.5 210 209.9 210.9 214.4 217.1 220.1 222.7 224.2 225.6 226.8 228.7 230.1 229.6 229.2 227.8 225.8 222.7 219.5 214.3 210.1 206.3 202.5 196.6 190.5 185.1 181.8 177.6 173 168.8 163.9 161.6 158.6 154.1 152.5 151.9 147.5 144 139.8 135.9 134.2 134.2 133.4 132.6 131.4 129.2 127.3 126 124.3 122.5 120.2 119.5 121.6 119.5 117 115.4 106.1 108
220.4 219.8 219.1 218.6 219.1 219.3 218.1 217.6 224 225.9 227.3 227.6 226.5 225.5 223.7 222.2 219.8 217.2 213.8 211.8 210.7 210.4 210.3 210.9 212.1 214.9 218 221.5 223.6 225.4 226.7 227.6 229.6 230.4 230.6 229.5 227.6 224.5 222.2 219.2 215.5 212.9 207.9 202.1 196.5 191.5 187.6 182.6 178.4 175.5 171.8 167.6 162.7 162.1 159.7 156.1 152.8 152.2 144.5 139.8 136.4 133.6 131.3 130.1 130 126.8 125.8 123.8 123.2 121.9 120.4 119.3 119.4 121.3 122.2 121.3 112.9 106.3
225.3 225.3 224.7 224 224.4 224.2 222.8 219.1 227.7 229.7 230.2 229.9 229.6 228.5 227.4 224.9 224.7 221.9 218.8 215.3 213 212.7 212.4 212 212.4 213 216.2 219.9 222.7 224.8 226.2 226.8 228.2 230.9 232 231.5 229.4 226.9 225.2 223.9 222.2 218.9 214.3 208.5 204 198.3 193.1 188.4 184.6 181.8 178.3 174.1 170.3 167.9 165 163 159.9 157.1 152 145 141.8 141.2 136.3 138 137.4 134 129 123.6 122 121.2 120.9 120.5 118.9 118.7 120.8 123.2 122.6 115.5
230.7 230.5 230.3 229.4 228.4 228 227.6 223 229.4 231.8 232.6 231.7 231.4 230.3 229.9 228.7 231.9 229.8 225.8 221.9 218.5 215.9 215.2 215.1 214.5 214.6 214.7 217.7 221.1 223.3 225 225.4 226.3 228.1 231.2 232.4 231.6 229.3 227.4 226.1 224.8 223.1 221 217.5 212.4 206.1 199.1 193.6 191 187.6 184.9 180.8 177.7 174.3 170.6 169 166.3 164.3 157.2 151.6 149.8 148.4 145.8 145.2 144.9 142.8 137.6 131.7 124.9 121.6 120.8 120.3 119.7 118.4 117.3 119.3 121.2 122
235.2 234.7 234.5 234 232.8 231.8 231.1 227.5 230.3 232.8 234 233.3 232.4 232.1 232.3 231.7 232.2 233.3 230.9 227.3 224.3 221.2 218.6 218.2 218.1 217.6 217.4 217.8 218.3 220.8 221.3 222.9 224.9 226.7 229.2 231.4 231.9 231.3 230 228.5 226.4 224.7 223.2 221.8 219 215 208.4 202.5 198.8 195.7 192.2 190 187.1 183.7 180.1 176.4 172.1 171 166.1 161.7 156.5 153.9 152.8 150.5 147.5 147.6 145.1 140.8 135 128.5 123.1 121.1 120.1 118.6 117.7 116.5 116 118.1
238.6 238.8 238.6 238 236.4 235 233.9 231.3 233.1 234.1 234.8 234.7 234.1 234 233.1 232.9 233.1 233.4 233 230.8 228 225.5 222.8 221.7 221.7 221.9 221.1 221.3 221.4 221.3 221.8 222.7 223.8 226.1 228.2 230.7 231.6 231.1 230.8 230 227.9 226.2 224.8 223.6 221.7 219.2 214.9 211.8 208 205.2 200.4 197.4 194.8 192.6 189 187.1 182.7 178.3 174.6 169.7 165.5 163.1 159 156.2 153.1 150.5 147 143.5 143.6 136.9 129.3 122.9 120.8 120.3 118.1 117.1 116 115
244.1 243.9 244.1 244.5 241.9 238.3 235.8 234.7 236.3 236.8 236.3 235.4 235.1 234.8 233.9 234.1 234.3 234.1 234.3 233.2 231.3 228.5 226.7 225.2 224.4 224.1 224.5 225.4 226.7 227.5 227.3 226.8 226.5 227.4 229.4 230.8 231.5 231.7 231 230.3 229.4 227.9 226.6 225.3 223.4 222.1 221.1 219.2 216.7 213.8 210.4 206.9 203.8 200.8 197.1 194.2 191.4 188.8 183 176.3 174.6 171.8 167.2 164.6 160 154.9 150.5 145.3 141 138.2 132.9 125.7 122.1 120.8 118.7 118.6 117.1 116.4
249.2 249.1 248.7 248.9 247 242.9 238.8 236 235.8 237.2 238.3 237 236.4 235.5 234.5 234.1 233.8 233.1 233.7 234.7 233.9 231.7 229.9 228.7 227.8 227.1 227.1 228.6 230.1 231.3 231.4 230.9 230.8 231 231.8 232.3 232.5 231.9 231.2 230.6 229.9 229.2 228.3 227.1 225.3 224.2 224 222.9 221.3 219.8 217.2 213.9 210.4 207.3 203.6 200.1 197.7 195.2 189.1 185.6 182.8 178.6 173.6 168.9 166.4 160.9 153.2 148.3 143.6 135.1 129.5 130.3 129.2 129.6 127.6 126.7 124.5 123.5
251.4 252.6 253.2 252.2 250.2 246.8 242.9 238.6 236.2 236.4 237.9 238.9 237.8 236.4 234.2 233.4 232.8 232.5 233.2 233.9 234.1 234.3 233.2 232.1 231.2 230.3 229.4 230.4 231.5 232.8 233.7 234.2 234 233.5 232.9 233.8 233 232.3 231.7 231 230.4 229.7 229.1 228.7 229.4 228.7 227.6 225.9 224.1 222.6 221.4 219.5 215.9 212.5 209.5 205.9 202.4 199.3 196.4 192.6 189.8 185.4 180.3 174.6 168.8 163.5 156.1 151.4 146.1 140.9 134.6 137.2 134.6 134.7 135.3 133.6 132.6 130.4
251.7 252.1 254 253.6 251.4 248.9 246.2 243 239.8 238.3 238.4 240.2 239.9 238.4 235.2 233.6 232 232.3 232.4 233.4 234.2 234.8 234.5 233.8 232.8 232.2 230.6 230.4 231.4 232.3 233.2 234.2 234.5 233.7 233 233.5 233.6 232.8 232.1 231.5 231.1 231.5 231.2 232.1 235.3 235.2 233.9 232.2 229.4 225.5 222.9 221.6 220.2 216.8 213.9 211.6 208.9 205.1 201.6 196.4 192.7 189.4 186.1 179.8 173.7 169.1 162.5 157 152.2 145.4 143.6 149 146.1 143.3 140.8 140.9 139.3 137.2
250.3 251.1 251.4 252.7 252.7 250.5 247.7 244.5 241.5 240.8 240.5 241 240.9 239.8 238.1 235 233.3 233.4 232 231.9 233.1 234.1 235.2 234.9 234.1 232.9 231.4 230.8 230.4 231.4 232.2 233.1 233.6 233.3 233.1 232.4 232.4 233.3 232.7 232.5 232.6 233.1 233.7 234.3 236.3 238.5 238.2 236.6 234.1 230.2 225.8 221.8 219.6 218.4 217.8 217.6 215.3 210.8 205.3 199.8 194.5 190.1 187.4 183.2 177.7 173 165.9 161.2 156.5 146.4 152.3 154.6 156.4 153 148.9 149.2 146.2 143.4
248.4 248.6 248.7 250 251.2 250.8 249.2 246.2 243.2 241.6 241.9 241.9 241.3 240 238.9 238 235.4 232.9 231.6 231 230.9 231.8 234.1 235 234.7 233.3 231.9 231.4 231 230.5 231 231.7 231.7 231.4 230.9 230.4 230.3 231.4 233 233.6 234.2 234.8 235.4 236 236.6 237.4 238.4 237 235 232.2 228.7 224.3 219.6 216.1 214.6 213.8 213.7 211.9 208.6 202.4 196.8 192.2 188.1 184.2 180.6 175.5 170.3 163.7 160.2 158.9 159.4 161.3 162.8 159 156.8 155.5 153.8 151
246.5 246.7 247.1 246.7 248 247.4 247.4 246.4 243.9 242.3 241.4 241.3 241 239.8 238.6 238.2 237.6 234.9 232.4 230.5 229.1 229.7 231.6 232.4 233 232.9 231.3 230.1 229.6 228.7 228.1 228.3 228.6 228.7 228.3 227.9 227.5 228.3 230.1 232.8 235.8 236.6 237.1 237.8 237.5 237.5 237.2 235.7 233.7 231.5 228.4 225.2 222 217.1 212.7 209.2 208.3 208 207.5 204.6 200 195.6 191 185.5 180.4 172.6 168.9 166.7 165.2 165.8 170.3 167.8 167.9 166.3 164.5 162.7 161.6 158.9
244.6 245 245.4 244.6 244.5 243.6 244.6 245.5 244.3 242.7 241.1 240.1 239.5 239.1 238.4 237.7 237.8 237.7 236.6 233.3 231.2 229.1 228 229.2 229.8 230.5 230 229.2 228.1 226.6 225.1 224.3 224.3 224.9 224.7 224.4 224.1 223.9 224.9 229.2 233.9 236.9 238.6 238.9 238.5 237.9 236.8 234.5 232.3 230.2 228.1 225.6 222.6 219 214.1 209.8 207.7 204.5 200.5 198.2 194.6 190.9 186.6 183.3 186.3 181.8 174.7 173.4 171.5 168.6 175.2 175.2 173.9 173.8 173.8 170.4 169.2 167.5
244 244 243.9 243.7 242.4 239.5 240.2 241.4 243.2 243.9 241.9 239.9 238.4 237.8 237 236.9 238.2 238.6 238.9 237.8 235.3 232 227.3 225.1 225.5 226.3 227 226.7 226 224.6 223.1 221.4 220.6 220.1 220.1 220.1 220.1 221 221.4 224.2 228.7 233.6 237.1 239.4 239.5 238.3 237.1 235 232 228.8 227.6 225.6 222.6 219.5 216.2 215.1 214.1 211.5 208 205.3 204 202.4 198.5 195.8 192.3 187.4 182.3 178.8 176.7 176 176.5 178.9 179.4 179.2 178.8 179.5 177.2 176.2
242.6 243.8 244.5 244.6 242.8 240 236 236.1 240.2 244 243.1 240.4 237.7 236.4 235.5 236.3 237.9 238.7 238.7 238.1 237.6 235.3 231.6 227 221.5 220.8 221.8 222.2 222.5 221.8 221 219.3 217.6 216.3 216.4 216.4 216.9 217.9 218.8 221.2 223.9 227.6 232.4 236.2 238.7 238.6 237.3 235.3 232.8 230.2 229.8 228.7 226.5 224.2 222 220.8 221.5 220.7 218.2 213.7 211.2 208.7 204.2 201 197.8 193.9 188.6 184.5 182.2 181.2 179.9 181.4 182.8 183.1 183.4 182.5 181 181.9
243.6 245.8 246.8 245.8 244 240.5 236 231.5 233 241.9 241.4 239.8 237.2 234.9 233.6 232.9 234.6 236.9 237.4 237.2 236.8 235.7 233.4 230.5 225.4 220.1 216.9 217.6 217.1 217.4 217.3 216.7 215.3 213.5 212.9 212.8 213.5 214.5 216.5 218.5 220.8 224.3 227.7 231.8 234.6 236.6 237.4 235.3 233.4 231.2 231 230.5 229.8 228.2 227 226.8 227.9 228.9 228.7 223.6 218.9 216.2 213.7 209.3 205 200.6 195.9 191 188.3 185.9 183.9 187 187.8 186.7 187.5 185.4 184.5 182.4
247.8 250.4 249.2 246.1 244.4 240.9 236.9 231.1 224.3 228.1 234.6 234.9 235.4 233.7 231.6 230.4 230.9 232.4 234.7 235.2 234.6 233.4 231.3 229.5 226.9 221.9 217 213.1 212.1 211.8 212.3 212.3 212.4 211.3 210.7 209.3 209.1 211 212.9 215.3 217.6 219.5 222.5 225.9 229.2 232.7 234.5 235.5 234.2 232.2 231.2 231.3 231.4 230.9 231.5 232.3 233.1 234.2 235 233.3 230.1 226.6 223.3 217.7 213.4 208.9 204.3 198.4 195.1 192.2 190.2 190.7 192.2 193.4 192.6 189 187.1 185.1
244.8 248.6 250.5 246.7 243.6 240.2 236.7 231.8 226.1 220 220.4 224.4 227.8 230.3 230.2 228.3 227.4 227.9 229.2 230.7 231.6 230.7 228.8 227 225.1 222.9 218.8 213.7 209.9 207.3 208.1 208 208.1 208.6 207.6 207.1 206.8 207.6 209.6 212 214.3 216.5 219.4 222 225.1 228.8 231.3 232.2 233 233.6 232.4 232.3 232.4 233.1 234.3 235.2 236 237.3 238.4 237.7 236.8 234.8 231.3 226.8 219.8 212.7 208.9 205.4 201.5 197.6 194.5 194 194.5 196.7 198.1 197.2 195.4 191.5
238.6 241.7 243.3 243.8 240.4 237.3 233.9 230.6 226.3 220.6 215 216.2 218.7 221.2 225 225.5 223.7 223.6 223.4 223.5 225.1 226.3 225.5 223.6 220.9 219.8 218.1 215.3 211.1 207.3 204.7 204.1 204.1 204.7 204.8 204.9 204.7 205.4 206.4 208.5 211.1 214.1 216.7 219.4 223.3 226 228.1 229.4 231.2 232.8 233.8 233.3 233.8 234.9 236 237.2 238 239 239.9 240.6 240 237.2 233.8 230.1 225.5 218.7 213 208.8 206.1 202 201.7 200.5 200.3 201.1 202.1 202.7 201.9 199.4
230.2 233.2 234.5 234.7 234.7 232.4 228.8 225.7 223.3 219.5 215.6 211.3 212.4 214.9 215.5 218.4 219.1 218.8 218.4 217.9 217.4 218.7 219.6 219.6 217.2 215.6 214 213.4 211.5 210.1 206.2 203 201.7 201.7 201.8 202.2 202.6 203.4 204.2 204.9 207.6 210.9 213.8 216.8 221.3 224.1 226 228 229.8 231.3 232.5 233.9 235.6 236.7 237.8 238.2 238.9 239.8 240.5 240.8 240.6 238.9 235.5 231.7 227.7 224.3 219.8 214.7 209.4 206.7 207.5 208 208 207.7 206.2 206.1 204.7 203.1
224.4 221.2 225 225.4 225.8 223.8 223.3 218.9 217.3 215.7 213.4 210.9 207.9 209 210.4 211.5 212.9 213.6 213.2 212.6 211.9 211.4 211.3 212.4 212.8 210.7 208.7 207.7 207.7 208.6 208.1 205.6 201.8 200.2 200 200.2 200.5 201.3 202.4 203.7 204.8 207.4 210.2 213.6 217.8 221.4 224.2 226.4 228.4 229.8 231.4 232.9 235.6 237.7 238.6 239.1 239.7 240.3 240.6 240.8 240.1 238.4 236 233 229.3 225.6 222.3 219.9 215.8 214.6 212.9 212.1 211.6 210.6 209.7 208.2 206.4 205.7
223.3 217.8 216.1 216.6 216.9 216.3 215.3 213 211.5 210.2 209 207.6 207.5 205 205.9 206.9 207.6 208.5 207.9 207.8 207.7 206 204.7 204 205.2 203.7 204.7 203.3 202 202 202.5 203.9 203.4 200.5 198.8 198.4 198.3 199.4 200.6 202.3 203.9 205.5 207.2 209.7 213.9 217.3 220.2 223.3 226.3 228.9 230.6 231.9 234.3 236.4 237.2 238.4 240 240.5 240.9 240.6 239.8 237.7 235.3 232.8 229.9 226.6 223.4 221.2 219.2 217.4 215 212.5 211.9 210.9 210.2 208.8 207.7 208
219.4 215.6 212.5 210.9 211.1 210.9 211 207.9 206 205.1 203.9 203.4 203.2 203 203.2 204.4 204.4 204.8 204.3 204.2 203.2 201.5 199.8 198.9 198.2 199 200.2 200.2 199.2 197.9 197.2 196.9 198.4 199.1 199.4 199.3 197.3 197.6 198.8 200.1 202 203.7 205.4 207.1 209.7 212.6 215.9 219.5 223.3 226.6 229.3 231.5 232.8 234 235.8 237.6 239.3 240 240.6 240.3 239.7 237.1 235.4 233.2 229.9 227.8 226.1 223.9 220.9 218.2 215.4 212.8 211 210 209.5 209.1 208.5 208.7
214.2 213.5 210.7 208.4 208.1 208 208.5 206 202.1 200.4 200.2 199.3 199 199.4 200.3 202.5 203.5 203.6 201.8 201 199.3 197.5 195.9 194.2 194.1 193.9 194.5 195.7 195.2 194.4 193.5 192.8 192.6 193.9 195.1 197.8 196.5 196.6 197.2 198.3 199.7 201.3 203 206.1 207.7 209.1 212 215.7 220.8 224.3 227.4 230.1 231.3 233 234.7 235.7 236.6 238.1 238.6 239.1 239.3 237.8 236.1 234.9 232.5 230.1 228 226.3 224 220 216.1 213.1 211.2 209.1 207.7 206.3 206.4 206.6
213 212.7 211.2 209.2 207.7 206.2 204.2 202.7 200.9 198.3 195.1 194.9 194.4 197.1 198.9 200.5 200.5 202.2 202.6 200.5 198.3 196.5 194.3 192.3 191.2 190.2 190.4 191.5 191.2 191.1 190.9 189.5 189.1 189.2 190.9 192.6 195.2 196 195 197.1 197.7 198.8 200.9 202.1 204.1 206.4 208.7 211.2 215.3 219 222.5 225.7 228.2 230.9 232 233.3 233.4 233.8 234.4 235.1 235.8 236 235.5 235.5 234.9 232.9 229.8 228 225.6 222.6 218.2 214.4 211.2 208.8 207.1 205.7 204.8 204.9
216.2 218.5 217.2 214.4 212.4 210.7 208.3 205.9 202.9 200.1 195.8 191.7 192.5 196.5 199.7 199.5 198.8 198.7 199.6 199.6 198.2 196.3 194.2 192 190.5 189.4 188.9 188.8 188.8 189.2 188.8 188.3 187.6 187 187.2 188.3 190.6 193.1 194.4 193 192.8 196.5 196.9 197.9 199.6 202 205 207.3 209.5 213.4 216.9 220.2 223.5 225.6 227.1 228.1 229.1 229.4 229.5 230.2 230.9 232 232.4 232.9 232.7 232.1 230.8 228.3 226.1 222.8 219.4 216.2 212.9 209.6 206.6 205.2 204.1 203.5
217.5 219.5 221.4 220.2 217.2 214 210.9 207.8 206 202.6 197.1 191.5 190.8 198.2 203 205.8 203.8 200.5 198.1 196.5 195.9 196.4 194.7 192.4 190.7 189 188 187.8 189 188.6 187.6 186.9 186.7 185.7 185.8 186.9 189.1 191.6 193.8 194.7 191.7 189.9 192.1 193.5 195.1 197.5 199.7 202.4 205 207.8 210.7 213 216.9 218.4 220.9 222.3 223.5 224.7 224.5 225 225.2 227.4 229.2 229.8 230.2 229.3 229.1 228.2 226.6 223.5 220.4 217.2 214 210.8 207.8 205.7 203.5 202.8
