webserver/python/data/NY94.asc
ncols 200
nrows 200
xllcorner 390000
yllcorner 540000
cellsize 50
[rows 140 to 174 of 200, columns 78 to 155 of 200]
340 350.8 359.2 370.5 382.9 390.1 396.4 404.2 413.2 422 429.7 436.4 440.6 444 446.9 449.1 452.1 454.9 458.3 462.1 465 468.9 471.7 475.2 480.7 486.3 491.7 498 501.4 499.9 495.1 489.7 484.2 479.1 474.9 470.6 466.3 462.1 457.8 453 448.3 443.9 440.4 438.8 437.4 436.1 434.9 434.3 433.6 433.3 433 432.5 432.4 432 431.6 431.1 429.4 427.4 425.7 423.9 422.1 420.4 418.2 413.4 408.5 403.6 398.7 395.2 393 391 388.7 384 378.7 373.6 368.3 363.1 358.6 354.4
341.2 349.8 358.9 370.9 382.5 388.8 394.5 400.4 408.7 415.7 421 426.4 431.6 436 438.5 441.3 444.5 447.7 451.8 456 459.8 463.7 467 470.8 476.4 481.9 486.6 490.9 495.1 496.2 495 489.6 484.6 480.4 476.1 471.8 467.6 463.3 458.3 453.1 449.8 447.9 445 443.7 442.6 441.3 440 438.8 438 437.4 437.3 436.9 436.3 435.7 435.1 434.6 433.5 431.8 430 428.3 426.6 424.8 421.2 416.9 411.5 406.1 400.6 396.6 393.2 390.8 388.2 383.6 378.5 373.2 367.6 362.8 358 355.5
334.1 347.4 356.9 368.5 378.1 386.5 390.9 395.3 401 408.2 412.1 416.2 419.8 423.2 426.6 430.1 434.4 438.9 442.6 449.1 453.5 458.1 462.5 466.4 472 476.8 481.3 485.8 490.6 493.6 493.9 490.1 485.8 481.6 477.3 473.1 468.8 464.3 460.6 457.4 454.4 451.9 449.8 448.7 447.5 446.4 445.1 443.9 443.2 443.2 442.8 442.6 442 441.4 440.8 439.9 438.4 436.7 434.9 432.9 431 428.1 423.9 418.5 412.7 406.8 402 398.6 395.1 391.6 387.5 383.1 378.4 372.6 367 362.1 359.3 357
327.9 342.1 353.6 363.5 373.4 379.9 384.7 389.2 393.7 399.9 403.3 406.7 410.5 412.8 415.9 419.2 423.3 428.4 434.8 441.8 447.5 452.3 457.8 462.1 467.1 471.7 477 482.8 489 492.4 493.6 491.7 487.5 483.3 479 474.8 471.5 468 464.2 462.1 459 456.6 454.9 453.8 452.6 451.4 450.3 449.6 449.3 449.1 448.5 448.2 447.7 447.1 446.2 445.2 443.4 441.6 439.8 438 435 430.6 425.4 420.1 414.2 408.1 403.1 399.4 395.9 392.3 388 383.4 377.8 372 367.1 364.3 361.4 358.3
326.5 334.8 349.3 358.7 366.9 373.5 378.8 383 387.2 391.6 395 398 401.1 404.3 407.4 411.3 415.2 420 426.1 433.7 441.7 446.6 452 457.7 463 468.3 474.2 480.4 486.6 491.8 493.6 493 489.3 485.1 480.9 477.3 474.5 471.8 467.8 466.4 464 462 460.2 459 457.9 456.7 455.8 455.8 455.3 455 454.4 453.9 453.3 452.4 451.5 450.4 447.9 445.2 442.9 440.6 437.4 432.2 426.7 421.3 415.1 409 404.1 400.3 396.6 393 388.5 382.8 377.5 372.4 368.5 365.6 362.5 359.3
324.6 326.4 342.7 353.4 361 367.5 372.9 377.1 381.3 384.9 387.9 391 394.1 396.8 400.3 403.9 407.7 413.8 419.9 426 433 442.4 439.5 452.2 459.4 465.5 471.7 477.7 483.8 490.2 492.3 492.3 490 486.1 482.4 480.7 478.1 475 471.8 470.5 468.9 467.4 465.6 464.3 463.1 462.3 461.6 461.7 461.1 460.3 459.9 459.1 458.1 457.3 456 453.9 451.2 448.2 445.8 443.5 439.9 433.9 428 422.2 416.1 410 405 401.3 397.5 394 389.2 384.3 379.3 373.9 369.6 366.6 363.4 360.3
320 324.7 330.3 347.5 355.6 362.2 367.2 371.3 374.8 378.2 381.1 384.1 387.2 389.8 393.6 397.4 402 407.6 413.4 420 427.3 434.7 432.1 435.8 455.3 462.4 468.5 474.7 481.1 487.6 491 492.1 492.2 489.9 486.1 483.9 481.9 478.9 476.3 474.6 473.1 472.5 470.9 469.6 468.7 468 467.5 467.3 466.2 465.5 464.9 463.6 462.4 460.2 458.8 457.5 454.6 451.5 448.8 446.4 441.2 435.3 429.2 422.7 416.6 410.4 406.1 402.4 399.1 395.7 391.1 386.1 381 375.4 370.4 367 364 361.1
318.2 322.6 323.6 336.7 350 356.9 361.8 364.7 368.3 371.5 374.4 377.3 380.3 383.2 387.2 391.3 396.4 402.2 408.5 414.7 428.8 435.9 436.8 444.6 451.3 459.3 465.7 472.2 478.6 485.1 489.6 493.4 494.4 493.4 489.7 487.5 485.3 482.8 480.6 478.7 477.3 476.7 476 475.2 474.5 473.8 473.4 472.5 471.4 470.6 469.2 466.8 464.7 462.7 461.4 459.1 456.8 454.4 451.9 447.4 442.2 436.2 429.7 423.3 416.8 411.9 407.4 404.2 401 397.5 393 388 382.2 376.2 371.1 367.2 364.2 361.2
316.7 316.6 319.6 322.8 340.7 350.8 356.1 358.6 361.8 364.7 367.7 370.6 373.5 376.8 380.1 385.4 391.2 397.4 403.7 410.2 416.4 431 439 442.4 449.7 456.7 463 469.5 476 482.5 488.3 493.2 495.8 496.6 493.3 491.1 488.3 486.4 484.9 482.8 481.5 480.9 481 480.9 480.3 479.6 478.6 477.5 476.3 474.4 472.3 469.7 467.2 464.5 462.2 459.8 457.5 455 452.2 448.4 443.2 436.7 430.3 423.9 417.7 413 408.8 405.9 402.8 399.1 394.7 389.4 383.4 377.3 371.7 367.4 364.4 361.6
321.9 313.9 316.6 319.8 325.7 342.6 349.6 352.4 355.4 357.6 360.3 363 366.3 371.8 371.9 380.1 386.4 392.9 399.7 406.7 413.7 421.7 431.2 439.7 447.4 454.2 460.3 466.6 473.2 479.7 485.8 491.3 495 497.1 495.8 492.6 489.4 488.7 487.7 486.8 486.1 486.3 486.5 486.3 486.1 485.5 483.8 481.5 479.6 477.6 475.4 472.2 468.7 465.3 462.9 460.4 457.8 455.3 452.4 448.6 443.2 437.3 431 424.8 418.9 414.1 410.5 407.4 403.9 400.2 395.8 390.6 384.5 378.4 372.3 367.8 364.5 362.1
325.8 313.2 315.5 315.5 317.2 330 342.4 346.4 349.5 351.7 354 356 355.9 359.1 368.4 374.8 382.5 389.4 396.5 403.7 410.9 418.5 427.8 436.9 445.1 451.7 457.9 464 470.3 476.8 482.5 488.6 492.7 496.1 495.8 493.5 491.7 491 490.1 489.7 490.5 491.2 492.2 492.6 492.9 490.4 487.4 485 482.9 480.2 477.1 473.6 470 466.4 463.4 460.7 458.2 455.6 452.6 448.6 442.7 437.2 431.6 425.5 420.1 415.2 411.8 408.6 405 401.3 396.8 391 385 379 373.1 368.4 365 362.6
330 314.9 314.1 315 317 322.9 333.3 339.3 342.9 342.2 343.3 350.8 356.3 361.3 361.9 370.5 379 386.3 393.4 400.2 407 415.1 424.1 433.4 442.7 449.2 455.4 461.5 467.6 473.8 479.8 485.8 490 494 495.4 494 493.4 493.7 493.4 493.5 494.6 496.5 498.7 500.5 499.3 495.1 490.6 486.9 484 481.2 478.2 474.9 471.3 467.8 464.7 461.7 458.6 455.9 452.8 448.1 442.6 437.2 431.8 425.8 420.6 416.2 413 409.8 406.1 402.4 397.2 391.7 385.3 379.5 373.9 369.3 365.8 363.1
333.7 326.7 311.6 313.6 315.3 318.2 328.8 327 331.6 339.4 349.1 353.4 359 362.5 365.7 369.3 371.5 382.8 389.8 396.6 403 410.5 420 429.6 438.8 446.9 452.9 458.8 464.6 470.5 476.7 483 487.6 490.6 492.9 494.4 494.7 496.5 497.6 499.6 501 503.1 504.2 502.4 500.6 497.1 492.3 487.9 485.1 482.1 479.2 476.2 472.6 469.2 466 463 460 456.9 453 447.9 442.5 437.1 431.7 426.5 421.2 417.3 413.8 410.5 407.5 403.9 398.7 392.5 385.8 380.1 374.8 370.4 367 363.6
335 329 315.7 312.8 315.5 318.4 324.1 333.4 341.2 351.8 356.4 356.4 359.9 361.8 367.1 371.6 380 380.5 383.4 392.5 398.9 406 413.2 422.9 431.6 440.9 449.1 454.6 461 467.2 473.4 480.1 485.1 487.6 490.5 494.1 496.7 500.2 502.4 505.6 507 506.7 504.2 500.7 497.6 494.1 491.3 487.1 484.7 482.7 480.1 477.2 474 470.5 467.3 464.3 461.2 457.7 453.2 447.9 442.5 437.1 431.6 426.6 422.4 417.7 414.2 411.1 408.2 405.2 401 394.6 387.8 380.8 375.6 371.7 368.2 364.7
335.4 329.4 315.5 312.3 314.5 317.4 325.1 333.2 342.2 351.5 358.8 364.6 370.4 375.6 381.4 386.2 389.8 393 395 397.4 398.2 400.6 406.4 414.7 423.8 432.5 441.6 449 457.6 464 470.3 477.3 482.9 486.7 490.7 494.7 498.1 502.5 507.2 508 507.6 505.5 501.6 497.5 494.5 491.2 488.3 485.5 483.5 481.7 479.9 477.4 474.8 471.9 468.6 465.4 462.2 458 453.2 448 442.6 437 431.4 426.5 422.5 418.3 414.6 411.8 408.9 405.9 401.8 395 388.1 381.7 376.2 372.1 368.2 364.1
337.5 331.2 325.8 309 311.9 314.6 322.9 332.7 340.7 351.2 360 367.6 373.9 381.3 387.8 394.1 398 401.4 403.8 405.1 408.1 411.6 414.1 417.4 417.6 426.5 436.2 446.9 454.1 461.2 468.1 475.5 482.4 486.8 491 495.2 498.9 502.9 506.1 505.7 503.7 501 497.9 494.3 490.9 488.2 485.9 483.9 481.9 480.2 478.5 477.1 475 472.4 469.6 466.4 463 458 453.2 448 442.4 436.8 431.1 426.3 422.4 418.5 415.2 412.4 409.6 406.1 400.8 394 387.7 381.5 376 371.1 367 362.9
341.3 333.9 327.8 318 308.6 311.5 318.1 330.6 340.7 351.5 360.5 368.8 377.6 385 392.5 399.1 403.4 409 413 416.8 420.2 423.3 426 428.7 432 433.3 435.6 447.3 454.1 461.5 468.1 473.9 481.5 486.2 490.6 494.5 495.8 498.6 500.8 499.4 496.8 494.2 491.3 488.2 485.7 484.2 483.6 482.4 480.4 478.6 477 476.6 475.4 472.9 470.1 467.2 463.3 458.7 453.4 447.8 442.2 436.5 430.8 426.2 422.2 418.9 415.6 412.6 411.4 407.2 399.9 393.8 387.5 381.2 375.6 370.5 365.9 362.1
343 335.9 328.4 321.9 309.6 306.6 312.7 327.4 340 352 361.1 370.3 380 388.4 396.2 402.9 409.8 416.6 421.8 426.2 429.6 433.9 438.5 442.2 446.2 446.3 445.6 449.2 454.8 463.3 468.5 474.8 481.5 485.8 489.2 491.6 493 494.5 494.1 492.8 490.6 487.7 484.9 483 481.5 480.3 479.6 479.3 478.9 477.1 476.7 476.1 475.1 473.3 470.6 468 463.1 457.6 451.7 446.7 441.6 436.2 430.6 426 422.6 419.3 415.8 412.2 410.2 405.3 399 393.1 387.2 380.9 375.2 370 365.1 361
343.9 338 330.8 325.1 316.5 309.3 307.3 322.6 339.6 351.1 360.3 368.6 379.3 389.4 396.9 402.1 407.7 417.2 425.7 431.2 436.4 444.8 452 454.2 455.4 455.6 454.5 456.9 461 465.5 471.7 477 483.1 485.5 484.8 488.4 489.6 490.1 489.6 488.3 486.9 484 481.1 479.2 477.7 476.4 475.6 475.3 475 475.7 475.7 475.6 474.7 473.3 470.8 466.2 460.9 455.7 450.3 445.2 440.2 435.1 429.9 425.7 421.9 418 414.1 410.2 405.7 401.6 396.4 391.2 385.9 380.5 374.6 369.1 363.6 358.2
347.1 339 333.4 326.9 319.1 309.2 306.6 318.2 336.4 347.4 358.8 365.3 376.9 386.3 393 397.5 402.2 411.9 421.8 429.6 438.1 453.2 457.8 459.6 460.3 459.6 459.6 462.3 465.8 469.9 475.2 480.4 485.6 488.2 489.3 483.3 483.6 485.2 485 484 483.2 480.3 477.4 475.7 474.2 472.7 471.5 471.4 471.5 472.5 473.8 473.6 472 470 467.1 462.6 456.9 451 446.8 442.4 437.2 432.1 426.9 423.3 419.6 415.8 411.9 408 403.6 398.9 394.6 390 384.5 379.1 372.8 365 360.2 356.4
348.6 341.3 335.2 328 320.4 308.4 305.4 309.5 332 345.4 354.4 361.2 370.4 380 386.3 391.4 397.4 403.5 412.7 421.6 430.6 445.1 455.2 458.6 460.6 461.6 463.9 467.1 470.8 474.5 477.8 483 487.3 489.5 489.8 488.7 483.8 477.6 477.9 479.7 479.1 476.6 473.7 472.1 470.6 468.8 466.6 466.5 466.6 466.3 466 466.2 465.2 463.3 460 456.2 450.7 445.7 441.6 437.7 433.8 429 424.3 420.7 417.1 413.6 409.7 405.8 401.5 396.8 392.6 388 383.3 377.4 371.2 362.7 358.7 355
350.8 344.5 337.9 331.3 323.7 309.3 305.9 305.3 320.4 341.8 349.8 356.6 363.6 370.9 377.8 384.2 390.4 396.6 404.1 413.1 421.5 430.8 443.3 452.7 457.6 461.5 465.9 470.2 474.1 477.9 481.5 485.5 489 489.6 489.5 489.4 487 482.7 477.1 473.1 474 472.6 470.1 467.9 465.5 462.9 460.9 460.2 459.7 458.7 457.3 457.1 455.7 454.5 452.4 448.6 444.7 440.6 436.5 432.5 428.6 424.7 421.6 418.1 414.5 411 407.4 403.6 399.5 395 391 385.8 380.8 375.2 368.9 360.6 358.8 353.8
353.6 346.9 340.1 332.1 324.4 318.8 306.6 304.4 312.8 339 345.1 351.9 358.1 364.5 370.1 375.8 382 388.3 395.9 404.1 412.1 420.6 432.1 448.7 456.2 461.4 466.9 471.1 475.7 480 484.1 487.2 489.1 488.8 488.5 488.2 485.9 482.4 477.5 473.2 469.5 467.5 462.8 461.6 459.4 456.9 455.1 453.1 452.5 451.5 449.8 448.3 447.1 446.1 444.2 442 438.7 435.3 431.3 427.4 424.1 421.3 418.5 415.2 411.7 408.2 404.7 401.2 397.4 393 388.4 383.5 378.5 373.1 366.7 362.1 357.4 351.4
355.3 348.9 341.8 334.4 332.2 328.1 311.5 303.8 305.4 325.4 340.7 347.4 353.1 359.4 363.8 368.7 374.6 380.1 387.5 395.7 403.8 412.8 425.2 442.4 453.3 457.8 463.6 469.3 474.4 478.8 482.4 484.9 486.4 486.7 486.7 485.9 484.8 481.9 478.8 475.2 471.3 466.2 458.7 450.8 448 448.8 446.8 445.6 445.3 444.3 442.5 441.2 439.9 438.6 437.3 435.9 432.6 429.2 425.7 423.2 420.6 417.9 415.2 412.2 408.7 405.2 401.8 398.3 394.5 391.5 387.1 382.5 377.4 372.1 366.3 361.5 355.8 350.2
356.1 350.6 344.1 336.2 335.7 332.6 324.6 306.1 301.3 315.9 336.3 342.4 348.1 353.8 357.6 362.2 366.2 372.2 380.4 388.7 397 406.7 420.7 436.5 448 453.2 458.1 464.4 469.8 472 475.8 478.4 480.6 482.7 484.1 484.6 483.4 481.4 479.3 476.3 473.2 467.8 460.5 454.1 444.3 435.9 438.5 438.1 437.8 437.1 435.9 434.7 433.5 432.4 430.3 429.1 426.5 423.1 419.9 417.4 415.8 413.2 410.5 408.4 405.6 402.4 398.9 395 391.1 388.4 385.6 381.1 376.5 369.6 365 359.4 353.7 348.1
356.6 351.9 346.3 338.6 338.2 335.1 328.8 321 305.8 305.6 323.1 337.6 343.2 348.1 353 357.4 361.8 367.6 374.4 382.6 391.7 402.3 416 431.9 442 447.2 451.8 454.9 459.5 461.5 466 470.7 474.2 477.6 480.4 481.7 482.2 482.6 479.7 476.3 471.5 464.7 457.6 451.1 444.8 437.5 424 427.8 428.5 429.5 429.3 428.6 427.8 426.2 424.7 422.1 420.4 417 414.2 411.5 409.7 408.1 406.2 404.3 401.6 398.8 395.4 391.3 387 383.9 381 378.3 374.1 367.5 362 356.7 351.4 345.9
357.3 353.4 349.1 345.7 339.9 335.4 329.2 323 317.3 300.6 318.1 331.7 337.5 343.5 348.3 352.7 357.5 362.8 369.3 377.1 387.1 397.7 410.3 424.1 433.7 438.8 441.7 444 447.8 451.5 455.3 460 465 470.4 475.5 477 478.5 480.2 476.8 473.1 468.4 461.7 453.5 448.4 443.1 432.8 429.3 414.9 416.5 420.1 422.4 422.9 421.6 420.1 418.6 416.7 413.9 411.2 408.5 405.7 403.5 401.7 400.9 399.9 397.6 395 391.5 387.2 382.8 379.6 376.5 373.9 369.5 366.3 360.4 354.9 349.3 344.5
355.4 354.2 349.9 344.7 338.3 333.8 328.4 322.3 313 300.6 303.8 321.3 331.3 336.9 343.5 348 353.5 358.8 364.2 371.5 381.6 392.5 403.3 415.2 423.1 429.7 433.2 435.5 437.7 441.3 445 449.7 454.9 462.7 470.4 473.7 479.2 479.1 478 473.7 468.4 461.6 454.2 446.5 441 429.7 422 416.2 407.5 404.6 409.6 412.4 414.3 413.9 412.4 410.3 406.8 403.6 400.6 397.9 396.5 395.2 395.2 395.2 393.8 391.2 387.5 383.1 378.7 375.5 372 367 364.5 362 358.2 352.6 346.9 342
349.6 347.7 346.7 341.4 335.8 331.5 327.5 320 314.6 300.5 299.7 307.8 322 329.1 337.2 344 349.5 354.4 360.9 368.1 376.4 387.8 397.8 406.9 415.8 422.5 426 428.1 430.8 433.3 435.8 441.1 449.6 458.1 466.4 473 479.4 481.5 479.1 474.4 468.6 462 454.8 447.2 439.5 429.7 420.5 411.9 405.5 401.8 399.8 401.6 402.9 402.1 402.3 401.2 398.7 395.5 392.9 390.5 389.3 387.8 387.7 388.4 387.8 385.5 382.3 378.1 374 370.2 361.2 361.1 359.1 356.6 353.2 349.3 343.6 338.7
351 339.3 332.1 340.4 325.4 322.5 317.1 314.8 310.2 305.7 295.3 301.4 311.4 321.1 332.2 339.1 344.9 351.4 358.1 364.8 373.4 382.8 393.2 400.7 408.2 413.6 418.9 421.7 424.4 427.4 429.6 436.9 446.6 456.2 463.9 471.5 480.2 481.4 479.9 474.7 468.8 462.1 455.4 447.6 439.9 432 423.4 416.7 410 404 397.6 393.4 390.4 386.8 390.4 389.9 388.7 387.9 385.3 383.3 381.5 380.2 379.9 379.5 379.4 378.2 374.9 371.5 367.4 360.3 358.1 356.3 353.9 351 347.5 344.1 339.4 335.7
355.4 351.5 347.6 341.6 326 328.7 328.8 325.6 319.1 307.4 299.3 295.6 298.5 312.8 324.4 334.5 342 348.7 355.4 362.1 369.6 378.2 388.6 397.1 402.6 408.4 412 415.2 418 421 426.2 435 445.1 454.3 462.8 471.2 479.1 481.1 480.1 475.9 469.2 462.7 455.5 447.8 440.1 432.3 424.9 417.8 410.7 404.3 399 393.2 386.8 384.6 382.2 377.6 380.3 379 377.3 375.9 373.8 372.7 372.9 373.8 373.9 371.1 367.7 364.3 360.8 357.8 353.9 350.7 348.1 345.3 341.7 338.1 334.6 331.9
356.2 352.7 342.1 337.7 341.7 337.9 333.3 327.4 316.1 309.7 303.9 296.2 291.9 304.2 317.3 328.9 337.9 346.1 352.7 359.2 366.2 374.9 385 393.3 398 401.5 405.1 408.5 408.1 417.5 426.1 436.2 445.2 453.1 461.7 470.1 478 481.1 480.5 476.5 469.8 463.2 455.7 448.1 440.3 432.8 425.9 418.9 411.9 404.8 398.6 392.6 386.8 376.9 374 376.7 372.1 372.5 371.9 371.3 369.8 368 367.6 369 366.8 365.5 362.4 358.8 356.6 352.7 348 345.4 342.3 339.5 336 332.8 329.4 326.6
355.3 348.7 349.6 347.2 343.7 339.7 335.4 328.7 320.1 314.2 308 299.9 294.6 291.5 306.6 325.6 334.5 342.4 349.3 356.1 362.8 371.6 381.4 390.3 394 396.1 398.6 400.2 409.3 417.8 426.7 437.8 444.7 452.1 460.1 468.2 476.3 480.5 479.3 476.3 470.4 463.4 455.9 448.3 440.6 433.6 426.7 419.7 412.7 405.7 398.3 392.3 386.4 380.4 373.6 368.1 368.4 367.7 367.2 366.9 365.8 364.4 362.9 363.3 362.2 360.3 357.4 351 349.5 346.4 342 339.7 337 333.8 330.3 327.2 324.1 321.4
354.3 351.6 351.9 348.9 345.6 341.9 336.4 329.6 323.1 316.8 310.3 304.2 296 291.1 301.7 323 331.4 337.6 344.9 352.9 359.5 367.4 376.7 384.5 388.3 389.1 390.7 398.9 406.5 415.4 424.3 434.4 443 448.8 457.6 466.2 474.3 478.9 478.4 476.7 471 463.6 456.1 448.5 441.3 434.4 427.5 420.5 413.5 406.3 398.6 391.8 386 380.2 370 366.9 359.1 362.2 362.6 362.3 361.7 360.8 359.6 357.9 355.9 353.7 350.8 345.6 343 339.7 336.5 334.1 331.7 328.6 324.6 321.5 318.9 316.6
354.2 356.2 354 350.9 347 342.8 337.1 330.6 324.7 319.2 313.4 308.3 301.3 290.4 297.6 320 329.3 336.3 342.7 350.2 356.4 362.1 370.2 376.7 378.2 376.1 390.8 397 404.6 410.5 418.4 428.7 438.3 445 453.2 462 470.8 476.6 477.5 476.8 472.3 464.9 457.5 450.3 442.8 435.3 428.3 421.4 414.1 406.8 398.9 391.2 385.4 379.5 373.7 366.6 360.1 355.3 356.4 356 356.8 356.2 355.1 353.2 349.2 345.9 341.8 339.5 337.1 334.6 331.4 329 325.7 322.6 318.5 312.1 314.6 312.3
