webserver/python/data/NY96.asc
ncols 200
nrows 200
xllcorner 390000
yllcorner 560000
cellsize 50
[rows 114 to 151 of 200, columns 0 to 84 of 200]
189.4 190.2 190.7 190.7 191.3 190.7 191 189.5 190.9 190.2 189.2 189.3 188.3 188.6 187.1 185.8 184.7 183.7 180.3 178.7 176.7 174.6 172.2 170 169.2 167 163 158.3 156.8 154.6 152.1 149.7 147.4 145 142.4 139.9 136.2 132.8 129.5 127.4 125.2 122.1 118.4 116 112.5 109 105.5 102.3 99.6 96.8 94 90.7 87.6 84.6 79 75.5 72 70.4 67.3 65.2 65.6 66 57.2 50.6 44.1 43.5 43.9 43.2 45.3 45.6 41.6 38.4 37.7 36.9 36.2 36 35.7 34.2 34.2 34.7 35 35.1 35.8 33.6 31.9
189 189.1 190.5 189.7 190.2 191 190.1 189.3 188.8 188.1 186.5 186.8 186.8 185.1 183.7 182.7 181.7 180.7 176.6 175.1 173.2 171.1 169 168 165.3 163.4 159.1 155.5 153.6 152.2 150.3 148.5 146.7 144.3 141.7 138.7 135.1 133 130.3 127.6 123.4 120.5 116.9 114 109.5 105.9 102.4 98.6 95.4 92.3 89.6 86.7 84.8 81.1 77 74.8 71.9 68.8 66.4 61.6 59 56.9 50.6 46.7 44.3 49.4 50.5 49.5 48.1 50.5 50.8 45.6 39.4 38.5 37.1 36.2 35.5 34.2 34.2 35.6 34.5 35.2 36 34.8 33.1
190.4 189.6 189.5 189.7 189.4 189.1 190.1 189.1 188.6 187.4 185.8 185.5 185.1 184.1 183.8 182.1 180.3 178.2 174 171.5 169.8 168.9 168.9 168.2 164.8 159.1 157.1 153.2 150.3 149.7 147.6 145.2 143.6 141.9 139.3 136.8 134.1 131.5 128.5 124 120.8 118.1 115.2 111.2 106.7 102.8 99.6 95.3 91.8 88.6 85.5 82.2 79.4 76.3 74.3 72.3 70.3 66.4 63.6 58.8 55.6 53.3 50.4 46.3 51.9 51.9 51.4 50.9 49.3 51.1 52.6 51.5 50.6 44.5 37.9 36.2 34.9 34.2 35.9 34.3 35.9 36.7 37.4 36.2 34.3
190.3 189.5 190.3 190.4 190.8 189.1 189.6 188.9 188.2 186.6 185.3 184.7 184.1 184 183.6 182.8 181.1 178.3 174.1 170.7 169.1 169 169.6 168.3 167.5 165.6 159 153.5 147.8 145.5 144.3 142.1 140.4 138.3 135.7 133 130.2 128.2 124.5 120.8 118.2 115.4 111.9 108.2 104 99.7 96.6 91.9 88.3 85 79.7 77.1 74.8 72.7 70.8 69.2 67.1 64 60.1 57.7 56.1 50.4 49.1 57.2 54.7 53.8 54.4 53.4 52 52.2 53.8 53.5 52.9 49.9 44.2 37.3 35.4 36.7 35.7 35.5 37 38.1 38.9 38.6 35.7
189.6 190.5 191 191 191 189.1 189.5 188.7 187.4 185.6 184.7 184.4 184.4 185 183.9 183.9 183.4 180.7 177.6 175.2 174.4 174.7 172.4 171.7 169.8 167.9 164.7 157.5 152 144.8 141.9 139 136.7 134.3 131.7 128.7 125.6 123.6 120.1 117.9 114.3 111.8 108.9 104.6 101.2 97 93.8 89.9 87.7 86.7 85.9 81 75.8 71.7 68.7 67.1 64.3 63.4 62.2 60.7 58.2 51 56.8 61 60.7 58.9 57.9 56.3 54.2 54.9 55 54.9 54.6 53 51.6 43.6 38.4 38.3 39.6 39.9 39.1 40.2 45.3 45.6 44.9
189.9 190.4 190.9 191 191 190.2 188.4 186.7 186.3 185.3 184.9 184.5 184.8 185.4 185.4 185.8 184.8 182.3 180.9 180.1 178 175.3 174.9 174.3 170.6 167.8 166 161.4 155.8 150.1 145.2 140.8 137.5 134.8 132.1 128.3 123.6 119.4 117 114.7 111.2 108.3 106 101.6 98.9 95.9 95.2 92.1 91.3 88.7 86.2 81.9 77.9 75.8 72.1 70.1 66.3 64.6 63.6 61.9 57.9 50.7 61.2 61.8 62.1 61.4 60.3 55.3 54.1 54.8 55.4 55.7 55.4 52.8 50.6 48.3 45.3 43.4 43.9 43 45.2 45.5 45.6 46.2 46.9
190.5 190.7 190.9 190.3 189 187.7 185.6 184.5 183.5 183.3 183.3 183.2 183.4 183.8 184.7 183.1 182.9 181 180.9 180.5 177.9 176 173.2 172.3 169.5 166.4 163.8 159.1 156.5 153.7 149.9 146.2 142.1 138.2 135.5 131.9 127.7 123.7 119.3 115.7 113.5 109.8 106.9 102.6 101.1 99 97.3 95.5 92.4 89.4 86 81.8 78.4 76.2 75.4 72.7 70.3 67.1 63.9 62.1 55.1 60.8 62.1 61.7 61.5 60.3 59.7 55.1 54.6 55.2 54.9 55.4 55.6 52.2 50.5 49.9 50.1 47.7 46.7 47 47.2 47.9 48 48.1 48.1
190.9 190.4 189.8 189.1 187.1 186.4 185.8 184.2 182.1 181.6 181.1 181 181.1 181.5 180.5 177.8 177.9 176.5 174.7 174.1 172.7 170.9 169.2 168.7 165.5 163.1 160.7 156.5 154.8 151.7 148.6 144.9 141.5 139 136.4 133.2 128.9 125.3 120.6 117.5 115.1 111.6 107.9 103.7 100.9 98.8 96.8 94.9 92.5 90.1 85.9 81.9 79 76.8 75.8 75.7 74 69.1 66.3 58.8 61.5 64.9 63.2 62.4 61.3 59.2 59.2 56.1 56.6 58.6 57.6 55.7 54.1 54.4 53 52.3 51.4 50.2 49.1 49.9 49.7 50.3 50.4 50.5 50.5
187.8 186.9 186.5 186.5 186 184.8 185.3 183.6 181.4 181.8 180.9 180 178.2 177.5 176.3 173.6 171.2 169.6 168.6 167.4 166.1 164.8 164.3 160.7 158.6 157.4 156.2 152.6 149.2 146.7 144.4 141.9 139.4 136.4 133.4 130.4 126.6 123.2 119.3 117 114.6 111.4 107.1 102.8 100.7 98.7 96.4 93.1 89.4 85.6 82.5 78.7 75.3 72.4 68.4 71.8 72.3 71.1 65.2 58.4 68.5 70.8 66.9 63.4 62.1 61.6 60.2 60.3 60.6 61.5 60.5 59.6 57.6 58.9 57.4 56 54.4 53.1 52.3 52.4 52.7 52.7 52.8 52.9 53
185.1 184.4 184.2 184.2 184.6 183.4 183.6 183 180.8 181.2 181.1 180.2 177.1 173.8 173.4 169.8 170.3 169.6 166.8 163.4 160.9 158.9 157.6 155.3 153 151.7 150.4 148.2 144.8 142.2 139.9 137.2 133.9 130.5 128.3 125.9 123.6 119.5 117 114.4 111.8 108.2 104.9 100.2 98.3 95.6 92 87.8 84.2 79.4 75.8 74.8 73.5 67.7 63.9 64.3 61 59.1 61.6 70.5 73.6 71.6 70.5 65.8 65.5 62.9 59.8 62.6 63.7 63.8 64.1 64.4 62.8 63.7 62.3 61 59.2 58 57.6 58.7 57.3 57.5 57.2 57.3 55.7
183.7 183.3 183 182.6 182.4 182.2 181.8 181.4 180.2 180.7 180.8 178.9 175.5 173.1 170.8 170.5 170.7 169.5 167 163.8 159.5 157.6 154.9 152.8 149.4 148.5 145.4 144.8 142.1 139.7 136.8 133.9 131 126.4 123.2 121.1 119.6 116.5 113.9 111.6 108.6 105.1 102 97.2 94.5 91.1 84.8 81 79.8 79.8 78.8 78.4 77.5 74.9 73.3 73 71.5 71 71.8 72.5 71.9 70.5 69.4 68.9 68.5 66.1 63.9 69.4 69.8 68.7 68.3 68.8 65.3 67.7 67 65.9 64.6 63 63.5 62.5 60.8 62.7 62.3 61.2 59.9
182.3 182.1 181.8 181.5 181.2 181.3 180.9 180.1 179.3 179.8 178.7 176.7 172.9 169.6 170.3 170.3 170 167.3 164.4 161.7 159.9 157.4 156.6 155.4 152.5 148.5 145.7 143.1 139.2 137.4 134.4 131.1 127.2 124 121.7 119.2 117 113.5 109.8 106.8 103.8 102.2 99.9 94 89 85.8 83.2 85.2 83.8 84 82.1 82 78.4 77.7 77.2 77.5 74.6 74 74 74.5 73.9 73.2 72.7 72.1 71.8 70.2 67 71.9 72.2 72.8 72.6 72.4 69.3 70.9 70.9 69.7 68.4 66.9 66.1 65.4 66.4 68.3 67.6 65.7 63.9
180.9 181 180.7 180.8 181 181.1 181 180.9 179.9 177.4 176 174.6 170.7 168 166.4 166 164.8 160.5 157.2 155.4 154.5 153.9 153.4 152.2 151.8 150.8 148.5 145.5 140.4 137 134.1 131.1 130.2 128.6 125.6 123.8 120.3 116.3 111.7 108 102.8 95.5 89 87.4 84.5 88.6 90 90.4 88 85.7 85.3 85.5 82.8 81.7 81.2 81.3 77.2 76.8 76.7 76.4 76.1 76.9 77.5 75.9 75 74.2 69.3 74.2 75.2 76 75.9 74.6 72.1 69.6 71.4 71.4 70.1 68.9 68.8 68.5 70.7 70.6 70.1 70.2 66.7
180.3 180.2 180.5 180.7 180.9 180.9 180.9 180.9 179.6 176.5 174.1 174.6 172.1 169.2 166.5 161.4 154.3 153.7 153.3 151.4 147.4 144 144.2 145.2 144.7 147.2 146.7 145.4 142.1 138.2 134.6 130.5 129.9 127.4 123.1 118.4 119.5 116.4 113.7 106.8 98 89.5 94.2 97 97.6 94.9 94.7 92.5 90.6 90.3 90.7 90.9 88.1 85.4 85.1 83.9 81.5 79.7 79.5 79.4 80.1 81.6 81.7 80.6 79.4 78.3 74 78.3 78.7 79.3 78.2 77.3 75.9 72.6 73.5 73.1 73.5 72 71.4 69.6 71.1 70.7 70.4 69.9 67
180.5 179.7 180.1 179.4 179 180.9 180.9 180.9 179.5 176.1 175.2 175.5 172.9 170.8 166.3 163.7 159.3 155.7 156.5 155.5 155.4 154.9 153.6 150.2 142 138.9 135.6 135 134.2 131 129.8 126.6 122.9 119.1 116.7 113.3 108.5 104.4 102.2 106 102.3 107.4 107 105.5 105.3 102.3 100.9 97.9 96.6 95.3 95.7 96.1 93.5 90.7 88.9 87.7 85.8 85.4 84.7 84.6 85.2 86.5 85.1 83.4 82.4 81.7 78.7 82.7 82.8 82.5 81.8 81.2 80 76.5 75.7 76.5 76.9 74.8 73.3 72.7 71.9 72.2 72.2 70.6 71.2
183.2 181.7 179.9 177 174.5 174.9 174.2 176.2 175.7 173.5 170.4 168.8 168.2 165 165 165.6 164.4 166.2 162.6 162.4 162.2 161.8 160.5 157.3 151.9 148.1 143.2 138.4 137.9 135.2 132.7 129.5 130 128.4 127.7 126.2 122.1 118.2 110.4 118.1 115.9 115.6 114.7 113.7 111.1 107.5 108.7 106.2 102.1 101.2 101.1 101.1 98.9 95.9 93.9 93.2 91.3 91.1 90.5 89.8 90.3 89 88.7 86.7 86.1 86.7 82.8 82.6 86.3 85.3 84.6 84 83.8 80.5 78.8 80.3 79.8 77.6 75.3 74.7 73.6 74 76.9 78.7 80.9
185.5 184.4 182.7 178.2 174.5 179.1 178.4 174.7 171.5 174 176.7 175.8 176.1 174.5 172.6 172 171.4 170.8 169.5 169.3 168.8 166.3 164.9 161.7 158.8 156.3 152.9 150.3 145.9 143.1 142.1 140.1 138.1 137.8 136.7 134.8 131.5 128 117.4 125.2 122.8 122 121.6 119 115.2 115.6 115.8 113.8 108.8 107.1 106.9 106.5 103.7 100.8 100.3 100.5 100 97.4 96.2 95.5 95.3 93.2 92.5 90.7 90.1 90 83.5 82.4 87.8 87.9 87.5 86.8 86.8 84.9 83.5 82.1 81.9 79.7 77 77.7 82.2 83.3 87.6 91.7 96.3
185.1 183.8 179.7 179.2 181.7 181.9 181.8 181.7 178.7 181.2 182.7 181.9 181.5 180.7 176.4 175.7 173.5 174.7 174.7 174.3 173.5 171.9 170.2 168.4 165.5 164.5 161.6 159.9 157.1 155.6 153.7 150.2 147.8 145.3 142.8 141.6 137.5 131.7 130.8 132.7 130.7 128.8 126.7 124 121.5 123.3 122.3 121.1 117.6 114.3 112.9 112.3 110 107.2 106.2 106 106 103.3 101.7 101.7 101.8 99.9 97.5 95.1 93.7 91.9 86.5 88 91.8 91.4 90.5 89.6 91 88.9 88.6 86.4 84.5 83.2 80.9 84.9 91.1 97.8 102.5 104.3 106.1
180.9 179.4 180.8 183.4 183.5 184.7 184.6 184.8 182 183.9 185.9 184.2 183.7 182.7 181.1 180.2 177.1 178.4 178.9 178.8 178 176.4 174.8 172.4 171 169.8 168.3 166.2 164.7 164.6 162.5 159.5 158.2 156.3 152.2 148.5 141.8 130.1 140.5 140 137.7 135.3 133 130.7 129.9 130.1 129.3 128.2 125.6 122.5 119.6 118.3 116.9 114.4 112 112.7 111.9 109.3 108.3 108.1 105.9 103.9 102 99.8 97.7 95.6 86.6 92.1 94.7 96.4 95.7 95.1 95.1 94 94.1 91.5 88.2 86.5 88.2 96.3 103.3 107.4 109.9 111.7 113.8
181.9 183.8 186 187.5 188 190.7 190.4 187 185.6 185.4 186.7 187.1 186.5 186.2 185.3 184.9 184.1 182.6 182.6 183.1 182.5 180.9 179.4 176.6 177.5 176 174.7 173.4 172.7 171.3 169.4 167.3 164.9 161.1 158.4 152.2 141.2 145.8 146.8 145.4 143.5 141.5 139.4 136.2 135.8 137.7 136.7 136 133.7 129.5 127 124.4 122.9 122.5 119.4 119.4 117.9 116.1 114.8 113.8 111.1 108.4 105.8 104.3 103.4 100 91.6 96.9 99.2 100.2 100.2 100.2 98.9 97.2 98.6 96.9 93.1 91.1 94.6 103.1 108.5 113 115.8 121.8 125.5
186.7 188.6 190.1 191 191.5 191.8 190.4 189.1 188.7 188.6 189.5 190.3 190.6 190.4 190.1 189.6 189 188.6 188.1 187.7 187.3 185.3 184.8 182.2 183.6 182.9 181.3 179.8 179.1 176.3 173.9 171.7 167.5 165.6 161.5 149.3 149.1 153.6 151.7 150.2 147.9 145.6 143.3 141 140.4 142.3 142.9 142.8 140.9 136.4 134.4 131.1 129.4 126.7 123.8 121.2 120.6 119.6 117.3 116 113.8 110.6 109.8 108.5 103.9 97.7 95.5 101.4 104.1 103.6 103.5 103.5 102.4 102.4 102.4 101.4 100.2 98.8 103.2 111.5 115.6 123.8 131.5 135.5 132.6
189.7 190.6 191.6 192.5 192.8 193 192.7 192.6 192.5 192.3 192.9 193.3 193.5 193.5 193.9 194.1 193.5 193.5 194.1 192.9 193 190.3 188.5 188.1 188.4 187.7 185.4 182.2 180.3 179.9 177.8 175.3 172.2 168.7 156.5 155.4 159.4 157.4 154.9 153 151 149 146.7 144.4 143.2 145.3 148 147.7 143.8 139.6 136.2 133.2 130.1 125.9 123.2 120.8 120.6 120 117.5 115.5 114.8 112.4 111.4 109.9 106.1 105.1 105.1 108.2 107.7 108.1 108.3 107.6 106.6 105.7 105.1 105.1 104.8 107.1 111.7 117 129.6 136.2 137.9 137.9 134.8
192.8 193.8 194.7 195.5 196 196.1 196.1 196.1 196 196.3 196.5 197 197.6 197.4 197.7 198.1 198.1 198 198.1 197.4 197.1 194.8 192.5 191.1 191.4 189.2 186.6 183.9 182 179.3 178.9 175.7 172.3 165.3 165.8 165.7 164.3 161.1 158.2 156.1 154 152 149.9 147.8 146.9 148.3 150.9 150.7 147.2 142.3 137.3 132.5 128.9 125.8 124.8 123.4 120.8 117.7 114.9 114.2 114 114.5 113.8 112.5 112.5 112.6 112.6 113.2 113.7 114.3 114.7 113.3 112.2 112.5 112.1 109.9 111.3 114.9 121.3 133.1 137.1 140.4 141.7 141.6 142.2
196 196.9 197.8 198.6 199.9 200.2 200.3 200.6 200.9 200.7 201 201.6 202.3 201.2 201.6 201.9 202.3 202.4 201.5 200.6 199.7 197.3 195.8 194.2 191.8 189.6 187.9 186.3 184.3 182.2 181.5 178.4 176.5 173.2 170.7 169.8 167.7 164.6 161.9 159.6 157.5 155.5 153.5 151.4 150.2 149.4 149.1 150.7 148.6 144.5 139.6 133.8 129.8 129.1 128.9 128.2 125.1 122 117.1 114.6 116.2 116.9 117.5 117.7 117.5 116.8 117.9 118.4 118.9 118.8 118.9 118.9 117.6 118.6 118.6 118.3 120.2 126.1 133.4 138 140.2 144.1 146.4 146.4 146.5
203 203.3 203.1 204.2 204.3 205.3 205.5 205.6 205.5 204.8 205.6 206.4 207.1 205.5 205.2 205.5 205.6 205.4 204.8 203.4 202.1 200.3 198.7 197.1 194.9 192.4 190.6 189.3 188 185.1 183.9 181.2 177.5 174.3 174.6 173.8 171 168.4 165.7 163.1 161.1 159.3 157.6 154.9 154 151.9 151.7 149 148.5 145.1 140.7 134.8 131.7 131.1 132.2 132.3 129.7 127.3 122.4 117.6 121.3 122.9 122 122.8 122.5 121.8 121.7 122.9 122.9 123.1 123.6 122.5 122.8 124.9 126.2 126.4 129.4 133.4 138 140.2 143 146.9 149.2 150.7 151.1
208.1 208.2 208.2 208.4 208.8 210.1 211.8 212.3 212 211.6 211.4 211.3 211 209.3 208.3 208.1 207.9 207.7 205.5 205.1 204.7 203.2 201.6 200.1 198.3 195.9 195.3 194 192 188 186.3 184.6 179.9 179.7 178.4 176.7 174.9 173 170.9 168 165.5 163.5 162.2 161.8 160 157.2 155.2 152.1 148.6 143.9 141.5 139.4 137.4 137.3 136.3 136 133.7 130.2 124.4 125.5 128.4 127.7 126.7 128 127.5 126.8 125.9 127.6 128.6 129.1 128.6 128.3 128 129.4 131.3 132.4 135.3 138.7 140.9 143.4 145.8 149.6 151.7 153.5 154.9
211.5 211.6 212.7 213 214.7 216.5 217.5 217.9 216.7 216.3 215.6 214.4 213.6 213.1 212.3 211.2 210.2 209.6 210.4 211.1 209.4 207.2 206.4 205.6 204.2 201.2 200.5 197.9 195.8 192.7 188.3 182.7 186 184.4 182.7 180.9 178.8 177 175.1 173 170.6 169.1 168.9 166.2 163.4 161 158.4 155.3 150.5 147.7 145.6 144.2 143 141.6 140.8 140 138.1 133.9 127.8 131.8 132.2 132 132 132.5 131.7 130.8 132.2 133.5 134.1 134.1 132.8 132.6 133.4 134.3 136 137.1 139.4 141.9 143.8 146.4 149 152.1 154.1 156.1 156.2
217.8 218.3 218.1 217.9 221 222.1 222 221.9 221 221.2 220.6 219.1 218.2 218.1 217.2 216.1 215.1 214.8 215.7 215.3 215.4 213.3 211.7 210.7 210 209.3 205.1 202.1 200.2 195.4 188.2 189.3 189.3 188.9 187.3 186 183.7 181.3 179.1 177.3 175.4 174.5 172.2 169.5 166.7 164.2 161.6 158.3 155.9 152.8 149.9 148.4 147.3 146 144.5 143.4 141.1 138.5 129.9 136.8 137 137.1 137.2 137.2 137.5 137.9 138.3 138 138.6 139 138.2 139.1 139.2 139.9 140.7 142 143.2 144.9 147.6 149.9 152.6 155.5 157.2 158.8 157.9
221.7 222.8 223.1 223.2 224.7 225.9 226.1 226.1 225.6 225.6 225.4 224 222.2 221 221 219.6 217.8 215.7 216 215.7 215.6 215.8 216 213.5 211.3 210.7 209.6 206.3 204 200.3 200.8 200.1 198.2 196 192.7 190.6 188.9 186.6 184.8 183.5 181.4 178 175.2 172.5 169.9 167.4 166 163.9 161 158 154.7 152.8 151.7 150.3 148.9 148 146.5 142.4 136.6 142 142.4 142.5 142.7 143.7 144.2 143.9 143.9 143.7 143.8 143.9 145.1 146.2 146 146.6 147.5 148.9 150.7 151.8 153.2 156.6 159.2 160.6 160.2 161.4 161.1
223 223.8 224.5 225.9 225 224.2 225.1 225.6 225.7 225.2 225 223.3 222.2 221 221 220.8 217.4 215.6 216 216 215.8 216 214.1 214.5 211.2 209.7 207.2 204.7 204.4 206.7 207.3 205.5 203.7 201.6 199.3 197.1 194.2 193.1 192.3 190.7 187.9 183.2 180 177.2 175.1 173.2 171.7 168.9 165.3 162.3 160.4 158.1 156 154.7 154.2 153.7 151 143.2 144.7 147.7 147.8 148.6 149.8 150 150.6 150.6 150.6 151.5 151.7 152 152.7 154.1 155.6 157.7 160.9 161.5 161.2 161.6 163.4 164.2 165.7 165.5 163.9 164 163.7
223.9 224 223.6 223.8 224 224 223.7 223.1 221.1 221 220.5 220 219.5 219.1 219.8 217.4 215.1 215.4 216 216 215.8 214.9 214.1 214 213.1 211.9 209 207.3 209 208.8 208.5 207.8 206.9 205.6 203.8 202.3 200.7 199.1 198 194.6 190.9 187.7 185 183.3 181 178.8 177.8 173.2 169.9 168.2 166.1 162.5 161.5 159.9 159.9 157.9 151.2 151.9 151.1 153.6 154.7 155.8 156.3 156.3 157 158.4 157.9 158.5 160.4 161.7 164.8 165.6 168.2 168.4 168 168.7 168.7 168.8 169.5 170.1 170.2 170.1 169.5 168.3 166.8
226.4 224.4 224.4 223.8 224 224.1 224.1 222.9 221.4 220.8 220.3 219.1 219.1 219 218.7 216.6 215.3 214.5 214.3 214.2 214.8 214.7 214.1 214.3 215.7 215.1 213.5 212.8 212.7 211.3 210 209.2 208.3 206.6 204.5 202.4 200.6 200.5 199.5 196.3 192.8 190.9 188.2 186.1 185 181.4 180.5 176.2 174.3 170.8 170.4 165.7 166 164.6 160.5 154.8 156.4 157.1 156.9 159.1 161.4 162.1 162.2 163.1 166.2 166.6 164.7 165.3 167.1 168.5 169.8 171.7 172.7 173.3 173.9 173.9 173.9 172 171.8 171.6 171.7 171.6 170 170.4 169.2
229.1 229.7 229.2 227.7 228.1 228.8 228.1 227.2 225.3 224.3 224.9 222.6 220.1 219.2 219.6 219.4 218.2 217.6 216.2 215.6 214.6 214.8 215.1 216.2 216.7 215.6 215.8 215.9 215.9 214.5 212.8 210.2 208.2 206.4 204.8 202.2 200.4 198.8 197.3 195.2 191.4 189.8 188.1 186 183.5 180.5 179 175.8 172.9 169 168.7 167.7 166.7 164.9 164.1 163.2 162.9 163.3 164.5 165.4 166.9 167.7 168 169.7 172.5 173.4 170.9 171.8 173 174.1 175.5 175.7 176.9 176.5 176.1 175 174.4 172.3 172 172 172.5 172.3 170.6 169.5 167.6
236.6 236.8 236.2 234 233.3 233.8 233.3 232.5 232 230.6 229.8 228.6 227.1 225.5 224.7 223.5 222.8 222.5 222 220.7 218.1 216.8 216.9 217.8 217.7 216.5 215.5 215.7 216 215.3 213 210.5 208.3 207.3 205.9 203.2 200.2 198.3 197.6 194.1 190.6 189.5 188.8 186.1 183.7 180.9 179.2 177.9 179.1 177 174.6 174.1 174.3 172.3 171.2 170.2 168.6 167.4 168.5 169.6 172 173.6 177.3 180 180.2 179.6 178 179.5 179.5 178.6 176.6 176.7 177.5 176.5 176.2 176.2 175.9 176.8 178 177 176.6 174.9 173.2 173.3 172.9
242 243.2 241.9 240.7 237.6 237.8 237.1 236.3 236.3 234.7 233.8 233.3 232 231.5 230.8 229.7 228.8 228 226.7 225.3 222.3 219.4 218.9 219.3 218.7 217.5 217 215 214.6 214.3 213.6 211.2 209.4 208.3 207 204.5 203.4 201.2 201.5 199.6 196.4 193.9 191.5 190.9 188.4 185 183.2 183.5 184.6 182.4 180.1 178.9 179 177.4 175.9 174.9 173.6 172.9 173.9 175.5 178.4 181.2 183.3 186 186.2 186 182.3 184 184.9 182.9 180.7 179.2 179.3 180.3 180.9 182.9 186.2 188.6 188.5 187.1 185.4 184.4 180.4 178.4 177.8
244.8 245.5 245.9 245.9 242 241 240.8 240.2 240.2 239.8 238.9 238 236.4 235.5 235.6 234.1 231.8 230.7 228.1 226.7 226.1 223.5 221.2 220.9 221.2 221.3 220.6 218.9 217 215.5 214.2 212.9 211.7 210.5 209.9 208.5 207.3 206 205.3 204.7 202.2 199.6 197.6 196.7 195.8 193.1 189.5 191.3 190.5 189.7 187.4 185.3 184.9 184.4 182.8 181.7 180.7 179.9 179.4 181.3 183.8 185.9 188.7 191.3 191.8 190.4 187.7 187.9 188.6 188.8 189.6 190.6 192.3 194.3 195.4 196 196.5 196.2 195.2 193.3 191.6 188.5 185.1 182.4 180.8
244.7 243.4 241.8 241.6 240.5 240.9 240.7 240.6 240.5 240.2 240.2 239.3 235.9 234.7 235.8 235 232.5 230.3 228.9 228.2 227.6 226.9 225.2 225 225.3 225.4 225.4 225.1 222.9 219.7 218.3 216.5 215.7 215.2 214.6 213.6 212.7 211.1 208.9 208.3 207.7 205.2 203.7 202.8 202.7 201.1 199.3 198.4 197.6 195.7 193.5 191.2 190.7 190.2 189.7 188.5 188.2 188.3 188.3 189.2 190.9 193.2 194.9 194 193.7 193.2 196.2 197.6 197.1 199.2 201.7 202.5 202.3 203.1 204.1 202.5 201.8 199.4 198.3 196.9 194.1 191 187.4 186.1 182.4
243.7 241.2 239.2 239.1 239.7 239.1 237.6 236 235.5 235.2 234.3 234.5 234.8 234.1 232.8 231.4 229.2 229.5 229.7 228.2 227.1 226.4 226.4 225.7 225.5 225.7 226 226.2 226 225.9 224.7 224.3 225.1 223.3 222.4 222.3 221 217.7 215.7 214.2 213 211 209.8 209 208.2 207.5 206.3 205.5 204.1 201.8 199.5 197.3 196.5 196.1 195.7 194.9 195.1 195.9 196.1 196.4 197.8 199.6 200.5 199.1 200 199 202.2 203 202.8 203.6 207.4 207.4 209.2 209.7 208.8 207.7 206.2 204.1 201.3 199 196.1 192.8 188.4 185.4 181.9
