webserver/python/data/NY99.asc
ncols 200
nrows 200
xllcorner 390000
yllcorner 590000
cellsize 50
[rows 105 to 139 of 200, columns 0 to 77 of 200]
203 203.8 205.2 206.9 208.5 211.1 215.5 222.4 229.9 236.8 243.3 249.4 253.4 258.7 262.2 263.2 263 263.3 261.7 259 256.6 253.9 250.7 247.5 244.7 243.2 242.2 243.1 243.8 242.9 241.2 239.1 238 236 234.8 234.4 234.3 235.2 236.9 237.3 237 235.8 234.5 232 229.2 227 224.2 221.8 219.8 217.7 214.6 212 208.3 204.1 201.4 196.5 197 200.8 204.3 207.3 208 209.1 210.5 212 213.7 215.4 217.2 218.1 219 218.7 219.5 222.5 226 231.9 240 243.2 244.6 245.4
201.7 202.9 204.2 204.5 208 212.3 216.2 221.3 226.7 236.4 244 248.8 252.7 256.2 258.7 260.8 260.7 260.4 258.5 256.2 253.9 251 247.5 245.1 243.4 242.8 243.2 243.7 244 243.2 241.5 239.7 237.6 235.5 234.1 233.9 233.8 233.8 235.2 236.9 236.8 236.4 235 232.3 229.3 226.2 223.3 220.8 219 217 213.9 210.9 206.8 202.7 200.1 197.9 194.8 199.7 201.2 204.4 205.4 206.1 206.8 208.1 209.8 211.7 213.6 215.5 216.4 216.6 217.8 218.5 222.5 229.5 236.2 241 245.1 245.2
198.7 199.8 202.3 203.7 207.3 211.7 217.5 222.5 230 237.8 244.5 248.8 253.2 256.1 258.1 260.3 260.8 258.9 257.2 254 250.7 247.8 245.4 243.8 243.5 243.2 243.5 244 244.3 243.4 241.9 239.8 237.7 235.7 234.5 233.7 233.4 233.5 233.8 235.3 235.9 235.3 233.9 231.6 228.7 225.7 222.9 219.5 217.9 216.2 213.2 210.8 206.7 201.7 198.7 195.1 193.5 198.8 199.6 202.5 203.2 203.9 204.6 205.4 206.8 208 209.9 211.8 213.7 214.6 215.2 216.8 219.7 225.9 233.1 239.7 243.6 244.4
195.6 197.1 197.7 201.2 203.3 207.3 214.4 223.3 232.2 239.8 246.5 251.7 254.8 256.1 258.2 260.4 261.3 258.3 255.3 250.9 247.7 246.1 244.6 243.4 243.8 243.7 244 244.4 244.5 243.5 242.4 240.9 238.6 236.4 235.1 233.9 233.5 233.3 233.2 233.5 234 234.4 233.9 232.4 229.8 227.3 224 220.7 218.9 217.2 215.2 212.5 208.2 202.5 198.7 193.9 193.3 197.4 198 199.7 201 201.7 202.5 203.3 204.5 205.2 207.1 208.8 210.7 211.3 213.7 216.5 219.4 224.9 230.4 236.1 239.6 241
194.3 195.8 196.5 198.8 202.4 207.4 214.7 223.8 232.8 240.5 247.2 251.3 252.5 254.7 256.7 257.2 256.7 254.8 251.8 248.1 246.4 245.5 243.7 243 243.1 243.1 243.6 243.9 244.1 244 242.9 241.4 240 237.7 236.3 235.3 234 234 233.7 233.4 233 231 232.3 232.7 230.8 228 225.1 222.1 219.9 217.6 215.5 213.2 208.9 203.6 199.8 195.6 192.7 194.3 195.4 197.5 198.7 199.6 200.3 201.4 202 205 205.5 207 208.5 210 213.7 216.6 219.2 223.8 227.8 232.5 236.4 237.6
194 195.1 196.8 199 203 208 215.7 223.4 231.4 238.8 245.4 248.2 250.2 253 254.6 254 253.6 252.3 250.3 248.5 246.8 245 242.8 240.6 239.5 239.5 240.1 240.7 241 241.7 242.2 241.7 240.4 239.1 238 236.8 236.2 235.6 235.3 235.2 235.1 234.6 231.6 228 224.9 222.7 221.7 220 218.8 217.3 215.5 213.3 210 205 201.6 197 192.7 191.8 193.8 195.2 196.2 197.1 198.2 199.5 201.6 204.4 204.8 206.1 207.1 208.1 212.8 216.8 219.9 222.4 225.7 230.9 235.6 235.3
196.2 195.8 198.6 203.4 205 208.4 216.3 223.7 230.1 236.1 242.8 247.5 249.1 252.3 253.3 252.5 254 252.7 251.7 250.7 250.1 249.8 248.1 245.1 242.4 239.9 238.5 237.4 237.7 238.4 239.4 239.2 238.6 237.8 237.1 236.6 236.5 236.5 236.6 236.5 236.5 236.1 234.2 232.1 228.9 225.4 220 217.8 217 216 215.8 214.4 211.5 207.2 203.3 198.6 192.9 191 192.2 194 195.3 196.5 197.4 199.2 201.1 202.7 203.7 204.4 205 205.5 209.9 215 219.8 222 224.8 230.1 235.5 235.3
204.3 200.9 199.2 209.2 211.5 214.8 218.8 224.3 231.4 235.8 242.4 246.9 249 251.1 252.3 254.4 254.6 253.8 254.1 257.4 261.2 258.5 255 250.1 246.6 242.5 238.8 236.8 235.7 235.5 236.1 236 235.9 235.7 234.9 235 234.8 235.2 235.2 235.7 236 236.1 234.5 232.3 229.1 225.3 221.6 217.3 215.2 213.9 211.7 211.7 207.7 207.8 205.1 198.7 196.2 194.1 190.7 192.1 194.7 197.1 197.9 198.6 199.2 200.3 201.4 202.4 203.4 205.3 208 212.8 217.9 222 225.9 230.4 233.4 234.8
210 206.6 207.1 205.9 212.1 216.1 218.8 222.2 227.7 233.1 238.1 240.6 243.3 246.5 250 251.6 251.7 253.1 255.8 261 264.8 261.5 257.1 252 247.8 243.8 239.7 237.5 235.9 234.4 233.1 232.8 232.5 232.6 233.3 233.4 233.8 234.1 233.7 234 234.5 235.8 234.7 232.6 229.6 225.9 221.6 218.1 216.8 216.1 214.8 212.2 210.2 201.6 199.3 197.1 198 196.1 189.2 189 193 197.1 197.7 198.3 198.9 199.2 200 201.1 203.3 205.1 206.4 210.4 215.5 221.2 226.5 230.1 233.1 233.8
213.4 210.9 208.4 209.2 210.4 215.1 218.2 222 225.2 229.4 232.4 235.6 238.7 241 244.3 246.9 248.8 252 258.8 262.9 266.4 265.1 259 254.1 249.4 245.3 241.4 238.8 236.8 235.2 233.7 231.9 228.3 229.1 230.2 231.8 232.8 233 233 232.6 232.8 233.5 233.5 232.1 229.6 225.7 221.3 217.7 217 216.4 214.6 213.3 210.9 208.3 205.1 200.8 197.8 195.6 192.2 188.7 191.5 195.9 197.1 197.6 197.8 198.2 199.2 200.8 202.4 203.8 205.2 207.7 212.8 219.3 224.9 229.1 232.2 230
217.2 213.8 212.4 211.8 211.3 214.1 217.5 221.4 224 227.1 230.5 232.1 234.6 236.4 238 241.5 245.9 250.3 256.7 260.2 263.2 264.8 260.7 255.8 251.2 246.6 242.8 240 238.1 236.2 234.6 232.8 230.3 227.4 225.3 228.1 230.1 232.8 233 232.6 232 232.4 232 230.9 228.9 224.7 221.7 220.3 218.8 218.8 217.8 214.5 213 209.5 205.7 202.3 199.9 197.4 195.4 193.8 187.1 190.6 195.6 196.5 196.8 197.5 199.1 199.6 200.7 202.2 203.7 206.3 211.7 217.9 221.8 225.7 227.9 227.3
219.8 217.4 213.9 213.1 212.8 213.9 216.3 219.5 222.4 225 228.4 230.5 232.7 233.9 234.8 237.4 241.4 246.7 252.9 254.8 258.7 263.4 260.3 255 250.7 247.2 243.8 241.2 239.3 237.4 235.2 233.1 231.3 228.4 225.3 223.4 228.8 232.5 233.1 232.4 231.9 232.7 231.6 231 229.6 226.3 225.4 224.5 223.7 222.9 222 216.3 216 212.8 208.7 204.9 202.7 199.7 197.6 197 195.9 190.5 186.9 189.4 192.8 197 197.7 197.8 199.1 200.6 203.3 206.5 211 216.1 219.8 222.3 224.6 224.2
222.8 220.8 217.4 214.3 213.7 214.4 216.7 220.4 225.1 228 229.7 231.3 232.7 234.7 236.9 239.4 240.9 244.5 249.6 252.3 254.1 257.8 257.8 253.6 248.9 246.7 244.9 242.4 240.4 238.5 236.4 234.1 231.7 229.3 226.2 220.9 225.4 230.5 231.7 231.6 231.9 233.5 233.4 232.5 230.7 230.4 229.6 228.6 228 226.9 225.3 222.4 219.4 215.9 211.6 208.1 205.9 203.1 200.4 198.7 197.9 195.8 190 185.2 186.6 191.1 195 194.3 196 199.9 204.1 207.9 211.8 214.8 218.1 220.3 222.1 222.5
225.5 223.3 218.5 216.9 216 215.2 216.3 219.7 225.8 229.2 230.9 233.2 235.9 239.7 244.8 247 247.9 247.5 249 249.9 250.4 251.9 253.6 251.1 247.6 245.4 243.8 242.5 241.1 239.2 236.6 234.9 232.6 230 226.7 223.5 219.9 225.8 227.6 228.9 230.7 232.6 233.3 233 232.4 232.5 232.1 231.4 230.9 229.4 227.4 224.9 222.2 218.7 214.7 211.8 209.2 206.7 204.1 201.3 199.9 198 196.4 195.1 192.8 183.8 183.9 183.9 187.9 199 204.3 208 210.3 213.6 216.2 219.2 220.9 221.5
227 225.7 221.2 220.2 219 218.7 218.7 221.7 227.1 231.5 233.9 236.7 240.1 245.2 252.1 253.7 253.8 252.5 251.9 251.6 250.1 247.5 246.9 247.1 244.3 241.9 240.7 240.2 239.4 238.2 236.1 234.4 233.2 231.5 229 225.6 221.7 217.6 223 224.2 228.3 231.4 232.7 233.6 233.8 234 233.7 232.5 231.4 230.8 228.7 226.5 223.4 220.1 216.5 214.5 211.6 208.9 206.7 204.3 201.4 200 198.7 197.9 197 195.3 192.1 185.6 180.7 193.5 202.2 206.6 209.1 212.3 214.4 217.2 219.7 221.4
227 225.2 223.9 223.3 223.1 222.7 222.4 226 230.5 234.7 238.4 241.9 246.4 253.2 258.8 260.3 259.7 257.9 255.7 252.9 250.4 247.3 243.5 241.3 240.2 238.4 236.7 235.6 235.2 234.8 234.3 233 231.5 231.1 229.2 226.8 223.9 220.9 215.1 219.4 221.6 225.4 229.4 231.6 232.4 232.5 232.5 232.2 231.1 230 228.3 226.7 224.4 220.8 216.9 214.8 211.8 208.7 206.2 203.2 201.7 200.3 199 198.3 197.9 197.8 196.9 195.5 189.1 180.4 193.5 202.9 207 210.5 213.1 215.3 217.7 219.6
226.7 226.1 226.1 226.4 226.7 225.6 226.9 232 236.5 240 243.2 246.9 252.2 259.7 263.7 264.9 262.6 259.2 256.3 252.9 249.9 246.1 243 239.3 236.7 235.3 233.5 232 230.6 230.7 230.3 229.3 228.5 227.8 226.1 225 222.8 220.5 217.7 212.6 214.7 219.1 223.3 226.9 229.4 230.4 230.4 230.4 229.6 228.8 227.5 225.9 223.6 220.5 217.5 213.8 210.5 207.1 204.8 203.5 202.1 200.7 199.3 198.6 198.2 197.9 197.4 197.3 195.1 184 180.7 196 201.7 205.8 208.9 211.7 214.4 217.5
227 228.6 228.3 226.3 224.7 225.7 230.1 236.6 240.2 243.1 247.1 251.2 257 262.7 266.1 265.3 262.8 258.8 254.7 250.9 247.3 243.8 242.4 239.8 235.4 232 230.2 228.4 227.6 227.3 226.7 226 226.4 225.2 223.8 222.9 220.6 218.6 215.8 211.2 207.3 212.8 216.1 220.2 222.9 226.1 227.8 228.5 228.1 227.4 226.3 224.1 221.9 219.3 215.8 212.1 208.7 205 202.2 201.4 200.8 200.3 199.6 198.9 198.2 196.9 196.5 196 195.8 193 181.5 187.4 195.1 199.3 203.4 206.1 209.9 213.5
227.2 228.4 226.8 222.6 224 229.3 232 237.4 241.6 244.8 248.5 253.5 258.1 264 265.7 264.4 260.7 256.1 251.4 247.1 242.8 240.6 239 237.2 233.2 231.2 226.2 225.3 225.9 225.9 225.6 225.2 225.6 224 222 220.7 218.7 216.7 214 211.9 208.3 206.2 210.4 213.4 216.4 219.5 223 224.6 225 224.7 223.7 222.1 219.8 216.9 213.7 210.4 206.6 203 199.8 198.9 198.3 197.7 197.1 198.1 196.8 196.4 195.1 194.7 193.8 193.2 188.7 176.2 192 194.5 197.7 201.6 205.5 209
222.5 224.1 220.7 221.7 228.6 231.9 232.4 238.3 242.6 246.2 250 254.3 258.4 260.7 262.7 259.5 256.1 252 247.5 242.8 238.7 237.4 235.6 233.8 231.8 229.2 224.5 224.3 224.5 224.5 224.5 224.5 224.7 222.9 221 219.2 216.9 214.9 213.1 210.6 207.7 199.5 203.6 206.5 209.6 213.1 216.5 219.4 221.1 221.4 220.6 220.3 218 215.7 212.6 208.8 204.4 200.9 197.5 195.8 195.7 195 195.2 196.3 195.4 194.5 194.5 194.3 193.8 192.6 189.7 180.8 181.8 189.7 193.1 196.9 200.8 203.8
218 217.8 219.7 224.3 227.9 231 230.8 237.4 241.6 245.4 248.5 251.9 255.2 256.3 255.9 253.1 250.4 246.3 242.1 237.6 235.7 233.9 232.1 230.1 227.8 226.4 221 222.2 222.3 222.2 222.5 223.2 223.3 222.9 221.2 219.5 216.7 214.4 211.5 208.6 205.4 201.8 200.9 201.4 204.4 207.9 212.1 214.7 216.9 218.1 217.6 217.2 216.4 214.2 211.5 207.7 203.6 199.2 195.7 193.3 192.6 191.8 191.7 192.5 191.1 193.5 194.8 194.4 193.9 191.9 189.8 183.4 171.6 180.6 189.1 192.3 195.2 198.3
214.1 214.8 216.6 220.9 225.4 230.1 227.9 235.5 240.2 243.9 247.2 250.2 252 251.9 251.1 248.7 245.4 241.1 237.3 234.1 231.7 230.4 228.4 225.9 223.9 222.7 219.5 218.1 219.3 219.1 220.2 221.4 221.7 220.9 219.8 216.6 213.3 211.4 209 205.8 202.6 199.9 196.3 197.4 198.7 202.4 206.6 208.8 210.8 213 213.9 214.9 214.6 213.5 210.8 207.7 203.6 199.6 195.3 193.3 190.2 189.1 188.2 188.8 188.1 190.5 192.3 192.2 192.4 191.2 189.8 187.4 179.2 173 187.8 190.7 192.4 193.7
213.6 214 216.1 219.8 224.6 229.8 227.9 228.3 236.8 241.1 244 246 246.6 246 245.1 242.4 239.8 237.1 233.9 230.8 228 226.3 224 221.4 220.2 219 217.5 215.1 216.3 216.7 217.9 219.1 219.7 219 218 215.9 212.2 209.3 206.4 203.9 201.4 198.8 194.7 193.8 193.9 195.6 198 201.7 204.4 206.6 209.7 210.1 210.4 211.3 210.2 208.3 205.1 200.4 196.3 193.2 190.3 188.2 188 188.3 186.1 185.3 185.6 187 186.6 187.2 187.7 186.4 182.9 168.7 187 189.6 190.6 191.3
215.2 217.3 220.4 222.9 226.6 228 228.3 222.1 234.1 235.5 239.3 240.5 240.7 240 238.9 236.5 234.2 231.8 228.6 226.1 223.9 221.6 219.2 217 215.7 214.3 213.9 212 212.4 214.2 215.7 216.8 218 217.8 216.1 213.5 210.4 207.9 205.3 203.5 201.5 198.8 196.6 191.3 186.7 191.4 193.1 195.5 199.9 203.5 205 205.1 205.5 206 206.5 205.6 203.8 201 197.4 193.6 190.9 189.4 190.1 188.9 188.3 186.1 181.1 179.4 179.9 180.9 183.4 184.8 183.1 167.7 183.4 187.8 186.3 187.4
211.6 220 222.9 224.9 226.4 227 226.4 217.9 225.9 233.1 232.9 235.1 235 234.3 232.6 230.3 228 226 223.7 221 219.2 217 214.8 213 211.1 210.5 210.3 209.6 208.8 211.2 213.3 215.6 216.1 215.5 214.2 211.5 209 206.5 204 202 200.6 199.9 197 193.2 188.9 185.4 187.6 190.2 194.8 198.6 200.7 201.1 201.3 202.5 202.7 201.9 200.5 199.5 196.4 193.9 192.3 191 191.6 192.2 190.6 186.7 183.4 179.4 172.6 172.4 175.3 175.6 175.5 167 183 185.2 185.3 183.6
214.4 222.2 223.6 224.4 225.4 225.1 224.8 218.5 218.8 225.4 228.1 229.2 229.1 228.2 226.3 224.2 221.5 219.3 217.5 215.7 214.1 212.6 210.4 209.1 207.4 207.2 206.6 205.9 205.9 207.7 210.2 212.5 213.4 212.9 211.6 209.8 207.3 204.8 202.2 200.7 199.2 199.2 197.2 193.2 190.2 180.4 182.4 187.4 190.9 193.3 195.8 196.8 197.3 198.7 199.8 198.3 197.3 196.7 195.3 193.8 192.4 191.8 191.5 192.4 189.9 186.5 182.3 178.6 173.2 170 169.9 174.5 176 168.7 178 190.3 181.8 180.3
218.1 221.9 222.5 223.4 223.2 222.9 222.3 219.6 213.4 218.3 222.7 222.5 221.4 218.5 219.6 218.1 217.2 215 212.4 209.7 207.9 206.5 205.3 203.5 202.4 202.4 202.3 201.7 202.3 204 206.5 208.6 209.7 209.3 208 207.2 205.1 202.8 201.4 199.9 198.8 198.5 196.7 193.8 189.9 181.7 180.3 186.4 187.9 189.5 191.4 193.1 194.4 195.5 196.1 195.8 194.5 193.7 193.5 193.1 192.8 191.2 188.9 190 188.5 186.5 181.6 177.4 172.8 168.8 169.1 176.8 181.1 167.2 170.7 178.3 175.6 177
216 218.7 220.1 220.7 220.1 219.6 219.6 218.5 211.7 210.1 213.1 214.2 209.5 207.2 208.1 208.3 210.2 210.4 208.2 206.2 204 201.6 199.4 197.8 197.9 197.8 197.8 198.5 199.6 200.4 202.6 204.4 205.2 205.2 204.4 203.6 202.5 202.2 200.5 199.2 198.1 196 193.3 189.5 182.3 176.5 178.1 183.6 184.6 186 188.5 190.2 191.4 192.4 193.2 194.2 192.4 190.9 191.7 191.9 190.1 187.1 185.3 185.4 184.8 182.3 178.9 175 170.2 166.8 171.8 179 178.3 172.4 166.4 169.3 170 173.6
206.1 206.1 209.4 214.4 215.2 216.1 215.2 213 207.3 206.9 204 205.2 207.4 205.5 205.1 203.3 202.5 202.8 202.5 201.3 200.3 198.9 196.5 195.6 194 193.2 193.9 194.9 195.9 197.5 198.4 200.1 200.4 200.5 200.4 199.2 197.8 197.1 196.7 195.6 194.2 192 188 183.9 178.7 175.5 175 178 181.3 184.1 186.3 187.1 188.5 188.7 190.5 191.3 190.1 189 187.1 185.1 183.5 181.4 181.2 180.7 180.3 178.3 175.1 171.6 167.5 170.8 175.7 177 174.8 170.6 164.8 166 168.2 173.8
199 208.3 203 208.3 210.4 210.6 210.6 210 207.8 208.4 206.5 201.1 204.1 205.8 205.2 202.2 200.4 198.8 196.9 195.6 195.5 195 194.5 194.3 193 192 192.1 192.1 192.3 193.7 194.7 195.7 195.8 195.8 195.3 194.9 193.5 192.8 192.4 191.8 190.6 188.2 184.8 181 178.2 175.4 173.9 175.9 178.9 182.4 183.4 183.5 184 182.2 184.7 187 187.6 185.6 183.2 182.2 180.1 177.8 176.2 176 175.8 174.1 172.1 168.6 168.1 173.9 175.8 173.4 172.1 168.9 164.7 165.3 168.2 173
198.6 206 204.9 201.7 202.2 204.6 206 205.7 206 206.2 206.2 205.3 200.9 202.9 204 201.8 197.6 196.5 195.3 194.8 194.4 194.2 193.9 193.3 192.7 191.2 190.4 189.9 189.8 189.7 190.5 192.5 192.4 191.6 191.2 190.8 189.6 188.5 188 187.4 186.9 184.8 182 179.5 177.5 175.2 170.4 173.2 176.2 179.5 180.2 180.5 180.5 179.4 179.5 181.3 183.7 182.3 181 180.1 177.7 174.9 172.5 170.4 170.4 170.8 169 164.4 168.3 173.6 172.5 170.2 168.6 167.2 163.7 165.1 165 168.6
197.6 201.6 201.7 201.9 200.3 199.2 200.1 200.8 201 201.1 202 202.7 201.7 197.5 202.3 206 202.7 200.4 197.3 195.8 194 193.8 193.5 193.3 193 192.2 190.3 188.8 188.8 188.3 187.9 189 188.7 187.7 187.2 186.8 185.6 185 183.7 183.1 182.6 181.7 179.9 176.7 174.7 173.6 169.8 169.3 172.3 175.1 176.7 177.3 176.9 175.8 175.2 177.4 180 180 179.1 178.3 176.7 173.1 170.5 167.1 164.8 164.6 165.1 162.8 165.2 167.4 167.7 168.3 166.7 165.5 163 164.5 164.4 164.3
192.3 196.2 197.5 198 198.8 197 197.8 196.6 196.5 195.8 196.6 197.9 199.8 198.6 200.1 203.9 205.5 201.7 199.8 197.9 196.2 194.6 193.7 193.9 192.8 192.1 192.9 191.5 188.8 187.8 186.8 186.7 185.6 185 184.2 183.1 181.8 180.5 180 179.3 179.1 176.7 175.3 173.4 170.6 169.2 167.7 165.5 167.1 169.9 172.8 172.5 171.5 170.6 169.8 172.3 175.4 176.7 175.6 174.9 173.3 170.6 167.5 166.1 164 162.2 162.6 162.6 163 164.7 166.5 166.8 164.4 164.8 163.9 163.8 163.7 163.7
189 191.3 193.2 193.8 195.6 194.9 195.8 196.8 196.6 194.8 194.1 194.3 196.4 196.1 198.3 200.6 202 200.5 200.1 198.9 198.1 197.1 195.3 194.3 193.2 193.6 194.3 193.7 191.3 189 188.4 187.4 185.1 182.2 180.9 179 177.7 176.3 175.4 173.9 171.8 170.1 168.6 167.7 166.7 167.1 167.1 165.6 163.5 166.6 168.7 168.4 168.1 167.3 169.3 169.3 169.8 169.3 169.5 169.5 168.3 166.8 164.5 163.5 162.2 161.3 161.4 161.6 161.9 163.6 165.2 164.5 164.1 164.2 162.6 162.3 163 163.2
185.5 186.8 188.5 189.8 191.7 192.9 193.9 194.8 195.3 194.9 193.5 192.7 192.8 193.7 195.1 197.9 199.4 199.3 199 198.7 197.6 196.4 196 195.3 195 195.2 195.3 194.6 192.6 190.6 189 187.5 185.6 182.9 180 176.6 173.6 173 171.3 168.7 165.2 163.2 162.3 162.9 163.7 164.4 166 166.8 162.6 162.5 164.8 165.5 166.7 166.5 166.8 167 165.8 164.6 163.2 162.9 163 162.2 161.4 160.8 160.3 160.4 160.7 161 161.2 162.4 163.9 164.8 165.6 164.1 161.8 162.1 162.4 162.6
