webserver/python/data/NZ01.asc
ncols 200
nrows 200
xllcorner 400000
yllcorner 510000
cellsize 50
[rows 35 to 69 of 200, columns 0 to 77 of 200]
266.5 264.6 262.3 260.1 258.4 256.7 254.6 252.7 250.5 250.1 247.5 243.3 240.8 238.2 237.4 235.4 233.6 232 227.7 230.4 229 224.7 225.1 222.9 221.6 220.2 218.5 216.9 213.9 210.3 209 207.8 206.6 205.1 203.4 201.9 201.3 200.6 199.8 198.6 196.9 195.1 194 193.3 192.4 191.4 190.4 189.6 188.8 187.9 187 186.5 186 185.3 184.8 184.3 183.7 181.9 181.2 181 175.3 170.1 172.1 164.5 161.6 152.1 148 142.5 140.7 144.3 149.8 156.1 161.2 164.2 168 171.8 174.4 175.7
266 264.2 261.8 260 258.4 256.6 254.9 252.5 250.1 248.3 245.5 245.4 245.2 243.5 241 239 236.8 234.4 232.4 230.1 227.3 224.5 224.7 223.7 222.1 220.8 218.9 217.7 214.4 211 209.2 208 207.2 205.8 204.1 203 202.3 201.6 201 199.3 197.5 195.6 194.6 193.7 192.8 191.5 190.3 189.6 188.7 187.9 187 186.5 185.8 185.7 184.9 184.5 184 183.7 183.3 182.4 180.2 179.6 177.8 176.4 171.3 168.2 160.8 156 148 141.1 140.2 140.2 143.2 149.2 154.2 156.6 160 163.5
263.7 261.8 259.8 259 258.1 256.4 255.6 253.2 252 250.7 250.6 249.1 247 245.1 242.7 241 239 236.8 234.6 232.5 229.9 228.8 224.4 226.2 223.4 221.7 219.8 218.4 215.3 211.7 209.4 208.5 207.7 206.7 205.6 204.4 203.2 201.9 201 199.2 197.8 196.5 195.4 194.2 193.1 195.9 197.8 197.1 195.5 195.2 193.4 191.1 186.7 185.6 185 184.3 183.9 183.6 183.5 182.7 181.7 180.9 180.7 179.4 174.3 176.9 174.3 168.3 162.8 157.7 152.4 147.5 141.2 140.3 142 140.6 140.5 144.8
260.7 260.2 257.6 257.3 256.4 255.5 254.9 253.6 253 251.3 250.8 250.8 248.8 247.2 245 242.4 241.7 239 236.6 234.7 232 229.6 228.6 227.1 225.4 223.4 220.8 219.2 216.2 212 209.4 208.6 208 207.8 206.7 205.1 203.6 202.6 201.6 200.7 199 197.9 200.1 196.1 194.3 193.2 192.1 190.8 190 188.8 188 187.3 186.8 188.9 191.6 185.5 184.5 183.7 183.6 182.8 181.9 181.2 181 179.6 179.5 180 178.9 178.1 175.2 173.1 168.1 173 173.6 172.2 162.9 152.1 148.9 142.3
258.2 257.7 255.3 255.1 254.7 253.9 253.4 253.4 252.3 251.2 250.2 249.5 248.8 245.1 235.8 231.3 230.7 229.2 231.1 231.6 232 231 229.6 227.9 226.7 225.1 222.9 220.2 217 214.2 210.6 209.8 209.6 209.1 208.1 206.2 204.4 203.4 201.7 200.2 202.8 197.1 196.8 195.2 193.9 192.9 192.1 191.5 190.6 189.5 188.5 187.7 187 186.5 186.1 186 190.5 184.6 184 183.6 182.9 182.3 181.7 181.2 181.2 181.1 180.8 180.6 180.4 179.9 178.9 179.6 179.7 176.3 168.6 161.5 158.2 156.1
255.4 254.5 253.2 251.1 251.3 251.4 251 251.3 250.6 248.8 247.3 247.3 239.8 228.8 231.4 231.9 225.5 223.7 223.1 222.5 223 221.1 221.5 222.1 223.9 223.5 222.3 218.3 215.8 214.7 212.1 210.9 211 210.7 209.9 207.9 206.4 205.6 203 199.4 197.7 197.1 196.2 195 194.1 192.9 191.7 191.3 190.2 189.4 188.7 188 187.5 187 186.7 186.1 185.6 186.9 186.5 184.2 183.9 183.2 182.8 181.5 181.3 181.2 181 181.5 180.2 179.8 179.3 179.2 179.2 176.3 170.5 161.5 158.4 156
251.5 249.4 248.5 244.3 238.6 242.5 242.8 242.6 244.3 240.8 235.1 233.7 229.1 241.2 242.8 240.5 238.2 235.6 228.5 223.5 220 221 216.3 214.2 213.9 214.7 213.7 213.2 213.2 211 208.6 210.3 211 210.6 208.2 208 206.7 204 199.9 194.4 192.6 189.2 191.7 189.3 190.1 189.7 188.6 184.7 183.1 183.5 186.3 187.9 187.6 187.2 186.7 186.3 186 185.3 184.6 188 183.7 183.4 182.8 181.5 181 180.9 180.9 180.8 179.9 179.6 179.3 179 178.5 176.5 169.8 160 156.8 154.7
249.2 244.6 242.9 245.2 248.4 244.3 239.2 238.1 235.2 235.2 241.3 240.9 242.7 241.4 241.5 241.2 239 238.3 236.3 235.4 234.6 233.7 227.1 220 215 215.8 216.4 209.5 206.9 206.6 206 207 207 206.2 203.9 202.3 201.4 199.4 194 193.5 194.6 195 194.1 191.9 189.2 186.5 186.8 186.6 185.4 183.9 180.4 178.3 182.1 186.6 186.3 186 185.4 184.8 184.8 184.4 183.7 184.9 182.9 181.5 180.9 180.8 180.8 180.4 179.8 179.5 179.2 178.7 178.1 174.7 164.7 153.2 151.5 146.9
248 251.2 254.3 256.6 256.8 253.8 251.3 251.2 250 248.2 248 246.3 244.5 242.9 241.3 241 239.1 238.2 238.3 236.8 235.1 236 233.6 232.3 229.1 227.5 226 220.7 217.1 213.8 209.8 207.3 204.7 205.1 206.5 208.3 206.4 205.6 200.8 203 202.2 199.8 198.1 196.1 193.5 191 190.8 190.1 188.7 187 185.1 181.5 178.2 177.7 181 184.4 184.6 184.2 184 183.8 183 182.7 185.8 181.6 180.8 180.5 180.4 180 179.5 179.4 178.9 177.9 175 165.4 152.4 151.3 148.1 145.2
260.5 262.6 262.4 261 259.7 257.9 256.5 255.2 252.6 250.7 248.7 246.8 245.1 243.4 241.9 240.9 240 238.6 238.4 237.2 236 233.9 233.6 232.6 231 229 227.9 226.1 224.8 223 218.8 217 214.7 214.6 210.6 212.2 210.4 208.4 206.5 206.3 204.9 203.3 200.7 199.3 197.3 194.4 193.8 192 189.7 188.3 187.3 185.3 180.3 177.8 175.3 178.5 183.7 183.4 183.1 182.7 182.3 181.8 181.5 183.2 181.3 180 179.9 179.2 178.8 179.1 178.7 177.8 172.4 155.6 151.6 150.2 145.7 143.4
268 266.6 265.7 262.2 260.3 258.7 256 254.7 252.8 250.9 248.9 246.9 245 243.7 242.4 241.6 240.8 239.3 238.5 237.1 235.9 234.7 233.4 232.1 230.8 229.3 227.2 225.3 223.7 222.4 220.7 219.3 217.1 215.9 214.3 212.4 211 209.3 207.8 206.6 204.6 203.9 201.7 200.1 199.1 196.5 195 193.1 190 189.3 188.5 187.4 184.9 181.6 178.9 175.7 176.6 182.4 182.1 181.6 181.1 180.6 180.4 180.3 180.2 182.9 178.9 178.5 178.3 178.6 178.6 177.7 172.4 157.2 150.9 148.9 141.5 138.7
267.1 266.3 264 260.8 260.1 258.4 256 254.4 252.6 250.7 248.7 246.8 245.2 244.2 242.9 242.2 241.1 239.5 237.9 236.4 234.7 233.2 231.2 230 229.2 227.9 226.1 223.7 222.2 220.5 219.1 217.6 215.7 215.7 214.5 213 212 210.1 208.1 206.6 204.7 203.3 201.5 200.3 200.2 198.5 196.4 194.4 192.3 190.4 189.4 188.5 187 185.2 182.4 179.4 176.1 174.3 175.1 175.2 176.9 178.8 179.5 179.5 179.6 178.8 180.5 178.2 177.8 178.1 178.4 177.4 174.4 165.1 155.9 145.9 139.1 147.9
265.2 262.1 260.5 259.3 258.3 256.6 254.8 253.8 252.2 249.9 248.4 247.1 245.5 244.8 243.3 241.5 239.8 238.3 237.2 235.5 234.5 233 231.1 229.1 227.5 226.2 224.9 223.2 221.1 218.8 218.8 217.3 214.4 215.4 214.1 213 211.8 210.3 209.1 207.5 206.3 204.8 202.9 201.6 200.6 199.5 198 194.9 193.1 191.3 190.7 189.8 187.4 186 182.9 181 179.8 178.9 172.8 171.5 170.8 170.3 172.6 178.3 178.2 177.9 176.9 176.3 180.3 177.4 177.7 177.6 176.7 175.8 172.5 153.8 138.1 148.6
259.9 258.7 258.8 257.6 256.6 255.2 253.6 252.6 251.7 249.9 248.5 247.4 246.1 244.6 243.1 241.3 239.9 238.8 238.3 237.6 236.5 235 233.6 232.2 231.1 228.8 227.3 226 224.7 221.9 220.7 220.2 218.2 216.6 215 213.8 212.6 211.6 209.5 208.5 207.4 206.1 204.4 202.6 200.9 200.1 198.8 195.4 194.1 192.2 191 190.4 188.1 186.2 184.6 182.9 182.4 181.4 179.6 177.2 175.5 171.8 168.5 168 175.6 176.5 176.3 176.1 176 177.2 176.8 176.5 174.9 175.2 175.8 165.7 138.2 138.5
259 258.2 257.2 256 254.9 253.7 252.4 251.3 250.7 249.4 248.7 247.9 246.3 244.7 243.7 242.2 240.8 239.9 238.9 237.8 236.4 235.3 234 232.5 231.6 230.6 229.1 227.8 226.8 225.4 224 217.2 221.3 219.7 217.6 216.4 214.9 213.4 211.1 209.8 208.8 206.9 205.1 203.4 201.6 200.4 198.1 196.4 194.4 193.2 192 190.9 189.2 187.4 185.7 184.4 183.3 181.9 180.6 179.4 178.5 176.4 172.2 167.6 166 170.2 176.4 177.1 175.7 174 176.7 176.2 175.3 174.2 174.5 174.1 169 143.6
261.4 260.6 259.4 257.7 256.5 255 254 253 252.1 250.9 249.2 248.5 247.1 245.8 244.5 242.9 241.5 240.2 239 237.7 236.2 234.9 233.8 232.8 231.9 231 229.9 229 228.1 226.3 226 218.5 223.5 221.7 220 218.6 216.9 215.2 213.6 211.9 209.6 207.7 205.8 203.8 202.7 201.5 199.4 197.4 195.5 194.3 193.1 191.7 190.3 188.5 186.7 185.2 183.8 182.4 181.1 180.1 179.1 178.1 176.3 172.9 168.1 164 165.8 171.8 173.4 169.2 167 171.8 174.3 174 173.3 174.3 174.1 158.9
264 263.1 261.8 260 258.1 256.1 254.9 253.8 252.7 251.8 250.6 249.1 247.6 245.8 244.9 243.4 241.9 240.4 238.9 237.3 235.8 233.9 232.4 231.3 230.4 229.7 228.8 227.9 227.2 226.4 225.8 224.1 223.9 222.5 221.2 219.5 218 217 215.3 213.3 210.6 208.2 205.7 203.2 203.4 203 201.1 199 196.6 195.5 195.3 192.6 190.8 189.4 187.8 186.5 185.1 183.8 182.4 180.8 179.8 178.9 177.7 175.3 171.8 169.4 162.9 162.1 161.7 161.5 159.1 159.6 167.4 171 172.2 170.3 169.8 163.3
265.7 263 261.1 259.7 257.7 255.8 254.4 253 251.6 249.8 248.5 247.3 246.2 245.3 243.9 242.3 241.1 239.5 237.8 236.3 234.5 232.8 231.1 230 228.9 227.7 227.1 226.4 225.7 224.9 223.7 223.2 222.2 221.1 220 218.5 217.4 216.3 215 213.3 211.9 210.5 208.5 204.2 202.2 200.8 200 198.3 198.2 197.3 195.8 194.4 192.4 190.8 189.5 188.2 186.9 185.5 184.2 182.6 181.2 180 178.7 177.2 176.2 172 169.5 165.2 162.2 159.1 158 158.4 154.8 160.2 163.9 163.3 162.8 159.1
265.3 262.7 259.9 257.9 255.5 254 252.6 251.3 249.4 247.8 246.5 244.9 244.3 243.2 241.7 240.9 239 237.2 235.9 234.7 233 231.4 229.7 228.3 227 225.5 224.8 223.4 222.9 222.3 220.8 220.5 219.4 218.2 217.2 216.1 215 214 212.9 211.9 211.2 210.9 208.9 207.6 205.7 204.3 202.2 200.9 200.1 199.1 197.8 196.1 194.5 192.7 191.4 190.5 189.2 187.8 186.4 184.8 182.9 181.2 179.9 178.5 176.9 175.3 173.5 172.2 171.7 170.8 169.3 165.9 157.6 150.9 148.3 148.9 148.3 145.2
261.8 259.4 257.2 255.3 253.7 252.2 250.8 249.7 247.8 245.9 244.7 243.6 242.6 241.3 240 239.1 237.2 235.3 234.1 232.8 231.2 229.6 227.7 226.4 224.9 223.2 222.1 220.4 219.8 219.2 218.6 217.6 216.6 215.5 214.6 213.7 212.9 212 211 210.2 209.7 208.6 208.2 207.3 206.4 205.4 204.3 202.7 201.8 200.8 199.7 198.2 196.8 195 194 193.2 191.6 190.1 188.6 187.2 185.3 183.1 181.4 179.9 178.2 176.5 175.1 174.2 173.6 172.9 171.6 170.4 168.4 168.9 163.3 161.7 161 161.5
258.7 256.6 254.6 253.4 252.2 250.4 249.2 248 246.4 244.8 244 242.7 241.5 240.2 238.6 236.8 234.7 232.6 233.2 230.3 228.1 227.1 224 221.8 220.2 220.5 219.2 216.8 216.5 215.8 216.5 215.8 214.5 213.4 212.4 211.5 210.7 209.9 208.8 207.5 207.2 206.8 206.7 206.3 206.1 205.7 205 203.8 203 202.3 201.4 200.3 199.2 197.8 196.7 195.9 194.1 192.4 190.8 189.2 187.9 186.1 184.4 182.2 180.2 178.4 176.9 175.4 174.2 173.4 172 171.9 171.3 170.9 170.2 169.2 168.4 165.1
256.5 254.2 252.1 251.4 251 248.8 247.7 246.2 245.4 244.1 243.2 241.5 239.9 238 235.2 231.7 230.9 228.2 225.3 223.4 222.4 219 217.9 215.6 214.4 213.4 211.7 209.1 209.4 209 213.9 207.7 205 205.5 204.8 203.9 203.6 203.3 201.4 199.4 202.2 200.5 199.4 201.6 203.1 204.6 203.9 203.9 203.4 202.8 202.1 201.1 200.8 199.8 199.1 198.1 196.3 194.7 193 191.2 189.8 188 186.8 184.9 182.8 180.6 179.1 177.3 175.7 174.4 173.5 172.8 172.6 171.8 170.8 170.5 169.9 168.6
250.8 250.7 249.7 248.7 247.7 246.9 244.9 242.5 240.2 237.9 237.8 236 232.9 228.9 223.7 223.4 223.5 225.3 223.9 220.6 221.1 221 214.4 213.8 214 213.8 212.4 210.8 209.8 208.9 210.4 206.5 207.2 205.9 204 205.7 203.8 203.9 203.3 202.2 198.9 198.9 198.9 198.9 198.9 199.8 198.1 199.8 202 202.6 202 201.2 201 201 200.4 199.2 197.9 196.7 195.4 193.6 191.6 189.9 188.1 186.8 185.3 183.4 181.6 179.6 177.7 176 174.7 174 173.7 172.7 171.8 171.5 170.7 169.9
242.1 240.4 240.1 239.5 238.9 235.9 233.7 233.5 231.1 229.6 230 229 230.5 231.8 234.9 235.4 232.5 231.8 233.3 231.2 228.8 226.9 226.4 226.1 222.3 220.9 220.1 219.3 214 216.1 216.7 215.4 214.1 214.2 213.4 211.4 211 210.5 209.2 208.9 207.9 206.4 204.2 198.9 201 194 193.8 192.9 192.1 190.4 195 198.4 201 201 200.8 199.9 199.1 198.3 197 195.3 193.3 191.8 190.3 188.3 186.9 185.3 183.9 182.1 180.1 178.3 176.1 175.2 174.5 173.6 172.6 172.1 171.6 170.4
248.6 247.2 244.3 245.2 243.5 244.3 243.2 242.2 242.4 239.3 240.3 240.1 241.1 238 238.8 238.2 235.5 234.7 234.7 233.1 231.3 229 228.1 227.4 225.8 223.5 221.7 220.3 217.9 219.1 219.1 217.9 217.3 217.9 216.1 214.6 214.3 213.4 212.3 210.6 209.5 208.1 205.9 204.8 204.1 202.2 201 199.5 196.3 192.6 191.1 189.7 198.6 200.3 200.3 199.9 199.3 198.6 197.8 196.6 195 193.3 191.5 189.3 188.2 186.8 185.6 184.8 183.2 181.6 179.6 177 175.2 174.4 173.8 172.7 171.5 170.5
251.9 250.8 250.7 249.3 248.2 248.6 247.8 246.8 245.3 244.2 243.8 243.4 242.8 241 241.4 240.2 237.8 237.3 236.3 234 232.2 230.9 229.9 228.5 227 225.5 222.8 220.7 219.9 221.2 220.6 220 219.5 220.5 219.2 218.2 217.6 216.7 215.1 213.4 211.2 209.6 208.1 207.2 205.8 204.4 203.6 202.5 202.2 200.4 199.6 192.7 188.3 197.7 197.8 197.8 197.6 197.2 196.3 196.3 194.7 193.7 191.8 190.9 188.7 187.4 186.3 185.1 184.2 183.7 182.9 180.5 179 177.1 176 175 173.4 172.1
255.3 254.1 254.5 253.2 252 251.7 251 249.8 248.6 247.4 246.5 246 245.3 243.9 244.1 242.2 240 239.3 238.3 236.1 234.4 232.8 231.7 230.4 228.6 227.1 224.6 222.6 221.7 222 221.3 221.2 220.9 220.5 220.4 220 219.3 217.9 216.7 215.5 214.3 212.2 210.6 209 207.4 206.2 205.1 204.1 203.3 202.3 201.5 199.7 193.3 186.7 187.2 185.5 185.4 187.9 185.5 187.8 192 190.7 187.4 188.6 188 186.1 182.4 185 184.4 183.9 183.4 182.5 182.2 180.3 179.4 178.6 176.4 174.3
259.5 257.8 258.1 256.5 255.3 254.9 254.2 253.1 252 250.8 249.8 249.3 247.7 246.3 245.2 243.9 242.4 241.3 240.2 238.5 236.9 235.5 234 232.9 230.8 228.5 226.8 225.1 225.5 223.3 222.5 222.1 221.8 221 220.8 220.3 219.7 219 217.8 216.5 216 214.3 212.7 210.8 209 207.7 206.2 205 204.1 203.3 202.5 201.7 200.9 199.6 195.7 195 191.6 188.2 186 178.6 178.4 177.6 178.6 170.1 176.4 172.5 167.8 178.2 182.2 182.3 182.4 181.7 181.2 180 179.1 178.5 177.8 176.6
263.1 262 261.6 259.8 257.6 258.2 257.4 256.1 254.3 253.2 252 250.8 249.9 248.9 247.9 246.5 244.9 243.9 243.3 242.2 240.6 239 237.7 236.2 234.9 233 229.4 227.5 227.3 225.7 223.9 223.2 222.6 221.9 221.3 220.5 220 219.2 218.3 217.5 216.2 214.8 213.6 212 210.2 208.4 207 205.7 204.7 203.9 202.8 202.1 201.3 200.9 200.3 199.6 198.4 197.8 196.5 196.4 193.2 193.8 192.1 186.8 177.6 182.3 168.7 163.5 172.8 175 176.4 178.8 178.7 177.7 176.7 175.9 175 174.2
266.5 266.1 265 262.8 261 260.7 260 258.4 256.7 255.9 255 254.3 253.4 252.1 250.8 249.8 249.1 247.5 246.8 245.9 244.7 243.4 242.5 240.5 239.5 236.4 232.1 231.8 231.6 229 226.8 224.8 224.1 223 222 221.1 220.3 219.1 218.3 217.3 216.2 215.3 213.8 212.4 211 209.2 207.6 206.4 205.1 204.2 202.8 201.8 201.3 200.9 200.3 200 199.6 199.1 198.6 197.7 196.5 195 193.5 191.8 190 187.6 185.2 177.1 166.6 164.8 160.8 166.5 172 174.5 173.9 173.1 173.5 172.9
270.5 269.5 267.4 265.3 264.4 262.9 262.2 261.2 259.7 258.8 258.6 258.1 257.2 255.6 254.1 253.4 253 251.3 250.4 249.5 248.6 247.6 246.3 244.4 242.8 239.2 238.3 237.3 234.7 232.2 230 227.4 226 224.5 223.1 222.2 220.8 219 218.2 217.1 215.9 214.9 213.6 212.2 211 209.8 207.8 206.6 204.9 203.4 201.9 201.5 201 200.2 199.3 198.6 198.1 197.5 197.2 196.6 195.7 194.2 193.4 192.2 190.7 188.9 186.8 184.5 182.4 179.7 173.8 164.6 158.9 159.1 160.7 165.4 168.6 169.9
272.8 271.4 269.8 268.1 266.9 265.1 264.4 263.8 262.7 262.2 261.7 260.9 260 258.7 257.3 256.7 255.8 254.8 254.3 253.3 252.1 250.9 249.6 248 246.1 241.2 243 240.4 237.9 235.3 233 230.8 228.4 226.6 224.7 223.2 221.5 220.3 218.4 217.2 215.9 214.6 214 212.6 211.1 209.6 208.4 206.9 205 202.9 202.1 201.3 200.7 199.9 198.8 197.8 197.1 196.5 195.9 195.6 195.4 195 193.2 192.3 191.1 189.3 187.5 185.4 183.6 181.4 179.3 175.3 174 168 160.5 155.6 151.9 153.1
274.4 272.8 271 269.7 268.4 267.3 266.6 265.7 265.2 264.4 263.1 262 261.1 260.2 259.6 258.5 257.6 256.7 255.5 254 253.2 252.2 250.7 248.3 245.8 246.6 245.6 243.1 240.6 238 235.4 233.4 231 229 227 224.7 223.1 222 219.9 217.8 216.8 215.9 214.6 213.5 212.2 210.4 209.2 207.6 205.5 202.4 202.1 201.2 200 198.8 197.8 196.9 196.3 195.5 194.9 194.9 194.2 193.2 192.1 191.5 190.6 189 187.4 185.7 184.3 182.9 181 179.1 178.2 174.8 167 163.5 159.5 148.6
274.8 272.5 270.7 269.4 268.4 267.5 267 266.6 265.7 264.8 263.7 262.2 261.2 260.1 259.2 258.1 257.1 256 255.8 253.8 253.1 252.1 251.7 251 250.3 249.5 247.7 245.8 243.2 240.6 237.7 231.3 232.2 229.6 228 224.3 222.3 220.9 218.3 216.4 215.6 215.1 213.5 212.1 210.7 210.5 207 205.3 203.7 201.7 200.8 199.9 198.9 197.6 196.7 195.9 195.2 194.3 193.5 193.4 192.7 191.7 190.6 190.1 189.2 187.9 186.6 185.2 184.2 183.4 182.4 180.4 177.2 171.8 169.1 164 154 148.3
272.8 270.7 269.1 268 267.5 266.7 266.2 265.9 264.7 263.6 262.7 261.5 260.3 258.9 258.3 257.1 256.2 255.4 255.6 254.4 253.1 252.4 252.9 252.6 252.3 251.5 250.5 249.1 237.1 234.3 232.4 231.4 231.2 228.1 224.3 221.6 219.7 217.2 214.2 212.6 211.7 211.2 209.8 209 207.7 207.1 205 203.7 202.4 201.1 199.8 199 198 196.7 195.6 194.8 194.1 193.2 192.5 191.7 191.2 190.7 189.6 188.7 187.7 182.6 175.1 170.2 167.7 166.1 165.9 167.7 169 168.3 161.7 148.4 147.8 152.3
