webserver/python/data/NZ03.asc
ncols 200
nrows 200
xllcorner 400000
yllcorner 530000
cellsize 50
[rows 70 to 104 of 200, columns 0 to 77 of 200]
330.8 329.6 326.4 323.3 320.4 318.2 313.7 311.5 308.4 302 301.8 298.8 296 293.4 288.6 286 283.2 278.5 274.7 269.5 264.7 257.4 250.6 246.7 240.3 233.9 228.5 225.4 222.3 219.9 217.7 213.4 210.8 208.6 205.4 202.9 200.9 199.1 196.2 193 189.9 190.4 191.3 192.3 191.7 191.8 192.6 193.9 194.1 193.1 192.8 192.3 192.4 191.5 188.8 187.2 186.6 187.5 191.5 193.6 192 190.4 189.4 188.7 188.1 188.7 188.6 188.8 187.5 186.2 184.6 182.1 181.3 180.8 176.4 168.9 165.4 169.1
344.3 342.2 338.5 334.8 330.5 326.3 321.7 319.1 315.8 312.4 310 308.4 307.3 303.3 300.8 297.3 293.6 289.2 286.3 279.8 274.8 268 264.1 259.1 252.8 245.9 239.4 235.5 231 228.6 224.8 222.7 220.3 217.9 214.3 212.3 209.2 206.2 204.2 202 199.5 198.9 198.7 197.2 198 197.7 198.4 199.3 199.9 200.5 199 200.9 198.1 195.3 194.9 195.7 195.7 195.1 197.7 198.5 195 193.7 193.7 192.1 191.5 190.4 190.3 191.1 189.7 186.6 183.9 182.6 182.1 182 181.9 178.7 173.7 174.6
348.7 348 346.7 346 342.5 336.7 329.8 325.9 322.4 319.4 318 317.5 316.3 313.7 311.7 309 304.9 301.5 297.1 291.2 285.1 278.2 274.4 271.1 264.8 257.8 252.1 245.4 240.5 236.9 233.8 231.1 229 226.8 224.6 221.7 218.1 215 212.2 209.7 207.3 206.3 204.7 203.6 202.6 202.3 202.9 203.8 204.5 205.2 204.7 203.4 203 201.9 201.9 204.1 204.1 203.4 203.3 203.1 197.8 197.6 197.7 196 193.9 192.4 190.9 191.1 191 186.6 184.1 183.8 184 184.2 184.4 183.8 180.9 180.7
351.9 351.1 348.8 348.3 347.6 343.6 338.2 331.6 328.4 325.8 324.1 323.3 322.1 320.2 318.3 315.1 313.4 310.7 306 302.6 295.7 290 285.4 282.9 278.4 272.2 264.2 256.1 253.9 249.4 244 241.8 237.1 235.1 232.4 229.6 226.5 223.6 219.5 218 215.6 212.7 210.9 208.6 207.3 207.2 208.1 207.9 208.5 208.6 206.1 205.4 205.2 206.1 207.2 209 208.9 207.9 206.1 198 198 199 201.1 197.7 195 192.7 190.9 191.1 191.1 185.7 184.4 185.6 186.5 187.2 187.7 186.6 185.5 187.4
355.4 353.7 351.2 348.9 348.1 346.3 342.5 338.4 335.3 332.6 329.9 327.4 327.1 326.6 325.8 323.6 319.8 315.6 312.2 309 305.2 300.8 297 292.8 288.1 284 279.1 274 268.6 262.8 258.3 254.1 249.9 245.6 242.5 240.6 236.2 232.8 228.4 226.9 223.6 220.7 216.7 214.4 212.8 212 211.7 211.5 211.5 210.8 210 209.3 208.5 208.9 210 211.6 211.3 211.4 209 198 198 198 201.3 201.3 196.2 192 190.5 191.1 187.5 185 185.8 186.5 188.1 189 189 188.2 188 192
359.5 357.2 354.7 352.2 349.7 348.2 346.3 345.2 342 337.4 333.9 331.8 330.9 331.6 331.8 331.6 328.8 323.4 316.6 312.8 309.8 307.9 305.1 300.6 296.9 293.9 288.9 284.9 279.8 274.5 270.2 266 262.1 257.6 253.3 251.9 248.9 244.6 239.6 235.1 229.8 226.7 223.4 220.1 218.6 215 214 213.6 213 213 213.5 212.4 211.8 210.4 210 211.8 210.9 211.1 210.5 204.6 198 198 201.3 201.3 194 191 190.8 187 186.3 187.3 187.8 188 189 189 190.1 190.6 191.3 195.4
364.7 362.3 358.9 355.9 352.9 350.7 348.7 346.4 343.3 341.2 338.3 336.5 334.9 334.7 334.8 334.9 334.9 333.4 329.5 322.9 315.4 312.6 310.9 307.7 305.2 301.9 296.9 292.1 287.1 282.3 278.4 275 270.6 266.7 263.8 261.1 256.3 251.8 246.5 241.6 234.2 232.5 228.8 224.9 220.9 218.7 215.7 215.6 213.9 214.5 215.2 214.1 212.5 210.1 208.9 209.8 209.8 209.7 209.3 204.6 198 198 201.3 200 192.7 190.5 186.8 184.1 186.5 189.7 190.9 191.5 191.9 189.9 193.5 194.6 195.2 195.7
370 367.3 364.3 360.9 357.4 354.5 352.3 350.2 348.5 346.7 343.1 341.5 339.8 338.5 338.7 338.4 337.8 337.2 337.2 334.6 331.7 325.5 318.6 313.2 310 307.6 303.4 298.2 293.9 289.2 286.1 281.8 276.7 272.6 270.8 267.2 262.8 256.3 249 244.4 240.5 236.7 232.8 228.8 225.5 220.7 216.4 215.7 215.9 215.9 215.9 213 207 201.3 202.6 208.5 208.4 208.5 207.1 202.4 198.1 196.4 194.9 193.5 191.2 187.2 184.1 184.3 187.5 192.1 195 195.5 196.6 197.1 197.5 197.8 197.1 196.3
373.6 370.7 369.4 367.8 365.3 362.7 360.3 358.1 355.4 352.1 350 346.7 345.1 343.2 341.7 341.2 339.7 338.8 338 336.7 337.1 334.7 332 325.6 317.2 311.8 307.3 302.6 299 293.9 290.1 284.8 281.3 277.3 274.4 270.6 265.1 258.5 250.8 244 241.4 238.7 234.9 229.9 224.9 218.9 216.3 215.9 212.9 211.8 212.4 209.8 202.9 195.5 195.8 202.1 204.2 204.9 201.5 200.7 197 193.7 190.5 189.3 186.7 183.5 186.8 191.5 192.7 195.8 198.6 201 201.5 202.1 202 201.2 200.7 199.2
380.8 377.1 374 372.4 370.5 368.5 367.2 364.6 361.9 360.3 358.7 355.6 351.7 348.6 346.1 344.7 342.4 341.4 339.1 340.1 341.3 341.5 340 335.9 328.8 319.2 312 306.7 301.3 297.2 292.6 288.6 284.2 279.7 275.9 272.3 267.4 260.5 254.2 244.5 242.4 239.9 235.4 230.4 225.2 217.6 211.1 209.4 207.5 204.7 204.9 202.3 201.4 196.2 194 192.7 190.4 192.9 189.4 188.6 188.9 189.4 189.2 186.9 189.6 188.3 191.3 197.8 200.8 203.8 205.7 205.8 206.4 207 206.5 208.6 209.1 207.4
389.2 385.1 380.1 377.4 375.1 372.9 369.3 367.6 366 364 362 359.8 358.2 355.6 353.5 350.7 348.1 346 345.3 344.4 344.7 346.6 348.4 344.9 337.7 329.7 320.1 312.8 304.4 299.2 293.2 289.2 285.5 281.1 277 273.4 269.7 263.3 256.5 250.3 243.4 241.2 235.1 229.4 223.8 217.5 211.4 210.4 208.3 207.3 201.5 198.9 196.9 197.3 198.3 197.3 194.9 194.5 193.8 192.6 194.9 193.2 194.2 194.6 196 198 194.6 204.4 209.1 210.3 210.4 209.8 210.9 213.3 216 216.7 215.7 214
393.5 389.9 386.5 381.5 377.9 375.4 371.8 369.3 366.4 365.1 362.7 361.1 360.5 357.9 356.4 355 352.4 351.4 351 349.9 349.7 350.7 350.1 345.9 343.2 336.5 328.4 319.6 310.2 304.3 295.2 289 284 278.8 274.8 271.1 268.6 264.6 260.6 253.9 247.6 242 236.1 230.1 224.6 220 214.3 212.5 211.1 206.9 205.3 194.2 200.6 205.7 204.7 203.8 202.9 203.2 202 201.1 201.7 202.9 202.5 204 204.2 207 210.8 203.2 214.9 216.4 215.5 215.1 216.4 222.1 224.5 223.4 221.9 223.1
397.4 392.3 387.4 382.3 378.4 375.4 371.4 367.8 365.4 363.1 361 359.6 358.8 356.6 355 354 352.9 351 351 351.6 351.1 350.6 349.5 347.1 344.3 339.6 333.3 324.4 317.3 307.8 300 292.4 284.8 277.3 272.4 267.8 263.3 259.5 256.3 253.2 248.7 242.7 237.5 234.3 228.9 225.3 221.5 215.6 209.5 199.5 201 200.7 207.1 209.7 208.4 207.7 208.8 208.7 208 207.4 208.5 209.4 209.8 210.5 211.9 215 217.7 211.4 221.2 222.9 222.9 223.4 226.3 229.2 231.6 231.3 229.1 228.2
395.3 391.3 390.7 385.2 378.4 372.9 369 365.5 362.5 360.4 358.5 356.7 355.9 353.6 351 349.4 348.3 347.7 347.5 347.1 347.7 347 346.1 344.6 343.2 339 333.3 325.2 319.1 307.8 298.6 292.2 284.3 276.8 271.2 265.5 259.3 254.3 251 247.7 244.2 240.1 237.4 234 229.9 226.9 223 219.4 204.4 203.8 207.9 213.8 217.2 218.3 217.1 216.2 215.9 216.3 215.9 214.4 215.2 216.6 217.2 218.3 220.3 222.7 222.2 212.6 226.5 227.7 229.5 234 235.9 236.4 237.8 238.9 236.6 232.8
391 387.4 384.9 380.4 375.5 370.9 366.7 363.3 360 358 356.1 354.2 353 351 348.6 346.6 344.7 344 343.4 343 342.9 342.5 340.6 338.2 335.9 332.2 328.5 321.6 315.3 304.9 296.9 290.1 283.3 274.1 268.2 262.4 257.3 252 248.1 245.4 242.1 239.4 238 234.4 229.8 227.4 225.1 222.1 213.7 216.3 219.6 220.4 223.2 225.3 222.5 222.6 222.7 223.3 223.1 222.4 222.8 223.3 224.3 226.4 227.8 229 222.4 217.1 230.2 233.7 236.7 239 241.1 242.4 243.9 244 239.6 241.1
386.8 383.2 379.1 375.1 370.2 364.9 361.4 359.2 357.4 355.9 354.4 352.9 351.5 349.8 347.6 345 343.8 342.2 340.7 339.7 338 336.1 333.4 328.8 323.7 319.2 314.1 307.4 302.8 294.8 291.9 287.1 281.7 276.2 269.8 264.3 258.6 252.3 248 244 240.9 238.9 238.3 236.2 234.2 231.4 229.9 224.2 223.7 226.8 229.8 229.3 228.3 228.3 227.3 228.2 228.9 228.6 228 228 228.7 228.6 230.4 232.3 233.3 228.4 215.8 228.3 234.4 238.9 242.8 246.2 248.7 246.2 245.3 244.2 245.9 243.9
381.7 378.7 375 370.5 366.3 362.3 358.2 355.8 354 352.9 352.4 351.8 349.9 348.4 346.4 343.9 342.8 341.8 339.1 338.3 335.2 331.7 327.2 320.1 315 307.7 301.3 296 291 286.8 283.9 281.1 275.9 272.9 269.7 265.4 260 255.3 249.7 244.4 241.4 239 239.4 238.1 234.8 234.7 233.2 232 229.7 231 233.8 235.5 233.9 233.7 233.3 232 232.8 232.5 233.8 233.3 234.9 234.2 234.9 235.5 234.6 222.8 228.3 235.3 239.9 243.2 250.7 256 253.8 247.5 244.4 245.6 244.6 244.1
375.2 372.9 370 366.6 363.9 360.5 357.1 354.3 351.8 350.4 349 348.9 347.6 347.1 343.3 340.6 337.3 336 333.8 331 326.4 320.6 314.8 311.5 302.9 297.6 291.7 288.4 284.8 281.2 278 274.7 271.6 268.3 265.3 262.4 258.7 253.6 249.3 245.3 242.3 241.2 240.9 239.2 235.4 234.5 235.9 234.8 236.1 236.5 236.2 236.9 237 236.7 238.3 238.2 239.6 236 236.3 236.8 236.7 236.2 236 235.1 235.5 225.6 229.1 240.5 244.7 250 257 258.1 255.5 249.7 247.6 245.5 245.3 246.1
370.4 368.6 365.7 363.7 361 357.8 355.4 352.5 350.1 347.8 346.4 344.2 341.7 338.6 336.7 330.8 325.6 321 316.9 312.6 308.9 304 299.1 295 291.6 287.1 283 280.7 277 272.8 270.7 269 266.1 263 260.3 256.9 254.3 251.7 248.9 246.2 243.6 241.7 240.3 237.1 231.7 235.4 237.1 237.7 239.8 239.3 239.4 239.9 240.5 241.7 240.1 241.6 240.5 238.7 238.6 239.6 238.6 238.5 238.8 239.6 241 230.4 232.6 244.4 247.9 253.9 259.3 260.1 258.4 253.8 249.1 249.4 248.3 249.2
366.1 365 363.3 360.9 358.2 355.5 353.4 350.8 347.4 343.6 338.1 333.5 327.3 322.4 319.3 315.9 311.8 308.6 304.5 301.8 298.2 293.4 290.2 286.8 283.8 280.3 274.3 272.8 269.3 263.6 262.4 259.8 257.3 255.4 252.4 250.7 248.8 247.8 245.5 245 243.3 242.4 240.7 235.6 230.7 236.1 240.5 241.9 242.8 242.6 244.5 246.7 244.7 247.3 247.8 247.2 246.4 245.8 245.8 245.5 244.3 243.4 243.7 244.2 244.7 230.2 241.6 247.4 250.8 257.5 262.7 264.2 262.9 254.4 252.5 253.7 255.2 258.1
361.7 360.7 359.7 358.5 356.6 352.9 349.4 345.8 341.7 334.4 328.5 322.2 316.6 313.1 308.8 305.1 302.3 301 296.9 293.7 289.9 285.4 282.4 279.2 275.9 272.7 270.3 267.4 261 257.9 255.9 252.2 250.3 248 246.9 245.2 243.8 243.1 241.4 240.5 239.8 236.5 233 230.2 230.3 238.1 243.7 246 247.1 249.8 253.1 253.7 256.4 256.9 259.3 258.4 257.5 256.1 254.6 252.9 251.7 249.7 249.5 249.9 246 233.4 247 252.3 254.4 259.7 265 271.2 276.7 269.1 267.5 265 266.9 272.8
356.4 356.3 354.6 352.3 349.4 345.4 340.4 333.1 325.8 320.2 315.7 310.1 306.5 303.9 301.5 298.4 295.6 293.3 288.6 285.5 283.2 279.1 276.2 273.1 269.9 265.3 263.9 263.2 257.9 252.4 250.3 247.4 246.1 244.7 244.3 243.3 239.9 237.7 235.1 235.7 234.9 226 222.2 217.1 225.4 232.4 245.2 248 252 256.5 259.9 264.3 271.8 273.9 272.1 272.1 271.3 264.4 261.5 259.9 257.9 255.2 255.5 254.5 245.7 245.4 252 256.4 259.2 263.2 268.7 277.6 280.6 280.9 279 271.4 280.3 291.1
348.7 346.6 345 341.4 335.3 328.1 321.8 315.9 310.2 306.6 303 300.6 299.1 296.5 295 292.4 288.6 286.3 282.8 278.8 277.2 274.6 271.6 268.3 263.8 259.1 258.2 257.8 256.1 250.8 247.4 244.3 241.5 242.3 238.4 236.7 229.9 221.1 217.8 222 215.3 215.4 216.3 216.3 226.2 239.1 246.2 250 254.6 261.5 268.4 274.8 284.1 288.9 287 284.5 277.8 270.3 267.4 264.2 260.8 258 257.5 255.8 244.2 252.5 256.9 261.2 262.7 264.7 270.1 277.7 283.9 285.6 285.8 284.8 295.9 304.8
330.6 329.2 327.2 323.4 318.5 313.4 309.5 305.3 301.5 298.9 298 296.1 293.5 291.3 288.4 286.6 281.5 279.4 277.2 273.3 271.5 269.4 265.8 262.2 259.7 255.1 252.4 252.1 251.3 249.5 247.2 244.8 238.6 228.7 221.7 220.9 220.8 220.7 225.9 225.9 227.3 229.2 232.2 227.7 227.8 242.1 250.6 253.5 257.9 266.5 273.8 286.5 294.1 292.9 290.4 285.5 281.9 276.9 270.7 267.3 262.9 259.9 258.7 256.2 244.2 248.3 258.8 261 263.4 266.6 271.4 278.4 283.6 285.6 285.9 289 302.9 311.4
316.5 316.4 311.9 310 308 305.8 302.5 300.4 297.1 294.4 293.4 291.3 288.4 285 281.5 277.8 274.2 272.4 270.4 267.6 264.7 262.8 258.8 256.2 254.1 251.4 247.8 246.4 245.4 243.8 239.3 232.2 230.5 224.3 221.2 225 228 233.7 236.1 238.6 240.1 243 243.8 236.9 223.4 243.6 251.2 257.8 262 270.5 279.9 296.6 299.3 296.4 292.6 288.4 283.4 280.6 276.1 271.3 266.2 263.3 260.7 258.9 255.8 254.4 250.7 256.8 262.5 266.8 271.8 277.3 282.5 286 288.9 301.3 307.3 309.4
305.5 305.6 303.8 302.7 300.6 297.4 296.6 295.7 291.8 290.1 286.5 283.2 280.3 276.7 274.3 271.3 268.5 266.3 263.8 260.8 257.9 255.6 252.1 249 247.2 242.2 241 237.4 236.5 234.1 227.3 224.7 225.7 230.4 234.6 238 240 242.4 245.4 246.4 248.8 249.5 250.2 248.9 233.2 236 250.8 259.6 266.1 273.9 285.3 300.2 301 297.9 294.5 293.1 286.4 283.5 280.7 275.7 271.4 268.7 265.3 263.5 262.1 261.7 261.3 256.8 263.5 268.8 271.6 276.8 281.9 284.3 292.1 307.6 309.7 310.9
297.7 296.5 297.7 296.9 293.5 289 286.9 285.7 283.6 280.7 276.7 274.1 273.3 269.6 266.7 264.1 260.5 259.1 257.5 255.4 252.6 249.1 245.3 243 240.3 231.1 228.9 224.9 224.9 224.9 226 231.4 237.3 241.7 245.2 247.2 249.8 251.7 253.4 253.7 254.3 255.8 256.1 255.3 249.1 230.7 247 260.6 269.3 275 289.9 298.9 301 299.6 300.3 295.4 291.1 287.5 284.5 282.7 278.6 277.1 273 270.1 268.5 267.4 267.9 265.5 268.7 271.5 274 278 282.7 286.9 294.1 307.7 311.4 311
288.8 287.6 285.8 283.5 281.6 278.6 276.2 274.2 271.9 270.7 268.4 265.9 262.5 260.1 258.9 256.7 253.7 251.7 250.3 247.6 244 242.8 238 234.7 234.2 229.8 230 230.7 231.7 233.8 238.6 244.1 248.9 252.1 253.6 254.9 256.6 257.5 258.5 258.3 258.5 260.1 260.5 258.9 257.4 240.1 236.3 260.8 268.9 277.7 292.4 302.6 305.4 303.6 301.5 299.9 296.1 292.7 291.2 288.7 284.9 282.7 280.6 278.6 278.2 277.2 276.4 264.7 274.7 276.5 278.6 281.3 285.3 289.7 294.2 305.3 310.3 311
277 277.2 275.3 273.4 273 270.9 269.2 267.8 265.4 262.9 260.7 258.5 255.5 253.5 250.5 249.3 246.7 244.4 241.7 235.8 232.8 232.6 230.2 230.3 230.7 230.2 230.2 237.9 243.2 245.8 250 253.7 256.1 259.4 260.7 261.7 262.2 262.7 262.7 262.2 262.3 264.4 264.8 263.3 262 256.9 241.9 250.2 268.5 277.9 294.1 303.2 306.5 306.6 305.6 305 301 297.8 294.8 292.4 290.2 287.9 286.4 284.7 283.7 282.9 280.8 273.4 280.6 282.9 283.4 284.7 287.9 290.5 293.6 301.7 307.2 310.8
268.6 270.2 268 265.5 262.5 257.9 260.8 258.9 252.2 245.1 245.7 246.4 246.5 244.9 242.6 239.5 237.7 234.2 235 230.3 230.2 230.1 232.8 240.6 240.3 239.4 234.8 244 250.4 253 258.9 263.5 265.1 266.2 266.9 267 267.2 266.8 267.7 268.8 268.4 268.1 268.8 269.6 268.8 266.9 259.7 245.8 268.1 279.5 294.8 303 307.3 309.1 310.5 310.9 307.1 303.4 300.7 296.7 293.8 291.9 290.5 288.4 287.3 286.3 281.9 273.8 281.7 286.2 286.6 288.6 290.7 291.9 293.9 298.8 306.2 313.3
260.1 260.2 258.4 251.5 248.6 245.9 245.3 245.1 243 240.3 239.8 238.7 239.6 239.3 236.4 234.9 235.3 235 234.9 234.5 229.9 230.5 239.2 246.2 246.7 244.9 249.7 254.6 257.8 262.7 267.6 270.3 271.9 272.4 272.8 272.9 274.9 272 272.1 272.3 273.5 275.9 275.7 276.3 274 273.8 272.5 256.9 261.4 281.4 294.9 304.1 308.1 310.7 310.9 310.9 308.4 305.8 302.4 300 296.5 294.5 292.3 291 289.8 286.5 281.1 274.9 279.8 286 288.1 290.7 291.8 292.9 295.6 301.6 307.4 316.2
252.6 252.3 249.7 248.2 246.9 245.9 244.7 243.2 243.2 243.5 243.7 241.6 242.7 242.5 241.2 238 240.9 240.6 237.2 234.9 231.4 234.9 245.3 252.8 253.7 248.1 256.9 261.2 264.7 269.2 272.5 275.4 278.2 279.2 279.6 280.8 281.5 281.5 281.8 283.3 284.5 283.2 281.7 281.4 281.8 279.7 278 263.3 261.1 282.8 295.8 303.9 308.3 310.8 311.3 310.9 309.2 305.9 303.6 301.9 299.5 297.3 294.8 292.9 290.8 288.8 286.9 283.8 278.5 279.9 285 289.8 290.6 292.6 295.9 302.3 307.8 313.7
249.4 249.1 249.4 249.2 250 246.9 244.2 245.6 245.4 245.3 248.3 247.5 249.2 250.3 250.7 253 253.4 251.6 247.9 241.3 242.4 247.3 255 259.8 259.8 249.9 260.5 267.2 270.5 273.3 276.7 281.3 286.3 289.4 291 292.2 291.3 290.8 291.5 291.8 292.7 290.7 288.7 287.1 287.5 287.2 282.6 273.2 259.9 283.9 295.7 305.3 308.6 311.7 312.2 311.9 309.8 308.4 306.2 304.1 302.6 300.3 298.4 295.9 292.8 290.7 288.9 288 288.1 284.1 282.1 284.7 289.8 291.8 295.9 301.7 307.6 312.3
249.6 248 248.3 247.4 253 251.4 249.6 251 249.6 249.9 254.1 253.8 255.6 257.8 262.3 262.8 263.8 264.6 264.3 262.1 261.6 266 266.5 266.4 266.7 257.9 268.1 271.8 275.8 282.7 288.2 296.2 300.3 303.4 306 304.9 303.4 303.9 304.2 304 303.2 301.2 298 294.2 293 293.6 292.7 284.2 266.4 285.3 296.6 306.2 310.1 313 313.7 313.9 311.9 311 309.7 309.5 308.5 304.4 303.1 298.7 297.8 294.9 292.9 291.8 291.4 287.5 287.6 286 291.1 293.1 296.1 300.3 307.2 311.1
263.7 261.2 258.3 254.1 256.8 255.9 254.8 254.3 250.2 253.6 258.2 259.5 262.9 266.5 270 271.7 273.6 274.1 274.2 274.2 274 274.6 274 273.2 271.8 260.5 274.4 278.1 285.2 294.8 303.5 308.6 313.1 316.3 319.1 320 319.9 318.9 318.4 316.1 313.2 310.1 306.5 303.7 301.5 298.7 294.5 286.9 269.3 290.9 299.4 306.8 311.1 315.4 315.6 315.8 314 315.2 319.5 320.2 318.7 313.6 307.2 304.4 303.8 301 298.7 297.3 293.6 294.3 291.4 291.4 294.3 296.7 299.3 303.5 309 312.4
