webserver/python/data/NZ04.asc
ncols 200
nrows 200
xllcorner 400000
yllcorner 540000
cellsize 50
[rows 140 to 174 of 200, columns 78 to 155 of 200]
384.1 383.1 382.7 382.8 381.6 379.9 377.5 374.1 370 365.9 363.1 360.5 356.9 353.6 351.7 349.8 347.8 346.1 343.4 340.4 337.5 333.9 331.2 329.7 326.5 324.2 320.8 316.5 311.2 303.6 301.3 298.1 293.5 286.6 283.5 282.3 282.1 282.6 284.6 284 281.8 274.8 261.7 252.8 250.8 247 245.2 244 243.3 242 242.9 247.1 251.3 266.5 274.4 282.9 289.8 294 299.1 304.3 309.2 314.9 319.6 323.8 327.9 331.2 334.6 338.5 341.8 343.7 345 345 346.1 345 343.8 342.6 341.4 340.1
387.6 386.8 386.1 385.9 384.3 382.5 379.1 375.8 371.8 367.7 364.3 360.8 357.1 354.1 352.1 349.9 347.8 347.4 344.1 341 338.5 336 332.8 330.1 326.2 324.2 319.8 313.9 308.5 310.2 306.8 302.2 298.2 291.4 289.1 289.1 288.4 288.1 289.5 287.6 284.6 282 274.3 262.5 264.4 262.6 254.3 245.1 242.6 241.4 241 243.3 258.9 270.5 276.9 284.1 288.1 292.4 297.1 302.7 308 313.3 317.6 322 326.5 329.8 333.1 336.4 339.5 342.6 344.9 346.4 347.5 346.7 345.5 344.3 342.8 341
391.3 390.5 389.6 388.6 386.8 384.5 380.9 377.5 373.6 369.2 364.7 360.9 357.5 354.2 352 349.8 348.4 347.3 344.7 341.7 339 336.5 333 327.5 324.7 321.2 318.2 315.8 318 315.1 310.8 306.4 302.4 299.1 296.9 296.1 294.4 294.1 293.4 290.6 288 285.5 282 273.4 271.4 265.6 260.6 253.2 252.6 241.4 240.4 239.7 253.5 269.1 276.2 282.5 285.9 290.7 295 300.7 306.3 311.5 315.3 320.1 325.1 328.4 331.7 334.1 336.2 341.3 344.8 347.9 348.9 348.4 347.2 345.5 343.7 342
393.8 392.9 392 390.9 389.2 386.7 383.1 379.2 374.8 370.3 365.9 362.1 358.5 354.9 351.8 349.6 347.5 346.1 344.1 341.6 338.9 331.4 331.6 329.8 327 325 325.5 325.7 321.8 317.6 313.2 308.8 306.7 304 302.9 302.9 302.6 300.2 297.5 294.6 291.7 289 284.7 279.2 266.9 265.4 264.8 263.5 261 254.9 242.2 239.1 240.5 265.6 272.8 279 284.1 288.2 293.3 298.7 304.4 310.2 314.3 319.2 323.7 326.5 328.5 330.5 333.4 338.9 344.4 347.9 350.3 349.9 347.7 345.6 343.5 341.4
395.7 394.9 393.8 392.7 391.6 389 384.8 380.3 375.9 371.5 367 363.4 359.7 356.1 352.5 349.4 347.3 345.5 342.7 338.9 338.3 336.3 335.1 332.9 330.5 330.3 329.9 327.9 324.4 320.2 315.7 313 310.4 308.6 309.3 309.6 307.1 304.6 301.6 298.1 294.5 291.3 287.3 282.9 279.6 276.3 273.7 269.4 264.6 259.3 251.9 239.8 240.3 256.6 267.8 275.6 280.5 286.1 291.9 297.2 302.7 308.4 313.6 317.5 320.4 322.8 324.4 326.7 331.3 336.9 342.4 347.2 350.4 350.6 349 346.8 344.6 342.4
397.6 396.3 395.2 394.1 393 390.4 385.9 381.4 377 372.7 368.3 364.7 361 357.3 353.8 350.7 347.9 345.8 343.6 342.1 340.4 338.7 336.9 335.9 333.7 331.5 331.5 328.5 325.5 321.9 318.2 315.5 312.7 312.2 313.6 313.3 311.1 307 302.8 299.2 296.1 293 289.4 286.1 283 279.8 276.2 272 266.3 260.6 254.1 244.9 235.8 245.9 258.7 263.9 279.3 285.9 291.5 296.4 302 307.3 310.7 313.4 316.3 319.2 321.3 324.9 329.4 334.3 339.7 345.1 349.2 350.1 350 348.4 346.1 344.1
398.6 397.1 395.7 394.6 393.5 390.9 386.9 382.5 378.1 373.8 369.6 365.7 361.9 358.8 355.6 352.5 349.4 347.3 345.7 344.1 342.3 340.6 338.7 337.7 336.9 334.6 332.3 329.2 326.1 323.1 320.9 318.1 315.4 314.3 317 315.8 312.4 308.1 303.8 300.9 297.8 294.7 291.2 288.3 285.3 282.1 278.7 274.5 268 261.8 255.8 247.9 238.3 235.8 247.3 267.7 278.6 285.2 290.8 295.7 300.4 305.1 307.2 309.6 312.3 315.2 319.9 323.2 326.9 331.6 336.9 342.2 347.2 349.2 349.5 348.7 347.3 344.6
399.7 398.2 396.7 395.1 393.7 390.9 388.1 384.1 380 375.8 371.4 366.8 363.6 360.4 357.2 353.9 350.8 348.6 347.3 346 344.3 342.5 340.4 339.1 339 337.6 333.3 329.7 326.1 323.9 322.2 320.7 318 316.4 316.6 316.9 312.4 307.9 303.8 300.4 299.3 296.4 293.3 290.5 287.6 284.3 280.9 276.2 269.6 262.9 256.4 249 241.9 235.7 244.7 266.7 277.6 284.1 289.4 293.6 298.2 301.8 303.6 306.1 308.5 312.6 316.5 321 324.7 328 333.2 338.6 343.8 347.2 347.9 348 347.5 345.6
400.7 398.7 397.2 395.8 394 391.6 388.8 385.8 382.4 378.3 373.6 368.5 365 361.7 358.5 355.3 352.3 349.9 348.6 347.4 346.2 344.2 342.2 340.4 340.2 337.9 334.5 330.8 326.7 324.7 322.8 321.6 320.6 318.6 317.4 316.3 311.9 307.9 303.8 299.8 297.8 297 295 292.1 288.8 284.8 281.1 276.6 270.8 263.1 255.5 247.6 244.3 233.3 244.7 266.4 277.2 283 288 292.1 296.1 298.6 299.8 301.7 304.3 309 313.2 317.2 321.5 324.9 329 334.5 339.1 342.9 346 346.2 347 346.6
401.7 399.5 397.8 396 394.2 392.3 389.6 386.5 383.5 380.5 375.6 370.4 366.6 363.1 359.9 356.8 353.8 351.2 350 348.7 347.2 345.3 343.3 341 339.2 337.3 335.2 331.3 327.2 324.9 323.5 322 320.9 320.2 319 316.3 312.2 308.2 304.2 300.5 297.7 296.8 296.2 293.4 289.4 285.1 281.3 276.1 271.1 263.1 255.3 247.8 242.4 233.8 244.6 266.1 276.4 282.1 286.2 290 294 296 295.9 297.5 300.1 305.2 310 314 317.7 321.3 325.1 329.6 334.1 338.8 343.9 345.5 346.4 347.1
402.7 400.5 398.2 396.3 394.4 392.6 390.7 387.8 385 382 377.9 372.3 368.5 364.7 361.3 358.3 355.3 352.5 351 349.5 348 346 343.7 341.4 338.8 336.5 334.4 331.8 327.7 325.2 323.8 322.2 321.6 320.9 319.9 316.6 312.6 308.6 304.5 301.4 298.3 296.7 295.9 294.3 290 285.6 280.7 275.5 264.7 258.1 254.4 248.7 241.9 231.7 241.4 261.7 275 280.7 284.5 288.2 291 292.5 292.8 293 296.3 301.4 306.5 310.1 313.5 317.9 322.2 326.1 330.3 336.1 341.4 344.4 345.9 346.5
404.3 402.4 399.3 396.7 394.9 393 391.3 389.2 386.3 383.4 380.5 376 371.1 367.1 362.9 359.8 356.9 353.5 351.4 349.9 348.1 345.6 342.9 340.3 337.7 335.3 333.5 331.3 328.2 325.5 324 322.1 321.8 321.2 319.8 317 312.9 308.9 305.3 302.2 299.1 296.6 295.4 294.5 289.3 283.7 278.5 272.7 263.2 256.5 253 249.1 240.4 230.6 231.3 247.9 273.8 278.8 282.6 285.6 287.9 289 289.6 290 292.7 298 300.8 305.9 309.9 313.2 318.6 323 327.2 332.1 337.6 341.9 343.7 345
406.4 404.1 400.6 397.2 395.3 393.4 391.8 390.2 387.7 384.8 381.8 378.8 373.8 368.9 365.3 361.5 358.1 354.7 351.6 349.4 346.9 344.4 341.9 339.3 336.6 333.7 332.7 330.5 328.2 325.8 323.9 322.1 321.3 321.2 319.7 317.3 313.3 309.3 306.2 303.1 300 296.9 293.8 292 287.2 281.3 275.8 269.1 262.8 257 253.2 249.5 244.3 233.7 230.1 243.7 269.4 276.6 280 282.3 284.5 285.1 283 286.5 289.6 292.2 294.9 299.9 306.3 309.2 311.8 316.4 322.1 327.5 333 338.2 341.4 342.9
409.5 405.4 401.9 398.4 395.7 393.9 392.3 390.6 388.7 385.9 382.8 379.9 375.5 370.8 366.6 362 358.4 355.1 351.5 348.6 346 343.4 340.9 338.3 335.4 332.5 331.1 329.7 327.4 325.6 324 322.1 320.4 320.3 318.7 317.2 313.7 310.1 307 303.9 300.8 297.7 294.1 289 279.4 274.7 267.9 265.4 263 259.1 254.8 250.2 246.7 240.5 229.6 236.3 264.1 275 277.3 279.6 281 280.9 278.9 283.3 284.4 286.1 289.1 294.7 301.3 306.6 309.5 313.4 318 323.7 329.2 333.9 337.6 340.7
411.3 406.5 402.7 399.7 396.2 394.4 392.7 390.7 388.7 386 383.4 380.6 376.5 371.7 367.1 362.4 358.8 355.2 351.5 348.3 345.5 342.9 340.3 337.8 335.4 332.3 330.4 329 326.9 325.1 323.5 322 320.4 319.2 318.2 316.2 313.2 310.4 307.5 304.7 301.7 298.6 294.8 289 280.5 272.7 260.8 257.8 257 254.8 250.8 249.3 245 239.6 230.6 226.5 251.5 270.1 275.4 277.1 277.7 276.4 274.6 279 280.1 281.3 284.7 290.4 296.4 302.9 307.2 310.9 315.5 320.5 324.9 329.3 333.5 338.9
412.2 407.7 403.4 400.1 397.1 394.6 392.6 390.7 388.7 386 383.2 380.4 376.7 371.7 367.3 362.9 358.9 355.2 351.5 348.3 345.1 342.3 339.8 337.4 335 332.4 330.2 328.4 326.3 324.6 323 321.5 319.9 318.9 318 315.5 312.9 310.1 307.3 304.4 301.3 297.7 294 290.2 273.3 269.3 265.1 261.1 259.6 258.7 253.5 249.6 245 237.9 228.5 226.8 239.2 260.5 273.4 274.5 274.5 272.1 269 274.6 273.9 273.9 276.5 285.5 292.8 298.4 304.6 308.4 312.9 316.3 319.7 324.4 329.6 335.4
412.1 408 403.9 400.4 397.3 394.5 392.5 390.6 388.6 385.9 382.9 380 375.5 371.2 366.8 362.4 358.5 354.9 351.3 348.1 345.1 341.8 339.3 336.9 334.6 332.2 330 327.8 325.7 324.1 322.5 321 319.4 318.6 317.3 315.3 312.7 309.9 306.9 303.3 299.7 296.1 292.4 288.4 284.2 277.5 271.9 266.8 261.8 257.3 253 249.1 245.8 241 229.7 224.9 233.8 251.6 265.3 271 271.3 267.8 266 270.6 268.1 264.5 272.4 283.1 289.3 295 295.4 305.4 308.8 312.1 315.3 318.7 325.8 332.8
411.3 406.9 402.7 399.8 397.4 394.3 392.4 390.4 388.2 385.5 382.6 378.5 373.6 369.8 366.2 361.9 357.9 354.2 350.3 346.8 343.9 341 338.6 336.2 333.8 331.5 329.2 327.3 325.2 323.6 322 320.5 318.9 318 316.5 314.4 312.4 308.8 305.2 301.6 298 294.5 290.8 287 282.2 277 271.6 265.9 260.3 256.9 252.7 248.7 245.3 241 231.2 224.4 225 240.5 254.1 262.9 264.8 259.7 259.2 266.9 266.1 263.8 267.6 275.7 284.1 293.7 296.7 300.5 303.6 306.9 309.3 315.7 323.5 330.7
409.4 405.6 401.5 399.1 396.8 394.3 392.2 389.5 387.4 384.8 380.4 376.1 371.5 368.1 364.6 360.9 357.2 353.3 349.4 345.5 342.4 339.3 337.4 335.2 332.9 329.9 327.9 326.2 324.3 322.3 320.4 318.4 317.3 317.1 315.5 313.4 311.2 308.8 304.8 300.7 296.8 293.3 289.7 285.3 279.6 274.3 269.2 263.2 258.2 255 251.9 248.3 244.3 240.5 234.5 225.9 222.8 230.6 243.5 249.4 251.7 248.8 252.4 256.8 258.4 256.7 261.2 269.2 278.3 286.9 290.8 294.1 298 301.1 308.7 316.1 322.8 328.2
407.1 403.5 400.7 398.4 396 393.7 390.9 388.3 385.5 382 377.7 373.3 368.9 366.2 362.8 358.6 354.5 351.1 347.4 343.7 340.4 337.8 336 334.1 331 328.7 326.5 323.5 320.9 319 317.1 315.2 315.4 315.9 314.2 312.2 310.1 308.2 305 301 298.1 295.2 290.6 283 277 271.6 266.8 260.5 256.4 253.2 249.5 247 244.4 242.1 239.5 231.7 221.5 220.3 231.2 235.9 240.5 239.3 243.2 246 250.4 251.1 252.8 261.9 271.6 278.9 283.6 290 295.3 302.5 309.2 316.6 322.7 327.8
405 402.1 399.7 397.5 395.2 392.9 389.4 385.2 382 379.2 374.9 370.6 366.3 363.6 359.6 355.8 351.7 347.8 344.7 340.5 334.9 333.9 331.7 325.1 324.4 325.1 322.1 317.2 317.2 315.6 313 311.3 311.7 311.6 311.8 310 308.6 306.9 304.1 301.8 299.1 296 291.8 284 276.2 268.6 263.6 257.9 253.9 250.2 247.2 245 243.1 241.1 238.3 235.2 226.3 220.6 219.8 225.9 230.9 231.4 234.1 238.2 248.9 252 251.5 255.2 264.6 270.8 278.7 288.4 292.7 301.9 311.5 317 323.3 327.7
403.5 401.1 398.8 396.6 394.3 391.8 387.7 383.4 379.3 375.7 372.2 367.9 363.7 359.9 355.9 352.5 348.8 344.9 340.5 329.9 333.1 328.3 323.7 325.4 316 306.8 303.2 303 310.6 310.6 306.7 304.8 304.5 306 307.1 307.7 306.8 305.3 302.8 299.9 297.7 295.3 289.8 282.6 275.1 267.5 261 256.4 251.9 247.7 245.9 244.1 241.7 239.3 236.9 234.5 231.4 220.9 219.1 219.4 222.6 225.2 228.3 238.7 249.3 257.7 261.4 263.1 265.1 272.2 279.7 287.7 290.8 302.1 311.6 317 323.4 329.1
402.4 400.1 397.8 395.7 393.5 390.6 386 381.6 377.5 373.5 369.4 365.2 361.1 356.4 350.3 347.8 342.8 339.1 339.5 339.4 337.3 335.6 333.6 331.1 325.8 320.7 314 300.5 295.8 297 295.7 293.9 293.3 292.9 293.4 300.6 303.1 301.9 299.6 297.6 295.5 292.9 287.5 280.1 273 265.3 259.8 255.1 250.7 247.1 245.2 243.4 241.1 239.6 237.1 234.6 233.2 229.9 219.8 218.5 221.1 222.4 231.5 242.7 254.7 265.4 268 268.9 271.5 276.7 282.1 285.8 294 304.6 310.1 317 324.1 328.9
401.3 399 396.9 394.7 392.6 388.9 384.4 379.9 375.8 371.3 366.5 361.7 354.6 348.9 350.5 349.2 347.5 345.2 343.5 341.8 339.9 337.2 334.6 332 329.4 325.7 320.9 312.6 302.4 292.9 288.4 284.4 283.3 280.2 282.2 283.9 288.4 292.7 292.5 291.1 289.4 287.2 280.2 274.3 268.6 263.5 259.1 254.6 249.6 246.5 244.6 242.7 241 239.8 238.6 236.3 231.8 226.8 221.4 218.3 218.3 224.3 236.2 248.1 260.1 271.5 273.8 275.5 277.3 282.7 285.5 290.1 297 303.3 309.2 315.8 323.1 328
400.1 398.1 396 393.8 391 385.7 381.5 377.3 373.2 368.3 362.7 355.8 358.1 360 358.4 354.8 350.4 347.8 345.3 343.3 340.7 337.8 335.1 332.5 330 327.1 322.9 317.5 311.6 305.9 300.8 293.3 289.8 284.5 279.2 274 277.9 282.5 282.3 279.5 280.3 278.1 275.8 270.7 266 262.3 258.5 254 248.8 245.9 244.1 242 240.3 239.2 237.1 235.4 233.5 230 218.3 218.3 218.3 222.4 232.4 245.1 257.8 268.9 274.2 277.8 281.7 286.4 290.9 293.9 298.8 303.7 310 316.3 322.3 326.9
399.3 397.2 395.1 392.9 388 383.2 377.6 372.3 367.7 363.5 362.4 364 364.6 362 359.4 356.8 353.4 350.4 346.9 344.3 341.4 338.5 335.6 333 330.5 328.1 324.6 321.3 315.2 309.9 305.4 300.8 294.7 290.7 286.7 279.7 271.8 270.8 277.9 275.8 271.8 271.5 270.3 266.3 263.6 260.7 256.9 252.7 249.1 245.4 243.2 241.3 239.6 237.8 234.7 232.7 230.3 228.3 218.3 218.3 218.3 222.9 229.6 238.9 251.4 260.3 267.1 272.6 278.6 283.5 290.8 295.4 300 305.4 311.2 317.5 323.1 327
398.4 396.4 394.3 390.3 385.6 378.2 373.5 373 373 372.1 369.9 369.4 366.4 363.2 360.5 357.9 355.3 352.4 348.8 344.8 342.1 339.2 336.3 333.6 331 328.7 326 323.2 319.4 314.9 309.2 303.3 295.7 291.7 287.6 282.6 276.6 268.4 270 273.5 269.5 265.8 264.3 263.3 261.1 257.8 254 249.8 246.1 243.2 242.1 240.2 238.1 235.7 232.6 229 224.9 220.2 218.3 218.3 222.9 233.5 238.6 242.1 246.1 252.4 261.6 270.1 277.6 282.5 288.6 294.7 300.9 307 312.9 318.7 323.8 327.5
397.6 395.5 391.2 385.5 382.2 383.7 383.5 381.7 379.5 377.4 375.5 372.7 369.4 365.3 361.7 359.1 356.5 354 350.2 346.1 342.5 339.7 337 334.1 331.6 329 326.9 325 321.3 316.8 311 305.2 297.9 292.6 288.4 284.2 278.3 271.3 263.9 263.1 264.1 263.5 260.1 259.2 257.4 254 250.1 246.8 243.4 240.7 239.2 236.7 234.4 232.9 230 223.8 218.3 218.3 218.3 224.9 238.1 250.2 257.9 258.2 260.1 261.9 266.4 274.9 277.8 283.7 289.6 296.2 301.6 307.8 313.8 319.8 323.7 326.9
398.1 396.5 394.2 392.1 392.5 393.1 390.6 387.7 384.7 382.6 379.6 376.6 372.3 368.4 364.3 360.3 357.7 355 351.5 347.6 343.4 340.1 337.4 334.6 332 329.7 327.4 324.8 322.4 318.5 313.2 307.6 301.9 296.9 291.8 286.7 282 276.7 269.1 263.5 260.8 255.4 255.9 253.9 251 248.8 246.1 243.8 241 238.1 235.4 232.7 230.8 229.3 226.6 218.3 218.3 218.3 223.5 237.1 252 265.6 275.4 272.3 271.3 271.6 274.4 279.7 282.4 286.1 290.7 297 302.1 308.3 313.6 318.2 322.9 326.4
398.8 398.1 397 395.7 396.7 395.5 393.1 391.1 389.2 387.1 384.2 381 376.2 371.2 366.9 362.3 358.5 355.8 352.1 348.5 344.8 340.8 337.7 335 332.5 329.9 327.5 325.1 322.8 320.1 316.2 311.2 304.3 299.5 295.6 291 285.9 279.3 274.4 269.2 264.5 258 250.2 241.1 234.8 235.5 237.8 238.9 237.3 234 231.3 228.7 227.2 224.9 221.2 218.3 218.3 218.3 233.3 248.6 262.2 276.9 279 280.2 279.5 281.3 282.9 284.6 286.9 290.7 294.5 298.4 303.3 306 311.1 315 321.4 325.3
400.4 399.7 399 398.3 397.5 396.4 394.8 392.8 390.5 389.2 388.4 385.5 381.7 374.2 369 363.5 359.9 356.5 352.8 349.1 345.5 341.8 338.1 335.5 332.9 330.3 328.4 326.1 323.8 321.3 317.4 311.9 306.1 301.4 297.5 293.1 289.2 282.3 276.2 271 265.8 262.5 258.7 252.6 247 240.3 229.4 229.1 228.7 227.1 225.8 224.1 222.1 219.9 218.3 218.3 218.3 222.2 239 255.9 272.7 280.8 282.8 284 284.8 285.7 287.5 289.5 291.8 295.3 299.2 303 306.9 310.4 314.5 318 319.5 323.9
401.7 401.1 400.5 399.4 398.4 397.3 396.2 394.1 391.5 390.4 389.6 387.2 383.6 378.3 370.7 365.4 362.3 358.1 354.1 350.5 346.8 343.2 339.7 335.8 333.2 330.7 329.4 327.1 324.8 322.5 318.7 314.2 309.1 303.2 298.9 294.1 290 286.1 281.3 270.9 266.6 262.5 258.6 254.8 251.8 247.6 237 229.5 226.1 222.9 218.3 218.3 218.3 218.3 218.3 218.3 218.3 231.3 248.6 265.4 279.4 283.9 286 287.3 288.8 289.6 291.6 293.9 297.6 300.7 303.9 307.8 313.9 319.1 321 322.1 322.6 322.2
403 402.5 401.6 400.4 399.2 398.1 396.8 394.9 392.5 391.4 390.2 387.6 385 380 374.4 369.6 365.7 360.9 355.6 352 348.3 344.7 341.1 336.4 333.6 331.7 330.3 328.1 325.8 323.4 320.6 317 311.6 304.7 300 295.3 291 287 280.2 270.5 266.6 262.6 258.8 254.9 251.7 247.9 240 235.4 230.1 225.5 218.3 218.3 218.3 218.3 218.3 218.3 223.9 240.8 258.1 274.9 282.7 286.5 288.9 290.4 292.6 293.7 296 299.6 303.3 307 309.9 314.8 321.4 326.4 328.9 328.9 328.4 326.1
404.1 404 402.5 401.2 399.9 398.7 397.1 395.3 394 392 390.5 388.4 386.1 382.8 379.5 374.2 369 363.7 358.2 353.5 349.8 346.4 342.6 337.8 333.9 332.2 331 329.1 326.8 324 321.2 318.9 314.8 308.2 301.5 296.7 292.1 287.2 280.3 272.2 266.7 262.8 258.9 255.1 251.5 246.7 241.6 235.7 230.2 225.2 222.3 218.3 218.3 218.3 218.3 218.3 230.6 248.8 267 281.3 285.3 289.2 291.6 293.6 295.7 298.1 301.7 305.2 308.7 312.3 317.8 322.9 327.1 331.5 333 333.5 333.3 331.8
404.8 405.4 405.6 403.7 402.2 401.2 400 398.2 396.8 394.5 392 389.7 387.1 384 381.6 378.8 372.3 366.6 361 355.5 351.4 347.9 344.3 339.1 334.3 332.4 331.2 329.8 327.6 325.2 322.9 320.5 317.5 312 305.9 298.6 292 287.2 279.8 273.3 266.8 262.9 259.1 255.3 250.9 246.1 241 234.9 229 223.4 218.3 218.3 218.3 218.3 218.3 218.3 236 254.1 272.3 283.2 287.7 291.2 293.9 296.7 298.9 301.6 306.1 309.9 313.6 319.2 324.8 328.9 332.5 336.2 336.5 336.7 335.8 334.5
