webserver/python/data/NZ23.asc
ncols 200
nrows 200
xllcorner 420000
yllcorner 530000
cellsize 50
[rows 148 to 184 of 200, columns 83 to 165 of 200]
145.3 145.4 145.8 146.3 147.1 148.1 148.7 148.3 148.3 148.2 147 146.2 146.1 146.1 146 146 145.8 146.2 145.8 144.9 143.7 142.2 141.2 139.4 139.1 140.4 139.6 138.7 135.4 134.8 132.3 127.7 125.3 128.3 130.2 130.5 130.5 129.5 129.1 129.1 129.5 130.5 131.4 133.3 132.2 131 130.3 128.6 127 126.6 127.9 129.6 134 138.8 143.6 147 151.6 157.6 164.3 170.5 179.6 181.4 181.3 181.1 180.8 179.8 178.5 177.1 175.7 174.3 172.9 171.9 171 170.1 169.4 168.8 168.1 167.2 166.2 166 165.8 165 163.7
144.5 145.9 147.1 147.8 148.7 149.5 150.1 150.6 150.4 150 149 148.3 147.8 147.7 147.5 147.3 147.1 146.9 146.2 145.5 144.4 142.3 140.4 139.1 138.9 138.5 136.6 136.6 135.7 132.9 129.5 129.1 129.6 130.8 131.3 132.8 131.3 129.7 130.1 129.9 130.3 131.3 132.7 133.9 133.7 132.6 131.4 129.5 128.4 128.6 130.2 131.9 135.6 139.3 143.8 148.3 151.9 157.6 164 172 181 181.4 181.3 180.9 180.6 179.9 179 177.6 176.3 174.9 173.5 172.5 171.8 171 170.2 169.3 168.4 166.9 165.8 165.9 164.8 163.3 162.3
144.7 146.2 147.7 148.9 149.7 150.4 150.9 151.1 151.2 150.3 150.2 150.2 149.1 148.7 148.5 148.3 148.2 147.8 146.9 146 144.6 142.3 140 137.1 137.3 136.2 135 134.1 134.6 130.5 129.2 133.3 134.2 135 134.1 135.1 133.5 133.4 132.8 132.2 131.9 132.2 133.3 134.5 134.9 134.2 132.6 130.8 130.6 130.8 133 134.9 136.7 138.9 143.9 149 153.9 157.9 162.6 172 181.1 181.3 181.2 180.7 180.4 179.7 179 178 176.9 175.5 174.1 173.1 172.3 171.3 170.5 169.6 168.3 166.9 165.4 164.5 163.1 161.2 160
145.5 146.8 148.9 150.2 150.5 151.1 151.3 151.6 151.9 151.7 150.9 150.3 149.7 149.5 149.4 149.3 149.5 148.5 147.3 146.2 144.3 142.7 139 135.5 135.5 136 136 133.4 130.5 129.4 132.2 136.5 138.4 139.1 138.5 138.2 138.1 136.3 135.5 134.7 134.3 133.5 134 135.3 136.4 135.5 134.3 133.5 133.8 133.2 135.3 136.3 138.3 140.6 144.4 148.7 154.2 158.4 162.6 170.1 180.5 181.2 181.1 180.8 180.2 179.7 179.2 178.1 176.9 175.9 174.7 173.7 172.7 171.7 170.8 169.7 168.1 166.5 165 163.2 161.2 159.3 157.4
146.5 147.5 149.6 150.7 150.7 151.4 151.6 151.7 151.8 152.3 151.5 150.6 150.6 151 150.3 150.1 149.8 148.1 146.7 145.4 142.5 137.9 129.3 134.3 136 135.8 135.4 133.7 131.8 133.4 138.1 141.5 142.6 143.2 143.4 143.8 143.9 141.4 138.9 137.4 136.8 136.6 136.7 137.8 137.9 136.6 135.2 135.1 135.5 134.7 136.3 137.4 139 141.5 144.4 149.3 154.5 158.8 162.7 169 180.1 182.2 181.2 180.8 179.9 180 179.3 178.1 177 175.8 174.8 174.2 173.2 172.2 171.1 169.7 168 166 163.6 161.4 159.4 157.5 155.6
147.9 148.3 149.6 149.9 150.1 150.4 150.3 150.5 150.7 151.9 151.3 150.4 150.7 151.1 151 150 148 146.2 143.4 141.1 138.6 130.5 131.5 135.9 136 135.5 134.5 133.8 133.3 136 141.9 145.5 145.8 146.8 148.7 149.1 147.6 144.9 142.3 140.2 140.4 141 139.8 141.4 139.4 138.1 137 137.2 136.7 136.6 137 138.2 140.2 143.3 144.4 149.1 154.8 159.4 164.4 170.2 181 181 181.3 180.7 179.9 179.8 179.4 178.3 177.1 175.9 175.7 174.5 173.8 172.7 171 169.3 167.2 165.1 162.4 160.1 158 155.8 153.8
148.8 149.2 149.6 149.3 149.5 149.3 149.3 149.2 149.8 150.4 151.1 150.6 150.9 151.1 149.5 147.1 144.8 140.9 138.6 136.9 132.8 128.6 135.1 135.3 134.4 135 134.4 134.1 134.6 137.9 143.2 147.8 149.6 151 153.3 153.5 150.7 148.5 146.9 145.2 144.5 145.3 144.2 145.2 141 139.6 138.8 139.2 138.5 138.1 138.5 139.7 142.4 146 148.9 150.2 154.5 160.2 166.2 174.6 180.9 180.9 180.9 180.6 180.1 179.6 179.1 178 177.2 176.4 175.9 175.1 173.8 172.5 170.5 167.8 165.8 163.9 161.3 158.8 156.7 154.5 152.5
148.9 149.3 149.9 149.9 149 149.1 149.5 149 149.4 150.7 150.7 150.5 150.7 148.7 146.2 144.1 141.1 139.2 137.4 135.6 128.4 135.3 135.5 136.1 137.6 137.1 136 136.1 137.2 140 145.3 150.1 155.6 158.2 158.4 156.6 153.6 152.6 150.9 150.3 150.3 150.1 147.8 146.2 141.6 140.4 140.3 140.9 139.5 141 142.8 144.6 146.4 149.7 152.5 153.9 155.3 160.5 168 178.3 181 180.9 180.8 180.5 179.9 179.4 178.6 177.4 176.2 175.4 175.3 174.3 172.7 170.8 168.4 165.8 164.2 162.3 160.1 157.5 155.3 153.4 151.9
148.8 149.2 149.7 149.8 149.9 151.1 151.1 151.1 150.2 149.7 149.7 149 148.3 146.9 144.1 142.3 140.1 138.9 137.4 135.2 135.7 138.4 138.3 139.8 140.8 139 137.6 137.7 140.5 145.2 149.5 155.6 161.4 163 161.6 160.1 158 157.1 155.4 155.8 155.7 153.5 150.7 146.2 143.6 142.6 141.6 141.6 142.2 143.6 145.9 148 149 152.5 155.7 158.2 159.9 164.5 171.7 179 179.7 179 179.8 179.9 179.4 178.6 177.8 176.9 175.6 174.8 173.9 172.7 171 169.2 166.5 164.1 162.6 160.7 158.5 156.3 154.3 152.8 151.2
148.8 149.3 149.6 149.9 151.1 151.1 151.1 152.2 149.4 147.1 146.9 147.1 146.7 145.9 145.6 142.6 139.9 138.7 138.3 136.5 138.3 140.2 143.4 146 143.1 140 139.9 140.9 144.3 151.8 156.6 161.9 165.6 166.2 164.1 163.6 162.1 161.2 160.7 160.5 158.8 155.7 150.8 146.5 144.3 143.4 143.1 142.8 143.9 145.6 148 150.3 152.2 154.9 158.1 161.1 164.5 170.7 176.7 180.1 179.3 179.1 179.3 179.3 178.5 177.7 176.9 176.1 175.2 172.9 172 170.6 168.9 167.1 164.7 162.9 161 159.1 157.1 155.4 153.9 152.1 150.5
149.2 150.6 150.4 149.1 150.5 151.1 150.4 146.7 144.9 144.5 144.4 144.6 145.8 144.9 144.1 141.5 139 139 139 138.8 138.9 139.2 142.5 145.7 143.8 142.2 143.8 146 151 157.6 162.2 166.3 169.4 170.5 168.7 168 167.1 166.3 165.6 162.7 159.5 155.1 150.7 146.4 144.5 145.2 144.7 144.2 145.8 147.8 150.1 152.4 155 158.4 161.9 166.3 171.1 176.3 180.5 180.8 180 179.6 179.2 178.3 177.6 176.8 176 174.6 172 170.6 169.7 168.2 166.1 164.6 163.7 161.8 160.1 158.4 156.7 154.9 153.5 151.9 149.9
151 150.9 149.3 149.2 148.2 145.8 144.7 144 143.2 143.3 143.9 144.4 144.9 143.7 140.8 139 140.2 140.9 142.2 143.2 141.2 142.1 142.2 144.9 147 148.1 150.7 154.2 158 162.9 168 172.5 175.6 175.8 174.5 172.9 171.2 169.1 166.9 164.2 158.9 155.1 151.2 148.5 146.6 147.3 146.9 147 148.4 150.5 154 156.7 160.6 166 170.2 173.2 176.5 179.6 181.8 181 180.3 179.8 178.9 177.4 176.5 175.6 174.5 172.1 169.8 168.5 166.9 165 163.8 163.2 162.5 161.1 159.5 157.7 156.2 154.6 153.1 151.6 149.6
149.2 148.7 148.6 146.9 146.7 144.7 143.9 143.1 142.6 142.8 143.3 144.4 143.9 142 140.3 140.4 143.4 144.5 145.6 146.8 146.3 147.3 149.1 151.9 153.3 156.5 159.8 161.4 165.3 169.8 175.7 178.9 180.1 180.4 179.7 179.1 176.2 172.9 168.9 163.3 156.7 153.6 150.3 150.3 149.5 150.1 149.7 150.4 151.4 153.5 158.6 162.7 168 174.3 179.9 181.2 181.2 183.5 182.4 181.4 180.6 180.6 179 176.9 175.5 173.8 172.2 170.2 168.3 166.9 164.8 163.5 162.5 161.8 161.1 160.2 158.2 156.6 155.6 153.5 151.4 149.4 147.9
148.8 147.6 146.8 145.4 144.5 144.1 143.4 142.7 142.5 142.4 142.8 144.1 144 141.1 140.2 140.1 144.1 147.8 150.8 153.5 153.4 155.9 157.8 160.1 164.1 166.7 167.6 169.3 172.5 177 181.7 182.7 182.9 182.6 182.3 181.5 179.9 174.9 170.5 160.7 155.8 153.3 151.7 151.9 152.3 153.3 153.9 156.4 157.6 160.8 165.7 170.7 177.6 182.7 183.9 184.3 185.1 185.1 183.4 182.3 180.8 179.8 177.5 175.4 173.7 172 170.3 168.7 166.8 165 163.5 162.2 160.9 160.2 159.5 158 156.3 154.8 153.5 151.7 149.5 147.3 145.8
148.7 147 145.5 144.4 143.9 143.7 143 142.6 142.4 142.6 142.6 144.1 144.1 141.9 140.5 141.5 145 150 156.7 160.6 161.9 165.7 167.8 169.3 171 172.5 174.8 177.9 181.5 182.3 183.8 184 183.7 183.2 182.8 181.7 179 175 167.5 160 156.6 154.9 154.7 155.4 156.6 158.4 161.6 165.3 168.4 172.4 176 179.4 182.3 183.9 185.8 185.9 185.6 185.8 183.7 181.8 179.7 177.3 174.7 173.3 171.7 170 168.4 167 165.2 163.7 162.2 161.3 159.5 157.9 157.1 156 154.6 152.7 151.4 149.6 147.3 145.2 143.8
148.2 146.8 144.8 143.9 143.9 143.5 143.3 143.3 143.8 144.3 143.5 144.1 143.9 144 143.3 145 148.7 155.4 162.2 167.1 169.1 173.3 175 176.5 177.8 178.1 182.6 184.8 184.5 185.2 185.6 185.4 183.4 182.8 182.1 180.5 176.2 171.3 164 160.2 158.6 158.5 160.6 161.2 163.4 165.9 169.5 173.6 177.7 179.9 181.2 182.8 184.1 186 186.2 186.1 185.7 184.9 181.3 178.8 176.5 174.4 172.2 171.1 169.8 168.1 166.6 165.2 163.6 162.5 161.1 160.2 158 155.8 154.5 153.5 152.4 151.3 149.3 147.4 145.4 143.4 141.8
147.5 146.2 143.9 143.9 144.6 143.9 144.4 145.2 146.4 146.9 145.9 143.9 144.7 146.2 148.2 151 157.3 165.5 171.5 175.5 177.7 179.5 180.3 182 183.6 185.4 186.7 186.9 187.2 187.3 186.7 186 184.5 182.4 181.1 178.6 173.9 169.1 165.7 163.2 162.9 165.9 168.4 169.7 172.2 175 177.5 179.6 181.8 183.1 184.7 185.7 185.7 185.1 185.3 185.5 184 181.4 178.2 175.3 173.4 171.5 170 169 167.8 166.2 164.8 163.4 162 161 159.7 157.5 155.3 153.8 152.4 151.5 150.7 149.6 147.7 145.7 143.6 141.6 139.8
145.3 145.6 144 145.1 147.2 149.2 148.5 146.7 147.6 150.8 148.8 149.7 151.1 153.4 156.5 162.7 170.2 174.2 177.7 179.8 181.6 182.6 184.2 184.7 185.9 186.2 186.7 187 187 187.1 186.6 186 183.9 180.6 179.4 178.1 174.4 169.2 168.6 168.2 170.7 173.1 175.9 179.7 180.6 181.4 182 183.4 184.7 185.7 185.8 185.8 185.9 183.8 182.2 181.7 180.7 178.6 176.3 173.3 171 169.2 167.8 166.8 165.7 164.3 163 161.9 160.8 158.9 157.2 155.2 153.5 151.4 149.9 149.2 148.4 147.7 146.2 144.2 142.1 139.9 138.1
143.9 143.9 146.3 147.4 149.7 151.8 150.9 149 150.7 153.3 155.2 157.3 161.1 163.5 169.6 174.1 176 178.1 180.7 183.2 185 185.2 186.1 185.2 185 185.3 185.6 186 186.4 186.1 185.9 185.5 183 179.6 179.3 178.9 175.9 172.3 175.5 177.6 179.6 181 182.1 183.3 184.7 185.2 185.5 185.8 186.9 187.3 185.8 185.6 184.1 180.1 178.1 176.7 176.6 176.1 174.3 171.8 169 167.3 165.7 164.5 163.9 163.4 162.3 161.3 159.8 157.2 155.2 153.7 152 150 148.1 146.9 146.1 145.4 144.3 142.7 140.7 138.8 136.9
145.7 146.9 149.5 151.7 152.9 155.5 156.1 156.6 159.5 162 164.3 167.9 171.5 175 177.9 180.4 181.8 183.6 185.1 187 188.4 188.5 187.8 187.1 186.6 186.4 185.8 185.3 185.6 185.2 185.5 184 183.9 184.8 185.3 184.5 182.3 178.7 181.1 183 184.3 185.3 185.2 186.8 187.7 187.3 186.9 186.6 186.5 186.1 184.1 183 180.2 176.2 174.3 172.6 173.8 172.8 171.7 169.7 167.3 165.3 163.9 162.9 162.4 162.1 161.6 160.5 158.6 156 153.7 152.1 150.5 148.7 146.9 145.5 144 143.1 142 141.2 139.4 137.4 135.5
150.7 151.6 154.7 156.7 158.6 160.9 162.7 162.8 165.7 168.5 173.6 176.5 177.5 179.1 183 185.3 186.4 186.7 188.3 189 190.7 190.1 189.8 189 188 187.1 186.8 186.3 185.8 184.6 184 186.3 189.6 189.9 190.7 188.7 184.9 182.7 186.6 188.5 188.8 188.4 188.7 188.9 189.2 188.5 187.7 186.7 185.9 183.9 181.8 180.1 176.7 173.9 171.2 169.4 170.6 169.5 168.4 166.4 164.7 163.5 162.9 162.1 160.3 160.1 159.7 158 157 154.7 152.4 150.6 148.9 147.3 145.7 144.2 142.7 141.2 139.9 139.1 138.1 136.1 134.1
155.1 159.7 161.8 164.5 166.9 169.1 171.1 172 173.6 176 177.7 178.4 181.4 183.7 186.2 188.8 189.2 188.8 190.2 189.3 190.1 189.9 189.9 189.4 188.6 187.4 187 187 186.1 185.1 184.4 187.9 189.9 189.3 188.9 187.5 184 188.3 190.5 192.1 192.2 191.6 190.3 189.9 190 188.8 187.5 186.5 184.3 181.1 179.3 177.4 174.8 172.1 169.5 167.1 165.2 165 165.3 164 162.4 161.1 161.3 161.2 159.1 158 156.8 155 153.4 152.5 151.2 149.2 148 146.5 144.5 142.6 141.1 139.5 137.8 136.9 136.5 134.7 131.8
162.4 165.3 169.7 173.2 175.5 177.2 179.4 179.4 179.7 180.8 178.9 184.4 185.8 187.6 190.7 190.9 191 189.3 190 190 189.1 188.7 189 188.6 187.3 187 186.6 186.1 185.5 184 185.7 185.6 186 186.1 185.7 186.5 187.7 190.5 191.1 193.2 194.2 193.8 191.5 189.3 189.4 187.6 186.5 185.7 182.2 179.4 177.3 175.9 173.1 169.8 167.3 165.3 163.7 163.5 163.2 161.8 160.3 158.9 159.3 159.7 158 155.7 153.9 151.8 149.9 150.3 149.9 148.1 147 145.9 143.8 141.7 139.5 137.7 135.9 135.2 134.7 132.9 129.6
172.7 173.5 176.4 180 182.2 184.2 185.5 184.6 183.8 183.7 185.4 189.1 188.1 190.8 190.9 191 190.8 189.6 189.6 188.5 187.2 186.8 186.8 186.5 186.3 186 185.2 183.9 183.8 184.1 185.1 184.2 182.9 181.9 184.2 187.2 190.1 190.4 191.3 192.3 193 193.7 192 189.7 188.1 185.4 184.6 183.7 181.3 179 177.2 175.2 171 168.6 164.7 163.5 162.8 162.6 161.8 160.4 158.9 157.5 156.6 156.6 155.3 153.8 152.3 150.3 149.6 149 148.1 147.1 146.1 145 143.3 141.2 139.7 137.3 134.8 133.6 132.9 131 128.6
180.4 181.6 182.5 184.4 186.7 187.5 188.6 189 188.8 189.3 191 190.1 191 191 191 189.9 189.9 189.3 188.4 187 185.7 184.8 185.1 185.9 185.9 184.4 180.6 180.5 181.7 181.3 181.4 181.9 181.3 179.6 181.2 186.4 189.4 190 190.6 191.1 191.7 191.2 190.2 188.4 186.7 184.5 181.1 180.1 179.9 178.2 176.2 174.3 172.3 169.9 165.1 162.9 162.2 161.6 160.6 159.4 157.7 155.8 154.3 152.9 152.4 152.1 151.5 151 149.2 147.9 147 146.1 145.5 144.2 142.2 140.4 139.5 136.8 134.1 131.9 131 129 126.5
187.1 187.9 187 189.5 190.2 191.1 192.1 192.6 191.5 192.1 192.4 192.2 191.1 191.1 190 189.4 189.2 188 187 186.2 185.5 184.3 183.8 185.2 184.5 183.4 179 177.4 178.2 177.4 178.3 179.4 181 180.4 179.4 185.5 188.6 188.7 190.6 191.2 191.1 190 188.5 186.8 185.1 183.2 180.9 178.6 177.9 176.7 174.8 172.9 171.4 169.5 165.5 163.6 161.5 160.6 159.6 158.6 156.9 154.4 152.2 148.9 148.3 149.7 150.4 149.5 148.7 147.2 145.8 143.8 143.3 141.3 140.1 138.9 137.5 135.9 133 130.1 129.2 128 125.8
190.4 188.9 191.1 192.9 193.9 195.1 195.6 195.8 194.2 194.2 193.6 192.7 191.5 191.1 190.7 189.1 188 186.8 185.7 183.9 182.9 183 183.1 182.1 181.2 180 176.4 172.4 173.5 173.7 175.8 178.4 180.9 180.9 176.3 184.9 187.7 187.4 188.6 190.9 188.6 188.3 186.8 185.1 183.3 181.3 179.5 177.7 175.2 174.8 172.3 171.1 169.9 168.5 165.5 163 160.9 159.5 158.5 157.4 156.8 154.1 149.1 145.7 146.1 146.8 147.3 148 147.2 146.3 145.3 143 140.8 139.8 138.6 137.5 136.3 134.6 132 129 127.3 127 125.4
192.6 192.3 195.8 196.1 195.9 196.1 196 196.1 194.4 194.6 194.2 193.2 191.4 191 188.8 187.7 186.8 185.5 183.2 180.9 180.8 181.1 180.3 178.7 176.9 174.5 167 167.5 168.5 170.2 172.3 175 178.8 176.9 172.3 182 185.3 186.2 185.5 185.8 185.8 185.2 185.1 183.3 181.5 179.6 177.8 176 174.3 171.3 168.7 168.9 168.3 167.3 164.7 162.2 160 158.5 157.2 156.1 155.9 153.9 148.7 144.1 143.7 143.7 144.1 145.1 145.5 144.7 142.9 141.7 139.6 138.3 137.1 136 134.8 133 130.9 128.3 125.5 125.7 124.8
194.1 193.9 196.1 195.9 195.6 195.5 195.8 195.8 195.9 195.5 194.6 193.1 191.1 190 188.9 187.6 186.3 184.5 182.5 180.7 178.8 178.3 175.2 172.1 171.9 169.8 165.9 163.5 163.9 165.9 167.8 169.4 173.7 170.5 170.1 177.7 180.5 183 183.1 181.8 182.8 183.3 183.1 181.8 179.9 178 176.1 174.3 172.6 170.1 166.9 164.1 165.5 165.8 164 161.5 159 158.2 157 155.4 152.5 150.2 147.1 143 140.3 141.1 141.2 142.4 142.8 141.4 140.1 138.9 137.9 136.4 135.2 134.1 132.9 131.1 129.3 127.9 125.3 124.2 124.2
194.5 194.6 196.1 195.9 195.5 194.9 196.1 195.5 196.1 196.1 195.5 193.4 191.2 189.7 188.4 186.5 185 183.2 181.3 178.4 174.9 171.4 168.7 164.4 163.3 162.1 161.2 157.7 158.7 161.2 164.1 166.4 167.5 163.8 167.9 173.9 175.9 177.9 179 179.9 181.2 181.8 181.6 180.6 178.6 176.7 174.7 172.6 170.6 168.6 165.8 163.5 162.5 163.1 162.1 160.8 158.7 157.6 156.3 154.3 148.9 146.7 143.8 140.9 138.5 137.9 138.6 139.8 139.9 139.2 137.7 136 135.3 134.4 133.1 131.9 131.4 129.7 129.1 129.4 128.7 127.9 124.1
192.1 191.8 193.5 193.9 193.7 193.6 193.5 193.3 195.1 195.2 195.5 193.8 191.9 190.3 188.7 186.5 184 180.6 178.1 173.8 170.2 165 162.4 158.6 157.1 156.8 155.2 153.4 154.3 157.5 160.3 161.6 160.7 158.8 165.8 170.4 171.8 173.4 175.2 178.1 179.7 180.7 180.9 179 176.8 174.7 172.8 171.1 169.3 167.2 164.5 161.8 159.6 159.6 160.1 158.8 157.2 155.7 154.6 152.1 147.6 143.3 140.3 138.9 136.8 135.3 135.5 136.5 136.9 136.6 135.8 134.8 133 131.8 130.9 130.8 130.5 129.2 129.1 129.9 130.5 126.5 125.6
190.5 188.6 190 190 189.9 190.3 190.4 190.9 193.7 195.8 194.2 193.2 191.1 189.7 187.8 185.3 182.3 178.9 174.2 168.6 164.1 158.4 155.5 152.8 151.1 151.6 151 149.3 150.5 153.5 155.5 156.2 155 156.5 162.6 166.9 168.3 169.8 173.2 176.2 177.4 178.8 178.5 176.4 174.8 173 171.3 169.6 167.9 165.8 163 160.4 158 157.5 156.9 154.6 153.1 152.6 150.9 149 146.9 142.3 139 138.6 136.8 134.6 134.6 134.5 134.6 134.8 134.9 134.4 132.1 129.7 129.1 129.2 129.4 129.2 130 130.6 129.1 127.5 128.1
189.9 187.3 185 185.3 185.6 186 186.7 188.2 190 191.4 191.2 190.4 189.1 187.7 186.3 184 180.6 176.5 171.3 165.1 158.6 153.4 149.8 148.2 147.4 147 147.1 145.2 147.1 149.9 151.3 150.9 151 156.6 161.4 164 165 166.2 169.8 173.5 174.8 175.5 175.2 174.1 172.6 171.4 169.8 168.1 166.5 164.2 161.6 159.2 156.7 154.8 153.5 151.2 149.4 149.4 147.8 145.9 143.9 141.5 138.9 138.7 137.9 136.3 134.4 134.2 134 133.9 133.9 134.1 132.6 129.8 129 128.7 129 130.2 131 129.5 129.1 129 129.5
186.2 184.9 183.1 183.1 183.2 183.9 184.4 185.2 186.8 188.2 187.4 186.5 185.8 185.1 183.7 181.2 177.7 173.1 167.3 162.5 155.3 150.1 146.8 145.1 144.8 144.2 144.1 142.1 144.2 147.4 147.8 148.5 150.6 155.9 159.3 160.7 161.9 163.9 167 169.8 171.7 172.7 173 171.9 170.4 169.1 168.1 166.6 165 162.8 160.5 158.1 155.5 154.8 152.4 149.5 147.8 146.9 145.5 143.5 141.4 138.9 139.2 140 139.9 138.8 136.3 134.4 133.9 133.7 133.8 134.2 135.5 135.1 128.6 128.5 130.1 130.8 129.4 129.2 129.2 130 130
182 180.7 181.2 181.1 182 182.6 183.7 183.8 184.5 184.6 183.8 183.1 182.7 182.8 181 178.3 175 170.2 163.8 158.8 153 148.8 145.7 144.1 142.9 141.5 141 140.1 141.9 144 144.8 146.2 149.6 153.6 156.3 158.1 159.3 161.6 164.8 167.4 168.9 170 170.6 169.7 168.2 166.5 165.5 164.4 162.4 161.5 159.4 157.1 154.4 152.5 151.6 149 146.6 145 143.3 141.1 138.2 135.5 140.3 145.3 144.6 142.6 140.9 138.7 134.4 134.1 134.2 138.9 140.8 140 133.9 131 129.1 129.6 129.1 129.1 129.1 130.9 130.6
178.9 178.8 179.2 179.2 180.9 181.9 184.1 183.6 182.4 182.5 180.5 179.9 180.4 179.1 176.5 174.3 170.7 167.7 162.3 156.9 152.5 149 147.2 144.7 141.7 139.3 138.9 139.1 140.5 141.5 142.4 143.8 147.4 150.8 153 155.6 157.4 159.6 161.8 164.6 166.5 167.4 167.8 167 166 164.3 162.5 161 159.1 158.4 157.7 155.8 153.1 150 148.4 146.4 143.8 141.1 139.6 138.6 136.7 134.6 143.5 146.2 146.7 145.4 144.6 144.3 143.8 143.1 144.8 146 141.9 140.2 137.2 134.8 131.1 129.1 129.1 129.1 130.7 130.8 130.7
176.6 177.4 177.9 179 180.2 182.4 184 183.6 181.9 180.1 179 177.3 175.5 173.5 171.2 169.4 167.6 165.3 161.5 158.2 153.9 151 148.4 145.6 142.7 139.9 138.9 137.4 138.1 139 139.8 141.1 145.3 148.2 150.2 153.2 155.8 157.7 159.5 161.3 163.8 164.7 164.5 163.8 162.8 162 160.4 158.5 155.1 154.8 154.2 153.8 151.5 147.5 144.7 142.5 139.9 137.2 135.5 134.9 134.4 134.2 138.9 141.2 144.4 146.1 146.4 146.5 146.6 146.9 146.1 144.1 139.3 138.1 135.9 134.1 132.1 129.6 129.5 129.7 131 130.9 130.7
