webserver/python/data/NZ33.asc
ncols 200
nrows 200
xllcorner 430000
yllcorner 530000
cellsize 50
[rows 36 to 71 of 200, columns 0 to 80 of 200]
95.6 94 92.5 92.1 91.3 91.1 91.7 92.1 92.4 92.7 92.6 94.4 94.4 94.7 95.7 96.2 96.3 96 94.9 95.8 98.2 101 100.5 100.2 101.1 100.4 99.4 99.4 98.7 98.2 97.3 96.4 95.9 96.5 100.8 110.2 119.9 129.7 133.9 135.8 138 137.9 139.2 140 141.3 144.9 148.1 150.6 153.9 159.2 166.3 167.4 169.2 171.7 175.6 177.1 177.9 178.5 179.1 181.5 184.8 186 186 185.9 184.8 185.5 186 185.8 185.4 184.5 183.7 184.6 185.2 184.4 185.5 185.7 179.2 180.2 180.7 181.6 178.4
93.8 92.5 90.8 90.3 88.9 89.9 90.2 91 91.3 91.4 90.8 91.3 91.7 91.1 92.9 92.8 93.1 93.4 93.2 94.8 97.5 100 99.9 100.3 100.5 100.2 99.9 99 97.9 96.9 95.6 95.4 95.3 95.2 100.3 111.1 118.5 128.6 132.8 133.8 135.2 133.9 133.9 136.3 137.1 139.3 142.4 143.5 145.8 151.1 156.2 159.1 164.1 170 174.9 176.3 177.5 178.3 179 181.8 183.8 184.1 184.1 184.9 185.3 184.9 185.2 186 185.3 185.8 186 184.8 183.4 180.7 183.9 185.2 181.7 182 182.3 180.8 180.3
92.7 91.8 89.8 88.8 89 89.3 89.7 89.4 90.1 90 89.5 88.5 88.8 90.2 90.3 89 89.7 91.2 92.6 94.4 96.5 98 98.8 100.2 100.5 99.9 98.8 97.5 96.6 95.8 95.5 95 95 94.3 104.1 111.9 117.2 127.8 131.7 133.3 132.8 133 133.3 134.2 133.9 134.3 136.9 138.9 140.7 144.8 151.1 156.8 162.5 168.6 174.8 175.8 176 176.7 177.6 179.5 180.5 181 181.3 182.1 182.3 182.6 182.9 184.1 184.2 184.3 185.9 184 181.8 181.6 182.9 185.2 183.7 183.6 183 182.6 181.1
91.2 90.4 89 88.7 88.8 88.6 88.6 89.2 89.6 89.1 86.8 84.7 85.9 85.7 84.6 87.7 90.3 90.6 90.2 92.1 95.4 95.5 97 98.9 99.2 98.7 97.5 96.2 95.3 95.1 95.8 95.1 94.2 95.8 105.2 112.9 117.7 126.2 131.8 131.9 131.5 131.6 132 133.2 134 135.5 133.9 135.6 137.4 140.8 146.8 153.6 160.8 168.3 174.5 174.9 174.8 174.9 175.4 176.3 177.2 177.9 178.4 178.9 179.3 180.1 181.2 181 181.8 182.2 183.3 184.5 183.5 183.3 184.3 185.1 185.6 184.2 184.9 183.2 181.6
90.4 89 89 88.5 88 87.8 87.6 88.2 88 87.6 86.5 84.7 84.6 84.7 85.5 87.3 90.5 91 90.5 89.9 93.2 94.9 96.3 97.1 97.4 97.5 96.5 95.2 94.6 94.4 95.3 94.5 94.2 99.6 108.3 113.9 117.6 121 130.9 131.3 129.9 130.8 131.2 132.4 134.1 136 135.6 134.6 135.1 137.5 143 151.8 159.8 167.3 172.7 173.6 173.4 172.8 173 172.5 173.3 174 174.5 174.9 175.8 177.5 178.6 179 179.2 179.7 180.6 183.5 184.8 184.8 185.1 184.8 184.6 184.7 185.5 182.8 180.5
88.9 88.9 89.2 87.7 87.2 86.9 86.3 86.6 86 86.8 86.2 85.2 83.8 83.6 85.3 86.2 88.2 89 87.2 87.2 89.3 91.9 94.6 95.5 96.1 95.9 95.5 94.4 94 94 94 94.3 94.9 103.2 108.8 113.3 118.5 124 131 131.1 130.8 130.3 130.5 130.8 132.2 134.5 134.1 134.1 133.9 136.8 141.9 151 157.4 164.9 169.1 170.1 168.6 170.2 169.6 167.2 167.8 167.8 168.4 170.7 172.3 174.8 176.3 177.7 176.7 177.4 177.8 182.1 186 186 183.7 182.4 182.3 181.4 181.7 180.3 178.8
88.7 88.8 89.1 88 86.6 85.9 85.3 84.1 83.3 85.1 85.6 83.7 81.7 82.8 84.6 84.3 84 84 84.3 84.1 86 89 90.9 94 96.1 96.1 94.6 94 94.1 94.1 94 97.3 101.3 106.9 110.2 114.6 119.5 124.8 129.3 130.8 130.4 129.1 129 129.3 129.8 129.7 131.8 132.5 132.8 137 141.2 146.7 154.1 160.8 163.7 163.8 162.5 161.7 161.9 159.2 157.5 156.4 158.3 165.2 168.8 170.6 172.4 174.8 174.9 173.4 173.7 179.9 184.9 185.6 183 180.1 179.1 178 177.7 177.8 176.8
88.6 88.7 88.9 88.3 86.8 85.5 85.1 81 81.7 83.9 85 80.7 80.9 82.3 83.9 85.2 84.7 84.1 86 84 84.3 86.6 88.7 92.1 94.2 93.2 90.4 94.4 98 101 98.5 100.7 103.3 106 111.1 116.1 120.8 123.3 126.8 128.2 128.8 127.7 127.2 127.9 128.3 129 130.2 131.2 132 135.7 139.2 142.7 146.5 153.3 157.8 154 151.4 144.2 146.7 145.6 144.3 143.7 149.7 155 160.4 161.8 162 165.8 173.4 171.1 166.6 175.8 182.5 182.6 180.7 177.2 175.3 174.5 174.7 175.4 175.7
88.7 88.8 88.8 88.6 87.1 85.7 84.5 80.2 80.1 81.9 82.2 80.2 82.4 83.9 85.6 86.6 87 87.2 87 84.6 84.4 84.9 87 89.8 91.2 90 90.8 99.6 100.7 100.5 101.5 102.6 105.3 107.8 112.5 117.1 119.8 121.8 123.6 125.2 127.2 126.4 125.5 126.7 126.5 127.7 128.1 129.3 130.4 133.3 135.1 137.3 140 143.8 145.8 142.5 138.3 135.5 134.6 134.2 133.4 135.2 138.7 142.6 146 148.1 141.7 148.4 160.7 160.6 161.8 173.2 179.3 179.6 177.4 174 173.8 173.5 173 173.5 173.5
90.3 91.1 91.1 89.7 88 86.3 84.4 79.5 79.1 79 80.1 81.3 84.4 86.2 88.5 89.5 90.2 90.3 88.4 86.1 84.6 84.4 85.9 88 91 88.9 94.2 101 101 102.2 103.5 105.4 108.5 111.1 113.3 116.8 119.2 121.1 123.6 124.5 125.6 125.3 123.9 124.2 126.2 126.4 126.2 126.7 128.2 130.3 132.1 133.3 134.7 138.1 136.9 136.2 133.1 131.7 130.9 128.6 127.9 128.9 130.7 133.1 133.1 133.5 132.8 137.3 143.5 144.5 158.7 170.3 176.8 176.3 174.7 173.6 172.5 172 171.5 171.7 172
91.9 95.4 96 94.6 90.8 86.7 84 79.1 79.7 80.2 82.2 84.1 85.8 88.2 90.2 91.7 93.1 92.2 89.4 88 84.6 84.6 85.3 86.7 88.6 90.1 95.9 98.8 100.9 101.9 105.6 107.4 109.5 111.2 114.1 116.7 119.9 122.1 123 124.3 125.3 126 122.1 121.9 126 126.1 124.2 123.3 125.5 127.6 129.6 130.3 130.6 131.8 130.7 130.3 129.6 129.4 128.2 125.7 124.8 124.4 125.1 126.5 127.6 129.7 132.8 134.9 138.9 145.1 158.1 169.9 175.3 175.1 174.3 173.6 172.4 171.2 170 170.2 170.8
93 95.9 96.5 94.1 91 87.1 80.7 79 79.3 80.7 83.3 86.1 87.7 90.3 91.3 93.2 93.9 92.7 90.9 87.8 84.2 84.7 85.7 86.9 88.5 89.9 94.1 97.1 99.6 100.6 105.5 108.2 109.8 109.6 113.7 115.9 119.5 119.4 120.9 120.5 121.1 123.7 121.2 119.2 122.3 123 121.4 119.7 122.6 125.3 126.6 127.4 126.4 126.4 126.9 126 124.9 125.3 125.2 123.4 121.7 121.3 120.3 123.4 125.9 128.2 132.7 136.8 143.6 148.6 164 170.6 173.3 174 174.2 173.4 171.8 170.8 170.4 164.3 166.9
90.9 94.4 94.3 92.3 89.9 86.2 80.8 79.5 79.8 80.9 83 84.2 87.5 90.3 92.3 94.2 94 92.3 89.9 88.6 85.6 85.2 86.2 87.4 88.6 90.1 91.5 94.5 100.2 100.5 104.2 106.6 109.5 109.1 112.5 115.1 117.3 119.1 119.7 119.5 119.1 120.6 120.7 118.9 120.4 120.9 119.7 119.3 118.9 120.7 120.7 122.6 122.6 122.5 122.7 120.9 119.1 120.3 121.1 121 119.9 118.9 118.9 122.7 125.9 126.8 131.9 140.1 150.5 161.5 167.7 169.6 170.6 171.9 171.9 170.9 171.2 170.6 169.9 164.8 158.8
89.4 90.9 90.1 88.5 87 82.9 79.3 78.5 79.9 81 82.9 84.9 88 90.5 92.6 93.9 93.2 90.8 90 90 88.5 86.9 86.9 87.7 88.9 90 91.2 95.9 100.6 101.4 103.9 105.3 108.4 109.8 113 115.8 117.7 118.2 118.5 118.7 119.5 119.6 118.9 118.7 119.1 119.8 119.5 119.2 118.4 118.3 116.2 117 118.7 120.6 119.3 118 117.4 118.3 119.2 118.7 118.9 118.9 120.7 121.7 124.2 126.4 141.2 155.2 163.1 166.6 167.6 168.6 169.2 169.4 169.3 168.5 169.2 168.1 166.5 163.5 152.7
87.7 87 86.2 84.8 83.1 80.4 77.6 76.1 79 80.8 82.6 84.4 88.7 90.8 91.2 92.2 90.8 90.8 90.9 90 89.3 88.1 87.8 88.4 90.4 91.4 93 96.6 99 101.1 103.1 104.7 110.8 110.8 113.5 116.3 116.6 116.9 117.2 117.4 118 117.9 116.9 116.8 117.3 118.2 118.1 117.7 116.9 116.3 115.2 114.1 116.4 117.9 117.8 116.4 115.5 116.2 117.3 118.3 118.5 118.9 124.1 124 127.4 140.2 155.5 161.8 165.7 166.6 167.1 167.5 167.3 166.7 166.1 163.4 163.6 162.9 159.5 159.8 150.8
85.1 83.6 81.4 80.1 79 78.2 75.6 75.1 78 81.2 83.1 84 87.5 90.3 90.9 91.4 92.4 92.7 93 92.4 90.1 88.8 88.9 89.2 92.2 94.4 96 98.6 99.2 100.2 102.8 105.4 110.2 111.2 113.1 115.6 115.7 115.8 116 116.2 116 116 115.2 115.9 115.5 115.9 116.6 116.2 115.4 114.4 114 114.1 116 116.2 116 115.4 114.2 114.9 116.3 118.3 118.7 118.9 125.2 127.6 131.1 149 159.6 163.8 166.3 166.4 166.8 166.5 165 164.6 162.7 159.2 155.8 155.3 152.7 151.4 148.1
82.1 80.6 79.2 77.5 76.9 75.5 74.1 74.7 76.5 79.8 83.6 85.6 87.7 90.7 92.1 93.5 93.8 94.1 94.5 94.9 93.1 90.4 91.4 91.8 94.6 97.6 99.6 100.8 100.3 102 104.9 106.4 109.5 111.3 112.9 115 115.1 115.3 115.6 116 115.7 114.4 114.1 114.8 114.6 114 114.6 115 114.5 113.3 113.3 113.7 113.9 114.7 115.1 113.1 112.8 115.1 116.7 118.4 118.9 122.3 125.3 128 138.1 153.4 160.7 165.8 166.1 166.3 165.9 165.3 162.5 160.5 159.6 156.8 153.6 149.8 146.2 145.1 143.2
80.5 78.6 77.6 76.4 75.1 73.9 74.3 74.6 76.1 79.3 82.8 84.9 87.5 90.7 92.3 94.7 94.5 94.3 94.9 97 97.5 94.8 95.2 96.8 97.9 100.6 102.2 103 103.2 103.4 104.2 104.5 108.1 111.3 113 114.8 114.8 115.1 116 115.2 114.3 113.3 113.5 113.4 113.1 112.8 113 113.2 113.5 112.3 112.2 112.4 112.4 112.3 112.2 109.8 111.4 115.3 117.1 119.5 121.4 124 127 132.5 143.9 155.1 161.3 166.1 166.1 166.1 165.3 163.3 159.9 155.7 155.8 154.2 151.7 145.3 142.4 140.3 139.9
79.1 77.1 75.4 74.3 74.7 74.2 74.4 76.5 78.5 80.5 84.1 85 87.3 90.5 93.4 95.7 96.1 94.7 96.2 98 99.7 98.6 98.1 100.2 101.5 103.1 105.2 105.4 104.6 104.1 103.9 103.9 106.7 111 112.8 114.4 115.5 114.9 115.9 114.5 112.8 111.8 111.7 112 111.7 111.4 111.5 111.7 111.6 111.3 111.1 111 111 110.3 109.4 109.5 111.7 115.5 117.6 120.4 124.8 126.2 129.9 134.5 146.4 157.6 161.9 166.1 164.5 164.4 163 160.8 157.2 154.4 153.8 152 148.9 142.4 139.9 138.1 136.6
78.1 75.9 74.2 73.9 73.9 73.9 74.4 78 80.3 82.4 85.7 88.1 89.5 91.2 94.1 95.7 96.1 96.1 96.3 98.6 100.3 99.5 101 101.5 102.5 104.7 106 106 106 105.5 106 105.9 105.6 110 111.5 112.3 112.9 113.9 113.8 113.8 112.1 110.3 109.9 110.6 110.3 110 109.5 110 109.3 111.1 110.4 109.4 109 109.2 109.1 109.1 111.7 115.4 118.2 122 125.5 127.5 131.7 140 151.1 159.8 164.3 165.5 162.8 163.3 162.3 160.8 157.3 156 153.2 149.7 145.3 140.9 138.2 136.4 134.4
76.9 75.1 74.4 73.9 73.9 74.4 76 78.3 80.4 83.6 86.2 90.7 90.6 92.3 94.4 95.8 96.1 96 97.2 99 100.3 100.4 100.7 102.1 103.4 104.4 106 106 106 106 106 106 105.6 106.5 108.6 109.3 110.6 112.3 112.4 112.3 112 110.4 109.2 108.2 107.6 107.2 106.1 105 106.1 107.5 107.3 106.5 106.2 108 109.6 111 115.1 116.1 119.6 123.8 127.7 128.4 135.6 145.1 156.2 162.7 166.1 164.8 163.7 162.8 160.1 158.2 155.5 154.4 151.4 148 143.1 139 137.5 135.7 134.1
74.7 74 74.2 73.9 75.3 77.1 78.8 79.2 81.4 83.8 86.8 89.4 91 91.9 93.6 96.1 95.2 94.5 95.7 97.2 99.8 100.6 100.2 101.4 102.9 104.9 106 106 106 106 105.7 105 104.3 104.3 104.5 104.7 107.4 110.7 111.3 111.5 111.1 109.8 107.7 106.3 105.7 105.2 104.1 104 103.9 104.3 105.1 104 105.6 108.1 110.2 112.7 115.4 117.2 120.7 125.2 130.3 129.3 137.5 148.5 157.2 162.7 165.2 165.6 163.2 161.9 158.3 155.5 153.2 151.3 149.4 146.6 143 139.6 138.6 136.3 135.4
74.1 73.9 73.9 75.9 76.9 79.8 80.7 80.8 82.4 84 85.9 88.6 91 90.7 91.9 92.7 92.4 92.5 93.3 94.7 97.4 98.9 99.5 100 101.5 103.5 104.5 106 106 105.2 103.3 102.9 102.2 102.3 102 102.8 104.1 107.2 109.7 110.8 109.6 108.1 106.9 104.2 103.9 103.9 103.6 103.8 104 104.3 103.9 103.9 107.5 110.2 112.8 114.7 116 119.4 123.4 127.1 131.5 133.7 143.6 152.7 158.2 161.6 164.3 164.6 162.7 160.9 158 154.7 151.4 149.1 148 146.7 145.1 141.9 140 137.5 136.4
74 73.9 73.9 75.5 77.9 80.7 81.4 81.9 83 84.3 85.3 87.9 89.5 90.3 90.1 90.2 90 90.2 91.3 93.1 96 97.1 97.6 98.4 100 101.7 102 103.4 104.3 103.4 102.1 100.7 99.9 99.2 99.2 100.6 102.7 105.4 107.3 107.6 107.6 106.4 105.7 104.1 102.8 102.6 102.1 102.4 103.4 104.5 106.1 108.2 111.1 113.6 115.3 116.6 119.1 123.7 126.9 130.4 138.3 145.7 153.1 158.9 160.6 162.4 164.8 163.5 161.4 159.8 157.3 154.2 150.9 149.2 148.2 146.7 145.2 143.5 139.3 138.8 137.1
74 74.2 74.1 75.1 78.7 80.7 81.8 82.9 83.6 84.3 86 86.6 88 88.7 89.3 89.5 89.7 89.3 89 91.3 95 95.9 95.5 96.3 97.3 99 99.3 100.3 101.3 101.2 99.9 99 98.7 98.6 98.8 99.3 100 103.2 105.8 104.7 105.6 104.7 104.8 104.1 102.2 101.6 100.7 100.9 103.1 104.9 108.6 110.6 113.6 115.9 116.6 117.9 121.4 124.6 128.5 136.9 149.3 156.2 160 163 164.4 164.5 164.6 162.8 160.6 158.4 156.5 153.8 151.1 149.5 148.2 146.7 145.3 146 140.5 138.8 138
74.1 73.9 75.9 76.4 78.2 80.8 82.2 83.2 84 85 85.8 85.7 86.8 87.8 88.2 88.5 88.7 88.9 88.9 89.7 92.5 94.1 94 94.2 94.5 95.6 97.2 98.5 99.1 99.2 98.7 98.3 97.9 97.4 97.7 98.1 98.8 100.2 102.8 103.8 103.6 103.5 103.2 103.4 102.2 100.4 99.5 99.8 101.3 104.8 106.6 111.3 114.4 117.2 119.7 122.6 128.4 130.2 132.4 141.3 152.4 159 162.1 163.2 164.1 164.3 163.9 162.2 159.8 157.5 155.9 153.7 150.8 150 148.4 146.8 145.3 145 141.9 139.7 138.9
73.7 73.8 74.3 77.3 80.5 81.2 82.7 83.5 84.3 84.5 84.9 85.6 85.9 86.7 87.2 87.6 87.8 87.9 88.4 89.2 90.6 91.4 91.8 91.8 92.3 94.1 95.5 96.8 96.9 97.5 98 97.6 97 96.4 96.5 97 97.9 98.8 100.6 101.3 101.7 101.9 101.8 101.6 103 99.3 99.4 99.1 100.3 102.9 105.4 112 117.8 122.8 127.2 132.2 134.1 137 139.8 148.1 156 161 161.5 161.5 161.8 162.5 162.6 161.5 159.2 154.9 154.7 153.2 151.8 151 148 146.3 144.6 144 142.1 140.8 140.7
73.8 73.9 74.6 78 80.7 82 83 83.6 84.1 84.7 84.5 85.9 85.2 85.7 86.1 86.6 86.8 87.6 88.4 89.2 89.8 89.6 89.6 88.9 91.4 92.6 94.1 95.1 96 96.5 96.7 96.4 95.7 94.9 95.4 96.2 97 98 99.4 99.4 100.8 100.7 100.6 100.2 101 99.3 99 99.8 101.7 102.8 108.6 116.1 122.4 128.1 133.3 138 143.5 148.1 150.7 154.3 157.6 159.9 161 161.1 160.2 160.7 160.7 160.9 158.3 154 153.8 152.7 151.6 150.4 147.2 145.2 144.9 142.9 141.6 141 140.9
73.9 76.2 77.3 80 81.2 82.5 82.7 83.3 83.8 84.4 85.2 86 85.5 85.2 85.6 86 86.9 87.8 88.5 89.3 88.9 88.9 88.9 88.9 90.9 91.9 92.5 93 94.2 95.5 95.6 96 94.8 93.2 95 95.4 96.2 97.1 98.2 99.6 100.7 100.7 100.7 100.4 99.9 99.7 99 100.9 102.7 105.6 110.5 118.6 124.1 131.7 137.1 141.5 146.7 150.1 154.1 157 158 160 160.7 159.3 159.2 160.2 161 160.3 157 154.7 152.8 151.6 151.2 151.1 146.3 144.4 143.8 142.3 140.6 139.2 138.7
74.4 79.3 80.2 80.9 81.8 82.5 82.7 82.9 83.4 83.8 84.4 84.2 86 84.4 84.9 86.1 87 87.9 88.6 88.6 88.2 87.7 87.7 88.8 90 90.6 91.1 91.6 92.1 92.9 93.9 94.9 93.6 90.7 90.4 95.8 95.1 96.6 97.2 98.8 101 100.9 100.9 100.3 99 99.3 99 101.2 103.3 107.1 112.2 118.1 125 131.7 137.4 141 143 144.4 149.3 154.8 156.6 158.4 158.3 155.5 156.2 157.3 156.7 156.8 155.9 154 152 150.4 150.6 149.6 145.9 144.4 142.6 141.3 139.5 136.9 135.6
79.3 80.7 81.8 82.7 83.7 82.8 82.9 82.8 82.5 82.8 83.5 83.6 84.3 84.4 85.2 86.2 87.1 88.1 88.6 87.6 87.2 86.8 86.6 87.7 88.8 89.3 89.8 90.3 90.7 91.2 92 92 91.2 89.5 92 95.6 94 95.2 95.9 97.7 99.5 100.2 100.6 99.1 98.3 98.3 100.2 102 105 108 112.4 117.3 125.6 131.6 133.9 137 135.9 135.4 142.8 150.5 154.3 155.7 155.4 155.1 155.3 154.7 154.1 153.3 153.3 151.8 149.9 148.6 147.3 147.7 145.4 143.6 141.5 140.2 138.1 135.9 133.9
80.7 81.9 82.9 84.1 85.5 82.8 82.7 82.2 81.9 81.8 82.2 82.8 83.3 84.8 85.5 86.4 87.4 88.3 88 86.6 86 85.9 85.6 86.3 87.6 88 88.5 89 89.1 89.7 89.7 90 89.7 89.4 91.8 94.2 94.1 93.9 94.3 96.8 97.5 98.2 97.8 96.4 96.3 97.8 99.2 102.9 106.9 109.9 112.9 117.8 122.4 128.8 133.6 133.4 132.9 133.9 137.5 146.2 152 155.3 154.9 154.9 154.6 153.5 152.6 152.6 150.3 150.7 148.1 146.1 144.6 144.7 144.4 143.2 141.2 139.6 137.9 135.5 133.9
81.6 83.7 84.5 86 86 84.6 82.1 81.6 81.3 81.1 80.9 81.4 82 83.9 85.7 86.7 87.6 87.9 87.3 86 85.5 85.4 84.9 85.1 86.3 86.7 87.2 87.5 87.7 87.9 88 88.7 88.9 89 89.4 91 92.1 92.4 94.4 96.2 95.9 96.5 95.8 95 96.2 99 101.3 105 108.9 111.6 114.1 118.9 122.8 126.8 131.5 133.1 133.8 133.5 135.1 153.1 158.5 155.6 154.3 154.6 152.8 152.3 151.4 151 149.8 148.8 146.2 144.5 143.1 142.2 141.9 141.7 141.2 139.5 137.3 135.4 132.7
82.4 84.5 86 85.7 86 85.1 83.3 81 80.6 80.2 79.7 79.9 81.1 82.9 85.3 86.3 86.7 86.9 86.2 85.1 84.1 84.2 84.1 84.6 85.4 85.5 85.8 85.8 86.1 85.8 86.1 87.9 88.8 89.1 89.4 90.2 90.4 90.8 92.8 94.6 94.7 95.5 94.7 95.8 99.1 101 103.8 107.5 111.1 113.7 116.7 120.4 124.2 127.7 131.6 133.5 136.1 139.9 150.8 155.5 159.3 159.7 155.6 154.2 152.5 150.3 150.4 150.6 149.7 148.7 145 143.2 141.8 140.2 139.9 141.1 140.2 138.2 135.9 133.7 132.2
82.5 84.4 86 85.9 85.6 84.2 82.4 80.9 80.3 80.3 80.1 80.3 80.8 81.6 84.1 84.9 85.2 85.9 85.1 85.3 84.8 83.9 84.3 84.5 84.8 85.9 85.9 85.8 84.2 84.4 84.5 87 88.7 89.1 89.4 89.9 90.8 89.6 91.1 93 94 94.7 95.2 98.3 100.7 103.2 105.7 108.8 112.5 115.4 118.5 121.8 125.6 129 134.2 136.1 140.8 144.9 149.2 153.2 155.5 159 159.7 154.8 153.3 151.4 150.1 149.7 153.3 151.3 144.1 142.1 141.2 139.1 139 139.4 137.8 136 134.3 132.1 130.1
81.9 83.9 85.2 85.3 84.6 83.4 81.6 80.5 80.2 80.1 79.8 80 81.7 82 83.9 84 84.9 85.9 86 85.9 84.3 83.5 83.8 84 84.2 84.8 84.1 84.6 84.1 84.1 84.5 86 88.3 88.8 89.2 89.7 89.8 89.2 89.8 91.6 93.3 94.2 96.6 99 101.4 104.1 106.8 109.7 113.8 116.1 118.9 126.2 132.3 132.7 135.1 134.2 137.5 142.3 148.3 152.1 154.8 154.5 156.4 156.3 154.2 153.8 157.6 159.8 154.9 146 144 142 141 139.6 139.4 137.5 134.9 134.6 133 130.9 129.1
