webserver/python/data/NZ37.asc
ncols 200
nrows 200
xllcorner 430000
yllcorner 570000
cellsize 50
[rows 76 to 113 of 200, columns 0 to 85 of 200]
34.8 34.6 33.6 32.6 31.7 30.2 29 29 29.1 29.2 29.3 29.2 29.3 29.4 29.5 29.6 29.7 29.8 29.9 30 30 30 30 30 30 30 30 30 29.1 29.4 29.5 29.5 29.5 29.5 29.5 29.4 30 30.6 31 31.5 32.2 32.9 33 32.7 32.1 31.5 30.8 29.2 29.6 30.7 29.4 29 29.1 29.1 29.1 29.3 28.4 26 24.5 24.5 22.5 20.3 19.9 19.2 19.6 14.9 10 -1.3 -1.3 19.8 28 29.9 30 26 25.9 25.1 25.3 24.7 24.3 23.4 22.5 21.7 21.6 20.4 20.7 22
35 34.7 33.9 33.3 32.2 30.8 29.7 29.1 29.2 29.3 29.5 29.5 29.4 29.4 29.5 29.6 29.7 29.8 29.9 30 30 30 30 30 30 30 29.8 30 29.7 29.8 29.7 29.7 29.7 29.7 29.7 29.6 29.3 31 31.3 31.6 31.8 32.3 32.4 32.2 31.6 31 30.4 30.2 29 30.1 29.7 29.1 29 29.1 29.1 29.3 28.1 26.2 25.7 25.5 25.1 25.8 23.2 20.8 17 17.3 21.2 18.5 -1.3 7.5 23.6 26.6 26.1 26.3 26.4 25.3 25.7 25.4 25.3 24.3 23.9 23.4 23.3 22.7 23.2 24.8
35.6 35.7 34.4 34 32.7 31.8 30.7 29.9 29.3 29.4 29.6 29.8 29.8 29.6 29.6 29.6 29.7 29.8 29.9 30 30 30 30 30 30 30 29.4 31 30.9 30.3 30 29.9 29.9 29.9 29.9 30.1 31 31.3 31.5 31.8 32 32.2 32.2 31.9 31.2 30.6 30 29.7 29 29.4 29.1 29.3 29 29 29 29.2 28.4 27.3 26.4 26 25.6 26 24.9 22.2 19.3 20.6 21 17.9 -1.3 -1.3 -1.3 -1.3 -1.3 25.6 25.3 25.3 26.2 26.3 26.1 25.4 24.7 24.6 24.7 25.1 25 24
35.9 35.5 34 34.6 33.8 33.2 32.4 31.6 30.8 29.9 29.7 30 30.2 30.1 29.8 29.8 29.8 29.8 29.9 30 30 30 29.5 29.3 29 29 29 30.3 31 30.4 30.1 29.7 29.6 29.5 29.3 30.4 30.1 30.6 31.1 31.6 32 32.2 32.1 31.4 30.9 30.4 30 29.5 29 29.2 29.7 30.1 29.3 29 29 29.6 29.3 28.4 27.5 26.6 26.2 25.9 24.5 22 20.1 21 21 18.1 22.7 15.7 4.1 1.4 -1.3 12.3 25 27.2 27.7 27 26.5 26.2 26 26.9 26.9 26.9 26.4 25.2
36.5 35.8 34.6 35.7 35.2 34.5 33.3 32.2 31.1 30 29.2 29.9 30.3 30.5 30.3 30.1 29.9 30 30 29.7 29.8 29.6 29.4 29.2 29 29 29 29 29 31 30.6 29.6 29 29.1 29.1 29 30.3 31.1 31.6 31.9 32.3 32.6 32.6 32.1 31.7 31.3 30.9 30.1 29.5 29.3 29.4 31 30 30.6 31 31 30.4 29.2 28.2 27.1 26 24.2 23.9 21.3 19.4 21 20.8 19.2 21.1 22.6 20.3 13.9 4.9 6.4 19.3 27.8 27.6 27.5 27.9 27.8 27.8 28.5 29 28.9 27.7 24.6
37 36.1 35.4 35.2 36 34.4 34.2 33.1 32 31.2 30.4 29 29.6 30.5 30.8 30.6 29.5 29.5 29.2 29.4 29.6 29.5 29.3 29.1 29 29 29 29 29 29.9 30.5 30.8 30.9 29 29.2 30 30.3 31.2 32 32.7 33.1 33.2 33.3 33 32.6 32.1 31.6 30.9 30.4 30.2 30.2 30.3 30.5 30.6 30.9 31 29.2 28.5 27.9 27.2 26.2 25.2 23.9 22.5 21 20.6 20.1 19 21.3 21.8 22.2 17.6 11.2 4 16 27.5 28.2 28 28.7 29.3 29.4 29.7 30.5 30.4 28.6 25.6
37.5 36.4 35.7 35.5 35.3 35.7 34.7 34 33.1 32.7 31.5 30.6 30.2 31 31 31 29.1 29.6 29 29.1 29.3 29.3 29.1 29.9 29 29 29 29 29 30.2 30.3 30.5 30.7 30.4 30.5 30.6 30.9 31.4 32.2 33 33.7 33.8 33.9 33.8 33.4 33 32.3 31.8 31.4 31.1 30.8 30.6 30.3 30.6 30.9 29.7 29.4 28.7 27.9 27.1 26.2 25.6 24.7 24.4 24.6 23.3 21.1 19.5 20.9 21.9 22.2 20.3 17.3 5.4 12.4 25.6 27.9 28.7 29.4 29.7 30.9 30.1 30.4 30.7 30 26.9
37.7 36.5 35.9 35.7 35.5 35.3 35 34.9 34.7 33.8 33.4 32.2 31 30.8 29.9 29 31 30.8 29.1 29 29 29.1 29 30.7 29 29 29 29 29 30 30.3 30.2 30.4 30.8 30.9 31.1 31.5 32 32.5 33.3 34 34.4 34.5 34.4 34.2 33.7 33.2 32.7 32.3 32 31.6 31.3 31.1 30.7 30.2 29 29.4 28.6 27.7 26.9 26 25.5 24.5 25.5 26 24.8 22.6 22.4 23.1 23.9 23.9 22.3 18.9 10.8 4.2 21.6 26.4 29 28.9 29.5 30.8 30.6 30.6 30.8 30.7 26.9
37.7 36.7 36.1 35.8 35.6 35.5 35.2 35.3 36 34.8 33.6 32.4 31.2 30.3 29 29 29.1 29.4 29.4 29.3 29.1 29 30 30.4 30.8 30 31 30 29 30.3 30.2 30.5 30.9 31.2 31.4 31.8 32.2 32.6 33 33.5 34.3 34.8 34.4 34.4 34.9 34.6 34.1 33.7 33.2 32.8 32.4 32.1 31.8 31.4 30.7 29.3 29.5 28.7 27.8 26.9 26.1 25.4 24.9 26 24.4 24.1 24.1 25.3 24.5 24.6 24.8 24.2 20.6 14.8 4.5 19.5 24.9 25.6 26.9 29.1 30.5 30.4 30.4 30.2 29.6 27.2
37.5 36.9 36.2 36 35.8 35.9 35.7 35.5 35.6 35.1 33.9 33 32.2 31.2 30 29 29.1 29.1 29.2 29.1 29 29.8 30 30.3 30.7 30.9 30.7 29.8 29.6 30.4 30.8 31 31.5 31.6 32 32.4 32.9 33.3 33.7 34.1 34.6 34.8 36 34.1 34.1 35.9 35.3 34.7 34 33.7 33.3 32.9 32.4 31 30.6 29.2 29.5 28.9 28.1 27.1 26.3 25.7 24.8 24.3 24.2 24 24 25.3 25.2 24.7 24.7 23.7 20.9 16.4 7.6 16.9 23.4 23.2 25.5 25.7 29.8 30.4 30.4 30.3 30.2 29.2
37.2 37.1 36.4 36.2 36.2 36.4 36.5 36.2 35.6 34.3 34.6 34.1 33.3 32.1 31.1 30.5 29.8 29.5 29.7 29.6 30.7 30.2 30.5 30.9 31.3 31.6 31.4 30.9 30.3 30.9 31.2 31.6 32 32.3 32.7 33.1 33.5 33.9 34.3 34.6 34.8 35.2 36 34.8 34.5 36 36 34.4 34.6 34.3 33.9 33.6 31.8 30.2 29 29 29.3 29 28.3 27.3 26.5 25.9 25.3 24 24 24 24 25.8 25.2 24.2 23.9 23 21.1 18.2 10.7 13.6 21.7 20.9 23.3 25.7 28.5 29.1 29.9 30 29.8 28.2
37.9 37 36.6 36.7 36.9 37 37.1 37.1 36.4 35.9 34.6 34.5 34.2 33.6 33 30.9 30.6 31 30.5 29.9 30.6 31 31.3 31.4 31.8 32.2 32 31.9 31.1 31.4 31.7 32.1 32.5 32.9 33.2 33.5 33.8 34 34.3 34.6 34.8 36 36 35.5 35.1 35.2 34.7 34 35.6 34.9 35.1 33.5 31.6 29.8 29.8 30.8 29.9 29 28.2 27.5 26.8 26.2 25.7 25 24.4 25.8 25.8 26 24 24.1 23.3 22 20.2 12.8 9.7 14.1 20.9 21.4 23.1 24.6 26.8 26.4 27.9 28.5 29 27.3
37.9 37.5 36.8 36.9 37 37.2 37.5 37.7 37.5 37.1 36.9 36.1 35.3 35.3 33.4 32.6 32.2 32.3 31.9 31.5 31.4 31.8 32.1 32.2 32.4 32.7 32.7 32.5 31.8 31.9 32.1 32.5 32.9 33.2 33.5 33.8 34.1 34.3 34.6 34.8 34.3 34 36 35.2 35.1 35.1 35.4 35.5 35.3 35.8 34.6 33.3 31.8 30.5 30.5 30.8 29.6 28.8 28.1 27.6 27.4 27 26.4 25.7 25 26 26.2 26.2 26.1 25.3 24.8 22.1 15.8 8.9 9.2 15.4 19.3 23.3 24 24 24.9 25.2 25.5 25.9 26.6 26.1
37.1 37.9 37.6 36.8 36.9 36.9 37.2 37.8 37.9 37.6 37.3 37.4 36.7 36.1 35.2 34.3 33.7 33.7 33.3 32.5 32.6 32.7 33 33.1 33.2 33.3 33.3 33.2 32.5 32.5 32.5 32.9 33.3 33.6 33.9 34.1 34.4 34.7 34.4 34.2 34.2 34.4 34.1 35.1 35.1 35.1 35.1 34.5 34.1 34.5 33.5 32.4 31.2 30.9 30.6 30.2 29.4 28.8 28.2 28 28.2 27.7 27.1 26.4 25.7 25.8 26.4 26.6 26.3 26.3 26.1 24.1 15.4 8.9 10.9 16.3 20.4 24.9 24 24 24.4 24.3 24.2 24.1 25.8 26
37 38.8 38.4 37.6 36.8 36.7 36.8 37.2 37.7 37.7 37.5 37.8 37.9 37.3 37.1 36.3 35.3 35 33.8 33.6 33.8 33.9 33.8 33.8 33.9 34 33.8 33.6 33.2 33.3 33.5 33.4 33.6 34 34.2 34.5 34.5 34.3 34.3 34.3 34.3 34.8 35.2 35.2 35.2 35.1 35 34.9 34.5 33.6 32.7 31.8 31.4 31.1 30.8 30.4 29.6 28.9 28.6 29.1 29 28.4 28.1 27.3 26.5 26.1 26.4 26.8 26.6 27 26.6 25.7 16.7 8.8 16.8 20.8 20.5 25.6 25.5 24.2 24 24.5 23.5 24.3 24.8 24
37.8 39.3 38.8 38.4 37.6 36.8 36.8 36.8 37.1 37.8 37.8 38.1 38.3 38.2 38.9 38.5 37.2 35.5 34.4 34.9 35 34.9 34.8 34.6 34.6 34.6 34.4 34.2 34.1 34.1 34.3 34.1 34.2 34.3 34.6 34.5 34.5 34.5 34.5 34.5 36 35.2 35.3 35.4 35.4 35.3 35.1 34.9 34.8 33.8 32.6 31.9 31.3 31.1 30.8 30.6 30.3 30 29 29.8 29.7 29.9 28.8 27.8 27.3 26.9 26.5 27.4 26.7 27.8 27.1 25.2 17.5 8.4 21.1 21.4 21 25.6 26 26 24.2 24.3 23.2 23.2 23.4 22.4
39.4 40.4 39.9 38.8 38.1 37.3 36.7 36.7 36.8 37 37.6 37.9 38.3 38 39.1 39.1 38 36.6 35.5 35.3 35.3 35.8 35.8 35.3 34.5 34.1 35.5 35.5 35.3 34.8 35.1 34.9 34.9 35 34.4 34.4 34.4 34.3 34.3 34.3 34 36 35.5 34.5 35.5 35.4 35.2 34.6 34.7 34.2 32.9 32 31.4 31 30.8 30.5 30.3 30.4 30.5 31 31 30.4 29.3 28.5 28.1 27.5 27.5 27.5 27 27.9 26.4 22.7 14.6 9 21.2 22.2 22.6 24.5 26 26 24.7 24 22.9 22.1 22.1 21.1
40.4 41 39.5 39.1 38.3 37.4 36.5 36.6 36.6 36.8 36.8 37.3 37.8 37.8 38.3 39.1 38.2 37.1 36 35.1 35.2 35.2 35.6 34 34 34.1 34 34 34 34 35.2 35.8 35.4 35.8 35.8 34.1 34.1 34.1 34.1 34 34 34.6 35.5 34.4 35.5 35.4 35.3 34.3 35.6 35 33.8 32.3 31.5 31 30.7 30.5 30.3 30.6 30 30.3 31 29.7 29.4 29.3 28.6 28 27.8 27.2 26.4 26.3 23.1 17 9.1 8.3 23.6 23.3 24.2 25.5 25.7 26 24.9 23.6 22.5 21.4 20.8 20.3
40.8 40.9 40.3 39.4 38.5 37.6 36.6 36.4 36.4 36.8 36.7 36.7 37 36.9 37 37.6 38.2 37.6 36.5 35.6 35.1 35.1 35.2 34.4 34.2 34.5 34 34 34 34.4 34 34 34 34.5 34 35.1 34 34 34 34 34 34 35.7 34.7 35.3 35.6 35.6 34 34 35.7 34.3 33.2 31.7 31 30.7 30.5 30.3 30.7 30.4 29.8 29.8 29.2 29 29 29 29.3 29.4 28.1 25.7 18 8.6 8.5 13.8 24.2 25.1 24.3 26 26 25.8 25.9 24.8 23.8 22.6 21.5 20.8 19.7
41.8 40.9 40.4 39.4 38.6 37.7 36.8 36.2 36.3 36.8 36.7 36.6 36.7 36.8 37 37.8 38.8 39 37.4 35.9 35.3 35.1 35 34.5 34.8 34.5 34 34 34.1 34.7 34 34 34 34 34 34 34 34 34 34 34 34 35.1 34 34.3 35.8 34.5 34 34 34.8 33.9 33 32.2 31.1 30.7 30.5 30.4 30.3 29.3 29.6 29.4 28.8 28.6 28.5 28.3 28.1 27.5 25.6 17 8.9 11 21.1 25.3 26.7 26.1 26.3 26.6 26.6 26.4 26.2 24.9 24.3 23.2 21.9 20.6 19.8
42 41.2 40.7 40.2 38.1 37.7 36.9 36 36.2 36.8 36.7 36.5 36.8 36.9 37.1 38.4 39.7 40.5 38.8 37.2 36 36 35.1 34.8 35.1 35.2 34.6 34 35.3 35.6 34 34 34.3 34 34 34 34 34 34 34 34 34 35.6 36 35 36 36 36 35.7 34.5 33.6 32.7 31.8 31 30.8 30.6 30.3 30.6 30.3 29.5 28.9 28.3 28.2 27.8 27.5 27.2 26.6 23.7 10.1 10.6 21.1 23.6 25.1 26.6 26.1 26.6 27 26.8 26.5 26.2 25.3 24.7 24 22.4 20.3 19.1
41.2 41.1 40.9 40.5 38.8 37 36.6 36.1 36.2 36.4 36.5 36.6 36.9 37.1 37.5 39.2 40.6 40.7 39.9 38.9 37.8 37.6 36.4 35.1 35.2 35.2 35.2 35.2 35.2 35 34.2 34.5 34.5 34 34 34 34 34 34 34 34 34 34.6 36 36 36 36 36 35.6 34.4 33.4 32.3 31.5 31.3 31 30.6 30.4 30.2 29.6 28.9 28.2 27.9 27.8 27.7 27.4 27.2 25.9 18.7 8.8 19.9 24.3 24.2 25.2 25.7 26.2 26.7 27 26.8 26.6 26.3 25.7 24.7 24.5 23 21 19.1
41.1 40.9 40.8 40.6 39.8 37.3 35.9 35.8 35.8 36.1 36.5 36.8 37.2 37.5 38.5 40.5 41 41 41 40.2 39.6 38.9 37.7 36 35.7 35.7 35.8 35.8 35.8 35.7 35.5 35.2 35.6 35.2 36 34 34.5 34 35 34 34 34 35.1 35.9 36 36 36 36 35.8 34.3 33.5 32.4 31.9 31.6 30.6 30.2 30 29.7 29 28.3 27.6 27.4 27.5 27.6 27.4 27.4 25 11.5 8.2 25.6 24 24.4 26.2 26.2 26.4 26.9 26.9 26.7 26.5 26.3 26 24.7 24.4 23.2 21.1 19.2
40.9 40.8 40.6 40.4 39.8 38.3 36.9 37.2 37.8 37.9 37.6 37.4 37.7 36.9 37.6 40.5 41 41 41 39.8 40.6 39.8 38 36.6 36.6 36.6 36.6 36.7 36.6 36.5 36.1 35.7 36.1 35.9 35.5 35.9 35.8 35 35.8 35.3 34 34.3 34 34 34.8 35.5 36 36 35.9 34.4 33.6 32.8 32.1 31.1 30.2 29.8 29.7 29.3 28.2 27.6 27.7 27.5 27.5 27.4 27.4 26.9 23.9 9.2 16.8 26.1 24.8 25.5 26.6 26.6 26.7 27 26.8 26.6 26.5 26.3 26 24.7 23.8 22.1 20.4 19.3
41.1 40.8 40.6 40.4 39 40.1 40.1 39.9 39 39.4 38.9 38.6 38.3 37 36.5 39.6 39.8 40.1 40.2 40 40.5 40 38.1 37.5 37.5 37.5 37.5 37.5 37.5 37.2 36.8 36.3 36.7 36.9 36.1 35.9 35.7 35.4 35.6 35.8 35.1 35.9 34.3 34 34 34 36 35.4 34.5 34.4 33.4 32.5 31.8 30.9 29.7 29.3 29.2 28.8 28.4 28.4 28.4 28.1 28.5 27.5 27.2 25.9 21.4 8.9 24.7 25.2 25.5 26 27 27 27 27 26.8 26.6 26.4 26.2 26 24.6 23.2 22 21 20.2
40.4 41.1 40.8 40.5 40.4 41 41 40.9 40.8 40.5 40.3 40 39.3 39.3 39.7 38.6 38.1 37.9 38.3 39.4 39.5 38.5 37.9 38 38.1 38.3 38.4 38.3 38.2 37.8 37.4 37 37.3 36.4 36.4 36.3 36 35.6 35.8 36 34 36 35.8 34 34 34.5 34 36 35.2 33.7 32.7 31.9 31.4 30.7 30.7 29 28.9 28.9 28.5 28 27.4 27.8 27.7 27.2 25.9 23.4 14.8 8.5 25.3 26.7 27.2 26.4 26.7 26.8 26.9 27 26.9 26.7 26.6 26.3 26.1 24.6 23.6 22.6 21.7 20.7
39.4 40.8 41 40.9 41 41 41 41 41 41 40.9 39.9 40.5 40.1 39 37.3 36.4 36.4 36.2 37.1 37.3 37.7 38 38.2 38.3 38.4 38.6 38.8 38.8 38.5 38.2 37.6 37.2 37 36.9 36.7 36.6 36 35.5 36 34.3 34.4 36 35.2 34.7 35 34.9 36 34.8 33.2 32.1 31.4 31 31 31 30.7 29.5 29.1 28.1 27.3 26.4 26.4 26.2 22.3 16.2 12.5 8.4 20.8 28.5 28.7 28.3 27.3 26.7 26.9 26.9 26.9 26.9 26.9 26.6 26.2 25.8 25 23.7 22.6 21.6 20.6
40.3 40.8 40.7 40.4 39.3 39.8 41 41 41 41 40.7 41.1 40.6 40 38.6 37.6 36.7 36 36 36.1 36.5 37.5 37.5 37.9 38.3 38.6 38.8 39.1 39.1 38.9 38.2 37.4 37.3 37.3 37.2 37.1 37 36.4 35.7 34.9 34.1 34 34.2 34.5 34.3 34.5 35 36 34.8 32.8 31.4 31 31.1 33.7 32.2 31.3 31 29.2 26.4 26.1 25.6 25.2 16.7 11.2 14.6 15.5 23.5 28.7 29 29 29 27.9 26.9 26.9 27 27 27 26.7 26.3 25.8 25.4 25.4 24.2 23 21.7 20.7
38.2 39 39.5 39.6 39.7 39.7 39.4 40.5 41 40.9 41.3 40.7 40 39.5 38.7 37.9 36.9 36.1 35.9 36 36.1 36.8 37 37.4 37.9 38.5 38.6 39 39 38.5 37.8 37.5 37.5 37.4 37.4 37.3 37.1 36.7 36.1 35.3 34.5 34 34.2 33.6 33.6 34 35 36 33.1 29.6 27.9 28.5 30.7 31.3 31.1 30 28.4 24.3 21.8 21.6 18 14.4 13.2 22.1 24.5 23.9 27.5 29 29 28.9 28.9 28.6 27.3 27.1 27.2 27 26.8 26.5 26.2 25.7 25.3 25 23.8 22.7 21.7 20.9
35.3 36.8 38.2 38.7 39 39.4 39.5 39.5 39.5 39.2 41.4 40.8 38.9 38.2 37.4 37 36.7 36.2 36.1 36 36 36.1 36.5 37.1 37.8 38.4 38.5 38.4 38.5 38.1 37.6 37.6 37.6 37.6 37.6 37.6 37.3 36.9 36.4 35.7 35 35.6 34.8 33.1 32.2 35.1 35.4 34.9 27.8 18.9 18.6 20.7 16.4 18.4 22.6 21.4 15.7 14 15.4 16.4 16.4 21.7 26.5 26.5 25.8 26 28.4 28.7 28.8 28.9 28.9 28.9 27.9 27.3 27.1 26.8 26.5 26.3 26 25.6 25.4 24.8 23.6 22.8 22 21.3
34.8 35.6 36.7 37.8 38.1 38.4 38.6 38.7 38.7 38.4 38.4 37.1 36.2 35.9 36.3 36.4 36.4 36.3 36.2 36.1 36.1 36.1 36.4 37.1 37.7 38.3 38.5 38 37.7 36.9 37.2 37.4 37.4 37.4 37.4 37.4 37.3 37 36.5 36.1 35.6 36.2 36.1 35.7 35.7 36 36 31.8 24.4 18.8 19.3 23.2 23.7 22.7 20.5 20.9 23.8 22.1 24.5 26.4 27.2 28.7 28.4 27.7 26.6 27.1 28.4 28.5 28.6 28.6 28.7 28.8 28.2 27.2 26.9 26.6 26.3 26 25.8 25.5 25 24.7 23.9 23.2 22.4 21.6
35.8 35.9 35.6 36.9 37.1 37.4 37.7 37.1 36.4 35 34.5 34.3 34.1 33.9 34.5 34.5 34.9 35.5 35.8 36.1 36.1 36.2 36.6 37 37.6 38.2 38.4 38 36.6 35.3 35.6 36.4 37.1 37.1 37.1 37.1 36.6 36.7 36.6 36.1 36.5 37.8 36.5 36.4 36.4 36.2 33.8 29.5 23.3 18.8 21.8 30.7 30.7 30.6 30.6 31 29.6 25.5 29.4 31.2 31.2 30.8 29.8 27.8 27.5 27.9 28.6 28.7 28.7 28.7 28.8 28.7 27.6 27.3 27 26.6 26.3 26 25.7 25.3 25.8 24.7 24.1 23.4 22.6 21.9
35.8 35.8 35.7 36.3 36.4 36.6 36.1 35.2 36 34.8 33.9 32.7 32.5 32.4 32.4 32.6 33.5 34.3 34.6 34.9 35.3 36.3 36.9 37.1 37.5 37.9 38.1 37.8 36.4 34.6 34 34.8 35.6 36.4 36.8 36.6 36.4 36.3 33.5 33.4 32.4 31.2 29.9 30.9 30.9 31.1 30.7 26.5 22.1 19.4 23.4 30.5 30.7 31.2 31.1 30.6 29.4 29.7 31 31.1 30.9 29.9 29.7 28.5 28.3 28.1 28.7 28.7 28.7 28.7 28.7 28.5 27.7 27.3 27 26.7 26.3 25.8 25.3 24.8 24 24.6 24.2 23.6 22.8 22.1
34.5 35.8 35.9 36 35.9 35.9 33 29 35.3 34.1 33 32.1 31.1 30.8 30.6 31 32 32.9 33.3 33.9 34.6 35.1 36.2 36.7 37.2 37.6 37.7 37.5 36.1 34.9 34 33.7 33.9 35.1 35.7 35.8 35.8 36.1 29.2 21 18.4 18.4 19.6 21.2 19.7 20 21.2 20.4 19.6 19.5 24.8 30.5 31.2 31.8 32 31.3 31.1 30.4 30.7 30.7 29.5 29.3 29.3 29 28.6 29 29 28.7 28.7 28.7 28.5 28.2 27.7 27.3 26.8 26.3 25.8 25.4 24.9 24.5 24.6 24.6 24.1 23.7 23 22.1
34 34 35.3 34.3 32.9 31.5 29.9 30.6 31.1 32.1 31.5 31.8 30.8 27.8 24.5 24.1 30.6 31.5 32.3 32.9 33.2 33.6 35.2 36 36.7 36.8 37.2 36.4 35.9 34.1 30.7 31.8 34.3 34.6 34.8 34.2 35.9 31.3 20.1 19 23.4 23.3 20.4 18.8 19.4 18.2 18.8 18.5 18.4 19.1 29.2 30.9 31.6 32.4 32.9 32.3 32.4 31.7 31.4 30.8 30.1 29.2 29.5 29.1 28.7 29 29.1 29 28.7 28.6 28.3 28.3 27.7 27.3 26.8 26.4 25.9 25.5 25.1 25.1 25.4 24.8 23.9 23.7 23.1 22.1
33.9 34.1 34.7 34.1 33.3 31.6 30.2 30.9 29.4 30.5 29.4 28.8 25.8 27.9 26.7 24 27.6 30.2 31.2 31.6 31.9 31.8 34.8 35 36 36 34.9 33.7 30.3 23.8 24.4 23.6 26.8 33.3 34.5 33.4 28.4 21.6 19 22.7 31 35.1 34 31.8 30.9 28.9 27.2 26.2 23.5 29.4 30.6 31.1 31.9 32.8 33.5 33.3 33.2 32.2 31.4 30.7 30 29.3 29.5 29.2 29.2 29 29.1 29.4 29 28.9 28.9 28.8 28.3 27.4 27 26.5 26.1 25.6 25.6 25.6 25 24 23.9 24 23.4 22.4
33.9 34.5 34.4 34 33.2 32 30.7 30.2 29.5 29.5 29 30 30.9 31 31 25.7 24.4 26.3 30.6 30.5 29.8 29.8 30 31.2 30.4 30.6 27 24.3 24.2 24 27.1 25.9 23.7 24.2 24 24.9 20.1 23.2 28.8 25.4 31.6 35.7 35.8 34.2 33.7 35.4 34.5 34.4 32.2 32 31.8 32.3 32.9 33.5 34 34.1 33.2 32.2 31.5 31 30.3 29.6 29.3 29.3 29.3 29 29.1 29.4 29.5 29.4 29.3 29.4 28.7 27.9 27.1 26.6 26.2 26.1 25.8 25.3 25.3 24.3 24.3 24.4 23.8 22.8
33.9 34.3 34.1 33.9 33.1 32 30.9 30.4 30.3 30.2 30.1 30 30.6 31 30.8 24.3 24 23 24.3 24.4 24.2 24.3 24.1 24 24.7 25.2 25.1 24 24.1 29.6 30.6 30.9 29.4 28.4 24.3 23.5 26.5 31.6 33.5 31.2 24.7 34.3 35.8 36 36 36.5 36 35.8 35.4 33.2 33 33.5 33.7 34 34.3 34 33.2 32 31.4 31 30.7 30 29.8 29.3 29.3 29.1 29.2 29.2 29.7 29.8 29.9 29.7 28.8 28.1 27.5 26.8 26.5 26 25.5 25.1 25.7 24 24.9 24.7 24.1 23.2
