webserver/python/data/SD29.asc
ncols 200
nrows 200
xllcorner 320000
yllcorner 490000
cellsize 50
[rows 105 to 139 of 200, columns 0 to 78 of 200]
254.3 251.3 244.2 224.1 209 197.3 184.5 182.6 170.2 164.6 156.8 135.3 112.3 94.5 78.8 78.2 77.8 77.3 77.8 78.8 80 80.8 80.2 84.7 99 115.4 131.9 147.4 156.6 170.6 184.5 195.1 200.4 205.9 211.7 209.8 211.3 215.2 219.7 221 220.2 225.2 224 232.8 233.1 222 235.7 262.6 271.1 296.8 301.4 308 324.3 344.5 362.2 372.5 384 392.9 410 423.8 436.3 442.1 453.2 452.5 452.4 449.6 444.7 445.5 433.8 422.9 417.5 419.4 431 443.9 450.5 457.9 437.3 420.3 414.9
248.2 241.6 231.1 216.4 199.9 191.1 181.7 176.7 164 155.5 144.1 126.6 105.4 89.6 78.5 76.1 74.9 75.9 76.9 77.7 78.3 79.9 84.9 92 112.8 133.9 147.1 153.5 166.9 180.9 186.4 198.1 209.2 213 220.2 225.1 227.8 226.2 228.7 226.3 228.8 231.8 235.8 244.4 246.1 230.9 253 276.9 293.1 312.9 323.2 329.1 347.1 364 383 395.1 406.3 409.2 423.7 439.1 450.1 455.2 463.8 465.4 466.7 456.2 454.9 459.3 448.8 433.6 427.2 424.1 428.8 441 437.6 434.4 419.8 402.9 407.6
228.3 224.7 215.4 202.4 195.2 188.2 179 168.1 161.7 148.4 139.4 123.9 105.8 83.4 75.9 74.4 74.3 75.1 75.9 77.2 78.9 81.4 87.8 102.9 113.9 148.9 144.2 150.3 170.8 187.1 198.2 211.7 221.9 227.7 231.9 235.8 242.5 241.5 246.6 235.4 238.5 244.3 247.7 251.6 254.2 252.2 268.5 286.6 311.6 333.1 343.2 354.4 371.3 384.5 402.2 417.7 428.1 429.1 442 450.6 461.7 473 479.7 482.3 471.4 468.5 464.5 459.8 452.5 437.4 431.2 435.5 424.4 425.8 434.1 419.4 399.2 390.6 391.1
212.6 212.1 205.6 201.4 200.8 196.5 184.8 171.4 162 148.9 137.5 118.9 94.3 80.7 75.9 73.8 74 74.2 82 81.5 80.3 84.2 90.2 103.6 114.9 130 141 158.7 177.3 185.5 200.3 209.5 225 235.6 242.8 247.4 257.9 254.6 255 254.5 254.7 259.7 259.7 262.4 260.2 266.7 280.7 302.7 319.5 343.3 361 372 391 407.3 425 436.1 446.6 448.7 464.8 471.8 477.2 484.1 496.4 494.9 479.4 481.2 473 452.8 440.6 430.8 430.6 426.5 423.2 407.2 406.5 394 385.1 383.9 382.6
204.2 209.1 208.7 210.4 209.4 208.8 188.8 176.1 172.8 158.8 149.9 131.3 88.5 80.3 76.7 73.8 73.5 73.6 82 85.1 87.7 90 93.3 103.1 117.6 127.3 136.3 156.1 174.8 196.2 203.5 211.2 224.6 238.6 246.8 255.4 259.7 265.1 260.7 261.8 268.6 271.4 269.9 269.7 267.1 272.2 285.4 312.8 332.6 355.1 371.6 386.6 410.1 425.9 439.3 452.1 461.1 467.4 482.4 489.2 498.9 498.4 506.3 505.2 485.6 484.3 472.8 458.8 436.4 428.1 427.5 419.7 411 395.8 387 379.7 378.1 377.3 372.6
199.3 216.9 207.5 209.4 202.9 192.6 178 163.4 154.2 148 135.7 108.3 88.1 81.4 77.5 75 73.4 73.2 75.2 79.5 82.8 89.9 97.1 106.2 119.5 128 145.7 160.5 179 196.4 208.3 219 227.6 239.6 248.6 258.3 266.9 270.4 271.4 280.9 285 285.8 281.3 279.3 274.3 277.8 289 306.5 328.1 353.1 379.7 390.3 411.8 430.1 448.2 462.9 470.5 481.3 491.8 503.2 517 518.4 518.8 520.8 493.8 479.2 461.4 451 438.5 428 423.9 416.6 406.9 393.9 384 374.8 369.6 367.3 358.7
186.6 202 197.4 201 185.6 171.2 160.3 146 141 131.8 110.6 93.6 87.7 83.3 80.7 77.5 74.4 72.8 73.4 76.7 82.2 91.3 102.5 108.6 118.9 142.3 149.3 171.4 194.9 212.6 222.1 230.2 243.2 253.1 263.2 264.7 259.2 274 287.8 296.1 305.3 300.5 286.2 286.1 280.1 281.6 288.6 300.5 326.9 347.8 381.9 391.8 414.9 430.4 443 457.2 469.4 475.5 485 502.6 514.5 515.2 509.4 501.3 484.7 472.3 460.1 451.4 441.2 431.1 426.1 423.9 412.4 402.1 390.9 375.6 361.9 353.2 343.5
182.5 189.2 179.5 177.8 167.3 161.5 144.3 138.7 136.4 114.8 93.3 86.5 85.1 81.1 79.9 78.3 74.8 72.4 72.9 75.9 87.3 97.1 105 113 121.6 140.5 152.1 179.7 194.9 217.6 230.3 241.4 250.9 260.1 256.5 252.6 274.5 297.2 301.9 307.5 317.2 308.5 292 291.2 285.1 290.1 294 300.3 314.9 337.8 365.1 385.2 390.5 397.6 424.4 433 435 455.3 471.2 479.8 485.2 487.4 485.4 483.6 470.1 467.1 465.2 462 452.3 446.7 443.2 435.7 421 408.4 395.2 378.9 359.9 350.5 340.9
178.6 168.4 162 159.6 153.8 151.3 139.1 130.9 120.3 95.7 85.5 82.6 81.6 81.2 80.1 79.5 75.4 71.9 73.1 74.3 87.5 93.2 99.7 107.8 116.7 135.1 139.4 157.5 178 212.5 223 239.6 248.2 245.2 243.9 250 286.7 311.9 312.5 312.2 323.8 328.1 299.2 297.2 295.3 292.3 298.4 301 311.2 320.5 341.9 359.8 367.3 375.9 389.6 395.4 405.1 432.6 446.4 461.9 468.9 462.2 465.6 468.2 460.3 456.2 452.8 456.5 461 460.6 456.4 445.3 431.2 417 401.3 379.3 361.4 352.7 337.7
159.9 147 146.6 146.1 145.2 145.2 136.3 125.9 108.7 90.5 82.7 80.6 80.7 80.5 80.2 80.7 77.4 73.1 72.6 74.2 79.6 85.1 91.3 99.9 110.4 121.9 132.9 146 165.8 189.6 209.5 223.5 230.5 230.8 229.3 251.7 287.2 308.3 308.6 316.4 337.4 333.1 311 306.3 310.7 307 301.9 299.7 306 317.9 330.2 340.5 349.2 357.9 364.6 374.3 386.4 406.6 421.4 440.2 441.2 439.1 442.6 439.5 440.2 434.9 428.4 437.1 455.7 469.6 457 444.5 431 416.5 401.2 382.3 367.5 352.6 338.2
134.7 134.1 138 141.9 140.2 139.7 129.2 119.1 93.3 83.3 80.4 80.4 80.4 80.5 80 79.7 76.9 73.8 71.4 74.3 77.7 79.7 87 93.4 104.4 116 131.8 138.6 162.2 180 196.3 212.2 214.7 208.1 220.7 242.4 271.8 283.6 290.9 307.9 330.3 329.8 316.2 320.6 324 326.5 315.5 311.3 309.6 315.8 323.5 326.8 330.7 336.1 350.2 366.3 377.1 385.9 399.7 416.9 429.5 426.4 433.2 425.4 416.9 429.2 413.9 413.1 427.7 448.4 442.5 437.7 423.7 410.6 398 383.1 371.1 350.6 337
123.6 127.3 131.2 135 138.4 124.5 116.1 98.2 82.3 82 80.9 80.8 80.8 80.7 80.5 78.5 75.9 73.3 71.7 74.2 78.1 79.9 87.2 89.9 97.3 110.9 122.3 135.1 151.2 165.1 179.3 193.2 193.6 197.1 213.8 232.7 252.8 261.3 276.8 292.7 313.3 312 310 330 334.8 337.3 338.6 333.7 323.1 314.1 319 322.1 326.5 332 340.8 357.1 372.4 381.6 385.6 391.7 395.6 406.6 412.9 408.5 402.2 404.5 405.7 399 405.5 423.2 423.5 421.8 413.3 404.3 394.8 378 362.5 345.5 333.9
117.2 119 125.3 129.2 134.3 106.5 90.4 80.7 78.6 80 82.4 80.8 80.5 80.5 79.6 76.6 73.6 71.8 73.4 76.1 79.2 82.5 93.2 98.2 107 110.4 113.2 126 143.2 155.2 167.9 177.4 184.9 192.3 205.9 222.1 236.6 246.5 259.9 273.8 282.4 301.3 307.7 323.6 338 341.1 349.2 345.4 341 326.9 315.2 319.2 325.2 331.4 336.3 344.2 356 366 374.1 377.2 376.1 379.1 387.5 393.4 386.6 386.7 395.6 386.8 388.9 397.2 402.8 401.8 398.6 392.9 386.3 376.8 360 345.3 330.8
113.6 116 122.6 135 119 92 78 76 78.6 86.2 84.3 81.9 80.6 80 78.9 76.3 69.4 71.2 74.5 77.9 80.5 83.5 92.5 99.6 107.9 116.9 123.5 128.9 136.8 155.7 161.6 169.8 182.9 192.3 201.7 216.3 233.2 244.5 250.5 261.2 275 289.4 297.8 322.9 337.5 352.9 360.8 359.8 358.9 342.7 318.6 317 321.3 327.1 333 339.6 349 358.7 368.2 370.6 368.9 361.1 362.6 364.9 364.9 365.4 366.3 369.2 367.3 376.3 378.5 380.5 382.2 377.6 373 368.5 351.4 343.7 324.2
107.9 106.8 114.8 125.6 101.4 75.7 72.8 74 84 84.5 83.6 82.9 81.3 77.7 72.5 69.4 70.6 73.5 77.6 79.1 82.5 88.6 94.4 100.2 110.9 120.2 131.5 138 143.8 155 164.5 175 187 193.5 199.6 217.4 233.2 241.6 250.7 259.4 275.6 288.2 304.2 325.7 343 354.2 369.3 360.2 360 348.4 327.3 314.4 316 320.7 326.7 335.7 345 357.8 368.2 367.8 359.4 352.9 351.8 354.3 359.3 354.5 354.4 354.4 359.2 361.7 363.3 361.2 363.6 368.9 368.3 366.5 352.4 337.9 321.3
94.6 95.5 100.1 102.1 81.5 71.4 71.2 78.1 84.6 79.7 80.9 83.5 77.7 73.2 70.6 68.8 71.3 77.4 82.5 85.5 87 93.5 102 106.4 115.2 127 141.3 149.3 157.8 165.2 170.2 182.9 193.7 200.7 209 215.9 232.3 243.6 255.9 262.5 275.8 291.5 305.9 322 341.7 359.8 371.4 370.7 357.5 347.7 337.6 313.8 309.7 312 317.9 328.7 337.8 350.6 359.1 356.5 345.6 344.4 342.1 338.7 342.9 341.5 343.8 348.3 347 350.3 351 351.7 358 347.3 348.1 352.6 343.4 332.1 319.1
83 82.7 86.9 80.3 71.4 69.3 71.9 80.6 78.2 78.6 84.6 79.2 71.3 69 67.2 71.3 74.5 82.4 87.7 91.5 98.3 105 111.4 115.9 120.8 134.8 146.9 159.1 169.9 174.3 180.6 189.5 197.5 209.1 216.2 225.4 241.7 255 262.9 268.7 278.2 292.5 315.3 334.7 356.7 369.8 369.1 365.3 358.9 359.2 349.6 325.7 303.7 302 306.8 318.3 329.5 342.1 345.7 343.8 335.6 337.9 332.2 325.4 328.3 329.4 327.7 333.3 336.9 340.8 340.9 344.4 343 341.7 343.2 344.3 339.3 330.1 323.3
80.8 74.3 70.6 67.7 66.8 66.9 70.7 77.7 79.6 83.1 80.2 70.4 67 67.8 71 74.1 81.9 89.5 98.6 105.6 112.3 117.8 119.3 127.7 135.2 145.2 151.8 164.1 174.8 183.3 191.7 199.4 211.1 218 223 234.1 250.5 259.8 268.6 271.7 279.1 294.3 315.4 332.7 352.5 370.8 369.8 360.2 360.5 360.8 352.1 331 305.7 294.7 296.6 304.3 316.5 330.1 335.5 334.6 325.3 319.6 319.1 318.3 321.6 321.8 321 323.8 328.1 331.1 334.6 337.8 338.2 341.2 343.7 344.8 340.8 327.1 316
83.5 70.5 68.9 66.6 64.3 63 68.3 78.5 80.4 77.4 68.9 65.6 69 73.7 76.4 81.3 90.3 104.8 112.6 118.7 122.8 128 131.9 139.5 150.7 153.5 160.4 170.6 182.1 191.5 207 220.3 227.8 233.2 233.6 241.9 251.2 257.7 268.3 272.8 284.2 304 328 341.4 354.2 369.1 379.8 370.8 362 354.9 351 330.4 307.1 290.1 288.1 292.3 300.6 310.5 318.1 318.2 315.2 311.9 307.8 308 314.8 316.7 315.4 317.1 328.3 328.9 330.7 329.4 327.8 332.8 340.7 340.7 331 321.1 306.4
81.3 69.1 66.3 65.3 63 61.4 67.7 74.7 80.7 72.6 68.3 69.8 74.6 80.4 85.5 91 103 113.8 124.4 131.5 133.1 138.1 141.3 149.2 158.1 160.6 167.5 177 188.8 201.5 216.5 232.8 243.6 251 244.8 248.9 259.3 269.3 272.8 279.8 289.6 313.7 341 354.7 357.1 368.5 373.3 370.7 369.8 347.7 335.7 326.1 306.6 290.7 286 287.6 292.1 300.5 310 307.2 305.6 305 301.6 299.2 302.9 310.1 311.4 315.3 319.4 322.6 320 319 322.8 330.7 329.6 330.4 329.4 314.1 286.3
75.2 65.2 63.4 62.8 61.4 60.3 62.1 64.5 70.8 68.9 69 74.8 83 91.2 96.6 105.6 118.7 126.2 135.6 142.4 143.7 146.2 151.4 155.6 160.9 167.7 176.8 189.6 200.5 210.7 223 239.6 251.3 254.2 253 253.5 259.6 267.6 277.6 287.1 302.8 324.6 347.8 360.9 360 360.6 368.3 369.8 369.9 345.8 337.8 328.6 314.5 296.4 288.9 286 282.8 290.2 294.2 298.8 296.4 293.7 292.5 290.7 295.3 304.5 305 309.5 311.1 312.8 310.2 311.3 321.1 329.5 328.9 319.2 317 308 280.5
64.7 60.8 58.8 59.7 59.8 60.8 64.7 64.8 66.9 70.3 78.6 82.2 93 102.4 110.8 118 129.5 139.9 148.4 155 155.6 156.6 160.3 164.2 169.6 177.3 187.2 197.4 210.7 221 234.2 250.6 259 260.2 257.4 264.5 259.7 270.8 280.5 291.7 306.2 327.7 349.2 357.5 357 357.1 373.9 371.1 357.3 339.8 330 318.5 310.5 300.4 296.1 288.1 279.7 279.8 280.3 282.1 280.8 280.5 281.5 283.1 291.3 291.7 296.5 301.2 302.4 299.6 301.7 307.2 311.4 323.4 324.6 318 309.2 297.6 270.7
62.8 58 59.4 61.6 64.6 72.2 79.4 76.3 74.3 79 83.5 91.5 103.1 113.4 124.4 134.3 142.7 150.4 159.5 168.7 174.1 174.1 174.1 184.8 185.5 187 198 207.9 219.2 232.3 248.3 262.2 269 268.1 267.5 269.1 271 279.5 284.8 290.5 307.4 326.3 339.9 342.5 350.2 358.6 374 370.3 360.9 347.3 332.3 319.4 309.2 302.8 302.6 308.5 285.7 269.5 272.2 270.8 271.9 271.7 275.7 274.5 278.6 285.6 289.8 296 294.7 293.5 292 296 305 319.1 320.5 319.7 311.3 291.2 270.7
62 57.4 59.9 62.9 68.1 70.3 77.6 79.2 80.3 84.3 90.4 102.4 114 126.8 135.9 147.5 155 162.8 174.3 183.9 190.4 193 195.8 200 198.5 197.7 203.5 215.3 229.4 244.1 261.4 269.2 279.2 278 273.6 269.4 278.5 293.8 294.4 288.6 304.3 323.6 330 328.9 342.1 353.8 354 357.9 359 359.8 333.3 318.5 308.4 303.6 308.4 309.9 301 269.7 260.6 262.9 264.4 264.1 269.8 266 266.4 276.9 284.6 290.9 290.9 290.7 288.3 292.6 304.6 314.7 320.3 321.1 307.2 286.2 261.4
58.2 57.8 62.3 66.4 68.9 73.2 77.7 80.9 85.7 90.3 98.4 109 120.6 138.6 147.9 158.7 167.7 177.9 190 195.5 203.3 205.2 205.8 207.4 208.1 208.7 210.6 222.2 233.9 247.4 267.7 276.7 282.8 280.2 275.8 267.9 287.4 306.8 297.3 290.4 301.7 318.6 323 326.5 338.8 356.3 353.2 347.3 340.6 340.1 337.9 319.8 309 304.4 316.9 314.9 307.5 276.5 259.1 255.6 254.9 257 258.7 259.8 259.3 270.7 274.8 276.1 280.4 285.4 281.8 287.4 305.7 318.7 322.6 314.9 300 276.8 247.7
58.3 67 69.9 73.9 76.7 79.7 83.9 89.9 92.9 97.5 106.6 118.2 133.6 145.5 157.4 167.5 181.4 196.1 203 209 211.1 210.7 213.7 215.6 215.5 212.3 219.1 230.5 242.7 253.4 268.6 271.6 274.3 281.3 275.1 268.8 273.6 293.1 291.7 280.1 288.9 301.9 313.2 322.5 327.1 347 359.8 354.3 335.2 335 340.7 330.8 316 305.8 313.7 319.8 312.4 284.9 257.2 249.5 249.9 251 252.9 249.9 251.1 264.5 266.6 264.4 271.2 278 279.2 287.8 301.3 317.6 313.8 303.5 279.6 265.8 237.6
65.6 72.9 77.8 81 84.4 89.5 91 96.5 101 106.1 113.7 128.9 143.5 151.7 161.1 180.3 193.2 205.5 215.2 220 225.5 225.1 224.7 225.1 223.4 224.9 227.5 236.8 246.9 255.9 269.5 269.3 269.3 270.3 269.5 266.2 258 266.3 267.6 266.3 278.8 290.6 309.5 319.6 326.1 332.1 338.5 347.6 334.2 329.8 330.7 332.8 318.2 305.7 307.6 315.1 311.9 287.8 261.4 249 249.2 246.7 245.8 244.6 245 248.6 258.7 257.9 259.5 268.1 270.3 278.1 290.1 311.9 307.3 292.8 270.3 247.5 227.3
69.9 77.3 84 86.7 90 100 100.6 102.7 110.4 119.5 126.5 138.3 149.7 159 171.1 185.9 201 211.6 224.2 238.4 245 240.7 242.2 243.4 241 237.3 238.5 239.3 246.5 256.5 269.6 273.6 267.1 266.9 269.3 259.4 244.5 246.5 250.6 253.1 275.2 293.7 302.5 309.4 334 332 331.2 331.2 327.7 324.2 323.5 320.2 311.5 305.2 297.3 300.1 296.5 282.7 267 250 244.9 240.6 241 239 240.4 240.5 253 251.1 247.9 252.9 256.8 264.6 266.5 281.4 281.3 276.8 267.5 240.2 215
72.8 83.7 89.7 92.4 98.4 104.8 108.9 112.8 118.9 131.5 138.9 145.9 157.5 166.6 177.5 191 204.2 216.5 236 246.4 256.6 253.3 258 260.2 252 250 247.4 246.8 248.5 259.1 266.3 264.3 256.4 258.2 272.4 252.7 239.7 235.7 239.1 248.1 268.8 284.3 294.8 312.4 349 343.7 338.9 337.4 325.9 321.6 325.6 311.9 305.1 297 287 282.8 283.6 281.4 268.6 256.1 246.3 240 237.9 237.5 237.8 239.7 246.2 246.4 244.8 244.1 244.9 245.3 247.4 249.2 251.4 255.3 249.2 232.1 206.5
78.2 101 102.6 99 102.6 112.4 120.7 123.8 130.1 139 147.8 154.3 163.5 171 184.8 196 208.9 224.1 235 247.1 259.7 260.3 266.9 268.6 263.8 267.7 260.3 259 259.9 259 260.2 256 247.3 250 259.7 248.2 233.4 230.7 234 244.5 262.8 271.6 290 310.1 332.3 349.4 341.4 337.8 328.3 322.3 317.5 307.8 298.9 291 286 277.4 276.3 275.1 273 264.1 254.1 239.5 236.1 235.3 237.3 239.4 242.7 241.6 241.3 240.7 241.4 236.4 235.5 236.6 238.7 234.8 231.2 223.5 199.7
80.3 98.2 112.7 110.7 111.5 121.7 131.3 133.6 140.5 149.1 158 164.5 170.2 179.7 192.1 202.5 214.3 228.5 239.4 248.3 260.5 261.4 268 273.2 277.6 276.2 268 264 268.1 258.6 253 252.1 238 248.3 244.6 233.6 225 226.2 232 242.3 256.1 267.2 284.8 318.7 336.2 350.6 352.2 335.1 330.4 323.3 306.4 298.3 292.8 289.8 283.6 275.9 270.8 270.6 276.1 268.4 258.7 243.9 237.4 232.8 235.5 240.9 243.1 239.7 239.3 239.5 239.3 230.8 228.5 228.4 226.3 221.2 218.8 212.7 191.2
82.5 92.5 110 110.6 116 125.3 140 145 154.9 164.6 175.3 180.7 184.1 189.1 201 209.4 216 225.2 235.7 255.3 259.1 264.1 273.8 283.9 290.7 299.1 283.8 269.6 274.4 258.6 242.2 236 228.2 232.7 231.1 221.9 219.4 224.5 230.8 239.5 257.6 264.1 282.5 315.3 337.4 349.5 354.3 336.2 319.9 314.7 301.7 292.3 295.1 285.8 278.9 274.3 271 271 270.6 270.1 266.5 256.9 239.9 232.7 232.7 248.2 248.1 241.8 238.1 230.1 229.5 221.9 218.4 216.8 214.4 207.9 204.1 193.1 180.7
84.1 95.1 111.6 121 124.5 137.2 151.2 158.6 169.7 178.8 190 192 193.5 195.5 209.7 209.4 215.2 222.8 250.2 251.6 260.5 278.2 286 301.9 311.6 307 292 280 281.8 272.3 237 227.4 222.1 219.1 220.3 215.4 216.5 222.6 232.2 238.8 248.8 266 283.1 308.8 337.4 349.5 349.7 336 318.3 307.7 299 289.7 296.4 281.5 279.1 271.1 270 276.5 276.9 280.5 280 270.7 247.7 232.6 230.7 243.2 244.7 237 229.8 224.6 220.7 215.1 211.3 206 203.4 198.1 192.7 181.2 183.4
88.9 105.1 118.4 129.5 134.5 150.2 161.6 173 187.6 195.8 198.7 201.4 203 203 210.5 210.1 216.1 226.3 241.8 246 259.8 273.5 290.6 313.3 325 319 308.5 292.6 288.3 267.9 239 225.2 218.7 213.2 209 209.8 215.1 226.5 232.9 237.7 247.6 262.4 281.3 305.9 330.4 344 350.6 344.8 329.3 314.3 299.4 286.2 285.3 282.5 280.4 274.7 270.2 284.5 281.2 280.1 277.2 265.9 250.3 232.5 225.8 231.3 235 229.2 224.2 219.6 217 212.3 206.7 198.6 194.8 190.1 184.9 169.2 187.6
94.3 111.7 125.4 138 144.9 160.2 169.5 182.6 198.8 207.5 214.2 217.3 215.5 214 210.1 214.7 219 225.6 231.1 240.4 256.7 273.6 292.3 321.3 336.3 331.6 315.3 297.8 287 266.9 244.1 223.6 217.1 211.4 205.5 205.6 212.8 227.8 239.8 238.2 246.5 257.3 281.9 302.3 318.2 331.5 339.8 341.1 333.1 314.6 299.4 284.7 275.7 280.8 281.6 269.5 268.3 273.2 278.2 275.1 277.4 268.1 254 237.1 228.2 221.9 223.3 219.6 217.5 215.6 214.2 211.2 204.7 196.7 193 182.3 173.7 172.4 186.5
