webserver/python/data/SD45.asc
ncols 200
nrows 200
xllcorner 340000
yllcorner 450000
cellsize 50
[rows 120 to 159 of 200, columns 0 to 89 of 200]
-2.8 -2.8 -2.8 -2.8 -2.8 -2.8 -2.8 -2.8 -2.8 -2.8 -2.8 -2.8 -2.8 -2.8 -2.8 -2.8 -2.8 -2.8 -2.8 -2.8 -2.8 -2.8 -2.8 -2.8 -2.8 -2.8 -2.7 -2.6 -2.7 -2.8 -2.8 -2.8 -2.8 -2.8 -2.8 -2.8 -2.8 -2.8 -2.8 -2.8 -2.4 -1.7 -0.9 -0.1 0.6 1.3 1.9 2.4 3 3.5 3.5 3.5 8.2 6.4 6.3 6.3 6.3 6.1 6 6 6 6 6 6 6 6 5.9 6 6 5.9 5.9 5.9 5.8 5.5 5.4 5.5 5.5 5.6 5.7 5.8 5.8 5.8 5.8 5.8 5.7 5.6 5.5 5.5 5.4 5.7
-2.8 -2.8 -2.8 -2.8 -2.8 -2.8 -2.8 -2.8 -2.8 -2.8 -2.8 -2.8 -2.8 -2.8 -2.8 -2.8 -2.8 -2.8 -2.8 -2.8 -2.8 -2.8 -2.8 -2.8 -2.8 -2.8 -2.8 -2.8 -2.8 -2.8 -2.8 -2.8 -2.8 -2.8 -2.8 -2.8 -2.8 -2.8 -2.8 -2.8 -2.3 -1.5 -0.8 -0.2 0.5 1 1.6 2.1 2.6 3.2 3.5 3.5 8.7 7.3 6.5 6.3 6.2 6.1 6 6 5.9 5.9 5.9 5.9 5.9 5.9 6 6 5.9 5.9 5.9 5.8 5.7 5.4 5.2 5.3 5.4 5.4 5.5 5.5 5.6 5.6 5.6 5.6 5.6 5.6 5.6 5.6 5.6 5.5
-2.8 -2.8 -2.8 -2.8 -2.8 -2.8 -2.8 -2.8 -2.8 -2.8 -2.8 -2.8 -2.8 -2.8 -2.8 -2.8 -2.8 -2.8 -2.8 -2.8 -2.8 -2.8 -2.8 -2.8 -2.8 -2.8 -2.8 -2.8 -2.8 -2.8 -2.8 -2.8 -2.8 -2.8 -2.8 -2.8 -2.8 -2.8 -2.8 -2.8 -2.2 -1.5 -1 -0.4 0.1 0.7 1.2 1.7 2.3 2.8 3.4 3.5 5.7 8.1 7.3 6.7 6.4 6.2 6 5.9 5.9 5.9 5.9 5.9 6 6 5.9 5.8 5.8 5.8 5.8 5.8 5.6 5.5 5.2 5.1 5.2 5.2 5.3 5.3 5.4 5.4 5.4 5.5 5.5 5.5 5.5 5.5 5.5 5.4
-2.8 -2.8 -2.8 -2.8 -2.8 -2.8 -2.8 -2.8 -2.8 -2.8 -2.8 -2.8 -2.8 -2.8 -2.8 -2.8 -2.8 -2.8 -2.8 -2.8 -2.8 -2.8 -2.8 -2.8 -2.8 -2.8 -2.8 -2.8 -2.8 -2.8 -2.8 -2.8 -2.8 -2.8 -2.8 -2.8 -2.8 -2.8 -2.8 -2.8 -2.3 -1.8 -1.3 -0.8 -0.3 0.3 0.8 1.4 1.9 2.5 3 3.5 6.4 9.3 8.7 7.8 7.4 6.9 6.2 6 5.8 5.9 5.9 6 6 5.9 5.8 5.8 5.8 5.8 5.8 5.7 5.6 5.4 5.3 5.1 5.1 5.1 5.1 5.1 5.2 5.2 5.2 5.3 5.3 5.3 5.4 5.4 5.3 5.3
-2.8 -2.8 -2.8 -2.8 -2.8 -2.8 -2.8 -2.8 -2.8 -2.8 -2.8 -2.8 -2.8 -2.8 -2.8 -2.8 -2.8 -2.8 -2.8 -2.8 -2.8 -2.8 -2.8 -2.8 -2.8 -2.8 -2.8 -2.8 -2.8 -2.8 -2.8 -2.8 -2.8 -2.8 -2.8 -2.8 -2.8 -2.8 -2.8 -2.8 -2.3 -1.8 -1.3 -0.8 -0.4 0.1 0.7 1.2 1.7 2.2 2.7 3.2 6.1 10.1 10.1 9.3 8.6 7.5 6.3 6 5.9 6 6 6 5.9 5.8 5.7 5.7 5.7 5.7 5.7 5.7 5.5 5.4 5.3 5.2 5.2 5.2 5.2 5.2 5.1 5.1 5.1 5.1 5.1 5.1 5.2 5.2 5.2 5.2
-2.8 -2.8 -2.8 -2.8 -2.8 -2.8 -2.8 -2.8 -2.8 -2.8 -2.8 -2.8 -2.8 -2.8 -2.8 -2.8 -2.8 -2.8 -2.8 -2.8 -2.8 -2.8 -2.8 -2.8 -2.8 -2.8 -2.8 -2.8 -2.8 -2.8 -2.8 -2.8 -2.8 -2.8 -2.8 -2.8 -2.8 -2.8 -2.8 -2.8 -2.5 -2 -1.4 -0.9 -0.3 0.1 0.6 1.1 1.6 2.1 2.6 3.1 3.5 10.2 10.2 9.9 9.2 8.2 6.6 5.2 6 5.9 6 5.8 5.7 5.7 5.7 5.7 5.6 5.6 5.6 5.6 5.5 5.4 5.3 5.3 5.3 5.2 5.2 5.1 5.1 5.1 5 5 5 5 5.1 5.1 5.1 5.1
-2.8 -2.8 -2.8 -2.8 -2.8 -2.8 -2.8 -2.8 -2.8 -2.8 -2.8 -2.8 -2.8 -2.8 -2.8 -2.8 -2.8 -2.8 -2.8 -2.8 -2.8 -2.8 -2.8 -2.8 -2.8 -2.8 -2.8 -2.8 -2.8 -2.8 -2.8 -2.8 -2.8 -2.8 -2.8 -2.8 -2.8 -2.8 -2.8 -2.8 -2.7 -2.1 -1.6 -1 -0.5 0 0.6 1.1 1.5 2 2.5 3 3.5 10.5 10.6 10 9.4 8.5 7.3 6.4 6.1 6 6.1 6.1 5.8 5.9 6 6 5.8 5.7 5.6 5.6 5.5 5.4 5.3 5.3 5.2 5.2 5.2 5.1 5.1 5.1 5 5 5 5 5 5 5 5
-2.8 -2.8 -2.8 -2.8 -2.8 -2.8 -2.8 -2.8 -2.8 -2.8 -2.8 -2.8 -2.8 -2.8 -2.8 -2.8 -2.8 -2.8 -2.8 -2.8 -2.8 -2.8 -2.8 -2.8 -2.8 -2.8 -2.8 -2.8 -2.8 -2.8 -2.8 -2.8 -2.8 -2.8 -2.8 -2.8 -2.8 -2.8 -2.8 -2.8 -2.8 -2.3 -1.7 -1.2 -0.7 -0.1 0.4 0.9 1.5 2 2.5 3 3.4 10.7 10.2 9.6 9.5 8.8 8 6.6 6.1 6 6.1 6.2 6.3 6 5.8 5.8 5.8 5.7 5.6 5.6 5.5 5.4 5.3 5.3 5.2 5.2 5.1 5.1 5.1 5 5 5 5 4.9 4.9 4.9 4.9 4.9
-2.8 -2.8 -2.8 -2.8 -2.8 -2.8 -2.8 -2.8 -2.8 -2.8 -2.8 -2.8 -2.8 -2.8 -2.8 -2.8 -2.8 -2.8 -2.8 -2.8 -2.8 -2.8 -2.8 -2.8 -2.8 -2.8 -2.8 -2.8 -2.8 -2.8 -2.8 -2.8 -2.8 -2.8 -2.8 -2.8 -2.8 -2.8 -2.8 -2.8 -2.8 -2.4 -1.9 -1.4 -0.8 -0.3 0.2 0.8 1.3 1.9 2.4 2.9 3.4 10.7 10.1 9.4 9.3 8.6 7.3 6.7 6.4 6.1 6.1 6 5.9 5.9 5.9 5.8 5.7 5.7 5.6 5.6 5.5 5.4 5.3 5.3 5.2 5.2 5.1 5.1 5.1 5 5 5 4.9 4.9 4.9 4.9 4.9 4.9
-2.8 -2.8 -2.8 -2.8 -2.8 -2.8 -2.8 -2.8 -2.8 -2.8 -2.8 -2.8 -2.8 -2.8 -2.8 -2.8 -2.8 -2.8 -2.8 -2.8 -2.8 -2.8 -2.8 -2.8 -2.8 -2.8 -2.8 -2.8 -2.8 -2.8 -2.8 -2.8 -2.8 -2.8 -2.8 -2.8 -2.8 -2.8 -2.8 -2.8 -2.8 -2.6 -2.1 -1.5 -1 -0.4 0.1 0.6 1.2 1.7 2.2 2.8 3.3 6.7 9.9 9.2 8.6 7.8 6.9 6.5 6.2 6 6 5.9 5.8 5.9 5.9 5.8 5.7 5.7 5.6 5.6 5.5 5.4 5.3 5.2 5.2 5.2 5.1 5.1 5 5 5 5 4.9 4.9 4.9 4.9 4.8 4.8
-2.8 -2.8 -2.8 -2.8 -2.8 -2.8 -2.8 -2.8 -2.8 -2.8 -2.8 -2.8 -2.8 -2.8 -2.8 -2.8 -2.8 -2.8 -2.8 -2.8 -2.8 -2.8 -2.8 -2.8 -2.8 -2.8 -2.8 -2.8 -2.8 -2.8 -2.8 -2.8 -2.8 -2.8 -2.8 -2.8 -2.8 -2.8 -2.8 -2.8 -2.8 -2.8 -2.2 -1.7 -1.1 -0.6 -0.1 0.5 1 1.5 2.1 2.6 3.1 3.6 9.5 8.9 8 7.2 6.6 6.3 6.8 6.2 5.8 5.7 5.7 5.7 5.6 5.6 5.7 5.7 5.6 5.6 5.5 5.4 5.3 5.2 5.2 5.1 5.1 5.1 5 5 5 4.9 4.9 4.9 4.9 4.8 4.9 4.9
-2.8 -2.8 -2.8 -2.8 -2.8 -2.8 -2.8 -2.8 -2.8 -2.8 -2.8 -2.8 -2.8 -2.8 -2.8 -2.8 -2.8 -2.8 -2.8 -2.8 -2.8 -2.8 -2.8 -2.8 -2.8 -2.8 -2.8 -2.8 -2.8 -2.8 -2.8 -2.8 -2.8 -2.8 -2.8 -2.8 -2.8 -2.8 -2.8 -2.8 -2.8 -2.8 -2.4 -1.8 -1.3 -0.8 -0.2 0.3 0.8 1.4 1.9 2.4 2.9 3.3 4 8.6 7.3 6.8 6.4 6.8 6.9 6.2 5.9 6 6 5.9 5.8 5.7 5.6 5.6 5.6 5.6 5.5 5.4 5.3 5.2 5.2 5.1 5.1 5 5 5 5 4.9 4.9 4.9 4.9 5 5 4.9
-2.8 -2.8 -2.8 -2.8 -2.8 -2.8 -2.8 -2.8 -2.8 -2.8 -2.8 -2.8 -2.8 -2.8 -2.8 -2.8 -2.8 -2.8 -2.8 -2.8 -2.8 -2.8 -2.8 -2.8 -2.8 -2.8 -2.8 -2.8 -2.8 -2.8 -2.8 -2.8 -2.8 -2.8 -2.8 -2.8 -2.8 -2.8 -2.8 -2.8 -2.8 -2.8 -2.5 -2 -1.5 -0.9 -0.4 0.1 0.7 1.2 1.7 2.1 2.6 3.1 3.8 8.7 6.7 6.1 6.2 6.3 6.4 6.2 5.8 6.1 6.2 6.1 6 5.9 5.9 5.8 5.7 5.6 5.5 5.4 5.3 5.2 5.2 5.1 5.1 5 5 5 4.9 4.9 5 5 5 5.1 5.1 5
-2.7 -2.8 -2.8 -2.8 -2.8 -2.8 -2.8 -2.8 -2.8 -2.8 -2.8 -2.8 -2.8 -2.8 -2.8 -2.8 -2.8 -2.8 -2.8 -2.8 -2.8 -2.8 -2.8 -2.8 -2.8 -2.8 -2.8 -2.8 -2.8 -2.8 -2.8 -2.8 -2.8 -2.8 -2.8 -2.8 -2.8 -2.8 -2.8 -2.8 -2.8 -2.8 -2.7 -2.2 -1.6 -1.1 -0.5 0 0.5 1 1.4 1.9 2.4 2.9 3.4 7.6 7.1 6.4 6.1 5.9 5.7 5.7 5.8 6.1 6.1 6.1 6 6 5.9 5.8 5.7 5.7 5.6 5.5 5.4 5.3 5.2 5.1 5 5 5 5 5 5.1 5.1 5.1 5.2 5.2 5.2 5
-2.7 -2.8 -2.8 -2.8 -2.8 -2.8 -2.8 -2.8 -2.8 -2.8 -2.8 -2.8 -2.8 -2.8 -2.8 -2.8 -2.8 -2.8 -2.8 -2.8 -2.8 -2.8 -2.8 -2.8 -2.8 -2.8 -2.8 -2.8 -2.8 -2.8 -2.8 -2.8 -2.8 -2.8 -2.8 -2.8 -2.8 -2.8 -2.8 -2.8 -2.8 -2.8 -2.8 -2.3 -1.8 -1.2 -0.7 -0.2 0.4 0.7 1.2 1.7 2.2 2.7 3.2 4.3 7.3 6.1 6.3 5.7 5.4 5.4 5.6 6.1 6.1 6 6 5.9 5.9 5.8 5.7 5.7 5.6 5.5 5.4 5.3 5.2 5.1 5 5.1 5.1 5.1 5.2 5.2 5.2 5.3 5.3 5.3 5.3 5.3
-2.6 -2.8 -2.8 -2.8 -2.8 -2.8 -2.8 -2.8 -2.8 -2.8 -2.8 -2.8 -2.8 -2.8 -2.8 -2.8 -2.8 -2.8 -2.8 -2.8 -2.8 -2.8 -2.8 -2.8 -2.8 -2.8 -2.8 -2.8 -2.8 -2.8 -2.8 -2.8 -2.8 -2.8 -2.8 -2.8 -2.8 -2.8 -2.8 -2.8 -2.8 -2.8 -2.8 -2.5 -1.9 -1.4 -0.9 -0.3 0 0.4 0.9 1.4 2 2.5 3.1 3.5 8 6.1 6.4 5.7 5.1 5.3 5.7 6.3 6 6 6 5.9 5.8 5.8 5.8 5.7 5.6 5.5 5.4 5.3 5.2 5.1 5.1 5.2 5.2 5.2 5.3 5.3 5.3 5.3 5.4 5.3 5.3 5.3
-2.6 -2.8 -2.8 -2.8 -2.8 -2.8 -2.8 -2.8 -2.8 -2.8 -2.8 -2.8 -2.8 -2.8 -2.8 -2.8 -2.8 -2.8 -2.8 -2.8 -2.8 -2.8 -2.8 -2.8 -2.8 -2.8 -2.8 -2.8 -2.8 -2.8 -2.8 -2.8 -2.8 -2.8 -2.8 -2.8 -2.8 -2.8 -2.8 -2.8 -2.8 -2.8 -2.8 -2.6 -2.1 -1.6 -1 -0.6 -0.3 0.2 0.7 1.2 1.8 2.3 2.9 3.3 6.6 6.2 6.5 6.1 5.7 5.9 6 6.3 6.1 6 5.9 5.9 5.9 5.9 5.9 5.7 5.6 5.5 5.4 5.3 5.2 5.2 5.2 5.2 5.3 5.3 5.4 5.4 5.4 5.4 5.4 5.3 5.3 5.3
-2.5 -2.8 -2.8 -2.8 -2.8 -2.8 -2.8 -2.8 -2.8 -2.8 -2.8 -2.8 -2.8 -2.8 -2.8 -2.8 -2.8 -2.8 -2.8 -2.8 -2.8 -2.8 -2.8 -2.8 -2.8 -2.8 -2.8 -2.8 -2.8 -2.8 -2.8 -2.8 -2.8 -2.8 -2.8 -2.8 -2.8 -2.8 -2.8 -2.8 -2.8 -2.8 -2.8 -2.8 -2.3 -1.7 -1.3 -1 -0.5 0 0.5 1.1 1.6 1.9 2.3 2.8 3.7 7.9 7.2 6.6 6.6 6.7 6.6 6.5 6.3 6 6 5.9 5.9 5.9 5.9 5.8 5.6 5.5 5.4 5.3 5.3 5.2 5.2 5.3 5.4 5.4 5.4 5.5 5.5 5.4 5.3 5.3 5.3 5.3
-2.5 -2.7 -2.8 -2.8 -2.8 -2.8 -2.8 -2.8 -2.8 -2.8 -2.8 -2.8 -2.8 -2.8 -2.8 -2.8 -2.8 -2.8 -2.8 -2.8 -2.8 -2.8 -2.8 -2.8 -2.8 -2.8 -2.8 -2.8 -2.8 -2.8 -2.8 -2.8 -2.8 -2.8 -2.8 -2.8 -2.8 -2.8 -2.8 -2.8 -2.8 -2.8 -2.8 -2.8 -2.4 -1.9 -1.7 -1.2 -0.7 -0.2 0.2 0.6 0.9 1.3 1.5 2.3 3 4.2 7 7.8 7.7 7.3 6.9 7.1 6.7 6 6.1 6.1 6.1 6 5.9 6.1 5.9 5.6 5.5 5.4 5.4 5.3 5.3 5.4 5.5 5.5 5.5 5.5 5.4 5.3 5.2 5.2 5.3 5.3
-2.4 -2.7 -2.8 -2.8 -2.8 -2.8 -2.8 -2.8 -2.8 -2.8 -2.8 -2.8 -2.8 -2.8 -2.8 -2.8 -2.8 -2.8 -2.8 -2.8 -2.8 -2.8 -2.8 -2.8 -2.8 -2.8 -2.8 -2.8 -2.8 -2.8 -2.8 -2.8 -2.8 -2.8 -2.8 -2.8 -2.8 -2.8 -2.8 -2.8 -2.8 -2.8 -2.8 -2.8 -2.6 -2.4 -2 -1.5 -1.1 -0.7 -0.4 0 0.3 0.7 1.1 1.7 2.3 2.9 3.2 3.5 4.2 4.8 5.4 5.6 7.4 6.8 6.5 6.3 6.2 6.1 6.1 6.1 6.2 5.8 5.6 5.5 5.4 5.4 5.4 5.5 5.5 5.6 5.5 5.4 5.4 5.3 5.2 5.2 5.3 5.3
-2.4 -2.6 -2.8 -2.8 -2.8 -2.8 -2.8 -2.8 -2.8 -2.8 -2.8 -2.8 -2.8 -2.8 -2.8 -2.8 -2.8 -2.8 -2.8 -2.8 -2.8 -2.8 -2.8 -2.8 -2.8 -2.8 -2.8 -2.8 -2.8 -2.8 -2.8 -2.8 -2.8 -2.8 -2.8 -2.8 -2.8 -2.8 -2.8 -2.8 -2.8 -2.8 -2.8 -2.8 -2.8 -2.8 -2.4 -2 -1.7 -1.3 -1 -0.6 -0.3 0 0.5 0.9 1.4 1.9 2.2 2.5 2.8 3.1 3.4 3.9 5.3 7.6 7.2 6.9 6.6 6.5 6.4 6.3 6.2 5.9 5.7 5.7 5.6 5.6 5.6 5.7 5.8 5.6 5.4 5.3 5.3 5.2 5.2 5.2 5.2 5.3
-2.3 -2.6 -2.8 -2.8 -2.8 -2.8 -2.8 -2.8 -2.8 -2.8 -2.8 -2.8 -2.8 -2.8 -2.8 -2.8 -2.8 -2.8 -2.8 -2.8 -2.8 -2.8 -2.8 -2.8 -2.8 -2.8 -2.8 -2.8 -2.8 -2.8 -2.8 -2.8 -2.8 -2.8 -2.8 -2.8 -2.8 -2.8 -2.8 -2.8 -2.8 -2.8 -2.8 -2.8 -2.8 -2.8 -2.8 -2.7 -2.3 -1.9 -1.6 -1.2 -0.9 -0.7 -0.3 0.1 0.5 0.9 1.2 1.5 1.9 2.2 2.6 2.9 3.4 4.9 6.1 7 7 6.8 6.7 6.6 6.3 5.9 5.8 5.8 5.8 5.9 5.8 5.9 6 5.5 5.3 5.1 5.2 5.2 5.2 5.2 5.2 5.1
-2.3 -2.5 -2.8 -2.8 -2.8 -2.8 -2.8 -2.8 -2.8 -2.8 -2.8 -2.8 -2.8 -2.8 -2.8 -2.8 -2.8 -2.8 -2.8 -2.8 -2.8 -2.8 -2.8 -2.8 -2.8 -2.8 -2.8 -2.8 -2.8 -2.8 -2.8 -2.8 -2.8 -2.8 -2.8 -2.8 -2.8 -2.8 -2.8 -2.8 -2.8 -2.8 -2.8 -2.8 -2.8 -2.8 -2.8 -2.8 -2.8 -2.6 -2.2 -1.8 -1.6 -1.4 -1.2 -0.9 -0.5 -0.1 0.3 0.7 1.1 1.5 1.8 2.2 2.7 3 3.4 4 4.5 4.9 5.4 6.5 7 6.8 6.4 6.4 6.5 6.1 5.9 6 6 5.7 5.3 5 5 5.1 5.1 5.2 5.1 5
-2.2 -2.5 -2.8 -2.8 -2.8 -2.8 -2.8 -2.8 -2.8 -2.8 -2.8 -2.8 -2.8 -2.8 -2.8 -2.8 -2.8 -2.8 -2.8 -2.8 -2.8 -2.8 -2.8 -2.8 -2.8 -2.8 -2.8 -2.8 -2.8 -2.8 -2.8 -2.8 -2.8 -2.8 -2.8 -2.8 -2.8 -2.8 -2.8 -2.8 -2.8 -2.8 -2.8 -2.8 -2.8 -2.8 -2.8 -2.8 -2.8 -2.8 -2.8 -2.5 -2.8 -2.8 -2.2 -1.9 -1.5 -1.1 -0.6 -0.2 0.3 0.7 1.1 1.7 2 2.1 2.4 2.6 2.7 2.8 3.1 3.6 4.7 4.6 5.2 7.5 7.6 6.4 6.1 6.1 5.8 6.2 -2.8 4.9 4.7 5 4.9 4.7 5.6 6.5
-2.2 -2.4 -2.7 -2.8 -2.8 -2.8 -2.8 -2.8 -2.8 -2.8 -2.8 -2.8 -2.8 -2.8 -2.8 -2.8 -2.8 -2.8 -2.8 -2.8 -2.8 -2.8 -2.8 -2.8 -2.8 -2.8 -2.8 -2.8 -2.8 -2.8 -2.8 -2.8 -2.8 -2.8 -2.8 -2.8 -2.8 -2.8 -2.8 -2.8 -2.8 -2.8 -2.8 -2.8 -2.8 -2.8 -2.8 -2.8 -2.8 -2.8 -2.8 -2.8 -2.8 -2.8 -2.8 -2.8 -2.5 -2 -1.5 -1 -0.4 0 0.6 1 1.1 1.2 1.4 1.5 1.6 1.6 1.9 2.4 2.7 2.9 3.2 3.9 4.6 6.9 6.6 6.4 6.4 6.8 -2.8 3.5 3.5 3.4 3.5 3.5 3.6 4.4
-2.1 -2.4 -2.7 -2.8 -2.8 -2.8 -2.8 -2.8 -2.8 -2.8 -2.8 -2.8 -2.8 -2.8 -2.8 -2.8 -2.8 -2.8 -2.8 -2.8 -2.8 -2.8 -2.8 -2.8 -2.8 -2.8 -2.8 -2.8 -2.8 -2.8 -2.8 -2.8 -2.8 -2.8 -2.8 -2.8 -2.8 -2.8 -2.8 -2.8 -2.8 -2.8 -2.8 -2.8 -2.8 -2.8 -2.8 -2.8 -2.8 -2.8 -2.8 -2.8 -2.8 -2.8 -2.8 -2.8 -2.8 -2.8 -2.2 -1.6 -1.1 -0.5 -0.1 0 0.2 0.3 0.4 0.4 0.4 0.5 0.7 1.1 1.3 1.5 2 2.7 3.4 4.2 6.7 7 6.9 7.2 -2.8 3.5 3.1 3.3 3.5 3.5 3.5 4.3
-2.1 -2.3 -2.6 -2.8 -2.8 -2.8 -2.8 -2.8 -2.8 -2.8 -2.8 -2.8 -2.8 -2.8 -2.8 -2.8 -2.8 -2.8 -2.8 -2.8 -2.8 -2.8 -2.8 -2.8 -2.8 -2.8 -2.8 -2.8 -2.8 -2.8 -2.8 -2.8 -2.8 -2.8 -2.8 -2.8 -2.8 -2.8 -2.8 -2.8 -2.8 -2.7 -2.6 -2.8 -2.8 -2.8 -2.8 -2.8 -2.8 -2.8 -2.8 -2.8 -2.8 -2.8 -2.8 -2.8 -2.8 -2.8 -2.8 -2.2 -1.6 -1.1 -1 -0.9 -0.8 -0.6 -0.6 -0.7 -0.7 -0.7 -0.6 -0.2 -0.1 0.2 0.8 1.4 2 2.7 3.6 5 5.5 4.9 -2.8 3.7 3.5 3.5 3.5 3.5 3.5 4.2
-2 -2.3 -2.6 -2.8 -2.8 -2.8 -2.8 -2.8 -2.8 -2.8 -2.8 -2.8 -2.8 -2.8 -2.8 -2.8 -2.8 -2.8 -2.8 -2.8 -2.8 -2.8 -2.8 -2.8 -2.8 -2.8 -2.8 -2.8 -2.8 -2.8 -2.8 -2.8 -2.8 -2.8 -2.8 -2.8 -2.8 -2.8 -2.8 -2.8 -2.6 -2.3 -2.3 -2.4 -2.5 -2.5 -2.5 -2.5 -2.5 -2.5 -2.5 -2.6 -2.8 -2.8 -2.8 -2.8 -2.8 -2.8 -2.8 -2.8 -2.1 -2 -1.9 -1.8 -1.7 -1.5 -1.6 -1.7 -1.8 -1.9 -1.8 -1.6 -1.4 -1.1 -0.5 0.1 0.7 1.4 1.5 2.8 4.9 -2.8 -2.8 -2.8 0.2 3.5 3.5 3.5 3.5 3.9
-2 -2.2 -2.5 -2.8 -2.8 -2.8 -2.8 -2.8 -2.8 -2.8 -2.8 -2.8 -2.8 -2.8 -2.8 -2.8 -2.8 -2.8 -2.8 -2.8 -2.8 -2.8 -2.8 -2.8 -2.8 -2.8 -2.8 -2.8 -2.8 -2.8 -2.8 -2.8 -2.8 -2.8 -2.8 -2.8 -2.8 -2.8 -2.8 -2.5 -2.2 -2 -2 -2 -2.1 -2.1 -2.1 -2.1 -2.1 -2.1 -2.2 -2.3 -2.5 -2.6 -2.8 -2.8 -2.8 -2.8 -2.8 -2.8 -2.8 -2.8 -2.8 -2.7 -2.6 -2.5 -2.8 -2.8 -2.8 -2.8 -2.8 -2.8 -2.8 -2.8 -1.8 -1.3 -0.7 -0.2 -0.7 -2.8 -2.8 -1.8 -0.6 -1 -2.8 -2.8 3.9 3.6 3.5 3.5
-1.9 -2.2 -2.5 -2.8 -2.8 -2.8 -2.8 -2.8 -2.8 -2.8 -2.8 -2.8 -2.8 -2.8 -2.8 -2.8 -2.8 -2.8 -2.8 -2.8 -2.8 -2.8 -2.8 -2.8 -2.8 -2.8 -2.8 -2.8 -2.8 -2.8 -2.8 -2.8 -2.8 -2.8 -2.8 -2.8 -2.8 -2.7 -2.4 -2.1 -1.9 -1.6 -1.6 -1.7 -1.7 -1.8 -1.8 -1.8 -1.8 -1.8 -1.8 -2 -2.1 -2.3 -2.4 -2.6 -2.8 -2.8 -2.8 -2.8 -2.8 -2.8 -2.8 -2.8 -2.8 -2.8 -2.8 -2.3 -1.6 -1.2 -1 -1.1 -1.4 -2.8 -2.8 -2.8 -2.1 -2.1 -2.8 -2.8 -2.8 -0.3 1.7 1.2 -0.1 -2.8 3.5 3.5 3.5 3.5
-1.9 -2.1 -2.4 -2.7 -2.8 -2.8 -2.8 -2.8 -2.8 -2.8 -2.8 -2.8 -2.8 -2.8 -2.8 -2.8 -2.8 -2.8 -2.8 -2.8 -2.8 -2.8 -2.8 -2.8 -2.8 -2.8 -2.8 -2.8 -2.8 -2.8 -2.8 -2.8 -2.8 -2.8 -2.8 -2.8 -2.6 -2.3 -2 -1.8 -1.5 -1.2 -1.3 -1.3 -1.4 -1.4 -1.4 -1.4 -1.5 -1.4 -1.5 -1.6 -1.8 -1.9 -2.1 -2.3 -2.4 -2.6 -2.7 -2.8 -2.8 -2.8 -2.8 -2.8 -2.8 -2.8 -2.5 -1.3 -0.2 0.3 0.8 0.9 0.7 -0.4 -2.8 -2.8 -2.8 -2.8 -0.5 1 -2.8 -2.8 4.3 4.7 2.5 -2.8 3.5 3.5 3.5 3.5
-1.8 -2.1 -2.4 -2.6 -2.8 -2.8 -2.8 -2.8 -2.8 -2.8 -2.8 -2.8 -2.8 -2.8 -2.8 -2.8 -2.8 -2.8 -2.8 -2.8 -2.8 -2.8 -2.8 -2.8 -2.8 -2.8 -2.8 -2.8 -2.8 -2.8 -2.8 -2.8 -2.8 -2.8 -2.8 -2.5 -2.2 -1.9 -1.7 -1.4 -1.1 -0.9 -1 -1 -1 -1 -1 -1.1 -1.1 -1.1 -1.1 -1.3 -1.4 -1.6 -1.8 -1.9 -2.1 -2.2 -2.4 -2.6 -2.8 -2.8 -2.8 -2.8 -2.8 -2.8 -1.4 -0.3 1 1.7 2.4 2.8 2.9 2.2 1.3 0.7 2.3 2.8 2.7 3.9 4.9 -2.8 -2.8 4.3 3.3 -2.8 -2.8 -2.8 3.5 3.1
-1.8 -2 -2.3 -2.6 -2.8 -2.8 -2.8 -2.8 -2.8 -2.8 -2.8 -2.8 -2.8 -2.8 -2.8 -2.8 -2.8 -2.8 -2.8 -2.8 -2.8 -2.8 -2.8 -2.8 -2.8 -2.8 -2.8 -2.8 -2.8 -2.8 -2.8 -2.8 -2.8 -2.7 -2.4 -2.1 -1.8 -1.6 -1.3 -1 -0.7 -0.6 -0.6 -0.6 -0.7 -0.7 -0.7 -0.7 -0.8 -0.7 -0.8 -1 -1.1 -1.3 -1.4 -1.6 -1.7 -1.9 -2.1 -2.1 -2.3 -2.8 -2.8 -2.8 -2.8 -1.4 -0.4 0.9 2 3 3.6 3.8 3.8 3.9 4 3.5 3.5 3.5 4 4.5 4.9 4.3 -2.8 -2.8 4.7 -2.8 -2.8 -2.8 -2.8 -2.8
-1.7 -2 -2.2 -2.5 -2.7 -2.8 -2.8 -2.8 -2.8 -2.8 -2.8 -2.8 -2.8 -2.8 -2.8 -2.8 -2.8 -2.8 -2.8 -2.8 -2.8 -2.8 -2.8 -2.8 -2.8 -2.8 -2.8 -2.8 -2.8 -2.8 -2.8 -2.8 -2.6 -2.3 -2 -1.7 -1.5 -1.2 -0.9 -0.6 -0.4 -0.3 -0.3 -0.3 -0.3 -0.3 -0.3 -0.4 -0.4 -0.4 -0.5 -0.6 -0.8 -0.9 -1.1 -1.2 -1.4 -1.6 -1.7 -1.6 -1.8 -1.9 -2 -1.8 -1.2 0.2 1.1 2.4 3.5 3.6 3.9 4.1 4.2 4.2 4 3.6 3.5 4 4.6 5 4.9 4.7 3.5 -2.8 5 4.9 4.9 4.8 4.9 -2.8
-1.7 -1.9 -2.2 -2.4 -2.6 -2.7 -2.8 -2.8 -2.8 -2.8 -2.8 -2.8 -2.8 -2.8 -2.8 -2.8 -2.8 -2.8 -2.8 -2.8 -2.8 -2.8 -2.8 -2.8 -2.8 -2.8 -2.8 -2.8 -2.8 -2.8 -2.7 -2.5 -2.2 -1.9 -1.6 -1.4 -1.1 -0.8 -0.5 -0.3 0 0.1 0.1 0.1 0.1 0.1 0 0 -0.1 -0.1 -0.1 -0.3 -0.4 -0.6 -0.7 -0.9 -1.1 -1.3 -1.2 -1.1 -1.2 -1.2 -1.3 -1 -0.1 1 2.3 3.6 3.7 3.5 4 4.3 4.1 3.9 3.7 3.5 3.7 3.9 4.4 4.5 4 3.6 3.6 -2.8 -2.8 4.8 4.9 5 5 5.1
-1.6 -1.9 -2.1 -2.3 -2.4 -2.5 -2.7 -2.8 -2.8 -2.8 -2.8 -2.8 -2.8 -2.8 -2.8 -2.8 -2.8 -2.8 -2.8 -2.8 -2.8 -2.8 -2.8 -2.8 -2.8 -2.8 -2.8 -2.8 -2.8 -2.6 -2.4 -2.1 -1.8 -1.5 -1.3 -1 -0.7 -0.4 -0.2 0.1 0.4 0.4 0.4 0.5 0.4 0.4 0.4 0.3 0.3 0.3 0.2 0.1 -0.1 -0.3 -0.4 -0.6 -0.7 -0.8 -0.6 -0.5 -0.7 -0.6 -0.5 -0.2 0.7 1.9 3.1 3.5 3.5 3.5 3.7 3.9 3.7 3.5 3.5 3.5 3.5 4.1 4 4.1 3.9 4.6 3.5 4.2 -2.8 -2.8 5 5.1 5.1 5.2
-1.5 -1.8 -2 -2.2 -2.3 -2.4 -2.5 -2.7 -2.8 -2.8 -2.8 -2.8 -2.8 -2.8 -2.8 -2.8 -2.8 -2.8 -2.8 -2.8 -2.8 -2.8 -2.8 -2.8 -2.8 -2.8 -2.8 -2.8 -2.5 -2.3 -2 -1.7 -1.4 -1.2 -0.9 -0.6 -0.3 -0.1 0.2 0.5 0.8 0.7 0.8 0.8 0.8 0.8 0.7 0.7 0.6 0.6 0.6 0.4 0.2 0.1 -0.1 -0.2 -0.3 -0.2 -0.1 0 -0.1 0.1 0.3 0.5 1.5 2.5 3.7 3.5 3.5 3.5 3.5 3.5 4.1 4.5 4.4 4.2 3.5 3.5 3.5 4.1 4.1 4 3.6 4.3 4.2 -2.8 -2.8 5.2 5.2 5.2
-1.5 -1.7 -1.9 -2.1 -2.1 -2.2 -2.4 -2.5 -2.7 -2.8 -2.8 -2.8 -2.8 -2.8 -2.8 -2.8 -2.8 -2.8 -2.8 -2.8 -2.8 -2.8 -2.8 -2.8 -2.8 -2.8 -2.7 -2.4 -2.2 -1.9 -1.6 -1.3 -1.1 -0.8 -0.5 -0.2 0 0.3 0.6 0.9 1.1 1.1 1.2 1.2 1.2 1.1 1.1 1 1 1 0.9 0.7 0.6 0.4 0.3 0.1 0.2 0.3 0.4 0.6 0.4 0.7 1 1.3 2.2 3.1 3.4 3.3 3.4 3.6 3.6 3.6 3.5 3.6 4.3 4.6 4 3.5 3.5 4 4.5 4.9 5.1 3.9 3.2 4 -2.8 -2.8 5.2 5.2
-1.4 -1.7 -1.8 -1.9 -2 -2 -2.2 -2.4 -2.6 -2.7 -2.8 -2.8 -2.8 -2.8 -2.8 -2.8 -2.8 -2.8 -2.8 -2.8 -2.8 -2.8 -2.8 -2.8 -2.8 -2.6 -2.3 -2.1 -1.8 -1.5 -1.2 -1 -0.7 -0.4 -0.1 0.1 0.4 0.7 1 1.2 1.4 1.4 1.5 1.5 1.5 1.5 1.4 1.4 1.3 1.3 1.2 1.1 0.9 0.8 0.6 0.6 0.7 0.9 1 1.1 1 1.3 1.7 2 3 3.5 3.1 3.2 3.5 3.7 3.7 3.6 3.6 4.1 3.5 4.3 3.9 3.6 4.1 4.6 5.1 5.3 5.3 5.5 5.6 6.8 7.5 -2.8 5.1 5.1
-1.4 -1.6 -1.7 -1.7 -1.8 -1.9 -2.1 -2.2 -2.4 -2.6 -2.8 -2.8 -2.8 -2.8 -2.8 -2.8 -2.8 -2.8 -2.8 -2.8 -2.8 -2.8 -2.8 -2.8 -2.8 -2.3 -2 -1.7 -1.4 -1.1 -0.9 -0.6 -0.3 0 0.2 0.5 0.8 1.1 1.3 1.6 1.7 1.8 1.9 1.9 1.9 1.8 1.8 1.7 1.7 1.7 1.6 1.4 1.3 1.1 1.1 1.2 1.3 1.4 1.5 1.6 1.6 2 2.4 2.8 3.5 3.6 3.1 3.4 3.6 3.8 3.8 3.7 3.6 3.6 3.5 3.9 3.5 3.7 4 4.9 5.3 5.4 5.4 6.5 7.6 6.4 5 7.1 -2.8 5
