webserver/python/data/SD54.asc
ncols 200
nrows 200
xllcorner 350000
yllcorner 440000
cellsize 50
[rows 35 to 69 of 200, columns 80 to 159 of 200]
183.6 180.6 181.9 187.1 190.9 194.6 197.3 202.3 205.4 214.2 220.6 229.1 236 243.8 251.8 259.7 268.1 275.1 280.8 288.2 295.3 301.4 307 313 319.5 326.4 333.2 338.5 343.8 349 354.2 359.3 364.4 371.9 380.6 386 389.9 392.7 396.2 399.7 403 406.1 408.8 410.9 413 415.3 416.8 418.2 419.3 420.3 422.2 423.6 424.1 424.1 424.4 424.7 423.3 423.6 422.8 421.3 420.6 420 419.8 416.5 416.9 418.7 420.4 422.7 428.7 432.9 437.2 442 446 450.1 452.5 453.7 453.9 454 453.3 451.9
177.7 180.1 185.7 189.8 194 197.8 201.4 205.3 212.1 218.6 223.9 231.6 237.2 245 253 260.9 268.5 274.9 280.9 288.3 296.4 302.6 308.8 315.1 322.1 329.1 335 340 345.2 350.4 355.6 360.8 366.5 375 383.3 388.9 392.9 396.2 399.8 403.4 406.8 410 413.2 415.6 418.1 420.1 421.6 423 423.7 424.6 426 426.5 426.9 426.6 425.5 423.8 421.7 418.9 418.3 416.8 415.9 416.2 416.8 414 417.7 421.5 422.9 424.2 432.9 437.7 441.8 446.2 449.7 452.7 455.6 457.6 457.7 456.5 453.6 449.7
177.4 183.5 188.3 192.8 197 200.9 204.3 207.8 214.3 223.3 229.6 235.5 239.1 246.6 251.3 259.6 265.3 274.4 281 290 297.4 304 310.3 317.7 325.2 331.7 336.8 341.8 346.8 351.9 357.1 362.2 368.6 377.8 386.1 390.5 394 398 401.7 405.3 408.7 411.9 415.1 418.2 420.7 423 424.5 426.1 427 427.9 428.2 427.9 426.3 425 422.8 420 417.2 415.1 412.8 412.5 412.2 412.8 413.1 411.6 417.2 420.2 422 423.8 431.6 435.9 439.6 442.9 446 449 451.5 453.2 453.3 452.6 448.1 443.8
177.4 186.9 190.8 195.7 200 204.1 207.3 210.7 216.4 226.3 234.3 239.6 244.2 249 254.6 259.8 266.6 273.6 281.9 291.3 298.3 305 312 320.2 327.5 332.8 338.1 343.3 348.5 353.6 358.6 364 370.9 378.4 386.4 390.8 394.8 398.8 402.7 406.4 409.9 413.1 416.3 419.6 422.2 424.7 426.6 427.9 428 428.4 427.7 425.3 422.7 420 416.6 413 409.5 406.6 406.1 408 409.1 408.7 407.2 411.7 416.6 418.5 417.3 425.4 431 434.4 434.6 437.7 439.7 441.5 442.8 443.9 443.3 440.4 437.5 433.7
182.3 188.6 193.3 198.2 202.9 206.6 209.6 212.9 217.8 227.2 236 239.3 244.3 249.1 254.1 260.3 266.5 274 282.9 291.7 299 306.1 313.5 320.8 327.1 333 338.4 343.7 348.9 354.1 359.3 365 371.5 378.8 386.4 391.7 395.6 399.5 403.5 407.5 411 414.2 417.5 420.7 423.7 426.2 427.9 427.8 427.6 426.5 424.7 422.6 419 414.7 409 403.8 400.5 398.9 398.7 400.1 402 403.3 403.9 409.2 413 413.8 414.5 422.4 427.3 430.3 431.3 431.9 432.3 433.2 433.5 433 431.2 428.9 426.1 422.5
183.1 188.3 194.3 199.6 204.4 207.5 210.9 214.5 218.8 227.3 235.5 239.5 243.6 248.5 254.6 260.7 266.8 274.7 283.3 291.9 299 306.3 313 319.8 326 331.9 337.8 343.7 349.3 354.5 359.8 365.6 372.2 379.4 386.6 392.1 396.5 400.4 404.4 408.3 412.1 415.3 418.5 421.6 424.1 425.6 427 427.3 426.1 423.7 421.1 417.5 413.7 408.7 402 395.1 392.5 390.8 390.5 392.2 395.1 398.2 402.3 406.7 410.1 412.2 412.9 417 422.8 423.9 424.3 425.7 425 424.2 422.9 420.3 418.7 416.4 414 410.6
182.7 187.5 193.5 198.8 204 208.5 211.4 214.6 219.4 226.6 233.9 238.4 242.7 248.5 254.6 260.6 266.7 273.9 283.4 291.6 298.8 305.3 312 318.8 325 330.9 336.8 342.7 348.6 354.3 360.4 366.2 372.8 379.9 386.7 392.2 397.4 401.3 405.3 409.2 412.5 415.7 419 421.7 423.6 424.9 424.5 423.6 423.1 420 416.2 411.2 406.2 401.4 392.9 385.3 381.3 380.8 381.4 383.4 380.2 390.7 398.7 403.7 407.4 410 409.7 412.3 415 416.4 417.1 415.2 413.8 410.9 408 403.3 399.9 396.8 394.4 389.2
182.3 186.6 192.4 197.6 202.3 206.6 210.5 213.9 218.9 225.3 232.2 236.7 241.1 247.2 253.7 259.8 265.8 272 281.7 290.9 298 304.3 311 317.8 324 329.9 335.7 341.6 347.3 353.4 360.3 366.8 373.5 380.5 386.8 392.3 397.6 402.2 406.2 409.9 412.9 415.9 418.6 420 421.5 421.4 420.2 418.8 416 412.5 406.3 400.6 393.7 383.6 377.6 371.1 368.3 366.9 367.1 367.8 381.1 389.5 395.7 400.2 402.9 404.2 403.3 401.6 405 405.4 401.6 395 390 384.5 380.1 377.5 374.4 371.6 367 363.5
181.8 185.8 190.7 195.4 199.8 204.2 208.2 212.1 216.8 223.4 230 235.1 239.4 245.5 252.4 258.9 265 271 279.7 288.7 296.7 303.4 310.1 316.8 322.9 328.8 334.6 340.2 345.8 352.4 359.8 366.7 373.9 380.3 386.9 392.4 397.7 402.9 407.1 410.2 413.3 416.2 417.5 417.2 416.2 414.7 413.8 410.8 406.7 401 393 378.4 371.6 364.5 358.4 353.6 349.8 345.7 348.3 357.8 378.9 387.2 391.9 396.3 398.4 398.8 395.9 386.9 388.1 379.2 371.7 365.9 361.3 357.6 353.7 351 346.6 343.9 339.8 333.9
181 184.2 188.4 193 197.3 201.7 205.9 210.1 215.2 221.8 227.6 232.8 237.8 243.9 250.8 257.9 264.1 270.2 277.8 286.2 294.2 302.2 309.1 315.9 321.9 327.5 333.1 338.7 344.3 351.5 359 365.8 372.6 379.3 385.9 391.8 397.5 402.5 406.3 409.8 412.3 413.3 412.9 411 408.2 406.6 404.1 400.8 395.9 383.3 368.2 358.8 351.2 343.7 336.8 331.7 328.1 320.9 339.9 362.6 375.3 383 388 392.1 393.4 392.6 387.7 377.9 359.6 352 343.2 337.2 332 327.7 325.1 323.9 318 315.8 311.9 307.2
180.4 183.1 186.8 190.4 194.8 199.2 203.5 208 213.3 219 224.9 230.4 235.7 243 250.4 256.7 262 268.6 275.7 284.3 293 300.6 307.6 314.3 320.4 326 331.6 337.2 343 350.5 357.3 364.2 371.3 378.4 384.7 390.6 395.9 400.5 404.2 407.6 409 408.3 406.5 402.1 400 396.8 391.6 382.6 371.8 357.9 347.7 337 329 319.8 313.9 306 299.1 325.6 347 364.5 372.7 379.1 382.6 384.8 383.4 380 373.4 360.3 331.7 325.8 317.6 309.7 303.8 302.5 300 297.7 293.5 288 282.4 277.4
180.3 181.5 184.7 188.2 191.9 196.3 200.5 203.8 210.2 216.6 223.2 229 235.1 243.3 249.9 255.4 260.7 267.2 274.9 282.6 291.2 298.8 305.1 310.8 317.4 324.1 329.9 335.7 342 348.3 354.9 362 369.3 376.7 383.2 388.5 393.9 398.3 402.2 403.9 404 402.8 398.9 394.5 388.6 380 369.4 355.7 345.8 338.3 327.3 315.4 305.3 296.4 289.7 285.6 309.3 333.4 352 363.5 369 372.3 372.8 374.3 370.2 361.4 351.6 338.4 318.4 300.2 295.8 288.2 283.5 281.6 280.6 277.6 274.9 268.9 262.5 259.8
176.7 179.2 182.9 184.7 188.3 192.2 197.5 202.2 208.3 214.7 221.4 224.2 233.7 241 247.6 253.9 259.3 266.5 274.2 282 288.9 295 301 307 313.8 321.2 326.8 332.4 338.5 344.7 351.6 358.6 365.9 373.3 380 386 391.7 395.5 398 398.8 398.7 395.8 391.8 385.4 370.2 355.8 343.9 334.9 325.2 316.8 308.4 293.5 285.5 275.9 273.2 292 313 334.4 348 356.8 362 363.1 358.7 353.2 346.8 337.5 327.2 315.3 302 286.6 277.9 273.1 268.1 266.9 265.4 263.1 259.5 255.5 253.5 250.2
178.6 180.4 181 182.5 184.1 191.7 195.9 200.8 205.6 212 211.9 223 229.9 237.9 244.4 251.1 257.7 264.4 271.1 277.8 284.5 290.9 296.9 303.1 309.6 317.2 323.1 328.7 334.8 341.5 348.4 355.3 362.4 370 376.7 382.7 387.5 390.9 391.8 391.3 391 387.8 381.4 364.6 346.6 334.2 321.1 310.4 302.1 294.6 287.7 277.9 266.7 266.4 274.1 294 314.2 325 335.4 342 342.8 341.1 335.3 328.8 321 313.1 303.4 293.2 282.3 271.5 267 261.2 256.6 254.4 254.2 252.7 250.1 247.9 246.4 243
180.6 183.2 186.2 188.3 190.1 193.2 190.7 196.7 201.4 208.3 212.7 219.1 226.4 234.7 241.3 248.1 255.2 260.4 266.8 273.5 280.1 286.3 293.1 299.3 305.5 312.9 319.2 325.1 330.8 336.8 344 351.3 358.5 366.2 373 378.2 383.1 385.4 386.1 385.6 384.3 377.4 363.2 343.8 326.4 312.4 300.7 291.6 284.7 279.5 272.9 263.8 258 258.2 273 291.3 303.7 313.5 319.3 320.4 319.9 318.2 312.8 307.2 299.5 290.9 281.7 272.5 266.1 257.4 256.2 251.9 248.1 245.7 245.6 244.3 242.8 240.8 238.5 236.2
181.9 184.9 188.6 190.9 194 197 198.7 201.4 202.6 200 206.3 214.7 222.9 231.4 238.4 245.4 252.5 258 263 269.2 275.3 281.7 289 295.4 301.6 308.7 314.9 321.7 327 332.5 339.2 345.6 353.2 361.4 367.9 372.7 376.5 379.4 380.2 378.2 370.8 359.1 338.5 320.6 306.4 295.5 283.9 278.5 270.8 266.2 260.7 252.6 249.6 256.8 267.1 284 292.4 299.4 304.6 304 301 297 291 284.7 278.7 271.5 264.6 259.2 254.3 249.8 247 243.6 241.1 238 237.3 234.3 234.4 233.2 230.9 230.4
183.2 186.6 190.3 194.3 197.8 200.9 202.2 204.2 206.1 209.8 213.4 208.6 217.9 228.1 234.5 242.2 249.4 255 260.1 265.2 270.9 277.3 284.5 291.5 297.8 304.4 311.2 318.4 324.5 329.7 334 339.9 347.5 355.7 362.6 366.2 369.7 371.9 371.4 367 354.4 335.7 316.7 301.4 289.2 279.8 276 269 261.6 255.5 253.1 247.1 245.8 254.6 260.7 274.9 282.4 288.1 290.3 288.4 284.5 278.3 270.6 264.5 261.7 255.8 251.7 250.5 246.7 241.3 239.1 237.1 232.7 230.8 229.2 227.4 226.7 225.7 225.7 225.4
184.7 188.3 191.9 196.4 201.4 203.1 204 205.9 207.9 211.6 215.4 218.6 215.9 222.1 232.3 239.1 247.2 251.8 256.7 261.2 267.4 273.7 280.3 287.3 293.9 300.5 307.8 314.9 322 326.8 330.5 334.1 339 346.8 353.6 359 360.3 356 359.6 349.3 329.7 314.1 297.3 285.5 277 270.2 265.6 261.5 254.9 250.3 245.8 242.7 241.9 249.1 256.5 265 272.1 274.7 273.7 272.3 268 259.8 255.1 251.9 249.7 245.9 243.6 241.6 239.2 235.4 232.8 230.7 226.4 225.1 219.9 220.5 219.3 219.9 220 220.3
186.4 189.9 193.7 198.5 201.5 203.4 204.2 207 209.6 213.5 217.6 222.3 225.9 225.5 227.2 236.3 243.5 249.1 252.9 257.7 263.9 270.1 276.3 284.2 291.8 298.1 305.3 311.8 319 324.5 329.1 332.5 332.4 335.4 343.3 348.7 352.8 333.2 333.8 324.8 309 294 283.9 276.1 268.5 261.3 255.9 252.7 247.3 243.7 240.7 236.6 240.2 244.9 251.1 258 262.7 265 264.6 261.6 254.5 248.6 243.6 240.2 240 237.5 235 232.7 230.5 229.6 228.2 226.4 222.7 218.6 215.8 214 210.8 214.7 217.7 223.8
186.6 190.8 195.4 199 201.1 203.1 204.4 207.5 211.3 216.2 220.3 226.2 231.3 234.7 228.4 229.4 234.1 242.3 251.8 256.6 257.7 263.2 272 282.6 290.4 297.8 305.3 311.5 317.7 323.6 328.9 332.7 333 331.2 326.6 326.6 337.6 332.2 311.3 305.1 290.5 282.7 275.2 267.9 260.3 253.7 249.4 245.3 241.1 237.4 232.2 233.4 237.5 242.5 247.7 252.9 256.4 257.1 256.1 252.4 246.9 240.9 235.6 233 231.4 230.5 227.8 225.1 224.4 225 224.7 223.4 220.1 213 209.9 208.5 214.9 220.8 226.1 229.5
185.6 189.2 194.9 198.8 200.7 202.7 204.8 208.1 212.7 218.7 224.4 230.5 235.5 238.6 235.9 237.8 241.7 243.2 245.5 249.7 254.6 264.1 273.4 283.6 292.4 298.6 305.2 311.6 317.7 323.9 329.3 332.6 334 338.4 334.6 324.4 315.9 313.9 302.1 291.8 283.4 276.6 268.5 260.2 252.4 246.8 242.7 239.2 234.8 230.3 225.3 230.6 235.4 240.5 244.7 247.9 249.8 249.8 247.7 244.8 240.6 234.9 229.7 224.9 224.1 223.5 220.8 219.4 219.9 220.3 220.5 221 219 208.7 206.3 218 223.5 227.4 230.7 233.2
185.2 188 192.5 198.6 201 202.8 205.5 209 214.2 221.1 228 234.8 238.8 241.1 241.2 242.3 245.5 248.5 251.3 253.7 258.2 265.9 275.7 285.7 294.3 300.5 306 311.7 317.8 323.9 329.8 332.5 333.6 331.7 329.7 322.1 307.7 293.8 284.9 279.2 273 268.7 262 253.1 245.7 239.4 236.1 233.1 229.1 223.3 223.9 229.2 233.6 237.2 239.8 240.6 241.3 241 239.4 237.2 233.4 228.7 224.2 218.7 216.8 215.6 214.8 214.4 215.3 216 216.8 217.5 217.9 208.6 205.9 213.7 222.2 227 231.4 235.7
184.3 187.3 190.3 195.3 198.5 202.1 206.2 209.9 214.9 223.1 232.2 238.7 242.1 244.4 245.1 245.8 249.1 252 255.5 258.6 262.6 269.3 278.6 287.9 296.2 302.5 307.4 313.2 319.3 324.8 329.4 330.6 330.1 326.3 318.5 308.6 296.2 285 273.4 263.4 260.5 255 248.7 243.4 238.6 233.4 229.4 226.7 223.2 217.6 223.8 228.6 231.8 234.2 234 231.4 230.8 231.2 229.6 228.9 227.1 223.3 218.6 214.3 211.2 209.9 208.7 210.2 211.4 212.2 213 213.7 213.1 212.7 204.8 211.6 218.2 224.8 229.7 234.5
183.5 186.4 189.2 192.2 196.3 201.2 206.1 210.5 215.4 223.7 232.6 238.9 242.8 245.3 248.7 250 252.8 256 259.7 264 268.4 274.7 283.1 292 300 305.2 309.8 313.9 320.1 324.8 328.3 327.9 324.1 317.5 306.3 295.1 284.6 275.6 266.8 259.2 251.4 247.2 240.5 236.9 234.2 230 222.8 218 215.8 216.6 222.9 227.4 230.7 232 231.5 229.4 226.8 224.7 220.8 221.7 220.7 216.9 213.1 208.8 206.3 205.5 204.8 206 207.1 208.3 209.2 209.5 209.3 209.4 202.7 208.6 214 221.3 226.7 231.4
182.9 185.4 188.2 191.9 194.7 200.3 205.5 210.9 215.5 222.5 231.5 238.1 242.7 246.3 249.9 253.1 256.1 260.2 264.6 268.9 273.5 280 288.3 295.5 302.9 307.8 312.3 315.6 319.2 320.7 323.5 322.1 314.2 303.5 293.4 280.2 272 265.8 260.2 253.8 247.3 243.2 239.9 235.4 232.6 228.5 219.1 212.8 212.8 217.8 222.2 226.7 230 231 229.3 226.2 223.9 219.3 216.3 215.3 212.2 209.3 205.8 203 201.7 201.6 201.6 202.5 203.4 204.3 205.3 205.5 205 198.7 201.3 206.1 211.7 218.3 223 228.2
182.7 185 187.4 191.7 196.1 200.5 205.7 211.1 216.6 223.4 231.6 237.2 241.9 246.5 251.5 255.5 259.5 263.5 267.4 271.8 276.6 284.2 291.7 298.3 305.4 310.2 314.8 317.5 318.9 319.4 317 311.4 304.2 291.9 279.2 269.9 263.8 257.7 252.2 246.7 240.6 232.8 231 229.8 229.8 222.2 212.7 209 213.5 217.1 221.4 225.3 227.3 226.9 224.9 221.5 217.6 213.1 207.9 208 205.9 203.1 200.8 198.6 198.1 198.1 198.4 199.3 200.1 201 201.7 201.8 199.4 199.2 202.9 206.2 211.7 214.6 218.5 223.7
180.3 184.1 188.5 192.6 196.8 201.7 206.5 211.7 217.5 224.4 231.3 235.9 241.1 246.5 252.5 258.4 262.6 266.7 269.5 273.2 278.3 286.7 295 301.7 307.7 312.6 316.5 318.8 319.1 317.8 312.1 294.4 288.6 277.2 268.8 261.3 256.9 251 245.5 240.6 235.3 227.7 224.3 221 220.6 214.5 208.5 210.3 213.1 216.6 220.1 222.8 222.1 221.5 220.1 216.2 212.4 208.5 203.5 201.7 199.8 198.2 196.2 195.5 194.9 194.9 195.1 195.8 196.5 197.3 198 198.4 194.3 200 202.7 205.2 208.6 212.3 216 220.2
179.6 184.9 188.9 192.5 196.7 201.7 207.2 214 220.1 225.4 230.8 236.2 241.7 247.1 253.4 259.4 265.3 269.3 272 273.5 276.2 286.5 297.2 305.2 311.3 315.4 318.2 318.9 318 316 310.7 297.2 281.6 269.7 262 253.7 250.2 245.5 240.8 235.8 229.7 225.2 219.7 214.8 210.6 207.5 204.8 208 211.6 214.8 218 218.8 218.4 217.1 214.3 211.1 207.2 203.3 199.5 197.5 195.7 193.9 193.1 192.4 191.9 191.8 192 192.3 192.9 193.6 194.4 194.8 195.7 198.1 200.2 202.8 205.8 209.1 212.8 216
180.5 185.6 189.3 192.7 196.6 201.9 208.6 215.1 220.9 226.9 231.6 236.8 242.2 247.6 254.4 260.3 266.3 272.3 275.3 277.2 279.2 288.3 297.8 305 311.4 314.8 315.3 313.4 308.2 305.4 300.4 291.4 280 269.9 260.4 251.6 244.7 237.9 235.2 228.9 222.5 218.2 216.5 215.9 211.2 200.6 203.7 206.7 210.9 212.3 214.7 214.9 213.8 211.8 208.6 205.6 202.1 198.2 195.3 193.5 191.8 190.7 189.9 189.3 188.9 188.8 189 189.7 190.3 190.9 190.7 193.3 194.8 196.1 198.1 200.3 203.4 206.4 209.6 213.6
181.3 186.3 189.7 193.1 196.7 202.3 209.2 216.7 223.1 228 232.7 237.7 242.8 248.1 255.4 261.5 268 275 279.3 281.8 284.4 291.2 296.2 300.4 304.1 308.6 305.2 300.9 293.9 287.9 282.6 276.9 269.2 263.2 257.8 250.5 244.4 238.2 231.9 228.1 223.4 219.2 211.1 210.8 207.6 198.2 205.6 208.2 210.3 211.7 211.1 210.5 209.1 207.1 203.6 200.2 196.9 193.7 191.3 190.2 188.7 187.7 186.9 186.2 185.9 185.8 186.4 187.1 187.7 188.7 191.2 192.5 194.1 195 196.8 199.3 201.8 204.4 206.6 208.7
182.2 186.7 190.1 193.6 196.9 201.9 208.4 215.1 221.8 227.1 230.7 235.6 241.2 248.5 257.6 263.1 270.2 277 281.8 284.7 287.9 291.2 293.6 294.7 293.8 294.2 290.8 285.2 280 271.1 268.3 264.8 261 257 252.1 247.1 241.1 235.6 231.2 226.5 221.9 218.1 213.4 208.6 200.7 195.5 202.5 207.6 208.5 208.7 206.8 206 204.2 202.2 199.2 195.9 192.7 189.9 187.5 186.4 185.9 184.9 184.1 184.1 183.9 184 184.3 184.8 186.8 189.1 190.4 191.7 193.2 194.2 196.1 198.6 201 203.5 205.7 209.9
183.2 187.8 191.1 194.3 197.6 202.1 207.9 214.7 221.2 227.2 229.2 231.3 237.4 247.7 255.3 262.2 268.6 275.3 281.5 286.9 289.8 290.2 292.3 285.2 282.7 278.9 275.4 268.7 264.2 260.1 257 256 253.9 250.5 246.1 242.4 238.2 232.2 227.3 223.5 219 214.4 212.4 211 205.1 199.5 193.7 204 206.5 203.9 202.5 201.3 199.8 198.3 195.6 192.4 189.2 186.3 183.7 182.6 182.1 181.9 181.7 182.2 182.4 183.9 183 185 186.8 188.3 189.7 190.9 192.4 193.7 195.5 197.9 200.3 202.7 204.9 209.7
184.5 188.4 191.7 195 198.2 202.3 207.4 213.4 219.2 225.1 228.5 231.3 236.7 245.6 251.7 259.2 266.3 272.8 282.9 289.9 288.1 280.8 278.6 273.2 269.4 263.6 256.7 254.3 251.8 250.2 250 248.9 247 244.9 241.2 237.7 233.7 228.7 223.6 219.3 215.1 211.4 209.4 206.6 204.2 203 194.2 199.2 201.3 200.6 199.5 197.6 196.1 194.5 192.3 188.8 185.6 182.8 179.9 178.8 178.7 179.4 180 180.5 181.1 182.7 184 185.1 186.1 187.3 188.8 190.2 191.6 193.1 194.9 197.2 199.6 202 204.8 209.3
185.6 189 192.3 195.6 198.7 202.6 207.8 212.7 217.2 222.9 227.3 230 234.2 239.6 245.8 253.3 260.3 265.1 272.9 277 274.7 269 264 258.1 253.6 248.2 245.9 242.3 242.4 242.8 242.9 242.6 240.8 238.7 237 232.9 228.8 224.8 219.8 215.9 212.5 207.7 203.9 202.5 200.4 199.1 192 196.5 196.7 197.4 196 194 192.4 190.7 188.5 185.4 182.1 178.7 176.4 174.6 177 177.7 178.1 182 180.3 183.3 184.4 185.5 186.6 187.7 188.7 189.8 190.9 192.6 194.4 196.5 199 201.5 204.7 209.2
186.2 189.4 192.6 195.8 199.3 203.3 208.3 213.6 218.3 222.9 226.9 229.2 231.2 234.2 240.5 245.2 251 256.2 261.2 263.8 262.2 257.8 250 241.3 237.9 238.5 235 233.7 235.1 236.1 235.9 235.5 235 233.7 231.1 226.8 223.8 219.9 215.9 212.1 208.4 205.4 202 198.6 196.3 195 192 191.1 192.3 193.4 192.1 190.5 188.6 186.8 184.7 182 176.6 174.5 173.7 178.7 182.5 182.8 183.2 183.6 183.8 183.8 184.9 186 187 188.2 189.2 190.3 191.3 192.8 194.5 196.7 198.9 201.2 204.6 208.9
