webserver/python/data/SD63.asc
ncols 200
nrows 200
xllcorner 360000
yllcorner 430000
cellsize 50
[rows 114 to 151 of 200, columns 86 to 171 of 200]
27.1 29.3 32.5 36.3 40.3 33.8 44.9 48.2 50.3 44 41.6 42.1 35.5 31.4 23.3 21.5 25.7 33.7 45 51.2 52.3 52.6 50.3 53.2 53.7 54.2 59.2 67.1 69.9 72.3 74.5 76.3 76.9 78.1 79.2 79.5 79.5 79.3 78 77.3 77.2 77.2 77.4 77.3 77 77 77.5 77.5 77.5 77.9 78.4 79 79.4 79.2 79.4 80.2 80.8 81.6 81.2 80.8 81 76.3 72.6 74.4 75.5 77.4 80.8 84.6 86.7 82.7 77.1 72.8 70.1 70.1 69.8 69 68.3 68.2 68 69 70.1 71.1 72.3 74 75.3 77.2
35.9 37.2 43.2 47 45.9 37.5 48.1 50.7 52.2 42.4 48.1 49.1 46.4 43.8 36.6 27.8 24.2 31.9 41.8 42.9 42.5 42.2 41.1 43.5 44 45.1 52.6 58.3 65.5 69.8 73.4 75.6 77.4 79 80.2 81 81.2 80.5 79.1 78.4 78.4 78.4 78.4 78.3 77.9 77.9 78.4 78.6 78.7 78.7 79.3 79.8 80.3 80.6 80.8 81.1 82.2 82.6 82.4 81.5 80.2 75.6 72.6 74.4 76 76.6 77.5 84.7 85 80.2 74.8 71.3 71.4 71.2 70.2 69.5 68.8 68.7 69.4 69.6 70.6 72 73.8 75.2 75.4 78.7
47.4 43.2 51 51.4 50.8 43.3 49.4 54.6 52.7 48.3 54 54 51.4 50.6 46.2 37.6 23.4 22.8 30.9 37.5 42.6 48.6 52.3 53.4 53.5 54.8 51.4 49.7 57.7 67.2 72 75 76.7 79 80.5 81.7 81.7 80.7 80.2 79.6 79.4 79.4 79.5 79.4 76.4 79 79.2 79.4 79.6 79.8 80.1 80.6 81.1 81.5 81.4 82.2 84.6 84.8 83.7 82.7 80.2 76.4 73.4 73.5 78.6 79.9 81.2 76.6 80.8 77.4 74.5 73.1 73.6 72.7 71.4 70.2 69.2 68.9 68.7 69.2 70.7 72.5 74.5 77.2 78.4 80.6
52.6 51 54.2 56.1 54.5 44.3 49.9 55.6 52.4 51.5 57.1 57.4 55 55 51.7 43.8 27.6 25.9 43.9 49.8 52.5 54.9 59.4 62.9 63.6 65.9 61.6 52.9 51.5 59.4 67.3 72.3 76.1 79 80.7 81.6 81.9 81.6 81.2 80.8 80.3 80.3 80.4 80.5 80.3 80.2 80.4 80.7 80.9 81.2 81.4 81.8 82.1 82.8 84.5 85.7 86.2 85.6 84.6 83.4 82.2 75.9 73.6 79.9 81.8 83.2 84.5 84.2 83.4 80.5 76.8 74.2 74.2 72.9 71.7 69.5 69.6 69.5 69.3 69.4 70.9 72.6 75.1 78.3 79.5 82.1
59.2 58.9 59.3 60.6 52.6 47.1 54.7 60.1 56.6 55.6 62.1 60.2 58.8 58.9 54.6 46.7 33.5 29.1 44.1 51 55.2 59.4 62.6 65.7 67.5 68.6 68.6 63 56.9 52.6 60.8 72.7 76.1 78.8 80.1 81 81.8 82 82.3 82.4 81.9 81.2 81.4 81.5 81.3 81.4 81.5 81.9 82.3 82.5 82.7 83.3 83.9 85 86.1 86.5 86.4 85.8 84.8 83.7 82.7 78.6 74.2 81.3 84.9 86.4 86.4 88.4 84.9 81.4 78.7 76.3 74.7 73.4 72.2 70.3 70.4 70.6 70.7 71.3 71.7 72.2 75.9 79.3 80.6 83.6
64.3 66.1 64.9 62.9 50.6 57.8 62.7 65.1 61 59.5 65.6 64.6 64.1 61.8 58.5 52.1 41.4 29.8 43.7 51.7 56 58.8 61.1 65.4 66.6 68.5 70.4 71.4 70.1 63.9 56.3 67.8 74.5 76.2 79.4 81.3 81.5 81.9 83.6 84.1 83.4 83 82.4 82.5 82.4 82.6 82.8 83.1 83.5 83.8 84.3 85.1 86.2 87.4 87.9 87.3 86.5 86.3 85.4 84.2 83.5 77.8 74.4 84.1 86.9 88.3 89.2 90.3 86 82.4 79.6 77.2 75.5 74 71.8 71.8 72 72.1 72.8 73.6 74.3 73.9 74.3 76 82.6 85.2
67.6 68.7 68.9 64.2 52 65.6 67.8 68.8 65.3 62.3 67.3 69.1 67.9 65.2 61.3 55.6 46 33.9 38.8 47.9 51.9 55.1 58.4 63.1 65 67.9 70.3 72 73.4 74.1 67.9 60 65.8 72.5 77.9 81 80.9 82.5 84.4 85.6 84.8 83.9 83.4 83.3 83.1 83.7 83.9 84.3 85.1 85.5 86.1 86.7 87.8 88.8 88.5 87.9 87.2 86.7 86.1 84.7 83.8 77.4 76.9 86 88.5 90.9 91.9 91.3 87.1 83.5 80.7 78 75.6 73.6 73.8 74 73.6 73.5 74.1 74.8 75.7 76.7 78.7 80.5 79.4 79.8
69.9 70.9 71.7 64.3 55.1 68.6 71.2 71.1 69.2 66.5 70.2 70.8 70.8 67.6 62.7 58.2 48.4 39.1 33.6 36.2 41.4 42.9 49.8 56.2 61.7 66.1 70.2 71.9 74 75.3 74.6 66.4 69.6 77.1 79.7 79 81.8 83.2 85 85.8 85.5 84.7 84.3 84 84 84.8 84.9 86 87 86.9 88.4 88.7 89.2 88.7 88 87.5 87.2 87.1 86.6 86 84.6 78.1 81.5 88 91 94.1 94.8 92.8 88.2 84.8 81.8 79 76 75.5 76.1 75.8 75.3 75 75.4 76.3 77.3 78.4 80.5 82.5 83.6 86.1
71.7 72.7 73.4 70.9 57.5 71.3 73.5 72.7 70.4 71.2 72.8 73.3 72.2 69.7 64.9 58.1 47.2 45.1 41.8 39.9 55.4 57.4 58.3 54.6 55.3 58.5 67.4 71.2 73.6 76.2 77.1 74.6 66.3 74.5 80.8 82.6 83.2 84.5 85.7 85.7 85.5 85.3 85.2 85.1 85.2 85.9 86.7 87.9 89.1 90 90.2 90.1 89.1 88.1 86.2 84.2 85.4 86.2 86.4 85.8 80.8 77.8 85.6 90.6 94 96.5 98.5 93.5 89.2 86 82.8 79.4 77.1 78.1 78.4 77.9 77 76.7 76.9 78.1 78.7 80.4 83.1 85.5 86.5 87.9
73.5 74.2 74.4 74.3 62.4 71.8 75.6 74.6 73 74.3 75.1 74.9 74.4 71.5 67.4 57.2 52.1 50.5 43.1 39.1 52 59.8 64.5 65.6 64.8 68 67.6 68.1 71.4 75.6 78.8 79.1 76.4 71.3 75.2 83 84.5 85.1 86 86.8 86.6 86.5 85.9 86.1 86.8 87 88.6 89.7 90.4 91.1 91 91 89.2 86.2 84.7 83.5 83.2 83.2 82.2 80.1 79 78.4 89.5 92.2 96.2 97.5 98.1 93.1 89.6 86.8 83.6 79.7 79.4 80.3 80.7 80.4 79.1 79.2 79 80.8 82.4 84 86.3 89 90.1 92
74.9 75.1 75.2 75.5 68.9 67.9 76 75.4 75.7 75.4 76 76 76 73.2 64.7 55.7 56.8 54.5 49.4 38.6 53.5 60.6 64.9 67.9 68.8 69.8 72.8 74.4 76.3 78.3 78.6 80.4 80.9 80.8 73.9 80.8 84.9 85.4 86.1 87 87.9 87.6 87.4 87.6 88.3 89.1 90.2 91 91.6 92.1 91.7 90.9 89.3 85.8 83.9 84.1 83.4 82.8 84.1 84.5 83.7 87.6 91.3 94.5 96.2 96.5 95.8 93 89.7 86.8 83.4 80 82 82.5 82.9 83.6 82.1 83.6 83.7 85.8 87.4 88.9 90.7 92.8 94.8 96.9
75.6 75.9 75.5 75.2 75 70.1 74.7 75.1 75.8 76.8 77.3 77.6 77.1 72.7 61.4 61.3 61.6 58.3 52.2 37.4 50.6 59.7 64.7 68.7 70.6 72.6 75.3 77.5 78.9 80.3 80.7 81.8 82.6 82.7 81.2 76.5 85.2 85.8 86.2 87.1 88.2 89.6 89.9 89.7 90.7 91.3 91.5 92.3 92.6 92.7 92.1 91 89.3 86.5 84 84.4 86.8 87.1 88.3 86.3 88.5 90.4 92.7 96.1 96.3 95.9 94.8 92.3 89.3 86.4 83.7 82 83.8 84.5 85.6 86.5 86.3 88.3 89.7 90.7 92.3 93.8 95.6 98.8 101.6 103.2
76.4 76.9 76.7 76.7 76.1 74.6 73.8 76.3 77.5 77.6 77.8 78.5 75 65.8 67.6 69.2 67 61.5 53.9 46.5 44.2 55.8 62.7 67.7 71.4 74.4 76.5 78.7 80.1 81.1 82.2 82.9 83.7 83.8 84.7 77.9 79.2 84.5 86.2 87.2 89.3 90.9 91 92.5 93 93 93 92.9 92.7 92.6 92 91.4 89.8 85.7 85.9 87.5 89.5 90.5 90 89.2 89.7 91.7 93.9 96.4 96.3 95.4 94.8 91.9 89.7 87.7 84.3 85.5 86.3 87.3 88.8 90 91.9 93.5 95.1 96.2 97.9 99.8 101.5 104.7 106.6 107
77 77.6 77.4 77.7 78 77.9 75.4 76.7 78.1 78.2 78.2 78.1 74 70.5 78 75.4 71.7 65.5 61.7 55.2 46.5 49.2 62.4 68.2 72 74.2 76.3 78.5 80.4 82.1 83.6 84.6 84.8 84.4 85.5 82.8 84.5 86.1 86.8 88.4 89.7 90.3 91.1 92.4 93.4 93.4 93.4 93.4 93.2 92.8 92.6 91.9 90.5 86.4 84.8 90 91.7 92.4 90.6 89.6 90.3 92.2 94.4 96.5 96.3 95.2 94 92 90.4 88.8 86.5 88.2 89.1 91 92.2 94.9 97.1 98.7 100.1 101.7 103.3 104.4 106.5 108.4 109.2 109.5
77.7 78.1 78.1 78.3 78.6 78.6 79.1 79.5 79.6 79.5 79.7 78.1 78.4 78.8 78.4 78.4 76.5 70 66.7 59.2 52.6 45.4 57.3 65.2 69 72.9 75.1 77.4 79.9 81.8 84.5 85.9 85.9 85.7 85.1 84.8 85.5 86.9 87.7 88.7 89.9 91 91.6 92.2 93.5 93.6 93.6 93.6 93.4 93.1 92.9 91.5 89.4 84.9 89.1 93 94.3 92.6 91.8 91.3 91.5 92.7 95.5 96.8 97.1 95.7 94.4 92.7 89.9 88.8 89.1 91 92.6 94.8 97 100.7 102.3 103.7 104.5 105.9 107.4 108.2 109.9 111.3 111.3 111.2
78.1 78.7 78.8 79 79.2 79.1 79.1 80.4 80.9 80.7 80.3 80.6 80.1 79.9 79.8 80.1 79.4 70.3 66.9 65.1 57.9 48.8 52.6 63.2 67.7 70.5 73.3 76.3 78.4 81.2 84.3 86 86.3 86.4 86.2 86.1 86 87.2 88.7 89.4 90.6 91.5 92 92.6 93.3 93.6 93.7 93.6 93.3 93 91.8 90.9 85.2 87.2 93.3 96.6 98 94.8 94.1 93.6 93.4 95.1 98.8 99.4 98.3 97.1 95.7 94.7 93.2 92 90.9 93.7 95.9 98.5 101.3 104.8 106.1 107.1 108.1 109.3 110.5 112 113.4 113.5 113.3 113.1
78.7 79.3 79.2 79.4 79.7 79.7 80.3 80.3 80.4 80.4 80.3 80.2 80.6 81.2 81.1 80.6 74.9 77.9 73.9 71.1 60.6 50.2 48.3 57.1 61 62 64.3 70.8 74.9 77.5 78.7 82.2 86.1 86.8 87 87.8 88.1 88.7 89.7 90.3 91.3 91.9 92.5 93.1 93.8 93.8 93.8 93.5 93.2 92.4 90.8 87.2 86.8 91.5 94.5 98.9 99.6 98.8 97.7 97 97.4 99.4 101 101.3 99.7 98.5 97.7 97 95.9 95.2 91.6 94.2 96.9 100.4 104.6 107.7 109.2 110.1 110.9 112.1 113.7 114.9 116.3 116 115.5 115.3
79.3 79.8 80.3 79.7 80.2 80.6 80.8 81.1 81.1 81.1 81 80.9 81.6 82.2 81.5 80.8 79.6 79 77 71.8 62.3 48.2 60.1 64.7 66.5 67.7 68.1 67.7 67.7 71.2 79.9 84.7 85.3 87 87.5 88.3 89.2 90 90.6 91.2 91.9 92.6 93.2 93.9 94 94 94.1 93.7 93.3 92.1 90.5 85.9 88.1 91.8 95.2 98.8 100.8 101.7 100.9 100.6 100.6 102.1 103.2 103.3 102.3 101.4 100.3 99.2 98.3 98.5 95.5 97.9 99.3 101.2 104.5 108.1 110.7 112.2 113.6 114.7 116.7 117.9 119 118.5 117.6 117.5
79.5 80.1 80.9 81.3 80.9 81.4 81.7 81.9 81.9 81.9 81.8 81.7 82.5 83.1 82.6 82.2 80.2 79.3 77.9 70.8 57.5 52 61.2 67.5 70.7 74.1 76.4 74.8 73.3 73.4 77.4 85.7 86.1 87.1 88 88.9 89.8 90.6 91.6 92 92.6 93.3 94 94.3 94.3 94.2 94 93.7 93.4 91.5 85.4 86.1 87.6 91.8 95.6 99.3 102.5 103.8 104.5 104.1 104.4 105.3 106.2 106.9 106.1 105.2 104.3 103.3 102.5 101.6 99.3 102.3 103.1 105.3 106.8 107.8 110.2 113 115.2 117.6 119.7 121 121.5 121.3 120.2 119.6
79.8 80.4 81.4 81.8 82.2 82.3 82.5 82.7 82.8 82.7 82.7 82.6 83.4 83.6 83.5 82.5 80.9 80.3 77.2 69.5 56.3 52.8 61.5 68.2 72.7 75.7 78.4 81 79.1 79.5 81.5 84.3 85.6 87.4 88.9 89.8 90.7 91.8 93.1 93 93.4 94.1 94.7 95.1 95.4 94.8 93.9 93.6 92.4 90.1 87.9 86.2 88.8 92.7 96.4 100.3 104.1 106.2 107.3 109.1 109.4 109.4 109.9 110.6 109.8 109 108.1 107.5 106.2 105.2 103 105.5 106.3 106.6 108.3 109.9 111.1 114.3 117.2 119.3 121.7 122.9 123 122.8 122.7 123.6
79.1 80.7 81.7 82.4 82.8 83.1 83.3 83.4 83.6 83.6 83.5 83.4 84 84.2 84.2 83.1 81.7 81 79.3 70.6 58.8 53 60.3 66 73 77 79.2 83.1 85.3 85.8 86.7 87.8 87 88.7 90.1 90.8 91.7 92.5 93.7 94 94.5 95.1 95.5 95.9 95.6 94.6 93.7 93 90.7 89.2 87.3 87.8 90.4 93.5 97.4 103.6 107.6 110.6 111.4 114 115.4 114 114.1 114.3 114 113.5 112.6 111.4 110.1 109 107 108.8 109.7 111.1 111.1 113.8 115 116.8 118.3 121.5 122.8 122.8 123.8 123.6 124.3 125.8
80.4 81.1 82.1 82.3 82.7 83.1 83.4 83.8 84.3 84.4 84.3 84.2 84.6 85 84.9 84 83.2 82.3 81 68 58.6 57.4 59.4 62.9 70 75.9 79.9 83.2 86.3 87.6 88.5 89.4 89.2 90.6 91.2 91.8 92.7 93.4 94.1 94.8 95.4 95.9 96.1 95.6 95.3 93.3 90.5 89 88.7 88.1 87.4 88.7 91.3 94 102.6 109.1 112 115.3 122 115.7 119.8 120.6 121.9 121.7 121 119.8 119.3 117.9 114.4 113.3 111.5 112 114.8 117.2 117.2 119.1 119.8 120.3 120.6 122.9 125.1 124 124.5 125.4 126 126.8
82 81.9 82.4 82.5 82.9 83.2 83.9 84.4 84.8 85.4 85.3 85.2 85.6 85.6 85.5 84.7 83.8 82.9 78.4 64.4 58.8 65.2 68.2 66.4 69.9 69 75.4 79.7 85.2 87 89.1 90.7 90.4 90.7 91.5 92.4 93.2 94.1 95 95.6 96.2 96.7 96.9 96 93.9 90.2 87.4 88.5 89 87.5 88.8 90.1 93.2 99.5 107.4 113.1 116.4 119.6 125.4 124.2 123.7 126 127 129 127.5 125.1 125.5 124.7 121.4 118.2 116.2 117.6 119.8 122.5 121.6 122.9 123.6 124 124.8 124.9 125.2 125.9 127 128.3 127.9 128.5
82.7 83.2 83.6 84.2 83.8 83.3 84.7 85.1 85.3 85.2 85.5 85.5 85.2 85.6 86 84.9 83.6 81.8 75.4 61.7 60.6 71.6 75.3 74.7 76.9 74.8 75.5 79.5 82.2 85.5 89 90.6 91.1 91.6 92.4 93.2 94.1 95.4 96.8 96.8 97.4 97.8 97.2 96.2 92.4 88.8 87.5 88.7 89.4 88.9 90.7 92.3 99.4 105.7 109.4 114.6 117.3 121.9 124.2 124.1 125.2 127.7 129.9 130.3 129.4 127.4 127.8 127.6 126.1 123.7 122 122.2 124.3 126.1 124.9 126 127.3 128 128.9 129.1 129.4 129.5 130.1 130.6 130.2 130.6
83.5 84.4 84.9 85.6 84.9 85.3 85.6 85.7 85.8 85.6 85.5 85.5 85.8 86.5 87 86.2 84.1 80.9 70.6 62.3 66.8 74.3 77.5 78.8 76.8 79.9 77.6 85.4 84.3 87.4 90.6 90.9 92 92.6 93.2 94 95.3 96.6 97.5 97.6 98.5 98.3 97.5 95.2 91.2 88.5 88.3 89.3 89.9 90.7 92.5 96.3 102.2 105.3 107.2 112.6 116.2 118 119.4 121.5 123.8 126.9 129.3 131.1 130.4 129.8 130.5 130.5 129.6 128.3 127.2 127 128.1 129.3 129.7 130.8 131.7 132.3 133.1 133.2 133.3 133.2 133.3 133.7 133 132.5
84.3 85 86 85.7 85.5 85.9 86.3 86.3 86.3 86.2 86.3 86.6 86.7 87.1 87.7 86.9 83.8 81.8 74.3 61.6 68.2 74.8 77.8 81.5 82.6 82.8 84.8 87.1 87.4 87.9 90.1 91.2 92.4 93.4 94 95.1 96.3 97.4 97.9 98.5 98.4 98.4 97.4 94.2 89.9 88.5 89.5 90.1 91.9 92.5 95.1 97.8 100 102.7 104.4 106.9 111.6 112.4 113 116.6 120.9 125.6 128.5 130.5 131.2 132.7 133.6 133.6 133.7 132.5 131.3 130.8 131.6 132.2 133.2 134.6 136.4 136.6 137.1 137.3 136.8 136.6 136.8 136.8 136.8 136.5
85.5 85.2 86.1 86.2 86.1 86.6 86.9 86.9 86.9 87.1 87.7 87.7 87.7 88.1 88.4 87.5 85.3 82.8 71.7 64 72.4 77.8 80.7 84 86 83.5 87.4 88.7 88.9 89 90.4 91.7 92.8 93.9 94.9 96 97.1 98.1 98.5 98.8 99 98.4 96.1 90.7 89.2 89.2 90.2 91.7 93.2 94.5 94.7 96.1 98.8 101 102.8 104.2 106.3 108.8 111.2 114.3 120.8 125.5 128.6 130.7 132.2 133.8 135.3 136.4 136.2 135.4 134.4 134.7 134.7 135.4 136.2 137.2 137.8 139.8 139.9 139.9 139.9 139.3 138.9 138.7 138.9 138.4
85.2 85.6 86 86.7 86.7 87.2 87.6 87.6 87.9 88.5 88.8 88.7 88.8 89.1 89.1 88.2 85.6 82.2 68.8 69.1 77.1 79.7 80.4 85.3 87.3 88.3 88.4 88.9 89.3 90.1 91.1 92.4 93.6 94.8 95.8 96.7 97.9 98.4 98.7 99 99 98.2 93.4 89.4 89.7 90.3 91.7 93.2 94.6 95.4 96.3 97.7 99.1 100.6 102 104.3 105.8 107.8 109.6 113.8 119.4 125 129 131.2 133 135.3 137.1 138.6 138.1 137.4 137 137.6 138.5 139.5 138.7 138.8 138.9 140.2 140.3 140.3 140.5 140.7 141.2 140.8 140.3 140.4
85.6 86.1 86.5 86.9 87.3 87.8 88.2 88.7 89 89.8 89.9 89.8 89.8 89.6 89.4 88.5 85.5 80.2 68.5 75.2 80.2 82.4 86.3 87.6 88.7 89.7 90 90.3 90.6 91.2 92.2 93.3 94.4 95.6 96.7 98 98.5 98.6 98.8 98.6 97.3 91.7 90.6 89.7 90.6 91.4 92.8 94.3 95.3 97.6 98.2 99.8 101.1 102.3 103.4 105 106.4 107.8 109.3 112.4 116.9 122.4 127.8 131 133.9 136.3 138.3 139.5 138.9 139 139.6 140.4 142 142.3 141.1 140.4 139.6 140.2 140.8 141.3 141.6 142.3 142.5 143 143.8 144.5
85.8 86.6 87.1 87.5 87.9 88.5 89.3 89.9 89.6 90.3 90.8 90.8 90.7 90.7 90.5 89 86 81.2 70.4 77.7 82.2 84.5 87.7 88.9 90 90.9 91.6 91.9 92.2 92.6 93.4 94.4 95.3 96.6 97.8 98.2 98.6 98.6 98.4 97.1 97.4 89.9 89.9 90.6 91.4 92.7 93.8 95.6 98.8 100.1 100.6 101.3 102.9 103.8 104.8 105.6 106.9 108.4 109.8 112.1 116.4 120.7 126.2 130.5 134.5 136.8 138.6 139.1 138.4 139 139.8 140.8 142.2 142.5 142.7 141.7 140.9 141.5 141.9 142.7 143.8 144.6 145.8 146.9 147.6 148.6
85.5 86.6 87.7 88.1 88.5 89.4 90.1 90.7 90.9 91 91.5 91.8 91.7 91.7 91.3 89.8 86.3 80.4 73.2 81.2 84.5 87.1 89.1 90.3 91.3 91.9 92.7 93.5 93.9 94.3 94.7 95.5 96.2 97.2 97.4 97.7 98.1 98.4 97.7 96.5 97 92.9 90.5 90.8 91.5 93.4 95.5 98.7 101.9 102.8 103.4 103.1 104.6 105.8 106.3 106.8 107.4 108.8 110.1 112 116.2 120.6 125.3 129.9 134.8 136.8 138.2 138.5 138.1 138.4 139.2 140.2 141.5 142.1 142.4 142.2 141.9 142.8 144.3 145.2 146.3 147.2 148.3 149 149.7 150.3
85.5 86.8 88.1 89 89.7 90.6 91.1 91.7 91.8 91.7 92.4 92.9 92.7 92.6 91.8 89.6 85.6 77.7 78.9 84.4 86.8 89.6 91.1 92.1 93.1 93.2 93.7 94.6 95.2 95.3 96.9 97.2 97.3 97 96.9 97.1 97.4 97.8 97.5 96.5 94.1 90.1 91.1 91.3 93.3 96.1 99 101.6 104.9 106 106.3 106.9 107 108 108.4 108.5 108.6 109.4 110.6 112.6 116 120.3 124.2 128.7 133 135.6 136.8 136.4 136.5 136.6 136.6 138.1 139.6 141.3 141.5 141.8 142.1 143.5 145 146.6 147.3 149.1 149.9 150.7 151.1 151.9
86.5 87.8 89 89.9 90.5 91.4 92.1 92.6 92.6 93.1 93.7 94.1 94.1 93.2 91.9 88.7 84.3 76.2 82.7 86.6 88.9 89.8 92.4 93.6 94.6 94.7 94.7 95.2 95.8 96.8 98.2 98.2 97.9 97.7 97.2 96.7 96.9 97 97.3 95.4 91.8 89.3 90.5 90.9 93.6 96.9 99.8 102.8 104.3 107.1 106.5 107.6 108.8 109.8 110 110.4 110.7 111.2 111.7 112.9 115.4 118.7 122.8 127.3 130.1 131.9 132.9 132.9 133 133.4 134.6 136.1 137.7 139.7 140.8 141.4 141.8 143.2 144.8 145.5 146.8 148.3 150.1 151.1 152 153.1
87.3 88.4 89.8 90.2 91 92 92.8 93.5 94.2 94.7 95 95.3 94.9 93.8 92.7 90.6 85.8 79.6 85.1 89 91 92.2 93.5 94.7 95.7 96.1 96.3 96.7 97.4 98.3 98.7 98.8 98.5 98 97.5 96.9 96.6 97 97 94.5 91.6 90.4 90.5 90.5 93.3 95.8 96.2 99.5 102.5 104.4 106.7 107.9 108.6 109.5 110.7 110.8 110.8 111.1 112.3 113.5 114.4 117 119.5 121.7 124 126.8 127.7 127.5 127.7 128 130.5 133 135.5 137.3 139.1 140.2 140.5 141.5 142.1 142.8 144.3 146.6 148.5 150 152.1 152.8
88.1 89.2 89.1 90.6 91.3 92.2 93.3 94.1 95.2 95.7 95.9 95.7 95.4 94.6 93.8 92.3 86 81.4 87.8 91.1 92 93.5 95 95.9 96.7 97.3 97.8 98.5 98.9 98.9 99.2 99.3 98.9 98.4 97.8 97.2 96.6 96.6 96.9 95.4 91.4 90.9 90.1 90.5 92.4 94.6 94.5 95.8 99.1 102.6 105.6 106.5 107.7 108.6 109.6 110.5 110.7 111 111.5 111.7 113.4 114.6 115.5 117.1 118.1 117.2 118.6 120.1 122.1 123 125.8 128.6 131.3 134 135.8 137 137.5 136.9 137.9 139 140.5 141.7 144 147.3 149.4 150.8
89 90 90.5 91.4 92 92.6 93.4 94.6 95.4 95.8 96.3 96.3 96 95.1 94.3 92 85.3 84.8 91.4 92.5 93.5 94.7 96.2 97.2 97.6 98.3 98.8 99.4 99.7 100.3 100.2 99.8 99.3 98.7 98.1 97.5 96.9 96.3 96.1 95 93.5 91.3 90.1 90.9 92 93.3 93.8 93.6 95.6 98.9 102.8 106 106.8 107.7 108.2 109.2 109.6 109.7 109.7 109.4 110.8 111.1 111.2 111.8 111.8 110.4 110.8 113.9 116.3 118.6 121.4 124.1 126.8 129.1 131 131.9 131.3 131 131.9 133.5 134.7 139.7 140.6 144.2 146.7 148.7
89.4 90.1 90.7 91.7 92.6 93.1 93.6 94.6 95.8 96.4 96.8 97.1 96.7 95.9 95 94.2 87.5 86.1 92.1 95.1 95.5 96 97.3 98.5 99.1 99.6 99.9 100.1 100.5 100.7 100.9 100.1 99.3 97.9 97.7 97.2 96.6 96.1 95.4 94.7 93.7 91.5 91.1 92 93.1 94.5 94.8 95.7 94.3 95.8 98.6 101.9 104.2 105.5 106 106.7 106.8 107.3 106.4 106.9 107.2 107.5 107.7 107.1 106.8 107.4 108.4 110.6 111.7 114.8 118 120.8 122.3 124.2 124.8 124.5 124.4 124.3 126.3 128.2 131.2 134.1 137.8 142.3 144.2 146.3
89.4 90 90.8 92 93.1 93.8 94.5 95.3 96.2 96.9 97.3 97.8 97.4 96.8 95.8 94.2 88.4 86.9 93.5 96 97.2 97.7 98.6 99.7 100.9 100.9 100.7 100.5 100.8 100.7 100.3 99.9 99.1 97.5 96.5 96.7 96.2 95.6 94.9 94 93.1 91.7 92.5 93.5 94.4 96.7 100 100.2 97.3 96 95.7 98.3 100.1 101.7 102.7 103.4 102.2 103 100.9 101.8 102.7 102.5 103.8 104.1 104.2 107.3 107.6 108.7 108.4 111.1 114.7 116.6 118 119.7 119.4 119.5 119.8 120 121.6 123.4 127 132.5 136 138.1 140.6 142.3
