webserver/python/data/SD68.asc
ncols 200
nrows 200
xllcorner 360000
yllcorner 480000
cellsize 50
[rows 105 to 139 of 200, columns 0 to 78 of 200]
202.9 204.2 205.2 205.4 205.5 206 206.1 206.6 202.9 194.3 183.3 172.6 158 143.3 135.2 123.5 115.8 106 104.7 105.4 104.5 98.3 94.5 93 90.9 64 63.2 62.9 63.3 63.6 63 62.8 57.8 77.8 80.4 81.3 83.2 84.5 81.6 78.8 75.6 72.7 70.4 69.1 69.6 71.5 71.6 71.5 72 73.4 72.4 74 77.4 81.3 87.2 91.1 93.9 95 100.1 104.2 103.6 102.7 106.7 109.9 110.7 112.4 121.9 133.3 147.7 160 169.9 180.4 192.9 208.6 220.6 229.1 243.4 250.1 255.5
202.8 204.5 204.9 205.9 205.5 205.9 204.5 203.4 197.9 187.4 176.3 167 152.7 140.3 133.4 123.8 113.3 104.3 103.2 102.7 99.9 95.1 93 93.9 84.2 62.9 62.8 63 63 63.3 62.6 57.8 66 69.5 82.7 86.9 88.4 89.6 87.3 81.6 77.8 74.9 71.9 70.1 69.4 74.8 70 69.2 71.3 72.3 72.4 74.4 76.6 80 85.7 91.2 93.8 95.1 99 102.3 101.3 99.3 103.9 108 107.8 111.3 120.8 134.5 150.3 160.7 170.9 181.2 193.4 213 226.9 239.3 245 254.9 260.7
205.1 208 209.6 207.4 206.1 205.7 204 200.8 192.5 182 170.3 162.2 149.4 138.3 130.6 119.8 112.1 103.7 101.6 100 96.2 92.4 91.8 94.9 75.3 63.1 62.8 63 63.1 63.1 57.9 59.7 66.3 70.3 83.5 90.8 93 94.4 93.1 87.8 82.3 77.6 73.8 70.5 69.4 68.9 70.7 68.8 70 71.1 73.4 74.4 76.5 79.8 85.7 91.1 93.6 95.4 97.8 100.1 99.3 98 102.2 106.4 106.5 108.1 121.7 136.1 151 161.2 171.9 181.8 199.1 218.8 233.5 246.2 255.7 260.3 267.7
209.5 214.3 217.5 213.9 209.7 206.2 202.7 196.3 188.5 176.6 166.7 156.8 145.5 137.5 126.8 116.1 110.4 105.4 101.4 100.2 92.6 87.8 91 95 62.8 62.5 62.8 63 63.2 58.8 60.1 62.8 67.2 71.8 83.4 92.2 97.1 99 96.9 91.6 84.7 79.2 75 71.4 70.2 69.5 69.7 70.7 72.2 73.2 74.5 75.5 76.4 79.1 85.4 90.3 92.8 93.8 96.3 97.2 96.4 97.3 101.4 104.2 101.8 109.2 122.9 136.3 150.3 162.2 172.5 184 202.5 223.9 235.2 245.6 260 268.3 271.2
212.2 218 222.7 217.5 212.1 207.5 203.2 196 185.2 171.4 164.3 151.6 142.2 135.3 123.2 113.7 107.3 104 101.9 100.9 95.2 86.4 83.7 72.6 60.1 61.5 62.1 62.6 59.9 57.8 61.3 66.5 66.8 68.1 79.6 90 99.2 102.9 100.3 94.8 87.3 82 76.5 72.3 70.8 70.1 70.1 70.1 71.5 73.3 73.2 74.3 75.5 78.6 84.2 89.2 91.9 92.1 93.7 93.7 93.9 95.8 99.1 98 105.3 110.8 124.5 136.1 148.7 160.6 172.7 185.1 205.8 224.3 235.2 247.7 255.3 263.4 275.1
214.9 222.2 226 219.8 212.4 207.5 203.7 197.4 186.5 171.8 161.9 151.1 140.6 133.4 122.5 112.3 105.5 101.9 103.5 101.3 94.6 87.6 68.5 62.2 61.4 61.5 61.6 59.4 57.8 61 62.8 66.1 67 67.4 72.6 86.7 95.1 102.3 100.9 95.3 87.9 82.4 76.7 73.1 71.2 70.6 70.6 70.9 71.7 72.9 70.2 72 74.2 77.2 82.6 87.5 90.9 91.5 91.9 92.1 92.3 93.6 96.9 105 107.5 113.4 125.7 136.1 147.4 158.7 171.1 188.6 205.7 220 230.6 245.4 258.9 271.3 284.4
218.5 226.5 228.7 221.7 213.6 208.8 204.4 198.5 188 173.6 161.7 152.5 141.1 129.6 117 109 102.4 99.6 106.1 100 93.6 87.7 64.8 62.3 61.5 59.2 58.4 57.7 59.8 62.5 65.4 66.2 66.9 67.5 72.8 83.7 89.7 96.6 98 93.1 88.3 82.6 76.7 74.1 72 71 71.2 71.7 72.9 74 70.1 70.7 72.8 75.9 80.6 85.8 90.5 91.5 91.7 91.1 91.4 93.6 100.6 105.9 107.3 113.1 126.2 135.7 146.7 157.7 171.1 187.6 204 216.8 227.8 239.3 251.1 262.1 280.5
216.8 229.5 229.9 221.5 214.6 209.5 204.7 198.2 186.4 172.4 160.7 152.2 138.8 127.2 116 106.7 99.2 101.2 108.4 101.6 92.5 86.1 63.8 61.7 61.7 57.6 57.9 60.8 62.1 64.8 65 65 65.5 67 75.2 84.3 88.1 91.3 93.9 90.3 86.8 82.5 77.2 74.9 72.7 71.6 71.9 72.5 76.4 72.8 69.8 69.4 71.5 74.5 78.8 85.5 90.2 91.4 92.8 90.3 92.4 96.9 101.3 105.8 107.7 114.6 127.3 136 148 156.2 166.8 182.2 197.8 209.3 222.3 230.8 239 248.8 263
213.4 226.4 227 219.8 213.5 208 202.5 193.5 184 170.3 159 148 136.6 125.1 115.2 105.7 97.7 100.6 107 101.1 87.8 81.4 70.1 60.9 57.7 61.1 61 63.6 63.7 64.7 64.7 64.7 64.8 65.7 77.2 82.3 84.8 89.1 89.4 86.6 84.1 80.1 75.4 73.7 72.3 71.2 72 74.2 73.2 71.1 68.9 68.4 70.3 72.5 77.5 83.9 89.5 90.3 90.9 89.5 92.8 97.5 102.1 104 107.3 112.9 129.4 137.5 146.2 154.2 162.8 176.1 189.6 203.8 218 227.6 236.1 243.9 255.1
209.2 222.6 224.1 217.8 211.4 204.1 198.6 188.8 177.6 165.5 155.9 145.4 136.4 123.2 112.4 102.6 97.1 103.1 105 97.1 83 80.3 69.4 57.7 60.2 62.8 63.3 63.7 64.1 64.4 64.4 64.3 64.3 65.3 73.2 81.3 84.5 87.5 85.8 82.8 80.8 77.6 74.7 73 71.6 71.3 72 71.7 69.8 69.3 68.7 68.2 68.5 69.5 75.7 83.1 89.5 88.7 89.1 89.3 93.5 98.1 102.6 105.2 112.1 117.5 130.3 137.7 145.5 152.4 161.7 173.2 183 194.6 207.1 218.2 226 233.1 247.6
206.6 219.4 221.2 215.7 209 201.1 194.5 184.1 173.1 161.2 152.4 143.3 134.2 122.7 109.9 100.8 96.7 103.8 99.9 91.3 79.6 79.3 63.8 59.6 59.1 62.4 62.5 62.9 63.4 63.8 64.3 64.2 64.2 64.5 69 79.7 82.2 83.7 81.2 79.6 79.1 76.7 74 72.5 71.2 71.6 72.2 72.2 69.7 69 68.6 68.3 69 69.4 76.2 83.5 88.4 88.1 88.7 91.2 95.3 99.4 103.6 108.2 113.6 117.7 130.2 137.3 144.8 153.1 162 171 181 187.1 198.3 208.9 218 228.5 237.8
204.9 216.1 216.6 211.6 205.5 196.8 189.2 180.1 170.2 160.6 151.6 142.6 131.8 119.6 108.1 99 97.9 102.3 96.2 87.5 77.4 75.4 59.3 58.2 60.4 61.9 61.7 62.2 62.6 63.1 63.6 64.1 64.2 64.1 66 76.1 78.7 79.6 77.1 76.6 76.8 75.8 73.8 71.8 71.4 71.9 72.6 72.2 71.6 69.1 68.7 68.5 69.4 70.2 75.5 82.7 86.3 85.1 89.5 92.6 96.7 101.2 105.3 108.8 112.5 119.3 128.3 138.6 145 152.8 162.4 168.7 177.1 182.5 191.3 200.8 208.4 217.5 227.2
201.6 212.3 211.9 206.9 201.5 193 185.2 175.8 164.9 160.1 151.7 140.7 128.7 116.6 106.4 98.1 97.3 99.6 93.3 82.1 73.8 77.9 77 57.2 57.7 57.6 61 61.7 61.9 62.3 62.8 63.2 63.9 64.2 66.6 73.1 75.3 76.1 75 75.5 76.4 75.5 73.6 71.8 72.6 73.1 73.1 71.9 71.3 69.7 68.8 68.9 69.7 70.8 76.3 81.4 82.6 83.8 90.9 93.8 98.3 103.5 106.9 107.8 113.6 122 130.2 138.3 145 151.7 161.2 168.4 173 179.5 186.5 195 201.8 209.4 220.8
201.3 209.8 208.3 203.3 197.6 188.6 180.5 170.8 162.9 158.3 151.7 139.4 126.9 114.6 104.5 95 96.9 96 89.9 77.9 77.4 81.5 82.1 78.9 71.7 58.9 56.8 56.9 61.1 61.6 61.9 62.3 62.9 63.8 70 72.2 74.4 74 73.5 74.8 75.9 75.2 73.5 71.9 73.1 74.2 72.7 71.1 70 69 68.6 69.3 70.4 71.6 76.2 81.1 85.5 88.6 92.6 95 101.3 105.3 105.5 110.4 117.9 124.8 131.8 141.4 145.6 152 159.7 165.4 170.6 176.6 182.8 189.4 198.3 206.1 215.7
201.3 207.6 204.5 200.4 195.1 185.8 176.9 168.6 163.2 157.8 148.5 136.6 126 114 103 95.2 94.2 92.3 86 76.4 78.4 83.1 84.5 81.5 73.8 62.6 59.4 58.2 57.5 58.3 60.9 61 61.9 63.1 71 72.2 73.1 72.4 73 74.1 75.3 75 73.4 72.4 73.2 73.2 71.8 70.3 69.6 69 68.6 69.2 70.5 71.8 76.1 81.3 85.9 88.5 92 97.3 102.6 104.1 107.1 112.8 119 124.2 133.9 145 145.7 153.6 159.7 162 167.3 174.7 179.1 186.8 193.4 200.4 205.5
201.3 204.9 201.2 196.7 188.4 180.4 172.9 166.5 162.3 157 147.1 134.2 125 114.8 104 94.7 89.4 85 82.3 81.7 81.3 85.7 86.4 80.9 72.1 62.7 61.2 60.4 60.1 58.6 56.2 58.8 61.4 62.6 71.4 72.2 71.9 72.1 73 74.1 74.5 74.5 72.9 71.4 71.3 70.7 69.5 68.1 68.7 69.1 68.5 69.1 70.4 72.2 76.5 82.8 88.2 90.3 93.9 97.4 101.5 106.2 111.1 115 119.3 124.8 133.1 138.4 144 159 159.4 158.5 160.7 171.5 180.3 187.6 195.6 208.8 216.3
200.9 200 197 190 182.9 175.6 168.2 163.1 159.9 154.9 145.2 133.2 123.1 113.7 104.2 95.2 90.8 87.2 84.4 81.8 82.7 88.4 85.9 77.8 70 62.7 61.1 60.6 60.1 60.4 60.1 56.9 55.6 59 70.2 71.4 71.4 72 73.1 74 73.9 73.6 72.2 70.6 69.5 66.4 68.8 69.1 69 68.9 68.6 69.2 70.9 72.9 78.3 85.3 92.3 93.7 94.6 98.4 104.4 108.9 111.7 114.4 119.4 124.8 130.4 138 149.8 157 156.9 153.4 155.1 164.9 178 186.8 199.6 215.4 225.3
197.7 196.6 191.5 185.1 179.4 172.8 165.1 160.6 157.4 150.4 142.6 131.8 121.7 112.5 104.5 95.9 92 88.5 85.3 81.6 84.1 89.2 85.2 76 68.3 62.3 60.5 60 59.5 59.5 60 60.4 59.7 56.3 69.7 70.4 70.9 71.9 73 73.4 73.3 72.1 70.8 69.5 67.8 70.3 70.7 70.6 69.9 69.2 69.4 69.9 71.1 74.1 80.7 87.7 94.1 94.6 94 100.3 105.9 109.7 111.2 113.6 120 125 130.1 139.7 153.5 154.1 150.2 147.8 152.6 163.8 175.3 186.4 199.1 213.3 223.9
194.3 194.8 188.5 181.9 175.5 169.2 162.1 157.7 154 147.9 140.7 130.6 120.5 112 104.9 96.5 92.8 89.6 86.1 82.2 84.4 88.4 82.8 74.6 65.9 61.4 59.7 59.3 59.4 59.3 59.8 60.1 59.9 58 61.4 68.9 71 72.2 72.4 72.6 72.1 70.7 69.2 68.2 68.7 70.4 70.8 70.5 69.8 70 70.3 70.7 71.5 75.9 82.9 89.3 94.1 92.7 96 102 106.2 109 109.8 113.2 120 126.7 129 141.1 148.8 147.9 142.7 143.8 155.7 165.2 175.8 187.9 199.6 212.1 225.7
192.2 190.8 183.9 177.3 170.8 165 157.2 154.4 149.8 144.4 139.1 129.9 119.5 110.8 104.5 97.7 93.4 90.9 86.1 82.4 85.9 87 79.8 73.1 64.3 54.4 53.6 54 58.9 59.1 59.5 59.8 59.7 58.5 61.5 69.3 72.1 73.4 73.7 72.8 70.9 68.8 67.4 67.9 68.9 70.4 70.3 70.3 70.5 70.9 71.3 71.7 73.2 77.7 82.3 88.4 92.3 93.2 97.3 102.2 106.4 107.5 109.5 113.5 119.6 128.5 131.2 134.8 141.8 140.8 139.7 150.5 160.6 168.9 180.4 191.4 204.4 216 227.6
189.4 185.7 179.2 172.7 166.1 160 153.1 149.3 145.7 141.9 137 129 117.5 109.4 102.3 97.2 94 92.2 87 82.5 85.6 84.5 77.4 70.7 54.2 57.6 56.8 54.4 58.1 58.8 59.1 59.5 59.4 57.7 63.7 69.9 72.8 74.1 73.3 72.1 69.9 67.6 67.1 68.4 69.6 70.7 70.6 71 72.3 72.9 73.5 74.1 76.2 80.5 85.5 92.6 95 94.4 96 102.5 104.6 106 109.8 113.7 119.9 129.4 128.9 128.7 133.4 137.9 143.4 155 161.7 172.9 183.7 195 206.5 218.1 229.6
186.1 180.4 174.5 168.7 161.5 154.9 149.2 146.1 142.6 139.1 133.6 126.5 116.5 108.6 101.4 96.4 93.8 92 86.6 82.6 83.5 81.8 76.6 69.5 55.1 58.7 58.9 58.5 54.5 59 59.1 59.2 58.5 55.1 69.8 71.8 71.6 72.1 71.7 70.2 68.3 67.1 67.4 68.8 70.2 70.9 71.3 71.7 73 74.6 75.3 76.9 78.3 81.4 87.6 94.2 96.4 94.8 99.1 100.9 104 107.4 109.4 112.3 118.6 127 127.6 126.1 130 137.5 144.8 154.2 163.6 176.4 188.9 200.9 210.3 220.2 231.3
182 174.9 168.9 163 157.2 151.9 146.8 142.8 139 135 129.6 121.7 113.4 107.2 100 96.4 93.7 90.6 84.6 81.8 82.8 79.9 75.7 57.2 54.7 58.6 59.2 61.7 55.2 58.9 59.1 59.3 56.1 60.7 71.5 71.1 70.3 70 69.2 68.9 66.9 66.9 67.5 68.6 69.6 71.1 72.6 72.5 73.8 75.4 76.9 78.5 79.8 82.3 89.8 94.2 95.5 97.3 98.8 101.3 104.3 106.7 108.3 110.5 117.3 124.1 124.6 122.2 128.9 137 145.3 155.3 164.1 181.8 195.4 205.6 215.8 226.2 239.1
177 169.6 164.2 159.7 155.1 149.6 144.6 138.8 135 130.1 124 115.9 109.2 103.6 98.2 95.2 94.2 90.9 83.2 80.5 80.3 79.1 75.4 54.5 55.8 56 60.8 63 54.9 58.4 58.6 56.8 55.1 64.5 69.6 70.5 69.7 68.4 66.8 66.6 66.2 66.7 67.2 68.1 69.2 71.8 72.9 73.2 74.7 76.4 77.7 79.2 80.2 84.1 90.3 93.3 94.6 96.7 98.4 99.9 103.7 106.1 107.7 109.4 115.6 119.6 119.3 120.8 128.9 138.3 146.9 156.1 167.5 183.7 200.3 211.8 221.5 234.2 248.3
172.4 165 161.8 157.5 153 147.7 142.3 135.6 132.2 126.8 119.4 111.8 106.2 102.1 97.7 94.8 93.7 92 83.5 79.2 78.2 77.2 74.1 54.5 53.5 56.8 60.4 59.9 54.2 57.1 56.4 54.8 59.2 67.7 69.9 69.7 68.9 67 65.9 66 66 66.5 67 67.7 69.9 72.2 72.5 73.1 75.7 77.2 78.5 79.6 81.8 83.5 87.9 91.2 91.7 96 97.3 102.5 101.9 105 107.4 109.9 113.4 114.9 116.6 119.1 128.5 139.2 147.8 157.3 167.2 185.2 203.4 219.5 230.6 243.3 257.5
166.5 160.2 158.6 155.3 150.8 146.2 138.8 132.3 128.9 124.1 116.8 108.3 103.9 101 97.8 94.3 93.8 92.2 84.4 78.9 76.2 75.5 72.6 56.1 53.7 56.4 60.5 59.6 54.3 54.7 58.4 58.8 62.8 69.1 70.7 68.7 66.7 65.2 65.5 65.7 65.7 66.2 66.7 67.6 70.8 72.2 72.5 73.1 76.3 77.7 79 80.2 81.7 86.4 91 92.8 93.6 95.8 98.8 103 105.7 107 109.1 111.1 112.8 114.1 115.7 118 125.9 136.2 148.1 162.7 176.1 189.7 204.1 223.1 240.2 252.1 265
160.6 154.7 152.8 152.2 149.4 144.4 135.4 128.7 125.1 119.6 113.5 105.2 101.3 97.9 94.9 93.3 93.5 91.7 83 77.9 76.1 74.2 68.6 54.8 53.6 53.5 60.8 59.1 58.5 58.3 58.1 58.3 64.5 68.7 69.4 67.3 65.2 64.7 65 65.3 65.5 66 67.2 68.5 71.5 73.7 72.4 73.2 76.1 77.7 78.8 80.1 82.9 86.9 91.3 92.6 93.6 95.5 99.9 104.2 106.1 106.2 108.2 110.1 111.8 113 114.3 116.3 126.2 137.4 150.3 165.9 180.2 193 206.2 223.4 244.2 258.8 270
154.2 149 149.2 150.4 147.2 139.6 132.4 126.3 121.9 115.7 107.9 101.8 98.5 95.3 93 93.4 93.3 90.5 81.6 76.4 76.3 74.9 70.6 55 53.3 53.9 55.8 59.2 58.4 58.2 58.1 63.9 64.5 65.1 66.5 65.6 64.6 64 64.5 65.1 65.6 66.7 67.9 69.2 71.2 74.3 73.4 74.1 76.4 77.9 79 80.1 83.7 87.7 90.7 91.7 92.6 95.8 101.4 104.8 106.1 105.6 106.9 109 110.8 112.1 113.2 115.7 124.7 135.8 149 166 181.5 193.3 205.6 225.9 245.6 265.6 277.1
151.4 143.5 145.9 148.7 141.9 135.5 129.7 124.2 118.9 111.4 103.1 98 95.6 93.2 91.6 92.4 93.4 89.6 82.4 74.7 75.4 73.7 67.3 56.6 54.2 55.7 60 60 59.6 58.8 63.6 63.8 64.4 64.7 64.9 64.9 64.1 64 65.3 65.8 66.7 67.7 68.6 69.9 71.2 73.8 73.3 75.3 77.5 79.2 80 80.8 84.5 87.8 90.1 91 92.5 96.8 102.2 105.5 105.6 105.7 106.7 107.6 108.7 110 111.2 115.9 124.4 135 148.4 162.9 177 191.9 207.4 226.2 245.4 266.2 284.5
146.7 139.3 143.5 146.8 139.7 132.9 127.4 121.9 115.1 106.3 99.4 96 93.4 91.1 90 92.9 94.4 90.5 84.9 78.5 75.1 71.1 64.1 57.8 56.3 52.8 59.8 60.1 60.6 61.5 62.7 63.7 64.1 64.3 63.8 64.8 64.5 64.1 65.1 67.3 68.5 68.4 68.9 70.3 71.2 72 73.9 76.6 77.4 78.5 80.2 81.4 84.3 87.5 89.5 90.2 92.1 98 102.7 104.9 105 105.1 105.1 105.9 107.2 107.5 109.4 115.3 124 134.5 149.6 163.7 178 193.1 208.5 224.7 244.8 268.2 287
142.3 136.1 140.3 143 136.2 129.2 124.8 119.5 111.7 103.4 97.8 94.6 91.6 89 90 94.4 98.2 94 87 82.4 78.1 72.1 63.9 58.1 56.7 52.9 59.3 59.5 60.1 60 61 63 62.8 62.4 64 65.1 64.9 64.6 64.7 67.9 68.7 68.4 69.2 69.9 70.6 71.6 75.2 78.6 79.6 80.1 80.7 82 84.2 87.1 88.5 89.3 92.2 98.3 102.3 104.3 104.3 104.3 104.2 104.2 105.1 106 109.7 116 124.6 134.9 152.2 165.6 180.5 193.1 208.1 224.6 244.7 266.3 278.8
138.7 133.9 138.1 138.8 131.9 125.3 120.7 116.2 109.6 102.9 97.5 92.8 89.8 87.8 91 98.3 101.1 94.6 88.8 84 79.8 73.5 65.6 57.7 56.6 53.3 56.6 58.8 59.6 59.5 59.6 61.4 61 62.1 65.4 66.9 66.8 66.4 66.3 68 69.2 69.4 69 69.6 70.3 71.5 76.6 79.9 80.7 81.4 82.2 82.7 84.8 86.5 87.7 88.3 91.7 97.9 101.6 102.4 101.7 101.6 102 103.3 105.3 106.3 109.2 115.9 126 136.7 152.3 168.6 182.9 194.5 210.8 227.4 244.7 258.4 267.6
135.5 131.7 133.9 135 128 121.3 117.7 112.9 108 103.2 98.2 92.2 88.7 87.1 94.4 100.1 102.1 94.8 90.2 85 79.7 73 61.7 57.2 56.5 52.7 55.4 62.6 60.9 59.6 59.7 59.7 60.7 62.8 64.7 67.4 68.3 68.2 68.5 71.1 71.3 72.5 71.3 69.5 71 74.1 77.6 80.5 81.2 82 82.5 83.2 84 85.4 86.8 88.8 92.3 95.8 100.1 99.6 99.2 99.9 101 103.1 105.3 107.7 111.8 118.5 128.9 140.2 153.3 167.7 181.1 195.5 213.4 226.8 239.5 247.9 256.9
132.2 129.3 129.8 130.7 124.3 118.9 116.6 112.8 108.1 104.8 99.6 92.7 88.1 86.5 94.9 103.1 105.1 97.9 91.1 84.5 77.9 69.6 58.2 57.3 56.5 52.6 54.1 57.7 61 60.4 60 59.8 60.1 61.1 64.3 67.6 68.2 68.8 69.4 73.3 76.1 76.2 74.9 74.6 75.2 78 79.5 81 81.4 81.9 82.7 83.7 84.4 85.3 86.3 87.3 92.8 97.1 98.4 97.9 98.5 99.5 101.5 103.7 105.9 108.5 112.6 121.4 132.1 142.6 155 167.7 180.6 197.8 212.2 222.6 231 236.9 243.8
128.4 127.6 128.5 126.4 120.3 117.9 116.5 112.7 108.8 106.1 101 93 86.7 87.2 95.2 104.5 107.2 101.7 92.3 82.6 72 60 57.2 56.6 56 52.5 54.5 55.3 59.9 59.7 59.5 59.5 59.8 61.9 65.4 69.1 69.9 70.2 70.6 72.6 76.2 77.3 75.6 77.5 79 79.6 79.9 80.7 81.6 82.5 83.4 84.2 84.8 85.8 86.8 87.7 92.5 94.4 96.8 96.1 98 100.7 103 105 107.4 109.8 114.3 122.4 133.1 143.6 154.8 167.7 182.1 194.9 210 217 223.3 229.4 233.5
