webserver/python/data/SD69.asc
ncols 200
nrows 200
xllcorner 360000
yllcorner 490000
cellsize 50
[rows 105 to 139 of 200, columns 0 to 77 of 200]
222.2 220.3 221.3 223 227.4 230.6 236.1 241.8 246.9 250.9 253.5 257.4 261.8 268.4 277.9 287.2 293 293.8 292.4 292.5 296 299.3 303.3 300.8 294.5 290.4 287.2 284.7 283.4 280.2 276.8 273.8 267.6 266.2 266.4 272.5 278.5 281.9 280.9 275.8 271.8 271.2 266.4 257 249.4 234.3 219.2 203.5 188.6 179.7 163.2 153.1 136.8 112.6 116.1 116.1 122.3 139.4 140 140.1 140.8 142.3 145.5 143.6 142.1 144.7 148.3 152.4 157.1 160.1 162.8 166.6 169.1 170.5 173.7 181.6 183.7 192.7
221.7 222.5 222.9 223.7 228.1 232.2 236.8 241.2 246.7 251 253.6 258 263.7 270.5 278.4 284.5 289.5 290.4 289.6 292 299.6 305.3 303.7 300.3 297.9 297.2 297.1 295.1 291.8 288.5 285.9 282.2 276.2 274.6 273.5 276.8 281.5 286.5 283.8 280.8 275.2 267.9 262.3 260.2 254.7 241.7 226.9 206.6 190.7 176.8 164.3 150.5 139 118.2 116.3 116.1 118.2 138 140.1 141.2 139.6 141.3 140.6 139.5 142.4 145.8 149.3 153.8 158.7 162.1 165.3 167.3 168.5 171.2 175.8 184.4 187.9 194.4
226.5 225.3 225.7 230.9 232.7 233.9 237.8 241.5 245.3 249 253.5 258.7 264.9 271.8 279.8 283.8 285.7 286.2 285.8 291 299.4 300.8 298.9 296.6 297.9 301.4 304.2 304.6 301.6 300 296.6 290.2 284.8 282.8 282.2 286.2 287.7 290.6 287.1 282.6 279.5 270.2 261.5 257.6 252.4 242.7 228 210.1 192 177.8 163.1 152.6 141.8 127 112.7 116.3 117 132 137.6 137.9 134.9 136.1 140.6 140.6 143.9 147.5 151.5 156 160 163 166 168.4 170.8 172.9 177.2 180.8 184.8 191.4
230.9 226.3 228.2 232.9 235.7 235.8 238.8 242.1 245 249.3 253.9 260.3 267.4 274.8 280.1 282.6 283 283.1 285.3 289.9 295.8 295.2 294.1 293.6 297.2 302.9 306.8 309.3 311 308.5 304 296.6 293.7 294.8 295.4 299.8 298.6 301.5 298.3 287.9 282.6 271.7 263.5 253.4 242.3 232.4 221.4 208.3 193.8 179.3 165.4 153.5 144.8 131.5 117.6 109.7 117 120.4 130.1 127.5 134 140.6 141.3 140.5 143.9 148.5 153.6 158.3 162.7 165.1 167 169.1 172.2 175.3 178.2 178.8 181.4 186.4
233.9 227.3 231 233.9 235.7 237.3 239.6 242.9 245.4 249.9 255.8 263.4 270.3 278.3 283.6 281.2 281.1 282.4 286.1 290.2 291.4 290.3 290.1 290.7 297.1 303.8 309.6 312.7 315.6 313.6 310.4 307.2 302.1 297.9 302.3 308.6 307.3 310.7 301.4 290.4 280.9 269.5 262.6 253.3 241.4 232.4 221.8 209.1 193.9 178.7 164.7 153.7 144.2 135.2 118.6 112.3 113.2 116.7 118.7 123.1 131.8 141.2 139.5 139.4 143 150.4 157.2 160.7 169.4 168.3 168 169.3 172.4 175.2 176.3 177.5 178.5 181.3
235 228.3 233.5 237.4 239.5 242.7 246.2 247.5 247 251.7 257.9 266 274.4 283 284 281.2 278.9 281.7 286.1 290 289.7 288.9 289.3 290.3 298.2 304.9 310.9 316 320.1 319.2 316.5 312.6 307.7 302.6 304 308.2 311.8 309.8 301.5 291.9 276.7 265.8 257.3 248.3 237.6 225.9 217.5 207 193.9 179.6 167.6 156.9 145.8 141.3 124.5 116.3 108.9 115.8 117.8 120.8 128 138.4 139.3 142.1 148.1 155.4 159.5 167.5 170.6 166.5 165.6 169.6 172.4 175.1 176.1 181.4 184.5 185.8
235.4 229.2 234.7 240.4 241.9 248 252.7 254.6 257.6 260.9 265 272.1 280.9 287.6 284 280.1 279.4 282.3 286.2 288.8 289 288.9 289.5 292.7 299 305.3 312.2 316.7 318.9 324 320.4 314.7 309.1 303.6 302.9 308.4 311.4 303.7 295.5 286.4 271.2 260 251 244 237.3 226.7 214.6 202.8 190.5 181.2 172.8 163.1 150.2 143.2 130 119.7 111.5 114.2 115.1 120.1 136.2 143.2 144.5 146.9 156.8 154.9 159.3 164.4 169.6 164.4 167.4 170.6 171.1 174.4 179.5 186.3 188.7 190.2
235.3 229.9 237.9 241.4 244.6 251.3 256.2 260.8 264.8 268.8 270.5 276.4 282.7 287.2 283.5 279.5 280.5 284.3 287.9 289 289.9 290.4 291.3 294.3 299.5 306 312.2 315.8 318.5 320.7 318.3 311.9 305.2 300.2 299.2 303.3 302 296.8 285 274.9 265 254.9 247 241.4 234.4 225.1 213 201.9 188.7 180 174.1 166.7 157.1 146.4 134.5 122.1 114.3 108.5 114.1 120.1 139.7 144.1 148.3 150.5 153.5 148.7 158.8 161.8 165.1 160.2 164.8 170.1 173.5 177.3 180.8 187.6 190.6 189.5
233.5 231.7 240.2 243.6 247.7 256.4 260.8 263 268.6 273.2 274.5 277 284.8 285.4 280.1 279.5 283 286.9 290.3 292.2 291.9 291.7 294.5 297.6 300.6 304.7 310.3 312.8 314.5 316.9 312.8 306.8 298.7 297.4 297.6 295.3 291.4 283.9 274.9 264.6 257.4 251 244.2 238.9 231.9 223.3 211.8 201.4 189 183.6 177.7 170.3 160.7 149.1 137.6 124.7 114.2 108.1 113 117.2 136.5 140.1 144 147.5 151.9 156.4 159.8 161 160.5 160.4 164.8 170.5 174.5 181.6 183.5 186.9 190.8 190.3
231.2 234.4 243 246.5 252.4 259.8 260.2 262.9 268 270.6 273.2 279.3 280.3 279.3 279.3 283.3 286.3 289.4 294.4 297 293.6 291.2 293.2 296.6 300.2 303.4 306.4 308.8 310.5 311.2 306.6 300.6 295.2 293.9 292.6 287.6 280.7 273.9 265.5 257.5 252.7 248.2 242.5 235.5 228.6 222.7 211.3 199.1 190.6 185.1 180.7 174.4 164.5 151.8 138.8 124 116.8 112.1 112.3 116.9 133.8 137.3 141.2 146.9 153.3 152.8 154.7 158.6 159.3 161.1 166.7 172 175.9 181.9 182.8 184.1 188.5 190.5
231.9 237.8 247.9 252.1 255.3 257.9 258.9 261.8 263.4 265.3 269.1 275.5 278 275.9 280.4 286 291.4 296.1 300.7 299.5 296.4 291.1 291.8 294.9 298.5 301.2 303.2 304.5 306.3 304.6 300.6 296.3 290.9 289.4 287.4 281 272.7 265 258.1 251.7 248.4 244.3 239.1 231.5 226.6 222.2 213.4 199.5 192 185.2 177.8 171.8 164.4 153.1 140.7 131.8 118 113.4 110.5 115.4 132.7 137.5 139.5 144.2 146.6 148.6 150.7 157.9 162.6 166 168.9 175.4 179.3 180.8 181.1 182.2 184.3 190.4
232.9 241.6 249.4 251.7 255.2 255.6 257.3 259.9 264.2 269.5 272.3 274.9 277.2 279.4 284.4 290.9 297.9 303.6 302.8 299.5 296 291 290.6 292.1 294.6 298 300.8 301 300.6 299 297.7 293.7 288.4 284.2 281.2 274.9 268.6 262.2 252.1 246 243.2 240.6 234.9 229.4 223.5 219.3 210.5 197 185.4 180.6 174.9 169.6 161.3 151.5 141.8 129.2 118.1 112.6 105.9 115.1 133 139.5 141.3 141.2 140.1 145.6 153.1 160.2 166.6 169.5 171.5 178 179.6 180.9 180.8 181.1 185.4 183.7
233.9 244.9 248.6 250.3 253.8 254.7 258 261.5 267.3 272.9 276.1 278.6 283.4 284.5 288.8 296.9 304.3 310.2 303.7 298.1 294.1 291.4 290 290.4 291.4 292.8 295 296.4 295.7 293.6 294.5 291.2 286 280.1 275.7 271.4 265.3 260.2 255.6 249.5 245.1 240.2 232.7 228.6 220.6 216.1 212 204.6 197.2 189.8 181.5 175.3 169.2 158.3 145.6 130.2 117.4 113.2 110.3 113.7 136.4 143.6 142.9 139 139 145.2 152.1 159.7 169.4 171.4 177.3 178 179.6 180.9 180.9 180 179.6 187.6
235.1 249 248.5 251.3 252.6 255.8 258.3 262.3 268.7 273.8 278.3 282.1 288.8 290 294.2 302.2 308.4 311.6 304.9 299.9 295.4 290.7 290.3 290.8 290.8 288.2 288.9 290.4 290.7 290.1 291 288.7 283.3 276.9 272.1 269.8 267.4 264.3 260.9 256.4 251.3 245 238.8 232.7 227.3 222.9 219.1 211 205 198.3 187.3 179.1 172.4 161.7 146.2 134.9 123.3 112.7 111.6 112.6 134.5 143.9 145.7 139 139 146 153.6 161.8 171 180.5 182.7 180.5 181.2 181.6 179.7 178.2 178.9 186.4
238.2 243.7 248.8 251.8 248.1 252 257.2 262.9 269 274.5 280.4 285.9 291 292.3 297.8 305.7 314.2 313.7 308.8 303.2 297.6 291.1 289 290.9 290.2 286.7 283.6 285.3 285.6 286.1 286.5 284.6 280.4 275.9 270.6 273 272.5 271.2 268.8 265.9 261.8 255.6 250.3 243.4 236.3 232.9 225.4 219.5 213 205.2 193.4 183.2 173.3 161.3 150.6 138.7 128.4 113.5 111.8 112.6 133.7 140.3 140.5 138.4 140 146.2 157.4 165.1 175.9 183.3 184.6 185.7 183 182.9 182.9 175.1 176 180.2
238 239.5 249.2 249.2 246.5 251.5 257.4 263.4 269.4 275.6 282.3 286.5 291.7 293.9 300.7 308.9 317 313.2 309.5 304.3 298.9 292.1 289 287.5 287.4 285 281.7 280.2 281.4 281.9 282.6 280.9 277 273.4 269 271.8 276.9 278.1 277.6 279.4 273.3 266.8 265.1 259 250.4 243.6 236.5 230.3 220.3 209.3 197.8 186.7 174.5 165 155.7 143.3 131.8 117.7 112.7 107.7 129.5 126 126 132.3 138.2 144.8 154 166.1 181.2 186.1 185 186.1 185.7 183.6 181.3 177.3 172.9 173.5
237.1 243.3 248.9 246.5 246.2 250.4 258.6 266.2 272.7 277.5 284.1 287.9 291.9 297.2 304.9 311.9 312 310.7 308.9 304.6 299.7 292.9 288.5 286.7 284.6 283 280.8 279.2 279.7 278.1 278.8 278.6 273.6 269.5 267.2 272 277.9 280 282.4 284.5 281.1 279.9 280.8 273.2 264.2 257.1 254.3 245.5 227.3 213.5 202.4 192.3 180.4 168.2 155.6 143.9 131.5 119 112.1 107.5 120.1 129.9 129.9 131.6 136.8 144.2 154.1 165.7 176.1 180.8 183.5 184.7 184 181.8 178.6 175.9 170.2 166.4
236.5 242.1 245 241.9 245 254.5 262.6 270.4 274.8 279.2 285 291.7 295 299.7 307.8 310.8 310.4 309.8 307.9 303.7 298.8 292.3 290.2 289.3 284.2 280.5 279.6 279.9 279.4 277.8 276.6 275.4 270.8 265.8 266.8 271.4 275.2 279.4 285.2 288.1 286.2 288.8 290.1 284.8 277.4 272.2 269 259.5 239.9 221 208.5 197.2 185 171.7 157.1 146.8 133 118.2 112.1 108.9 115.3 119.6 128.5 133.3 138.6 143.5 151.4 164.2 173.7 178.8 181.2 181.9 181.6 180.7 177.1 171.9 169.6 163.7
235.9 241.7 240.8 240.4 247.9 257.2 266.1 272.6 276.4 280.4 286 293.2 299.1 302.5 308.2 309.5 307.3 307.2 305.9 301.3 296.5 292.4 291.6 290.2 284.1 278.1 276.3 276.5 276.4 274.8 272.3 270.6 266.6 262.2 267.7 270.9 273.7 279.6 286.9 292.4 293.2 298.6 298.6 294 287.8 279.7 276 268 251.4 226.1 210.4 197.2 185.5 172.7 160.8 150.4 137.1 121.2 114.8 103.8 112.9 128.5 131.7 136 138.7 145.7 155.1 164.5 171.9 179.9 180.8 181.3 179.7 176.5 173.8 170 167.3 162
235.1 237.1 240 247 249.4 259.2 268.4 274.8 277.7 281.4 287.8 294.6 300.2 303.8 308.7 307.2 305.3 303.9 301.5 300 295.9 293.2 292.4 290.4 283.5 278.1 275.4 271.3 269.4 268.8 267.4 265.1 262.1 261.1 265.5 269.5 272.9 280.2 287 293 299 303.2 304.5 300.2 295.6 287.2 282.4 273.9 258 234.9 212.4 199.9 187.2 174.2 162.6 151.2 141 127.5 117.2 108.6 112.7 127.9 134.6 137.5 141.8 149.3 156.9 165 172.1 177 179 179.3 176.2 173 170.1 167.4 162.3 160.7
234.2 237.5 243.6 249.4 250.8 261.7 269.8 275.1 281.4 285.4 290.4 296.3 301.3 304.9 307.1 304.6 304.2 304.7 301.6 298.5 295.3 295.3 295.3 291.7 283.6 279.7 278.1 275.1 268.5 261.4 261 260.4 258.9 259.5 263.1 267.9 273.7 280.9 285.1 292.3 298.1 304.3 304.2 302 298.4 288.7 284.3 278.1 262.6 242.3 220.2 205.8 191.3 176.5 163.5 154.9 146.1 129.9 115.9 110.5 105.6 124.6 133.1 138.5 144 151.2 158.8 165.3 172 174 175.8 176.2 172.7 169.5 166.9 165.1 159.9 158.6
235.8 242.6 246.6 250.8 255.4 264 271.4 278.8 284.1 288.9 293.8 298.5 301.7 304.2 303.4 300.6 302.9 305.5 301.7 298.2 297.1 298.1 299 292.3 282.8 280.8 279.1 275.3 268.7 261.5 259.5 258.8 257.8 257 260.3 265.5 270.7 276.5 282.4 290.3 295.9 299.8 301.5 302.3 297.4 289.6 282.3 280.6 269.5 251.7 230 210.1 195.8 180.5 166.1 154.5 146.7 131.9 118.5 111.2 103.5 121.8 129.9 134.2 143.5 151.9 156.8 162.9 170.8 172.2 172.9 173 169.7 166.3 163.6 159.4 154.5 157.9
241.7 246.9 248.6 253.4 257.8 265.1 273.1 280.6 285.8 290.1 294.3 299.4 302.9 302.2 300.2 300.2 303.7 307.4 302.2 299.1 298.9 300.2 298.4 292 282.9 280.2 277.6 273.6 269.1 263.1 259.5 257 255.8 254.7 256.7 261.2 266.9 271.7 279.1 287.8 292.1 294 298.7 301.5 298.2 290.5 281.7 276.6 269.6 256.6 241.5 220.2 199.4 183.6 169.6 156.4 146.2 132.4 119 111.9 103.8 121 130.1 132.2 138.2 146 152.6 161.2 166.4 168.9 167.2 164.1 163.2 161.4 151.9 151.3 154.5 156.9
242.6 245.5 246 252.2 259.3 266.6 274.4 282.1 287.4 291.5 296.1 301.8 302.9 301.7 300 300.5 305.2 308.5 305.5 301.5 301.1 301 298.2 291.3 286 281.2 276.4 272.3 268.8 264.6 260 255.9 254.1 253.9 254.4 256.2 262.9 268.2 274.6 279.6 285.8 290.5 299.4 300.7 299 291.1 281.4 274 269.4 262.3 251.1 226.2 203.3 185.9 173.4 158.9 145.6 133.2 120.6 112.6 103.1 117.4 130.7 132.9 135.6 143.4 149.9 156.4 162.6 163.5 161.4 163.9 158.3 155.8 147.8 155.2 163.2 162.6
242.2 243.1 245.6 252.4 259.8 268.2 276.4 285.9 291.5 294.5 299.4 303.2 301.7 300.6 299.5 300.4 305.3 308.8 307.2 304.6 301.3 300.6 297.4 291.1 287.5 282.8 280.4 274.5 270 266.6 262.6 257.6 252.9 253 253.4 253.9 259.1 264.8 270.3 274.7 280.4 288.2 297.2 296.6 295 289.6 279.5 268.8 263.5 259.4 246.3 229.4 207 188.2 175.5 157.1 145.9 135.1 120.1 111.7 103.3 114 120.2 125.4 130.9 137.1 145.5 159.2 157.2 157.7 160.7 161.7 153.9 146.9 150 160.5 165.9 167.9
244 243.1 245.4 252.1 260.3 269.6 280 290.9 295.5 298.8 302.6 303.7 300.3 298.5 298 300.4 305.4 307.5 307.8 305.4 301.5 301 294.5 290.3 286.7 282.4 279.1 274.7 271.7 269.3 265.3 259.7 254.5 251.8 252.2 252.4 256.4 261.3 266.1 272.1 279.5 284.4 286.6 288.7 291.1 288.2 274 263 256.5 250.4 238.3 222.7 205.6 188.9 174.4 164 151.3 138.6 123.4 109.9 103.5 117.2 127.3 127.4 133.6 135.9 144.9 157.8 154.6 149.7 146.1 146.2 146 144.9 153.7 164 168 171.4
244.3 244.2 246.8 252.7 261.4 272 283 291.2 294.7 298.3 301.4 301.8 298.6 295.5 297.8 300.6 304.6 305 305.2 304.1 301.4 297.6 290.5 288.7 283.4 279.5 276.6 274.2 277.6 274.2 268.1 260.6 256 252.7 251.3 251.2 254.1 258.3 264.5 271.5 274.4 278.5 279.2 281.4 286.6 280 267.8 259.3 252.5 247.3 235.9 222.6 207.6 193.4 181.4 170.9 157.1 142.7 130 109.2 104.1 116.6 127 129.9 132.8 132 140 144.1 147.4 153.3 149.6 139.8 141.4 146.5 159.7 165.1 169 176
244.3 247.6 250.9 255.4 264.6 274.1 284.2 286.7 289.8 294.3 297 297.8 295.4 292.8 297.3 300.6 303.5 305.1 304.1 302.8 301.6 295.9 291.1 289.9 279.7 277.3 274.1 274.3 279.8 276.1 269.2 262.3 256.7 253.4 251.2 249.8 250.5 255.1 261.6 266.9 270.7 271.7 272.4 274.4 274.2 271.1 264.1 257 252.4 247.2 238.8 226.7 212.6 199.1 186 173.5 160.8 146.7 131 111.1 104.4 113.8 122.9 124.1 125.9 129.2 131.6 136.3 138.6 141.5 140.1 136.8 144.4 151.4 157.3 163 170.6 178.4
247.1 250.5 253.9 258.6 266.5 275.5 282.3 283.3 284.5 290.2 292.4 292.5 290.3 290.8 294.9 299.2 302.6 305.9 304.1 302.9 301.7 297.3 293.7 291.2 281.5 274.3 270.4 272.6 278.4 275.6 268.3 261.4 257.8 257.6 254.1 249.6 245.8 250 257.8 262.6 265.5 264.7 265.3 266.8 264.9 264.1 261.7 255.9 252.2 254.1 244.1 232.7 219.2 205.7 192.2 179.6 166.5 150.7 132.5 122 103.9 109.1 119.2 129.4 134 137.9 135.8 132.5 133.1 134.3 134.7 136.8 144.5 151.8 157.8 164.3 172.1 179
252.3 255.2 257.9 260.5 268 274.9 278 280.1 284.8 290.4 291.2 289.7 288.9 288.9 291.9 296.7 302.9 305.8 304.1 302.7 301.2 296 296 288.3 280.7 271 268.7 269.6 272.6 271.5 265 261.2 261.1 261.1 256.5 249 239.7 244.2 252.1 256 257.8 257.9 258.3 258.8 257.9 260.3 258.5 254.5 260 258.4 248.8 238.6 226 212.5 198.5 182.8 169.9 155.4 134 125.6 109.4 102.2 117.8 132.1 136.9 136.9 137.6 132 130.5 129.9 132.5 138.8 146.7 153.3 159.7 167.1 175.1 180.9
257 260.3 260.4 263.5 268 272.6 277.8 280.6 286.1 291 293 288.8 287.2 288.1 290.3 297.3 301.9 302.8 305.4 301 297.7 294.2 290 285.2 278.9 273.2 263.9 261.7 267.1 264.1 261 262.7 265.8 262.8 256.2 246.2 239.3 241.1 247.1 251.3 251.7 251.7 251.8 251.7 250.5 252.6 253.7 253 257.6 259.6 252.2 241.3 230.8 219.7 203.1 188.3 171.9 156.2 135.2 122.7 112 100.4 113.8 132.6 139.4 141.5 136.2 131.4 125.4 129.4 135.5 141.6 148.5 155.1 161.8 169.2 176.6 184.1
259.8 261 262.6 264.4 266.1 270 275.2 280.7 288.5 293.8 293.1 288.6 286.5 287.8 290.9 299.7 301.1 302.4 301.7 298.4 295.5 292.2 288 283.7 279.9 274 264.5 255.4 256.6 255.9 255.4 259.4 263.5 259 252.5 245.2 236.8 239.2 243.2 244.8 247.1 247.4 248.6 247.2 246.2 246.6 250 251.1 251.5 250.9 247.8 236.1 225.1 216 204.6 190 175 158.9 138.1 128.4 111.8 101.1 109.9 129.4 138 140.9 135.5 127.9 126 131.2 138.1 143.5 150.2 157.2 164.4 171.2 178.9 188.3
260.5 262.5 264.9 263.8 262.1 266.9 273.8 282.9 292.7 293.9 291.1 287.9 286.3 287 291.6 298.9 299.2 299.8 300.6 298.7 291.7 288.2 285.8 281.6 280.7 274.3 267.3 259.4 251.9 245.7 247.8 252.2 256.2 254 248.1 242.2 234.5 237.6 239.6 240 241.8 244.2 245 243.7 242.8 243.3 244.9 247 244.9 242.9 237.7 232.4 221.5 212.1 201.7 187.9 175 158.1 138.7 120.7 124.3 100.8 108.8 127.7 133.3 131.3 119.8 124 128.4 132.4 138.2 143.7 151.7 159.8 167.9 174.1 182.4 191.2
261.9 264.5 267.3 263.4 258.3 262.8 272.5 279.6 285.4 288.6 286.9 285.3 290.8 290.2 291.9 296.8 300.4 299.6 298.3 295.9 288.1 283.7 280.7 280.5 280.2 274.5 268.4 259.5 252.8 246.6 240.9 244.7 246.5 244.2 240.5 236.1 231.7 235.3 235.7 235.4 236.5 240.5 240.9 241.3 241.7 241.8 240.8 240.9 239.6 237.3 231.9 230.2 219.6 211.8 202.5 187.3 172.9 156.5 135.5 119.3 108.4 100.8 110.1 127.5 125.8 118.3 121.7 130.8 131 132.4 137.1 141.9 149.5 158.8 168.9 175.7 182.4 188.4
263.9 267.2 266.1 261.8 258.3 263.3 268.1 272.9 277.2 279.6 280.3 285 291.5 291.1 290.3 293.6 294.5 294 294.1 292.4 283.4 277.1 275.7 278.3 278.3 273.1 267.3 257.1 250.4 243.1 237 238.6 237.2 234.9 231.5 229.3 231.1 234.3 232.8 232.2 233.5 237 238.3 238.9 239.8 240.8 238.6 238.1 236.3 232.4 228 222.2 210.3 206.6 195.5 181.9 168.2 155.2 134.4 115.3 104.2 103.4 111.2 124.7 114.5 123.8 129.2 130.8 130.4 131.8 139.1 140.9 149.7 162.5 169 179.5 183.3 186
