webserver/python/data/SD75.asc
ncols 200
nrows 200
xllcorner 370000
yllcorner 450000
cellsize 50
[rows 105 to 139 of 200, columns 78 to 155 of 200]
201.4 200.8 198.2 200.4 202.8 205.2 206.8 208.4 210 212.2 211.9 213.2 216.4 219.4 222.3 225.7 228.1 228.3 227.3 226.2 228.4 230.6 231.1 231 230.4 228.6 231.4 234.3 238.4 242.9 241.4 241.9 242 242.1 244.6 247.3 248.3 248.1 246.9 244.5 241.4 238.2 233 228.7 224.8 224.5 223.9 221.2 217.9 213.7 211.8 207.8 203.3 198.7 193.5 193.6 205.1 209.1 209.3 207.7 208.8 210.2 211.7 210.2 211 211.5 209.3 208.6 208.9 207.5 206.7 205.7 204 203.3 202.7 201.9 200.2 198.9
200 198.4 198.4 199.2 201 203.4 204 206.5 208.5 211 212 212.9 215.7 218.5 221.3 224.6 226.6 226.8 225 225.4 228.4 230.1 231 231.6 229.4 228.6 231.4 234.1 239.5 242.7 241.8 241.8 241.8 241.7 243.8 246.1 246.7 246.7 245.6 244 241.7 238.9 234.7 230.4 226.1 223.6 223.1 223.4 219.8 214.2 211.1 207.5 204.8 201.9 196.3 189.2 198.6 204.8 206.1 205 205.8 207.3 209.8 209.4 208.5 208.9 207.1 207 206.3 205.3 205.2 204.8 203.3 202.1 201.7 200.2 198.9 197.7
193.8 193.7 197.1 198.5 199.8 202 204.7 207.1 209.5 212.4 213.1 213.9 216 218.7 220.7 223.2 224.4 224.8 224.4 223.7 226.4 228.6 230.2 230.6 228.3 227.9 230.8 234.9 239.3 242 241.3 241.5 241.5 241.4 242.4 243.8 244.4 244.4 244.2 242.8 241.3 238.9 235.5 231.7 227.5 223.3 224.3 224.4 220.7 215.1 210.1 206.7 203.6 201.2 199.4 189.7 190.8 199.4 201.8 201.9 203.1 204.7 206.6 207.7 207 206.8 204 205.2 203.8 204.2 203.5 203.2 203 201.2 200.9 199.4 198 196.6
197.3 197.7 195.5 197.2 200.6 199.8 202.7 207.1 209.7 212.1 213.2 214.4 216.3 218 220.1 222.2 222.4 222.4 221.9 224.8 226 227.1 228.4 228.8 227.4 227.3 230.6 235.3 238.3 240.7 240.5 240.8 240.9 241 241.1 241.6 241.8 241.4 240.9 240.1 238.2 236.2 233.9 232.2 227.8 223.2 223.1 224.2 222.3 217.5 210.4 206.3 202.7 199.9 197.6 191.2 187.4 188.1 198.3 199.1 200.7 202.2 203.5 204.2 204.7 204.8 204 200.9 203.2 202.5 201.8 201.5 201.3 201.1 200 198.7 197.2 195.8
198.6 198.9 200.4 201.6 202.1 204 204.1 204.9 204.5 207.9 211.4 215 216.5 218.5 219.4 221 221.8 220 221.1 223.2 225 225.9 226.4 227.3 225 227.6 230.4 234.8 237.2 239.3 239.8 240.2 240.3 240.4 240.3 240 239.2 238.7 238.1 237.1 235.1 232.9 231.7 229.9 227.7 222.7 221 222.4 222.5 219.5 213.8 206.7 202.7 198.8 196.1 193 187.4 189.4 193.6 196.8 198.3 199.7 200.4 201.3 201.1 200.6 200.3 199 202.1 201.1 200.2 199.9 200.1 199.7 199.2 197.9 196.2 194.8
200.2 200.8 202.2 204.2 205.9 204.1 206.5 209.3 210.9 210 208.1 210.9 216.3 218.2 219.1 219.1 219.5 218.5 221.4 222.4 222.3 221.2 222.1 223.2 225.6 227.8 230.4 233.4 235.9 238.1 239.5 239.7 239.5 239.5 239.5 239.4 237.3 237.1 236.1 234 231.6 229 227.8 228.2 226.1 223.1 217.3 219.9 220.4 219.5 215.2 210.7 205.3 199.4 195.1 192.4 188.3 185.6 188.8 193.4 195.7 196.9 197.8 198.4 197.8 198.2 198 197.3 199.3 199.8 198.8 198.6 198.4 197.7 197.2 196.7 195.5 194.3
201.5 203.6 204.6 206.3 208.1 207.6 208.2 210.9 212.3 213.1 214.7 210.4 210.2 211.4 214 214.7 215.1 216.8 217.9 218.4 222.2 223.7 224.6 224.7 225.7 228.4 230.7 232.7 234.8 236.9 239.2 239.4 239.2 238.6 238.6 238.7 237.5 235.7 234.7 232.5 229 225.6 224.5 225 224.4 222.4 218.8 216.9 217.9 217.5 215.5 211.8 207.6 203.4 199.1 194.5 191.3 185.5 181.8 188.8 192.7 194.2 195.1 195 195.4 195.8 195.1 195.7 199.4 200.6 197.6 197.3 196.6 196.4 196.1 195.9 195 193.8
204.3 207.2 208.8 210.3 209 209.8 209.2 210.1 212 213.7 215.4 217 217.4 215.1 215.7 215.4 217.5 219 220 221.7 223.2 224.9 226.1 227.2 227.9 228.8 230.9 232.7 234.4 236.9 239.1 239.6 239.2 238.7 238.3 238.4 236.6 234 232.6 230.4 227.6 224.5 220.4 222.2 222.5 220.7 217.6 208.1 213.5 211.9 212.5 211.2 206.8 202.7 196.7 192.2 186.9 188.4 182.7 181.1 188.3 191.7 192.3 192.6 193 193.4 193.1 194.3 199.4 199.1 196.7 195.8 195.6 195.4 195.1 194.9 194.5 192.5
206 209.5 213.3 216.6 213 210.8 211.5 210.4 212.7 214.6 216.5 218.3 218 216.7 217.7 218.7 218.9 220.4 221.5 222.9 224.5 226.1 227.5 228.9 230.5 230.3 230.8 232.6 235.7 238.2 239.4 240 239.3 238.8 238.3 237.1 236.9 232.3 230.6 228.1 225.8 223.5 218.4 214.8 213.9 210.2 206.1 206.9 205.1 203.3 200.2 199.4 197.4 197.5 199 199.2 195.7 190.3 185.1 181.1 180.2 188 188.8 189.1 190.8 192.5 193.2 193.1 195.1 196.8 194.6 194.5 194.4 194.2 194 193.7 193.5 190.8
207.9 212.3 217.8 222.2 215.6 212.7 213.5 211.6 213.4 215.2 217 218.7 218.3 218 218.1 219.7 220.4 221.7 222.9 224.3 226 227.8 229 230.3 232.1 233.9 234.2 233.7 236.8 239.7 240.6 239.8 239.6 239 238.6 238 237 233.9 230.3 228.1 222 225 223.4 221.6 221.8 221.1 219.8 218.1 215.7 213.1 210 210.9 209.3 207.1 205.3 203.2 199.5 193.2 188.4 182.8 179.9 180.4 184 185.7 188.9 191.4 192.5 190.8 191.9 193.5 192.4 192.8 193.1 192.9 192.7 192.3 192 190
209.9 215.3 223 223.4 215.7 214.9 214.2 212.8 214.2 216 218.1 219.7 218.9 218.6 218.2 220.1 222 223.1 224.4 225.9 227.6 229.2 230.9 232.3 234.7 236.4 236.3 235.8 237.4 240.9 241.8 241 240.4 239.3 239.2 239.2 236.4 234.7 230.9 228.3 228.1 228.3 225.4 222.2 223.6 222.9 221.9 220.2 218.2 216.9 216.6 215 213.4 210.7 207.8 205.2 202.5 199.8 195.2 188.3 183 176.2 174 177.1 187.2 189.1 190.7 190.5 190.1 191.1 191.3 191.5 191.7 191.6 191.3 191 190.5 188.6
210.5 217.9 224.7 222.4 218.2 216.4 215.2 214 215.7 217.7 219.7 221.5 220.3 219.4 219.7 221.2 223 224.7 226.9 229.1 231.1 231.7 233.3 235.3 236.9 239.3 239.2 238.3 237.7 242 243.1 242.2 241.2 240.1 240.2 240.3 239.1 235.7 232.2 230.8 231.2 231 228.6 227.4 226.6 225.8 224.7 222.6 220.5 219.7 219 218.4 216.8 215.3 212.2 209.1 206.3 205.6 202.6 195.4 190.8 184 178 176 184 186.2 188.7 189.1 189.5 189.9 190.1 190.4 190.9 190.6 190.3 189.8 189.1 187.6
211.7 220.4 223.1 219.7 218.3 217.4 216.1 215.3 217.3 219.4 221.3 222.7 221.9 220.5 221.7 222.9 225.8 227.7 229.4 232.6 234.5 234.8 236.4 238.4 241 243.2 242.5 241.4 239.9 243.8 244.6 243.1 241.9 241.1 241.1 242 240.9 236 236 234.8 234.8 235 232.9 234.2 231.9 229.9 229.3 226.6 224.5 222.4 221.5 220.8 220.2 219.4 216.5 213.4 211.1 209.9 206.9 202.4 196.3 186.3 180.2 175.5 176.7 182.2 186.2 187.1 189.4 189.3 189.2 189.9 189.5 189.4 189.1 188.3 187.6 185.8
215.8 221.2 221 220 219.1 219.2 216.7 216 216.8 219.4 221.7 223.3 223.3 222.5 224.4 226.6 229 232.2 233.4 236.1 238.6 240.5 241.6 242.5 244.1 246.2 245.8 243.4 241.9 245.3 245.2 243.9 242.7 242.5 242.4 243.6 242.4 241.1 240.6 237.3 238.6 238.9 235.4 239.6 237.8 234.7 235.1 233.3 228.3 225.8 224.1 222.6 222.4 222 219.6 217 214.3 212 209 205.3 195.9 188.6 187.8 178.8 173.6 171.9 177.9 185.8 188.5 188.7 189 189.6 188.2 187 187.3 186.6 185.7 184.1
217.2 220.3 220.8 220.5 220.4 221.1 218.1 217.8 218.8 220.6 222.3 223.8 224 224.3 226.9 230.3 233.6 237.5 239.4 238.6 243.2 244.5 247.3 248.6 249 249 248.4 246.8 245.1 246.3 246.8 245.6 244 244.1 244.7 245.6 244.4 245.5 245 241.7 244.4 245.4 239.9 245.1 243.8 242.2 241.8 240 233.4 229.8 226 222.9 222.3 222.1 220.1 217.5 214.6 212.8 209.8 201.6 196.1 199.9 194.2 185.3 178.9 174.1 167.8 176.2 186.3 188.2 188.8 189 187.5 184.9 185.5 184.7 183.5 182.4
214.6 218.7 219.5 221 222.3 222.2 218.5 219.5 221.2 223.1 224.7 226.1 226.4 226.2 228.3 233.7 239 243.1 245.1 243.6 246.9 247.6 249.8 251.1 251.7 251.6 250.7 248.6 246 247.1 248.4 247.5 246.8 246.8 248 248.3 247.7 248.6 249.6 248.5 249.7 250.8 245.1 250.2 250.2 250.2 249.2 247 242.6 238.7 232 224.2 220 219.5 218.4 216.2 214.1 211.8 210.2 208.1 206.5 204.1 199.8 190.7 184.8 177.9 169.9 173.1 182.6 187.1 188.7 188.1 187.1 184.5 183.5 182.5 182.3 180.5
218.8 218.3 220.3 222.3 223.9 222 220.5 221.9 223.5 225.8 227.8 229.7 229.3 230.2 231 235.7 242.7 248.4 248.7 247.3 248.6 250.3 252.1 255.2 254.6 253.7 251.8 249.8 248.2 248.7 249.8 249.6 250.2 251.4 251.9 252.2 251.6 253 254.3 254.3 255.7 256.4 248 256.8 257.2 257 255.3 251.7 248.1 245.2 244 231.2 223.3 218.1 216.9 216.3 217.5 215.5 212.5 211.2 210.2 207 201.6 195 189.5 183.6 172.2 164.7 170.7 177.5 187.4 187.9 187 185 182.4 181.9 181.2 178.8
219.7 219.2 221.2 223.2 224 222.4 222.9 224.7 226.5 229.3 233 235.7 237.4 240.7 241.1 242.9 248.5 252.4 251.6 250.3 250.5 252 254.1 257.5 256.5 254.8 252.9 251.1 250.4 250.3 251.5 253.8 255 256.1 256.7 257 256.3 257.7 259 260.3 261.9 261.8 254.6 261.8 263.6 264.8 265.7 264 255.8 251.2 248 242.2 232.1 223.4 218.7 220.2 221.3 219.4 216.4 214.4 213.9 210 203.7 198 192.4 186.8 181.1 172.6 166.2 171 184.4 186 185.8 183.8 181.1 180.5 179.6 176.9
222.3 220.5 223.2 224.5 224.3 223.9 225.3 227 231.3 237.8 242.7 245.3 244.7 245.1 245.6 247.7 251.3 253.4 252.3 250.9 252.4 253.9 256.2 258.2 258.1 255.9 253.9 252.2 251.5 251.5 253.3 255.5 257.5 260 260.8 262.4 260.4 262.9 265.2 267.1 267.2 264.9 261.6 264.3 266.1 268.1 270.2 270.6 267.1 260.7 254.7 249.1 240.9 233.4 222.6 222.9 224.6 223.2 220.3 217.9 217.1 213 206.8 200.1 194.6 189.3 184.3 175.3 162.9 169.5 178.9 183.6 182.7 181.4 180 178.9 178.1 176
224.5 222 223.7 225.2 224.8 225.3 227.3 231 239.1 245.3 249.8 251.4 249 247.2 247.9 250.2 252.9 253.2 252.6 252.9 254.3 255.8 257.6 259.1 259.4 257 255 253.3 252.7 253 254.3 256.8 259.2 262.5 264.2 263.8 263.7 266 267.3 267.7 267.1 265.6 263.8 265 266.7 269.7 273.6 276.9 274 268.8 262.4 253.3 247.3 238.5 227.8 224.6 226.5 225.8 223.8 223 221.7 215.8 208.1 201.6 195.9 191.9 187.4 182.3 169 162.6 171.3 178.5 179.7 179.7 178.6 177.4 176.2 175.1
227 224.3 225.3 225.7 226.5 227.4 232.6 242.5 247.7 253 254.7 254.1 250.8 249.7 250.1 252.1 253.5 253.8 253.7 255.4 256.6 257.8 259.5 261.1 260.8 259 256.7 254.4 254.6 255 256 258.3 260.9 264.2 264.8 264.9 265.7 267.3 268 268.1 267.5 266.3 265.7 266.3 268.6 271.9 276.2 281.8 280.2 276.3 268.7 256.5 249.8 242.2 235.1 227.4 228 227.9 227.1 228.2 226.2 217 208.7 202.1 198.2 193.7 189.2 184.4 178.2 162.3 165.3 175.3 176.9 177.5 177.1 176.4 175 173.6
227.6 227.2 227.9 228.2 230.5 237.2 244.7 252.2 254.7 256.6 257.9 256.1 253.2 252.4 252.5 254.5 255.1 254.4 255.9 257.9 261.2 262.2 265.4 265.6 263.5 261.1 258.8 257.1 257.4 258.1 258.5 260.2 262.9 265.7 266.2 266.2 266.7 267.9 268.6 268.3 267.6 267 267 268.4 271.6 275.1 278.7 284.1 285.3 281.9 275.7 263.2 254.9 247 240.7 230.1 228.4 228.6 230 231.1 227 217.9 209.2 203.8 199.1 193.9 189.7 185.4 180.2 171.6 163 166.5 176.4 177.1 176.4 175.2 174.3 172.8
231.2 230.4 230.2 233.2 239.7 248.5 252.9 255.2 257.5 259.1 260.3 258.3 255.6 255.6 256 257.6 259.4 260.8 262.8 265.7 269.8 271.7 272.8 272.9 270.2 267.1 263.8 263.1 261.6 261.6 262.2 263.4 265.6 268.2 268.4 267.5 268.1 269.6 270.3 268.9 268.4 268.1 269.4 270.3 273.6 277.9 281.9 287 288.4 288.8 282.1 271.1 258.4 253.1 246 238.2 229.9 229.4 228.9 228.4 226.2 218.7 210 204.3 199.1 194.1 187.8 183.7 182.4 176.3 164.3 162.4 175.7 176.5 175.9 174.8 173.6 171.4
232.9 231.1 234.6 241.1 248.1 252.4 255.8 257.7 259.8 261.6 262.5 262.3 263 261.6 263.4 266.1 268.2 269.4 271 274.8 276.9 274.7 275.7 274.9 273.9 273 270.8 268.6 266.4 266.4 266.9 267.9 269.6 272 272.6 270 271.8 274.6 275.5 274.5 271.9 271.5 274.9 274.4 275.8 280.2 282.6 285.6 287.5 288 286.4 274.7 261.5 255.4 253.7 243.9 234.5 230.3 227.4 226.4 223.9 218.2 209.1 204.6 199.6 195.6 191.6 187.5 183.8 180 169.7 160.8 167.8 175.4 175.5 173.7 173.7 171.8
234.2 235.9 242.6 248.9 252.9 256.1 259 261 262.6 264 266.6 267.7 267.7 263.9 263.7 265.8 267.7 269.6 271 273.4 274.2 274.3 273.4 272.5 271.5 272.3 272.8 273.7 273.6 274.4 274.6 276.3 277.7 279.2 279.8 279.2 279.8 282.6 284.4 283 279.4 276.8 275 276.5 278.4 280.6 281.6 283.8 284.5 284.4 284.3 276.1 262.4 255.2 254.5 246.6 236.5 236.9 228.1 223.9 220.6 217.2 212 207.5 201.9 198.4 193.7 189.2 185.5 181.8 177.4 167 161.2 165.7 169.3 173.5 173.9 171.9
235.6 240.9 248.6 253 257.3 260.3 263 265 266.3 268 268.2 266.9 265.3 262.3 262.4 264.3 266.2 268.1 270 270.7 271.9 271.7 270.8 270.2 269.6 270.3 270.9 272.1 273.7 275.7 277.3 279 280.8 281.5 282.1 282 284.9 288 290.3 290.1 288 283.6 278.7 278 276.7 278.5 279 279.8 280.6 281.4 281.4 276 263.3 254.6 252.8 245.9 247.5 246.3 237.2 228.4 224.9 220.3 214.6 209.7 205.4 200.8 196.1 191.6 187.5 182.4 179 176.2 165.5 158.5 156 168.2 173.5 171
239.6 247 251.8 256.5 259.9 263.9 266.6 267.7 266.8 265.5 264.4 263.2 262 260.3 261.8 264.8 265.8 267.5 268.5 269.2 269.8 269.7 269.3 268.7 268.2 268.5 269 270.3 272.7 275.2 276.3 277.9 280 280.5 280.9 281.1 283.4 286.4 288.5 288.7 287.8 285.9 285 280.8 277 276.8 277.3 278.1 279.4 279.3 278.6 273.9 264.8 254.8 252.9 252.6 250.5 248.7 241.8 233.7 230.1 225.6 219.5 212.4 208.6 204.2 199.5 195 189.9 183 178.9 177.8 176.4 171.7 161.5 158 173 171.2
245.1 251.2 256.5 260.5 262.6 265.1 264.5 264 262.7 261.6 260.8 259.9 259.7 260.1 262.7 265 266.1 266.9 267 267.4 267.9 267.9 267.5 267.1 266.7 267.1 267.6 268.7 271.7 274.1 275.5 277.3 279.3 279.4 279.7 279.6 281.7 284.1 285 285.4 284.8 282.3 282.3 281.2 278.1 277 276.9 277.4 278.2 278.5 279 274.5 266.1 258.3 254.8 253.5 252.5 248.9 243.5 237.6 236.9 234.5 228.7 218.7 212.1 207.5 202.9 198.5 192.8 185.3 180.5 178.2 176.3 174.8 167.7 156.3 169.4 171.9
251.6 256.2 260.6 261.8 262.3 261.5 259.9 258.3 258.7 258.1 258 259 259.3 259.1 261.5 262.9 263.9 264.8 265.2 265.7 266 266.1 266.2 266.3 266.4 267.3 267.6 269 272.5 274.6 276.1 277.7 278.7 278.5 277.8 277.8 278.4 280.1 280.3 280.1 279.5 278.7 278.6 277.8 278.1 278.4 277.4 277 277.5 279.5 279.1 275.9 269.2 263.4 257.3 255.8 254.5 248.3 243.7 238.2 239.8 238.9 234.8 228.1 219.2 212.3 206.6 201.9 196.3 188.1 182.4 179.6 177 172 162.8 154.6 169.3 172.4
257.9 260.1 259.4 257.7 257.2 256.7 256.1 253.9 253.9 254.4 255.1 257.4 258.3 258 259.5 260.8 261.7 262.7 263.2 264 264.8 265.1 265.4 265.6 266.9 267.5 268.1 271.4 274.2 275.2 276.2 277.1 278 277.7 275.9 275.1 275.5 275.7 275.3 274.9 275.3 275.5 275.5 276.7 278.4 280.1 278.9 277.3 276.7 279.6 280.9 279.2 275.2 270.3 261.9 258.2 253.2 247 241.5 238 237.6 236.8 235.9 231.9 227 216.9 210.3 204.9 198.8 190.9 183.7 180.4 177.2 171.7 164.8 153.4 167.5 172.5
261.4 257.7 253.8 252.4 251.9 251.3 251 251.2 251.5 252.1 253.2 254.2 255.3 256.4 257.7 259.1 259.7 260.6 261.2 262.6 264.6 265 265.6 266.4 267.3 269 270.5 272.6 272.6 273.6 274.5 275.6 276.6 276.4 275.2 273.5 272.4 272.1 271.8 272.1 273.4 273.6 275.3 277.1 278.9 280.7 280.2 278.2 276.9 277.7 280.5 283.2 283.9 275.5 266.1 260.9 253.5 246.1 239.1 235.7 233.7 232.5 232.7 231.9 229 220.8 213 205.2 198.5 191 184.4 180.9 177.6 173.6 164.7 153.2 163.6 171.1
257.6 253.1 251 250.1 250.2 251.4 250.9 250.8 250.9 251 252.2 253.6 254.9 255.4 257 258.8 260.4 261.3 263.1 264.6 265.9 266.4 266.1 266.9 267.8 269.6 270.6 271.7 271.2 271.9 272.9 274 274.2 273.9 272.9 271.5 269.9 270.2 270 270.3 271.4 273.5 275.3 277.3 279.1 280.9 282.6 280.1 278.2 278.7 278.9 280.5 283.1 280.1 270.5 263.8 254.7 244.4 237 232.1 227.7 228.5 229.2 229.7 228 222.9 214.2 205.4 197.1 191 185.1 181.2 177.7 173.8 164.3 152.4 160.4 170.1
253.4 250.7 249.8 251.4 252.4 253.2 252.5 251.8 252 252.3 253 253.9 255.7 257.4 259.2 260.9 262.2 262.6 264.8 266.3 267.2 267.7 267.5 267.3 268.3 269.6 270.2 270.6 270.1 270.3 271.1 271.4 271.6 271.9 271.6 269.8 267.7 267.8 268.1 269.2 271.5 274.1 276.8 279.1 280.1 281.5 283 284.2 279.6 278.6 278 279.2 279.6 279.5 271.7 265.4 255.9 243.7 234.6 229 224.9 225.6 226.6 227.9 225.8 221.9 214.8 204.5 197.1 190.7 185.8 182.2 177.3 171.9 164.4 151.7 158.9 168.8
250.3 249.3 251.1 252.8 255.9 258.1 256 253.6 253.3 253.7 254.4 256.9 258 259.7 261.2 263.1 263.5 263.9 264.8 266.9 268 268.3 268.4 268.4 268.5 268.6 268.6 268.7 268.5 268.5 269.1 269.7 270.2 271.4 270.2 268.1 266.9 267 267.4 269.2 272 274.8 277.4 278.7 279.7 280.9 283 285.9 282.4 277.1 275.5 274.8 275.6 275.9 271.7 264.9 257.3 242.9 231.8 227.4 224.4 224.7 226.6 225.6 223.6 220.2 215 204 196.1 190.4 186.5 183.3 179.9 175.9 169.1 153.8 151.1 160.5
247.1 251.3 252.6 255.3 258.3 260.9 259 256.3 255.6 256.1 257.5 259.7 260.4 261.2 262.3 262.4 261.9 261.3 262.4 264 265.6 266.3 266.7 266.6 266.3 266.6 266.6 266.7 266.5 267 267.6 268.4 268.4 270.3 268.7 267.2 266.1 266.2 267.5 269.8 272.6 275.3 276.7 277.6 278.6 280.1 283.1 284.1 283.1 279.2 276.2 271.7 272 271.6 269.1 263.3 256.9 244.2 231.4 226.6 223.7 222.8 224 224.6 222.4 219.4 214.9 204 195.6 190.3 186.4 182.9 179.5 175.3 168.4 161.3 149.2 149.5
