webserver/python/data/SD83.asc
ncols 200
nrows 200
xllcorner 380000
yllcorner 430000
cellsize 50
[rows 72 to 107 of 200, columns 80 to 159 of 200]
104.3 106.9 109.2 114.5 120.6 122.9 129.2 133.7 136.9 140.4 144.3 148.9 152.3 157 162.7 166.6 169.4 174.7 178.1 180.1 184.5 187.1 190.2 193.3 196.6 198.4 201.9 204.2 206.2 207.8 209.5 211.6 214.5 218.7 222.2 227.9 232.5 234 234.6 234.2 235.1 237.4 236.7 238.7 239.6 241.2 243.2 242.8 242.7 241.8 240.8 238.5 234.8 230.9 228.8 226.9 222.8 216.2 207.2 200.1 190.5 183.7 180.7 177 176.8 184.6 184.5 178.5 175.3 175.9 179.5 185.3 192.9 199.1 204.5 208.9 213.1 217.7 223.1 223.9
103.4 107 112.5 116.9 120.8 123.4 127.4 133.4 137.2 143.6 144.7 147.7 152.3 158 162.3 166.5 169.1 173.7 176.6 181.6 186.3 189.4 190.9 194.7 197.5 200.6 203.7 206.1 208.3 210.7 213.2 217.2 221.1 224.6 229 235.8 240.4 243.6 245.8 246.9 247.3 248.7 251.6 251.6 250.7 249 249.5 250.3 249.4 248.3 246 246.5 243.7 238.4 232.9 230.2 228.6 223.9 215 205.8 196.7 189.8 184.6 180.9 180.1 183.3 186.1 184.1 179.5 181.6 177.2 177 179.7 187.4 192.2 196.1 202.9 208.4 212.5 213.8
103.8 109.9 114.8 120 124.3 128.4 132.3 136.2 140.8 144 146.5 149.2 152.1 156.9 161.1 165.9 168.9 172.1 174.7 179.9 186.4 190.1 193.4 196.1 200.5 203.2 205.7 207.7 210.6 216.3 219.3 222.3 228.2 230.6 234.2 238.3 241.7 244.4 248 251.9 255.7 258.6 261.3 263.5 262.2 261.3 258.9 257.4 255.4 256 251.1 249.7 249.9 245.9 238.9 232 229.3 226.7 214.7 213.4 205.2 197.1 189.2 185.8 184.3 184.3 187.1 186.7 181.2 185.9 187.5 189.1 187.5 180.9 180.7 184.1 188 190.4 189.4 190.7
107.5 112.7 117.6 123 128.2 134.1 136.8 140.6 143.5 144.7 150.3 152.4 153.5 156 160.5 166.1 168.8 170.8 172.2 178.5 184.9 190.8 194.2 196.8 201 204.3 206.7 209.3 216.7 220.3 223.4 231.2 237 236.8 237.8 241.1 243.9 247.3 249 251.6 255.8 258.6 263.4 266 267.6 267.2 267.7 266.8 265.1 259.8 257.5 252.6 251.2 249.5 244.2 235.9 229.4 226.8 225.1 220.2 213.6 204 194.1 191.9 189 187.5 189.5 188.8 185.3 182.9 188.8 191.9 193.2 195.2 198.2 197.1 195.1 193.3 195.5 196.6
111.3 117.4 122.5 128.3 131.5 133.1 138.9 143.1 143.5 150 152.7 155.3 158 160.3 162.3 166.5 167.8 169.2 172.6 174.4 180.2 189.1 194.4 197.3 200.4 203.9 206.9 212.6 217.7 219.9 223.5 227 236.6 240.3 241.9 244.5 247.1 249.8 252.3 254.5 257.5 259.9 263.2 265.6 267.7 269 269.5 270.9 270.7 270.4 267.3 259 254 252.6 249.5 245.1 234.2 229.2 227.3 224.4 218.5 211.2 202.6 198.5 193.6 192.7 192.1 191.2 190 185.3 188.7 192.1 195.4 199.3 202 204.4 205.4 207.4 209.9 212
114.7 123.3 128.1 130.4 132.2 136.4 142.2 145.1 147.2 151 154.2 157.7 160.2 163.2 165.5 167.6 168.5 172.1 173.8 183.6 188.3 188.5 188.3 196.8 199.7 202.9 206.9 212.6 217 219.6 222.4 229.4 234.8 230.6 239.7 241.4 249 254 256.9 260.7 265.1 266.8 268.9 267.2 267.3 268.3 269.7 270.3 270.7 271.6 271 267.4 261.9 257 254.6 252.4 246.4 235.7 230.4 227.9 223.5 217.3 210.9 204.8 201 198.7 196.2 194.6 192.5 189.4 189.7 194.2 197.7 201.6 204.1 206.6 208.7 210.6 213.1 215.7
117.3 127.6 131.9 135 139.1 141.5 144.6 146.2 149.2 152.5 155.6 159.9 161.5 164.1 166.7 168.8 170.2 174.9 182.4 187 191.5 195 194.9 191 198.6 201.9 205.7 210.7 213.5 217.7 222.3 226.3 223 233.7 238.1 239.7 243.4 248.3 252.8 256.7 262 266.1 267.8 270.1 267.4 267.6 268.6 269.8 270.4 270.4 271.7 272.5 267.8 263.7 260.3 256.9 253 245.5 235.7 232.2 227.9 223.3 218.2 208.6 208.2 205.2 201.9 199.7 196.3 195.4 189.3 195.5 200.3 203 205.7 208 210.4 212.9 215.8 219
119.9 128.2 132.4 136.2 140.6 143.1 145.3 142.9 150.2 153.9 157.2 160.2 162.3 164.9 167.3 169.6 172.7 177.4 183.1 188.5 193 197.1 199 198.5 194.6 200.2 203.7 207.5 211.4 215 219.7 224.4 228.6 233.6 236.6 238.5 241.8 246.3 250.7 254.1 258.8 262.5 264.6 267.5 265.8 265.8 266.9 269.1 270.8 271.1 271 270.7 269.7 269.1 268.7 265.3 257.8 251.7 244.1 236.8 232.3 227.8 223.7 219.5 217.7 213.9 209.9 205.8 200.1 199.8 199 192.4 200.6 204.8 207.4 209.2 211.9 214.7 217.5 220.9
125 130 132 134.6 139 143 145.6 143 151.1 154.3 157.4 160.3 162.7 165 167.3 169.6 172.9 177.7 182.9 189.4 193.5 198.1 200.4 201 200.1 200 202.1 205.7 209.5 214.3 219.4 224 228.2 233.3 235.3 238.7 241.4 245.3 248.6 251.2 255.4 258.7 261.2 264.3 263.3 263.5 265.4 268.6 271.1 271.5 270.8 269.7 269.1 268.7 269.8 270.9 265.2 258 252.1 243.9 238 232.6 228 226 224.1 220.9 216.5 210.7 206.6 203.9 203.1 197.2 199.6 205.6 209.2 211.3 213.9 216.6 219.5 223.2
125.3 128.5 132.2 136.7 141 144.8 146.7 146.3 151.2 154.1 157.4 160.3 162.3 164.4 166 170.5 172 177.2 182.1 188.7 193 197.1 200.3 201.3 202.2 202.5 203.7 204.4 207.8 213.7 218.3 222.4 227.1 231.9 234.9 240.6 242.6 246.3 248.1 249.5 252.4 256 258.8 261.4 260.8 261.8 264.6 268.1 269.6 270.6 270.9 269.8 268.6 268.1 268.9 271.1 268.6 260.4 255.5 251.4 243.6 239 236.3 230.9 229.2 228.4 221.5 217.1 212.5 212.8 208 199 200.5 206.3 210.1 212 214.8 217.5 220.8 225.2
125 128.2 131.9 136.6 141.8 145 146.7 148.6 151.8 155 157.5 160 161.8 164.8 166 171.9 172.7 175.1 180.8 186.4 190.6 195.2 199.3 201.1 202.2 204.6 205.1 206.2 207.6 213.6 217.6 222.5 226.2 231.3 235.1 240.3 244 247.3 248.3 248.3 250.4 253.7 256.5 258 258.9 259.9 263.1 265.5 267.1 268.5 270 270.7 268.6 267.4 267.1 270.3 267 261.2 256.7 253.2 248.9 245.1 243.3 238.3 232.8 230.9 227.5 223.6 220 214.3 210 204.1 207 206.7 205.4 208.7 216.2 218.6 222.4 228.3
122.5 125.9 128.3 131.1 136.7 141.4 144.7 148.9 151.5 154.1 156.7 159.3 161.2 163.9 165.8 172 172.5 176.5 179.1 183.1 186.8 191.5 195.7 199.5 201.7 203.9 205.5 207.5 209.9 214.3 218.9 224.7 230 234 235.9 241.8 244.8 246.8 248.3 248.2 248.8 251.4 253.7 255.4 257 258 259.8 262.4 264 265.9 268.1 269.1 269.3 267.2 265.9 267.5 265 262.2 257.7 253.7 251.5 250.1 248.8 244.8 239.1 234.9 232.2 229.8 224.5 217.5 211.7 208.2 210.4 212.8 212.8 210.1 215.7 220.6 224.1 228.2
115.5 118.7 121.8 128.3 130.3 136.3 141.4 147.3 150.8 153.8 156.2 158.2 160.1 162.3 166.9 169.4 169.5 174.8 177.8 181.1 184.5 188.8 194.3 197.7 200.4 202.7 205.3 207.6 210.8 215.9 222.7 226.7 234.4 238 241.6 243.1 244.9 246.2 247.3 247.6 247.9 249.8 252 253.8 255.4 256.1 257.4 259.3 260.9 263.1 265.1 266.7 269 267.2 264.7 263 262.5 262 259.9 256 254.8 254.4 252.7 250.2 246.5 242.9 239 235.4 229.3 221.5 216.5 213.2 214.1 216.6 218 219.6 214.9 220.1 224.4 228.2
121.4 123.9 128.9 127.6 130.1 132.5 141.1 145.6 149.4 152.9 155.7 157.3 159.2 161 168.4 168.9 169.1 173.6 177.3 179.8 183.6 187.8 192.5 195.8 198.6 201.6 204.8 207.9 211.9 218.8 224.7 232.6 237.1 242.2 244.4 245.7 245.9 246 247 247.8 248.4 249.5 251.3 252.9 253.9 254.4 255.7 257.3 258.2 259.5 262.3 266.2 268.7 266.4 262.4 259.7 260 260.2 259.1 257.8 258.6 257.9 255.9 253.5 251 248.9 245.1 240.2 233.8 225.9 221 215.9 218.4 220.6 221.2 222.4 224.1 226.3 226.5 228.8
125.9 128.3 130.3 132 136.7 136 136.8 141.7 149 151.5 154.3 156.8 158.4 160.4 163.9 166.7 169.5 172.6 175.8 178.8 182.5 186.2 190.5 193.3 196.3 200.6 204.6 208 212.5 219.3 225.8 231.8 236.4 241 243.6 246 246.6 246.1 246.5 247.3 248.5 250.2 251.3 252.2 252.5 253 254 255 255.7 255.6 259.7 263.7 266.6 266.3 259.9 256.7 256.8 257.6 256.8 257.4 261.7 261.7 258.9 256.3 254.3 252.9 249 244.2 237.3 229.6 224.3 218.4 221.9 224 224.9 225.9 228.6 231.5 232.2 232
128.3 129.3 133.1 136.4 141.1 141 143 145.7 148.5 152.1 154.4 156.5 158.3 160.3 163.1 165.7 167.9 171.1 174.3 177 180.5 183.7 187 190.2 194.1 198.6 203.1 207.1 211.5 217.5 224.3 229.7 233.9 238 240.8 242.6 245 244.7 245.1 246.2 248 249.6 250.8 251.3 251.3 251.1 252.4 253 252.5 253 253.9 256 259.5 259.9 255.4 253.1 253.4 253.3 253.7 256.3 261.1 263.7 262 259.1 256 253.8 251.7 247.8 240.9 232.3 226.8 223 224 227.9 228.7 229.6 233 236.3 238 237.3
128.4 130.9 134.1 137.4 141.8 141.4 144.6 145.8 151.4 152 154.5 156.3 158.4 160.3 162.7 163.6 166.1 169.7 172.7 175.2 178.2 180.8 184.4 187.8 191.2 196.4 201.3 205.3 209.7 215.6 221.6 226.2 230 233.2 236.1 238.8 242.2 245.7 246.4 245.9 246.6 249.1 250.3 250.3 250.1 249.4 250.2 250.3 249.6 249 249 249.3 251.5 252.3 250.3 250.4 249.8 250.6 250.9 255.3 260.3 262.6 265.1 262 258.8 255.5 253.8 251.9 246 233.6 227.3 224.7 226.8 230.8 232.2 234.4 237.8 240.8 243.1 243.3
128.2 131.4 134.4 137.3 140 139.6 144.5 145.4 150.8 151.6 155.2 156.6 158.3 159.9 162.5 163.4 165.6 168.2 170.4 172.4 175.9 178 181 184.5 189.2 193.6 198.4 202.5 207.4 212.3 217.6 222.4 225.8 228.2 231.9 235.8 239.8 244.1 246.8 244.7 245.3 247.8 249.3 248.2 247.7 247.3 247.3 247.5 246.7 245.5 245 244.4 245.8 246.3 246.5 246.5 246.3 247.8 248.3 252.6 258.6 261.6 265.1 265 262.3 259.5 256.5 252.9 248.1 233.9 229.4 226.6 230.9 234.3 237.8 241.3 241.9 242.7 245.7 251
128.4 131.3 134.1 136.4 141.7 139.2 144.1 144.8 150.4 151.1 155 156.7 158.1 159.7 161.8 163.2 164.9 166.8 169.9 171.1 173.5 175.3 178.3 181.4 187.7 192.1 196.7 200.5 204.5 208.5 212.9 217.9 221.7 225 228.4 231.7 235.3 240.2 242.5 243.4 244 245.6 246.3 244.8 244.9 244.6 244.4 245.1 244.2 243 242.3 242 242.2 242.1 242.6 242.3 243.5 243.6 245.2 250.7 256.6 260.1 263.2 265.8 264.8 261.2 256.8 251.4 242.9 229.2 228.6 228.5 234.8 237.9 240.7 243.5 245.9 245 247.8 251.7
128.5 130.3 133.1 139 140.4 138.9 142.9 143.9 149.6 150.3 154.3 156 157.5 159.1 161.3 162.5 163.9 166.1 168.7 169 171.1 173.6 176.3 180.1 185 190.7 195 198.8 202.2 206.1 209.5 214.3 217.9 221.2 224.3 227.7 231.2 234.6 238 239.7 241.4 242.5 242.5 241.8 241.8 241.4 242 243 242.2 240.5 239.5 239 239 238.3 237.6 238.2 238.3 241 244.5 249.6 254.5 257.8 259.8 263.2 264.7 264 257 248 238.7 235.6 232.3 230.2 235.3 238.4 240.1 242.3 244.5 247.2 251.3 254.1
128.6 129.1 131.5 135.3 137.3 137.9 139 143.1 147.8 149.5 152.8 154.5 155.4 157.3 159.6 161.9 163.5 164.8 166.6 168.8 170.9 173.3 175.8 178.6 183.4 188.2 193.8 197.5 201.3 204.5 207.7 211.5 214.9 217.4 220.5 223.1 226.3 230.1 233.7 236.8 238.1 238.9 238.7 238.4 238.7 238.9 239.8 240.2 239.5 238.1 237.1 236 235.8 235 232.4 234.4 235.8 240.8 244.3 248.7 252.4 255.2 257.4 259.7 261.7 263.3 257.1 242.9 231 235.2 240.4 231.1 237.5 247.7 250.8 248.8 251 253.1 254.8 256.1
126.8 128.6 128.6 130.7 135.3 137.6 138.4 142.4 143.2 148.7 150.1 152.7 154.5 156.3 158.7 161.3 162.8 164.2 165.7 168.4 170.7 172.8 175.6 179.4 182.9 187.6 193.3 195.9 200.5 203 205.4 208.5 211.7 214.3 216.9 220.5 223.3 226.1 229.9 232.9 234.5 235.4 234.7 234.9 235.9 236.1 237.7 237.3 236.9 235.8 235.1 234.1 233.3 231.8 229.4 231.5 234.9 238.8 243 247.8 247.2 251.3 254.6 256.5 259.4 257.7 254.4 244.6 229 235.4 244.8 232.1 241.1 253.6 257.4 257.8 257.6 257.7 258.2 258.8
122.7 128.6 128.6 128.6 136.8 134.9 137.6 141.9 142.6 146.6 147.9 150.3 153.5 155.5 157.2 159.4 161.5 163.1 164.5 167 169.8 172.6 175.2 177.8 182 186.2 190.6 195.4 198.1 201.5 204.2 206.2 209.5 211.9 214.4 217.1 219.6 222.1 225.9 228.5 230.5 232 232 232.4 233.3 233.9 235.4 234.6 234.5 233.2 233.5 232.3 231 229.2 227.2 229.5 233.6 237.4 240.8 238.1 244.9 251 252.8 254.3 254.3 255.2 250.3 237.1 227.3 234.8 242.6 235.2 240.7 252.4 256.9 259 260.3 261.5 262.1 262.5
119.2 124.3 128.5 128.6 137.7 134.1 136.8 137.8 141.8 145 145.6 146 151.6 153.1 154.7 157.3 159.2 161.1 163.8 166.2 169.1 171.9 174.4 175.7 180.2 183.4 187.2 192.4 195.3 198.7 202.3 204.3 206.9 209.4 211.7 213.7 216.3 218.7 221.8 224.6 227 229 229.5 229.9 230.6 231.3 232.2 232.4 232.3 231.3 230.7 230 228.1 225.5 225.4 228.5 231.5 233.8 235.7 240.3 245.7 249.2 251.5 251.8 250.7 251.3 245.4 234.6 225.9 232.8 239 237.6 234.7 247.5 254.1 257.5 259.6 261.5 262.9 264
120.2 119.4 127.1 128.7 134.2 133.2 134.7 137.3 140 144.4 145.2 145.9 149.8 150.9 152.3 154.2 157.2 159.1 162.4 165.1 167.8 170.1 171.5 173.8 177.7 180.5 183.7 189 192.7 196.1 199.4 203.1 204.9 205.8 209 211.2 213.7 215.8 218.4 221.4 224.1 225.5 227.1 227.2 227.6 228.4 229.5 229.9 229.5 228.3 227.5 226.3 223.3 222.2 222.9 225.5 228.3 231.4 233.9 236.7 244.4 245.6 246.1 246 244.7 241.9 240.4 234.4 224.8 229.2 234.7 234.7 229.9 242.6 251 254.5 256.4 258.2 259.9 261.5
125.7 125.8 124.7 128.7 129.3 132.3 134.1 135.5 139.9 140.7 144.2 145.7 148.4 149.4 151.1 153.3 155.7 157.3 158.9 161.8 164.7 167.4 170 171.1 173.7 176.8 179.8 184.2 188.6 192.4 196.2 200.9 203.8 205.3 206.7 208.7 211.2 213 215.1 218.1 220.9 222.9 224.2 224.1 224.2 224.8 225.5 225.4 225.2 224.3 223.2 222.3 221.3 220.5 221.3 223.3 225.4 228.6 230.8 237.1 239.5 240.1 240.4 240.1 239.7 237.1 236.2 231.2 224 226.7 229.8 230.6 226.9 237.3 246.3 250.6 252.1 253.2 254.9 256.9
125.1 127.4 128.6 130.4 128.9 131.2 133.2 135.6 139.9 140.7 143.1 145.4 147.3 148.2 149.7 152.1 153.6 155.3 157.3 159.3 161.1 164 165.8 167.9 169.6 171.7 175.1 178.3 183 188.5 193.1 193 193.6 204.7 205.6 206.3 208.3 209.9 212.1 215.8 218.6 220.6 221.6 220.8 221 221.7 222.3 222.3 222.1 220.3 219.2 219.5 218.9 218.4 219.5 222.2 223.4 225.8 228.9 231.4 232.9 233.3 233.2 234.4 234.8 233 231.3 227.8 223.1 224.7 226.6 227.7 223.9 232.9 239.1 245.3 246.9 248 249.4 251.9
126.4 127.3 128.3 136.2 130.2 130.4 133.1 135.8 138.3 140.3 142.3 143.8 145.9 146.7 148.1 150 151.9 153.6 155.2 157.1 159.1 161.3 163 165.2 165.8 167.8 170.1 174.1 177.8 182.8 187.2 191.7 197.4 200.1 203.7 204 205.2 206.9 208.7 215.5 215.7 217.4 217 217.4 218 218.7 219.2 219.5 219.1 217.4 215.7 215.5 215.6 216.3 219.1 220.7 221.6 222.4 222.8 224.1 225.6 226.4 227.5 229.2 229.8 228.8 227.3 225.3 222.8 222.5 223.6 225 220.6 228.1 233.4 238 241.5 243.3 244.7 246.7
129.1 128.6 129.2 135.2 131.3 132.7 133.9 136.1 138.1 139.9 141.1 142.5 144.6 145.5 146.5 148.4 150.2 151.8 153.2 155 156.3 157.6 160.5 162.1 162.8 164.8 167.8 170.4 173.9 177.4 181.2 187.6 194.7 195.4 201.2 201.1 202.2 203.7 205.6 209.4 210.7 213.6 212.8 213.7 214.9 215.3 215.7 216 216.3 215 211.7 213.3 214.5 216.7 218.1 218.5 219.4 219.9 220.9 221.8 222.6 223.6 223.9 224.8 225.3 225 224.2 223.4 223.1 222.2 218.5 219.7 215.4 222.1 227.3 232.4 235.9 238.3 239.6 241.2
130.6 128.3 129.4 130.3 131.4 133.1 134.7 136.2 137.7 139 140.1 141.2 143.6 144.7 145.5 147 148.7 150.4 151.9 153.7 154.5 156 157.6 160.4 161.3 164.5 164.1 167.7 170.9 173.6 177.1 181.5 187.5 191.9 195 196.1 198.3 200.3 201.6 204.6 206.7 207.4 209.1 210.6 210.7 211.2 211.7 212.2 212.7 210.5 210.6 211.4 213.5 215.5 216.6 217.4 217.7 218.1 218.8 219.6 220.6 221.3 221.4 221.6 221.9 221.5 220.8 220.3 218.8 221 217.1 213.1 212.9 219.3 223.5 227.5 230.8 233 234.5 236.1
128 130.5 133 130.3 131.1 132.2 134.7 136.4 137.4 138.4 139.3 140.3 141.8 144 145.2 146.5 148.1 149.4 150.9 152.5 153.2 154.3 156.7 157.2 160.4 162.8 163.2 163.9 168.2 170.4 173.7 177.7 181.4 185.2 189.1 192.1 193.5 196.1 198.3 201.1 202.9 204 205.1 206.5 206.8 207.5 208.1 208.2 208.8 209.2 208.9 209.2 211.4 213.4 212.3 216.3 216.1 216.2 216.3 217.1 218.2 218.9 218.9 219 219 218.7 218 217 216 216.8 214.5 210.8 212.2 218 222 224.3 225.6 227.7 230 232
128.4 129.4 134.1 130.9 132.1 133.8 135.5 136.7 137.8 138.5 139.3 140.2 141.7 143.4 144.9 146.1 147 148.3 150.1 151.2 153.2 153.3 154 156.7 159.2 160.6 163.4 163.9 166.3 168.1 170.9 174.5 177.7 181.2 184.7 188.1 190 192.7 195 197.1 198.5 199.8 202.2 202.9 203.4 204 204.4 204.3 204.6 204.9 204.4 206.3 208 209.6 211.8 212.4 214.2 213.8 213.7 214 214.7 215.7 216 216.1 216 215.4 214.4 213 212.1 211.2 210.2 209.2 210.4 217.2 220.3 221.4 222.3 224 226.4 228.6
129.1 129.4 131.2 132.2 133.9 135.2 137 138.9 139.1 139.2 139.5 139.8 141.6 143.1 144 144.4 145 146.8 149 149.9 150.7 153.2 154.3 156 158 159.6 161.3 163.2 164.6 166.8 168.6 171.3 173.6 176.7 179.8 182.8 185.9 188.8 191.3 193.6 194.9 196.4 198.5 199.3 199.9 200.5 200.6 200.7 201.2 201.8 201.5 203.9 205.9 207.8 208.5 212.1 211.5 211.1 211.1 211.3 211.8 212.6 212.8 213.1 212.9 211.9 210.7 209 206.9 208.5 208.3 210 212.8 217.7 218.4 219.1 219.3 221.2 223 225.2
129.6 130.6 131.7 133.6 135.2 136.5 138 139.2 139.4 139.6 139.7 139.3 140.8 142.2 143.8 143.8 144.1 145.4 148.1 149.4 150.4 151 153.2 154.5 156.4 158.3 159.8 162.1 163.6 165.9 167.6 169.6 171.5 173.9 176.1 178.8 181.7 184.6 187.4 189.6 191.2 192.9 194.9 195.8 196.5 197.4 198.5 199.1 199.1 199.8 199.8 201.9 204.1 205.1 205.9 208.7 209.4 208.1 208.4 208.5 208.6 209.2 209.6 210 209.6 208.4 204.9 200.9 205.6 207.2 209.6 212.1 216.1 216.9 217.3 217.1 217.4 219 221 222.5
131.9 134.3 132.8 134.2 136.2 137.3 138.7 139.2 139.1 139.1 139 139 140.1 141.2 142.3 142.8 143.8 144.7 145.2 148.2 149.7 150.9 152.1 153.3 154.5 156.3 158 160 162.8 165 166.7 168.2 169.9 171.1 173.1 175.4 177.9 180.5 183.3 185.6 187.4 188.9 189.8 191.8 194 194.8 196 196.7 195.5 196.5 198.1 200.1 202 201.7 202.9 208.4 208 205.1 205.7 206.2 206.4 206.1 206.2 206.4 205.9 202.2 196 206.7 210.4 211 210.6 212.5 214.8 215.2 215.7 215.7 217.6 217.1 217.5 219
137.8 135.5 133.9 135.8 137 138 139.4 139.6 139.3 139 138.8 138.6 139.7 140.5 141.6 142.3 143.6 144.4 145.2 146 148 149.4 150.8 152.1 153.4 155 156.7 158.5 160.6 163.2 165.6 167 167.6 167.3 168.2 167.8 173.5 177.1 179.6 182.1 185.5 187.8 186.4 186.9 187.6 188.7 189.8 191 192.3 193.8 195.9 197.2 198.6 200 200.9 206.5 207 204.7 202.6 202.3 202.1 198.8 199.2 200.1 197.7 193.1 201.3 204.8 207.1 208.6 208.5 208.6 209.6 210.7 209.8 214.7 215 211 208.5 208.2
