webserver/python/data/SD86.asc
ncols 200
nrows 200
xllcorner 380000
yllcorner 460000
cellsize 50
[rows 105 to 139 of 200, columns 0 to 77 of 200]
204.4 205.2 205.6 204.1 204.4 204.3 202.4 197.7 188.1 170.6 157.6 157.5 157.2 157 157.3 160.9 163.9 175.3 187.6 210.3 225.5 235.1 238.4 237.3 234.3 227.5 209.3 188.5 171.3 162.6 159.2 156.4 151.1 148.6 149.9 150.1 154.3 158.7 164.8 170.8 171.8 173.6 178.2 188 197.4 207.9 220.5 234.7 246.4 257.6 270.9 279.7 288.1 297.7 304.8 314.1 326.9 334.6 347 358.4 364.5 370 370 360.5 359.3 364 371.6 384.4 387.4 389.2 388.9 386.9 383.9 373.6 379.2 377.8 380.3 399.2
203.9 204 204.4 203.3 203.1 203.8 202.7 198.3 191.1 175.2 157.7 157.3 157 157 157.1 160.9 162.1 161.2 169.7 194.7 217.7 230.7 237.8 237.3 233 226.5 208.8 189.4 172.1 161.4 157.4 153.8 148.7 148.4 147.3 150 152.5 156.9 161.9 164.7 169.1 174.3 181.4 188.7 197 210.8 223.2 237.7 249.3 258.1 270.9 282.7 292 306.8 315.6 314.6 334.8 339 344.8 360.1 367.7 375.4 377.9 374.1 365.5 366.1 371.2 376.6 388.9 393.3 389.2 390.2 392.5 381.8 377.6 378.4 376.8 394.8
203.9 202.8 203.2 202.5 202.1 202.8 202.7 199.1 191.6 178.1 158 157.6 156.9 156.7 156.5 160 158.5 157.4 161 173.5 198.4 219.4 231.7 233.6 229.7 222.3 204.5 187.4 170.1 161.1 155.4 149.4 148.6 147.6 147.6 149.3 151.1 157.9 160 164.1 174.3 178.3 183.1 188.9 200.3 210.6 226.8 239.1 250.2 258.1 270 289.2 299.1 310.5 321.4 325.2 340.5 345.3 347.6 360.4 369.9 377.2 382.4 387.8 376.3 372.9 376.2 379 391.5 393.9 392.7 392.8 395.1 391.8 385.8 384.4 379.2 385.7
203.8 202.2 202 201.7 201.3 201.7 201.8 198.1 190.9 176.8 161 158.3 157.5 156.8 157.9 156.8 151.4 152.5 154 159.9 181.9 199.5 212.5 222.6 224.1 216.7 198.7 184.4 170.5 160.4 153.5 148.7 148.4 148 146.8 148.3 150.3 155.2 158.9 166.1 174.5 179.4 183.7 188.5 202.5 214.3 231.3 242.1 249.7 257.8 270.6 291.5 303.3 314.2 325 332.9 341.6 351.7 354.8 358.5 372.9 381.2 391.4 396.8 395.5 381.7 384 386 386.5 397.6 394.7 399.8 398.2 401.1 389.3 383.7 381.5 383.1
204.7 201.8 202.3 202.9 203.1 200.6 200.1 196.6 189.9 176.3 163.3 159.9 158 157.7 162.5 160.5 160.2 153.3 148.9 157.6 170.3 189.9 200 206.7 212.2 207.7 192.7 179.5 170.1 159.8 151.7 148.3 147.9 147.6 147.2 148.2 149.3 155.8 161.4 165.6 172.3 177.9 182 188 200.1 216.9 233.7 244.6 252.2 259.7 273.7 295.1 309.2 318.7 327.7 334.2 344.3 353 362.8 363.5 370.9 384.9 393.8 401.7 405.3 399.2 394.2 393.5 394.1 400.9 406.2 402.6 399.5 406.4 398.2 387.6 381.3 381.4
205.7 202 202.3 203 203.4 201.3 197.4 195.1 186.1 173.9 170.7 165.1 165.5 163.3 163.2 159.8 161.4 157 146 151.8 161.5 177.6 190.7 195.3 199.8 195.7 186.1 176.5 169.1 159 148 148.1 148 147.3 146.9 147.5 148.3 154.5 157.2 163.2 169 176.3 182.9 189.4 202.5 221.4 236.3 247.1 255 260.2 274.4 297.7 313 326.4 334.1 342.4 349.6 356.5 366.5 367.5 369.8 389.9 398.7 405.1 410.9 412.6 410 405.6 406.4 412.6 403.9 400.9 402.9 410.7 399.7 384.4 380 379.4
207 202.4 202.6 203.4 204.5 199.9 196.8 193.9 184.3 176.8 171.9 172 172.4 168.7 162.7 158.2 161.3 155.7 147.1 146 152.7 168.8 181.1 188.2 193.1 187.2 180.1 172.7 166 155.9 146.8 147.1 147.4 147.6 145.7 146.3 146.2 153.5 154.7 162 168.4 177.2 182.8 191.1 203.8 222.8 238 248.7 258.6 265.4 276 304.4 320.7 333.9 340.7 346.3 356.9 365.3 369.5 373.2 373.9 392.6 405.7 411.6 416.3 419.4 420 419.8 412.2 407 402.1 400.2 407.1 408.3 407.2 383.3 379.5 379.6
208.2 203.3 203.2 203.8 204.6 199.8 195.7 192.8 183.5 179.1 172.9 177.6 173.9 173.5 173.3 162.9 159.5 157 149.2 144.6 146.4 159.4 171.1 181.4 187.5 180.5 175.9 168.9 162.2 155.1 146.7 147 147.1 147.1 146.3 146.1 146.6 149.7 154.1 162.3 167.2 176.2 179 192.3 205.9 223 236.9 250.4 262.8 274.5 284.1 297.3 330.9 342.9 352.8 344.9 362.3 368.1 378.9 378.7 378 383.2 412 418.7 422.5 425.3 427 427.9 423.7 405 398.4 395.5 396.7 414.6 407.4 381 378 380.3
208.9 204.3 204.5 205.8 205 200.5 195.1 191.9 184.9 177.4 175.9 179.6 179.2 178.7 178.8 170.6 156.8 156.6 151.2 143.8 143.3 147.9 162.2 172.5 179.4 175.3 173.1 167.1 160.9 153.8 146.4 146.4 146.3 146.6 146.2 146.1 145.4 148.8 155.9 161.7 165.7 172.9 177.9 192.7 203.6 221.1 236.8 251.5 267.7 284 290.4 295.5 328.5 349.6 356.7 345.9 360.6 366.6 377 391.2 382.5 380.8 398.5 422.5 427.2 430.3 434.3 436.2 429.3 422.8 394.2 385.9 389.5 404.1 397.7 378.1 376.3 374.3
209.5 205.2 205.9 206.2 204.9 198.8 194.2 191.1 185.5 179.6 179.7 179 178.8 180.5 181.6 174.1 158.4 154.2 151.2 142.8 142.3 141.9 149.2 163.5 171.8 170.4 167.8 164.1 158 152.6 145.6 145.6 145.8 146.1 145.1 145.6 146.1 149.5 154.6 162.3 164.6 170.8 179 193.3 207.2 224 237 250.7 271 287.5 290.8 295.2 325.3 344.1 352.3 341.3 356.6 363.8 374.8 388.9 394.7 378.7 385.2 417.6 429.7 432 436.6 439.6 426.5 417.7 389.8 380.1 383.5 401.1 390.9 374.6 376.2 366.5
208.8 205.2 206.7 207.1 203.2 198.4 193.7 192.6 190.2 184.5 184.9 179.2 176.4 180.6 180 175.7 160 155.4 147.5 142.6 142 141.3 143.2 150.1 159.1 166.2 165.5 162.1 157.2 149 145 145.1 145.3 145.5 144.6 145.4 145.7 151.4 155.2 158.6 165.3 172.7 181.5 196 208.5 223.6 236 251.5 268.9 281.4 289.5 295.7 306.7 323.6 340.8 336.2 351.8 361 369.9 374.5 387.7 378.7 379.1 392.4 418.9 424.4 431.4 439.2 420.1 387.9 371.4 352.3 359 367.4 360.2 363.7 373.1 366.7
205.5 203.5 206.4 205.3 200.1 196.5 193.7 193.6 192.8 189.9 188.2 179.9 177 180.4 183.2 176.6 158.9 150.9 146.8 142.1 141.6 141.9 142.8 144.8 152.6 160.8 163.7 161.1 154.8 145.1 145.2 145 144.9 144.5 143.9 144 148.3 151.3 155.3 159.2 165.2 173.6 183 193.9 206.6 219.6 233.9 249.8 266.9 279.9 289.5 297.6 305.2 314.5 322.7 331.3 340.1 351.7 361.4 366.9 370.7 367.7 370.4 374.2 383.7 403.7 412.1 422 390.2 364.7 352 339 336.1 337.6 338.9 335.8 359.4 356.9
202.5 200.7 202.1 200.1 197.7 195.6 195.3 196.5 194.6 193 189.5 177.4 172.8 178.9 183.4 177 156.2 150.4 147.8 141.3 141.1 141.7 142.5 143.6 148.2 155.5 159.3 156.6 150.7 145.3 145.1 144.7 145 143.1 142.2 146 148.3 150.4 154.1 157 165.8 173.4 184.7 195.2 206.3 218.1 231.7 251.6 270.6 284.2 292.7 304.3 311 322.7 331 337.2 341.9 345.7 349.6 351.4 355.1 359.7 362.4 361.9 366.3 373.4 374.5 383.1 380.9 358.4 349 340.9 333.9 328.2 328.3 326 327.6 326.8
199.7 196.5 197.3 193.8 194 195.9 196.8 197.3 195.3 194 187 175.7 170.2 170.6 175.8 175.7 155.9 150.7 148.4 141.8 141.2 141.4 142 142.4 145.1 152.4 154.9 152.6 148.2 143.8 143.2 142.5 140.6 144.3 146.1 148.4 149.4 150.3 159.1 156.5 161.9 172.6 182.8 193 205.4 216.2 229.8 255.7 283 292.3 302.3 311.9 317.8 332.2 339.7 345.6 351 353.5 354.5 353.1 352.5 355.4 358.1 357 356 355.9 356.3 361.2 360 366.1 346.1 341.7 336.9 330.8 325.6 322.8 321.9 323
197 192.7 192.6 189.6 192 195.2 197 196.6 195 193.3 187.4 175.1 169.7 169.7 169.1 171.9 157.1 150 144.9 141.9 140.9 140.8 140.3 140.9 142.6 148.2 152.8 154.1 144.3 141.6 141 140.5 144.8 146.9 147.8 148.8 149.5 150.3 160.5 156.4 160 169.5 180.1 193.2 205.1 215.3 225.5 253.2 282.2 297.4 308.3 316.1 319.9 335.1 340 346.4 353.3 360.3 363.4 362.6 359.1 359.4 360.3 361.2 360.2 356.9 356.4 355.6 351.6 347.2 345.1 345.8 341 334.7 325.3 322.5 322.1 321.6
194.6 190.9 188.1 184.3 185.9 190.4 193.6 193.9 192.2 191.3 186 173.2 169.6 171.4 169.4 168.6 160.6 155.3 149.2 143.8 141.6 140.3 140.2 141.2 142.9 147.3 154.3 153.6 142.1 139.2 141.6 143.2 144.6 146.1 148.4 148.9 149.6 150.2 150.8 153.4 157.9 166.7 177.4 190.4 204.1 215.8 227.1 245.3 273.1 291.9 307.7 316.7 321.1 326.7 337.6 342.5 350.3 360.2 365.7 367.4 366.7 365.9 367.2 363 366.4 365.1 361.3 356.8 358.5 351.6 347.7 348.5 342.7 332.5 327.1 324 323.1 321.9
196.5 191.9 187.8 183.4 181.8 186.4 188.2 189.1 190.5 189.9 184.6 176.1 176 176.4 174.2 169.5 168.1 162.1 154.7 144.9 142 140.6 140 140.7 141.7 144.1 148.6 146.4 138.6 141.6 142.4 142.9 144 145.4 147.7 148.3 149 155.6 149.5 151.7 157 164.7 174 186.5 201.2 215.6 228.3 244.7 266.6 282.7 301.9 316 321.6 323.7 333.1 340.5 348.8 356.6 368.5 374.5 375.6 373.9 373.5 370.6 370.9 372.8 367.7 362 363.4 357.4 349.9 344.6 341.3 337.1 332.4 329 324.3 321.4
197.5 191.7 188.2 183.6 178.3 180.1 182.4 183.3 184.7 186.7 181.5 175.9 175.2 175.7 173.4 169.4 170.3 165.6 156.3 144.4 142.3 141 139.8 140.1 140.6 143.3 146.4 139.5 140.7 141 141.9 142.8 143.6 145.9 147.3 147.9 148.4 148.7 149.6 151.2 156.6 165.5 175.3 186 200 214.8 229.5 248.7 265.7 278 293.5 314.8 322.1 322.5 329.4 340 349.3 357.8 368.1 377.5 379.7 379.1 379.1 379.1 377.2 382.2 374.3 369.1 365.5 360.9 355 347 341.1 340.7 339.4 341.8 337 323.3
195.9 190.6 186.2 181.5 178.3 176.8 176.7 177.6 179.3 181.7 176.2 172 170.5 173.1 172.4 170.9 171.9 166.6 156.3 144.4 142.7 140.9 139.7 140.4 141.1 142 143.1 136.7 140.7 140.5 140.9 141.7 143.1 146.2 146.9 147.6 148.2 149 149.3 152 158 164.4 173.6 186.8 201.3 215.2 233 252.6 270.4 277.4 288 303.6 325.6 324.9 325.1 335.9 349 359.3 366.3 376.7 383 382.7 381.6 380.6 380.5 385 381.2 374.6 369.6 364.6 356.9 349.6 343.7 343 343.1 346.3 343.6 325.3
193.9 188.3 182.6 178 175.2 174.9 173.8 172 173.1 174.5 169 165.5 166.2 168.7 169 170.8 172.4 166.2 155.8 144.9 141.8 140.1 139.8 140.4 140.8 141.7 141.8 137.7 140.7 140.6 140.5 141.4 143.6 145.9 146.5 147.5 157.8 149.3 149.9 152.1 158 164.4 174.4 192.3 207.1 219.3 239.2 260.2 272.8 280 284.1 294.8 320.5 329.1 315.6 331.5 344.2 357.5 367 376.6 381.9 383.9 381.7 381.1 381.1 384.8 388.3 377.2 371.2 367.9 362 350.5 342.6 348.1 348.6 350.6 349.1 327.9
190.9 185.5 179.7 174.9 173.1 173.3 173.5 168.3 166.3 166.7 161.4 159.4 159.2 164.1 165.1 169.4 172.4 164.1 153.6 145.3 140.2 139.6 139.7 140.1 140.5 141.2 140.9 138.5 140.7 139.5 139.7 140.2 143.9 146.7 147.8 149 151 151.4 152 152.7 156.7 163.6 175.2 200.6 211.3 222.1 241.5 260.6 271.2 280.6 282.1 288.3 300.4 315.8 309.4 322.5 336.7 348.9 363.7 370.3 380.2 383.7 383.9 381.4 382.6 388.8 389.6 383.1 376.5 370.6 361.6 353.6 340.2 347.5 359 350.9 348.7 330.6
188.6 182.5 177.1 171.8 171.5 172.1 171.6 169.5 161.6 160.1 155.8 153.4 153.7 155.1 165.6 170.2 172 161.6 153.6 143.1 139.1 139.2 139.2 139.7 140.1 140.3 140.2 138.1 137.8 138.4 139.3 140 144.7 147.7 148.7 149.7 150.2 151.8 153.8 154.8 158.4 163.6 180.5 210.4 213.5 224.3 244 259.9 271.7 282.2 282.3 282.4 284.5 286.6 294.2 307.1 324.2 338.4 350.8 365.7 375.8 381.8 384.2 383.3 386.1 391.3 396.3 392.5 382 367.8 360 352.2 341.9 341.2 359.3 353.7 343.1 332.2
183.4 179.5 173.9 169.4 170.1 170.7 169 169.5 163.7 156.1 153.3 151.4 149.9 149.5 167.5 170.8 169.8 159 153 141.3 138.7 138.6 138.8 139.6 140.3 139.9 139.9 137.8 137.4 138.2 139 139.7 142.1 146.7 148.8 156.6 152.7 153.9 154.8 155.3 156.3 160.6 179.7 215.2 211.1 228.2 240.8 254.3 272.8 280.2 282.4 274.5 273.7 275.7 282.2 291.1 308.5 321.9 342.3 367.9 378.3 382.4 385.3 383.2 388.3 391.6 394.5 391.4 384.9 375 361 352.1 342.1 338 342.6 346.3 340.7 329.6
175.7 176.2 171.1 167.7 168.1 167.6 166.2 167 167.8 161.6 155.6 151.4 148.6 148.5 162.5 169.9 167.9 157.5 150.5 139 138.2 137.9 138.7 139.1 140 139.8 138.8 136.7 137.4 138.1 138.8 139.7 144.5 147.1 149.4 152.4 153.8 155 155.4 154.6 154.5 159.5 172.7 195.4 206.1 230.7 240.8 240.7 257.4 267.5 261.3 261.7 263.3 266 272 280.7 287.7 311.1 334.8 360.1 379 390.6 388.6 387 389.3 389.8 389.2 389.4 382.1 381.4 368.8 358.5 343.6 336.1 336.6 339.1 335 328.6
168.8 170.6 167 165.2 168.3 165.3 164.9 164.3 167.2 167.5 160.9 155.3 149.2 147.1 157.4 167.3 165.4 155.6 149.6 137.9 137.3 137.5 138.3 138.3 138.7 139.2 139.1 135.7 137.8 138 138.8 139.6 144.5 147.1 150.1 152.6 155.3 155.5 154.7 153.6 153.6 156.5 168.9 194.6 215.3 224.8 238.7 236.2 236.1 242.7 244.4 250 253.9 259 263.5 272.1 277.3 289.3 324 352.7 363.2 376.8 387.9 392.2 392.2 393.4 389.4 389.1 385.2 376.9 369.2 358.4 343 335.4 334.6 335 335.4 332.8
162.4 166.8 163.9 161.3 163.6 164.6 163 161.2 164.9 166.9 165.4 159.3 152.7 146.2 150.8 164 162.5 153.7 145.2 138 137.3 137.3 137.7 138.1 138.6 139.2 138.3 137.5 137.8 137.6 137.9 139.3 144.9 146.9 155.4 157.1 159.4 156 154.3 152.4 152.3 154 166.2 181.7 195.4 214.7 233.6 232.6 227.3 227.5 231.2 238.5 244.4 252.8 260.5 268.5 272.7 275.8 294.3 322.3 351.9 350.2 372.2 391.3 393.6 394.6 390 389.1 390 385.5 374 362.7 344.5 333.9 335.6 344.1 343.1 340
157.3 163.7 163.7 159.9 162 164.8 164.9 158.9 160.9 161.3 165.4 160.2 157.5 148.5 148.2 160.9 159.2 151.8 143.4 137.7 137.1 137.2 137.3 137.9 138.4 138.7 137.4 137.5 137.1 137.2 137.5 138.2 144.8 147.2 156.1 162.6 160.9 156.2 153 151.1 151 152.1 163.4 175.5 183.5 201 222.4 226.7 217.6 216.7 220.6 226.5 236.7 248.2 257.9 264.7 269.6 273.1 276 296.9 322.4 330.5 346.4 361 370.6 387.6 384.1 376.8 387.2 385.2 386.1 376.8 355.7 338.8 337.3 348.7 352.1 347.1
153.9 160 161 159 160.8 163.2 163.5 156 156.8 157.8 158.1 157.1 154.1 149.5 145.6 155.2 153.6 147.2 140.1 137.3 136.9 136.8 136.7 137.3 138 137 136.3 135.6 136.7 137.9 138.8 139.2 143.5 154.5 158.2 163.3 160.4 156.7 152.9 150.1 150.1 152.4 163 167.8 176.7 187.6 206.7 211.6 208.6 208.7 214.4 221 234.1 245.8 255 261.6 267.8 272.9 275.8 279 297.4 307.5 327.5 340 346.8 370.7 369.4 363.6 364.3 370.9 381 373.8 361.8 341.1 335 348 352.5 351.3
148.9 154 156.6 158.1 161.4 160.7 159.3 154.7 154.4 152.5 152 149.1 146 141.9 144.2 149.9 146.1 140.2 137.6 136.8 136.6 136.4 136.2 136.8 136.7 136.1 136.4 136.6 137 137 137.4 140.8 145.3 154.9 161 162.1 159.1 154.3 151.4 149.5 149.5 151.8 160.9 165 171.4 178 185.7 193.4 202.4 201.1 206.4 217.7 235.5 249.9 260.6 268.4 274.3 278.4 280.7 280.2 280.9 289.8 303.7 316.2 326.3 340.1 345.1 346.5 346.1 354 360.2 357.5 349.3 336.1 331.7 343.1 351.7 348.8
147.2 152.8 155 158.5 162.1 159.6 157.3 153.7 151.7 149.7 146.3 143.4 141 137.5 139.1 143.2 139.7 136.8 136.8 136.4 136.2 136 135.7 136 136.1 136.2 136.6 136.5 135.1 136.4 136.7 142.4 151.7 153.7 161.5 160.2 153.9 151.6 149.1 149.3 149.3 152.2 158.5 162.5 166.6 170.3 176.2 183.1 190.3 193.4 202.6 215.8 240.4 260.5 268.6 273.1 279.1 283.9 285.6 285.4 285.2 284.8 283.6 294.4 305.4 309.3 316.6 324.1 326.7 331.9 333.2 339.9 338.1 326.9 325.2 335.2 345 343
143.8 148.8 155 156 161.6 160.6 157.5 155 152.3 146.6 142.5 140 138.5 137 136.8 137.5 136.5 136.4 136.4 136.1 135.8 135.6 136.1 136 135 135.7 136.1 136.1 135.2 134.2 136.8 144.9 153.2 154.6 157.9 154.9 151.6 149.3 149 149.1 150 151.3 155 158.7 159.6 161.3 164.9 173.1 184.2 190.5 200.4 218.7 248.2 264 269.7 276.7 281.2 287.4 287 288.1 285.3 285.6 284.7 282.8 287.9 288.7 291.8 298.5 305.8 309.2 312.1 324.3 322.6 316.6 316.5 325.1 335.7 335.9
142.4 145.8 148.4 154.1 158.8 160.3 157.2 155.6 151.3 144.7 140.3 138.8 137.4 136 135.3 134.9 135.6 135.9 136 135.7 135.5 136 136.2 136.3 134.8 134.5 133.3 132.7 134.3 141.5 146.6 146.6 153.2 154.2 156.8 153.9 150.1 148.7 148.9 149.8 151 151.2 152.9 154.5 153.9 155 159.3 169.3 183.9 190.7 201.7 223 248.4 261.7 269.9 275.7 280 285 285.8 287.5 288.2 285.4 286.1 285.1 283.2 284.2 288.8 293.1 293.3 295.2 298.1 304.7 310.2 311 315.4 320.9 327.6 330
141.4 142.6 145.9 148.1 153.4 157.5 155.3 154.9 149.5 142.4 138.8 137.4 135.1 134.4 134.3 134.4 135.3 135.5 135.6 135.4 135.7 135.9 136.1 136.2 134.3 131.6 135.3 147.8 153.2 151.9 148.6 151.7 149.6 152.6 154.5 150.6 148.4 148.2 148.6 151.1 152.4 151.3 150.2 150.3 151.2 152.8 156.5 165.7 178.9 190.8 207.8 227 245 262.9 267.4 270.8 276 280.6 282.9 285.4 287.8 288.6 285 286.9 286.1 284.9 286.9 289.4 291.4 292.1 297.9 293.9 301.5 304.5 312.8 319.4 322.1 324.9
140.9 141.3 142.1 143.4 146.7 151.1 150.6 152 147.2 140.2 137.1 135 134 134.2 134.2 134.3 134.9 135.3 134.9 135.1 135 135 135 134.6 131.5 133.8 145.3 156.7 159 154.4 150.5 152.7 149.6 151.3 151.5 147.8 146.6 146.8 148.6 151.5 152.7 150 148.6 149.1 150.8 153 157.6 164.9 176.1 194.1 212.3 228.8 238.4 263.7 264.8 267.2 272.2 276.5 277.5 279.8 282.6 287.2 285 283.5 282.9 283.8 284.1 287 288.4 292.3 295.1 293 297.4 300.7 307.5 316.9 318.7 319.9
139.9 139.2 139.5 141.9 142.5 144.6 146.8 147.4 143.7 137.8 134.7 133.4 133.5 133.7 133.9 134.3 134.8 134 133.5 133.5 133.8 133.8 133.5 132.9 132.9 137.2 151.7 161 163.9 158.2 151.2 147.2 147.7 149.1 148.9 146.2 144.9 145.4 147.3 150.7 150.6 149.4 147.8 149 152.6 156.2 161.8 169.5 183.5 202 216.6 229.2 234.8 255.8 263.1 265.4 268.8 272.2 273 273.3 277 279.8 282.2 280.8 280.2 281.6 282.4 284.9 287.5 289.6 293.9 295.5 296 295.6 301.5 311.5 314.3 314.8
