webserver/python/data/SD97.asc
ncols 200
nrows 200
xllcorner 390000
yllcorner 470000
cellsize 50
[rows 70 to 104 of 200, columns 78 to 155 of 200]
219.1 218.6 218.9 218.5 218.5 218 218 218.2 218.1 220.4 228.2 234.5 249 264.6 289 315.7 345.7 363.6 378 395.1 404.6 418 424.7 431 441.7 459.8 462.7 464 464.3 464.5 465 463 461.3 460.4 458.2 455.8 450.3 438.3 419.3 406.9 389.9 407.5 425 442.7 461.1 475 477.3 486.6 511.8 525.1 545.2 553.2 563.2 568.9 572 575.3 584.9 599 611.2 618 623.2 624.1 620.9 616.9 614.4 611.1 607.4 601.8 597.6 593.7 590.6 589 583.8 578.4 572.1 562.9 558.7 556.8
221.1 218.1 218.4 218.5 218.7 217.9 218 218.7 218.4 218.5 222.8 230.9 242.1 258.3 280.6 307.2 338.6 360.1 375.8 392.7 400.3 411.8 420.7 425.1 433.5 444.2 457.7 459.5 459.6 460.5 460.8 459.9 458 455.7 453.3 448.7 439.1 428.2 411.6 396.3 386.1 406.1 423.7 439.8 457.7 472.4 476.7 486.2 508.9 522.9 542.1 551.6 559.8 567.3 570.2 573.7 580.9 593.3 606.4 615.7 619 619.4 618.3 616.7 613.9 609.1 603.1 599.1 595.6 592.6 588.3 586.8 582.2 575.1 567.1 564.6 561.1 556.2
221.8 218.3 217.7 218.3 218.7 218.1 218 217.8 217.9 217.9 219.9 227.2 237.8 252.5 274.7 299.6 331 355.7 372.3 388.5 397.8 406.2 417.7 422.1 429.3 434.2 449.5 455.5 456.7 457.3 457.4 456.1 454 450.9 446.6 437.9 428.6 418.8 404 388.1 383.5 406.3 423.1 434.8 454.4 464.8 469.2 487.9 507.8 519.9 535.6 548.9 554 565.4 569.2 570.7 576.9 586.9 600.4 611.1 616.4 617.7 618.3 617.9 615.8 611.8 606.3 601 596.6 592.6 589.7 582.1 578.1 572.2 569.5 564.7 559.8 554.1
224.6 218.2 217.2 217.9 218.4 217.7 217.6 217.7 217.6 217.6 217.5 223 232.7 247.1 267.4 292.1 323.7 352.6 369.9 382.5 395.5 401.7 411.5 419.4 423.4 430.7 437 451.6 453.2 452.5 450.4 449 447.9 443.3 437.2 429.6 420.3 409.2 394 375.6 385.5 404.8 420.8 430.9 449.5 457.2 467.1 483.4 505.1 516.7 528.8 543.4 550.8 560.1 567 568.9 573.1 581.3 592.6 603.3 609.5 614.9 617.5 617.9 617.1 615.7 611.4 604.2 597.5 592.6 588.3 584.9 578.6 573.2 568.1 562.3 556.8 551.1
229.2 218.9 218.2 217.3 217.6 217.5 217.5 217.4 217.4 217.3 217.2 221.1 230.1 242 259.6 284.3 313.4 346.9 366.8 378.2 392 398.8 406.2 416.1 420.6 423.7 430.7 439.2 445.7 444.4 441.4 438.8 438.2 434.4 430.2 422.9 412.7 399.3 384.4 365.6 386 403.2 417 429.8 445.2 454.3 463 477.8 499.3 513.6 522.2 535.6 548.2 555 562.8 566.7 569.7 575 583.1 594.6 605.2 611.6 615 615.8 615.2 612.7 607 601 594.8 590.9 585.3 579.8 575.3 570.4 565.7 559.5 554.3 550.5
236.2 222.3 218.1 217.9 217.6 217.7 217.8 217.3 217.2 217.1 217 217.9 227.2 237.1 253.7 275.6 304 336.2 361.5 374.8 386.4 395.3 402.7 411 418.1 421.6 425.6 431.2 434 434.6 432.7 432.3 430.9 429 424.6 418.9 408.6 390.9 371.2 367.3 388.6 404.5 416.2 425.5 441.3 452.4 461.7 475.5 491.7 505.6 513.7 526.8 539.4 547.9 554.8 563.7 567.8 570.8 577.6 586.7 598.4 607 611.3 612 611.4 607.8 603 597.2 591.9 586.9 580.6 574.4 570.7 567.6 564.5 558.9 553.2 549.4
246.6 229.6 220.3 218.2 217.6 218.1 217.6 217.3 217.1 217 216.8 217.3 224.3 234.3 248.3 268.4 293.6 324.6 354 371.1 380.1 392.6 400 406.4 415.4 420.2 423 426.4 428.8 429.8 428.7 428.2 426.2 424.5 421.2 415.8 404.7 383.1 360 369.4 389.3 403 414.5 424.2 436.8 451 459.9 472.3 484.5 498.7 508.8 519.1 533.1 543.9 551.2 559.1 566 568.5 572.8 580.1 591.4 601.1 605.7 606.3 604.4 601.4 597 592.5 586.5 580 574.6 570.3 566.6 562 559.2 555 551.2 548.7
257.4 236.8 224.8 217.9 217.3 217.6 217.5 217.2 217.1 217 216.8 216.8 221.2 232 242.3 260.3 282.6 311.5 343.6 364.4 375.5 388.5 397.1 402.8 409.5 418.5 422.2 424.5 425.8 426.5 425 425.1 422.5 420.1 416.5 411 400.6 377.8 353.6 367.3 388.7 400.4 413.6 422.1 432.7 446.2 457.3 466.3 478.2 489 503.3 513.5 523.5 537 548 554.2 563.5 566.2 569.1 575.4 584.3 592.7 597.6 598.3 596.6 593.3 589.2 584.4 579.6 574.2 569.2 566.2 562.6 558.3 555 552.4 550.5 548.3
270.1 245.2 229.7 218.4 217.5 217.7 217.6 216.8 216.9 217 216.8 216.9 218 228.3 237.6 253.4 273.1 299.7 328 357 372.6 383.2 393.9 399.2 404.7 412.4 420.6 423 423.2 422.7 421.9 421.9 419.6 415.2 409.4 403.6 392.5 372.3 347.4 367.4 388.1 399.9 414.5 421.6 430.2 441 452.1 461.5 473.1 481.1 494.8 507.9 517.1 529 541.2 549.9 559.1 563.4 566.1 570.6 578.5 586.5 588.6 589.3 588.3 585.2 580.9 576.6 572.9 568.6 565.3 562.5 559 555.7 553.2 551.3 549.8 547.7
280.9 254.8 235.2 220.5 216.7 218.1 217.7 216.5 216.4 216.5 216.6 216.8 216.3 226.5 234.5 246.9 264.7 290 315.5 344.3 365.5 377.7 389.6 396.9 400.7 407.7 416.5 420.2 422.3 421.8 421.1 418.9 414.9 409.3 401.9 394 380.4 360.3 343.7 367 387.1 398.6 411.3 421.4 427 439.9 446.8 457.7 466.8 476.9 487.1 499.5 511.1 521.5 536 545.1 553.5 560.7 564 567.1 572.3 578.2 581.7 584.3 581.3 577.6 573.7 569.9 566.8 563.6 561 558.3 555.8 553.5 551.4 550.2 548.5 547.3
289.9 265.2 240.9 224.5 218.1 216.5 216.9 216.9 216.6 217.1 215.9 215.3 217.4 223.7 231.6 240.8 257.2 281.2 302.7 329.4 359.2 373.2 382.9 392.8 398.4 403.4 409.6 417.2 420.1 421.3 419 414.9 409.3 403.9 395.2 376.8 364.3 347.1 345.7 367.9 385 396.8 407 419.2 425 437.2 443.6 453.2 460.6 470.7 481.3 493.9 506.9 517.9 532.4 543.7 551.4 559 563 564.5 566.3 570.7 573.7 575.2 573.6 571 569.1 564.8 562 559 556.3 555.3 553 551.3 550.4 549.3 547.3 545.8
299.7 277.8 249.7 225.6 219.2 217.4 217.5 216.7 216.5 217.1 216 216.6 215.6 220.4 228.3 236.8 250 268 291.4 315.1 344.6 368.4 378.5 389.1 396.9 401 405.2 412.6 417 417.5 414.5 409 403.1 397.1 385.3 363.9 343.3 325.9 348.3 364.9 382.1 394.1 402.4 413.8 422.2 430.6 439 447.9 455 466.6 479.3 489.8 502.9 512.4 530.5 542.9 550.6 556.5 560.7 563 564.4 565.7 565.5 567.2 567.2 566 564.2 560.6 557.4 554.8 552.1 550.3 549.4 549 548.2 546.4 545 544.7
311.3 286.4 258 234.5 221.3 217.3 217.3 216.4 217 216.8 216.5 216.6 216.8 215.6 225.5 234 243.5 258.1 278.2 301.5 329.8 359.4 376.4 386 393 398.6 402.3 407.3 413.1 413.1 411.1 406.4 398.4 389.3 372.7 350.6 330.3 325.1 346.5 363 375.8 390.2 398.8 409.2 419.3 420.8 431.1 443.2 456 466.6 479.6 489.7 506.8 516.2 529.2 542.9 549.1 553.8 559 560.6 561.2 561.3 561.1 560.3 559.8 559.6 558.3 555.4 552.6 550.4 549.2 547.6 546.5 546.1 543.9 543 542.6 541.7
316.9 295.8 261.7 239.6 224.1 217.9 217 216.6 216.1 216.3 216.8 216.7 216.7 215.6 222.7 230.6 239.8 251.9 267.6 289.7 314.4 343.3 368.7 381.1 386.6 396.3 400.2 403.6 407.1 407.6 405.8 401.6 393.2 380.7 354.7 339 307.3 326.8 345.1 360 374.5 387.8 395.6 403.5 405.3 418.6 430.6 446.7 456.9 466.8 478.5 491.8 509 519.1 529.8 542.1 548.2 551.6 556.7 558.6 559 560.1 560.2 559.4 557.8 556 554.4 551.8 548.9 547.5 546.8 545.3 543.9 541.9 539.2 537.7 537.4 538
319.4 298.1 267.7 244.4 227.1 219.5 218.1 217.7 217.2 216.6 216.7 216.5 216.4 215.7 220.7 227.9 235.7 244.9 258.8 278.1 300.1 325.9 355.1 375.7 385.1 392 397.3 400.2 402 402.3 401 395.6 386.7 371.1 344.7 314.6 306.7 330.4 344.9 358.7 371.5 381.6 390.6 397.8 410.9 422.2 432.5 450.7 457.8 468.1 479.1 495.1 510.5 520.3 532.7 544 547.6 548.8 554 557.1 558.1 560 560.3 557.6 556.4 555.1 552.5 549.6 546.6 544.8 544.1 542.8 541.2 538.8 534.8 532.9 532.5 532.6
317.1 300.7 280.2 251.1 231.8 222.5 219.6 218.5 217.9 217.2 216.5 216.4 216.3 215.9 217.1 223.7 230.4 239.1 251.3 267.6 287.7 311.3 340.9 362.6 377.4 384.1 391.5 396.1 397.3 398.1 396.3 388.3 379.4 361.8 338.5 310.1 305.9 334.4 346.3 359.2 371 381.9 392.9 400.7 412.4 423.1 433.4 451.1 459.3 469.3 480.8 496.5 510 519.8 531 543 545 547.4 551.2 557.1 559.5 558.3 559 558.2 555.6 552.3 550.2 547.4 543.7 542.9 540.3 539.3 538.4 533.8 530.3 529.2 527.5 528.2
316.1 302.7 284.5 261.7 240.1 226.5 223 220.6 218.5 217.7 216.6 216.3 216.1 216.3 214.7 221.2 228 234.5 243.6 258.6 276.1 297 323.5 352 365.4 377 384.6 388.2 387.8 386 384.2 379.5 371.2 355.6 332.4 303.3 304.6 336.7 351.6 364.3 374.1 385.5 394.5 402.1 414.4 424.3 434.7 450.9 460 471 482.2 496.8 509.4 519.3 531.3 541.5 544.9 547.4 549.8 555.8 558.1 556.9 555.6 555 553.6 550.9 547.3 542.1 538.4 535.9 532 528.9 527.9 524.2 522.5 524.2 524.3 524.5
312.6 299.8 286.6 270.3 245.1 230.2 225.9 223.9 220.9 218.5 216.9 216.2 216 216 216.4 217.3 223.3 229.1 237.6 249.3 262.4 284.1 308.6 334.8 357.6 366.4 374.5 377.6 378.2 378 378.1 374.1 363.6 350.1 327.4 294.5 305.2 336.1 354.6 367.3 376.1 388.6 396.4 404.1 415.5 425.5 435.3 451.9 460 469.9 480.7 495.6 509.7 519.8 533.9 542.2 545.7 546.4 548.5 552.1 555 554.3 553.3 552.6 549.4 547.7 543.6 533.8 525.2 523.5 514.5 506.8 509.5 512.4 514.5 518.6 519.6 520.6
298.7 294.4 290.4 276.4 246.6 233.9 227.6 223.9 221 218.5 216.7 216.3 216.1 215.8 215.2 214.7 218.5 225.4 232.7 240.4 253.1 272.2 294 317.9 341.1 362.8 366.6 370.3 371.9 373.7 371.9 369.5 358.4 339.1 315 285.6 313.8 340.1 354.7 369.4 377.8 388.7 397.4 405.5 416.9 425.7 436.8 451.3 460.8 470 479.8 494.3 506.8 517.2 531.7 540.2 543.2 544.6 546.8 549.5 551.4 553.2 553.1 552 548.6 543.2 537.1 524.8 506.6 502.9 494.8 491.5 489.9 492.6 500.8 510.8 516.9 517.8
290.2 280.8 269.8 257.1 244.4 233.7 232 225.8 220.6 217.9 216.1 216.2 216.3 216.2 215 214.1 216 221.1 228.2 236 246.1 261.2 279.9 304 327.3 352.3 363.8 364.2 365.6 368.3 370.6 367 349.5 328 301.7 290.5 325 344.2 356.4 368.3 377.9 388.7 398.1 407.2 418.4 428 439.6 452.8 460.6 470.9 480 493.1 506.1 517.7 528.9 537.2 543.4 546.3 546 547 549.7 552.8 552.9 550.3 546 538 521.1 509.3 495.6 488.6 483.9 480.2 477.3 473.8 485.7 493.1 499.9 502.5
317.2 304.6 293.9 282.4 271.3 251.3 233.4 225 220.6 217.1 215.9 216 216.1 216.3 215.8 215.4 214.9 218.6 224.5 231.5 241 252.9 268 289.5 311.5 333.1 350.4 361.8 363.7 364.6 365.9 361.4 337 315.8 288.4 296.9 331.5 347.5 358.2 368.6 379.4 388.5 398.7 407.1 420 428.7 439.7 454.2 461.3 471.7 480.7 493.7 505.1 513.1 526.2 535.7 538.3 545.3 544.7 544.9 548.1 549.7 549.1 546.8 538.1 519.3 506.6 495.4 487.1 479.7 475.1 471.9 465.9 465.7 474 480.7 484.8 489.9
335.9 326.4 318.6 310.4 298.5 278.4 250.9 230.6 222.9 217.4 215.6 215.6 215.7 215.8 215.2 215.7 215.6 217.9 222.4 227.6 233.9 245.3 259.6 275.1 292.9 312.8 334.9 351.4 353.6 356.3 356.8 347.4 323.1 300.1 274.8 304.1 338.3 350.5 360.6 369.5 380.5 387.9 399.1 407.6 420.6 429 441 454.4 463.1 473.6 481 494.7 503 511.2 522.5 530.6 533 538.9 541.3 541.4 544.6 546.3 542.9 534.8 518.7 509.1 498.1 487.4 480.5 474.1 464.5 463.3 458.3 458.1 462.7 466.8 476.8 479.7
352.5 345.7 336.7 328.8 317.4 301.4 277.4 246.7 229.9 219.2 215.5 215.4 215.3 215.4 215.6 215.8 216 213.8 220.1 224 228.3 237 249.4 264 278.3 299.2 318.7 334.8 341.1 342.6 343.8 333 307.9 282.7 279.2 313.3 341.1 351.9 360.7 372.7 380.8 389.6 399.2 408.1 420.3 428.8 440.7 454.8 463.7 474.8 481.9 494 501 507.4 518.8 531 532.6 532.7 531.7 532.7 537.3 540.4 532.2 517.8 510.9 501.7 491.1 482.6 476.1 468.1 462.7 450.7 448.2 446.9 453.1 459.8 467.7 470.8
362.5 356.4 348.5 341.3 333.2 318.5 296.9 267 242.2 223.9 216.2 215.3 215.1 215.1 215.3 215.5 215.7 214.2 215.6 219 224.2 230.9 240.9 253 269.1 284.2 301 323.2 331.9 335.7 337.2 321 293.7 270.2 289.1 321.9 341.7 352.7 363.3 374.7 381.6 390.9 398.7 408.3 421.2 429 439.8 457.1 463.5 476.2 482.5 490.6 498 502.9 513.7 525.5 531.9 530.2 530.8 531.8 533 533.2 520.1 511.1 504 496.4 485.5 477.1 468.5 464.7 459.5 449.9 430 439.9 447.3 454.3 459.8 463.2
369.8 364.7 358.3 351.7 344.1 334.6 317 289.1 258.7 235.4 220.9 215.3 214.9 214.9 215 215.1 215.3 215.1 214.4 214.7 221.9 227.8 233 242.5 256.3 269.8 288 306.3 325.9 334.2 332.6 306 281.5 270.4 298.7 327.8 342.3 352.3 361.3 375.7 381.9 391.9 398.3 407.3 419.4 428.7 440.3 456.6 463.5 476.5 482.8 488.4 495.2 500.5 506.3 514.7 524.2 528.2 529.4 529.2 530.3 523.1 513.3 506.8 497.9 489 481.6 473.7 466.2 461.4 456 446.5 430.1 427 440.3 446.3 450.8 452.4
377 372.3 366 360 353.8 347.7 336.6 312.8 281.1 252.7 232 219.9 214.6 214.6 214.7 214.9 215 215 215.3 215 217.6 222.2 226.4 233.1 243.5 259.2 275.7 295.9 317.2 328.8 323.6 294.9 270.1 278.2 310 330.5 342.1 352 360.7 374.6 382 391.8 398 406.8 418.3 428.1 438.3 456 462.3 471.6 481.3 489.3 495.8 498.9 501.3 508.1 513.4 516.7 520.4 520.7 518.6 512.9 505.8 496.5 487.3 484.5 478.7 472 464.6 459.1 449.1 439.1 426.4 412 434.6 442.8 446.8 447.4
386 379.1 373.3 367 361.9 354.8 345.8 334.4 302.4 268.3 244.3 227.2 216.7 214.4 214.6 214.7 214.8 214.8 214.9 215.2 213.2 217.3 222.4 228.7 236.2 248 266.1 285.1 304.9 317.6 312 286.2 257.2 282.8 312.4 330.7 340.9 351.4 360.2 372.9 380.9 390.8 397.7 405.2 416.1 426.3 436.5 454.4 459.9 466.6 478 486.4 494.6 496.7 498.8 502.7 506.1 508.5 510.3 511.1 508.9 504.4 497 490.6 486.4 483.9 476.5 468.1 463.8 456.9 445.6 429.5 419.9 405.3 422.1 438.3 442.6 444.5
392.5 385.2 377.1 372.6 368 361.1 354.4 344.9 323.5 288.4 258.3 239.4 224.3 217.7 214.6 214.5 214.5 214.6 214.8 214.9 213.9 215.4 219.1 224.6 230.8 239 254 272.6 290.9 306.1 300.9 278.1 254.7 281.4 312.1 328.6 340.8 350.3 359.8 370.7 379.8 389.6 396.8 403.1 415 426 433.4 449.6 457.7 464.3 478.2 483.1 491.9 495.2 496.8 498 500.4 502.5 504.4 503.3 501.3 498.6 494.6 490.7 486 479.8 472 464.8 460 451.5 437.4 423.2 411 396.9 410.3 423.2 434.9 440
396.9 389.8 384.1 379.9 373.3 368.1 361.4 355.6 342.8 311.2 275.5 250.7 234 223.7 216.5 214.6 214.6 214.9 215.1 215.2 215.1 214.5 216.8 220.5 226.7 233.3 242.4 257.9 275.5 291.2 287.6 267.2 255.9 283.4 310.7 327.7 341.6 344.9 359.3 370.6 379.2 388.6 396.4 402.2 411.6 423.3 430.9 445.3 456.8 463.2 472.1 480.8 490.7 495.1 496.4 497.3 497.8 498.5 497.1 495.8 495.3 494.1 492 489.1 482.8 475.7 469.5 464 455.2 445.9 432 416.3 401.5 389.3 404.2 410.5 424 433.2
404.6 396.6 391.5 385.9 380.6 373.8 368.4 361.7 352.7 335.5 297.2 265.5 245.1 231.1 218.8 214.7 214.8 214.9 214.1 214.5 215.1 215.5 216.5 217.8 221.5 229 237.7 248.9 264.4 278.1 269.3 252.9 260.2 285.5 304.5 325.4 339.9 344.9 358.5 367 379.4 388.2 397.1 401.9 411.3 422 428.9 442.2 455.6 462.3 470.3 477.9 487.4 494.7 495.7 496.3 495.7 494.9 494.3 494.4 493.6 491.7 487.2 483.9 479.8 470.9 463.7 459 451.2 441.2 430.3 413.3 400.1 382.3 395 403.3 410 429.6
410.5 401.4 394.2 388.9 385.1 381.1 375.8 369.6 362 350.3 319.7 286.2 258.2 240.9 224.6 215.4 215 214.3 215.1 215.2 215.2 215.6 216.7 218.2 220.1 224.8 233.5 239.4 255 267 255.3 245.3 265.8 284.6 305 322.7 339.5 343.9 355.9 364.9 379.4 386.9 396.8 402.5 410.3 420.1 426.8 439.1 453.3 461 469.5 475.8 481.3 491.1 495.7 495.6 495.1 494.3 493.8 493.3 491.9 487.4 483.1 481.3 473.8 467.1 462.4 454.9 447.2 437.3 426 409.5 398.3 380.2 387.1 398.1 403.4 414.5
415.7 407.8 399.6 394.7 391.1 386.7 382.9 375.2 367.8 361.2 339.5 305.6 276.8 249.6 231.5 220.5 215 213.1 215.2 215.3 215.3 215.7 217.2 218.7 220.5 222.1 230.8 234.8 243.1 255.7 241.3 249.4 267 280.7 303.2 317.4 333 344.6 354 363.6 376 385.4 396.3 402.4 409.2 419.1 426 435.8 450.7 458.6 466.5 471.8 475.6 487.8 494.3 496.2 495.9 497.2 494.7 491.5 489.6 484.8 480.4 477.5 472.2 467.8 460.8 453.6 445.6 435.1 420.2 406 392.7 375.3 379.1 388.8 399.5 404.3
419.7 412.7 407.7 404.3 397.3 393.8 389.6 384.4 374.1 367.8 357.7 323.9 292.6 260.5 239.9 225.6 219.8 213.8 215.1 215.2 215.2 216.1 217.7 219.3 220.8 222.8 225.2 225.9 232.7 235.2 236.4 252.2 265.6 276.8 297.7 315.3 329.8 342 352.1 363.2 375.9 384 393.6 400.4 407.4 418.4 425.4 432.4 443.5 457.1 463.1 466.1 473.1 482.4 491.6 497.1 500 497.2 492.6 488.5 487.2 485.3 480.5 474 466.9 463.7 456.8 450.3 442.1 431.2 415.1 401.6 387.7 371.1 370 384.3 395 402.8
422.9 416.6 412.4 409.7 405.9 398.1 393.8 388.6 378.8 372 363.3 343.4 311.4 279.1 251.5 236.4 224.9 217 213.6 214.7 215 216.4 217.8 219.4 221.5 222.8 224.4 226.9 229.6 232.6 237.6 249 261.5 271.8 293.4 313.7 327.6 340.5 351.4 361.7 374.3 383.3 391.3 399.5 405.5 415.2 424.2 430.6 440.8 456.4 460.6 463.4 470.1 477 486.5 493.7 496 493.1 489.6 487.4 485.3 483.3 480.3 472.5 466.2 460.4 454.3 447.9 437.2 423.7 411.1 400.1 384.3 367.3 365 380.7 389.1 396
424.7 421.3 416.7 413.3 409.7 404.9 399.3 393.2 384.8 375.8 370.1 360 329.1 298.3 267.8 248.5 232.2 220.4 215.6 214.9 215.9 216.8 218.1 219.1 220.7 222.1 224 226.1 228.7 231.3 236.4 242.9 256.1 267.6 284.9 308.2 325.8 337.2 349.8 356.8 372 382.8 389.7 398.7 404.1 410 423.2 429.7 437.5 451.8 459.5 462.9 466.7 471.3 480.6 487.7 490.4 489.4 488.5 486.9 484.6 478 473.3 469.4 465.8 460 453.5 444.5 428.8 415.9 405.9 397.9 381.2 362.1 356.4 374.5 383.9 394.8
