webserver/python/data/SE05.asc
ncols 200
nrows 200
xllcorner 400000
yllcorner 450000
cellsize 50
[rows 105 to 139 of 200, columns 0 to 77 of 200]
218.7 220.6 223.7 226.5 229.5 233.8 236.8 240.4 245.2 249 252.1 252.1 251.9 249 246.8 242.7 240.5 241.8 241.4 244.8 244 227.3 238.3 241 238.7 236.4 232.2 229.5 232.7 233.2 233.3 233.1 232.2 230.2 222.8 229.9 229.6 229.7 230.2 228 225.7 226.3 224.6 225.4 227.2 230.9 233.9 238.3 241 242.6 247.7 251 251 246.9 244.1 241.8 243.8 245.6 245.6 242.5 240.1 235.9 234.2 232.2 229.1 228.9 229.1 229.1 229.2 229.4 230.7 231.7 231.9 231.9 231.9 231.9 231 229.3
213.1 213.2 217 220.2 223.2 225.2 227.6 231.5 235.3 238.5 240 241.6 243.3 238.5 234.1 227.3 224.8 229.5 232.6 238.8 238.5 230.6 229.4 236.8 234.2 230.4 229.4 222.3 226.8 227.2 226.9 227 226 222.8 213.9 223.2 222.2 222.3 222.6 221.6 219 218.2 218.4 219 219.4 225.5 229.2 232 234.4 236.4 238.3 238.2 235.8 234 233 231.9 230.2 230.6 227.9 226.7 227.1 226.8 227.6 225.5 223.5 222.9 222.9 223 223.6 224 224.4 226.6 227.7 228 228.2 228.7 228.9 228.6
213.1 213.1 213.1 215.3 218.9 220.4 223 226.2 228.3 226 226.6 231 227.3 223.9 223 221 216.3 218.8 233.4 232 230.5 219.2 225.9 231.2 228.9 223.5 221.3 215.7 220.2 220.6 220.3 220.5 218.7 214 214.5 216.9 216.6 215.8 216.5 216.7 214.7 214.9 214.7 216.6 219.3 222.6 225.1 226.4 229.7 231.5 232.8 230.4 229.2 227.6 226.7 225.6 221.7 221 220.3 220.2 220.1 219.8 219.6 219.5 218.3 218.6 218.7 219.9 221.3 221 221.9 223.4 225.6 227.5 229.3 230.6 230.2 229.2
213.1 213.1 213.1 212.4 214.1 217.2 218.5 221.7 222.3 223.6 224.6 224.9 226.1 223.9 223.9 223.3 217.3 211 217.8 220.1 222 211.2 218.1 221.8 220.4 216.5 209.5 209 212.4 215.2 214.7 214.5 211.8 205.1 206.2 209 211 208.6 211 211.4 210.2 209.2 211.3 213.8 216.3 218.8 221.6 220.5 225.9 227.3 227.7 227.2 226.2 224.7 223.4 221 218.7 218 216.7 216.7 215.7 214.1 213.7 214.9 216.1 215.4 217 218 218.9 219.1 215.6 223.9 225.5 227 228.4 229.9 229.1 228.2
213.1 211.8 203.9 204.8 209.6 213.8 215.5 217.2 220.6 226.1 223.2 223.6 224.5 225.1 226.1 225.6 221 209 206.3 210.2 212.4 206 212.5 211.8 210.8 208.6 206.2 204.3 205.3 207.9 208.4 208 206.3 203 203.7 205.5 205.5 203.3 205.4 205.8 206.1 207 210 210.3 212.9 214.8 216.1 218.7 223.4 223.2 224.2 223.6 222.7 221.7 221.1 220.3 219.1 217.7 216.2 214.4 212.7 211.3 208.7 212.1 214.1 214.8 214.9 216.4 217.3 216.7 218 221.6 223.7 225.1 226.3 226 226 225.7
203.9 195.1 196.3 200.9 204.2 207.8 213.2 216.1 218.6 217.6 221.1 222.7 225.2 225.4 224.7 224 222.1 216.3 207.3 201.5 203.2 199.9 206.5 204.8 204.5 204.2 203.6 200.9 200.2 200.9 200 200 200.8 200.4 201.5 201.6 200.9 199 199.2 200.2 199.8 199.2 203.3 202.8 207.4 207.2 211.4 213.3 215.5 216.7 217.7 217.1 217.1 217 216.6 216.7 216.7 216.5 216 213.7 211.4 210.3 203.8 209.7 211.6 211.2 210.9 213.2 214.7 213.7 215.9 219.3 220.3 220.4 221.2 221.5 221.2 221.2
199.8 193.9 189.1 195.7 198.9 202.9 207.5 211 212.4 213.9 216.1 219.6 222.1 223.8 223.3 220.5 218.7 215.4 210.9 202.2 196.7 200 202.9 202.6 200 198.6 197.8 196.1 194.8 195.2 195 194.6 194.3 193.2 194.5 195.8 194.8 194.8 194.3 194.7 193.4 194.1 195 196.4 197.7 198.4 200 203.3 206.6 208.4 209.9 210 211.5 212.4 213.4 213.5 213.6 213.3 212.4 210.8 210.5 208.3 203.7 204.4 206.9 206.7 205.8 209.2 210.1 208.1 210.3 212.5 214.1 214.9 215.7 216.4 216.8 216.5
200.5 195.8 190.1 187.2 192.8 197.6 202.3 204.3 205.8 207.5 210.1 213.3 217 216.7 216.1 215 213 209.5 205 198 191.8 192.8 194.3 193.4 192.6 191.6 190.9 190.4 189.5 190 190 189.8 189.2 187.5 190 191.8 190.6 190.5 190.8 190.4 189.9 189.4 190.1 191.4 191.9 193.9 194.9 196.6 199.3 199.8 202 203.7 205.8 208.7 210.9 211.2 210.4 210.1 208.7 207.3 205.2 205.3 202.9 201.4 201.5 201.4 202.5 204.6 205.4 202.6 206.7 208.3 209.2 209.6 210.9 211.8 214 215.9
200.1 196.6 193.6 189.3 185.4 193 196.7 197.4 199.6 201.1 200.7 203.5 202.1 200.7 198.3 196.8 196.3 195 195.2 194.7 191.3 188.2 188.3 187.6 186.9 186.3 186 185.8 185.5 186 186.9 186 185.3 183.9 187.5 188.9 188.2 188.2 188.1 187.7 188.4 188.1 186.5 186.7 186.6 190.3 190.7 192.4 194.4 195.7 197.2 198.8 202.8 205.9 209.1 208.3 207.6 206.1 205 203.7 201.5 200.9 201 197.5 196.4 198.7 199.5 200.7 201.3 201.4 203.9 204.6 205.1 205.4 207.1 209.2 210.3 212.5
198.3 195.7 193.6 192.5 189 185.4 189.2 191 194.4 196.5 198.1 199 198.3 198.5 195.5 196.3 195.4 191.3 188.6 190.4 190.3 187.7 183.7 183.2 183 182.7 182.4 182.1 181.8 182.4 183.9 183.1 181.8 182.9 184.4 185.2 185.6 185.5 184.4 186 187 187.2 186.2 184.9 182.8 186.8 187.7 188.2 189.7 192.1 191.9 194.8 199.5 201.5 203.1 203.2 203.4 201.9 200.9 199.7 198.3 196.6 196.2 194.6 194.7 195.2 196.5 198.1 199.1 200.3 203.2 204 206 206 205.4 206.1 207.3 207.2
192.9 191.8 191.4 190.8 188.5 178.9 181.2 186.9 191.1 196.2 198 199.9 201 201 201 196.1 194.1 191.4 185.4 185.7 185.9 186 182.7 180.3 179.6 179.3 179.3 179.1 178.8 178.8 179.6 179.5 179.3 180.4 181.6 181.7 181.2 181 180.7 184.3 185.7 185.2 184.4 184 179.2 181.8 185.5 184.7 186.3 188.7 188.2 190.7 194.7 196.3 197.9 198.3 198.6 197.8 196.7 195.7 194.5 193.4 192.1 191.2 193.6 194.9 198.1 199.5 201.9 203.5 205.6 206 206 206 206 205.8 205.1 204.3
190 188.9 187.6 187.2 184.1 181.2 176.3 183.5 189.5 192.6 193.7 195.2 196.1 194.4 192.6 191.3 188.6 186.4 183.8 181.7 181.9 181.7 181.2 179.4 179.1 178.1 177.2 177.6 177.3 176.9 176.4 176.7 176.8 178 179.1 178.8 178.4 178 177.7 179.7 181 180.4 180.2 179 177.5 176.9 178.1 180.5 182 185.3 185.6 187.3 189.5 191.3 194 193.9 193.5 194 193 193.1 191.9 189.6 190.4 195.3 196.3 197.4 199.9 201.2 203.1 205.5 206 206 206 206 206 205.2 204.4 204.1
189 187.7 186.6 186.3 186.1 186.2 173.9 183.4 189 189.3 190.1 189.9 188.8 186.8 186.1 185.1 183.7 182.6 179.8 179.1 179 178.5 179.3 178.8 176.3 175.2 176 176.1 176 175.2 173.7 174.1 174.8 176.1 176.6 176.1 175.7 175.3 174.9 175.3 175 176.1 174.6 173.8 173.9 174.2 175.4 177.3 179.6 181.2 184 185.9 188.2 189.8 190.8 192.4 191.5 189.5 190.4 190.5 188.9 188 191.7 193.1 195.8 196.9 198.5 199.8 201 202.2 203.1 204.1 205.8 205.2 204 203.3 202.8 202.4
187 186.1 185.7 184.8 184.3 181.5 174.3 184.6 187.3 188.1 188.8 188 186.3 184.9 184.7 184.2 183.3 183.2 180.3 179.7 178.1 176.4 176.6 177.2 175.2 174.1 174.6 174.6 174.6 173.2 171.1 171.8 173.7 174.2 174.7 174.4 174 173.6 172.9 172.3 169.5 168.8 169.5 170 169.7 171.7 174.2 176 178.8 182.6 185.6 185.7 188.3 191.2 191.1 190.2 188.7 188 187.9 187.7 185.6 187.1 189 190.5 192.3 194 195.8 196.6 197.2 198.4 199.6 201 202.4 201.9 201.1 200.1 199.3 199.4
184.7 183.8 182.9 181 177.5 173.9 176.3 182.7 185.2 187.4 187.1 187.2 186.2 186.2 186.2 186.2 186.2 185.4 183 180.6 177.6 175.8 174.3 174 175.5 172.5 172.9 172.8 172.5 170.6 170 170.4 171.6 173.6 173.9 172.7 172.2 171.3 171 169.3 168 167.7 167.5 167.6 169.6 170.7 174 175.1 178 183.1 186.1 186 187.5 189.1 188.6 185.6 185.7 185.3 185.2 184.9 183.5 185.8 187.3 188.4 189 189.8 192.4 193.4 194.1 194.5 196.7 199.1 200.2 200.7 200.3 199.3 199.1 198.8
182.3 180.8 179.3 177.9 175.7 171.1 174.8 178.4 180.4 183.7 183.9 183.8 184.9 186.2 186.2 185 186.2 185.8 183.2 180.8 178 175.5 174.2 172.1 172.3 169.5 170.3 170.9 170.2 170.1 169.1 169.7 169.2 173 175.6 174.1 174.1 172.9 171.3 168.4 166.8 166.5 166.1 166.3 168.4 170.2 169.7 171.2 174.9 179.9 182.9 185.4 185.9 185.9 183.9 182.2 182.4 182.6 181.5 182.2 185 188.2 189 188.7 189.4 190.4 190.4 191.7 191.9 192.9 194.9 197.1 197.9 198.5 198.9 199.5 199.3 199
180.1 178.8 177.7 176.4 172.2 170 170.6 173.4 175.6 178.6 179.5 179.9 180.6 179.9 179.9 180.2 181.9 178.9 178.2 178.2 176.7 175.6 172.9 170.4 170.1 169.8 170.4 169.6 168.8 168.5 168.1 167.9 169.9 175.7 176.1 178.8 178.1 175.6 173.5 169.9 167.9 165.5 164.6 165.3 167 168.4 168 168 170.9 176.5 178 179.8 180.7 180.2 179.1 177.8 176.6 183 186.6 188.3 189.4 191.5 192.3 192.6 192.2 192.4 193.3 193.4 194.4 194.8 195.2 195.1 195.7 196.4 198.2 199.8 199.5 199.1
178.1 176.3 175.3 175.1 173.2 170.6 166.1 168.1 170.9 172.7 174.4 175.7 175.7 175.8 176.1 175.9 175.7 174 173.2 172.9 171.5 170.5 170.8 169.6 168.8 168.2 167.8 168.8 168 167.4 166.1 166 168.7 173.1 176.6 180.1 181.2 178.4 174.3 170.9 170.1 166.9 164 165.7 166.4 167.1 167 167.2 168.9 170.9 174.1 176 176.3 173.5 172.1 174.1 181.4 186.3 189.4 191.7 196.7 199.2 200.8 196.7 197.2 198.1 197.8 196.2 194.2 192.3 192.8 192.2 195.7 196.2 197.4 198 198.7 199.1
185.1 180.9 176.8 176.5 175.5 174.7 173.7 164.8 165.1 168.7 170.1 171.2 171.5 172.2 173.7 173.6 173.1 170.7 169.5 169.4 169.2 169 169.7 170.3 169.1 167 166.2 167.2 167.6 167 165.6 164.8 166.4 170.4 173.4 175.9 177.4 176.3 173.3 169.7 168.4 165.1 163.4 164.1 165.7 166.3 166.2 167 168.2 170.7 170.6 172.2 171.4 168.3 173.2 177.7 183.1 187.3 189.7 191.3 194.8 195.6 195.4 193.8 196.7 196.7 195.8 195.1 193.7 190.8 191.2 191.6 193.5 193.6 194.3 193.3 194.3 195.1
183.5 178.2 176.3 175.8 176 176.6 175.4 171.7 170.3 163.9 160.3 164.6 168.3 170.2 171.6 172.7 172.4 170.8 168.1 167.7 167.5 167.4 168.2 169.2 168.8 168.3 165.3 164.1 166.2 164.9 164.2 160.3 162.6 167.2 169.9 172.9 174.4 173.4 171.4 167.6 165.2 163.3 161.9 163.1 164.5 164.5 165.4 166.7 167.2 167.7 167.3 166.1 164.1 168.3 173.7 177.9 182.5 187.2 189 189.6 191.4 190 190.4 193.2 192.3 192 192.3 192.2 192.1 191.8 191.2 190.2 191 189.9 190.1 188.9 190.9 192.4
178.4 175.4 172.3 171.4 170.7 170.8 171.4 170.4 168.3 167.7 166.9 156.7 158.8 167.7 169.8 171.2 170.9 169.4 167.2 166.5 166 166.8 167 167.1 166.5 164.8 163 161.1 160.2 159.7 159.4 161.1 160.2 163.4 166.8 170.6 172.2 171.1 171.1 168.7 166.4 163.5 161 161 161.7 161.7 163 164.5 164.8 164.6 164 162.8 162.7 166.6 171.8 177.4 182.4 185.7 186.7 187.3 187.8 187.4 189 187.8 188.5 187.6 187.3 189.7 192 193.9 190.9 189.7 189.8 187.9 186 186.5 188.1 191.2
172.6 170.3 167.9 167 165.4 164.2 164.5 164.6 164.8 164.8 164.9 162.5 157.7 162.4 166 168.3 168.7 167 165.6 163.8 163.3 163.9 163.8 163.3 161.9 159.7 158 159.3 159 158.8 161.1 161.1 160 160.1 164.8 168.5 169.9 171 170.8 168.5 166.4 165.3 160.9 159.2 159.1 158.9 159.9 160.8 161.4 161.3 160.8 160.9 160.7 165.1 170.3 175.5 180 182.1 183.1 184.6 185.2 184.5 184.6 183.8 184.8 186.6 188.9 191.5 193.7 194.6 192.8 191.2 189.8 186.4 184.8 184.9 186.8 189.3
166.4 164.6 162.6 160.8 158.6 157.7 157.6 158.3 158.9 159.3 160.1 159.2 149.9 161.8 163.8 164.4 163.9 163.2 162.2 160.3 160 160.6 160.6 161 160.4 158.2 155.3 156.2 158.8 159.4 160.4 160 160.7 158.7 161.4 165.3 165.3 167.6 167.1 166.4 164.5 162.8 159.7 158.1 157.2 157.4 157.5 158.6 158.4 158.7 158.9 159.2 159.2 161.7 167.6 172.6 176.3 178.1 179.5 180.8 181.6 181.5 181.4 181.3 182.8 185 188 190 191.1 191.4 190.8 189.2 186.8 185.6 184 182.7 184.5 185
160.9 158.6 156.8 154.9 152.5 151.5 152.1 153 154.4 156.6 158.7 155.1 146.7 159.4 159.8 159.7 159.4 160.3 159.1 156.9 155.6 155.6 159 160.9 160.6 156.8 153.1 156.5 158.4 159.5 159.2 158.8 158.7 157.3 156.8 157.8 159.1 160.4 161.1 159.5 158.8 159.2 159.8 157.9 156.1 156.4 156.4 156.4 157.2 157.7 157.4 157.5 157.7 158.8 165.1 169.9 173.1 175.9 177.2 178.6 179.7 179.8 179.4 179.6 180.1 182.1 183.3 184.6 186 186.7 186.8 185.4 184.1 183.8 181.4 179.8 181.7 185
157.3 155.3 153.3 150.6 147.4 146.8 148.1 149.5 151.5 155.1 156.7 154.6 143.2 157.5 158 154.8 155.5 154.9 151.5 149.6 148.8 150 152.3 158 158.6 153 153 155.7 157.2 159.1 159.2 159.2 157.8 155.2 154 154.2 154.6 155.4 156.3 155.9 155.7 155 156.3 155.7 155.4 155.6 155.7 155.9 156.5 156.3 156.3 156.2 156.7 158.6 161.9 167.2 170.3 173.1 174.9 176.6 177.5 178 178.2 178 177.9 178.6 180 181.5 183.9 184.9 185.5 184.8 184.1 183.8 182.4 180.1 180.3 182.5
153.9 151.9 149.9 147.9 144.8 143.5 144.8 146.3 148.1 151.3 153.5 150.9 143.4 152.8 153 155 154.7 155.6 148.9 145.7 146.1 146.3 148.7 155.8 157.3 148.7 149.3 153.5 154.8 157.7 157.7 157.4 156.8 155.2 153.5 153 153.5 155.1 155.9 154.9 153.8 153.4 154.4 154.6 155.4 155.8 156.3 158.7 158.6 156.8 157 156.6 156.6 157.8 159.7 165.1 167.2 169.3 171.4 174 175 175.8 175.8 174.7 174.3 176.3 178.2 181 183.2 184.7 185.2 185.7 185.5 185.2 185 183.4 178.6 178.3
151.7 148.7 146.7 145.1 142.3 141.1 141.6 142.8 144.2 145.8 146.2 145.1 143.8 148.9 153 161.1 157.8 156 146.6 143.1 143.8 144.2 145.5 151.5 152.1 145.8 146.5 147.6 149.4 153.7 155.9 156.6 155.6 152 152.2 152.3 152 152.7 153.4 153.5 154.1 156.1 158.6 163.5 156.9 160.5 162.2 162.6 159.2 156.9 156.8 157.2 157.4 157 159.1 161.8 163.9 165.7 167.8 170.4 171.9 172.7 170.9 170.6 170.9 172.1 175.2 178.3 180.4 182.4 184.4 186 185.9 186.6 186.5 184.9 182.9 180.2
151.6 149.3 147.1 144.7 141.1 139.3 138.7 139.4 140.2 141.7 141.8 142.3 142 143.5 148.3 153.1 152 147 143.5 141.5 142.7 143.9 144.3 144.5 144 144.5 145.5 146.1 147 148.3 148.8 149.5 147.9 150.5 151.6 151.7 152 153.4 156.2 160.6 167.8 172.4 174.2 175 170.4 167.6 169.8 168.1 165.3 164.6 162.5 159.9 157.9 157.4 157.3 158.6 164.1 165.2 167.4 168.9 170 169.1 168.4 167.8 166.9 169.4 172.6 174.7 176.8 179.2 182.3 184.8 185.8 186.8 187 185.2 183.5 180.6
152.3 149.2 146.5 143.3 140.7 138.7 137.5 137.8 138.4 139.6 139.8 140.3 140.3 141.2 142.1 143.4 142.8 141.8 141.4 141.5 142.3 143.3 144.8 145.4 145.5 145.3 149.6 150.9 159 163.7 166.7 162.2 160.9 163.7 174.4 166.5 161.9 165.1 168.3 165.7 159.9 157 156 160.4 158.4 163.4 180.9 179.5 176.1 172.4 169.1 165.4 162.4 157.1 156.9 163.1 164.9 166.4 167.3 167.2 167.7 166.5 165.9 166.4 163.8 167.1 169.3 171.3 173.6 176.6 179.7 182.5 185.4 186.4 185.4 182.9 180.7 178.3
147.2 144.6 142.5 139.9 137.6 136.1 136.7 137.1 137.3 138 138.2 138.3 141.4 142.5 142.5 142.3 143.2 143.9 141.9 141.6 145 146.2 146.5 147 147.6 148.6 150.4 147.3 148.2 147.9 148 159.1 160.5 162.8 168.8 171.9 173.3 170.3 159.4 152.3 152.3 152.3 155.3 154.7 162.7 179.4 190.5 186.5 182 176.7 172.1 168.7 165.9 160.7 155 154.8 161.2 163.3 163.5 164.8 165 163.8 163.2 162.6 158.8 163.7 165.3 167.7 171.1 174.1 177.3 179.1 181.6 183.3 181.6 179.7 176.9 173.5
140 139 137.4 135.9 135.1 134.6 135.3 135.7 136 135.8 136 141.8 137.5 138 141.4 144.2 145.7 146.1 146.3 147.9 149.3 151.3 152.8 153.2 153.2 159.4 172.9 172.6 170.1 147.6 148.2 159.8 162.8 169.2 171.7 169.1 168.4 168.6 158.3 152.3 154.5 169.5 194.5 197 193.8 189.6 186.3 182.5 179.1 175.7 172.2 169 165.9 163 157.5 153.6 154.6 156.6 159.4 161.1 162.3 161.3 159.8 158.8 154.4 159.7 161.8 166.2 170.1 171.4 173.1 174.1 176.1 177.7 176.8 175.3 172.5 167.7
136 135 133.9 133.6 133.5 133.7 134 134.1 138.3 135.1 136.4 137.8 138.9 141 144.2 147.9 151.6 153.2 154.6 156.4 157.7 157.8 158.4 168.6 173.8 167.9 161.5 150.9 148.6 149.1 151.5 165.5 172.3 177 178.3 178.7 176.2 173.8 181.7 188.4 203.3 200.5 199.8 200.1 197.3 188.4 184.1 180.5 177.1 175 172.8 170.3 166.6 163.1 158.6 155 153.2 151.6 152.7 157.6 158.1 157.8 156.5 153.6 151.5 153.9 158.6 161.2 165.3 163.4 165.7 166.9 170.3 170.5 169.9 170 169.4 163.3
133.5 133.5 133.3 133.9 133.9 134.1 134.5 135.6 136.4 138.1 140.9 141.2 141.3 141.6 143.8 147.6 152.2 155.1 155 155.9 159.1 162.3 171.5 167.8 159 152 153 152.3 150.6 158.4 168.4 169.3 173.1 180.7 183.3 185.3 200 210.2 211 209 204.6 204 204 201.8 199.9 194.2 184.5 182.5 181.5 178.6 172.8 167.3 164.5 160.2 158.7 156.7 154.2 152.2 152.1 154 151.6 151.8 150.8 148.5 148.4 149.3 149.5 150.6 150.7 148.9 153.3 159.2 163.2 164 163.3 164 160.1 155.8
131.5 132.6 132.8 133.7 133.7 138.9 135.2 137.2 141 143 145.6 143.7 142.4 142.9 144 146.7 152.4 156.2 164.5 161.9 161.8 163.2 163.1 155.4 156 158.2 157.9 163.9 174.2 180.2 191.5 200.3 208.3 216.8 219.6 224 219.4 210.4 214.8 211.7 208 207.5 205.3 200 194.8 193.2 190 183.8 181.4 178.2 176.1 169.7 165.9 164.6 162.9 161.4 158 154.1 150.2 149.6 150 148.1 148 147.8 147.3 146.5 146.5 146.7 145.1 145.2 145.3 146.9 148.1 151.5 153.9 152.3 148.7 147
132 132.1 133.1 133.8 138.1 138.2 141.4 144.2 146.6 148.5 147.4 145.7 148 154.4 161.4 170 173.3 172.9 169 163.5 163.8 169.7 171.6 172.6 172.7 179.2 192.8 201.9 212.5 221.7 205.1 207.3 210.2 206 209.4 208 201.9 201.2 210.4 210.6 208.6 205.2 197.6 195 190.4 187.6 185.4 181.6 182 181.5 179.5 177.1 171.5 169.9 167.6 165.3 162 157.6 152.8 149.5 149.1 147.9 148.4 147.8 147.4 148.3 146.1 146.4 146.2 144.8 144.2 144.2 144.1 143.9 146.8 145.7 142.9 142
