webserver/python/data/SE09.asc
ncols 200
nrows 200
xllcorner 400000
yllcorner 490000
cellsize 50
[rows 105 to 139 of 200, columns 0 to 77 of 200]
545.3 543.4 541 538.4 535.8 532 525.8 520.5 516 510.6 505.9 500.4 495.6 491.4 483.8 469.8 461.5 461.7 461.9 456.6 453.3 451.8 448.1 439 428.6 420.5 412.5 409.2 408 415 420.9 425.6 427.5 432 432.7 434.2 433.4 430.6 432.9 435.1 434.1 427.3 429.4 433 433.9 434.5 434.4 434.2 431.9 434.5 436.4 436.1 436.1 435.6 434.4 434.2 433.9 433.7 433.6 433.4 433.4 433.8 435.3 435.4 438.4 439.9 440.5 441.7 441.6 441.4 441.7 442.3 442.6 445.6 448.2 449 449.4 449.5
545.9 543.6 541.9 540.4 536.9 533.3 527.5 521.4 516.9 512 507.2 502 496.7 490.9 484.9 481.6 477.4 473.3 471 468.8 465.2 459.4 455.3 452.1 444.6 434.5 426.1 416.6 410.1 405 408.1 408.2 411 415.5 415.5 421.8 422 420.9 424.2 428.4 428.8 424.1 424.5 428 428.7 428.6 428.3 428.7 426.2 428.2 429.7 431.6 433 432.6 432.2 431.8 432.1 430 429.2 428.5 428.3 429.1 428.9 429.6 431.8 433.9 435.5 437.7 438.3 438.9 438.7 438.9 439.8 442.4 444.5 446.1 446.9 446.6
547.4 544.8 544.1 542 539.1 534.8 527.7 521.9 516.6 511.9 507.3 502.9 498.4 494.8 491.7 488.1 483.8 481.5 476.6 473.9 470.7 468.2 464.6 460.1 455.6 447.6 439.3 427.5 418.6 410 403.7 401.5 403.4 403 403.8 405 408.4 409.5 415.6 419.2 421.6 418 416.3 420.5 421.4 420.9 421.3 422.1 420 423.1 424.4 425.6 427.9 428.4 428.3 428.3 428.3 426 424.7 423.8 423.2 423.8 423.2 423 424.8 427.1 430.2 432.8 434.2 435.7 436.2 435.3 436.8 438.6 440.4 442.3 443.3 443.4
548.3 546.3 544.9 543.9 540.8 536.1 528.1 522.5 518.2 513.4 509 506 501.8 498 494.7 491.8 488.9 486.1 481.9 477.8 474.5 471.8 468.3 464.2 458.4 455.2 445.6 440.4 429.4 419.1 411.7 404.3 399.3 398.4 397.4 395.5 396.2 397.8 401.5 403 405.6 405.8 405.3 408.5 411 413.2 414.1 415.1 414.5 417.6 417.9 416.6 422.1 421.6 422.5 422.8 422.3 420.9 419.6 418.3 417.9 418.4 417 417.3 418.4 420.3 423.2 426.6 429.7 431.7 432.6 431.6 434.1 435.3 436.7 438.6 439.6 440.1
549.5 547.4 546.6 544.5 542 536.4 529.6 523.8 520.4 515.7 512.3 508.2 504.7 501.3 497.8 495.7 492.3 489.3 485.1 481.7 478.6 475.4 471.9 468.5 465.2 461.6 453.9 445.4 437.5 429.6 423.1 415.5 407.2 400.7 396.8 394 392.5 392.3 391.7 393.5 393.3 394.6 398.8 402 405.4 407.1 407.8 409.8 409.9 412 412.4 414.5 415.4 410.8 416 416.1 415.6 414.8 413.6 412.5 412.1 411.6 411.8 412.2 413.4 415.3 418.3 421.9 425 427.3 427.9 430.2 432 433.4 434.1 435 436.1 437
550.3 548.9 548.1 545.5 542.7 537.1 531.6 526.3 522.1 517.8 513.7 510.7 506.6 504.9 501.2 499.3 496.1 491.9 488.3 484.5 481.8 477.8 474.6 471.2 468.1 464.2 460 451.7 444.5 438.6 431.6 425.6 421.1 413.2 404.4 396.2 393.7 391.6 390.9 389.9 389.4 390.5 394.6 396.9 400 400.1 402.1 402.1 406.8 407.7 407.8 408.9 408.9 405.5 409.3 409.6 409.1 408.5 407.3 406.2 406.7 406.1 405.8 406.8 408.2 413.4 415.5 418.5 421.8 421.9 424.4 427.7 430.2 431.2 432.2 433 433.6 433.7
551.7 550.5 548.7 546.3 543.2 538 532.3 527 522.8 519.2 516.6 513.3 510.3 507.3 505.5 502.9 499.1 495.7 492 488.2 484.6 481.7 477.2 473.9 469.7 465.5 462.9 459 451.2 445.3 438.8 433.8 430.2 423.7 419.1 409.4 400.5 392.8 389.6 388.9 388 387.3 388 390.4 392.8 393.1 393.7 400.4 402.7 402.7 402.1 402.9 402.4 402 403.3 404.1 403.1 402.4 401.4 400 400 401 401 400.2 408 411.4 412.9 415 415.9 419.6 423.9 426.9 428.8 429.6 430.2 430.7 430.1 430.3
552.4 550.8 548.9 546.5 542.9 536.9 531 527.1 524.3 520.6 519.1 516.2 512.4 510.5 508.2 506.4 503.4 500 496.4 492.3 489.1 486 480.9 476 471.8 468 465.8 462.6 457.6 450.5 445.4 441 436.1 430.9 426.8 419.7 411.4 401.2 392.9 389.2 387 386.4 385.9 385 386.4 387.7 389.9 395.3 397.5 397.6 396.2 396.4 395.9 395.9 397.9 398.6 397 395.4 394.9 393.9 393.4 395.1 392.7 399.3 406.3 407.8 406.8 411.9 416.5 419.9 423 427.8 428.8 428.3 428.6 428.5 427.8 427.3
552 550.2 546.5 543.4 540.2 535.5 530.4 527.3 525.6 523.6 520.6 517.8 515.1 513.4 511.8 509.8 507.2 504.2 500.7 497.3 494.1 489.9 484.8 480.1 475.5 472.4 468.9 465.4 462.8 455 451.9 446.7 441.7 435.9 431 424.7 417.3 409.2 398.8 393.8 388.1 386.1 385.1 383.6 384.3 384.5 383.2 383.8 386.5 389.5 387.8 388.1 386.6 387.3 389.5 391.8 391.3 389.4 388.8 388.3 388.3 388 390.1 397.6 402 402 408.7 412.7 416.5 417.8 418.6 423.7 426.1 425.6 426 425.6 424.9 424.7
548.5 545.1 543 540 537 534.3 531.3 528.8 527 524.8 522.4 519.5 518.1 516.2 514.4 513.2 510.9 507.9 505 502.1 498.4 493.8 490.1 484.6 479.5 475.6 472.6 468.8 465.4 461.3 454.1 449.9 445.5 439 433.2 427.4 420.2 410.9 402.9 395.9 390.1 386.8 384.4 383 382.7 381.4 380.8 380.6 380.6 379.9 380.7 380.9 381.3 382.6 384.1 384 383.6 383.4 384.1 384.6 384.6 382.6 387.2 394.1 394.5 401.6 405 409 413.3 412.2 412.7 415.2 420.4 420.9 421.2 421.9 422.4 421.9
542.3 541.1 539.8 538.3 535.7 534 532.1 530.3 528.5 526.1 523.9 522.5 521 519.3 518.3 517.4 515.4 511.7 508.7 505.6 501.8 497.3 493.8 489.7 484.1 479.7 475.6 472.2 468.8 464.6 458.3 453.1 448.6 442.8 436.3 429.7 422.1 415 406 399.7 392.1 390.5 386.8 384 383.1 381.3 380.4 379.7 379.5 379.4 378.1 377.5 377.8 379.1 379.9 380 379.8 378.5 378.5 379.4 379.8 380.4 384.8 387 392.9 395.6 398.5 403.5 407.6 405.7 406.7 408.9 414.1 415.8 416.5 414.9 416.5 418.1
538.1 537.6 537.6 537.2 534.9 533.7 532.3 531.2 530 528.2 525.5 524.6 524 522.6 521.7 520.8 518.7 515.3 512.1 508.4 504.7 500.5 496.9 492.8 487.4 482.7 479 474.8 470.6 466.4 462.4 456.7 451.4 443.5 439 433.8 425.3 418.2 409.8 404.7 395.9 396.3 391.8 387.4 384.4 381.9 380.5 380.1 379.8 379.2 378.2 377.7 376.5 376.7 376.7 375.2 375 374.7 374.3 375 374.5 378.3 382.1 383.2 384.8 388.8 392 393.9 398 399.6 401.3 404.6 408.6 409.7 409.4 408 407.2 407.6
533.8 535 535.6 535.2 533.8 532.8 531.8 531.7 530.5 528.9 527.1 526.2 526 524.7 524.6 523.5 521.5 518.2 514.8 510.6 507.1 503.6 499.7 495.7 491 485.5 481 476.8 472.6 468.8 464.3 458.2 452.4 447.8 442.7 436.7 429.7 422.4 413.1 406.4 401.7 401.1 398 393.1 385.2 384.1 382.2 381.2 381.1 380.9 379.3 378.5 377.9 378.3 378.1 377.3 376.5 374.8 373.8 373.3 371.2 371 374.3 373.7 367.8 372.4 375.5 382.2 387.4 389.7 396.3 399.5 402.4 403.5 401.9 399.1 395.5 394.5
529.5 530.8 531.6 531.9 530.5 529.8 529.5 529.6 529.5 528.5 527.3 526.4 525.4 525.3 525.4 524.1 521.5 519.4 516.8 512.9 509.4 505.6 502.1 497.7 492.7 487.9 483 478.8 474.7 470.5 463.5 461 455 450.4 445.4 439.5 434 428.2 420.3 413.3 407.5 404.9 403.8 399.6 392.7 386.8 384.3 383.2 385.7 385.8 383.5 381.5 380.5 381.2 381 380.1 379.1 376.8 375.3 374.5 375.4 376.7 377.2 377.8 380 378.5 374.5 365.7 359.3 373.8 387.6 396.7 398.9 397.4 393 390.1 390.6 389
523.7 525.5 526.9 527.6 527.2 526.8 526.8 526.9 526.7 525.7 523.8 523.1 523.5 523 522.4 521.3 520 518.6 517.2 514.2 510.7 506.9 503.1 499.7 495 490.2 485.9 481.4 476.9 471.9 468.5 463.6 458.1 453.1 449 444.1 438.8 433.2 428.2 422.1 416.1 409.6 409.3 407.2 400.7 394.6 390.3 387.9 389.3 389.4 387.7 384.7 383.7 383.9 383.8 382.8 381.7 380 378.2 378.5 381 382.9 385.2 388.6 393.1 394.1 391.6 388.1 376.2 356.8 369.7 384.2 393.7 391.8 387.9 384.5 383.9 384.7
519.3 521.7 522.9 523.3 523.6 524 523.9 523 522.2 521.5 520.3 519.5 519.5 518.8 518.6 517.9 517.1 516.4 515.7 512.9 510.2 506.7 503.4 500.7 496.6 492.7 488.6 483.6 478.6 474.8 470.6 465.7 460.9 456.5 452.5 448 442.7 438.3 433.9 427.6 424.5 420.1 415.2 414.2 409 403.9 399.8 395.3 393.1 392.7 391.9 389.7 387.5 386.8 386.6 386.7 385.2 383.2 381.4 383.4 386.5 389.3 391.4 396.2 401 400.6 397.3 393.8 378.9 367.6 353.8 371.5 388.5 388 383.2 379.9 378.1 378.2
515.7 518.2 519.1 519.3 519.6 519.7 519.3 518.5 517.8 517.2 516.7 515.9 515.3 515.1 514.9 514.8 514.1 513.4 512.7 510.8 508.5 506.5 503.7 500.5 497.1 493.7 490.4 485 481.9 477.9 472.9 468.8 464.7 459.3 455.6 451.6 447.7 443.7 439.4 435.2 430.9 428 423.7 421.7 419.9 415.6 411.9 406.5 407.1 404.4 399.1 398 393.2 392.1 392.2 390.4 388.4 386.4 384.4 387.5 393.1 396.8 399.1 402.6 404.3 399.4 395.8 392.1 379.1 374.5 364.8 352.7 376.2 385 378.2 375.5 373.7 373
511.5 514.1 515.5 515.5 515.5 515.1 514.8 514.4 514.1 513 512.1 512 511.5 511.1 511.6 511.3 510.9 510.3 509.6 507.6 506.5 504.9 502.8 500 497.3 494.6 491.4 487.3 483.9 480.1 476.2 471.4 467.6 462.8 458.8 454.8 450.5 446.8 443.2 440.3 436.4 433.7 431 429.1 427.8 425 420.9 419.8 418.1 418.7 407.2 401.8 401.3 397.7 395.9 394.1 391.7 389.7 387.7 391.5 397 399.2 400.4 403.4 406.5 400.8 396.6 394.1 388.1 377.6 370.9 351.1 363.2 379.1 374.4 371.4 371.4 371.1
506.2 509.3 511.4 512.2 512.5 511.8 511 510.7 510.4 509.7 508.9 507.8 507.3 507.5 508.3 507.8 507.4 507 506.4 505 503.8 502.7 501.1 499.1 496.8 494.2 491.8 488.9 485.5 481.4 478.1 474.3 469.9 465.6 461.2 457.7 453.7 451.1 446.6 443.1 440.9 438 435.2 432.9 430.9 430.8 428.5 423.6 420.7 417 416.8 410.1 407.9 402.6 400.1 399.3 397.7 394 391.8 394.8 399.6 401.1 400.9 400.8 402.3 403.8 401.2 399.3 398.2 387.4 377 351.6 345.6 363.8 369.6 369.3 368.7 369
497.5 500.8 503.7 505.6 506.7 507.3 507.4 506.9 506.3 506.1 505.9 503.8 504.4 504.4 504.8 504.4 503.9 503.5 503.3 502.7 501.6 500.5 498.6 497.3 496 492.8 492.2 489.4 486.1 482.6 479.4 476.5 471.6 467.6 463.4 459.9 455.8 452.7 448.6 446.1 443 440.3 438.4 436.2 431.4 430.9 429.5 429.2 428.1 424.5 418.9 418.1 414.5 408.1 405.9 402.8 399.6 398.3 394.6 398.4 401.5 405.6 401.9 401.5 401.6 401.1 402.9 401 399.1 392.5 380.4 364.1 351.3 338.9 348.4 358.3 365.4 366.1
491.2 491.7 492.7 497.3 500 501.3 501.4 501.9 501.2 501 500.4 499.8 499.8 500 501.3 500.9 500.7 500.6 500.4 500.3 499.7 497.6 497.3 496.7 495.7 494.3 492.5 488.9 486.6 483.4 480.7 477.9 474.6 470.2 465.2 460.9 457.4 454.2 450.8 447 443.5 441.3 438.9 436.5 434.6 434.7 434.2 433.1 430.9 428.2 423 423.6 417.5 412.5 411.5 407.4 406.5 404.6 400.3 402.5 405.4 410.5 402.9 402.7 402.1 400.1 399.2 397.5 395.6 391 384.8 376 364.6 356.1 332.6 330.2 344.2 353.2
486.6 486.7 486.8 488.1 490.9 493.6 495.1 495.8 496.2 496.4 496 495.6 495.3 496 496.6 497.1 497.9 497.8 497 496 495.4 495.7 495.7 495.1 494.2 493 491.6 489 487.1 484.3 481.5 478.7 475 471 466.2 464.4 460 451.6 450.8 446.1 444.2 441.4 437.2 439.1 439.1 436.5 435.5 434 431.9 428.7 428.3 422.6 416.5 418.3 416.9 412.9 411.9 407.4 404.1 407.3 408 411.7 404.5 402.8 402 400.1 398.9 397.4 393.3 389.1 383 378.4 373.9 365.6 355.3 339.2 324.8 327.4
482.4 482.2 482.5 483.3 485.1 486.2 486.7 489 489.8 491.6 492 491.8 491.6 492.7 493.6 493.8 494.1 494.1 493.4 492.8 492.6 492.9 493.3 493.2 492.4 491.9 490.7 489.1 486.3 483.6 481 478.5 474.7 471.7 468.2 463.5 456.8 455.4 450.2 448.2 444.1 445.3 443 442.4 441.3 439.3 436.6 435.3 433.4 431.8 428.5 425.2 422.8 423.4 420 417.3 417 413.9 410 412.7 411.4 413.1 408.4 403.4 401.1 399.9 398.7 398 393.9 388.3 382.6 377.6 373.5 368 362.5 358.4 348.1 327.4
476.2 476.4 477.7 478.9 480.2 481.6 482.5 483.9 484.4 486.1 486.9 488 487.9 488.9 489.7 489.9 489.9 489.8 489.7 489.6 489.8 490.1 490.5 490.6 490.6 490.1 489 486.5 484.4 482 479.9 477.9 475 471.4 467.7 465.1 463.7 452.7 449.5 452.9 450.1 447.4 446 444.8 443.5 440.7 440.3 437.3 434.7 433.7 431.1 431 429.3 428.4 422.7 421.6 420.5 418.6 420.2 417.5 416.6 417.4 412.2 408.2 407.3 401.1 401 398.5 393.2 386.7 380 375.8 371.2 367.5 362.5 357.9 354.4 350
470.6 472.2 473.9 472.9 474 475.7 476.6 478.9 480.9 481.2 481.6 482.7 483.8 484.3 484.9 485.8 486.4 486.4 486.4 486.8 486.7 487.1 486.9 487.1 487.3 487.2 486.3 485.1 483.5 481.6 479.2 477.3 475.6 473.4 471.4 466.5 459.3 454.1 460.6 457.1 454.6 450.6 448.1 447 444.8 443.6 442.7 439 436.1 435.8 435.3 433.7 432.1 431 426.6 425.7 423 421.7 420 418.3 422.5 419.7 413.7 411.6 414.1 406.4 404.3 400.8 389.4 384.3 378.3 374 369.4 366.4 363.7 360.4 354.2 350.4
462.4 464 466.6 467.1 466.9 470 470.8 472.7 474.4 475.4 476.4 477.2 478.2 479.2 479.1 479.4 480 481.5 482.8 483.4 483.6 483.2 483.3 483.5 483.8 483.6 483.2 483.3 482.2 480.6 478.9 477.2 475.4 473.4 469 468.1 454.7 463.2 462.9 460.7 458.4 455.4 450.5 448.9 446.1 445.4 443.2 441.6 441.7 438.1 437.2 435.3 434.2 432.1 428.9 426.4 425.2 424 423.1 421.2 420.9 416.3 414.8 415.7 411.7 408.7 406.3 398.1 389.5 385.2 381.2 373 368.9 366.3 364 361.2 355.2 351.9
455.5 455.8 456.8 458.6 460.5 461.7 463.2 465.8 466.7 468.6 469.7 471.5 472.9 473.5 473.3 472.2 471.9 472 472.9 475.1 476.1 479 479.7 480.1 480.1 480.2 480.1 480.3 479.9 479.5 477.8 475.9 475.2 473.8 472.5 471.1 464.1 462 463.2 462.1 460.3 458 456.4 449.2 447.2 446.1 445.8 446.2 445.7 439.7 438.6 436.3 434.4 432.9 429 427.6 426.3 424.8 424.7 419 416.3 415.3 414.5 413.8 411 408.5 403.5 395.3 390.3 386.7 380 373.8 370.1 367.1 364.8 360.9 355.3 352.4
448.3 447.4 446.1 449.3 452.6 454.8 456.1 457.1 459 461.3 462.9 464.2 465.7 467.7 466.5 466.8 466.5 466.6 466.4 466.9 467.6 468.5 470.4 472.7 475.4 476.4 476.2 475.6 475.5 474.7 474.6 476.2 476.5 474.6 469.3 464.2 464 463.2 463.1 462.6 462.1 460.6 459.5 451.4 448.8 447.2 448 446.2 442 437.3 436.4 435.4 433.1 431.2 430.2 428.6 426.7 424.8 422.9 419.3 417.7 417.3 416.1 413.4 410.7 407.7 401.2 396.3 392.4 385.7 379 374.3 370.9 368.2 362.4 358.2 355.6 352.8
438.5 439.2 439 440.3 442.5 447 449.1 450.4 452.1 453.1 455.2 457.3 458.7 460.4 461.3 461.9 462.1 463 462.7 462.4 463.8 464 464 464.9 466.9 468.1 468.2 468.7 469 468.5 469.2 467.6 464.9 467.7 466.7 465.6 464.4 462.9 464.9 464.1 462 457 453.2 446.9 444.9 446.9 443.2 441.7 435.9 432.7 431.9 432.2 431.8 430.6 428.6 428 428 426.6 423.1 421.3 419.9 418.9 417.1 413.6 410.2 403.8 396.2 396.9 393.4 384.7 379.7 374.9 370.4 364.3 360.3 357.3 355.2 353.2
432.3 432.5 430 434.4 436.4 436.9 438.7 442 445.5 445.8 447.3 448.9 452 454.3 455.9 456.5 457.2 457.6 456.7 457.6 458.5 459.3 460.8 462.3 462.6 461.4 461 461 461.4 462.5 462.4 461.5 461.4 461.5 459.8 459.9 458.3 458.4 458 454.8 452 450 444.3 440.3 437.9 437.5 434.9 432.5 430.9 429 428.8 428.8 428.4 429.3 426.9 426.7 426.9 425.8 423.8 421.2 418.9 416.5 412.3 409.8 406.5 399.3 394.9 395.8 391.5 387.5 381.8 374.3 367.2 362.9 359.1 356.2 354 351.8
428.3 428.8 425.7 427.5 430.9 431.5 429.9 433.1 437.3 438.3 441.1 441.7 442.5 445.5 447.4 448.1 450.4 450.9 450.5 452.5 453.8 454.1 456.1 457.6 458 457.7 457.7 455.5 456.4 454.7 454.8 454 453.2 451.1 450.7 451.4 450.7 449.7 447.5 445.7 444.7 442.4 439.5 435.8 434 433.4 428.9 427 427.2 424.8 424.2 423.5 422.2 420.9 422 423.4 422.5 420.6 416.8 411.1 404.7 403.2 404.5 404.6 401.8 398.3 395.3 391.3 387.4 383 377.1 368.4 363.3 359 356.2 353.7 351.2 348.6
424.3 424.6 423.7 424.9 426.5 427.6 425.9 424.8 426 428.6 433.2 435.4 434.1 436.3 438.8 439.9 441.8 441.1 441.8 443.3 445.7 448 449.8 451.9 453.1 453.1 453.8 453.8 453 451.8 451 452.2 451.2 449.5 448.4 447.3 446.6 445.7 444.6 441.2 439.1 437.6 437.2 434.4 433.6 432.2 428.3 426.1 425.4 424.6 424.3 423.9 423.2 422.1 419.3 417.9 415.3 412.6 408.4 395.2 390.1 391.7 396.1 395.6 390.7 386.2 384 379.1 375.2 371.4 367.8 363 359.2 356.4 353.4 350.5 348 345
421.5 421.3 421.1 421 422.2 421.4 419.6 417.2 416.8 418.5 420.5 420.8 421.5 422 424.7 429.1 430.3 427.7 427.9 429.3 432.6 437 440.9 444.3 445.8 448 449.9 449.7 448.4 448.1 446.9 448.4 447.1 446 445.2 444.2 444.5 442.7 441.8 438.6 437.4 435.9 435.3 433.4 433.2 430.3 427.8 427.6 425.4 424.5 424.3 424.3 422 419.4 416 411.4 406.3 400.1 384.8 381.2 382.4 384.3 382.6 378.4 376.6 374.4 372.6 370.6 368.1 365.5 362.8 359.3 356.2 353.7 350.6 347 343.8 341.1
419.1 419 418.6 418.1 417.3 415.7 415.9 415.4 411.2 411.9 414.6 415.7 416.6 415.8 415.9 416.4 416.8 416.6 416.8 413.6 411.8 418.4 426.9 434.5 436.4 439.5 441.4 441.4 440.5 441.1 441.7 442.3 441.4 441.8 442.4 439.8 439.2 437.8 436.2 433.4 433.8 433.6 432.8 430.1 427.8 426.9 425.4 423.5 419.1 417 412.5 411.9 412.6 410.7 407.8 403 395.9 388.4 381.8 380.2 379.1 378.8 375.8 373.1 371.2 370 368.7 366.6 364.1 361.5 358.8 355.8 353.2 351.2 348.2 345 341.8 338.2
414.9 416.6 416.2 416.5 414.7 413.3 412.8 413.2 411.4 406.6 405.4 408.2 407.9 406.7 407.3 408.9 409.8 411 412.7 411.7 408.2 407.2 407.7 411.5 420.3 428.2 433.9 433.8 437.5 438.4 436.7 437.4 435.3 434.9 433.8 433.6 431.1 427.8 420.3 415.9 418.8 427.1 426.4 423.4 422.5 420.1 416.8 414.2 405.1 395.1 395.5 400.6 401.2 397.9 395.6 393.1 386.8 382.2 381.4 379.2 375.9 373 370.8 369.1 367.2 365.6 364.5 362.6 360.2 357.5 354.3 352.3 350.1 348.6 345.9 343.3 339.9 336.6
