webserver/python/data/SE11.asc
ncols 200
nrows 200
xllcorner 410000
yllcorner 410000
cellsize 50
[rows 140 to 174 of 200, columns 0 to 78 of 200]
252.4 252.4 252.4 254 256.8 265.4 261.1 258.4 256 253.7 251.4 247.5 244.1 242.1 239.7 238.1 235.3 231.8 230.3 228.8 227.3 225.9 224.6 222.5 220.6 218.3 212.3 208.4 213.9 215 215.6 216 216 214.8 213.4 211.3 207.6 203.3 200.5 196.9 192.5 188.1 184.1 178.7 172.6 161.1 159.9 159.6 165.2 170.5 172.1 173.3 172.9 170.4 168 165.7 163.3 162.5 161.7 160.3 158.8 157.2 155.7 153.8 151.9 150 148 145.4 140.5 130.7 88.4 86.9 87.6 87.9 88.2 100 107.8 113.8 120.8
252.4 252.4 252.4 253.6 265.3 265.8 261.9 258.8 256.7 254.4 251.9 248.3 245.4 242.9 240.7 238.8 235.3 232.1 230.5 229 226.9 225.3 224 222.6 221.3 218.6 211.7 214.9 216.1 217 218 218.1 216.5 215.2 213.9 211.7 207 202.9 199.3 195.4 190.8 185.6 179.4 175.6 161.3 146.1 152.2 157.4 163.1 168.8 170.6 171 171.6 169.6 167.9 165.4 162.9 161.9 161.2 161.1 159.5 157.9 156 154.1 152.2 150.1 147.8 145.2 140.6 139.7 109.7 88.5 88 88.1 88.3 89.2 96.2 102.1 108
252.4 252.4 252.4 253 258.7 265.7 262.6 259.1 257 255 252.4 249.6 246.6 244 241.3 238.5 235.3 232.3 230.6 228.5 226.5 224.6 223.3 222 220.7 218.4 212.8 219.2 217.2 217.4 218.3 218.3 217 215.7 214.4 211.9 206.3 201.6 197.5 193.4 187.2 182.3 175.9 163.3 147.3 141.9 146.4 156.5 163.2 169.4 170.6 169.6 169.3 168.1 167.4 164.9 162.4 161 160.4 160.6 159.9 158 156.1 154.1 152.1 150 147.8 145.2 140.9 133.3 138.6 115.6 95.7 88.2 88.4 88.8 90.5 92.5 97.8
252.4 252.4 252.4 252.5 256.3 265.4 263.3 259.9 256.9 254.1 252.1 249.7 246.5 243.4 240.7 237.8 234.8 232.3 230.3 228.3 226.3 224.3 222.7 221.3 219.9 216.4 218.5 220 218.7 218.8 219 218.5 217.2 215.9 214.3 211 205.7 198.9 195 189.3 183.5 172.2 161.5 150.1 141.8 138.7 142.8 153.3 166.7 170 170.1 169.9 168.8 168 167 164.4 161.9 160.5 159.7 159.8 159.5 157.2 155.3 153.4 151.5 149.7 147.7 145.2 142.5 135.1 133.4 136.2 116.7 98.8 88.3 88.7 89.8 89.4 90.3
252.4 252.4 252.4 252.4 255.2 266.5 263.7 260.8 257.7 254.7 251.4 249.3 246.4 242.9 240 237.2 234.5 232.1 230.4 228.4 226.3 224.2 222.8 221.2 219.8 218.8 219.5 220.2 220.1 219.5 218.9 218.2 215.9 214.5 212.6 208.3 201.3 195.9 189.7 179.8 168.8 157.1 147.8 141.7 137 128.6 141.9 152.3 168.3 172.8 172.7 171.5 169.8 168.2 166.5 164.3 162.3 160.2 159.1 158.9 158 155.9 154.5 152.7 150.7 149 147.3 145 142.6 138.3 134.8 133.3 135.8 121.8 107.9 93.3 90.1 92.2 91.4
252.4 252.4 252.4 252.4 253.4 263.2 264 260.9 257.9 254.7 250.7 248.8 246 242.7 239.7 237 234.3 231.8 230.2 228.4 226.4 224.1 222.9 221.3 220.2 219.3 220.1 220.5 220.1 219.5 218.8 218.1 213.8 209.8 205.6 200.1 193.9 183.1 176.9 167.1 156.5 145.5 136.1 131.3 128.3 126.4 141.2 152.8 171.4 174.6 174.5 172.7 171.2 169.7 167.6 165.4 163.4 161.3 159.1 157.5 156.2 154.7 153.3 151.9 150 148.4 146.6 144.2 141.8 139.4 137.2 135.9 132.8 134.8 120.3 100.2 100.2 98.8 96.2
252.4 252.4 252.4 252.4 252.4 259.5 263.6 261.1 258 254 250.1 248.7 246 242.8 239.8 237 234.1 231.5 229.9 228.4 226.2 224 222.9 221.6 220.6 219.2 219.6 220.1 221.2 219.5 218.8 217.2 212.2 207.1 199.4 188.9 177.9 172 163.2 154.8 144.7 136.7 130.9 127.3 123.1 123.8 136.9 148.5 157.9 168.1 175.1 173.9 172.8 171.6 169.3 167.5 165 163 160.8 158.2 155.7 153.5 152 150.6 149.5 148.2 145.8 143.4 140.8 137.8 135.8 133.6 129.7 131.9 129.7 110.6 113.1 118.8 111
252.4 252.4 252.4 252.4 252.4 256.5 263.4 261.1 257.7 254 250.5 248.7 245.9 242.9 239.9 237.1 234.3 231.6 230 228.4 226.6 224.3 223.2 221.6 220.4 218.5 218.2 219.8 220.6 221.4 218.8 216.2 206.8 200.4 187.7 175 167.9 157.8 148.9 140.8 132.8 126.9 123.7 120.1 119.5 118.9 125.9 135.3 143.3 149.7 161.4 175.4 174.6 173.8 171.9 170.2 167.7 165.7 162.3 159.3 156.8 154.2 151.4 150.8 148.3 146.9 145.1 142.1 139.3 136.3 133.8 130.3 126 128.1 130.6 121.5 114 107.2 105.5
252.4 252.4 252.4 252.4 252.4 255.9 263.3 260.9 257.7 254.2 250.8 248.6 245.7 242.8 240.2 237.8 235.3 232.1 230.3 228.8 227.2 225 223.6 221.7 220.4 218.1 215.4 217.4 217.3 219 215.4 206.1 197.8 186.7 176 165.1 156.2 146.3 137.5 131.5 123.9 121.2 119.5 117.5 117 116.7 117 119.8 123.9 131.7 145.1 158.9 171.6 177.7 174.8 173 170.4 167.7 163.8 160.8 158 155.4 152.4 149.7 146.8 145.2 144 140.7 138 135.5 134.3 132.5 129.3 124.6 121.5 110.6 104.8 98.5 95.8
252.4 252.4 252.4 252.4 252.4 253.2 257.4 259.7 257.8 254.2 250.8 248 245.6 243.1 241 238.9 235.8 232.6 230.8 229.2 227.5 225.6 223.9 221.9 220.4 215.7 205.6 207.9 202.4 199.8 195.4 189.6 180.8 174.5 163.8 153.7 143.9 137 131.7 126.1 121.2 118.4 117.5 116.4 115.2 114.6 114.4 113.2 112.6 117.5 125.9 142.7 155.9 170.3 177.9 175.3 172.6 169.2 165.3 162.4 159.6 156.5 152.2 150.6 148.1 146.4 144.6 141.6 137.4 137 135.8 134.2 128.6 118.5 108.4 102.4 97.9 97.2 95.2
252.4 252.4 254.1 247.3 245.3 249.5 254.8 258.6 256.9 254 250.4 247.4 244.8 242.8 241 238.8 236.2 233 231.2 229.7 228 226.1 224.1 222.2 219.2 211.7 193 189.1 185.2 182.3 180 174.5 163.7 156.7 149.7 144.7 137.7 132.4 128.7 124.9 120.1 117.6 117 115.4 114.3 113.7 111.6 110.1 107.9 108.7 115.5 125.8 141.8 151.4 166.9 175.7 172.8 170 166.8 163.6 160.2 157.2 152.5 150.2 147.7 146.2 145.9 143.8 138.6 137.4 132.6 124 118.2 109 99.6 98 99.3 105.4 101
252.4 252.7 245.1 241.5 239.8 245.5 247.8 257.8 256.3 253.4 249.9 246.6 244 242 240.1 238.2 235.9 233.4 231.6 230.1 227.7 225.3 223.5 220.9 217.5 207.9 191.2 172.9 167.8 164.7 159.8 154.8 151.7 148.2 143.1 139.5 134.7 129.5 126.2 122.7 118.6 115.7 114.2 113 111.5 109.2 107.2 106.7 106.5 107.8 108.9 112.9 123.8 134.2 146.7 155.4 162.7 167.1 165.3 162.6 159.7 155 150.9 147.5 144.2 141.5 139.8 136.4 128 122.1 119.1 111.1 106.7 99.6 98.1 101.9 112.9 110.8 103.2
248.2 244.4 242 240.5 237.3 240.6 245 253.3 255.5 252.5 249.3 245.9 243.2 241.2 239.4 237.4 235 232.5 230.2 228.7 226.7 224.5 221.8 219 216 207.7 190.8 171.4 158.4 155.8 153.8 147.4 144.6 141 137 134.5 131.4 126.6 123.1 120.3 116.9 110.7 110.2 112 109 109.6 118 118.2 115.7 112.2 111.8 109.3 110.1 117.3 126.9 134.3 142.3 145.9 147.1 147 147.3 147.5 142.7 137.7 133 127.6 126 124.1 116.5 109.1 103.9 100.8 98.5 98.4 100.8 114.6 116.5 111.8 103.6
245 239.6 240 238.7 231.4 235.3 239.7 244.4 253.3 252 248.7 245 242.1 240.5 238.6 236.6 234.1 231.3 228.6 226.8 224.7 220.6 217.1 213.4 208.7 202.1 186 172.9 161 150.5 145.6 143.7 139.9 136.2 132 129.5 127.1 123.7 120.4 118 114.5 112.6 112.9 116.2 119.4 121.8 123.5 123.8 121.6 121.1 115.7 113.8 106.4 106.1 111.6 118.8 125.9 129.9 132.5 130.6 130.6 128 125.9 121.2 118.5 115.8 112.3 110.7 104.7 99.8 97.5 100.8 107.8 112.6 119.7 118.5 115.2 109.6 104.1
242.2 236.1 232.8 231 225 229.4 233.7 237.8 248.1 249.2 247.2 243.8 240.7 239.1 237.5 235.5 232.2 229.1 226.9 224.7 220.3 213.3 208.7 203.3 200.2 190.4 178 167.7 158.3 149.8 145.2 140.7 136.5 132.9 129.7 127.2 124.9 122.2 118.8 116.1 113.4 114.1 118.3 121.8 124.8 127 128.8 129.2 127.3 126 122.9 118.4 113.4 106.8 105.2 106.8 109.2 114.5 117.5 117.8 117.6 115.2 108.6 106.1 104 102.5 101.3 100.7 100.1 100.8 105 110.5 118.6 125.3 124.9 120.9 115.6 109.2 108.3
237.5 232.4 227.2 223.6 221.5 224.9 228.8 233.1 239.6 246.7 245.9 242.5 239.2 237.6 236 234.2 230.4 226.7 223.4 219.9 213.3 205.6 199.2 191.9 185.4 177.7 168.8 161.7 157.9 151 144.1 140.2 136 131.1 128.3 125.2 122.8 120.1 117.6 115.6 115.1 120.3 124.5 128.5 132.5 135.9 136.5 136.1 133.5 127.5 124.2 122.5 118.3 114.2 107.8 106.4 105.3 105.3 105.7 106.9 105.5 104.5 102.4 100.4 99.3 110.1 114 109.7 98.7 105.2 118.8 123.7 127.3 132.4 134.1 123.3 118 112.1 108.4
232.3 227.8 224.6 220.2 217.3 219.6 223.5 228.2 233.1 243.2 243.6 240.8 237.8 236.1 234.4 232.1 228.7 225 221.6 215.6 214.4 212.1 208.2 204.2 206 193 179.8 166.8 160.4 157.4 146.6 140.8 136.2 129.5 127.2 123.9 120.7 118.3 117.7 117.7 122.1 126.9 130.9 137 140.5 144.9 147.6 149.3 150.4 143.8 142.1 136.4 123.1 118.5 116.1 114.8 112.4 105.2 105.1 105.3 103.6 102 101.2 103.4 111.8 119.1 134.8 129.3 104.8 112 133.8 133.5 135.7 136.7 135.8 129.1 120.3 114.6 109.2
229.4 225.9 222.5 217.4 214.6 214.6 218 221.8 227.5 237.3 243.5 240.8 237.7 236 235 232.3 229.2 226.1 222.5 222.1 221.3 218.4 214.3 208.1 205.5 200.8 190.5 180.5 169.3 160 153.3 143.2 135.2 129.6 126.4 123.6 120.3 119.2 119.1 122.5 127.7 132.9 138 144.4 151.5 155.9 163.9 164.3 164.4 162.5 164.1 156.4 145.5 134.1 125.2 120.4 121.6 118.8 107.2 110.5 115.2 116.1 117.5 120.7 128.6 144.1 142.1 136.8 110.3 110.5 133.1 133.8 136.2 135.9 133.7 130.2 121.5 116.1 110.4
226.8 223.2 219.9 216.4 214 211.4 214 218 224.3 231.8 244.1 242 238.8 236.4 235 233.2 230.9 228.2 226.2 225.4 220.8 214.2 216.8 215.9 206.7 202.2 194.2 182.9 169.6 161.6 149.7 140.2 133.7 128.6 124.6 121.7 121.6 120.7 126.6 130.5 134.9 140.4 146.2 158.5 166.5 172.1 180 185.5 185.8 186 186.2 179 165.7 153.2 144.4 138.9 133.4 130.2 124.1 124 126.4 131.2 139 142 148.5 146.2 143 137.5 114.8 112.3 131.1 129.7 132.9 135 132.1 129.2 126.8 118 111.4
223.4 221.1 218.7 215.6 212.2 209.1 209.8 214.2 219.5 226.3 237.4 241.5 238.5 236 235 233.4 231.6 229.8 227.9 225.8 222.2 220.8 219.3 214 205.7 199 188.4 175.2 163.3 154.6 145.3 136.7 131.7 126.4 121.6 123.2 125.8 128.3 134 139.6 144.5 151.3 158.6 173.4 181.6 188.2 195 192.7 188 185.6 184.6 182.2 177.2 171.7 165.4 159.6 152.5 150.4 149.4 147 152 154.7 154.1 150.2 149.4 146.5 142.9 137.9 122.5 112.3 122.2 124.6 128.3 132.9 130.7 127.6 124.2 119 114.3
222.8 220.3 217.7 213.6 210 207 207.1 209.9 214.2 220.2 230.5 241 237.7 235.5 233.6 231.9 230.1 228.2 226.3 223.5 221.6 220.6 217.9 208.6 201.1 190.7 177.2 164.8 155.6 144.2 139.8 134.2 128.6 122.9 124.4 127 130.8 134.8 140.6 148.3 153 161.7 171.5 188.7 196.2 198.5 195.5 192.5 188.7 186.3 184.4 182.6 180.4 176.7 173.7 172.7 170.9 169.4 167 164 161 158.1 155.1 152.1 149.1 145.9 142.3 138.9 131.3 115.2 117.2 117.5 117.8 128.1 129.5 126.5 123.7 120.3 119.9
221.3 218.9 216.5 212.9 208.8 204.7 204.6 207.9 210.5 217.3 226.5 238.8 237.2 235.1 232.1 230.3 228.5 226.6 224.4 220.5 217.9 214.4 210.7 203.2 193.1 179.7 166.2 156.6 149 141.9 134.8 128.7 125.1 124.5 127 129.6 135.6 141.5 148.1 155.5 162.3 170.9 191.3 199.2 200.8 198.4 195.2 192.5 189.7 187.3 185.2 183.3 181.2 177.8 175.7 174.1 171.7 169.2 166.7 164.2 161.3 158.1 155 151.8 148.7 145.4 141.9 138.6 134.2 131.6 126.1 125.2 121.7 117.9 128.6 125.3 123.8 122.8 123.8
219.9 217.5 215.1 212.2 208.1 203.7 203.3 205.4 207.4 212 219.9 229.5 236.7 233.7 230.7 228.7 226.9 224.7 222.2 219.8 216.5 209.8 204.4 194.3 178.7 167.2 156.7 149.2 140.9 135.1 129.3 125.5 124.9 124.9 129.6 133.7 141.3 148.8 155.9 163.3 170.7 188 201 201.9 201.1 197.7 195 192.3 190.2 188.2 185.9 183.9 181.8 178.3 175.9 173.9 171.4 169 166.5 163.9 161.2 158 154.8 151.5 148.4 144.8 141.3 138.4 135.2 131.4 127.4 125 123 119.4 125.4 126.6 125.6 124.7 125.8
218.3 216 213.6 210.9 207 202.6 200.1 201.1 203.7 207.9 213.8 220.9 234.8 232.3 229.4 225.7 224.6 221.9 219.4 216.1 212.8 205 190.2 177 163 156 147.3 139.3 132.3 127.5 126.3 124.7 125.3 128.2 134.3 141.3 147.9 156.7 164.3 170.2 185.7 199.4 202.9 202 200.1 197.5 194.7 192 190.1 188.4 186.1 183.7 181.3 178.7 176 173.7 171.2 168.8 166.1 163.4 160.8 157.8 154.5 151.3 148.1 144.3 140.7 137.8 134.1 131 128.8 126.2 124.1 121.9 122.4 127.9 128.1 125.8 125.1
217.2 214.3 211.3 207.8 204.4 200.2 197.5 196.9 197.8 202.2 207.3 214.3 223.8 231.5 227.2 221.3 221.2 219.4 216.7 211.6 200.4 189.1 174.9 161.6 155.2 146.8 136.9 129.1 126.3 126.2 125.5 125.2 129.1 133.7 139.4 146.9 155.4 163.5 169.7 184.5 200.2 202.7 202.9 201.2 198.9 196.5 194.2 191.9 189.9 187.7 185.5 183.1 180.8 178.5 176.1 173.6 171 168.6 165.9 163.3 160.6 157.6 154.2 150.8 146.9 143.6 140.1 136.1 134.1 132.4 130.5 128.3 126.3 123.8 122.3 126.9 127.9 126.4 125.2
215.1 212 208.9 205.5 202 199.2 195.3 193.9 192.7 196.7 201.9 208.1 214.3 227.6 224.9 219.1 217.4 207.9 203.5 195.8 183.6 172.8 161.7 155 145 134.9 128.2 127.3 127.1 127.2 127.5 129.8 133.7 139.5 145.3 153.4 162 169.5 181.4 199.4 203.5 203.7 202.3 200.8 198 195.3 192.9 190.6 188.8 186.9 184.7 182.4 180.2 178 175.7 173.3 170.7 168.3 165.9 163.3 160.3 157.2 153.9 149.6 145.4 142 139.3 137.8 136.1 134.1 132.1 129.1 126.1 123.4 122.8 125.7 128.4 126.7 125.6
212.4 209.4 206.4 203.4 200.2 197.3 194.4 190.9 188.7 190.7 196.2 201.8 208.3 214.2 222.9 218.5 199.7 190.9 184.9 177.2 168.5 159.7 153.2 145.1 135.5 129.8 128.5 128.1 129.4 130 131.1 133.3 138.4 145.3 152 160.3 168.3 178.5 197.7 204.4 204.7 203.4 201.9 200.1 197.4 194.2 191.6 189.4 187.7 185.9 184 181.8 179.6 177.1 174.7 172.2 170.4 168 165.7 162.5 158.9 154.9 151.8 147.4 142.5 142 140.9 139.6 138 135 131.9 128.8 125.8 123.4 123.6 125 130 127.2 127.1
209.6 206.7 203.8 200.7 197.8 195.1 192.3 189.4 185.4 186 193.4 197.6 202.2 206.7 215.3 211.7 191.1 179.4 171 164.1 157 151.3 145.5 136.5 130.8 129.4 131.3 130.5 131.8 133 134.7 136.9 143.1 149.5 158.3 167.2 176.7 195.4 205.1 205.3 205 203.1 201.3 198.9 196.1 193.3 190.5 188.3 186.5 185 183.4 181.2 179.1 176 173.9 170.1 168.7 165.6 161.7 158.3 154.4 150.7 149.7 148.3 147.2 145.4 143 140.7 138.1 135.3 132 128.6 126.4 125.8 125 125 128.7 130.5 129.6
206.9 204 201 198.1 195.1 192.7 190.3 187.9 183.6 179.2 186 190.3 195.8 201.3 207.2 205.2 187 174.6 163.5 153.9 148.9 144.5 136.5 131.3 133 131.7 131.9 131.9 133.8 136.2 143.6 141.1 148.7 154.7 164.6 174.4 192.7 205.8 207.6 206.6 205.4 202.4 200.1 197.6 195.2 193 190.8 188.6 187.1 185.6 184 181.4 178.6 175 173.1 169.3 166 163.4 160.2 157.4 154.4 151.9 151.6 151.4 148.9 146.5 143.8 141.2 138.4 135.5 132.5 130.1 128.9 127.8 126.6 126.7 128.1 131.8 131.3
204.1 201.2 198.3 195.4 192.8 190.4 188 185.3 182.3 177.4 177.5 184.4 187.9 194 199.7 199.7 182.9 168.7 158.7 151.1 144.5 137.3 132.3 133.1 133 132.3 133.7 134.3 137 139.6 149.7 154.7 159.6 163.9 171.6 187.4 207.8 209.7 208 205.3 203.7 202.2 200.6 198.3 196.4 194.2 192 189.8 187.7 186.2 184.5 181.8 179.3 177.1 173.9 170.9 167.4 164.3 162 159.1 157.8 154.7 154.3 152.8 150.2 147.5 144.7 141.9 139 136.3 134.6 132.5 130.8 129 128.2 128.5 128.8 131.1 133.2
201.3 198.3 195.5 192.9 190.4 188 185.4 182.6 179.7 176.5 171.7 174.8 180.4 184.9 187.8 183.6 173.8 162.5 153.2 146.6 140.3 133.9 134.2 132.9 133.4 133.8 138.1 145.3 149.3 149.4 151.4 159.8 169.7 174.3 186.6 205.9 211.2 210.1 208.9 205.7 205.2 203.7 202 199.2 197.3 195.4 193.2 191 188.7 186.8 184.9 182.3 180.8 178.9 176 172.9 169 165.2 163 162.1 161.3 159.1 157 154.4 151.6 148.5 145.6 142.8 140.2 138.1 136.4 134.8 133.1 131.4 130.1 129.6 129.8 132.5 134
198.5 195.4 192.9 190.5 188.1 185.6 182.8 179.9 177 174.2 170.7 168.6 172.2 174.4 175.1 169 161.9 153.9 149.6 143.3 137.4 133.8 134.7 134.4 135.5 136.9 141.4 147.4 151.4 152.7 162.8 171.6 178.9 191.5 206.5 211.5 211.2 209.9 208.9 208.7 206.5 205.3 203.1 200.2 197.9 196.2 194.4 192.2 189.9 187.7 185.4 183.7 182.3 180.3 177.8 174.5 170.5 166.4 164.9 164.6 163.5 161.4 159.1 156.8 153.8 150 146.6 143.7 141.9 140.2 138.5 137.3 135.5 133.8 132.7 131.6 131.2 133.5 134.5
195.7 193.1 190.6 188.2 185.8 183.4 180.7 177.9 175.2 172.4 170 167.9 165.2 165 163.1 159.9 155 150.4 145.9 141.5 137.1 133.7 135.5 135.7 137 139.5 144.3 149.6 154.4 160.5 172.3 183.8 199.6 210.3 212.2 212.2 211.7 210.2 210.1 209.5 207.8 206.8 204.2 201.3 198.5 196.8 195.1 193.4 191.2 189 186.7 184.8 183.4 181.7 178.3 174.7 170.6 167.9 167.2 167.5 165.8 163.6 161.2 158.9 155.7 152 148 145.4 144 142.4 140.9 139.4 137.7 136.3 135.4 134.4 134.3 134.5 136.7
193.4 190.8 188.4 186.1 184.4 182.5 179.6 176.9 174.1 171.1 169.2 167.2 165.3 160.5 153.5 148.7 147 146.3 141.9 139.2 133.9 135.6 137 137.5 137.9 143.1 146.1 150.9 157 165.4 179.9 197.8 208.8 211.1 213 212.6 211.9 211.4 211.3 210.7 209.7 208.1 205.2 202.3 199.5 197.5 195.8 194.4 192.5 190.2 188 185.8 183.8 180.1 176.8 174.1 172.3 172.6 171.8 170.5 168 165.6 163.2 160.7 157.6 153.7 149.9 147.9 146.3 144.5 142.7 141.1 139.5 139 138.2 137.5 137.3 138.3 139.7
191 188.5 186.6 185 183.1 181.3 178.7 175.8 172.9 169.6 168.7 165.6 160.3 156.7 157.4 147 143.6 141.5 139.5 137.7 135.5 136.2 137.6 138.1 139.8 146.3 147.9 154.6 162.3 170 185.9 202.2 208.3 210.2 212.3 213.8 213.2 213 212.5 212.2 211.1 209.5 206.7 203.9 201 198.3 196.5 195.1 193.7 191.5 189.2 186.8 183.4 179.6 176.3 176.6 177 176.5 174.7 172.9 170.6 167.7 165 162 159.1 155.6 153.5 151.2 149.1 146.5 144.5 142.8 142.1 141.9 141.2 140.7 140.4 141 141.8
