webserver/python/data/SE14.asc
ncols 200
nrows 200
xllcorner 410000
yllcorner 440000
cellsize 50
[rows 105 to 139 of 200, columns 0 to 79 of 200]
345.5 345.8 346 343.5 345.6 351.9 362.1 360.6 361.1 361.7 361.4 361 360.3 361 362 363.2 362.7 363.8 364 364.2 364.6 365.3 365.9 366.4 368.3 370.7 371.9 373.1 374 374.3 374.5 374.8 375.3 376 376.6 377.3 377.9 378.4 378.1 377.4 376.1 376 376.4 376.8 376.1 375 373.6 372.7 371.9 370.4 368.9 369.6 369.7 369.5 369.2 368.9 369.4 368.4 367.3 363.1 359.7 357.3 357.2 357.1 356.7 356.1 355.8 357 356.6 356 355 353.4 353.7 354.2 354.3 353.4 350.8 347.1 343.5 338.4
342.2 341.4 341 341.3 341.8 346.7 359.8 359.2 358.2 359 358.9 358.5 358.2 358.6 359.3 359.5 359.4 360.8 361.1 361.3 361.5 362.2 362.8 363.5 365 367.4 368.6 369.9 371.5 371.7 371.9 372.2 372.5 372.9 373.6 374.3 375 375.7 375.7 374.6 373.2 372.8 372.2 371.3 370.5 369.8 369.6 368.5 367.4 366.9 366.6 367.1 367.4 367.2 366.9 367.2 367.8 367.2 366 364.8 358.5 356.5 355.2 354.8 354.5 354.1 353.7 354 353.8 353.2 351 350.5 350.6 350.7 350.9 350.5 350.2 349.2 345.2 342.7
337.2 336.9 336.6 339.3 337.7 343.9 354.4 358.4 355.4 356.3 356.4 356.6 356.5 356.4 356.7 357.1 356.6 358 358.3 358.4 358.6 359.1 359.7 360.8 362.1 364 365.5 367.9 369.1 369.4 369.6 369.8 370.1 370.5 371 371.5 372.2 372.9 373 371.9 370.7 369.5 368.4 367.6 367 366.4 366.1 365 364.4 364.3 364.4 364.1 365.1 365.1 365.2 365.4 365.6 365.4 364.9 363.6 360.7 356.5 354 353.1 352.4 352 351.8 351.8 351 349.7 348.4 347.7 347.6 348.2 348.4 348.1 349.3 348.9 348.1 345.6
332.2 332.4 332.8 334.5 334.8 339 345.6 350 350.3 353.3 353.3 353.3 355.2 354.4 354.3 354.3 354 355.2 355.5 355.6 355.7 356 356.8 358.1 359.4 361 363.3 365.8 366.7 367 367.3 367.5 367.8 367.7 368.2 369.1 369.9 370.6 370.2 369.4 368.4 367.1 365.8 364.5 363.9 363.2 362.7 361.9 361.6 361.4 361.5 361.6 362 362.3 362.7 363.1 363.4 363.3 363.1 362.5 360.7 357.9 355 352.5 350.5 350.1 349.7 349.6 349.4 348 346.7 345.4 344.7 344.8 345.7 345.7 347.3 348 347.4 345.9
328 328.4 329.1 329.9 331 335.2 342.2 346.4 347.1 348.1 349.6 349.7 350.8 351.5 351.8 351.5 351.6 352.4 352.7 352.8 352.9 353 354.1 355.4 356.8 358.6 361 363.1 363.9 364.5 364.7 364.7 364.6 365.1 365.8 366.7 367.5 368.1 367.3 366.9 366.6 365.4 364 361.9 361 360.1 359.3 359.1 358.9 358.6 358.5 358.8 359.3 359.7 360.1 360.5 360.8 360.9 361 360.8 359.2 357.4 354.3 351.3 349.4 348.4 347.8 347.4 347.5 346.4 345 343.7 342.4 341.5 342.5 343.7 345.1 345.3 345.3 345.1
323.5 324.6 325.5 326.7 327.8 330.9 337.1 341.7 342.2 344.3 345.5 345.7 346 346.7 347.4 347.5 348.1 349.6 350.1 350.4 350.6 350.8 351.5 352.8 354.2 356.2 357.9 358.9 360.5 361.2 361.6 362 362.4 363.2 363.9 364.6 365.3 365.8 365.9 365.9 365.4 363.8 361.6 359.3 358.4 357.6 357.1 356.9 356.6 356.4 356.5 356.5 356.6 357 357.4 357.8 358.2 358.3 358.4 358.5 357.5 355.9 353.4 349.8 348.1 347.5 346.7 345.9 345.2 344.7 343.3 342 340.7 339.8 340.2 341.7 342.2 341.8 341.7 341.2
317.9 321.5 322.6 323.6 324.6 326.6 328.7 336.7 338.7 340.6 341.4 341.6 341.8 342.1 342.8 343.1 344.3 345.9 347.1 348.2 348 348.8 349.3 350.2 351.5 353.7 354.8 355.8 357 357.8 358.2 358.3 359.1 360.5 361.3 362.2 363 363.6 363.6 363.6 362.9 361.3 359.1 356.9 355.9 355.5 355.1 354.8 354.5 354.6 354.9 355 355 355 355 355.1 355.5 355.7 355.7 355.8 355.1 354.1 351.2 348.4 346.7 346.1 345.4 344.5 343.4 343 341.7 340.4 339 338.2 338.2 338.1 338.1 338.3 338.1 336.9
312.9 318.3 320.1 320.8 321.4 321.8 323.6 330.1 333.6 336.8 337.3 337.5 337.7 337.9 338.2 339 341 342.3 343.5 344.8 345.6 346.8 347.4 347.6 348.9 350.7 351.6 352.6 353.6 354.3 354.3 354.6 356 357.5 358.5 359.4 360.2 361 361.2 361.2 360.1 358.7 356.6 354.6 353.9 353.4 353 352.7 352.8 353.1 353.4 353.5 353.5 353.5 353.5 353.5 353.6 352.9 353 353 352.5 351.5 350.3 347.6 345.3 344.8 344 342.9 341.8 340.7 340.1 338.7 337.3 335.2 335.1 335 334.9 334.8 334.2 332.6
310.1 315.6 317.8 318.4 319.6 319.5 323.1 326.9 330.4 333 333.5 333.6 333.8 334 334.1 335.1 337.2 338.7 340 341.3 343.4 344.8 345.5 345.7 346.4 347.5 348.6 349.7 350.5 350.2 350.1 351.5 353 354.5 355.8 356.6 357.5 358.2 358.7 358.7 357.3 355.9 354.5 352.6 351.9 351.4 350.9 351 351.2 351.5 351.8 352 352 352 352 352.1 351.8 350.5 350.2 350.3 349.8 348.9 348.8 346.7 344 343.5 342.5 341.4 340.3 339.2 338.4 337.1 335.5 333.3 331.9 331.8 331.7 331.7 330.3 329
309.2 314.1 315.7 317 316 318.3 321.1 323 326.8 329.1 330 329.8 329.9 330.1 330.3 331 332.9 335 336.3 337.7 339.9 340.9 342.3 342.6 343.2 344.7 345.8 346.7 346.4 346 347 348.5 350 351.5 352.9 353.8 354.7 355.4 355.9 355.9 354.9 353.8 352.7 350.6 350 349.6 349.3 349.4 349.7 350 350.3 350.5 350.5 350.5 350.5 350.5 350 349.1 347.3 347.4 346.8 346.3 346.3 345.4 343 342.1 341 339.9 338.7 337.6 336.5 335.5 333.7 331.5 329.5 328.7 328.6 327.9 326.7 325.7
305.9 310.5 310.2 312.7 313.6 316 317.4 318.2 322 323.3 326.8 326.5 325.9 326.3 326.5 327.2 328.6 330.7 332.6 334.3 335.3 335.9 337.3 338.6 339.5 341.3 342.9 342.5 341.9 342.9 343.9 344.9 346.7 348.4 349.9 351.1 351.5 352.4 352.6 352.3 351.5 350.9 350.6 349 348.3 347.9 348.1 348.1 348.2 348.5 348.7 349 349 349 349.1 348.7 348.3 347.7 345.3 344.6 344 344.3 343.9 343.6 341.9 340.6 339.4 338.3 337.2 336.1 335 333.9 331.9 329.9 327.8 326.5 325.5 324.6 323.8 322.5
304.7 304.9 305.2 306.3 310 311.1 312.7 314.1 317.2 320.1 322.3 322.3 321.2 322.5 322.7 323.5 324.3 326.4 328.5 330.3 330.8 331.3 331.8 333.1 334.8 335.5 336.5 338.3 339.3 340.4 341.3 342.3 343.4 344.4 345.4 347.1 348.4 349.4 349.4 349.3 349 348.7 348.3 347.5 346.6 346.5 346.8 346.8 346.8 346.9 347.2 347.5 347.5 347.6 347.4 347 346.5 346.1 345 344.2 343.4 342.4 342.3 342.1 340.9 339.5 338.4 337.3 336.1 334.6 333 331.3 329.4 327.4 325.7 323.5 322.2 321.7 320.8 319.3
302.1 301 300.3 302.2 306.8 307.8 308.2 310.9 315.4 316.2 318 318.2 317.6 318.2 318.9 319.7 320.5 322.1 324.2 326.1 326.7 327 327.4 328 329.3 330.2 330.4 333.9 336.3 337.8 338.8 339.8 340.8 341.8 343.1 343.6 345.4 346.4 346.5 346.4 346.7 346.4 346.1 345.7 344.9 345.2 345.5 345.5 345.5 345.6 345.7 346 346.1 346.1 345.7 345.2 345.3 345.3 344.5 343.6 342.8 341.9 340.9 340.1 339.2 338.3 336.7 335.1 333.5 331.9 330.3 328.5 326.6 324.6 323 321.9 319.8 317.7 317.8 316.3
298.4 297.9 297.2 299.8 302.1 302.9 306.9 310.2 312.9 313.4 314.5 314.2 314.6 315.2 315.8 316.3 317 317.7 319.6 321.5 322.6 322.7 323 324.1 325.3 325.3 325.9 328.1 331.4 333.7 335.7 336.8 338 339.9 340.4 341 342.1 343.4 343.6 343.6 344.2 344 343.7 343.4 343.6 343.9 344.2 344.2 344.2 344.3 344.3 344.4 344.6 344.3 344.1 344.4 344.8 344.4 343.9 342.9 342.2 341.3 340.1 338.7 337.8 336.8 334.4 332.6 330.8 329.2 327.6 325.8 324 322.3 320.9 319.2 317.2 315.2 314.7 313.4
295 295.2 293.2 296.3 297.3 302.5 304.4 305.2 306.6 310.7 311.3 310.7 311.7 312.7 313.2 312.9 313.3 314.5 315.7 316.9 318.5 318.3 318.8 319.4 319.8 320.4 322 323.6 326.3 328.7 331.6 333.4 335.1 337.6 337.8 338.5 339.1 340.3 340.7 340.7 341 341.7 341.4 341.2 341.7 342.3 342.8 342.9 342.9 342.9 343 343 343 343.2 343.6 343.9 343.9 343.5 343 342.2 341.6 340.6 339 337.5 336.5 334.6 332.1 330.3 328.6 326.9 325.2 323.4 321.7 320 318.3 316.3 314.3 312.3 310.5 309.5
292.3 291.3 287.7 291.9 296 298.9 300.5 299.8 301.5 307.1 307.4 306.8 308.1 309.4 309.8 309.6 309.7 309.8 311.3 312.8 314.3 314.1 314.8 315.5 316.1 316.8 318.2 320.4 322.6 324.7 327.2 329.8 332.1 334.3 335.3 335.9 336.5 337.1 337.8 337.9 338 339.3 339 339.4 340.3 341.3 341.3 341.4 341.5 341.5 341.6 341.7 341.9 342.2 342.5 342.9 342.7 342.4 342 341.6 340.6 339.6 338 336.4 335.2 333.3 330.9 328.5 326.8 325.1 322.7 321.4 319.7 317.6 315.8 313.9 312 310.2 308.5 306.4
289.5 286.7 281.6 288 289.3 292.3 294 294.8 296.2 302.7 302.9 303 304.2 305.4 306.4 306.7 306.7 306.8 307.4 308.6 310.1 310.5 311.5 312.2 312.9 313.7 315.5 317.5 319.8 322.1 324.4 326.9 329 331.1 332.7 333.3 333.9 334.5 335.2 335.9 336.4 336.7 337.5 338.5 339.5 339.9 339.9 339.9 340 340.1 340.3 340.5 340.8 341 341.4 341.4 341.2 341 340.9 340.3 339.5 338.5 336.9 335.4 333.8 332 330.2 327.6 325 322.8 320.6 319.4 317.2 315.2 313.5 311.6 309.8 308.3 306.6 304.2
284.5 282.4 277.9 280.2 282.4 284.5 286.6 289.5 292.8 300.2 301.5 299.8 300.3 301.4 302.5 302.4 303.4 303.5 304.1 304.9 306 307.2 308.3 309 309.6 311.1 312.8 314.9 317.2 319.6 321.9 324.4 326.5 328.6 330.2 330.8 331.6 332.5 333.5 334 335 335.7 336.4 337.6 338.4 338.4 338.4 338.4 338.5 338.7 339 339.3 339.6 339.9 340.1 340.1 339.9 339.7 339.5 339 338.2 337.3 335.8 334.3 332.6 330.8 329.1 326.5 323.8 321.8 319.4 317.1 314.9 312.8 311.1 309.4 307.9 306.4 304.5 301.9
278.1 276.8 274.1 274.7 276.9 279.5 282.2 284.7 288.7 295.6 296.5 297.7 297.2 297.4 298.3 298.9 299.5 300.1 300.7 301.8 302.9 304.1 305.1 305.7 306.8 308.5 310.1 312.3 314.9 317.3 319.7 322.2 324.3 326 327.5 328.5 329.4 330.4 331.6 332.7 334.2 334.9 335.4 336.8 336.9 336.9 336.9 336.9 337 337.3 337.6 338 338.4 338.8 339.2 339 338.8 338.5 338.2 337.7 336.9 336.1 334.7 333.2 331.5 329.7 327.8 325.2 322.9 321.1 318.4 315.9 313.6 311.3 309.4 307.4 305.8 304.1 302.3 300.9
272.9 271.7 269 270.4 272.8 275 276.4 279.2 283.5 291.9 291.3 294.6 295.8 293.7 294.6 295.4 296.1 296.7 297.3 298.7 299.9 301 302 302.6 303.6 305.2 308.1 310.4 313 315.6 318 320.3 323.1 324.1 325.1 326.1 327.3 328.5 329.7 331.2 333.2 333.7 334.2 334.5 334.7 335 335.3 335.4 335.7 335.9 336.2 336.8 337.5 338 338.2 338 337.7 337.4 337.1 336.4 335.6 334.8 333.6 332.1 330.4 328.6 326.5 323.9 321.5 319.2 316.9 314.6 312.2 309.8 307.2 305 303.7 301.9 299.9 298
269.7 267.4 265.5 266.4 268.6 269.7 271.2 272.7 279.1 287 288.7 291.7 291.7 290.6 291.5 292.6 292.8 293.3 294 295 296.6 298 298.8 299.4 300.2 302.4 306.7 309.4 311.6 313.9 316.3 319.3 320.8 321.7 322.3 323.2 324.4 326.2 328.2 330.1 331.9 332.4 332.6 333 333.4 333.6 333.8 334 334.3 334.6 335.1 335.8 336.5 337 337.2 337.2 336.8 336.6 336.5 335.2 334.2 333.2 332.2 331.2 329.3 327.3 324.9 322.1 319.7 317.4 315.1 312.9 310.7 308.3 305.6 303 301.3 300 298.2 296.2
265 262 259.9 261.5 264.8 266.3 267.6 268.3 277.3 281.1 282.1 286.3 287.3 287.5 288.2 289.4 289.9 289.9 290.6 291.3 292.8 294.1 294.7 295.1 296.2 301.3 305.3 308.3 310.6 312.9 315.5 318.1 318.5 319.3 320 321.1 323 325 326.9 328.9 330.5 330.6 330.9 331.4 331.9 332.3 332.5 332.7 333 333.5 334.2 334.9 335.5 336 336.2 336.4 336.5 336.5 335.6 334.4 333.3 332.2 330.3 328.9 327.1 325 322.9 320.1 317.5 315.7 313.3 311.1 308.9 306.3 303.5 300.7 298.7 297.6 296.4 294
261.2 256.8 248.3 259 261.1 264.3 265.4 266.7 274 275.5 276.7 285 282.7 284.5 283.7 285.4 287.1 287.6 288.2 288.1 288.5 288.5 289.1 291.4 296.1 300.4 304 307.3 309.7 312.1 314.3 316.6 317.9 318.1 318.3 319.3 321.2 323.2 325.1 327 328.3 328.9 329.3 329.8 330.3 330.7 331.1 331.4 331.8 332.5 333.2 333.8 334.5 335.1 335.2 336 336.4 336.1 334.9 333.7 332.5 330.4 328.1 326.2 324.8 322.6 320.5 318.1 315.3 313.9 311.6 309.3 306.8 304.1 301.2 298.4 296.1 294.3 292.5 290.9
259.3 251.9 242.8 255.3 257.4 260.9 263.5 265.8 269.7 271.8 274 281.9 280.7 278.5 277.2 277.2 281 283.2 284.7 285.6 284.5 284.3 286.4 291.2 296.5 300.8 304.4 306.7 308.3 310.5 312.8 315 316.2 316.5 316.7 317.5 319.5 321.4 323.2 324.8 326 327.2 327.6 328.1 328.6 329.1 329.6 330.2 330.8 331.5 332.1 332.8 333.4 334.1 334.2 335.4 336.4 335.3 334.6 333.9 332.9 329.9 326.7 324.5 321.6 320.2 318.2 316 313.3 312.1 309.7 307.2 304.6 301.8 298.7 296.2 294.4 292.6 290.7 288.4
253.3 239 241.9 252.4 253.6 260 262.3 263.9 266.1 266.5 269.5 276.6 276.2 273.1 271.6 270.9 273 275.8 279 280.3 281 282.1 286.1 290.8 296.4 301 304.6 306.1 306.7 309.1 311.3 313.3 314.3 314.9 315 315.7 317.6 319.4 321.2 322.5 323.7 325.1 326.2 326.7 327.2 327.7 328.2 329.5 330.1 330.5 331.1 331.8 332.4 333.1 333.5 334.8 336.5 336.2 335.3 334.6 333.1 330.2 328 324.3 316.6 315.2 314.8 313 310 308.5 306.7 304.5 301 298.6 296.4 294.5 292.6 290.6 288.3 286
228.5 229.1 240.8 249.9 253.4 256.5 258.5 259.8 261.8 263.7 266.2 269.2 270.2 268.1 265.9 264.1 263.8 267.9 271 277.6 280.7 281.6 285.8 289.5 293.6 297.6 302.8 305.4 306.1 307.4 309.8 311.3 311.9 313 312.6 313.5 315.6 317.4 318.9 320.1 321.3 323.2 324.8 325.4 325.9 326.4 327 328.5 329.4 330 330.4 330.9 331.4 332 333 334.7 336.5 337.6 336.6 335.8 334 331.6 329.3 324.6 319 312.1 309.4 308.2 306 304.4 302.7 301.1 298.9 296.6 294.6 292.7 290.6 288.2 285.9 283.5
226.2 227.4 239.8 248.7 252.5 255.1 256.6 258.3 258.8 261.5 261.7 261.1 262.8 261.6 259 255.3 263.1 270.2 279.5 280.8 282.6 283.7 285.8 288 290.8 295.2 302.1 304.7 305.7 306.1 307.8 309.5 310.4 311 311.3 312 313.2 315.2 316.5 317.7 319.2 321.2 322.9 324.1 324.6 325.1 325.7 327.2 328.3 329.3 329.9 330.3 330.8 331.3 331.9 333.1 335.6 337.8 338.6 337.8 335.9 333.4 329.5 324.7 318.1 312.9 309 304.5 303.5 302.4 300.7 299.1 296.9 294.6 292.2 289.9 287.7 285.6 283.5 281.4
240.5 223.3 240.1 248.3 251.5 252.9 253.9 255.2 256.1 257.2 254.9 256.2 256.6 256.4 251.8 261.5 269.5 275.7 284.2 287.4 286.1 284.9 286.3 288.4 290.5 296.2 300 302.7 305.3 304.5 306 307.5 308.8 309.5 309.9 310.4 311.4 312.5 314.2 315.4 317.2 319.2 321.1 322.5 323.3 323.9 324.6 325.8 327 328.1 329.2 329.2 329.7 330.6 331.8 331.8 331.2 334.5 335 333.7 332.8 332.5 328.6 323.8 316.2 311.5 308.4 305.1 302.5 300.2 298.2 296.1 294.4 293.9 291.3 289.6 287.9 285.7 283.5 281.3
242.1 223.3 237.4 245.2 249.6 249.9 252.3 253.4 252.5 252.3 252.5 255 253.5 248.8 253.5 262.9 269.7 274.3 279.8 284.5 289.3 287.1 286.9 288.6 290.6 295.2 298.3 300.1 302.5 302.6 304.2 305.6 306.6 306.8 307.8 308.9 309.7 310.5 311.8 313.2 315.2 317.3 319.2 320.6 321.8 322.8 323.5 324.5 325.6 326.7 326.7 327.8 329.8 330.1 330.1 328.3 325.5 325.3 325.6 328 329.4 328.3 323.7 320 314.5 310.8 307.8 304.8 303 301.4 297.5 295.9 294.9 292.4 289.9 289.7 286.2 284.1 282.2 280.4
236.8 223.3 229.3 241.3 246 248.7 250.9 249.6 249.5 249 251.1 253.2 243.2 248.3 257.4 261.5 269 273 276.3 281.1 287.4 290.4 289.6 290.3 291.8 293.7 296.6 298.7 300.1 299.6 301.5 303.5 304.4 304.6 304.8 306 307.6 308 309.2 311.2 313.3 315.3 317.3 318.3 319.3 320.8 322.3 323.1 324.2 323.9 324.1 327.1 329.6 328.6 326 322.1 317.8 317 318.5 318.7 320 319 315.7 312.5 310.8 310.2 307 306.5 306.3 303.1 299.9 297.5 295.8 294.9 291.7 288.3 284.8 282.1 280.6 279
236.8 223.3 223.3 234.6 242.7 246.6 245.2 245.3 244.7 245.7 242.4 239.9 234.7 251.1 258.9 261.7 269.5 273.4 274.2 277.6 284.1 288.9 292.7 293.3 293.1 294.6 296.2 297.2 297.4 296.5 299.3 301.5 302.4 302.7 302.3 303.7 305.3 306.6 306.9 309.1 311.1 312.8 314.5 315.7 316.8 318.1 320 321.9 321.1 320.8 321.4 323.8 326.4 322.6 320.3 315.5 310.4 309.9 310.5 310.1 311.3 312.3 310.6 308.8 307.1 308.1 308.7 309 307.1 304.4 301.8 298.6 295.5 293.2 289.9 286.1 282.6 280.1 278.7 277.2
240.2 228.4 217.8 217.1 235.1 238.9 235.3 236 234.7 240.7 233.5 230 243.4 255.9 260.4 263.4 268.4 271.2 272.4 275.8 281.2 288 291.5 294.8 294.6 293.7 294.4 294.9 294.8 296.2 297.7 299.7 300.4 301.3 300.8 302.5 304.1 305.3 305.8 306.1 308.3 309.9 311.5 313 314 316.6 319.5 321.3 319.9 317.7 316 316.8 314.4 312.2 310.3 310.4 306.1 305.8 305.7 305.5 305.5 306.7 307 305.9 304.3 306.6 308.9 308.5 305.3 301.8 299.6 296.9 293.2 290.5 287.9 283.6 281 278.4 276.6 274.9
241.3 229.5 213.5 203.1 217.8 218 219.1 226.4 227.8 228.4 225.1 231.3 246.5 256.6 260.7 262 264.1 265.8 269.6 274.7 278.9 284.2 288.7 290.8 291.7 291.7 291.9 292.3 293.1 294.4 295.9 297.8 299.1 299.6 299.6 301.4 302.6 303.9 304.9 305 305.4 307 308.4 309.8 312.3 314.9 317.5 318.4 316.9 315.7 310.9 311 310.7 310.7 308.7 305.8 304.6 303.8 303.3 302.8 302.5 303.8 304.4 303.3 301.8 303.8 305.4 305.3 302.7 299.5 296.9 293.9 291.2 288.4 285.7 282.7 279.9 276.9 274.5 272.6
239.6 235.2 226.2 212.8 206.1 208.8 208.9 212.1 215.3 213.6 223.5 235.9 247.8 253.3 256.9 257.8 261.3 264.3 268.5 273.1 276.4 281.2 285.6 287.6 288.6 289.3 289.3 289.2 290.2 292 293.9 295.6 297.1 298.3 298.8 300 301.2 302.5 303.7 304 302.8 304.1 305.9 307.7 308.9 312.2 314 313.9 313.8 313.8 313.5 308.2 307.8 307.9 307.3 305.3 303.2 302.3 301.5 300.8 300.3 300.5 301.9 300.6 299.9 301.3 302 301.9 298.9 296.6 294.5 291.7 288.7 285.7 282.9 280.3 277.3 274.9 273.5 271.6
238 234.6 231.2 225.7 216.2 199.4 204.4 204.8 206.1 224.1 231.2 236.7 244.5 251.1 252.7 254.2 259.7 266.1 270 272.9 276.2 279.7 283.1 284.4 286.3 286.9 287.4 288.2 289.3 290.6 292 293.6 295.9 296.1 296.8 298.7 300 301.2 302.4 302.7 301.8 301.1 303.5 305.6 305.4 309.4 311.2 308.9 310.1 309.4 310.3 307.5 307.1 306.5 305.1 302.7 301 300.3 299.7 299.1 298.8 298.5 299.1 297.8 297.9 299.3 300.1 298.5 296.6 294.6 292 288.4 285.5 282.6 280.4 277.7 275.2 273.8 272.3 270.9
