webserver/python/data/SE16.asc
ncols 200
nrows 200
xllcorner 410000
yllcorner 460000
cellsize 50
[rows 35 to 69 of 200, columns 0 to 77 of 200]
402 398.6 395.3 392.4 388.7 386 383.8 381.7 379.2 376.8 374 371.2 368.5 365.3 362.9 360.5 356.5 354.7 353.6 352.2 349.7 346.2 343.4 338.7 331.7 328.5 317.9 322.5 321.5 315.6 312.1 307.9 306.4 302.5 298.1 292.6 287.3 279.8 278.4 272.7 270.3 267.9 265.2 260.5 253 246.1 241.4 240.2 236 229.7 223.2 218.7 212 204.9 193.5 183.5 173.4 167.4 162.9 164 164.5 161.9 160.4 158.1 157 155.6 154.4 153.4 152.2 149.8 147.8 141.1 134.3 134.3 134.3 134.3 134.3 134.3
393.5 392.7 389.5 387 382.8 379 376.6 374.3 373.2 370.4 367.8 365.5 363.3 361.2 358.7 356.2 353.2 347.5 346.8 344.9 341.9 338.4 336.4 331.5 324.5 319.6 310.5 315.8 313 309.6 303.6 299.9 297 293.6 287.7 282 277.7 274.8 271.4 268.2 265.2 263.8 260 256.7 251 245.6 241 236.8 234.1 229.6 224.7 219.7 205.1 196 183.4 178 173.8 181.3 178.5 176.4 175.2 173.1 169.6 165.7 163.9 161.2 160.5 159.4 156.7 154.3 152.7 152 146.6 142.2 134.3 134.3 134.3 134.3
385.5 377.9 376.7 371.9 371.4 368 367.1 365.7 364.3 362.6 359.1 358 356.4 355.1 353.1 350.8 347.8 343.5 336.4 337.2 335.2 332.4 330 325.3 320.2 313.8 308.9 304.2 305.5 302.6 297.1 291.9 288.4 284.6 279.8 276.1 273.2 270.3 263.5 255.4 252.2 253.3 252.9 249.1 245.1 241.8 238.2 233.8 230.6 225.5 212.3 211.2 197.6 190.6 193.8 188.9 188.8 188.4 186.4 182.6 184 182.2 180 178.7 175.1 171.9 173 172.4 168.3 160 155.5 153.3 148.7 144.9 138.2 134.3 134.3 134.3
372.1 367.8 366.2 362.5 362.2 359.5 359.5 351.7 349.5 350.7 349.1 349 347.8 347.6 344 342.8 339.9 333 319.2 322.4 328.2 328 324.8 320.4 316.3 311.2 305.9 299.9 295.9 292.3 286.5 281.3 279.6 278.3 275.9 270.8 265.3 260.8 261.7 261 259.6 257.7 247.8 244.2 243.6 238.1 233.7 226.6 219.6 216.8 215.4 208.5 203.8 211.2 205.5 195.9 197.6 196.7 196.7 190.4 192.5 191.1 191.7 191.1 189.9 188.5 182.1 179.8 176.3 172.1 163.1 156.3 153.2 150.3 144.9 140.3 137.6 135.8
391.7 386.1 379.4 377 377.2 375.1 370.3 362.3 360.3 351.4 349.6 345.6 345.4 341.9 335 332 329.4 332.3 336.4 327.2 310.6 311.8 313.5 312.9 307.7 298.9 290.5 286.8 286.4 285.9 282.3 276.4 280.1 272.8 272.7 272.6 270.5 271.1 270.3 267 264.7 263.4 257.5 251.8 248.7 244.1 240.9 242.2 239.1 232.4 231.5 227.4 221.5 218.9 212.7 206.7 207.7 205.7 205.4 202.8 203.6 204.6 203.4 199.7 198.4 199 193.7 190.6 184.8 179.7 168.1 164.7 161.6 157.2 152.3 147.7 143.3 139.8
409.7 407.7 402.5 392.4 383.7 380.5 377.5 371.1 363.9 362.3 361.1 358.6 358.4 355.2 351.6 351.2 346.7 345.1 340.6 337.3 331.3 322.2 311.3 305 306.8 307.7 308.4 305.6 301.9 299.6 297 297.3 293.8 289.4 283.4 282.3 281.3 280.7 278.3 273.2 270.9 268.8 263.3 256.8 253.7 250.5 248.4 248.1 245.6 243.7 238.8 232.4 230.6 227.5 221 221.1 219.8 217.6 216.2 214.7 214.2 215.9 217.4 217.9 213.6 211.2 207.9 201.3 196.1 192.3 182.7 175.7 170.7 166.4 158.9 154.1 149.1 144
420 416.2 412.1 408.6 402.4 398.6 393.5 385.1 383.9 382 376.9 372.9 372.2 367.9 363.2 362.4 359.6 353.9 347.2 342.1 340.5 336.2 330.8 326.2 326.1 322.1 318.9 315.7 312.1 310.9 307.1 304 301.3 300.7 297.4 295.2 292.5 289.3 286 282.2 278.6 274.2 271.2 266.2 259.1 256.7 254.8 254.2 252.9 250.3 247.8 242.9 241.1 238.3 234.3 232.5 230 227.5 225.4 225.5 227 228.8 232.3 233.8 232.1 229.3 225.4 219.6 212 204.8 198 191.4 185.7 178.6 168.8 162.5 156.4 151.3
425.4 421.7 418 412.6 411 408.1 402.1 399.2 394.6 389.4 385.6 382.2 379.6 376.5 375.3 372.9 370.2 365.5 359.1 351.2 347 342.5 338.4 335.5 333.3 329.7 326.7 321.4 322 318.9 313.7 312.2 310.7 309.6 309 305.8 300.5 297.2 296 293.4 290.6 287.4 278.6 272.7 267.7 264.4 262 259.7 259.3 257.5 254.5 252.4 249.3 246.7 244.2 243.9 242.3 240 238.2 237.5 240.5 244.3 242.4 239.5 236.2 232.2 228.3 224 219.4 214.7 210.6 206.2 199.8 191.3 182.8 172.6 163.5 157.8
427.3 424.1 422 419 413.8 409.2 405.3 399.8 396.5 393.7 391 388.1 386.1 382.1 381.2 379.8 377.4 374 369.1 360.4 355.1 353.3 345.3 344.9 339.9 335.4 332.6 333 328.7 323.5 320.8 318.4 319.9 319.5 317.4 314.7 309.2 305.3 301.8 301.3 296.4 292.3 285.4 278 275 271.1 267.8 265.2 264.4 263 261.1 258.4 255.4 253.1 251.3 250.7 251.1 250.9 250.2 250.1 249.7 248.5 246.5 244 240.3 236.3 231.6 227.7 223.6 218.7 214.9 211.2 206.4 201.1 196.6 184.4 173 163.1
429.6 426.4 423.6 420.2 415.5 411.1 406.1 405.2 401.7 399.2 396.8 393.8 391.1 388.1 386.7 385.3 383.7 380.8 377 373.2 363.6 357.6 351.7 349 346.4 343.2 342.2 340.9 337.7 332.6 330.2 328.6 329.5 329.9 332.7 331.1 327.5 324 319.5 314.6 307.8 299.8 291.1 285 282.3 277.9 272.6 270.9 269.2 268 266.3 264.2 261.7 259.4 257 257.2 256.8 255.7 255.2 253.7 252.7 251.4 249.9 247.5 243.4 239.4 236.4 231.7 226.9 223.2 220.1 216.7 213.2 207.6 198.9 189.3 178 166.6
430 427.6 426.2 423 418.2 415.5 412.3 409.5 406.6 404.5 402.3 399.9 396.4 392.7 391.1 389.5 388 385.8 382.9 379.2 376.4 373.9 369.1 362.6 355.7 353.6 353.4 355.9 352.2 349.5 346.8 344.9 343.5 342.5 340.3 337.7 334.6 330.6 326.4 320.8 315 307.3 298.9 292.7 288.9 283.3 279.1 276 274.8 273 271.4 269.8 266.8 264.9 263.6 262.8 262.6 262.8 263.1 262 259.7 256.4 252 249.3 246.6 243.2 239.6 235.5 232.8 229.4 226 222.4 217.4 213.7 205.8 197.8 181.9 182
432.7 430.3 428.4 425.9 422.5 420.4 417 413.6 411.6 409.3 406.7 403.8 400.8 397.9 395.8 393.1 390.8 388.9 386.4 383.5 381 378 375 372.3 369.8 366.9 363.8 361.4 358 355 352.8 350.3 348.4 347.3 345.1 341.8 338.3 334.8 331.2 325.6 319.6 312.5 306.2 301.5 295.5 292.7 285.2 280 277.9 276.8 275.7 273.6 271.6 269.5 267.9 267.1 265.6 263.7 262.7 263.4 262.2 259.5 256.8 253.3 250 247.5 244.1 239.6 237.7 236.7 232.6 227.9 223.5 219.6 213.3 201.4 198.7 189.8
434.3 432.3 430.3 428.4 426.2 423.8 420.7 417.2 415.4 412.9 409.3 406.2 403.6 401.2 398.5 395.7 393.1 391.5 388.2 386 383.3 380.4 377.5 374.1 371.3 367.3 364.4 362.8 361 358.4 356.1 353.9 352.3 350.7 347.4 344 341.1 337.9 333.7 329.9 323.8 313.9 307.1 304 299.3 295.8 292.6 285.9 282.2 281.2 279.6 278 276.2 274.1 272.2 270.2 268.1 265.6 261.9 259.9 259.9 259.3 257.3 256.2 254.3 252.6 250 247.7 245.6 242.6 237.1 232 228.6 221.5 215.9 212.1 208.1 203.8
435.9 434.6 432.4 430.7 428.7 426.7 424 420.7 418 415.5 411.4 408.6 405.6 403.3 400.4 397.5 394.7 392.6 389.7 386.6 384.1 382 378.9 375.2 371.7 367.8 365.4 364.2 363 361.2 359.4 357.3 355.5 352.2 349 345.8 342.7 339.6 336.2 329.2 325.7 318.5 311.1 308.4 303.7 299.3 296.1 292.9 288.1 286.1 284.4 282.7 280.9 278.9 278.8 276.2 275 269.7 263.2 260.2 258.6 257.6 256.8 256.4 255 253.2 251.1 249.3 245.5 242 238.4 234.2 230.5 227.8 225.2 219.9 215.8 212.5
436.2 435.3 433.9 432.4 430.4 428.4 425.5 422.3 418.5 415.6 413.2 409.3 406.1 403 399.8 396.7 393.9 391.8 389.3 387.1 384.5 382 379.3 375.9 371.7 367.9 365.5 365 364 362.8 361 359.5 357.7 354.8 350.2 347 343.5 340.6 337.9 333.2 327.3 322.9 318.4 311.7 306.6 303.4 299.6 297.3 294 290.4 288.4 286.9 285.4 285.1 284.7 283 280.1 275.1 268.4 263.7 260.6 258.1 255.1 252.4 252.4 251.2 249.5 247.3 244 240.5 237.6 234.3 231.5 229.4 227.6 225.1 220.8 219.2
436.7 435 433.4 431.9 430.7 429 425.8 422 418.1 414.6 411.9 408.3 405.7 402.7 399.5 396.3 393.2 390.3 388.6 386.6 384.1 381.1 378.2 375.2 371.4 368.1 366.1 364.4 364 363 362.6 362.4 360.4 357.4 352.5 348.1 344.2 341.4 337.5 333.7 330.6 324.4 322 317.4 311.6 307.9 304.3 301.4 298.4 295.8 292.4 290.7 290.7 290.4 288 285.3 282.9 280 276.5 271.8 268.1 264.7 261.6 256.7 250.1 246.7 245.5 244.8 242.2 239.7 236 233.5 231.3 229.2 227 225.1 223.4 221.8
435.6 434.1 432.3 430.8 429.7 427.7 425.5 422.6 418.3 415 411.7 407.7 404.7 401.8 398.6 395.3 392.1 389.4 386.6 384.6 382.4 379.8 377 373.6 370.9 367.7 366.6 364.9 363.1 362.6 362.3 363.5 361.2 357.6 353.8 349.9 346.5 342.4 339.1 333.7 325.1 325.7 323.6 321.5 317.2 311.7 308.4 304.4 302.3 300.3 296.9 293.2 292.5 292.1 289.5 286.2 283.6 281.7 279.6 276.4 272.7 269.3 265.9 259.9 252.1 247.7 245.2 242.9 240.6 239 238.2 237.2 234.1 231.8 229.3 225.2 222.9 222.1
433.6 431.9 430.3 429.1 427.9 425.5 423.3 421.4 418.5 414.7 410.7 406.3 402.3 399.6 396.6 393.6 391.5 388.4 384.9 382.3 380.1 377.7 374.6 371.3 368.9 366.7 365.1 364 362 360.5 360.4 361.7 360.4 357 353.3 348.8 345.1 342.7 339.7 334.3 331.5 325.4 319 321.7 321.9 317.5 313.1 309.2 303.5 300.5 299.3 295.9 294.3 293.6 290.7 287.2 284.2 282.4 280.5 278 274.3 272.5 270 263.6 255.9 249.2 247.3 245.4 244.1 243.9 242.5 239.9 237.1 233.6 231.4 226.8 223.5 221.3
432.3 430.4 428.3 426.6 425.1 422.7 419.7 417.4 415.1 411 408.2 404.2 400.4 396.4 394.4 392.3 389.9 386.5 382.9 380.1 377.7 375.1 372.1 368.9 366.6 364.9 363.5 362.6 362 360.6 358.9 357.7 356.8 355.2 351.8 347.9 344.2 342 339.1 337.1 330.4 328.4 322.2 314.7 315.5 318.8 318.2 311.9 308.1 301.6 297.5 295.5 293.1 293.5 291.3 288.1 284.9 283 281.1 278.7 275.6 271.9 269.5 266.1 257.6 251.9 250 248.2 247.9 247.2 244.2 243.9 241.8 236.5 232.4 229.2 224.6 220.9
428.1 428.2 426.3 424.3 422.4 420.1 416.7 413.8 410.6 407.2 404.3 401 397.5 394.1 390.2 387.9 385.4 383 380.8 377.9 375.2 372.3 369.4 366.3 364.5 363 361.6 360.7 361.4 362.5 359.3 357.2 353.7 352.7 350.4 347.2 342.5 339.9 337.9 335.1 327.2 328 324.6 316.9 311.3 310.2 314 311.9 306.2 304.5 297.2 292.4 291.2 291.6 290.5 288.2 285.5 283.6 281.8 279.3 276.5 272.5 268.5 265.7 261.7 257.5 256.8 258.9 260.4 259.2 255.7 246.7 243.8 236.4 233.6 229.6 224.9 221
423.1 423.4 423.8 420.7 419.1 416.7 413.2 410.1 406.4 403.4 400 397.1 393.5 390.3 387.8 384.5 381.5 379.5 377.5 375.4 372.5 369.6 366.6 363.9 362.6 361.2 359.8 358.7 358.5 359.4 358.4 356.1 351.6 349.1 347.2 345.3 341.3 338.4 335.3 334.3 327.4 322.3 324.5 321.8 317.4 309.8 310.8 313 307 303.4 303 299 291.3 287.5 288 286.7 285.3 283.6 281.7 279.2 276.4 272.4 268.4 265.6 262.5 261.7 262.4 265.9 266.4 264.3 260.8 257 252.4 243.5 232.7 228 223.3 220
418.3 419.2 420.4 418.3 415.3 412.8 409.2 406.3 403.3 400.9 396.9 392.8 389.6 387 384.3 381.4 377.6 375.7 374.4 372.5 369.8 366.8 363.9 362.3 360.4 359 358.6 358.2 355 354.3 354.8 354.1 349.1 346.5 344.5 342.5 339.7 336.2 332.8 329.4 324.3 318.8 319.4 321.1 318.1 313.1 305.6 307.4 307.3 302.1 299.9 299.2 296.2 289.1 284.5 284.5 283.8 283 281.2 278.9 276.3 272.4 269 266.1 264.8 264.2 265.5 267.4 266.1 263.9 261.9 258.7 255 251.1 246.3 236.7 228.9 219.1
413 414.4 415.3 414.7 411.7 408.5 405.4 402.1 400.1 397.4 393.1 389 386.1 383.1 380.2 377.3 374.6 371 371 369.5 367 364.1 362.1 360.8 358.8 356.9 358 358 354.5 349.9 349.2 347.8 345.3 343.4 342.3 339.2 336.7 333.6 327.5 326.4 322.5 317 315.6 315.3 317 314.1 309.3 301.4 298.7 299.7 293.6 295.2 294.4 288.9 281.4 279.2 281.3 281.6 280.5 278.8 276.2 273.6 270.9 268.1 260.1 264.1 265.2 264.8 263.9 262.4 260.6 258.1 255.3 251.7 248.3 243.4 239.5 231.2
407.1 409.8 410.6 410.8 408.4 404.8 401.3 398.5 395.4 393.3 389.3 385.1 382.5 379.2 376.1 373.3 370.7 368 366 366 364.3 361.9 360.6 359.2 357.2 355.2 355 355.4 353.5 349.8 345.6 343.5 339.9 339.6 339.5 336.6 333.6 332.4 326.8 326.1 321.7 318 313.8 311.3 310.9 312.8 309.7 306.2 296.9 289.8 286.3 287 289.4 286.5 280.6 279.1 276.9 278.9 279.1 278 276.7 274.8 272 268.7 262 262 262.9 261.9 260.5 259.6 258.1 254.9 252.4 249.7 246.8 243.2 239.2 236.1
400.4 404.2 406.1 406.3 405 401.3 397.4 395.3 393.2 390.6 387.2 382.5 378.7 375.9 373.1 369.4 366.8 364.4 362.5 361.7 361.4 360.2 358.7 357.6 356.3 353.9 353.3 352.5 350.4 348.4 344.6 339.8 333.6 332 336.7 334.9 332.1 330 328.6 323.5 322.8 318.9 317.1 312.7 307 308.2 308.2 305.8 301.6 294.4 281.4 277.9 284.2 285.5 282.8 277.1 274.1 274.8 276.5 275.6 273.7 272.7 271.2 268.3 264.6 255.6 259 257.9 256.6 254.8 253 249.8 247.7 245.1 242.2 239.9 238.6 235.4
392.7 396.1 400.8 401.7 401.5 398.4 395.5 392 390 388 385.5 381.6 377.4 372.7 369.8 366.3 363.6 361.9 360.2 358.9 357.9 357.1 357.9 356.5 355.7 354.2 352.7 349.9 347.1 345.2 342.8 339.1 333.6 325 331.8 332.2 331.3 327.8 326.7 324.4 319.5 317.3 314.7 314.4 310.8 304.4 304.7 304 300.9 295.6 286.5 274.4 277.3 282.5 281 276.2 269.5 269.8 272.5 271.3 269 269.1 268.9 267.1 262.5 256 253.3 252.8 251.4 249.5 247.5 244.9 242.8 240.5 238 235.9 233.9 232.7
387.3 389.3 393.7 397 397.5 395.5 393.7 390.8 386 383.5 382.2 378.5 374.6 370.1 367.4 364.5 362.3 360 358 356.2 354.3 354.4 354.7 355.2 353.9 353.8 352 350.1 347.3 343.9 340 335.7 329.8 325.9 322.1 327.5 328.8 326.8 324.2 322.6 320.2 315.5 313 312.2 309.6 306.6 301.3 302.3 300.4 295.8 286.6 276.2 270.2 274.2 276 274.4 268.8 267.1 264.5 266.6 264.8 265.4 264.5 262.7 259.3 255.6 245.5 247.7 246.6 244.2 242.2 239.9 237.9 235.8 234.2 231.8 228.6 226.4
382.1 383.9 386.7 390.8 392.8 390.7 389.5 387.7 384.6 380.5 377.4 374.8 371 367.6 365.6 363.1 361 359 356.3 355 354.2 352.4 350.4 349.3 353 353 351 348.4 345.8 342.3 338.9 335.5 331.4 326.5 318.6 323.3 324.8 323 321.3 319.6 318.1 316 310.7 309 308.4 306 299.6 297.2 297.6 296.3 288.9 280.9 271.4 264.3 269.4 268 267 262.3 258 260.9 259.1 258.7 259.3 257.2 254.7 251.6 245 244 242 239.8 236.8 234.4 232.5 231.4 230 227.6 224.2 221.5
376.1 378.2 381 384.3 386.5 385.6 384.9 383.7 381.2 377.4 373.7 371 367.9 365.9 364 362.1 360.2 358.7 358.5 357.6 356.8 355.6 354.4 352.3 345.2 348.1 346.2 344.2 342.3 339 334.9 330.7 326.6 321.5 314.5 318.5 319.5 317.2 315.1 314.3 314.4 315 313.6 308.7 306.2 305.3 303 297.4 294.9 294.2 291.8 283 276.2 266.4 259.4 260.6 259.4 256.6 253.8 252.2 252.1 252 252.8 251.6 249.2 245.9 241.8 236.7 237.9 234.1 230.8 229 228.2 227.7 225.5 222.5 219.2 216.4
371 373.5 376.4 378.2 378.8 379.6 379.7 380.9 379.1 375 371.5 369.3 366.6 364.4 362.8 361.3 360.2 360.2 359.4 358.5 357.8 357.7 355.6 353.9 350.8 347.2 338.7 329.7 329.2 328.6 328.7 324.3 321 316.2 306.4 311.6 312.9 311 308.8 306.7 307 308.1 309.1 308.8 305.2 303.3 301.5 298.8 295.7 292.2 290.1 285.1 277.8 269.8 264.2 255.4 251.1 249.8 247 248.2 243.6 244.5 245 244.9 243.3 240.3 236.3 232.6 232.4 229 226.3 223.5 222.1 222.4 220 216.5 213.3 210.7
365.8 368.8 370.8 372.2 372.9 374 375.2 376.5 376.4 374.1 370.9 368.6 366.3 364.3 363 361.9 360.8 360.3 359.6 359.3 360.1 359.3 357.1 354.5 351.6 347.8 343.1 335.9 324.9 313.9 315.1 314.2 313.1 312.9 308.8 300.8 302.8 302.6 300.3 298.8 299.4 301.1 303.9 306.3 305.5 300.8 299.1 297.4 294.1 289 286.5 282.5 277.5 271.6 263.8 257.6 250.5 242.4 240.9 241.9 240.7 235.1 238.1 238 237.1 234.4 230.5 226.3 224.7 222.9 220.9 218.1 215.8 216.3 214.9 211.5 207.5 204.9
359.6 363.8 365.1 366.9 368.2 368.8 371.3 373.3 372.8 372.5 370.8 368.6 366.4 365.4 363.7 362.6 361.5 360.4 358 357.7 359.9 359 356.6 353.9 350.5 346.8 342.1 337.4 331.6 323.1 312.3 301.1 302 304.2 303.9 299.3 291.8 293.2 291.3 291.2 292 294.2 298 302.7 303.8 301.6 296.1 293.9 291.1 286.5 282.8 278.9 274.9 269.4 262.7 257.2 251.9 239.6 237 237.9 235.6 233.3 225.5 228.7 229.6 227.3 222.6 218.1 216.2 215 213.8 211 209.4 209.4 209.3 206.7 202.9 199.7
349.2 354 359.2 359.7 362.6 364.8 367.6 369.2 369.3 370.2 370 368.8 366.7 365.6 364.4 362.9 361.1 358.8 356.3 354.5 355.6 356.2 354.7 352.1 348.7 344.7 340.8 336.3 331.1 325 317.6 309.6 294.3 289.6 294 295.6 291.6 277 282.4 281.3 284.8 287.7 292 296.9 299.9 299.2 293.4 289.7 286.3 282.8 278.9 274.1 271 265.8 260.1 255 248.6 233.2 227.5 232.5 228 225.9 222.6 214.4 215.5 216.5 214.3 212.1 210.2 209.6 207.9 205.1 202.8 202.4 202 200.1 197.6 195.1
333.3 337.2 338.2 334.6 348.4 360.1 364.1 365.1 365.7 366.9 367.4 367 366 365.3 363.5 360.2 358 356.4 355.3 350.9 351.5 352.3 349.9 347.1 345.5 342.1 338.4 334.4 330.4 325.2 319.2 311.8 302.9 293.5 283 286.2 282.4 275.2 260.8 260.7 270.8 278.5 284.7 288.4 290.2 287.6 283.3 280.7 279.1 278.9 275.7 271.5 267.3 261.1 253.4 247.6 239.5 227.4 217.7 222.3 222 219.5 216 213.1 208.8 209.1 206.7 204.8 203.5 194.7 201.2 199.9 196.9 195.9 194.4 193.6 192.2 190
341.1 332.6 332.7 330 348.8 355 355.8 357 358.8 359.3 360 360.2 360.8 361.2 358.8 355.7 352.8 351.6 351.8 347.8 346.3 347.5 344 340.7 339.2 337.2 334.2 331.6 328.4 324.2 319.1 312.8 305.9 296.4 290.6 286.5 279.4 280.1 277.2 259.3 245.9 261.2 274.5 279.5 280.7 276.6 272.8 271.1 269.6 268.2 265.8 262.1 252.9 252.3 245.9 240.3 236 228.6 215.4 209.5 212.7 209.5 206.7 204.5 200.2 197.9 198.7 197.2 195.2 187.8 190 193 190.5 189.4 188.4 188.5 187.2 183.8
