webserver/python/data/SE17.asc
ncols 200
nrows 200
xllcorner 410000
yllcorner 470000
cellsize 50
[rows 0 to 34 of 200, columns 0 to 77 of 200]
384.9 382.6 376.8 370.3 358.9 359.7 357.8 354.4 350.7 347.1 342.5 340.5 337.4 337.1 337.7 339 340.3 339.6 336.6 334.5 331.7 325.8 320.6 314.1 305.8 297.5 288 285.1 287.4 293.5 303.1 312.9 322.4 328.1 332.4 336 338.8 343.8 348.2 348.8 353.4 354.4 354.3 354.3 354.1 353 351.9 351.2 348.9 346.2 344.3 341.3 338.5 334.5 329.4 326.4 323.7 321.3 318.1 314.8 309.3 295.3 272.6 279.5 285.2 291.9 295.2 297.5 300 304.9 304.7 304.2 304.6 306.1 308.6 309.8 309.8 308.5
364.8 361.2 357.3 351.5 341.2 338.2 337.2 332.1 328.9 324.8 321.4 317.9 318.3 314.8 315.4 318.2 320.9 317.5 314.6 311.2 308.3 303.5 299 294.3 291.1 288.7 289 296.5 302.9 314.1 321.5 327.9 333.4 337 340.8 344.2 350.1 355.2 355.7 356.5 356.8 356.6 355.9 355.9 354.7 353.3 352.5 350.1 347.5 344 342 337.7 334.2 330.2 326.7 323.9 321.2 318.2 315.1 311.7 303.8 284.3 284.2 292.9 298 302.6 307.6 310.7 313.5 311.4 310.3 310.7 312.7 312.6 314.1 313.5 312.2 310.9
338.9 336 334.3 332.4 329.1 331.7 331.8 329.3 328.3 327.4 326.5 324.6 322.9 318.9 315.6 310.2 307.8 303.6 300.6 298.1 296.8 297.7 303.9 305.2 302.5 294.4 299.3 315.4 323.4 329.5 333.8 338.1 340.9 345 349.4 357.3 360.2 360 359.8 359.6 358.9 358.2 357.6 356.7 355.1 353.5 352.2 349.6 346.2 342 339.4 334.8 331 327.3 324.5 321.2 318.5 315.1 310.3 304.8 294.3 278 296.2 303.2 308 316.6 317.8 318.4 318.3 316.8 315.3 317.8 318.7 318.6 317.3 315.8 314.6 313.4
344 342.5 341.5 346.7 350.2 353 353.7 352.4 349.4 348.7 346.1 338.9 335.2 332.5 329.1 324.7 321.6 319.1 318.4 316.5 319.8 321.7 324 323.7 306.6 296.1 315.5 328.2 334.2 339.2 342.5 344.9 347.9 352.7 358.6 362.8 362.2 362.4 362.1 360.8 360.1 358.5 358.1 356.9 355.4 353.8 352.3 350.4 347.9 343.4 336.9 332.9 329.6 326.5 323.1 319.2 314.4 304.1 293.2 284.6 281.9 294.8 305.2 310 322.5 324.1 323.2 325 323.8 321.8 320.5 320.6 320.6 320.4 319.4 318.1 316.9 315.8
371.4 368.1 369.6 372.2 375 374.9 375.1 376.4 375 373.5 370.3 365.1 361.9 355.8 353.4 348.2 342.2 339.4 341.5 339.6 340.3 338.8 337.1 319.3 300.9 311.1 330.1 338.1 343.3 347 350.6 352.9 357.4 360.9 363.9 364.2 364.1 363.7 363.3 362.2 360.8 359.1 358.1 357.1 355.5 353.7 351.9 350 345.8 340.7 336.5 332.7 330 327.8 325.9 323.2 312 292.8 292.9 298.2 303.4 308.3 313.2 321.4 325.9 329.5 328.5 327.1 326 323.8 323.8 323.6 322.7 322.1 321.5 320.3 318.7 316.7
388.3 387.2 387 387.4 386.8 385.5 386.1 385 383.1 381 377.6 374.7 371.8 370.2 366.1 364.4 361.1 357.6 354.4 349.5 348 344.6 327.8 307.2 310.2 327.6 341.1 347.1 352.3 356.8 361.8 364.3 365 365.4 365.4 365.8 365 364.2 363.1 361.7 360.9 359.3 357.7 356.5 355.1 353.2 351.2 348.9 344.1 339.2 336.3 332.6 330.2 328.2 325.7 319.9 297.6 301.7 315.9 317.6 317.9 317.8 321.6 324.6 327 328.3 328.4 327.8 327.2 326.9 327 326.1 325.1 324 323.1 321.3 319.3 317.4
396.1 394.5 394.5 393.9 392.9 391.4 391.4 390.3 387.7 383.9 381.9 379.8 377.4 375.5 372.7 369.5 366.6 362.4 359.1 356.5 351.8 333.2 308.2 309 328.2 343.9 351 357 362.1 366.7 367.5 367.8 366.5 365.9 366 365.7 365.1 364 362.3 361.4 360.5 358.6 356.9 355.7 354.3 352.3 350.3 347.6 342.4 338.3 335.7 332.5 330.2 327.8 322.7 301.8 315.8 321.3 323.4 323.7 324.3 323.9 324.9 326.9 328.4 329.4 329.4 328.6 328.1 327 326.6 325.8 324.6 323.7 322.9 321.7 320 318
401.2 400.1 399.1 398 397 395.3 394.3 393.6 390.1 388.1 385.9 383.9 380.6 378.1 374.8 371.9 369.3 367.2 364.6 360.9 344.4 322.2 317.7 329.4 346.3 354 358.5 362.9 369.5 370.3 369.9 368.8 367 365.5 365.5 365.3 365 363.7 362.5 361 359.5 357.8 355.9 354.7 352.7 350.6 348.6 345.8 340.8 336.7 334.3 332.2 330.2 326.6 313.7 318.6 324.8 326.8 327.6 327.4 327 327.7 328.4 329.5 330.5 330.6 330.7 330.1 328.8 326.4 326 325.4 324.3 323.5 322.8 321.7 320.4 318.6
405.5 404.3 403.4 402.2 400 398.9 397.4 395.8 393.9 392.4 390.3 386.7 382.2 378.9 375.9 374.8 371.8 369.7 367.2 361.6 338.9 314.3 333.3 349.5 357 360.9 364.6 370.1 372 371.8 370.7 369.4 367.4 365.9 365 364.8 363.8 362.6 361.2 359.8 358.4 356.9 355.1 353.6 351.1 349 346.6 342 337.7 335.1 333.2 331.7 328.1 320.7 312.7 326.2 329.4 330.5 331.1 330.5 330.6 331.4 331.9 332.1 331.4 330.9 330.4 329.4 328.2 326 325.4 324.9 324.1 323.3 322.6 321.3 320.1 318.9
409.8 408.9 407.2 405.6 402.5 401.7 399.7 398.1 395.5 393.5 391 386.4 382.2 379.2 378.2 376.3 373.8 370.9 366.4 360 336.1 330.1 348 359.1 363.5 367.4 371.3 373.7 373.2 371.8 370.5 368.9 367.6 366.1 364.6 363.9 362.2 360.8 359.8 358.5 357.1 355.8 354 352.1 349.4 347.1 344.2 337.7 334.8 332.6 331.3 330 322.5 319.7 329.1 331.9 333.7 334.1 334.2 333.6 334.1 334.4 334.1 334.1 333.2 332.3 331.8 330.1 328.1 325.9 324.6 324.1 324 323 321.9 320.3 318.9 319.7
411.1 410 408 406.2 405.2 403.9 401.9 398.5 396.9 394.6 391.2 387.1 384 380.9 378.5 376 373.7 369.7 363.9 348.2 327.5 343.5 358 363.9 369 373.4 374.5 374.1 372.7 370.8 369.4 368.2 367 365.4 363.9 362.3 360.6 358.8 357.9 356.9 355.8 354.3 352.1 350.1 347.2 344.7 339.7 335.8 331.8 329.2 325.6 318.3 326.4 331.9 335.3 337 337.5 336.2 336.2 336.4 336.8 336.5 336.4 336.1 335.1 334.1 333.1 330.8 328.3 326.4 324.6 323 322.6 321.8 320.7 319.3 317.8 317.5
413 410.5 408.7 406.7 405.7 404.3 401.6 399 396.8 394 392.2 389 384.9 382 379.3 375.9 372.3 367.7 358.3 333.8 346.5 358.7 363.3 368.2 373.3 374.6 374.6 373.6 371.7 369.8 368.4 366.8 365.4 364.2 362.7 360.7 358.9 357.2 355.9 354.9 354 352.6 350.5 348.1 345.1 340.5 337.5 334.2 330.1 323.8 324 331.2 334.4 336.9 339.5 340.7 340.1 338.8 338.9 338.9 338.4 337.9 338 337.3 336 334.9 333.6 331 328.6 326.8 325 323.3 320.8 320.1 319 317.3 315.1 313.9
414 411.3 410 407.8 406.1 403.9 401.7 399.9 398.1 395.5 392.2 388.1 385.5 380.9 377.2 373.7 368.7 355.4 339.4 352.2 361.8 366.4 369.2 372.3 374.4 374.4 373.6 372.8 370.7 368.8 367.2 364.8 363.7 362.7 361 359.1 357.3 355.5 353.9 353 351.7 349.8 347.3 344.7 339.4 337.3 334.3 331.1 326.7 327.6 332.6 336.1 338.7 342.2 343.3 343.5 342.4 341.6 340.9 340.3 339.8 339.2 338.6 338.5 337.4 335.9 333.7 331.4 329.2 326.9 325.3 323.7 320.5 317 315.5 314.5 312.2 310.4
415.7 413.2 409.8 407.7 405.6 403.6 401.6 399.7 397.8 395.5 392 388 383.4 380.2 374.9 367.6 355.7 350.1 361.3 366.4 370.2 373.4 374.3 375.4 374.4 373.4 372.5 370.9 369.3 367.5 364.7 362.7 362 360.9 359.3 356.8 353.3 353.4 352 350.3 348.5 345.5 341 337.9 335.6 333.8 329.5 328.1 330.3 333.7 337.3 339 342.6 345.3 345 344.9 344.7 343.8 342.5 341.8 341.3 340.7 339.6 338.1 336.9 335 332.4 329.5 327.3 325 323.6 321.3 319.5 317.4 314.1 311.1 308.4 307.5
416.7 413.5 410.2 407.5 405 402.9 401 398.5 396.5 394.1 390.7 386.7 381.6 375 363.5 351.4 358.7 366.8 372.4 375.9 378.3 378.3 377.5 375.9 374.4 372.3 370.5 368.7 366.8 364.4 362.2 358.4 357.4 355.2 353.4 351.2 348 346.7 346.7 344.6 342.5 340.3 336.1 334.8 332.6 330.8 332.3 334.7 337.2 338.9 340.2 343 346.4 346.2 346.4 346.5 346.4 345.9 344.6 343.4 342.8 340.9 338.8 337 335.5 333.9 331.2 328.4 325.5 323.2 321.3 319.9 318.5 316.4 313.3 310.2 307.6 304.5
417.2 413.3 410.6 408 405.4 402.8 399.8 397.1 394.6 391.5 388.4 383.4 375.6 361.8 356.2 365.4 372.3 377.4 380.6 381.8 381.7 380.4 378.8 376.7 374.9 372.4 369.5 367.5 364.1 361.5 357.9 355.5 353.1 352 350.1 347.4 346.6 344.7 344.2 341.3 339.5 337.5 338.5 337.4 337.1 337.1 338.5 339.8 340.8 342 343.2 345.1 346.9 347.6 348 348.2 348.2 347.1 346.4 344.9 342.4 340.1 338 335.5 333.1 331.5 329.6 326.9 324 321.3 319 318.1 316.5 314.8 312.5 309.8 307.2 305
416.8 412.6 409.7 407.4 404.8 402.2 398.4 394.9 391.6 387.9 385.2 379 361.4 363.1 371.3 377.3 381.9 384.9 385.4 384.5 383.6 381.9 380.1 377.8 375.3 373.2 370.9 366.9 363.3 360.7 360.3 360.7 359.5 358.1 356.7 354.9 353.7 351.1 349.9 345.4 343.8 342.9 343 342.6 342.1 342.9 343.2 343.4 343.8 344.8 346.1 347 347.5 348.3 348.7 349.3 348.7 346.9 345.7 344.3 341.9 339.1 336.6 334 331.4 328.9 326.4 324.5 322.5 319.8 317.3 315.9 314.3 312.1 310.1 308 305.8 303.2
415 412 409 406.5 404.2 401.6 397.1 392.6 388.5 382.2 378.9 368.2 369.6 376.4 380.5 385.4 389.1 389.5 388.5 386.7 385.4 384 382 379.3 377.3 374.6 370.5 364.5 365.6 366.5 365.7 365.6 364.1 362.4 361.2 358.6 356 352.3 351.3 350.2 349.5 348.8 347.7 346.4 346 346.2 346.4 346.6 346.9 347.2 348 348.4 348.6 349.2 349.2 349.7 348.5 345.7 343.9 341.8 339.2 337.1 334.2 331.7 329.4 327.3 324.6 323.3 321 318.3 315.4 313.4 311.1 309 307.1 304.8 302.5 299.5
414.6 411.5 408.4 405.4 403.2 400.4 396.5 392.6 386.9 376.8 374 377.6 381.4 384.7 389 391.9 392.6 392 390.3 388.5 387.4 385.7 383.7 381.3 378.6 375.6 369.1 370.3 371.1 369.5 369.1 368.5 366.8 365.2 362.9 359.7 357.7 356.3 353.9 353.2 352.6 352 351.3 350.2 349 349 349.1 349.1 349.6 349.8 349.4 349.6 349.8 349.7 349.2 349 347.7 344.4 342.1 340 337.8 335.5 332.6 330.2 328.2 326.3 324.2 322.2 319.4 316.4 313.4 310.4 306.9 304.6 302.8 300.4 297.7 294.8
413.9 411 407.9 404.8 401.9 397.6 393.8 388.5 380 378.5 383.2 386 388.6 392.3 395.2 395.1 394.9 394.1 392.5 390.5 388.9 386.9 384.9 382.8 380.3 377.3 374.7 376.1 375.1 372.5 371.4 370.8 368.7 366.1 364.3 363.2 361.9 359.3 357.4 356.1 355.5 354.9 354.1 353 351.8 351.8 351.7 351.5 351.3 351.2 350.5 350.1 350.3 348.8 348.3 348.3 346.7 343.9 341.2 338.7 336.3 334 331.3 328.5 326.6 323.5 321.1 318.9 317.3 314.3 311.1 307.4 304 299.6 297.1 296 293.5 291.1
413 409.9 406.8 404.1 399.8 392.5 388.1 383.6 381.3 386 390 392.5 395.5 398.4 398.9 398.2 397.9 396.7 394.7 392.3 390.4 387.6 386.2 384.2 380.9 380 378.5 379.2 377.7 376.1 374.3 372.5 369.7 368.3 368.2 366.9 365 362.8 360.9 359.3 358.3 357.7 356.6 355.6 354.7 354.1 353.6 353 352.8 352.6 351.8 350.7 349.6 348.5 347.9 346.2 345.7 343.4 340.4 337.5 335 331.9 329.4 326.8 324.2 321.8 319.5 317 314.3 311.6 308 304.4 300.9 297.1 293.3 290.8 289 287.3
412.1 408.7 405.3 402.4 397.2 396.2 396.5 394.6 394.1 393.6 396.8 399.9 401.8 402.3 401.6 400.7 399.8 398.1 396 394.1 392.1 389.3 387.8 385.8 383 381.7 382 381.8 379.9 378.3 376 373.7 372.3 371.6 370.9 368.9 367.2 366 364.4 362.9 361.3 360.2 359.1 357.9 356.7 355.9 355.2 354.5 354.2 354.1 352.6 351 349.7 348.6 347.2 344.8 343.1 341.1 338.8 336.4 333 330 326.9 324.4 321.5 320 317.8 315.5 312.8 309.4 305.7 302.1 299.5 296.5 292.6 288.9 286.2 282.1
409.6 406.2 402.5 401.1 402.1 402.9 401.2 399.9 400 400.1 401.5 403.9 404.8 404.4 403.5 402.6 401.5 399.4 397.2 394.1 393 390.9 389 387.2 384.3 384.5 384.7 383.5 381.9 380.4 378.8 376.9 375.1 373.8 371.9 370.7 369 367.8 366.2 364.6 363.3 362.1 360.9 359.8 359.1 358.2 357.1 356.3 355.9 355.3 353.5 351.5 349.9 349.5 347.7 345.7 342.4 339 336.2 334 331.3 328.7 325.5 322.4 319.6 318.2 316 313.7 310.8 307.3 303.8 299.9 296.8 294.6 290.9 287.1 281.5 276.6
407.9 408.3 407.6 406.1 405.3 406.6 405.4 404.7 405.9 405.7 406.4 407.3 407.2 406.4 405.4 404.5 403 400.8 399 396.7 394.6 392.5 390.6 389.1 386 386.9 385.6 384.7 383.4 382 380.3 378.7 377 374.9 373 372.1 370.7 369.1 367.5 366.4 365.2 364 362.9 362.3 361.6 360.9 359.5 357.9 357.2 355.5 353.9 352.1 350.3 349.3 347.4 345.2 342.2 338.9 335.8 333 330.1 327.4 324.4 321.7 318.9 316.3 314.3 311.8 308.8 305.3 302.1 298.6 295.1 292.1 288.8 284.8 280.6 275.7
414.3 413.7 411.5 410.2 409.8 410 408.7 409.1 410.1 409.8 410 409.2 408.7 408.1 407.1 405.5 404.4 402.8 400.5 398.6 396.4 394.1 392.2 390.9 389.7 389.2 387.9 386.5 385.2 383.6 381.9 380.3 378.4 376.8 375.5 373.2 371.5 370.6 370 369.4 368.3 367.1 366.2 365.4 364.7 363.4 361.6 359.7 357.6 355.9 354.1 352.5 350.7 348.9 346.6 344.1 341.6 338.2 335.1 332.4 329.5 327.1 324.4 321.7 318.7 315.4 312.8 309.5 306.7 303.5 300.4 297.3 294.1 290.8 287 282.4 278.1 272.2
418.8 416.7 414.1 412.5 413 412.6 411.9 412.6 412.4 412.4 412.2 411.1 410.4 409 407.2 405.1 404.1 401.2 401.2 399.8 397.8 395.8 393.9 391.4 391.7 391.6 390.2 388.8 387.4 385.4 383.5 381.8 380.2 378.8 377.3 374.8 373.7 373.3 372.7 372.1 371.4 370.3 369.5 368.6 366.9 365.1 362.6 360.6 358.5 356.6 354.9 353.1 350.9 348.1 345.2 342.1 339.3 337 334.2 331.6 328.7 326.5 324.4 321.7 317.8 314.1 310.7 307.2 304.4 301.9 298.8 295.9 292.9 289.5 285.7 279.8 270.8 264.9
421.6 419.4 417.5 415.7 415.9 415.6 414.6 414.9 414.7 414.3 413.7 412.6 411.4 409.5 408.6 407.4 405.3 403 401.1 400.4 398.5 395.3 393.3 393.4 393.9 393.6 392.6 391.3 389.5 387.6 385.6 383.8 382.1 380.6 379.2 377.3 376.5 375.9 375.3 374.7 374.1 372.7 371.4 369.8 368.2 366 363.3 361.3 359.9 357.3 355.4 353.3 350.3 347.3 344.6 341.5 337.9 334.9 332.3 330 327.4 325 323.2 321 317.4 313.3 309.5 305.7 302.6 300.1 297.1 294.2 291.1 287.6 283.4 277.6 263.8 251.6
424.6 422.5 420.5 419.5 419.2 418.3 417.8 416.9 416.5 415.8 415 414.3 412.4 411.4 410.7 409 406.7 404.4 403 401.6 399.4 395.9 397.4 396.3 396.1 395.5 394.9 393.5 391.7 389.8 388.1 386.4 384.7 383 381.3 380.4 379.7 378.9 378.6 377.5 375.8 374.3 372.7 371.1 369.4 367 364.2 362 360.5 358.1 355.8 353.1 350 347 344 340.7 337.6 334.6 332.1 330.1 327.9 325 321.6 319.3 316.7 313 309.4 305.6 301.7 297.9 294.4 290.1 287.8 284.1 278.6 273.5 261.2 240.7
427.8 425.6 423.5 422.7 421.9 420.2 419.5 418.2 418.7 418.1 417.4 415.7 414.3 413.3 412.5 410.5 408.2 406.1 404.3 402.4 399.5 399.2 399.8 398.9 398.4 398.1 397.7 396.4 394.6 392.4 390.7 389 387.4 385.7 384.4 383.9 382.9 382.5 381.3 379.7 377.9 375.8 373.6 372 370.3 367.9 365 362.5 360.6 358.4 355.9 353 349.9 346.8 343.7 340.8 337.8 335.1 332.6 330.1 328.1 324.7 321.4 318.4 315.9 313 309.4 305.6 301.6 297.2 294.1 289.4 275.9 269.4 263.3 254.6 245.1 231.4
431.6 428.9 426.5 425.3 424.2 422 421.9 421.7 421 420.5 419 417 416 414.9 413.9 412.3 410 407.5 405.4 403.3 400.4 402 402.3 401 401.1 401 400 398.9 396.9 395.1 393.2 391.5 390.1 388.5 387.5 386.5 386 384.9 383.8 381.9 379.9 377.7 375.5 373.2 370.1 367.9 365.7 363.1 361.1 358.5 355.9 352.9 349.9 346.8 343.6 341 338.8 336.3 333.7 331.1 328.4 324.9 321.4 318.5 315.7 312.9 309.6 305.8 302.8 299.3 295.4 291.1 285.8 266.8 246.7 237.5 232.9 236.4
434.7 432.5 430 427.7 426.4 425.6 424.7 424 422.9 422.2 420.6 419.4 417.8 416.2 414.6 412.7 411.2 409.4 406.9 403.1 402.3 405.1 403.9 403.2 403.3 403.6 401.9 400.9 399.9 397.7 395.9 394.1 392.7 391.4 390.3 389.1 387.6 386.3 385 383.5 381.1 378.6 376.1 373.8 370.5 368 366 363.7 361.2 358.6 355.9 353.2 350.4 347.8 345 342.4 340.1 337.6 334.8 331.9 329.4 325.4 322 319 316.3 313.7 310.6 306.5 302.6 298.1 294.4 290.1 286.3 277.4 253.3 238.1 245.8 257.7
437.5 435 432.7 430.7 429.1 427.9 426.4 425.8 424.9 423.7 422.1 420.2 418.5 417 415.1 413.3 411.6 410 408.3 405.4 406.3 406.9 406.2 406.8 406.7 406 405.4 403.9 402.8 401.4 399.3 397.3 395.6 394.4 393.5 391.4 389.6 387.8 385.7 383.7 381.1 378.4 376.4 373.9 370.8 368.5 366.3 364.3 361.9 359.5 357.4 355 352.1 349.2 346.9 344.2 341.2 338.4 335.6 332.8 330.1 326.3 322.3 319.6 316.8 314.2 310.6 306.1 301.4 297 293.3 289.3 282.1 261.5 242.9 256.5 264.8 276.7
439.7 436.9 434.1 432.8 431.2 429.7 428.7 427.8 426.4 424.8 423.1 421.1 419.3 417.6 415.9 414.5 412.9 410.1 408.4 408.4 408.4 409.4 408.8 410.4 412.7 413.9 413.2 412.4 409.9 406.8 403.9 403 402.2 400.7 396.7 393.8 391.5 389.2 386.6 384.2 381.7 378.9 376.1 373.5 371.1 368.7 367 365.3 363.1 360.7 357.6 355.3 353.1 350.9 348.1 344.6 341.1 338 335.6 333 329 325 322.1 319.7 316.9 313.3 309.2 304.1 299.7 295.8 292 287.8 277.4 248.8 263.3 276.7 277.4 283.5
441.8 438.9 436.4 434.8 433.3 431 430.7 429.3 427.7 426.1 424.3 422.2 420.1 418.7 417.2 414.8 413.2 410.6 410.2 411.3 411.3 412.5 416.8 419.9 420.8 420.8 419.9 418.5 416.3 414.1 412.2 411.4 409.2 405.8 400.7 395.6 392.4 389.4 386.6 384.6 382.4 379.6 376.8 374.3 372 369.6 367.8 366.4 364 360.8 357.7 355.4 353.3 351 348.5 345.3 341.8 338.8 336 331.7 327.4 323.8 321 318.2 315 311.3 307.5 302.8 298.1 294.6 290.2 283 265.5 260.6 280.5 282.4 285.3 287.1
444.3 441.6 439.2 437.5 435.5 433.7 432.7 431.1 429.5 427.8 425.4 423.2 421.1 419.4 416.8 415.5 413.7 413.8 414.4 414.9 415.2 419.8 423 424.4 424.3 423.9 422.9 421.1 419.3 417.7 416.1 414.2 411.2 407.2 402.6 398.1 392.9 389.9 387.3 385 383.1 380.3 377.7 375.2 372.9 370.5 368.2 366.8 364.4 361 357.8 355.5 353.4 350.8 348.4 345.6 342.6 339 335.3 330.7 326.3 322.4 319.5 316.2 313 309.2 305 300.1 295 290.6 279.5 265.1 269.6 280.1 285.2 288.3 289.8 290.3
