webserver/python/data/SE19.asc
ncols 200
nrows 200
xllcorner 410000
yllcorner 490000
cellsize 50
[rows 35 to 69 of 200, columns 78 to 155 of 200]
241.6 240.5 239.3 237.9 235.8 234.9 234.3 233.7 232 230.5 229.5 230 228.4 229.6 231.3 226.1 227.5 225.8 224.1 221.4 220.7 220.3 220.9 222.2 222.6 224 222.7 221.5 218 215 213.5 212.1 210.7 208.7 206.2 204.9 203.3 201.2 200.1 199.3 198.8 197.4 196.1 194.7 192.3 190.6 189.1 183.5 178.6 182.3 182.3 182.4 181.6 181.3 179.9 178.9 178.3 176.7 175.6 175.3 173.7 173.2 173 170.7 163.1 165.6 168.1 168.2 167.1 166.3 165.2 164 163 162.9 162.8 162.4 160.9 159.2
243.5 242.6 242 240.6 239.5 238.8 237.5 236.9 235.8 234.7 234.1 234.7 233.3 234.1 233.7 233.9 234.4 232.2 229.8 226.1 227.9 228.9 228.8 230.8 232.1 233.1 232.4 229.3 224.9 221.8 219.8 217.6 215.5 213.2 210.2 207.8 206.3 205.6 203.7 202.6 201.5 200 198.2 196.3 194 191 189.9 186.8 178.4 179.1 180.1 180.6 181.5 181.5 180.3 179.4 180.1 176.5 175.7 174.4 172.7 172.4 172.1 169.9 162.4 161 165.2 166.4 165.9 164.7 164.5 163.5 162.7 162.6 162.5 161.7 160.4 159.2
246 245.1 244.3 242.7 242.5 241.9 241.2 240.4 240.1 239.8 239.7 239.5 238.9 239.3 238.6 238.4 239.8 239.3 237.4 232.3 232.2 234.2 233.6 235.6 238.5 239.7 239 237.5 233.5 229.5 226.9 223.6 220.2 216.6 214 211.7 210.2 208.6 206.6 205 203.5 201.3 199.7 198 195.2 192.1 189.6 187.2 182.8 177.5 176.9 178.9 181.6 182.4 180.4 178.7 176.3 175.1 174.9 173.5 171.5 171.5 171.2 169.4 165.8 159 158.7 163.3 164.3 164.1 163.5 163 162.5 162.3 161.8 161.5 160.3 160
249.4 247.8 246.5 245.9 245.7 246 245.7 245.4 245 244.7 244.2 243.9 243.1 243.3 242 242 243.9 243.9 240 238.1 235.9 238.7 239.1 241.2 242.5 243.7 244.2 241.9 238.1 235.1 231.9 228.7 223.4 219.2 215.5 213.8 212.3 210.6 208.3 206.9 204.8 202.6 201.1 198.8 196.3 193.5 190.2 188.5 186.3 183.2 179 176.1 182.8 180.2 180.2 178.5 176.2 174 173.2 171.5 169.9 170 169.4 168.7 167.8 164 156.7 157.5 162 162.3 162.1 161.9 161.1 160.6 160.7 160.6 160.4 159.6
253.3 251.9 250.3 250.1 250.4 250.7 250.8 250.4 250.1 249.3 248.9 249.2 248.2 247.6 244.3 246.2 246.8 246.6 243.6 240 237.1 240.2 243.1 244.5 246.4 246.9 246.5 244.4 241.2 237.9 235 231.3 226.1 221.1 217.4 215.8 214.2 212.7 209.9 208.1 205.9 203.8 201.9 200.1 197.9 195 191.4 188.4 190.3 185.6 184 180.9 179.3 179.8 179.6 178.4 176.2 174.1 172.1 169.8 168.5 167.8 167.3 166.8 166.3 165.2 162.9 154.7 159.2 159.8 160.7 161.2 160.9 160.5 161.1 159.9 159.2 158.6
258.1 257.6 256.2 255.2 255.2 255.4 255.8 255.4 254.7 254 254.7 255.1 253.9 255.6 250 249.4 248.9 248.2 246.9 242.3 237.3 242.7 246.4 248.8 250.7 250.9 248.7 246.6 242.8 239.9 237 232.8 227.8 222.9 217.8 217 216.2 214.6 212 208.9 206.5 204.2 201.7 199.9 198 195.4 192.5 189.6 187.9 186.5 183.1 181.7 182.8 175.1 176.5 176.3 174.7 173.2 171 168.7 166.5 165.8 165.2 164.8 164.3 163.4 162.5 158.6 155.2 159.8 160.7 160.8 160.2 159.6 159.3 158.7 157.2 160.8
263 262.5 262.4 261.7 260.8 260.9 260.9 259.9 259.6 258.7 261.1 260 257.9 255.7 253.3 252.2 250.2 249.1 249 249.3 248.1 239 245.2 251.1 252.8 253.7 252.5 248.7 245 241.9 237.7 232.7 227.5 222.6 218.9 216.6 216 215.7 214 210.8 207.6 205 203.4 200.7 197.7 195.1 192.4 190.3 188.5 185.8 184.1 182.5 180.2 177.9 171.9 173.9 172.3 171.1 169.8 168 165.3 163.8 163.2 162.7 162.5 161.9 161.4 159.2 153.1 157.1 159.7 159.8 159.4 158.7 158.3 157.8 155.5 153.2
269.6 269.2 269.3 267.9 266.8 266.2 265.9 265.2 264.2 263.1 262.7 262.8 259.7 257.3 255.7 254.5 252.6 251.5 251.7 252 252.3 243.8 237 247.9 253.6 254.1 252.6 249.7 245.2 241.4 236 230.2 224.9 221.6 219.9 217.3 215.2 214.8 214.3 212 208.7 206.1 203.9 201.2 197.3 194.7 192.8 187.8 186.3 185 183.5 183 180.2 178.4 175.9 173 171.6 170.5 169 166.9 164.4 162.4 161.2 160.4 159.6 159.2 158.9 158.7 156.5 153.8 157.5 158.4 158.3 157.6 155.9 153.7 152.1 150.8
276.5 275.8 275 274.7 273.6 271.5 270.6 270.1 268.9 268.4 266.2 267.9 260.9 259.3 258 256 255.1 254.1 254.6 255.5 256.8 253.6 238.3 237.6 246.3 248.6 248.5 245.1 241.6 237.1 231.4 226.5 222.9 220.6 219.3 216.9 214.9 214 214.1 213.7 209.3 206.7 203.2 200.8 197.2 193.6 189.6 187.2 186.1 184.9 183.7 182.5 180.6 179 177.7 171.7 170.4 170 168.3 166.3 164 162.3 160.4 159.3 158.4 157.2 157.4 157.4 156.2 152.8 154.7 156.3 156.7 156.2 154.3 152.6 149.4 148.1
283.5 281.6 279.4 278.5 280 278.4 276.3 275.7 274.3 272.3 269.9 267.8 265.5 265.7 262 257.9 257.1 255.9 258.3 261.6 261.9 260.8 253.9 237.7 236.1 238.4 239.3 238.2 234.8 230.8 228 226.6 223.2 220.3 218 216 214 213.6 213 211.4 209.1 207.1 202.9 199.5 195.5 190.5 188.8 187.5 186.6 185.5 182.9 181.8 180.4 179.9 177.9 172.7 168 167.9 167.1 165.4 163.2 162.2 159.8 157.8 157 156.2 155.8 155.7 154.5 152.5 151.4 154.2 154.6 153.9 152.5 151.8 149.3 147.1
288.4 286.7 285.3 285 283.5 282.4 279.9 278.5 276.4 273.8 272.3 270.7 269.7 269.4 266.2 264 260.7 263.9 266.7 267.9 266.5 264.7 260.6 255.1 245.3 239.4 237 236.1 233.9 232.6 230.4 228 224.5 220.4 217.5 214.7 213.1 212.8 212.8 211.2 209.1 207 199.7 197.4 192.2 189.8 189.2 187.2 186.3 185.6 181.6 180.6 180.1 179.9 177.8 172.8 168.2 167.2 166.3 164.2 161.4 158 158.5 157.9 156.6 155.8 154.4 153.9 154.3 153.1 152.1 152.5 152.4 152.9 151.6 149.7 148.1 142.6
292.6 291.7 289.7 288.1 286.5 285.6 283.2 281.1 279.1 277 276.8 276.9 276.6 274.8 271.6 271.2 272.2 271.2 272.5 272.1 269.6 267.1 263.4 258.3 254 252.7 250.4 244.2 236 232.2 229.9 227.2 224.8 221 216.7 213.4 212.4 212 212.5 211.2 207.5 205.6 199 195.4 194.1 190.6 188.4 186.8 186.3 182.9 180.2 179.4 179.6 180 179 173 169.6 166.5 165.2 161.7 158.9 155.3 157.9 158.1 156.6 155 153.8 151.3 151.4 151.9 147.9 149.5 146.7 146.7 143.6 144.3 144.2 145.7
295.9 294.9 293.1 291.2 290.1 289.5 287.3 286 282.9 281.9 282.5 282.4 280.4 279.4 277.7 277.8 276.8 275.9 275 273.4 271.1 268.4 265.7 262.3 259.7 256.1 251.9 247.3 240.4 233.9 228.4 226.4 224.1 219.5 216.3 213.1 211.5 211.6 211.9 208.4 206.7 204.9 196.5 195.1 193.6 192 190.5 186.4 183.2 179.3 174.5 178.7 172.3 171.2 174.8 173.4 170.4 161.4 162.4 159.3 159.3 157.2 155.9 155.6 153.9 153.1 153.3 153 153 149.5 150 152 152.9 153.2 151.6 148.1 149.2 148.2
299.5 300.5 297.8 295.4 293.8 294.7 293.8 291.3 288.6 286.8 287.3 285.7 282.6 281.4 280.7 278.9 277.3 276.2 275 272.8 270.9 270.1 268.2 265.9 262.2 257.9 251.9 244.6 239.8 233.7 228 222.9 222.1 219.4 216.3 213.8 210.9 210.6 211.6 204.8 200.4 198.3 196.8 196.2 193.1 191.4 187.6 184.8 181.1 174.6 180.7 180.8 177.5 174.5 168.2 167.3 162.6 161.6 160.2 160.3 162.8 161.5 158.7 158.1 156.6 155.9 156.8 154.7 152.7 151.5 152.8 153.9 154 154.4 153.5 153.8 151.9 151
300.8 300.6 300.2 299.8 299.2 299.3 298.7 295.8 293.3 292.4 291.2 287.9 284.3 282.7 280.8 278.4 276.6 275.5 274.4 272.1 269.9 268.9 267.7 264.5 258 254.4 249.9 243.1 237.5 231.9 227.7 222.2 220.5 219.3 214.3 212.6 210.5 208.9 210.7 205.7 199.7 198.4 195.4 195.4 192.5 191.5 183.8 180.4 181.6 183.1 182.3 180.3 177.8 176.6 174 170.7 170.6 168.5 167.8 165.2 164.9 165.9 165.7 160.4 159 158.5 157.6 155.8 154.1 152.8 152.5 154.3 155.1 155 154.3 154.4 153.1 152.7
303.6 302.3 300.5 299.7 298.4 298.8 299.4 299.1 297.9 297 294.9 291.6 286.9 284.2 281 278.3 275.8 274.7 273.7 272 270.5 269.4 262.7 262.6 256.9 251.7 247 241.9 234.5 228.2 224.3 221.6 220.7 219.2 212.4 210.6 208.7 207 208.8 203.2 197.7 197.3 195.4 194.8 188.7 184.8 184.8 186.5 185.8 183.3 182.4 180.2 178.5 176.4 173.2 166.9 168.4 170.2 170.4 168.3 167 166 165.8 162 160.6 160.1 159.7 158 156.8 154.8 155.2 156.1 157.4 157.1 156.1 155.3 154.4 153.5
304.2 301.7 300 298.8 297.4 297.4 297.4 298.5 299.2 296.9 294.4 291.2 287.7 285.2 284.7 279.3 277.3 275.4 274.1 273.4 272.5 271.6 268.7 260.1 253.3 247.5 243.5 240.1 232.5 225.3 223.4 221.5 218.7 216 211.6 209.4 208.1 205.9 207.1 201.8 198.9 197.4 195.8 190.8 186.4 189.6 189.2 188.3 186.6 184.7 182.5 180.4 178.5 175.1 168.8 166.4 172.4 172.9 171.5 170.1 168.8 165.6 165.9 164.5 162.9 162.1 161.2 160.8 159.4 157.6 158.6 158.9 159.5 157.5 156.2 156 154.4 154.2
301.7 299.9 298.3 297.6 296.4 295.5 295.5 294.8 295.9 295.4 292.9 290.3 287.7 283.9 280.9 279.6 277.5 275.8 276 275 274 272.4 270.3 262.4 255.5 248.1 243.4 237.8 231.8 225.3 222.6 220.2 218.4 216 211 209 207.5 205.1 202.9 199.5 197.4 194.3 191.3 188.4 191.3 190.9 190.4 189.1 186.8 184.6 182.3 180.1 176.6 172.2 168.9 175.1 174.9 173.5 173.3 173 171.2 166.1 166.5 166.9 164.4 163.4 162.2 160.8 160.5 160.8 161.1 161.5 161.2 157 156.6 156.7 156.6 156.1
299.5 298.3 296.7 296.5 294.6 294.3 294.3 292.3 291.8 291.3 289.9 288.1 285.8 282.7 280.9 279.5 278.2 277 276.7 276.2 275.2 273 269.2 261.8 256.3 249.1 243.4 238.7 233.6 227.1 221.2 218.4 218 216.1 210.1 208.1 206.2 203.3 199.9 196.9 193.8 190 189.7 192.9 195.4 192.4 190.3 189 186.9 184.8 182.4 179.3 175.4 171.1 176.6 177.9 176.3 175.3 174.1 175.2 172.9 171.6 170.3 168.8 167 164.6 163.4 162.1 162 162.5 163.1 164.3 164.8 162.9 160.5 159.5 158.7 156.7
297 295.7 294.9 295.3 292.9 293.3 292.8 290.7 288.8 288.1 287 285.7 284.4 282.4 281.1 279.7 278.2 278 277.3 277.4 274.3 267.6 263.4 259.4 254.5 249.1 242.3 237.6 233.5 228.1 224.2 220 216.6 213.3 212.2 208.1 206.9 203.2 200.2 195.2 192.1 191.6 194.7 195.6 196.4 192.5 190.7 188.8 186.9 184 180.5 176.6 177.3 178.9 179.7 179.4 178.3 177.2 176.9 175.8 174.2 173.2 172.4 170.9 169.4 166.6 165.3 164.5 165.3 165.3 165.8 166.5 167.5 165.5 162.9 160.9 159.2 158.5
295 294.2 291.7 291.3 291.3 290.6 290.1 288.9 285.6 285.5 285.5 284.4 283.4 282.1 280.7 279.5 278.3 278.2 277.7 276.9 274.3 270.1 263.3 259.1 253.9 248.3 243.1 236.9 233.7 228.8 225.2 222 217.4 215.1 211.2 208.6 205.9 203.7 202.7 197.7 193.2 193.1 195.2 195.8 194.9 193.1 190.2 188.7 186.6 181.7 177.4 175.5 182.1 182.3 183.6 182.5 181.6 180.6 179.6 178.1 175.5 174.8 174.3 173 172.1 170.4 168.9 168.8 168.3 169.3 169.2 170.9 171.3 169.2 166.5 163.4 160.4 159.6
296.7 296.5 293.2 291.3 291.4 291.1 289 288.2 283.6 285.1 284.7 283.7 282.8 281.4 279.7 278.5 278 277.8 277.4 276 274.6 271.1 266.5 260.9 255.9 250.2 245 238.4 234.9 231.1 227.1 221.3 217.9 216.4 213.1 208.7 204.8 203 202.5 199.7 195.6 194.5 196.7 196.6 194.9 193.2 190.3 188.6 185.7 180.1 177.7 184.4 186 185.8 185.7 184.5 183.2 182.6 180.9 179.9 177.7 177.4 176.3 175.9 176.1 174.6 173.3 172.9 171.8 172.1 173.4 173 175.8 171.7 168.3 167.1 166.2 166.9
302.9 298.1 296.5 293.1 292.2 292.4 290.6 288.1 279.9 283.7 283.7 282.9 281.9 280.1 278.8 277.8 277.6 277.5 277.2 277.1 275.2 271.3 267 259.7 256 250.2 245.2 240.2 235.3 231.1 228 222 218.7 215.6 215.5 209.9 205.6 204 202.2 199.8 197.8 196.1 197.9 196.2 195.8 193.7 190.5 187.3 180.8 179.1 184.9 187.7 187.3 188.4 187.7 187.9 185.3 184.6 182.3 182.1 181.7 180.3 179.4 179.6 181.7 181.2 179.3 176.7 175.5 174.4 176.5 173.2 176 176.3 174.8 173.2 172.3 171.8
301.5 305.6 300.9 296.1 292.4 290.4 287 279.3 275.9 277.1 279.6 279.2 278.7 278.4 277.6 277.4 277.3 277.1 276.4 277 274.6 270.7 265 260.3 255.8 250.1 244.7 239.9 235.9 230.4 226.4 222.2 218.5 214.5 214.1 211.9 207.2 204.5 202.8 200.9 197.1 198 198.8 197.8 196.3 193.9 190.4 182.3 181.8 187.7 191.1 190.7 190.5 190.9 190.3 189.7 189.5 187.8 187.1 186.2 185.5 184.5 184.3 185.1 184.4 182 179.9 179.9 178.7 174.6 171.1 169.8 168.5 169.2 170.6 173.1 173.3 169.2
305.5 306.6 306.7 303.7 295.2 291.1 283.6 279.2 274.2 273.2 272.6 273.6 273.8 274.8 274.9 276.9 276.8 275.8 275 275.4 274.1 270.4 265.6 260.1 255.1 249.5 244.1 239.8 235.6 229.6 224.8 220.9 217.3 214.9 213 211.6 209.2 206.2 203.9 200.6 199.5 200.5 199.8 198.6 197 194 186.2 183.1 191 194.3 196.1 195.9 195.6 194.6 193.5 193 192.9 192 190.5 190.4 190.4 190.4 190.5 186.7 182.5 182.1 179.2 177.5 174.5 171.8 170.3 169.5 168.5 169.4 169.4 168.3 167.3 166.7
306.5 308.4 309.3 306.9 302.9 297.9 291.5 286.1 278.9 272.2 267.8 268.8 269.7 270.3 272.2 276.4 276.4 275.3 274.8 274.4 272.8 268.7 263.6 258.9 253.8 247.9 243.9 239.9 235.8 230.3 224.6 220.7 217.7 215 212.3 211.1 209.5 207.8 203.4 201.7 202 202.3 201.3 200 197.6 194.3 184.4 194.8 196.6 199.8 199.2 200.4 200.2 198.8 197 196.6 196.2 195.3 194.4 195.1 195.2 194.7 191.6 186.6 185.1 181.3 178.4 176.3 174 171.9 170.6 170.2 171.8 172.6 171.6 169.7 167.8 166.3
310.2 312 312 309.4 306.1 302 295.6 287.9 282.4 276 269.6 263.7 264.3 264.7 269.2 273.7 274.6 272.1 273.1 271.6 269.9 266.9 261.5 255.7 251.1 246.8 243 239.1 235 230.1 224.1 220 217.3 215.5 212.6 210.8 208.7 205.7 203.6 205.7 204.6 203.8 202.6 200.5 194.5 187.5 192.4 200 201.4 203.1 205.2 205 203.5 201.6 199.8 199.8 199.4 199.6 199.2 200 196.5 191.6 189.6 188.3 186 181.5 180.3 179.6 177.2 174.7 173.4 172.6 173.2 173 171.6 170.4 168.3 167
314.9 315.2 314.8 313.2 310.2 304.2 293.1 283.6 278.4 273.3 267.1 261.9 261.6 261.7 265.4 267.1 268.6 267.7 268.6 267.4 265.9 263.5 257.9 253.8 249.6 244.4 241.7 237.6 233.8 229.3 223.5 219.4 216.4 214.4 212.7 208.9 206.4 206.1 206.9 207.1 206.3 204.5 202.6 196.8 189.5 197.2 201.2 204.3 204.7 206.1 208.9 207.2 205.5 204 202.9 203.2 203 202.5 204.5 203.4 198 193.2 190.5 188.6 185.8 185.1 183.3 181.5 179 177.9 177.4 176.4 175.1 174.9 173.8 172.1 172.1 170.7
316.2 315.7 314.8 314 311.3 305.2 296 285.2 277.8 272.7 266.2 261.9 259.6 258.3 259.4 261.8 263.4 265.5 265.8 266.2 263.5 260 257 251.9 248.7 244 239.8 236.2 232.8 227.6 222.9 219.4 216.6 214.1 212.6 208.8 207.1 206.5 207.5 207.1 206 203.1 192.6 190.1 199 203.5 209.3 210.1 211.4 212.2 210.7 209.1 207.7 206.3 206.6 207.5 205.2 206.7 211.6 207.3 202.5 197 193.9 191.5 189.8 188 184.9 182.4 181.5 181 180.7 179.2 177.3 176.7 176.3 175.3 173.8 171.8
316 315.1 314.4 314.5 310.9 305.4 296.6 286.7 278 271.5 265 260.2 257.6 257.3 256.8 258.7 263.1 265.4 263.3 262 259.3 256.7 252.8 249.9 247.2 244.2 240.9 237 232.5 227.9 223.9 220.7 218 215.4 212.6 209.1 207.6 207.6 207.3 205.4 198.2 195.2 195.6 199.1 205.7 209.5 212.1 213.9 214.8 214.7 214.1 212.2 210.5 209.9 211.9 211.9 213.5 216.4 214.2 208.6 206.1 203.2 199.7 197.8 195.4 189.9 187.7 186.7 185 184.2 182.5 182.1 180.1 177.6 176.3 175.2 173.8 172.2
315.9 314.5 314.5 313.4 309.7 302.2 288.1 281.6 274.8 269.9 268.6 262.5 260.8 256.5 257.6 260.1 265.2 265.2 262.3 260.2 257.3 254.1 250.1 247.3 244.5 242.3 239.5 236.4 232.1 228.1 224.9 222.2 219.1 215.7 212.7 209.8 209.4 208.8 203 196.7 197 200.5 201.6 203.6 209 212.1 215.5 217.6 218 217.7 216.5 215.2 213.7 214.9 217.3 221.3 221 218.5 215.7 212.9 210.8 207.4 204.9 202.1 197.8 196.2 193.7 191.6 189.7 187.7 185.4 184.3 181.8 179.1 176.8 175.4 173.6 172.9
315.2 313.3 311.9 309.2 304.9 296.7 283.1 276.8 272.3 266 265.5 264.8 270.1 263.5 253.3 263.1 264.2 263.6 261.5 259.3 256.3 252.9 249 244.9 241 238 235.5 233.1 230.8 228.8 225.4 222.8 219 215.4 213.7 211.2 209.1 204.4 198.8 202.4 204.3 205.3 206.2 209.4 210.9 214.9 218.4 221.1 221 220.1 219.7 219.6 219.6 221.8 220.9 221.6 220.9 219.9 218.7 216.8 213.7 211.5 209.8 207.5 207 205.2 201 197.9 193.2 191.1 187.5 184.5 182.1 179.6 177.4 176.3 175 175.2
314.8 311.5 308.4 305.4 298.4 290.9 281.1 275 270 266.7 266.8 266.4 270.7 267.1 255.1 259.8 259.7 260.7 259.9 257.2 253.5 251.4 247.9 244.1 239.8 236.5 232.8 231.1 228.7 226.6 225 221.8 218.1 214.9 212.3 209.5 201.9 199 202.3 207 211.6 211.6 212.4 213.2 213.6 216.1 220.1 221.4 222 222.1 221.7 222.7 223.9 223.1 224.7 225.5 225.6 220.4 219.9 218.9 216.4 214.8 212.6 211.7 209.7 207.3 203.9 201.4 197.4 193.3 188.8 183 181.4 179.8 178.9 178.7 177.8 176.5
313.4 310.2 308.3 303.9 294 282.8 277.6 274.3 267 266.1 265.6 264.4 264.4 262.7 259 247.6 253.1 256.3 257.5 255.5 251.8 249.5 247 243.4 239.8 236.7 233.4 229.1 226.1 224 221.8 220 217.3 213.4 201.6 203.3 201.4 206.8 209.4 213.8 214.6 214.7 215.1 216.2 216.5 217.5 222 222.1 221.9 222.5 223.4 224.4 224.8 224.8 231 230.9 229.9 223.3 221.2 219.2 217.1 215.7 213.7 211.9 209.5 207.2 203.7 200.9 198 193.8 188.8 184.7 181.5 180.6 181.7 189.9 189.7 177.6
312.4 310.3 306.1 302.2 293.8 282.2 274.8 270 267.1 264.5 262.8 261.8 260.6 259 256.3 253.1 241.4 252.9 254.5 252.9 250.6 248.3 245.8 242.5 239.2 236 232.7 229.2 226 222.7 218 218.1 209.9 206.7 204.9 213.7 213.4 208.7 216.8 218.3 217.8 218.7 219.7 220 221.1 222.7 223.8 224.7 224.2 223.1 223.8 225.1 225.2 225.1 229.8 231.5 230.2 225.2 221.6 219.3 216.6 214.3 212.3 210.7 209.1 206.7 203.6 200.8 197.2 193.2 189.1 185.1 181.6 182.5 187.2 198.3 195.5 179.8
