webserver/python/data/SE49.asc
ncols 200
nrows 200
xllcorner 440000
yllcorner 490000
cellsize 50
[rows 72 to 107 of 200, columns 0 to 79 of 200]
97.5 97.4 97.4 97 96.3 95.8 95.3 95 94.8 93.6 92.4 91.6 89.9 88.5 86 84 82.2 82 84.6 83.1 78.8 73.8 71.7 73.6 80.4 83.7 86.8 89.6 92.2 93.2 94.8 96.3 97.7 98.9 99.4 99.7 99.3 93.9 86.7 78.6 70.7 71.2 71.7 72.6 72.7 73.2 73.6 74.2 75.5 77.3 81.3 82.2 83 83.5 82.7 81.3 81.6 85.9 87.6 88 88.8 88.4 87.3 88.5 91.2 96.1 97.4 96.7 96.8 97.3 97.2 97.3 97.5 97.5 98 98.7 99.7 100.4 100.9 102.2
99.7 99.7 98.7 97.6 96.9 96.2 95.8 96 95.3 94.3 92.5 91 90.2 89.7 88.4 87.2 86.7 88.1 89.1 88 84.9 77.1 71.9 75.5 80.2 84.8 87.3 89.7 92.1 93.2 94 95.3 96.7 97.8 98.2 98.5 89.4 81.8 72.6 70.6 70.9 71.3 71.8 72.2 72.7 74.2 75.7 79.2 82.3 84.9 84.9 84.7 84.9 85.3 85.5 84.3 82.1 83.6 87.2 88.5 89.7 90.3 89.5 90.2 95.7 98.3 97.9 96.7 96 95.8 95.6 95.6 96.1 96.3 96.8 98.5 98.9 99.3 99.8 101.3
101.7 101.2 100.2 99 97.5 96.6 98.3 100.5 100.4 98.5 96 93.3 93.6 93.1 92.6 92.1 91.6 91.5 90.7 89.6 87.2 80 72.6 75.2 80.1 84.1 86.8 89 91.3 92.9 93.8 94.6 95.7 96.1 94.9 90.2 78.6 70.3 70.3 70.7 71.1 71.4 71.9 73.2 74.7 76.4 80.3 85.5 87.3 86.2 85.7 85.3 85.3 86.1 86.5 86.8 85.3 81.8 84.4 87.5 90.2 91.2 91.9 93 96.4 97.6 96.5 95.2 94.4 94 94.2 94.4 94.8 95 95.9 97.2 97.8 98.2 99.4 100.6
102.7 101.6 100.7 100.1 99.3 99.1 101.5 104.1 103.5 101.9 98.9 96 96.6 96.6 96.1 95.5 94.3 93.4 92 90.2 87.8 84 74.9 73.5 77.9 81.8 85.2 87.6 90.1 91.6 92.6 93.7 94.8 94 86.3 76.4 69.9 70 70.1 70.6 71 71.5 73.4 75.2 75.9 78.3 82.4 87.1 87.8 86.6 85.5 84.9 85.2 86.4 87.2 89.4 88.4 86.4 83.9 84.2 87.7 90.9 92.1 93.5 94.1 95.5 95.2 93.9 92.9 92.6 93 94.1 94.7 95.4 96.1 97.1 97.9 97.9 99.1 100.3
103.8 103 102.3 103 103.2 103.9 104.4 104.6 104.6 102.9 101.1 98.5 99.3 99.4 98.6 97.8 96.8 94.4 91.8 90.2 87.9 84.3 78.1 72.7 74.3 78.1 82.4 85.9 88.4 90.2 91.4 92.4 93.5 89.5 76.6 69.4 69.7 70.1 70.2 70.5 70.9 72.2 73.5 75 75.3 78.6 83.3 86.8 87.5 86.4 85.3 84 84.6 86.6 89.9 91.8 92.2 91.2 90.6 88.6 85.5 88.8 90.9 92 92.4 93.2 92.7 93.6 93.7 94 94.6 94.9 95.5 96.2 97.3 98.4 99.3 98.3 99 100.5
105.1 104.5 103.9 104.5 105 104.9 105 104.8 104.4 103 101.6 100.1 100.3 100.8 99.8 98.6 96.9 93.9 91.6 89.3 86.9 84.2 80.3 74.7 72.4 74.3 79 83.5 86.5 88.2 89.3 90.8 88.6 79.3 68.8 69 69.3 69.7 70.1 70.4 71.5 72.8 74.1 73.9 74 79 84.3 86.4 86.3 85 84.6 84.2 85.6 89.2 90.9 92.3 93.6 93.7 93.2 91.4 89 87.5 88.2 90.7 91 92.6 92.4 93.5 94.7 95.4 95.7 96.1 96.4 97.4 98.6 99.7 100.7 99.3 99.8 101.4
106 105 105.1 104.8 105.3 105.4 104.9 104.2 103.8 102.5 101.2 100.4 100.7 100.9 100.1 98.6 96.6 93.6 90 87.1 84.3 81.8 77.5 74.5 72.8 73 75.4 80.7 84.1 86.3 87.2 84.5 76.8 68.8 68.6 68.6 68.9 69.3 69.6 70.1 70.7 72.5 73.6 73.1 74.3 79 84 85.6 85.6 85 84.8 86.3 88.3 90.2 90.4 91.7 93.4 94 94.2 92.8 91.7 90 89 90.6 91.4 92.6 92.8 93.9 95 96 97 97.3 97.6 98.7 99.8 101 101.9 100.3 100.3 101.6
105.9 106.1 106.2 105.7 105.6 105.3 104.6 103.7 103.2 102.5 101.2 100.5 100.6 100.7 100.1 98.4 96.3 93.3 89.6 86.8 84.8 82.2 81.2 77.4 73.6 72.2 73.4 77.6 82.3 84.3 84 75.2 67.3 68.2 68.3 68.4 68.5 68.8 69.2 69.9 70.3 72.2 73.2 72.7 75.2 79.2 82.4 84.4 85.6 85.6 85.3 87 89.9 90.9 91.7 92.3 92.8 93.4 93.8 93 92.2 91.9 91 91.3 91.8 92.4 93.2 94.2 95.3 96.3 97.2 98.2 98.9 99.9 100.8 101.7 102.5 101.9 101.1 101
105.6 106.9 107.4 106.6 105.8 105.1 104.5 104.1 103.1 102.1 101.4 100.7 100.7 100.9 100.3 98.8 96.8 94.8 92.3 89.7 87.3 84.5 81.5 78.6 75.7 72 72.6 76.6 81 83.2 80.3 67.2 67 67.8 68 68.1 68.3 68.4 68.9 69.6 69.6 71.2 72.4 73.2 75.9 78.4 80.7 83.1 84.5 85.6 85.9 87.6 89.4 91.2 91.6 92.1 92.6 93 93.1 93.1 92.7 92.3 92 91.8 92.2 92.7 93.5 94.5 95.6 96.6 97.5 98.6 99.6 100.5 101.5 102.4 103 103.3 102.6 103
105.3 106.7 107.7 107 106.3 105.6 105 104.4 103.4 102.4 101.4 101.2 101.7 102 101.3 99.6 97.9 96.2 94.7 92.3 89.6 86.5 84.3 83 80.3 75.1 71.4 74.1 79.8 82.4 78.2 66.2 67 67.4 67.5 67.7 67.8 68 68.6 68.8 69.3 69.2 70 72.2 74.3 76.1 77.9 81 83.3 84.6 85.5 86.5 88.2 90 91.5 92 92.6 93.2 93.4 93.4 93.1 92.8 92.4 92.2 92.7 93.1 94.1 95.2 96.2 97.2 98.1 99.2 100.2 100.8 101.9 103 103.9 104.4 104 104.2
105 106.5 107.2 106.9 106.4 105.8 105.2 105 104.3 103.5 102.7 102.5 102.8 103.1 102 100.4 98.7 97.2 96 94.5 91.3 88.1 85.9 84.2 82.2 77.8 71.8 71.5 77.3 81.4 76.8 66.3 66.6 66.9 67.1 67.3 67.4 67.7 68.3 68.7 68.8 68.6 68.6 69.5 71.1 72.8 75.4 78.7 81.2 82.9 84.7 85.9 86.8 88.6 90.8 92 92.7 93.4 93.8 93.7 93.4 93.2 92.8 92.7 93.1 93.7 94.7 95.9 97 98 98.8 99.7 100.8 101.1 102.1 103.2 104.4 105.5 105.6 107
104.5 105.5 106.3 105.9 105.4 104.9 104.3 104.8 105.2 104.8 104.2 104 104 104.1 102.8 101.2 99.6 98.3 96.9 95.5 92.8 89.4 86.8 85.3 83.4 80.8 76.4 70.4 73.8 80.8 80 68.6 66.6 66.5 66.8 66.9 67 67.4 68.1 68.5 68.4 68.3 68.3 68.8 69.8 70.7 73.2 76.3 78.3 81.2 83.6 85.4 86.2 87.1 88.8 90.2 91.5 92.4 93 93.4 93.5 93.5 93.2 93.2 93.6 94.3 95.3 96.5 97.8 98.8 99.6 100.4 101.3 101.5 102.4 103.4 104.7 105.9 106.4 108.7
104.8 104.1 105.1 104.7 104 103.5 103.4 104.6 105 105.5 105.3 104.9 104.9 104.5 103.6 101.9 100.1 98.6 97.2 95.9 93.7 90.2 86.9 85.6 83.9 81.6 78.4 72.8 70 78.7 81.9 72.1 66.3 66.3 66.5 66.6 66.8 67 67.7 68.1 68.1 68 68 68.2 69.4 70.8 72.1 73.6 76.1 79.3 82.4 84.7 85.7 86.5 86.4 87 88.3 89.6 91 92.4 93.1 93.2 93.3 93.5 94.3 95 96.1 97.3 98.6 99.5 100.3 101.1 101.8 101.9 102.7 103.8 105.1 106.4 107.2 109.2
106.3 104.8 104.5 103.4 102.2 102 101.4 103.6 104.7 105.7 105.9 105.4 104.3 103.9 102.5 101.2 99.9 98.3 96.8 95.2 93.6 90.3 86.6 84.4 83 81.3 78.4 72.6 68.6 76.2 82.1 79.8 68.3 66.3 66.4 66.4 66.5 66.5 67.1 67.7 67.9 67.8 67.7 68.2 69.6 70.9 72.3 73.7 75.4 78.5 81.6 84.2 85 85.3 84.9 85.7 86.2 86.3 88.2 91.1 91.9 92.8 93.1 93.7 95 95.9 97.1 98.4 99.5 100.2 101 101.8 101.9 101.8 103.2 104.7 105.7 107 108.9 109.6
107.3 105.6 105.2 104.2 102.4 100.2 99.4 101.7 103.6 104.8 105.2 104.4 103.3 101.9 101 99.7 98.6 97.9 96 94.1 92.5 89.4 86.1 83 81.5 81 78.4 72.3 67.4 75 80.9 82.6 76.3 67.4 66.4 66.3 66.2 66.1 66.6 67.2 67.7 67.6 67.5 68.7 70.3 71.9 73.1 74.2 75 77.2 80.3 82.2 82.5 83.5 84.6 85.7 85.9 85.5 86.7 89.7 90.6 91.4 92.5 94.1 95.6 96.9 98 99.4 100.2 100.8 101.2 101.3 101.6 101.7 103.7 105.8 106 107.8 109.7 110
108 106.5 105.6 104.5 103.1 99.1 95.2 98.2 101.1 103.1 103.2 102.7 101.1 99.5 98.6 97.9 97.3 96.8 95.5 93 90.6 88.2 85 81.9 80.1 80 78.5 73.2 66.5 71.9 79.1 82.3 83.2 79.2 70.3 66.7 66.2 66.1 66.7 67.1 67.4 67.4 67.7 69.1 70.6 72.3 74 75.2 76 77.1 78.1 79.5 80.4 81.8 85.3 87.1 86.9 86.1 86.2 88.5 89.7 90.8 91.5 92.7 95 97.2 99.1 100.3 100.8 101.4 101.9 103.1 102.7 102.2 104 105.3 106.5 108.4 109.8 110.2
108.4 107.3 105.8 104.8 103.6 100.7 95.9 94.2 96.4 100.8 101.6 101.3 99.7 98 97.2 96.5 95.9 95.4 94.7 91.7 89.3 86.9 83.9 80.8 79 78.9 78.8 75.4 67.1 68.7 76.7 81.1 82.5 83.2 82.3 75.5 66.4 66.1 66.8 67 67.1 67.1 68.2 69.5 70.9 72.6 74 75 76 76.8 77.8 79.1 80.4 82.1 85.3 87.9 88.3 87.1 86.4 87.8 89.3 91.5 92.3 94 96.4 98.7 100.8 101.7 102.1 102.6 103.7 104.6 104.6 104.3 104.8 105.7 106.4 108.9 109.9 110.1
107.7 107.8 106.4 105.3 104 101.3 96.4 93.3 95.6 98 100.1 99.7 98.3 96.5 95.7 95.4 95 94.2 93.5 91 87.9 85.2 82.4 79.7 78.2 78 78.3 76.8 69.7 65.5 72 79.5 81.1 82.1 82.5 80.2 73.3 67.8 67.4 66.9 66.9 67.2 68.6 69.9 71.1 72.2 73.3 74.3 75.6 77 78 78.7 80.2 82.1 84.4 86.9 87.4 87.5 87.9 89 91.2 93.5 95.5 97.2 99.5 101.2 102.6 103 103.4 104 104.8 105.5 106 105.8 105.5 106.1 107.7 109.5 110.2 109.9
104.5 106.9 106.9 105.7 104.5 102.3 97.2 92.1 94.6 97.3 99 98.3 97.2 95.8 94.7 94.6 94.5 93.7 92.8 90.7 87.2 84.1 81.4 78.9 77.6 77.7 77.7 76.9 73.6 65.9 68 77.9 79.5 80 80.8 78 71.7 69.5 68.8 68 67.1 66.9 67.7 68.9 69.7 70.1 70.9 71.9 74 76.1 77.4 78 80.1 82.4 84.4 85.5 86.7 88.4 89.8 90.8 93.5 96.1 98.2 100.7 102.3 103.4 103.7 104.1 104.5 105 105.7 106.2 106.5 106 106 107.3 108.6 109.7 110.6 110.3
101 104.2 106.4 106 104.7 102.8 99 94 93.5 96.3 97.8 97.5 96.5 95.6 94.4 94.1 93.9 93.2 92 90.5 86.8 83.5 80.8 78.5 76.9 76.9 76.8 76.3 73.6 65.7 67.6 75.9 77.6 77.4 77.6 74.5 68.9 68.3 68.5 67.7 66.8 66.7 67.3 68.1 68.2 70.2 73.1 76 78.3 80.5 75.7 77.4 79.4 82.6 85.3 85.6 87.1 89.2 91.1 92.6 95.3 98 100.6 102.5 103.9 104.5 104.7 105 105.3 105.6 105.8 106.1 106.3 106.2 106.3 107.7 108.5 109.9 111.1 110.2
98.9 101.6 104.5 105.7 104.8 103.4 101.2 96.7 92.1 94.7 96.6 96.9 96.3 95.1 94.3 94 93.8 93.1 92 90.8 87.6 84.6 81.6 78.7 76.6 76 75.9 75.7 73.6 65.8 64.2 67.9 70.8 74.1 74.9 71.2 66.9 66.1 66.1 66.2 66.5 66.6 67.1 68.3 70.6 73.2 76.2 78.7 81.1 83.5 82.7 79 78.8 82.3 84.9 86.1 86.8 88.9 91.1 93.8 96.4 98.9 101.1 103.1 104.5 104.5 104.8 105.1 105.4 105.7 105.8 105.9 106.1 106.4 106.5 107.8 108.2 109.4 110.1 108.8
95 95.8 98.6 102.1 103.6 103 101.7 98.4 94.9 93.7 95.4 95.9 96.1 95.2 94.6 94.3 94 93.4 92.3 91.3 88.5 85.2 82.2 79.2 77 76 74.9 74.3 73.2 69.4 64.1 63.8 64.1 68.1 72.4 69.7 65.9 65.5 65.7 65.8 66 66.4 67.4 69.9 73 75.8 78.3 80.2 82 83.9 84.5 83.5 81.3 81.6 84.4 85.6 86.8 89.3 91.9 94.5 97.2 99.4 101.6 103.6 104.4 104.7 105 105.3 105.6 105.9 106 106.1 106.2 106.3 106.9 107.9 108 108.4 108.5 108
97.7 97.1 95 96.5 100.1 101.8 101.1 99.3 96.2 93.5 93.9 95.1 95.4 95.2 94.4 93.8 93.5 93.6 92.3 91 88.9 85.7 82.7 79.5 77.6 76.4 75.3 74.2 73.2 71.4 67.3 64.4 63.6 64.1 67.1 66.9 65.4 65.2 65.4 65.6 65.8 66.4 68 71 74.6 77.2 79.5 81.2 82.8 84.3 84.9 85.4 83.2 83.2 84.5 85.8 87 89.6 93.1 96.4 98.2 99.8 102 103.8 104.6 104.9 105.2 105.6 106.1 106.5 106.6 106.7 106.8 106.9 107.1 108.1 108 108 107.5 106.6
99.4 99.2 97 95.9 99 100.2 100.4 98.8 95.8 93.9 92.7 93.9 93.9 94.1 94 93.3 92.8 93 91.8 90.6 88.9 86.1 82.9 79.8 78.2 76.8 75.8 75.1 74.3 71.1 68.4 67.9 66.2 63.7 64.9 64.5 64.7 64.8 65 65.2 65.6 66.6 69.4 72.6 76.4 78.6 80.7 82.3 84 85.2 85.9 86.6 84.5 84.1 85.2 86.5 87.8 89.6 92.5 97.2 99.2 100.9 102.4 103.7 104.9 105.3 105.8 106.2 106.6 107 107.2 107.3 107.4 107.5 107.5 108.3 107.7 107.4 107.2 106.2
98.1 96.6 95 96.1 98 98.9 98.8 98.4 96.4 94.4 93 92.2 91.5 91.3 92.4 91.6 91.3 91.9 91.1 90 88.4 85.8 83 80.4 78.8 77.3 76.7 76.1 74.5 71.3 68.2 67.2 67.7 66.4 64.1 64.3 64.5 64.6 64.6 65 66 67 71.2 75.2 77.8 79.8 81.6 83.3 85.1 86.2 86.9 87.7 86.1 85.6 86.4 87.2 88.2 89.1 90 97.3 99.5 101 102.1 103.1 104.8 105.6 106.3 106.7 107.1 107.5 107.8 107.9 108 108 108.1 107.9 107.6 107.2 106.8 106.4
97.8 96.4 95.8 96.3 97.2 97.9 97.8 97.5 96.6 94.7 93.2 92.5 92.2 91 89.9 89.8 89.8 90.2 89.6 88.8 87.1 85.1 82.4 80.1 78.6 77.5 77.4 76.3 74.3 72.3 69.3 66.7 66.6 64.7 64.3 64.2 64.4 64.5 64.6 65.3 66.5 69 74.2 77.5 79.1 80.4 82.2 84.3 86.4 88.2 88.6 89.3 88.7 87.9 87.8 88.9 89.3 89.9 90.9 93.5 99.2 101.4 101.9 102.5 104.2 105.6 106.3 107.1 107.7 108.1 108.4 108.5 108.2 107.9 107.6 107.5 107.1 106.9 106.6 106.4
96.8 95.4 95.3 95.6 96.3 96.8 96.9 96.6 96.4 94.9 93.3 92.2 92.4 90.8 89.4 88.8 88 87.4 87.3 86.6 85.7 83.8 81.6 79.8 78.6 77.6 77.4 76.3 74.3 71.9 69.8 67.3 64.9 64.6 64.5 64.3 64.3 64.4 64.6 65.3 67 70.9 76.1 79 80.4 81.8 83.4 85.5 87.6 89.2 89.8 91 91.3 90.1 89.2 90.2 91.1 91.8 92.7 93.4 96.6 103.6 103.3 102.6 103.7 105.4 106.3 107 107.7 108.2 108.4 108.1 107.7 107.4 107.1 107 106.9 106.7 106.4 106.1
95.3 94.4 94 94.5 95.2 95.8 96 95.8 95.6 95.1 93.4 91.6 91.2 90.2 89.2 88.3 87.2 86 85.8 85.1 84 82.4 80 79.1 78.5 77.6 76.8 75.9 73.7 71.5 68.7 67.1 65 64.1 64.1 64.1 64.4 64.5 64.7 65.4 68.3 71.6 76.7 80.9 82.1 83.4 84.7 86.5 88.1 89.7 91.3 92.4 92.6 91.7 91 91.5 92.9 93.8 94.3 95 95.3 100.2 104.7 103.6 103.5 105 106 107 107.4 107.8 107.8 107.7 107.4 106.9 106.4 106.4 106.4 106.4 106.2 105.8
95.1 92.1 91.7 92.7 93.7 94.4 95.1 95 94.9 94.7 93.3 91.5 89.7 89.4 88.3 87.1 86 84.8 84.6 84.1 82.4 80.7 78.8 77.9 77.3 77 76.2 75.1 73.4 71.2 68.4 65.5 64.3 63.8 64 64.3 64.5 64.6 65.4 68 70.5 73.4 77.6 81.8 82.5 84.2 85.5 87 88.6 90.2 92 93.7 93.9 93.6 92.9 93 93.9 95.1 95.8 96.2 96.6 100 103.4 103.7 103.5 104.1 104.8 106 106.9 107.3 107.2 107 107 106.9 106.3 106.3 106.3 106.2 106.3 105.9
96.8 96.4 94.3 92.8 91.3 91.4 92.3 92.9 93.5 93.9 93.1 91.2 89.2 88.7 87.2 86 84.8 83.6 83.4 82.7 81.2 79.4 77.5 76.8 76.6 76.3 75.5 73.9 72.2 70.5 67.9 64.7 63.4 63.4 63.6 63.9 64.1 64.4 64.8 67.5 71.7 75.2 79.4 81.7 82.5 83.8 85.9 87.7 89.5 92.6 94.8 96.3 95.9 95.7 95.6 95.6 95.2 95.6 96.5 97.2 97.9 99.3 102.2 102.5 102.9 103.3 103.7 104.9 106.4 106.8 106.6 106.7 106.7 106.2 106.3 106.3 106.1 106 106.4 106.1
97.7 97.6 96.3 94.7 93 90 88.2 91.1 92 92.4 92.2 91.2 89.2 87.9 86.4 84.9 83.7 82.8 82.2 81.3 80 78.9 77.2 75.9 75.4 74.9 74.3 72.7 71 69.6 67.3 63.8 63.5 63.2 63.3 63.5 63.8 64 64.8 66 70.5 75.3 79.9 81.9 82 83.3 85.4 88.1 91.6 95.4 97.8 98.7 98.6 98.3 98 98.2 96.9 96.2 97.6 98.9 99.6 100.4 101.4 102 102.5 102.9 103.4 104.2 105.4 106.1 106.2 106.3 106.4 105.9 105.8 106.1 105.9 106 106.4 106.5
97.9 98 97.5 95.9 94.3 92.7 90.2 88 89.1 90.4 91 90.6 88.7 87.2 85.7 84.2 82.9 82.1 81.4 80.9 80 78.5 77 75.9 74.9 73.6 72.5 71.5 69.6 68.6 66.7 63.5 63 62.9 63.1 63.3 63.6 63.8 64.5 65.6 69.1 73.7 76.6 79.4 80.9 82.8 84.9 88.5 93.9 98.1 100.2 101.6 101.6 101.6 101.4 101.1 100.2 98.7 99.8 101.4 101.1 101.8 102.3 102.2 102.5 102.9 103.4 104.4 105.3 106 106.1 106.2 106.1 105.8 105.8 105.7 105.7 106 106.5 107.1
98.3 98.4 98.5 97.1 95.5 94.1 92.2 89.2 85.9 85.9 88.4 89.5 88 86.5 84.9 82.8 82.2 81.5 80.8 80.3 79.6 78.4 77 76 74.7 73.4 72 70.3 67.8 66.5 64.8 62.4 63 63.5 63.1 63.4 63.6 63.7 64.2 65.2 70.5 74.4 76.9 78.9 81.4 83.6 85.5 89 93.7 98.6 101.6 103.6 104.7 105.5 105.3 105 104.1 103.2 103.6 103.5 102.7 102.8 103.2 103 102.7 102.9 103.5 104.5 105.2 106 106.2 106.1 105.9 105.8 105.9 105.9 106 106.3 106.7 107.2
99.4 99.3 98.9 98.2 96.8 95.4 93.8 91.4 88.3 84.2 85.9 87.7 87.3 85.6 83.5 82.2 81.6 80.9 80.1 79.5 78.7 78.1 77.1 75.8 74.5 73.1 71.7 68.6 65.9 65.2 62.7 62.4 63.3 64.1 63.2 63.3 63.5 63.6 63.9 64.9 68.1 71.8 75.5 78.2 80.9 84.1 86.7 90.3 93.4 98.4 102.2 105.2 106.2 107.3 106.8 106.8 106.4 105.4 105.3 104.9 103.5 103 103.2 103.2 103.2 103.2 103.6 104.4 105.1 105.8 106.2 106 105.8 105.8 106 106.1 106.5 107 107.2 107.5
99.6 99.3 99.3 99.3 97.8 96.3 94.5 92.2 90 87.5 83.6 84.3 85.3 84.1 82.1 81.6 80.9 80.2 79.5 78.4 77.7 77.1 76.7 75.6 74.3 72.9 70 68.1 66.8 64.7 62.9 63.5 65.1 66.4 63.7 63.8 63.9 63.6 63.7 64.3 69.9 74 76.4 81.3 85.2 85.2 88.1 91.7 95.3 99.1 103.3 106.7 107.6 107.8 107.9 108 107.8 106.3 105.1 104.6 103.4 102.5 102.6 102.9 102.9 103 103.7 104.1 104.8 105.4 105.9 106.1 106.1 105.5 105.7 106.2 107.1 108 108.4 108.3
100 99.1 99.5 99.8 98.5 96.9 95.1 92.7 90.7 88.9 86.8 85.7 85 82.9 81.5 80.9 80.3 79.6 78.9 77.6 76.8 76.1 75.8 75.3 74.1 71.8 70.2 68.3 66.5 63.8 63.7 65.2 66.9 69.6 66.4 63.7 63.4 63.4 63.6 64 66.8 74 78.2 84.9 87.6 88.6 90.1 94.1 97.8 102.8 105.3 107.9 108.8 108.7 108.1 108 108.1 106.8 105 104.2 103.1 102.2 102.1 102.6 102.6 103.3 104 104.4 105 105.3 105.7 106.2 105.8 104.7 105.1 105.8 106.7 107.8 108.7 108.6
