webserver/python/data/SE53.asc
ncols 200
nrows 200
xllcorner 450000
yllcorner 430000
cellsize 50
[rows 43 to 85 of 200, columns 0 to 95 of 200]
7.7 7.8 7.5 7.6 8.1 8.3 8.3 8.1 8 7.8 7.6 7.5 7.5 7.6 7.4 7.3 7.3 6.7 6.8 6.8 6.9 6.8 6.7 8.6 6.8 6.8 6.9 7 7.1 7.2 7.3 7.4 7.5 7.6 7.6 7.2 6.8 6.4 6.3 6.2 6.5 6.8 7.2 7.6 8.1 8.2 8.2 8.4 8.2 8.2 8.3 8.4 8.3 8.4 8.4 8.4 8.4 8.5 8.6 8.6 8.3 7.5 7.5 7.5 7.5 7.4 7.4 7.4 7.4 7.4 7.4 7.5 7.5 7.5 7.5 7.5 7.6 7.6 7.6 7.6 7.6 7.7 7.7 7.7 7.7 7.7 7.8 7.8 7.8 7.8 7.8 7.9 7.9 8 8 8.2
7.8 8 7.9 7.7 7.4 7.9 8.1 7.9 7.8 7.8 7.6 7.4 7.4 7.4 7.4 7.3 7.3 7.3 6.7 6.7 6.8 6.9 6.9 7.6 7.2 7.1 6.9 7 7.1 7.3 7.4 7.5 7.6 7.7 7.5 7.1 6.7 6.3 5.9 5.8 6.3 6.8 7.3 7.8 8.3 8.4 8.2 8.3 8.4 8.1 8.2 8.3 8.4 8.4 8.4 8.4 8.5 8.6 8.5 8.3 8 7.7 7.5 7.4 7.4 7.4 7.4 7.4 7.3 7.3 7.4 7.4 7.4 7.5 7.5 7.5 7.5 7.5 7.6 7.6 7.6 7.6 7.6 7.7 7.7 7.7 7.7 7.7 7.8 7.8 7.9 7.9 8 8.1 8.1 8.1
7.8 8 8.3 7.7 7.5 7.4 7.7 7.7 7.6 7.6 7.5 6.2 7.4 7.5 7.5 7.5 7.4 7.3 7.2 6.8 6.7 6.7 6.8 7.1 7.6 7.5 7.3 7.1 7.2 7.3 7.4 7.5 7.6 7.8 7.5 7.1 6.7 6.3 5.9 5.8 6.2 6.7 7.2 7.7 8.2 8.4 8.3 8.1 8.1 8.1 8.2 8.3 8.4 8.4 8.4 8.5 8.5 8.5 8.4 8.2 8.1 7.8 7.6 7.4 7.4 7.4 7.3 7.3 7.3 7.3 7.3 7.4 7.4 7.4 7.4 7.5 7.5 7.5 7.5 7.5 7.6 7.6 7.6 7.6 7.7 7.7 7.7 7.7 7.8 7.8 7.9 7.9 8.1 8.2 8.2 8.2
7.9 8 8 7.8 7.6 7.5 7.4 7.5 7.4 7.4 7.3 7.4 7.5 7.5 7.6 7.6 7.6 7.5 7.3 7.2 6.8 6.7 8.3 7.4 7.6 7.7 7.7 7.5 7.4 7.4 7.5 7.6 7.7 7.8 7.4 7 6.6 6.2 5.9 5.7 6.1 6.6 7 7.5 8 8.3 8.2 8.1 8.1 8.1 8.1 8.2 8.3 8.4 8.4 8.4 8.4 8.3 8.3 8.2 8.1 7.9 7.7 7.6 7.4 7.3 7.3 7.3 7.2 7.2 7.3 7.3 7.4 7.4 7.4 7.4 7.5 7.5 7.5 7.5 7.5 7.6 7.6 7.6 7.6 7.7 7.7 7.7 7.8 7.8 7.9 7.9 8 8.1 8.3 8.5
8 8 8.1 8 7.7 7.6 7.4 7.3 7.3 7.3 7.1 7.3 7.5 7.6 7.6 7.6 7.6 7.7 7.6 7.4 7.2 6.8 8.3 7.2 7.3 7.4 7.6 7.7 7.8 7.6 7.5 7.6 7.8 7.7 7.3 6.9 6.6 6.2 5.9 5.7 6.1 6.5 7 7.4 7.8 8.2 8.2 8.2 8.2 8.1 8.2 8.2 8.3 8.3 8.4 8.3 8.3 8.3 8.2 8.2 8.1 8 7.9 7.7 7.6 7.4 7.3 7.2 7.2 7.2 7.2 7.3 7.3 7.4 7.4 7.4 7.4 7.4 7.5 7.5 7.5 7.6 7.6 7.6 7.6 7.7 7.7 7.7 7.8 7.8 7.9 7.9 8 8 8.2 8.4
8.1 8.1 8 8 7.9 7.7 7.6 7.4 7.5 8 7.2 7.1 7.3 7.6 7.6 7.7 7.7 7.7 7.7 7.7 7.5 7.2 7.3 7.4 7.4 7.4 7.5 7.5 7.6 7.7 7.8 7.7 7.8 7.6 7.3 6.9 6.6 6.3 5.9 5.6 6.1 6.5 6.9 7.3 7.7 8 8.3 8.2 8.2 8.2 8.2 8.2 8.3 8.2 8.2 8.1 8.2 8.2 8.2 8.2 8.1 8 8 7.9 7.7 7.6 7.4 7.3 7.2 7.2 7.2 7.3 7.3 7.3 7.4 7.4 7.4 7.4 7.5 7.5 7.5 7.5 7.6 7.6 7.6 7.7 7.7 7.7 7.8 7.8 7.9 7.9 8 8 8 8.5
8.1 8.1 8 8 8 7.8 7.7 7.7 7.9 7.9 7.6 7.1 7.1 7.2 7.4 7.7 7.7 7.8 7.8 7.8 7.8 7.9 7.6 7.6 7.7 7.7 7.7 7.7 7.8 7.8 7.8 7.9 7.9 7.6 7.3 6.9 6.6 6.3 5.9 5.6 6 6.4 6.7 7 7.3 7.7 8 8.1 8.1 8.1 8.2 8.2 8.1 8.1 8 8 7.9 7.9 7.8 7.8 8.1 8.1 8 8 7.9 7.7 7.5 7.2 7.2 7.2 7.3 7.3 7.3 7.3 7.3 7.4 7.4 7.4 7.5 7.5 7.5 7.5 7.6 7.6 7.6 7.7 7.7 7.7 7.8 7.8 7.9 7.9 8 8 8 8
8.1 8.1 8.1 8 7.9 7.9 7.2 7.7 7.8 7.7 7.6 7 7.1 7.1 7.2 7.3 7.8 7.8 7.8 7.8 7.9 8.5 7.6 7.6 7.6 7.7 7.7 7.7 7.7 7.8 7.8 7.8 7.9 7.7 7.3 7 6.7 6.3 6 5.7 5.6 5.9 6.1 6.5 7.6 7.6 7.8 8 8 8.1 8.1 8 8 7.9 7.9 7.8 7.8 7.7 7.7 7.6 7.6 7.5 7.5 7.5 7.8 7.2 7.3 7.3 7.3 7.3 7.3 7.3 7.3 7.3 7.3 7.4 7.4 7.4 7.4 7.5 7.5 7.5 7.6 7.6 7.6 7.6 7.7 7.7 7.8 7.8 7.9 7.9 7.9 7.9 8 8
8.1 8.1 8.1 8 7.9 8.4 7.9 7.5 7.6 7.6 7.5 7.1 7 7.1 7.1 7.2 7.3 7.9 7.9 7.9 8.3 8.2 7.5 7.6 7.6 7.6 7.6 7.7 7.7 7.7 7.7 7.8 7.9 7.7 7.4 7.1 6.7 6.4 6 5.8 5.6 5.4 5.8 6.8 7.7 7.7 7.8 8 8 8 8 8 7.9 7.9 7.8 7.8 7.7 7.6 7.6 7.5 7.5 7.4 7.4 7.3 7.3 7.3 7.3 7.3 7.3 7.3 7.3 7.3 7.3 7.3 7.3 7.4 7.4 7.4 7.4 7.5 7.5 7.5 7.6 7.6 7.6 7.6 7.7 7.7 7.7 7.8 7.9 7.9 7.9 7.9 7.9 7.9
8.3 8.1 8.3 7.2 8.4 8.4 8 7.6 7.4 7.5 7.5 7.3 7 7.1 7.1 7.2 7.2 7.3 7.7 8.1 8.5 8.3 7.7 7.5 7.5 7.6 7.6 7.6 7.6 7.7 7.7 7.7 7.9 7.8 7.5 7.1 6.8 6.5 6.1 5.9 5.7 5.5 5.4 6.3 7.3 7.7 7.8 7.7 8 8 8 7.9 7.9 7.8 7.8 7.7 7.7 7.6 7.6 7.5 7.4 7.4 7.3 7.3 7.3 7.3 7.3 7.3 7.3 7.3 7.3 7.3 7.3 7.3 7.3 7.4 7.4 7.4 7.4 7.5 7.5 7.5 7.5 7.6 7.6 7.6 7.7 7.7 7.7 7.8 7.8 7.9 7.9 7.9 7.9 7.9
8.4 8.2 8.3 8.3 8.4 8.4 8.1 7.7 7.3 7.3 7.3 7.2 7 7 7.1 7.1 7.2 7.3 7.4 9 8.5 8.4 8.2 7.6 7.5 7.5 7.5 7.6 7.6 7.6 7.6 7.7 7.9 7.9 7.5 7.2 6.9 6.5 6.2 6 5.8 5.6 5.7 6.4 7.4 7.5 7.5 7.7 8 8 8 7.9 7.8 7.8 7.7 7.7 7.6 7.6 7.5 7.5 7.4 7.4 7.3 7.3 7.3 7.3 7.3 7.3 7.3 7.3 7.3 7.3 7.3 7.4 7.4 7.4 7.4 7.4 7.4 7.5 7.5 7.5 7.5 7.6 7.6 7.6 7.7 7.7 7.7 7.8 7.8 7.8 7.8 7.9 7.9 7.9
8.5 8.3 8.1 8.4 8.4 8.4 8.3 7.8 7.5 7.1 7.1 7.2 7 7 7 7.1 7.2 7.2 8.4 9.1 8.5 8.2 8.3 8.1 7.5 7.5 7.5 7.5 7.5 7.6 7.6 7.7 7.9 7.9 7.6 7.3 6.9 6.6 6.3 6.1 5.9 5.9 5.9 6.5 7.3 7.4 7.5 7.8 8 8 7.9 7.9 7.8 7.8 7.7 7.6 7.6 7.5 7.5 7.4 7.4 7.3 7.3 7.3 7.3 7.3 7.3 7.3 7.3 7.3 7.3 7.3 7.4 7.4 7.4 7.4 7.4 7.4 7.4 7.4 7.5 7.5 7.5 7.6 7.6 7.6 7.6 7.7 7.7 7.8 7.8 7.8 7.8 7.8 7.8 7.7
8.6 8.4 8.2 8.4 8.4 8.4 8.3 8.2 7.7 7.2 7 6.9 6.9 7.6 7.6 7.5 7.9 9.4 9 8.6 8.1 7.9 7.9 8.1 8 7.5 7.5 7.5 7.5 7.5 7.6 7.8 7.9 7.9 7.7 7.4 7 6.7 6.4 6.2 6.2 6.2 6.2 6.7 7.3 7.5 7.5 7.8 8 7.9 7.9 7.8 7.8 7.7 7.7 7.6 7.6 7.5 7.4 7.4 7.3 7.3 7.3 7.3 7.3 7.3 7.3 7.3 7.3 7.3 7.3 7.3 7.4 7.4 7.4 7.4 7.4 7.4 7.4 7.4 7.5 7.5 7.5 7.6 7.6 7.6 7.6 7.7 7.7 7.8 7.8 7.8 7.8 7.7 7.5 7.4
8.7 8.4 8.2 8.4 8.4 8.3 8.3 8.2 8.1 7.4 6.9 6.9 6.9 7.8 7.6 8 8.6 8.9 8.7 8.4 8.4 8 7.9 7.7 7.8 7.8 7.4 7.4 7.5 7.5 7.6 7.8 7.9 7.9 7.8 7.4 7.1 6.8 6.6 6.5 6.5 6.5 6.5 6.8 7.4 7.5 7.6 7.9 8 7.9 7.8 7.8 7.7 7.7 7.6 7.6 7.5 7.5 7.4 7.4 7.4 7.3 7.3 7.3 7.3 7.3 7.3 7.3 7.3 7.3 7.3 7.4 7.4 7.4 7.4 7.4 7.4 7.4 7.4 7.5 7.5 7.5 7.5 7.5 7.6 7.6 7.6 7.7 7.7 7.7 7.7 7.8 7.6 7.4 7.2 7.1
8.5 8.2 8.4 8.4 8.4 8.3 8.3 8.2 8.2 7.6 6.9 6.9 7.8 7.7 7.5 7.8 8.7 8.5 8.5 8.4 8.4 8.3 8.1 7.9 7.8 7.6 7.7 7.4 7.4 7.4 7.6 7.8 7.9 7.9 7.8 7.5 7.1 6.9 6.8 6.8 6.8 6.8 6.8 7.1 7.5 7.6 7.6 7.9 7.9 7.9 7.8 7.8 7.7 7.6 7.6 7.5 7.5 7.4 7.4 7.4 7.4 7.4 7.3 7.3 7.3 7.3 7.3 7.3 7.3 7.3 7.4 7.4 7.4 7.4 7.4 7.4 7.5 7.5 7.5 7.5 7.5 7.5 7.5 7.5 7.6 7.6 7.6 7.7 7.7 7.7 7.6 7.5 7.3 7.1 7.1 7.1
8.2 8.4 8.4 8.4 8.3 8.3 8.3 8.2 8.2 8 7.7 7.8 7.7 7.5 7.4 7.3 8.1 7.7 8 8.3 8 8.4 8.2 8.1 8 7.8 7.6 7.5 7.4 7.4 7.6 7.9 7.9 7.9 7.8 7.6 7.2 7.1 7.1 7.1 7.1 7.1 7.1 7.3 7.5 7.6 7.7 8 7.9 7.8 7.8 7.7 7.7 7.6 7.6 7.5 7.4 7.4 7.4 7.4 7.4 7.4 7.4 7.3 7.3 7.3 7.3 7.3 7.3 7.3 7.4 7.4 7.4 7.4 7.4 7.5 7.5 7.5 7.5 7.5 7.5 7.5 7.5 7.5 7.6 7.6 7.6 7.7 7.7 7.5 7.3 7.3 7.2 7.2 7.2 7.2
7.9 8.5 8.4 8.4 8.3 8.3 8.3 8.2 8.2 8 7.8 7.7 7.7 7.6 7.6 7.4 7.3 7.8 8.1 8.3 7.6 8.2 8.4 8.3 8.2 8 7.8 7.7 7.5 7.5 7.8 8 7.9 7.8 7.8 7.6 7.4 7.4 7.4 7.4 7.4 7.4 7.4 7.4 7.5 7.6 7.7 8 7.9 7.8 7.7 7.7 7.6 7.6 7.5 7.5 7.4 7.4 7.4 7.4 7.4 7.4 7.4 7.4 7.4 7.3 7.3 7.3 7.3 7.4 7.4 7.4 7.4 7.4 7.5 7.5 7.5 7.5 7.5 7.5 7.5 7.5 7.5 7.5 7.6 7.6 7.6 7.5 7.4 7.4 7.4 7.4 7.3 7.3 7.2 7.2
7.8 8.5 8.5 8.4 8.4 8.3 8.3 8.2 8.2 8.1 7.9 7.8 7.8 7.8 7.8 7.6 7.8 8.3 8.3 8.4 7.9 7.6 8.2 8.4 8.4 8.2 8.1 8.1 8 7.9 8 8 7.9 7.7 7.6 7.5 7.3 7.4 7.5 7.6 7.6 7.6 7.6 7.5 7.5 7.6 7.8 8 7.8 7.8 7.7 7.6 7.6 7.5 7.5 7.4 7.4 7.4 7.4 7.4 7.4 7.4 7.4 7.4 7.4 7.4 7.4 7.4 7.4 7.4 7.4 7.4 7.4 7.5 7.5 7.5 7.5 7.5 7.5 7.5 7.5 7.5 7.5 7.6 7.6 7.6 7.5 7.5 7.4 7.4 7.4 7.3 7.3 7.2 7.2 7.1
7.8 8.5 8.5 8.4 8.4 8.3 8.3 8.3 8.2 8.1 8.1 8.1 8 7.9 7.9 7.9 7.9 12.2 8.1 10.4 8.1 8.4 8.3 8.4 8.5 8.4 8.5 8.5 8.2 8.1 8.2 8 7.9 7.7 7.4 7.4 7.2 7.3 7.4 7.5 7.6 7.7 7.8 7.5 7.5 7.7 7.9 7.9 7.8 7.7 7.7 7.6 7.6 7.5 7.5 7.4 7.4 7.4 7.4 7.4 7.4 7.4 7.4 7.4 7.4 7.4 7.4 7.4 7.4 7.4 7.4 7.4 7.4 7.5 7.5 7.5 7.5 7.5 7.5 7.5 7.6 7.6 7.6 7.6 7.6 7.6 7.4 7.4 7.3 7.2 7.2 7.2 7.2 7.2 7.2 7.1
7.7 8.5 8.5 8.5 8.4 8.4 8.3 8.3 8.2 8.1 8.1 8.1 8.1 8 8 7.5 7.7 7.9 8.3 8.2 8.2 8.4 8.5 8.6 8.5 8.3 8.2 8.1 8.2 8.3 8.2 8 7.9 7.7 7.5 7.5 7.4 7.5 7.6 7.7 7.7 7.7 7.7 7.6 7.5 7.7 7.9 7.9 7.7 7.7 7.6 7.6 7.5 7.5 7.5 7.5 7.4 7.4 7.4 7.4 7.4 7.4 7.4 7.4 7.4 7.4 7.4 7.4 7.4 7.4 7.4 7.4 7.5 7.5 7.5 7.5 7.5 7.6 7.6 7.6 7.6 7.6 7.6 7.6 7.6 7.6 7.5 7.3 7.2 7.1 7.1 7 6.9 6.9 6.8 6.8
7.6 8.4 8.6 8.5 8.5 8.4 8.4 8.3 8.2 8.1 8.1 8.1 8 8 8 7.8 8.4 8.8 8.1 8.4 8.4 8.5 8.7 8.6 8.4 8.3 8.3 8.2 8.3 8.3 8.2 8 7.9 7.7 7.6 7.6 7.7 7.7 7.7 7.7 7.6 7.6 7.6 7.6 7.5 7.7 8 7.8 7.7 7.6 7.6 7.5 7.5 7.5 7.5 7.5 7.5 7.4 7.4 7.4 7.4 7.4 7.4 7.4 7.4 7.4 7.4 7.4 7.4 7.4 7.4 7.5 7.5 7.5 7.5 7.5 7.6 7.6 7.6 7.6 7.6 7.6 7.6 7.6 7.6 7.6 7.6 7.4 7.1 7 7 6.9 6.8 6.8 6.7 6.7
7.6 8.3 8.6 8.5 8.5 8.4 8.4 8.3 8.2 8.1 8.1 8 8 8 8 7.7 8.1 8.8 8.6 8.7 8.8 8.7 8.6 8.5 8.4 8.3 8.2 8.1 8.3 8.3 8.2 8 7.9 7.8 7.6 7.5 7.6 7.6 7.6 7.6 7.6 7.6 7.6 7.5 7.5 7.7 8 7.8 7.7 7.6 7.6 7.5 7.5 7.5 7.5 7.5 7.5 7.5 7.4 7.4 7.4 7.4 7.4 7.4 7.4 7.4 7.4 7.4 7.4 7.4 7.4 7.5 7.5 7.5 7.5 7.5 7.6 7.6 7.6 7.6 7.6 7.6 7.6 7.6 7.6 7.6 7.6 7.5 7.2 6.9 6.9 6.8 6.7 6.7 6.6 6.6
7.7 8.3 8.6 8.6 8.5 8.4 8.3 8.3 8.2 8.1 8 8 8 8 8 7.7 8.8 8.8 8.8 8.7 8.7 8.6 8.4 8.3 8.1 8.1 8 7.8 8.1 8.1 8 7.9 7.7 7.6 7.4 7.3 7.4 7.4 7.5 7.5 7.5 7.5 7.5 7.5 7.5 7.8 7.9 7.8 7.6 7.6 7.5 7.5 7.5 7.5 7.5 7.5 7.5 7.5 7.5 7.4 7.4 7.4 7.4 7.4 7.4 7.4 7.4 7.4 7.4 7.4 7.5 7.5 7.5 7.5 7.5 7.6 7.6 7.6 7.6 7.6 7.6 7.6 7.6 7.6 7.6 7.6 7.6 7.5 7.4 7 6.8 6.7 6.6 6.6 6.5 6.5
8.3 8.2 8.6 8.6 8.5 8.4 8.3 8.3 8.2 8.1 8 8 8 8 8 8.8 8.8 8.7 8.7 8.6 8.6 8.4 8.3 8.1 7.9 7.8 7.7 7.7 7.7 7.7 7.7 7.7 7.6 7.4 7.2 7.2 7.2 7.3 7.3 7.4 7.4 7.4 7.4 7.4 7.6 7.6 7.7 7.7 7.6 7.5 7.5 7.5 7.5 7.5 7.5 7.5 7.5 7.5 7.5 7.5 7.5 7.4 7.4 7.4 7.4 7.4 7.4 7.4 7.4 7.4 7.5 7.5 7.5 7.5 7.6 7.6 7.6 7.6 7.6 7.6 7.6 7.7 7.6 7.6 7.6 7.6 7.6 7.5 7.5 7.2 6.8 6.6 6.6 6.5 6.4 6.4
8.7 8.6 8.7 8.6 8.5 8.4 8.3 8.3 8.2 8.1 8 8 8 8 8.6 8.2 8.8 8.7 8.6 8.5 8.4 8.3 8.1 7.9 7.7 7.5 7.5 7.7 7.7 7.6 7.5 7.4 7.3 7.3 7.1 7.1 7.2 7.2 7.2 7.3 7.3 7.3 7.4 7.4 7.5 7.6 7.7 7.6 7.6 7.6 7.5 7.5 7.5 7.5 7.5 7.5 7.5 7.5 7.5 7.5 7.5 7.5 7.4 7.4 7.4 7.4 7.4 7.4 7.4 7.5 7.5 7.5 7.5 7.5 7.6 7.6 7.6 7.6 7.6 7.7 7.7 7.7 7.6 7.6 7.6 7.6 7.6 7.5 7.5 7.4 7 6.6 6.5 6.4 6.3 6.7
8.9 8.8 8.6 8.5 8.5 8.4 8.3 8.2 8.2 8.1 8 8 8 8.8 7.5 7.6 8.8 8.6 8.5 8.4 8.3 8.1 7.9 7.7 7.6 7.4 7.4 7.4 7.5 7.4 7.3 7.3 7.2 7.1 7.1 7.2 7.3 7.4 7.4 7.5 7.5 7.5 7.6 7.6 7.6 7.6 7.9 7.6 7.7 7.6 7.6 7.6 7.5 7.5 7.5 7.5 7.5 7.5 7.5 7.5 7.5 7.5 7.5 7.4 7.4 7.4 7.4 7.4 7.5 7.5 7.5 7.5 7.5 7.6 7.6 7.6 7.6 7.6 7.7 7.7 7.7 7.7 7.6 7.6 7.6 7.6 7.6 7.5 7.5 7.5 7.2 6.8 6.4 6.3 6.2 7.1
8.4 8.8 8.6 8.4 8.5 8.2 8.3 8.2 8.2 8.1 8 8 8.8 8.3 7.7 7.3 8.3 8.3 8.4 8.2 8.1 7.9 7.8 7.7 7.5 7.4 7.4 7.4 7.4 7.3 7.3 7.2 7.1 7.1 7.2 7.2 7.3 7.4 7.5 7.6 7.7 7.7 7.7 7.7 7.8 7.8 7.8 7.9 7.8 7.8 7.8 7.7 7.7 7.7 7.7 7.6 7.6 7.6 7.6 7.5 7.5 7.5 7.5 7.5 7.4 7.4 7.4 7.4 7.5 7.5 7.5 7.5 7.5 7.6 7.6 7.6 7.6 7.7 7.7 7.7 7.7 7.7 7.6 7.6 7.6 7.6 7.6 7.5 7.5 7.5 7.5 7.1 6.7 6.3 6.6 7.3
8.7 8.6 8.5 8.3 8.3 8.3 8.2 8 8 8 8 8.3 8.2 8 7.8 7.4 8.2 8.2 8.3 8.2 8.1 7.9 7.8 7.6 7.5 7.4 7.4 7.4 7.3 7.3 7.2 7.2 7.1 7.1 7.2 7.3 7.4 7.5 7.6 7.7 7.8 7.9 7.9 7.9 7.9 7.9 7.9 7.9 7.9 7.9 7.9 7.8 7.8 7.8 7.7 7.7 7.7 7.7 7.6 7.6 7.6 7.5 7.5 7.5 7.5 7.4 7.4 7.3 7.5 7.6 7.6 7.6 7.6 7.7 7.7 7.7 7.7 7.7 7.8 7.7 7.6 7.6 7.6 7.6 7.6 7.6 7.6 7.5 7.5 7.5 7.5 7.3 6.9 6.6 6.7 6.9
8.4 8.4 8.5 8.3 8.1 8.2 8.1 8.2 7.9 7.9 8 7.9 7.8 8.1 7.9 7.8 8.3 8.3 8.2 8.1 8 7.9 7.8 7.6 7.5 7.4 7.4 7.4 7.3 7.3 7.2 7.1 7.2 7.1 7.2 7.3 7.4 7.5 7.6 7.7 7.8 7.8 7.8 7.8 7.8 7.8 7.8 7.8 7.8 7.8 7.8 7.8 7.7 7.7 7.7 7.7 7.6 7.6 7.6 7.5 7.5 7.5 7.5 7.4 7.4 7.4 7.4 7.4 7.3 7.1 7.4 7.7 7.7 7.7 7.8 7.8 7.8 7.8 7.7 7.6 7.6 7.6 7.6 7.6 7.6 7.6 7.5 7.5 7.5 7.5 7.5 7.5 7.3 7.4 7.5 7.6
8.4 8.3 8.2 8.2 8 7.9 8 7.9 8.7 7.9 8 7.9 7.9 7.8 7.8 9 8.4 8.3 8.2 8.1 8 7.9 7.7 7.6 7.5 7.4 7.4 7.3 7.3 7.2 7.2 7.2 7.3 7.2 7.2 7.3 7.4 7.5 7.6 7.7 7.7 7.7 7.7 7.7 7.7 7.7 7.7 7.7 7.7 7.7 7.7 7.7 7.7 7.7 7.6 7.6 7.6 7.6 7.5 7.5 7.5 7.4 7.4 7.4 7.4 7.3 7.3 7.3 7.3 7.2 7 6.9 7.1 7.5 7.9 7.9 7.9 7.8 7.7 7.6 7.6 7.6 7.6 7.6 7.5 7.5 7.5 7.5 7.5 7.5 7.5 7.5 7.5 7.5 7.5 7.6
8.4 8.1 8.2 8.1 8 7.8 7.8 8.9 7.9 7.7 7.7 7.8 7.9 7.9 7.8 8.8 8.3 8.2 8.1 8 7.9 7.8 7.7 7.6 7.4 7.4 7.4 7.3 7.3 7.3 7.3 7.3 7.3 7.3 7.3 7.4 7.5 7.6 7.6 7.6 7.6 7.6 7.6 7.6 7.6 7.6 7.6 7.6 7.6 7.6 7.6 7.6 7.6 7.6 7.6 7.6 7.5 7.5 7.5 7.4 7.4 7.4 7.4 7.3 7.3 7.3 7.3 7.3 7.3 7.3 7.1 6.9 6.8 6.6 6.9 7.2 7.8 7.8 7.7 7.6 7.6 7.6 7.5 7.5 7.5 7.5 7.5 7.5 7.6 7.6 7.6 7.5 7.5 7.5 7.5 7.4
8.3 8.2 8 8 7.9 7.7 7.8 7.8 7.7 7.7 7.6 7.6 7.6 7.7 7.8 8.3 8.2 8.2 8.1 8 7.9 7.8 7.7 7.5 7.4 7.4 7.3 7.3 7.3 7.3 7.4 7.4 7.4 7.4 7.3 7.4 7.5 7.6 7.5 7.5 7.5 7.5 7.5 7.5 7.5 7.5 7.6 7.6 7.6 7.6 7.6 7.6 7.6 7.6 7.5 7.5 7.5 7.4 7.4 7.4 7.4 7.3 7.3 7.3 7.3 7.3 7.3 7.3 7.3 7.3 7.2 7 6.8 6.7 6.5 6.4 7.1 7.5 7.5 7.5 7.6 7.6 7.6 7.6 7.6 7.6 7.6 7.6 7.6 7.6 7.6 7.6 7.5 7.5 7.5 7.4
8.4 8.2 8 7.9 7.8 7.7 7.6 7.6 7.6 7.6 7.5 7.6 7.5 7.5 7.6 7.7 7.7 7.8 7.8 7.9 7.8 7.7 7.6 7.5 7.4 7.4 7.4 7.4 7.4 7.4 7.5 7.5 7.5 7.4 7.4 7.4 7.5 7.5 7.5 7.5 7.5 7.5 7.5 7.5 7.5 7.5 7.5 7.5 7.5 7.5 7.5 7.5 7.5 7.5 7.5 7.4 7.4 7.4 7.4 7.3 7.3 7.3 7.3 7.2 7.2 7.2 7.2 7.2 7.2 7.2 7.2 7.1 6.9 6.8 6.6 6.4 6.5 7.2 7.2 7.4 7.5 7.6 7.6 7.6 7.6 7.6 7.7 7.7 7.7 7.7 7.6 7.6 7.6 7.5 7.5 7.5
8.3 8.2 8 9.3 7.9 7.6 7.5 7.4 7.4 7.4 7.4 7.4 7.4 7.3 7.3 7.5 7.5 7.5 7.5 7.5 7.5 7.4 7.4 7.5 7.4 7.4 7.4 7.5 7.5 7.5 7.5 7.6 7.6 7.5 7.5 7.4 7.4 7.4 7.4 7.4 7.4 7.4 7.4 7.4 7.4 7.4 7.4 7.4 7.4 7.4 7.4 7.4 7.4 7.4 7.4 7.4 7.4 7.3 7.3 7.3 7.3 7.2 7.2 7.2 7.2 7.2 7.2 7.2 7.2 7.2 7.2 7.2 7 6.8 6.7 6.5 6.7 6.9 7.1 7.2 7.3 7.4 7.5 7.6 7.7 7.7 7.7 7.7 7.7 7.7 7.7 7.6 7.6 7.6 7.5 7.5
8.2 8.2 9.8 8.1 7.9 7.8 7.6 7.6 7.5 7.4 7.3 7.2 7.2 7.1 7.3 7.4 7.4 7.4 7.4 7.4 7.4 7.4 7.4 7.4 7.4 7.5 7.5 7.6 7.6 7.6 7.6 7.7 7.6 7.6 7.5 7.5 7.5 7.4 7.3 7.3 7.3 7.3 7.3 7.3 7.3 7.3 7.3 7.3 7.3 7.3 7.3 7.3 7.3 7.3 7.3 7.3 7.3 7.3 7.3 7.2 7.2 7.2 7.2 7.2 7.2 7.2 7.2 7.2 7.2 7.2 7.2 7.2 7.1 6.9 6.8 6.5 6.8 6.9 7 7.1 7.2 7.3 7.4 7.5 7.6 7.7 7.7 7.8 7.8 7.8 7.7 7.7 7.7 7.6 7.6 7.5
8.1 8.6 8.4 8.3 8.1 7.9 7.7 7.6 7.6 7.6 7.5 7.4 7.3 7.2 7.6 7.3 7.3 7.3 7.3 7.3 7.3 7.3 7.3 7.3 7.4 7.5 7.6 7.6 7.7 7.7 7.7 7.7 7.7 7.7 7.6 7.6 7.5 7.5 7.4 7.3 7.3 7.2 7.2 7.2 7.2 7.2 7.2 7.2 7.2 7.2 7.2 7.2 7.2 7.2 7.2 7.2 7.2 7.2 7.2 7.2 7.2 7.1 7.1 7.1 7.1 7.1 7.1 7.1 7.1 7.1 7.1 7.1 7.1 7 6.8 6.6 6.8 6.9 6.9 7 7.1 7.2 7.3 7.4 7.5 7.5 7.6 7.7 7.8 7.6 7.6 7.5 7.4 7.3 7.2 7.2
8.8 8.5 8.4 8.3 8.2 8 7.9 7.7 7.6 7.6 7.6 7.6 7.5 7.4 8.7 7.2 7.3 7.2 7.2 7.2 7.2 7.2 7.2 7.3 7.4 7.5 7.6 7.6 7.7 7.8 7.8 7.8 7.8 7.7 7.7 7.6 7.6 7.5 7.5 7.4 7.3 7.3 7.2 7.1 7.1 7.1 7.1 7.1 7.1 7.1 7.1 7.1 7.1 7.1 7.1 7.1 7.1 7.1 7.2 7.1 7.1 7.1 7.1 7.1 7.1 7.1 7.1 7.1 7.1 7.1 7.1 7.1 7.1 7.1 6.8 6.6 6.8 7 7.1 7.1 7.1 7.1 7.2 7.3 7.4 7.4 7.5 7.9 7.7 7.5 7.2 7.1 7 7 6.9 6.9
8.7 8.5 8.4 8.3 8.2 8.2 8 7.8 7.7 7.6 7.6 7.6 7.6 7.6 9 7 7.2 7.2 7.1 7.1 7.1 7.1 7.1 7.2 7.3 7.4 7.5 7.6 7.7 7.8 7.9 7.9 7.8 7.8 7.7 7.7 7.6 7.6 7.5 7.5 7.4 7.4 7.3 7.2 7.2 7.1 7 7 7 7 7 7 7 7 7 7 7 7.1 7.1 7.1 7.1 7.1 7.1 7.1 7.1 7.1 7.1 7.1 7.1 7.1 7.2 7.2 7.2 7.2 7 6.7 7 7.2 7.2 7.2 7.2 7.2 7.2 7.2 7.3 7.8 7.9 7.8 7.6 7.4 7.2 6.9 6.7 6.6 6.5 7.3
8.6 8.5 8.4 8.3 8.2 8.2 8.1 8 7.8 7.6 7.6 7.6 7.6 7.6 8.9 7 7.1 7 7 7 7 7 7.1 7.2 7.3 7.4 7.5 7.6 7.7 7.8 7.9 7.9 7.9 7.9 7.8 7.8 7.7 7.7 7.6 7.6 7.5 7.4 7.4 7.3 7.2 7.2 7.1 7 7 6.9 6.9 6.9 6.9 6.9 7 7 7 7 7 7 7.1 7.1 7.1 7.1 7.1 7.1 7.2 7.2 7.2 7.2 7.2 7.3 7.3 7.3 7.3 7 7.2 7.3 7.3 7.3 7.3 7.3 7.3 7.7 8 7.9 7.9 7.8 7.5 7.3 7.1 6.8 6.6 6.4 7.1 7.3
8.6 8.5 8.4 8.3 8.2 8.2 8.1 8 7.9 7.7 7.6 7.6 7.6 7.7 7.8 7 6.9 6.9 6.9 6.9 6.9 7 7.1 7.2 7.3 7.4 7.5 7.5 7.6 7.7 7.8 7.9 7.9 7.9 7.9 7.8 7.8 7.7 7.7 7.6 7.6 7.5 7.5 7.4 7.3 7.3 7.2 7.1 7 7 6.9 6.8 6.8 6.8 6.8 6.8 6.9 6.9 6.9 6.9 7 7.2 7.2 7.2 7.2 7.2 7.2 7.2 7.3 7.3 7.3 7.3 7.4 7.4 7.4 7.2 7.4 7.4 7.4 7.4 7.4 7.8 7.9 7.9 7.9 7.9 7.9 7.7 7.5 7.2 7 6.8 6.7 6.8 7.3 7.4
8.6 8.5 8.4 8.3 8.2 8.2 8.1 8 7.9 7.8 7.7 7.6 7.6 7.5 7 6.8 6.8 6.8 6.8 6.8 6.9 7 7 7.1 7.2 7.3 7.4 7.5 7.6 7.7 7.8 7.9 7.9 7.9 7.9 7.9 7.8 7.8 7.7 7.7 7.6 7.6 7.5 7.5 7.4 7.3 7.3 7.2 7.1 7.1 7 6.9 6.9 6.8 6.7 6.7 6.7 6.7 6.8 6.8 6.9 7.1 7.2 7.2 7.3 7.3 7.3 7.3 7.3 7.4 7.4 7.4 7.4 7.5 7.5 7.4 7.5 7.5 7.6 7.8 7.8 7.8 7.8 7.8 7.8 7.8 7.8 7.6 7.4 7.3 7.1 7.1 7.2 7.3 7.3 7.6
8.6 8.5 8.4 8.3 8.2 8.2 8.1 8 7.9 7.8 7.7 7.7 7.6 7.5 7.2 6.8 6.7 6.7 6.7 6.7 6.8 6.9 7 7.1 7.2 7.3 7.4 7.5 7.6 7.7 7.8 7.9 7.9 7.9 7.9 7.9 7.9 7.9 7.8 7.8 7.7 7.7 7.6 7.5 7.5 7.4 7.3 7.3 7.2 7.1 7.1 7 6.9 6.9 6.8 6.7 6.7 6.6 6.6 6.6 6.8 7 7.2 7.3 7.3 7.3 7.4 7.4 7.4 7.4 7.5 7.5 7.5 7.6 7.6 7.6 7.6 7.7 7.7 7.7 7.7 7.7 7.7 7.8 7.8 7.8 7.8 7.7 7.5 7.4 7.4 7.5 7.6 7.7 7.8 7.8
8.6 8.5 8.4 8.3 8.2 8.2 8.1 8 7.9 7.8 7.7 7.7 7.5 7.4 7.3 7.1 6.9 6.8 6.6 6.7 6.8 6.9 7 7.1 7.2 7.3 7.4 7.5 7.6 7.7 7.7 7.9 7.9 7.9 7.9 7.9 7.9 7.9 7.9 7.8 7.8 7.7 7.7 7.6 7.6 7.5 7.4 7.4 7.3 7.2 7.2 7.1 7 7 6.9 6.8 6.8 6.7 6.6 6.5 6.7 6.9 7.1 7.3 7.4 7.4 7.4 7.4 7.4 7.4 7.4 7.4 7.4 7.4 7.5 7.5 7.6 7.6 7.6 7.7 7.7 7.7 7.7 7.8 7.8 7.8 7.8 7.8 7.7 7.8 7.9 7.9 7.9 7.9 7.8 7.7
