webserver/python/data/SE58.asc
ncols 200
nrows 200
xllcorner 450000
yllcorner 480000
cellsize 50
[rows 35 to 69 of 200, columns 79 to 157 of 200]
241 240.6 240.4 240.2 240.3 240.6 240.7 240.7 240.6 240.5 240.5 240.6 240.8 241 241.3 241.6 241.9 242.6 242.8 242.8 242.6 241.5 239.7 236 232.7 226.8 219.9 206.4 189.6 173.3 158 148 142.3 137 134.7 132.1 126.2 118.5 109.2 101.1 93 91.6 93.1 106.8 115.2 121.5 128.4 135.6 142.7 149.9 160 178.5 195.9 212.9 216 217.9 219.5 221.1 223.1 225.1 226.4 227.8 228.5 228.7 228.8 228.2 227 225.5 224.1 221.2 217.7 223.5 225.2 227 228.5 228.4 228.6 228.1 227.7
240.8 239.8 239.1 238.6 238.6 238.7 238.9 239.1 239.1 239 239 239 239.2 239.5 239.7 240 240.5 240.9 241.1 241.2 241.4 241.7 241 239.3 236.3 232.6 226.6 219.7 205.2 189.2 173.6 158.4 147.4 143 140.2 136.5 130.8 123.7 112 102.8 92.5 91.7 92.1 96.5 107.8 116.7 125.1 132.3 139.5 145.9 153.8 169.8 186 200.3 209.1 211.2 213.1 217.2 219.8 222.3 223.6 225.1 225.9 226.1 226.4 226.5 225.1 223.8 222.5 220.3 213.3 220.8 222.7 224.4 225.6 224.9 224.9 225 225.3
240.9 240 238.8 238.2 236.6 236.7 236.9 237.1 237.2 237.4 237.5 237.5 237.6 237.9 238.2 238.4 238.8 239.2 239.5 239.5 239.9 240.3 240.5 240.1 238.7 236.6 234 227.6 218.7 204 188.6 172.6 156.4 147.2 143.4 139.6 134.9 128.8 118.8 110.7 100 91 92.7 93.7 103 112.6 121.6 128.9 135.2 141.4 149.3 161.2 174.7 185.7 194.7 197.3 205.3 213.4 216.3 219.2 221 222.5 223.7 224.3 224.8 225.5 224.1 222.7 220.7 218.1 211.3 216.9 220.3 221.5 222.5 222.1 221.6 221.8 222.8
241.3 240 238.8 237.5 235.5 234.7 234.9 235.1 235.1 234.9 235.4 235.8 236.1 236.3 236.5 236.7 237.1 237.5 237.8 238 238.4 238.6 238.8 239 238.6 237.8 236.4 234.2 227.4 216.9 202.2 186.2 169.8 152.7 146.4 142.6 138.8 133.9 127.3 116.1 106.7 98.8 92.3 93.1 94.7 106.2 117 124.2 130 135.9 143.3 151.4 160.9 168.7 173.3 175.2 192 208.4 213.1 216.8 218.9 220.8 222.3 222.9 224 224.3 223.4 221.8 219.7 216.3 210.3 212.7 217.4 218.6 219.3 219.3 218.4 218.5 220.1
241.4 240 238.9 236.9 234.9 232.8 232.9 233.1 232.7 232.5 232.9 233.4 233.9 234.3 234.7 234.9 235.3 235.8 236.2 236.4 236.6 236.8 237 237.2 237.4 237.1 236.5 235.1 233.1 225.8 215.3 199.5 182.5 165.4 149.3 145.7 142 137.7 131.9 123 113.8 106.6 93 91.2 91.8 102.3 110.3 118.3 124.1 129.7 135.3 142.5 147.8 148.9 149.9 163.8 180.7 197.3 209.1 213.7 216.9 219.2 221.5 222.4 223.3 223.2 222.6 220.8 218.6 215.2 211.1 208.3 214.3 215.3 216.1 216.6 215.2 215.2 217.3
241.3 239.9 238.5 236.4 234.3 232.2 230.9 230.8 230.1 229.7 230.3 231 231.5 231.9 232.4 232.9 233.5 233.9 234.3 234.8 235.2 235.4 235.6 235.8 236 235.9 235.6 234.6 233.6 231 223.7 211.6 195 178.2 161.9 148.7 144.7 140.2 134.6 126.3 114.1 103.9 98 89.2 90.7 96 102.7 110.3 116.7 122.6 127.9 132.4 135.7 137.2 141.9 158.3 174.7 189.2 203.2 210 214.2 217.3 219.9 221.5 222.2 222.3 221.5 220.4 218.7 216.1 211.8 203.2 210.2 212.5 213.4 213.8 212.6 211.7 214
240.3 239.2 238 236.1 233.9 231.8 229.7 228 227.3 226.9 227.3 228 228.7 229.4 230.2 230.9 231.4 231.9 232.3 232.7 233.2 233.7 234.2 234.5 234.7 234.6 234.3 234 233 231.2 229.3 221.1 205.2 190.5 174.9 159.5 147 142.1 136.1 127.3 116.4 111.2 107.8 98.9 92.2 91.8 93.7 103 109.2 114.6 119.6 123.3 124.9 125.2 139.7 153.5 168.8 182.3 197.3 206.2 210.5 214.3 217.3 219.1 220.6 220.9 220.3 219.8 218.2 216.3 213.2 206.3 205.3 209.3 210.9 211 210 208.8 210.8
239.4 238.1 236.7 235.3 233.7 231.6 229.4 226.6 224.7 223.9 224.2 225.1 225.9 226.4 227.3 228.1 228.8 229.6 230.4 230.7 231.1 231.6 232.1 232.6 233.1 233.3 233 232.7 232 230.9 229.5 227.7 216.3 202.6 187.6 172.2 157.6 144.8 139.7 133.9 128.9 121.8 118.3 110.8 95 91.9 90.9 92.6 100.8 106.2 110.7 114.7 117.2 121.5 133.2 148.8 161 174.2 187.9 200.6 206.4 210.9 214.3 216.6 218.1 218.9 219.2 218.6 217.7 216.2 213.7 209.9 201.5 203.9 207.6 208.6 207.7 206.3 207.9
238.3 237.1 235.8 234.5 233.2 231.4 229.3 226.8 223 219.3 219.4 220.8 222.7 223.1 224.4 225.2 226 227 227.8 228.7 229.1 229.6 230.1 230.6 231.2 231.4 231.5 231.4 230.8 229.9 228.6 227.5 223.2 213.2 200.6 185.1 170.3 155.6 143.1 141.3 137 131.5 125.8 119.9 107.1 92.6 92.4 91.9 91.9 97.9 102.4 104.8 108.4 116.9 125.7 139.3 151.8 162.7 177.1 190.3 200.4 205.6 210.7 213.9 215.8 217 217 217 216.6 215.5 214.1 210.8 206.7 197.7 202.5 205.2 205.2 204.1 205.6
237.5 236.3 235 233.7 232.4 231.2 229.1 227 223.8 219.3 213.2 215.5 218.7 219.8 221.6 222.4 223.4 224.3 225.2 226 226.9 227.5 228 228.6 229.3 229.4 229.5 229.5 229.4 228.9 227.7 226.8 224.7 219.3 209.5 197.3 183.4 169 155.7 147.2 143.7 138.1 133.6 126.3 118.3 110.6 96.2 94.1 93.3 92.5 94.8 96.9 101.3 108.6 116.9 128.4 140.8 152.9 165.4 179.3 193.7 201.3 207 210.7 213.3 214.9 215.6 215.6 215.5 214.6 213.6 211.9 209 204.2 194.2 200.6 201.9 201.3 203.5
236.1 235.4 234.2 232.9 231.7 230.4 228.9 226.8 224.9 222.1 217.9 200.4 205 213.5 218.8 220.3 221.2 221.4 222.3 223.2 224.1 225 225.9 226.5 227.1 227.5 227.6 227.5 227.4 227.1 226.6 225.7 224.1 221.8 216.6 208.2 197.2 183.8 171.5 160.4 151.3 144.6 138.6 134.5 129 124.3 116.7 105.9 95.7 93 91 92 93.5 98.3 106.5 117.8 129.7 141.5 152.6 167.3 181.9 195.5 202.8 207.2 210.5 212.7 213.5 214.3 214.1 213.5 212.6 211.5 209.9 207.3 201 191.2 197.1 198.2 201.2
234.4 233.8 233.2 232 230.7 229.4 228.1 226.6 224.8 222.8 219.8 207.8 179.1 197.3 216.6 218.7 219.1 218.8 219 220 221 221.9 222.9 223.7 224.5 225.2 225.4 225.2 225 224.7 224.5 224 223 221.8 219.8 215.5 207.2 198.2 185.2 173.8 163.3 159.4 152.1 140.6 136.9 131.5 127.2 122.7 113.1 99.6 87.8 88.3 89.3 88 97.3 108.2 120 130.5 142.1 155.7 170.6 186.1 197.6 203.8 207.1 210.7 212 212.4 212.9 212.5 211.5 210.6 209.5 207.6 204.8 198.3 187.3 194 198.1
232.4 231.9 231.6 230.7 229.6 228.3 227 225.7 224.2 222.3 220.3 215.7 189.8 172.1 202.8 216.1 216.9 216.6 216.1 216.6 217.6 218.9 219.9 220.7 221.7 222.3 222.7 222.8 222.6 222.1 221.6 220.9 220.7 220.1 218.6 216.8 212.7 206.7 197.2 186.3 173 169 164.4 157.5 144 139.7 135.2 130.4 124.8 115.6 103.8 93.6 85.8 87.9 87.5 97.3 109.5 121.7 134.5 146.2 159.5 175.8 192 199.6 205 208.5 210.2 211.1 211.9 211.6 210.7 210 209.2 207.5 205.4 202.9 197.5 185.2 191.8
230.5 230.4 229.9 229.1 228.2 227.1 225.7 224.1 222.5 220.7 218.8 216 192.9 165 185.3 208.7 213.5 212.4 210.6 211.8 214 215.6 216.7 217.8 218.8 219.4 219.7 219.7 219.5 219 218.1 217.5 217.3 217.2 216.4 215.3 212.9 209.4 206 197.8 186.8 179.2 173.8 167.2 160.3 149.3 143.3 137.8 131.3 123.6 114.8 105.6 96.9 86.5 88.2 87.2 98.4 111 125 139.6 148.6 166.1 183.2 195.4 202.6 206.6 209 210.1 210.8 210.8 210.2 209.6 208.8 207.6 205.6 203.9 201.5 196.7 185.1
228.7 228.8 228.2 227.4 226.7 225.1 223.5 221.9 220.2 218.6 216.5 207 186.8 159.4 171.4 198.7 207.3 201.9 200.6 205.4 208 209.9 210.7 212.5 214.8 216.3 216.3 216.1 216.2 215.5 214.5 214 213.9 213.2 212.5 211.9 210 207.9 205.8 203.7 201.2 189 182.1 175.4 168.8 163.4 154.2 145.1 137.2 129.6 120.9 112.5 104 96 87.5 87.8 87.7 99.9 115.6 131.2 144 156.2 175.3 191.9 199.6 204.6 207.3 208.8 209.3 209.6 209.2 208.6 207.9 207.2 205.9 204.4 202.4 200.1 197.2
226.1 226.3 226.6 225.9 225 223.2 221.4 219.7 217.8 211.2 201 191 176.4 154.9 153.8 187.2 196.8 190.4 192.3 196.4 200.3 201.5 202.9 205.9 209 212.3 212.6 212.4 211.9 211.6 211 210.4 209.4 208.1 207.5 206.5 205 203.7 202 200.7 199.1 194.6 188.6 181.4 175.3 170.3 168.6 158.3 145.1 136 125.5 116.7 108.7 101.3 92.7 87.6 88.5 88.7 105 123.5 138.3 149.9 168.1 187.8 196.7 202.1 205.1 207 207.7 208 208 207.4 206.7 206.1 205.5 204.5 203.1 201.2 198.8
223.1 223.8 224.6 224.2 223.5 221.3 218.8 209.2 199.2 190 179.6 169.8 156.9 150.3 148 168.7 179.5 172.1 178.6 187.6 190.6 192.4 194.2 197.2 203.2 207 208.1 207.8 206.8 205.7 205.2 204.1 202.8 201.4 200.2 198.9 197.8 196.6 195.4 194.1 193.9 193.2 191.3 186 179.9 175 171.3 165.3 157.2 145.3 129.6 119.7 111.3 104.5 98.3 92.4 87.7 88.8 88.9 115.1 132.5 146.9 161 180.7 192.3 199.7 203.3 205.2 206.1 206.4 206.7 206.4 205.9 205.3 204.8 203.6 202.4 201.3 200.1
219.8 220.5 221.8 221.5 220.8 218.7 208.2 190.8 177.3 159.2 151.4 147.2 143.8 143.2 141.9 149.4 158.2 153.9 164.8 174.1 178.5 181.9 184.7 190.1 196.4 201 202.3 201.4 199.7 198.6 197.7 196.3 193.9 191.6 190.6 190.8 188.7 186.2 185.6 185.5 185.4 186 185.9 185 181.1 177.5 173.6 167.8 161.3 151.5 135.1 122.3 114.1 107.4 101.1 96 90.6 88.2 87.8 105.2 124 141.8 158.4 175.8 190.3 197.2 201.4 203.4 204.6 204.8 205 205.3 204.8 204.4 203.9 203.2 202.2 201.1 199.9
203 202.6 211.8 213.6 210.2 201.8 188.2 174 156.7 154.4 159.7 157.6 156.4 153 148.6 141.2 135.6 140 149.1 158.6 164.6 169.2 172.7 181.7 188.7 193.5 194.9 193.1 191.2 189.8 189 186.5 183.5 180.5 178.9 177.4 175.2 173.3 172 171.4 172.1 172.5 173.9 174.5 173.6 172.9 170.7 166 159.2 151.2 136.7 123.5 115.1 108.3 103.2 97.3 92.2 87.9 87.6 98.5 118.7 137.5 155.7 173.6 189.6 195.7 199.8 202.1 203.4 203.6 203.8 204 203.9 203.4 203 202.3 201.5 200.8 199.7
221 204 185.6 185.5 183.9 175.5 164.2 164.2 178.9 184.9 185.3 182.2 177.7 171.7 166.7 159.5 145.1 134.7 129.9 141.7 148.7 155.7 161.3 171.6 178.7 182.4 183.2 183 181 179.6 178.4 176.3 173.5 170.6 166.7 163.9 162.3 160.3 158.8 157.5 157.1 157.7 158.7 157.8 158.7 159.8 159.8 158 153.7 146.3 135.6 124.6 115.9 109.8 105.1 99.4 92.5 87.7 87.6 96.3 116.6 135.5 154 171.8 188.4 194.7 199.1 201.2 202.4 202.6 202.8 203 203 202.5 202.1 201.4 200.6 199.9 199.1
224.1 221.3 217.5 200.3 187.4 183.9 186.2 193.3 203.1 213.2 209.2 205 198.2 187.8 181.1 174.3 164.8 147.6 138.5 126.6 133.4 143.5 152.6 160.3 165.5 169.4 170 170.6 167.8 166.2 165.8 163.7 163.4 161.2 157.3 150.5 148.1 147.7 146.2 143.9 143.1 142.9 141.5 141.8 142.3 144.7 145.1 143.5 143.7 139.9 132.8 123.9 116.8 111.7 107.1 100.9 93 87.6 87.5 94.7 115.1 133.9 152.6 170.9 186.2 194 198.7 200.4 201.4 201.6 201.8 202 202.1 201.6 201.1 200.4 199.7 198.9 198.1
225.3 224 221.8 219.6 218.2 215.3 215.8 213.1 211.8 211.8 209.9 207.4 204 198.9 190.8 183.4 175.6 163.8 148.1 139 126.5 131.6 141.5 148.5 151 152.8 154 155.6 154.6 152.5 149.8 148.7 147.8 146.5 141 136 132.3 130.6 129.1 127.6 126 125.2 124.5 125.4 126 128.2 128.5 130.2 134.3 130.3 125.9 120.3 114.6 111.8 108.4 101.4 92.7 87.7 87.7 93.8 113.6 132.5 151.3 169.8 184.6 194.7 198.3 199.9 200.5 200.6 200.8 201 201.1 200.7 200.2 199.4 198.6 197.9 197.1
226.1 224.9 223.3 221.4 219.3 217.3 215.4 213.8 212.6 210.6 208.8 206.8 204.5 201.4 197.9 191.1 181.4 171.8 158.5 143.8 133.5 121.5 128.2 135.8 139.4 140.3 139.6 139.5 138.7 135.6 132.5 130.8 130.7 129.1 124.9 120.3 114.6 111.9 111.4 108.9 107.1 106.4 106.1 106.8 107.8 110.8 113.3 115 117.1 115.1 113.5 112.3 109.6 108.2 107.4 104 92.4 88.3 87.3 93.1 113.4 132.5 151.3 169.1 185.1 194.4 197.8 199.1 199.6 199.7 199.8 200 200.1 199.8 199.2 198.4 197.6 196.9 196.1
223.8 222.5 221.4 219.4 217.8 216.2 214 212.3 210.7 208.9 207.1 205.3 202.3 200.2 197.1 194 183.1 174 165.7 156.4 141.2 127.2 119.4 119.2 124 126.2 126.5 123.9 121.1 117.6 114.9 110.8 110.4 109.5 110.8 114 115.3 116.9 117.7 117.3 114.7 111.7 107.6 104 101.4 99 98.1 96.9 99.8 101 100.5 98.7 101.2 103 104 102.6 91.6 87.2 86.9 91.5 112.5 132.4 150.9 169.4 186.4 193.3 196.7 198.2 198.8 198.8 198.9 199 199.1 198.9 198.1 197.4 196.6 195.9 195.2
219.9 217.7 216.8 215.2 213.4 211.7 209.8 208.7 207 205.4 203.5 201.4 198.8 195.7 192.5 187.6 180.3 171.5 163.4 155 146.1 133.4 121.8 116.3 115.1 114.9 121.1 124.6 126.6 127.8 128.6 129.8 129.7 131.6 132.7 133.8 135.7 136.6 137.3 136.7 133.7 129.9 125.9 120.7 115.2 110.6 107.3 103.3 100.2 95.8 94.1 92.7 92.9 92.7 97 100 90.7 87.2 86.5 90.8 112.6 132.9 152.8 171.8 188.6 193.3 195.8 197.5 197.9 198 198.1 198.2 198.2 197.9 197.2 196.4 195.6 195 194.3
214.8 212.5 210.1 207.9 205.6 203.8 204.2 202.1 200.9 201.6 199.5 196.5 193.7 189.8 183.9 177.9 171.3 164.7 159 152.6 140.9 129.3 119.7 119.3 129 134.8 139.7 142 143.7 146.8 149.1 151.1 151.6 151.9 152.3 152.7 153.7 154.3 155.4 154.4 151 146.3 142.4 135.6 130.7 126.4 122.3 116 112 108.8 105.8 99.1 92.8 90.9 88.7 90.3 88.3 86.7 86.4 91.3 113.8 135.1 155 174.7 192 194.1 195.9 197.1 197.4 197.4 197.5 197.5 197.6 197.2 196.6 195.9 195.1 194 193.4
207.9 203.6 198.2 191.9 186.9 182.2 181.3 182.5 184.1 188.8 191.7 190.3 187.2 181 174.6 168.2 162.1 157.6 152.6 141 130.1 120.8 126.8 135.1 143.3 152.6 159.7 161 163.8 168.2 169.2 169.5 169.2 168.6 168.7 168.8 170.8 171.2 170.8 170.9 169.7 166.2 162.7 156.8 149.7 142.9 136 127.6 122.6 119.6 115.8 109.4 101.3 91 89.6 88.3 87.4 86.9 86.4 92.6 116.8 138.7 159.5 177.6 192.8 194.1 195.7 196.7 196.9 196.9 196.9 196.9 196.9 196.4 195.9 195.4 194.6 193.5 192.4
194.2 187.8 180.4 173 164 162.5 163.5 165.1 165.3 164.1 169.7 176.2 173.3 170.6 165.3 159.2 154.1 150.8 140.9 128.2 122.3 130.4 139.4 148.1 162.2 170.4 175.3 177.6 180 182.9 185 185.5 185.2 183.1 184.5 184.9 185.2 183.6 184.9 184 183 183.1 179.7 176.5 170.9 163.1 156.3 147.7 139.7 130.3 121.4 113 106.4 99.6 91.3 88.8 87.7 86.7 85.3 96.2 119.3 141.8 164.2 182.4 192.8 193.2 194.6 195.8 196.4 196.3 196.4 196.3 196 195.5 195 194.5 194 193.1 192
176.7 170.3 163.7 157.2 152.6 150 150.9 152.7 154.1 154.7 157.7 158.8 159.6 160.8 156.9 149.8 144.4 138.2 127.8 123.2 134.3 142.3 154.2 166.5 176.4 184.8 189 191.6 194 194.4 194.6 195 194 193.3 192.2 191.1 189.4 188.4 187.7 187 186.4 185.4 183.9 181.9 179.4 175.7 170.3 163.6 154.9 145.3 131.8 117.9 110.8 105.8 99.2 89 88 87.2 84.9 97.6 120.8 143.2 164.9 182.3 188.4 191.5 193.5 194.5 195 195.4 195.5 195.4 195.1 194.6 194.1 193.7 193.4 192.7 191.7
167.3 161.5 155.2 147.9 143.5 140.4 140.1 140.8 141 142.9 145.3 147.1 147.8 147.4 144.9 139.9 132.2 126.2 127 137 146.2 162.4 172.6 182.2 190.7 198.7 197.7 197.5 197.3 196.6 196.1 195.5 194.7 194.3 193.5 192.6 191.6 190.4 189.2 188.3 187.5 186.4 184.9 182.8 180.3 177.6 172.9 165.6 156.9 147.2 136 122.5 113.8 110.1 101.6 93.5 88.4 86.7 87.5 99.1 120.1 141.7 162.1 180.7 188.3 191 192.1 193 193.7 193.9 194.2 194.5 194.2 193.8 193.5 193.2 192.9 192.1 191.3
156.7 153.4 148.5 143.3 142.4 147 144.6 141.8 138.6 136.6 135.9 135.4 135.3 134.9 133.3 129.8 128.2 136 145 158.8 168.3 178.9 190.2 201.5 201.1 200.1 198.7 198 197.7 196.6 196.1 195.4 194.7 194 193.2 192.6 192.1 190.9 189.6 188.3 187.4 186.1 184.3 182.4 179.8 176.1 171.6 164.9 155.3 143.8 132.7 120.8 110.9 103.8 95.7 88.1 87.4 89 94.4 109.1 121.7 133.4 153.5 172.6 187.1 189.8 190.9 191.7 192.4 192.8 193 193.3 193.4 193.2 192.9 192.6 192.3 191.6 190.7
148.6 145.8 141.5 150 160.3 160.8 159.4 155.5 151.8 148.5 145.8 143.9 142.5 141.5 141.8 142.7 145.5 158.2 167.8 177.7 186.5 201.9 203.1 202.4 201.9 200.8 199.7 198.5 197.9 196.7 195.7 194.8 194.1 193.4 192.6 191.8 191.1 190.2 188.9 187.5 186.5 185.5 183.7 181.7 178.7 174 169.2 162.5 151.8 139.5 126.7 115.1 105.3 94.8 86.4 87 86.9 91.5 102.7 119.3 133.1 145.7 153.6 160.9 179.2 188 189.7 190.4 191.1 191.7 192 192.3 192.4 192.3 192.1 191.8 191.6 191 190.1
147.9 157.1 163.7 170.9 175.9 176.4 174.6 171 166.7 162.9 159.8 158.1 158.1 158.7 159.3 160.4 162.8 177.1 187.7 199.2 204.5 204.3 203.7 203 201.9 200.7 199.9 199 197.5 196.1 195.1 194.3 193.5 192.7 192 191.2 190.2 189 187.8 186.4 185.6 184.3 182.7 180.6 177.6 172.4 166.8 159.4 146.3 132.5 120.1 108.4 96.5 86.7 86.9 87.2 87.1 94.3 113 128.4 143.6 157.6 167.1 173 172.9 185.7 188.2 189 189.7 190.4 191 191.2 191.4 191.4 191.2 190.9 190.8 190.4 189.6
172.3 176.7 182.6 188.4 192.5 193 190.2 186.2 181.8 178.4 174.1 173.5 173 174.3 174.9 176.8 181.2 196.4 206.4 205.8 205.5 204.9 203.9 202.7 201.6 200.5 199.4 198.3 196.8 195.5 194.5 193.7 192.8 191.7 190.7 189.6 188.5 186.8 185.7 184 183.5 183 181.5 179.5 176.5 171.9 165.5 156.3 138.3 123.6 111.5 102.6 86.5 86.9 87.2 87.7 93.1 101.5 122.6 139.6 155 169.5 180.5 183.6 184.7 183.9 187.1 188.2 188.6 189.1 189.8 190.2 190.4 190.5 190.3 190.1 190 189.7 189
191.1 193.6 198.8 204.3 208.7 207 204.1 201.8 199 196.2 193.1 189.9 190.7 192 197.3 201.4 209.5 208.7 208.2 207.6 206.1 204.8 203.6 202.2 200.8 199.6 198.4 197.2 196.1 194.9 193.9 193.3 191.6 190 189 187.9 186.2 184.7 179 170.6 173.9 180.8 180.1 178 175 169.7 160.5 145.7 125.4 116.5 105.8 92.7 86.7 86.6 86.8 90.3 94.3 116.2 133.3 151.3 166.6 181 182.3 183.9 185.1 186.4 186.1 187.4 187.9 188.3 188.6 189.1 189.3 189.4 189.4 189.3 189.3 189 188.3
