webserver/python/data/SE69.asc
ncols 200
nrows 200
xllcorner 460000
yllcorner 490000
cellsize 50
[rows 70 to 104 of 200, columns 0 to 77 of 200]
336.5 340.8 345.1 349.6 354.6 359.6 364.2 367.2 369.4 371.5 373.8 375.4 377.7 379.2 379.5 379.1 378.3 376 372.1 368.5 362.5 354.3 342.7 328.7 312.7 296.6 279.7 262.3 250 239.4 230.7 222.6 216.9 211.2 205.8 200.6 195.9 191.8 187.8 182.8 208.4 213.6 218.8 225.3 231.7 238.7 248 257.7 274 289.5 299.8 299.6 296.6 296.7 296.2 297.3 298.8 301.3 304.9 308.5 312.6 316.3 318.5 320.7 322.9 325.6 329.9 334.6 341 343.5 342.9 338.9 331.4 323.6 317.5 313.2 310.5 308.1
334.9 338.5 342.7 348.1 353.7 358.3 361.6 364.2 365.6 366.6 369.1 371.7 373.6 374.8 375.5 376.1 375.7 374 371 367.4 361.2 353.4 341.9 329.1 312 292.9 273.5 256.8 244.8 235.9 228.3 222.3 216.5 210.7 205.3 200.3 195.4 190.6 187 187 206.1 212.3 218.3 224.7 232 240 248.9 260.2 276.2 294 303.2 300.4 296.1 295.2 294.7 295 296.4 299.7 303.3 306.9 310.9 314.7 316.9 319 321.6 324.9 329.8 335.8 341.5 344.7 344.1 339.8 332.5 323.6 315.5 310.7 308 305.3
333.9 337.5 341.5 346.7 352.5 354.8 358.2 360.7 361.5 362.4 364 366.6 369.3 370.6 371.3 372 372.4 372 370.3 367 361.2 353.2 342.3 330.6 315.8 298.1 280 260.3 245.5 236.7 228.7 221.6 215.8 210.1 204.8 199.5 194.2 189.1 181.2 197.4 204.9 210.1 215.3 223.1 230.8 240.4 249.8 260.2 278.4 297 302.5 297.9 295.1 293.8 292.8 292.6 293.9 296.8 300.2 304.2 309.5 313.5 315.6 317.8 320.1 323.5 329.7 337.3 342.6 344.4 344.6 341.2 333.3 325 315.1 309.5 305.9 303.2
332.3 336.3 340.9 346 350.8 352.5 354.5 357 357.8 358.6 359.3 361.8 364.5 366.3 367.2 367.8 368.7 369.9 369.1 366.2 361.4 353.4 344 332.8 319.1 304.9 282.9 263.3 250.8 239.7 230.8 222.9 215.9 209.7 204.2 198.9 193.7 187.5 179.3 197.2 202.2 206.7 212.7 220.7 230.4 240.1 249.7 261.2 279.4 299.1 301.6 296.8 293.6 291.8 290.9 290.2 291.4 294 297.2 302.4 307.7 312.3 314.5 316.5 318.5 322.1 329.2 338.8 343.1 344.5 344.3 342.3 335.5 326.2 315.3 307.9 304 300.9
330.8 335.5 341 345.9 348.5 350.1 351.6 353.2 354.1 354.7 355 356.3 358.5 360.8 363 364.4 365.7 367.1 367.3 365.8 362.4 355.1 347.4 336.6 323.3 306.4 289.3 272.5 255 242.8 234 226 217.9 210.8 204.1 198.4 193.4 188 181.9 195.3 199.5 204.1 210.3 219.2 229.5 239.7 249.8 263.6 280.4 300.7 300.8 295.5 292.3 289.7 288.4 287.9 288.9 291.3 295.5 301 306.5 311.1 313.3 315.2 317 320.8 328.5 339.1 343.1 344.2 344.1 342.3 337.1 326.7 315.3 306.9 302 298.2
330 335 340.4 344.2 344.8 345.9 347.3 349 349.7 350 350.3 351.3 353.3 357.2 359.9 361.6 363 364.5 365.9 364.7 362.3 357.7 350.7 340.2 327.2 312.6 297.3 281.7 267.5 249.2 239.3 229.2 220.2 212.5 205.4 198.5 193.6 187.9 178.1 192.3 197.2 203.2 210.6 218.8 228.7 239.5 250.1 266.8 282.2 302.7 299.7 294.3 290.8 287.3 286 285.3 286.2 289.1 293.8 299.5 305.2 309 311.5 313.3 315.2 319.4 328.2 338.6 342.3 343.2 343.1 341.6 337.4 328.1 315.8 306.4 300.6 294.6
328.4 333.6 336.7 339.9 340.5 341.5 343 344.5 344.9 345.2 345.6 346.3 348.1 351.9 356.2 358.9 360.4 361.9 363.5 363.8 362.3 359.4 352.9 343.6 330.2 316.9 303.7 291.1 275.2 258.8 244.1 232.1 222.6 214 207 199.7 193.9 188.4 179.9 190.4 197.1 204.2 211.2 218.8 227.8 239.2 252.5 270.4 285.8 301.7 297 292.9 288.8 285.2 283.4 282.7 283.3 286.9 291.9 298.9 303.4 306.7 309.3 311.1 313.5 318.2 328.2 337.7 340.9 341.7 342.2 340.7 336.9 329.3 316.6 305.6 299.4 290.7
327.6 331.4 333.8 335.2 335.9 337 338.5 339.6 340.1 340.4 340.8 341.6 342.8 346.6 351.2 355.9 358.7 360.3 361.7 362.2 361.5 359.2 354.6 346.6 334 322.4 309.2 295.2 279.9 262.5 245.3 233.2 224.2 215.8 208.1 200.8 195 189.2 181.6 189.2 196.4 203.3 210.3 218.3 228.2 238.8 252.2 271.1 289.3 299.5 296.3 291.1 287.3 283.1 280.6 280 280.5 284.8 290.4 297.1 300.8 304.3 306.8 308.7 311.2 316.9 326.8 336 338.9 340.3 340.7 339.4 335.7 328.7 316.3 305.3 297.8 287.1
326.2 329.4 331.1 331.8 332.2 332.7 333.9 335.2 336.3 336.5 336.8 337.5 338.8 342.1 346.9 352.2 355.9 359 360 360.5 360.5 358.7 355.4 349.2 338.3 327.7 314.6 299.2 284.9 267.9 253.1 236.2 224.3 216.8 209.2 201.9 195.8 189.5 182.3 189.5 196.2 202.9 209.5 218.3 228.5 239 252.1 271.6 289.9 297.4 295.4 290.2 286 281.1 278 276.7 277.4 280.4 286.8 294.3 298.8 302.5 304.6 306.4 309.2 315.6 325.3 333.8 336.9 338.3 338.8 337 332.3 326.5 315.9 303.7 296.1 288.2
324.2 326.8 328.5 328.6 329.1 329.6 330.2 331.6 333.1 333.2 333.4 333.8 335.5 338.9 343.3 348.6 353.7 357 358.4 359 359.4 357.5 356 350.4 341.9 333.3 320.9 304.8 290.2 272.9 256.8 240.1 229.1 219.7 211.5 203.4 196.1 189.6 183 188.5 194.9 201.3 207.9 216.4 227.1 239.2 250.5 272.5 288.6 295.4 294.4 290.3 285.1 278.8 275.2 274 274.5 276.3 282.5 289.8 295.6 300 302.4 304 306.3 313 321.8 331.5 334.7 336 335.9 334.3 329.6 323.8 314 303.1 294.9 288.2
321.3 324 326 326 326.1 326.6 327.2 328.2 329.7 329.9 330 330.1 332.3 335.5 340.9 345.8 350.6 354.6 356.8 357.7 358.3 357.1 356 351.5 344.5 337.3 326 310.9 295.3 279.5 262.2 246.7 232.8 221.1 213.1 204.7 196.8 190.2 182.7 185.6 193.2 199.7 206.4 214.2 228 240.7 254.9 273.5 290.3 293.4 293.4 290.6 285.8 276.9 272.2 270.9 271.2 272.7 277 284.3 291.6 296.2 298.6 300.6 302.7 307.7 316.9 328.1 331.8 333.1 333.6 331.8 327.5 321.4 312.5 301.8 294 287.7
317 321.6 323.5 323.8 323.5 323.6 324.3 325.3 326.3 326.8 327 327.4 330.3 333.6 338.5 343 347.4 351.6 354.5 356.2 357.2 357.3 355.7 352.2 346 339.2 330 316.4 300.7 286.1 266.9 251.6 236.9 224.3 214.7 206 197.4 190.1 180.2 182.7 190.3 198.3 205.1 215.9 230.3 244.3 258.4 276.3 290.9 291.1 291.4 291.2 286 276.4 270.2 267.4 267.5 269.4 273 278.9 287.3 292.3 294.9 296.7 298.9 303.4 312.4 322.6 328.1 329.9 330.3 328.9 324.5 319.4 311.1 300.9 292.6 286.7
313.1 319.6 321.1 321.6 321.3 320.9 321.3 322.2 323.1 323.8 324 325.7 328.4 331.9 335.3 339 343.7 348.4 352.8 354.8 355.9 356 355 351.7 346.9 340.8 332.7 319.9 305.5 289.4 271 256.4 237.8 223.6 214.9 206.5 198.1 190.6 182.8 178.9 190.6 197.4 203.9 216 230.2 244.6 257.9 281 288.8 289 289.2 289.4 286.5 276.3 268.5 264.4 264 265.7 268.6 274.7 282.9 288.6 291.5 293.6 295.5 299.5 308 317.2 324.4 326.7 327.3 325.3 321.5 316.6 309.3 300 291.7 285.3
305.6 315.7 318.7 319 318.2 317.4 318 318.9 319.8 320.7 322.3 324.7 326.5 328.4 331.6 336.3 341 346.3 350.2 353.5 354.6 354.6 353.8 351.2 347.5 342 334.1 323.7 309.4 293.1 277.7 259.9 242.5 229.3 218.4 208.4 199.2 191.6 185.4 179.8 190 197.2 202.9 214.9 229 243.1 255.7 279.7 286.3 286.6 286.9 287.2 286.5 276.3 267.6 261.7 260 262.1 264.8 270.5 278.3 284.7 287.9 290.1 292.4 296.3 303.3 313.4 321.7 324.6 324.9 322.6 318.5 313.9 308 299 290.1 283.1
301.5 311.6 314.5 314.9 314.4 313.6 314.5 315.5 316.8 318.8 320.7 322.5 324.1 325.7 327.9 333.3 338.8 343.8 347.7 351.6 352.7 353.1 352.6 350.3 346.8 342.6 335.2 326.8 313.5 296.7 281.5 263 247.6 232.2 217 206.4 199.5 192.2 185.9 179.6 184.6 195.6 201.7 214.3 227.9 241.4 253.5 276.8 283.1 283.9 284.4 284.8 285.1 275.8 267 260.2 256.6 258.2 261.5 266.4 273.9 280.9 284.3 286.8 289.5 293.2 300.4 310.2 318.8 322.1 322.6 320.5 316.8 312.4 306.7 298.4 289.2 281.7
304.5 301.9 308 310.2 310 309.7 310.5 312.4 313.9 316 318.5 320.2 321.6 322.7 324.8 329.5 334.7 339.7 344.5 348.8 350.9 351.5 351 348.8 345.6 341.9 334.4 327.1 315.7 301.2 285.7 269.3 248.6 234.2 221.1 209.8 200.6 192.7 186.4 179.9 182.4 193 199.9 211.9 225.8 239.2 251.7 273.9 279.8 280.6 281.3 282.1 281.5 275.1 266.3 258.7 253.6 254.5 258.4 263.7 271 277.8 281.1 283.6 286.6 290.2 297.5 307.4 316.6 320.3 321.1 319.8 316 311.6 306.7 298.8 289 280.6
306.9 296.3 300 303.8 305 304.9 306.4 308.2 310.5 313.2 316.2 317.4 318.5 319.7 322.1 325.8 330.1 335.3 340.4 345 349.3 349.9 349.4 347.3 344 340.6 333.1 326.6 316.6 303.3 288.8 274.5 256.5 237.9 224.5 212.3 203.1 193.7 186.7 178.4 178 190.4 197.4 209.1 222.3 235.3 247.6 267.3 276.5 278.6 279.9 281.1 279.5 274.2 265.6 257.4 251.4 250.8 255.3 260.9 267.8 274.7 277.9 280.6 283.9 288.3 295.3 305.2 314.7 318.3 319.6 318.5 315.2 310.8 306 299.2 289.7 280.6
310 301.1 290.9 297.4 299.6 300.2 302 303.8 307.4 310.6 313.4 314.6 315.7 317.2 319.6 322.3 326.1 331.1 336 341.6 346.2 348.5 347.7 345.6 342.3 338.7 331.9 325.5 314.5 304.9 291.4 278.7 263.2 244.4 227.7 214.9 205.4 195.7 188.9 181.3 178 187.2 194.3 203.7 217.4 230.2 242.4 260.3 272.9 275.7 278.3 280.4 278.7 273.3 264.3 255.7 249.5 245.6 252 257.6 264.6 271.9 275.5 278.4 282.3 287 294.2 303.4 312.9 316.6 318.2 317.5 314.7 310.4 305.6 300 291.1 281.6
312.6 304.8 297 290.6 294.2 295.1 296.5 300.2 304.4 308 310.5 311.8 313 314.9 317.5 320 323.2 327.9 332.8 337.9 342.2 345.6 346.1 343.6 339.8 335.9 330.3 324.2 315.1 306 294 284.3 274.1 251.6 234.4 221.2 206.5 197.5 190.6 183.5 174.6 184.9 192.4 198.5 212.3 224.8 237 254 269.4 272.7 275.4 277.5 274.5 270.8 261.9 253.6 246.8 239.2 248.2 254.5 261.5 269.4 273.2 277 281.7 286.1 293.7 303.2 311.1 315 316.8 316.9 314.6 310.7 305.8 300.7 292.9 282.7
316.3 308.9 301.6 294.4 286.5 290 289.6 297.2 300.2 304.6 307.3 308.5 310.1 312.8 315.3 317.9 321.1 325.4 330.7 336 340.3 344.6 344.9 341.4 337.4 333.2 329 324.4 315.5 306.4 298.1 289.6 278.4 254.1 238.4 226.8 211.6 199.6 191.1 184.8 174.3 181.9 190 196.6 207.1 218.6 230.6 246.3 264.9 268.8 270.2 270.3 268.7 266.8 259.7 250.8 243.2 238.5 245.7 251.9 259.1 267.3 271.6 275.1 279.9 285.4 294.3 303.8 310.6 313.5 315.6 316 314.4 310.8 306 300.9 293.2 283.6
320.8 313.4 306 298 291.3 283.7 288 293.2 295.8 298.6 300.9 302.5 307.1 310.8 313.9 317.3 320 324.3 328.9 334.2 338.5 341.8 342.9 339.4 335.6 331.9 328.1 323.5 315.6 308.5 300.9 292.9 282.4 263.3 240.3 234.6 214.5 201.8 193 185.3 173.8 179.3 187.8 194 201.6 209.2 218.3 237 254.4 264.8 265.7 265.5 264.3 261.9 256.8 248 239.3 236.7 243.2 249.8 258.1 266.3 270.2 273.5 278 284.8 293.4 302.3 308.8 312.1 314.2 314.6 313.8 310.3 305.3 300.2 293.4 283.9
325.1 317.5 309.5 301.6 294.9 287.4 283.9 287.5 289.5 290.7 292.6 297.8 304.9 310.3 313.8 317 319.3 322.3 326.9 332.1 335.4 338.4 340.8 339 335.4 331.7 327.2 322.4 314.7 307.6 300.7 293.8 284.4 270.8 242.8 236.3 219.8 203 194.2 186.1 176.2 176.4 184.7 190.4 197.5 205.4 213.8 226.8 243.9 257.7 261.2 261.2 260.1 257.8 252.9 244.4 236.1 234.5 241.4 248.5 256.7 265.1 268.6 271.8 276.1 282.5 291.7 300.7 306.6 310.3 312.3 313 312.6 309.5 304.3 298.7 292.8 284.3
327.8 320.9 313 305.2 297.6 290.2 281.8 282.4 283.9 285.7 290.9 297.6 305.1 310.3 313.8 315.5 317.1 320 324.5 329.8 333.1 336.3 339 338.2 335.2 330.7 325.9 321.1 313.7 306.5 299.7 292.8 283.4 272.8 244.3 234 219.9 204.4 195.5 185.6 175.3 172 182.2 187.9 194.7 201.3 209.6 219.8 236.5 250.1 256.4 258.1 256.4 255 249.6 240.8 231.9 232.9 239.4 246 255.6 263.2 266.6 270 273.9 281 290.7 299.2 304.5 308 309.9 311.2 310.9 307.9 303 296.5 291.2 284.2
330 323.6 316 308.1 300.1 292.5 287 280.1 279.5 284.9 290.2 296.6 304.5 309 311.6 313.1 314.6 317.4 321.4 327.1 330.7 334.2 337 337.6 334.7 330.5 325.4 320.2 313.1 306.2 298.8 291.4 282.2 271.7 246.2 234 218.7 208.2 197.1 185.2 178.9 173 179.1 185.6 191.3 198.2 206.1 215.5 230.9 245.1 253 255 254.5 253.2 248.3 238.5 223.8 231.2 237.4 245 254 260.6 264.3 267.9 272.2 280.5 289.6 297.3 301.8 305.2 307.5 308.6 308 306.1 300.4 294.9 289.6 283.6
330.6 325 317.1 309.4 301.7 294.8 288.8 282.7 276.4 283.1 289.3 296 302.5 306.4 308.8 310.3 311.7 314 317.3 323.1 327.8 331.4 334.6 336.4 334.1 331.2 326 320 312.7 306 299.1 290 280.2 270.4 252.9 233.1 226.8 209.5 198.4 188.5 180.4 168.2 173.3 182 189.3 196.2 202.9 213.8 229.4 243.3 251.6 254 253.7 252.4 247.1 238 220 228.1 235.9 243.8 252 258.3 262 265.5 271.5 279.8 288.8 294.8 299.2 302.6 305 306.2 305.5 303.9 298.8 293.3 287.9 282.8
330.7 325.4 317.9 309.9 301.8 294.6 288.5 282.7 273.3 281.3 288.3 293.7 299.7 303.5 306 307.3 308.8 310.7 314 318.8 325 328.5 331.8 333.8 333.5 330.7 326.7 320 313.7 304.7 297.1 289.9 279.9 268.1 254 234.6 227.5 214.8 201.8 192.1 183 174.7 170.4 180.5 187.8 194.5 202 214.8 229.2 243.7 250.5 252.8 252.7 251 246.5 236.5 217.1 226.7 234.6 242.4 250.1 255.9 260 264.4 270.5 279 287.1 291.6 296.3 299.8 302.6 303.8 302.9 301.5 297.1 291.8 286.5 281.5
330.7 325.6 319.2 311 302.3 294.8 288.5 282.4 276 278.7 285.5 290.8 296.2 300.8 303 304.3 305.9 308 311.3 315.6 321.2 325.5 328.7 331.3 331.5 330.5 327.3 321.9 315.2 304.2 297.9 289.7 279 267.4 255.4 237.3 227 219 204.6 194.3 184.1 174.9 169.9 180 186.8 192.8 199.7 214.1 228.6 243.2 248.8 250.6 249.6 248 243.8 234.4 216.7 224.2 232.9 241 248.2 254.7 259 263.5 270.1 278.8 285.7 290.9 294.3 297.2 300 301.4 300.9 299.3 295.9 290.4 285.1 280.4
330.3 326.2 321.1 313.8 304.9 296.8 289.8 283.6 276.4 276 283.1 288.5 292.4 296.6 300 301.4 303 305.4 309 313.1 317.7 322.5 325.6 328.6 330.4 329.3 327.8 322.4 316.3 307 297.9 290 278.8 267.8 256.1 242.8 232.2 223.1 207.6 195.9 183.8 170.7 169.1 180.5 186.1 191.1 196.9 212 225.8 239.4 245.4 246.6 245.7 243.3 239 232.6 218 220.3 230.9 239.6 247.3 253.8 258.5 263.8 270.6 278.6 285.4 290 293 295.7 298 299.2 299.1 297.8 294.5 288.7 283.6 278.3
331.2 327.1 322.3 316.4 308.1 300 292.6 285.5 278.3 272.2 280.2 285.2 289 292.5 295.9 298.5 300.1 303 306.7 310.7 314.8 319.5 322.5 325.6 328.4 328.7 326.8 322.5 317.3 309.3 300.4 290.3 279.8 268.7 257.6 245.6 236.9 226.4 210.1 196.7 183.9 170.8 168.2 179.3 184.9 189.8 194.2 209.4 223.4 236 240.1 242.1 240.9 238.7 235.3 230 219.9 215.3 228.3 238.3 246.7 253 258.4 263.8 270.6 278.3 284.6 288.2 291.3 293.6 295.8 296.9 297.2 296 292.9 287.6 281.4 275.4
331 328 323.4 318 311.4 304.3 297 288.9 280.3 269 275.3 282.4 285.4 288.6 291.9 295.3 297.7 300.5 304.3 308.4 312.3 316.5 319.5 322.5 325.9 327.2 326.4 323.2 318.3 312.5 303.5 291.4 281.6 271.1 259.8 247.1 238.8 229.7 214.5 198.5 186.8 174.7 166.1 174.5 182.9 187.5 192.1 205.9 220.5 231.9 235.8 237.2 236.7 234.6 231.2 227 219.7 208 227.4 236.8 245.1 251 257.1 262.8 269.4 276.6 282 285.7 288.4 290.4 292.1 293.7 294.6 294.2 291.2 285 278.4 272.5
330.7 327.7 324.3 318.8 314.5 308.9 301.6 294 283.8 273.4 269.3 278 281.2 284.5 287.8 292 295 298 301.9 305.8 309.7 313.5 316.6 319.9 323.3 325.3 324.5 323 319.3 313.8 306.9 296.3 284.5 273.4 262.4 249.9 239.8 230 215.6 202.1 190.6 178.8 165.2 174.2 180.9 185.3 191.1 200.3 215 228.5 231.8 232.8 232.6 231.1 228.4 224.4 217.5 203 224.6 234.4 242.7 248.4 254.5 260.6 267.3 274.2 279 282.9 285.6 287.3 289.1 290.6 291.1 291.8 289.4 283 275.6 270
330.1 327.6 324.7 320.5 316.2 312.1 308.1 301.2 292.1 279.4 264 270.6 275.5 279.5 283.9 288.7 292 295.1 297.8 301.5 305.4 310.2 313.9 316.9 320 322.4 324 322.9 320 315.1 309 300.2 289 277.2 265.8 252.6 240.2 232.6 220.4 206.8 193.9 182.2 167.2 168.9 177.7 184.5 190.2 197.5 210.3 222.2 227.4 228.6 229.2 228 226.3 222.3 214.2 201 219.5 231.4 239.2 245.5 251.4 257.9 264.7 271.6 277 280.3 283.2 285.1 287.1 288.6 289.3 289.6 286.5 280.4 273.5 267.6
329.3 327.2 324.8 321 317.9 315.2 312.2 308.3 300.7 289.3 276.8 264.4 268.6 274.2 279.6 284.7 288.7 292.1 294.7 297.4 300.8 306.3 310.8 313.8 316.5 319.9 322.2 322.7 320.7 316.3 311.1 304.1 293.7 282.5 270.4 256 241.3 234.8 226 208.3 197.8 185.7 173.8 162.9 172.5 180.6 186.7 193.8 205.8 217.6 222.1 224.4 225.3 225 223.3 218.4 208.7 204.1 217.7 227.8 235.3 241.4 248.8 256.2 263.3 269.6 275 278.8 281.7 283.5 284.8 286.3 287.5 287.2 283.7 277.3 270.6 264.5
329.1 327.1 324.7 322.6 320.3 317.4 314.3 311 305.5 297.1 286.5 274.7 262.6 268.7 274.2 279.8 284.9 288.4 291.2 293.9 297.2 302.3 307.3 310.1 313.3 316.7 319.6 321.4 321.2 318.3 312.8 307.2 298.5 288.3 275.3 261 247 236.2 231 218.6 206.4 194.6 181.4 169.9 160.5 171.5 182.2 190.1 200.1 212.5 216.9 219.8 220.9 221.3 219.2 212 199.4 205.5 216.3 225.4 233 239.4 247.1 254.9 261.6 267.6 273 277.3 280.2 281.6 282.2 283.9 285 284.6 280.7 274.4 267.2 261.1
328.3 326.5 325 324.4 322.6 319.6 315.7 311.8 307.8 300.5 291.6 281.4 268.6 263.9 269.5 275.9 280.6 284.3 287.2 290.1 294.5 299 303.3 306.7 310.1 313.5 318 320.7 321 319.9 315.8 310.4 302.9 292.4 280.4 266.8 253.8 240.9 232.8 228.1 218.9 205.4 192.3 181.2 171.9 164.6 171.9 183.9 192.8 203.2 211.2 214.7 216.6 217.4 214.2 205.4 188.2 205.4 214.8 223.4 231.8 238.6 245.5 253.2 259.7 265.2 270.3 274.9 278.5 279.2 279.6 281.2 282.1 281.6 278.4 271.8 264.5 257.6
