webserver/python/data/SE97.asc
ncols 200
nrows 200
xllcorner 490000
yllcorner 470000
cellsize 50
[rows 70 to 104 of 200, columns 78 to 155 of 200]
49.3 49.5 49.2 48.7 48.1 47.6 47.1 46.6 46.1 45.6 45.1 44.6 44.1 43.9 43.8 43.7 43.6 43.4 43.5 44.3 45.2 45.6 46 46 46.1 46.1 46.1 45.7 44.7 44.1 44.6 45.2 45 44.3 43.9 43.6 44.2 44.8 45.2 45.2 45.2 44.7 44.3 44.2 44.1 44.2 43.3 42.3 44.1 44.4 44.6 44.9 45.2 45.4 46.4 47.4 48.2 50 50.5 51.7 52.9 53.6 52.7 51.8 52.9 53 54.2 55.9 55.1 56.6 58.3 60.1 61.7 62.1 63 63 63.2 63.4
50.6 50.5 50.5 50.3 50.2 49.7 49.2 48.7 48.2 47.7 47.1 46.3 45.8 45.5 45.3 45.1 44.8 44.6 45 45.9 46.9 47.6 48.1 47.7 47.8 47.8 47.6 47.1 46.5 46.3 46.7 46.9 46.3 45.5 45.9 45 45.5 46.1 46.7 47.1 47 46.2 45.6 45.4 45.4 45.3 44.5 42.8 44.8 45.1 45.4 45.6 45.9 46 46.9 48.5 49.9 50.8 51.5 52.8 54.4 54.8 54.4 54.7 55.7 54.5 56.4 58.4 59.1 59.4 60.9 62.6 64.4 64.5 65.3 65.9 66.3 66.9
53.6 53.2 52.5 52.4 52.3 51.8 51.3 50.8 50.3 49.9 49.4 48.6 47.5 47 46.7 46.4 46.1 46.4 46.7 48 49.4 50.2 50.2 50 49.5 49.5 49 48.5 48.1 48.5 48.8 48.8 47.9 46.4 46.2 46.7 47.2 47.7 48.2 48.7 48.5 47.8 47.1 46.7 47.2 46.5 45.8 44.4 43.9 45.2 46.1 46.4 46.6 46.6 47.7 49.3 51.1 53.2 53.6 54.8 55.7 56.3 54.9 57.9 58.1 57.1 57.9 61 62.5 62.9 63.5 65.4 66.6 67.7 69 69.7 70.5 71.5
56.9 56 55.4 55.1 54.5 54 53.5 53 52.5 52.1 51.7 50.7 49.3 48.2 47.9 47.6 48 48.2 49.4 50.9 52.4 52.4 52.3 52.3 51.4 50.9 50.6 50.2 50 50.5 50.8 50.3 49.6 47.6 47.2 48.6 49.1 49.5 50 50.3 49.7 49.1 48.6 48.1 47.5 47.4 47.3 46.5 44.9 45 45.8 46.7 47.5 47.9 48.5 50 51.6 53.7 55.2 56.1 57.2 57 58.1 59.8 60.6 59.7 61.3 64.5 65.9 66.6 66.9 68.1 70 71.5 72.9 75 76.5 77.7
58.9 58.6 59.2 58.4 57.4 56.9 56.3 55.8 55.4 55.1 54.3 53 51.2 49.8 49.2 49.5 50 51.3 53.4 55.1 55.7 55.8 55.5 54.7 53.9 53 52.7 52.5 52.4 52.6 52.1 51.9 51.3 48.7 48.8 50.4 51.4 51.8 52.2 52 51.5 50.9 50.5 50 49.3 48.6 48.4 47.6 46 46.4 47.1 47.9 48.7 49.4 50 51.6 53.4 55.4 56.6 57.5 58.5 58.5 59.1 61 62.7 63.5 65.5 67.8 70.1 70.3 70.1 71 72.6 75.1 77.6 80.6 82.8 81.3
61.8 62.3 62.9 61.8 60.5 60.2 59.5 58.9 58.1 58 57.4 55.6 53.2 51.7 50.8 51.1 51.7 53.7 55.9 57.4 58.4 58.4 57.6 56.8 56 55.4 55.2 55.1 55 55.1 55.1 54.2 52.8 49.9 50.1 52.5 53.6 54.1 54.5 54 53.3 52.8 52.4 51.9 51 50 49.6 48.5 47.4 48 48.1 49.1 50 50.8 52.6 54.4 55.8 57.2 57.9 58.8 60.1 60.9 60.2 62.2 65.4 68 70.4 72.4 74.3 74.3 73.8 74.8 77.1 80 82.4 85.6 86.1 83
65.9 66.6 66.1 64.4 63.8 64.9 64.3 63 63.2 61.8 60.6 58.5 55.7 53.1 52.4 53 54.2 56 59.2 61.1 61 60.6 59.6 58.8 58.5 58.3 57.6 57.8 57.8 58.2 57.4 55.8 54.4 51.2 51.1 54.3 55.8 56.3 56.8 56.1 55.2 54.7 54.3 53.8 53 51.9 50.4 49.3 48.8 48.7 47.5 50 51.4 52.8 54.7 56.5 57.8 59.9 60.2 60.8 62.2 63.2 63.8 62.5 66.7 72 75.8 78.2 79.5 78.8 79.2 80.6 82.6 85.8 87.8 89.4 91 91.2
71.2 71 69.6 67.5 67.4 68.5 67.8 68.1 68.9 67.4 65.3 62 57.7 53.8 54.8 57.8 57.4 58.8 63.4 64.7 63.8 63.1 62.2 61.7 61.5 62.4 60.9 60.7 61.2 61.6 61.4 60 56.8 52.6 53.7 56.3 58.5 58.9 59.2 58.5 57.5 57 56.3 56 54.4 53.3 52 51.2 50 49.6 49.7 52.6 54.1 55.4 56.8 58.4 60.3 62.5 63.4 63.9 65.3 66.9 66.3 65.2 66.1 68.7 78.5 84.3 85 84 84.3 86.8 88.9 91.9 97.8 98.1 101.5 102.8
77.9 77 74 73 75.2 74 71.9 73.9 74.5 72.3 69.1 62.9 58 56.4 57.5 63.5 62.6 60.9 64.6 68.4 68.2 66.7 66 65.5 64.6 66.5 64.6 64.3 64.9 65.6 66.3 63.7 58.8 54.2 57.5 60.5 61.5 62.1 62.7 61.5 60.1 60.5 59.6 58.7 56.7 55.3 54.3 52.9 51.8 50.8 49.7 54.1 56 57.5 59.3 61.2 63 65 67 68.3 69.6 71.3 69.1 68.8 74.3 69.5 72 77.7 86.3 88.9 89.6 91.8 96 101.9 109.1 110.2 114.8 120.5
84.5 83.2 80 79.9 82.2 80.7 77.6 78.8 75.5 69.3 65 60.8 60.1 60.8 61.2 64.2 67.6 64.4 66.1 71.2 73.4 72.3 72.8 71.7 68.8 71.7 68.7 68.9 69.4 71.4 70.7 66.4 59.8 56.3 63.2 66.7 64.9 64.9 65.8 64.4 63 62.9 62.9 61.3 59 58.2 56.8 54.5 53.4 51.5 49.7 54.1 57.7 60 62.1 64.3 66 68.3 70.8 73.1 75 76.1 74.2 71.1 80 76.9 78.6 80.5 84 90.4 95.6 102.9 105.7 109.1 114.5 120.6 124.8 131.6
90.1 87.3 84.5 83.8 84.6 82.7 79.8 75.9 71.6 66.7 64.5 67.2 66.7 67.7 66.7 68.7 69.5 69.1 70.9 74.7 79.3 78 78.9 75.5 72.1 75.5 72.6 73.1 73.8 72.8 69.9 64.2 61.4 62.9 66.5 72.9 71.2 68.2 68.8 67.5 65.9 65.9 64.9 62.9 61.6 60.9 59.2 57.1 53.6 51 49.7 53.5 58.6 61.9 64.8 67.1 69.2 72.1 75.2 77.5 80.1 81.1 75.8 73.2 80.5 82.6 86.1 88.8 91 96 104.4 109.6 115.1 117.9 122.6 132.9 137.3 139.2
97.5 96.7 93.4 91.5 90.1 89.9 85.3 81.7 80.3 71.8 70 78.5 73.7 74.5 74.2 78.9 76.7 75.4 79.6 78 81.5 81.2 80.3 76.9 76.5 77.7 77.1 77.7 75.4 71.2 67.8 65.9 65.5 64.5 68.1 76.5 76.7 73 73.3 71.3 71.1 69.4 67.6 66 64.5 63.5 60.4 58.1 55.1 50.5 52.2 57.2 60.3 62.9 66.3 69.4 72.4 75.9 79.3 81.7 82.6 79.6 76 78.3 83.2 87.6 96.5 98.8 98.9 104 111.4 120.2 126.5 128.8 133.1 138.9 144.7 145.2
101.6 102.1 100.6 101 97.9 97.8 94.2 93.2 92.2 78.9 79.5 85.6 83.3 81.1 82.3 83.5 83.4 82.7 84.2 83.3 85.8 86.2 84.6 83.2 83.4 83 83.1 84.5 82.1 77.1 73.4 71.4 69.3 68.6 68.6 73.4 78.2 77.2 79.1 76.1 78.2 75.1 73.2 70.7 67.9 64.9 61.4 58.5 55.9 50 55.3 59.8 62.6 65.3 67.9 70.6 73.9 77.2 81.2 84.8 83.2 79.7 81 86.1 92.4 94.8 100.9 106.8 106.2 111.6 119.5 128.1 136.1 140.5 142 147.1 150.5 155
111 109.5 108.6 109.4 107.1 104.4 102.1 100.6 97.3 92.4 91.8 90.7 93.2 92.3 93.2 92.7 91.5 91.4 94 94 97.5 98.6 95.8 97.2 99.1 94.6 94.3 93 92.9 88.4 86.8 84.5 82 78.5 74.6 75 78.2 80.6 81.6 80.8 84.3 82.3 80.3 76.6 70 66.5 63.2 59.9 57.1 51.6 56.1 62.3 64.2 67.5 70.1 72.5 75.8 81.4 85.2 86.1 85.3 88.6 93 100.9 101.8 103.6 106.4 110.4 117 122.3 131.4 137 141.8 145.8 147 150.1 155.7 157.9
118.2 116.4 116.6 115.7 116.6 117 113.8 113.1 104.5 105.8 106.4 106.3 109.4 111.8 111.6 109.5 107.4 107.1 108.9 107.6 108.9 112 110.7 109.7 109.4 109.8 107.3 102.3 102.4 100.6 99.8 98.7 96.1 94.6 92.2 90.4 88.8 87.6 87.3 86.6 87.4 87 84 78.4 74.2 71.4 66.5 62.5 57.9 56.2 57.8 63.8 66.6 69.7 73.5 76.1 80.5 86.9 90.4 90.9 92.7 99.2 106.1 107 109.7 111.1 114.7 121.4 127.8 131.3 137.4 142.3 145.6 147.3 149 154.7 159.2 160.6
126.2 125 124.7 123.6 123.6 122.5 119.4 118.9 114.1 118.8 121.5 123 124.2 126.5 127.7 128 126.7 127.3 127.4 127.4 124.2 124 123 120.9 119.6 119.4 118.1 112.5 114.5 112.1 110 109.4 108.5 107.1 108.6 101 98.4 101.9 99.8 94.7 94.2 92.2 88.3 82.8 80.2 76.4 71.8 65.7 59.4 58.3 60.7 66.9 70.4 74.6 78.6 81.2 86.7 92.9 97.4 101.1 103.3 109.6 112.7 114.2 120.1 123.1 128.9 134.3 136.1 137.7 141.9 144.9 149.1 154.9 159 160.5 161.6 161.5
132.9 132.5 133 131.9 132.3 133.7 131.6 131.4 126.4 133 134.8 135.9 135.9 134 136.2 137.4 138.5 138.6 138.5 138 136.4 134.7 132.8 130.9 128.4 126.8 125.3 123.4 122.3 121.2 119.9 118.8 117.4 116 116.4 115.9 114.1 113.1 113.4 110.1 110.8 104.1 98.5 91.6 86.4 82.1 78.2 66.7 61 61.1 67.1 72.1 76 80.5 87.2 90.9 95.2 103.3 108.8 112.2 113.9 118.2 120.4 124.5 130.4 134.6 139.4 141.1 142.9 149.4 150.5 154.8 157.9 159.8 162 162.4 163.9 164.5
139.9 139.5 139.4 139.2 139.7 139.5 139.2 139.3 136.2 140.1 139.8 139.7 139.9 143.8 145.3 146.8 146.6 146.2 145.4 144 142.5 140.7 138.9 136.6 135 134.2 132.2 131.9 130.8 129.5 128.9 128.2 126.8 125.9 125.8 125.3 123.3 121.8 122.5 120.4 119 115 109.5 102.7 94.9 92.5 81.3 68.4 62.6 63.7 68.9 74.9 81.3 87.3 93.8 98.7 104.7 110.6 117.8 121 123.9 126.2 131.7 136.8 141 143.3 146 151.1 154.9 156.3 157.3 159.4 161.9 162.8 163.8 164 164.7 165.3
144.7 145.1 144.3 145.6 147.4 146.9 144.4 147 146 148.1 148.9 150.1 150.4 150.1 149.9 150.3 149.9 149 148.3 147.5 146.3 144.8 143 141.9 140.3 140.2 138.7 137.8 136.9 136.5 136.5 135.1 134.2 133.7 133.5 133.2 132.4 129.7 129.6 128.3 126.2 123 116.8 113.1 107.1 101.5 90.2 73.8 64.8 62.3 62.8 66.5 73.6 84.1 92.5 102.1 110.4 118.4 124.4 128.2 131.2 136.2 141.5 145.4 148 151.2 153.8 156.6 158.7 159.7 161.2 162.3 163.6 164.3 164.8 165.2 165.6 165.3
153.2 154.7 155.2 155.1 154.9 153 152.4 152.6 152.2 152.2 152.9 153.6 154 153.6 153.3 152.7 151.7 150.9 150.1 149.5 148.1 146.8 146 145.5 145.3 144.5 143.6 142.8 142.1 141.8 140.9 141.2 139.4 138.8 139.1 139.1 138 136.3 134.9 133.7 132 129.8 126.2 122.4 118.2 112.7 100 80.6 67.6 65.3 65.2 65.3 65.8 70.7 87 103.5 114.5 123.2 127.5 131.6 136.2 142.9 145.8 148.9 152.9 155.4 156.5 159.5 160.7 161.7 163.3 164 164.4 164.9 165.4 165.7 165.5 164.9
156.1 155.9 156.4 156.1 156 155.1 155.6 155.5 154.5 154 154.7 155.2 155.2 155.2 154.8 154 153.3 152.6 151.9 152 151.6 150.5 150.8 148.9 148.3 147.5 147.8 147.3 147.6 147.7 147.3 146.6 145.8 144.7 143.7 143.1 143.5 143 142.4 140 138.5 136.1 133.9 128.8 123.2 119.9 105.8 87.3 73.1 70 69.4 69.7 69.2 68.5 76.3 93.7 113.6 124.6 130.6 138.3 142.6 145.3 148.1 149.3 154.3 156.4 158.3 160.3 161.5 162.5 163.6 164.4 165 165.4 165.6 165.4 165.1 164.4
160.4 161 160.6 159.6 159 158.1 157.7 157.2 156.5 155.4 155.9 155.9 155.8 155.7 155.5 154.9 154.7 154.5 154.3 155 154.9 154.7 154.3 152.5 152.2 151.4 151.3 150.8 150.4 150 150.2 149.9 149.5 149.2 148.3 147.4 147 146.9 146.4 145.5 143.4 140.6 138.1 134.8 128.9 123.7 110.1 99.3 86.7 79.6 75.6 76.8 77 72.8 69.5 85.2 107.6 126.2 136.2 140.3 143.5 146.3 149 152.2 154.5 156.7 158.5 160.2 161.9 163.2 163.8 164.6 165.4 165.5 165.7 165.3 164.6 164.2
161.9 162.5 161.6 160.5 160.1 159.7 159.2 158.4 157.7 157.1 156.6 156.5 156.3 156.2 156 155.6 155.3 155.6 155.7 155.8 155.5 155.3 155 154.4 154.2 153.6 153.6 152.9 152.6 152.1 152.2 151.9 152 152.1 151.8 151.1 150.3 150 149.8 149.1 147.1 144.8 142 138.7 134.4 125.4 126.3 119.3 112 102.7 97 95.7 91.5 80.6 73.8 78.9 100.3 122.9 135.8 139.4 142.4 145.5 148.9 151.6 154 156.4 158.5 160.1 161.8 163.2 164 164.7 165.3 165.6 165.5 164.8 163.5 164.1
162.5 162.7 161.9 160.6 160.2 159.8 159.3 158.5 157.6 157 156.4 156.2 155.9 155.7 155.3 155.3 155.1 155 155.2 155.4 155.2 155.1 154.9 154.2 153.6 153.6 153.5 153.5 153.2 153.4 153.2 152.9 152.9 153.1 153.4 153.7 152.5 151.9 151.6 150.7 149.6 147.9 145.7 141.4 134.8 133.2 134 131.3 127.8 122.6 115.9 110.2 104 91.5 77.9 73.6 91.9 103.2 124.5 136.3 141.1 145.3 148.6 151.3 153.1 154.8 157.4 159.6 161.2 162.5 163.4 164.2 164.7 165 165.2 164.6 164.3 163.7
162.8 162.6 161.8 160.8 160.2 159.8 159.3 158.6 157.6 156.6 156 155.3 154.9 154.6 154.2 153.9 154.4 154.6 154.8 154.9 154.8 154.5 154.3 153.6 153.4 153.2 152.8 152.8 152.9 153.1 153.4 153.8 154 154.2 154.3 154.5 153.5 153.3 152.8 152 151.1 149.9 147.6 143.5 142.2 140.4 139 135.9 134.9 132.8 130.1 126.7 119.7 99.9 85.3 74 90.7 111.9 130.1 135.9 140.9 144.5 147.5 149.4 151.1 153.5 156.1 158.7 160.6 161.8 162.7 163.1 163.4 163.8 164.1 164.3 163.9 163.5
162.9 162.2 161.6 160.9 160.2 159.7 159.2 158.7 157.7 156.7 155.8 154.8 153.8 153.4 153.1 152.8 153.5 153.8 154.1 154.4 154.2 153.9 153.6 153.2 152.8 152.3 152.2 152.2 152.1 152.9 153.5 154.2 154.8 155 155.2 155.3 154.9 154.4 154 153.2 152.3 151.4 148.4 148.2 146.6 145.8 145.8 144.1 141.7 138.5 136 132.2 128.3 110.5 89.8 78.2 88.7 110.1 127.8 134.6 139.6 142.7 144.6 146.8 149.1 152.2 154.8 157.4 159.3 160.3 161.1 161.2 162 162.5 162.8 162.9 163.2 162.9
161.7 160.9 160.2 159.8 159.9 159.4 158.9 158.6 157.9 157 156.1 155 153.7 152.4 151.9 151.5 152.1 152.7 153 153.1 153.1 153.1 153 152.5 151.9 151.5 151.5 150.8 150.6 151.7 153.3 154.5 155.4 155.9 156 156.2 156 155.6 155.1 154.4 153.5 152.8 151.9 151.6 150.4 150.1 149.4 147.9 146 143.5 140.6 137.6 132.6 117.2 94.9 81.2 84.4 104.7 124.8 132.5 137.4 138.7 139.2 143.3 147.9 151.1 153.7 155.7 157 158.1 159.2 159.4 159.8 160.6 161.3 161.4 162 162.3
160.1 159.3 159 158.8 158.8 159.2 158.6 158.5 158.1 157.3 156.4 155.6 154.2 152.7 150.5 149.7 150.6 151.2 151.5 151.5 151.5 151.7 151.8 151.5 151 150.6 149.5 148.4 149.4 151.1 152.9 154.4 155.5 156.5 156.8 157 156.9 156.7 156.3 155.6 154.9 154.2 154.3 153.9 153.1 153 152.1 150.6 149 146.8 143.8 140 134.9 123.1 100.2 83.4 84.5 101.4 123.6 129.6 125.4 124.3 138.2 143.5 146.9 149.9 152.2 153.6 154.8 155.7 156.4 156.8 157.5 158.6 158.7 159.9 160.7 161.2
158 158.2 158 157.8 157.8 158.1 158.7 158.4 158.3 157.5 156.6 155.8 154.7 152.2 149.9 147.9 148.4 148.8 149.3 149.9 150.2 150.5 150.5 150.2 149.7 148.1 146.9 146.4 148.2 150.3 152.4 154.2 155.3 156.2 157.1 157.6 157.6 157.6 157.4 156.9 156.2 155.9 155.8 155.9 155.4 154.5 153.6 152.5 150.6 148.5 145.3 141.3 134.3 124.5 106 91.2 87.1 93.5 110.6 110.2 110.4 130.5 139 141.7 145.2 148.3 150.7 151.8 153 153.4 153.6 153.9 154.5 155.6 156.8 158.4 159.5 160
154.8 155.1 156 156.8 156.7 157.6 158.6 158.4 158.3 157.6 156.8 155.9 154.6 152.5 150.2 147.5 146.1 146.5 146.7 146.8 146.8 148.7 149 148.5 148 146.9 145 143.9 145.9 148.1 150.7 153.5 155.2 156 156.9 157.7 157.8 157.7 157.8 157.8 157.3 157.1 157.6 157.5 156.5 156 155 153.8 152.1 150.1 146.5 141.3 136.2 130.4 120.5 104.3 95 94 97.6 108 124.1 134.4 138.9 141.5 143.6 146.8 149 150 150.7 150.9 150 150.2 150.9 153.6 155.7 157 158.1 158.8
151.8 152 152.3 153.6 155.7 156.9 158.1 158.3 158.2 157.7 156.8 155.9 154.4 152.8 150.4 147.7 145.1 143.3 143.4 144.2 145.8 146.6 147 146.7 146.3 145.3 143 142 144.6 147.6 150.5 153 155.1 156 156.8 157.5 157.9 157.9 158 158.1 158.2 158 158 157.6 157.8 157.3 156.2 155.1 153.4 151.5 148.7 144.5 140.3 135 126.7 117.4 107.2 99 118.7 124.7 131.1 135.6 138.7 141.5 143.6 145.7 147.1 147.8 148.1 147.7 146.5 146.3 149.3 152.3 154.4 155.5 156.7 157.7
148.6 148.7 148.8 152.3 154.5 156.3 157.7 157.7 157.7 157.5 156.6 155.6 154.2 152.6 150.7 148.5 146 143.4 140.4 142.1 142.7 144.5 145 144.8 144.3 143.3 140.6 140.2 143.9 147.3 150.2 152.4 154.6 155.8 156.5 157.3 158 158.1 158.2 158.2 158.3 158.3 158.2 159 159.3 158.8 157.7 156.3 154.8 153 151 147.3 143.5 139.1 131.2 124.5 118.9 107.6 115.5 125.8 130.9 135.1 138.1 141.1 142.6 144.1 144.7 145.2 145.3 144 141.9 145.3 148.8 151.3 153.1 154.2 155.3 156.4
145 145 146.9 150.4 152.7 154.9 156.5 157.3 157.2 157.3 156.4 155.3 154 152.1 150.4 148.4 146.4 144.4 141.8 138.2 139.3 141.9 142.8 142.8 142.1 140.5 137.9 138.9 142.6 146.3 148.8 151.1 153.9 155.7 156.5 157.3 157.5 158.4 158.4 158.5 158.5 158.8 159.6 160.4 160.5 160.3 159.2 157.7 156.2 154.4 152.7 150 146.9 142.9 137.3 129.8 123.6 119.9 111.5 124 129.9 134.4 137.4 139.7 140.8 142.2 142.6 142.8 142 139.3 140.7 144.9 148.1 150.1 151.9 153.1 154.2 154.8
141.5 142.2 141.5 145.8 149.7 153.1 155.2 156.6 157 156.8 156.1 155 153.6 151.7 150 148.1 146.2 143.4 141.1 138.5 136.8 139.3 140.7 140.8 139.8 137.8 135 137.2 141.2 144.8 147.7 150.6 153.5 155.5 156.4 157.3 157.1 157.2 158.9 158.9 159 160.2 161 161.8 161.8 161.9 160.7 159.2 158 156.7 154.7 152.5 149.8 146.4 142.8 136.4 130.7 124.7 125.7 122.4 129.9 133.7 136.1 138.2 139.3 140.1 140.4 140.1 137.9 134.9 140.8 144.4 147 148.7 150.5 151.9 152.7 153.1
143.2 142.1 140.1 138.1 142.9 149.1 152.6 155.4 156.6 156.6 155.9 154.6 153 151.3 149.6 147.8 146 143 140.5 137.6 134.4 137 138.8 138.8 137.4 135.7 131.7 135.4 139.3 143.7 148.2 150.9 153.5 154.9 156.1 156.6 156.7 156.8 157.3 159.3 160.3 161.7 162.6 163.2 163.1 163.2 162.4 161 160.5 158.7 156.6 154.6 152.5 149.6 146.4 142.5 136.5 130.6 129 127.8 131.3 132.9 134.9 136.9 137.9 138.4 138.4 137 133.5 134.1 140.1 143.2 145.5 147.2 149 150.2 151 151
