webserver/python/data/SE98.asc
ncols 200
nrows 200
xllcorner 490000
yllcorner 480000
cellsize 50
[rows 108 to 143 of 200, columns 0 to 81 of 200]
163.6 162.2 160.7 158.9 154.6 142.8 146.7 159.1 160.9 162.2 162.4 162.4 162.1 161.3 159.9 157.7 155.8 155.4 155.1 154.7 154.3 153.9 153.6 153.2 152.8 152.5 152.1 151.8 151.7 151.8 151.6 150.8 149.5 148.4 143.9 142.8 145.7 145.7 146 146.2 145.4 144.2 143 141.8 140.6 139.5 138.2 137.1 136 134.7 131.6 125.5 126.4 129.2 124.7 125.7 128.4 128 126.3 124.6 122 115.4 117.5 122.4 122.9 122.4 121.2 119.6 119.1 120.2 120 119.4 118.9 118.4 117.9 117.2 116.5 116.2 115 114.3 113.6 112.9
161.1 159 157.5 156.4 151 137.8 148.2 157.9 159.8 160.9 161 161.1 161.1 160.3 159.3 157.5 155.5 153.7 153.7 153.4 153.1 152.7 152.4 152 151.6 151.3 150.8 150.3 150.3 150.5 150 149.6 148.7 147.4 145.7 138.9 141.9 144.4 144.9 145 144.4 143.3 142.1 141 139.8 138.6 137.5 136.3 135.1 133.8 131.9 128.9 122.5 121.1 121.7 122.7 125.4 126.2 124.7 122 120.2 113.8 114.7 120.2 120.9 120.5 119.5 117.8 117.5 118.3 118.1 117.6 117.1 116.5 115.9 115.2 114.4 113.2 112.8 112 111.1 110.4
159.2 157 155.1 153.9 147.2 136.4 151 156.9 158.7 159.8 159.9 160 159.8 159.2 158 156.7 154.7 153.1 152.7 152.3 151.9 151.5 151.2 150.8 150.4 149.8 149.2 148.7 148.8 148.8 148.8 148.2 147.7 146.5 145 141.1 139.5 142.8 143.7 143.4 143.1 142.4 141.2 140.2 139 138 136.9 135.7 134.4 133.3 131.6 129.4 127.6 122.6 116.8 116 121.3 123.6 123 121.3 116.3 111.3 112 118.4 119.2 118.6 117.6 115.5 115.7 115.9 116 115.8 115.2 114.7 113.9 113.2 112.4 111.1 109.7 109 108.3 107.9
157.1 155.2 153 151.4 141.4 135.6 150.9 155.9 157.6 158.5 158.8 158.7 158.5 157.9 156.8 155.6 154.1 152.8 151.2 150.9 150.7 150.3 149.9 149.3 148.8 148.2 147.7 147.1 147.2 147.2 147.3 147 146.3 145.6 144.4 142.4 136.2 140.9 141.7 141.9 141.5 141.2 140.4 139.4 138.4 137.3 136.3 135.3 134.3 132.9 131.3 129.3 127.5 126.4 123.8 116.7 112.3 119.2 121.1 120.2 117.8 110.9 109.5 116.2 117.3 116.8 115.6 113.2 113.4 113.5 113.7 113.8 113.4 112.6 111.8 110.9 110 109.3 108.3 107.6 106.6 105.8
155.5 153.7 150.6 146.1 134.2 136.7 152.9 154.9 156.6 157.3 157.5 157.4 157.2 156.6 155.7 154.5 153.4 151.9 150.1 149.4 149.3 149.1 148.4 147.8 147.3 146.7 146.1 145.6 145.6 145.7 145.8 145.8 145.1 144.4 143.5 142 137.9 135.3 139.8 140.3 140 139.8 139.4 138.4 137.4 136.4 135.5 134.6 133.5 131.9 130.8 128.7 126.3 125.3 123.8 122.7 114.9 109.9 117.6 118.2 117.3 113.8 106.4 113.7 115.6 114.9 113.4 111.9 111.6 111.7 111.8 111.9 111.5 110.3 109.4 108.6 107.7 107.4 106.1 105.4 104.6 103.8
153.5 152 148.5 141.3 127.3 138.4 152.2 154 155.6 156.2 156.2 156.1 155.7 155.1 154.5 153.4 152.3 151.3 149.6 148.3 148.2 147.9 147.2 146.4 145.8 145.3 144.7 144.2 144.1 144.2 144.4 144.4 144 143.3 142.4 140.8 139.3 132.4 137.6 138.4 138.8 138.6 138.2 137.4 136.4 135.5 134.6 133.8 132.8 130.9 130.3 128.3 126.2 124.4 122.9 122.3 120.3 109.5 108.7 115.4 115.2 113.6 104.3 109.8 113.4 112.6 111.6 110.4 109.9 110.2 110.3 110.4 109.8 108.9 107.5 106.3 105.7 106.2 105.1 104.1 102.7 101.9
152.3 150.1 146.1 137.6 125.7 142.4 150.6 152.5 154.5 155 154.9 154.8 154.2 153.6 153 152.3 151.4 150.5 149 146.8 146.9 146.7 146.3 145.8 144.4 143.8 143.3 142.8 142.6 142.8 143 143 142.6 142.2 141.3 140.2 138.6 134.8 131.1 136.5 137.3 137.4 136.9 136.5 135.7 134.7 133.8 133.2 132.3 129.9 129.6 128.3 126.3 124.4 122.4 120.5 118.2 115 104.1 107.8 111.3 111.9 104 106.3 110.9 110.6 109.4 108.6 108.2 108.5 108.7 108.8 108 107.2 106.3 104.9 104.1 104.7 103.2 103.7 102.3 100.5
150.9 148.1 143 129.6 126.7 143.3 149.9 152 153.5 153.8 153.7 153.4 152.7 152 151.3 151.1 151.2 150.4 148.6 146.5 145.2 145.4 144.9 144.2 143.1 142.4 141.8 141.3 141.2 141.4 141.6 141.5 141.2 140.8 140.2 139.2 138 136.2 127 134.3 135.5 135.7 136.3 135.9 135.5 134.4 132.9 132.4 132.2 130.2 130.1 128.3 126.4 124.2 122.2 120.2 116.9 113.4 107.9 99.9 104.1 109.1 103.3 102.7 108.7 108.4 107.3 105.2 106.5 106.8 107.1 106.8 106.4 105.5 104.6 103.3 102.5 103.4 104.2 103.1 101.2 99.4
149.2 145.4 140.2 123.1 128.9 144.6 149.1 151.4 152.8 153.2 153 152.4 151.3 150.3 149.8 149.9 150.1 150.2 148.8 147.6 144.1 142.9 143.2 142.6 141.7 140.9 140.3 139.8 139.8 140 139.9 139.9 139.7 139.4 138.8 137.8 136.4 135 131 128.4 133.2 134.1 135.2 135.4 135 133.4 132 131.8 131.9 131.5 130.4 128.6 126.6 123.8 121.8 119.6 117.5 115.1 112.3 105.2 96.1 100.3 101.8 98.3 106.3 106 105.1 102.3 105.8 105.3 105.4 105.1 104.7 103.9 103.1 101.5 101 102.2 103.4 102.4 100.5 98.1
147.2 141.9 133.4 114.3 132 146.4 148.5 151 153.1 153.5 152.8 151.5 150.4 149.4 148.1 148.4 148.8 150.2 150.4 149.6 147.3 143.6 140.4 140.6 140.3 139.5 138.8 138.4 138.4 138.4 138.3 138.2 138.2 137.9 137.4 136.2 134.8 133.4 132.5 123 131.4 132.9 134 134.9 134.6 132.9 131.2 131.1 131.5 131.4 130.5 128.8 125.4 123.3 121.2 119.1 117.4 115 112.5 109.8 104.8 93.4 97.5 94.2 103.8 104.3 102.3 99.7 103.4 103.4 103.5 103.4 103 102.4 101.3 99.8 100 101.3 102.5 102.1 99.9 97.3
144.5 139.3 125.1 115.5 134.1 145.9 148.3 150.7 153.4 153.8 152.3 150.6 149.6 147.8 146.1 147.1 148.5 150.3 151.4 151.2 149.2 146.7 143.1 138.9 138.1 138.1 138 137 136.8 136.7 136.7 136.6 136.5 136.5 136 134.7 133.5 132.6 131.7 125.4 127.4 131 133.4 135.1 135 133.3 131.6 129.5 129.7 130.4 130.3 128.4 125.3 122.8 120.7 118.4 116.4 114.4 111.8 109.3 106.2 99.5 89.4 90.7 100 102.1 98.7 98.5 101.7 101.7 101.6 101.7 101.2 100.7 99.7 98.8 99.7 100.7 102 102.4 100.4 96.8
140.9 136 116.4 119.3 135.4 144.7 148.2 151.1 154.2 154.6 152.2 149.9 148.2 146 144.4 146.2 148.6 150.5 152.5 152.2 150.4 148 144.8 141 137.6 135.9 136.1 136 135.8 135.6 135.4 135.3 135.1 134.9 134.6 133.7 132.7 131.8 130.9 127.8 119.6 128.3 132.1 135 135.8 134.6 131.8 128.5 128.2 128.8 128.4 127 125.1 122.4 120 117.4 115.4 113.3 111.2 108.6 106.3 102.6 96.1 86.1 94.5 99.4 94.5 96.5 99.8 100 99.8 99.4 99.3 98.6 98.2 97.9 99.7 101.2 102.2 103.7 101.4 97.5
138.3 127.7 106.8 120.5 136.6 144.5 148.2 151.9 154.9 155.1 153 150.2 146.6 144.5 143.5 145.3 147.7 151 153.6 153 151.6 149.3 145.8 142.2 138.4 133.6 134 134.2 133.7 133.5 133.3 133.2 133.2 133.3 133 132.4 131.8 130.7 129.6 127.7 116.2 126.6 130.3 134.1 136.1 135.3 132.2 128.8 126 126.2 126.2 125.1 123.6 121.6 119 116.4 114.4 112.3 110.3 108 105.6 103.1 99.5 91.4 88.1 94.2 90.2 96.6 97.5 98.2 97.8 97.4 97.2 96.4 95.7 97.3 99.7 101.8 102.7 103.2 102.1 98.7
134.8 120.4 100.3 123 137.3 143.5 147.4 151.5 154.6 155.2 153.8 150 146.1 142.9 142.1 143.9 144.7 150.1 152.9 152.6 151.8 150.2 146.6 142.8 138.8 134.1 131.8 131.8 132.4 131.7 131.7 131.7 131.7 131.7 131.3 130.7 130.2 129.6 128.8 126.8 118.5 123.1 127.8 131.8 134.7 134 132.3 128.4 123.5 122.7 123 123 119.9 119.8 117.6 115.3 113.2 111.1 109 107.1 104.6 102.5 100 94.8 82.4 88.5 88.5 94.7 95.6 95.5 95.3 95 94.8 95.2 95.2 97.3 100.1 102 102.7 102.7 102.2 99.5
130.9 111.3 102.9 123.8 138.7 142.1 146.2 150.4 153.2 154.6 153.2 148.5 144.9 141.2 140.5 141.7 142.3 148.8 151.2 151.5 151.6 149.9 146.9 142.6 138.3 134.1 128.8 129.6 130.8 130.6 130.5 130.4 130.3 130.1 129.7 129.2 128.7 128.2 127.3 126.1 120.7 116.7 125 128.6 131.3 131.7 129.9 126.3 122.6 119.7 119.8 119.6 119.3 117.5 114.9 113.6 111.5 109.4 107.6 105.9 103.6 101.3 99.2 97.1 88.3 79.7 86.6 93.2 93.6 93.4 92.9 92.6 92.4 94.3 96.3 97.7 100.7 101.9 102.2 102.3 101.4 99.3
123.6 100.1 108.6 125.8 138.7 140.5 144.2 147.7 151 152.6 151.1 146.2 143.2 139.5 138.1 139.7 141.1 143.1 148.6 149.9 149.7 148.8 146 142 137.8 133.6 128.8 127.1 128.2 128.4 128.5 128.1 127.6 127.3 127.8 127.6 127.3 126.8 125.7 124.8 121.9 110.2 122.3 124.9 127.2 127.6 126.6 124.4 121.8 117.3 116.4 115.9 115.6 115.5 113.2 111.9 109.8 108.1 106.4 104.6 102.5 100.4 98.6 96.8 93.2 82.2 79.8 89.6 91.8 91.3 90.9 90.4 90 91.6 95 96.1 100.7 101.7 101.6 101.2 100.3 98.6
114.4 91.5 109.2 126.6 137 138.8 141.1 144.3 147.3 149.2 148 145.3 141.6 138.6 136.5 138 140.3 141.2 141.9 147.2 147.8 147 144.1 140.7 136.8 133.3 129.6 124.6 127.2 127.3 127.3 126.4 125.8 126 125.5 125.5 125.4 125.3 124.8 123.4 121.7 104.7 117.5 120.7 122.4 123.3 122.7 121.5 119 115.6 113.4 113.6 113.4 112.6 111.5 110.3 108.5 106.8 105.1 103.4 101.6 99.8 98 95.6 93.7 89.9 75.7 81.6 89.7 89.5 89 88.5 87.9 89.3 94.5 98.7 100.7 100.9 100.7 100.2 99.1 97.8
105.7 87.9 109.8 129.1 135 137.1 138.4 141.4 142.6 143.9 143.7 141.4 138.8 135.6 134.6 135.4 137.8 139.5 141.9 143.9 144.9 141.2 139.5 138 135.5 132.5 129.2 123.2 125.6 125.6 126 124.9 123.8 123.8 124 123.8 123.6 123.5 123.4 122.8 121.2 113.2 105.8 117.6 117.7 119.1 119 117.8 116.4 114.2 110.9 110.8 110.7 110.2 109.3 108.4 106.8 105.4 103.8 101.7 100.6 99 97.3 95.3 93.3 91.3 83.5 72.6 85.9 87.4 86.8 86.1 85.6 89.9 95.5 98.5 100.3 100.1 99.8 99.1 98 96.9
96.8 88.4 111.7 129 133.1 134.4 135.8 137.2 138.3 139.1 139.2 138 135.7 133.3 132.8 132.7 134.6 136 137.5 138.8 140 140.2 138.4 136.2 133.7 131.1 128.3 123.8 123.2 124.7 124.8 123.8 122.7 121.6 121.8 121.7 121.6 121.5 121.5 121.5 120.6 119.4 100.5 100.5 102.4 108.1 114.6 114.9 113.6 111.7 109.2 107.7 108 107.8 107.3 106.5 105.7 102.4 101.3 101.1 99.5 97.9 96 94.1 92.4 90.4 88.3 74.2 78.8 85.2 84.4 83.7 84.7 90.3 95.6 98.3 99.1 99 98.9 97.8 96.6 95.3
85.1 91.6 115.6 126.7 130.6 131.9 133 134.1 134.2 134.8 134.9 134.1 132.2 130.7 130.3 130.2 131.6 133.1 134 135.1 136.3 136.9 135.5 134 131.7 129.1 126.5 123.5 119.5 123.4 123.3 122.7 121.7 120.6 119.4 119.4 119.4 119.4 119.3 120 119.8 119.3 117.7 103.3 93.3 91.2 97.3 109.1 110.8 108.7 107.2 105.5 105.5 105.3 105.2 104.4 103.5 103 100.9 100 98.4 96.8 94.8 92.7 90.9 89.3 87.5 78.4 70.3 83.6 82.9 81.4 84.3 90.3 95.1 97.3 97.6 97.5 97.5 96.3 95 93.7
77.3 95.8 118.2 123.9 127 129.4 130.7 131.1 131.1 131.4 126.3 127.1 129.6 129.6 127 127.6 128.8 130.3 130.8 131.9 132.7 133 132.2 130.8 129.5 127.1 125.2 122.8 116.8 121.7 121.9 121.3 120.7 119.9 118 117.3 117.2 117.2 117.7 118.6 119.3 119.1 118.8 117 111.1 96.3 87.7 91.2 100.8 105.6 105 103.6 102.9 102.7 102.5 102.1 101.3 100.7 100.2 98.9 97.4 95.5 93.5 91.5 89.5 87.7 86 83.7 66.6 77.8 80.6 76.5 83.5 89.7 94.1 95.8 96.3 96.1 95.9 94.8 93.5 92.2
80.1 101.6 119.3 121.2 123.5 125.9 128.1 128.5 128.9 128.5 126 126.6 126.2 124.9 124.1 125.1 126 127.3 127.5 128.6 128.8 129.2 129.2 128.3 127.4 126 124.1 121.6 111.9 118.6 120.4 119.8 119.3 118.8 117.1 115.2 115.1 115.3 116.3 116.8 117.6 118.4 118.1 118.4 116.5 113.3 97.6 85.6 85.8 91.2 102.3 102.7 100 99.9 100.4 100.4 100.2 99.3 99 97.8 96.3 94.3 92.3 90.2 88.2 86.2 84.7 82.5 74.6 68.9 79 74.4 82.7 88.5 92.7 94.3 94.9 94.7 94.3 93.4 92.1 90.8
82.2 104.5 117.2 118.4 119.8 122.8 124.8 125.9 126.2 126.3 124.2 125.6 124.6 122.4 120.5 122.7 123.5 124.2 124.3 124.9 125.5 126.1 126 125.2 124.4 123.6 122.7 120.6 111.3 117.3 118.9 118.5 118.1 117.6 116 114.2 112.9 114 114.4 115 115.8 116.6 117.5 117.6 119.2 118.2 114.3 102.3 90.9 81.3 86.5 100.3 96.5 98.3 99.2 98.6 99.1 98.4 97.7 96.4 95.6 93.7 91.5 89.3 87.3 85.2 83.5 82.1 79.4 63.1 74.8 74.1 81.3 86.6 91 92.9 93.4 93.1 92.4 91.5 90 88.4
86 106.1 113.9 115.2 115.9 118.5 121.2 122.6 123.2 123 122 122.2 121.5 119.2 117.2 119 120.6 121.5 121.7 121.8 122.5 122.9 123.1 122.3 121.5 120.7 119.9 119.3 111.2 112.2 117.3 116.9 116.6 116.2 115.5 113.9 112.2 112.1 112.6 113.3 114.1 114.8 115.5 117.7 119.5 119.3 117.9 110.8 104.1 90.8 81.1 92.3 95.5 93.7 96.4 96.6 96.8 96.8 96.4 95.5 94.9 93.8 91.6 89.4 87.2 85.1 83.4 80.3 78.4 67.6 64.5 74.2 79 84.1 88.7 90.9 91.6 91.4 90.5 89.7 88.1 86.6
87 105.3 109.9 110.6 112.1 114.8 116.8 117.9 118.9 119.4 119.7 119 117.2 114.6 113.3 116.1 118.3 118.9 119.2 119.6 118 119.9 120.2 119.7 119.1 118.6 118 117.5 112 106 115.6 115.2 114.9 114.6 114.3 113.4 111.8 109.3 110.1 111.2 112.1 112.8 113.5 115.9 118.7 120.3 119.4 116.2 108.7 97.3 77.8 84.3 95.2 92.6 91.2 92.9 94.5 94.8 94.8 94.9 94.3 93.1 91.7 89.5 87.6 85.9 83.4 80.2 77.6 66.6 59.7 69.9 76.7 81.1 85.8 88.2 89.7 89.5 88.6 87.8 86.3 84.7
85.7 101.6 104.9 105.5 108.6 110.6 112.4 113.4 114.1 114.4 114.9 115.3 113.4 110.2 108.8 112.7 115.2 116.2 116.6 117.2 117.5 117.6 117.7 117.5 117 116.5 116 115.5 112.2 100.4 112.7 113.5 113.3 113 112.7 112.3 111.3 109.7 106.8 108.3 109.3 110.2 111.2 113.2 116.6 119.7 119.5 117.9 112.2 102.8 80.5 76.2 88.3 90.7 83.7 91.1 90.7 91.8 93 93.7 93.6 92.8 91.9 90.5 88.7 86.8 84.6 81.7 78.4 73.1 59.7 64.3 73.5 77.8 82.3 85.5 87.4 87.4 86.7 85.9 84.5 82.9
84.7 98.6 100.3 101.1 104.9 106.7 107.6 108.6 109.1 109.4 110.2 110.9 109 105.9 105 108.4 111.2 113.4 114.1 114.5 114.8 115.1 115.1 115.2 114.7 114.2 113.7 113.4 110.8 96 108.6 111.5 111.4 111.4 110.9 110.3 109.8 109 107.4 103.8 106.5 107.5 108.6 110.3 113.5 117.1 118.2 117.3 114.3 105.5 87.2 72.1 80.7 86 78 87 87 89.8 90.6 92.3 92.5 93.2 92.2 92.7 91.1 89.4 86.7 83.6 80.9 75.5 62.3 58.3 70.7 74 78.7 82 84.5 85.4 84.7 84.1 82.8 81.2
83.3 94.6 93 97.8 101 101.8 102.6 102.8 103.6 104.1 104.3 106.6 104.7 100.3 101.1 105.4 108.2 110.3 111.4 111.8 112 112.3 112.5 112.7 112.5 112 111.6 111.2 108.7 93.5 105.4 109.3 110 109.7 109.1 108.6 108 107.6 106.9 102.7 102 104.7 105.9 107.3 110 113.4 116 115.3 113.9 109.6 98 75.5 70.9 78.1 72.5 75.5 78.7 85.6 88.2 90.5 91.5 92.8 91.8 95.1 93.6 92 89.7 86.7 84.6 81 68.2 54.2 64.2 70.5 73.3 78 81 82.9 82.8 82.4 81.1 79.5
74.6 82.2 83.2 94.5 96.7 97.2 96.8 97.4 98.2 97.9 100.5 101.2 99.7 93.2 98.6 102.3 104.7 106.7 108.1 108.8 109.3 109.4 109.6 109.9 110.2 109.8 109.4 109 105.5 89.8 102.9 107.8 108.4 107.8 107.3 106.8 106.4 105.9 105.4 104.1 96.1 101.4 103.2 104.3 107 109.8 108.5 112.5 113.1 110.3 105.5 89.5 73 66.6 65.9 64.9 69.5 77.7 85.4 87.8 90.9 92.6 95.9 95.6 94.7 93.4 91.5 90 88.1 85.6 77.6 58.5 55.6 63.7 65.7 70.6 76 79.4 81.2 80.7 79.4 77.9
62.1 69.1 76.9 85.3 90.6 92.1 90 91.7 92.4 92.9 94.6 94.9 92.8 85.7 94.6 98.3 100.8 102.6 104.2 105.7 106.1 106.5 106.7 106.9 107.2 107 106.8 106.4 102.2 84.3 99.5 105.9 106.7 106 105.6 105.2 104.7 104.3 103.7 102.8 98.1 96.2 100.7 101.7 103.6 106.1 108.1 108.6 110 110.2 108.5 100.9 93.8 85 79.6 70 61.2 69.3 80.8 85 88.8 92.6 94.9 95.3 94.4 93.6 92.5 91.4 90.2 88.9 85.3 67.1 54 52 52.5 56 61.7 70.8 77.1 78.1 77.2 75.9
56.2 62.7 70.8 78.1 82.1 82.7 81.1 81.3 82.6 81.7 83.2 86.4 81.7 81.9 89.9 94.1 96.5 98.1 99.9 101.7 102.4 102.9 103.6 103.9 104.1 104.1 103.8 103.3 98.9 79.5 96.1 102.9 104.1 104 103.4 103.3 103.1 102.5 101.7 101 99.1 90 97.4 99 100 101.8 103.6 105.9 105.8 106.9 108.1 107.3 105 100.9 92.7 74.8 61.4 61.2 75.1 81.5 85.3 91 93.5 94.5 94.2 93.1 92.1 91.3 90.4 89.3 87.5 84.1 67 56.1 48.7 47.8 48.4 52.7 61.5 70.3 75 74.1
52.4 57.4 64.9 71.6 75 75.3 73.6 74.1 73.5 71.1 72.9 71.6 65.7 77.5 81.2 87.7 91.1 92.5 94.1 95.8 97.6 98.3 99.1 99.8 100.4 100.9 100.4 99 93.6 75.3 93.9 100.7 101.3 101.6 101.2 101.1 100.7 100.1 99.3 98.4 97.5 89.5 91.9 96.4 96.6 97.8 99.4 100.9 102.5 104.6 106 106.7 106.6 104.2 96.5 78 63.5 57.9 68.2 77.9 82.4 87.2 90.6 93.1 93 92.3 91.6 90.7 89.8 88.9 87.7 86.8 84.6 73.7 62.3 54.8 47.2 46 47.8 57.2 69 72.3
50.9 55.4 62.3 67 70 70.5 68.1 67.3 65.5 62.8 61.5 59.5 56.8 61.2 68 76.6 82.3 86.1 88.3 88.6 91.3 93.4 94.5 95.3 95.9 96.3 96.1 94.7 89.3 72.4 90.9 97.7 98.7 98.9 98.9 98.4 98 97.7 96.8 95.9 95.1 90.4 85.3 92.2 93.7 94.9 96.1 96.7 98.1 100.5 103.3 104.7 105.7 104.1 99.9 84.2 66.4 56.2 61.8 73.5 77.7 81.9 86.8 91 91.4 90.8 91 90.1 89.3 88.5 87.5 86.4 85.2 83.2 80.8 70.6 58.6 49.3 44.6 45.6 57.7 68.8
53.3 58.8 65 68.4 67.9 66.3 63.4 62.4 60.7 56.3 52.6 50.9 50.7 53.9 57.5 60.5 67.7 76.7 81.2 83.9 84.7 87.6 89 90.4 91.3 91.8 91.5 89.4 80.1 70.2 87.1 94.2 96.1 96 96 95.7 95.5 95.3 94.4 93.6 93.2 91.6 81.3 87.1 91.1 92.7 92.9 93.1 94.1 96.3 99.4 102.4 103.8 103.5 100.8 90.5 70.8 58.1 55.4 66.6 72.8 76.9 82.8 87.9 89.4 89.5 89.5 89.1 88.2 87.1 86.3 85 83.3 82.3 80.4 78.1 75.2 57.6 47.2 43.4 48.6 62.1
55.2 63.1 67.2 68.5 67.4 65.5 63 56.8 53.4 49.3 45.6 45.3 46 48.4 50.2 52.8 55 60 68.7 71 78 80.5 83.2 84.6 86 87.1 86.9 84.3 68.8 70.7 86.6 90.9 92.2 93.1 93 92.9 93 92.9 92.2 91.8 91.3 90.6 82.5 81 89.2 89.3 89.3 89.4 90 91.7 95.4 99.6 101.6 102.1 100.4 96.1 79.9 63.8 51.8 57.4 65.4 71.7 77.7 84 87.1 87.5 87.7 87.4 86.3 85.3 84.4 83 81.4 80.4 79.3 77.3 75.2 68.6 51 42.8 43.1 51.3
58 64.6 67.1 67.2 66.1 64.9 63.4 59.1 52.7 46.6 42.3 40.9 43.7 44.6 45.4 46.2 48.2 50.9 53.6 59.2 65.7 71.2 75.5 78.4 80.3 82.2 82.2 78.1 61.9 71.9 85.1 87.7 87.8 88.1 89.1 89.4 90.4 90.8 90.4 89.8 89.3 88.3 82.8 75.1 84 86.3 86.1 86.3 86.7 87.3 90.3 95.3 98.7 99.9 98.8 96.7 90.7 75.1 59.5 49.4 53.4 63.4 71.5 78.9 83.6 85.2 85.3 85.2 84.2 82.7 81.5 80.7 79.5 78.4 77.2 75.6 73.9 71.5 62.4 45.2 41.1 44.4
