webserver/python/data/SH28.asc
ncols 200
nrows 200
xllcorner 220000
yllcorner 380000
cellsize 50
[rows 152 to 189 of 200, columns 86 to 171 of 200]
35.5 33.2 30.2 24.7 21.1 14.9 10.9 4.3 3.1 -1.7 -1.7 -1.7 -1.7 3.8 4.4 4.2 6.9 13.1 17.1 17.5 16.7 14.2 12 10.5 9.6 7.6 10.3 10 8.8 6.1 1.2 -0.5 -1.7 -1.7 -1.7 -1.7 -1.7 -1.7 -1.7 -1.7 -1.7 -1.7 -1.7 -1.7 -1.7 -1.7 -1.7 -1.7 -1.7 -1.7 -1.7 -1.7 -1.7 -1.7 -1.7 -1.7 -1.7 -1.7 -1.7 -1.7 -1.7 -1.7 -1.7 -1.7 -1.7 -1.7 -1.7 -1.7 -1.7 -1.7 -1.7 -1.7 -1.7 -1.7 -1.7 -1.7 -1.7 -1.7 -1.7 -1.7 -1.7 -1.7 -1.7 -1.7 -1.7 -1.7
35.2 31.9 28.7 25.7 19.4 13.5 8.3 4.1 3.1 -1.7 -1.7 -1.7 3.3 3.8 4 5 8.5 19.1 20.1 19.5 18.3 15.2 13 12.4 11.7 10.4 13.6 12.6 11 9.9 1.9 0.6 -0.6 -1.1 -1.7 -1.7 -1.7 -1.7 -1.7 -1.7 -1.7 -1.7 -1.7 -1.7 -1.7 -1.7 -1.7 -1.7 -1.7 -1.7 -1.7 -1.7 -1.7 -1.7 -1.7 -1.7 -1.7 -1.7 -1.7 -1.7 -1.7 -1.7 -1.7 -1.7 -1.7 -1.7 -1.7 -1.7 -1.7 -1.7 -1.7 -1.7 -1.7 -1.7 -1.7 -1.7 -1.7 -1.7 -1.7 -1.7 -1.7 -1.7 -1.7 -1.7 -1.7 -1.7
34.8 31.6 28 26.4 16.2 11.9 9.1 3.8 3.1 -1.7 -1.7 -1.7 3.1 3.4 4 8.3 19.8 22.2 21.7 21.1 19.6 16.5 14.4 13.5 13.6 13.4 14.6 13.5 12.4 10.4 8.4 1.7 0.8 0.4 -0.2 -1.2 -1.7 -1.7 -1.7 -1.7 -1.7 -1.7 -1.7 -1.7 -1.7 -1.7 -1.7 -1.7 -1.7 -1.7 -1.7 -1.7 -1.7 -1.7 -1.7 -1.7 -1.7 -1.7 -1.7 -1.7 -1.7 -1.7 -1.7 -1.7 -1.7 -1.7 -1.7 -1.7 -1.7 -1.7 -1.7 -1.7 -1.7 -1.7 -1.7 -1.7 -1.7 -1.7 -1.7 -1.7 -1.7 -1.7 -1.7 -1.7 -1.7 -1.7
33 27.6 24.4 19.4 15.2 11.7 9.4 5.2 3.5 -1.7 -1.7 3.5 3 3.2 16.6 23.1 23 22.7 22.2 21.4 20.1 17.6 15.4 14.4 15.7 16.4 15.4 14.3 12.5 10.2 8.2 6.9 3 4.1 0.6 -1.7 -1.7 -1.7 -1.7 -1.7 -1.7 -1.7 -1.7 -1.7 -1.7 -1.7 -1.7 -1.7 -1.7 -1.7 -1.7 -1.7 -1.7 -1.7 -1.7 -1.7 -1.7 -1.7 -1.7 -1.7 -1.7 -1.7 -1.7 -1.7 -1.7 -1.7 -1.7 -1.7 -1.7 -1.7 -1.7 -1.7 -1.7 -1.7 -1.7 -1.7 -1.7 -1.7 -1.7 -1.7 -1.7 -1.7 -1.7 -1.7 -1.7 -1.7
29.9 27.1 23.2 18 14 11.1 8.2 5.5 3.3 4.2 3.3 3.2 3 2.8 10.6 25.2 23.6 21.9 22.7 21.8 20.6 18.8 16.4 16.5 17.3 17.3 16.2 14.9 12.5 10.1 8.2 6.3 3.6 1.6 -0.1 -1.7 -1.7 -1.7 -1.7 -1.7 -1.7 -1.7 -1.7 -1.7 -1.7 -1.7 -1.7 -1.7 -1.7 -1.7 -1.7 -1.7 -1.7 -1.7 -1.7 -1.7 -1.7 -1.7 -1.7 -1.7 -1.7 -1.7 -1.7 -1.7 -1.7 -1.7 -1.7 -1.7 -1.7 -1.7 -1.7 -1.7 -1.7 -1.7 -1.7 -1.7 -1.7 -1.7 -1.7 -1.7 -1.7 -1.7 -1.7 -1.7 -1.7 -1.7
30.6 26.9 23.1 17 14 11.1 8.4 6.6 5.1 3.4 3.3 3 4.1 8.3 10.8 14.4 19.3 24.7 24.6 23.9 21.9 20.2 18.1 18.1 18.2 18.2 17.8 15.6 13.1 10.2 7.9 2.5 1.8 0.6 -0.5 -1.7 -1.7 -1.7 -1.7 -1.7 -1.7 -1.7 -1.7 -1.7 -1.7 -1.7 -1.7 -1.7 -1.7 -1.7 -1.7 -1.7 -1.7 -1.7 -1.7 -1.7 -1.7 -1.7 -1.7 -1.7 -1.7 -1.7 -1.7 -1.7 -1.7 -1.7 -1.7 -1.7 -1.7 -1.7 -1.7 -1.7 -1.7 -1.7 -1.7 -1.7 -1.7 -1.7 -1.7 -1.7 -1.7 -1.7 -1.7 -1.7 -1.7 -1.7
29.1 25.3 18.6 16.4 13.8 11.2 9.3 6.8 7.6 3.1 3.5 5.5 5.2 15.6 11.2 12.8 23.2 24.1 24.2 23.6 22.3 20.5 19.4 19.1 19.4 18.9 18.3 16.5 13.4 10.8 7.9 1.9 0.9 0.2 -0.6 -1.4 -1.7 -1.7 -1.7 -1.7 -1.7 -1.7 -1.7 -1.7 -1.7 -1.7 -1.7 -1.7 -1.7 -1.7 -1.7 -1.7 -1.7 -1.7 -1.7 -1.7 -1.7 -1.7 -1.7 -1.7 -1.7 -1.7 -1.7 -1.7 -1.7 -1.7 -1.7 -1.7 -1.7 -1.7 -1.7 -1.7 -1.7 -1.7 -1.7 -1.7 -1.7 -1.7 -1.7 -1.7 -1.7 -1.7 -1.7 -1.7 -1.7 -1.7
24.6 19.4 17.2 15 12.8 11.1 9.6 6.7 3.7 3.6 3.2 5 5.8 7.1 8.9 12.2 18.5 21.4 23 23.7 22.8 20.7 20 19.7 22.2 19.7 18.2 15.1 12.7 9.2 6.1 1.8 1 0.3 -0.5 -1.3 -1.7 -1.7 -1.7 -1.7 -1.7 -1.7 -1.7 -1.7 -1.7 -1.7 -1.7 -1.7 -1.7 -1.7 -1.7 -1.7 -1.7 -1.7 -1.7 -1.7 -1.7 -1.7 -1.7 -1.7 -1.7 -1.7 -1.7 -1.7 -1.7 -1.7 -1.7 -1.7 -1.7 -1.7 -1.7 -1.7 -1.7 -1.7 -1.7 -1.7 -1.7 -1.7 -1.7 -1.7 -1.7 -1.7 -1.7 -1.7 -1.7 -1.7
21.1 18.1 15.7 13.5 11.8 10.2 8.3 5 3.5 5.9 4.2 4.6 4.3 5.4 6.5 8.5 17.4 23.4 24 24.4 22.3 20.8 20.8 21.8 21.2 20.8 17.9 14.9 11.7 8.1 3.2 1.9 1.2 0.3 -0.5 -1.3 -1.7 -1.7 -1.7 -1.7 -1.7 -1.7 -1.7 -1.7 -1.7 -1.7 -1.7 -1.7 -1.7 -1.7 -1.7 -1.7 -1.7 -1.7 -1.7 -1.7 -1.7 -1.7 -1.7 -1.7 -1.7 -1.7 -1.7 -1.7 -1.7 -1.7 -1.7 -1.7 -1.7 -1.7 -1.7 -1.7 -1.7 -1.7 -1.7 -1.7 -1.7 -1.7 -1.7 -1.7 -1.7 -1.7 -1.7 -1.7 -1.7 -1.7
19.6 17.2 14.5 12.3 10.8 9.5 8.7 6.1 4 4.9 4.9 6.9 5.3 5.5 6.6 7.9 10.6 23.6 25.9 23.5 20.9 21.7 20.9 20.3 19.9 18.9 16.5 14.6 11.4 8 5.1 1.9 1.4 0.5 -0.2 -1.1 -1.7 -1.7 -1.7 -1.7 -1.7 -1.7 -1.7 -1.7 -1.7 -1.7 -1.7 -1.7 -1.7 -1.7 -1.7 -1.7 -1.7 -1.7 -1.7 -1.7 -1.7 -1.7 -1.7 -1.7 -1.7 -1.7 -1.7 -1.7 -1.7 -1.7 -1.7 -1.7 -1.7 -1.7 -1.7 -1.7 -1.7 -1.7 -1.7 -1.7 -1.7 -1.7 -1.7 -1.7 -1.7 -1.7 -1.7 -1.7 -1.7 -1.7
19.5 17.1 15.6 13.4 12.2 11.5 10.8 6.3 4.9 5.6 6.7 5.1 8.5 8.6 7.3 8.6 10 23.7 25.9 20.9 19.3 18.9 18.8 18.7 18.2 16.5 14.9 13 9.9 7.5 5.4 3.5 1.6 1 0.2 -0.5 -1.7 -1.7 -1.7 -1.7 -1.7 -1.7 -1.7 -1.7 -1.7 -1.7 -1.7 -1.7 -1.7 -1.7 5 2.5 4.3 -1.7 2.1 2.2 -1.7 -1.7 -1.7 -1.7 -1.7 -1.7 -1.7 -1.7 -1.7 -1.7 -1.7 -1.7 -1.7 -1.7 -1.7 -1.7 -1.7 -1.7 -1.7 -1.7 -1.7 -1.7 -1.7 -1.7 -1.7 -1.7 -1.7 -1.7 -1.7 -1.7
20.4 17.4 15.6 14.3 13.6 13 12.4 9.1 5 5.9 6.4 6.4 7.2 11.6 10.2 8.8 9.8 15.9 20.8 17.2 19.2 16.7 16.6 17.2 17.2 15.9 14.2 11.5 7.4 4.8 5.5 3.6 2.7 1.7 1 0.3 -0.5 -1 -1.2 -1.7 -1.7 -1.7 -1.7 -1.7 -1.7 -1.7 -1.7 -1.7 2.2 6.5 8.9 8.8 9.4 7.3 5.2 6.9 3.3 1.9 -1.7 -1.7 -1.7 -1.7 -1.7 -1.7 -1.7 -1.7 -1.7 -1.7 -1.7 -1.7 -1.7 -1.7 -1.7 -1.7 -1.7 -1.7 -1.7 -1.7 -1.7 -1.7 -1.7 -1.7 -1.7 -1.7 -1.7 -1.7
19.5 17.4 15.9 15.1 14.1 13.4 12.2 9.4 5.2 5.5 5.9 6.5 6.7 8.8 9.3 8.2 9.3 11.2 11.9 12.5 13.2 13.7 16.1 17 16.3 15.5 13.6 10.6 7.5 5.3 5.2 4 5.1 4.7 1.6 0.7 -0.1 -0.4 -0.6 -0.8 -0.9 -1.7 -1.7 -0.9 0.9 10.8 6.3 1.9 12.8 13.5 13.1 13 11.1 8.1 8.3 9 9 7.4 0.6 -1.7 -1.7 -1.7 -1.7 -1.7 -0.3 -1.7 -1.7 -1.7 -1.7 -1.7 -1.7 -1.7 -1.7 -1.7 -1.7 -1.7 -1.7 -1.7 -1.7 -1.7 -1.7 -1.7 -1.7 -1.7 -1.7 -1.7
19.1 17.2 16 15.3 14.6 13.9 11.5 9.2 5.8 5.9 6.2 6.6 7.5 7.4 8.4 7.8 8.1 9.8 12.2 12.6 12.9 13.9 16.3 17 16.5 16 13.3 9.9 6.9 6 5.4 5.8 5.7 4.8 1.9 1 0.4 0.1 0 -0.2 -0.2 -1.7 -1.7 -0.4 1.2 1.9 8 10.5 13.7 15.6 16.4 14.6 11.7 9.7 10.4 10.8 10.3 8.7 3.2 2.3 1.7 -1.7 -1.7 0.5 1.9 0.9 -1.7 -1.7 -1.7 -1.7 -1.7 -1.7 -1.7 -1.7 -1.7 -1.7 -1.7 -1.7 -1.7 -1.7 -1.7 -1.7 -1.7 -1.7 -1.7 -1.7
19.2 17.1 16.2 15.7 15.1 14 11.5 8.5 6.3 6.2 6.3 6.6 7.3 8.4 8.1 8.8 10.5 13.5 13 12.8 13 14.6 17.1 17.2 16.5 16.6 13.6 9.7 7.3 7 6.9 6.9 6.8 5.4 1.9 1.4 1 0.7 0.6 0.5 0.4 -1.6 -1.7 0 1.3 1.9 6 9.3 12.3 15.7 17.4 15 12 11.7 12.2 12.7 11.4 9.8 8.4 7.4 4.7 0.3 0.5 1.9 1.9 1.8 -0.9 -1.7 -1.7 -1.7 -1.7 -1.7 -1.7 -1.7 -1.7 -1.7 -1.7 -1.7 -1.7 -1.7 -1.7 -1.7 -1.7 -1.7 -1.7 -1.7
19.2 17.5 17 16.6 15.3 14 10.4 7.5 7.1 6.9 7.1 7.9 7.6 9.5 8.7 12.6 13 12.9 13 13 13 15.3 17.6 17 17.1 14.5 12 9.8 9.2 7.5 7.6 7.4 5.8 3.9 4 1.9 1.6 1.3 1.2 1.1 1.1 -1 -1.3 0.1 1.6 1.9 12 11.1 11.1 14.1 15.9 14.8 14.1 14.3 14.8 14.6 13.3 11.7 10.2 8.4 5.7 1.3 1.9 1.9 1.9 1.9 -0.2 -0.6 -0.8 -1 -1.2 -1.4 -1.7 -1.7 -1.7 -1.7 -1.7 -1.7 -1.7 -1.7 -1.7 -1.7 -1.7 -1.7 -1.7 -1.7
18.5 18.3 18 16.3 13.5 11.2 10.8 9.2 7.6 7.5 8.6 9.5 11.8 13.9 11.9 9.3 10.6 13 12.7 12.7 13 16.2 17.4 17.1 16.5 14 12.2 11.2 10 8.2 7.5 6 4.6 3.4 3.4 3.8 2.6 1.9 1.8 1.7 1.7 -0.4 -0.3 0.8 2.1 10.2 11.7 11.5 10.9 13.4 14.4 16.2 16.3 16.6 16.7 15.4 14 12.5 10.9 8.8 7.4 3.8 1.9 1.9 1.9 1.9 0.6 0.1 0.1 -0.1 -0.3 -0.8 -1.7 -1.7 -1.7 -1.7 -1.7 -1.7 -1.7 -1.7 -1.7 -1.7 -1.7 -1.7 -1.7 -1.7
18.8 18.7 18.7 16.2 13.9 13.4 14.9 12.8 11.2 8.2 8.8 16.2 17 15.9 14.5 9.8 9.6 13.2 13.4 13.2 13.3 15.1 17.3 17.1 17.4 16 11.1 10.2 9.2 8.5 6.9 5.7 4.9 3.6 2.9 2.9 3.4 3.5 3.4 3 3.5 2.9 3.3 4.2 6 8.3 9.9 10.3 11.2 13.1 13.7 16.6 17.7 17.8 17.2 15.9 14.3 12.8 10.9 9.1 7.6 1.9 1.9 1.9 1.9 1.9 1.4 0.9 1 0.8 0.3 -0.6 -1.7 -1.7 -1.7 -1.7 -1.7 -1.7 -1.7 -1.7 -1.7 -1.7 -1.7 -1.7 -1.7 -1.7
19 18.8 18.7 16.3 15 13.7 10.9 8.6 8.8 14.5 19 19.3 18.1 16.5 14.7 13.8 9 10.5 14.3 14.4 13.4 13.2 15.9 13.6 13.6 12.5 10.6 11 10.6 10 9.1 7 6 4 2.5 3.1 3.4 3.4 3.5 3.8 4 4.3 4.5 4.9 5.7 6.9 7.9 10.1 12.2 13.5 14.6 16 17.9 17.5 17.1 16 14.4 13.3 10.8 9.2 7.3 6 1.9 1.9 1.9 1.9 1.9 1.7 1.9 1.5 0.7 -0.4 -1.7 -1.7 -1.7 -1.7 -1.7 -1.7 -1.7 -1.7 -1.7 -1.7 -1.7 -1.7 -1.7 -1.7
17.6 17.9 16.1 14.7 11.9 11.5 12.1 20.8 23.9 21 19.8 19.6 17.7 16 15.1 14 14.2 9.4 12.4 15.5 13.7 12.4 12.9 13.5 13 10.3 10.6 10.5 11.5 11.3 11.8 10.6 10.5 4.5 2.6 3.7 2.8 2.2 1.8 1.8 2.1 3.2 7.3 11.6 12.1 11.9 10 9.4 10 12.6 15.9 17.1 17.5 17.3 16.4 15.6 14.6 13.6 10.3 9.5 8 6.2 2 1.9 1.9 1.9 1.5 11.2 3.3 2 0.8 -0.6 -1.7 -1.7 -1.7 -1.7 -1.7 -1.7 -1.7 -1.7 -1.7 -1.7 -1.7 -1.7 -1.7 -1.6
17.1 15.9 13.7 11.4 11.5 17.4 24.1 23.4 21.2 20.3 18.5 16.2 15.4 14.8 14.3 14.4 14.6 11.7 11.4 10.9 11.6 12.3 12.2 14.8 12.4 12.6 12.5 12.3 12.4 11.9 10.9 9.9 9.3 5.4 4.8 5.2 5 1.9 1.8 1.8 1.7 3.1 8.4 13.1 10.7 7.8 8.1 7.8 11.8 11.8 13.9 17.1 17.1 16.6 15.7 13.6 12.8 11.7 10 9 8.4 6.9 5.6 5.3 5.7 8.4 9.8 13.7 17.9 2.7 1.8 -1.7 -1.7 -1.7 -1.7 -1.7 -1.7 -1.7 -1.7 -1.7 -1.7 -1.7 -1.7 -1.7 -1.7 -1.6
16.7 15.6 11.4 11.2 15.6 26.2 28.1 27.5 22.2 16.4 17.5 16.7 15 14.7 14.8 14.9 14.8 15.2 12.1 16.1 11.5 13.2 16.2 12.4 12.8 14.5 13.4 13.2 12.5 10.5 10 9.5 5.7 5.4 5.8 4 3.5 2.1 1.9 1.6 1.6 4.1 7.4 8.9 7.2 8 8.4 8.4 9.9 15.5 14.6 12.9 16 15.2 14.5 12.9 11.7 10.9 10.6 10 9.1 8 6 6.3 6.8 7.9 10.6 13.2 11.5 2 1.4 -1.7 -1.7 -1.7 -1.7 -1.7 -1.7 -1.7 -1.7 -1.7 -1.7 -1.7 -1.7 -1.7 -1.7 -1.6
16.1 14.5 11.2 12.3 17.8 26.5 27 26.4 16.7 18.6 20.1 17.7 15.1 15.5 15.6 15.8 15 15.1 15.3 11.3 18.5 11.1 11.9 12 12.7 14.3 14.8 13.4 12.9 10.1 9.6 8.5 6.8 6.3 6.6 4.2 2.8 2 2.1 1.6 6.7 6.4 7.2 7.4 7.4 7.9 8.5 8.8 8.2 13 14.7 12 13.4 13 12.2 12.7 12 11.6 11.8 11.9 10.7 9.6 8.5 6.9 5.7 6.5 8.8 11 1.6 0.7 -1.7 -1.7 -1.7 -1.7 -1.7 -1.7 -1.7 -1.7 -1.7 -1.7 -1.7 -1.7 -1.7 -1.7 -1.7 -1.5
15.3 13.3 11.7 11.7 16.8 21.9 21.1 18.1 20.2 24.2 21 18.3 17.3 16.4 16.5 16.1 15.3 15.3 15.3 18.1 11.6 18.3 11 11.5 12.1 12.9 13.6 11.8 11.4 10 8.8 7.6 8.4 8.5 8.6 6 3.3 2.9 3.2 7 7.2 7 7.1 7.1 7.5 7.7 8.6 8.9 7.8 7.3 10.7 11.3 11.7 11 11.2 12.4 12.4 12.4 12.4 12.4 11.2 10.4 9.5 6.2 4.7 5.8 5.1 1.6 0.8 -0.4 -1.7 -1.7 -1.7 -1.7 -1.7 -1.7 -1.7 -1.7 -1.7 -1.7 -1.7 -1.7 -1.7 -1.7 -1.7 -1.5
15 14.3 13.7 11.8 11.4 13.7 18.3 25.3 26 23.6 21.9 20.7 18.9 18 17.3 16.3 15.5 15.1 15 18.3 18.3 11.3 15.7 11.4 11.7 11.5 12.1 11.2 10.2 9.9 8.9 10.1 9.5 9.4 8.9 7 4.2 5.1 7.1 6.9 6.9 7.4 7.3 7.3 7.3 7.3 7.2 7.7 7.7 7 7.9 10.4 11.2 11.3 11.1 12 12.8 13.4 13.1 13.2 12 9.8 7.3 4.4 2.9 3.6 1.6 0.8 0.1 -1.7 -1.7 -1.7 -1.7 -1.7 -1.7 -1.7 -1.7 -1.7 -1.7 -1.7 -1.7 -1.7 -1.7 -1.7 -1.7 -1.4
16.1 17 14.7 12.6 11 13 24.7 25.9 24.5 23.2 23.2 20.9 19.5 17.8 16.7 15.3 15 13.9 15.7 12.8 16.2 16.6 11.1 12.3 11.2 11.2 12.2 11.4 10.1 10.2 11.3 12.1 11.1 9.4 7.5 6.8 6.9 7.1 7.4 7.5 7.3 7.6 7.5 7.5 7.4 7.3 7.2 7.1 6.9 6.9 7.1 7.5 11.9 11.3 10.5 12 12.4 12.9 12.9 12.8 10.9 8.9 5.7 2.8 2.5 2.2 1.4 0.4 -0.5 -1.7 -1.7 -1.7 -1.7 -1.7 -1.7 -1.7 -1.7 -1.7 -1.7 -1.7 -1.7 -1.7 -1.7 -1.7 -1.7 -1.4
18.9 18.4 15.7 13.1 11.2 13.4 16.9 18.8 19.4 18.8 21 22.8 19.4 15.4 16.4 13.9 14.6 13.5 13 13 12.6 12.8 12.7 11.2 9.8 10.2 11 10.9 9.6 11.6 14 13.7 12.6 8.4 6.7 6.7 7 7.2 7.4 7.5 7.7 7.7 7.6 7.5 7.4 7.3 7.2 7.1 7 7 7.2 7.3 10.3 12.1 9.7 12 12.4 12.5 12.6 12.2 10.7 8.3 4.9 1.6 2.5 3 1.5 0.5 -0.5 -1.7 -1.7 -1.7 -1.7 -1.7 -1.7 -1.7 -1.7 -1.7 -1.7 -1.7 -1.7 -1.7 -1.7 -1.7 -1.7 -1.3
19.9 20 18.6 14.9 12 17.1 17.6 16.1 14.1 16.8 19.8 19.1 15.3 13.6 13.9 11.6 12.9 11.3 12.3 12.4 12.2 12 12.3 11.3 10.6 9.8 8.8 10.6 10.3 13.6 13.9 13.9 11 7.8 6.7 6.8 7.1 7.2 7.4 7.6 7.6 7.6 7.6 7.5 7.4 7.3 7.2 7.1 7 7.1 7.4 7.5 10 11.7 10.8 11.6 12.2 12.2 11.9 10.6 10.1 9.4 3.2 1.3 2.9 3.2 1.4 0.3 -0.8 -1.7 -1.7 -1.7 -1.7 -1.7 -1.7 -1.7 -1.7 -1.7 -1.7 -1.7 -1.7 -1.7 -1.7 -1.7 -1.6 -1.3
20.6 20.3 21.5 19 12.5 13.2 17.4 15.8 14.2 14.3 13 12.9 12.6 12.9 14 14.6 14.1 12.9 12.8 11.9 11.4 11.7 11 10.4 9.8 9.8 9 8.2 9 10.2 13.5 12.1 10.6 7.2 6.6 6.9 7.1 7.3 7.4 7.4 7.5 7.5 7.4 7.4 7.4 7.3 7.2 7.1 7 7.3 7.5 7.6 7.9 9.2 9.4 8.6 12 11.6 10.8 8.8 8.6 6.6 4.5 1.6 2.4 2.5 1.3 0.3 -0.9 -1.7 -1.7 -1.7 -1.7 -1.7 -1.7 -1.7 -1.7 -1.7 -1.7 -1.7 -1.7 -1.7 -1.7 -1.7 -1.7 -1.5
22.4 23.2 19.8 15 11.4 11.5 15 14.9 12.7 13 13.3 13.7 13.4 14 16.6 16.5 15.4 14.5 12.3 12 11.6 10.2 10.1 9.5 9.3 9.8 8.9 7.8 7 7.2 9.6 10.5 8.1 7.7 6.8 7 7.2 7.2 7.2 7.3 7.3 7.3 7.3 7.3 7.3 7.2 7.2 7.1 7.1 7.3 7.5 7.5 7.4 7.9 9.5 8.8 8.1 8.2 6.6 4.8 3.4 2.5 3.3 2 2 1.9 1.2 0.1 -1.1 -1.7 -1.7 -1.7 -1.7 -1.7 -1.7 -1.7 -1.7 -1.7 -1.7 -1.7 -1.7 -1.7 -1.7 -1.7 -1.7 -1.7
23.9 24.7 18.9 11.8 11.4 11.2 13.3 13.2 13.3 13 13.5 13.9 14.3 18.8 19.8 17.2 16.9 15.7 12.4 12.7 11.9 9 8.6 8.7 9.9 10.1 9.1 8.1 5.8 4.1 6.6 7.1 8.4 9.3 7.6 7 7 7 7.1 7.1 7.1 7.1 7.1 7.1 7.1 7.1 7.1 7.1 7.2 7.3 7.3 7.3 7.2 8 8.9 8.9 7.6 5.8 3.4 2.8 2.6 2.2 2.8 3.5 3.8 1.9 1.1 0.2 -0.9 -1.7 -1.7 -1.7 -1.7 -1.7 -1.7 -1.7 -1.7 -1.7 -1.7 -1.7 -1.7 -1.7 -1.7 -1.7 -1.7 -1.7
24.8 23.2 13.8 11.7 11.3 11.3 12.2 12.5 13.2 13 13.5 14.2 18.5 22.4 17.5 16.7 15.6 13.4 13.3 14 12.3 9.1 8.2 8.6 9.4 9.8 9.2 8.5 4.6 4.6 5.1 3.5 6.3 5.8 9.2 8.8 7 7 7 6.9 6.9 6.9 6.9 7 7 7 7 6.8 6.8 7.2 7.2 7.1 7.1 7.5 8.2 9 9.2 7 4.3 2.7 3 2.7 3.4 4.4 3.9 1.7 0.8 -0.1 -1.1 -1.7 -1.7 -1.7 -1.7 -1.7 -1.7 -1.7 -1.7 -1.7 -1.7 -1.7 -1.7 -1.7 -1.7 -1.7 -1.7 -1.7
19.6 16.1 12.2 11.7 11.2 14.2 13.4 13.3 13.1 13.7 15.4 17 20 18 15.4 14.3 12.9 13.5 14 14.3 12 8.2 8.4 9.6 9 9.7 9.2 8.2 6 6.8 7.8 5.8 3.4 2.5 6.7 6.4 9.1 7.4 8.1 7.6 6.9 6.9 6.9 6.9 7 7 6.9 6.8 6.7 7.1 7.1 7 7 7.1 7.9 8.2 9.4 6.6 5.4 3.6 3.3 4.2 5.2 5.1 4.3 1.8 0.8 -0.2 -1.1 -1.7 -1.7 -1.7 -1.7 -1.7 -1.7 -1.7 -1.7 -1.7 -1.7 -1.7 -1.7 -1.7 -1.7 -1.7 -1.7 -1.7
14.7 13.2 12.5 11.8 12.5 13.2 14.7 14.6 14.5 16.3 18.3 18.6 18.2 16 14.9 14.3 13.2 12 14.1 10 10.4 8.7 8.8 9.2 7.2 6.7 10.1 10 10.1 9.5 9.8 9.1 5.9 4.3 5.7 8.4 7.2 7.3 7 8.8 7.1 7.2 6.9 7 7 7 7.1 6.7 6.9 7.1 7.1 7 7 6.9 7.2 7 7.3 7.5 4.7 4.2 4.2 5 5.6 5.7 2.8 1.4 0.6 -0.2 -0.6 -1 -1.7 -1.7 -1.7 -1.7 -1.7 -1.7 -1.7 -1.7 -1.7 -1.7 -1.7 -1.7 -1.7 -1.7 -1.7 -1.7
14.3 13.6 13.2 13.2 14.2 14.2 15.2 16 16.8 18.9 19.7 19.1 19 17.5 16.5 15.6 13.9 10.7 9.2 8.5 8.7 8.9 8.3 6.9 7.1 7.4 8.9 11.4 14 15.8 14.2 10.5 8.4 7.2 7.4 6.8 7.3 6 6.6 7.8 8.4 11.1 8.1 7 7 7.4 7.3 6.8 7.1 7 7 7 7 8 7.5 7.7 7.8 7.3 6.1 4.4 4.5 5.1 8.1 4.5 2.1 1.4 0.7 0.3 -0.2 -0.8 -1.3 -1.7 -1.7 -1.7 -1.7 -1.7 -1.7 -1.7 -1.7 -1.7 -1.7 -1.7 -1.7 -1.7 -1.7 -1.7
16.4 15.6 15.3 15.2 15.2 15.2 16.2 17.2 18.9 20.3 20.1 21.9 21.5 19.9 16.7 14.7 11.3 8.2 7.6 7.9 8.2 8.4 7.5 7.1 7.8 11.5 12.9 15.1 15.7 15.9 14.8 13.4 11.6 9 7 6 5.2 4.7 5.3 8.7 11.4 9.8 8.6 9.6 8.5 8.1 7.6 7.2 6.9 7 6.9 7.4 6.9 7.6 8.2 8.3 7.6 7.1 6.4 4.8 3.5 4.5 5 3.4 2.5 1.5 1 0.4 -0.1 -0.6 -1.1 -1.5 -1.7 -1.7 -1.7 -1.7 -1.7 -1.7 -1.7 -1.7 -1.7 -1.7 -1.7 -1.7 -1.7 -1.7
18.4 17.2 16.5 15.9 16.1 16.3 17.4 18.8 20.6 20.7 20.8 23.5 24.4 21.1 17 13 10.4 8.2 7.6 7.8 8 7.9 7.5 10 20 21.8 21.1 16.9 16.2 16.2 15.8 16.9 13.5 9.5 7 6.1 5 5.7 7.6 12.2 12.1 12.1 12.8 11.7 9.6 9.4 9.2 9.2 8.5 8.2 7.9 7.7 7.3 7.5 7.8 8.8 8 7.5 6.6 4.8 4.4 2.9 2.7 2.7 2.5 1.7 1.1 0.5 0 -0.4 -0.9 -1.3 -1.7 -1.7 -1.7 -1.7 -1.7 -1.7 -1.7 -1.7 -1.7 -1.7 -1.7 -1.7 -1.7 -1.7
21 18.3 17 16.6 16.8 17.1 18.8 20 20.1 20.6 23.3 23.1 19 15 11.8 10.5 10.2 9.2 9.6 11.1 9.5 12.3 16.2 17.9 18.7 19.9 18.4 15.7 16.8 17 16.2 16.1 14.8 11.1 8.1 6.8 6 5.9 8.2 12.5 13.3 10 9.2 9.3 10.3 8.4 7.1 7.7 7.9 8.6 8.4 8.3 8.2 8.6 7.7 7.9 7.8 7.8 6.6 5.4 5.4 3.1 2.3 2 2 1.8 1.2 0.6 0.2 -0.2 -0.7 -1.1 -1.5 -1.7 -1.7 -1.7 -1.7 -1.7 -1.7 -1.7 -1.7 -1.7 -1.7 -1.7 -1.7 -1.7
