webserver/python/data/SH60.asc
ncols 200
nrows 200
xllcorner 260000
yllcorner 300000
cellsize 50
[rows 0 to 36 of 200, columns 82 to 163 of 200]
445.4 448.5 450.2 450.3 449.2 447.6 442.6 432.6 419 403 381.6 356.8 324.6 293 265.8 236.5 209.7 183.8 160.8 141.3 130 127.5 139.6 157.1 172.7 184.1 189.7 193 205.6 224.2 244.3 265 283.4 295 303.5 312.5 329.3 338.1 342.8 345.8 345.7 344.6 346.9 359.1 363.2 365 373.6 381.6 379.9 381 381.6 374.4 361.5 350 335.9 318.6 286.8 250.8 217.7 192.6 168.4 146.5 128.5 117.6 107.8 99.3 91.3 84.7 78.6 71.6 65.9 59.8 61.5 64.6 74.1 81.9 96.8 111.8 129 157.9 180.7 206.8
446.2 446.7 447 447 446.6 444 438.8 432 419.8 405.1 385.4 362.6 325 292 265.2 239.5 213.2 187.3 160.8 140.1 124.8 122.3 135 149.6 165.6 176.2 177.7 183.4 192.3 209 229.5 249.8 265.8 275 284.5 303 316.7 329.1 336.2 338.9 338 337.1 348.5 350.7 349.5 358.5 363.3 369.4 373.4 374 371.8 365.7 354 342 329.1 308.2 277.2 240.5 208 177.4 155.8 133.3 119.1 108.1 99.3 92.2 84.3 77.7 71 64.8 59.1 58.6 58.8 66.2 80.8 93.8 113.3 134.5 154.3 172.1 200 218.7
446.2 444.9 442.9 441.8 441.8 437.9 432 425.7 415.6 403.3 390.2 370.7 331.4 300.9 271.8 241.8 214.8 187.1 160.8 136.6 122.4 117.7 134 142.8 156.1 166.1 166 172.9 183.2 196.1 214.1 234.6 252 257 273.5 289.4 304.7 317 327.6 329.8 328.6 329.3 339.9 340.4 343.4 350.1 349.2 355.5 360.9 365 361.9 356.4 345.9 333.1 319.5 296.8 270.9 225.9 189.7 165.9 142.8 123.1 110.2 98.8 92 85.1 77.5 71.3 63.5 58 55.6 56.4 60.2 72.4 87.9 104.9 127.7 150.3 175.2 195.9 217.2 222.4
446.8 442.1 436.3 434 431.3 427.4 421.6 415.8 407.9 398.8 391.2 375.8 341.3 310.7 276.8 246.6 216.3 188.2 159.9 135.1 119.3 114.4 123.5 135.8 148.4 156.6 159 165.2 177.1 185.7 198.1 215 223.8 244.2 260.5 275.4 290.6 307.6 314.6 316.8 318.9 319 329.1 328.7 336.7 341.2 338.2 342 351.6 355.3 348.2 340.5 333.3 322.1 309.7 282.1 243.8 213.2 178.7 155.4 129.9 113.5 99.6 89.4 83.5 77.7 70.5 63.1 57 53.5 53.2 55.1 62.7 77.4 95.3 117.2 141.3 163.6 188.2 211.4 233.7 245.5
446.7 440.9 426.4 421.1 416.8 414 408.6 405.8 400.6 395.7 392.4 380.2 346.8 311.9 278.2 246.9 218.4 190.8 163.7 138.8 119.1 110.3 115 129 140.3 146.4 148.5 158.4 169.4 176.7 183.9 193.8 210.6 228.1 247.5 262.1 277.2 295.3 302.5 305.5 305 308.3 314.9 321.9 327.7 327.8 330.3 336.6 343.2 342.4 336.2 327.2 317.3 306.4 296.7 270 227.2 190.3 161.5 139.1 116.4 102.3 90.9 81.6 76.1 69.9 61.7 53.7 50.4 50.1 50.1 52 69.2 84.3 105.7 129.9 151.6 175.8 201 228.3 248.6 261.6
446.7 438.3 424.8 408.8 402.5 399.6 394.4 392.7 391.4 390.1 387.3 381.9 348.4 313.7 278.4 248.1 221.8 194.3 169.9 144.5 123.1 105.8 109.2 123.2 130.6 134.5 142.4 152 160.3 168.6 174.6 180.1 195.9 212.1 233.6 248.8 264.9 281.5 290.4 290.2 294.8 297.4 308.3 315.3 319.5 317.9 319.5 323.3 328.2 326.1 317.9 313.6 301.1 287.8 273.7 248.1 211.6 176.1 144.8 122.5 101.5 91.3 82.5 75.2 69.3 60.1 52.3 48.4 48.1 48.7 51.8 63.1 75.7 93.9 116 139.4 163.3 187.5 216.7 244.2 267.8 273.1
444.3 435.7 425.1 412.5 398.7 386.6 381.3 377.8 380.4 383 383 378.2 352.6 317.8 281.7 252.6 221.3 197.3 172.1 146.6 117.5 102.4 103 116.3 119.9 126.6 136.4 145.2 153.2 157.6 164.6 172.4 180.4 197.9 214.2 234.1 253.9 267.7 271.5 277 283.8 292.5 301.4 306.7 306.6 306.2 310.3 313.9 315.2 316.1 312.7 301.1 287.2 271.1 249.3 221.9 196.9 163 130.1 107.4 92.2 81.9 72.4 67.3 64.9 51.8 47.7 48 48 48.4 57.2 68.7 83.6 103 125.4 150.7 175.9 200.7 232.6 262.7 279.9 281.6
439.9 430.1 419.4 408.6 398 385.9 367.8 365.7 373.4 376.8 378.3 378.4 355.5 325.2 288 256.8 226.4 200 174.3 146.4 118.7 100.1 96.7 106.4 115.5 122 128.6 136.4 143.5 145.1 152.4 156.8 169.2 181.9 199.9 220.6 233.5 244.7 250 266.7 284.3 293.2 296 299.8 299.3 302.4 301.9 305.2 303.5 302.3 298.4 291.1 277.1 248.9 222.8 197.8 177.1 147.2 115.4 91.8 82.3 72.4 63.1 58.8 57 45.1 42.5 41.3 43.5 52.3 66.5 79.6 94.7 113.3 137.2 161.8 190.8 220.5 251.2 279.9 287.1 289.2
432.7 421.1 409.8 398.3 388.5 377.3 360 353 362.7 371.6 374.8 374.8 352.7 325.4 293.4 264 234.4 206 176.3 146.4 120.9 97.5 93 99.4 107.9 112.3 119.3 126.9 132.6 136.6 139.6 145.1 158.5 170.6 184.5 201.6 210.1 220.3 245.5 268.4 283 290.7 290 290 295.9 301 296.2 291.7 290.1 286.4 277.7 271.4 254.5 227 195.7 173.4 151.2 126.8 98.3 78.9 71.5 62.5 54 48.2 42.1 38.9 38.4 38.5 41.1 62.4 75.9 90.2 107 126 149.2 175.1 206.9 239.4 270 283.2 290.3 298.4
419.7 409.9 398.4 385 375 362.9 348.5 343.4 350.5 357.2 365.6 370.4 351.1 331.3 309.2 276.1 249.2 214.8 184.2 155.1 125.9 103.6 89.3 90.5 98.2 104.1 111.6 118.3 119.6 125.2 128.3 136.7 147.7 158.9 169.7 176.1 194.6 215.3 237.7 263.2 279.2 281.7 283.7 286.6 286.9 287.7 280.6 277.9 273.9 263.7 249.7 238.5 229.4 204.7 176.7 149.2 127.4 103.2 80.7 69 62 53.7 45 39.5 35.9 36.3 39.2 39.7 50.7 68.8 83.8 100.2 117.6 140.1 163.5 192.2 224.6 258.1 276 286.9 300.1 307.8
404.9 396.2 386.2 373.7 360.9 345.3 335.2 332.6 341.1 347.5 356 363 347.5 331.3 315.3 293.6 257.7 221.5 190.7 163.7 135.6 108.4 92.8 82.5 84.7 96.6 104.3 107.2 108.6 112.6 118.4 124.8 133.3 142.1 147.8 162 179.7 203.7 232.8 248.2 263.7 273.6 280.3 273.8 271.1 271.1 262.6 260.8 252 239.6 224.6 212.2 195.9 176.5 150.5 129 107.9 91.6 72.5 60.5 53.2 44.8 36.9 33.3 35.8 37.3 38.6 46.6 61.1 74.9 91.4 109.6 128.8 155.3 179.9 207.9 243 270.3 279.9 292.2 303.7 313.5
389.4 381 371.8 362 349 332 323.4 322.7 333.4 341.4 349.9 355.4 343.8 329.5 313.7 289.8 260 226.8 197 169.9 143.3 118.1 98.2 86.2 72.5 86.4 94.4 94.4 96.3 102.2 108.6 112.6 117.4 125 129.3 148 170.3 191.4 214.1 244.9 259.3 263 261 254.7 249.4 251.1 238.4 235 227.6 214 199 183.5 166.6 147.8 128.1 106.5 88.5 72.8 61.6 50 42.1 35.7 31 33.9 34.8 35.6 43.4 55 66.8 80.5 98.2 119.9 140.5 166.5 196.8 229.5 259.6 273.6 285 291.7 304.3 314.7
364.9 361.5 355.7 347.3 336.8 320.5 311.3 313.5 326.7 336.3 342.8 346.4 337.9 325.3 309.7 295.3 268.5 235.1 207.9 178.4 150.9 125.1 106.8 89.9 72.7 76.9 82.4 81.1 84.2 91.6 97 98.5 101.7 106.3 117.7 132.9 150.8 183.3 215.6 233.3 246.9 242 235.5 234.4 233.7 225.2 215.5 208.3 199.8 187.9 171.6 159.4 141.1 119.1 97.7 78.6 63.9 57.7 47.5 37 34.6 31.1 32.1 32.5 33.5 35.9 46.5 59.3 72.7 87.3 104.6 126.9 149.7 175.2 207.5 237.2 258.9 271.7 283.7 291.3 302.4 313.5
338.4 337.8 336.5 331.5 321.9 308.2 299.1 307.3 318.3 327.9 333.9 337.2 331.3 321 308.9 295.7 280.2 252.4 219.8 187.8 161.7 135.2 115.2 93.8 71.6 67.7 71.3 68.3 69.1 81 84.2 85.5 87.4 95.2 107.9 116.6 138.5 159.6 181.8 201.4 211.5 214.3 220.6 223.5 221 210.7 192.8 181.7 169.7 154.8 137.9 122.7 107.4 88.6 67.6 59 50.2 41.8 34.1 27.8 28.9 29.3 30.2 31.6 32.3 39.3 49.9 62.8 76.7 91.5 109.8 130.9 153.8 181.1 207.1 236.4 256.7 272 281.7 287.5 294.8 312.5
333.6 318.9 314.2 310.5 305.1 296.4 288.3 297.1 307.9 317.2 327 330.4 324.9 316 307.3 298 284.8 265.9 231.5 200.5 173 147 125.7 104.6 87 71.8 57.9 56.8 54.1 57.6 74.1 75.9 74.7 84.1 93.4 105 121.3 140 159.1 182 191.1 200.8 215 218.1 205.8 189.7 167.4 151.2 136.7 121.2 103.5 90.3 78.2 61.8 53.1 43.4 35.2 28 25.3 27.3 28.1 28.8 29.3 29.6 31 41.1 51.6 65.2 78.5 94.2 111.3 130.7 155.6 179.3 208.8 234.4 251.4 266.1 269.1 274.2 287.3 300.4
343.3 317.7 303.2 290.5 287.9 283.5 277.1 285 296.2 309.2 318.5 321.6 319.9 311.6 301.3 292.8 283.1 268.4 246.2 213.9 186.2 159 137.3 117.6 101.3 90.6 75.5 67.5 59.7 45.4 52.4 66.3 66.2 77.9 85.2 93.6 110.7 125.8 142.1 159.9 172.9 187.7 205.1 199.5 185.5 159.3 139.4 121.7 107.4 91.1 77.6 64.7 54.6 45.3 36.5 29.5 24.8 25.3 25.8 26.8 27.4 28.1 28.6 28.8 31.6 42.3 53.2 64.7 78.2 94 111.6 133.2 156.1 171.7 201.4 217.5 235.9 247.8 253.5 269.7 275.8 281.1
350 332 312.5 296.2 278.9 271.3 268.7 278.3 293.6 304.9 312.7 316.7 312.6 306.2 294.4 285.3 276.3 258.8 237.9 217 189 164.5 144 124.3 106.2 93.5 81.8 75.4 65.8 49.9 39.9 54.6 58.5 64.3 74.6 84.3 98.7 112.5 124 138.4 157.1 184.2 192.5 173.7 154.8 132.5 112 95.4 82 68.7 59.6 51.3 40.2 30.9 23.3 22.7 23.9 24.8 25.3 26.1 26.8 27.2 27.5 28 34 43.9 54.2 65.7 76.6 90.9 108.1 123.6 142.4 163.7 186.3 198.4 217.6 234.3 241.6 256.3 256.4 266.7
342 328.5 312.7 290.5 273 262.1 263.2 279.4 293.1 301.5 307.9 309.1 303.4 297.3 285.6 276.3 264.6 246.6 226.7 207.6 179.5 158.5 141.7 124.9 108.7 93 78.8 69.7 64.2 48.8 35.8 43.2 51.7 60.2 71.3 77 86.9 97.3 111 131.6 160.6 163.4 158.8 144.1 124.5 105.4 87.5 76.3 65.6 54.1 44.3 36.2 25.2 21.6 22.4 23.2 23.6 24.2 24.8 25.6 26.3 26.4 26.6 27 34.3 44.5 54.3 64.1 72.8 87.1 104 121.1 138.4 160.4 176.9 190.4 209.1 216.5 225.1 227 233.7 242.7
332.7 319.5 298.2 279.3 263.4 253.7 258.9 276.9 289.8 297.3 300.9 303.1 292.8 283.6 274.2 263.3 249.9 228.3 210.3 191 170.6 151.1 134 118.7 102.8 84.2 70.2 60.4 52.6 46.5 33.1 35.6 42.6 50.5 60.5 65.5 79.2 94.4 114.5 128.8 132.7 140.7 138.3 115.2 95.7 77.7 66.1 58.4 49.1 37.5 26.9 20.6 21.1 21.3 22.2 22.5 22.9 23.6 24.2 24.7 25.2 25.3 25.5 26.4 33 40.9 50.8 61.1 73.5 88.4 102.3 120.4 136.4 152.3 167.4 183 190.5 197.1 199.5 202.6 208.5 215
322 307.2 284.2 267.2 251.8 246.2 257.2 272.5 286.4 293.4 297 295.9 284 272.6 257.9 246.4 231.5 211.5 202 184.5 169.3 143 123.9 109.2 88.1 74 58.1 49 43.3 39.4 30.5 30.9 34.1 39.7 50.4 60 73.5 94.5 110.9 116.8 119.8 118 106.1 87.5 70.5 58.2 48.7 39.2 30.4 22.3 20.2 20.6 21.2 21.1 21.8 22.1 22.8 23.3 23.6 23.9 24.1 24.3 25.2 25.3 29.5 34.8 44.9 55.3 67.4 86 102.1 116.1 132 144.8 157.6 169 177.4 176 176.5 181.7 184.5 187.5
309.5 292.8 271.2 255.6 242.8 242.1 255.5 272.9 282.6 289.2 290.1 287.1 273 254.8 241.8 230.6 211.3 190.8 182.2 168.6 154.5 134.1 110.3 96.9 77.5 59.8 44.4 39.2 36.8 32.2 27 26.9 28.2 31.4 40.4 48.5 63.6 84.2 100.4 99 91.8 82.6 74.9 61.8 48.2 35.8 30.8 23.7 19.7 19.4 20.1 20.6 20.8 21.1 21.3 21.6 22.2 22.7 23 23.3 23.3 23.5 24.1 24.4 26.6 30.9 41.4 53.1 70.4 92.5 106.7 121.4 131.7 140.7 149.2 145.1 152.5 153.5 154.3 156.5 158.3 162.9
292.1 275.1 257.9 243.4 235.9 240.8 252.2 267.6 278.7 283.1 282.4 277.3 256.9 238.6 221.6 209.2 193.8 174.8 165.8 147.8 130.2 109.8 92.7 81.3 63.4 45.4 33.8 31.5 30.9 25.3 24.7 25 25.2 25 30.1 37 49.8 69.7 74.9 72.5 65.8 57.1 47.6 36.4 27.5 18.9 18.2 18.2 18.3 19.5 19.6 20.3 21.8 20.8 21.1 21.3 21.6 22 22.3 22.5 22.6 22.8 23.3 24.2 25.8 33.2 41.8 56.7 67.9 84.6 106.9 120.7 130.6 131.3 124.9 123.3 131.4 132.6 129.9 131.8 135 140.4
273.2 259.7 245.1 235.9 230.3 239 248.1 259 269.7 274.5 275 263.8 239.2 220.8 204.8 189.7 177 160.3 145.1 127.1 107.6 89.8 77.9 66.6 49.5 32.4 29.6 24.5 22.3 22.4 23.5 23.3 22.4 21.6 20.7 25 33.7 46 52.5 48.8 40.5 31.1 19.9 16.5 17.1 17.3 17 17.5 18.2 18.7 19.3 21.5 21.3 20.5 20.7 20.9 21.3 21.5 21.8 22.2 22.4 22.5 23.2 24.7 25.9 33.9 41.3 55.9 68.9 84.8 104.3 112.2 118.3 112.2 106.3 107.2 109.9 111.7 111.2 115.5 117.2 122.3
257.3 246.4 235.8 228.1 225.3 235 242 250.6 260.8 268 265.4 247.1 229.2 207.8 191.1 175.9 163.1 142.8 123 104.8 89.6 73 62.9 51 32.9 26.1 21 20 21 21.9 22.9 21.9 21.3 20.4 19.5 18.8 20.7 24.3 26.4 24 15.8 16 16.2 16.6 16.9 16.6 17 17.7 18.3 18.9 19.1 20.1 20.1 20.2 20.5 20.9 21.2 21.3 21.9 22.2 22.9 23 24.9 31.7 33.5 37 45 50.9 66.9 74.6 88.7 95.1 100.2 93.1 93.3 93.3 94.7 99 101.7 104.1 106.9 110.4
244.2 234.7 225.7 219.2 222.7 231.2 237.1 247.4 256.1 261.6 256 237.5 213.4 190.7 174.5 159.7 145 121.8 105.4 85.9 71.6 59.7 51.5 36.3 27.2 20.1 18.6 19.2 19.7 19.5 19.9 20 19.5 19.8 19.1 18 17.1 16.4 16.3 15.2 15.2 15.4 15.6 15.8 15.3 16.8 17.2 17.6 17.9 18.3 18.8 19.3 19.7 20 20.2 20.5 20.4 21.8 23.6 22.7 23.4 30.9 39.3 44.7 46.7 54.9 63.2 70 75.3 84.6 85.3 84.5 88.2 91.7 90.5 94.2 95.3 98.7 99.4 103 104.1 106.8
232.9 225 211.7 210.7 220 225.2 232.9 239.4 252.3 256.3 246.9 220.4 195.6 173.6 152 138.2 125.4 105.2 87.9 70.5 56.2 48 37.7 26.5 21 17 17.1 18.2 18.8 18.3 18.6 18.1 18.9 17.7 17.9 17.6 16.6 15.9 15.4 14.7 14.9 14.9 15 15.5 16 16.7 17.1 17.3 17.7 18.1 19.1 19 19.2 19.6 19.8 19.8 20.1 26.7 29.3 30 32.6 42.8 52.6 62 66.8 71.7 78.2 92 100.5 106.4 106 105.4 108.4 101 100.6 105.8 113.4 113.3 110.7 111.7 111.3 112.2
221.7 209.6 201.7 209.5 212 216.5 217.3 228.8 243.1 243.4 232.5 205 180.2 158.7 133.1 114.5 103 87.2 72 55.4 41.6 34.7 25.5 20.8 16.5 15.3 15.2 16 15.9 16 16.8 17 17.6 16.9 16.9 16.5 16.1 16.1 15.6 14.5 14.9 14.2 15 15.5 15.9 16.5 17 17.4 17.8 18.7 18.7 18.2 19 19.2 19.3 19.3 29.7 37.1 34.8 37.2 41.7 55.2 68.9 77.7 85.9 90.6 99.7 114.7 121.7 127.3 126.2 124.5 120.4 115.8 114.7 121.2 133.2 140.1 134.1 130.8 131.7 128.8
229.1 206.7 190 200.2 201.9 203.4 204 211.3 228.5 234.8 221 189.8 166.5 147.5 124.4 97.5 88.2 74.4 55.5 40.9 31.3 24.1 19.4 15.6 13.8 14 14 14.1 14.6 14.8 15.4 16.2 16.4 16.5 16 15.4 15 15.3 14.4 13.2 15.1 15.3 15.2 15.6 16.3 16.6 16.9 17.3 17.6 18.2 17.7 17.9 18.6 27.6 37.6 42.3 40.3 39.5 40.9 47.6 56.7 70.2 85 97.4 106.2 114.2 126.8 138.3 144 152.1 154.3 148.9 139.7 136.9 134.4 142.3 155.3 166.5 164 155.2 151.1 151.5
239.4 213.1 183.4 183.4 191.5 190.9 194.1 206 226.5 232.7 206.1 178.6 160.2 134.2 109.1 89.4 70.1 62.9 44.5 30.7 21.5 15.4 13.9 13.9 11.8 12.6 13 13.1 13.8 13.9 15.1 15.5 15.7 15.4 14.8 14.7 14.1 13.1 14.3 14.6 14.9 15.3 15.4 15.9 16.2 16.7 18 17.2 17.6 18 18.2 21.5 28.9 59.7 55.7 43.4 39.2 41.7 49.3 61.4 78.2 95.1 108.6 119.8 129.6 143.5 154.1 165.9 168.7 176 182.2 174.9 168.3 169.9 169 168.8 177.7 192.5 192.6 186 172.6 174.7
248.4 225.2 191.4 170.5 176.2 183 186.1 207.6 220.9 230.6 202.4 169.6 146 115.8 91.5 72 55.5 44.5 31.2 17.6 12.4 11.3 14.1 12.1 11.7 12.2 12.5 12.9 13.6 14.3 14.3 14.4 14.3 13.9 14 14.2 13.7 13.9 14 14.6 14.9 15.1 15.3 15.7 16 16.9 18.5 17.7 17.4 21.9 30.2 35 46.1 58.6 39.5 36.3 41.9 50.9 66.1 81.6 100.7 122.6 137.9 146.2 156.2 169 183.3 191 200.4 206.9 210.3 210.7 201.5 199.7 199.8 197 202.3 212.5 218.5 213.9 205.1 195.8
255.2 235.3 201.3 173.4 160.7 168 178.1 199.6 222.8 220.5 197.7 159.9 128.5 100.4 74.5 56 40.9 32.1 21.5 11.2 10.9 10.9 12.2 11.4 11.5 11.8 12.1 12.7 13.1 13.3 13 13 12.6 13.1 13.6 11.6 12.6 14.4 14.3 14.4 14.7 15.1 15.3 15.7 16 16.3 16.6 17.1 17.1 20.5 34.3 47.1 55.4 33.1 30.7 39.9 50.3 65.2 83.7 103 123.2 143.9 160.3 175.4 191.1 201.8 213.4 222.1 228.4 242 243.7 241.7 236.8 236.2 235.4 232.7 233.6 240.7 243.9 237.9 231 223
254.7 237.7 212.8 185.6 159.5 151.7 169.4 181.2 203.4 199.5 185.4 150.7 114.5 87.2 61 40.2 26.3 15.9 11 10.7 10.9 11.1 11.3 11.3 11.6 11.6 11.8 12.3 12.3 12.3 12.2 12.4 12.6 12.5 12.9 13.4 13.6 14.7 14.4 14.4 14.6 14.7 15.2 15.6 15.9 16 16 16.3 16.6 16.8 27.1 28.6 23.2 27.2 36.4 44.3 58.3 78.7 100.1 124.9 148.6 166.7 180.3 200.5 216.6 230.2 241 253.9 269.4 281.8 285.6 276.6 271.5 272.2 265.3 263.1 269.3 267.8 269.3 258.5 253 242.9
256.1 240.9 219.7 188.4 167 147.2 155.1 167.2 178.5 176.4 167.4 133.7 96.5 70.1 45.3 25.1 12.4 10.3 10.5 13.1 11.2 11.2 11.3 11 11.3 11.6 11.9 11.9 11.5 11.4 11.3 11.5 12 12.9 13.6 13.4 13.9 14.3 14.4 14.4 14.4 14.8 15.4 15.6 15.9 15.8 15.8 15.9 16.1 16.4 16.1 18.8 22.8 29.9 40 53.6 71.7 94.5 119.2 146.8 173.1 192.3 207.7 228.4 244.9 263.6 271.4 285 305.9 317.7 315.8 317.1 311.1 307 303.5 300 301.6 297.9 288.5 280.6 267.9 266.2
249 236.2 221.2 195 174.1 146.6 141.2 158.1 166.3 159.2 151 117.4 83.8 55.1 30.3 12.9 10.7 10.5 10.4 11.2 10.6 11 10.2 10.7 10.9 11.1 9.2 11.7 11.6 11.8 12.3 12.3 11.8 12.1 12.9 12.9 13.9 14.7 14.5 14.7 14.7 15.1 15.4 15.6 15.6 15.7 15.7 15.7 15.7 15.8 16.3 18.9 25.9 34.3 49 69.4 89 113.6 144.1 172.1 198.6 215.9 236.5 252.4 278.9 298.7 304.5 313.9 329.9 345.9 346.3 338.8 337.1 334.5 330.4 327.1 322.2 315.3 304.8 296.8 285.6 285.2
238.9 230.4 218 206.9 180.9 154.1 127.2 139.2 140.7 135.1 134.9 113 71.4 41.4 17.9 11.2 10.2 10 11.8 12.8 10.6 10.9 9.8 11 11.2 11.6 11.8 11.7 11.6 11.6 12 12.3 12.5 13.3 13.8 12.7 13.7 15 14.8 14.9 15.2 15.4 15.5 15.5 15.5 15.6 15.7 15.7 14.8 14.9 16 21 30 44.5 61.8 85.9 109.8 140 166.4 202.9 219.4 236.7 258.7 284.8 306.9 324.2 339.6 349.9 360.9 362.9 366.6 359 356.2 354.5 351.7 346.6 343 334.9 322.6 317.7 305.2 302.4
226.5 220.5 221 213.6 187.3 160.3 125.7 116 114.3 115.3 108.9 93.4 64.9 27.6 11.8 10.5 10.1 10 10.2 11.3 10.3 10.7 10.6 10.9 11.1 11.5 11.9 11.8 11.6 13.1 13 13.1 12 12.4 13.3 14.1 14.5 15.1 15.4 15.3 15.3 15.4 15.6 15.7 15.7 15.7 15.7 15.8 14.8 14.6 15.9 25 35.5 54.6 78.6 106.3 136 167.9 193.3 212.2 235.6 253.9 278.2 305.9 326.4 342.2 356.2 362 368.5 370.9 378.7 370.5 370.4 370.2 363.1 366 366.8 355.1 346.3 336.6 332.6 324.6
217.5 220 220.5 205.8 189.5 165.4 122.7 98.7 98.6 90.2 81.1 71.7 42 15 10.7 9.9 9.8 9.6 9.6 9.7 10.1 9.2 10.4 10.7 10.9 10.9 11.2 11.9 12.1 12.6 12.8 13.9 13.5 12.3 12.8 14.3 13.8 14.8 15.5 15.7 15.6 15.5 15.7 16.2 16.2 16.1 16.1 16 16.2 16.2 21.8 32.7 49.2 72.8 102.7 129.9 157.1 197.6 207.8 223.4 246.9 272.4 293.1 317.9 339.7 346.8 351.5 358.3 363.4 365.5 372.2 370.8 370.9 370.1 362.4 371.5 373.5 361.2 352.8 351.8 350.5 339.3
