webserver/python/data/SH64.asc
ncols 200
nrows 200
xllcorner 260000
yllcorner 340000
cellsize 50
[rows 35 to 69 of 200, columns 80 to 159 of 200]
355.8 358.1 361.4 358 360 363 362.3 361.5 361.6 373.1 381.9 383.3 385.4 386.3 383.8 379.8 377.2 377.2 377.2 377.2 377.2 403 436.7 466.6 495.5 523.4 546.8 562.5 572.3 570.4 574 576.1 574.1 574.4 580.1 581.1 583.9 585.7 594.1 601.7 609.7 615 622.8 629.1 633.6 637.3 643.6 649.2 653.2 654.7 654 649.6 644.8 639.3 643.3 638.6 628.2 619.8 612.2 590.9 555 515.3 482.1 454.3 438.3 430.1 433.2 431.3 428.3 425.6 426.4 427.1 433.3 439.3 443.3 447.5 449.9 462.7 455.2 443.9
365.4 367.8 367.7 365.8 369.8 374.8 372.5 370.3 375.2 381.7 383.7 387.6 389 389.5 387.8 379.2 377.2 377.2 377.2 377.2 383.1 431.2 469.7 501.4 531 559.3 575.3 579.9 575.2 573.5 570.9 572.5 571.4 574.4 579.3 582.2 584.7 590.8 602.9 608.6 615 619.3 625.5 632.8 637.3 645.9 653.3 658.6 661.5 663.2 664.5 662.5 656.3 659.3 660.7 645.3 632.1 623.4 608.8 580.8 545.9 509.9 476.3 453.7 439.1 435.6 437.6 434.8 431 429.7 435.9 436.1 441.4 446.7 452.3 458.6 462.2 470.1 474.4 471.2
371 372.1 372.3 373.9 383.2 388 381.4 383.1 385.5 386.5 390.3 393.9 400.6 401.8 394.9 384.4 377.2 377.2 377.2 383.4 416 449.3 491.9 525.4 560.5 586 583.9 579.6 577.6 576 570.8 570.8 570.8 572.9 579.1 583.1 588.1 597.4 605.1 612.8 618.3 623.4 631.7 636.4 647.4 653.5 658.3 663.1 663.3 666.1 667.3 664 661.7 661.6 662.8 644 630.8 617.1 604.5 572.6 542.2 510.7 477 456.2 443.2 441.5 443.3 439.8 440.4 439.7 446.3 446.1 448.7 454.7 462.3 469.5 473.8 478 481.9 483.9
375.2 374.2 376.2 390.4 396.3 398.7 396.2 396 395.3 393.7 399.5 420.7 418.1 411.5 404.1 395 386 384.5 387 412.5 436.1 465.6 511.8 548.5 583.1 590.9 581.3 579.8 577.3 570.8 570.8 570.8 570.8 570.8 578.7 585.4 593.5 599.9 606.8 612.7 620.8 627.8 634.8 641.9 646.3 650.1 655 657.1 660.5 663.2 664.2 663.6 660.8 659.8 656.7 640.3 626.3 614.7 602.6 572.5 548.3 518.5 486.3 467.1 456.5 450 450.2 446 444.7 452.2 456.3 455.3 456.7 465.3 474.1 481.9 487.4 495.3 498.8 498.3
380.1 382.3 391.5 403.7 405.8 406.6 412.7 411.6 405.1 406.1 424 445.7 436.5 425.9 416.3 407.8 408 409.6 421.4 444.5 462 503.9 550.1 583.6 588.4 584 578.4 571.4 571.4 570.8 570.8 570.8 570.8 570.8 580.2 586.6 596.6 602.4 608.3 612 620 628.9 632.7 635.9 642.5 647.7 651.3 653.8 658 659.4 660.4 658 658.7 651.7 642.5 642.2 627.2 618.7 603.3 583.5 558.7 528.6 502.3 488 476.1 461.8 458.3 453.6 455.2 467.7 468.2 467.7 468.8 475.8 486.4 494.9 501.6 509.2 513.1 514.2
390.7 395.6 402.2 408.1 410.4 414.6 417.7 414.7 417.5 429.6 452.1 450.5 450.2 442.2 433 427.3 434.6 436.2 465.4 487.7 518.9 547 566 572.3 580.2 579.9 575.9 573.1 570.8 570.8 570.8 570.8 570.8 574.4 582.7 589.4 596.7 600.9 605.2 611.9 618 624.2 630 633.2 642.7 648.1 651.6 654.5 658.3 657.9 645.1 639.1 635.2 631.1 629.6 641.3 627.3 614.8 610 593.6 566.7 542.4 523.1 519.8 501.9 483.2 472 467.9 474.6 480.3 483.2 480.4 485.5 494.8 502.7 512 519.2 530.8 532.4 531.4
401.1 399.6 406.7 409 408 411.4 409.7 416 429.9 448.4 455.9 459.9 460.7 453.5 452.9 451.1 470.8 471.6 505.8 535.9 563.3 556.2 556.7 556.9 571.4 581.3 577.4 572.8 570.8 570.8 570.8 570.8 571 577.5 585 590.4 596.1 600.8 605.8 610.7 619.1 624 628.2 636.2 644 649.4 648.7 646.7 642.9 642.9 635 626.5 623.6 624.7 619.7 623.3 618 615.7 612.2 603.1 582.6 558.4 546.6 543 527 512 498.2 494.4 498.1 504.1 497.1 496.1 507.2 515 522.9 531.5 541.5 548.2 547.9 546.9
400.2 395.6 396.2 398.4 399.8 409.3 417.7 425.5 442.5 450.9 461.4 469.9 466.4 465.8 471.5 477.2 493.2 503 534 557 566.3 559.5 556.1 561.3 570.4 574.2 573.2 572.8 571.7 570.8 570.8 570.8 575.6 582.3 587 592.8 598.2 602.9 608.2 614.3 620.9 624.5 627.3 632.4 636.4 640.4 642.3 636.3 629.9 630.7 630.2 622.5 620 619.6 620.1 615 614.4 617 614.7 615 601.4 576.6 568.8 564.3 552.6 534.7 525.6 521.3 522.3 522.5 514.1 519.1 531.2 538.1 543.6 550.1 557 559 560.4 562.7
382.4 382.4 389.7 394.6 403 413.3 422.9 434.6 445.7 458.1 473.9 475.9 477.9 482.3 491.2 505.8 507.6 523.6 547.7 568.1 573 569.8 561.4 568.7 579.4 574.2 573.6 575.1 575.8 574.2 573.8 575.4 580.8 586.2 592.1 597.3 601.9 607 612.4 617 617.8 616.1 614.1 623.7 635 638.6 634.8 630.8 629.3 635 636.2 627 619.4 616.8 621.7 612.9 622.6 619 619.9 623.7 617.8 601.5 590.6 583.9 570.2 558.8 549.4 546.8 550 543.7 539.9 545.7 554.2 559.8 562.6 564.2 567.7 572 571.4 573
367.9 377 390.2 395.7 403.6 412.4 424.8 435.2 451.4 470.1 476.6 481.5 490.8 501.5 513.2 529.1 522.8 538.9 561 565.7 570.8 569.4 577.6 594.8 587.5 578.8 576.8 579.4 578.7 578.8 578.9 580.6 585.1 590.3 594.4 600.1 605.3 608.6 613.3 613.7 614.2 605.6 606.8 613.7 627.6 628.4 631.1 629.7 632.3 635.4 629.5 617.7 613.4 613.6 608.6 609.8 621.8 616.5 625.3 630.5 634.6 626.9 619 605.4 590 580.5 575.3 573.8 572.6 566.9 564.3 565.5 572.9 576.4 576.3 576.2 577.5 580.1 578.2 581.1
361.7 377.9 386.3 398.1 405.6 411 426.5 438.9 457.8 469.5 474.6 491.1 506.9 522.5 535.9 545.9 543.4 548.7 557.4 560.1 563.2 579.6 596.5 597 591.2 586.7 591.9 586.5 583.8 583.3 583.1 584.1 584.1 583.6 583.8 595.3 604.8 606.7 607.4 608.3 606 598.6 601.7 609.7 617 620.3 626.4 635.4 623.6 619 615.9 609.9 607 610.1 595.7 608.1 615.5 615.5 616.3 628.1 640.6 644.1 647.3 629.2 617 608.2 597.9 592.1 586.7 582 583 586 588.5 588.4 587.4 586.6 587.9 589.2 589.4 589.6
359.2 371.8 383.8 397.1 400.4 415.1 431.5 444.9 455.7 461.9 475.5 498.8 520.1 537.9 551.5 549.8 548.2 558.2 560.6 562.5 571.9 599.2 599.6 594.2 594.7 599.8 601 598 593.3 591 589 581.4 576.3 571.4 567.9 570 583.1 589.9 599.2 604 599.6 598 602.3 607.8 615.1 624 624.1 611.7 605 600.7 603.9 606 596.4 590.1 596.9 606.7 615.5 615.5 621.2 629.2 644.2 654.4 663.9 667.4 654.5 640.2 621.1 611.1 604.3 600.6 600.4 601.1 601.3 602.2 601 599.8 604.4 606.7 606.2 603.5
357.4 363.2 376.7 392.1 403.2 420.7 431 439.7 444.7 461.1 479.2 517.3 539.2 551.5 556.1 555 561.6 570.6 572.5 573.3 588.6 595.7 597.8 597.1 602.9 609.8 610.1 609.7 606.4 600.4 587.6 582.3 575.4 566 555.4 559.2 565.9 573 585.3 590.1 597.7 604.9 610 615 613.9 608.4 602.2 594.9 588.3 590.5 598.8 601.4 586.3 597.3 595.7 608.4 616.7 621.6 630.9 635 648.2 653.1 668.2 667.8 653.4 639.2 628.9 625.5 622.8 615.3 617.2 613.7 621.4 618.6 616.9 617.6 622.2 626 627.7 624.1
353.1 362.3 370.3 383.9 397.6 407.6 417.3 431 448 468 503 533.2 546.9 557.3 559.5 563.5 572.2 578.5 580.7 582.6 581 582.4 598.4 607.4 617.6 621.7 622.7 619.7 615.8 601.1 591.7 582.3 573.1 563.2 542.6 560.5 570.7 573.6 580.6 588.5 591.4 593.1 594.4 596.1 600.1 597.4 594.5 591 586.4 586.4 580.5 578.6 578.4 585.4 588.2 602.5 617.6 628.4 641.1 646.3 657.1 654.7 653.4 649.6 640.8 634.3 630.7 626.2 617.5 616.7 617.7 617.7 618.8 624.6 629.2 633.4 637.2 640.9 643.8 642.9
352.6 360 369.8 380.2 388.6 398.2 413.2 435.6 464.2 495.5 527.9 540.1 550.2 565 568.7 572.1 576.9 581.6 583.7 579.1 575.9 580.4 592.7 613.9 624.6 629.1 627.5 622.2 610.6 601.8 595.7 587.2 570.8 544.9 523.1 540.1 550.6 554.8 559 562.1 568.2 576.2 580.5 583.5 587.5 593.8 595.3 593.5 584.4 581.9 570 569.1 575.7 583.2 592.7 605.7 619.6 632.8 647.6 656.1 660.7 656 641.5 644.6 635.7 635.6 634.1 626 614 617.6 616.4 622.5 623.4 626.4 632.6 639.5 642.9 645.8 650.4 656.4
354.8 362 373.9 377.8 387.8 405.9 425.3 464.4 488 517.6 525.7 533.5 550.6 562.3 569.6 575.4 579.7 584.3 572.2 569.6 573.8 579.5 594.2 615.3 625.5 631.5 627.7 620 613.4 606.5 602.5 585.8 547.1 518.3 503.5 516.9 528.1 538 548.1 554.6 560.6 571.8 579.9 584.9 590.4 592.3 594.8 585.8 579.6 570 564.7 566 569 575.9 587.8 605.9 622.2 635.5 647.3 649.8 643.2 635.8 624.6 625.9 626.5 626.7 627.3 613.2 608.8 608.8 608.8 616.3 622 625.6 631.4 639.3 641.3 648.2 653.9 661.4
356.5 365.8 371.7 381.7 395.9 416.4 448.3 460.3 469.9 492.2 507.1 523 545 558.4 570.5 581.8 585 575 564 566.3 574 582.5 595.1 608.5 623.9 632.1 623.2 622.8 619 610.6 582.7 551.9 520.3 498.3 488.3 505.8 522 531.6 541 549.1 560.1 580.3 584.4 589.4 589 587.8 583.5 577.7 569.1 562.8 557 562.5 569.7 576 582.6 606 628.9 639.2 641.9 633.2 626.9 621.5 615.1 614 614.7 619.7 614.1 608.8 608.8 608.8 608.8 613.5 619.6 625.2 632.2 641 645.8 652.5 659.7 669.5
359.3 366.1 371.7 388.3 411.1 433 437.2 443.9 458.9 479.2 491.3 509.9 538.9 548.7 558.1 567.5 574 564.7 564 568.8 575.6 584.8 597.6 610.2 628.5 631 628.9 627 612.5 574.8 547.9 524.6 507.3 487.4 482.3 504 520.1 531 541.2 555.5 566.5 564 568.6 567.7 565.4 575 582.5 565.3 555.4 555.4 553.5 559.5 565.8 568 577.6 603.2 622.7 633 635.1 625.6 621.3 613.1 612.2 610.3 608.8 608.8 608.8 608.8 608.8 608.8 608.8 609.9 617.8 627.1 636.4 645.3 653.8 660 666.8 674.3
358.5 365.7 376.9 400.8 418.1 423.4 427.9 440.3 459.6 475.4 490.4 508.1 516.1 530.3 541.7 555 564.9 564 566.5 572.5 579.6 586.7 599.3 614.8 630.8 626.9 618.4 604.1 579.7 550.9 529 508.3 492.4 479.9 482.6 503.5 514.9 523.8 532.2 536.7 538.3 545.1 548.3 549.9 554.5 557 557.5 553.8 551.3 550.9 550.3 553.2 552.2 554.6 567.5 596.3 620.5 623.7 618.1 618.4 618.1 608.8 608.8 608.8 608.8 608.8 608.8 608.8 608.8 608.8 608.8 614.9 623 634.8 644.7 652.2 659.8 668 673.9 679.3
359.3 368.2 380.7 396 407.6 415.2 427.8 448.3 469.7 473.1 472.2 483.1 501.1 525.4 544.5 561.1 567.8 568.4 570.2 578.8 585.6 594.2 606.4 620.3 626.8 614.2 591.6 572.8 553 536.5 518.8 502.8 481.4 466.6 474.4 495.1 501.3 506.7 512.7 518.6 525.8 533.1 542.6 551.8 555.5 551.6 547.7 551.3 543 539.4 545 547.2 548 558.5 571.6 592.1 609.6 618.5 622.2 626.7 621.7 613.9 608.8 608.8 608.8 608.8 608.8 608.8 608.8 608.8 615 623.4 630 637.5 643 651.9 658.2 663.4 667.5 675.5
364.6 369.2 383.5 391 400.1 414.2 437.3 442 447.7 458.7 465.5 481.6 501 527 550.5 568.1 572.3 576.1 578.8 586.3 596.9 605.9 616.3 626.4 617.3 609.5 586.2 562 543.6 522.2 497.9 479.2 465.1 452.1 466.9 481.6 491.4 503.5 512.1 516.9 524.3 537.4 544 549.2 551.5 548.3 547.6 552.4 540.4 536.2 538.1 541.2 547.7 562.9 575.4 585.5 604.2 619.4 625.2 627.9 627.9 621.8 620.4 619 610.1 608.8 608.8 608.8 615.4 623.3 624.6 622.8 626.2 633.1 639.5 644.2 649.5 656.4 664.6 672.5
371.3 371.1 383.5 390.5 406.2 422.6 432.6 438.7 456.6 465.9 471.5 484.4 501.8 522.4 547.8 565.4 576.7 586.3 590.8 598.6 607.5 619.9 632 633.1 614.2 609.9 605.7 567.7 531.6 499.1 473.3 457.8 450.4 448.8 463.8 480.6 495 508.1 512.1 519.8 527.3 535.4 543 545.5 546.1 546.7 536.9 536.5 537 536.8 539.5 544.8 549.9 561.8 582 596 607.4 617.6 622.9 627.9 627.1 626.1 626.5 617.7 609 613.9 615.2 615.9 623.2 620.5 617.2 616.3 615.8 611.5 620 634.2 642.8 652.1 665.2 672.6
381.2 380.1 385.4 398.1 416.7 431.4 435.6 449.1 461.6 469.1 481.6 495.6 511.8 528.8 548.2 565.8 585.5 595.7 601.9 610.6 625.3 635.3 646 632.3 622.3 616.1 601.6 556.7 511 483.6 459.2 447.2 444.6 451.3 464.6 488.4 504.3 515 522.1 527.6 531.6 532.8 531.9 533.3 542.4 539.1 533 533 533 538.1 543.3 547.2 553.2 566.7 586.6 606.4 614.6 618.4 625.1 628.7 626.7 620.3 605.4 600.1 613.5 616.6 604.3 601.3 600.3 609.2 604.3 599.3 598.5 597.2 615 629.9 640.7 651.8 664.2 668.6
390.5 392.9 395.4 406.6 423.3 433.6 442.3 458.2 470.2 481.6 493.1 510 522.4 538.3 556.4 573.3 596.6 615.2 621.3 630.2 641.8 651.7 645.7 635.3 635.7 615.9 565.6 526.4 496 468.5 447.1 442.9 443.2 450.8 461.3 482.2 492.4 507 514.1 520.9 535.6 532.2 530.3 536.1 541.8 539.9 533.4 533 535.9 548 550.8 557.2 564.8 576.8 592.8 608.7 613.4 611.4 609.1 596.5 591.1 580 589.8 608.5 619 609.4 592.6 573.8 567.2 571.5 571.7 571 582 592.2 614.6 633.9 648.4 660.5 665.8 666.4
399.6 408.9 413.2 417.8 438 446.3 460.6 474 483.3 495.7 506.9 520.9 535 546.6 565.5 585.2 608.4 633.9 643.5 651.8 659.7 657.2 648.2 650.2 633 594.6 545.3 507.3 479.5 455.3 446.1 447.9 445.6 456.8 471 481.6 499 512.4 519.4 518.4 526.8 531.5 533.6 543.5 546.8 545.6 533.9 533 545.4 546.8 549.1 559.3 568.4 579.8 590.4 598 581 567.5 560.7 558.9 558.2 569.8 586.8 599.9 601.2 591.3 563.4 542.8 537.8 533.3 539.7 548.5 561.4 579.4 600.8 624.7 644.8 656.8 659.3 656.8
412.1 420.2 423.3 425.3 431.3 453.5 464.5 479.3 494.1 510.2 527.6 535.3 547.1 562.9 582.1 602.9 630.4 649.5 661.4 667.2 666 664.2 657.5 635.5 610.3 578.3 532.6 491.8 470.4 443 441.2 441.2 445.7 461.4 486.1 493.7 508.6 520 523.7 518.8 523 530.7 542.7 546.9 550.6 545 533.5 533 540.7 541.1 549.8 557.7 567.9 578.5 585.5 581.6 545.6 531.6 525.7 522.4 528.8 541 555.9 559.4 556.6 543.6 534.4 520.6 506.2 504.9 500.5 509.7 519.4 535.1 560.6 588 603.8 621.8 633.6 642.6
426.6 430.5 428.9 429.1 427.7 448.9 464.6 484.2 504.2 528.4 541.6 554.5 569.6 585.9 607.2 630.5 664.8 678.2 672.1 670.1 667.1 653.4 635.9 620.3 591.7 548.8 507.6 479.4 456.7 441.2 441.2 441.2 441.2 457.1 476 497.2 516.4 528.2 521.4 518.8 526.3 539.4 548.9 550.8 549.9 542.3 533 533 533 536 547.3 556.9 565.4 568.2 567.6 543.6 511.9 506.2 492.1 483.5 498.4 512.1 518.3 516.7 506.9 504.5 502.8 488 463.2 454.3 451.7 458.4 458 479.5 510.4 527.8 542.3 566 600.3 615.3
447 441.8 440.7 436.1 437.6 453.1 469.4 491.3 515.5 544 562.8 582.4 604 618.3 637.6 671.5 687.5 669.4 667.2 653.8 639.2 630.5 629.7 597.8 562 526.9 489.6 465.9 449.7 448.5 441.2 441.2 458 472.2 481.8 498.9 522.2 527.3 518.8 518.8 527.2 538 544.3 546.9 545.6 539.7 535.8 533.5 530.9 539 545.4 549.8 551.1 553.6 530.2 500.2 485.6 470.5 458.9 449 460.7 466.8 465.6 466.1 463.6 460.7 457.4 450.7 426 413 409.7 406.9 416.9 430.7 448.6 461.2 482 503.5 534.8 565.5
470.8 463.1 450.1 445.8 447.2 460.1 476.4 504.2 534.9 566.1 588.6 608.4 629.7 648.5 667.4 679.2 657.2 635.1 633.4 625.1 608.8 595.4 594.1 569.5 536.2 509.3 479.5 456.2 455.2 452 441.2 444.7 468 478.8 489.4 511 524.2 518.8 520.4 520.9 529.5 535.6 540.3 542.3 542.2 535.9 532.9 527.9 523.4 531.8 538.4 540.2 547.4 521.7 499 478.6 461.4 442.8 424.8 419.6 423.2 426.3 427.3 426.9 419 417.3 421 422 394.8 381.9 375.3 380.8 384 397.6 405.1 412.6 431.5 458.1 483.7 510.2
487.5 481.7 472.4 464 469.3 477.3 493.9 527.9 559.2 591.7 610.6 632.2 649.1 661.4 675 657.3 629.6 614.1 614.6 603.1 584.5 568.7 560.9 546.6 515.2 488.9 473.6 461.2 459.9 454.2 441.2 454.8 470.3 486.9 503.8 521.5 527.1 524.6 516.3 522.9 530.7 536.2 537.5 538.5 537.8 529.2 526.6 524.9 517.5 525.9 534.2 542.8 529.2 500.6 479 456.1 432.6 416 399.9 385.1 394.1 390 386.1 383.1 379.7 382.5 388.6 389.4 364.7 356.4 352 354.3 358.4 362.9 373.6 386.4 405.8 426.4 448.6 471.7
496.4 493.2 491 490.6 495 495.8 516 548 581.6 612.1 634.3 651.5 661.3 666.3 643.2 624.5 599.2 587.7 582.5 570.7 566.7 551.6 539.7 526.9 496.7 476.8 467.6 464.3 454.3 441.2 448 470 485.6 497.4 517 524.9 528 515.3 512.4 522.9 531.8 535.3 532.3 531.8 529.5 518.2 514.5 520 518.9 526.9 527.9 538.1 516.7 481.9 456 430.3 411.3 392.7 377.7 363.6 364.4 359.6 349.8 346.9 351.3 357.4 367.4 349.8 335.9 335.1 334.2 334.3 335 342.1 351.7 362.6 381.3 401.7 421.5 443.3
493.7 500.3 502 512.2 511.6 516.7 530 563.9 604.1 635.6 658.1 666.3 676.5 653 611.5 589.8 568.7 557.8 550.5 543.4 555.1 533.6 519 506.6 483.9 480.3 470.1 458.4 441.2 441.2 463.9 480.1 492.1 502.4 511.9 514.2 513.4 512.4 515.5 520.9 527.2 526.4 523.1 523.2 520.8 506.4 502.8 512 518.4 515.7 515.7 529.2 503.9 465.7 433.6 405.7 391.7 374.2 357.2 338.2 338.1 334.9 332.8 329.6 330.6 332.1 331.5 327.1 322.6 323.8 325.2 325.9 326.9 333.1 339 345 362.7 381 400.5 420.9
487.7 494.4 502.7 516.3 523.4 531.5 545.5 582.4 620.8 651.5 679.3 678.9 647.4 624.7 591.3 557.8 542.6 529.1 521.7 515.2 516.9 518.3 510.4 491 478.3 472.4 462.7 445.8 436.9 456.5 471 484.9 498.4 506.5 509 514 512.4 513.2 519.7 522.4 523 517.1 512.5 509 509.6 500.5 498.3 500.9 507.8 519.3 521.3 516.7 482.1 449.4 422.4 395.9 373.2 356.2 341.1 336.7 329.9 327.9 326.1 325.4 324.1 323 323.6 322.7 320.9 321.7 321.7 321.8 320.9 323.4 327.7 335.5 344.8 361.3 381 401.2
468.9 479 496 507.6 528.1 549 570.5 599.8 631.6 649 660 652.2 610.9 574 545.5 524.3 512.6 505.7 501.2 499.9 503.1 502.6 492.3 481.6 457.2 441.5 430.5 424.3 443.7 460.9 468.6 470.5 478.5 498.4 513 516.3 513.1 513.9 518 516.5 517.4 512.5 506.5 501.8 500.2 492.3 492.2 483.7 485.2 507.3 515.4 500.6 469.3 437.5 414.4 390.9 361.2 343.6 338.3 338.2 330.5 329.1 323.9 323.5 322.4 322.3 320.9 320 320.1 319.5 319.3 319.2 319.2 319.2 319.2 327 337.1 349.6 364.3 383.3
452.5 472.7 492.7 512 533.3 557.3 583.8 604.9 598.2 604.7 616.4 608.5 578.5 543.4 507.3 493.8 489 484.2 484.7 487.2 489.8 484.2 480.5 457.4 432.4 410.6 401.6 400 422.3 418.1 423.3 434.1 458.9 493 512.3 512.7 509.2 507.8 511.9 512.7 514.8 509 502.9 494.1 487.6 478.5 469.5 466.1 465.2 479.2 483.1 478.5 453 431.6 408 383.6 355.4 340.8 334.7 336 335.8 334.1 329.4 323.9 321.4 322 321.5 321.1 321.2 320.8 319.8 319.2 319.2 319.2 319.2 320.9 329.5 341.5 356.1 374.5
