webserver/python/data/SH90.asc
ncols 200
nrows 200
xllcorner 290000
yllcorner 300000
cellsize 50
[rows 140 to 174 of 200, columns 0 to 77 of 200]
106.5 116.6 121 126.9 127.9 128.5 129.9 131.2 132.6 134 136.1 138 142.3 150 157.9 164.3 169.5 176 182.5 188.7 199.9 219 240.9 262.8 277.7 299 316.3 326.2 317.1 291.6 261.2 250 240 238.7 240.3 242.1 243.9 251.3 270.8 292.4 301.2 307.9 309.9 311 310.9 304.6 304.1 303.6 304.2 310.9 316.4 320.5 322.6 324.6 325.9 328.7 330.2 333.7 337.9 339.9 342.2 345.3 347.6 347.8 349.8 350.4 355 354.7 351.3 350.8 350.9 350.7 349.1 350.2 349.6 349.3 350.2 351.6
116.4 123.3 124.4 125.1 125.4 125.2 129.4 130.3 131.4 132.6 134.1 135.9 140.6 147.7 155.2 160.2 164.9 171 179.4 190.4 202.7 221.1 242.4 264 279.3 298 319.1 324.3 313.7 293.2 265.4 242.9 238.7 237.9 238.7 239.8 240.7 246.5 266.6 293.5 295.5 300.5 301.1 302 300.3 291.1 292.6 292.9 296.1 301.5 307.1 313.7 316.9 319 320.7 323.1 326.9 332 336.8 339.8 340.7 343.6 347.6 350.6 351.2 351.5 356.5 354.7 351.6 350.8 350.9 350.9 350.9 350.5 350 349.3 350.9 350.9
118.1 123 123.7 123.7 123.9 125.4 127.5 126.7 129.6 130.9 132.5 134.1 138.2 144.8 150.5 154.9 160.2 170.3 182 193.4 205.6 224.3 247.1 266.9 284.4 301.3 319.7 318.3 309.7 294.6 271.4 246.4 238.6 238.1 235.8 236.2 236.5 242.9 258.9 279.1 284.1 281.4 280.2 280.6 279 281.2 281.7 288.2 295.8 299.2 303.2 306.7 310.9 313.4 315.9 320.6 325.1 330.2 334.5 337.7 339.4 341.7 348.1 350.6 351 351 351.6 350.9 352 350.9 350.9 350.9 350.9 350.9 349.9 350.1 350.9 350.9
120.6 122.4 122.3 122.3 122.4 124.3 126.4 127.5 128.1 129.2 130.6 133.1 136.7 140.6 147.1 154.2 161.3 170.8 184.1 195.6 209.5 226.3 247.8 266.1 283.3 300.4 315.3 308.8 300.8 286.3 268.6 247.8 238.3 234.8 234.2 234.6 234.3 236.1 251.7 270.2 271.5 268.3 262.1 259.4 265.8 279 289.2 298.7 306.2 310.3 312 313.1 315.3 317.6 319.5 323.5 326.7 328.2 331.9 336.5 337.6 340.4 344.1 344.9 346.2 346.8 346.7 345.7 348.9 350.9 350.9 350.9 350.9 350.6 347.6 350.2 350.8 349.4
118.3 119.5 120.5 120.8 120.9 123.2 124.6 124.8 125 126.6 129.1 132.1 134.9 138.8 144.2 151.4 159.5 172.5 186.7 198.8 212.9 228 246.3 264.7 282 299.8 303.9 298.2 289.2 275.6 261.9 247.6 237.6 234.5 231.7 232.1 232 233.2 245.5 263.1 261.8 252.5 246.8 259.9 275.9 289.5 302.3 311.9 317.2 321.5 322.6 323.5 324 324.8 325.4 326.4 328.3 330 332.6 333.1 333.6 336.4 337.7 338 338.8 339.1 340.6 343.5 347.5 350.4 350.8 350.9 350 348.3 347.8 350.9 350.8 348.9
114.2 114.9 116.4 118.1 119.6 120.3 121.9 121.6 121.4 122.5 127.3 130.5 132.4 136.8 141.9 148.1 160.5 174.3 189 200.4 214.7 230.4 248.5 265.6 281.4 291.3 292.2 283.2 273.1 261.6 250.7 238.8 236.1 232.9 229.6 229.2 229.3 228.8 235 247.9 243.6 241.4 245.2 262.4 283.9 301.1 315.4 323.1 328.1 332.3 332.5 330.6 331.1 331.6 329.4 329.6 329.8 329.9 329.9 329.7 330 330 331.7 333.9 336.6 338.2 339.4 341.6 345 347.5 349.2 348.9 348.7 347.7 348.1 350.9 350.9 348.6
111.2 112 113.2 114.2 114.9 116 117.7 120.7 120.3 120.6 123.6 127.4 129.6 134.9 139.9 147.8 161.9 176 189.8 202 216.6 232.9 252.7 271.1 279.2 279.1 274 267.2 256.9 250.7 242.6 234.4 232.1 229.8 227.4 226.9 226.5 225.5 229.4 232 232.2 236.3 242 262.7 285.3 310.8 327.5 332.7 336.3 339.1 338.5 337.8 334.1 329.8 326.2 326.4 327.6 328.1 328.1 328 328.2 329.1 329.1 334 335.8 337.2 338.2 339.5 342.8 344.2 344.9 346.1 347.1 348 348.2 350.9 348.5 345.4
106.7 107.9 109.6 110.8 111.4 113.1 113.8 116.5 117.7 119 121.1 124.3 128.2 131.1 137.4 148.6 161.8 175.9 188.2 201.4 219.2 236.5 256.7 269.8 269.1 264.6 259.6 251 247 241.1 233.1 229.6 228.6 227.1 225.7 222.9 224.1 224.4 224.2 225.7 228.2 232.9 242.5 266.5 290.8 314.1 330.4 335.1 338.4 338.7 338.2 333.3 332 327.9 323.7 322.6 325.4 325.8 326.3 326.3 327 327.9 328.8 333.4 334.9 336.2 337.3 337.9 339.9 340.5 341.1 343.6 344.7 345.3 347.2 346.1 342.8 340.4
106.9 107.2 107 107.5 109.3 111.1 112.2 113.5 115 116.9 118.9 122 125.9 129.8 136.6 149.8 161.7 173.8 186.6 201.1 216.8 224.3 234.3 242 248.6 250.6 245.6 240.5 236.4 233.4 225.4 224.3 223.6 222.8 222.6 223.2 223.5 223.6 223.7 221.3 226.1 231.6 249.8 269.6 295.9 318.1 327.3 329.5 329.1 327.1 323.8 321.8 319.9 318.7 318.8 319.4 323.1 323.7 324.4 325.1 326.4 327.7 329 333.3 333.9 335.2 336.3 336.2 335.3 336.1 338.9 341.1 342.1 342.2 341.7 340.2 337.4 335.5
107.2 107.7 106.3 106.3 107.6 109.1 110.6 112.2 114 115.3 117 120.6 124.2 127.3 131.8 142.9 156.7 168 178.1 189.8 197.1 204.6 211.9 221.8 226.8 230.4 232.6 232.5 228.4 223.7 220.1 219 218.3 219.2 220.1 221.2 220.1 220.6 221 219.1 226.2 234.9 255 274.1 287.2 304 307.3 308.9 312.3 309.7 307.7 305.2 312.3 315.3 319.7 323 322.9 323.3 324.1 324.4 325.7 327 328.3 330.1 333.4 334.3 334.3 332.6 330.5 333.2 336 338.1 339.8 338.5 336.2 334.2 332.1 330.8
106 106.3 105.4 105.3 106.5 107.8 109.2 111 112.9 114.4 115.2 118.3 121.6 123.1 126.3 133.1 142.4 152.4 159.9 167.9 179.7 186.8 196.9 209.4 215.3 220.7 225.7 225.9 222.1 217.1 214.4 214 215.7 217.2 218.7 219.9 217.4 213.8 213.9 217.7 226.1 237.8 251.6 261.5 273.3 281.7 281.4 287.7 295.3 291.2 287.9 285.5 317.7 315 318.9 322.8 323 323 322.8 323.7 325.1 325.9 326.8 329 330.5 331.4 330.6 329.1 329.2 329.6 332.3 334.3 335.1 334.5 332.1 329.6 328.2 327.9
111.7 108.7 107 106 106.4 108 108.9 110.1 111.9 113.3 115.3 116.2 118.9 118.9 121.3 128 134.3 140.3 148.4 159 166.8 177 190.4 200.2 206.3 211.3 216.4 218.2 218.7 209.9 209.1 210.2 211.7 213.1 214.6 216.2 211.3 212.2 215.5 217.3 224.6 228.5 240.6 247.3 257.1 259.4 263.4 273.7 279.9 276.2 275.9 296.2 314 314.3 318.3 322.2 322.9 323 320.7 321.9 323.5 324.2 325.3 326.1 327.1 327.2 327.1 329.2 329.4 329.2 329.7 330.5 330.2 329.7 327.8 324.9 325 325.3
117.4 115.5 111.5 107.5 107.7 108.1 108.9 109.2 110.3 111.3 112.4 115.4 117.8 117.9 120.3 124.2 127.2 136.7 141.5 152 161.9 173.1 184.3 192.9 196.4 201.8 207.1 208.8 207.4 204.9 205.4 206.7 207.9 209.1 210.1 211.4 204.5 212.5 217.8 219 223.9 226.1 230.4 234.3 239.5 245 253.3 263.7 265.8 264.4 280.3 302.9 315.5 317.8 319 321.7 321.8 319.8 319.3 319.4 319.8 322 323.2 323.5 323.7 323 324.1 328.2 329.3 329.1 327.7 326.9 325.3 321 319.6 321.4 322.8 323.5
123.7 119.5 115.6 111.6 109 109.1 109.7 111.5 112 112.6 112.5 111.9 113.7 114.6 119.1 120.5 124.6 130.2 137.9 148.6 157.3 168.5 179.6 187.3 191.7 195.2 198.8 199.3 197.5 200.1 201.9 203.1 204.1 205.4 206.7 204.9 203.3 211.3 217.5 223.6 228.4 233.4 237.5 240.2 239.9 242.2 247.3 253.7 260.7 275.1 293.9 308.9 316.2 317.8 319.5 319.7 317.9 318.1 318.1 318.3 318.6 319.2 319 319.1 319 319.3 324.1 327.4 329.6 330.3 327.5 323.7 320.7 317.9 317.3 317.1 318.4 319.5
126.6 123.1 118.7 114.4 111.9 112.7 114.3 114.3 115 116.4 117.2 115.3 114.7 115.1 115.7 119.3 121.4 127 133 140.7 152.7 163.8 174.9 183 187.2 190.8 194.4 193 191.8 195.9 197.8 199.3 200.4 201.6 201.8 197.6 205 214.6 227.8 238.8 242.8 248.5 251.4 255 251.5 251.3 253.4 259.1 277 294.2 304.7 310.7 315.4 317.1 316.3 314.6 316.2 316.4 316.5 316.7 317.2 318 319.1 319.2 318.8 321.5 327.3 330.4 329.9 327.6 323.4 318.7 316.5 315.4 314.8 314.3 315.2 315.6
127.6 126.9 122.9 119.7 116.5 117.3 117.6 117 117 118.2 119 117.8 116.9 117.6 118.3 118.4 120.3 124.8 128.9 135 143 157.4 170 176.3 182.6 186.5 188.2 187.5 188.4 190.4 192.9 195.5 196.7 193.5 186.5 203 213.8 222.5 241.3 254.5 262.8 269.1 273.2 270.2 272.1 271.5 270.5 276.8 288.8 301.7 307.6 313 313.4 314.2 309.8 311 314.3 314.7 314.9 315.1 315.9 316.6 316.4 318.4 319.6 326.7 330.1 330.2 325.2 320.9 316 313.1 313.3 312.7 312.9 313.5 311.5 312.9
130 129.5 127.9 124.1 121 120.8 120.3 119.7 119.7 119.7 119.4 119.7 119.6 119.4 119 118.8 120.3 123.4 127.9 132.9 137.6 148.7 157 166.5 173.4 180.6 183.8 182.4 183.8 185.4 188.5 190.9 189.6 183 199.2 207.5 217.6 239.2 257 273.8 285.2 291.4 295.6 296.5 297.5 297 296.2 294.2 300.2 306.2 311 314.2 312.8 310.3 309 309 309.5 313.2 314 313.8 314.4 314 313.6 316.3 320.2 328.1 328.7 324.1 317.5 312.8 309.8 308.7 309.6 310.7 310.9 311.1 309 309.1
132.8 132 131 129.7 126.7 125.8 124 122.4 123.1 123.6 123.7 122.7 120.5 120.1 119.8 119.5 119.6 122.6 124.8 130.3 135.7 140.9 149.1 157.9 165.7 173.1 178.4 177.3 179.2 180.8 183 186.1 178.1 190.1 200.4 212.7 231 252.5 272.9 291 304.5 313.3 318.1 321.8 323.3 319.3 316.7 311.8 313.5 316.4 319 316.6 313 309.4 309.1 309.1 310.6 313.1 312.9 312.7 313.4 310.8 312.1 317.8 322.7 324.1 323 318 312.8 308.2 306.9 306.8 307.5 308.3 306.9 306.7 308.7 309.3
135.8 135.1 134.3 134.5 133.3 130.8 127.9 125 127.1 130.1 132.3 126.7 124.1 122.2 120.6 120.4 120.9 121.9 126 131.5 136.8 139.6 145.2 151.5 159.6 166.9 171.5 172 174.4 176.2 177.3 173.3 185.3 192.6 200.6 213.6 242.4 265.2 287.9 308.1 321.6 325.5 329.8 335.3 333.6 331.4 328.3 323.3 321.5 322.5 320.8 316.8 313.5 310.9 311 309.8 309.4 310.4 311.3 311.7 313 309 311.1 318.4 321.8 321 317.7 311.6 308 305.3 304.8 304.8 305.2 304.7 302.9 302.5 305.9 309.7
139.6 139.4 141.4 141.7 139 135.6 132.2 128.7 132.5 135.8 135.2 131.8 127.8 125.8 124 120.8 121.1 122 127.1 132.9 135.7 138.5 141.6 147.1 154.5 159.5 164.1 166.7 169.1 169.7 169.9 169.7 181.3 198.2 213.6 225.9 249.4 277.8 300.8 319.4 328.3 333.3 335.2 339 338.3 335.2 331.5 328 327.8 325.3 322.8 318.3 314.4 314.6 314 311.9 302.4 302.4 303.8 306.8 306 305.4 308.3 314.5 319.8 317.4 310.7 306.4 304.2 303.2 303.2 303.3 303.3 302.1 300.3 299.9 305.5 313.4
144.4 148.2 150.2 147.4 144.1 140.7 137.3 136.5 140.7 145.8 150.2 143.6 135 132.4 129.7 126.4 121.9 122.1 124.9 131.7 134.4 138.2 142.3 145.5 151.5 156.5 159.8 161 162 162.6 162.2 170.9 192.1 207.6 227.4 246.1 264 288.1 310.6 327.6 336.5 341.2 340.2 341.8 340 337.8 334.3 333.9 332.4 327.2 324.7 320.7 317 317.1 315 313.5 302.8 294 297.6 300.1 302.3 300.3 305.4 310.3 310.2 308.2 306.1 303.1 301.8 300.4 300.6 300.9 301.1 300.9 299.6 301 304.7 312.3
153 157.1 157 152.8 149.2 145.9 147.1 151.8 158.1 158.9 164 154.1 148.8 144.7 140.8 135.9 129.4 125.3 123.8 127.3 134.3 138.7 142.9 151.2 147 150.8 156.9 155.5 155.7 155.8 160.7 190 200 217.1 234.9 256.5 280.7 300.7 319.1 340.9 347.8 350.6 350 348.2 344.1 340.5 339.1 342.7 342.3 336.8 330.5 325 319.4 318.6 315.5 311.5 298.4 288.4 291 293.4 296.7 298.2 301.2 304 303.8 302.1 301.3 299.1 297.7 296.2 296.6 297.1 297.2 294.6 293 297.6 300.4 310.1
160.7 164.8 164.5 161.7 157.7 160.2 160.9 168.3 175.5 171.6 172.1 174 166.1 159.2 152 145.3 139.5 132.7 126.4 124.3 132.3 136.8 142.5 144.4 146 146.4 151.5 147.9 150.7 164.6 179.1 192.1 206.7 218.8 239.4 262.4 283.8 302.5 319.6 338.8 352.6 354.7 354 351.9 349.5 348.1 350.6 353.3 347.7 340.6 333.5 328.9 321.9 316 303 294.2 283.2 284.7 287 289.3 291.8 293.3 294.7 296.7 296.2 297.4 296.6 295.1 293.1 291.9 292.3 292.7 292 290.6 289.9 292.7 296.1 302.8
166.2 168.9 170.5 170.5 172.7 177 180.8 189.1 194.9 185.4 179.6 195.1 185.4 176.9 168.4 159.8 150.5 141.7 130.7 126.5 129.5 133.9 138.2 141.6 141.9 140.6 147.4 150 154.4 165.3 177.8 190.5 203.1 216.9 237.4 256.4 273.9 290 306.5 325.3 342.7 352.4 353.1 350.5 350.7 351.9 351.6 350.3 347 341.3 335 328.3 316.7 303.8 292.3 282.3 280.4 281.8 283.8 285.4 286.6 287.6 288.7 288.9 288.6 291.1 292.9 291.4 289.8 288.8 288.8 288.7 288.8 288.8 288.8 290 293.1 298.4
171.9 177.2 179.8 182.2 186.2 195.2 202.7 209.2 213.7 197.7 202.1 214.7 212.3 201.2 188.2 175.2 165.5 153.3 138.2 133.2 130.3 130.2 131.7 133 134.7 136.1 142.7 142.6 149.1 155.9 166.9 181.1 194.2 204.5 217.6 233.4 251.8 269.2 285.9 298.4 314.1 330.6 339.9 346.3 344.3 340.1 337.1 336.7 337.9 336.7 322.6 305.1 300.5 293.1 281.8 271.1 280.5 278.9 280.1 281.3 283.5 284.3 282.4 281.3 283.9 286.6 289.4 286.9 285.3 286 286.1 286 286.1 286.2 287 288 289.4 292.4
177.9 185.5 189.7 193.8 202.4 214.6 219.3 226 232.5 223.6 235.2 241.7 236.4 221.4 206.3 193.5 179.3 163.6 149.9 140.9 143.5 136.8 130.4 131.3 132.1 133.6 135.4 137 141.4 148.3 155.2 164.9 173.1 184.7 200.6 216.7 234.7 250.7 266.7 278.6 285.8 299.9 317.7 322.9 322.8 322.4 325.6 326 320.9 311.6 296.8 284.1 282.3 279 269.5 269.9 281.1 279.2 277.3 277.6 278.9 279.1 277.9 278 279.9 282.5 284.2 282.4 281.7 282.5 283 283.3 283.4 284.2 285.1 286 287.5 289.1
184.1 191.9 197.9 206.6 217.8 219.4 228.5 243.1 250 254.4 258.6 260.7 254.7 239.7 222.5 211.2 197.8 176.8 158.6 146.1 148.1 143.2 140.8 137.4 134.9 132.9 133 136.8 138.3 139.8 146.6 153.4 159.5 170.5 183.4 200.9 219.9 236.4 247.9 254.2 260.8 276.6 293.7 299.6 304.6 310.3 307 301.3 292.8 282.6 271.4 266.5 264 261.6 256.8 267.9 279 278.1 266 265.6 269.8 274 274.1 275.5 278.3 280.6 281.3 278.9 278.7 279.4 280.3 280.6 273 281 283 283.9 286.4 288.7
191.7 199.4 208.9 224.4 225.3 222.3 241.8 262 270.1 276.2 281.9 282.8 278.5 254.9 242.9 228.7 209.4 186.8 164.2 157.5 150.8 150.3 144.2 143.3 141.2 136.1 134 133.6 137.5 138.9 139.4 147.4 154 161.4 169.6 185.5 203.1 216.7 223.2 230.7 240.6 255.3 269.4 280.3 284.3 282.8 279.3 272 266.3 260.6 256.3 253.8 250.5 246.6 251 267.6 277.7 276.6 261.9 262.1 264.8 267.5 270.1 273.2 276 278.1 277 274.8 273.1 276.4 278 277.7 270.7 274.9 280.9 282.7 285 287.3
198.3 204.5 220.3 231.2 229.7 237.5 256 278.7 286.9 295.6 300.8 306.1 299.9 287.1 272.1 242.5 215.2 190.2 168.1 166.8 165 161.6 155.6 150.4 146 141.6 137.2 136.5 136.9 137.2 139.1 142.9 148.1 154.4 162.5 172.4 185.6 194.7 206.6 214.7 224.7 235.1 247.6 249.7 253.3 255.4 253.2 249.8 246.1 243.5 245 242.3 239.4 236.4 249.7 270.1 272.4 268.5 265.2 262.9 263.7 266.1 268.5 270.8 271.8 272.8 271.9 270.7 269.2 269.2 275.8 269.4 271.1 274.9 278.6 281.3 283.6 285.9
206.8 215 232.8 230.8 239.4 253.8 267.2 293.8 303.3 309.6 316.8 322.5 321.6 310.2 279.4 244.5 216.9 193.2 176.1 170.7 170 165.4 161.6 158.5 155.5 151.2 146.9 145 143.8 142.1 142.2 140.2 142.7 147.6 153.9 163.5 170.6 182.9 191.1 199.3 209.1 219.4 226.3 229.8 234.9 237 235.8 234.9 229.4 232.1 235.5 230.9 228 237.4 254.8 272.7 265.7 259.8 256.6 256.6 259.3 261.9 265.1 268.5 269.7 268.4 267.1 265.8 264 260.9 266.4 268.3 272.3 275.1 277.9 280.6 282.9 285.1
216.4 226 243.7 258.8 256.1 262.9 284 310.4 318.3 323.3 331.8 339.9 332.8 315.8 277.4 243.1 216.8 195.9 178.8 172.8 177.2 172.1 167.7 166.8 163.9 160.6 156.8 157.1 156.5 155 152.4 140 142.4 144.4 146.9 152.3 164.3 172 180.4 188.3 194.6 203.2 211.2 216.5 221.6 218.9 218.8 221.1 220.2 221.6 225.6 220.8 232.4 249.9 265.7 266.3 258.7 251.8 249.2 251.9 254.7 257.6 260.5 263.1 264.2 263.3 262 259.9 257.7 263.9 265.2 268.4 271.3 274 277.1 280 282.4 285.8
227.5 237.3 252.7 272.3 279.7 300.1 318.6 330.5 335.2 342 346.3 343.8 334 313.2 278.8 244.1 223.6 205 187.2 177.1 176.8 177 174.8 173.7 174.4 174.1 170.6 168.9 169.2 166 162.4 156.4 150.6 143.2 144.6 146.6 153.5 162.8 169.7 177.3 183.5 191.9 200.5 204.9 209.2 207.2 205.3 208.1 215.5 218.8 214.6 218 239.1 259.6 268.2 259.1 250 241.8 245.8 248.2 251.1 254.3 256 257.7 258.8 257.3 256.9 255.2 246.1 259.7 263.5 266.8 269.8 272.9 276.4 279.7 282.6 285.5
240.4 252 272.4 293 314.7 333.1 339.1 346.9 349.9 352.7 352.8 344.8 329.3 307.3 277 246.7 226.1 211.6 196.7 191 188.4 190.7 191.7 192.8 198.3 195.9 191.1 183.6 179.6 176.7 171.8 168 164.4 160.4 156.1 145.8 145.9 148.3 156.9 167.4 172.4 178.7 190.8 195.8 198.9 196.4 198.6 203.3 207 204.8 199.7 221.8 243.5 259.5 255 249.9 241.8 232.3 244.4 246.1 247.4 249 250.5 252.2 253.4 251.4 251.2 251.1 243.6 256.9 262.1 266 269 272.9 277.1 279.5 282.5 285.6
254.4 272.1 294.7 317.3 337.4 346.3 352.5 355.2 359.2 359.6 354.4 341.4 323.7 299.5 268.8 242.2 223.5 205.9 207.5 205 202.1 209 216.2 216.8 220.6 221 214 202.7 196.1 188.6 183.5 179.9 176.6 173.5 169.8 163.3 159.4 150 147.7 149.5 153.3 162.6 170.2 178.2 183.5 182.2 192.6 197 201.4 195.6 199.1 223.4 247.2 251.5 248 239.1 220 232.2 240.7 244.1 243.9 245.5 246.1 246.8 247.4 239.1 237 240.8 244.6 254.4 259.6 264.9 269.3 274 278.1 280.1 281.9 285.1
268.5 292.6 312.5 332.8 351.6 357.2 362.5 364 362.4 358.5 348.6 336 318.2 293.1 259.6 233.7 224.4 218.1 215.5 215.1 222.2 229.6 235.4 240.8 247.2 245.9 234 227.1 217.2 207.1 199.9 193.9 190.8 187.8 183.1 177 175.6 170.2 162.4 157.8 154.1 152.9 154 156.1 160.7 174.5 181.5 193.4 185 186.7 208 222.2 234.5 242.3 240.8 218.9 216 233.7 240.4 242.3 241.6 242.1 242.7 243.3 228.7 235.4 245.1 247.6 251 255.2 259.9 265.4 270.4 275.1 279.1 280.8 282.3 284.2
