webserver/python/data/SH91.asc
ncols 200
nrows 200
xllcorner 290000
yllcorner 310000
cellsize 50
[rows 70 to 104 of 200, columns 78 to 155 of 200]
445.5 443.7 443.7 441.9 438.9 436.3 433.3 431.8 427.4 429.4 429.1 429.9 430.9 431.5 431.3 431.2 429.8 427.4 424.1 419.3 413.4 407.5 403.1 393.9 377.3 367.5 357.3 345.9 329 322 320.4 319.3 319.3 324.8 332.1 342.4 345.3 354.2 364 376.7 385.7 393.8 399.1 404 409.5 419.1 425.5 427.7 430.1 430.7 430 430.4 430.7 430.1 428.6 426.2 422.4 417.3 411.7 402.5 393.7 385.6 380.5 385.7 388.9 389.6 393.1 394.8 395.9 397.8 400 401.6 402.6 403.2 404 404.4 404.8 405.4
442.8 442.2 439.2 438.2 436.3 432.7 428.2 423.6 420.1 422.1 423.9 425.2 427.4 430.1 430.7 431.2 430.4 429.5 426.6 421.7 414.7 408.2 404.7 397.7 379.7 368.9 358.7 348.3 332.2 324.5 322.9 320.8 317.6 322.8 325.9 332.9 339.5 350.7 355.8 365.9 375.6 384.8 390.2 394.9 403.2 409.1 422.4 422.3 423.1 426.3 425.3 426.1 427.7 427.4 427.1 425.2 421.9 418 412 404 394.3 386.1 380.2 380.6 383.3 383.9 385.9 387.3 389 391.5 394.1 395.9 396.6 398.7 398.8 399.9 399.4 398.7
441.2 440.5 437.5 435.6 433.7 430.4 422.3 415.7 415.2 417.8 419 420.5 420.7 423.3 426.8 429 430.1 431 429.1 423.5 416.7 409.6 405.6 399.3 383.7 370.3 361.4 352.6 341.7 336.4 328.6 322.4 316.8 317.4 321.1 326.6 332 340 346.5 353 362.8 370.8 376.1 382.4 393.6 403.7 413.1 417.8 418.5 420.4 420.1 420.4 422 423.7 424 423.2 421.2 417.8 413.4 406.7 395.1 388.9 381.8 378.6 376.3 376 379.4 380.1 381.5 385.6 388 390.2 392.5 395.1 397.8 398.8 398.8 398.5
438.2 438.3 436.3 433.8 430.7 426.3 416.2 408.9 410.8 413 414.4 417.3 418.8 419.9 423.4 425.9 428.5 429.1 427.5 422.3 415.6 410.4 406.4 400.1 391.2 373.5 366.8 362 352.7 344.5 335.8 329.1 321.9 311.5 311.9 319.1 324.2 328.7 332.3 338.6 347.4 355.4 363.8 372.8 383.6 396.6 408 410.8 414.7 414.9 414.4 413.4 415.1 417.6 420.1 419.6 418.1 415 411.9 407.4 396.1 390.2 383.2 377.5 370.7 369 371.4 374.5 376 380.5 382.3 386.4 390.4 395 398.4 398.8 398.9 398.9
432.8 433.7 434.4 430.9 427 422 410.6 408.3 410.6 411.1 409.3 412.7 413.7 415.8 419.5 423.7 426.3 426.6 424.6 420.3 415.5 410 405.7 400.8 392 377.8 370.9 366.5 360.2 349.7 342.8 336.7 330.7 321 310 309.7 314 320.8 322.2 328 332.9 338.3 347.4 357.4 372.4 386.6 396.7 401.8 405.3 406.7 406.8 403.2 407.9 411.8 414.3 414.5 414.3 412 409.1 405.2 397 390.2 385.1 381.5 377.8 370.2 360.5 365.3 369.5 372.5 377.3 386 390.7 394.9 399.2 398.9 399 398.9
430.6 430.9 431.8 426.5 420.9 414.7 408.9 408.3 408.4 408.1 407.7 408.2 409.1 410.8 410.2 419.7 421.8 422.6 422 418.1 413 409.6 405.3 400.6 393.9 383.9 375.1 371.9 365 359.3 353.7 347.9 340.1 329 321 310.5 301.8 307.5 312.2 318.6 323.2 326.8 332.9 340.8 353.6 369.6 379.3 384.8 391.4 394 397.1 395.4 394.4 402.3 407.8 408.3 410.3 409.7 406.5 402.6 395.9 388.9 385.3 381.5 377.6 372.4 369.6 350.4 360.1 368.8 375.4 383 388.9 395.6 400.6 400.7 400.5 399.5
429.4 431.2 426.9 420 412.8 410.9 408.4 405.7 404.6 404 403.9 404 405.6 408.4 408.7 412.8 415.3 415.9 414.8 413.2 409.7 407.7 404.2 400.2 394.8 389.2 379.2 373.7 369.7 366.1 361.2 355.9 352.4 342.7 331.5 322.9 308.6 298.9 302.9 307.2 313.6 318.1 321.7 326.9 332 341.8 353.9 366.8 374.5 378.2 381 382.2 378.9 388.3 397.9 401.1 402.2 401 399.8 398.6 392.9 388.4 383.2 379.9 376.3 372.8 366.9 351.9 357.7 369.5 375.8 381.1 387.2 394.1 400.3 405.5 406.6 401.1
424.2 424.4 422.2 412.6 408.6 408.7 405.8 403.3 401.4 400.9 400.7 400.8 401.5 402.4 403.6 405.9 406.2 406.3 406.1 405.7 405.1 404.7 402.5 400.1 395.5 389.5 382 378.5 375.4 372 368.7 364 360.5 352 340.4 331.6 318.7 305.4 299.1 299.6 302.2 305.2 308.7 314.4 317.6 322.1 331.2 341.4 349.4 351.4 356 359.2 359.3 368 376.4 383.5 389.3 386.1 383.9 384.6 385.8 384.5 380.9 376.8 373 368.9 363.7 350.6 353.9 367.7 374.2 379.7 385.6 392.1 397.9 403.7 405.7 401.9
422.1 420.3 414.6 409 408.2 407 404.9 401.9 400.6 400.5 398.2 395.6 396.3 396.4 397 397.8 397.8 398.6 399.9 399.9 400.3 401.7 401.1 401.1 397.9 392 388.1 382.3 378.9 374.5 371.3 368.7 361.9 355.1 347.2 335.6 323.1 311.8 303.2 299.1 298.7 297.8 295.2 299.5 303.4 307.9 313.7 322.6 329.2 335.5 339.6 344 345.8 345.7 350.7 359.1 366.1 367.3 369.1 372.5 378.5 378.5 375.3 372 367.8 364.5 360 347.1 355 364.8 371.4 377.2 383.6 390.1 395.9 401.1 399.9 397.9
422.1 419.1 411.1 408.8 408.7 408.4 406.7 402.6 399.7 399.3 398.1 391.9 390.3 390.2 389.2 390.1 389.7 392.4 394.2 395.9 397.1 398.5 399.7 399.2 396.6 391.5 386.4 380.8 375.4 371.6 366.8 362.3 357.1 351.1 342.8 333.2 324 312.5 305 301 298.6 295.6 290.5 289 290.9 295.6 297.8 304.2 311.9 321.9 324.5 327.2 326.5 328.6 328.4 334.5 340.6 345.3 351.6 362 370.3 370.8 367.1 363.7 360.3 359 354.4 340 351.9 359.6 366.8 373.4 378.4 384.1 390.8 393.9 393.6 390.6
419.7 417.1 411.6 411.1 408.9 408.6 408.8 405.7 402 400.9 401.2 394.9 390.3 387.3 384.8 384.3 385.6 389 391 392.8 394.3 395.8 397.1 394.3 391 388.9 382.3 376.5 370.4 362.9 359 353.5 349.2 341.6 333 325.4 316.9 306.8 300.8 299 298.7 297.4 294 294.3 292.5 289 288.9 290.6 295.2 302.8 307.5 306 307.2 310.2 313 315.2 319.8 328.6 337 347 357.9 359.6 357.2 353.6 351.9 351.6 347.6 338.9 345 351.7 359.9 367 372.4 377.4 383.7 388 386.7 382.4
419 416.4 412.6 410.6 408.7 411.1 411.2 411.1 406.7 403.2 400.2 396 390.7 387.2 382.8 380.6 381.2 384.5 387.4 390.6 391.6 392.8 392.8 389.5 385.9 381.9 376.3 369.4 362.4 355.2 347.4 342.1 335 327.2 319.5 318.1 309.1 311.1 306.8 306.7 304.7 302.5 301.4 301.8 300 294.2 290.5 288.7 288.4 288.5 291 286.9 286.2 287.5 290.8 296.5 302.7 313.6 323.1 332.5 343.5 346.9 347.4 345.5 345.5 345.8 339.6 335.2 344 346.9 351.5 359.8 366.1 371.7 378.6 381.9 380.3 374.4
420 418 413 409.3 410.9 411.3 411.4 410.1 408.2 405.3 401.1 398.4 393.3 389.1 382.9 379.8 379.3 380.3 382.7 385.6 388.7 387.5 388 385.9 380.9 375.7 367.3 358.6 348.8 344 339.9 335.9 330.6 327.1 325.6 322.7 320.1 323.9 320.1 316.7 314.7 311 309.5 309.2 306.5 302.6 298.5 294.3 291.4 288.7 283.8 279.4 279.6 278.6 278.2 277.6 284.7 293.7 302.7 314.2 326 333.2 337.1 336.9 338.8 340.3 336.2 332.2 342.4 344.9 347.7 354.3 360.8 367.7 374.6 376.9 373.4 369
421 419.8 417.6 416.6 417.5 415.5 413.1 410.9 409.5 407.4 403.5 399.8 396 391.4 385 378.7 378.7 380.4 379.6 380.7 382.7 380.3 368.9 369.3 364.6 362.5 358.8 354.1 351.5 350.3 349.4 348.2 345.6 340 335.2 331.6 329.9 332.1 329.4 327.2 325.1 320.5 318.5 318.1 315.8 313.4 310.8 308.5 301.1 297.5 295.9 295.6 295.5 286.3 278.8 270.3 271.5 273.4 281.1 294.4 305.8 314.8 321.9 326.1 328.9 332 320.6 322.7 337.1 342.3 346.2 350.3 356.7 363.5 371.2 372.6 369.9 365.8
422 419.7 419.9 421.3 421.3 418.2 415.9 413.5 412.4 410.4 407.6 403.2 398.7 392.9 388.8 379.7 378.3 378.3 378.4 378.5 372.9 369.4 369.1 368.4 363.5 363.9 367.4 366.5 363.9 362.5 362.3 360.7 358.3 352.8 339.3 338.3 335.7 338.2 340.2 340 336.9 334.4 334.3 333.6 330.3 330.7 326.6 320.5 316.9 312.4 307.3 307.2 302 290.7 280.5 274.2 269.4 270.2 273.1 280.8 289.7 297.9 304.4 310 314 317.6 307.5 319 328.5 336.2 341.4 345.6 352.9 361.1 367.1 367.1 365.4 361.3
421.8 419 421.1 421.1 421.3 420.9 418.3 416.4 415.4 413.1 410.5 406.1 402.9 398.7 393.8 382.7 377.9 378 378.7 378.6 379.5 381.1 380.5 380.1 377.9 378.3 375.9 374.6 374.1 373.3 371.4 371 368.9 364.9 353.2 343.9 339.7 345.3 351.4 348.7 348.9 348.1 348.3 347.9 344.4 344.4 344.4 336.9 329.5 323.7 318.7 314.1 307.2 299.2 289.8 281.1 270.7 268.4 269 272.8 280.2 285 291.7 297.4 299.9 297.8 300.4 312.2 318.2 325.6 331.6 339.6 345.6 351.9 350.5 359 359.9 359
424 422 421.2 420.4 420.8 421.2 419.1 418.5 418.6 415.6 412.1 408.7 406.2 403.6 402.3 392.7 383.2 383 382.9 383.6 386.3 387.9 387 385.7 385.5 385 383 382.6 382.7 382.6 380.9 378.6 376.4 374.1 363.3 354.3 346.2 353.7 360.5 361.6 359.1 361.2 361.7 360.5 358.4 366.4 362 349 342.8 337.7 331.5 326.4 318.4 310.5 297.9 288.1 281.1 269.3 267.9 269.1 274.9 279.1 282.7 283.6 280.2 287.1 294.1 301.4 314.4 326.9 337.1 342 352 355 359.1 360.4 359.2 360.1
426.3 425 424.1 423.8 422.6 420.8 420.2 421.5 421.2 418.9 415.4 412.9 410 410.3 409.4 397.9 394.9 394.3 391.5 392 392.8 394.5 394.3 393.4 390 390.5 390 390.2 391.3 392.1 390.7 386.9 383.4 380.4 371.4 365.4 354.9 363.6 368.8 371 369.9 371.7 371.8 370.8 371.4 372.1 367.7 357.7 350.6 345.5 341.1 331.3 326.9 315.4 303.1 293.4 285.9 276.4 268 268.5 271.1 273.3 273.9 274.2 280.5 295.6 302.5 318.9 336.8 350.9 365.1 375.1 380.7 381.1 376 369.8 364.9 363.7
429 428.2 427.5 427.3 426.2 423.4 423.6 423.3 420.7 420.6 418.8 417.2 418.1 420.1 412.7 408 406.3 402.8 400 399.1 400.4 401.9 403.1 401.3 397.8 395.9 396.3 397.3 397.9 398.4 397.7 394.7 390.1 386.9 379.6 374.3 367.6 373.8 377.7 377.3 374.2 372.5 372 370.9 371.2 372.2 370.6 362.5 354.7 349.2 343.6 333.8 326 316.3 303.1 293.2 289.1 283.5 274.7 269 268.7 269.2 269.6 276.9 287 294.7 308.3 331.8 345.3 364.8 383.3 393.8 394.9 395.9 393 382.9 371.9 367
429.9 429.4 428.8 429.7 428.7 426.4 427 426.5 424.1 420.2 419 420.1 424.3 422.9 417.8 417.7 416.1 410.2 407.7 406.4 408.5 409.3 410.9 407.1 404.4 403.9 401.2 403.4 404.4 405.1 405.6 402.8 397.7 393 385.5 379.5 374.8 381.1 380.8 379.8 376.2 372.1 371.3 370.9 371.9 372.7 371.1 362.1 352.5 347.8 338.1 326.8 313.2 306.6 299.6 295.8 292.1 289.7 284.3 271.4 267 263.4 268.2 275.9 284.3 294.9 308.8 327.2 348.6 373.1 393.8 399.2 402.3 399.5 396.1 389.4 381.4 372.7
429.7 429.3 428.8 431.2 428.9 429.7 431.2 429.5 427.5 424.9 424.4 428.9 429.4 427.2 421.3 421.3 421.1 419.4 416.3 413.1 416.2 418.2 418.4 412.9 409 410.1 406.5 407.6 410.1 411.5 411.2 410.6 404.1 398 389.6 379.5 380.3 380.8 380.8 378.3 375 371.9 371.2 371.2 371.4 371.5 365.3 355.1 347.1 340.8 331 320.3 310.2 304 300.8 299.5 295.6 291.9 289.9 276.8 269.9 260.2 266 272.7 281.5 293.6 306.3 326.6 352.5 374.4 395.5 401.3 403.1 401.3 396.5 390.8 383.3 376.1
428.8 429.5 431.2 431.1 430.3 431.8 431.7 431 430.7 430 429.4 430.4 431.2 427.9 423.3 421.6 422.6 422.5 421.2 420.2 421.3 421.7 421.2 417.8 413.8 410.6 409.5 410.4 413.7 416.2 414.6 411.5 406.6 399.2 390.5 381.2 380.9 381 380.2 372.4 371.7 369.8 367.2 365.9 362.7 359.2 354.5 347.4 340.2 332.6 326.5 319.2 311.4 307 302 301 295.5 291.9 287.9 276.7 269.7 258.7 260.9 269.4 278.1 292.2 302.5 324.5 353.1 373.5 392.9 398.1 398.7 398.8 394.4 388.8 382.4 377.3
427.5 428.7 429.4 432.1 433.4 435.5 436.4 435.1 433 431.4 431 431.1 430.6 428 423.3 422 421.9 421.7 421.7 422 422.9 422.9 422.2 421.4 418.1 416 414.8 417.5 419.4 419.6 417.1 413.5 408 399.3 390.5 385 380.3 381 377.7 369.6 369.1 363.2 360.1 359.3 354.9 350 346.3 339.6 332.9 327 319.7 315.1 309.7 303.4 298.9 295.8 292 287.5 283.9 277.4 265.1 258.4 258.5 265.2 275.3 286 301 322.7 349.7 373.4 388.4 392.1 393.4 393.3 389.9 385.3 381 376.6
425.6 427.6 429 431.2 435.1 438.7 439.9 439.3 434.2 431.2 430.2 429.3 428.2 425.9 422.2 421.5 420.9 421.2 421.4 421.6 422.3 422.6 422.5 421.8 420.7 419.4 420.2 421 421.2 419.4 416.1 409.7 401.8 396.5 388.3 384.2 381.3 379.5 374.5 370 369.1 361.8 358.7 355.5 351.3 351.1 350.8 342.5 338.1 331.9 325.3 315 307.3 299.6 295.1 290.6 282.1 279.3 274.4 270.9 262.7 258.1 258.1 261.8 272.4 282.8 297 322.8 350.7 371.4 380 386 387.3 384.9 382.4 378.7 374.8 372.6
423.8 425.9 428.9 431.3 435 439.1 440.9 440.2 432.6 429.2 427.2 425.3 424.2 422.1 421.6 421.6 420.7 420.2 421.3 421.5 421.6 421.7 421.8 421.5 421.2 421 421.2 420 415.5 407.8 400.6 398.4 395.7 391.6 388.8 385.1 381.4 379.2 374.9 372.4 369.7 361.1 358.4 355.3 354.2 350.1 348.9 343.8 340.3 337.8 333.7 324 312.3 303.8 299.2 293.9 288.7 277.9 269.5 263.5 260.1 258 258.1 258.2 267.3 278 296.6 323.6 343.6 361.5 370.1 373.6 375.2 374 372.3 370.1 368.2 365.2
420.6 422.9 425.1 430.8 433 436.9 438.8 433.7 429.6 425.7 423.5 421.1 420.2 419.8 420.4 420.2 419.1 419.4 419 421.3 421.3 421.3 420.3 418.7 417.9 418.3 416.7 411.6 408.3 403.3 398.8 398.1 396.6 393.8 391.8 387.8 383.5 380 378.2 374.8 370.2 362 359.4 358.7 358.5 354.1 351.8 347.8 346.5 343.3 338.4 329.4 319.5 310.7 305.2 298.1 293.5 284.5 273 264.2 259 258 257 256.8 263 274.6 295 332.3 360.6 360.7 366.1 366.3 366.7 366.8 366.3 365.8 364.2 360.4
421.2 419.6 420.9 424.7 425.9 429.4 429.6 426.4 424.6 421.2 419.7 418.1 417.2 417.4 418 417.9 417.9 417.5 417.6 418.5 419.6 418.5 416.3 413.6 413.1 413.5 411.9 410.9 407.6 402.8 400 398.4 398.9 398 396 392.5 388.4 384.9 382.3 379.1 370.1 364.4 362.1 359.7 360.6 360.1 355.7 352.8 350.9 349 346.2 334.2 326.5 319.4 311.3 303.1 297.1 289.5 279.5 267.1 259.4 253.6 251.3 253 260.6 267.8 291.2 326.8 358.5 363 364.3 363.7 364.6 365.2 364.7 364.3 363.8 360.9
419.1 419.6 419 420.5 417.1 416.5 419.8 421 418.8 417.4 416 414.8 413.9 413.5 415.3 416 415.6 414.2 413.5 413.8 414.4 413.3 411.3 409.7 410.4 409.1 411.1 410.4 406.3 402.1 400.8 400.5 402.5 402.7 402.2 399.5 394.6 390 385.5 379.4 371.7 367.5 364.8 362.4 361 361 359.1 358.7 356.2 354.7 353.1 344 335.9 329 319.9 310.8 305.1 292.9 282 270.5 259.4 252.9 250.6 251.7 258.2 266.7 290.5 319.7 348.9 358.6 360.7 361.2 363 363.3 362.5 361.9 361.2 358.9
416.1 415.9 415.7 413.6 411.9 412.4 417 415.7 413.1 413.6 412.3 411.5 410.5 411.7 412.7 413.5 413 411.7 411.4 409.7 409 408.9 407.8 407.7 407.1 407.7 409.4 406.7 402.4 401.4 400.8 404.7 409.1 410.1 409.4 406.9 400.9 393.5 387 380.6 374.2 370 367 363.5 362 360.9 360.6 358.8 358.1 359.5 358.1 350.4 342.2 336.5 329.6 318.1 310.5 298.5 286.4 271.7 259.5 252.4 250 250.4 254.5 263.8 285.4 311.1 340.4 354.5 356.3 357.8 357.8 357 356.9 353.9 349.9 349.5
409.5 411.1 410.6 409 410.4 410.6 412.5 411.2 409.4 410.3 410.4 411 408.8 409.5 410.3 411.1 410.7 410.5 411 408.7 408.8 408.7 405.1 403.7 403.4 403 403.9 400.4 399 399.6 402 406.4 409.2 411 411 410.8 405.4 398.3 389.8 381.4 374.2 370.9 366.3 363.4 361.6 360.9 360.4 360.8 361 361 361 355.2 349.5 342.8 336.2 325.3 313.2 302.3 289.6 273.9 260.7 251.2 249.2 250.1 252.5 259.2 271.7 302 328 347.8 350.8 351.8 350.5 349.6 348 347.1 346.2 345.2
401.8 409.8 409.5 408.9 408.9 410.8 410 409.3 409.4 409.3 410.2 409.6 408.7 408.3 408.2 409 410.5 410.9 411 411 410.3 409.3 403.4 400.4 400.1 399.7 398.5 397.7 396.6 398.8 400.7 404.5 408.4 410.3 410.6 409.6 404.6 398.3 390.9 381 372.4 366.8 362.6 361.5 360.8 360.8 360.4 360.8 360.9 360.9 360.9 357.3 352.2 347.8 341.3 331.2 318.9 302.2 289.3 274.9 261.5 249.1 248 250 252.2 256.5 268.1 296.4 317.6 331 339.5 343.5 343.8 343.1 342.4 343.3 343.5 341.9
393.8 404.7 405.7 407.1 410.1 410.2 410 409.4 408.2 408.1 408.1 407.8 407.1 406.9 406.7 407 408.3 409.3 410.3 410.8 411 411 406.6 401 398.9 395.4 393.5 392.2 390.9 393.9 398.6 402.1 404.7 407.7 408.7 407.3 402.5 397.1 391 381.6 371.1 361.8 359 357.6 356.9 358 358.6 358.6 358.7 359.1 357 354.5 350.6 347.6 341.9 334.3 324.3 309.1 291 275.9 261.9 250.1 247.8 249.4 250.6 254.3 263.3 280.3 297.4 311.9 319.6 328.4 330.8 335 336.8 337.8 338.9 339.7
391.8 399.4 399.9 402.2 406.4 405.9 405.8 405.7 407 407.2 406.7 406.5 406.1 405.5 405.1 404.9 405.6 406.9 408.1 409.3 410.2 410.1 409.3 404.6 400.5 392.9 389.6 390.4 389 389.3 394.7 398.4 401.2 403.5 404.5 403.8 401.4 394.8 387.8 381.1 371.1 362.9 356.8 353.2 352.5 352.4 352.7 352.4 352.7 352.3 350.6 349.8 349.5 347.2 340.9 336.1 328.2 317.6 298.7 278 267 252 247.8 247.9 249.6 253.1 260.8 272.7 296.7 318.7 320.3 320.8 326.6 329.4 331.1 332.5 333.6 334.1
384.6 390.1 392.4 400 401.5 400.9 400.8 403.5 406.3 406.5 406 405.5 405 403.8 402.7 402.3 402.9 404 405.1 405.7 406.3 406.6 406.3 403.7 401 400.5 389.5 389 388.6 388.9 392.1 395.2 397.8 401 400.6 400.2 396.7 390.7 382.9 377.2 369.4 361.4 354.5 349.7 349.2 349.7 349 348.5 349.1 349.3 350 349 349.6 348.1 346.1 341 331.1 325 309 291.5 274.7 257.2 247.8 247.8 248.5 251.1 258.1 274.3 298.5 321.1 321.3 320.5 325.8 327.2 327.7 328.3 329 329.6
372.4 378.5 386.5 391.8 394.1 395.1 399.5 402 405 406.2 405.3 404.3 403.2 402 401 399.6 400.9 401.3 401.5 401.7 402.3 403 402.3 401.2 400.7 400.9 396.9 389.2 386.9 384.2 388 390.3 394.4 397.4 397.5 396.3 391 384.8 378.8 373.9 367.8 359.6 353.2 348.7 348.5 348.3 346 345.2 346.9 349.2 350.3 350.5 351.1 350.9 349.4 344.9 334.7 323.8 314.7 301.9 280.2 264.1 248.8 248.6 247.7 247.7 253.9 270.4 293.1 313.1 318.5 322.7 325.5 324.4 324.1 324.8 326.1 326.8
