webserver/python/data/SJ01.asc
ncols 200
nrows 200
xllcorner 300000
yllcorner 310000
cellsize 50
[rows 140 to 174 of 200, columns 0 to 77 of 200]
349.5 349 351.2 348.8 341.5 328.7 316.1 307.4 302 300 301.4 304.2 304.5 303.3 303.4 303.9 303.6 301.8 297.9 290.9 288.9 288.8 292.2 294.3 295.3 295.1 294.5 292.1 289.9 286.9 283.8 284.3 282.3 280.6 277.3 275.3 270.3 270 270.8 273.8 275.5 276.9 278.1 277.6 276.9 278 275.8 272.7 269.3 259.4 254.4 248.8 248.4 244.8 246.6 245.3 245.4 249.7 249.7 247 241.3 242.3 255.2 256.9 256.7 255.8 255.5 254.9 249.4 239.4 231 221 212.4 208.5 208.9 209.3 212.7 216.8
347.5 351.3 351 346.6 339.5 325.1 313.4 305.9 301.6 297.6 296.8 299.6 299.5 298.6 298.1 298.9 298.2 296.9 292.9 287.8 286.9 288.8 291 291.3 292.4 292.3 291 289.8 287.3 283.2 278.1 276 277.5 275 272.5 270.4 268.3 264.4 266.9 270.9 271.8 271.6 272.8 272.4 273.2 274.4 272.1 269.5 263.7 259.7 260.8 258.8 259.7 255.7 246.4 240.5 238.6 238.9 239.1 237.9 238.9 238.9 243.9 243.8 242.3 240.6 241.4 240.1 237 225.9 216.2 210.2 209.4 208.6 209.6 211.9 217.6 220.9
342.2 339 336.2 339.9 331.3 319.3 308.2 302.4 298.8 293.2 290.2 293.8 294.2 294 293.8 293.2 292.7 292.2 290.8 282.3 282.5 286.8 288.7 288.9 287.6 288.7 286.8 284.6 281.8 278.9 274.9 270.8 271.3 270.1 267.8 265.8 262.9 260 261.4 268.4 268.9 269 268.9 270 270.6 273 271.6 270.7 267 262.1 262.5 263.1 263.6 261.1 256.4 250.5 247.2 243.7 240.6 240.3 239.5 238.2 235.2 229.7 228.9 228.6 225.9 222.5 218.3 218.3 217.6 219.8 213.6 209 210.5 214.2 218.4 221
339 334.4 326.5 327.7 318.7 307.1 302.5 298.3 294.5 290.7 289.1 289.2 289.4 289.3 289.1 288.8 288.2 286.1 283 278.4 280.9 282.4 283 282.4 281.9 282.2 281.6 278.3 276.1 273.2 270 265.9 264.2 265.3 263.4 261.9 259.9 258.9 263.5 270.1 271.1 270.9 269.6 270.7 270 271.4 270.4 270.5 270.1 268 267 268.8 268.8 263.9 260.1 254.5 252.8 251.4 249.7 246.3 242.2 240.3 238.2 234.4 229.2 229.1 225.6 225.6 223.9 223.5 223.4 224.6 219.5 214.1 214.5 218.9 222.8 225.6
334.8 332.4 323.2 314.2 305 298.2 293.9 289.8 290.2 290.1 286.3 282.8 284.3 284.3 285 284.7 284.2 281 274.9 272 276.3 277 276.3 275.8 275.5 275.1 274.2 271.4 269.9 266.7 264.8 261.7 259.4 260.7 258.4 257.1 257.5 258.9 264.5 270.6 271.1 271 272.9 270.4 270.5 270.5 270.5 270.7 270.8 269.2 270 269.9 268.6 264.3 260.5 259.7 260.2 256.8 253.8 250 247 243.6 241.5 238.3 234.1 234.6 234.1 233.1 230.3 230.6 230.3 231.1 226.1 220 219.6 222.9 226.6 231.5
332 325.3 316.8 307 300.4 298.9 294.5 289.9 288.6 288.2 281.2 279 279.3 279.1 280.8 280.5 278.3 273.4 265.8 264 270.3 270.3 269.8 269.8 269.7 268.5 265.1 263.3 262.4 259.2 257.3 256.3 252.3 254.3 252.9 251.4 253.8 257.1 262.1 267.7 268.9 269.4 270.2 271.1 270.4 270.4 270.1 270.1 271.5 271.7 271.4 270.1 269.2 266.9 264.7 263.2 261.9 260.2 256.9 253.4 249.8 246.8 244.4 243.9 242.9 239.8 238.6 238.8 240.1 238.9 238.7 236.3 232.2 223.1 220.8 224.9 229.6 236.1
330.2 319.6 312.1 308.4 305 301.9 300.3 296.2 289.9 288.2 282.5 280 279.9 275.8 270.3 269.8 270.1 262.5 260.1 258 261.7 261.7 263 264.1 263.3 261.6 258.2 256.5 255 253.8 251.1 248.2 248.6 248.2 249.1 249.7 254.7 258 260 265.8 269 269.3 268.9 268.9 270 270.2 270 271.6 273.4 273.5 272.7 271.3 271.2 269.6 267 264.9 263.2 261.5 259.5 257.3 252.9 249.7 247.8 250.2 248.6 245.7 245.3 248.4 248.1 245.8 243.2 239.9 234.4 228.8 228 230.7 234.8 241
325.3 317 311.5 310.1 306.5 303.7 301.2 301 301.1 295.9 290.3 286.2 281.1 280.7 275.5 271.1 261.6 260.3 255.6 249.8 252.5 255 257.2 259.5 259 257.9 254 250.8 249.2 248.1 246.8 242 241.6 245.1 249.1 254.7 259.6 261 263.2 267.3 269.7 269.2 268.9 268.9 270.9 270.7 270.6 272.3 273.4 274 273.6 272.3 271.7 271.1 268 265.3 263.8 262.2 261 260 257.8 253.1 250.4 251.1 251.6 251 250.5 251 250 247.7 243.2 240.8 234.5 228.9 233.5 241.4 249.8 252.5
317 309.1 308.2 307.8 305.8 304.1 302.1 300.8 298 293.9 289.4 284.1 280.3 276.6 273.5 269 262.2 258.6 255.9 251 246 248 251.8 253.8 254.2 253.7 250.2 247.2 245.3 243.9 242.9 239.3 240 245.9 252.5 258.9 261 264.2 269.2 271 270.8 270 269 269.1 268.9 270.5 271 271.9 272.1 273.7 272.8 272.5 272.1 271.3 267.7 264.4 262.6 260.7 261 260.7 259.8 257.4 254.3 250.9 251.4 251 251 249.8 248.7 243.6 240 239.6 238.1 237.2 243.8 254 267.3 271.1
307.5 298.9 301.3 301.8 303.5 300.9 296.3 293.3 291 287.9 283.9 279.2 274.1 270.1 266.8 262.3 257.1 254.1 249.7 247.2 242.8 233.7 245.9 249.6 250.2 249.3 247.4 245.2 242.6 241.2 239.9 239 241.3 246.4 251.3 256.8 260.7 265.3 271.1 271.9 274.1 270 269.2 269.2 268.8 269.1 269.8 270.3 270.9 271.8 272 271.5 271.3 269.8 265.6 262.9 260.8 260.7 259.3 257.6 257 256.4 254.9 250.8 250.3 250.6 249.1 247.7 242.3 239.6 239.3 241.9 244.6 247.2 253.7 266.8 277.7 281.9
303.3 298.9 296.3 294 293.6 289.2 286.2 283.3 280.9 278.1 276.2 271.7 266.8 262.6 260.2 256.5 252.6 248 240.4 239 235.6 228.5 241.6 248 248.3 247.4 245.9 243.3 240.7 239 237.9 239.1 240.7 244.8 250.1 255 259 262.7 266.2 268.9 269.5 269.1 268.1 265.9 264.6 262.7 262.4 264.5 265.8 266 266.9 268 265.7 263.9 261.3 260.6 259.8 258.4 258.3 256.7 254.3 252.2 251.7 250.5 248.2 246.9 248.6 248.6 244.7 243.7 244.9 250.5 255 260.1 270.9 282.1 286.9 288.6
300.9 296.5 292.2 287.4 284.4 281.8 277.6 274.2 272.2 269.7 265.8 261.6 259.2 255.7 253 248.6 244.5 239.2 230.7 227.6 229.3 237.9 242.7 246 247.8 246 245.1 242.5 240.1 240.1 234.9 234.9 238.8 242.8 248.2 252.5 256.2 259.1 260.8 263.4 263.1 263.9 264.3 262.7 260.4 260.7 258.9 259.1 259.8 260.2 261.5 261 259.5 255.3 250.2 255.1 255.8 255.7 257.3 255.6 253.3 251 249.8 248.7 245.7 244 245.7 248.3 248.6 249.6 251 251 261.8 270.3 279.2 291.7 296.3 300.1
295.9 291.3 286.9 281.5 278.5 274.9 270 265.5 263.1 260.2 257.1 254.9 254.1 251 244.8 239.8 235.1 228.4 220.7 219.4 234.6 241.2 242.4 244.6 245.7 244.8 244.4 242.7 240.9 238.2 232.9 229.2 235.1 240.6 244.9 249.5 252.4 255 255.7 257.6 258.8 258.6 258.4 259.8 260.5 260.5 258.8 260.1 260.4 255 256.2 258.1 256 251.3 248.9 251.2 252.3 254.1 256.1 255.2 252.5 250.5 250.5 248.9 247.3 247.4 248.6 250 253.1 256 256.4 259.8 263.6 273.4 281 292.3 298.1 302.4
287.5 282.8 280.7 276.5 270.5 264.9 261.2 258.4 256.2 252.9 250.3 250 248.7 244.9 238.9 232.7 230.1 222.1 217.8 229.3 235.8 240.6 242.4 243.3 243.6 242.8 242.3 240.8 237.8 232.6 229.8 228.5 230.8 236.4 241.1 245.2 248.2 250.7 250.2 253.1 253.9 253.9 253 253.7 254 254.7 254.4 254.7 254.2 251.3 247.9 249 249.1 246.8 246.3 248.3 249.8 251.5 254.2 253.5 251.4 250.9 248.9 248.8 249.3 251 253.7 256.1 258.2 262.3 263.6 268.9 273.3 280.1 289 296.2 300.1 304.9
278 274 273.1 269.6 259 252.1 252.2 251.3 248.9 245.7 245.3 244.2 242.8 238.8 233.6 226.1 221.7 214.7 210.5 228.3 232.5 236.6 241.1 241.9 241.3 241 240 236.9 229.4 229.1 227.8 227.4 228.9 233.6 238.3 241.2 242.8 245 246.8 247.8 249.2 248.5 250.2 248 247.3 247.5 248.4 246 245.2 244 242.5 242.9 242.7 242.1 243 245.7 247.5 248.8 249.1 250.1 250.6 251.3 253.5 254.1 255.1 257.1 259.8 262.2 265.7 269.5 270.9 276.1 280 285 293.1 301.2 303.8 307.1
269.2 265 256 249.7 247.4 239 243.4 240.3 238.8 238 239.2 239 234.4 232.4 227.3 221 216.8 209.6 214.7 226.1 229 233.7 237.1 239.2 238.1 238.5 237 231.1 228.9 229.2 226.8 226.3 227.6 229.9 234.2 236.2 237.6 240.1 242.5 242.6 241.1 242.6 242.7 239.8 240.1 240.5 242.1 238.1 239 238.8 239.6 239 239.2 241 240.6 242.9 245.2 248.6 250.5 250.2 253.9 257 261 261 261 260.9 264.1 268.9 271.8 275.8 279.7 283 288 294.8 300.7 306 309.8 310.8
258.2 250.7 235.8 234.5 235.5 234.2 236.1 235.1 232.3 231.6 228.9 228.1 226.4 225.1 222.1 215.2 209 208.9 214.9 221 225.2 229 231.8 233.8 234.6 234.8 233.8 231.2 230.3 229.5 226.8 224.7 225.1 227.2 230.2 232.1 231.6 233.6 236.1 237.6 236.3 235.4 233.9 233.1 234.2 233.9 232.7 232.7 238.8 239 240.1 240.5 240.2 240.4 240.7 240.8 242 245.4 249.1 250.9 252.6 254.4 255.6 258.2 259.3 259.9 263.8 270.1 272.5 277.7 282.5 287.2 290.3 298.1 303.2 309.9 314.4 318.4
244.9 231 224.9 225.7 226.3 229 231.4 230.6 229.3 227 224.5 223.6 221.9 219.7 215.7 209.7 201.4 202.8 210.9 216.3 219.6 224.6 228.9 229.7 231.2 231.9 231.8 231.4 230.7 229.6 227.6 226 222 223.3 225.3 227.1 227.5 227.7 228.9 230.7 230.2 229.4 227.7 227.4 225.4 228.5 230 236.2 240.3 241.4 243.4 245.4 244.2 244.4 242.7 240.6 239.6 242.5 245.9 247.8 248.5 249.4 249.3 251.9 254.1 256.7 260.8 265.4 270.1 275.2 281.4 286.4 291.1 296.4 300.4 307.7 314.4 325
227.2 216.7 212.9 210.4 211.1 223.4 226.1 225.5 225.4 223.1 220.3 219.2 217.7 215.1 210.9 205.9 201 199.3 204.5 211.8 217.8 222.4 228 230.7 231.7 232.7 233.4 232.4 231.1 229.6 228 226.3 225.2 218.8 220 222.5 223 222.8 223.3 224 224.1 221.7 221.3 219.2 221.1 229 234 240.1 244.7 246.9 248.7 249.6 249.3 248.8 244.5 240.6 240.1 239.6 242 243 244.7 245.1 245.6 247.9 250.1 252.3 257.3 259 266.4 274.3 280.8 285.7 291.4 295.7 301.4 306.9 315.6 321
209.4 202.6 197 195.7 202 210.7 218 221.3 221.2 221.1 218.6 212.7 214.7 212.9 211.4 209.4 199.3 197.9 199.9 210.4 216.5 222.5 229.4 231.1 231.1 233.4 233.5 231.4 229.9 227.7 225.7 224.8 224.6 220.8 220.5 220.2 219.8 217.5 217.3 218 218.5 216.3 212.5 221.7 227.9 232.6 238.4 242.2 247.9 250.2 251.4 252 250.9 249.3 244.6 240.9 241.1 239.7 239.3 240.1 239.3 239.7 241.7 243.1 245.6 245.7 246.7 259.1 270.6 276.7 280.7 286.3 290.1 297.2 304.2 311.8 319.1 319.2
195.8 192.3 188.3 189.6 196.8 205.5 213.4 216.4 212.9 213 205.9 211.2 211.3 212 211.8 210.9 201.2 193.6 198.4 210.1 216.8 225 231.1 231.1 230.7 231 230.3 229.4 229 225.4 225.1 225.1 224.2 221.3 221 221 215.8 212.2 210.8 211.1 210.9 209.8 211.6 223.9 230.6 234.8 241.2 243.2 248.2 250.2 252.6 251.2 249.2 245.6 241 239.6 239.3 239.3 239 236.6 231.4 233.4 237.1 239 241.2 238.7 239 248.2 256.3 266 274.2 281.7 291.6 297.4 305.5 318.7 320.2 319.4
190.4 185.9 183.4 184 187.2 193.6 206.7 211 204.2 198.6 200.2 201.2 209.5 210.8 211.8 207.2 197 189.5 199.2 209.5 219.4 225.5 230.1 230.7 230 229.5 228.7 228.9 228.5 226.7 225.7 226.4 222.1 219.7 219.9 218.6 214 209.2 209.7 210.2 209.4 206.7 209.9 221.1 227.5 235.2 240.9 241.6 246.8 249.7 249.6 248.7 247.5 243.8 240.5 240 239.5 239 241.2 239.9 232.4 228.7 229.4 235.2 230.4 229.9 234.7 238.2 247.2 261.7 267.4 276.5 290.3 294.5 301.5 305.3 307.4 311.3
186.8 183.6 182.5 181.5 182.3 186.1 193.5 199.7 196.2 189.9 189.6 198.6 210.7 208.5 206.9 201.9 191.4 189.6 199.7 209.6 219.2 222.4 223.8 224.4 223.3 224.8 224.5 228.8 228.6 228.3 228.1 228.3 224 223.6 221 220.6 220.1 220 218.8 217.9 213.5 210.8 207.6 214.3 225.8 232.8 239.2 241 240.5 240.8 245 246.2 245.4 243.1 242.6 244.6 241.3 241.2 240.8 240.4 236.9 226.1 218.9 218.8 232.5 236.1 230.1 235.5 238.2 250.8 261.3 269.7 281.1 284.4 290.1 297.6 303.8 306.2
187.7 183.3 181.6 181.1 179 179.2 181.8 189.5 188.7 186.1 185.5 189.4 195.3 197.9 199.5 195.8 188.5 190.6 200.5 209.8 215.3 218.9 218.3 219 219.8 221 221.1 227 228.8 228.5 230.3 231.9 233.3 232.5 230.4 229.3 228.4 226.9 225.1 221.5 216.6 214 208.1 200.6 217.9 230 236.9 239.8 237.2 239.2 241 242.1 242.2 241.9 243.4 243.5 241.1 239.7 241.2 240.2 235.4 230.5 228.8 211.7 235.6 243.2 241.3 239.1 238.1 241.1 253 261.8 266.1 269.4 281.7 290 297.4 298.8
187.8 182.2 180.4 181.2 179.3 179 178.2 179.7 181.4 182.5 182.7 182.4 182.5 186.9 188.8 189.6 188 191.7 202.5 210.7 213.4 214.6 212.3 218.7 219.4 220.5 220.6 225.6 229.6 230.7 236.5 239.8 239.8 241.2 237.8 235.9 234.1 231.4 230.4 226.7 220.7 218.5 208.9 198.6 208.8 219.5 229 228.9 228.9 234.6 235.1 235.3 235.4 236.2 237.6 238.9 239.6 238.5 238.6 237.2 234.2 231 223.6 208.5 227.8 239.9 242 241 241 239.7 248.6 252.8 259.2 266.2 278 289.3 293.9 300.9
184.7 180.5 179.5 179.3 178.2 177.9 177.1 177.1 178.5 179.4 179.2 178.5 178.8 180.5 182.8 184 186.2 191.5 199.9 207 209.9 210.2 209.9 217.3 220.9 221.5 223.4 228.9 231.4 236.6 240.8 243.4 240.8 241.2 241.2 239.9 238 235.9 232.4 231.5 229.1 220.1 211 200.6 198 198.5 210 215.5 222.2 224.7 224.3 224.2 226.1 227.5 231.2 234.5 235.8 234.9 234.9 232.8 228.9 225.8 221.1 211.1 220.8 233.6 239.5 245.7 251.6 252.6 248.8 251 262.8 273.7 283 288.6 297.8 301.4
179.3 178.3 177.8 178 178.3 178 177.1 177.3 176.4 176 175.2 174.7 174.8 176.3 178.8 179.6 184.5 192.5 200.5 202.2 203.2 202.6 210.5 220.2 219.9 221.4 224.3 227.4 229.8 236.6 240.9 241.5 239.1 240.4 241.2 241.2 237.9 234 233.2 234.9 238.9 229.2 215.9 205.9 198.4 197.9 199.3 207.7 212.7 213.5 212.3 214.6 219.7 222.2 227.9 230.6 231.4 228.6 229.2 228 226.1 217.8 214.7 207.5 213.3 226.2 237.7 246.1 254.7 259.1 239.8 244.1 263.6 270.3 287 291.2 300.3 301.3
178.4 176.6 176.4 177.4 178.8 178.8 178 175 174 174.1 172.9 172.5 172.3 173.5 176 179.2 183.6 189.5 196.7 200.7 199.4 204.1 211 215.1 218.8 220.7 220.1 219.7 222 231.8 235.3 236.3 236.2 235.5 236.2 233.3 233.6 232.1 233.3 238.8 238.4 230.8 216.4 204.8 198.2 197.9 197.9 198.4 200.5 200.7 203.8 207.3 213.7 219.7 220.8 221.3 221 220.8 222.7 220.5 217.7 209.6 208.9 200.9 208.7 225.2 232.9 241.6 241.4 236.5 229.4 232.3 253.2 264.3 273 281.9 294.9 301.2
177.1 175.6 175.4 176.7 178.7 178.8 175.7 172.6 172.9 173.1 172.9 172.1 171.2 172 174.2 177.5 179.9 184 188.9 190 193.5 204.7 208.5 208.2 209.1 209.9 211 211.3 211.6 214.4 218.9 226.5 227.5 225.2 229.1 228.5 228.4 230.6 232.1 234.9 232.1 226.8 216.7 204.8 198.3 198.1 198.5 198.1 194.5 194 196.9 200.5 201.7 204.9 208.9 207.7 208.5 211.3 213.5 213.2 213.5 211.2 209.1 200 200.1 214.6 218 219.6 222.5 217.7 215.8 216.9 221.3 238.1 242.7 264.3 277.5 280.7
175 175 173.7 174.5 175.8 174.6 172.5 171.7 172.1 172.5 172.4 171.9 171.1 171.4 173.3 174.9 176.8 179.4 181.1 183.5 188.4 194.3 200.3 200.5 201.1 201.7 200.9 200.7 200.7 203.6 207.5 213.6 214.9 216.4 217.7 218.8 220.4 224.7 226.8 225.3 224.2 220.2 214.5 205.4 198.6 198.6 199.1 197.8 190.9 189.2 191.1 192.8 193.3 195.1 196.9 200.1 201.8 201.6 202.9 204.6 207.5 210.1 211.2 198.5 191.8 204 210.1 212.2 208.1 206.6 208.8 211.1 208.4 213.3 227 239.1 256 255.2
174.8 174.5 172.6 171.7 171.2 170.8 170.4 171 171.4 171.7 172 170.4 170.5 171.1 172.6 174 174.6 178 180.1 184 189.3 191.7 197.4 198.2 195.6 195.5 192.9 190.2 190.9 194.9 200.6 204.5 204.4 205.2 207.4 211 215 217.3 218.1 216.5 216.5 215.8 210 205.9 200.2 200.4 201.3 200 190.9 188.9 188.9 188.6 188.9 190.2 191.6 192.7 193.9 194.6 195.3 197.4 199.3 201.6 204 201.1 188.8 195.8 202.7 199.6 199.4 201.3 205 209.8 209 207.8 216.1 221.5 229 233.4
175 172.8 171.8 171.2 170.1 169.6 169.3 170.1 170.6 170.3 170.3 169.9 170.2 170.5 171.9 173.3 174.9 178.1 181.3 185.4 190.2 192.2 195.7 196.7 193.8 194 190.3 190.5 188.8 188.6 192.2 197.9 199.8 202 204.5 207.5 210.3 209.8 208.8 209.8 211.7 210.4 209.2 205.4 202.7 200.8 199.2 195.4 189.3 189.9 190.1 188.9 188.3 188 188.8 189.5 189.7 189.3 189.6 189.3 189.4 190.2 191.8 192.8 190.7 189.1 189.2 191.1 195.3 199.1 204.3 211.5 210 199.9 203.2 206.2 212.3 215.4
175 172 171.4 170.7 170.2 170.4 170.4 169.1 169.6 169.2 169.3 169 169 169 169.7 171 173.6 177.8 180.6 184.2 188.5 190.3 192.5 193.3 192.5 191.9 191 189.8 187.5 187.2 188 191.9 194.4 198.6 202 205.1 206.3 206.8 206.6 206.8 208.7 207.3 205.3 203.2 200.9 201.1 198.2 192.9 191.3 191.4 192 191.3 194.1 194.5 195.6 197.2 191.7 189.7 185.3 178.8 181.4 181.6 182.3 186.4 188.1 184.4 188.8 192.2 196.6 199.1 200.9 205.4 202.4 198.9 198 197.2 200.9 205.2
174.7 171.7 171 170.3 170.4 170.5 170.2 170.3 170.5 169.3 168.9 168.4 168.3 168.2 168.4 168.8 171.8 174 178 181 184.6 186.8 188.9 190.7 189.7 189 186 183.5 184.3 183.3 185.8 189.9 190.8 194.7 200.1 202.5 203.1 203.8 204.5 205 205.4 204.4 202.3 200.8 200.1 198.9 197.8 194.8 195 195.8 198.1 200.3 205.6 209.8 208.6 207.4 205.3 201.4 197.2 193.2 178.6 178.6 178.6 179.5 180.7 180.3 190.9 196.9 201.1 202.1 199.3 198.9 199.2 199.4 199 197.9 192.9 196.9
174.7 171.7 170.9 170.5 170.6 170.7 170.3 170.1 170.4 170.7 169.3 168.6 168.8 168.3 168 168 168.4 169.6 174.9 180.6 181.1 182.7 184.3 185.6 184.2 181.1 179.4 180.1 179.5 180.8 183.5 186.8 189.6 192 197.6 200.8 200.2 201.1 202 202.5 202.4 202 200.9 199.7 199.1 198.9 200.4 199.8 199.7 200.4 202.9 209.8 213.8 217.7 220 218.2 216.6 214.3 210.8 201.7 193.2 181.2 178 176.5 176.9 179.3 190.8 195.8 201.2 208.8 201 200.4 200 199.5 202.1 199.6 191 192.4
