webserver/python/data/SJ02.asc
ncols 200
nrows 200
xllcorner 300000
yllcorner 320000
cellsize 50
[rows 70 to 104 of 200, columns 0 to 77 of 200]
530.5 523.9 517.8 507.4 503.8 497.2 490.5 482.7 470.3 459.7 449.3 438.7 426.6 412.5 399.1 389.6 381.8 369.2 354.4 351.6 354.2 350.5 344.6 342.2 341.7 342.7 343.2 343.7 341.3 335.2 327 318.6 304.3 298.4 295.2 287.2 284.4 276.7 267.1 253.6 237.6 224 209.5 194.6 194.7 194.6 195.3 194.5 193.8 193.4 191.6 190.6 193.2 200.7 208.7 215.4 224.2 235.3 245.1 255.5 266.4 276.8 286.9 296.7 305.7 319.7 334.2 345.3 358 370.9 380.8 389.8 401.9 415.8 429.4 439.4 445.2 442.9
534.9 530.5 525.2 516.3 508.5 502.5 497 487.8 479.9 472.4 462.3 451.9 440.2 427.7 414.7 406.6 395.9 385.4 379 375.9 373.9 368.6 367.1 367.4 365.5 367.2 368.5 369.3 369 365.6 356.8 345.6 337.2 324.6 322.8 311.8 309.7 297.6 287.3 278.4 265.8 251.8 234.1 216.1 203.8 193.7 193.6 192.6 192.2 192.1 190.5 188.9 188.1 187.7 194.7 200.7 206.2 215.4 226.2 235.4 244 252.1 258.4 266.8 278.8 295.3 310.2 322.2 335.1 349 354.6 365.8 383.3 400.4 411 421.3 435.5 442.9
536.6 532.4 526.4 518.2 512.3 509.4 504.6 497.2 494.3 490.3 482.6 475.2 463.8 448.8 434.1 424.7 415.8 408.1 405 402.9 398.6 397.8 399.7 397.8 394.1 394 392.3 389.8 391.9 392.4 391.1 376.4 365.1 352.3 346.1 343.3 331.7 318.3 307.1 297.5 285.5 274.5 261.5 244.7 219.7 207.2 194.4 191.7 191.5 190.7 190.1 188.2 187.6 187.7 187.6 186.2 190.8 196.1 202.7 211.6 217.8 227.2 233.7 240.5 249.8 265.9 283 295.9 312.3 323.1 332.1 344 364 381.8 394.4 405.3 415.6 424.1
537.9 533.1 527.5 521.3 517.5 515 512.9 509.9 510.3 507.3 504.3 498.5 489.8 475.1 462 451.4 442.8 437 433 432 432.5 430.7 430.7 426.4 420.1 416.1 409.4 406.7 405.9 404.3 398.6 396.7 392.7 381.9 366.6 364.2 348.4 339 328.1 315.8 299.1 285.3 272.7 255.9 235.7 218.2 202.3 195.5 190.7 189.9 189.1 187.6 187.5 187.6 186.9 185.5 183.8 183.8 187.9 193.7 201.3 209.2 216.3 225.4 232.7 238 253.8 270.7 287.3 299.8 315.1 327.9 342.8 359.1 370 381.3 394.7 405.3
540.5 535.6 529.4 525.3 523.9 521.5 521.6 519.3 521.2 519.5 517.3 513.9 510.1 501.3 490.7 482.8 472.4 467.7 463.4 463.6 465 463.6 460.7 453.9 445.1 437.3 425 422.4 421.3 419.7 416.7 418.2 412.8 406.4 391 383.4 378.8 367.1 351.9 339.6 322.6 302.1 288.4 279.6 261.3 242.8 224.6 210.3 198.1 188.6 188.3 187.1 187.2 187.2 186.4 184.9 183.5 183.2 182.9 183 186.2 192.2 201.5 209.6 219.4 227.5 234.4 246.9 263 278.1 297.1 310.8 326.7 340.9 354 364.7 376.4 387.4
543.4 537.6 532.5 534.1 530.4 529.9 530.3 530.1 531.7 530.1 528.1 524.6 521.1 516.9 513.2 508.2 502.1 497.7 491.6 491.6 493.6 491.5 486.9 481.8 471.3 460.1 450.1 442.8 436.1 433.9 432.6 435.4 432 424 412.6 402 396.6 390.7 374.6 360.1 343.7 327.6 303.2 301.8 293.6 276.3 262.4 249.7 230.7 194.6 189.6 189.1 188 188.3 187.1 184.3 183.2 182.7 182.6 182.3 181.8 181.2 185.7 196.9 207.4 215.6 222.5 231.1 243.9 254.6 272.5 291.1 308.3 319.2 332.3 345.5 357.8 367.4
544.9 541.6 541 539.4 536.8 535.9 536.6 537.2 538.2 538 535.4 533.2 531 528.3 524.5 520 516.7 514.3 513.6 511.8 513 511.7 507.7 501.8 492.1 477.6 465.8 458.8 450.7 447.9 445 443.8 438.8 432.2 425.2 416.3 403.9 398.7 383.5 371.3 356.7 347.9 316.7 323.4 320.3 307.9 297.8 294.3 260.2 214.3 194.5 194.1 191 190.1 187.1 184.2 182.9 182.2 182 181.4 180.8 180.1 179.6 186.1 194.6 203 210.5 220.4 227.9 237.1 251.7 269.9 285.6 298.1 310 322.3 333.6 344.9
548.6 546.6 545 543.1 541.5 539.5 540.2 541.2 542.4 543.1 541.7 540 538.1 536.8 532.9 529.5 527 525 524.7 522.6 521.4 521 518.4 510.6 501.8 490.7 477.9 468.5 464.5 461.5 455.8 448.3 439.3 430.2 424.1 418.1 407.7 391.8 379.6 370.5 363.2 357.5 349 347.4 343.8 339.5 327.3 321 272.8 231.1 206.3 198.1 194.5 191.2 188 185.1 183.2 182.3 181.1 180.4 179.7 179.1 179.1 179.9 185.1 192.9 200.6 208.1 216.2 223.5 234.3 246.9 264.2 278.1 291.2 302.7 313.2 319.6
550.5 546.3 545.2 544.3 542.8 541.6 541.6 544.1 546.2 547.7 548.5 546.7 545.3 544.3 541.4 538.3 536.2 534.6 533.1 530.3 526.1 523.6 521.6 515.5 505.4 496.1 489.2 480.8 471.4 465.1 460.3 454.7 443.6 431.7 424.7 414.7 404.5 394.2 382.5 376 371.2 369.7 370.8 367.9 365.7 358.2 340.3 314.5 274.6 237.7 211.7 201.7 196.4 192.2 190.3 187.7 186.9 182.5 180.1 179.3 179 179.4 179.4 179.2 178.9 181.4 186.8 193.9 203.2 211.7 220.8 229.8 243.8 258.2 271.2 282.9 292 291.8
548.8 545.4 542.9 542 542 542.9 543.1 544.8 547.8 552.1 553.6 553.7 552.9 551.5 548.2 544.9 542.5 540 538 535 528.6 523.5 519.9 513.5 504.2 495.5 487 480.3 470.9 465.2 460.6 455.7 448.9 437.5 428 419.6 409.9 403.5 390.3 386 381.2 375.6 372.6 368.6 363 353.3 335.3 300 264.7 233.2 226.3 231 221.2 210.7 205.1 202.3 194 183.7 179.4 179 178.8 179 178.9 178.6 178 177.5 177.1 178.4 190.6 199.1 209.2 219.2 230.4 240.1 249.5 259.3 267.8 271.1
547.2 543.8 540.4 539.8 539.1 539.3 541.6 545 548.8 552 555.3 557.3 557.5 556.2 552.9 549.4 547.7 545.7 539.4 532 523.8 520.3 515.7 508.1 499.4 491.7 485.5 479.1 470.4 465.4 460.1 454.2 450.4 440.8 431.6 424.5 413.1 405.7 393.5 387.5 380.8 375.6 371.3 365.7 356.8 344.7 318.1 288.3 254.3 257.4 262.7 265.4 263.1 255.8 246.7 237 222.9 206.8 197.4 178.8 178.5 178.6 178.5 178 177.5 176.9 176.4 175.9 178.8 188.2 198.3 207.5 214.8 222.2 227.6 240 249.7 256.6
540.2 537 534 532.7 532.8 534.5 537.4 540.6 544.2 548.5 552 557.9 560.8 559.4 557.3 553.6 548.3 542.3 535.1 526.9 520.1 516.7 510.9 501.8 497.3 493.2 486 477.6 470.2 464.4 457.8 453.1 449.3 442.3 432.7 424.9 414.6 405.6 392.9 388.4 379.6 374.3 368.4 361.3 350.9 335.7 304.4 275.3 285.1 296.1 299.4 301.3 299.3 292.5 283.8 274.5 264 244.3 223.2 198.1 179.5 178.1 178 177.5 176.9 176.3 175.8 175.3 175.5 182.3 189.1 195.5 201.5 205.4 212.9 224 234.8 234.2
533.7 530.7 527.9 526.5 525.9 528 530.9 535 539.3 543.5 547.9 553.2 557.7 556.8 555.3 550.6 544.3 537.4 530.1 521.8 517.3 512.5 508.9 503.4 498.9 495.5 487.7 479.3 469.2 461.6 456.2 452 447.6 440.9 433.1 424.8 413.5 403 391.6 384.1 375.6 370.6 363.8 354 342.5 321.7 305.9 307.6 319.7 325.4 329 332.8 339.6 339.8 333.2 312.4 303 283 256.5 224.5 198.7 179.8 177.2 176.7 176.2 175.7 175.2 174.6 174.8 174.7 179.6 186.3 192.5 195.8 197.9 206.1 210.2 208.8
529 525.9 523.4 522 521.4 522.8 525.7 529.5 533.1 537.2 542.3 546.6 549.7 549.8 548.6 545.6 539.8 532.7 524.9 516.6 514.8 511.2 509.3 502.9 499.4 497.2 492.6 480.9 469.2 457.6 453 447.3 443.9 436.8 426 417.8 408.6 399.1 388.3 379.7 371.9 365.9 357.4 342.4 328.6 330.2 335.6 341 346.5 349.2 353.2 359.2 367.7 375.8 372 350 336.2 317.6 294.2 260.7 225.5 194.5 176.4 175.9 175.7 175.4 175.1 174.8 174.7 173.7 172.7 177.6 182.3 183.5 187 188.2 189.8 187.2
524.6 521.3 518.9 517.7 517.3 518.6 520.7 524 527.3 531.2 536.1 540.3 542.1 542.1 541 537.4 533.2 527.7 519.8 514 512.8 509.7 506.9 503.3 498.7 497.4 491.8 480.4 468.9 461 456.4 451.2 444.7 434.7 419.9 411.5 401.9 391 379.1 371.1 365.1 359.4 348.7 349.3 352.6 357.4 364.1 368 372.3 375.5 380.6 384.6 389.5 397.4 401.5 392.5 381.1 364.1 328.3 291.3 253.3 210.3 186.8 175.7 175.4 174.9 174.7 174.7 174.2 173.9 173.4 172.6 172.4 176.6 178.7 176.4 176.1 171.9
520.1 516.9 514.4 513.4 512.8 513.5 514.3 517.4 520.5 523.1 527.2 529.7 531.6 531.5 530.3 527.6 524.1 520 513.2 512 509.2 505.8 503.8 501.2 498.6 497.1 491.7 482.5 472.4 466.7 462.4 457.6 450.3 441.9 429.2 419.7 410.2 398.4 387.3 378.2 372.1 368.5 365.3 370.3 377.9 386 391.6 393.9 395.7 399.2 402.8 405 406.9 417.2 425.4 428.2 422.1 386.2 343.5 315.8 266.1 223.2 195.2 177.9 174.6 174.6 174.6 174.6 174.1 173.7 173.3 172.8 172.4 171.7 170.7 170.2 169.7 169.2
514.9 512.3 509.9 508.2 508.3 509 509.7 510.6 512.7 515.1 518.3 520.8 521.6 521.3 519.8 517.5 515.3 511.7 508.4 507.3 505.6 505.4 503.4 499.1 499 497.1 491.9 484.9 477.2 473.2 469.2 465.1 461.7 451.9 442.1 428.7 419.7 410.2 399.4 391.7 387.9 387.2 388.9 395.5 403.6 408.4 411 413.9 417.1 420.2 422.2 423.9 425.2 435.6 444.9 455.7 451.2 408.2 377.8 329 267.5 231.8 200.2 185.6 175.3 174.6 174.5 174.6 174.2 173.8 173.4 172.9 172 171.6 170.6 170.5 169.7 169.3
507.7 506 504.5 503.6 503.8 504.6 504.9 504.5 505.1 507.3 508.4 511.3 513.3 511.9 510.3 509.6 506.9 504.8 504.4 504.3 504.8 505.1 505.1 502.3 498.3 495.9 491.3 485.3 482.2 478.5 474.7 471 467.2 460.6 452.5 442 432.9 423.9 414.1 406.5 405.4 409.9 417.2 423.9 428.3 429.1 427.1 428.9 432.6 436.3 439 440.1 444.3 451.9 461.9 468.3 466.9 429.1 395.9 335.9 279.7 246.7 208.1 192.8 178.5 174.3 174.9 174.7 174.3 173.9 173.5 172.8 172 171.1 170.6 170.2 169.7 169.3
503.2 500.4 499.3 498.2 498.9 499.7 499.2 498.9 498.5 499 499.4 500 501.3 498.6 497.6 500.2 498.9 498.6 500.3 502.6 503.5 504.7 505 504.7 501 496.7 492.4 489.9 486.6 482.9 479.1 475.4 471.7 467.7 462.2 454.4 447.3 438.3 427.2 425.2 431.2 436.6 445.1 448.6 451.4 453.5 450.4 447.7 447.5 451.2 454.7 457.7 461.5 468.6 474.5 480.2 484.1 458.9 399.9 343.4 293.6 256.8 219.9 198.8 183.8 175.9 175.2 174.9 174.4 174 173.5 172.8 172 171.2 170.7 170.3 169.8 169.4
499.5 496.6 494.4 493.3 493.9 494.7 493.9 493.1 492.7 491.9 491.6 491.3 490.4 489.5 488.9 490.4 491.2 493.8 495.9 498.3 500.6 502.6 504.9 505.4 503.9 500.3 497.2 494.3 491 487.2 483.5 480.1 477.4 473.3 469.1 465.5 460.9 456.1 448.3 454.5 459.8 463.7 465.1 466 467.6 467.1 463.6 460.2 460.4 459.7 460 461.9 465.7 469.6 477.2 482.4 490.4 464.8 403.8 353.1 302.9 261.7 230.2 206.9 191.6 182.5 175.9 174.8 174.5 174.1 173.5 172.7 171.9 172.2 172.2 170.4 169.9 169.5
493.9 491.1 489.6 488.7 488.8 489.4 488.6 487.8 486.9 485.3 484.4 483.9 483.1 481.1 480.9 480.9 482 485.3 489.8 493.6 495.9 498 501.1 505.2 504.5 503.2 500.9 498.7 495.3 491.6 488.7 486.1 483.4 478.5 474.9 472.9 471.9 470.3 467.9 470 472.2 473.1 473 471.2 473.8 475.1 470.6 465.8 462.6 461.8 463 465.3 468 470.6 477.1 481.9 486.2 442.4 388.9 342.8 302.6 265.2 235 213 195 186.3 178.1 175.8 175.2 174.2 173.4 172.7 171.2 170.6 170.8 171.4 170.3 169.6
488.5 486.2 484.8 484 484.1 484.1 483.2 482.2 480.5 478.2 477 476.1 475.2 473.5 473.4 473.2 474.8 478.4 483.6 488.5 491 493.1 495.3 500 503.8 504.4 503 502.5 500.1 497.4 494.7 492.1 488.7 483.5 480.2 478 476.3 475.7 476.4 476.5 476.8 477.2 477.2 476.8 477.3 478.9 476.4 472.3 465.8 462.8 462.5 461.7 466.3 470.7 473 474.1 451 406.9 365.4 334.4 301.2 267.7 239.6 219.1 199.2 186.8 177.5 176.3 179.1 179.5 178.6 176.3 175.3 174.8 171.3 171.4 172.3 172.3
484.1 482.1 481.2 479.7 478.4 479.9 479.3 476.1 474.4 471.6 468.5 467.8 467.3 466.4 466.1 467.1 469.3 472.2 477.5 482.3 485.9 487.8 491.1 495.3 499.3 503.4 503.8 504.3 503.7 501.7 499.6 497.5 491.7 487.6 485.3 483.9 480.6 480.2 479.7 479.2 479.5 479.5 479.9 480.2 481.4 482.5 479.7 475.4 470.3 465.2 459.4 456.8 461.3 463.3 465.5 447.6 409.4 378.4 355.6 320.4 292 259.8 236.3 216.2 195.9 183.8 180.1 184 184.5 185 185.1 185.2 185.4 185.8 185.2 187.1 184.9 184.1
481.3 480.3 478.2 476.5 477.5 472.6 471.5 470.9 469.3 466.8 464.8 464 462.9 461.3 461.5 462.6 464.5 467.1 470.8 475.1 479.4 483.1 486.6 490.7 494.8 498.5 502.9 504.9 504.8 504.3 501 497.7 494.6 493.8 492.1 490.5 485.1 484 482.7 482.5 482 481.7 482.1 482.3 483.2 485 484.9 481.4 476 471.9 459.6 451.6 446.4 446.9 443.4 414.9 378.4 352.3 330.2 305.4 272.2 247.7 230.4 211.9 194.3 182.9 187.4 189.2 191.6 191.9 192.8 193.1 195.3 196.6 198.3 198.2 197.4 196.6
481.3 480.5 479.1 480.9 480.3 476.3 469.5 467.7 466.3 466.1 466.1 464.9 463.3 459.8 459.7 459.7 459.7 463.6 467.2 470.7 475 477.1 480.5 485.7 490.6 494.2 497.6 502.7 505.6 504.3 503.3 502.3 500.9 499.8 498.8 496.1 491.3 487.5 485.8 485.3 484.8 483.8 483.4 483.4 483.9 486.2 487.8 485.9 481.4 474.8 464.2 449.9 437.6 424.4 404.7 375 349.4 328.6 305.4 275.1 256.6 236.2 218.5 205.6 188.4 189 193.3 195.2 198.8 201.7 202.7 204.2 203.6 206.7 208.2 209.7 209.7 209.5
481.6 483.9 485.3 485.9 486.6 484 479.7 478.3 473.6 471.2 471.2 468.7 466.9 463 459.7 459.7 459.7 460.4 463.7 467 470.9 472.8 476.7 481.1 486 490.5 494.7 498.9 501.2 504.3 506.2 504.8 504.6 503.7 502.7 502.8 499.2 494.4 491 488.5 487.4 486.8 485.7 484.5 483.7 486.8 488.9 490.7 486.1 480.7 475.7 456.9 433 414.7 368 347.5 319.4 305.1 277.1 263.7 243.7 224.8 214 196.8 187.5 194.9 198.2 202.4 208.3 212.4 213.2 214.6 218.4 222.5 223.3 221.6 221.4 221.9
479.9 485.3 488.6 489.5 490.3 490 488.2 485.5 481.1 477 475.4 472.8 470.7 466.7 463.1 459.7 459.7 459.7 460 463.4 466.7 469.4 473 476.7 482.1 486.8 490.6 493.2 496.9 498.7 501.6 504.1 504.6 504.1 505.4 504.8 502.7 499.1 494.5 490.8 490 488.6 486.2 484.2 483.7 485.8 489.5 491.5 489.2 484.9 473.9 455.7 416.7 392.5 333.9 315.1 298.5 282.6 264.4 249.4 233.2 222.8 212.1 194.3 190.9 198.8 204 208.4 213.4 219.4 226.7 232.4 240.5 242.4 242.7 242.7 241.4 239.1
480.9 487.6 491.4 492.6 493.4 493.4 493.1 492.7 488.2 482.3 479 475.8 473.4 469.5 466.4 462.9 459.7 459.7 459.7 460 463 464.9 468.7 470.8 475.1 480.3 484.8 488.3 491.4 493.2 495.1 498.7 498.7 499.8 501.3 502 503.9 500.1 495.2 491.4 489 486.5 484.2 482.2 482.4 483.4 488.8 488.7 483.1 473.8 462 441.4 400.8 348.5 319 292.9 277.9 267.3 254.2 240.7 231.3 223.1 211.9 196.3 194.3 203.4 209.2 214.7 220.3 228.8 241.5 251.2 261 265.7 264.9 260.3 262.2 263.7
483.3 490.4 494.4 496.2 497.3 498.2 497.8 495.1 491.2 486 481.5 479.8 476.6 473 469.4 466 463 459.7 459.7 458.4 459.3 460.8 462.6 464.5 467.2 469.9 472 478.6 482.2 485.4 487 488.6 492.1 494.3 495.9 497.1 497.2 495.1 492.2 490.3 487.7 484.4 481 478.2 481.1 483.4 483.7 463.8 451.3 436.4 427.1 401.8 367.5 317.1 295.7 279.7 263.1 254.8 246.7 240.2 232.4 223 215.6 199.9 199.4 208.2 214.2 221.8 229.4 238.6 254.3 263.6 272.5 275.6 278 284.5 284.2 288.7
485.2 492.2 497.1 499.1 500.7 500.6 499.7 495.2 491 488.4 483.7 482 479.5 476.2 472.2 468.2 464.9 461.9 459.8 457.1 455.6 456.5 459.1 458.6 459.4 460.2 461.7 465.3 469 472.7 477.7 481.9 485.2 488.5 489.4 491.4 491.8 491.1 488.7 486.9 484.4 480.2 475.5 472.8 472.2 469.4 450.7 421.9 408.3 397 381.4 355.2 324.7 290.9 277.9 264.8 250.7 245.8 239.7 235.8 229.7 222 215.9 203.6 204.3 213.2 219.9 228.6 239.2 255.5 267.7 276.8 284.8 291.8 298 306.4 312.5 318.9
491.7 494.6 500 501.8 502.8 502.1 500.1 495.4 490.9 487.7 485.2 482.2 479 475.6 472.4 469.4 466.4 463.1 460.4 458.4 455.3 453.6 453.3 452.5 452.4 452.1 451.2 452.2 456 459.5 463.6 471.2 477.8 480.5 482.4 483.2 484.8 485.4 484.6 482.6 476.6 473.1 466.4 457.8 451.5 433.3 406.7 391.5 377.3 362.3 341 315.4 288.7 266.7 256.8 246.5 238.4 236.2 234.1 229.5 225.3 218.5 213.1 202.9 209.6 217.7 227 242.4 258.8 266.4 275.5 286.7 299.6 311.8 318.2 325 332.9 341.8
491 497.2 500.6 502.1 502.5 503 500.2 496.1 491.1 487.7 484.9 482.2 478.7 475.2 471.8 469.1 466.5 464 461.1 458.5 455.9 455.4 453.3 448.9 446.8 443.5 440.1 437.5 437 441.1 446.8 452.3 460.5 468 471.5 474.4 477.4 477.6 476.5 475.9 467.4 458.9 447.7 431.9 413.4 393.8 374.7 358.9 343.1 327.4 305.7 285.2 265.7 248.7 239.1 227.6 228 228.2 226.2 224.1 221.2 215.5 208.5 211.4 220.5 229 237.1 249.9 263.2 273.5 287.2 295.8 313.5 322 331.2 343.2 352.6 362.7
494.9 499.1 501 502.5 502.5 501.6 499.6 495.8 492.1 489.5 486.5 483.3 480.2 475.9 471.9 470 468.4 466.3 463.3 460 460.4 460.8 459 455.2 450.2 446 440.1 431.5 418.1 417.8 423.8 429.4 437.7 446.6 455.1 459.8 468.3 466.1 465.7 461 447.9 434 420.4 403.4 381.1 355.9 340.2 325.7 312.5 299.6 281.1 263.5 245.5 233.9 228.3 217.3 220.4 221.7 221.4 219.6 215.7 206.6 209.6 220.6 230 237.3 250.8 260.8 273.1 289.7 302.8 312.7 321.1 335.2 345.4 358.6 371.7 381
498.1 501.3 502.1 502.9 505.1 503.4 500.8 496.4 493.8 491.9 488.9 484.4 481.7 477.3 473.3 471.4 469.6 467.9 465.2 461.8 463.9 466.1 465.9 463.3 460.6 455.8 450.6 441.9 427.2 410.8 395.8 404.5 410.3 419.2 427.1 436.5 439.8 448.1 444 428.5 418.4 405.2 389.5 367 342.8 321.6 315.2 299.1 284.7 272.2 256.6 241.2 232.4 224.8 215.9 215.4 215.1 215.7 217.2 215.7 208.8 210 220.9 229.9 240.9 252.2 263.1 274.6 289 305.3 325 322.7 334 349.4 358.9 372.2 386.6 400.5
497.9 502 503.3 504.2 506.6 504.8 502.2 497.7 495.6 497.4 494.5 488.7 484.4 477.2 475.1 473.2 471.2 469.2 465.6 464.1 467.4 470.5 472.8 473.4 472 468.6 461.4 451.9 438.2 421.4 400.2 379.9 385.9 389.3 393.9 397.7 399.5 404.6 406.6 402.9 387.7 376.4 357.5 334.5 313.4 296.7 283.9 273.7 258.2 246.7 233.3 225.8 221.4 218.2 216.5 216 214.2 212.8 211.3 209.6 220.8 230.2 237.7 245.2 251.9 267.5 281.7 297.8 320.3 326 343.7 354.8 359.5 365.6 372.5 383.3 395 402.8
