webserver/python/data/SJ03.asc
ncols 200
nrows 200
xllcorner 300000
yllcorner 330000
cellsize 50
[rows 140 to 174 of 200, columns 78 to 155 of 200]
415.7 420.7 425.7 431.2 436.5 442.2 448.8 455.2 460.2 464.2 467.8 472.2 475.2 476.9 476.6 475.5 473.8 471.5 474.9 476.2 477 479.3 487.5 498.2 508.5 518.7 530.4 540.7 549.7 558.8 566 570.5 575.3 580.7 586.9 592.1 596.4 599.5 602.2 604.7 607.7 611.1 613.4 616.6 620.2 625.2 630.4 637.3 644.6 651.7 657.7 663.6 670.1 675.8 683.3 691 700 707.4 716.5 726.3 736.4 749.2 760.9 772.7 784.2 793.6 800.9 804 783.4 728.4 689 662.5 644.4 627.5 615.3 606.7 603.7 602.5
419.4 424.4 429 433.7 438.9 444.3 450.9 456.9 462.4 467.8 473.1 478.6 483.2 485.5 485 482.1 479.6 474.1 475.9 480.2 481.4 481.8 482.7 484.1 495.3 505.1 516.2 526 535.2 543 550.4 556.2 563.2 569.9 576.4 583 589.1 594.2 597.3 600.2 603.4 606.7 610.5 614.4 619.6 624.9 632 639.1 646.9 655 662.3 668.9 675.8 682.9 691.2 699.7 708.7 717.7 726.6 736.7 746.6 758 769.5 780.8 791.6 800.8 807 809.3 784.3 732.3 696.2 666.6 644.2 629.4 616 611.6 611.3 609.4
420.8 427.8 432.3 437 441.7 446.6 453 458.4 464.7 471.5 478.9 483.7 489.4 492.7 493.1 489.8 486.4 479.6 477.7 483.5 489.2 491.2 490.8 490.8 489.7 490.4 497.7 507.5 516.9 525.8 534.1 542.4 550.6 558.2 564.8 572.5 578.5 583.4 588.2 591.6 596.1 600.7 605.6 609.8 616.4 623.9 632.1 639.9 649.3 657.8 666.3 673.3 680.9 688.6 697.2 707.4 717.4 726.6 735.8 745.9 756.1 767.2 778.4 788.9 799.1 807.8 813 814.2 789 736.7 700.3 671.4 647 632.2 623.3 621.5 622.6 619.7
424.2 429.8 434.5 439.2 444 448.6 454 458.5 467.2 475.4 482.8 490.1 495.7 499.1 500.3 497.1 493.8 484.2 480.9 488.7 497.3 500.6 502.1 503.3 502.7 501.7 498.9 500.7 502.2 504.6 517.4 527.5 537.1 546.2 553.8 561.4 567.5 572.5 577.5 582.4 586.8 592.2 597 603.1 611.1 620.7 629.6 640.3 650.2 659.7 668.1 677.3 685.5 693.8 704 714.3 724 734.4 744.8 754.6 764.7 775.8 786.4 796.8 806.6 814.2 817.5 816.2 784.9 744 714.2 684.7 654.6 637.6 635.9 632.3 632.9 626.5
428.8 432.5 436.1 440.8 445.3 449.7 454.9 460.9 469.6 479.2 488.6 496.4 502.6 505.4 507.2 504.4 500 488.5 485 493.5 502.8 507.4 512.1 516.2 518.6 517.6 517.1 516.8 516.5 515.5 513.2 511.4 520.3 530.2 540.2 549.1 556.9 562.7 567.6 572.5 577.1 582.9 588.5 595.7 605.4 615.4 625.7 636.8 649.2 660.1 669.8 678.6 689.4 699.3 709.4 719.6 729.5 740.1 750.9 761 771.8 782.8 793.5 804.1 812.8 819.3 820.5 816.8 793.3 743.9 719.1 696.6 659.6 640.6 637.6 636.8 634.4 622.1
431.3 435.8 439.4 442.5 446 452.4 457 464.6 473.4 484.2 493.6 502.6 508 512.2 514.1 511.1 506.9 495.3 488.4 496.7 506.9 513.9 520.7 525.9 531.1 535.1 536.4 535.8 535.5 534.1 531.4 529.3 524.4 521.8 529.4 536.7 543.3 549.4 553.9 559.1 565.1 571.3 578.6 587.3 597.9 607.9 618.4 629.3 643.6 657.2 669.1 679.9 690.4 701.4 712.3 723 733.4 743.7 754.5 765.5 776.2 787.2 797.2 807.6 816.6 822.7 825.1 813.3 763.3 731.7 709.6 678.9 654.8 643.1 637.2 633.5 625 613.5
434.9 439.1 442.2 445.3 449.4 454.9 460.6 469 478.4 489.2 500.2 508.1 514.6 519.6 521.6 517.9 514 502.7 490.4 496.9 508.5 519.9 527.5 534.5 541.9 547.5 551.8 553.9 553.6 553 550.8 548.7 544.4 535.2 531.9 532 538.4 539.8 543.9 549.8 555.3 561.9 569.2 575.9 580.9 596.4 610.4 622.6 636.7 650.8 663.8 676.1 688.4 699.6 710.7 721.8 732.5 744.1 755.2 766.5 777.6 788.8 799.2 808.8 818.2 823.5 821.8 788.6 748.1 723.2 699.7 674.6 647.9 632.5 625.3 619.4 612.7 603.1
437.6 442.3 445 448.7 452.8 457.9 465.1 473.4 484.8 497.2 507.1 515.2 522.4 527.2 528.8 526.2 521.5 511.5 495.3 497.3 508.3 521.7 533.3 542.6 551.2 558.5 564.2 568 569.6 569.9 568.9 567 563.2 550.5 541.7 550.9 554.7 558.7 562.4 565.3 565.5 568.3 578.5 587.8 594.9 598.5 602.7 609.4 625.8 640.5 654.4 667.8 680.6 693 704.6 715.8 727.4 739.2 751.1 763 774.5 786.2 796.9 806.9 814.9 818.5 812.2 779.2 743.3 718.9 692.1 664.7 640.9 625.2 617 610.6 602.6 593.4
442.7 446.2 449.3 452.6 456.9 464 472.8 481.1 493.6 503.7 513.3 522.4 529.6 534.9 537.1 535.1 530 519.4 504.8 498.6 506.8 522.4 537.1 548.7 559.1 569.1 575.9 580.5 583.1 584.2 584.6 582.6 578.1 561.5 550.7 562.2 567.4 571.8 575.8 578.9 580.4 574 581.4 592.1 604 613.2 618.9 622.5 627.5 632.7 646.5 653.7 667.4 680.9 692.6 705.2 717.3 731.2 743.3 754.9 766.2 778.5 789.6 799.8 806.8 809.5 806.4 775.8 741.1 713.9 690.7 658.1 639 624.3 611 602.4 594.6 584.5
447.6 451.1 454.1 457.2 462.3 469.5 478.3 488.5 499.3 510.2 519.8 529.2 536.4 542.1 544.5 543.5 539.6 527.1 511.3 499.7 506.3 520.7 539 552.9 565.4 576.8 584.7 591.4 594.7 596.6 597.8 595.5 589 570.7 557.9 570.8 577.8 583 588 591.7 593.6 593.3 584.3 595.6 607.5 621.2 631 637.5 641.4 644.4 650.4 661 670.6 680.9 690.9 699.9 711.4 723.2 734.8 746.6 760.2 772.9 786.1 798 805.5 811.4 809.7 772.9 737.8 711 683 654.7 637.2 622.4 610 600.1 584.9 575.2
453 456.8 460.7 462.9 467.4 474.8 484.6 495.8 506.9 517.2 527.3 536.5 543.9 549.8 552.8 551.7 548.4 536.4 518.1 503.2 507.4 520 537.6 555.6 569.1 582.3 591.9 598.9 603.8 607.5 608.1 606 599.2 584.3 563.3 576.3 587.2 594.3 599.6 604.6 607.7 609 602.5 600.1 612.2 626.1 639.2 648.5 654.9 659.2 662.5 667.1 675.9 685.5 694.7 705.2 716.8 727.6 737.6 749.1 762.3 774.2 788.2 801.1 810.9 819.2 804.4 767.6 731.7 706.9 679.2 651.6 635.4 622.3 610 596.6 581.4 570.1
457.2 463.8 467.4 469.8 474.4 481.9 492.2 503 514.4 524.9 535.2 544.1 551.5 557.1 559.7 558.7 556 545 524.2 508.8 510.3 519.1 536.5 556 571.7 586.4 596.4 604.3 612.2 616.7 618.2 616.5 609.7 596.1 576.1 583.9 596.3 604.9 612.2 617.3 622.1 623.7 623 612 617.8 630 645.3 658.5 667.2 673 677.2 680.3 683.2 691.2 700.2 710.1 721.9 731.8 741.7 753.4 764.7 777.5 792.7 806.1 818.8 824.7 799.3 758.6 731.5 703.6 670.8 649.1 634.1 620.6 605.5 591.8 575.1 560.2
461.8 469.6 473.7 478.1 483 491.2 501.1 510.8 522.4 532.6 542.7 550.5 557.8 563.6 566.4 566 563 553.8 534.1 517.5 512.3 518.9 534.7 556.5 574.3 590.2 600.6 609.9 620.1 625.1 628.1 626.2 620.8 610.8 591.5 591.7 607.5 615.7 623.6 630.2 635.3 639.7 640.5 633.7 623.9 636.5 652.5 668.7 678.7 686.2 691 695.5 697.9 699.7 707 716.6 727.6 737.6 748.3 759.2 768.4 781.2 796.5 810.5 822.3 825.3 791 754.5 728.4 696.2 669.7 648.2 633.4 620.8 600 582.3 568.6 556.9
466.4 475.5 480.5 485.1 491.4 500 508 518.2 529.7 540 549 557 564 570.1 573.9 573.3 570.9 564.7 543.8 523.1 514.7 520.9 535.5 553.1 574.3 592 604.7 617.3 628.4 634 636.4 636.3 631.8 626.4 613.7 606.5 619.1 629.2 636.5 643.6 649.3 654.2 657.4 654.5 645 648.7 660.9 677.5 690 699.1 705.5 710.4 713.4 714.1 715.9 726.2 736.3 745.1 754.5 764.4 775.4 787.1 800.9 812.7 821.1 814.7 783.1 746.8 722.5 694.4 665.3 647.9 635 623.7 603.3 581.4 565.2 555
471.6 481.2 486.6 491.7 498.3 505.7 514.5 524.6 535 545.2 555.6 563.4 570.2 576.7 580.4 580.4 579.3 574.1 553.7 532.8 520.5 523.8 534 557 576 594.3 609.1 622.5 635.4 642.6 646.6 647.3 644.9 641.2 638.4 631.1 636.5 644.1 651.5 658.4 664 669.1 673.9 674.1 666.2 659.7 670.1 687.3 701.1 711.2 719.2 724.3 728.2 730.4 729.2 737.3 745.9 755.1 763.2 772.6 783 793.2 804.7 813.2 801.7 787.1 766.2 739.1 718.3 693.1 665.9 648.5 638 625.5 606.1 584 565.7 556.7
476 486.2 492.4 497.6 503.2 511.2 521 530.7 540.6 551.4 561.5 569.9 577.2 583.5 587.8 588.6 587.4 581.9 563.3 542.9 529.5 525.3 535.9 554.4 575.5 594.7 613.4 629.7 642.9 650.2 654.4 657.8 657.4 656.5 655.3 654.1 654.3 661 667.3 673.2 678.6 684.2 689.4 690.5 686.8 681.3 683.3 698.9 712.7 723.2 731.1 737.3 742.4 745.7 747.6 751.2 759.1 766.7 774.5 780.9 787.3 796.4 804 786.1 768.2 757.9 745.8 731.3 716.9 697.8 672.7 656.2 644.8 622.9 610 588.8 571.7 563.2
480.2 488.7 495.9 501.7 506.5 514.9 525.1 534.8 544.7 557.2 566.6 575.3 583.1 590.1 595.1 595.7 595.6 590.4 571.8 551.5 538.7 529.4 537.9 552.1 573.4 594.6 614.3 634.1 647.5 655.9 661.8 667.3 670.4 669.8 669.5 671.1 672.5 676.7 682.3 687.8 693.2 698.8 704.4 708.3 709.6 703.3 703.3 713.6 725.7 735 742.9 749.7 755.8 759.6 762.7 765.8 770.4 776.8 782.4 786.9 790.5 795.8 780.9 753.5 737.3 731.1 727 722 716.3 706.8 683.7 661.1 647.1 629.5 614.1 591.9 578.1 572.4
480.8 489.9 497.5 504.2 510 518.2 529 538.5 548.1 560 571.2 580.4 588.7 596.4 602.1 602.6 603.8 600.8 583.1 564.7 550.3 539.9 535.9 551.7 570.7 590.7 613.4 633.3 648.7 659.1 667.4 676 681.1 683.6 684.8 686.8 689.6 693.8 697.5 702.4 707.8 713.2 718.4 723.6 726.6 726 725 730.6 740.8 747.5 755.2 762.2 768.5 773.7 777.3 779.3 782.3 786.7 789.6 792.4 793.3 777.7 746.6 723.4 707.8 702.6 702.7 710.6 718.7 716.9 697.4 673.8 659.2 641.4 617.2 600.3 588.1 582.6
483.2 489.8 498.2 504.2 511.6 521.8 533.3 542.2 552.2 563.6 575 585.2 595.3 602.6 608.2 610.6 612.1 609.7 597.7 574.9 561.8 552.3 545.4 546.9 567.7 590.4 612.7 631.6 648.7 662.7 674.5 685.1 692.1 695.8 698.3 701.4 704.8 708.3 712.3 716.6 721.1 726.6 732 736.3 740 741.2 744.5 748.5 754.5 761.2 767.7 774.6 781.2 787.2 791.3 794.1 795.5 798.4 799.7 798.8 780.6 744.9 716.5 695.2 682 678.8 683.9 699.3 710 713.5 697.2 687.8 679.8 659.1 634.6 615 603 593.6
492.6 491.2 497.4 502.8 512.8 523.3 536.4 546.5 556 567.4 580.1 590.4 600.3 608.7 614.1 617.8 620.5 619.2 609.3 586.1 576 565.8 557.9 554 566 588.8 613 633.9 652.2 668.5 681.8 692.8 701.1 707 711 714.5 718.4 722.8 726.1 729.2 733.1 738.6 743.5 747.2 749.1 752.3 754.4 759.9 765.9 772.3 778.7 786.3 793.4 799.7 804.7 807 807.3 808.1 807.5 797.1 752 717.6 690.3 672.6 660.3 660.3 667.6 681.8 691.4 694.4 693.6 691.4 688.9 681.1 653.7 634.6 618.8 608.4
498 496.6 498.8 504.8 513.9 525.6 538.2 548.1 558.8 571.6 584.8 595.9 605.3 614.7 620.8 625.5 628.2 627.8 623 604.1 590.3 579.8 573.5 568.6 564.4 586.9 613.2 634 652 670.5 684.9 699.2 709.9 716.5 721.2 725.9 730 734.4 738.2 741.7 745.2 750.5 754.3 757.3 758.6 761 763.7 768.6 775.4 781.9 789.3 796.7 803.6 810.4 815.1 817 817 815.4 812.4 777.1 736 699.3 671.4 653.9 642.6 642.6 651.2 665.1 676.5 684.3 689.3 691.7 689.4 683.7 676.3 654.4 636.4 624.4
505.2 505.9 500.2 507.6 516 526.2 537.3 547.9 559.3 572.3 587.7 600.5 610.4 619.6 628.4 632.5 635.4 636.3 634.9 620 599.9 596.3 589.7 585.2 580.7 587.7 611.3 631.9 651.7 670.3 687.3 703.8 715.2 722.6 730.1 735.3 741.6 746.1 749.2 752.2 755.1 758.9 761 762.9 764 767.2 769.3 775.6 782.6 789.6 796.4 803.9 811.3 817.7 821.4 822.1 821.7 819.8 799.9 753.5 713.3 679.9 654.3 639.3 631.9 630.6 637.9 650.6 664 674.2 681.5 686.5 686.5 684.7 685.2 681.2 654.1 644.9
510.4 510.1 505.3 511.4 519 529 539 550.6 559.9 576.6 591.7 604.2 615.2 625.9 634.9 641.1 643.7 645.6 646.2 639 619 611.1 605.1 601.3 598 605.1 621 635.6 655.2 673.6 689.7 704.9 716.4 725.8 734.5 742.2 749.3 754.1 757.8 760.5 763.6 765.1 765.3 766.1 767.3 769.2 773.9 779.2 785.6 792.9 801 809.4 816.1 822.4 825.4 824 822.1 818.5 790.6 736.6 693.2 667 644.7 630.3 624.8 624.6 627.8 639 651.1 661.8 671.1 677.2 679.6 682.1 688.4 694.3 678.5 666.3
518 513.2 512.1 515.2 523.1 533.2 542.7 555 566.2 581.5 594.8 607.9 619.5 630.5 640.5 648.2 653.1 655.8 656.8 654.3 642.8 627.6 620.9 618.7 617.7 623.5 637.2 649.6 664.1 678.5 694.6 708.2 720.9 731.9 741.4 749 756.2 761.1 764.2 767.1 768.4 768.2 767.8 768.4 769.9 771.1 775.3 779.3 787.5 794.3 802.7 810.5 817.2 822.2 823.2 820.5 817.4 813.5 778 720.3 678.8 652.8 638.5 627.4 619.6 620.7 623.9 631.8 641.3 651.1 659.6 665.6 670.9 676.9 679.6 674.7 670.3 671.6
526.8 523.9 519.1 521.4 527.4 536.8 546.3 557 569.3 585 598.9 611 621.9 632.4 645.4 654.7 660.8 664.3 665.9 667.2 666.4 653.6 641.7 637.8 640.5 647.1 655.9 667.3 678.4 691.8 703.9 716.2 728.6 740.9 749.6 756 762.1 765.7 767.7 769.4 770.1 769.3 768.8 767.7 769.6 771.9 776.1 780.4 785.4 793 800.8 807 811.3 813.6 813.6 813.1 810.6 804.7 773.4 715.2 669.4 639.3 626 619.6 613.6 615.9 620.7 625.1 632.9 640.7 647.9 652.6 657.9 661.1 662 664.1 666.7 670.7
532.8 530.1 530.1 530.3 534.1 541 549.8 560.1 573.2 589 603.4 614.7 625.6 638.1 650.4 660.9 668.5 673.2 677.2 680.3 681.1 676.5 666.8 661.9 663.9 671.2 679.3 686.9 695.6 706.2 716.6 727.3 739.2 749.2 756.8 761.7 765 767.1 768.9 770.3 769.9 767.1 767.5 767.5 767.6 769.8 773.1 776.1 781.5 788.5 794.6 797.3 799.1 801 802.9 802.8 800 791.9 776 716.5 665.6 629.7 617.2 610.3 610.3 610.3 615.6 619.1 625.1 632.2 635.8 640.3 645.1 649 653.5 658 662.1 665.8
539.9 538.6 537.6 538.9 543 547.9 555.9 565.5 576.5 591.4 605 616.5 631.2 643.7 656.5 666.5 675.8 682.5 687.9 691.3 691.5 687.9 685.3 684.4 685.2 690.8 696.8 704.2 710.6 717.4 726.1 736.3 746.6 755.9 762.7 766.5 767.5 766.6 767.6 768 766.5 762 761.9 761.7 761.5 763.7 766.3 767.8 771.5 776.2 778.6 780.1 782 785.3 789.4 790.2 786 777.4 764.2 716.5 667.9 633.4 617.8 610.3 610.3 610.3 613.9 615.4 617.6 624 627.1 628.8 632.7 637.9 644 650.1 655.2 660.3
546.2 544.3 544.7 547.1 550.2 554.9 561.9 570.5 582.4 595.5 608.1 618.5 635.9 650 661.4 671.5 681.7 689.7 694.8 696.8 696.2 695.4 698 698.3 700 704.3 707.4 712.8 719.5 726.8 735.4 744.5 753 762.6 767.7 768.1 766.1 764.9 763.6 761.8 758.4 755.9 753.9 752.2 751 754.1 754.2 755.6 758.6 761.2 760.2 759.3 762.4 769.7 777.3 777.4 771.6 762.8 749.9 723.6 673.8 643.4 625.4 613.2 610.3 610.3 610.6 611.5 612.5 616.1 618.1 619.1 622.2 627.1 633.3 639.7 645.1 650.3
551.9 550.4 551.2 553.7 556.5 562 568 577.1 587.9 600.4 610.5 621.5 636.4 653.5 665.8 676.6 686.8 694.3 700.2 701.3 700 698.8 700.7 703.2 706.7 710.7 714.1 720 727.4 734.7 742.7 750.5 759 764.7 765.8 764.5 762.7 761.3 756.1 752.2 748.9 744.7 740.3 737.3 737.3 739.2 739 742.1 743.7 743.5 742.3 745.2 748.6 755.6 759.5 759.6 756 747.5 737.8 726.4 695 662.8 639.1 625.1 616.8 613.5 615.2 611.9 607.8 608 608.8 608.2 611 616.4 622.8 629.1 635 640.3
560.2 558.3 561 561.9 563.2 568.4 575 583.6 593.6 605.2 614.1 625.5 639.7 653.3 668.3 680.8 690.7 699.6 703.6 704 701.9 701.3 702.9 705.7 710.8 714.8 718.5 725 731.4 738.8 746.7 754.5 760.4 763 761.1 759.5 757.9 755 748.6 741.9 734.3 727.5 724.8 722.2 719.4 722.1 722.5 725.9 725.8 725.9 725.5 732.5 740.7 747.2 748.9 746.4 743.5 737 729.8 717.9 705.5 685.5 669.3 649.8 637.6 628.4 623.3 619.6 613.9 604 597.6 597 598.1 604.4 610.9 617.1 623.6 629.4
567.9 568 568.6 570.1 571.8 575.7 582.7 590.5 600.9 609.4 619.3 630.9 646 655.4 667.4 681.9 688.5 701 702.6 702.7 700.1 699.5 701.7 706.3 712.1 716 720.6 724.7 732.4 741.4 749.6 755.5 759.5 760.1 758.3 754.8 750.2 746.1 740.7 731.8 716.9 704.9 704.4 703.7 699.3 703.6 706 707.8 707.1 707.4 710.5 719.1 728.7 733.4 734.6 733.6 730 727 718.9 710.8 697.7 681.4 665.6 651.9 641.1 628.8 628.2 624.6 616.2 605.3 592.9 586 585.9 589.9 597 603.9 610.3 617.1
575.6 575.5 576.8 578.7 580.6 584.1 591 599.6 608.6 616.8 625.7 637.6 650.6 661.2 673.1 682 688.7 699 694.5 691.6 692.3 694.5 697.1 703.6 707.1 713 719.8 724.7 731.8 739.5 747.9 753.3 756 756.2 751.1 746.8 741.8 736.1 731.1 723.3 704.3 689 680.6 680.9 681.9 687 689.2 688 688.5 692.4 697.5 706.6 713.7 717.6 719.7 720.1 718.4 716 708.7 701.9 686 666.8 649.4 633.2 621.7 616.8 618.2 617 612.6 598.9 589.9 575 575.3 576.3 582.7 590.9 597.1 601.4
584.3 584.5 585.5 587.3 589.4 593.7 600.2 607.4 616.8 625.3 632.9 643.7 654.7 663.1 672.1 679.5 687.6 688.5 688 683.7 685.3 685.3 687.6 690.4 695.2 709.6 713.4 719.8 728.4 735.5 742.5 746.4 747.7 746.8 741.1 735.6 732.4 725.9 721.5 714.2 703.7 681 660.3 661.6 666 669.8 670.9 670.1 675 678.3 684 691.1 697.6 701.7 704.6 705.7 706.8 703.3 700 692.4 669.6 646.5 626 611.2 603.8 602.1 604.6 602.4 597.9 590.1 583.9 571 565.1 565.3 572.6 579.7 583.4 586.1
593.6 593.6 594.6 596.6 598.7 605.8 608.9 617.8 624.4 633 640.3 650.6 660.3 668.1 676.7 681.4 682.8 680.3 677.5 672.3 669.7 671.3 676 678 680.3 690.2 700.4 707.3 719.6 728.2 733.3 734 733.9 730.9 726.7 722.8 720.6 712.9 710 704.6 698.8 678.5 646.1 642.1 646.4 651.1 654.2 658.1 661.5 664.1 670.1 675.8 683.8 690.6 694.8 696.7 697.2 696.4 694.4 679.8 650.7 626.8 607.2 595.6 586.5 585.9 588.5 588.5 585.1 579.5 573.2 564.5 557.9 554.3 559 564.6 566.3 567.9
601.6 602.6 603.6 605.5 609.2 613.1 615.9 623.5 631 639.9 648.1 655.2 663.8 672.7 679.6 683.1 680.6 674.4 669.2 662.5 660.3 657.9 661 663.8 665.1 674.8 684.1 693.3 705.3 711.4 716 719 720.2 715.6 711.4 707.5 704 702 699.8 696.2 690 673.2 641.8 625.6 626.5 630.6 639.5 642.6 646 650.7 659 666.8 675.8 682.6 687.1 689 691.7 691.3 689.2 668.2 634.5 609.2 594 582.8 573 571.9 574.3 575.7 572.8 569.7 565 558.1 549.4 546.2 548.6 550.4 556.9 572.4
