webserver/python/data/SJ06.asc
ncols 200
nrows 200
xllcorner 300000
yllcorner 360000
cellsize 50
[rows 74 to 110 of 200, columns 0 to 81 of 200]
206.4 202.6 199.6 198 197.4 196.3 190.6 185.2 178.2 173.9 178 178.8 179.2 176.8 175.5 175 173.7 171.5 169.7 170.5 173.9 177.3 175.3 171.9 168.9 167 164.7 160.4 157.2 157 161.6 165.9 169.8 171.9 168.3 161.5 153.9 147 138.4 133 130 130.3 129.4 128.4 127.9 128.4 129.2 130.5 135.4 142.9 147.8 150.3 149.5 146.7 143.5 142.4 140.5 137.1 140.2 141.3 141.6 141.8 142.7 144.4 146.5 147.3 145 143.9 140.7 138.4 136.5 136 137.4 138.1 138.5 135.8 134.1 134.9 131 126.3 124 118.9
209.3 206.3 203.1 201.6 200.2 196.7 190.5 185.5 177.5 180.2 183.3 184.9 184.7 183 180.4 177.4 174.8 172.4 171.7 171.8 174.6 175.6 173.2 169.9 166.7 162.8 158.7 155.9 154.4 155.1 158.6 164.5 167.6 167.8 162.2 155.8 151.4 145.2 134 130.9 131.7 131.8 130.4 129.2 128.8 130.7 131.4 132 138.9 145.7 152.9 155.7 155.2 152.3 150.3 149.1 146 141.2 142 143.4 143.1 143.7 144.6 145.1 146.6 145.6 143.5 141.3 139.3 137.4 136.7 138.7 141.2 141.8 140.7 136.9 134 133.1 127.8 130.1 127.1 122.5
211.4 208.2 205.7 204.1 201.6 196.1 190.3 185.1 181.7 186.1 189.6 192.1 189 185.5 182.9 179.2 175.4 173 172.7 173.2 174.9 174.1 171.8 168.1 164.4 160.1 155.9 152.7 153.3 153.2 156.8 162.6 165.7 163.9 157.3 153.1 148.7 140.3 132 133 136.2 133.4 130.8 130.4 129.8 129.9 131.6 133.3 140.9 147.4 156.1 158.9 158.8 157.8 156.8 153.9 149.3 144.1 143.9 145.1 144.8 145.3 145.9 146.4 147 144.9 143.3 141.6 138.9 137.8 138.8 143.4 145.4 145.1 142.2 137.8 132.9 130.5 134.6 135.3 131.9 128.3
212.6 208.4 206 204 199.7 194.6 188 185.2 189.4 192.3 197.3 196.2 191.6 187.4 182.9 180.1 176.7 173.8 173.8 174 174.6 172.1 169.3 165.5 162.7 158.9 155.3 151.1 149.5 150.7 155 158.9 160.5 158 153.3 148.7 145 136 133.8 136.3 139.2 136.5 133.1 132.4 131 131.1 131.2 135.6 142.3 148.9 155.1 157.7 159.9 160.7 159.6 154.2 149 145 145.9 145.9 146.3 146.7 147.2 147.7 146.9 145 143.9 141.5 139.3 139.3 142.5 147.5 147.8 147.2 143.1 139.4 134.9 135.2 138.8 139.5 137.6 134
210.2 207.2 205.3 201.1 196.7 192.4 185.3 190.2 193.6 198.4 202 197.3 192.4 187.2 184.2 180.4 176.5 175.2 175.1 175.3 173.8 170.9 167.3 163.1 156.6 152.1 148.4 148.1 144.7 148.2 153.5 156.1 154.8 152.2 147.2 139 138.3 134.1 134 137 141 139.1 136.8 134.9 132.8 131.9 132.8 136.4 143.2 148.5 152.3 155.3 158 161.7 158.3 152.7 147.9 145.4 147.1 147.4 147.8 148.1 148.6 148.9 147.1 146.3 143.4 139.6 139.3 141.3 145.3 148.5 148.1 145.8 143.1 141.1 137.3 138.6 142 143.5 141 137
206.5 204.3 201.9 198 193.5 187.6 189.6 193 197.2 205 202.4 197 192.4 188.5 185.4 180.8 177.3 176.6 176.3 174.7 173.1 169.7 166 154.7 158.3 160.5 148.7 147.2 144.5 142.7 148.2 149.6 148.8 145.6 138.2 136.2 135.2 135.1 137.3 137.7 140.6 139 137.2 137.2 134.4 133.1 134.3 137.6 143.9 146.6 149.6 154 159.1 161.3 155.9 151.4 148.1 148.3 148.6 149 149.3 149.7 150 149.6 148.8 146.7 141.9 139.5 140.5 143.7 147.1 148.3 146.1 143.8 142.7 142.1 139.9 140.8 144.1 145.2 142.3 140.7
203.3 201.1 198.1 193.8 189.9 188.8 192.4 196.2 203.6 204.7 199.8 195.7 191.9 189.8 185.1 179.7 178.2 177.7 176.2 174.8 172.6 168.6 162.5 160 167.1 162.9 154.1 147.2 145.2 143 141.5 142.4 140.1 137.2 137.7 136.5 135.9 136.8 139.1 141 142.8 140.2 137.9 136.7 135.3 133.7 135.7 137.7 142.1 145.1 148.2 153.4 159.7 158.4 154.3 150.6 149.8 150.1 150.5 151.1 151.5 151.8 151.8 150.8 149.6 145.5 141 139.9 142.1 145.7 146.7 145.7 143.6 143.9 143.5 143.1 142.1 142.2 145.5 145.4 144.4 143.6
200.4 196 193.8 192.7 191.4 190.5 193.2 198.9 203.3 201.2 198.2 194.4 192.6 188.6 183 179.8 178.9 178.2 176.8 174.6 171.8 166.3 156.6 166 167.5 161.6 154.1 148.8 146.9 144.4 140.4 140.9 143.3 142.8 139.8 137.9 138.7 139 141.7 144.2 145.9 143.4 141.1 139.2 136.7 135 136.3 139.2 141.1 145 149 154.4 159 155.7 151.7 150.1 151 151.8 152.2 153.2 153.8 154 153.1 151.2 147.6 144.1 141.1 141.1 143.3 145.5 145.2 143.7 143.3 143.5 144.1 144.4 144 143.6 144.6 145.6 145.4 145.2
199.7 197.7 196.1 195.3 194.4 192.9 193.1 197.1 197.7 196.3 194.7 193.2 190.8 186.2 181.9 179.9 179.4 178.6 177.4 173 169.7 162.8 165.4 169.4 168.2 160.5 153.7 151.3 149.5 146.2 145.7 147.3 146.7 143.8 140.4 141.2 145.6 146.3 149.1 148 148 145.1 143.7 142.1 137.6 136.7 136.4 138.4 142.6 146.6 150.6 155.2 155.9 152.8 151.3 151.5 152.3 153.2 153.8 154.9 155.8 155.8 154.8 152.1 148.8 142.6 139.3 140.8 143.7 144.3 143.5 143.4 143.2 144 145 145.5 145.1 145.6 146.5 146.6 146.6 145.6
200.8 200.7 198.9 197.6 197.6 194.9 191.6 190.5 190.6 190.6 190.6 191.1 187.8 183.2 181 179.6 178.9 178.2 176 171.5 165.6 162.2 169 170.8 166.6 159.5 154.4 151.7 149 149.5 153.9 153.3 151.5 145.6 141.2 146 149.9 153.2 157.2 155.3 153.7 149.2 145.3 142 138.5 138.9 138.6 140.3 143.2 147.3 151.8 154.7 153.2 151.7 151.6 153 153.9 155.1 155.6 156.9 157 156.6 155.2 153.2 146.4 141.8 140.5 141.7 144 143.2 142.7 143 144.1 145.1 146.3 146.1 145.6 145.8 147.3 147.3 147.7 144.6
205.3 204.4 202.5 202 201.3 197.2 187.1 182.3 181.7 183.4 186.3 186.9 184.1 181.3 180.5 179.5 178.8 177.1 173.4 168 162.4 167.4 170.8 170.1 165.1 159.9 156.4 152.2 151.8 155.9 162.2 160.5 156.8 148.2 143.7 148.9 153.5 158 168.1 167.4 161.8 155.8 148.5 142.4 139.7 141.5 140.9 143.2 146.7 150 152.4 153.5 153.3 153.3 153.8 155.3 156.4 157.4 157.5 158.9 158.6 157.5 154.2 150.2 144.9 141.9 141.4 142.1 142.9 143.1 143.1 144.2 145.8 147 147.5 146.4 146 147 148.1 149.2 149.2 143.5
207.2 205.8 204.8 206.1 204.6 193.3 192.4 192.4 185.7 177.3 178.3 179.2 179.6 178.8 179.3 179.4 178.6 175 170.9 166.2 164 168.9 170.8 168.4 165.5 162.9 158.8 152.7 158.6 164.6 169.4 167.4 161.2 151.4 147.5 152.4 157.7 164.1 170.2 171.1 166.4 158.4 150.1 143.6 142.2 142.5 143.4 145 148.4 153.3 154.4 154.8 155 155.3 156.2 157.2 158.4 158.8 159.2 159.4 158.9 157.1 153.3 148.1 143.9 143.6 142.4 142.9 143.3 143.7 144.8 146.1 147.6 148.6 148.2 146.9 147.4 148.5 149.6 150.2 150.4 145
208.7 207.4 208 208.9 204.2 198.2 199.6 196.4 190.4 181.2 174.7 174 173.9 174 176.4 176.4 174.6 172.1 168.2 164.8 166.2 169.1 169.3 168.3 169.3 167.2 160 157.1 163.5 173.4 179.2 173.7 163.4 152.3 151.3 157.1 165.8 172.6 174.9 171 164.4 158.1 149 145.8 145.5 145.4 146.9 147.1 149.7 153.1 156.1 157.4 157.1 157.6 158.5 159.5 160.5 160.5 160.3 159.6 158.4 155.7 151.8 147.5 145 144 142.5 143 143.8 145 146.6 148.2 149 149.5 148.8 148.2 148.5 149.8 150.8 150.8 150.2 146
209.3 208.8 209.9 207.4 198.5 204 203.4 198.8 192.2 184 175.4 172.3 171 170.8 173.2 172.6 170.2 167.3 163.4 162.3 166.4 169 169.9 172.3 173.7 169.9 159.1 164.2 169.7 179.9 183.8 174.1 164 154.9 154.3 160.6 169.9 174.1 172.1 166.9 161.8 155.5 151.9 149.6 149.6 150.3 149.6 149.6 150 153 155.8 158.3 159.4 160.1 160.8 161.5 162 161.3 159.9 158.4 156.6 153.7 149.5 146.7 146.7 145.5 144.5 143.9 145 146.7 148.4 149.5 150.3 149.5 148.8 148.7 149.3 150.8 151.5 151.5 148.9 144.4
209 207.8 208 203.8 204.5 206.2 204.9 200.4 194.3 187.3 179.1 173.7 170.3 169 168.5 168.9 167 163.8 163.6 166.2 170.4 171.7 174.4 177.9 177.7 170.8 160.6 166.7 174.3 185.2 179.4 171.1 162.1 155.9 156.3 160.7 165.7 167.5 166.3 163.2 160.7 157.7 156.7 153.9 153.5 153.2 153.2 151.6 152.2 153.3 155.6 159.2 160.7 161.4 162.1 162.5 162 160.9 158.8 156.9 154.4 151 147.4 146.8 147.7 147.3 146.1 145.1 146.7 148.5 150.3 151 150.3 149.2 148.7 148.9 150.1 151.7 152.4 150.9 147.6 143
207.5 206.4 204 202.4 206.1 207.3 204.9 200.8 195.3 189.8 185.1 178.9 173.8 168.6 167.5 166.4 164.9 164.5 165.7 170 174.4 176 179.1 181.2 179.2 171 162 167.2 176.5 183.9 174.8 166.9 158.8 161.7 164.2 167.3 168.3 166.5 166.1 166.4 167.5 162.1 158.5 158.9 159.9 159.6 157.1 153.9 152.1 152.8 154.1 157.4 160.3 161.2 162.1 161.6 160.6 159.4 157.4 156.9 154.3 149 147.2 146.4 146.4 145.9 145.3 146.6 148.8 150.6 151.5 151.2 150 149.1 149 149.4 150.9 152.2 153 150.3 146.8 144.1
205.8 204.1 202.6 204.3 205.8 206.1 204 200.7 196.3 192.5 188.4 183.7 174.2 167.9 166.6 165.4 166.4 168.6 172.1 176.8 179.3 182.9 186.3 185.1 179.5 170.3 164.1 169.1 178.7 177.4 170.1 164.5 163.7 167.4 172.3 176.1 176.6 174.9 174.5 174.3 170.4 162.9 159.7 164.1 163.6 162.3 158.6 154.6 152.3 150.8 152.4 154.1 156.3 158.5 160.2 159.6 158.6 157.8 157.7 156.1 151.6 147.1 146.6 145 145.8 145.4 146 148.5 150.5 151.1 151.5 151.5 150.6 149.5 149.2 149.8 151.1 153 153.3 150.6 147.4 144.6
204.9 203.3 203.7 204.4 205.1 204.5 202.1 199.9 198.1 194.9 190.5 185.4 170.6 167.8 166.9 168.1 171.3 174.4 178.6 183.2 185.1 187.8 190.7 184.8 177.6 168.4 167.8 172.5 175.7 171.5 167.7 163.8 167.9 171.8 178.1 181.6 181.8 180.4 180 176 168.5 161.8 161 166.5 165 162.7 159.2 156 154.2 151.6 148.6 150.7 151.8 154 156.3 156.7 157 157.2 157 153.5 149.6 143.1 141.1 141.7 143.9 145.2 147.5 149.9 151.2 151.1 151.3 151.6 150.7 149.8 149.5 150 151.7 153.9 153.5 151.3 148.9 146.7
204 204.9 205.7 205.6 204.5 201.5 199.7 198.1 198.5 196.5 188.9 179.2 170.8 168.4 168.4 172.2 177.1 182.4 186.8 189.3 189.6 190.1 187.2 181.2 174.8 167 170.7 173.9 172.2 169.9 166.4 168 172.7 176.2 180.7 182.5 182.5 182.5 178.7 171.3 166.4 159.2 161.5 166.2 165.8 161.5 159.4 157.8 156.4 153.7 150.5 147.6 147.9 150.9 153.9 155.6 155.9 155.5 154.9 151 147.3 141.1 136.6 135.6 137.1 141.9 147.7 150.8 151.9 151.6 151.3 151.5 150.8 150.3 149.9 150.6 151.7 153.9 153 152.5 151.5 149.8
205.6 207.1 207.3 206.8 205.1 201 197.2 195.6 196.5 194.6 185.6 178 171.7 169.4 172.4 176 182.7 190.4 193.1 192.7 192.2 190 183.7 177.9 172.1 169.8 172.4 172.3 170.8 169.9 169.2 172 175.2 178.7 180.4 180.2 180.4 177.9 173.3 168.9 162.4 159.1 160.5 163.7 162.6 158.9 159.1 160 158.7 154.9 151 147.1 145.5 148.4 151.6 154.5 154.3 153.3 152.1 149 145 140.3 137.4 136.1 134.8 142.5 149.2 151.6 152.4 152.2 151.9 151.6 151.2 150.8 150.4 150.7 151.4 152.2 152.3 152.2 152.4 149.4
209.1 210.8 210.5 208.5 205.1 200.6 197 192.8 193.3 189.2 179.8 174.9 172.3 170.5 176 180.4 187.3 193.9 196 198 194.7 187.1 180.9 176 171.3 172.5 173.8 172.9 173.5 172.9 172.3 173.8 176.7 178.5 178.1 177.5 175.5 173.1 168.6 164 160.9 159.9 158.6 159.8 158.3 157.1 159.9 160.6 157.3 153.4 149.6 145.6 144.6 146.8 151 152.9 152.9 152.6 150.7 147.6 145.3 143.1 139.9 138.2 132.6 145.5 151.4 152.4 151.5 150.7 150.2 149.6 149.4 149.5 149.3 149.4 149.8 149.3 149.4 150.8 146.7 141
215.2 215.2 213.4 210.2 205.6 201.1 196.6 192.4 188.9 183.4 179 175.4 174.2 171.5 177.2 181.6 189.9 194.9 195.3 193 188.9 183.1 178.6 174.9 174.7 175 175.7 176.6 176.4 175.9 175.2 176.4 177.1 177.6 175.9 174.7 173.2 170.9 168.1 164.5 159.9 158.4 157 156 155.2 156.9 160.2 159.2 155.2 152.2 148.5 142.7 142.3 146.7 150.4 151.2 151.8 152 150 147.8 147.8 145.4 142.3 141.5 133.8 139.7 149.2 151 150.5 148.9 148.3 147.5 147.4 147.5 147.7 147.5 146.2 145.6 145.6 142.9 143.5 136.3
221 219.9 216.7 212 206.8 200.9 195 190.2 186.1 181.9 179.3 176.9 174.6 172.4 175.4 181.8 188.3 190 188.9 187.9 184.2 180.7 179.7 178.2 178 178.3 179.2 179.7 179.4 178.5 177.9 178.9 178.3 177.7 175.3 173.6 173.3 172.8 168.7 163.4 158.2 156.6 155.1 153.7 153.4 156 157.9 156.3 153.4 151.6 146.3 138.8 141.5 146.8 149.3 149.7 150.2 151 151.3 150.5 148.6 144 140 137.7 133.3 138.4 141.9 146 146.8 146.5 146.1 145.2 145.7 146 146.4 146.4 144.4 142 139.7 136.2 134.8 128.9
228.8 225.7 221.7 215.7 209.4 202.3 193 188.7 185.9 183.2 180.5 178.1 175.7 174 175.4 181 185 185 184.2 182.8 182.1 182.6 182.2 181.7 182.3 182.6 182.4 182.5 181.7 181.3 181.5 180.6 179.9 178.5 175.5 175.1 174.7 173.1 166.8 161.2 156.8 154.7 152.3 151.9 150.1 150.9 152 152.1 152 149.1 144 133.7 140 146 147.8 148.6 149.3 150.2 150.4 145.2 138.1 134.5 130.3 128.5 128.5 129.9 131.7 135.1 136.5 137.8 140.1 141.4 142.8 143.3 144.5 144 142.1 138.1 133.9 130.4 126 122.5
235.5 231.2 227.1 221 213.8 204.7 195.9 190.2 186.7 184.8 183.6 181 176.6 175 177.2 181.8 184 185.2 185.2 185.3 186.4 188 187 185.4 186.2 186.5 186 186.8 185.9 184.6 185.1 183.4 181.8 179.2 176.6 176.4 175.4 170.2 164.3 158.9 156.6 154.9 155.4 154.3 153.8 152.3 150.5 140.5 144.2 143.1 140.7 127.6 135.9 142.6 144.8 146.9 143.9 144.1 145.8 136 131.5 127.6 123.4 119.8 114.3 112.7 115 116.6 118.6 119.7 129 135.6 137.7 138.9 139.7 140.4 139.1 135.7 130.4 124.9 121.2 113.8
241.4 236.9 232.5 226.3 217.7 209.7 200.3 192.7 187.4 183.7 182.2 181.3 178.6 176.7 179.1 183 186.3 187.6 189.4 191.2 191.3 188.5 188.4 188.3 189.7 192.3 191.5 190.3 188.6 187.7 187 184.8 182.5 180 177.3 175.8 172.4 166.6 162 159.3 157.4 158.4 157.5 155.7 155.6 154.7 153.3 150.1 142.5 132 125.3 124.1 129 136.4 140.8 139.9 134.2 133.6 134.2 128.5 124.1 120.2 113.7 106.3 102 98.6 97.8 97.8 98.3 98.8 99.6 109.8 124.7 127.3 132.8 135.6 134.2 130.2 126.1 120.6 113 106.5
245.3 239.8 234.6 228.7 222.1 214.3 204.7 194.2 188.4 185 184.7 183.8 180.9 178.7 180.4 183.2 187.5 190.3 193 194.9 194.5 193.5 192 191.2 194.2 194.9 194.3 193.2 191.3 191 187.9 184.7 182.4 180.4 177.2 172.9 168.5 163.4 162 159.8 161.6 162.4 158.6 156.8 157 157.2 154 150.2 145.5 140.7 136.5 126 123.3 129.3 132.8 129.9 125.6 123.7 123.1 119.3 112.3 106.6 101.7 99.3 99.5 97.9 99 100.9 100 95.7 93.6 95.7 93.9 98.3 105.1 118.3 123.3 120.9 118 112.4 101.2 95.1
247.9 242.2 237.4 233 226.6 218.9 210.4 196.2 188.7 186.9 186.9 184.5 182 181.7 182.7 183.5 186.9 190.7 193.9 195.9 197.1 196.5 195.2 194.8 197.7 198.7 197.2 196.3 195.8 193.7 188.9 185.2 182.3 180 175.6 170.1 165.9 163.2 163 162.9 166.8 164.2 160.1 158.2 158.5 158.4 154.2 149.4 145.8 141 136.4 130.6 115.5 118.2 121.7 120.7 115.5 111.7 111.1 106.9 103 102.2 100.3 105.4 108 110.6 111.8 114.1 109.9 103.3 103.2 102.8 100.8 94.7 91.9 93 98.8 104.4 104 102.5 90.3 85.9
251.3 247.3 242.6 238.5 232.6 225.8 212.7 196.8 189.5 188.2 186.2 184.6 184.2 186 186 186.1 188.7 191.4 194.5 197.2 198.7 199.3 197.6 198 200.5 201 199 201 199 195.2 189.8 184.5 181.1 177.3 172.3 167.2 164.5 163.6 163.8 166.9 168.8 165.4 162.1 159.9 159 157.5 153.7 148.6 144.7 143.4 138.1 131.9 123.3 115.9 110.2 108 104.4 104.8 103.4 101.3 102.2 100.2 104.6 111.8 117.7 122 124 127.2 125.1 122.9 116.3 109.5 105.8 101.1 96.1 90 89 89 90.1 89.8 84.7 87.8
254.8 250.8 247.2 241.9 236.8 228 210.4 196.5 191 187.6 186.2 185.3 186.4 190 189.7 190.9 192.9 194.7 197.3 198.5 199.7 200.9 199.8 201.1 203.5 203.2 201.1 202.2 198.6 194.2 188.8 183.6 179 173.9 170.2 166.7 165.1 164.6 167.1 170.4 169 165.6 163.1 160.5 158.5 156 152.2 149.2 144.9 141.1 135.6 128 121.2 114.4 105.5 109.8 110.5 111.9 108.6 105.2 102.2 104.7 112.1 119.7 124.3 127.8 134.3 138.5 135.5 130.3 120.6 115.7 112.6 109.7 104 96.3 89.1 86.9 87.4 87.2 87.1 92.9
256.3 253.3 252 248.3 247.6 228.1 213.6 199.3 193.1 189.9 188.1 186.8 189.8 192.6 193.5 194.8 197.6 200.4 202.2 203.4 203.6 202.6 201.4 204.6 206.1 203.7 202.2 199.8 195.5 190.9 186.7 181.9 176.8 172.4 169.8 167.5 166.5 167.6 170.5 170.9 169.3 166.2 163 159.9 157.4 154.7 151.6 146.8 142.1 137.5 130.4 122.1 112.4 105.8 114 121.5 122.8 122.6 117.5 112.8 112.4 115.9 120.7 124.9 128.7 136.1 142 145.9 138.7 132.4 126.3 123.6 122.2 118.9 116.1 113.1 107.7 103.3 98.3 95.8 99.2 111.5
257.8 255.1 256.9 253.3 249.6 228.9 214.6 201.7 195.8 191.8 189.5 189.6 191.3 192.6 194.2 195.7 201.1 205.5 206.9 207.3 206.8 205.1 203.7 206.4 207.5 204.5 199.8 197.1 192.6 188.1 184.1 179.3 175 174 171.3 168.5 169.1 171.3 172 171 168.4 164.4 161.1 157.4 154.9 152.5 148.9 144.9 140.1 134 126.7 120.2 110.9 107 116.9 123.5 126.8 127.2 125.9 124.1 122.6 121.1 124 127.8 135.2 142 150.4 148.6 141.7 136.2 130.9 130.8 132.2 130.3 126.2 122.6 117.6 116.7 117.4 115.5 116.5 115.1
257.5 253 254.9 252.7 248.2 229.7 216.3 202.6 200.7 195.1 191.2 190.9 192.3 193.8 193 200.7 205 210.5 211.2 210.6 209.3 206.8 206.5 210.2 208.6 204.1 198.2 194.3 190.1 186.3 181.6 177 175.3 173.1 171.8 172.3 172.7 172.4 169.4 167.5 163.5 160.8 157 154.2 152.2 150.5 146.8 143.3 139.1 133.3 125.9 117.5 110.7 110.5 119 126.8 130.4 131 128.8 126.9 126.7 125.8 127.6 132.1 139.8 148.5 155.7 149.8 143.7 138.8 136.7 137.4 138 136.8 132.4 127 122.1 120.7 121.4 119.4 113.6 109.8
252 247.8 249.8 246.1 241.5 228.4 213.5 201.3 202.1 199 191 188.4 188 188.7 195 203.1 207.1 212.1 214.5 213.4 211.6 208.2 209.7 211.6 207.4 202.7 197.9 192.1 187.8 182.8 179 177.2 174.4 173.4 174.8 173.3 169.9 166.2 163.3 161.5 158.6 156.1 153.3 151.7 151.6 148.5 145.2 141.9 139.1 135.3 127.8 118.8 109.4 111.7 122.6 129.1 133 133 131.5 129.5 129.2 130.6 132.4 135.4 144.3 154.5 155 150.2 145.7 143.6 143.8 143.8 142.3 139.5 135.1 130.3 125.1 122.8 117.6 114.3 110.8 118.2
247.5 243.4 245.1 241.8 237 226.9 208.4 197.7 196.8 199.3 184.4 181.7 181.8 187.6 196.3 204 207.3 210.5 211.9 212.6 211.5 210.1 209.6 209.9 205.6 199.3 194.5 190 184.8 180.8 180 179.9 175 174.6 172.7 168 163.7 160 158.9 158.4 156.9 154.2 153.9 154.5 154.1 150 145.8 142 139.2 135.5 127 118.1 108.3 117.2 123.7 130.9 137.6 138.2 135.6 134.1 134.7 136.4 137.8 140.3 148.5 155.6 152.4 150.5 149.9 149.7 150.9 151.3 149.5 146.3 139.9 134.3 129.7 122.2 115.7 115.4 118.9 118
243.5 238.3 241 239.3 234.7 229.3 216.6 194.4 191.3 188.5 178.8 173.9 176.2 183.6 195.3 204.3 207.1 210.7 210.1 208.7 207.4 206.4 206.3 205.6 202 194.7 190.9 186.7 182 178.7 180.7 180.7 175.2 170.7 167.1 162.5 157.6 154.6 155.9 157.1 155.9 155.4 157.2 156.5 154.2 150.8 146.7 142.7 139.5 135.3 126.5 110.2 108.6 122.4 129.6 141.1 149.8 146.7 142.8 142 142 142.4 141.3 144 150.7 152.4 153.5 153 153.6 155.2 157.2 156 153.2 147.1 140.2 135.4 129.7 120.9 116.6 119.1 119.5 117.2
233.4 230.4 233.7 233.5 230.6 226.7 222.5 192.4 184.5 177.3 170.2 169.2 172 181 190.7 199.4 205.7 208.6 207.7 206.3 203.7 201.1 200.6 198.8 195.3 190.7 187.3 183 178.7 177.6 178.1 175 169.3 164.2 161.3 157.2 153.7 153.1 153.9 155.3 155.1 157 157.7 154.8 152.6 149.5 147.4 143.8 139.9 133.7 119.5 108.7 118 125.7 134.3 150.2 156.2 152.2 149.1 148.9 147.5 145.7 143.1 146.1 150.2 151.1 151.9 153.4 155.8 158.8 158.8 156.3 151.7 145.6 138.6 134.4 125.6 115.5 121.5 120.7 120.2 118.5
