webserver/python/data/SJ10.asc
ncols 200
nrows 200
xllcorner 310000
yllcorner 300000
cellsize 50
[rows 105 to 139 of 200, columns 0 to 77 of 200]
282.3 282.4 281.8 280.1 279 279.5 282.2 282.4 284.2 283.4 284.5 284.3 284.8 284.6 284 284.2 286.6 288.6 280.5 278.4 280.6 279 278.7 279 279 277.5 281.2 277.4 275.7 271.5 265.8 267.2 268.6 268.8 267.4 263.4 255.5 240.3 242.5 245.8 247.3 246.4 243 236.8 231.3 232.5 244.1 251.8 261.1 281.2 308.9 333.8 344.5 345.6 343.9 340 333.6 326.7 321.1 313.9 310.3 320.2 325 327.8 330.9 335.6 343.8 350.8 348.1 344.9 342.8 337.2 333.4 330.4 329.4 332 338.7 348.5
287.9 286.9 287.6 287.5 287.4 288.8 289.4 288.8 290.7 291.2 290 289.1 289 285.3 284.2 284 283.8 280.9 278.7 278.3 281.7 280.9 280.1 281.2 282 285.7 290.9 290.5 287.1 283.2 273.8 265.7 259.5 261.7 260.4 259.1 250.7 239.2 227.2 227.5 236.5 235.4 236.5 222.5 227.9 239.3 247.3 254.6 267 290 314.5 331.6 342.7 342.7 339.5 333.3 325 318.7 313.5 309.2 304 310.6 315.3 318.5 326.4 334.5 340.8 341.5 342.6 343.9 342.9 339.6 333.4 325.4 320.4 328.9 334.8 341.7
290.9 290.2 289.3 290.3 291.8 292.4 292.6 292.1 292.8 293.3 292.4 291.7 291 287.8 284 285 282.8 281.1 284.1 287 288.4 284.7 280.9 285.7 290.1 295.6 298 301.4 295.2 288.4 281.2 274.5 265.8 254.8 249.5 246.2 238.3 233.3 232.7 229.3 220.1 219.5 225.3 218.9 233.4 241.5 248.4 258.3 280.9 302.2 317.8 321.5 327.1 330.4 326.8 321.1 315 310 306.9 303.9 300.2 304.1 308.6 316.6 323.7 328.7 330.2 336 343.8 346.1 340.5 333.1 323.3 314.8 323.2 336.6 339.7 341.4
288.7 289 289 291.8 293.2 293.5 293.8 293.6 294.3 295.5 293.8 292.3 290.2 290.3 289.3 287.2 287.6 288.6 290.9 291.2 288.9 284 287.3 291.3 298.4 306.4 308.3 304.9 294.5 289.3 283.4 278.3 272.6 263.7 254.5 248.9 248.4 248.2 240 234.3 228.3 218.2 211.7 220.3 228.3 234.5 247.7 260.9 282.1 301.4 313.8 318.1 319.5 317.8 314.4 310.3 306.4 303.3 301.5 297.3 295.4 300.2 303.5 306.3 314.8 320.3 322.7 332.9 338.4 335.6 330.3 323.5 316.4 307.6 320.2 333.1 335.6 337.4
288.8 290.9 292.2 293.2 294.4 295 295.3 295.3 296.1 297.2 296 295.3 294.7 293.2 290.6 291.2 292 294.6 291 290.6 287.7 284 288.1 294.4 301.6 304.7 304.4 299.4 292.3 287 279.2 274.8 270.3 266.8 265.1 261.1 257.8 251.1 242.5 233.2 226.8 219.8 211.8 219.9 237.2 247.7 258.4 272 284.7 301.2 310.1 313.6 312.6 310.1 306.2 304.9 304.1 303.2 301.3 298.8 294.6 293.8 296.9 304.4 309.6 315 319.6 328.4 328.4 324.9 320.8 316 306.5 303.5 311.9 323 331.1 336.2
290.4 291.5 293.8 295.7 294.9 296.8 296.9 297.4 298.3 299.5 299.6 299.5 298.5 295.8 293.1 291.2 291.5 291.4 288.4 286.3 285.8 286.2 291 292.3 295.6 297.3 297.9 293.7 289.7 285.2 276.3 274 270.6 261.8 261.7 256.3 250.7 245.3 237.6 229.4 222.8 216.2 206 224.9 248 266.4 279.1 289.5 301 310.2 311.5 309.9 308.3 306 304.4 305.2 306.1 305.8 305.9 304.9 298.3 290 300.2 307.7 313.2 315.7 315.1 321.6 319.9 316.4 311 304.5 295.1 302 308.1 321.2 332.1 335.2
291.5 292.4 293.7 295.3 297.1 298.7 299.3 299.9 300.8 301.4 301.4 301.2 300.5 297.4 293.2 291.1 289.6 287.3 285.2 283.8 283.3 285.7 287.3 290.1 293 291.9 290.9 288.4 283.5 278.9 270.4 268.4 262.5 256.3 252.6 244.6 242.7 239.2 233 225.7 218.2 211.6 204.6 232.9 258.2 280.1 291.4 302.9 309.5 312.9 312.1 309.7 308.2 305.4 305.7 305.4 306.2 302 298.4 300.1 294.8 292.9 304.4 314.2 315.6 313 309.8 314 311.8 307.2 301.4 296.7 289.7 296.9 305.5 317.9 324 326.7
293.9 294.6 296.6 297.9 299.2 300.4 301.1 301.1 301.1 301.5 301.4 301.1 297.7 294.6 292.5 290 287.2 284.2 282.6 281 281.1 282.5 284.8 286.6 286.7 284.4 283.5 280.1 272.9 265.6 262.2 254.3 250.9 248.9 241.7 234.1 231.9 231.2 227.7 220.8 215.2 203.4 213.8 238.8 261.5 284.2 301.5 312.2 316.1 315.8 313.1 310.9 308.8 307.3 302.1 295.2 295.4 294.1 291.7 292.8 291.7 290.8 307.9 309.4 308.7 306.2 305 308.1 304.6 298.7 294.5 292.6 286.8 290.6 296.4 309.7 316.1 318.6
296.7 298.1 300.3 300.3 301.9 300.7 300.8 300.9 299.9 297.5 296 293.1 291.7 290.6 289.5 289.3 285.5 285.4 281.5 279.6 280.5 280.7 282.4 281.7 281.6 279 274.9 263.5 259.3 252 247.3 238.3 234.1 230 225.7 223.8 221.5 220.2 220.5 215.5 208.5 198.8 217.9 240.2 264.3 289.6 306.9 316.3 320.1 317.3 313.7 310.6 306.6 300.6 294.2 289 286.3 284.2 285.1 287.2 288.1 279.7 301.7 302.1 301.1 300.5 300.3 298.9 295.7 291 287.5 283.7 283.6 283 286.2 295.7 308.3 314.4
299.4 299.6 299.6 299.5 298.9 298.6 296.8 294.6 292.8 291.1 289.7 287.9 286.5 287 287.5 289 287 286.1 282.6 278.9 275.6 280.9 281.1 275.1 272.3 268.3 261.7 254 247 242.4 235.2 229.1 224.2 213.4 206 207.8 209.2 207.2 210.6 204.8 198 203.2 220.2 242.6 262.8 290.6 309.5 318.7 321.8 317 312.9 311 302.8 294.5 287.2 282.4 278.6 274.5 274 283.1 282 273.2 297.5 298.1 299.1 299.2 297.7 295.4 295.9 293.1 287.8 283 274.2 271.2 276.2 290.9 308.3 316.1
295.8 296.4 296.3 295.6 293.6 292.7 290 287.6 286.1 284.4 283.7 282.6 281.5 284.3 285.4 287.4 286.3 281.4 279 274.8 279.2 279.1 272 266.4 261.8 258.8 252.5 248.9 242.1 233 228.6 222.5 217.4 213.2 216.5 207 201.2 195 193.3 194 190.2 204.8 218.3 239.1 263.1 288.8 310.8 316.9 318.4 314.8 308.2 306.1 299.8 287.6 273.3 270.5 267.3 265.9 264.5 267.7 259.7 277.2 293.8 294.3 296.5 296.9 296.2 293.7 290.5 286.3 279.3 270.1 265.7 258.6 272.3 286.1 308.4 315.9
292.7 293.5 291 289.6 287.8 284.6 282 280.6 279.4 277.6 276.7 276.8 280.6 281.6 281.9 280.8 279.4 276.7 275 272.9 270.7 267.4 264.3 261.5 256.7 251.3 247.3 239.2 232.7 226.1 219.9 218.8 221 223.8 221.4 214.9 211.9 204.5 192.2 187.9 192.1 201.8 217.5 238.9 263.1 284.7 302.5 310.8 312.5 309.1 303.9 299.3 291.8 279.1 270.7 265.5 261.9 253.1 252.9 245.1 250.4 282.3 288.4 290.7 290.2 289.5 287.8 284.5 281.8 270.7 258.9 258 246.5 256.2 269.7 287.1 304 312.7
287.5 289 283.7 280.2 278.5 275.2 273.4 273.7 272.5 270 271.6 275.7 276.8 276.1 276.5 275.4 273.6 271.7 270.5 267.6 262.6 260.9 260.2 257.2 253.8 248.2 241.7 232.1 225.9 225.6 226.1 230.7 229.7 228.6 224.5 223.8 215.9 210.6 198.9 188.2 186.2 195.2 214.5 234.9 255.9 269 284.3 295.6 302 302.1 296.4 297.5 292.3 288 272.9 262.6 256.6 248.4 234.5 224.5 253.4 280.4 282.3 283.3 280.8 279.9 279.8 273 260.7 246.5 239.1 241.7 250.3 258.4 268.2 283.6 297.9 304.6
278 278.9 274.7 267.3 266.7 266.5 264.5 266.4 266 265.5 270.4 269.4 270 271.5 270.3 268.2 266.4 264.3 262 261.7 258.4 260.4 260 256.4 255.3 245.4 235.3 235 240.2 238.5 239.6 240.2 241 241.1 236 229.1 220.2 214.7 211.2 197.2 183.3 183.7 203.5 222.5 238.1 253.7 265.5 271.8 275.3 280.9 281.7 283.7 279.5 272.3 263.4 257.2 248.4 238.3 227.1 217.3 241.4 265 269.6 270.8 268.8 266.4 261 250.2 235.6 229 236.3 245.7 256 269.8 284.5 292.7 297.9 308.7
264.5 262.6 260.2 256.8 256.9 256.4 255.8 256.9 260.6 269.8 268 266.3 270 266.4 262.3 259.1 258.1 257.1 255.2 254.4 256.9 260.6 258.7 252.7 247.2 239.5 242.4 245.8 246.2 250.2 256.1 254.6 254.4 251.7 248.9 242.3 231.7 226.6 220.7 201.5 188.3 179.5 184.3 205.1 222 234.3 246.6 256.7 258.3 259.5 268.7 269.2 266.5 263.2 260.7 255.7 247.9 235.8 224.5 211 220.9 243.3 255.1 257 250.4 244.9 239.1 227.1 219.5 228.3 239.8 252.1 269.1 289 300.6 305.8 312.2 313.9
252.3 256 246 244.1 247.1 244.8 252.2 260.7 265.7 264.7 262.4 262 262.3 258.6 252.9 251.1 251.9 250.7 250.2 255.8 260.1 256.4 254.2 249.8 250.3 250.2 252.8 255.6 260.1 265.4 269.7 270 270.5 265.4 261.8 257 246.1 236.7 220 204.4 191.4 183.2 173.9 184.8 204.7 214.5 221.9 229.5 232.2 233.9 238.5 240.4 241.6 241.3 242.4 241.8 240.8 231.6 215.1 212.1 200.9 221.1 233.6 233.3 231 228.6 218.5 209.9 225.7 240.6 254.8 274.1 292.8 306.9 312.8 318.4 324.4 326.1
239 236.4 234.6 235.6 240.8 248.9 255.3 258.7 258.3 256.7 256.2 254.9 252.1 248.4 247 246 247.1 248.4 248.5 254.7 256.5 250.7 253.2 256.4 260.9 262.9 264.3 266 271.2 276.6 281.2 282.2 282.5 280.3 276.4 267 254 242.4 230.3 221 205.5 192.3 177.5 172.9 186.4 196.9 200.4 205.4 208.5 210 213.2 217.6 219.1 221.5 224.6 224.6 225.2 222.2 203.3 201.9 190.5 209.1 219.9 216 211.4 205.4 204.3 218 236.5 257.4 276.3 296.3 306.8 312 315 318.1 317 313.5
231.4 243.5 245.9 239.6 239.7 244.2 250.1 251.6 250.5 249.3 248.7 246.4 243.5 242.8 242.8 243.3 245.1 245.8 247 252.1 252 250.1 256.1 261.4 264.3 268 271.2 276.3 280.8 286.1 289.8 290.5 290.3 289.6 287.7 278.5 267.1 253.8 240.8 225.1 210.6 197.2 185.6 176.6 170 180.2 181 189.3 192.6 195.3 196.8 199.8 199.9 204.4 206.6 205.8 208.1 207.2 197.7 188.2 186.5 199.6 208.2 198.1 189.7 202 210.8 219.1 237.2 254.4 278.8 295.8 308 314.1 315.7 314.4 308.9 303.8
240.5 245.5 244.8 241.8 240.1 245.8 246.2 245.7 243.3 243.8 243.8 243.1 242.7 242.8 242.8 243 243.4 243.7 243.6 245.9 247.8 249.9 252.5 260.8 268.1 277.5 280.5 284.8 290.2 294.3 298.1 298.8 298.5 294.7 293.9 287.2 275.5 264.1 249.5 236.6 215.7 201.4 191.1 182.4 173.3 168.7 167.9 178.2 182.6 183 184.9 185.3 185.8 186.9 190.3 189.3 193.6 191 185.7 177.5 180.7 191.2 193.8 180.7 196.2 208.8 216.4 224.2 244.8 264.1 286.3 299.1 311 315.6 317.6 311 304.5 300
237.7 241.3 245.7 245.3 243.5 239.6 240.5 242.6 241 241.1 240.4 242.7 242.7 242.8 242.9 243 243.6 242.8 243.1 244.2 247.1 252.9 261.3 268.6 277.3 285 291.5 296.8 303.4 305.9 305.8 306.6 304.6 304.5 302.1 292.4 282.2 270.2 255.7 239 222.1 206.1 198.3 189.9 181.5 173.3 168.1 165.3 169.1 170.2 170.1 170.5 171.1 170.9 171.3 172.2 175.4 174.5 173.1 169.8 174.9 182.3 184.8 181 195.7 205.8 216 233.2 254.1 278.3 294.5 303 311 315.8 315.2 309.5 303.7 297
239.2 246.5 247.8 247.5 246.1 242.7 239.5 240.3 239.5 240.3 240.4 240.3 242.8 242.9 243 243.7 245 243.1 245.7 248.6 254.3 262.8 271.8 278.5 283.7 291.5 301 311 314.5 313.5 311.4 310.9 311 308.8 302.3 294.3 285.3 275.8 259.8 248.5 227.5 210.1 206 198.6 184.8 176.1 171.2 167.4 164.9 160.3 161.4 160.8 160.5 160.9 161.2 160.8 162.6 162.8 166.2 164.3 167.7 173.7 174.3 177.1 191 201.2 217.9 241.1 261.8 283.4 293 300.9 308.2 311.8 311.3 305.2 299.3 291.8
241.3 250.7 250.9 249.3 245.8 242.6 240.8 241 240.3 239.9 240.4 240.6 242.7 242.9 244.2 246 246.6 247.5 251.6 255.1 259.8 264.6 273.9 281 290.1 297.3 304.4 310.9 312.9 311.5 311.8 310.1 305.6 302.1 296.6 290.7 281.8 269.9 255.3 238.3 223.9 211.8 210.6 200.6 188.7 186 181.4 175.1 169.9 166.1 161.4 158.9 155.6 154.7 154.4 155.1 156.9 160 162.4 162 161.1 167 167.6 173.8 190.2 204 225.1 246.7 266.8 284.7 293 298.5 305.5 305.9 303 295.9 287.8 279.1
237.9 249.3 251.3 245.3 243.9 242.6 240.2 240 239.9 239.9 240.7 243 246.3 246.9 248.1 249.2 252.2 256.9 258.1 260.6 262.1 266 274.7 283.6 288.2 291 295.6 297.5 298.8 298.8 298.2 297.4 294.3 289.7 283.3 273.9 262.9 252.7 239.3 228.7 218.4 210.2 205.5 205 199.9 197.1 191.7 185.8 175.5 172.8 167 164.4 161.6 155.6 154 153.7 154.2 156.7 158.1 156.9 157.3 161.3 161.1 175 192.1 212.5 229.6 248.4 268.3 283.5 291.2 294.3 298.3 293.4 284.3 276.5 266.6 255.9
235 244.9 250.6 243.8 242.8 241.9 240.5 240.1 240.1 241.6 245.2 252.3 257.1 259 259 258.6 248.9 261.5 260.5 260.1 263.5 267.4 273.2 278.5 281.8 284.8 286.1 287.6 287.3 286.6 284.8 283.4 279.1 272.4 262.5 250.2 239.8 233.6 228 221.8 219.7 215.5 215.5 212.3 210.6 206.2 200.1 189.7 188.7 187.1 177.4 172.6 169.2 163.6 160.5 156.1 149 149.2 154.7 154.3 154.8 157.9 155.6 173.4 188 203.9 222.1 239.2 253.2 264.9 274.6 280 277.9 268.9 254.8 244.2 234.7 224.6
241 245.7 249.4 243.7 242.9 242.1 240.9 240.9 243.1 248.8 256.1 262 266.9 267.6 265.8 262.5 256.8 255.3 256.2 259.5 262.5 267.8 271.2 273.5 276.4 277.9 278.1 277.2 276.1 274.4 271.8 268.9 263.2 253.8 246.6 235.8 223.7 223 220.8 218.4 218.4 218.2 219.1 218.6 217.5 212 205.9 201.9 198 194 185.6 186 182.6 172.7 170.2 165.2 157.4 149.3 149.5 149.7 150.9 153.1 153 167.2 174.4 187.1 198.9 212.7 224.4 232.4 241.3 243.8 240.8 229.6 221.9 214.2 208.1 201.5
250.2 246.9 243.9 243.4 242.8 243.3 245.4 249.5 253.7 261.5 264.3 266 270.8 269.1 264.9 261.6 259.3 258.3 258.6 259.4 261.6 265 267.2 269.3 270.3 270.8 270.3 269 266.9 264.2 259.8 256 251.2 244.7 237.7 229 214.3 215.8 212.4 216.2 217.2 217.9 220.4 221.9 221.3 220.7 218.8 214 206.6 202.1 199.9 197.5 191.3 182.2 175.7 167.3 161.1 154.1 148.6 145.2 146.9 147.6 152.1 155.6 161.1 167 176.3 183.4 190.7 197.8 201.2 204.8 204.9 201.5 198.1 194 187.6 181.4
253.7 248.4 246.1 245 247.2 250.3 255.2 261.8 260.6 263.2 267.5 271.1 270.9 269.5 268.2 267.7 266.9 265.4 264.8 264.6 263.5 264 265 264.8 265.2 265.5 264.8 263.1 260 257.2 252.6 249.8 244.7 240.3 234 227.3 220.7 211.3 204.5 215 216 215.7 220.1 223.3 225.4 225.8 224.3 221 217.8 214.6 211 204.8 197.4 189.4 185.2 174 166.6 163.1 159.5 155 146 143 145.3 146.6 149.1 151.9 156.5 161.6 166.7 171 174.9 177.4 181.3 184.6 181 175.4 171.9 166.6
249.8 248.5 248.5 248.3 254.5 260.7 266 266.2 268.4 267.8 272.1 274.5 275.4 276 276.4 276.7 276.3 274.7 273.3 270.8 268.4 265.8 264.3 264 261.1 260.4 261.4 259 249.9 245.9 246 247.5 243 234.9 227.2 221.8 215.5 210.9 198.4 211.7 208.7 212 218 219.8 220.1 220.3 223.2 225.9 226.1 224.1 216.7 209.5 203.6 198 193.4 183.6 178.7 177.7 173.6 168.9 158.4 149.8 144.1 139.8 140.4 142.2 144.6 147.1 150.7 153.5 157.2 161.6 164.5 166.5 166.5 164.7 160.1 162.8
250.2 250.8 253.3 258.8 262.4 266.3 271.2 271.7 272.9 274.1 277.3 278.9 280.4 281.4 281.9 283.1 283 280.2 278.5 274.5 271 268.1 266.2 265.8 261.4 259.2 257 254.2 240.2 234.5 235.9 236.2 231.8 226.3 224.4 210.4 201.2 197.2 190.6 198.7 194.9 206.8 211.2 211.3 207.9 211.7 216.8 219.7 223.3 221.7 216.7 211.4 210.3 204.7 199 196.2 195.9 193.4 188.9 179.4 165 155.5 151.7 148.1 145.5 141.1 138.5 134.4 138.1 142.1 147.8 152.2 154.3 152.4 155.3 155.2 155.9 161.5
255.3 256.2 259.7 265.1 269.3 273.2 276.5 276.7 277.4 278.3 282.3 284.2 285.2 286.1 285.9 285.9 285.1 283.2 281.7 277.2 274.3 271.2 266.8 263.1 259.1 250.3 250.8 238.7 228.5 223.2 222.2 219.7 220.5 213.3 209.6 205.7 190.6 185.3 182.6 182.9 185.3 192 192 193.5 191.3 196.5 204.1 201.6 200.9 202.1 205.7 207.9 209.4 207.4 205.7 204.8 198.8 195.1 189.1 180.4 171.9 165.7 162.2 157.6 151.5 146.6 145.7 141.9 135.6 132.9 139.6 143.7 146.6 150.2 154.1 147.7 153.3 162
257.6 261.2 265.4 269.7 274 276.8 279 279.8 281.1 283.1 285.2 287.4 287.9 287.4 286.6 285.9 283.7 283.2 281.5 278.2 274.5 269.8 264.9 260.4 254.6 246.2 234 226.6 215.2 207.3 206.6 209.2 209.1 204.5 196.1 192 182.8 177.1 168.7 170.8 174.5 180 178.9 175.3 174.7 175.7 177.4 176.5 177.4 184 187.5 184.1 187.8 192.3 193.7 191.2 188.8 185.1 178.5 175.2 172.3 167.8 162.4 155.9 151.1 147.3 145.7 140.9 137.8 133.6 131.8 137.5 143.9 146.4 147.4 144.3 156.6 168
261.4 266.1 269.8 273.4 276.8 279.1 281.6 283.8 285.5 286.5 286.9 288.6 288.6 286.4 285.3 283.4 281.6 280.6 276.8 273.6 269.5 265.5 260.9 258.3 250.8 242 233.6 219.3 198.6 194.8 192.4 199.7 195.6 193.4 185.6 178.3 174.4 166.9 172.2 159.3 164.1 166.2 166.4 160.7 157.7 160 162 162 168.4 174.6 174.3 168.7 172.5 177.2 175.5 172.3 168.4 166 164.9 162.6 159.9 155 151.8 149.6 147.3 144.1 141.7 139.2 137.6 133.5 129.6 134.8 138.4 141.6 139.4 147.3 157.2 175.1
263 267.7 271.9 275.5 278.7 280 282.4 284.1 286 287.5 288.5 286.1 285.9 282 279.7 278.3 274.2 271.8 269.1 266.1 262.9 258.8 252.4 246.4 234.5 225.8 216.6 209 197.2 181.6 180.6 183.3 178 173.8 172.3 169.3 161.8 159.2 161 149.5 151.5 152.4 151.2 148 146.1 149.5 152.9 154.8 158.8 158.7 158 158.6 162.5 162.1 159.1 154.4 151.3 148.9 148 146.2 145 142.2 141.7 140.9 138.5 136.9 137 137.4 137 133.5 128.8 130.4 134.2 135.9 136.6 143.3 152.2 167.7
265.2 270.7 274.5 277.7 279.1 281 282.3 282.8 283.5 284 284.7 282.8 277.6 275.2 272.6 271.4 267.6 264.3 262.2 256.2 253.2 246.9 238.7 226.6 213.8 204.6 198.2 192.8 188.9 174.9 169.4 168.8 165.1 157.8 156.4 155 151.7 148 144.9 142.2 141.7 141.3 137.7 136.5 136.5 136.4 143.8 146.2 147.4 146.4 147.2 148.6 149 148.1 145.6 142.2 139.3 137.4 136.7 134.5 133 132.1 132.6 131.5 129.3 128.8 131.1 135.3 134.8 128.1 125.3 128.7 132.8 134.2 134.7 139.8 146.4 161.7
269.2 274 277.8 280.2 279.4 277.4 277.4 279 273.9 273.5 273.7 271.6 269.4 268.9 266.4 264.3 259.4 253.6 247 241.3 233.9 225.5 216.4 205.7 197.4 189.7 183.3 177.6 174.7 168.9 159.3 157.8 154.7 150.1 147 145 142.6 140.9 138.8 137.2 137 135.8 132.7 130.1 129.6 129.1 131.5 133.2 132.6 131.8 134.1 133.8 133.6 133.3 133.1 130.6 128.2 127.3 127.1 126.4 125.2 124.5 124.4 124.7 124.2 123.7 123.5 123.3 122.7 124.2 123.9 125.8 130.3 130.3 129.9 133.1 135.8 145.9
