webserver/python/data/SJ16.asc
ncols 200
nrows 200
xllcorner 310000
yllcorner 360000
cellsize 50
[rows 70 to 104 of 200, columns 0 to 79 of 200]
46.8 48.6 49.8 51.3 51.4 51.7 52 53 54.2 57.1 59.2 61 64 66 67.9 69.7 72.8 76.1 79.4 81 83.2 85.7 87.4 88.9 90.2 90.8 91.5 93.4 95.4 97.6 100 103.2 106.3 109.2 112.2 115.5 119 122.7 126.4 130.5 135.3 139.5 144.5 149.3 154.6 162.4 170.6 180.5 193.2 203.1 216.3 230.1 241.3 240.8 248.2 253.4 252.6 246.6 233 220.9 209.3 199.4 191 192.3 196.9 207.6 224.6 239 250.2 254.6 255.8 266.8 278.8 285.4 292 299.5 308.2 311.5 310.3 317.7
41.1 44.4 45.1 48.1 49.7 50.5 51.8 53.7 55.6 56.9 58.5 60 63 65 66.9 69.4 72.9 75.9 78.2 80.1 82.6 85.1 86.7 88.3 89 89.1 89.8 91.4 93.5 95.8 98.4 101.6 104.5 107.3 110.7 114.1 118 122 124.9 128.3 132.3 136.5 140.8 145.3 151.2 159.9 167.3 177.4 188.7 199.5 210.4 221.9 233.2 238.9 236 228.1 224.5 220.3 210.1 200.4 187.5 186.8 193.7 199.6 204.7 220.5 234.9 252.4 265.1 261 270.5 286.3 299 302.1 304.4 310.9 316.5 322.3 322.8 325.1
46.2 48.8 50.7 50.5 52.1 52.7 53.2 55.1 56.8 58.1 59.5 61 62.5 64.4 66.3 68.4 71.4 74.1 76.8 79.7 82.1 84.2 85.8 87.4 87.4 86.9 88 89.6 91.6 94.3 97 99.7 102.6 105.7 109 112.5 116.6 119.7 121.9 125.8 129.8 133.6 137.8 142.9 148.5 157.9 165.2 173.6 182.6 190.9 202.9 214.3 222.4 226.9 219.6 206.4 195.9 191.4 188.7 182.8 182.6 192.6 204.1 206.7 214.9 225 238.4 256.2 270 267.3 279.1 300.1 313.6 321.1 321.9 322.7 324.6 327.9 332.2 333.4
47.7 49.8 51.6 51.9 53.5 54.4 55 55.9 57 58.1 59.4 60.8 62 63.4 64.9 67 69.7 72.6 75.6 79 81.3 83.2 84.8 85.9 85.6 85.1 86.2 88.1 90.5 93.2 95.9 98.8 101.3 104.2 107.4 110.8 113 116.5 120 123.4 127.3 131.7 136.5 140.6 145.9 154.6 163.3 168.3 176.8 183.6 193.6 203.5 209.8 208.4 201.2 186.9 180.3 173.3 173.8 183.8 195.9 198.9 207.5 213.7 223.1 230.5 240.4 255.6 265.5 271 286.3 307.1 320.3 331.3 339 340.6 340.9 338.1 338.9 340.3
48 50.4 52.1 53.2 54 54.8 54.9 55.3 56.1 57.5 58.8 59.9 60.9 62.6 63.8 65.5 68.5 71.7 74.9 77.7 80.2 82 83.4 84.1 83.9 83.9 84.9 87.3 89.7 92.2 95 97.9 100.4 102.9 105.8 108.8 113.3 118.7 122.4 125.5 128.5 131.2 133.6 138 141.4 148.2 157.1 164.3 170.6 179.1 188.1 195.5 200.2 200.8 189.4 176.3 168.9 175.2 185.8 196.2 200.9 206.8 212 219.7 228.2 233 241.6 251.7 260.9 272.9 289.4 309 323.2 335.1 343.4 349.1 347.8 342.4 340.2 338.5
48.4 50.3 51.7 52.9 54 54.7 54.5 54.4 54.8 56.2 57.9 58.9 59.9 61.5 62.8 64.5 66.5 69.7 72.8 76.2 78.6 80.2 81.6 82.2 82 82.9 84.9 86.9 89 91.1 93.7 96.7 99.4 102 105.6 108.3 112.6 117.2 121.3 124.5 127.6 130 131.9 132.6 134.8 141 148.7 160.9 165.1 170.2 176.1 187.5 195 196.8 177.6 162.6 170.5 183.6 194.1 204.2 208.7 209.9 218.8 227.2 232.7 239.8 247.2 254.5 263.8 275.5 289.7 307.5 323.4 335.9 344 348.5 345.4 338 332.3 329.5
48.1 50 51.3 52.5 53.7 54 54 54.2 54.4 55.3 57.4 58.6 59.5 60.4 61.8 63.5 65.2 67.7 70.6 73.4 76.6 78.3 79.3 80 80 81.9 84 85.7 87.8 89.8 92.2 94.9 98.5 102.2 105.9 108.7 111.7 115.3 119 121.9 124.8 127.4 128 128.4 131.7 136.1 143.4 149.2 157.8 162.4 165 169.3 172.4 171.2 159.4 159.1 178.4 188.5 195 206.6 211.9 216.5 229.2 232.3 238.4 246 255.6 263.6 269.9 278.1 289.7 306.8 321.9 332.7 341.2 340.4 334.4 327.6 318.2 316.7
47 49 50.2 51.5 53.1 53 53.8 54.8 55.2 55.7 56.6 58.4 59.3 60.4 61.7 63.1 64.6 65.9 68.7 71.6 73.4 75.7 77.1 77.6 79.7 81.9 82.7 84.5 86.5 88.5 90.7 93.4 96.5 100.5 104.3 107.3 110.3 112.9 116.5 119.5 122 123.5 124.7 126.1 128.2 130 133.7 139.8 146.5 148.4 153.2 153.7 156.4 154.2 154.3 168.1 183.3 196.1 205.1 213.8 219.5 225.7 240.9 244.6 245.3 254.8 266.3 275 277.4 284.3 288.7 300.9 314.4 321.9 322.2 318.5 311.5 308.4 302.1 299.9
45.3 46.8 48.6 50.5 52 53 54 54.8 55.6 56.2 56.7 58 59.2 60.7 62 63.3 64.7 66 67.2 70.1 72.1 73.6 75.2 77.2 79.5 80.8 81.3 83.1 85.1 87.1 89.3 92.2 95.2 98.8 102.5 106 109 111.6 114.2 116.2 118 119.4 120.7 122.7 125.3 126 126.7 128.2 133.6 132 136.2 140.3 145 155.3 171.4 184.5 191 204.1 215.2 220.4 226.9 238.9 246.5 250.1 253.9 264.8 276 285 282.1 284.3 285.6 289.8 298.2 304.1 304.4 298.2 291 289.5 284.5 282.6
46.5 48.8 50.5 51.7 52.7 53.9 54.6 55.2 55.8 56.4 56.8 57.5 58.4 59.5 61.4 63.3 64.8 66.1 67.2 68.6 70.8 72.5 74.5 76.5 78.5 79.4 79.8 81.4 83.4 85.5 87.6 90.3 93.6 97.1 99.9 103.5 106.7 109.3 111.7 113 114.4 115.8 117.1 120.2 121.2 120.6 121.9 123.6 125.5 133.8 143.4 148.9 154.2 166.5 184.3 196 208 214.3 221.7 227 233.2 244.9 252.3 257.5 259.1 266.7 277.5 281.1 275.5 271.9 269.9 274.6 283.1 288.6 287.8 283.6 271 270.1 266 264.9
47.6 49.3 51 52.4 53.8 54.3 54.6 55.3 55.9 56.5 56.7 56.8 57.7 58.6 60.1 62.6 64.5 66.1 67.3 68.4 69.8 71.7 73.8 75.8 77.6 77.8 78 79.8 81.8 84.7 87.3 89.4 92.2 94.4 97.7 101.4 104.2 106.5 108.6 109.8 111 112.2 114.5 116.3 116.6 116.7 119 120.9 121.2 134.3 142.7 152.3 164.4 175.4 188.7 205.1 218.9 225.2 228.2 233.3 241.1 255.1 258 261.8 263.9 264.9 268.8 266 260 257.3 254.7 256.9 264.3 265.7 263.9 259.2 253.2 247.6 247.4 249.9
48.1 49.4 50.9 52.2 53.4 54.2 54.6 55.3 56.1 56.5 56.6 57.5 58.4 58.7 60 61.9 63.8 65.2 66.1 67.1 68.7 70.8 72.5 74.4 75.6 75.3 76.2 78.1 80.6 83.5 86.4 88.5 90.6 92.8 96 99.1 101.6 103.8 105.4 106.6 107.6 108.5 110.5 112.5 112.9 113.4 115.1 115.4 124.2 131.7 141.9 152.5 167.2 180.3 192.6 205.5 219.9 229.9 232.2 238.6 249.6 259.5 260.7 261.6 260.2 257 259.3 249.7 241.5 237 236.6 238 241.3 241.1 240 238 236 233.5 235.9 242.5
49.5 50.8 51.9 52.4 52.9 54 54.6 55.3 56 56.4 56.5 58 59.3 60.2 60.2 61.5 63 63.9 64.8 66.1 67.5 69 70.4 71.2 71.7 73.2 74.8 76.5 79 81.6 84.4 87 89.1 90.9 93.2 95.9 98.7 100.6 101.6 101.9 102.8 105.1 107.2 109 110 109.9 111.6 117.7 124.4 131.4 139.7 150.3 163.1 177.5 190.9 204.6 218.3 231.4 232.5 236.5 248.9 256.6 256.4 252.3 241.9 234.1 228.2 225.7 221.8 217.5 215.3 215.6 221 221.9 222.1 222.2 224 226.6 232.7 242.8
50.6 51.9 52.6 52.7 53.2 53.6 54 54.5 55.3 56.3 57.2 58.1 58.7 59.4 59.8 60.7 61.9 62.7 64 65.2 66.5 67.1 68.4 70 71.8 72.4 73.8 75.5 77.4 79 82.3 84.3 87.1 88.9 90.1 91.6 93.6 93.9 94.6 95.9 98.6 101.2 103.9 105.6 105.5 107.7 111.3 117.3 123.1 128.6 135.5 147.1 160.5 174.1 187.6 202.9 214.4 229.9 231.4 231.7 239.3 245.5 242.3 232 220.5 212.3 209.4 204.9 201.2 198.6 200.1 201.5 204.7 207 212.7 214 218.9 226.8 238.7 243.8
51.7 52.4 52.3 52.3 52.4 52.8 53.2 53.9 55.1 56.1 57.1 57.6 58.1 58.6 59.2 60 61 61.9 61.9 64.3 65.1 67.2 70.1 72.3 73.6 74.4 75.7 76.6 77.8 79.4 80.4 82.2 83.9 85.8 87.4 89 91 93.2 94.7 95.6 97.2 99.4 101.1 102.7 104.8 107.8 111.5 116.3 120.9 127.2 132.9 140.6 156.7 171.2 180.7 195.1 209.2 219 219.9 223.5 225.6 223.2 219.3 210.9 199.8 192.9 186.9 186.5 182.8 184.6 198.6 204.7 210.9 214.8 217.8 220.7 223.8 233.2 247.2 253.7
51.6 51.9 51.9 51.9 51.8 52.4 53.5 54.2 54.9 56 56.7 57.3 57.8 58.3 58.5 59.6 60.5 61.4 62.2 61.8 65.2 68.5 71.1 72.8 73.6 74.9 76.8 78.2 79.5 81.1 81.5 83.4 85.2 87.1 89 91.5 93.9 95.8 97.3 97.4 98.4 98.8 100.6 102.5 104.8 107.3 110.7 114.2 118.9 124.6 130.2 138.5 149.3 162.2 176.5 188.6 201.1 204.2 203.9 208.8 207.5 200.4 194.7 190.8 180.7 175.7 175.7 176.7 182.4 189.1 195.6 206.4 216.8 219.9 222.8 227.3 233.8 244.8 254.9 263.6
51.6 51.1 50.9 50.9 51.3 52.7 53.8 54.4 55 55.8 56.2 56.3 56.4 57.3 58.4 59.1 60 60.8 61.5 62.8 65.1 68.8 70.9 72.2 74.6 76.3 77.7 78.9 80.5 81.3 82.7 84.3 85.7 87.1 89.2 91.3 92.8 95.6 98.7 100.3 101.5 101.5 101.4 102.3 104.1 106.2 109.3 112.4 116.5 122 127.5 134.1 140.2 156.4 167.6 179.7 188.1 189.9 189.8 186.5 182.4 178.8 175.1 168.1 165.7 170.5 175.1 181.9 186 193.1 199.7 208.2 218.6 224.9 228.5 241.5 250.7 258.8 266.8 273.5
50.2 50.2 50 50.2 51.4 53 53.8 54.4 54.9 55.5 55.5 55.3 55.1 56.2 57.3 58.4 59.3 60.2 60.6 60.9 61.5 63.8 69.1 71.6 74.2 76.3 77.2 79.2 80.6 81.4 82.3 83.8 85.3 86.8 88.4 89.4 92.8 95.4 98.1 100.8 102.4 103.7 104 103.4 103.9 105.6 108.1 112 116.1 120.2 124.2 129.6 137.7 148.8 158.6 168.6 172.1 170.4 167.2 166 163.3 160.1 159.6 158.6 167.6 177.5 184.6 192.1 195.2 198.9 203.5 214 224 230.3 237.6 254.8 265.8 272.7 281.9 286.9
49.2 49.1 49.2 50.1 51.8 52.5 53.3 54.2 55 55.5 54.6 54.2 54.1 55.3 56 57.2 58.3 59.3 60.7 61.4 61.3 65.9 68.5 70.9 73.6 76.2 77.4 78.6 79.4 81 82.1 83.2 84.6 86.1 87.4 89.1 92.3 94.6 97.3 100.2 103 104.4 105.7 105.6 105.2 106.1 108 111.6 115.1 118.2 121.4 125.7 131.2 137.8 146.1 152.2 155.7 155 152.6 149.7 146.5 151.1 157.4 161.4 172.3 182 191.4 202.5 207.4 211.4 215.7 221.4 232 241.3 246.8 262 275.5 280.4 284.2 287.7
48.2 48.1 49.3 50.3 51.5 52.3 53.1 54.1 55.2 55.2 54 53 53.1 54.9 55.5 56.2 57.2 58.3 59.9 62.2 63 65 67.6 70.3 72.6 74.3 75.8 77.4 78 80.6 81.9 83.1 84.3 85.4 87 88.7 91.9 94.1 96.4 99.7 103.2 104.9 106.3 106.8 106.7 106.8 108.3 110.1 113.1 116.2 118.9 122.9 127 132.1 137.3 142.6 144.6 143.5 140.1 143.6 153.2 161.8 168.7 174.9 178.9 187.6 199.8 210.5 217.6 227.5 230.1 230.9 240.4 250.5 257 265.5 274.9 280.4 280.7 283.3
47.3 47.6 48.1 49.6 51.1 52.1 52.9 54 54.7 54.4 53.4 52.4 52.1 54 55 55.6 56.6 57.6 59 61.5 63.6 64.6 66.2 68.4 70.6 72.1 74.9 77.9 80.1 81.2 82.1 83 84.2 85.5 86.7 88.4 91.4 93.7 95.9 99.1 102.6 105.4 107.2 108 108.1 108.6 109.1 110.6 112.5 114.4 117.2 120.4 124.4 128.1 131.8 135.8 135.5 133.3 143.4 151.7 159 166.5 173.9 181.3 187.8 194.4 203.3 212.4 221.1 232.2 238.2 241.5 251.3 256.6 262 259.3 258.5 263.5 265.2 268.6
46.2 46.2 47.5 48.9 50.4 51.9 52.7 53.6 54.2 53.7 52.5 50.8 51.6 52.8 54 55.3 56.8 57.9 59.4 60.8 63.3 64.9 65.8 67.6 70.4 72.8 75.9 77.8 79.8 81.7 81.5 82.7 84.3 85.5 86.7 88 90.9 93.5 96.1 98.7 102.3 105.7 107.9 109.2 109.9 110.4 110.3 112 113.3 114.1 116.9 118.9 120.9 124.6 126.1 127.3 130.7 138 147.4 155 165.8 172.1 181 189 195.8 202.3 209.8 215.5 223.6 232.8 238.8 244.9 255 258.7 249.9 246.2 246.1 246.7 248.2 250.1
43.9 45.7 47.1 48.5 49.9 51.3 52.4 53 53.5 53.4 51.3 50.5 52.7 53.6 54.8 56.1 57.4 59 60.2 60.9 63 65.2 66.6 68 70.2 72.5 75.1 77 79 81 81.3 82.4 84.1 85.6 86.8 88 90.5 93 95.8 98.8 102.3 105.5 108.2 109.9 110.4 110.9 111.4 111.9 112.7 113.8 116.3 117.5 119.2 123 126.9 132.9 136 140.7 146.4 158.1 167.5 179.8 189.1 197.5 201.8 209.5 215.2 220 226.3 230.7 236.8 243.2 247 244.9 238.8 237.9 238.8 242.5 248.7 255.1
44.1 45.9 47.3 48.7 50 50.9 51.5 52 52.5 51.7 49.5 51.7 54.3 54.6 55.2 57 58.6 60.2 61.1 61.8 63.1 65.1 66.3 67.5 68.9 70.8 73.7 76.1 77.9 79.6 81.1 80.5 82.9 85.3 86.9 88.1 89.9 92.9 95.9 98.9 102.1 105.4 108.3 110.1 110.7 111.3 111.6 111.3 112 113.2 112.8 115 120.8 126.1 130.4 133.9 137.2 140.2 145.2 156.5 165.3 174.9 186.4 195.9 200.8 208.8 217.1 223.9 225.3 227.9 233.7 239.7 238.5 231 227.8 234.7 242.3 248.9 255.6 261.9
44.1 45.7 47.2 48.3 49.3 50.1 50.6 51.1 50.9 49.1 49.3 52.7 54 55.4 56.9 58.5 59.8 61.4 62 62.7 63.3 64.7 65.7 67 68.4 69.6 72.2 74.8 76.6 78.2 79.1 79.6 82 84.1 86.5 87.8 89.4 92.1 95.1 98.2 101.3 105 107.5 109.2 104.3 100.9 102 104.4 106.6 108.9 112.8 117.4 121.4 126.3 130.1 135 138.5 140.9 142.3 151.8 161.3 168.2 176.2 184.1 190.8 198.1 207.3 214.2 217.3 220.2 221.2 220.6 219 217.8 233 239 246.3 254.6 262.4 268.8
43.9 45.3 46.4 47.6 48.7 49.2 49.7 50.2 48.2 47.9 49.8 52.3 53.7 55.2 57 60 61.1 62.3 62.8 63.2 63.3 64.1 65 66.2 67.3 68.5 70.4 73 75.2 76.7 78.6 79.1 79.9 82.4 85.1 87.4 88.9 91.7 94.4 97.2 100.5 103.8 101.9 93.2 96 102.2 106.6 107.2 107.5 108.6 113.7 117.9 121 124.5 131.4 135.1 138.8 140.6 142 146.8 156 162.1 167.2 171.9 176.1 184.1 193 199.7 203.3 207.1 204.4 203 202.4 214.4 224.2 234.7 243.9 257.7 266.6 277.5
43.6 44.8 46 47.2 48 48.2 48.7 48 46.2 47.9 49.6 51.8 53.2 55 56.8 59.5 61.8 62.7 62.9 62.4 62.8 63.3 64.2 65.1 66.1 68.5 70.5 72.9 75.2 77 77.7 77.9 78.3 80.2 83.8 86.1 88.4 91.3 94.2 96 97.7 92.8 89 96.5 106.7 110.4 112.1 111.1 110.9 111.2 112.1 114.6 119.5 125.1 130 133.9 137.6 140.3 141.6 140.9 147.4 152.8 157.5 162.8 167.8 172.1 180.4 185.4 189 191.7 191 193 203.8 213.5 222.8 233.6 245.7 261.4 273.4 288.1
43.7 44.9 46.1 47.2 47.5 47.3 47.2 45.7 46.3 48 49.7 51.3 53.2 55 56.8 60.7 61.7 62.7 61.8 61.5 62 62.7 63.6 64.5 65.8 68.3 70.1 72.7 74.9 76.3 76.8 76.9 76.8 78.7 80.9 85 86.5 91 92.8 91.5 87 92.4 99 105.1 109.2 111.7 113.4 113.8 113.6 113.9 115.6 116.4 118.9 120.3 122.6 126.2 130.1 134.4 139.2 142.6 147.4 150.8 152.3 153.1 156.1 162.8 167.8 173 175.5 177.4 184.5 197.1 204.5 214 224.1 235.6 256.8 269.1 281.2 296.8
43.1 45.2 46.1 46.9 46.9 46.7 45.6 44.7 46.3 48.3 49.6 50.8 52.6 54.5 56.7 57.9 61.2 61.4 61.6 60.7 61.1 62 63 63.9 65.5 67.3 69.1 71.4 73.7 75.2 75.9 75.4 75.7 76.5 78.5 79.1 82 83.5 83.9 88 92.8 98 101.5 105.7 108.8 111.9 114.1 114.3 114.3 115.3 117.3 119.2 121.6 124.3 127 129.7 133.2 138.2 145.9 150 154.6 160.8 165 167.1 170.8 171.4 173.1 175 180.5 186.7 192.8 201.4 210.1 218.7 230.1 244.2 263.5 280.3 295.3 307.4
43.1 44.9 45.8 46.6 46.4 46.4 44.6 43.8 46.1 48 49.1 50.3 52.1 54.4 56.6 57 58.5 60.8 61.1 60.6 60.4 61.4 62.3 63.3 64.7 66.1 68.1 70 71 71.8 72.4 73.1 75.2 77.8 81.1 84.6 85.5 86.6 89.5 92.6 95.2 98.7 102.3 106.1 109.2 112.1 114.3 114.8 114.9 115.7 117.6 119.6 121.3 123.8 126.8 130.4 134.3 138.9 147.3 154.3 159.5 167 173.3 177.4 179.8 181.8 184.3 185.7 189.8 196.4 202.7 208.1 217 225.1 235.9 251.4 269.6 288.6 304 316.4
42.5 44.3 45.3 45.9 46 46 43.7 43.5 45.5 47.3 48.7 49.8 50.8 52.6 54.7 55.6 58 59.6 59.5 58.2 58.2 58.7 60.3 61.5 62.8 64.4 65.1 66.5 68 69.8 71 73.2 75.7 78.2 81.4 85.7 89 90.2 90.8 93.1 95.5 99 102.8 106.5 109.4 112.1 114.2 114.6 115.1 116.1 117.4 118.6 120 122.8 126.1 130.2 134.1 138.7 147.7 154.9 161.9 170.2 179.7 187.2 192.7 196.1 197.4 198.6 204.1 210.4 216.8 220.6 225.8 237.8 248.8 260.2 274.1 293.4 310.6 327.9
41.5 42.6 43.7 44.7 45.2 44.5 42.7 42.7 44.4 46.1 47.5 48.9 49.9 52.2 54.3 53.3 57.1 57.6 55.2 55.3 56.7 58.3 59.6 61.1 62.6 63.8 65.2 66.7 68.4 69.8 71 73 74.9 76.9 81.8 85.6 89.2 90.8 91.2 93.3 95 97.3 100.8 105.6 109.1 111.4 113.5 113.9 114.7 115.6 116.6 117.3 119.1 121.8 125.2 129.3 132.9 137.3 145.8 153.6 161.3 171.8 182.4 190.6 198.9 205.1 208.2 212.4 219.4 226.3 231.2 235.1 242.3 253.2 262.2 275.2 289 302.2 317.1 331.1
40.3 41.1 41.8 42.7 43.5 42.1 40.3 42.4 44.3 45.5 46.6 47.9 49.1 50.8 52.3 51.2 54.1 52.2 54.4 56.9 58.1 59.3 60.2 61.3 62.8 64.3 65.8 67.3 68.2 69.6 71 72.5 74.3 76.9 81.2 85.3 88.4 90.4 91.2 91.7 93.5 95.7 98.5 104.3 107.5 110.6 112.7 113.1 113.6 114.8 115.6 116.2 118.4 121.1 124.7 128.4 132.3 138 145.1 152.4 160.8 171.1 182.6 193 203.1 212.6 219.8 224.6 232.5 236.8 243.8 251.4 256.6 264.3 276.2 288.9 303.8 313 324 334.1
38.9 39.8 40.8 41.4 41.1 39.5 40.7 42.5 44.1 44.9 46.1 47 47.7 48.4 50.1 50 51.1 54.3 56.7 58.1 59.4 60.2 61.1 62 63.1 64.5 66 67.4 67.8 69.2 70.6 72.1 74 77 80.4 83.5 87.2 89.6 90.4 90.6 90.8 93.7 96.7 102.4 106.1 109.9 111.8 112.1 111.2 112 114 116.1 117.9 120.7 123.8 127.6 132.6 137.3 143.4 150.9 159.6 170.7 183.1 195.1 207 216.9 225.4 233.9 243 247.7 252.9 260.4 268.9 276.2 286.5 302 316.7 321.1 328.5 335.6
37.8 38.5 39.6 39.9 39.3 38.5 41.6 42.3 43.2 43.7 44.4 45.2 45.9 47.7 49.6 51.3 53.5 55.1 56.7 57.9 59.9 61.5 62.6 63.7 64.6 65.6 66.5 67.5 67.9 68.7 70 71.8 73.6 76 79.2 81.8 85 87.4 89.2 89.6 90.6 92.2 95.4 100.2 105.4 109.3 110.9 110.5 108.9 111.6 114.3 116.2 118.1 120.4 123.3 127.2 131.3 135.5 140.4 148 157.5 167.7 179.7 194.9 206.2 217.7 227.9 236.5 247.7 255.7 263.1 271.7 284 290.7 293.4 304.7 316.4 322.2 328.2 331
