webserver/python/data/SJ23.asc
ncols 200
nrows 200
xllcorner 320000
yllcorner 330000
cellsize 50
[rows 35 to 69 of 200, columns 78 to 155 of 200]
151.5 160.4 167.7 168.3 167.5 167.1 167.5 168.3 167.1 165.7 166 167.3 169.6 179.6 183.4 178.1 167.5 153.8 144.8 139.9 136.8 133.7 123.8 114.3 113.8 113.8 111.4 110.4 112 112.7 112.7 118.1 127.3 136.5 143 149.2 158.1 171.5 187.2 202.6 217.1 223.7 227 222.5 218.9 215.8 211 206.1 201.8 197.9 194.9 191.1 185.9 183 183.2 185.6 189 193.8 199.2 202.5 202.1 199.2 196.4 194.9 195.4 194.4 192.1 188.2 181.7 178.4 175.1 171.7 168.7 165.3 160.6 155 149.7 143.8
164.5 175.8 180.6 181 180.6 178.6 178.5 177.8 175.7 172.6 172.2 173.3 183 196.6 199.4 195.3 181.3 166.3 156 150.2 145.9 142.9 138.5 134.4 127.3 120.2 112.2 109.5 111.9 111.7 110.8 110.2 116.9 127.4 135.2 140.6 145.4 158.2 173.4 188.3 199.4 205.7 209 209.5 206.4 203.6 202 199.3 199.4 196.8 192.8 185.7 179.9 178.4 176.3 182.1 188.9 197.2 204.3 207.1 206.6 203.5 199.7 200.1 200.7 198.8 194.4 187.8 181.5 176.8 173.5 170.9 168.7 165.1 161.2 155.7 150.2 145.7
178.1 189 192.3 191.4 190.1 188.2 187.1 185.7 183.4 182.1 180 186.6 199.2 207.4 206.6 200.2 191.4 176.5 166 157.6 153.3 148.7 143.3 139.4 133.5 124.4 113.1 109.2 110.4 111.6 110.2 109.7 109.3 114.9 124.6 129.4 135.3 146.5 159.7 171.3 179.9 187 191.1 191.6 193.2 193.8 192.8 190.7 193.5 195.1 187.1 180.5 174.4 171.2 171.2 180.8 192.1 196.4 208 210.5 208.6 205.3 202.5 204.7 204.4 198.7 194.4 187.1 181.2 176.6 172.1 170.2 168.6 165 161.1 156.3 151.4 147.2
193.9 200.3 201 199.9 200.2 198.8 196.1 194.4 193.6 192.8 192.4 199.4 208.9 213.2 210.8 204.5 196.7 186.1 176.2 168.4 162 156.4 150.3 144.1 136.9 127.7 114.6 108.5 108.9 110 110.8 110 109.1 109.1 111.9 120.4 128.2 134.8 143.1 151.8 160.5 167.8 173.1 174.7 180.4 184.3 183.7 182.5 185.6 186.6 180.9 174.9 168.9 164.9 166.5 176.6 186.3 195.9 207.5 210.5 208 205.5 205.2 207.7 205.1 198.3 191.6 185.2 179.6 175.6 172.1 169.4 167.6 165.5 161.5 156.6 151.4 147.2
208.4 212.2 212.3 210.6 210.7 209.4 206.8 204.1 203.1 202.5 205.8 211 216.4 217.5 214.6 209.6 202.7 196.2 190.1 182 178.7 172.1 165.4 154 143.6 137.8 128.5 118.4 108.2 108.4 108.6 109.1 108.4 107.5 107.2 110.3 119.9 128.3 133.7 139.8 145.2 151.9 160.2 164.8 167.4 173.2 173.4 174.2 178.1 177.9 172.2 166.6 162.7 161 160.9 170.8 180.6 188.2 204 206.9 207.6 205.2 203.4 204.3 203.1 196 189.1 182.7 177.7 175.2 172.2 169.1 166.9 165.2 161.7 156.3 151.4 147.2
219.5 224.7 224.4 223.3 222.1 220.2 217.8 215.5 212.6 214.4 217.2 221.9 222.8 221.9 218.4 214.8 209.9 206.2 201.9 196.5 192 187.9 180.9 168.6 156.2 147.7 142.5 137.5 121.9 109.6 108.7 108.6 108.1 107.3 106 106.1 110 119.1 124.5 129.2 134.6 139.8 146.7 152.7 152.7 159.3 160.1 161.2 165.5 167.1 161.3 156.7 154.8 153.6 154.6 163.4 170.4 178.5 190.2 197.9 202.3 204.2 201.3 199.9 198.6 193.1 186 179.7 175.4 173.1 170.4 167.7 165.8 163.7 160.8 156.3 151.5 147.7
227.9 233.3 235.8 234.3 233 231.3 228.9 227.7 227.2 228.2 231.3 231.1 228.6 226.1 223.7 221.1 218.6 215.1 211.5 207.5 203.3 197.9 190.8 183.3 170.9 158.8 152.4 145.4 137 122.6 115.7 109.9 108.2 107.3 106.6 106.4 106.1 107.1 112.6 115.3 119.8 125.6 136.1 141.6 146.6 146.9 147.8 149.8 152.9 153.8 151.2 148.5 145.8 144.6 149 153.6 159.5 168.3 177 183.1 187.5 184.8 185.9 193.4 193.4 190.4 182.6 177 173.5 171.1 168.3 165.6 164.8 162.5 158.8 155.4 152.8 148.1
239 244.4 247.3 246.5 244.1 242.4 240 240.4 241.5 240.6 241.2 239.5 237.8 233.8 231.1 228.3 225.1 220.9 216.9 213 209.3 204.3 196.9 190.6 186.7 173.7 161.2 152 143.2 137.1 133.5 120.7 108.9 107.8 107.2 106.9 106.1 105.2 104.6 104.5 104.8 107.5 113 129.5 134.4 137.5 138.9 140.7 143.2 140.4 139.7 139.1 138 138.8 143.3 147.7 152.3 155.6 161.9 168.1 172.2 172.6 176 181.5 187.2 187.3 180.4 175.1 171.8 169.1 166.2 164 163.6 161.5 158.5 155.3 152.8 146.9
251.4 256.2 258.1 256.2 254.2 252.4 251.1 251.7 255.1 251.2 247.6 247.9 245.9 243.2 238.1 234.7 231.5 227.7 222.4 218.4 213.7 208.7 201.7 196.6 190.6 184.2 174 162.4 152.1 143.4 137.4 131.2 121.5 114.6 113 108.9 105.9 104.8 104.4 103.9 104.5 105.8 103.2 104.1 122.4 125.9 130 131.3 132.5 130.8 131.2 130.9 131.2 133.5 137.4 141.6 145.5 147 149.7 154 159 163.3 167.7 173.5 179.6 183.8 178.8 173.7 170.3 167.6 164.2 163.2 162.9 160.6 158 155.2 150.3 145.5
263.5 268.2 269.6 269.8 268.9 266.1 264.6 263.1 262.5 261.5 258.7 252 252.5 250.4 246.2 242 237.8 234.5 228.5 223.4 218.2 213.1 207 202.3 195.5 187.7 179.2 170.5 162 150.6 142 136.1 130.4 127.1 125.5 121.2 117.5 106.4 104.7 115.8 116 113 107.9 102.1 105.4 110.6 111.8 115.2 121 124.4 124.3 124.9 125.5 129.3 132.3 135.5 139.7 140.8 142.7 144.6 148.2 153.4 159.3 164.9 170.2 175.2 177.4 173.3 169.7 166.6 163.6 162.2 162.1 160.1 157.6 154.1 148.8 145.6
278.3 280.9 284.8 285.9 283.9 281.1 278.2 275.9 273.4 271.9 271.3 266.9 260.9 256.3 253.4 249.7 245.4 240.3 233.5 229 224.2 217.8 212.1 208.2 201.9 193.6 183.6 174.9 165.7 155.5 145.5 142 139.7 138 133.4 130 126.1 124.2 123.3 121.2 119.5 118.8 113.1 105.2 101.1 102.9 103 103.3 106.4 111 112 112.5 117.8 122.3 127.6 129.1 130.5 135.5 137.4 139.1 141.7 146.7 150.9 156.3 162.2 169 173.7 172.2 169 166.2 163.9 161.6 162.3 159.9 156.5 152.9 148.8 145.8
291.8 295.3 299.5 299.4 297.9 295.2 292.3 289.4 287.3 285.4 283 279.4 273.7 271.3 267.1 261.9 257.2 251.6 246.7 239.7 233.9 228.7 222.4 215.9 208.6 199.8 189.6 177.6 165.8 157.5 153.3 151.4 149.1 145.7 141.9 137.8 133.7 130.1 127.4 124.8 124.4 121.8 123.4 114.6 100.5 100.7 100.4 100 99.7 100.3 99.4 99.8 105.1 109.7 117.6 125.6 123.5 130.9 132 133 135.1 138.5 143.4 148.7 155.5 162.9 167.8 171.6 169 167.1 165.3 160.9 161.4 158.8 155.4 151.8 149.2 147
304.1 306.6 310.2 311 309.9 308.7 305.8 304.1 301.1 298.6 295 289.7 285.7 281.9 277.3 273.2 268.6 263.4 257.5 251.3 245.2 239.4 232 224 215 205.2 191.3 178.1 167.5 162.2 161.5 159.8 157.9 154.5 150.1 145.2 140.2 135.5 132 129.7 128.2 126.3 127.4 127.6 115.2 98.8 98.5 99.9 98.9 98.3 97.9 97.5 97 97 104.7 116 123 126 127.3 126.5 127.7 131.6 136.6 141.5 148.6 154.7 160.5 167.4 169.1 168 165.7 161.3 159.6 157.6 154.7 152 150.3 149.6
313.9 318.3 322.4 323.5 321.6 320.9 320.1 318.6 315.4 311.2 307.2 302.5 297.2 293.3 288.6 284.5 280.1 274.3 267.9 261.9 255.8 247.8 239.4 230.5 220.1 205.3 189.8 179.1 173.4 174.8 171.9 168.3 166.3 163.4 158.7 152.3 147.2 142 137.1 133.8 131.4 130.2 130.6 129.4 128.5 125.3 120.6 112.3 102.6 98.4 97.2 97 96.2 96 95.9 99.9 108.9 117.5 122.3 122.7 124.2 126 130 134.6 136.9 142.9 153.6 161.8 169.1 168.1 167.3 161.2 156 158.9 156.3 151 152.3 153
320.9 329.9 335.7 335.6 333.4 333.6 334 332.3 329.3 326.5 323.3 320.1 312.9 305.4 301.4 296.5 291.2 285.2 278.5 270.5 263.3 254.2 244.8 231.6 216.8 201.8 189 187.2 187.2 184.4 181.4 177.6 174.7 172.4 167.3 161 154.2 147.6 143.4 138.4 136.8 135.4 135 133 131.3 130.2 129.8 127.3 118.7 119.8 104.9 96.7 96.1 95.4 94.7 94.8 95.4 100.4 107.6 118.3 122.2 123.1 124.6 122.2 121.2 133.2 144 153.6 164.2 168.9 168.6 163 153.4 155.9 153.8 149.9 150.2 152.8
326.8 337.1 345 345.4 344.7 345.1 343.5 343.1 342.6 341.7 339.2 335.7 328.4 319 312.6 307.5 301.8 295.2 288.4 279 269.9 260 245.5 227.7 211.7 203.1 203.9 208.2 203.5 199 195.4 193.9 189.6 185.3 179.2 167.7 160.5 151.6 146.1 142.6 141.5 140.8 138.9 137.2 135.7 135.5 133.1 130.7 129.2 126.5 122.7 111.8 101.4 96.8 95.4 94.7 94.1 94.2 94 93.9 103.2 117.7 111.3 107.3 108.5 122.2 138 149.5 158.6 167.3 168.3 162 150.9 151.3 150.6 147.6 147.8 150.1
334.4 345.3 353.4 356.4 356.3 355.2 354.4 354.2 355.4 354.3 353.7 348.2 339.4 330.1 323.4 318.4 311.9 305 295.7 286.1 272.7 260 243.8 225.9 216.7 222.7 226.4 225.1 219.7 214.7 210.7 206.8 202.8 197.4 188.6 175 162.6 154.6 150.6 148.6 148 148.9 147.4 146.6 145.2 142.4 140.7 136.9 136.5 134.9 134.3 130.3 129.7 125.6 118.8 112 101.1 95.8 93.9 94.2 93.1 92.7 93.8 97.3 98.6 112 130.4 143.1 151.8 159 162.8 159.7 148.2 147.4 146.2 144.1 144.8 146.5
342 353.2 363 365.4 366.4 367.2 366.8 367.5 367.4 365.9 363 357.6 350.7 341.5 333.9 327.3 319.3 309.4 299.8 285.6 272.1 258.1 241 231.3 239.9 244.7 244.6 236.7 231.5 226.6 219.6 213.7 208.6 201.2 187.4 175 164.7 158.1 158.4 157.5 157.1 158.4 157.1 156.2 155.4 153.7 152.3 150.1 145.1 141.7 139.9 138.4 141.3 141.3 135 128.5 118.8 108.8 102.4 93.7 92.6 91.5 90.5 90.8 92.5 97.4 118.7 139.9 141.2 146.4 152.5 150 144.7 142.5 141.5 142.8 144.1 143.4
355.1 366.5 373.8 374.6 377.3 378.7 378.4 378 376.7 374.5 369.2 363.3 355.8 347.2 339 331.6 321.2 308.8 296.2 282.8 271.6 258.4 247.6 252.9 257.5 261 254.7 248.2 242.1 234 227 220.3 213.7 203.9 189.6 176.3 167.4 167.2 170 168 166.9 167.8 170.7 174.1 170.9 167.3 163.5 156.4 147.3 140.8 144.7 149.6 151.5 147.5 143.3 139.7 127.4 119.2 116.5 105.9 93.9 92.3 91.4 90.2 90.9 91.5 101.4 122.4 137.1 137.4 138.1 139.6 140.5 138.8 140.1 141.7 142.7 142.3
368.8 377.3 383.9 386.5 388.4 388.5 387.8 386.4 383.6 379.3 374.9 366.7 359.4 352.3 343.1 333.8 323.5 311.1 298.2 285 267.5 265.5 269.2 273.5 272.8 269.3 264.4 258.3 251.3 244 234.6 227.5 217 204.9 191.7 178.4 179.9 186.1 185.8 181.5 177.5 176.5 181.4 182.3 180.9 178.1 175.4 162 149.7 154.4 163.4 164.6 163.7 162.1 157 149.7 143.4 134.6 128.5 119.2 109.3 104.9 105.1 106.8 90.9 91.2 90.9 105.2 121.2 134 134.3 135.1 134 134.4 138.7 139.7 140.8 141.1
382.6 386.4 391.3 395.6 397.2 397.2 394.3 391.2 387.5 383.9 377.4 368.3 360.4 351.4 342.1 333.7 323 311.1 294.3 283.9 281.5 280.7 285.1 285.8 283.7 278.5 273 267.4 260.7 253.3 243.6 233 219 204.1 191.2 190.4 194.1 198.7 201 197.5 194.6 193.1 194.9 191.1 190.6 189.9 188.3 182.4 180.9 181.2 177.8 176.5 174.5 169.2 161.1 152.2 146 140.9 138.1 132.2 122.5 125.8 126.5 126.1 99.1 90.8 90.6 89.7 96.2 111 121.6 125.8 123.7 126.3 136 137.3 139.4 139.6
392.7 394.1 397.7 402.4 404.4 402.4 398.5 393.4 388.5 382.2 374.4 367.4 359.4 351.5 342.1 332.9 320.9 302.9 294.8 295.8 299 301.8 304.3 300.4 294.5 288.3 282.4 276.4 270.1 262.7 255.2 238.9 220.3 202.8 196.1 202.5 206.7 209.9 213.1 213.7 211.5 210.2 207.7 203.6 202.2 203.2 202 201 196.9 193.5 189.8 185.2 178.2 169.9 161.7 153.6 148.6 143.8 140.6 130 125.8 134.4 132.7 129.7 105.9 88.7 89.8 89.8 89.6 89.1 88.7 96.5 100.5 107.3 117 124.9 132.9 138.4
397.9 401.1 403.2 405 405 401.2 396.3 389.8 384.2 379.5 373.8 367.2 359.9 351.7 343.7 333.9 316.5 305.1 312.5 317.5 321.7 320.1 315.9 312.2 307.5 301.1 294.9 287.8 279.7 272.1 263.3 245.3 223 213.8 209.9 213 217.4 219.5 222.7 225.5 223.9 222.5 221.4 217.7 216 216.3 216.6 216.6 209.9 206.3 200 191.1 181.1 171 163.4 158.4 153.5 147.3 140.9 132.9 134.5 139.7 136.8 118 105.2 94 89.5 89.7 89.5 89.2 86.9 87.3 87.6 87.5 95.5 103.4 112 121.6
399.1 401.1 403.7 404.1 400.3 395.8 390.6 386.9 382.8 378 372.9 367 360.3 352.9 343.1 328.5 319.1 326 329 333 332.7 330.9 326.9 322.8 318.1 312.5 305.4 297.4 289.5 279.6 267.6 242.8 232.7 228.8 224.6 225 228.4 229.4 232 234.9 235 233.4 232.5 230.4 228.5 230.5 231.1 228.5 224.7 219.4 211.5 201.3 189.6 176.5 169 161.1 154.5 150.7 144.8 143.1 141.5 140.7 124.5 115.1 116.3 114 111.1 97.3 89.9 88.5 87.2 86.4 86.3 86.7 86.2 85.9 90.7 94.9
396.7 397.2 397.3 395.8 393.8 391 388.8 386 381.4 376.2 371.7 366.8 360.2 349.6 341.7 342.8 340.4 339.5 342.6 344.9 342.7 339.4 336 332.7 328.1 321.8 314.2 305.9 296.9 282.9 263.4 251.9 251.6 245.5 239.3 239.6 241.1 244.2 247.9 249.5 246 244.3 243.1 242.2 243.4 244 242.1 239.9 236.6 225.8 214.4 203.5 194.5 182.1 170.8 162.6 157.8 152.1 149.6 148 143.8 133.9 125.5 130.2 133.3 129.7 126.2 122.8 110.3 96.1 86.7 86.3 86.1 85.8 85.7 85.2 84.9 84.5
391.4 392.8 393.4 392 390 388.5 386.7 384.5 379.5 375.4 371.8 367.4 360.9 356.1 355.1 353.3 348.8 350 352.6 351.7 349 347.5 343.9 339 333.9 327.1 320 312 297.2 280.3 271.4 265.6 265.7 256.9 254.1 254.6 255.5 261.6 261.7 259.5 259.8 255.9 253.5 252.5 251.1 251.5 249.1 242.3 234 224 214.7 206.4 197.1 189 179.3 170.7 160.5 159 156.5 153.3 146.5 141.7 144.6 139.9 136.1 132.5 129.3 126.7 122.8 116.3 104.8 96.5 89 85.8 85.5 84.9 85.2 88.5
387.4 389 389.4 388.8 387.4 385.9 384.3 382.5 377.9 375.1 372.1 368.4 364.7 362.2 361.3 358.8 356.9 358 357.3 355.5 354.5 352.8 349.5 343.2 337 330 322.9 313.4 299.3 289.1 285.6 279.1 279.4 273.6 272.1 271.2 272.5 270.7 267.8 267.5 270.5 269.1 265.5 261 258 254.6 247.6 240.6 234 224.9 215.5 208.4 201.7 194.5 188.8 179.8 172.2 169.5 165 161 155.1 152.4 150.3 143.9 140 135.5 133.7 132.1 129.6 126.4 120.4 117.7 113.4 105.9 96.4 93.4 98 95.4
383.2 385.2 385.8 386.6 385.2 383.5 381.9 380.2 377.6 374.5 371.9 369.6 367.6 366.3 365.3 362.6 363.8 361.4 360 358.7 357.4 354.7 349.7 344.1 338.4 332.5 323.3 312.3 301.9 304.2 292.3 293.6 293.6 292.1 289.8 288.5 285.2 278.2 277.8 276.7 277.7 273 269.5 265.6 261.6 254.3 246.8 239.3 232.2 225.8 217 211.8 206.2 198.8 189.8 180.4 177.5 169.9 166.1 165.6 161.6 158 155.5 151.4 146.1 142.9 140.5 138.8 137.1 134.6 127.1 123.2 120.3 116.5 108 106 103.6 103.2
378.7 380.1 381.8 383.4 382.8 381.1 379.4 377.1 374.7 373.6 372 370.4 368.6 367.8 367.1 366.4 365.8 363.3 362.1 361 358.9 355 350 344.4 338.7 331.1 322.3 310.6 316.3 312.2 305.7 301.9 303 301.6 302.1 299 293.6 289.5 287.6 285.6 280.9 272.9 267.6 264 260.8 253.4 245.7 237.3 229.1 223.1 216.8 209.2 202.3 198.2 191.1 184 178.7 174.1 169.8 166.9 165.6 162.6 159.1 155.5 151.8 149.8 147.2 145.5 143.8 142.1 137.8 132.9 127.4 122.4 116.4 113.9 113.4 115.6
363.5 371.7 376.1 379.3 379.8 378.5 376.7 373.6 372 372.5 371.9 370.5 369.1 368.2 367.5 366.7 365.2 363.4 363.1 363 359.4 355.1 350.4 344.4 337.8 329.1 320.8 322.8 320.2 316.5 312.7 311 310.6 314.9 309.5 305.7 301.6 298.3 293.4 289.6 278.9 269.3 266.1 262.9 259.3 251.5 242.9 233.8 225 217.2 210 204.4 205.2 203 198.3 191.9 183.8 176.8 171.3 168.2 166.9 165.1 162.3 160.6 159 156.4 154.1 152.7 151 146.9 142.6 138 134.4 130 124.7 119.7 124 127.7
341.7 355.4 365 368.5 371.3 372.7 371.9 370.6 370.7 371.2 370.8 370.3 369 368.2 367.3 366.3 364.6 362.8 363.9 360.5 359.4 356 350.1 343.5 336.7 328.3 330.9 328.5 325.2 319.9 318.2 316.4 322.4 320.2 313.7 309.9 306.6 300.9 295.3 289.2 282.2 274.9 269.8 265.3 258.7 249.3 239.6 230.1 225.4 229.6 225.8 218.4 211.5 209 204.7 195.5 186.8 182.4 175.7 173.3 173 171.5 168.9 165.3 165.2 165.2 163.2 160.2 154.8 150.3 144.6 141.3 138.3 134.9 130.9 127.6 133.8 134.2
320.2 336.8 348.1 354.1 360 363.2 365.2 368.9 369.4 370 369.7 369.2 368.6 367.5 366.3 365.1 363.6 362.1 361.7 361.6 353.2 350.1 349.5 341.5 337 338.3 335.9 332.3 328.9 324.9 324.1 325.6 327.6 321.7 318.1 314.3 309.2 303.2 296.8 290.2 285.4 278.9 272.4 264.8 257.2 247.7 236.2 234.7 238.8 239 235.3 228.1 220.7 215.4 210.6 204.1 200.8 197 190.6 185.4 182.7 180.5 176.1 177.2 178.1 176.3 170.9 164.2 158.1 151.9 146.7 144 141.2 140.2 135.3 141.2 143.3 140.4
301.6 316.6 328.8 340.9 348.5 355.4 361.5 365.4 366.8 368.4 368.6 368 367.3 366.2 365.1 363.8 362.4 361.2 358.9 357.2 354.8 351.1 345.7 341.2 343.1 341.3 337.9 334.5 331 329.4 329.9 332.2 328.9 323.9 321.5 316.9 310.6 304.5 297.2 290.6 284.7 276.3 270.3 260.6 254.1 246.8 241.9 249.5 252.6 247.1 242.6 237.3 229.7 222.9 218.7 214.2 209.1 204.4 200.1 197.4 194.9 192.4 191 190.9 185.6 179.6 173.8 166.3 161.2 154.2 149.9 147.2 144.6 146.1 148.9 151.9 152.1 150
283.1 297.7 310.3 324.1 336.3 350.2 358.3 362.9 365.2 366.8 367.2 366.8 366.1 365.1 363.9 362.6 361.5 360.1 357.2 354.9 352.6 349.6 345.4 344.8 344.2 342.3 339.9 336.5 332.3 330.1 333.4 333.4 329.1 325.1 322.9 317.5 309.6 304 296.8 287.7 283.2 274.5 266.1 258.1 255.7 256 260.4 265.1 265.7 260.5 255.1 251.4 244.2 237.6 232.2 224.5 219.3 213.5 210.8 209.4 207.5 204 202.3 196.3 186.7 179.2 173.6 168.1 162.3 155 153.1 150.8 149.1 150.7 154.3 157.1 156 153.7
268.6 279.8 292.7 310.7 333.9 352.1 357 360.3 363.5 364.8 365.7 365.8 365.5 364.2 362.8 361.7 360.7 359 355.3 352.6 350.4 348.2 345.7 344.8 342.7 340.8 340.1 338.3 334.3 335.2 335.6 332.1 326.9 323 320.9 315.9 309.6 303.7 294.9 285.5 277.8 270.1 265.9 264.4 266.5 271.9 276.2 278.1 274.6 271.6 270.2 265.3 259 252.7 248.4 241.5 234.5 226.7 219.9 217.8 218.3 211.1 204.4 198.2 189.9 178.8 173 167.5 162 157.5 155.7 153.1 153 154.1 159.2 160.2 160.2 158.2
