webserver/python/data/SJ34.asc
ncols 200
nrows 200
xllcorner 330000
yllcorner 340000
cellsize 50
[rows 152 to 189 of 200, columns 0 to 84 of 200]
89.8 78.3 76.9 92.5 97.1 101 107.2 113.4 116.7 118.4 120.1 120.7 122.4 125.2 127.4 129.2 130.3 129.6 128.6 127.4 127.7 128.1 129 129.1 129.7 129.3 129.2 127.7 126.5 124.8 122.4 120.5 118.7 116.9 115.6 114.7 114.7 114.2 114.1 114 115.4 116.9 118.9 120.3 120.8 120.9 117.9 112.6 107.7 105.6 104.2 101.7 99.1 99.5 98.5 97.3 97 95.7 94.5 94 94.9 96.4 97.3 97.4 96.4 95.5 94.4 93.2 92.7 91.8 92.5 91.9 91 86.3 79.5 83.1 90.5 92.9 95.8 95.9 95.9 94.3 92 90 91.1
94.8 83 75.1 84.9 95.1 101.1 106.1 112.1 116.4 118.1 119 119.2 119.5 122.3 124.4 126.5 127.8 127.8 126.6 126.6 126.5 127.2 128.1 129.1 129.1 129.3 128.7 127.6 126.4 125 123 121.2 119.3 117.4 115.4 114.2 114.1 113.5 114.3 114.2 115.5 116.5 118.7 120 120.9 119.8 115.6 110.8 107.7 105.7 103 101.1 99.4 97.8 96.7 96.5 96 95.8 95.9 94.2 96.4 98.5 99.2 98.2 96.9 95.5 94.1 94.8 94.2 93.3 93.8 93.4 92.5 89.9 80.1 79 90.5 90.6 95 96 96 95 92.9 92.3 91.2
97.4 85.6 75.9 75.5 89.1 97.6 105.1 112.1 116.3 117.3 117.5 117.4 118 120.3 122.6 124.5 126.1 125.9 124.5 125.1 125.6 126.3 127.2 128.2 128.7 128.7 128.7 127.4 126.3 125 123.5 121.5 119.5 117.4 115.2 114.6 113 112.1 112.6 114 115.7 116.4 117.7 119.5 120.3 118.1 114 109.7 107 103.8 102 100.2 97.8 96.1 96 95.7 95.3 94.2 94.3 95.9 98.2 100.1 99.8 98.7 97.4 96.4 95 95.8 95.9 95 94.8 94.4 93.6 91.5 84.3 74.8 81.6 90.3 94.6 95.7 95.6 94.5 94.7 94.2 93.1
99.4 93 84.1 75.3 76.6 90.3 102.4 111.4 115.8 116 116 115.5 115.6 118.8 120.6 122.4 123.8 123.9 124.6 125.9 125.9 125.4 126.3 126.7 127.1 127.6 127.7 127.7 126.4 125.5 123.9 121.7 119.5 117.4 115.7 114.7 113.3 111 110.8 112.1 113.9 115.7 116.9 118.6 118.4 116.6 113.1 109.3 104.5 102.8 100.8 99 96.5 94.6 94.5 94.9 94.8 94.1 95.2 97.2 99.4 100.7 99.8 99 97.9 96.8 96 95.7 95.8 95.6 95 94.9 94.8 93.4 89.3 79.1 74.1 89.5 94.6 95.7 95.3 95.9 95.9 95.2 94.3
100.8 97.3 90.6 83.9 74.3 75.4 92.5 110.1 113.8 113.4 115.3 115.9 114.4 117 118.9 120 121.2 121.7 122.8 125.6 125.8 125.9 125.8 125.9 125.6 126 127.3 127.3 126.8 125.7 123.9 121.7 119.5 117.7 116.1 114.8 113.6 111.4 109.3 110 111.9 114.7 116.4 117.4 116.9 115.5 112.2 108.6 104.8 100.9 99.3 97.5 95 94.1 94 94.4 94.1 95.3 96.7 98.6 100.5 99.9 99.9 99 98 97.1 96.4 96 95.8 95.9 94.7 94.2 93.7 92.2 91.3 84.5 74.8 80.2 94.1 95.9 93.6 94.2 95.3 95.9 94.9
100.7 98.1 94.6 88 82.4 75 83.7 100.9 106.7 103.1 104.3 107.4 114 115.9 117.7 119.4 119.5 119.6 121.9 124.8 125.8 125.9 125.9 125.9 124.2 125.5 127.2 127.4 126.8 125.5 123.7 121.8 120 118.2 116.6 115.3 113.8 112 110.3 109.2 110.4 112.8 114.7 116 115.9 113.5 110.3 107 104.7 101.5 99.7 96.8 94.3 94.1 94 94 96 97.7 99 100.4 100.8 100.6 99.2 99 98.2 97.5 96.5 96 95.6 94.1 94.2 92.8 91.7 91.1 91 87.8 77.5 74.1 89.2 93.2 90.6 91.2 93.6 95 95.9
101.8 100.2 97 91.9 85.9 77.5 74.1 85.3 87.4 97.2 98.5 101.8 108.2 114.8 116.3 117.5 118.6 119.1 121.2 123.4 124.1 125.1 125 124.8 124.4 125.2 126.7 127.3 126.9 125.7 124 122.3 120.5 118.7 117.1 115.7 113.9 111.8 110.7 109.7 109.1 111.1 113.7 115.7 115.9 111.6 108.5 106.3 105.4 102.9 100.4 97.6 95 94 94 95.7 97.7 100.1 100.8 100.8 100.5 100.6 99.9 99.4 98.7 97.8 96.8 96 95.6 94.2 93 92 90.5 89.5 84.6 84.1 77.9 72.1 85.1 94.9 89.2 84.5 91 93 95
103.1 100.8 98.3 94.3 88.3 81.1 73.5 84.4 102.7 108.6 110.8 112.3 113 113.8 115.3 117.1 118.8 119.6 121.4 124.1 125 124.5 125.6 125.2 123.9 124.8 126.3 126.8 126.5 126 124.1 122.5 120.9 119.2 117.6 115.9 114 111.7 109.9 107.7 107.1 110.7 113.4 115.8 115.4 111 108.3 106.6 105.4 101.8 99 96.2 95.3 94 95.1 98.4 99.9 100.6 101.1 100.9 100.5 100.8 99.3 99.5 99 98.1 97.1 96.1 95.5 94.3 92.9 91.6 90.5 91 91.1 88.4 81.1 71.1 77.6 90.5 85.4 78.6 87.7 90.6 92.3
104.3 101.7 99.7 97.6 92.3 81.2 73.7 85.4 103.7 113 116.7 118.3 118 116.4 116 117.8 119.2 119.7 121.3 124.2 125.8 125.9 125.2 124.6 125 125.2 125.3 125.5 125.5 125.7 124.8 123.3 121.6 119.6 117.6 116 113.2 111.1 108.9 105.5 105.8 109.5 112.4 114.2 112.3 109.7 108.7 106.8 104.7 101.6 97.9 94.6 94 94.1 96.9 100.3 100.9 101.4 101.8 101.9 100.9 100.6 100.6 100.8 99.7 98.5 97.3 96.1 95.9 95.8 94.3 92.5 90.6 91.3 92 89.3 81.2 73.2 71.9 83.1 81 74.1 85.8 87.4 90.6
104.1 104.6 102.1 100.7 96.5 79 73.3 84 101.7 113.2 117.9 118.9 119.1 118.4 118.2 118.5 119.4 119.3 119.9 122.6 124.6 125 124.8 123.7 124 124.8 125.3 125.4 125.6 125.8 124.9 123.6 121.7 119.8 117.8 115.5 112.6 109.7 107 105.8 104.9 107.6 109.7 110.6 109.5 109.2 108.3 106.5 104.5 100.9 98.2 94.8 94 94.7 98.7 100.3 101.1 101.9 102.4 102.5 101.2 100.4 100.8 100 99.1 98.1 96.9 95.7 95.2 95.8 94.6 92.6 90.8 91.5 92.6 89.7 83.9 74.9 65 66.8 71.3 63.7 67.9 76.4 81
103.2 104.2 104.8 103.5 98.2 80.3 73 88.2 103.5 115.2 118 118.9 120.7 120.4 119.9 119.8 119.3 119.4 119.5 120.9 122.9 123.4 123.1 122.5 123.1 124.3 125 125.2 125.5 125.9 124.9 123.9 122.2 120.4 118.3 116.2 113.4 109.6 104.6 104 104.6 106.7 107.9 108.3 108.1 107.8 107.6 106.1 104.8 101.3 97.1 94.6 94 95.1 99.1 100.4 101.4 102.1 102.9 102.4 100.9 100.4 100 99.4 98.4 97.3 96.4 95.3 94.5 95.9 94.2 92.4 91.2 90.4 89.5 87.4 80.3 69.4 68.6 66.6 59.1 55.3 51.3 57.1 67.8
103.2 104.3 104.8 104.8 99.6 79.3 74.2 84.8 99.6 113.5 118.7 120.2 120.9 120.8 120.9 120 119.1 119.2 119.4 120.9 121.1 121.9 121.2 121.5 122.1 123.9 125.3 125.7 125.9 125.9 125.9 124.9 123.1 121.2 119.3 116.8 114 110.1 106.8 104.2 104.3 104.5 105.9 106.3 106.2 106.1 106.1 106.2 105.9 101.3 96.9 94.9 94.3 95 98.2 100.5 101.6 102.9 103 101.6 100.2 99.2 99.2 99.2 98.1 97.1 96.1 94.8 94.5 94.1 92.8 91.3 88.5 82 82.5 81.8 78.7 80.4 79.3 72.6 67.3 60.6 53.8 44.1 50.9
103.3 104.3 104.8 104.7 101.5 95.4 75.8 78.6 92.5 112 118.2 120.8 120.9 120.7 120.7 119.2 119 119.1 119.3 119 119.6 121.3 121 120.4 121.8 123.9 125.8 125.9 125.9 125.9 125.9 125.5 123.6 121.7 120.2 118.1 115.7 112.9 109.2 106.1 105 100.8 101 105.6 105.9 105.9 105.7 105.9 105.4 100.8 96.9 94.5 94.2 94.5 98.3 100.7 102 103 103.2 102 100.3 99 98.7 98.8 97.9 96.9 95.7 94.7 93.9 92.9 91.8 90 90.9 91.2 93.8 94.3 91.1 86.3 81.4 78.9 75 67.6 61.8 51.4 42
103.4 104.4 104.7 104.5 102.8 93.9 77.1 70.9 91.1 111.4 118 121.6 120.9 120.6 119.7 119 119.9 120 119.2 119 119 120.9 120.9 119 121.1 123.2 125.3 125.9 126 126 126 125.9 123.8 123.1 121.2 119.2 117.1 115.1 110.7 107.9 105.1 101.6 99 102.9 105.5 105.4 105.8 105.7 104.8 101 96.6 93.9 93.7 93.5 96.9 100.5 101.7 102.8 103.3 102.2 100.5 99.3 98.8 98.4 97.7 96.6 95.5 94.9 92.7 91.9 90.9 91 91.2 93.8 94.8 94.8 94.7 90.9 84.4 81.5 80 65.1 58.3 51.9 43.3
103.6 104.5 104.8 104.8 102.2 84.5 70.6 71.1 91.2 113.1 118.8 123.7 123.4 119.4 122.3 124.3 125.2 122.1 120 118.7 118.5 119 118.7 119.2 120.5 122.6 124.7 125.9 125.9 126 126 125.9 125.8 124.2 122 119.9 117.8 115.5 111.9 108.6 106 103.1 99.3 101.3 105.5 104.6 104.5 105.5 103.6 100.4 96.6 93.7 91.2 92.9 96.4 99.7 101.2 102.1 102.4 102 100.8 100.5 99.3 98.5 97.1 96.4 95.3 93.7 91.6 91 90.6 91.3 92 94.4 94.6 94.9 94.2 91.7 88.6 86 70.7 57.6 48.7 44 40.7
103.5 104.5 104.8 104.8 98.3 78.5 68.1 78.4 95.4 114.1 120.7 122.1 120.4 120.2 125 125.9 125.8 124.1 119.9 117.1 116 116.3 117.6 119.1 120.1 122.2 124.3 125.9 126 126 126 125.9 125.9 124.8 122.6 120.5 118.2 115.2 112 109.2 106.8 104.3 98.7 98.2 105.9 105.4 104.9 104.5 103.1 100.1 97 93.5 90.2 92.9 96.4 98.4 100.3 101.1 101.4 101.3 100.7 100.1 99.2 98.3 96.3 95.3 94.5 92.3 90.4 89.7 90.8 91.4 92.9 94.3 94.7 92.9 91 90.3 86.3 84.4 69.1 55.4 44.1 42 39.8
103 104.4 104.8 104.1 90.3 72.9 70.8 81.8 101.8 117.2 121.7 120.8 119 122.1 127 127.7 126.3 123.7 118.3 115.7 114.3 114.6 117.3 119.9 120.7 122.4 124.3 125.7 126 126 126 126 125.8 125.3 123.8 121.7 118.6 115.3 111.5 109.5 107.2 104.4 100.2 96 103.5 103.8 104.5 103.5 102.2 100.1 96.5 93.1 89.7 90.3 94.5 96.9 99 100.9 100.9 100.9 100.9 100.9 99.2 97.8 95.9 94.2 93.4 92.6 90.7 89 90.7 91.2 89.8 90.1 90.8 86.1 82.8 85.3 82.2 76.4 65.3 53.5 43.5 39.9 38.4
102.8 104.8 104.7 98.7 79.4 65.9 75.5 88.4 110.4 119.3 121.6 120.4 119 123.8 128.8 130 126.4 122 117.1 113.9 113.7 114.1 116.3 119.4 120.5 122 123.5 125.1 125.9 126 126 126.1 125.7 125 125.5 122.8 120 116 113.3 109.9 106.7 103.8 101.4 90.5 102.5 103.1 103.2 102.3 101 99.7 95.6 92.8 90.8 89.4 92.2 95.5 97.5 99.9 100.9 100.9 100.9 100.9 99.7 97.6 95.7 95.6 94 92.4 91.1 90.6 84.6 84.2 81 78.9 74.5 71.5 65.8 68.1 67.5 66.6 60.8 51.3 43.8 39.3 37
104 104.8 103.1 93.1 74.6 62 79.6 99.8 116.3 120.8 120.9 119 119 125 130.3 130.9 125.7 120.5 115.5 112.9 113.2 114.1 115.5 118.1 120.4 121.7 122.2 123.7 125.6 126 126.1 126.1 126 125.3 124.4 122.8 120.1 116.5 113.3 109.8 106.5 103.1 99.8 89.7 100.8 102.1 102.6 101.7 100.7 99 95.3 93.6 91.9 89.9 90.5 94.4 97 98.9 100.9 100.9 100.9 100.9 99.4 97.6 95.3 94.9 93.3 92 91 90.5 90.6 88.1 88.8 89 84.6 81.6 79.5 71 61.6 55.8 52.3 47.5 44.4 40.4 37.6
102.4 101.6 95.3 81.1 64.3 63.3 84.8 108.1 121.7 121.6 120.8 119.1 119 126.8 130.9 129.1 123.6 118.6 114.4 111.6 111.7 113.1 114.8 117.3 119.8 120.2 120.6 123 124.7 125.8 126 126.1 126 125.8 124.8 122.7 120.2 115.8 112.6 110.1 106.8 103.2 100 91.3 95 101.5 102.4 101.7 100.9 98.5 95.3 93.6 91.7 89.7 87 94.5 97 99 100.9 100.9 100.9 100.9 100.1 98.3 95.4 93.6 92.6 91.7 90.7 90.7 91.3 90.2 89.7 90.9 89 84.7 85.9 78.3 72.1 63.8 52.1 47.6 44.3 41.3 38.4
88.4 89.2 85.9 71.7 59 74.7 94.9 116.5 122.8 121.3 119.3 117.3 120.1 128.3 130.9 127 121.4 116.1 112.1 110.3 110.3 112.4 115.3 117.2 118.2 119.4 119.6 122.5 124.4 125.6 126.9 127.1 126.9 126.6 125.5 123.3 120.5 116.7 112.8 110.1 107.2 104 103 98.5 89.2 100.4 102.2 101.7 101 98.2 95.3 93.5 91.7 89.8 83.8 91.9 96 98.5 100.9 100.9 100.8 100.9 100.9 98.2 95 93.6 92.6 91.5 90.8 90.8 94.2 93.4 93.2 93.3 91.2 90.9 88.2 80.4 73 62 50.4 45.2 43.1 40.8 38.2
83.5 74.1 69.8 58.5 64 83.2 103.1 121.8 122.2 120.3 116.5 115.9 120.9 130.2 129.8 124 118.1 114 110.4 108.9 109 111.3 115.3 116.5 117.6 118.9 120 122.5 124.5 126.2 128 128.4 128.3 127.8 126.3 124.1 121.2 116.8 112 108.9 106.1 103.8 103.6 98.1 84.1 99.7 101.7 101.2 100.6 98.5 95.4 93.7 92.1 90.3 82.2 88 95.5 98.7 100.8 100.8 100.8 100 99.8 97.8 94.7 93.6 92.6 91.4 90.1 93.1 95.6 95.6 94.2 92.4 87.6 85.3 80.9 75.1 68 57.2 44.7 42.1 41.7 40.2 37.8
67.3 57.5 54.1 62 80.1 95.4 114.1 121 120.9 117.3 114.1 115.8 121.1 128 126.5 120.8 115.6 112.4 109.3 108.5 109.3 111.8 115.3 115.9 117.2 118.6 119.7 122 124.4 126.2 128.3 129.5 129.4 128.9 127.1 124.2 121 115.9 111.2 107.6 104.7 103.4 103.3 97.1 83.7 94.9 101.4 100.4 99.7 98.5 95.8 93.8 92.1 90.2 81.8 82.9 94.4 98.8 100.5 100 100.2 99 98.4 97.1 94.6 94.2 92.9 91.3 88.6 92.8 91.2 92.9 90.9 89 85.2 82.5 76.7 70.2 63.5 54 42.8 40.7 41.3 38.7 36.2
63.1 61.1 75 86.4 94 107.5 116.9 120.9 120.9 113.8 113.5 115.9 120.2 125.8 124.1 118.9 114.4 110.2 106.3 106.4 108.3 111.7 115.4 115.8 117 118.1 119.2 121.1 123.4 125.7 128 129.9 130.6 130.2 126.8 123.6 120.5 114.9 111 106.3 103.5 103.4 103.2 94.3 83.5 98.6 101.3 100.8 99.6 97.9 95.5 94 92.3 89.1 80.1 79.6 93 97.6 98.3 98.5 98.3 97.6 96.8 96.2 95.4 93.1 92.4 90.3 84.3 88 89.1 90.8 89.9 88.3 85.4 83.6 76.9 68.5 62.1 52.3 41.9 40.5 41.2 38.7 36.6
66.2 52.6 68.1 84.3 102.2 109.6 116.6 121 118 107.9 111 116 119 123.1 121.6 116.4 111.5 107.8 104.5 105.8 109.3 113.1 115.7 115.8 116.6 117.7 118.8 120.3 123.5 125.8 128 129.8 130.9 130.7 126.9 123.4 119.5 114 110.5 106.4 103.2 101.3 100.5 90 80.6 97.5 102 100.9 99.8 97.4 94.6 93.7 92.5 88.2 79.6 78.7 85 93.3 95.5 96.5 97.1 96.1 94 93.6 92.4 91 89.6 87.3 80.8 85.1 90.7 90.8 90.2 88.4 86.5 82.3 74.8 68 61 49.4 41.7 41 41.2 38.9 36.4
75.1 53.2 61.7 74.3 84.9 97.8 111.2 116.5 112.8 104.8 109 114.8 118.5 121 119.1 113.8 108.7 105.5 104.6 106.9 110.3 113.7 115.8 116.3 117 117.6 118.5 120.1 123 126.3 128.5 130 130.8 129.9 126.4 122.6 118.1 113.6 109.9 106.3 103.2 100.5 98.4 91.3 76.5 89.6 100.6 100.2 99.7 97 94.6 93.3 92.3 86.1 78.1 76.3 88 96.6 95.6 96 96.3 94 92 86.9 84.6 80.5 81.2 85.1 78.6 81.8 89 90.9 88.1 86.7 83.7 78.5 71.4 65.6 59.4 51.6 41.8 40.6 41.3 38.9 36.1
72.3 66.2 51.5 58.6 70.8 77.9 90.1 107.9 105.8 102.8 107 113.2 117.5 119 116.8 110.8 107.1 104 105.1 107.6 110 113 115.2 116.1 117.6 117.8 118.2 119.7 122.5 125.9 128.7 130.5 130.9 127.9 125 121.2 116.7 112.3 108.4 104.8 103.6 102.6 100.7 94.9 75.8 81.9 97 99.1 99.2 96.9 94.6 93.2 91.5 84.1 75.7 73.3 87.9 96.1 95.8 95 94.6 90.5 85.8 79.4 72.1 70.9 72.4 74.4 71.9 77.1 83.2 87.7 85.9 83.9 81 73.3 68.2 63.2 56.5 47.9 42.1 40.8 41.3 40.5 35
45.3 46.7 48.9 44.3 57.2 63 70.3 85.1 94.9 99 103.9 109.3 114.5 115.2 114.8 109.4 106.2 99.4 105.4 107.4 109.4 111.8 113.7 115.4 116 117.2 118 119.3 122 125.1 128.2 129.8 129.3 126.5 123.6 119.2 114.5 110.3 106.5 104 102.7 101.6 99.6 94.4 80.5 69.7 92.7 97.9 98.7 96.2 94.2 92.7 89.4 81.4 72.4 74.4 87.6 93.9 91.6 89.4 85.3 84.1 74.7 66.3 62.6 60.9 62.1 65.6 61.7 70.6 77.2 80.6 81.7 78.7 74.4 69.5 64.6 59.9 54.9 48.6 43.3 41.9 41 40.2 34
47.2 43.6 43.1 40 41.3 49.7 51.6 61.6 76.6 85.3 100.1 103.2 109.8 110.6 110.1 109.3 108.4 93.7 105.1 107.4 108.4 110.3 112.2 113.8 115.4 116 116.9 118.4 121.5 124.8 127.5 127.8 127.3 125.3 121.9 117.1 112.4 108.4 105.9 103.2 101.8 100.6 99.6 94.2 86.2 70.5 77 87.3 97.6 96.6 95 92.9 85.6 76 69.8 74.6 88 90.3 85.5 81.2 76.2 70.8 63.9 56.7 52.8 51.9 50.3 51.6 54.1 63.8 71.9 74.4 75.4 72.7 69.8 64.4 60.4 55.2 52.5 50.5 44.7 42.6 41 39.7 33.6
64.9 61.8 57.8 48.6 40.3 40.4 40.4 43.1 50.3 72.4 92.4 92.8 103.5 98.6 100.8 107.8 107.4 91.7 101.3 107 108.4 108.7 110.4 111.5 113.1 114.4 115.3 118.1 121.2 125.1 126.7 126.8 125.8 123.3 119.7 116 111.2 107.5 105.6 102.8 100.9 99.5 96.9 95.7 87.3 76.1 67.1 80.5 96.4 96.8 94.2 90.1 83.4 73.4 66.8 73.1 82 81.7 77.9 72.5 67.7 61.4 53.6 48.2 45.3 45.5 44 42.5 47.4 59.1 67.8 71.7 70.9 68.9 65.7 60.8 55.9 52.9 51.7 50.7 47.8 42.8 40.5 35.2 33.5
83.3 79.5 73.5 70.2 56.1 54.6 47.6 38.1 38.6 54.6 70.6 82.2 88.3 90.4 94.3 104 101.3 87.9 96.2 105.1 108 108.1 107.7 109.3 110.8 112.6 114.7 117.6 120.7 124.7 126.1 126 125 121.2 117.7 114 109.5 106.8 104.9 102.4 99.2 96.4 96.2 96 88.5 74.5 61.2 70.6 89.4 96.4 92.5 84.7 76.7 71.8 60.9 71.3 74.3 70.8 66.9 63.4 56.5 49.6 46.2 43.5 40.7 39.3 38.1 37 38.8 51.9 65.9 69.5 65.8 64.2 61.8 56.7 53.3 52.2 51.4 51.1 50.7 42.1 36.4 33.7 33.3
89.1 83.1 79.4 78.1 81.5 65.2 56.7 55 45.1 38.5 53.3 69.5 76.2 81.9 88.6 99 97.9 84.8 89.8 96.8 101.9 102.5 105.2 107.9 110.1 112.2 114.3 117.2 120.5 123.7 125.7 125.9 123.2 119.9 116.2 112.5 109.1 106.7 104 101.2 96.8 93.3 89.8 85.4 77.9 71.8 63.1 61 76.4 93.7 90.7 80.1 73.3 65.7 57.6 66.2 66.2 63.6 59.7 54.2 46.1 42.2 41.3 39.6 37.7 35.6 34 33.5 33 38.9 52.9 60.9 60.2 58.2 56.3 53.5 51.6 51.2 48.4 46.4 42.8 34 33.5 33.4 33.1
91.1 86.9 83.6 83.6 84.6 75.7 72.8 62.3 51 45.1 38.2 56.1 65.7 72.5 82.7 92 93.8 82.9 80.9 86.8 90.3 100.3 105.7 107.1 109.3 111.4 113.6 116.8 120.1 122.6 124.2 124.9 121.9 118.8 115.8 112.3 109.1 106.9 104.3 101.8 99.8 96.8 96.2 95.9 89.6 82.7 69.4 56.7 66.9 86.6 85.8 75.6 67.6 60.6 52.2 63.4 59.9 56.1 50.2 43.4 41.5 40.4 38.8 37.2 36.1 35.2 34 33.3 33 33.1 33.4 42.4 49.9 44.7 44.5 41.6 40.6 42.2 38.7 36.5 33.9 33.2 33.3 33.4 34
93.1 90.1 86.8 84.5 85.9 82.3 75 61.9 53.9 48.4 38.4 48 63.7 72.6 78.4 91.3 93.1 81.6 69.3 78.3 93.4 99.9 104.1 106.3 108.4 110.4 113 116.3 119.5 121.7 122.9 123.1 120.9 118.6 115.6 112.1 109.2 106.9 104.3 101.7 100 99.5 98.9 97.3 92 79.4 66.6 57.7 59.3 81.5 84.3 72.3 62.5 56.5 47.2 59.9 55.5 50.2 44.8 41.1 39.7 37.9 36.7 36.2 35.4 35.7 34 33.3 33 33.1 33.1 33.1 34.7 34.7 33.9 33.7 33.4 34.3 33.4 33.1 33 33 33.1 33 39.2
95.8 92.2 88.9 86 83.1 79.5 74.1 63.5 55.5 49.6 39.9 41.2 59.6 69.5 76.5 88.2 92.1 80.4 67.1 70.8 82.9 93.4 102 105.5 107.3 109.1 111.9 115.1 118.6 121.3 122.2 122.1 121 118.6 115.9 111.2 108.8 106.8 103.9 101.4 99.8 98.8 98.3 96.1 83.6 72.7 63.8 54.3 57.5 81.7 81.2 70.3 60.5 53.3 44 56 52.6 44.2 41.4 39 38.2 36.2 35.4 34.9 35 33.9 33.6 33 33.1 33.2 34 33.9 33.4 33 33.2 33 33 33 33 33 33 33 33.1 34 44.6
100.4 95.6 91.9 88.5 82.5 78.4 71.6 63.4 58 57.9 53 38.3 43.8 59.3 67 77.3 82.1 77.4 65.1 62.4 75.7 92.3 99 103.2 105.6 107.9 110.4 113.7 117.2 120.9 121.5 121.5 121.1 119 115.1 111.7 107.9 106.1 103.5 101.5 98.2 94.5 96.3 93.7 82.8 69.6 59.1 49.2 58.3 83.5 75.2 67.5 61.7 54.3 44.7 46.4 48 38.8 36.6 36.1 35.6 35.4 34.1 34.1 33.9 33.4 33 33 33 33.6 42.4 45.2 38.1 33.4 33.9 33.7 33.1 33.1 33.1 33.3 33.9 33.7 33.7 42.4 52
106.9 102.8 96.8 93 86.5 81.7 73.4 68.6 67.2 64.6 61.3 41.9 38.2 49 60.4 65.4 68.3 68 60.8 55.8 66.6 87.3 97 101.4 105.5 107.7 110.2 112.4 114.8 118.5 120.1 120.4 119.7 118 114.7 110.8 105.5 102.1 99.1 95.9 92.5 85.8 86.7 84.5 78.2 69.6 62.4 48.2 49.2 61.7 62.7 56.3 54.1 48.9 43.1 34.7 34.1 34.1 34.3 34.1 34 34 33.9 33.5 33.2 33 33.2 33 33.4 45.5 53.5 52.8 49.4 46.8 43 39.9 37.6 37 34 36.1 40.5 40.3 39.7 53.3 60.6
111.4 110.3 107.9 101.8 94.8 87.7 80.5 76.3 71.5 67.5 62.9 54.8 38.5 38.9 47.3 52.4 56.6 57.5 58 53 62.2 82.7 94.2 99.6 103.8 106.6 106.7 109.5 112.1 115.6 118.7 119.3 119.3 117.5 113.4 107.8 102.3 95.7 92.2 89.5 87.1 80.4 75.7 76.7 74.5 68.6 61.6 48.1 44.3 44.9 42.8 39.3 36.5 33.1 33.3 33.2 34.1 35.3 35.6 36.3 35.6 35.4 35.6 34.9 34.8 33.9 34.4 35.1 43.6 51.1 54.2 54.3 53.8 52.3 50.5 47 45.5 42.7 36.2 41.7 42.7 40.4 44.6 59.9 66.1
