webserver/python/data/SJ50.asc
ncols 200
nrows 200
xllcorner 350000
yllcorner 300000
cellsize 50
[rows 0 to 37 of 200, columns 0 to 84 of 200]
86 87.1 87.9 86.4 83.8 83.2 83.1 83.4 82.9 82.7 82.5 81.7 80.4 78.4 76.2 73.6 72.1 71.7 71.8 71.3 69 67.7 69.6 68.7 69.8 70.6 70.3 69.7 69.8 70 69.8 69.8 69.6 69.3 69.4 69.1 68.7 68.1 66.6 68 68.9 69.1 68.8 68.6 67.1 63.6 58.8 56.3 55.2 56 56.2 56.4 55.5 55.5 56.1 56 55.7 53.6 50.1 48.6 48.6 48.5 48.6 48.7 47 44.7 42.8 45.6 45.5 45.4 45.2 46 47.3 47.5 47.7 48.6 49.7 50.9 52.8 53.4 53.3 52.2 51.5 51.5 51.6
94.2 94.6 94.4 90.7 86.6 84.6 84.6 84.7 83.6 82 80.4 79.6 77.6 74.7 72 69.7 68.8 68.7 68.6 68.8 68.4 67.3 68.6 68.3 69.9 70.4 70.4 70 69.8 69.9 69.5 70 69.9 69.1 69.3 69.7 69.3 68.6 67.9 66.2 64.6 67.1 68.7 68.6 68.5 66.5 60.8 56.8 56.2 55.5 55.8 56.1 54.8 54.3 53.4 54.2 54.5 54 52.2 48.9 48.5 48.5 48.5 48.6 47.8 45.5 43.9 45.5 45.5 45.6 45.3 44.9 44.9 46.6 47 47.8 48.9 49.5 50 50.9 50.9 51 50 50.3 50.6
90.5 95.2 96.8 94.1 90.9 87.5 86.1 85.8 83.5 81.5 79.5 76.7 74.8 72.2 70 70.6 69.4 67.5 67.5 67.9 68.2 67.2 67.3 67.7 69.8 70.4 70.6 70.2 69.8 69.7 69.2 70.1 70.2 69.2 68.8 69.5 69.6 69 68.5 67 61.7 62.5 66.9 67.9 67.4 67.7 63.2 58.3 56.7 55.8 55.2 55.4 54.9 53.5 52.8 52.1 51.7 52 51.6 49.1 48.8 48.4 48.4 48.6 48.4 47.2 44.6 45.6 45.9 45.6 45.3 45 44.6 44.7 44.5 46.8 47.6 48.1 48.2 48.7 48.8 48.6 48.4 49.2 48.9
58.5 84.6 93.7 91.6 88.4 87.7 86.3 85.3 81.6 80.6 79.4 75.5 72 71.4 72.8 72.4 71.5 68.7 67.7 68.1 68.4 67.5 67.5 67.6 69.6 70.4 70.7 70.5 70 69.6 69.7 69.8 70.3 69.5 69.1 69.4 69.5 69.3 68.2 68.2 66.9 64.1 63.6 61.5 62 62.7 62.4 58.8 57.9 56.4 55.8 55.7 55.5 54.4 52.9 52.3 51.8 51.4 51 49.6 49.1 48.8 48.4 48.2 48.1 47.9 44.9 46.1 46 45.7 45.4 45 44.7 45 45 44.3 46.1 47.4 47.5 48 47.8 47.5 47.2 47.1 47.2
40.2 49.3 89.1 89.4 87.5 86.6 85.7 83.8 81 79.2 76.8 72.7 73.2 75 74 73.4 72.1 69.5 68.7 68.8 68.5 67.7 67 68 69.7 70.2 70.3 69.9 69.7 69.8 69.8 69.3 70.2 69.8 69.3 68.8 69.9 69.5 67.6 65.3 67.8 66.1 61.9 56.6 54.9 57 57.1 56.2 56.5 56.3 55.3 55 55.7 55.3 54.6 54.1 53.7 53.4 53.1 52.2 50.1 49.6 48.6 48 47.9 47.6 47 45.8 46 45.7 45.4 45.1 44.8 45.3 45.6 45.2 44.6 45.3 47.7 47.5 47.7 47.7 47.5 47.3 47.6
43.2 60.7 90.6 87.8 86.2 85.6 84.6 81.9 79.8 75.9 73 76 76.9 76.5 75.4 74.3 73.3 71.7 70 69.4 68.9 67.7 66.6 68.3 69.5 69.6 69.5 68.9 69.8 69.9 68.7 68.5 69.4 69.9 69.5 69 69.3 69.4 67.5 65.5 65.1 67.4 63.7 58.9 58.7 58 54.1 51.8 52.2 52.2 52.9 52.9 55.4 56.3 56.7 56.9 56.4 56 55.7 54.6 52.7 50.5 48.8 47.9 47.6 47.1 46.9 45.9 45.9 45.8 45.5 45.2 45.1 45.5 45.7 45.5 45.3 45 46.2 46.2 47.4 47.7 47.4 47 47.5
58.4 68.6 80.4 88 85.8 84.8 81.8 78.8 75.7 75.2 77.5 78.9 78.6 78.6 77.5 76.1 74.8 73.1 71.4 70.9 70.1 68.4 66.7 67.2 66.6 66.6 68.2 69.8 69.7 69.1 68.8 69 69.2 69.6 69.5 69.2 68.8 68.7 68 67.8 64.2 66.2 66.8 64.9 63.5 61.4 55.6 47.7 49.7 51.9 52.6 52.2 55.8 58 58.6 59.3 59.5 59.1 58.2 57 55.4 53.3 50.4 48.5 48.3 48.1 47.5 47.1 45.9 45.5 45.4 45.3 45.3 45.7 45.7 45.5 45.3 44.9 44.4 44.3 44.2 46.9 47.5 47.3 47.3
74.7 75.2 80.6 80.7 83.9 82.1 79.4 75.3 74.5 77.4 79 80.4 80 79.7 78.9 77.4 76 74.4 73.1 71.9 71.2 69.4 68.1 68.3 68.1 66.9 64.9 69 69.5 69 69.2 69.3 69.3 69.3 69.2 68.9 68.7 68 67.2 67.5 66.3 64.6 65.2 66.6 66.1 65.3 62.5 57 50.1 51.9 50.2 48.3 52.2 54.1 54.3 57.7 62.6 62.8 60.3 59.1 57.4 56 53.2 51.3 49.2 48.8 48.4 47.8 45.9 45.7 45.4 45.5 45.4 45.8 45.8 45.6 45.4 45.1 44.6 44.6 44.6 44.7 47.9 47.7 47.2
74.5 78.6 83.5 82 86.7 78.6 75 74.3 77.7 79.4 81.2 81.8 80.5 80.2 79.2 78.5 77.1 76.2 75.6 74.5 72.5 71.3 70.1 70.9 69.9 68.6 64.8 66 67.6 68.9 68.8 69.1 69 68.9 68.9 68.6 68.2 68.4 68.1 67.1 66.6 65.2 61.6 64.4 66.2 64.7 62.1 62.8 59.5 55.1 49.2 47.1 47.7 47.7 48.8 52.9 57.7 62.6 62.6 61.1 59.9 58.9 56.3 55.1 52.2 50.8 50.3 49.2 47.4 46.9 45.9 45.9 45.8 45.8 45.8 45.7 45.5 45.3 44.9 44.8 44.9 45 44.9 47.3 47
74.2 83.3 86.2 84.6 90.3 78.1 72.6 75.5 79.2 80.7 83.4 83.3 81.6 80.4 80 79.7 79.3 78.7 78.1 76.9 75.4 73.7 72.4 72.4 70.5 68.8 67.5 64.3 64.7 64.8 67.2 68.5 68.7 68.7 68.6 68.3 67.7 68.6 68.1 66 64 65.2 60.6 56.2 64.5 64 62.2 62.7 63.5 62.7 57.1 49.4 47.7 47.4 47.4 47.4 51.6 55.1 60.7 62 61.6 60 58.7 57.5 55.4 53.8 52.3 50.2 47.9 47.5 46.9 45.6 46 45.5 42.6 42.6 43.5 44.4 45.1 45.2 44.8 45.1 44.9 46.4 46.8
73.8 80.4 85.1 89.3 85.7 76.3 76.1 80 81.4 81.7 83.5 83.6 82.8 81.7 81.5 81.7 81.8 81.2 80.6 79.1 77.5 76.3 75.1 73.7 71.1 70.2 69.1 67 65.2 64.4 62.3 65 67.1 68 68.3 67.7 66.9 68.3 68 66.8 63.5 62.8 57.1 52 53.9 63.4 63.5 62.5 61.4 60.5 63.2 63.5 61.9 56.1 53.1 50.6 49.4 50.2 55.4 59.6 61.3 61.6 60.4 58.8 57.1 55 53 50.9 48.3 47 46.7 46.4 46.1 45.8 43.9 42.6 42.3 42.4 43.7 44.5 44.8 45.1 44.8 46.8 47.1
73.3 73.3 87.9 93.2 83.9 74.8 78.3 82.7 83.3 80.8 80.6 83 83.5 83.2 83.5 83.6 83.6 83.1 82.6 81.2 76.6 77.3 75.9 73.9 72.3 71.1 69.9 68.3 68.1 66.9 65.7 62.2 60.9 63.9 68 66.4 66.4 67.8 67.7 67.6 67.6 64.1 53.6 52.4 51.6 52.8 65.1 62 57.5 53.9 55.3 63.7 65.7 59.9 57.9 60 56.2 51.8 52.5 56.6 60.3 61.4 61.1 59.7 58.2 55.4 53.4 51.4 48.7 46.7 46.5 46.2 46.1 46 45.9 45.8 45 44.1 45.2 44.9 44.7 45.5 46.8 46.9 47.3
77.8 88.4 96.3 88.4 78.1 76.5 83.1 83.6 81.2 80.5 80.5 81.5 83.9 84.4 84.8 84.6 84.3 83.8 83.5 81.1 77 78.4 77.1 74.1 72.8 71.6 70.3 69.3 69 68.6 67.8 66.8 65 60.9 64 65.9 64.1 67.5 67.3 67.3 67.4 64.9 57.7 59 57.6 54.5 52.9 61.7 59.5 53.1 51.9 57.7 64.5 60.5 57.8 58.3 60.7 55 50.5 54 59.5 61.1 61.3 60.7 59.4 56.4 53.8 51.8 49.2 46.9 46.3 46.2 46.1 46 45.8 45.5 44.6 46.6 45.5 45.1 41.9 44.7 46.5 47.5 47.6
87.7 96.5 90.4 83.4 75 78.2 82.5 82.9 81.4 82.7 84 85.3 85.4 85.5 85.6 85.7 84.7 83.9 83.1 80.6 77.6 78.4 76.9 74.5 73.3 72 71.1 70.2 69.9 68.9 68.1 67.2 64.8 63.2 59.8 60.2 58.8 58.6 61.1 65.3 67.5 63.2 61.8 61.6 65 63.3 55.2 48.5 48.4 50.2 52.9 58.3 64.5 64 59.3 56.6 59.1 59.3 48.9 48.8 54.8 59.3 61.1 60.6 60 57.5 55 53 49.8 47 46.3 46.2 46.2 46.1 45.7 45.4 45.5 45.5 46.7 47.4 41.8 41.9 46.7 47.8 47.7
96.5 91.2 84.9 76.6 76.1 78.3 80.2 81.6 83.2 83.8 85.3 85.3 85.6 85.8 85.9 85.7 84.8 84.2 83.6 83.2 77.2 77.7 76.8 75 73.7 72.4 71.6 71 70 69 68.1 67.5 67 67 66.4 63.4 58.7 59.6 56.7 56.6 66.2 63.5 61.2 57.7 56.5 66.5 63.5 58.5 55.1 54.4 54.6 50 52 58.3 65.1 64.9 63.4 65.5 58.5 50.5 50.1 54.7 58.8 60.1 59.9 58.3 56 53.4 50.3 47.1 46.4 45.7 46.3 46.1 45.6 45.5 45.4 45.6 44.7 45.8 42.4 41.9 47.3 46.7 47.2
89.2 84.6 77.2 74.5 76.7 78.1 79.7 80.5 82.6 84.2 85.2 85.5 85.9 86.2 86.4 85.7 85.3 84.8 83.6 82.5 78.2 76.3 75.2 74.6 73.9 72.7 72.1 71.3 70.5 69.7 69.1 68.5 68 67.4 65.5 62.7 63.1 64.5 62 56.5 55 61.1 59.1 53 54.8 59.2 65.9 64.1 64 62.9 60.8 56.6 51.1 47.5 51.4 63.8 67 68.4 64.2 57 48.9 50 53 57.4 58.3 57.5 55.5 53.2 49.3 47.2 46.2 46.5 45.3 45.9 45.5 45.4 45.4 45.4 45.5 45.6 42.3 41.9 45.9 46.6 46.6
80.7 76.1 74.3 75.2 77.1 78.5 80.1 81.4 82.6 84.1 85.4 85.8 86.2 86.6 86.7 86.2 85.7 84.9 83.7 80.8 77.1 75.2 74.5 74 73.4 73.2 72.8 72 71.1 70.3 69.7 67.1 65.9 64 63.6 65.2 65.8 67.5 66 62.8 55.9 54.7 56 53.2 52.9 52.8 52.2 59.2 64.6 65.8 64.8 63 56 47.9 47.6 48.9 53.7 61.7 64.4 59.5 53.1 47.7 46.5 50.6 55.4 56 55 52.5 48.6 47.1 46.2 46.5 46.5 45.4 45.4 45.3 45.2 45.3 45.5 43.2 41.9 47.7 47.1 46.5 46.5
75 73.7 74.1 76.3 77.6 79.3 81.2 82.7 83.4 84.4 85.4 86.1 86.5 86.7 86.7 86.3 85.8 84.8 83.2 82.8 78.1 75.5 74.4 73.8 74 73.6 73.4 73 72 70.8 69.4 67.5 65.8 67 68.3 68.3 68.2 67.8 67.4 65.4 61.8 55.3 53.1 53 52.4 51.8 51.2 50.6 59.3 65.8 65.8 64.6 59.3 54.4 52.6 47.6 47.4 48.9 52.9 54 54.2 50.5 46.4 45.9 51.9 53.4 53.1 50.5 48.1 46.9 46.6 46.4 46.6 46.4 45.5 45.2 45.1 45.3 45.5 41.8 47.7 47.8 47.9 47.4 47.2
73.7 74.2 75.7 77.5 78.4 79.7 82.8 83.8 84.2 84.9 85.6 86.4 86.6 86.5 86.5 86.5 86 84.7 83.9 84.2 81.1 75.8 74.2 74.4 74.5 74 73.8 74.1 72.6 71 68.9 66.3 67.9 70.4 71.4 71.6 71 69.5 68.8 67.6 66.4 66.6 64.5 57.3 52.8 53.3 51.2 50.4 50.4 57.2 61.6 63.9 64.1 59.4 58.4 50.8 47.4 47.4 47.7 47.8 48.1 52.5 49.4 46.1 48.9 51.4 49.6 47.6 47.3 46.9 46.4 46.5 46.7 46.3 45.8 45.4 45.2 45.4 41.8 45 47.3 47.7 47.7 47.6 47.7
72.9 74.5 75.9 77.2 78.4 80.2 83.3 84.3 84.9 85.6 86.3 86.7 86.5 86.4 86.4 86.7 86.3 85.7 85 85.3 84.1 77.5 74.8 75.3 74.8 74.2 74.3 75.2 73.9 72.2 69.2 66.5 70 75.1 76.7 76.5 73.3 71.9 70.4 69.5 69 68.9 67.7 61.7 56.9 56.2 55.4 51.1 51.5 50.6 54.1 56.6 59.6 59.2 56.2 52.4 48.4 47.8 47.6 48.2 47.7 48.2 47.9 46.9 47.4 45.7 45.3 46.6 46.2 46.4 46.4 46.5 46.7 46.4 46.1 45 45.7 45.6 41.8 44.9 45.9 47.5 47.5 47.4 47.3
73.2 74.3 76 77.3 78.8 80.6 83 85.1 85.8 86.3 86.6 86.9 86.8 86.5 86.3 86.6 86.6 86.5 85.9 84.5 82.8 80.8 76.9 76.2 75.5 74.7 75.5 77.1 75.3 72.9 70.5 67.7 67.4 75.9 81.1 82.1 76.4 74.1 72.5 70.9 70.5 70.1 67.1 64.2 62.6 55.6 58.8 54.5 55.5 54.5 50.4 49.5 50.8 54.3 51.9 50.3 48.4 48.1 48.2 49.9 52.7 49.6 47.2 46.6 46.6 46.7 45.8 46.4 46.6 46.5 46.4 46.6 46.5 46.2 46.2 44.8 45.2 44.7 42.7 45.6 45.7 45.6 46.7 47.5 47.7
73.2 73.7 76.4 78.9 80.1 80.7 84.2 85.1 86.2 86.5 86.8 87.1 87.1 86.8 86.4 86.6 86.6 86.6 86.7 86.7 86.4 83.1 79.2 77.6 76.9 76.1 78.3 79.8 77.4 74.5 71.9 69.3 67.8 72.3 78.9 81.7 76.8 72 72.1 72.3 73.2 70.7 69.3 68.7 63.7 61.5 58 58.1 57.4 56.4 54.2 53.3 51.6 49.5 48.7 48.6 48.5 51.2 54.5 55 57.8 50.8 46.4 46.2 46.2 46.3 46.3 46.5 46.7 46.6 46.6 46.6 46.5 46.4 46.3 46.5 44.8 41.8 45 45.5 45.5 45.4 45.3 46.4 47.4
73.1 73.5 76 79.8 83.4 84.4 85.4 85.2 86.4 86.7 87 87.4 87.5 87.2 86.7 86.6 86.6 86.9 87.3 87.7 87.8 84.1 79 78.3 77.8 78.7 81.4 82.1 79.5 76.1 73.5 70.8 68.5 70.3 75.6 78 76 73.7 72.9 73.1 75.3 71.8 71.2 71.5 67.4 62.1 58.8 58.1 57.5 56.8 55.6 55.7 53.7 52.2 49.9 51.5 51.9 56.8 59.1 59.1 60.5 50 46.3 46.2 46.5 46.2 46.4 46.6 46.8 46.8 46.7 46.7 46.6 46.4 46.4 46.3 45.9 41.8 45.3 45.4 45.3 45.2 45.1 45.3 46.1
73 73.3 76.1 80.2 84.3 86.5 86.4 85.7 86.5 86.9 87.3 87.6 87.8 87.5 86.9 86.7 86.9 87.1 87.4 87.7 88.2 85.1 81.1 80.1 80.6 81 82.8 83.1 81.1 78.8 75.2 72.3 70 69.7 72.8 74.2 75 75.6 76.5 76.8 79 74.3 72.3 70 66.1 61.7 58.1 57.9 57.3 56.6 55.4 55.9 55.2 54.6 50.4 53.7 58.4 61.8 63.6 61.5 61.7 55.7 47.2 47.5 46.5 46.1 46.3 46.6 46.8 46.8 46.8 46.7 46.6 46.5 46.4 46.3 45.7 41.8 45.1 45.2 45.2 45.1 45.2 45.3 45.3
72.9 73.2 75.5 80 84.3 86.4 86.6 86.4 86.6 87.1 87.5 87.8 88.2 87.6 87.2 86.9 86.9 87.2 87.5 87.8 88 86.9 83.2 82.2 83.6 84.2 83.2 82 80.8 78.6 75 71.6 71.3 70.5 69.6 71.4 72.5 74.7 76.2 79.7 83.2 78 71 69.2 66.6 62.7 61.4 56.8 56.7 56.2 55.6 55.7 56.8 56.4 54 56.8 59.3 63.5 66.2 66 62.8 58.2 51.4 47.7 46.4 46.1 46.1 46.7 46.8 46.8 46.8 46.8 46.7 46.5 46.4 46.3 45.8 41.8 44.7 45 45.1 45.1 45.1 45.1 45.1
73.1 73.6 74.9 79.3 83.6 86.4 86.5 86.6 87 87.3 87.7 88 88.4 88 87.3 87 86.9 87.2 87.5 87.7 87.7 86.9 84.8 84.2 85.3 85.6 84.5 82 79.8 76.7 73.7 72 71.2 69.7 69.3 69.3 73.1 74.9 76.5 79.3 82.5 78 70.6 68.7 66.4 62.9 59.7 58.1 56.8 56.3 56 55.8 56.3 56 53.9 53.2 55.5 61.8 64.3 66.3 63.9 59.4 53.5 46.5 46.3 46.1 45.9 46.5 46.7 46.8 46.8 46.8 46.7 46.5 46.4 46.3 45.4 41.8 45 45 45 45 44.9 44.9 44.8
73.5 74 75.3 78.6 83.5 86.6 86.9 87.1 87.4 87.4 87.7 88.1 88.5 88.3 87.7 87.1 87 87.3 87.5 87.4 86.8 86 83.6 84.5 85.2 85.7 84.7 81.5 78.3 75.5 73.9 72.9 71 69.7 69.2 69.5 73.2 75.9 77.8 79.7 80.8 77.9 71.6 68.1 65.3 63.2 61.1 58 55.7 56.6 56.5 56.3 56.1 55.1 53.6 52.1 55.2 59.4 61.8 64.5 63.9 60.1 53.4 45.8 45.8 45.8 45.8 46.1 46.5 46.5 46.5 46.6 46.6 46.6 46.4 46.3 45.2 41.8 45.1 45.2 45.1 45 44.9 44.8 44.7
74.1 74.5 75.1 78.5 82.5 86.3 86.5 87.4 88 88.2 88.2 88.2 88.5 88.3 87.9 87.4 87 87.2 87.1 87 86.9 86.3 83.7 82.7 83.5 85 83.6 79.8 76.9 75.1 74.6 73.1 71.2 70 69.4 70 72.9 74.8 77.2 78.6 78.2 81.4 75.2 69.2 66.5 65.5 63.5 59.1 57.3 56.7 56 55.5 54.9 53.9 52.4 51.6 53.4 54.9 58.3 61.6 62.9 61.3 54.5 46.5 46 45.9 45.5 45.7 46.2 46.2 46.2 46.3 46.3 46.3 46.4 46.3 44.9 45.4 45.3 45.2 45.2 45 44.9 44.8 44.7
75.7 75.3 74.9 76.1 78.3 81.8 84.4 87 88.1 88.7 88.8 88.7 88.6 88.3 87.8 87.4 87.1 87.1 87 87 87 86.7 86.2 83.4 80.4 82.7 81.3 78.4 76.5 76 75.3 73.7 72.2 70.8 69.9 70.8 70.8 72.9 76.2 77.8 78.5 79.7 73.6 69.6 68.2 66.8 65.2 62.4 59.5 59.5 55.9 55 53.7 52.7 52 51.9 52.8 54.5 55.6 58.7 60.6 60.6 58 48.2 45.9 45.6 45.3 45.2 45.7 45.9 45.8 46 46 46 46.1 46.1 44.5 44.9 45.4 45.3 45.4 45.1 44.9 44.7 44.7
78.5 75.4 74.8 76 78.7 83.9 82.1 86 88 88.4 88.7 88.6 88.5 88.4 88 87.6 87.3 87.3 87.2 87.2 87.2 86.6 85.9 84.1 79.8 80.6 79.8 77.1 76.5 76.5 76.7 74.7 73.1 71.7 71.4 71.5 70.8 73.1 74.4 77.3 80.8 78 74.2 72.4 72.2 67.5 65.2 63.1 61.3 58.4 57.2 55.5 54.5 52.9 51.6 51.7 52.1 53.2 54.7 56.5 58.7 60.6 61.3 54.7 48.3 46.4 46.1 45.8 45.8 45.5 45.5 45.7 45.7 45.7 45.8 45.1 42.8 42.4 45.4 45.4 45.4 45.1 45 44.8 44.7
77.8 74.9 74.3 76.4 82.1 83.8 85.3 83.8 86.3 87.7 87.9 88.4 88.5 88.3 88.1 87.8 87.6 87.5 87.5 87.4 87.4 87 87.4 87.7 85.8 84.9 83.2 82.4 77.7 77.4 78.2 77.3 74.9 72.8 73 72.7 72.4 73.3 75.3 78.7 81.9 76.7 76.3 76.4 75.8 68.6 67 64.6 62.6 59.1 54.6 56.8 54.8 53.4 52.4 52.1 52.3 52.6 53.8 55.7 57.8 60 61.9 63.2 56.8 50.6 47.5 46.9 46.6 45.8 45.3 45.4 45.4 45.5 44.8 44.8 45.1 41.8 41.8 42.7 42.2 43.4 44.5 45.1 45
73.7 72.7 72.6 74.3 79 79.5 82.4 83.9 84.9 86.9 86.9 87.4 87.9 88.3 88.1 87.9 87.7 87.5 87.4 87.3 86.8 86.6 85.9 88 89.3 89.1 88.7 87 84.6 78.9 79.3 78 75.6 74 74.4 73.9 73.6 73.7 75.4 75.1 76.3 82.6 81.9 80.2 77.1 70.8 68 66.1 63.5 59.2 55.2 55.1 55.2 53.6 53.3 52.9 52.8 52.8 53.5 54.8 57 59.3 62.4 64.7 64.4 57.9 54.1 55.2 54.5 54.7 51.6 48.4 45.2 45 45.1 45.4 45.7 45.5 45.4 41.8 41.8 41.7 41.6 41.5 41.5
73 72.6 72.3 72.1 76.2 78.2 78.4 83 83.7 85.6 85 86.1 87.1 88.1 88.2 87.5 87.4 87.3 87.1 87 86.4 85.7 85.1 88 90.8 93 92.2 90.2 88.2 81.9 79.6 78.3 77 75.9 76.4 75.5 74.7 74.4 73.7 73.1 73.4 77.6 77.6 77.8 76.3 71.8 67.7 65.7 63.3 58.5 54.4 54.4 54.4 53.6 53.5 53.2 52.7 53 53.7 54.9 56.7 59.2 62.7 64.8 65.9 65.4 64.4 64.3 61.8 59.8 59 57.2 49 45.2 45.3 45.3 45.2 45.6 46.3 46.3 44.8 45.1 45 44.7 45.3
72.8 72.5 72.6 72.5 76.1 77.9 79.3 82 83.6 85 85.6 86.2 87.1 87.8 87.7 87.3 87.1 87 86.9 86.7 85.9 84.5 83.1 91 94.5 95.9 94.6 92.8 90.8 87.1 83 79.3 77.7 77.1 78.1 77.8 76.4 75.5 74.1 74 74.2 74.7 76.4 77.9 75.1 70.1 66.6 65.8 63.8 59.9 56.3 55.4 54.7 56.6 54.1 54.9 53.2 53.4 54.1 55.1 57.2 59.3 63.1 67.1 67.1 66.7 65.9 65.2 63.3 61.9 61.4 60.3 57.9 47.9 45 45 45.3 45.6 46.1 46.1 45.5 44.9 44.9 44.8 45.1
73.5 73 72.9 72.5 73.1 75.7 79.2 82.5 83.8 84.8 84.6 84.8 86.4 87.8 87.2 87 86.9 86.7 86.6 86.4 85.2 84 88.7 94.2 95.7 96.8 96 94.5 91.9 89 83.7 84.1 78.7 77.4 78.2 79 78 76.1 74.6 74.7 73.7 73 75.3 79.3 76.7 68.8 66.4 64.8 63.4 61.2 57 55.7 56.5 56 57.1 53.8 53.9 53.8 54.4 55.8 57.6 60.6 65 66.3 68.1 68 67.2 66.1 64.5 63.2 61.4 60.2 57.9 50.5 46.1 45.4 45.7 46 46.2 45.9 45 44.7 44.8 44.8 44.9
73.5 73 72.7 72.8 72.5 73 74.6 80.6 83.4 83 84.1 85.3 86.4 87.4 86.8 86.7 86.6 86.5 86.2 86.2 85.4 89.5 94 96.1 97.1 97.8 97.3 95.4 92.6 90.4 86.9 84 82.1 80.9 79.9 79.2 78.8 77.6 75.6 74 72.6 70.9 72.6 75.5 71.1 66.4 64.3 62.7 61.2 59.1 57.3 56.4 55.8 56 56.4 55 54.5 54.9 54.6 56.1 58.1 62.7 67.4 69.4 69.1 68.9 68.2 67.3 65.9 63.9 61.7 59.7 57.3 52.6 47.8 46.8 45.1 45.4 45.5 44.9 44.6 44.7 44.7 44.8 44.7
81.3 72.8 72.8 72.7 72.7 73.2 74.3 79.3 79 79.6 85 85.7 86.3 86.4 86.5 86.6 86.2 86 86 86 89.5 93.3 95.2 96 96.3 97.9 97.7 95.8 94 91.4 88.6 86.3 81 80.9 81.6 81.4 79.6 79.3 78.1 77.7 74.7 70.9 71 69.6 69 66.6 64 62.5 60.6 59 58.2 57.7 57.7 56.8 55.8 55.5 56 55.5 55.5 56.5 58.7 63 68.6 70.5 69.9 69.7 68.8 67.4 66.6 65.7 64.4 60.9 58.4 57.2 52.2 48.1 46.1 45.8 44.9 44.7 44.6 44.7 44.8 44.8 44.6
88.4 83.9 72.9 72.9 72.9 72.9 73.4 74.5 74.8 76.6 84.1 85.6 84.7 83.7 86.8 86.7 86 85.4 85.4 85.6 85.9 87.3 90.3 92.8 93.4 94.2 94.8 94.3 93.6 91.9 89.2 87.5 85.3 83.6 82.8 82.2 81.2 79.7 79.7 79.9 76.6 72.8 70.9 69.9 69.3 68.2 66.8 64.8 61.7 59.7 59.4 59.5 59.1 57.9 57.1 56.5 56.4 58.3 56 55.6 58 61.8 67.2 70.4 70.6 70.4 69.1 67.7 66.5 65.8 65.1 63.2 60.2 58 55.3 49.2 48.5 46.9 46 45.4 44.7 44.7 44.8 44.8 44.5
