webserver/python/data/SJ69.asc
ncols 200
nrows 200
xllcorner 360000
yllcorner 390000
cellsize 50
[rows 114 to 151 of 200, columns 0 to 85 of 200]
30.8 25.5 25.9 27.7 25.1 25 27.7 32 35.7 31.6 27.1 30.3 33.4 36.1 38.2 40.4 41.3 41 39.1 37.2 29.5 34.8 34.6 33.8 33.1 32.6 31.8 31.4 31.1 31 30.8 30.6 30.1 30.4 30.4 29.6 28.5 28.3 29.3 29.8 28.9 28 27.2 23.7 23.7 25.9 26.6 28 29.1 29.6 29.7 29.7 30.1 30.9 31.5 32 32.5 33 33.4 33.8 34.2 34.7 35.4 35.6 35.7 35.8 35.6 35.3 35.1 34.8 34.4 34.1 33.5 34.1 34.6 35.1 35.4 35.9 36.7 37.7 38.3 38.3 38.1 37.4 36.6 35.8
27.1 23.6 23 21.3 19.9 20.7 21.5 25.7 30.3 30.6 26.3 29.4 32.6 34.9 37.1 39 40.3 40.3 39.2 38.1 31.4 29 35.2 34.6 34.1 33.2 32.3 31.5 30.6 29.9 29.5 29.2 28.8 29.3 29.2 28.4 27.6 27.9 28.9 28.9 28.3 27.4 22.9 23 18.8 28.2 27.9 28.9 30.7 30.9 30.7 30.6 30.9 31.1 31.1 31.6 32.1 32.6 32.8 33.2 33.8 34.3 34.8 35.3 35.7 35.5 35.2 34.8 34.2 33.8 33.4 32.8 32.3 33 33.5 34.1 34.5 34.6 35.2 36.4 37.3 38 37.9 37.2 36.2 35.6
23 21.5 19.1 21.6 20.6 21.2 21.5 21.5 24.1 26.7 25.3 28.5 31.4 33.7 35.8 37.5 38.8 39.5 38.5 38.4 38 28.7 35.3 35.6 34.7 33.7 32.9 32 31.2 30.3 29.6 29 28 27.6 27.7 27.7 27.5 27.7 28.3 28.3 27.5 24.9 22.7 13.8 13.6 29.7 30.1 29.9 31 31.4 31.2 31.2 31.7 31.9 31.7 31.4 31.5 31.7 31.8 31.9 32.6 33.2 33.8 34.2 34.4 34.6 34.5 34.2 33.5 32.7 32.1 31.5 31.3 32.1 32.5 33 33.2 32.5 33.5 35 36.4 37.7 37.8 37.1 36.5 35.7
18.2 18.3 20.4 22.2 21.3 21.5 22.4 23.1 22.9 22.9 24.4 27.5 29.8 32.2 33.6 35.2 36.7 38.2 38.4 37.9 37.5 30.6 28.3 36.1 35.2 34.2 33.3 32.5 31.8 30.9 30.3 30 29.6 31 28.5 26.6 26.6 26.9 27.4 27.3 25.7 23.3 24.8 13.7 13.6 28.1 28.7 29.7 30.6 31.2 31.6 32 31.8 31.7 32.2 31.9 31.7 30.7 31.2 31.8 32.2 32.6 33.1 33.1 33.1 33.2 33.4 33.5 33.3 32.6 31.3 30.5 30.5 31.3 31.6 31.9 32 31.7 32.8 34.1 35.3 36.5 37 36.8 36.5 35.8
19.4 19.6 21.7 22.9 22.2 23.2 24 25.2 25.3 25.9 26.3 26 27.7 29.9 31.1 30.7 31.8 35.3 36.6 36.9 36.8 36.3 28 29.6 35.2 34.6 33.8 33.1 32.4 31.7 31.3 31.9 30.6 29 31.5 29.1 26.9 26.2 26.6 26.1 24.4 23.1 24 13.9 13.6 14.3 23.9 27.7 29.8 30.7 31.3 31.6 31.2 31 32.7 32.5 32.5 32.4 32 32.2 32.2 32.6 32.8 32.7 32.6 32.5 32.4 32.6 33.1 32.6 31.2 29.6 30.2 30.7 31.1 31.1 31.1 31.2 32.1 33.4 34.7 35.9 36.4 36.6 36.4 35.9
21.6 20.4 20.5 21.7 24.3 26.5 27.3 28 28.6 29.2 29.4 29.5 29.3 28.7 28.9 29.4 30 33.2 34.1 34.5 35.2 34.7 31 27.3 33.5 34.4 34.9 35 34.3 32.7 32.8 33.4 34.6 29.8 33.6 32.4 30.4 27 25.2 24.6 23.9 23.4 22.9 12.3 13.5 19.9 20 23.1 28.6 29.3 29.8 30 30.6 30.2 31.9 33 32.9 32.8 32.5 33.1 33 32.7 32.4 32.3 32.2 32.1 32.1 31.2 31.8 31.2 29.8 29.3 29.8 30.2 30.4 30.4 30.5 30.8 31.7 32.8 34.1 35.4 36.2 36.7 36.5 36.1
21.6 19.1 20.7 22.8 25.8 29 30.2 31.2 31.6 31.6 31.8 32 32.3 31.8 31.8 30.9 30.4 30.9 31.6 32.5 33.1 33 32.2 28.8 27.2 34.2 34.4 35.4 34.7 34 34 34.3 34.9 35.3 30.2 34.5 33.8 31 26.8 23 22.2 22.6 20.8 11.7 11.8 13.1 13.2 24.5 27.4 27.7 28 28.4 29 29.4 30.9 32.2 32.6 32.9 33.1 33.5 33.7 32.4 32.4 32 31.8 31.8 31.2 30.7 30.4 29.9 29.1 28.9 29.2 29.7 29.7 29.8 29.9 30.4 31.2 32.3 33.5 34.8 36.2 36.3 36.2 35.9
22.1 21.3 22.4 24.5 27.7 30.2 31.5 32.8 33.3 33.6 33.7 34.2 34.6 34 32.6 32 31.4 30.9 30.7 30.4 31 31.3 30.9 30.8 27.2 31.1 34.1 34.7 32.4 34.7 34.9 35.2 35.2 35.4 35.5 30.2 30.1 34.5 29.4 24.2 22.6 22.9 23.6 21.8 19.3 12.6 12.9 25.4 25.7 25.8 26.2 27 27.5 28.3 29.3 30.5 31.1 31.5 31.8 32.1 32.3 31.5 31.4 31.3 31.3 30.7 30 29.8 29.3 28.7 28.7 28.7 28.7 29 29 29.2 29.4 30 30.9 31.8 33 34.2 35.6 35.8 35.8 35.8
24.2 23.8 24.7 26.6 28.3 31 32.1 32.5 33.9 35.2 35.5 35.6 35.4 34.8 33.7 33.1 32.4 31.8 31.5 30.9 30.8 30.6 30.2 29.9 32.7 26.6 30 34.3 31 33.6 34.5 34.6 35.2 35.5 35.1 34.7 34.3 34.4 30.6 26.7 25.8 25.6 25.1 24.7 24.4 21.2 12.7 23 23.8 24 24.6 25.7 26.4 27.2 27.9 28.8 29.5 30 30.6 30.5 30.5 30.6 30.4 30.3 30.1 29.9 29.3 28.8 28 27.8 28 28.1 28.2 28.5 28.7 28.9 29 29.6 30.4 31.4 32.4 33.6 34.8 35.6 35.6 35.6
25 25.6 26.4 27.7 29.3 31.7 32.9 33.5 34.7 35.6 36.2 36 35.8 35.6 34.8 34.1 33.4 32.4 31.7 31.3 31 30.3 29.9 29.5 31.5 32.1 26.2 33.6 30.8 31.2 32.8 33.9 34.7 35.2 34.8 34.4 34.5 34.5 31.9 28.1 31.5 26 23.5 23.8 23.3 21.9 21.1 21.8 23 23.8 24.4 25.2 26.1 26.9 27.5 27.7 28.2 28.9 29.3 29.2 29.2 29.2 29.3 29.1 29 28.8 28.4 27.5 27.1 27.6 27.4 27.3 27.5 27.9 28.4 28.6 28.6 29.1 30 30.9 31.7 32.8 34.2 35.3 35.4 35.4
26.1 26.2 26.6 28.6 30.2 31.8 33.5 34.4 35.3 36 36.3 36.4 36.4 36.2 35.6 34.7 33.8 32.8 31.9 31.4 30.6 30.1 29.6 29.1 32 31.6 32.7 25.3 30.6 29.2 30.4 32 32.8 33.9 33.8 33.5 34.5 34.3 33.6 32 28.2 26.2 23.6 20.4 21.5 21.6 20.3 21.7 23.1 24.2 24.9 25.8 26.3 26.6 26.9 26.8 27.1 27.8 28 27.9 27.8 27.9 28 28 27.8 27.8 27.4 26.4 26.6 27 27.7 27.5 27.2 27.2 27.9 28.2 28.2 28.7 29.5 30.3 31.1 32 33.3 34.5 35.2 35.1
26.8 26.5 26.9 28.9 30.7 32.2 33.9 34.8 35.6 36.4 36.3 36.3 36.3 36.3 36 35.1 34.1 33.2 32.2 31.1 30.3 29.8 29.4 30.8 29.3 29.3 29.1 31 25.2 27.9 28.1 29.9 31.1 31.9 32.8 33 34.1 33.7 32.9 32.8 26.6 25.5 23.4 20.4 21.1 21.1 20.6 21.9 23.2 24.5 25 25.3 25.6 25.9 26.2 26 26.1 26.7 26.7 26.6 26.5 26.6 27 27.1 26.8 26.6 25.9 25.1 25.5 26.3 27.1 27.8 26.9 26.2 27 27.6 27.9 28.4 29.1 29.9 30.7 31.5 32.7 33.9 34.7 34.7
27.1 27.7 27.9 29.2 31 32.8 34.3 35.2 36 36.4 36.2 36.2 36.3 36.3 36.1 35.5 34.5 33.6 32.4 31.2 29.9 29.3 28.8 29.3 28.2 28.6 29 29.2 28.9 25 25.1 26.5 27.9 29.1 30 32 32.9 32.5 31.8 31.7 31.2 26.9 23.9 21.7 21.5 20.4 21 22.2 23.4 24.7 24.6 24.7 25 25.3 25.3 25.1 25.1 25.6 25.4 25.2 25.2 25.4 26.1 26.8 25.9 25.4 24.4 24.6 25 25.5 26.1 27.1 26.3 25.5 25.9 26.6 27.4 28 29.2 30 30.8 31.7 32.8 33.4 33.6 33.8
27.8 28.3 29.2 30.1 31.5 32.9 34.4 35.3 36 36.5 36.4 36.3 36.2 36.3 36 35.7 34.9 33.9 32.6 31.5 30.3 29 29.4 27.6 27.8 28 28.2 28.6 28.8 28.9 24.5 24 24.9 26.4 28.4 30.9 31 31.1 31.3 31.6 31.5 29.6 27.9 25.9 20.5 20.1 21.5 22.6 23.7 24.8 24.7 24.2 24.3 24.6 24.4 24.3 24.3 24.3 24.1 23.9 24.1 24.8 25.2 25.5 24.9 24.4 24.5 24.7 24.5 25.2 25.6 25.7 26.2 25.1 25.1 26.1 27 28 29.4 30.5 31.1 32.4 33.5 33.4 33.2 32.8
28.7 29.7 30.8 30.8 33.1 33.6 34 35 35.9 36.2 36.3 36.3 36.3 36.2 35.9 35.6 35.2 34.2 33 31.9 30.8 29.3 28.9 27.4 27.3 27.2 27.2 27.4 27.5 27.6 28 26.3 23.3 24 26.2 28.9 29.3 29.5 31.2 31 30.6 29.4 27.7 26 23.9 20 21 21.9 23.5 24.1 24.6 24.3 23.7 23.9 23.6 23.4 23.6 23.3 23 23.4 23.7 24.1 24.2 23.9 24.2 24.4 24.3 23.4 23.8 24.8 25.2 25.9 26.4 24.9 24.8 25.9 27.1 28.2 30 31.2 31.9 33.1 32.7 32.4 32.1 31.8
30.6 31.6 32.4 33 34 34.3 34.7 35.2 35.7 35.5 35.7 35.8 36.2 36.3 35.8 35.5 35.2 34.5 33.4 32.3 31.2 29.5 28.1 27.6 27.7 27.1 26.3 26.1 26.3 26.7 27.1 27.1 26.6 22.6 22.1 25.3 27.3 27.9 29.4 29.6 29 28.4 27.5 25.9 24.3 23.8 20.4 21.1 22.4 23.3 23.8 24.3 23.5 22.8 22.4 22.4 22.9 22.8 22.5 23 23.4 23.7 23.5 22.9 23.3 23.8 23 22.6 23.2 24.2 24.7 25.2 25.5 25.8 24.7 25.9 27 28 29.5 31.2 32.3 32.2 31.7 31.4 31.1 30.7
29.7 30.5 31.6 33 34.3 34.9 35.2 35.4 35.2 34.9 35.1 36 36.6 36.2 35.7 35.5 35.3 34.8 33.6 32.5 31.8 30.3 28.2 27.9 27.5 26.7 25.8 25 25.5 25.9 26 25.8 25.8 25.6 24.7 21.8 24.5 26.1 27.4 28.2 27.5 26.9 26.2 25.7 24.3 22.3 20.5 20 20.8 21.3 21.7 22.1 22.1 21.4 21 21.4 22.5 23.6 22.4 22.8 23.2 23.5 22.9 22.2 22.1 22.4 22 22.1 23 23.7 23.9 24.3 24.7 25.4 24.8 25.8 27 27.9 28.6 30.5 31 31 30.7 30.3 30 29.6
27.8 28.7 30.2 31.5 33.1 34.1 35.2 35.9 35.6 35 34.4 35.3 36 35.3 34.7 35 35.3 35 33.9 32.6 32 30.6 28.6 27.8 27 26 24.9 24.5 24.6 24.9 24.9 24.9 25 24.3 24.3 23.6 21.6 23.5 25.2 26.4 26.4 26.1 25.7 25.1 24.3 23.9 23.3 20.7 20 19.4 19.6 19.9 20 20 19.9 21.3 22.7 23.8 22.8 22.6 23 23.2 22.5 21.9 21.7 21.6 22 22.4 23.2 23.4 23.1 23.5 23.8 24.5 24.8 25.8 26.9 27.7 28 29.2 29.4 29.4 29.5 29.3 28.9 28.5
25.9 27.3 28.8 30.1 32 33 33.7 35.6 35.2 34.5 33.9 34.1 34.4 34.1 33.8 33.7 34.2 34.3 33.3 32.5 31.4 30.4 28.6 27.3 26.1 24.9 24.3 23.9 23.8 24 24.1 24.1 24 23.2 22.7 22.4 22.2 21.5 21.3 23.9 24 24 25.7 24.4 24.2 24.4 24.6 23.4 21.7 20.4 20.1 19.7 19.3 18.8 19.6 20.5 22.5 23.2 22.1 22.2 22.6 22.8 22.1 21.4 21 21 21.4 21.8 22.7 23 23 22.7 23 23.6 24.3 25.1 26 26.6 26.6 27.9 27.9 28 28 27.6 27.2 26.9
24.9 26.2 27.6 29 30.9 31.9 32.6 34.3 34.2 34 33.6 33.6 33.3 33 32.7 32.4 32.9 32.9 32.5 31.5 30.9 29.8 28.4 27.3 25.9 24.5 23.7 23.7 23.6 23.2 23.2 23.3 22.9 22.3 21.7 21.6 21.6 21.6 21.4 20.8 22.7 26.3 22.7 23.2 22.8 22.9 23.6 23.8 22.8 21.5 21.7 21.1 20.1 18.9 18.5 19.7 21.3 22.4 21.4 21.4 22.2 22.5 21.8 20.9 20.4 20.5 20.8 21 21.7 22.1 22.5 22.3 22 21.9 23.1 24 24.9 25.2 25.1 26.2 26.5 26.6 26.7 25.9 25.3 25
24.6 25 26.4 27.7 29.4 31 33.2 33.8 34 33.8 33.8 33.2 32.3 32 31.6 31.3 31.2 31 30.7 30.4 29.9 28.5 28.2 27.4 26.1 25.2 24.3 24.3 23.8 23.2 22.6 22.4 22.2 21.7 21.2 21.4 21.7 21.7 21.5 21.3 20.4 21.6 21.4 20.3 21.1 21.9 22.6 23 22.7 22.6 22.5 21.8 21 20.3 18.6 18.7 19 19.9 20 20.6 21.4 22 21.1 20 19.7 20.2 20.6 20.7 20.9 21.4 21.9 22.2 21.6 22 22.3 23.1 23.9 24.2 24.1 24.6 24.8 25.1 25.1 24.2 23.4 23
24.1 24.3 25.2 26.7 27.4 29.4 31.9 33.6 33.9 34.5 35.2 34.6 32 31.7 31.2 30.3 29.4 29.3 29.2 28.5 27.9 27 27.7 27.4 26.4 25.9 25.3 24.7 23.8 23 22.6 22.3 22.5 22.5 22 21.7 21.8 21.7 21.2 20 23.7 19.6 19.4 19.5 20.1 20.9 21.5 22.1 21.8 22 22.2 21.4 21.1 21.9 20.4 19.2 18.4 17.9 19.1 19.6 19.9 20.3 19.9 19.4 19.5 20.1 20.6 20.8 20.3 20.8 21.2 21.1 20.3 21.1 21.9 22.1 22.6 22.8 22.8 22.9 23.1 23.4 23.1 22.2 22.1 21.9
23.7 23.9 24.7 24.4 24.4 26.2 28.2 31.9 33.9 35.3 40 38.1 32.8 32.3 31.5 30 29.1 29.3 28.9 28.2 27.8 27.2 26.9 26.5 25.8 25.2 24.7 24.1 23.4 22.8 22.7 22.8 23 23.2 22.9 22.6 22.2 22.4 23.1 22.3 20.6 19.8 18.8 18.2 19.2 19.8 20.4 21 21.2 21.2 21.2 20.7 20.6 21 21.7 21.1 20 18.1 17.9 18.7 19.1 19.6 19.5 19.1 19.3 19.8 19.9 19.9 19.7 20.1 19.9 19.8 19.2 20.4 21 21.2 21.2 21.2 21.1 21.2 21.5 21.7 21.1 21.3 21.1 20.9
22.2 22.6 23.8 23.3 23.8 26.6 29.3 31.7 34.4 35.7 40.3 34.8 32.8 32.4 31 29.5 29.1 29.3 29 28.7 28.2 28.1 26.3 25.8 25.1 24.4 24.3 23.9 23.4 23.5 23.7 23.8 24.6 24.5 23.7 23.1 22.9 23.3 22.8 21.2 20.7 19.7 18.5 18.1 17.4 18.3 18.9 19.5 19.7 19.7 19.7 19.6 19.4 19.9 20.1 20.6 20.1 18.1 17.6 18.1 18.6 19 19.2 19.2 19 18.9 18.9 18.9 18.9 19 19.1 19.2 19.4 19.4 20.3 20.4 20.2 19.9 20.1 20 20 20 20.2 20.4 20.1 20.8
20.2 21.3 21.7 24.2 25.4 28.9 31 32.7 34.5 34.9 34.9 34.7 34.1 32.2 30.9 29.3 29.4 29.4 29.1 28.7 28.2 28.1 26.1 25.7 24.9 24.6 24.6 24.3 24.2 24.2 24.4 24.8 25.2 24.7 24.2 23.5 23.6 23.9 23.5 22.2 21.7 19.6 18.1 18.2 17.7 16.7 17.3 18 18.2 18.2 18.2 18.1 18 18.2 18.4 18.9 19.4 17.5 17.1 17.7 18.4 19.1 18.9 18.7 18.5 18.5 18.5 18.5 18.4 18.5 18.6 18.7 18.9 19.2 19.6 19.8 19.7 19.3 19.3 19.4 19.4 19.3 19.3 19.4 20 20.6
19.6 20.4 21.9 23.9 25.7 28.8 31.4 33.4 34.4 34 33.9 33.7 32.6 31.3 30.7 29.9 29.4 29 28.6 28.1 28 27.9 25.8 25.3 24.8 24.9 24.2 24.5 25 25 25.1 25.1 24.7 24.4 24.5 24 24.7 24.3 23.9 23.6 22.3 20.7 15.1 15.8 18.5 17.5 16.3 16.3 16.7 16.7 16.7 16.3 16.2 16.6 16.8 17.2 16.9 16.7 16.7 17.8 18.5 18.8 18.9 18.3 18.1 18 18 18 18 18.1 18.1 18.1 18.3 18.7 19 19.3 19.1 18.9 18.9 19 18.9 18.8 19 19.5 20.2 20.5
18.6 19.6 22 24.6 26.3 28.9 32.1 33.9 34.4 34 33.4 32.5 31.3 30.7 29.9 29.1 28.7 28.5 28.5 28.1 28.5 30.7 28.3 24.7 24.9 24.3 23.4 23 23.9 24.1 24.4 24.7 24.5 24.2 24.8 25.3 25.8 26.3 26.1 25.3 23.8 21.6 12.4 12.4 12.9 16.1 17.1 15.9 15.8 16 15.9 15.4 14.9 15.2 15.6 16.1 16.3 16.5 17.6 18.4 18.3 18.6 19.1 18.5 17.7 17.6 17.6 17.6 17.5 17.6 17.6 17.6 17.7 18.1 18.5 18.9 18.7 18.5 18.5 18.4 18.7 19.1 19.4 19.7 20 20.1
18.5 19.8 22.6 26.1 28.8 30.2 32.9 33.9 34.3 33.5 32.9 31.6 30.5 29.9 28.9 28.1 27.8 28 28.3 28.4 27.9 26.1 26.8 25.1 24.8 23.8 23.1 22.7 22.5 22.9 23.3 23.6 23.8 23.9 25.4 26.3 26.1 25.3 25.8 25.4 24.7 23.9 12.9 12.4 12.4 12.4 13.7 16.9 15.7 15.8 15.6 15.2 14.8 15 15.3 15.8 16.4 17.2 18 18.9 18.7 18.4 18.8 17.9 17.5 17.2 17.2 17.1 17 17.1 17.1 17.1 17.2 17.5 18 18.1 18 18 18.2 18.4 18.7 18.9 19.1 19.3 19.5 19.6
18.3 19.7 23.2 27.1 30.2 32.7 33.3 35.3 34.6 33.3 32.3 31 29.8 29.2 28.2 27.4 26.8 26.9 27.4 28 27.4 22.4 27 25.5 24.7 23.3 22.8 22.6 21.9 21.7 22.1 22.5 22.8 23.2 24.2 25 24.3 22.8 25.2 24.7 24.6 24.5 13.1 12.4 12.4 12.4 12.4 12.6 16.5 15.8 15.9 15.2 15 15 15.9 16.9 17.3 17.8 18.4 19 19.2 18.4 17.8 17.6 17.3 17 16.8 16.6 16.5 16.6 16.6 16.6 16.6 17 17.2 17.3 17.4 17.5 17.6 17.9 18.1 18.3 18.5 18.7 18.9 19.1
18.3 19.7 22.3 25.9 28.5 30.6 31.4 36.7 34.4 33.3 32 30.4 28.9 28 27.5 26.6 25.5 25.2 25.3 25.7 25.5 22.3 26.2 25.5 24.5 22.8 22.5 22 21.2 20.7 21 21.2 21.5 21.8 22.5 23.1 21.7 22 23.7 23.8 23.8 23.7 13.5 12.4 12.4 12.4 12.4 12.4 13 16.1 15.6 15.9 15.1 15.4 16.8 17.3 17.4 17.8 18.3 19.2 19.1 19.1 18 17.5 17.2 16.9 16.7 16.5 16.3 16.1 16.1 16.1 16.1 16.5 17 17.3 17.2 17.2 17.2 17.3 17.5 17.7 18 18.3 18.4 18.5
19 20.3 23.3 26.1 27.4 28.8 29.9 31.7 32.5 32.9 31.6 30 28.4 26.9 26.2 25.2 23.9 23.3 23.4 23.5 21.4 25 24.3 23.5 22.6 21.5 20.8 20.4 20 19.6 19.7 19.8 20.1 20.4 20.8 20.6 21.1 21.7 22.5 22.6 22.7 22.3 13.2 12.4 12.4 12.4 12.4 12.4 12.4 15.8 14.7 15.4 15.6 15.1 16.9 17.8 17.4 17.2 17.5 18.1 18.6 18.8 18.3 17.8 17.3 16.8 16.7 16.5 16.3 16 15.8 15.8 15.8 16.6 17.1 17.1 17.2 17.1 17 16.9 17 17.3 17.5 18.2 18.2 18.1
19.4 21.1 23 24.4 25.2 27 28.5 29.4 30.2 31.5 30.9 29.5 27.9 26.4 25.1 24.2 22.7 21.6 21.5 22.6 22.3 22.8 22.1 21.4 20.3 19.9 19.4 18.7 18.8 18.6 18.1 18.5 18.7 19 19.3 19.9 20.5 21 21.4 21.5 21.6 21.7 12.4 12.4 12.4 12.4 12.4 12.4 12.4 12.9 18.4 14.7 15.1 15.3 14.7 15.4 15.6 16 16.3 16.9 17.3 17.5 17.6 17.1 17 16.6 16.7 16.5 16.3 16 15.8 15.6 15.5 16.3 16.7 17.3 17.2 16.7 16.5 16.3 16.2 16.3 16.4 18.6 18.3 18
19.8 21.1 22.8 24.1 24.8 25.8 26.6 27.5 28.2 29.2 29.3 29 27.5 26 24.6 23.1 21.4 20.5 21.2 21.4 19.7 20.2 19.9 18.8 18 17.8 17.6 17.7 17.9 17.7 16.1 16.7 17.2 17.3 17.3 17.9 18.8 19.5 20.4 20.5 20.6 20.3 12.4 12.4 12.4 12.4 12.4 12.4 12.4 12.4 14.3 17.1 14.9 15.6 15.2 14.7 14.5 14.8 15.1 18 21.3 21.1 20.3 19.6 16.2 16.2 16.2 16.4 16.2 15.9 15.7 15.5 15.3 15.7 16.1 16.5 16.8 16.2 15.9 15.7 15.7 18.7 18.7 17.6 22.1 18.7
19.3 20.9 22.6 23.7 23.9 24.5 25.3 26 26.7 27.4 27.6 27.7 27 25.4 23.7 22.1 20.8 20.7 21.2 18.6 18.5 18.6 18 17.2 16.5 16.4 16.2 16.6 17 16.7 15.2 14.7 15 15.3 15.4 15.9 16.8 18.4 19.1 19.4 19.4 19 12.7 12.4 12.4 12.4 12.4 12.4 12.4 12.4 14.7 19.8 18.9 15.1 14.7 15.2 15 21.7 21.7 17.5 14.1 14.8 15.8 16.3 16.6 17.6 17 16.4 16 15.8 15.7 15.6 15.3 15.5 15.8 15.9 15.7 15.6 15.3 19.2 19 17.4 18.1 19.4 17.3 17.4
21.2 22.3 22.9 23.4 22.9 23.4 24.5 25.2 25.6 25.9 26.8 27.1 26.7 25 23.2 21.9 21.3 19.4 17.7 17.5 17.3 17 16.3 15.7 15.2 15 14.8 15.4 16 15.5 13.9 12.9 13.1 13.5 13.9 14.5 15.5 17.4 17.7 18.1 18.4 18.1 18 17.4 14.7 13.8 12.6 12.4 12.4 12.4 13.9 13.5 20.6 18.4 18.6 17 15.2 15.2 13.5 13.8 14.2 14.9 15.2 15.6 16 16.4 16.1 15.7 15.4 15.7 16 15.8 15.4 15.4 15.7 15.6 18.6 19.8 18.7 16.7 17.2 18.4 18.3 17.3 17.4 17.5
22.6 23.1 23 23.3 23.1 24 24.8 25.1 25.6 26.2 26.3 26.3 26.1 24.3 22.9 20.5 18.5 17.7 17.2 16.7 16 15.5 15.4 14.6 13.6 13.5 13.6 14 14.4 13.7 13 12.2 12.7 13 12.5 13.5 14.9 15.9 16.3 16.7 17.1 17.5 17.7 17.9 16.7 15.8 15.2 14.6 14.5 14.4 14.3 13.8 20.5 18.9 18.6 19 14.5 15.2 15.3 13.7 14 14.1 14.3 14.6 14.9 15.3 15.8 15.8 16.2 15.2 15.3 15.8 15.5 15.4 21.2 20.8 17.6 14.7 15.2 16.7 18.1 16.6 17.2 17.3 17.3 17.5
22.4 23.1 22.8 23.5 23.7 24.4 25.1 25.3 25.7 25.7 25.6 25.5 24.7 23.4 22 20 18.6 17.4 16.3 16.1 15.8 15.6 14.5 13.4 12.3 11.9 11.9 12 12.3 11.9 13.2 12.3 12.3 12.2 12.2 12.5 13.5 14.6 15 15.4 15.8 16.3 16.5 17 17 16.6 16.6 15.4 15.2 15 14.7 14.1 20.3 19.8 18.8 14.6 14.8 14.7 15.2 15.6 13.5 13.6 13.8 13.8 13.9 14.1 14.5 15.2 15.9 16.1 15.1 17.8 21.8 21.6 15.9 14.7 14.9 14.7 15.5 17.3 16.6 16.3 16.8 16.8 16.7 16.7
21.7 22.3 23.2 24.1 24.4 24.5 25.3 25.5 25.6 25.7 25.3 25.1 24.3 22.9 21.4 19.9 18.5 17.1 15.8 15.2 15.1 14.6 13.5 12.4 11.9 11.4 10.9 11.3 11.6 12.3 13.8 13.2 12.7 12.5 12.4 12 12.7 13.8 14 14.2 14.6 15.1 15.6 16.3 16.7 16.7 16.3 15.4 14.9 14.5 14.2 13.9 19.9 18.9 14.3 15.9 14.1 13.8 14.6 15.2 15.3 17.8 14.2 13.7 13.7 13.5 13.9 14.6 15 22.1 14.4 15 15.9 15.7 15.8 15.4 15.2 14.8 16.4 17.8 15.9 16.1 16.3 16.1 15.9 16
