webserver/python/data/SJ88.asc
ncols 200
nrows 200
xllcorner 380000
yllcorner 380000
cellsize 50
[rows 114 to 151 of 200, columns 87 to 173 of 200]
85.3 85.8 85.6 85.9 84.7 85 84.9 84.2 83.8 83.4 82.8 82.2 81.7 81 80.8 80.8 80.9 80.9 80.8 80.7 79.4 79.3 78.9 79.4 79.2 78.9 78.7 78.6 78.6 78.6 78.7 78 76.9 75.9 74.8 74 74.1 75 75 74.2 74 74.3 74.4 74.6 74.6 74.4 74.2 74 74 74.5 74.6 74.1 74.3 74.8 75.4 75.7 75.9 76.1 76.4 76.8 77.2 77.6 77.9 77.6 77.4 77.7 78.5 78.7 78.7 78.8 78.8 78.9 78.9 78.8 79.3 79.6 79.5 78.9 79 80 80.9 80.9 81.4 82.1 82.8 83.5 84.1
85.4 85.8 84.5 84.8 84.7 84.5 84.2 84 83.6 83 82.4 81.9 81.3 80.7 80.5 80.5 80.4 80.7 81 79.3 79.5 79.5 78.8 78.1 78.2 78 77.8 77.7 77.6 77.6 78.2 78.1 77.4 76.7 75 74.1 74.7 74.7 74.8 74 74 74.3 74.7 74.9 74.9 74.6 74.2 74 74 74.3 75.1 74.6 74.6 74.9 75.3 75.7 76.2 76.5 76.5 76.6 77 77.4 77.6 77.3 77.2 78.1 78.7 78.8 78.9 78.9 79 79 79 79.4 79.9 80.1 80.2 79.3 79.8 80.2 81.4 81.6 82.3 83 83.7 85 85.7
85.1 85.2 84.7 84.6 84.4 84.2 83.8 83.5 83.1 82.7 82.1 81.5 80.9 80.4 80.4 80.4 80.6 80.9 80.2 79.3 79.1 78.8 78.3 77.8 77.4 77.1 76.9 76.8 76.6 76.6 77.2 77.2 76.8 76.3 75.4 73.9 74.4 74.4 74.5 74.1 74.1 74 75.3 75.2 75.1 74.6 74.2 74 74 76 75.3 75.2 75 75.3 75.6 76 76.5 76.9 76.8 76.8 76.7 77.1 77.4 77.1 77.3 78.4 78.9 78.9 79 79 79.1 79.1 79.5 80 80.5 80.6 80.7 80.4 80.6 81.1 81.6 82.4 83.2 84 84.8 85.7 86
84.4 84.5 84.6 84.4 84 83.6 83.3 82.9 82.5 81.8 81.7 81.2 80.6 80.2 80.2 80.2 80.1 80.3 79.3 78.8 78.5 78 77.7 77.5 77.2 77 76.7 76.4 76 75.7 75.7 75.7 75.6 75.3 75.1 74.2 74 74.1 74.1 74.2 74.4 74.1 75.2 75.5 75.2 74.9 74.7 74.6 74.3 75.3 75.5 75.9 75.7 75.7 75.9 76.3 76.9 77.3 77.2 77.2 77.1 77.1 77.1 77.5 78.2 78.8 79 79 79.1 79.2 79.4 79.2 79.5 80 80.8 80.9 81 80.1 80.8 81.6 82.3 82.3 82.2 82.6 83.5 84.9 86
84 84.1 84.1 83.9 83.4 83.1 82.7 82.3 81.9 81.6 80.8 80.8 80.3 79.9 79.8 79.6 79.4 79.2 78.9 78.4 78 77.9 77.7 77.4 77.2 76.9 76.6 76.3 75.8 75.2 74.9 75 74.9 74.8 74.4 74 73.7 73.8 74 74.6 74.9 75.5 75.9 76 75.9 75.8 75.9 76.2 76 76.1 77.1 77.1 76.2 76.1 76.3 76.7 77.2 77.7 77.6 77.6 77.5 77.4 77.6 78.8 79.7 80.5 79.7 79.8 79.7 80.2 80.2 79.7 79.3 79.6 81 81 80.9 80.2 81.1 81.9 82.3 82.3 81.8 81.8 81.9 83 84.2
83.6 83.7 83.6 83.4 83.1 82.6 82.2 81.7 81.4 81 79.9 79.8 79.9 79.5 79.3 79 78.8 78.6 78.4 78.1 77.7 77.6 77.5 77.4 77.2 76.9 76.4 75.9 75.3 74.8 74.3 74.8 74.7 74.8 74.5 74.1 73.6 73.7 74.9 75.4 75.6 76.2 76.4 76.5 77.5 78.3 78.6 78.9 78.5 78.2 78.6 79 77.4 76.7 76.6 77 77.5 78 78 78 77.9 77.8 77.9 79.1 80.3 80.7 80 80.3 80.4 80.6 80.8 80.5 79.4 79.1 79 79.8 80.6 80.5 81.5 82.1 82.4 81.5 81.3 81.5 81.7 81.9 81.7
83.3 83.3 83.1 82.8 82.6 82.2 81.8 81.4 80.9 80.5 80 80 79.4 79 78.7 78.5 78.3 77.7 77.5 77.8 77.5 77.3 77.2 77 77 76.7 76.1 75.6 75.1 74.8 74.7 74.9 75 74.8 74.6 74.1 73.7 73.9 75.4 76.1 76.4 76.9 77 78 78.9 79.8 80.7 81 80.7 80 79.4 80.5 80 78.1 77.5 77.7 77.9 78.4 78.4 78.4 78.4 78.5 78.9 79.2 79.1 80.4 80.8 81.2 81.3 81.5 81.5 81.3 81.1 79.8 79 79 79 79.8 80.8 81.4 81.2 80.8 81 81.2 81.5 81.8 80.8
83 82.7 82.5 82.3 82.1 81.8 81.4 81 80.5 80.1 80.3 79.9 79.4 78.7 78.2 77.9 77.1 76.7 76.6 76.9 77.2 77 77 76.9 76.9 76.6 76.2 76.1 76 75.9 75.8 75.6 75.5 74.9 74.4 73.9 73.9 73.9 75.5 76.3 77.1 77.5 78.5 79.4 80.3 81 81 81 80.9 80.9 80.9 81 79.8 79.2 78.7 78.8 78.9 79.1 79 79 79.1 79.5 79.9 79.5 79.7 80.7 81.5 81.9 82.3 82.4 82.1 81.7 81.4 81 79.9 79.5 79.2 79 79.4 80.6 80.6 80.8 80.9 81.1 81.3 81 81
82.4 82.2 82 81.8 81.5 81.3 80.9 80.6 80.2 80.4 79.4 78.9 78.4 78 77.5 76.7 76 75.7 75.8 76.1 76.4 76.5 76.4 76.7 77 76.9 76.8 76.8 76.8 76.7 76.7 76.7 76.2 75.4 74.6 74 74 74 75.1 75.9 77.2 78.4 79.6 80.8 81 81 81 80.9 80.8 80.8 80.7 80.8 80.1 79 79.4 79.6 79.8 79.9 79.5 79.5 79.6 79.9 80.8 80 80.6 81.3 82.3 82.7 83 82.8 82.4 82 81.7 81.6 81 80.4 80.1 79.9 79.7 80.5 80.7 81.1 81.3 81.5 81.6 81.6 81.6
81.9 81.7 81.4 81.2 81 80.8 80.5 80.1 79.8 80.7 79.4 78.5 77.7 77.1 76.6 76 75.8 74.7 75 75.3 75.7 76.6 76.9 77.2 77.4 77.3 77 76.8 76.8 76.8 76.7 76.7 76.4 76.1 74.3 74.3 74.2 74.1 74.9 76.2 77.5 78.7 79.5 80.4 81 81 80.9 80.8 80.7 80.6 80.6 80.5 80.6 79.8 79.9 80.2 80.6 80.7 80.3 79.8 80.1 79.6 80.2 80.6 81.3 82.1 82.8 83.3 83.4 83.1 82.7 82.3 82 81.9 81.9 81.4 81 80.8 80.7 80.8 81.3 81.8 82.1 82.2 82.2 82.2 82.2
81.5 81.2 81 80.8 80.5 80.3 80.2 80.7 80 80 79.6 78.4 77.6 76.8 76.1 75.3 75 74 74.5 74.8 75.6 76.7 77.4 77.7 77.9 77.7 77.5 77.2 76.9 76.8 76.8 76.7 76.4 76.1 74.7 74.7 74.8 74.8 75.7 76.8 77.7 78.9 79.5 80.2 80.9 80.9 80.8 80.7 80.6 80.5 80.4 80.4 80.6 80.9 81.2 80.9 81.2 81.5 80.5 79.2 80.2 80.5 80.9 81.2 81.8 82.6 83.4 83.4 83.3 83.2 83 82.7 82.3 82.3 82.4 82.2 81.9 81.8 81.8 82 82.3 82.6 82.7 82.8 82.8 82.8 83.2
81.3 81 80.8 80.6 80.3 80.1 80.7 80 79.9 79.4 79 78.5 77.5 76.7 75.9 74.7 74.6 74.7 74 74.6 75.5 76.6 77.7 78.1 78.3 78.2 77.9 77.6 77.3 77 76.8 76.7 76.4 75.9 75.1 75.1 75.2 75.2 75.7 76.7 77.8 79 80.2 80.8 80.9 80.9 80.8 80.7 80.5 80.4 80.5 80.6 80.7 80.9 81.3 81.7 81.9 81.6 80.6 80.4 80.8 81.1 81.5 81.9 82.4 83.1 83.6 83.4 83.3 83.3 83 82.8 82.7 82.9 83.1 83 83 82.9 82.9 83.1 83.2 83.3 83.6 83.5 83.4 83.8 84.2
81.2 80.9 80.6 80.3 80.1 80.9 80.6 79.7 79.2 78.8 78.4 78 77.3 76.6 76.7 74.9 74 74 74 75.3 76.3 77.5 78.6 78.9 78.8 78.6 78.3 78 77.7 77.4 77.1 76.7 76.4 75.9 74.6 74.7 74.8 75.6 75.8 76.7 77.8 78.9 80.1 80.9 80.9 80.9 80.8 80.8 80.8 80.8 80.8 80.8 80.9 81 81.3 81.7 82.2 82 81.1 81.1 81.4 81.7 82.1 82.5 82.9 83.6 83.6 83.6 83.7 83.5 83.3 83.3 83.3 83.4 83.6 83.7 83.6 83.6 83.8 83.7 83.8 83.9 84.5 84.4 83.4 83.9 85
81 80.8 80.5 80.2 79.5 78.9 79.2 79.1 78.5 78.1 77.7 77.3 76.9 77.7 77.6 75.2 74 74 75.3 76.4 77.5 78.7 79.4 79.3 79.5 79.3 78.7 78.4 78.1 77.8 77.5 76.8 76 74.7 74.5 74.2 74.2 75.9 75.7 76.2 77.4 78.6 79.7 80.8 81 81.1 81.1 81.1 81.1 81.1 81.1 81.2 81.2 81.3 81.3 81.7 82.3 82.8 81.6 81.7 82 82.4 82.7 83.1 83.5 83.8 83.9 84 84 83.8 83.8 83.8 83.9 83.9 84 84.1 84.2 84.4 84.6 84.2 84.4 84.5 85.4 84.5 83.3 82.7 84
80.7 80.7 79.5 79.3 79 78.5 77.9 77.9 77.9 77.5 77.1 76.7 76.3 77.2 77.4 74 74 74.3 75.6 76.8 78.4 79.6 80.4 79.8 80.2 80 79.4 78.8 78.5 78.2 77.6 76.9 76.1 75.4 74.6 74 74 74 75.8 75.8 77.4 78.9 79.1 79.8 80.6 80.8 81.1 81.4 81.4 81.4 81.5 81.5 81.5 81.6 81.6 81.8 82.2 82.7 81.9 82.2 82.5 82.7 83.1 83.5 83.9 84.2 84.3 84.4 84.3 84.3 84.4 84.4 84.4 84.4 84.5 84.4 85 85.3 85.5 84.8 84.7 85.1 85.7 84.4 83.5 83.2 84.3
80 79.2 78.8 78.5 78.3 78 77.7 77.5 77 76.8 76.4 76 75.6 75.5 74.6 74.1 74 74.7 75.8 77.1 79.6 80.8 81 80.8 81 80.7 80.1 79.5 78.9 78.5 77.7 76.9 76.1 75.3 74.9 74 74 74 74.6 75.8 77.7 79.5 79 79.9 81.5 81.4 81.5 81.5 81.7 81.7 81.8 81.8 81.8 81.8 81.8 81.9 82.3 82.7 82.3 82.6 82.9 83.1 83.4 83.7 84.3 84.8 84.8 84.8 84.8 84.8 84.8 84.8 84.8 84.9 84.6 84.5 84.8 85.4 85.8 85.6 85.8 85.3 85.9 85.2 84.5 83.9 84.9
79.1 78.5 78 77.7 77.4 77.1 76.9 76.8 76.4 75.7 75.6 75.3 75.6 74.5 74.1 74.7 75.2 74.9 76 77.2 79.5 81 81 79.9 79.8 79.6 79.3 79 78.9 78.7 78 77.2 76.4 75.7 74.5 74 74 74.2 75.2 75.9 78.5 79.9 80.8 80.5 81.8 81.9 81.9 81.9 81.7 82 82 82 82 82 82 82.1 82.5 82.8 82.5 82.8 83.1 83.4 83.6 84 84.8 85.4 85.4 85.1 84.9 85.2 85.2 85.2 85.3 85.3 84.7 84.7 84.8 85.2 85.2 86 84 85.8 85.9 86 85.9 85.3 84.9
78.4 77.7 77.1 76.9 76.6 76.3 76.1 76 75.9 74.8 75.6 74.1 75.5 71.5 74.8 75.7 75.7 75.8 76.4 77.4 79.5 80.3 80.1 79.3 79.2 79 78.7 78.6 78.9 79 78.4 77.6 76.8 76.4 75 74 74.4 74.6 75.6 75.9 78.3 80.5 79.8 80.6 81.3 82 82 81.7 81.9 82.2 82.3 82.2 82.2 82.2 82.2 82.2 82.6 82.9 82.9 83 83.2 83.5 83.9 84.2 85.3 86 85.7 85.3 84.9 85.2 85.6 85.7 85.7 85.7 84.9 84.9 84.9 84.7 84.3 84.2 84.8 85.7 85.9 86 86 85.7 85.6
77.7 77 76.3 76 75.8 75.5 75.7 74.8 74 73.9 73.4 71.2 69.3 75.4 76 76 76 75.9 76.9 78 79.1 80 79.4 78.7 78.6 78.4 78.3 78.6 79 79.1 78.8 78 77.6 76.9 75.6 74.3 74 74 74.7 75.1 77.2 79.2 79.1 79.3 80 80.9 81.7 81.5 82 82.4 82.6 82.6 82.4 82.4 82.4 82.4 82.8 82.9 83.1 83.1 83.4 83.8 84.1 84.5 85.9 86 86 85.6 85.1 85.1 85.5 85.8 85.6 85.2 85.3 85.4 85.5 84.3 84.2 84.1 84 85.8 86 86 86 85.8 85.7
76.6 76.6 75.6 75.2 75.3 75.6 75.9 71 71.6 71.9 72.2 69.6 69.1 75.4 73.9 74.9 75.9 75.3 76.6 77.5 78.7 79.5 79.2 78 78 77.9 78.3 78.7 79.1 79.2 79.1 78.6 78.3 77.5 76.1 75 74.1 74.2 73.9 74.9 76.3 78.2 79.2 80.3 80.1 80.6 81.1 81.6 82.1 82.5 82.8 83 82.8 82.7 82.6 82.6 82.8 83 83.1 83.3 83.7 84 84.4 84.8 86 86 86 86 85.4 84.8 84.6 85.1 85.5 85.8 85.9 86.1 85.6 84.1 84.1 84 85.3 86 86 86 86 85.9 85.8
76.4 75 76 75.1 75.3 75.6 74.6 69.4 71 71.3 70.8 65.4 61.6 59 60.3 63.8 64.2 69.2 74.9 76.7 77.9 78.6 78.4 77.2 76.9 77.6 78.1 78.5 78.8 78.9 79.1 79.3 79 78.6 77.2 75.2 74.1 73.1 72.5 73.9 75.3 77.3 79.6 79.8 80.4 81.1 81.5 81.8 82.3 82.7 82.9 83.2 83.2 83.1 83 82.8 82.9 83 83.1 83.8 84.1 84.5 84.8 85.1 86 86 86 86 86 85 85.6 85.6 85.9 86.2 86.5 86.5 86.1 84.7 84 84 84.7 86 86 86 86 86 86
76.3 75.1 74.8 75.3 75.1 75.8 71.9 69.3 71 71 61.7 59.1 59.2 59.3 62.2 64.2 64.1 64 64.1 74.1 76.1 76.7 77.3 75.9 75.5 76.2 77.4 78 78.4 78.7 79.5 80.1 80.8 80.5 79.7 76.9 74.6 72.9 70.6 72.4 74.1 76.8 79 79.8 81.2 81.8 81.7 82.1 82.5 82.8 83.1 83.3 83.6 83.5 83.2 83 82.9 83 83.1 83.6 84.8 85.1 85.4 85.5 85.6 85.9 86 86 86 86 86 86.1 86.1 86.1 86.5 86.6 85.8 85 84.2 84 84 86 86 86 86 86 85.5
76.6 75.3 75.9 69.7 72.2 74.4 72 64.7 71.9 59.5 59.1 59 59 59.3 65.7 66 64 64 63.9 66.9 71.4 71.6 74.5 75.5 73.7 75.3 76.4 77.2 78.1 79.3 80 80.8 80.7 80.9 80.9 79.4 77.2 74.3 69.1 70.9 74.6 77.8 80 80.4 81.1 82 81.3 81.2 81.8 82.7 83.6 83.9 83.8 83.6 83.3 83.1 83 83 83.1 83.6 84.4 85.7 85.7 85.3 85.7 85.9 86 86 86 86 86 85.5 85.5 85.9 86.2 86.4 85.8 85 84 84 84 85.4 86 86 85.9 85 85.1
76.9 76 76.2 76.1 68.4 67.5 71.3 65.3 61.7 58.9 59.9 60.3 62 64 66.3 66.1 64 63.8 63.2 63.9 63.7 64.2 64.2 66.7 69.7 73.9 74.5 76.2 77.9 79.7 80.9 80.2 80.5 81 81 80 78 75.9 69.3 69.8 74.1 78.6 81 81 80.1 80.7 80 80.6 81.6 82.7 83.8 83.9 83.9 83.7 83.4 83.3 83.1 83 83.1 83.6 84.3 85.6 85.9 85.2 85.9 86 86 86 86 86 86 86 85.2 85.5 85.6 85.5 85.2 85.4 84 84 84 84 86 85.8 85.4 85.1 85.8
78.1 77 76.6 77.3 69 60.7 61.4 59.7 59.2 60.1 62.1 64.2 66.9 69.7 70.6 71 68.5 64.3 63.6 63.8 63.4 64 63.9 63.8 65.2 68.8 73.6 75.5 77.4 78.7 79.3 79.6 80.1 81 80.5 80.2 78.8 76.7 71 69.3 73 77.9 79.4 78.3 78.6 79.5 79.2 80.5 81.8 82.9 83.8 83.9 83.9 83.7 83.6 83.4 83.3 83.1 83.1 83.6 84.4 85.2 86 86 85.8 86 86 86 86 86 86 86 86 85.3 85.4 84.8 85.4 84.3 84.2 84 84 84 84 84.5 85.3 86.2 86.8
77.8 76.8 75.9 71.3 59.3 58.2 59.1 58.4 58.8 61.1 64.3 69.1 71.1 72.6 74.8 75.9 75.1 73.7 68.1 67.5 65.7 65.6 64.3 64.5 65.3 64.9 70.4 74 75.6 77 78.3 78.9 79.3 79.5 79.6 79.5 79 77.2 73.1 69 71.1 73.9 75.1 75.2 77.3 78.9 79 80.5 82 83.3 83.7 83.8 84 83.9 83.7 83.6 83.4 83.3 83.1 83.6 83.5 84 85 84.6 84.5 84.4 84.6 86 86 86 86 86 85.2 84.1 84.4 85.2 86.4 85.3 84.9 86 84.2 84.1 84.2 85.6 86.4 87.1 87.6
77.6 75.9 75.5 62.5 58.1 59.4 59.3 58.8 59.9 62 67.2 71.2 72.8 74.9 75.8 77 76.7 76.5 75.7 73.6 71.5 69.9 67.6 65.7 65.4 63.4 63.9 65.7 70.6 74.5 76.7 78.4 78.6 78.5 78.5 78.6 78 76.5 71.6 68.9 71.4 74.1 75.2 75.4 77 78.7 79.7 81.9 84 84.2 83.7 83.9 84 83.9 83.8 83.6 83.5 83.3 82.9 82.3 82.2 82.9 83.4 82.9 83.2 83.3 83.7 84.7 85.4 85.2 85.8 84 84.3 84 84.7 85.8 87 86.4 86.2 85.6 84.9 84.4 85 87 87.7 87.7 88.2
77.1 75.1 67.6 58.2 58.9 61.1 61.4 63.5 68.7 70.8 71.6 73 74 75.2 75.7 77 77.4 77.6 76.9 75.7 73.9 72.9 71.3 69.4 66.9 64.1 63.7 64 64.4 69.1 72.6 76.3 77.4 77.5 76.4 76.9 76.8 73.8 69.6 69 72.7 75.4 75.9 76.9 77.8 79.4 80.2 84.2 85.3 85.9 85.3 84.6 84.1 83.8 83.8 83.6 83.1 82.5 82.3 81.8 81 81.4 81.7 81.4 81.8 82.3 82.8 83.6 84.5 84.7 84.1 84 84 84.8 85.8 86.6 87.7 87.8 87.5 86.1 85 85.2 87.6 89.8 89 88.9 88.7
76.6 75.7 70.2 58.8 58.8 63.4 66.6 70.7 72.5 74.2 73.5 74.5 74.5 74.2 75.2 76.8 77.9 78 78 76.8 75.2 74.6 74.1 72.3 69.3 65.7 64.3 64.1 64.2 64.1 64.8 71.9 75.7 74.6 72 74.9 73.7 71.3 68.7 70 75.1 76 76 75.4 78.2 80.5 82.3 86 86 85.5 85 84.3 83.7 83.2 83.3 82.8 82 81.7 81.7 81.2 80.1 79.9 80.1 79.9 80.4 81.3 82.3 83.3 84.3 84.5 84.4 84 84.5 85.2 86.2 87.2 88.3 88.9 88.6 86.9 85.9 87.2 89.7 90.8 90.8 89.8 89.3
75.5 75 69.5 58.3 58.3 62.8 70.4 72.8 75 76 75.4 74 74.2 74 74.8 76.4 78 78.4 78.7 78 76.7 76.2 75.6 74.4 72.8 69.5 68.2 65.7 64.1 64.1 63.9 64 65.2 66.6 67 65.8 65.8 65.8 67.8 69.5 71.1 75.6 69.4 69 75.5 80.8 82 83.5 83.7 82.7 82.6 82.2 81.7 82.4 82.7 82.3 81.3 80.3 80.6 79.9 79.4 79.2 79 79.7 80.2 81.4 82.2 83.1 84.1 84.6 85.1 84.7 85.1 85.7 86.7 87.7 88.6 89.3 89.2 87.9 86.6 88.4 90.8 92.4 93.2 92.2 90.4
75.9 72.4 63.1 58.4 58.2 66.3 72.5 74 76 75.9 75.6 74 73.7 74.4 75.1 76.2 77.8 78.5 79.1 79.1 78.3 77.6 76.6 76 75.4 73.2 70.4 68.8 69.1 65.6 64 63.6 63.5 64 64 64.4 65.8 65.8 66.6 68.7 68.9 68.8 68.6 68.3 69.9 78.2 80.9 82.4 81.6 80.7 80.2 80.8 81.5 82.2 81.9 81.6 81 79.7 77.1 75.5 79.8 80.2 80.9 81.4 81.5 81.5 82.7 83.5 84.3 85 85.5 85.6 85.9 86.3 87.1 88.1 88.9 89.6 90 89.3 88.7 90.1 92.3 94.3 95.2 93.9 91.8
74.3 69.2 59.5 58.2 61.5 73 75.1 75.8 76 74.6 74.6 74.5 73.4 75.2 75.9 76.7 77.4 78.2 79 79.7 79.8 79 78.3 77.5 76.4 75.9 72.8 72.3 72.3 71.2 69.3 67.5 66.7 65.7 66.2 65.1 65.9 66.4 67.6 69.1 69.3 68.5 68.2 68.3 69.4 72.6 77.2 79.1 79.9 78.3 80.4 80.6 81.3 81.5 81.2 80.8 80.5 79 74.7 76.2 80.2 81.1 81.7 82.4 83 83.1 83.5 84.2 84.8 84.7 85.7 86 86.6 87.1 87.6 88.4 89.6 91 90.8 90.7 91 91.4 93.5 95 96 94.6 93.3
74.3 69.9 58.7 58.6 67.8 73 76 76 76 74.2 75.4 74.6 75 75.8 76.7 77.5 78.2 78.6 79.4 79.9 80.3 79.7 78.8 77.7 76.6 75.4 74.5 75.3 75.5 74 73.3 72.1 70.9 70.8 69.4 68 68.8 70.1 70.9 70.8 69.5 68.7 68.4 68.8 69.4 69 69.9 69.3 68.9 75.2 81 81 80.9 81 80.4 80.1 80.3 76.9 74.1 78.3 80.7 81 81.6 82.4 83.2 83.7 83.8 84.3 85.8 85.5 86 86.5 87.1 87.6 88.2 88.9 90.4 90.9 90.6 90.4 91.1 93.7 95.8 96 95.1 94.7 93.4
73.1 63.1 58.1 59 68.3 71.8 73.7 74.6 74.4 74 74.7 74.7 75.4 76.8 77.6 78.4 79.2 79.5 79.8 80.6 80.6 79.8 79.2 78.4 77.4 76.3 76.3 76.5 76.5 76.2 75.3 74.4 73.7 72.7 69.6 69.6 72 73.8 74.6 75.2 75 74.2 69.6 69 69 68.9 68.9 68.4 68.6 69.5 76.7 79.6 80.1 81 80.9 81 80.9 75.8 74.5 77.8 80.9 80.4 80.7 81.7 82.7 83.7 84.5 84.5 84.7 86.2 86.8 87.3 87.8 88.3 88.8 89.8 89.5 90.7 90 90.4 92.3 94.2 95 95.2 94.7 93.9 92.5
71.2 58.4 58.8 63.3 67 69.1 69.6 70.5 72.8 74.5 74 74.1 75.8 77.8 78.6 79.2 79.6 79.6 80.6 81.3 80.6 79.8 79.1 78.9 78.5 77.9 77.9 78.7 78.6 78.6 77.6 76.4 75.5 74.1 71.8 71.9 74.2 75.6 77.2 78.3 78 77.3 75.1 69.3 69.6 69 68.9 68.6 68.1 68.1 69.3 73.4 76.5 80.6 80.6 81 81 76.2 74.5 76.8 80.4 79.7 79.9 80.9 81.9 83.2 84.7 85.5 85.3 86.8 87.6 88.1 88.6 89 89.4 90.7 90.7 89.8 90.3 91 92.8 94 94.1 94.3 93.9 92.9 91.5
65.6 58.1 59.7 65.7 70 73.2 71.2 70.9 72.2 74.2 74 74.8 77.1 78.7 79.4 80 80.6 80.9 80.9 81.5 81.6 80.5 79.5 79.4 79.3 79.1 79.9 80.3 80.8 81 79.8 79 77.3 76.1 76 74.6 74.6 75.6 78.6 80.9 80.5 79.7 76.8 70.5 70.9 70 70.2 69.7 68.6 68 68.5 69.1 71.1 75.2 79.6 81 80.3 74.4 72.7 74.7 77 78 79.6 80.9 82.5 84.1 85.7 86.1 86.3 87.3 88.4 88.9 89.3 89.5 89.3 90.4 90.6 90.7 90.6 91.7 92.4 92.8 92.9 92.9 92.6 91.4 90.5
60 58.4 62.5 68.6 75.7 75.9 74.5 74.1 73.9 74.5 74.6 76.8 78.8 79.6 80.3 80.9 81.4 81.7 81.7 81.7 82.2 81.5 80.7 80.6 80.4 80.3 80.5 80.8 80.4 80.6 81 80.7 78.9 78.5 78.2 77.6 74.1 74.9 78.3 80.2 81 80.9 78.4 74.5 73.6 72.2 71.8 69.7 68.5 68 68.6 69.1 69 68.9 71.8 73.8 72 69.5 69 72.8 75.5 76.9 78.4 79.9 81.4 82.9 84.4 85.6 86.8 87.8 88.9 89.7 89.5 89.1 89.2 90.3 90.5 90.7 90.8 91.2 91.8 91.5 91.6 91.9 91.8 90.9 89
58.6 59.3 65.4 73.7 75.5 74.4 74.3 74 74 75.6 76 77.8 79.6 80.4 80.9 81.3 81.8 82.1 82.3 82.5 82.5 82.5 81.9 81.8 81.6 81.5 81.5 81.5 80.9 80.3 80.4 81 79.1 81 80.9 79.6 77.6 76.1 78.6 81 80.8 79.7 79.7 79.1 76.8 74.2 75.8 72.7 69 68.1 68.5 68.6 68.4 68.1 68 68.9 68.7 68.6 68.9 69.9 75.5 75.8 77.3 79.3 80.8 82.4 84.7 86.3 87.5 88.4 89.3 91 91 91 91 90.9 90.9 90.8 90.7 91.1 91 90.6 90.4 90.8 90.9 91 89.5
