webserver/python/data/SJ94.asc
ncols 200
nrows 200
xllcorner 390000
yllcorner 340000
cellsize 50
[rows 140 to 174 of 200, columns 78 to 155 of 200]
191.9 190.3 189.2 188.2 185.8 183.5 182.4 182.6 182.8 182.5 181.5 180.8 180.3 180.1 180 180.4 181.7 182.9 184.1 185.2 185.6 185.9 185.9 187.8 192.6 196.2 198.4 201.9 203.1 204.2 204 204.6 206.8 208.2 208.8 207.5 205.6 203.8 201.9 200.3 200 199.5 199.4 199.8 199.5 197.5 196.5 196.4 196.7 196.9 199 198.5 196.2 194.8 192.9 194.1 196 198.9 201.8 205.1 208.1 216.3 219.5 223.7 230 235.4 237.5 238.2 240.4 248.2 247.8 245.9 242.8 240.5 239.3 236.7 232.8 228.9
192.9 191.9 190.9 189.9 188 185.9 184.8 184.1 183.2 183 182 180.1 180 179.9 179.5 178.9 180.3 181 181.2 183.2 184.5 184.7 185.5 187.5 189.3 194.2 196.2 198.7 199.6 199.9 199.5 201.9 205.2 207.3 207.1 206.3 205.3 203.4 201 199.1 198.9 197.3 198.2 196.2 196.1 196.1 194.7 195.5 193.3 193.7 194.5 195.2 194.2 192.9 191.9 193.2 195.2 197.6 200.5 203.6 208.2 215.5 217.2 221.8 232.4 232 229 233.6 244.5 247.1 247 246.5 243.1 243.5 242.2 240.1 236.6 231.8
194.2 193.3 192.4 191.4 189.8 188.7 187.3 186.5 185.4 184.3 182.2 180.3 179.8 179.6 179 178.8 179.8 179.9 180.5 180.5 180.3 181.3 184.4 186.5 188 189.9 191.7 194.3 195.9 196.9 198.5 201.4 204 206.3 206.4 206.2 205.7 204.1 201.1 198.2 197.4 199.2 198.3 194.9 194.2 195.4 193.8 191.8 191.3 191 191.9 193.4 193 191.6 191 192.5 194.4 196.9 199.6 202.8 206.5 209.6 212.9 218.7 224.5 223.3 227.5 234.8 242 243.7 242.2 245.1 241.8 242.1 240.4 241 238.5 233.2
195.1 194.5 193.6 192.6 191 189.9 189.3 188.4 187.1 186.3 185.2 182.3 179.9 179.2 178.8 178.6 178.6 179.2 179.9 179.9 179.8 180.3 183.8 181.6 185.9 187.1 188.5 190.8 191.4 194.1 197.1 199.9 203.2 205.3 206.7 206.5 206.3 204.7 202.4 199.3 196.1 198.2 197.3 194 193.4 193.3 192.2 191.1 191.1 189.3 189.6 192.1 191.6 190.6 190.5 192.2 194.5 197 199.7 202.5 205.6 208.7 212 215.3 217.7 222.2 225.9 232.1 241.6 239.7 237.8 241.3 240.7 239.2 233.4 235 234.8 230.9
196 194.3 193.3 192.4 191.7 190.7 189.5 188.8 188.1 186.9 186.6 184.5 181.5 179.1 178.6 178.4 178.1 178.4 179.2 179.4 179.4 178 181.6 185.5 181.6 185 185.6 187.2 189.4 192.6 195.1 199.1 202.3 205.1 206.6 207 206.3 204.8 203.2 200.5 197.4 195.8 194.7 194 192.7 192.4 193 192.2 192.1 189.9 188.4 191.7 190.7 189.1 190.3 192.4 194.8 197.2 199.5 201.7 204.8 208 211.5 214.4 220.2 227.2 233.7 237.3 240.1 233.5 230.9 234.4 235.8 233.4 229.2 228.9 229.2 228
195 193.9 192.9 191.9 191.3 190.7 189.8 189.1 188.4 188.8 187.3 186 183.1 180 178.6 178.1 178.1 178.1 177.8 178 178.6 179.5 180.5 181.1 182.6 183.7 183.9 185.7 187.6 190.4 193.8 197.9 201.3 204.6 206.3 207.5 206.9 205.6 204.1 202 200.2 198.6 197.2 196.1 194.8 194.3 193.6 192.3 190.4 188.6 187.6 189.9 188.4 189.3 191.1 192.6 194.8 196.9 198.5 201 204 207.5 211 215 220.4 227.7 235.9 237.6 238.7 231.4 226 227.7 228.8 228.7 226.3 224.9 225.8 224.3
194.3 193.5 192.5 191.5 190.8 189.9 190 189.5 188.9 189.4 188.2 186.7 184.6 181.2 179.2 178.3 177.8 177.7 177.9 177.5 177.1 178.1 178.1 179.3 180.7 182.3 183.5 184.6 186.9 189.9 193.4 197 200.9 204.5 207.4 208.3 206.5 206.6 204.8 203.1 201.5 200 198.6 197.4 196.5 195.4 194.5 193.3 191 188.1 186.9 187.1 187.3 189.1 190.1 191.8 194.5 196.6 197.9 200.4 203.6 207.1 210.9 214.9 220.6 227.3 230.3 232.9 237.3 232.6 225.6 222.6 224.5 224.1 222.5 221.4 222.1 220.4
193.7 193.2 192.2 191.1 188.8 189 189.1 189.1 188.9 188.6 188 187 184.9 182.7 180.9 179.2 177.7 177.7 177.5 177.3 177 177.4 177.4 178.7 180.2 181.8 182.9 184.4 187.1 189.9 193.4 197.5 201.5 205.3 208.2 209.7 206.8 207.6 205.9 203.9 202.2 200.7 199.3 198.1 196.6 195.6 194.6 192.3 190.4 187.9 186.3 186.3 186.2 187.5 189.7 191.8 194.3 195.8 197.4 200.1 203.4 206.8 210.2 213.3 219 224.3 224.3 228.6 233.2 230.6 224.7 220.7 219.5 220.1 219.4 218.6 218.1 216.3
192.6 192.2 191.4 190.2 188.5 187.5 187.6 187.6 187.3 187.4 187.7 186.7 185.7 184.2 182.2 180.1 178 177.3 177.1 176.9 176.5 176.6 177.3 178.4 179.9 181.4 183 184.2 187.2 190.1 193.3 198 202.9 206.9 209.1 211.1 210.1 208.8 206.9 204.9 202.8 201.1 199.3 197.6 196.4 195.6 194.5 192.2 189.8 188.5 186 185.4 185.1 187 189.6 191.6 193.4 195.7 197 200.1 202.1 204.5 206.9 209.9 213.4 217.4 220.8 225.6 227.6 226.7 224.1 219.6 215.9 216.3 216.5 215.3 214.3 211.7
191.5 190.8 190.1 189.3 187.9 187.1 186.1 186.1 185.9 186.2 186.5 186.3 185.9 184.9 183.3 181.2 179.1 177.3 176.8 176.5 176.3 176.5 177.1 178.3 180.1 181.6 183.1 184.6 187.3 190.3 193.6 192.6 200.5 207.4 210.6 212.2 211.3 209.5 206.6 204.3 201.8 200.1 198.7 197.2 196.1 195.6 194.7 192.9 191.3 189.3 186.7 184.7 184.4 186.6 190 192.9 195.2 197.8 198.9 200 200.9 203.3 205.6 208.5 211.4 214 220.2 224.2 223.8 222 220.3 218.1 214.9 213.6 213.9 212.4 210.6 207.9
190.3 189.4 188.7 188 188.5 186.5 185.4 184.8 184.9 185.4 185.7 186.5 186.2 185.4 184.4 182.3 180.2 178 177 176.5 176.2 176.2 176.8 178 180 181.8 183.3 184.8 186.5 190.2 195 200.7 205 207.7 210.4 212.2 211.1 208.8 206 203.3 200.7 198.9 197.5 196.2 195.4 194.9 194 192.8 190.9 188.8 186.6 184.6 183.6 185.8 189.4 193.7 196.7 199.6 201.8 203 204.1 204.9 206 208.8 211.7 215.8 219.8 222.3 222.6 220.1 216.8 214.8 212.6 210.1 210.8 209.4 209.4 212.9
189 188.1 187.4 186.7 186.5 185 184.4 184.1 183.6 184.4 185.5 186.7 186.5 186.1 185.2 183.4 181.3 179 177.1 176.6 175.8 176.2 176.4 177.7 179.4 181.8 183.5 185 186.2 189.5 194.9 200.3 204.8 207.4 209.7 211.7 210.2 207.8 205 202.4 200 197.6 196.3 195.3 194.3 193.6 192.6 191.4 189.8 188 186.1 184 182.5 185.3 188.9 193.2 196.8 200.4 203.7 206.4 208 209.6 209.9 210.9 213.1 215.5 217.5 218.7 219.4 218.3 216.1 211.4 210.6 208.2 207.1 210.3 215.2 217.4
187.4 187.3 186.5 185.5 184.5 183.5 182.7 182.3 182.8 184.1 185.3 186.4 186.4 186.4 186.1 184.5 182.3 180.1 177.9 176.6 175.8 175.7 176.1 177.4 179.1 181 183.5 184.9 186 188 192.7 197.9 203.2 206.6 209.2 210 209.3 206.8 204.5 202.3 199.9 197.5 194.5 193.4 192.9 192.3 191.3 190.1 188.4 186.3 184.6 183.3 183 185.3 189 192.8 196.9 200.9 205.3 208.4 209.7 213.8 215.6 216.1 217.1 217 216.9 215.8 214.6 213.5 213 210.5 207.6 206 208.4 214.7 220.8 226.2
185 185.9 185 183.9 182.9 182 181 180.7 182 183.3 184.7 185.9 186 186.3 186 184.5 182.4 180.2 178.2 176.7 175.8 175.1 175.7 177.2 178.9 180.4 182.4 184.1 185.3 186.4 189.8 195.2 200.2 204.6 207.7 209 208.1 206.5 204.6 202.3 199.7 197.2 195.1 192.1 191.3 191.1 189.9 188.8 187.5 185.1 182.9 182.1 183.6 186.2 189.2 192.9 196.7 200.8 205.2 208.6 210.6 213.9 216.7 218 218.4 218 216.7 214.8 213 210.7 208.6 206.7 205 205.2 210.9 215.1 220.3 222.9
184.2 183.9 183.3 182.2 181.3 180.4 179.5 179.9 181.3 182.8 184.1 184.8 185.3 185.7 185.3 184.2 182.3 180.2 178.1 176.3 175.5 175 175.5 177.2 178.4 179.8 181.4 183.2 184 184.9 187.4 192.4 197.9 201.2 205.2 207.8 207.3 205.9 204.2 201.7 199.1 196.5 194.9 190.3 190.8 189.7 188.6 187.4 186.2 184.2 181.8 180.6 184.3 187.4 190.6 193.3 197.2 200.2 204 206.3 207.7 209.5 212.6 214.6 216.5 217.8 216.2 215 213.6 211.6 208.1 205.3 203.8 203.8 207.4 211.5 213.7 215.9
182.5 182.3 181.2 180.6 179.8 179.1 178.4 178.9 180.2 181.4 182.6 183.7 184 184.2 184 183.1 181.7 179.9 177.7 175.9 175.1 175.1 175.4 176.5 177.7 179.2 180.8 182.4 183.1 184.5 186.6 191.1 195.9 199.9 203.2 206.1 206.8 205.3 203.2 200.8 198.3 195.6 193.6 191.7 189.9 188.6 187.4 186.2 185.1 183.1 180.9 181.6 185.8 190 193.1 195.8 197.9 200 201.7 203.1 204.6 206.3 208.1 211.5 215.3 216.8 216.7 215.6 214.1 211.9 208.3 205.2 204.3 202.5 204.9 207.8 210.6 213.5
181 180.3 179.9 179.5 179 178.5 177.9 178.1 178.7 180 181.2 181.8 182.4 182.7 182.3 182 180.7 179.2 177.4 175.5 174.9 174.7 174.8 175.8 176.9 178.6 180.1 181.2 182 184.7 187.8 190.8 194.7 198.4 202.5 204.2 205.4 204.8 201.7 199.5 197.2 194.9 192.9 191.2 189.2 187.6 186.3 184.7 183.8 182.4 180.2 182.2 185.4 189.6 193 195.1 196.7 197.5 198.5 200 200.2 202.2 205 209.3 212.4 214.9 215.2 215.7 214.2 211.5 208.4 205.8 202.3 201.7 203.2 205.4 208.2 211.2
181.1 180.5 180.5 179.8 179.1 178.8 178 177.4 177.5 178.5 179.2 179.8 180.2 180.2 180.3 180.3 179.7 178.2 176.8 175.1 174.5 174.3 174.4 175.2 176.1 177.6 178.3 179.8 181.3 184.7 187.9 190.9 194.7 197.5 199.2 201.4 202.7 202.2 200.6 197.4 195.1 193.1 191.6 190.2 188.3 186.7 185.2 183.2 182.4 181.5 180 180.9 184.2 188.2 191 193.4 194.8 195.7 196.3 197 196.5 199.2 202.9 206.6 209.6 213 214.1 213.9 213.1 210.8 208.4 205.3 202.3 200.1 200.8 203.3 206.2 208.6
182.8 181.7 180.9 180.3 179.7 179.4 178.7 177.7 177.3 176.8 177.2 177.6 177.2 177.5 177.6 177.7 178.2 177.3 175.9 174.9 174.2 174 174.1 174.5 175.3 176.1 177.2 178.4 181.3 184.7 187.7 191.3 194.5 196.5 197.6 198.9 199.9 199.9 197.4 196.1 193.2 190.9 189.3 188.3 187.4 186 185 183.2 181.8 180.3 179.8 180.4 182.2 185.4 188.6 190.8 192.9 193.5 193.8 194.1 194.9 198.3 201.2 204.3 207.7 210.1 210.9 212.1 211.9 209.1 207.5 204.4 201.4 199.1 198.6 201.2 203.8 205.8
182.6 182 181.2 180.6 180.4 180.2 179.5 178.6 178.1 177.6 177 177 175.4 174.7 175.3 175.8 176.3 177 175.9 174.9 174 173.8 173.9 174.9 175.6 176.4 177.5 179.3 180.5 183.7 186.1 189.9 193.5 194.8 196.2 197.2 197.4 193.3 197.2 196.1 193.4 190.6 188.6 186.9 185.7 184.7 183.4 182.7 181.4 180 179.1 179.7 180.9 183.4 185.6 187.7 189.3 189.5 189.3 191.3 194.2 196.8 199.1 202.1 205.4 208.3 210.5 211.5 210.6 209.1 207.4 204.2 200.2 198.1 197.9 199.1 201.1 202.4
182.8 182.2 181.6 181.7 181.5 180.6 178.3 179.5 178.8 178.1 177.6 176.7 176.4 175.7 175 173.9 174.3 176 175.9 174.9 173.9 173.7 173.6 174.3 175.4 176.6 178.4 180.2 181.2 183 186.5 188.8 191.8 193.4 194.4 194.4 195.9 196.9 197.1 196.3 194.3 192.2 190.7 188.9 186.6 184.1 182.2 181.9 180.9 179.8 178.6 180.5 181.3 182.1 183.2 184.4 184.5 186.8 189.3 191.4 193.5 195.1 197.7 200.6 203.6 207.1 209.5 211.9 211.5 210.2 208.4 205.1 201.1 198.4 196.8 197.4 199.4 199.1
183.5 183.2 182.7 182.8 182.5 182.5 181.4 180.5 179.9 179.2 178.5 177.6 176.9 176.7 175.7 174.4 173.8 174.8 175.3 174.6 173.7 173.5 173.4 173.6 174.7 176.3 178.4 180.7 181.8 182.9 185.5 187.9 190.3 191.5 191.8 193.3 194.7 196 196.5 196.2 195.2 194.3 192.7 191.1 187.9 184.8 182.7 180.9 180.3 179.2 178.5 180.1 181.2 181.1 181 182.8 185.7 188.5 191 193.7 196 197.1 199.3 202.3 205.1 208.5 210.7 212.1 212.5 211.2 209.3 206.3 202.7 199.5 196.4 195.8 196.5 198.1
184.6 184 184.4 184.1 184.2 183.8 182.5 181.7 181.1 180.4 179.4 178.4 177.7 177.1 176.3 175.7 174.1 173.7 173.7 174.3 173.5 173.1 173.2 173.2 174.3 176.1 178 180.5 182.1 182.9 184.1 185.9 187.5 189.3 190.2 190.9 193.3 194 194.7 196 196 196.5 196.2 193.1 189.4 185.7 183.3 181.4 179.7 178.9 178.5 179.2 180 180.5 182.7 185.5 187.9 190.3 192.3 195 197.5 200 201.4 204.2 206.8 209.5 211.8 212.2 212.5 211.8 209.5 207.2 203.9 200.8 197.5 194.3 194.2 198.4
185.8 184.2 184.4 184.5 184.2 184.6 184.3 183.6 182.6 181.2 180.2 179.2 178.5 178 176.3 174.9 174.3 174.8 173.3 173.4 173.1 172.4 173 172.5 173.8 176.2 178.1 180 181.5 182.5 183.8 183.5 185 186.9 187.7 188.6 191.4 191.7 193.8 196 196.5 197.4 198.1 195 190 186.1 183.4 181.3 177.7 178.2 178.3 177.8 178.7 180.6 182.6 185.5 188.4 190.7 192.9 195.4 198.5 202.9 203.8 205.3 207.9 210.5 212 211.9 211.7 211.3 209.3 206.8 204.1 201.2 198.3 194.4 193.1 198.6
184 184.1 184.4 186.5 185.5 182.8 186.1 185.4 183.3 181.9 181 180 179.2 177.6 176.1 176 175.7 175.3 174.4 174.7 172.6 172.4 172.1 172.1 172.1 176.4 177.7 179.3 180.9 181.4 181.2 181.4 182.5 184.4 185.9 187.2 188 189.6 191.7 194.9 196.5 197.3 199.1 195.8 190.9 186.3 182.6 180.4 177.2 177.5 177.8 176.9 177.9 180 182.2 185.1 187.6 190.6 193.3 195.6 199 202.3 204.6 205.9 208.2 210.9 212.1 212.6 212.2 211.1 208.6 205.8 203.1 200.4 197.2 193.9 191.9 197.4
184.1 184 184.3 187.6 187.2 187.2 181 186.1 184.3 182.6 181.7 181.2 179.9 177.7 177.5 177.6 178 177.5 176.5 174.6 173.1 174.3 171.8 171.8 174 176.3 177.1 178.7 179.7 179.5 179.2 179.7 181.2 183.7 185.4 185.2 187.1 187.9 190.7 193.2 194.5 196.7 198.1 197.2 192 186.7 181.7 179.6 176.2 176.3 177 176.5 177.9 179.2 181.4 184.1 185.9 189.2 192.5 195.6 198 200.8 202.7 203.9 208.6 210.5 210.8 211 210.7 209.9 207.7 204.8 202.2 199.5 197 194 191.2 193.7
184.5 184.3 184.6 188.3 188.1 188.3 188.3 179.8 185.1 183.4 182.4 181.6 180.4 179.4 178.9 179.4 179.7 179.1 177.9 175.9 173.9 172.2 171.9 171.6 173.2 175.8 177.1 177.7 178 178.3 177.6 179.1 180.9 183.3 185 183.7 186.1 186.8 188.5 191 192.2 194.3 196.5 196.7 192.4 185.9 181.5 178.5 177.8 176.3 177.1 175.4 178.3 180.1 181.4 183.9 185.5 188.6 191.7 194.9 197.4 198.4 200.3 202.5 206.3 208.4 209.2 209.4 209.2 208.5 207 203.6 200.9 198.1 196 193.8 190.8 191.3
186.7 185.3 184.8 189.1 189 188.9 188.5 187.3 180 184.1 183.2 182.4 181.4 180.7 180.5 180.5 180.3 179.9 178.8 176.9 174.9 173 172 171.2 173.5 174.7 175.9 176.6 176.8 176.7 175.6 178.2 180.7 182.8 183.7 184 184.2 185.8 187.1 188.8 189.9 191.6 194.4 194.8 192.5 188.9 183.4 180 177.8 175.5 175.8 174.6 176.6 180.2 182 182.8 184.8 189 190.2 192.2 196.5 198.5 200.2 201.5 203.9 205.5 207.1 207.6 207.3 206.9 206.4 204.4 201.2 197.9 195.3 193.1 190.5 189.3
189.3 189.9 189.1 189.7 189.7 189.6 188.6 187.2 180.6 182.7 184 183.2 182.4 181.6 181.1 181.1 180.9 180.5 179.4 178 175.9 174.1 172.2 170.8 171.3 172 174.5 175.4 175.3 174.1 175 177.3 179.5 181 182.3 182.6 181.8 183.4 185.1 186.8 188.1 189.3 191.5 193.4 192.1 190.2 186.4 181.7 177.9 176 175.8 175 175.5 178.8 179.6 183.9 184.7 186.6 190 193.2 195.7 198.1 199.6 199.6 200.5 203 204.6 205.6 205.3 205 205.3 204.2 202.9 200.9 197.5 190.2 189.4 188.9
191.2 191.8 192.1 191.6 191 190.3 188.8 187.7 185.5 179 184.8 184 183.3 182.5 181.7 181.6 181.5 180.8 179.7 178.6 176.8 175 172.9 171 171 171.7 172.8 174 173.3 172.8 174.2 175.5 177.5 179.2 180.5 181.1 180 181.5 183.2 184.9 186.3 187.3 189.3 190.8 190.9 189.4 186.2 181.2 178.3 176.7 175.6 174.8 174 177 179.4 181.2 183.7 185.1 187.8 191.7 194 196 198.2 198.9 197.3 200.3 202.4 203 203.2 203 203.3 202.8 202.4 201.8 199.8 196.2 193.5 189.1
191.4 192.1 192.3 192.1 191.9 191.4 189.2 188 186.7 181.7 178.6 184.3 183.9 183.4 182.6 182.2 181.9 181.1 179.9 178.6 177.4 175.4 173.2 171.6 170.5 171 171.6 171.7 171.5 171.3 173.1 174.2 175.5 177.3 178.2 177.5 178.7 180.2 181.8 183.3 183.9 184.4 186.4 188.3 188.4 187.6 185 181.5 177.5 176.3 175.6 174.8 173.9 173.5 175.1 179.5 182.2 184 187.2 190.1 191.3 193.8 195 196.9 195.2 197.8 200.4 200.6 200.7 201.1 201 200.9 201.9 201.6 200 197.7 195.4 192.5
191.4 192.2 192.3 192.2 192.2 191.7 190.5 188.7 187.3 185.9 178.9 182.6 184.2 183.8 183.4 182.8 182.2 181.3 180 178.8 177.6 175.5 173.2 172 170.8 170.2 170.5 170.4 170.4 171.6 171.6 172.1 173.6 175 175.2 174.5 176.3 178.7 180.5 181.9 182.6 183.5 184.4 185.9 186.4 186.4 183.9 182.3 176.7 175.6 175.3 174.8 173.3 173.5 174 176.2 179.6 181.6 184.2 186.2 187.9 191 193.2 190.2 191.7 195.2 197.9 198.3 198 198.3 198.9 200.6 201.5 201.4 200.4 198.6 196.8 195
192.5 193.1 192.8 192.5 192.5 192 190.8 189.5 188 186.1 185.3 178.1 184.2 183.6 183.2 182.9 182.4 181.4 180.2 179 177.8 175.6 173.6 172.8 172.1 170.6 170.1 169.6 169.8 169.7 171.1 170.3 171.7 172.3 172.9 172.5 174.1 175.8 176 180.9 182 182.7 183.4 184.6 185.3 185.1 184.4 180.8 180 177.8 176.8 174.5 173 173.1 174.4 176.7 176 179.6 181.2 182.8 185.7 188 190.1 190.8 189.9 192.9 196.3 197.1 196.4 195.6 196.6 198.8 200.6 200.9 200.2 198.8 197 195.7
193.8 194.5 194.9 194.4 193.6 192.5 191.3 190 188.4 187 185.5 184.7 177.9 183.3 182.9 182.2 181.6 180.4 179.3 178.1 177.2 174.8 174.4 174 173.6 172.4 171.3 170.2 169.7 169.2 169 170.4 169.4 170.4 171.1 171.6 173 174.5 174.9 175.5 179.9 181.3 182.3 183.4 184.4 184.6 182.7 183.3 181.4 179.1 176.8 174.4 172.8 172.6 174.1 175.3 176.1 177 179.4 180.7 183.5 185.2 187 188.4 188.7 192.3 194.9 195.9 195 193.2 194.8 196.9 198.8 200.2 199.5 198.4 196.3 194.8
195.2 195.4 195.4 194.6 193.4 192.2 190.6 189.2 187.8 186.3 184.9 183.8 182.7 177.9 181.8 181.3 180.6 179.4 178.2 177.4 176.4 174.3 174.4 175.9 176.4 175.5 174.2 172.1 170.7 169.8 169.2 168.5 170.2 168.9 169.7 170.2 171.3 173.2 174 174.6 177.5 179.9 180.9 182.2 183.2 183.5 182.6 183.2 181.7 179.4 177.6 174.6 172.3 172 172.6 173.7 174.9 176.5 178.2 179.4 180.8 182.5 184.1 185.1 187.5 190.9 193.2 194.6 191.7 191.1 191 194.2 196.9 198.4 198.8 198.1 196.4 193.7
