webserver/python/data/SJ95.asc
ncols 200
nrows 200
xllcorner 390000
yllcorner 350000
cellsize 50
[rows 105 to 139 of 200, columns 0 to 77 of 200]
212.8 216.5 220.8 226.2 230.3 235.7 239.8 242 245.2 250.9 263 274 267.9 264.8 262.9 262.9 259.4 258.4 261 263.9 266.1 267.8 268 265.7 263.7 263.3 262.7 258.8 250.7 243.2 239.3 236 233.1 229.7 226.8 223 221.8 222.2 219.7 215.3 210.7 205.6 199.3 192.8 190.8 192.4 193.8 192.7 194.1 197.2 196.4 196.1 195.5 194.9 194.7 196.2 194.5 192.1 189.2 186.2 183.8 176.3 167.7 161.6 153.7 147.8 145.7 144.2 144 143.7 143.4 143.2 144.3 147.7 149.1 150.4 151 151.5
210.9 214.7 218.6 224.1 226.9 230.8 237 242.1 244.3 248.4 256.8 271.1 272.4 269.2 267.5 266.7 262.8 260 260.8 263 265 266.9 267.5 265.6 263 261.7 261.3 257.6 249.4 242.1 237 233.1 230.1 226 223.6 220.4 218.8 219 218.2 214.4 209.9 204.6 199 192.8 187.9 187.8 189.3 187.8 187.1 188.6 189.6 191.2 189.7 189.4 189.9 192.1 193.8 193.9 190.8 187.5 184.1 176 166.6 161.1 151.8 146.4 144.6 144.1 144.1 143.7 143.3 143.1 145.4 147.6 149.6 151 151.4 151.8
209.1 212.4 216.5 220.6 222.7 227.5 235.2 241 243.5 246.3 252 263.6 270 271 270.4 269.3 265.9 261.1 259.3 260.9 263 265.4 266.5 265.9 262.9 260.2 259.3 256.1 248.3 238.3 234.1 230.5 227.1 223.7 220.4 218 216.1 216.2 217.3 213.3 208.7 203.4 198.1 194.1 187.8 183.1 183.9 182 181.4 182.9 184 183.2 184.3 184.9 185.3 187 189 190.7 191.4 187.9 183.5 176 164.2 158 149.7 145.5 143.8 143.9 144 143.8 143.4 143.3 145.4 147.4 149.5 150.3 150.8 151.6
206.2 208.3 213 216.5 218.9 223.1 231.3 239.4 243.5 245.6 248.9 259.2 268.2 271 271.1 271.5 268.7 265.8 259 257.9 259.7 263.3 265.3 265.5 262.5 259.4 257.5 255 246.8 236.5 230.7 225.8 224.4 222.4 219.3 216.9 213.7 212.5 214.5 211.4 207.2 202.2 196.9 193 190.1 186 181.9 178.5 174.6 178.3 179 178.7 179.5 182 182 183.4 185.2 187 188.4 185.7 182.8 175.5 162.1 154.3 148.6 144.9 143.4 143.6 143.8 143.9 143.4 143.5 145.4 147.3 149.1 149.8 150.5 151.3
202.7 203.7 207.7 212.7 215.4 219.4 226.6 238.5 242.9 244 246.5 254.2 265.5 270.4 271.3 272 271.6 268.4 263.1 257.5 256.8 261.1 263.2 264.5 262.3 258.8 255.8 252.4 242.7 232.2 227.5 218.7 216.9 219.6 217.3 214.3 211.8 209.7 210.5 207.5 203.8 200 194.9 192.2 189.7 186.8 183.8 180.7 176.9 173.4 173.9 174 176.1 178.4 178.9 180.3 182.2 184.1 186 184.6 181.8 174.9 161.3 153 147.7 143.7 143.2 143.4 143.6 143.8 143.2 144 146 147.9 148.8 149.5 150.3 150.8
198.2 198.5 201.8 206.8 211.9 215.9 221.9 234.2 240.5 241.7 243.3 249.5 261.4 269.9 271.2 271.9 272.5 269.9 265.8 259.1 255.9 257.6 259.3 261.7 262 258.1 254.2 248 232.7 225.1 219.2 211.5 210.6 215.2 215.2 211.9 210.4 207.7 205.8 203.7 200.3 196.9 193.2 190.3 188.3 185.7 182.9 180.7 177.2 174 168.8 170.4 172.6 174.7 175.9 177.5 178.8 180.7 183.2 183.6 180.4 174.4 160.7 152.7 146.9 143.1 143.1 143.4 143.7 143.5 143.3 145 146.5 148.3 148.6 149.2 150 150.2
193 194.4 196.3 202.1 208.4 211.1 217.2 229 237.8 238.9 241.9 246.8 257.7 269.5 271.6 272 271.6 269.8 266.8 261.8 256 255.2 255.8 258.1 261.2 256.7 251.2 246.7 230.1 218 210.9 206.4 204.3 205.2 207.6 206.8 205.5 206.3 202.7 199.3 196.2 192.3 187.3 186 183.4 184.2 183.1 181.1 177.9 173.8 169.9 167.1 169.2 170.6 172.7 173.9 174.9 176.8 180.2 181.7 178.3 172 159.7 151.1 145.5 143.1 143.1 143.3 143.7 143.2 143.9 146 147.2 148 148.3 148.9 149.3 149.5
188.6 191.1 193.2 196.9 202.5 206.3 211.4 221.5 233.4 238 241.7 245.8 254.6 266.5 271.1 271.4 270.6 269.9 267.1 263.4 258 254.5 253 254.6 259.5 253.8 240.2 236.7 224.9 213.8 206.8 202.9 200.3 200.2 201 200.9 200.4 202.8 201.7 197.4 193.9 190.3 187.6 184.3 181.6 182.6 182.8 181.3 178.3 174.2 170.1 165.1 165.4 167 168.7 169 169.7 172 176.6 179 175.6 168.8 158.3 149.1 144 143.1 143 142.8 142.9 144.5 145.2 146.1 147.1 147.5 147.8 148.3 148.6 148.2
184.6 187.4 189.8 193.4 198.8 201.8 206.7 218 231.1 238.7 242 245.5 251.7 262.6 270.1 270.3 269.5 268.7 266.6 263.6 260.1 257.1 254.3 251.8 253.6 246.2 235.5 228.9 221.2 216.1 212.9 207.6 202.2 199.1 197.1 196.2 196.7 198.3 200.6 196.8 192.9 189.7 187.7 185.3 181.9 177.3 180.8 180.4 177.5 173.5 169.7 165.9 163.4 164.6 164.8 165.3 165.6 167.8 172.4 175.3 172.7 165.5 157.2 148.5 143.9 143.1 142.9 142.6 142.3 144.6 145.4 146 146.1 146.6 147.1 147.3 147.4 147.2
180.4 183.1 187.3 191.2 195.6 198.8 204.3 215.9 228.5 239.4 241.9 245.4 249.8 259.9 270.3 269.7 268.3 267.3 266 263.2 260.2 257.5 255.9 254.2 251.8 243.2 235.5 229.1 228.3 225.4 223.2 215.4 206.7 201.9 200.1 197 194.6 193.7 196.3 192.2 187.7 184.5 184.2 184.5 181.3 176.8 175.3 175.7 174.1 170.8 167.9 164.4 162.2 161.3 161 162.2 163.3 163.6 167.9 170 168.6 163.5 157.5 150.8 144 143.1 142.8 142.6 143.1 144.6 145.3 144.9 144.6 145.4 146.1 146.6 146.7 146.2
177.9 181.6 184.6 189.4 194.4 199.8 204.7 211.9 225.2 238 242 242.9 249.2 257.7 268.8 270.6 267.2 265.8 264.4 262 259.6 257.8 256.8 256 255.5 251.6 242.2 238.5 243.5 237.4 229.8 222.7 213.6 209.7 205 200.7 197.3 192.6 191.3 188.6 186.6 183.3 179.7 179.3 177.2 172.6 170.7 170.9 170.9 168.8 165.4 162.5 160.3 158.1 158.4 159.1 160.8 161.2 163.9 165.4 164.5 161.5 158.6 152.5 144.8 143.2 142.8 142.4 143.2 144.6 144.4 143.6 143.3 144.1 144.9 145.7 146 145.2
177.8 181.5 185.2 189.7 194.8 201.8 207.2 212.7 223.2 235 237.7 238.9 245.1 255.3 265.3 272.2 265.7 264 262.9 260.5 258 256.1 255.9 255.7 255.6 255.7 250.2 247.9 247.6 244.1 234.7 228.8 219.3 215.4 211.6 207.2 202.7 196.5 196.8 198.7 193.5 189.1 183.7 182.1 180.9 178.4 174.9 171.1 167.1 166.3 165.9 165.8 165.2 162.7 156.4 155.1 154.9 157.3 159.4 160.8 160.2 159.1 157.9 152.8 146.1 143.9 142.7 142.3 143.6 144.1 143.6 142.8 142.4 142.4 143.4 144.3 144.8 144.2
178.8 183.4 188.1 191.6 196.1 203.2 209 214.7 221.2 231.7 231.2 231.1 236.2 250.7 261.4 269.4 263.8 262.4 261.3 258.9 256.2 254.3 254 253.8 253.8 254 251.7 248.3 247.7 247.3 239.2 232.7 228.1 223.2 216.4 210.4 205.6 202.2 202.9 204.3 201.5 197.4 194 188.3 184.4 180.9 177.5 175 173.1 171.7 171.3 171.8 170.9 170.4 167.5 161.1 155.3 152.8 154.1 155.3 155.7 155.8 154.5 150.9 146 143.8 142.7 143.2 142.9 143 142.7 142.2 141.8 141.4 141.6 141 142.1 142
179.1 184.4 189.9 193.8 197.6 204 209.2 214.5 220.4 228.1 228.4 227.9 228.4 241.3 258.4 266.3 262.3 259.9 259.2 257.1 254.5 252.7 252.1 251.9 251.6 251.5 250.3 247.4 246.1 246.5 242.1 236 231.9 225.9 219.9 214 209 204.9 206.4 205.1 202.6 198.9 194.9 191.2 190 185.9 181.2 177.7 176 174.5 175.2 176.3 177.1 180.2 177.3 170.5 161.4 154.9 150.4 150.9 152.3 151.5 149 146.7 144.9 143.8 143.8 142.7 141.2 140.8 142 141.6 141.3 140.9 140.7 141.2 141.7 141.1
179.7 185.4 191 196.9 200.7 205 209.9 214.9 219.7 226.8 234.8 228.4 225.7 232.7 249 262.6 262.1 258.5 257 255.4 253.1 251.3 249.7 249.6 249.5 249.1 248.4 246.1 244 243.9 245.2 238.2 233.7 228.6 222 217.3 212.7 209.3 207.8 205.8 203.4 199.3 196.8 195.4 193.1 188.6 184 180.6 179.8 178.9 180.5 181.1 188 192.1 186.5 178.9 169.8 159.4 153.6 150.4 149.2 148.2 147.1 146.1 145.1 144.2 143.9 143.5 143.1 142.1 140.8 140.8 140.5 140.6 140.8 141.3 141.6 140.9
179.4 184 190.4 197.4 202 205.5 210 215.1 219.4 224.6 233.4 232 226.5 227 238.6 257.6 262 255.1 253.7 253.2 251.9 249.4 246.8 246.7 246.6 246.2 245.8 244.3 242.2 241.5 243.9 239.6 234.4 229.6 224.2 218.6 214.4 211 208.9 206.7 204.2 201.7 199.5 197.1 194.5 190.1 186.2 183.7 182.5 183.8 185.8 190.4 193.8 195.9 191.7 183.6 174.3 163.4 156.5 152.7 149.3 148.1 147 146 145.1 144.2 143.5 143.1 142.7 142.4 142.3 142.1 141.9 141.4 140.9 141.2 141.4 141
179.8 183.6 190.6 198 203.8 207.6 212 216.1 219.5 223.9 229.8 245.4 230.3 225.1 233 248.3 259.2 254.2 251 252 250.2 247.6 244.9 243.8 243.6 243.2 243 242.3 239.9 238.4 241.2 238.9 233.8 229.6 223.9 219.2 214.4 210.5 208.3 206.7 204.7 202.5 200.2 197.6 195.5 192.3 188.8 187 186.3 187.6 188.9 191.9 194.6 196.4 194.3 187.2 179 167.2 158.6 153.4 150.1 148 146.9 145.9 145.2 144.1 143 142.8 142.7 142.6 142.1 142.1 142 141.6 141.5 141.4 141.3 141.2
180.6 183.9 192 200.1 206.2 209.1 213.1 217.1 219.7 223.4 228.9 241.5 237.7 224.8 226.3 239 253.3 252 248.6 249 247.7 245 242.4 240.7 240.5 240.1 239.9 239.7 237.9 235.3 238.5 238.4 233.5 229 223.8 219.3 214.3 209.9 206.9 204.2 203.4 201.7 199.3 197.4 195 192.5 190.4 188.8 187.3 187.2 188.7 190 192.4 195.2 195.7 189.7 182.4 170 160.1 154.1 149.1 147.1 146.7 146 145.3 144 143.1 143.1 143 142.8 142.2 141.9 142 141.8 141.7 141.8 142.3 142.4
181.9 184.6 191.9 199.6 207.1 210.5 213.1 216.6 219.3 222.9 227 234.7 244.4 226.9 220.3 229 247.9 250.1 245.9 245.2 245.1 242.3 239.6 237.3 237.3 237 237.1 237.2 235.8 232 235.8 237.6 233.3 228.7 222.7 218 212.8 207.9 203.7 200.5 201.1 199.7 197.2 195.2 193 190.9 189.1 187.2 185.3 184.9 185.6 186.8 188.9 192.3 194.8 192.2 184.6 170.8 159.7 152.7 148.2 146.1 146 145.8 145.2 144.2 143.2 143.3 143.2 142.9 142.3 142.3 142.4 144 143.1 142.8 143.2 144
182.9 185.3 190.4 197.6 205.6 210.1 212.7 216 219 222.4 226.2 231.7 241.8 228.9 218.9 222.5 240.1 248.3 242.2 242.1 242.7 240.1 237.2 234.3 234.1 234.3 234.5 234.7 233.5 231.9 231.6 234.5 232.7 227.9 222.1 215.8 209.8 203.5 201.5 194.1 197.3 197.5 195.2 192.7 190.6 188.9 187.2 185.2 182.9 181.6 182.6 182.9 184 187.2 190.6 192.1 185.4 171.8 159.3 152 147.3 144.8 145.7 144.7 144.9 144.4 143.4 143.4 143.5 143.1 143.2 145.6 146 147.5 147.8 148.1 148.6 149
183 185.7 189.5 195.5 203.6 209.3 212.5 215.3 218.6 221.9 225.3 228.6 237.6 232.7 219.7 218 229.1 244.4 239.7 238.2 239.6 237.4 234.5 231.8 232.3 231.7 231.9 232.1 231.9 230.8 227.8 230.3 230 226.1 220.6 214.6 209.8 199.3 194.7 192.6 191.7 194.4 194.1 191.2 188 185.8 185.1 182.6 180.9 179.6 179.5 179.1 179.2 180.8 182.6 186.2 183.9 172.7 159.8 151.1 147.2 145.8 144.7 143.6 143.8 143.9 143.5 143.6 143.7 147.8 147.7 148.4 150 151.3 152.1 153.2 153.7 153.8
182.8 186 189 194.3 202.4 208.8 211.8 213.9 217.3 220.8 222.8 227.6 233.6 236.4 220.9 214.4 221.3 238.8 236.9 234.6 235.2 234.4 231.2 230.1 227.8 229.4 229.5 229.7 229.3 228.1 225.4 225.7 227.2 224.3 219.2 213.5 209 201.9 194.5 189.7 182.8 190.4 192.2 189.6 186.7 183.8 180.9 179.9 178.6 177 176.4 175.8 175.1 175.5 175.8 177.7 178.2 173 162.9 152.3 146.3 145.4 144.5 143.8 143.6 144.5 145 147.7 150.2 153.2 154.1 155.2 155.6 156.5 156.9 157.8 157.8 156.9
183.6 185.9 189 193.3 201.6 207.4 211.2 212.9 215.4 217.9 221 225.3 229.6 236.3 222.8 212.5 214.2 232.3 235.4 230 230.2 230.7 228.1 226.9 226.1 227.8 227.3 227 227.9 228.3 226.8 221.1 223.7 224.2 219.2 214.1 208.4 203.1 195.6 191.3 185.7 185.1 189.9 188.4 186 183.9 179.7 174.5 174.8 173.9 173 172 171.4 171.2 170.3 169.8 170.1 168.6 161.7 150.7 146.1 144.1 144 143.6 143.8 145.5 147.9 152.2 155.9 158.4 160.1 161 161.2 162 162.1 162 162.1 160.9
183.7 185.6 189.2 194.3 199.4 203.8 208.9 211.7 213.2 214.6 219.2 222.2 224.4 229.5 224.3 212.8 211.8 224 232.4 225.8 224.3 227 225.1 222.7 224.9 225.7 225.4 225 225.2 226.4 225.8 223.5 219.6 221.2 217.2 213.1 208.5 203.6 199.5 193.9 187.9 178.6 184.6 186.8 184.5 182.2 179.8 175.2 170.7 170.1 169.1 168.5 167.9 167.2 165.6 164.8 162.7 160.7 155.2 148.9 144.9 143.5 143.1 143.5 144 145.9 148.2 154.7 158.3 160.7 163.9 166 166.2 167.2 167.4 167 166.5 165.1
184.5 184.6 186.7 191.5 194.6 199.8 206.2 212.4 213.3 214 216 218.6 219.8 223.5 224.3 213.9 209 214.8 227.1 223.1 218.9 222.4 220.9 219.5 220.4 223.1 222.7 222.8 223.1 223.6 223.6 221.6 218.7 217.1 216.6 212.8 207.8 203 199.3 194.8 189.9 185.8 173.2 180.6 182.3 179.1 178 175.8 170.9 165.1 165.6 165.1 164.9 163.1 161.9 160.2 157.6 154.9 151.2 146.4 144.3 143.3 143.4 143.7 143.9 145.4 148.9 154.4 158.3 162.2 166.7 170.7 172.4 173.6 172.9 172.4 170.9 168.2
186.2 183.7 184.1 187.3 190.6 195.3 204.5 210.8 212.5 213.6 215.7 215.3 214.4 217.2 226.8 215.6 208.8 208.7 218.8 217.8 215.4 216.3 217 215.3 218.1 219.6 220.1 220.2 220.5 220.5 220.7 221.5 218 215.3 213 210.8 206.1 201.7 196.6 188.1 183.5 184.5 183 173.6 172.7 174.3 173.5 174.7 171.5 166.4 160.3 161.5 161.3 159.8 157.8 155.7 154.3 151.6 147.3 145.3 143.7 143.6 143.6 143.7 143.9 145.1 148.6 152.8 157.6 162.7 170.6 177 179.1 179.9 178.9 177.9 175.1 171.8
186.3 182.2 181.1 184.6 187.3 192.1 201.8 208.1 211.1 213 213.3 213.5 211.5 211.5 221.4 219 210.7 207.1 207.6 208.6 209.4 210.5 213.1 212.1 213.7 214.8 216 217.8 217.8 217.5 218.2 219.2 219 216.6 213.6 210.2 204.9 198.4 194.9 191.1 184.2 176.7 181.6 179.9 174.7 169.2 163.8 168.3 169.9 165.5 159.8 156.6 156.8 155.9 154.7 152.8 150.7 147.8 146.3 144.4 143.7 143.6 143.5 143.6 144.2 145.6 148.4 152.2 157 162.5 170.6 176.8 180.7 184 183.8 182.6 181 176.7
183.2 180.3 177.1 181 184.6 189.2 197 204 208.7 210.5 212.1 212 210.2 209.2 216 217.4 211.9 207.2 205.4 206.7 206.5 207 208.4 209.3 209.7 210.6 211.5 213.2 214.2 214.7 215.5 216.4 217 217.6 216.2 212.2 207.9 202.8 197.8 192.4 186.2 176.2 176.7 178.4 176.9 174.2 167.9 159.4 162.7 162.5 158.2 155 153.1 152.5 151.8 149.5 147.2 146.3 144.8 144 143.8 143.5 143.5 143.5 144.1 145.5 148.7 152.9 157.4 162.6 169.2 176.1 180.7 184.4 185.8 185.9 185.7 182.3
179.8 177.8 174.5 178.2 183 186.2 192.1 198.4 204.7 207.4 209.4 210.5 208.9 206.9 209 212.4 207.2 205.1 205.8 207.3 207.4 205.8 205.3 205.7 206.4 207 207.6 208.7 209.9 210.9 212 214 215.1 216.1 215.3 212.8 208.4 202 196.8 191.1 184.6 176.7 171.9 176.2 175.3 172.9 170 164.6 157 155.6 154.5 152.6 151.2 149.1 148 147 146 144.9 144.4 144.1 143.9 143.6 143.4 143.6 144.4 145.9 149.5 153.9 157.9 163.3 169.5 175.5 180.4 184.1 186.9 187.4 188 187
175 174.5 172.6 175 180.5 184.3 188.4 193.1 202.9 205.8 207.3 208.9 208.4 205.7 204.2 206 204.2 205.3 207.6 209.4 210.1 207.6 206.1 204.8 203.3 203.4 203.6 204.8 206.2 208.4 211.2 212 212.9 213.5 213.3 211.6 208.4 203.1 196.6 190.5 183.9 177.4 167 171.2 172.4 170.1 166.4 162.3 158 152.8 152 151.1 149.6 148.3 147.6 146.9 146.1 145.3 144.7 144.3 144 143.7 143.5 143.8 144.8 147 149.8 153.7 158.1 163.3 168.5 174.1 179.4 182.7 185.6 187 188.4 190.3
170 171 172.5 172.7 178.1 181.5 185.7 191.6 204 206.3 207 207.7 207.3 205.4 198.1 201 204.6 206.5 209.2 210.8 212.3 210.1 208.4 206.3 204.1 202 201 201.3 204.5 206.4 208.2 209.5 210.4 210.2 209.8 208.6 206.6 202.9 196.8 190.1 184.4 177.6 169.5 165.8 167.3 165.9 162.4 159 155.3 152.8 150.9 150 149.1 147.7 147.1 147.2 146.8 146 145.2 144.7 144.2 144 144 144.1 145.2 147.7 151.3 155.1 158.6 163.3 168.8 174.2 178.7 181.2 184.2 187.3 190 192.2
166.9 173.2 175.5 174.6 175.9 181.8 185.9 192.2 200.1 204.2 206.5 206.4 206 203.4 196.7 200.1 204.6 207 208.8 210.7 212.2 213.1 212.2 210.2 206.6 203.8 200.5 197.9 200.2 203.4 205.4 207 208.1 208 207.7 205.4 203.1 200.5 197.5 189.8 183.4 178 170.8 164.6 161.3 160.2 157.7 155.6 153.1 151 149.6 148.9 148.2 147.1 146.7 146.7 146.8 146.6 145.8 145.2 144.7 144.5 144.5 144.7 146.1 148.5 152.5 156.5 160.6 165.3 170.5 174.7 178.1 180.3 183 186.5 189.7 193.7
168.5 172.9 177.5 178.4 176.8 181.6 186.4 192.7 197 199.9 202.2 203.2 203.5 196.8 197.7 200 202.6 205.5 207.8 210.8 212.8 214.9 216.1 213.2 208.9 206.2 202.2 198.2 195.3 196.5 201.1 204.9 205.8 206.4 206.9 205.3 201.9 198.6 195.7 189.3 181.7 174.6 168.6 162.6 158.5 156.2 154.2 152.5 151 149.2 148.4 147.8 147.1 146.4 146.3 146.4 146.4 146.4 146.4 145.9 145.7 145.5 145.2 145.6 146.8 149 153.2 157.6 162.4 167.6 172 175.2 177.7 179.8 181.9 185.4 189.3 193.5
167.9 173.2 177.7 180.7 180.1 179.4 184.3 189.5 192.5 195.2 197.7 198.3 196.2 193.3 197.8 198.5 200 202.9 206.7 210.1 212.6 214.6 217.4 220 215.4 209.5 205.3 200.7 195.5 192 193.4 200 203.7 204.2 204.7 206.2 203.4 199.1 194.2 187.2 179.7 172.2 165.6 159.6 156.4 153.9 152.1 150.5 149.4 148.7 147.3 146.5 145.9 145.8 146.5 146.7 146.6 146.5 147.3 147.4 147.1 146.6 146 146.4 147.7 149.9 153.8 158.1 163.4 168.5 172.4 174.9 177.2 179.2 180.9 184.3 188.4 191.9
168 171.4 177.6 181.5 182.5 180.7 179.9 183.7 188.3 190.8 193.2 194.3 188 193.9 196.4 197.2 197.6 200.5 204.8 208.8 211.1 213.8 216.9 220.3 224 218.3 212.1 205.8 200.8 192.5 191.2 198.1 200.7 201 201.5 203.3 204.8 200.8 195.5 190.2 183.5 174.4 166.2 160.6 155.7 152.6 150.8 149.4 148.3 147.5 146.4 145.7 145.5 145.7 146.5 146.7 146.6 147.2 148.2 148.1 147.8 147.2 146.7 147.1 147.8 150.9 154.5 158.5 163.7 168.7 172.2 174.5 176.5 177.8 180.1 183.6 187.3 191.1
