webserver/python/data/SJ96.asc
ncols 200
nrows 200
xllcorner 390000
yllcorner 360000
cellsize 50
[rows 0 to 34 of 200, columns 0 to 77 of 200]
164.5 164 164.9 164.8 164.4 163 162.2 161.1 160.2 160.8 160.8 160.6 161 161.2 161.1 161.9 162.4 161.5 161.8 161.6 160.7 161 161.7 162.1 161.3 160.6 159.9 155 153.9 154.7 156.4 157.2 157.3 158 171.5 172.6 176.9 179.8 181.7 184 187.5 191.2 189.8 191 191 192.3 198.7 191.6 207.4 211.7 214 216.4 217.9 216 216.2 214 215.5 228.7 237.5 242.4 246.2 249.4 249.4 248 244 239.8 235.6 230.7 227 222.2 216.8 212.6 208.8 199.4 196.7 204.7 208.1 208.1
164.7 165.3 165.3 164.7 164.1 163 161.7 160.9 161.5 161.9 162.6 162.3 162.3 161.9 161.4 161.9 161.7 162 162.3 161.9 161.4 161.7 162.4 162.8 161.7 161.3 161.1 155.8 153.4 156.8 159.5 158.2 161.6 166.8 172.4 178.1 179.8 181.5 185.3 187.9 190.9 194.6 192.8 193.7 195.5 200.3 205.5 208.4 210.4 215.8 219.2 226.5 227 231.1 229.6 225 222.4 231.6 241.9 248.3 251.5 254.2 255.2 254.6 252.7 247.5 242.8 237.3 232.8 227.5 221.9 217.3 213.1 206.1 204 198.5 204.6 203.6
166.2 165.7 165.1 164 163 162.2 161.6 161.9 163.2 162.6 163.5 164.7 164 163.5 162.6 163.9 162.7 163.3 164.4 163.2 162.7 163.2 163.9 163.5 160.2 160.6 161.1 157.2 153.5 155.8 161.2 166.9 169.2 173.1 177.8 183.2 184.2 184.9 187.1 190.8 194 194.9 191.9 196 199.9 207.1 210.7 215.7 212.5 222.2 229.6 234.1 237.8 237.8 239.5 236.7 232.9 233.4 235.9 246.1 254.5 258.7 262.3 262.7 261.1 255.2 250.6 245.6 238.7 233.6 228 221.7 217.1 212.1 208.4 196.2 200 204.7
167.9 166.1 165.5 164.8 163.5 163.4 163.3 161.6 163.8 163.6 164.7 165.4 165.9 164.3 162.9 166.3 163.2 163 165.3 164.4 164.1 164.8 165.5 163.7 163.6 158.4 158.1 157.4 153.6 154.7 159.1 169.1 171.9 175.9 179.8 181.2 183.6 184.6 187.9 192 193.5 192.2 191.8 199.3 203.6 212.7 217.6 218 216.3 228.2 234.8 243.6 247.6 244.3 243.9 243.1 243.1 245.6 243.7 242.6 252.7 264.4 269.6 270.4 268.3 262 256.9 251.7 244.7 239.5 234.1 226.7 220.3 215.6 213.3 202.2 198.1 206.5
165.5 165.4 164.8 165.2 164.9 164.7 164.5 163 164.1 164.7 164.1 166 166.3 165.9 164.8 166.4 164.9 165.6 166.2 165.8 165.5 166.3 166.1 165 164.3 159.8 158.7 157 153.6 153.5 155.4 159.1 170.6 176.1 179.7 179.7 181.9 185.3 189.2 191 190.4 188.3 193.1 201.4 207.4 216.7 222.9 219.3 219.3 228.6 240.9 252.9 256.4 253.4 251.5 251.1 254.5 256.3 253.2 254.6 254.1 261 273.3 275.9 273.6 269.6 264.7 259.2 253.4 246 238.3 230.1 221.9 216.6 214.4 205.1 198.4 201.6
164.5 164.5 165.5 166.6 166.3 165.6 164.4 163.7 164.2 165.5 165.7 165.3 166.2 166.4 165.8 168.1 166 166.6 166.7 167.1 166.9 167.4 167.5 168.5 168 163.5 163.7 165.2 158.1 153.5 154.2 153.5 158.9 174.2 177 177.3 180.7 185.5 188.7 182.7 181.7 188.3 197.2 204 211 216.6 226.2 220.6 221 231.6 244.8 258.1 261.8 257.3 258.2 259.4 261.4 262.5 263.6 266.3 267.4 263.4 270 279.7 277.6 274.4 269.5 264.9 257.7 246 236.1 229.4 222.8 217.3 221.8 214.3 206.1 199.8
163.1 164.1 165 167.2 166.9 167.2 164.6 164.6 164.9 165.5 164.5 166.3 166.4 165.5 168.4 166.3 166.2 166.7 168 167.5 167.9 168.4 169 170.5 169.7 167.5 168.8 170.1 166.1 157.6 153.4 153.4 154.8 167.5 173.3 177.4 178.8 185.7 187 176.1 189.8 192.7 198 203.6 211.4 217.1 219.8 217.9 225.5 236.6 248.4 259.5 265.9 261.4 262.9 266.8 273 274 273.3 275 276.5 273.5 269.9 272.7 272.6 272.2 271.4 264 257.2 252.9 241.8 230.3 224 220.9 213.4 202.8 203 202.5
164.1 165.4 163.8 166.2 166.4 168.1 165.7 163.8 164.9 165.1 164.5 165.8 165.8 165.3 168.7 166.3 166.2 167 169.3 169.6 168.6 168.7 168.9 170.6 170.7 169.8 172.1 172.9 171.4 165.8 158.6 152.8 153 158.7 171 175.6 178.2 182.9 179.6 180 189.9 196.8 201 206.4 210.3 209.5 214.3 219.4 229 240.7 250.4 261.3 266.7 263.6 268.2 278.1 279 279.8 279.4 282.2 282.4 279.6 274.3 271.4 273.5 274 270.8 270.5 268.8 260.4 247.6 231.7 223.3 216.9 205.4 209.6 211.6 211
166.6 167.5 163.7 167.2 167.1 167.1 165.3 164 165.3 164.8 164.9 165.2 165.4 165.6 168.4 165.6 165.4 167.4 170.4 170.5 169.1 169.2 170 170.9 172.5 174 174.7 173.7 173.5 171.2 167.3 154.7 153.3 157 172 174.3 176.2 177.6 170.6 185.3 189.9 197.8 202.1 210.1 215.8 217.5 215.3 220.4 231.4 246.4 255.6 263.3 269.5 264.8 273.2 280.9 282.3 282.1 284 285.1 284.8 281.5 274.9 275.9 281.3 283.3 284.1 282.4 277.3 266.9 251.1 235 224.3 212.6 207.5 217.5 213.3 211.3
167.1 168.6 168.3 169.7 168.7 166.7 165.6 163.7 164 164.3 164.7 164.3 165.5 165.6 167.3 165.3 165.8 168 171.1 170.3 169.8 170 170.5 171.3 172 174.8 175.8 174.4 173.2 171 166.7 155.7 152.6 157.6 171.6 166.9 168 168.3 171.6 179.2 187.6 195.6 202.1 209.5 215.1 220.5 219.6 221.5 235.3 252.1 259.3 265.2 270 267.9 272.6 274.5 282.5 284.6 286.6 287.8 282.3 277.6 275.5 284.1 291.9 296.4 295.9 288.4 274.6 257.9 245 229 221.1 208.2 214.8 218 218 216.1
168 169.3 169.6 170.4 170 168.4 166.6 163.4 164.5 163.1 163.7 163.6 163.7 165.4 164.5 164.3 165.9 168.4 170.3 169 169.9 170.7 171.3 172.2 172.5 173.5 177 175.8 174.2 170.3 166.2 156.1 154 156 159.6 160 162.4 164.3 166.9 170.2 183 192.2 203.1 211.1 215.4 220.6 219.9 221.6 233.6 253.8 261.1 266.2 268.2 271 273.4 283.2 285.9 286.4 289.1 289.7 281 280.1 288.2 295.6 301.9 302.9 296.9 287.3 276.6 260.8 240.3 229.7 217.6 210.7 219.9 220 220.7 218.1
167.7 168.7 168.3 168.9 168.1 170.6 167.3 163.4 162 162.5 162.8 163.2 163.2 165.6 163.6 164.5 165.8 168.6 169.3 168.7 169.9 171.3 172.2 172.7 173.3 174.9 176.8 176.9 175.4 174.4 172 154.3 154.9 157.4 159.1 159.4 163.7 165.5 168.7 173.9 175.9 179.8 202.3 212.6 215.6 216.4 220.7 221.7 232.6 249.6 260.9 264.8 263.9 269.7 281.2 285.3 286.5 288.5 292.2 287.1 284 283.7 298.8 302.3 306.5 306.8 303.8 298.3 285.4 245.7 235.1 234.4 228.2 212.5 224.4 223.4 222.9 221.4
167.1 167.1 165.6 166.7 165.8 168.9 168.3 164.3 161.6 161.6 161.9 161.3 163.7 165 163.9 164.7 165.7 167.8 168 168.2 169.5 170.3 172.1 172.6 173.2 174.4 176.3 177.6 176.9 176.2 171 153.9 153.2 154.8 158.9 172.1 176.6 172.4 175.3 179.7 179.4 182.1 194.3 199.9 212.8 218.9 223.4 222.9 230.8 241.4 256.6 260.3 261.7 270.9 280.2 284.7 285.3 287.6 292.3 275.7 287 285.9 301.1 309.4 311.3 312.4 312.5 304.8 283.2 262 240.1 234.4 219.9 216.1 227.5 226.2 226.4 226.3
167.7 168.3 165.9 164.6 163.7 167.2 167.5 164 160.7 160.7 161.1 161.2 162.4 163 163 164.1 164.9 166.7 166.9 167.9 169.3 170.2 171.4 172.3 173.3 174.6 175.9 177.1 177.7 175 168 157.9 152.2 152.6 157.8 164.2 178.3 175.7 177.7 188.3 184.1 183.4 187.6 197.3 216.3 225.8 221.9 223 230.3 242.5 254.3 257.6 258.6 267.6 280.4 284.2 285.1 286.5 292.8 273.4 280.3 290.7 301 312.4 316.4 320.2 304 289.7 277.1 264.3 247.7 231 216.9 225.9 229.8 228.3 228.3 229.5
166 164.5 164.6 163.6 162.6 166.1 165.1 162 159.4 159.4 160 161.1 162.4 161.1 162.5 163.3 164.1 165.7 166.1 167.3 168.6 169.3 171.3 172.9 173.7 174.4 175.6 176.1 178.4 177.9 175.6 171.9 156 150.8 150.3 157.9 165.4 175.7 182.7 196.7 188.8 191.9 186.9 192.4 202 209.8 213.4 219.2 231.2 243.3 251.1 255.3 255.8 263.1 277 281.9 282.5 282.2 286.1 285.8 284.2 290.8 302.4 317.2 324.3 318.8 302.7 286.1 270.2 258.1 244.3 228.3 218 224.8 231.8 230.8 230.4 233.7
165.2 163.8 161.6 160.2 160.9 163.7 160.8 159.2 158.6 158.6 159.4 159.9 161.2 161.3 161.9 162.6 163.5 164.5 165.3 166.4 167.6 169 170.8 172.4 172.9 173.9 174.8 177 178.1 179.9 180 177.5 171.5 154.3 150 152.2 164.6 173.3 189.2 199.1 195.7 205 215.2 196.5 187.9 197.1 195.2 217.2 226.1 239.4 243.9 248.8 252.1 257.9 269.6 276 279.8 280.3 280.7 278.1 287.1 291.2 316.2 327.1 324.6 309.4 299 290.8 277.8 260.8 244.9 228.4 220.4 228.8 228.9 228.3 233.4 236.6
164.4 162 160 157.9 159 161.1 158.8 157.6 157.3 157.6 158.4 159.1 159 160.5 161.2 162.3 162.8 163.2 164.4 165.6 166.7 169.1 169.8 171.1 172.1 171.4 173.8 175.9 177.3 180.6 180.1 176.7 171.7 160.2 149.6 152.1 165.3 182.6 199.9 198.1 201.2 207.5 222.5 217.9 215.8 215.8 199.3 198.3 210 226.8 234.2 245.5 250.4 253.5 259.9 269.3 277.4 278.1 277.3 275.7 290.2 310.2 324.4 332.6 325.5 301.2 288.1 279.6 277.7 265.1 250.3 232.8 222 232.3 236.2 237 238.5 241.1
161.2 158.2 156.6 154.4 155.9 158.1 156.2 155.9 153.5 156.8 158.1 158 158.7 159.5 161 161.7 162.2 163.3 164.4 164.9 165.3 168 169.6 169.6 167.1 169.6 173.8 176.4 178.7 180.5 178.9 173.5 170.2 156.2 148.7 157.2 169.4 189.5 204.5 199.6 202.9 217.5 233.5 242.6 237.7 231.7 228.6 217.4 216.7 213.2 223.2 244.5 247.5 250.9 255.7 268.5 275.6 275.5 273 276.8 285.3 306.2 323.7 333.4 322.3 301.5 284.8 271.5 261.4 260.7 251.1 228.3 225.5 234.8 241.1 240.9 243.8 245.9
160.7 158.7 154.2 150.9 153.3 154.7 153.8 153.5 155.3 155.2 156.6 156.8 158 158.6 160.1 161 161.9 163.4 164.7 164.6 164.7 166.6 168.6 167.8 163.6 170.1 174.4 176.3 177.4 178.2 174.5 163.4 156.5 148.4 152.6 161.3 179.1 199.1 204.6 201.9 207.2 221 238.7 249.7 249.7 247 238.7 227.3 228.3 212.7 233.3 239.7 245.5 248.7 252.3 264.7 271.6 266 267.1 271.9 282 304.7 321.3 328.8 318.5 299.1 283.4 272.1 256.7 249.7 242.9 225.6 229.6 236.6 243.8 244.5 247.4 250.6
157.5 158.8 153.8 150.3 152.8 153 152.5 153.3 154.2 154.5 154.9 156 157.1 158.6 158.3 158.7 161.4 163.6 164 162.4 163.4 165.6 166.9 164.7 162.9 169.1 173.1 173.6 172.2 169.9 161.9 150.5 147.2 149 160 174.4 186.6 197.2 205.8 204.5 211.7 217.9 236.3 249.2 253.6 252.1 249.1 247.9 242.4 221.7 215.2 224.9 241.6 242 251.3 258.8 267.8 264.2 273.3 277.6 288.5 303.1 319.9 328.2 318.7 299.5 283.8 269.8 261.7 257.9 246.5 227 232.1 240.4 248.2 250.8 254 255.6
157.3 157.3 152.4 149.7 152.1 151.9 152.3 152 151.6 153.2 155.2 155.3 156.5 157.5 157.4 156.2 159.5 160.8 160.7 160.8 162.5 164.6 165.8 162.4 157.7 165.6 169.4 165.6 162.9 154.9 147.4 145.9 148.3 158.3 175.7 189.9 195.7 203.4 210.7 206 212.8 217.5 229.2 241.1 253.9 253.8 251.2 251.3 242.5 238.8 241.9 230.6 232.7 244.3 252.4 262.1 270.7 264.8 276.9 293.8 305.3 313.4 320.9 329.5 325.6 304.7 291.6 279.8 282.7 276.8 257.1 230.6 230.7 242.1 250.7 255.6 259.1 260.6
155.5 155.7 150.9 150.6 150.4 148.8 149.7 150.4 151.7 153.7 156 156.5 156.4 156.3 156.2 152.5 156.7 156.4 159.1 162.3 163.2 164.3 164.6 161.9 154.5 157.2 158.6 154.6 148.4 144.7 144.3 146.5 158.1 166.3 180.4 192.6 203.2 213.2 217.4 209 214.3 220.7 230.4 246.9 252.8 254.1 254.5 253 250.8 249.7 249.1 244.6 231.9 240.5 253.5 262 270.3 261.8 272.9 295 303.6 312.5 320.8 328.9 335.1 322.6 305.1 301.7 295 277 259 242 228.4 239.1 249.4 256 261.7 264.5
155.5 153 147.5 148.6 148.3 142.3 145.4 149.6 152.5 153.9 155.2 155.6 156 155.6 153.5 152.6 152.4 156 159.6 161 161 161.7 163.4 162.2 154.3 148.6 147.1 144.5 144 144.6 149 158.2 163.5 173.3 182.1 197 209.3 221.1 222.1 211.1 214.5 223.5 243.4 250.9 252.8 254.2 254.6 253.6 252.7 253.3 253.9 252.9 240.6 242.5 255.8 263.4 266.4 264.7 279.7 290.2 300.9 309.2 316.3 329.3 339.7 328.7 311.2 300.8 292.8 278.3 262.1 253.8 242.4 232.4 237.4 251.2 258.5 264.3
150.4 145.5 147.1 145.7 142 148.8 150 151.3 152.8 154.5 155.3 154.3 154.6 152.6 145 148.9 150.9 154.1 154.8 156.6 157.1 157.3 157 155.1 146.9 143.4 143 145.1 146.4 154.9 160.6 174.8 179.2 180.3 186.6 200.1 212.4 221.3 222.3 215.4 219.7 229.7 242.6 248.6 251.2 253.2 254.3 254.4 254.5 254.8 255.2 253.5 240.6 235.4 240.1 242.8 251.5 264 274.8 292.4 299.1 306.5 314.6 325.8 331 324.1 317.7 313.5 306.6 286.1 270.5 264.5 257.1 246.5 239.1 235.5 249.7 257.9
144.7 145.6 145.4 140.1 147.5 148.6 149.2 151.2 151.8 153.1 153.5 152.8 151.9 149.1 148.5 153.6 151.5 146 148.7 149.2 150.8 149.9 145.9 142.1 142.1 142.2 144.2 151.5 158.2 171.4 175.3 179.8 180.6 182.4 187.9 201.7 212 217.8 214.4 212.1 222.1 232.1 242.6 247.4 251.9 254.7 256.3 257.7 259 259.9 258.2 253.3 238.9 251.7 258.3 264.9 267 264.8 276 285.7 294.3 305.7 312.8 322.1 327.3 326.9 326.8 322.9 312.1 291.3 280.8 275.1 269.1 257.9 246.1 240.6 239.1 249
141.9 144.4 143.9 143.5 145.3 145.5 145.8 146.9 148.5 151.2 151 149.7 147.6 146.7 143.3 147 144.3 141.9 140.4 141.5 141.4 141.4 141.7 141.9 145.1 151.7 158.8 166.4 176.9 178 179 181.2 181.6 183.6 190.6 202.2 209.9 209.6 205.6 214.1 223.5 233.6 242.4 244.5 255.5 259.1 262.2 263.8 265.5 266.7 263.8 254.2 240.2 255.2 266.7 274.4 270 271.8 277.8 283.9 292.9 300.6 309 318.7 326.7 329.9 333.6 328.1 317.9 300.6 287.9 283.2 274.1 260.2 257.9 253.5 241 243.6
140.1 142.8 142.4 139.9 140.7 141.5 142.4 144 147.5 149.3 148.7 145.1 143.1 143 140.3 141.3 139 138.1 138.8 140.3 141.2 142.3 146.4 153.9 158.3 164.9 173.2 176.3 177.4 178.1 178.9 181.7 182.9 185 194 212 205.6 199.3 214.5 224.3 236.3 243.9 248.5 254.7 260.4 263.2 267.2 269 269.9 270.7 265.3 259.9 245.9 254.4 267.3 272.3 268.8 271.7 277.4 284.7 292.5 300 307.4 315.7 325.6 332.4 336.3 332.1 321.6 307.2 292.4 272 264.7 267.5 267 261.6 252.3 242.5
138.5 140 138.5 137.4 138.7 140.9 142.8 144.1 146.5 147.6 146.7 142.2 138.5 137.2 138 137.5 138.6 140.4 142.4 143.5 143 145.1 153.8 158.2 164.3 169.9 175.6 176.6 176.2 175.7 178.1 182.3 182.7 185 197.3 202.2 196.2 217.9 229.2 230.4 243.2 251.2 259.9 265.7 266.7 269.6 271.9 273.5 274.5 274.8 267.9 264.1 257.1 255.5 267 268.1 266 272.1 280.8 287.5 292.2 299.9 308 316.9 327.3 335.2 336.8 331.6 322.1 298.8 299 293 283.8 278.3 277.4 270.5 257.9 251.1
134 134.8 135.3 137 139.9 141.7 143.1 143.9 144.9 144.3 143.1 137.2 136.7 137.9 138.6 139.3 143.1 145.7 149.8 150 147.9 145.3 156.3 161.2 167.1 172.5 175.3 174.8 174.2 174.8 177.5 181.3 181.1 184.9 194.9 194.6 201.4 229 242.5 235.3 248.4 257.7 265.7 273.1 274.3 278.4 279.3 280.2 281.6 280.4 273.8 268 259.9 254.9 264.4 263.1 266.8 276 285.8 292.6 297.6 305 313.7 323.9 336.2 339.1 337.3 328.9 313.3 314.4 312.3 303.3 293.2 289.9 285.3 275.2 261.8 256.2
132.8 132.1 135.5 137.3 139.1 139.8 142.1 142.8 146.2 141.3 138.2 136 138.8 140.9 142.7 144.4 145.5 149.6 152.9 155 153.5 151.2 155 156.4 167.5 171.9 174.1 173.8 174.7 176.5 177.1 177.2 178.7 188.9 208.1 197.6 207.3 222.6 233.7 239.3 257.5 265.4 273.6 281.1 284.5 288.7 288.6 290 291.9 292.4 277.3 275.8 263.7 258.8 260.4 263.5 274.2 285.4 294.9 303.1 309.1 317.5 326.6 337.3 344.3 343.9 337.6 328.9 316.7 323.3 319.9 311.8 303.8 298.6 290.7 280 267.4 261.1
132.1 132.8 134.8 136 136.6 139.2 140.9 142.2 145.7 140.1 137.3 135.8 139.9 144.8 145.1 144 146.4 151.3 154.3 156.5 158.7 158.4 149.2 155.5 165.5 170.4 171.6 174 177.1 181.6 177.6 171.9 181 192.9 208.2 208.5 204.6 211.4 221.2 235 257.7 275.7 283.9 291 295.7 296.7 297.3 298.1 298.7 303.3 293.7 281.2 269.7 260.5 262.5 270.9 283.7 296.1 304.1 309.4 314.8 323.2 335 345.5 351.1 348.1 342.2 331.4 331.4 330.5 328.2 321.2 314.4 307 296 282.2 272.3 262.6
130.9 130.7 130.8 131.2 131.5 134.6 138.1 143 139.7 136 134.2 138.4 143 148.4 149.1 148.9 148.3 152.6 156.2 158.6 158.6 162.7 157.8 151.2 160.6 165.3 167.8 170.9 179.2 186.8 176.4 175.7 186.9 202.2 207.2 215.3 214.7 214 221.2 235.7 255.8 279.2 290.7 298.6 304.5 307.4 307.3 306.4 301.5 288.8 290.2 282.9 268.3 263 267.3 284.1 295.2 304.4 311.6 315 321.1 327.4 338.4 351.5 357.4 353.4 347.4 342.5 340.6 339.4 335.4 328.3 320.3 310.5 298.1 281.8 274.5 275
130 130.2 131.5 131.5 133.2 132.5 132.6 140 134.5 134.1 137.9 142.2 144.8 141.8 150.3 151.2 151.5 152.5 157.3 160.2 161.5 165.9 166.4 163 153 154.5 158.7 163 169.7 175 166.2 178.8 197 207.6 205.2 207.3 210.7 217.9 228.6 243.2 264.5 289.5 298.4 304.4 309.1 312.7 303.6 290.2 285.9 284.6 292.6 275.5 265.9 269.1 276.1 288.9 300.9 306.6 313.8 319 325.1 330.5 340.2 355.1 361.8 358.7 354 350.8 351.1 349.3 340.1 330.5 323.1 312 291.4 296.6 288.3 281.2
130.2 131.9 135.7 136.2 137.9 138.1 134.2 144.3 138.7 137.2 140.4 144.1 147.1 147.9 148.2 152.1 153.4 155 156.8 158.3 164 166.4 166.3 163.6 164.2 165.7 166.2 163.7 161.5 163.8 173.9 182.4 199.4 198.8 200 206.5 214.7 225.6 242.7 256.9 282.7 295.8 300.4 307.3 313.2 298.4 282.2 277.9 279.1 273.6 282.3 269.6 267.5 274.2 279.5 289.4 297.7 305.6 313.4 321.1 325.8 332.3 341.6 356.9 365.9 364.3 361.6 360.7 362.8 356.4 343.4 331.2 318.5 310.5 309.8 304.1 296.8 291.1
130.4 132.9 134.9 136.6 138 138.7 140.7 145.2 143.5 141.8 139.6 144.1 147.4 149.5 150.6 152.2 154.2 156.3 158.7 158.1 163.4 166.5 165.6 167.9 172.4 177.8 178.8 172.2 166.3 167 170 181.2 193 190.5 199.8 213.1 228.3 245.3 263.8 283 289.8 294.6 301.3 309 301.5 297.2 296.3 295 285.9 280.3 269.3 265.8 269.8 276.7 281.8 289.3 297.5 304.9 312.6 321.6 326.7 333.4 343.4 358.8 369.3 370.2 369.1 371.2 370.3 360.9 349.2 328.9 329.4 324.5 316.3 310.8 304.6 301
