webserver/python/data/SK00.asc
ncols 200
nrows 200
xllcorner 400000
yllcorner 300000
cellsize 50
[rows 140 to 174 of 200, columns 78 to 155 of 200]
133.5 132.5 131.4 131.9 131.2 131.2 131.8 133.1 137.3 137.4 140.2 142.1 144.5 145.5 146.1 146.6 147.1 147.3 147.5 148.3 150.3 152.9 154.9 155.7 157.1 157.6 158.6 159.8 162.6 165.6 167.6 168.6 168.7 167.4 167.7 167.9 168.7 169.7 170.5 169.9 170.3 169.7 169.1 168.9 168.6 168.2 168.2 163.4 157.9 152.9 150.5 148.1 146.2 145 143.7 142.2 141.4 141.4 141.6 143 143.7 143.5 142.7 141 140.2 138.1 136.7 135.5 135.2 134.2 134.2 134.3 134.9 136.5 136.4 134.1 131 127.4
133.3 132 130.8 131.3 130.3 130.9 131.9 133.4 136.1 138.5 140.1 142 144.6 145.6 146.6 146.9 147.2 147.5 147.7 148.5 150.2 152.3 154.5 156.1 157.2 158.2 159.9 161.1 163 164.6 165.9 167.1 166.8 166.5 166.9 167.8 168.8 169.8 170.5 169.9 170.4 167.7 166.2 165.7 165.5 165.7 165.4 160.7 154.7 151.4 149 147.7 146.3 145.3 145.4 143.7 143.3 143.2 144.2 146 145.1 144 143.2 140.5 141.4 138.2 136.1 134.1 132.6 131.7 131.4 131.5 131.8 132.8 135.3 133 130 127.3
133 132.2 130.6 130.7 130.3 131.1 131.7 133.5 136.2 138.2 140.1 144.1 144.4 145.3 145.8 146.1 147.2 147.5 147.7 149.3 149.8 151.7 154.2 155.8 157.2 158.4 159.5 160.5 161.7 163 164.3 164.6 165.2 166.3 167.1 168.1 169.1 170.1 170.4 170.2 169.9 168 165.1 162.8 161.2 161.4 155.3 153.5 152.9 151.6 150.4 149.6 149.1 148.2 148.3 147.3 147.8 148 147.9 147.6 146.1 144.7 143.6 141.8 139.9 138.8 137 134.8 132.2 129.8 128.5 128.7 128.7 128.1 129.7 129.4 127.6 125.5
132.8 132 131.1 130.6 130.8 131.8 132.7 134 136.4 138.4 140.8 144.5 144.1 144.8 145.7 146.5 148.3 149.3 147.1 148.8 149.8 151.5 154.5 155.8 156.9 157.9 158.6 159.3 159.7 160.6 161.7 162.5 163.7 166.2 167.4 168.3 169.4 170.3 170.3 170.5 170.5 169.6 166.8 164.2 162.4 163.3 161.7 157.1 154.3 154.2 152.6 152.4 151.5 151.2 151.1 152.7 154.5 152.5 150.6 148.6 147.2 145.8 144.3 141.9 139.6 138.2 137.2 134.2 131.5 129.6 128.2 127 126.4 125.4 124.4 125 124 123.4
132.7 131.9 131.3 131.3 131.8 133 133.7 134 136.6 138.7 142.1 144.5 145 145.7 146.3 147.7 150.1 151.7 150.7 150.8 151.9 152.6 153.8 155 156.1 157.2 157.4 157.7 157.6 159 159.3 160.4 162.1 164.7 167.2 168.5 169.6 170.4 170.7 171.7 172.3 171.9 170.9 167.7 167.4 171.1 166.8 161.1 158 156.5 155.1 155.4 154.3 154 153.7 159 135.6 138.4 151 150.3 148.8 147.6 144.9 142 139.1 137.8 136.3 134.1 131.6 129.9 128.6 127.1 125.5 124.5 123.4 122.6 121.9 121.8
132.3 131.7 131.8 132.2 132.6 133 132.8 134.7 140 139.8 145.4 144.5 150.2 152.2 154.4 155.6 156.4 156.9 157.3 158.9 159.8 159.1 155.4 155 155.3 155.5 155.6 154.8 156.4 157.7 158.8 160.5 162.2 164.3 166.2 167.9 169.5 170.2 171.6 172.6 174.3 175.4 174.7 172.8 173.4 174.1 169.5 165.5 162.6 159.7 160.2 158.4 157.6 157.4 158.6 153.4 130.9 124.3 129.3 133 149.9 147.3 144.6 142 140 138 136.8 135 133 130.5 129.1 127.7 126.5 125.6 124.2 123.1 122 120.6
132.1 131.7 131.7 132.1 133 132.6 134.7 126.1 135 138.7 144.9 144.9 149.7 157.3 160.4 160.8 161.5 162.5 162.8 163.6 163.7 161.7 158.5 153.5 154 153.8 153.9 154.8 156.8 158.4 160 161.8 163.4 165 166.6 168.1 169.6 171 172.3 173.6 175.2 176.5 177.9 177.8 177.5 177.4 174.1 169.3 166.9 166.4 164.1 163 162.8 163.6 163.8 155.7 138.4 135.6 130.2 143 149.6 147 144.4 142.4 140.6 139 137 135.3 134.1 131.5 129.9 128.7 127.4 126.5 125.1 123.6 122.5 121.6
132 131.6 131.7 131.8 132.5 132.7 122.4 122.5 127.2 138.4 144.2 143 149.5 156.1 162 163.3 165.2 165.7 166.8 167.2 164.6 165.4 162.9 151.4 152.3 152.7 153.8 155.2 157.5 159.7 161.6 163.7 165.1 166.7 168.1 169.2 170.3 171.7 173.1 174.5 175.9 177.3 180.3 181.5 181.5 181.1 179.6 175.4 173.8 172.2 171.1 169.8 168.2 167.4 166.3 166.2 162.6 146.9 145.4 145.5 148.8 146 144.4 142.2 140.5 138.7 136.9 135.2 133.7 132.5 130.7 129.1 127.8 126.3 124.7 123.3 122.2 122.1
132 131.7 132 132.3 132.5 124.5 122.5 122.5 121.5 137.8 141.5 141.4 146.7 155 160.5 161.2 162.5 164.1 163.7 164.4 163.4 160.9 159.4 149.9 152 153 155.1 157.1 159.6 161.7 163.1 164.4 165.8 168.4 169.1 170 171.1 172.5 173.9 175.3 176.9 179 181.1 182.7 182.6 181.9 180.7 178.9 178 176.4 174 172.7 171.5 170 167.7 164.9 163.6 161.4 153.8 148.6 147.7 145.7 144.2 142.5 139.7 137.9 136.2 134.6 133.1 131.6 130.5 128.8 127.6 126.4 124.8 123.2 122.6 123.4
132.7 132.9 132.9 130 117.2 108.8 122.5 122 124.4 137.8 139.2 144.5 141.5 152.4 154.7 155 153.9 155.6 155.8 154.9 153.7 151.5 149.6 151 153.3 154.6 155.3 157.8 160.3 162.5 164.1 165.3 166.9 168.7 169.9 170.8 171.9 173.3 174.7 176.1 177.5 179.3 181.4 182.8 183.4 182.8 181.7 180.5 178.6 177.6 176.1 174.6 173.4 171.7 169.3 166.5 163.8 159.5 152.8 152.9 147.7 145.6 143.7 141.5 138.9 137.2 135.6 134 132.6 130.9 129.9 128.9 127.4 126.5 125 123.4 122.7 124.5
132.9 132.2 129.4 113.8 109.4 108.3 109.2 120.6 129.5 136.9 139.5 144.7 141.4 143 144.4 144.8 147.1 148.8 148.6 149.3 151.3 150.1 150.5 151.9 153.6 154.5 157.1 158.2 161.5 163.3 165.3 166.3 167.9 169.4 170.8 171.6 172.1 173.5 174.9 176.4 177.6 179.6 181.2 182.5 182.4 182.4 181.9 180.3 177.8 176.8 175.9 175 173.6 171.9 170.4 168.1 165.3 154.9 149.6 147.7 147.7 145.5 142.5 140.1 138.6 137 135.5 134 132.5 131.3 130.6 129.6 128 126.5 125.1 123.7 122 122.4
131.6 130.9 131.6 115.9 106 108.5 123.9 133.2 137.2 137.5 142.3 144.3 144 143 144 145.7 151.1 149.2 148.5 148.5 152 150.8 151.3 152.4 153.4 155.1 157.3 158.5 160.4 163.1 165 167.3 168.6 169.9 171.5 172.1 172.9 173.6 175 176.4 177.6 179.6 180.7 181.7 182 181.9 181.5 179.5 177 175.9 174.8 174 173.5 171.9 170.6 168.7 166.6 156.6 150 148.2 147.7 144.7 142.2 140.8 139.4 137.8 136.2 134.7 133.6 132.4 131 129.8 128.4 126.6 124.5 122.7 120.9 119.5
132 135.2 135.1 128.7 127.3 128.9 134.3 138.1 141.3 137.7 141 144.7 144.6 145.2 144.5 146.6 149.5 149.2 148 148.3 149.9 151.2 151.7 152.8 154 155.8 157.2 158.9 160.6 163.4 164.9 167 169.3 170.6 172.1 172.7 173.1 173.9 175.3 176.3 178 180.1 181.4 182.4 182 181.8 181 178.4 175.6 173.6 172.6 172.4 172.8 172.1 170.8 168.4 166.2 163.1 156 151.6 148.1 145.9 143.9 142.1 140.2 138.6 137.1 135.7 134 132.1 130.6 128.7 127.3 125 123.1 121.2 120 118.7
130.8 136 137.2 136.8 133.5 135 137.8 140.1 141.4 138.4 137.2 140.7 144.5 143 143.7 145.4 147.6 149.7 148.5 147.9 148.9 152 152.4 152.3 152.3 153.3 158.7 159.3 160.6 162.7 164.8 166.2 168.7 170.7 172.1 172.7 173.3 174.2 175.4 176.4 178.2 181 182.2 183.1 182.7 182.4 180.5 177.5 174.4 171.4 169.7 170.5 171.7 170.9 169.1 166.9 162.7 158.4 155.1 151.2 149.6 147.6 145.7 143.9 141.2 138.6 136.7 134.6 132.8 130.5 128.9 126.7 125.1 123.7 122 120 119 118.7
131.3 131.9 130.7 132.4 134.8 135.2 139.5 140.8 141.6 138.4 139 140.1 144.3 142.5 143.4 145.3 146.9 150 149.6 149.1 148.5 149.8 151 150.9 151.3 151.5 159.6 159.7 160.6 161.8 163.9 165.8 167.9 170.1 171.9 172.6 173.5 174.6 175.6 176.9 179.3 181.2 181.9 182.8 183.3 182.6 180.1 177.1 174 171.2 167.4 167.7 168.5 169.3 168.1 167.2 164.3 159.6 155.2 153.1 150.5 148 145.3 142.6 139.3 136.5 134.5 132.6 130.5 129.6 126.7 125 124.1 122.7 120.3 119.4 119.4 120
131.1 132.8 134.9 134.8 136.8 136.2 139.9 141.4 141.4 137 137.7 139 144.6 142.4 142.4 144.3 145.6 146.6 148.8 148.3 148.7 149.1 150.6 150.1 150.4 150.7 159 160.1 160.8 161.5 163 165 167.1 169 171.1 172.6 173.5 174.7 175.8 177.3 179.3 181.2 182.6 182.2 183.2 182.2 180 176.8 174.4 171.6 168.1 164.6 164.3 165.9 167.1 166.6 165.5 163.4 159.8 154 151 148.3 145.8 143.3 139.8 137.8 135.4 133.5 132.4 129.7 127.4 125.1 123.3 122.2 121.8 119.9 122.5 123.6
132.6 133.4 135.4 134.7 134.9 135.5 139.1 139.2 135.4 135.7 135.1 134 140.6 142.9 143.5 143.6 145.2 145.6 146.1 148.6 148.9 148.7 153.1 150 150.2 150.9 158.9 160 160.5 161.3 162.5 164 166.2 168.5 170.5 172.6 173.4 174.3 175.8 177.3 178.6 181.2 182.2 183.3 183.5 181.6 179.2 176.8 174.5 170.8 167.4 164 161.8 162.1 163.3 163.4 164.7 164 161.4 156.1 151.8 149.1 146.9 144.6 141.5 138.9 137.2 135.9 132.8 129.8 128.4 126.5 124.1 123.3 122.9 123 125.2 127.9
133.5 131.1 133.8 133.7 133.7 132.9 134.5 131.1 124.8 120.8 119.7 127.2 136.9 144.6 143.2 143.8 144.7 145.4 146.2 146.8 149.2 149.3 149.5 149.9 150.4 150.9 156.5 159.1 159.9 160.6 161.7 163.1 165.4 167.7 170 171.9 173.3 174.3 174.5 176.5 179.1 181 182.5 183.9 182.2 180.9 178.9 176.8 174.4 170 166.8 164.4 161.7 159.7 158.1 158.5 160.9 162.2 161.4 157.9 154.5 151.8 149.7 146.9 144.1 140.5 139 136 133.7 131.5 129.5 126.8 125 124.6 124.6 124.6 126.6 127.6
132.2 132.2 131.8 132.1 130.1 124.1 122.2 112.5 104.9 107.7 113.4 121.4 128.5 140.2 143.4 143.8 145 145.6 146.1 147.5 147.7 148.6 149.1 149.7 150.3 150.7 154.9 157.3 157.9 158.7 160.5 162 164.8 167.1 169 171 172.5 173.8 174.8 176.2 178.5 180.3 182.3 182.3 181.5 180.1 178.8 177.1 174.8 173 168.7 165.9 163.1 160.4 157.3 154.7 156.3 158.6 158.4 157.9 156 154.7 152.9 150.2 147.3 143.8 140.7 138 135.8 133 130.6 128.1 126.8 126.8 127.5 127.5 128 127.3
132.1 129.7 131.8 131.6 134.4 124.6 116.4 96.1 93.2 99 105.2 116.9 123.9 135.3 145.4 143.8 145.3 145.7 146.3 147.4 147.6 148.4 148.9 149.5 150.1 150.6 152.6 155.5 156 157.4 159.5 161.5 164.2 166.2 168.1 170.2 171.9 173.6 174.8 176.1 177.9 179.8 180.6 181.3 180.6 179.9 179.1 177.9 175.9 175 170.2 167.3 164.6 162.3 159.4 155.4 154.9 152.2 152.8 153.8 154.2 154.3 153.5 152.5 150.5 147.3 144.4 141.5 138.5 135.1 132.5 130 128.7 128.8 129.5 129.4 129.2 128.8
129.8 129.6 129.6 131.9 129.5 123.1 121.3 105.9 93.1 93.4 96.8 107.9 119.4 131.2 140.9 144.9 145.2 146.1 146.6 146.9 147.2 148.2 148.8 149.4 150 150.7 151.8 153.1 154.9 156.3 158.9 161.1 163.4 165.5 167.6 169.5 171.5 172.9 174.3 175.9 177.1 178.7 179.7 179.8 179.3 178.8 179.2 178.7 176 174.8 172.8 168.9 166.6 164.3 161.6 158.2 154.8 152.5 150.7 149.7 149.7 148.4 149.8 151.9 151.8 151 148.1 145.3 141.9 138.5 134.7 131.7 131.5 132.3 131.7 130.8 129.9 130.1
129.8 131.5 129.6 130.4 130.6 119.7 112.8 111.9 93.5 91.5 92 100.8 117.7 132.8 143.3 142.8 145.8 146.1 146.8 147.1 147.4 147.8 148.6 149.1 149.7 150.9 151.6 152.7 154.3 156 158.5 161.1 162.8 164.9 167 168.8 170.7 171.9 173.1 174.3 176.2 177.7 178.8 179 179.2 179 178.9 177.9 176.5 174.9 173.3 171.6 168.5 166.2 163 161.1 156.9 155.5 153.6 151.5 150.6 147.8 146.1 147.4 150.5 151.7 151.3 148.8 145.6 141.8 137.9 135.3 135.1 134.9 133.8 132.7 132.3 130.9
129.8 129.8 131.8 131.2 130.8 122.4 112.6 110.6 107.3 104.7 102.9 111.1 128.2 133.4 141 140.5 144.3 145.9 146.4 146.9 147.6 147.8 147.9 148.7 149.4 151 151.6 152.6 154.8 155.8 158.3 160.7 162.6 164.6 166.5 168.2 169.8 171.3 172 172.5 175.2 176.5 177.6 178.1 178.4 178.4 178.2 177.5 176.4 175.6 173.3 171.6 169.4 167.1 164.4 162.6 159.8 158.6 157 152.7 151.6 149 146.3 144.3 147.5 149.7 150.2 150.1 147.9 143.8 141.6 139.4 138.8 137.4 135.7 134.7 133.4 131.7
129.8 129.8 129.8 131.6 130.9 130.4 125.1 123 119.6 116.8 120.3 128.8 133.4 133.3 135.7 137.3 142.2 146 146.6 146.7 147.4 147.5 147.6 148.1 148.8 150.3 153.8 153.9 154.9 155.9 158.1 160.7 162.5 164.3 165.9 167.4 168.9 170.2 171.2 171.3 174 175.7 176.4 176.9 177.3 178.2 178 177.4 176.6 176.1 173.4 171.5 169.8 167 165.2 163.3 161.1 159.1 157 154 152.7 149.7 146.5 143.8 143.6 146 147.1 148 149.1 146.8 144.5 142.1 140.8 138.8 136.9 134.1 130.9 128.2
129.8 129.8 129.8 129.8 131.4 131 131 131.3 129.3 127.4 130.3 133.3 133.5 133.2 140.4 140.5 142.4 145.2 146.7 146.7 146.6 146.6 147.2 147.8 148.4 153.7 153.7 153.9 154.3 156.5 159.1 160.4 161.7 163.6 165.4 166.8 168.2 169.6 170.8 170.9 173.5 174.8 175.6 176 177 177.9 177.7 177.4 176.8 175.1 173.1 171.4 169.5 168.2 165.1 163.2 160.4 158.1 155.7 153.6 151 149.2 145.9 143.7 141.5 143.2 145.6 147.4 149.6 148.5 145.6 142.6 140.4 138.2 135.7 132.4 129 126.1
132.3 129.8 129.8 129.8 132.2 131.6 131.2 131.4 132.8 132.7 132.7 133 133.2 133.3 139.1 138 139.1 144.9 146.9 146.9 147 146.4 147 147.8 148.6 150.6 153.8 153.9 153.9 155.8 159.1 160.3 161.3 162.9 164.6 165.9 167.5 168.8 170.1 169.7 172.2 173.6 174.6 175.6 176.6 177 176.9 176.7 175.5 174.5 172.7 170.8 169.3 167.5 165 163.1 160.5 157.9 155.8 152.9 150 148 145.8 143.5 141.1 141.6 144.4 147.3 151.7 150.1 145.8 142.6 139.9 137.2 134.1 130.7 127.5 126
132.8 129.8 129.8 129.8 130.8 131.1 131.4 131.9 131.8 131.7 132.1 132.5 132.7 133 133.3 136.5 138.3 144.5 146.4 146.8 146.2 145.6 146.5 147.6 148.1 148.5 153.1 153.6 154.2 155.8 158.6 160.3 160.9 162 163.6 164.9 166.6 168.2 169.5 170.2 171.6 172.4 173.5 174.6 175.9 176.2 176.4 175.2 174.3 173 171.8 170.1 168.3 166.5 164.5 162.7 160.8 157.9 155.1 152.2 149.3 146.6 144.7 143.3 140.9 139.5 142.7 148.5 153.5 151.9 147.1 143.2 140.2 136.2 133.2 129.9 127.5 126.1
133.2 132.1 129.8 129.8 129.8 130.5 131.3 131.8 131.7 131.6 131.7 132.2 132.3 132.2 132.6 135.2 138 139.1 146.1 146.2 145.5 145.5 146.3 147.6 148.4 151.8 152.4 153.1 153.8 155.1 157.8 159.9 160.2 161 162.6 163.9 165.4 167 168.5 169.9 171.1 171.5 172.6 172.9 174.6 174.1 174.7 174.3 173.4 172.1 170.8 169.2 167.5 164.3 162.7 160.8 159 157.6 154.8 152.1 149.6 147.1 144.4 142.4 140.4 138.3 142.8 148.5 153.7 153 148.8 144.2 139.6 135.8 132.4 130 128.1 127.2
133.9 132.5 129.9 129.8 130.1 130.7 132.3 131.6 131.5 131.4 131.6 131.9 132.8 132.5 134 136.7 138.1 138.4 141.1 144.9 144.9 145 146.3 147.5 148.4 152.5 151.5 152.2 153.5 155.6 156.6 158.8 159.5 160.1 161.6 162.7 164.2 166.2 167.7 169.5 170.6 171.1 172 172.8 172 171 172.5 173 172.4 171.1 169.7 168.2 166.9 163.4 160.9 158.9 156.9 155.8 154.2 151.9 149.5 147.6 144.9 142.2 139.9 137.5 141.9 149.2 153.2 153.8 150.6 144.9 140 136.4 133 130.5 129.2 128.3
134.8 133.3 132.4 132 130.9 131.3 132.8 131.4 131.3 131.3 131.3 132.1 132.9 133.2 135 136.8 137.6 137.7 138.3 142 144.5 144.2 145.8 147.4 148.9 151.6 151.1 151.5 153.4 154.9 156 157.3 158.2 157.3 161.1 161.7 163.3 165.8 167.9 169.2 169.8 171.7 171.7 170.4 168.5 166.8 168.7 170.6 170.4 169.8 168.6 167.2 165.9 163.8 161.1 158.1 155.4 153.8 151.8 149.7 148.2 146.6 145.5 141.8 139.4 136.7 141 147.7 152.5 152.7 151.2 145.7 140.4 136.9 133.7 131.6 130.3 129.1
135.8 134.2 132.4 131.7 130.7 136.2 130.5 131.2 131.2 131.2 131.2 132.2 136.4 134.3 134.2 136 136.7 137 138.5 139.2 144.3 143.3 145.1 146.7 147.4 148.9 152.9 151.8 153.1 154.7 155.5 156.3 157.5 160.2 161 161.3 164.3 166 168 169.4 169.8 170.9 171.4 170 163.5 163.2 163.9 166 167.6 167.6 167.2 165.7 164.3 163.2 161 158.8 155.9 152.4 149.9 148 146.5 145 143.3 140.8 138.7 137.1 138.9 143.8 149.7 149.6 146.8 144.1 140.5 137.7 134.3 132.5 130.6 128.9
136.6 134.7 132.3 131.6 132.7 132 130.7 130.9 131.2 131.2 131.2 133.7 133.7 134 133.5 134.1 135 136.4 137.9 139.3 143.8 143.4 144.6 146.2 147.2 147.2 152.7 152.1 153.2 154.6 155.9 156.4 157.5 158.5 160.9 162.7 164.8 166.4 167.9 168.9 170.3 170.5 170 168.1 162 160.8 160.7 161.6 163.1 164.8 164.6 163.2 162.5 162.5 160.5 158.3 156 152.3 149 147 145.3 143.6 141.9 139.9 137.9 135.9 137.4 141.1 144.6 144.9 145.2 142.7 140.5 137.3 134.7 132.6 130.6 128.8
137.1 135.4 134.9 138.9 131.5 131.5 131.7 131.6 131.1 131.2 131.3 132.6 135.6 133.7 133.1 133.6 133.8 136.4 136.7 138.3 141.6 143.8 144.5 146 146.8 148.1 149.2 152.6 153.1 154.1 155.2 156.3 157.5 159 161.6 163.9 164.4 166 167.7 169.1 170.3 169.1 168 163.3 160.4 158.6 158.2 158.1 158.9 161.1 162.8 159 160.4 161 159.8 157.6 155 151.7 148.5 146 144.3 142.6 140.9 139 137 135.1 134.2 136.8 138.5 140.3 140.3 141.3 139.1 137.4 135 133 130.9 128.5
137.5 137 135 137.8 137.6 131.9 132.1 132.8 132.7 132.2 131.7 133 136.5 135 133.7 133.7 133.7 134.2 135.5 137.4 140.8 144.3 144.7 146 147.4 148.8 150.5 151.5 152.8 153.9 155.5 156.5 158.2 159.9 161.8 163.4 164.8 165.7 167.4 168.8 168.7 168.1 165.6 161.1 158.5 156.5 155.8 155.1 155.5 157 159.9 157 155.9 159.3 158.8 156.9 153.8 150.7 147.4 145.1 143.4 141.6 139.9 138.1 136.2 134.9 133.8 133.9 135.6 137.1 139 140 138.9 137.5 135.4 133.4 131.3 128.9
139.6 137.7 136.1 133.9 137.5 135.5 132.4 133.3 134.1 134.1 134.8 131.6 130.4 137.4 134.6 133.8 133.9 134.6 136.5 138.6 140.5 145 144.7 146.1 147.5 148.9 149.9 150.9 152.8 153.8 155.6 157.1 158.5 159.5 161.5 162.9 164.4 165.8 167.2 168.4 168.3 167.2 164.4 159.7 157.4 155.6 153.4 152.4 152.2 153.4 155.2 151.8 152.5 155.5 156.9 154.8 151.6 148.6 146.1 143.9 142.2 140.5 138.9 137.3 136.2 134.9 133.4 132.4 132.9 134.2 137.3 138.6 137.8 136.9 135.2 133.2 131.7 129.3
