webserver/python/data/SK01.asc
ncols 200
nrows 200
xllcorner 400000
yllcorner 310000
cellsize 50
[rows 35 to 69 of 200, columns 0 to 79 of 200]
173.9 174.3 174 174.2 174.5 173.7 171.5 163.5 157.6 159.5 168.4 171 171.1 172.4 172.8 158.1 144.7 143.4 151.1 154.8 157.7 159.2 158.8 158 158.1 154.5 151 147.1 141.4 136.6 132.2 128.1 124.1 120.1 116.8 113.6 110.5 107.6 106.6 110 115.1 117.4 118.7 120.4 120.3 119.9 119.5 119.7 119.9 119 117.7 117 115.4 113.9 112.7 111.1 108.1 104.7 100.5 97.4 95.8 94 92 90.5 89.7 87.9 87.1 85.3 84.4 84.5 87.3 93.1 97.7 98.6 95.9 87.7 84 81.8 80.3 79.5
175.4 176 183.1 177.2 176.6 175.7 172.8 169 161.5 154.7 155.7 161.6 160.2 162.7 164 145.8 144.7 151 148.4 149.1 154.2 157 156.3 153.9 151.5 153.5 151 148.2 142.7 136.7 132 127.9 124 120 116.7 113.4 111.1 108 107.6 111.4 116.1 120.5 121.7 122.3 122 121.4 121 120.6 120.2 119.8 118.5 116.6 114.9 112.7 112.1 109.8 107.1 104.1 101.6 98.9 96.7 94.4 92.2 90.5 89.5 88.2 87.2 86.1 85.3 86 87.8 95.2 97.9 99.5 96.2 89.6 85.3 82.6 81.3 80.3
177.1 177.7 177.7 177.7 177.1 176.7 175.3 171.8 167 156.5 148.8 147.4 148.9 151.1 148 145.3 145.1 152.8 160.1 158.4 158.9 156.8 154.4 152.9 148.8 147.4 148.6 147.5 142.8 136.4 132 127.6 123.9 120.6 117.8 114.9 111.9 108.2 109.2 114.8 119 121.7 123.4 123.6 123.4 122.8 122 121.1 120.5 120.1 118.9 116.9 115 111.8 109.4 107.4 105.9 104.6 102.3 99.8 96.5 93.8 91.6 90.1 89.2 88.4 87.4 86.8 86.8 87.6 88.6 93.3 98.4 99.5 95.8 90 86.6 83.9 82.9 82.1
178.8 179.2 178.8 177.9 177.2 176.6 173.8 167 160.7 152.8 153.2 150.4 146.6 146.1 147.7 150.5 153.7 158.5 160.7 161.2 161 156.2 153.5 149.7 149.2 145.5 142.1 142.9 140.6 135.6 131.3 127.9 124.3 121.2 118.2 114.9 111.8 108.7 112.1 117.6 121.7 123.5 124.1 124.1 123.7 123.6 122.3 121.6 121 120.3 119 116.9 113.6 109.1 106.9 105.2 104.4 104.8 101.4 99.3 96.3 93.1 90.7 89.5 89.1 88.2 87.9 88.8 89.5 90.8 91.8 94.4 99.2 95.6 92.5 89.3 86.6 86.7 88.3 87.7
180.5 180.8 179 176.7 174.9 171.1 167.9 162.9 155.1 157.5 165.2 159 153.6 148.8 147.5 147.8 148.5 160 161 163.4 162.9 161 155.9 149.9 147.2 145.5 144.1 139.8 137.4 133.5 129.7 127 124.1 121.4 117.5 113.3 109.9 111.5 114.3 117.2 120.7 122.9 124.2 124.4 124 123.5 122.7 121.8 121.2 119.5 116.5 113.7 109.6 107.4 104 102.6 101.7 101.7 100.3 98.5 96 92.9 90.9 90.1 89.5 89.1 89.2 92.1 94.3 94.8 96 96.6 99.7 96.2 93.5 90.5 89.8 92 94.3 92.7
182.1 181.2 177.9 173.1 167.5 163.8 162.5 159 156.5 169.1 172 165.6 157.3 155.5 152 148.4 154.8 159.6 161.4 161.8 161.7 160.7 135.6 137 145.8 144.5 143.3 141.2 137.1 131.1 126.6 123.1 121.3 118.1 115.2 111.9 112.2 114.4 117.6 120.6 122.6 123.7 124.4 124.3 123.5 123.1 122.3 120.5 118.5 116.5 113.4 110.9 110.8 107.6 104.2 101.4 99.2 97.9 97.9 97.1 94.6 92.5 90.9 90.7 91.1 91.8 93.2 96.6 97.9 98 98.4 99.9 96.8 93.2 90.4 89.2 91.8 94.7 92.2 80.8
183.5 180.4 176.1 176.1 174.5 173.5 169.3 159.3 167 175.4 173.9 167.2 162.7 162.4 160.4 157.5 158 159.2 159.2 159.7 152.8 140.8 133.9 129.5 136.2 138.5 138.3 138.6 138.8 131.7 124.3 120.8 118.1 115.7 114.7 112.7 113.3 117.1 120.9 124 125.1 125.3 124.7 124.6 123.9 121.9 120 118.1 116 114.5 114.6 114.9 113.6 109.9 104.9 101.1 99.5 98 96.4 94.9 93.9 91.9 92.4 93.1 95.1 96.1 97.4 97.8 100.4 100.8 99.6 96.1 90.8 89.4 86.9 85.3 83.5 81.5 80.8 80.5
183.8 180.2 177.2 180 177.7 176.6 167.6 160.8 172.5 177.1 175.1 169.5 168.6 167.4 161.8 152.2 151.7 159.6 159.3 155.4 150.3 143.7 135.7 131.9 128.9 129.3 128.2 129.5 132.1 130 123 120.4 117.6 116.9 118.8 115 115.1 119.3 123.2 125.9 126.9 126.5 125.9 125.1 124.3 123.1 121.4 119.8 118.1 116.8 117.5 116.3 114.5 110.5 106.1 102.3 99.9 98.7 97.5 95.8 94 93.1 94 97.2 99.8 101.5 102.4 104.1 101 100.5 94.9 88.1 86.9 86.3 84.2 83.8 83.8 81.5 81.1 80.6
184.5 183.2 183.1 181.8 179.4 174.3 164.9 169 177 178.9 177.1 174.8 173.5 165.1 157.3 153.3 157.3 161.1 166.7 158.1 148.2 143.5 144 136.4 132.4 129.2 126 125.1 124.7 124.3 122.8 121 120.9 122.1 120.7 116 117.2 121.4 125.3 127.1 128 127.7 127 126 125 123.9 122.7 121.1 119.9 119 118.8 117 115.4 110.8 106.8 103.2 102.5 100.8 98.8 97.3 95.6 94.8 97.4 100.9 104.1 104.5 105.3 105.2 102.7 95.5 88.7 87.5 86.5 85.6 84.7 83.8 82.9 81.8 81.3 80.9
186.5 185.4 183.5 182.3 177.7 167.7 164.9 173.3 179.7 180.3 179.5 176.4 169.4 160.8 156.5 162.7 166.7 169.1 165.5 153.3 153.1 153.6 150 148.7 140.8 138.7 134.2 128.9 125.6 124.3 123.5 122.5 123.5 124.2 121 117.6 118.4 122.8 125.9 128.2 129.1 129 128 126.9 126 124.9 123.8 122.6 121.4 120.8 119.9 118 116.1 111.2 107.4 105 107.2 104.4 102.4 100.3 97.5 95.8 99.7 103.8 104.3 103.6 103.1 101.1 99.7 93.6 88.2 86.9 86 85.1 84.2 83.4 82.8 82.4 82.1 81.7
188.1 186.8 184.3 179.7 173.7 167.3 173.1 174.8 181.9 181.2 179.8 173.4 164 162.9 166.7 170 172.7 171 160.4 163.1 163.2 163.8 157.9 158.1 152.4 144 138.4 134.2 129.7 127.4 126.3 125.3 124.7 124.2 121.1 118.4 119.6 124.2 126.5 129.1 130.4 130.3 129.6 128.8 127.8 126.7 125.7 124.2 123 122.2 121.4 120.1 118.3 113.1 108 109 110.5 108.6 106.7 104.6 99.3 97.1 97.8 100.9 99.7 98 97.3 96.7 95.6 93.1 88.1 86.5 85.6 84.8 84.1 83.9 83.5 83.2 83.2 82.7
189.4 187.3 184.4 179.3 171.1 175.5 178.3 174.6 177.1 181.2 176.1 168.6 167.5 171.1 174.5 173.6 175.2 171.5 170 171.8 170.3 169.6 165.4 160.1 153.9 149.9 144.6 139.1 133.9 132.4 128.8 127.1 125.7 124 121.6 119.4 122.1 125.9 128.3 130.6 132 132.5 131.8 130.8 129.7 128.6 127.5 125.9 124.6 123.5 122.7 121.1 118.4 113.8 109.5 113.4 113.1 111.7 111.3 107.9 102.3 98.8 97.9 96.1 94.3 93.6 94 94.7 90.9 91.1 87.3 86.5 85.6 84.9 84.6 84.4 84.2 83.9 84.2 83.8
189.1 185.4 181.1 176.1 174.4 181.1 183 183.1 181.4 177.5 172.2 173.9 175.8 177.9 177.8 177.4 176.6 175.8 174.4 172.7 171.6 169.8 165.6 161 155.6 150.2 145.2 140.4 136.6 134.1 131.2 129.3 127.5 125.9 123.7 121.2 123.9 127.4 131 132.8 133.5 134.2 133.9 132.7 131.6 130.5 129.3 127.7 126.1 125 123.7 121.4 118.5 114.1 114.7 116.9 116.1 114.8 112.1 109.2 105 100.6 99.2 97.5 94.1 91.1 91.2 92.8 91.3 87.8 87.2 86.4 85.7 85.4 85.1 84.8 84.9 84.7 85 85.1
189.2 185.9 184.7 176 181.5 183.5 184.9 183.2 180 177.5 176.2 179.4 179.5 180.2 179.7 178.5 177.4 176.9 175.7 173.3 170.4 166.8 163.2 158.7 153.5 148.6 144.4 140.9 139 136.2 132.8 130.8 129.7 125.5 123.2 123.2 125.3 128.5 131.7 133.8 134.8 135 135.2 134.6 133.5 132.4 131.1 129.4 127.8 126.5 124.9 122.3 119 115.7 118.5 120.5 118.1 115.3 111.8 108.1 106.1 101.4 102.6 98.8 94.9 91.3 89.5 89.4 88.5 87.9 87.2 86.6 86.2 85.9 85.5 85.3 85.3 85.5 85.9 86.5
191.4 189 182.9 181 185.4 186.3 186.2 184.2 182.1 180.3 181.5 181.9 182.2 181.6 180.3 178.4 177.7 177.1 175.4 172.8 169.2 165.3 161.4 157.3 153.7 149.2 146.5 143.4 141.2 138.3 133.3 130.3 126.4 125 126.7 124.4 126 129 131.5 133.9 135.4 135.9 135.8 135.7 135.3 134.2 132.8 131.2 129.8 128.4 127.1 124.1 120.7 120.7 122.7 120.7 118.1 113.8 111.1 109.1 109.4 107.6 102.1 97.2 94.5 91.2 90.1 89.5 88.9 88.4 87.8 87.2 86.8 86.5 86 85.7 85.8 86.7 87 87.9
192.7 187.2 182.3 187.2 188 188.5 187.8 186.8 185.4 183.5 183.9 184 183.5 182.2 180.4 178.3 176.6 175.4 174.6 172.1 169 165.8 162.4 157.6 152.5 146.9 143.4 140.3 136.6 134.7 130.5 128.3 129.5 129.5 126.5 124.7 127.5 130.7 132.6 133.9 135.4 136.2 136.2 136.4 136.5 136 135.2 134.2 133 133 131.3 128.4 124.4 123.7 124.8 120.4 118.3 114.5 112.4 110.5 109 104.8 98.8 95.3 92.1 91.7 90.9 90.2 89.5 89 88.5 87.8 87.3 87 86.4 89 87.3 87.9 88.3 89.8
191.9 186.3 187.8 190.4 191.1 190.7 189.8 189 187.9 186.8 186 185 183 180.4 179.2 174.4 170 171.1 170.8 167.7 166.5 159.3 154.9 148.4 142.7 139.3 136.8 135.8 133.7 132.7 133.3 134 132.2 129.7 128 127.4 129.1 132 133.9 135.2 136.2 136.9 137.5 137.7 138.3 138.2 138.5 138.6 138.9 138 135.2 132.3 128.7 125.7 125.5 122.5 119.9 115.8 112.3 107.6 102.8 99.5 96 92.7 92.1 91.7 91.7 91.2 90.4 89.7 89.2 88.4 87.8 87.4 89.5 89.9 89.9 89.7 92.4 91.9
191.4 189.5 191.4 193.5 193.5 193 192 190.9 189.8 188.6 186.5 183.3 180 175.5 172.1 169 165.9 162.3 160.4 157.4 153.6 152.3 150.8 149.1 147.9 144.8 142.9 140.9 133.4 136.8 137.1 134.5 131.9 130.1 129.9 129.1 130.6 133.1 134.7 136 136.7 137.3 138.3 139.1 140.4 140.3 140.1 139.7 139.4 138.9 137 133.8 130.8 127.7 125.3 124.3 123.3 119.1 111.5 105.7 100.7 97.8 96.1 93.5 92.9 92.2 92.2 91.6 91.4 90.5 89.8 89.1 88.3 88.9 90.3 90.5 90.9 94.5 94.2 93.7
192.5 192.9 195.3 196 196.1 195.1 193.9 192.7 191.6 189.9 186.3 182.7 178.7 178.3 178.6 177.8 175.6 171.2 168.8 166.4 164.6 163.7 161.8 157.3 154.2 149.4 140.8 136.4 140.3 139.4 136.5 134.2 132.4 132.5 131 130 131.4 133.9 135.5 136.4 137.2 138.1 139 140 140.6 140.8 140.8 140.5 139.8 139 137.9 134.9 131.6 125.1 122.2 123.8 121.8 117.7 111.3 104.7 101.4 100 96.4 94.4 93.6 92.7 92.5 92 91.4 90.7 90.1 89.4 89.7 90.7 91.3 91.2 95.5 96.4 96 95.9
196 196.2 197 197.9 197.8 196.9 195.7 194.5 193.4 190.8 186.6 184 183.8 183.4 182.8 181 178.3 175.4 174.1 173.1 171.1 168.6 164.9 157.9 150.5 142 141.4 143.7 144 140.8 138.6 136.8 134.8 134.3 133.4 132 132.8 134.5 135.7 136.9 137.6 138.6 139.7 140 140.5 140.8 140.5 139.9 139.2 138.3 137 135.1 130.4 122.9 117.2 116.7 118.8 115.2 109.1 105.7 103.8 101.2 97.2 94.5 93.8 93.1 92.7 92.6 92 91.1 90.4 90.8 92.2 92.9 93.7 94.7 97 98.1 98.1 97.8
198.8 199.2 199.3 199.8 199.5 198.6 197.6 196.3 194.9 191.9 189.8 188.6 187.3 185.6 184.8 182.6 181.2 179.2 177.6 175.3 168.4 165.1 157.7 146.4 143.9 146.6 148.6 148.1 146.2 143.4 141.4 139.7 137.7 136.1 135 133.3 133.2 134.2 135.8 137.1 138.1 139.1 139.7 139.8 140 140.7 140 139.3 138.4 137.6 136.2 134 131.4 122.4 116.7 112.5 110.5 111.2 111.4 109.6 106.4 101.1 95.2 94.8 94 93.3 93.2 93.1 93 91.6 91.4 92 94.7 97.2 96.8 98.2 97.9 99.3 99.1 101.2
199.6 199.9 200.4 200.9 201.3 200.4 199.4 198.1 196.4 194 192 190.5 188.9 187.1 185.5 184 182.2 179.9 175.7 170.4 162.6 152.8 148.5 152.7 155.5 152.9 152.2 150.4 148.3 146.3 143.9 141.7 139.2 136 133.9 132.1 133 134 135.8 137.2 138.6 139.4 139.6 139.7 139.8 139.8 139.4 138.4 137.1 135.7 133.5 132.8 131.2 122.9 116.8 111.4 107.7 106.7 110.8 110.4 106.6 97 95.9 95.1 94.3 93.7 93.7 93.6 93.5 93 92.8 94.3 99.2 100.3 100.4 102.2 98.7 100.1 102.5 103.1
200.5 200.5 200.8 201 201.3 201.3 201.1 199.6 197.8 195.8 193.7 191.4 188.4 184.5 182.4 178.5 175 172.8 166.9 159.9 154.5 157.2 160.1 161.6 160.2 157.1 155.7 153.7 151.4 149.1 142.1 139.3 135.8 134.3 132.3 130.9 132.6 133.8 135.9 137.2 138.7 139.3 139.4 139.5 139.6 139 138.2 137.1 135 132.2 129 131 130 124.7 120.3 113.2 106.6 103.4 103.4 103.8 98.3 96.7 96 95.2 94.9 94.5 94.3 93.9 93.8 93.8 94.6 96.1 101.8 104.5 105.3 99 103.6 103.8 104.7 105.4
201.8 201.2 200.9 201.8 202.3 202.7 201.8 200.7 199.1 197.2 193.6 188.5 182.1 178 177.7 173.2 168.3 164.9 163.6 164.7 166 166.7 167.5 167 163.7 160.2 158 155.7 152.7 149.4 144.1 140.2 136.8 133.7 131.2 130 131.8 133.7 135.6 137.6 138 139 139.3 139.4 139.1 138 135.6 134.3 133.9 130.6 124.6 125.3 124.8 122.2 119.5 111.4 106.3 103.7 103.4 100.1 98 96.9 96.1 95.5 95.1 95.2 95.1 94.7 94.6 94.7 96.2 97.7 102.6 98 107.4 105.8 105.5 105.8 107.3 107.9
202.6 202.5 202.4 202.8 202.7 202.6 202.3 201.3 199.9 197.6 193.5 186.5 186.8 188.5 185.7 179.2 171.6 171.3 174 173.9 174 173.9 172.8 170.2 166.1 162.2 160 157.7 154.9 151 146.1 140.5 136.7 133.6 130.6 129.4 130.3 132.5 133.5 136.2 137.6 137.6 137.5 137.6 137.5 136.4 135.4 132.6 129.4 128.4 123.5 120 118.8 118.9 116.1 112.4 113.6 110 100.6 99.4 98.1 97.4 97 96.3 96 95.6 95.9 95.7 95.4 99 102.9 99.2 105.7 108.5 108.3 108.1 107.8 108.8 109.6 110.6
203.6 203.7 203.7 203.4 203.3 203.1 202.5 201.6 200.7 198.5 195.8 194.4 193.4 189.4 184.4 177.7 177.9 178.5 178.9 178.7 178.3 176.6 174.4 170.6 166.2 163.6 161 158.4 156.1 152.1 147.4 142.5 137.4 133.4 130 127.9 128.8 131.6 132.3 134.6 136.6 137.5 137.1 137 136.3 135.4 134.5 132.8 128.2 123.7 121.1 117.1 114 113.9 113.3 114.4 112.2 102.8 101 99.9 99.4 98.8 97.9 96.9 96.5 96.5 96.6 96.7 100.7 100.5 110.1 107.5 108.3 109.2 109.8 109.9 110.2 111.1 113 113.8
204.4 204.8 204.9 204.9 204.1 204 202.6 201 200.5 198.8 197.9 195.7 194.2 189.4 186.2 184.9 184.5 183.8 183.2 181.3 179 177 172.7 166.2 161.8 159.1 158.5 156.5 155.5 149.4 144.7 138.8 134.8 131.6 128.4 126.6 125.2 126.1 128.9 133.4 135.7 135.9 136.2 136.1 135.2 133.9 133.1 131.3 127.8 124 118.5 115 111.8 109.8 111.2 108.8 102.2 101.4 101 100.3 99.9 99.1 98.2 97.2 97.3 97.3 97.6 101.7 109.9 111.5 111.4 111.5 110.5 110.7 111.4 111 111.3 113.4 114.6 117.1
204.9 205.6 206 206.1 205.3 204.4 202.6 200.9 199.8 198.7 197.3 195.7 192.8 191 190.4 187.7 184.8 183.7 182.8 178.7 175.7 175.2 172.9 168.4 161 151.8 152.8 149.2 148.1 141.2 136.1 131.3 131.1 129.3 127.7 126.3 124.5 123.8 123.8 128.8 133 133.9 134 134.2 133.5 132.7 131.4 129.1 125.3 122.5 118.1 113.2 109.3 106.6 105.4 102.2 101.9 101.4 101.2 100.9 100.1 99.3 98.5 97.5 97.5 98.4 104.6 108.1 110.1 112.5 114.1 114.1 112.1 111.4 111.6 111.2 113 115.4 116.8 119.8
205.6 206.5 206.8 206.2 206.1 204.6 202.6 200.4 197.5 194.1 193.2 192.1 189.2 184 184.3 181.9 178 177.9 178.1 175.4 167.9 170 164.2 161.4 155.5 151.2 144.1 140.9 137.8 134.6 133.7 134 133.4 132.1 134.2 131.2 128.7 123.1 121.8 123.3 128.8 130.6 130.6 130.3 129.3 128.3 128.4 125.7 121.8 118.7 114.9 111.7 110.7 108.7 103.8 102.8 101.9 101.6 101.5 101.2 100.3 99.5 98.6 97.9 104 100.6 102.5 109.1 113.2 114.3 116.7 115.6 114.1 112.6 112.7 114.7 115.4 118.5 121 123.3
206.6 207 206.9 206.6 206.7 204.8 201.3 198.1 193.9 190.1 187.2 186.3 185.9 183.7 176.6 178.9 173.4 170.7 171.7 169.1 163.7 165 156.9 155.2 149.6 143.2 139.6 138.5 140.2 140.8 142.4 143.1 140.3 138.3 135 133.4 130.2 124.6 121.2 120.3 120.7 123.5 124.5 124.6 123.7 121.7 123.1 122.8 118.5 115.3 112.5 109.3 108.9 107.6 104 103.5 102.6 102 101.8 101.5 100.7 99.8 98.8 101.1 103.4 107.4 109.3 110.6 113.4 119.3 118.9 118.6 118.7 115.5 115.6 117.7 120.3 123.3 126.5 127.5
207.4 207.5 207.3 206.7 205.9 202.5 199.5 194.5 190.2 186.8 183.1 179.4 176.4 176 171.8 169.9 166.1 162.9 163.4 162.1 157.3 155.1 154.1 145.6 143.9 143 145 148.6 149.5 150 152.2 151 145.5 141.1 136.8 132.1 128.6 125.5 123.9 120.1 117.9 118.1 118.3 117.2 115.8 114.9 114.9 115.1 113.4 111.8 110.2 107.7 106 104.3 104.1 103.9 103.2 102.8 102.3 101.6 101 101 100.3 102.6 108 112.3 119.5 121.8 122.9 124.4 125.7 122.7 122.3 119.1 118.8 121.5 123.8 126.8 131 132
208.1 207.9 208.1 207.4 206.6 203.3 201.2 197.7 194.5 190.4 188.1 185.1 182 177.4 173.5 167.5 164 160.3 156.1 153.3 151.9 147.9 147.8 147 149.1 150.2 155.8 157.2 157.4 158.6 155.8 151.7 146.1 142 137.8 133.7 131.7 127.2 125.4 122.4 118.8 116.9 116.3 115.3 113.7 112.1 110.6 110 109.8 108.9 108 106.3 104.8 104.7 104.4 104.3 103.8 103.1 102.6 101.9 104 102.2 102.9 105.8 110 114.9 119.6 122.5 124.3 124.6 124.7 124.2 122.6 121.5 121.6 123.5 125.9 129.9 133.3 135.3
209.2 209.5 208.9 207.9 207.1 204.4 201.9 199.6 197.5 193.4 189.7 187.7 184.5 183.3 180.6 173.4 168.4 163 156.8 152.2 152.1 154.8 153.5 152.4 155.6 157.7 158.8 159.5 159.1 158.7 155.3 151.8 146.5 142.4 137.8 133.3 130.4 127.8 125.2 122.5 120.1 117.5 116 115.3 114.5 113.1 112 111.1 109.7 108.3 107.2 106.4 104.5 104.4 104.7 104.9 104.3 103.6 103.1 105 102.7 103.8 104.6 106.5 110.1 113.6 117.6 119.6 121.7 122.5 122.9 122.9 122.7 122.9 123.5 125.9 128.3 132.1 136.3 138.7
210.2 210.7 209.9 208.6 206.1 202.9 199.2 197.1 195 191.7 187.1 184 182.3 182.4 180.5 175.5 168.7 163.2 156.8 155.9 162.1 161.1 159.3 157.4 159 159 159.1 159.2 159.3 157.3 154.7 152.4 146.8 142.7 138.6 133.6 131.2 128.7 125.2 122.1 119.4 117.4 117.2 119.2 118.6 116.3 114.4 112 110.6 109.1 107.8 107.2 104.7 104.4 104.9 105.6 104.6 104.1 104.8 103.7 103.6 104.6 105.6 108.2 110.3 112.2 114.6 116.9 119.3 120.6 121.5 122.2 123.3 124.5 125.2 127.7 132.3 135 140.7 141.8
211.1 210.8 210.5 207.8 205.4 200.9 194.9 191.6 189.4 185.5 182.3 179.2 176.1 175.5 175.6 171.5 166.5 159.6 157.9 163.4 166.5 166 164.1 162.8 162 161 159.7 159.5 159.1 156.8 154.6 152.3 147.2 143 138.8 134.4 131.6 128.6 124.5 121.4 119.4 118.5 119.7 121.7 120.6 118.9 117.4 114.1 112 110.2 108.6 107.7 105.2 105.5 106.9 106.9 105.7 105 105 104.4 104.3 105.3 106.5 108.3 112.3 114.8 116.5 117.6 118.6 120.1 121.2 122.3 124 125.3 127.3 130.2 135.8 137.9 141.8 143.5
