webserver/python/data/SK09.asc
ncols 200
nrows 200
xllcorner 400000
yllcorner 390000
cellsize 50
[rows 140 to 174 of 200, columns 78 to 155 of 200]
231.3 236.3 242 247.4 253.4 259.8 266.5 273.2 271.3 261.5 252.3 239.1 226.9 218.2 211.1 211.4 216.5 220.3 226.6 232 238.4 250.4 261.8 272.3 285.5 299.4 313.4 320.4 319.3 316.8 320.7 325.3 329.1 331.9 333.5 334.5 334.9 334.5 335.1 334.9 335.2 335.7 331.5 319.9 303.6 302.3 290.9 312.7 321.8 327.7 331.5 319.8 310.7 327.8 339.1 346.8 354.3 362.3 369.4 377.1 385.1 391.1 394.6 399.7 408 417.8 426.8 436.6 443.5 445.3 447.8 451.5 452 455.2 459.8 463.8 468 474
231.5 236.5 242.6 248.6 255.6 262.5 267.5 271.5 269.8 263.1 253.3 238.3 226.6 220.1 213 219 220 226.1 231.4 237.2 243.3 254 263.7 275.6 288.2 302.6 315.5 324 322.9 323.2 327.2 331 334.9 338.3 340.4 341.7 342.7 342.1 342.9 342.7 343.3 343.6 340.1 333.5 321 309.7 307.3 301.8 319.3 329.1 334 334.6 322 312.8 330.3 344.1 354.4 363.2 371.6 379.3 386.3 393.2 397.7 399.8 409 419.3 431.2 439.7 446.1 449.9 452.2 454.4 456.4 458.5 462 465.3 469.7 476
233.6 238.7 244.8 251.6 259.1 264.7 269.4 274.3 271.4 263.8 255.3 242.4 231.5 223.9 218.5 224.7 227.6 232.4 238 243.9 251.3 260.2 268.4 278.9 292.4 306.2 317.9 324.8 326.8 328.7 333 337.1 340.9 344 347.1 348.6 348.3 348.5 350 350.1 350.6 351.4 348.2 343.3 335.2 323.4 320.4 315.7 309.8 329.5 337 340.4 338.4 336 326.8 329 347.1 360.4 370.4 378.4 386 391.9 397.9 403.6 411.2 420.8 432.8 442.2 448.3 452.1 454.9 457.1 459.1 459.6 462.8 466 471.8 478.2
235.8 241.2 247.3 253.9 260.9 266.6 272 275.3 278.1 264.4 255.6 243.9 234.6 227.9 225.3 228.7 232.4 237.7 242.2 248.6 255.4 265.8 274.1 285.5 297 310.1 319.6 325.1 328.4 332.9 337.6 342.3 346.7 349.5 353.1 354.9 355.1 356.4 357.2 357.5 357.7 356.7 354.6 351.9 348.2 343.2 331.6 331.7 318.6 320.5 336.8 343.4 346.9 349.1 347.4 338.3 330.9 347.7 361.8 371.9 378.3 385.2 389.8 400 410 420.5 433.2 443.9 450.2 454.3 457.1 459.9 461.5 461.9 464 467.5 473 479.3
233.8 241.1 247.8 255.9 262.8 269.2 274.7 278.2 278.7 263.5 253.8 243.7 235.7 231.7 230.2 232.2 235.6 241.4 246.5 252.7 261.1 271.7 281.1 291.9 305.5 311.9 318.5 323 329.9 336.2 341.6 346.5 351.3 355.3 359 361 362.3 363.1 364.2 364.2 364.2 363.4 361.8 359.7 357.6 353.4 347.6 342.8 336.8 324 332.4 346.4 351.7 357 360.9 359.2 351.8 338.7 344.4 355.4 362.4 370.3 380.9 393.5 409 419.1 430.7 441.8 449.9 455 458.3 461.2 463.7 464.8 465.7 469.3 474.1 480.4
231.8 239.6 247.2 257 264.5 271 276.5 280.1 273.1 259.4 250.7 242.1 236.1 233.5 233.4 235.1 239.5 245.1 252 258.7 268.3 278 288.1 297.6 304.2 310.7 316.8 324 331.7 338.6 344.9 350.5 355.5 359.3 363.1 366 368.7 369 370.4 370.8 370.7 370.5 369.5 367.6 366.4 363.7 359.3 354.4 349.2 342.9 325 344.9 354.1 362.3 367.4 369.3 367.6 363.1 354.4 344.5 349.3 355.3 368.2 383 401.3 417.1 427.3 437.7 447.6 455 458.2 462.1 464.3 466.3 467.4 470.7 475.6 485.2
228 236.6 245 253.6 261.9 261.4 266 261.9 256.1 250 244.6 238.9 236.2 235.3 235.7 238.4 244 250.1 256.3 264.3 272 282.4 290.7 296.3 301.3 310.3 318.2 325.9 333.4 340.7 347.6 353.5 358.9 362.9 367 370.8 371.3 374.3 376.1 376.9 377.5 377.6 378.1 376.9 375.4 372.6 370.2 364.3 359.6 354.9 345.7 335.2 354.6 364 372.1 378.2 379.7 377.7 376 370.2 363.9 371 369 370.6 386.5 403.5 421.4 431.3 443.8 451.9 457.7 462.1 463.7 466.3 468.9 472.6 478.7 485.9
225.4 234.3 240.7 248.3 250.5 249.9 248.8 247.1 244.4 242 238.6 235.1 236 237.2 237.4 243 248.2 253.1 260.2 267.5 277.1 283.8 287.7 292.9 303.3 311.4 320 327.8 335.2 342.9 349.7 356.4 362.1 366.1 370.5 375.5 377.7 379.8 382 383.1 384.2 384.6 385.4 385.3 383.5 382.1 381.6 376.3 371.2 365.7 359.9 354 349 365.1 375.5 382.5 387.7 389.8 389.6 388 385.5 388.2 387.6 381.5 370.4 386.9 400 416.7 429.4 446 453.3 458.9 463.6 466.7 470 473.5 480.3 486.4
225.8 233.5 239.8 245.3 241.4 237.7 236 235.7 235 235.6 232.4 231.5 234 236.6 238.7 244.5 250.3 257 263.1 268.1 277.1 280.7 286.6 294.4 303.9 312.5 320.8 329.1 337.5 345.2 352.1 358.9 365.2 370.5 375.6 380.2 383.7 386 388.3 389.6 390.8 392.1 393 392.7 391.7 391 390.3 387.9 384.3 376.3 373.2 367.8 354.9 365.1 376.4 386 390.7 395.2 398.7 398.8 398.8 400.9 404.1 400.2 392.2 383.8 382.5 397.5 408.2 424.6 437.3 453.6 460.3 465.8 469.1 473.6 480.3 486.5
223.7 228.3 231.7 235.5 229.3 226.9 226.2 226 226.2 226.8 225 228.5 232.5 236.6 239.9 245.8 252 258.2 263.6 270.3 273.2 280.8 287.6 295.3 302.9 311.7 321.5 331 339.3 347.3 354.3 361.3 367.7 374 379.2 383.4 387.5 391.5 394 396.1 397.7 399.3 400.5 399.6 399.2 399.2 399.4 397.3 393.1 389.7 384.1 379.1 374.2 355.1 376.1 385.7 393.4 398.9 403.1 405.4 406.1 408.7 413.2 414.2 413.2 407.3 398.9 393.1 391.3 398.1 415.4 437.1 456.1 463.3 467.9 472.1 478.4 484
206.3 209.8 214.4 217.1 218.3 218.7 218.5 219.2 218.7 219.1 221.1 227.3 233.4 236.9 240.5 246.6 253.2 259.6 262.8 264.5 272.7 281.1 289.4 297.2 305.2 312.5 321.9 332.9 341.4 349.2 355.8 362.3 368.8 376.1 382.1 386.6 391.7 395.9 398.9 401.7 404.4 406.3 408 408.4 407.7 407.3 407.5 406.7 403.9 400.5 392.6 390.1 385.9 378.1 366.2 381.1 391.6 397 401.7 407.1 408.7 413.2 419 420.2 422.8 423.6 423.2 419.8 416.4 416.1 410.2 414.2 441.4 456.4 465.6 467.8 471.2 475.1
187.2 195.4 202.1 205.2 209.5 212.5 212.2 213.1 212.9 214.4 218.8 226.8 230.2 233.2 238.4 245.3 249.9 253.9 253.6 261.9 267 278.6 284.8 293.6 302.6 313.3 323.6 333.4 341.7 349.8 356.5 363.4 371.5 378.4 383.7 390.6 395.8 400.5 404.4 408 411 413.5 415.5 416.9 416.2 415.5 415.3 415.1 412.3 409.4 403.4 399 396.2 390.2 388.8 385.5 385 385.8 395.1 399.8 403.9 411.3 418.4 422.7 428.4 430.7 433.9 436.4 441.4 445.5 441.5 428.5 416.5 438.7 448.9 448.9 443.5 446.1
191.4 189.8 190.9 196.4 201 204.6 206.2 203.2 207.6 210.9 214.9 219.9 221 225.6 228.8 233.9 239.9 246 254.2 265.9 273.6 281 289.5 298.9 307.6 316.4 327.3 336.2 343.7 351.4 358.4 364.9 371.9 379.3 386.1 392.7 399.8 404.5 408.5 413 418.2 421.2 423.1 424.7 424.7 423.7 424 422.7 419.7 417.3 415.6 408 404.1 400.1 401.8 402.3 404.1 403.8 402 402.6 405.5 407.2 411.1 418.8 426.1 431.9 436.9 442.7 447.4 453 455.7 455.3 448.4 439.8 444.1 451.9 463.8 476.1
201.1 198.8 195 191.4 192 196.7 198.5 201.7 203.1 205.5 208.9 211.8 215.4 219.2 220.3 223.8 228.1 243.4 255.4 266.1 275 283.4 291.6 302.6 312 321.1 330.1 339.9 346.7 354.1 360.6 367.2 374.6 381.9 388.8 395.7 402.8 408.4 413.6 418.5 424.8 427.9 430.9 431.9 431.4 432.3 432.6 430.9 428.9 425.9 424 419.6 413 411.5 415.2 414.5 415.3 415.2 415.6 416.7 419.5 420.9 420.3 421.3 423.1 426.4 436 444.4 451.1 455.4 458.8 462.7 466.3 469.7 474.1 479.8 484.7 489.4
213.5 208.9 204.9 202.3 200.7 197 203 205.3 208.3 210.2 213.6 216.9 222.8 225.9 230.9 236.3 235 233.8 248.8 264.5 274.4 284.8 294.7 303.8 314.8 324.6 333.8 341.7 348.9 356.2 362.9 369.8 377.6 384.8 391.9 398.5 405.8 410.8 415.6 422.2 428.3 433.5 436.1 438.5 437.8 438.8 439.4 439 436.4 434.4 433.9 432.9 427.9 423.7 427.6 428.8 428.9 427.8 427.5 429 433.1 436.8 435.4 434.2 435.9 436.7 435.4 445.4 452.6 457.5 462.8 467.7 472.7 477.9 482.6 487 491 494.9
232.3 222.2 214.2 210.2 207.8 204.4 200.3 206.8 210.4 215.6 218.5 221.5 227 232.1 236.2 241.4 246.5 243.8 235.7 257.9 272.6 284.6 294.5 304.4 314.3 324.5 333.1 341.8 350.4 357.5 365.1 372.7 379.9 385.6 392.4 399.7 407.3 413.4 418.6 424.5 431.9 437.2 441 443.4 443.7 444.9 445.6 444.9 442.8 441.7 442.6 442.9 442.7 434 439.7 442.3 443.4 444.2 442.5 444.3 446.7 446.8 447.8 447.3 446.1 446.3 445.3 444.5 454.7 460.2 466.1 471.5 477.4 482.7 487.7 491.7 495.6 499.7
243.2 237 223.6 216.7 213.3 210.5 205 202.5 210.8 217.5 221.3 225.6 230.9 236.2 240.9 245.9 250.5 256.2 249.1 243.5 267.3 282.1 291.7 302.8 312.3 321.1 327.7 337.3 345.9 353.8 361.1 369.6 376.8 383.5 390 398.7 407.9 413.9 419.4 424.3 433.4 440.3 444.8 448.4 448.7 449.2 450 451.4 451.1 451.4 450.4 452.1 452.1 449.8 455.7 456.2 458.3 458.9 458.2 458.7 458.7 458.1 457.8 456.6 455.4 454.2 453.1 453.2 455.9 464.8 470.8 477 483.3 488.8 491.7 496.1 500.3 504.1
248.2 251.7 235.5 224.2 219.2 217 214.3 211.2 210.5 215.2 221.4 227.8 233.3 239.2 245 250.1 257.1 262.1 263.6 250.2 249.3 268.4 282.7 293.3 299 306.7 316.9 326.4 337.3 345.7 355.3 364.9 372.4 379.4 386.1 393.6 403 409.2 415.5 421.3 431.3 440.5 447.5 451.2 452.7 453.6 454.3 455.8 458 459.1 459.7 461 461.2 460.3 463.1 465.6 467.6 468.9 469.5 469.2 468.6 468.4 468.2 465.9 464.7 463.1 461.5 463.3 464.7 471.3 478.4 483.9 489 494.1 497.2 501 505.7 509.6
252.7 258.2 250.9 235.5 227.6 223.7 220.2 217.5 213.4 210.2 219.2 225.6 233.1 239.2 245.6 254.2 261 266.2 268.3 267.3 249.3 248.6 267.7 279.3 289.3 300.6 312.8 323.4 334 342.4 352.7 362.4 370.8 377.9 384.8 391.5 398.7 405.3 411.6 418 426.3 438.5 444.7 450.6 454 456 458.8 462.4 464 465.7 467 468.7 469.2 467.6 469.2 472 474.2 476 474.9 476 474.9 476.6 476.7 475.6 474.8 473.4 470.7 471.6 474.6 477.7 484.3 489.2 493.5 498.3 503.1 506.7 510.7 515.2
256.2 262.9 266.1 252.1 238.1 232.8 228.4 223.4 219 216.4 213.9 222.7 229.9 237.6 246.6 255.6 262.7 268.7 273.4 275.9 270.4 254.6 264 279.6 289.7 300.3 311.4 320.7 329.6 338.5 349 358.7 367.9 375.3 382.3 389.2 395.8 402.2 408 413.7 420.6 429.2 438.6 445.6 452.2 456.3 460 465.3 468.1 471.4 473.4 473.9 475.6 475.4 475.1 478 479.4 481.2 479.9 482.7 482 483.9 485.5 484.5 483.7 482.3 477.7 478.9 482.1 484.4 489.3 494.2 499.1 502.8 508.2 512.2 514.6 518.4
260.8 267.2 271 272.9 253.8 241.3 237.3 233.4 227.8 219.4 220.8 225.3 227.8 233.9 245.8 253.5 262.5 270.3 278.2 281.6 281.7 273.3 260 276.3 289.3 300.2 307.6 316 324.7 335.5 346 355.8 364.7 371.8 378.9 385 391.6 397.3 403.4 410.2 417.9 423.1 432.3 442.4 449.4 456.3 461.7 467.1 471.6 474.9 477.7 478.7 481.1 481.7 482 485.2 487.2 487.9 486.1 489.9 491 493.9 495.2 494.2 492.3 490.8 486 486.6 490.1 492.5 494.8 499.9 504.2 507.9 512.1 515.8 518.3 520.3
264.9 271.5 278.5 284.4 274.5 257.8 247.3 242 235.9 226.3 223.5 227.7 232 237.7 242.1 253 263.2 273.8 280.8 287 289 285.4 274.5 264.4 277.2 289.8 300.4 308.5 318.8 328.8 338.6 348.6 358.8 366.7 373.9 380.5 385.9 391.5 397.7 404.2 411.7 416.6 426.1 437.1 445.5 454.1 461.7 467.6 473.5 477.9 480.5 483.6 486.1 488.2 488.7 490 493.5 495.4 495 497.6 500.1 502.5 504.2 503.3 501.2 497.9 495.2 494.3 498.2 501.9 502.3 505.5 507.8 513.2 517.5 519.1 521 521.4
268.8 276 283.6 289.8 290.6 275.1 260.2 250.8 243.2 236.5 229.4 233.4 238.6 246.4 250 248.7 264.5 274.3 282.4 289.9 294.7 292.8 289.7 286.9 279.4 272.2 283.9 296.3 306.9 319.3 329.7 338.9 348.1 357 364.5 370.4 376.9 383.2 389.9 397.7 404.5 411.7 421.8 429.2 439.3 448.4 456.2 463.3 473.2 479.2 484.2 488.6 491.7 494.9 496 497.2 501.1 502.9 501.4 505.8 507.9 510.1 511.4 510.5 507.6 505.1 502.5 502.5 503.9 508.3 509.9 510 514.4 517.2 520 522 522.4 521.1
273 279.9 288 294.3 299.6 291.6 271 260.6 251.3 243 237.7 240.4 241.7 252 259.4 262.2 261.9 272.1 282.1 291.1 296.7 298.4 299 300.1 301 297.4 292.6 283 290.7 302.8 314.8 327.2 336 342.6 349.4 356.5 364.4 372.1 380.2 389.1 399.2 407.3 416.8 426.7 434.5 443.1 451.8 461.7 473.4 480.2 487.5 493.4 497.9 500.6 502.3 504.7 507.8 508.9 510.1 512.7 515.6 517.6 518.3 516.4 513 510.3 509.4 510.1 512.3 514.7 515.1 516.4 518.8 520.6 522.4 522 521.8 520.2
277.3 283.8 291.9 299.2 305 300.9 278 267 259.1 251.1 241.8 249 255.6 248 264.7 272.9 275.8 280.2 280.6 286.3 295.9 303.9 307.5 310.5 314.1 313.6 313.6 305.3 299.2 290.6 293.1 307.3 314.1 318.4 322 330.9 345 359.2 370.3 382.9 392.8 403 413.5 424.3 433.5 441.1 448.4 456.2 470.5 481.2 490.7 497.9 503.2 506.6 509.2 511.4 513.7 515.2 515.7 517.8 520.8 522.9 523.5 521.3 517.9 514.9 513.3 514.6 517.2 519.4 518.3 520 521.4 522.6 523 521.9 521 519.6
281.9 288.4 296 303.5 309.1 304.5 286.5 274.1 267.2 260.8 252.8 257.6 264.3 256.7 270.9 279 286.1 289.1 291.6 291.6 296.7 308.5 315.4 319 322.4 325.4 327.7 327.7 324 318.7 308.9 310.9 313.8 315.1 322.5 327 324.8 346.6 363.2 370.8 379.6 394.9 409.6 421.4 430.8 440.7 450.3 458.9 467.4 479.3 490.8 500.9 507.2 511.4 513 515.2 517.9 520 521.3 522.3 524.6 526.1 527.6 526.2 522.8 519.1 517.1 519 522 522.5 520.6 522.3 522.5 523 523.7 522.6 521 519.2
284.7 292.5 299.8 307.1 314 319.2 294.4 283.7 276.5 268.7 260.3 266 273.4 273.3 272.3 285.6 291.9 297 299.2 299.9 303.2 313.6 322.4 327.6 331.6 335.7 340 339.9 340.1 340.1 323.2 335.9 339.2 339.7 344.5 351.8 353.7 337.6 362.3 379 389.5 400.2 411 421.3 431 441.1 451 459.5 469.8 480.3 491.8 503 510.2 514.9 516.8 519.4 522 524.5 525.9 527.1 527.5 529 530.5 530.3 525.6 521.9 520 522.5 524.4 525 523.3 521.7 522.5 523.4 523.6 522.4 520.4 517.2
288.6 296.2 303.5 310.8 319.1 325 309.4 292.6 284.8 277.6 266.9 272.5 281.7 285.2 266.4 288.3 298.2 304.7 310.9 311.8 312.5 316.3 326.2 335.2 340.8 345.1 349.3 351.6 352.9 352 332.1 352.1 358.1 355.8 361.9 368.6 370.1 355.4 361.8 385.6 394.9 405.8 416.5 426.1 434.6 444.7 453.7 461.5 470.2 480.3 490.9 503.1 511.9 517.5 520.5 523.2 525.8 528.2 529.6 530.3 531.2 532.1 532.7 531.4 528.2 524.2 524.1 525.6 527 527.2 526.2 524.7 524.6 524 523.3 521.2 518.3 515
293.3 300.2 307.4 315.2 323.3 330.1 324.3 305.3 295.3 287.9 281.4 286.4 291.9 296.7 293.7 287.2 303.7 313.8 321.4 324.9 322.6 327.6 332.3 339.7 347.1 353.2 358 361.3 363.4 361.9 351.7 360.1 366.8 369.3 372 379 382.4 379.1 358.3 388.4 400.4 410.8 420.9 431.4 439.2 448.5 458.2 465.6 474 483.9 495.2 504.8 515.6 520.8 523.5 526.2 528.9 530.7 532.2 533 533.7 533.7 533.5 531.7 528.3 526.5 526.7 527.6 528.6 528.2 527.6 526.1 524.8 523.4 521.3 519.1 514.8 511.1
297.9 304.2 311.6 319 325.8 334.1 340.1 321.1 307.5 298.2 296 304.2 306 307.3 305 289.8 311.2 322.5 331.5 338 340.5 340.6 340.9 346.8 354.5 361 365.4 369.1 371.8 371.1 365.9 365.2 375.4 380.2 382.8 388.7 392.2 392.8 380.3 386.6 405.2 415.3 424.9 434.9 442.9 452.6 462.3 469.7 478.4 487.7 497.4 508.8 518.1 523.7 526.5 529.1 531.2 532.2 534.5 535.2 534.6 533.4 532.6 528.6 526.3 525.1 526.1 528 529.1 528 526.8 524.5 523.3 521.7 519.2 516.6 512.5 508.6
302.4 308.7 315.5 322.5 329.4 337.1 345.1 339.9 319.8 311.3 307.4 316.2 318.4 317.8 301.6 309 320.8 331.7 340.6 348 351.9 354.5 352.8 354.2 362 369 373.1 376.4 378.1 377 367.6 373.9 383.3 388.2 393.1 397.7 401.5 403.6 400.5 389 411.6 421.8 429.4 439 447.2 456.8 465.1 473.9 481.9 490.9 499.7 510 518.9 524.5 528.7 531.4 532.1 533.3 534.7 535.5 534.2 530.8 528.6 525.5 525.4 524.7 526.3 528.3 528.3 526.6 524.5 522.4 520.9 519.3 516.3 513.1 509.8 506
308.3 313 319.8 326.5 334.8 342.4 350.2 358.5 337.2 322.2 316.9 326.1 332.5 329.3 318.7 323.2 331.2 341.3 349.1 356.2 361.6 365.7 362.6 364.7 370.8 376.6 381.6 384.1 385.5 385 374 382.3 388.5 394.3 399.8 406 409.6 412 412.7 405.7 417 426.6 434.7 443 452.5 462 470.1 477.3 485.4 494.2 503 511.9 520.6 526.9 530.6 533.1 533.5 533.7 533.7 534.4 532.1 528.1 525.4 522.8 522.2 523.2 525.6 525.5 525.9 524 521.9 519.5 518.5 515.9 512.5 509.1 505.9 502.5
314.6 318.5 323.9 331.1 340.1 348 356.1 361.5 353 337.3 334.4 337.2 344.5 337.2 323.9 338.1 345.2 351.4 358.6 364.9 370.3 373.9 373.4 376.8 380.9 384.3 389.1 391.8 392.5 392.6 376.9 393 392.2 400.5 405.6 412.1 416.6 420.2 422 419.8 418.7 433 441.9 449.2 457.2 466.2 473.6 480.4 488.6 497.2 505.8 515.6 524.3 529.7 532.4 533.4 533.8 533.7 532.9 532.1 529.9 524.5 522.3 520.3 520.7 521.6 522.6 522.2 522.6 520.6 518.5 515.8 514.1 511.3 507.6 504 501.7 498.3
320.1 324.2 328.4 335.3 344.6 352.2 359.3 365.2 369.1 350.6 348.9 348.5 355 338.7 333.4 347 354 360.8 367.6 374.1 379.6 384.3 385.8 389.2 392.1 393.8 397.5 399.5 400.6 399.9 387.6 401 404.7 405.8 410.5 417.1 422.8 426.4 428.9 429.9 427.1 435.4 447 455 462.7 468.8 475.2 484 491.8 501.2 510 518.7 526.5 530.8 532.8 533.3 533.3 532.4 531.4 529.4 524.9 520.3 519.2 518.3 517.7 518.7 519.8 519.1 518.5 516.7 514.3 511.9 509.1 506.4 503.6 499.3 497.5 493.9
324.9 330.6 335.3 340.4 348 355.4 362.6 367.9 370 365.1 359.5 361 361.5 341.2 343.1 350.9 365.2 371.5 377.8 383.5 388.8 392.8 396.5 400.6 402.8 405.1 406.9 408.4 408.3 407.3 402.7 407.3 412.5 416.7 418.5 421.8 428.1 432.4 436.1 438.3 439.6 435.8 450.1 457.8 466.2 473.8 481.9 486.9 495.7 505.5 514.7 521.6 527.1 529.9 531.8 532.6 531.6 530.7 529.1 524.8 520.1 517.6 516.8 516.1 516.2 516 515.7 514.6 513 511.4 508.9 506.5 503.5 500.8 498.2 495.3 492.6 488.2
