webserver/python/data/SK13.asc
ncols 200
nrows 200
xllcorner 410000
yllcorner 330000
cellsize 50
[rows 37 to 73 of 200, columns 82 to 163 of 200]
149.7 149.6 149.6 149.6 149.2 148.5 147.6 146.7 145.8 144.9 144.5 144.4 144.3 144.8 145 144.9 144.8 144.7 144.6 144.5 144.4 143.6 142.3 141.4 140.3 138.6 137.3 135.4 133.6 131.6 130.4 127.6 127.2 125.6 124 121.7 119.3 117.5 115.6 115.6 113.6 112.5 110.3 108.6 106.9 105.8 106 108 111.5 116.2 117.9 116.1 112.8 111.1 110.6 110.8 110 111.1 111.2 108.6 108.4 108.6 110.6 115.1 119.8 125.1 129.5 132.5 136.9 138.5 140.9 141.2 141.7 141.8 141.5 141 140.6 141 141.6 141.8 142 139.6
150.2 150.1 149.9 149.5 148.8 148.2 147.3 146.4 145.6 144.7 143.7 143.3 143.2 143.5 143.7 144 144.1 144 143.9 143.9 143.6 142.8 141.6 140 139 138.3 137.6 135.9 134.1 132.2 130.8 130.4 131.5 131.2 129.9 127.6 125 121 118.1 116.6 111.7 111.3 109.4 107.7 106.2 105 105 108 110.6 113.4 113.9 112 108.5 106.4 106.5 107.3 106.8 106.9 106.8 107 106.6 110.8 112.8 118.4 124.4 129.7 133.8 137.6 137.3 140.5 141.4 141.4 141.3 140.4 140.4 140 138 138.8 139.9 140.3 140.9 141.5
150.7 150.6 150.5 149.8 148.7 147.8 147.1 146.2 145.3 144.5 143.5 142.6 142.1 142.2 142.4 142.7 142.9 143.1 143.1 143 142.8 141.9 140.8 138.9 137 136.3 135.9 135 133 132.5 132.9 132.5 133.2 133.8 134 133 130.6 126 122.7 118.5 116.9 113.2 110.1 107.2 105.6 104.5 104.8 105 107.2 108.8 109.6 107.3 105.3 105.3 106.7 109.9 110.8 110.1 110.8 112.3 113.8 115.9 115.4 121.1 128 133.4 137.1 138.6 139.4 140.2 141.1 141.4 141 139.6 138.7 138.1 136.3 137.3 138.7 139.5 140.4 141.1
151 151.2 151.1 150.3 149.2 148 146.9 146.2 145.5 144.8 144.2 143.3 142.3 141.4 141.7 142 142.3 142.5 143 142.6 142.1 141.3 140.3 138.3 136.4 135.6 134.7 132.9 131.2 130.9 130.7 129.2 130.8 132.4 133.5 133 131 128.6 126.1 119.1 119.6 115.8 112.2 108.7 105.7 103.8 103.6 103.6 104.1 105.4 104.6 104.5 105 108.8 111.4 114.5 117.1 116.2 115.2 118.9 120.6 122.2 124.4 121.6 127.8 132.5 135.6 138.3 140.3 140.2 140.5 141.1 140.4 139.2 137.4 136.8 135.2 135.2 136.9 139 140.6 141.3
151 151.3 151.3 150 148.7 147.6 147 146.7 146.3 145.7 145.1 144.5 143 141.8 140.6 140.8 141.4 141.2 141.2 141.8 141.4 140.5 139.7 138.1 136.6 135.9 134.1 132.3 130.6 128.6 127 125.3 125.9 127.7 129.4 129 128.1 125.8 123 118 116.6 113.4 110.6 107.9 105.1 103.4 102.9 102.8 103.1 103.2 103.6 105.3 110.3 112.6 115.6 119.7 123.5 122.6 120.8 126.4 128.2 129 129.4 128 130.9 133 136.4 139.3 140.3 140.5 140.7 140.4 139.1 137.9 136.5 135.7 133.6 132.4 135 138.4 140.6 141.7
150.8 151.1 150.8 149.6 148.4 147.8 147.1 146.7 146.6 146.5 145.8 145.1 144 141.9 139.7 139.5 139.6 140.1 140 140.5 141.5 141.1 140.5 139.4 137.9 137.2 136 134.4 132.3 129.2 127.1 125.7 123.9 121.9 123.2 123.3 122.2 119.6 117 115.4 112.5 110.3 107.2 105.5 104.1 103.1 102.6 102.8 104.4 108.7 110.9 113 115.4 117.5 120.2 124.4 127.2 127.2 126.6 129.8 131.1 132.3 133.6 133.6 134.4 135.4 137.8 140.1 140.6 141.1 141.5 140.4 138.1 136.3 134.9 134 131.7 131 135.2 138.3 140 141.1
150.4 150.4 149.9 149.3 148.3 147.9 147.2 146.7 146.6 146.4 146.1 145 143.9 141.7 139.9 138.5 138.6 138.7 139.3 140.2 141.3 141.9 141.5 140.5 139.3 138.3 137.3 135.5 133.2 131 131.2 130 125.6 121.9 119.3 119 117.1 115 113.6 112.8 111.4 110.1 108.8 106.1 104.1 102.9 102.3 102.6 110.1 115.2 117.9 119.3 120.8 122.4 125.2 128.3 130.5 131 131 131.9 135.3 136.9 137.9 136.8 138.3 138.6 140.5 141.2 141.7 142.2 141.4 140.2 139.3 137.6 135.7 131.8 129.6 129.8 134.6 137.6 138.9 140.5
149.6 149.8 149.3 148.7 148.3 147.6 147.3 146.7 146.6 146 145.5 144.7 143.4 141.5 140.2 138.9 137.8 137.8 138.4 140.3 141.1 142.3 142.2 142 141.1 140.2 138.4 136.3 134.8 134.5 134.3 132.5 127.7 124.3 122.7 120.8 120.1 119.9 117.8 116.4 115.8 114 111.6 108.4 104.4 102.2 102.9 106.2 113.2 118.7 123.2 126 127.4 129.1 131.1 132 132.7 133.4 133.4 134.3 137.5 140.2 140.6 140.6 141.3 141.2 141.8 142.5 142.8 142.3 141.3 141 140.1 138.5 136.3 133.2 128.5 128 131.9 135.3 137.4 139.6
148.9 149.1 148.5 148 147.6 147.2 146.7 146.2 145.6 144.9 144.5 143.5 142.4 141.6 140.7 139.6 138.4 137.2 138.8 141.1 141.8 142.5 143.7 144.3 143.2 141.4 139.5 138.2 137.8 137 136.5 134.4 130.6 129.6 128.1 125.9 125.2 124.7 123.9 121.8 120.2 118.6 114 108.4 103.2 101.8 103.4 107.6 113.9 118.1 125.7 131 131 131.5 132.6 134.3 135.1 135.7 136 136.8 139 141.6 142.4 142.5 142.3 142.9 143.3 143.8 143.6 142.5 142.3 142.2 141 138.9 136.3 132.9 128.5 125.4 127.9 131 133.7 136
147.9 148.3 147.6 147.1 146.6 146 145.5 145 144.5 143.9 142.8 141.8 140.8 140.6 139.9 139.4 138 136.4 139.1 141.5 142.7 143.9 145.1 146.2 144.9 143 141.1 140.4 138.5 137.7 137.6 136.3 134.7 134 132.5 131.1 130 128.5 132.3 123.7 122 117.3 112.3 106.8 102.7 101.6 101.5 107.9 113.4 117 126.7 130.2 131.4 132 133.4 135.1 136.8 137.6 137.6 138.3 140.1 141.7 142.5 142.7 143.4 144 144.4 144.8 144.2 143.4 142.8 142.8 141.8 139.2 136.5 133.4 130.6 125.5 123.8 126.7 128.5 130.4
146.4 146.7 146.5 146.1 145.5 145 143.9 143.2 142.8 142.2 141.2 140.1 139.6 139.4 138.9 138.1 136 136.1 139.6 143 144 145.3 146.5 147.6 146.2 144.5 143 141.1 139.2 137.8 138.4 137.9 137.1 135.9 134.7 134.1 133.5 133.1 128.7 126.3 122.7 115.8 111.3 107.1 102.6 101.2 101.4 106.4 111.3 115 122.7 126.4 130.4 132.6 134.4 135.9 136.9 137.7 137.7 137.7 139.4 140.9 141.8 142.8 143.5 144.3 144.8 144.9 144.4 144 143.4 143.1 142.3 140.3 137.8 135.7 132.8 127.4 122.2 122.1 124.1 126.2
145.4 145.8 145.4 145.1 144.6 143.2 142.3 141.3 140.9 140.5 139.5 138.6 138.4 138.2 137.9 137.2 134.6 136.1 140 143.4 145.2 146.7 147.8 148.1 146.3 144.9 143.5 141.8 139.9 138 138.6 137.7 137.2 136.1 134.7 134.2 132.1 131.6 128.4 125.8 121.6 115.3 111 106.6 102.7 100.8 101.4 105.4 112.2 118.1 122.8 126.9 130.9 133.4 136.3 137.1 137.5 137.2 137.1 137.6 138.8 140 141.2 142.2 143.1 144 144.8 144.8 144.7 144.2 143.8 143.1 141.9 140.8 138.9 136 133.7 127.5 123.4 120.5 120.2 122.1
145.2 145.2 144.2 144 143.4 141.7 141 140.1 139 138.9 137.9 137.3 137.2 137 136.9 135.7 133.7 136.2 140.1 142.9 144.7 145.9 147.1 147.2 145.7 144.3 142.9 141.5 140.1 138.7 137.5 135.9 134.7 133.4 131.3 130.5 132.5 130.4 128.3 124.1 119.4 115.3 110.9 105.3 101.5 100.1 100.5 106.4 112.4 117.8 122.9 127.4 131.2 134.2 136.9 137.8 136.5 134.2 134 134.6 136.4 138.4 140.3 141.5 142.7 144.2 144.7 144.7 144.6 143.7 142.8 141.9 141 139.5 137.5 135.2 130.6 126.6 123.9 121 118.4 119.3
144.7 144.5 143.7 142.7 141.6 140.7 140.2 138.7 137.3 137 136.2 135.7 135.7 135.6 135.3 133.7 133 136.4 140.1 142.2 143.3 144.3 145 144.5 143.8 143.2 142.4 141.1 139.9 138.6 136.4 134.2 131.8 129.9 127.9 125.9 123.3 121.7 119.4 122.3 116.5 113.7 109.2 105.6 102.4 100 99.3 102.9 109.7 115.7 121.2 125.7 129.8 132.9 134.7 134 132.1 129.1 129.6 131.1 133.5 136.8 138.7 141 142.1 144 144.5 144.6 144 143.1 142.1 141.1 140 139.4 138 134.2 131.3 127.1 123 120.6 118.9 116.9
144.1 143.8 143.4 142.7 141.5 140.2 138.8 137.3 135.9 135 134.6 134.1 134 133.6 132.6 131.4 134.4 137.9 139.6 140.6 141.7 141.8 142.7 142.4 142.5 141.9 141.3 141.2 140.1 138.2 136.5 135.2 133.9 133.7 132.6 131 128.1 123.3 118.9 121 112.9 109 106.3 103.9 101.7 99.9 98.8 101.7 107.8 113.4 119.1 123.8 127.4 128.9 128.7 127.9 126.9 124.3 124.6 127.1 131.4 134.9 138.4 140.8 142.1 143.1 144 144.1 143.3 142.5 141.5 140.5 140.3 140.5 139.3 135.8 131.7 127.7 123.3 122.1 120.9 118.4
144.4 144.1 143.8 143.4 141.9 140.6 139.6 138.2 136.7 135.2 133.2 132.1 131.2 131.2 130.8 132.2 135.6 137.5 138.5 139.4 139.5 139.9 140.7 140.8 141.2 140.7 140.5 140.7 140.3 139.7 138.5 137.3 136.1 135.7 135.7 135.1 133.3 129.2 123.2 120.4 114.4 109.9 106.4 104.1 102.1 99.4 98.4 101.7 106.8 111.4 116.1 120.1 122.3 124.1 123.3 122.6 120.6 119.5 121 128 131.6 135 138.4 140.6 141.9 143 143.8 143.5 142.7 141.8 141 140.4 139.7 138.9 137.1 134.2 129.9 126.2 126.3 127 126.7 125
144.6 144.3 143.9 143.6 142.3 141.5 140.5 139 137.3 136.1 134.3 133.6 131.2 129.3 129.2 132.2 134.8 136.5 137.6 137.4 137.8 138.3 138.9 139.2 139.6 139.5 139.7 140.4 140.2 140 139.8 139.4 138.2 137.5 137.1 135.9 134.8 131.7 124.4 125.9 119.2 114.2 110.4 106.8 102.2 99.5 98.5 99.3 103.8 107.6 111.1 114 115.5 117.2 117.2 116.2 115.8 118.4 122.2 127 131.2 135.4 138.9 140.4 141.7 142.8 143.3 143 142.1 141.2 140.4 139.7 139.1 136.3 134.2 131.5 131.1 130.6 131.2 132 132.4 131.9
144.5 144.1 143.9 143.7 143.6 142.5 141.3 140.2 138.4 136.7 135.9 135.2 134.1 131.7 129.4 129.9 133 134.8 135.2 135.2 135.9 136.2 136.8 137.8 138.1 138.7 139.5 139.9 140.1 139.9 139.8 139.5 139.2 138.5 137.6 136.4 134.6 132.3 130 126.6 122.6 118 113.5 108.4 103.1 99.7 98.6 98 100.1 102.7 105.8 107.9 109.4 110.7 111.6 112.9 117.3 123.7 130.1 133 135.1 136.5 138.7 140.2 141.6 142.1 142.6 142 141.3 140.5 139.9 139.8 139.7 138.7 137.2 136.2 135.9 135 135.1 134.9 134.2 133
144.2 143.8 143.4 143.3 143.2 142.6 141.8 141 139.9 138.5 137.6 136.3 135.4 133.2 128.4 127.6 129.7 132.1 132.2 131.3 132.2 133.4 134.3 136.1 137.1 138 138.7 139.2 139.7 139.8 139.7 139.5 139.4 138.5 137.2 135.7 133.6 130.1 128.9 125.5 121.8 118.4 114.6 109.4 104 99.8 98.3 97.6 98.2 100.6 102.8 103.9 105.9 108.6 112 116.9 123 130.2 135.1 137 138.1 138.1 139.2 140.7 141.1 141.5 141.5 140.9 140.1 139.4 140.1 140.2 140.2 139.7 138.8 138 136.2 135.2 133.7 132.5 131.9 131.1
143.6 143.3 143.1 142.9 142.8 142.4 141.6 140.8 140.2 139.6 138.3 137.4 136.6 135.2 130.7 128.9 126.1 128.1 129.1 128.8 129 131.2 133.4 135.1 136.5 137.3 137.9 138.4 138.9 139.1 139.2 139.7 139.5 138.4 137 133.9 131 127.8 127.1 124.1 119.9 116.2 113.2 109.3 105.3 101.2 98.2 96.4 96.8 98.9 102 104.9 109.3 113.3 117.4 123 129.1 135 137.4 139.1 139.3 139.5 140.4 140.7 140.9 141 140.3 139.7 138.9 138.2 139.5 140 140.2 138.9 137 135.4 132.6 132.2 131.2 130.1 128.1 125.8
143.2 142.9 142.6 142.4 142.4 142.2 141.5 141.4 141.4 140.2 139.4 138.7 137.9 137.3 136.1 133.4 128.4 125 125.3 126.8 131 133.6 134.1 134.8 136.2 136 136.6 137.6 138.1 138.4 139.3 139.8 139.6 138.4 136.6 133.6 129.4 127.9 123.5 122.2 118.6 115.1 110.8 108.6 105.3 102.4 99.4 96.6 96.1 97.7 102.3 106.7 110.9 115.4 121 127.7 133.2 137.8 138.3 139.5 139.5 139.5 140 140.1 140 139.5 139.1 138 136.7 136.6 138.6 139.2 138.7 136.1 133.1 130.3 127.8 127.4 127 125.1 122.7 119.7
143 142.6 142.2 142 141.9 142 141.9 141.9 141.6 140.6 140.2 139.8 139.3 138.8 138.1 136 132.1 127.2 124 126 129.3 133.4 134 134.3 134.5 134.3 134.5 135.6 137.3 138.6 139.6 140.1 139.1 138.6 136.8 134.6 131.1 128 120.6 117.8 115.2 112.6 109 106.8 104 101.7 99.6 97.7 96.3 96.5 101.4 105.5 108.5 112.8 119.5 126.3 133.7 137.6 138.7 139.4 139.4 139.3 139.2 138.9 138.4 137.9 137 136 133.5 136 138.6 137.3 135.5 131.8 127.9 123 120.7 122.1 122.4 120.5 117.2 115.7
142.8 142.5 142.1 141.7 141.8 141.6 141.6 141.6 141.2 140.6 140.1 139.6 139.2 139.7 139.6 137.7 134.7 130.9 126.6 122.9 126.8 130.9 132.1 131.4 129.2 130.4 133.4 135.3 137.3 138.9 139.8 140.4 139.5 138.5 137.3 135.3 131.8 127.9 121.9 117.1 113 109.8 107.9 106 105.5 102.7 99.8 97.9 96.6 97.3 99.3 102.5 105.5 109.7 115.4 121.2 129.9 135.9 137.8 137.8 137.9 137.8 137.5 137.1 135.8 134.4 132.8 131.1 130.9 136 137.9 135.1 131.9 126.5 124 120.4 115.8 117.3 117.5 115.6 113.2 111.3
142.5 142.3 141.9 141.5 140.6 140.6 141.2 140.9 140.4 139.8 139.3 138.7 138.6 139.3 140 139.6 136.6 133 128.3 124 123.5 127.1 128.2 128 128.9 132.2 134.1 135.5 137.4 139.1 140 140.7 139.9 138.6 136.8 134 130.8 127.5 121.1 118.6 117.6 115.6 112.6 109.8 106.9 103.9 100.9 98.4 95.8 96.1 98.1 100.8 103.3 106.6 110.7 119.7 130.2 135.6 137.3 136.6 135.7 136.2 135.6 134.7 132.2 128.9 127.1 125.7 129.1 133.9 136.4 133.5 128.4 122.9 118.5 116 112.6 113.1 113.5 112.1 109.4 107.3
142.2 142 141.7 141 139.6 138.5 139.5 139.6 139.6 139 138.4 138.1 138 138.6 139.8 139.4 136.8 134.9 130.3 125 121.3 123.6 124.6 128.1 131.8 135.2 136 136.7 137.9 139.4 139.8 140 139.9 138.4 135.7 132.7 129.5 127.1 125 124.8 125.7 123.1 117.1 112.6 108.8 105.3 101.7 98.6 95.7 95.3 97 99.5 101.7 105.4 110.5 120.8 130.9 134.8 136.5 135.6 133.3 132.3 132.2 129.9 127.7 122.2 120.6 121 128.5 133.1 134.5 131.9 128.1 122.3 117.3 113.9 110.7 109.8 110.4 109.5 107.3 105.3
142 141.6 140.8 139.3 137 135.9 137.1 137.5 137.7 138.1 137.6 136.1 135.8 138.2 138.6 138 136.9 135.5 132.3 127.1 120.8 121.7 125.7 130 134.1 137 137.9 138.5 139.4 139.3 139.6 140.2 140.1 138.3 135.8 133.1 130.9 130 126.9 128.5 127.7 125.4 118.4 112.3 108.9 105.5 102 98.8 95.7 95.2 95.9 98.1 100.4 104 109.4 119.7 129.5 133.6 135.1 134.3 129.4 126.1 126.5 124.2 121.4 117.7 116.8 119.9 126.7 131.8 130.2 129.5 126.4 121.6 116.5 112.6 109 107.2 107.9 106.7 104.9 103
142.7 142.2 141.5 139.3 137.8 134.2 134 134.9 135.3 136.2 136.4 134.9 133.6 137 138.4 137.8 136.8 135.3 132.8 128.2 121.3 119.7 125.4 130.8 135.1 137.5 138.5 139.6 140.6 140.8 140.5 140.4 140.4 138.6 136.5 134.3 132 130.5 124.6 126.8 124.5 122.7 117.6 112.8 110.2 105.5 102.2 99 95.9 95.1 95.2 96.5 99.8 103.4 109.1 119 127.8 132 133.3 132.1 126 119.5 119.5 118.3 117 114.2 114 118.8 125.1 129.4 127.1 125.6 122.6 118.7 115.2 110.4 108.2 106 103.7 102.8 102.1 101.1
143.3 142.5 141.9 141 139.4 134.8 131.3 131.7 132.9 134.7 135.6 133.6 131.9 135.1 137.6 137 136 133.8 128.8 124.7 120.4 118 125.9 131.3 136.2 138 139.1 140.1 141.1 142 141.7 141.4 140.6 138.7 136.5 133.7 130.4 127.7 123.9 121.9 119.3 117.1 113.7 111.8 109.7 105.5 102.2 99 96.4 94.9 94.8 95.7 98.9 102.9 108.8 116.6 125.9 130.2 130.5 129.1 123.4 116.7 113.7 113.7 112.4 111.1 113.8 120.3 126.6 128 124.2 120.1 117.2 114.8 111.5 107.5 106.6 105 102.9 101.2 100.4 99.4
143.6 143.3 142.6 141.6 139.8 137.4 133.8 129.1 130.8 134.1 133.7 133.3 128.1 132.7 135.6 137 135.6 130.5 125.8 122.2 119 121 126.9 133.6 136.9 138.5 139.6 140.6 141.6 142.1 142.1 141.8 140.3 138.8 136.5 132.7 127.6 123.2 120.3 117.4 114.1 112.1 110 108.1 106.7 104.3 101 99.1 97.1 95.1 94.1 94.8 97.7 102.1 108.1 117.2 123.6 127.6 128.8 126.2 120.9 114.6 110.6 109 108.2 109.8 117.5 124.8 128.9 127.7 122.3 115.4 112.1 110.3 107.6 105.8 104.4 103 101.8 100.1 99.1 98.1
143.7 143.6 143.1 141.8 140 138.3 134.8 132.2 127.5 131.5 130.6 129.9 125.7 129.9 133.8 135.4 135.3 130.8 126.7 122 116.6 122.1 129.4 135.1 137.1 138.8 140.1 141.1 141.9 141.9 141.7 141.5 140.7 138.8 136.6 132.6 128.1 124.7 122.8 122.7 115.8 112.9 109.5 106.2 104.2 102.2 100.3 98.7 97 95.3 93.8 93.9 96.2 100 106.3 114.5 120.9 125 126.6 125.3 120.3 114.9 109.6 106.8 105.9 110.3 118.1 126.4 129 126.7 121.1 114.2 109 105.7 104.4 103.1 101.8 101.3 100.8 99.2 98.2 97
143.6 143.8 143.3 142 140.7 139.5 137.3 133.1 127.7 126.8 128.2 125.7 123.4 127.7 132 133.3 132.3 128.1 124.5 119.4 115.1 123.6 129.5 134.7 137.8 139.2 140.4 141.3 141.7 141.4 141.2 140.9 140.4 139.1 136.6 133.8 130 127.8 125.3 122.3 117.9 114.5 111.2 107.4 104.1 101.8 99.7 98.2 96.4 95 93.8 93.3 95 99.3 104.5 111.7 117.9 122 124.3 123.7 120.4 113 108.4 105.2 105.4 109.8 117.2 124.2 127.1 124.9 119.7 112.5 105.4 103.6 101.8 100.8 99.9 99.4 99.1 98.3 97.2 96
143.5 144 143.5 142.2 141.2 140.4 138 134 129.3 125.2 123.5 123 121.5 122.6 125.1 128 126.6 122.9 120.5 116.5 118.7 126.3 135.3 138 138.8 139.8 140.2 140.5 140.7 140.7 140.6 140.4 140.1 138.5 136.4 133.6 130.3 128 125.4 122.1 118.9 115.2 111.7 108.7 105.3 101.9 99.5 97.6 96.3 95.1 93.9 92.9 93.7 96.6 101.3 108.5 114.4 119 121.2 121.6 119 111.9 105.8 103.1 102.5 106.8 111.6 118.2 121.5 119.9 114.9 109.6 103.5 101.5 100 98.9 97.9 97.8 97.9 97.1 96.1 94.9
143.6 143.3 142.3 142.2 141.2 140.2 139 135.8 131.2 128.1 124.3 121.9 119 118.3 118 120.7 121.6 119.7 117.8 114.2 122.2 129.1 136.9 138.7 139.1 139.2 139.3 139.6 139.7 139.8 139.8 139.6 139.3 137.8 135.7 133.3 130.9 128.1 125.3 122.5 118.3 115.1 112 108.9 105.2 102.1 100.4 99 97.2 95.3 93.9 92.7 93 94.9 98.9 104.7 111.2 115.7 118.1 118.6 116.7 111.3 105.5 101.4 100.5 103.4 106.5 109.7 112.9 112.2 109.7 104.8 102.7 99.4 98 97 96.3 96.5 96.7 96 95 93.7
142.6 141.6 140.7 140.6 140.4 139.8 138.8 136.7 134.8 131.1 129.7 129.9 128.7 123.3 116.4 115.4 116.2 118.2 114.6 118 124.7 131.5 137.4 138.5 138.2 138.3 138.4 138.7 138.7 138.8 138.8 138.8 138.2 137 135.2 133 131.5 128.7 125.9 122.3 117.8 114.4 110.5 107.8 104.8 104.5 103 101.4 99.1 97.3 94.6 92.7 92.3 93.2 96.9 101.2 107.6 111.4 112.4 111.6 109.3 109 104.4 101 98.6 99.6 102.2 104.4 105.7 105.6 103.6 101.6 99.6 97.7 96.1 95.2 94.6 94.9 95.3 94.8 93.6 92.1
141.5 141.1 140.2 139.6 139.2 138.8 138 137.3 136.3 135 134.6 133.9 132 129.1 123.7 117.4 114.4 113 112.8 121.7 127.1 135.8 138 138.2 137.9 137.5 137.5 137.7 137.7 137.8 138.1 137.1 136.6 135.7 134.3 132.7 131.1 128.9 126.8 124.2 119 115.5 112 109.1 108.7 108.3 106.7 104.3 101.7 98.5 95.6 92.9 92.1 92.8 94.2 98.1 103.5 108.2 110.4 110.9 108.3 105.1 101.7 99.6 97.3 97.2 98.6 100.5 101.7 101.9 100.7 99.7 97.9 96.1 94.5 93.5 93.2 93.6 94 93.3 92 90.5
140.4 140.2 139.7 139.1 138.4 138 137.4 136.8 136.6 136.6 133.9 135.4 133.2 129.9 125.4 120 115.3 111.5 118.6 125.2 132.5 137 138 137.8 137.5 137.2 136.8 136.9 137.2 137.3 136.8 135.3 134.6 134.1 133 132.6 132.2 130.7 129.6 129.1 120.6 117 112.8 111.1 111.5 110.4 108.3 106 103.5 100.4 96.4 93.7 91.4 92 93.2 95 99.3 103.2 105.8 105.5 102 100.9 99.1 97.6 96.3 95.5 96.6 97.8 99.2 99.1 98.5 97.6 96.4 94.6 92.9 92 92.2 92.3 92.5 91.6 90.6 89.7
139.3 139 138.4 137.8 137.2 137.2 136.8 137.1 137.3 137.1 134.6 134.2 131.7 128.2 122.6 117.8 113.4 113 121 128 136.7 137.5 137.7 137.7 137.6 137.2 136.4 136.1 136.5 136.4 135.4 135.2 133.9 132.6 132.1 131.3 130.7 129.7 127.8 125.2 119.3 116.4 113.8 113.3 112.7 111.8 109.9 107.6 105.3 102.3 97.9 94.5 92.5 91.3 91.9 93.1 94.9 100.2 100.7 100.3 99.8 98.1 96.6 95.6 94.8 94.1 94.7 95.8 97.2 96.2 96.4 95.9 95.3 93.3 91.4 91 91.1 91.1 90.7 89.7 88.5 89
