webserver/python/data/SK15.asc
ncols 200
nrows 200
xllcorner 410000
yllcorner 350000
cellsize 50
[rows 70 to 104 of 200, columns 78 to 155 of 200]
289.7 288.9 288.9 287.6 277.4 247.6 222.4 197.6 188 189.9 208 225.6 254.6 279.3 311.5 314 309.5 302.2 297.4 293.8 292.3 291.4 290.6 289 285.7 278.1 265.6 258.9 275.6 290.8 294.3 296.2 299.2 301 300.8 302.1 304.8 307.9 307.2 308 307.8 306.5 304.9 301.2 299.8 299 298 301.2 305.5 311.5 318.7 320.3 332.4 338.9 344.2 350.3 355.9 360 362.2 361.4 356.7 353.4 350.1 347.9 346 344 341.7 339.3 337.2 335 332.6 330.4 327.8 325.2 317.8 303.1 286.3 296.1
292 291.2 290.6 289.7 287.2 266.4 242.8 223.7 210.2 196.3 188.3 193.7 223.4 252.5 292.1 309.4 305.2 299.8 295 291.8 289.2 287.8 286.1 284.9 278.3 267.7 255.6 274.4 291.7 294.6 295.3 295.7 297.1 298.4 300 301.1 305.1 305.1 305 305 305.4 303.8 300.7 298.2 297.1 296.1 296.1 297.5 302.7 308.2 312.2 324.1 330.9 336.8 341.8 347.8 352.9 356 357.9 357.6 354.8 351.5 347.2 344.1 342.1 340.2 338.1 336 334 332.1 330.3 328.2 326.5 324.7 319.5 309.1 293.5 284.6
293.9 292.8 291.8 290.3 288.1 283.4 271.6 260 241.2 228.7 211.7 190.1 195.8 231.6 265.9 301.3 300.3 296.4 292.5 289.4 286.3 283.2 281.5 280.3 271.3 253 268.7 286.2 291.8 293.3 294.3 295.4 295.2 297.6 301.6 305 302.8 303.2 303.4 302.6 301.9 301.2 299 296.8 294.8 294.8 295.4 297.7 300.7 305 314.5 322.8 329.1 333.9 338.9 344.3 349.6 353 354.2 353.7 352.6 349.2 344.8 340.6 338.6 336.7 334.5 332.3 330.2 328.4 326.6 324.8 323.2 321.8 318.1 310.9 298.6 281.1
294.2 292.7 291.7 290.8 287.6 284.4 277.9 269.6 261.4 255.8 239.4 217.7 188.1 208.8 240.6 278.5 295.1 291.2 289.2 287.4 284.3 279.2 275.2 272.9 257.7 255.2 277.2 284.8 289.1 291.6 292.6 294.6 295 302.8 300.1 300.6 300.8 300.2 300 300.3 299.6 299.6 297.9 295.9 293.9 292.9 294.9 297.4 300.4 305.9 314.8 321.2 326.8 331.3 336.1 342.2 347.4 350 350.9 350.5 349 346.2 342 337.6 334.9 333.2 330.9 328.6 327.3 324.8 323 321.1 318.6 318.9 316 308.8 299.1 283.1
291.9 291.7 290.9 290.8 287.5 284.1 279.7 272.2 263.5 258.2 252.4 234.5 203.2 188 221.9 264.5 288.7 286.9 284.9 285.2 284 279.9 274.5 267.1 247.2 266.9 276 282.6 287.6 290 292.1 294.8 299.9 296.2 297.4 298.2 297.7 296.9 296.6 297.4 298.4 298.4 297.1 295.2 293.1 290.6 294.1 298.3 302.1 307 312.9 318.9 324.3 328.9 333.8 339.9 344.6 346.7 347.6 347.1 345.4 343.6 339.5 335 330.8 328.7 327.5 326.5 324.6 321.6 319.4 316.9 314.4 314.3 312.4 307.5 297.8 283.4
289.4 289.2 290.1 288.7 286 282.4 279.1 273 263.5 256.7 249.6 232.4 207.6 183.5 208.1 241.6 268.5 274.8 275.7 280.5 281.4 278.8 269.8 254.4 245.5 272.1 284.8 288.9 290.5 291.8 300.5 292.6 291.7 291.8 293.3 294.3 294.3 293.7 293.6 295 296.4 296.5 295.4 294.4 293.2 290.7 293.8 298.5 303.1 307.2 310.7 316.4 321.5 326.6 331.4 336.9 341 343.3 345.1 343.3 341.6 340 337.2 332.5 328.8 326.6 325.3 324.4 322.2 319.1 315.8 313.1 310.2 308.9 307.7 305.9 298.2 287.9
286.8 287.1 287 287.1 285.1 282.1 278.8 272.8 265.7 257.2 244 223.7 206.9 184.2 200.7 232.9 244 242.6 240.6 251 268.9 265 247.2 235.4 263.3 285.2 291.5 292.3 292.7 295 288.9 288.3 287.7 288 290.2 291.1 291.4 290.7 291.6 292.9 294 294.5 293.5 292.4 290.8 289.3 292.5 296.9 300.8 303.6 307.7 312.9 317.6 323.3 327.2 332.2 334.5 338.5 340.6 339.2 337.7 336.6 335.2 332.9 329.5 325.4 322.4 322.1 321 318.2 314.9 310.6 307 303.9 304 302.8 298.8 289.9
284.6 284 284.2 285.1 284.9 283.6 280.4 274.9 270.1 262.7 248.7 223.2 200.6 184.3 191 204.8 205.1 204.5 208.1 221.8 249.7 233.7 226.2 247.2 278.9 290 293.3 296 291.7 288.2 285.2 283.8 284.2 284.1 286.1 287.3 288.8 289.4 290 291.4 293 293.6 292.6 291.3 289.1 289 290.7 294.8 297.5 299.8 302.5 305.5 310.4 314.8 321.5 327.2 330.6 334.3 336 335.3 334.1 332.8 332.6 332.4 329.5 325.6 321.3 319 318.6 316.9 314.3 310.4 305.7 301.1 298.7 299.9 298.3 292.8
282.5 281.7 281.8 282.7 283.4 283.6 281.3 277.3 272.3 257.8 230.1 207.9 185.6 183.3 201.1 196.5 196.2 201 211.1 207.5 216.4 232.9 264.4 270.6 282.8 289 296 292.9 290.5 285.1 282.8 281.2 280 280.5 281.9 286.1 289.2 290.7 291 290.8 292.2 292.8 291.9 290.4 288.4 287.7 288.9 291.8 295 296.6 298 300.1 303.5 306.3 313 320.5 325.7 329.8 331 330.3 329.5 329 329.9 330.7 329.1 326 321.4 317.7 315.9 315.3 312.9 309.4 305.7 300.3 295.2 294.5 296.4 295
280.3 278.8 278.9 280.4 281.5 282 280.9 277 265.8 237.3 210.7 187.1 184.2 193.9 223.3 230.4 231.3 235.5 246.3 238.9 247 262.3 283 287.2 287.2 294.6 290.9 291.1 289.1 283.2 280.9 278.6 277.5 277.7 281.2 286.7 290.5 291.7 291.8 291.6 291.8 292.2 291.5 290.2 286.5 285.9 287.7 289.9 293.3 294.3 296.2 298.2 300.4 303.4 308.6 313.4 320.9 325.1 327.4 326 324.6 324.5 325 325.8 326 325 321.7 316.6 313 312.8 311.1 307.7 304.4 300.1 292.6 289.5 292 291.9
278.2 276.1 274.7 276.1 278.2 280.3 279.8 277.6 250 217.3 186.2 184.4 206.1 230.7 251.9 262 262.5 273.7 282.9 273.3 272.8 285.8 291.6 292.2 290.9 290.3 291.1 290.5 288.1 283.1 279.8 276.1 275.9 280.3 283.9 287.4 291.2 292.5 292.4 291.7 290.4 290.8 291.1 287.7 284.5 284.3 288 291.5 293.6 295.4 298.8 299.9 299.8 301.2 304.1 308.9 316.2 321 322.6 320.9 319.6 320.2 320.8 321.2 321 320.7 319 314.8 309.8 308.6 308.3 305.7 302.3 297.7 291.2 286.1 287.8 288.9
276.4 272.4 271.3 272 274.1 276.1 277.5 273.6 240.5 205.2 183 199 223.5 248.7 261.3 265.6 272.4 279 284.1 287.3 287.9 290.6 292.9 293 292.3 290.6 290.7 290.5 286.7 282.6 277.7 274.6 275.4 280.6 284.8 285.3 288.3 289.7 288.5 288.2 287.1 286.4 284.8 283.6 283.6 285.9 291.3 294 296.6 298.5 302.2 302.8 301.8 300 298.8 302 309 316.5 317.7 316.1 315.1 315.6 316.6 317 316.8 315.8 314.7 311.6 308 305.9 304.6 302.8 299.6 294.9 288.6 284.2 283.3 284.9
274.9 271.7 269.6 269.1 270.8 272.6 274.4 272.5 238 204 183.1 201.8 225.1 247.3 258 264.2 270.8 276.4 281.6 286 288.8 290.6 291.8 292.7 291.7 290.1 288.8 287.4 284.6 281.7 278.3 271.8 272.5 277.4 280.6 279.2 278.5 277.8 277.5 279.1 280.3 279.5 284.5 287.1 290.8 291.8 294.1 297.5 300 302.1 302.7 302.3 301.6 301.2 296.2 296.3 299.7 307.6 312.3 311.6 310.5 309.2 310.7 312.1 311.4 310.4 309.6 308.2 305.6 301.9 299.9 299.8 295.4 290.7 284.6 279.2 278.6 280.2
274.2 271.5 268.7 266.5 268.2 270.1 271.7 271.3 253.9 215.3 183 193 218.7 238.5 252.5 261.6 268 273.5 278.8 283.7 287.2 289.6 290.8 292.1 291 287.9 285.2 283.9 282.6 281 278.5 270.6 269 270.8 270.1 273.7 276.6 280.6 282.8 283.2 283 282.2 286.8 291 293.7 295.4 296.1 299.3 302.1 304 304 301.4 300.8 300.8 296.9 293.3 293.3 297.8 304 304.4 303.5 296.1 300.1 304.4 305.4 305.1 305 303.8 302.7 299.7 296.2 291.6 287.7 282.7 279.6 275 274.3 275.6
273.8 271.4 267.5 264.7 266 268.1 270 271.3 264.2 228 193.2 181.6 201.4 226.2 240.2 251.5 262 270.1 277.4 281.6 285 288 290 291 289.7 286.3 283.2 280 279 279.2 277.7 269.7 268.1 278.8 283.4 286 290 293.7 294.7 295.3 294.3 289.9 287.9 289.1 291.4 294.6 296.9 299.2 301.7 304 305.2 300.7 299.1 298.8 296.6 293.8 288.1 288.7 289 288.8 287.8 279.7 281.2 284.9 289.9 297 299 298.9 298 297.8 296.1 290 282.8 273.5 270.6 272.1 269.7 270.9
271.9 270.9 268.2 264.7 265.2 267.4 269.7 269 267.5 245.6 215.2 184.6 184.7 207.5 229.6 239.7 250.8 263.5 274.5 281.1 283.7 286.3 288.8 290 288.9 286 282.7 279.4 276.5 274.4 275.1 266.2 270.3 286.4 292.6 296.2 297.3 298.9 299.4 299.6 300.1 299.8 296.6 291.6 291.2 293.6 295.3 297.3 300.1 302.5 304 300.3 298.2 296.7 295 294.5 290.6 286.5 279.8 276.1 271.4 269.4 269 273.8 278.5 290.5 292.6 293.5 292.9 293.3 292 288.6 282.8 270.6 264.3 266.8 269 265.9
269.8 269.7 267.7 264.8 263 266.1 269.6 269 267.9 266.4 246.6 211.7 179 184.6 212 225.6 239.3 254.2 269.3 278.5 282.7 284.8 287.5 288.9 287.5 286 283.2 280.6 276.8 270.3 268.6 262.4 277.3 291 294.8 297.9 300.2 301.2 303.2 303.3 304.9 306.5 303.3 296.7 294.4 294 294.3 295.4 298.9 300.5 301.2 301 298.2 295.5 293.9 291.6 288.2 286.3 278.3 272.1 267.5 265.3 267.5 272.9 279.1 284.3 287.6 287.3 285.7 282.5 283.4 280.4 268.5 259.1 257 260.5 262.4 261
260.7 262.8 264.9 261.3 260.2 267.3 269.3 269.9 268.8 266.2 255.7 230.8 201 178.4 186.5 211.2 225.8 245.7 264 276.1 282.2 285.9 287.7 288.2 286.4 284 283.2 282.2 278.5 269.1 261.2 263.9 278.9 286.2 289.6 293.2 297.3 300.9 305.7 306.8 309.2 309.6 305.3 300.5 297.8 296.2 295.1 295.3 296.3 299 300.6 301.1 298.2 295.5 292.8 290.5 289.2 283.2 276.6 270.2 265.7 263.8 266.8 274.7 279.3 280.8 283 281.4 278 275.5 274.3 272 260.2 253.2 251.5 253.4 255.2 256.3
252.9 253.9 253.5 250.8 259.5 265.5 269.3 270.2 269.3 263.9 252.2 233.5 218 193 178.1 191.6 216.4 240.5 262.2 274.7 282.2 286.5 287.9 287.8 284.8 281.6 279.7 278.9 276 265 255 268.2 280.2 282 284.5 286.6 290.7 295.8 304.3 307.6 307.8 309.8 307.1 304.5 301.1 299.7 296.8 295.6 296.6 298.8 301.7 303.6 300.4 296.9 294.2 292.2 292.4 290.8 282.1 272.4 266.6 262.3 262.5 268.4 274.8 276.7 278.5 278.4 276.1 271.6 267 264.4 258.7 249.5 247.4 248.2 250 252.8
253.8 245.7 244.7 242.3 252.4 259.5 265.6 269.7 269.2 259.4 239.2 218.9 210.3 202.9 183.8 180.8 211 239.1 261.8 271.2 281.8 287.2 288 287.3 284.1 280.2 275.2 274 270.3 261.3 256.6 273.4 280.2 278.2 277.9 279.9 284.5 290.4 300.1 305.9 303.8 300.8 298 297 296.9 299.7 300 298.2 297.4 299.7 303.8 307.9 304 299.1 295.6 292.9 293.5 292.4 287.3 277.6 273.7 267.9 259.4 256.7 262.3 270.5 274.9 276.7 275 271 264.2 257.8 253.3 247.4 244.6 244.7 246.9 249.2
260.4 253 245.3 237.6 240 246.7 257.3 265.5 267.3 247.4 224.4 205.3 193.2 190 182.8 180.7 215.1 246 261.6 269.7 280.1 286.4 288.8 288.4 285.1 280.9 274.1 269 264.5 256.2 258.2 269.7 275.3 272.1 270.4 272.7 277.2 284.1 294.7 299.8 295.3 289.7 285.3 283.8 285.7 290.2 295.2 297.9 298.6 301.5 304.6 310.1 307.2 300.5 296.8 293.4 293.7 293.9 291.1 284.4 281.6 278.5 274.2 262 253.2 260.6 269.4 275.1 276.1 272.7 264.4 254.1 249.3 245.5 243.3 243.2 244.8 246.6
262.9 260.2 254.6 242.3 231.5 234.8 247.7 260.1 262.7 236.2 209.2 186.9 179.9 177.9 179.1 195.4 233.1 257.9 263.9 271.1 277.4 284.1 287.8 288.8 285.9 280.5 274 268.3 262.9 258.3 252.8 261.5 265.9 265.5 263.2 265.9 270.5 277.9 287.5 290.3 284.8 278.2 272.8 269.9 272.2 276.2 283.6 292.7 298.6 303 305 307.8 306.6 303.2 296.9 294 293.5 293.2 292.4 290.6 285.5 283.2 278.3 271.5 256.7 251 259.4 266.5 272.5 272.2 264.4 251.9 247.5 243.9 241.8 241.4 242.2 244
263.4 262.1 259 249.8 234.8 229 242 254.9 259.7 231.9 199.1 178.2 179.5 191.6 211.5 233.2 253.2 262.5 263.9 269.4 275.1 281 285.1 288 285.1 281.8 273.9 269.7 270.1 269.7 257.3 249.6 254.6 255.5 255.6 259.1 264.1 272.4 278.5 281.4 274.6 266.8 260.8 258.7 259.8 264.1 271.1 285.8 293.7 300.5 300.9 304 305.9 301.8 297.1 294.3 292.6 292 291.2 289.4 287.1 284.3 280 275 262.7 249.1 250 253.5 258 260.2 258.5 247.7 244.3 241.8 239.4 239 240.9 242.6
263 262.6 259 248.8 231.7 225 240.6 253.6 256.6 231.7 197.8 175.8 182 197 215 230.5 245.2 257.5 262.8 267.3 270.2 275.7 281.5 282.2 280.5 277.7 280.4 273.9 276.2 277.6 266.1 253.7 245.2 247.2 247.8 252 257.3 265.9 271.5 269.4 264.4 256 251 249.3 249.5 253.1 258.5 271.4 285 292.9 295.1 298.1 301.6 299.8 296.5 294.3 291.9 289.9 289.8 287 284.8 283.4 281.6 276.8 268 255.1 244.8 244.3 245.6 248.9 251.2 245.2 242.5 240 237.7 237.5 239.8 241.7
259.2 261.1 258.9 246.1 228.2 218.4 236.8 250.9 256.2 253.8 220.2 186.3 174.8 178.2 194.5 216.2 236.1 253.7 261.5 264.6 265.9 268.3 272.2 274.6 275.9 276.7 276.9 280.2 280.4 278.9 270.2 257.8 251.6 245.5 240.3 244.4 250.5 258.4 261.7 257.8 252.1 246.6 242.5 241.7 241.8 243.8 249 258.7 271.2 282.2 288.4 291.5 294.9 296 295 295.3 292.2 289.4 287.6 286.1 283.4 280.9 280.6 278 271.5 262.8 251 241.2 238.9 240.1 242.1 242 240.1 238.2 235.9 235.2 237.8 240.5
251 254.6 257 247.3 226.1 210.4 229.4 242.4 250.8 254.1 253.5 220.7 189.6 173.4 177.2 197.9 225.9 247.4 257.6 260.5 259.8 262.6 265.3 268.7 272.6 276.9 282.6 283.4 281 282.5 275.8 266.3 260.7 256.6 248.9 238.3 240.8 248 251.4 247.6 243.6 240.5 237.8 234.4 235.1 237.9 242.5 249.3 258.2 269.2 278.6 284.3 287.7 288.7 293.1 297.1 292.3 287.9 286.3 285.1 281.8 277.2 277 277.8 273 264.8 253.4 241.4 236.8 236.6 237.5 238.3 237.2 236 234.1 233.2 235.5 238.2
240.2 246.5 250.1 250.6 230.6 206.9 215.1 231.9 240.5 244 244.2 231.3 209.9 189.6 175.9 185.2 213.7 231.6 253 250.7 256 261.7 264.3 267.4 271.4 278 287.2 291 289.3 281.2 283 275.2 268.8 263 256.9 248.7 237 239.3 245.2 241.8 238.5 235.7 233.3 230.5 229.5 232.3 236.8 242.3 249.4 258.7 269.1 277.1 279.5 282.8 290.2 293.6 286.9 282.2 280.5 281.3 279.7 273.4 273.2 273.2 270.6 263.7 249.2 239.1 234.7 234.1 234.4 234.8 235.1 233.3 231.3 230.9 233.1 235.9
228.3 236.5 241 245.3 239.3 216.4 196.7 210.8 224.9 228 217.9 209.8 197.3 181.7 174.9 180.7 198.2 215.4 232.5 250 260.6 265.8 268.5 269.8 273.6 281 288.8 293.2 292.4 287.9 280.5 282.8 277.4 272.3 264.1 256.5 245.7 230.8 236.6 236.2 232.6 230.1 229.8 227.1 224.8 225 231.1 237.6 243.2 250.8 260.4 269.9 272.6 278.1 284.5 284.7 280.6 277.1 275.5 276.5 276.7 270.1 266.8 263.9 263 259 245.5 237 233.2 231.9 232.7 232.5 231.7 231.8 227.6 228.8 231.3 234.1
221.4 227.4 229.6 226.5 224.4 217.1 203.1 193.9 203.2 207.6 194.6 182.1 174 175.4 177.6 182 192.2 221.5 254 256 260.8 266.4 269.7 271.8 276.2 281.3 287 290.3 290.9 289 285.6 282.6 280.4 275.7 270.5 259.5 248.6 235.6 226.7 228.3 226.6 226.1 226.7 224.4 221.6 220.2 226.9 232.9 238.3 243.6 252 261.3 267.7 274.4 279.7 281.2 276.7 274.4 273 273.3 274.6 269.7 263.1 255.7 255.1 251 242.4 234.5 231.9 230.1 230.7 231.5 231.2 229.6 225 228.3 230.9 233.4
214.2 211.8 199.3 191.7 194.3 198.4 198 182.7 186.3 177.4 173.4 178.9 186.1 195.8 221.8 210.1 189.5 213.4 243.4 254.5 259.8 262.9 265.2 268.9 273.1 278.4 282.4 285.1 286.9 288.7 283.6 279.1 275.3 272.5 267.8 260 250 239.5 230.4 224.3 221.2 220.4 219.6 219.2 217.9 217.8 222.3 227.8 233.3 237.8 244.7 254.6 263.1 269.6 274.2 275.6 272.8 272.1 271.2 270.7 270.2 267.9 262.4 254.8 247.5 245.1 238.8 232.4 230.5 228.6 228.6 229.7 229.4 226.8 223.9 228.1 231 233.3
207 194.3 174.7 169.5 169.8 174.1 177.8 174.3 173.1 175.6 191.7 208.4 216.9 228.2 246.4 234 211.8 199 218.9 241.7 254.3 257.7 259.1 262.9 267.6 272.2 275.6 278.1 280.3 281.7 280.6 277.6 273.5 272 266.7 262.1 255 246.2 237.5 229.9 225 221.7 223 218.9 216.1 216.8 217.4 222.8 227.5 232 237.9 247.7 256.6 263.8 267.7 270.3 269.3 268.4 267.4 265.6 263.4 261 256 248.1 241.1 238.2 235.3 232.4 229.4 226.7 225.1 226.5 227.4 224.4 222.5 226.8 230.2 231.5
200.2 173.1 174.3 184.9 184.1 178.7 173.4 176.1 189.7 206.1 219.5 234.7 246.3 250.4 250.9 250 238.1 229.1 219.2 215.9 220.8 227.3 234.4 250.9 263.8 266.1 269.5 271.7 273.7 275.4 276.3 274.3 273.8 275 273.6 270.8 263.8 255 245.5 236.7 231.9 228.3 227.2 223.7 219.6 217 214.9 217.7 222.4 227 232.1 239.7 248 257.3 261 264.4 267.3 269.5 267.5 263.3 256.5 252.9 247.1 240 237.4 234.6 233.5 231.4 229.2 226.3 223.7 223.7 225.4 222.1 220.7 224.1 227.4 230.5
191.7 169 182.7 198.4 211.4 214 205.2 208.9 219 232.8 244.2 253.5 257.1 256.6 257.1 255.1 251.5 253.5 251.4 230.2 245.2 255.1 249.6 237.7 247.9 255.3 264.3 266.7 268.8 270.7 271.8 272.3 272.3 274.3 275.1 277.2 273.7 264.5 254.8 242.3 235.6 232.8 229.7 226.8 222.6 218.1 213.2 214.2 217.2 221 225.7 231.8 238.2 246.3 251.1 256.1 264.5 269 270.2 269.1 260.1 249.9 241.6 236.1 233.3 231.6 231.4 231.1 229.1 226.8 222.5 219.3 221.5 220.2 218.2 221.2 224.6 227.3
183.9 169.1 186.2 212.9 228.7 234.6 235.1 239.4 244.1 249.9 256.2 261.6 265.1 262.8 261.3 259.4 258.5 259.3 256.5 247.4 248.9 260.6 262.8 262.6 253.9 255.1 263.2 263.5 266 267.9 269.2 269.7 270.8 273.7 276.9 278.9 279.6 272.7 263.5 251 239.8 235.4 231.6 227.1 222.5 217.7 213.6 212.8 213.1 214.3 219.1 223.4 228.3 233.1 237.8 246.4 258.7 262.1 262.9 259.9 255.8 247.6 234.5 230.1 228.4 230.2 230.4 229.8 229 227.3 224.4 220.2 216.3 215.9 216.5 220.4 222.2 223.6
176.7 169.2 191.7 225.4 242.3 243.8 244.8 248.6 252.1 256.1 261.4 267.5 272.6 271.5 266.6 264.1 264.2 265 261.7 257.8 250.8 260 264.1 264.8 262.4 257.6 261.5 264.6 265.1 265.7 266.4 267.3 269.1 271.1 274.3 277.2 279.9 278.9 272.5 260.5 249.8 239.9 233.1 227.3 223.4 219.7 216.4 214.2 211 210.7 210.6 210.5 214.8 220.7 227.2 232.6 240.2 248.4 248.7 244.6 241.2 236.3 228.4 224 226.3 228.1 229.9 229.8 229.4 227.7 225.4 221.3 215.9 212.7 213.9 218.9 220.3 221
