webserver/python/data/SK16.asc
ncols 200
nrows 200
xllcorner 410000
yllcorner 360000
cellsize 50
[rows 105 to 139 of 200, columns 0 to 77 of 200]
260.4 257.7 253 246.5 242.2 240.6 239.4 240 242.7 243.8 246.2 249.3 253.5 257.9 265.3 271.3 278.7 290.1 303 321.9 340.8 354.2 362.5 365.4 360.4 358.5 357.2 358.4 359.9 362.3 366.9 374.6 377.1 377.4 376.6 375.2 373.2 368.5 364.3 359.3 352.3 347.8 339.2 338.3 340.8 343.2 342.4 341.7 338.4 335.4 332.8 329.3 325.8 323 320.4 316.1 314 316.9 323.1 328.2 334.8 341.6 348.9 355.5 358.7 359.2 360 361.3 362.6 364 363.6 365.4 368.9 371.9 375.6 378.5 380.1 380.9
264.6 260.4 256.1 254 251.5 244.6 240.7 239.5 240.1 241.7 241.8 245 248.1 252.6 257.2 262.7 269.1 278.3 293.2 314 332.2 345 355.8 359 360.5 358.9 358.8 360.8 362.4 364 367 372.4 375.7 377.3 378.5 376.4 373.8 370.1 365.8 360.2 354.5 350.6 342.1 336.4 335.3 338 337.5 336.1 333.8 330.7 327.4 326.4 324.7 323.2 321.4 319.1 316.1 314.8 321.4 327.1 333 338.9 346.7 352.6 355.5 356.3 355.8 357.1 358.5 359.7 360.3 362 365.4 369.3 373.2 375.9 378.6 380.2
269.8 265 260.5 256 252.6 247.6 242.4 238.9 238.9 240.3 241.2 242.7 244.9 246.3 250.7 256 261.3 270.5 285.4 305.6 321.6 333.2 344.7 351.7 355.4 358.9 360.5 362.2 364.9 366.4 368.4 370.7 372.8 373.1 374.7 374.2 372 369.1 364.1 358.3 355 352.1 344.4 338.6 334.6 334.4 333.4 330.9 328 326.2 324.9 324.3 323 320.7 320.3 318.2 314.1 314.4 320.5 326.6 332.3 339.1 344.6 349.6 352.1 353.3 352.4 352.9 354.3 355.6 355.5 356.8 359.8 365.6 370.6 373.3 376.1 378.2
277.3 271.1 265.1 257.5 253.9 251.9 247.2 245.4 238.9 239 238.7 240.3 241.3 243 243.9 248.9 254.5 262 272.7 290.3 306 321.1 332.8 347.1 352.8 358.4 362 363.6 366.7 368.8 370.6 369.5 369.6 369.4 369.2 369.1 367.6 365.3 361.4 356.6 355.7 350.6 345.3 340.2 334.8 331.4 329 329 330.3 330.7 329.7 327.6 325.5 321.7 318.2 315.2 315 315.5 320.7 326.4 333.7 338.4 343.2 346.8 348.9 349.1 348.3 348.6 349.3 349.7 349.4 351.5 354.1 360.7 367.5 371 373.6 375.2
286.7 277.3 272.3 263.4 256.8 253.1 250.3 246.5 245.2 243.8 238.7 237 237.3 239.5 241.5 242.7 245 252.5 261.1 270.9 287.1 305 322.7 337.4 351.4 358.5 362.5 363.8 366 369.6 371.9 369.6 367 365.5 364.4 363.7 363 361 357.8 355.5 353.4 349.2 344.5 339.4 335.3 331.9 331.7 333.1 336.2 336.4 334.2 331.6 329.1 323.6 319.5 315.8 313.1 314.1 321.2 328.7 335.8 338.2 341.4 344.2 345.2 344.1 342.3 342.1 342.3 342.6 343.2 345.5 348.7 355 362.1 368 370 371.7
298 288 280.6 269.4 261.5 257.5 253.5 250 250.8 248.7 246.2 240.5 236.4 234.1 235.4 237.9 238.1 242.5 250.4 260.2 267.7 288.8 311.4 330.6 347.4 356.6 359.5 361.3 362.6 364.3 368.8 366.6 365.5 364.4 362.4 361.6 359.8 358.2 356.3 352.3 350 345.9 341.8 338.1 334.9 334.6 336.1 337.5 339 338.4 336.7 334.2 331 326.3 322.2 318 314.8 312.1 318.9 325.1 332.4 335.4 337.1 338.6 338.2 339 336.7 337 336.7 337.3 337.4 340.4 344.1 348.3 357.7 364.3 366.5 368.2
297.5 296.2 291.1 275.8 268 261.5 257.6 256.1 253.6 250.9 249.8 242.8 240.1 236.9 235.9 235.1 233.9 237 242.4 249.3 260.6 276.1 295.5 319 338.3 349.9 354.1 357.2 358.1 358.7 360.2 363.7 363.8 363.7 362.4 359.7 357.9 357.6 355 350.8 346.9 343.4 340.3 338.4 339 339.5 340 340.1 340.9 340.8 338.6 336.1 333.8 330.4 327 324 319.7 314.5 311.1 315.1 322.1 332.3 333.9 335.2 335 332.7 330.7 331.3 335.7 337.5 334.5 337 339.5 344.5 349.7 359.2 363 364.8
296.6 294.7 289.9 281 278 270.5 264.2 259.6 256.2 253 248.9 249.6 249.2 241.1 243.1 241.9 235.3 234.2 237.2 243.4 248.9 260.7 276.6 306.5 327 336.8 342.5 347.2 349.5 352.2 354.8 357.7 361.8 365.1 366.9 364 359.9 357.5 353.6 350.7 347.8 344.2 343.3 342.3 342.4 343.3 343.4 343.6 342.3 341.3 339.8 338.9 338.6 338.6 335.5 332.3 330.8 326.2 315.5 309.2 310.4 320.6 329.3 332.1 331.5 329.5 325.7 325.9 327.5 328.3 331.1 335.5 336.9 341.4 346.1 354 359.5 361.3
298.9 296.1 292.3 290.6 286.5 279.8 271.5 263.7 259.1 256.4 253.1 250.5 247.7 243.4 249.8 252.6 248.9 241.1 233.7 234.2 241.8 250.7 262.6 290.5 306.5 317.3 326.1 331.8 339.1 344 347.4 354 360.3 364.9 369.6 373 370.8 363.6 357.5 354.9 351.2 348.7 347.6 346.7 346.7 347.6 347.8 347.3 346.3 343.7 342 341.9 342.8 343.6 343.2 341.7 342.5 339.9 329.9 321.4 312.3 309.2 317.3 326.9 327.6 325.5 322.4 320.7 323.1 327.3 330.4 332.6 334.1 337.8 342.2 349.8 356 358.3
305.6 303.3 299 297.8 291.7 284 279.4 271.6 265.8 261.9 256.9 253.4 249.6 245.4 251.2 256.4 257.4 252.9 241.5 234.3 236 242 250.9 263.4 278.3 293.9 305.7 314.9 323.5 331.2 338.4 350.3 359.2 365.7 371 375.6 376.2 372.4 365.9 358.6 354.8 353.4 352 351.1 351.8 353.1 353.9 352.4 350.4 347.7 345.1 344.8 346.6 347.9 351.6 353 354.8 351.2 342.1 332.4 322.7 314.2 308.9 316.4 322.9 321.9 318.8 316.1 320.2 324.4 327.3 329.3 331.5 335.4 340.2 346.8 352.2 356.2
315.9 318.9 311.8 305.8 299.4 288.7 287.3 279.7 275.8 269.5 262.9 256.9 254.4 250.6 250 255.2 259.9 260.4 252.4 240.3 233.6 235.7 241.8 247.9 259.6 269.8 283.4 292.3 301.1 313.1 332.2 346.7 358.4 367.8 373.3 376.8 377.7 376.3 370.9 363.3 359.9 357.6 356.8 355.3 356.5 358.4 360 359.1 356.4 352.2 349.4 348.8 350.6 354 357.2 361.2 366.4 357.5 349.4 339.3 329.2 320 310.8 307.6 314.1 318.7 315.3 312.4 316.3 320.2 323 325.3 328.2 331.8 336.2 341.8 346.5 351.5
329.8 330.1 324.8 317.3 309.7 304.1 298.1 288.3 284.5 278.2 268.8 262.4 259.6 256.1 254.2 255.1 259.7 260.9 259.8 252.2 240.3 233.7 236.7 240.8 247.2 253.5 261.7 267.8 279 303.9 325.5 343.3 357.8 368.2 374.1 377.8 378.6 377 374.5 371.1 370.6 368.7 366.3 363.8 361.6 363.4 364.5 365.3 361.7 356 352.6 350.2 352 355.9 359.9 363.7 369.7 361.1 352.9 344.1 334 323.9 315.8 308.6 307 308.8 310.2 308.9 310.8 314.3 318 319.6 323.6 328 333.3 337.6 343.1 346.3
336.7 338.1 334.6 328.9 320.7 319.7 317.3 307 297.8 288.6 277.7 270.9 266.3 260.9 259 258.4 259.5 259.5 259 257.4 253.3 239.3 233.8 234.5 238.8 241.9 249.3 259.1 268.5 295.9 317.9 337.5 355.6 367.4 373.8 375.7 377.2 378.6 377.5 376.4 376.6 377.8 377.1 375.1 372.2 368.8 368.3 366.9 363.7 357.7 354.2 352.8 354.7 356.6 359.8 363.2 365.3 362.8 356.1 347.3 337.3 327.6 321 315.3 309.4 305.8 305.4 303.7 303.9 308 310.8 314.3 317.9 322.8 329 333.7 337.7 341
342.4 342.2 340.4 336.6 332.9 331 327.9 324.1 316.4 304.5 291.5 281.1 274.6 267.7 262.4 259.7 260.1 256.8 254.5 254.5 255.2 251.1 243 232.3 234.3 237.6 241.6 249.3 262.3 287.9 309.2 330.4 351.7 364.4 371.4 374.3 376.1 377.9 378.8 380 381.3 383.2 384.2 383.9 379 374.6 370.9 368.4 365 358.5 355.4 353.4 354.9 356.8 358.7 359.9 361.1 360.6 356.2 349.6 339.6 331.1 324.8 320.6 318.7 314.5 313.8 309.5 304.7 303.3 305.8 309 311.5 316.8 322.8 327.5 330.8 337.5
342 343.5 342.9 340.4 339.8 337.8 335.8 332.7 329.2 322.6 310.3 294.8 281.2 273.4 266.7 264.2 260.2 256.7 252.8 251.5 250.4 250.9 248.6 241.4 235.3 234.1 236.1 242.6 262.5 285.5 302.5 321.9 342.7 355.7 364.5 369.7 373.2 378.3 382.6 385.1 387.3 388.9 389.1 389.3 381.9 377 372.6 368.8 364.7 360.1 356.1 353.9 354.9 356.6 358.3 358.5 358.5 358.7 355.5 349.9 342.6 334.8 329.4 325 322.9 320.6 317.9 314.3 309.8 303.9 302.4 302.5 306.8 311.3 316.7 320.1 322.9 328.8
341.4 342.5 342.3 341 340.4 340.9 340.4 337.9 334.9 330.7 321.9 308.4 292.6 280.2 271.5 265.5 261.3 256.8 252.9 249.2 245.3 245 246.5 242.5 238.7 235.3 234.6 237.1 254.4 269.3 290.3 313.4 330 343.4 353.4 364.5 371.8 377.9 384.1 389.2 391.5 393.9 392 389.8 384.9 377.3 372.4 368.3 364.2 360 356.4 355.3 355.5 356.2 357.1 357.3 357.1 355.4 353.1 350.3 344.6 340.3 335.3 331.7 327.6 324.6 321.7 317.8 313.5 308.6 302.4 300.4 302.1 305.3 310.2 312.2 315.6 321.5
340.2 340.5 340.8 341.5 340.9 340.5 340.1 339.3 337.5 334.3 328.3 319.6 300.1 284.6 276.6 267.5 262.3 257.2 253.3 249.2 246.1 243.4 241.4 239.3 236.3 234.6 233.7 237 254.8 262.4 274.2 303.7 316.5 329.2 341.9 353.1 363.3 371.8 379.9 386.4 391.4 393.6 391.6 388.2 382.7 376.8 372.2 367.3 363.5 359.4 356.2 355 354.9 355.6 355.9 357.2 358.3 357.4 355.9 353 348.7 345.1 340.8 336.4 332.9 329.1 325.6 322 317.9 312.6 308.6 302.8 301 299.7 301.8 305.3 308.9 314.5
337.1 338.8 339.1 339.6 338 336.6 336.6 337.9 337.6 336.4 331.7 323.2 311.1 291.1 281.4 269.9 263 258.1 254.2 249.5 244.7 241.3 238.7 237.3 234.8 233.7 233.1 245.4 259.1 262.9 268.9 294.7 307 317.6 328.3 338.9 351.1 361.6 369.5 377.7 383.5 386.6 387.4 383.9 380.1 375.4 371 366.7 362.3 358.7 354.7 353.8 353.6 354.4 355.1 358.4 360.7 359.7 357.3 354.2 351 347.3 343.1 338.7 334.9 330.8 328.2 324.7 320.3 316.7 314.4 312.3 307.8 302.2 298.9 300.1 304.4 308.8
334.3 336.9 336.4 336.2 334.8 333.4 333.2 334.7 337.1 337.9 334.4 326.3 318.6 300.5 286.7 275.3 263.9 258.5 256 249.7 244.3 240.1 237.4 235.4 234.9 232.2 235 252.2 255.6 258.1 266.2 286.3 299.6 306.9 317.5 327.4 339.9 350.5 358.6 365.6 372.4 377.9 379.8 379.8 376.9 374 369.4 365.2 361.3 356.9 353.5 350.3 350.6 351.7 354.6 359 362.3 360.9 358 354.5 351 347.5 343.9 340 335.7 331.9 328.6 325.5 322.4 319.4 317.6 316.2 312.7 307.6 300.7 298.4 299.7 304
329.7 333.5 333.3 333.5 332 330.6 330.2 331.4 333.8 336 336 330.2 323.2 316.6 305.4 284.5 270 262.2 257.1 252.3 244.3 238.9 236.9 235.3 234.2 229.7 238.7 247.9 250.7 250.4 265 282.1 294.4 301.7 307.8 316.8 328.2 339.1 346.6 353.9 360.3 365.9 371.8 374.6 373.6 371.4 367.9 363.9 360.3 356.1 352.6 349 347.5 349.2 352.1 356.2 359.3 358.2 356.6 353.6 350.4 346.9 342.6 338.9 336.6 332.3 328.9 325.6 321.6 319.4 316.9 316 313.1 309 301.8 297.9 298.5 300.2
325.4 329.2 330.9 330.8 329.3 327.6 327.9 328.2 329.5 331.4 333.6 332.1 327.5 322.6 315.5 296.1 281 267 260.7 255.2 247.3 240.5 237.6 235.5 233.1 228.9 239.2 241.7 243 250.1 264.5 281.5 292.8 300.6 305.1 310.8 316.6 327.3 333.8 341.8 349.2 356.6 361.9 365.9 367.2 367 364.8 361.7 358.8 355.6 351.8 347.9 344.6 346.8 349.8 353.5 355.9 355.1 354 351.7 348.6 345.6 341.2 336.4 334.2 331.1 328.2 324.4 320.7 316.7 314.5 312.4 309.3 305.1 300 298 297.9 300
324.5 328.8 327.8 327.2 326.6 324.4 324.4 324.9 325.8 326.8 329.4 332 332.2 328.2 316.6 300.3 293 274.9 265.1 258.6 253.1 245.7 239.9 237.2 234.3 231.2 232.9 238.5 239.5 246.5 261.4 279.1 293.6 300.9 302.1 305.6 310 316.3 322.5 329.5 337.1 343.9 349.3 353.6 356.5 357.8 357.7 357.5 355.8 353.7 351.2 348.3 342.4 342.7 347.2 350.6 352.5 352.5 351.3 349.8 347.2 344.4 339.8 334.5 331.3 325.9 322.6 320.6 317.8 316.7 312.8 307.8 304.6 300.4 298 297.7 298.2 299.6
321.3 322 324.6 321.9 321.4 318.8 318.9 320.1 321 323.3 326.6 329.3 331.3 330.9 326.4 320.5 307.2 287.7 277.4 262.3 256.9 250 242 236.4 233.5 231 228.9 231.9 237.7 243.7 256.9 276.4 290.9 299.4 296.4 299.3 303.8 309 314 319.5 324.7 330.7 336 339.4 342.3 345.6 347.4 349.3 350.7 349.7 348.5 346.7 341.6 338.3 343.6 346.6 349.2 349.7 348.6 347.7 346.1 343.1 339.6 335.6 328.3 320.4 316.6 314.6 315.6 315.9 312.6 307 300.6 296.7 312.5 309.5 306.6 304.2
313.8 315.3 317.8 317.6 315.3 313 312.7 314.6 317 320.6 324.3 326.6 328.2 329.9 327.3 322.2 316.1 297.8 289 268 258.2 250.7 243.5 238 234.5 232.1 229.9 229.7 236 242.5 251.2 264.2 277 281.8 287.8 294.3 298.6 303.9 307.7 310.4 314.5 319.2 323.1 326.1 329.2 332.3 335.5 338.9 341.8 342.7 343.4 341.5 336.3 331.8 338.9 342 345.6 346.9 346.4 346.1 345.7 343.9 340.7 337.9 329.9 319.6 314.2 311.3 309.3 311.7 307.9 302.5 296.3 305.6 320.4 317.1 315.9 314.2
305.3 307.8 309.4 309.4 307.1 305.6 306.5 309.3 312.9 316.5 321 323.3 325.5 327.4 329.2 324.5 320.1 312 296.2 282.6 266.5 256.7 249.7 241.8 237.3 233.4 231 229 232 239.2 247.2 252.9 257.9 263.1 269.5 279.5 291.1 300.5 303.7 306 308.9 310.4 312.9 315.1 317 318.8 322.2 327.4 329.6 331.3 332.1 331.2 327.8 326.8 331.7 335.8 340.3 343 342.9 343.3 343.7 343.7 342.6 340 334 324.1 314.6 309.9 306.9 304 302.2 297.1 303.1 314.9 319 319.4 319 318.8
297.5 299.6 301.3 301.9 299 298.5 301.2 304 309.1 313.5 317.7 320.8 322.8 324.8 327.1 327.2 322.8 314.6 305.6 298.2 275.3 263.3 255.9 243.5 239.5 235 233.1 231 229.4 234.3 240 245.5 249.9 253.2 255.2 265.9 283.1 294.2 300.6 302.5 305.2 306.2 307.1 308.2 309.4 310.7 313.2 315.2 317.2 320.5 321.8 321.7 319.4 320.9 323.1 324.7 328.6 332.7 336.7 339.6 341.8 343.9 344.1 342.6 338.9 331.7 325.6 312.8 307.7 307.4 301.3 293.8 300.4 310.3 314.3 317.2 319.5 320.1
286.1 290.3 291.8 294.6 294.2 292.6 295.2 299.9 305.7 310.7 314.6 318.2 320.2 322.4 324.9 326.7 325.7 319.1 310.1 295.6 278.5 269.5 256.2 246.6 242.1 240.1 237.1 233 229.7 229 232.8 238.4 242.5 244.4 249.2 259 264.3 285.4 295 299.9 302.1 303.7 303.6 303 303.7 304.2 306.8 309 310.4 313.3 314.3 314.9 315.5 317 318.9 321.7 324 325.8 328.1 330.6 335.8 341.2 342.2 342.9 341 338.8 333.9 327.3 321.5 316.7 306.2 294.3 293.6 305.8 311.2 317.5 321 321.1
281 282.5 283.7 285.8 287.9 284.5 292.5 299 304.8 309.6 312.8 315.6 318.1 320.6 322.7 324.9 326.1 321 314.6 307.2 299.9 287 268 253.2 247 242.8 239.3 235.6 230.8 229.7 229.2 231.6 236.3 239.2 244.6 250.3 257.7 272.6 289.9 296.5 299.8 300.8 303.5 302.3 301.7 302.2 305.9 309.1 309.3 310.8 312.1 313.4 315.6 318.3 318.8 319.7 321 322.2 323.1 323.8 324.9 329.1 334.3 336.8 337.9 337.6 335.9 333 328.1 321.8 310.6 298.5 292.4 301.1 310.1 316.9 321.1 320.9
276.1 277.4 279 279.8 278.1 288.2 293.9 300.7 307.6 311.8 313.7 314.9 316.1 318.8 320 321.5 324.6 323.5 319.5 313.5 308.1 298.5 282.3 261.7 251 245.9 241.4 237.7 237.3 235.6 229.2 228.9 231.6 234.3 239.5 244.1 252.2 264.8 285 294.3 295.5 295.4 297.9 298.8 297.9 305 310.1 315.6 318 318.7 321.1 326.2 330.3 328.9 327.4 322.2 322.8 322.3 321.7 321 320.4 322.2 323.5 327.3 330.6 331.2 331.8 330.6 328.3 324.3 314.5 302.3 292.8 297.1 309.9 314.7 318.5 319.1
271.6 273 270.7 278.1 285.3 288.9 297 304.2 311.2 314.4 312.3 312 314.1 317.2 318.5 319 320.9 324.9 322.2 317.6 311.7 302.6 282.2 274 257.8 249.7 245.4 240 242.9 239.2 234.5 228.7 227.5 230.1 235.1 241.7 249.2 256.9 271.7 284.6 285.2 282.7 285 290.3 297.7 303.2 308.5 316.2 322.2 328.4 332.8 336.2 338.6 338.4 336.1 330.2 325.2 323.5 322.1 319.8 317.5 317.4 316.5 316.8 320.1 322.2 323.9 326.3 325.7 323.5 317.1 306.3 295.5 291.6 304.6 310.6 311.9 312.2
265.8 262.3 275.2 279.4 284.6 292.9 302 307.7 312.6 311.3 309.8 310.6 313.1 315.6 316.7 317 318.2 321.3 323.5 319.3 313.9 306.5 295.5 286.6 265.5 255.2 250.8 248.6 247.3 243 237.8 234.6 229.3 229 232.2 236.9 242.5 249.5 256 265.9 264.3 257.6 277.1 294.3 296.4 301.9 306.6 315.7 321.8 328.4 334.3 339 341.4 345 342.3 338.5 333.7 328.6 324 321.9 318.7 315.1 311.5 311.1 312.3 313.5 316 319.9 322 321.2 318.6 309.7 299.3 290.9 294.7 301.4 301.8 306.1
262 270.8 275.4 281.3 288.4 297.7 305.1 310.2 309.9 309 309.8 309.1 311.6 313 314.3 315.2 317.3 319.5 322.9 321.8 316.8 308.7 299.7 284 271.6 262.3 255.8 254.9 249.5 244.3 240.5 236.6 230.9 229.4 228.9 232.8 235.9 241.6 247.2 249.7 247.1 250.9 269.5 286.9 292.9 299.2 303.7 314.1 321.6 328.1 334.4 338.5 341.4 343.9 343.9 341.5 341.3 337.1 332 327.2 320.5 315.3 311.9 309.1 307 307.2 308.5 311.2 314.7 317.9 316.8 311.2 302.9 292.5 291.9 305.1 300.1 303.3
266.7 273.1 277.2 285.3 292 300.7 308.2 307.5 306.4 305.5 304.2 304.6 308.1 309.4 312 314.8 318.5 320.7 322.3 322.4 319 309.1 301.9 292.5 282.8 273.2 265 258.9 250.7 246.6 243.2 238.6 234.8 232.5 228.9 228.8 232 236.3 239.6 240.5 242.4 246.4 256.8 271.5 286.7 296.9 300.9 307.2 319.8 326.6 332.3 335.6 338.6 339.4 340.6 342.1 343.6 341.7 339.2 336.5 331 324 317.2 311.3 307.6 304.5 303.2 302.8 305.8 310.5 310.1 305.6 298.6 289.4 299.6 318.2 319.4 312.7
271.2 275 282 287.9 294.8 302.7 304.3 304.4 302.6 301.2 302.2 308.9 313.4 315.7 318.4 320.2 322.5 325.5 324.4 322.4 320.2 316.6 307.1 298.4 288.9 279.8 271.3 262.1 255.2 250.1 245.5 241 239.8 235.5 229.6 228.9 229.2 230.8 233 235.3 239.3 245.7 253.6 264.7 285.3 293.7 298.5 303 314.5 321.2 327.9 332 334.9 336.6 339 341.2 343.5 344.7 342.3 340.2 337.4 331.9 328.1 324.6 316.3 310.4 306.6 302.3 298.6 300.5 303.4 300.4 294 293.4 315.2 327.8 327.7 320.6
273.1 281.2 286.1 290.7 297.6 299.9 300.9 301 299.6 298.8 302.4 310.5 316.6 318.9 320.7 322.9 325.7 327.9 327.8 326.1 324.9 320.9 313.1 303.8 293.5 281.5 276.2 270 259.8 253.7 249.6 245.5 241.5 237.5 233.5 228.9 228.8 228.5 233 236.2 239.6 245.4 251.5 260.4 276.2 286.2 296.5 301.6 306.3 314 322.3 327 331.6 334.7 337 340.1 343.4 345.7 345.6 343.5 340.2 337.4 335 331.9 326.4 319 313.8 308.7 303.2 297.5 294.3 294 289 297.1 318.6 328.4 327.9 322.7
