webserver/python/data/SK29.asc
ncols 200
nrows 200
xllcorner 420000
yllcorner 390000
cellsize 50
[rows 70 to 104 of 200, columns 78 to 155 of 200]
286.1 284.7 282.9 280.7 278.1 275.6 274 271.7 268.6 264.7 259.9 253.4 247.6 242.5 236.7 231.1 225.1 218.4 206 191.6 189 188.7 188.4 188.6 190.7 191 193.9 195.1 202.6 206.2 209.6 210 209.9 215.3 218.8 221.7 224.2 224.5 227.8 232.4 234.7 237.6 238.6 244.4 248.1 251.5 253.9 256.1 254.9 254.4 252 252.8 253.9 255 257.5 258.2 258.9 257.4 255 253.5 252.7 249.8 247.6 247 244.5 242.8 241.1 239.4 234.1 235.6 236.3 235.8 235.4 236 238 238.6 240.8 241.5
290.2 288.2 286 283.1 280 277.3 273.9 272.7 271.5 267.9 263.2 256.8 251.3 245.9 240.6 235.6 230.5 225.2 219.6 212.8 201.1 194.5 187.6 184.3 185.4 183.9 182.8 182.2 185.4 190.4 193 195.7 199.1 202.7 206.3 207.2 212.1 212.9 217.7 220.1 223.3 224.5 223.8 229.9 238.8 243.3 247.9 250.9 250.3 245.9 244.9 245.9 247.5 248.4 252.9 256 256.7 254.4 251.7 249.3 246.5 245 241.4 238.8 234.4 234.2 232.6 229.7 226.8 226.9 227.2 226.6 225.4 226.7 226.5 228.2 228.8 228.4
294.2 292.5 289.5 286 282.7 279.7 275.5 275 273.7 270.6 266.7 260.6 254.7 250 244.4 239.6 235.1 230.5 225.1 219.8 213.4 207.1 199.6 192.8 187 183.9 182.6 179.4 178.6 178.5 181.4 186.8 190.6 193 194.9 198.9 200.5 202.6 205.5 207.6 209.9 212.4 210.7 217.6 224.8 229.7 239.8 242.8 241.9 239.5 238.5 237.4 238.3 240.6 249.2 255.2 256.2 252.6 250.3 246.3 240.9 238.7 235.4 232.2 228.4 224 223.3 220.9 219.2 219.7 219.3 218.1 216 216.6 217 219.1 220.7 219.6
298 296.2 293.2 289.5 285.9 281.6 279.9 280.4 277.1 273 269.2 262.6 257.8 252.9 247.7 243.2 238.7 233.9 229.4 225.1 219.7 214.1 207.5 201.4 197.2 189.7 185.9 183.1 178.6 178.2 178.4 180.7 183.1 185.8 188.8 190.8 192.7 195.9 198.3 201 202.5 203.5 201.5 205.3 209.4 213.4 222.6 226.4 226.1 225.6 225.1 223.9 225.6 229.4 237.6 243 246.2 244.2 241.4 239.8 231 226 222.5 219.4 217.6 214.6 213 210.2 209 207.3 205 204.5 203.6 205.6 208.7 210.6 211.3 210
300.6 298.8 295.7 292.2 288.4 284.8 282.6 281.4 278.7 274.8 271 264.8 259.7 254.6 250.1 246 241.6 236.9 232.5 228.1 223.7 218.5 212.9 204.9 196.8 192.1 187.8 184.8 181.1 179.4 178.8 178 178.9 181 182.6 184.1 186.3 188.1 191 193.5 194.1 194.6 194.3 195.9 198.8 201.2 203.3 205.7 207.3 208.3 208.1 208.1 208.8 209.5 215.7 220.9 226 225.5 221.5 221.9 207.7 208 206.3 201.6 200.7 197.8 197 195.4 193.6 191.9 190.6 188.9 189.8 192.7 197 200.5 200 199
302.8 300.7 297.7 294.5 290.8 287.4 284.9 281.7 278.6 274.8 271.6 266.8 260.9 255.8 251.3 247.2 242.7 237.4 233.1 228.4 223.8 217.7 210.2 200.1 199.9 200.5 197.2 191.3 184.8 181.8 179 178 178 178 178.2 179.8 182 183 184.1 185 185.3 186.4 185.9 187.8 189.7 192.6 194.6 197.6 198.6 198.8 197.8 195.7 196.5 200.1 204.6 204.7 203.7 200.7 198.6 201.8 198.3 190.7 190.2 189.1 186.8 184.3 185.3 184.6 183.6 183.3 181.9 180.3 178.9 181.3 183.5 189.1 190 188.9
305.1 302.6 299.6 296.2 292.4 288.8 284.6 281.6 276.8 273 268.8 266.2 261.5 256.6 251.7 247 242 236.2 230.7 226.5 220.2 211.7 209.2 210.1 209.5 206.7 203.2 197.5 190.1 183.1 179.4 178 178 178 178 178 178 178.8 179 179.6 180 180.5 181.6 181.8 183.3 184.3 184.3 183.5 183.3 182.5 182.2 185.4 186.5 190.9 194.2 196.7 193.4 188.9 185.6 184 181.7 180.2 179.4 179.4 179.4 177.7 176.7 175.4 175 174.7 174.3 172.4 171.2 171.6 173.6 176.1 178.4 178.3
307 303.8 298.6 295.5 291.6 287.8 282.3 278.9 274.6 271.4 265.6 260.4 259.1 254.5 249.3 244.7 239.7 234.6 228.8 224.1 220.4 219.9 217.9 215.5 213 208.6 203.5 199.5 191.8 187.2 182.1 178.8 178 178 178 178 178 178 178 178 178 178 178 178 178 178.1 178.4 178 178 178.1 178.2 179.2 180 181.1 182.5 182.4 182.5 181.6 180.3 179.1 177 174.4 171.3 169.6 166.9 170.5 168.6 166.9 167.9 167.6 167.3 165.9 164.5 164.3 165.5 165.1 165.4 164.3
309.2 303.6 299.8 296.2 292.7 288.4 285 280.1 274.3 268.5 263.3 257.5 252.2 248.2 245.2 241.1 236.9 232.6 228.4 226.3 226.3 224.1 221.8 218.7 213.5 207.4 203 198 192.5 190.7 186.2 180.7 178.6 178 178 178 178 178 178 178 178 178 178 178 178 178 178 178 178 178 178 178 178 178 178 178 178 178 178 178 175.2 163.1 160.5 161.5 164.4 164.1 159.5 159.7 160.7 160.3 159.4 159.2 158.6 157.8 157.3 155.3 155.1 153.5
310 307 303.3 300 295.6 291.6 287.7 280.2 277.5 274 269.2 261.5 254.5 248.6 243.3 240.5 236.3 233.7 232.7 231.3 229 225.9 221.6 217.1 212.3 207.2 202.2 195.1 193 192 188 182.6 180 178 178 178 178 178 178 178 178 178 178 178 178 178 178 178 178 178 178 178 178 178 178 178 178 178 178 178 175.2 158.8 155.8 148.3 151.9 153.9 153.7 152.7 151.6 152.8 152.3 151.9 151.3 149.9 148.2 145.2 145.2 145.2
313.5 311 307.2 302.6 299.1 295.9 287.2 286.4 282.7 278.4 272.7 266.1 258.1 251.1 246.2 242.6 240.8 239.3 237.5 234 229.9 225.8 220.3 215.9 210.3 205 199.7 194.6 191.8 190 186.8 183 179.4 178 178 178 178 178 178 178 178 178 178 178 178 178 178 178 178 178 178 178 178 178 178 178 178 178 178 178 175.8 160.9 155.4 150.6 148.8 148.2 148.1 147.5 147.2 145.9 145.2 145.2 145.2 145.2 145.2 145.2 145.2 145.2
318.1 314.5 310.3 305.8 302.7 297.8 290.7 292.6 287.6 281.7 275.9 270 261.8 254.6 250.6 248.6 245.7 242.6 237.9 232.8 227.9 223.2 217.5 211.4 205.6 201.5 198.7 195.5 191.7 188.6 185.2 182.9 179.4 178.8 178 178 178 178 178 178 178 178 178 178 178 178 178 178 178 178 178 178 178 178 178 178 178 178 178 178 175.8 161.6 156 152.2 150.7 148.3 145.4 145.2 145.2 145.2 145.2 145.2 145.2 145.2 145.2 145.2 145.2 145.2
321.5 317.9 313.2 308.8 305.2 298.9 296.9 295.6 290.9 285 278.6 272.4 264.6 258.4 254.7 250.5 246.6 241.2 236 230.7 225.6 222.5 219.3 217 213.7 208 201.6 196.5 192.6 190.7 186.8 183.6 182.1 182.2 181.1 179.3 178 178 178 178 178 178 178 178 178 178 178 178 178 178 178 178 178 178 178 178 178 178 178 178 176.4 167.4 161.4 160.8 154.3 151.1 149.9 149 148 146.9 148.3 148.3 148.3 148.8 147.4 148.5 150.4 151.3
325 321.4 316.9 312.3 307.8 304 303.4 299.4 293.6 287.2 280.9 274.8 267.9 260.6 256.1 250.9 245.2 238.6 233 229.5 229.9 228.7 227.6 223.5 216.7 211.3 203.1 198 193.8 190.5 187.9 186.3 185.6 184.9 184.2 182.5 180.6 179.6 178 178 178 178 178 178 178 178 178 178 178 178 178 178 178 178 178 178 178 178 178 178 178.2 175.6 172 171.2 167.9 159.2 155.6 156 157.9 154.7 154.1 157.4 158.1 156.8 151.4 155.7 157 158.7
328.5 324.8 320.5 316 312.1 311.8 307.9 302.2 295.6 289.2 283 276.9 269.9 262.4 256.5 250.8 245.8 242.2 238.1 236.8 235.7 233.1 229.4 226 220 214.1 204.8 198.3 195.1 193.7 191.9 191.4 189.7 187.9 186.2 184.6 183 182.2 181.8 180.2 179.4 178 178 178 178 178 178 178 178 178 178 178 178 178 178 178 178 178.5 183.6 186.4 187 187.1 186.5 182.4 176.2 172.2 169.7 170 171.5 166.4 161.8 165.8 164.5 160.6 154.5 159.8 163.5 166.9
332.1 328.2 323.9 319.3 319.8 316.6 311.1 305.2 299.1 292.8 286.3 278.3 271.7 263.5 257.8 254.9 250.8 244.9 242.8 241.3 238.6 234.5 230.5 225.2 217.6 210.6 205.5 201.4 198.8 197.8 195.9 194.1 192.6 190.6 188.9 187.5 186.5 184.6 184.2 183.9 182.8 181.3 180.3 179 178 178 178 178 178 178 178 178 179.4 179.7 183.7 185.8 187.4 190.8 193.9 195.6 198.5 199.9 199 195.9 188 184.6 184.1 181.7 177.8 168.5 170.4 169.4 167.2 163.6 159.1 167.3 172.9 175.7
335.7 331.5 328.8 328.8 324.9 320.2 314.5 308.2 302.1 296 288.9 280 273.2 269.3 263.6 258.3 252.3 248.4 245.8 243.8 239.6 233.7 228.4 222.3 217.9 213 210.2 205.5 203.7 201.8 200 198.2 196.4 194.6 193.7 192.2 191 187.9 188.1 187.4 186.3 185 184.6 183.8 181.8 180.8 180.6 181 180.4 179 180.7 184.2 188.9 191.3 193.5 194.5 196.8 198.8 201.3 204.4 205.9 209.9 208.5 203.3 198 195 192 189.1 183.7 176.6 177.5 174 170.4 166.3 167.1 175.9 181.6 189.8
339.5 336.4 335.7 333.9 329.6 324.3 318.2 311.9 304.6 296.4 287.3 283 279.2 273.9 267.6 259.9 255.3 252.7 248.9 244.9 237.6 230.5 228.6 227.7 223.5 219.7 214.6 212.7 210.2 206.2 203.2 202 200.5 199.1 197.5 195.7 193.2 191.5 192.3 192.4 190.7 189.2 189 188.9 191.1 189.4 190.2 187.3 187.1 187.7 190.6 194.7 196.8 198.7 201 202.2 205.6 209 212.4 214.9 216.4 215 212 217.8 212.7 204 200.2 203.1 194.9 188.4 188 186.1 176.5 171.4 177.1 185.5 194.5 207.4
343.8 341.6 341 338.2 333.8 328.4 321.9 314.2 306.4 300.4 294.8 289.6 283.6 276.9 269.3 264 260 255.9 251.1 245.6 237.3 236 234.4 232.1 227.5 224.4 220.9 216.9 214 210.2 207.7 205.3 204.2 202.3 201.2 199.5 197.9 196.6 197.4 197.5 196.5 194.3 193.2 195.5 199 197.7 199.9 201.2 200.3 196.7 196 200.2 203 207.5 212.1 216 219.4 221.6 226.5 227.2 224.8 220.5 227.6 228.6 222 220.6 218.1 212.1 201.7 198.8 198.4 189.3 181.6 181.1 188.2 197.7 213.1 212.6
348.3 347.3 346.5 342 337.4 332.2 325.6 318.9 312.2 306.8 300.5 294 286.1 280.3 273.6 267.6 263.1 257.3 252.1 245 244.1 240.4 238.5 234.5 232.7 229.4 225.9 221.8 218.9 216.3 212.7 211.2 208.8 206.9 205.7 203 203.4 202.1 203 204.7 203.3 202.5 200.7 203.1 206.6 206.7 210.7 212.4 212.6 207.5 204.5 207.7 216.5 224.8 228.8 231.4 232 233.7 237.6 238.3 238.6 240.1 236.6 233.1 229.8 227.1 222.4 215.1 208.8 212 213.7 196.6 187 188.2 202.9 219.4 220.4 216.4
352.6 352.1 350.6 345.8 341.4 336.1 330 324.1 316.7 311.8 305.2 297.8 292 284 277 271.7 265.1 259.1 251.3 252.1 251.9 249.2 245.7 244.7 241.5 238.1 233.3 229.2 227.2 224.2 221.6 222.7 220.7 216.5 213.1 219 213 211.1 211.1 215.2 215 212.5 209.4 210.4 217 217.9 221.2 219 220.7 216.2 217.5 219.7 229.5 242 240.7 241.9 240.5 240.2 244.9 249.1 254.4 254.5 251.4 244.1 235.3 230.1 223.8 218.5 219.7 223.7 226.8 203.3 190.7 206.9 223.5 227.8 223 219.2
357.5 356.5 353.3 349.6 344.6 339.9 334.4 328.9 322.3 316.2 310.8 304 297.1 288.4 280.3 274.8 267.7 260 257.8 258.5 257.2 255.2 254.3 253.2 248.7 245 240.4 236.8 234.1 234.6 234.8 228.2 225.1 226.4 225.3 225.4 223.2 220.7 220.6 221.8 222.5 220.4 220.8 220.3 223.5 229 229.8 233.6 233.6 235.5 231.9 237.8 248.8 254.9 254.2 253.6 260.5 266.1 271.1 263.2 269.7 266.9 263.7 266 256.1 243.9 233.9 224.6 229.3 239.5 236 206.2 207.3 224.5 234 232.2 228.7 223.3
362.4 359.6 355.7 352 348.4 343 337.9 332.9 327.4 320.9 316.8 309.8 301.8 293 284.7 277.8 272.2 265.2 266.6 264.1 264.6 265.8 262.7 259.5 252.9 247.8 246.1 244.5 242.2 241.1 238.1 234.8 232.5 233.1 230.5 229.4 229.3 230.8 228.4 228.1 227.3 227.3 220.5 222.6 230.1 233.4 242.9 247.6 252.1 250.1 245.4 248.3 259.4 263.6 271.7 283.4 283.7 282.2 277.7 278.1 278.9 276.5 273.2 267.2 260.4 252.8 242.4 235.1 240 247.5 235.4 208.4 226.6 238.4 237.3 239.4 236 229.9
366.4 362.9 357.8 354.5 351.4 346.7 341.7 337.2 332.5 327 321.3 314 305.5 297.4 289.1 281.2 275.2 275.6 277.3 278.4 279.3 276.2 272.7 267.6 261.2 257.1 253 251.7 248.8 246.4 244.4 242.5 239.5 238.3 237 237 236.4 236.8 234.7 241.5 239.8 235.8 226.7 234.9 244.2 250 259.7 264.1 265.2 257.2 253.9 255.1 273.8 287.6 289.9 289.7 288.4 287.5 286.3 284.8 282.1 279.7 276.4 271.8 265.9 259.5 255.6 247.5 246.8 250.2 228.7 226.1 239.4 243.4 244.1 245.4 240 237.3
369.8 367 362.6 358.1 354.2 350.5 345.5 341 336.5 331.5 325.1 317.5 309.9 301.8 293.3 284.4 282.9 283.1 285.1 287 286 283.6 278.9 279.2 273.4 266.1 261.7 259.3 255.4 251.9 248.6 245.7 244.7 243.8 242.7 242.3 246.2 243.6 246.7 252 247.1 238.2 238.3 249 263.4 270.5 271.2 271.3 266.6 269.5 266.9 269.1 282.4 294.4 293 293.2 292.7 291.8 290.2 288.7 287.1 284.8 279.8 275.7 271.3 267.7 264.2 257.3 254.4 252.1 231.6 243.2 247.4 247.7 248 248.2 246.7 243.3
373.1 369.9 366.8 361.9 357.7 353.7 349.4 344.8 340.2 335.1 327.7 321.2 313.5 305.8 296.9 292.4 291.9 293 295.9 296.6 293.9 291.4 286.3 287.5 282.4 274.3 269 266.2 261.8 259.6 258.6 256.2 253.6 251.8 252.6 249.9 248.9 249.1 251.5 253.8 248.9 239.8 255.3 265 274.5 280.5 279.3 278.2 281.1 282.9 289 293.7 292.4 298.5 297.5 297.8 297 296 294.3 292.9 291.2 287.7 283.5 280.4 276.4 271.4 268.3 263.2 260.1 253.4 246.8 254.4 254.7 254.2 254.6 255 255.2 253.4
376.4 373.6 370.1 365.9 361.8 357.6 353 348.4 343.8 338.1 331.8 325 317.4 309.3 299.7 301.9 304.5 307.9 301.4 300.2 300.5 295.9 291.8 290.7 287.2 281.8 274.1 270.6 269.4 269.2 265.5 263.1 265.2 261.9 262.1 260.5 258 257.1 255.8 253.7 249.5 248.1 266.8 275.3 283.5 285.1 285.4 304.8 307.8 308.3 306.2 303.7 296.7 303.2 302.5 302.5 301.3 300 298.7 297.2 295.4 291.6 287.8 283.8 279.7 275.1 271.5 267.6 262.9 255.1 257.3 258.9 260.5 262.2 263 263.8 264.3 264.2
379.7 377 373.9 369.9 365.7 361.1 356.5 351.9 346.6 341 335 328.4 319.7 311.1 307.8 309.2 308.7 311.3 312.1 304.8 303.6 297.8 295.5 290.5 289 284.9 279.6 276.8 276.1 273.8 269.4 268.5 268.8 270.1 267.4 266.9 268.4 266.8 265.8 257.9 263.1 260.6 272.5 280.4 289.8 302.8 314.9 318.7 317.5 314.3 310.8 308.5 304 306.7 306.9 306.3 305.3 304.3 303.6 300.5 298.4 294.9 291 287 283 278.8 274.7 269.8 263.9 261.1 262 264.8 269.4 273.6 274.4 272.2 271.7 271
383 380.3 377.5 373.7 369.6 364.7 360.1 354.9 349.3 343.7 338.1 330.8 323.8 315.1 313.9 317.3 321.1 319.2 316.3 314.7 310.7 303.3 303.4 301 293.7 295.6 290 286.8 281 277.9 277.4 277.9 277.2 278.5 276.7 279 277.5 280.7 272.4 273.1 273.4 273.6 279.5 292.4 305.3 317.4 325 324.1 321 317.7 315.6 312.3 310 311.8 312.1 310.3 309.7 309.5 307.8 304.3 300.8 297.9 294 290.2 286.4 282.3 277.7 271.9 266.5 268.5 272.1 275.6 278.8 281.5 281.2 279.9 278.1 277.5
386.2 383.7 381 377.4 373.3 369.2 363.9 358.4 352.9 347.5 342 334.9 327.5 320 321.8 329.7 330.7 328.6 321.4 314.7 319.4 313.4 309.7 310.5 305.1 300.8 300.6 291.6 289.7 290.4 285.2 285.9 282.7 281.4 284.8 283.7 283.4 277.5 282.2 285.7 292.4 286.3 294.9 297.6 309 320.5 329.4 329.1 325.6 322.8 320 316.9 315.5 317 317.3 315.8 314.9 313.9 312.1 308.1 305.1 302.1 298.6 295.2 291.2 286.1 281.3 275.6 273.6 280.5 283 289.2 291.9 292.3 293.9 291.6 290.8 286.4
389.4 386.8 384.1 380.8 376.7 372.5 368.2 362.8 357.2 351.7 345.8 339.2 331.3 324.1 332.8 331.4 335.6 333.6 329.2 324.7 320 321.7 314.2 314.2 313.4 303.5 302.4 299.6 294.6 294.9 289.7 293 292.3 290.1 290.7 294.6 292.5 287.7 294.4 301.5 302.3 301 302 302.6 311.2 325.2 331.6 332.8 331 328.1 325.2 320.8 321.1 322.7 322.8 321.2 321 318.1 315.4 312.1 309.9 307.3 303.8 300.2 295.7 290.5 284.9 279.2 284 291.8 296.4 301.5 308.4 311.7 313.8 312.3 308.4 299.2
391.6 389.6 386.9 383.5 379.7 375.6 371.7 367.1 361.6 356 349.4 342.7 336.6 329.7 340.1 349.7 343.6 337.2 340.7 328 324.4 325.9 318.9 323.1 314.9 316 309.8 307.2 298.9 303.1 301.7 299.4 301.1 302.4 301.4 297.1 292.7 307.2 309 308.8 307.9 307.2 307.9 311.5 324 330.3 335.5 338.3 336.5 333.5 330.3 325.7 326.3 326.8 326.6 325.6 324.3 321.6 318.7 316.1 313.1 310.7 306.5 302.3 298 292.9 285.5 287.5 296.2 302 307.2 319.4 328 330.7 331.3 329.3 325 311.3
393.3 392.4 389.7 386.2 382.5 378.7 374.6 370.2 365.4 359.5 352.7 346.6 341.2 339.1 348.8 345 349.1 345.7 340.4 328.2 332.3 328.1 323.4 320.2 321.4 314.5 317.8 311 310 310 310 309.4 309.2 314.5 307.3 305 314.2 311.8 315.1 314.3 312.9 313.7 314.8 322 332.3 338 341.8 342.6 341.3 338.5 335.2 330.8 331.2 331.2 330.2 329.3 327.6 325.6 322.8 319.6 316.6 313.6 308.7 304.3 299.8 294 287.9 299.6 304.4 310.4 320.6 334 339.5 338.4 338.3 335.3 332 327.7
395.1 395.2 391.8 387.8 384.7 381.3 377.4 373.3 368.8 362.5 356.1 351.3 346.4 347.8 355.8 366 357 349.7 351.8 349.5 342.4 341.1 334.6 328.1 334.4 321.8 316 324.7 315 314.2 314 313.2 316 318.4 318.7 320.3 323.8 319.4 319.9 318.6 318 319.5 326.2 335 340.3 344.6 348.1 347 345.7 342.7 338.4 336.6 336.3 335.5 334.2 332.7 331 328.5 325.3 322.3 319.2 315.3 311.2 306.3 301.3 294.3 291.2 304.9 313.1 320.5 333.1 341.3 341.8 341.7 341.4 338.6 334.5 334.1
395.7 394.1 392.6 388.8 385.7 383 379.3 375.3 371.3 366.7 360 355.5 352.2 351.5 357.1 366.1 369.7 369.5 370 366 344.1 345 331.6 330.1 330.5 327.4 335.5 332.9 323.9 325.7 336.3 337.7 336.7 333.3 333.4 329.9 328.1 326.5 323.6 320.1 324 328.6 339.9 344.6 348.5 352.2 353.4 351.6 349.4 347 342.7 341.2 341.4 340.2 338.3 336.2 334.4 330.7 327.6 324.4 320.7 316.7 312.7 307.9 301.8 296.1 305.4 313.8 319.9 330.2 342.9 344.7 344.4 345 343.1 339.3 339.2 337.4
