webserver/python/data/SK96.asc
ncols 200
nrows 200
xllcorner 490000
yllcorner 360000
cellsize 50
[rows 80 to 119 of 200, columns 0 to 89 of 200]
13.8 13.4 13.4 13 12.8 13.4 13.1 12.8 12.9 13.3 13.1 12.9 13 12.7 12.5 12.3 12.3 12.3 12.1 11.9 12.4 12.7 12.8 12.8 12.3 12.4 12.3 12.3 12.2 14.5 12.8 12.3 12.3 12.8 12.5 12.8 13.3 12.9 12.4 12.2 11.4 11.6 12.7 12.7 12.6 12.4 12.3 12.2 12.2 12.3 12.3 12.3 12.3 12.4 12.4 12.3 12.3 12.3 12.3 12.4 12.7 12.7 12.4 12.3 12.1 12.1 12 11.9 11.8 11.8 11.6 11.7 11.5 11.6 11.4 11 10.8 10.7 10.7 10.4 10.1 9.5 9.7 10 10 10.2 10.5 10.7 9.8 8.8
13.6 13.7 13.8 13.3 12.6 13.1 12.9 13.3 13.7 14 13.8 13.6 13.6 13.3 13.1 12.8 12.6 12.4 12.3 12.3 12.7 13.1 13.2 12.8 12.3 12.3 12.1 12.3 12.4 12.3 12.3 12.3 12.2 12.7 12.5 12.5 13.1 13 12.4 12.6 12.7 12.7 12.7 12.6 12.5 12.4 12.3 12.2 12.2 12.2 12.3 12.3 12.4 12.5 12.4 12.3 12.4 12.7 12.8 12.9 12.7 12.5 12.2 12 11.9 11.8 11.7 11.7 11.8 11.7 11.6 11.7 11.8 11.8 11.6 11.3 10.4 10.5 11 10.9 10.8 10.4 9.2 9.4 9.6 9.9 10.1 9.5 7.3 8
13.6 13.4 13 12.5 12.9 13.3 13.6 14 14.4 14.6 14.5 14.7 14.7 14.5 14.2 14.1 13.8 13.4 13.2 12.9 13 13.5 13.3 12.8 12.4 12.4 12.1 12.4 13.9 12.4 12.3 12.5 12.3 12.9 12.6 12.3 12.5 13.1 9.2 12.7 12.5 12.4 12.6 12.6 12.5 12.4 12.3 12.3 12.2 12.2 12.3 12.3 12.6 12.7 12.6 12.6 12.6 12.9 13.1 12.9 12.5 12.3 12 11.8 11.7 11.6 11.7 11.8 11.8 11.7 11.6 11.8 11.9 11.6 11.8 11.1 10.8 10.9 11.1 11.1 10.7 10.3 10.2 9.5 9.5 9.5 9.5 8.9 8.9 9.2
13.5 12.7 12.6 13.3 14 14.5 14.8 15 15.3 15.8 16 16.3 16.6 16 15.8 15.4 15.2 14.8 14.3 14 13.9 13.5 13 12.6 12.3 12.5 12.3 11.9 12.5 12.6 12.2 13.4 12.2 12.8 12.4 12.2 12 12.9 12.6 12.4 12.2 12.1 12.2 12.4 12.5 12.4 12.4 12.3 12.3 12.2 12.2 12.5 12.7 12.8 12.8 12.8 12.9 13 12.7 12.5 12.2 12 11.8 11.6 11.5 11.7 11.8 11.8 11.7 11.6 11.6 11.9 12 11.6 11.5 11.8 11.6 11.3 11.4 11 10.6 10.2 9.9 9.7 9.6 9.5 9.6 9.6 9.8 10.1
12.4 12.2 13.1 14.1 14.9 15.6 15.9 16.5 17.2 17.9 18.2 18.4 18.1 17.6 17.4 17.2 16.6 16.2 15.7 15.3 15.1 14.1 13.7 13.1 12.6 12.7 12.7 11.9 12.4 12 11.5 11.6 12.4 12.4 12.2 12 11.9 12.3 12.4 12.2 12 11.7 11.9 12 12.2 12.2 12.2 12.2 12.1 12.1 12.4 12.6 12.8 13 13 13 13 12.9 12.7 12.2 11.9 11.7 11.5 11.5 11.6 11.7 11.8 11.7 11.7 11.6 11.7 11.9 12.1 11.6 11.3 11.3 11.4 11.5 11.5 11.1 10.7 10.4 10.2 10.1 9.9 10 10.1 10.2 10.4 10.6
12.3 12.6 13.7 15.1 16.2 17.3 18.5 19.2 20.2 20.7 20.9 20.8 20.2 19.8 19.3 19 18.4 17.8 17.1 16.8 16.7 15.5 14.8 14.2 13.5 12.9 13 12.6 12.3 12.6 12.3 11.6 12.3 12.1 12 11.9 11.7 11.9 12.3 12 11.8 11.5 11.5 11.6 11.8 11.9 11.9 11.8 11.9 12.3 12.6 12.8 13 13.2 13.3 12.9 12.8 12.8 12.7 12.4 11.9 11.9 11.8 11.7 11.8 11.9 11.8 12 11.7 11.6 11.7 11.9 12.1 11.9 11.5 11.4 11.5 11.6 11.5 11.2 10.9 10.7 10.5 10.4 10.3 10.4 10.6 10.7 10.9 10.9
12.4 12.7 14 16.2 18.3 19.4 21.1 22.2 23.4 23.6 23.9 23.5 22.7 22.6 22.1 21.5 20.8 20.3 19.4 18.9 18.7 17.6 16.3 15.4 14.5 14 13.4 12.7 12.5 12.5 12.7 11.9 12 11.9 11.9 11.7 11.5 11.6 12.4 12.2 12.1 11.9 11.7 11.6 11.4 11.6 11.6 11.7 12.1 12.6 12.9 13 13.2 13.3 13 12.7 12.5 12.5 12.5 12.5 12.3 12.1 12 11.9 12 12 11.7 11.9 12.1 12.2 12.3 12.2 12.1 12.1 11.7 11.5 11.6 11.7 11.6 11.4 11.1 11 10.8 10.7 10.7 10.9 11.1 11.1 11.1 11
12.7 13.2 14.2 16.8 18.9 20.9 22.9 24.8 26.1 26.3 26.2 26.5 25.6 24.6 25 23.7 22.9 22.7 21.6 20.9 20.8 19.6 18.2 17.2 16.2 15.6 14.2 13.6 12.8 12.5 12.1 11.9 11.8 11.7 11.7 11.6 11.3 11.2 11.9 11.8 12 12 12 11.9 12.4 11.3 11.5 11.9 12.4 12.8 13.1 13.3 12.9 12.6 12.6 12.4 12.2 12.2 12.2 12.4 12.4 12.3 12.2 12.1 12.2 12 11.7 11.7 12 12.1 12.1 12 12 12.2 11.9 11.6 11.7 11.7 11.6 11.5 11.4 11.2 11.1 10.9 11.1 11.2 11.1 11.1 11 11
13.5 13.9 14.9 17.3 19.9 22.4 23.9 25.9 27.3 27.5 27.6 27.5 27.5 26.6 26 25.9 25.1 24.6 23.9 22.8 22.1 21.3 20 19 17.9 18.2 15.9 14.9 13.8 13.4 13 12.7 12.4 12.3 12.2 11.9 11.6 11.6 11.7 11.4 11.5 11.1 11.4 11.7 11.7 12 11.7 12.3 12.7 13.1 13.2 12.6 12.1 12 12 12 12 12.1 12.2 12.4 12.4 12.5 12.4 12.3 12.2 11.9 11.7 11.6 11.8 11.9 11.9 11.9 12 12.4 12.1 11.8 11.8 11.7 11.7 11.7 11.6 11.5 11.3 11.4 11.4 11.2 11.1 11 11 10.9
14.8 15.6 16.7 18.9 21.2 22.7 24.5 25.7 26.3 26.3 26.8 26.9 27.1 26.8 26.3 25.9 26.2 25.8 25.3 24.3 23.3 22.2 21.7 20.8 19.7 18.4 17.3 16 14.8 14.2 13.9 13.6 13.3 12.7 12.4 12.1 11.9 11.7 11.7 11.7 10.9 10.4 10.5 10.9 11.1 11.1 11.9 12.3 12.9 12.9 12.3 11.8 11.3 11.6 11.6 11.7 11.9 12.1 12.2 12.4 12.4 12.4 12.5 12.5 12.6 12.6 12.7 12.4 11.6 11.6 11.7 11.7 12.1 12.6 12.3 12 11.9 11.9 11.8 11.8 11.8 11.7 11.6 11.6 11.4 11.2 11.1 11.1 10.8 10.6
15.2 16.4 17.5 19.5 21.4 22.9 24.2 24.4 24.4 24.4 25 25.5 25.1 25.8 26.2 26.3 26.2 26.2 26 24.9 23.7 22.6 22 21.5 20.5 19.2 18.2 17 15.9 15.1 14.7 14 13.4 12.8 12.4 12.2 11.9 11.4 10.6 10.9 10.5 9.8 9.7 10.3 10 10 10.8 11.9 12.1 11.8 11.4 10.9 10.7 11.3 11.4 11.6 11.9 12.1 12.3 12.4 12.4 12.4 12.4 12.5 12.7 12.8 12.5 12.3 12.1 12.2 11.9 11.9 12.1 12.5 12.3 12 12 12 12 12 11.9 11.9 11.8 11.6 11.4 11.2 11.8 11.7 11.2 10.4
14.9 15.6 17.1 18.7 19.9 22 23 23.2 23.2 23.3 22.9 22.9 23.1 23.9 24.2 24.1 25 25.9 25.3 24.9 23.8 22.7 22 21.5 20.6 19.8 18.9 17.8 16.7 15.5 14.8 14.1 13.5 12.9 12.5 12 11.2 9.9 9.3 9.5 10.7 9.1 9.5 9.4 9.2 10.2 10.8 11.2 11.3 10.9 10.5 10 10.2 10.6 11.3 11.6 11.8 12 12.3 12.4 12.4 12.4 12.3 12.3 12.2 12.1 11.6 12.7 13 12.8 12.6 12.5 12.5 12.6 12.5 12.2 12.2 12.1 12.1 12.1 12 11.7 11.5 11.6 11.7 11.8 11.5 11.1 11.3 10.6
14.3 15 15.9 16.7 17.9 19.8 20.9 21.4 21.9 21.7 21.5 21.7 21.5 21.9 21.7 22.1 23.1 24.1 24.4 24.3 23.7 22.7 21.9 21.3 20.4 19.6 18.8 18.1 17.2 15.7 15 14.4 13.7 13 12.3 11.4 10.4 9.6 9.7 9.5 10.8 9.1 9.6 10 10.2 9.8 10.1 10.3 10.6 10.1 9.6 9.2 9 9.9 11 11.3 11.6 11.9 12.2 12.4 12.3 12.2 12.3 12.2 12.1 12.8 13 13.1 11.9 12.7 11.2 12.4 12.4 12.6 12.7 12.6 12.3 12.3 12.1 11.9 11.7 11.5 11.3 11.1 11.2 11.1 10.7 10.4 10.5 9.5
13.8 14.8 15.6 16.3 16.9 17.9 19 19.5 20 20.6 21.1 20.4 20.3 19.9 19.6 20.1 21.1 22 22 22.7 23.1 22.8 22 21.1 20.2 19.4 18.7 18 17.2 15.6 15 14.3 13.6 12.9 12.2 11.4 10.5 9.6 9.5 9.6 9.8 10.2 9.9 10.1 9 9.5 9.8 9.9 9.8 9.5 9.2 8.4 8.6 9.1 10.5 11 11.3 11.6 11.9 11.7 12.1 12 12.2 12.2 12.5 12.7 12.8 12.8 12.6 12.7 12.2 12.5 12.4 12.5 12.6 12.2 12.1 12.2 12 11.8 11.5 11.3 11 10.8 10.6 10.4 9.9 9.7 9.1 8.4
13.5 14.5 15.3 15.7 16.5 17.3 17.4 18 18.5 18.9 19.4 19.8 19.4 18.7 18.6 18.5 19.2 20.1 19.3 20 21 20.6 20.5 20.8 20 19.3 18.6 17.9 17.2 15.5 14.7 14 13.3 12.6 11.7 10.9 10.1 9.7 9.6 9.9 10.9 10.8 10.2 9.2 8.4 9.2 9.7 9.5 9.2 9.3 8.7 8.1 8.5 9 9.8 10.6 10.9 11.2 11 10.9 11.8 12 12.1 12.1 12.4 12.4 12.5 12.4 12.1 12.1 12.6 10.9 12.2 12.2 12 11.8 11.7 11.8 12 11.8 11.4 11.5 11.2 10.8 10.3 9.6 9.1 8.7 8 7.4
13.1 13.6 14.7 15.1 15.7 15.9 16 16.5 16.9 17.4 17.9 18.4 18.8 18 17.6 17.5 17.8 18.4 17.1 17.4 18.1 18.8 18.5 18.6 19 18.8 18.2 17.5 16.7 15.2 14.5 13.7 13 11.9 11.1 10.5 10 9.7 9.5 9.2 10.4 8.6 8.5 8.4 8.4 8.7 9.2 8.5 8.6 8.7 8.8 8.3 8.3 8.6 9.4 10.3 10.6 10.5 10.2 10 10.4 10.9 11.4 12 12.1 12.1 12.2 12 11.9 11.9 12.1 12.5 12.6 11.8 11.9 11.2 11.3 11.2 11.9 11.6 11.5 11.7 11.2 10.5 9.9 9.1 8.4 7.7 7 6.4
13.1 13.5 14 14.4 14.7 15.1 15.4 15.8 16.1 16.4 16.7 17 17.4 17.4 17 16.6 16.5 16.4 15.5 15.6 16.3 17 17.1 16.4 16.7 17.1 16.9 16.6 16 14.4 13.8 13.1 12.6 11.4 10.6 10.2 9.9 9.7 9.4 10.1 9.2 9.1 8.9 8.8 8.7 8.5 8.2 8.1 8 8.1 8.2 8.5 8.4 10.6 10.7 10.1 9.9 9.5 9.3 8.9 9.1 9.3 10.1 10.9 11.4 11.8 11.8 11.8 11.8 11.8 11.9 12.1 11.8 11.8 10.3 10.9 10.2 10.2 11.1 11.3 11.5 11.6 10.9 10.4 9.9 9.2 8.5 7.6 6.5 6.3
13 13.5 13.8 13.9 14.2 14.6 15 15.3 15.6 15.8 16 16.2 16.5 16.9 16.4 15.9 15.6 15.6 14.6 14.4 14.9 15.5 16 16 15.6 15.3 15.1 14.9 14.5 13.9 13 12.6 12.3 11.5 10.4 10.2 9.9 10.4 9.8 8.9 8.9 8.8 8.7 8.6 8.4 8.2 8 8.1 7.9 7.7 7.7 7.8 8.5 12.4 9.8 8.4 9.6 9.8 8.3 8.5 8.3 8.4 9.1 9.7 10.2 10.8 11.6 11.6 11.6 11.6 11.7 11.8 11.9 11.9 11.6 10.8 9.8 9.7 10.1 10.6 11.2 11.4 10.9 10.6 10.1 9.3 8.6 7.6 6.7 6.5
13 13.3 13.3 13.5 13.6 14 14.4 14.6 14.7 14.9 15.1 15.3 15.6 16.3 15.9 15.4 15.3 14.8 14.1 13.6 13.7 14.2 14.6 14.9 15.1 14.8 14.5 14 13.4 12.9 12.6 12.3 11.9 11.2 10.3 10.3 10.8 9.3 8.9 8.6 8.6 8.6 8.4 8.3 8.2 7.9 8 8 8 7.7 7.4 7.4 9.3 12.2 12.8 8.7 9.3 11.1 8.6 9 8 7.7 8 8.6 9.4 9.7 10.7 11.4 11.4 11.4 11.5 11.8 11.8 11.6 11.4 11.3 9.8 9.4 9.5 9.4 10 11.1 11.1 10.8 10.2 9.4 8.7 7.7 6.7 6.2
12.9 12.9 12.9 13 13.2 13.4 13.7 13.8 13.9 14.1 14.2 14.4 14.7 15.4 15.5 15.5 15.4 14.3 13.5 13.1 12.8 13 13.3 13.5 13.9 14.2 14 13.4 12.9 12.3 11.9 11.9 11.6 10.9 10.8 11.2 9.7 9.4 9 8.7 8.4 8.3 8.2 8 7.9 7.9 7.9 7.9 8 7.8 7.5 7.4 7.7 8.3 8.5 9.5 9.5 9.7 9.8 10.4 11.1 9.9 7.9 7.6 8.2 8.7 9.7 10.7 11.1 11.2 11.5 11.8 11.6 11.4 11.2 11.1 10.6 9.5 8.7 8.5 9.6 10.5 10.8 11 10.3 9.6 8.7 7.7 6 6.2
13.2 13.1 12.9 12.9 13 13.2 13.3 13.3 13.3 13.3 13.8 14.2 14.3 14.5 15.3 15.5 15.2 14.3 13 12.5 12.2 12.1 12.3 12.6 12.8 13 13.2 13.1 12.6 12 11.3 11.3 11.3 11.9 11.7 9.7 9.7 9.5 9.2 8.8 8.4 8.1 8 7.9 7.8 7.8 7.8 7.9 7.9 7.9 7.7 8.5 9.3 8.5 8.1 8.8 8.9 9.5 9.8 10.3 10.6 9 10.2 8.5 7.3 6.8 8.5 8.8 9.4 10.1 11 11.3 10.8 11.4 11.5 11.5 10.8 10.5 9 7.5 9.1 9.8 10.2 10.6 10.2 9.5 8.5 7.2 6.2 6.2
13.4 13.2 13 12.9 13 13.1 13.2 13.2 13.2 13.3 13.8 13.9 14.1 14.2 14.7 14.6 14.5 14.3 13 12.3 12 11.6 11.4 11.6 11.8 11.8 11.9 12.2 12.3 11.9 11.5 11.3 12.3 10 10.2 10.2 9.7 9.6 9.3 8.9 8.4 8.1 8 7.9 7.8 7.8 7.8 7.9 7.9 7.9 8.5 9.4 10.3 11.1 8.3 8.2 8.7 9.3 9.9 10.8 10.4 8.5 8.8 8.8 7.4 7.5 7.6 7.5 8.4 9 9.8 9.7 9.7 10.1 11.1 11.3 11 9.9 8.8 7.9 8.5 9.3 9.8 10 9.7 8.8 7.7 6.3 6.2 6.1
13.5 13.3 13.1 13 13 13.1 13.1 13.2 13.2 13.3 13.5 13.7 13.8 13.9 14.1 14.2 14.6 14.4 13.1 12.1 11.8 11.4 11 10.7 10.8 10.9 11.3 11.7 11.6 11.7 11.6 12.1 10 9.7 9.7 9.8 9.8 9.7 9.4 9 8.4 8.1 8.1 8 7.9 7.8 7.8 7.9 7.9 7.9 7.9 8.8 9.7 9.9 8.3 9.6 9.9 10.2 9.6 10.5 11 11 9.7 8.5 7.4 7.3 7.1 7.4 7.2 7.8 8.3 7.9 7.9 8.9 9.9 10.1 9.9 9 7.6 6.9 8 8.5 9 9.5 9.1 8 6.8 6.2 6.1 6.1
13.5 13.4 13.2 13.1 13.1 13.1 13.2 13.2 13.2 13.2 13.3 13.4 13.6 13.7 13.8 14 14.5 14.5 13.1 12.2 11.8 11.5 11 10.6 10.5 10.4 10.9 10.9 10.8 11.4 10 9.7 9.2 9.3 9.4 9.5 9.5 9.6 9.6 9 8.4 8.2 8.1 8.1 8 7.9 7.9 7.9 7.9 7.9 8 8.1 9.1 8.5 9 9.1 9.4 9.3 10 10.4 10.4 11.2 10.2 9.1 8.2 7.7 7.5 7.3 7.2 7.2 6.8 6.6 6.7 8 8.7 8.3 8 7.6 7 6.9 7.1 7.4 7.2 6.6 7.1 6.8 6.5 6.1 6.1 6
13.7 13.6 13.6 13.6 13.6 13.6 13.6 13.4 13.2 13.3 13.4 13.5 13.7 13.8 13.9 13.9 14.7 14.9 14.2 13.2 12.1 11.5 10.9 10.5 10.3 10.2 10.4 10.3 11.3 9.5 9.9 9.7 9.4 9.2 9.6 9.6 9.7 9.8 9.9 9.3 8.8 8.5 8.4 8.3 8.3 8.2 8.2 8.1 7.9 7.9 8 8 8.4 9.5 9.3 10.3 9.8 9.2 9.7 10.4 11.1 11.4 10.9 10 9.2 8.3 7.9 7.6 7 7.1 7 6.3 6.2 7.2 6.4 6.4 6.8 5.7 7.9 7.6 7.5 7.9 7.3 6.7 7.8 6.4 6.2 6.1 6.2 5.8
13.4 13.5 13.6 13.7 13.6 13.6 13.5 13.2 13.3 13.4 13.5 13.6 13.8 13.9 13.9 13.9 14.9 15.4 14.8 14.1 13 11.7 10.9 10.5 10.1 10 10.9 11.3 10.1 9.7 9.8 9.7 9.5 9.1 9.3 9.6 9.9 10 10.1 9.7 9.2 8.8 8.7 8.7 8.6 8.6 8.6 8.5 8.3 8.2 8.1 8.3 9.1 9.2 9.2 10.9 10.2 9.5 9.8 11 12 12.1 11.8 10.6 10.1 9.2 8.4 7.7 7.4 6.9 6.5 6.5 6.8 7.6 6.8 6.7 6.6 7.7 7.3 7 6.4 5.5 7.1 6.6 6.3 7.1 6.9 7.3 7.6 4.8
13.1 13.2 13.5 13.6 13.5 13.3 13.3 13.4 13.5 13.6 13.6 13.7 13.9 13.8 13.8 14 15.4 15.1 14.7 14.1 13.1 11.8 10.9 10 9 11 8.7 9.1 10.3 9.9 9.6 9.6 9.7 9.3 8.9 9.3 9.7 10 10.1 10 9.5 9 8.9 8.9 8.9 8.8 8.8 8.7 8.5 8.3 8.1 8 8.7 8.8 9.4 9.6 9.7 9.9 10.8 11.7 12.6 12.6 12.5 11.3 11.1 10.2 9.5 9.7 8.8 8.3 7.8 7.4 7.4 8.2 7.6 7.2 7 6.9 6.6 6.6 6.2 6 5.7 5.4 5.3 5.5 6.1 6.1 6.1 5.7
13.1 13.2 13.4 13.5 13.3 13.4 13.3 13.4 13.5 13.6 13.7 13.8 13.9 14.3 14.4 14.6 15.2 14.9 14.5 14.1 13.2 12 10.4 10.6 11.3 8.9 8.8 8.7 9.8 9.4 8.9 8.4 8.7 8.8 8.8 8.9 9.2 9.5 9.6 9.5 9.3 8.7 8.5 8.5 8.5 8.6 8.6 8.6 8.5 8.3 8.1 8.1 8.3 8.6 9.2 9.3 9.5 10 10.9 11.9 12.6 12.8 12.7 12.1 11.5 11.4 11.4 13.8 10.4 9.9 9.9 9.8 9.6 9.4 9.2 9.1 8.9 8.6 7.9 7.7 6.6 6.3 5.9 5.6 5.4 5.4 5.9 5.9 5.9 5.9
13.1 13.2 13.3 13.4 13.5 13.6 13.5 13.4 13.5 13.6 13.7 13.8 14 14.3 14.7 15.9 14.9 14.6 14.3 13.9 13.3 12.3 11.9 9.2 9.1 9 8.8 8.7 8.8 8.9 8.5 8.4 8.4 8.3 8.5 8.6 8.7 9 9 8.9 9.2 9 8.6 8.4 8.3 8.3 8.4 8.4 8.4 8.2 8.1 8.1 8.1 8.5 8.9 9.2 9.6 10.1 11 12 11.7 11.5 11.1 10.7 10.8 11.6 11.6 11.3 10.9 11.1 11.5 11.4 10.6 10.1 10.4 10.5 10.7 10 9 8.2 6.9 6.4 5.9 5.7 5.6 5.4 5.6 5.6 5.7 5.7
13.4 13.4 13.4 13.5 13.7 13.9 13.7 13.4 13.5 13.6 13.7 13.8 14 14.6 15.3 15.3 15.1 14.6 14 13.7 13.3 12.9 10.1 9.5 9.1 9 8.9 8.8 8.7 8.6 8.6 8.5 8.5 8.4 8.3 8.4 8.5 8.6 8.8 9.1 9.5 9.4 9 8.7 8.4 8.1 8.1 8.1 8.2 8.2 8.2 8.2 8.3 8.4 8.8 9.2 9.7 10.1 11.1 11.2 10.3 10.1 9.9 9.9 10.5 11.4 11.9 11.6 11.6 11.7 11.7 11.7 11.5 11 10.7 10.4 10 8.6 8.1 7.4 6.9 6.3 5.9 5.7 5.7 5.6 5.3 5.4 5.5 5.5
14 13.7 13.6 13.7 14 14.1 13.8 13.6 13.6 13.7 13.8 13.9 14.3 15 16.2 15.7 15.2 14.8 14.2 13.9 12 11.4 10.5 9.8 9.1 9 8.9 8.9 8.7 8.7 8.7 8.7 8.6 8.5 8.5 8.5 9.5 9.5 9 9.4 9.8 9.7 9.3 9 8.7 8.5 8.1 8.1 8.1 8.3 8.3 8.5 8.6 8.8 9.5 10 10.3 10.7 11.5 10 9.5 9.4 9.2 9.5 10.3 10.9 11.1 11.6 11.6 11.6 11.6 11.6 11.5 11.4 10.6 10.3 9.1 8.8 8.4 7.2 6.8 6.3 6 5.9 5.9 5.8 5.5 5.5 5.4 5.2
14.8 14.2 14.4 14.5 14.4 14.2 14 13.7 13.6 13.7 13.8 14.1 14.4 15.3 17.8 15.8 15.1 14.7 14.6 13.4 12.6 12.2 10.8 10.1 9.4 9.1 9 8.9 8.8 8.8 8.8 8.8 8.7 8.7 8.7 8.6 8.1 8.3 8.6 8.8 9.6 9.3 9.3 8.6 9 8.1 8.3 8.3 8.3 8.3 8.6 8.8 8.9 9.1 9.9 10.7 11.3 11.7 11.3 10.3 9 8.6 8.9 9.2 9.9 10.3 10.6 11.6 11.5 11.5 11.5 11.6 11.5 11.3 11.1 9.6 8.5 8.4 8.8 7.2 6.7 6.2 6.1 6.1 6 5.9 5.8 5.9 5.9 6.2
15.6 15.2 15.2 15.3 14.7 14.4 14.2 13.9 13.7 13.8 14 14.2 14.5 15.4 18.6 15 15.1 15.1 14.2 13.2 12.5 11.8 10.7 10.2 9.6 9.1 9 8.9 8.8 8.9 8.9 8.9 8.9 8.7 8.6 8.5 8.1 8.3 8.5 8.6 9.2 8.9 8.4 8.5 9 8.6 8.6 8.6 8.6 8.6 8.7 8.9 9.2 9.4 10.3 11.2 11.7 11.1 10.2 9.4 8.7 8.3 8.5 9 9.3 9.7 10.2 11.6 11.6 11.5 11.5 11.5 11.3 10.8 10.2 8.8 7.9 7.8 8.8 8.1 7.1 6.3 6.3 6.3 6.2 6.2 6.2 6.3 6.3 6.4
16.3 16.1 15.7 15.3 14.8 14.6 14.3 14.1 14 14.1 14.3 14.4 14.7 15.4 16.4 16.1 15.5 15.2 14.1 13 12.1 11.2 10.7 10.1 9.7 9.2 9.1 9.1 9 9.1 9.1 9.1 9 8.7 8.5 8.4 8.1 8.3 8.4 8.4 8.8 8.6 8.3 8.1 9 8.7 8.8 8.8 8.8 8.8 8.9 9.1 9.3 10.1 10.8 10.9 10.1 10.2 10.1 9.3 8.7 8.1 8.2 8.8 9.4 10 10.9 11.6 11.7 11.8 11.8 11.2 10.5 10 9.1 8.2 7.8 8.3 8.3 7.7 6.9 6.6 6.6 6.6 6.5 6.3 6.1 6.4 6.6 6.6
17 16.4 15.6 15.2 15 14.8 14.6 14.5 14.4 14.4 14.6 15 15 16.4 16.8 24 15.5 14.9 14.1 12.9 12 11.2 10.8 10.3 9.8 9.4 9.3 9.3 9.3 9.3 9.3 9.4 9.2 9 8.7 8.5 8.3 8.2 8.2 8.3 8.4 8.2 8.5 8.2 8.9 8.9 9 9 9 9 9 9.2 9.9 10.9 11 9.7 9.9 10 9.8 9.4 8.6 8.2 8.3 9.1 9.8 10.5 11.2 11.5 11.8 12.1 11.4 10.6 10 9.5 9.2 8.8 8.4 8.5 7.9 7.5 7.3 7.2 7.1 7 6.7 6.5 6.2 6.1 6.3 6.6
17.1 16.6 15.7 15.4 15.3 15.1 15 14.9 14.8 14.8 15.5 16.2 17 17 16.6 16.7 18 15.1 14.2 12.9 12.5 11.7 10.9 10.4 9.9 9.5 9.5 9.5 9.5 9.5 9.6 9.7 9.4 9.2 9 8.8 8.8 8.8 8.6 8.4 8.2 8.5 8.7 8.6 8.9 9.1 9.1 9.2 9.2 9.2 9.2 9.7 10.9 11.5 10.8 9.6 9.8 9.8 9.6 9.4 8.8 8.3 8.6 9.3 10 10.7 11.1 11.4 11.7 12 11.2 10 9.6 9.7 9.7 9.4 9 8.3 8.5 8.6 8.3 7.8 7.3 6.8 6.7 6.5 6.3 6.1 6.1 6.6
17.2 16.7 15.5 15.5 15.5 15.5 15.4 15.2 15.2 15.8 16.6 17.3 17 16.5 16.2 16.1 17.4 16.5 15 13.6 13.2 12.2 11.2 10.8 10.3 10.1 10.1 10 9.9 9.8 9.9 9.9 9.7 9.5 9.4 9.2 9.3 9.3 9.2 9.2 9.2 9.2 9.4 9.2 9.4 9.4 9.4 9.4 9.4 9.4 9.7 10.9 11.1 10.8 10.7 10.1 9.7 9.5 9.3 9.1 9 8.7 8.4 9.5 10.2 10.8 11 11.3 11.6 12 10.8 9.4 9.9 10.1 10.1 9.7 9 8.3 8 8.2 8 7.5 7 6.7 6.7 6.5 6.3 6.1 6.3 6.4
17.4 16.5 16.1 15.9 15.6 15.6 15.6 15.6 15.9 16.7 17.4 16.8 16.4 16.1 16.2 16.3 16.2 16.4 15.5 14.5 13.7 12.9 11.8 11.2 10.9 10.8 10.7 10.7 10.6 10.5 10.4 10.3 10.1 9.9 9.8 9.7 9.7 9.5 9.4 9.3 9.3 9.3 9.4 9.6 9.8 9.9 9.9 9.8 9.7 9.7 11.2 11.6 11.6 10.9 10.4 9.8 9.6 9.8 9.7 9.6 9.3 8.8 8.3 9.3 10 10.1 10.3 10.5 11.4 10.9 10 9.2 10 10.3 10.5 10.1 9.2 8.3 7.5 7.9 7.6 7.2 6.8 6.6 6.6 6.4 6.3 6.2 6.5 6.3
18.2 17.8 17.5 17.1 17.4 17.1 17 17.4 18.2 17.9 17.6 16.9 16.5 16.6 16.6 16.7 16.6 16.1 15 14.6 14.1 13.1 12.2 11.8 11.6 11.5 11.4 11.3 11.3 11.2 11.1 10.8 10.6 10.3 10.2 10 9.9 9.7 9.5 9.3 9.4 9.6 9.7 9.9 10.1 10.3 10.4 10.8 11.2 12.1 12.4 12.5 11.8 11.3 10.8 10.4 10.3 10.2 10.1 9.9 9.5 9 8.5 8.3 9.6 9.4 9.4 9.6 10 9.6 9 9.1 9.9 10.5 10.5 9.5 8.7 7.8 7.6 7.2 6.8 6.6 6.4 6.5 6.6 6.5 6.4 6.3 6.5 6.5
20.1 19.6 19.2 19 19.4 19.1 19 19.4 19 18.4 17.8 17.3 17.2 17.4 17.5 17.5 16.5 15.7 14.9 14.2 14.3 13.7 13.1 12.5 12.2 12.2 12.1 12 12 11.9 11.6 11.4 11.1 10.7 10.3 9.9 9.6 9.2 9.5 9.5 9.7 9.8 10 10.2 10.4 11.1 12.1 15 14.4 14.1 13.4 12.7 11.9 11.2 10.8 10.3 10.3 10.7 10.5 10.2 9.7 9 8.4 7.8 9 8.8 8.7 8.6 8.5 8.1 8.3 8.9 9.7 10.3 9.8 9 8.2 7.5 7.1 6.5 6.5 6.5 6.6 6.6 6.4 6.3 6.1 6 6.2 6.2
