webserver/python/data/SM93.asc
ncols 200
nrows 200
xllcorner 190000
yllcorner 230000
cellsize 50
[rows 0 to 35 of 200, columns 0 to 81 of 200]
66.4 67.2 67.4 67.9 69.3 70.1 70.6 71.1 71.9 72.8 73.5 73.2 72.7 73.5 74 73.4 73.5 72.8 73.2 73.2 73 72.1 71.4 72 73.1 74.3 74.7 74.1 74.6 75 75.7 75.2 75.1 75.5 75.7 75.3 74.6 73.7 73.3 73.2 72.8 72.1 71 69.7 69 68.3 67.4 65.9 62.6 60.1 56.1 45.7 49.6 53.9 56.7 56.2 56.5 58.8 62.6 64.8 65.4 64.9 64.5 65.6 66.9 68.2 69.5 68.8 68.7 69.6 69.9 69.8 70.4 71.6 72.2 73 73.8 76.4 77.5 78.1 78.8 81
69.3 69.3 70 70.9 71.9 73.4 73.2 74.9 76.3 76.8 76.9 77.3 78.4 79.2 78.8 78.3 77.8 77.5 77.3 77.3 77.3 77.3 77.4 77.5 78.1 78.9 79.8 78.7 79.4 80.1 80.1 79.6 79.1 79.4 79 78.3 77.3 76.5 75.8 75 74.2 73.5 72.5 71 70.2 69.5 68.8 67.6 64.8 61.9 58.8 50.3 49 56.7 59.8 60.3 62.1 64.8 67.7 69.5 70.3 69.9 69.1 70.3 71.6 72.5 73 73.1 72.3 71.6 72.1 72.7 73.4 74.3 75.2 76.1 77.4 79 80.6 81.8 81.9 83
71.7 72.3 73.7 74.6 75.2 75.7 77.2 79 80.7 81.2 81.7 82.6 83.4 83.6 83.4 82.5 83.4 83.5 83.6 83.4 83.3 83.3 83.5 83.9 84.2 84.7 84.9 84.8 85.3 85.3 85.2 84.5 83.7 83.3 82.1 81.3 80 79.2 78.1 76.9 75.9 74.9 73.8 72.4 71.7 70.8 69.6 68.4 67.6 64.9 61.6 52.7 51.8 59.8 62.6 64.5 66.7 68.1 71 72.2 73.2 73.5 73.9 74.6 75 75.4 75.9 76.2 75.1 74 74.9 75.7 76.5 77.3 78.2 78.7 80.6 82.5 84.1 85.2 85.9 87.1
74.4 75.8 77.1 78.2 78.4 78.9 80.9 83 84.7 86 87 87.6 87.7 88 89.1 89.2 89.2 89.8 90.3 90.2 90 89.6 89.7 90.3 90.4 90.3 90.2 90.6 92.6 92.5 91.8 90.4 89.1 88 85.6 84.4 82.4 81.5 80.3 78.5 76.9 75.8 74.5 73.6 72.7 71.5 70.3 69.1 67.9 65.8 61.9 54 58 62.4 65.6 68.4 70.2 72.2 73.9 75 76.2 77.1 77.6 78.3 78.8 79.3 79.5 78.6 78.5 77.5 77.7 78.7 79.6 80.4 82.3 83.3 85.6 86 87.2 88.9 89.5 90.5
77.3 79.1 80 81.5 82.7 83 84 86.7 88.6 91.9 91.4 91.9 92.1 92.4 94.1 95.5 97 98.1 97.8 97.4 97 95.8 95.6 95.8 95.7 95.4 95.8 95.9 97.7 98.2 98 96.1 95.3 93.4 90.7 89.5 86.7 85.4 82.9 80.6 78.6 77.2 75.8 74.4 73.5 72.3 71.1 70 69.1 67.1 63.4 58.1 60.5 64.4 67.4 70.3 72.6 75.4 76.7 77.9 79.2 80.5 81.1 81.7 82.5 82.7 82.9 82.5 82 81.1 81.1 81.5 82.5 84.7 88.2 91.2 90.3 90.5 90.8 92.3 93 93.7
83.3 84.2 84.5 85.2 86.2 86.9 87.3 90 93.6 98 98.7 96.7 96.5 97.5 101 104.2 105.9 105.4 105.2 104.2 103.1 102.4 102.1 101.6 101.1 100.5 100.8 101.2 102.3 103.4 104.3 103.4 102.5 99.5 96.8 92.6 89.5 87.9 85.5 83 80.7 78.7 77.2 75.7 74.3 73.2 72.2 71.3 70.2 68.1 61.6 63.2 62.9 66.8 69.2 71.9 74.8 77.8 79.6 80.7 82.2 83.6 84.6 85 85.7 86.3 86.3 86.2 85.5 84.9 84.8 84.9 85.6 87.5 90.8 93.8 94.1 94.5 94 95.5 97.5 97.6
87.8 88.6 90.4 91.9 91.1 90.8 92.4 94.6 98 101.9 104.4 103 103.8 110.9 112.3 112.2 113.2 111.9 110.9 110.3 110.2 109.8 109 108 107.4 106.8 106.2 106.7 107.4 108.9 110.7 112.4 112.1 107.4 103.3 98.4 93.8 91.1 88.3 85.2 82.6 80.2 78.3 76.6 75.2 74.5 73.5 72.5 71.1 68.3 62.4 66 64.6 68.8 71.3 74.3 77.4 79.9 81.7 83.7 85.3 87 87.6 88.6 89.2 90.5 90.3 89.7 89.8 89.1 88.7 88.1 89.1 90.8 93 95.1 96.6 97.5 98.3 99.7 100.6 100.6
92.3 94.9 98.3 99.4 99.9 99.9 101.7 104 106.2 107.9 110.5 113.3 119.1 129.3 131.6 128.4 120.1 118 117.6 116.9 117.3 116.8 115 113.2 112.3 111 111.7 111.6 112.3 113.6 115 116.6 118.1 114.2 108.1 103.2 98.1 94.4 90.8 87.3 84.5 81.8 79.8 78.2 76.5 75.5 74.9 73.8 72.3 70.8 62.7 68.1 66.3 69.9 73.1 76.3 79.5 82 84.4 87 89.1 90.3 90.7 91.9 92.9 94.9 94.7 94.8 94.7 94.4 94.1 93.5 93.5 94.8 96.1 98 98.8 99.8 100.8 102.2 103.3 103.9
97 100.1 103.2 106.9 109.7 112.3 114.3 117 119.5 119 118.4 122.5 130.7 139.2 143.3 140.7 136.9 129.7 128.1 123.8 124.3 123.9 122.2 120.7 120 119.3 117.5 116.8 117 117.8 118.7 120.2 121.1 117.6 111.7 106.9 102.1 97.4 93.8 90.5 87.1 83.9 81.9 80.5 79.1 77.7 76.4 75 72.3 68.5 63.9 69.6 68.7 71.5 74.8 77.8 81.1 83.8 85.8 89 92.8 93.7 94.6 96.2 98.2 98.3 99.2 99.8 100 99.8 99.5 99 98.3 98.7 100 101.1 101.8 102.9 103.8 105 106.3 107.8
100.9 104.5 107.9 111.8 118.6 125 124.4 125 129 129.7 130.9 136.7 143.7 150.1 152.6 154.2 151.1 143.9 141 138 133.5 130.8 128.9 127.1 125.5 124.8 123.4 122 122.2 122.8 123.6 123.8 123.2 121 115.4 110.9 106.6 102.3 97.7 94 90.7 87.2 84.4 83 81.6 80.1 78.1 76.3 70.4 67.1 65.3 69 70.9 71.4 74.9 78.6 82.9 85.6 88.8 92.5 95.1 97.3 98.4 99.7 101.5 102.4 103.5 104.3 104.5 104.2 104.7 104.3 102.7 102.3 103.5 105 106 106.7 107.3 108.7 110.3 111.6
105.2 110 115.1 118.6 124.9 131.3 134.8 140.7 141.2 142.3 144.5 152 156.3 159.4 159.4 161 158.9 156.5 146.8 143.3 139.4 137.9 136.2 133.8 131.9 130.6 129.7 128 127.8 127.7 127.9 128 126.5 124 119.5 115.2 110.8 106.6 102 98 94.2 90.5 87.3 85.5 84.1 82 79.9 77.9 75.6 72.4 70.6 72.8 74 74.4 78.7 81.8 85.8 89.5 93.2 96.4 99.1 101.2 103.3 104.8 105.2 106.5 107.5 108.6 108.8 109.8 110.2 109.5 108.3 106.5 108 109.8 111.5 112.3 112.5 114.1 116.8 118.3
110.1 115.8 121.8 125.5 133.4 137.4 140.8 144.7 147.1 148.4 151.2 160.7 160.8 162.1 164.4 166.8 163.2 156 151.2 148 145.4 143.9 142.9 139.3 138.2 136.8 135.6 134.4 134.3 133.7 132.4 132.1 131.1 127.9 123.7 119.4 115.1 110.8 106.9 102 98.1 93.8 90.6 87.9 86.1 83.9 81.7 79.8 77.9 73.5 74.5 75.5 78.2 80.5 82.2 85.1 89 92.8 97.2 100.4 103.2 105.2 107.3 109.2 110 111.9 112.5 113.3 114.5 115.5 115.3 114.6 113.5 113.4 113.7 115.2 116.8 118.3 119.9 123.9 126.2 125.9
116.8 121.3 126.1 130.8 136.7 141.2 144.1 147.4 149.5 151.6 154 158.1 160.7 162.7 167 165.5 161.9 158.2 155.7 154 151 150.2 149.5 147.7 143.9 141.8 140.5 139.8 139.6 138.9 137.8 136.1 133.9 131 126.8 123 119.2 115 111.6 105.9 101.3 96.6 92.7 89.7 87.2 84.9 83.1 81.8 79.6 77.2 77.9 80 83 85.1 87.1 89.1 91.6 96.2 100.8 104.4 107.2 109.4 111.6 113.9 118.5 118.1 117.4 118.8 120.3 121.1 120.4 119.4 118.8 119.6 120.1 120.1 121.2 122.7 126.1 131.9 134.5 133.4
122.6 126.4 130.8 136.4 140.7 145 147.9 150.6 152.8 154.5 156.1 157.7 159.9 162.1 164.4 164.1 162.7 160.3 159.4 158.6 157.2 155.8 155.6 155.1 150.5 147.5 145.7 144.7 144.4 144 143.5 141.2 138.8 134.4 129.7 125.8 121.9 117.7 112.8 107.3 103.2 98.6 94.1 90.7 88.3 86.1 84.2 82.9 76.9 81.4 81.7 83.1 86.1 89.2 91.3 93.4 96.7 100.6 104.6 108.4 112.2 114.5 116.1 119.3 123.7 128.9 125.4 130.5 127.5 127.4 125.8 124.1 123.9 124.8 126 125.8 125.5 127.3 130.7 135.4 137.4 137.1
128.8 131.9 137.4 142.7 147.2 151.9 154.6 155.7 155.2 156.2 156.5 157.2 159.1 161 163.2 163.5 163.9 163.5 162.8 162 161.1 160.3 159.7 159.6 156.6 152.4 150.5 149.5 150.2 150.1 149.7 147.5 145 140.8 136.1 129.6 126.1 121.7 117.1 111.7 107.5 101.9 96.3 92.2 89.8 87.4 85.2 82.4 79.1 84.8 85.4 86.9 89.4 92.9 95.7 98.6 102 105.9 109.8 113 116.4 119.1 120.7 124 126.4 130.6 139.4 148.6 135.2 131 129.8 128.7 128 129.4 130.2 131.5 132.1 131.8 133.2 136 137.2 137.5
134.9 138.2 144.9 149.5 155 159.6 162.7 158.2 155.8 156.1 156.1 156.8 158.7 160.6 163.1 165.4 167 167.7 166.5 165.8 165.9 165.2 164.8 163.6 160.1 156.8 155.1 153.6 155.1 155.8 156.3 155 152.1 148 142.6 136.5 129.2 124.9 121.7 117 111.8 105.8 99.7 94.9 91.6 89.1 85.2 83.2 82.5 87.6 89.1 90.5 92.1 95.2 100.7 104.5 107.6 111.2 115 118.5 121.6 124.1 125.9 127.5 132.1 139.3 154.4 152.7 137.8 135.2 133.5 132 131.3 132.2 133.4 135.6 135 134.8 135.6 136.6 137.4 137.7
140.3 143.1 150.7 160.3 164.7 163.2 159.9 156.9 155 155.1 155.5 156.5 159.2 161.8 164.4 166.8 168.9 170.7 174.2 174.1 176.3 176.4 177.2 176.3 166 159.7 158.4 157.2 158.7 161 163.5 164.6 160.9 155.9 150.9 146.3 136.6 129.9 124.3 120.7 114.8 108.9 103.6 97.6 93.6 87.3 87.7 88.8 87.7 91.5 93 93.9 96.3 99.4 104.9 109.4 113.5 117.3 120.5 123.8 126.4 128.7 131.1 133.6 137.2 146.3 156.1 151.2 139.4 137.4 136.1 134.9 134.4 134.3 134.6 136 137 136.2 136.4 136.9 137.4 137.6
145.6 148.1 155.1 163.4 163.5 161.3 158.4 155.4 154 154 154.2 155.6 157.9 161.1 166 168.9 171.1 174.9 181.7 191.1 191.6 189.2 191 183.7 170.5 162 159.3 159.8 161.4 167.7 169.2 169.9 166.9 160.3 155.2 149.4 139.2 133.1 126.3 121.5 117.1 111.7 105.8 99.6 95 91.4 91 92 92.6 94.5 96.9 98.8 101.5 104.5 109.9 115.1 119.5 123.1 126.7 129.6 131.2 132.7 135.3 137.7 142.3 150.7 155.2 145.8 140.4 138.3 137.3 135.9 135.3 135.1 135 136.2 137 136.1 135.3 136.2 137.1 137.8
151.5 154.2 163.3 164.3 160.8 158.5 156.2 154.5 152.9 152.5 153.3 154.5 156.6 160.4 169.9 170.9 173 178.1 184.2 193.5 190 189 188.6 179.2 164.9 159.1 157.6 157.4 160.2 165.9 169.6 166.8 162.5 159.4 155.3 148.2 141.7 134.3 128 123.1 117.6 112.6 108.1 101.5 99.5 95.9 94.8 94 96.8 98.1 101.1 103.2 106.1 111.1 115.7 120.6 125 128.6 132.9 135.7 137.4 138.7 139.9 142.3 145.6 149.7 151.1 144 140.5 138.6 137.3 136.2 135.5 135.2 134.7 134 134.6 134.2 133.9 134.8 135.6 137.1
158.6 165.7 170 166 161.3 157.5 155.2 153.9 152.3 151.6 152.5 153.6 154.8 157.5 165 169.2 172.9 177.3 181.2 185.7 177.9 172.7 168.4 163 157.2 155.2 154.3 154 156.1 158.8 159.3 159.8 158 155.8 153.9 146.6 140.6 134.5 129.7 124 119.1 113.2 108.7 106 104.6 101.5 98.6 99.1 100.2 102 104.7 107.1 111.3 117.2 121.4 125 129 133 138.1 141.2 143.9 144.8 147 147.7 147.4 147.5 145.1 142.5 140.1 138.5 137.3 135.6 134.6 134.2 133.1 131.7 131.6 131.5 131.4 132 132.4 137
172.5 176.6 174.7 168.4 158.7 155.2 153.1 151.6 150.3 149.6 150.6 151.3 152.4 154.8 157.7 160.5 166.3 169.8 172.2 173.2 166.8 163.5 158.4 154.8 152.3 149.9 148.5 149.3 150.4 152.5 154.1 154.3 153.3 151.3 148.2 143 138.7 134.4 129.5 125.2 120.4 115.6 111.8 110.5 108.6 105 104.5 103.6 104.3 106 108.6 111.6 115.9 121.7 125.8 129.4 133.7 138.2 142.6 146.7 149.2 150.9 151.4 149.8 148.4 147.6 144.8 140.6 139.8 138.4 136.8 134.9 133.7 133.2 131.5 130.2 129 128.7 128.5 128.6 128.8 130.2
185.6 185.6 174.2 162.3 155.9 152.8 151.1 149.4 148.9 147.6 148 149.1 149.7 151 153.7 155.7 158.4 160.4 161 158.9 157.4 155.5 151.6 149.1 146.7 144.5 142.8 142.3 143.1 144.2 147.2 147.7 147.7 145.9 144.2 141 137.6 133.5 129.2 126.2 122 119.3 117.4 115.5 113.9 109.8 109.1 108.9 109.1 110.9 113.2 117.6 121.1 126.1 130 134 138.4 143.2 146.8 150.4 154.4 155.8 152.9 151.2 148.6 146.8 144.3 140.5 139.3 138 136.2 134.3 132.8 131.6 129.9 128.6 127.3 126.5 126.3 125.6 125.5 125.6
170.3 173 159.7 154.5 152.2 150.3 148.5 146.3 145.6 147.9 148.1 147.1 147 147.5 148.1 150.3 152.4 153.4 154.1 152.2 149.4 146.7 144.8 143.9 141.7 140 138.2 136.5 137.3 137.7 139.2 140.8 141.1 139.9 140.2 139.1 136.1 132.5 129.1 126.2 123.7 121.4 121.6 120.8 118.7 115 114.1 115.2 115.8 117.4 118.8 123.1 126 130.6 134.9 138.8 142.6 146 148.8 153.4 157.1 154.9 151.2 148.8 146 143.5 141.4 139.2 138.4 137.2 135.5 133.6 131.7 130 128.3 127 125.8 124.5 123.9 123.3 122.9 122.4
160.7 156.4 151.8 148.9 147.2 146.3 144.2 142.6 146.4 148.1 148.1 145.8 143.8 142.6 142.5 142.5 143.7 144.6 144.4 143.8 142 140.1 139 138.9 137 135.4 133.9 132.6 132.4 132.2 132.7 133.5 135.1 135.8 136.1 136.2 133.8 131.2 129.4 127.3 125.4 125.1 125.2 125 124 122.4 121 120.3 121.3 122.7 124.8 127.8 131 135.2 138.8 142 145.5 149 151.4 154.3 157.7 151.4 148.2 145.8 142.5 140.2 138.8 136.7 136.2 135.8 135 133.2 130.8 128.9 127.5 126 124.7 123.4 121.5 120.9 120.4 119.9
151.8 149.1 146.4 144 143 142 139.9 141.6 145.5 149.1 149.2 145 140.1 138.2 137 136.3 136.7 137.7 138 137.3 136 134.7 134.2 133.8 132.6 131.1 129.6 129.2 129.2 128.9 129 129.2 130.6 132.4 132.2 132.4 130.9 129.9 129 128.4 128.7 128.7 129 128.9 128.1 127.3 126.7 125.9 126.4 127.4 130.9 133 136 139.6 143.4 146.5 149.9 151.6 152.9 153.6 152.9 148.6 145.4 142.5 140 137.7 136.1 134.4 133.9 133.1 132.8 132 130.6 128.5 127.2 125.4 124.1 122.4 120.2 118.2 117.7 117.6
145 142.3 141.1 140 139.3 138.3 137.6 139.9 143.7 147.3 148.5 141.8 136.3 134.1 132.9 131.9 132.3 132.2 132.3 131.9 131.1 130.2 129.7 128.9 128.2 127.3 126.4 125.9 125.9 125.9 126 126.2 126.7 128.7 128.9 128.8 128.5 128.5 128.7 129.5 130.2 130.8 131.3 132 131.9 131.3 131.8 132.3 132.9 133.7 136.2 139 141 144.3 148.5 150.5 152.8 154.2 155.7 154.1 150.8 146.2 142.6 139.8 137.1 135.2 133.4 132 131.2 130.5 130.2 129.9 129.6 128.1 126.8 124.9 123.2 121 118.8 116.4 114.6 114.7
139 138.1 137 136.1 135.7 134.7 135.6 137.4 140.4 142.3 142.6 138 133.5 131.1 129.3 128.5 128 128 127.7 127.3 126.3 125.5 125.7 126 125.3 124.3 123.4 123 122.9 123 123.2 123.6 124.9 124.4 125.8 126.1 127.1 127.5 129 130.8 132 133 133.5 134.2 135.4 135.3 136.9 138.1 139.4 140.9 143.6 145.1 147.3 150.9 153.2 154.5 155.9 157.4 157.9 155.5 150 142.8 140.3 137.6 134.8 132.5 130.7 129.5 128.6 127.7 127.5 127.5 127.3 127.2 127.1 124.7 122.1 119.8 117.4 115 112.8 111.9
134.1 133.5 132.9 132.2 131.8 131.4 133.1 135.2 136 137.5 137.8 133.1 130.3 127.9 126.3 125.2 124.5 124.1 124.1 123.5 122.9 122.9 123.1 123.4 122.6 122.4 121.6 121.1 120.8 120.5 120.4 121 121.5 123.6 121.9 122.3 123.7 127.1 129.1 131.2 133.1 134.2 135.7 136.4 137.6 140 142.3 143.3 144.8 147.4 149.7 150.5 152.6 156.2 157.8 160 159.4 158.5 157.7 153.9 145.9 141.6 138.5 135.8 132.9 129.8 128.6 127.2 126.3 125.5 125.1 125.2 125 125 125.5 122.9 120.9 118.8 116.8 114.5 112 109.3
130 129.7 129.5 129 128.8 129.1 130.5 132.7 132.6 133.1 133.1 129.9 126.8 125.1 123.8 122.1 121.7 121.5 121 120.4 120.3 120.4 120.6 120.8 120.6 120.3 119.7 119.4 119 118.7 118.4 118.3 118.5 118 118.7 120.9 124.3 127.3 129.4 131.4 133.5 135.2 136.8 138.9 141.1 143.9 146.6 148 149.8 153.8 155.6 156.9 158.9 160.9 162.4 162.8 160 157.5 154.4 149.9 144.6 140.2 137 134 131.2 128.9 127.1 126 125 124.1 123.4 122.8 122.7 122.6 121.2 119.2 117.2 115.8 114.5 113.1 110.2 107.7
127.4 127 126.6 126.3 126.2 126.4 127.9 128.7 128.7 128.2 128.1 126.8 123.6 122.3 121.1 120.1 119.3 118.8 118 117.5 118.1 118.1 118.3 119.1 118.7 118.4 118.2 117.7 117.5 117.2 116.8 116.3 116.4 117.5 119.5 122.6 125.4 127.4 129.5 131.6 133.7 136.1 138.3 141.5 144.9 148 152 154 157.9 159.4 161.6 164 166.7 168.5 165.8 163.5 160.6 156.9 152.9 148.8 143.6 139 135.4 132.3 130.1 127.9 126 124.7 123.7 123.1 122.4 121.2 120 118.9 118.6 116.6 115.7 114.2 112.8 111.3 109.3 106.1
124.3 122.9 122.6 122.5 122.1 122.2 124.2 124.7 124.8 124.2 123.4 122.7 120.6 119.3 118.2 117.8 117.2 116.1 115.8 115.7 116.2 116.6 116.8 117.3 117 116.9 117.1 116.8 116.5 116 115.7 115.3 116.1 118.2 120.1 123.5 125.6 127.7 129.7 131.8 134.4 137 139.7 143.4 147.9 151.8 156.3 160.3 162.8 164.3 166.7 169.7 173.4 171.9 168.7 164.8 160.9 156.9 153 148.4 142.6 137.6 133.6 130.7 128.6 127.1 126.9 123.5 122.5 122 121.5 119.7 118.5 117.3 116.1 115.1 114.3 113 111.5 110 108 105.3
120.6 119.1 118.7 118.7 119 119.3 121.1 121.1 121.1 120.8 120.2 119.2 117.9 116.3 115.7 115.4 114.7 113.8 113.7 114 114.4 114.6 115 115.4 115.3 115.8 116.1 116.1 115.4 114.6 115.3 115.2 116.7 119.2 121.6 123.8 125.8 127.9 130 132.3 135.2 137.9 141.1 145.3 149.8 155 159.6 163.4 166.3 169.1 171.8 175.7 175.8 173.1 169.1 164.8 161.2 157.5 153.2 146.9 140.7 135.4 131.8 129.4 127.3 126.5 127.5 123.1 121.5 121 120.5 118.1 116.9 115.9 114.9 113.7 112.8 111.9 110.3 108.8 107.6 107.4
118.8 116.8 116.1 116.2 116.4 116.8 118 118.1 118 117.9 117.2 115.4 113.9 113.7 113.5 113.3 112.9 112.5 112.5 112.5 112.9 113.3 113.7 114 114.1 114.6 115.1 115.2 114.7 114.9 115.3 115.5 116.8 118.8 121.9 124 126.1 128.1 130.2 133.1 135.9 138.9 142.7 147.6 152.6 158.1 162.5 166.3 168.6 171.1 174.7 176.1 174.9 172 168.6 164.7 161.2 157.8 152.4 145 138.7 133.5 130.3 128.2 126.1 124.1 125.4 121.2 120.3 119.3 119 116.6 115.7 114.9 113.5 112.2 111.4 110.5 109.6 109.8 108.9 108.7
117.2 115.5 114.3 114.4 114.2 114.3 114.9 115.1 114.5 112.7 111.7 110.5 111.3 112.1 112.3 112.3 112.4 112.6 112.3 112.3 112.5 112.6 113.4 113.5 113.4 113.6 113.9 114.2 114.5 114.9 115.4 115.8 117.2 119.2 122 124.1 126.2 128.3 131.3 134.8 138.2 140.9 145.4 151.2 156.8 162.2 166 168.9 170.9 173.3 174 174.8 173.3 170.2 167.2 163.9 160.8 156.4 150.3 144.2 137.6 133 129.5 126.7 124.8 122.8 121.4 120.2 119.3 118.3 117.4 116 114.7 113.8 112.1 110.6 110 109.6 109.5 109.2 109.6 109.2
116.1 114.4 112.9 112.5 112.4 112 111.4 110.9 109.2 110.2 111.1 112.5 112 112.4 112.4 112.5 112.5 112.6 112.4 112.3 112.5 112.4 112.9 113.5 113.3 113.8 113.9 114 114.5 115 115.5 116.4 117.9 119.5 122.2 124.3 126.6 129.1 132 135.8 139.1 143.2 148 154.2 160 165.2 169.8 172.2 173.7 174.9 174.2 173 170.9 167.4 164.5 161.7 159 154.4 148.3 142.3 138.4 133.9 131 129.4 123.4 122.2 121.7 119.8 118.5 117.6 116.7 115.6 114.2 112.8 110.8 109 108.2 107.3 107.3 107.7 107.5 105.6
114.9 113.1 111.5 110.3 109.8 109.8 108.3 107.6 108.9 110.6 111.8 112.3 112.9 112.6 112.8 113.3 113.7 114.1 114.4 113.1 112.6 112.7 113.3 113.4 113.5 113.6 113.6 114.3 114.7 115.1 115.9 117 118.4 120.2 122.1 124.7 127.2 129.8 132.8 136.9 140.5 144.1 149.3 155.8 162.5 167.6 171.5 174 175.5 175.4 173.7 170.7 167.5 164.8 162.1 158.8 155.3 152.1 146.8 141.4 138.1 134.1 131.2 130.1 127.9 122.3 120.6 118.3 117.3 116.9 115.9 114.8 113.2 111.7 110 107.4 106.5 105.6 105.1 105 103.3 100.7
