webserver/python/data/SN03.asc
ncols 200
nrows 200
xllcorner 200000
yllcorner 230000
cellsize 50
[rows 105 to 139 of 200, columns 0 to 77 of 200]
157.9 155 150.2 144.9 140 137.2 133.5 119.9 126.9 129.1 129.4 106.6 85.3 71.9 72.4 74.1 78.7 97.2 93.1 110.4 122.4 131.1 136.2 141.5 145.4 148.1 150.9 155.1 159.7 163.4 167.1 170.5 172.9 175.9 177.8 178.7 178.9 178.1 177.2 176.6 176.2 175.7 175.4 175.6 174.1 177.6 180.6 183.2 186.7 188.6 189.5 192.4 194.4 196.5 198 198.7 199.9 201.7 202.7 203.6 204.3 204.5 203.6 202.4 200.7 198.7 195.4 192.8 192 193.6 194.3 194.6 194.9 193.4 194.3 194.1 177.7 159.7
164.7 162.6 159.3 155.9 151.3 147 143.8 131.3 129.5 135.5 137.3 129 106.3 83.2 72.3 72.8 73.2 76.4 79 108.6 118.8 126.6 132.7 138 140.3 145.4 149.7 154.3 159 163.4 166.8 169.8 172.1 173.9 175.2 175.8 175.6 174.6 173.7 172.7 171.3 170.6 169.9 169 169.8 173.6 176.6 180.8 183.6 185 187.5 190 191.9 193.8 194.8 195.6 196.7 198.1 199 199.8 201 200.8 200.4 198.6 197 195.3 193.6 189.9 189.7 189.2 190.3 190.8 190.8 191 191.4 190.5 188.5 168.9
169.6 168.2 166.2 163.2 160.1 156.3 152.3 147.4 139.8 141.3 144 145.1 130.6 108.2 82 72.2 73.6 74.6 75.5 82.7 103.7 120.5 107 121.7 138.9 143.8 148.2 152.9 157.7 162.8 166.3 169 171.1 172.5 173.4 173.5 173.1 171.7 170.7 169.6 168 166.6 166.2 165.7 169.4 173 174.9 178.9 180.5 182.7 185.7 187.4 189.3 191 192.3 192 193.3 194.6 195.4 196.1 197 197.3 197 196 193.3 190.5 188.7 187.1 185.4 185.8 186.4 187.2 187.1 188.3 188.7 188.3 187.2 185.3
173.9 172.3 170.5 168.5 165.6 162.4 158.9 155 148.8 147.6 149.9 152.2 151.9 128 110 86.3 72.4 73.5 74.4 75.9 83.7 107.6 103.2 130.1 136.4 141.8 146.7 151.2 155.3 159.3 163 166.8 168.9 170.4 170.7 171 171.2 169.9 168.6 165.7 163.3 161.1 156.7 162.1 167.8 171.1 174.4 177 179.1 181.6 183.8 185.4 187 188.3 189.7 190.3 190.6 190.6 191.3 191.9 192.8 193.4 193 192.2 190.7 187.3 184.8 183.1 181.6 182.4 183.6 184.1 184.5 186 185 185.5 185.1 182
177.8 175.9 174.1 172.1 170.2 167.4 164.2 160.2 157.8 155.1 156.5 157.3 156.9 151.4 130.8 114.2 94.1 73.5 74.4 74.1 76.5 81.8 97.9 118 133.8 139.5 143.9 148.2 151.8 155.6 159.3 163.1 164.8 166.4 167 168.1 168.5 168 166.6 164.1 158.2 140.1 148.6 161.8 166.6 170 173.5 173.5 176.2 177.9 179.2 181.6 185 186.7 187.7 187.6 187.4 187.8 186.6 187.5 188.6 189.3 189.1 188.4 186.6 184.3 182.2 179.7 178.1 178.2 179.8 181.1 182.5 183.2 183.5 182.4 180.4 177.3
181.2 179.2 177.7 175.7 174 171.9 168.8 165.5 164.1 162.8 162.2 162.2 161.3 160.4 152.6 132.3 112.8 93.4 78.7 75.8 75.4 77.5 81 97.3 113.7 125 138.7 144.8 148.5 152.3 156.2 159.3 161 162.8 162.9 163.9 165.1 165.1 164.4 162.7 156.8 132.9 154.9 160.4 165.2 169 172 169.2 173.2 173.4 173.8 176.2 179.5 184.1 185.4 185.8 185.9 184.1 182.2 183.4 184.2 185.3 185.1 184.6 182.5 180.5 179.7 177.2 174.6 174.9 176.7 178.7 180.5 181.3 180.4 179.4 177.9 174
183.9 181.1 179.9 179 177.6 175.4 172.7 170.6 169.1 167.8 167.2 166.6 166.1 164.7 160 149.8 129.2 106.7 92.2 82 76 75.2 76.5 78.9 89.1 100.3 119.4 139.3 145.6 147.9 153.1 154.5 151.1 155.5 154.6 159.4 160.6 161.2 160.9 160 154.8 116.7 149 158.2 162.1 164.5 163.3 170.1 171.1 168.2 167.6 170.1 174.1 177.1 179.8 181.8 182.7 180.7 178.5 180.2 180.7 181.1 181.2 180.7 178.8 177.3 176.6 174.7 171 171 173.5 175.8 178.3 179.2 178.7 178 177.3 175.2
184.5 183.3 182.8 181.6 180.4 178.6 176.2 174.1 172.7 171.2 171 170.3 169.3 168.3 164.6 152.4 125.9 115.3 110.6 103.6 85.3 77.3 75.3 76.9 77.7 90.3 103 120 139 128.5 127.6 121 111.8 114.2 118.2 129.5 128.6 140.2 147 150.8 149.8 100.6 124.6 131.4 134.5 147.3 129.9 162 165.8 164 161.2 165.2 167.3 169.6 171.5 172.5 173.3 173 173.3 174.1 177.3 176.8 175.9 175.9 174.9 174.3 173.6 171.9 167.7 166.6 170.6 173.1 175.4 176.9 177.4 176.9 174.9 171.6
184 184.5 183.1 183.3 182.4 181.1 179.1 177.4 176 174.8 172.5 172.7 171.8 170.5 167 143.8 131.5 141.3 127.5 113.5 106.3 94.4 77.6 77.2 76.5 77.9 84.1 93.5 106.3 94 90 87.5 86.6 86.6 89.5 92 96.9 103.8 112.4 113.3 105.5 96.3 94.7 95.9 102.7 114.9 124.5 146.8 158.5 156.3 151.9 160.4 162.6 164 165.5 167 167.5 166.3 166.5 169.1 171.5 171.3 170.2 170.7 170.3 170.3 170.5 167.6 163.3 160.9 168 170.3 172.5 174.5 174.8 174.1 172.2 160.5
184.1 185 185.3 183.9 184.2 183.2 182.1 180.7 179.2 178.7 176.7 174.7 173.1 170.2 153.3 147.7 155.6 160.1 153.1 139.3 123.1 112.3 97.4 79 77.8 77.4 77.4 77.3 77.4 78.4 78.3 79.4 78.8 79.7 80.7 81 80.8 80.9 81.4 81.9 83.3 84.5 85.1 85.6 89.5 90.8 100.8 116.8 145.5 127.4 146.2 155 157.9 159.5 160.5 161.2 161.5 160.9 162.8 164.5 166.1 165.9 163.9 165.2 165.5 165.6 164.5 161.5 160.2 157.4 163.6 167.6 169.9 170.9 170.9 160.4 140.5 127
184.9 186.1 186.6 186.3 186.6 186 185.1 183.9 182.6 182.4 181.6 178.7 175.6 168.7 168.1 172.5 175.7 174.6 170.3 161.4 147 134.5 116 90.6 79.4 77.5 77.6 78.3 78.9 80.8 81.5 81.5 81.3 83.7 83.2 81.3 81.9 83.8 85 83.6 82.9 82.2 83.2 84.2 85.2 86.9 92.4 105.9 120.3 116.2 144.9 149.2 151.4 153.4 154.6 153.8 153.3 156 158.1 158.9 159.4 159.6 154.7 158.9 159.9 160.7 158.3 156.2 151.2 161 164.4 167.2 167.6 167.6 159.5 127.4 111.6 104
186.3 187.3 188.1 188.8 188.9 188.3 187.7 187 186.2 185.8 185.1 182.7 179.2 176.4 180.3 182.1 182.4 181 178.4 173.4 166 154.2 137 118.1 108.1 102.4 107.2 94.7 96.1 93.1 87.9 87 105.4 103.3 105.1 95.6 83.3 85 85.7 85.6 84.5 83.4 83.4 83.8 84 84.3 87.5 93.9 97.6 122.6 137.2 141 143.6 145.9 146.9 147.1 140.1 144.2 151 151.3 151.1 151.4 143.3 151.8 154.6 157.6 155.2 152.9 148.3 159.4 163.9 167.2 167 162.2 132.5 112.7 101.5 100.8
187.2 188.7 190.2 191.2 191.2 190.6 190.8 191.1 190.9 190.1 188.6 186.9 184.2 182.8 185.3 186.4 186.1 185 183.1 180 176.8 171.3 158.7 143.5 129.9 119.7 114.2 111.6 113.3 111.5 106.3 108.1 110 111.9 109.4 102.1 88.8 90.2 88.1 87.2 93.5 100 101.1 97.8 91.5 85.9 85.5 89 98.3 114.1 124 132.1 135.1 134.7 135.8 135.8 132 121 137.9 135 137.1 137.3 131.3 143.5 152.2 156.6 154.7 148.7 137.7 155 159.1 164.9 165.1 150 124.3 101.5 99.9 100.8
189.3 191 192.4 193.6 194.3 194.5 194.7 194.9 194.7 194.1 192.1 190.7 188.8 187.8 189 189.8 189.6 188.5 186.3 183.5 180 175.5 168.4 160.5 145.4 131.9 122.4 116.8 118.2 116.2 114.4 114.4 115.6 116.8 116.3 113 111.9 111.4 96.9 99.7 114 114.5 116.3 117.1 111 90.4 85.6 85.7 86.3 90.1 99.2 111.1 107.5 105.6 106.2 110.2 109.1 105.8 103.8 106.7 119.3 121.6 121.7 142.2 147.1 144.1 140.8 136.5 141.4 149.6 153.3 149.1 139 127.2 103.3 99.3 100.2 113.3
191.5 193.7 195.2 196.5 197.3 197.8 198.3 198.5 198.4 198.5 196.3 194.1 192.9 191.9 192.6 192.8 192.7 191.1 188.8 185.3 181.2 177.5 171.8 165.9 158.9 145.4 133.1 123.7 122.7 121.1 118.8 119.3 119.7 119.8 120.3 120 118.2 117.8 115.6 93.5 110 114.9 116.7 115.3 113.9 102.6 87.3 87.1 86.8 86.4 88.5 89.9 90.3 90.8 91.1 91.1 94 95 94.6 95.4 100.9 106.4 121.2 120 117.4 116.5 115.8 122.3 134.3 135.4 129.1 117.1 107.8 99.1 100 101 105.4 128.8
193.2 195.5 197.1 198.4 200 201 201.4 202 202.6 202.8 201.7 198.7 197.6 196.7 196.2 195.2 195.2 193.4 191.1 186.8 182.1 177.3 171.9 166.5 160.2 150.5 137.6 130.7 128.1 124.8 123.2 122.7 123.8 124.1 123.6 122.8 121.7 120.1 117.9 107.5 104.6 118.6 119.4 120 120.6 121.6 106.9 94.4 89.5 87.6 87.4 87.2 87.5 87.6 88.5 89 90 91.2 92.3 93.9 97.4 99.9 99.1 100.4 104.7 118.1 115.2 112.7 115.4 110.4 100.8 97.3 97.2 99.7 100.4 102.1 104.5 112.3
195.4 197.2 198.9 200.8 202.8 204.7 205.3 206.5 206.9 206.6 205.8 204.2 201.9 200.5 199.5 198.3 196.4 194.1 190.4 186.3 182.1 176.3 171 165.1 157.6 150 143.8 138.9 136.1 133.1 128.9 127.6 128 128.3 126.8 125.5 124.8 122.6 120.3 116.6 100.8 119.6 124 125.3 126.7 128 129.1 123.9 116.2 107.9 101.9 92.8 88.4 88 88.1 88.4 88.4 90.1 90.4 92.3 95.2 96.6 96.9 101.2 104.2 106.1 107.5 105.3 97 96.3 96.5 96.5 97.9 99.9 102.5 109.8 110.6 106.2
197.9 199.4 201.9 203.6 205.2 206.9 208.2 209.3 209.7 210.2 209.9 207 204.8 203.9 202.6 200.9 197.8 195.3 190.6 186.2 181.6 177.5 173 167.8 162.9 158.1 153.3 147.8 142.7 137.1 133.5 131.6 131.1 131.2 129.5 129.1 129 126.4 124.5 123 112.2 110.6 124.9 129.3 131.9 134.1 136.9 138.3 138.7 132.8 126.2 117.2 104.4 90 89.3 89.1 89.2 90 90.6 90.2 91.9 93.4 93.9 93.7 93.5 94 94.6 94.8 95.1 95 95.8 96.8 97.7 99 106 121 132 108.9
201 202.4 204.9 206.5 208.1 209.8 211.1 212 212.5 212.5 211 208.5 207.7 206 205.4 202.6 199.5 196.5 192 188.2 183.2 179.1 175.5 171.5 167 163.5 158.3 153.6 147.3 141.3 137.3 135.8 134.4 134.5 133.2 133.4 133.3 132.3 127.7 125.8 120.7 109.3 123.4 131.4 135.9 140.4 144.2 145.7 147.7 148.2 148.3 145 126.9 113.4 108 99.1 97.9 92.4 91.5 90.5 90.7 91.5 92 92.7 92.9 93.8 93.8 94.2 93.8 93.8 94.1 96 103.1 111.2 122.1 132 133.1 114.1
205.3 205.8 207.2 209.4 211 212.6 214.1 214.7 214.3 214.1 213 211.9 211.2 210 207.9 204.8 201.6 198.6 194.8 190.7 186.4 182.1 177.8 175 171.6 167.9 162.7 157.9 151.3 145.6 141.9 140.3 138.6 137.6 137.7 138.4 139.4 140.2 137.3 129.3 126.4 112.4 117.2 128.1 137.8 142.4 146.2 149 151 152.3 152.5 150.8 149.2 139.2 127.8 120.9 119.9 115.5 113.1 111.7 105 94.7 91.9 91.6 92.5 93.8 94.2 97 99.5 106 110.5 120.8 128.8 138.2 148.9 162.7 158.3 134.3
208.7 209.2 209.5 211.7 213.8 215.5 217 217 217 217.1 216 215.4 215 213.8 210.1 207.6 204.5 200.7 196.9 193.4 189.4 184.5 182 179.1 175.3 171.5 166.9 161.5 154.7 150.5 146.8 144.7 143 141.5 141.3 142.3 143.7 143.5 139.1 131.8 128.5 123.8 117.1 125.9 133.6 141.9 147.6 151.5 154.1 155.4 156.7 156.8 155.7 154.4 147.9 147.9 143.5 147.4 148.9 150.5 138.6 124.5 108.5 103.1 102.4 102.6 108.2 114 123.2 132 142.7 147.5 158.8 171.9 175.6 177.8 176.9 158.8
212.6 212.5 212.9 214.5 216.2 218.2 219.4 219.8 219.9 220 219.2 218.8 218.6 216.9 214.2 212 208.4 203.9 200.1 196.7 191.2 189.7 186.3 182.4 179.1 175.5 171 166 159.2 155.8 151.5 148.8 147.5 146.1 145.3 145.8 145 143.6 138.7 133.8 131 129.1 124 120.9 129.8 137.3 147.9 153.1 156.6 158.8 160.3 160.5 159.3 158.5 157.9 158.7 161.6 162.7 163.8 165.4 165.1 151.3 135.3 129.8 121.9 120.7 137.4 147.4 154.7 165.9 170.7 173.6 175.6 179.2 182.1 183.8 185.2 175.4
216.8 216 216.4 218 219.8 221.4 222.2 222.9 222.8 222.8 222.5 222.4 222.4 221.9 218.6 216.6 211.5 206.6 203.8 200.8 196.7 193.2 189.8 185.7 181.9 178.8 175.3 171.2 164 159.6 157.3 155.4 153.8 152.1 149.6 148 147.9 147.3 145.4 139.4 134.9 133.2 129.3 129 126.9 133.8 144.5 153 158.7 161 163.4 164.1 163.5 163.2 163 164.7 167.2 169 171.2 173.5 174.9 174.7 174.1 171.4 165 162.6 168.6 177.2 179.2 180.8 181.5 182.4 184.3 186.1 187.5 189.4 190.8 190.4
220.4 219.8 220.3 221.9 223.7 225.1 226 226.5 227.1 227.1 227.9 228 226.9 226.5 224.8 221.8 217.4 212.7 206.6 202.9 199.4 195.6 191.8 187.4 183.9 181 177.8 174.5 170.4 165.4 161.9 162.7 161.4 158.3 156.7 155.8 157 157.9 157.3 152.1 141.2 135.6 132.5 134.5 129.5 136.4 139.5 150.6 158.8 163.8 165.8 167.3 167.5 167.4 167.8 169 171.2 173.7 176.2 178.4 179.2 180.2 180.1 180.6 181.7 182.8 183.8 185.7 186.9 188.2 189.8 191.7 192.8 194 195 196.3 197.2 197.5
224.2 224 224.3 225.8 227.3 228.7 230 230.4 231.7 232.5 232.7 232.8 231.4 230.1 227.8 224 220 215.8 211.1 208.3 203.8 199.5 194.1 189.6 185.1 182.2 179.2 176.7 173.9 170.3 168.1 168.4 167.6 167.5 165.3 164.5 166.4 167.2 167 164.4 157.1 141.2 137.6 135.1 132.5 141.2 143.4 145.4 154.7 164.5 168.4 170.3 170.9 171.4 172.1 173.7 175.4 178.2 180.5 181.9 183.3 184.1 184.9 186.4 187.8 189.5 191 192.5 194.9 196.5 198 198.4 198.9 199.7 200.7 202.5 203.1 203.5
228.5 228.3 229.2 230.2 231.7 232.9 234.6 234.9 235.8 236.5 236.3 235.8 235.1 232.3 230.7 227.2 222.6 219.3 215.6 212.3 208.3 202.4 196.9 190.7 186.5 183.8 180.1 178.6 176.8 174.6 174.4 174.4 174.6 175 173.5 173 173.7 175.6 176.7 175.7 171.4 162.8 149 144 141.9 138.2 144 147.6 150.2 156.4 169.7 173 174.7 175.5 176.4 177.5 178.9 181.4 183.8 186.1 187.6 188.5 190.1 191.1 192.5 194 195.8 198.1 199.9 201.6 203.3 204.2 205.1 205.9 207.3 208 208.7 209.1
232.3 233.8 235.4 235.9 236.3 236.9 237.8 238 239.1 239.7 239.4 238.8 238 235.7 232.8 229.8 225.8 224.5 221.1 215.8 211.6 205.8 197 191.1 189.2 186.8 183.8 182 179.9 179.6 180 180.9 181.2 182.1 181.6 181.5 182.2 184.4 183.6 182.5 179.3 174.7 172.6 166.7 165 166.9 159.1 151 152.3 157.3 168.8 174 176.3 178 179.4 180.7 182.4 184.9 187.1 189.8 192.2 193.8 195 196.4 197.6 198.9 200.3 202.4 204.7 207.1 208.6 210 211.1 212.1 213.5 213.8 214.8 215.2
237.3 239 240.5 241.1 241.1 240.4 241.2 242.2 242.7 243 242.8 242.2 240.5 237.9 234.4 232 230.3 227.9 224.5 218.6 212.6 206.3 199.4 195.7 192.6 189.8 187.5 186.3 185.3 186.5 188.3 188.5 188.5 189.5 190.2 189.5 191.1 191.2 190.9 189.4 187.9 184.5 183.8 182.7 179.7 176.1 172.7 166.3 156.5 160.4 163.9 174.6 177 179.4 182 183.9 185.8 188.2 190.2 193.4 195.7 197.6 198.9 200.7 202 204.1 205.4 207.2 209.4 211.8 213.2 214.9 216.4 218.2 219.5 220.1 220.5 220.9
240.5 242.8 244.3 245.3 245.9 245.7 245.7 248.1 249.6 249 246.3 245.2 243 240.2 238.1 235.1 233 230.2 225.2 218.9 212.6 206.5 201.6 198 195.6 193.1 191.2 190 191.3 194.5 196.2 196.9 196.7 196.8 197.5 197 197.1 197.6 197 195.7 193.3 190.4 190.2 188.2 184.8 181.5 178 174.1 165.7 161.2 165.3 172.5 176.8 180.3 183.1 185.7 188.9 191.5 193.5 195.3 197.9 200.4 202.5 203.9 206.2 208 210.4 212.1 214.2 215.9 218 220.2 221.7 223.3 224.5 226.1 226.5 226.7
242.7 244.9 247.2 248.6 249.7 250.6 252.4 254.1 254 252.7 250.3 248.6 246.7 244.3 241.9 238.5 236.1 231.7 224.9 218.3 212.8 207.8 204.3 201.5 199.5 197.5 195.8 196.6 200.4 202.9 204.8 204.9 204.7 204.6 204.6 204.2 203.7 202.9 201.9 200.6 198.4 196.5 195.4 193 190.6 187 182.9 179.3 173.8 167 166.7 170.1 174.2 180.2 183.9 187 190.1 192.4 194.6 196.5 199.3 202 204.2 206 208.4 210.8 212.9 216 218.6 220.3 222.9 224.4 226.6 228.6 229.9 232.2 233 233.1
244.8 246.5 248.9 251.2 252.8 254.7 255.6 256 257.1 255.9 254.7 252.7 250.4 248.4 244.4 242.4 238.1 233.2 227.5 221.2 215.6 212.4 209.4 206.1 204.3 202.4 201.5 202.8 207.9 210.8 213.1 213.3 212.9 212.6 211.3 210.3 209.2 208.8 206.8 205.2 203.8 201.9 199.3 197.1 194.9 191.9 188.3 184.5 180.5 174.5 168.7 171.4 173.5 177.6 183.7 186.8 190 193 195 197.4 200.1 202.4 205.2 207.2 209.6 212.1 215 218.4 221.5 224.1 226.5 228.4 230.8 234.1 235.4 237.9 238.7 239.3
246 247.5 249.8 252.1 253.4 255.5 257.6 258.6 259.6 260 259.1 257.5 255.3 252.1 250 246.5 243 238.5 232.4 225.5 221.2 217.5 214.4 210.9 209.2 208 206.8 209 214 219.7 222.6 223.5 222.9 222.5 221.5 219.6 217.3 216 213.2 210.7 209.2 207 203.8 201.4 199.2 195.8 191.7 188.1 185.1 182.6 172.2 172.1 175.9 178.4 183.2 186.1 190 193.3 195.3 198.3 200.5 203 205.8 208.4 211.3 214.3 217.3 220.9 224.4 227.4 230.6 232.5 235 238.3 240.4 242.7 244.3 245.5
246.2 247.2 249.2 251.3 253.2 255 258 260 261.6 262.1 261.9 260.9 260 257.7 255.1 252.1 248.3 243.1 237.6 232.5 228.5 223.7 219.8 216.4 214.3 213.6 213.4 217.2 222.3 227.6 231.1 232.9 232.9 232.7 231.2 228.7 226.2 222.6 218.5 215.3 213.7 211.5 208.5 205.8 203.5 199.2 195.5 191.9 188.4 186.6 183.9 176.3 177.1 180.3 183.2 185.8 190.2 193.2 196.2 199.2 201.9 205.2 207.2 210.1 213.6 217.1 220.9 224.7 227.6 230.6 234 237 240.3 242.4 245.8 249.2 250.9 251.5
245.1 246.5 248.3 250.2 252.6 255.3 258.2 260.5 262.1 263 264.2 264.1 263.5 262.5 260.4 257.6 253.9 249.1 244.1 239.1 234.3 230.2 225.8 223.5 220.8 219.5 220.6 225.2 230.4 234.5 237.7 240.1 241.3 241.6 239.5 237.8 234.4 230.4 224.8 220.3 217.9 215.8 213.7 211.7 207.5 203.1 198.6 196 192 189.8 187.3 185.9 179.6 181.7 183.5 186.5 189.5 192.5 196.6 198.9 202.4 205.6 208.3 211.7 215 218.4 222 225.9 229.6 232.8 236.6 240.1 243.9 246.3 251.1 254 255.7 255.8
242.6 245.2 247.3 248.7 251 255.1 257.5 260.4 262.5 264.3 266 267 266.9 266.5 265.6 263.1 260 254.6 249.2 244.9 240.9 237.7 235 233.7 231.4 228.1 230.2 233.6 238.1 241.4 244.5 247.6 249.1 249.4 248.1 246.2 242.8 238.2 233.4 228.6 223.8 220.1 217.7 215.7 212.1 207.2 201.6 197.2 195.5 192.7 190.5 188.6 186 181.9 184.6 187.9 189.4 192.6 195.7 198.3 202 205.5 208.5 211.6 214.6 218.5 222.9 226.8 230.5 233.3 237.4 241.4 246 250.1 253.7 257.3 259.1 259.2
