webserver/python/data/SN14.asc
ncols 200
nrows 200
xllcorner 210000
yllcorner 240000
cellsize 50
[rows 148 to 184 of 200, columns 83 to 165 of 200]
124 129.1 132.9 136.4 139 141.6 144 146.5 148.9 149.9 150.2 150.7 151.3 152.1 153.1 154.1 155.1 155.4 155.7 155.9 156.3 156.7 156.7 156.5 156 155.5 154.6 153.4 152.4 150.3 148.1 145 141 137.1 128.5 102.6 103.9 95.1 92.1 96.6 104.6 107.2 105.3 101.1 97.1 92.3 86.8 77.8 60.3 58.1 74.4 75.5 74.9 73.4 71.2 68.8 66 63.3 60.3 44 35.3 52.5 52.7 51.5 49.3 46.5 46.3 48.9 49.4 50.1 51.6 51.3 50.2 50.3 49.8 47.2 46.3 45.6 44.4 42.5 41.3 40.2 39.6
124.5 129.3 132.6 135.7 139.2 141.5 144 146.4 148.5 149 149 149.9 150.9 151.7 152.7 153.5 154.3 154.9 155.3 155.7 156.1 156.5 156.7 156.4 155.9 155.4 154.7 153.8 152.6 150.5 148.4 145.5 142.1 137.8 133.6 123.8 119 111.1 100.6 81.8 82.1 86.3 93.8 98.1 94.7 91.3 85.3 79.7 58.3 48.7 68.9 73.6 72.5 70.8 68.8 66.9 64.8 62.6 58.4 43.6 55.4 55.4 52 51.3 50.3 49.2 49.8 52.1 52.1 51.5 51.8 51.3 50.3 48.9 47.5 46.6 44.7 44 43.5 41.5 40.6 39.3 39.5
122.3 128.5 132.1 135.2 138.5 141.2 143.5 145.2 146.3 146.9 148 149 150 150.9 151.5 153.5 154.5 154.8 154.8 155.2 155.7 156 156.2 156.2 155.6 154.9 154.3 153.8 152.5 150.3 148.1 145.3 141.8 138.6 134.7 130 124.7 122.6 116.9 98.8 77.6 71.1 77.4 94.6 92.4 88.1 82.8 77.2 51.2 43.6 62.8 72.4 70.4 67 64.6 63.5 62.6 59.2 37 39.5 46 47.2 49.9 51.1 51.7 52.2 52.8 53.8 54.3 53.5 52.6 52.1 51.2 48.9 46.8 45.2 43.4 41.6 40.4 40.3 39.4 36.9 36.6
117.5 125.6 131.2 134.5 137.6 140.3 141.9 143.6 144.2 145.7 147 148 148.9 149.9 150.5 151.1 151.6 153.6 154 154.6 155.1 155.4 155.5 155.5 155 154.2 153.6 153.1 151.7 149.7 147.7 145.3 142.2 139.4 135.3 131.1 128.3 123.9 118.9 108.3 93.6 70.4 68.1 88.3 88.3 85.1 81.2 75.6 48.4 42.3 53.4 64.1 56.4 47.9 43.8 41.4 40.6 35.8 35.3 36.5 41.4 46.2 50.3 52.8 53.7 54.3 55.3 55.9 55.7 54.3 53 51.5 49.4 48 46 44.3 41.9 40.3 39 38.9 38 35.8 36.1
116.5 123.8 130.1 133.9 136.6 139.1 140.3 141.6 143 144.4 145.9 147 147.9 148.8 149.5 150.6 151.7 152.5 153.2 153.7 154.2 154.7 154.7 154.6 154.1 153.4 152.8 152.1 151 149.2 147.4 145.8 142.7 139.1 136.4 132.4 128.6 125.1 119.8 112.2 86.6 66.3 61.6 74.8 86 84.1 80.8 74.6 48.5 40.6 39.7 38.5 38.3 37.4 37.8 36.9 37.6 37.2 36.9 40 39.8 44 49.9 53 53.9 55.8 56.5 56.9 56 54.2 53.2 52 50.7 48.4 47 43.9 42 40.4 39 37.8 36.1 35.6 35.3
113.8 121.9 128.4 132.4 135 136.6 138.4 140.2 141.7 143.1 144.6 146 146.9 147.8 149 150.1 150.9 151.6 152.3 152.7 153.2 153.6 153.6 153.4 153 152.4 151.8 150.8 150 148.4 146.8 145.2 142.3 139.5 136.3 132 128.3 123.7 118.1 106.1 75.6 61.2 59.1 65.3 86.1 83.4 80.5 72.2 46.1 40.8 41.5 39.6 39.7 38.3 40.1 40.5 42.9 40.5 39.8 45.8 43.9 43.8 51.6 54.6 55.5 56 56.5 57.3 55.4 53.3 52.7 52.2 50.2 48.2 46.5 43.4 42.1 40.5 38.8 36.5 37.1 38.5 39.8
115 118.6 124.5 129.2 132.2 134.5 137.2 138.8 140.3 141.8 143.3 144.8 146 147.1 148.4 149.3 149.8 150.3 151.1 151.5 152 152.4 152.5 152.3 151.8 151.2 150.6 150 149.2 147.7 146.2 144.5 141.7 138.7 135.5 131.4 126.1 120.9 112.3 95.4 68.2 56.6 55.5 63.2 86.9 83 79.1 60.7 41.5 41.6 45.1 46.2 45.2 46.1 48.6 49.6 48.2 40.8 43.7 50.3 49.9 47.8 53.7 56.1 56.4 56.3 57.3 57.7 55.6 52.7 50.6 50.4 49.5 47.6 46.6 40.6 40.1 38.1 39 38.4 38.8 39.7 41.6
117.7 117.2 119.6 125.4 129.8 132.9 135.8 137.4 138.9 140.4 142 143.6 145.2 146.6 147.7 147.9 148.2 148.7 150 150.4 150.8 151.2 151.5 151.3 151.4 150.5 149.6 148.9 148 147 145.5 143.4 140.6 137.5 134.7 130.7 125.8 118.4 99 80.5 62.7 55.6 53.1 62.6 81.1 73.6 64.3 45.4 41.2 44.7 49.4 59.9 51.3 51.7 55.1 54.1 49.6 41.6 44.1 51.2 54.5 54.4 55.6 55.7 57.1 57.1 59.8 58.5 57 52.4 50.6 48.2 47.6 45 42.1 39.6 40.2 41 40.3 40.7 39.8 41.5 42.1
121.9 120.2 119.1 120.8 126.8 130.7 134.1 136.3 138.4 140.2 141.9 143.5 144.9 146 146.7 146.9 146.8 147.6 148.8 149.2 149.6 150 150.4 150.4 150 149.3 148.5 147.7 146.8 145.7 143.9 141.7 139.3 136.6 133.8 130.2 125.3 116.8 106.1 77.1 59.4 54.4 49.7 58 56.6 50 44.5 42.8 44.7 56 51.4 61.4 59.3 57.7 61.6 54.7 46.8 47.1 49.6 52.7 58.4 57.1 58.9 58.8 59.3 60.4 62.4 59.7 58.6 52.9 50.6 47.7 45.6 41.9 41.9 41.2 41.6 41.5 41.9 42.1 42.4 42.4 42.3
123.7 122.3 122.1 122.3 122.8 128.6 133.6 135.8 137.8 139.8 141.8 143.3 144.8 145.6 146 145.5 144.8 146.5 147.6 148 148.3 148.6 148.9 149 148.5 147.9 147.3 146.5 145.1 144.1 141.9 139.8 137 134.6 132.2 129.3 124.5 115.3 96.7 76.8 55.7 51.4 49.1 45.4 43.4 44.8 45.6 48.5 58.4 63.3 56.7 57.4 62.8 63.2 60.1 55.9 51.7 53.6 56.4 57.7 60.5 59.8 60.5 60.9 63.4 66.3 65.4 59.9 55.5 51.8 49.8 46.9 43.8 41.7 43.7 42.9 42.7 42.2 43 43.3 44 44.7 44.6
126.3 124.2 124.9 126.1 125.9 127.3 132.3 136.9 138 139.4 141.7 143.4 144.6 145.2 145.2 144.7 144.5 145.8 146.4 146.6 146.8 147.1 147.3 147.6 147.1 146.5 145.8 145.1 143.9 142.8 140 137.8 134.8 132.2 131 127.6 120.9 101.4 79.8 61.8 53.3 49.6 47.6 44.8 48.8 51.2 48.2 55.4 67.6 62 59.5 60 64.3 67.7 65.4 62.4 56.9 60.6 63.4 62.6 63.5 62.1 62.8 63.2 69 71.6 66.3 59 55.4 53.2 51.2 43.7 43.5 47.1 46.4 46.1 45.2 44.1 44.3 44.5 45.2 45.6 45.8
129 127.7 131.1 130.8 130.2 127.8 131.6 136 138.9 140.4 142.1 143.2 144.3 144.5 144.2 143.7 143 144.6 145.3 145.5 145.7 145.9 146.1 146.2 145.7 145.1 144.6 143.9 142.8 142.2 139.8 137 131.1 121.2 117 108.1 101.1 88.6 64.3 57.1 52.9 50.2 48.2 46.2 48.9 53.2 54.1 57.7 60.2 61.7 61 63.4 67.5 70.9 71 66.7 67.4 67.4 66.8 65.1 65 63 63.5 65.7 70.2 72.1 65.8 57.1 53.7 52.4 47.3 47.3 48.7 49.5 50 50.5 49.1 47.1 46.3 46 46.2 46.4 46.8
132.7 132.6 133.3 133.9 132.8 129.9 131.7 134.7 138 141.3 142.2 142.6 143.7 143.6 143.1 142 141.8 143.2 144.2 144.4 144.5 144.7 144.9 144.9 144.7 143.9 143.3 142.9 142 141.5 138.8 135.4 116.3 107 103.7 98.7 96.1 88.1 63.9 56.2 53.2 50 47.9 46 50.3 55.6 58 58.8 61.1 63 63.7 68.3 75.4 75.6 73.9 73.4 72.5 71 68.1 66.7 64.4 62.7 62.4 64.7 67.3 66 56.3 51.4 49.3 47.1 43 48.5 51.3 52.7 54.9 54.9 57.3 52.9 50.3 49.7 50.1 50.9 50.8
135.6 136.1 135.2 135.2 133.8 133.5 134.6 137.2 139.4 140.5 140.6 140.5 141.2 142 141.6 140.8 140.6 142.3 143 143.2 143.4 143.6 143.6 143.6 143.6 143 142.2 142.8 141.7 140.2 136.7 123.8 113.2 109.1 106.5 104.6 99.1 89.1 66 58.1 55.5 52.2 47.2 58.9 61 61.7 61.9 61.8 64.3 67.7 74.1 81 79.7 78.5 76 74.7 73.6 70.7 68.1 65.7 63.6 62.1 60.8 60.1 60.2 54.9 51.9 47.2 47.3 43.5 44.5 50.6 56.9 58.8 62.1 63.2 62.3 62.9 58.4 56.8 55.2 57.2 59.2
136.9 136.8 136.6 135.5 135.1 135.9 137.5 138 139.1 139.6 138.7 138.3 138.9 139.4 139.6 139.2 139.4 141.2 141.5 141.6 141.8 142.4 142.6 142.6 142.5 141.5 141.5 141.5 140.6 137.9 126.4 116.7 117 115 121 119.5 109.9 90.5 68.3 58.7 55.3 53.3 51.5 72 78 82 85.9 83.6 79.3 87.1 87 85.3 82.9 80.1 77.6 75.1 72.4 69.3 67.1 64.9 63.4 61.8 59 56.3 55.7 56.1 55.4 53 52.2 46 45.8 52.8 62 63.8 66.2 65.5 70.8 73 71.3 64 64.2 64.5 73.7
137.2 136.2 135.1 134.9 134.3 136.4 137.8 138.3 138.7 138.8 138.1 137.5 137.4 137.4 137.5 137.8 138.7 139.8 139.9 140 140.2 141.2 141.7 141.4 140.8 139.5 140.2 140 138.1 133.2 122.8 122.8 124.7 132.3 133.7 133.1 128.5 99.1 71.8 59.3 55.8 51.6 50 51.1 62.4 87.3 98.3 97.3 95.7 93.5 91.2 88.6 85.6 82.4 79.7 77.1 73.8 70.1 66.9 65.2 63.8 60.9 57.7 56.4 58.4 59.1 59.3 55.2 53.3 50.1 47.1 52.4 65.2 68 69.8 71.2 74.4 76.1 76.6 75.6 70.3 71.4 80.5
134.6 132.5 132.3 132.6 133.7 135.5 136.9 137.8 138.4 138.2 137.8 137.3 137.2 137.4 137.2 136.9 138.6 139.2 138.2 138.3 138.8 139.9 139.4 139 138.3 138.3 138.3 138.4 136.9 130.4 127.5 130.9 135 138.2 137.5 135.6 131.4 112.6 77.2 60.8 57.2 55.2 51.5 50.5 55.2 84.3 100.2 100.7 99.3 97.2 94.5 91.3 88.2 84.9 82 79.2 75.5 71.2 67 65 63.7 61.2 59.2 58.4 60.4 61.1 61.5 57.4 55.1 49.9 47.7 52 62.2 72 72.7 74 77.1 79.4 81 82.5 82.6 84.3 87.2
135.2 132.8 129.4 129.4 131.3 133.3 135.9 137.1 137.3 136.9 136.5 136.5 137.1 137.2 136.9 136.8 138.4 138.6 137.6 136.5 136.8 137.4 137.3 136.7 137.8 136.7 137.8 137.7 134.7 134.4 135.9 140.2 141.3 141.4 140.1 138.2 135 126.1 94.5 71.7 63.3 59.6 52.1 51.2 54.2 74.3 102.7 103.8 102.6 100.3 97.2 94.1 90.9 87.6 84.2 80.8 77.2 72.9 68.6 64.1 61.7 61.2 61.7 59.9 62.3 63.2 62.1 60 58.4 52.2 49.3 52 61 74.3 75.5 76.7 79.6 82.5 85.2 86.5 87.8 89.7 91.4
134 131.3 128.1 126 129.6 131.8 134.6 136.1 136 135.6 134.7 135.8 136.7 136.6 135.2 136.5 136.9 136.2 135.1 134.2 133.9 134.7 135.6 136 137.5 137.1 138.3 139.2 140.3 141.8 143.7 143.7 143.8 143.6 142.2 140.8 137.9 132.3 114.5 90.3 75 76.2 58.5 51.4 54.8 64 94.1 106.1 105.5 102.9 99.8 96.5 93.1 89.2 85.9 82.5 78.9 74.6 70.5 66.3 61.9 63.5 63.2 61.2 64.3 65.7 65 64.5 63.6 58.2 49.1 50.7 55.5 76.2 77.9 79.4 82.7 85.8 88.8 90.1 91.2 92.5 93.8
133.4 130.8 126.3 125.5 129.3 131.2 132.3 133.8 134.5 134.2 133.8 135 135.3 134.7 133.1 133.9 133.5 130.6 133 134.4 135.4 136.4 137.6 138.7 140.1 141.2 143 144.2 144.8 145.7 145.8 145.9 145.9 144.7 143.3 141.9 140.7 136.3 129 110.8 93.2 82.7 66.6 52.1 53.5 61.9 87.5 108.4 108.1 105.3 101.9 98.5 95.1 91.2 87.4 84.1 80.7 77.1 73.2 69.3 65.2 65.5 65.3 62.7 66.3 67.9 67.1 67.6 67.8 60.2 52.6 53.5 52.8 63.4 76.9 81.7 85.8 88.8 90.7 92.2 93.1 94.4 95.9
132.6 130.8 129 122.6 125.9 127 129.3 130.9 131.5 130.5 131.9 132.1 132.2 131.1 129.9 129.6 129.5 132.9 134.9 136.4 137.8 138.8 139.5 141.1 142.6 144.1 145.4 146.3 146.6 146.7 147.1 147.1 146.8 145.8 144.5 143.2 142 139.1 132.5 122.7 111 92.6 76.5 54.7 54.4 61.8 84.6 111 110.4 107 103.6 100.4 97 93 89 86.1 82.4 78.7 75 70.6 67.6 68 67.6 65.2 68.1 69.9 70 69.5 69.1 57.7 54.9 56.6 55.9 57.4 77 82.9 87.6 90.2 91.8 93.4 94.9 96 98.1
132.3 130.7 128.1 122.8 123.8 125.4 126.5 126.7 127.8 128.6 129.3 129.7 130 128.6 127.3 127.5 131.7 133.8 135.7 137.4 138.6 140.5 141.6 142.8 144.1 144.8 145.8 146.9 147.3 147.6 147.5 147.3 147.1 146.5 145 143.8 142.2 139.7 134.2 126.8 120.6 95.4 68.9 55.1 54.9 63.1 87.7 106.7 111.7 107.8 104.7 101.7 98 93.9 90.8 87.6 84 79.2 75.2 70.2 70.8 72.2 70.8 66.3 70.4 71.9 71.7 71.5 69.7 58.5 55.8 61.3 58.4 56.1 68 82.6 87.8 91.3 93 94.7 96.4 97.4 99.3
131.5 129.3 124.9 119.5 119.2 122.1 123.7 124 125.9 127 127.2 127.4 127.6 126.3 126.1 127.6 132.3 134.6 136.1 138 139.4 141.5 142.4 143.6 144.6 145.3 146.1 147.2 147.5 147.6 147.4 146.7 146.4 146.2 145.4 144.3 142.4 140.4 136.6 130.2 123.1 87.5 60.2 55.9 56.9 70.8 96.9 113.2 111.5 108.1 104.9 99.2 94.3 95.7 92.5 88.9 85.4 81.2 72.5 73.1 74.5 74.9 71.3 69.2 73.1 74.3 74 73.7 72.8 63.9 57 68.4 74.8 66.5 60.1 75.4 86.4 90.7 93.3 95.3 97.2 98.7 100.5
130.5 128.5 122.2 119.2 120.5 119.7 119.9 121.9 123.8 124.6 125.3 125.4 124.5 124.5 126.2 131.2 133.4 135.1 136.6 138.4 141.1 142.2 143.3 144.4 145.2 145.9 146.5 147.1 147.3 147.6 147.3 146.7 146 145.6 145.2 144.2 142.6 140.9 138.7 134.7 115.7 81.3 58.7 57 58.6 82.8 105.5 112.8 105.1 99.6 98.9 99.5 97.8 89.9 90.7 83.6 78.9 75.7 76.5 76.3 76.9 77.5 72.3 75.2 76.4 76.6 76.3 75.9 75.3 71.6 58.3 66.6 78 80.1 81.4 66.7 79 88.2 92.7 95.6 98.2 100.7 101.9
129.3 126.3 118.2 122.4 124.3 123.3 120.2 120.7 121.5 121.4 122.4 122.8 123.3 125.6 129.9 131.9 133.9 135.3 136.9 139.3 141.1 142.2 143.3 144.6 145.2 145.9 146.6 146.7 147 147.3 146.8 146.1 145.4 144.7 144.2 143.2 143 142.2 140.6 136.7 114.5 85.8 60.8 57.3 59.5 83.2 96.4 100.5 102.2 111.3 110.1 107 104 100.9 92.2 92.2 88.4 86.4 83.8 81.2 80.9 79.5 74 78.5 79 79.3 79 78.6 78.3 76.8 63.3 69.6 79.8 81.9 83 83 69.5 82.3 90.4 94.9 98.5 101.4 103.4
124.2 117.7 120.3 125.7 126.5 126.3 123.7 121.3 121.3 121.3 121.9 122.8 126.3 128.5 130.1 131.9 133.8 135.5 137.3 139.3 140.9 142 143.3 144.5 145.1 145.7 146.4 146.3 146.5 146.6 145.9 145.3 144.5 143.8 143 142.7 142.5 142 141.7 139.4 117.1 89 65.3 57.9 61.1 77.5 110.5 117.7 116.4 114.9 112.8 110.2 107.4 104.2 100.6 96.9 92.9 89.3 87.1 85.9 83.8 81.4 79.9 81.2 81.4 81.8 81.7 81.4 81.2 79.9 65.9 72.5 81.6 83.4 84.8 85.2 83.7 79.7 83.9 93.3 97.9 100.6 102.2
114.4 123.6 126.1 127.8 127.9 128 127 123.6 122.5 122.6 123 123.2 126.8 128.4 129.3 130.6 132.7 134.5 136.6 138.5 140.4 141.9 143.8 144.4 145 145.6 146.3 146.2 146 145.8 145.1 144.3 143.5 142.8 142.4 142.2 142.1 141.8 141.8 139.8 114.8 87.5 66.7 59.9 62.4 78.9 112.7 121.6 119.9 118.3 116.5 114 111.6 108.6 105.2 100.9 97.2 94.6 91.4 89.7 87.2 83.3 82.8 84.5 85 84.2 84.4 84.3 84.1 82.8 67.6 79.1 83.3 85.3 86.9 87.2 87.9 88.1 86.5 83.7 92.3 96.9 99.3
121.6 126.6 128.1 129.2 129.2 129.1 128.5 126.3 124.9 124.6 124.6 123.2 126.4 128 128 129.4 131.6 133.4 135.5 137.8 140.1 142.2 143.7 144.3 144.9 145.4 145.7 145.8 146 145 144 143 142.3 141.6 141.2 140.9 140.7 141.1 141 132.5 111.6 75.8 60.5 61.6 68.9 88 118.8 124.1 123.4 121.8 120 117.9 114.7 112 108.8 105.6 102.5 99.3 96.3 94 91.1 88 87.3 88.5 88.4 87.8 87 87.3 87 84.5 71.6 79.7 85.1 87.5 89 90.2 90 90.7 92.2 91.6 89.2 89.7 94.7
120.8 126 128.6 130.3 130.1 130.2 129.9 128 127 127.1 125.3 124.1 125.9 127.6 127.5 127.6 128.2 130 133.4 136.1 138.4 141.3 143.1 143.7 144.3 145 144.6 144.7 144.8 143.7 142.2 140.8 140 140 139.7 139.2 139.2 139.8 138.2 121.3 90 62.4 62.9 66.4 77.6 97.3 125.1 126.8 126.4 125.3 123.2 120.5 117.3 114.3 111.8 109.4 106.5 103.5 100.8 98.6 95.3 90.9 91.6 92.6 92.1 90.9 90.2 90.3 89.4 85.1 73 76.9 86 88.9 90.8 91.9 92.5 93.2 93.8 94.2 93.8 91.7 90.5
119.1 122.8 127.7 130.1 131 131.4 131.3 130 129.2 128.2 127.6 126.3 126 127.3 127.4 127.5 127.5 127.3 128.2 128.5 132.4 131.4 135.2 132.6 134.1 140.6 142.4 142.1 141.2 139.4 138.7 136.8 137.9 137.3 137.4 137.3 137.7 137.9 134.8 108.1 76.4 63.2 66 72.8 90.9 111.8 127.9 128.4 128.3 127.6 126.3 123.2 120.9 118 115.6 113.2 110.1 107 104.5 102.3 99.3 94.6 96.8 96.7 96.7 95 93.6 92.5 88.9 87 83.3 74.9 85.3 90.1 91.7 92 93.7 95 95.7 96.1 96.5 94.8 94.3
121.2 124 127.8 130.8 132.2 132.7 133.1 132.3 131.5 130.3 129.6 127.4 126.9 128.2 128.7 128.5 127.9 128.8 128.3 129.6 127.7 126.4 125.6 125.1 125 124.7 125.2 125.7 126 133.5 132.7 130.3 132.9 133.7 133.7 134.2 135.6 135.6 131.8 96.5 68.6 64.9 69.8 89.8 111.3 125.1 128.3 129.8 130.6 129.9 129.5 127.4 125.5 122.4 119.5 117 114 110.9 108.2 105.9 102.7 97.9 101 101.5 100.9 99.7 97.9 95.6 93.6 93.4 91.3 80.3 80.6 87.4 89.9 91.4 93 95.2 97.6 98.8 99.6 98.5 96.7
124.5 127.1 129.6 132 133.7 134.5 135 134.9 133.6 131.5 130 128 128.2 129.2 130.2 132.4 133.5 133.7 133 131.4 131.4 131 131 130.2 128.9 127.3 126 124.3 123.7 123.3 122.5 121.7 122.7 130.5 130.5 130.2 133.4 133.2 128.3 97.1 71.2 66.4 78 113 125.2 128.7 131.8 134 134 133.2 132.5 131.4 128.5 124.7 123.4 120.5 117.9 115.9 112.4 110 107.4 102.4 105 105.2 104.4 103.1 102.3 99.4 98.8 100.7 98.5 93.4 80.3 82.4 87.1 92 94 98 100.6 102.3 103 102 100.3
129.4 129.9 131.3 134.4 136.3 136.7 136.7 136.7 135.3 133.1 131.2 128.4 128.8 131.3 133.1 135.4 137.2 138.5 138.7 137.6 134.1 138.4 139.3 139.1 137.7 138 137.8 136.1 135.2 132.2 127.2 125.3 122.4 123.4 127.9 112.2 129.4 129.3 115.4 87.2 71.4 69.3 86.9 115.6 128.9 133.7 136.7 137.3 137.3 136.7 136.3 134.7 132.4 129.7 127.2 124.6 121.8 120.3 117.9 114.9 111.2 105.4 108.5 108.9 108.1 107.3 106.2 104.1 103.9 104.4 103.9 99.9 92.1 91.7 95 99.9 94.6 100.3 103.3 105.5 106.4 105.8 103.5
134 134.9 134.4 138.1 139.2 139.1 138.9 138.5 137 134.6 132.6 130.9 130.4 133.4 135.3 137.4 139.1 140.1 140.4 139.7 136.9 140.6 142 142.1 142.2 142.7 142.9 142.8 142 140.8 136.3 130.1 122.5 114.2 113.1 119 101.8 116.5 104.6 76 69.1 74.1 98.3 130.2 136.4 138.1 139.4 140.2 140.1 139.7 139.2 137.8 135.6 134 131.5 129.1 126 124.3 121.9 119.1 115.4 110.7 112.2 113.7 112.8 112 110 109.3 108.5 107.9 107.3 105.4 102.9 102.9 102.5 101.9 97.4 102.4 105.6 107.8 109 109.3 107.7
137.5 138.1 138.7 139.2 140.8 141.2 140.7 140 138.5 136.3 133.9 132 131.4 134.1 136.5 138.6 140.4 141.2 141.7 141.1 140.2 141.2 144.1 144.2 144.6 145.1 145.2 144.9 144.2 142.6 139 133.6 128.6 125.2 122.2 116.1 88.9 93.7 80.8 71.7 70.6 93 122.9 136.5 139.3 140.3 141.6 142.7 142.4 142.2 141.9 140.8 139.1 137.5 135.8 133.4 130.6 128.3 125.9 122.8 119 114.7 117.4 118.2 117.6 116.7 114.8 114.2 114 112.7 112.4 111.3 109.8 109.2 107.5 105.2 102.8 104.3 107.7 110.3 111.8 112.2 110.9
140.5 141.2 141.9 141.8 143 142.8 142.5 141.5 140 138 135.5 133.6 132.8 134.9 137.5 139.7 141.4 142.3 142.9 143.5 142.2 141.3 145.1 146.1 146.7 146.8 146.8 146.7 145.7 143.4 139.8 136.6 132.5 126.3 119.6 106.4 88.2 78.4 74.7 79.4 74.5 116.9 134.1 138.8 140.9 142.4 143.6 144.7 144.9 144.6 144.3 143.6 142.2 140.6 139 137.3 135.2 132.4 129.6 126.2 122.6 118.9 121.8 122.6 122.5 121.1 120.2 118.7 118.9 118.9 117.4 117 115.5 113.4 111.3 109.7 107.4 107.9 110.2 112.9 114.1 114.8 113.2
143.5 144.6 144.9 145 145.1 144.7 144.4 143.2 141.6 139.6 137 134.9 134.5 136.2 138.4 140.6 142.4 143.4 144.1 144.7 144.6 143.6 145.8 146.8 147.9 148.5 148.5 148.6 147.3 144.7 140.9 137.2 134.8 130.4 128.6 126.5 125.1 121 122.9 99.7 75.5 114.7 134.5 139.9 142.2 143.8 145.3 146.2 146.9 147 146.7 146.4 145.1 143.6 142 140.4 138.7 136.2 133 129.6 126.2 123 125.8 127.2 127.9 127 125.3 124.8 125.6 125.2 123.5 122 119.5 117.5 115.4 113.9 113.3 112.9 115.4 116.8 117.4 117 115.8
