webserver/python/data/SN23.asc
ncols 200
nrows 200
xllcorner 220000
yllcorner 230000
cellsize 50
[rows 70 to 104 of 200, columns 0 to 78 of 200]
200.3 200.2 200.1 198.1 196.4 194.7 192.7 190.7 189.2 187.3 185 182.5 179.6 177.7 177.2 177 176.4 175.7 174.4 173.1 170.6 167.5 164.9 159.6 153.6 140.6 120.7 125 139.7 144.6 147.6 149.2 150.3 150.8 150.7 150.6 149.5 148.6 148.2 146.2 144.4 141.9 137.7 131.3 126.7 131.1 139.8 145 149.2 154.7 158.6 161.1 162.9 164.7 165.8 167.2 168.3 168.6 168.9 168.5 168.2 167.7 168.8 170.2 171.6 172.4 174 176.1 177.9 180.8 183.6 185.3 187 187.9 188 187.1 185.4 182.5 178.1
203.1 203.4 203.6 202.8 202.6 201.4 199.5 197.9 196.4 193.9 191.2 188.6 186 184.7 184 183.3 182.6 181.6 179.8 178 175 170.4 167.4 161.9 155.4 142 125 126.9 139.5 145 148.4 150.5 152 152.6 153.1 153.4 152.9 152.7 151.8 149.9 147.9 145.3 141.1 136.4 131.8 131.2 139.1 146 151.2 156.4 160.6 163.3 165.4 167.2 169.5 170.6 171.8 171.9 172.2 172.7 172.8 173.1 174.3 176.9 178.8 180.1 181.3 181.8 182.5 184.6 186.7 188.1 189.2 189.9 189.7 187.9 186 182.3 177
205.6 206.6 206.9 206.7 206.7 206.5 205.7 205.1 203.5 200.9 197.9 195 193.3 191.9 190.3 189.2 188 186.9 184.4 182.7 179.3 174.1 169.1 163.5 155.8 143.4 125.3 126.9 138.4 144.9 148.6 151.3 152.5 154 155.4 155.9 155.9 155.7 154.8 153.7 151.7 149.4 145.3 141.9 138.4 134.1 138.8 146.7 152.1 157.7 162.1 165.1 167.9 170.6 173 174.3 175 175.4 175.9 176.7 177.5 178.9 180.6 183.4 183.8 184.8 185.5 186.3 187 188.8 190.1 190.9 191.8 191.9 191.2 189.8 186.8 182.1 176.3
208.8 209.7 210.4 211.5 212.2 212.5 211.8 211.5 211 208.9 205.3 202.5 200.9 199.7 198.2 196.6 195.3 193.2 189.7 187.4 183.2 178.8 173.5 166.3 157.8 143.5 128.3 125.8 137.3 144.8 148.5 152.3 154 156.3 157.9 158.4 158.7 158.5 157.8 156.6 155.4 152.8 149.6 146.5 144.5 139.7 135.9 143.9 152.5 158.2 163.2 167.2 170.8 174.2 175.8 177.1 178.4 179.3 180.2 181.3 184 186.2 187.3 188.6 189.9 190.8 190 190.8 192 192.6 193.3 193.8 194.6 193.5 192.7 191.4 187.2 182.7 177.1
210.6 212.4 214.3 216.6 218.1 218.8 218.6 218.4 217.5 215.1 213.1 211.1 209.3 207.7 206.9 205.1 203.4 200.2 196.8 191.9 187.4 181.8 176.1 169.4 159 146.1 131.2 124.8 136.6 144.5 149.3 153.6 156.3 158.6 160.2 160.9 161.4 161.3 160.8 159.6 158.7 157.2 154.4 151.2 148.7 147.3 142.1 143.5 151.7 158.6 162.6 168.4 173.7 176.8 179.1 180.4 181.6 183.1 184.4 187 188.8 190 191.5 193.2 194.1 195.6 196.4 195.8 197.7 196.5 196.5 197 197.1 196.5 194.6 192.3 188.1 184.3 179.9
212.7 215.1 217.7 220.9 223.4 224.8 225.9 225.6 225.2 223.5 221.8 219.7 217.8 216.7 215.1 214 211.9 208.1 203.5 198.6 193.3 187.3 180.2 172.7 163.2 149.1 134.7 125.5 136.8 144.6 150.3 155 158.6 160.9 162.6 163.4 164 164 163.6 162.6 161.9 160.5 158.7 156 152.4 151.2 149.2 143 150.6 157.2 162.7 169.6 174.9 179.3 182 184.1 186.5 189.1 191.3 192.5 194.8 196.3 197.1 199.2 200.6 203.3 204.6 205.4 205.1 204.2 203.3 203.5 202.6 201.7 199.7 193.9 189.8 187.2 184.9
215.1 218.4 221.2 225.1 228.8 231.8 233.2 233.9 233.1 231.6 229.7 228.8 227 225.8 224.6 222.8 220.4 216.6 211.5 205.6 200.5 193.6 186.4 176.6 165 150.9 135.5 124.5 135.8 144.9 151.3 156.3 160.2 163.3 165 165.9 166.6 166.6 166.2 165.5 165.2 163.8 161.7 160.3 157.4 155.6 153.2 146.3 150.7 157.9 163.9 170.3 176.8 181.2 184.3 188.2 191.6 194.4 198 200.7 203.5 205.8 207.7 209.4 210.8 211.9 212.4 212.4 211.4 210.9 209.6 209.1 208.5 207.7 206 199.8 193.4 190.6 188.7
217.1 220.9 224.7 228.5 233.1 236.3 238.2 240 240.4 239.3 238.5 237.3 235.7 234.5 233.5 231.5 230.1 227 221.8 216 208.5 200.5 190.9 178.7 164.2 152.6 134.1 128.5 133.2 142.9 150.7 156.6 161.2 164.8 167 168.5 169.2 169.3 169.1 168.8 168.5 167.2 165 163.5 161.3 159 154.2 149.2 152.5 158.7 164.5 170.9 178.5 183.5 187.5 192.4 196.3 201.9 205.7 208.7 211.6 214.3 216.1 217.2 217.5 217.6 218.5 218.9 217.9 216 214.1 214.1 214.6 213.3 210.7 206.2 199.5 194.7 192.3
220.4 224.2 228.1 232.2 237 240.6 243.2 246.1 247.6 247.1 246.6 245.8 244.9 244.3 244 242.7 239.7 235.4 229.3 222.3 213.5 203.8 192.3 178 161.5 143.6 133.5 142.2 138.4 138.7 147.7 155.7 161.1 166.3 169 170.7 171.7 172.5 172.7 172.3 171.8 170.7 169 167 164.9 160.9 156.7 155.8 155.1 160.2 167.1 174.5 180.9 185.7 190.5 195.9 200.5 207.3 212.3 216.2 218.1 219.9 221.5 221.8 222.2 222.2 222.7 222.4 221.6 219.9 217.9 217.8 217.2 217.1 215.2 210.5 204.1 199.8 195.6
225.1 228.8 232.5 236.7 241.1 244.6 249.5 252.7 254.3 254.8 254.8 253.8 253.8 253.6 252.8 250.8 246.5 240.7 233.4 224.9 214.4 202.6 187.4 173.7 157.2 135.9 147.7 147.4 149.5 142.3 145 154.7 161.1 167.6 171 172.7 173.8 175.1 176.1 175.8 175 174 172.9 170.8 168.7 165.3 162.2 161.6 156.8 164.3 172.6 177.8 182.7 187.3 192.2 198.1 205.6 211.6 216.7 220 222.6 223.9 224.5 225.1 225.1 224.8 224.9 223.9 222.9 221 220.1 219.2 218.8 218.5 217.1 213.1 207.1 201.3 197.8
230.2 235.1 238.4 242.3 246.1 250.2 255.8 259.5 261.1 261.9 261.3 261.2 261.1 259.9 257.7 254.6 248.8 241.5 233.2 222.7 210.5 195.5 181.4 170.8 154.1 145.6 151.3 152.1 152.8 150.3 144.8 152 160.9 167.7 171.8 174.4 176.1 177.6 178.8 178.7 178.1 177.1 176.1 175 172.6 170.2 170 168 162.2 167.1 175.4 180.4 184.7 189.6 195.1 201.7 208.9 215.6 219.6 223 225.1 226.4 227 226.9 226.8 226.3 225.4 223.7 222.2 220.4 220 219.2 218.8 217.8 216.6 213.6 208.3 201.9 198.5
238.8 243.1 247 249.7 252.7 257 261 264.4 265.8 265.8 265.3 264.8 264 262.5 259.2 254.5 246.8 238.7 229.2 217.1 203.6 189 176.6 168.8 152.5 148.8 153.2 154.5 154.7 152.4 147.5 151.5 160.4 167.3 172.2 175.8 178.4 180.3 181.3 181 181.3 181.2 180.1 179 177.9 175.8 174.8 172.8 170.2 169.8 178 184.2 188.1 193.4 197.7 206.2 212.2 218.5 222.1 224.6 226.4 227.8 227.9 227.4 226.8 225.9 223.7 219.5 217.6 216.8 215.9 216.4 216 215.2 213.9 210.8 206 200.1 197.1
246.7 251.2 255.2 257.8 261.4 263.7 266 267.4 267.6 267.8 266.6 266.2 264.9 262.8 257.4 249.9 241.3 231.6 221.8 209.6 196.2 182.8 173.6 164.4 147.8 150 154.9 156.8 156.8 153.6 150.8 152.6 159.7 166.6 173 177.8 180.8 183.1 183.6 184.4 185.2 186.2 184.9 183.5 181.6 180.5 179.7 178.6 176.2 172.2 181.3 187.5 191.6 196.8 203.1 209.2 215.8 220.8 223.8 225.9 227 227.4 227.5 226 225 221.8 215.8 211.7 208.8 207.5 206.9 207.9 207.9 207.1 205.4 202.6 198.3 196 193.9
255.4 260.1 263.5 266.1 267.6 268.7 270.2 270.7 270.3 269.8 268 266.7 264.9 258.7 251.8 242.9 232.9 223.1 212.9 201.5 189.5 176.8 168.1 158.9 146.6 151.5 156.6 158.6 158.2 156.6 154.7 154.5 160.4 166.6 173.6 179.2 182.5 185.6 187.4 188.3 189.1 190.1 190.2 188.8 187.1 185.2 185 184.4 182.8 179.3 182.5 190.6 196.3 201.6 206.1 211.6 217.9 222.3 224.3 225.6 226.2 226.6 225.5 223.5 219.4 212.9 206 200.4 197.3 195.9 195.1 195.9 195.3 195.2 194.6 193.4 191.3 189.6 189.2
264 268.6 271.3 274.1 276.1 277 276.5 275.2 273.4 271.9 269.8 266.6 261 253.3 243.9 234.4 223.6 214 204 193.6 182.1 172.3 164.6 154.4 148.1 153.3 159.8 162 162.1 160.5 159 156.8 161.6 167.1 173.2 179 184.6 188.1 190.5 192 194.1 195.1 195.1 194.3 192.8 191.1 190.6 190.7 190.4 188.4 183.6 194.7 200.7 205.2 209.7 213.1 218.1 222.5 224.5 224.9 224.7 223.7 221 215.4 208.6 200.5 193.8 189.9 186.9 185.5 185 185.1 184.9 184.2 183.7 183.7 182.8 182.2 182.8
273.4 277.4 280.2 282.2 283 283.7 282.1 280.8 278.1 274.7 270.6 265.1 255.7 247.3 234.7 222.7 214.4 205.4 196.7 188.1 178.7 168.9 158.1 152.8 150.9 155.8 162 164.6 164.4 164 162.7 160.7 163.7 168.2 174.3 181.5 186.8 190.1 193.3 196.1 198.5 200.9 201.3 200.5 198.2 197.7 197.5 197.8 197.8 195.9 194.4 196 204.5 208.5 211.7 214.3 217.8 220.5 222.1 221.9 220.7 216 211.6 203.8 198.1 192.5 188.6 186 182.4 180.8 178.2 174.7 172.7 172.8 173.3 174 174.5 175.5 175.9
283 285.5 288.5 290.2 290.5 290.7 288.4 286.7 283 279.5 272.3 261.9 251.9 238.4 226.8 216.6 208.3 200.9 192.4 182.9 174.4 161.6 158.6 158.2 154.2 158.8 166.9 167.5 167.7 167.3 166.9 164.6 165.2 169.6 176.3 181.4 188.6 193.6 197.2 201.2 203.9 205.9 206.7 206.2 205.4 205.1 206 205.9 205.3 204.5 203.1 201.2 208.9 211.8 214.4 216.3 217 217.6 217.7 216.7 213.6 208.7 202 197.4 190.4 187.9 185.7 181.8 178.8 176 173.3 169.4 166.7 164.7 164.1 164.6 166.5 167.9 169.8
293.1 294.7 296.8 296.6 297.1 296.6 294.8 292.5 288.5 283.3 274.4 263.2 251.1 235.4 222.1 212.8 205.4 197.8 190.4 181.9 169.3 166.7 165.4 163.5 157 162.4 169.9 171.2 171.2 170.8 170.4 169.4 168.5 171.8 179 186.4 192.3 198.2 202.4 206.3 209.7 212.4 213.4 213.8 213.6 214.1 215.1 214.5 214 213.1 210.8 209.8 213 215.1 216.6 217.4 217.8 216.2 214.8 213 208.3 202.2 197 189.6 186.3 183.9 180.8 178 174.8 171.9 167.5 163 160.2 156.1 156.7 155.6 156.5 157.5 161.2
303.6 305 305.2 305.3 305.1 303.2 301.5 298.9 294.9 288 278.9 267 254.3 239.1 222.4 212.4 204.3 197.3 189.4 181 170.5 171 168.9 166.5 160.6 166.4 173.2 175.3 177.6 177.5 177 175.5 172.7 175.1 183.4 190.5 197.1 204 208.2 213.5 217.7 220.4 222.2 223 223.6 224.1 224.6 224.1 223.2 221.8 219.7 218.2 217.8 218.3 219.1 218.5 218 216.6 213.4 209.4 204.5 198.5 191.9 186.9 183.3 180.1 177.3 174.3 171.9 169.9 168.6 166.9 165.5 162.7 158.7 151.4 149.2 148.1 151.1
314 314.4 314.2 314.1 313 311.3 310.1 307.5 302.6 296.3 285 272.2 257.9 240.9 224.3 213.8 205.2 197.6 188.9 179.5 177.2 176.4 175.2 171 163 170.9 178.3 181.3 183.6 184.6 184.3 183.8 179.8 179.9 188.7 196.3 203.5 210.7 215.1 221.7 226 229.4 231.3 232.6 233.7 233.8 234.1 234 233.8 232 229.5 227.3 224.7 222.9 221.7 220.6 219 216.9 212.6 208 201.2 193.7 188.4 184.5 180.5 177.7 175.5 173.9 174.1 173 171.7 170.6 168.4 165.6 162.8 159.2 154.9 147.9 141.6
323.7 323.6 323.5 322.8 321.5 321.1 319.4 316.9 312.4 304 292.8 277.7 260.3 242.7 226.1 216.3 205.7 195.6 187 181.8 183.4 184 181.3 176.4 167.6 175.7 184 187.9 191.3 192.9 193.3 191.8 187.9 185.7 193.4 202.1 210.4 218.6 224.2 230.6 235.7 239.9 242.7 243.7 244.4 244.8 245.3 245 243.6 242.7 239.3 237.1 234.4 231.1 227.8 225.5 222.1 218.5 213.8 207.5 199.6 191.5 186.4 182.9 179.8 178.6 177.5 177.1 176.8 176.5 175.4 173.9 171.1 168.2 165.4 162.2 158.8 155 150.9
333.9 334.2 333.5 332.9 332.6 331.5 329.3 326.3 320.6 311.6 299.6 281.3 259.1 240.8 227.3 216.4 204.2 192.3 189.2 186.2 191.3 191.9 188.4 181.2 171.8 181.6 189.7 195.5 199.3 201.9 202.7 201.6 197.6 192.6 201.5 210.2 217.5 225.5 233.6 240.8 246.2 250.3 253.3 254.6 255.3 255.8 256.2 255.4 254.4 253.1 250.8 248.1 244.1 239.3 235.8 231.1 226.1 221 214.3 207 198.6 189.3 185 182.6 181.8 181.2 180.6 180 179.6 179.4 178.2 176.8 173.8 170.9 167.8 164.1 160.5 156.8 152.6
342.9 342.8 342.6 342.3 342.3 341.3 338.7 334.1 326.7 317.6 304.5 282.4 259.6 242.3 228.3 215.9 201.3 200.9 198.9 196.6 197.7 196.7 193.8 186.9 178.4 187.2 196.3 203.1 207.5 210.4 211.3 209.7 206.9 201 208.9 217.7 225.5 233.6 241.6 249.5 255.6 259.7 263.2 264.6 265.3 265.1 266.2 265.4 264.1 263 260.3 257.3 252.9 248.9 243.3 237.2 230.2 222.5 214.3 205.6 194.5 188.1 185.5 184.7 184.5 184.2 184 183.2 182.5 181.9 180.7 178.9 176.4 173.3 169.4 165.6 161.4 157.1 152.8
351.4 351.7 351.1 352.4 351.9 350.4 346.9 340.5 332.1 321.6 308 283.6 259.4 242.8 229.8 217.9 210.2 210.7 209.3 206.5 204.3 202.8 198.6 189.5 186 194.4 203.2 210.4 215.5 218.6 219.8 219 216.6 210.5 219.7 226.4 234.2 240.9 249.6 257.5 263.6 268.1 270.7 271.8 272.5 273.4 273.7 273.5 273 271.3 269.2 265.2 261.4 256.7 250.2 242.2 232.7 222.8 213.9 200.8 190.8 188 188 187.9 187.7 187.8 187.4 186.4 185.3 184.2 182.5 180.7 178.4 175.1 170.9 166.4 162 157.6 153.2
359.8 359.2 359.9 361.2 361 358.7 354.4 347.2 337.4 324.1 304.4 282 261.4 247.7 232 221.4 219.8 220.1 217.6 215.5 214.3 209.7 203.6 192.4 192.2 203.5 211.3 217.6 223.2 226.8 228.5 228.3 227.2 222.1 229.8 234.6 240.4 248.6 257 264.4 270.4 274.1 275.8 277 278.1 279.3 280.2 280.5 280.5 279.5 277.7 274.5 269.4 262.9 254.9 245 233.5 221.1 208.2 196.7 190.7 191.7 191.8 191.8 191.8 191.7 190.6 188.9 187.5 185.7 184 181.6 179 175.5 171.1 166.4 161.5 156.7 152
365.5 365.8 367.1 367.4 367.6 366.4 361.2 353.4 341.7 323.5 303.8 287.4 268.6 251.9 238.6 231.4 231.7 230.3 226.8 225.3 222.2 217.2 208.6 197.7 202.3 213 218.6 225.4 230.7 234 236.4 236.8 236 235.8 239.3 242.6 248.9 255.6 263.6 270.3 274.5 277.1 279.1 280.1 281.8 282.9 284 284.5 284.9 285.9 285.8 282.4 277 268.9 259.6 245.4 233 219.4 204.7 195.9 196.7 198.3 197.5 196.1 196 194.5 193 191 188.9 186.9 184.6 182.4 179.1 175 170.2 165.2 159.9 155.2 150.6
368.2 369.4 370 370.9 371.8 370.7 366.6 358.2 344.2 325.2 307.8 289.4 271.9 258 248.1 245.5 244 241.4 237.8 236.3 231.4 224.1 213.1 204.2 210.4 220.9 227.3 233 238 241.3 243.6 244.4 244.1 245.6 248.7 250.8 254.7 261.6 268 272.9 276.7 279.2 280.2 281.3 283 285 286.4 287.1 290.1 291.7 292.1 288.8 282.3 273.7 262.3 248.1 233.6 217.2 205.3 203.6 205.6 204.9 203.7 201.9 199.8 196.9 194.4 192.1 189.6 187.5 184.9 182.3 178.8 174.2 168.9 163.7 158.3 153.3 149.1
368.4 370.8 372.5 374.3 376.4 376.4 371.8 361.8 348 330.5 313 295.4 279.2 269.4 261.7 258.1 257.2 252.8 249 246.4 239.8 230.9 219.4 211.6 219.3 227.9 234.9 241.3 246.1 248.9 250.7 251.2 251.8 253.9 255.5 257.7 261.9 267.2 270.8 274.3 277.8 279.1 280.3 282.1 283.5 285.5 287.5 290.2 293.1 295.2 295.7 293.1 286.6 276.8 265.1 251.8 239.9 223.7 216.5 215.8 214.6 212 210 206.1 202.9 200.1 196.8 193.2 190 187.1 184.1 181.6 177.6 172.4 167.2 161.9 156.4 150.5 143.2
366.7 371 373.6 377.5 380.5 381.8 377.2 366.9 352.9 336.6 319.5 309 292.9 283.5 276 270 268.7 262.9 260.5 255.9 249.3 237.5 228 218.4 230.5 235.9 242.4 248.7 253 255.4 256.4 257.2 257.6 258.5 259.8 263.2 266 269.4 272.5 275 276.5 277.6 278.8 280 281.8 284.7 287.9 291.6 295.4 297.5 298.1 296.4 289.6 280.3 269.2 259.4 247.9 238.3 233.5 227.9 223.5 219.2 215.6 211.3 207.3 202.7 197.5 193.5 189.5 186.2 182.2 179 173 167.8 162.5 156.5 152.1 143.7 145.6
361.3 368 373.8 379.1 385 385.5 382.8 372.5 358.1 344.2 328 319.2 308.9 297.6 288.6 282.4 278.7 272.7 270.7 265.7 257.4 248.8 238 229.4 239.5 243.8 250.8 255.1 258.8 261.1 261.6 261.6 262.3 263.2 264 266 267.5 270.2 272.3 273.3 274.5 274.4 274.3 276.5 278.9 283.1 286.6 291.7 296.4 299.1 299.9 298.4 292.9 283.9 274.1 266.1 256.2 248.4 242.4 237.3 232 226.4 220.8 216.3 211.5 205.6 198.4 192.9 187.6 181.4 177.1 171.6 166.4 161.4 157.5 152.1 148.1 150.7 150.8
352.3 362 370.4 379.2 387.6 391 387.6 377.7 365.1 352.4 339.9 328 318.5 309.4 300.6 293.5 287.5 282.9 280.2 273.7 266.7 257.5 246.6 238.4 247 251.6 257.1 260.3 263.2 264.8 265.1 265.4 265.6 266 266.6 267.1 268.1 270 270.3 271 270.7 270.1 270.7 272.3 275 279.1 284.7 290.5 296.3 299.6 300.5 300 296.1 287.9 279.3 271.3 264.1 258 251.6 244.8 238.8 232.8 226.6 220.3 215 206.9 199.8 191.5 183.6 176.9 170.9 167 163.3 159.1 157.7 157.6 156 154.2 152.7
341.6 352.7 364.3 376 387 392.4 391 381.7 370.5 358.2 347.9 336.4 330 320.9 314.8 306.6 298.9 294.3 288 282 273.7 265.2 257.7 254 254.9 259.1 262.2 265 266.8 266.9 267.3 267.6 268 268.1 267.7 267.3 268.6 268.1 268.3 267.3 266.2 266 266.8 268.1 270.5 274.5 281.5 288.2 294.6 299 300.2 300.4 297.9 292 282.2 276.8 270.5 264.8 259 252 245.5 239.3 232.3 224.7 217.1 208.9 199.6 190.3 182.4 174.7 171.3 170.4 168 165.9 164.6 162.5 160.8 159.1 156.5
329.5 342.2 355.8 369.1 380.9 388.9 388.7 382 373.1 364.1 356 347.5 340.5 332.8 324.6 317.1 310.2 303.1 296.3 288.1 279.4 270.6 265.8 265.7 262.9 264.8 266.9 268.4 269.4 269.1 269.4 269.3 269.3 268.7 267.8 267.7 267 266.3 263.9 262.7 261.9 262.2 262.9 264.6 267.3 271.7 278.1 284.4 290.8 296.1 299.4 300.3 298.5 293.6 284.6 279.4 274.8 270.4 266 259.1 251.7 244.3 236.6 227.5 219 209 200.9 191.1 182.6 175.6 175.9 175.3 173 170.8 168.6 166 164.6 163 160.3
317.4 330.8 345.3 358.7 370.5 377.8 380.6 377.4 372 367.4 361.5 355.7 349.6 342.6 335.3 328 320.8 313.2 303 293.7 282.3 274.4 270.8 268.9 267 268.7 270 270.9 271.7 271.4 270.5 270.2 269.6 267.7 266.6 266 264.7 262.6 260 258.3 257.8 258.3 259.4 260.3 263.4 267.8 273 279.2 285.1 290.8 295.5 297.5 295.9 291.4 283.9 279.8 275.7 272.5 268.6 263.2 256.3 249.1 240.2 230.8 219.1 210.4 202.5 193.1 185.1 181.1 180.8 179.9 177.9 175.8 173.1 170.2 168.4 166.4 163.5
305.4 320 334 346.5 357 364.4 368 369.1 367.5 365.7 362.3 358.1 353.9 350 344.2 336.8 328.9 318.8 308 296.6 285.2 276.3 273.8 271.4 271.3 271.4 272.1 272.8 273.3 272.8 271.5 270 268.8 267.1 265.3 262.7 260.4 257.8 255.9 254.6 254.4 254.6 255.6 256.4 257.4 262 267.4 272.6 277.5 282.7 287.7 289.9 289.7 285.5 282.5 278.8 275.9 273.4 270.5 266.1 260.1 251.7 242.1 231.6 220.4 213.1 205.3 196.1 189.5 186.7 186.1 184 181.8 179.1 176.3 173.7 171 169.2 166
