webserver/python/data/SN33.asc
ncols 200
nrows 200
xllcorner 230000
yllcorner 230000
cellsize 50
[rows 105 to 139 of 200, columns 78 to 155 of 200]
281.6 281.1 280.5 280.1 279.8 280 280.1 279.3 278.9 278.7 278.5 278.4 278.9 279.3 278.9 278.4 277.3 275.7 273 270 267.8 264 263.2 263 263 263.6 265.4 266.9 268.5 269.1 267.8 267 264.8 261.4 257.9 252.9 246.7 239.9 232 223.6 212.5 216.3 222.8 226.8 233.2 234.3 235.1 237.4 239 240.8 244.2 247.5 249.2 250.9 252 253.3 254.7 256.3 258 259 261.9 263.4 264.4 264.6 265.9 266.9 267.2 266.4 265.9 264.9 262.5 260.1 256.9 253.1 248.4 239.8 211.5 191.4
282.6 282 281.5 281 280.6 280.2 280 279.8 279.6 279.4 279.2 279.1 279.6 280.2 280.1 279.2 278.1 276.8 275.5 272.9 271.3 269.1 268 266.4 266.4 265.8 266.6 268.2 269.5 269.5 267.7 266.3 264 260.9 257.7 253.1 248.2 242.9 236.8 229.5 230.7 236 237.2 237.4 239.7 241 242.7 244.7 246.6 248.5 250.1 251.3 253 254.4 255.8 257.3 259.2 261.1 262.9 264 265.3 266.8 267.5 267.7 267.8 268.6 268 267 266.4 264.8 262.4 259 255.5 251.7 245.8 231.3 211 192.3
283.5 282.9 282.4 281.9 281.4 280.2 279.5 280 280.3 280.1 279.9 279.8 280.3 280.9 281.1 280.1 279.1 277.9 276.6 275.6 273.7 272.9 271.9 270.6 269.6 269 269.1 269.8 269.6 269.3 267.6 265.8 263.2 260.7 258.9 256.1 253.5 250.8 247.9 246 244.7 245.3 245.7 244.6 246.5 248.1 249.6 251.1 253.3 255 255 255.5 256.9 258.3 260 262 264 265.7 266.8 267.6 268.8 269.2 269.3 269.6 269.9 270 269.3 268 266.8 264.8 261.2 257.7 254.1 250.5 239.5 228.1 210.6 190.7
284.5 283.8 283.3 282.7 281.2 279.7 278.8 278.6 279.3 279.9 280.5 280.5 280.8 280.9 281 281.1 280.1 278.9 278.4 278.1 276.6 275.9 274.8 273.1 272.2 271.8 271.4 271.4 271 270 268.1 266.1 264.7 263.5 262.1 259.6 257 254.8 253.6 252.6 252.7 252.7 252.7 252.9 253.5 255.4 256.8 258.3 259.2 260 260 260.1 261.5 261.6 263.4 265.6 267.8 269.1 269.3 269.5 269.9 270.3 270.6 270.8 271.1 271.2 271 270.5 267.3 265.4 261.8 257.6 253.4 248.6 240.5 226.2 210.2 192.4
285.5 284.8 284.2 282.6 280.8 278.6 277.5 276.8 277.4 278 278.6 279.9 280.7 280.8 280.9 281 281.1 280.6 280.3 280 279.5 278.8 277.1 275.2 274.7 273.9 273.2 273 272.3 271 269.2 267.7 267.3 266.3 264.9 263.3 261.4 260.7 259.9 258.6 258.6 258.8 258.9 258.7 259 260.5 262.1 262.7 264.1 265 264.8 265.1 265 264.9 265.9 268.1 269.9 270 270.2 270.3 270.8 271.4 271.8 272 272.4 272.4 271.2 269.4 267.8 265.8 262.2 258.6 254.4 248.1 241 228.7 212 192.7
285.5 285 283.5 281.3 278.9 276.7 275.3 274.7 275.3 275.9 277.1 278.6 279.5 280.4 280.8 280.9 281 281 280.8 280.5 280.3 279.8 278.4 277 276.4 275.7 275 274.4 273.3 272 270.5 270 269.7 269.3 268 267.2 266.8 266.1 265.2 264.5 264.8 264.1 263.5 263.5 263.3 264.2 265.5 267 268.4 269.6 269 268.3 268.4 268.2 268.4 270.5 270.8 270.9 271.1 271.2 271.5 272.1 272.7 273.2 273.6 272.4 270.9 269.5 268.2 266.2 262.7 259.1 254.8 249 241.5 231.4 205.6 196.9
284.4 283.1 281.3 279.2 276.9 274.8 273 272.6 273.2 274.4 275.8 277.3 278.3 279.1 280.2 280.7 280.9 281 280.9 280.7 280.5 280.2 279.5 278.4 277.8 277.1 276.4 275.8 274.7 273.4 273 273 273 272.8 272.1 271.9 271.6 270.9 270.3 270.8 269.6 268.1 268.1 267 266.9 267.5 268.9 270.7 272.1 272.6 272.3 270.9 271.1 271.3 271.4 271.6 271.7 271.8 272 272.1 272.3 272.9 273.4 273.8 273.3 272.4 271 269.6 268.4 266.4 263.1 259.4 254.7 248.1 240.4 225.1 201.5 206.3
280.2 281.1 279 277 274.8 272.9 270.9 270.5 271.6 273.1 274.6 276 277 278 279.1 279.7 280.3 280.8 281 280.9 280.6 280.4 280.1 279.7 279 278.3 277.6 277 276.1 275.1 275.3 275.3 275.4 275.3 274.9 274.4 275.3 275.1 274.9 274.5 273.5 272.7 271.3 270.3 270.5 270.8 272.2 272.5 273.7 273.4 273 272.5 272.1 272.2 272.1 271.9 272.3 272.7 272.9 273 273.1 273.6 273.6 273.1 272.6 271.8 270.9 269.7 268.1 265.6 262.7 258.6 253.9 246.9 238.4 221.2 202.4 209.6
275.2 275.5 275.6 273.3 270.7 270 268.5 268.5 269.9 271.7 273.3 274.8 275.8 276.9 278.1 278.7 279.3 279.8 280.3 280.9 280.6 280.2 279.9 280.1 279.9 279.3 278.6 278 277.8 277.1 277.5 277.7 277.6 277.5 277.3 277.2 276.6 276 276.1 276.5 276.8 275.5 273.8 273.9 274.2 273.6 273.6 274.1 274.2 273.9 273.6 273.4 273.1 272.7 272.4 272.1 272.6 273.4 273.8 273.9 273.6 273.3 272.8 272.3 271.5 270.7 269.5 268.8 265.7 264.1 261.4 257.7 252.1 245.7 235.7 221.3 203.5 213.3
277.7 275.6 273.4 269.8 269.1 267.6 266.7 267 268.1 269.9 271.6 273.4 274.7 275.9 277.1 277.8 278.2 278.6 279 279.6 280.3 280 279.7 280 280.3 280.1 279.5 279.4 279.9 279.4 279.7 279.7 279.5 279.3 279.1 278.1 277.4 277.1 277.4 277.3 276.8 276.3 277 276.2 275.7 275.3 274.6 274.1 274 273.4 273.1 272.8 272.6 272.6 272.6 272.3 272.9 274.1 273.4 272.6 272.3 271.9 271.7 271 269.8 268.5 267.4 266.2 264 262.2 260.4 257.5 251.8 242.9 234.4 223.4 205.2 209.3
279.8 277.6 274.9 271.8 268.7 266.6 264.8 265.8 266.8 268.8 271.1 272.7 273.3 273.8 275.3 276.4 276.8 277.2 277.6 278.3 279.3 279.8 279.5 279.8 280.2 280.5 280.4 280.9 281.4 281.6 281.2 280.8 281 280.7 280.8 279.6 278.3 278.3 277.8 277.5 277.2 277 278.1 277.4 276.4 275.3 274.2 274.1 273.4 272.9 272.6 272.4 272.4 272.3 272.4 272.5 274.1 273.9 272.9 271.6 270.9 270.6 270.3 268.5 267.3 265.9 264.9 263.3 262.3 260.7 259.4 257.3 251.2 244.5 237.8 224.2 206.6 216.8
280.6 277.7 274.9 272.2 269.3 266.3 263.7 263.9 266.6 268.8 270.5 271.7 272.2 272.8 273.6 274.9 275.5 275.9 276.3 277 278 279.1 279.3 279.7 280.1 280.6 281 281.7 282.1 282.5 282.4 281.9 282.1 282.2 282.5 281.6 279.6 278.4 278.1 277.8 277.5 277.4 278.1 277.1 276 275 273.9 273.6 272.8 272.3 272.2 272.2 272.2 272.1 272.2 272.9 273.9 273.6 272.5 271.2 269.9 269.2 268 266 264.6 263.2 262.3 261.4 260.6 259.3 258.3 256.6 250 245.3 237.3 224.6 212.6 222.4
280.7 277.8 275 272.3 269.6 266.7 263 263.7 266.5 268.4 269.6 270.6 271.2 271.8 272.4 273.4 274 274.6 275 275.7 276.7 277.7 278.8 279.8 280.4 281 281.2 281.9 282.5 282.8 282.8 282.7 282.7 282.7 282.6 282 281 279.2 278.2 277.9 277.6 277.7 277 276.2 275.4 274.5 273.6 272.9 272.1 271.9 272 272 271.9 271.9 272.4 272.9 273.3 273 271.8 270.5 269.3 268.1 266 264 262.1 260.2 258.9 258.3 258 257.8 257.5 255.8 248.4 243.5 237 224.7 218 225.6
280.8 277.9 275 272.3 269.3 265.6 261.9 262.1 265.5 267.5 268.7 269.6 270.2 270.8 271.4 271.9 272.5 273 273.6 274.4 275.4 276.5 278.1 279.5 280.9 281.2 281.4 282 281.7 281.5 281.3 281.1 281.1 281.1 281.2 281.5 281 279.9 278.8 278 276.8 276.4 275.6 274.8 273.6 272.3 271.1 270.6 269.7 269.4 269.7 269.8 270 270.4 271.4 272 272.3 272.2 270.9 269.8 268.7 267.2 264.3 262.2 259.9 257.8 256.1 255.6 255.5 255.4 255.4 253.2 247.5 241.8 234.5 222.1 222.9 228.2
281 278.1 275.2 271.7 268.3 264.6 261.2 258.9 263 265.8 267.7 268.5 269.2 269.9 270.6 270.5 271.1 271.7 272.2 273.3 274.6 276.2 277.8 279.2 280.3 280.6 280.7 280.5 280.2 280 279.9 279.6 279.4 279.5 279.6 279.7 279.3 277.9 276.6 275.3 274.1 274.2 273.2 272 270.8 269.5 268.1 267.4 267.4 266.8 267.2 267.5 267.8 268.6 269.7 270.8 271.6 271.9 270.6 269.3 268.2 266.1 262.6 260.3 257.9 255.3 254.3 252.8 253 252.6 252.2 248.6 243.2 236.7 231.5 221.4 225 230.7
281.2 278.1 275 271.4 268.1 265.2 262.1 258.7 259.7 264.6 266.7 267.7 268.5 269.2 269.9 269.2 269 269.5 270.9 272.2 273.9 275.6 277.1 278.6 279.1 278.9 278.9 278.9 278.8 278.5 278.3 278 277.8 277.9 278 278 277.6 275.4 274.1 272.8 271.5 271.4 269.9 269.1 268 266.7 265.1 264.2 264.5 264.3 264.5 265.4 266.3 267.1 268.5 269.8 271.3 271.8 271.7 270.4 268.6 265.1 262 259.6 256.6 253.8 253.3 250.5 249.7 249.2 247.7 243.8 238.6 238.6 231.5 222.5 228.2 233.6
281.7 277.9 274.8 271.3 268.5 265.8 263.3 258.4 257.2 264.2 265.7 266.6 267.5 268.4 269 268.5 268 267.8 269.8 271.4 272.9 274.3 275.8 277 277.3 277.3 277.2 277.2 277.2 277 276.7 276.4 276.2 276.3 276.4 276.1 275 272.8 271.5 270.2 268.8 267.7 266.6 265.3 264.7 263.7 262.1 261 261.3 261.5 262.7 264 264.8 265.8 267.4 269 270.6 271.4 272.4 271.5 269.7 266.5 262.9 259.5 257.6 255.4 254.2 251.1 249.1 245.7 242.7 244 237.8 229.8 227.4 233.1 236.1 237.3
283.3 279.3 275.3 272 269.8 267.7 265.3 262.1 256.2 260.8 264.6 265.3 265.8 266.5 266.9 267 266.5 265.9 268.4 270.3 271.7 273 274.4 275.3 275.4 275.5 275.4 275.3 275.2 275.1 275.1 274.8 274.6 274.7 274.3 273.8 272.4 270.1 268.8 267.5 266 264.6 263.6 262.2 260.9 259.1 258.6 257.8 259.2 260.3 261.6 263.7 265.2 266.8 268.6 269.8 271.1 272.2 273.7 272.8 271.2 267.9 264.3 261.1 259.2 257.3 255.5 254.5 254 255.4 254.7 253.1 250 243.9 240.9 241.8 242.1 241.7
284.5 280.4 276.7 274.8 272 269.7 266.6 263.5 259.3 253.5 258.5 263.2 263.9 264.4 264.8 265.1 264.2 263.6 266.3 268.7 269.8 270.6 272.7 273.5 273.5 273.4 271.8 272.5 272.9 272.7 272.8 272.9 273 272.5 271.9 271.1 269.6 267.7 266.4 265.2 264 261.2 258.9 256.9 255 251.3 253 256.8 258.9 261.2 263.5 265.3 266.5 268.1 270 271.3 272.5 273.4 274.6 273.9 272.8 269.8 266.5 263.5 261.2 259.4 259.1 258.1 259 259.6 259.3 257.4 254.1 249.4 246.2 245.6 244.8 244
285.3 281.9 279.7 277.7 273.7 270.3 266.9 263.7 260.3 256.2 252.1 254.1 260.5 262 262.7 262.9 261.1 261.3 264.3 267.2 268.5 269.7 270.7 271 270.5 269.4 267.8 268.5 269.5 270.2 270.4 270.3 269.7 269.1 269.5 268.3 266.8 265.4 264 262.9 261.7 254.4 246.7 244.2 246.7 252.2 257 259.4 261.3 263.3 265.5 267.1 268.5 269.4 271 272.8 273.8 274.8 276.4 276.3 274.9 273.1 269.3 266.2 263.4 261.8 260.6 262 263.1 263.5 262.6 260.4 257.6 253.6 250.7 248.5 247.5 246.4
289.2 285.8 283 280.3 276.1 270.9 266.2 262 258.8 255.8 250.9 250 250 258 258.9 259.3 255.8 259.2 263.2 265.6 266.9 266.8 266.9 266.7 266.7 265.4 263.8 264.2 265.7 266.5 267.5 267.7 266.8 266 265.5 265.1 264.1 262.7 257.3 257.1 249.3 237.4 238.7 244.3 250.7 256.2 259.7 262 263.8 265.7 267.4 268.8 270.3 271.4 272.3 274.3 275.6 277.3 278.6 278.5 277.1 275.8 272.5 268.4 265.2 263.4 264 265.1 266.4 266.5 264.8 263 261.1 258.1 255.1 252 249.8 248.2
292.2 289.4 286.1 281.6 276.8 270.2 265.3 260.5 257.9 259.4 258.4 255.3 250 247.3 252.2 249.8 254.6 258.7 262.1 263.6 264.9 265.1 264 263.8 263 261.3 259.8 259.9 261.4 262.7 264.4 265 265 264.7 263.8 263.1 253.3 245.9 239.5 235.7 230 237.9 245.1 251.3 255.7 259.6 262.3 264.6 266.5 268.4 270.1 271.4 272.7 273.5 275.5 276 277.4 278.9 280 280.2 279.1 276.9 273.8 270.3 266.9 266.9 267.6 268.3 269.3 268.6 266.9 265.3 263.6 260.3 257.2 254.1 250.1 248.4
294.2 290.4 286.4 282.8 276.4 269.8 265.7 263.7 263.8 263.8 261.7 258.7 254.6 246.9 243.4 249.1 256.9 259.1 260.9 262 262.1 261.7 261.3 260.9 259.4 257.6 255.7 256.2 258.4 260.4 261.4 262 262.1 262.1 262.2 247.2 229.5 221.1 227.8 233.8 241.6 248.4 254.3 260.3 262.6 263.1 264.9 267.3 269.2 271.2 272.7 274.1 275.4 276.6 277.6 278.4 279.1 280.4 280 279.7 278.7 277.3 274.1 271.5 268.8 269.4 270.4 271.3 271.8 270.9 269.4 267.8 265.9 262.6 259.4 256.2 251.6 248.4
294 289.8 286 280.6 272.1 271 272.4 271.4 270.3 268.2 264.9 260.8 255.7 247.7 244.6 247 255.2 257.1 259.3 259.3 259.4 259 259 257.4 255.7 253.9 250 251.2 256.3 258.2 258.6 259.1 259.4 259.4 245.6 226.1 216 227.7 237.8 245.9 253.3 260.9 263.1 265.1 265.7 266.9 268.2 270.1 272 273.8 275.1 276.4 277.6 278.4 279.5 280 280.8 280.5 279.8 279.3 278.3 276.8 274.9 272.2 271.2 271.4 272.3 273.3 273.6 273.1 271.8 270.3 268.2 264.9 261.7 258.2 252.1 248.3
293.7 288.9 283.9 277 279.5 280.6 278.8 276.8 274.4 271.7 268.3 262.9 256.7 261 254.3 240.2 251.8 253.3 256.2 257.2 256.9 256.5 255.8 254.1 252.5 249.4 242.9 243.2 248.3 251.1 252.4 254 255 245.1 222.7 214 225 239.5 247.7 256.3 259.9 262.3 264.4 266.2 267.8 268.9 270.2 272.5 274.3 276.1 277.3 278.6 279.6 280.2 280.9 281.2 281.5 281.2 280.6 279.6 278.3 276.4 274.5 273.4 272.5 273.4 274.3 275.3 275.4 275 274.1 272.3 270.4 267.7 264.4 260.3 254.3 247.5
294.1 290.9 285.4 281.9 284.5 283.9 282.1 280.2 278 274.6 271.1 266.5 266.2 266.1 263.2 239.2 247.1 248.4 249 249.7 251.1 252.9 252.4 251.5 249.2 244.6 238.7 220 235.3 239.4 239.4 241.7 244.1 227.1 213.8 222.4 235.6 248.8 255.1 258.9 260.9 263.5 265.4 266.6 268.1 269.7 271.3 273.4 275.9 278.3 279.6 280.8 281.3 281.9 281.9 281.8 281.7 281.5 280.7 279.7 278.6 276.4 275.1 274.2 274.6 275.4 276.3 277.2 277.3 276 274.9 273.6 272.1 269.5 266.2 262.4 256.1 246.5
296 292.8 282.9 288.5 287.9 286.7 284.9 282.9 280.4 277.4 273.5 269.4 271.2 270.4 269.5 256.2 235.9 237.8 241 244.7 242.5 245.8 246.8 244.6 243.2 239.1 229.7 216.8 211.2 219.1 220.7 223.3 226.2 211.7 215.3 228.4 243.2 251.8 255.4 258.1 260.9 262.9 264.9 266.5 268.2 270.3 272.1 273.9 275.5 277 278.7 280.3 280.9 280.5 280.4 280.7 280.8 280.9 281.1 280.1 278.7 277.5 276.9 277.2 276.7 277.6 278.5 278.7 277.9 276.6 275.4 274.6 273.1 270.7 267.3 263.2 257.5 248
297.3 293.6 288.3 291.8 291.1 289.3 287.5 285.7 282.9 279.8 276.8 274.6 274.6 273.5 272.6 269.9 262.5 250.5 237.7 232 232 234.9 237.2 236.5 235.3 232 224.6 214.9 222.6 215.5 213.3 206.2 208.3 207 215 228.3 244.1 250.3 253.2 256.1 259.8 261.6 263.6 265.7 267 268.4 270.1 271.8 273.7 275.3 276.9 278 279.1 279 279.1 279.6 279.9 280.3 280.8 280.6 280.3 280.3 280.1 280 279.7 279.8 279.5 278.9 278.1 277.1 275.8 275.5 274 271.7 268.1 263.6 258.2 246.8
297.2 290.9 293.7 294.7 293.5 291.7 289.9 287.9 285.1 282 278.9 278.7 277.8 276.7 275.4 273.3 270 265.4 256.8 236.4 236.8 231.9 226.6 222.7 222.9 224.2 232.2 239.9 239.6 235.4 232 225.9 212.6 204 209.3 223.2 240.2 247.9 251 254.8 258.5 260.5 262.1 263.9 264.6 265.3 268 269.6 271.9 273.5 274.6 275.7 276.8 277.5 278 278.5 278.9 279.7 280.3 280.8 281.7 281.8 281.1 280.1 280.2 280 279.5 279 278.3 277.4 276.4 275.6 273.7 271.1 268.1 264 255.2 245
296.8 293.4 296.1 296.8 295.7 293.9 292 289.8 287.3 284.1 281.4 281.8 280.9 279.9 279.3 277.7 275.8 271.4 258.4 252.4 260.6 257.5 252.8 249 243.3 236.1 245.8 245.9 244.4 241.4 238.6 235.5 230.7 218.3 203.9 216.3 231.2 244.4 249.8 253.6 257 259.1 260.7 261.7 262.3 263 264.4 266.8 269.3 270.9 272.2 273.3 274.4 274.6 275 275.6 277.2 278.1 279.6 280.4 281.4 282.4 282.2 281.2 280.2 279.9 279.1 278.2 277.2 276.3 274.9 273.6 272.3 270.1 267.1 262.8 254.3 246.2
297.4 297.2 298.3 298.2 297.1 296 293.6 291.3 288.8 285.5 284.8 285 284.4 283.5 283 281.1 278.1 275 262.3 265.5 264.5 261.3 258.2 254.9 249.8 242.3 251.3 250.5 249.1 246.3 243.5 240.4 235.5 228.8 206.3 208.7 223.7 237.9 246.9 251.7 254.8 257.1 258.9 259.5 260 260.7 261.5 263.4 264.8 266.6 268.4 269.8 270.6 270.8 271.1 272.5 275.1 277.6 278.8 279.6 280.4 281.4 281.5 280.7 279.5 278.4 277.5 276.6 275.5 274 272.5 271.2 270 268.6 265.9 262.2 255.9 248.9
298.7 299.2 299.9 298.9 297.9 297 295.1 292.2 289.6 288.9 288.4 288.2 287.8 286.8 285.1 283.4 281 278.5 274.6 270.7 267.7 264.7 261.1 257.5 251.5 253.7 256.2 255.4 253.4 251.2 248.3 244.8 240 231.6 208.9 204.9 219.9 236 244.5 249.7 252.6 255.1 257.1 257.4 257.7 258.3 258.7 259.1 260.2 262.1 264.1 265.8 266.7 267 268.7 272.3 275 277.4 278.1 278.8 279.6 280.5 280 279 277.8 276.7 275.9 274.6 273.2 271.7 270.2 268.8 267.6 266.5 264.2 261.3 256.5 250.4
300.6 300.5 300.7 299.8 298.9 298 296.4 293.7 292 291.1 291.6 291 290.1 288.8 287.1 285.4 283.4 280.7 278.3 275.4 272.1 268.6 264.9 260.8 252.7 260.6 260.3 259.2 257.7 255.2 251.6 247.4 241.3 218.8 214.4 198.7 215.7 232.4 242.2 247.3 250.2 253.2 254.9 255 255 255 254.8 254.6 255.3 257.9 260.5 261.3 263.2 264.8 268.1 271.5 274.9 277.3 278.1 278.7 279 279 277.9 276.9 276 274.7 272.6 271.1 270.4 269.3 267.8 266.4 265.2 264.1 262.5 259.9 256 251.6
301.9 301.4 301.7 300.8 299.9 298.9 297.4 296.5 295.2 294.2 293.7 292.9 292.1 290.7 289 287.3 285.6 283.4 281.1 278.2 275.3 271.8 268.1 260 262.7 264.3 264.4 263.3 261.4 258.4 254.8 248 239.3 236.4 219.7 201.2 206.6 228 240.3 244.6 247.8 251 252.7 252.9 251.2 250.3 249.9 249 249.8 251.6 254.1 256.7 262.4 264.6 267.9 271.4 274.3 276.4 277.3 277.4 277.4 277.3 276.3 275.3 273.6 271 268.9 267.3 266.7 266 265.3 264 262.9 261.8 260.6 258.4 255 251
303.4 302.9 302.7 301.8 300.8 299.7 298.4 297.7 296.8 296.2 295.5 294.7 293.7 292.4 290.7 288.9 287 285.9 283.7 280.9 278.1 275 269.1 266.7 268.3 268.5 267.6 266.6 264.3 260.8 256.4 251.9 248.4 242.6 227.2 205.8 199.8 220.9 235.1 242.1 245.5 248.7 249.3 248.3 246.4 245.6 244.4 242.8 243.3 243.2 252.9 257.5 261.2 264.4 267.8 271.2 273.2 274.8 276.2 276 275.7 275.6 274.5 272.5 270.5 268.4 265.1 263.6 262.9 262.3 262.1 261.9 261.1 259.8 258.3 256.8 253.1 248.1
