webserver/python/data/SN35.asc
ncols 200
nrows 200
xllcorner 230000
yllcorner 250000
cellsize 50
[rows 105 to 139 of 200, columns 0 to 79 of 200]
-1.2 -1.2 -1.2 -1.2 -1.2 -1.2 -1.2 -1.2 -1.2 -1.2 -1.2 -1.2 -1.2 -1.2 -1.2 -1.2 -1.2 -1.2 -1.2 -1.2 -1.2 -1.2 -1.2 -1.2 -1.2 -1.2 36.8 71.1 90.4 108.4 126.6 134.7 130.8 130 134 142.1 150.3 158.5 160.5 159.1 157.4 153.9 148.7 144.3 139.8 134.7 127.4 122.5 119 115 110.3 107.6 105.9 102.8 99.7 96.8 94.6 94 95 97.4 101.3 105.4 111 117.7 131.9 152.3 163.8 171.2 178.5 180.6 182.5 185 185.5 183.4 178.8 172.6 166.6 161.5 157.9 154.2
-1.2 -1.2 -1.2 -1.2 -1.2 -1.2 -1.2 -1.2 -1.2 -1.2 -1.2 -1.2 -1.2 -1.2 -1.2 -1.2 -1.2 -1.2 -1.2 -1.2 -1.2 -1.2 -1.2 -1.2 -1.2 2 51 68.6 85.3 99.7 112.1 119.8 122.9 128.2 140 149.7 157.6 162.6 161.9 159.6 157.7 153.8 148.8 144.4 139.3 134.3 127.6 122.9 119.6 116 113 110.5 107.8 105.1 103 100.3 97.6 95.9 96.6 99 102.7 106.3 111.9 119.1 132.4 153.3 167.3 175.2 178.4 179.2 180.1 181.4 179 175.2 170.6 164.6 160.2 156.9 153.6 150.6
-1.2 -1.2 -1.2 -1.2 -1.2 -1.2 -1.2 -1.2 -1.2 -1.2 -1.2 -1.2 -1.2 -1.2 -1.2 -1.2 -1.2 -1.2 -1.2 -1.2 -1.2 -1.2 -1.2 -1.2 -1.2 37.6 55.6 68.2 82.3 94.8 101.9 107.8 114.1 130.9 145 153.6 161.7 165.5 163.4 159.7 157.5 153.8 148.9 144.1 139 133.7 127.4 123.6 120.8 117.7 115.3 112.5 109.7 107.6 105.9 102.5 99.6 97.7 98.2 100.2 103.2 108 113.4 119.5 133.4 151.1 165.2 175.6 177.3 177.3 175.7 172.2 169.2 166.3 162.6 157.8 154.2 151.5 149.8 147.1
-1.2 -1.2 -1.2 -1.2 -1.2 -1.2 -1.2 -1.2 -1.2 -1.2 -1.2 -1.2 -1.2 -1.2 -1.2 -1.2 -1.2 -1.2 -1.2 -1.2 -1.2 -1.2 -1.2 -1.2 0.8 40.3 54.3 66.7 75.8 82.6 90 99.2 114.7 134.1 148.2 157.4 165.6 166.3 165.2 160.6 156.3 152.1 147.3 143.8 139.1 133 127.3 124.8 121.6 119.5 117.6 115.3 112.2 110.5 106.4 102.7 101.3 100.2 99.9 101.2 104.7 110.6 113.9 118.5 132.2 147.7 160.7 171.4 171.9 167.6 165 163.8 161.1 158.2 155.6 152.6 149.6 146.7 145.3 141.5
-1.2 -1.2 -1.2 -1.2 -1.2 -1.2 -1.2 -1.2 -1.2 -1.2 -1.2 -1.2 -1.2 -1.2 -1.2 -1.2 -1.2 -1.2 -1.2 -1.2 -1.2 -1.2 -1.2 0.8 24.8 41.6 53.6 61.1 68.3 74.8 87 100.4 118 136.8 150.1 160.5 165.4 166.9 163.9 159 154.2 149.2 145.5 142 137.5 130.8 127.6 125 122 121.2 120 118.2 113.8 111.8 106.5 102.7 102.7 101.2 100.4 101.7 105.2 110.3 115 118.6 129.1 143.3 153.7 160.1 160.3 158.3 158.1 156.9 155.4 153 150 146.8 144 138.9 131.8 124.7
-1.2 -1.2 -1.2 -1.2 -1.2 -1.2 -1.2 -1.2 -1.2 -1.2 -1.2 -1.2 -1.2 -1.2 -1.2 -1.2 -1.2 -1.2 -1.2 -1.2 -1.2 -1.2 1.5 28.1 46.2 50.7 55.2 61.6 68.6 76.1 88.3 103.7 122.1 138.9 152 161.3 165 165.2 161.5 156.8 151.8 146.8 143.5 140 135.3 130.6 126.9 124.4 122.6 121.5 121.7 119.8 114.8 111.5 105.5 101.7 102.1 100.5 100.5 104.5 107.6 111.3 114.7 119.4 127.3 135.6 146.4 150 151.8 152.4 153.5 153 150.7 148.7 145.3 136.8 127.8 121.4 118.3 115.6
-1.2 -1.2 -1.2 -1.2 -1.2 -1.2 -1.2 -1.2 -1.2 -1.2 -1.2 -1.2 -1.2 -1.2 -1.2 -1.2 -1.2 -1.2 -1.2 -1.2 -1.2 -1.2 1.9 12.9 48.3 52.3 58.2 65.6 72.8 81.3 94.6 110.7 126.7 142.2 153.8 161.7 164.1 162.7 158.5 153.9 146.8 142.4 140.2 137.3 132.5 127.7 124.4 122.5 120.8 121.1 121.8 120.9 114.3 105 99.8 98.5 100.2 97.2 101.5 105.3 107.6 111.5 115 121.7 128.6 132.2 137.9 143.1 145.8 148.8 150.7 148.6 143.9 138.7 130.3 120.6 114.3 112.4 112.1 112
-1.2 -1.2 -1.2 -1.2 -1.2 -1.2 -1.2 -1.2 -1.2 -1.2 -1.2 -1.2 -1.2 -1.2 -1.2 -1.2 -1.2 -1.2 -1.2 -1.2 -1.2 0.7 2 37.3 55.5 62.3 68.6 75.1 81.4 90.8 103.4 118.5 131.7 144.6 155.9 161.4 161.4 158.2 153.9 146.4 138.8 135.3 137.1 133.2 126.2 121 119.4 119.5 118.4 120.2 121.5 119.7 105.8 98 95.4 94.9 95.2 95.2 101.6 105.2 107.9 112.2 116.4 121.3 125.7 128.3 133.7 138.4 141.9 143.5 141.7 133.2 127.5 123.3 115.3 110.5 109.3 108.9 109.5 110.7
-1.2 -1.2 -1.2 -1.2 -1.2 -1.2 -1.2 -1.2 -1.2 -1.2 -1.2 -1.2 -1.2 -1.2 -1.2 -1.2 -1.2 -1.2 -1.2 -1.2 -1.2 23 43.6 51.6 63.2 75 83.4 90.1 96.2 101.1 111.8 123.9 136.4 148 157 159.4 157.8 152.7 139.6 127.1 119.3 114.9 115.4 112.1 109.5 107.2 110.5 113.2 114.8 119.6 113.5 104.9 94.2 91 90.5 89.6 89.5 91.8 98.3 102.5 106 111.2 119.2 122.6 124.5 126.6 127.8 126.5 126 125.4 125.7 119 111.1 108.3 106.4 107.3 107.3 107.4 108.8 110.2
-1.2 -1.2 -1.2 -1.2 -1.2 -1.2 -1.2 -1.2 -1.2 -1.2 -1.2 -1.2 -1.2 -1.2 -1.2 -1.2 -1.2 -1.2 -1.2 -1.2 0.4 1.7 37.5 50.1 68.6 84.4 95 103.5 107.5 110.2 117 128.6 139.7 150.5 154.9 155.8 152 139.7 125 109.7 97.4 90.5 88.7 89.3 89.3 93.2 97.5 98.6 101.7 102.4 98.8 89.6 86.5 85.3 85.2 86.8 86.9 88.6 92.1 95.7 100.4 108.5 117.4 120.1 119.4 116.9 112.1 109.3 107.8 107.3 108 104.5 105 104.9 107.5 108.7 108.5 109.1 110.3 116.3
-1.2 -1.2 -1.2 -1.2 -1.2 -1.2 -1.2 -1.2 -1.2 -1.2 -1.2 -1.2 -1.2 -1.2 -1.2 -1.2 -1.2 -1.2 -1.2 1.2 1 1.7 24.6 43.2 60.5 79.9 93.1 102.4 107.6 107.4 116.4 126.6 137.6 148.1 149.1 147.5 138.3 123.7 109.5 88.7 76.2 71.6 71.3 76.2 78 79.1 79.9 80.6 83.1 83 80.1 79.6 81.8 81 80.6 80 83.2 86.6 88 91.1 94.2 98.6 102.9 105 103.8 101.1 96.8 96.6 97.9 99.3 100.8 100.7 102.7 104.6 107.5 110 111.3 113.9 119.3 126.9
-1.2 -1.2 -1.2 -1.2 -1.2 -1.2 -1.2 -1.2 -1.2 -1.2 -1.2 -1.2 -1.2 -1.2 -1.2 -1.2 -1.2 35.7 28.5 1.6 2.9 5.8 6.2 24.9 45.4 59.5 70 77.7 85.6 92.6 104.3 115.6 128.8 139.6 136.7 129.9 120 106.7 84.8 69.6 57.9 60.4 62.4 65.5 67.7 69.7 71.4 72 72.3 73.5 72.5 80.8 81.6 82.6 79.5 80.9 83.9 85.8 87 87.7 90.1 92.3 94.1 92.5 92.6 93.7 95.4 96.5 98.6 99.2 99.7 101.9 103.3 104 106.2 109.1 112 115.7 121 134.4
-1.2 -1.2 -1.2 -1.2 -1.2 -1.2 -1.2 -1.2 -1.2 -1.2 -1.2 -1.2 -1.2 -1.2 -1.2 41.8 31.8 43.8 25.3 11.8 25.2 19.3 12.9 7.8 24.4 37.5 50.2 56.7 62 71.4 84.2 95.2 102.4 116.5 117.9 99.3 86.9 79.2 68.4 56.4 61.8 60.7 62.1 64.5 64.4 65.5 66.7 68 70.7 73.8 77.2 81.4 82.8 83.9 83.4 82.7 83.9 85.6 86.2 86.4 87.3 89.4 91.5 91.5 94 96.5 97.5 98.5 100.2 101.7 101.3 103 106 105.8 106.5 108.7 111.1 112.9 119.6 133.9
-1.2 -1.2 -1.2 -1.2 -1.2 -1.2 -1.2 -1.2 -1.2 -1.2 -1.2 -1.2 -1.2 22.2 51.8 59.6 60.6 49.6 25.3 27 44.4 37.3 28.6 20.2 16.8 17 22.9 36.1 44.1 54 60.7 58.8 64.6 78.3 96.5 78 61.4 66.4 56.6 64.7 66.9 65.5 66.4 67.1 69 69.6 69.9 71.4 75.8 80.1 82.3 84.3 86.6 88.1 88.5 87.8 84.3 84.8 85.3 85.8 86.9 89.3 91 91.9 95.3 97.3 99.8 100.6 102.9 105.2 105.6 107.2 109.7 109.3 109.4 109.2 109.1 111.4 118.5 130.7
-1.2 -1.2 -1.2 -1.2 -1.2 -1.2 -1.2 -1.2 -1.2 -1.2 -1.2 -1.2 8.3 68.9 67.9 71.6 69.9 54.9 31.5 34.8 55.8 52.4 43.6 32.5 30.9 27.1 30.8 33.3 27.6 27.7 34.1 42.6 44.5 47.1 60 60 53.1 61.1 65.4 67.5 68.9 70.6 71.4 72.2 74.7 73.1 74.6 76.5 78.4 80.6 84.5 89.4 93.2 94.6 97.3 97.2 94.4 88.8 86.9 86.7 88.1 90.1 91.5 93 98.1 100.1 102.2 103.9 105.4 107.9 110.3 113 113.1 111.9 112.1 111.8 111.8 110.3 117.1 125.1
-1.2 -1.2 -1.2 -1.2 -1.2 -1.2 -1.2 -1.2 -1.2 -1.2 -1.2 18 79.9 80.2 79.8 82.3 80.5 64.7 39.7 42.8 60.9 74.5 56.4 43.3 37.6 34.3 34.8 36.2 30.2 27.6 36.2 44.2 45.6 45.5 47.6 50.2 56.1 60.2 65.4 70.1 73.8 79 83.2 85.8 90.3 84.1 82.9 81.3 86.6 89.8 96.4 100.8 104 104.6 107.4 108.9 104.7 99.2 93.7 89.8 90.2 91.1 93.1 96.9 101.8 103.9 105.3 107.4 108.7 110.3 113.5 117.3 116.7 114.8 114.5 114.2 115.1 113.8 115.1 120.9
-1.2 -1.2 -1.2 -1.2 -1.2 -1.2 -1.2 -1.2 -1.2 1.4 69 86.7 92.3 86.3 88.2 90.7 90 72.7 51 43.4 60.8 79.2 80.8 69.8 55.9 49.5 42.6 40.3 39.2 40.9 45 47.3 48.8 50.5 52.6 55 57.7 61.3 67.2 73.2 80.6 91 96.8 101.4 106.7 104.2 102.3 102.3 104.9 107.9 112.2 113.9 114.3 114.2 115.5 114.9 113 106.8 100.7 98.9 102.2 106.3 105.8 104.9 107.4 107.7 107.9 109.8 111.3 112 115.7 119.4 120.1 119.1 117.7 117.1 116.9 117.3 114.4 118
-1.2 -1.2 -1.2 -1.2 -1.2 -1.2 -1.2 1.7 65 83.5 97.5 101.8 98.8 95.6 95.7 96.5 93.6 82.6 65.9 64.7 77.4 81.5 93.9 93.4 89.3 76.1 58.4 48 41.4 45.8 47.7 50.8 52.7 53.3 55.6 58.4 61.4 66.6 77 87.3 95.4 102.8 110.4 114.7 118.7 119.6 116.2 117.5 118.9 120 120.2 120.2 119.9 120.8 120.7 120.6 120.4 114.1 111.3 114.5 114.8 116.1 116.5 117.1 116.4 114.1 111 112.6 113.8 115.4 118.2 121.8 124.3 124.7 123.4 121.4 119.8 119.2 117 116.5
-1.2 -1.2 -1.2 -1.2 -1.2 -1.2 -1.2 1.1 68.9 104.2 108.1 106.3 104.2 103.5 103.2 102.6 104.1 100.7 87.6 80.6 82.2 71.7 87.8 98.4 98.4 89.2 67.6 58.8 52.7 49.4 51.2 53 55 57.3 59.8 62.6 68.9 80.5 93.6 104 110.1 116.7 119.2 121.6 123.2 124.3 125.1 125.1 124.9 125.3 125 124.9 125 125.1 125 125 123.3 122.3 121.5 120.8 120.4 122.5 123.5 123.3 123.6 122.3 119.5 119.3 117.4 118.3 120.2 124 127.8 128.9 129.1 127.4 124.1 121.8 120.8 117.5
-1.2 -1.2 -1.2 -1.2 -1.2 -1.2 -1.2 1.1 62.3 113.4 111.9 111 110.8 111 109.5 110.7 113.8 111.8 108.5 91.1 72.5 65.2 85.8 102.8 103 96.7 83.1 75.3 66.3 55 54.2 54.5 57.6 62.2 64.7 74 86.1 96.1 108.6 115.4 118.5 120.9 123.2 124.6 125.8 127.1 128.1 128.3 128.3 128.6 128.7 128.7 129.3 129.3 129 129 126.8 127 127.1 126.4 126 128.1 129.5 129.7 130.2 130.3 129.3 127.5 121.8 125.3 125.1 126 131.1 133.6 134.7 133.9 129.8 124.3 121.9 116.8
-1.2 -1.2 -1.2 0.3 0.6 0.5 0.9 15.2 84.1 116.1 114.9 114.7 115.7 116.2 115.3 117.4 119 118.6 110.4 91.2 70.4 74.3 93.9 105.7 108 104 99.8 93 82.2 71.4 60.8 57.8 60.4 65.8 70.8 87 102.8 113.5 115.9 119.5 122.3 124.6 126 127.3 128.5 129.7 130.9 131.4 132 132.4 132.7 133.2 133.9 133.9 133.5 132.8 130.1 130.2 130.3 130.5 131.8 134.5 136.4 137.1 137.8 138.2 137 135.1 131.8 134.2 133.9 129.1 134.6 138.2 140.2 140.6 137.6 128.6 123.6 119.7
1.7 1.7 22 17.3 40.4 41.5 60.3 78.8 118.1 117.5 117 118.4 119 120 120.7 121.4 122.2 118.1 101.2 81 71.9 82.3 105.5 110.2 113.1 111.3 109.8 110 98.9 88.3 76 63.7 64.2 69.2 80.4 96 112.2 116.6 119.3 122.8 125.4 126.9 128.6 129.9 131.2 132.4 134.1 135 135.7 136.8 137.2 137.9 138.7 139.2 139 138.1 133.9 133.7 135.3 136.9 138.6 141.3 143.6 144.5 145 144.8 144 143.7 142.6 141.8 141.3 138.5 138.6 143.8 146.5 147.4 145.3 135.3 126.8 121.6
-1.2 0.2 27.7 64.7 77.3 87 109.5 115 116.2 116.9 117.8 120.2 121.6 121.9 122.7 123.4 123.1 112.9 91.1 77 83.2 100.5 110.6 114.3 116.8 116 115.2 116.8 115 101.6 88.5 76.9 71.2 76.4 87.4 99.8 112.2 118.8 121.9 124.6 127.3 129.3 131 132.6 134.1 135.8 137.5 138.9 139.6 140.9 141.8 142.8 143.8 144.6 144.8 144.6 141.1 141.5 143 144.4 145.6 148.3 149.9 150.8 151.6 151.8 152.1 151.4 151.6 151.1 150.2 147.1 144.3 149.3 153.3 155 152 146.6 137.6 128.1
-1.2 0.4 40.2 79.9 100.8 110.3 111.9 113.2 114.6 115.7 118.9 121.3 122.7 123.2 124 124.7 119.2 103.3 82.8 86.9 96.4 108.9 114 118.1 119.8 119 119.6 121.4 121.4 113.6 102 92.6 91.7 91.1 98.6 106.1 113.6 120.7 124.4 126.6 129.1 131.4 133 134.8 137.3 139.2 140.9 142.6 143.5 144.9 146.5 147.9 148.8 149.3 150.4 149.5 148.5 149.8 151.2 151.5 151.5 154 156.1 157.4 158.4 158.8 159.3 158.7 159.2 159.1 158.7 155.8 149.4 156.8 160.4 161.6 162.9 157.5 148 139.8
-1.2 0.8 19.2 87.3 101.9 107.6 110.1 111 113.4 117 120.5 122.2 123.8 124.5 125.1 125.3 116 99.1 91.1 94.8 105.3 113.9 118.6 121.1 121.8 120.6 121.2 122.6 122.8 121.7 115.2 112.8 110.5 105.8 113.3 115.8 114.8 121.7 125.7 128.5 131.2 133.1 134.7 137.1 140 142.1 144 145.9 147.3 148.4 150.5 152.3 152.8 154.2 155.2 154.8 155.2 157.1 157.9 158.1 158.1 159.2 162.9 163.7 164.3 164.9 165.9 166.5 166.4 166.5 166.3 164.9 156.8 162.6 166.3 169.2 171.2 171.7 165.5 155.1
1.4 3 39.1 73.5 88.1 96.3 105.6 110.7 114.9 118.5 122 124.1 125.7 126.3 126.5 124.2 118.6 105.7 104.1 107.8 111.5 117 120.8 123.2 122.8 122.6 123 124.2 124.1 124.7 125.4 123.8 120.6 120.5 116.2 111.1 116.6 122.5 127.4 130.2 132.9 134.7 136.4 139.3 142.3 144.8 146.9 148.9 150.2 152.1 153.7 155.6 157.6 159.1 160.1 159.5 160.1 162.2 163.4 163.7 164.4 165 167.6 168.9 169.9 171.4 173 173.4 173.6 173.9 173.9 173.1 169.1 168.3 172.9 175.9 178.5 179 178.4 166.9
30.9 44.1 38.1 60.8 79.2 96 105.8 111 115.8 119.9 123.3 126 127.8 128 127.9 125.4 122.3 114.8 117.1 118.7 117.7 118.3 122.1 123.6 124 124.6 125 125.4 126.7 128.6 129.9 129.7 127.5 126.8 122.6 117.3 120.7 124.2 128.4 131.7 134.2 136.3 138.6 141.6 144.6 147.4 149.5 151.5 153.4 155.7 157.7 160 162.3 163.2 164 163.6 164.5 166.8 168.3 169.1 169.6 170.6 172.8 175.3 176.7 178.6 180.3 180.7 181.1 181.8 180.7 179.2 175 174 179.6 182.6 184.7 185.2 184.5 177.3
74.5 71.6 56.1 55.1 75.9 89.1 102.9 110.7 115.3 119.9 124.3 127.7 129 129.6 129.9 129.3 127.4 123.9 121.4 120.4 120.5 120 122.8 124.5 124.9 125.4 127 128.7 129.8 132.3 134 134 132.5 131.9 131.1 127.2 130.2 130.1 129.8 132.8 135.4 137.8 140.7 143.7 146.7 149.7 152.3 154.2 156.4 159.5 161.8 164.2 166.1 166.7 167.3 167.9 169.8 172.2 173.8 174.6 176 177.2 179.2 182.1 184.2 186.1 187.6 188.2 188.6 188.1 187.2 185.3 181.1 180.8 186.4 189.3 190.7 190.5 189.3 187.8
86 88.7 73.5 65.2 77 87.3 101.6 110.3 114.9 119.4 123.9 128.5 131.9 134.5 134.6 133.6 132.2 129.9 126.5 123.3 122 119.6 122.5 125.3 126 128 130.5 132.4 134.3 135.8 137.2 137.2 137.2 136.7 135.9 135.4 134.6 133.5 132.1 134 137.1 138.5 142.3 145.8 148.8 151.7 154.4 157.4 160.4 163.3 166.3 168.5 170.6 171.4 172 173.6 175.9 177.8 180.6 181.9 183 183.8 185.3 188.2 190.7 192.6 193.7 194.8 195.3 194 193.8 191.8 187.3 190.2 193.1 196 196.5 195.5 194.1 192.3
95 95.7 92.1 79.9 83.6 86.5 97.2 109.1 115 120.6 125.9 130.7 134.7 137.1 138 137 135 133.3 130.2 125.9 123.5 121.5 123 125.1 128 131.3 133.5 135.6 137.1 138.5 139.9 140.7 141.3 141.2 140.6 139.4 137.3 135.9 133.4 132.7 137.7 139.5 143.8 147.5 150.6 154.2 157.8 161.4 164.4 168.1 171.2 172.9 174.9 176.1 177 179.5 181.9 184.4 186.7 188.3 189.3 190 191 194 196.2 198.4 199.8 200.7 200.7 200 198.6 195.7 195.3 196.4 198.6 201.1 201.7 201.6 199.3 195.9
101.8 100.2 100.1 95.7 91.4 91 96.1 105.6 114.6 122.2 127.9 131.8 135.3 137.4 138.4 138.4 136.8 134.2 130.4 126.2 125 124.4 124.4 125.4 130.2 133.5 136.3 138.7 140.2 141.5 142.6 143.6 144.9 145 144.2 142.5 140.3 137.8 135.2 133.8 138.6 142.1 146.3 149.6 153.7 157.3 160.9 164.9 168.5 172.7 175.4 176.9 179.2 180.8 182.9 185.1 187.4 189.7 192.2 194 195.2 196.3 197.3 199.2 201 203 204.8 205.2 205.7 205.2 204.6 203.1 202.1 202.5 203.5 205 205.8 205.2 202.9 199.8
110.5 106.4 103 102.2 102.3 100.3 98.9 105.3 114.5 122.7 127.3 131.6 134.8 137.1 138.1 138 135.7 133 129.9 126.7 126.2 126.3 127.2 127.2 131.9 135.4 139 141.4 142.5 143.6 145.3 147.7 148.9 148.2 146.9 144.8 142.7 140.8 139.2 138.5 141.3 144.6 148.4 151.7 156.1 160.4 164 167.8 171.8 174.7 177.4 180.8 183.7 185.8 188.2 190.6 192.8 195.1 197.6 198.8 199.9 200.8 201.9 203.5 205.2 207.1 208.6 209.3 209.8 209.8 209.4 208.8 208.1 207.2 208.1 207.7 208.7 207.9 205.5 202.2
119.3 116.4 110.5 106.6 107.1 106.2 104.4 108.1 115.7 122.2 126.9 131.4 134.7 136.7 136.8 135.6 133.4 130.3 127.8 126.9 128.7 130.4 132 132.3 132.6 137 141 143.1 144.1 146.7 149.9 152.1 152.3 151.1 148.9 146.8 144.7 144 143.1 142.1 143.7 146.4 150.5 154.6 158.7 162.7 166.9 170.8 174.4 177.3 181 184.6 187.5 190.6 193.1 195.5 197.9 200.1 202.1 203.5 204.5 205.5 206.3 207.9 209.5 210.7 211.7 213.1 213.7 214.4 214.5 214.1 213.1 212.2 211.7 211.1 210.4 209.5 207.5 204.4
123.7 123.3 118.2 112.7 110.6 110.1 109.5 111.6 117 121.7 126.4 131.1 134.8 134.9 134.2 132.7 130.6 129 129.1 129.3 131.3 133.5 135.7 136.2 135 138.5 142.2 144.2 146.9 150.6 153.6 154.5 153.9 152.6 150.7 148.8 147.4 146.3 145.9 145.2 146.2 148.2 152.6 156.9 161.3 165.4 169.4 173.5 177.1 180.8 184.7 188.4 191.7 194.9 198 200.2 202.3 204.6 206.3 207.7 208.9 209.7 210.2 211.5 212.7 213.9 214.8 216.4 217.5 218.4 218.8 218.3 217.6 216.6 215 213.8 212 211.3 208.9 206.2
127.8 126.1 122.8 118.6 115.9 114.6 114 114.1 118.5 122.9 127 131.4 133.4 131.9 131.2 130.4 129.8 131.8 132.6 132.5 133.8 135.9 137.9 138.7 138.1 139.9 142.2 146 148.7 153.4 155.1 155.5 154.7 153.7 151.8 150.2 149 148.7 148.2 148.4 149.1 150.8 153.7 158.3 163 167.3 171.3 175.6 179.9 184.3 188.7 192.4 195.6 198.8 202 204.5 206.7 208.5 210.2 211.9 213 213.2 214.1 215.4 215.7 216.3 217.8 219.4 220.8 221.2 221.5 221.5 221.3 220 217.7 215.8 213.6 211.6 209.6 206.7
