webserver/python/data/SN52.asc
ncols 200
nrows 200
xllcorner 250000
yllcorner 220000
cellsize 50
[rows 0 to 36 of 200, columns 82 to 163 of 200]
212.5 219.3 224.4 227.3 220.9 222.8 217.2 213 207.4 216.9 230.6 238.2 240.2 252.2 264.3 277.8 292.7 299.5 302.4 307.1 309.8 310.3 308.9 306.8 304.7 304.4 303.5 303.3 302.9 303.3 303.6 305 306.1 305.7 305.3 305.1 304.6 303.4 301.8 299.5 298.4 295.8 295.7 292.8 290.6 283.5 275.5 265.8 251.8 239.3 237.1 240.1 242.9 244.5 243.7 242.3 239.3 236.2 234.4 238.9 248.4 256.1 265.1 272 277 279.9 281.2 283 282.8 281.2 278.1 273.1 261.1 255.2 255.8 261.8 266.5 269.7 272.6 275.3 278.8 282.4
211.2 211.5 212.2 211.7 207.8 203.1 197.1 202.2 217.9 229.7 241.1 252.3 262.8 271.8 280.6 288.3 296.4 299.7 301.9 305.8 308 308.2 307.2 305.5 304.4 303.3 302.5 302 301.7 301.7 302 303.5 303.6 303.3 303.2 303.2 303.3 303.1 301.3 300.9 300.4 299.3 299 297.8 294.6 287.4 279.8 270.2 251.6 241 231.9 233.1 237.4 239.2 241.3 241.7 238.9 235.2 230.5 235.1 248.2 256.4 264.1 270 276.7 278.6 278.2 278 276.4 273.7 269.2 258.4 248.4 251.8 257.4 263.9 268.8 272.1 273.8 277.2 280.9 284.1
202 202.3 202 194.2 189.2 186.4 199 212.1 224.8 240.1 252.7 265.1 273.5 279.6 287.6 293.9 298.8 303 307.3 307.2 307.6 308.6 307.1 305.4 305.5 305.6 305.3 303.5 302 301.1 298.4 298.1 299.6 301.2 301.3 301.3 301.3 301.5 302.5 302.4 302.1 302.5 301.4 299.4 296.5 290.5 283.1 272.3 257.2 244.5 237.3 227 231.8 234.7 238.3 241 239.8 233.4 227 231.9 245.4 255.2 261.3 267.2 271.3 273.5 273 273.2 271 268 258 245 246.6 251.7 260.4 266.7 270.5 272.9 275.4 279.8 282.2 284.5
193.7 190.5 187.7 179.3 173.2 190.3 205.6 219.5 238.2 250.2 261.3 270.5 279.2 285.6 292 297.3 301.6 306.7 310.5 311.1 312.1 310.1 310.1 309.7 309.2 308 307 305.6 303.5 301.9 297.8 295.3 295.5 297.1 298.4 299.4 299.4 300.7 301.2 302.1 302.5 302.9 303 301 298.3 293.8 286.8 276.9 268.1 254.7 238.2 227.5 225 228.9 233.7 240.4 236.9 226.3 220.1 229.6 243.3 250.1 257 262.6 266.1 268.4 269.8 270.3 268 264.3 245.6 235.4 242.7 251.3 266 269.2 271.6 275.8 278.3 280.1 282.5 285.9
183.6 179.3 173.5 163.2 181.5 197 210.7 226.7 244.6 256.5 267.3 275.4 282.6 289.1 294.6 299 305.4 309.7 312.9 315.4 316.2 314.5 312.8 312.4 311.6 309.4 307.2 305.8 304.4 302.4 298.4 294.3 292.6 293 294.3 295.7 297.5 299 300.3 301.8 302.5 303.4 304.1 302.4 300.1 295.8 290.3 283.1 272.9 257.8 240.2 231.9 221.4 219.8 223.4 224.7 221.1 215.9 216.4 222.4 230.3 244.3 251.5 258.5 263 266.3 267.8 267.4 265.4 257.5 236.1 230.3 241.8 253.6 264.8 270.2 273.3 277.9 278.9 281.4 286.2 292.1
166.1 162.8 157.5 173.7 185.7 200.2 215.8 234.9 252.8 264 272.4 278.6 285.5 291.5 295.5 301.7 307.1 310.3 312.8 315.5 317.2 317.3 315.2 313.9 311.9 309.1 307 305.6 304.5 302.2 298.6 292.8 290.4 289.8 291.2 293.5 295.7 297.8 299.3 301.2 303 303.8 304.7 303.9 302.2 298.2 293.2 286.3 274.6 258.2 250.6 244.5 231.6 223.5 212.7 213.6 210.1 210.2 210.8 217.5 231.6 240.5 248.9 258.8 263.1 265.9 268 267 265.1 256.7 238.3 229.7 240.9 255 264.3 269.6 272.9 276.7 280.9 285.8 291 294.9
145.1 146 145.3 173.6 191.2 208.1 226.2 241.2 257.6 267 275.1 282.2 288.3 292.5 296.7 302.2 306.2 309.9 312.3 316.3 319.3 318.6 317.6 316.2 312.9 309.8 306.9 306 305 301.8 298.4 291.1 285.1 286.8 289.2 291.9 293.9 296.4 298.5 300.6 302.5 304.4 305.2 304.4 302.4 299.8 296.3 288.5 274.4 268.1 264.4 258.5 245.9 231.3 224.7 219.4 212.4 207.4 206.6 208.7 232.9 245.2 254.1 261.6 264.6 266.8 269.1 270.1 268 263.3 245.8 234.2 235.5 253.8 264.4 268.4 273.4 279.2 283.7 289.3 294.5 299.4
123 131.9 148.9 176.3 193.6 211.3 226.9 239.2 252.8 265.7 276.3 281 286.6 293.8 297.5 302.4 305.4 310.6 314 317.7 320.7 319.8 318.9 315.2 312.2 309.6 307.4 306.5 304.6 301.4 298.2 293.2 286.3 280.7 288.2 290.6 293.1 295.7 297.8 299.6 301.8 303.7 304.4 303.9 301.9 299.8 297.1 289.9 284.9 280.2 274.3 266.8 254.7 247.2 236.6 228.9 225 221.3 211.6 207.1 227.3 247.1 256.1 262.9 266.3 268.7 270.7 271.2 270.5 268.9 250.5 231.6 224.9 244.2 259.1 267.7 273.8 280.3 285.7 292.2 297.7 302.7
136.3 146.7 159.9 171.2 185.1 194.4 209.5 220.8 236.1 254.1 264.1 278.3 288.6 294.1 299.2 303.8 307.3 311.8 314.5 318.2 321.6 322 318 315.5 312.6 309.8 307.2 305.7 304.2 301 297.8 293.4 287.1 278.4 287 289.9 292.4 294.9 297.1 298.4 300.6 302.9 302.8 302 300.7 298.8 296.1 292.4 289.4 284.6 278.5 272.1 265.3 257.1 250.3 242.7 235.7 231.7 216.5 199.8 216 239.7 254.1 263.2 268.2 270.4 270.7 270.6 271.1 270.4 252 227.7 217.2 228.3 247.4 263.4 272.8 280.1 288.3 295.4 300.6 303.8
129.7 143.3 150.9 164.7 182.5 193.8 209.4 222.2 232.5 233.3 256.6 277.1 290.3 296.5 302.7 306.8 309.3 313 316 319.8 320.9 319.3 317.9 315.3 312.3 309.3 306.3 305.3 303.8 300.6 297.4 292.7 283.7 274.5 285.8 289 291.6 294.1 296.4 297.7 299.4 300.9 300.2 299.5 298.8 297.7 294.8 292.7 290.4 286.1 281.4 276.7 271 265.4 258.1 252.1 246.1 238.2 221.6 198.6 209.9 230.5 251.8 265.6 269 270.4 270.7 270.7 269.7 260.7 241.4 218.6 212.4 221.8 239 260.2 273.9 282.1 292.3 299.7 303.9 306
145 151.1 161.6 180.4 197.4 214.9 232.5 247.1 257.7 260.8 251.9 268 290.3 299.1 304.2 306.1 309.7 313.3 316.2 319 318.7 319.1 318 315 311.1 306.2 305.3 304.2 302.6 299.9 296.8 293.2 284.2 269.7 284.5 288.4 290.7 293.3 295.8 297.1 298.4 299 298.4 298.2 297.8 296.6 295 292.7 290.1 286.5 283.2 279.6 275.3 268.3 261.9 257.4 248.9 239.1 222 200.3 198.5 224.7 248.6 263.7 266.9 269.4 270.1 267.2 258.7 245.8 224.2 210.1 208.9 219.8 241.6 263.9 277.9 288.5 296.3 302.2 305.5 306.4
154.6 160.4 172.8 194.2 215.3 237.5 257.6 272.6 284.1 291.5 289.3 284.7 279.6 296.3 302.3 305.7 308.7 311.5 314.1 316.1 318.8 319.5 318.3 314.7 307.6 304.6 303.5 302.2 299.3 297.3 293.8 291.6 284.9 267 279.8 286.3 290 292.9 295.9 297.5 298.2 298.5 297.8 296.5 295.8 294.4 292.3 290.1 288.1 284.4 280.6 277.7 273.7 266.6 261.4 255.1 248.9 239.9 223.6 199.9 194 220.8 246.2 261.2 266 268.6 265 252.3 238.7 227.8 209.5 206.5 203.5 223 247.8 271.7 283.5 291.9 299.1 304.7 306.3 306.5
174.5 178.5 189.2 209.5 237.2 258.7 275.2 286.9 297.3 301 301.1 302.7 300.2 297.1 301.5 306.9 309.9 310.7 312.5 315.3 317.9 317.9 315.9 311.5 304.2 302.7 301.1 299 296.1 294.7 288.8 284.2 274.9 266.3 280.3 286.8 291 293.1 296 297.7 298 298.4 297.9 296.6 292.5 290 288.5 285.6 282.6 279.5 276 271.7 268.6 264.1 258.5 252.6 247.5 237.6 219.8 194.3 193.9 221.3 241.5 254.6 259.3 257.7 248.9 234.3 220.3 209.3 200.6 198.9 207.8 225.9 252.6 275.5 286.5 295.4 301.8 304.6 305.6 306.3
204 204.5 211.9 229.6 253.4 272.4 284.4 295.6 302.1 304.9 305.3 305.5 303.7 302.6 304.9 309.1 311.2 312.6 314.1 316.6 316.4 314.4 312.4 307.5 302.9 300.5 298.7 294.6 293.4 287.4 275.1 265.4 262.6 275.5 286.1 291.6 293.3 295.1 296.9 298.2 299.3 300.4 298.5 295.4 289.8 282.4 281 277.5 274.7 272.2 269.1 265 262.4 259 253.2 247.6 241.7 233.3 216.4 193.3 188.9 211.9 224.8 234.3 247.8 245.7 232.6 216.9 202.4 196.1 193.7 200.8 215.4 238.1 262.1 277.4 287.8 296.7 300.6 303 304.6 305.2
223.7 229.9 240.1 253.2 268.8 281.7 292 300.6 305.9 307.2 307.8 308.3 307.2 305.7 306.3 309.6 312.2 314.5 315.6 316 315.4 313.2 311 306.9 302 298.9 295.1 290.4 282.6 268.3 254.6 263.3 275 287 292 294.2 296 298 299.9 300.8 301.8 300.8 298.7 294.6 287.8 281 271.8 266.9 265.3 265 262 258.6 251.8 244.7 239.1 233.6 229.9 227.5 215 197.4 187.3 191.3 205.8 216.2 225 224.6 214.2 195.2 188.7 190.4 193.6 209.7 226.5 249.4 266.7 277.5 287.1 294.3 298.9 301.6 303.1 300.9
229.8 242.3 253.6 266.2 277.9 288.3 297.5 303.7 307.5 309 310.3 311.1 308.8 307.4 308.2 311.4 313.6 315.6 316.2 316.6 315 312.8 310.4 305.7 299.8 296.7 292.9 286.5 270.4 252.1 258.9 279.5 289.9 292.9 295.6 296.9 298.8 301.1 302.6 303.7 304.5 303.9 301.5 297.1 291.4 284.9 278.7 271.2 263.5 257.8 253.6 242.7 231.2 224.8 219.6 216.6 214.3 208.8 205.5 197.3 191.2 187.6 188.3 192.7 206.5 208.8 190 181.3 183.9 189.4 204.1 219.2 239.5 255.9 266.9 276.2 285.1 292.2 297.3 299.7 298.7 296.1
233.9 247.9 260.3 272.5 284.1 294.1 301.7 305.6 309.2 311.2 312 312.4 310.8 310 312.1 314.1 315.4 316.5 316.2 315.6 314.2 312.5 309.5 303.5 297.9 294 290.6 281.9 262.7 240.6 263.7 286 292.7 294.6 296.3 299.2 301.8 304.1 305.9 307.9 309.1 307.7 305.2 301.7 296.6 290.3 283.5 278 264.6 249.8 239.4 229.3 225.5 223.3 220.8 215.9 211 207 204.9 204.5 199.5 194.3 190.1 182.8 181.2 183.2 173.5 178.5 188.1 199.9 214.9 233.2 250.1 260.5 269.5 277.7 284.5 289.6 292.9 295.2 293.8 290.5
236 251.8 264.7 278.3 289.8 298.7 303.7 307.3 310.9 313.4 313.9 314.6 313.9 313 314.9 315.7 316.1 316.7 315.3 314 312.8 310.1 307.2 302.8 298.2 293.7 288.2 273.2 252.5 243.3 261.1 285.3 290.9 294.6 297.6 300.4 303.5 306.2 309.9 312.2 313.9 312.7 310 306.5 301.2 295.3 289.2 281.7 269.1 251.4 241.2 238.9 239.8 239 234.6 231.3 228.2 225.5 223.4 221.2 217.8 209.8 202.4 193 178.6 171 169.7 177.1 192.2 209.8 227 241.8 252.8 262.9 270.5 276.7 282.5 286.1 288.7 288.3 286.2 284.3
236.8 252.3 267.6 281.5 293.4 300.7 304.6 308.6 312.5 315.5 316.2 317 316 314.8 316.4 316.8 317.1 317.1 315.7 314.3 311.9 309.1 305.8 301.1 296.8 291.4 280.5 260.6 238.7 243.7 257.7 273.7 289.4 296 298.6 301.6 305 308.5 312.3 315.7 316.4 313.7 312 309.4 303.9 298.4 292.6 283.7 268.4 258 255.1 255.2 255.5 250.7 249.3 248.2 245.3 243.3 240.7 241.3 239.4 232.5 219.9 205.7 188.3 173.7 167.7 172.8 189.6 212.1 231.8 244.3 254.8 263.3 269.8 275.5 279.9 282.6 282.7 280.4 278 275
236 251.4 267.5 281.8 293.4 300.8 305.6 309.5 314 317.4 318.9 318.7 317.5 316.2 316.7 317.1 317.3 317.2 314.6 313.8 310.8 307.9 304.3 298.7 293.4 285.4 268.6 247.9 231 245.1 257.9 273.9 291.2 296.7 299.9 303.9 307.6 309.1 313.2 315.1 314 312.1 311.8 309.8 303.4 297.9 292.7 284.5 272 270.8 269.9 266.1 261.6 259.5 261.8 258.8 257.1 257.2 254.2 252.9 251.5 245.1 233.5 218 199.3 178 167.1 168.4 186.9 210.6 233.9 245.9 255.3 263 269.6 274.5 276.2 277.5 276.2 273 268.4 267.4
232.7 251.2 266.9 280.2 292 300.6 306.7 311.6 315.5 318.6 320 319.8 318.8 317.8 316.9 317.2 317.4 316.4 313.9 312.1 310.1 306.7 301.8 296 290.2 271.6 250.3 231.7 233.3 246.1 265.3 284.3 293.3 299.3 302.8 306.6 308.3 309.8 311.8 312.9 311.7 311.8 311.8 308.6 303.4 297.9 292.7 288.7 282.5 278.9 276 272.2 269.2 271.9 267.1 264.2 263.5 263.1 261.8 261.3 259.4 254.4 241.5 226.8 208.5 184.1 167.9 167.2 186.2 205.9 231.1 245.3 254.2 262 267.1 269.2 270.3 270.6 268.9 264.2 263.2 262.4
227.6 249.2 266 279.3 291 302.1 309.1 313.4 316.1 319.1 320.4 320.3 319.3 318.2 316.7 316.6 315.2 313.8 313.7 312.1 308.4 303 299.1 293.7 284.8 258.9 238.4 225.7 238.4 252.4 271.7 286.6 296 301 305.3 307.3 309.1 310.9 311.4 311.7 311.3 311.2 309.2 306.4 304.7 300.6 297.6 292 286.5 282.7 280.2 277.7 276.7 272.6 269.7 268.7 268.2 267.6 266.3 265.1 263.9 255.6 245.8 230.9 212.6 189.7 170.5 164.8 180.5 199.7 223 240.3 249 255.4 259.4 260.8 263.2 263.3 259.7 258.2 257.8 257
230 249.1 266.4 279.4 292.3 304.1 310.8 315.1 318.4 320.4 321.1 320.8 319.4 317.9 316.4 314.5 313.6 312.5 310 306.5 304.1 298.8 294.4 289.3 275.2 251.5 229.9 225.3 241.8 255.4 272.1 286.8 296 302.5 305.3 307.6 309.8 310.9 311.2 311.6 310.9 308.5 308.5 306.8 305.3 302.8 298.8 294 288.1 284.4 282.4 280.5 278.9 275.8 274.1 272.4 270.7 269.6 268.7 266.8 264.8 259.7 253.8 236.7 213.8 191.6 174 163.8 170.6 189.7 209.7 230.3 241.1 246.7 250.3 252.1 252.6 251.9 252.2 253.5 252.1 250.2
234.8 252.4 266.6 279.9 291.9 302.9 311.5 315.7 320.1 321.8 322.2 320.5 318.9 317.4 315.3 312.3 310.6 307.7 303.9 300.4 296.9 293.2 289.1 282.9 269.4 248.3 224.2 221.5 240.9 256.6 270.4 285.9 294.8 302.2 305 307.1 309.3 311.7 312.3 312.7 312.7 310.9 309.7 307.3 304.8 302.3 297.9 293.5 288.9 284.9 282.9 280.4 280 278.6 276.4 274.8 274.8 272.1 270 268.3 266.9 264.5 259 242.1 217.3 195.1 177.6 162.9 161.7 178.6 197.9 219 233.6 238 239.6 239.7 241.7 244.9 247.5 246.9 245.1 243.2
241.7 256 269.6 281.5 292.9 303.9 312.4 317.6 321.4 323.6 322.4 320.7 319 317.3 314.2 311.2 307.5 301.6 297.9 294.1 291 287.9 282.4 276.7 267.1 242.3 218.1 216.3 243.9 260.7 273.9 285.4 294.7 301.6 304.9 306.8 308.7 310.7 313.6 314.4 314.4 311.8 308.4 305.7 303.1 300.6 295 291.6 288.7 284.8 282.7 280.9 280.7 280.6 281.7 281.8 279 275.1 272.1 270.8 269.3 267.5 263.5 245.4 219.9 196.6 180.3 161.9 159.7 170.1 191.3 207.3 220.5 223.6 222.8 230.9 236.6 239.2 240 239.9 239.4 238.6
246.9 260.6 273.3 285.1 295.5 305.4 313.8 319.9 323 324.5 323.2 321.7 320 317.8 314.2 310.9 304.8 296.9 290.5 287.8 285 281.6 278.4 275.3 267.7 247.1 217.1 210.9 235.4 259.9 278.2 291.8 297.6 302.4 305.3 307.5 310 312.1 313.4 314.3 313.2 311.2 308.5 305.3 301.8 297.9 293.4 288.9 285.5 283.4 281.8 281.2 281.1 282 283 282.6 279.9 276.8 274.5 273.2 270.8 268.4 264.2 246.4 220.3 196.5 180.5 160.4 157.7 165 177.9 192.8 198.4 208.1 221 226.9 230.2 233 233.8 235.1 234.9 234.3
251.3 264.5 277.1 288.5 298.7 307.6 315 320.6 324 325.1 323.9 322.6 321 318.1 314.3 309.6 303.2 295.7 286.7 276.6 276.1 276.4 276 272.7 264.9 247.7 216.4 208.4 232.1 257.7 282 294.3 299.9 303.7 305.7 307.3 309.2 311.2 312.4 312.9 312.2 310.2 308 305.4 301.8 297.8 292.8 286.7 282.4 279.6 278.2 279.5 280.4 280.4 280.8 280 277.9 275.8 273.6 271.7 269.6 267.4 263.9 245.4 219.2 194.1 176.6 157.3 156.1 164.2 171.8 178.8 194 205.7 214.3 220.8 225.5 228.9 229.5 231.1 231.2 229.8
253.5 267.5 279.8 291.2 300.4 308.1 315.3 321.3 323.8 325.4 324.4 323.2 321.7 318 313 308.2 301.2 293.6 282.5 263.2 258.9 265.3 267.9 264.7 256.8 237.5 214.4 208.6 231.4 264.5 282.3 295 300.2 303.7 305.3 306.5 307.4 308.5 309.8 310.1 309.5 307.5 306 304.2 301.7 297.7 291.9 285.7 279.2 276.6 274.3 274 276.7 276.2 276.6 276.2 274.8 273.1 271.6 269.9 267.7 265.1 259.4 240.8 218.3 192.5 176.4 157.3 154.3 162.8 169.2 175.6 187.4 199.8 210.5 216.8 220.8 224.8 225.9 226.6 225.8 223
254.9 269.6 283 294.1 301.1 308.1 315.5 321.5 323.6 324.7 324.1 322.7 320.7 316.1 312.1 307 299.5 291.1 277.5 255.4 237.7 241.5 252.7 252.2 245.4 221.8 201.4 209.6 232.9 259.4 283.6 292.8 298.3 302.1 303.6 304.3 304.9 305.5 306.9 306.9 306.5 305.3 303.6 301.9 299.5 295.3 290.7 284.7 276.3 269.1 260.9 266.8 269.2 269.9 271 271.4 270.7 270.6 269.6 268.1 264.2 258.8 250.4 230.5 209 188 170.4 157.4 150.2 160.1 166.1 171.7 184.6 197.6 206.2 212.6 216.6 220.4 221.3 221.5 219.5 215.1
254.2 270 283.5 293.8 300.9 307.7 315.2 320.8 322.4 323.5 323.5 322.1 319.2 316 312.6 306.5 300.6 292.7 279.1 259.5 241.4 227.2 227.5 232.9 231.1 208.2 201.9 216.6 240.2 262.8 281.8 290.2 296.8 300.4 301.4 301.9 302.6 303.1 304.2 303.7 303.2 302 300.1 298.3 296.3 293 288.4 282.2 273.4 263.4 248.9 250.2 256.9 260.7 264.4 265.7 267.8 268.3 267.1 263.5 258.4 251.1 237.2 214.8 195.2 178.6 165.4 154.2 148.4 157.2 162.2 169 182.4 194.7 202.9 208.7 212.7 215.7 216.5 215.9 212.1 206.9
252 266.3 279.9 290.5 299.2 307.9 315.3 319.3 320.9 322.1 322.5 321.5 318.8 316 313.2 308.7 302.7 294 283.5 271 255.2 237.5 224.5 211.5 211.7 194.8 206 224.4 246.6 267.2 281 287.6 294.4 298.2 299.2 299.7 300.3 300.8 300.5 300.7 300.1 299.8 298.8 297.2 294.7 291.6 286.5 279.6 271 262.2 243.2 231.8 229.3 239.9 256.9 262.2 265 264.9 263.4 258.4 252.9 241.3 221.8 197.8 182.6 169.9 162.3 154.7 146 153.2 159.4 168.4 182.6 193.5 200 205.1 208.8 210.9 211.5 210.1 206.8 199.7
248.1 261.7 275 287 297.3 306.7 313.6 317.8 319.4 320.6 320.6 320.3 319 316.5 314 310.3 303.5 295.1 287 278.9 269.4 255.7 238.7 216.2 194.4 195.2 211 229.7 250.3 268.3 277.6 283.9 289.9 293.9 296.4 297.1 297.4 297.1 296.8 297.8 297.8 297.5 296 294.1 291.2 287.4 283.1 276.5 269.3 259.8 243.3 221.3 209.9 219.5 247.3 257.6 260.2 260.4 258 254.4 244.4 220.7 200 183.2 171.2 163.2 157.3 152.7 144.9 151.6 159.7 173.4 183.6 191.8 197.6 202 204.2 205.9 205.9 204.7 199.9 191
242.6 256.5 268.9 281.3 293.2 303.6 312 316 317.8 319.1 318.4 319.2 318.4 317.2 315 311.1 304 296.3 289.8 283.9 275.8 266.5 250.1 222.1 193 194.1 211.5 228.8 248.7 264.9 275.1 281.8 285.8 288.7 291.1 292.2 293.2 293.9 293.9 294.5 294.1 293.5 292 290.4 286.5 284 280 273.7 268.3 258.3 236.9 212.4 198.4 208.1 234.7 249.4 254.2 255.7 252.5 239.4 218.7 200.9 184.8 173 164.3 157.5 153.4 150.3 145.2 152.1 161.7 175.1 183.7 189.9 195 197.8 199.7 201.3 200.8 197.6 191.5 178.8
236.8 251.7 263.7 276.2 288 299.3 308.6 314 316.5 317 316 317.3 319.3 318.5 315 310.9 304 296.9 291 285.3 277.5 264.1 236.4 211.6 188 195.1 204.4 225.4 246.3 263.5 274.1 279.3 282.5 285 286.3 287.3 288.2 289.4 289.9 290.4 289.9 288 286.3 284.3 282.6 281 278.1 271.3 266.1 247.3 221.2 202.7 192.5 200.1 225.1 242.8 248 246.7 235.1 215.7 198.5 185 172.7 165.3 158 152.4 149.4 146.3 145.4 151.9 166.1 175.1 181.7 187.4 190.7 193.5 195.4 196.8 195.9 192.6 182.1 162.8
233.8 250.7 261.9 272.1 283.2 294.8 305.6 311.9 314.1 315.4 314.2 315.7 318.3 317 313.2 309.1 304 296.9 290.2 283.5 276.4 258.7 227 204.3 187.9 185.6 199.8 218.8 234.1 250.5 262.9 274 278.8 280.5 281.3 282.3 283.3 284.1 284.3 283.4 282.5 280.6 279.9 279.4 278.5 276.9 272.8 269.3 263 233.2 209.5 192.7 185.9 191.5 212.8 231.1 234.2 225.7 212.1 197.4 184.5 172.9 162.6 157.5 151.2 148.4 145.5 143.1 146 155.8 166.1 173.3 178.8 183.4 186.7 188.9 191.1 192.5 191.5 187.2 170.7 153.7
220.9 247.9 260.5 268.6 278.6 290.2 300.6 309 311.7 313.6 314.5 315.5 316.6 314 310.8 306.8 302.6 295.7 289.2 282.7 276.2 257.5 224.1 200.1 185.5 183.2 188 199.3 214.1 228 241.4 254.2 266.4 274.3 275.8 276.3 276 275.5 276.9 276.1 275.2 275.6 276.7 275 273.4 271.1 265.8 265.1 248.5 221.5 199.3 184.5 181.5 182.7 197.3 212.2 213.4 207.4 196.9 185.3 172.1 160.3 153.3 149.8 147.8 146.1 143.1 142.4 147.9 157.9 165.8 170.6 175.4 179.3 183.2 185.6 187.8 188.6 185.6 178.9 160 146.2
208.8 240.9 254.2 264.2 274.4 285.1 295.9 304.1 308.7 311.6 313.4 313.6 313.5 311.5 308 304.2 299.3 294.2 288.6 283.1 278.1 264.8 232.1 206.1 187.5 176.9 182.9 184.9 190.5 203 217.3 232.3 246.4 256.8 263 264.4 265.2 267.2 268.5 270.4 271.2 270.4 270.4 268.6 266.7 263.2 260.6 257.7 235.4 209.3 188 178.6 177.8 178.7 184.3 197.8 201.2 196.8 187.5 174.9 158.8 151.6 147.5 147.3 145.7 143.9 140.5 142.7 149.6 157.3 162.8 168.2 172.3 176.6 179.8 182.4 185 185.3 181.7 171.8 151.7 140.9
