webserver/python/data/SN56.asc
ncols 200
nrows 200
xllcorner 250000
yllcorner 260000
cellsize 50
[rows 35 to 69 of 200, columns 78 to 155 of 200]
131.6 131.3 129.8 128.6 127.5 125.3 124.5 123.8 123.2 122.5 122 121.8 122.3 122.4 121.8 122.9 122 121.6 121.6 122.3 123.2 123.4 123.9 125.1 125 124.6 124.1 122.3 121.8 122 122.4 123 122.9 122.6 123.1 122.6 122.4 121.5 119.3 112 110.8 106.2 108.1 105 86.8 116.2 123.8 130.8 133 134.8 136.6 137.9 140.1 143.7 148.1 152.9 158 162.5 165.6 169 172.6 176 178.4 180.2 181.6 180.2 181.6 183.2 184.9 185.5 185.7 185.1 184.8 183.8 183.5 183.5 184.1 183.8
132.6 132.9 132.1 130.1 129.4 127.2 125.8 125.1 124.4 123.6 122.9 123.2 123.8 124.6 124.6 125.2 125.9 125.9 125.5 125.7 126.3 125.5 126.6 127.1 127.4 127.6 127.4 126.4 125.8 126.1 126.7 128.2 126.9 126.6 127.2 126.5 126.2 125 121.4 118.5 112.9 115.8 120.2 122.6 103.6 125.2 133.7 136.4 138.5 140.6 142.7 144.1 146.8 148.8 152.6 156.7 161.2 164.6 167.6 170.9 173 176.1 179.3 181.4 182.8 182.4 184.1 185.7 187.3 189 189.4 189.2 188.7 188.2 188 188.7 188.6 188.7
135 132.7 132 131 130 128.5 127.6 126.4 126 125.9 125.3 125.7 126.4 127.7 127.3 129 130 130.4 129.8 128.7 129.2 128.6 127.5 128.5 129.1 129.8 129.6 128.5 128.8 129.4 129.9 130.9 130.4 130.6 131.9 129.6 128.6 126.5 122.5 120.9 115.3 119.5 124.9 128.5 112.9 108.6 136.2 141.5 143.3 145.3 146.8 148.2 150.1 152.9 156.4 160.1 163.6 166.5 169.2 171.1 171.1 177.1 179.1 181 182.9 184.8 186.5 188.2 189.9 191.8 193.4 193.5 193.7 192.8 193.1 193.7 193.8 193.7
134.3 133.5 132.7 131.8 130.6 128.8 128.9 128.5 128.9 127.8 128.1 128.9 129.7 130.5 131.8 133.3 133 133 132.6 132.1 132.1 131.8 130.9 129.7 130.4 131.6 131.5 130.5 131.5 132.2 132.5 132.9 133.3 133.3 133.1 131.9 130.9 128.8 124.9 123.7 119.8 125.8 128.7 134.2 130.9 112.2 137.2 143.1 147.8 149.6 151 152.4 154 156.1 158.9 162.2 165.3 167.9 170.4 172.2 174.7 177.9 180.1 182.7 184.9 186.9 188.9 190.8 192.7 194.6 195.7 196.8 197.8 198 197.9 198.7 198.9 198.5
134.9 134.5 133.7 132.7 131.4 130.8 131.8 130.6 130.4 130.8 131.6 132.4 133.4 134.1 135.1 136.6 136.1 135.3 135 135.3 134 133.6 133.8 134 132.4 133.2 133.2 134 134.8 134.4 134.1 135.8 136.2 136.3 135.5 133.5 132.7 129.7 129.1 128.6 126.2 131.2 132.6 136.9 137.9 128.5 133.3 142.7 149.5 152.4 154.5 156.7 156.7 158.8 161.5 164.5 166.9 169.2 171.6 173.7 176.7 179 181.5 184.3 186.7 188.6 191.3 192.8 194.3 196.4 197.6 198.8 199.9 201.2 202.3 202.1 201.9 201.8
134.5 134.5 134.5 133.4 132.9 132.9 133.6 134.5 134.6 134.6 135.2 136.8 137.2 137.5 138.4 139.3 138.9 139.3 138.8 138.9 138 137.2 136.4 135.6 135.5 135.5 135.6 137.1 137.8 137.1 136.3 137.5 138.5 139.5 137.3 136.8 135.1 134.7 133.2 133.7 135.6 136.9 136.7 140.5 141.5 134.4 126.5 140.9 149.8 155.3 155.9 156.6 158.1 160.4 162.9 165.4 168 170.4 172.8 175.1 177.4 179.7 182.3 184.8 186.7 188.4 191 192.7 194.8 197 199.1 200.9 202.1 203.2 203.8 204.1 204.1 204
135.1 135 133.9 133.6 134 134.7 135.8 137.4 138.6 139.9 140 140.3 140.6 140.9 141.7 141.2 141.1 141.4 141.8 141.8 141.5 142.1 141.6 141 139.9 140 140.6 140.5 140.6 140.3 140 140.3 139.7 144.6 142 137.9 137.7 135.2 135.5 136.3 137.5 141.5 140.4 140.5 143 140.5 123.3 135.6 147.8 154 157.6 157.1 158.7 161.5 163.7 166.1 168.7 171.3 173.8 176 178.2 180.2 182.1 183.8 186 188.3 190.4 192.4 194.6 196.9 199 201.5 203.1 204.6 205.3 205.4 205.7 205.7
135.7 135.7 135.4 136.8 137.9 138.5 138.8 140.3 141.4 141.8 141 142.2 142.9 143.5 143.6 142.9 143.2 143.6 143.9 144.3 144.4 144.9 144.8 144.6 144.4 144 144 142.7 142.5 142.7 142.9 143.5 142.1 142.7 143.6 144.6 140.4 139.2 138.3 139.9 142.2 142.9 142.4 143 143.5 141.4 130 130.9 139.1 145.9 149.5 153.1 156.2 160.8 163.9 166.5 168.9 171.3 173.3 175 176.9 178.9 180.9 182.7 185 187.3 189.4 192.2 194.4 196.7 199 201.8 203.3 204.7 205.5 205.7 206 205.9
136.6 136.6 137 137.3 139 140.5 141.5 142.9 143.6 143 142.2 143 144.3 145.2 145.2 144.9 145.3 145.5 145.6 146.5 147.2 147.6 147.7 148 148.2 148.1 147.3 146 144.8 144.7 144.9 145.7 146.6 144.9 144.7 145.6 144 144.1 142.9 144.4 145.2 142.4 143.6 146.9 146.5 143.5 141 130.7 127.7 130.2 141.5 147.1 151 157.9 163.3 166.2 168.4 170.7 172.4 173.9 175.5 177.5 179.5 181 183.3 185.8 188.1 190.3 193.3 196.2 198.6 200.6 202.4 203.4 204.1 204.1 204.1 204.3
136.8 136.6 136.7 138.5 139.2 140 140.7 142 143.3 143.5 143.5 143.8 144.8 145.6 146 146.7 146.8 146.9 147.5 148.6 148.6 149.4 149.7 149.1 149.6 151 150.3 148.9 147.9 147.6 147.5 147.7 148.5 149.2 145.4 144.9 146.4 146.1 145.9 146.5 146.9 143.4 143.4 146.3 148.3 146.5 144.8 143.1 142.1 143.6 138.4 131.1 143.1 155.5 160.8 164.7 166.9 168.8 170.7 172.1 173 174.5 175.7 177.7 180.1 182.8 185.4 188 190 192.2 194.9 197.1 199.2 200.6 201.8 202 202 202.3
136.6 136.3 137.1 137.9 138.7 139.4 140 141.1 141.9 142.2 142.7 143.3 144.1 144.8 145.6 146.5 147.3 148.3 149.9 150.1 149.6 149.6 149.9 149.4 151 152.2 152.5 151.8 151.1 150.6 150.5 150.7 151.1 151.7 151.1 149.8 148.5 148.4 148.2 148.7 149.1 144.4 143.9 145.6 146.5 146.3 146.1 146.4 145.1 146.7 147.4 147.5 133.7 148.1 157.3 161.4 163.9 165.4 167.1 167.4 168.8 170.6 172.4 174.5 177.1 179.8 182.3 184.3 186.4 189 191.1 193.4 195.7 197.6 199.4 199.8 199.9 200.5
136.4 136.5 136.7 137.3 138.1 138.9 139.3 140.3 141 141.5 142.1 142.5 143.2 144 144.4 145.2 146 146.8 149.5 149.9 149.7 149.8 149.9 150.6 151.6 153 153.5 153 152.6 152.1 153.4 154 154.1 153.9 153.5 152.9 151.6 151.2 151.3 151.3 148.9 146.9 146 145.2 145.1 145.4 145.3 145.5 146.4 148 149.4 150.5 150 144 139.2 148.5 155.1 160.7 162 162.8 163.2 167 169.1 171.6 174 176.7 178.8 181.1 183.3 186 188.1 190.2 192.4 194.7 196.3 197.1 197 198.3
136.6 136.8 136.7 137.1 137.6 138.3 138.7 139.4 140.1 140.8 141.4 141.9 142.3 142.8 143.2 143.9 144.7 145.5 147.6 148.6 149.5 149.7 150 151.1 152 153.9 154.4 154.8 153.6 153.4 155 157 156.8 156.4 156.3 155.8 154.4 153.5 152.7 152 149.7 149.8 147.5 146.8 146.1 145 145.6 146.1 147.1 150 152.1 153.9 155 155.5 154.6 142.9 142.9 146 154.9 159.1 160.4 164.8 167.2 170.4 172.7 175 177 178.8 180.7 182.9 185.3 187.8 190.1 192.3 192.8 193.8 194.7 196.9
137 137.2 136.9 137.1 137.4 137.9 138.4 139.2 139.4 139.8 140.3 140.8 141 141.2 141.7 142.2 143.2 144.1 145.7 147.3 148.2 149.6 150.2 151.6 152.6 154.7 155.9 156.7 155.2 155 156.4 158 159.2 159 159.1 158.5 157.4 156.2 154.2 152.4 150.6 148.8 146.9 146.3 145.9 145.3 146.3 147 149.8 153.2 155 156.8 158.1 158.9 159.2 158.3 157.4 153.4 146.7 148.4 147.9 161.7 165.8 169.1 171.4 173.7 175.7 177.6 179.5 181.1 183.1 185.6 187.7 189.6 189.6 190.8 193.1 195.7
136.4 135.7 134.1 135.3 136.1 136.6 137 137 136.9 137.4 138.5 139.3 139.5 139.8 140.3 140.8 141.6 142.7 143.4 144.3 146.2 147.7 149.5 151.4 153.1 154.5 156.3 157.1 157.2 157.1 157.5 158.7 160.2 161.2 160.7 160.1 158.7 156.5 153.6 151.9 149.9 147.8 146 145.5 145.4 146.8 147.9 151.7 154.9 157.9 159.5 161 162.3 163.3 163.4 162.6 162.2 161.4 160.6 159.2 154.7 154.8 162 167.4 170.1 172.4 174.5 176.4 178 179.6 181.1 183.2 184.5 185.6 188.5 189.7 191.6 194.5
132.7 132.6 130.8 132.2 132.3 132.4 132.9 133.5 134.1 135.2 136.2 137.8 138.1 138.6 139.6 140.3 140.7 140.9 141.5 142.5 143.9 145.9 147.6 149.1 150.6 153.1 155.7 157.1 157.2 156.7 157.5 159.5 160.1 161 159.7 158.5 157.9 154.6 152.3 150.8 148.9 146.9 145.8 145.6 148.4 150.8 154 157.1 160.7 163.1 164.6 165.7 166.9 167.8 167.7 167.2 166.6 166.1 165.2 164.3 162.3 158.6 158.2 164.2 169.1 171.2 173.2 175.2 176.7 178.3 178.4 179.5 180.6 183.6 186.5 188.9 191.3 194
126.9 127.8 127.8 127.4 126.8 127.4 128.5 129.6 131 132.7 134.2 135.3 137 137.7 138.9 139.9 140.6 140.6 141.3 140.9 141.7 143.9 145.5 147.2 148.2 150.4 153.3 155.7 156 156.2 157 157 156.7 157 157 155.8 153.8 151.5 150.2 149.4 147.6 146.1 145.8 147.2 150.5 153.7 156.7 160.2 163.6 166.2 168.8 170.2 171.5 171.9 171.4 170.9 170.7 169.4 168.6 167.9 167.3 163.9 158.2 161.8 164.9 170 172.2 174.2 175.7 175.8 175.1 176.4 178.7 182.1 185.8 188.9 192.1 195.3
120.9 121 121.3 120.5 120.4 122 124.1 125.9 127.1 128.8 129.4 134 135.1 136.8 137.7 139.9 140.8 140.8 140.6 139.5 140.4 142.2 143.8 144.9 145.7 147.6 150.5 151.6 152.2 152.7 152.9 153.1 152.5 152.5 152.5 150.8 149.1 149 148.1 146.3 145.8 146.2 146.7 147.6 151.2 156 159.3 163.1 166.6 169.2 171.8 174.5 175.3 175.2 175.3 174.8 173.6 173 172.4 171.9 171.3 168.5 166.9 162.8 161.3 163.1 169.1 169.6 170.4 170.2 172 175.3 179.9 183.1 185.9 188.7 191.7 194.8
112.7 112.8 113.5 111.4 113 115.2 117 117.3 118.7 122.4 125.6 126.7 130.8 134.9 137 138.9 139.3 138.5 137.9 137.7 139 140.3 141.6 142.4 143.3 145.1 146.7 147.4 147.6 147.9 148.1 148.7 148.4 148 147.1 146.8 145.9 146.1 145 144.8 145.5 146.5 147.5 148.7 150.9 157 161.9 165.8 169.5 172.2 175.4 177.7 178.5 178.2 177.8 177.5 177.2 177 177.5 176 175.2 172.9 171.3 170.3 168.7 169.5 169 168.1 170.5 171.9 172.7 173 175.1 181.4 185.1 188 191.1 194.2
96.4 97.6 95.1 96 99.9 102.7 107.1 108.9 112.5 115.8 117.9 122.7 124.5 128.6 134.1 137.1 136.9 136.3 137 135.7 136.8 138 138.9 139.6 140.2 142 142.4 142.6 142.4 143 143.3 144 143.9 141.3 140.4 140.4 140.9 140.2 142.1 143.4 145 146.4 147.5 149 152.4 157.6 163.1 168 171.1 174.2 175.5 179.1 181.3 180.3 179.5 179.3 180 181 181.4 181.8 180 177.7 175.2 174.8 174.4 173.5 172.6 172.3 173.9 175 176.9 178 180.2 177.6 179.5 187.4 190.7 193.5
92.1 91.4 93 94.5 95.5 95.8 96.3 98.8 102.1 106.7 110.2 112.7 117.6 122 127.2 128.9 129.4 130 130.6 131.3 133.1 134.1 135.4 135.3 136.1 137.6 136.5 137.2 135.6 131.3 133.7 131.2 133 135 137.2 138.8 139.9 141.2 142 143.3 144.4 146.3 147.4 150.2 153.3 157.1 162.2 167.1 170.6 174.8 178.2 180 181.8 181.3 181.2 182.5 183.6 184.8 185.6 185.8 185.3 183.3 181.4 179.3 178.2 177.9 175.7 175.6 176.3 177.5 179.7 180.6 183.7 183.8 177.6 184 188.6 192.5
97.7 98.5 99.9 101.3 103.1 103.2 102.3 101.5 100.2 99 99.4 103.4 108 112.2 114.9 118.9 120.9 121.8 124 124.9 128.3 128.5 130.5 128.2 126.9 128.4 127.1 127.9 129.8 132.2 136.3 137.7 141.8 144.2 142.4 143.6 144.3 146.5 145.7 145.7 145.4 147.5 149.1 149.4 152.4 156.9 161.3 164.9 168.8 173.6 176.3 178.7 180.2 182.3 184.2 185.3 186.8 188.4 189.3 189.6 189.3 188.5 186.1 183.6 182.6 182.5 179.8 180.2 181.1 180.3 181.7 183.1 184.2 185.7 184.4 181.7 186 191.1
107.1 107.9 109.1 110.9 111.9 112 111.8 111.6 111 110.8 109.5 105.5 104.3 104.1 105.1 110.2 111.1 113 117.7 121.1 123.4 119.5 119.1 121.4 124.6 127.5 128.8 131.5 135 136.4 136.9 138.9 142.6 145.4 145.7 147.8 150.1 151.9 151.2 151 151.6 152.8 151.8 149.9 151.5 154.7 157.3 163.1 166.8 171.7 174.2 176.7 180.8 183.5 186.5 188.7 189.2 191.2 192.6 193.5 193 192.3 190.7 188.6 188.4 188.2 186.2 186.2 184.2 183.8 184.1 184.4 186.2 187 186.6 186.8 186.1 188.7
116.4 115.8 118.2 119.6 119.4 119.6 119.6 119.4 119.5 119.1 118.1 118.4 117.5 117.2 115.3 116.4 115.5 115.9 115.3 114.4 117.1 119.1 122.4 125.5 128.5 130.9 133 133.3 138.3 142.4 142.5 143.7 145.7 147.5 149.5 152.2 157.8 157.6 157.1 157.3 158.7 160.4 159 156.8 154.8 155.2 154.4 157.7 166 169.6 173.2 177.8 181.5 184.1 187.1 190.1 191.3 193.5 195.3 195.5 195.8 195.1 194.4 193 193.1 193.2 192.2 193.2 191.7 191 191.5 193 192.6 190.8 191.3 191.7 190.7 188.7
128.3 128.3 127.9 128.8 128.2 127.8 128.5 129.3 127.4 127.1 127 126.3 126.6 125.5 124.8 125.3 124.8 124 122.6 120.9 121.8 123.5 126.5 129.6 132.6 135.8 135.6 134.5 141 145.9 148.1 148.3 149.8 152.2 155 159.4 161.8 162.5 162.8 163.6 164.6 164.6 164 161.3 158.5 159.3 158.3 157.3 157.7 167.6 172.5 176.8 180.7 184.6 188.1 191.8 193.8 195.9 196.7 197.2 197.7 197.5 197 196.6 196.3 196 196.2 197.2 197.1 198.2 198.7 199.2 198.9 198.4 197.6 197 195.2 193.4
133.8 135.1 135.1 135.9 135.8 136.5 137.3 138.4 137.9 136.6 136.2 135.5 134.5 133.3 132.6 133 132.4 131.6 130.4 129.3 129.4 131.1 133 134.6 136.8 139.1 140.1 140.6 140.6 146.5 149.1 150.8 152.8 155.6 159.4 162.2 164.8 166.3 167.4 168.3 168.7 168.7 168.3 165.3 162.9 163.4 163.3 163.7 159.3 164.3 171.2 176.6 180.7 186.5 190.3 193.7 197.9 199 198.4 198.8 199.3 199.2 198.6 198.7 198.6 198.3 198.9 199.7 200.6 201.7 202.8 203.7 204.2 204.4 204.3 202.8 199.9 198.2
136.1 138.5 141.2 142.6 142.7 142.5 143.4 144.2 143.9 145 145.3 145.1 144.3 141.7 142.5 141.1 140.6 139.5 138.7 138.5 138.4 138.3 138.2 139.1 140.6 142.3 143.9 144.4 143.4 146.8 150.4 153.6 155.6 158.7 162.3 165.5 167.3 169.5 171.1 172.2 172.8 171.9 170.8 168.3 166.2 166.2 166.2 168.1 165.9 161.1 171 176.9 182.2 188.8 194.3 199.2 202.5 201.8 201.1 200.6 200.7 200.8 200.5 200.6 200.8 200.8 201.2 202.5 204 204.7 206.1 206.9 207.5 207.7 207.3 206.5 205.2 201.9
138.8 142.3 145.7 146.7 147.2 147 146.7 148.1 149 149.8 150.3 150.8 151.2 150.8 150.6 150.3 149.4 148.4 146.2 146.1 145.9 145.6 145.3 145.6 146.4 146.5 147.4 147.6 147.6 146.3 152.5 156.1 158.1 161.4 165.2 168.3 170.3 172.3 174.4 175.6 176.1 175.1 173.4 170.9 168.5 167.3 168.9 170.9 171.7 162.7 167 176.5 186.5 191.9 197.3 201.6 203.8 203.5 202.9 202.5 202 202.4 202.5 202.6 202.7 203 203.6 204.4 205.3 207.2 209.5 210.2 210.8 210.9 210.4 209.5 208.4 206.1
143 146.5 149.5 151.1 151.5 151.3 149.4 149.4 151.1 153.6 155.4 156 156.6 156.7 156.6 156.3 155.5 155.5 153.4 153.7 153.3 152.4 151.2 152.2 152.6 151.3 151.3 151 150.4 150.6 152 157.3 160.1 163.2 167 170.5 172.8 174.6 176.7 178.5 178.8 177.8 175.1 172.9 170.4 169.1 171.1 173.5 174.6 171 163.7 175 189.7 193.9 198.1 201.9 203.7 205.2 204.9 204.5 203.9 203.9 204.4 204.5 204.8 205.1 204.9 205.6 206.5 209.2 211.4 213.1 214 214 213.5 211.8 209.7 208.4
146.6 149.5 153.4 155.1 154.4 156 156.6 155.4 153 156.7 158.8 160.7 161.7 161.4 160.4 161 159.2 160.5 159.4 160.1 159.7 159.8 158.1 158.9 157.6 156.3 154 153.9 153.3 153.3 152.2 156.8 161.2 165.5 169.5 172.7 175 176.8 178.7 180.8 181.3 179.4 176.8 174.4 172.8 174.2 174.8 175.7 177.6 175.5 167.3 169.2 188.9 194.6 197.9 201 202.9 204.4 205.3 206.1 205.4 205.3 206 206.5 206.9 206.9 206.7 206.9 207.8 209.1 212 213.6 216.3 217.2 216.3 214.5 214.3 212.8
146.8 150.1 156.2 156 155.7 156.9 159.5 159.9 157.3 161.5 162.6 163.8 163.4 165.2 163.4 164.8 164.1 165.9 164.4 165.4 165.8 164.8 164.4 165 163.1 161.9 160.3 157.8 157.4 157.3 155.5 156.8 161.6 166.5 171.1 174.4 177.3 178.9 180.7 182 182.8 180.5 178.3 176.6 175.6 175.8 176.6 177.2 179.5 180.9 177.8 169 172.2 191.7 196.1 199.7 202 203.7 205.1 206.6 207 206.8 207.1 207.5 207.9 208.1 208.1 208.3 208.7 209.4 211.1 213.8 215.8 217.8 218.8 218.1 216.7 215.3
151.1 153.2 157.4 156.6 156.4 157.2 160.4 162.5 163.5 165.4 166.4 166.2 164.6 167.5 166.7 168 169.4 170.2 169.2 169.9 170.2 169.6 168.9 167.1 167.5 167.5 166.1 163.9 162.6 161.4 160.5 158.2 161.8 166.1 170 173.3 176.7 178.9 180.7 182 183.3 182 179.7 179.7 180.8 180.8 180.6 180.4 181.6 183.3 184.7 174.1 170.1 173.8 192 197.2 200.1 202.1 204.1 206.1 207.4 207.7 207.9 208.3 208.7 209.1 209.1 209.4 209.9 210.4 210.8 212.4 214.5 216.6 218.5 218.8 217.7 216.8
155.1 159.5 161.3 159.2 159.1 159.1 162.7 165.9 167.2 168.1 166.4 166.4 166.8 170.6 170.5 172 173.4 174 174 174.1 174.2 173.8 172.6 170.3 171.1 171.4 171.2 170.8 167.9 165.7 165.8 163.6 162.4 164.6 168.7 172.1 175.2 177.8 180 181.3 182.6 182.4 182.6 183.1 183.5 184.1 184 183.9 184.9 186.2 187 184.6 181.1 172.9 176.7 190.3 195.2 199.2 201.8 204.4 207 207.2 208.3 209.1 209.5 209.9 210.1 210.5 210.9 211.1 211.3 212.7 214 215.4 217.4 218.2 218.1 218.1
162.3 163.9 165.4 164.6 165.3 167.8 167.8 169.5 171.6 172 167.4 167.9 169.8 174.9 175.6 177 177.4 178.1 178 178.7 179.1 175.6 175.9 176.2 175.9 175.6 175.5 174.6 173.2 171.1 170.8 170.2 167.2 165.3 167.2 170.7 173.7 177.1 179.4 181.2 182.7 184.1 184.9 184.8 185.6 186.7 187.8 187.7 188 188.8 190.1 190.3 188.9 186.4 182.1 177.9 182.3 193.3 198.8 202.4 204.9 206.3 207.5 209.1 210.2 210.6 211.1 211.3 211.5 211.7 211.9 213.2 214.5 215.9 217.4 218.4 218.9 218.9
162.8 166 167.5 169.7 172.7 174 172.1 173.4 176.8 176.7 176.5 175.1 174.6 179.8 180.3 180.3 180.8 181.5 181.7 182.2 182.9 180.6 177.5 179.9 179.8 179 179.4 179.2 178.2 176.3 175.1 174.4 171.5 168.8 168.1 170.1 174.5 177.6 180.3 181.9 183.4 185 186.3 186.6 187.7 188.7 189.7 190.1 190.3 191.6 193.9 195.3 195.9 193 189.5 188.8 180.1 184.3 195.3 198.7 202.7 203.9 205.9 207.9 210.3 211.4 212.2 212.2 212.2 212.2 212.5 213.9 215.5 217.1 218.1 219 219.8 220
