webserver/python/data/SN61.asc
ncols 200
nrows 200
xllcorner 260000
yllcorner 210000
cellsize 50
[rows 105 to 139 of 200, columns 0 to 79 of 200]
97.6 97.6 102.2 107.2 112.8 118.1 119.3 120.5 119.1 117.1 113.6 110.2 106.8 103.8 100.9 97.8 94.7 91.1 87.1 83.5 79.9 78.1 77.3 75.3 72 69.4 69.3 66.5 64 63.4 62.1 61.4 60.8 60 59.4 58.5 57.8 57.1 56.4 53.3 53.3 56.3 54.9 54.7 56.6 56.1 56.6 57 58.6 64.9 69.1 73 76.2 80 84 88.8 94.3 101.3 107.8 114.3 120.8 125.7 129.4 133 135.2 135.7 135 133.5 132 129.5 126.3 121.9 127.3 129.5 127.3 124.1 119.8 115.3 107.4 92.3
105.4 96 100.1 105.3 111.7 116.9 118.2 117.9 116.4 113.3 109.6 106.1 102.7 99.8 96.7 93.5 90.2 86.6 82.5 79.1 76.7 72.7 70.7 67.2 67.5 66.6 65 64.3 64.9 64 62.1 61.2 60.6 60.3 59.3 58 57.1 56.2 55.3 53.3 51.7 55.4 53.7 54.7 55.7 55.9 55.5 56.7 59.9 65.7 69.4 74.3 77.5 81 85.4 90.6 96.2 101.2 108.7 115.3 121.4 125.5 129.2 130.9 131.7 131.6 130.1 127.9 125.5 124.5 119.4 120.4 124.2 124.2 122.5 120.7 116.2 110.8 100.4 90.6
106 94.7 98 104.1 110.5 115.8 116.5 115.2 113.2 109.5 105.8 102 98.8 95.6 92.4 89.1 85.8 82.2 77.7 74.1 69.1 69.6 69.7 70.4 71.1 70.9 70.5 69 64.1 61.8 63.5 61.9 60.1 59.5 58.8 57.5 56.6 55.7 55.1 53.5 51.4 53 52.8 53.4 54.4 55.1 56.1 57.9 61.1 65.3 69.3 73.1 77.2 82 87.3 92.6 98.5 105.7 112 116.6 120.9 125 128 128.7 128.6 125.2 124.3 123.4 121.4 118.6 114.8 115.9 118.5 118.1 117.6 116.3 113.5 107.3 93.9 89.5
104.9 95.2 95.6 103.5 109.9 114.8 114.7 112.6 109.4 105.6 101.9 98.1 94.8 91.3 88 84.7 81.4 77.7 72.7 71.7 71.8 72 71.3 70.4 69.8 69.6 68.9 68.8 68.6 61.3 64.7 62.9 61 59 58.1 57.1 56.3 55.7 55.1 54.4 50.4 50.2 51.9 53.2 54 54.9 56.4 57.5 59.4 63 68.5 73.7 79.8 84.2 89.5 94.7 100.3 107 111.5 115.9 119.8 123.7 125.2 126 124.5 121.6 120.1 118.2 115.3 112.6 109.6 111.8 112.6 111.9 111.4 110.8 109.9 103.5 88.3 87.5
101.3 94.2 92.7 103.6 110.7 113.7 113.5 109.7 105 101.2 97.4 94.2 91.2 87.9 84.6 81.3 77.3 70.9 72.5 72.8 72 70.8 70.1 69.2 68.5 68.1 67.9 68 68.3 66.5 63.5 63.9 61.9 59.9 58 56.8 56.2 55.6 55 54.4 52.4 49.9 50.4 51.8 53.2 54.2 56.5 56.5 57.4 61.8 67.9 74.6 81.2 85.5 91.2 96.7 102.1 105.8 109.7 114.4 118.2 119.5 121.4 120.5 118.1 115.7 114.4 112.6 110.8 108.1 105.4 105.9 106.4 106 105.3 104.8 104.3 97.8 83.8 86.7
98.6 91.6 93.6 104.9 109.1 111.7 111.7 105.9 101 96.8 93.6 90.6 87.5 84.3 81 77.2 70.8 72.5 73.6 72.2 70.6 69.1 68.5 67.9 67.2 67.4 67.7 68 68.3 67.6 62.2 64.5 63 61.2 58.2 56.4 55.8 55.2 54.6 53.6 52.2 49.5 48.5 51 53.4 53.1 54.9 55.7 57.8 64.1 69.2 75.1 81.6 86.1 90.8 96.4 100 102.8 107.1 111.3 114 115.2 117.2 115.9 112.8 109.3 109 107.5 106 104.2 101.8 99.9 100.2 100.2 99.4 98.8 98.3 85.9 82 88.2
96 89.2 98.1 105 107.6 109.7 108.2 102 97.1 92.7 90 87 83.9 80.3 77.4 70.6 73.5 74.3 72.5 70.8 69.2 67.7 66.7 66.1 66.8 67.5 67.8 68 68.3 67.7 61.7 66.8 64.1 61 58 56 55.4 54.8 53.7 52.8 52 49.6 47.5 49.4 51.9 52.4 54.9 56.1 60.3 65.4 70.1 75.8 80 84.4 88.8 94.4 96.5 99.9 103 106 109.1 110.9 111.8 112 108 103.8 103.9 102.6 102.5 100.1 97.6 95.1 95.1 95.8 96.3 97.2 92.7 79.7 81.4 97.9
99.4 85.6 95.3 102 102.8 102.8 100.8 96.5 92.5 88.8 85.6 83.3 78.9 73.3 74.8 75.1 74.9 73.1 71.2 69.4 67.8 66.3 65 65.4 66.5 67.6 68 68.2 68.2 67.5 61.4 67.1 65 61.4 57.9 55.6 55 53.9 52.8 52 51.3 51 46.4 47.9 50 52.1 53.9 54.9 58.7 62.5 67.7 73.3 78.2 82.5 86.7 90.3 93.9 96.7 98.1 100.9 104 105.7 106 106.7 104 100.8 98.6 98.5 97.1 95.9 93.4 91 92 94 96.5 95.3 83.7 79.3 96.7 105.5
100.5 89.6 91.5 98.5 97.2 97.3 94.6 91.5 88.4 84.8 80.3 75 75.6 76.2 76.5 76 74.6 72.5 70.4 68.3 66.5 65 63.8 64.9 66.1 67.3 68.2 68 67.7 66.5 62.3 67 65.2 61.6 57.4 55.3 54.2 52.8 52.1 51.5 51.1 50.7 48.8 48.9 48.4 51.2 52.3 54.5 57.1 60.9 65.8 71.6 76 79.8 83.7 87.6 91.5 92.1 93.8 95.7 97.6 99.7 100.7 100.5 98.1 96.1 94.9 94.4 93.2 91.6 89 87.9 90.6 93.3 93.9 82.9 76.3 83.3 101.3 107
100.1 90.8 89.4 95.8 94.2 92.5 90.1 88 84.4 78.2 75.7 76.3 77.5 77.8 77 75.6 74.3 72.5 70.3 68.1 65.9 63.9 63.3 64.6 66 67.3 67.8 67.7 67.3 64.5 63.6 66.6 64.7 61.3 56.7 55.2 55.2 53.7 52.7 51.4 50.7 50.2 49.3 48.4 47.3 49.5 52.8 55.1 57.7 62.5 67.6 70.1 74.1 78 80.9 83.8 86.4 87.8 89.5 91.5 93.8 94.6 95.9 94.5 93.8 92.6 89.3 90.9 89.8 86.6 84.4 86.4 89.3 90.5 80.6 75.1 75.3 91.1 101.9 108.6
95.5 89 86.1 89.7 89 87.4 84.1 78.1 80.7 79.7 77.9 78.3 78.3 78.2 77.6 75.8 74 72.4 70.2 68.2 66 63.7 63.8 65.1 66.4 67.2 67.2 67.6 66.1 61.6 66.3 65.1 63.1 61 57.3 55.6 55.6 54.8 51.9 52.4 51.3 49.8 49.1 44 47 50 52.7 57 60.7 64.6 67.4 69.4 72.9 76.6 79.9 81.9 82.8 83.7 85.3 87.7 90 90.5 90.2 90.3 91.6 89.7 86.8 86.7 85.1 81.4 81.4 85 84.4 73.4 73.9 74.5 85.1 96.7 103.5 110.1
93 87.4 81.7 83.7 81.1 77.3 84 89.6 86.4 81.4 78.9 78.7 78.6 78.4 78.1 76.9 75.1 73.6 71.1 69.2 66.9 64.3 63.8 65.5 66.5 66.9 66.6 65 63.6 64.4 65.2 62.9 60.6 59 58.3 58.6 57.8 55.5 51.8 53 52.6 50.8 48.4 45.5 47 50.2 55.6 60.4 63.7 65.8 67.3 68.8 71 74.7 77.6 78 78.8 79.6 81.4 83.8 85.9 86.7 86.9 87.7 89.4 87.1 82.9 81.4 78.9 77.9 81 78.2 72.2 72.3 76.3 84.9 93.5 99.9 105.8 110.2
90.3 85.2 85.4 89.2 93.1 94.3 93.6 91.1 87.5 83.8 81.2 80.5 80.1 79 78.3 78 76.3 75.1 72.8 70.1 67.7 65.2 62.8 64.1 64.6 65 63 59.4 65.1 65.8 64.9 61.1 58.7 58.1 60.9 61.2 59.4 56.1 53.4 54.4 53.2 50.7 48 45.5 47 53 57.5 60.5 61.6 63.1 64.7 66.2 67.9 70.3 71.2 70.9 73.5 75.2 77.3 79.7 81 83.2 86.1 88.1 87.3 84.7 79 75.7 75.7 78.6 75.6 70.2 70.8 70.8 79.2 89.4 97 101.6 104.7 106.6
91.6 94 95.9 97.7 98.3 96.8 94.3 91.6 88.5 87.3 85 83.3 82.7 81.7 80.5 79.4 78 76.6 74.5 71.7 68.7 66 63 60.3 59.6 59.8 61.9 64.1 65.6 64.7 63.7 61 57.4 60.5 62.6 63.2 61.2 57.1 55.9 59.1 58.1 53.6 48.8 45.6 46.3 55.9 57.9 57.5 58.9 60.3 61.7 63 64.9 65 66.4 64.9 67.3 71.6 73.3 74.9 76.1 81.8 86 86.3 84.3 80.8 77.9 69.5 75.7 74.8 67.7 67.9 69.4 69 80.7 85.3 91.9 96.9 96.9 98.7
96.3 97.5 98.8 99.2 98.2 96.5 95 92.3 89.5 89.8 90.1 86.2 85.3 84.4 83.6 82.7 81.3 79.3 76.3 73.3 69.7 67.1 59.8 61.2 62.3 62.2 62.5 62.2 61.7 60.9 59.6 59.6 59.6 62.6 64.5 65.3 64.4 60 60 62 60.2 56.4 48.8 43 44.2 55 56.2 55.7 55.7 57 58.4 59.9 62.7 62 61.8 62.3 66.1 68.4 69.2 70.4 74.7 81.4 83.1 82.8 80.5 76.9 74.2 67.5 67 66 66.2 65.2 73.2 75.7 78.3 80.3 85.4 88.2 95.5 102.2
100.4 100.7 101.4 100.4 99.1 98.6 97.3 91.7 90 90.3 90.5 90.2 87.2 87.4 87 86.1 84.5 81.5 78.1 74.9 71.1 65.6 59.5 59.9 61.2 61.3 61.3 61.8 62.2 61.4 62.5 61.7 62.9 65.8 66.5 67 66.2 64.6 65.1 64.8 61.8 55.7 49.7 44.6 42.7 46.2 55 54.1 54.3 54.5 55.1 57.1 59.9 60.5 60.6 62.4 64.6 66.3 65.2 67.4 74 78.3 78.3 77.9 75.2 70.1 60.4 61.5 63.7 64.8 68.2 76.3 79.7 84.4 88 89.2 92.3 95.5 99.6 104.3
105.5 104.3 103.4 102.6 100.9 101.3 100.3 97 90.8 90.8 90.5 90 89.7 90.4 90.6 89.5 86.2 83.1 78.7 73.6 68.6 63.6 56.2 58.9 59.9 60.9 61.2 61.6 63.1 64.7 65.3 65.4 66.3 68.6 69.4 70.2 69.7 68.8 69 67 62.7 57.7 51.9 48.5 39.6 43.4 50.1 49.7 50.1 50.9 52.2 55.8 59 59.9 60.5 62.8 63.8 63.1 61.6 66.5 71.4 73.9 74.4 73.1 69.8 57.1 60.9 62.8 64.5 71.7 76.5 82.2 87.4 90.6 92.1 94.5 97 98.6 102.2 107.1
109 108.3 106 104.6 103.7 102.5 101.5 99.5 96.4 92.2 91.7 92.6 93.6 93.6 91.5 88.3 85.3 81.3 77.1 71.3 66.2 61.1 56.3 57.3 59.4 60.9 61.5 62.3 65.1 68 68.4 69.3 70.1 71.5 72.5 73.3 73.6 73.3 70.8 68 63.6 59.5 55.7 51.8 48.2 40.9 45.4 47.9 47.5 47.9 50.8 54.9 58.6 59.6 61.6 65 65 62 61.1 65.3 68.2 69.6 69.9 67.2 54.7 58.7 61.8 64.6 68.3 74 81.5 87.8 91.5 94.1 95.8 98.3 100.5 102 104.5 111.1
113.5 112.2 110.4 108.1 106.8 104.3 102.7 100.9 97.6 96.3 94.8 95.5 96.1 93.7 91.1 87.2 83.7 79.5 74.3 67.5 62.4 57.7 56.3 56.7 58 60.6 64.3 66 69.3 71.3 71.8 72.3 72.9 74.9 75.8 76.2 76.2 74.8 71.6 67.5 63.1 58.5 53.8 51.2 49.3 45.1 40.9 46 46.2 47.3 49.2 52.8 55.5 57.9 62.1 65.3 63.9 60 57.6 62.2 63.8 59.9 56.5 55.2 56.9 59.5 61.8 67.6 74.2 79.6 86.8 92.4 95 96.4 98.9 101.3 103.5 105.5 107.3 112.4
117.6 115.5 112.7 109.5 107.1 105.4 103 100 97.6 96.3 96.5 97.8 97 94 89.8 86 81.9 77.5 70.4 62.7 60.3 64.9 65 56.5 55.8 58.9 64.9 68.3 71 71.7 72.9 73.5 74.1 77.7 79.2 78.6 77.8 74.6 71.1 67 61.3 56.9 50.9 47.8 46 44.5 39.7 42.8 45.2 45.7 47.3 49.9 52.7 56.8 61.2 63.2 61 57.2 53.7 57.1 52.9 54.2 55.6 56.6 57.8 59.1 66.8 73.4 79.1 84.8 91 95.2 96.9 98.2 100.2 102.1 105.7 108.6 110.5 114.8
120.4 117.7 113.8 111.1 107.4 105.2 102.4 99.1 97.7 96.8 99.3 99.1 96.7 92.3 88.3 83.9 79.4 72.2 63.1 64.6 66.9 70 68.8 65.3 52.9 56.6 61.6 66.3 70.3 72.1 73 75.1 77.4 79.5 79.7 78.1 75.3 71.5 68.3 65 59.7 55.1 48 45.8 44.3 42.7 41.4 42.6 42.7 44.2 46 48.1 49.4 54.1 58.5 59.1 56.3 52.5 52.1 51.3 50.3 54.5 56.2 57.6 59.6 63.2 69.4 74.3 80.7 87.9 93.2 96 98.1 99.7 101.4 103.2 105.4 109.3 113.3 116.9
119.5 115.1 111.6 109.9 107.4 104.4 100.8 98.6 97.1 98.5 99.9 99.4 94.8 89.8 85.5 81.6 76.8 67.7 67.4 69.9 72.4 74.3 72.8 67.7 53.9 54.6 57.4 63 68.3 69.4 71.5 74.7 77.6 77.8 76.2 73.7 71.9 68.5 65.1 61.4 56.3 51.9 46.2 44.6 43.2 41.8 41.3 40.9 41.8 43.7 45.1 46.9 48.9 51.3 53.9 50.9 50.7 50.7 50.1 51.2 55.2 59.6 62 61.5 62.1 64.9 69.5 74.6 81 89.5 93.9 95.7 97.8 100 101.8 104.4 106.2 109 112.9 117.1
116 112.5 110 108.5 106.1 102.8 99.8 97.4 96.9 98.4 98.9 96.2 91.7 87.1 83 79.1 74.5 69.2 72.7 75.3 78 76.9 75.2 72 60 54 53.7 58.2 63.8 65.5 69.6 73 74.9 71.3 70.8 68.1 67.1 65 61.9 57.7 52.5 48.5 44.8 43.7 42.4 41 40.9 41.1 41.8 44.2 45.1 46 47.4 48.2 49 49.2 49.6 49.6 47.9 56.3 61.8 65.9 65.9 63.7 62.9 64.7 69 73.5 81.3 89.1 93.7 95.4 97.1 98.7 100.3 102.5 105.6 108.7 112.7 116.8
111 108.3 107.8 107 104.6 100.7 97.7 96.6 96.8 98 96.4 93 87.7 81.7 76.8 71.7 76.1 76.4 78.7 81 81.3 79.6 77.9 72.6 62.5 52.6 52 53.5 58.7 64.6 67.4 69.8 69.8 66.5 65.4 62.8 62.3 60.7 59.2 54.6 49.3 45.9 44.3 42.9 41.6 40.6 41.4 41.3 43 42.6 44.4 44.7 45.4 46.6 47.8 47.9 48.7 51.8 53.9 57.7 61.7 64.3 64.7 62.2 62.8 64.8 68.8 73 81.7 88 91.8 93.9 95.6 97.3 98.9 100.5 104 106.8 110.2 114.4
103 104.1 103.6 98.7 97.6 96.3 94.6 93.4 94.1 95.5 93.3 87.6 80.4 75.8 72.9 70.2 77.8 80.4 82.9 85.2 84.4 82.5 78.9 74 69.2 58.4 53.7 50.8 53 58.9 63.5 65.7 64.2 60.9 59 57.5 54.4 57 55.2 51.6 47.8 44.8 43.7 42.9 40.9 38.3 41.8 38.6 40.6 42.2 43.4 44.9 45.2 45.9 46.8 47.2 45.8 48.8 51.4 55.9 59.9 62.4 61.6 58.7 64.3 66.9 68.8 73.5 81.4 85.8 90.6 91.7 93.8 95.1 96.3 98.3 103.3 104.4 107.2 109.6
101.7 99.4 96.8 95.3 95.2 92.3 91.8 90.2 90.1 89.3 84 78 77.8 75.9 73 76.2 80.8 83.6 86.4 88.4 86.8 83.9 79.3 73.9 69.9 63.9 56.9 51.9 49.3 52.1 56.8 57.8 57.1 51.2 44.1 43.6 43.4 44.9 46.2 50 47 44.1 43.2 42.3 38.1 38.6 39.3 39.9 41.4 41.8 42.9 43.9 44.4 45.3 46.2 43.8 46 48.6 49.8 53 57.8 60.2 59.3 60.9 64.9 68.5 70.3 75.1 81.1 85.9 89.1 90.1 90.8 91.9 93.2 95.9 100.5 100.8 101.2 103.6
109.1 105.3 100.5 99 98.1 95 88.5 86.1 85.1 83.2 84.5 88.8 86.1 77.8 78.3 83.1 86 87.3 89.7 89.9 88 85 79.8 74.5 69.8 64.5 59.2 51.3 47.3 46.6 46.1 46.7 47.1 46.4 48.1 46.7 44.2 41.1 41 46.4 43.2 42.6 42.8 42 38.5 37.6 38.6 39.2 40.4 41 42 42.1 43.2 44.5 45.1 47.7 47.2 47.5 48.3 50.9 55.3 56.9 54.4 60.3 65.3 68.3 70.7 75.6 81.3 86 87.3 87.2 85.4 87.3 88.2 92.7 97.3 96.3 96.2 97.3
114.2 110.8 109 108 104.3 95.5 94.8 98.1 95.9 96.4 95.5 92.3 86.7 77.6 86 86.1 89.7 90.9 91.4 90.3 88.3 84.6 79.2 74.3 69.8 65.5 61 56.4 52.7 46.6 44.9 46.8 47.3 53.5 56 54.7 51.9 46.3 38.8 40.6 40.6 40.2 39.3 39.2 37.9 36.3 37.9 38.5 39.1 39.9 41 40.8 43.4 43.6 45.7 46.1 46 46.8 47.7 49.7 53 53.6 54 59.9 65.1 67.5 69.9 76.3 81.2 84.1 84.1 82.8 80.3 81.3 83.8 87.7 91.5 91.7 91.8 92.6
119.4 117 115.6 112.4 107.5 100 101.3 103.3 101.8 98.9 94.6 91.2 83.7 81.7 89 87.9 92.7 92.5 91.3 90.2 88.2 84 78.8 74 70.5 66.8 62.6 58.7 56.2 53.8 48.5 48.2 51 61 64.5 61.7 59.4 57 49.2 44 41.4 38.7 38.5 38.2 37.7 35 36.7 37.7 39.1 40.7 42.6 43.6 43.9 44.3 44.8 44.8 45.2 45.6 47 49.2 50.3 50.3 51.7 58.1 62.6 64.9 68.5 75.3 81.2 83.6 81 77.6 75.1 75.7 79.4 83 86.1 87.2 87.7 88.4
124.6 121.6 118.7 114 109.5 105.7 106.1 104 101 97.3 93 88.7 81.2 87 88.6 90.4 92.7 91.4 90.1 88.8 87.6 83 78.3 74.4 71.3 67.4 62 60.2 57.4 53 49.8 48.8 51.6 62 65.3 64.8 62.2 57.6 54.6 49.7 46.1 40.9 38.1 37.7 37.5 35 36.5 37.9 39.4 41 42.6 43 43.1 43.4 44 43.5 44.1 44.7 45.4 46.3 46.9 48 49.8 56 59.1 61.5 66.9 74 80.1 81 77.9 74.1 71.4 71.2 75.6 79.9 81.9 83.7 84.1 84.1
126.2 122.8 118.7 114.9 111.1 108.2 105.5 101.9 98.4 95 91.4 87.1 87 90 90 92.2 91.5 90.5 89.1 87.7 86.4 82.7 78.8 76 72 67 64.2 61.7 58.3 54 49.4 49.6 51.5 62.1 63.6 63.6 62.4 58.4 53.7 52.9 50.2 44.5 39.8 36.8 35.3 35.7 36.9 37.7 39.2 41.1 41.7 41.7 41.9 42.5 43 43 43.1 43.8 44.9 45.1 46.6 47.9 50.2 52.8 55.6 59.1 65.2 73.5 77.2 75.8 74.5 70.5 69.8 71 74.5 77 78.4 81 80.7 80.3
125.7 121.6 117.1 113.8 110.3 106.7 102.7 99.3 95.8 92.4 89.1 85.5 88.5 91 89.8 90.4 89.9 89.4 88.2 86.8 85.8 83.7 79.9 76.9 74.5 69.5 65.7 63.5 59.1 54.8 49.7 51.2 52.3 57.4 61.7 63.3 62.6 58.9 56.1 54 51.7 49 44.3 37.6 35.5 36.8 37.5 38.1 38.7 40.4 41.6 41 40.9 41.7 42.4 42.1 42.4 43.1 44.3 45.9 49.8 50.1 52.5 53 54.1 56.7 64.5 70.5 73.1 72 71.1 70.2 68.7 69.9 74.3 77.7 79 77.7 77.2 76.9
123.9 117.4 113.6 110.8 107.4 103.8 100 96.4 93.3 90 86.8 87.2 88.9 90.8 88.7 87.7 87.9 87.6 87.2 85.9 85.1 83.2 81 77.8 75.9 71.6 67.6 64 59.8 54.2 51.6 54.1 54.6 58.2 62.3 64.2 64 58.9 56.4 54.3 51.6 48.8 42.5 39.6 38.5 36.8 36.4 37 38.5 40.8 41.1 40.3 40 40.8 41.1 40.9 41.6 43.4 44.8 51.3 53.2 53.2 54.7 54.8 54 57.5 63.7 67.9 69 69.1 68.8 68.1 68.6 71.3 75.2 78 78 75.7 75.1 74.5
119.7 114.2 110.4 107.2 104.4 100.8 97.1 94.1 91.7 89.3 87.3 88.3 89.6 89.8 87.8 86.4 85.6 85.4 85.1 85.1 84.5 82.6 80.7 78.6 75.7 72 67.9 63.5 59.2 52.8 55.7 57 58.5 60.3 62.8 63.7 62.8 59.8 56.9 53.7 49.9 46.1 43.4 39.9 35.3 38.6 37.8 36 37.8 39 40.1 39.6 39.4 39.3 39.6 40 41.3 43.8 50.1 54.5 56 56.4 56.9 54.8 54.2 57.7 61.9 64 66 66.9 66.9 67.8 70.1 72.9 76.3 77.5 76.6 74.2 73.1 71.7
115.2 110.9 107.1 103.7 101.3 98.6 95.6 92.6 90.6 89 88.7 89.3 90.3 88.9 86.6 85.1 84 82.7 81.7 82.8 83.9 82.2 80.4 78.2 75.6 72 66.9 63.1 58.3 56.6 58.4 58.3 60.2 62.4 63.7 64.9 63.8 61.3 57.1 53.1 49.4 46.6 43.9 41.1 36.9 37.4 37.6 36.3 37.2 38.9 40.7 39.7 38.9 38.7 39.2 39.9 41.2 48.3 54.7 58.2 59.2 59.6 58.6 56.6 56 57 60.3 61 62.6 64.4 66.1 68.7 70.2 72.9 75.7 75.4 73.8 72.2 70.8 70.3
