webserver/python/data/SN62.asc
ncols 200
nrows 200
xllcorner 260000
yllcorner 220000
cellsize 50
[rows 37 to 73 of 200, columns 83 to 165 of 200]
171.6 167.6 159.9 152 143.3 136.8 131.5 128.3 122.5 117.5 115.5 118.1 118.9 123.5 124.8 122 118.7 113.2 108.7 105.7 102.4 99.4 95 86 77.6 66 55.5 53 52.4 51.5 52 52.3 52.8 53.9 55.3 55.6 55.9 55.4 55.1 55.5 56.8 58.6 60.3 62 64.4 68.8 73.1 77.1 81 85.6 88.6 91.3 95.2 101.1 107.1 111.5 113.9 114.1 115 115 114.3 110.8 106.4 102.5 99.8 99.8 100.2 100.6 99.8 99 98 96.7 95.3 91.2 87.8 84.8 83 80.7 80.5 80.2 78.9 77.9 76.9
167.8 163.5 156.9 149.1 141 135.2 126.4 122.4 117 121.7 115.3 109.3 102.2 97.1 100.6 110.1 111.1 110.2 107.8 104.5 101.6 97.1 90.4 78.7 68.3 59.6 53.2 52.1 49.6 51.7 51.9 52.3 52.7 53.3 54.4 55 55 54.4 55.2 56.3 58 60.4 63.1 65.1 67 70.9 75.2 79.4 83.3 88 93.4 97 102.3 107 112.6 114.2 114.7 115 115.1 112.8 110.9 106.2 101.5 99.1 98 97.7 97.9 98 97.2 96.5 95.3 93.6 91 87.2 84.2 81.5 79.2 79.1 78.1 78.2 77.9 76.9 75.9
162.9 158.7 153.4 145.9 138.3 132.5 129 127.9 126 121.2 115.9 111 105.8 99.7 94.2 87.8 92.2 101.9 103.9 99 94.7 89 79 67.2 59.2 54.4 52.4 51.7 50.5 51.6 51.9 52.2 52.6 53.2 53.8 54.3 54 55.1 56.9 58.1 60.2 64 67.9 71 69.6 74.4 78.6 82.8 86.8 93.1 99.6 103.7 106.9 111.7 113.7 114.6 115.1 115.5 113.5 109.7 106.4 100.3 97.5 96.8 96.3 95.8 95.6 95.3 94.5 93.7 92.5 90.4 87.9 83.5 80.2 78.1 77.3 78.6 77.3 75.4 75.1 74.9 74.9
157.9 153.8 148.8 142.3 135.8 132.5 130.5 127.7 124.9 120.5 116.1 111.7 106.7 101.4 95.9 88.6 80.2 73.5 80.6 88.7 83.5 75.7 67 58.9 54.9 53.5 52.2 51.5 50.4 51.4 51.9 52.2 52.5 53.1 53.7 53.4 54.2 56.1 58.1 60.5 64.7 68.6 72.3 77 79.9 77.4 83.6 88.9 95.9 102.8 105.6 106.3 108.3 112.1 113 114.4 115.2 114.7 111.7 105.2 97.1 95.3 96 95.9 95.2 94.6 93.7 92.6 91.8 90.9 89.5 87.6 83.9 79.8 76.9 73.9 76.3 77.2 74.7 73.4 72.8 71.5 70.3
152 147.7 142.1 138.3 135.6 132.2 128.6 125 122.5 118.8 114.2 110.8 107.8 102.5 97.4 91.6 86.6 77.8 69.3 69.4 70.1 66.6 60.9 55.7 53.4 52.4 51.9 49.6 51.3 51 51.7 52.2 52.4 52.9 53.7 53.9 55.8 57.8 60.1 64.1 69.1 73.2 77 82.8 86.5 88.9 91.4 98.9 102.5 103.3 104.5 106.2 110.5 115.7 115.6 114.5 113.8 112 105.9 97 93.8 93.6 94.4 94.8 93.8 92.9 91.1 89.3 88.7 86.9 84.1 81.1 78 76.3 73.8 72.4 75.9 74.5 72.3 71.2 69.5 67.7 66.5
143.9 141.1 138.5 136.6 134.5 131.4 127.2 122.8 120.1 116.3 112.1 109.7 107 103.2 99.1 92.5 86 80.2 71.9 63.8 62.8 60.5 58.1 55 52.4 51.1 50.8 50.5 50.8 51.1 51.8 52.1 52.9 54.8 55 55.9 57.4 60.1 64.7 68.6 73 77.4 83.2 89.2 93 96.1 94.2 99.2 101.4 102.5 106.3 115.1 117.3 116.5 115.2 113.2 111 106.5 99.1 93 90.9 92.1 93.4 93.1 92 90.4 88.6 86.8 84.9 82.3 79.1 76.3 74.2 72.2 67.8 71.8 73.5 72.3 70.2 68.8 66.8 63.8 62.9
137 135.1 134.8 135.6 135.2 132.5 127.9 122.6 118.2 113.9 111 108.6 105.8 102 97.2 90.4 83.9 78.1 66.2 62.4 60.1 58 55.9 53.6 51.3 50.5 50.6 50.3 50.8 51.2 53.2 55.5 58 59.1 59.7 58.3 60.2 63.7 70 76 81.3 87 91.8 96.8 99.5 103.7 99.2 102.1 103.2 109.4 116.2 118.3 116.7 114.5 112.7 109.4 105.8 100.3 93 89.7 88.9 90.3 91.7 91.2 90 88.7 87.3 85.5 83.3 80.7 78.6 75.7 72.5 68.8 66.1 66.7 70.6 69.5 68 66.5 63.9 60.6 60.3
131.4 132.2 134.2 135.9 135.9 135.5 130.5 125.1 120.3 114.6 110.3 107.2 104.4 100 93.9 85.6 74.7 67.3 63.6 60.3 57.5 54.7 53.9 52.4 51 50.7 50.1 50.9 52 56 57.9 59.5 61 61.7 61.9 62.1 65.5 72.1 78.2 83.6 89.8 95.4 100.1 103.5 104.6 104.4 102.7 106 114.4 119.2 119.7 116 113.8 109.8 108.3 104.4 100.4 94.5 89.8 87.2 87 87.8 89.2 89 87.9 86.5 85.3 84.1 82 79.5 78 74.4 72.7 70.4 71.5 68 59.2 66.5 64.4 62 59.9 57.8 56.8
124.3 130 135.1 138.5 139.9 139.7 136.8 129.6 122.3 115.5 109.2 105.6 101.6 95.4 86 75.4 67.5 61 57.5 56.2 53.9 51.8 51.5 51.3 51.1 50.8 49.6 52.7 56.6 58.5 60.5 62.4 63.4 64.8 65.1 67.3 73.8 79.9 85.9 91.4 97.6 102.6 104.6 105.7 106.8 104.5 106.5 117.2 121.1 122 118.6 113.6 106.7 103.6 102.4 100.8 96.2 91.1 87.8 84.7 85.2 85.4 86.7 86.5 85.8 84.4 83.1 82 79.7 77.4 74.4 72.2 71.3 72.7 72.8 71.6 67.3 61 56.8 57.2 56.9 55.3 53.3
122.3 122 130.9 139.2 142.7 141.5 137.8 133 125.8 118.7 112 106.9 99.4 89.1 77.2 68.6 63.2 58.5 54.5 52.3 50.1 49.9 50.4 50.5 50.3 50.1 53.5 57.1 59.2 61.2 63.2 65.2 66.3 67.4 68.7 72.4 78.8 85.9 91.9 98 101.5 104.9 105.8 106.4 106.7 107.6 115.8 124.1 125.9 122.2 115.8 109.4 102.7 98.4 97.1 96.1 93.3 88.9 85.4 83.1 83.1 83.1 84.3 84 83.4 82.3 81.2 80.5 78 77.2 73.9 70.5 71.5 72.1 71.3 70.4 66.2 61.2 57.6 53.5 53.2 52.7 49.5
122.5 114 128.1 135.3 140.1 141.7 140.6 136.3 129 122.5 116.4 107.6 96.7 79 71.1 63.8 60.6 56.7 52.5 50.3 49.3 49.8 49.5 49.9 49.9 52.4 55.7 58.9 61.6 63.9 65.9 67.9 69.2 70.3 73.9 77.6 83.5 90.7 96.2 100.2 103.3 105.1 105.6 107.7 113.4 119.1 123.8 126.8 123.3 115.2 109.7 105 100.1 95.6 93.7 92.9 90.9 86.8 83.9 81.5 81.2 83 85.7 86.9 85.1 82.9 80.8 79.1 79.3 77.4 72.4 69.9 70.6 70.6 69.6 66.9 63.4 58.5 55 51.1 51.5 49.4 47.2
120 103.2 119.1 128.6 136.5 141.1 142.9 137.8 130.7 125.3 109.6 96.4 83.3 69.6 64.6 60.9 58 54.2 50.7 49.8 49.3 49.7 49.5 49.9 50.5 53.2 57.1 60.5 63.3 65.9 68.5 70.6 72.1 73.1 78.5 84 89 93.3 98.3 101.1 103.1 105.2 109.3 117 122.7 125.2 125.4 121.9 110.9 106.7 103.7 99.8 96.9 92.2 91.2 90.2 88.8 85.3 82.5 80.1 81.7 84.1 86.8 86.9 86.1 83.7 80.8 78.1 77.2 74.1 69.8 68.1 69.6 68.7 67.6 64.7 60.3 56.1 49.6 49.4 46.5 45.3 44.9
121.9 107.9 102 112.4 124 137.7 140.8 134.9 126.5 113.3 98.9 85.4 70.3 64.3 61.3 57.9 55 51.4 49.2 47.9 49.9 48.9 49.2 49.9 51.7 55 59.2 62.5 65.3 67.8 70.3 72.8 75.1 76.6 82.2 88.8 95.6 100.4 103 104.8 106.7 111.3 119.2 123.4 124.7 123.6 120.5 113.4 105.1 102.5 95.7 92.3 91.3 90.3 89.1 88 86.8 84.1 81.2 78.6 82.3 84.4 85.5 85.5 85.5 83.5 80 75.5 71.6 69.9 68.1 66.6 68.7 66.7 65.5 62.4 58.1 54.3 47.7 45.4 44.4 43.8 43.2
123.5 117.1 105.1 93.3 104.1 116.4 127.1 122.9 113.1 98.9 84.8 72.2 63.8 61.2 58.8 55.3 52.1 49.4 48 48.6 49.5 49.1 49.5 50.6 53.8 58.1 61.6 65.1 68 70.5 73 75.5 77.2 79 85.4 91.9 98.7 102.5 103.9 107.1 113.1 119.9 123 124.2 123.6 120.5 116.2 107.9 102.8 99.8 95.6 90.2 89.3 86.9 86.2 85.5 84.6 82.9 80.1 76.4 81.2 83.3 84 84.1 84.1 82.5 78.7 74.9 70.8 66.8 65 65.2 67.8 65.5 63.5 60.1 56.4 52.5 46.5 44.5 43.5 42.7 42.1
124.5 120.9 115.1 102.8 87.2 94.8 106.9 105.1 97.3 85.2 71.5 66.1 60.2 58.6 54.8 49.6 49.1 49.1 48.4 48.5 49 49.3 50.6 51.6 55.3 59 63.1 67.4 70.6 73.1 75.6 77.6 79.5 82.4 88.4 94.4 96.6 100.9 107.8 114 119 122.9 124.9 125 123.5 119.3 116.8 108 102.6 100.6 96.5 89.4 86.1 82.9 82.8 82.1 81.7 81.1 78.5 74.4 80 82.1 82.6 82.7 82.7 81.1 77.3 73.4 69.6 66.2 64.3 64.8 66.7 64.6 61.5 58.2 54.6 49.9 45.3 43.3 42.6 41.9 41.6
125 123.9 116.9 108.5 92.7 80 86.7 85.1 82.2 71.8 64.9 58.8 57.7 54.1 47.9 48.1 45.8 46.4 48.2 48.4 48.7 50.8 52.2 54.6 58 61.8 65.7 70.1 73.4 75.7 78 80.2 82.5 85.7 89.2 93.6 100.5 110 117.3 122.2 124.3 127.7 131.2 129.7 125 121 117.5 109.8 102.9 98.9 93.9 88.8 85.2 81.2 80.4 80.9 80.3 78.6 76.5 71.5 78.3 80.6 80.6 80.5 80.5 79 75.6 71.9 68 65.6 64 64.1 64.7 63.4 60.2 56.2 51.2 46.1 43.3 42.1 41.6 41.3 41.1
123.6 121.9 109.7 103.5 92.8 80 67.2 70 66.8 62.4 57.7 55 53.5 50.2 46.5 47.8 48 48.3 48.8 49.2 50 53 55.4 57.8 61.1 64.7 68.6 72.7 76.2 78.7 81.8 83.7 85.9 90.5 98 106.4 115.5 122.1 127 131.9 134.9 138.5 137.9 133.5 130.2 124.3 118 111.8 103.9 94.2 89.7 86.4 81.7 78.5 78.3 79.6 78.3 76.6 75 68.9 76.8 77.9 77.9 77.8 77.8 75.8 73.1 69.8 66.3 64.9 63.9 62.1 63.5 61.8 58.8 54.7 47.3 43.9 41.9 41.2 40.9 40.7 40.5
116.2 110.7 103.6 97.7 87.7 74.8 63.6 60.4 57.7 54.3 51 49.1 48 46.8 46.2 47.8 47.8 48.6 49.8 50.3 52.1 55.6 58.7 61.1 64.7 68.2 71.8 76.2 79.2 82.7 86.4 89.2 96.5 104.6 114.3 121.7 128.2 131.8 136.7 141.5 145.5 145.4 140.5 138.3 133.9 126.2 118.9 110.4 100 91.1 85.8 82.3 79 75.7 73.5 76.1 77 75.2 72.9 68.9 74.8 75.3 75.2 75.1 74.5 72.3 69.8 67.3 65 63.3 63 60.7 62.2 59.9 56.7 49.5 43.9 42.4 40.4 40.2 40 40 40.1
107.6 104.4 98.6 89.4 75.3 64.5 58.2 56.2 54.4 51.8 50 47.6 45.8 47.4 48 48.1 47.9 48.9 51.7 53.1 55.8 58.7 61.6 65.1 69.8 74.4 76 80.6 82.4 85.4 90.8 98.8 109.3 117.6 124.6 131.2 135.6 139.3 143.7 147.9 146.7 144.6 142.7 139.8 133.5 124.9 116.2 106.1 95.4 90.6 87.8 85.9 81.9 78.9 73 73 73.8 74.3 70.2 70.1 70.6 71.4 72.1 72.4 70.7 69.1 67.1 64.9 63.7 63.5 62.3 61.4 59.3 54.6 49.5 44.6 42.2 40.2 38.9 39.4 39.7 39.8 39.8
101.8 99.5 88 73.9 63.7 55 52.8 52.1 51.2 50.5 49.2 47 45.9 47.3 47.8 48 48.2 50.5 53.3 56 59.4 62.4 65.2 69.3 74 77.5 80.4 83.9 85.7 92.8 98.4 110.6 117.6 124 130.5 134.8 139 143.4 146.4 143.7 142.9 143.4 142.2 136.1 128.7 120.1 110.9 101.5 95.8 94.2 91.5 88.5 83.7 76.9 71.1 67.5 71.2 71.4 69 63.5 67.1 68 68.5 68.9 67.7 66.3 64.9 62.9 62.8 61.7 60.3 59 54.2 45.2 44.9 43.6 41.1 39 38.4 38.8 39.4 39.5 39.6
94.9 84 70.4 61.3 54.6 49.6 50.3 49.6 48.6 47.7 47.1 46 46.5 47 47.6 48.2 49.3 52.1 56.1 58.9 62.7 65.8 68.5 73.3 77.1 80.5 83.3 88.5 96.1 102.3 111.9 117.5 123.2 127.3 133.1 137.4 141.5 142 138.1 139.4 140.2 139.3 135.7 130.5 122.8 113.6 105.7 101.1 97.7 97.2 94 88.7 81.1 73.7 67.6 65.9 63.2 66 64.4 60.3 64.6 65.1 65.6 66.1 65 63.6 62.5 60.5 61.3 60.4 58.9 53.3 45.7 42.7 42.2 41.4 39.4 39.1 38.2 38.4 38.8 39.3 39.3
77.2 66.3 57.5 52.6 48.3 45.6 47.6 47.2 46.9 46.6 46.6 44.7 46.3 47.1 48.4 49.4 50.4 53.6 57.7 61.4 63.5 69.8 73.3 77.3 80.9 82.4 88.1 101 106.7 110.9 115.8 120.1 123.5 128.9 131 134.5 135.8 134.6 135.5 137 136.5 135.5 131.6 126 118.2 109.5 106.1 104.9 103.8 99.9 93.9 86.3 77.4 68.9 65.8 64.6 60.6 63.9 62.7 60 63.5 63.4 63.9 64.4 64.1 61.4 57.3 59.7 59.7 56.9 53.2 45.2 46 45.4 43.3 39.9 39.1 38.7 38 38.2 38.4 38.7 39.1
59.2 54.7 48.7 45.4 43.6 43.8 45.8 46.6 46.5 46.2 45.9 46.2 46.6 48.3 49.8 50.7 51.6 55.2 59.3 63.6 66.8 80.7 83.5 90.4 96.1 89.9 104.6 105.9 107.3 111.2 113.9 118.2 119.8 122.1 126.4 129.4 130.8 132.6 133.3 134.1 133.5 131.4 128.4 121 113 109.2 109.8 109.3 104.2 99.5 91.8 83.2 74.4 66.3 64 62.6 61.1 61.8 59 58.7 63.2 63.1 63.1 63 63.2 61.1 57.7 54.4 51.7 50.1 49.2 49 47.1 46.2 44 39.1 38.7 38.1 37.8 38 38.2 38.4 38.6
51.4 46.9 43.5 43.6 44.8 44.8 45 45.7 45.2 46.3 46.5 46.7 47.9 50.2 51.7 53.4 54.6 61.1 68.2 71.6 86.2 96 101 105.2 105.4 103.8 93.7 104.1 107.6 109.6 111.8 114.6 114.9 117 120.6 122.5 127.5 130.5 131.2 130.4 129.3 127.1 121 114.7 112.5 113.2 111.6 107.1 102.4 95.4 88.1 80.2 71.7 66.1 63.3 60.8 58.4 55.2 58.2 59.9 62.9 62.9 62.8 62.3 62 60.5 57.4 55.4 52.7 49.8 48.5 47.2 46.3 43.2 39.7 38.1 37.6 37.3 37.3 37.7 38 38.2 38.4
48.4 45.2 43.2 45.4 47 47.3 45.8 45.8 46.6 47.9 48.3 50.2 52.3 52.4 54.3 58 64.3 73.8 83.5 92.3 100.7 111 114.2 113.9 110.4 100.4 105.8 110 109.2 110.4 110.6 109.9 111.4 112.9 115.5 120.6 125.2 125.3 125.8 125.6 122.7 117 114.1 113.1 112.4 112 108.2 103.7 97.3 90.5 83.6 76 69.5 66.3 63.3 59.2 53.9 54.6 59.1 60.6 62.3 61.8 61.1 60.3 60.3 57 54.5 52.7 50.8 48.7 46.2 44.7 42.8 40.4 37.8 36.8 36.8 37 37.4 37.2 36.9 37.1 37.4
50.3 44.3 46.5 50.1 51.3 52 51.5 50.8 50.7 50.9 53.1 57.9 61.3 61.9 64.5 67.7 76 88.1 98.1 109 115.8 118.4 117.6 114.1 108.8 107.8 111.3 114 112.7 110.9 107.7 108.1 109.7 111.2 114.7 117.9 119.3 119 118.7 117.2 113.5 111.4 112.7 112.6 110.2 107.7 104.3 98.2 92.2 85.3 78.5 73 69.4 66.1 61.6 55 51.3 57.9 58.6 60.2 59.9 59.4 58.9 58.2 56.7 53.5 51.7 49.9 48 45.7 43.8 41.8 40 38.3 36.1 36.1 36.3 36.6 37.1 37.2 37 36.7 36.4
45.2 42.5 51.7 54.2 55 55 54.9 55 55.5 55.8 59 63.3 66.5 74.9 80 86.8 94.2 105.5 115 121.4 123.4 121.8 119.4 116.8 113.9 110.5 113.3 115.3 114.6 110.8 108 107.1 108.4 110 112.5 114.6 114.5 113.4 112.1 110.2 107.7 109.8 110.1 108.4 106 102.5 98 92.6 87.6 82.2 76.9 72.7 69.1 64.2 57.2 48.7 55.8 58 57.9 58.7 59.2 58.7 58.3 57.1 55.5 53.6 51.5 47.4 45.2 43.6 41.9 39.8 37.7 37.4 36.6 36.6 36.7 37.3 37.5 37 36.7 36.4 36.3
45.7 46.9 53.4 55.2 56.8 57.3 57.8 59.4 59.4 62.3 65.2 74.9 85 90.9 97.9 102.3 109.4 117.9 126.5 128.6 127 124 120.7 117.4 114.2 112.9 114.7 115.2 112.6 109.3 106.7 106.3 106.7 107.9 109.8 110.6 110.1 108.9 107.3 105.2 106.6 107.3 106 104 99.7 95.3 92.2 88.6 83.9 78.9 73.8 69.6 63.9 58.4 52.5 51.6 57.9 58.3 57.5 56.9 57.6 58.1 57.8 56.3 54.7 52.8 50.7 46.6 44.7 42.4 40.1 37.9 37.6 37.1 37.3 37.3 37 37 37 36.6 36.3 36.3 36.6
41.4 48.2 52.4 55.7 57.4 59 59.8 63.3 68 75.9 86 94.3 101.9 106.5 110.8 113.2 120.5 128.8 132.6 131.5 128.7 124.1 119.6 114.9 114.7 115.1 114.2 112.5 110.2 107.7 105.7 104.8 104.2 105.5 105.6 106.2 106.2 104.5 103 102.5 102.1 101.7 100.7 98.8 94.3 91.4 88.5 85 80.2 75.2 70 63.5 59.4 55 55 51.4 57.2 57.7 56.3 54.9 55.6 56.4 56.7 55.2 53.3 51.4 49.2 45.3 40.7 38.9 37.9 37.6 37.1 36.8 36.5 36.4 36.4 36.3 36.3 36.2 36.3 36.6 36.9
42.2 46.6 50.8 56.3 58.1 60.7 65.4 75.5 86.6 96.2 105.8 109.8 114.9 119.8 122.1 123.3 129 133.4 134.1 129.8 124.8 118.5 113 113.9 115 114.4 112.1 109.8 107.6 105.6 104.1 103.2 102.3 102.8 102.6 102.8 101.8 100.2 99.7 99.2 98.8 98.3 96.5 94.1 90.9 87.9 84.9 81.5 77.6 73.5 69.5 65.5 63.3 60.9 57.8 47.8 56.1 55.2 53.6 53 54.2 55.1 55 52.8 50.8 47.7 44.5 39.7 36.5 37.8 37.2 36.7 36.1 35.8 35.8 35.9 36 36 36.1 36.2 36.7 37 37.2
45.4 43.7 51.6 57.5 63.5 67.6 74.8 91.7 103.5 111.7 118.1 123.3 127.1 131.4 130.9 130 134 135.3 130.8 124.5 119.3 111.5 112 113.4 114.1 112.1 109.7 108.4 106.6 104.6 102.4 101 100.4 99.8 99.7 98.3 98.3 97.8 97.3 96.8 96.3 95.6 93.3 90.8 87 84 81 77.7 74.2 71.6 70 67.7 65.6 62.1 59.3 55.6 52 52.8 51.3 51.2 52.4 53.7 52.5 50.1 47.2 43.6 39.5 38.2 37.1 36.7 36.4 36.2 36 35.9 36 36 36.1 36.2 36.2 36.5 36.9 36.6 36.9
43.7 41.2 53.4 61.6 68.7 77 86.8 100.8 115.3 123.6 129.9 133.9 135.5 134.6 132 129.5 133.4 132 122.7 115.6 112.9 110 111.5 112 111.4 109.6 108.1 107.1 105.6 103.4 101.2 99.3 97.9 97.4 97.2 95.3 95.3 95.4 94.9 94.4 93.9 91.9 89.7 87.5 83.6 80.1 77.1 73.4 69.9 69.5 69.5 68.6 65.2 62.1 59.1 55.7 45.5 50.3 50.3 49.5 50.9 51.1 49.1 46.8 43.2 40.4 37.9 36.6 37 36.8 36.5 36.3 36.1 36.1 36.2 36.2 36.3 36.3 36.4 36.7 36.6 37 37.5
43.7 41.6 51.2 61.6 71.4 80 95.2 109.5 122.9 131.9 135.2 136 135.4 132.7 127.1 123 125.1 121.2 113.5 110 109.7 109.2 109.8 109.8 108.9 107.9 106.9 105.8 104.5 102.4 100.2 98.3 96.9 91.5 94.2 92.6 92.6 92.4 92.2 92 90.2 88.3 86.4 84.4 81 77.4 73.5 68.2 66 65.8 65.7 65.8 63.3 59.7 57.3 54.7 47.4 49 48.9 47.8 47.7 46.9 44.9 42.5 39.6 35.8 35.8 36.2 36.6 36.9 36.6 36.4 36.2 36.2 36.4 36.4 36.4 36.5 36.5 36.9 37.1 37.3 37.4
44.1 41.1 45.8 55.4 66.9 78.3 99.3 115.5 125.7 131.9 132.8 131.4 128.7 124.1 117.2 112.8 112.6 111.7 108.5 108.7 108.8 109.1 108.8 109.6 107.7 106.7 105.7 104.6 103.1 101.1 98.9 97.2 95.5 93.5 90.7 89.8 90 89.8 89.6 89.6 87.4 85.2 83.3 81.3 78.1 73.3 68.7 65.1 62.6 62 62 62.1 61.3 57.7 54.6 52.5 50.2 43.4 42 43.2 44.3 42 40.6 39 36 35.6 35.8 35.9 36.2 36.6 36.7 36.5 36.3 36.2 36.6 36.6 36.6 36.6 36.7 36.8 37 37.2 37.4
51.2 43.3 40.5 41.3 47.7 61.1 83 110.2 124.2 124.7 122.6 117.6 112.3 105.8 101.6 100.1 101.6 103.3 105.9 106.6 107.4 109.9 111 110.9 106.9 105.6 104.3 102.9 101.4 99.6 97.7 96 94.4 92 89.8 87.3 84.1 87 87.1 87.2 84.7 82.5 80.3 78.1 74.4 70.4 67 63.4 59.5 58.5 58.2 58.3 58.7 55.4 52 47 47.1 46 42.4 40.2 39.9 40 38 36 35.5 35.6 35.8 35.9 36 36.2 36.6 36.6 36.4 36.3 36.8 36.8 36.8 36.8 36.5 36.5 36.8 37 37.3
56.2 52.7 45.5 40.7 40.3 42.3 62.7 90 108.6 110.8 106.5 100.7 96.8 92.7 89.8 89 95.8 100.1 103.2 105.8 108.9 111.7 115.6 111.2 107 104.3 102.6 101.2 99.7 98.1 96.5 94.4 92.5 90.3 88.8 87.5 85.2 82 85 84.6 83.5 81.3 78.7 76 73.2 69.9 66.4 60.9 57.3 52.9 51 52.6 53.9 51.9 48.4 45.8 44.3 42.4 41.7 39.9 38.6 37.9 36.5 35.5 35.4 35.6 35.7 35.9 36 36.1 36.2 36.4 36.5 36.3 37.1 37 36.9 35.7 36.1 36.3 36.6 36.8 37
58 57.8 59 57 46.2 39.7 45.7 68.7 89.2 95.8 92.7 90.4 90.5 87.7 86.5 89.1 94.8 99.9 103.3 106.9 110.6 115.7 117 110.2 106.2 103.9 102.2 100.4 98.5 97.3 95.6 93.4 91.3 89.5 88 86.1 84.5 81.8 81.9 81.9 81.1 79.6 77.8 75.3 72.6 69.3 65.5 61.4 58.4 55.7 52.1 48.7 47.2 45.7 42.5 42.1 40.8 40.6 40 38.7 38.3 37.5 36.2 35.5 35.5 35.5 35.7 35.8 36 36.1 36.1 36.2 36.3 36.4 37.1 36.8 36.5 36.2 36.4 36 36.2 36.5 36.7
