webserver/python/data/SN75.asc
ncols 200
nrows 200
xllcorner 270000
yllcorner 250000
cellsize 50
[rows 70 to 104 of 200, columns 0 to 77 of 200]
438 442.3 446.4 450.3 454.5 457.1 453.8 450.7 449.8 449 446.3 445.2 445.8 446.7 448.2 449.5 453.4 456 458 459.1 462.5 464.3 459.9 458.9 459.1 462.2 469.4 471.1 467.9 460.7 457.5 457.9 460.2 461.1 462.1 462.4 462 459.1 454.6 445.8 443.4 443.3 443.3 442.6 441.8 437.3 427.9 421.6 414.5 409 408.4 408.3 408.7 409.6 411.4 411.1 410.9 411.4 412 412 412 412 411.9 411.1 409.5 408.4 408.2 407.8 407.9 410.1 409.8 413.9 419.3 425.9 435 450.4 460.7 461
440.6 444.1 447.7 450.3 458.7 453.3 449.4 445.3 442.8 441.9 441 442.3 443.1 445.1 447 448.2 449.9 451.4 453.8 457.2 459.6 458.9 458.3 458.9 458.9 461.9 468.7 465.9 461.3 455.8 454.7 457.5 460.5 460.9 462 462.7 461.9 457.9 450.8 444.9 443.5 443 443.4 441.3 437.8 432 426.8 421.3 414.9 409.9 409 408.5 408.8 408.9 410.1 411.4 412.3 412.8 412.9 412.4 411.7 410.9 409.3 409.3 408.8 408.3 407.8 407.8 407.9 408.1 409.2 412.8 416.8 425.5 436.7 455.9 461.3 456.9
443 447.9 449.5 451.1 450.6 448.7 446 441.9 439 438.1 438.4 439.7 443.4 444.2 445 446 447.3 449.2 450.6 452.4 454.9 453.7 454.2 457.7 459.7 461.3 461.6 459.3 454.4 453.9 454.5 457.5 460.3 462 462.5 462.8 459.1 454 447.4 446.6 445.1 445 446.2 443.1 435.7 431.8 427.3 422 416 412.3 409.5 408.7 408.7 409 409.9 413.9 414.3 415.3 415.4 414.3 411.9 408.8 408.4 408.4 408.4 407.8 407.8 407.8 407.8 408 408.6 412.8 418.3 427 438 451.5 455.9 454.4
448.3 456.8 451.3 449.7 448.4 446.1 442.7 438.9 436.3 436 436.5 439.3 441.4 442.7 443.2 443.8 444.8 446.5 448 448.7 449.1 449.4 451.9 457.4 461 460.7 458.1 453.9 451.9 452.5 454.9 458 461 459.7 461.2 459.3 454.1 450.4 449.1 448.5 448.7 449.9 450.7 445.8 435.7 432.6 427.6 422.7 418.6 415.1 413 410.6 410.7 411.8 415 417.9 419.4 419.6 418.1 415.2 411.8 408.7 408 407.9 407.9 407.8 407.8 407.8 407.8 408 408.7 412.3 419.6 428.8 438.9 449 450.6 449
457.7 461 454.5 448.6 445.7 443.3 439.2 436 433.9 433.3 434.4 436.9 439.2 441.3 441.8 442.3 442.8 444 445.7 446.9 448.8 448.7 449.5 455.1 458.6 456.9 455.1 451.7 450.6 452 455.2 458.4 458.9 458.7 459.5 456.7 452.6 451.9 450 449.7 449 450.7 450 443.1 435.7 432.7 428.8 424.8 421.4 420 418.5 417.3 417.1 417.2 420.2 423.5 424.4 423.4 422 419 414.5 410.4 408 408 407.8 407.8 407.8 407.8 407.8 407.9 409.3 415.7 425 434.5 445.7 450.2 449.9 449
462.7 461.4 449.5 446 443.2 439.7 435.6 433.6 431.9 430.7 432.4 435.5 436.9 439 439.9 440 439.5 442.2 444.3 446.1 447.4 447.9 450.5 454.5 455.8 453.9 452 449.1 449.8 452.7 455.7 458.8 458.7 459.6 459.3 458 455.1 451.6 450.7 450.7 449.1 451.1 445.9 435.8 434.8 432.2 430 426.9 424.3 424.8 425.9 426.7 423.2 422.7 426 429 430 428.9 427 424.8 420.5 414 408.8 408.4 407.8 407.8 407.8 407.8 407.8 407.9 411.3 418.8 428 443.8 451.2 451.1 451.1 449
461 455 442.8 441.3 440.3 434.9 429.6 428.2 427.6 430.6 432.9 434.7 435.5 435.4 436.9 436.8 437.6 441.7 445 446.1 446.8 447.7 451.6 454.2 453.6 451.6 449.3 448.3 449.4 453.2 457.4 458.5 459 461.8 461.3 459.8 460.2 453.4 449.6 447.6 446 447.3 435.9 437.7 435.1 431.9 430.5 429.2 428.9 430.1 431.3 431.6 429.6 430.4 432.3 434.8 435.5 435 437.1 436.1 431.9 424.7 410.7 409.5 409.2 407.8 407.8 407.8 407.2 408.3 411.6 416.7 425.1 437.9 445.8 449.7 449 449
452.2 439.6 436.2 433.7 432.5 430.4 425 422.3 420.5 426.9 430.5 432.3 433.3 432.3 433.6 436.8 438.8 441.8 444.4 445.7 446.4 448.5 451.1 452.4 451.4 449.4 448.3 448.3 449.7 452.8 456.1 458.7 459.8 462.3 464.4 461.9 456.6 449.5 447.4 443.4 441.2 437.9 437.1 438.8 438.7 435.7 434.7 433.8 433.9 435.1 436.1 436.5 435.1 436.3 438.2 440.6 442.8 445 448.8 450.1 444.9 436 416.8 411.9 410.9 408.7 404.9 402 401 405.8 409.8 415 422.6 430 439.6 447.1 450 451.2
437.2 434 430.4 426.3 422.4 421.2 420.5 418.2 421 422.4 426.3 429.7 429.5 430.8 434.5 439.2 441.1 442.2 443.3 444.6 445.9 447.9 450.8 451 449.4 448.1 447.2 447.9 450.3 453.7 457.5 459.6 461.6 464.1 462.2 456.5 450 445.3 442.7 440.2 438.6 438.3 438.5 439.9 439.2 439 440.2 440.3 440.1 440.7 441.7 441.7 441 442.1 444.1 446.3 448.3 453 456.2 457.1 451.7 437.1 424.7 416.5 414 412.2 407.3 401.5 399.5 402.2 406 411.1 420.5 430 441 450.2 456.5 458.3
429.5 428.5 427.3 419.1 415 415.9 414.9 410.1 419.3 420.9 423.4 429.2 430.7 433.2 437 440.9 443 442.7 444.1 445 445.7 448.5 450.5 450.8 447.5 446.1 446.1 448.4 450.8 455 458.4 459.3 462.7 463.7 457 450.7 446.4 441.6 438.8 438.3 438.5 439.8 440.1 440.4 440.7 441.5 443.7 446.2 446.6 447.7 449.4 449.3 448 447.9 449.7 450.8 453.5 457.9 460.7 458.8 451.1 437.9 427.8 420.9 418.2 416.6 410.8 404.7 400 400 403.3 407.9 416.8 430.1 445.2 458.8 460.8 461
424.7 426.3 421.9 414 408.8 410.5 410.6 410.4 410.9 420.6 425.6 430.1 431.7 435.1 439.8 443.8 444.1 443.2 444.5 445.5 446.8 450.5 450.6 449.1 446.3 445.5 448.1 449.5 451.4 454.3 457.1 459.8 462 458.6 451.6 449.4 443.8 438.8 437.9 438 438.3 438.7 440.7 442.4 442.9 444.6 446.4 448.7 450.4 451.3 450.7 450.9 450.7 449.1 450.5 451.2 454.4 458.6 459.8 457.8 448.3 438.2 432.2 428.9 425.4 421.6 417.8 408.2 401.7 399.1 401.1 405.2 414.3 428.1 442 452.4 459.9 460.7
420.8 420.7 411.1 405.4 401.8 401.5 398.1 405.5 411 420.4 424.3 429.7 432.9 436.7 440.9 445.3 443.8 443.5 443.7 448.8 450.7 452.9 449.7 444.9 443.8 447.9 450.1 450.1 451.5 454.9 457.4 460.3 454.3 451.3 452.2 449.2 439.9 438.2 438 438.4 438.9 439.6 441.2 444.5 446 447.7 449.4 451.7 452.5 452 450 450.3 450.8 449.7 449.3 449.1 451.2 455 457.4 453.9 448.6 441.9 436 433.3 431.6 427.4 421 410.5 402.4 400.1 400 402.3 408.1 420.9 432.9 444.3 449.2 454.8
413.7 406.2 400.6 398 393.8 388.8 397.2 409.7 410.3 415.7 421.4 427.5 433.2 437.3 441.1 443.4 443.1 443.2 442.7 450.9 452.9 451.1 445 438.2 439.4 444.1 444.4 446.4 450.5 454.6 457.4 453 445.8 446 444.3 441.7 438.1 437.6 438.6 439 439.5 441.2 444.3 447.4 449.8 451.4 455.1 456.5 455.9 452.8 449.4 449.5 450.4 445.9 444.3 443.7 447.6 451.1 452.8 451.2 449.4 440.7 439.2 435.8 432.3 428.2 419.3 409.6 401.3 399 398.9 401.3 407 417.6 429.1 437.4 442.3 448.6
402.3 394.2 391.9 390.4 390.4 379.7 398.1 404 406.8 410.2 416.7 423.4 428.7 434.7 441.1 442 442.4 442.5 442.9 447.8 449.2 443.4 437.1 431.6 431.3 434.9 436.7 440.2 445.3 449.6 446.4 439.8 439.7 439.7 439 437.7 437.1 438.6 439.3 440.1 442.2 444 447.1 449.8 452.5 456.3 460.1 458.9 456.2 452 449.3 445.9 442.3 440.4 438.8 440.4 441.8 442.9 445 443.9 440.4 438.3 437.6 434.3 430.2 423.8 415.5 408.9 399.9 398.3 398.4 400.8 405.4 414.5 422.8 430.7 437.1 444.5
393 385.9 384.6 385.9 384.9 383.5 398.1 400.2 399.5 404.5 410.2 416 423.5 431.9 440.9 441 441.7 442.3 443.4 446.1 440.3 434.6 428.8 420.7 424.9 427 430.8 433.9 435.3 436.3 433.8 433.9 434.6 434.2 435 435.8 438.3 439 440.5 443.1 446.8 450.9 449.4 452 455.3 458.4 461 459.1 454.8 450.2 447.5 443.8 439.5 435.4 434 434.4 435 435 436.5 437.8 434.5 433.9 434.3 432.7 430.6 421.7 413.5 405.6 399 398.4 398 400.3 404.9 410.6 417.6 424.7 432 438.1
391.7 383.5 380.6 382 374.2 389.6 394.2 395.2 394.6 400 405.6 412.2 420.5 429.4 437.9 441 441.2 442.1 443.2 440.8 433.6 426.7 420.3 413.4 417.9 421.6 423.3 423.1 424.2 427.5 426.1 430.6 428.9 429.6 433.7 436.9 438.2 441 443 445.2 449.8 451.2 452.6 454.1 457.3 459.8 460.6 459.1 453.7 448.1 444.8 442.5 439.3 430.5 429.2 429 429.7 429.8 431 429 429.9 430.1 431.6 429.7 424.5 417 409.3 402.9 398.8 398.4 398 400.1 403 407.2 412.6 419.5 427.2 433.9
387.4 378.5 377.9 374.9 378 385 389.2 390 390.1 396.3 403.9 412.5 420.5 428 435.3 439.4 441.4 440.5 440.5 432.8 426 419.9 413.2 409.1 412.3 412.5 415.2 414.9 417 419.5 420.7 422.4 427 430.8 434.5 438.1 439.9 442.8 444.4 450.3 452.2 454.4 455.9 457 457.6 459.8 460.4 458.2 452.2 446.5 442.5 438.9 432.3 428.8 428.5 428.1 427 426.2 426 425.8 426.1 426.7 427.1 425.2 420.8 411.2 404.9 401.7 398.2 398 398 398.7 401.6 404.8 409.2 414.6 422.5 429.7
380.9 371.1 373.3 365.7 374.1 380 381.6 381.9 388.5 397.6 407 413.6 421.3 428.3 437.5 440.3 439.4 436.3 434 425.7 418.2 411.9 406.4 400.8 404.1 405.7 408.7 411.8 411 411.9 415.9 420.8 425.8 430.7 435.2 439.7 441.6 445.9 449.4 452.3 454.2 456.1 457.8 458.8 458.8 459.3 462 455.8 450.6 445.3 441.3 438.8 433 428.7 428.3 427.7 424.1 423.4 422.6 423.3 423.6 423.1 422.7 419.9 412.8 406.9 403.4 400.3 398 398 398 398 399.7 402.5 407 411.7 417.8 425.2
372.6 365.7 365.8 358.9 365.6 368.7 372.5 379.3 389.7 398.9 401.1 408.5 417.4 432.9 442.5 443.2 437.4 434.8 430.8 420.4 413.2 406.8 401.7 396 396.8 401 402.4 403.7 405.7 407.2 412.6 420.1 423.3 429.8 434.1 439.8 443.4 447.5 451.2 452.4 454.6 456.9 458.9 459.1 457.8 456.9 458.5 455.1 450.1 446.2 442.6 439.8 434.9 429.6 427.9 425.4 422.7 421.5 421.3 420.9 421.1 420.4 417.2 412.5 408.1 404.8 402 399.3 398 398 398 398 398.6 401.5 406.3 409.2 414 421.3
366.2 359 357 349.3 357.1 360.5 362.9 370.8 378.8 383.3 388.6 397.2 411.7 433.6 434.9 435.4 435.3 434.8 426 415.3 407.9 402 396.5 391.9 391.4 395.3 397.2 398 398.8 404.2 409.7 414.2 420.8 426.6 433.4 439.4 442.9 446.9 449.4 452 454.4 456.9 459 459.4 458.3 457.6 457.2 455.5 451.1 447 445.3 443.4 440.6 437.1 431 426.9 423.5 421.3 420.2 419.1 417.1 415.8 412 409 405.8 402.8 400.2 398.6 398.2 397.9 397.9 397.9 398.4 401.3 405 407.7 411.1 416.4
356.5 351.1 348.5 345.1 349.1 351.5 357.2 364.2 369 373.2 379.3 388.5 404.3 414.9 420 425.3 429.8 427.2 418.3 408.8 404.6 399 394.3 390.3 389.2 391.2 391.1 394.1 398.8 402.3 406.8 410.8 416.8 424.5 431.8 437.5 442.1 445.8 449.3 451.6 455.3 459.1 459.7 459.5 458.3 457.4 456.8 454.5 451.5 449.1 447.8 447.6 447.3 445 440.3 433.7 427.1 424 420.2 417.5 414.5 410.9 408.9 406.4 403.9 400.9 399 399.5 399.1 398.3 397.9 397.9 397.3 400.8 403.3 405.7 408.4 413.3
347.9 344.8 340.5 337.2 342.5 342.9 349.9 355.2 359.5 363.8 370.1 381.1 392.2 399.2 406.8 418.5 413.2 410.4 403.9 403.4 400 394.2 390 383 381.3 384.4 390.6 392.1 398 401.8 405.8 409.3 415 422.9 430.2 436.2 440.8 445 448.2 453.5 457.9 459.8 459.1 457.4 456.5 455.9 454.7 452.9 451.1 449.5 449.4 451.1 451 451.1 444.2 438 429.5 425.5 420.6 415.9 411.5 409 407.3 404.9 402.1 400 401 400.7 399.8 398.8 396 394.1 395.5 399.2 401.7 403.9 405.9 409.7
338.5 337.5 327.9 331 336.9 337.7 341.2 345 348.6 352.7 358.1 372.2 377.7 384.3 396.5 396.3 394.9 394.1 390.2 391.5 391.6 388 383.1 378.7 379.5 379.8 387.8 390.5 396.9 400.7 405.1 411.2 415.7 420.8 428.4 433.2 439.9 445.6 450.1 455 458.9 456.8 455 455 455.6 454.3 452.5 450.9 451.1 449.1 450.8 450.3 450 450.7 445 439.7 432 425.8 421.1 416.9 413.3 410 407.4 404.8 402.3 400.7 401.2 401.2 400.6 396.8 393.4 391 393.9 397.2 398.6 400.5 402.5 406
331.8 331.7 324.8 330.8 332.3 332.9 333.3 335.3 338.1 340.1 341.5 349.7 358.5 365.9 370.9 373.7 375 377.1 380.2 382.2 381 378.1 373.9 369.4 380 386.7 392.7 395.1 399.5 401.3 405.4 411 415.4 420.5 425.7 430.9 439.2 445.6 451 454.3 454.1 451.9 452.4 453.4 454.3 454.6 452.3 449.9 449.9 449.5 450.7 449.4 448.6 445 438.9 435.3 429.3 425 421.6 417.8 414.7 411.8 409.1 406.5 404.4 403.1 401.9 400.9 399.1 394.1 391 389.4 393 394.3 395.5 397.4 399 399.2
324.8 326.3 325.4 327.3 327.4 327.3 327.8 328 328.5 330.4 332.8 340.2 346.2 352.6 356.2 360.6 364.2 368.2 370.5 370 372.2 367.6 366.6 373.5 384.9 394.7 399.8 405 409 410.4 409.5 411.1 416.3 421.6 426.8 431 437.5 444.6 450.3 450.5 449.9 450.5 451.2 451.7 452.9 452.8 450.7 450.2 449.5 451 449.6 448.3 444.6 439.6 434.1 430.2 427.2 424.1 421 419.1 416.5 413.6 411.8 410.8 408.2 405.1 403.2 400.6 398.4 393.5 390 388.8 391.5 393 392.8 394.4 394.7 395.4
320.5 322.3 324.5 324.8 325.6 322 322.6 321.4 322.9 327.1 330.9 335 341.5 346.3 350.6 353.4 356.7 359.5 359.3 358.1 362.8 366.8 373.7 380.9 394.8 403.1 409 414.3 416.6 415.1 412.6 411.8 417.3 422 426.3 430.5 436.3 442 446 447.6 447.3 449 451 451.2 451.6 448.6 448.8 449 449.2 450.8 448.1 443.5 438.9 435.3 430.2 428.3 426.4 424.5 422.3 419.7 417.9 416.1 417 416.9 413.1 407.5 403.5 400.4 397.8 393.5 389.7 388.8 389.1 390.9 390.3 392.6 391.1 392.1
320.7 312.3 322.8 323.2 321.1 317.7 324.6 329.9 332.6 334.4 334.6 335.1 338.1 337.3 341.7 346.8 350.3 349.7 355.6 362.1 366.6 371.3 377.5 392 403.5 413.7 422 422.7 423.9 419.6 417.1 415 418.9 421.5 425.3 429.9 436.6 440.6 441.7 443.6 445 447.4 449.7 449.9 448.4 446.9 447.4 448.2 449.1 448.3 445.8 440.6 437.9 434.1 430.6 429.5 428.5 427.2 425.3 422.1 422.4 427.6 429.2 429.7 427.6 411.8 403.2 400.4 398.7 394.5 390.7 388.8 388.8 388.8 388.8 388.9 389.7 389.5
318 307.3 320.1 319.9 314.8 324.3 335.1 343.4 347.2 347.6 344.7 344.4 347.1 347.8 349.3 349.5 348.9 353.8 360.9 363.9 368.3 373.5 381.7 400.8 414.4 420.8 424.8 428.5 425.7 420.2 417.8 416.4 419.4 421.9 424.6 429.5 434.2 437 439.4 440.1 442.3 444.6 445.5 446.5 446.6 447.3 447.9 448.7 450.6 448.8 445.3 440.6 437.4 434.2 432.9 431.5 430.6 429.7 427.6 429.7 433.3 437.2 441.7 441 431.8 410.5 403.2 401.7 400.2 395.7 391.4 389.8 388.8 388.8 388.8 389.9 391.6 392.3
312.3 304 314.9 310.1 321.7 332.4 343 355.4 364.1 365.9 360.4 354.9 355.7 354.7 355.7 356.1 355.7 358.7 361.5 365.5 372.7 379.2 393.9 416.9 422.7 426.2 427.6 429.6 424.6 419.8 417.7 416.9 419.9 422.6 423.9 426.2 429.8 433.4 435 437.3 439.6 440.4 441.7 444.3 444.8 447.6 449.6 449.7 450.7 449.3 446.4 442.5 437.9 436.2 436.1 436 434.8 433.2 434.2 437.2 441.2 446.3 448.1 442.2 425.8 410.2 403.8 402.4 400 396.6 392.3 390.9 390 388.8 388.8 391.8 392.5 393.2
302 303.4 307.1 315.7 326.8 339.5 352.7 365.7 380.1 388.7 381.3 370.3 366.8 364.4 364.6 365 364.9 365.2 364.3 370.1 378.2 387.7 402.8 422.1 431.8 434 433 426.5 420.9 420.3 417.6 416.9 421.1 421.5 423 424.9 427.5 430.2 432.3 434.6 437 439.8 440.7 442.4 445 447.9 450 451.4 451.2 450.4 448.9 447.1 441.7 439.9 439.4 439.2 439 438.3 437.4 442 446.8 447 447.3 433.2 419.1 407.2 403 402.4 399.2 395.9 393.7 391.7 390.7 389.8 389.5 392.1 392.8 393.6
306.5 311 315.2 323.9 336.7 350.1 364.3 378.5 393.7 405.1 400.2 387.6 380.6 377.8 377 377.4 377.7 378.4 379.1 382.5 388.2 397.4 417.1 428.1 436.1 440.5 434.6 427.6 422.2 421.8 418.6 418.6 419.4 420.9 422.1 424 426.2 428.9 430.3 433.7 437 440.1 441.7 444.6 446.8 449.7 450 452.2 453.9 455.6 453.9 451 446.1 442.4 441.3 440.9 439.9 439.1 439.1 442 444.3 446.7 436.6 425.4 413.3 406 404 401.8 399.6 397.2 395.2 393.1 390.6 388.9 390.2 392.2 392.6 393.1
312.2 313.9 321.5 333.1 346.9 361.7 377.4 397.3 418.2 424 417.5 407.2 395 392 391.2 391.4 393.3 394.8 400.6 405.2 409.7 419.2 427.9 434.5 442.9 443.4 434.8 426.1 421.1 421.3 419.8 419.8 420.4 420.6 421.6 423.3 425.5 428.2 431 432.9 435.8 438.7 442.4 446.9 449 450.3 452.3 454.6 457.8 459.4 459 453 447.6 444.9 443.4 441.8 440.5 439 437.8 440.2 442.6 437.5 425.7 417.6 410.7 405.7 403.5 401.4 399.5 398.3 396.1 392.6 390.2 387.6 387.4 391.5 392.1 392.6
315.7 322 331.6 344 359.3 376.8 397.2 416.1 433.2 434.8 431.6 420.8 412.1 409.3 406.5 406.4 407.9 412.4 418.6 423.8 428.3 435.4 438.2 443.8 446.5 439 432 421.4 421.1 420.7 419.9 419.6 420.8 420.5 421.5 423.3 425.4 427.6 430.9 432.2 434.7 437.5 440.1 445.7 450.8 453.8 455.6 458.4 461.2 461.3 457.6 448.8 447.2 445.1 443.3 442 441 438.3 435.2 432.4 431 425.4 419.8 414.3 408.7 405.7 404.1 402.4 400.7 398.9 396.2 392.6 390.1 385.3 380.7 388.9 390.8 392.3
320.8 331.8 343.6 356 377.1 401.3 425 433.8 437.6 437.2 434.5 429.6 423.4 423.4 419.9 417.7 418.9 422.4 426.9 431.3 435.7 440.9 447.7 449.9 445.2 441 428.7 421.5 421.3 420.5 419.5 421.1 421.1 420.9 421.4 423.3 425.4 427.5 430.3 432.3 433.9 436.5 439.4 444 450.7 455.1 457.8 460.8 462.3 462.8 452.4 448.8 446.8 444.5 442.4 440.3 437.3 436 433.4 430.8 425.8 418.2 415.4 412.4 408.5 406.7 405.2 403.6 401.9 399.3 397.7 394.4 390.7 387.3 380.2 382.7 388.2 389.7
330.9 341.9 354.3 371 394.4 422.8 441.6 434.7 433.8 435.3 435.3 433.3 431.3 429 426.1 424.5 427.9 429 431.8 439 446 455.3 452.1 450.2 444.7 439 426.6 421.7 422.9 421.4 420.1 421 421.2 421.2 421.3 423.3 425.4 427.4 429.4 431.7 433.4 435.6 438.5 442.4 449.2 454.3 457.6 459.8 461.5 461.2 453.9 450.2 446 443.8 441.2 439.2 439 438 436.9 436.9 426.8 417.8 413.6 411.4 409.6 407.6 406.1 404.6 403.1 400.7 399 395.7 391.7 386.6 380.6 379.4 381 384
