webserver/python/data/SN79.asc
ncols 200
nrows 200
xllcorner 270000
yllcorner 290000
cellsize 50
[rows 35 to 69 of 200, columns 0 to 77 of 200]
2.2 2.3 2.7 3.4 3.8 5.7 5.4 6.5 11.7 28.8 43.9 57.7 58.4 54.5 49.9 52.2 86 97.2 106.4 125.7 129.1 130.4 144.8 154.1 164.6 176.4 172.6 171.2 179.9 187.3 191.6 191.7 187.1 159.2 148.4 142.1 142 142.2 146.6 146.6 149.8 151 147.6 142.7 145.3 148.6 149.5 152.8 163.5 170.2 174.5 183.2 191.2 194.1 198.4 200.6 200.2 192.9 187.5 187.2 193.5 191.8 198.6 196.2 173.2 146.9 122.9 114.1 105.7 97.7 92.8 90.2 91.8 99.4 119.3 138.7 159.5 175.8
2.7 2.8 2.9 3.5 3.9 9 5.5 6.6 11.8 25 48.5 54.6 51.7 50.4 47 51.9 83.2 90.9 109.2 125.6 130.7 138 152.5 162.1 173 180.4 178.1 177.9 185.3 190.5 192.1 190.9 176 156.3 147.3 143.4 145.8 148.9 149.5 150.1 151 151 149.8 149.7 150 149.1 150.2 158.4 169.9 169.8 178.1 188 195.6 200.2 204.4 208.2 209 194.8 188.3 188.4 192.6 195.5 201.2 192.7 166.4 138.8 122.7 115.1 104.5 95.5 91.2 89.9 89.7 102.7 122.9 142.8 162 171.8
3.1 3.2 3.3 3.7 4 4.2 4.9 6.2 8.8 32.6 47.6 51.1 49.1 45.2 40.6 47.2 68.2 78.3 101.4 123 124 135.9 151 162.7 171.2 176.3 178 178.8 185.9 190.2 191.2 185.8 161.5 151.6 143.6 142.3 144.2 146.9 150 151.1 151 151 150.4 149.3 147 148.8 151.5 158.8 168.3 176.9 180.9 192 199.3 205.2 210.3 211 207.4 192.1 188.5 188.7 190.4 199 202.4 183.1 160.9 132 121.5 115.6 104.3 90.4 89.8 88.7 88.9 102.8 126.3 143.3 159.6 168.8
3.4 3.5 3.6 4.8 8.5 5.3 4 5.2 11.3 40.9 46.1 50.7 49.9 45.5 31.9 40.5 57.2 73.7 89.7 96.4 109.2 132.7 145.2 156.4 168 172.2 172.9 181 189.5 190.4 186 168 149.5 140.1 137.6 140.2 139.8 142.4 150.9 150.2 150.7 150.6 147.4 143.9 149.4 150.5 154.7 161.9 170.7 182 187.3 193.4 200.3 206.9 208.9 210.8 203.1 192.9 189.7 191.6 196.1 200.9 197.9 173.6 152.2 127 121.7 114.7 103.7 91.8 89.2 88.6 89.4 101.2 123 135.1 150.9 167.1
3.6 3.7 3.7 3.5 3.9 3.9 3.9 5.2 12.3 36.3 42.4 50.6 47.7 24.9 20.7 36 52.7 65 77.3 84.8 106.4 124.6 134.5 146.8 161.4 164.2 167.4 180.2 187.3 188.7 174.6 148.6 138.7 130.3 131.3 131.7 134.8 131.7 136 136.4 137.6 140 139.5 140.3 149.3 152.8 160.2 166.7 173.2 185.2 190.7 195.7 199.9 203.6 208.1 211.6 202.2 191.7 192.8 195.6 199.8 198.9 183.9 163.1 141.4 124.8 122.3 114.7 100.9 92.8 89.8 88.9 88.9 92.8 104 126.5 137.7 162.2
3.7 3.7 3.6 3.4 3.8 3.8 3.8 5.4 10.8 25.2 31.8 35.5 19.5 8.6 11.2 30.9 44.1 53.9 64.3 76.5 102.3 110 123.5 141.7 153 154.9 164 178.7 177.4 178.1 150.9 134.1 127.2 126 116.6 112.8 115.9 114.4 106.2 109.2 124 133.2 130.5 137.7 146.1 155.9 166 174.3 186.8 196.2 198.8 198.3 199.8 205 208.5 210.2 196.9 190.8 195.8 199.5 200.8 192.7 171.8 151.1 133.5 126.9 124.1 117.3 101 94.7 90.3 88 88.3 88.5 93.5 108.7 121.7 134.7
3.3 3.6 3.2 2.9 2.6 3.7 2.3 2.7 7 15.1 21.2 15.3 5.4 7.7 9.1 22 32.7 38.7 45 58 77.6 86.8 110.5 124.2 137.4 145.9 161.4 166.5 167.3 147.7 129.5 121.2 115.4 107.8 90.3 85.5 83 87.7 89.2 99.7 117.1 121.7 127.6 138.6 152.5 161.6 171.1 180.4 189.8 200.2 199.6 199.7 200.8 204.6 204.3 200.5 183 191.7 199.6 201.8 199.6 182.7 160.6 141.2 130.2 125.3 125.2 120.4 101.7 91.7 89.4 88.4 88.8 88.1 88.8 87.6 103.6 115.3
2.7 2.9 2.1 1.4 1.7 2.8 -1.1 2 2.2 8.8 9.7 4.4 4.5 5 6.6 8.6 13.6 20.8 32.5 46.4 59.2 72 90.2 104.2 125.6 144.7 158 156.5 142.1 121.7 111.9 103.4 99.1 83.4 71.1 68.1 68.8 78.8 89.5 97.8 107.2 124.9 134.1 150.3 159.7 170.9 179.6 186.9 190.7 197.7 200.3 199.4 200.3 197.9 191.6 181 177.4 193.9 201.5 203.6 193.6 172.7 153.8 135.8 130.4 128 126.8 121.8 99.7 90 88.7 88.8 91.8 90.4 88.5 88.9 92.4 102.4
2.2 2.2 -1.1 -1.1 -1.1 -1.1 -1.1 2.5 3.6 3.4 -1.1 4.4 2.7 3.3 3.2 3.4 5.8 9.8 22.9 37.5 49.3 57.2 67.9 80 99.6 138.2 143.7 132.6 114 102.5 95 89.4 83.4 64.9 60.5 66.7 78.4 93.1 102.6 115 123.9 135.3 143.8 151.2 170 178.6 186.7 190.4 189.4 191.1 195.1 194.7 186.3 173.2 170.9 163 177.1 195.6 199.2 198.1 181.1 164 143.8 133.7 129.7 129.4 126.5 114.2 98 90.9 89.7 95 102.3 98 91.5 88.5 88 95
1.8 3.7 -1.1 3.1 2.5 2.1 2.2 2.9 3.8 4.1 3 -1.1 1.9 3.3 3.1 4.1 5.3 7.7 18.5 31.1 41.5 49.2 52.9 62.7 98.3 119.1 118.4 102.5 88.9 86.5 76.2 78.2 68.7 58 59.4 70.4 82.3 95.9 113.3 128.8 138.3 150.5 154.2 158 172.6 181.2 187.1 181.5 181.1 176.2 176.1 165.2 154.3 150.5 146.2 165.4 186.1 195.2 194.9 183.2 174.1 155.6 141.5 134.5 131.6 130 121.7 108.1 96.3 93 94.2 102.1 116.2 107.8 94.6 89.5 88.7 90.3
3.4 3.1 3 3 2.7 2.6 2.4 3.4 3.6 2.5 1.4 1.6 1.9 -1.1 2.4 5.8 5.7 6.4 9.7 22.8 33.4 40.2 43.1 47.2 74.8 91.6 83.7 66.3 59.5 61 61.4 60.4 50.7 52.5 62.8 74.4 86.5 103.3 123.1 138.2 151.3 161.7 165.7 162 155 170.6 163.7 164 158.8 152.8 142.4 133.9 126.5 126.6 145.8 179.6 189 181.1 167 159.3 162.1 147.4 138.7 139.1 136.5 130.1 123.6 109.1 97.9 97.2 98.1 116 121.7 119.4 98.9 91.2 89.1 89.7
2.8 2.5 2.2 2.3 2.8 3.1 3.3 4 2.6 1 1.2 2.8 3.6 4.4 -1.1 6.3 6.1 6 6.7 11.3 18.2 20.4 23.3 35.3 55.8 61.9 44.6 38.8 37.8 47.5 44.4 41.6 52.6 58.9 69.6 80 92.4 102.3 115 139.6 143 155.8 144.3 127.3 123.7 132.1 138 132.1 121.7 118.2 107.5 99.6 105.1 115.5 134.6 144.4 145.4 142.5 133.8 128.2 135.7 139 140.6 141.1 141.1 136.7 126.7 111.3 95.2 91.7 100 115.9 126.3 129.8 103.6 92.2 88.3 89.3
2.3 1.9 1.6 1.3 2.2 3.1 3.6 4 3.1 2 1.1 1.9 2.6 4.1 5.2 5.2 -1.1 3.2 7.4 8 8.6 8.6 17 27.6 35.2 28.8 21.2 21.2 23.7 37 30.9 45.9 55.1 70.7 82.8 88.9 92 91.6 101.6 106.2 107.9 106 104.5 104 100.3 102.9 109.1 100.7 93.1 87.7 80.8 80.2 81.9 88.6 97.8 105 105.7 110.4 108.3 107.3 122 133.3 137.6 133.6 129.4 129.6 122.2 105.8 86.5 91.2 103 116.8 128.4 134.3 121.7 95.1 87.7 88.9
1.8 1.4 1.1 1.1 1.1 2.9 3.8 3.9 4 3.5 2.6 1 2 2.1 2.2 4.9 9.4 -1.1 9.3 9 8.7 8.3 9.7 17.1 13 12.6 11.1 16.3 20 21.9 21.4 23.4 23.3 25.8 36.4 43.7 50.2 50.4 54 62.3 62.4 56.6 65.2 71.7 74 75.7 73.6 70.6 67.5 62.2 58.5 57.4 58 64.2 72.2 76.6 80.5 82.5 84.5 88.8 88.3 97.5 97.8 96.3 88.4 86.3 83.3 77.2 78.1 88.6 106.3 117.1 120.8 118.5 116.6 98.4 84.8 83.9
1.3 1.2 1.2 1.1 1.9 3.6 3.9 4.1 4.2 4.1 5.9 6.6 6.7 10 16.6 22.5 27.8 28.4 21.7 12.9 8.1 8.5 8.2 8.8 9.8 10 10 11.2 18 18.1 19 19.7 25.2 27.5 26.2 22.1 25.4 33.1 42.1 39.8 39.1 42.8 38.2 48.9 47.2 50.3 48.8 49.2 48.2 48.2 48.5 48.8 48.4 48.3 53.6 58.2 58.6 62.8 71.1 77.3 80.4 73.1 68.3 68.5 71.2 75.9 76.8 78.4 75.1 71.2 68.5 76.4 78.7 78 78 78.4 78.8 78.9
2.1 1.6 1.3 1.2 3 3.9 4 4.2 4.4 9.4 18.4 24.9 30.8 33.8 37.6 40.1 39.6 34.1 26.9 18 9.5 8.4 8.5 10.3 11 10.5 10 10.2 17.6 25.6 37.4 51.2 63.5 71.7 63.3 59.2 63.7 69.8 77.9 72.6 61.7 64.5 55.6 43.3 43.4 46.3 51.2 54.3 55.6 59.1 64 69.9 71.1 75.2 77.8 74.8 72.4 66 60.1 59.2 62.8 66.7 78.1 88.3 99.9 112.1 113.1 115.4 112.6 113.9 114.6 113.3 109.8 107.3 106.8 101.1 95 82.7
2.7 2.8 1.8 1.9 4.5 6.3 5.4 7.7 17.3 29.5 38.8 46.6 57.5 67.6 71.7 68.7 64 53.3 45 33.9 21.2 12.2 8.7 10.4 9.9 9.5 12.6 18.6 23.4 33.7 48.8 60.6 72.5 80.4 80.9 86.4 85.4 86.8 87.6 91.3 88.7 73 71.9 71.5 68.1 73.3 84.9 88.7 84.8 92.8 94.6 98.1 105.9 110.1 112.7 103.8 94.7 87.1 85.8 84.9 78.8 81.4 89.9 99.7 119.5 129.6 131.5 138.1 138.6 138.7 145.7 157.4 156.5 146.4 148.6 140.2 125.8 92.6
3.2 3.9 3.1 4.8 10.7 12.6 18.8 31.3 43.2 52.2 62.5 73.6 88.2 92.2 95.4 92.8 82.9 74 67.8 62.5 53.4 39.1 26.1 21.9 21.5 21.8 29.3 41.1 50.3 56.3 55.3 64 71.1 81 84.2 88.8 92.3 94.3 95.5 97.8 94.8 92.2 95.8 92.7 90.7 99.1 112.4 123 116.4 112.7 118 123.3 128.9 134.8 130 122.6 115.7 110.7 112.4 108.6 107.9 98.2 104.4 114.5 131.8 139.3 147.5 148.1 151.6 152.2 155.4 171.5 173 169.5 168.2 163.9 137.1 93.3
2.7 3.6 8.4 15.6 22.5 25.5 42.6 59.3 71.4 80 92.1 104.7 109.7 116.2 115 109 105.5 95.3 85.5 85.5 80.8 72.2 58.4 50.6 47.6 55.1 60.4 64.5 69.3 69.3 77.4 84.3 86.5 88.4 89.8 94.7 101.8 110 110.2 109.6 108.3 116.7 123.2 118.2 112.4 118 127.1 140.1 134.1 133.6 144.4 152 158.1 159.1 154.5 141.2 144 135.5 136.8 126.4 124.3 117 121.6 132.6 145.2 157.2 164.8 163.5 167 163 173.4 182.1 183.2 179.4 179 168.8 136 93.4
7.9 21 34.4 48.1 54.1 53.3 65.1 87 96.2 107.6 114.3 124.7 132.7 136.6 130.7 122.7 122.7 121.6 119.1 115.9 109.1 98.5 87.8 79.8 72.7 73.7 79.6 86.1 88.3 92.3 95.6 98.9 99.9 104.6 112 116.5 126.7 133.5 138.1 137 131.7 135.1 145.8 139.6 138.5 146.6 151.9 157.3 152.7 163.9 178.9 186.1 196.2 186.6 180.5 171.4 169.4 159.5 156.1 145.6 135.7 134.8 137 145.7 154.9 168.5 175.1 170.7 171.9 173.7 181.8 190.7 192.6 187.1 183.9 174.1 140.2 101.3
30.9 52.2 61.1 65.1 75 81 82.9 103.5 117 124 130.9 142.1 151.7 153.2 149.7 149.4 147.6 157.1 157.1 152.4 145.4 134.5 126.4 118.4 111.5 105.3 101.7 101.9 107.5 117.6 122.4 122.5 122.1 131.5 136.9 141 146 157.1 175.2 176.8 175.5 172.2 171.2 162.9 166.1 175.6 183.1 185.6 176.8 192.7 212.7 228.8 224.1 211.5 206 195.1 190.4 184.2 165.8 158.9 145.1 145.8 150.7 161.8 164.2 180 181.9 178.4 183.9 184 197.5 205 202 192.4 189.2 174.5 156.8 118.2
49.3 61.5 69.3 77.1 82.5 83.1 91.1 111.2 121.2 133.6 149.4 160.6 166.2 172.2 174.2 169.3 179 187.5 189.1 188.4 186.5 180.2 162 149.4 145.3 139.6 136.6 134.8 139.5 149 148.1 143.9 148.3 154.4 156.5 166.3 171.9 185.2 194.8 199.6 201.8 201.2 194.8 191.7 206.7 217.1 220.6 216.8 208.3 225.8 249.5 259.8 248.8 243.3 233.6 227 214.8 198.5 175.9 164.2 160.6 157.6 161 175.1 179 185 191 191 192 198.8 208.6 212.4 206.2 199.3 194.7 184.6 163.1 128.8
69.2 79 83.1 87.1 99.1 103.4 122 130.8 136.4 158.1 172.1 174.6 181.1 185.6 179.9 181.6 194.5 199.8 201.9 205.3 206 201.8 195.6 184.9 171.1 160.8 156 157.5 167.2 178.2 167.5 164 172.7 174.4 173.8 180.6 187 200.9 205.9 208.8 210.3 214.3 209.2 223.6 237.3 253.4 255.3 245.6 242.8 257 277.7 279.9 268.6 261.9 254.7 244.5 227.9 206.5 187.9 175.2 176.3 174.3 178 187 183.2 190.9 197.2 200.9 200.1 208.1 215.2 217.3 211.3 206.2 199.5 188.6 163.8 129
82.5 91.1 92.1 101.6 116.1 130.1 140.3 143.2 158 177.6 185 185.7 191.9 195.4 192.5 197.8 208.4 212.1 216.1 221.2 225.3 224.9 213.1 220 205 188.4 182.1 185.4 189.1 192.5 186.9 189.5 192.5 190.1 193.6 197.5 206.2 214 217 219 220.1 222 224.8 240.6 257.9 278.4 290.6 277.2 281.1 286 301.7 294.5 279.5 270.4 260.2 251.7 231.7 211.7 200.5 192.4 192.7 191.1 196.7 200.7 192.6 196.4 203.2 207.6 207.3 214.6 220.7 222.4 215.7 212.1 203.2 186.1 156.2 121.2
96.9 101.4 105.9 129.4 141.6 149.3 153.2 155.3 176.5 187.8 191.7 195.4 204.4 203.6 203.1 211.8 224.3 225.1 234 236.3 236.1 237.2 229.9 242 237.7 218.5 215 217.6 218.6 210 203 203.8 203.9 204.6 210.4 215.2 223.9 227.4 228.9 230 229.9 231.8 234.4 253.8 274.9 293.5 300.9 301.2 304.6 308.9 314.6 296 280.3 277.6 270.6 255.5 234.7 222.3 215.9 208.3 205.6 204 207.5 209.3 198.2 204.8 209 212.6 214.1 221.1 227.5 228.5 221 214.5 195.6 173.2 142.4 112.7
115.8 123.2 128.4 147.3 156.3 158.2 160.3 164.7 186.1 195.4 200.9 205 210.4 209.3 209 228.1 240.5 242.5 251 252.8 259.6 258.6 244.7 251.2 248 232.6 226.1 230.1 227 216.4 211.8 215.8 215.6 218.6 226.2 231.1 238.3 240.3 239.3 240.8 241.8 241.8 252.2 275.1 288.6 298 299.6 303.8 310.4 317.1 314.1 298.6 291.9 283.2 277.1 255.3 243.4 235 232.7 221.8 217.9 215.6 217.9 216 208.6 211.6 215.2 219.4 221.5 227.2 229.8 231.8 217 199.2 168.1 139 117.6 110.4
137 140.4 145.8 160.5 163.9 164.6 166.9 179.1 193.1 202.1 208.3 211.5 211.1 213.7 220.5 242.9 252.6 255 261.9 267 274.5 273.6 262.9 257 248 231.5 231.3 231.7 228.6 223.5 223.4 224.8 226.7 234.9 237.4 245.3 250.6 249.5 250.1 247 249 250.9 267.8 282 289.1 291.9 298.3 309.5 314.5 315.1 309.5 301.6 296.5 289.9 279.3 260.3 251.7 249.9 245.8 237.8 228.5 226 228.9 221.7 220.1 222.2 225.8 227.3 229 231.7 232.3 233 209.1 174.4 143.1 118.7 132.6 124
154.5 151.4 159.7 166.3 167.7 167.2 171.6 186.8 195.9 202.9 209.7 210.6 213.9 219.5 237.2 251.2 255.7 262.6 269.9 277.4 279.6 275.3 267.2 262 243.2 239.7 240.6 237.6 232.5 231 234.1 236 238.8 246.6 249.8 255.8 258.5 258.4 256.3 255.5 259.7 264.4 281.1 290.5 295.2 294.8 299.6 311.6 318.2 318.8 311.5 304.4 299.6 294.6 278.8 265.7 260.5 261.8 258.7 253.3 244.2 237.7 235.1 231.4 230.2 233.1 235.7 234.4 236 236.5 234.2 215.6 185.9 150.3 129 142.2 165.3 134.2
164.3 165.2 176.7 177.5 170.3 170.3 179.8 191.5 198.7 204.8 210.7 208.6 210.5 223.4 241.1 249.4 251.5 260.2 271.2 273.8 277.6 275.3 256.5 249 249.4 248.5 240.5 239 240.4 239.3 243.3 246.6 254.7 255.2 258 261.2 261 259.5 259.6 262.2 265.7 275.2 291.6 301.8 305.6 300.8 306.3 318.1 329.7 326.4 317.3 307.9 302.1 296.6 279.8 274.6 271.6 271.6 269.8 267.5 253.8 249.2 242.6 239.5 240.3 242.8 244.1 241.5 242.8 240 234.2 203.6 162.4 137.9 156.2 181.6 183.9 144
169.3 187.3 191.3 180.5 171.1 171.7 182.2 190.9 196.9 201.6 205.7 200.9 211.7 225 240.2 248.8 253.2 264 265.7 270.8 268.1 250.5 243.4 239.7 245.5 244 240.8 244.7 246.4 247 251.2 258 261.4 262.5 263.7 261.9 261.5 262 263.8 268.5 273.6 290.8 302.2 311.6 309.1 310.9 315.4 330.5 339.2 331.9 321.2 314.5 306.7 297.4 283.6 282.6 280.4 280.5 280.9 269.6 262.9 255 250 248.6 248.5 250.8 251.6 249 247.2 242 218.5 184.8 151.4 164.4 191.3 206.2 188.2 154
177.2 190.6 186.9 174 167.8 167.4 177.2 182.6 191.5 199.6 199.3 201 208.6 227.5 238.6 242 246.6 249.2 252.3 248.3 230.2 229.9 228.7 225.7 240.4 239.6 246.6 250.8 250.8 251.7 257 260.8 264.3 266.9 266.9 261.9 262.3 264.2 267.8 273.7 283.9 304.7 314.7 316.3 316.5 318.5 326.6 346.4 341.4 332.5 322.3 318 308.2 297.4 288.3 289.4 285.9 290.5 285.7 275.9 269.9 261 259.6 258.2 257.4 257.9 259.3 255.4 250.7 236.7 195.7 181.3 186.1 205.3 222.4 221.1 199 168.4
180.3 191 170.3 154.9 149.3 162.3 173.4 181.9 191.2 200.2 191.6 198.7 210.7 224.9 225.9 231.9 233.1 230.6 231.7 210.8 208.7 210.7 209.7 224.6 227.2 239.2 246.9 249.7 250.4 254.5 260.1 260.7 263.5 266.9 269.4 262.7 261.3 265.1 271.6 277.7 298.7 310.1 316.1 318.3 320.5 325 336.7 348.9 338 330 316.9 315.5 310.6 299.2 293.5 292.5 292.1 292.8 290.3 282.8 276.3 269.3 268.1 266.6 265.5 267.5 268 264.6 252.8 218.2 203.4 215 226.9 234.2 231.7 230.4 211.8 180.6
179.5 174.7 158.2 139 152.7 164.1 178.5 184 188.3 183.1 185.8 192.2 205.6 214.1 213.6 218.8 214 214.5 192.7 186.7 198.2 199.6 200 213.2 215.9 238.6 241.8 240.6 241.8 255.4 259.2 259.5 259.1 264.1 262.3 254.3 259.7 267 273 283.4 302.6 312.7 313.6 317.4 322.8 330.3 336 336.6 327.3 319.2 312.9 309.4 302.9 299.9 298.4 296.9 298.5 298.7 294.8 290.2 287 279.5 278.6 274.6 274.7 278.4 277.9 273.8 244.2 222.4 235.7 245.1 249.8 241.9 235.3 229.5 212.2 184.6
168.7 151.4 140 135.8 151.7 163.9 170.7 178.6 178.4 168.8 176.1 188.5 192.7 196.6 201.1 195.2 202.9 190.2 176 185.9 193.6 187.3 189.8 200.8 218.1 233.5 233 229.2 237.4 245.7 251.7 251.5 251.7 249.2 241.9 246.1 257.5 268.2 275.6 293.8 306.8 311.4 309.7 314.1 320.1 329.9 331.2 316.1 315.2 309 307.8 304.1 299.5 300.5 299 298.4 299.6 301 299.9 297.5 291.2 289.2 286.8 284.2 287.4 286.8 286.7 277.5 239.5 236.2 249 254.7 251 242.3 235.8 227.8 208.2 180.9
144 131.8 123 131.4 147.3 155 160.3 163.8 152.6 158.4 171.6 179.6 179.3 183.4 184.4 190.8 179.8 162.1 168.4 181.5 187.4 179.7 188.2 200.2 216.4 226.3 217 224.5 233.4 236.6 239.3 238.2 236.2 234.5 237.2 246.5 256.1 264.8 273.2 288.4 292.3 291 300.2 307.8 317.7 326.9 321.6 305.6 299.2 299.5 302.7 301.1 299.2 299.1 298.3 297.9 298.9 300.4 301.3 301.7 298.5 298 296.7 296.9 294.4 295.3 291.7 272.1 237.2 242.3 254.4 258.2 251.3 244.5 237.9 228 209.5 183
