webserver/python/data/SN80.asc
ncols 200
nrows 200
xllcorner 280000
yllcorner 200000
cellsize 50
[rows 70 to 104 of 200, columns 80 to 159 of 200]
436.5 436.2 435.4 433.5 430.3 427.1 423.6 419.4 390.6 344.7 329 325 312.8 282.8 286.2 286.9 279.3 268.9 254.7 259.9 265.2 269.2 272.9 272.9 272.3 269.9 266.3 263.3 259.7 256.3 247.8 238.6 231 223.9 215.1 200.5 192.9 182.2 178.6 178.7 175 165.9 156.2 148.7 137.4 120.6 115.7 115.3 103.4 90.2 87.4 91.2 85.9 81.2 75.3 67.3 62.4 60.2 58.2 57.8 56 54.1 52.5 50.7 50.9 52.5 54.6 54.5 53.9 53.2 52.6 53.2 53.1 53.3 53.6 54 54.2 54.7 55.2 55.7
433.4 431.4 431.4 431.4 428.4 426.6 423.2 419.7 379.6 335.4 319.5 314 304 277.2 271 269.1 266.2 259.8 250.1 254.1 259.3 261.5 263.4 263 262.1 259.3 254.9 251.3 248.6 245 236.7 227.8 221.2 214.4 205.6 198.8 191 181.4 169.1 168.3 164.4 154.7 147.3 141.7 129.6 115.1 113.3 107.2 97.8 86.6 79.1 82.2 75.5 72.1 69 62.9 59.9 57.9 55.9 53.9 52.4 50.7 48.9 49.1 50.5 53 52.7 52.4 52.2 51.9 51.8 52.6 53 53.1 53.4 53.9 54.3 54.6 55.1 55.5
428.6 427.9 427.5 427.5 426.5 423.5 419.4 408.4 370.4 327.4 308.9 301.1 290.6 277.2 265.1 258.5 256.8 255.3 237 249.5 252.3 254 256.1 254.7 252.1 248.9 244.8 241.5 237.1 233.9 226.4 219.3 213.3 206.9 200.3 195.4 192.6 175.7 167.3 154.9 147.1 141.2 138.8 133.4 121.6 114 109.1 103 94.1 84.3 78.8 70.4 68.8 66.9 63.1 59.2 58 56.7 54.8 52.9 50.6 48.8 48.8 48.8 51.2 50.9 51 51 51 51.2 51.3 52 52.8 53.1 53.2 53.6 53.8 54.1 54.7 55.3
426.7 426.2 425 424.5 424 418.5 410.7 397.5 349.9 326.7 307.1 295.1 275.4 269.6 263.2 243 245.2 243.8 227 243.7 241 244.8 248.9 248.8 246.7 241.4 236.8 233.4 230.6 226.4 219.1 212.7 208.3 201.6 194.4 189.7 186.4 175.8 159.4 149.1 141.1 136.9 129.2 127.8 120.8 111.2 103.8 98.2 89.6 82.9 78.7 72.7 68.5 64.1 59.6 57.2 56.3 55 53.6 52 50.1 49.5 49.3 48.8 50.7 50.6 50.6 50.6 50.6 51.3 51.1 52.5 52.8 53 53.2 53.3 53.8 54.3 56.4 60
424.7 424.4 422.9 422 418.6 411.7 398.3 370.4 342.8 316.4 296 281.9 270.9 264.2 255.9 243.4 229.3 223.4 216.9 234.4 238.1 240.1 242 243.2 240.6 234.8 228.4 226.5 223.5 218.8 213 208.2 203.5 189.6 182.8 179.4 176.6 165.5 153.7 145.2 140.9 135.7 130.5 125.8 118.8 109.2 97.9 90.9 83.9 79 74.7 71.1 62.8 60.8 57 55.5 54.5 53.3 51.9 50.3 50.7 50.2 48.8 48.9 49.8 50.7 50.3 50.2 50.1 50.6 52.8 51.4 52.3 53.5 57.7 59.4 58.7 54.4 54.4 61.3
421.4 422.4 421 417.2 411.9 392 374.3 346.3 320.9 298.3 283.1 269.2 263.2 257.7 250.8 240.2 231.1 219 210.4 226.8 233.7 235 236.5 240 233.9 226.1 218.5 213.7 216 213.9 209.6 204.2 197.8 188.6 180.6 170 163 154.6 145.3 139.5 138.2 135.7 132.6 125.8 114.3 103.4 91.3 86.4 79.6 74.8 70.7 66.3 58.2 56.2 54.8 53.2 52.1 51.9 49.9 49.9 51 48.8 48.9 49 49.1 50.5 50.6 50.1 53.2 54.4 54.8 56.3 58.2 53.6 53.7 53.8 54 54.2 54.2 54.8
418.7 419.2 417.3 413.3 393.9 364.4 345.7 324.9 302 279.9 268.5 256.8 250.8 244.8 238.4 231.5 228.1 213.3 204 223.4 231.6 232 232.4 236.8 226.4 212.8 204.9 202.4 206.4 206.8 204 198.9 190.3 179.6 168 156.2 148.9 141 134.3 134.3 135.5 134.7 133.8 122 110.9 99.4 86.4 82 75.7 71.1 64.7 58.4 50.9 50.4 52.4 51.3 51.1 50.9 48.9 49.2 49.5 48.8 48.9 49 49.2 49.9 50.8 52.8 52.2 52.2 52 52.6 52.6 52.7 52.8 52.9 48.6 51.6 54.5 56.9
415.7 413.7 411.7 404.3 374.4 351.7 327.2 304.2 282.7 266.1 255.7 246.8 234.5 230.7 227.3 225.1 219.5 203.3 201.6 218.6 225.8 228.5 228.8 226.1 212.6 202.2 195 189.7 195.2 198.7 196 190.9 181.9 170.5 159.3 146 141.2 131.1 125.4 127.3 130.2 130.3 125 117.5 106.8 96.2 82.7 78.5 72.9 68.7 61.6 50.1 48 48.5 50 50.1 50.5 50.1 48.9 48.8 49.1 49.1 48.8 49.1 49.2 51.4 50.5 50.7 51.4 51.8 52 52.9 51.7 52 48.2 51.6 59.8 56 64.9 73.2
410.7 408.2 405.7 390.8 356.3 332.1 302.6 281.7 265.8 256.8 243.5 233 221.9 217.3 217.8 214.6 207.7 191.1 204.1 215.4 221 224.3 222.4 217.2 208 197.4 189.4 185.1 185.7 188.6 187.7 181.4 172.5 161.3 151.2 134.7 126.1 123.2 118.9 117.8 120.4 121.5 115 109.1 99.5 89.2 78.7 74.8 67.6 58.4 52.8 48.2 46.7 46.8 48.1 49.6 49.5 49.6 48.8 48.5 48.5 48.4 48.6 48.7 49.8 51.1 50.8 50.7 50.7 51.3 51.3 51.8 51.6 47.5 54.8 59.6 67.7 73.9 77.9 88.6
405.9 401.7 393.2 364.9 336.2 310.5 287.6 266.7 255 244.8 230.9 221.7 215 205.3 203.9 200.8 196.1 191 204.7 210.4 215.9 218.7 215.1 209.3 202.6 196.1 186.7 181.2 178.1 179.6 176.4 172.6 164.3 154.8 147.1 135.8 126.6 118.6 113.8 110.2 111.1 108.5 104.5 99.3 90.2 82.8 67.4 72.4 62.8 51.6 50 46.9 46 45.8 47.6 49.1 48.7 48.6 48.5 48.1 47.9 48.2 48.2 48.2 49.3 50.6 50.9 50.8 50.8 50.8 50.9 51.1 47.5 58.2 60.8 74.9 88.8 93.3 94.7 79.2
396.9 390.7 371.2 342.4 317.8 295.8 272.6 257.7 243.3 233.1 222.9 215.2 208.1 196.5 192.4 191.4 187.8 198.1 204.9 207.8 209.5 211.3 207.6 201.7 194.7 190.2 183.9 177.2 173.8 173.6 168.8 164.1 157.2 149.3 140.3 130.8 121.8 116.5 111.6 105.4 100.1 95.6 92.8 88.5 84.4 86.8 69.6 66.6 54.4 48.6 47.2 46.4 45.9 45.9 47 48.5 48.3 47.9 47.7 48 48.1 48.3 48.2 48.2 48.7 49.7 51 50.8 50.6 50.5 50.2 47.1 58.1 65.3 79.3 93.3 98.6 104 106.3 98.4
385.9 376.2 351.3 324 302.8 282.1 261 247.8 235.7 226 220.1 207.8 199.4 188.4 181.3 174.8 183.4 196.9 202.9 205.4 207.4 205.1 199.9 191.8 187.1 184.2 179.3 171.5 163 167.3 162.6 158.2 150.2 141.7 134.2 125.8 118.1 114.1 108.1 101.6 97.2 92.8 86.1 84.7 83.2 79.7 68.9 60.1 48.2 47 46.7 46 45.9 46 46.8 47.9 47.9 47.6 48 47.8 47.9 48.2 48.3 48.3 48.7 49.4 50.3 50.3 50.1 50.2 52.4 61.1 68.9 83.8 97.8 101.9 105.6 110.5 112.7 114.9
373.5 363.8 340.2 313.2 286.2 266 254 238 227.3 219.5 210 198.6 188.6 179 159.3 176.6 186.8 190.6 196 200.4 203.2 196.5 189.8 181.6 180.6 177.5 171.8 166 159 159.6 156.4 150.1 142.7 131.9 124.5 116 114.6 110.2 101.8 96.9 92.8 88.2 81.2 80.1 76.6 64.2 55.7 53.5 50.5 44.4 45 45.6 45.9 46.4 46.7 46.9 47.7 47.8 48.1 47.7 47.8 48 48.3 48.3 48.6 49 49.3 49.6 46.1 58.1 64.3 77.5 85.8 98.4 106 109.9 113.5 117.1 120.8 123.9
357.1 347.9 327.8 301.7 276.4 255.8 244.9 232.7 219.3 210.7 199.7 188 178.7 171.8 159.5 178.9 181.8 185.4 189.3 193.8 195.2 188.5 182.5 170.3 172.4 169.5 165.4 162 159.9 152.8 142.5 139.8 130.1 121.9 115.7 107.9 104.8 101.2 97.6 92.3 87.6 83.7 81.3 76.6 64 50.2 46.6 46.5 47.2 47 46.8 46.5 46.4 46.4 46.5 47.4 47.9 48.4 48.3 47.9 47.6 47.8 48.1 47.9 44.6 44.8 52.9 58.4 63.5 78 89.5 98.6 104.4 109.4 113.9 118.4 122.4 126.3 130 131
341.2 336.5 314.6 289.1 265.1 249.4 236.8 217.9 208.5 198.8 188.2 179.4 173.9 166.9 158.7 174.6 180.4 184.5 187.2 189.7 187 181.1 174.6 170.6 164.5 161.1 158.8 156.7 154.3 149.7 133.4 128.2 122.8 116.1 109.1 103.5 100.1 95.1 92.7 87.8 82.3 79.1 77.4 67.1 51.2 47.5 46.7 46.7 46.7 46.6 45.2 45.7 46.6 46.6 46.5 48.8 46.7 48.8 48.4 48 47.6 45.9 45.2 50.7 56.7 57.2 63.3 81.8 90.3 93.1 98.4 105 110.6 115.7 121.7 126 130.4 132.9 134.6 135.8
329.7 321.9 307 275.5 257.5 247.4 234.7 215.8 203.5 188.2 183.1 175.6 168.4 159.8 158.8 174.4 179.4 182.3 184.8 184.7 178.2 172.2 166.5 163.3 155.4 155.1 152.9 150 146.3 139.2 130.2 118.9 114.7 108.2 104.1 98.7 95.4 91.5 87.4 82.2 77.1 73.2 69.4 53 44.5 49.4 46.6 45 39.8 45.7 47.7 43.3 41.2 46.2 47.2 49.5 47.3 47.3 48.5 47.9 43.6 48.7 55.7 58.9 66.8 74.2 83 88.9 93.1 97.6 103.1 109.7 115.6 121.5 127.2 132.2 136.1 138.4 139.7 140.3
320.4 314.3 298.3 268.9 255.7 247.3 231.9 213.9 198.9 186.7 180.3 171.2 163.4 147.9 158.5 173.3 175.9 178.6 181 177.2 171 162.9 158.4 152.8 151.3 148.8 146 141.6 136.2 128.7 121 115.9 101.3 101.4 97.3 93.2 91 85.8 78.9 71.8 68.2 64.6 56.3 42.6 46.8 48.8 41.8 40.6 47.6 47.9 47.8 47.7 47.6 41.6 41.8 47.4 47.7 46.8 47 43.1 54.6 55.3 62.4 65.6 70.9 77.6 87.5 94.7 97.1 102.2 108.5 115.2 120.5 126.7 132.8 137.7 141.4 144.7 146 147.3
313.4 306.5 287.5 261.1 248.4 237.8 224.3 208.5 194.6 183 176.6 162.8 153.6 136.8 155.8 167.2 171.8 173.6 172.9 171.1 163.1 152.7 149.9 147.3 143.3 138.7 134.6 130 126 120.5 113.2 107.4 99.8 88.4 90.9 89.3 86.4 80.3 74.5 63.9 58.6 52.9 44.3 42.7 46.8 46.4 39.7 46.7 47.7 47.9 47.6 47.4 47.5 48.6 49.2 49.3 42.4 42.2 51.4 53.6 50.4 59.1 64.1 69.6 75.2 83.9 98.4 100.1 101.5 106.9 113.7 119.4 125.4 131.7 138.3 142.5 146.4 150.2 151.7 152.8
295.7 296.1 282.2 259.3 244.2 230 213.8 199.7 184.6 174.9 168.7 161 150.9 123.3 155.7 161.9 164.7 165.6 165.4 165.5 156.1 145.1 143.1 139.5 134.1 127.5 122.8 118.8 114.9 109.5 102.4 98.7 93.1 83.3 82 81.2 78.6 73.5 67.8 56 48.6 44.3 43.7 44.3 47 41.2 40.9 43.5 47.6 47.7 47.5 47 47.8 49 49.8 49.3 51.4 52.4 53.4 59.1 60.1 62.2 67.4 73.5 84.2 86 96.5 100.4 103.7 108 115.6 122.4 128.4 135.2 142.4 147.3 151.8 154.5 156 157.7
281.3 287.5 276.5 260.3 247.9 232.2 214.8 198.6 180.7 169.3 163.7 155.1 145 116.6 148.7 150.5 153.8 156.7 155.4 156.9 147.2 138.5 135.8 131.5 123.7 117.8 112.6 108.6 104.6 99.8 94 92.9 89.2 83.9 78.5 67.7 69.3 63 56.2 45.8 43.6 44.2 46.7 47.4 46.5 38.4 42.4 43.6 45.4 43.5 47.6 46.7 48.2 49.3 50.4 51 53.7 53.6 55.5 59.4 63.1 65.5 69.1 81 85.2 90.2 102.5 103.5 105.5 108.4 120.2 125.6 131.4 138 145.7 151 155.4 159 160.5 163.1
271.8 280.9 279.7 274.5 257 237.6 214.3 197.4 181.4 165.2 158 149.1 131.6 107.6 131.3 140.2 142.9 143.9 143.1 139.1 134.3 129.1 124.3 120 115.6 109 102.8 97.8 93.9 89.7 85.3 81.7 78 75.2 74.8 65.3 54.8 51.4 45.8 41.8 41.9 45 47.7 47.1 42.9 39.2 41.7 42.7 42.6 42.8 47 47 48.7 49.3 49.3 50.3 52.1 53.6 57.7 61.8 65.5 70.4 74.8 80.2 86.1 92.4 98.2 104 106.2 115 121.9 127.8 134.2 140.7 147.8 153.2 157.6 161.3 164.8 167.1
266.7 281.4 286.6 282 264.9 242.3 220.2 199.5 179.8 164 152.3 145.4 132.9 99.7 117.9 129.3 131.1 130.9 130.5 126.5 122.5 118.6 114.4 110.7 105.6 101 94.5 87.3 83.9 81.9 78.1 72.7 69 64.5 60.7 56.3 49.5 45.5 42.5 40.5 41.4 46.2 48 44.2 37.4 40.7 41 42.5 42.7 44.8 47.3 48.1 47.9 49.9 50.2 50.8 51.3 52.6 59.8 64.3 70 75.2 79.6 85.1 90.2 96.5 102.8 107.5 111.9 118.2 123.4 129.8 135.6 140.9 147.1 152.4 157.8 162 165.6 169
261.3 279.4 289.3 287.1 270.1 248.8 223.6 201 179 161.4 148.9 139.3 127.4 90.5 109.4 121.9 121.2 121.2 120 116 112.3 109.5 105.8 101.9 97.1 90.6 84.9 79.1 75.4 74.2 70 64.1 59.7 55.2 51.1 43.7 42 41.4 39.8 39.1 42.7 46.1 46.6 38.4 40.6 40.5 40.5 42.3 45.4 46.8 48 49 49.9 50.7 51.3 51.4 52.2 53.7 56.5 63.6 70.4 70.7 71.9 74 83.7 93.4 101 101.3 110 117.5 123.3 130 135.3 140.6 146.1 151.5 156.9 162.4 166.3 169.7
257.4 270.2 281.8 279.4 272.3 252.8 232.2 203.3 176.9 156.5 147.4 134 108.8 85.9 100.8 111.5 112.9 112.6 109.8 106.7 104.4 101.6 98.2 94.6 87.6 81.3 77 72.9 67.1 64.1 59.8 55 50.5 46.1 41.2 39.5 39 38.4 38.7 38.6 44.2 44.5 39.3 38.3 39.8 40.8 44.2 45.2 42.4 47.2 48.9 49.8 50.8 51.2 52.3 53.3 54.8 55.4 57.4 61.2 65 69 71.4 74.9 78.3 81.7 91.7 102.9 111.7 120.8 127.6 130.3 137.4 144.4 147.5 151.9 156.5 161.5 167 171.4
254.3 259.1 263.7 262.1 259.5 250.9 232.2 205.9 186.2 168.3 147.5 134.4 116.9 80 80.4 89.5 97.2 102.7 98.5 95.3 93.2 92 88.1 83.5 77.9 71.8 66.7 64.5 58 54 50.5 45.5 41.5 38.5 38.8 38.8 38.7 38.1 37.8 44 44.3 40.6 36.3 39.3 40.6 44.3 43.8 40.7 41.6 47.5 49.5 50.7 51.4 52.2 54 54.6 56.7 57.7 59.6 64.5 76.7 81.6 82.3 88.7 92.8 84.8 97.8 107.1 114.3 122.1 128.2 133 138.2 143.4 150.3 154.5 158.8 163.4 168 172.6
244.8 249.6 251.7 252.7 250 244.7 233.1 214.3 197.7 173.4 148.2 135.5 120.1 103.2 72.3 64.6 77.9 86.3 85.9 82.9 79.4 79.1 76.1 67.5 57.8 54.9 52.2 49.6 46.8 43.7 41.8 39.3 38.6 37.6 38 37.7 37.9 37.7 40.1 43.7 40.7 36.2 39.4 44.1 43.6 40 40 42.3 46.2 47.5 49.9 51.6 52.6 53.9 55.7 55.1 57.4 61.6 67.6 74.7 81.5 82.1 84.9 94.1 100.5 98.5 94.3 109.2 117.1 123.4 130.8 137.6 143.3 148.4 152.3 156.6 161.2 165.7 170 172.7
231.4 238.7 242.5 244.8 244.6 240.5 233.4 221.9 201.1 175.6 155.2 137.5 124 112.2 100.8 61.6 63.6 75 75.3 73 68.8 67.6 60.7 50.3 40 41.1 39 38.7 39.1 38.3 38.6 37.4 37.2 37 37.2 37.5 36.4 37.8 39.3 39.6 36.2 41.6 43.3 37.9 38.7 39.1 40.1 44.9 46 47.4 49.6 52 53.8 55.5 57.3 58 58.4 64.2 73.2 85.6 82 82.2 90.8 102.8 108 109.3 104.6 104.2 116.8 125 132.4 139.4 145.7 150.1 154 158.4 163.8 169.8 173.5 172.5
220.1 226.4 232.4 235.9 238 235.5 227.9 212.1 191.5 171.1 154.1 139.8 122.4 113.7 99 82.8 59 62.3 66.6 63.4 59 52.9 43.7 39.4 37.6 35.4 35.7 35.3 35.5 36 36.4 36.7 36.4 36.4 36.6 36.9 36.8 37.5 38.2 39.5 42.4 39.1 38.2 38.4 38.7 39 43.1 44.6 46.7 49.2 49.4 51.7 53.5 56.4 59.1 60.7 61.3 62.1 66.2 83.7 96.3 98.7 102.9 107.2 111.3 113.5 114.2 116.3 113.3 122.4 131 138.7 142.9 147.4 150.8 155.4 163.6 173.1 179.3 184.9
209.7 218 223.3 227.7 230.3 225.8 214.8 199.5 181.6 164.9 150.8 136.7 120.3 107.3 91.7 82 68.4 58.9 56.6 54 45.9 41.8 38.1 36.1 35.5 34.7 34.5 34.4 34.7 34.9 35.6 36.4 36.2 36.2 36.4 36.3 37 37.7 41.8 41 40.5 38.1 37.9 38.2 39.7 39.6 42.8 45.7 49.4 51.6 50 51.9 55.5 63.9 71.9 70.9 71.9 67.4 64.5 66.9 92.5 102.1 106.2 110.4 113.7 116.1 118.1 122.4 121.8 122.1 127.6 130.4 140 147.9 153.4 158.7 165.8 175.4 182.1 187.8
200.3 208.8 214.3 218.7 218.1 209.4 197.1 184.8 170.6 158 146.1 131.9 117 97.3 85.5 75 63.6 53.5 45.2 44.3 42.3 39.6 37.4 35.5 34.8 34.3 34.1 34.6 34.8 34.8 35 35.9 36 36.1 36.1 36.9 39.6 41.7 38.1 36.6 40.6 37.6 37.6 41.3 45.6 42 42.1 47.3 52.1 52.9 59.5 63.9 73.6 75.9 76.3 79 86 81.7 73.2 66.6 82.3 102.4 106.9 111.1 114.8 118.4 121.2 124 127.2 131.2 131.9 140.8 146.8 151.5 155.5 168.7 170.3 178.3 185.2 190.4
191.9 198.7 204.9 206.2 200.1 191.8 180.6 169.3 159.2 147.5 136.3 122.4 108.6 88.7 77.4 66.7 55.9 47 43.7 43.1 41.3 38.2 36.4 35.1 34.2 34 33.9 34.8 34.7 34.7 34.8 35.3 35.7 36 36.4 40.9 37.7 37.2 37.7 35.2 39.6 37.6 38.2 40.9 46.7 50.8 47.8 51.6 56.5 63.8 69.2 73.8 78.1 81.1 83.9 88.8 93.9 96.6 86.3 71.4 71.3 83.7 102 109.6 116 119.4 122.8 125.4 129.1 132.7 137.2 143.1 149.6 154.9 167.9 166.9 174.1 180.2 186.5 193
183.7 187.8 193.8 192.2 183.9 176.9 164.9 155.4 147.7 137.3 124.2 111.1 98.4 81.7 69.1 57.9 47.9 42.5 40.8 40 38.6 37 35.6 34.2 34 33.9 33.8 34.1 35 34.9 34.7 35.7 35.5 40.7 39.5 36 36.7 37.4 34.8 37.1 40 43.3 41.6 43.2 47.7 48.4 53.1 60.2 66.3 73 80 81.8 84.4 87.7 91.3 94.4 97.5 101.2 101.3 90.9 79.7 70 74.5 89.3 111.4 119.6 122.9 125.8 129.2 133.8 138.5 143.9 149.8 161.3 172.1 173.3 173.6 180.4 187.6 195.5
170.8 174.3 176.2 176.3 169.9 161 153.3 146.3 138.9 127.1 112.7 98.5 85.5 73.1 61.2 50.1 42.1 38.6 39.1 38.4 37.6 36.2 34.8 33.4 33.5 33.8 33.7 33.7 34.1 35.3 35.2 38.1 39.7 35 35.5 36.1 36.7 37.6 38.3 37.4 42.8 41.3 43.1 46.4 48.8 54.6 62.9 69.4 74.7 83.5 88.1 89 91.4 95.6 97.8 100.5 104.1 107.5 108.1 107.4 106.5 103.4 92.8 80.4 93.5 110.1 122.6 124.7 127 134.5 139.3 145.2 150 163.6 173.1 170.8 173.8 180.5 187.6 195.8
158.5 162 164.3 162.4 158.1 149 144.1 136.1 128.7 117.3 98.7 84.7 75.3 63.8 51.7 42.4 38.3 37.7 37.4 37.5 37.2 35.3 34 32.6 33 33.5 33.6 33.6 33 34.7 38.8 34.6 34.6 34.7 35.2 35.9 36.8 34.4 37.4 38.3 42.4 42.1 45 47.5 57.2 67.2 72.6 78.3 84.2 90.7 94.1 99.6 105.2 110.2 111.1 110.7 114.6 117.6 117.3 119.9 118.5 117.8 115.7 95.4 84.5 90.1 105.8 115.3 111.7 121.7 136.5 144.2 147.7 162.4 172.8 168.6 171.3 176.9 187.2 195.6
143.7 150.1 152.5 149.5 145.3 136.6 130.9 121 110.6 97.2 81.7 72 60.6 48.5 40.9 35.8 35.8 36.1 35.8 35.7 35.3 34.4 33 32.3 32.8 33.1 33.1 33.4 37.8 36.1 34.1 34.4 34.5 34.6 34.7 35.4 36.5 34.6 37.2 37.8 40.6 43.9 48.3 59.6 70.5 76.5 79.7 87.2 93.3 98.2 104.6 112.3 120.3 124.2 127.3 129.4 133.2 135.7 134.5 130.8 128.7 127.6 124.7 117.8 99.5 93.5 89.3 92.1 97.1 111.6 125.1 142.8 145.4 158.1 158 159.5 166.4 176.8 186 194.5
