webserver/python/data/SN82.asc
ncols 200
nrows 200
xllcorner 280000
yllcorner 220000
cellsize 50
[rows 70 to 104 of 200, columns 78 to 155 of 200]
356.2 355.6 353.8 351.5 349.9 348.4 347.8 345 341.2 339.3 338.9 338.2 335.7 329.5 324.3 320.6 315.3 311.4 307.7 304.2 302.1 297.7 293.5 290.8 289.8 291.5 291.2 288.3 284 279.3 275.1 270.8 261.4 259.4 259.6 259.9 260 266.7 269.4 275.3 282.3 287.9 292.1 295.8 299.3 303.3 310.1 316.8 323.8 329.1 333.5 329.2 327.1 320.3 311.8 323.7 331 336.5 338.9 338.6 337.2 336.5 336.4 333.1 334.8 338.6 340.5 342.9 345.6 350.2 353.8 357.7 362.3 363.9 363.2 362.2 362 362.4
358.1 357.2 355.4 354 352.9 351.5 349.8 348.7 344.2 340.5 336.2 334 332.5 327.7 324.7 319.5 314.1 309.5 305.8 303.4 301.6 298.3 291.9 287.8 287.2 287.4 286.3 284.5 280.4 275.3 272.3 266.2 259.2 258.9 260 260.8 262.7 265.1 269.3 274.8 282.1 288.5 293.5 297.7 301.7 304.6 309.8 317.1 326.5 333.5 335.2 330.9 328.3 321.3 314 327.5 334.4 340.3 343.6 344.4 344.8 342.9 341.5 338.9 338 339.5 341.6 343.9 347.5 351.4 355.7 360 364.7 366.6 366.3 365.6 366.2 367.3
360.7 357.1 356.6 357.4 352.5 352.9 352.8 349.7 345.6 340.3 334.3 327.9 326.6 323.2 320.5 314.8 310.8 308 306.3 303.8 299.3 294.9 290.6 284.6 281.6 278.2 275.4 276.2 274.4 265 260.7 260.7 260.9 260.9 261.2 262.4 267.5 268.2 269.9 275.2 281.2 286.8 294.2 299.6 303.8 308.3 312.8 319.6 328.4 336.5 334.9 332.7 330.2 321.3 318.8 329.9 337.6 344 347.5 348.5 349.3 349.8 346 343.6 341.3 341.4 343.1 345.7 349.1 352.7 356.8 361.6 366 368.5 368.6 369.4 368.2 369.5
363.1 360.9 359.7 356.3 353.4 351.8 345.9 342.7 338.9 334.9 329.9 324.4 318.4 317.1 316.6 314.2 311.8 310.8 309.8 307.4 303.1 296.5 289.9 279.2 268.6 266.6 266 265.1 263.6 263.5 263.1 263.6 262 263.4 266.6 269.7 272.1 272.3 272.7 278.4 284.3 288.2 292.4 299.1 306 310.9 314.9 322.9 331.6 337.6 335.7 334.6 331.3 324.4 320.7 332.1 339.5 346.2 351.2 352.1 352.6 353.8 350.4 348 345.4 344.4 344.7 347 349.9 353.3 358.3 363.1 366.6 370.4 371.3 371.6 370.8 371
362.6 359.9 359.8 360.4 353.4 347.1 340.6 336.5 333.2 330.2 325.2 317.9 315.3 312.8 313.1 314.2 314.7 314.5 312.8 309.2 304 296.9 281.5 271.2 281 279.3 275.1 265.7 268.9 268.6 268.1 268.3 267.8 269.5 273.1 279.3 282.7 286.4 283.6 282.3 287.4 294.8 297.9 301.5 307.2 313.1 317.8 324.8 335 339.6 337.6 335.9 332.1 327.6 322.2 333.3 340.3 347.4 352.9 354 355.4 356.5 355 351.9 349 347.8 348.3 347.7 350.6 353.5 358.7 362.7 368.3 372 372.7 373.5 372.8 372
358.6 356.5 356 353.1 350.2 347.3 340.7 334 327.7 325.1 320.6 315.7 313.1 310.6 309.1 310.4 311 310.5 308.1 303.3 297.3 286.7 272.1 272.5 284.9 286 283.6 279.8 275.5 271.7 269.9 269.4 271.9 276.3 282.3 290.4 295.6 297.5 297.2 295.6 288.9 299.7 305.2 308.7 309.7 315 320.2 327.3 337.7 341 339.9 337.6 334.5 329.3 322.4 334.1 341.2 348.2 353.4 355.8 357.2 358.3 357.8 355.4 353 352.6 352.3 350.3 350.3 354 358.3 363.9 367.7 371.7 372.9 373.7 373.4 372.4
350.8 347.4 346.4 342.2 340.7 338 332.1 326.3 324 323.7 322.1 319.3 315.9 309.6 305.5 304.9 305.6 303.3 299.7 293.9 289 278.8 272.5 274.8 285 287 285 284.3 279.8 275.8 275 276.2 280.7 286.2 293.3 297.9 304.4 306.9 305.4 303 296.8 301.5 310.6 314 314.3 317.9 322.5 330.7 338.3 343.8 342.8 341.7 336.7 329.2 323.8 334.2 341.6 348.3 353.2 356.1 357.6 359.1 359.5 358.6 358.6 359.6 356.7 354.3 352.6 354.2 358.9 363 367.3 370.7 372.6 373.6 372.9 371.9
343.3 340.3 338.8 336.4 334.6 329.6 326 322.2 321 321.7 322.1 321.1 318.2 307.8 302.8 299.6 300 298.2 294.5 290 284.5 274.6 272.5 274.7 285.4 288.3 288.4 287.3 284.4 280.8 279.5 283.3 288.2 296.1 303.5 309.8 310.5 311 311.6 309.4 303.8 301.1 314.4 318.1 318.2 322.4 325.7 331.9 339.9 345.1 346.3 344.4 339.7 331 325.1 333.2 341.8 348 353 356.5 358.3 360 360.8 360.8 360.5 361.1 360.2 358 355.8 354.6 358.5 361.8 365.2 369.3 371.9 372.2 372.1 370.9
336.8 336.2 337.1 335.2 334.3 331.8 327.3 321.8 316 316.7 316.4 315.5 310.3 302.9 295.9 293.6 293.8 292.8 289.5 284.9 278.1 275 272.6 277.1 287.7 291.3 291.9 290.4 288.1 285.9 286.7 290.8 296.6 304.9 312.5 317.6 320 319.3 318 313.1 307.7 302.9 314.2 321.7 323 325.1 328.8 334.4 341.9 346.8 348.3 346.8 341.7 334.5 325.6 332.2 341.4 347.6 352.8 356.2 358.8 360.9 361.9 362.1 362.1 362.5 361.5 359.7 357.9 356 357.8 360.9 363.8 367.3 369.9 370.8 370.7 369.5
334.4 334.4 335.7 336.8 336.9 330.3 322.7 314.4 309 307.5 307 304.8 297.4 293.6 289.4 287.6 285.4 284.3 280.5 277.3 276 275.2 272.9 283.8 291.5 294.6 295.2 294.8 293.8 293.1 295 299.1 304.4 312.2 319.7 323.9 326.4 327.5 326 317.8 310.7 312.8 322.6 325.2 326.8 328.5 331.6 337.2 345.2 348.1 349.6 348.2 342.9 335.9 329.9 331.2 340.1 346.4 352 355.9 358.1 361.6 363.2 363.4 363.9 364.2 362.5 360.2 358.3 356.7 357.1 359.6 362.3 365.2 367.9 369.2 368.8 367.7
330.3 327.9 327.4 328 327.2 321.4 316.1 311 303.8 298.7 295.7 292.7 290.9 288.1 286.1 283.8 284.4 281.8 278.3 276.8 275.3 274 275.3 285.2 292.4 296.6 298.2 300.2 300.6 302 305 309.6 314.4 322 326.1 328.5 330.3 331.1 329.2 322.8 314 317.8 326.4 329.9 331.8 333.1 335.8 340.8 347.5 349.5 349.8 348.1 344.3 339.3 334.6 332.2 338.5 345.3 351.1 355.3 358.2 361.5 364.4 365.3 366.1 365.4 363.2 360.9 358.3 357.9 357.9 359.3 360.1 364.5 366.4 366.4 366.4 365.7
320.9 320.1 318.1 319.5 321.3 320.6 317.3 314.2 309.1 302.2 293.8 290.2 288.7 286.9 286 283.3 278.9 278.2 278.2 277.4 277.5 277.6 277.6 286.6 294 298.6 303.1 305.2 307.2 310.6 315.5 320.5 324.9 328.2 333.3 336.9 338.2 338.2 333.8 328.1 319 322.6 330.2 334.3 337.1 338.6 340.8 344.4 349.3 351.9 352 351.5 347.3 341.4 338.6 333 337.8 343.2 348.8 353.2 357 360.6 364.6 367 367.9 366.4 364.2 362.1 359.3 357.9 357.9 358.7 359.9 363.8 363.9 363.4 363.3 362.6
316.6 315 316.1 317 319.1 319.8 319.7 317.6 313.7 308.4 301.6 294.1 289.1 286.5 284.2 281 280.5 279.1 286.8 284.2 282.2 284.2 283 287.4 297.1 301.3 306 310.1 316.3 320.3 327.7 331.5 334 336.7 340.5 342.9 343.3 341.3 337.4 329.5 319.8 328.1 336 339.7 341.8 344.1 346.9 349.7 352.7 354.4 354.1 352.9 349.1 343.1 340.5 333.3 339.6 342.3 347.3 351.4 355.2 359.1 364 366.9 368.1 367.6 365.4 363.1 360.1 358 357.9 357.9 360.4 363.7 361.8 360.8 359.6 359.3
311.4 310.4 310.5 312.4 315.8 316.4 315.6 313.8 312.1 309 303.3 297.5 288.9 283.4 280.3 282.2 283.2 287.3 288.4 286.3 287 293 291.5 294.3 301 306.2 311.7 319.8 325.9 332.7 338.4 343.8 345.8 346.7 348.6 350 349.6 345.5 339.4 331.2 329.2 335.3 341.6 343.9 345.9 349.5 350.9 353.9 355.4 355.9 356.1 352.7 350.9 344.6 341.1 335.6 341.9 344.1 345.5 349.7 353.5 358 363 365.1 367.3 367.7 366.6 364.8 362.5 358.6 357.9 358.6 360.3 362.1 360.4 358.6 356.9 355.7
308.6 305.5 303.3 303 305.1 306.9 308.5 307.3 304.5 300.2 294.2 291 285.2 287.6 287.2 286.9 287.3 288.9 290.2 289.7 291.9 299.6 301.5 302.8 306.8 311.6 319.4 328.9 335.2 343 349.3 352.8 354 355.7 356.3 354.9 353.8 349.3 341.3 332.7 335.1 341.6 346.3 348.7 350.8 354.8 356.5 357.9 358.9 358.2 357.3 354.3 351.2 347.5 342.6 338.6 343.9 345 346 348.1 351.9 356.7 362.8 364.9 366.7 367.1 366.4 365.8 364.1 359.4 358.8 359.9 361.4 361.9 360.8 358.3 355.1 352.8
307.8 303 302.1 300 300.1 299.9 298.2 296.1 299.8 293.5 291.8 294.8 292.8 291.3 292 294.8 296.2 293.7 291.4 290.9 290.9 301 306.7 308.8 310.6 317.1 324.8 335 344.3 353.5 358.4 360.8 362.9 364.6 363.8 361.7 358.3 353 343.9 336.6 339.9 346.1 351.2 353.7 357 359.5 361.3 362 362 361.2 359.4 356.4 352.8 348.9 344.5 341.2 342.2 345.2 346 347 351.8 356.9 362.7 364.7 366.5 367.4 367.6 366.5 363.9 360.5 360.2 361.5 362.9 362.7 360.7 357.8 353.9 350.8
305 302.6 303 305.9 307.7 306.9 306.8 305.8 301.7 298.6 300.4 301.3 300.5 301.8 305.5 306.8 304.8 302.4 299.8 295.4 289.7 300.3 309.4 312.2 317.1 323.6 331 341.1 352.4 361.2 365.2 368 370.8 370.3 368.3 365.8 361.6 355.7 348 342.2 340.6 348.6 354.5 358.6 360.8 363.2 365.3 365.3 364.9 363.5 360.9 357.7 353.9 349.9 346.1 343.6 340 342.7 344.4 347.1 351.1 355.7 361.7 364.2 366.4 367.2 367.7 365.9 363.7 361.5 360 361.4 363.5 361.5 358.9 356 353.3 349.6
305.7 308.6 309.9 313 315.7 318.1 318 316.2 310.4 307.4 308.3 310.1 314 316.9 317.6 317.2 314.7 310 307.2 302.5 297.8 295 307.2 315.6 320.3 327.1 335.2 346.1 356.6 364.4 368.5 373.3 376.4 375 372.5 369.5 363.5 357.6 351.2 346.5 346 350.7 357 361.4 364.2 366.7 369.4 369.5 367.8 365.7 362.1 359.7 356.3 351.8 347.7 344 340.9 340.5 342.7 346.2 349.7 354.5 359.7 362.4 364.7 365.2 365.8 364.9 363 360.6 358.9 360.1 361.7 358.9 356.1 353.4 352 348.3
315.5 318.2 321.4 323.8 325.9 328 327.6 325.9 323.7 318.9 319 321.1 324.9 327.8 328.8 326.4 322.1 317.3 312.4 308.5 303.7 294.8 302.7 315 322.3 329 337 350.1 361.6 365.8 370.5 376.7 381.1 378 375.5 371.9 365.6 359.5 354.4 349.2 349 351.4 357.6 362 366.8 369 370.5 370.8 369.3 367.3 363.7 361.7 358.1 352.9 347.8 344.4 342.3 341.1 343 344.9 349.4 354.8 358.9 361.3 362.9 363.5 363.8 362.8 361.7 358.7 355.7 359.3 359.5 356.9 354 351.3 349.1 347.1
327.1 328.8 330.9 334.2 336.4 337.1 336 334.5 330.5 328 329.7 331.2 334.9 335.8 336.2 335.4 330.1 320.7 315.5 312.3 308.5 299.8 300.5 311.8 321.2 328.5 335.6 349.4 360.2 365.4 371.8 380.9 381.8 381 375.5 372.7 367.7 361.7 357.1 350.9 351.5 355.1 358.8 362.8 368.2 370.5 371.5 371.5 370.3 368.1 364.5 362.4 358.4 352.2 348.7 346.4 344.1 341.7 341.1 344.7 348.6 353.3 357.6 360.5 361.1 362.4 362.9 361.7 359.7 355.9 352.7 353.3 355.6 354.2 352 349.2 346.5 344.2
333.8 337.3 341.1 343.1 343.6 346.1 346.2 341 336.6 335.8 339.2 342.4 343.3 343.9 341.2 339.1 333.8 324.5 318.9 314.2 309.8 299.6 298.9 306.4 316.6 326.5 335.4 345.3 353.4 362.3 371.2 383.1 383.8 380.9 378.9 374.6 370.4 365.4 360.5 356.4 357.1 359.4 361.9 365.7 369.5 371.4 371.7 372 371.2 368.8 365.8 362.1 357.9 352.6 348.8 348 345.8 343.4 342.2 344.4 348.4 351.8 356.4 359.9 360.5 361.1 361.8 359.9 358 355.1 351.2 350.3 351 350.6 348.9 346.7 344.2 341.6
339.2 342.8 345.5 349.2 351.2 353.5 353.1 348.6 343.4 343.8 347.2 350.8 353.2 350.3 346.9 341.1 335.7 328.3 321.9 314.5 306.5 304.6 301.7 300.5 312 322.7 331.6 340.5 350.4 357.3 368.9 381 383.8 382.3 378.9 375.1 371.9 367.9 364.1 360.4 361.4 363.3 366 368.5 370.7 371.7 372.2 372.2 372 369.3 366.1 361.9 357.7 353.4 350.2 348.9 347 345.1 341.2 344.8 348.9 352.7 357 359.5 360.5 360.6 359.8 358.4 355.6 352.8 350.2 346.4 346.3 346.1 345.5 343.2 342.7 340.3
343.5 346.1 349.8 354.6 357.4 357.8 359.6 358.5 352.6 352.1 354.1 355.8 357.6 357.3 351.8 343.4 337 330.2 323.7 314.7 312.7 310.7 310.1 306.7 308.6 318 327.4 334.5 344.2 354.8 366.1 378.2 383.5 382.2 379 375.8 372 369.5 366.4 364 364.1 367.5 369.3 371.7 373.8 373.9 373.4 372.6 371.6 369 366 361.3 357.6 355 352.1 349.9 347.9 346.1 341.9 344.4 349.3 353.7 357.7 359.2 359.5 359.8 357.9 355.1 353 351.1 348.7 344.7 342.7 342.5 340.5 340.2 340.9 339.1
345.8 349.7 353.9 359.9 361.7 362.5 365.3 367.6 363.6 361.5 362.1 360.6 361.7 360.6 354.6 347 342.5 336 326.2 322 321.1 319.5 317.2 315.2 311.5 309.1 320.4 328.7 339.6 351.2 362.7 376.7 382.3 382.5 378.7 376.4 373.5 371.8 370.3 368.4 368.5 370.3 372.6 375 376.7 377 374.9 372.9 371.3 368.8 365.5 361.7 357.9 356 353 350.3 349.4 346.4 342.5 345.2 349.4 353.8 357.6 358.9 358.8 358.4 356 352.6 350.9 349.3 347.2 344.1 339.7 337.6 337.8 338.6 339 338.1
346.9 352.1 357.2 361.8 365.5 366.8 367.8 370.2 370.3 368.6 370.1 368.3 365.9 363.7 357 349.8 347.3 340.3 334.3 333 332.5 331 325.6 322.8 319.9 312.9 316.3 323.3 335.8 348.9 361.3 374 377.7 380.4 378.8 377.8 375.8 373.7 372.5 371.4 371.1 373.8 376.5 378.9 379.4 379.5 377.1 374.1 371.4 367.9 365.2 363 359.8 356.4 353.2 350.3 348 345.7 342.5 345.8 348.7 352.4 356.6 357.8 357.9 356.9 355 351.4 348.8 347.3 345.8 343.6 338.7 337.4 337.5 338.4 338 337.3
347.1 352.7 358 363.7 369.5 370.7 371.6 373.1 374.3 374.4 375.1 372.4 368.4 364.6 359.1 354.2 350.3 342.5 347.6 343.7 341.6 340.6 336.8 329.2 324.3 316.8 311.9 323.9 333.2 346.5 360.4 370.5 375.6 379.8 379.5 379.2 378.5 376.4 376.4 375.3 374.9 377.3 379.8 380.5 380.5 380.2 378 374.7 370.6 368.1 365.6 363.3 360.9 355.7 351.9 349.3 347.2 344.9 342.4 345.7 348.9 352 355.6 356.6 357.1 356.8 354.1 351.7 348.8 345.5 344.1 345.1 341.6 337.3 337.3 337.4 336.9 336.4
350.4 353.9 358.1 365.5 372.5 376.1 377.2 377.9 378.9 380 379.3 375.5 370.1 365.3 360.8 355.9 350.9 352.9 351.5 349.4 348.7 348.9 346.1 336.6 328.3 320.3 313.6 324.9 332.5 341.6 356.3 366.7 374.7 380.1 380.8 380.4 380.6 379.6 379.5 378.9 379.1 380.2 380.8 381.2 381.3 380.4 378.4 375.9 370.8 367.6 365.2 363 359.5 354.5 350.5 348.4 346.5 344 343.1 345.4 349.5 352.3 354.1 355.9 355.8 355.3 353 350.8 349.6 347.1 344.3 343.3 340.9 338 336.8 336.3 335.8 335.3
349.7 355.3 360.3 366.7 375.7 380.7 383.9 384.7 385.5 384.1 382.1 377.3 370.2 366.1 363.5 360.5 357.1 357.2 356.1 355.7 355.6 355.3 353 344.3 333.3 324.1 317 323.3 332 340.4 352.8 363.2 372.3 378.4 381.8 384.2 383.7 383.4 382.7 382.1 381.5 383.5 382.9 382.1 382.1 380.8 378.8 375.4 371.1 367.9 364.7 361.8 358.3 354.2 350.2 347.7 345.7 344.6 343.9 344.4 348.4 351.8 353.9 355.5 355.4 354.6 352.2 350.7 348.8 347.5 347.7 344.7 341 338.6 337.1 335.8 335 334.4
351.4 358.8 364.1 370.4 377.4 384.5 390.3 392 391.1 388.1 385.7 380.3 374.5 370.4 367.3 364 363 362.2 361.8 365.4 364.6 360.1 357.3 347.3 337.4 329.8 320.8 322.3 332.1 340.5 350.5 361.3 370.8 376.9 381.8 387.1 387.7 386.3 387.4 386.5 385.6 385.7 384.9 384.2 383.1 380.9 379.2 375 371.2 367.8 364.5 361.4 357.5 353.6 350 347.2 345.1 344.4 343.9 343.8 346.2 349.6 352.8 355.3 355.5 354.2 352.1 350.4 349.1 347.1 347.6 344.1 341.2 339.4 338 336.7 335.4 334.1
357.3 362.2 366.2 372.9 380.6 388.3 396.1 399.2 397.4 394.5 389.8 384.5 380.5 375.8 373.2 369.3 368.1 369.6 370.7 373.5 372.5 368.6 360.4 348.4 340.8 333.4 322.6 320.4 330 340.6 349.2 359.3 368.6 376.5 383.2 387 388.5 389.2 391 390.9 389.7 389 387.9 386.5 384.7 382.5 380.2 375.7 371.4 367.4 363.5 361 357.3 353.5 349.5 346.4 344.5 344 343.8 343.8 345.5 347.7 351 353.9 354.2 352.8 353.5 350.9 349.4 347 345.9 343.9 342.1 340.3 338.9 337.5 336.1 335.4
359.7 365.8 369.9 374 384.7 393.4 400.7 403.8 403.8 400.6 396.1 391.1 385 381.8 377.8 374.9 375.8 377.1 379.6 377 377.3 373.5 366.6 353.2 344.1 335.6 324.3 321.9 332.4 343.1 352.2 358.7 369.3 378.2 385.1 388.2 389.5 390.8 397 394.4 394 392.2 389.7 387.4 386.1 382.5 379.1 374.8 371.1 367.2 363.7 360.6 357.2 353.2 349.2 346 344.2 344 343.8 343.9 345.2 346.8 349.9 352.8 353.4 353.7 352.9 352.5 350.6 348.1 346.4 344.3 342.4 340.6 339.5 338 337.4 336.1
361.6 369 373.4 378.6 387.5 398.9 404.9 408.9 409.9 408.4 404.7 397.7 390.7 386.2 384.2 385.5 386.7 385.7 385.1 383.4 380.8 374.4 367.2 356 346.5 340.1 328.3 324.3 337.1 347.6 354 362 372 379.8 386.7 389.3 391.2 393.3 399.4 398.3 396.6 394.9 391.7 389.4 387.4 383.7 379.2 373.6 369.3 366.9 363.1 360 356.3 351.9 349.2 346.2 344.8 344.2 344 343.5 345.1 348.5 351 353 354.4 355.7 355.5 354.3 351.3 348.4 346.9 344.1 342.2 340.8 339.9 338.6 337.3 336
365.3 370 376.4 382.5 392.5 404.1 408.4 413 414.6 413.4 411.7 404.9 397.9 393.6 393.6 395.1 395.2 392.8 390 390.4 386.9 379.9 368.1 359 350.4 342.8 333.7 330 340.2 347.9 353.3 363 375.4 381.9 386.3 389.7 392.9 396 402.6 403.3 400.8 397.6 394.1 390.9 387.9 383.5 379.3 375.2 369.8 366 362.7 358.6 354.6 350.5 347.9 346 345.1 344.5 344.5 344.6 346 349.8 353.6 355.1 356.5 357.8 357.5 357.1 352.9 349.3 347.3 344.2 342.1 341.1 339.9 338.4 337.1 336.3
366.9 372.4 379.3 387.9 398.6 408.7 414.2 415.9 418.8 418.7 417.7 410.5 407.6 402.4 403.7 404 403.5 403 402 398.6 392.8 385.5 373.8 363.3 353.9 345.6 336 329.5 341.3 347.6 355.5 368.2 377.6 384.8 390.7 393.6 396.3 399.7 405.4 406.3 404.7 400.7 395.3 392 387.2 382.7 378.5 374.5 370.4 366.5 362.6 357.8 353.7 350.1 347.7 345.8 345.2 345 345 346 347.6 351 354.7 357.1 358.3 359.7 360.4 359.2 354.8 350.7 348.3 345.6 343.1 341.3 340 338.5 336.9 336.2
369.6 375.1 382.4 392.9 404.6 412.7 419.4 423 423.8 424.2 422.9 419.1 416.1 410.1 409.9 409.3 410.7 410.7 408.7 405.7 399.8 392.7 381.8 372.9 357.3 348.6 336.8 330.8 342.2 350.1 360.2 372.2 380.5 388.5 394.8 397.2 400.5 404.8 407.9 409.8 407.2 402.3 397.2 393.1 388.1 383.8 378.5 373.7 368.8 365.3 363.3 359.3 355.4 350.9 348.4 346.3 345.6 345.2 345.5 346.6 349.7 353 356.6 360.1 359.9 362.6 362.7 360.2 356.6 352.2 349.4 346.8 344 341.5 339.7 338.1 336.6 335.5
