webserver/python/data/SN88.asc
ncols 200
nrows 200
xllcorner 280000
yllcorner 280000
cellsize 50
[rows 35 to 69 of 200, columns 78 to 155 of 200]
393.9 390.2 382.2 375.3 382.9 384.9 389.2 397.3 408.5 418.4 428.3 436.6 441.9 449.7 453.3 454.1 450.2 438.4 427.9 415.8 413.8 419.6 425.3 429.9 434.8 438.8 439.8 437.9 436 432.8 429.8 426.8 421.7 411.1 403.8 401.2 394.2 377.4 358.3 340.9 334.9 331.7 328.7 327.2 334.8 339.3 348 357.8 370.5 385.8 392.9 398 401.5 403 403.4 406.3 416.4 416.9 422 422.8 422.3 421.1 419.9 421.7 421.3 419.5 414.6 408.6 402.6 398.2 393.7 391.2 387 381.1 379.5 373.7 370.4 361.2
397.7 393.2 387.8 379.4 371.1 378.7 381.5 390.9 397.9 406.9 416.4 424.5 432.6 445.5 454 453.1 448.6 438.7 428.6 420.2 423.4 429 433.4 437.8 440.4 443.9 442.7 440.7 436.9 432.3 427.8 423.4 415 404.4 402.5 395.2 385.3 367.6 350.8 338.2 341 335 329.8 331.9 340.3 347.6 359.5 371.2 379 383.7 393.9 400.3 405.3 406.9 410.2 417.1 424.7 425.5 429.2 430.7 429.1 427.2 425.9 425 423.1 421.1 415.2 407.9 402.5 397.4 392.2 389.8 380.5 373.2 371 369.3 370.3 368.2
401.1 396.6 392.6 391.7 374.2 366.4 373.5 383.4 391.3 396.3 405.8 417.7 426.5 446.9 454.3 451.8 448.4 439.4 433.6 428.9 432.4 438.2 440.9 443.2 445.5 446.8 444.3 440.1 435.8 430.9 426 419.3 410.6 402.8 395.1 383.4 368.7 356.4 354.2 349.7 343.1 337.8 333 336.4 346.7 357.7 369.6 381.2 389.7 394.9 399.3 405.9 410.9 415.8 420.8 427.2 432.8 433.9 435.1 436.4 434.1 431 430.1 427 423.7 419.9 411.9 406.8 400.5 395.1 389.3 383.4 375.3 375.9 378.9 378.1 377.5 376.5
400.4 396 392.3 391.3 386.8 374.1 367.8 376.8 383.8 388.9 400.3 418.1 426.5 448.1 457.8 453.1 447.1 441.3 436.4 435.6 440.2 442.7 442.3 443.8 446.1 447 444.4 441.5 433.5 428.5 423.6 416.4 407.1 397.6 386.8 377.5 368.2 367.1 363.3 349.1 342.7 338.4 338.3 342.5 353.9 367.3 379.6 391.4 397.6 403.5 408.3 414.1 420.4 425.8 429.7 437.9 439.5 440.3 440.5 440.5 438.3 435.2 432 427.8 424.2 418.9 410.6 405.2 399 389.8 380 380.1 383.1 387.2 385.1 386.6 384.3 381.5
396.9 394.2 390.7 390.3 386.3 375.8 365.1 372.6 378 386.7 396.8 413.7 426.7 446.9 460.4 454.7 446.5 441.5 439.2 441.4 442.5 442.4 441.8 442 444.2 444.5 441.9 438 430.6 426 421.2 413.7 403.9 398 390.9 387.3 383.3 377 361.7 349.5 342.6 337.8 342 347.9 359.1 375.1 390.3 399.9 404.9 411.6 416.8 422 429.4 434.5 439.9 444.4 445.2 445.8 446.7 445.2 441.7 439 434.5 428.6 423 416.7 409.7 402 394.6 388.6 384.3 387 391.4 395.5 395 394.4 392.6 387.8
394.5 391.4 388.1 386.7 384.1 375.9 360.9 365.4 374.3 383.6 393.6 409.5 425.7 442.1 457.4 452.1 449.1 445.6 441.8 441.9 442.5 438.4 436.4 439.5 441.4 441.7 438.2 429.8 427.9 424.2 419.4 408.5 405.2 402.2 397.1 390.9 385.8 380.1 358.1 350.5 344.1 339.8 344.5 351.5 364 380.5 397.2 406.1 410.8 417.7 424.4 431.1 437 442.6 448.4 449.2 449.2 449.6 451 448.9 445.4 442.1 437 429.4 421.4 415.1 409.3 397.4 388.7 389.1 393.5 399.1 402.8 406.1 405.5 404.2 401.1 394.2
391.6 388.4 385.9 384.3 381.4 376.1 361.3 361.7 371.2 380.3 389.4 402.4 421.4 435.4 450.9 450.4 447.2 445 442.3 443.3 441.1 433.2 432.4 435.8 439.8 437.8 431.8 425.8 423.9 422.3 417.5 409.1 405.3 402.4 397.9 394.2 386.4 377.7 356.8 351.1 345.4 339.3 349.8 356 368.6 386.8 402.1 412.2 418.1 422.4 429.9 437.4 442.3 447.6 452.7 452.1 452.5 453.1 452.4 450.6 448.7 443.6 436 427.5 420.7 414.8 407.1 393.8 389 394.5 402.8 409.7 412.7 414.7 413.1 409.3 405.4 402
387.2 384.7 383.1 382 379 372.8 360.7 359.5 368.7 377 385.1 394.6 410.5 425.4 436.8 445.4 443.4 439.7 438.2 433.7 428.8 422 427.4 431.1 433.7 431.2 426.7 422.1 419.8 418.3 414.7 409.4 404.9 400.8 396.9 393.5 385.5 371.4 356.9 350.6 345 341.4 350.6 361.4 378 393.9 404.1 414.3 422.9 427.6 435.1 442 446.5 451.6 456.9 456.1 456.1 455.5 455 453 450.4 443.1 435.1 425.4 417.9 411.7 401.5 392.5 397 406.9 412.5 416.7 420.6 422.6 420.1 416 412.1 411.2
381.7 378 378.1 377.2 372.7 367.9 361.2 358.3 364.2 372.2 379.9 386.5 397.2 411.7 421.4 429.4 430.3 429.2 427.4 420.8 417.4 417 419.8 424 429.8 427.5 423 418.6 416.2 415.2 411.7 407.4 402.8 398.2 396.5 391.2 381.2 363.2 355.3 349.1 348 347 354.3 366 385.8 395.6 404.9 417.2 425.4 430.4 439.4 444.5 449.6 460.7 461 459.9 459.3 458.9 456.7 453.6 449.7 442.9 433.3 423.6 415.1 407.4 399.7 401.6 407.9 415.5 419.8 425 430.2 430.5 428.4 424.1 421.7 421.3
381.2 372.5 372.7 370.4 368.5 364.7 360.2 358 360.5 366.8 372.4 379.2 387.7 395.9 405 412.3 413.2 413.5 412.5 410.3 407.8 410.9 414.8 418.7 423.7 423.8 419.5 414.8 412.9 411.6 409.6 402.4 398.4 396.3 394.6 386.1 369.8 357.8 352.3 348.7 348.3 348.6 357.6 371 386.8 397.3 405.2 414.9 423.2 433.3 440.4 446.9 455.4 461 462.1 461.4 460.8 460.2 456.9 452.5 447.4 442.6 431.8 420.9 412.1 408.8 409 408.4 419.1 423.8 429.2 434.3 437.3 438.2 435.9 431.4 432.2 431.3
369.9 368.4 367.9 363.4 362.7 360.4 357.2 355 355.4 360.2 365.5 372.1 376.1 381.5 385.2 391.5 392.4 392.1 395.6 399.9 403.7 407.4 412.4 417.2 420.6 419.8 415.3 411.5 409.1 407 404.2 398.9 395.5 391.7 387.4 374.3 358.7 353 349.6 348.4 349.5 351.7 360.4 372.7 384.2 395.3 404 412.3 426.4 436.2 444.6 453.7 460.9 464.2 465.5 464.8 463.2 460.5 457.6 451.6 446.2 439.3 428.8 418.1 413.1 412.9 418.6 424.7 428.4 432.5 437.4 441.7 444.5 445.3 442.8 441.1 441.6 443.3
377.5 372.2 366.2 359.2 359.7 358.8 355.4 350.9 349.3 353.5 360.4 364.9 366.6 371 371.5 372.6 377.2 381.2 388.2 392.1 397.1 404.1 411.9 415.9 417.4 416.4 412 407.4 405.1 402.4 398.9 395.2 391.4 386.8 378.6 363.8 356.2 351.4 349 350.5 353.2 359.1 365.9 375.7 382.9 395.3 406.1 417 430.5 441.9 455.5 460.2 466.1 468.1 469 467.9 465 461.3 458.3 451.5 444.2 433.7 425.6 421 420.8 423.7 429.5 434.7 437.2 439.8 443.6 447.8 451.2 451 448.9 449.6 453.4 450.9
382.8 379.2 372.3 365.9 362.1 359.4 355.5 349.2 348.5 348.5 354.3 357.1 359.9 360.1 361 362.1 366.8 373.4 382 385.9 392.6 399.7 408.1 413.7 414.8 413.4 408.9 403.8 401 397.4 393.9 391.1 386.8 381.2 371.9 358.2 353.7 352 351.1 353.7 359.5 366.1 374.8 384.4 391.7 398.4 410.1 424 437.7 453.4 467.6 469.8 472.7 472.9 470.9 469.6 466 462.4 460.3 451.9 441.6 429.5 428.1 427.8 428.8 433.8 436.6 441.4 444.1 445.9 449.9 453.1 454.7 455.8 455.6 458.3 460.3 458.3
387.4 384.6 378.6 372.7 367.7 364.3 359.8 350.7 347.2 347.3 349 351.5 354.2 353.6 353.8 356.7 361.9 367.7 374.4 380.3 387.4 394.2 400.2 409.2 411.8 409.9 405.6 400.7 395.9 392.3 388.9 386.6 382.9 375.7 365.4 357.6 355.9 354.8 355.4 358.3 364.1 371.6 376.8 385.7 394.8 407.5 423.5 436.8 447.2 459.1 469.9 475.5 479 477.6 473.6 470.3 468.5 464.1 460.1 453 442.7 431.3 436.4 438 439.2 442.6 446.6 449.8 449.9 453 456.1 457.7 458.5 460.3 462 463.6 466.4 462.9
392.5 389.1 381.7 375.7 371.6 365.7 360.6 353.9 348.3 346.7 345.6 345.7 350.9 350.7 349.3 352.2 357.3 362.4 368 373.9 379.7 386.1 393 401.4 403.8 404.4 401.7 396.3 391.4 388.3 386.1 384.9 379.9 370.6 358.4 357.1 357 357.6 359.2 362.7 369 377.1 383 390.8 399.7 415.9 438.4 446.9 452.9 464.7 472.6 477.7 479.9 479.7 475.5 470.9 468.7 464.6 460.3 453.3 441.1 440.9 446.9 448.6 448.2 451.9 454.7 455.6 456.7 458.6 461.5 462.5 463.3 465.9 468.1 466.9 469.9 468.2
393.5 390 382.5 376.6 371.8 366.1 360.1 353.6 348.7 345 342.1 341.3 338.9 343.3 344.4 347.9 352.1 355.6 361.9 368.5 373.5 377.2 384.4 393.5 396.7 396.2 393.8 390.3 387.8 385.7 385.2 382.4 373.2 359 357.2 356.6 357.9 359.8 362.5 366.6 374.5 382.2 388 395 406.4 428.6 446.2 454.2 459.3 466.2 473.6 477.7 479.7 479.3 476.5 471.8 468.6 466.3 463.2 456.9 448.3 452.8 455.8 458.3 459.2 459 461.6 462.4 463.2 463.4 464.6 467 468.5 470.6 471.1 471.1 471.2 471.1
392.8 387.2 381.3 376.9 371.6 364.6 358.4 353.1 348.8 347.2 344.3 341.4 339.7 339.4 340.2 343.4 345.9 349.4 355 361.3 364.9 367.1 374 382.4 388.9 387 384 383.8 382.2 383.1 383 377.5 365.6 355.3 352.8 355.7 358.7 361.2 366.3 371.2 379.7 385.6 391.6 398.9 409.3 440.2 451.5 459.9 465.2 471.7 475.2 478 479.5 479.5 477.3 472.7 469.5 466.1 462.2 459.2 456.8 460.6 464.6 465.9 466.1 465.8 468.2 470.1 468.2 467.6 469 469.1 471.3 471.1 471.1 471.1 469.8 469.9
390.3 383.6 378.7 374.3 369.8 364.5 357.9 353.4 350.2 349.8 347.3 344.3 340.2 338.8 337.9 339.4 341.2 343.5 349.1 354.1 356.2 355.6 360.8 368.3 376.4 370.8 375.1 376.3 376.9 376 374.7 368.3 363.1 351.8 349.7 354.1 359.1 364.4 370.7 376.4 383.2 388.7 394.3 402.7 418.6 440.6 457.7 465.5 470.9 474.9 478.4 479.5 479.3 480.2 477.7 473.4 470.5 467.4 464 462.5 466.7 468.6 471.3 471.8 471.5 471.5 472.2 471.7 469.5 469.4 469.8 471.1 471.1 471.1 469.8 471.1 469 470.9
387.8 381.7 376 371.6 367.6 363.4 357.3 351.8 350.4 351.2 350.2 344 340.3 336.6 335.2 336.6 338.8 340.4 341.8 346.5 347.4 345.3 350.8 355.6 359.2 360 361.9 365.4 363.5 363.5 363.7 362.3 356.2 343.7 348.3 352.7 358.1 365.2 372.7 380.3 387.4 391.8 396.7 408.2 424.4 443.3 459.3 469.9 474 478.5 479.4 479.2 480 479.4 477.4 474 471 468.2 467.3 469.4 473.2 475.2 476.5 476.1 476.5 475.2 474.2 471.9 471.1 469.8 469 469.5 471.1 468.1 468.3 469.5 469.1 471.9
385.3 379.5 373.9 369 365.4 361.5 355.4 349.3 350 350.2 345.7 339.2 339.5 336.4 334.9 335.3 337.4 336.4 336 334.6 335 335.6 336.7 341.6 346.8 348.4 349.3 350.3 352.2 353.1 351.3 348.8 336.9 336.7 343.6 349.8 357.7 365.2 373.4 381.3 388.3 392.2 400.2 415.6 430.4 446.6 459.6 467.9 475.1 479 479.3 476.7 475.1 476.4 476.2 473 469.9 467.5 469.3 472.7 478.1 478.7 479.1 479.3 479 477.1 474.6 472.5 470.2 470.7 470.2 468.2 469.2 465.1 467.1 469.5 469.8 476
382.8 377.2 371.9 365.9 362.2 356.7 351.7 346.7 346.4 346.4 346.4 344.1 342.3 340.6 338.3 337.7 338 336.2 335.1 332.9 331.1 329.8 329 328.9 330.2 334 332.9 331.5 334 337.3 335.5 327.6 327.2 332 340.8 347.5 356.2 363.2 370.7 378.3 385.5 391.7 401.3 418.1 435.5 449.3 461.4 466.8 474.8 479.5 478.1 472.3 468.1 469.8 470.2 468.2 464.6 463.7 467.4 474 479.7 479.2 479.2 480.2 478.7 476 473.3 470.8 469.4 470.9 469.2 464.5 461 461 465.2 468.5 470.2 469.4
378.8 372.4 366.8 361.9 353.1 347.9 349.7 351.9 354 355.1 354.5 352.9 350.2 346.9 344.8 344.3 343.8 342.3 343.1 342.4 339.2 337.1 335.3 335.1 330.4 329 327.4 324.9 323.6 322.4 318.2 319.8 323 326.7 334.4 343.9 353.5 360.4 367.4 374.9 382.2 385.6 398.7 415.4 434.6 451.4 463.4 468.2 473.1 476.4 470.9 463.7 456.1 459 460.5 456.6 453.9 457 464.9 471.4 476.9 474.9 474.6 477 476.4 474.8 471.9 469.1 465.4 466.4 465 461.5 452.6 459.3 461.2 465.6 469.4 463
373.5 366.2 358 351.1 356.6 363.2 364.4 366.6 366.2 365.1 364.3 363.3 359.7 356.6 354 353.4 353.9 354.5 353.4 352.1 349.2 345.5 344.2 341.9 338.8 336.6 335.6 334.6 330.5 323.5 318.8 318.4 318.4 322.1 329.6 339.6 349.9 355.4 364.7 370 374 382.5 398.2 417.2 436.7 454 463.9 468.8 471.3 469.8 464.8 452.4 444.9 447.4 448.9 445.6 438.5 446.5 456.3 466.9 467.6 465.8 469.1 472.9 471.2 470.4 466.9 463.4 459.3 458.5 456 453.7 442.1 451.9 456.6 461.3 464.6 454.4
358.6 359.2 364.1 368.2 374.4 379.1 383 385.1 386.1 387.7 386.2 379.4 368.9 366.4 372 372.1 371.7 371.6 370.7 368.7 365.2 359.8 356.6 353.9 350.3 346.8 345.5 342.4 336.2 329 321.5 318.8 318.3 318.4 324.3 332.2 344.9 348.1 356.9 363.6 368.2 382.8 398.7 421.7 440.5 454.7 462.3 465.3 461.5 460.9 452.3 440.5 434.3 434.1 434.2 428.5 417.2 429.6 441.2 451.3 452.4 456.4 462.2 465.6 463.4 463.2 459 456 451 447.5 444.3 439.3 432.4 439.4 447.1 457.7 460.2 444.1
370.7 376.9 382.9 386.6 393.4 399.9 405.2 409.2 411.3 411.9 410.7 404 397.4 396.3 395.4 396.5 394.5 391.2 388.1 385.1 380.3 374.9 372 370.6 365.1 359.1 352.7 346.4 336.9 328.7 323.2 319.6 318.5 318.1 319.6 327.1 332.5 340.5 351.3 357.4 365.4 381.6 402 421.4 440.5 449.3 452.7 451.5 450.1 446 434.1 421.3 412.7 410.6 409.9 402.9 392.3 403.8 418.3 428.8 432.3 440.6 452.4 456.8 455.4 456.6 452 447.3 442.2 435.5 429.4 425.1 422.6 422.1 436.9 450.9 448.9 434.7
384.5 389.5 397.3 407.2 416.1 422.9 429.4 431.4 433 434.6 434.4 432 429 426.5 425.7 423.5 421.5 417.6 411.6 405.3 394.9 387 386 382.8 374.8 366.5 357.2 348.5 339.1 330.3 325.3 321.1 317.9 314.8 316.8 324.5 328.7 333.8 343.7 351.1 362.9 379.2 400.4 421.3 428 426.2 430.7 432.5 433.4 429.8 410.4 393.5 387.9 386 377.6 371 370 376.8 390.4 395.1 404.2 419.2 434.4 446.2 448.3 448.4 443.2 438.2 433.3 424.5 418.8 414.3 411.1 408 421.7 432.6 436.1 421.9
393.7 406.2 421.5 430.9 436.6 441.7 447.1 449.7 448.5 448.1 446.8 447.6 449.8 446.5 442.5 437.5 436.4 431.2 421.1 414.7 407 400.3 395.8 388.3 378.6 368.6 357.9 348.2 337.5 328.2 323.6 321.3 319.4 315.3 314.9 325.2 325 326.6 336.6 348.8 356.8 372.1 388.2 400.7 402.5 403 407.4 410.2 408.5 396.5 377.9 370.5 364.8 358.8 354.3 350.3 349.2 355.6 360.8 363.4 371.8 396 416.2 431.8 438.7 439.3 436.6 432.2 425.4 418.2 410.6 407.5 401.6 392.9 397.2 408.5 414.7 412.2
417.2 426.7 441.1 446.9 451 459.8 464.5 462.5 460.1 457.6 455.9 456.6 453.4 451.3 445 439.2 433.8 428.1 420.4 413.8 407.5 400.3 393.2 385.1 375.3 366.8 358.1 346.9 336.6 329.8 324.8 322.3 322.9 312.8 321.9 322 321.5 320.3 325 333.7 342.5 350 358.4 367.1 373.3 378 379.6 376.6 369 359.4 354 351.2 350.8 341 330.6 324.5 323.5 326.7 330.4 333.1 350.5 375.2 401.6 421.2 431.5 437.1 434.4 431.6 426.4 419.2 413.6 405.8 395 384.8 381.6 387.4 393.6 407.1
436.2 442.5 452.1 457.4 462.5 473.7 473.9 470.3 466.3 461.6 459.9 457.4 454.1 449.3 441.7 434.4 427.8 422.9 415.9 410.3 403.7 395.8 389.1 380.8 371.4 364.3 355.3 340.8 335 330.6 326.6 324.9 319.8 326 323.6 320.7 318.5 312.3 312.3 314.2 318.7 327.5 337.4 346.1 351 353.6 351.8 349.5 337.2 332.9 327.4 322.5 316.1 310.7 303.7 296.9 297.2 294.8 298.2 312.4 323.9 347.4 366.9 387.9 415.3 428.9 428.1 426.5 426 421.3 418 410 397.6 390.4 370.3 380.5 392.8 406.5
452.3 456.7 461.6 464.8 469.1 474.3 472.6 468.5 464.1 459.4 457.9 454.3 449.1 441.9 434.3 426.1 420.3 415.1 409.7 401.5 393.2 386.7 378.8 371.5 364.8 357 345.5 336.5 332.9 330.8 328.5 326.7 322.7 311.3 319.9 312.8 310.9 313.7 317.1 312.4 302.7 311.8 314 316.7 317.5 317.4 316 312 308.4 307.2 298.7 286.9 285.7 282.5 281.5 280.6 278.7 275.9 280.3 287.6 303.7 319.9 340.3 360.6 381.3 407.9 413.6 413.2 421.5 417.3 413.2 406 390.8 374.5 368.2 386.1 403.6 417.6
466.5 466.4 467.1 468.8 468.1 468.8 466 460.8 456.6 451.9 446.8 445.4 437.7 429.9 423.2 417.2 414.3 410 398.4 388.5 379 374.8 367.5 360.2 356.3 346.1 337.9 333 330.3 328 327.7 325.1 322.1 312.3 317 320.3 327.2 331.7 326.8 322.9 312.4 301.8 299.9 301.6 299.6 297.3 297.3 294.9 295.4 300.6 302.3 307.8 306.8 303.8 301.1 297.4 291.2 284.1 277.9 275.9 283 295.6 314.8 331.9 352.7 374.5 392.8 393.7 395.6 401.4 400.7 393.7 378.7 365.3 368.1 392.6 411.5 427.4
474.7 471.5 468.9 465.2 460.2 461.3 456.8 451.7 446.1 440.8 432.7 426.8 422.3 417.6 412.3 405.7 400.9 394 384.3 375.3 368.3 363.8 356.9 350.8 345.3 339.4 333.6 330.3 327.1 323.6 319.9 318.9 321.9 325.2 328.5 331.7 336.5 338.7 334.7 329.3 319.3 311.2 304.1 300.8 302 303.6 309.2 319.6 322.9 331.3 337.7 339.5 339.4 333.8 324.9 317.9 309.8 297.4 288 279 270.2 277.1 289.5 307.8 325.7 344.5 359.5 367 368.7 375.6 377 378 366.3 354.5 368.8 395 417.7 431
480.1 476.6 471.8 467.8 460.2 454.7 445.8 437.1 429.4 419.9 410.4 408 405 402.4 397.7 391.6 387 379.3 371.1 364.2 359.8 357.2 348.4 343.1 338.9 334.2 332.2 323.7 325.1 325.4 327.7 330.5 333.3 335.7 338 340.2 343.2 342.7 339 331.9 321.7 313 308.3 311.9 319.2 326.1 338.5 345.6 354.4 364.8 371.7 372.8 364 349.6 342.2 331.5 322 311.6 303.1 296.2 276.2 269.2 272.6 282.8 297.1 314.4 329.9 341.9 342.3 343 342.5 356.5 351.5 348.6 370.6 400.5 423.6 434
483.3 479.7 475.4 472.1 470.6 462.3 447.7 436.3 424.9 413.9 399.7 389.7 384.2 384.4 381.5 379.3 370.7 365.3 358.2 352.6 348.7 340.8 341.9 340.2 338.8 337.4 334.2 328.9 329.8 330 332.6 337.3 340.4 342.8 343.6 346 347.1 348.2 342.5 332.9 327.5 314.7 320 328.7 335.6 349 362.1 374.7 386.6 395.8 405 409.6 393.3 374.7 354.5 339.9 327.3 323.1 314.8 304.9 289.8 276.3 268 269.2 274 289.6 303.8 317.8 321.5 310.4 314.5 328.1 339.2 354.1 379.3 408.8 428.4 432.9
486.1 482.7 479.1 478.1 475.2 469.1 452.8 437.1 418.9 402.8 390 380 373.6 368.4 368.8 368.4 359.5 357.5 355.7 354.1 353.3 352.9 348.7 344.1 341.5 337.1 332.7 336.5 336.9 339.8 340.5 344.4 347.6 351.2 352 353.3 354.8 355.4 352.5 344.1 321.2 332.1 337.7 343 355 369.7 385 399.3 413.3 420.2 424 425.5 411.3 392.6 367 343.7 331.6 325.7 320.5 312 296 283.9 273.7 267.8 268 272.7 282.9 288.9 293.2 314.9 346.1 353.4 356.2 374.7 396.8 420.1 427.3 426
