webserver/python/data/SN92.asc
ncols 200
nrows 200
xllcorner 290000
yllcorner 220000
cellsize 50
[rows 35 to 69 of 200, columns 0 to 77 of 200]
258.7 265.7 272.8 278.7 284.6 289.8 296 303.3 307.6 309.1 306.1 300.7 288.9 275 261.5 250.7 242.6 230.5 222.4 224.5 228.3 228 227.2 225.6 225.9 225.3 224.2 222.6 223 223.2 222.2 220.9 219.2 216.5 211.9 207.6 203.9 200.1 197.8 196.4 194.5 194.4 195.5 199.3 193.4 190 190.1 191.3 195 199.9 206.6 218.3 230.6 241.1 244.4 246.2 247.1 249.2 251.3 252.6 259.1 263.2 268.3 271.7 275.5 278.5 281.6 284.3 286.4 287 287.7 287.5 284.3 282.5 281.2 281.8 286.5 287.9
265.7 272.3 279 284 290.7 296.9 303.1 311.3 317.5 321 318.8 313 302.6 288.7 273.1 259.6 248.4 236.8 236.1 238.9 238.7 238 237 237.1 236.4 235.7 233.3 231.5 230.8 228.5 225.5 223.3 220.6 217.4 214.9 210.1 205.2 202.3 199.8 197.9 196.9 196.3 198.7 191.4 189.8 190 191.4 191.5 192.4 198.6 205.9 215.6 230.3 241.6 247.4 249.8 251.3 251.6 252.7 257.4 266.1 270.5 274.4 280 284.1 283.9 286.9 289.9 290.8 291.5 291 288.9 288 286.8 285.4 285.5 289.4 292.2
270.5 277.8 284.5 291.3 298.8 305.4 312.2 320 326.4 331 332.4 325.3 316.2 302.9 289.1 268.4 259.8 253.6 256.3 261.3 254.4 249.7 248.4 249.6 246.9 245.2 242.5 240.7 238 233.5 229.4 226.8 224.6 221.8 218.7 215.2 210.2 206.5 203.7 202.8 205.5 200.8 201.1 192.9 192 191.2 190.2 191.5 191 196.4 204.4 213.8 225.9 240.2 248.7 254.6 255.5 255.9 257.2 261.6 270.5 274.9 278.9 283.3 285.7 288.5 292.9 295.7 295.9 295.5 293.4 292.8 292.3 290 288.3 288.4 291.5 295.1
275.7 283.3 291 299.7 307.7 313.4 321.6 327.7 335.3 341.2 344.1 337.9 330.2 317.2 302.8 286.1 279.1 274.2 278.4 276.6 273.2 267.1 262.2 262.8 261.4 254.7 252.1 248.3 246.2 238.6 234.6 233.2 231.7 230.3 228.3 222 216.7 213.1 209.4 205.8 205.6 200.9 200.2 195.2 195.6 191.5 191.3 190.5 192.6 198.5 206.5 212 223.2 238.1 249.2 256.1 259.3 261 261.8 264.3 272.7 277.9 281.4 285.9 288.8 294.1 297.5 299.6 300.8 298 295.9 296.2 295.1 293.1 293.3 295.2 295 297.4
278.8 288.7 297.5 306.2 314.7 321.7 329.4 335.2 342.1 348.4 353.5 348.8 340.9 330.7 320 308.3 305.1 300.7 302.7 300.3 297 290.1 281.8 277.7 273.6 269.4 263.5 261.8 257 249.2 244.7 244.3 243.3 240 237.1 231.6 229.7 224.4 217.9 209.6 204.9 200.5 203 196.9 193 191.3 191.3 189.9 194.3 200.6 206.8 211 220 235.2 248.4 257.8 262.6 265.8 267.1 266.5 273.1 279.3 282.8 287.8 292.3 296.8 301.4 302.3 302.7 298.8 297.4 297.4 296.7 296.5 297.4 298 296.6 299.9
283.2 293.4 302.1 312.2 321.1 330.6 336.5 342.1 347.9 354.2 360.6 358.8 352.9 347.1 338.7 331.5 328.1 324.3 328 322.7 317.6 312.7 304.5 297.9 289.3 284.4 278.6 277 271.3 265.6 262.9 260 256.5 256.2 251.8 246.7 246.1 239.9 229.9 219.5 211.3 206.3 203.6 195.3 191.6 191.7 191.8 191.3 193.4 202.3 206.1 210.4 220.5 233.2 247.2 258.5 265.1 268.9 271.3 271.5 273.4 279.9 284.6 288.5 292.7 296.7 301.9 301.5 300 297.3 296.5 296.6 297.2 299.5 300.2 300.2 299.6 302.9
286.3 296.8 307.9 317.8 326.1 335.2 342.9 348.1 353.9 360.2 366.3 365.8 362.4 359.1 355.5 352 348.5 346.9 346.7 343.2 337.2 330.2 323.4 315.4 307.9 304.5 298.9 295.7 287.4 282 280.2 275.2 271 267.6 265.3 260.4 258 249.7 242.8 231.4 223.6 217.5 208.5 195.1 192.3 191.5 190.9 191 192.8 200.2 204.9 210.4 217.8 231.4 245.3 257.7 264 268.4 271.9 273 275 279.6 284.4 287.7 289.9 295 298.8 298.3 296.7 293.3 292.7 292.8 295.9 299.3 301.7 301.3 302.4 307.1
287.5 298.8 311.1 321.7 331.3 339.5 346.9 353.5 359.5 365.4 371.5 372.1 370 367.8 365.6 362.8 360.6 358.9 359.2 356.4 352.7 347.7 343.1 338.5 327.7 320.8 316.5 312.4 308.9 300.4 295.4 287.7 283.4 279.8 275.1 272.9 269.9 262.9 255.5 246.5 234.4 221.5 213 204.8 200.8 197.8 193.4 191.3 192.7 192.7 201 208.8 217 228.9 243 255 259.3 263.3 268.2 271.7 275.4 277.5 282.8 286 286.5 289.2 292.1 291.8 290.4 287.7 287.7 289 293.4 297.1 300.6 302 305.3 310.5
284.4 300.2 313.1 324.2 333.7 342.9 349.8 357 363.6 369.4 375.2 377 376.3 375.5 372.8 370.7 368.6 367.2 367.2 366.7 363.5 359.9 356.1 351 346.6 338.9 332.3 326.8 321.6 315.7 313.5 305.3 297.3 292.7 286.6 284.8 282.7 275.6 267.1 257.8 238.6 224.4 213.8 208 206.6 203.6 199.4 191.6 192.5 192.9 195.6 205.2 211.9 226.2 237.1 249.3 252.5 255.2 262 267.1 271.6 274.7 278.3 281.6 281.3 282.6 282.7 282.6 282.5 281.2 281.7 284.7 288.7 293.5 298.4 302.1 307 314.3
284.4 298.7 313.4 326.5 336.2 345.5 352.4 359.7 365.7 371.7 378 379.9 379.3 378.6 377.4 376 374 372.8 372.6 372.3 369.5 368.6 365.3 360.9 356.4 351.7 345.7 341 335 328.2 323.8 317.2 309.9 307.4 305.1 301.9 294.8 283.4 271.7 258.1 237.5 222.5 213.3 209.5 208 202.3 196.4 192.5 192.9 193.3 193.6 200.9 206.3 220.3 230.8 239.1 243 247.1 254.5 259.8 266 270.2 272.8 275 274 273.3 274.3 274.7 274.6 275.7 277 281.2 286.6 293.2 300.2 304.8 311.3 318.6
287.3 298.8 313.2 326.9 338.6 347.8 355.8 362.1 368 374.1 379.1 381.1 381 380.5 379.2 377.5 375.6 375.4 375.8 375.9 375.2 374.1 371.7 368.7 365.6 361.7 356.8 351.8 346.8 341.7 335.8 328.6 319.2 316.2 312 307.1 297.2 282.8 268.3 252.3 234.6 220.4 212.2 207.9 205.3 199 193.5 194.5 193.1 192.8 194.1 197.6 203.4 213.7 221.3 230 234.9 241.3 247.9 254.2 259.6 263.7 263.7 265.5 263.5 263.5 265.2 265.8 267.9 269.9 273.6 279 285.5 293.5 300.2 308.8 317.2 320.2
288.6 299.7 312.7 326.5 339 349.1 357.2 364.6 370.2 377 380.3 381.3 381 380 378 376.7 375.6 374.9 374.3 375.8 376.3 376.2 374.2 372.9 370.2 367 362.7 358.1 353.5 349.6 344.2 334.4 324.3 316.8 311.9 303.5 291.8 275.1 260.3 247.3 233.2 221 211 206 202.6 197.9 194.4 194.3 195.2 194.3 194.2 196.3 203.8 207.8 214.7 222 228.2 234.3 243.6 248.6 253 255.9 257.2 258.4 256.5 255.1 256.9 258.4 260.1 265.6 272.2 278.8 286.3 293.8 301.8 310.4 316.9 322
290.4 301.1 312.2 325.3 338 348.8 357.9 364.9 371.5 378.5 379.4 380.2 379.9 377.3 374.5 373.1 371.7 370.1 371 373 374.7 375.5 374.5 373.3 371.5 368.4 365.3 361.6 357.7 352.3 345.1 335.9 324.3 314.1 305.6 292.4 276.4 262.4 252.1 242.6 232.5 221.4 212.2 203.9 197.1 195.4 195.4 195.1 195.5 196 191 195.6 203.1 206.6 210 215.3 221.6 229.6 237.2 242.2 246.8 249.6 252.1 253 251.7 249.6 251.3 254.9 259.7 265.3 271 279.4 287.5 295.3 303.1 310.2 316.7 326.2
292.7 303.8 313.8 326.1 337.8 348.6 357.4 364.9 372.7 377.4 378.3 378.2 376.9 374 370.2 367.1 364.1 361.9 364.9 367.9 370.7 371.9 372.5 371.8 371.7 369.9 366.7 363.5 358.2 352 342.8 332.6 318.6 306.3 292.1 277 264.1 255.9 246 237.8 229.2 219.5 209.9 202.4 196.2 195.1 195.3 196.7 197.1 198 197.6 192.6 196.3 201.5 205.7 210 216.6 224.1 231.8 236.8 239.8 243.1 245.9 244 244.1 246.9 250.2 255 261.4 268.3 272.7 282.5 292 298.8 304.1 312.1 319.3 335
297.1 306.1 316.6 329.2 341.1 349.8 356.9 364.6 373.1 375.1 376.1 375.2 373.3 368.4 365 359.7 353.3 353 356.9 362.4 366.4 367.3 368.3 367.8 368.8 369.3 366.2 362.4 356.5 348.2 336.1 323.9 311.6 295.5 278.2 266.5 257.2 248.5 241 232.5 223.8 215.7 207.9 201.3 196.6 196 196.7 200.8 200.2 200.8 203.2 201.4 193.1 196.2 200.6 207.5 213.4 219.5 226.2 231.4 234.6 234 234.9 241.8 246.3 249.6 252.1 257.7 263.2 268.6 277.5 286.5 296.2 304.2 311.8 319.2 328.9 342.5
298.6 309.9 319.9 332.4 343.9 351.7 359 366.3 371.6 372.8 372.7 371.6 368.8 363.2 358.7 349.1 342.1 344.6 348.6 356.5 358.4 360.7 361.5 361.9 364.5 363.5 361.3 356.8 349.9 340.8 327.6 314.6 300.4 283.8 267.7 257.3 246.9 240.6 235.6 228 219.3 212.7 205 197.9 197 197.3 197.5 199.1 199.5 201.6 202.8 203.2 201.1 193.7 197.2 207 209.6 213.9 219.4 224.8 225 231.8 239.3 244.7 248.9 252.4 255.1 259.6 266.8 275.8 284.3 293.3 303 310.4 318.1 324.3 337.4 354
299.4 311.4 323.6 335.9 346 353.4 359.9 365.8 367.5 369.1 369.3 368 364.8 360.2 353.2 338.3 335.5 337.2 340.7 346.1 350.1 352 352.5 352.7 352.8 353 350.5 345.4 339.3 329.3 317.8 301.3 290.8 276.9 261.2 247.7 239.4 233.7 229 222.8 215.3 208.1 198.8 198.6 199.2 200.2 200.1 198.7 200.7 203.6 204.7 204.1 202.4 198.7 196.3 196.8 204.4 209.4 213.5 215.4 223.8 231.9 238.5 243.9 249.3 253.2 257.7 263.2 271.9 282.1 291.5 301.8 310.8 317 326.1 334.9 352.1 363.3
303.9 315.8 327.8 337.3 346.8 354.2 359.9 362.8 364.6 365.9 365.1 363.2 359.2 354.2 345.3 330.9 329.1 329.9 330.9 336 338.7 339.3 339.8 339 337.6 336.9 334.2 330.8 325.4 316.8 301.9 284.2 277.4 267.9 253 240.1 232.2 226.1 221.7 216.3 209.7 201.6 199.9 201.7 202.8 203.1 201.9 200.8 202.7 206.3 207.2 205.9 205.7 201.1 201.3 197.3 198.9 201.3 209.5 214.9 221.2 227.6 235.2 241.1 248 255.3 261.7 270.1 279.8 289.7 301.1 311.6 317.3 324.1 336.1 349.5 360.5 369.1
307.5 319.9 333.4 342.7 348.9 354.9 359 361 361.2 362.5 360.3 357.6 353 346.8 336.7 324.4 321.9 321.7 321.4 325.6 326.1 325.2 324.9 322 319.3 317.5 315.8 312.9 309.1 304 287.6 273.7 262.1 254.6 243 232.6 224.6 219 214.9 209.3 203.7 199.9 204.2 203.9 205.3 204.9 205.4 205.2 206.7 209.3 209.1 210.7 209.8 206.3 205.4 197.2 198.9 199.9 205.7 212.4 220.3 227.2 233.7 240.4 247.4 256.5 266.4 276.1 287.2 299.9 308.4 317.1 327.4 335.6 345.3 354.2 364.3 374.1
310.9 322.6 334.7 345 351.9 357.5 359.1 358.8 358.2 356.4 354.1 349.6 345.2 338.5 329.1 319.2 314.8 313.9 312.5 313.4 312 310.9 310.1 307.1 304.4 300.9 297 293.3 288.6 282.6 275.4 261.9 252.3 245.8 236.4 224.9 217.8 212.5 208.4 203.1 200.3 202.1 205.3 206.7 209.2 208.7 210.6 212.8 209.5 210.7 213 214.1 212.2 209.4 206.3 198.9 199.1 199.6 204.3 211.4 219.6 225.7 232 238.9 248.2 259.6 269.9 282.9 295.3 305.8 315 326.6 336.4 349.3 355 361 367.9 373
312.4 325.8 337.4 345.6 352.6 358.5 357.5 356 354.6 351.2 345.7 340.9 336.4 327 319 312.8 308.9 306.4 303.2 302 299.3 297.6 296.5 295 292.1 288.1 285 280 275.1 270.8 263.2 253.5 245.1 235.5 228.5 221.7 216.5 210.8 200.8 201.1 201.9 203.9 208.3 210.9 212.9 216.1 218.9 221 217.1 213.3 217.9 218.1 213.8 210.6 207.6 197.7 199.7 200.2 207.6 212.1 214.8 222.8 229.8 238.2 248.5 261.3 273.8 287.5 302 313.1 322.7 334.5 346.2 358.4 360.7 362.8 368.5 368.4
313.4 329.7 340.4 347.7 352.6 355.5 355.7 353.1 348.8 344.9 338.5 332.5 323.5 315.4 309 305.7 303.1 300 296.5 291.1 290.2 290.1 288.8 286.3 284.4 281.9 278 272.2 266.2 260 253.1 243 236.9 232.1 227.2 219.8 214.9 211.9 202.2 208.8 209.8 209.7 210.3 214 219 226.2 227 230.4 227.6 221.6 219.7 217.5 211.7 206.5 205.4 204.1 199.1 202.3 208.4 210.8 211.6 219.9 228.3 236.9 247.2 262.2 276.5 292.8 309.5 319.6 327.7 340.8 353.4 363.4 362.1 360.2 360.5 362.3
315.8 329.5 340.7 348.2 353.1 354 354.1 350 345.4 339.4 333.7 324.3 314.1 306.9 302.5 299.6 297 294.8 291 284.8 282.5 282.3 281.8 279.7 276.5 272.6 269.4 264.3 256.6 252 243.5 235.3 228.9 225.4 222.7 215.8 211 206.6 203.2 210.8 214.8 213.8 212.7 217.6 227.7 233.6 237 238.9 236.5 229.5 224.8 216.9 209.8 204.7 203.7 202.4 202.7 198.6 204 207.5 209.9 217.5 225.9 234.5 244.4 261.7 278.5 296.1 311.4 323.6 334.3 347 359 364.7 361.9 354.3 352.4 359.3
316.6 327.8 341.2 348.8 353 353.6 351.8 347.5 343.4 335.8 326 316.1 307.3 301.3 294.8 290.4 287.1 287.3 284.3 279.6 279.2 276.8 276.4 274.4 270.6 264.1 259 253.2 249.3 248.1 244 240.1 233.4 226.5 215.3 212.6 209.1 205.8 204.3 204.4 209.7 214.5 214.1 225.4 233.6 244.4 252 249.2 245.1 238.4 230.1 221.3 211 205.2 203 204.8 206 198.7 200.6 203.8 207.9 215.6 224.1 232.9 242.3 259.1 274.4 289.8 307.2 325 340.2 348.9 359.8 360.6 357.1 347 346.5 353.9
319.5 329 341.5 348.3 351.7 352.6 349.8 345.9 341.3 331.1 319 309.1 299.5 299.2 299.6 297.7 294.5 291.5 287.4 282.8 277 273.1 271.3 269.6 268.3 265.6 263.2 261.7 259 254.8 251.5 244.5 236.5 227.5 218.3 212.6 209.5 207.4 205.7 203.5 208.1 213.1 222.9 231.8 241 259 266.3 263.1 255.1 243.6 233.5 224.8 216.6 208.2 204.9 206.4 207.8 205.4 202.4 201 206.4 213.8 223 232.1 240.6 249.7 265.5 280.4 302 323.3 341.5 348.1 355.1 354.5 347.9 337.2 346.4 345.7
321.7 331.9 341.3 347.9 351 350.5 348.1 344.8 340 327.3 313.6 307.7 308.1 307.9 306.7 306.6 303.4 299.4 296.1 290.6 280.4 274.6 273.2 275.3 277 274.9 273.4 270.7 265.7 259.5 254.3 248.1 239.5 229.1 220.1 211.2 209 207.4 206 203.9 208.9 214.6 228.3 239.1 250.1 270.5 281.1 280 267.3 250.2 237.2 228.5 220.8 212.6 207.1 206.8 207.6 207 204.8 201.3 203.9 214.6 223.4 231.4 238.5 245.5 258.4 276.1 296.7 321 335.6 343.2 347.4 343.9 337.2 329.1 335.7 335.2
324.5 334.1 341.6 347.9 349.6 348.3 346.3 343 338 325.3 313.5 316.3 318.3 316.5 318.7 318.1 316.7 313.3 308.2 300.7 290 279.1 281.9 286.5 288.6 288 285.8 281.7 273.8 264.8 256 248.3 239.1 229.3 221.2 212.2 209.3 207.2 205.6 203.5 212.5 217.5 233.7 246.2 261 277.6 284.2 283.6 274.2 255.4 241.8 231.2 222.9 216.8 210.6 208.2 208.3 207.7 206.1 202.4 204.3 211.6 222.7 229.8 234.7 241.9 254.6 269.5 293.3 316.4 329.7 336.9 338.7 334.3 326.7 319.8 323.2 324.3
329.5 337 343 348 348.8 348.1 345.1 340.8 332.8 321.4 326.5 329 331.6 330.5 333.8 332.5 333.4 330.7 324.5 315.7 299.2 289.7 293.5 299.3 303.3 304.1 303.7 296.6 284.5 268.6 255 245.4 236.6 228.2 222.8 218.6 214.2 209.5 204.8 207.3 212.2 226.9 238.6 249.8 269.2 285.5 287.8 284.7 275.9 260.4 245.3 235.4 225.7 218.1 214.4 212.2 208 207.5 206.5 204.3 204.6 210.5 220.1 227.1 232.3 239 249.7 269.7 290.6 311.7 322.4 328.6 330.5 324.4 313.8 308.7 311.5 317.4
332 339.1 344.6 348.1 349 347.7 343.8 335.6 332.7 337.3 339.7 342.5 344.7 343.3 344 341.6 343 343.1 333.2 326.9 310.9 303.4 310.8 316 317.8 317.7 314.9 307.3 291 268.3 252 243.1 234 227.7 221.5 217.1 214.3 209 207.8 211.1 219.6 232.7 243.7 255.8 276.4 293.1 294.7 287.5 278.1 265.6 249.4 238.3 228.2 221.2 216.4 211.5 209 208.9 209.5 206.8 202.1 211.4 220.4 227.3 232.8 239.1 251.4 266.7 286.8 305 314.4 316.2 316.9 309.5 298.8 299.7 304.6 313.4
334.1 340.6 346.1 349.5 350.4 347.1 340.7 339.2 343 346 349.4 353.3 354.5 355.4 357.5 355.4 349.3 346.6 345.9 337.5 326.7 322.6 332.1 337.8 339.9 332 324.1 308.8 288.2 265.5 248 238.4 232.8 227.7 221.9 217.1 212.3 207.1 210.5 217.6 225.2 237.2 250.1 264.7 282 301.4 300.8 292.5 280.6 268.6 253.7 241.6 230.4 223 215.1 211.6 212.9 213.1 212.7 210.5 203.4 210.4 219.3 225.9 232.4 238.7 249 264.7 284 299.8 305 303.2 300.9 293.4 288.8 294 300.7 310.1
336.4 342.4 348.3 351.5 352.2 347.8 342.1 347.3 350 354.8 357.5 360.2 360.7 362.1 363.5 364.4 363.2 358.5 354.4 346.7 340.8 343 348.6 351 350.9 347.9 328.9 307.7 283.8 262.9 244 233.5 227.7 222.8 220.3 217.7 211.7 209.5 213.3 221.6 233.2 245 257 272.9 289.7 309 307.4 296.4 283.9 274.7 258.4 248.2 235.1 226.1 216.9 210.8 210.8 211.5 211.7 208.6 204.2 210.8 215.7 223.5 229.8 235.3 245.4 260.2 280.5 293.8 298.1 294.2 287.7 281.2 283.7 293.4 302.7 309.3
341.9 346.8 350.9 354.1 354.2 350.2 349.8 355.6 358.5 361.7 364.6 367.4 367.3 367.1 368.2 368.8 368.5 365.7 360.7 353.2 349.9 352.3 353.9 354.6 354.2 349.3 334.7 304.9 279.8 260.6 242.2 227.9 220.2 216.4 214.5 212.5 207 211.9 219.2 226.7 237.4 250.7 263 280.3 300.2 312.7 312.8 304.3 292.4 279.7 265.2 251.2 239.9 230.1 221 214.3 211.5 209.6 208.5 205.3 204.5 206.5 213 219 226.1 231.9 240.2 255.6 275.2 287 288.6 280.1 271.2 274.6 284.9 298 308 314.2
346.1 350.9 354.9 357.5 356.2 353.6 357.2 360.8 363.6 366.6 369.1 371.6 373 374.1 374.1 373.2 372.1 368.8 364.7 358.1 356.2 358.2 359.1 358 355.5 348.6 324.7 305.1 277 256.1 237.7 222.1 216.3 213 211.3 209.5 207.5 210.8 219.5 232.4 243.9 255.4 268.3 286.2 306.3 319.2 319.2 312.3 298.6 285.5 269.7 255.2 244.4 234.3 223 216.9 213.3 210.4 207.6 205.3 205.1 204 212.5 215.8 221.8 228.6 235.9 249 267.7 276.4 272.4 261.9 270.7 280.2 288 300.5 313.8 326.8
350.6 354.3 358.5 360.5 359.7 358.6 362 364.8 367.9 370.3 372.5 374.6 376.4 377.7 378.9 377.8 375.2 371.1 367.3 361.4 361.5 362.3 362.1 359.8 355.2 347.2 329.4 300.9 274.2 252.1 236 223.2 215.2 211.8 209.9 208.7 209.2 211.6 217.4 234.2 247.1 259.3 274 292.5 313 326.5 327.3 320.8 304.7 290.9 276.2 259.1 247.7 237.5 226.4 219.3 214.9 211.7 207.1 206 204.7 206 209.2 214.9 220.9 227.2 232.9 241.9 255.3 259.7 252.6 260.8 272 283.1 292.4 301.2 319.1 331.8
353.5 357.5 361 363.3 363.5 361.9 365.9 368.5 371 372.7 374.1 377 379.3 380.1 380.6 380.4 377.9 373.1 368.6 366.2 365.1 365.1 364.7 362.2 356 344.4 306.7 295.5 270.2 250.3 233.2 222.6 215.7 211.8 209.7 208.2 210.3 212.1 220.4 238 250 264.2 279.1 298.9 320.3 330.9 330.6 323.9 309.2 294.4 278.3 263.3 249.3 239.7 228.4 221.1 215 210.8 205.3 204.6 206.6 210.1 212.6 216.8 221.3 226.8 231.8 238.9 243.4 241.8 249.6 260.9 271.3 283.2 293.3 301.6 319.8 332.6
