webserver/python/data/SO01.asc
ncols 200
nrows 200
xllcorner 300000
yllcorner 210000
cellsize 50
[rows 0 to 34 of 200, columns 0 to 77 of 200]
722.2 750.3 775.1 779.8 782.2 783.1 783.5 783.2 782.5 781 778.8 739 710.7 700.8 692.3 689.5 697.7 712.7 726.9 740.7 758 757.7 729.1 701.8 684.4 673.6 662.6 654 645.5 635 627.1 614.6 599.6 585.3 568.9 556.3 544.8 535.3 525.9 518.8 511.5 502.5 491.8 494.9 500.3 498.9 501.6 498.5 494.3 496.5 500.1 503.7 507.6 509.7 511.5 513.6 517.5 520.3 523 524.7 525.7 527 527.7 534.6 547 561.3 577 593.7 610.6 627.9 643.5 659.6 673.9 688.9 698.9 666.3 636.2 608.7
728.6 758.9 771.9 776.2 778.6 779.1 779.3 779.1 778.1 777 774.4 737.1 704.5 692.2 684.5 676.8 678.4 695.9 708.4 724.8 741.7 758.2 745.6 716.7 692.8 678.4 665.3 654.9 647.3 638.6 628.6 618.8 605.9 591.6 576.6 562.6 550.4 539.1 530.2 520 511.9 503 494.5 484.5 492.6 494.4 493.7 493.6 491.9 489.2 491.3 494.5 499.5 500.3 502.2 505.5 508.7 511.3 513.1 515.1 517.3 517.8 521.1 529.3 542.9 554.6 568.5 585 601.5 619 636.3 649.7 665.4 679.9 691.9 677.8 648.7 625.1
734.9 763.7 768.6 772.8 774.9 775.1 775 774.4 773.4 772.3 770.4 735.2 700.1 686.4 678 670.3 667.3 676 691.6 704.7 723.4 741 753 731.4 703.9 682 669.9 659.1 649.6 641.3 633.6 624.3 612.2 599.2 584.7 571.7 559.1 547.6 536.4 524.7 513.3 504.4 496.4 491.5 484.5 482.6 488.8 490.5 489.4 486.3 486.9 487.1 488.7 491.4 493.7 497.6 500.6 503.5 506.2 507.6 509.6 510.8 516.9 525.5 538.1 548.7 560.6 576.2 592.6 609.8 626.7 641.3 654.7 668.8 686.5 687.9 671.9 654.4
742.8 761.1 765.9 769.1 770.6 770.9 770 769 768 767 766.3 736.6 701.1 684.1 674.3 664.5 655.1 657.4 674.5 688.4 704.7 723.8 741.5 745.3 715.7 692.2 674.7 663.5 654.1 644.7 637.1 629.3 619.1 607.7 594.1 582.2 569.6 557.6 544.4 532.1 517.9 509.1 501.3 495 489 481.9 480.4 482.2 485.6 485.2 482.2 481.8 481 483.6 485.5 490.5 492.5 495.1 497.8 501 502.5 504.3 511.7 519.7 530.4 542.2 552.2 566.1 583.7 599.6 617.1 632.4 646.9 660.9 675 686.2 696.2 685.7
749.3 757.3 762.6 764.3 765.5 766 764.7 763.4 762.6 762.1 761.3 745.9 704.9 685.2 673.5 661 644.2 648.1 655.6 673.5 689.5 708.3 727.3 745.6 728.3 702.8 683.5 669.4 658 648.3 640.5 632.8 624.9 616.1 604.9 592 579.8 567 553.2 540.8 527.9 515.2 506.4 498 491.3 483.6 475.3 475.9 477.8 482.7 481.4 475.8 474.8 477.6 477.8 482 485.5 487 492 497.1 495.4 503.5 506.8 513.8 524.2 536 545.2 557.5 574.8 590.7 608.9 623.5 637.2 653.1 666.6 681 692.3 701
749.7 754 757.9 759 759.9 760.9 760.1 758.8 758 757.3 756 752.2 712.6 688.5 675 659 644.6 637.2 642.7 663.2 674.2 692.8 713.7 732.3 741.7 717.2 693.3 675.2 661.1 652 644.7 637.1 631 623.4 614.7 603.7 590.9 578.3 565.1 551.6 537.5 524 513.5 504.3 495.3 484.1 477.6 473.2 474.3 478.5 483.6 479 467.1 470.2 474.7 476.6 479.7 482 484.5 489.1 492.9 500.1 503.5 510.8 518.4 526.9 536.6 548.8 565.2 583.2 600.5 615.7 630.9 647.1 661 674.3 687 702
746.8 749.1 752.6 753.8 755 756 755.6 754.3 753.8 753.1 751.5 747.1 730 696.2 678.4 662.2 644.4 633.7 634.6 654 660 679.5 700.7 720.3 744.2 733.1 708.3 684 666.3 655.9 650 643.1 636.5 629.5 622.7 614.4 603.7 591.6 577.4 563.9 548.8 534.2 522.6 512.2 502.1 492.1 482.9 474.4 470.2 473.4 476 472.8 465.7 466.6 472.2 474.6 474.9 477.9 479.4 481.5 489.9 495.2 498.4 504 513.1 520.8 530.5 542.2 557 574.4 591.4 609.4 625.9 639 654.4 669.5 682.8 698.8
742.1 743.9 746.2 747.8 749.1 750.2 750.5 749.8 749.1 748.4 746.8 741.7 729.8 708.7 688.5 672.1 648.7 632.3 629 642.9 647.5 667.7 687.4 710 734.8 744.3 721.6 694.6 672.5 660.1 654.8 650.2 646.1 635.4 628.4 621.5 613.9 604.3 591.9 578.8 563.3 547.7 533.4 520.8 509.9 500.8 489.7 479.2 474.4 467.2 470.2 469.2 466.6 464.4 468.4 472.7 470.6 473.4 474 478.2 485.5 490.4 495 500.5 504.9 515.6 525.2 534.9 550.6 564 582.3 602.5 619.4 634.2 649.5 662.8 676.7 693
737.5 738.5 739 739.5 740.9 742.7 743.6 743.1 742.9 741.8 739.3 731.8 714.7 699.8 685.2 673.2 654.3 631.4 625.6 638.3 639.8 658.2 678.6 699.7 724.3 746.4 737.4 703.3 679.2 663 655.1 650.7 648.8 646.2 634.8 626.6 619.6 612 604 592.9 580.5 562.3 545.9 531.2 519 507.4 495.9 485.7 476.7 468.4 464 467.2 465.3 463.6 465.9 469.6 467.4 468.5 471.1 475.7 480.8 486.1 491.3 496.8 503.5 510.1 519.8 530.6 544.4 560.8 576.9 595.3 610.3 626.7 643.4 658.2 672 689.4
730.1 727.5 726.2 727.8 731.8 734 736.4 736.8 734.8 730.3 721.1 710.3 698.6 688.1 671.1 656.6 639.4 628.8 610.7 618.8 630.9 652 671.1 692.8 718.5 744.2 746 712.1 686.7 667.9 657.9 652.3 649.8 649.1 646.5 632.6 624.2 616.2 610.4 602.2 591.6 579.4 558.7 542.1 529.5 514.7 501.9 491.6 477.5 469.3 465.9 462.8 464.6 463 468.3 468.8 464.6 465.4 466.9 471.8 477.7 483.3 488.3 493.3 499.3 506.1 515.2 526.2 538.1 553.8 569.3 586.6 605.1 620.8 637.2 653.2 667.3 686.1
721.4 719.1 716.9 717.4 717.8 721.5 721.5 718.5 713.3 704.8 697.6 689.9 679 665.4 653.1 638 624.3 612.8 607.2 609.4 627.4 646.3 666.2 687.5 713.3 742.6 746.9 728.5 693.9 672.4 661.5 655.7 649.7 646.9 648.4 642 630.1 620.9 612.5 607.5 599.4 589.9 575.3 554.5 540.2 525.5 509.7 497.2 485.1 473.3 468.3 461.8 461.2 463.7 469.3 469.7 467.8 462.1 463.4 468 475.1 480.4 485.4 491.3 496.1 502.7 511.5 521.8 532.2 547.9 562.7 579.9 598.8 612.5 630.7 647.8 663.3 682.1
714.9 709.2 703.8 700.1 699.9 698.3 694.2 691.1 687.1 681.8 670.8 660.8 651.2 641.9 632.2 620.6 610.4 598.2 597.1 608.9 625.5 643.2 661.9 685.6 710.9 740.6 744.8 741.6 703.8 676.9 665.4 659.5 652.8 647.1 642.6 639.2 632.6 626.6 617.3 610.1 605.3 597 587.6 569.1 553.2 536.5 519.7 503.6 490.6 476.2 466.1 461.7 457.4 460.8 466.8 468.4 464.7 459.7 461.9 465.2 470.9 477.4 480.8 487.8 493.1 499.1 508.2 517.5 528 541.4 557.2 571.8 591.3 608.8 625.7 642.3 659.7 677.9
700.7 690.8 686.5 683.3 680.4 677.5 673.6 669.9 664.4 656.6 647.2 639.6 631.1 622.5 613.7 604.3 596.4 587.2 593.7 610.4 626.6 643 661.8 683.6 709.8 738.8 743.6 746.3 731.5 690 671.2 663.5 656.9 648.8 640.7 634.7 630 626.5 620.8 612.6 606.7 601.4 593.2 584.7 568.5 549.2 531.5 512.2 495.5 481.1 467.2 459.9 457.4 457.4 464.3 466.1 457.4 457.4 457.9 461.9 467.8 477.6 477.8 484 489.5 495.1 504 514.7 523.7 537.6 551.7 568 586.5 603.4 621.3 637.2 653.5 673.2
682.2 674.4 669.8 666.7 664.5 659.9 655.3 650.6 644.5 635.8 628.1 619.3 612.8 605.7 597.2 589.5 582.9 577.2 596.6 612.4 627.9 644.1 663.8 685.5 714.3 737.6 742.1 744 744.8 720.4 688.6 672.8 662.6 655.3 646.6 636.8 630.2 624.3 619.6 615.9 609.3 603.2 598.2 590.7 583.1 563.7 543.4 521.3 501.3 485.5 471.7 460.6 457.4 457.4 460.3 458 457.4 457.4 457.4 460.2 465.1 471.9 474.3 479.8 485.4 492.3 500.4 509.4 519.8 533.2 546.4 562.7 580.3 597.2 614.2 631.6 648.1 667.2
662.8 656.8 654 650.9 647.3 643.5 636.6 630.3 625.4 618.4 611.1 602.6 596.5 589.7 582.4 576.2 565.4 583.3 599.2 615.1 630.9 647.2 666.6 689.7 722.2 736 739.5 741.6 743.4 742.4 726.7 702.2 685.4 676.3 664.8 649 630 623.3 620.1 616.4 611.9 606.1 601 595 588.5 578.3 555.5 533 509.7 492.9 478 463.7 457.4 457.4 457.4 457.4 457.4 457.4 457.4 457.5 462.5 467.6 471 477.9 485.5 489.8 497.8 505.9 516.8 528.4 543.4 557.9 575 593.1 609 625.7 643.2 662.7
644.6 641.1 637.9 634.6 630.5 624.9 619.3 614.1 607.9 601.3 594.4 588.3 581.4 574.4 568.9 562.9 565.4 586.6 603 618.2 634.4 652.2 672.1 697.6 727.5 733.2 736.8 738.6 740.8 741.8 739.5 736.9 730.3 721.1 699.7 669 640.9 619.7 613.7 611.6 610.5 606.2 602.6 596.1 588.6 583.6 570.3 541.3 519.9 499.2 483.5 468.7 457.4 457.4 457.4 457.4 457.6 457.4 457.4 457.4 461 464.3 469.4 476.5 483.8 488.1 493.5 503 513.3 525.3 540 554.1 570.4 588.4 603.2 620.2 637.6 656.4
628.4 624.5 621.3 617.9 612.8 608 603 598.1 592.6 585.7 580.3 572.6 566.8 560.3 553.9 541.3 566.3 589.9 607.3 623.6 642.3 660.3 680.3 711.3 726 730.8 733.2 735.5 737.6 738.4 738.3 735 733.8 731.4 727.2 687.1 651.9 620.2 608.9 605.6 604.1 601.9 599.2 594.3 587.8 585.2 577.8 551.9 529.3 506.6 488.5 474.4 461.5 457.4 457.4 457.4 457.4 457.4 457.4 457.4 457.4 461.4 467.9 474.3 482.6 486.5 491.8 501.2 510.9 522.1 537.1 549.9 564.6 581.4 596.6 614.7 632 649.3
617.3 612.2 606 601 597 592.1 587.8 582.6 577.7 572.4 566.2 558.4 552 544.7 530.6 549.9 572.8 595.5 610.5 629.6 649.9 668.8 694.4 720 724.1 727.8 730.1 732 733.6 734.6 734.3 732.9 731.9 730.2 727.7 703.9 661.7 629.1 609.1 603.8 598.1 596.5 593.5 590 587.2 583.3 579.3 562.6 537.3 514.5 492 477.8 464.3 457.4 457.4 457.4 457.4 457.4 457.4 457.4 457.4 458.7 465.5 473.3 480.4 484.5 488.8 498.7 508.4 520.5 534 546.3 559.9 575.7 590.3 607.5 624.9 643.7
608.5 600 592.4 586 581.4 578 572.7 567.3 563.2 557.9 550.2 541.3 532.9 522 541.7 568.1 586.4 601.3 619.8 640 660.9 686.6 713.7 718.3 721.2 724 726.9 728.6 730 730.5 730.8 730.5 729.4 727.9 725.8 720.8 670.6 636.2 610.2 602.1 596.5 590.5 587.2 584.7 583.2 581.2 578.9 568.6 543.4 522.7 498.7 482.1 468.9 457.4 457.4 457.4 457.4 457.4 457.4 457.4 457.4 457.4 464.7 471.6 478.2 483 487.5 495.5 505.9 517.4 529.9 542.1 555.8 571.4 584.4 599.6 617.8 635.8
598.5 590.1 580.4 573.8 567.9 563.6 559.1 553.4 547.7 541.3 533.3 523.6 508.4 525.6 549.4 574.2 592.3 612.2 631.6 652 676.9 708.2 714.2 716.5 718.8 721.4 723.3 724.9 726.4 726.5 727.6 728.3 726.7 724.4 723.2 721.9 686.8 649.9 619.8 602.3 595.2 589 584.1 579.4 576.8 577.6 575.6 569.4 551 525.4 504.8 486.7 472.5 458 457.4 457.4 457.4 457.4 457.4 457.4 457.4 457.4 462.1 469.2 476 481.9 486 493.1 503.8 515.8 525.2 538.5 551.7 566.1 579.5 594.7 610.9 631.9
589.4 579.5 570.5 563.1 556.9 550.9 544.5 535.9 529.9 525 516.8 504.4 518.9 544.3 563.7 584.2 605.3 626.1 646.9 669.5 695.7 709.3 712.1 713.8 715.9 717.5 719.5 721 722.4 723.1 724.5 725.7 724.1 721.8 721.5 719.8 716.8 660.3 630.8 606 594.6 588.4 582.2 574.6 570 571.6 571 568.1 556.3 529.3 512 490.9 476 463 457.4 457.4 457.4 457.4 457.4 457.4 457.4 457.4 462 469 476.1 480.4 485.1 492 501.7 512.7 524.2 535 547.6 561.1 574.5 589.2 605.4 626.3
580.3 570.1 560.3 551.6 544.5 538.2 529.7 521.3 513.9 506.5 498.4 510.3 532.3 551.9 574.8 598.7 622.5 643.7 667.6 689.2 701.6 706.9 709 710.8 712.3 714 716.1 717.5 718.6 720.5 721.7 721.9 720.9 718.7 718.5 718.5 716.7 677.8 643.5 614.2 593.5 587.9 580.8 573.4 565.9 565.7 566 564.5 555.5 531.6 516.7 498 478.4 464.8 457.4 457.4 457.4 457.4 457.4 457.4 457.4 457.4 459.8 466.6 474.8 479.9 485.6 492.3 499.9 510.7 521.1 532.4 544.1 555.3 569.8 584.9 599.5 619.8
572.1 560.1 550.5 540.7 532 524.8 516.3 506.3 498.1 487.3 499.4 519.6 541.1 562.5 589.3 616.3 639.4 662.4 683.7 692.1 699.9 703.9 705.8 707.3 708.8 710.5 712.5 713.7 715.7 717.5 718.1 718.5 717.2 715.6 716.2 716 715.9 713.7 665.1 629.9 603.5 588.3 580.2 572.8 563.6 560.7 560.4 559.8 551.2 531.1 517.9 503.7 483.4 468.1 457.4 457.4 457.4 457.4 457.4 457.4 457.4 457.4 457.4 465.7 474 479.4 483.7 488.8 497.3 509.8 519.5 530.8 539.8 551.8 565.6 580.3 596.9 614.2
563.3 552.6 541.8 531.3 521 505.5 502.4 492.1 479.8 488.7 507.1 526.5 548.1 574.3 604 633.6 658.9 678.1 686.2 692.2 697.8 700.8 702.5 704.3 705.5 707.2 708.9 710.7 712.4 714.2 713.5 714.1 713.7 712.4 713.9 713.9 713.2 713.4 698.4 648.4 615.8 589.1 577.2 571 563.1 556.1 556.6 556.9 547.1 530.7 517.3 505.9 487.1 467.1 457.4 457.4 457.4 457.4 457.4 457.4 457.4 458.4 457.4 466.1 472.4 478.6 483.3 488.1 495.2 508 516.5 528.3 538.2 549.5 561 576.2 591.7 608.6
556.8 545 533.6 521.5 510.4 491.1 489.7 478.2 471.3 492.5 511.2 533.2 556.2 584 615.1 650.7 673.4 680.9 685.4 690.6 694.4 696.9 699.3 701.4 702.2 703.9 704.9 706.8 708.9 710.9 710.1 709.7 709.5 709.7 710.8 711.3 710 710 709.3 668.7 627.6 599.9 575.8 567.3 560.8 554.9 552.9 554 539.9 527.7 518.5 508 493.2 470.6 458.1 457.4 457.4 457.4 457.4 453.3 450.3 449.2 455.2 464.6 471.2 476 481.8 487 495.2 505.5 514.6 525.3 537.8 548.7 558.2 570.7 586.4 603.2
551 538.6 524.4 511.4 500.5 488.2 468.5 463.6 480.4 496.4 516.2 540.1 565 594.6 626.4 664.1 677 681.3 683.1 685.7 689 692.1 694.8 697.7 699.7 701.1 702.1 703.7 705.2 706.2 705.8 705.6 705.7 706.8 707.8 707.2 706.9 704.6 701.8 691 640 607 578.7 566.3 559.5 552.1 551.2 549.1 532.1 524.8 517.9 508.3 496.8 481.5 468.9 457.4 456.2 450.5 438.7 442.4 444.8 449.2 455.6 462 469.2 476.4 480.2 484.1 492.8 503.8 513.2 523.7 536 544 554.2 567.7 583.6 599.4
543.5 532.5 518.3 502.4 490.7 478.9 464.8 466.4 483.4 499.7 520.1 546 572.7 600.6 636 669.6 676.4 678.7 681.5 683.2 685.2 688.7 691.6 694.3 695.8 697.1 698.8 699.7 700.8 701.1 701.8 702.5 703.2 703.9 704.1 703.3 701.6 698.8 697.9 698.3 648.6 617.3 586.1 565.8 556.6 551.3 544.6 542.2 526.7 521.5 515.5 507.1 498.1 486.7 472.8 458.9 453.2 448.6 442.9 439.1 448.6 449.3 454.2 461.4 469.2 474.9 478.9 483.8 492.7 502.7 512.5 523.8 533.2 543.6 552.3 564 579.9 595.1
538.5 526.2 511.4 494.9 481.3 468.2 454.5 469.1 485.6 504.7 526.9 551.7 578.2 607.2 639.9 670.4 673.4 675.5 678.1 679.5 681.9 685.1 687.6 690.4 691.8 693.3 695.3 696.7 697.4 698.2 698.4 699.1 699.7 699.6 699.4 698.8 697.1 694.2 694.6 695.6 670.7 625.8 591.7 565.2 553.7 548.9 540.9 530 524.2 518.6 512.8 505.4 497.9 488.2 475.6 459 451.3 447.1 441.7 437.4 442 447.5 451.8 459.2 468.6 473.6 475.8 480.6 493.5 502.6 512.3 521.6 530.8 540.9 549.9 560 572.7 589.1
532.2 519.4 503.9 487.3 473.4 457.7 456.7 471.1 490 510.3 533.2 556.6 581 610.2 643.2 668.3 671.2 673.3 674.1 676 678.9 681.5 683.5 686.2 688.2 689.8 691.6 693.7 694.2 693.7 694.1 695.2 695.4 695.3 694.7 692.3 690.8 691.3 691.8 692.2 683 634.1 592.4 562.3 545.9 543.6 540.7 527.8 520.8 517.8 512.2 503 494.3 488.4 475.4 456.4 448.4 443 438 434.2 443 446.6 450.6 457.9 467.4 472.5 473.6 479.4 491.8 502.5 510 519.5 529.4 537.8 544.9 554.5 566.2 580.9
526.6 513.2 496.8 480.1 460.9 444.7 458.7 476.3 493.4 515.2 536 559.1 583.7 611.1 644.4 665.1 668.4 670.6 670.9 673.7 676.4 678.6 680.3 683 685 686.7 687.8 689.4 688.4 687.7 688.1 689.2 689.7 690.2 690.1 687.5 687.4 688 689 690 688 644 595.1 564.3 543.5 537.4 537.1 529.5 519.4 516.8 513.4 506.9 497.9 488.1 474.9 460.3 448.6 442.2 437.8 433.9 441.4 444 448.7 456.3 465.2 470.2 472.4 478 489.6 499.1 509.3 517.2 525.4 533.5 542.6 552.2 561 571.8
520.4 506 489 472 453.3 446 462.1 478.1 496.3 518 538.4 560.4 582.9 610 641.5 662.2 665.9 667.4 669.2 671.4 673.8 675 677.5 680.6 681.8 683.3 684.4 684 683.9 683.7 683.9 685.6 686.8 686.8 685.6 684.3 684.4 684.9 686 687.2 685 643.6 596.8 569.7 550.2 538.3 535.5 529.2 519 514.5 510.1 508.4 497.8 484.9 470.9 461.2 452.1 443.6 439.8 436.2 437.8 442.6 447.6 455.7 463.8 467 470.7 478.3 487.6 497.4 507 515.4 522.3 531.2 538 546.9 554.9 565
512.8 498.7 481.8 465 440 450.5 465.3 480.9 496.7 514.4 535 558.3 580.9 608.4 638 659.4 664 665.8 667.5 669 670.5 672.5 676.4 677.2 677.7 679.5 680.4 680 680 680.7 681.4 682.3 682.8 683 682 681.1 681.9 682.6 683.1 684 672.9 630.6 593.6 574.6 560.5 545.8 538.2 529.7 518.5 511 503.5 504.9 495.2 482.7 469 459 450.1 441.4 439.5 437 431.1 441 447.9 454.5 460.7 465.5 470.5 478.1 486 496.1 504.3 511 520.1 525.8 533.7 542.3 549.5 559.3
506.1 490.8 473.6 453 434.9 453.4 468.3 485.9 504.3 524 541.8 561 581.2 607.6 636.4 658.7 662.3 664.4 665.7 666.9 668.1 670.6 673.4 674.1 674.2 675.8 676.9 676.6 676.9 677.7 678.7 678.3 678.7 679.1 678.7 678.5 679.4 679.7 680.5 679 651.1 615.2 591.9 576 562.6 549.3 540.3 530.3 519 512.9 509.5 499.3 483.1 478.3 465.4 454.7 444.7 436.9 434.4 432.1 427.7 434.5 441.6 449.2 456.8 463.4 470.1 477.1 484 491.9 500.2 507.4 515.2 523.3 531.3 537.4 546.4 555.2
499.1 483 464.9 445.2 437.9 456.3 471.3 488.7 506.6 526.4 546.2 562.7 583 607.1 635.9 656 658.7 661.2 663.2 664.3 666 668.4 669.8 671.3 671.5 672.5 673.2 672.8 673.9 675 675.2 675.3 676.6 676.2 676.1 676.7 676.5 676.6 676.2 667.8 630.6 602.8 585.2 570.7 560 551.7 543.8 528.3 515.7 510.9 501.3 489.5 480.7 471.8 456.7 449.5 442.3 437.8 432.6 428.2 424.8 433.4 447.5 451.6 456.4 462.3 470.1 476.5 484.8 491.6 498.9 505.8 511.2 520.2 527.4 534.4 541.9 549.7
490.3 474 455.1 427.4 443.3 458.3 473.1 490.1 507.1 525.7 544 562.2 583.9 608.7 634.9 653.1 656.1 659.1 660.5 662.3 664.3 666.2 667.8 669 668.8 668.8 669 669.4 670.9 672.2 672.5 672.8 673.5 673.5 673.8 674.6 674.1 674.2 670.6 645.4 615.5 597.4 580.5 568.4 563.1 555.6 542.7 528.7 514.7 506.5 496 485.1 476.4 466.4 455.9 447.1 440.8 435.4 431.3 424 422.7 436.3 445 449.9 453.3 462.3 469.2 475.2 482.1 489 496.3 502.2 508.8 516.9 524.1 531.2 538.2 541.6
