webserver/python/data/SO05.asc
ncols 200
nrows 200
xllcorner 300000
yllcorner 250000
cellsize 50
[rows 70 to 104 of 200, columns 78 to 155 of 200]
204.6 200 199 199.1 199.5 201 203.2 208.3 216.3 226.2 235.9 243.1 249.6 254.2 258 261.1 261.2 259.9 258.9 258.5 257.5 256.3 255 253.6 253.7 252.6 249.4 240.9 237.3 231.2 226.7 227.4 229.6 235.4 240.9 239.8 236.9 229.8 222 219.1 220.2 224.4 228.8 231.4 239.3 245.2 249.5 254.2 254 250.6 245.2 237.4 231.8 238.1 250 266.3 264.2 268.5 269.6 265.3 261.4 260.5 261.7 262.9 263.9 264.6 264.7 266.6 267.7 270.3 279.8 290.6 298.9 310.1 311.5 315.8 315.4 316.9
199 197.1 198.2 199.3 200.4 201.7 204.4 210 222.2 233.8 242.3 248.4 253.1 256.8 259.4 258.9 258.3 255.7 254.4 255.4 254 253.1 251.1 250.4 249.6 249.5 248 242.9 235.5 229 220.4 223.1 230.6 235.2 237 235.6 231.1 221.9 219 219.5 222 227.1 231.6 237.4 240.6 247.1 251.6 258 257.3 252.1 246 239.7 238.5 237.9 239 248.7 256.3 257.1 252.4 250.9 250.6 249.1 251.3 252.6 255.6 257.4 260 260.6 261.2 265.3 276.3 291.7 300.9 304 304.8 302.8 301.4 304
192 189.9 196.7 199.2 201.2 202.9 207.1 214.4 227.4 238.7 246.9 252.4 256.3 258.8 256.9 254.4 252.8 251.1 250.3 251.2 250.4 250.4 247.8 243.2 243.6 240.9 241.6 239.5 235.8 231 221.3 219.9 228.6 232.3 234 234 227.8 218.6 220.1 224.4 227.6 230.9 237.7 242.6 244.6 250.3 256.7 261 259.2 254.1 249 240.8 238.4 238 238.3 241.5 244.3 240.2 238.9 240.1 241.8 242.4 243.9 245.4 248.1 250.7 253.9 254.4 255.5 262.2 276.6 289.2 293.5 296.2 295.7 292.8 293.2 295.2
189.9 196.4 200.2 198.9 201.8 203.8 208.8 217.5 231 241.7 248.9 253 255.8 255.8 252.7 250.2 248.7 248.6 247.3 245.7 245.1 245.1 243.2 238.6 236.7 234.8 233.5 232.2 231.3 226.9 220.9 218.7 223.3 229.3 231.4 230.6 219.6 219.6 224.2 228.8 231 233.9 240.8 244.7 248.4 252.5 258.7 260.8 260.7 256.2 248.7 240.2 238 238.1 238.2 238.1 238.1 238 238.1 238.2 238.2 239.3 239.4 240.9 243.2 245.4 248.1 249.3 251.4 260.6 280.4 288.9 289.5 290.7 287.4 285.5 286.7 288.5
196.4 199.9 200.1 199.5 202 205.6 213.9 225.2 237.1 241.9 246.6 250.8 252.3 251.2 249 243.7 241.4 245.5 243.5 240.2 239.8 238.1 236.6 232 228.3 227.6 226.4 225.8 225.9 222.1 216 212.1 216.6 220.4 223.9 222 219 221 226.1 231.5 235.1 238 242.2 246.5 250.7 255.4 259.5 261.4 261 257.3 250 241 238 238 238 238.6 238.1 238 238.2 238 238.4 238.1 238 238.8 240.4 240.8 241.3 243.3 249.6 262 281.2 293.8 289 280.1 279.4 281.2 283.2 283.5
201.3 201.3 202 201.4 202 206.7 222.5 231.6 236 239.7 244.1 247.4 246.4 243.4 242.3 239.6 240.8 241 241.3 239.8 236.5 234.5 231.4 225.1 221.2 220.7 220.7 220.5 220.3 216.8 210.7 209 210.3 209.4 213.3 219 219.3 219 223.4 230.9 237.6 242.3 246.5 249.5 254.8 259.7 262 264.4 262.2 258.6 248.9 240.8 238.5 238.2 239.4 238.6 238.2 237.9 238.2 238.1 238.7 242.7 241.1 239 239.2 239.1 239 240 250.5 263.2 281.7 289 286.3 279.2 279.1 280.6 280.7 280.4
201.6 201.9 202.4 202 202.7 209.6 222.5 231.1 234.8 237.8 240.9 240.5 238 234.8 230.1 238.4 241.1 241.1 238.3 235.6 233 231.2 228.3 222.5 216.7 214.7 214.8 213.5 213.3 211.3 208.8 209.8 215.2 218.1 219.1 219.4 221.1 219.8 219.2 225.7 237.4 245 249.9 254.1 259.3 263.4 266.7 269.4 268.7 267.9 265.6 254.9 260.6 254.9 249.7 253.2 247.2 244.3 243.6 243.2 250.7 251.3 247.7 239.2 238.2 238 239.5 248.9 256 265.6 278.8 282 281.6 277.7 277.5 279 279.4 274.8
201.9 201.9 201.7 202 204.6 211.9 221.1 227.4 231.8 233.8 233.6 232.5 230.7 228.9 230.8 236.9 239.1 237.2 234.9 232.2 229.4 223.4 221.1 219.3 212.4 209.9 210 210 209.4 209.2 211.7 218 223.6 226 228.9 227.3 227.9 224.8 219.8 227.4 237.3 243.4 249.8 255.7 259.4 265 270 273.2 270.6 272 276.3 268.7 274.9 276.7 265.6 267.5 270.2 268 267.1 260.8 251.5 250.9 243.2 239.3 238.9 238.4 244.3 253.5 263.8 271.8 280.5 281.1 278.3 273.2 273.4 271.9 271.1 270.4
201.8 202 202.2 204 208.7 213.2 219.3 224.2 228.7 229 226.5 223.3 220.6 226.6 231 232.7 234.5 232.4 229.9 227.4 223.7 219.4 217.7 214.2 209.3 210.1 210.6 211 211 211.4 217.9 225.9 231.9 233.5 235.8 236.7 236 231.5 223.6 229.8 237.9 244.2 250.4 256.7 261.7 266.2 271.6 276.8 278.5 278.7 280.3 282.9 284.6 290.2 275.6 277.9 284.7 288.7 282.4 264.9 249.1 243.2 240 240.5 239.6 239.3 250.7 260.3 269.1 276.5 280.8 274.9 269.2 269.4 271 271 271 266.3
201.6 202.1 202.4 205.7 209.8 213.2 217.9 222.4 224.4 224 222 219.1 221 223.7 228.5 231 230.6 227.7 223.6 222.1 218.3 214.5 213.1 212 209.9 208.9 210.2 211 211.5 218.1 228.2 233.9 239.6 242.3 242.6 242.2 241 240.7 235.4 229.4 238.3 245.5 251.7 256.3 260.3 266.3 271.4 278.2 279.9 280.5 284.1 296.3 298.3 291.3 293.8 294.3 293.5 299.5 290 263.9 251.4 243.4 241.1 240.9 238.9 240.5 253.6 262.6 270.8 273 266.8 263.4 260.9 264 264.7 264.6 266 263.1
200.4 199.7 201.2 204.9 209 212.7 216.3 219.5 221.1 219.8 217.8 215.9 220.4 219.8 223.6 228 228.7 223.9 219.9 217.6 214.6 209.9 208.8 208.1 207.8 207.4 208.3 209.9 216.1 223.2 232.1 238.4 245.4 250.3 251.1 246.3 241.5 241.6 237 230.7 238.9 245.8 251.7 256.2 260.3 265.9 272.1 280.1 280.3 282.5 286.8 297.3 309.7 306 309.8 314 303.1 304.2 297.9 271.5 262 248 243.3 239.9 239.1 241.7 249.7 254.4 255.3 252.2 250.2 250.9 254.5 256.5 256.3 256.8 257.9 258.4
200.3 199.1 200.2 203.8 207.8 211.1 214.3 216.7 216.7 214.9 211.2 210.2 215.6 217.2 219.2 221.8 222.7 219.3 214.9 212.7 210.6 206.4 201.5 201.8 203.1 205 206.3 209.1 217.2 225.7 233 242.8 250.7 251.4 249.5 241.2 239.2 234.5 229.3 235.2 240.2 245.3 251.2 256.3 260.5 266.8 276.2 283.6 289.8 288.9 296.7 310.4 320 326.5 322.2 328.5 311.6 305.7 299.2 285.4 276 261.6 248.1 243.7 240.3 240.3 241.1 240.3 240.1 241.2 241.7 242.9 247.9 249.5 250.5 250.4 250.5 250.5
202.3 199 200 202.9 206.2 208.8 211.5 213.5 213.5 211.3 210 209.7 211.7 213.7 213.7 215.5 216 213.2 209.7 207.7 204.5 200.6 199.3 199.2 200.4 201.8 204.3 209 217.1 226.5 233.7 243.8 251.1 251 244.3 238.6 235.6 232.1 231.6 233.3 238.7 242.9 248.8 255.3 262.2 268.7 278.1 285.4 293.2 294.5 303 313.3 325.5 330.9 332.8 331.4 319.7 313 306.3 301 292.7 275 260.4 249.5 242 238.8 238 237.9 237.9 238 238.3 238.4 239.9 241.1 243.5 244.3 244.7 245.2
201.7 199 199.6 200.6 202.7 206.1 208.5 210 210.6 209.7 205.5 204.2 207.7 208.5 207.6 208.2 209.4 206.5 202 201.4 199.1 198.8 199.1 199.2 200.5 202.3 204.7 209.2 219.8 229.4 238.1 246 250.7 249.7 239.8 239.1 236.3 233.9 233.5 235.3 239.1 240.2 243.7 252.2 258.6 265.9 276.6 287 299.1 307.1 311.8 319 329.5 331 335.9 336.7 330 319.1 309.7 307 301.1 285.3 270.5 256.9 243.4 239 237.9 237.9 237.9 237.9 238.1 238 238.4 238.1 238.9 240.2 240.9 241.1
199.7 198.9 198.9 199.2 199.7 202 204.7 206.2 206 203.5 199.3 200.7 201 201.5 201.5 200.4 199.9 199.2 198.7 198.8 199.3 199.2 199.7 200.2 202.4 204.8 207.6 213.7 220.9 230.3 237.6 243.3 246.9 246.2 240.4 239.2 237.3 235.6 236.5 238.1 241.3 244.5 247 249.7 257.5 266.3 278.9 292.8 305.9 320.1 319.9 327.8 336.5 339.6 339.1 339.5 335.3 325.2 316.9 309.3 302.7 293.2 288.9 272.6 257.5 242.6 237.9 238.1 237.9 238 237.9 238.3 237.9 238 238 238 238.4 238.4
199.3 199 199 198.9 198.9 199.1 199.9 201.5 200.4 199.4 198.3 196.7 197.1 198.3 198.8 199 199.4 198.8 198.8 199 199.5 198.9 200.6 202 204.6 208 210.3 217.9 219.9 229.3 235.4 239.6 242.7 241.5 240.9 239.2 237.7 237.7 238.9 241 244.5 249.9 253.6 257.5 254.7 268.6 283.9 298.2 314.2 329.6 332.7 340.6 348.2 351.7 347.7 349.1 341.8 331.4 321.9 316.6 310.3 308.4 310.5 291.6 276.6 261.4 250.3 249.1 252 251.2 242.5 238.7 238 237.9 237.9 238 238 238
198.9 198.9 198.9 198.6 198.9 199.1 199.1 199.5 199.4 198.2 195.2 192.6 192.4 194.6 198.4 199.4 200.9 201.9 199.2 199.3 199.5 200.5 200.9 204.6 208.1 210.7 213 218.8 220.4 226.5 231 235.9 240.4 242.6 243.4 239.2 238.9 239 242.9 246.1 248.4 253.8 259 262.6 260.1 272.9 287.1 305.6 321.6 332.8 340.4 347.6 358.4 363.2 369.7 360.2 346.6 335.8 327.4 324.1 319.7 317.8 322.3 314.1 294.2 284.1 270.6 264.1 261.6 255.7 251.2 243.5 238.8 238 237.9 237.9 238 238
198.9 198.9 198.9 198.9 200.9 202.5 201.1 200.7 199.5 198.3 195.4 193.9 193.5 195 198 198.9 201.5 201.9 200.4 201 202.6 202.5 204.7 208 209.9 212.7 217.2 220.5 220.3 225.8 229.7 234.6 240.7 246.9 248.3 242.2 240.5 242.9 249.4 249.4 253.8 259.9 265 269.3 269.1 280.5 296.1 313 327.7 335.2 344.8 355.4 366.4 372.4 380.6 377.5 358 344.8 336.5 333.3 333.9 337.8 336.9 329.6 306.9 298.5 296.5 290.3 281.7 269.5 260.8 249.8 244.5 240.9 238.2 237.9 237.9 237.9
198.9 198.9 198.9 201.7 208.4 208.7 205.4 201.1 200.1 198.9 198.1 198.5 199 198.3 198.6 199.5 202 203.1 202.8 203.6 206.5 206.7 208.4 210.4 211.1 215.3 219.2 221.4 223.5 226.9 232.4 237.9 241.8 248.3 251.4 248.6 247.5 249.7 252.5 255.9 262.3 266.4 271.4 278.5 269.6 279.5 300.7 322.1 330.5 337.8 353.9 365.9 374.5 380.7 389.4 389.1 368.6 355.6 344.2 343.1 353.5 367.1 350.8 343.1 323 308.9 309.9 311.9 302.5 290 272.8 259.7 251.2 247.3 242.1 239.5 238.1 237.9
198.9 199.1 199.6 207.2 211.3 211.7 208.1 201.3 197 195.7 199.1 201.8 204.2 206.2 205.9 205.1 209.1 207.9 207.7 208.1 209.6 209.2 210 211.6 215.4 217.8 219.7 223 226.5 230.4 235.2 242.8 246.9 250.7 253.8 252.3 249.2 250.3 256.5 260 265.3 270.4 277.4 280.8 278.8 290.4 312.4 330.2 338.9 346.7 361.6 375.6 383.4 394.3 403.8 404.4 383.3 373.7 358.2 360.9 375.8 385.4 375.4 349.6 332.9 326.2 323 319 313.1 298.3 279.3 262.5 254.7 251.8 247.3 244.8 241.3 239
198.6 199.5 202.8 209.2 211.5 212.2 208 200.1 193.2 190.1 199.7 204.2 208.5 210.6 211.6 209.7 211 211.1 209 211.1 211.5 213.7 215.9 217 219.9 219.9 221.3 225.4 229.8 236 241.7 247.3 251.5 255.3 258 257.8 250.4 254.9 260.1 259.7 267.2 271.9 278.2 279.5 278.3 285.3 312.2 330.9 339.3 352.7 364.9 380.6 392.9 407.4 414.2 412.3 391 385.5 373.5 383.5 400.6 413 393.8 372.2 347.6 348.4 343 326.6 320.8 300.7 282.7 266.8 260.7 254.9 252.4 250.9 248.8 243.3
198.9 202 207.8 210.9 211.1 209 205 200.6 193.1 189.9 200.5 205.7 209.2 212.9 215.1 214 212.8 210.5 210.5 211.7 214.7 217.7 219.9 219.3 220.6 220.2 223.4 227.9 232.9 238.8 245.5 251.7 256.5 259.6 264 264 255.3 259.1 263.2 266.3 270.4 274.8 279.5 279 278.1 283.6 303.7 329.6 337.1 357.8 368.1 381.7 399.3 409.9 412 411.6 403.3 395.2 386 398.8 416.3 428.4 414.4 395.1 364.9 359.3 353.2 333.4 324.7 310.1 286.2 271.5 264.8 259.2 259.9 256.8 255.1 249.9
199.6 204.8 210.4 210.8 208.2 204 199.9 195.3 189.4 189 200.5 205.9 210.4 214 217.6 217.8 213.2 210.6 211.3 214.9 217.7 220.8 220.3 219.9 222.2 224.5 226.7 230.1 237.1 242.5 248.4 254.4 260.7 265.5 269.8 270 259.9 263.9 268.4 272.5 276.3 278.1 280.9 280.8 278.9 285.4 300.6 318.1 329.4 344.4 360.8 376.5 389.3 396 405.8 410.6 408.7 403.7 399 411.1 426.7 431.6 423.5 409.3 376.6 357.4 349.3 338.7 331.5 309.5 286.3 275.1 268.9 264.2 263.6 261.8 260.6 254.8
201.5 208.5 211 206.7 202.2 198.9 194.5 191.1 189 190.9 198.7 204.7 210.8 212.9 214.6 213.9 211.8 211.3 213.1 216.7 220.4 221.1 220.9 223 224.6 227.5 230.5 230.8 239 244.6 250.4 256.3 262.3 269.1 271 270.4 266.9 267.4 273.6 280.5 286.5 287.2 285.9 283.8 281.2 285.1 301.7 316 333.8 349.4 368.5 382.6 387.6 400 409.9 411.1 411.2 410.9 407.6 415.2 429.4 435.4 432.3 419 388.5 371.8 353 338.7 330.5 306.2 290.8 278.5 273.9 269.9 266.6 264.4 262.3 258.3
200.5 204.5 207.1 202.8 198.1 192.9 189.8 188.9 189 192.1 197.9 201.8 207.1 209.7 210.2 211.3 211.6 211.8 214.6 217.8 220 222.3 224.1 226.8 228.4 229.2 229.8 233.9 240.1 245.9 251.7 257.6 263.4 268.9 270.8 269.2 268.9 271.8 278.7 287 299 307.4 301.9 291.1 282.8 287.5 300.2 321.3 333.9 354.5 381 398 402 398.9 407.3 411.1 411.2 409.9 412.6 424.5 433.8 439 439 430.1 399 383 361.2 346.1 331.1 312.2 296.5 287.2 279.3 274.1 270.4 266.4 262.3 257.7
200.4 200.9 200.3 199.2 193.4 189.2 188.9 189.3 190.7 195.3 199.1 200.8 205.4 207.9 208.3 209.6 210.7 211.3 213.1 216.4 218.9 221.5 225.3 228.8 230.6 230.3 229.6 232.6 240.7 245.9 252.7 257.7 263 268.4 270.3 269 268.6 272.7 281.5 290.6 304.4 317.2 322.2 315.6 295.9 293.9 299 318.9 335.3 351.7 379.9 402.5 412.1 416.7 407.7 405.8 409.5 409.6 418.3 429 438.2 441.5 439.5 429.9 404.7 382.6 364.3 351.9 340.1 317.3 302.2 292.3 284.7 277.2 272.6 266.6 261.1 256.5
194.1 194.4 194.5 192.7 189.1 188.3 189.2 190.1 190.7 198.2 200.4 201.6 202.7 204.5 205.1 206.3 208.3 209.5 210.9 214.7 219.1 221 225.7 230 232.2 234 234.5 235.5 238.7 241.3 250.3 256.2 262.5 267.8 268 266.2 268.2 272.9 283.8 297 310.6 320 329.5 331.7 321.2 306.2 308.3 317.5 334.3 350 373.9 396.8 409.1 410.7 402.7 399.8 403.8 407.8 418.6 431.3 438.5 442.6 441.1 432.1 415.7 403.6 384.2 358.7 345.1 323.5 311 297.5 286.7 279.3 273.3 267.2 261.3 255.7
187.5 188.7 189.2 185.9 182.6 186.5 189 191.1 197.2 200.5 200.2 201.9 201.8 201.4 202 202.6 204.7 208.3 210 214.8 219.7 220.8 225.6 230.3 235.8 238 238.9 241.3 243.1 243.7 249.1 250.3 255.5 260.4 259.8 261.3 265.4 273.1 284 301.2 316.2 325.2 334 339.8 338.3 328.2 326 333.2 338.7 356.3 372.4 389.3 399.6 399.2 400.1 399 399.6 406.2 415.1 426.4 434.6 439.1 439.7 428.4 420 415.9 406.3 371.6 353.9 333.7 315.9 301.6 290.9 281.1 274.2 267.9 259.7 254.1
181.5 182 182 179.5 180.3 185.1 189.9 195 200.2 200.9 200.8 201 200.2 199.5 200.2 201.8 204.1 207 210.8 214.7 218.5 220.4 228 233.1 239.7 242.2 243.2 246.9 249.5 251.4 253.3 252.3 251.2 258.8 259.3 260.3 264 271.1 283.8 302.2 315.6 326.8 340.4 347.8 354.3 347 345.1 349.9 354.3 365.8 379.9 391.7 397.6 399.9 400.4 398.9 399.5 409.9 411.3 417.5 428.6 432.9 430.2 426 420.9 421.1 411.8 385.1 366.2 345.4 321.6 304.9 292.3 283 275.2 267 259 251.8
179.1 178.9 180.2 180.1 185.6 189.5 192.2 196.5 200.8 201 200.9 200.6 199.2 199.6 201.2 203.1 205.3 208 211.5 215.8 219.3 224.3 231.9 237.4 242.2 247.1 249.7 251.8 255.2 256.9 258.8 259.2 258.5 260.3 262 263.2 265.6 271.5 280.8 299.5 314.5 326 341.3 354.1 363.9 370.7 374.5 375.3 376.9 383.9 395.5 402.3 400.8 400.1 400.5 397.6 398.5 405 409 410.8 423.3 428.7 426.3 423.4 420.1 420.6 419.7 400.5 379.4 356.4 332.1 309.2 293.1 283.7 275.8 267.3 258.3 249.9
179.2 179.3 184.6 187.3 189.3 192.1 195 199.3 200.8 201 201.1 200.1 200.4 200.7 202.7 204.8 207.1 209.8 214 218.2 221.7 228.5 233.6 238.5 243.7 249.4 252.5 255.8 259.1 260.7 260.7 261.7 264.8 267.2 269.7 269.1 268.9 271.1 277.7 296.5 317.5 325.5 338.5 353.2 366.2 380.1 392.9 395.9 399.7 402 407.8 411.6 407.7 404.3 399.9 391 393.7 402.2 404.1 406.1 416.5 421.5 419.9 420.8 412.5 411 410.5 403.7 387.7 355.7 331.2 308.4 293 282.8 275 265.9 257.8 249.5
182.7 187.2 189.6 191.1 191 192.2 195.4 198.6 200.4 200.1 201.1 199 201.1 201 203.8 206.4 208.9 212.4 216.7 221.4 226.9 231.3 236.5 240.4 245.3 250.3 251 253.6 257.3 260.9 261.2 263.4 268.3 271.5 272.9 272.3 272.5 275.1 281.9 299.1 316.9 328.4 340.8 354.6 370.8 386.9 400.3 408.9 416.8 420.1 419.5 414.3 410 409.7 402.2 387.3 385.5 391.3 400.3 400 403.4 411.6 411.8 409.3 397.6 396.4 398.6 395.7 381.6 354.2 327.6 309.9 296.6 286.6 276.9 265.7 257.8 251.6
191 191.2 191.2 191.2 191.1 191.4 193.9 196.3 198.3 198.6 198.5 199.2 199.6 201.3 203.5 206.2 210.7 215.1 220.8 225.7 231.3 235.6 238.8 241.1 243.3 246.8 248.9 249.6 253.1 257.1 260.4 261.7 267.2 271.3 274.5 276.5 275.2 278.8 284.9 299.8 315.5 330.8 344.9 357.7 377.1 390.5 403.8 415 425.4 431 430.6 416.2 410.5 403.2 393.8 378.7 374.1 380.7 384.9 389.2 392.7 400.2 398.1 388.8 382 388.2 398.9 401.2 379.8 353.6 331.1 314.2 302 290.7 281.8 270.8 261.8 252.5
191.3 191.3 191.2 190.5 189.2 190.9 191.8 193.5 195 195.3 195 198 199.8 200.5 201.6 207 211.3 217.1 222.4 229.6 233.1 239.1 240.4 240.4 240.3 239.9 241.8 242.9 246.7 250.5 253.6 258.9 263.5 268.7 270.8 271.8 274.3 279 287.3 302.6 315.1 332.7 349.6 365.8 380.2 395.1 408.1 417.3 425.6 430.9 428.2 408.6 400.6 393.7 384.6 371.6 369.4 368.3 373 376.3 388.9 391.1 381.7 370 364.9 378.1 398.5 407.9 391.3 360 332.8 317.1 304.5 296.5 286.3 276.2 267.3 257.9
191.3 191.3 191.2 190.8 189.1 190.3 190.4 191.2 192.2 192.3 191.1 194.7 198.5 199.1 202.2 208.9 214 220 225.7 231.2 235.6 239 239.2 237 234.9 233 233.8 237 238.8 241.8 248.5 254.5 260.2 265 268.6 268.9 278.3 283.9 293.5 305.6 318.3 332.5 352.7 371.9 387.2 400 413.7 416.7 422.9 431.6 414.6 398.1 391.5 379.6 374.9 370 370.1 369.9 359.9 362.7 376.4 373.7 365 355.9 351 358.5 373.9 382.2 383.6 362.9 337 320.6 308.3 299.8 289.6 278.8 270.7 263.1
