webserver/python/data/SO06.asc
ncols 200
nrows 200
xllcorner 300000
yllcorner 260000
cellsize 50
[rows 105 to 139 of 200, columns 0 to 77 of 200]
210.2 211.6 214.6 217.5 220.7 221.5 221.2 220.6 219 217.2 215.6 215.3 220 223.6 226.8 229.3 231.7 233.5 236.2 238.4 235 229.1 227.5 227.5 230 239.4 237.9 234.9 234 232.7 230.8 229.3 228.7 228.2 228.3 228.3 228.3 236.6 242.8 245.8 248.4 248.6 248.9 249.9 250.5 253.8 256.5 257.7 258.1 260.4 264.7 268.3 271.5 271.9 270.6 269.9 272.9 277 283.8 292.2 292.5 290.5 294 300 308.5 311.9 313.7 309.9 309 309.2 310.8 310.7 310.8 304.2 298.2 292.3 289.3 283.3
208.8 210 212.3 215.1 219 221 221 221 219.4 216 212.6 213.1 217.5 221.1 223.5 226.2 229.2 230.7 231.1 231.4 230.7 229.2 230 230.8 230.9 233.3 231.1 229.7 229.6 229.4 229.2 229.2 228.9 228.1 228 229.3 237.4 243.7 250.6 254.8 257.4 256.8 255.6 255.8 256.1 259.1 262.5 263.7 263.6 264.8 267.9 271.7 273.9 273.9 272.6 273.7 277.5 285 292 298.9 299.6 293.9 296.1 299.7 308.1 310.6 309.2 309.3 309.9 310.7 310.8 309.8 307.2 301.8 295.9 290.3 285.1 280.1
208.8 209.2 210.6 214.3 219.1 220.5 221 221 218.8 214.9 210.8 210.5 213 218.1 220.3 223.1 225.6 226.7 227.6 228 230 230.8 230.4 230.8 230.5 229.6 229.8 229 228.9 228.8 228.7 229.2 228.8 228.4 231 240.2 247.9 253.9 257.5 259.8 262.1 261.4 260 262.2 263.3 264.8 266.3 268.4 269.6 270.2 272.3 275.4 277.3 277.7 276.5 277.4 280.7 291.5 301.9 309 308.6 297.7 297.9 298.6 301.1 306.6 308.2 309.3 311.1 312.3 310.8 306 300.9 296.2 290.5 282.7 279.2 275.7
209.2 210.1 210.6 218.4 220.9 221.5 220.6 218.3 215.3 212.2 210.5 209.2 211.6 214.9 217.9 220.3 221.9 222.5 222.7 221.5 223 225.5 224.5 226.8 228.4 228.4 228.4 228.4 228.2 228.2 228.1 229.2 229.2 229.7 237.6 246.8 254.4 259.6 262 263.9 264.8 264.6 265.4 267.7 269.7 270.8 271.9 272.6 274.2 277.4 279.7 281.3 281.6 281.3 278.5 278.2 282.4 295.6 307.8 313.3 310.9 299.3 298.1 298 299.1 306.5 317.4 310.6 310.7 311.4 306.9 300.2 294.7 290.1 285.8 280.6 274.4 270.2
208.9 211.4 214.5 218.8 221.1 221.5 218.8 215 212.3 211 209.2 209.2 210.2 212 214.8 217.9 220.4 219.8 219.7 219.8 219.6 220.9 223.1 226.5 228.3 228.4 228.5 228.3 228.2 228.1 228.1 228.9 231.6 238.4 245.4 251.6 258.8 260.6 263.3 266.1 267.6 268.1 270.8 273.3 274.4 275.6 277.2 277.7 278.4 281.5 286.2 287.6 285.5 284.7 282.8 280.5 282.8 297.7 312.3 318.9 310.2 298.6 297.9 298.5 301.6 310.7 314.4 310.9 309.2 305.9 300.3 293 286.9 282.5 279.4 274.7 270.9 265.3
203 209.5 212.4 213.7 216.3 218.5 217.1 212.7 209.8 209.2 208.8 208.8 209.1 210.2 212.1 215.6 218.4 219.1 219.7 221.5 221.4 222.6 225 227.9 228.8 228.9 228.6 228.3 228.1 228.1 228.6 231 235.5 240.9 246.6 252.2 260 261 265.1 268 270.9 271.4 275.5 278.3 279.1 282.6 285.5 286.6 286 286.7 289.7 292.5 291.1 290.2 288.4 286.3 287.5 298.7 317.2 324.9 314.3 300.6 297.9 302.8 309.5 310.5 307.2 303.3 301.2 297.6 292.5 285.7 279.2 275.2 271.6 268.7 266.3 261.8
199.3 203.8 206.3 207.6 210.6 213.6 213.3 210.6 209.4 208.9 208.4 208.8 209.7 210 211.8 214.6 217.1 219.2 220.6 222.2 224.5 226.1 227.9 228.6 229.4 229 228.6 228.3 228.1 228.5 230.4 233.2 236.8 242.1 248.5 254.6 259.9 262.9 267.5 270.4 272.7 275.1 279.3 282.6 282.7 289.1 294.2 296.1 295.4 295.4 294.4 295.8 297.7 298.1 300.9 298 293.8 304.8 325.1 334.4 325.2 318.8 314.3 319.6 320 311.3 304.7 299.7 293.8 290.6 285.1 278.3 270.4 268.4 266.4 264.3 261.5 256.6
198.8 200.2 201.4 202.5 205.8 209 210.3 210.2 209.8 209.5 208.8 209 210.2 211 213.1 216.3 218.5 220.4 222.4 224.4 226.5 228.1 229.7 230.2 230.8 229.2 228.8 228.4 228.1 229.5 232.2 235.6 239.6 248.3 253.6 259.9 263.3 267 269.8 272.6 276.1 279.1 282.5 286.3 287.5 295.6 302.2 304.5 306.6 308.3 304.5 307.1 311.8 313.5 322.1 318.5 304.5 314 335 345.8 340.5 334.8 330.1 323 317.2 309.7 301.7 297.3 290.6 280.9 277.2 270.8 265.2 261.9 262.3 259.9 255.7 251
198.2 198.5 199 199.5 201.6 205.3 209.8 213.3 211.8 210 209.1 209.3 211 213.1 215.7 218.1 220.5 222.4 224.1 225.8 228.1 230 231.2 231.8 231.7 230.6 229.4 229.9 230.2 232.4 234.7 238.2 239.7 247.3 254.1 262.2 265.2 270.6 272.2 275.7 279.7 284.4 288.4 293.8 298.7 306.8 313.3 316.2 320 322.6 318.7 321.8 328.8 334.1 339.3 333.8 317.5 328.2 347.3 350.5 350.8 347.9 342.8 331.5 321.3 311.3 303.6 297 290.3 282.5 274.2 269.2 263.7 259.7 258.5 253.1 250.8 247.2
198.4 198.7 198.9 199.4 199.9 205.3 210.2 211.2 210.6 209.3 209.3 210.5 212.5 214.5 217.8 219.9 222.3 224.3 226.3 228.2 230.1 231.8 232.3 233.8 234.3 234 232.7 233.3 234.7 238.2 240.7 242.3 247 251.2 254.7 258.9 266.2 271 275.6 279.6 283.2 291 300.8 310.3 319.8 327.5 330.9 332.7 336.1 341 339.9 339.6 342.4 349.4 348.3 341.1 332.1 335.8 347.4 349.7 352.7 350.3 342.9 333 324.9 315.7 308.5 301.4 293.1 284.9 277.5 270.6 264.6 260.8 257.8 250.9 249.1 245.5
198.7 199.1 199.1 199.8 200.4 204 208.5 209 209.3 209.3 209.4 211.7 214 217 219.8 222.5 224.6 227.6 229.6 231.4 233.6 233.5 233.8 236.7 239.6 239.2 237.9 239.3 240.8 245.3 249.9 251 255.1 258.3 261.4 265.1 269.2 275.7 281 285.7 293.9 302.9 315.7 326.4 336.3 342.6 349.6 352.9 355 357.7 357.5 357.8 361.1 363.9 357.7 349.1 340.6 340.9 347.2 348.8 350.5 348.7 342.3 333.7 325.2 317.2 309.6 303.7 297 288.2 279.9 271.5 266.5 263.5 259.8 257 250.8 248.2
198.6 199 199.2 201 200.8 203.1 205.1 208.2 209.2 209.2 211 213.7 216.6 219.6 222.4 225.3 229 231.1 233 235.8 237.5 238 238.9 240.5 244 245.1 245.7 248.2 252 255.8 258.8 259.5 262.1 266.6 269.7 272.9 275.6 280.5 290.4 298.5 308.5 319.1 331.2 345.6 354 362 368.4 371 370.4 372.6 372.3 377 379.4 376.6 365.4 354.6 345.7 348.2 349.5 349.4 349.5 347.3 340.2 331.6 323.9 316.6 311 304.3 297.2 289.4 282 274.6 269.5 266 260.5 258 253.6 250
198.4 198.8 199.9 201 200.6 200.3 202.5 206.3 208.8 209.2 212.1 216.8 220 223.4 226.5 229.4 232.4 236.5 238.8 242.2 245.4 248.6 250.6 252.6 254.9 256.2 257.2 260.1 264.1 268 271.2 270.8 272.4 276.8 278.4 284.5 293.5 294.8 304.4 315.5 329.2 340.1 352.1 362.8 372.5 379.2 383.5 384.5 384.2 384 382.5 386.6 387.8 383 370.3 360 350.3 350.5 350.8 351 349.2 344.3 336.8 329.6 324.3 318.7 310.1 302.9 295.3 288 281.2 277.6 272 266.3 261.5 259.6 256.8 253.8
198.4 198.7 199.9 200.3 199.7 199.9 203.2 206.9 209.8 211.1 214.7 219.6 224.8 228.9 232.9 237.5 241.9 246.1 249.2 253 255.1 259 263.1 265.6 268 269 268.7 272.8 276.2 279.3 281.6 282.7 284.2 288.1 294.9 303.6 310.2 317.4 316.2 330.1 343.4 355.5 365.6 376.4 385.9 392.3 392.9 393 393.3 392 390.5 395 396.7 387.3 376 364.5 357 355.3 354.6 353.3 348.4 342.1 334.4 326.8 322.9 318 309.4 299.4 292.6 286.3 279.9 276.1 270.8 268.5 265.6 262.8 259.7 256.9
198.7 198.3 199.3 199.5 199.7 201.6 204.6 208.2 210.9 213.7 217.3 224.1 231 237.5 243.3 249.4 255.4 259.8 262.3 266.3 270 273.5 276.4 278 280 280.1 279.8 282.7 286.1 289.6 292.2 296.5 300.5 307.1 314.4 321.3 323.7 332.5 332.4 342.9 355.6 367.6 379.7 390.3 399.4 400.7 398.7 400.2 401.5 399.4 399.8 403.2 401.1 391.1 381.3 376.5 368.5 361.2 359.4 355 345.8 339 330.9 323.8 317.5 311.9 303.4 295 289.1 284.7 280.1 277.7 272.9 269.8 267.3 265.2 262.3 259.9
198.9 198.5 198.7 199 201 203.8 206.7 209.6 211.8 213.3 219.8 229.7 239.2 248.2 255.7 262.3 268 271.9 274.3 280.6 283.6 286.4 288.6 291.6 292.7 291.9 289.3 292.3 294.8 301.4 308.8 316.5 322.8 327.2 329.9 337.4 339.1 345.6 349.4 353.5 367.6 381.6 393.3 401.4 407.1 407.6 407.6 410 410.3 407.7 407.4 407.9 400.9 392.9 387.5 382.4 377.6 367.3 362 353.5 342.8 335.2 328.3 318.4 310.7 300.4 296.7 293.9 288.9 285.4 282.3 279.3 276.2 272 269.3 268 267 262.9
199 198.1 197.7 199.2 201.2 204.1 207.3 210.4 212.8 215.9 226.1 236.6 248.5 258.6 267.6 274.2 281 285.6 287.2 294.5 297.4 300.2 301.5 302.9 305.5 304.2 302.3 308 313.2 319.2 329.1 336.4 341.2 343.7 345.9 348 352.2 356.9 361.6 367.7 378.6 391.8 401.1 407.9 413.4 414.1 414.2 417 418.2 416.1 412 410.5 401.2 395.8 390.1 382 376.5 370.5 360.7 349 338 328.1 318.9 309 304.6 298.6 296 292.1 289.5 287.2 284.2 281.9 279.8 276.9 273 271.8 270.9 266.8
195.1 192.9 194.3 197.2 201 204.1 207 210 213.3 221.7 232.7 245.7 259.1 271.2 281.2 287.7 293.4 297.9 302 308.5 311.1 314.6 318 320.3 323.1 323.6 320.9 324.8 334.3 340.6 347.5 355.1 359.8 360.7 361.2 360.3 362.1 368.1 376.9 382.9 387.7 396.5 406.6 412 416.6 420.3 422.1 425 427.7 425.4 420 409.9 403.8 398.4 390.4 381.5 373.9 367.5 355.4 343 328.6 316.7 308.5 304.3 302 299 297.8 294.9 291.8 289.2 286.8 284.6 282.4 281.2 278.8 274.8 271 268
192.8 190 192.2 196 200.3 203.6 206.9 211.1 221.2 232.7 245 260.2 274.6 286.1 294.2 301.9 307.8 313.6 318 323.5 330 332.7 336.9 337.7 338.7 339.2 335.8 345 351.7 358.3 364.2 372.2 376.6 377.6 378.1 376.2 378.6 381.1 388.9 392.6 396.2 400.9 406 412.5 419.9 425 428.8 430.6 431.2 429.9 421.9 409.9 402.3 396.2 389.5 379.8 371 362 351.3 334.7 319.4 313.2 308.6 305.1 302.9 301.5 299.4 297.2 293.6 291 288.7 286.1 283.4 281.2 279.6 274.1 270 267.7
191.1 189.2 191.2 195 199.7 205.1 209.8 220.9 233.7 246.9 261.9 277.3 289.7 298.6 307.5 315.7 324.2 332.2 338 342.6 349.1 352.7 354.9 354.2 354.7 354 353.6 360.6 369.1 375.5 382 389.1 392.4 394.3 395.3 394.5 392.6 391 392.6 396.3 400.4 404 409.3 416.7 423.5 427.7 429.9 430.7 430.8 430.1 421.1 411 403.2 397.2 389.9 380.2 367 353.4 341.3 329 316.6 312.8 309.4 306.4 304.8 302.7 300.3 297.7 294.8 292 288.9 285.9 283.4 281.1 277.7 272.5 268.3 265.3
189.3 189.8 192.2 196.1 201.7 207.7 218.8 232 244.7 260.8 275.6 290.5 303 313.4 323 333.5 341.8 350 357.1 359 368.5 370.4 370.8 371.1 372.8 373.3 372.9 376.5 385.8 393.7 398.1 401.4 403.2 406.1 407.6 406.5 403.6 399.6 397.3 399.2 401.6 405 409.9 420.1 422.6 426.7 429 429.1 429.1 428.7 421.4 413.7 407.6 399.2 390.7 380.5 367.3 347.6 332.9 320.4 315.2 313.1 310.8 307.7 305.4 303.7 300.9 299.4 296.4 291.9 288.3 283.9 281.6 279 275.2 271.5 267.6 264.5
189.7 191.2 195.3 199.1 205 212.9 225.9 240.9 256.4 272.5 289 305.8 320.6 332.2 342.2 351.7 360.1 367.7 374.1 378.1 383.8 383.9 385.5 387.9 389.8 391.2 390.7 394.8 400.6 407.9 412.2 415.2 415.1 416 416.2 413.4 408.8 405.3 404 404.5 405.1 407.1 409.2 415.8 422.1 426.6 429.3 430.6 430.2 427.2 423.1 417.9 411 400.1 390.7 379.6 363.9 344.6 331.7 321.9 316.1 313.4 310.2 308.2 305.8 303.3 301.2 300.1 296.8 291.9 285.6 280.9 278.2 276.1 273.1 269.4 265.8 263.5
190.9 193.7 197.8 202.7 209.6 221 233.9 248.8 264.9 285.9 305.2 321.2 336.2 348.9 359.2 368.1 377.8 385 390.9 394.4 397.8 399.8 401.8 403.1 405.9 408.6 408.9 410.4 413.2 416.5 420.6 425.1 423.9 423.4 423.1 418.8 416.4 414.5 413.1 410.9 409 409.1 412.6 419.4 424.3 428.3 430.9 431.2 429.6 427.4 423.5 420.9 410 398.8 389.3 376.6 360.7 343.2 332.8 324.3 318 313.6 310.4 308.7 305.8 303 300.8 300.9 295.6 288.4 282.1 277.6 274.7 272.6 269.8 266.8 263.6 261
192.8 196.1 201.1 206.5 215.2 227.1 244.1 261 278.1 298 317.9 334.5 352.2 364.9 377 388.2 398.5 401.3 404.4 405.7 407.6 409.9 412.6 415.4 419.5 423.1 422.1 419.4 420 419.2 422.6 425.8 427.3 428.6 429 425.2 425.6 427.6 426.5 423.6 417.4 414.2 420.5 427.4 429.8 429.9 431.1 431.8 430.4 427.1 422.8 416.6 406.6 397.5 388.2 375.6 359.8 344.8 334.6 325.3 318.8 314.2 311 308.3 304.5 301.3 299.9 297.9 293.1 285.9 279.7 277.4 274.4 271.1 266.9 263.8 261.1 259.3
193.6 198.3 204 210.1 221.3 235.1 253.9 272.7 289.9 310.7 330.7 352.2 367.6 382.9 397.4 400.5 404.8 408.2 410.4 413.2 414.3 413.7 415.8 419.9 427.1 429.5 429.3 426.5 425.1 423.9 426.7 429.3 432.9 434.8 433.3 430.8 432.2 432.6 430.7 430.2 425.3 420.1 419 423.7 427.1 428.4 429.4 427.7 425.2 420.1 414.4 408.3 401 394.7 386.3 374.3 362.4 348.3 339.6 330.8 322 317.2 312.4 308.3 304.4 299.2 298.3 296.2 292.1 289.6 282.7 279.7 274 269.4 266.2 261.7 259.7 257.7
195.8 201 206.5 214.4 226.9 243.9 263.3 283.2 303.3 325.5 349.2 366.8 381.2 391.5 398.2 403 412.4 419.5 418.3 417.9 422.3 419.9 418.1 422.1 430.5 434.6 433.3 429.1 428.2 428 431.3 435.3 438.6 438.7 435.3 432.1 431.7 431 429.6 426.2 423.9 420.2 416.8 416.4 417.2 418.3 417.2 417.1 413.8 408.8 404.3 398.7 395.4 390.5 380.2 369.1 359.1 350.3 343 336.4 330.2 324.4 319.6 314.6 308.6 300.8 297 294.2 290.4 290.2 284.7 279.3 273.2 270.1 266.5 262.3 259.9 255.8
198.6 203.9 210 219.5 234.1 254.2 274.9 296.8 319.8 343.2 365.1 378.5 390.4 400.3 407.4 416.5 425 430.2 430.6 434.1 433.6 425.8 422.1 429.2 431.5 436.8 438.1 432 431.1 435.5 437.6 440.9 440.6 435.7 432.9 429.8 427 424.2 421.8 418.4 415.9 413.8 410.5 408.4 406 405.6 404.8 402.1 400.7 397.7 396.3 393.9 391.9 385.8 373.8 365.6 357.6 350.9 344.6 338.6 333.3 328.8 323.6 318.5 310.7 301.7 296.5 294 290.3 285.9 281.4 277.7 274.1 270.9 266.7 262.8 260.5 255.2
201 205.7 213.5 224.8 241.5 263.6 289.1 312.8 336.9 357.8 375.3 388.6 400.8 410.3 419.2 422 428.4 432.4 440.4 440.1 435.6 429.6 424.4 429.5 432 438.5 440.9 439.4 439.8 440.9 438.2 436.3 432.6 428.8 425.8 422.7 419.9 416.2 412.9 409.8 407.7 403.4 399.3 396.5 394.3 392.2 390.6 388.8 390.7 391.2 392.2 390.2 387.2 380.1 369.5 362.8 355.7 349.5 344.6 339.4 335.2 330.8 322.9 315 308.3 299.9 294.8 293.4 290.5 284.9 280.5 276.8 271.7 268.2 265.4 262.1 260.2 257.1
203.5 210.3 219.3 235.5 255.1 278.5 304.1 326.4 350.8 368.4 386.7 402.4 410.8 419.5 422.9 427.4 428.3 430.7 433.2 430.5 429.9 425.1 424 430.7 434.5 436.8 434.4 433.3 432.1 430.3 428.7 424.4 421.2 417.7 415.6 412 407 404.4 400.9 397.4 395 393.1 390.2 387.5 384.7 382.8 380.8 382.7 384.1 385.5 386.6 384.4 379.6 372.4 365.3 359.2 352.5 348.2 343.8 338.9 333.2 324.8 316.8 309.1 306.3 300.9 295.6 293.4 290 283.9 280.1 274.9 269.4 266.2 264.2 262.3 260.6 257.9
206.9 214.5 225.8 245.4 268 290.8 315.8 337 360.2 379.8 396.3 410.5 418.4 418.5 421.3 416.3 415.7 415.1 416 415.4 416.1 414.2 413.6 416.2 420.3 419.4 417.3 420.5 419.1 415.7 413 409.7 407.8 405.1 401.1 397.6 393.4 391.4 388.7 386.3 384.3 382.7 380.6 378.7 376.2 374.4 374.1 376.4 377.8 379.2 379.9 375.9 370 364.6 359.3 354 349.2 345.5 341.7 334.6 326.8 318.1 313.1 308.1 304 301.1 297.7 293.5 289 283.5 279.2 273.4 268.9 266.4 264.2 262.3 260.4 258.1
207.9 218.8 234.6 255 275.9 300.8 321.5 344.2 368.5 387.3 405 411.2 409.2 403.6 400.9 395 394.7 394.3 394.2 396.5 396.3 397.5 398.7 402 404.4 404.1 404 403 401.2 398.7 396.5 395.3 393.1 390.4 388.4 386 383.3 381.5 379.7 377.4 376.6 376.2 375 372.7 369.7 368.2 368.5 370.1 371.1 371.9 369.3 363.8 360.3 358 353.9 350.1 346.2 342.5 338.2 329.4 323.5 319.3 314.6 309.6 305.9 302.3 299.5 292.6 286.9 281.9 277.9 273.4 269.5 266.9 264.2 261.5 259.3 255.1
210.2 224.7 243.7 259 280 303.2 322.8 349.1 373.3 393.3 405.6 401.3 393.2 385.7 381.7 380.2 378.7 378.2 381.2 383.5 384.5 385.5 387.2 387.9 389.1 389.8 389.7 388.6 388.5 385.1 382.8 381.7 380.9 380.8 378.9 377.6 376.8 376.3 374.3 373.3 374.1 374.1 372.1 368.9 364.3 363.2 364.1 363.6 362.3 360.8 358.1 356.4 354.8 353.2 350.7 347.4 343.9 339.8 334.9 330 324.8 320.4 316 311.7 309.8 308.2 303.2 294.9 286.9 280.7 276.3 271.9 269 266.6 264.1 261.8 258 252.5
213.5 230.8 246.3 261.4 282.3 302.4 325.9 354.3 376.8 387.9 390.2 384.6 377.3 370.6 363.9 360.9 359.9 362 365.5 367.5 369.5 370.8 372.4 373.5 374.4 375.1 375.6 375.7 375.4 374.4 373.8 374.3 374.4 375.1 374.2 373.5 372.7 372.4 372.7 372.4 372.2 371.7 368.4 364.1 359.4 358 358.8 356.6 354.8 353.7 353.4 353.4 352.5 350.2 347.8 345.2 342.3 339.2 335.1 330.7 328.6 322.6 319.1 317.1 316.3 314.6 308.5 300.8 290.8 282.4 275.9 271 267.8 265.5 263.5 262 258.8 253.6
217.3 237.6 251.3 262.3 282.1 304.1 331.1 356.8 369.2 374.8 373.2 366.8 360 352.2 346.1 341.1 341.1 345 348.3 352.9 354.3 356.1 357.8 359.6 360.8 362.1 364 365.5 366.9 366.4 367.8 370.7 371.7 371.4 370 369.3 368.7 368.4 368.6 368.9 368.9 367.9 363.6 358.9 353.1 349.9 350.1 349.9 349.6 349.4 350 350 349.5 347.5 345.5 342.9 341.1 339.6 336.8 332.9 330.9 328.1 326.5 325.8 326.4 325.2 319.8 310.7 299.4 288.8 277.3 269.9 266.6 264.5 262.5 260.1 256.3 253.1
220.2 240.6 255.9 269.2 288.9 314 333.6 352.3 361.4 360.9 354.6 348.4 341.1 333.7 327.1 322.6 323.2 327.3 331.6 334.7 337.7 342.9 346.1 348 350.1 352.3 355.3 356.9 358.4 360.3 364.1 366.4 367.6 368.1 366.5 365.1 365 363.1 362.8 363.1 363.6 362.6 356.9 350.2 347.4 345.8 345.4 345.3 345.2 345.1 346.2 346.5 345.8 345.3 343.1 341.9 340.3 339 338.4 338.3 336.9 335.5 335.5 336.6 338.8 338.6 330.7 318.2 302.7 284.1 275.7 267.8 264.7 261.8 260.1 256.7 252 248.7
