webserver/python/data/SO19.asc
ncols 200
nrows 200
xllcorner 310000
yllcorner 290000
cellsize 50
[rows 105 to 139 of 200, columns 0 to 78 of 200]
146.4 143.9 155.5 173.9 182.1 185.6 183.3 179.7 173.8 166 159 155.5 151.2 146.9 144 141.5 146.1 147.2 142 137.3 138.6 138.2 139.3 140 140.1 138.2 136.1 134 131.1 131.5 132 132 130.8 130.4 130.1 127.9 128 127.6 128.4 128.6 127.6 124.2 124 122.3 119.5 114.6 113.5 113.3 113.4 113.7 114.2 114.8 115.5 116.6 118.7 121.1 126 133 137.6 143.6 150.4 158.2 170.6 181.4 193.8 198.9 200.8 200.8 199.4 198.8 198.1 197.2 194.8 190.4 183.6 175.1 170.7 171.2 182.5
148.9 158.8 171.6 176.4 183.3 181.5 178.7 173.7 165.1 158.1 152.1 148.8 147.8 151.8 152.7 151.5 155.2 151.8 150.8 146.7 145.4 144.5 146.2 146.6 146.9 146.2 144.7 141.2 138.5 135.6 136.2 139.3 141.9 142.7 141.4 138.4 138.2 138.5 140 144.2 141.2 134.9 132.2 132 130.6 128 120.3 113.8 112.9 113.1 113.3 113.6 114.2 115.7 117.3 119.7 124.9 133.7 143.5 145 148.8 157.2 167.8 180.1 187.9 192.2 191.5 190.3 190.6 189.8 189.3 186.8 183.2 177.6 172.8 169.1 161.6 174 188.2
154.2 168 174.8 180.5 181.5 179.3 175.3 167.2 160.3 156.4 151.4 151.2 154.1 158 160.3 162 164.1 162.4 162.1 163.6 153.2 152.4 154.6 153.6 154.2 155.1 154.1 151.7 145.1 139 140.7 145.1 151.2 153.3 151.3 151.5 152.1 155.3 159.8 157.7 154.6 150.9 150.3 148.3 143.8 135.4 128.6 120.5 115 112.5 112.9 112.9 113 114.2 115.6 116.8 120.4 130.1 141.7 138.8 144.6 151.7 162.4 173.4 183 187.7 186.2 184.1 182.5 181.2 179 177.1 174.6 170.4 166.8 163.9 159.7 172.5 184.8
166 174.7 179.7 181.9 181.8 176.5 169.7 165.8 164.9 161.6 153.9 158.5 161.7 163.6 165.8 167.7 170.1 171.1 176 180 173.6 163.4 158.8 161.4 163.8 166.1 164.8 162.1 144.2 155 154.4 149.3 160.5 162.7 163.9 166.9 173.6 171.8 176 177.9 178.7 170 163.4 158.1 150.1 142 135.3 130.4 122.1 114.2 112.4 112.3 112 112.2 113.9 114.9 117.1 123.2 131 134.5 139.2 145.8 155.1 167.1 172.4 177.5 179.2 176.8 175 172.5 171.4 169.2 167.4 162.7 158 154.4 162.8 176.3 190.1
171.3 176.2 179.1 183.9 179.2 171.5 172.1 172 167.3 161.4 163.9 167.3 169.9 171.5 172.5 175.7 179.8 182.9 186.8 187.6 183.8 180 170.9 175.6 175.8 178.7 174.5 167.8 163.7 163.7 164.2 155.7 171.2 177.1 182.8 194.3 205 202 206.1 202 194.4 181.7 173.6 168.4 161.9 155.3 148.2 140.1 132.1 125.3 112.6 109.4 111.2 111 112.2 112.7 114.6 116.8 120.3 126.1 133.6 139 145 153.7 158.6 162.9 166.2 166.9 164.4 163.8 162.9 161 157.5 152.8 144.5 154.6 168.7 181.4 193.7
166.2 174.6 182.7 181.8 174 171.6 174 168.7 165.1 170 171.6 175.9 179.2 182 184.6 185.9 189.2 193.4 195.6 194.5 192.1 190.1 187.7 188 187 185.4 180.4 173 171.1 178.6 173.7 176.7 178.1 192.5 200 212.3 218.1 214.9 216.5 216.2 212.6 200.9 195.4 188.5 179.1 170.8 163 152.8 141.9 133.1 126.6 117.4 108.9 109.9 110.3 110.7 111.2 111.2 114 117.6 124.7 130.2 134.8 139.8 144.1 148.8 153.1 154.5 155.5 154.3 152.1 149.1 142.3 142.4 152 162.4 176.7 183.5 185.8
176.6 187.7 187.1 177.8 173.8 172.9 169.5 166.7 171.3 175.5 179.3 184.4 189.6 193.4 195.3 197.4 198.5 201.5 202.9 202.9 199.9 196.1 195.2 194.9 194.3 191.5 186.9 178.5 179.9 191.3 189.5 194.6 192.8 199.7 207.7 220 225.4 224.6 225.3 223.1 222.5 219.3 211.8 201.6 194.9 185.4 175.1 165.9 152.8 141.9 134.4 126.3 121.8 113.4 109.4 109.8 110 109.8 111.7 113.1 114.5 118.6 126 129.9 130.8 134.8 140 143.9 146.3 144.1 138.8 134.3 143.6 151.8 159.3 171 178.6 175.5 174.5
190 189.6 182.6 176.2 171.9 171.5 171.4 173.8 174.9 182.8 186 192.1 199.8 205.3 208 212.6 212.6 213 210.7 209 206 203.9 202.7 202.3 200.5 197.7 192.8 178.9 188.9 197.9 201.1 202.1 203.9 201 209.6 219.9 224.6 225.5 226.2 227.3 229.2 229.3 225.9 217.1 205.8 194.1 187.1 174.8 162.3 154.2 147.3 140.1 131.2 126.3 118 108.9 109 109.2 109.7 109.4 109.5 111.7 116.7 120.6 122.1 126.6 131.3 135.3 136.2 133.4 128.9 141.8 149.8 157.5 166.7 172.4 168.4 166.7 168
188.1 188.6 181.1 177.5 176.2 178.2 179.1 182.5 188.4 188.8 194.5 204.4 214.1 219.9 219.9 225.4 223.4 223.3 218.8 215.5 212.9 211.7 209.9 208.1 205 199.1 191.1 190.1 196.2 202.7 204.9 207.3 208.8 212.6 216.3 221.1 225.1 228.1 232.5 235.7 237.6 238.2 234.6 228.5 220.9 208.5 198.5 185.2 177.8 170.5 162.5 150.8 141 135.5 128.9 120.7 113.1 108.7 108.3 108.5 108.1 108.4 110 113.6 117.3 121.2 126.1 129.1 127.3 126.6 138.1 147.9 157.5 163.5 160.9 158.3 158.6 162.7 165.2
193.1 188.6 186.4 181.9 183.1 185.5 190.9 196.4 199.2 198.2 202.7 211.9 220.4 226.4 229.4 231.5 229 226.2 221.5 222.8 220.1 215.9 211 206.2 202 199.9 193.3 203.3 208.1 209.4 211.4 214.2 215.1 218.8 224 226.1 228.4 235.8 240.9 243.3 243.5 244.1 243.1 238.2 228.5 222.1 212.3 201.9 191.4 176.3 166.6 159 158.6 153.1 140.6 130.7 125 122.4 117.1 107.5 107.2 107.4 107.4 109.5 113.4 115.8 121.1 123.9 122 128.3 139.6 144.6 146.1 144.8 144.5 145.5 147.2 154.9 161.9
196.3 192.7 187.4 188.1 195.1 198 200.5 203.8 208.6 210.3 207 218.2 227.5 231.6 232.9 230.8 228.2 225.1 224.1 224.1 220.3 214 207.4 201.6 196.2 195.9 202.5 208.6 212.7 217.2 219 222.5 226.9 229.9 231.2 234.8 239.3 242.9 246.4 245 245.6 246.1 244.2 239.8 237.9 230.8 223 213.3 197.8 187.5 185 182.4 179.4 172.6 163.6 145.1 139.8 137.8 130.2 118.5 113.2 106.4 106.3 106.7 110.3 112.2 113.9 116 116.6 120.6 126.1 126.9 126.5 128 128.8 132.5 137.1 144.4 146.6
195.7 193.1 196.7 203.1 204.6 206.7 209.5 216.1 223.3 221.6 215.1 225.3 231.9 234.4 233.8 231.8 229.6 223.9 218.3 214.5 209.1 203.2 198 194.7 195.5 201 206.6 212.8 219.6 223.1 230.9 230.7 235.6 236.5 241.5 248.5 251.5 250.7 248.7 246.8 244.5 243.9 242.1 243.4 241.1 234.1 229.9 219.4 205.2 211 207.6 204.3 198.3 193.7 181.8 163.1 156.9 153.5 144.4 127.8 118 113.9 108.5 106.1 106.5 108.2 110.1 111.9 112.3 113 113.5 114.4 117.2 119.3 121.6 126.8 134.3 142.3 141.7
198 203.4 209 212.1 213.1 215.2 221.9 228.1 231 229 226.4 231 237.1 241.1 237.8 232.9 227.2 219.1 211.1 207.5 201.7 199.9 199.9 199.6 199.7 205.1 210.7 220.2 226 230.2 236.6 239.2 244.1 246.9 256.1 262.3 258.1 254.7 250.9 247.7 245.1 243.4 241.3 240.2 237.5 238.6 237.4 231.7 227.3 222.9 219.6 214.7 206.3 197.7 187.2 174.2 164.9 158.6 143.2 130.9 123.7 116.1 110.5 105.6 105.5 105.6 107 109 109.8 109.6 109.5 110.8 111.9 114.6 120 128 130.1 130.9 130.1
206.7 213.4 217.3 220.7 222.7 226.8 234.6 241.2 234.1 231.1 231 238.5 243.9 239.9 235.2 230.7 225.8 219.5 213 206.3 202.9 202.4 203.6 201.3 200.9 207.9 215.1 224.2 231.3 240.1 249 252.7 261.4 263.3 266.7 264.7 261 257 252.6 249.3 246.8 245 242.5 237 233.3 229.1 224.2 222.2 222.1 217.9 215.7 216.9 211 197.1 187 178.7 172.1 160.2 144.3 135.3 127.6 118.8 112.6 108.7 105.3 104.6 105.7 106.7 107.1 106.8 106.6 108.5 110.2 115.4 120.8 121.5 122 121.5 121.9
213.4 223.3 227.2 229.5 231.3 237.6 245.4 240.5 240.6 242.2 250.1 249.3 246.5 239.8 235.3 230 223.2 216.3 211.4 207.8 206.7 207.1 207.3 208.2 210.8 207.1 219.3 227.6 235 242.1 248.9 254.1 257.1 259.7 261.1 260 256.3 252.5 248.1 243.7 241.1 239.4 235.6 230 224.3 216.8 215.4 214 210.9 207.7 207.3 207.9 206.3 199.3 189.8 177.2 170.1 159.8 140.1 132 125.2 119.7 114.6 110.8 107.3 105.1 104.6 105.3 105.4 105.4 105.4 107.8 108.9 112.7 114.2 113.9 114.8 111.6 114.1
228.4 231 233.4 236 239.4 246.5 247.9 254.7 263.5 261.7 257.4 250.7 243.3 239.4 232.3 225.2 222.9 217.8 214.7 213.6 212.6 212.4 216 218.8 221.3 220.8 216.9 226.3 232.1 236.6 242.2 246.2 250.6 253.8 257.4 256.5 251.5 246.2 239.4 229.3 231.6 231 226.9 221.8 214.8 208.8 202 201.1 198.2 198.7 199.2 198.3 194.2 190.3 180.3 169 160.5 144.9 135.7 128.5 122.4 118.6 114.9 111.3 109 106 104.7 104.2 104.4 104.4 103.9 107.2 106.5 107.9 108.7 107.4 107.5 107.9 111.4
238 238.3 241 242.7 249.4 254 260.2 265.8 262.6 257.9 254 246.7 240 234 228.5 225.8 223.2 220.5 219.8 215 216.6 222.7 226.9 228.1 229.8 226.9 225.9 222.7 228 231 237.8 243.8 251.9 256.5 255.9 251.1 245.2 236.6 226.9 218.9 213.7 215.9 216.5 215.1 208.9 203.4 196.7 188.7 187.9 190.9 191.4 190 185.1 181.1 173.5 158.9 145.1 141.8 140.2 136 130.1 124.6 119.1 113.8 110.2 107.6 104.9 103.6 103.3 102.9 102.6 102.1 103.2 102.7 102.2 102.4 101.7 105.4 108.2
242.8 243.5 247.5 251.9 258.3 265.1 263.4 263 259.8 256.4 250.4 243.2 236.7 230.9 226.7 225 223 220.4 219.5 223.4 229.2 232.6 233.8 234.6 232.3 227.4 224.3 225.3 229.8 235.6 241.6 248.7 252.9 251.6 246.1 240.5 234.4 225.8 219.3 219.1 213.6 205.9 202.1 199.8 194.6 190.2 185.6 181.5 178 183.2 183.5 181.3 173.3 164.7 161.7 160.3 158 154.9 152.7 149.8 140.6 130.4 122.1 116.5 111.9 109.4 106.9 104.3 107.5 108.9 107.2 107.3 103.4 100.8 101.5 100.7 100.9 100.3 100.1
245.6 248 251 255.4 261.2 265.3 264.6 261 258.2 253.3 246.4 239.2 232.9 227.9 225.5 224 225.6 224.5 228.9 233.7 236.1 236.2 233.8 229.5 227.6 228.9 231.3 232.6 233.6 235.5 240.3 244.6 243.4 244.3 238.6 233.2 228.2 226.7 224.4 223.6 219.5 215.7 212 205 203.9 196.1 190.2 183.1 178.8 174.1 174 177.2 176 176.6 179.3 180.8 183.1 180.4 167.8 161.6 151.9 135.4 124.7 118.7 113.8 111.5 110.6 110.9 110.3 109.5 109 108.5 108.3 107.3 103.1 102.7 106.8 106.7 105.2
249.2 251.8 254.4 258.3 263.7 262.7 259.9 257.2 254 247.1 240.3 233.6 230.9 229.6 227.1 230.9 235.3 238.6 237.7 236.8 236.2 232.7 230.1 230.4 231.5 232.5 232.6 229.1 231.1 241.3 242.7 239.4 238.7 235.2 233.9 231.6 231.5 229.6 228.1 222 221.7 221.5 221.1 219.1 214.6 208.6 198.6 190.6 189.8 191.2 182.6 188.9 189.8 191 193.5 195.2 189.1 179.9 172.4 165.7 155.9 143.2 131 124.6 118.8 117.1 118.1 115.2 111.6 110.5 109.8 109 107.6 107.1 106.4 109 110.3 110.1 107.9
253.6 256.1 259.6 265 264.1 262.4 258.5 253.7 248 240 233 230.6 230.6 229.4 232.3 235.5 234.3 235.4 235.1 234.1 232 232.7 231.4 230.8 230.2 228.9 225.3 224.1 229.4 233.4 233 234.4 233.3 230 229.3 232.2 230.6 226.4 220.9 223.6 223.5 224.2 226.1 222.7 218.7 212.4 207.6 207.9 203 200.6 196.2 201.9 196.4 197.3 196 191.8 187.6 180.4 176.1 168.4 162.9 151.4 143.1 136.9 130.6 133.4 126.1 117.3 113.4 113.2 111.1 109.8 108.5 108.8 114.3 119.2 118.5 116.9 107.8
258.5 260.9 262.8 265 260 257.5 253.1 248.2 242.8 233.6 227.4 226.7 226 227.4 229 229.9 231.5 233.2 233.6 235.4 236.3 237.5 236.8 236.1 232.2 228.2 224.9 222.9 223.8 224.9 226.4 227.7 227.1 224.4 224 221.5 220.4 219 220.8 224.9 226.3 225 224.9 222.8 220.6 216.9 215.3 213.9 209.1 203.3 204.8 204.4 202 199.4 197.3 192 185.2 184.7 181 175.2 171.4 168.4 161.4 158 157.5 148.4 127.7 119 120.7 114.6 114.8 113.4 112.4 119.6 135.2 138.4 127.2 113.4 106.4
259.1 262.7 263.6 260.3 254.8 250.9 247.6 242.3 234.6 227.5 222.3 224.5 228.6 230.6 230.4 229.7 230.7 233.1 236.3 238.9 241.1 242 241.7 240.1 236.3 231.3 227.7 223.3 220.9 221.5 222.8 223.2 223 223.1 222 218.8 218.2 219.3 221.5 222.6 222.1 224.5 222.5 221 221.1 219.1 217.3 215 209.1 207.8 208.1 205.7 201.4 198.1 195.8 193.3 194 190.5 185.3 181.5 181.8 184.9 177.7 169.5 153.3 133 125.7 123 117.6 113.5 116.3 118.3 122.2 138.8 153.2 138.4 119 110.4 104
258.9 262.5 261.7 255.4 249.4 244.1 239.8 233.7 227.9 221.3 218.1 220.4 227.4 231.6 233.6 231.3 230.8 234.3 239.1 243.4 247.5 248.7 248 244 238.7 233.3 228.6 224.3 219.6 218.5 221.3 221.8 222.7 222.5 220 217.5 216.2 217.2 213.4 212.8 214.7 218.5 217.4 216.7 219.5 219.5 216.2 212.9 212.1 212.6 210.4 206.4 202.2 198.3 195.6 194.6 194 188.2 184.3 186.7 191.9 188.3 173.2 155.5 138.2 131.7 127.6 121.2 115.7 114.9 119.3 124 140.2 158.3 141.5 125.9 113.5 105.9 102.9
258.6 258.4 255.4 249.7 243.5 237.3 230.8 225.7 221.5 217.1 215.8 219.5 224 230.7 233.6 231.7 230.7 235.3 240.5 246.3 249.6 247.5 243.4 238.7 234.5 230.1 225.4 222.4 214.5 214 215.7 215 215.9 216.9 213.3 211.1 212.8 211.3 208 208.6 209 210.8 208.7 210.5 214.8 214.9 214.5 215.9 217.7 214.7 208.4 203.8 199.8 195.8 192.7 190.4 188.2 183.9 188 191.1 187 169.9 158 142.9 134.1 128.9 121.9 117.4 120 121.1 129.6 143.2 156.3 145.9 131.3 117.3 110.7 104.8 101.6
254.6 252.6 248.5 241.6 234.9 232.8 229.3 223 218.5 215.6 216.3 217.4 219.2 222.3 225.9 228 227.4 231.3 234.1 238.3 240.1 239 235.7 232.2 227.9 223.5 219.7 214.5 209.4 208.5 208.1 206.7 206.7 205.9 203.4 205.3 207.6 208.7 208.7 208.7 209 209.2 210.8 210.1 211.2 212.8 214.3 218.2 215 209.3 203.9 198.6 193.5 187.4 184.8 185.4 186.1 187.5 187 177.5 165 155.4 140.8 132.7 127.7 123.1 120.3 122.1 126 132.6 144.1 155.6 150 142.9 138.5 121 112.2 105.5 101.5
246.7 242.9 236.4 231.4 230 229.2 228 224.9 220.5 216.8 214.3 213.9 214.9 217.3 219.9 222.8 223.5 226.6 228.1 229.7 230.6 230.1 227.6 225.1 222.1 218.1 213.6 209.1 205.3 201.7 198.6 200.7 201.4 204.6 208.1 211.4 210.7 210.2 209.8 212.2 213.7 215.7 215.7 214.1 213.7 215 217.4 218 211.9 205.3 200.2 194.2 188.1 183.4 179.3 178.4 177.6 176.7 169.8 156.1 145.2 134.1 130.1 128.2 125.5 126.5 129.2 132.9 139.9 144 145 146.8 144.5 144 144.4 140.6 126.2 112.3 104.8
239 232.6 228.6 227.8 230.5 233.1 233.1 230.2 226.3 221.9 217.9 214 213.5 213.8 216.9 217.5 219.6 221.4 221.9 222.1 222.3 222.8 221 218.9 216.1 212.8 208.9 204.9 201 197.7 196.3 200.1 204.5 207.5 208.8 209.8 205.1 205.4 206.7 208 211.7 213.9 216.7 214.8 214.2 217.2 220.2 218.8 210.7 201.2 196.7 188.9 185.3 178.2 171.4 166 161 159.1 152 143.1 136.5 131.8 129.8 130.2 133.2 133.9 138.6 147.7 151 150.4 156.8 150.1 149.9 153.5 153.1 146.7 131.4 118.7 107.5
237 231.9 227.8 226.8 230.5 233.6 234.5 233.5 229.3 225.7 222 217.4 214.9 212.8 212.6 213.7 214.8 213.5 215.9 217.1 217.2 216.7 215.4 213.2 211.6 208.3 204.5 201.1 198.3 193.9 191 197.2 200.7 201.1 200.5 200.4 198.4 199.2 201.2 202.5 204.8 210.7 213.4 214.6 214.9 217.1 219.3 218.5 210.8 201.1 194.2 188.1 183.7 180.4 176.4 170.3 161.2 153.1 148.4 143.2 136.9 138.2 140.9 145 143.2 145.3 154 158.1 161.1 161.4 159 158.5 160.8 163 156.2 149.7 135 119.8 109.3
238.9 235.7 230 225.5 226.7 230.3 232.8 234.3 231.6 227.7 224 220.8 218.5 216.2 215.7 215.4 214 212.7 208.3 210.5 211.6 210.5 207.9 208.1 206.4 201.9 198.5 198.2 197.5 196.1 194.2 189.9 186.7 193.4 195.1 194.5 193.8 194.1 196.7 199.3 205.7 211.3 214.2 214 215.6 218.5 221.5 219.5 209.9 199.3 192.8 189.5 188.2 184.1 180.3 170.9 164.8 154.7 152.1 151 151.9 147.1 149.1 153.5 158.2 161.4 167 166.7 169 170.4 170.4 170.9 173.9 168.4 159.5 151.1 135.5 121.3 110.4
243.4 239.1 233 226.9 224.2 225.9 228.2 228.3 227.5 225.5 223.3 220.3 217 214.4 212.2 210.9 209.7 207.9 206.8 205.8 207.8 202.8 198.1 197.4 198.9 199.8 200 199.2 197.5 195.7 193.7 192.3 186.5 179.4 189 188.7 188.9 188.1 187.8 195.2 203.5 214.8 219.5 217.5 214 214.2 214.6 211.7 202.2 193.9 189.9 190.4 191.2 185.5 179.4 169.5 161 155.1 154.2 154.4 154.7 155.2 157.3 165.3 170.2 167.9 166 165.6 173.5 176.8 178 176.6 175.2 170 165.6 155.4 137.9 121.2 113.9
239.2 238.2 233.9 228.1 224.2 222.1 223.9 224 223.2 221.1 220 217.5 212.1 208.3 207.2 208.4 207.6 207.1 206.7 206.5 206.6 205 201.1 195.8 192.8 195.2 194 194.1 192.7 191.1 189.1 187.5 185.1 174.1 181.4 182.7 183.6 182.9 184.8 191 200 213 217 212.8 212.2 212.1 209.7 202.7 193.9 188.8 187.7 193.1 190.4 181.5 173.8 161.5 155.6 152.9 154.1 157.7 160.3 161.3 164.5 168.3 168.5 163.3 162.3 168.4 175.4 179.5 181.4 180.7 180 177.1 173.9 162.8 140.1 119.9 112.3
231.5 231.6 231.3 228.4 226.3 224 220.2 218 219.7 217.4 215.2 212 207.9 201.5 203.4 206.5 205.4 206.2 206.2 204.8 203.9 202 199.6 196.2 193.2 190 185.2 184 183.1 180.2 178.9 176.7 176.2 170.7 174.1 176.1 176.8 175.5 180.1 182.9 197.5 210.3 210 209 208.9 207.8 201.4 190.6 187 185.2 188.7 188.5 184.1 176.7 165.2 156.2 153.5 152.4 157.9 164 163.7 166.4 166.6 163.3 160 161.6 168.9 175.4 180.9 183.8 182.6 182.7 183.1 176.5 166.9 152.2 136.5 118.2 107.9
223.6 222.1 221.8 220.8 220 218.7 217.6 210.4 215.6 213.7 211.7 209.2 205.5 201.6 194.1 202.1 201.6 203 203.7 202.1 201.1 199.4 197.5 196.4 194 193.4 191.9 190.7 187.6 183.6 179.5 179.1 176.7 175.5 167.7 168.4 170.5 176.5 177.9 184.5 201.9 206.7 207.5 206.7 205.4 198.4 189.9 185 185.8 185.9 184.5 181.3 170.1 160.2 150 151.7 149.9 150.4 161.5 165.3 161.8 161.8 158.7 158 162.6 169.6 175.9 182.5 184.4 184.4 182.7 177.8 171.6 161.8 152.1 138.4 122.1 110.7 98.5
218.8 217.5 215.4 214.4 213.2 208.1 208.6 204.2 209.4 207.5 205.4 202.1 199.3 195.9 184.7 191.8 195.7 201.4 202.7 201.9 201.4 199.5 198.3 197.8 198.2 197.1 196.5 195.8 193 190.5 188.2 184 178.8 173.1 166.7 170.7 178.3 181.1 182.6 193.7 201.6 203.2 206.6 203.4 198.2 191.6 185.1 187.5 186.7 182.5 176.3 162.8 152 142.2 149.7 144.4 143.6 153.1 160.5 157.4 154.7 156 161.2 164.8 170.7 176.8 182.7 183.9 182.7 178.8 171.7 166 158.5 148.7 137.3 125.4 114.4 103 96.6
