webserver/python/data/SO26.asc
ncols 200
nrows 200
xllcorner 320000
yllcorner 260000
cellsize 50
[rows 0 to 34 of 200, columns 78 to 155 of 200]
273 269 266.2 248.8 259.5 267.1 275.3 280.2 286.6 294.2 307.2 325.6 333.7 336.4 342.4 351.7 356.8 361.7 367.4 371.5 373.4 375.4 372.8 371.2 368 365.4 364.6 366.2 365.1 365.1 364.5 364.1 364 364.5 365.8 365.4 364 364 363.6 363.7 363.2 362.2 361.4 361.2 360.5 360.5 361.1 359.2 355.6 353.3 350.9 347.6 344.4 341.6 341.1 341.2 337.8 335.6 333.2 329.9 326.1 322.7 319.6 316.3 314.9 310.5 306.3 300.9 299.6 297.4 295.3 293.9 295 295.8 296.9 299.4 303.6 309.2
266.5 262.8 254.3 251.8 266.1 273.4 277.2 282.1 291.5 303.7 321.6 334.9 339.7 345.7 353.7 358.4 362.9 365.6 370.3 373.4 375 375.7 373 369.1 365.2 362.4 363.1 364.6 365.5 366.2 365.3 367.4 370.6 373.1 373.4 371 368.4 368 367.1 368.1 368.4 368.5 368.4 366.5 365.6 364.7 364.1 360.9 358 354.2 351.5 350.6 348.5 347.5 345.8 343.7 339.5 335.6 333.1 329.7 325.6 321.4 318.6 315.6 311.5 308.2 304.9 301.2 300.6 299.1 295.8 294.4 295.9 297.1 297.1 298.2 303.1 309.6
260 254.7 246.3 252.1 265.4 272.6 279 290.8 302.9 317.1 334.9 341.5 347.7 355.1 358.2 362.3 366.6 369.9 372.3 373.6 374.2 372.2 368.9 364.9 361.1 358.5 360.4 360 361.1 361.9 364.2 367.9 372.6 376.2 376.2 376.3 373.5 372.5 371.8 371.2 371.4 372.3 373.3 371.9 369.2 367 364.2 359.6 357.9 354.1 353.1 352.8 351 349.2 347.6 344.2 339.8 336.5 333 329.3 326.1 323.3 319.7 315.9 312.4 308.9 304.7 299.7 299.4 296.4 294.5 294.9 296.4 295 294.9 297.3 302.7 309.7
252.9 246.3 244.3 252 266.8 274.5 290.3 302.2 313.9 334.6 347.9 354.6 359 366.1 371.5 372.9 371.6 373 375.8 377.4 373 365.9 362.5 359.6 356.5 354.6 354.4 355.1 356.4 358.7 361.8 364.9 370.4 374.4 377.5 377.8 375.6 374.2 374.6 374.3 375 376.4 377.4 375.8 373.1 369 364.5 360 357.7 356.6 356.1 355.5 353.7 351.1 348.5 345.2 342.2 338.4 335.1 331.8 328.5 324.5 319.9 316.2 311.2 306.4 303.4 299.6 297.3 294.5 293.7 294.8 294.3 293 293.3 295.8 300 307
246.9 234.2 247.4 261 273 285.2 300.8 314 331.3 353.4 365.4 370 377.7 381.9 381.6 378.3 377.3 380.8 383.6 379.2 373 365.9 359.5 355.3 354 351.8 351 351.4 352.7 356.6 361.5 364.9 369.4 373.4 377.4 380.2 380.4 378.7 378.6 378.6 379.9 381.3 381.3 379 375 370.5 365.8 361.3 359.7 359.6 359.4 358.2 356.4 354 350.7 347.6 344.6 341.1 337.5 333.6 329.8 324.9 319.7 314.4 311.3 308.2 306.1 302.2 296.8 294.6 293 292.1 292.1 291.5 292.1 293.6 297.4 304.2
232.9 243.2 261 270.8 279.5 293.7 309.2 326.9 346.9 367.2 375.5 381.8 384.5 383.4 381.8 381.9 382.1 385.7 383.6 377.7 373.1 366.8 359.7 354.2 350.8 348.6 347.5 347.6 348.5 353.6 359.1 363.2 367.9 372.9 376.8 380.5 381.7 381.5 381.9 383.1 384.6 385.6 384.9 379.9 375.7 371.7 367.6 363.2 362.3 361.7 361.8 360.9 359.4 357.1 353.4 350 347 343.1 338.7 334.3 330 325.6 320.6 317.1 314 311.2 305.5 299.9 294.6 292.3 290.7 289.7 290.4 290.7 290.6 292.8 295.9 300.8
238 253 270 276.9 285.8 299.5 316.6 336 362.1 375.6 380.7 382.7 383 381.4 382.1 385.5 389.9 387.6 382.4 376.4 372.3 367.1 361.2 355 349.8 346.7 344.6 344 345.5 349.9 355 360 365.6 370.6 375.7 380.6 383.4 384 384.5 386.1 387.5 388.1 386.2 380.7 376.2 371.5 367.6 365.3 365.2 364.7 364.2 363.5 362.1 359.7 356.3 352.4 348.6 344.3 340.2 336.4 332.4 327.4 323.4 319.5 314.8 309.7 303.7 298.9 294.2 290.5 289.1 290 291.1 290.6 290.8 291.7 294.6 298.2
250.5 264.1 278.3 284.5 292.2 303.9 322.1 348.1 371.5 380.4 381.8 381.5 381 379.1 382.6 387.7 391 390.1 385.6 379 373.7 367.3 360.6 354.5 348.7 345.6 343.1 342 343 346.6 351.3 356.2 363.1 369.5 375.6 381.2 384 386 387.5 389.2 390.7 389.4 384.6 379.9 375.4 371.6 368.2 367.2 368.2 367.7 367.8 366.1 364.8 362.2 359.4 355.1 350.9 346.3 342 338.5 334.4 329.6 325.2 320 314.5 309.5 303.9 298.9 294.3 290.7 288.5 287.5 287.2 287.2 289.7 290.5 293.2 297.7
257.5 272 282.2 288.3 295 309.6 331.2 358.5 377.9 377.8 379 377.6 376.4 376.8 383.7 388.6 391.3 391.5 390.3 386.4 378.7 370.4 363 354.8 349 345.2 342 341.1 341.2 343.9 347.4 352.6 357.7 365.6 373.8 379.9 383.6 386.8 388 390.6 391.1 390.3 384.9 378.8 374.4 371.1 368.4 368.5 369.2 371 370.8 368 366.2 364.3 361.8 357.3 352.3 347.9 343.6 339.4 335.2 330.5 324.3 319.1 313 310.2 304 299.4 295 291.6 288.9 286.8 284.2 283.9 286.2 288.6 294 300.3
261.3 272.6 278.6 288.1 296.2 311.9 336.3 363.6 371.3 370.4 372.2 372.7 372.6 376.6 385.3 388.4 390.8 392.7 392.2 390 382.4 374.8 367.1 356.3 349.7 345.4 342.1 341.3 341.4 343.5 345.9 350.1 354 360.5 367.6 375.8 381.2 384.4 386.5 390.2 391.4 391.1 384.1 378.1 373.9 370.8 367.8 366.4 367.2 369.2 368.5 366.8 365.5 363.6 359.8 356.7 351.9 347.4 343.5 339.3 334.6 329.7 323.3 318.6 313.5 310.5 305.1 300.2 295.8 292.4 289.8 287.4 285.4 285.1 280.6 287.8 295.9 302.8
259.7 268.6 273 284.3 294.2 308.7 332.6 352.1 356.8 358.9 365.9 366.7 366.2 373.9 383.6 388.5 391.6 393.6 393.9 393.4 389.6 382.9 375 361.3 352.2 346.7 343.6 343.4 343.8 343.7 343.5 347.2 349.9 356.3 363.3 369.4 375.5 378.8 381.4 385.2 388.7 389 385.4 378 373.8 369.5 365 364.1 365.2 366.1 365.1 364.2 363.1 361.3 359.9 356.4 352.1 347.1 343.1 339.6 334.6 329.8 324.1 319.3 315.5 311.6 306.5 301.7 296.3 293.5 289.9 289.3 287.6 285.9 279.5 287.9 297.3 302.8
248.4 261.1 264.2 274.9 284.6 293.1 310.6 327.2 336.4 341.4 353.4 358.2 363.5 370.6 381.9 389.9 393.5 397.3 398.6 399.7 396.6 391.4 379.9 368.7 357.6 350.3 346.2 345.3 345.2 342.7 339.8 341.2 345.3 349.3 356.1 362.5 368.2 371.6 374.5 377.7 381.8 384.1 382 376.2 371.3 366 361.4 360.1 361.2 361.2 361 359.6 360.1 361.1 358.6 356.5 352.5 347.6 343.1 338.9 335.2 330.1 324.6 320.8 317.1 312.7 307.7 301.8 296.4 292.7 289.9 289.8 288.3 287 279.8 286.6 294.7 299.6
243.2 247.8 254.2 263.2 269.3 277.9 286.7 298.9 307.4 317.9 325.7 339.1 362.1 374.6 384.8 391.6 396.2 400.9 401.6 400.3 398.5 392.1 382.8 373.1 359.9 353.3 349.1 346.6 346 346.2 343.7 340.7 336.4 342.4 345.8 352 357.9 363.5 364.6 367.7 371.4 376.7 376.7 371 366.1 360.6 355.1 353 354.6 354.3 354 353.6 355.2 356.8 355.7 352.7 349.5 345.3 341.7 337.4 333.4 329.1 324.6 320.7 315.8 311.2 306.2 300.4 294.5 290 286.8 285.6 284.9 283.7 276.9 283.1 291.4 298.4
235.3 238.2 247.4 252.4 260 265.4 275.4 282.3 293.6 306.5 320.5 342.3 367 379.4 387 393 398.7 402.4 402.6 400.2 395.4 389.7 381.7 371.4 360.3 352.6 348.6 346.3 346.2 346.2 344.4 341.1 334.9 335.9 337.2 337.3 337.4 340.3 342.2 344.6 349.3 358.8 365.6 363.1 358.3 352.7 348.9 345.3 346.5 347.1 348.4 349.1 350.6 350.8 350.4 347.6 346.5 342.6 339.4 335.4 330.9 326.8 322.2 318.3 313.7 308.8 304 298.2 292.3 287.6 283.4 281.8 281.7 281.2 273.6 281.7 291.8 300.1
236.2 242.7 247.7 253.1 261.7 267.4 276.9 287.8 299.9 312.3 330.2 352.2 368.2 380.4 388.2 393.8 399.1 401.3 399.5 396.7 392.6 386.1 379.3 368.5 360.2 352.3 347.1 344.4 342.3 343.6 342.6 339.8 334.1 328.3 333.5 331.4 330.4 328.5 327.8 327.9 327.3 329.1 333.5 338.6 340.7 338.5 337.3 330.9 338.4 342 344.6 351.2 351.2 348.6 345.5 343.1 341.2 339.6 336.5 332.8 328.1 323.4 318.7 314.5 311.1 306.8 301.9 295.9 290.7 286.7 283.6 279.5 278.1 279 268.9 279.8 292.7 302.7
240.2 249.5 259.8 267.7 275.2 283.8 292.5 298.7 313.7 331.2 348.2 367 374.6 381.8 388.8 393.2 397.7 398.5 395.2 391.2 386.1 380.6 375.8 367.8 361 353.6 347.8 343.3 340.3 339.3 337.1 335.3 332.1 321.6 327.7 327.5 324.5 321.9 319.8 317.2 315.6 313.7 314.7 315.1 318.8 322.4 323.3 320.6 330.1 339.8 346.2 351.2 351.2 349.4 346.6 343.9 341.2 337.5 333.7 329.1 324.1 319.4 315 309.5 307.4 303.4 298.9 293.5 287.6 283.7 279.8 276.7 273.9 274.6 268.9 279.7 292.6 304.1
242.1 258.1 272.3 283.1 291.9 302.6 317.5 328.5 332.4 342.5 359.7 370.9 377.6 384.6 388.9 391.9 393.2 394.1 390 386.4 381.5 373.6 368.3 362.8 357.7 352.4 348.5 346.6 343.3 341.1 338.8 336.1 331.9 327.2 317.6 314.6 314.2 312.6 310.9 306.8 304.7 303.1 302.4 305 307.1 309.6 312 311.8 327.8 338.2 344.6 349.5 350.3 349.5 348.9 346.2 343.3 338.3 334.5 331.6 327.4 323.1 318.8 312.9 306.6 298 291.1 287 281.7 276.1 274.6 271.8 269.5 268.9 267.2 281.2 293.9 305.4
239.2 260.4 278.8 291 303.6 317.4 336 348.1 350 362.1 369 370.2 379 388.7 391 390.6 390.2 388.4 386.3 382.1 377 372.5 367.6 362.6 357.4 354.8 355.4 355 354.8 351.3 347.1 343.6 339.1 335 329.7 323.8 316.6 312.2 310.1 304.6 300.9 295.8 291.1 290.3 296.3 300 299.2 311.2 322.4 334.3 343.4 346.9 349.4 349 350.6 348.8 346.3 341.5 336.5 332.9 328.2 324.1 319.5 313.8 307.6 301.2 295.4 289.3 282 275.5 272.4 267.5 265.5 264 272.7 282.5 294.9 304.7
240 260.2 282.4 299.2 314.3 331.6 353.6 364.7 364.4 373.1 374.9 374.9 380.2 385.2 387.6 388 387.5 386.3 384 380.6 378.3 376 371.7 366.3 362.8 362.1 365.3 367.2 367.8 366.7 363.8 358.7 353 348.8 343.7 338.2 330.8 326.5 321.2 313.6 307.6 300.9 295 290.3 286.5 288.8 298.5 305.8 315.6 328.8 338.7 345.3 348.8 350.6 350.6 350.8 348.7 343.6 338.8 334.3 328.8 324.4 319.5 314.2 311 306 297.4 291.3 284.2 280.5 274 267.9 261.6 265.4 275.6 281.4 291.1 302.3
238 259.8 285.2 304.8 324.6 343.6 362.6 366.7 368.4 375 374.7 374.4 374.6 376.7 379.6 380.9 380.9 383.5 381.9 380.4 379.2 376 374.8 370.9 368.5 368.8 373 373.1 374 373.2 369.2 366.5 363.4 360.4 356.3 353.4 348.3 341.3 337.3 327.6 318.5 311.3 302.7 296.4 288.3 283.5 289.9 299.5 307.2 322 333.2 343.2 346.8 347.3 347.7 347.3 347.3 345 340.2 335.2 330.6 324.7 321.4 318.9 315.9 310.8 302.2 295.8 289.7 285.9 274.9 267.5 259 269.7 275.3 279.8 287.9 295
236.3 258.3 286.1 309.8 330.9 352.7 369 372.9 373 375.7 374.9 374.7 373 368.9 368.9 370.9 373 374.4 378.7 379.1 379.6 378.1 376.7 374.5 374.3 374.3 375.9 376.5 376.9 376.9 373.1 370.5 370.5 369.2 365.6 362.1 359.5 353.2 348.5 340.2 331.3 321.8 312.4 302.9 294.4 287.8 279.6 289.8 299.7 311.4 324.2 335.6 342.4 343.6 344.2 344.7 344.5 343.8 339.5 334.6 330.6 326.8 324.1 321 317 309.6 303.4 297.2 291.9 284.8 273 262.9 258.3 269.2 279.3 290.3 301.3 307.1
235 256.2 283.8 307 328.9 351 369.6 373.1 374 376.1 375.7 375.8 371.5 365.2 363.3 361.3 361.3 363.3 368.8 375.1 378.1 378.2 377 374.8 375.1 375.9 376.2 375.7 376.8 377.4 376.2 374.9 375.6 375.4 371.8 367.3 364.6 361.5 357.2 350.3 340.9 330.8 321.1 310.5 300.4 292.3 284.3 274.2 287.5 296.2 307.4 319.7 333.4 337.4 339.3 339.8 342.2 341.1 339.4 335.3 331.8 328.6 325.7 322 316.3 309.4 302.3 295.4 291.1 281.1 268.1 258.3 258.4 272 291.9 302.7 313.2 324.6
233.9 250.5 277.9 297.6 313.5 333.5 355.1 374 378 379.8 377 375.5 372.3 367 362.7 357.1 349.9 348.3 353.1 357.4 362.3 365.8 368.5 374.2 374.9 371.6 369.2 368.1 367.8 369.3 371.9 376.2 377.6 377.5 376.2 371.2 368.2 365.4 361.9 355.9 345.4 336.6 325 316.7 306.2 296.7 289.1 281.3 272.7 284.9 295.8 304.6 317.5 330.7 333.9 334.9 337.8 338.8 337.7 334.3 331.2 327.9 324.7 319.7 314.3 307.4 298.7 291 285.1 272.6 261 253.3 265 281.9 298.2 310.3 320.6 334.9
236.7 250.2 268 285.7 303.3 322.6 342.1 362.5 371.3 374 375.7 374.4 371.4 366.7 358.5 349.6 342.1 338.6 339.5 336.9 340.1 343.3 343.8 347 350.5 352.5 353.5 351.6 353.1 356.4 358.1 362.4 368.4 369.9 371.9 372.6 370.2 367.8 365 360.2 349 339.6 328.5 319.1 310.6 300.9 292.4 286.8 275.6 272.3 283.5 295.3 303.4 325 329.2 331 334.2 336.3 335.6 332.5 330 326.9 323.7 319.4 313.3 306.7 297.1 282.5 276.9 266.9 258 253.5 268.8 286.8 303.7 315.7 325.5 339.1
236 248.8 266.6 285.7 303.6 323 340.1 351.8 363.1 366.4 363.7 365.2 361.1 353.2 346.5 334.2 325.2 320.4 320.5 318.2 316.4 316.9 316.3 316.7 319.3 323.1 324.1 325.5 329.4 333.7 337.1 341.6 349.8 360 363.5 366.4 367.7 365.2 363.9 360.1 349.5 340.8 331.2 322.2 312.1 303.2 294.9 290.2 283.6 264.5 272.6 286.3 294.3 313.3 329 329 332 334 333.5 330.5 328.3 325.9 321.9 317.1 310.6 303.7 290.8 276.4 265.4 259 250 256 269.5 287.8 305.2 319.4 329.1 340.7
230.4 250.9 275.8 295.8 312.7 324.8 327.8 332.4 342.1 348.1 353.5 355 351.5 344 330 317.9 306.3 301 296.6 296.9 296.7 297.6 298.4 297.9 299.2 300.5 301.7 305.9 309.2 313 316 321.1 327.8 332.1 344.8 355.4 361.2 362.3 360.7 357.3 349.1 340.6 331.8 324.5 315.3 304.9 297.1 290.3 284.2 269.7 259.2 276.7 289.7 302.8 325.6 329.2 331.4 332.8 331.4 328.2 325.1 322.6 318.1 312.9 307.4 294.8 280 266.7 259.5 252.2 245.6 257.7 272.5 294 309 321.7 329.5 342.1
225.7 246.6 274 292.4 303.5 316.2 316.7 319.5 328.4 335.1 337.7 335.4 328.3 320.1 311.9 305.5 297.6 294.2 292.9 292.8 293 292.5 293.2 293.6 293.7 292.7 291.1 288.4 288.5 290.7 295.7 299.8 307.4 314.4 322 335.2 348.5 354.8 356 354.4 350.9 343.9 335.8 327.4 318.9 308.2 299.5 291.9 285.4 273.8 252.4 266.7 282.2 293.1 316.2 326.6 330.7 331.6 331.1 328.3 322.6 317.1 312.9 307.9 299 281.9 267.9 256.3 250.5 244.4 250 262.1 279.7 302.7 312.5 320 330.2 342.6
220.2 235.7 258.7 279 290.9 300.8 305.5 308.7 314.3 321.9 328 329.2 323.7 315.8 308.1 301.9 295.8 293.2 292.9 293.1 292.9 292.7 288.9 290.4 289.4 284.7 280.4 277.7 273 271.1 275.2 281.9 290.6 298.5 304.9 313.4 326.6 342.4 348.7 348.7 346 344.2 340.5 333.5 322.3 312.3 303.3 294.9 286.2 275.8 257.7 255.1 274.1 287.2 305.9 321.5 324.3 328.9 329.7 327.3 322.8 316.5 308.8 301.5 291.2 274.7 258.2 250.8 240.7 247.4 258.1 268.7 289.7 312.4 315 322.1 331.3 343.9
215.4 220.9 240.2 261.3 276.9 287.4 295 293.9 299.3 309.9 321.2 323.5 320.7 318 313.6 307.8 299 294.3 293.5 293.5 293.3 293.4 293.7 292.8 291.5 289 288 287.1 282.4 275.9 258.1 266 274.9 282 287.7 294.7 303.5 319.6 333.6 337 337.5 335.4 334.3 331.1 324.5 315.4 307 297.7 287.4 277.4 262.8 246.5 265 279.5 297 315.8 318.8 322.7 323.1 322 318.8 312.6 304.9 296.2 287.1 271.6 258.2 247.6 239.4 252.4 261.6 279 301.6 314.2 318.4 323.2 331.3 342.1
207.5 215.4 223.2 241.2 256.9 267.9 283.8 291.4 285.3 296.1 304.4 312.1 318.5 322.3 321.5 316.5 308.5 302 300.6 301.7 302.8 303.6 304.7 303.1 303.5 300.8 297.3 293.3 286.1 277.6 262.1 258.8 261.5 263.1 271.1 276.9 286.2 296.4 312.8 323.2 325.3 326.6 324.7 321.6 318.3 313.5 306.5 300.7 290.8 279.2 264.9 241.5 256.9 274.3 288.9 306.8 312.3 316.2 315.2 311.2 308.6 306.3 298.4 288.9 281.7 270.4 258.2 247.6 241.5 254.2 268.9 291.1 308.8 311.2 317.9 323.6 331.7 340
201.7 206.6 214.8 223.8 235.6 250 261.6 270 269.6 276 286.2 295.1 302.5 306.4 309.5 311.2 309.6 308.4 308.8 311.3 312.6 314.6 314.7 315.9 316.2 317.2 310.6 301.6 294.8 285.3 272.7 254 247.6 248 253.6 262.1 271.3 279.1 285.7 296.2 305.7 311.4 311.9 310.3 308.3 306.6 302.5 299.6 292.9 282.7 269.9 245.8 247.6 269.3 283.6 295 303.4 307.4 307 305.8 304.3 301.6 296.6 290.8 284.4 272.6 258.6 247.2 234.2 250.3 265.1 286.1 299.9 302.7 310 317.9 326.3 335
195 196.8 204.2 213.7 220.8 229.6 242.6 250.3 256.5 260.4 271.1 280.7 286.8 292.2 295.8 298.6 300.7 303.1 308.4 312 317.2 320.7 322.6 325.3 327.3 328.4 326.3 319.1 309.6 299.1 288.3 274.5 259.7 245 239.5 248.2 255.9 260.8 266.8 273.3 279.6 286 291.2 295.2 297.9 296.3 295.9 293.2 288.4 280.2 270.6 248.9 239.5 259.7 276.3 288.2 299.5 303.3 303.3 305.7 308.1 309.1 303.8 297.8 290.2 277.6 257.3 244.6 237.1 243.4 255.6 271 286.6 292.3 300.3 303 310 317.9
194.9 195 195.4 200.8 207.6 213.4 223.6 232.6 240.5 247.6 257.4 267.4 273.4 279.2 286.5 291.5 293.9 297.9 302.9 309.1 314.4 318.8 323.5 326 328.4 332.3 333.3 329.7 324.3 313.9 300.8 287.8 275.5 260.7 242.9 232.3 240.6 246.2 252.3 255.9 260.7 266.5 273.9 281.5 285.7 287.6 285.8 283.3 279.2 273.4 266.8 251 232.7 247 265.4 282.1 298.6 301.8 302.9 306.8 311.5 309.9 304.6 297.6 285.6 272.9 257.4 244.5 238 237.5 244.5 256.6 267.9 279 285.6 289.9 290.3 293.7
195.5 193.5 193 193.8 196.4 202.4 209.2 218.2 227 236.8 245.1 253.9 261.7 268.9 275.5 279.8 284.7 290.9 295.4 302.4 308.6 313.2 316.7 321.3 325.7 328.8 331.7 330.9 329.9 319 304.4 291.3 279 265.6 252.8 235.2 224.1 229.6 235.1 240.8 248.4 255.2 261.9 269.2 273.3 275.1 276.2 274.8 271.5 268.9 263.9 256.1 235.5 237.8 258.1 275.4 290.7 299.2 302.2 307.1 310.2 306.7 301.8 292.3 278.7 262.5 253.1 244 239.7 233 234.6 244.5 256.7 265.3 275.3 277.9 272 274.2
196 192.7 191.3 191.4 193.1 193.7 201.8 208.2 214.6 222 232.5 243.3 252.6 261.2 264.1 268.4 273.5 279.7 286.3 294.5 300.5 306.2 309 314.3 319.4 322.8 325.5 327.8 326.1 316.4 302 289.1 272.4 258 247.1 238.8 229.5 219.5 222.9 227.9 233.4 242 250 257 262.2 264.4 266.8 267.8 266.5 264.1 260.9 254.8 238.2 228.2 247.1 268.7 286.3 298.5 301.6 303.2 304.1 302.9 299.4 290.2 275.6 261.7 252.8 246.8 243.9 241.2 231.2 233.6 242.1 249.7 259.7 266.6 261 269.9
