webserver/python/data/SO27.asc
ncols 200
nrows 200
xllcorner 320000
yllcorner 270000
cellsize 50
[rows 105 to 139 of 200, columns 0 to 77 of 200]
446.2 443.5 440.8 439.1 437.5 436.3 436.8 436.4 435.2 433.6 431.7 432.4 431.1 429.7 427.7 423.6 419.9 416.6 413.2 411.5 411.8 410.3 408.5 405.2 400.6 395.5 388.9 380.8 373.4 368 362.9 357.3 351.7 343.5 335.1 329 323.3 316 308.5 301.7 293 285.8 271.5 271.3 267.2 261.3 255.1 251.2 250.7 252.5 254.6 254.1 257.8 260.3 266.3 272.2 281.9 287.9 292.8 292.1 287.4 278.9 271.1 261.3 251 244.5 234.4 228.8 225.9 225.3 225.9 224.5 220.3 219.1 218 216.8 214.7 213.4
442.8 439.4 437.3 435.8 434.7 435.4 435 434.3 433.2 432.1 431 431.8 430.6 427.2 423.6 419.6 415.1 412 410.5 410.1 409.5 405.8 402 396.5 389.2 383.3 377.1 367 353.9 344.5 338.7 333.1 327.4 322.4 317.3 311.5 305.6 298.8 291.5 284.9 277.5 270.2 264.7 258.7 255.1 250.3 245.1 242.4 244.2 245.7 244.3 244.7 246 247.2 247.7 253 257.2 262.2 266 267.1 261.4 256 251.3 244.7 234 227.5 224.4 222.1 221 222.2 222.3 220.4 219 217.6 216.4 215.3 213.5 213.7
436.3 435.4 433.9 433 432.4 432.3 432.2 432 431.2 430.1 428.2 426.9 424.9 422.2 419.3 415.6 410.5 407.9 406.4 403.5 401 397 392.2 384.5 376.4 369 359.3 344.1 329.8 321.6 315.9 308.9 303.1 301.5 299.3 294.8 288.5 282 275 271.4 264.8 257.8 254.7 251.8 249.3 245.6 240.8 239.1 239.3 241.3 239.4 237.8 237.4 237.7 238.4 239.2 240.7 244 247 245.1 238.8 233.8 232.3 228.7 224.3 221.8 220.3 219.8 219.5 219.3 219.5 218.9 217.6 216.3 214.9 214.4 214.2 213.5
430.7 430.4 428 428 428 426.5 426.2 425.3 424.2 423.3 421.7 420.5 418.8 416.3 413.7 408.6 403.5 400.4 397.5 393.6 389.9 385.7 377.9 367.1 358.4 347.7 333.2 317.4 307.9 303.1 298.3 293.9 291.3 288.1 283.8 281.9 275.7 270.8 265.1 259.8 254.2 250.9 247.6 246.4 246 242.6 240.6 241.9 240.5 236.7 235.4 234.6 234.3 233.7 232.5 232.2 233.9 233.9 232.8 231.4 227.3 226.1 224.1 222.7 221.7 220.7 219.9 219.6 219.4 219 218.5 218.2 216.8 215 216.1 219.4 218.3 214.7
425.9 425 422.5 421.8 420.2 418.7 418 417.5 416.6 415.9 414.7 412.4 410.1 407 403.1 398.6 394 390.7 388.5 384.6 379.6 367.9 356.2 345.6 333.8 321.2 310.2 301.1 293.9 290.3 286.6 286.7 283.9 278.5 275.1 270.5 265.7 259.9 255.5 252.5 248.7 246.6 245.1 244.4 246.2 249.3 251.6 248.3 242.1 237.6 234.4 233 233 232.1 230.7 229.5 228.4 227.6 226.8 226 224.9 224.2 223.4 222.5 221.6 220.6 219.7 219.4 219.2 218.8 218 217.7 221.5 230.2 235.1 232.3 226 217.6
421.9 419.5 416.1 414.3 412.5 411 409.7 409.2 408.2 406.4 404.6 401.7 398.1 395 391.5 387.5 383.2 381.2 376 372.6 355.9 342.1 332 321.1 310.6 303.6 295.5 288.5 282.9 279.5 277.8 278.8 278.5 274.8 267 262.4 257.4 253.5 251.6 249.4 248 246.8 251.3 257.8 266.3 271.6 277.4 256 246.2 238 235 232.2 232 231.6 230.6 229.6 229.1 227.6 226.8 225.8 224.8 224.2 223.2 222.4 221.5 220.7 220 219.7 219.7 221.2 228.6 239.2 248.3 255 255.5 247.6 233.7 225.1
414.6 413.4 410 408.3 406.4 404.5 402 399.5 397.9 396.1 393.4 390.1 386.4 383 379.4 375.9 372.1 367.8 361.2 347 331.1 319.9 310.3 304 296.1 289.7 283 281.2 280 277.2 276 267.3 268.9 265 259.5 257 254.1 251.6 251.1 250 252.4 257.6 265.7 276.4 286.9 303.9 301 281 253.6 239.4 235.5 232.9 232 231.7 230.7 230.3 229.7 228 226.7 225.7 224.7 224 223.2 222.2 221.4 222 222.6 222.5 232.7 245.4 258.5 268.6 274.3 275.8 271 260.4 242.8 229.9
407.8 406.3 404.1 401.9 399.9 397.9 394.7 391.1 387.5 385 381.7 378.5 375.3 372.9 369.3 364.4 357.3 351.2 337 323.3 313.6 303.8 296.9 290.2 285.6 283.5 284.4 289.5 291.7 292.6 286.3 277.2 267.9 263.7 258.7 255.6 255.5 253.7 253.5 254.1 257.4 268.6 281.3 294.2 312.8 317.9 309.8 290.8 262.3 242.7 237.2 236.2 233.3 232.1 231.4 231 230.4 228.7 229.5 226.4 224.6 224 223.6 223.6 224.1 225.2 233.4 246.7 260.4 273.9 284.8 292.9 291.9 288.2 280.6 269.3 248.1 235.4
402 400 398.4 396.7 394.4 391.6 387.2 383.6 378.9 375.4 372.4 369.8 366.8 363.4 357.8 350.7 342.2 330.9 320.6 309.5 300.9 293 287 291.5 293.9 298 305.4 313.3 312.6 309.7 303 288.1 276.1 268.6 265 264.2 260 257 257.4 259.5 270.4 282 295.4 313.2 325.3 313 304.2 289.4 266.9 247.2 241.9 241.1 235.4 234.7 234 232.9 232.3 233.8 234.3 232.1 230 229.3 228.6 229.8 238.5 249.9 258.9 271.8 285.9 298.4 309.7 307.8 301.2 294.9 285.6 268.8 250 240.2
400.1 395.8 394.1 391.2 389.2 386 381.8 377.4 373 369.6 365.2 362 359.2 353.8 346.6 338.4 324.8 317.6 309.4 300.5 291.1 295.8 301.8 306.9 313.7 321.7 329.8 335.4 333.3 331 323 305.4 283.8 273.2 270.3 267.4 263.1 259.5 263.5 270.9 283.5 294.4 307.6 319.4 314.7 303.5 290.4 273.6 261.3 249.3 246.9 245.5 236.8 237.3 236.8 238.4 244 247 245.6 243.9 245 244.3 247.8 251.2 259.1 269.4 281 293.8 307.4 319.3 318.7 314.3 308 299.3 288.8 271.4 254.3 243.4
401.6 396.5 392.7 390.8 387.5 381.4 376.7 371.4 368.1 365.1 358.6 353.4 349.5 343.8 335.9 326.1 316.7 309.5 302 290.8 300.6 309.4 317.5 330.6 341.4 347 353.5 361.7 354.7 351.9 343.7 324.6 300.3 286.1 280.2 272.3 266.6 264.5 270.7 280.8 291.7 306.1 313 313.7 302.5 285.5 275.8 265.8 257 252.1 251.6 243.3 239.6 242.6 247.1 252.5 262.8 270.3 269.3 265.2 266.3 266.4 265.2 270.5 277.8 287.4 300.2 311.6 322.2 322.8 320.5 316.3 308.8 299.5 286.2 270 253.8 240.2
408 402.3 395.3 389.7 383.9 379.2 374.6 369 362.4 357.5 351.1 341.7 339.6 335.3 320.9 315.5 307.7 300.6 298.8 302.9 313.7 325.7 340.5 354.2 367.8 372.3 374.5 378.3 371 369.3 364.5 342.4 316 299.3 291 278.8 270.8 272.8 278.6 288.4 301.2 310 311.3 297.2 287.3 276.8 268.2 262.1 258 254.4 246.4 241.7 246.1 247.7 255.4 265.6 276.6 285.5 285.7 282.3 282 282.3 281.9 288.6 294 305.6 317.9 323 323.3 322.5 318.6 312.6 304.9 294 279.9 265.3 249.3 234.5
408.9 402.2 399.2 392.7 387.1 383.8 380.1 376.9 373.6 368.4 358.8 346.5 335.4 330.4 320.2 312 301.2 302.7 305.5 317.3 332.3 347.6 361.9 377.7 380.4 378.4 381.2 382.5 378 376.9 373.2 351.5 331.5 312.7 304.9 287.8 281.2 283.8 282.7 291.7 304.3 306.6 300.1 291.1 283.8 272.9 265.9 258 252.6 246.3 248 251.8 255.3 257 263 276.9 288.9 295.1 295.1 293.3 292.6 291.6 295.1 304.7 311.2 321.6 323.7 323.9 321.9 318.5 314.6 308.1 300 286.6 272.6 258.1 242.5 232.7
408.7 405.5 402.6 399.9 396.6 391.4 388.1 381.7 376.5 367.9 360.4 350.8 340.6 328.1 315 310.2 307.7 309.3 321.2 337.3 351.3 363.8 377.8 381.3 379.7 379.6 379.8 379.5 378.5 376.3 372.9 355.5 338.7 326.2 315.6 295.2 289.6 289.4 288.4 294.6 304.4 300.3 295.1 290.3 281.3 268.1 259 251.4 248.2 252.5 258.9 263 266.1 269.8 266.9 283.7 300.7 300.3 303.2 305 305.6 304.7 311 319 323.6 327.4 326.8 322.5 318.1 315.7 312.2 303.5 292.6 278.6 265.4 252.5 240.9 231.1
407.5 404 399.9 397.3 394.6 391.6 387.3 381.5 373.4 366.3 361.2 352.5 337.9 325.3 317 316.9 316 320.9 338.8 354 364.1 374.2 378.8 378.8 378.6 378.3 377.9 375.8 374.4 373 370 359.3 344.5 335.8 318.9 302.7 296.2 292.7 293.1 299 301.4 296.3 292.3 286.6 273.5 259 252.9 254.3 257 261.9 269.1 273.4 277.6 281 281.1 279.5 295.6 302.5 306.6 307.5 309.8 315.2 323 327.7 329.7 331.3 325.6 319.9 317.3 315.2 310.9 302.2 291.5 275.4 259.6 246.9 237 235.4
401.3 398.8 395.1 392.1 389.8 388.9 384.4 379 372 367.9 360.5 347.5 338.2 328.1 323.1 321.5 327.9 333.5 346.9 359.8 369.9 373.4 375.5 374.9 373.8 372 370.8 368.9 367.2 364.8 359.2 351.1 340.5 327.2 313.3 302.9 296.3 294 297.9 301.8 299 292.7 287.4 279.1 267.3 257.1 253.4 260.4 264.2 270.1 276.6 283.9 288.2 291 292.2 291.6 292 298.9 302.3 303.1 306.8 317.1 327.7 331.9 335 330.5 323.8 319.5 316.1 311.5 305.4 293.8 280.3 265.2 252.5 241.5 237.1 244.4
393.7 391.2 389.2 387.9 386.5 385.3 380.6 376.8 372.7 366.1 355.3 344.9 336.5 330.3 326.5 327.2 335.4 338.5 350 361 365.5 367 368.5 368.3 367.4 365.8 364 362.1 359.1 353.2 345.5 336.3 324.2 312.1 305.8 298.5 296.3 300.3 303.5 305.5 301 288.3 281.7 274.7 266.7 257.8 256.5 262.9 270.1 277.9 288.4 296.7 301.3 302.9 302.7 302.8 302.4 302.2 301.6 300.9 301.3 311.7 324.6 333.1 330.9 327.5 322.8 318.1 313.6 304.9 293.3 281.2 268.2 255.2 246.1 238.3 245.8 258.9
384.5 383.2 383.4 382.3 379.5 377.1 378 374.8 367.7 359.6 351.4 342.5 334.1 330.1 328.8 330.6 338.1 340 346.9 353.1 356.3 358.5 360.9 361.2 360.9 359.5 357.5 352.4 345.5 340 331.1 321.9 310.1 304.7 300.4 298.8 300.8 305.8 307.7 306.3 299.4 286.8 279.8 273.6 265.5 259.1 263.8 270.4 278.5 290.9 301.9 310.7 314.7 313.9 312.7 312.6 312.6 310 306.6 301.7 301.2 305.4 319.3 327.8 329 327.4 320.5 314.1 306.6 292.4 278.1 267.3 259.4 249.8 241.7 247.1 254.7 275.6
371.9 374.2 374.7 374.3 371.3 371.6 373.7 368.4 360.4 352.9 345 338.1 333.5 332.2 332.1 331.1 333.1 332.5 337.4 342.7 347 350.9 353.4 354.4 355.6 354.8 351.3 346.1 337.5 327.6 321.6 314.3 307.4 302.7 301.1 304 308.2 307.9 303.7 300.9 292 286.3 279.1 271.7 264.5 262.3 271.3 279.9 291.9 306.6 318.3 326.6 325.8 322.3 322 320.9 319.1 316.4 312.4 306.9 303.2 307.9 317.7 325.6 327.2 325.9 318.7 309.9 298.5 283.7 273.3 263.5 254.2 247.3 247.6 254.7 271 291.6
361.1 365.8 364.3 363.6 363.5 364 361 356.4 350.6 345.1 337.1 331 327.1 328 327.9 327.7 327.6 329.2 331 336.1 340.8 344.4 349.7 352.2 353.6 354.2 351.5 344 337.3 326.7 320.9 314.6 307.4 302.9 305.4 313.9 311.8 301.4 299.4 297.4 289.1 284.3 277.8 275.9 272.6 270.5 283.1 292.5 309.1 323.2 333.4 338.5 334.9 330.7 329 326.9 325.3 322.7 318.9 312.9 307.4 313.3 322.3 325.3 327.3 325.1 317.1 307.4 291.4 280.5 271.1 257.4 252.4 252.1 254.7 267.6 286.5 305.4
353.6 351.1 353.4 352.1 351.9 350.7 346.1 341.4 336.6 331.5 328.8 325 322.9 322.6 324 322.5 320.5 322 326.2 330.3 334.4 339.7 345.8 351.5 355.4 358.8 352 347.4 343 340.1 329.7 316.6 309.2 309.6 311.3 312.4 305.7 301.3 301.8 297.6 289.2 284.7 282.1 280.2 271 278.4 294.7 307.6 322.6 333.7 343.8 345.5 342.3 338.2 335.1 332.9 331.4 329.4 325.9 321.9 318.6 322.6 325.9 327.4 326.5 322.4 313.4 300.1 288.2 278.9 261.1 254.5 261.4 260.3 267.6 284.6 302.9 323.8
347.9 340.7 341.4 341.6 339.8 337 331.7 328.4 326.7 324.8 323.5 322.5 320.5 318 317.2 318.2 318.6 318.8 321.7 325.8 331.7 338.8 346.6 352.5 358 358.4 354.1 352.4 352.7 350.8 335.5 324.1 317.7 314.4 312.1 307.6 306.3 305.6 301.6 298.5 289.7 287 288.2 279.3 277.7 291.2 307.8 319.3 331 341.9 350.6 351 348.2 344.5 340.8 338.9 338.1 340.1 340.9 336.9 331.3 328.9 327.8 328.1 327.5 321.9 309.5 296.1 287.4 274.5 259.8 270.2 270.2 267.5 284 302.2 320 329.4
337.1 334.2 332.2 329.8 326.6 323.2 321 318.9 318.1 317.7 321.5 321.5 317.2 314.8 313.7 313.7 315.1 316.1 316.9 322.5 329.4 338 347.2 354.1 358.2 356.6 358.3 360.5 360.3 352.8 338.8 330.6 325.5 317.1 310.1 308.2 311.5 308.3 301.7 298 298.2 294.7 297.5 280.8 286.4 301.7 315.5 325.1 335.9 346.1 352.2 355.8 353.6 348.9 345.7 346.9 352.8 356.4 354.7 346.1 337.5 331.4 329 326.6 325.7 320.3 306.8 295.4 287 265.1 277.9 278.1 274.1 282.6 300 318.7 329.9 321.5
330.7 327.9 325.2 318.3 314.6 313.2 311.9 311.5 310 309.7 312.6 313.6 309.3 306.1 310.2 307.9 310 311 312.6 319.9 326.6 335.8 343.3 351.1 356.7 360.5 364.9 365.2 362.1 356.2 344.6 336.5 325.9 316.3 312.3 314.2 314.6 309.9 307 307.6 308.6 307.9 304.9 290.3 288.3 302.5 317.2 327.1 337.6 348.3 357.8 358.6 355.4 352.5 353.7 360.5 366.2 366.4 360.9 352.2 342.5 333.5 329.3 324.9 321.3 317.1 309.2 297.3 279 286.8 285.2 282.3 287.4 299.8 316.5 331.5 322.5 306.4
325.6 322.1 320.9 326.2 324.7 324 323.8 323.2 322.2 319.5 310 311.4 306.9 302.2 299.2 299.4 299.4 308.2 307.2 317 323.8 332.6 338.9 349.9 358.6 365.3 367.8 366.4 363.3 361.4 349 338.5 326.2 319.5 318.7 319.1 315.7 314.7 316.7 319.5 320.5 318.4 316.6 309.1 290.8 302.1 313.5 324.9 336.6 347.9 354.6 358.1 358.6 360.4 368.4 374 374.6 371.9 362.8 357.2 346.4 335.6 330.2 325.8 320 313 305.1 292.1 294.8 293.5 291.8 295.5 305 319.8 330.1 330.5 308.4 293.2
329.3 328.5 330.8 331.2 330 331.5 331.8 329.9 327.1 323.6 318.8 315.7 314 314.9 310.4 299.2 294 295.5 301.6 313.8 321.3 329.2 339.6 350.9 360.2 366.8 367.6 366 364.1 359.7 345.3 337.9 329.3 326 330.1 321.5 323 324.5 325.2 327.4 325.9 325.6 323.3 314.7 294.7 300.1 314.2 324.3 332 343.5 352.3 361 365.1 373.6 380.8 382.2 381.7 374.7 366.1 357.5 347.3 337.9 332.3 328.5 327.1 318.1 302.7 303.4 301.8 301.9 304.7 312.6 326 334.1 333.5 308.5 292.4 281.5
337.8 337.7 335.9 335.9 334.8 333.7 334 332.3 329.5 326.4 324.5 323.1 325.4 325.5 320.2 311.7 299.6 291.1 295.7 308.5 316.3 327.5 343 354.7 363.8 366.9 367.1 367.1 363.1 349.6 342.1 335.8 335.4 340 335 330.9 333.1 333.4 333.6 332.8 330.7 326.7 322.6 316.8 298.2 299.3 313 326.4 334.8 345.1 354.6 365 373.7 383 387.6 389.4 385.1 376.3 367 358.3 349.7 340.9 335.5 330.5 323.8 313.6 312.5 313.4 315.6 318.3 323.5 335.7 341.4 336.8 316.9 295.4 284.3 273.6
346.8 346.1 343.2 341.1 339 337.2 336.6 335 332.5 331.7 332.4 333.2 333.7 331.2 325.8 318.6 309 299.3 290.3 302 310.8 328.7 345.2 359.6 367.3 372.3 367.3 365.5 355.3 345 343.6 341.6 346.6 347.3 340.7 340.7 339.3 339.5 339.3 333.3 329.8 325.7 319 311.4 300.3 307 319.9 332.7 342.5 351.1 362.7 372.4 382.8 389.1 391.9 392 386.1 376.4 367.7 360.1 352.6 343.3 337.7 330.8 320.9 321.9 327.2 333 336.5 339 347.9 349.2 346.4 323.9 305.4 288.8 282.8 287.1
355.3 352.5 348.3 345.9 343.3 340.7 340.2 340 339.9 339.7 341.7 342.3 339.8 336.1 328.3 319.6 310.8 301.6 292.1 297.6 305.3 324.3 345.3 364.2 371.7 370.1 363.7 357 348.4 345.5 345.3 348.8 352.1 350.5 346.4 342.9 340.3 340 335.6 331.9 327.6 319.4 309.9 303.5 307.6 317.8 331.8 343.5 354.2 363.6 373.1 382.9 389.7 393.6 394.5 393.7 384.5 375.5 367.5 359.6 351.1 341.6 335.9 336.5 336.6 338.3 343.9 350.4 357.9 360.6 360.1 357.2 341 317.2 298.7 291.6 298.3 304.1
360.8 357.3 353.8 353.4 349.6 349.1 347.9 348.2 347.7 349.5 352.2 350.3 345.7 338.8 331.7 327 318.4 307 297.9 288.5 298.7 314.1 338 358.6 366.8 364.2 355.5 343 342.6 343.6 346.8 350 350.1 347.9 343.2 340.1 336.2 332.5 328.4 327 321.6 310.4 306.8 314.7 321.1 330.6 343.4 354.6 367 375.8 383.8 389.1 394.8 396 396.9 394.9 383.1 374.2 365.6 357.4 350.2 344.8 349.8 350.6 352.5 358.6 361.3 369.2 371.6 372.1 370.8 359.8 335.1 312.8 299.7 307.7 315.7 322.4
365.6 362.1 359.8 359.4 359.3 358.5 356.4 356.6 358.3 361.5 361.3 356.4 348.3 343.8 338.7 331.9 321.8 308.6 301 286.9 285.2 302.5 326.5 346.5 355.9 350.8 337.4 336.4 338.8 341.4 347.5 347.4 346 342.5 338.4 333.5 329 325.5 323.6 320.2 312.1 314.5 320.9 331 338.3 346.6 360.1 373.7 379.5 385.8 391.9 395.3 396.6 397.7 397.7 390.5 382.3 373.5 365.2 361.5 358.6 352.4 360.4 362 366.4 373.3 376.3 379.6 380.8 378.9 372.8 357 330.3 305.5 315.2 326.1 338.3 344.9
369.3 366.9 365.8 364.7 367.4 366.8 366.7 371.1 373.8 372.8 367.6 360.8 355.3 350.6 341.7 334 321.8 311.4 303.7 292.8 283.5 291.7 315.7 333.6 338.7 329.1 329.9 331.3 335.1 341.6 344.4 341.7 341.1 335.4 332.6 328.2 324.8 323.9 323.3 319.2 321.7 326.2 336.3 345.8 355.9 366.6 376.2 382.6 388.6 394.2 394.8 397.5 397.7 397.4 397.5 390.6 382.6 373.6 369.7 372.1 363.8 363.9 370.9 372.4 377.8 382.5 384 385.5 384.6 381.5 369 349.9 326.3 319.7 332.9 347.6 359.7 364.7
372.3 371.5 370.5 370 372.5 374.6 379.3 381.8 381.7 378.8 374 368 362.2 352.6 342.2 333.3 319.2 309.2 304.5 296.4 291.4 284.4 308.5 324.6 322.3 319.9 322.4 326.4 332.2 338.3 338.2 336.9 334.7 335.6 333.5 329.8 328.7 331.6 333.3 330.6 333.4 340 346.5 356.2 368.9 379.1 384.6 388.8 394.6 398 397.1 398.1 400.9 400.5 395.8 389.2 381.6 379.4 377.7 375 373.4 369.2 376.7 379.9 382.5 386.5 389.2 387.8 385 376.3 362.7 342.5 320 334.1 347.5 362.5 373.8 376.2
376.6 375.9 375 376 378.4 381.9 384.1 385.4 386.9 382.4 375.5 370.8 361.5 351.8 340.7 332.2 321.3 311.1 303 296.3 296.6 284.3 297.7 305.6 305.3 306 311.4 319.9 329.1 332.1 334.6 336 336.5 337.1 334.6 336.6 337.1 338.7 341.5 344 348.8 353.4 357.3 367 378.9 385.7 390.5 394.4 398.7 398.7 398 400.3 401.9 395.5 390.4 385.5 383.9 382.9 378.9 376.5 374.4 374.3 377.7 383.1 387.5 390.3 392.2 390.1 382 372.8 355.4 332 341.2 349.6 364.4 377.4 382.1 383.9
373.1 373.4 374.4 376.6 379.5 383.6 385.7 387.6 387 381.2 372.7 366.3 356.3 353 351.4 339.1 326.2 315.9 302.5 296.8 295.7 288 281.8 289.8 290.7 296.6 308.3 316.1 323 326.3 330.9 333.6 335.7 337.3 340.1 341.7 342.6 346.8 355 361.7 369.2 366.5 369.6 379.2 384.4 390 395.1 397.3 400.4 399.5 399.1 398.9 394.6 391.6 388.9 386.8 383 379.5 378.5 376.9 375.3 374.1 377.1 384.3 388.8 393.1 393.7 388.3 381.1 371.9 354.4 353.1 360.8 369.9 380.3 385.9 389.3 389.5
