webserver/python/data/SO34.asc
ncols 200
nrows 200
xllcorner 330000
yllcorner 240000
cellsize 50
[rows 36 to 71 of 200, columns 0 to 82 of 200]
75.2 74.7 74.1 73.8 73.6 74.7 76.7 77.5 77.8 76.9 76.3 74.5 72.4 70.9 69.3 68.3 67.8 67.7 67.6 67.4 67.9 69.1 69.7 70.2 70.1 69.7 69.3 68.4 68.1 68 68.1 68.1 67.6 67.5 66.2 65 65 65 65 64.8 64.6 64.6 64.6 64.8 64.3 64.2 64.1 63.8 63.9 63.5 63.2 62.9 63.1 63.3 63.6 63.8 63.9 63.4 63.5 63.9 64.2 64.2 64.2 64.3 64.3 64.4 64.4 64.5 64.4 64.3 64.2 64.2 64.2 64.2 64 63.7 63.7 63.7 63.9 64.2 64.6 64.6 64.5
73.1 72 71.9 73 73.6 73.8 76 76.3 76.5 75.2 74.6 73.2 71.2 69.8 68.4 67.6 67.5 67.5 67.4 67.4 68 68.7 69.2 69.4 69.3 69.3 69.3 68 67.6 67.6 67.7 67.5 66.6 66.2 65.8 64.9 64.4 64.2 64.3 64.3 63.8 63.8 63.8 63.7 63.8 63.8 63.7 63.4 63.2 63.4 63.6 62.5 63.5 63.5 63.4 63.7 63.8 63.4 63 63.3 63.7 64 64.2 64.2 64.2 64.2 64.3 64.3 64.3 64.2 64 63.8 63.7 63.7 63.8 63.3 63.1 63 63 63.2 63.6 63.9 64
71.8 70.4 71 72.4 73.8 74 74.7 74.9 74.3 73.8 73.1 71.4 69.9 68.4 67.6 67.3 67.2 67.1 67 66.9 67.2 68 68.5 68.4 68.3 68.2 67.9 67.7 67.3 67.2 67.2 66.9 66 65.1 65.4 64.4 63.5 63 63.6 64 63.2 63.4 63.4 63.5 63.4 63.3 63.4 63.1 63.1 63.1 63.6 63.8 63.6 63.2 63.2 63.5 63.8 63.3 62.8 63.1 63.4 63.7 63.9 64.1 64 64.1 64.1 64.2 64.1 64 63.8 63.5 63.3 63.3 63.3 63.2 63 62.9 62.7 62.5 62.7 63.6 63.6
71.3 69.9 70.1 71.5 72.9 73.5 73.5 73.4 72.9 72.4 71.4 69.7 68.4 67.9 67.4 66.9 66.8 66.7 66.7 66.1 67.2 68 68 67.8 67.6 67.4 67.2 67 66.8 66.8 66.8 66.4 65.2 64.4 64.4 64.3 63.1 62.8 62.5 62.5 62.7 63 63.1 63.2 63.5 63.5 63.1 63 62.9 62.9 63.2 63.1 62.9 62.9 63.1 63.6 63.8 63.3 62.7 62.9 63.3 63.6 63.5 63.8 63.9 64 64 63.9 63.8 63.7 63.5 63.3 63.1 62.9 62.9 62.8 62.6 62.4 62.3 62.4 62.4 63.3 63.3
69.7 69.2 69.2 70.2 71.2 71.5 71.9 71.8 71.6 71 69.6 67.9 67.8 67.4 67.2 66.6 66.5 66.3 66.2 66.9 67.6 67.9 67.7 67.4 67.3 67 66.8 66.6 66.3 66.4 66.5 66.1 64.7 64.3 64.2 64 63.1 62.5 62.7 62.7 62.7 62.7 62.8 63 63.3 63.7 63.5 63.2 63.1 63.1 62.9 63 63 63.3 63.5 63.7 63.7 63.4 62.7 62.7 63.1 62.9 63 63.3 63.7 63.8 63.7 63.5 63.4 63.4 63.2 63 62.8 62.6 62.5 62.4 62.2 62.3 62.3 62.3 62.4 62.9 63
68.7 68.8 69 68.9 69.2 69.6 70.3 70.9 70.5 69.2 67.8 67.3 67.2 66.9 66.5 66.3 66.1 66.3 66.8 67.2 67.5 67.7 67.5 67.1 66.9 66.7 66.4 66.2 66.1 66.3 66.3 65.6 64.5 64.4 64.4 64.3 63.2 62.6 62.9 62.8 62.7 62.7 62.4 63.1 63.6 63.8 63.8 63.5 63.3 63.2 63.2 63.1 63.2 63.4 63.7 63.9 63.8 63.3 62.7 62.6 62.9 62.5 62.6 62.9 63.1 63.3 63.3 63.1 63.1 63.2 63 62.7 62.5 62.3 62.2 62.2 62.2 62.2 62.3 62.3 62.3 62.6 62.7
68.2 67.7 67.5 67.5 67.5 67.9 67.9 68.2 68 67.2 67 66.7 66.6 66.4 66 65.6 65.7 66.3 66.9 67.1 67.3 67.5 67.2 66.8 66.6 66.3 66.1 66.2 66.2 66.3 66.2 65.1 64.8 64.8 64.8 64.5 63.4 62.4 62.9 62.8 62.8 63 62.5 63.1 63.9 64 63.9 63.8 63.6 63.4 63.2 63.1 63.3 63.6 63.8 64.1 64 63.2 62.8 62.5 62.5 62.5 62.4 62.3 62.5 62.7 62.7 62.8 62.8 62.9 62.7 62.6 62.4 62.2 62.3 62.4 62.4 62.4 62.4 62.4 62.4 62.3 62.3
67.4 67.2 67.2 67.2 67 67.3 67.3 67.2 67 66.9 66.8 66.6 66.4 66.2 65.7 65.4 65.8 66.5 66.9 66.9 67.1 67.3 66.9 66.6 66.2 66.1 66.3 66.5 66.8 66.8 66.1 65.3 64.9 65.2 65.2 64.7 63.5 62.8 63 63.1 63.5 63.6 62.9 63.5 64 63.9 63.8 63.8 63.8 63.5 63.3 63.2 63.4 63.6 63.8 63.8 63.7 63.2 63.2 63.1 63.1 63 62.9 62.6 62.5 62.5 62.6 62.4 62.4 62.8 62.7 62.5 62.3 62.3 62.4 62.5 62.7 62.7 62.7 62.7 62.7 62.9 62.8
67.1 66.6 66.5 66.8 67 67 67.1 67.1 67.1 67 66.8 66.9 66.7 66.7 66.2 65.1 65.6 66.3 66.8 66.8 66.9 66.9 66.6 66.2 66.2 66.3 66.5 66.7 67.6 67.7 66.3 65.6 65.2 65.4 65.6 64.9 63.7 63.5 63.4 63.6 63.9 64 63.8 63.6 63.7 63.6 63.4 63.3 63.3 63.5 63.3 63.2 63.3 63.5 63.5 63.4 63.6 63.9 63.7 63.8 63.7 63.6 63.4 63.1 63 63.1 62.9 62.7 62.8 62.9 62.6 62.4 62.3 62.4 62.5 62.6 62.8 63 63 63 63.1 63.1 63
67.3 66.6 66.2 66.5 67.1 67 67 67.1 67.2 67.4 68.2 68.5 67.9 67.3 66.8 66.3 65.7 65.1 65.4 65.4 65.5 66.1 66.2 66.2 66.1 66.4 66.7 67.4 68 67.9 66.3 65.9 65.5 65.5 65.9 65.1 63.9 62.9 63.2 63.9 64.3 64.4 64.2 63.7 63.3 63.1 62.9 62.8 62.8 63.4 63.3 63.3 63.3 63.5 63.7 63.9 64.1 64.7 65.3 64.9 64.5 64.1 64 63.8 63.7 63.5 63.3 63.1 62.9 62.7 62.5 62.3 62.4 62.5 62.6 62.7 62.9 63.2 63.3 63.3 63.4 63 62.5
67.6 67.1 66 66.8 67.2 67.1 67 67.2 67.9 69.7 70.2 70.4 69.6 68.6 67.9 67.4 66.8 66.2 65.6 65.1 65 64.3 65.1 65.4 65.7 67.1 68.1 68.8 68.7 67.6 66.5 65.8 65.1 65.5 65.8 65.4 64.7 64 63.5 64.1 64.7 64.8 64.2 63.7 63.7 62.7 62.4 62.3 62.3 62.9 63 62.7 63 63.5 63.8 64.3 64.5 64.5 64.4 64 63.9 63.8 63.7 63.6 63.6 63.5 63.4 63.2 63 62.6 62.3 62.2 62.3 62.5 62.7 62.8 63 63.3 63.5 63.5 63.4 62.8 62.3
67.9 67.3 67 67.1 67.3 67.2 67.2 67.5 69.8 70.9 71.3 71.5 70.9 69.9 69.1 68.6 67.9 67.2 66.5 65.9 66 65.3 64.2 65.1 66.7 68.7 68.9 69 68.4 67.4 66.3 65.3 65.1 65.6 65.6 65.4 64.7 63.9 64.1 64.6 65.1 64.8 63.7 63.7 63.6 63.2 62.1 61.8 61.8 61.9 61.9 62.5 63.2 63.5 63.6 64 64.3 64 63.9 63.8 63.7 63.6 63.5 63.4 63.3 63.3 63.2 63.1 63.1 63 62.8 62.8 62.9 62.9 62.9 63 63.2 63.4 63.5 63.2 63.2 62.5 62.1
67.6 67.4 66.7 67.5 67.5 67.5 67.5 69.5 71.1 71.5 71.8 71.8 71.6 71.3 70.4 69.7 69 68.3 67.4 66.4 66.2 65.5 64.6 64.4 66.1 67.2 68.3 68.2 67.2 66.7 66.2 65.9 65.2 65.4 65.3 65.3 64.7 64.3 64.6 64.5 64.4 64.3 63.7 63.7 63.6 63.6 62.7 61.6 61.5 61.5 61.7 62.3 62.7 63.1 63.4 63.8 64 63.8 63.5 63.6 63.6 63.5 63.4 63.3 63.2 63.2 63.1 63 62.9 62.8 63 63 63 63 63.2 63.3 63.5 63.6 63.3 63 63 62.8 62.4
67.2 67.4 67.4 67.4 67.6 67.7 67.7 70.8 71.6 71.9 71.9 71.6 71.3 71.5 70.8 70.4 69.6 69.1 68.2 67 66 65.2 64.4 63.6 64.8 65.7 66.8 66.8 66.1 65.3 65.4 66 65.4 65.2 65.1 65 64.6 64.5 64 63.9 63.8 63.6 63.7 63.7 63.6 63.6 63.2 62.1 62 61.8 62 62.7 63 62.9 63.2 63.6 63.8 63.5 63.2 63.2 63.3 63.3 63.3 63.2 63.2 63.1 63 63 63 63 63 63 63.1 63.3 63.4 63.5 63.6 63.7 63.5 62.8 62.8 62.7 62.3
67.5 67 67.2 67.4 67.5 67.8 68.7 70.7 71.8 71.9 71.8 71.5 71.2 71.6 71.6 71.1 70.1 69.2 68.5 67.4 66.4 65.5 64.7 63.6 63.7 64.6 65.6 66.5 64.9 64.9 64.8 65.1 65.3 65.2 64.9 64.3 64.2 63.8 63.3 63.2 63.2 63.1 63.5 63.6 63.6 63.6 63.5 62.3 62.1 62.5 63.1 63.2 63.1 62.9 63.1 63.4 63.5 63.3 63 62.7 62.8 62.9 63 63.2 63.2 63.2 63.1 63.1 63.1 63.1 63.1 63.1 63.2 63.3 63.5 63.6 63.7 63.7 63.8 63 62.8 62.5 62.1
67.8 67.4 68.6 68.3 68.8 69.6 70.5 70.9 71.5 72 71.8 71.9 72.5 71.9 72.4 71.8 71 69.9 68.7 67.8 66.8 65.8 64.9 65.1 63.1 63.9 64.6 64.7 64.8 64.8 64.8 64.8 64.6 64 63.4 63.1 62.9 62.8 63.1 63 63.3 63.1 63.4 63.4 63.6 63.9 63.4 62.9 63.1 63.2 63.1 63 63 62.7 62.9 63 63.1 62.9 62.7 62.5 62.4 62.6 62.8 63 63.2 63.1 63.1 63.1 63 63 63 63.2 63.2 63.2 63.3 63.4 63.5 63.6 63.7 64.2 63.5 62.8 62.2
70.3 70.3 70.8 70.3 71 71 71 71.5 71.5 72 72.9 73.4 74 74.3 74.2 72.7 71.5 69.6 68.4 67.5 66.7 65.8 65.2 65.7 64.6 64.6 64.6 64.8 64.9 64.8 64.8 64.9 64.1 63.2 63.2 62.9 62.8 62.8 62.6 63.5 63.4 63.1 63.1 63 63.2 63.9 64 63.7 63.1 63 63 62.9 62.9 62.8 62.4 62.4 62.8 62.6 62.4 62.3 62.4 62.3 62.5 62.7 63.1 63.1 63.1 63.1 62.9 62.8 63 63.3 63.3 63.2 63.2 63.2 63.3 63.4 63.5 63.8 63.4 63.1 62
72.4 71.2 71.2 70.7 70.3 70.2 70.1 71 71.6 72.8 74.1 74.6 74.8 74.9 74.5 73 70.9 69.2 68 66.9 66.5 65.7 65.2 65 64.8 63.2 64.4 65 65 64.9 64.8 64.8 64.1 63.6 63.2 62.9 62.9 62.8 62.8 62.8 62.8 62.3 62.8 62.5 63.4 63.9 64 63.9 63.1 63.1 63 63 62.9 62.8 62.6 62.3 62.7 62.5 62.5 62.5 62.6 62.5 62.2 62.4 62.7 63.1 63.1 63 63 62.7 63 63.3 63.4 63.3 63.3 63.2 63.2 63.3 63.4 63.4 62.7 62.1 62.2
72.4 71.3 71.3 70.9 70.1 69.4 69.4 70.4 71.1 72.2 72.9 73.2 74.4 73.9 73.3 72.4 70 68.8 67.6 66.6 66 65.7 65.3 64.6 64.9 64.2 63.7 64.9 65 64.9 64.8 64.7 63.7 63.5 63 63 63 63 63 63 63 63 62.7 63 63.7 64.2 64.6 64.3 63.3 63.3 63.2 63.2 63.1 63.1 62.5 62.6 62.7 62.7 62.7 62.7 62.7 63 62.7 62.4 62.3 63 63 63 63 63 63 63.3 63.5 63.5 63.4 63.4 63.3 63.2 63.3 63.1 62.6 62.1 62.4
72.3 71 70.9 70.1 69.2 68.6 69.3 70.5 70.3 70.8 71.3 71.7 72.6 72.6 72.1 70.3 68.8 68.1 67.4 66.1 65.7 65.6 65.4 64.5 64.1 63.7 63.6 64.6 64.8 64.7 64.6 64.5 63.8 63.5 63.2 63.2 63.2 63.2 63.2 63.2 63.2 63.3 63.3 63.3 63.9 64.4 64.6 64.8 63.6 63.5 63.5 63.4 63.4 63.2 63.3 63.4 63.4 63.2 62.9 62.8 62.8 63.1 63.3 62.9 62.4 62.6 63 63 63.1 63.2 63.3 63.4 63.6 63.6 63.5 63.5 63.4 63.3 63.2 63.1 62.6 62.1 62.3
72.7 71.4 70.4 69.8 68.4 68.7 69.3 69.6 69.4 69.5 69.7 70.1 70.2 70.5 69.8 69.2 68.6 67.4 66.9 65.7 65.3 65.5 65.3 64.6 63.7 63.9 64.1 64.4 64.6 64.5 64.4 64.3 64.2 63.8 63.5 63.5 63.4 63.5 63.4 63.5 63.5 63.6 63.6 63.6 63.8 64 64.2 64.1 63.9 63.6 63.6 63.6 63.5 63.4 62.8 63.1 64 63.8 63.5 63.3 63 63.3 63.6 63 62.4 62.7 63.1 63.2 63.3 63.4 63.5 63.6 63.7 63.7 63.6 63.6 63.4 62.3 62.5 63.1 62.6 62.2 62.3
71.6 71.1 70.5 69.4 69.2 68.4 68.7 68.8 68.6 68.4 68.3 68.2 67.6 68.3 68.6 68.3 67.7 66.7 65.9 65.1 65.2 64.7 64.4 64.7 63.6 63.3 63.8 64.4 64.5 64.3 64.2 64 63.6 63.7 63.8 63.7 63.7 63.7 63.6 63.6 63.5 63.5 63.5 63.5 63.7 63.7 63.8 63.8 63.7 63.7 63.7 63.7 63.9 63.5 63.6 63.9 63.9 63.8 63.5 63.3 63.3 63.2 63.5 63.5 62.6 62.8 63 63.3 63.5 63.6 63.7 63.7 63.8 63.8 63.7 63.5 63.4 62.3 61.9 62.4 62.7 62.2 62.2
70.8 69.8 69.4 68.8 69 68.2 67.6 67.5 67.4 67.8 67.2 66.1 66.1 66.7 67.1 66.4 65.9 66.1 65.6 64.9 64.7 64.2 63.6 63.4 62.9 63.3 63.8 64.3 64.3 64.2 64 63.7 63.7 63.6 63.6 63.6 63.5 63.5 63.4 63.4 63.4 63.3 63.3 63.5 63.6 63.7 63.7 63.5 63.5 63.4 63.4 63.5 63.4 63.2 62.7 63.1 63.4 63.8 63.5 63.4 63.6 63.4 63.5 63.4 63.2 63 63.1 63.3 63.6 63.6 63.5 63.5 63.5 63.6 63.6 63.5 63.3 62.3 62 62 62.3 62.2 62.2
68.4 68.1 68.2 67.8 67.7 67.6 67.3 67.3 67.6 66.4 64.7 63.7 64.1 62.7 63.3 62.7 64 64.7 65.2 64.7 64.2 63.7 63.2 62.8 62.7 63.2 63.7 64.2 64.2 64 64 63.6 63.3 63.2 63.3 63.3 63.2 63.2 63.2 63.2 63.2 63.2 63.2 63.4 63.5 63.6 63.4 63.3 63.2 63.1 63.2 63.4 63.2 62.9 62.8 62.7 63.2 63.8 63.6 63.6 63.8 63.7 63.5 63.3 63.1 63 63.2 63.4 63.3 63.2 63.1 63.2 63.2 63.3 63.4 63.4 63.3 62.4 62.1 62 62 62.2 62.2
67.8 68.1 68.5 67.6 67.5 67.4 66.9 66.9 65.3 63.1 63.7 64.5 64.4 64.1 63.8 63.8 62.8 62.8 63.9 64.2 63.7 63.2 62.7 62.5 62.6 63.1 63.6 64.2 64 64 64 63.5 62.9 63 63 63.1 63 63 62.9 63 63 63 63.2 63.3 63.5 63.3 63.2 63.1 61.4 62.8 63.1 63.3 63.3 63.1 63 62.7 62.7 63.6 63 63.5 63.7 63.8 63.5 63.5 63.2 63.1 63.1 63.1 63.4 63.3 63.1 63.2 63.2 63.2 63.2 63.2 63.2 62.4 62.1 62.1 62 62 62.2
66.6 66.4 66.7 66.6 66.7 66.8 65.9 65.4 65 64.7 65.3 64.9 65 64.8 64.7 64.4 63.4 62.8 63.4 63.4 63.2 62.7 62.4 62.5 62.4 63 63.5 64 64 64 63.9 63.4 62.6 62.8 62.8 62.8 62.9 63.1 63.1 63 62.9 63 63.1 63.3 63.6 63.2 60.8 59.6 61.1 59.5 58.7 63.6 63.4 63.3 63.1 63 62.8 62.1 62.1 62.2 62.6 63.8 63.5 63.5 63.4 63.3 63.6 63.8 63.7 63.3 63.2 63.3 63.3 63.3 63.3 63.3 63.2 63.1 62.6 62.2 62 62 62.3
64.2 65.5 65.7 65.4 65.1 65.4 65.1 65 65 65.5 65.1 64.9 65.2 65 64.8 64.2 63.5 62.9 62.3 62.4 62.4 62.2 62.3 62.4 62.6 63.6 63.7 63.5 63.6 63.8 63.9 63.2 62.5 62.8 62.9 63.1 63.2 63.4 63.5 63.5 63.4 63.3 63 63.4 63.1 60 59.6 62.9 63.5 63.4 61.4 59.2 63.7 63.5 63.2 62.9 62.6 62.3 62.5 62.7 63.3 63.6 63.4 63.3 63.3 62.9 64.2 64 63.6 63.6 63.4 63.4 63.4 63.4 63.4 63.4 63.3 63.6 63.2 62.7 62.3 62.2 62.2
64 65.3 65.6 65.4 65.4 65.4 65.3 65.3 65.2 65 64.8 64.9 65.3 65.2 64.6 64.1 63.7 63.4 63.3 62.8 62.9 62.6 62.4 62.4 62.3 62.7 63.3 63 62.6 62.7 63.7 62.9 62.7 63.1 63.1 63.3 63.5 63.7 63.8 63.9 63.7 63.3 63 63.6 61.4 59.3 64.2 64.1 64 63.8 63.7 62.3 59.5 63.5 63.2 62.8 62 62.6 62.9 63.1 63.7 63.4 63.1 62.9 62.9 63.7 64.3 64 63.5 63.9 63.5 63.5 63.5 63.5 63.5 63.4 63.3 63.6 63.6 63.2 62.8 61.8 60.7
63.7 65 65.6 65.6 65.6 65.6 65.6 65.6 65.5 65.5 65.4 65.4 65.4 65.3 64.9 64.5 64.1 63.8 63.4 63.5 63.5 63.3 62.7 62.4 62.5 62.9 62.8 62.7 62.6 62.4 63.4 63.3 63.2 63.5 63.4 63.4 63.7 63.9 64 64.2 63.8 63.2 63 61.4 59.4 64.4 64.1 64.1 64 63.9 63.8 63.7 61.2 59.9 63.5 63.1 61.7 62.2 62.7 63.5 63.5 63.2 62.9 62.7 62.8 63.1 63.8 63.9 63.8 64.2 63.7 63.4 63.7 63.7 63.6 63.4 63.4 63.7 64 63.7 63.3 61.7 61.8
64.3 64.9 65.7 65.6 65.6 65.6 65.6 65.6 65.5 65.5 65.4 65 64.9 65.3 65.6 64.9 64.5 64.1 64.1 64.1 64.2 63.9 63.6 62.9 62.8 63.3 63.3 63.1 62.9 62.9 63.8 63.7 63.7 63.9 63.7 63.5 63.7 64.1 64.2 64.7 64.2 59.3 59.4 59.6 64.1 64.3 64.1 64 64 63.9 63.8 63.7 63.3 59.7 64.1 63.6 63.5 64 63.8 63.7 63.7 63.4 63.1 62.7 62.2 61.9 62.4 63.2 64.1 64.5 63.8 63.2 63.8 63.7 63.6 63.5 63.4 63.7 64.1 64.1 63.2 61.8 62.5
65.3 65.2 65.9 65.7 65.6 65.5 65.5 65.5 65.5 65.5 65.2 64.8 64.9 65.2 65.5 65.9 65.2 64.6 64.6 64.7 64.8 64.3 63.6 63.3 63.3 63.5 63.7 63.6 63.4 63.5 63.6 64.2 64.1 64.1 64 63.8 63.6 63.9 64.4 59.6 59.5 60.1 63.5 63.9 64 64.1 64 63.9 63.9 63.8 63.8 63.7 63.6 63.1 60.1 64.1 64 63.8 63.6 63.7 63.7 63.6 63.3 63.1 62.3 61.9 61.9 63 64.1 64.7 64 63.3 63.9 63.8 63.6 63.5 63.5 63.5 63.4 62.9 62.9 63.5 63.9
65.7 65.8 66.1 65.9 65.7 65.5 65.5 65.5 65.5 65.4 65 64.6 64.9 65.2 65.5 65.8 65.7 65.1 65 64.7 65.4 64.4 63.8 63.9 63.9 63.9 64.1 64 64 64.1 64.2 64.3 64.6 64.4 64.2 64.1 63.9 62.7 59.4 63.1 63.6 63.7 63.9 64 63.9 64 63.9 63.8 63.8 63.7 63.7 63.7 63.7 63.1 59.4 64 63.7 63.5 63.6 63.6 63.7 63.7 63.5 63.2 63 62.4 62.6 63.8 64.3 64.1 63.7 64.3 64.1 64 63.9 63.7 63 62.5 62 61.5 63.5 63.4 64
65.9 66.1 65.8 65.7 65.6 65.5 65.5 65.5 65.5 65.1 64.8 64.6 64.9 65.2 65.3 65.2 65.1 65 65.8 65.6 65.8 64.4 64.4 64.4 64.4 64.4 64.4 64.5 64.6 64.7 64.8 64.9 64.9 64.6 64.4 64.2 64 59.5 63.4 64.1 64.3 64.4 64.5 64.3 64 63.9 63.8 63.8 63.7 63.7 63.7 63.7 63.6 63.2 59.7 63.7 63.4 63.5 63.6 63.6 63.7 63.7 63.7 63.4 63.3 63 62.7 63.7 64.1 63.2 62.4 64.8 64.4 64.4 64.1 63 62.1 62.4 61.4 62.5 63.2 63.9 64.5
65.8 65.8 65.6 65.5 65.3 65.3 65.4 65.5 65.3 65 64.7 64.6 64.9 64.9 64.7 64.8 64.9 65 65.8 65.7 64.5 64.5 64.5 64.5 64.5 64.4 64.4 64.4 64.4 64.4 64.5 64.6 64.5 64.4 64.2 64.1 63.9 60.1 63.7 64.4 64.6 64.7 64.8 64.6 64.2 63.8 63.7 63.7 63.7 63.7 63.7 63.6 63.6 60.8 62.6 59.1 63.6 63.6 63.7 63.8 63.9 63.8 63.7 63.5 63.3 63.4 63.4 63.6 64.3 65.2 63.7 62.2 62.1 63.9 63.7 62.3 61.4 62.5 62.4 62.8 63.7 64.3 65
65.8 65.8 65.4 65.2 65 65.3 65.4 65.3 65.1 64.8 64.5 64.7 64.9 65 65.1 65.2 65.2 65 65.7 64.7 64.2 64.4 64.5 64.5 64.4 64.4 64.3 64.3 64.3 64.3 64.3 64.3 64.2 64.2 64.1 64 63.9 59.3 60.6 64.6 64.7 64.8 64.8 64.7 64.4 64 63.7 63.5 63.5 63.5 63.5 63.5 63.5 62.9 61.8 59.2 64.2 64.1 64 64 63.9 63.8 63.7 63.5 63.4 63.4 63.5 63.7 64.7 65.6 65 64.7 64.1 65.1 61.8 63 63.9 64.4 64.1 63.8 64 64.8 65.4
65.8 66.1 64.7 63.9 64.9 65.2 65 64.9 64.9 64.6 64.6 64.8 65 65.2 65.4 65.5 65.2 65.1 65.6 64.6 64.4 64.3 64.5 64.4 64.4 64.4 64.3 64.3 64.3 64.3 64.3 64.2 64.1 64.1 64 64 63.9 60.6 59.7 64.7 64.8 64.9 64.8 64.8 64.5 64.2 63.9 63.6 63.4 63.4 63.3 63.3 63.3 62.1 59.3 63.8 64.1 64.1 64 63.9 63.9 63.8 63.7 63.6 63.4 63.5 63.7 64 64.9 65.8 65.8 64.4 66.3 64.7 65 65.2 65.9 66 65.8 65.5 65.2 65.2 65.9
