webserver/python/data/SO45.asc
ncols 200
nrows 200
xllcorner 340000
yllcorner 250000
cellsize 50
[rows 148 to 184 of 200, columns 0 to 82 of 200]
85.8 86 86.2 86.2 85.9 86.1 86.6 86.7 87.2 87.9 89.4 89.7 89.9 90.1 91 92.4 92.7 92.8 93.4 93.6 93.5 93.7 93.7 92.2 93.3 98.7 101 102.9 104.4 106.1 107.7 109.4 111.8 113 113.4 113.8 114 114.2 114.3 113.9 113.4 113 111.5 110.5 109.8 109 107.9 106.5 105 104.2 103.2 103.1 102.6 101.7 100.9 99.7 98.4 98 97.7 96.8 96.3 95.9 96 96.4 96.1 97.8 98 98.3 98.2 98.9 99.8 99.9 99.4 98.9 97.4 97.3 96.1 95.4 95.7 95.9 95.7 95.4 95
85.9 86.1 86.3 86.4 86 85.9 86.8 87.1 87.9 89.4 90.4 90.6 90.8 91.1 91.7 93.1 94 93.8 93.6 93.7 93.1 93.8 94.4 92.7 92.9 97.4 100.2 102.1 104.4 106.2 108 109.8 111.3 112.5 113.2 113.2 113.4 113.6 113.9 113.7 113.2 112.8 111.8 110.8 110.1 109.5 108.8 107.6 105.9 106.5 106 104.4 103.5 101.4 100.3 99.3 99.3 98.9 98.1 97.2 96.9 97.4 97.9 97.5 98.5 100.1 101.5 101.8 101.7 101.3 101.1 100.8 100.4 98.8 97.3 96.8 95.6 95.2 95.4 95.6 95.9 95.3 94.9
85.9 86.1 86.3 86.4 86.3 86.3 86.5 87.1 88.7 90.8 91.3 91.7 92.5 93.1 93.5 93.9 94.8 95 94.2 94.1 94.3 94.9 96.9 93.6 91.7 95.5 98.2 101.4 104 105.9 107.7 109.1 110.5 111.6 112.6 112.7 112.8 113.2 113.6 113.5 113.8 112.8 112.1 111.7 111.1 110.4 110.6 109.5 109 108.4 106.8 105.1 102.9 101.3 100.7 100.5 100 99.4 98.8 98.1 97.7 98.7 99.4 100.1 100.4 100.8 102.2 102 101.6 101.4 101.4 101.5 100.3 98.5 97.2 96.4 96.5 95.9 95.1 95.1 96 95.9 95.2
86.1 86.3 86.5 86.6 86.5 86.5 86.8 87.9 89.7 92 92.7 93.3 93.8 94.1 94.4 94.8 95.3 95.5 95.7 95.3 95.2 95.9 95.2 95.7 93.4 92.4 96.3 99.5 103.4 105.5 106.9 108.3 109.5 110.5 111.5 112.3 112.5 112.8 113.2 113.3 114 113.8 113.5 112.9 112.3 111.7 111.3 110.4 108.9 107.4 105.7 103.8 102.3 102.2 102.3 102.3 101.5 100.9 100.3 99.5 99 100.5 100.7 101 101.4 101.2 102.3 102.2 101.6 101.2 101.2 101 100.2 98.1 97 97.4 97.4 96.7 95.9 95.4 95.7 96.6 95.9
86.4 86.6 86.9 87.1 87.3 87 87.7 89 92.1 94.1 93.7 94.4 94.8 95.1 95.5 95.8 96.1 96.5 96.1 96.2 95.8 96.3 95.4 94.9 95.4 94.1 93.1 98.3 102.7 105 105.7 106.7 108.3 109.4 111.2 112.1 112.3 112.6 113.1 114 115.2 115.3 114.7 113.9 113.2 111.9 110.6 109.1 107.8 106.4 105.2 105.2 104.7 104.5 104.2 104.2 103 102.5 101.7 100.8 100.9 101.7 101.2 101.8 102.2 102.4 103.3 103.3 102.6 101.9 100.8 100.3 99.6 99.9 97.8 98.4 98.2 97 95.7 96.4 96.9 97.1 96.1
86.7 87 87.2 87.5 87.9 88.9 89.8 92.3 95.3 96.3 94.8 95.2 95.6 96 96.4 96.8 97.1 97.2 96.9 96.9 96.5 96.4 97.1 96.6 96.2 95.8 94 96.3 102 104.3 104.6 105.3 107 108.7 110.4 111.8 112.4 113.2 114 114.8 115.4 115.8 115.1 114.3 113.4 111.3 110 109.7 109.1 107.8 107.2 107.3 106.9 106.5 106.2 105.9 104.7 104 102.6 101.5 102.1 102.5 102.3 102.6 103.2 104.1 104.8 104 103.6 102.6 100.8 101.3 102.1 102.3 100 99.1 98.6 97.6 97.4 97.2 96.9 96.6 95.4
87.2 87.5 87.8 88.1 88.8 90 93 96.2 97.8 97 95.9 96 96.6 97.3 98 98.5 98.2 98.2 98.3 98.4 98.8 98.7 98.3 98.3 97.9 97.6 95.4 94 100.3 102.1 102.5 103.5 105.3 106.8 108.8 110.2 111.7 113.2 114.4 114.1 114.9 115.8 115.5 114.6 113.1 111.5 110.6 111.1 110.4 109.3 109.1 109.2 108.4 108.1 107.7 107.2 106.2 104.9 103.6 104.3 104.7 104.6 103.5 104 104.4 105 104.5 103.6 103.6 102 101.7 101.9 101.7 101.1 100.2 99.7 99.5 99 97.9 97.5 96.4 96.9 95.7
87.8 88.1 88.4 88.7 89.8 92 96 98.4 98.9 97.9 97.3 97.5 98.4 99.1 99.6 100.1 99.9 100 100 100 100 100.2 101.5 101.1 100.1 99.1 97.4 94.7 95.3 99.8 100.9 101.6 103.7 104.9 106.2 108.5 110.2 111.8 113.3 113.8 113.7 114.4 114 113 113.3 111.8 111 110.9 110.4 109.9 109.4 109.5 109.1 108.2 107.8 107 106.4 105.5 105.8 106.5 107 106.7 105.4 105.6 105.9 105.8 105.2 104.3 103.6 103 103.2 103.3 102.5 101.5 100.6 99.6 99.1 98.2 96.7 99.2 98.2 98.4 96.9
88.5 88.8 89.1 89.2 91.3 94.8 98.2 100.8 100 99.4 98.8 99.4 100.7 101.3 101.2 101.7 101.8 101.9 101.9 101.9 101.8 102.3 103.7 102.7 101.3 100.3 98.6 96.7 95.4 96 99 99.7 101.9 103.6 105.5 107.5 109 110.5 112 112.9 112.6 112.2 111.8 111.2 111.3 111.9 111.2 110.7 110.4 110.3 110.2 109.8 109.5 109.2 108.6 108 107.5 107.2 107.4 108.7 109.2 108.6 107.5 107.1 107.1 106.9 106.8 105.8 104.9 104.6 104.7 104.5 103.5 102.6 102 101.1 99.2 98 97.2 98.6 100 99.9 98.5
89.1 89.5 89.3 90.2 93.4 96.8 100.1 101.6 101.3 100.8 100.3 101.1 102.7 103.4 103.6 102.9 103.1 103.7 103.7 103.7 103.7 104.1 105.3 104.8 103.4 101.6 99.7 97.5 95 94.2 97 98.5 100.6 102.2 104.1 106 108.1 109.6 111 111.7 111.1 109.9 109.8 109.7 110.3 111 112 111.9 111.8 111.7 111.6 111.3 110.9 110.6 110.7 110.2 110 109.9 109.7 109.7 110.9 109.3 107.8 108.1 108.1 108.3 108.8 108.1 107.3 107.3 106.5 105.6 104.9 104.4 104.6 102.2 99.6 98.7 98.3 99.7 101.4 100.6 100.2
89.8 89.8 90.2 91.6 94.3 97.7 101.1 102.9 102.6 102.1 101.7 103 104.7 104.6 104.2 103.7 103.7 104.2 105 105 105 105.1 106 104.9 102.7 101.5 100.5 98.3 95.9 94.9 94.7 97.6 99.1 100.7 102.4 104.2 106.8 108.2 109.9 110.3 109.8 109 108.7 108.9 109.5 110.5 112.5 113.3 113.2 113.1 113 113 112.7 112.4 112.5 112.4 111.9 111.5 111.1 110.8 111.4 109.7 109.3 109.8 110.3 110.8 111.1 110.4 109.6 108.6 107.7 106.7 105.8 105.3 105.6 103.4 101.3 100.1 100.7 101.8 101.9 99.8 100.1
90.3 90.7 91.2 92.9 95 97.9 101.5 103.6 103.9 103.5 103.3 105.1 106.1 105.4 104.9 104.5 104.7 105.3 106.2 106.2 105.8 105.5 105.3 103.5 102.2 101.5 100.9 99 97.1 95.3 94.3 96.7 98.4 99.7 100.9 102.6 104.4 106.4 108.6 108.6 108.5 107.7 107.6 108.8 109.7 110.5 112.6 114.5 114.5 114.3 114.2 114.4 114.5 114.2 114.4 114.7 113.9 113.1 112.6 112.3 111.7 111.3 111 111.2 112.3 113.2 113.4 112.8 110.7 109.8 108.8 107.9 106.9 106.2 107 105 103.1 102.4 103.4 103.5 101.5 99.6 99.4
91.5 92 92.6 94.8 96.2 98.1 101.4 104.2 104.5 103.7 103.8 105.7 107.1 106.3 105.6 105.4 106 106.7 107.4 106.9 106.4 105.5 103.9 102.7 102 101.8 101.5 100.5 98.7 96.5 95 96 97.9 98.9 100 101 103.6 105.3 107.1 107.3 106.8 106.7 107.4 108.8 109.7 110.5 112.6 114.4 114.4 115.4 115.5 115.6 115.8 116.3 116.4 116.6 116.2 115.2 114.7 114.1 113.5 113.2 113 112.8 113.6 114.7 115 113.5 111.9 110.9 109.9 108.9 107.9 106.9 107.4 105.5 103.5 103.7 105.8 104.1 102.4 101.1 99.8
92.8 93.4 94.2 95.9 96.8 98.3 101.4 103.7 104.1 104.4 104.3 106 108.1 107.4 107 107.4 108 108.4 108.1 107.5 106 104.8 103.3 102.2 101.5 101 100.6 100 98.7 97.5 95.6 96.3 97.2 98.1 99.1 100.2 101.1 104 105.3 105.4 105.3 105.9 107.1 108.7 109.8 110.5 112.4 114.3 114.4 115.6 117 117.5 118 118.8 118.9 118.9 118.3 117.4 117 116.6 116.1 115.6 115.2 115.3 115.6 116.1 115.9 114.3 113.5 111.9 110.9 109.9 108.9 107.7 107.2 105 103.9 106.2 106.9 106 105.1 102.4 101.1
93.4 93.8 94.4 96.5 96.7 98.5 101.2 103.6 104.8 104.3 104.6 106.4 108.4 108.6 108.7 109.2 108.8 108.5 108 106.4 105.7 104.8 103.8 102.7 102.5 100.2 99.2 98.4 98 97.3 96.4 96 96.8 97.5 98.4 99.3 100.5 103.4 104.9 104.7 104.6 105.2 106.7 108.2 109.4 111.2 112.5 114.1 114.5 116.1 118.3 119.6 120.3 121.1 121.3 121.2 120.4 120.4 119.8 119.3 118.7 118.3 117.9 117.5 117.8 118 117.1 116.5 115.4 113.8 112.3 111 109.9 108.7 106.4 104.4 105.1 106.2 107.1 107.3 105.6 104.5 102.6
94.5 94.2 94.4 95.5 96.7 98.3 101.2 103.4 104.4 104.5 105 106.6 108.6 109.5 108.9 108.3 108.1 106.9 106 105.8 106.3 105.7 105 104.1 102.6 100.4 99.4 98.5 98 97.6 96.3 96.3 96.8 97.6 98.3 99.1 100.2 102 104.2 104.4 104.4 104.7 106.5 108.6 110.1 111.5 112.7 114.1 114.7 116.8 119.3 121.6 122.6 123.6 123.7 123.3 123.8 124 123.3 122.6 121.9 121.4 120.9 119.7 119.5 119.9 119.3 118.7 117.3 115.8 114.2 112.8 111.2 110.1 108.1 106.2 104.3 105.1 105.2 105.6 105.2 104.2 104.3
95.9 95.2 95.4 96.8 97.6 99.5 101.2 103.8 105.3 105.7 105.2 105.9 107.8 108.3 107.8 107.1 105.7 105.2 104.7 105.3 105.4 104.8 105.7 104.2 102.3 100.5 99.5 99.6 99 98.2 96.6 96.4 96.9 97.6 98.5 99 100 101.8 103.6 104.2 104.3 104.7 106.2 108.1 110 111.3 112.6 113.8 115.6 118 121 123.6 125.2 126.3 126.9 126.6 126.2 126.2 126.8 126.1 125.5 124.6 124 123.5 123.1 123.5 121.9 120.8 119.2 117.7 117 115.2 113 111.7 110.5 107.8 105.6 105 105.6 104.9 104.8 104.6 104.3
98.5 96.2 95.9 96.7 98.9 101.2 103 104.5 106 106.1 105.8 105.5 106.4 107.4 106.8 105.3 105 104.2 103.9 103.9 103.8 103.2 103.7 103.2 101.2 100 99 98.1 98.7 98 96.4 96.1 97.5 97.9 98.6 98.9 99.8 101.6 102.6 103.9 104.3 104.7 105.8 107.5 109.7 111.1 112.4 113.9 116.5 119.2 122.2 124.9 127.5 129 130 130.2 129.7 130 130.4 130.3 129.3 127.9 127.2 126.6 127.3 126 125.7 123.8 122.7 121.3 119.4 117.3 115.1 113.3 111.2 108.9 107.5 106.9 106.2 105.8 105.8 105.3 104.8
101.2 98.6 97 98.7 100.1 101.9 103.5 104.8 106 106.5 106.2 105.9 105.3 106.1 106.3 105.3 104.6 104.2 103.6 103.3 103 102 101.7 101.8 100.6 99.6 98.7 97.8 97.1 97.3 95.9 96.4 97.1 97.9 98.5 98.7 99.6 100.4 101.6 102.4 103 104.2 105.4 107.1 108.9 111.2 112.7 114.6 117.3 120.2 123.4 126.3 129.2 131.1 133 133.8 133.1 134.4 134.9 135.4 135 133.6 132.2 131.1 131.4 130.3 129.2 127.8 126.6 124.9 121.4 118.7 116.9 114.8 112.1 110.1 109.3 108.6 108 107.4 106.3 105.7 105
104.9 102.7 98.7 98.9 101.7 103.6 105.1 105.1 106.2 106.5 106.5 106.3 106 107.3 106.7 106 105 104.1 103.5 103.1 102.7 102.4 101.8 101.5 100.7 99.7 98.7 97.8 97.1 96.2 96.2 96.2 96.9 97.7 98.5 98.7 98.6 99.3 100.3 101.2 102.4 104 106.1 107.7 109 111.6 113.2 115.3 117.6 121 124.8 128.4 131.8 132.3 136.1 137.5 138.6 139.8 140.3 140 141.5 140.8 138.7 135.6 135.2 136.3 135.8 134.9 133.5 131.1 125.3 118.5 116.9 115 113.1 110.7 110.1 109.6 108.8 108.1 107.1 106 105.4
108.8 105.6 101.6 99.5 101.6 104.4 106.5 105.6 106.9 106.8 106.8 107.1 107.3 107.8 107.1 106.5 105.7 104.8 104.3 104 103.4 102.8 102.4 101.8 101.2 100.2 99.2 98.2 97.3 96.5 96.4 96.8 97.4 98 98.3 98.3 99.3 99.4 100.3 101.4 102.8 104.2 106.1 107.5 109 111.3 113.7 115.9 118.5 122.6 126.2 129.9 134 137.1 140.1 142.9 144.7 145.2 145.6 145.9 146.4 146 144.2 142.6 142.8 143.6 143.9 141.8 139 134.7 128.2 121.1 117.7 116.1 114.3 111.6 110.4 109.5 108.8 108.5 107.5 106.7 106.6
112 108.3 104.8 103.6 101.7 104.8 108.2 106.3 109.1 109 109.6 108.1 108 108 107.4 106.8 106.2 105.5 105.4 104.9 104.1 103.3 102.7 102.2 101.7 100.7 99.7 98.8 97.8 96.5 96.6 97.2 97.5 97.9 98 98.4 98.9 99.5 100.6 101.9 102.8 104.2 105.9 107.3 108.9 111.3 114.3 117.2 120.1 124 127.7 131.3 136 140.7 143.2 146.3 149.8 151.7 152.8 153.5 153.8 152.5 151.2 150.6 150.1 151.2 150.3 148 144.6 138.7 131 122.7 118.3 116.6 115.1 112.6 111.2 110 108.9 109.4 108.5 108.2 108.3
114.4 111.6 108.8 105.5 102 103.6 109.1 109.3 109.6 111.8 110.5 109.1 108.3 108.2 107.6 107 106.7 106.9 107.1 106.3 105.2 104.2 102.7 102.3 102 101.3 100.3 99.2 98.1 97 96.7 97 97.4 97.7 97.9 98.4 98.9 99.5 100.8 102 102.9 104.2 105.7 107.4 109.2 111.4 114.4 117.4 121 125.2 129.1 132.8 136.8 141.5 145.9 149.7 153.7 157.4 159.6 160 159.5 158 156.8 157.7 158.1 158.6 156.2 153.5 148.7 142.1 130.8 123.9 119.1 117.5 115.7 113.5 112.5 111.8 111.2 111.1 110.6 110.6 111.3
116.6 115.5 114.7 110.5 104.7 103.2 110.3 113.9 110.3 113.3 112 110.7 109.5 108.6 108.3 108 107.9 108.4 109.1 108.6 107.2 105.8 103.9 102.4 102.2 101.6 100.4 99.3 98.2 97.2 96.9 96.9 97.2 97.5 97.9 98.4 98.9 99.4 100.6 101.6 102.8 104.2 106 107.7 109.5 111.9 114.8 117.8 121.9 126 130.7 135.4 143.4 146.1 144.9 148.3 153.6 160.8 166 167.5 164 161.9 162.3 165.6 166.4 163.2 155.4 148.3 143.1 138 130.2 123.5 120.3 118.2 116.3 114.2 113.7 113.7 113.1 113.5 113.5 113.4 113.8
116 116 116 109.6 108.8 105.6 112 114.7 111.3 113.3 113.6 112.4 110.8 109.8 109.2 108.9 109.4 110 110.9 111.1 109.8 107.9 105.5 103.4 102.7 102.2 100.8 99.5 98.4 97.5 97.3 97.1 97 97.4 97.9 98.4 98.9 99.4 100.3 101.1 102.3 104.1 105.9 107.6 109.6 112.4 115 118.5 122.5 127 131.8 138.1 146.2 148.1 147.8 150.1 154 163.7 162.6 167 166.6 165.2 169.4 166.3 162.6 157.2 150.9 143.1 136.7 132.5 127.6 122.7 121.1 118.3 116.4 114.6 114.2 114.8 113.3 112.5 111.7 111.2 111.9
113 113.2 111.9 113.7 111.5 108 109.8 114 112.5 112.9 114 112.9 111.7 110.6 110 110.2 110.8 111.3 112.3 112.3 111 108.9 106.5 104.4 103.4 102.4 101.2 99.9 98.6 98 97.7 97.6 97.4 97.7 98.2 98.8 99.1 99.5 99.9 100.8 102.1 104 105.8 107.5 109.7 112.3 115.6 119.3 123 128.3 133 138.2 143.2 148.6 149.2 149 150.5 156.7 156.1 157.9 162.1 160.1 162 159.8 158.9 155.2 152 145.3 137.5 133.2 129.3 124.4 121.2 118.8 115.5 114.2 111.3 111.6 110.8 110 108.4 109.1 107.8
111.7 110.8 110 109.5 108.5 107.6 109.5 111.2 112.2 113 114.7 113.2 111.7 110.2 109.7 109.8 111.1 111 111.8 111.6 110.1 108.5 107 104.8 103.4 102.3 101.1 99.9 99.1 98.5 98.3 98.1 98 98.9 98.8 99 99.3 99.7 99.9 100.4 102 103.8 105.6 107.5 109.8 112 115.4 119.3 124.8 131.2 137.9 141.6 145.7 150.4 148.6 142.5 145.1 150.6 149.3 152.8 156.9 154.5 154.5 153.4 154.9 157.1 157.1 149.2 142.4 137.9 135 128.4 123.5 118.3 115.4 112.4 110.3 109.5 108.1 105.2 104.4 104.1 104.1
112.2 110.9 109.8 108.8 107.8 108 111.2 112.2 113.2 113.6 114.6 115 111.6 111 109.5 109.6 109.9 109.7 110 109.9 108.7 107.1 106 104.9 103.3 102.2 102 100.6 99.9 99.1 98.8 98.7 98.8 99.4 99.4 99.4 99.5 99.8 100 100.3 102 103.8 105.5 107.4 110.2 113 114.7 119.7 125.9 133.5 139.5 143.5 148.7 150.2 149.6 141 139.9 145.7 146.1 151.5 154.2 151.7 149.4 148.7 148.7 151.1 150.5 147.5 140.7 134.5 130.6 125.1 121.9 119 116.8 114.7 112.1 109.9 107.9 105.4 103.9 102 100.8
113.7 111.4 111.1 111.1 108.7 108.9 110.6 112.4 114 113.3 115.6 114.3 112.5 112.1 109.5 109.4 109.3 108.8 108.3 107.3 106.9 105.7 105 104 103.4 104.2 104.3 102.6 100.7 100.3 99.5 99.4 99.7 99.3 100 100 99.9 100 100.1 100.5 101.9 103.3 104.7 107.6 111.2 114.3 117.1 120.4 124.8 128.2 132.4 136.4 139.8 141.2 143 136.9 136.4 141.7 139.8 144.1 146.2 145.3 143.8 142.1 142.4 142.2 143.6 141.4 137.6 132.4 128.4 122.8 119.3 115.7 113.9 112.3 110.3 108.2 106.4 105.2 104.1 101.9 100
115 112.7 112.3 111.3 108.9 111 112.1 113.4 115.1 114.9 115.5 114.5 112.4 110.8 109.9 109.3 109 108.5 108.3 107.7 106.8 105.5 104.7 105.1 105.5 105.9 106.3 104.7 102.8 100.5 100.1 100.1 99.6 99 99.5 100.7 100.5 100.2 100.6 101.1 101 102.5 104.7 107.9 112.1 115.5 118.7 120 122.5 125.3 128.6 131.4 132.1 133.1 133.9 133 136 138 136.7 136.6 136.8 137 138.1 136.3 135.4 135.2 135.6 133 130.6 128.9 124.9 122 117.7 112.7 111.2 109.5 106.9 104.5 102.3 101.1 100.6 99.8 97.6
115.4 113.4 112.4 111 110.5 112.1 113.5 114.9 116.8 117 115.8 114.1 112.1 111 109.9 109.5 109.3 108.9 108.7 108.5 107.5 106.1 106.2 106.4 107.2 107.9 107.9 106.5 104 101.2 100.4 100.5 99.7 99.5 99.3 100.1 100.3 100.5 100.7 101.2 101 102 105 108.1 111.3 114.7 117.7 119.3 120.6 122 124.2 125.7 126.5 127.5 128.3 127.8 129 130.8 130.3 130.4 130.5 130.6 130.5 131 130.5 129.4 128.1 126.4 125.2 124.1 122.7 120.9 114.3 110.9 108.3 106.3 104.7 103.7 100.3 98.6 97.5 96.9 96.9
115.3 113.1 112.5 110.5 111.5 113.1 114.6 116.7 118.8 117.4 115.9 114.9 112.5 111.5 110.6 110.3 110.3 109.9 109.3 109 108 107.4 107.8 107.9 108.1 108.9 108.5 107.1 104.7 102.3 101.3 100.8 100.5 100.3 100.2 100.5 101.1 101.4 101.6 102 101.2 101.4 105 107.4 109.5 112.4 115.2 116.4 117.6 119 120.8 121.2 122 122.6 123 123.7 124.4 125.3 126 125.7 125.7 125.5 124.8 124.9 126.4 125.8 124.3 122.8 121.8 121 120.4 119.4 114.1 109.7 106.5 103.8 102.4 100.8 98.8 97.6 96.6 96.1 96.1
115.1 114.7 114 112.2 112.6 114 115.8 117.9 120.3 118.7 117.4 116.8 115.2 113.2 111.7 111.2 111.3 111.1 110.5 110 109.4 108.4 108.7 109 109.4 109.6 109.1 107.5 105.3 103.4 102.4 101.2 101.3 101 100.5 100.9 101.5 102.1 102.5 102.9 102.2 101.9 104.5 106.5 108.4 109.8 111.6 113.2 114.4 116.2 117.9 117.9 118.4 119.1 119.8 121.2 121.4 121.8 122.3 122.4 122.5 121.7 120.8 119.7 121.2 122.9 121.8 120.9 120.1 119 117.5 116.3 112.8 109 105.5 100.8 99.9 98.7 97.8 96.7 95.8 95.3 95
117.7 116.5 115.3 114 112.3 114.5 116.1 117.5 120.2 119.7 117.8 116.8 115.8 113.8 112.7 111.9 112.1 112.2 111.8 111.4 110.7 109.7 109.6 110 109.7 109.5 109.2 107.6 105.8 104.1 103.9 101.6 102.1 101.6 101.1 101.3 101.9 102.5 103.1 103.4 102.7 101.8 103.2 105.1 107.1 108.3 108.6 109.7 111.4 113.5 114.9 114.8 115.2 115.9 117.5 118.8 118.9 119 119.6 119.9 120 119.3 117.8 118.1 117.7 119.7 119.7 119.3 118 116.6 116.1 114.1 111.9 106.9 104.4 101.5 98.4 97.6 96.6 95.7 94.9 94.5 93.8
117.7 117.1 115.9 114.8 112.9 114.9 115.9 117.4 119.8 119.8 119 116.9 115.7 114.4 113.3 112.7 113.5 113.3 113.1 112.9 112.1 110.9 110.6 110.3 109.4 109.3 109.1 107.1 106.3 105.3 103.4 102.4 102.7 102.2 101.7 101.6 101.7 102.1 102.8 103.2 102.7 102.1 102.2 103.6 105.4 105.9 106.5 107.3 108.9 110.6 111.9 112 112.5 114.2 115.2 116.3 116.3 116.3 116.8 116.8 116.5 115.2 114.8 114.2 113.8 115.1 116.5 116.8 115.6 115 114.7 113.7 110.9 106.5 104.2 99.7 97.8 96.7 96 95.3 95 94.4 94
118.1 117.6 116.5 115.4 114 114.8 115.7 117.3 119 119.3 119.3 118.2 116.5 114.8 114.2 113.8 113.9 114.3 114.1 113.9 113.7 112.4 110.9 109.7 109.3 108.7 107.7 106.5 105.3 105 104.4 103.5 103.6 102.9 102.6 102.5 102.7 103 103.3 102.7 102.6 102.3 102.5 102.8 104.3 104.6 104.8 105 106.2 107.8 109.1 109.7 110.8 112.3 113 113.7 113.6 113.6 113.9 113.9 113.4 112.6 111.9 111.9 111.9 112.6 113.8 114.7 113.9 113.4 113.1 113.1 110.5 106.8 103.2 98.6 98.1 97.4 95.8 95.4 95.2 94.9 94.4
118.5 117.7 116.9 115.9 114.9 116.3 116.9 117.5 119 119.6 119 118.2 116.7 114.5 113.9 114 114.2 114.7 114.1 114.4 114.4 112.4 110.3 109.6 109.5 108.9 107.7 106.2 105.8 105.6 105.5 104.6 104.4 104.3 104.7 104.6 104.3 104.6 104.5 103.5 103.4 102.6 102.6 103.1 103.3 103.5 104 104.4 105.3 106.6 107.8 108.6 108.2 109.2 110.4 111.1 111.1 111 111.3 111.4 112.2 111.6 110.5 110.4 110.3 110.6 111.8 112.2 112.1 111.9 111.8 111.7 110.7 107.4 101.3 98 99.9 98.8 97 96.4 97 96.3 94.9
