webserver/python/data/SO46.asc
ncols 200
nrows 200
xllcorner 340000
yllcorner 260000
cellsize 50
[rows 72 to 107 of 200, columns 81 to 161 of 200]
258 271.7 271.6 272.6 273.1 273.3 271.9 268.6 264.7 260.8 256.8 252.1 248.3 243.2 236.7 229.6 215.9 201.7 194.1 184.8 173.9 189.6 208.3 224.9 221.1 221.9 221.3 220.4 220.9 219.8 217.9 215.4 212.7 209.8 207.5 203.9 200.2 196.1 192.1 188.2 184.8 181.4 173.9 171.5 170.9 171.5 168.6 171.2 170.4 166.1 164.7 165.7 164.3 162.7 160.9 157.5 152.5 149.1 145.6 143.7 141 138.2 131.6 123.4 125 123.2 123.2 119.4 117 115 113 111 113.1 117.2 122.9 129.5 128.6 116.7 108.7 104.6 101.7
271 270.7 270.7 270.4 270.4 268.9 267 264.3 260.4 256.5 252.8 248.7 245.3 241.1 234.6 227.9 220.8 211.9 195.4 180.4 172.3 191.1 210.2 223 219.3 220.4 219 216.4 215.4 214.1 212.5 210 207.6 205.1 201.6 197.7 194.4 190.7 186.2 181.8 178.5 174.9 169.8 162.8 163.6 166.7 164.4 164.2 160.8 160.7 161.7 162.6 161.7 160.3 157.7 153.4 149 145.8 144 142.2 139.6 136.7 132 126.6 121.8 119 116.5 114.3 112.8 111.3 109.9 109 110 113.9 119.5 129.3 134.4 125.1 114.2 108.3 104.3
272.4 269.7 269.1 268.7 267.5 265.1 262.7 260 256.3 252.6 248.9 244.5 238.6 232.6 227.4 221.7 216.6 210.9 199.2 182.4 169.3 190 210.3 220.5 217.2 216.8 214.7 212 209.6 208.3 207 204.7 202.3 199.7 196.2 192.2 188.9 184.5 180 175.5 171.5 168.3 165 158.2 157 162.8 161.6 160.2 158 156.1 159.8 159.5 158.5 156.6 154.2 149.2 145.9 144 142.2 140.3 138.3 135.3 131.8 127 122.2 118 114.7 112.6 110.4 109.1 108.2 107.2 108.3 111.4 116.8 124.7 135.4 134.2 123.8 114.6 108.8
271.9 269.8 267.6 266 264.2 262 259.5 256.7 252.7 248.7 245.1 237.7 230.5 223 216 209.3 202.4 197.9 194.4 181.6 165.6 187.4 208.4 216.6 212.3 212.8 210.4 207.3 205.3 203.4 201.5 199.5 197.4 194.5 191 187.3 182.8 178.3 173.8 169.2 165.6 161.3 157.9 154.1 148.1 158.8 159.1 154.7 151.9 152.9 157.9 156.9 155.5 154 150.9 145.9 144 142.1 140.2 138.5 136.9 135.8 130.4 125.4 120.9 118 115.7 113.3 110.7 108.3 107 105.5 106.5 108.3 112.7 117.9 125.4 134 133.4 124.7 116.6
269.6 268.2 265.1 263.4 261.2 259.1 256.4 253.7 250.1 246.2 240.6 231.5 223.2 214.2 208.5 205.4 200 192.7 184.1 174.2 163.2 183.5 203.4 211 207.4 208.4 206.2 203.3 200.7 199 197.2 194.9 192.4 188.7 185.2 180.3 176 171.9 167.5 162.8 158.8 155.7 152 148.5 141.9 153.1 155.7 149.8 146.8 151.7 154.4 153.6 152.2 150.1 146.7 142.9 141 139.6 138.4 137.1 136.2 135.3 133.2 129.6 125.8 121.2 116.8 114.2 111.5 109 107 105.2 104.6 105.2 107.3 112.2 117.1 122.6 133.7 131.7 121.7
266.1 264.9 262.5 260.5 258.2 255.5 253.3 250.6 247.6 243.6 238.9 230.9 224.8 221.1 217.8 213.8 208.6 201.7 189.9 174.7 159.7 177.8 197.2 205.6 203.3 203.1 201.2 199.4 196.9 194.9 192.3 189.9 186.7 182.7 179 174.3 169.6 165.1 160.9 156.5 151.7 149.1 145.9 143.2 138.2 140.4 149.7 144.2 145.4 152.2 151 150.1 148.3 145.4 141.5 138.5 138.9 137.7 137 136.2 135.6 134.6 133.6 132.2 129.6 125 119.6 115.4 112.6 110.1 107.7 105.7 104.1 102.5 102.8 105.7 109.5 115 121.4 127.6 124.1
262.9 261.4 259.7 257 254.2 251.5 249.5 247.5 244.2 241 238.7 235.8 232.2 229.9 225.6 220.6 214.8 208.8 195.3 179 162.2 168.3 187 199.7 198.1 197.1 195.8 194.5 191.7 189.5 187.1 184.4 180.9 176.7 172 168.2 162.2 159.2 155 151.6 146.7 143.6 139.8 136.8 134.3 133.9 134 138.3 151.3 150.7 148.7 146.2 143.6 140.6 136.7 134.8 135.9 136.6 135.6 134.8 134.5 134 133 131.6 130.1 128.2 123.8 118.8 114.4 112 109.5 107.5 105.9 105.1 103.9 101.8 104.7 109.3 110.8 111.4 111.5
260.2 258.4 255.9 253 250.3 247.6 245.4 243.3 241.5 239.5 237.6 234.9 232.4 228.2 225.1 221 215.7 209.8 199.3 183.6 166.1 157.6 171.9 185.9 190.1 189.5 189.5 189.5 186.9 184.2 181.9 178.4 175.6 171.9 165.6 159.9 155.6 151.2 149.1 146.3 142.3 138.2 134.4 131.5 129.1 129.4 134.9 146 148.8 147.2 145.3 142.6 139.6 136.6 133.8 133 133.8 134.8 134.3 133.4 133.1 132.8 132.4 131.5 130.9 129.2 126.3 122.7 118.8 115.5 112.6 110.4 108.5 107.8 106.5 104.2 101 101.3 99.2 98.5 97.9
256.7 254.3 251.8 249.1 246.4 243.7 241.3 239.7 238.3 236.4 234.1 231.3 228.5 225.8 222.7 218.9 214.3 209.2 202.4 189.3 173.1 154.6 157 168.7 179.1 181.9 182.1 182.2 181.2 179.3 176.8 174.5 171.1 168.6 164.7 160 155.7 150.7 142.2 142.4 138.5 134.3 130.4 127.7 126 126.6 135.1 146.2 145.2 143.6 141.9 140 137.3 134.9 133.3 132 130.8 132 131.5 132.1 131.7 131.4 131.1 130.3 130 129.7 126.9 125.1 123.4 121.2 118.7 114.7 112 110 108.4 106.1 102.5 100.1 102.6 102.7 98.5
252.3 249.9 246.8 244.2 241.7 239.1 236.6 234.7 232.7 230.7 228.5 226.2 223.7 221.6 218.7 215.8 212.4 208.5 204.2 196.9 183.2 167.8 154.2 151 161.2 170.8 174.3 174.5 174.1 174 173.3 171.1 168.1 164 158.5 155.4 150.6 147.3 141.3 137.2 133.9 131.5 128.8 125.7 123 123.9 126.9 139.2 142.6 141.5 140.9 139.1 137.2 136.4 135.4 133.8 131.6 129.2 128.8 129.7 129.8 130.1 129.8 129.5 129.3 129.1 128.3 126.1 125.7 124.5 122.7 118.4 113.9 111.4 108.8 105.1 102.6 106.1 107.1 106.5 104
246.7 243.7 239.9 237.3 234.8 232.4 230.1 227.9 225.7 224.2 222.6 220.8 218.4 216.7 214.4 211.7 208.4 206.1 203.4 199.6 193.7 181.4 168.6 154.3 143.8 153.4 162.8 166.9 166.7 167.4 167.6 165.8 163.4 159.9 155.4 149 144.6 141.6 136.3 132.2 131.2 130.5 127.1 123.5 121.1 121 122 128.2 138.8 140.3 139.6 138.1 138 136.8 135.9 134.9 133.2 130.2 127.5 127.1 127.3 128.1 127.8 128.1 128.4 128.2 128 127.4 126.2 124.9 122.8 117.8 114.5 110.4 106.8 105.2 107.1 109 106 105.8 106
241.4 237.2 232.8 230.4 227.4 225.1 222.8 220.6 218.6 217.4 216.1 214.4 212.8 210.9 209 206.8 204.4 202.4 200.4 197.5 194.7 189.9 182.5 169.8 156.4 142.2 147.4 155.4 159.3 160.3 161.3 159.8 157.6 155.4 151.3 145.5 140.1 134 130.4 127.9 127.9 127.2 123.4 120.5 119.8 119.3 119.4 120.6 132.4 133.7 132.3 135.9 137.7 136.3 135.7 134.6 133 130.8 127.8 127.2 125.7 125.7 125.2 125.1 125.6 125.7 126.1 126 124.1 123.6 120.4 115.2 111.2 109.1 107.7 111.1 112.4 108.6 105 103.1 104.3
235.3 232 227.7 223.9 220.5 218 215.7 213.4 211.8 210.7 209.6 208 206.4 204.8 202.9 200.9 199 197.4 196.2 194.4 191.7 187.9 186.9 183.1 171.5 158.9 146 142.4 149.1 151.8 152.1 150.9 150.8 149.6 145.1 139.5 133.6 129.9 125.8 123.8 123.5 123 120.2 118.9 118 116.9 115.8 115.6 120.1 123.8 123 127.4 133.3 132.2 134.9 133.1 130.7 129 127.5 126.7 125.5 123.5 122.6 121.6 121.6 121.2 120.6 119.7 118.3 117.5 113.5 112.7 113.2 111.6 109.6 112.6 113.4 108.9 103.6 100.1 101.3
228.8 225.7 222 217.4 214.2 211.6 209.2 206.9 205.3 204.4 203.5 201.8 200.2 198.5 197.1 195.2 193.5 192.5 191.3 190.7 188.7 185.8 184.7 182.6 179.7 171 159.2 149.5 140.9 141.9 140.8 138.9 140.1 140.1 138.3 133.5 128.5 124.8 123.2 122.3 120.1 119.2 117.3 116.7 115.8 114.6 113.5 112.4 113.3 116.2 118.7 122.7 126.5 129.7 129.9 128.9 127 125.9 125.8 126.5 125.8 124.1 121.1 121.6 120.7 121.5 123.5 122.8 122.4 122.7 122 116.2 116.4 113.7 111.7 111.9 113.1 112 104.8 98.7 98.6
222.3 219.4 215.9 212.3 208.8 205.7 203.2 200.9 199.3 198 197.1 195.7 194.1 192.7 191.5 189.7 188.4 187.2 186.6 186 185.1 183.4 181.9 180 177.2 173.9 169.4 165.4 156.7 148.6 141.8 137.1 133.9 133 130.3 128 125.6 124.5 120.7 119.7 117.7 115.3 115.6 114.5 113.3 112.3 111.5 110.8 111.5 114.2 118.9 122.1 123.9 125.2 124.8 125.6 125.2 124.4 124.4 125.9 126.5 124.1 125.7 124.7 124.6 124 125.3 127 125.6 125 123 121.9 118.3 116.8 114.6 113.2 113.6 113.3 107.6 100 97.4
215.7 212.9 209.3 205.7 203.1 200.5 198.1 195.7 193.9 192.5 191 189.6 188.3 187.1 185.8 184.4 183.2 182.4 180.9 180.9 180.2 179.7 179.1 177.3 174.4 172.4 170.5 167.4 164.5 160.1 153.8 148.5 147.8 142.4 137.5 132.8 129.6 124.4 123.2 122.3 122.4 122.5 119.7 116.6 117.4 114.3 111.7 109.9 109.3 112.5 117.7 122.9 123.4 122.8 123 123.9 123.4 122.2 124.2 125.8 126.1 126.7 128.2 127.3 124.5 125.2 126.5 127.9 127.6 127.1 126.4 124.2 120.8 118.4 116.3 115.2 115.9 114 109.5 102.3 97.1
209 206 203.3 200.7 198.4 195.8 193.4 190.9 188.4 187 185.7 184.5 183.2 182 180.7 180.5 179.6 178.5 176.5 176.1 176.7 176.2 175.5 174.6 172.6 170.7 168.7 166.1 163.5 160.3 156.7 153.2 150.3 147.4 143.5 140.1 137.1 133.6 131 128.7 127.2 125 120 121 121.6 118 113.2 110.6 108.8 109.6 115.1 120.2 120 118.5 117.7 118.2 116.9 118.1 122.9 124 123.5 124.9 123.7 122.2 121.6 124.2 127.5 128.8 130.3 129.1 128.3 126.2 123.1 119.3 116.8 116.3 117.3 113.1 108.2 101.7 97.3
203.5 200.2 197.8 195.5 193.6 191.1 188.6 186.1 184 182.1 180.9 179.6 178.4 177.2 177 175.5 175.3 174 173.2 174.1 174.6 174 172.3 170.6 168.8 166.8 164.8 162.6 160.2 157 154.1 151.5 148.8 145.9 142.8 141.3 139.6 137.5 134.3 131.9 128.7 125.9 123.6 126.2 124.8 120.7 116.2 113.2 109.5 107.6 111.1 115.1 114.5 112.2 110.5 111.2 111.9 116.5 120.4 121.9 120.8 121 120.1 118.9 119.2 124.2 127.5 128.9 130.4 129.5 128.7 126.2 124 121 118.8 118.5 117.9 111.4 105.8 101.1 96.6
198.2 195.1 192.7 190.7 188.6 186.8 184.8 182.9 180.4 177.9 176.4 175.3 174.4 173.7 174.3 172.1 170.3 169.8 171.9 172 171.3 169.6 167.8 166.1 164.4 162.5 160.5 158.6 156.1 153.2 150.3 147.9 145.9 143.8 141.1 140.3 139.3 137.3 134.9 131.8 128.3 126.2 127 127.4 127.2 124.9 122.4 118.9 113.2 108.7 107.6 109.3 108.2 105.8 107.1 108.1 109.9 113.8 118.3 120 118.7 116.9 116.2 116 119 124.3 127.1 128.4 128.2 128.5 127.2 124.4 123.9 121.5 121.8 122.6 118.6 111.2 106.7 102.8 98.4
192.7 190.3 188.3 187.3 186.3 185.3 183 180.9 177.6 175.2 173.7 171.4 170.7 170.9 170.8 169 167.9 168.9 169.3 168.5 167.6 165.4 163.3 161.6 159.9 158.2 156 153.5 151.3 148.7 146.1 143.6 142 140.9 138.7 138 136.6 134.4 132.3 129.7 126.6 129.9 131.7 132.2 129.4 127.7 126.8 124.8 119.9 113.2 108.2 106.2 104.8 103.8 104.9 105.7 107.6 110.9 114.6 118.4 117.7 115.5 113 114.1 119.1 123.6 125.6 125.9 125.5 125.8 124.1 124.3 123.5 121.6 121.2 120.6 117.3 111.4 108.5 105.5 100.6
188 186.4 185.5 185.1 184.4 183.4 181.4 179.9 175.8 173.4 171.8 168.6 166.3 167.5 167.8 166.5 165.1 165.3 165.1 164.6 163.6 161.4 158.8 157.1 155.7 152.8 150.4 148.4 146.3 144 141.9 140.1 138.3 137 136.1 134.7 132.8 131 128.8 128.1 129.5 132.5 135.5 134.2 131.9 131.1 130.2 129.1 128.4 122.2 115.7 110.4 107.2 104.6 102.7 102.9 103.7 106.4 111.4 117 117 114.7 111.7 111.5 114.9 118.8 121.6 123.3 123.5 122.3 122.2 122.4 122.5 121.1 120.7 118.3 116 113.3 110.4 107.5 102
184.3 183.1 182.7 182.3 181.9 181.5 180.2 178.8 177 175.4 173.2 171 168.8 163.7 162.4 162.8 160.8 161.7 161.3 160.5 159.3 157.4 155.4 153.2 150.7 148.2 146.3 144.4 142.2 140.2 138.1 136.6 135 134.1 132.8 131.9 131.8 130.8 130.3 128.9 130 132.8 135.1 134.7 133 132.4 132 133.3 129 122.6 117.8 112.5 111.5 106.5 103.4 102 102.3 104.2 110.3 116.5 117.3 114.9 111.5 108.9 109.9 113.1 116 119.2 120.1 119.9 120 120.3 120.6 120.3 119.9 118 116.2 113.8 111 107.7 102.1
181.8 181 180.3 179.9 179.6 179.4 178.3 177.3 176 174.5 172.9 171.3 169.3 167.1 162.3 156.5 156.3 157.8 157.5 156.3 154.9 152.9 151 148.7 146.9 144.3 142 140.5 138.6 137.6 136.9 135.6 135 133.4 132.4 131.4 131.7 131.5 130 128.5 128.3 129.1 128.7 130.6 132.6 129.8 128.8 127.9 125.7 120.2 114.3 110.4 108.1 106.1 103 101.9 101.7 102.4 108.1 115.9 118.5 116.5 113 109.7 109 108.2 111.2 114.5 116.8 117.4 117 117.1 117.3 118.3 118.6 116.3 114.4 113 109.8 106.7 103
179.8 179.8 179.1 178.7 178 177.3 175.9 174.7 173.5 171.9 170.5 169 167 164.9 163 159.2 154 152.8 152.3 151.1 149.8 148.5 147 144.5 142.7 141.6 141.8 141.7 142.2 141 139.9 138.2 136.3 133.8 131.6 130.4 130.3 128.9 125.7 124.2 122 121.6 122.1 123.2 121.8 118.9 119.5 120.3 120 117.2 111.9 107.7 106.6 104.8 102.7 102.7 101.7 100.7 106.3 115.1 120.1 118.1 114.8 111.8 107.9 106.6 107 108.3 110.8 113.3 113.3 113.6 115.3 116.4 115 114 113.3 112.3 109.5 107.6 105
176 175.4 175.2 175.7 175.4 175 173.4 171.8 170.6 169.2 168 166.4 164.7 162.7 160.8 159.2 156.3 153.2 151.2 147.9 146.1 144.9 145.3 144.3 143.1 143.6 144.4 144.3 143.2 141.6 140.6 137.5 135.1 133.9 131.4 130.6 127.6 123.8 120.4 117.9 116.8 117 118.4 118.1 115.3 111.3 111.7 115.4 116.1 115.5 112.8 106.1 105.3 104.2 102.9 102 100.8 99.7 103.2 112.7 118.6 117.7 115.7 111.7 108 105.4 103.8 104.7 106.1 107.1 107.9 109.9 111.5 111.9 112.4 112.1 111.5 111.4 110.1 108.9 105.7
171.1 170.3 170.3 171.2 171 170.5 168.6 167.7 167.7 166.5 165.4 163.9 162.4 160.6 159.1 157 155.9 153.1 150.7 148.4 145.2 142.6 142.9 143.1 144.9 144 142.8 141.4 140.1 138.4 136.5 134.9 134.1 133.2 131.1 126.7 124.4 121.4 117.6 116.5 116.2 115.3 114.6 113.4 109.5 105.9 104.7 105.7 112.1 112.7 110.8 105.2 103.8 102.8 102.2 101 100 99 101.5 109.6 114.3 114.7 113.8 110.5 107.3 104.6 102.1 101.8 103.8 103.6 105.1 106.1 107.8 108.9 110.1 110.9 111 111.3 110.1 107.9 106.3
167.3 166.3 165.3 165.8 165.6 164.9 164.1 163.8 164.4 163.2 161.9 160.7 159.5 157.7 155.2 153 151.5 149 146.8 144.9 143.4 140.1 138.5 141 143.2 140.7 139.6 136.8 131.5 131.8 130.8 129 129 127.8 126.3 123.5 122.2 120.8 119.3 117.6 116.3 115.2 113.3 111 108.3 104.3 102.6 102.4 106.8 110.5 107.4 106 104.4 103.7 103 101.5 100.7 98.5 98.8 103.6 108 111.8 111.5 109.9 107.4 103.9 100.5 99.3 102.2 102.7 102.3 103.9 107.9 109.6 110.6 111.7 111.4 111.4 109.5 106.8 106.6
163.3 161.8 160.5 161.1 161.1 160.8 160.3 159.7 160 159.8 158.8 157.5 156 154.6 152.3 149.3 148.3 146.3 144 142.4 141.3 140.3 136.2 135.8 138.1 138 137.6 132.2 128.3 127.9 126.6 124.6 123.2 122.2 121 120.6 121.4 121.1 120.2 118 115.7 113.2 110.7 109 108.3 105.7 102.5 101.6 103.2 106.3 106.8 105.8 104.9 104.3 103 102.2 101.6 98.6 97.9 99.8 101.9 106.4 107.7 106.5 103.7 102.7 99.7 97.2 98.4 100.2 100.7 105 109.9 111.2 110.3 109.9 109.9 109.6 109.1 107.9 105.6
159.1 157.5 156.6 157.2 156.8 156.5 156.1 155.7 156.3 156.5 155.6 154.1 153 151.3 149.4 146.9 146 144.2 142.8 142.6 140.9 139.3 135.8 133.9 132.8 135 135 130 126.9 125 124 121 120 118.5 117 117.9 117.3 117.8 117.3 115.7 114 111.6 109.5 107.8 106.5 103.8 101.4 100.8 101 103.3 105.5 106.1 105.7 104.2 102.7 101.8 100.7 99.3 96.5 97 98.1 100.3 101.8 100.7 100.4 99.4 97.6 95.5 96 98.4 102.4 106.4 109.9 109.6 108.2 107.7 107.7 107.4 106.9 106 104.4
155.2 153.6 152.7 152.8 152.6 152.7 152.8 152.5 153 153.3 152.2 150.7 149.9 148.1 146.6 146.3 145.7 146.2 145.1 143.1 141 138 136.1 131.8 129.8 128.5 129.3 128.3 126.2 125.2 121.2 120.2 120.1 119 115.7 114.2 114.1 114.1 113.7 113.6 112.7 110.5 108.6 107 105.2 103.1 100.5 99.9 100.1 101.3 103 103.3 103.9 102.5 101.2 100.8 100.7 97.6 95.2 96 97.4 96.4 97.9 98.1 97.1 96.2 94.7 93.6 94.7 96.9 101 106.4 108.1 107.1 105.8 104.5 105.2 105.2 104.2 103.2 102.2
151.3 149.8 149.4 150.2 150.2 150.2 150.3 149.5 149.9 149.9 148.7 148.1 148.1 148.3 148 147.5 147.6 147.2 145.1 142.6 140.2 138.4 136.9 133.5 129.7 127.3 126.4 127.8 128 127.1 123.5 119.5 118.8 116.3 114.2 114.1 115.4 113.9 113.3 112.3 111.1 109.8 108.3 107.6 107.3 105.6 103.7 100.6 99.5 99.2 99.6 100.4 101.1 101.5 99.9 97.8 99.7 95.1 94.2 93.8 93.8 95.6 96 95.5 94.5 93.7 93 92.7 93.3 96 101.4 105.3 105.5 104.4 102.9 101.8 101.8 102.2 101.6 100.7 99.3
148.8 147.5 146.7 147.1 147.8 147.8 147.8 146.5 146.6 146.6 146.8 147.5 148.5 149.4 148.9 148.5 147.9 147.3 145.6 143.5 141.5 140.1 138.3 135.3 131.9 127.8 125 124.3 125.8 126.2 123.7 120.8 118.8 116.6 114 113.8 113.3 113.3 113.2 109.9 108.5 109 108.7 107.7 107.8 107.3 105.2 102.2 98.8 98.1 98.2 98.3 98.4 99.3 97.5 98.2 96.4 93.5 92.8 93.7 93.2 94.5 94.1 93 92.1 91.6 91.3 91.6 91.9 94.6 99.5 101.9 102.6 101.3 100.5 99.4 98.4 99.2 99.2 97.6 96
146.8 145.5 144.1 143.9 144.1 145.1 145 144 144.4 145.9 147.7 148.6 149.6 148.9 148.4 148.4 147.8 147.1 145.2 143.4 142 140 137.9 135.6 132.6 128.7 124.9 123.5 123.7 124.2 122.5 120.1 118.2 116.4 114.5 112.9 112.4 112.6 113.9 110.5 108.4 107.4 106.8 107.3 108.1 107.2 105 103.5 100.5 98.4 97.2 97.2 96.7 96.7 96.6 97.1 94.6 94.3 93.8 93.3 92.2 93.1 92.4 91.5 90.7 90.2 90.1 89.9 89.8 91.5 95.3 97.4 98 97.7 97.5 96.8 95.7 95.2 94.9 93.9 92.7
143.8 143.2 142 141 140.4 141.4 142 142.4 144.7 146.6 148.3 149.8 149.2 148.3 148.2 148.3 148.1 146.8 145.3 143 141.1 139.4 137.3 135.1 131.8 128.5 126.6 125.1 124.2 123.9 122.5 120.5 120.6 120.3 115.2 114.5 113.9 114 114.7 112.8 108.9 107.6 107.3 110.1 110.7 105.6 102.9 101.8 101 100.4 98.6 96.6 95.4 95.3 94.7 93.7 92.5 93.7 93.2 93 92.7 92.2 91.6 91 90.1 89.3 89 88.6 88.6 88.7 90.6 92.4 94 95.6 95.8 96.1 95.9 93.5 92.1 91.3 90.4
140.8 140.2 139.3 139.3 137.9 138.1 140.4 143.1 144.8 146.1 147 148.3 148.4 147.4 148 148.1 147.8 146.5 145.2 143.2 141.8 141.3 139.4 137.3 135.1 132.7 129.6 129.2 127.4 127 125.6 124 122.9 121.6 118.2 118.3 117.1 118 118.4 114.2 110.8 108.3 109.3 112.2 110.1 105.2 101.3 100.1 99.6 100.2 100.2 98.2 96.5 96.6 96.4 94.6 92.7 92.6 92.4 92.3 92.2 91.4 90.7 90.1 89.5 88.8 88.6 87.8 87.4 87.4 87.5 89 90.4 92.5 95.5 96.7 96.5 94.7 93.1 91.5 90.5
137.7 137.1 136.1 136.3 136.6 136.3 140.9 141 142.1 142.5 143 145.2 147.3 146.8 147.4 147.2 146.8 146.2 145 143.8 143.1 142.4 141.3 140.6 139.4 137.8 134.4 129.8 129.4 128 129 127 124.6 123 121.6 122 120.3 119.7 118.2 116.1 113.7 110.3 112.1 113.1 108.4 105.1 102.3 101 100.2 99.7 100 98.7 97.7 96 95.5 93.9 92.9 92.8 92.3 91.5 91.5 91.2 90.5 89.7 89 88.6 88.5 87.8 87 86.6 86 87 87.8 91.1 94.2 97.2 97.5 96.3 94.5 92.6 91.2
