webserver/python/data/SO48.asc
ncols 200
nrows 200
xllcorner 340000
yllcorner 280000
cellsize 50
[rows 140 to 174 of 200, columns 78 to 155 of 200]
124.8 127.8 130 131.9 132.8 131.6 129.7 128.1 127.5 127.5 127.6 128.9 129.8 130.1 130.7 130.8 131.5 132.6 135.1 137.3 141.2 144.9 149.3 154.7 158.9 162 163.8 166.3 164.9 162.6 159.6 158.8 163 164.3 165.5 166.7 168.1 169.6 168.9 168.2 166.6 165.9 165.3 165 164.4 164.2 163.5 163.6 163.4 163 162.6 162.6 163.2 163.7 163.2 163.6 164 165 167.1 168.4 170.5 172 172.2 170.3 168.8 165.8 162.7 158.6 154.8 151.6 148.5 144.2 139.9 137.3 135.9 136.6 139.6 141.4
123.4 124.6 127.2 129.6 130.1 128.3 126.1 125.7 125.6 126.6 127.9 131.2 134 138 135.7 135.9 133.9 132.8 132.5 134 135.9 139.2 141.9 146 150.6 154.1 156.3 158.1 154.8 155.9 155.7 154.7 157.8 158.9 160.4 162 163.7 164.2 163.8 162.1 161.5 160.9 160.8 160.7 160.6 160.8 161.6 161.9 161.3 161.1 161 161.2 161.1 161.7 162.8 163.7 165 167.5 170.1 172.2 174 175.1 174.3 171.9 169.9 166.6 163.2 159.9 156.2 153.9 149.8 145.4 142.4 141 140.7 142 146.5 147.9
123 123.6 125.2 126.9 126.3 124.7 123.9 124.4 126 129.2 132.5 136 139.4 142.2 141.3 140.1 138.8 138.2 137.2 135.5 136 135.5 137 140.9 143.2 147.2 149.4 150.8 150.8 147.3 151.8 151.4 154.4 154.5 155.6 157.4 159 159.4 159.4 158.3 157.8 157.6 157.4 157.4 157.8 158.2 159.1 159.4 159.4 159.7 161.4 161.4 161.6 163 164.4 166 167.2 169.9 172.5 174.9 176.3 176.8 174.8 172.7 170.1 166.8 163.2 160 156.6 153 149.5 145 141.2 138.6 137.7 139.7 144.9 146.8
122.5 123.1 123.7 123.1 122.1 123.1 124.6 126.3 128.9 133.5 136.8 140.1 142.4 141.9 141.4 141.7 143 142.8 141.7 141.2 140.3 138.1 137 137.1 138.1 140.1 142.5 143.6 144.9 146.9 147 148.1 151.1 150.9 151.4 152.8 154.2 155.3 156 155.1 154.9 155.2 154.9 155 155.7 156.7 158.4 160.3 162.2 162.6 162.9 164.1 165.6 167.5 170 170.6 171 172.2 174.8 177 178 176.9 174.9 172.7 170.3 166.4 163.4 160.1 155.9 152.3 147.6 142.9 137.9 134 133.1 135.8 140.2 146.9
122.6 121.9 121.6 122.7 125 126.1 126.5 127.3 129.3 132.3 136.4 140.4 141.1 140.7 141.4 142.2 143.8 145 146.3 146.7 144.9 142.8 140.9 140.2 140.4 139.4 139.9 140.1 141.1 142.1 143.4 145 146.8 148.5 149 149.6 150.9 152 152.3 151.9 152.1 153.4 153.3 156.5 159.1 161.4 164.3 166.3 167.4 168.1 169.2 170.8 173.2 176.1 178.3 178.6 177 176.6 177.5 178.5 177.9 176.8 175 172.4 169.5 166.6 163.4 159.3 155.1 151.1 146.8 142 136.6 130.9 130.7 131 133.4 141.3
120.5 119.8 121 123.7 126.9 128.2 129.6 130.2 132.3 133.5 135.4 137.2 138.4 139.9 141.9 144.2 146 148.3 151.1 152.2 151.3 149.9 148 146.1 144.7 142.4 142.8 142.8 143 142.7 142.4 142.1 143.6 145.2 146.2 146.5 147.7 148.9 149.2 149.9 151.1 152.1 154.2 158.1 162 165.6 168.9 171.8 173 174.4 176 179.1 181.7 183.4 184.2 184.8 183.6 181.4 180.7 178.3 176.9 175.5 173.3 171.2 168.3 165.5 161.3 157.4 153.5 150.3 146.7 140.8 135 129.1 127.1 127.1 130.1 136.4
118.9 121.5 123.7 125.2 126.9 128.6 130.7 132.9 135.8 136.4 137.6 138.4 139.8 141.9 144.4 147.2 150 153 156.1 158.8 158.6 158 155.5 152.3 147.9 147.2 146.7 146.7 148 147.7 146.6 146.1 145.6 144.5 143.6 145.2 146.1 147 148.6 149.5 151.2 154 155.4 159.6 163.7 168.1 172.2 175.2 177.5 180.1 182.4 184.7 186.5 187.4 188.4 187.8 186.1 183.9 181.6 179 175.6 173 171.1 168.7 165.6 163.3 159.1 155.3 150.9 146.4 143.2 138.3 132.7 128.4 125.2 123.8 126.1 131.6
125.5 127.1 126.5 127.1 128.3 129.6 132.3 135.7 137.8 139.7 140.9 142.5 143.8 145.2 150 153.4 156.8 160.1 163.5 166 167.6 167.4 163.8 156.2 152.6 151 150.4 151.9 153.8 153.4 151.6 150.2 149.6 148.3 146.6 145.9 145.5 146.8 148.4 149 151.3 153.9 157.9 161 164.8 169 172.9 175.7 179.1 182 184.7 187.5 188.5 189.6 189.7 188.1 186.4 184.1 181.6 178.9 175.1 171.5 167.3 165 162.6 160.3 156.8 152.1 150.6 148 143.7 138.9 134.1 129.3 125.6 124.1 124.4 126.1
131.2 131.1 129.3 128.7 129.7 131.5 135.8 138.1 140.1 142.2 145.2 147.5 149.2 150.2 155.6 160.2 163.9 167.2 170.8 173.4 177.8 176 169.5 164.3 159.2 155.6 154.4 158.5 159.8 158.4 156.5 154.8 153.2 151.2 150.3 149.4 148.6 147.7 148.9 149.7 151 153.8 155.7 160 164 167.9 171.8 175.6 178.9 182.1 184.4 186.9 188.7 189.5 188.4 187.1 185.4 183.1 180.5 177.7 174.5 170.7 167.4 163 159.1 156.8 152.8 154.1 153.4 151 145.5 140 134.4 129.1 124.5 124.6 123.9 122.3
133.3 133.1 130.1 130.2 132.3 134.5 139.5 141.4 143.5 146.4 149.8 153.2 156.4 157.6 161.3 166.7 170.5 175 179.9 184.8 188.1 184.1 177.9 172.4 166.5 160 160.4 165.9 165.2 163.3 161.4 159.1 157.6 156.2 155.3 153 151.4 150 150.6 151.6 151.6 152.6 155.2 158.2 162.3 165.9 169.7 173.5 177 180 182.8 185.1 186.9 187.4 187 185.5 183.9 181.7 179.4 176.4 173.2 170 166.5 162.5 158.2 154.8 155.3 155.1 154.5 151.8 146 140.3 134.6 129.1 126.5 126.7 125.1 122.4
133.1 132.3 130.2 132.9 134.9 137.6 141.3 144.9 147.2 150.8 155 159.2 164.1 167.5 171 174.5 179.5 185.1 192.4 197.8 196.2 190.3 182.4 175.6 168 164.9 168.8 171.9 170.9 169 167.3 165.5 164.2 161.9 160.3 158.2 155.1 153.7 154.1 154.6 154.1 154.2 156.2 157.6 160.3 163.9 166.8 169.9 173.8 176.5 179.4 182.3 183.9 184.9 185.2 184.1 182.6 180.4 178.1 175 171.8 168.6 165.3 162.2 161.6 158.9 156.7 154.6 153.2 150.3 145.9 140.5 134.8 130.7 129.9 128.5 127.7 125.7
130.7 129.7 131.9 134.1 137.1 137.5 144.1 147.8 152.1 156.3 160.6 165.8 171.8 177.6 181.2 185.2 189.6 201.6 206.9 205.9 198.4 190.4 184.1 178 175 174.2 177.1 177.7 177 176.6 175.5 174.4 174 172.3 170.1 166.1 162.5 160.3 159.2 158.1 157.7 156.7 157.1 158.5 158.9 161.9 162.7 165.6 169.2 172.5 175.8 179 181 182.4 183.4 182.7 181.6 179.1 176.7 174.1 171 168.3 165.9 164.3 162.5 160.4 158.5 155.5 150.5 146.7 144.1 139.5 135.2 133.8 133.1 132.3 132.4 131
128 128.3 131.8 134.3 136.3 141.9 147.4 151.6 156.8 161.5 166.2 173.3 179.4 185.6 191.7 198.3 208 215.4 216.1 209.2 204.3 198.9 192.6 187.4 185.6 185.4 187.2 187.6 187.6 187.5 187.5 186.9 186.1 184.3 181.9 177.9 174.3 170.6 167 164.1 161.2 159.4 159.4 158.8 158.6 158.4 159 159.6 161.5 166.3 171.7 175.1 177.4 179.8 181.3 181.4 180.6 178.6 176.5 173.8 171.4 169 166.6 164.9 163.1 161.2 158.8 155.3 150.5 145.1 139.7 137.3 134.5 134 134 133.9 133.3 130.4
125.6 128.8 131.7 134 136.6 140.8 149.7 153.8 160.5 166.3 173 181 188.1 196.2 203.6 218.1 229.2 230 226.2 219.1 213.5 210.4 207.1 203.4 199.4 198.4 198.6 198.7 198.6 198.8 198.7 196.9 196.2 194.3 191.4 188.1 183.7 179.2 173.8 168.6 165.5 162.6 160.6 158.6 157.7 156.7 156.4 155.2 154.1 158.8 165 169.4 173.3 176.3 178.6 179.1 179 177.7 176.3 173.8 171.2 169.1 167.1 165.2 162.7 160.7 158.4 154.5 149.7 144.5 139.1 133.7 130.9 129.4 130.2 130.1 130.7 128.8
125.4 128.6 131.3 133.9 138.3 143.5 149.4 155.1 162.6 171.2 180.6 188.8 197.6 207.1 217.8 232.5 246.9 242.7 238 231 224.9 225.8 226 221.7 217.5 215.3 213.2 211.7 210.2 209.6 207.8 206.3 204.8 202 198.7 194.5 189.5 184.1 178.6 173.6 169.4 165 161.4 158.5 156.8 154.7 153.8 151.2 149.1 149.8 155.5 160.9 166.8 171.7 174.6 176 176.4 176.3 175.1 173.3 171 168.6 166.8 165 162.1 159.3 157.8 153.1 148.1 143.4 138.2 132.6 128.5 124.9 126.1 125.8 126.6 127
123.7 126.3 129.1 133.6 139.6 146.7 150.6 156.2 164.5 174.8 185.9 196.5 206.9 217.7 229.3 246.8 257.7 257.2 250.8 243.7 238.7 239 237.2 233.7 231.8 231.5 228.4 224.7 221 217.9 216.1 213.7 210.8 207.3 203.3 198.4 192.4 186.8 181.1 175.7 170.3 165.4 161.7 158.3 154.9 151.7 149.7 146.6 144.9 145.2 147.6 152.2 158.2 165.1 168.9 171.3 172.7 173.3 173.1 172 170 168.1 166.4 164.7 161.7 158.6 156.6 153.1 148 142.9 137.8 132.2 127.4 123.7 121.7 121.8 122 121.5
119.9 123.6 127.9 133.4 137.8 145.8 151.8 157.6 166.1 177.4 191 203.7 216.1 228.5 247.9 265.3 273.9 266.9 260.6 254.2 249.2 247.6 245.2 242.4 241.3 238.8 235.1 230.9 228.1 225 222.6 218.8 215.3 211.4 206.2 200.1 193.5 187 181.2 175.6 170.5 165.9 161.5 158.1 154.7 153.4 148.5 144.8 142.1 143.1 143.3 144.3 146.9 153.7 161.3 165.3 167.7 170.4 171.5 170.9 169.7 167.9 166 164.4 162.1 159.8 156.9 153.3 148.3 143 137.4 131.8 126.4 122.9 119.8 118.6 119.2 117.8
118 122.6 127.6 132.3 137.9 144.4 151.7 159.8 170.6 182.4 199.7 211.9 225.7 244.9 265.6 280.8 275.6 269.2 264.5 260.5 256.7 251.8 249.6 246.8 244.6 242.4 238.6 235.7 233.6 230.7 227.2 223.4 218.9 213.6 207.5 199.3 192.4 184.7 178.5 172.9 168.1 165.4 161.2 158.4 155.2 154.1 149.7 145.9 143.3 142.2 141.1 140.1 142.9 146.2 149.4 157.1 163.4 167.5 170.2 170.7 169.8 168 166.1 164.2 161.9 159.5 156 151.9 147.1 142.3 137 131.3 126.1 121.8 118.2 117.5 117.7 117.7
117.5 121.8 126.2 131 137.7 144.2 151.6 161.3 173.8 188.4 204.7 219.2 239.5 261.7 283 281.4 276.6 271.6 266.6 263.8 259 255.1 254.2 251.5 248.6 245.3 242.6 240.4 238.1 234.7 230.3 226 220.7 214.6 207.3 199 191.2 183 176.1 170.2 165.5 161.8 158.8 156.9 154.4 152.5 148.3 144.2 142.2 140.8 138.7 137.6 140.6 141.9 142.5 145.1 158.7 164.3 167.8 169.1 168.7 168.1 166.2 164 161.7 158.8 155.1 150.8 145.9 141.1 136.2 131.2 126.1 121.3 117.8 119.1 119.6 118.7
117.5 121.1 125.7 130.6 136 143.8 149.9 158.9 175 193.9 212.3 229.7 253.6 277.6 287.2 282.1 276 272.1 269.1 264.9 260.2 257.8 257.1 254.5 251.6 248.7 245.3 242.6 240.4 236.9 232.6 227.7 222.1 215.8 208.2 199.7 191.7 183.5 176.2 169.8 164.7 160.9 157.1 153.2 150.5 149 147 143.8 141.3 139.3 137.2 136 138.1 139.6 138.6 139.6 144.6 157.8 164.8 167 167 166.4 165.5 163.6 161.6 157.7 153.7 149.7 144.8 139.9 135 129.9 124.8 121.6 122.2 122.3 120.7 119.7
114.5 120.3 124.2 130.5 137.5 144.5 152.4 164.1 180.8 201.3 219.6 241.4 265.4 287.6 285.5 279.9 276.5 273.3 270.2 265.8 262.7 261.3 258.7 256.4 254 251.2 248.4 245.3 241.5 238.4 233.7 228.6 223.3 216.6 209.2 202.2 194.5 186.6 178.7 172.4 167.2 162.7 159.8 156.6 152.9 150.9 148.6 144.8 142.2 140.4 138.6 137 135 136.1 135.5 135.8 138.1 140.2 148 160.8 163.2 163.7 164 162.6 160.2 156.5 152.5 148.4 143.6 138.9 133.8 128.9 125.2 125.5 124.7 123.5 121.7 121.2
115.3 120 123.6 129.3 135.7 146.1 155.1 169.5 187 206.4 226.5 250.4 275 287.5 283.5 280.7 277.4 274.2 270.6 267.1 264.4 262.3 259.4 257.2 254.4 251.6 248.8 245.9 242.1 238.7 234.1 228.6 223.1 217 210.4 203.4 196.5 189.3 181.5 175.5 169.9 165.2 162 158.3 154.9 153.5 149.7 145.1 141.3 141.3 140.1 138.1 135.2 133.3 132.9 132.7 132.1 133.5 135.6 142.4 153 160.3 161.2 160.2 158.8 155.2 151.2 148 143 138.6 135 129.6 127.6 127.1 125.5 124.1 123.5 123.4
114.2 119.1 123 128.8 136.1 144.3 156.4 172.5 191.5 210.6 233.5 258.1 284.6 286.5 282.7 279.7 277.4 273.2 269.9 267.1 264.2 262.3 259.7 257.3 254.1 250.8 248.4 245.6 242 237.8 233.3 228 222.5 217.1 211.1 204.5 197.6 190.7 183.9 178 172.1 168 163.3 159.6 158.2 155.6 150.5 145.4 141.5 141 140.6 138.1 135.1 134.5 132.4 131.1 130.6 131.1 127.9 132.6 138.1 147.3 156.2 157 156.9 153.7 152.3 151.1 146.1 140.7 136.3 132.5 129.2 128.3 126.8 125.6 124.5 123.4
114.1 118.4 123.1 128.1 136.2 146.9 159.8 176.1 194.3 214.3 239.9 266.1 287.4 284.4 279.7 277.7 276.4 272.2 268.4 265.8 264.1 261.2 258.7 256.2 252.8 249.7 247.1 244.7 240.5 236.9 231.8 226.8 221.7 216.3 210.7 204.8 198.2 191.6 185.3 178.8 173.5 169 164.4 161.1 159.8 155.9 150.9 146 141.5 139.5 139.7 137.5 134.6 134 135.6 136.2 136.3 135.1 131.1 128 130.3 131.4 136.9 142.8 152.3 153.8 152.9 152 149.8 144.3 138 134.1 131.5 129.3 126.7 123.9 123 122.5
114.3 117.4 122.6 127.9 139.6 151.8 163.7 179.9 197.8 219.6 247.4 270.6 286.2 281 277.7 275.5 272.7 268.2 266.8 264.8 262 259.3 257 254.5 251.1 247.6 245.1 242.3 238.5 234.5 230.2 225.1 219.9 215 209.7 203.8 197.5 191.4 185.3 179.2 174 168.5 166.1 163.4 161.1 156.1 151.1 146.1 141.8 138 137.2 135.5 134.2 136.8 138.7 139.7 140.5 137.1 134.9 132.3 128 128 128 130.6 135.9 149.2 151 151.7 151.3 145.7 139.2 134 130.2 126.6 123.6 120.8 120.4 120.3
114 116.9 121.3 129.8 141.7 153.7 164.8 180.5 200.6 225 254.6 283 284.6 278.7 275.3 273.7 270.4 266.3 264.6 262.5 260 257.1 254.1 251.8 248.1 244.8 242.4 239.6 236.2 232.1 227.8 223.3 218.1 213.3 208.4 202.8 196.7 190.6 184.5 179.7 175.2 170.5 166.8 164.7 161.4 156.3 151.2 146.4 142.1 137.9 135.6 137 138 137.9 140.2 141.8 141 138.6 137.9 139.4 137.9 134.2 132.1 126.3 126.2 132.8 144.3 150.3 149.8 146.5 140.8 134.9 128.7 123.5 120 117.8 117 117.1
114.4 117.1 122 129.9 141.8 153.1 166.1 181.6 204.7 232.9 262.9 283.8 280.3 274.9 271.8 270.1 266.6 262.9 261.3 259.1 256.6 253.5 250.5 248.5 245 242.3 239.9 236.6 233 229.5 225.3 220.9 216.4 211.5 206.7 201.7 195.8 189.8 185 179.9 175 171.3 168 165.6 161.6 156.6 151.5 146.6 141.7 138.1 137.3 139.9 139.6 138.3 140.6 143 141.9 141.9 145.4 144.1 140.5 137.7 134.3 129.7 122.5 124.6 129.7 145.2 147.2 144.6 139.4 134.2 128.3 122.1 117.5 115.7 114.7 114.2
115.2 117.9 123.1 128.5 138.2 150.9 169.3 187.5 209.7 239.7 266.9 279.9 275.9 271.5 268.1 266.3 263 259.1 257.6 255.3 252.2 249.2 247.2 244.4 241.4 239.3 236.8 233.7 230.2 226.7 222.9 218.4 214.1 209.8 205.1 200.2 194.6 189 183.7 178.8 174.4 169.6 168.1 165.7 160.7 155.2 150.6 145.6 141.2 138.9 138.9 141.3 141.1 140.1 140.2 142.8 143.1 143.2 147.5 146.3 143.4 139.8 136 131.8 129.3 124.7 122.3 129.1 140 140.9 136.8 130.7 126.1 121.6 116.4 114.7 113.6 112.5
115.4 118.6 121.8 127.4 141.1 158.2 174.1 193.5 216.1 246.9 271.8 273.8 270.8 267.1 264.4 262.7 259.1 254.8 253.4 250.7 247.7 245.2 242.8 240 237.6 235.6 232.8 230 227.2 223.8 220.2 216.1 211.9 207.6 203.2 198.6 193.5 188.1 183.3 178.6 173.6 168.7 166.8 163.6 158.9 154.8 150.2 145.1 142.7 140.3 141.2 142.4 142.8 142.9 141.1 141.5 143 144 146.2 145.9 144.8 140.9 137.7 135.4 132.7 128.8 124.5 121.7 126.5 133.4 127.2 121 119.5 117.3 115.3 113.7 112.8 111.7
114.3 117.8 121.6 129.7 146.4 161.7 179 197.6 219 250.5 270.8 268.7 265.4 261.8 259.5 258.2 254.6 250.8 249 246.7 243.5 240.9 238.5 235.7 233.9 231.6 228.7 225.9 223.3 220.8 217.2 213.4 209.4 205.3 201 196.5 192.1 187.2 182.5 177.8 173.8 168.7 165 162.1 158.5 154.4 150.2 145.6 143.5 141.5 142.3 143.7 143.7 143.5 141.7 142.1 143.3 144.5 146.7 146.4 145.4 142.7 140.1 138.7 135 130.2 125.5 120.7 119.4 119.6 119 122.2 120.8 117.3 115.2 114.4 114 113.2
115 117.2 122.5 130.8 147.8 163.1 181 198.3 220.4 247.4 265.4 263.8 259.5 256 254.1 252.6 249.5 246.5 244.2 242.5 239.5 236.8 234.1 231.7 230.2 227.4 224.6 222.4 220.2 217.7 214.2 210.6 206.5 202.5 198.5 194.2 190 186 181.3 177.4 172 169.5 166.7 162.4 158 154 150.1 147.8 144.7 143.2 144.5 145.2 145.3 143.7 141.8 142.8 144.7 145.8 147 146.9 146 143.1 139.8 138.3 134.5 130 125.4 122 119.8 120.1 123.2 125 123 119.6 119.1 119 118 116.4
114.8 116.9 121.8 130.6 146.3 163.3 181.6 198.1 220.4 244.4 261.5 258.2 253.7 250.1 248.5 247.4 244.2 240.6 238.9 237.9 235.4 232.7 229.9 228.2 226.6 223.7 221.6 219.4 217.3 214.3 211.1 207.6 203.9 199.9 195.9 191 187.9 183.9 180.2 176.4 172 170.4 166.9 162.7 158.8 154.4 150.8 147.5 144.7 144.6 146 146.8 146.4 144.3 142.6 143.1 144.9 146.6 145.9 145.4 144.1 141.9 138.2 136.4 133.2 128.9 124.5 121.1 123.4 126.1 126.1 127.4 126.1 123.3 126.4 124.2 122 118.3
114.2 116.6 121.3 131 146.6 162.5 180.3 195.4 216.2 239.3 256.1 252.2 248.1 243.2 242.3 241.6 239 235 233.5 233 230.4 227.7 225.1 224.1 223.3 220.6 218.2 216.4 213.1 210.6 207.5 204.4 200.9 195.5 191.4 188.9 185.6 182 179.1 175.8 172.3 170.3 166.6 162.4 157.6 154.1 151.3 147.7 147.2 147.2 147.3 148.4 146.6 145.4 144.8 145.2 145 145.5 144.4 143.1 141.9 140.1 136.2 132.6 130.2 127.3 124.2 127.5 131.5 130.1 128.5 128.8 127 127.7 128.7 126.5 122.8 120.4
114 116.3 121.3 129.7 145.8 161.3 177.9 192.7 210.2 234.1 250.6 247.4 242.9 237.7 234.7 234.6 233 229.3 227.6 227.1 225 222.3 221.1 220.8 219.6 217.6 215.1 212.7 209.3 207 204 201.1 196.9 192.9 189.4 185.6 182.8 179.4 176.5 173.7 171.1 168.7 165 161.3 156.7 154.8 152 148.8 149 150 150.8 150.4 149.7 148.7 148.1 147.9 147.8 147.6 147 144.9 142.8 139.7 135.2 133.3 131.9 129.3 128.2 132.3 136 132.5 131 130.9 131.3 130.3 129.5 127.4 123.8 123.7
113.4 115.9 119.4 128.4 145.5 159 173.8 187.6 207.4 228.2 245.6 241.3 237.3 232.1 227.9 228 227.2 223.5 221.7 221.3 219.5 218.4 217.7 217.5 215.9 213.9 211.9 209 205.9 202.9 199.9 197.2 193.6 190 186.5 183.3 180.1 176.8 174 171.1 169.3 166 162.7 159.1 155.8 153.5 152.3 150.9 151.1 152.7 153.5 153.9 151.9 151.3 150.3 150 150.3 149.4 147.2 145 142.7 140 139.2 141.6 138.5 134.5 132.7 137.8 138.9 135.3 134.8 132 131.8 130.3 128.4 126.9 126 125.8
