webserver/python/data/SO54.asc
ncols 200
nrows 200
xllcorner 350000
yllcorner 240000
cellsize 50
[rows 0 to 38 of 200, columns 87 to 173 of 200]
71.1 68.9 66.7 65.3 65.5 66.3 66.9 67.5 68.3 69.2 69.1 68.9 69.4 68.9 68.4 67.9 68.7 68.9 69 69.8 69.6 69.5 69.1 68.9 68.9 69.2 70.2 71.2 73 74.3 75.4 74.9 74 73.1 72.9 73.1 73.6 74.7 75.7 77.1 78.4 78.9 80.1 82 83 84.4 85.4 85.9 86.8 87.7 87.4 87.7 89.3 91.1 92.6 93.4 94.1 95 94.1 93.6 93.2 93.4 92.9 92.7 91.6 91 90.2 90.3 92.2 94.2 93.9 94.6 94.7 95.7 95.9 95.9 96.3 96.9 97.4 97.9 99.9 102.3 103.3 105.2 107.1 107 107.9
72.7 70.7 68.7 66.6 66.8 67.6 68.2 68.7 69.3 70.7 71 70.5 70.5 70.6 70 69 68.6 68.9 69.1 70 69.8 69.5 69 68.9 68.9 68.9 70.4 70.7 72.6 74.4 74.8 74.7 74 73.4 72.9 73.2 73.9 74.1 74.7 76.2 77.6 78.9 80.3 81.1 81.4 82.4 82.8 83.6 84.6 85.2 85.1 85.7 87.5 90.4 91.1 90.8 92 92.6 91.8 91.8 91.2 90.9 90.8 90.7 89.5 90 89.2 91.6 94.4 95.7 96 95.8 95.6 96.6 96.6 96.2 95.3 95.5 96.1 96.6 98.8 101.2 103.5 105.3 105.8 104.3 107.1
74.9 73.1 71.2 68.9 68.4 69 69.4 69.3 69.2 69.2 70.2 71.1 71.5 71.2 70.8 70.1 69.4 68.9 69.2 70.2 70.1 70 69.9 70.2 69.8 68.9 69.7 70.6 71.9 73.1 74.8 73.9 74.5 73.8 72.9 73.3 74 74.9 74.5 75.5 76.8 78.2 79.8 80.5 80.9 80.1 81.6 82.2 82.7 83.2 83.6 84.7 85.6 88.7 89.4 89.5 89.7 91 90.7 90.1 89.4 89.3 89.8 88.9 88.9 88.9 91 93.5 95.7 96 96 96 95.3 96.1 96.1 95.5 95.7 94.3 94.6 95.1 97.8 100.4 104.2 106 106 103.9 106.8
79.9 74.9 73.1 69.9 70.3 69.2 69.1 69 68.9 68.9 71.3 72.2 73.1 73.1 72.6 71.9 71.2 71.2 71.2 73.2 73.3 73.1 72.8 74.2 73.6 71.3 71 71.6 72.7 73.5 74.4 75.1 74.9 74.1 73.2 73.4 74.1 75.3 76 75.4 76 77.3 78 78.8 78.9 79.1 80.4 81.1 81.8 82.5 83.2 84.8 85.4 85.8 87 87.9 87.9 88.2 88.2 88.4 88 88.9 88.9 88.9 88.9 90.1 92 95.7 96 96 96 96 96 95.2 95.1 94.6 94.3 94.3 94.1 94.1 95.3 98.6 101.7 104.8 105.2 103.1 106.1
80 76.5 73.8 70.9 70.7 68.9 68.9 68.9 68.9 68.9 71.6 73.8 74.6 75.2 74.8 73.8 73.5 74.1 73.4 74.8 75.5 75.6 73.9 75.6 76 73.7 73.3 73.4 73.5 73.6 73.7 73.8 74.4 74.4 73.5 73.3 74.1 75.1 76 75.9 76.1 76.3 77.2 77.8 78.1 78.9 79.6 80.2 81.4 82.2 82.9 83.7 84.1 84.3 86.2 86.3 86.3 86.6 86.7 86.4 86.6 88.7 88.9 89 90 90.4 92.5 94.2 95.1 96 96 95.9 95.8 95.5 94.3 94.1 94.3 94 93.8 93.9 94.3 96 99.8 101.8 102 99.6 103.3
77.2 75.1 72.3 70.6 69.7 68.9 68.9 68.9 69.1 70.6 73 74.9 75.9 76.6 76.4 75.5 76 76.5 75.7 75.9 76.7 76.9 76.6 76.3 76 75.1 73.7 73.4 73.3 73.4 73.5 73.8 74.4 74.4 73.7 73.5 73.9 74.9 75.7 76 75.6 75.7 76.4 77 77.9 78.7 79.4 80 81.6 82.3 81.8 82.4 82.9 83.4 83.5 83.8 85.7 83.9 85.8 84.7 86.1 88.6 90 92.7 93.5 92.9 93.8 93.9 93.9 93.9 95.7 95.5 95.4 95.8 94 94 93.7 93.4 93.1 92.9 93.5 96 97 100.5 99.2 99 100.3
75.4 74.2 72 70.8 70.3 69.7 68.9 68.9 69.4 72.1 74.7 75.5 76.6 77.6 78 78 78.5 78.5 78.2 77.7 78.9 78.8 78.5 77.1 75.4 74.3 73.8 73.3 73.1 73.2 73.5 73.9 74.4 74.4 73.7 73.7 73.9 74.4 73.9 73.9 75 75.6 76.3 77.1 77.9 78.6 79.3 79 79.9 80.7 81 81.2 82 82.6 83.2 83.7 84.1 84.6 84.1 85.4 87.3 90 92.1 94.2 95.7 95.3 93.9 93.9 93.9 93.9 95.9 95.5 95.1 95 94 93.7 93.5 93.2 92.9 92.2 93 94.2 95.7 97.2 96.8 97.7 98.9
74.9 74.1 73.2 72 71.6 70.9 70.3 68.9 70.2 73 75.4 76.2 77.3 78.4 80 80.7 81.4 81.4 80.7 80.1 80.6 80.7 79.3 77.9 76.6 73.9 73.9 73.4 73 73.1 73.6 74 74.5 74.3 73.9 74 74.1 74.1 74.4 74.4 75.5 76 76.5 77.5 78.3 78.8 78.8 79 78.9 78.9 80.5 81 82 82.6 83.2 83.7 83.9 84.3 84.2 86 88.8 91.3 93.4 96.4 97.9 97.9 96 93.9 94.5 94.4 95.3 95.5 95.4 95.3 94.1 94 93.4 92.8 92.1 91 92.1 93.4 94.9 94 94.4 96.9 99.7
75.2 75 74.2 73.7 73 72.4 71.7 71.1 71.2 73.2 75 76.6 77.9 79.1 82.8 84.4 85.5 86 85.6 84.9 82.9 82.7 81.7 80.8 78.2 75.6 73.9 73.6 73.8 73.2 73.7 74.1 74.6 74.4 74.2 74.2 74.4 74.9 75.8 75.3 76 76.6 77.1 77.8 78.5 78.7 78.8 79 78.9 78.9 79.6 81.9 82.2 82.6 83.1 83.7 83.9 84.5 86.1 87.6 89.1 92.5 94.8 98.5 100.8 100.2 97.5 96.1 96.1 95.5 96 95.9 94.3 94.6 94.2 93.1 92.6 92 91.4 89.7 91.3 92.3 94.3 96 95 97.3 100.4
79.5 79.4 78.2 76.9 75.8 73.9 73.3 72.7 72.5 73.2 75 77.7 79.7 81.8 85 88.2 90.7 93.7 94.6 93.7 88.7 87 87 85.5 81.7 78.6 76.3 75.7 74.8 73.5 73.7 73.9 75 74.6 74.4 74.5 74.4 75.5 75.5 75.6 76.5 77.3 77.9 78.6 78.6 78.7 78.8 78.9 78.9 78.9 78.9 80 81.1 81.8 82.8 83.6 84.1 85.9 88.5 89.8 90.5 92.3 95.1 97.7 100.7 100.6 99 97.5 96.4 95.9 94.7 95.7 93.9 92.8 92.4 92.3 91 91.2 90.9 88.9 89.4 91.4 93.9 95.9 95.8 97.7 100.1
85 83.7 81.5 80.1 78.9 76.6 75.7 74.9 73.7 74.1 76.7 79.2 81.4 83.7 87.2 92.8 97.2 99.8 102.2 100.1 94.1 93.2 99.9 96.5 89.6 81.9 78.8 77.4 75.9 73.9 74.6 75.5 76 75.3 74.4 74.8 75 74.2 75.5 76.6 77.5 78.2 78.9 78.8 78.8 78.9 78.9 78.9 78.9 78.9 79.5 80.8 81.6 82.5 83.7 83.9 86.1 87.3 88.7 90.7 92.5 93.2 94.7 97.1 99.5 100.4 99.3 97.5 95.7 95.8 94.7 94 92.8 91.2 90.6 91.4 90.3 88.9 90.3 88.9 88.9 89.9 93.9 95.7 97.1 98.8 99.9
85.4 83 82 81 80.2 80.7 79.5 78.5 75.9 75 78.6 81.2 84.1 85.8 90.4 97.6 103.3 105.5 107.1 104.6 99.8 99.6 105.2 102.9 93.9 85.7 80.5 78.4 77 76.2 75.9 75.4 75.4 74.9 74.2 74 75.7 75.3 76.6 77.7 78.8 80 80.7 80.2 79.1 80.4 80.2 80.2 80.5 80.7 81.6 81.9 82.6 83.4 84.2 85.5 86.3 87.7 88.9 90.6 92.4 94.5 95.3 97.9 100.5 101 99.6 97.6 95.6 94.7 93.8 92.6 91.5 90 90.7 91 89.3 89 89 89 88.9 89.5 93.2 95.4 97.1 99.3 100.9
84.7 83.7 82.7 82.2 82 81.5 80.9 80.4 78.1 77.6 80.6 85.1 87.7 90.5 94.1 101.4 106.7 110.3 111.8 110.9 105.2 104.2 105.7 100.7 92.9 86.5 82.2 79.2 78.3 78 77.7 76.8 76.2 74.9 74.1 74.6 74.5 75.4 76.4 78 79.5 80.8 80.9 80.4 81.2 82.1 82.5 82.4 82.5 82.8 83.3 83.5 84 84.7 85.5 86.6 87 88.2 90.4 92.6 94 95.8 98.2 100.3 104.2 103.4 100.4 97.4 94.9 94.3 92.9 91.5 90.4 89.9 89.4 89.2 89.1 88.8 88.6 88.6 89 89.1 92.3 94.9 97 99.1 99.6
84.8 84.4 84.2 84.1 83.5 83 82.5 80.8 79.1 79.9 85 90.5 92.8 94.8 98.1 104.2 109.3 113.9 115.4 112.1 108.8 105.8 102.1 96.7 89.7 85.1 82.6 80.9 80 79.8 79.6 78.3 76.7 75.3 75.2 75.4 75.4 75.8 76.3 77.6 78.7 80.1 81.1 82.3 83.2 83.9 84.8 84.6 84.9 85.1 85.1 85.1 85.6 86.2 87.1 88.1 88.6 88.8 90.9 94 95.7 97.8 101.2 103.7 105.4 105.2 102.6 99.1 95.9 94.1 92.3 90.6 89.3 89.2 89.2 88.9 88.3 88 87.7 87.8 88 88.8 90.8 96.1 97.6 99.1 98.8
83.9 84.5 84.1 85 84.6 84.1 83.6 80.7 79.6 83.1 90.1 95.7 96.2 100 104 108.6 112.6 116.4 117.4 113.8 108.3 104.8 96.9 92.2 88.1 85.2 83.8 82.7 81.8 80.3 79.1 78.8 77.3 77.3 77.2 76.8 76.8 76.3 76.8 77.5 78.6 80.1 81.9 83.7 85.1 85.8 86 86 85.8 85.8 85.7 86.5 86.9 87.4 89.4 90.7 91 90.2 92.5 94.5 96.7 99.7 103.2 106.7 109 108.2 104 100.6 97 94.5 93.2 91.7 90.1 88.9 89 88.2 87.6 87.1 86.8 86.9 87.4 89 90.9 94.5 97.9 99 97.3
83.6 84.2 84.4 84.8 85.1 85 84.3 82.2 82.1 84.2 88.7 94 97.4 100.9 105.7 110.8 114.5 118.6 120.3 115.3 109.3 103.5 100.2 97 94.2 90.2 87.4 85.5 82.8 80.9 79.9 78.9 80.2 79.8 79.2 78.6 78.1 77.3 77.4 78.2 79.2 80.1 81.7 84.1 86 86 86 86 86 85.4 86.4 87.4 88.2 89.6 91.5 93.2 93.7 93.9 93.9 95.7 97.7 101.1 104.8 108.7 110.9 109.2 105.2 101.6 98 96 93.9 92.3 90.6 89.8 89.1 88 86.9 86.2 86 86.3 86.9 88.5 90.1 94.6 96.5 97.4 96.5
83.4 83.9 84 84.7 85.2 85.4 85 84.7 83.9 85.6 87.9 92.6 98 102.9 107.6 111.8 115.9 120.3 120.6 116.9 111.5 106.2 103.4 100.5 98.9 93.5 90.1 86.9 83.5 81.2 79.5 80.4 81.9 81.9 81.2 80.6 79.4 78.5 78.2 79 79.2 78.9 81.1 82.9 85.6 85.8 86 86 85.7 85.7 87 88 89 91 93 95 96.2 96.4 94.1 95 98.1 101.7 105.3 107.3 109 107.7 104.7 102.6 99.5 96.6 94.5 92.7 90.6 90.7 89.5 88.1 86.4 85.5 85 85 85.7 87.5 89.4 93.2 95.3 96 96
83.2 83.6 83.6 84.4 85.6 85.8 86.5 86.7 88.8 88.9 90.6 94.3 99.3 105 109.6 113.8 116 116.5 116.7 114.5 110.7 107.4 105.8 103.4 98.8 92.7 88.9 86.9 84.1 82.4 82.5 84.1 83.8 83.9 83 82.2 81 79 79.7 79 79 79.3 80.1 80.3 83.4 83.9 83.9 84.5 84.5 86.1 87.3 88.6 90 91.7 94 95.5 98.8 100.2 98.7 97.2 99.4 101.6 104.4 105.6 105.8 105.8 104.3 101.5 99.5 96.2 94 92.1 90.2 89 89.5 88.2 86.7 85.6 84.3 83.9 84.4 86.7 89 91.1 95.3 95.9 96
82.9 82.6 83 84.7 85.7 87.7 89 90.9 94.5 94.5 95.8 101.7 104 107.6 112.2 115.1 115.3 112.8 111.9 110.8 108.1 106.2 104.5 100.1 94.2 92.2 90 88.7 87.4 84.9 84 88 89.3 86.9 86.1 85.4 83.4 82.5 81 79.6 79.4 79.5 80 80.8 82.4 83.9 83.9 84.1 85.2 87.5 88.5 89.4 90.3 92.6 95 97.6 99.4 100.8 101.8 100.8 98.9 100.7 103 103.9 104.9 104.4 103.8 101.5 100.7 96.5 93.9 93.4 92.4 90.6 90.2 89.2 87.8 86.1 85.5 83.9 83.9 85.3 87.4 89.9 92.9 96 94.2
80.8 80.7 81.9 83.7 85.7 87.9 90.6 94.7 100.4 103.4 104.2 106.4 108.7 110.8 115.7 115.9 113.5 110.2 109.1 108.2 106.3 104.5 103.7 99.9 95.9 96.9 95.7 93.9 93 91.6 88.2 94.9 95.8 92.3 91.8 89.7 86.7 83.9 81.9 81.2 81.8 81.9 81.3 83.3 84.2 84.4 85 85.8 87.7 88.7 90 91.1 92.6 94.3 96.6 99.1 100.9 102.1 104 104.1 103.9 102.9 103.3 105.1 104.9 105 105 103.7 100.7 98.7 97.3 97 95.2 93.4 91.6 90.4 88.7 86.8 84.9 83.9 83.9 84.1 86.6 89 91.9 95.1 92.1
78.9 79.3 81.3 83 84 87.1 89.7 94.6 101.6 105.6 109.2 110.8 111.1 112.3 114.7 113.9 110.4 108.2 106.8 106.2 105.9 106 106 105.6 101.9 102.6 102.7 101.7 99.8 98.5 93.3 94.2 101 97.9 99.7 95.1 89.2 85.4 83.2 83.5 84.4 84.4 84.1 85 86.5 87 87.5 88.2 90.1 91.7 91.8 93.6 94.6 95.9 98.1 100.5 101.3 103.7 105.3 105.9 105.5 105.5 105.7 106.3 107 106.3 105.3 105 104.4 102.6 101.8 99.9 98.2 96.4 94.4 91.8 89.4 87.7 85.7 84.2 83.9 83.9 85.8 88.9 90.8 91.4 88.9
79.1 80.2 82.3 84.2 84 86.2 87.4 90.6 95.9 100.8 106 108.1 108.8 109.2 109.1 108.1 107.4 105.5 103.8 103.4 103.8 105.2 106 105.9 106.4 106.8 107.7 108.3 107.2 104.9 100.9 102.2 102.1 105.1 104.7 96.7 91.9 88.6 86 85.3 87.4 87.8 87.8 88.6 88.9 89.1 89.3 90.9 92.5 94.5 95.5 96.1 98.5 99 99.8 100.8 102.6 104.4 105.8 106.8 108.1 108.5 108.7 109.4 109.1 107.7 106.8 106 106.2 105.6 105.5 103.2 101.2 99 96.3 93.4 90.7 89.1 86.6 84.2 83.9 83.9 85.3 88.6 91 89.8 85.5
82.2 82.6 84.2 85.9 85.5 86.3 87.6 89.5 92.7 95.4 98.5 101.5 103.4 104.8 104.8 104.7 104.1 103 101.4 100.4 101.8 103.4 104.1 105.5 107.3 108.7 110.7 111.5 111.3 111.6 109.6 110.9 107.9 112.5 112.1 105.7 98.3 92.7 88.9 88.1 90.2 90.8 91.4 91.3 91.7 92 92.8 94.8 95.7 98 99.9 100.8 100.9 100.6 101.5 102.8 103.4 104.5 106.1 107.2 109.4 110.8 111 110.6 109.8 109.1 108.3 107.6 106.9 106.3 106 105.1 102.6 100.9 98 94.9 91.6 89.2 87.1 84.7 83.8 83.8 83.9 87.4 88.8 86.6 84.4
82.2 83.2 84.2 85.3 85.4 86.6 88 89.5 91.2 92.7 94.1 97.1 99.3 100.7 101.5 101.4 100.8 100.1 99.8 99.5 100.9 102.6 103.5 104.6 106.6 107.1 109.2 111.5 114 119.2 119 120.7 120.8 120.5 122 117.1 108 101.7 95.1 92.5 94.1 94.2 94.8 94.9 94.7 95.5 96.2 99.4 100.4 100.6 100.9 100.7 100.7 100.9 100.9 101.1 101.7 103.3 104.1 104.8 106.7 109.7 110.5 110.6 109 108.4 107.4 106.4 105.3 105.9 104.4 103 101.7 99.9 96.6 92.5 89.5 87.2 85.7 84.4 84 83.8 83.9 85.5 85 84.4 84
82.3 83.1 84 84.2 85.2 87.4 89.4 90.9 92.7 93 93.8 94.7 96.9 97.2 98 98 98.1 97.3 97.4 99.3 100.6 101.9 102.9 103.9 104.7 105.4 106.5 108 111.3 114 115.5 114 113.1 113.9 115.5 113.2 108.7 105 103 99.4 98.5 98.3 97.9 99.1 98.8 99.1 99.7 101 101 101 101 100.1 100.2 100.3 99.5 99.9 100.9 101.2 100.9 102.6 104.6 107 107.6 108.6 107.7 106.3 105.3 104 103.2 99.6 101.4 99.9 99 97.4 93.6 89.7 88 85.6 84.3 84 83.8 83.8 83.9 83.9 84.5 84 84
81.5 83.2 84.1 84.3 85.1 87.4 90.2 93.1 94.7 94.6 95.4 95.8 95.6 94.5 95.3 96.1 96 95.3 95.4 99.4 100.6 101.3 102.3 101.9 102.2 102.7 102.2 103.7 104.6 105.2 105.6 105.7 103.2 102.4 104.4 105.8 105.5 105.9 104.7 101.3 101 101 101 100.6 100.9 101 100.7 100 100.1 99.8 99.2 99 98.3 97.4 96.6 96.5 98.1 99.6 99.6 100.3 103.2 106 105.2 105.8 104.8 103.7 102.2 100.9 99 97.2 97.1 96.2 95.6 95.2 93 89.8 88.8 86.6 85.5 84 83.9 83.9 83.9 83.9 83.9 84 84
82.7 83.2 84.9 86.2 86.9 88.6 92.2 95.9 96 96 95.4 95.2 96.1 94.3 93.9 93.8 92.7 94.2 95.8 98.8 100.2 101 101 99.6 98.8 97.9 98 98.5 99.8 99.3 98.7 98.8 98 97.9 100.5 100.5 99.8 99.5 99.2 98.9 98.7 98.1 98.7 100.5 99.2 98.5 96.7 96.6 96.8 97.9 97.1 97 96.4 95.5 94.3 95.2 96.6 98.8 99.6 99.7 101.7 103.6 103.2 102.8 101.4 100.1 99.5 96.9 94.8 93.5 92.1 92.1 92.2 93.4 93.9 92.1 89.9 89.7 87.7 86.1 84.4 83.9 86 89 89.2 88.3 84.7
85.4 85.3 86.5 88.7 89.5 90.3 93.8 96 96 96 95.9 95.2 94.5 93 91.1 90.7 89.4 92.3 93.9 94.3 95.6 97.3 97.3 96.1 94.9 93.8 94.2 93.5 96.2 93.9 93.5 93.1 93 92.9 94.6 95.3 94.9 94.6 95 93.9 93.5 93.4 94.6 95.5 95 94.3 93.6 94.1 95.4 95.5 95.2 94.5 94.1 93.8 93.8 96 95.6 97.7 99.1 99.4 100.6 101.3 101.8 101.1 98.8 97.1 95.9 93.4 91.1 90.7 89.6 88.5 89.8 91.1 93 94.8 94 92.4 90.3 87.8 85.9 84.6 87 90.7 94.8 93.7 91.1
88 89 89.6 90.9 91.6 92.6 94.7 96.1 96.1 96 96 95.5 93.8 91.9 90 89.1 88.4 89.7 90.1 92 93.2 93.6 93.7 92.4 90.9 90.1 89.8 90.8 92.3 91.5 90.9 90 89.4 90 91.7 91.7 91.1 91.6 91.5 89.9 89.5 89.3 90.3 91.5 91.7 91.4 90.3 91.7 94.9 95 93.9 91.7 90.9 91.2 93.3 94 94.8 97.7 99.9 100 100.5 100.3 101.2 99.6 96.9 94.3 92.9 91.6 88.9 90.5 89.5 86 87.3 91 91.3 94.8 96 95.4 92 89.1 87.4 87.7 89.1 93.9 96.1 96.4 98.4
90.3 90.7 91.8 92.7 93.5 94.4 95.6 95.8 96.1 96.1 95.6 94 92.4 91.5 89 87.9 86.2 84.7 86.7 89.8 89 88.8 89 88.9 88.1 87.2 87.3 88.5 89.1 89.1 88.3 87.8 86.8 87 88.1 88.1 88.1 88.6 88.3 87.4 86.9 86.5 87.2 88 88.4 89 90.1 89.2 89.8 90.4 90.4 89 89.5 90.8 93.4 94.2 97.8 99.9 100.6 101.1 100.7 99.8 99.3 96.7 93.9 90.3 89.5 88.4 88 89.8 90.8 87.4 84.9 87.3 89.1 91.4 95.1 95.7 93.4 90.3 88.9 88.9 92.5 95.8 96.1 94.3 92.8
91.7 92.6 93.5 94.5 95.4 95.9 96.1 96.1 94.5 94 94.6 93.4 91.2 90.8 88.5 85.8 84.5 82.8 83.6 84.9 84.6 84.4 84.3 86.1 86.2 83.9 84.6 85.4 85.8 86.9 86.6 86.3 84.4 84.5 85.4 84.5 84.9 85.3 86 84.9 85.6 85.1 84.9 84.6 85.3 85.9 85.9 85.2 86.1 87.7 88.7 89.1 89.8 92.2 94.8 97.1 99.9 101.1 101.2 101.1 100.7 99.7 96.9 94.2 90.1 88.5 86.7 85.7 85 87.2 89.5 86.5 84.3 84.7 86.2 89.1 92.2 91.7 91.4 90.5 90.3 90.9 94.9 96 91.7 84.9 85.9
92.1 93 94.1 95.2 96.1 96 95.8 95.8 94.8 94.2 93.5 92.6 90.8 89.5 87.9 85 83.2 81.5 80.8 81.4 81.6 82.1 82.9 84.5 84.7 84.3 84 84.2 84.1 84.8 84.3 84.7 83.2 83.5 83.9 83.5 82.8 83.1 83.7 83.3 83.4 83.4 83 82.4 82.5 83.3 84.3 83.9 84.7 87.4 88.9 89.8 92.2 94.1 96.6 99 101 100.8 101.1 101 100.7 98.8 95.5 92.6 89.2 86.9 84.5 83.9 83.9 84 85.8 84.5 80.8 80.8 83.5 87 89.3 87 87.6 88.3 90.5 91.7 95.8 95.2 87.4 82.9 83.1
92.6 93.3 94.2 95 95.4 94.7 93.1 92.4 93 93.7 92.9 92.5 91.7 90.8 88.1 85.1 82.2 79.7 78.9 80.5 79.6 80.8 81.6 82.4 82.6 83.8 84.1 84.6 84.5 83.7 83.4 82.8 81.8 82.1 82.6 81.7 80.9 81.5 81.4 81.3 81.2 81.1 81 80.4 80 81.6 83.6 84.5 87.1 89.2 91 92.9 95.1 95.7 96.8 99.2 101 99.8 101 100 99.1 97.8 95.9 93 90.1 87.3 84.4 82.3 81.3 85.3 85.4 82 79.1 78.2 80.1 82.3 83 82.5 83.6 84.1 84.6 85.7 86.2 84.8 81.8 79.9 81.5
93.4 92.5 92.5 93.1 91.9 91.7 90.5 89 91 91.9 91.8 91.6 91.3 90 88.3 85.4 82.4 79.5 78.8 77 78.2 80.6 80.5 80.7 81.2 82.3 84 85.5 85.7 84 82.5 81.8 80.6 80.6 81.2 79.7 79.5 80.3 79.8 80.6 79.5 79.1 78.9 78.9 79.7 82.1 84.2 86.2 88.4 90.6 91.9 93.1 94.6 94.2 95.3 97.6 99.5 99.5 99.3 98.3 97.4 96.3 94.2 92.1 89.9 88.1 85.3 82.1 79.2 80 81 79.9 78.2 77.1 77.4 78.2 78.9 81.2 81.6 81.5 79.6 79.6 80.9 80.4 79.6 79.1 81
92 91 90.5 90.8 89.5 88.4 88.4 87.1 88.4 90 91 90.2 91 89.3 87.7 85.6 82.7 80.1 77.9 75.6 76.2 81 79.1 78.9 79.4 82 84.8 86 84.3 83.5 82.5 81.2 79.6 79.3 78.9 78.5 78.3 78.5 78.9 79.7 78.9 78.9 78.9 79.6 81.7 84 85.7 87.7 90.1 90.4 91.6 93.1 94.5 93.9 95.4 96.6 98 98.4 98.2 97.3 96.1 94.6 91.6 89.6 88.3 86.8 85.5 81.9 79.3 78 77.1 76.8 76.9 76 76 77.6 80 80.7 80.3 79.7 79.4 79.2 79.8 80 78.8 78.9 79.7
91 89.7 88.9 89.2 87.6 85.8 85.3 84.3 84.7 86.2 88.4 88.3 89.3 88.3 86.9 85.7 83.2 80.8 77.4 74.1 74.4 76.3 78 79.9 80.2 81.9 83.6 84.1 83.9 82.8 81.8 80.8 80.4 78 77 76.3 76.3 76.5 77.2 78.3 78.9 78.9 78.9 79.2 82.4 85.3 85.8 87.4 89.3 89.6 91.3 93 94.4 93.9 95.6 95.6 96.8 97 97.1 96.3 95.1 92.6 89.6 87.4 85.7 84 82.4 80.2 78.2 77.1 75.3 75 74.5 74.6 75.4 77.3 78.7 79 78.9 77.7 77.8 77.4 77.1 77 76.9 76.3 77.2
89.5 89.2 87.1 86.4 85.5 83.2 82.6 82.2 82.2 82.7 83.8 86.6 87.8 87.3 85.9 85.1 83.2 80.9 77.9 73.9 73.9 74.5 78.9 79.5 81 81.2 82.7 82.7 82.5 82.1 81.1 80.1 81 78.4 75.9 76 75.9 76 76 77 79 79 79 78.9 81.7 84.7 85.7 87.2 88.3 91 91.1 92.7 94.2 96 95.3 95.9 95.4 95.8 96.2 95.7 93.6 90.6 87.6 85.3 83.3 80.2 79.1 79.1 77.8 76.7 75.2 74.5 74.3 74.1 75.9 75.9 77.1 76.8 76.3 76 76.1 75.9 75.5 75 75 74.5 74.5
90.5 89.5 86.4 84.1 83.1 80.6 79.8 80.1 79.5 80.4 79.9 85.2 86.7 86.4 84.7 83.4 82.1 80.1 77.4 73.9 73.9 77.1 79.7 81 81 80.8 81.6 81.5 81.3 81 80.4 80.7 80.2 77.5 75.5 76 76 76 74.3 77.1 79.6 79.4 79.6 78.9 80.4 83.1 85.2 86.2 87.4 90 90.1 91.4 92.7 93.9 92.9 94.8 94.9 96 95.7 95.8 92.9 90.3 86.6 84.5 82.3 79.3 79.2 78.9 77.6 76.3 75 75 74.3 74.5 75.1 74.5 75.5 75 74 74.1 74.4 74.3 73.7 73.4 73.6 73.5 73.4
90.7 90.3 87.4 84.6 82.7 80.2 79.3 77.6 76 74.8 77 80.8 85.4 84.9 82.3 81.2 80.1 79 76.6 75.1 73.9 73.6 75.2 77 80.2 80.8 80.3 80.4 80.1 79.7 78.6 78.7 77.5 76.2 74.8 73.9 75.2 74.5 76.2 79.9 80.5 80.4 80.3 80.4 80.9 83.1 83.9 84.9 86.3 88.7 89.1 90.7 91.8 91.9 91.8 92 91.9 94.8 95.2 95.1 92.8 89.4 86.5 84.2 82.1 79.8 79.2 78.6 77.1 75.6 74.5 74.8 74.6 74.5 74.3 73.9 73.8 73.7 72.9 72.9 73 72.7 72.1 72.4 72.7 72.6 72.6
