webserver/python/data/SO89.asc
ncols 200
nrows 200
xllcorner 380000
yllcorner 290000
cellsize 50
[rows 108 to 143 of 200, columns 0 to 81 of 200]
73.4 76.5 77.3 85.4 99.6 108.3 105.1 97.3 90.1 87.9 87.5 87 86.3 85.3 84.1 84 83.9 83.9 85.3 86.8 87.4 88.1 88.8 89.5 90.2 91.3 92.5 93.9 95.5 97.3 98.5 98.8 99.1 99.4 99.4 100.4 101.6 103.1 104.7 106.5 108.2 114.1 128.2 131.1 129 126.7 123.8 120.9 117.9 115.3 112.8 111 109.1 107.7 106.3 104.9 103.6 103.1 101.6 100 98.5 97 95.1 94.4 93 92.4 92.5 93.5 94.4 94.7 95.9 96 96 94.5 91.3 88.8 86.4 84.7 83.3 81.7 80.4 79.6
75 75.2 77.2 84.8 97.8 106.7 103.3 96.9 90 86.4 85.6 85.1 84 83.6 83.3 82.7 82.6 83.2 84.4 85.9 86.9 86.7 87.4 88.1 88.8 89.5 90.8 92.2 93.7 95.1 95.9 96.2 96.5 96.8 97 98.1 99.4 100.8 102.5 104.2 106 112.2 121.9 133.2 131.1 127.9 124.8 121.8 118.9 116.8 114.2 111.8 109.9 107.6 105.5 103.7 102.4 101.5 99.8 98.3 96.8 96 94.8 93.5 92.1 93.7 95.1 96 96.9 97.8 97.7 97.7 96.4 94.5 91.7 89.9 87.8 85.6 84.4 83.1 81 81
74.8 76.1 77.2 85.1 97.9 107.6 101.7 95.7 89.8 85.6 83.9 83.5 83.3 83.2 82.8 82.3 82.2 82.9 83.4 85.2 85.5 85.9 85.9 86.6 87.3 88 88.8 89.9 91.1 92.9 93.3 93.7 94.1 94.5 95 96 97.3 98.7 100.4 102.1 104.1 108.7 115.2 127.2 132.1 129.1 125.6 122.5 120.9 118.6 115.7 113.2 110.7 108.4 106.4 104.9 102.3 100.7 99.7 99.1 98.5 97.8 95.4 93.6 94.5 96 97.3 97.7 97.9 98.2 98.1 97.5 96.5 93.8 91 89.2 88.2 87.4 85.8 84.1 82.7 82.7
75 76.1 77.4 85.2 97.6 102.3 96.7 92 89 84.5 82.7 83.1 82.9 82.7 82.4 81.9 82.1 82.8 83.6 83.9 84.2 84.5 84.9 85.1 85.8 86.7 87.1 88.2 89.1 89.7 91 91.8 92.2 92.6 93.3 94.1 95.3 96.6 98.3 100.1 102.4 106.2 111.4 119.8 130.6 128.3 126.8 125.1 123.1 120 117.2 114.6 112.3 110.2 108.4 105.7 104 103.1 102.1 101.1 100.5 97.8 96.1 95.6 96.8 97.8 98.3 98.6 98.3 98.5 98.2 97.2 96.2 95.2 92.3 91.2 90.3 88.7 87.1 85.2 83.5 83.8
73 76.3 78.5 85.8 97 98.7 93.9 89.6 86.6 83.4 81.8 82.3 82.5 82.3 81.9 81.5 82 82.8 82.4 82.8 83 83.2 83.5 83.6 84.4 85.3 85.6 86.3 86.9 87.5 88.1 89 90.2 90.9 91.6 92.3 93.4 94.6 96.3 98.4 101 103.5 106.7 111.9 122.6 131 128.4 126 124.1 121.4 119 116.8 115 113.3 110.4 107.8 105.8 104.9 104 103.1 101.1 98.7 97.5 97.7 98.4 98.8 99.2 99.4 99.2 98.9 97.9 96.9 95.8 94.8 94.4 93.2 91.6 89.8 88.4 86.7 85.7 84.7
72.3 74.8 80.8 89.1 98.3 97.5 93.2 89 86.4 81.9 80.8 81.2 81.8 82 82 82 81.7 81.2 81.3 81.7 82.1 82.3 82.4 82.6 82.9 83.8 84.3 84.8 85.3 85.8 86.3 87.1 89.1 90.2 90.7 91.2 92.4 93.8 95.7 97.3 99.8 102.1 104.6 107.5 114.5 126.1 129.6 127.2 125.2 123.6 121.4 119.9 118.6 115.3 112.8 110.2 107.5 106.6 105.3 103.9 102.6 100.2 99.2 99.5 100.1 100.5 100.9 100.7 100.6 100.2 98.9 97.7 96.7 95.7 95.5 94.6 92.8 91 89.1 87.2 87.1 86.2
72.5 78.3 85 95.6 98.9 95.8 92.1 88.1 83.7 80.5 80 79.5 80.2 80.4 80.6 81.1 81 80 80.2 80.6 81 81.4 81.5 82 82.2 82.8 83.4 84.1 84.7 85.4 86 86.9 88 89 90 90.9 92.3 93.6 96.1 97.1 98.8 101.4 104 106.4 111.2 122.2 131.4 128.5 126.5 125.2 123.5 122.1 120.5 117.3 115.1 112.9 109.9 107.9 106.4 105 103.5 102.6 102.1 102 102.2 102.6 102.4 102.2 101.5 100.2 99.2 98.7 97.6 96.9 96.2 94.8 93 91.1 89 87 87.2 87.3
75 81.9 95.5 99 98.7 94.6 90.9 85.7 81.6 79.9 78.7 78.4 79 79.6 80.1 80.4 80.4 79.8 79.9 80.1 80.4 80.8 81.9 81.9 81.8 82.3 83.9 84.6 85.2 85.8 86.3 87.3 88.4 89.5 90.6 91.9 93.2 94.9 96.7 98.2 99.6 101.3 104 106.5 110.7 123.1 133.2 132.3 128.8 127 125.1 123.9 122.4 119.7 117.3 115.2 112.4 109.8 108.2 106.8 105.2 104.5 103.8 103.8 104 103.7 103.5 102.8 101.5 100.3 99.2 98.2 97.4 96.9 96.1 94.6 92.8 91 88.9 86.9 86.9 86.8
77.9 90 103.1 99.5 96.8 91.7 86 82 79.8 78.4 77.5 77.7 78.5 79.1 79.4 79.8 79.8 79.5 79.6 79.9 80.3 80.7 81 81.6 82.3 83 84.3 85.4 85.7 86.2 87.1 88.3 89.5 90.6 91.8 93.2 94.6 96.4 97.2 98.9 100.6 102.2 104 106.8 110.4 120 136.2 136.1 133.3 129.4 127 125.7 124.4 122.1 119.8 117.4 114.9 112.4 110 108.4 106.7 106 105.2 105 104.8 103.4 103.1 102.9 101.5 100.3 99.3 97.9 96.6 95.5 94.7 93.3 91.7 90.8 88.8 86.8 86.3 85.7
81 94.9 103.2 99 92.2 86.8 81.7 79.6 78.3 77.9 77.2 76.8 77.2 77.9 78.5 79 79.3 78.9 78.7 79.5 80 80.3 81.3 82.4 83.5 83.7 84.7 85.5 86.1 86.9 88 89.2 90.3 91.5 92.6 93.8 94.9 96.4 98 99.4 101 102.5 105.3 108.4 112 116.8 130.6 138.1 136.9 132.6 129.7 128 126.6 124.2 121.8 119.6 117.2 114.6 111.9 110.3 108.7 107.6 106.7 105.2 103.9 102.5 102.1 101.1 100.6 100.2 98.8 97.4 96 94.9 94.7 92.2 91.4 90.5 88.6 86.8 85.6 84.8
79.6 99.2 99.6 95 84.9 80.3 78.4 77.4 77.9 78 76.9 76.3 76.4 76.6 77.4 78.1 78.1 77.7 78 78.8 79.6 80.4 81.5 82.7 83.8 84.9 86.1 86.4 88.8 87.8 88.1 89.2 90.2 90.8 92.2 93.3 94.5 95.7 97.9 99.7 101.3 102.7 105.7 108.6 111.1 115.1 119.7 127.9 135.6 135.5 133.4 130.3 128.6 126.2 124 121.8 119.4 116.8 114 112.3 110.6 109 107.6 105.9 103.8 101.6 100.4 99.4 98.9 98.6 97.5 96.4 95.5 95.6 95.4 93.7 91 90.2 88.4 87 85.6 85
80.3 95.1 91.1 84.3 78 74.1 72.6 73.8 76.6 77.7 76.6 75.8 75.9 76.2 76.8 77.3 76.9 77.3 78 79.2 80 80.9 81.8 82.8 83.9 85 86.8 88.5 89 88.1 88.2 88.9 89.5 90.1 91.6 92.9 94 95.1 97 98.5 100.2 102.4 105.2 107.3 109 111.9 114.6 117.5 124.8 131.6 136.8 133.9 130.6 128.3 126.2 124 121.6 118.9 116.1 114.2 112.1 109.8 108.2 106.5 104.7 102.8 100.8 99.3 98 97.3 96.8 96.2 95.6 96 96.2 94.5 92.6 90.3 88.1 87.4 86.1 86.5
73.6 82.6 80.3 78.3 72.3 70.4 71.8 71.6 73.3 79.8 78.8 76.1 75.6 75.9 76.2 76.5 76.8 77.2 77.7 79.4 80.4 81.4 82.3 83.2 84.2 85.1 86.8 88.4 87.8 86.8 87.2 88 88.6 89.6 91 92.4 93.6 94.8 96.1 97.3 99.2 101.7 103.9 105.4 107.4 109.5 111 112.7 115.9 120.4 129.9 133.6 132.3 130 127.8 125.6 123.1 120.9 118.2 116.1 112.8 110.1 108.4 106.7 104.9 103 101 99.3 98.1 97.5 96.9 96.3 95.6 95.9 95.7 94.3 92.5 91 89.2 87.8 87 88.1
70.6 76.9 73.2 70.8 68.3 69.8 72 73.3 74.9 80.8 77.6 76.6 75.9 75.9 75.9 76.2 76.7 77.1 77.5 79.1 80.3 81.1 81.9 82.7 83.4 84.2 85.1 86.3 85.7 85.4 86 86.8 87.8 89.3 90.8 92.8 94.3 95.7 96.8 97.3 98.2 99.9 101.8 103.5 106 108.4 110 110.4 110.1 113 119.1 126.9 134.4 131.8 130 127.6 124.5 122.1 119.9 117.5 114.7 111.4 108.7 106.9 105 103.1 101.2 99.4 98 96.8 96 95.6 95.2 95.3 95.2 94.1 92.7 92.5 91 88.1 87.9 89.6
61.1 67.3 64.1 66.2 69.6 72 74.7 76.3 78 78.9 79.3 79.7 78.1 76.2 75.6 75.8 76.1 76.7 77.2 78.3 79.3 79.7 80.5 81.3 82 82.9 83.7 84.5 84.6 84.1 85.3 86.6 87.9 89.5 91.6 93.5 95 96.5 96.9 97.4 97.6 98.5 99.7 102.1 104.7 108.4 109.6 107.6 107 108.6 112.5 120.4 130.8 134.7 132.3 129.7 126.6 123.4 121.4 119.3 116.6 113.2 110.1 107.9 105.6 103.4 101.7 100.1 98.4 96.7 95 94 93.5 93.6 94.1 94.4 93.9 93.3 90.9 89.1 88.1 90.6
55.9 58.7 64.4 68.8 71.3 73.2 76.5 78.8 79.8 76.8 73.7 78 79.6 77.9 75.5 75.6 75.7 75.9 76.9 77.3 78.3 78.3 79.1 79.9 80.6 81.5 82.4 83 83.3 84.4 85.4 86.4 87.3 89.1 91.1 93.1 94.7 96 97.1 97.6 97 97.6 98.9 100.4 104.4 109 108.8 106.9 104.4 105.8 109 113.7 121.5 131.9 133.6 131.8 129.2 125.5 123 119.5 116.9 114.3 111.6 109.4 107.2 104.8 102.5 101 99.2 97.4 95.8 94.1 92.5 92.1 91.8 91.3 90.8 89.7 88.7 89 89.9 91.1
54.5 58.4 66.6 69.1 71.7 74.5 77.5 80.4 81.7 78.7 74.9 74 77.4 80.1 76.4 75.4 73.6 75.3 76.1 76.5 77.3 77.3 77.7 78.5 79.3 80.2 81.1 81.5 82.5 83.8 84.6 85.5 86.8 88.7 90.7 92.6 94.2 95.5 96.6 97 96.3 96.7 98 98.8 100.6 104.6 106.2 104.9 102.2 103.7 106.9 110.2 115.8 125.7 135 133.3 130.1 127.5 125 122.3 118.4 115.1 112.8 111 108.7 106.3 103.7 101.9 100.1 98.3 96.5 94.9 93.7 92.6 92.1 91.4 90.7 91.5 91.9 91.3 91.4 92.3
54.8 57.5 64.9 69 70.8 73.6 78.1 81.1 81.5 78.9 75.7 74.5 75.1 78.1 78.4 74.6 72.8 73.8 75.2 75.8 76.3 76.3 76.3 77.1 78 78.9 79.8 80.6 82.1 83.4 83.8 84.6 86.4 88.4 90.3 92.1 93 93.9 95.1 95.8 95.3 95.2 95.8 96.8 98.1 101 103.6 102 100.9 102.3 105.4 108.8 111.7 117.1 126.7 133.5 131.9 129.4 126.8 124.2 120.9 117 113.8 112.4 110.4 107.7 105.1 102.7 101 99.2 97.4 96.3 95.4 94.4 93.5 92.2 92.1 92.9 93.7 93.3 92.1 93.3
55.1 54.8 59.5 64.8 67.3 70.5 77.7 80.7 80.4 78.2 76.1 74.7 75.4 76.2 80.2 77 72.6 72.1 73.7 75.3 75.6 75.5 75.3 75.8 76.8 77.8 79 80.4 82 82.7 83.1 84.1 85.9 87.6 89.4 90.3 91.2 92.4 93.9 94.8 94.2 93.7 94.4 95.3 96.4 98.8 99.2 99.6 99.2 101.6 104.2 107.1 109.9 113.2 117.6 128.1 132.4 131.3 128.6 125.9 123.3 119.2 115 113.5 111.1 109.2 106.6 104 101.9 100.1 98.4 96.9 95.9 95 94 93.4 93.4 94.2 95 94.1 93 93.5
62.2 56.4 55.3 55.3 56.8 64.5 74 79.1 78.9 77.9 76 74.8 75.1 75.7 77.5 78.5 75 73.3 71.9 74.4 74.9 74.3 74.2 75.8 76.8 77.8 79 80.4 81.5 81.8 82.1 83.2 85 86.6 87.6 88.6 89.6 91.1 92.6 93.7 93.1 92.5 93.1 93.8 94.4 95.6 96.2 96.7 98.2 101 103.4 105.6 108 111.1 114.3 122.1 132.7 133 129.7 127.4 125.4 121.7 117.6 114.3 112.4 110.5 108.2 105.5 102.9 101.1 99.4 97.7 96.5 95.5 94.3 93.6 94.7 95.6 96.3 95.3 95.2 95
70.6 68.9 68 64.2 56 61.2 71.3 77.9 78.2 77 76.1 75 75.1 75.6 77.4 78.4 76.2 75.7 74.7 72.2 71.4 72.3 75.5 76.2 76.8 77.8 79.1 80.2 81 80.8 81.1 82.4 84.1 85.1 86.1 87 88.4 89.8 91.3 92.6 92 91.3 92.1 92.9 93.3 93.7 94.5 95.7 98 101.1 102.6 103.6 106.5 109.9 112.9 116.3 123.8 133.5 131.3 129.4 127.3 123.7 120.1 116.5 113.6 111.8 109.8 107 104.3 102.1 100.4 98.7 97 96.1 94.5 94 95.6 96.6 97.3 96.9 96.6 96.2
72.1 71.8 70.9 68.7 58.7 59.6 70.6 76.6 77.7 77.6 76.5 75.2 75.5 76 78.2 79.2 78.2 77.7 77.1 75.4 71.5 72.8 75.8 76.7 77.1 77.3 78.5 79.6 80.5 80.5 80 81.6 83 84 84.9 86.3 87.9 89.1 90.3 91.4 90.7 90 91.2 91.9 92.3 93.1 94 95.2 97.9 101.4 102.4 104 106.7 109.6 111.3 113.5 116.5 122.8 131.6 130.7 127.9 124.7 121.8 119.1 115.2 112.9 110.3 107.8 105.5 103.3 101.5 99.8 98 96.7 95.7 94.8 95.9 97.2 98 97.5 97 96.7
73.5 72 71 68.3 58.5 61.3 70.7 75.1 77.4 78.5 77.3 76.2 75.7 77.1 78.8 80.3 79.4 79 77.7 76.6 72.8 72.1 75.4 76.1 76.2 76.3 76.9 77.2 78.4 79.5 79.3 80.7 81.8 82.9 84 85.6 87.2 88.6 89.5 89.2 88.8 88.6 90.3 90.9 91.7 92.6 93.5 94.7 97.8 101.1 103.1 104.8 107 108.4 109.8 111.5 112.8 115.4 119.8 125.9 129.2 126.3 123.6 120.8 118.1 115.6 112.6 109.6 106.9 104.7 102.5 100.8 99.1 97.8 96.9 96.2 96.1 97.7 98.9 98.4 97.9 96.9
72.6 71.8 70.4 67 57 63.4 70.5 73.7 76 78.2 77.4 76.2 75.7 77 79.2 81.1 80.8 79.8 78.3 77.1 74.9 69.5 73 74.7 74.9 73.3 74.3 74.7 75.7 76.4 77.7 79.3 80.5 81.8 83.4 84.9 86.5 87.8 87.5 87.1 87.2 88.7 89.7 90.4 91.3 92.2 93 94.5 97.6 100.9 103.2 105.2 107 108.7 110.1 110.6 109.9 110.5 114.7 117.1 127.3 128.2 125.6 122.9 120.7 117.8 114.6 111.5 108.4 106.1 103.9 101.9 100.1 98.8 97.9 97.1 96.3 97.4 98.6 99.6 98.4 97.4
71.6 70.4 68.8 57.2 57.8 67.7 71.8 73.7 75.3 77.3 77.4 76 75.8 76.7 79.2 81.3 81.7 80.6 79.2 77.4 76.8 74.3 69.8 69.9 69.8 72.2 74.6 74.5 75.8 77 78.2 80 79.4 80.3 82.6 84.2 85.8 86.6 86.3 86.2 87.7 89.1 89.9 90.1 90.8 91.7 92.6 93.7 95.7 99.6 102.2 104.5 106.1 107.6 109.3 108.4 106.7 107.2 110.1 113.9 119.8 130.3 127.8 124.9 121.9 118.9 116.4 113.4 110 107.6 105.2 103 101.3 99.8 98.9 98 97.2 97.3 98.5 99.4 99 97.9
71.5 70.1 65.4 57 64.3 70.3 72.7 74.3 75.8 77.3 77.3 75.8 75.9 76.4 79.2 80 80.7 80.5 79.4 78 77 77.2 70.4 70.1 74.6 75.6 76.6 76.9 78.1 78.9 79.2 81 80.3 81 81.9 83.4 84.5 85 84.9 86.5 88.1 89.6 90.1 90.2 90.5 91.1 92 93.2 94.6 98.1 100.5 102.8 104.7 106 106.5 105.5 104.6 106.3 108 111.3 115.6 127.6 127.3 125.9 122.9 120 117.4 114.7 111.5 108.9 106.5 104.8 102.6 100.6 99.8 98.9 98 97.7 98.4 99.1 99.3 98.6
70.8 65.5 60.1 57.9 66 71.4 73.7 75.5 77 78.3 78 76 75.3 75.8 77.7 79.6 80.6 79.7 78.7 77.1 75.9 72.9 67.8 72.2 76 77.3 78.5 79.4 80.3 80.8 81.1 81.8 82.2 82.6 81.9 82 82.3 83.3 84.9 86.6 88.3 89.1 89.7 90.3 90.6 90.9 91.5 92.5 93.4 96.5 98.7 101.2 103.1 103.1 102.1 101.1 101.9 104.4 107.8 109.9 113.8 122.8 125.8 126.8 124.2 121.5 118.6 115.7 112.9 110.3 108.2 105.9 103.7 101.8 100.5 99.8 98.9 98.6 98.3 98.9 99.2 99.2
71.2 67.5 58.7 56.5 66.1 71.4 73.7 75.5 77.4 79 78.6 76.8 75.6 74.8 76.3 79.5 79.1 77.9 77 74 70.6 67.4 70.8 75.5 77.3 78.7 81.4 82.9 83.2 83.3 83.6 83.2 83.8 84.8 83.9 82.8 82.5 83.1 83.9 85.3 86.5 87.3 87.8 88.7 89.5 89.8 90.3 91.6 92.7 94.9 96.8 98.9 100.1 100 99 98.6 101 105 107.7 109.5 110.9 114.3 121.7 126.1 125.3 122.6 119.4 117.3 114.6 111.7 109.3 107 104.8 103 101.2 100.4 99.7 99.2 98.7 98.7 99.1 99.3
71.2 65.4 65.6 57.6 64.6 71.2 73 74.9 76.8 78.8 79.2 77.6 76.3 74.5 74.9 79.2 77.7 76.3 75.2 69.2 67.8 72.9 74.5 75.6 77.3 81.3 87.3 87.3 87.9 85.5 84.1 83.8 83.4 84.2 84.4 84.1 83.6 83.7 84.2 84.8 86.2 85.8 86.1 87.9 88.2 88.8 89.4 89.9 91.3 93.1 94.6 95.9 97.1 98.1 97.6 97.7 101.7 105.4 107 108.4 109.1 109.8 112 117 121.3 121.8 120.9 119.2 116.4 113.2 110.3 108.1 106 104.2 102.4 101.1 100.1 99 98.4 97.9 98.5 98.3
70.7 67.3 69.3 62.5 59.3 61.8 72.1 74.2 76.2 78.1 78.8 77.9 75.9 73.8 72.7 77.3 77.8 75.8 72.8 66.3 72.5 76 77.5 76.4 77.3 80.4 85.2 87.7 88.3 86.5 84.5 83.9 83.3 83.5 83.9 84.3 85.3 85.6 86.1 86.7 86.7 86.6 86.8 86.7 87.3 87.9 88.5 89 89.5 91.3 92.8 93.9 95.1 95.5 95.6 97.3 100.4 104.6 105.6 106.2 107 107.9 106.7 107.6 112.5 117.5 120.4 119.8 117.9 114.7 111.6 109.1 107.2 105.3 103.5 101.7 100.5 98.9 98.4 97.8 97.4 96.7
69.9 70 71.7 68.7 61.4 58.7 59.2 72.7 75.2 76.7 77.8 77.9 76.2 74.1 71.8 70.4 65.6 67.2 68 67.3 73.1 78 80.2 78.2 76.9 78 81.6 85.9 86.2 86 84.4 83.6 82.5 82.5 83.4 85.5 87.2 87.6 87.8 87.4 87.9 88.4 88.6 87.7 87 87.1 87.6 88.1 88.8 89.5 90.6 91.8 93.2 93.5 95.1 96.6 97.9 101.9 103.3 104 105.2 105.3 103.8 104.2 106.1 107.5 112.5 117.4 118.8 116.2 113.1 110.2 108.3 106.5 104.5 102.9 101 99.3 98.3 98 97.1 94.4
69.6 72.5 73.3 70.9 65.4 60.8 58.9 63.4 69.9 73.8 75.5 76.7 75.7 74.3 70.8 63.1 65.1 63.7 63.3 68 74.1 78.5 79.8 77.5 77.1 77.1 78.1 81.6 81.8 82 82.5 82.4 81.6 81.3 83.3 85.6 87.6 87.9 87.7 87.8 88.4 88.7 88.9 88.3 87.4 87.2 87.7 88.5 88.9 89.4 89.4 89.9 91.2 93.1 94.1 94.9 95.7 96.7 99.4 102.4 103.6 103.4 102.8 102.7 102.8 103.2 105.4 113.3 114.4 116.3 114.4 111.5 109.4 107.4 105.6 104.3 102.2 100.2 98.3 97.6 96.8 92.7
72.9 74 73.6 71.9 68.2 63.1 59.4 58.9 61.5 64.4 67.5 71.3 68.9 66.4 62.2 63.8 69.4 68.8 64.6 66.2 76.9 75.3 78.8 77.3 77.3 77.1 76.2 77.4 78.7 80.2 80.4 80.6 80.2 80.4 82.6 84.9 86.6 86.6 86.6 86.7 87 87.3 87.6 87.4 86.5 87.8 88.9 89.8 90.3 90.5 90.5 90.2 90.3 91.2 92 92.9 93.8 95 96.7 99.4 103 103.5 103.2 102.7 101.8 101 102.6 104.5 108.7 112.8 114.4 112.9 110.9 108.4 106.6 104.9 102.9 100.8 98.9 97.9 96.9 96.8
74.5 74.4 73.4 72.1 66.9 61.1 59.1 60.3 62.4 62.6 60.4 61.6 62.4 64.4 66.1 67.9 70.8 71.6 70.6 66.1 68 72.1 73.9 77.4 76.8 76 75 75.6 77 78.2 79.1 79 78.9 79 81 83.2 85 84.9 85.3 85.3 85.7 86 86.3 86.5 85.6 87.6 89.1 90.3 91.4 91.3 91.1 90.9 90.7 90.7 91.1 92 92.9 94.6 96.1 98.7 102.8 103.5 103.3 102.8 101.5 100.1 99.8 100.9 102.4 106.9 111 111.6 111.8 109.3 107.5 105.6 103.5 101.4 99.4 98.9 97.5 96.4
74.7 74.4 73.8 72.2 67.6 61.1 60.8 66.6 66.6 66.2 65.8 66.3 67.9 69.8 70.9 71.7 72.7 73.1 72.8 68.3 65.6 68.9 73 73.7 75.7 74.7 73.7 73.8 75.4 76.4 78 78.2 78.4 78.5 79.4 81.6 83.3 83.6 84.4 84.7 84.5 84.6 84.9 85.3 84.7 86.6 88.3 89.5 90.3 90.9 91.4 91.1 91.3 91.5 91.4 91.4 91.8 94.3 95.1 96.5 100.8 102.4 102.1 101.9 100.8 99.2 98.6 99.1 100.7 103.2 106.8 110.9 111.6 110.1 108.2 106.2 104.1 101 100.2 99.4 98.1 96.7
75.1 75 73.9 72.1 67.9 62.9 59.2 69 69.6 69.6 70.2 70.6 71.1 72.8 73.4 74.1 74.5 74.6 74.5 72.7 68.8 66 68.5 69.9 72.7 72 72.7 73.5 72.5 74.9 77 77.4 77.6 77.8 79.5 80 82 82.7 83.6 84.2 84 83.8 83.6 83.9 83.7 85.6 87.3 88.6 89.3 90.3 91 91 91.1 91.6 92.4 92.7 92.4 95.1 95.1 96.4 98.3 99.2 100.5 101.5 100.4 99.4 98.1 98 99.1 101.1 104.2 108.3 111.6 110.5 108.7 106.7 104.7 101.4 101.3 100 98.7 97.2
