webserver/python/data/SO99.asc
ncols 200
nrows 200
xllcorner 390000
yllcorner 290000
cellsize 50
[rows 70 to 104 of 200, columns 78 to 155 of 200]
144.7 143.1 143.4 143.1 142.7 143 143.3 143.4 144 145.2 145 144.9 144.6 145 146 145.9 146 146.3 145.4 144.3 143.7 137.1 141.4 140.5 140.3 140.8 139.3 137.4 136.2 135.5 134.4 133.3 132.4 133.6 134.3 134.7 132.1 135 127.8 127 127.7 127.7 127.4 127.3 127.4 127.3 133.6 133 129.5 131.3 126.7 126.4 127.1 127.1 128.1 128.4 128.9 129.3 130.1 130.7 131.3 131.9 131.8 131.5 132.4 132.8 133.2 133.9 134.3 135.6 136.1 136.2 136.7 137.1 137.3 137.4 138.2 138
145.2 144.7 144.9 141.3 143 143.8 145.1 144.9 145.8 145.8 145.6 145.4 145 144.9 145.7 146 146.1 146.2 144.9 143.9 143 142.9 140.1 141.2 140.5 139.4 137 135.7 134.5 133.4 132.4 132.5 132.6 132.6 131.2 132.5 131.5 128.8 127.4 127 127.1 127.4 127.4 127.1 127 126.8 131.5 133.9 126.9 124.5 126.2 125.9 127.6 127.3 128.4 129.4 130.1 130.3 130.6 131 131.6 132.7 133.5 133.7 133.6 133.5 133.5 134.1 134.3 134.8 135.2 135.9 136.2 136.4 136.8 136.7 136.8 138.8
145.9 145.9 145.8 145.3 142.1 144.9 144.6 144.9 146 146.8 146.1 145.7 145.3 145.4 146.2 146.1 145.7 146 145 143.7 143.5 143.8 142.8 141.7 140.5 136.7 136.1 134.5 133 132.4 131 130.7 129.9 132.4 132.1 130.9 127.8 128 127.6 127.2 127.1 127.3 127.4 127.1 126.8 126.8 127.2 123.6 123.7 124.7 126.4 124.8 127.4 127.2 128.4 128.7 130.6 131 131.4 131.8 133.5 134.5 134.8 135.1 134.9 134.3 134.2 134.4 134.5 134.9 135.5 135.8 135 135.2 136 136.7 136.4 137.9
146.1 145.6 146 145.6 146.3 144.6 144.2 144.9 146 146.9 146.6 145.9 145.7 145.4 145.8 146.3 145.7 144.9 144.2 143.5 143.3 143.4 142.5 142 140.8 138.2 136.1 133.8 133 132 131.4 130.8 130.3 130.2 131 130.1 128.9 128.3 127.8 127.3 126.9 127.1 127.2 126.9 126.9 127.2 127.3 123.7 124.8 126.2 126.3 126.1 126.1 126.1 126.1 127.7 129.9 132 132.5 132.8 134.1 135.7 135.9 135.9 135.7 134.9 134.7 134.9 135.1 135.2 134.9 134.1 131.8 132.8 133.1 133.3 136.5 138.2
145.7 144.9 144.7 144.4 145.2 144.1 143.6 145.1 146.1 146.3 146.1 145.9 145.6 145.8 146 146.2 145.3 145.1 144.2 143.4 143.1 142.4 140.2 139.1 136.4 136 133.3 131.7 132.1 131.6 131.6 131.3 131.2 131.6 131.6 130.2 129.2 128.4 127.9 127.5 127.4 127.2 127 127 126.9 126.3 123.6 125 125.9 126.3 126.2 126.6 124.9 125.2 126.5 128.1 131.6 133.1 133.6 134.1 134.2 135.4 136.6 136.6 136.3 135.2 134.9 135.5 135 135.2 133.4 130.9 131.5 131.6 132.2 132.7 137.6 138.4
146.1 145.5 144.3 144.3 144.7 145.8 146.9 146.2 144.9 145.2 145.3 145.6 145.2 145.3 145.9 145.5 145.1 144.6 143.6 143.1 140.1 138.8 138.3 137.9 136 136.7 136.1 131.2 131.5 131.3 132.1 132 132.1 133.2 132.2 130.8 129.1 128.4 128.1 128 127.9 127.6 127.4 127.2 127.3 127.2 125.1 126.6 126.4 126.3 126.3 126.4 126.4 125 123.6 131.7 133.3 134.8 135.1 135 135.1 135.6 136.7 136.9 136.5 135.8 135.8 135.4 133.3 134.2 133.5 131.3 131.2 131.2 131.4 131.7 137.8 138.6
146.6 145.8 145.7 144.3 144.9 145.2 145.2 144.6 144.1 144.9 145.4 145.6 145.9 146 145.4 145.1 142.4 143.3 142.8 141.3 138.8 138.3 137.9 137.6 136.7 136 132.7 132.8 132.4 133 133.4 133.1 132.7 133 132.5 131.7 129.1 128.9 128.6 128.3 128.3 128.2 128 127.4 127.1 127 126.7 126.8 126.5 126.4 126.6 126.8 126.8 125.4 130.6 132.3 134.4 135.4 135.5 135.4 135.4 135.5 135.8 137.3 138.3 137.6 136.3 135.5 132.8 133.3 133.4 131.1 130.8 130.7 130.8 131.1 139 139.3
146.5 146.1 145.8 144 144.5 144.8 144.8 144.4 144.5 144.7 144.7 145.1 145.3 142.1 141.3 145.4 142.3 142 141.2 139.9 138.9 137.4 137.2 137.2 135.3 136.4 136.7 136.6 132.6 133.6 134.4 134.2 133.8 133.5 133.5 132.9 129 129.4 129.1 128.7 128.4 128.5 128 127.5 127.1 127.1 127.1 126.7 126.5 126.5 126.8 127.2 127.2 127.3 124.8 131.3 133.7 135.7 135.5 135.3 135.2 135.2 135.9 136.6 137 136.9 135.4 132.4 131.7 131.3 131.8 130.9 130.2 130.2 130.2 130.8 131.6 139.5
146.5 146.1 146.2 146 144.2 144.3 144.4 144.4 144.4 144.4 144.2 143.7 142.8 142.5 141.5 141.1 140 141.3 139.6 139 138 135.5 136.3 134.5 135.8 136.9 137.3 137 136.3 132.9 134.2 135.2 135.7 135.3 134.6 134.1 132.8 131.4 130.4 129 128.7 128.6 128.2 127.7 127.3 127.2 127.1 126.7 126.4 126.6 127 127.3 127.6 127.7 127.1 125.8 132.3 134.9 135.4 135.3 134.9 134.7 135.8 136.7 136.6 135.7 134.4 131.5 130.3 130.6 130.4 130.4 129.9 130 129.5 130 130.1 131.2
146.4 146.4 146.2 146.3 144.3 144.3 144.6 144.1 144.1 144.4 144.9 144.8 143.1 144.5 140.4 140.8 136 137.5 140.4 138.4 134.5 134 133.6 134.5 137.1 137.4 137.8 136.9 137.1 136.3 133.5 134.9 136.4 136.4 135.7 134.8 134.5 133.1 131.6 130.1 128.5 128.8 128.4 128 127.6 127.2 127.1 127.1 127.1 126.9 126.8 127.8 127.7 127.8 127.7 125.3 131.1 133.8 133.8 134.9 134.1 134.6 135 135.5 135.2 134.9 131.9 131.2 130.2 130.5 130.2 129.5 129.5 129.8 129.6 128.7 129 128.5
145.4 145.4 145.2 145 144.8 144.6 144.1 144 144 144.2 145.4 142.8 141.6 144.9 140 140.5 135.8 135.7 136.7 137 133.9 133.5 134.1 134.7 137.9 140.7 144.2 139.1 138.5 138.7 135.4 135.6 137.2 137.6 136.8 135.2 134.1 133.4 132.5 131.1 129.2 129 128.6 128.2 127.7 127.3 127.3 127.1 126.7 126.6 126.8 127.8 127.7 128.2 128.6 127.7 124.9 130 132.6 134.2 133.5 134.2 134.4 133.4 132.8 132.5 133.1 130.8 129.6 129.8 129.7 129 129.4 129.6 130.3 129 128.7 128.4
144.5 144.7 144.5 144.5 144.3 143.2 143 143 143.4 143.9 144.4 142.2 140.3 145.5 137.8 140.5 135.7 135.9 136.7 139 133.6 134.8 134.7 134.8 138.3 142.9 143.6 143.5 141.3 141.3 139.5 135.5 137.7 137.2 136.9 137.7 134.2 133.9 133.6 131.6 129.9 129.4 128.8 128.2 127.6 127.1 127.5 127.1 127.8 128.4 128.2 128.4 128.9 130 131.6 131.8 127.8 128.2 133 132.4 132.7 132.6 132.2 132.6 132.5 132.4 131.2 129.3 129.4 129.6 128.1 128.2 128.1 128.8 129.6 129.1 128.9 128.7
144.3 144.3 143.9 143.8 143.1 142.3 142.6 142.8 142.9 143.9 143.4 138.9 140.3 145.3 136.7 135.3 135.4 135.3 139.4 140.1 137.3 134.9 134.8 137.5 144 144.2 143.9 143.9 144 143.7 143.5 141.9 138.6 137 137.4 137.5 136.4 133.9 132.6 130.3 129.8 129.3 129 128.5 127.1 127 127.3 127.5 129.9 130.6 131.2 132.3 132.4 132.1 132.6 132.2 131.6 131.3 132 132.4 132.5 132.3 132 132.4 132.2 132.1 131.2 129.2 128.3 128.1 127.1 127.2 127.7 127.8 129.5 129.1 128.8 128.8
144.4 144 143.4 143.2 142.4 142.1 142.8 142.8 143 144.6 142.2 135.6 137.4 145.7 139.8 135 135.2 135.3 139.7 140.7 140.9 137.5 134.8 140.6 144.6 144.7 144.5 144.4 144.5 144.3 144 143.9 143 141.4 135.4 137.7 136.6 133.9 133.9 131.2 130.8 129.9 129.5 129.4 129.1 129.8 128.4 128.9 130.1 131.3 131.9 132.2 132.4 133 132.5 132.5 131.9 131.7 124.8 129.8 132.3 132 131.8 131.7 131.6 131.7 131.2 129 127.8 127.3 126.7 126.6 126.9 127.1 129.6 129.4 128.9 128.5
144.1 143.8 143 142.6 141.5 142.2 142.9 143.5 144.4 143.6 135.6 135.2 135.9 139.9 145.2 135.1 135.3 138.3 140 141.3 141.7 142.2 135 143.7 144.9 145.1 143.5 145.6 145.5 145.9 145.4 145.8 144.1 142.5 142 136 134.4 133.9 134.1 132 131.7 130.5 130.3 130.1 130.1 129.5 129.3 127.4 127 131.2 131.1 132 131.1 132.1 132.4 132.3 131.3 129.2 126.7 126.9 126.5 127.6 127.9 131 130.6 130.8 129 128.3 127.4 126.8 126 126 126.1 126.8 130.4 129.7 129 128.1
144 143.5 142.7 144.3 144.2 142.5 144.2 144.4 143.3 135.9 135.4 135.5 138.8 137.8 140.9 137 138.4 139.3 140.4 142 142.9 143.7 145.8 145.1 143.7 144.8 146.6 147.4 146.1 146.3 145.7 145.2 145.8 144.3 142.6 141.8 133.9 133.9 132.8 132.2 131.7 131.2 131 130.9 130.7 129.5 129.6 128.3 126.9 125.4 127.2 129.1 129.7 130.4 131.4 131.1 131.2 129.8 127.1 125.7 126.7 126.8 126.8 126.9 129.4 129.3 128.8 128.2 127.1 126.8 126.1 125.3 125.8 126.5 130.4 129.7 128.9 127.9
145.9 145.7 144.7 145.1 144.9 145.2 143.4 142.8 137.4 135.6 135.2 135.9 139 139.2 140.5 139.3 142.8 140.4 141.4 142.2 143.1 144 144.7 144 146.4 147.8 149.1 148.6 148 147.8 147.1 146.6 146.2 145.3 143.3 145.2 141.6 134.3 132.4 132.5 132.6 132.1 131.6 131.5 130.4 129.4 128.8 130.3 128.1 126.3 126.5 127.1 127.8 128.9 129.7 130.3 130.6 130.1 129.9 124.9 126.8 127.2 127.4 127.7 128.4 128.5 128.6 128.3 127.1 126.3 125.8 125.1 125.6 126.3 129.2 128.5 127.6 127.7
145.9 146.1 145.1 145.1 145 146 142.8 139.4 136.6 136.2 135.5 136 137 139.7 140.3 145.4 146 143.7 142 142.6 143.1 143.7 144.4 148.7 148.2 148.5 149.2 150.2 150 149.8 149.3 148.4 146.5 147.2 145.4 145.5 143.5 141.2 136.5 133.5 133.2 133 132.3 131.7 130.5 130.2 130 129.8 131.1 126.9 125.9 127 127 127.6 128.8 129.7 129.9 130.1 129.5 124.7 126.3 126.9 127.4 128.2 127.6 127.8 128 127.7 127.6 127.6 125.8 125.3 125.5 126.1 126.7 128.2 125.7 127.6
145.9 146.1 145.1 145.1 145.1 143.5 141.2 139.1 138.5 136.9 135.7 135.7 137.5 138.7 144.1 144.9 145 143.6 142.6 143 143.2 143.7 144.3 148.2 148.4 148.4 149.3 150.9 151.3 151.2 150.2 149.2 148.5 147 146.6 144.6 144.3 142.2 140.3 138.8 134.1 133.7 132.7 132.3 130.3 130.5 130.5 130.7 131.2 129.2 126.8 126.2 126.6 127.2 128.2 129.4 129.4 129.3 129.2 126.9 126.8 127.3 128.2 128.1 127.3 127.6 127.8 127.5 127.4 127.6 127.8 126.8 125.9 126.3 126 126.5 127.7 127.6
146 144.9 145 145.1 145.2 143.2 139.1 138.6 138.2 137.7 137.1 136.3 138.2 139.5 144.6 145.2 145.3 147.9 143.3 143.4 143.7 143.9 144.7 148.7 148.9 149.2 149 150.9 153.1 152.2 151.1 149.8 149.1 147.1 146.5 144.7 145.5 143.9 142.9 141.3 140.4 134.6 133.7 133.5 130.6 130.7 130.8 130.9 131.3 131.9 129.7 126.9 126.4 127.2 127.7 128.9 128.7 128.7 128.8 129 128.2 130 129.6 129.9 128.2 126.9 127.4 127.2 126.9 127.3 127.7 127.9 128.5 125 124.9 126.7 128.4 127.7
146 144.8 145 145.1 145.2 141.9 139.1 138.4 137.3 137.5 137.4 136.9 138.4 140.5 144.4 144.1 143.6 144 144.1 143.8 144.3 144.2 147.4 148.6 149 149.5 151.1 152.7 154.4 153.2 151.9 150.4 149.3 147.3 146.2 144.6 145.2 145 143.8 143.1 142.4 140.9 134.2 135.4 130.9 131 131 131 131.3 131.8 132.1 129.3 127.7 127.3 127.3 128 127.8 128.2 128.4 128.5 126.6 127.8 129.5 128.8 129.1 128.6 128.2 126.5 126.7 127.1 127.5 127.8 128.5 129.8 128.8 126.3 130.6 128.4
146.1 145.2 145.1 145.3 147 147.9 139.4 138.7 137.4 137 137.1 137.5 138.5 139.2 144.2 146.2 146.1 146.3 146.8 149.6 150.7 147.6 147.5 148.1 149.3 151.1 152.7 154 155.3 154 152.5 151.7 149.6 147.9 146.5 144.9 145.1 145 144.3 143.6 142.9 141.9 140.6 135.6 131.2 131.2 131.2 131 131.1 131.4 131.7 130 129.6 128.6 127.4 127.2 127.8 128 128.6 126.6 126.6 126.7 125 128.8 129 132.3 127.8 127.5 126.8 126.9 127.3 127.8 128.6 129.8 131.2 132.6 130.2 134.3
150.6 145.9 145.2 145.3 146.9 147.6 139.1 138.4 137.8 136.3 137.3 138.1 138.5 138.9 145.7 146.4 147.5 148.9 149.2 150.1 150.7 149 148.2 148.9 150.9 152.6 153.6 154 154.6 154.2 152.8 152.2 148.7 147.5 146.4 145.3 145.1 144.4 144.1 143.5 143.1 142.5 140.9 139.6 138.1 133.1 131 130.8 130.7 134 133.3 131.6 129.7 129.1 128 127.9 128.2 128.6 128 126.4 125.3 125.7 124.7 124.6 131.8 127.9 127.5 127.4 127.3 127.3 127.3 127.4 127.9 128.5 130.7 128 133.7 135.3
149.9 155 152.3 150 148.7 147.2 138.8 138.3 138 136.9 137.1 138.8 139.6 140.9 145.7 146.9 148.3 149.8 151.3 154.4 149.2 149 148.8 150.7 152.5 153.2 153.6 153.9 154.1 153.4 152 150 147.6 144.9 145.4 145.2 144.8 144.6 144.3 143.4 142.6 141.7 140.4 139.4 137.5 137.5 135.1 135.3 135.1 134.1 133.1 131.1 129.3 128.8 128.2 128.6 128.8 127.8 127.8 126.2 124.7 123.3 122.2 122.8 124.7 127.5 127.4 127.2 127.2 127.3 127.1 127.2 127.3 127.5 128.2 127.6 127.6 132.9
148.4 155.6 157.1 151.5 147.8 145.5 138.6 138.9 139 138.3 137.7 140.2 141 144 145.2 147.3 149.3 150.6 152 152.6 149.5 149.5 149.5 152.3 153.4 153.8 154.2 153.9 153.7 153 150.9 147.1 146.4 143.8 144.8 145.4 145.1 144.8 144.7 143.5 142.5 141.1 139.8 138.8 137.6 137.9 139.3 134.9 131.8 133.5 133.6 131.8 129.2 128.3 128 127.8 128.1 127 126.2 126.8 124.7 122.3 122.2 122.2 123.3 124.5 127.3 127.1 127.3 127.1 126.9 127 127.1 127 127.9 127.8 127.9 128
147.5 148.8 154.9 150.6 147.9 142.1 138.5 138.7 138.9 137.5 138.2 140.4 142.3 142.5 147.1 148.5 151.3 152.3 152.4 152.3 149.6 153.5 154 153.6 153.5 154 153.8 153.6 153.5 152.8 152.6 148.5 147.4 146.1 144.9 145.3 145.1 144.5 144 143.3 142.1 140.6 138.9 137.6 137.1 136.6 136.7 135.2 133.7 131.6 133.8 132 130.1 128.7 127.8 127.6 126.8 127 126 127.3 125.7 123.1 122.2 122.2 122.3 123.8 124.7 127.3 127.1 126.9 126.8 126.9 126.6 126.2 127 127.4 129.2 129.1
144.8 148.4 154.6 148.6 148.1 139.7 138.7 138.3 135.2 135.2 136.4 142.9 143.6 144.1 145.5 148.7 150.9 152.7 152.5 151.9 152.5 153.7 155 153.9 152.5 151.8 152.4 153.1 153.1 154.9 153.9 153.9 147.7 146.4 144.3 144.9 145.2 144.5 143.5 142.7 140.4 138.5 137.4 136.8 136 134.9 134.8 134.4 132.9 134.3 134.2 132.6 130.7 129.4 128.5 127.7 127.6 127.6 126.6 126.9 127.1 125.5 122.6 122.2 122.2 123.1 124.9 125.1 126.9 126.7 127 126.7 125.9 126.4 126.4 126.5 126.6 127.3
146.4 148.7 149 148.9 148.8 146.6 138.4 139.5 139.9 137.9 138.9 142.5 144.4 144.7 145.6 147.7 150.6 152.4 153 151.9 152.6 153.2 154.1 153.6 153.1 152.4 152.2 152 154.6 156 157.5 151.5 147.3 148.3 144.2 144.8 143.4 143.3 141.5 140.2 138.7 137.4 135.9 135.1 134.5 133.7 133.3 132.9 133.5 131.1 135.5 132.6 130.8 129.6 127.8 127.4 127.5 128.3 127.8 126.2 127.9 128.2 125.1 122.6 122.2 122.3 124.6 125.4 125.1 128.2 125.5 126.4 126.3 126.1 126 126.4 126.6 126.9
146.3 144.5 149 149 148.7 140.1 138.3 137.6 141.4 142.8 141.6 140.4 144.1 144.1 145.7 148.1 149.8 150.3 150.9 151.7 153.1 149.6 154.3 154.4 154 154.2 153.8 154 154 151.7 150.4 149.1 147.3 145.9 144.3 144.8 142.3 141.2 140 138.6 137.1 136 134.9 134.4 133.7 133.1 132.4 131.7 132.5 129.9 129.9 130.8 132.4 129.6 127.9 127.4 127.5 128.6 128.9 127.9 128.6 128.6 123.1 122.2 122.9 124.7 126.8 129.1 128.3 124.7 125.8 125.7 126.9 125.7 125.8 126.1 126.4 126.6
146.3 144.1 149.2 149.2 148.8 139.4 138.3 138.2 143.4 144.8 143.6 140.7 144.4 144.6 146.5 147.1 150 150.1 150.6 151.6 153.7 155.2 155.5 155.3 155.6 156.6 156.4 156.3 155.4 152.7 151.5 149.2 146.7 146.1 145.2 143.9 142.3 140.6 138.8 137.2 136.2 135.5 134.8 134.1 133.3 132.6 131.8 131.2 131.8 130.6 130.3 129.7 130 133.7 129.3 128 127.5 128.3 128.5 128.2 128.6 126.5 122.2 125.1 126.5 128.2 129 128.9 129 129.4 125.1 125.9 125.8 125.2 125.3 125.8 126.2 126.3
145.8 144.4 149.4 147.6 144.2 143.9 138.6 142 146.1 145.3 144.2 145.9 144 146.4 147.4 148.2 149.4 149.8 151.2 151.7 153.7 155.2 155.6 157.1 157.3 157.9 159 159.8 158.5 155.6 152.7 150.4 147.9 146.7 145.7 144.6 142.9 139.7 137.7 136.5 135.8 135 134.3 133.6 132.9 132.1 131.7 131.9 130.4 132.3 129.9 129.6 129.9 130.2 135.3 128.8 128.2 128.3 128.3 128.4 128.7 125.3 127.2 128.8 128.7 128.8 128.9 128.7 128.8 128.7 128.6 125.7 126.8 125.4 125.3 126 126.3 126.3
144.6 144.6 145.4 145.8 144.5 146.2 145.7 146.2 146.7 146.4 146 145.8 145.6 146.7 148 149.3 149 149.2 151.4 152.2 153.2 154.4 156 157.6 158.8 160.2 161.7 161.7 159.9 158.1 154.5 152 149.2 147.4 146.3 145.1 140.7 138.9 137.3 136 135.1 134.4 134.3 134 132.2 132 131.9 130.1 130.4 132.4 129.7 129.4 129.7 129.7 129.6 131.2 132.1 128.8 127.8 125.2 128.3 129.5 129.2 128.9 128.8 128.9 128.9 128.6 128.4 128.3 127.7 126.5 126.2 125.8 125.1 125.2 125.8 126.2
145.5 144.8 145.2 144.9 147.6 146.2 144.6 146.5 147.8 147.3 146.6 146 145.9 146.5 147 147.8 147.5 147.6 150.1 151.9 153 153.8 155.3 156.5 157.4 158.6 162.2 165.5 161.4 158.8 155.5 153.8 150.7 148.6 147.2 145.8 139.9 138.5 136.9 135.3 134.7 134.1 133.4 132.8 132.4 132.5 131.2 130.3 130.3 132.1 129.5 129.3 129.3 130 131.2 129.2 129.4 132.1 127.3 129.6 129.2 129.8 129.3 129.1 128.8 128.9 128.8 128.6 128.5 128.4 128.2 128.5 125.9 125.5 125 125 125.3 126.7
146 145.7 145.8 150.6 151 148.1 148.6 149.9 148.9 148.7 146.7 146.5 146.4 146.3 146.6 146.1 145.5 146.2 147.6 149.8 151.5 153.5 153.2 153.5 153.7 155.2 160.4 160.1 162.7 158.9 155.1 154.2 152.4 150 148.2 146.4 142.8 137.8 136.3 134.8 134.5 134.2 133.7 133.3 133 132.4 131.6 131 130.7 131 130.6 130.6 130.1 129.6 129.7 129.3 128.7 128.7 127.9 129.1 132.9 130.5 129.5 129.2 128.9 128.9 128.7 128.7 128.6 128.5 128.5 128.5 127 126.1 125.3 125 125 126.5
145.5 144.6 146.6 150.9 150.3 152.8 152.3 152.5 150.3 150.5 147.4 146.8 146.8 146.7 146.6 146.1 144.9 144.8 145.1 148.7 149.9 152 152.2 150 153.8 155.3 158.3 156.9 155.2 153.8 153.9 153 151.7 150.1 148.5 146.7 144.9 138.5 136.7 135.5 134.6 134.1 133.7 133.3 133.1 133 132.8 132.3 131.8 131.2 131.2 131.2 130.9 130.7 130.6 130.2 130.7 130 129.3 129 129.4 129.2 129.2 129.4 130.3 129.8 128.9 130.6 128.8 128.8 128.8 128.8 128.6 125 127.8 124.8 125 125.3
