webserver/python/data/SP00.asc
ncols 200
nrows 200
xllcorner 400000
yllcorner 200000
cellsize 50
[rows 0 to 34 of 200, columns 0 to 78 of 200]
226.2 224.7 223.2 221.8 222.5 223.8 222.6 221.2 218.3 212.7 206.1 202.2 199 194.8 192.7 191.3 188.2 185.7 183.6 180.6 177.3 176.4 173.7 166.6 158.5 149.5 138.3 138.3 140.6 152.3 164.5 172.2 174.8 178.5 182.1 186.1 190.7 196.9 198.2 196.3 192.5 186.8 180.2 174.4 166.8 160.1 151.9 148.7 151.6 160 170.9 179.9 190.2 199.7 205.2 210.1 211.1 211.2 210.8 210.7 210.7 209.3 207.9 206.4 205 204.5 203.6 203 202.2 201.5 201.1 200.6 199.7 198.5 197.3 196.1 195.1 194.7 194.3
225.6 222.7 220.8 219.2 220.4 223 220 213.5 206.5 201.7 197.7 194.1 193.2 189.1 185.3 183.4 180.9 179.5 178 177.4 174.6 174.2 172.7 168.3 159.4 150.7 139.5 138.1 138.2 146.9 158.8 166.4 170.5 173.6 175.8 180 185 189.4 191.3 191 188.6 183.2 178.5 171.9 164.6 152.9 149.2 155.1 161.4 168.8 175.5 182.5 193.3 200.6 205.5 209.5 211.2 211 210.6 210.3 209.7 208.8 207.3 205.7 203.9 203.2 202.2 201.3 200.7 200.5 200.1 199.6 198.8 197.5 196.4 195.2 193.8 193.3 193
225 222 219 215.3 215.4 214.7 207.7 203 199.3 195 191.9 187.8 185.4 182 176.7 175.5 174.1 173.9 173.3 173.2 172.7 170 169.2 170.1 160.9 152.6 144.9 138.1 137.8 141.9 151.6 158.6 165.2 169.7 172.4 174.5 179.1 181.7 183.1 183.5 182.5 179.3 175.6 169.9 162.3 150 149.9 158.5 165.6 173.6 179.5 186.2 194.8 200.3 205.4 208.6 210.1 210.6 211 210.2 208.9 208.3 206.8 205 203.3 201.9 200.9 199.6 199.1 198.7 198.9 198.6 197.8 196.8 195.2 194.6 192.4 191.7 191.5
224.3 222.1 220.1 217.9 211.9 204.4 200.3 198 194.5 189.3 185.7 181.2 175.6 174.1 172.6 169.4 169.5 167 164.2 159.3 159 154.7 156.9 161.7 163.2 155.4 147.5 138.6 137.9 138.3 143.3 150.8 158.9 164.2 168.9 171.5 174 176.4 177.7 177.5 176.9 176.3 172.7 168.1 160.1 146.2 151.3 160.7 168.4 176.4 183.9 189.7 197.4 201.9 205.9 209.1 210.3 210.7 210.5 209.4 208.7 207.7 206.1 204.3 202.6 200.8 199.6 198.3 197.5 197 197.2 197.4 196.8 196 196 193.5 190.8 189.8 188
224.3 222.9 221.7 220.5 216.7 214.1 207.2 201.6 197.2 192.7 189.1 186 185.6 183.4 181.5 179 179 178.4 176.4 172.7 168.8 165 158 149.8 157.1 159.8 150.5 141.8 138 137.9 139.7 144.7 152.2 159.4 164.9 168.2 171 172.6 173.2 173 173.1 173.7 170.3 165.4 156.4 143.8 151.7 161 170.1 178.1 186.1 193.1 198.9 203.9 207.4 210 210.6 209.8 209.9 209.3 208.3 207.3 205.7 204 202.2 200.5 198.8 197 195.4 195 195.3 195.8 196.3 195.9 196 193.3 190.4 186.5 183
224.2 223.1 222.2 222 220.8 219.2 217.7 212.6 208.2 202.5 199.6 196.1 194.3 192.1 190.3 189.6 189.6 187.7 184.9 181.9 177.9 174 167.9 152.9 148.5 160.7 156 144.3 138 137.9 137.8 139.8 146 153.4 160.6 164.7 167.8 169.9 171.5 172 172.1 171.4 167.4 160.8 149 145.5 153.6 163.7 172.8 180.4 188.4 195.5 201.9 206.1 207.9 208.1 208.8 209.1 209.3 208.8 207.9 206.9 205.4 203.7 202 200.4 198.6 196.4 194.4 193.6 193.6 195 196 196 195.2 193.6 191.4 189.7 185
223.7 223.5 223.3 223.2 223 221.7 220.7 219.1 216.8 214 210.6 207.4 205.2 202.4 199.6 198.2 195.6 193.2 190 185.9 181 176.2 169.1 155.7 146 156.2 160 148.1 138.9 137.9 137.8 137.8 141.2 146.7 153.7 159.8 162.1 167.5 169.6 171 171 168 164.6 155.7 144.8 149.2 158.4 167.8 175.7 183.2 190.9 199.1 204.1 206.8 208.4 208.3 208.5 208.9 209.2 208.1 207.5 206.6 205.1 203.4 202.1 200.9 199.2 197.4 195.7 192.6 192 193.5 194.7 194.9 194.7 193.6 191.8 189.6 186
222.7 223.2 223.3 223.5 223.7 223.6 222.5 220.9 220.1 218.7 215 212.9 210.8 208.2 205.1 202.1 199.1 195.9 192.4 187.4 181 175 168.5 157.5 145.5 145.6 149.5 143.6 139.6 138 137.8 137.5 138.7 142.5 146.2 152.3 161.2 166 168.5 168.2 166.6 165.1 162.5 149.5 143.9 153.3 162.4 170.9 178.3 185.7 193.8 201.3 205.5 207.5 208.6 208.4 208.2 208.7 208.5 207.5 206.6 206.2 204.8 203.4 201.7 200 198.3 196.5 194.7 191.8 189.3 191.4 192.9 193.2 193.7 193.1 191.7 188.9 185.3
221.9 222.5 223.3 223.4 223.6 223.8 223.8 222.8 221.7 220.1 217.4 215 212.8 210.3 207 203.6 200 195.8 189.7 183 177.7 172.7 167.8 158.2 146.4 142.8 141.4 139.3 139 138.3 137.4 137 137.5 139.3 142.5 147.8 160.9 165.6 166.6 164.5 162.8 157.6 152.9 144.5 144.8 154.2 164.5 173.3 180.3 187.7 196.7 202.5 205.9 208.2 208.8 208.6 208.4 208.5 207.9 206.9 205.9 205.2 203.7 202.2 200.7 199 197.3 195.6 193.2 190.5 189.1 189.8 191.5 191.8 192.8 192.9 191 188.6 185.6
221.2 222.1 222.9 223.6 223.7 223.8 223.9 223.3 221.7 220.2 218.1 215.7 213.3 210.5 207.1 203.1 197.6 191.2 182.8 177.6 172.2 168.2 163.2 154 146.5 144.8 145.4 143.9 142.7 140.9 138.9 137.2 136.9 137.5 140.2 145 160.2 164.6 163.2 159.6 152.2 146.2 144.1 143.8 148.2 156.4 164.9 174.3 182.4 190.7 199.6 204.1 207.6 208.2 208.4 208.8 208.6 208.4 207.4 206.4 205.4 203.8 202 200.4 199.4 197.6 196.1 194.5 191.7 189.3 189.1 189.3 189.2 189.5 190.6 190.8 188.6 185.4 183.6
220.8 221.6 222.5 223.4 223.9 223.9 223.9 223.3 221.8 220.4 218.1 215.8 213.4 210.7 207.2 202.4 194.7 187.8 178.7 172.1 165.4 160.7 153.8 153.4 154 156.5 157.3 156.1 152.6 146.3 141.1 138 134.5 134.8 138 144.1 160.7 162.9 159.7 151 141.3 141.1 142.8 147.5 156.5 163.3 170.1 178.7 184.4 194.6 201.2 206 208.2 208.4 208.2 208.2 208.3 208.1 207.4 206.3 204.9 203.3 201.7 200.1 198.3 196 194.2 194.2 191.1 189.6 189.5 188.4 185.1 184.8 186 185.7 184.6 181.4 178.7
220.2 221.1 222 222.8 223.4 223.8 223.4 222.8 221.8 220.7 218.1 215.5 213.3 210.7 207.5 202 195 184.1 175.2 166.9 162.8 161.8 163 163.2 164.4 165.1 165.4 165.4 160.9 152.9 143.4 137.5 134.2 134.7 137.3 144.1 159.2 159.5 153.5 142.2 140.1 143.7 151.6 157.9 163.5 170.5 177.2 183 189.3 198.3 203.7 206.5 207 207 207 207.5 207.7 207.6 207.4 205.9 204.7 202.9 200.9 199.1 197.8 196.4 194.4 194.1 194 193 191.3 190.5 189.8 186.4 184.2 179.3 179.7 177.8 174.7
220.4 220.7 221.5 222.2 222.4 222.7 222.5 221.8 220.9 219.5 217.6 215.2 213.4 210.7 207.3 201.4 191.6 186 181.2 177.2 173.6 173.1 174.2 174.9 175.3 174.7 173.5 167.9 161.2 153.4 143.5 137.3 133.4 134.2 137.1 146.2 156.6 153.5 143.9 138.8 144.1 152.7 160.1 164.2 169.5 176.1 182.9 188.4 195.5 201 204.7 206.2 205.6 205.8 206.3 206.9 207 207 206.9 206.3 204.5 202.8 201.1 199.7 198.8 198 196.1 195.4 195.9 195.7 193.4 192.3 191.4 189.7 186.6 185.1 184.1 184.2 182.9
220.7 220.8 221.3 221.3 221.5 221.4 221.2 220.9 220.1 218.5 216.7 215.4 213.5 210.4 207 203.7 200.1 196.9 194.3 190.1 186.3 184.7 185.2 185.4 184.6 182.2 178.1 169.7 159.4 152 143 136.5 133.1 132.9 136.3 146.9 150.3 142.3 139.4 142.8 150.5 158.7 166.3 172.5 176.8 182 188.6 195.1 199.7 203.1 205.5 205.7 205.1 205.3 205.8 206.2 206.4 206.3 206.3 206.3 205.2 203.4 202.2 200.9 199.8 199 198.2 197.1 195.5 196 195.6 194.2 192 190.8 190 188.3 186.8 186 186.1
219.4 219.6 219.8 220 220.3 220.1 219.9 219.7 219.3 217.8 216.5 215.5 213.9 212.8 209.6 207.3 206.6 203.8 201.2 198.6 197.1 195.8 194.5 192.3 189.9 185.1 180.2 169.4 158.3 150.4 142.9 135.9 133.1 133.5 135.7 141.4 139.2 139.4 142.2 150 158.8 165.3 171.9 178.2 183.7 188.8 194.8 199.1 202.2 203.5 204.9 203.9 204.1 204.2 205.6 206.1 206.1 206.1 206.1 206 206 204.4 203.2 202.1 201 200 199.3 197.7 196.1 196 196 194.3 191.8 190.6 191 190.3 188.5 186.7 187.1
217.2 217.3 217.5 217.9 219 218.9 218.7 218.5 218.4 217.5 216.2 215.7 214.7 214.1 212.3 211.1 210.2 208.3 206.7 204.1 202.7 201 199 196.5 192.5 187.5 181 169.3 158 146.6 140.5 134.6 133 133.3 135.4 138.6 138.5 142.4 151.1 160.3 167.2 172.8 178.3 184.6 190.2 194.5 198.4 201.5 202.6 202.6 202.7 203 204.4 204.3 205.9 206.1 206.1 206.1 206.1 206 206 205.5 204.3 203.2 202.1 200.8 200.1 197.9 196.1 194.7 193.7 192.6 190.8 190.6 190.9 189.4 188.6 186.6 186.1
215 215.1 215.3 216.3 217.6 217.7 217.5 217.4 217.4 216.5 215.7 215.6 215 214.4 214.4 213.9 213.3 211.2 210 209 207.5 205.3 202.4 198.8 194.5 187.4 180.6 169.1 155.9 144.3 138.1 133.4 132.8 134.3 137.9 140.6 145.9 154.6 161.5 168.8 174 178.7 184.4 190.9 194 197.8 200.9 201.5 201.6 201.9 200.7 201.7 203.4 204.6 206 206 206 206.1 206.1 206 206 206 205.3 203.9 202.2 200.7 199.9 197.4 195.1 193.5 191.3 189.9 188.9 188.7 187.1 186.1 186.3 185.6 184.9
213 212.9 213.4 214.8 216.1 216.4 216.3 216.2 215.3 215 214.6 214.8 214.5 214.4 214.2 214.8 214.2 213.2 211.9 211.1 209.8 207.1 203.8 199.8 195.6 187.9 180.2 170.1 155.9 143.3 136.3 132.9 132.8 137 142.1 150.6 156.1 161.6 168 174.1 179.5 184.4 189.9 194.6 197.6 200.7 201.1 200.5 199.8 199.6 199.2 200.6 202.6 204.6 206 206 206 206 206.1 206 206 206 205 203.3 201.6 200.3 198.6 196 193.7 192.6 189.5 189.3 187.8 185.9 184.1 184.3 182 181.4 182.1
211.1 210.7 212 213.4 214.5 215.4 215.1 214.2 213.3 212.8 212.5 213.2 214.1 213.8 213.8 214.4 214.2 213.7 212.5 211.1 210.2 207.5 204.1 200.3 196.6 189.6 180.9 172 157.7 144.4 135.4 133.1 132.9 137.5 146.9 155.1 159.5 164.6 171.5 179.6 185 190.2 195.1 197.6 199.9 201 200.5 199.7 198.5 198.7 199.4 200.5 202.6 204.5 206 206 206 206 206 206 206 206 204.2 202.7 201.2 199.5 198 195.4 194.5 193.3 191.6 190.3 188.9 186.9 185.2 184.6 182.5 181.4 177.4
206.5 209.5 210.5 212.3 213.3 213.3 212.6 212.1 211.2 210.7 210.6 211.3 212.3 213.2 213.4 214 213.6 213.3 213.1 211.6 209.7 207.6 204.2 200.7 197.1 191.1 182.5 174 160.9 147.6 138.2 133.3 132.9 134.1 144.2 153.4 159.7 166.7 174.1 182.2 189 194.3 197.8 199.6 200.9 199.8 198.4 196.5 194.7 197 199.5 201.1 202.5 203.4 205.1 205.8 206 206 206 206 206 205.4 203.9 202.3 200.9 200.4 198.7 197 195.3 195.5 193.5 191.6 190 188.6 187.1 185.6 185.7 185.9 184.5
204.3 209.1 210.5 211.8 212.1 211.4 210.3 209.6 209.2 209 209.1 209.7 210.5 212.1 213.6 213.5 213.3 213.1 212.7 211.4 209.7 207.2 204.1 200.5 196.8 191.8 184.1 175.8 165.6 153.3 143.2 133.1 132.8 132.9 140.9 150 159.5 166.5 175.3 184 190.7 195.8 198 199.2 198.7 197.1 195.3 193.9 194.2 196.8 199.5 201.1 202.3 203.3 204.3 205.1 205.5 206 205.4 205 204.9 204.8 203.9 202.4 200.8 200.8 199.6 198 196.5 196.1 194.2 192.2 190.5 189 187.3 185.6 186 186 185.9
205.2 208.9 210.9 210.6 210.5 209.7 208.7 206.5 205.5 207.6 209.1 210.1 210.9 211.9 213 213.3 213.1 212.6 211.8 210.5 208.7 206.5 203.4 200.2 196.5 190.8 184.6 176.7 168 158.4 149.7 140 133.4 132.8 136.1 145.2 157.8 166.5 175.6 183.6 190.4 193.6 195.8 197.4 195.4 193.5 191.6 191.4 193.9 196.4 198.9 200.7 201.9 202.9 204.1 205.1 206 204.6 204.6 204.6 204.2 204 203.9 202.4 201 201 199.6 198.1 197.2 196 194.5 192.1 190.4 188.8 187.3 185.8 185.9 186 185.4
206 208.3 209.1 209.1 209 208.1 205.8 203.2 204.3 206.7 209.8 210.7 211.3 212.3 212.6 212.6 212.1 211.7 210.9 209.6 207.8 205.6 202.8 199.6 195.4 190.1 184.1 176.7 168.2 161.1 154.5 146.6 138.4 133.7 134.3 140 154.1 166.1 175.5 183.2 188.8 192.4 193.7 195 193.8 188.7 186 190.5 193.1 195.6 198.1 200.3 201.6 202.7 203.8 204.7 204.9 204.5 204.3 204.2 203.9 203.4 203.1 202.4 201.1 200.6 199.3 197.9 197 196.1 194.7 191.9 189.5 188.6 187.6 186.1 186 184.3 183.4
205.8 207.7 208 207.4 207.8 206.2 203.8 198.8 203.3 207 210.1 211.6 211.9 212.7 212.7 212.3 211.2 210.7 210 208.6 206.8 204.7 202.2 198.6 194.3 188.6 181.1 172.5 164.8 159.7 155.9 150.3 143 136.7 133.9 134.3 153.6 166.1 175.4 181.9 187 191.2 191.9 189.9 185.9 180 183.6 189.4 192.2 194.7 197.3 199.8 201.3 202.6 203.4 203.6 203.9 204.2 203.9 203.8 203.5 203.1 202.6 202.2 201.3 200.3 198.9 197.8 196.8 195.2 193.4 191.1 188.7 186.6 185.8 185.2 184.3 181.7 180.8
205.2 206.7 206.2 205.1 204.3 203.3 199.5 195.5 204.1 207.3 210.4 212.1 212.5 212.8 212.6 212 210.9 209.8 209.1 207.4 205.7 203.8 201.5 197.9 193.3 186.9 177.8 168.7 160 155.3 151.9 149.6 143.5 137.6 134 132.8 150.6 165.8 174.5 180.7 185.3 187.3 184.7 180.9 176 174.1 182.2 188.6 192 194.7 197.4 200 201.5 202.1 202.3 202.5 202.8 203.1 203.6 203.5 203.2 202.8 202.3 201.8 201 199.9 198.6 197.7 195.7 193.7 191.8 190.2 188 185.9 184.3 184.3 182.1 179.5 179
203.2 204.5 204.2 202.9 201.5 199.3 192.3 193.8 204 208.2 211.1 212.2 212.6 212.7 212.5 211.7 210.6 209.6 208.2 206.3 204.6 202.2 200.4 197.3 192.4 186.3 178.4 170.1 161.6 155.6 148.3 144 142.4 138.3 133.5 133.1 152.3 164.6 172.9 179.3 181.7 179.8 175.5 171.7 168.4 171.6 181.3 189.5 193.2 196.1 198.6 200.2 201.3 200.9 201.2 201.5 201.7 202 202.5 203.1 202.8 202.4 201.9 201.2 200.4 199.6 198.4 196.7 195.3 193.6 191.7 190.1 188.6 187 185 184.1 181.7 179.1 177.3
200.1 201.5 200.8 194.6 189.6 187.1 184.8 194.2 205 208.7 211.7 212.3 212.7 212.5 212.5 211.6 210.6 209.5 207.7 205.7 203.2 200.1 197.2 194.7 191.2 185.5 179.8 172 164.5 157.6 150.8 142.5 138.8 135.4 133 135.4 154.6 163.8 169.1 175.9 176.3 171.5 167.4 163.5 165 173.3 183.3 190.1 194.2 197.1 198.3 199.2 200.7 200.7 200.7 199.7 199.7 201.2 201.9 202.5 202.4 202 201.3 200.6 200.2 199.2 198 196.9 195.3 193.7 192.5 190.9 189.5 187.9 186.3 185 183.1 180.4 178.7
197 197.4 193.2 184.6 181.4 180.1 182.6 194.7 204.9 208.4 211.5 212.4 212.6 212.6 212.4 211.6 210.5 209.2 207.2 204.9 202.7 199.4 195.7 191.9 186.9 181 174.2 169.3 164.3 157.2 151.1 142.8 136.4 134.1 132.9 143.2 156.6 162.2 166.1 169.9 166.4 162.7 158.5 160 166.3 177.6 186.3 190.9 194.7 197.2 197.8 197.7 198.6 199.1 198.8 198.4 199.9 201.4 201.6 202.2 201.9 201.6 200.7 199.9 199.9 198.8 197.7 196.6 195.5 195.3 193.4 191.9 190.4 188.8 187.2 185.3 184 181.8 179.8
192.8 190.3 184.9 179.5 176 175.9 182.6 195.1 204.1 208.3 210.4 212.6 212.6 212.2 212.2 211.5 210.4 208.7 206.4 204.1 201.6 198.5 194.2 188 178.4 169.5 165.9 161.9 158.9 155 150.4 141.4 134.1 133 135.4 147.2 154.8 159.9 161.5 162.4 159.9 154.7 154.7 161.8 170.9 181.4 186.9 191.8 194.1 196.4 195.9 196.1 196.5 196.9 196.9 198.4 200.2 201.2 201.4 201.6 201.5 201.1 200.2 199.1 198.8 198.4 197.3 196.3 195.4 195.7 193.8 192.3 190.7 189.3 187.2 185.9 183.9 181 177.9
187.2 183.2 178.4 173.7 169.8 174.7 183.7 197.1 203.9 207.6 209.7 211.2 211.6 211.7 211.5 211.2 210.2 207.8 205.5 203.1 200.5 197.1 191.8 183.1 172.9 165.5 158.6 152.3 148.8 148 144.3 136.5 132.5 132.8 138.2 146.4 151.5 154.5 155.6 153.4 149.4 149.4 158.9 166 175.4 182.8 187.1 191.5 193.9 195.2 194.8 194.4 194.4 195.2 196.7 198.4 200.2 201 201.1 201.1 201 200.5 199.4 198.3 197.9 197.7 196.9 195.8 195.8 195 193.7 192.2 190.8 188.9 186.3 184.6 182.9 179.9 178.2
180.6 177.4 172.7 166.2 167.2 174.5 183.6 196.4 202 206.8 208.8 210.3 211.1 211.3 210.7 210 209.4 207.1 204.7 202.3 199.1 195.4 189.2 185.1 178.5 168.2 160.2 156 147.7 143.1 138.8 135.4 133 132.5 137.3 143.6 147.9 151.2 147.7 144.7 146.5 153.7 162.5 171.6 179.1 183.7 187.6 191.1 192.6 193.4 192.7 192.1 193.7 194.8 196.5 198.4 200.3 201 200.8 200.9 200.5 199.8 198.7 197.5 197.2 196.8 196.4 195.5 194.6 194.1 192.8 191.8 190.1 188.7 185.8 184.3 183.4 181.5 180.3
174.8 172.1 167.2 162.4 166.3 174.9 184 195.7 200.2 205.7 208.2 209.5 210.3 211 210.2 209.2 208.5 206.4 204 201.6 198.6 195.6 194.3 190 184.3 176.9 170 164.4 159.2 153 150.3 143.9 133 132.7 134.3 138.1 141.8 144.3 139.7 144.4 151.6 159.1 167.4 174.9 180 183.7 187.6 191 191.6 191.1 190.9 189.6 193.1 195.6 196.9 198.1 199.3 200.8 200.3 199.9 199.3 198.6 197.8 196.7 196.4 196 195.6 195 194.1 193.3 192.5 191.6 189.5 189 187.1 185.5 185 184.1 182.7
168.9 166.5 160.4 159.9 167.9 176.3 187.3 195.2 199.3 204.1 207.5 208.6 209.1 209.5 209.1 208.6 207.6 205.9 203.4 200.6 198.8 197.9 196.8 193.1 188 183.1 178.1 172.7 168.2 163.7 160.2 153.5 138.2 133 133 133.3 134.9 137.2 140.8 150.4 157.4 163.7 171 176.5 180 183.4 186.4 188.9 189 188.7 189.4 190.9 194.4 196.4 197.7 198.5 199.2 199.6 199.5 198.5 198.1 197.3 196.6 196.1 195.7 195.3 194.6 193.8 193 192.3 191.7 191.1 191 190.6 189 187.4 186.4 185.5 185.3
162.7 160.3 156.6 161.8 170.3 181 189.3 195.2 198.9 202.7 206 207.8 208.3 208.9 208.5 207.7 206.7 205.6 203.7 201.8 200.1 199.4 197.3 194.1 190 185.9 181.3 177.4 173.8 170.3 166.7 159.7 150 134 133.1 133.3 133.1 134.2 142.1 151.9 159.8 165.9 171.4 175.5 178.8 181.1 183.6 185.4 184 184.8 190.5 192.5 195.2 196.3 197.5 198.3 198.8 198.8 198.5 197.7 197 196.5 196 195.6 195 194.3 193.3 192.7 191.9 191.3 190.8 190.9 191 191 190.8 189.3 187.7 186.9 186
158.7 155.9 156.4 165.5 174.2 182.8 188.5 193.3 197.8 201.2 204.7 207 207.5 208.1 207.8 207.1 206.5 206 204.4 203 201.5 199.7 197.6 194.9 191.6 187.8 184.1 180.6 176.6 172.7 168.8 163.9 155.7 146.7 136.9 133.5 133.1 133.8 134.5 149.3 158.8 166.7 170.5 173.1 174.7 176.3 176.3 176 180.3 187.6 191.7 193.7 195 196 196.9 197.7 198 198.1 197.9 197.1 196.4 195.9 195.5 195.1 193.9 193 192.1 191.4 190.8 190.7 190.8 190.9 191 191 191 191 189.4 188.2 187.3
