webserver/python/data/SP03.asc
ncols 200
nrows 200
xllcorner 400000
yllcorner 230000
cellsize 50
[rows 37 to 73 of 200, columns 0 to 81 of 200]
56 55.9 55.7 53.4 51.2 49.1 47.1 45.4 44.7 44 43.3 42.6 42.4 42.2 42.3 42.4 42.5 42.6 42.8 42.6 42.6 42.7 42.7 42.8 43.1 43.5 44.5 46.6 49.3 50.1 51 50.2 48.9 47.7 46.2 45 44.6 44.4 44 43.4 42.7 42 41.8 41.5 41.6 41.7 41.7 41.6 41.5 41.4 41.5 41.7 41.6 40.7 39.4 39 40.8 41.2 41 39.4 38.9 39 39 39 39 39 39 39 40.1 40.3 41.4 41.9 42.8 43.8 44.4 44.7 45.1 45.5 45.4 44.2 45 45.5
55.8 55.9 55.9 54.1 51.8 49.5 47.1 45.4 44.8 44.1 43.4 42.6 42.2 42 42 42.1 42.2 42.3 42.4 42.6 42.6 42.7 42.8 42.8 43.1 43.6 44.9 48.5 52.4 53.7 53.2 51.7 50.2 48.8 47.1 45.6 45 44.6 44 43.4 42.8 42.1 41.8 41.7 41.8 42 41.9 41.8 41.7 41.6 41.9 42.2 41.7 40.9 40.2 39.1 39.5 41.1 41.4 40.6 39.1 39.1 39.1 39.2 39 39 39 39.4 40.4 41.8 42.5 43 43.6 44.6 45.3 45.7 46 46.3 45.7 45.3 45.1 45.2
55.8 55.9 54.8 53.6 51.5 49.2 46.9 45.5 44.7 44 43.3 42.5 42.1 41.9 41.9 42 42.1 42.2 42.5 42.6 42.7 42.7 42.8 42.9 43.2 43.8 44.7 48.2 53.7 55.8 55.5 54.1 53.1 49.8 48.1 46.1 45.3 44.7 44 43.4 42.8 42.2 41.8 41.8 42 42.1 42.1 42.1 42 42.1 42.4 42.7 42 41.2 40.4 39 39.2 40.7 41 41.2 41 39.6 39.8 39.1 39 39 39.1 39.1 40.9 42.4 43.7 44 44.3 45.1 45.7 46.4 46.6 46.4 46.3 46.1 46.1 46.2
55.9 54.6 53.4 52 50.7 48.8 46.4 45.3 44.6 43.9 43.1 42.4 42 41.8 41.8 41.9 42.1 42.4 42.6 42.7 42.7 42.8 42.9 43.1 43.2 43.8 44.6 45.7 51.8 54.9 55.9 55.8 54.8 51.3 48.1 46.1 45.2 44.7 44.1 43.5 42.8 42.2 41.9 42 42.2 42.3 42.4 42.3 42.3 42.5 43 43.1 42.5 41.4 40.7 39.5 39.1 40.7 40.9 41.6 42.1 41.7 40.6 39.1 39.1 39.2 39.2 39.2 40 42.5 44.7 45.6 45.3 45.6 46.3 47 47.4 47.3 47.2 46.9 46.9 46.9
53.7 52.9 52.1 51.3 49.8 48.1 45.7 45 44.4 43.7 43 42.3 41.9 41.7 41.7 42 42.2 42.5 42.7 42.8 42.8 42.9 43.2 43.5 43.2 43.6 44.5 45 49.1 51.7 54.4 55 54 50.7 47.5 45.7 44.8 44.3 43.8 43.3 42.8 42.3 42 42.2 42.3 42.5 42.6 42.5 42.7 43.2 43.7 43.4 43 41.8 40.9 40.4 39 40.7 41.9 42.8 43.2 42.6 41.7 41 39.2 39.2 39.1 39.1 39 41.5 45.2 46.1 46.3 46.1 46.8 47.4 47.8 48.3 48 47.6 47.6 47.7
52.4 51.6 50.8 49.9 49 47.3 45.4 44.8 44.1 43.4 42.7 42 41.7 41.6 41.7 42.1 42.3 42.6 42.8 42.8 43 43.3 43.7 43.8 43.5 43.5 44.3 44.3 45.9 48.4 49.9 50.6 50 48.1 45.5 44.9 44.4 44 43.5 43 42.6 42.4 42.2 42.3 42.5 42.7 42.8 42.9 43.4 43.8 44.1 43.8 43.4 42.3 41.1 40.6 39 40.5 42 43.4 44 43.3 42.5 41.4 40.8 39 39 39.1 39 40.3 44.5 46.2 46.7 46.7 47.4 47.8 48.2 48.6 48.9 48.5 48.4 48.4
51.1 50.3 49.5 48.6 47.4 46.1 45 44.4 43.7 43 42.2 41.8 41.6 41.7 41.7 41.9 42.3 42.7 42.8 43.2 43.5 43.8 44.1 44.1 43.8 43.5 43.7 44 44.2 45.2 46.1 46.4 46.7 45.5 45 44.6 44.1 43.6 43.4 43.2 43.1 42.8 42.6 42.4 42.6 42.8 43 43.5 44 44.5 44.4 44.1 43.8 42.7 41.7 40.7 39.8 40.4 41.9 43.7 44.6 43.8 42.7 41.6 41.1 39.4 39.2 39.1 39 39.9 43.9 46.1 46.8 47.5 47.8 48.2 48.6 48.8 49 49.3 49.1 48.8
49.6 49 48.2 46.9 45.7 44.8 44.3 43.8 43.2 42.5 41.8 41.6 41.7 41.7 41.8 41.9 42.2 42.7 43.5 43.6 43.9 44.3 44.6 44.3 43.8 43.6 43.5 43.8 44 44.3 44.6 45.1 45.5 44.7 44.7 44.2 43.7 43.3 43.4 43.3 43.2 43 42.8 42.6 42.7 42.9 43.5 43.9 44.2 44.9 44.7 44.5 44.2 43.3 42.4 41.5 40.7 40.7 41.9 43.6 44.8 44 43 41.9 41.2 40.8 39.2 39.1 39.1 39.5 42.2 45.6 46.7 47 47.9 48.3 48.7 49 49.3 49.5 49.5 49.2
48.2 47.6 47 45.6 44.6 44.1 43.6 43.1 42.6 42.1 41.6 41.7 41.8 41.8 41.9 41.9 42.2 42.9 43.7 44.5 44.5 44.7 44.5 43.9 43.8 43.7 43.6 43.5 43.9 44.4 44.5 44.2 44 44.3 44.3 43.8 43.4 43.3 43.4 43.4 43.2 43.1 43 42.8 42.9 43.3 43.6 44 44.3 44.6 44.7 44.4 44.2 44 43.2 42.2 41.7 41.8 41.9 43.3 44.4 44.5 43.5 42.4 41.7 41.1 39.6 39 39 39.1 40.5 45.2 46 46.3 47.2 48.2 48.6 49 49.4 49.8 49.8 49.6
47.1 46.5 45.7 44.7 44.2 43.7 43.2 42.7 42.2 41.7 41.7 41.7 41.8 41.9 41.9 42 42.5 43.2 43.9 45.2 45.5 44.5 44 44.2 44.2 44 43.9 43.8 44.7 44.6 44.1 43.5 43.6 44 44 43.5 43.2 43.3 43.4 43.4 43.3 43.2 43 42.9 43 43.4 43.7 44 44.3 44.7 44.6 44.4 44.2 44.3 43.8 43.2 42.8 42.9 43 43.3 44.1 44.3 43.9 43.1 42.5 41.8 41.1 39.7 39.1 39.2 39.2 41.9 44.7 45.8 46.9 47.7 48.3 48.8 49.2 49.6 50.2 49.9
46 45.6 44.4 44.4 44 43.5 43 42.5 42 41.7 41.7 41.7 41.8 41.9 41.9 42 42.6 43.5 44.3 44.9 45.9 44.6 44 44.1 44.4 44.4 44.3 44.7 44.7 44.2 43.6 43.2 43.3 43.7 43.6 43.1 43.2 43.3 43.3 43.4 43.4 43.2 43.1 43 43.2 43.4 43.8 44.1 44.4 44.8 44.5 44.4 44.1 44.6 44.1 43.5 43.7 43.7 43.7 43.4 44.3 44.6 44.5 43.9 43.3 42.4 41.5 40.1 39.2 39.2 39.1 40.8 45 46 46.9 47.6 48 48.5 48.9 49.4 50.4 51.5
45.9 44.3 44.6 44.2 43.9 43.3 42.8 42.3 41.8 41.7 41.6 41.7 41.8 41.9 41.9 42 42.7 43.4 44.2 45.1 45.9 45.9 44.5 44 44.3 44.7 44.7 44.7 44.2 43.8 43.2 43.1 43.1 43.3 43.2 43.1 43.2 43.3 43.3 43.4 43.5 43.3 43.2 43.2 43.4 43.6 43.8 44.2 44.5 44.8 45.1 44.3 44.1 44.7 44.1 44 44.1 44.5 44.3 44 44.4 44.8 45.1 44.7 44 43.1 42.2 40.7 39 38.7 38.6 39.3 43.7 45.3 46 47.3 47.7 48.2 48.6 49.3 49.5 51.3
44.6 44.5 44.3 44 43.6 43.2 42.6 42.1 41.8 41.6 41.6 41.7 41.8 41.8 41.9 41.9 42.5 43.1 43.8 44.5 45.4 45.9 45.9 45.3 44.4 44.9 44.8 44.3 43.8 43.4 43 43 43 43 43 43.1 43.2 43.2 43.3 43.4 43.4 43.4 43.2 43.4 43.6 43.8 44 44.2 44.6 44.9 45.7 44.2 44.1 45.2 44.2 44.2 44.2 44.1 44.2 44.3 44.6 45.2 45.6 45.7 44.9 43.8 42.5 40.4 39 38.6 38.2 38.6 41.7 44.6 45.7 47 47.5 48.1 48.8 49.4 49.5 50.5
44 44 44 43.7 43.4 43 42.5 42 41.8 41.6 41.6 41.7 41.8 41.8 41.9 41.9 42.4 43 43.7 44.3 44.6 45.6 45.1 45.4 44.8 44.9 44.7 44.2 43.6 43.1 43 43 43 43 43 43.1 43.2 43.2 43.3 43.4 43.4 43.5 43.4 43.6 43.8 44 44.2 44.4 44.6 45.1 45.7 44.9 44.4 45.2 44.3 44.4 44 44 44 44 45.2 45.7 45.9 45.9 45.3 44.2 42.4 40.5 38.9 38.6 38.5 38.6 40.1 45.2 46 46.8 47.5 48.2 48.9 49.6 49 49.8
43.4 43.4 43.4 43.4 43.2 42.8 42.3 41.9 41.8 41.6 41.6 41.7 41.8 41.8 41.8 41.8 42.3 43 43.6 44.1 44.4 44.6 44.5 44.6 44.8 44.7 44.5 44 43.5 43.1 43.1 43 43 43 43 43.1 43.2 43.2 43.3 43.3 43.4 43.5 43.6 43.8 44 44.2 44.4 44.7 44.8 44.6 45.8 44.7 45 45.6 45.4 44.2 44 44 44 44 44.6 45.7 45.8 45.9 45.6 44.4 43.1 41.4 39.6 38.9 38.9 38.8 39.3 45 45.5 46.3 47.1 47.9 48.6 49.3 49.6 50.4
42.8 42.8 42.9 42.9 42.9 42.6 42.1 41.9 41.8 41.6 41.6 41.7 41.7 41.7 41.8 41.8 42.2 42.9 43.4 43.8 44.1 44.4 44.3 44.7 44.7 44.6 44.3 43.8 43.3 43.2 43.1 43 43 43 43 43.1 43.1 43.2 43.3 43.3 43.4 43.5 43.8 44 44.2 44.4 44.7 44.8 44 44.1 45 46 46 46.1 45.2 44 44 44 44 44 44 45.6 45.7 45.8 46 45 44.2 42.5 40.5 39 39 39 39.8 44.4 45 45.9 46.7 47.5 48.2 49 50.8 51.1
42.2 42.3 42.3 42.3 42.3 42.3 42 41.9 41.7 41.6 41.6 41.6 41.6 41.7 41.7 41.7 42.2 42.8 43.2 43.5 43.8 44.2 44.4 44.5 44.4 44.4 44.1 43.7 43.3 43.2 43.1 43 43 43 43 43 43.1 43.1 43.2 43.3 43.4 43.7 44 44.2 44.5 44.3 44.3 44 44 44 44.9 46 46 46.1 45.5 44 44 44 44 44 44 45.6 45.8 46 46.1 45.7 45.1 43.8 40.8 39.1 39 40.5 40.8 43.8 44.6 45.4 46.2 47.1 47.8 49.1 49.9 50.1
42.2 42.2 42.2 42.2 42.2 42.2 42.1 42 41.8 41.7 41.6 41.6 41.6 41.6 41.6 41.7 42.1 42.5 42.9 43.2 43.6 43.8 44 44.3 44.4 44.3 44 43.6 43.3 43.2 43.1 43 43 43 43 43 43 43.1 43.1 43.2 43.6 43.9 44.2 44.5 44.9 44.6 44 44.4 44 44 45.2 45.7 46 45.9 45.6 44.6 44 44 44 44 44.4 45.8 45.9 46.1 46.1 45.7 45.3 44.9 42 39.1 39.3 41.2 42 43.6 44.2 44.8 45.6 46.5 47.4 47.9 48.2 48.5
42.5 42.4 42.3 42.2 42.2 42.3 42.3 42.1 42 41.9 41.7 41.6 41.6 41.6 41.6 41.6 41.9 42.3 42.7 43.1 43.5 43.6 43.8 43.9 44.1 44.3 44 43.8 43.5 43.2 43.1 43 43 43 43 43 43 43 43.1 43.4 43.8 44.2 44.6 45.3 45.9 45.3 44 44.9 44.1 44.1 45.7 45.9 46.1 46 45.9 44.7 44 44 44 44 45.4 45.9 46.1 46.2 46.2 45.8 45.4 45.3 43.8 40.1 39.4 41.2 42.6 43.7 44.5 44.9 45.3 45.8 46.5 46.6 46.4 46.7
42.6 42.4 42.3 42.3 42.3 42.4 42.4 42.3 42.2 42 41.9 41.8 41.6 41.6 41.6 41.6 41.8 42.2 42.6 43.1 43.4 43.6 43.7 43.9 44 44.2 44.3 43.9 43.7 43.4 43.1 43 43 43.1 43.3 43.3 43.3 43.4 43.8 44.2 44.6 44.5 44.3 45.7 46.2 46 45.5 45.9 45.1 44.7 45.6 46 46.5 46.4 46.2 44.7 44 44 44 44 45.9 46 46.2 46.4 46.3 45.9 45.8 45.7 44.5 41.5 40.7 41.3 42.9 44.3 44.7 45.1 45.5 45.9 45.9 46.1 45.3 44.9
42.3 42.4 42.3 42.4 42.5 42.6 42.6 42.5 42.3 42.2 42.1 41.9 41.8 41.7 41.7 41.7 41.9 42.2 42.6 43 43.3 43.5 43.6 43.8 44 44.2 44.4 44.4 44 43.7 43.3 43 43.1 43.4 43.6 43.8 43.8 44.3 44.1 44.5 44.2 44 45.1 46.5 46.9 46.8 46.9 47 46.7 45.8 46.1 46.6 47.3 47.2 46.5 44.3 44 44 44 45.7 46.1 46.2 46.4 46.5 46.4 46.3 46.2 45.9 44.2 42.8 42.4 42.7 44.2 44.2 44.1 45.3 45.7 46 45.6 45.3 44.2 44
42.4 42.3 42.5 42.5 42.6 42.7 42.7 42.6 42.5 42.4 42.2 42.1 42 41.8 41.7 41.7 41.9 42.2 42.5 43 43.3 43.4 43.6 43.8 44 44.1 44.6 44.5 44.4 44.1 43.7 43.4 43.5 43.7 44 44.4 44.4 45 44.9 44.5 44.8 45.4 46.4 47.7 48.2 48.1 48.3 48 47.8 47.5 47 47.5 47.9 47.7 46.5 44 44 44 44.5 46.1 46.5 46.6 46.7 46.8 46.7 46.6 46.4 46.2 44.9 44.4 44.2 44.3 44.3 44.2 44.1 45 44.6 44.5 44.5 44.1 44.8 44.6
42 42.4 42.6 42.7 42.8 42.9 42.8 42.8 42.7 42.5 42.4 42.3 42.1 42 41.9 41.7 41.9 42.3 42.6 42.9 43.2 43.4 43.6 43.7 43.9 44.1 44.7 44.6 44.6 44.5 44.2 44.2 44.3 44.7 45.6 46.4 46.7 47.3 47.2 46.7 46.9 47.4 47.9 49.1 49.8 49.4 49.4 49.1 48.8 48.6 48.3 48.4 48 47.6 46.7 44.6 44 44 46 46.4 46.7 47.1 47.2 47.2 47.1 46.8 46.6 46.3 45.8 44.6 44.1 44.2 44.2 44.2 44.1 44 44.4 44.7 44.2 45 45.5 45.2
42.3 42.5 42.6 42.8 42.9 43 43 42.9 42.8 42.7 42.6 42.4 42.3 42.2 42 42 42.1 42.5 42.8 43.1 43.6 43.4 43.6 43.7 43.9 44.2 45.6 45.2 45.1 45.1 45.4 45.6 45.7 47.3 48.5 48.9 48.6 49.2 48.7 48.4 48.4 48.9 49.5 49.7 50.8 50.6 50.4 50.1 49.7 49.3 48.8 48 47.7 46.9 46 44.4 44 45.3 46.2 46.6 46.9 47.3 47.4 47.5 47.3 47.1 46.6 46.3 45.9 44.6 44.1 44.2 44.2 44.2 44.1 44 45 46.1 45.3 46.2 46.8 46.1
43.1 42.7 42.7 42.9 43 43.1 43.1 43 43 42.9 42.7 42.6 42.5 42.3 42.3 42.3 42.5 42.8 43.1 43.4 43.9 44.5 44.1 44 44.7 45.6 46.5 46.4 45.9 45.9 46.3 46.9 47.6 50.1 51.4 51.4 51.1 50.9 49.9 49.4 49.4 50.4 50.2 50.1 49.9 50.6 50.6 50.2 49.7 49 48.3 47.6 47 46.1 45.2 44 44.5 46 46.4 46.8 47.2 47.5 47.7 47.7 47.5 47.2 46.7 46.3 46 44.6 44.1 44.1 44.1 44.1 44.1 44 45.1 46.7 46.9 47.4 47.7 47.6
44.3 43.9 43.4 43 43.1 43.3 43.3 43.2 43.1 43 42.9 42.8 42.7 42.7 42.7 42.6 42.8 43.1 43.4 43.7 44.2 45 45.9 46 45.7 46.7 46.7 46.7 46.6 46.6 47.2 48.1 50.7 53.3 54.2 53.9 53.4 52.9 52 51.1 50.5 51.2 50.9 50.6 50.3 50.1 50.7 50 49.4 48.7 48.1 47.4 46.8 45.9 45.3 44.5 44.2 46 46.5 47 47.4 47.7 47.9 47.9 47.7 47.2 46.8 46.3 46.1 44.1 44 44.1 44.1 44.1 44 44.2 45.7 47.5 48.4 48.8 48.9 49
45.6 45.1 44.6 44.1 43.7 43.4 43.4 43.3 43.2 43.2 43.1 43 43 43 43 43 43.1 43.4 43.7 44 44.5 45.6 46.4 46.7 46.9 46.9 46.9 46.9 46.9 47.1 48.3 49.7 53.4 56 56 55.5 55.1 54.5 53.9 53 52.1 52.3 52 51.7 51.3 50.9 50.2 49.6 48.9 48.3 47.6 47.1 46.5 45.9 45.4 45.3 44.6 45.8 46.4 46.9 47.5 48 48.1 48.1 47.7 47.2 46.7 46.4 46.1 44.9 44.3 44 44 44 44 44.9 46.8 48.4 49.3 49.8 50 50
46.3 44.9 44.5 44.1 43.7 43.7 43.7 43.6 43.5 43.5 43.3 43.3 43.3 43.3 43.3 43.3 43.3 43.6 43.9 44.2 44.4 45.6 46 46.8 47.3 47.3 47.2 47.2 47.2 48 49.3 51.5 55.2 57.5 57.4 57 56.2 55.5 54.9 54.3 53.6 53.2 52.8 52.4 52 51.6 50.7 50 49.3 48.7 48 47.4 46.7 46 45.5 45.1 45.2 45.6 46.2 46.8 47.2 47.7 48.2 48.2 47.7 47.2 46.7 46.5 46.2 45.7 44 44 43.4 43.2 43.8 45.5 48.6 50 49.3 50.1 50.7 50.8
45.9 45.9 44 43.9 43.9 44.1 44.1 44 44 44 43.8 43.6 43.5 43.5 43.5 43.7 44 43.7 44 44.1 44.6 45.4 46.3 47.2 48 47.9 47.9 47.9 48 48.8 50.1 53.8 57.3 58.7 58.8 57.9 57.1 56.5 55.9 55.2 54.5 54 53.5 53.1 52.7 52.1 51.2 50.4 49.7 49 48.4 47.7 47.2 46.4 46 45.6 46.1 46.5 46.6 46.9 47.1 47.4 47.8 48.2 47.8 47.2 46.8 46.5 46.2 46 44 43.7 43.8 43.8 44 46.2 49.5 50.8 50.9 50.6 51.1 51.6
45.7 45.8 45.7 44.2 44.3 44.5 44.5 44.5 44.5 44.6 44.3 43.9 43.8 43.8 43.8 44.2 44.7 44 44 44.4 45.4 45.6 46.7 47.5 48.4 48.6 48.6 48.6 49 49.8 51.7 56 59.5 60.9 59.7 58.8 58.1 57.5 56.8 56 55.3 54.9 54.3 53.9 53.5 52.6 51.6 50.7 50.1 49.4 48.9 48.4 47.2 46.8 46.4 46.5 47 47.1 47.1 47.3 47.6 47.9 48.1 48.4 48 47.4 46.8 46.5 46.2 46.1 44 44 44 44 44 46.3 50.3 51.1 51.2 51.3 51.6 52.1
45.8 45.6 45.5 45.4 45.2 44.9 44.9 45 45.1 45.1 44.9 44.4 44.1 44.1 44.2 44.8 45.3 45.5 45.1 45.3 46.3 46.4 46.7 47.7 48.8 49.3 49.3 49.8 50.3 51.5 53.8 58.7 60.8 60.8 60.4 59.7 59.1 58.3 57.6 56.8 56.2 55.8 55.3 54.6 54 53 52.1 51.2 50.5 50 49.6 48.1 47.7 47.2 47 47.4 47.6 47.6 47.5 47.7 48.1 48.3 48.6 48.7 48.3 47.7 47.1 46.6 46.1 46.1 44 44 44 44 44 46.7 50.8 51.2 51.5 51.8 52.1 52.5
46.6 46.4 46.3 46.2 45.9 45.7 45.7 45.7 45.8 45.8 45.8 45.6 45.4 44.9 45.2 45.7 45.8 46.3 46.3 46.2 47.1 47.5 47.4 47.8 48.6 50 50.9 51.3 51.9 53.2 56.2 60.3 60.5 60.8 60.7 60.5 59.9 59.1 58.4 57.6 57 56.6 56.2 55.7 54.3 53.4 52.5 51.6 50.6 50.8 49.3 48.5 48.1 47.7 47.9 48.1 48.1 48 48 48.1 48.5 48.8 49.1 49 48.6 48 47.4 47 46.4 45.2 44 44 44 44 44 46.6 50.1 51.2 51.4 51.6 52.4 52.8
47 47.2 47 46.9 46.7 46.5 46.3 46.6 46.6 46.7 46.6 46.4 46.1 45.9 46 46.5 47 47.5 47.3 47.2 48 48.6 48.2 48.4 48.9 49.8 51.8 52.1 52.7 54 57.6 60.4 60.5 60.7 60.6 60.3 59.9 59.5 59.1 58.5 57.9 57.4 56.8 56.2 54.3 53.7 52.9 51.9 51 50 49.4 49 48.5 48.4 48.6 48.6 48.5 48.5 48.4 48.5 49 49.3 49.3 49.3 48.9 48.5 48.2 47.7 46.7 46 44.2 44 44 44 44.1 46.4 49.3 49.9 50.7 51.6 52.4 53.2
46.9 47.5 47.8 47.6 47.5 47.2 46.9 47.2 47.5 47.5 47.4 47.1 46.8 46.7 47.1 47.7 48.2 48.5 48.3 48.4 48.9 49.7 49.3 49.1 49.6 50.5 51.6 52.9 53.6 54.8 59 60.7 60.5 60.7 60.5 60.5 60 59.6 59.1 58.8 58.2 57.5 56.9 56.3 54.6 54 53.5 52.7 51.7 50.7 49.8 49.4 49 49.1 49.1 49 49 48.9 48.9 48.9 49.4 49.7 49.6 49.8 49.7 49.4 49.1 48.1 47.1 46.2 45.1 44.1 44 44 44.1 48.2 50 50.1 50.8 51.7 52.7 53.5
47 47.5 48.1 48.4 48.2 48 47.7 47.8 48.1 48.3 48.2 47.8 47.6 47.7 48.1 48.8 49.4 49.4 49.3 49.4 49.3 50.6 49.5 49 50.6 51.5 52.4 53.4 54.4 54.6 59.2 60.9 60.7 60.7 61.3 60.9 60.1 59.7 59.5 59.2 58.7 57.7 56.9 56.2 54.1 54.5 54 53.6 52.6 51.5 50.8 49.8 49.6 49.6 49.5 49.5 49.4 49.4 49.3 49.3 49.8 50.6 50.9 50.7 50.4 50.3 49.4 48.5 47.5 46.5 45 44.4 43.9 43.9 44.3 47.4 50.3 51.1 51.6 52.6 53.3 53.7
47.8 47.9 48 48.6 49 48.8 48.4 48.5 48.7 49.7 48.9 48.6 48.9 49 49.4 50 50.3 50.2 50.3 49.6 49.5 50.7 51.4 51.9 52 52.7 53.2 54.1 54 54.5 57.4 59.7 59.7 61.1 61.8 61 60.5 60.2 59.9 59.7 59.2 58.2 57.3 56.2 54.8 55.1 55.3 54.4 53.6 52.5 51.8 50.5 49.6 49.6 49.7 49.7 49.8 49.8 49.8 49.7 50.8 50.8 50.9 51 51.1 50.9 49.9 49 48 47.1 45.7 44.7 44 43.9 44 46.4 48.8 51.2 52.4 53.2 53.7 54.1
48.6 48.7 48.8 48.9 49.1 49.7 49.7 49.1 49.9 50.7 50 49.7 50 50.4 50.8 51 51.5 51.8 51.6 51.5 52.4 53.6 54.3 54.8 54.3 54.7 55.5 55.6 54.8 55.4 57.5 58.1 59.6 61.3 61.6 61.3 60.9 60.6 60.3 60.1 59.6 58.7 57.9 57.5 56.9 56.4 55.7 54.8 54 53.1 51.8 50.2 49.2 49.2 49.3 49.3 49.4 49.5 49.6 50.5 50.9 50.9 51 51 51.1 51.1 50.7 49.8 48.8 47.7 45.9 44.8 44.3 43.9 44.3 47.7 49.9 51.3 52.3 53.3 54.3 54.7
