webserver/python/data/SS22.asc
ncols 200
nrows 200
xllcorner 220000
yllcorner 120000
cellsize 50
[rows 72 to 107 of 200, columns 83 to 165 of 200]
102.8 102.5 106.1 108.5 109.9 110.6 111.3 111.1 109.7 109.1 108.6 108.8 109.7 111.5 112.6 113.8 114.3 112.9 111 107.7 104.8 102.4 100.2 96.9 95.4 98.9 100.8 105.4 108.6 108.7 108.6 108.5 105.1 109.7 115.6 120.2 124.4 127.2 129.6 131.4 131.6 132.2 132.3 133.2 133.8 135.7 137 137.1 137 137 137.7 138 138.5 140.1 141.1 142.2 143.4 144 144.1 144.3 144.7 145.8 147.4 149.2 150.7 152.2 153.4 154 155.2 156.4 157.5 157.3 157.2 157.1 156.5 155.9 155.2 154.2 153.1 152.7 151.8 151.6 149.7
107.6 106 109.1 111.9 113.3 114.3 114.9 115 115 115.3 114.7 115 115.5 116.3 117.1 117.8 117.7 116.2 114.2 111.6 108.4 105.9 104.7 100.4 98.8 102.1 105.5 108.5 111.5 113.6 113.9 113.6 111.3 106.9 113.7 118.8 123.4 125.8 126.9 128.1 127.7 126.6 127 128.4 129.7 131 132.9 135 135.5 136.6 137.1 137.8 139.3 140.6 141.8 143 144.3 145.2 145.4 145.9 146.4 146.9 148.7 150.3 151.4 153.1 154.7 155.9 156.5 157.4 158.3 159.1 159.2 159 158.9 158.1 156.8 155.8 154.8 153.7 152.7 151.5 149.2
109.9 109.1 110.8 113 114.5 116.1 117.7 118.4 119.1 119.8 120.3 120.3 120.4 121 121.6 121.4 120.2 118.9 117.1 114.5 112 109.4 107 103.7 102.1 105.9 108.5 111.1 113.6 115.4 116.8 117.6 115.4 112.5 108.8 115.3 121.9 124.3 125.3 125 122.8 122.9 125.1 125.9 127.4 126.8 129.9 132.9 134.7 136.8 137.8 138.6 140.1 141.3 142.5 143.7 144.7 145.8 146.6 147.3 147.8 148.6 150 151.1 152.3 153.9 155.3 156.9 157.8 158.1 159 159.6 159.6 157.8 157.6 157.6 157.2 155.6 154.2 152.9 151.1 148.4 146.1
110.8 110.5 111.4 113 114.5 116.6 118.7 119.9 121.1 122.3 123.1 123.9 123.6 124.2 124.3 123.3 122.1 120.7 118.5 115.9 113.3 110.4 107.7 104.4 103.5 106.8 109.8 112.9 115.4 117.2 118.3 119.4 117.9 115.9 112.6 110.4 116.3 120.1 120 119.3 123.2 125.8 128.3 129.5 131.2 131.6 130.7 131.1 135.1 136.9 138.2 139.5 140.7 142 143.1 144.2 145.2 146.3 147.2 148 148.8 149.7 150.7 151.8 153.1 154.3 156 157.6 159 158.9 160 159.9 159.5 158.1 155.3 156.6 154.1 152.9 151.1 148.8 146.2 142.6 140.8
111.7 112 112.6 113.2 115 117.1 119.2 120.4 121.6 122.7 124.2 125.4 126.5 126.6 126.4 125.3 123.6 121.7 119.5 116.9 114 111.2 108.4 106.3 104.4 107.6 110.5 113.2 116.3 118.6 119.3 120.1 119.8 118.8 117.7 118.4 116.1 115 119.5 123.3 125.9 128.5 130.5 132.1 133.2 134.2 134.2 132.1 135.8 136.3 137.7 139.1 140 141.1 142.3 143.5 144.8 145.3 146.5 147.5 148.4 149.4 150.7 152.1 153.2 154.9 156.7 158.2 159.7 159.8 160.7 160.3 160.2 158.9 156.6 153.8 151.2 149.5 146.9 144.4 139.8 134.2 131.9
112.9 113 113.5 114 115.5 117.6 119.7 120.8 122 123.4 124.9 126.1 126.9 127.4 127.3 126.6 124.5 122.6 120.5 117.7 114.8 111.9 109.5 107.6 104.9 106.8 109.5 113.4 116.5 119.2 120.8 121.3 122.2 121.3 120.5 120.7 120 119.9 122.7 125.8 128.8 130.8 132.6 133.9 135 135.4 135.4 134.7 135.1 136 137.3 138.5 139.5 140.5 141.7 143 144 145.1 146.5 147.6 148.9 150.3 151.4 152.8 154.3 155.7 157.4 158.9 160.4 161.1 161.2 160.8 160.4 159.8 157.1 154.2 150.9 146.2 143.5 141.7 140.7 137.6 131.1
113.4 113.2 113.3 113.8 115.9 116.6 118.3 120 121.5 122.8 124 125.2 126.1 126.8 126.7 125.7 125.2 123.8 121.8 119.1 116 112.9 111 109.3 107.2 108.3 109.7 112.6 116.5 120 122 122.4 123.6 123.7 123 123.6 123.5 123.1 125.2 128.1 130.6 132.6 134.4 135.6 136.4 136.6 136.6 135.9 136.6 137.4 138.2 139.3 140.6 141.8 142.5 143.6 144.7 145.8 147.1 148.5 150.3 151.9 152.7 154.1 155.6 157.1 158.5 159.9 161.3 161.9 161.8 162 161.5 160.6 158.4 155.9 153 149.8 146.9 145.6 143.8 141.3 136.3
112.8 112.6 112.1 113.7 114.1 114.7 115.9 117 118.6 120.3 122.2 123.7 124.7 125.5 126 125.9 125.5 124.1 123.2 121.2 118.5 115.4 113.5 111.7 109.9 110.8 112.1 113.8 117.5 120.8 123.4 125.3 125.2 125.9 126.1 126.9 126.8 126.1 128 130.6 132.3 134.3 136.3 137.1 137.7 138 137.9 137.6 138.3 138.6 138.9 140.2 141.4 142.5 143.4 144.3 145.4 146.5 147.6 149.1 151.2 153 154.7 155.5 156.9 158.5 159.8 160.9 162.5 162.8 163.2 163.3 162.8 162.1 160.3 157.8 155.1 152.6 150 148.3 145.7 142.4 137.9
111.4 111.2 111.5 111.9 112.3 112.8 114 115.5 116.7 117 119.5 121 122.4 124 125.1 126 125.9 124.9 124.2 123.2 121.1 119.3 118.1 115.8 113.6 113.4 116.2 117.7 118.2 122.2 124.6 126.5 126.9 127.3 128 129.1 128.8 129.1 131.4 132.8 134.1 135.8 137.5 138.4 138.9 139.3 139.2 139.4 139.5 139.7 140 140.9 141.8 142.9 144.2 145.3 146.1 147.1 148.2 149.7 151 153.6 155.5 157.6 158.9 159.8 160.7 161.6 162.4 163.8 164.4 164.4 164.2 163.5 161.8 159.8 156.9 154.4 151.4 149.5 145.9 141.9 134.6
109.8 109.1 109.6 110.1 110.5 110.9 112.1 112.2 113.4 114.9 117.5 119.4 120.9 122.4 124.4 125.4 127.1 126.6 126 125.5 123.8 122.3 121 119.6 118.1 118.3 120.1 121.6 122.2 123.3 125.7 127.8 128.4 128.3 129.1 130.1 132.2 132 133.2 134.6 135.9 137.2 138.5 139.5 139.9 140.3 140.3 140.6 140.8 141 141.2 142.1 142.9 144.2 145.5 146.7 147.6 148.4 149.1 149.8 150.9 153.2 155.1 157.2 158.5 160.1 161.2 161.7 162.8 164.1 164.8 165.5 164.9 164.2 163.2 160.5 158.6 155.6 152.1 149.1 144 138.3 136.3
106.2 105.7 107.1 108 108.6 109 108.4 111.1 114.1 116.8 119 121 122.7 123.7 124.8 126.1 127.6 127.4 128 127.1 126.1 125.6 124.6 122.9 121.2 121.1 122.9 124.2 125.3 126.3 126.8 128.6 128.7 129.3 130.3 131.8 133.4 134.3 134.8 135.5 136.7 138 138.9 139.6 140.6 141 141.1 141.2 141.8 142.3 142.5 143.3 144.2 145.5 146.8 148 149.2 149.5 149.8 150.5 151.2 152.2 153.5 155.4 157 158.4 159.6 160.7 161.8 163.1 164.4 165.1 164.7 164.4 162.4 160 157.6 154.3 150.8 147.1 144.2 144.6 144
102.4 102.2 101.2 101.4 103.9 107.3 110.6 113.1 115.7 118.6 120.9 122.9 124.7 125.7 126.8 128.1 129.1 128.8 128.4 128.8 128.1 127.5 126.8 125.1 123.5 123.6 125.5 126.5 127.5 127.4 127.6 127.5 129.2 130.3 131.5 133 134.5 136.1 136.8 137.5 138.1 138.3 138.8 139.6 140.5 141.6 141.8 141.9 142.3 142.6 142.7 144.2 145.3 146.3 147.4 148.6 149.4 149.2 148.7 148.7 149.2 150.2 152.2 153.8 155 156.1 158 159.9 161 161.7 163.7 164.4 164.5 164.3 162.8 160.3 157.8 155.3 153.3 151.7 150.3 149.2 148.1
96.6 96 100.1 102.7 106.6 109.8 112.7 115.7 117.6 120.4 122.9 124.8 126.6 128 128.7 130 130.4 130.9 129.9 129.8 129.6 129 128.9 128.1 127.2 127.2 127.8 128.5 129.2 129.1 129.2 129.7 130.2 131 131.8 133.1 135.4 137.2 138.3 138.1 137.9 137.6 138.7 139.5 140.2 140.3 140.2 141.3 141.9 141.7 142.1 143.9 145.2 146.4 147.4 148.4 148.4 148.1 147.4 147.1 147 147.8 149.2 151.6 152.5 154.2 156.6 159.3 160.3 162.2 163.1 164.7 164.5 164.1 163.6 162.7 160.3 157.8 155.3 154.4 153.4 152 150.4
98.8 99.7 102.6 104.9 107.2 110.4 113.6 116.7 119.7 122.3 124.8 126.6 128.5 130.3 131 131.4 131.8 132.3 131.9 131.3 130.8 130.5 130.4 130 129.2 128.7 129 129.5 130.4 130.3 130.5 130.9 131.3 131.1 132.3 133.2 135.3 137 137.9 138 137.3 136.4 136.9 138.7 139.5 139.6 140.2 140.2 140.4 140.6 141.6 143.5 144.8 146.1 147.4 147.4 147.3 146.3 144.9 145 145.7 145.8 147.2 149.2 150.8 152.5 154.9 157.8 160.1 162.1 164.1 165 165.9 165.7 165.1 164.8 163 161.3 159.6 157.3 156.3 154.8 153.1
102.1 102.5 104.7 107.5 109.7 112.6 115.5 118.9 121.7 124.5 126.8 128.6 130.4 132.2 133.1 133.2 133.7 134.1 133.5 133 132.7 132.3 132.1 131.6 130.8 130.6 130.9 131.1 131.2 131.3 131.7 131.9 131.7 131.1 132.3 133 133.8 134.7 136 137.2 136.6 135.8 136.1 137.7 138.8 138.6 138.2 138.4 138.7 138.5 140.9 142.8 144.2 145.5 146.2 145.8 145.6 144 141.8 141.2 141.6 142.7 144.8 147.1 149.4 151.7 154.1 156.6 159.4 161.9 164.2 165.5 166.6 166.9 166.5 165.8 164.6 163.6 161.9 160.9 160 158.9 156.9
105.7 106.9 108.3 110.6 112.7 115 117.6 120.5 124.4 126.7 128.9 130.8 132.6 134.4 135.1 135.3 135.5 135.9 135.2 135.1 134.9 134.7 133.9 133.2 132.5 132.6 132.6 132.5 132.5 132.5 132.3 132.1 131.9 131.7 132.1 132.6 133.3 134 134.6 135.6 135.9 134.9 133.6 134.9 136.1 136.5 135.7 135.5 135.5 136.5 139.6 141.8 143.4 144.8 145 144.4 143.6 142.2 139.4 139.5 141.5 143.7 145.9 147.8 149.8 151.9 154.4 157 159.8 162.3 164.3 165.5 166.8 167.2 167.5 167.2 167.1 166.5 165.8 164.8 163.9 162.6 161.2
109.5 111 112.2 113.5 115.9 118.2 119.6 122.3 125.3 128 130.2 132.3 134 135.3 136.2 136.4 136.6 136.9 136.9 136.7 136.6 136.4 135.8 135.1 134.1 133.1 133 132.9 132.8 132.4 131.9 131.9 131.8 131.8 131.7 132 132.6 133.2 133.7 135 136.2 134.7 131.1 128.2 130 130.7 131.3 131.4 130.1 134.2 138.1 140.6 142.2 143.5 143 141.9 141 139.4 134.5 140.4 142.6 144.1 146.2 148.3 150.5 152.8 155 157.4 160.1 162.2 163.9 165.3 166.5 167.5 168 168.5 169 168.8 168.6 167.7 166.6 165.4 163.4
113.5 114.6 115 116.2 118.6 120 120.6 123.7 126.5 128.8 130.6 132.3 133.3 134.5 135.4 136.1 136.6 136 137.2 137.3 137.3 137.2 136.7 135.9 134.4 133.4 133.3 133.2 132.7 132.4 131.7 131.2 131.5 130.7 130.4 130.7 131.9 132.5 133.3 134.6 135.5 134.4 131.8 126.2 123.1 125.5 125.9 124.5 128.3 132.1 136.6 138.8 140.5 140.3 139.7 138.9 138 132.8 133.4 138.6 141.4 143.4 145.8 147.4 150.6 152.7 154.9 156.8 159 160.7 161.9 163.1 165 166.5 168 169.2 169.8 170.1 170.1 169.5 168 167.4 165.2
116.3 117.4 117.9 118.9 120.4 121.5 123.1 124.8 127.2 128.6 130 131.2 132.2 133 133.5 134 134.6 134.1 135.7 135.9 135.7 136.2 136 135.3 134.5 133.7 132.5 131.2 130.7 131.1 130.7 130.4 130.4 129.6 129 129.7 130.9 131.8 132.9 134.2 134.7 134 132.1 127.5 122 119.6 121.9 122.1 127.7 131.5 134.3 136.2 135.4 134.8 133 132.8 132.8 126.4 133.4 136.9 139.6 142.1 144.7 146.7 148.8 151.5 153.6 154.9 156.2 158.3 159.2 160.8 162.7 164.8 166.1 168.7 169.7 170.8 170.9 170.7 169.5 168.9 167.2
117.6 119.6 120.2 120.5 121 121.6 123.1 125 125.8 126.9 128 128.7 129.2 129.5 129.8 129.9 130.6 130.9 131 132.5 133.1 133.8 134.1 133.5 132.7 131.2 129.7 129.2 129.1 129.5 129.5 129.3 129.2 128.5 127.8 128.6 129.5 130.6 132 133.6 134 133.7 132.2 128.6 122.9 115 115.5 122.5 126.4 128.7 131.7 132.1 129.6 128.1 124.9 125.7 125.1 125.5 130.3 132.7 136.5 139.4 142.2 144.7 147.1 149.4 151.3 152.3 152.7 154 155.2 157.7 160.9 162.9 165.4 167.7 169 170 171.1 170.7 170.8 169.9 169.2
118.5 119.1 119.5 119.9 120.6 121.7 122.7 123.6 124.1 125.1 125.8 126.3 126.5 126.5 126.4 126.8 127.5 127.5 128.8 129.9 131.1 131.6 131.8 131.4 130.4 128.9 127.5 127.2 127.5 127.9 128.4 126.7 127.2 125.5 123.8 125.5 126.7 128.5 130.1 131.1 131.9 132.1 131.1 127.9 122.7 112.5 116.8 123.5 127.4 129.7 130.4 129.2 126.3 120.5 118.1 117.6 120.3 125.4 128.7 131.2 132.8 136.5 139.7 142.3 144.7 146.9 147.5 148.2 148.3 149.6 152.3 156.1 159.5 162.3 163.8 166 167.8 169.4 171.4 171.8 172.2 171.6 170.7
116.6 117.5 118.2 118 118.8 120 121 121.8 121.2 121.9 122.6 123.3 123.9 123.7 123.3 123.4 124.2 125.6 126.8 127.9 129.5 129.7 130 129.2 127.7 126.4 125.2 124.4 125.3 126 126.7 125 124.5 122.8 119.4 121.2 122.9 124.7 126.8 128.5 129.5 129.4 127.3 124.1 116.4 106.8 116.8 123.7 126.6 128.9 129.1 127.1 123.2 116.8 116.8 121.8 125.1 129.5 132.8 135.1 136.8 137.7 139.7 142.4 144.1 145.2 146.1 145.6 144.9 145.8 150 154.2 157.6 160.1 161.8 164.3 167.1 170.8 172.1 172.6 172.7 171.7 170.9
114.5 114.9 115.4 115.1 117 118.4 119.4 119.9 119.2 118.6 118.4 117.3 117.2 117.7 117.7 118.2 119.7 120.5 122.4 125.7 127.8 128.1 128.1 127.1 125.2 123.6 121.9 120.4 123.5 124.4 124.9 124.3 122.4 121.1 117 115.3 118.8 120.9 123.4 125.1 126.4 126 123.2 118.5 104.6 108.9 117.4 122.7 125.6 127.1 125.7 122.4 118.2 109.7 119.7 123.9 127.3 131.6 135.4 137.9 139.8 141.5 142.3 143.9 144.3 145.2 145 142.9 138.4 143.3 147.3 151.5 155.3 158 161.2 165.6 169.1 171.8 172.7 172.7 171.5 169.3 167.7
110.6 110.7 111.3 111.5 114.4 116.3 117.3 117.5 116.6 114.4 112.9 112.3 112 111.9 112.2 113.1 115 117.8 121.3 123.5 125.9 126.4 126.1 124.8 122.5 120.1 117.4 117.7 121.5 122.9 123.6 123 121.3 118.1 113.9 109.4 113.7 117.6 119.4 120.9 122.3 122.6 119.8 106.9 104.5 113.3 117.4 121.1 123.5 124.3 122.1 117.9 105.5 112.6 119.6 124.3 128.9 132.9 136.6 139.7 141.8 142.8 143.6 144.8 145.3 144.9 141.9 136.9 134.2 142.1 147.7 152.4 156.5 160.9 164.5 167.9 170.1 172.1 172.5 171.7 169.5 167.1 164.4
103.6 103.4 105 108.1 111.1 113.6 114.6 115 113.4 110.6 107.1 106.2 105.9 106.1 105.2 110.4 115.9 118.2 122.6 124.3 126.4 126.5 125.1 122.7 120.1 115.9 112.8 116.5 120.1 121.9 122.5 121.3 119.3 116 112.9 107.2 107.6 111.2 113.4 115.7 116.6 116.7 114.5 97.9 110.3 116.4 116.5 118.9 121.2 122.7 120.7 112.6 104.8 115.2 120.4 125.1 129.8 134.3 138.2 141.3 142.9 144.1 144.6 145.6 145.9 144.7 137.7 128.4 134.3 146 152 156.3 159.8 162.9 165.3 166.7 168.8 170.3 170.3 169.3 167.2 164 161.3
94.6 93.3 96.6 104.7 108 111 111.9 111.7 110.1 105.9 96.4 94.7 94.6 100.2 107.8 113.3 117.9 120.1 123.4 125.4 126.5 126.1 124.1 121.4 115.4 109.7 109.4 116.7 120.1 121.9 122.6 121 118.6 116.7 113.8 109.3 104.3 100.4 102.1 106.8 108.6 108.7 104.3 93.1 108.5 110.1 111.3 114 116.9 118.9 116.8 106.5 106.6 116.7 122.2 125.7 129.4 133.4 137.3 139.9 141.4 141.8 142.6 143.6 144.8 143.3 133.8 121.3 136.2 146.2 153.1 156.5 159.6 161.5 163.4 164.3 166.4 166.9 167.1 166.2 163.9 160.2 157.1
75.6 82.9 96.6 101.3 105.6 107.9 108 107.2 103.8 96 81.8 91.3 100.6 106.3 111.4 115.5 118.6 121.1 123.3 124.7 125.5 124.7 122.2 118.9 112.8 99.2 110.4 116.1 119.5 121.3 122.2 121.8 120.1 117.3 114.1 111.4 107.3 104.9 98.4 93.2 98.8 100.2 94.3 90 95.2 95.9 97.1 103.9 109.3 111.8 111.2 98 108.6 116.8 122.5 125.9 128.8 131.7 135.5 137.7 136.9 136 136.5 137.8 139.1 137.2 124.1 122.2 135.3 144.6 150.6 154.4 155.9 157.4 158.6 158.7 161.1 162.3 162.7 161.4 159.6 156.4 153.2
61.4 79.3 90.3 95.5 100.8 102.2 101.1 100.1 97.6 80.7 80.1 96.8 103.3 108.2 112.1 115.1 117.5 119.1 120.8 122 122.7 121.4 118.8 114 101.2 94.4 109.8 115 118.1 119.9 120.6 120.1 119.4 117.4 114.5 112 109 106.2 101.9 88.5 82.1 82.4 80.9 81.4 81.7 82.3 83.5 90.4 101 107 106.5 96.5 108.6 115.8 119 121.9 124.8 128 129.7 130 128 124.6 125.8 127.7 129.6 126.5 116.3 118 128.9 139.3 145.1 148.4 149.9 151 152 152.2 154.3 156.4 157.4 156.1 153.8 151.3 148.3
50 58.8 69.7 79 85.7 92.1 92 91 87.6 71.3 81.2 94.8 100.9 106.1 109.4 111.2 112.9 114.5 115 117.1 118.5 117.1 113.4 105.1 88 98.9 109.5 113.6 116.5 116.9 115.8 115.7 116.3 114.6 111.8 109.6 105.9 102.8 95.5 79.7 77.8 79 79.6 82.1 83.6 84.1 85 84.1 87.5 95.4 101.9 93 107.3 114.1 116.5 118.4 119.6 118.6 119.5 116.8 113.1 110.5 111.3 112.5 113.6 114.5 109 109.8 118.9 128.3 134.6 137.5 140.7 143 144 133.9 145 147.2 150 150.2 148.7 146.1 143.3
42.2 42.5 44.1 54.2 64.6 72.4 78.2 79.1 69.4 66.8 80.8 87.5 91.8 96.5 99.3 101.9 103.4 104.8 107.9 110.1 112.1 111.6 108.8 98 79.7 99 105.6 109 110.3 107.6 105.7 104.9 104.3 102.6 99.5 95.6 90.9 82.5 75.9 76.8 78.1 81.6 87.7 92.7 94.4 96 94.6 88 87.7 86.7 88.9 91 99.3 106.5 112.3 114.3 110.6 103.3 101.7 100 97.2 96.9 98.1 100.1 102.2 101.5 101.6 104.3 110.7 116.6 124.8 126.8 129.6 131 130.9 129.7 130.8 141.1 143.6 144.2 142.8 140.2 138
40.8 41.2 42.8 43.9 45.2 50.8 58.9 65 59.5 69 76.6 79.6 79.1 82 82.1 82.9 85.1 91 98.9 102.9 105.1 100.8 99.2 87.5 73 92.3 94.6 95.8 90.7 87.1 84.6 85.7 84.7 81.9 78.4 75.8 74.1 75.4 76.4 79.3 85.2 91.2 96.7 99.6 101.5 102 100.2 92.9 97.8 91.6 88 87.8 90.8 95.4 98.4 93.7 89.4 90.8 91.9 92.2 92.6 93.1 93.9 94.5 97.6 99.4 99.7 101.2 102.6 104.1 109.4 113.9 117.3 118.7 119.8 121.6 124.8 129.4 133.2 135.4 134.8 131.7 130.3
52.6 49.8 45 43 44.3 45.5 47.4 51.5 54 60.2 57.8 52.4 53.3 56.4 57.3 58.6 64.3 70.5 75.9 81.4 78.9 76.8 74.1 67.4 65.6 70.2 68.9 68.4 68 67.9 68.7 70 70.7 71 71.9 72.4 75.5 78.9 82.9 86.5 93.1 98.3 101.5 103.7 105.3 106.1 104.5 97.7 102.4 103 98.3 91.2 90 90.1 91.8 93 93.2 98.1 99.2 99.7 101.1 102.1 101 101.6 102.8 105.6 106.4 105.1 104.9 103.9 105.3 104.9 105 106.5 107.7 109.2 113.1 117.8 122.3 126.5 126.5 124.9 131
64.2 66.1 67.4 65 52.5 44 46.2 47.5 48.7 48.5 48.7 51.1 52.4 51.5 53.2 53.8 55 56.5 59 59.8 60.4 61.1 61.2 61.4 63.7 65.1 66.7 69.1 70.9 71.4 69.7 72 72.7 74.4 76.8 78.3 82.6 85.1 89.3 93.2 98.9 102.1 105.3 107.5 108.7 109.3 108 102.4 102.7 107 106.2 103.5 98.3 95.6 97.9 99.8 97.5 102.4 105.6 106.8 112.1 113.8 114.2 114.2 114.7 115.6 115.4 114 108.5 109.6 112.4 111.5 110.6 109.9 110.3 110 110.7 110.9 113.2 117.9 119.3 125.1 131.4
76.4 78.5 79.8 79.5 77 57.6 49.3 48.1 48.9 51.2 54.4 55.2 54.1 54.7 63.4 65.5 65.3 62.6 59.8 58.8 60.3 61.1 62.7 65.1 69 73.1 76.1 78.6 81.5 83.2 87 89.1 88.6 87.6 88.2 89.6 91.6 95.2 98.3 101.2 102.9 106 109 111.3 112.1 112.7 110.6 107.1 102.8 109 110.4 108.6 105.6 100.8 101.6 104.6 102.7 101.5 109.4 111.2 114.2 117.1 119.2 119.8 119.8 120 119.6 117.6 111.6 112.1 116.5 118.2 118.1 116.5 115.9 115.6 114.7 113.8 112.9 113.3 116.2 121.7 127.8
83.7 85.2 87 87.8 85.8 74.8 71.8 71.3 72.6 76.8 78.3 73.7 60.3 55.3 65.6 74.3 77.4 79.5 79.8 77.9 75.3 73.6 72.7 74 78.1 79.6 81.2 84.6 86.9 89.7 92.7 96.1 96.2 96.2 96.8 97.6 100.1 103.7 105.8 107.4 107 111.2 113.2 114.8 115.8 115.6 113 111.1 105.4 110.6 113.6 113.7 112.2 110.8 110.7 110.7 108.5 101.2 111.7 114.1 116.1 119 121.3 122.9 123.4 123.6 122.8 120.3 112.1 111.4 119.7 121.7 122.6 120.6 118.1 119.7 119.2 117.5 116.1 115.8 115.5 117.2 124.8
90.3 91.9 93.6 94.6 94.7 94.5 96 97.5 96.6 95.1 95.4 93.9 68.7 55.2 65 79.1 84.2 86.6 87.3 86.9 84.1 82.6 82.7 82.9 84.3 85.7 87.1 89.1 91.9 94.5 97.5 100.5 102 103 104.1 106.7 108.1 109.6 112.1 112.8 113.6 115.7 116.8 118.2 118.8 118.2 116.3 114.4 111.3 112.7 115.6 116.7 117.3 117.2 116.6 115.8 114 103.1 113.6 116 117.9 120.3 122.7 124.7 125.8 125.9 124.4 121.1 114.4 112.5 122.5 125.8 126.9 125.7 121.6 124.1 122.4 120.8 120 119.5 118.4 115.9 121
