webserver/python/data/SS31.asc
ncols 200
nrows 200
xllcorner 230000
yllcorner 110000
cellsize 50
[rows 0 to 34 of 200, columns 0 to 77 of 200]
152.8 153.6 155 156.3 157.2 158.3 159.7 161.5 162.7 164.3 164.8 165.2 165.6 166 168.6 169.8 171.1 173.1 174.9 176.4 177.9 180.4 183.2 185.6 188.1 189.9 191.4 192.4 193 193.4 194 194.2 193 191.2 189.5 186.6 183.2 179.6 175.8 174 175.5 177.7 180.3 182.3 182.9 182.9 182.4 181.9 180.9 179.6 177.5 174.6 171.1 168.1 165.4 163.7 162.1 160.2 158.9 157.2 156.4 155.5 154.5 153.6 152.8 151.5 150.9 150.7 152 151.8 151.1 151.5 152.6 153.8 155.3 155.5 155.3 153.6
152.2 153 154.9 156.8 157.7 159 160.2 161.5 162.7 163.8 165.3 166 166.6 168.1 169.7 171.1 172 173.8 175.7 177.5 179.3 181.6 183.3 185.4 187.5 189.4 190.8 191.2 191.2 192.3 192.6 192.8 192.4 190.8 188.8 186.4 183.6 179.8 176 173.2 175.4 178 180.5 182.5 183.4 184 184 183.6 182.6 181.7 179.8 176.7 173.6 169.7 167.5 165.2 163.3 161.5 159.7 158 156.8 155.8 154.9 153.9 153.1 152.3 151.3 151.4 151.5 152.7 153 153.4 154.9 156.2 157.5 158 158 155.8
152.3 152.6 154.8 157.4 158.9 160.4 161.9 163.6 165.1 166 166.8 168 168.6 169.5 170.9 172.5 174.1 175.9 177.8 179.6 181.4 183.4 183.6 184.9 186.9 189 190 190 189.5 190.4 190.8 191.1 191.4 190.3 188.2 185.9 183.3 179.4 175.3 171.9 173.7 176.9 179.7 181.4 182.6 183.4 183.6 183.8 184 183.5 181.6 178.2 175.1 172.5 169.6 166.5 164.3 162.7 161 158.9 157.4 156.3 155.2 154.3 153.3 153.2 153.1 153 153.3 154.1 154.5 155.5 157.2 158.7 159.8 160.6 160.5 159.1
152.1 152.9 155.7 158.2 159.9 162 164.2 165.3 167.3 168.1 168.9 169.8 170.6 171.4 172.9 174.5 176.2 178.1 179.8 181.7 183.5 184.8 185.6 186.2 187.2 188.4 188.9 188.2 187.6 188.2 188.8 189.4 189.9 188.7 187.4 185.3 182.8 179.2 175.1 172 171.3 174.9 178.1 180.1 181.3 182.4 183.2 183.5 183.8 183.4 182.1 179.3 176.5 174 171 167.4 165.3 163.9 161.5 159.8 158.1 156.9 156.1 154.8 154.4 154.3 154.2 154.2 154.6 155.5 155.9 157.5 159.1 160.9 162.2 162.9 163.1 162.4
151.9 153.5 157.4 161.7 163.6 165.5 167.4 168.5 169.8 170.7 171.5 172.4 173.7 174.2 174.9 176.6 178.4 179.4 181.3 183.1 184.3 185.4 186.5 187.1 187.7 187.9 187.7 186.4 186.2 186.8 187.3 187.3 187.8 187.3 186 184.6 182.2 179.5 174.9 172.2 169.3 172.7 175.9 177.9 179.4 180.5 181.4 182.2 182.7 182.2 181.7 179.7 177.4 175.2 172.6 169.1 167.1 165.6 162.9 160.9 159.1 158.5 158 155.6 155.6 155.6 155.5 155.7 156 156.8 157.9 159.5 161.2 162.7 164.3 165.8 166.1 165.6
151.7 155.4 160.8 165.1 168 169.7 171.1 171.7 172.2 173.4 174.3 175.4 176 176.9 176.7 177.8 178.5 179.6 181.5 182.9 184.3 185.4 186.6 187.9 187.7 187.4 186.7 185.7 184.4 184.5 184.5 184.9 185.7 186 184.6 183.4 181.6 179.3 175.4 172 169.7 169.6 172.1 174.1 176.3 178.2 179.2 180.2 181.1 180.9 181.3 180.5 178.9 177 174.2 171.7 169.1 167 164.7 162.5 160.4 159.8 159.4 157 156.8 156.9 157 157.4 157.8 158.8 160.3 161.9 163.7 165.4 167.3 168.8 169.3 168.3
153.4 152.6 165.6 170.1 172.5 173.1 174.4 174.7 174.8 176 177.1 177.5 177.8 178.1 177.2 177.8 178.4 179.8 181.3 182.7 184.1 185.1 186.6 187.6 187.7 186.9 185.7 184.6 182.3 181.8 182.1 182.8 183.7 184.1 183.3 182.1 180.9 178.7 175.2 172.9 170.5 167.8 168.3 171 174 175.7 176.7 177.9 179.4 180.6 181.1 180.9 179.7 178 176.5 174.6 171.9 169.4 166.9 164.2 162.3 159.4 159.2 159.1 159 158.7 158.7 159.1 159.8 161.7 163.4 165.1 167 169 170.7 171.8 172.3 171.4
151.9 161.4 168.2 172.7 174.7 175.1 175.5 176.4 176.5 176.8 177.3 177.6 177.4 177.1 176.7 177.2 178.4 179.8 181.1 182.3 183.4 184.4 185.7 186.3 186.8 186.1 185 184.2 181.4 179.8 179.9 180.7 181.6 182.1 181.9 181 179.6 178.1 175.5 173.7 171.3 167.5 167 169.4 171.9 173.7 175.2 176.7 178.2 179.6 180.3 180.5 179.4 178.5 177.6 176.7 175.2 172.8 170.8 167.3 164.9 162.9 162.2 161.5 161.2 160.9 161.2 161.5 162.6 165.1 166.9 168.7 170.4 172.1 173.3 174.1 174.7 173.8
151.6 160.2 167.9 171.7 174.6 175.3 176.7 176.6 176 175.7 176.2 175.6 175.6 175.6 175.4 176.3 177.3 177.9 179 180.2 181.3 182.5 184.2 184.9 185.5 185.7 185.1 183.9 181.3 179 178.2 178.8 179.2 178.7 178.3 178.3 178.3 177.6 176 173.6 171 167.9 164.4 168.8 170.7 172.7 174.2 175.6 177 178.4 179.3 180.1 180 179 178.1 177.3 176.9 176.5 175 172.9 171.7 168.9 166.5 165.9 165.2 164.2 164.3 164.5 165.6 167.8 170.3 171.9 173.5 174.9 175.9 176.5 176.7 176.3
150.8 158.9 165.8 169.9 173.2 174.7 175.3 175.1 173.4 172.3 173.3 170.4 174.4 172.5 172.5 173.4 174.3 175.2 175.9 177.1 178.4 180.5 182.2 183.2 183.8 184.2 183.8 183.2 181.3 178.7 177 176.9 176.8 176.7 176.9 176.8 176.6 175.4 173.5 171.7 169.2 166.1 164.4 168 169.2 171.4 173.3 174.8 176.2 177.6 179 179.7 180 180 179.8 179.6 179.3 178.9 178.3 176.6 176.1 174 172.3 170.4 169.6 168.7 168 167.9 169.4 171 173.4 174.8 176.3 177.4 178.3 178.5 178.7 178.9
150.3 155.8 163.6 167.8 170.8 171.8 172.5 171.7 170.3 169.3 169.9 171.3 169.1 169 169.6 169.9 171 172.3 173.2 174.3 176.1 177.8 179.6 180.7 181.3 181.8 181.8 181.1 179.2 177.7 175.5 175.2 174.8 175.3 175.5 174.6 173.6 172.4 170.6 168.9 167.1 164.2 164.3 167.9 167.8 170.1 172 173.9 175.4 176.5 178.3 179.7 180.4 180.9 181.3 181.2 181.5 181.1 181.8 179.6 177.5 176.3 175.1 174.4 173.4 172.5 172.3 172.3 173.4 174.8 176.6 178.1 179 179.7 180.4 180.7 181.2 181.6
150.1 153 160.8 165.1 167.5 168.8 168.5 167.2 166.2 166 165.8 166.3 165.5 166.1 167 167.3 168.7 169.6 170.4 171.9 173.8 175.4 176.5 177.2 177.8 178.4 178.6 178.2 176.7 175.4 173.4 173.3 173.6 173.2 172.8 171.9 170.7 169.5 168.2 166.9 165.5 161.7 163.2 167.9 167.1 169.5 171.4 173.2 174.3 176.1 177.2 178.6 179.8 180.8 181.3 181.7 181.8 180.4 180.1 178.1 177.4 176.6 175.4 174.3 173.9 174.8 174.5 175.2 176.3 177.9 179.5 181.6 182.7 183.3 183.4 184 184.6 184.7
149.6 151.5 157.9 162 164 164.9 164.7 163.6 162.9 162.7 162.4 162.5 162.7 163.1 163.7 164.3 165.9 167.3 168.3 169.8 171.1 172.4 173 173.7 174.3 175 175.3 176 174.8 173.2 171.7 171.8 171.7 170.7 170 169.2 168.3 167.6 166.3 164.9 163.6 161.1 163.7 166 167.6 169.1 170.2 171.3 171.5 172.7 175.2 177.1 177.3 179 180 180.4 180.2 179.7 178.8 176.8 175.7 175 174.4 174.2 174.7 175.2 175.5 177 177.7 179.7 181.5 183.3 184.9 185.6 185.6 186.8 186.8 186.4
150 150.7 155.8 159.1 160.8 161.9 161.5 160.7 160.2 159.9 159.8 159.9 160 160.5 161.1 161.8 163.6 164.7 165.8 166.9 168.3 169 169.7 170.3 171 171.6 172.3 173.7 173.2 171.7 170.4 169.3 168.9 168.1 167.3 166.9 166.7 165.9 164.4 162.8 161.3 160.5 161.3 163.5 165.6 166.7 167.5 168.3 168.8 168.9 170.2 173 173.1 176 177.3 177.9 177.7 177.1 176.5 175.6 174.1 173.5 173 172.7 173.5 174 174.7 175.8 176.5 178.9 181.1 183.1 184.6 185.7 185.6 186.8 186.5 185.8
149.9 149.4 153.8 156.8 157.9 159.1 159.2 158.6 158.1 157.6 157.7 157.8 157.9 158.5 159.2 160.4 161.8 162.8 163.7 164.8 165.6 166.9 167.6 168.2 169 169.8 170.5 171.4 171.6 170.2 169.1 167.9 167.2 166.7 165.9 165.3 165 164.1 162.5 161.1 160 159.5 159.4 160.9 162.3 162.9 162 162.3 162.4 162.6 164.5 167.4 171.1 172.6 174.4 174.9 174.9 174.4 173.8 172.9 171.7 171.1 170.5 171 171.6 172.1 173 174.4 175.2 177.7 180.1 181.7 183 183.6 183.6 185.3 185 184.5
149.5 148.6 151.3 154.5 155.4 156.4 156.8 156.4 156 155.4 155.4 155.7 155.8 156.7 157.8 159 160.1 161.1 162.2 163.4 164.3 164.8 165.6 166.6 167.3 168.2 169.2 169.9 169.9 169.1 168 167 166.3 165.8 164.5 163.6 163.4 162.6 161.5 160.3 159.2 158.6 158.2 158.4 159.5 158.6 157.6 156.8 156.4 156.7 158.8 162.6 166.5 169.2 171.3 171.8 171.7 171.5 170.7 169.4 168.8 168 168 168.7 169.7 170.2 171.3 172.6 174 175.8 177.6 179.8 180.8 180.7 181 182.8 182.6 182.1
150.3 147.9 149.1 152 153.5 154.2 153.9 153.8 153.6 153.3 153.7 154 154.3 155.3 156.4 157.5 158.6 159.7 160.8 161.9 163 163.6 164.6 165.4 166.4 167.3 168.3 168.9 169.3 169.1 168.2 167 165.7 164.4 163.2 162 162 161.4 160.3 159.2 158.1 157.7 157.2 156.9 156.8 155.6 153.9 153.2 152.9 152.9 154.4 158.8 162.7 165.6 167.9 168.7 168.7 167.8 166.8 166 165.4 165.4 165.5 166.4 167.7 168.3 169.5 170.9 171.3 172.5 174.3 174.8 178 178.5 179 179.5 179.8 179.3
151.2 149.3 147.6 149.8 151.3 151.5 151.8 151.9 151.7 151.4 152 152.5 153.2 153.8 154.7 155.8 157 158.2 159.3 160.5 161.7 163.1 164.3 164.9 165.6 166.4 167.2 168.2 169 168.9 168.1 166.9 165.3 163.9 162.6 161.5 160.8 160.3 159.2 158.2 157.6 157.1 156.6 156 155.4 156.2 156.6 156.6 154.9 151.7 153.1 156 159.5 161.3 163.8 165.1 165.2 164.7 163.7 162.7 162.2 162.3 163.1 164.1 165.5 166.4 167.6 168 168.4 169.7 172.9 172.6 173.1 172.5 175.8 176.1 176.7 176.4
150.7 149.7 148 147.9 149.3 149.5 149.8 149.6 150.2 151 151.6 152.5 153.3 153.9 154.8 155.9 157 158.1 159.3 160.5 161.7 162.9 164 164.6 165.3 166.1 167.1 168.2 168.8 168.3 167.5 166.2 164.8 163.8 162.8 161.8 161 160.3 159.5 158.6 157.9 157.3 156.8 156.6 157.8 158.8 159.8 160.2 159.9 157 153.3 151.8 153.9 156.4 159.2 161.4 161.6 161.2 160.7 159.3 159.1 158.8 160.6 161.8 163.2 164.5 164.8 165.2 165.7 166.3 167.5 168.3 169.6 170.2 172.3 173.1 173.3 173.3
149.5 148.9 148.3 147.3 147.7 148.2 149.4 150.3 151 151.6 152.3 153.1 153.9 154.5 155 156 157.1 158.2 159.3 160.5 161.6 162.7 163.7 164.9 165.7 166.5 167.4 168.3 168.3 167.5 166.8 165.6 164.9 164.2 163.4 162.5 161.7 161.1 160.3 159.5 159.1 158.7 158.4 158.3 159.3 160.4 161.9 162.3 161.9 159.8 156.1 152.7 150.5 151.5 154.4 157.2 157.9 157.5 157.3 157 156.4 156.8 158.2 159.8 161.1 162.4 162.6 162.7 162.9 163.7 164.8 164.4 164.7 166.4 166.9 167.8 169.1 169.4
149.1 149.2 148 146.9 147.5 148.4 150.1 151 151.8 152.6 154 154.3 154.6 155.3 156.2 157.1 158.1 159 160 160.9 162.2 164.1 165.2 165.4 165.5 166.9 167.4 167.7 167.5 167.1 166.8 166.2 165.3 164.7 164.1 163.1 162.5 161.9 161.2 160.7 160.3 159.9 159.6 159.5 160.3 160.8 162.2 162.7 162.6 161.3 158.8 154.6 151.5 148.9 149.7 152.4 153.4 154.1 154.1 154.1 153.9 155 156.3 157.7 159 160.3 160.9 161 161.3 161.2 161.8 162.1 162 163.3 164.6 164.7 165 165.7
149.9 147.8 147.6 147.9 147.3 148.4 150.6 151.9 152.9 154 155.6 155.7 155.7 156.8 157.5 158.4 159.4 160.3 160.9 161 162.2 164.1 165.1 165.3 165.8 167.6 168.1 168.5 168.4 168 167.6 167.7 166.7 165.7 164.7 163.9 163.4 163 162.4 162 161.7 161.2 160.3 159.9 160 160.3 161.4 161.7 161.8 160.7 159.4 155.6 152.2 149.8 146.7 149.3 150.6 151.8 152.3 152.2 152.7 153.7 154.9 156 157.3 158.6 159.4 159.6 159.7 159.6 159.5 158.5 159.3 161 161 160.9 161.7 162.6
150.5 149 147.5 147.5 146.9 147.9 149.8 152.5 154.4 155.6 156.5 157 157.2 158.9 158.8 159 160.7 160.9 161 161.1 162.5 163.9 165.2 165.6 166.4 168.3 169.2 169.5 169.1 168.8 168.5 168.8 168.4 167.6 166.8 166.2 165.7 165.1 164.3 163.5 162.8 161.8 160.8 159.7 159.5 159.6 159.8 160 159.8 159 157 154.6 152.9 149.9 146.8 147 148.2 149.1 150 150.6 151.9 152.8 153.8 155.5 156.9 157.8 158.5 158.4 158 157.7 157.4 156.6 156.8 157.4 157.8 158.4 159.3 160.2
152.9 150.7 148.7 147.3 147.7 147.5 149.6 152.3 154.9 157.6 159.1 160 159.5 160.1 160.7 160.3 160 160.8 161.1 161.4 162.5 163.5 165.2 166.5 167.4 168.7 170.1 170.5 170.2 169.9 169.7 170 170.4 170 169.2 168.6 168.3 167.1 166.3 164.4 163 161.9 160.4 158.7 158.1 157.6 157.4 157 156.7 155.5 154.3 153.2 151.9 148.7 146.5 145.8 146.8 147.9 148.4 150 151.2 152.4 153.6 155.2 156.8 157.8 158.5 158 157.2 156.1 155.2 154.9 154.6 155.1 155.5 155.8 156.7 157.6
155 153.7 151.8 148.4 147.1 147.3 150 152.8 155.9 159.3 160.7 161.6 161.5 161.2 160.2 159.2 159 159.1 160 161 161.5 162.4 164.6 166.6 168.4 169.9 171.3 171.6 171.3 171 171.1 171.2 171.6 171.8 171.6 171.2 170.4 169.2 167.5 165.4 162.6 160.5 158.8 157.1 156.1 155.4 154.8 154.4 154 153 151.8 150.6 149.2 147.1 145.1 145.7 146.8 148 149.2 150.4 151.1 152.3 153.8 155.4 156.9 158 158.7 158.2 157.5 156.5 155.4 154.1 153 152.8 153.2 153.6 154.1 154.9
157.1 156.3 154.8 151.1 147.3 147.4 150.3 153.6 156.8 159.2 160.4 160.5 160.3 159.4 158.6 157.7 157.5 157.3 158.8 158.6 160.3 162 163.9 166.3 168.7 170.3 171.5 172.4 172.4 172.4 172.4 172.5 172.8 172.8 172.9 172.5 171.6 170.2 167.8 164.3 161.6 159.1 157.1 155.5 154.1 153.3 152.4 152 151.6 150.8 149.6 148.4 147.1 145.6 143.6 147.2 148.3 149.8 151.1 152.1 152.8 153.5 154.2 155.9 157.6 158.8 159.4 159.2 158.1 157.1 155.9 154.3 152.6 151.1 151.2 151.6 151.5 152.1
159.2 158.6 157.8 153.9 148.6 147.2 151.5 155.2 157.5 158.6 158.5 157.7 157.5 157.1 156 155.5 155.2 155.3 156.1 157.4 159.3 161.6 163.9 166.4 168.7 170.7 171.8 172.7 173.2 173.3 173.2 173.1 173.3 173.5 173.3 172.7 172.1 170.6 167.2 163.4 160.6 158.1 155.6 153.7 152.2 151.2 150.3 149.7 149.1 148.5 147.4 146.2 145.1 144.3 144.6 148.4 149.9 151.5 152.9 153.8 154.5 155.2 155.8 156.8 158.1 159.6 160 160 158.9 157.7 156.2 154.5 152.8 151.1 149.5 148.9 149 149.3
160.5 159.9 158.3 156.4 150.4 146.5 150.8 155.4 157.3 158.3 158 155.8 155.3 154.4 153.8 153.3 152.9 153.5 154.9 156.8 158.8 161.5 163.7 166.5 168.8 171.1 172.1 172.4 172.8 172.9 172.8 172.2 172.2 172.3 172.4 171.8 171.3 169.8 166.9 162.7 159.5 157.1 154.6 152.3 150.7 149.4 148.3 147.3 146.7 146.1 145.2 144.1 143.3 143.9 145.7 149.1 151.6 153.3 154.8 155.5 156.2 156.8 157.3 158.4 159.5 160.5 160.4 160.3 159.3 157.6 156.4 154.8 153.1 151.3 149.9 148.9 147.8 146.8
159.5 158.9 157.9 155.3 151.4 146.6 149.3 153.9 156.3 157.4 157.7 154.6 154.6 152.8 151.4 151 150.9 152.3 154.3 156.3 158.4 161.9 164.9 167.1 168.7 170.1 170.5 170.4 171 170.9 170.7 170.1 170.2 170.9 171.1 170.6 170.1 169.1 166.5 163 159.6 156.5 154 152 150.1 148.4 146.9 145.8 145 144.5 144.1 143.2 142.4 143.4 146.1 149.4 151.8 154.1 156.1 157.2 157.9 158.4 158.9 159.9 160.4 161.4 161.1 160.9 159.9 158.4 156.7 155 153.3 151.6 150.5 149.6 148.8 148
159.1 158.2 156.9 154.6 150.8 147.5 147 151.4 154.9 156.2 156.3 154.6 154.2 151.3 149.4 149.1 150 152.2 154.3 156.4 158.6 162.2 164.8 166.5 167.9 168.8 168.8 167.8 168.1 167.5 167.5 167.5 168.1 168.7 169.5 169.6 169.4 168.4 166.5 163.7 160.7 157.5 154.3 152.3 150.4 148.9 147.4 145.8 144.2 143.3 142.9 142.4 141.5 143.8 146.5 149.4 151.9 154.3 156.6 158.4 159.6 160 160.4 160.6 161.2 162.3 162 161.6 160.7 158.8 157 155.3 153.6 152.5 151.7 150.8 150 149.2
159.1 157.5 155.9 154 152.7 148.8 144.6 148 151.8 153.2 153.4 153.3 151.5 149.2 148 148.4 149.7 152 154.7 156.7 159 162.3 164.4 166.3 167.3 167.3 166.1 165.3 164.6 163.9 164.1 164.1 164.8 165.9 167.1 167.9 167.5 166.9 165.5 163.6 161 158.5 155.3 152.6 150.8 149.4 147.5 145.7 144 142.7 142 141.5 142 144.1 146.9 149.5 151.7 153.8 156.6 159 160.5 161.4 161.9 162.2 162.1 163 162.9 162.3 161.2 159.3 157.5 155.6 154.8 154 153 152 151.2 150.5
158.3 157.2 154.8 154.3 153 150 146.8 145.7 147.7 149 150.2 150.2 149.1 148.2 146.7 147.5 148.8 151.2 153.7 156.3 158.8 161.8 164.4 165.8 166.1 164.5 163.2 163.1 161.7 160.4 160.1 160.3 161.3 161.8 163.2 164.5 165.2 164.9 163.7 162.3 160.5 158.1 155.6 153.2 151.1 149.3 147.5 145.6 143.9 142.4 141.2 141.1 142.4 144.6 147.1 148.9 150.7 153.4 155.7 158.1 160 161 162 161.7 162.3 162.4 162.7 162.2 161.9 160.2 158.4 157.1 156.2 155.8 155.2 154.4 152.8 152.1
154.6 154.2 153.4 150.7 149.4 147.4 145.2 144.4 145.7 146.4 146.9 147.5 147 146.1 145.3 146.5 147.9 150.3 152.5 156.3 158.8 161.6 163.7 164.3 163.4 161.7 160.3 160 158.3 156.9 156.2 157.5 158.7 159.2 159.7 161 162.3 162.3 161 160.3 160.5 158.1 155.6 153.1 151.2 149.2 147.4 145.5 143.9 142 140.8 140.3 142.2 144.6 146.5 147.8 150.1 152.4 154.8 157.1 159.1 159.9 159.9 160.2 160.7 161.2 161.5 161.5 161.9 160.9 159.7 158.7 158.1 158 158 157.1 155.8 154.5
148.9 147.4 146.5 146.2 146.1 146 146.1 145.7 145.1 144.7 145.1 145.6 145.2 144.9 144.9 145.8 146.7 149.1 151.8 155.7 158.8 160.7 162.1 162.8 161.5 160.3 157.4 156.9 155.5 153.9 152.3 154.7 155.9 156.8 157.1 158.4 159 158.8 158.6 158.3 158.7 158 155.6 153.5 151.7 149.4 147.4 145.5 143.6 141.7 140.8 139.3 142 144 146 147.2 149.1 151.5 153.8 155.3 156.7 156.6 156.6 157.3 158.1 158.7 159.8 160.7 161.6 161.8 161.7 161.1 161.7 161.1 161.1 159.8 158.6 157.8
149.6 149.1 148.6 148.9 149.2 149.3 149 148.4 147.6 145.5 144.4 145.3 145.5 144.7 144 144.5 145 147.9 151.2 155 157.6 159.1 160.4 160.7 159.9 157.8 155.7 154.6 153.2 152 151.6 151.6 152.5 153.8 154.7 155.6 155.3 155.3 155.9 156.3 156.7 157.2 155.6 153.8 152.1 149.9 147.6 146 144.2 142.3 140.8 139.6 140.2 142.8 145.3 146.8 148.1 149.7 151 152.5 153.1 153.2 152.9 153.9 155.3 157.1 158.8 160.3 161.8 162.8 163.8 164.7 165.8 165 164.5 164 163.2 162.4
