webserver/python/data/SS32.asc
ncols 200
nrows 200
xllcorner 230000
yllcorner 120000
cellsize 50
[rows 148 to 184 of 200, columns 84 to 167 of 200]
191 194 196.4 197.9 199.4 201 202.6 203.8 205 205.8 206.5 205.8 205.4 204 202 199.9 197.3 194.8 192.3 191.2 190.9 189.5 187.7 184.2 184.9 184.1 183.4 183.5 184.4 185.5 185.9 185.7 184.9 185 185.9 187.4 187.8 187.1 185.5 186.3 185.9 185.2 183.7 182.9 184.8 186.3 189.3 193.8 196.2 196.8 196.5 194.8 192.9 191.3 190.3 188.7 187.9 187.2 186.3 185.8 185.5 185.3 185 184.8 184.1 182.9 180.7 178.7 176.9 174.1 169.9 165.6 161.1 155.2 148.6 141 129.3 117 110.8 119.6 129.5 138.9 146.1 152.1
190.9 193.7 196.3 198.8 201 202.2 203.6 204.3 205.6 206.8 207 207.1 206.5 205.8 204 201.6 199.3 196.7 194.5 193.9 193.6 192.5 190.6 188.4 188 186 185.4 186.3 186.1 187.6 188.1 188.3 187.7 187.2 188.6 190.1 190.8 190.5 188.5 188.9 189 188.5 186.9 186.1 187.8 189.9 193 196.6 199.7 201.3 201.6 201 198.8 196.7 195 192.6 190.3 188.1 186.6 185 184.6 184.6 184.6 185.3 184.9 184.3 182.9 181.7 180.2 176.9 172.9 168.3 163.3 157 150.1 141.2 131.7 121.4 113.8 111.9 120.5 130.1 138.6 145.2
192.2 193.9 196.5 199.6 201.4 203.1 204.5 206.2 206.9 207.3 207.4 207.8 207.4 206.5 205 203.2 201.1 198.9 197.1 196.7 196 194.5 192.3 190.9 189.4 186.2 187.5 188.3 189.6 189.6 189.7 189.6 188.6 188.4 189.4 191.2 191.9 192.4 191.2 191.6 191.7 190.5 189.8 188.4 189.3 190.8 193.6 195.9 198.8 201.5 202.5 201.2 199.5 197.6 195.7 193.7 191.8 187.2 185.2 183.8 182.7 183.2 183.6 183.9 183.4 183 182.4 181.1 179.5 177.3 173.4 169.1 163.4 158.5 153.7 149.3 141.8 130.5 118 108.3 111.3 120.4 132.1 140.8
195.2 196.3 197.1 200.3 202.2 204 205.3 207.2 207.6 207.5 207.7 208.1 207.7 207 205.4 203.5 201.9 200.7 199.4 198.2 196.9 195 193.2 191.5 189.4 186.9 188.6 189.5 188 189.4 190.7 190 188.7 187.7 189.3 190.9 192.6 193.4 193.2 193 192.8 190.9 190.2 189.3 189 190.5 192.1 193.5 195.1 197.5 198.2 197.2 195.8 194.2 192.9 191.4 189.6 186.7 183.9 181.7 179.6 179.3 180.2 180.9 181 180.7 180.5 180 179 176.9 173.9 169.7 164.3 160.6 156.1 150.9 145.4 137.3 125.4 113.4 105.3 112.7 122.3 131.3
197.7 198 199 201.3 203.3 204.9 205.8 207.2 208 207.9 207.8 207.1 207.9 207.2 206.3 204.6 203.2 201.7 200.2 198.6 197.2 195 193 191.4 188.5 187.7 186.7 186.4 186.7 186.9 187.5 187 185.7 186.1 187.5 189.4 191.3 193 193.3 193.5 193.4 191.4 190.5 189.6 188.5 188.6 189.3 189.7 190.7 192.6 193.5 192.6 191.6 190.5 189.3 188.2 186.4 184.1 181.5 179.1 177.6 175.9 176.4 176.9 176.7 176.1 175.8 176.3 176.2 174.1 171.6 167.7 161.8 158.4 153.8 148.6 142.7 135.5 127.2 120.5 109.9 103.9 106.3 114.9
199.2 199.2 200.5 201.7 204.2 205.7 206.9 207.4 208.2 208 207.7 206.8 207.5 207.3 206.3 205 203.5 201.8 200.1 198.4 196.3 194.1 191.1 189.6 187 185.9 184.5 183.9 183.2 182.8 182.9 183 183.4 184.4 186.2 188.8 191.3 193.4 194 194 193.5 191.9 191 189.6 188.5 187.4 186.4 186.2 186.7 188.1 189.2 188.2 187.1 186.8 185.7 184.6 183.3 181.5 179.2 177 175.1 173.1 172.6 171.9 171.2 170.6 171.4 171.6 171.2 169 166.5 163.2 158.1 154 149.2 143.4 136.8 131.6 123.8 118.1 104.2 102.6 102 99.6
200.2 200.2 200.5 201.7 203.2 205.1 206 206.6 207.7 207.7 207.5 207.2 207.1 206.4 204.9 203.1 201.4 199.6 198 195.6 193.4 192.3 190.2 187.2 185.7 184.1 182.6 181.3 180.5 180.2 180 180.6 182 184.2 186.4 189 191.5 194.1 195 194.6 193.5 192.5 189.9 189 188 186.3 184.8 183.4 183.3 184.5 184.8 183.7 182.7 182.3 181.1 179.8 179.5 178.8 176.8 175.5 173.2 170.7 168.5 167 166.1 165.5 164.6 165.2 164.6 163.1 160.7 157.6 153 144.6 134.5 125.1 118.8 113.7 113.9 107.6 104.8 107.4 107.6 103.3
199.7 200.3 199.5 200.9 202.1 204.4 205.3 206 207.1 207.4 207.2 207 206 205 204 201.6 199.4 197.4 195.1 193.7 193.3 192.1 190.5 188.7 186.8 184.7 183.4 181.8 180.3 178.5 177.6 179.5 181.8 184.3 185.7 188.1 190.7 194 195.8 195.4 193.9 191.6 188.9 188.1 187.1 185.2 183.6 182.2 180 180 180.1 178.8 177.5 176.5 176.8 177 176.3 175.9 174.7 174.7 173.2 170.6 167.9 163.9 161.3 159.2 157.7 157.2 155.4 153.4 149.4 142.7 135.4 130.6 129.3 128.6 125.9 117 106.7 107.8 114.1 118.8 116.7 110.9
196.2 196.4 195.8 198.5 200.9 203.8 204.4 205.3 206.8 207.4 207 206.8 206.3 204.8 203.1 201.4 199.1 197.6 196.5 195 193.8 192.5 191.9 190.4 188.8 186.7 185.2 183.8 182.3 180.4 176.6 179.1 182.4 183.7 184.8 187 189.1 192.2 193.7 193.5 192.3 189.8 187.9 186.2 184.9 184 182.3 180.2 178 175.7 175.6 174.3 171.4 170 173.3 173.4 172.7 173.9 174 174 173.3 170.4 168.8 165.2 161.9 158.6 155.4 152.6 150.6 149.1 146.3 144 141.7 140.1 139.3 137.1 129.3 111.9 108.7 117.4 124.2 124.9 122.5 119
193 192.3 192.2 194.6 197 200.4 203.1 204.6 206.4 207.6 206.8 206.9 205.7 203.9 203.2 201.7 199.5 198 197.4 195.9 194.4 193.1 192.3 191 189.7 188.2 187 185.4 184.2 182.1 177 177.7 182 183.2 183.5 184.6 185.6 189.3 191.2 190.9 189.2 186 185.5 184.6 182.2 181.1 181.6 179.9 178.4 175.3 171 168.6 165.4 163.5 167 168.3 168.2 172.4 173.1 173.2 173.2 171.3 169.6 166.6 163.3 160.4 158.4 155.3 155.3 154.9 153.5 151 149.1 148.2 145.8 141.2 129.9 109.9 116.4 126.5 128.9 128.8 128.5 125.6
188.3 188.9 190 192 195 197.7 200.6 203.8 206.6 207.2 206.7 205.9 204.4 202.9 201.9 200.7 199.5 198.1 196.5 195.1 193.7 192 192.1 191.3 190.1 188.7 187.3 185.6 183.1 179.5 175.2 172.2 176.7 178.5 178.8 180.5 182.6 187 189.2 188.3 186.6 183.3 181.3 179.6 178.7 178 178.4 177.9 176.2 174.8 170.8 167.8 164.6 159.9 160 162.3 167.4 171.6 173.7 173.5 172.8 172.5 170.8 168.8 165.6 161.9 159.9 158.6 157.8 157.1 155.9 154.7 154.6 153.4 150.8 136.6 119.7 111.8 125.2 132.4 134 133.2 132.5 131.6
183.5 185.3 186.8 188.7 192.3 195.6 200 203.3 205.3 206.7 206.2 204.4 202.7 200.5 199.7 198.5 197.1 195.8 194.9 193.6 192.3 190.5 190.5 190.3 189.8 188.5 186.9 185.8 183.4 181.2 179.1 173.3 174.7 175.8 176.6 176.9 179.3 185.1 188 186.4 184.2 180.2 175 173.4 171.7 169.7 170.2 170.8 169.6 167.7 168 166.5 165.5 164.2 154.5 161.2 168.9 172.5 173.8 172.9 172.4 172.1 171.3 168.9 167.3 165 162.8 161.1 158.5 157.3 156.4 156.3 155.9 156.3 152.6 135.8 116.9 121.1 133 138.8 140.2 139.3 139 139
179.9 181.8 184.3 185.9 189.8 194.5 199 202.5 204.1 205.4 204.5 202.8 199.7 197.4 195.3 195.8 194.5 193.1 192 190.9 189.2 188.2 188.1 188.1 187.7 187.2 186.1 184.7 183.5 181.4 179 172.4 169.6 170.2 169.7 168.4 169.2 175.2 178.3 179.9 178.9 175.1 168.8 164.6 162.4 162 162 162.8 162.4 160.6 155 152.4 156.3 156.7 148.8 154.8 163.6 165 169.6 170 169.4 168.3 166.3 164.3 162.3 160 157.9 156.1 155.7 155.5 154.6 156.6 157.7 157.1 152.7 133.2 118.3 123.8 136.5 143.5 147.1 147.3 147.1 147.2
174.8 179.1 181.7 184.7 188.4 193.4 197.7 201.6 204 205.7 200.7 200.2 197.7 196.5 194.5 193.4 191.8 190.4 189.4 187.8 186.9 186 185 184.7 183.6 182.1 180.1 178.5 175.8 173.5 169.8 167.2 166.9 166 166.8 165.8 163.4 161.5 163.7 167.2 166.1 162.3 159.2 157.7 156.9 156 156.9 157 155 150.6 151.9 152.7 149.7 148.7 148.3 143.5 150.4 161.3 164.4 163.3 161 160.8 159.9 157.7 155.4 152.3 150 148.9 150 150.3 150.5 152 153.3 154.8 152.2 137.7 119.4 122.4 138.1 145.3 150.2 153.4 154.9 153.4
177.4 181 184.4 186.4 190.2 194.6 198.9 201.6 203.7 204.6 202.1 200.2 200.2 195.2 192.7 191.2 187.4 186.4 185 184.2 183 182 180.9 179.5 177.8 175.3 173 171.8 173 173.6 173.4 172.7 172.4 173.1 173.2 173.8 172.2 168.1 163.5 160 157.7 156.8 157.1 156 154.6 153.5 151.7 152.5 151.5 156 160 160.8 160.1 157.5 153.9 149.7 141.8 148.1 152.6 150.4 151.5 152.3 151.9 148 140.4 133.1 134.4 136.3 140.6 143.9 145.8 146.9 145.3 144.6 139.6 125.6 117.2 118.2 132.3 143 150.3 154.5 156.8 156.7
180.3 183.7 185.9 189 191.6 195.9 199.4 202 203.5 205.2 205.6 202.8 200 196.5 193.9 190.3 187.3 186 183.7 182 180.6 179.1 177.3 176.3 175.9 174.1 173.4 176.8 178.6 180.3 180.8 179.8 178.6 179.1 180.8 180.3 178.5 175.9 169.8 165.2 162.9 162.3 161.1 160.3 159.9 159.4 155.1 153.3 157.1 160.8 163.8 165.1 164.5 160.9 155.9 150.9 143.7 139.6 141.8 141.6 141.7 141.4 137.4 133 133.3 134.3 132.7 130.8 126.5 130.2 136.8 138.5 129.6 122.3 119.6 118.8 126 126.7 123.8 134.1 143.4 149.5 153.8 157.1
180.2 184.3 187.9 191 193.5 196.8 199.7 202.1 203.4 204.4 203.8 202.8 201 197.7 194.6 191.5 189.5 186.9 184.3 182.3 180.5 179.2 178.8 178.4 178 175.9 176 180.4 182.8 184.5 185.4 185 185.9 186.9 187.2 185.5 182.9 179.7 174.5 171.1 168.7 168.5 166.2 164.1 163.4 161.9 157.3 156.2 159.5 163.2 165.9 167.6 167 164.2 159.2 153.6 148.6 143.1 137.8 136.5 135.5 136.8 139.2 142.5 143.7 143.2 142.9 141.8 137.3 130.4 125.2 123.2 122.7 123.2 126.2 133.4 141.2 139.7 128.4 124 131.7 140.9 147.7 151.7
178.5 183.7 187.3 190.7 194.1 196.8 199.6 201.7 202.3 203.3 203.1 202.5 200.8 198.9 195.9 193.7 191.8 189.2 186.5 183.9 181.7 181.4 181.2 180.8 180.5 179.8 178 182.3 184.6 186.5 188.2 189.1 189.7 190.1 189.8 187.9 184.7 182.1 177.6 174.4 174.3 172.1 169 167.8 166.1 163.2 158.4 160.4 161.9 164.3 168 170 169.3 166 160.9 155.1 150.8 148.9 139.8 139.3 137.2 141 145.7 148.2 149 148.8 148 147.6 145.4 141.2 136.4 134.8 136.7 139.4 142.1 147.8 151 150.1 142.9 135.7 130.6 130.6 140.5 145
179.6 183.9 187.9 191.7 194.6 197.2 199.6 201.4 201.8 202.3 201.4 201.3 200.7 200.4 197.5 195.6 193.5 191.2 188.6 186 184.3 184.4 183.8 183.4 183 182.5 180.1 181.4 185 187.4 189.3 190.9 191.9 192.4 191.7 190.1 187.3 184.3 180 177.9 177.1 173.9 170.6 168.5 166.3 162.7 161.3 165.3 166 167.4 171.3 172.9 171.7 167.8 161.8 155.6 151.2 147 140.6 140.1 138.6 143.6 148.5 151.1 152.8 154 153.6 154.1 153.5 151.7 147.1 143.9 145.4 150.2 153 157.6 156.2 157.1 150.5 142.6 137.2 131.1 134 139.1
178.7 183.5 188.1 192.6 195.3 198.2 200.1 201.1 200.5 200.9 199.7 200.4 200 200.3 198.6 198 196 193.6 191.2 188.8 187.6 187.6 186.4 185.7 184.9 184.1 182 181.2 184.7 186.9 189 190.9 192.4 193.3 192.9 191.8 189.1 186.8 181.6 180.5 179.4 176.1 172.6 168.5 164.6 163.8 165.6 169.9 170.8 175.5 179.7 178.8 173.5 169.8 162.5 155.6 151.5 145.9 143.2 141.8 140.3 145.3 150.8 154.4 157.4 158.5 159.4 160.2 160.4 159.8 157.2 153.2 154.8 157.9 159.7 160.7 160.4 158.4 152.9 145.3 137.5 134.2 134.6 135.3
177.7 183.5 188.3 192.5 195.3 197.6 199.4 200.3 199.4 198.3 197.1 197.8 197.9 198.9 199 198.5 197.7 196.7 194.7 192.6 191 190.4 189.5 188.1 186.5 185.5 184.6 183.7 184.1 186.6 188.7 190.7 192.5 193.5 193.1 192.4 190.6 188.7 185.2 183.9 182.2 178 174 169.2 168.5 168.6 170.7 175.3 177.3 176.9 176.1 181.2 177.7 173.2 166.6 158.9 154.1 150 147.7 145.2 143.4 147.7 153.9 158.7 162 164.2 165.7 166.9 167.4 166.9 166.6 164.4 163.8 164.4 165.8 161.6 161.4 159.4 154.2 144 137.6 139.1 139.4 134.6
179.3 184.5 188.3 191.6 194.9 196.7 197.8 197.8 197.4 195.2 194.7 194.9 195.7 196.8 198 198.4 198.6 198.1 196.9 196.3 194.8 193.8 192.2 190.5 188.8 187.3 186.2 185.2 185.1 186.8 188.8 190.7 192.5 193 193.4 193.4 192.1 190.7 188.7 187.7 185.4 182.7 179.5 176.7 174.6 177.6 179.9 181.9 183.8 184.7 185.2 186.5 181.6 177.9 171.5 164.2 157.7 155.6 152.6 148.9 147.6 149.3 156.3 161.2 164.9 167.6 169.1 171 172.9 173.6 173.5 172.9 171.6 170.8 169.7 168.6 165.8 160.7 152.7 144 143 143.7 142.2 138.4
180 184.7 188.1 190 191.3 193.9 195.1 195.8 195.3 193.8 193.2 192.5 194.8 196 197.3 198.5 198.7 199.8 199.6 199.2 198 196.5 195 193.7 192.1 190.5 188.6 187 186.8 187.3 189 190.7 192.2 193.3 193.8 194.2 193.6 192.8 191.2 190.2 189.1 187.4 186 184.2 182.3 183.8 185 186.8 187.7 188.5 186.4 186.4 185.3 183.5 176.8 173 161.7 161.5 159.4 157.9 153.9 152 159.9 165.4 168.7 171.7 173.8 175.7 177.6 178.4 178.4 177.7 176.6 175.3 173.8 171.8 168.8 161.7 150.9 147.6 149.2 147.4 144.8 140.7
179.3 183.1 185.7 187.1 189.6 190.7 192.7 193.5 193 192 190.3 191 193.8 195.8 197.2 198.6 199.6 200.9 201.4 201.3 200.4 199.1 198.2 196.8 194.7 192.6 190.8 189.3 188.2 188 189.2 190.6 192.2 193.5 194.4 195.1 195.1 194.8 193.8 192.6 191.6 190 189.2 188.5 188.3 189.4 190 190.6 191.5 191.1 188.7 186.5 186.1 185.6 184.6 176.5 166.4 167.4 167.4 167.4 165.6 162.5 163.4 170.1 173.1 176.1 178.3 180.4 182.1 182.8 182.7 182.2 180.8 179.3 177.3 175 171 163.8 151.7 155.3 154.3 149.8 146.8 143.2
177.3 180.4 182.5 183.9 184.9 186.2 188.2 189.8 189.8 189 187.3 189.7 192 194.4 195.7 197.2 198.7 200.2 201.6 202.2 201.7 201.2 200 198.7 196.9 194.8 193.1 191.5 189.3 188.5 189.3 190.9 192.2 193.4 194.4 195.2 194.9 195.6 194.8 193.8 192.8 192.3 191.6 191.3 190.9 192.5 193.1 193.8 194.2 194.4 194.6 193 187.2 185.9 183.6 177.5 175.9 175 174.6 174.6 173.4 170.6 165.7 173.7 177.3 179.9 182.7 185 186.7 187.1 187 185.8 184.2 182.5 180.5 177.7 173.5 164.9 156.4 161.6 159.7 153.2 148.8 145.4
174.5 177.2 178.5 179.2 179.8 181.6 182.9 184.2 185.2 184.2 184.1 187.5 189.3 190.7 192.6 195.1 196.9 198.5 201.1 202.1 202.4 201.7 201.1 199.7 198.2 196.5 194.5 192.3 190.1 188.9 187.7 189.9 191.3 192.3 193.1 193.9 193.8 194.4 194.1 193.9 193.3 192.8 192.8 192.4 192.7 193.7 194.5 195.2 195.6 195.8 195.4 194.2 189.8 187.8 184.1 183.9 183.8 181.6 181 179.8 178.6 176.2 169.2 176.1 180.3 183.3 186.5 188.9 190.4 190.8 190.4 188.8 186.9 184.8 182.1 178.9 174.3 166.5 160.1 164.9 161.9 156.3 150.7 147.3
171.4 173 173.5 173.9 175 176.5 178 179.2 180.3 179.3 181.9 184.7 186.9 187.8 188.4 191.1 193.6 197.2 199.4 200.3 201.1 200.2 200.3 199.1 197.5 195.8 193.9 191.7 189.6 187.8 186.2 186.9 188.8 190.4 191.6 192.2 192.5 192.8 192.5 191.8 192 192.2 192.6 192.9 193.4 194 195.3 195.9 196.4 196.8 196.8 195.6 193.2 190.4 188.7 188.6 188.1 186.2 184.7 183.4 181.4 178 174.1 177.8 182.3 186.4 189.7 191.9 192.5 192.7 191.7 189.8 187.6 184.3 181.2 176.8 172 163.6 164.3 166.1 164.2 160.1 154.4 149.7
165.5 165.8 167.9 168.4 170.1 171.6 173.7 174.5 175.1 175.2 178.1 179.9 182.5 184.9 185.8 188.4 192.6 195.6 198.2 199.4 199.7 198.4 198.3 197.1 195.2 193 191 189.5 187.6 185.3 183.6 183.9 185 185.8 186.7 187.5 188.4 188.9 188.7 189.6 189.8 190 190.4 191.1 192.1 192.7 194.5 196.3 196.9 197.2 197.4 197.6 196.1 195.2 194.6 193.1 191.6 189.9 188.2 185.2 181.8 177.3 179.1 181.8 183.7 186.6 189.5 191.1 191.7 191.8 191 189.6 186.5 182.9 178.2 173.1 167 163.6 169.4 169.1 167.4 163.7 158.2 153.9
160.6 164.1 166 167 168.2 167.9 169.3 171.8 173.6 173.9 174.8 176.9 178.8 181 183.9 187.5 190.8 193.8 196.9 198.1 198.8 197.4 196.2 194.7 192.4 190 187.9 186 183.5 181.8 180.9 180.9 181.7 182.3 183 183.9 184.8 185.5 185.7 186.3 187.4 187.9 188.2 189.3 190.4 191.3 193.3 195.5 197.5 198.4 199.3 199.9 199.6 199.3 198.5 197.1 195.2 193 190.9 188 183.8 181.9 183.2 184.4 186.6 188.3 189.7 190.4 191.3 191 190.5 189.4 187.3 183.4 179.6 174.5 165.3 169 171.9 172.5 170.4 166.1 162.2 158.5
165.7 168.9 171.1 172.3 173.6 173.9 174.3 176.6 178.5 179.1 179.1 178.9 178.3 178.6 182.3 185.8 189.4 192.3 195.2 196.8 196.7 195.3 193.8 191.8 189.5 187.1 184.8 182.2 180.5 179.2 178.9 178.3 178.6 179.5 180.3 181.2 182.5 183 183.1 183.9 184.9 185.9 187.1 187.9 188.7 191.2 193.2 196.1 198.6 199.9 200.7 201.7 202.3 202.1 201.4 200.3 198.6 196.2 193.6 189.8 185.3 187 187.9 188.9 189.2 190.1 190.2 190.5 190.9 190.2 189.5 188 186.6 183.8 180.3 174 169.5 175.4 176.4 176 173.4 170 166.1 162
170.3 172.4 174.4 175.8 178.2 179.1 179.9 181.4 183.2 183.9 183.9 183.3 182.6 182 182.3 184.8 187.8 190.7 193.3 194.7 194.5 192.8 191 188.6 186.5 184 180.8 178.8 177.3 176.5 176.2 176 176.1 176.8 177.6 179.1 180.4 180.6 180.6 181.7 183.1 183.8 185 187.6 189.8 191.6 194.6 197.2 199.8 201.6 202.6 204 204.8 204.6 203.9 203 201.1 199.1 195.8 192.7 190.5 191.4 191.5 191.4 191.5 192.2 191 190.6 190 189.1 187.6 186.3 184.9 183 179.4 172 175.3 178.6 179.1 178.5 175.9 173 170.5 164.3
172.4 175.3 177.6 178.9 181 182.9 184.2 185.7 186.8 187.7 187.7 187.2 186.6 185.9 185.5 187.4 189.9 191.2 193.5 194.7 194.1 192.4 190.1 187.1 182.5 179.9 176.9 175.4 174.3 173.9 174.2 174.2 175.6 176.8 176.8 177.1 178.2 178.7 179.4 179.9 181.9 183.3 185.1 187.4 190 192.1 195.1 197.5 199.9 202.5 204.1 205.5 207.3 206.6 205.8 204.7 202.8 201 198.5 195.8 194.4 193.3 193.3 193.9 193.9 193.5 192.2 190.5 188.7 187.3 185.8 184.3 183.4 181.8 178.9 172 177.7 180.6 181.1 181 179.2 176.9 173.4 171.7
173.2 176.7 179.8 181.8 183.5 185.4 187.3 188.7 189.8 190.7 190.7 190.5 190.3 189.5 189.3 190.1 191.5 192.8 194.1 194.7 193.9 191.9 189.8 186.5 182.2 176.3 174.1 172.8 172.7 172.4 174.5 177.2 179.5 180.3 179.8 179.9 179.9 180.2 180.8 181.5 181.8 183.4 185.3 187.4 190 192.5 195.3 197.6 200.1 202.7 205.2 206.6 207.8 207.9 207.6 206.2 204.5 202.7 200.7 198.5 196.9 195.3 194.6 195.2 195.3 194 192.7 190.4 188 185.9 183.9 182.7 181.8 179.9 178.2 174.7 181.1 183.1 183.2 182.2 181.3 179.2 176.8 174.4
171.8 176.8 180.7 183 185.4 188.5 190.5 192 192.6 192.9 192.6 192.5 192.2 191.7 191.2 191.8 192.9 193.8 194.9 194.9 193.7 191.7 189.4 186 181.4 176.6 171.5 170.7 171.9 175.2 178.3 180.9 182.4 182.8 182.7 182.6 182.6 182.8 183.4 183.7 183 184 186.1 188 190.2 193 195.5 197.4 199.8 202.5 205.2 206.4 207.7 207.7 207.1 206.2 204.6 202.2 200.2 198.7 196.8 195.5 194.8 194.7 194.6 193.4 192.1 189.8 187.7 185.6 183.4 181.2 180.3 178 176.3 179.7 183.2 186.7 184.3 184.2 183.1 180.8 178.2 175.9
170.4 175.7 180.2 183.8 187.6 190.2 191.9 193.3 194 194.6 194.3 194.1 193 192 191.4 192.3 193 193.9 194 193.9 193.2 191.2 188.2 184.3 179.2 172.6 170.5 173.5 177.2 179.8 181.8 183.4 184.3 184.8 184.4 184.4 184.6 184.7 185.2 185.6 185 185 186.8 188.2 189.8 192.4 194.3 195.9 198.3 200.7 203.3 205.4 206.8 206.8 206.4 205.2 203.3 201.4 199.4 197 195.5 193.7 193 192.4 193.1 192.3 191.6 189.6 187.4 185.1 182.8 180.4 178.6 179.1 181.2 183.4 185.4 185.3 186.1 185.9 184.2 181.7 178.9 176.2
168 174.2 179.2 183.4 187 190.4 192.2 193.3 194.3 194.3 194.1 193.5 191.8 190.9 190.3 190.6 191.4 192 192.3 191.5 191.1 189.6 184.1 182.3 175.6 167.6 172 177.4 180.9 182.8 184.4 185.2 185.9 186.3 185.9 186 186.2 186.4 186.6 186.3 185.6 185.7 186.8 188.1 189.2 189.6 191.3 193.7 195.4 198.1 200.8 203.1 204.4 204.3 203.8 202.6 200.7 198.4 196.8 194.3 192.7 191.5 190.7 190.2 190.4 189.7 188.8 188.1 187.1 185.9 184.4 181.9 180.7 182 183.5 184.9 187.2 186.3 186.1 185.9 183.8 181.3 178.5 175.7
165.2 170.9 175.8 180.6 184.1 187.8 189.8 191.5 192.6 192.7 192.4 191.4 190.1 188.9 187.6 187.1 187.5 188.1 189 188.1 185.7 185.6 185.2 181 173.3 168.6 175.4 180.6 183.4 185 185.4 186.1 186.8 187.3 187 187.4 187.7 187.3 187.2 186.5 186.1 186.3 186.8 187.7 187 188.1 187.7 189.8 192.3 195.3 197.4 200.1 200.8 200.8 200.2 199.2 197.3 195.7 194.1 191.7 189.6 187.1 186.7 186.9 187.1 187.5 187.2 186.7 186.3 185.6 184.8 184.6 184 183.9 184.3 186.3 187.8 186.7 186.5 186.3 183.3 180.8 178.1 175.2
