webserver/python/data/SS48.asc
ncols 200
nrows 200
xllcorner 240000
yllcorner 180000
cellsize 50
[rows 0 to 37 of 200, columns 0 to 84 of 200]
-2.8 -2.8 -2.8 -2.8 -2.8 -2.8 -2.8 -2.8 -2.8 -2.8 -2.8 -2.8 -2.8 -2.8 -2.8 -2.8 -2.8 -2.8 -2.8 -2.8 -1.8 -1 -0.4 0.3 1 1.8 2.5 4 9 24.7 44.4 72.6 101.1 130.9 145.6 150.2 159.5 172.6 172 164.3 154.5 145.7 137.2 126.8 118.2 111.2 104.6 98 91.9 87.8 84 80.1 75.8 72.2 68 65.6 65.7 68 70.2 72.9 77.2 81.1 84.1 84.9 83.5 81.2 82 82 82 82.2 81 79 77.9 78.1 77.4 76.5 76.3 76.2 73.5 72.9 71.6 70.3 69.3 69.4 69
-2.8 -2.8 -2.8 -2.8 -2.8 -2.8 -2.8 -2.8 -2.8 -2.8 -2.8 -2.8 -2.8 -2.8 -2.8 -2.8 -2.8 -2.8 -2.8 -2.8 -2.1 -1.4 -0.6 0.1 0.9 1.6 2.4 3.1 5 25.5 40.3 61.5 85.8 113.1 133.2 144.5 157.7 172.5 171.4 162.7 152.4 144.9 137.1 128.5 121.3 114.3 107.8 100.3 94.4 90.2 86.4 83.1 78.7 75.5 71.4 68.5 69.5 72.6 74.9 78.8 84.1 86.2 86.1 86.1 84.9 82.6 81.5 81.4 81.3 81.2 79.6 77.5 74.9 74.5 74 72.9 72.2 71.4 70.4 69.8 68.5 67.2 66.2 66.4 66.5
-2.8 -2.8 -2.8 -2.8 -2.8 -2.8 -2.8 -2.8 -2.8 -2.8 -2.8 -2.8 -2.8 -2.8 -2.8 -2.8 -2.8 -2.8 -2.8 -2.8 -2.2 -1.4 -0.7 0 0.7 1.5 2.2 2.9 4.8 27.8 37.9 52.4 73.9 100.4 130.7 142.3 155.8 168.7 172.4 159.9 151.4 143.3 136.6 129.1 123.2 117.1 110.3 104.4 96.8 92.7 88.9 85.9 82.1 78.8 75.8 74.6 73.6 78 80.3 84.3 86.7 86.6 86.1 84.9 83.1 81.1 80.4 80.3 80.1 79.9 78.1 75.7 72.8 71.4 70.7 69.6 68.5 67.7 67.3 66.6 65.4 64.1 62.9 63.3 63
-2.8 -2.8 -2.8 -2.8 -2.8 -2.8 -2.8 -2.8 -2.8 -2.8 -2.8 -2.8 -2.8 -2.8 -2.8 -2.8 -2.8 -2.8 -2.8 -2.8 -2.3 -1.5 -0.8 -0.1 0.6 1.3 2 2.7 4.6 23.2 37 46.2 67.6 96.2 124.5 136.7 149.1 158.1 171.1 161.2 150.6 142.1 136.5 129.7 124.3 118.6 112.4 107.6 98.9 95.1 91.6 88.7 85.9 82.8 81.5 81.1 79.1 83.1 85.5 86.5 86.6 86.3 84.9 82.3 80.1 78.8 77.7 77.4 77.1 77.6 76.2 73.7 70.8 69.1 67.8 66.8 65.9 64.6 64.2 63.5 62.3 61 59.7 60.1 59.1
-2.8 -2.8 -2.8 -2.8 -2.8 -2.8 -2.8 -2.8 -2.8 -2.8 -2.8 -2.8 -2.8 -2.8 -2.8 -2.8 -2.8 -2.8 -2.8 -2.8 -2.4 -1.6 -0.9 -0.2 0.5 1.2 1.9 2.6 3.8 22 34 42.2 59.8 86.9 111.9 131.2 145.3 158 171 164.7 153 143 136 130.7 125.3 119.6 114.7 108.8 102.7 97.7 94.6 91.3 89.1 87.7 87.2 86.7 86.2 86.4 87.2 86.4 86.2 86.1 83.4 80 77.6 76.5 75 74.4 74.7 75.3 73.5 71.2 68.6 66.9 65.3 64.3 63.2 61.9 60.9 60.4 59.2 57.9 56.6 55.8 53.5
-2.8 -2.8 -2.8 -2.8 -2.8 -2.8 -2.8 -2.8 -2.8 -2.8 -2.8 -2.8 -2.8 -2.8 -2.8 -2.8 -2.8 -2.8 -2.8 -2.8 -2.8 -1.8 -1.1 -0.4 0.3 1.1 1.8 2.5 4.7 19.5 32 40.4 55.2 78.8 108.8 137.7 149.5 161.1 166.9 166 156.1 147.1 138.6 131.7 126.3 121.3 116.8 110.5 105.9 101.8 98 95.5 94.3 91 91.2 89.9 89.3 88.9 88.2 86 84.4 85 81.8 78.4 75.6 73.6 72.8 70.8 70 69.8 69.8 68.8 66.3 64.5 62.8 61.8 60.6 59.9 59 58.3 56.2 54.8 53.7 52.1 49.4
-2.8 -2.8 -2.8 -2.8 -2.8 -2.8 -2.8 -2.8 -2.8 -2.8 -2.8 -2.8 -2.8 -2.8 -2.8 -2.8 -2.8 -2.8 -2.8 -2.8 -2.8 -1.9 -1.2 -0.5 0.2 0.9 1.6 2.4 3.1 15 27.3 39 53.4 76.8 105.6 130.3 151.3 162.2 164.5 162.9 159.4 151.5 142.9 134 128 123.5 119 114.2 109.5 105.6 101.7 98.6 96.5 95 93.6 92.4 91.5 90.5 88.1 86 84 83 80.3 78 75.9 74.2 72.5 70.8 69.2 68.4 67.9 66.6 64 62.4 60.4 59.3 59 58.8 57.2 56.4 54.7 54.1 54 52.4 51.9
-2.8 -2.8 -2.8 -2.8 -2.8 -2.8 -2.8 -2.8 -2.8 -2.8 -2.8 -2.8 -2.8 -2.8 -2.8 -2.8 -2.8 -2.8 -2.8 -2.8 -2.8 -2 -1.3 -0.6 0.1 0.8 1.5 2.2 2.9 13.2 26.7 37.9 53.1 74.1 100.5 135.2 157.5 163.7 164.2 161.9 157.8 153 148.3 140.7 131.7 125.9 121.9 117.3 112.8 109.1 105.5 101.9 99.2 98 96.6 95.3 93.2 91 88.9 86.9 85 83.1 81.3 79.2 77.2 75.5 74.1 72.8 71 69.8 69 66.5 65 63.1 60.3 58.8 58.4 58 55.7 55.2 55 55.2 55.3 55.3 55.1
-2.8 -2.8 -2.8 -2.8 -2.8 -2.8 -2.8 -2.8 -2.8 -2.8 -2.8 -2.8 -2.8 -2.8 -2.8 -2.8 -2.8 -2.8 -2.8 -2.8 -2.8 -2.1 -1.4 -0.7 0 0.7 1.4 2.1 2.8 12.2 28.6 35.5 49.9 72.6 97.9 132 160.4 170.4 166.8 162.5 159.9 155.2 150.5 145.2 137.8 128.7 124.6 120 116.2 112.8 109.3 105.6 102.6 101.3 99.5 96.9 94.3 91.9 89.8 87.8 85.9 84.2 82.6 80.6 78.5 77.1 76.1 74.7 72.9 71.2 69.5 66.5 65 64.4 61.2 59 58.8 58.4 56.9 57 57.2 57.4 57.5 57.4 57.2
-2.8 -2.8 -2.8 -2.8 -2.8 -2.8 -2.8 -2.8 -2.8 -2.8 -2.8 -2.8 -2.8 -2.8 -2.8 -2.8 -2.8 -2.8 -2.8 -2.8 -2.8 -2.2 -1.5 -0.8 -0.1 0.6 1.3 2 2.7 9.2 27.2 35 47 68.9 95.6 124.8 162.9 176.4 169.7 164.2 161.6 157.2 152.6 147.7 142.7 135.2 127.1 123.4 119.7 116.2 112.7 109.2 105.7 103.1 100.5 97.9 95.3 92.8 90.8 88.8 87 85.4 83.9 81.9 79.9 79.1 78 76.6 74.9 72.8 69.4 67 65.7 64.6 62.9 61.2 59.6 58.8 58.3 58.6 59.4 59.6 59.7 59.5 59.9
-2.8 -2.8 -2.8 -2.8 -2.8 -2.8 -2.8 -2.8 -2.8 -2.8 -2.8 -2.8 -2.8 -2.8 -2.8 -2.8 -2.8 -2.8 -2.8 -2.8 -2.8 -2.3 -1.6 -0.9 -0.2 0.5 1.2 1.9 2.6 7.4 25.4 33.5 46.4 70.8 97.6 124.9 163.6 176.1 172.2 167.2 163.2 159.3 154.6 151.3 146.2 140.6 131.6 126.2 123.1 119.4 115.3 111.1 107.5 104.5 101.6 99 96.3 93.7 91.7 89.8 88.1 86.5 85.1 83.2 82.2 81.2 79.9 78.1 76.5 72.2 68.8 68 67 65.9 64.5 62.9 61.2 59.8 59 59.1 60.6 61.9 61.9 62.5 62.9
-2.8 -2.8 -2.8 -2.8 -2.8 -2.8 -2.8 -2.8 -2.8 -2.8 -2.8 -2.8 -2.8 -2.8 -2.8 -2.8 -2.8 -2.8 -2.8 -2.8 -2.8 -2.3 -1.6 -0.9 -0.2 0.5 1.2 1.8 2.5 5.4 23.2 31.2 48.1 72.8 102.8 130.9 164.7 177.4 173.6 169.3 164.6 161 157.1 155.3 149.6 145.2 138.8 129.8 125.5 121.2 117 112.9 109.3 106.3 103.3 100.2 97.4 94.8 92.6 90.9 89.3 87.6 86.2 84.6 84.5 83.2 81.3 78.3 75.2 69.3 69.3 69.2 68.4 67.3 65.9 64.5 62.8 61.3 59.4 60.7 62.1 63.6 65.2 65.6 65.1
-2.8 -2.8 -2.8 -2.8 -2.8 -2.8 -2.8 -2.8 -2.8 -2.8 -2.8 -2.8 -2.8 -2.8 -2.8 -2.8 -2.8 -2.8 -2.8 -2.8 -2.8 -2.3 -1.6 -0.9 -0.2 0.4 1.1 1.8 2.5 4 19.6 29.5 49.1 75.8 104.2 137.4 171.4 180.6 175.4 171.9 167.3 163.1 160.6 158 154.4 149.4 145.6 136.2 128.2 123.5 119.4 115.4 111.3 108.1 105 102 99 96 93.7 92 90.4 88.8 87.3 85.5 85.8 83.4 80.1 76.6 74.2 70.5 69.9 69.9 69.7 68.7 67.3 65.8 64.4 62.9 62 62.3 63.7 65.7 66.5 66.5 66.6
-2.8 -2.8 -2.8 -2.8 -2.8 -2.8 -2.8 -2.8 -2.8 -2.8 -2.8 -2.8 -2.8 -2.8 -2.8 -2.8 -2.8 -2.8 -2.8 -2.8 -2.8 -2.3 -1.6 -0.9 -0.3 0.4 1.1 1.8 2.4 3.1 17.2 29.4 48.3 79.9 107.2 142.2 175.6 185.3 180.3 175.3 170.3 166.1 163.8 160.7 157.7 152.1 147 138.8 130.4 126.1 121.8 117.5 113.2 109.5 106.5 103.4 100.4 97.6 94.9 93.2 91.5 89.8 87.6 85.4 84.5 81.5 78.3 76 74.2 71.8 71.3 71.3 70.5 70.1 68.6 67.2 65.8 64.9 64 63.7 65.1 67.4 68.8 68.9 69
-2.8 -2.8 -2.8 -2.8 -2.8 -2.8 -2.8 -2.8 -2.8 -2.8 -2.8 -2.8 -2.8 -2.8 -2.8 -2.8 -2.8 -2.8 -2.8 -2.8 -2.8 -2.3 -1.6 -0.9 -0.3 0.4 1.1 1.7 2.4 3.1 11.7 26.4 45.8 73.3 102.4 133.2 165.3 186 183.1 179 174 168.9 166.6 165.2 160.6 155.9 149 140 132.7 127.5 123.2 118.9 115 111.1 107.8 104.7 102 99.6 96.7 94.4 93.1 91.8 89.4 87 84.5 81.7 78.8 76.6 74.8 73.6 73.1 73.8 73 71.9 70.1 68.6 67.5 66.6 65.7 65.1 65.9 68.8 71 71.4 71.4
-2.8 -2.8 -2.8 -2.8 -2.8 -2.8 -2.8 -2.8 -2.8 -2.8 -2.8 -2.8 -2.8 -2.8 -2.8 -2.8 -2.8 -2.8 -2.8 -2.8 -2.8 -2.3 -1.6 -0.9 -0.3 0.4 1 1.7 2.4 3 10.9 25.8 41.4 65.1 93.9 124.1 157 180.9 185.3 181.4 177.2 172 167.8 166.8 163.2 158.1 151 142.3 134.7 128.9 124.5 120.5 116.7 112.9 109.1 106.4 104 101.5 98.6 95.7 94.2 93.9 91.5 89 86.5 83.6 80.4 77.3 74.6 74.9 76 76.3 75.5 74.2 72.4 70.6 69.5 68.5 67.6 67 67 69.8 72.2 73.3 73.1
-2.8 -2.8 -2.8 -2.8 -2.8 -2.8 -2.8 -2.8 -2.8 -2.8 -2.8 -2.8 -2.8 -2.8 -2.8 -2.8 -2.8 -2.8 -2.8 -2.8 -2.8 -2.2 -1.6 -0.9 -0.3 0.4 1 1.7 2.4 3 10.6 25.1 36.9 56 84.5 112.4 145.5 170.1 181.2 181.5 180.6 174.5 168.7 167.2 164.6 160.6 153.6 144.7 136.5 130.9 126 122.3 118.6 114.9 110.4 108.3 105.9 103.4 100.1 97.5 96.2 96 93.2 90.5 88.4 85.3 81.9 79.3 77 77.9 78.5 78.8 78.1 76.6 74.8 73.2 71.8 70.8 70 68.8 68.6 70.7 73 74.2 74.4
-2.8 -2.8 -2.8 -2.8 -2.8 -2.8 -2.8 -2.8 -2.8 -2.8 -2.8 -2.8 -2.8 -2.8 -2.8 -2.8 -2.8 -2.8 -2.8 -2.8 -2.8 -2.1 -1.5 -0.9 -0.2 0.4 1.1 1.7 2.4 3 10.6 24.5 35.3 49 71.7 99 126.9 148 164.1 175.5 181 177.6 171.1 167.7 165.1 162.3 156.1 148.2 139.5 133.7 128.3 124.5 120.6 117 112.7 109 107.2 105.2 102.7 99.7 98.1 96.1 94.5 92.4 90.6 87.6 83.9 81.6 79.8 80.8 81 81.2 80.4 78.9 77.2 75.7 74.5 73.7 72.4 70.8 70.4 71.4 73.7 75.2 75.6
-2.8 -2.8 -2.8 -2.8 -2.8 -2.8 -2.8 -2.8 -2.8 -2.8 -2.8 -2.8 -2.8 -2.8 -2.8 -2.8 -2.8 -2.8 -2.8 -2.8 -2.8 -2.1 -1.5 -0.8 -0.2 0.5 1.1 1.7 2.4 3 10.1 26 34.1 45.4 62 88.6 115.6 144.6 163.7 175.1 182.4 180.7 174.4 169.4 165.6 162.9 158 150.8 142.5 135.8 130.1 126.3 122.6 118.7 114.8 111.9 109.1 106.8 104.6 102.3 101.1 99 96.8 94.7 92.7 90.2 87.4 83.9 82.7 83.3 83.5 83.8 82.5 80.9 80 78.8 77.5 76.8 75.4 73.1 72.5 72.7 74.4 76.1 75.7
-2.8 -2.8 -2.8 -2.8 -2.8 -2.8 -2.8 -2.8 -2.8 -2.8 -2.8 -2.8 -2.8 -2.8 -2.8 -2.8 -2.8 -2.8 -2.8 -2.8 -2.8 -2.1 -1.5 -0.8 -0.2 0.5 1.1 1.7 2.4 3 9.9 25.7 32.5 42.7 57.4 81.1 107.3 132.1 147.1 162.7 178.7 181.5 177.4 172.9 168.2 163.5 161 153.1 145.5 138.5 132.5 128 124.1 120.4 117.7 114.9 112.1 109.5 107.3 106.6 104.9 102.4 100.1 98.1 96 94.3 92 88.1 85.8 86.1 86.7 85.3 83.8 83 82.1 81.1 80.3 79.6 78 75.4 74.7 74.6 75.6 76.6 76.7
-2.8 -2.8 -2.8 -2.8 -2.8 -2.8 -2.8 -2.8 -2.8 -2.8 -2.8 -2.8 -2.8 -2.8 -2.8 -2.8 -2.8 -2.8 -2.8 -2.8 -2.8 -2.1 -1.5 -0.8 -0.2 0.5 1.1 1.8 2.4 3 11.4 24.9 30.8 42.4 59.3 78.6 102.4 122.6 138.6 157.1 179.8 183.2 180 176.3 171.4 167.2 162.8 156.5 147.7 140.9 135 129.8 126.1 123.2 120.7 117.8 115 112.3 110.3 108.5 108.4 105.8 103.5 101.4 99.2 96.7 95.6 91 88 89 89.3 87.7 86.5 85.5 84.6 83.2 82.5 81.7 79.9 77.6 76.8 76.5 77.1 77.6 78.1
-2.8 -2.8 -2.8 -2.8 -2.8 -2.8 -2.8 -2.8 -2.8 -2.8 -2.8 -2.8 -2.8 -2.8 -2.8 -2.8 -2.8 -2.8 -2.8 -2.8 -2.8 -2.1 -1.4 -0.8 -0.2 0.5 1.1 1.8 2.4 3 12 24.2 28.7 40.2 64.1 89.7 106.6 126.5 143.7 168.2 185.9 184.1 180.9 177.3 173.3 168.1 162.8 157.6 150.4 143.2 137.4 132.7 128.5 126.1 123.8 120.8 117.9 114.9 113.4 111 111.5 109.2 106.9 104.8 102.3 99.6 96.4 92.2 89.9 92.9 92.1 90.6 89.3 88.3 87.2 84.8 84.1 83.3 81.5 79 78.4 78.1 78.5 79 79.7
-2.8 -2.8 -2.8 -2.8 -2.8 -2.8 -2.8 -2.8 -2.8 -2.8 -2.8 -2.8 -2.8 -2.8 -2.8 -2.8 -2.8 -2.8 -2.8 -2.8 -2.8 -2 -1.4 -0.8 -0.1 0.5 1.1 1.8 2.4 3 12.3 23.7 28.3 40.6 69.7 99.3 127.9 143.9 158.4 182.3 188.6 184.2 180.5 176.3 172.1 167 161.8 157.2 153 145.7 139.5 135.1 131.5 128.6 125.8 123.2 119.6 117.6 116.1 115.1 114.3 112.6 110.3 107.6 104.5 101.6 97.8 93.1 95.2 95.8 94.7 93.4 92 91 89.1 86.6 85.7 84.6 82.8 80.5 79.9 79.9 80.1 80.5 80.9
-2.8 -2.8 -2.8 -2.8 -2.8 -2.8 -2.8 -2.8 -2.8 -2.8 -2.8 -2.8 -2.8 -2.8 -2.8 -2.8 -2.8 -2.8 -2.8 -2.8 -2.8 -2 -1.3 -0.7 -0.1 0.6 1.2 1.8 2.5 3.1 11.9 24.3 29.9 42.8 70.2 101 133.7 160.2 171.8 187.2 190.3 184.4 179.4 175.3 170.7 165.7 161.5 156.7 152.3 148 141.4 137.5 133.4 129.5 126.6 123.8 120.9 118.9 117.1 116.1 116 114.5 112.4 109.9 106.1 102.5 98.1 95.4 96.8 98.6 97.4 96.1 94.8 93.6 91 88.5 87.3 85.8 84.1 82 81.6 81.8 81.6 81.4 80.9
-2.8 -2.8 -2.8 -2.8 -2.8 -2.8 -2.8 -2.8 -2.8 -2.8 -2.8 -2.8 -2.8 -2.8 -2.8 -2.8 -2.8 -2.8 -2.8 -2.8 -2.8 -1.9 -1.2 -0.6 0 0.6 1.3 1.9 2.5 3.3 13.6 23.6 32.4 46.2 70.8 101.8 132.9 163 181.4 187.7 191.3 187.5 181.4 175.3 170 165.8 161.5 156.5 151.8 147.3 143.1 138.8 134.5 130 126.1 122.3 118.8 117.6 116.2 115.2 114.5 113.4 111.4 109.7 106.4 102.6 99.2 96.9 99.1 100.7 100 98.8 97.5 95.5 92.9 90.4 88.9 87.1 85.4 83.5 83.4 83 82.6 82.6 81.8
-2.8 -2.8 -2.8 -2.8 -2.8 -2.8 -2.8 -2.8 -2.8 -2.8 -2.8 -2.8 -2.8 -2.8 -2.8 -2.8 -2.8 -2.8 -2.8 -2.8 -2.4 -1.8 -1.2 -0.5 0.1 0.7 1.4 2 2.6 3.4 16.9 24.3 32.3 46.8 72.5 100 133.5 163 185 190.4 191.1 189.2 184.4 175.7 170.4 165.8 161.5 156.3 151.5 146.8 142.8 138.3 133.4 128.9 124.5 120.6 117.4 114.5 113.4 112.4 112.3 111.4 110.1 108.3 105.6 102.4 101.1 99.4 99.8 102.6 103.4 102 100.3 97.5 94.8 92.3 90.2 88.4 86.7 85 84.4 84 83.5 83.8 82.8
-2.8 -2.8 -2.8 -2.8 -2.8 -2.8 -2.8 -2.8 -2.8 -2.8 -2.8 -2.8 -2.8 -2.8 -2.8 -2.8 -2.8 -2.8 -2.8 -2.8 -2.3 -1.7 -1 -0.4 0.2 0.8 1.4 2.1 2.7 3.6 17.7 24.7 32.6 48.2 74.4 103.3 139.3 168.7 185.1 186.9 188 187.7 185.2 179.5 172.7 166.4 161.2 156.1 151.7 146.5 142.2 137.5 132.2 127.8 123.4 119 115.6 112.6 109.9 108.6 109 109.2 108.1 107.1 104.7 103.1 101.7 102.6 104.8 106.3 106.3 105.4 103.3 101.1 97.8 95.2 93.1 91 88.9 86.7 85.6 84.9 84.6 85 83.7
-2.8 -2.8 -2.8 -2.8 -2.8 -2.8 -2.8 -2.8 -2.8 -2.8 -2.8 -2.8 -2.8 -2.8 -2.8 -2.8 -2.8 -2.8 -2.8 -2.8 -2.2 -1.6 -1 -0.3 0.3 0.9 1.5 2.1 2.8 3.7 18.1 25.9 33.4 48.6 72.7 102.4 138.7 168.7 179.6 182 184.8 186 183.9 181.2 176.1 169.7 163.5 156.6 151.3 146 141.4 136.4 131.3 126.7 122.3 118 114.1 110.9 107.1 105.2 104.6 104.8 105 104.9 104.2 103.7 104.9 106.2 106.3 106.5 106.1 106 104.3 102.1 100 97.3 95.2 93.2 91.1 88.9 87.1 86.1 85.7 86 84.5
-2.8 -2.8 -2.8 -2.8 -2.8 -2.8 -2.8 -2.8 -2.8 -2.8 -2.8 -2.8 -2.8 -2.8 -2.8 -2.8 -2.8 -2.8 -2.8 -2.8 -2 -1.5 -0.9 -0.3 0.3 1 1.6 2.2 2.8 3.9 21.5 26.5 34.3 47.7 72.6 101 133.5 161.7 173.2 175.4 178.7 183.4 182.6 180.1 178.3 173 167.3 160.7 153.7 145.9 140.2 135.3 130.3 125.6 121.2 117.1 113.2 109.3 105.4 102.9 101 100.5 101.5 101.1 101.2 104.1 104.9 105.4 105.9 106.1 106.1 106 104.1 102.4 100.5 98.3 96.2 94 91.7 89.5 87.7 86.6 86.1 86 84.5
-2.8 -2.8 -2.8 -2.8 -2.8 -2.8 -2.8 -2.8 -2.8 -2.8 -2.8 -2.8 -2.8 -2.8 -2.8 -2.8 -2.8 -2.8 -2.8 -2.5 -1.9 -1.3 -0.7 -0.1 0.5 1.1 1.6 2.3 2.9 3.9 21.5 27 35.6 52.6 74.8 97.6 125.7 150.4 165 168.9 172.2 174.2 177.9 179.3 177.7 175.8 170 164.4 158.7 148.2 140.2 133.8 129 124.5 119.6 116.4 112.6 108.7 104.8 101.4 98.4 96.5 97.5 97.9 99.1 100.8 102.7 104.1 104.8 105.5 105.9 105.4 103.8 102 100.1 98.3 96.2 94 91.8 89.5 88.1 86.5 85.5 84.5 83
-2.8 -2.8 -2.8 -2.8 -2.8 -2.8 -2.8 -2.8 -2.8 -2.8 -2.8 -2.8 -2.8 -2.8 -2.8 -2.8 -2.8 -2.8 -2.8 -2.3 -1.7 -1.1 -0.5 0 0.6 1.2 1.8 2.4 3 5.4 21.2 28.2 41.2 66 92.9 111.9 126.7 144.9 154.4 159.9 162.8 166 169.8 173.3 175 173.2 170.6 166.7 161.5 153.4 144 136.2 129 124.1 117.5 115.9 112 108.1 103.9 100 94.7 93.6 94.3 95.3 96.4 99.3 101.2 102.9 103.8 104.5 104.8 104.5 103.3 101.4 99.4 97.5 95.9 94 91.8 89.8 88.2 86.1 84.1 82.6 81.4
-2.8 -2.8 -2.8 -2.8 -2.8 -2.8 -2.8 -2.8 -2.8 -2.8 -2.8 -2.8 -2.8 -2.8 -2.8 -2.8 -2.8 -2.8 -2.8 -2 -1.5 -0.9 -0.3 0.2 0.8 1.4 1.9 2.5 3.1 9.8 21.6 33.2 55.6 81.9 109.5 127.7 137 141.9 146.3 147.5 148.8 153.3 158.3 162 166.6 167.8 167.9 165.2 160.9 155.4 148.9 141 131.4 125.9 119.7 114.9 110.6 106.3 102.2 98.5 92.9 91 90.9 92.2 96.6 98.7 100.5 101.9 102.8 103 102.9 102.7 101.6 100.5 98.7 96.8 95.1 93.5 91.8 89.8 87.8 85.8 83.7 81.7 79.7
-2.8 -2.8 -2.8 -2.8 -2.8 -2.8 -2.8 -2.8 -2.8 -2.8 -2.8 -2.8 -2.8 -2.8 -2.8 -2.8 -2.8 -2.8 -2.1 -1.4 -1 -0.5 -0.1 0.5 1 1.6 2.2 2.7 3.4 10.8 26.2 38.8 62.5 86.9 110.5 125.5 132.2 135 137.5 138.1 139.4 141.2 143.9 148.2 152.3 157.8 159.8 158.7 156.5 153.6 147.8 142.3 135.2 127.6 121.8 114.4 109 104.5 100.2 95.6 90.9 88.2 87.9 92.3 96.7 98.4 99.8 100.9 101.9 101.5 101.1 100.8 99.7 98.6 97.6 96 94.3 92.6 91 89 86.9 84.9 82.8 80.9 78.9
-2.8 -2.8 -2.8 -2.8 -2.8 -2.8 -2.8 -2.8 -2.8 -2.8 -2.8 -2.8 -2.8 -2.8 -2.8 -2.8 -2.8 -2.2 -1.6 -1 -0.4 0 0.5 0.9 1.4 1.8 2.4 2.9 3.5 7.9 31.3 45 63.4 80.6 99.5 111.9 118.2 123.5 128.1 130 132.1 133.6 134.2 134.6 138.5 143.7 146.7 149 148.2 144.6 141.7 140 136.4 127.4 123.2 117.1 110.1 103.6 97.7 92.2 85.7 84.4 86.2 93.3 97.2 98.1 98.8 99.9 100.4 100 99.6 98.9 97.8 96.6 95.5 94.7 93.4 91.8 90.1 88 86 84 82 80.1 78.1
-2.8 -2.8 -2.8 -2.8 -2.8 -2.8 -2.8 -2.8 -2.8 -2.8 -2.8 -2.8 -2.8 -2.8 -2.8 -2.8 -2.8 -1.5 -0.7 -0.4 0.1 0.6 1 1.5 1.9 2.4 2.8 3.1 3.6 10.6 33.5 47.3 65.1 75.3 86.1 97.7 103.5 112.4 117.9 122.3 124.5 125.6 127.2 128 128.8 130.8 132.5 134.7 135.6 135.7 135.2 134.7 132.3 126.3 122.5 118 110 102.9 95.1 86.7 81.3 80.8 88.8 94.8 96.6 97.4 98.3 99.5 99 98.6 98 96.9 95.7 94.5 93.4 92.6 91.8 91 89.1 87.2 85.2 83.2 81.3 79.3 77.3
-2.8 -2.8 -2.8 -2.8 -2.8 -2.8 -2.8 -2.8 -2.8 -2.8 -2.8 -2.8 -2.8 -2.8 -2.8 -2.8 -2.8 -0.8 0.2 0.3 0.6 1.1 1.6 2 2.5 2.9 3.1 3.2 3.9 28.3 57.2 59.8 62.3 70.7 80.2 86.4 93.9 101.8 109.7 116 119.4 120.1 121.4 122.5 123.3 123.6 123.6 125.8 124.6 125.4 126.6 128.3 126.8 122.3 120.4 116.2 108.9 100.7 91.3 83.2 77.4 83.8 92.6 96.2 96.2 97.1 98 98.5 97.6 97.2 95.8 94.9 93.8 92.5 91.3 90.6 89.9 89.3 88.1 86.4 84.4 82.4 80.5 78.5 76.5
-2.8 -2.8 -2.8 -2.8 -2.8 -2.8 -2.8 -2.8 -2.8 -2.8 -2.8 -2.8 -2.8 -2.8 -2.8 -2.8 -0.7 0.2 0.8 1.3 1.3 1.6 2.1 2.6 3 3.1 3.1 5.8 41.5 61.1 71.1 73.9 74.8 76.2 79.5 86.2 90.7 98 106.5 111.2 114.4 115 115.5 116.8 116 115.3 115.4 116.1 116.7 116.3 118 119.2 116.8 117.4 115.7 111.8 105.2 97.4 88.5 78.5 74 85 91.9 96 96.2 96.8 97.1 96.9 96.2 95.2 93.8 92.9 91.9 90.6 89.6 89.1 88.3 87.6 86.6 85 83.4 81.6 79.7 77.7 75.7
-2.8 -2.8 -2.8 -2.8 -2.8 -2.8 -2.8 -2.8 -2.8 -2.8 -2.8 -2.8 -2.8 -2.8 -2.8 -1 0.4 1.3 1.8 2.2 2.2 2.4 2.7 3.1 3.1 3.1 16.9 45.6 65.2 77.1 77.7 78.4 80.4 83.2 85.1 88.4 91.8 99.2 103.8 107 109.4 110.3 110.1 110 110.1 110.5 110.7 111.1 109.9 110.5 111.3 112.3 112.4 110 106.7 103.7 99.7 92.7 85.5 75.6 73.5 82.8 89.6 94.6 95.8 95.4 95.5 95.1 95.2 93 91.8 90.9 90 88.9 87.9 87.6 86.9 86.1 85 83.6 82 80.4 78.8 76.9 74.9
