webserver/python/data/SS68.asc
ncols 200
nrows 200
xllcorner 260000
yllcorner 180000
cellsize 50
[rows 0 to 54 of 200, columns 0 to 95 of 200]
100.1 98.8 95.9 93.4 91.4 90.2 89.7 90.5 90.3 88 86.7 86.4 84.3 81.2 78.2 73.4 69.5 67.5 64.1 60.5 58 55.2 52.5 44 36.8 33.5 30.2 27.9 27.2 25.6 20 15 12.9 9.8 5.6 2.9 2.8 2.9 3.1 3.2 3.3 3.1 2.8 2.8 2.8 2.6 2.3 1.9 1.6 1.3 1 0.7 0.3 0 -0.4 -0.7 -1.1 -1.4 -1.7 -2 -2.3 -2.6 -3 -3 -3 -3 -3 -3 -3 -3 -3 -3 -3 -3 -3 -3 -3 -3 -3 -3 -3 -3 -3 -3 -3 -3 -3 -3 -3 -3 -3 -3 -3 -3 -3 -3
100 98.7 96.6 94.7 93 90.8 89.8 88.6 86.7 84.7 83.6 82.4 79.3 77.3 76.1 73 67.2 64.6 62.6 58.7 56.1 54 51.1 40.9 35.8 31.7 29.5 27.9 27.3 25.8 21.7 16.7 13.9 10.2 3.1 2.8 2.6 2.4 2.1 2.2 2.3 2.4 2.6 2.3 2.1 2 2 1.7 1.4 1.1 0.8 0.5 0.1 -0.2 -0.5 -0.8 -1.2 -1.5 -1.9 -2.2 -2.5 -3 -3 -3 -3 -3 -3 -3 -3 -3 -3 -3 -3 -3 -3 -3 -3 -3 -3 -3 -3 -3 -3 -3 -3 -3 -3 -3 -3 -3 -3 -3 -3 -3 -3 -3
99.9 98.6 96.6 94.7 93.7 92.2 91.7 90.2 86.3 82.4 78.5 78.1 75.6 72.5 72.1 72.3 68.9 65.6 63.4 60.1 56.9 54.3 48.7 39.8 36.8 34.4 31.6 28.9 28.6 26.2 23.5 18.5 13.7 8.6 3 2.7 2.5 2.3 2 1.8 1.6 1.4 1.5 1.6 1.8 1.6 1.3 1.3 1.2 0.9 0.6 0.3 -0.1 -0.4 -0.7 -1 -1.4 -1.7 -2 -2.3 -2.7 -3 -3 -3 -3 -3 -3 -3 -3 -3 -3 -3 -3 -3 -3 -3 -3 -3 -3 -3 -3 -3 -3 -3 -3 -3 -3 -3 -3 -3 -3 -3 -3 -3 -3 -3
99.6 98.4 96.7 94.8 93.4 92 91.4 90.5 86.5 83.6 80.4 77.1 73.6 69.7 67.8 69 68.3 68.3 66 62.8 58.9 57.5 52.1 43.3 39.6 37.2 34.5 31.2 27.9 24.7 21.1 15.8 11.8 5.1 2.9 2.7 2.4 2.2 1.9 1.7 1.5 1.2 1 0.8 0.7 0.9 1 0.8 0.5 0.5 0.4 0.1 -0.3 -0.6 -0.9 -1.2 -1.6 -1.9 -2.2 -2.5 -3 -3 -3 -3 -3 -3 -3 -3 -3 -3 -3 -3 -3 -3 -3 -3 -3 -3 -3 -3 -3 -3 -3 -3 -3 -3 -3 -3 -3 -3 -3 -3 -3 -3 -3 -3
97.4 96.8 96.3 95.2 94.1 92.6 91.3 89.7 86.3 85.6 82.2 78.6 75.5 70.6 65.7 64.9 66.8 66.6 65.3 63.3 59.5 58.7 54.2 44.5 41.8 39.8 36.6 32.2 27.2 23.9 20.7 15.3 10.5 3.1 2.8 2.6 2.3 2.1 1.8 1.6 1.4 1.1 0.9 0.7 0.4 0.2 0 0.1 0.2 0.1 -0.2 -0.2 -0.5 -0.8 -1.1 -1.4 -1.8 -2.1 -2.4 -2.7 -3 -3 -3 -3 -3 -3 -3 -3 -3 -3 -3 -3 -3 -3 -3 -3 -3 -3 -3 -3 -3 -3 -3 -3 -3 -3 -3 -3 -3 -3 -3 -3 -3 -3 -3 -3
95.7 95.1 94.3 94.1 94 93.4 94 91.1 87.1 84.6 81.6 78.1 74.2 69.6 64.5 54.7 59.7 61.7 60.1 58.2 57.7 57.1 53.8 44 41 38.9 35.5 31 27 22.9 18.4 12.5 7.7 3 2.7 2.5 2.2 2 1.7 1.5 1.3 1 0.8 0.6 0.3 0.1 -0.1 -0.3 -0.6 -0.7 -0.5 -0.7 -0.9 -1 -1.3 -1.6 -1.9 -2.3 -2.6 -3 -3 -3 -3 -3 -3 -3 -3 -3 -3 -3 -3 -3 -3 -3 -3 -3 -3 -3 -3 -3 -3 -3 -3 -3 -3 -3 -3 -3 -3 -3 -3 -3 -3 -3 -3 -3
95.2 93.1 91.8 91.5 91.2 91.4 91.8 89 86.4 84.3 81.1 77.7 73.5 69.6 64.4 58.3 54.1 56.6 57.2 56.3 55.1 54.7 52.7 39.2 38.4 37.4 33.3 30 25.6 21 16.9 12.1 4.7 2.9 2.7 2.4 2.2 1.9 1.7 1.4 1.2 0.9 0.7 0.5 0.2 0 -0.2 -0.5 -0.7 -0.9 -1.1 -1.4 -1.3 -1.4 -1.7 -1.8 -2.1 -2.5 -2.8 -3 -3 -3 -3 -3 -3 -3 -3 -3 -3 -3 -3 -3 -3 -3 -3 -3 -3 -3 -3 -3 -3 -3 -3 -3 -3 -3 -3 -3 -3 -3 -3 -3 -3 -3 -3 -3
95.5 93 90.6 89.4 88.2 87.7 86.6 85.4 83.2 81.7 79.8 77.2 73.8 69.8 63.5 58.5 53.4 51.5 52.7 53.1 51.6 48.8 43.3 37.4 36.6 35.4 31.7 28 24.6 20.4 15.8 11.7 3.1 2.8 2.6 2.3 2.1 1.8 1.6 1.3 1.1 0.8 0.6 0.4 0.1 -0.1 -0.3 -0.6 -0.8 -1 -1.2 -1.5 -1.7 -1.9 -2.1 -2.2 -2.4 -2.7 -3 -3 -3 -3 -3 -3 -3 -3 -3 -3 -3 -3 -3 -3 -3 -3 -3 -3 -3 -3 -3 -3 -3 -3 -3 -3 -3 -3 -3 -3 -3 -3 -3 -3 -3 -3 -3 -3
95.7 93.3 90.7 89 88.1 86.7 85.3 82.5 79.4 78.3 76.6 72.8 70.7 65.2 60.1 55.8 52.6 49.9 44.4 43.2 45.6 44.4 38.9 35.8 34.9 33.8 30.5 26.5 23.1 18.5 14.2 8.1 3 2.7 2.5 2.3 2 1.8 1.5 1.3 1 0.8 0.5 0.3 0 -0.2 -0.4 -0.7 -0.9 -1.1 -1.4 -1.6 -1.8 -2 -2.3 -2.5 -2.7 -3 -3 -3 -3 -3 -3 -3 -3 -3 -3 -3 -3 -3 -3 -3 -3 -3 -3 -3 -3 -3 -3 -3 -3 -3 -3 -3 -3 -3 -3 -3 -3 -3 -3 -3 -3 -3 -3 -3
95.8 93.6 90.9 90.3 90 88.5 85.6 82 78.5 75.8 72.8 68.5 63.6 60.1 57.5 54.3 51.5 46.6 37.7 33.9 34.1 36.4 37 34.4 34.2 33.7 30.1 26.2 20.7 16 12.8 5.3 2.9 2.7 2.4 2.2 1.9 1.7 1.4 1.2 0.9 0.7 0.4 0.2 -0.1 -0.3 -0.5 -0.8 -1 -1.2 -1.5 -1.7 -1.9 -2.2 -2.4 -2.6 -2.8 -3 -3 -3 -3 -3 -3 -3 -3 -3 -3 -3 -3 -3 -3 -3 -3 -3 -3 -3 -3 -3 -3 -3 -3 -3 -3 -3 -3 -3 -3 -3 -3 -3 -3 -3 -3 -3 -3 -3
95.1 93.9 92.5 92.8 92.1 90.5 88.1 85.1 80.1 76.5 72.3 66.6 63.4 59.4 56 52.7 51.9 43.6 45.2 43 32.5 30 28.9 29.4 31.8 32.4 29.6 24.3 18.6 15.2 12.3 3.1 2.9 2.6 2.4 2.1 1.9 1.6 1.4 1.1 0.9 0.6 0.4 0.1 -0.1 -0.4 -0.6 -0.9 -1.1 -1.4 -1.6 -1.8 -2 -2.3 -2.5 -2.7 -3 -3 -3 -3 -3 -3 -3 -3 -3 -3 -3 -3 -3 -3 -3 -3 -3 -3 -3 -3 -3 -3 -3 -3 -3 -3 -3 -3 -3 -3 -3 -3 -3 -3 -3 -3 -3 -3 -3 -3
93.7 92.7 93.5 94.8 95 93.7 91.8 88.3 83.7 80 76.5 72.8 65.7 60.4 56.9 53.1 52 50.8 50.8 46.8 40.4 37 32.8 26.7 21.1 24.4 24.9 20.4 16.2 13.2 11.4 3.1 2.8 2.6 2.3 2.1 1.8 1.5 1.3 1 0.8 0.5 0.3 0 -0.2 -0.5 -0.7 -1 -1.2 -1.4 -1.7 -1.9 -2.2 -2.4 -2.6 -2.8 -3 -3 -3 -3 -3 -3 -3 -3 -3 -3 -3 -3 -3 -3 -3 -3 -3 -3 -3 -3 -3 -3 -3 -3 -3 -3 -3 -3 -3 -3 -3 -3 -3 -3 -3 -3 -3 -3 -3 -3
91.1 91.8 93.6 95 96 97.1 95.5 91.7 87.1 83.4 80.5 77.9 71.2 62.7 57.1 53.6 52.1 50.4 48 44.2 39.6 36.8 36.3 35.1 29.7 19.7 16.3 17.2 13.8 11.4 9.7 3 2.8 2.5 2.3 2 1.7 1.5 1.2 1 0.7 0.5 0.2 0 -0.3 -0.5 -0.8 -1 -1.3 -1.5 -1.8 -2 -2.3 -2.5 -2.7 -3 -3 -3 -3 -3 -3 -3 -3 -3 -3 -3 -3 -3 -3 -3 -3 -3 -3 -3 -3 -3 -3 -3 -3 -3 -3 -3 -3 -3 -3 -3 -3 -3 -3 -3 -3 -3 -3 -3 -3 -3
90.7 92.3 93.7 95 95.7 97.3 95.6 92.5 89.5 88 85.5 81.4 73.7 66.7 58.4 54.4 53.2 50.7 48.6 43.8 39.6 36.7 35.2 33.9 29.2 23.1 17.3 14.5 10.6 9.6 8.2 3 2.7 2.5 2.2 1.9 1.7 1.4 1.2 0.9 0.7 0.4 0.1 -0.1 -0.4 -0.6 -0.8 -1.1 -1.3 -1.6 -1.8 -2.1 -2.3 -2.6 -2.8 -3 -3 -3 -3 -3 -3 -3 -3 -3 -3 -3 -3 -3 -3 -3 -3 -3 -3 -3 -3 -3 -3 -3 -3 -3 -3 -3 -3 -3 -3 -3 -3 -3 -3 -3 -3 -3 -3 -3 -3 -3
91.9 93 93.9 94.3 94.4 95.4 93.2 90 87.6 87.2 85.8 81.4 75.4 69.7 61.9 56.5 54.3 53.5 49.9 46.3 41.4 38.2 36.2 34.4 29.4 23.2 19.3 15.3 11.4 9.7 7.5 2.9 2.7 2.4 2.2 1.9 1.6 1.4 1.1 0.9 0.6 0.4 0.1 -0.2 -0.4 -0.7 -0.9 -1.2 -1.4 -1.7 -1.9 -2.2 -2.4 -2.7 -2.9 -3 -3 -3 -3 -3 -3 -3 -3 -3 -3 -3 -3 -3 -3 -3 -3 -3 -3 -3 -3 -3 -3 -3 -3 -3 -3 -3 -3 -3 -3 -3 -3 -3 -3 -3 -3 -3 -3 -3 -3 -3
90.5 91.3 92.4 92.6 92.9 92.6 90.6 87.9 84.8 82.6 81.2 78.1 74.4 70 64.9 59.1 56.3 55 53.6 49.3 45.5 41.7 38 32.9 26.3 22.8 18.7 14.6 11.6 9.6 6.2 2.9 2.6 2.3 2.1 1.8 1.6 1.3 1.1 0.8 0.6 0.3 0 -0.2 -0.5 -0.7 -1 -1.2 -1.5 -1.7 -2 -2.2 -2.5 -2.7 -3 -3 -3 -3 -3 -3 -3 -3 -3 -3 -3 -3 -3 -3 -3 -3 -3 -3 -3 -3 -3 -3 -3 -3 -3 -3 -3 -3 -3 -3 -3 -3 -3 -3 -3 -3 -3 -3 -3 -3 -3 -3
88.9 89.7 90 90.1 90.2 89.9 87.8 86.3 83.8 80.9 76.2 74.1 70.9 70 70.6 63.8 58.2 55.9 54.1 51.2 46.9 42.7 39.5 33.1 25.7 22.3 18.1 14 10.4 9 3.1 2.8 2.5 2.3 2 1.7 1.5 1.2 1 0.7 0.5 0.2 0 -0.3 -0.5 -0.8 -1 -1.3 -1.6 -1.8 -2.1 -2.3 -2.6 -2.8 -3 -3 -3 -3 -3 -3 -3 -3 -3 -3 -3 -3 -3 -3 -3 -3 -3 -3 -3 -3 -3 -3 -3 -3 -3 -3 -3 -3 -3 -3 -3 -3 -3 -3 -3 -3 -3 -3 -3 -3 -3 -3
86.5 87.3 86.9 87.2 86.9 87 86.4 85.6 83.7 80.2 73.6 68.5 65.2 64.4 66.7 67.9 60.7 57.7 54 49.5 42.7 40.8 35.7 30 25.3 21.7 17.6 13.4 9.5 7.8 3 2.7 2.5 2.2 1.9 1.7 1.4 1.2 0.9 0.6 0.4 0.2 -0.1 -0.3 -0.6 -0.8 -1.1 -1.4 -1.6 -1.9 -2.1 -2.4 -2.6 -2.9 -3 -3 -3 -3 -3 -3 -3 -3 -3 -3 -3 -3 -3 -3 -3 -3 -3 -3 -3 -3 -3 -3 -3 -3 -3 -3 -3 -3 -3 -3 -3 -3 -3 -3 -3 -3 -3 -3 -3 -3 -3 -3
84.6 84.7 83.9 84.5 86.3 86.8 87.2 86.3 84.6 79.6 73 66.7 61.5 57.7 60.1 60.5 59.2 56.4 53.8 45 39.2 37.4 33.4 28.9 24.8 22.4 17.4 12.9 8.4 7 2.9 2.7 2.4 2.1 1.9 1.6 1.4 1.1 0.8 0.6 0.3 0 -0.2 -0.4 -0.7 -0.9 -1.2 -1.4 -1.7 -1.9 -2.2 -2.4 -2.7 -3 -3 -3 -3 -3 -3 -3 -3 -3 -3 -3 -3 -3 -3 -3 -3 -3 -3 -3 -3 -3 -3 -3 -3 -3 -3 -3 -3 -3 -3 -3 -3 -3 -3 -3 -3 -3 -3 -3 -3 -3 -3 -3
83.1 83.2 83.6 84.4 86.3 87.7 89 88.8 86.8 81.3 73.1 67.3 60.9 54.6 55.8 55 54.6 52.2 49.2 40.4 37.8 36.3 32 28.4 24.4 21.4 17.2 12.3 7.7 6.4 2.9 2.6 2.4 2.1 1.8 1.5 1.3 1 0.8 0.5 0.2 0 -0.3 -0.6 -0.8 -1 -1.3 -1.5 -1.8 -2 -2.3 -2.5 -2.8 -3 -3 -3 -3 -3 -3 -3 -3 -3 -3 -3 -3 -3 -3 -3 -3 -3 -3 -3 -3 -3 -3 -3 -3 -3 -3 -3 -3 -3 -3 -3 -3 -3 -3 -3 -3 -3 -3 -3 -3 -3 -3 -3
81.7 82.7 84.1 85.3 88.2 90.8 91.8 92.7 90.5 84.7 76.1 68.2 60.7 55.7 52.2 51.6 50.4 48.4 42.7 37.3 37.2 36.4 31.4 27 22.5 19.1 14.8 10.8 7 5.2 2.9 2.6 2.3 2.1 1.8 1.5 1.2 1 0.7 0.4 0.2 -0.1 -0.4 -0.6 -0.9 -1.1 -1.4 -1.6 -1.9 -2.1 -2.4 -2.6 -2.9 -3 -3 -3 -3 -3 -3 -3 -3 -3 -3 -3 -3 -3 -3 -3 -3 -3 -3 -3 -3 -3 -3 -3 -3 -3 -3 -3 -3 -3 -3 -3 -3 -3 -3 -3 -3 -3 -3 -3 -3 -3 -3 -3
82 83.4 84.7 88 91.6 95.7 97.1 99 97.6 91.3 80.4 71.7 64.8 58.3 52.3 49.1 49 48.4 39.4 35.5 36.2 36 34 27.5 22.4 18.4 13.6 9.3 6.6 4.5 2.8 2.6 2.3 2 1.7 1.5 1.2 0.9 0.7 0.4 0.1 -0.2 -0.4 -0.7 -1 -1.2 -1.5 -1.7 -2 -2.2 -2.5 -2.7 -3 -3 -3 -3 -3 -3 -3 -3 -3 -3 -3 -3 -3 -3 -3 -3 -3 -3 -3 -3 -3 -3 -3 -3 -3 -3 -3 -3 -3 -3 -3 -3 -3 -3 -3 -3 -3 -3 -3 -3 -3 -3 -3 -3
82.9 85.5 88.1 92.3 96.7 99.1 99.7 100.1 100.5 98.1 92.5 85 74 62.5 55 49 47.8 45.4 37.4 34.2 33.9 34.5 32.5 28.1 23.2 18.7 12.9 8.3 6.3 3.7 2.9 2.6 2.3 2 1.7 1.5 1.2 0.9 0.6 0.4 0.1 -0.2 -0.5 -0.7 -1 -1.3 -1.6 -1.8 -2.1 -2.3 -2.6 -3 -3 -3 -3 -3 -3 -3 -3 -3 -3 -3 -3 -3 -3 -3 -3 -3 -3 -3 -3 -3 -3 -3 -3 -3 -3 -3 -3 -3 -3 -3 -3 -3 -3 -3 -3 -3 -3 -3 -3 -3 -3 -3 -3 -3
84.6 86.5 89.9 93.3 96.5 99 98 97.6 100 100.8 98 95.8 89.5 76 63 48.8 43 39.2 36.2 34 31.9 31 31 26.8 20.9 17 11.5 8 6.5 3.1 2.9 2.6 2.3 2 1.8 1.5 1.2 0.9 0.6 0.4 0.1 -0.2 -0.5 -0.7 -1 -1.3 -1.6 -1.9 -2.1 -2.4 -2.7 -3 -3 -3 -3 -3 -3 -3 -3 -3 -3 -3 -3 -3 -3 -3 -3 -3 -3 -3 -3 -3 -3 -3 -3 -3 -3 -3 -3 -3 -3 -3 -3 -3 -3 -3 -3 -3 -3 -3 -3 -3 -3 -3 -3 -3
83.9 85.3 88.1 91.6 94.9 95.8 95.6 96.9 99.6 101.3 101.4 100 96.9 89.2 68.4 55.1 47.1 41.7 35.5 33.4 31.4 29.7 27.5 23.8 19.1 15.6 10.4 8.1 6.4 3.1 2.9 2.6 2.4 2.1 1.8 1.5 1.2 1 0.7 0.4 0.1 -0.1 -0.4 -0.7 -1 -1.3 -1.5 -1.8 -2.1 -2.4 -2.7 -3 -3 -3 -3 -3 -3 -3 -3 -3 -3 -3 -3 -3 -3 -3 -3 -3 -3 -3 -3 -3 -3 -3 -3 -3 -3 -3 -3 -3 -3 -3 -3 -3 -3 -3 -3 -3 -3 -3 -3 -3 -3 -3 -3 -3
81.4 85.3 85.7 88.8 90.7 91.7 94.3 96.2 98.4 100.2 100.2 100.6 95.5 87.2 68 58.7 58.7 52.3 39.4 34.7 31.7 30.1 27.3 22.5 18.9 15 11.1 8.4 6.8 3.1 3 2.7 2.4 2.2 1.9 1.6 1.3 1 0.8 0.5 0.2 -0.1 -0.3 -0.6 -0.9 -1.2 -1.5 -1.7 -2 -2.3 -2.7 -3 -3 -3 -3 -3 -3 -3 -3 -3 -3 -3 -3 -3 -3 -3 -3 -3 -3 -3 -3 -3 -3 -3 -3 -3 -3 -3 -3 -3 -3 -3 -3 -3 -3 -3 -3 -3 -3 -3 -3 -3 -3 -3 -3 -3
83.7 85.7 85.3 85.4 89.1 91.2 92.2 94.5 96.6 96.9 96.9 96.9 93 79.1 67.3 60.6 64.6 68.4 58.5 44.6 39.1 34.6 28.3 23.2 19.4 14.7 12.4 8.2 7.2 5.9 3.1 2.8 2.5 2.2 2 1.7 1.4 1.1 0.8 0.6 0.3 0 -0.3 -0.5 -0.8 -1.1 -1.4 -1.7 -2 -2.3 -2.6 -2.9 -3 -3 -3 -3 -3 -3 -3 -3 -3 -3 -3 -3 -3 -3 -3 -3 -3 -3 -3 -3 -3 -3 -3 -3 -3 -3 -3 -3 -3 -3 -3 -3 -3 -3 -3 -3 -3 -3 -3 -3 -3 -3 -3 -3
85.3 87.6 87.8 87.1 90.5 92.6 92 93.1 95.6 95.9 94.2 91.3 88.4 87.1 65.5 58.3 65.1 73 71 66 58.6 51.1 37.3 25.6 23.1 14.8 11.1 7.7 5.7 6.8 3.1 2.9 2.6 2.3 2 1.8 1.5 1.2 0.9 0.7 0.4 0.1 -0.2 -0.5 -0.8 -1.1 -1.4 -1.7 -2 -2.3 -2.6 -3 -3 -3 -3 -3 -3 -3 -3 -3 -3 -3 -3 -3 -3 -3 -3 -3 -3 -3 -3 -3 -3 -3 -3 -3 -3 -3 -3 -3 -3 -3 -3 -3 -3 -3 -3 -3 -3 -3 -3 -3 -3 -3 -3 -3
87.1 89 90 91.6 92.3 92.6 91.9 91.2 93.3 94.1 91.6 88.4 80 67.2 59.2 59.1 68.2 75.5 76.7 74.9 69.4 57.9 43.4 31 21.4 16.8 12.5 12.9 10.1 7.9 3.1 3 2.7 2.4 2.1 1.8 1.6 1.3 1 0.7 0.4 0.1 -0.2 -0.5 -0.8 -1.1 -1.5 -1.8 -2.1 -2.4 -2.7 -3 -3 -3 -3 -3 -3 -3 -3 -3 -3 -3 -3 -3 -3 -3 -3 -3 -3 -3 -3 -3 -3 -3 -3 -3 -3 -3 -3 -3 -3 -3 -3 -3 -3 -3 -3 -3 -3 -3 -3 -3 -3 -3 -3 -3
88.1 89.8 90.9 91.8 92.8 92.9 92.1 89.4 91 92.4 89.9 87 76.2 61.5 55.5 60.7 70.7 76.1 75.3 71.6 66.4 58.4 33.3 27 22.2 20.5 20.3 21.2 17.1 10.4 7.2 3 2.8 2.5 2.2 1.9 1.6 1.3 1 0.7 0.3 0 -0.3 -0.6 -0.9 -1.2 -1.6 -1.9 -2.2 -2.5 -2.8 -3 -3 -3 -3 -3 -3 -3 -3 -3 -3 -3 -3 -3 -3 -3 -3 -3 -3 -3 -3 -3 -3 -3 -3 -3 -3 -3 -3 -3 -3 -3 -3 -3 -3 -3 -3 -3 -3 -3 -3 -3 -3 -3 -3 -3
87.7 89 89.8 91 91.6 91.5 90.6 88.1 88.6 88.3 87.5 84.6 78.7 59.3 54.3 60.8 70.1 72.9 71.6 68.1 65.4 63.1 41.1 25.2 22.6 23.3 24.2 23.4 25.2 14.8 9.8 7 2.8 2.5 2.2 1.9 1.5 1.2 0.9 0.6 0.3 -0.1 -0.4 -0.7 -1 -1.3 -1.6 -2 -2.3 -2.6 -3 -3 -3 -3 -3 -3 -3 -3 -3 -3 -3 -3 -3 -3 -3 -3 -3 -3 -3 -3 -3 -3 -3 -3 -3 -3 -3 -3 -3 -3 -3 -3 -3 -3 -3 -3 -3 -3 -3 -3 -3 -3 -3 -3 -3 -3
86.3 87 87.9 89.3 89.8 89.8 88.4 86.4 86.7 86.9 86.5 83.3 79.7 63.8 56 55.2 63.8 69.8 68.5 66.2 61.5 61.2 43.9 24.9 25 28.2 29 26.9 33.1 26.1 12.2 7.4 2.9 2.5 2.2 1.9 1.5 1.2 0.9 0.5 0.2 -0.1 -0.5 -0.8 -1.1 -1.4 -1.7 -2.1 -2.4 -2.7 -3 -3 -3 -3 -3 -3 -3 -3 -3 -3 -3 -3 -3 -3 -3 -3 -3 -3 -3 -3 -3 -3 -3 -3 -3 -3 -3 -3 -3 -3 -3 -3 -3 -3 -3 -3 -3 -3 -3 -3 -3 -3 -3 -3 -3 -3
83.9 85.1 86.8 87.3 87.5 88.2 87.4 84.4 84.2 84.9 84.6 81.3 79.1 75.3 62 55 55 66.6 66.3 59.6 48.1 47 47 27.1 26.1 32.7 33.4 29.2 31.1 34.5 13 8.4 2.9 2.6 2.3 1.9 1.6 1.3 0.9 0.6 0.3 -0.1 -0.4 -0.7 -1.1 -1.4 -1.7 -2 -2.4 -2.7 -3 -3 -3 -3 -3 -3 -3 -3 -3 -3 -3 -3 -3 -3 -3 -3 -3 -3 -3 -3 -3 -3 -3 -3 -3 -3 -3 -3 -3 -3 -3 -3 -3 -3 -3 -3 -3 -3 -3 -3 -3 -3 -3 -3 -3 -3
81.1 82.2 84.8 86.2 86.9 85.6 84.4 81.8 82.7 82.5 81.9 79.6 77 73.5 62.7 56.3 46.8 65.1 64 49.8 47 45.3 43.5 32.7 25.2 31.8 33.5 28.6 26.3 25.2 10.8 9.1 3 2.7 2.3 2 1.7 1.4 1.1 0.7 0.4 0.1 -0.2 -0.5 -0.9 -1.2 -1.5 -1.8 -2.3 -2.7 -3 -3 -3 -3 -3 -3 -3 -3 -3 -3 -3 -3 -3 -3 -3 -3 -3 -3 -3 -3 -3 -3 -3 -3 -3 -3 -3 -3 -3 -3 -3 -3 -3 -3 -3 -3 -3 -3 -3 -3 -3 -3 -3 -3 -3 -3
80.5 82.5 84.3 85.8 86.9 85 83.5 80 80.4 80.3 79.1 76.6 75.7 73.5 60.9 42.4 43.7 62.2 59.2 47.7 45.9 45 43.7 35 23.5 23.2 23.5 22.8 18.5 18.7 15.5 9.2 3.1 2.9 2.6 2.2 1.9 1.6 1.3 1 0.6 0.3 0 -0.3 -0.6 -1 -1.4 -1.8 -2.2 -2.7 -3 -3 -3 -3 -3 -3 -3 -3 -3 -3 -3 -3 -3 -3 -3 -3 -3 -3 -3 -3 -3 -3 -3 -3 -3 -3 -3 -3 -3 -3 -3 -3 -3 -3 -3 -3 -3 -3 -3 -3 -3 -3 -3 -3 -3 -3
82.5 84.1 85.9 86.6 86.6 85.8 83.7 78.9 77.1 76.2 72.8 72.8 72.5 69.6 59.9 34.9 35.8 46.4 50.7 32.9 33.7 40.8 37.9 26.9 23.1 23.1 23.5 21.8 17.4 15.2 13.1 8.9 6.2 3.1 2.8 2.5 2.1 1.8 1.5 1.2 0.9 0.5 0.2 -0.1 -0.5 -0.8 -1.2 -1.7 -2.1 -2.6 -3 -3 -3 -3 -3 -3 -3 -3 -3 -3 -3 -3 -3 -3 -3 -3 -3 -3 -3 -3 -3 -3 -3 -3 -3 -3 -3 -3 -3 -3 -3 -3 -3 -3 -3 -3 -3 -3 -3 -3 -3 -3 -3 -3 -3 -3
84.3 86 86.9 87.5 87.1 86.4 83 79.2 74.9 69.1 62.8 65.3 65.6 63.2 55.9 37.7 28 30.8 39.3 28.4 25.8 27.7 27.3 25.5 26.4 27.5 26.1 22.6 20.2 13.7 10.2 8 5.8 3.1 3 2.7 2.4 2 1.7 1.4 1.1 0.7 0.4 0.1 -0.2 -0.7 -1 -1.5 -2 -2.6 -3 -3 -3 -3 -3 -3 -3 -3 -3 -3 -3 -3 -3 -3 -3 -3 -3 -3 -3 -3 -3 -3 -3 -3 -3 -3 -3 -3 -3 -3 -3 -3 -3 -3 -3 -3 -3 -3 -3 -3 -3 -3 -3 -3 -3 -3
85.7 86.6 87.3 87.3 86.1 84.5 80.9 78.7 74.7 70.9 67.3 50.3 50.2 43.9 40.9 38.2 28.2 27.4 28.5 26.2 25 25.5 26.2 27.3 28.5 29.2 27.7 22.6 19 15.1 10.8 7.7 6.1 6.1 3.1 2.9 2.6 2.3 1.9 1.6 1.3 1 0.7 0.3 0 -0.4 -0.9 -1.5 -2 -2.6 -3 -3 -3 -3 -3 -3 -3 -3 -3 -3 -3 -3 -3 -3 -3 -3 -3 -3 -3 -3 -3 -3 -3 -3 -3 -3 -3 -3 -3 -3 -3 -3 -3 -3 -3 -3 -3 -3 -3 -3 -3 -3 -3 -3 -3 -3
85.3 86 86.7 86.9 85.7 83.8 81.6 78.5 75.7 71.1 65.3 51.8 43.8 36.8 31.8 28.8 28.2 26.9 25.5 25.3 24.4 24.3 26.6 27.9 27.7 27.6 25 20.3 17.6 15.5 12.2 10.2 6.9 6.1 6.3 3.1 2.8 2.5 2.2 1.9 1.7 1.3 1 0.7 0.2 -0.3 -0.8 -1.3 -2 -3 -3 -3 -3 -3 -3 -3 -3 -3 -3 -3 -3 -3 -3 -3 -3 -3 -3 -3 -3 -3 -3 -3 -3 -3 -3 -3 -3 -3 -3 -3 -3 -3 -3 -3 -3 -3 -3 -3 -3 -3 -3 -3 -3 -3 -3 -3
83.8 85.3 85.8 85.2 84 82.4 79 76.4 75.8 71.3 67 58.4 44.8 35.6 30.8 28.4 27.8 27.3 25.7 25.4 26 29 28.9 28.8 28.1 28.1 26 23 21.5 19 16.4 13.9 12.4 8 6.2 6 3.3 2.8 2.6 2.3 2 1.7 1.3 0.8 0.4 0 -0.7 -1.2 -1.9 -3 -3 -3 -3 -3 -3 -3 -3 -3 -3 -3 -3 -3 -3 -3 -3 -3 -3 -3 -3 -3 -3 -3 -3 -3 -3 -3 -3 -3 -3 -3 -3 -3 -3 -3 -3 -3 -3 -3 -3 -3 -3 -3 -3 -3 -3 -3
82 83.9 84.1 83.8 82.3 80.2 76.1 73.2 73.9 72.1 68.8 61.1 46.8 34.9 30.2 28 27.5 26.9 26.1 27.1 35.6 39.3 40.5 39 34.2 33.3 31.4 28.9 26 23.5 20.6 17.8 15.8 13.2 9.8 6.1 6 6.2 3 2.7 2.4 2 1.6 1.3 0.7 0.2 -0.3 -1.1 -2.1 -3 -3 -3 -3 -3 -3 -3 -3 -3 -3 -3 -3 -3 -3 -3 -3 -3 -3 -3 -3 -3 -3 -3 -3 -3 -3 -3 -3 -3 -3 -3 -3 -3 -3 -3 -3 -3 -3 -3 -3 -3 -3 -3 -3 -3 -3 -3
79.9 82 82.5 81.7 80 77.5 74.1 71.8 71.6 72 69.8 61.8 51.4 45.5 36.7 27.9 27.4 27 27.1 29.5 39.9 52.8 55.4 52.9 45.7 39.3 37 33.9 30.4 27.4 25.5 22.6 20.1 17.3 14.2 9.8 6.2 6.4 6.1 5.9 2.8 2.5 2.1 1.7 1.2 0.6 -0.5 -1.4 -3 -3 -3 -3 -3 -3 -3 -3 -3 -3 -3 -3 -3 -3 -3 -3 -3 -3 -3 -3 -3 -3 -3 -3 -3 -3 -3 -3 -3 -3 -3 -3 -3 -3 -3 -3 -3 -3 -3 -3 -3 -3 -3 -3 -3 -3 -3 -3
78.6 80.8 81.1 79.4 78.2 75.9 73.1 71.2 72.1 73.4 72.4 69.2 63.7 62 55.8 54.2 39.4 30.8 27.3 37 46.4 57 59.5 57.8 50.9 46.6 43.8 40.1 36.6 34.4 32.1 29.8 26.2 21.8 18.8 14.7 11 8.4 6.3 6.3 6 3.1 2.7 2.3 1.5 0.7 0 -0.9 -3 -3 -3 -3 -3 -3 -3 -3 -3 -3 -3 -3 -3 -3 -3 -3 -3 -3 -3 -3 -3 -3 -3 -3 -3 -3 -3 -3 -3 -3 -3 -3 -3 -3 -3 -3 -3 -3 -3 -3 -3 -3 -3 -3 -3 -3 -3 -3
76.3 77.9 77.4 77.2 76 74.5 72.3 69.7 69.8 72.4 73.7 72.2 69.3 65.2 63.5 64.3 52.2 38 38.9 47.4 56.7 60.6 63.2 65.1 66.3 63.8 59.3 55.8 47.7 43.6 42.2 41.4 39.8 33.8 27.2 20.2 16.9 14.8 12.5 16.5 11 7.2 6.7 6.1 2.6 1.9 1 0.1 -1.2 -3 -3 -3 -3 -3 -3 -3 -3 -3 -3 -3 -3 -3 -3 -3 -3 -3 -3 -3 -3 -3 -3 -3 -3 -3 -3 -3 -3 -3 -3 -3 -3 -3 -3 -3 -3 -3 -3 -3 -3 -3 -3 -3 -3 -3 -3 -3
73.6 75.5 75.3 74.7 72.9 70.7 70.2 68.1 67 68.6 69.7 70.7 71.3 67.5 62.1 59.8 57.7 53.2 45.5 53 62.1 66.2 68.2 69 70.4 72.6 72.8 70.8 64.6 60.4 61 62.4 68.3 63.6 54.1 36.6 25.3 21.7 35 47.7 48.5 30.2 8.7 6.1 7.9 6.2 2.6 1.7 1.2 0.4 -3 -3 -3 -3 -3 -3 -3 -3 -3 -3 -3 -3 -3 -3 -3 -3 -3 -3 -3 -3 -3 -3 -3 -3 -3 -3 -3 -3 -3 -3 -3 -3 -3 -3 -3 -3 -3 -3 -3 -3 -3 -3 -3 -3 -3 -3
73.1 73.6 73.6 71.8 69.5 67.2 66.8 65.6 63.8 64.6 65 66.4 67.1 63.7 60.3 59.6 60.4 58 48.7 53.8 62.7 69.2 71.4 72.3 72.9 74.6 75.1 75.3 75.3 75.6 76 76.5 75.6 73 64.5 47.8 37.7 37.6 49.4 60.5 62.9 55.7 39.5 21 16.2 12.1 7.3 6.5 6.8 2.9 0 -3 -3 -1.6 -3 -3 -3 -3 -3 -3 -3 -3 -3 -3 -3 -3 -3 -3 -3 -3 -3 -3 -3 -3 -3 -3 -3 -3 -3 -3 -3 -3 -3 -3 -3 -3 -3 -3 -3 -3 -3 -3 -3 -3 -3 -3
72.8 72.3 71.7 69 66.9 64.7 63.2 61.8 59.1 58.8 60.4 62.9 60.5 60.1 58.4 59.9 61.7 57.8 52.1 53.5 61.8 69.1 72.2 73.2 73.3 72.9 72.5 71.9 71.9 72 71.6 72 73.5 73.8 66.4 51.3 44.9 42.3 54.2 61.4 63.7 64 52.7 42.9 47.4 42.5 20.4 16.5 8.1 7.8 4.2 1.9 0.7 0.5 -1 -3 -3 -3 -3 -3 -3 -3 -3 -3 -3 -3 -3 -3 -3 -3 -3 -3 -3 -3 -3 -3 -3 -3 -3 -3 -3 -3 -3 -3 -3 -3 -3 -3 -3 -3 -3 -3 -3 -3 -3 -3
67.8 67.2 66.5 66 65 63 59.9 57.8 55.2 52.8 56.6 61.6 58.1 56.4 53.5 54.6 61.1 60 53.9 41.5 52.3 61.4 66.7 69 70.2 70.9 70 68.5 68.4 68.3 68 68.9 70.4 71.2 67.6 56.4 52 48.1 52.6 59.2 62.2 61.8 61.5 59.4 66.9 62.1 50 49.5 32.7 17.1 9.9 8.5 7.5 2.5 0.9 -3 -3 -3 -3 -3 -3 -3 -3 -3 -3 -3 -3 -3 -3 -3 -3 -3 -3 -3 -3 -3 -3 -3 -3 -3 -3 -3 -3 -3 -3 -3 -3 -3 -3 -3 -3 -3 -3 -3 -3 -3
61.5 58.9 56.4 57.5 61 63.5 58.8 55 56.1 47.7 53.1 57.9 55.8 47.6 47.3 47.1 54.5 55.3 55.4 40.4 43.5 56.7 61.9 65.9 66.8 67 66.5 65.3 65.5 65.2 65.1 66.2 68.2 70.5 68.4 63.9 54.9 51.2 51.7 54.7 59.6 61.4 62.5 64.9 68.5 71.7 72.6 73.8 68.9 57.6 39.3 23.4 15.9 11.7 3.6 1.4 -3 -3 -3 -3 -3 -3 -3 -3 -3 -3 -3 -3 -3 -3 -3 -3 -3 -3 -3 -3 -3 -3 -3 -3 -3 -3 -3 -3 -3 -3 -3 -3 -3 -3 -3 -3 -3 -3 -3 -3
59.2 54.3 51.2 50 54.8 60.3 58.9 53.7 43 43.6 51.1 49.2 41.3 39.5 31.1 37.3 43.5 46.7 50.6 40.5 36.3 50.2 60.4 62.5 63.2 63.8 63.3 62.7 62.6 61.3 61.1 62.2 63.7 65.7 64.9 63.2 59.1 54 53 55.8 60.1 61.5 64.2 67.2 68.9 70.4 71.7 73.6 75.4 75.1 62.5 54.7 60.8 50.3 33.7 13 3 1.6 -3 -3 -3 -3 -3 -3 -3 -3 -3 -3 -3 -3 -3 -3 -3 -3 -3 -3 -3 -3 -3 -3 -3 -3 -3 -3 -3 -3 -3 -3 -3 -3 -3 -3 -3 -3 -3 -3
57.1 49.7 47.1 46.7 48 56.7 58.9 56.1 39.8 33.7 31.8 21.8 21.6 19.2 15.1 16.1 20.1 27.5 40.4 47.9 28.6 36.2 55.1 59.8 60.9 61.2 60.8 60.2 59 57.7 57 56.2 58 60.6 61.5 62.8 61.1 57.8 55 56.8 58 59.1 62.1 63.4 64.5 66.3 68 70.1 72.4 72.4 71.2 72.6 72.4 68.3 55.2 41.4 17.1 17 5.2 1.7 -3 -3 -3 -3 -3 -3 -3 -3 -3 -3 -3 -3 -3 -3 -3 -3 -3 -3 -3 -3 -3 -3 -3 -3 -3 -3 -3 -3 -3 -3 -3 -3 -3 -3 -3 -3
55.7 46 44 42.8 45.1 52.3 55.2 52.2 29.9 21.8 17.4 15.2 13 13.1 11.6 11.2 12.7 16.7 25.7 36.1 23.2 25.7 47.3 58.4 59.9 58.9 58.4 57.2 55.1 53.7 52 51.6 53.2 56.8 60.6 63.4 64.3 61.3 57 55.6 55.6 55.7 55.5 54.9 56.2 58.3 59.3 62.4 63.8 66.1 67.6 69.2 68.7 66.5 61.6 58.5 50.4 40.4 24 16.5 7.1 2.8 -3 -3 -3 -3 -3 -3 -3 -3 -3 -3 -3 -3 -3 -3 -3 -3 -3 -3 -3 -3 -3 -3 -3 -3 -3 -3 -3 -3 -3 -3 -3 -3 -3 -3
48.6 44 41.5 38.4 38 41 38.3 30.6 21.4 14.8 12.5 9.1 3.8 2.9 2.6 2.6 2.8 4.8 16.2 22.1 21.5 20.5 38.1 51.8 56.3 57.9 56.7 55 52.6 49.6 48.8 48.2 49.6 52.8 57.9 62.6 62.7 58.5 54.8 52.8 52.5 51.4 49.7 47.7 47 47.5 46.2 47.5 48.5 52 60.4 64.1 64.7 62.9 59.1 56.4 47.6 35.1 28.4 23.7 27.8 8.9 2.7 -0.1 -3 -3 -3 -3 -3 -3 -3 -3 -3 -3 -3 -3 -3 -3 -3 -3 -3 -3 -3 -3 -3 -3 -3 -3 -3 -3 -3 -3 -3 -3 -3 -3
48 42.8 38.7 35.1 32.7 31 27.8 22.1 16.8 12.4 3.5 2.5 1.8 1.4 1.1 1.1 1.3 2.1 2.6 2.8 3.1 5.8 32.1 43 51.5 54.4 55 53.1 49.6 46.5 44.7 44.9 46.8 49.2 51.5 56.6 55.9 54.4 52.9 51.5 50.8 49.1 46.3 43.5 40.8 38.8 35.6 33.3 30.7 36.6 48.2 56.6 58.8 54.8 49.5 44.4 31.5 21.3 19.3 21.8 34.3 4.8 3.1 3.1 1.8 -3 -3 -3 -3 -3 -3 -3 -3 -3 -3 -3 -3 -3 -3 -3 -3 -3 -3 -3 -3 -3 -3 -3 -3 -3 -3 -3 -3 -3 -3 -3
49.6 42.1 38.3 34.3 31.3 27.9 22.9 18.7 14.5 3.1 3.1 1.5 0.4 -0.1 -0.4 -0.4 -0.2 0.3 0.7 0.9 2.6 2.8 24.6 33.2 41.3 45.3 46.2 44.7 43.4 41.3 40.4 42.7 44.5 45.9 48 51 53.2 52.8 52.6 52.2 51.1 49 46.1 42.5 41.2 38.7 37.3 33.9 27.3 24.7 34.2 47.4 49.9 42.1 33.9 27.1 20.4 15.8 7.2 4.6 14.4 11.4 3.1 3.6 20.8 2.2 -3 -3 -3 -3 -3 -3 -3 -3 -3 -3 -3 -3 -3 -3 -3 -3 -3 -3 -3 -3 -3 -3 -3 -3 -3 -3 -3 -3 -3 -3
