webserver/python/data/SS92.asc
ncols 200
nrows 200
xllcorner 290000
yllcorner 120000
cellsize 50
[rows 140 to 174 of 200, columns 0 to 77 of 200]
231.3 226.4 222.4 215.4 210 202.4 195.7 190.5 185.1 182 177.6 175.9 174.9 173.7 174.1 175.8 181.6 186.2 187.9 186.2 181.5 175.4 170 162.4 152.9 141.7 133.8 120 115.8 123.5 145.4 169 187.3 186.2 181 174.6 167.9 158.3 140.5 131 119.3 116.1 110.6 107.1 106.1 112.6 137.2 162.6 173.9 183.4 190.4 196.6 203 207.3 210.2 214.3 214.9 215.1 215.4 215.2 215.5 216.3 214.4 217.9 220.4 221 222.2 222.8 222.2 220.2 217.7 213.7 208.4 207.3 207.6 208.8 210.4 212.7
233.3 229.5 224.8 218.3 213.6 207.4 201.8 197.7 193.3 189.2 186.3 184.8 184.1 182.4 184.8 191 195.1 196.9 195.9 192.6 187.5 181.7 175.4 170.9 165.5 156.2 145.8 132.4 118 118.6 138.4 172.4 180.7 178.5 169.3 164.3 155.9 144.6 133.2 122.3 113.8 108 106.9 106.3 111.1 118.1 136.9 169.1 180.6 187.1 193.6 198.9 204.9 209.9 213.4 214.7 215.3 213.9 212.7 211.7 211.8 212.1 211 213.6 217.5 219.2 220.4 221.6 219.9 216.3 212.9 209.6 205.6 202.4 202.8 206.7 208.7 210.3
235.8 231.7 227.7 222.9 217.9 213.2 208.9 207.5 203.9 199.5 194.7 193.7 192.6 194.4 196.1 198.4 199.5 199.2 197.4 195.6 191.5 186.6 181 176.9 171.5 163.5 152.6 138.8 121.6 113.3 135.6 166.7 169.8 164.4 158.1 149.8 145.2 135.5 123.6 113 106.4 106.2 105.3 112.9 126 118.4 134.3 172 184 191.2 196.7 202.9 208.8 213.8 216.4 216.3 214.9 212.9 211 209.9 208 207.5 207.2 210.6 215.1 216.5 217.8 219.3 217.8 215.6 212.3 207.9 202.8 198.8 199.8 202.4 203.7 207.4
236.8 232.8 230.7 227.5 223.3 221 217 212.7 208.9 205.4 202.5 201.9 201.6 201.2 202.7 202.9 201.8 199.9 197.2 194.6 192.6 188.9 185 179.8 173.7 165.9 154.6 140.9 122.1 113.1 129.9 147.3 150.8 148.5 144.1 139.5 132.3 123.4 112.3 105.7 104.4 105.7 113.2 131.7 136.9 141 141.2 175.8 185.6 191.6 198 205.3 209.3 213.7 217 216.7 214.9 213.1 211.5 209 206.7 203.7 203.1 208.9 213.1 214.9 216 216.4 215.6 213.2 211.1 207.5 202.5 195 195.9 198.8 200.4 203.9
233.8 232 229.5 226.5 223.3 220.5 217.5 214.7 211.9 210.3 208.6 208.6 209.3 209 208.2 204.6 202.1 199.4 195.9 193.7 191.4 189.6 185.1 178.3 172.3 162.7 152.6 137.5 122.6 112.8 117.6 124.4 128.6 129 127.4 127.1 124.1 112.3 106.2 104.9 105 110.1 127.3 142.7 144.3 148.1 159.9 171.6 182.8 190.1 196.9 202.2 208.4 213 216.8 217.4 216.7 214.7 213.1 209.7 205.5 199.9 199 206.9 210.3 212.5 213.1 212.7 211.9 211.4 209.4 207.4 200.2 190.2 187.6 190.3 196.7 202.7
231.1 229.5 225.2 222 220.1 218.4 215.7 212.2 210.2 208.2 209.6 207.9 206.3 205.7 204 201.2 198.3 195.6 193.4 192.4 190 188.6 184.2 178 171.1 160 147 135.9 126.5 114.8 112 111 109.9 112.1 113.9 116.4 113.5 106.5 104.8 104.4 108.9 123 140.2 149.9 156.5 160.6 165.8 169.8 178.7 185.7 191.5 197.2 207.1 212.1 216.9 219.5 219.3 217.1 214.5 210.9 207 202.2 194.5 203.9 207 208.3 209 208.8 208.3 206 204.6 203.7 196.1 185.1 174.6 181.7 194.7 199.4
228.5 225.9 222.3 218.2 214.4 212.5 209.7 207.7 206.5 205.1 205.3 204.3 202.5 200.4 197.7 195.1 193.4 191.3 190.8 189.9 189.1 187.1 183.7 179.1 172.2 164.8 156 143.1 130.9 117.9 113.4 111.9 109.5 109.1 105.2 106.1 105.6 104.7 105.4 106.8 116.5 137.1 149.1 159 165.3 170.4 174.6 178.8 182.9 188.1 189.8 196 206.6 213 217.6 220 219.9 218.3 216.3 213.2 209.3 203 191.9 199.9 203.4 204.2 204.6 204.3 202.8 199.8 197.2 196.2 188.7 177.9 172.8 178.8 191.4 194.9
225.3 221.4 217.3 212.5 204 203.1 203.3 202.4 201.2 200.3 200 198.4 195.9 192.9 190 187.7 186 186.2 187.6 188.2 187 185.2 183.3 179.3 172.2 163.8 147 130.9 121.9 118.3 119.2 120.2 118.3 112.3 107.8 105.7 102.6 104 105.4 110.8 127.5 144.7 156.8 165.9 171.8 179.1 182.5 187.6 189.3 190.7 193.1 197.4 204 211.9 217.1 219.5 220 218.5 215.7 212.1 208.6 203.8 193 192.3 198.2 198.5 197.2 196.3 193.7 192.5 190.2 186.2 181.5 172.7 167 177.3 186.9 188
223 219.3 215 211.3 199.9 196.1 196.4 196.1 195.6 191.7 188.9 187.5 189.1 185.3 183.4 180.8 179.3 180.4 182.5 183.4 183.1 181.8 179.2 174 166.5 153.3 133.5 126.2 127.9 129.5 128.9 125.8 121.8 118.1 114.4 104.7 103.6 104.4 105 115.7 134.2 148.4 162.9 171.4 179.7 185.6 190 192.7 191.8 194 196.9 202.2 208.3 211.9 216 217.7 216.9 215.3 212.5 209.6 206.3 202.7 192.7 184.3 190 190.7 190.5 189.5 187 185.7 183.3 180.2 176.1 169.4 163.7 175.8 181.8 181.1
221.6 218.1 213.4 208.7 205.7 200.9 197.2 197.8 196.9 195 194.7 191 184.3 175.1 169 170.8 169.9 169.7 175.4 178.6 177.9 175.9 171.5 167.2 161.1 141.9 126.6 135.6 144.3 143 142.8 137.7 129.1 122.1 118.1 106.3 103.8 105.6 105.1 119.5 137.5 150.5 165.5 176.1 183.7 190.3 195.1 196.6 197.5 199.6 202.5 207.9 211.6 214.5 215.3 215 213.1 211.4 209.3 206 202.5 198 191 177.3 179.4 181.6 181.3 180.3 181.4 179.1 177.3 174.2 170.3 159.8 164.1 171.5 172.3 171.8
221.8 217.3 214 210.2 208.3 205.7 204.9 203.4 202.1 202.8 204.9 202.5 199.2 194 186.3 179.2 174.6 167.1 158.8 168.8 171.8 168.3 163.6 160.6 151.5 132 138.4 148.6 158.2 159.8 157.1 149.1 136.8 124.4 122.1 110.2 103.3 104.6 106.4 122.1 138.8 152.1 166.7 179.1 187.1 193.3 196.3 197.1 200.2 203 206.4 210 212.9 213.2 213 211.5 209.3 206.8 205 201.3 197.3 192.4 188.1 184 170.9 172.3 173 173.7 174.3 173.2 171.3 168.1 161.8 156.7 157.3 161.2 161.1 161.4
224.2 221.4 218.2 216.3 214 213.3 212.9 210.7 208.6 208.9 209.5 208.9 205.7 200.9 195.9 189.6 182.4 177.8 167 154.1 152.1 153.8 151 148.2 136.3 136.8 150 160.7 167.9 167.4 164.5 156 144.9 138.4 129.3 112 102.3 103.7 106.3 120.6 139 153 167.7 180.7 186.9 190.6 193 194.7 197.9 201.6 205.3 208.2 210.5 210.4 209.3 207.1 203.8 200.5 197.6 192.6 189 185.7 182.7 180.1 175.8 165.5 165.3 168.2 167.3 166.1 163.5 159.6 155.9 151 152 153.6 154.5 156.4
228.6 228.2 226.6 225.7 224 223.3 222.6 221 218.8 216.9 215.1 214 210.6 206 200.4 194.1 187.9 182.4 176.7 168.7 162.8 157.7 149.7 145.9 151 155.6 160.9 173.3 176.1 174.6 170.7 161.6 152.5 144.2 134 112.8 102.7 103.6 104.8 116.9 137.3 152.5 170.7 178.1 182.1 186.4 187.8 190.1 193.5 197.8 202 205 206.1 204.9 203.9 201.1 198 193.8 188.2 183.9 181.2 177.8 176 173.8 171.2 166.5 159.3 156.8 158.5 157.2 154.4 151.1 147.4 144.7 145.4 146.3 149.1 155.9
230.2 231.6 232.3 231.3 232 231.8 231.1 229.3 226.7 224.9 223 219.9 217 212 206.6 201 196 190.7 186.8 177.1 172.6 170.4 168.7 166.6 168.5 175.8 179.8 183 182.1 178.3 174.3 167.7 158.6 149.2 126.9 110.1 102.3 103.8 103.7 113.9 131.3 147.7 163.3 171.6 175.6 181.3 182.9 185.8 189.1 194.2 198.7 200.9 201 198.9 196.9 193.8 189.7 184.7 179.8 175.2 170.9 168.1 166.9 166.5 165.4 162.9 158.1 149.3 148.8 147.9 145.9 142.7 140.5 138.7 140.3 144.9 153.1 160.8
231.4 232.8 234.8 235.5 236.3 236.2 235.4 233.4 232.4 231.6 229.8 227.1 224.4 221.2 215.8 210.2 204.6 199.1 193.7 188.3 182 179.2 177.2 177.8 179.4 182 186.7 187.6 185.6 182.2 178.7 171.6 162.6 152.2 127.8 111.2 103.3 103 103.5 111 126.1 142.3 153.5 161.8 165.5 171.7 176.4 182.4 186.6 191.5 195 193.4 193.3 192.7 189.1 184.3 179 176.8 172.8 168.5 164.7 162.5 161 160 158.9 156.6 152.9 143.2 137.5 139.7 138.6 136.4 137 137.5 142.9 150.6 159.1 167.5
228.9 231.3 235.3 236.5 237.1 237.9 237 235.6 234.5 233.2 232.3 231.1 228.6 225.4 221.6 217.5 212.2 207.3 202.7 198.4 193.5 190.5 187.7 187.3 185.4 186.5 190.8 192.1 190 187.1 184.1 174.1 164.9 154 127.9 112.2 102.7 103.1 103.9 112.6 123.6 138.8 149.4 155 160.9 167.6 174.1 181.8 185.3 190 191.8 193.4 191 187.9 182.2 174.8 173.7 171.1 167.5 163.2 158.2 154.1 151.4 152 150.2 146 142.5 136.1 131.8 132.8 131.9 131.1 135.8 142.1 150.3 157.9 167.4 175.9
225.5 229 233 235.8 236 237.5 236.3 235.6 235.1 233.9 232.7 231.5 229.8 226.6 224.6 221.8 217.7 211.9 208.3 204.4 202 198.5 195.5 194.3 192.1 192.7 194.4 196.2 196.2 193.6 188.1 178.6 167.6 153.7 136.2 113.7 103.1 103.2 103.8 108.9 123.1 129.3 142.6 152.9 162.1 169 176.2 181.9 185.3 187.5 187.9 188.1 185 180.1 169.9 162.8 164.6 163.7 159 153.2 147.2 143.7 141.9 140.4 135.7 129.9 124.8 124.2 125.9 129.3 129.4 135.7 142.1 147 154.3 162.9 170.6 174.7
222.7 225.6 230.4 234.8 235 236.1 234.2 234 233.7 232.5 231.5 230.4 228.1 224.9 222.9 221.6 219.5 216.1 211.9 207.7 205.7 203.4 201.2 196.9 199.3 200.1 200.7 201.9 201.7 198.3 192.9 184.5 171.4 153.6 135.7 114.9 102.7 103 103.4 103.8 117.9 136.2 149.1 157.9 166 171.7 175 180.9 183 183.9 182.4 178.5 173.5 166.4 157.3 152.9 152 149.9 147.9 143.8 139.9 134.8 134.4 130.2 124.6 117.5 113.7 119.4 127 129.9 136.2 138.6 143.7 149.1 155.6 163.6 169.7 174.1
220.1 224.5 229.8 233.3 233.9 233.3 232.5 231.7 231.3 230.3 229.4 228.2 226.1 223.1 221.5 220.4 219 215.7 212.5 209.4 207 205.4 194.2 190 197.9 201.1 202.4 202.4 202.3 199.9 194.4 186.5 175.3 159.9 137.9 118.1 103.4 102.4 103.1 103.5 119 139.4 150.6 157.4 161.9 169.1 172.4 176.8 178.4 177.3 175.1 168.7 162.8 153.4 148.7 145.1 143.4 142.2 141.3 137.4 132.8 127.8 127.9 121.6 113.2 107.7 118.5 128.4 133.6 136.9 139.6 142.2 147.1 151.1 156.8 163.3 170.2 176.3
218.4 223.6 229.3 232.7 233.3 232.6 231.4 230.7 229.9 228.3 227.3 225.2 223.1 221.4 220.1 217.4 215.9 213.3 209.2 206.7 204.6 202.5 200 188.5 194.7 199.8 198 199 199.7 198.5 193.5 186.6 177.4 165.1 145.2 126 109.6 99.8 103.1 102.7 113.6 134.6 148.1 154 158.1 163 166.3 168.6 169.8 170.8 169.3 164.6 159.4 151.5 145.2 141.6 137 135.6 134 130.7 126.3 121.4 119.8 113.3 106.6 115.9 129.1 134.5 137.7 141.3 144.5 150 153.8 159.3 165.9 173.3 178.1 181.5
218.6 222.8 229.2 232.3 232.6 232.3 230.5 229.3 229.1 226.9 224.6 222.4 220 217.1 216.1 215 212 208.7 205.9 203.8 201 198.7 194.1 190.9 181.4 185.2 186.7 189.4 190.8 190.9 189.3 183.4 175.1 164.5 146.9 129.2 112.1 101.3 101.9 102.2 106.1 126.8 140.6 145.5 148.9 154.3 159.4 161.9 165.2 167.9 164.7 164.9 163 156.9 148.2 139.6 131.1 124.9 125.6 124.9 120.9 116.5 113.2 111.2 114.2 123.6 130.9 136.9 141 146.2 152.6 161 167.5 172.6 177.8 181.5 184.1 185.4
220.8 226.4 230.9 232.8 232.7 232.6 231.4 230 229.1 226.2 223.9 222.4 221.9 221.7 221.6 221 220 217.6 214 211.3 208.1 204.5 203.5 202.2 196.1 190.8 174.4 170 173 174.2 173 171.3 167.8 155.8 141.8 127.9 113.3 107 101.3 101.5 99.5 112.6 125.8 135.5 141 146.8 152 155.1 159.3 158 160.4 160.3 161.3 157.7 156.6 151.6 130.1 124.5 119 115.9 111.3 110.1 108.3 115.8 122.7 129.4 137 141.8 147.8 156.5 165.4 170.5 174.2 178.7 181.7 184.9 186.2 188.3
224.7 229.9 233 233.6 233.6 233.2 232.8 232.2 231.3 228.5 226.4 226.3 226.3 226.8 226.8 227 225.7 222.5 218.4 215.4 212.9 210.7 208.5 207 205.1 203.3 196.8 185.6 172.2 156.6 157.1 152.6 153 143.9 131.4 122.3 122.8 113.3 102.3 101.7 101.9 101.5 114.3 123.6 133.7 139.4 144.8 146.8 145.2 145.8 150.1 148.1 148.9 144.7 145 143.5 129.5 122.8 115 106.9 105.1 113.9 121.1 127 134.1 140.3 139.4 155.2 156.7 157 166.3 171.9 175.6 178.8 181.2 183.5 184 187.9
230.2 233.6 235.3 236.1 235.9 236 235.1 234 233.5 231.4 230.5 230.2 230.5 230.7 231 230.3 228.6 226.2 222.6 219 216.6 213.5 211 208.1 205.2 204.3 201.1 197.2 191.5 180.2 163.6 148.7 142.6 137.7 135.8 136.5 136.2 129.6 105.9 103.1 102.6 99.5 102.5 113.3 124.2 132.5 135.7 133.1 133 130.7 133.6 131.9 129.9 129.5 129.7 127.2 122.3 114.7 107.5 99 112.9 123.9 128.4 128.9 128.6 129.8 133.4 141 144.5 149.3 157.2 166 173 176.1 178 180.2 182.8 187.2
235.6 237.7 238.8 238.6 238.2 238.6 237.4 236.2 235.3 234.6 234.5 233.4 232.8 233.3 233.1 232.4 230.6 228 225.1 221.7 218.5 215.3 211.4 207.6 205.2 202.1 198.3 194.8 192 189 180 171.8 165.6 161.2 159.1 160.3 157.2 141.4 119.8 101.4 102.6 100.9 102.1 102.4 107.5 114 113.4 111.7 115.4 115.4 116.1 117 117.5 116.7 115.5 113.9 109 102.7 100.7 98.4 100.2 104.6 110.9 113.1 111.8 113.8 119.9 126.1 129.7 138.7 146.4 154.7 163.6 167.9 173.3 178.8 182.8 187.7
239.1 240.3 241.4 241.3 240.5 240.4 239.3 239.1 238.8 237.8 236.7 236.2 235.3 235.2 234.4 232.9 230.8 227.6 224.6 221 217.7 214.8 209.8 205.5 201.2 195.7 192 190 188.9 188.9 187.1 185.3 180.9 175.7 174.1 165.1 159.8 149.8 134.3 104.3 102.7 102.9 97.9 101.3 100.8 102.1 103.9 107.5 107.3 106.8 113.5 107.1 107.1 105 103.4 101.5 100 99.1 94.7 99.1 99.1 99 90 100.1 100 101 103.8 109.6 114.2 121.4 129 139.9 148.5 159 170 177.7 182.3 187.8
241.5 242.8 242.8 242.1 242 241.7 241 239.9 238.8 238.5 237.6 236.4 234.9 233.7 232.5 230.5 227.9 224.8 220.3 216.2 211.3 208.2 205.4 200.7 195.3 189.4 185.8 184.1 183.5 184 183.5 183.4 182.4 179.8 175.5 170.2 162 148.7 143.1 108.5 101.3 102.4 100.5 100.4 100.9 101.1 101.4 101.5 101.5 101.8 102 101.2 101.2 99.9 101 100.7 99.5 96.9 99.4 99.9 99.6 99.4 99.4 96.3 98.6 99.1 98.4 100.8 102 102.6 106.9 119.3 131.1 144.7 159.8 172.6 181.1 188.4
244 244.5 243.9 242.1 242 241.4 239.9 239.2 238.5 236.4 234.6 233.2 232 230.8 229.3 227.2 222.5 217.4 214.2 209.7 205.3 201.5 197.8 193.3 187.8 182.6 180.5 178.9 178.3 178.3 179.5 181.1 180.9 179.1 176.3 169.7 161.1 151.4 139.1 131.9 112.6 102 102.4 95.9 101.2 101.6 101.5 101.3 100.8 100.7 100.1 100 100.2 99.9 94.9 95.5 100 100 99.8 101.2 103.8 103.3 104.1 102 100.1 92.7 92.2 97.6 97.4 98.4 98.8 101 112 129.4 145.3 163.9 173.5 182.6
243.8 244.5 243.1 241.6 241.3 240.2 238.3 235.7 233.1 230.7 228.7 226.8 226.1 224.5 222.9 220.4 216 212.5 208.2 204.4 199.6 194.4 190.4 186 181.9 179.2 176.8 174 173.8 173.9 175.7 177.4 178.7 177.7 174.7 168.1 160.9 153.2 146.9 141.9 130.5 112.2 100.7 100 100.2 100.5 100.1 94.1 95.2 97 99.1 99.3 99.6 99.8 103.6 111.1 115.1 114.8 115.1 117.9 119.7 118.4 116.2 114.3 112.3 107 103.2 103.6 98.3 95.8 96.2 96.9 97.5 108 127.7 146.7 163.4 174.9
242.1 242.9 241.7 240.1 240.1 237.3 234.4 230.7 226.7 223.2 222 221.3 219.7 218.2 216.8 213.9 210.8 207.3 202.1 198.1 193.2 188.4 184.7 181.3 178.7 176.2 173.1 169.7 168.1 167.9 169.1 171.9 173.7 175.5 173.3 171.1 168.5 164.1 156.8 151.3 145.7 138.5 121.5 110 102 100.6 105.9 111 115.2 118.2 119.6 120.9 124.1 124.3 127.4 131.3 132.5 131.7 133.3 135.7 136.2 134.6 131.6 129.6 126.4 121.7 118.1 114.7 109.4 101.9 97 97 97.8 97.2 99.9 123.4 146.4 164.3
239.4 240.8 239.7 239.3 237.2 233.7 229.9 226.2 222.3 219.6 218.4 216.6 214.7 213.3 212 207.9 204.5 201.2 196.6 191.5 187.6 183.7 180.3 177 175 171.4 168.1 163.9 159.3 159.4 157.9 160.6 164.9 171.2 175.1 176.9 176.3 171.1 164.8 160.5 157.4 152.8 145.8 137.7 129.8 128.4 131.3 135.4 136.9 139.8 141.4 142.6 144 145.5 148.2 151.2 152.1 151.4 152.1 153.6 152.8 150.7 146.9 145 140.8 136.9 133.7 129.4 121.7 113.3 104.6 98.8 97.5 97.2 97.6 96.2 122.7 148.4
236.4 238.5 238.1 235.9 233.4 229.2 226 222.6 219.2 216.7 214.8 212.4 209.9 208.4 206.2 203 200.3 196 191.8 186.8 182.8 178.9 174.7 172.1 169.1 165.3 165.7 165.2 167 169.1 166.5 158.7 152 165.1 175.5 179 180.4 179 178.8 175.9 174.6 170.4 164.8 157.9 151.9 150.5 152.2 155.9 159.2 163.4 167 167.8 167 166.6 168.5 171.4 171.8 171.1 170.1 167.4 164.4 160.7 157.5 154 151.4 148.5 143 137.2 129.4 119.7 113.1 106.3 99 96.7 96.9 97 95.8 124.7
236.9 238.8 237.4 232.5 230.2 227.4 223.4 219.7 216.6 214.1 211.9 208.6 204.4 201.5 200.1 196.8 194.9 190.4 186.6 183 184.1 182.3 178.8 174 172.3 173.9 175.7 178.2 179.7 178.8 174.8 167.5 150.5 160.1 174.7 181.9 185.8 190.4 192.7 191.1 191.1 189.6 185.2 180.6 175.8 173.9 175.7 179.4 181.7 180.3 183.7 185.4 183.5 181.9 183.4 188.2 186.9 184.3 181 177.2 174.3 169.3 164.8 159.7 156.2 153 147.1 140.1 131.3 123.6 117.9 112.6 107.7 102.5 96.4 95.9 94.9 102.6
240.2 240.5 238.7 235.5 231.6 227 223.2 220.2 219.1 218 215.4 213.6 208.4 203.8 200.8 197.3 193.6 192.8 193.6 191.4 190.2 188.6 184.1 178.2 181.7 182.5 184.4 185.6 186.5 185.1 180.3 166.4 148.8 157.5 172.1 182.9 190.5 195.8 197.4 197.1 197.2 196.6 194.2 193 191.8 191 192.4 194.3 192.7 191.1 187.7 191.3 192.6 191 187.1 192.7 193.2 191.3 189.2 186.1 181.8 177.1 172.6 166.4 161.8 155.9 150.2 142.4 132.8 127.3 121.6 116.1 112 107.7 99.9 95.9 94.9 95
241.3 241.6 239.5 235.8 231.7 227.4 224.5 223.9 223.5 224 223.6 221.7 217.8 214 210 205.9 206.1 202.2 199.1 197.7 194.2 191.7 185 187.8 189.1 190.5 190.6 191.5 191.1 189.3 182.7 165.6 146.8 153.9 170.3 182.6 190.7 195.4 199.5 200.9 200.9 200.5 199.9 199.7 198.8 199.1 201.3 200.9 197.1 195.5 194 196.5 196.7 196.9 195.7 189.5 191.8 192.4 191.9 190.1 187.2 183 178.7 173.9 167.9 162.1 153.5 146.2 139.7 131.4 125.7 119.6 115.5 110 101.6 96.3 95.3 94.4
