webserver/python/data/SS93.asc
ncols 200
nrows 200
xllcorner 290000
yllcorner 130000
cellsize 50
[rows 140 to 174 of 200, columns 78 to 155 of 200]
292 296.2 303.3 308.8 316.7 321.9 324.1 324.8 324.2 322.4 320.6 318.8 314.8 310.3 299 280.6 264.3 254.5 254.6 263.2 272.3 281.2 290.8 296.7 301.1 302.5 303.6 299.5 283.2 274.9 290.6 286.7 296.4 301.6 304.8 305.9 307 306.5 303 297.1 290.9 285.4 277.7 283.8 285.5 283.6 268.4 257.5 257.3 271.3 284.9 296.9 305.9 312 317.5 324.5 331.5 335.4 337.8 338.5 337.1 335.1 333.7 330.5 328.2 329.1 330.2 330.7 330.2 329.5 329.8 330.1 328.7 325.7 322.4 316.5 310.6 303.6
289.7 295.4 303.1 313 320.9 326.2 328.9 330.2 329.7 328 326.4 324.7 322.4 318.7 313.4 303.5 282.8 266.8 255 252.7 258.1 265.5 274.6 284.5 293.2 299.1 300.8 297.2 279.2 270.9 284.2 285.8 296.1 301.4 306 307.3 308.3 306.7 302 294.8 288.2 281.2 271.6 270.9 273.3 268.9 255.8 257.6 271 285 296.4 306.2 313 318 323.2 328.8 333.7 337.2 339.2 338.9 336.8 334.7 331.5 326.3 323.4 325.6 326.4 326.4 326.6 326.6 326.6 326.5 326.9 324.9 322.1 317.2 311.9 304.4
288.1 295.9 305.7 315.9 324.3 330.5 331.5 334 334.4 333.6 332 330 327.8 323.9 319.7 313.5 304.5 289.5 271.1 258.3 252 250.8 258.6 266.5 277.6 291.1 297.8 291.2 270.9 269.9 279.9 289.6 296.6 302.1 306.4 309.4 310.4 307.2 302 295 288.9 282.7 277.9 267.4 259.9 258 253.6 268.9 284.8 296 305.4 312 316.5 321.4 326.9 331.9 335.6 337.9 338.8 338.1 336.1 333.7 329.9 322.9 318 319.6 319.7 319.8 319.9 321 321.1 323.5 324.4 323.3 321.2 317.2 312.4 304.7
291 301.7 310.6 319.2 326.4 330.7 334.2 336 337.1 336.6 335.8 334 331.6 329 325.5 321.2 314.6 305.4 293.4 277.9 265.4 255.5 249.3 252.2 261.5 272.9 285.8 277.8 264 274.5 286.7 293.3 298.7 304 307 310 311.1 308.5 305.1 300.2 294.9 292 290.3 283.4 275.5 253.5 259.1 276 291.7 302.9 310.8 315.5 320.3 324.6 328.5 332.1 335.3 337.4 338.2 337.4 335 331.9 327.9 321.7 313.5 311.8 308.5 309.7 311 312.4 317.4 320.1 321.8 322.3 320.3 317.2 312.6 305.4
295.8 306.4 315.2 323.1 328.6 332.9 335.1 336.9 337.8 337.3 336.8 336.1 334.7 332.4 329.4 325.5 320.9 315.1 307.5 297.5 284.6 272.6 259.7 247.3 248.2 255.1 270.6 260.3 264.7 281.4 291.8 297.2 301.8 305.7 308.6 310.8 312 310.5 309.9 307.2 304.2 302.9 299.4 294.2 282.1 255.3 253.5 268 286.8 299.2 309.7 315.7 319.8 323.9 327.6 330.4 332.8 334.5 335.3 335.2 333.6 330.9 326.5 321.1 313.6 307.4 302.4 298.3 298.8 304.3 311.4 316.1 318.9 320.1 318.8 316.4 312 305.4
300.4 309.9 319.1 326 331 334.4 335.9 337.2 338 337.9 337.7 337 336 334.1 331.6 328.4 324.3 319.6 314.4 306.9 298.9 288.3 277 262 248 247.1 254.3 256 275.2 287.5 295.3 299.6 303.3 306.2 308.5 310.7 312.4 312.8 312.2 311.4 310 307.4 303.9 299.1 288.7 260.4 252.1 257.5 274.1 288.9 302.2 312.1 316.6 319.9 323.3 326.2 328.6 330.8 331.4 332.3 331.9 329.6 327.1 323.1 319.4 315.9 311.2 303.8 292.9 290.7 300.6 311.6 315.5 315.8 315.2 313.2 309.5 304.8
306.5 314.7 321.8 327.8 332.1 334.3 336.5 338 337.9 337.7 337.4 337.2 336.1 334.8 332.6 329.7 326.2 321.7 317.3 312 305 296.7 286.2 272.4 257.8 245.7 248 266.4 278.4 287.9 294.5 298.7 301.5 304.4 307.3 310.2 311.8 312.8 313.9 313.7 313.1 311.1 307.5 303.2 296.1 270.2 250.2 251.2 263.1 275.2 288.6 304 310.7 314 317.4 320.8 323.7 327.3 328.8 329.8 330.5 329 327.8 325.1 322.5 319.6 315.8 311.4 302.5 285.2 285.4 302 311.1 312.3 311.1 308.7 305.7 300.3
312.6 320.2 326.2 330.3 333.6 335.3 337 337.7 337.4 337.2 337.1 336.9 335.8 334.4 333 330.4 327 323.2 319 313.9 308.1 301 291.5 278.8 265 246.3 246.7 268.8 279.6 286.6 293 296.6 300.3 303.3 306.3 309.3 311.1 312.4 313.8 314.9 314.5 312.3 309 304.8 298.4 281.6 255.6 249.2 259 264.6 276.4 284.9 295 301.3 308.4 314.5 319.2 323.8 326.5 327.4 328.7 329.1 328.2 325.7 323.4 320.4 316.3 311.1 302.3 285.6 271.7 293.1 305.8 307 306.4 304 301.6 296.9
317 324.2 329.1 332.5 335 336.1 337 337.5 337.3 337.1 336.8 334.9 333.6 332.6 331.2 329.2 326.3 322.6 318.5 313.7 308.3 302 294.8 282.9 268.6 247.8 246.8 270 283.3 290 293.5 296.4 299.5 301.9 304.9 308.1 310.9 312.7 314.9 315.7 315.4 313.4 310.4 305.9 297.6 282.1 259.9 246.2 249.7 258.3 266.9 272 277.5 283.8 291.9 307 315.9 320.1 324.8 326.7 328.4 329.2 328.6 326.6 324.3 321.2 316.4 309.5 296.6 277 267.8 285.8 298.9 301.3 301.6 299.3 296.9 292.6
314.7 322.8 327.6 331.9 334.8 336.4 337.2 337.5 337.3 337.1 335.7 333.8 331 329.7 328.8 326.6 324.1 321 317.4 313.4 308.8 303 296.6 286.5 272.7 252.2 242.6 259.2 275.7 286.8 291.9 294.1 296.5 299.7 303.5 306.6 309.8 312.1 313.4 314.2 314.9 313.2 310.3 305 297.7 289 277 249.9 244.9 253.9 258.3 261.4 272.2 283.2 293.9 304.1 313.7 320.1 323.2 326.3 328.1 329.3 329.2 327.4 324.7 321.5 315.8 309 290.2 270.6 261.4 274.1 286.8 293.4 295 294.1 291.2 287.3
319.1 324.1 328.6 332.5 334.4 336.7 337.3 337.3 337 336.4 334.8 332 328.6 325.6 324.5 323.2 320.6 317.9 315.1 311.6 307.5 302.7 297 289.9 277.3 260.1 243.3 246.4 259.2 275.9 285.2 287.8 290.7 295.9 299.6 304.3 306.9 309.5 311.2 312 312 311 308.6 305.8 302 296.6 288.7 266 245.8 246.3 257.5 266.5 283.6 297 304.6 311.2 315.3 318.5 321.7 324.9 327.6 329 329.2 328.1 325.3 322.1 316.5 310.5 295.6 270.3 258 260.7 270.1 284.6 287.8 287.1 286 281.3
323.4 327.3 330.8 333.6 335.6 336.8 336.9 336.6 336.3 335.5 334.7 332.8 329.4 324.6 318.9 317 314.9 313.2 311 308.5 304.9 301.2 295.8 289.8 281.3 272.6 256 241.1 244.9 259.2 267.5 273.4 282.2 289.2 293.3 298.3 302.5 306.3 309.1 310.2 310.5 308.7 306.5 304 301 297.1 290.8 282.4 262.5 242.2 245.2 264.8 284.1 294.9 301.6 307.3 312.3 316.1 320.3 323.6 326.8 329.7 330.6 329.6 327 323.2 318.7 313.4 302.5 276 258 251.4 256.7 270.6 279.5 280 279.6 276.2
326.4 329.4 333.1 334.4 335.3 336.1 336.3 336.1 336 336 335.6 334.7 332.3 329.2 325.1 320.6 314.7 309.3 304.7 302 300.9 298.6 294.4 289.6 283.4 278.4 272.6 255.4 240.6 241 250.7 256.6 269.7 279.9 290.3 298.7 304.4 308.8 311.3 311.5 309.8 307.3 304.6 302.3 299 295.9 291.5 285.3 270.3 252.2 238.6 258.8 273.8 288.7 294.3 299.7 307 311.8 317.2 322.8 325.9 326.7 327.4 327.7 326.6 323.8 319.8 313.7 306.1 292.4 268.5 249.4 246.2 257.6 270 270 270.7 268.5
329.1 331.6 333.3 334.1 334.8 335.2 335.4 335.3 335.9 335.9 335.9 335.9 334.5 332.2 328.8 325.2 321.5 316.8 311.6 306.1 297.7 292.9 286.7 284.3 280.1 275.3 275.6 271.4 259.6 241.6 238.9 251.1 273 290 300.7 307.2 311.1 313.5 313.4 311.5 308.2 305 302.3 299 295.6 292.4 284.8 271.3 256.7 242.5 239 254.2 268 276.5 284.2 294.5 303 311.6 318.1 322.3 324.1 324.3 324.2 323.7 323 321.3 317.6 311.3 304.2 290.8 270.1 251.7 241.2 254 259.6 254.4 258.6 258.9
328.8 331.1 332.2 332.9 332.6 332.8 333.3 333.6 334.2 334.7 335.5 335.8 335.6 333.8 330.8 327.6 323.7 319.3 313.5 306.6 301.4 296.8 291.9 288.9 284.5 275.5 270.1 275.2 270.2 259.6 241.6 244.5 271.2 291.2 302.7 310.2 314.4 315.6 314.3 310.1 305.4 300.3 296.8 293.2 289.3 282.4 267.8 254.1 241.5 235.9 245.5 260.1 273.8 286.6 296.5 305.1 313.1 317.4 320.2 321.2 321.7 321 320.5 319.4 318.2 316.1 312.4 305.4 296.5 277 260.6 250.2 237.3 246.3 243.7 241.3 244.9 245
328.5 330.3 331.4 331.2 330.9 331.2 331.6 331.7 333.4 334.4 335.6 335.7 334.8 334.2 331.6 328.3 324.1 319.3 313.1 306.6 301.2 296.2 291.9 288 284.6 277 263 272.3 271.2 258.1 238.6 244.6 266.9 290.3 303.6 311.1 315 315.4 313 309.1 302.2 294.8 288 284.2 280.2 263.8 250.3 240.2 233.2 243.2 254.9 270.2 286.9 300 306.4 311.1 314.8 317.3 319.2 319.6 318.8 317.6 316 314.5 312.5 309.6 305.6 296.4 276.3 260.3 249.4 240.8 235.1 235.1 235.1 235.1 235.1 235.1
328.4 329.7 330 329.3 329 328.9 328.7 329.8 331.7 333.5 334.9 334.7 334.2 333.7 331.5 328.5 324 319.3 312.3 303.5 298.8 293.2 288.6 283.2 277.8 271.5 256.1 260.8 263.9 249.4 234.2 250.6 268 289.2 304.2 311.1 314.3 313.7 311.5 306.4 299.1 289.5 281.4 274.2 266.3 245.8 236.2 231.7 238.8 254.2 268.6 287.5 299.9 305 309 312 313.1 315.1 315.9 315.6 314.4 313.1 311.2 308.8 305.6 301.8 296.3 279.8 260.9 247 235.1 235.1 235.1 235.1 235.1 235.1 235.1 235.1
327.6 328.5 328.7 327.9 326.9 326.1 326.3 327.9 330.2 332.5 334 334.7 334.2 333.7 331.6 328.7 324.1 319.1 311.1 303.3 298.7 296.2 292.7 289.8 285.7 278.2 264.8 242.7 249.1 238.1 238.4 254.8 271.1 291.2 305.1 310.8 313.4 313.3 310.9 305.8 299.4 290.2 277.6 258.6 248.2 232 235 241.9 254.3 270.4 286.2 295.8 301.5 305.4 308.3 310.2 311 311.6 311.5 310.5 309.3 307.1 304.7 301.1 297.8 293.4 284.8 263 245.9 235.1 235.1 235.1 235.1 240.3 248.4 255.8 261.3 261.7
326.5 327.5 327.3 326.1 324.5 322.5 323.3 326.8 329.2 331.2 332.8 334.3 334.1 333.6 332 329.5 325.7 319.9 314.3 308.4 304.6 302.7 299.8 295.9 291.4 285.5 272.1 250.1 233.1 234.2 247.4 262.1 279.3 297.5 306.4 310.6 312.6 312.4 310.4 305.7 300.7 292.3 276.9 247.5 237.3 229.7 243.7 257.6 271.2 280.5 288.6 295 299.6 302.3 305 306.1 306.4 306.7 306.5 305.2 303.2 300.9 297.9 293.9 289.6 283 269.1 248.3 235.1 235.1 235.1 241.4 251.4 259.6 264.8 272.8 275.9 274.3
325.1 326 325.7 324.6 322.6 319.2 321.6 324.9 328.1 329.9 331.6 333.2 334.1 333.5 332.4 330.4 327.3 323.6 319.8 315.5 311.1 306.7 302.6 298 292.9 282.5 257.3 240.4 233.3 246.5 258.5 274.3 291.8 302 306.7 309.9 310.9 310.6 309 305.4 300.9 292.2 267.5 244 227.7 237.5 253.5 265.5 274 281.3 288 293.2 296.9 299.6 301.1 301.6 301.1 300.9 300.2 298.3 296.2 293.7 290.7 286 281 272.8 253.3 236 235.1 235.1 241.5 253.7 264.4 271.4 273 272 271 269
323.7 324.1 323.8 322.5 320.1 315.9 320.3 323.9 326.3 328.9 330.5 332.1 333.2 333.2 332.2 330.4 328.1 325 321.4 316.9 311.9 306.9 301.9 296.4 291 268.9 244.9 228.4 240.3 253.2 268.7 284.8 295.4 302 305.9 308.1 308.9 308.6 307 304.1 299.6 289.7 260.8 239.7 227.9 237.6 253.6 263.7 272.1 279.5 285.5 290.6 293.8 296.2 297.1 296.5 296.4 294.9 293.3 291.4 289.3 286.4 282.9 278.5 273 264.4 242.2 235.1 235.1 236 252 262.5 266.7 267.4 265.9 265.2 263.3 261.9
321.9 322.3 321.8 320.6 316.6 315 319.1 323 325.3 327.7 329.4 330.9 331.9 332.2 331.3 329.9 327.5 324.5 321.8 316.8 311 305.2 299.2 292.6 285.4 259.8 234.5 233.6 246.9 261.7 277.5 289 295.8 300 302.6 304.2 304.9 304.7 303.4 301.1 296.4 288.6 262.5 238.8 226.1 234.4 249.4 261.4 269.6 277.3 283.2 287.8 290.9 293.2 292.7 291.6 290.8 288.8 286.2 284.2 281.8 278.5 274.9 270.7 265 256.3 235.1 235.1 235.1 244.4 254 258.2 259.6 259.1 258 256.5 255 253.7
319.8 320.3 320.5 317.7 314.6 314.3 318.7 321.7 323.9 326 327.7 328.4 329.1 329.7 328.8 327.9 325.8 323 319.6 315.2 309.3 303.4 295.2 282.3 275 252.9 228.2 237.8 251.9 268.6 281.8 288.6 293.4 296.6 298.6 299.9 300.5 300.5 299.2 297.6 293.7 287.7 269.7 242.2 223.3 231.5 246.1 259.2 268.6 276.1 282.4 286.1 289.1 289.5 289 286.6 284.4 282.1 279.7 276.6 273.2 269.8 266.2 262.2 257.1 249.2 235.1 235.1 234.5 245 249.4 247.7 252 250.6 247.9 245.5 245 244.7
316.9 317.7 317.5 315.8 312 312.8 317.3 319.6 321.1 322.1 323.3 324.8 325.4 325.6 325.3 324.2 322.5 319.8 316.3 312.1 306.9 300.7 290.2 270.4 251.9 242.5 225 238 254.5 269.9 279.4 284.9 289.2 291.8 293.4 294.5 295.1 295.5 294.8 293.2 290.5 285.8 277.9 252.3 226.8 227 240.5 257.5 268.5 275.5 281.7 285 286.5 286.1 283.8 280.3 277.8 275.4 272 267.9 264.2 260.9 257.3 254.4 249.4 242.2 234.5 234.5 234.5 240.9 243.2 244.2 242 239.9 237 236.3 236.3 236.3
313.9 314.9 314.3 313.7 308.2 311.6 314.8 316.3 317.5 318.4 319.3 320.1 321 321.1 320.8 319.7 317.7 315.3 312 308.3 303.6 297.2 289.2 280.1 266.1 241.5 222.9 235.4 253.2 267.2 274.3 279.6 283.5 286.3 287.8 288.9 289.5 290.1 289.8 288.5 285.9 282.3 276.3 262.2 231.4 223.6 235.1 254.3 267.7 274.7 279.1 281 281.5 280.7 278.4 275.3 271.4 267.7 263.6 259.5 256 252.9 250.5 247.9 243.8 239 234.5 234.5 234.5 234.5 236.7 236.7 234.5 234.5 237.1 236.3 238.1 241.9
311.3 311.8 312 312.1 305.6 309.6 311.7 313.1 313.9 314.7 315.4 316 316.9 316.7 316.3 314.5 312.4 310.2 306.9 303.5 298.9 293.2 286.5 278.4 268.3 248.4 224.6 230.5 245.1 260.6 266.4 272.1 276.5 279.9 282 283.2 284.1 284.7 284.7 283.4 280.8 276.7 270.9 263.6 243 220.5 230.9 249.3 263.9 270.7 275.4 276.7 276.5 275.6 273.2 270.1 265.3 261.3 256.7 253 250.3 247.4 244.9 242.2 239.3 234.5 234.5 234.5 234.5 234.5 234.5 234.5 234.5 234.5 234.5 237.7 239.6 242.9
309.1 309.9 310 310.2 306.9 304.9 307.6 308.9 309.9 311.2 311.6 312.1 312.7 312.2 311.3 309.3 307.2 305 301.7 298.2 293.3 288.2 282.3 274.6 266.1 254.6 238.5 223.6 237.1 252.7 258.2 263.2 269.1 272.7 274.8 276.6 278 279.2 279 277.2 274.4 269.6 264.1 255.6 242.7 221.9 225.7 243.7 260.7 266.8 271.8 272.5 273.7 272.3 270 266.5 260.9 256.2 251.7 248.7 245.7 242.9 240.6 237.2 234.5 234.5 234.5 234.5 234.5 234.5 234.5 234.5 234.5 234.5 234.5 234.5 234.6 240.8
306.9 308.6 308.8 308.6 306.9 298.1 301.7 304.4 305.8 307.1 308.4 308.9 308.2 307.6 306.1 304 301.9 299.7 296.4 292.4 288.3 283 276.4 269.4 261.5 252.4 241.3 223 230.1 238.9 248.2 256 261.7 264.9 267.6 270.7 273 273.6 272.8 271.4 267.9 262.9 256.8 246.6 236.5 220.9 223.8 241.6 257.8 264.8 269.6 271.2 271.4 269.1 267.2 263.8 257.4 252.6 248.8 246.3 243 240 235.4 234.5 234.5 234.5 234.5 234.5 234.5 234.5 234.5 234.5 234.5 234.5 234.5 234.5 235.4 238.1
306.2 307.4 307.4 307 305.9 302.7 291.5 300.3 302.7 304 305.1 304.9 304.2 303.4 301.5 299.6 297.3 294.7 290.3 286.2 282.1 276.5 269.6 260.2 255.3 246.6 240.9 226.9 221.3 229.7 236.3 246.3 253.7 257.6 260.8 265.1 267.7 268.8 268 265.3 261.2 255.3 247.7 238 228.5 218 226.5 245.6 257.3 263.3 267.1 268.3 269.3 268.4 263.4 259.9 258 251.4 248 244.2 241.5 238.9 235 234.5 234.5 234.5 234.5 234.5 234.5 234.5 234.5 234.5 234.5 234.5 236.8 238.3 239.4 240.2
306.3 306.2 305.9 305.5 304.2 302.5 289.9 293.8 299.3 301.1 301.2 301.1 300.6 299.1 297.3 295.2 292.3 289 284.6 280.3 275.6 269.7 264 258 251 244.8 241.1 233.4 217.6 221.5 226.6 235.2 243.9 249.3 255 260.5 262.6 264.2 262.8 258.6 252.5 246.8 238.5 231 219.4 217.4 235 247.6 254.9 260 263.7 265.9 267.4 268 263.5 260 254.8 251 248.1 246.6 243.9 240.3 236 234.5 234.5 234.5 234.5 234.5 234.5 234.5 234.5 234.5 234.5 234.6 238.5 240.8 242.4 243.5
305.3 304.9 304.6 303.9 302.7 300.9 298 286.1 294.3 297.5 297.8 297.4 296.8 295.1 293.4 290.4 287.4 283 278.4 273.8 269.7 263.7 259.1 252.1 248.9 244.5 240.8 235.7 230.7 218.3 220.7 225.5 234.6 243.3 250.7 255.8 259.5 259.5 257.6 253.3 246.3 239.4 232.6 224.1 215.1 225.4 238.3 246 253 258.1 261.9 264.5 266.2 266.1 264.2 261.1 256.6 253.3 251.8 249.4 246.9 243.4 238.9 234.5 234.5 234.5 234.5 234.5 234.5 234.5 234.5 234.5 234.5 235.2 239.1 241.6 244.1 245.8
304.1 303.8 303.2 302.5 301 299.4 296.3 284.7 286.4 293.1 294.4 294 292.8 291.2 288.6 285.2 281.8 278.2 272.8 267.1 261.9 258.4 252 248.3 244.9 240.6 238.2 237.6 233 223.9 217.1 217.6 230.5 241.2 248.2 253.7 256.6 257.1 255.1 250.2 243 234.8 228.4 216 216.6 232.9 239.7 245.2 251.5 257 261.1 264 266.3 265.6 264.4 261.6 259.8 258.1 257.7 255.7 252.9 249.3 243.6 237 234.5 234.5 234.5 234.5 234.5 234.5 234.5 234.5 234.5 234.6 239.8 242.6 245.3 248.7
302.4 301.8 301.3 300.5 298.9 297.4 295.4 289 279.8 289.1 291 290.1 288.8 287.2 283.6 279.7 276 271.3 266.8 261.5 255.7 252.1 248.5 245.4 240.6 238.1 236.1 235.3 234.2 231.3 227.9 216.5 222.8 239.6 245 250.3 254.5 256 254.4 250.2 243.5 233.9 227.6 214.5 219.7 233.5 239.8 247.4 254.2 259 263.2 265.7 266.5 266.4 265.4 263.6 262.3 261.2 263.7 262.6 260 255.1 248.1 239.9 234.5 234.5 234.5 234.5 234.5 234.5 234.5 234.5 234.5 235.5 241.6 246 249.1 251.2
300.3 299.4 299 298.2 296.7 295.2 293.5 290.2 276.2 283.2 287.6 286.6 285.6 282.8 279.8 276 271 265.8 260.7 256.9 251.7 248 245.1 241.3 238.6 235.9 232.9 230.4 228.5 225.9 223.1 218.5 213.9 234.2 241.3 246.9 250.7 253 252.7 249.3 243.8 236.1 228.9 212.5 221.3 231.9 240.6 249.6 256.7 261.5 265.5 268.2 268.6 268.5 266.8 265.4 264.1 263.4 266 266.3 262.4 257.4 249.9 239.4 234.5 234.5 234.5 234.5 234.5 234.5 234.5 234.5 237.1 243.1 247.4 250.6 254.2 256.3
298 296.8 295.8 295.8 294.6 293.3 290.9 287.6 273.8 278.2 284.1 283.5 281.8 278.4 275.3 273 267.8 263.5 258.7 254.3 250.2 246.9 243.6 240.3 236.2 233.7 232.2 231.4 230.2 227.2 224.2 219.6 214 229.7 238.6 243.1 246.8 248 248.3 246.5 242.8 235.1 229.2 212.9 216.4 228.8 243.1 251.7 258.2 262.6 266.2 268.9 271.4 271.2 269.1 266.7 265 262.9 262.5 261.7 257.7 251.8 243.5 234.5 234.5 234.5 234.5 234.5 234.5 234.5 234.5 241 246.9 251.4 254.6 257.7 260.2 261.5
