webserver/python/data/ST01.asc
ncols 200
nrows 200
xllcorner 300000
yllcorner 110000
cellsize 50
[rows 108 to 143 of 200, columns 0 to 79 of 200]
100.4 101.3 103.7 104.6 105.3 105.9 105.4 106.2 107 107.4 107.7 107.8 108 108.9 109.6 109.2 108.9 111.7 115 117.3 119 119.5 119.2 119.7 118.5 118 118.5 119.7 120.9 121.7 123 124.5 127.3 131.9 133.5 134.4 135.3 133.4 134 136.6 139.2 140.7 140.2 138.1 137.2 135.9 134.8 131.8 129.5 124.3 115.8 100.9 97.9 112.6 123.4 122.7 120.8 118 114.7 114.2 112.3 108.8 103.9 100.7 100.8 100.7 100.2 97.9 95.6 93.9 91.3 90 88.1 86.6 85.9 84.4 85.2 84.8 83.7 83.5
102.3 104.2 105.3 105.7 106.3 106.9 107.3 107.5 107.5 107.5 107.6 107.2 107.2 108.2 109.1 109.3 110.5 113.7 116.9 119.6 121.6 123.2 123.8 122.6 121.4 120.2 120.3 121.4 122.9 124.6 126 128 130 133.9 136.2 137.4 138.4 138.6 138.7 140.3 142.2 142.9 141.4 136 133.3 129.7 128.4 126.8 125.1 122.3 122 109.5 98.3 99.3 116.6 117.4 115.7 113 109.9 111.4 108.6 105.8 102 97.8 94.9 95.9 95.1 94.7 93.5 92.4 91.2 89.7 87.2 84.9 86.1 83.7 83.9 83.9 82.8 82.6
104.5 104.1 105.7 105.2 105.9 107 107.1 107.1 107.1 107 106.9 106.6 106.4 107.4 108.8 109.3 112.1 114.7 118.2 122 125.6 127.4 126.5 125.4 124 122.5 122 123 124.5 126.2 129.1 131.2 133 135.4 138.2 139.8 141 141.6 141.1 141.1 141.1 142.1 141.7 140.1 135.3 129.5 123.9 118.3 115.3 114.8 116.8 116.4 108 98.4 102.9 110.2 111.1 108 104.2 103.4 103.7 103 98.5 94 92.9 93 92.6 92.2 92.5 91.6 90.4 89.2 86.3 84.1 84.6 83 82.6 82.8 81.9 81.7
103.7 103.7 104.6 104.5 105.6 106.5 106.3 106.3 106.1 105.8 105.6 105.6 105.6 107.4 109.1 112.1 115.7 116.3 119.1 122.8 126.6 128.7 127.8 125.5 124.4 124.2 123.5 124 125.4 128.2 130.7 132 133.8 136 139 140.9 141.5 141.5 141 140.9 140.9 140.9 141.1 140.3 136.3 133 127.3 123.7 117.2 113.2 109.2 109.8 109.9 101.8 98.1 102.5 103.5 101.5 97.1 97.4 98.2 93.9 91.2 90.7 90.5 90.8 90.4 89.9 90.9 91.1 90.1 86.8 84.7 84 83 82.4 81.8 81.5 81 80.8
101.8 102 102.7 104.1 105.1 105.8 105.6 105.5 105.3 105.2 104.9 105.3 105.2 107.7 110.1 113.1 115 116.4 119.4 122.7 124.9 126.6 125.8 123.7 121.9 121.5 121.5 124.3 125.9 128.4 130.5 131.8 134 136.2 138.9 141.1 140.9 140.7 140.5 140.4 140.9 139.5 138.6 136.8 134.4 132.3 129.2 126.3 123.1 117.7 112.3 104.8 102.7 100.4 96.6 95.5 94.9 95 93.4 94 93.1 91.2 89.1 88.4 88.5 88.8 89 89.1 89.1 89.4 88.8 84.7 84.8 83.8 82.7 82 80.9 80.5 80.1 80.5
100 100.4 100.9 102 103.5 104.8 105.7 105.8 105.3 105 104.7 104.5 104.9 108.4 111.2 113.4 113.2 115 118.3 120.4 120.6 122.9 122.9 120.2 119.4 119.7 121.3 125.9 126.9 128.4 129.5 131.1 133.7 135.9 138.6 141.1 138.6 137.7 138.7 140.8 141 139.4 137.4 135 132.2 129.8 127.7 123.2 119.2 113 106.2 102.7 99 98.9 98.6 97.9 96.7 96.1 96 94.3 93.7 91.5 88.5 87 86.8 86.8 87.1 89.5 90.8 93.2 91.1 87.1 84.5 83.4 82.3 81.3 81.3 79.5 80.1 79.8
98.9 99.1 99.7 100.4 101.9 102.5 103 103.8 104.1 104.3 104.4 104.5 106.7 109.3 110.9 112.4 113.7 113 113.7 115.8 116.5 117.4 118.3 118.1 115.5 116 122.5 125.6 125.9 127.5 128.2 130 132.3 135 137.6 139.4 136.5 134.5 136.8 139.5 139 136.9 135.7 132.4 128.4 122.5 118.1 113.2 108.9 105.1 104 104.5 105.6 104.8 107.5 106 105.4 103.4 100.4 97.3 94.5 91.2 87.9 86.6 85.7 85.8 85.2 88.9 92 93.8 92.5 88.3 84.1 82.9 81.9 80.9 80 79.8 79.1 78.9
99 98.9 99.4 99.6 100.3 100 100 101.5 104 104 104 106.4 108.1 109.3 110.2 113.2 114.8 114 111.7 110.8 110.5 111.5 114 116.1 115.3 113.8 122.5 126 126.1 125.5 126.1 128.6 131.1 134.1 136.6 136.7 132.2 130.8 135.5 137.2 137.5 135.9 132.2 127.7 123.5 119 113.7 111.7 112.1 112.8 113.1 112.3 111.9 111.1 111.1 107.9 106.1 104.4 101.2 96.7 93.4 90.3 87.5 86.3 85.8 85.1 84.1 87.2 90.9 92.1 91.4 89.2 84.3 82.5 81.5 80.5 79.5 79 78.7 78
100.4 99.5 100.8 100.6 99.8 100.1 100.9 102.6 104.9 105.9 106.9 108 109.6 111.1 111.7 114.8 115.7 115.3 112.9 109.2 108.9 108.9 108.7 109.1 109.1 110.3 116.4 120.6 120 123.3 123.9 127.8 130.7 133.2 133 129.4 126 131.9 136 136.5 136.3 135.8 131.6 127.8 124.4 123.3 123.7 120.3 119.8 119.8 117.3 116 113.2 111.3 110.6 107.3 105 103.8 100 96.6 91.7 89.1 87.2 86 85.5 84.4 84.1 85.6 89.3 91.1 91.3 90.2 84.6 82.5 80.8 79.8 78.9 78.1 78 77.5
103.8 103.1 104.3 103.7 103.1 102.9 104.7 105.9 107.6 108.7 109.8 110.6 111.6 112.8 113.6 115.3 116.3 116.9 117 114.6 112.2 110.7 109 104 102.4 106.8 111.9 116.9 120.6 123.2 126.3 129.7 130.9 131.4 127.2 121 126.1 131.2 135.1 135 133.8 132.8 132 130.2 127.6 126.5 125.8 122.2 120.5 119.4 117.2 114.5 112 110.1 107.8 104.8 101.8 100.4 95.4 92.7 89.9 87.6 86.4 85.3 83.9 84.1 84 84.5 87.9 90.7 90.4 89.6 85.4 81.4 79.4 79.2 78.4 77.6 76.9 77.1
109.3 110.4 110.9 109.5 104 106.7 112.3 115.7 115.5 114.1 114.3 114.3 115.2 116.2 117.3 117.9 118.8 119.5 120.2 118.7 116.9 115 112.1 105.9 99.2 111.4 120.1 119.3 117.6 120.4 127.2 131.1 129.7 128 121.6 119.5 125.9 130.5 131.6 130.8 129.7 128.7 128.9 128.2 127.1 126.5 126.1 122.9 119.2 117.6 114.8 110.7 107.8 106.9 104.7 102.1 98.1 95.3 92.9 90.6 87.6 85.2 84.7 84.2 84.1 84.1 84 83.9 86.1 89 91.1 89.5 85.3 81.3 78.9 78.4 77.8 77.1 76.3 75.9
114.1 116.5 116.2 114.6 110.6 112.6 118.4 123 123.6 122.7 120.8 119.7 120.7 121.8 122.6 122.2 122.1 122.6 123.5 123.4 120.1 117 113.4 107.8 98.5 106.4 110.6 109.8 114 120.5 126.8 127.8 126.5 122.8 114.4 118.4 124.1 128.1 129.3 127.2 125.1 125.3 125.6 125.1 124 123.9 122.4 119.6 117.4 115.3 111 106.1 103.7 102.8 101.6 99.1 95.4 93 90.5 88.5 85.2 83.5 83 83 83 83.2 83.4 83.6 85.1 87.9 90.9 89.7 84.8 81.4 79 77.5 76.9 76.3 75.7 75
115.8 116.7 116.4 116.1 113.6 115.5 122.6 130.1 130.8 130.5 126.2 126.5 128.5 129.5 130.2 130.2 127.1 125.7 126.4 125.3 122.6 118.4 114.7 109.3 99.6 98.5 102.5 108.8 118.1 121 123.3 121.9 119.3 114.8 108.9 114.5 122.5 126.7 126.2 124.2 121.6 120.6 121.1 120.9 120.5 118.8 117.2 115.5 114.1 111 107.2 104.4 101.7 99.1 96.9 94.2 92.9 90.7 87.9 84.9 83.1 82 81.8 81.8 81.9 82.3 82.6 83.3 84.5 86.8 88.8 87.9 83.9 80.4 78.4 77.4 75.9 75.3 74.7 74.7
115.1 116.4 116.2 116.1 114 116.8 124.1 130.6 132 132 130.9 131.6 132.8 131.8 132 132.4 131.7 129.9 127.4 126.3 125.4 120.2 114.5 107.1 98.4 98 108.5 115.3 119.8 120.1 117.3 115.2 112.7 108.1 109.7 119.6 123.7 124.1 123 120.6 118.2 116.4 115.9 115.6 115.8 114.2 112.5 112 110.6 107.6 104.7 102.5 99.8 96 93.1 92.2 90.4 88.3 85.8 84.3 82.4 81.2 80.9 80.7 80.9 81.5 82.1 83.3 84 85.5 85.3 85.1 83 79.3 76.5 75.6 75.1 74.3 74.4 74.4
111.6 115.4 116.1 114.7 114.1 117.6 122.5 128.1 131.8 133.1 134.9 135.8 135.8 133.7 133.3 133 131.8 130.2 128.1 126.7 125 121.7 116.6 105.7 95.6 96.6 113.7 116.7 118.1 118.4 115.9 113.9 108.9 104 113.9 120.6 123.2 122.2 119.1 116.5 114.6 112.8 110.4 109.6 109.3 108.9 108.4 107.5 106.2 104.2 102.6 99.3 95.9 93.2 91.5 89.9 87.5 85.8 84.3 82.8 81.8 81 80.5 80.2 80.3 80.9 82.8 84.3 84.1 82.4 82.6 82.3 82.1 78.7 75.5 74 73.9 73.9 73.9 74.1
108.6 111.9 112.9 113.1 113.2 116.4 119.3 126.1 130.2 130.6 133.5 134.8 133.6 131.9 131.2 131.6 131.3 128.6 126 125.1 122.3 120.6 116.4 105.8 94.2 96 110.5 112.4 116.4 117.8 116.7 116.1 110.5 102 113.1 119.2 121.4 119.8 116.5 113.2 111.2 109.1 105.9 105.9 105.6 104.6 104 103.2 101.5 100.2 96.9 94.6 93.2 91.6 89.6 87.2 84.8 83.5 82.9 81.9 81.1 80.8 80.9 80.8 79.9 81.7 83.7 84.2 82.9 80.6 80.1 79.7 81 77.9 74.5 73.9 73.8 73.9 73.9 73.9
105.3 108.5 109.8 110.7 112 113.7 116.5 121.5 121.3 116.8 129.7 131.8 129.9 127.5 126.7 130.3 129.7 125.2 122.3 120.5 116.3 114.5 110.9 104.8 92.6 91.7 102.7 108.2 116.1 118.1 117.3 114.6 105.4 99.6 111.9 118.1 118.9 117.5 113.7 110 107.7 104.8 102.4 102.7 102.6 101.5 100.5 98.3 96.7 95.2 93.2 92.6 91 89.1 87.5 85.1 82.8 81.8 81.7 81 80.5 80.6 81.1 79 79.4 82.4 85.3 86.1 83.3 78.9 78.9 79.5 79 76.7 74.7 73.8 73.8 73.9 73.9 73.9
101.5 104.9 106.9 108.6 109.9 112 113.5 111.5 104 107.5 122.6 128.7 128 122.1 120.3 127.1 125.9 122.5 118.7 114.2 109.4 105.8 101.2 97.7 91.5 90.6 103.4 111.3 115.8 117 115.8 112.2 100.3 100.7 113.8 117.6 117.5 116.9 113.1 109.5 107.4 104.3 100.8 99.8 99.9 97.8 96.1 94 92.9 92.2 91.3 90.4 88.3 86.4 85.2 83.2 80.9 80.2 80.7 80.4 80.4 80.6 79.4 80.1 81.9 85.5 86.1 86.1 86.1 81.8 79.2 78.6 76.8 75.3 75 74 73.8 73.9 73.9 73.9
97.6 100.5 104 106.4 108 110.2 110.9 99.8 93.4 108.6 121.1 126.8 125.4 116.8 111.3 119.5 120 118.9 115.6 112.8 110.9 106.7 105.7 103 91 89.5 104 114.7 116 116.2 113.7 108.1 96.3 103.6 113.2 117.4 117.1 116.3 113.3 110.8 108.6 106 102.2 100.4 98.3 95.1 93.1 91.7 89.8 88.6 87.5 86.4 85 83.8 82.6 81.1 79.2 79.7 81 80.9 81 79.5 79.1 79.7 82.8 86.1 86.1 86.1 86.1 84.4 80.2 78.5 75.5 74.8 73.7 73 72.3 71.9 72.8 73.9
93.5 95.4 100.1 102.2 104.8 106.6 103.6 90.8 94.1 111.2 120.3 123.1 120.1 114.1 106.3 105.5 107.9 109 109.3 110.3 109.3 107.4 106.6 104.7 90.3 89.3 103.3 113.3 114.8 113.3 110.1 101.6 93.9 103.5 113.5 117.1 116.5 115.5 113 110.7 108.4 105.4 102.6 101 98 95 91.9 88.7 86.3 85.7 84.9 83.9 83.1 81.7 80.3 79 79.1 79.8 80.4 80.7 79.2 79.3 79.1 80.1 83.4 86 86 85.9 85.9 84.1 80.3 78.3 75.2 73.9 73 72.3 71.8 71.6 71.5 71.4
89.8 91.5 92.8 96.1 97.6 97.2 95.5 85.6 95.4 110.2 119 121.5 121 120.5 110 101.5 99.5 98.8 99.2 101 103 104.8 103.6 100.9 90.1 87.6 98.6 108.6 110.1 108.6 103.6 94.9 94.3 106.1 113.3 116.7 116 114.3 112.4 110 107.1 104 101.8 99.9 97.8 95 91.9 88.5 86.1 83.9 82.9 82.1 81.3 79.9 79.3 78.7 78.3 78.3 78.9 79.3 79 79 79 81.5 84.4 85.9 85.9 85.9 85.4 81.3 79.5 76.7 75.3 73.1 72.3 71.8 71.4 71.2 71.1 71.1
84.7 86.5 87.4 89.4 91.3 91.9 90 84.1 92.3 107.7 115.5 120.7 121.6 123.1 121.1 112.3 104.1 98.5 98.1 96.8 94.5 94.1 93.1 91.1 87.4 84.7 86.5 99.9 103.8 99.1 92.6 89.5 100.5 109 114.2 115.7 114.6 113 111.1 109.1 105.8 102.7 100.8 98.7 96.9 94.4 91.6 89 86.3 83.6 81.7 80.4 79.5 78.9 78.3 77.7 76.7 76.9 77.4 78.7 79.2 79 80.7 83.3 86.1 85.1 85.9 85.3 83.3 80.3 77.8 75 73.9 72.8 71.7 71.3 70.9 70.8 70.7 70.7
80.1 81.1 82.4 83.3 85.4 87.8 84.6 79.8 90 102.4 110.6 115.3 118.2 120.1 121 120.9 117.2 115.7 107.4 101.1 94.1 92.8 92 90.3 88.3 84.7 82.8 87.2 90.9 86.5 89.2 97.4 106.1 111.9 113.7 113.9 112.9 111.5 110.2 107.2 104.4 101.7 99.4 97.5 95.7 93.7 91 88.4 85.7 83.1 80.9 79.4 78.8 77.8 77.3 76.7 75.6 75.7 76.7 78.5 79.3 80 81.9 83.4 84.4 84.3 85.1 84.2 81.8 79.4 75.8 74.1 72.9 71.9 71.3 70.9 70.5 70.4 70.3 70.7
78.5 79.5 79 79.6 80.7 81.9 80.8 82.8 91.2 94.8 104.9 108.5 111.2 113.4 116.1 116.7 117.5 116.5 114 111 108.1 104.3 102.9 101.6 99 89.7 83.1 81.3 85.1 91.4 97.7 106.8 111.1 110.8 112.1 112.4 111.1 110.3 108.2 105.2 102.5 99.9 98.1 96.3 94.5 92.4 90.4 87.7 85.1 82.8 80.8 79.3 78.1 76.8 76.2 75.6 73.9 74.4 75.7 78.5 81.1 80.8 81.9 82.9 82.7 82.8 82.9 82.6 80.3 75.2 74.5 73.4 72.4 71.4 70.4 70.4 70.1 70.3 70.6 70.9
78.2 78.9 76.8 75.6 76 76.3 77 82.1 88.3 91.9 97.8 101.6 104.1 107 109.9 112.1 113.5 114.4 112.8 112.9 113.5 110.8 108.7 106.6 102 91.3 81.8 81.8 94.8 103.2 108.4 108.8 109.8 110.4 111 110.8 109.3 108.2 107.5 104.8 102.3 99.2 96.7 94.9 92.8 90.5 88.3 87 84.5 82.3 80.1 78.8 77.5 76.2 75.4 75.2 74.4 73.9 75.2 78.8 80.6 81 82.1 82.3 82.5 81.8 81.3 81 76.8 74.3 73.8 72.8 71.8 70.8 69.9 68.9 70.8 71.1 71.2 71.3
78.9 78.9 76.3 75.1 73.9 73.9 76.4 80 83.1 87.2 91.1 95 98.3 101.6 104.2 107.1 107.6 110.1 111.8 111.9 112.3 110.3 107.7 104.6 101.7 93.9 83 79.2 93.5 104.5 108 107.7 106.9 107.7 110.6 108.7 106.9 106.3 106.3 104.6 102.1 99.2 96.5 93.9 91.9 89.3 86.5 84.5 83.7 81.7 79.4 78.2 76.9 75.8 75 74.5 74.5 74 75 77.7 80.7 81.2 81.6 81.8 82 81.6 80.7 79.3 76.5 74.6 73.3 72.4 71.3 70.3 69.5 69.4 70.8 71 71.2 71.3
80.3 79.4 79.2 77.9 75.9 73.9 73.9 75.8 79.9 82.3 85.4 89.1 92.5 95.1 97.3 100.1 102.3 105.9 108.3 109.8 108.4 105.9 103.7 100.9 98.7 94.7 84.2 79.3 87.1 102.1 106.1 106.1 104.8 105.5 107.8 106.6 104.7 104.2 104.2 102.4 101.5 99.3 97 94.6 91 88.1 85.3 83.8 82.2 80.9 79.7 78.1 76.5 75.3 74.5 74 73.5 73.9 75.5 76.4 80.1 80.8 81.1 81.3 81.5 81.3 80.3 78.2 76 74.2 72.8 71.4 71.1 69.4 69.3 69.9 70.6 71 71.1 71.4
83.9 82.1 81.5 80.7 79.5 75.5 73.9 73.9 75.6 78.8 81 84.1 87.5 90.1 91.7 94.9 97.4 99.9 103.9 104.3 102 99.6 97.2 94.8 93.7 90 83.5 78.8 83.7 97.7 105 104.5 102.5 103.1 104.9 105.1 103.4 101.8 100.8 100.7 100.5 98.5 97.3 95.1 91.8 87.9 85 82.9 80.9 79.7 78.7 77.5 76.3 74.9 74.1 73.6 73.4 74.4 74.3 76.2 80.4 80.8 80.9 81.1 81.2 80.6 78.1 75.2 73.9 72.5 70.8 69.9 71 69 68.9 69.4 70.5 70.9 71.2 71.5
87.5 85.7 84.3 84 80.2 78.1 75.7 73.9 74 74 77 79.8 82.6 85.9 86.8 89.5 96 100.8 101.3 101.1 99 94 91.4 89 88.2 84.2 81.9 78.7 81.2 96.5 101.2 101.3 97.3 99.7 102.6 103.1 101.7 99.3 99.1 99.1 99 97.7 96.2 94.4 91.8 88.4 84.6 81.9 79.8 78.6 77.6 76.4 75.2 74.1 73.4 73.4 73.7 74.8 75.6 78.1 79.2 79 81 80.9 80 78.2 75.6 73.7 72.2 70.8 69.2 68.8 69.1 69 68.9 68.9 69.7 70.8 70.9 71.7
91.1 89.1 87.2 85.8 82.5 81.1 78.7 75.6 74.5 74.2 74.4 76.8 79 80.6 81.7 88.5 96.3 101.4 101.6 101.6 101.2 96.4 93.8 91.5 90.3 87.6 82.9 79.3 78.8 89.9 95 94.9 93.6 99.1 101.1 101.3 100 98.6 98 97.9 97.6 96.7 94.9 92.7 90.1 86.9 83.7 81 79 77.6 76.4 75.3 74.2 73.2 72.5 72 73.5 74.6 76.8 79.6 80.9 80.8 81.1 80.9 79.6 76.8 74.1 72.3 70.8 69.4 68.8 68.5 68.7 68.6 68.6 68.7 68.9 70.2 70.6 70.9
91.4 91.2 90.1 87.2 84.4 82.2 79.7 76.9 75.4 74 73.8 75 73.6 75.5 79.5 86.9 94.4 100.8 101.7 101.8 101.4 100.6 97.5 96.4 95.4 91.3 86.5 78.9 78.1 84 90.9 90.5 91.6 97.1 100 99.7 98.3 96.9 96.5 96.5 96.2 95 92.8 90.5 87.9 85.3 82.2 79.6 78 76.6 75.5 74.4 73.3 72.3 71.6 71.3 72.7 74.7 77 79.8 81 80.8 80.1 79.6 78.3 75.6 72.9 71.1 69.7 68.9 68.6 68.3 68.3 68.3 68.4 68.6 68.8 69.7 69.9 70.2
91.7 91.4 91.1 89 86.2 84 80.4 78 75.4 74 73.8 71.8 69.2 75.6 77.4 84.4 91.6 96.3 99.3 101.1 100.7 99.7 97.4 96.4 96 93.1 88 79.8 78.1 79.2 87.4 83.9 91.2 96.9 98.3 97.6 96.8 94.9 94.3 94.1 93.7 92.2 89.8 87.5 85.1 82.8 80.6 78 76.4 75.4 74.3 73.5 72.4 71.4 70.7 70.4 72 74.2 76.5 79.6 80 78.6 77.7 77 76.3 73.9 71.2 69.2 68.9 68.6 68.3 68 68 68.1 68.3 68.4 68.7 68.9 71 68.9
91.3 91.3 91.1 88.6 86.9 86.2 83.2 80.1 77.3 75.1 74.4 72.2 69.2 69.4 74.8 77.9 85.6 90.8 94 95.7 95.7 96.4 95.9 96 93.8 91.6 87.1 81.9 77.9 77.4 79.2 83.7 90.6 95.4 95.8 95.5 94.9 93.3 92.3 91.7 91.1 89.2 86.6 84.3 81.9 79.1 75.7 75.1 74.1 73.3 73 72 71 70.5 69.6 69.8 71.6 73.8 75.9 77.2 78.2 77.1 75.5 74 72.9 69.8 69.1 68.9 68.6 68.3 68 67.8 67.8 68 68.1 68.3 68.6 68.8 68.9 68.9
88.2 88.4 88.5 87 86.8 86.1 83.2 80.9 79.2 76.9 75.7 74.6 70.4 69.1 70 75.3 78.6 85.5 87.6 89.7 89.4 89.2 89.8 91.1 90.1 87.6 84.6 80.5 76.9 76.1 78.6 83.9 88.9 91.6 92.7 93 91.9 90.2 88.7 87.3 86.6 84.9 83.1 81.3 79.3 77.2 75.1 73.5 72.5 70.9 71.1 70.6 70.1 70.4 69.2 68.9 71.9 74.9 75.7 75.7 76.3 75.5 73.9 72.3 70.6 68.9 69.3 68.9 68.5 68.1 67.8 67.8 67.8 67.8 68 68.3 68.5 68.8 68.9 69.1
80 81.6 82.5 82.6 83.5 83.2 82.5 80.6 79.9 77.7 76.1 75.1 72.2 69.5 69.6 73.4 75.1 76.9 79.3 81.3 81.6 82 82.9 82.5 81.9 81.2 80.3 78.1 74.8 74.3 78.7 82.3 85.4 87.8 89.1 89.1 88.9 87.5 85.9 83 81.2 80.4 79.4 78.2 77.6 75.6 73.6 72.2 70.9 70 68.9 71 70.6 70.9 70.1 70.3 72.2 76.1 76.1 76.1 75.9 74.3 72.7 71.3 71.2 70.5 69.3 68.8 68.3 68 67.8 67.8 67.8 67.8 68 68.2 68.5 68.8 68.9 69.3
79.6 79.5 79 78.8 78.8 78.8 79.9 78.6 76 75.9 74.7 74.3 72.6 70.5 68.9 69.7 71.5 73.9 76 76.7 76.7 77.7 78.1 77.8 77.6 77.1 76.3 75.3 74 74.2 75.9 78.4 81.2 82.9 84 84.5 85.2 86 86.1 82.9 79.4 79.3 77.9 75.4 74.3 74 72.5 71.1 69.5 69 70 71 71 69.9 69.1 69.3 71.3 74.2 76.1 76.1 74.9 73.4 72 72.1 71.8 70.7 69.5 68.8 68.5 67.8 67.6 67.8 67.8 67.8 68 68.2 68.5 68.8 68.9 69.3
