webserver/python/data/ST10.asc
ncols 200
nrows 200
xllcorner 310000
yllcorner 100000
cellsize 50
[rows 35 to 69 of 200, columns 78 to 155 of 200]
248.2 247.2 246 245.2 244.7 242.7 241.3 239.8 238.3 236.8 225.2 221.1 218.3 219.9 216.5 211 205.4 198.4 189.5 186.8 195.9 197 200.5 200.2 202.8 196.1 185.2 182.9 184.5 193.4 197.8 200.2 207.8 214.7 224.8 237.2 241.8 243.7 245.4 247 248.6 249.5 250 250.1 250.3 250.4 250.6 250.7 250.8 249.7 248.7 246.8 246.2 245.1 244 242.2 240.2 237.9 235.4 232.8 230.2 226.4 218.5 217.7 215.8 210.3 202.4 197.1 194.1 190.8 186.9 184 180.3 182.7 186.4 186.9 191.5 196.1
248 247.1 246.2 244.6 243.5 242 240.2 238.7 237.1 231.8 222.8 219.6 216.2 213 212.2 207.1 198.5 191.2 187 188.8 200.6 201.7 203.2 203.1 203.2 200.4 188.7 183.8 184 190 195.1 200.2 207.4 215.8 228 238.9 242.9 244.8 246.2 247.9 249.2 250.2 250.5 250.6 250.8 250.9 251.1 251.3 250.7 249.3 248.1 246.9 245.8 244.7 243.6 242.1 240.1 237.3 235.2 232.6 230.3 228 227.5 227.7 226.1 224.1 217.6 211.4 203 200.4 195.7 189.4 183.1 179.7 181.7 186.8 193.1 197.3
248.1 247.2 246 244.6 243.1 240.9 239.5 237.4 235.1 232.1 221.5 216.9 213 212.4 209.4 204.3 193.8 189.1 191 197.9 203.3 204.7 206 206.3 205.1 202.4 196 185.8 186.5 194.7 200.8 204.9 208.7 216.5 229.6 238.4 243.7 245.4 247 248.6 249.9 250.8 251 251.1 251.2 251.3 251.5 251.7 250.2 249.2 248.1 247.2 245.9 244.6 243.2 241.8 239.4 237.3 235.1 233.6 231.8 230.4 230 229.5 228.3 226.4 223.8 221.9 218.1 211.6 200.3 195.4 183.6 178.1 180.3 188.7 194.9 199.3
248.1 247.2 244.9 243.5 242 240.5 238.6 236.6 233.6 225 218.5 217.2 212.8 210.9 206.2 199.4 192.7 193 201 207.2 208.1 209.7 211.8 213.9 207 204.8 199.5 187 187.8 196.4 205 210.6 213.7 218.4 226.1 237.1 243.5 246.3 247.9 249.3 250.6 251.2 251.5 251.6 251.7 251.9 252 251.4 250.4 249.4 248.4 247.5 246.3 245.1 243.8 242.2 239.9 237.8 235.7 234.2 232.8 231.9 231.3 229.9 228.3 226.6 224.5 222.1 219.2 215.5 204.4 196.4 183.8 177.5 179.1 186.5 194 199.1
247.5 246.1 243.4 242.6 241.1 239.6 237.5 235.7 223 219.5 216.3 209.9 209.5 207.3 200.6 194.7 198.3 201.2 205.8 210.6 210.7 217.7 220.6 215.8 206.8 204 197.6 187.5 189.4 197.5 206.1 214 220.6 224.6 226.7 230.7 242.8 246.6 248.5 249.9 251.2 251.7 251.9 252.1 252.2 252.4 252.2 251.4 250.6 249.7 248.8 247.9 246.8 245.5 244.2 242.4 240.4 238.4 236.3 234.4 233.6 232.5 231.2 229.9 228.1 225.9 223.4 221 218.4 214.3 203.4 196.1 183.8 176.7 177.7 183.5 193 200.1
246.9 244.3 243.6 241.6 240 237.9 234.6 225.2 221.1 216.8 215.5 204 200 194.1 192.1 202.9 207.9 212.4 216.1 223.3 225.7 225.7 223.4 214.9 207.1 205.6 201.5 192 192.7 203.2 209.5 215.5 221.2 230.5 238.7 241.7 244 247.4 249 250.5 251.5 251.8 252.2 252.6 252.9 252.9 252 251.4 250.6 249.8 249 248.2 247.3 245.9 244.6 242.6 240.6 238.7 236.7 234.7 233.1 231.7 230.5 228.9 226.7 224.5 221.7 219.2 215.7 209.5 199.8 194.8 182.3 174.3 176.9 184.3 193 200.5
244.8 244 242.1 240.1 238.7 228.6 225 221.7 218.8 214.6 210.2 198 200.5 202.4 200.9 211.4 214.7 220.6 226.9 229.2 229.1 227.7 224.8 209 208.4 205.5 202.7 191.3 194.9 205.6 211.8 220.4 228.1 234.8 242.2 245.9 247.4 248.3 249.6 251.1 251.6 252.2 252.9 253.4 253.4 253.2 252.5 251.6 250.7 249.9 249.1 248.3 247.5 246.1 244.7 243 241.1 239.1 237.2 234.7 232.5 230.9 228.6 227 224.6 221.4 218.3 214.1 210 202.8 196.8 186.1 178.9 172.7 176.6 183.4 191.7 199.6
244.7 243 240.7 239.1 230 227.4 222.6 217.1 213.3 209.8 201 204.1 209.5 208.7 214 216.3 220.1 229.5 232 232.3 231.6 228.8 220.4 212.3 208.8 206.7 202.8 192.1 194.4 206.4 211.8 219.3 229.5 238.8 244.8 247.2 248.3 249.4 250.5 251.9 252.4 253 253.7 254.3 253.9 253.5 252.6 251.7 250.8 249.9 249.2 248.4 247.7 246.5 244.8 243.4 241.6 239.6 237.2 234.7 232.2 229.2 226 224.6 221.2 217.2 212.4 206.8 202 195.2 187.5 182.4 174.8 170.7 176.8 182.2 190 198.1
244.6 242.8 240.4 236.1 228.4 225.3 218.5 213.7 204.3 199.5 205.5 214 213.6 215 217.7 221.5 229.3 233.9 234.5 234 232 229.2 217.3 210.5 208.9 206.8 201.9 193.7 196.4 205.9 212 219.1 229.7 242 246.2 247.8 249.3 250.4 251.5 252.7 253 253.4 253.9 254.5 254.1 253.4 252.7 251.8 250.9 250 249.2 248.4 247.8 247 245.2 244.2 242.1 239.8 237.2 234.5 231.6 228 223.3 212 214 205.3 203.9 200.1 193.5 187.8 182.7 177.7 172.8 169.9 174.2 181.7 188.7 196.6
243.9 241.5 239.3 226.8 226.1 222.5 215.9 206.5 199.1 202.8 212.7 220.5 216.7 221.1 222 228.8 235.5 236.5 236.6 234.9 232.7 229.8 217.8 211.2 209.3 206 199.1 194.4 198.6 205.8 213.2 219.4 229.7 241.6 247.3 248.6 249.9 251.1 252.5 253.4 253.7 254.1 254.6 254.6 254.1 253.4 252.6 251.9 251 250.1 249.3 248.6 248 247.4 245.5 243.9 242.2 239.9 236.8 234.1 231 227.3 217.8 204.7 202.5 198.4 193.7 192.4 185.1 180.3 177.3 173.1 170.5 168.1 174.5 182.1 188.5 194.9
242 240 237.6 224.4 223.5 221.2 211.3 200.6 204.2 217.1 223.3 221.8 225.3 224.3 225 235.9 238.9 239.4 238.4 236 233.2 227.8 215.7 213.6 208.5 205.9 198.7 200.5 203.8 208.8 216.7 221.4 231.5 243.6 248.1 249.9 251.1 252.4 253.5 254 254.3 254.7 255.2 254.5 254 253.4 252.7 251.9 251.1 250.2 249.4 248.8 248 247 245.4 243.7 242.2 239.2 236.4 233.6 230.3 223.3 207.9 201.3 193 188.7 186.1 183.6 182 179.4 176.4 171 169.3 167.7 174.5 180.8 187 193.4
241 238.9 230.8 222.8 221 215 203.5 203.3 212.8 222.2 221.4 225.2 228.1 228.2 230.7 240.3 240.7 240.2 238.7 236.6 233.7 226.2 219.9 213.9 207.2 207.9 201.2 203.7 208.5 211.7 219.1 225.9 236.7 245.2 248.9 251 252.3 253.4 254.2 254.7 254.9 255.2 254.9 254.4 253.8 253.3 252.7 251.9 251.1 250.3 249.5 248.5 247.6 246.6 245 243.3 241.5 238.6 235.8 232.5 224.2 209.2 200.1 194.8 192 191 192.2 193.2 193.5 190.2 183.2 178.1 170.6 166.9 172.1 177.2 182 189
239.5 234.6 223.8 215.8 211.3 204.7 203.2 212.7 221 230.2 229.2 229.9 231.8 237.1 241.8 242.9 242.3 241.3 239.4 237.1 234.2 227.1 220.2 214.8 208 208.8 204.1 204.8 214.4 215.2 220.3 226.6 235.6 243.5 249.7 251.5 253.3 254 254.8 255.3 255.5 255.4 254.5 253.9 253.5 253.1 252.7 251.8 250.8 249.7 248.5 247.7 246.7 245.6 244 242.6 240.7 237.3 233.7 224.5 211.2 202.9 199 200.4 200.4 205.1 209 211.2 210.8 205.7 193.1 182.5 175 166.3 167.6 173.8 180.9 187.9
234.8 229.2 219.3 214.4 205.2 204.9 213.9 223.7 232.7 235.9 238.7 241 242.6 243.1 243.8 244.2 243.2 241.8 239.6 237.4 234.8 229.9 220.6 216.1 209.2 208.9 204.2 208.8 218.3 220.9 223.1 229.2 237.3 246.6 249.7 251.8 253.9 254.6 255.3 255.6 255.7 255.2 254.2 253.1 252.7 252.3 252.1 251 249.8 248.7 247.4 246.4 245.6 244.4 240.2 235.3 231.2 231.2 223.5 213.2 203 204.3 209.6 214.5 217.2 221.1 219.3 216.7 213.4 207.3 195.9 185.6 177.7 169.7 165 169.4 177.8 184.9
223.1 220.3 215.4 209.8 206.1 216.5 226.4 234.8 237.7 240.4 242.8 243.8 244.3 244.5 244.3 244.5 243.9 242.4 240.1 237.7 235.1 232.4 222.2 217 210.6 209.7 202.8 213.4 221.9 223.7 225.5 229.7 239.7 247.9 250.1 252.2 254.3 255.1 255.5 255.8 255.6 254.7 253.8 253 251.9 251.3 251.3 250.2 249.1 248 246.2 244.5 241.3 234.1 227.3 222.3 218.5 216.3 214 213.9 216.9 220.7 225.7 226.2 224.1 222.3 219.8 216.3 212.9 206.1 196.6 187.4 179.9 171.8 163 164.8 173.7 182.5
221.4 219.6 213.9 210.7 217.5 229.9 236.7 239.5 242.1 243.7 244.8 245.4 245.9 246.1 245.7 245.1 244.1 242.5 240.3 238.1 236.2 232.5 222.3 217 210.5 209.5 207.2 216.9 223.8 225.8 227 230.3 238.6 248.3 251.9 253.7 255 255.4 255.9 256.1 255.4 254.5 253.5 252.6 251.7 251.1 250.3 249.6 248.2 246 244.7 243.1 240.1 235.5 234.4 230.8 226.1 225.2 229.9 232.1 232.3 230.8 229.2 227.2 225 222.4 219.2 215.7 211.1 202.9 194.9 187 180 172.9 165 161.7 170.3 179.8
219.7 215.6 210.5 216.6 232.5 238.3 240.9 242.9 244.7 245.5 246.3 246.6 246.9 246.4 245.8 245.2 243.8 242.2 240.4 238.2 236.4 233.3 225.4 216.5 210.7 208.8 210.7 220.2 225.8 228.7 231.7 234.7 241.9 250 253.3 254.6 255.5 255.8 256.1 255.7 255 254.2 253.2 252.3 251.4 250.6 250.2 249.7 248.8 247.3 246.5 245.8 244.7 243.5 242.3 239.2 236 236.8 236.8 235.5 233.9 231.9 229.7 227.6 224.8 222.1 218.4 214 207.3 199.7 192.4 185 178.9 171.2 163.7 160.6 168.1 176.7
216 213.1 219.7 233.7 239.2 241.9 243.7 245 246.7 247.2 246.8 247 247.4 246.7 245.8 245.1 243.6 241.9 240.3 238.3 236.4 233.6 228.8 216.4 209.2 206.4 211.7 221.1 227.6 231.8 235.9 240.8 247.8 251.8 253.6 255.4 256 256 255.9 255.3 254.6 253.9 253 252 251.3 250.8 250.4 250 249.6 249 248.3 247.6 246.6 245.7 244.5 243.4 241.7 240.1 238.6 237 234.9 232.3 230.1 227.7 224.9 221.3 217.3 211.6 204.3 196.2 188.8 182 176.1 169 161.4 160.5 167.7 174.8
213.9 219.2 232.5 239.5 242.3 244.7 245.8 247.2 248 247.8 247.7 247.4 247.3 246.6 246 244.9 243.3 241.7 240 238.4 236.2 233 226.7 215.8 208.6 208.1 214.4 223.5 229.2 233.9 238.3 242.5 248.8 252.9 254.4 256 256.2 256 256 255.4 254.6 253.8 253.1 252.5 251.9 251.5 251.1 250.8 250.2 249.7 249.1 248.5 247.9 246.7 245.5 244.4 242.9 241 239.7 237.8 235.2 232.7 230.3 227 224 220.1 214.2 207.9 199.9 191.9 184.9 178.5 172.6 166.2 159.1 162.3 170.6 177.5
220.7 230.2 239.4 242.4 245.4 246.9 247.9 248.6 248.3 248.1 248 247.6 246.7 245.9 245.1 244.2 242.9 241.4 239.8 237.9 234.7 230.3 224.7 214 208.7 210.7 217.4 228.2 231.6 235.9 240.6 246.1 250.8 253.8 255.3 256.4 256.4 256.4 256.5 255.7 254.9 254.2 253.5 253 252.6 252.2 251.9 251.6 250.9 250.5 249.9 249.3 248.5 247.3 246.1 244.9 243.6 241.9 240.4 238.1 235.8 233 230.2 226.7 223 215.3 207.8 198.4 193.7 186.9 180.3 174.2 169 160.2 158.4 162 165.6 175.2
235.3 239.1 242.8 245.2 247.7 248.6 249.3 249 248.6 248.4 247.6 246.5 245.7 244.9 244.1 243.2 242 240.7 239.3 236.5 233.4 225.5 219.2 213 208.9 215.3 225.3 231.4 235 238.2 242.5 249.7 252.8 254.9 256.4 256.7 256.8 256.8 256.9 256.1 255.3 254.6 253.9 253.3 253.3 253 252.7 252.3 251.6 251.1 250.7 250.1 249.1 248 246.7 245.5 244.3 242.8 240.5 238.2 236 232.8 229.7 225.8 220.2 212.4 198.5 190.4 187.5 182.4 174.7 169.5 163.7 156.5 161.3 168.4 172.3 176.7
239 242.7 245.8 248 249.4 250.2 250.1 249.2 248.6 247.6 246.5 245.6 244.9 243.9 243.1 242.2 241.2 239.8 237.6 234.7 227.3 218.6 214.9 209.3 217.7 224.5 229.5 234 237.5 241.1 245.3 250.9 254 255.9 256.7 256.9 257.2 257.2 257.2 256.4 255.7 255 254.5 254.1 253.7 253.8 253.6 253 252.2 251.8 251.4 250.7 249.7 248.6 247.4 246.2 245 243 240.7 238.4 236.2 233.1 228.9 223.7 215.9 205 194 186.1 182.7 176.8 170.7 163.7 156.3 159.8 168.3 173 177.6 182.1
242.9 246 248.4 249.9 250.8 250.9 250.4 249 247.9 247 245.4 244.7 244.3 242.9 242 241.2 240.3 238.9 235.7 229.2 221.3 213 208.6 215 224.5 232.9 234.5 236.6 239.9 243.3 248.3 252.2 255.1 256.7 257 257.2 257.4 257.6 257.6 256.8 256.2 255.6 255.1 254.7 254.2 254.3 254.3 253.6 252.9 252.5 251.8 250.8 250 249.1 247.8 246.5 244.9 242.9 240.7 238.4 235.6 232.2 227.2 219.5 208.8 198.4 188.7 182.5 177.1 167.9 162.9 157.3 155.1 161.5 169.1 173.1 178.4 184.7
245.7 248.5 250.7 251.8 251.2 251 250.7 248.9 247.6 246.3 244.7 243.4 242.7 241.9 241 240 238.8 236.4 229.8 222.4 214.9 206.9 214.4 223.4 231.2 235.8 238.3 240.4 243.5 247.3 251.8 254.5 256.5 257.4 257.5 257.6 257.8 257.9 257.9 257.3 256.8 256.2 255.8 255.3 254.8 254.6 254.8 254.1 253.6 252.4 251.7 250.6 249.5 248.5 247.8 246.2 244.4 242.5 240.3 237.6 234.8 229.8 224.6 216.8 203 192.6 187 179.9 170.9 163 156.6 154 160.7 164.1 169.3 174.5 179.4 185.5
248.3 250.8 252.8 253.2 252.3 251.1 250.8 248.9 247.3 245.5 243.5 241.7 240.9 239.5 237.9 236.4 235.8 229.5 222.4 216.6 209.1 213.4 222.7 231.7 236.5 239.1 241.7 244.2 247.4 252 254.2 256.3 257.6 258 258.1 258.3 258.3 258.3 258.3 257.9 257.4 256.8 256.4 255.9 255.3 254.8 254.3 253.8 252.9 252.1 251.3 250 248.6 247.8 246.8 245.5 243.9 242.1 239.3 236.5 231.9 226.4 221 207.5 196.4 192.1 185.7 176.7 168.5 158.8 152.7 158 164.5 168.8 171.5 177.5 183.9 189.4
250.7 253.3 253.9 254 253.4 251.3 250.5 248.6 246.8 244.8 242.9 241.4 238.9 237.3 233.6 229.3 227.1 224.4 219.6 214.5 212.8 223.9 233.2 237 239.2 241.7 244.5 247.9 251.7 254.1 256 257.5 258.4 258.5 258.5 258.5 258.5 258.5 258.5 258.2 258 257.4 256.7 255.9 255.2 253.8 253.3 252.8 251.9 250.8 249.7 248.7 247.5 246.7 245.3 244.3 242.9 240 237.5 233 228.2 222.5 216 203.4 193 185.5 179.3 172.8 166.9 157.5 152.6 158.6 163.4 168.3 172.7 178.4 184.9 191
253.9 254.6 254.6 254.2 253.2 251.8 250 248.1 246.2 244.2 242.2 240.5 237.5 231.7 226.9 223.9 220.5 216.8 213.1 215 223.5 233.9 237.5 239.8 241.9 244.7 248.1 251.6 254.1 255.2 257.1 258.8 259.2 258.8 258.7 258.7 258.7 258.8 258.6 258.4 258 257.1 256.3 255.5 254.7 253 252 251.8 250.2 248.7 248.1 246.6 244.9 244.1 242.8 240.3 237.8 236.5 234 229.6 224.3 218.2 210.3 199.1 190.2 182.5 173.4 165.9 161.7 154.5 153 156.1 161.4 166.5 172.5 179 185.3 191.8
254.7 255.3 255.3 254.5 253.4 251.4 249.7 247.7 245.9 243.9 241.9 240.2 234.5 224.3 221.7 219.7 217 214.9 215.2 225.7 234.3 237.1 239.7 242.4 245.2 248 251.6 254.8 256.5 257.6 258.6 260 259.9 259.6 259.2 258.9 259 259 258.8 258.4 257.7 256.8 255.9 255.1 253.9 252.2 250.8 250.4 247.9 245.6 243.2 240.6 238.1 236.4 231.8 228.5 226.4 225.8 227.1 224.9 220.8 214.9 207.6 198.6 188 180.5 171.9 163.3 156 151.2 152.9 157.4 161.8 168.7 173.6 179.6 185.7 193.1
255.7 255.8 255.8 254.6 253.3 251.3 249.7 247.8 245.8 243.7 241.4 239.2 232.5 222.2 222.8 223.7 224.4 219.4 220.7 232.1 236.3 239.6 242.1 244.7 248.1 251.3 254.6 256.9 258.3 259.3 260.4 260.7 260.6 260.5 260 259.5 259.2 259.2 258.9 258.1 257.4 256.5 255.6 254.7 253.1 251.4 249.7 247.3 242.7 238.1 233.6 227.9 222.8 224.5 218.8 217.1 215.9 216.7 220.9 220.5 217.3 211.3 203.8 196.8 188.3 179.4 172.4 163.2 154.9 149.5 154.9 159.9 163.5 168.4 174.1 180.1 187.5 193.5
256.4 256.4 256.1 255.6 254.1 251.5 249.7 247.6 245.6 244.4 240.9 238.1 230.7 224.9 236.6 237.9 232.7 224.2 227.7 235.4 238.5 241.3 244.5 247.2 250.6 254 256.8 258.3 259.7 260.6 261.3 261.3 261.2 261.1 260.8 260.3 259.9 259.3 258.6 257.8 257.1 256.2 255.2 253.8 250.8 249 246.1 242.2 233.7 225.3 220.3 214.6 212.1 212.2 210 208 206.9 208.3 212.4 215.5 210.5 205 198.7 191.6 182.5 176.5 169.6 161.5 152.2 150 157 162.3 165.6 171.4 175.7 181.7 188.2 194.9
257.1 257.2 256.5 256.2 253.9 251.8 249.7 247.3 245.8 244.1 240.6 238 227 233.6 239.5 239.5 235.9 226.1 232.8 237.8 240.6 243.1 248.9 249.9 253.2 256.3 258.1 259.3 260.8 261.9 261.8 261.6 261.6 261.5 260.8 260.4 259.8 258.8 258 257.5 256.8 255.6 254.2 252.8 249.9 245.3 239 233.6 226.9 216.3 211.2 206.7 204.3 203.2 201 199 197.7 198.8 200 196.8 196.6 191.8 187.3 182 176.2 171.1 166.9 159.4 150.6 150.2 157.5 163.1 167.6 172.9 178.1 184.6 190.8 196.8
258.1 257.6 256.9 256.2 253.9 251.3 249.3 246.9 245.2 243.3 240.3 234.2 228.6 240 240.9 239.9 235.5 229.6 237.1 239.7 242.5 245.3 248.2 251.4 255.2 257.7 259.2 260.6 261.7 262.4 262.2 262 261.9 261.6 261 260.4 259.3 258.3 257.4 256.8 255.9 254.5 253.1 252.1 249.7 245.4 240.2 232.5 224.2 215 208.9 201.8 197 194.8 193 191.7 190.7 190.5 190.3 190.6 188.3 184.6 178.1 172.4 168.5 166.6 163.2 157.2 149.5 149.1 156.2 161.6 167.4 173 179.1 185.4 192.1 198.3
259 258.4 256.8 255.9 253.5 251.3 248.7 247.1 245.1 242.4 239.5 232.8 239.1 241.9 241 239.9 234.5 235.5 239.5 242 244.6 247.1 250.3 253.5 257 259 260.4 261.7 263 262.9 262.7 262.5 262.3 261.7 260.7 259.8 258.9 257.8 256.9 256 254.5 253.4 251.2 250.8 249.3 247.2 243.9 237.2 226.8 215.4 208.9 200.7 194.9 188.1 186 184.8 183.8 182.8 182 184.4 180.3 174.4 169.9 166.4 164.3 162.7 160.1 154.9 147.9 148.5 154.9 161.9 168.6 175.5 181.6 187.3 193.3 199
259.9 258.9 257.4 256.3 253.3 250.3 248.3 246.6 244.6 241.9 236.4 237.9 242.1 242.4 241 239.6 234.8 239 241.8 244.2 246.4 249 252.5 255.4 258.4 260 261.5 262.9 263.3 263.3 263.2 262.7 262.3 261.1 260.2 259.3 257.9 256.5 255.6 253.6 251.7 250.5 243.6 246.8 247.5 246.2 244 238 219.8 210.4 205.9 200.7 194.8 182.4 180.2 177.7 176.7 176.1 176.8 179.7 176.4 172.4 166 162.8 159.9 157 155.4 150.6 145.5 151.2 158.6 164.5 170.7 177.7 183.7 189.5 195.3 200.9
261.3 259.2 257.5 255.5 252.7 250.5 249 246.2 244 241.1 238 242.2 243.2 243.1 241.2 237.3 239.2 241.5 243.8 246 248.3 251.3 254.8 257.7 259.5 261 262.6 263.5 263.8 263.8 263.3 262.7 262.3 261 259.7 258.7 257 254.6 253.1 249.3 245.5 234 231 235.8 239.1 240.1 237.7 229.9 214.7 208.6 202.4 197.6 191 186.9 182.6 178.3 171 170.7 174 174.1 172.8 169 162 158.5 155.9 154.3 150.9 146.2 146.1 153.2 158.5 166.5 172.9 178.6 183.2 191 197 202.8
