webserver/python/data/ST11.asc
ncols 200
nrows 200
xllcorner 310000
yllcorner 110000
cellsize 50
[rows 70 to 104 of 200, columns 78 to 155 of 200]
256 256.4 256.7 256.5 255.8 254.7 252.8 251 249.3 247.6 246 244 242 240 237.4 235.3 233 229.6 229.2 231.9 234.7 237.7 240.7 241.8 242.8 243.8 244.8 245.7 246 246.2 246.4 245.9 242.8 232 227.9 229.8 234.5 242.9 244.7 247.2 248.9 250.3 251.8 253.5 254.6 255.7 256.9 257.9 258 258.1 258.1 258.2 258.2 258.3 258.2 258 257.9 258.1 258.4 258.7 258.9 258.6 258.1 256.6 254.5 250.7 247 241.7 235.3 233.6 232.6 233.9 232.4 232.7 235.2 232.2 232 229.9
255.3 255.7 256 255.6 255 253.5 251.6 249.8 247.9 246 244 242 240 237.8 234.6 232.5 229.6 226.4 226.6 229.8 233 236.2 238.8 240.1 241.1 242 243 243.6 243.9 243.9 244 243.8 241.1 230.5 223.9 225.8 232 240.6 243 244.8 246.5 248.3 250 251.3 252.6 253.9 255.2 255.9 255.7 255.9 256.2 256.4 256.4 256.5 256.5 256.4 256.6 256.9 257.2 257.4 257.7 257.7 257.3 255.8 254.3 251.7 248 242.9 236.7 231.1 226.7 224.3 225.5 227 228 225.9 225.9 224.8
254.6 254.9 255.4 254.8 254.1 252.2 250.3 248.3 246.4 244 242 239.9 237.7 235.5 231.9 229 225.5 221.6 223.4 227.9 231.5 234.5 236.9 238.2 239.5 240.4 241.3 241.4 241.4 241.5 241.6 241.5 238.9 226.5 219.6 222.5 229.5 238.9 241.4 243 244.8 246.6 248.4 249.7 251 252.3 253.6 253.9 253.4 253.5 253.8 254 254.2 254.4 254.8 255.1 255.4 255.7 255.9 256.2 256.5 256.7 256.4 255 253.5 252.3 249 244.7 239.4 233.8 227.9 222.8 219.3 220.9 220.6 218.4 221.7 221
254 254.6 254.9 254.3 253.5 251.3 248.7 246.8 244.9 242.3 239.8 237.7 235.5 232.8 228.1 224.6 221.2 217.3 217.6 223.6 227.6 232.1 235 236.5 238.3 239.2 240.1 239.3 239 239.1 239.2 238.8 234.2 219.5 215.9 219.9 225.8 235.1 240 241.4 243.1 245.1 246.9 248.1 249.4 250.8 251.7 251.9 251.5 251.1 251.3 251.6 251.8 252 253 253.9 254.4 254.5 254.7 255 255.2 255.5 255.5 254.3 253 252.4 250.3 245.9 241.4 236 229.8 222.2 218.6 214.4 216.2 214.3 218.1 218.6
253.6 254.2 254.4 253.7 252.8 251 248.2 245.5 243.3 241 238.6 235.8 232.1 225.6 221.3 218 216.7 212.4 214.9 218.3 222.2 229.8 233.2 235.3 237.1 238.1 238.8 237.8 237.2 236.7 236.8 233.8 224.7 213.5 212.6 216.2 220 228.9 238 239.6 241.6 243.5 245.5 246.6 247.9 249.2 249.7 249.8 249.6 248.9 248.9 249.1 249.4 249.6 251.2 252.2 252.9 253.7 253.8 254 254.1 254.3 254.5 253.7 253.5 252.4 250.3 248 243.9 238.6 231.2 224.5 218.4 213.6 210.1 210.6 214.7 215.9
253 253.8 253.8 253.2 252.1 250.6 247.9 245.2 242.5 239.9 237.6 234.7 229.8 220.3 212.5 209.5 209 205 209.2 211.3 212.6 225.3 231.8 234 236 236.9 237.4 236.5 235.6 234.8 229.5 221.3 214.8 209.5 210.3 213.3 217.8 227.6 235.8 238.9 240.5 242.1 243.9 245.1 246.3 247.3 247.8 247.8 247.6 247 246.5 246.7 247 247.8 249.3 250.5 251.2 252 252.8 253.2 253.3 253.4 253.5 253.3 252.9 252.2 250.4 249.4 246.4 240.8 233.2 225.8 219.7 214.4 208.8 208.1 214.6 212.3
252.2 253 253.3 252.7 251.4 250.2 247.7 245.4 243 240.4 237.1 234.4 231 222.4 211.6 203.6 202.3 202.5 203.4 205.1 208.5 218.6 229.6 232.6 234.8 235.7 235.8 234.4 232.8 226.9 217.9 210.1 205.3 206.8 209 212.1 219.2 228.2 235.8 238.2 239.9 241.6 243.3 243.8 244.7 245.4 245.7 245.8 245.7 245.1 244.4 244.3 244.5 246 247.4 248.8 249.5 250.3 251 251.8 252.5 252.5 252.5 252.4 252 251.7 250.8 249.7 247.5 243.3 235.3 227.6 221.6 215.8 208.8 204.2 209 207.3
251.7 252.6 252.7 252.3 251 249.8 248.2 245.9 243.5 240.9 237.9 234.9 231.9 222.7 208.6 202.7 197.2 197.9 198.7 200.7 205.5 210.9 224.1 231 233.3 233.8 234.4 232.8 226.1 213 209 204.2 203.5 207.7 210.9 220.2 229.2 232.7 236.6 238.5 240.2 241.8 243.4 244.1 244.2 243.9 243.7 243.8 243.8 243.2 242.5 241.9 242.4 244.2 245.5 247.1 247.8 248.6 249.3 250.2 251 251.5 251.4 251.2 250.9 250.5 250 249.6 248.3 245.2 239.5 231.7 223 217.5 208.6 203.4 202.5 200.5
251.2 251.9 252.2 251.8 250.6 249.5 248.3 246.4 243.7 241.1 238.8 235.8 232.9 218.5 211.4 202.8 194.5 193.8 194.3 196.4 200.6 207.1 216.2 227.7 231.4 232.8 232.3 227.7 215 206.5 201.5 200.4 205.2 209 216 226.1 232.4 234.7 236.7 238.7 240.5 242.1 243.4 243.9 244 243.7 243 242.4 241.8 241.2 240.6 240 239.6 239.9 242.7 245.4 246.2 247 247.8 248.7 249.7 250.4 250.3 250.1 249.7 249.3 248.9 248.4 247.9 245.7 241.4 233.3 223.4 218.3 210.5 205.9 201.5 198.3
250.4 251.1 251.5 251.3 250.2 249.3 248.4 246.1 243.7 241.3 239 236.6 232.1 221 208.6 201.2 195.3 190.4 189.8 192.7 196.6 202.2 209.7 218.9 227 231.5 228.5 217 208.3 201.5 196.7 201.2 206.7 211.7 219.1 226.7 232.9 234.9 236.9 238.9 240.8 241.9 242.9 243.3 243.8 243.1 242.4 241.6 240.3 239.3 239.1 233.4 229.4 235.6 241.4 243.1 244.7 245.5 246.4 247.4 248.3 249.3 249.2 248.9 248.4 248.1 247.7 247.3 247 245.6 242.1 233.5 222.2 216 211.5 207.2 201.8 195.9
249.1 250.2 250.7 250.8 250 248.6 247.2 245.4 243 240.3 237.9 235.2 230.9 221.1 208.4 201.3 195.3 189.8 187 187.9 191.1 198.1 204.6 209.8 222.1 225.5 217 209.2 202.3 197.4 195.2 202.5 207.6 211.9 218.7 225.9 232.5 235.1 237.2 239.4 240.5 241.5 242.3 242.3 242.3 242.1 241.4 240.1 238.7 237.2 234.4 229.8 222.9 231.7 235.6 240.3 243.1 244.1 245.1 246 247 247.9 248.1 247.7 247.2 246.9 246.5 246.1 246 244.3 241.4 229.1 219.9 214.6 210.1 205.4 201 195
248.1 249.3 249.9 250.3 249 247.5 246 244.6 242.4 239.7 236.9 233.7 229.5 219.3 207.9 201 194.8 189.1 184.6 184.1 186.5 191.2 197.5 202.2 206.1 207.1 204.9 201.6 196.9 193 195.3 202.1 207.3 212.5 218.2 224.9 232.1 235.7 237.9 239.3 240.3 241.2 240.9 240.9 240.9 240.9 239.9 238.5 236.5 234.1 228.5 223.6 218.3 220.1 226.2 232.8 240.2 242.5 243.7 244.7 245.6 246.6 247 246.5 246.1 245.7 245.3 245.2 244.8 242.9 239.1 225.3 216.8 213.2 206.4 203.9 198.6 193.4
247 248.5 249.6 250 248.8 246.8 244.8 243.4 241.7 239 236.1 232.8 226.7 214 206.7 200.3 194.4 189.3 185.8 181.7 182.3 187.1 192 196.1 199.6 199.3 198.1 195.8 192.4 188.9 195.1 201.3 206.2 210.6 216.4 224.1 232.4 235.7 238.2 239.4 240.5 239.9 239.4 239.1 238.8 238.5 238.1 237 236.4 235.3 232.1 224.5 215.8 217.8 225.2 230.9 238.4 240.7 241.7 243.2 244.2 245.2 245.8 245.3 244.9 244.5 244.5 244.1 242.9 240.9 235.4 222.5 215.4 208.6 201.9 198 193.9 193.4
246.2 248.1 249.4 249.6 248.5 246.6 244.6 242.6 240.8 238.4 235.5 232.2 224.3 212 204.2 198.9 193.3 188.9 187.7 183.8 179.5 183.5 186.9 188.4 190.8 191.4 191.1 190.3 187.9 189 195.8 201 205.8 210.5 215.8 223.8 232.9 236.4 238.5 239.9 239.2 238.4 237.7 236.7 236.4 236 235.7 235.4 234.8 234.2 233 219.7 213.1 216.6 224.5 230 236.7 239.8 240.8 241.6 242.6 243.7 245 244.6 244.1 243.5 242.9 242.2 241.6 239.9 235.7 222.2 213.1 206.8 200.5 192.6 188.3 195.9
245.5 247.8 248.9 249.2 248.3 246.3 244.4 242.4 240.4 237.7 234.8 229.3 222.2 212.2 203.7 198.4 194.2 191.5 188.4 183 176.9 178.4 179.4 179.1 181.3 182.9 184.5 184 185.4 189.7 195.4 201.3 205.9 209.7 216.4 223.4 233.4 237.2 238.8 239.6 238.8 237.6 236.4 234.3 233.9 233.6 233.3 233.1 232.9 232.6 222.7 218 211.1 213.7 221.1 227.9 234.2 238.2 240 240.8 241.9 242.9 243.6 243.7 243.3 242.7 241.8 240.8 240.3 238.2 232.1 221.4 213.2 207.1 200.1 190.3 189.8 197.6
245.3 247.3 248.6 248.8 248.1 246.1 244.2 242.3 239.9 236.7 233.7 226 218.6 210.2 203.8 199.1 195.2 191.9 187.3 181.7 176.1 174 174.5 174.8 176.8 178.4 179.7 181.8 185.4 190 194.7 200.9 206.1 210.3 216.3 223.7 233.7 237.4 239 239.5 239.2 238 236.3 234.2 232.5 232.2 232 230.9 230.6 220.8 217.1 213.5 206.7 210.8 220.1 227 235 238.1 239.4 240.6 241.8 242.7 242.8 242.6 241.4 240.9 240.5 239.5 238.4 235.2 226.3 216.4 211.1 206.1 199.5 188.7 191.4 200.1
245.1 247.1 248.2 248.3 247.9 246 244.1 242.1 239.2 235.9 232 222.2 213.4 207.8 201.9 198.5 194.1 189.6 186 180.4 174.7 172.7 171.9 173.2 175.5 177.5 179.1 182.7 186.6 191.5 196.4 202.1 207 210.7 216.3 224.7 234.5 237.7 239.2 239.3 239 238.2 236.8 235.1 233.1 230.8 230.7 229.9 223.9 216.8 213.6 208.8 203.6 209.9 218.4 227.9 235.4 237.3 238.9 240.1 241 241.5 241.5 241.4 241 240 239 238.2 235.8 228.7 217 211.1 206 203.8 199.6 188.2 191.5 200.8
244.8 246.7 247.6 247.8 247.3 245.9 244 241.8 239 235.5 231.4 221.2 210.1 205 200 195.3 191.4 187.3 183.8 179.1 174.1 172.1 170.9 172.1 174.3 176.7 180.6 184.3 188.8 194.8 198.5 203.8 207.7 211.8 217.4 228 235.3 237.7 239.2 239.1 238.8 237.9 236.8 235.4 233.7 230.7 226.9 221.9 213.7 211.1 207.1 202.7 203.3 208.3 216 230.1 234.9 236.6 238.2 239.1 240 240.3 240.2 240.1 239.5 238.9 238 236.7 233.9 226.1 213.2 205.6 199.3 198.4 197.3 183.6 190.5 201.2
244.1 246.4 247.1 247.3 246.7 245.6 244.2 241.6 239.1 235.4 230.6 221.1 208.3 202.1 196.6 194.3 188.6 185.1 181.6 177.9 172.6 169.2 169.6 172.9 175.7 179.1 183 186.7 192.2 195.8 199.5 203.8 207.9 211.4 221.3 232.1 235.6 237.6 239.2 239 238.6 237.7 236.4 234.8 233 229.5 216.5 212 209 205.7 198.7 200 204.6 208.8 221.4 230.3 233.7 235.9 237.4 238.2 239 239 239 238.6 238.1 237.5 236.2 234.7 232.7 226.1 214 204.5 198.6 191.8 193.4 182.3 191.5 200.8
243.7 245.8 246.6 246.9 246.3 245.5 244.4 241.9 239.2 235.5 230.5 219.4 205.4 199.2 194.4 194.7 188.5 183.2 181.2 174.4 170.1 166.9 168.9 173.1 177.9 181.4 185.3 189.3 193.9 197.9 201.3 204.3 208.5 215 226 233.6 235.8 237.5 239.2 238.8 238.4 237.4 235.7 233.7 231.7 225.3 216.8 208.2 203.1 199.6 196.3 201.4 206.1 213 222.2 230.7 233 234.9 236.6 237.4 238 237.9 237.8 237.5 236.9 235.7 234.1 232.6 231 224.7 214.1 204.3 196.6 189.3 183.7 182.8 192.8 200.1
243.2 245 246 246.2 246 245.3 244.4 242.1 239.3 235.4 231.1 219.5 203.3 196.7 192.1 192.5 190.5 185.8 181.4 175 169.9 164.7 168.2 172.4 177.9 183.7 187.3 191.9 196.2 199.5 203.6 207 211.4 219.3 229.9 234.5 237 238.4 239 238.4 238 237.3 235.1 232.3 229.3 218.7 211.2 204.1 197.9 193.7 196.8 202.7 207.9 215.4 222.7 230 232.8 234.2 235.7 236.5 237 236.7 236.7 236.7 236.2 234.7 233.1 231.5 230 223.8 213.3 206 200.3 195.5 183.3 181.4 192.4 199
242.8 244.5 245.4 245.3 245.4 244.7 243.9 241.9 239.1 234.9 229.7 216.5 201.4 194.6 189 186.6 185.4 185.3 180.8 174.6 167.3 163.7 167.7 172.7 178.2 184.8 189.1 193.9 197.2 200.8 205.3 209.6 214.2 225.1 231.6 235.4 237.6 238.8 238.6 238.1 237.6 236.8 234.4 231.7 227.6 216.5 208 200.3 194.5 190.7 197.1 204.2 209.8 215.6 222.7 228.8 232.3 233.8 234.8 235.4 235.9 235.7 235.4 235.4 235.1 233.9 232.2 230.5 228.7 221.5 212.8 206.8 201.6 195.4 183.7 181.3 192.4 199.2
242.4 243.9 244.9 244.7 244.5 244.2 242.8 241.2 238.8 235.5 223.3 210.2 200.4 193 187.1 180.3 176.8 179.2 178.1 172.3 163.9 163.6 169.5 174.9 179.6 184.4 189.6 195.2 198.7 202.6 207.2 212.3 217.5 228.4 232.7 236.4 237.8 238.8 238.3 237.7 237.1 236.1 233.8 231.1 224.9 211.7 206.2 197.9 191.1 188.6 197 203.8 209.6 213.3 215.6 227.6 230.4 233.1 233.9 234.4 234.9 234.8 234.4 234.1 233.5 232 230.7 229.2 225.6 216 209.3 204.2 199.1 191.6 181.1 180.8 191 198.9
241.9 243.3 244.4 244.2 243.8 243.2 241.6 240.1 238.2 231.8 217.7 207.4 200 194.1 187.6 180.7 174 170.6 170.2 166.4 160.9 165 171 177.3 183 187.6 190.6 194.7 200.6 204.5 208.5 215.4 223.5 230.4 233.7 236.4 237.8 238.3 237.8 237.2 236.6 235.2 233.2 230.4 223.7 211.8 205.2 196.6 189.9 186 193.5 199.8 203.3 205.8 211.4 219.7 229.9 232.2 232.9 233.4 233.9 233.8 233.5 233.1 232.2 230.7 229.3 227.9 222.5 211.4 205.8 200.2 195.7 188.7 178.2 180.2 189.7 197.8
240.8 242.5 243.7 243 243.1 242 240.8 239.1 237.1 227.3 214.3 205.9 199 193.6 189.8 184.3 178.2 169.9 164.1 160.9 159.6 165.5 172.4 179 184.3 188.9 196 197.5 202.5 207.2 213.3 219.1 228.1 231 234.8 236.3 237.3 237.6 237.2 236.7 236.2 234.4 232.3 229.6 223.6 214.2 206.7 198.6 190.2 184 190.5 193.9 193.6 199.6 209.6 217.1 228.2 231 231.7 232.3 232.8 232.8 232.6 232.4 231.2 230 228.5 226.5 217.4 207.3 201.5 194.8 192.1 187.5 176.7 179.5 188.5 196.4
240.5 242.7 243.6 242.6 241.8 240.7 239.6 238 235.9 223.2 212 203.5 198.7 192.6 187.4 182.8 176.1 169.7 162.1 158.7 160.2 164.9 171.8 177.6 183.8 190.3 196.1 200.4 205.8 212.4 218 226.2 229.9 232.9 234.7 236.1 236.7 236.8 236.7 236.2 235.5 233.7 231.7 228.5 222.1 213.4 206.9 200.2 191.2 183.2 183.7 186 188.6 196 204.4 210.5 221.7 229 230.3 231 231.6 231.9 231.7 231.5 230.3 229 226.8 220.5 210.6 203.7 197 191.9 187.6 182.6 175.5 179.5 186.6 194.4
239.9 241.9 242.7 241.7 240.5 239.4 238.3 236.4 232.5 218.5 206.7 201.1 194.7 188.3 183.8 179.3 173.4 166.4 158.5 157 161.2 164 169.7 175.6 183 190.1 195.7 201 208.8 215.8 225.7 228.2 231.9 233.4 234.9 235.4 235.9 236 236 235.4 234.6 232.8 230.7 227.6 221.1 211.9 205.2 198.5 190.6 184.2 180.3 180 184.8 191.9 198 205.9 213 226.1 229.3 230.2 230.4 230.5 230.5 230.4 228.7 227 224 212.4 203.8 198.9 192.9 187.5 186.6 180.7 175.2 177.2 183.7 189.2
239.4 240.1 240.8 240.4 239.2 238.1 236.8 235.1 227.4 215.8 204.3 198.2 191.5 184.7 179.6 172.9 169.1 162.7 155.3 158 165.6 169.5 169.9 176.8 183.6 190.4 196.6 200.5 210.2 220.2 227.5 230.5 232.5 233.7 234.2 234.7 235.1 235.2 235 234.5 233.5 231.1 228.7 226.2 221.8 211.7 204.9 198.2 192.3 185.5 178.6 176.6 179.3 187.6 195.5 203.4 210.3 222.7 227.9 228.8 229 229.1 229.1 227.6 226.3 224 219.9 209.5 202.7 195.3 188.6 182.3 179.3 176.9 172.5 173.3 179.4 185.1
237.7 238.3 239 239.1 238 236.8 235.3 233.7 224.5 210.6 202.2 196.7 189.9 182.7 174.9 165.9 162.7 157.7 153.4 159.7 166.6 172.1 171.7 180.3 186.9 193.7 198.4 205.8 215 225.4 228.7 230.9 232.5 233 233.5 233.9 234.3 234.4 234 233.4 232.7 231.1 228.6 225.9 221.4 212 204.6 198.4 192.5 187.3 180.8 175.3 177.2 185.7 193.8 200.7 207.4 219.1 224.8 227.2 227.5 227.6 226.9 225.8 223.1 218 208.7 206.9 202.6 196.2 190.4 182.8 177 173.2 171.3 171.3 176.9 182.3
237.7 238 238.2 237.8 236.6 235.5 233.2 230.6 218.9 206 199.1 194.6 187.9 180.9 174.3 165.2 158.6 153.2 155.7 163.1 170.4 174.1 179.2 183.9 189.2 196.2 200.5 215 225.2 228 229.4 230.9 231.9 232.2 232.7 233.1 233.6 233.5 233 232.4 231.7 230.1 228.5 226 220.6 210.2 203.2 198.3 193.4 189.2 182.9 175.3 174 182.7 190.8 195.4 202.2 209.3 221 224.6 225.2 225.9 224.2 222.9 216.5 211.1 207 205.4 200 194.1 188.2 181.2 175.3 171.1 170.4 169.6 175.2 179.3
236.6 237.6 237.6 236.7 235.1 234 231.2 224.5 212 202.2 196.9 191.2 185.6 179.3 171.5 161.9 154.5 150.5 158.6 168.7 173.2 177.4 181.7 187.2 192.6 197.6 204.8 217.6 226.5 228.6 229.4 230.9 231.2 231.6 231.9 232.4 232.8 232.5 231.9 231.3 230.7 229.1 227.5 224.8 218.9 207.6 200.9 196 191.8 187.9 182.7 175.6 171.7 178.4 184.7 190.2 196.5 203.5 213.3 222.3 223.2 223.7 221.4 218.9 211.3 207 202.7 199.8 196.6 191.8 186.2 178.3 171.9 169.5 168.1 168.9 172 175.1
236 237 236.7 235.5 234.1 232.5 229.2 219.9 208.7 201 195 188.8 182.1 174.6 167.8 154.6 150.2 151.8 162.2 170.2 175.4 179.2 182.8 188.6 194.2 199.4 210.2 222 226.9 228.7 229.5 230.3 230.6 230.9 231.3 231.6 232 231.4 230.8 230.2 229.7 228.1 226.6 223.6 219 209.3 198.4 194 189.7 185.7 183.2 177 170.5 172.7 178.5 186.4 194.8 201.5 207.4 219.8 221.5 221.5 219.2 215.2 208.2 202.1 198.3 195.1 192.5 189.1 184.7 178 170.6 168 166.7 167.2 168.5 170.9
235.1 236.3 235.5 234.4 233.1 230.9 226 214.7 207 200.1 194.5 189 183.4 176 167.4 157.6 149.9 153.2 162.1 169.3 175.6 180.5 184 189.3 195.2 203.5 214.9 224.1 227 228.6 229.3 229.6 229.9 230.3 230.6 230.8 230.2 230.3 229.7 229.2 228.6 227.2 225.4 222 217 208 197.1 192.2 187.8 185.3 183.4 177.9 171.6 168.3 175 182.5 189.3 197.1 202.1 214.3 219.4 218.5 216.4 209.3 204.8 201.5 198.2 191.8 187.3 183.4 179 174.7 170.4 166.9 165.4 165.9 166.7 167.8
234.4 235 234.3 233.3 232 229.2 221.6 212 204.6 198 192.3 186.9 181.9 175.1 167.1 157.9 147.7 153.1 159.9 166.1 171.1 177 183.9 189.9 196 205.8 218 224.9 227 227.2 228.3 228.7 229.1 229.1 229.2 229.4 227.6 226.8 226.9 223.9 221.6 222.1 219 212.5 206.5 199 194.2 190.9 187.3 183.6 181.1 178.3 172.1 167.1 170.3 176.6 184 191.1 198 206.7 216.1 215.2 210 204.3 200.3 197.3 194.5 192.1 186.2 183.2 178.3 173.8 169.5 166 164.8 164.8 165.6 166
233.6 233.4 232.9 232.2 230.5 227 216.9 208.9 201.7 195.8 190 185.1 180.3 173.9 166.7 158.4 147 150.1 155.9 161.7 166.7 173.8 180.8 189 195.7 208 220 224.4 225.3 225.5 226.8 227.7 227.7 227.7 227.7 226.2 225.1 221.6 217 213.3 211.1 209.9 208 203.1 196.2 192.3 190.4 189 185.8 182 178.2 175.4 171.6 167.1 166.3 171.9 178.2 185.4 194.7 199.6 209.3 208.2 202.7 198.8 196.1 193.2 190.7 188.3 185.8 182.8 179.3 174.8 170.2 165.1 164.4 163.7 163.2 163.7
