webserver/python/data/ST18.asc
ncols 200
nrows 200
xllcorner 310000
yllcorner 180000
cellsize 50
[rows 140 to 174 of 200, columns 0 to 78 of 200]
214.8 211.1 208 199.9 195.8 191.8 186.5 180.9 175.7 170.3 165.9 160.3 156.7 152.1 148.5 144.1 133.6 121.3 115.3 112.8 116.9 116.4 114 109.8 106.4 98.7 89.6 81.8 74.2 68.8 63.9 59.1 58.7 52.5 49.8 55.9 55.3 54.2 51.8 53.5 53.3 54.2 51.1 46.3 39.6 34.6 34.7 34.5 34.3 34.7 26.8 32.9 37.6 52.6 72.5 100.8 122.1 134.6 145.7 154.8 161.7 163.9 161.8 157.9 151.5 142.2 129.3 115.9 100.2 87.4 86.4 84 77.4 72.1 75.8 78.6 80.2 82.3 79.2
201.6 198 194.7 191.6 187.8 183.6 178.4 170.2 163.8 159.5 157.4 153.1 151.2 146.9 143.2 139.6 130.1 123.4 116.8 107.8 109.3 112.8 111.9 109.6 105.9 98.9 89.7 81.8 75.5 69 65 59.4 53.9 58.3 59.7 59.4 59.8 61.6 63.6 68.2 70.5 73.6 76 73.4 62.5 53.4 38.7 34.8 34.5 34.5 34.8 26.7 35 34.5 64.7 91.1 118.8 133.6 145.8 155.1 160.6 161.3 160.1 156.6 150.8 142.6 131.8 120.6 105.9 90.6 76.3 74.8 68.8 71.8 76.9 76.2 81.4 98 106.4
193.3 189.5 185.9 182.3 176.2 171.5 165.5 161.3 155.9 151.7 148.6 144.6 141.2 140 139.2 135.7 130.6 124.7 117.6 109 103.4 107.2 106.5 105.7 100 97.1 90.9 84.4 78.8 69.3 65 59.4 59.5 63.4 66.7 68.1 69.4 76.1 81.5 87.1 91.3 92.9 95.2 89.6 88.9 80.7 66.8 48.7 32.8 31.8 31.7 26.8 32.5 34 53.1 82.5 107.7 131.1 146.4 154.5 157.4 158.9 157.5 155 150.1 142.9 135.2 125.4 109.9 86.5 71 67.6 67.8 70.7 83.1 88.5 99.9 108.3 112.6
185.6 182.1 177.6 173.4 167.9 164.1 160.3 156.4 150.3 145.9 138.7 135.1 131.5 134.1 134.9 132.6 127.9 122.4 116.6 110.9 102.4 97 97.8 91.6 87.4 82.5 81.6 79.3 76.3 69.3 63.3 62.1 69.5 73.7 78.1 81.9 87.8 94.8 100.5 108.2 109.9 114.7 119.1 119.5 116.5 109.7 94.2 69.1 40.5 32 31.8 31.6 26.6 34.3 35.8 74.6 106.2 131 147.7 152.9 155 156.2 154.1 150.9 147.2 140.6 132.3 116.7 91.9 71.4 65.2 65.5 70.3 79.3 90.5 98 102.6 104.2 105.5
180.7 177.1 173.1 168.9 164.3 161.7 158.2 153.4 148.1 141.3 133.8 130 127.5 128.1 128.6 125.8 122.2 117.5 109.4 104.3 97.6 95 86.5 80.6 79.5 77.1 73.3 71.1 69.4 67.6 68.3 75.3 83.2 88.2 92.3 98.8 107.1 113.9 118.3 122.2 127.3 131.1 131.9 129.9 126.5 108.9 101.2 81.3 53.6 32.1 31.5 31.3 26.5 32 32.6 39.3 96 131.2 143.5 148.6 150.3 149 147.3 139.9 137.8 130.8 113.1 92.4 73.7 64.4 63.2 64 68.9 76.3 85.8 91.7 94.6 95.2 98.7
178.2 173.4 169.8 164.1 162.1 159.5 156.5 154.2 149.5 142.5 134.9 125.1 121.9 122 121.1 118.1 114.9 108.7 101.3 96.3 97.9 101.1 97.1 90 94.1 90.3 86 82.9 79.6 81.5 84.5 90.6 95.7 102.1 110.8 118.6 126.1 132.7 137.1 140.9 144.3 145.1 144.2 141.3 135.7 124 113.1 88.3 67.8 47.3 31.7 31.6 30.4 28.1 38.5 36.2 43.4 54 118.8 135.5 134 125.1 119.9 113.3 107.2 99.3 86.2 73.7 65.2 62.6 61.9 63.9 68.7 73 79.4 84 87.8 96.1 104.8
177.2 172.9 169 162.2 158.2 156.4 153.6 150.9 149 139.1 133.6 124.6 121.6 115.6 112.5 110.6 108 102.1 100.9 100.9 101.7 100.6 98.2 98.1 99.7 96.2 94 94.5 94.1 96.9 101.8 107 113.4 121 129.8 138.6 145.9 151 152.7 156.3 157.3 157 155.9 152.1 144.8 136.2 124 95.2 76.9 56.5 31.8 30 30 26.3 32.1 32.3 39.5 59.9 86.6 101.6 106.3 108.2 105.7 100.3 93.6 87.2 81.5 71.2 66.7 59.9 60.7 64.8 68.7 80.6 87.5 91.8 103.3 109.2 111.2
177.3 172.7 167.9 162.6 156.8 151.2 149.4 147.1 144.1 135.2 129.6 122.6 118.1 112.3 107.6 105.4 104.8 105.6 106.1 106.5 108.5 107.6 108.3 107.3 106.3 107.5 108.5 110 110.5 113.6 118.8 124.5 131.5 139.5 149 157.5 164.9 166.9 166.1 167.2 167.3 166.7 164.9 161.4 154.6 145 130 93.2 86.5 62.3 36.2 30 30 26.2 32.3 33.4 35.4 46.6 65.6 79.1 89.4 103.4 101.9 92.7 82 78.2 70.4 65.7 61.6 56.6 61.2 63.9 72.3 82 89.1 94.8 105.1 112.2 114.3
177.5 172.2 166.8 161.1 156.6 152.6 147.1 139.5 132.8 126.8 121.8 117.9 116.1 113.4 114.4 115.4 112.6 110.6 113.3 114.1 117.2 117.7 119.6 121 121.6 124.3 127.4 128.2 129.2 132.3 137 143.5 149.8 156.2 163.3 169.8 173.9 174.5 173.6 175.4 175.6 174.4 171.9 166.8 126.6 141.1 137.9 113.8 97.1 67.5 39.4 32.9 33 26.1 32.7 32.2 37.8 40.6 52 68.8 83 84.2 80.9 75.2 70.6 65.5 61.9 56.8 55.8 54 62 66.2 76.3 84.3 91.9 98.4 106.2 113.7 117.7
181.1 176.6 166.8 163.5 159.5 154.8 148.9 141.2 137.3 131.7 128.7 123.1 123.7 122 117.7 120.4 119.8 119.7 121.9 124.7 128.5 130.9 133.3 135.5 137.8 140 142.3 140.9 139.8 145.1 150.1 154.8 159 161.5 167.2 170.5 173.3 176 177 178.5 179.4 178.2 174.2 149.3 93.6 79.8 121.6 131.6 107.7 73.3 45.8 31.8 31.9 26.1 31.2 31.3 32.1 37.2 42 54.6 73.4 75.3 73 65.9 61.1 58.5 55.2 53.4 52.8 54.8 63.2 70.6 78.8 87.2 94.9 101.9 109.1 115.8 122.1
182.3 177.6 173.3 167.1 161.4 154.3 145.4 140.7 137.4 134.7 130.2 129.7 130.1 125.6 124.3 126.9 130.6 130.6 132 135.5 140.4 144.7 148.3 150.9 153.1 153.8 153.1 145.2 145.8 149.3 152.1 152.9 156 159.4 162.8 165.7 168.9 172.4 174.7 176.5 176.3 175.2 173.3 118.3 62.1 61.3 74.5 122.6 121.1 85.7 50.3 31.9 31.7 26 31.1 30 30.5 30.5 38.6 39.6 59.9 70.3 67.7 60.5 58 56.7 54.3 50.9 51.1 57.3 65 73.3 81.1 89.7 100.1 109.7 112.1 118.3 124.7
175.4 172.3 168.3 163.4 157.8 151.4 144.4 140.6 139.6 141.8 136.8 138.7 137.4 139.9 140.3 143.9 144.8 145.4 146.6 151.1 153.6 156.2 156.6 158.4 158.6 156.9 154.4 150.3 149.3 149.6 144.5 144.3 155.1 156.7 165.1 164.9 166.8 169.7 170.7 173 172.7 147.3 134 84.2 61.7 60.9 60.2 99.2 132.8 100.3 62.2 38.2 31.5 25.9 30.3 29.2 29 29.9 30.3 39.1 43.7 59.7 64.3 59 58 57.6 55.6 48.6 50.2 52.7 66.2 77.6 84.6 93.6 105.5 109.8 112.1 114.4 123.1
168.7 167.9 165.1 160.6 154.4 147.6 144.1 142.7 144.9 150 148.6 148.7 152.4 155 159.8 162.5 163.5 163.6 162.3 162.6 162.5 161.7 161.8 161.1 159 156.6 154 151.2 149.3 132.4 125.9 123.2 125.3 154.9 158.4 163.5 165.1 166.5 168 168.1 169.8 106.9 112.3 70.5 60.8 60.2 59.9 83.5 128.6 116.9 78.3 51.6 32 25.9 30.1 29.1 29 30.2 29.2 29.2 38 44.7 55.6 56.8 50.7 49.9 50.2 46.2 49.7 56.3 72.7 82 89.6 96.1 102.8 109.2 111.7 112.5 115.6
166.6 164.4 161.7 159.4 158.2 152.3 150.2 150.1 155.8 157.7 163.3 163.7 162.5 166.7 169.4 172.2 172.6 172.3 170.4 167.5 164.7 161.3 160 158.3 155.9 153.4 150.4 147.4 144.9 141.5 123 123.1 123.4 155.2 154.5 160.5 163.1 133.9 165.4 160.7 132.3 74.8 59 60.4 55.4 60.1 59.9 69.4 105.7 134.6 106.4 72 38.1 31.4 25.7 29.6 29.2 30.2 28.8 24.9 24.7 36.7 47.3 50 48.4 45.9 44.2 43.8 51.1 62.3 79.4 86.6 92.5 97.6 102.4 108 109.3 112.5 112.6
165.9 164.8 164.7 163.8 165.2 164.3 162.9 165.7 170.3 172.9 173.8 175.3 174.9 174.7 175.4 176.2 177 176.4 172.9 168.3 165.3 160.5 156.5 151.1 150.1 148 145.3 143 141.9 141.7 123.6 123.1 123.7 148.8 152.8 154.4 150.6 147.7 128.6 109.4 102.6 83.1 54.5 49.1 49.1 60.1 59.9 60 77 118.9 123.9 89.6 53.3 32.9 30.1 25.6 25.5 25.4 27 30.1 26.7 24.7 39.7 42.8 46.2 45.2 41.7 45.4 52.5 66.8 80.4 87.5 93.5 98.6 103.1 106.1 107.2 106.7 108.4
165.7 167.2 168.8 169.3 168.3 169.7 171 169.7 173.4 173.9 175.6 176.1 175.6 176.7 176.1 176.4 177.1 176 173.3 169.2 164.5 159.8 154.9 148 144.8 142.6 140.1 139.7 139.3 138.5 122.8 123.4 123.5 135.5 151.4 143.8 120.4 104.1 109.8 117.4 102.7 96.5 58.5 49.1 51.6 59.3 60 60.3 59.7 92.8 138.8 104 78.1 47.7 31.9 31.3 31.5 29.6 30.3 30.7 30.5 24.7 33.4 39.3 41.2 40 40.8 47.7 54.1 60.2 70 78.2 86.9 95.5 101.1 101.3 99.6 98.2 100.4
163.7 166.7 169.4 169.9 167.8 168.8 167.3 165.8 167.3 169.5 170.4 172 173.4 173.6 173.9 175.1 176.3 175.5 172.8 169.4 164.6 159.9 154.7 148.6 142.5 138.2 136 135.8 136.2 136.3 135.9 133.8 125.1 125.6 148 148.2 113.1 120.8 135.6 119.4 118.9 106.6 89.1 49.1 55.6 60 60.7 61 62.8 72.2 114.8 127.6 99.8 45.6 39 31.2 31.2 29.5 30.3 30.5 30.5 27.9 28.2 37 37.8 39.8 42 42.2 44.9 49.2 53.1 59.8 69 78.7 83.6 87 87.1 85.4 88.1
161.4 163.2 166.6 163.4 160.1 159.8 158.5 157.8 157.8 161.5 165.1 168.1 169.9 170.5 172.1 173.3 174.8 174.5 173 170.1 165 160.6 156.3 150.1 144.1 138.4 132.9 130.6 134.8 132.5 131.3 135.3 135.6 140.8 146.5 152.1 133.8 141.3 136.4 136 135.9 134.9 102.9 85.2 60.4 61.9 69.5 80 113.8 138.7 133.3 126.1 111.1 45.6 36.6 35.7 30.3 29.9 29.8 30.2 30.4 30 25.9 37.1 36.6 37.9 40.8 41.7 41.7 42 43.4 45.7 49.3 57 61.4 64.2 66.5 70.2 77.9
158.4 158.5 159.1 156.4 154.6 154 153.3 151.1 149.5 155.6 159.7 162.9 165.9 167.5 169.2 171.1 172.9 174.2 173.6 171.2 167 162.6 157.9 151.8 147 141.5 136.1 129.5 125.6 123.5 128.9 134.3 137 140.6 144 149.2 151.6 151 137.5 146.2 148.7 133.7 115.8 96.3 86.6 81.7 100.6 128.9 122.8 113.9 105.3 95.5 83.3 41.9 40.8 42 30 30.1 29.5 29.7 29.8 29.8 24.7 35.7 35.3 35.9 36.4 38 38.3 39.8 40.6 42.1 43.1 47.3 49.5 55 59.4 67 81
156.8 154.6 152.7 151.6 150.2 148.9 147.7 146.9 146.7 150.2 154.7 157.7 160.4 164.2 166.3 169.3 171.7 174.3 174.6 172.8 169.7 165.6 161.1 155.6 149.9 144.3 139.4 133.4 126.9 120.1 120.5 129.9 134.9 137.6 140.5 142.6 146.7 146.7 146.3 146.8 146.3 135.2 125.5 113.8 110.6 120.9 119.5 105.4 97.4 87.9 79.5 69.9 61.7 54.5 49.2 41.1 30.2 29.7 29.3 29.4 29.4 29.6 24.7 32.3 36.1 34.2 34.6 34.4 35.9 38.3 42.2 42.3 43.4 45 47.5 50 55.6 65.2 77.6
156.1 152.3 148.7 146.2 146.1 145.5 144.9 143.9 143.3 144.6 150.2 153.5 157.9 161.8 165.3 168.6 171.8 174.1 175 173.1 171.6 169.3 164.7 158.4 152.4 146.5 141.9 137.5 130.2 122.3 113.4 121 128.5 132.4 136.2 138 139.5 138.4 140.6 140 134.1 130.2 123.4 115.6 117.2 112 97.4 82 72.7 63.2 56.4 50.5 46.2 43.2 39 33.9 29.6 29.1 29 29.3 29.4 29.3 24.6 31.9 35.7 34.4 33.5 33.3 34.4 37.1 48.3 45.8 45 44.2 44.7 46.9 49.1 61.3 69.2
151.6 150.6 144.8 140.4 139.3 140.5 140.4 140.2 139 139.7 145.4 150.2 155 159.5 163.9 168.2 171.8 174 175.5 174.3 172.6 169.9 166.4 161.2 153.7 148.2 143.2 136.8 130.9 124.3 115.6 110.6 120.9 127.6 131.5 133.7 134.9 138.2 135.7 133.1 119.7 113.4 109 101 90.8 82.9 72.6 66.8 57.6 52.4 48.3 45.1 40.8 36.2 33.8 31 28.7 28.8 28.4 28.4 28.8 29.2 24.5 31.6 32.9 35.4 34.2 34 34.4 36 46.1 47.7 52.2 46.7 44.3 45 46 50.7 59.3
148.3 144.8 140.9 135.6 134.1 135.1 137.3 136.8 134.5 135.2 140.3 147.1 152.6 157.8 162.6 166.6 171.9 174.7 175.6 174.2 171.3 168.2 165.2 161 155.3 148.8 142.9 136.8 129.9 123.7 116.7 107.9 111.1 119.7 127.8 128.8 129.2 133.6 126.7 116.6 103 93.3 87.3 80.5 71.9 68.5 66.3 58.6 54.4 49.5 45.9 42.4 43.5 42.8 36.3 28.2 28 27.9 28.3 28.3 28.8 29.1 24.5 30.7 31.1 32.2 35.3 34.5 34.2 34.3 43.3 46.7 48.9 50 47.6 44.8 44.1 45.5 48
145.3 143.5 138.8 134.5 131.9 131.1 135.2 133.5 129.3 131.9 140.2 145.4 151.6 156.9 162 167.7 172.5 174.8 174.6 173.1 169.1 165 162 158.8 153.7 148.7 142.6 136.2 130.3 123.9 117.8 109 101.9 113.8 121.4 123.5 121.1 118.6 110.8 98 89.2 82 76.4 73.4 70.1 66.9 60.8 58.5 52.1 47.7 44.1 45.8 46.3 43.1 39.2 28.2 27.3 27.5 28.1 28.3 28.7 29 24.4 29.7 30.1 30.8 32.1 33.8 36.4 32.1 40.4 43.6 45.8 48.7 50.4 47 45.1 44.9 47.5
145.4 143.8 140.7 135.5 131.7 126.7 125.4 124.6 124.6 135.7 143.4 148.6 152.9 158.3 163 168.8 172.7 174.8 173.7 171.4 166.9 162.2 158.8 155.3 151.4 146.8 141.5 136.6 130 124.3 117.4 108.7 98.6 109.5 116.8 117.1 114 106.2 95.8 86.2 79.9 75 72.5 70.5 67.5 59.2 59.6 51.4 53.4 51.2 49.8 49.4 47.7 43.8 40.4 28 26.8 27.2 27.9 28.3 28.8 29.1 24.3 28.7 29.5 30 30.5 30.5 30.8 34.3 39.1 40.5 40.4 40.7 45 48.7 43.6 45 47.5
147.5 145.7 144.3 141.6 136.8 127.2 119.5 117.4 125.1 133.4 142.1 149.4 155.5 160 164.1 168.9 173.2 174.2 172.6 169.5 164.6 159.8 154.7 150.3 146.3 142.5 138.8 133.9 128.3 122 113 103.7 95.6 102.2 109.8 110.4 103.4 91.1 82.5 76.4 74.3 72.3 69.8 67.1 61.9 58.9 57.6 57.6 56.8 53.7 52.4 50.4 48.4 46 41.8 28.8 26.9 27.6 27.8 28.1 28.8 28.8 24.3 27.3 29.1 29.5 29.9 30 29.8 29.8 30.4 39.6 38.8 44.3 38.4 45 44.6 46.7 47.8
148.1 147.4 145.9 143.8 137.6 128.2 116 112.7 124.9 134 142 149.8 156.6 160.7 164.8 169.5 172.8 173.5 172 168.6 163.5 157.7 152.1 146.1 139.1 134.8 129.5 126.4 119.4 114.7 107.8 98.9 92.1 97.8 105 101.1 92.6 82.4 74.2 71.9 71.1 69.7 67.1 61.6 61.2 60.4 60.5 60.2 59.6 55.5 51 47.8 42.5 42.9 43.6 33.9 27.1 27.7 28 28 28.4 28.2 26.1 27.4 28.9 29.3 29.4 29.8 29.7 29.7 30 37.7 40.2 37.9 46.2 47.8 47.6 48.1 48.6
146.9 146.8 146.1 141.9 137.3 129.2 115.4 110.1 125.1 134.7 143.1 150.7 157.2 161.4 166.4 169.7 171.5 171.7 170.4 166.7 162.4 156.8 149.6 141.1 130.8 124.1 120 116 111 106.7 102.2 94 88.1 94.8 94.5 88.5 80.7 73.6 68.4 66.4 69.3 67.5 63.2 62.1 61 63 64 62.6 61.8 57.2 55.2 48.1 45.3 45.3 42.7 40.7 28.4 27.4 26.9 27.8 28.3 28.3 28.4 27.2 28.7 29.3 29.5 29.2 29.6 29.4 29.8 32.2 40.4 39.2 46.8 49.5 50.6 50.4 50
145.1 145.3 144.7 142.9 138.1 128.3 111.2 109.1 123.6 136 145.9 152.4 157.9 162.8 166.9 168.5 169.4 169.3 167.3 163.6 159.3 152.7 144.8 135.6 128.2 118.1 111.8 107.5 104 99 95.6 88.5 84.4 84.6 81 76.8 72.7 70.4 68.1 66.8 67.8 63.8 63.8 64.2 64.5 65.3 66.2 64.5 64.2 58.8 57 55.5 50.1 48.4 45 39.8 29.5 26 26.7 27.8 28.4 28.3 27.3 26.3 28.7 29.1 29.7 29.8 30 30.1 33.1 37.1 41.1 41.5 47.8 51.2 52.4 54.2 55.8
144.2 144.2 144.7 143.2 139.5 127.5 108.5 106.3 120.1 135.9 145.8 152.3 158.2 163 164.8 165.9 164.5 162.7 161.3 158.4 153.2 147.6 140.6 133.7 124.7 113.4 105.8 100.6 96.4 91.7 89.1 85.4 82.6 81.6 78.1 78 77.9 71.8 69.3 68.6 65.9 66.3 65 65.3 66.7 67.2 69.3 68.1 66.8 64.7 60.5 56.1 51.8 50.8 47.7 39.5 39.1 26.6 26.6 27.8 28.6 28.2 28.4 25.9 33.1 35.3 37.8 39.1 40.4 41.8 43.2 44.8 46.3 48.1 43 51.6 53.1 54 53.7
143.4 143.9 144.5 144.2 140.7 123.8 105.5 105.5 116.5 133.5 146 153.1 157.4 160.5 159.9 158.9 157.8 156.1 154.2 151.2 146.9 141.1 135.3 127.4 116.8 103.7 99 94.5 89.6 89.3 88.5 87 85.3 82.8 80.7 77.9 75.3 71.1 70.3 67.6 67.9 67.3 65.6 67.3 69.2 69.3 69.7 72.2 70.8 68 63.8 57.2 57.7 57.1 54 45.4 39.7 44.1 42.6 27.8 39.7 39 31.3 26.4 37.2 36.5 35.7 34.8 34.2 33.8 33.3 34.3 33.8 41 45.3 46.4 50.6 53 54.7
143.3 143.8 144.3 143.1 138.6 117.6 101.5 104.6 115.3 132.3 146.2 152.2 155.3 156.1 154.8 152.9 151.4 149.2 146.7 142.7 138.5 131.1 122.9 113.7 106.2 97.8 93.1 91.8 91.5 88.6 85.1 83.8 81.4 79.3 77.7 76 73.4 71.1 67.4 70 69.5 68.6 68.9 68.8 70.2 70.5 71.4 72.8 71.3 67.4 62.5 55 52.2 50.4 48.4 50.5 47.1 35.6 30.5 27.9 28.1 26.9 25.5 27.5 28.8 29.6 29.3 28.8 28.6 28.4 28.3 27.9 29.5 41.9 47.3 48 50.1 50.8 52.5
142.3 143.4 143 139.1 129 111.6 97.2 104.7 115.4 130.9 143.8 149.1 151.1 150.9 149.9 147 144.6 141.1 137.7 132.4 127 119.1 113.8 105.1 100.9 96 90.7 88.1 89.3 87.4 84.9 81.2 78.9 76.6 75.5 74.2 72.2 68.2 68.2 69 70.4 69.5 70.5 73.5 73.4 72.1 73.1 69.7 60.5 56.7 55.1 59.2 63.9 61.4 56.7 51.1 49.4 41.3 28.8 26.9 26.8 26.4 24.2 28.3 29 29.5 29.5 29.6 30.7 32.1 34.6 37.8 41.1 44.5 47.7 49.6 52.8 55.3 55.5
140.2 140 138.8 134.9 122.8 107.7 94.8 105.4 117 128.9 141.8 145.7 146.1 144.1 142.6 139.5 134.3 131 126.7 124.4 118.1 113.4 107.4 103.1 99.1 92.3 88.9 87 86.1 83 81.8 80.6 77.2 74.8 74 72.9 70 74.4 69.7 69.6 70.6 70.1 72.1 73.8 75 72.2 61.9 60 61.8 69.9 72.4 72 69.2 63.6 57.7 51.9 49.7 47.1 40 26.6 27 26.3 24.1 27.9 29.4 29.3 28.5 27.3 29.1 28.8 28.9 28.6 27.7 39.3 45.6 54.7 54.7 55.5 55.6
135.8 135.7 133.6 129.4 119.4 101.6 93.1 105.3 118.8 131 138.7 140.6 139.8 136.8 133.9 130.1 124 121.3 120.9 119 115.4 110.5 105.5 100 96.1 91.2 89.1 88.5 84.4 81.4 80.5 80 76.1 75.6 75.1 74.5 72.2 76.1 71.8 69.6 70.3 73.5 73.4 74.7 65.9 63.3 67 76.3 75 75.4 77.7 76.7 73.1 71 63.6 54.6 50.8 50.6 48.4 28.5 26.6 26 24.1 28.5 28.6 28.3 27.3 27.2 27.1 27.1 28.8 28.3 27.5 33.2 45.8 46 55.9 55.9 55.6
