webserver/python/data/ST38.asc
ncols 200
nrows 200
xllcorner 330000
yllcorner 180000
cellsize 50
[rows 43 to 85 of 200, columns 0 to 95 of 200]
56.7 50.2 46.7 44.9 44.2 46 48 48.5 52.3 49.7 46.2 45.4 43.4 37.1 37.6 36.9 35.4 32.9 32.3 34 31.7 27.9 21.4 16.7 13.1 11.7 10.2 8.8 8.9 9.1 9 8.7 8.6 -4 -4 -4 -4 7 10.3 7.8 7.6 7.8 7.6 7.5 7.6 7.6 7.5 7.4 7.4 7.4 7.4 7.7 8.1 7.9 7.5 7.5 7.6 7.6 7.8 8 8.1 8.3 8.5 8.7 7.2 7.2 7.5 11.1 9.6 10.9 14.6 18.8 30.8 33.3 29.7 27.7 24.1 24.4 23.2 19.4 18.1 16.9 16.1 15.7 15.9 15.9 15.7 15.7 17.3 17.3 17.8 18.1 18.1 18 17.5 15.1
60 52.5 55 52.7 52.2 54.8 57.1 57.8 57.7 55.3 51 47.7 43.1 43.9 44.1 42 39.8 38.2 38 38.9 35.9 33 25.4 17.6 13.6 12.9 11.5 9.9 9.8 9.7 9.4 9 7.8 8.7 4.8 -4 -4 -4 6.4 9.9 9.9 8.5 8 8 7.4 7.3 7.2 7.2 7.5 7.4 7.7 7.7 7.7 7.8 7.4 7.4 7.5 7.5 7.6 7.7 7.7 7.7 8 8.6 8.2 8.3 8.1 12 10.5 12.8 16.2 26.7 30.2 26.4 24.1 23.4 21.6 19.1 17.7 16.1 14.1 13.3 12.9 13 12.4 12.8 12.8 13.3 14.3 15.1 16.1 16.5 16.3 16 15 12.7
60 60.2 61.8 59.7 60.6 63.3 65.5 63.4 61.9 57.5 54.3 49.4 47.9 48.5 48.9 49.3 49.4 46.1 46 44 40.1 36.7 28.3 20.5 15.6 12.9 12 10.5 10.3 9.9 9.3 9.1 9 8.9 6.4 4.7 -4 -4 3.5 9.6 10.7 11.3 8.3 7.6 7.2 7.1 7.5 7.2 7.5 7.7 7.7 7.7 7.7 7.6 7.5 7.4 7.5 7.5 7.5 7.5 7.4 7.3 7.4 7.5 7.8 8.4 9.2 9.2 9.1 12.5 18.1 21.4 23.8 22.6 20.8 20.3 17.1 16.9 15.9 12.3 11.4 10.9 10.7 10.5 9.7 10.3 10.9 10.7 12.4 12.7 13.4 15 15.2 14.8 13.3 10.8
69.1 68.2 66.7 66.6 69.4 69.7 68.1 66.1 63.8 60.7 58.3 55.2 53.5 53.9 54.6 54.5 53.9 52.5 50.8 49.1 46.8 38.7 30.5 22.3 16.7 12.6 11.9 10.6 10.1 9.6 9.4 9.3 9.1 8.9 9.2 9.5 6.8 -3.2 -4 -0.1 10.8 11.2 11.2 6.9 6.9 7.1 9.6 7.4 7.7 7.8 7.9 7.9 7.8 7.7 7.7 7.6 7.5 7.4 7.3 7.3 7.2 7.2 7 7 7.2 7.7 8.1 9.4 9.6 11.5 11.1 10.7 10.5 16.3 16.2 13.8 11.7 17.3 13.1 8.9 8.3 8.4 8.4 8.3 8.3 9.1 9.8 10.3 11 11.5 12.2 13.8 14.7 13.1 12.1 7.4
76.6 73.1 70.9 70.1 70.1 70.3 68.5 66.5 64.7 63.6 62.2 59.8 58.7 57.9 59 58.9 58.2 58.9 57.2 49.7 46.9 40.1 31 23.4 16.7 13.5 11.2 10.4 9.7 9.1 9.3 9.4 9.3 8.6 8.9 9.2 8.9 4.1 -4 -4 2.5 10.7 10.8 10.9 11.3 11 11 7.5 7.8 8 8.2 8.1 7.9 7.7 7.8 7.7 7.6 7.3 7.1 7.1 7.1 7 7.1 7.2 7.2 7.5 7.8 8.2 8 8.7 9.9 11.6 11.3 11.7 11.7 11.8 11.1 10.6 10.6 8.3 8.3 8.3 8.3 8.7 8.6 8.6 9.1 9.6 10.2 10.8 11.3 12.8 14 14.3 12.3 7.3
76.5 74.7 71.1 67.3 67.5 67.9 67.1 66 65.1 64.4 62 60.7 59.8 59.6 59.7 59.4 59.2 58.5 54.4 48.8 43.2 37.7 33 20.7 16.5 12.7 10.6 10 9.2 8.6 9.3 9.4 8.7 8.3 8.5 9.2 9.2 8.9 0.5 -4 -4 9.9 11.2 11.3 11.1 10.1 7.6 7.6 7.9 8 8.2 8.2 8 7.7 8 7.8 7.5 7.2 7 7.2 7.2 7 7.2 7.1 7 7.2 7.4 7.8 7.5 7.8 9.8 11.8 11.5 11 10.7 10.7 10.4 9.6 8.2 7.8 7.8 7.9 10 10.5 10.3 9.9 9.9 9.6 9.2 10.1 10.8 11.4 12.2 15.7 11 7
78.9 76.5 70.6 66.7 59.4 63.3 64.4 62.7 64.8 65.6 64.5 61.6 61 60.2 57.1 58.5 56.4 54.3 48.4 42.5 38 33.4 25.9 18.8 14.8 11.5 9.9 10 8.7 9.3 9.2 9 8.8 8.5 8.8 9.1 8.4 6.2 2.9 -4 -4 1.2 11.3 11.4 11.3 9.6 8.5 7.8 7.7 7.8 7.9 8.1 8 7.8 7.9 7.8 7.5 7.3 7.3 7.3 7.2 7.1 7.1 7.1 7.2 7.3 7.4 7.4 7.5 7.8 7.9 9.2 12.1 10.2 9.7 9.3 9 8.8 8 7.8 7.7 7.7 7.4 7.6 7.8 7.9 8.1 7.7 7.7 8.2 8.8 9.4 9.9 15.7 9.6 9.3
78.3 76.1 72.9 68.2 59.4 51.4 54.8 56.8 63.4 65.7 64.7 60.8 59.2 57.7 53.4 53.1 50.3 48.1 44.7 37.3 31.2 25.8 20.1 16.7 12.3 10.2 8.6 9.8 9.6 9.1 9.1 9.1 9 8.9 9 9.1 9.4 4.7 7.7 -1 -4 -4 7.3 11.3 10.6 9.8 9.7 9.5 9.3 9.2 7.5 7.7 8 7.8 7.9 7.6 7.4 7.4 7.4 7.4 7.4 7.2 7.1 7.2 7.2 7.3 7.3 7.3 7.5 7.8 7.7 7.9 10.6 8.3 7.7 7.9 7.8 7.7 7.4 7.1 7.1 7.3 7.3 7.1 7.7 7.8 7.8 7.6 7.5 7.9 8.3 8.7 9.1 14.3 9.2 8.9
78 76 71.7 68.3 62.6 52.3 42.1 52.4 59.8 64.9 60.1 56.3 53 53.5 50.4 47.4 44.5 42.1 39.4 33.9 28.2 21.2 17.3 13.8 11.6 9.9 9 8.5 9.4 9 9 9 9 9 9.4 9.4 9 8.8 9.2 4 -4 -4 -0.4 10.8 10.3 10.4 10.3 10.1 9.7 13.8 7.3 7.5 7.7 7.7 7.7 7.6 7.4 7.5 7.5 7.5 7.5 7.4 7.1 7.2 7.2 7.2 7.1 7 7.2 7.6 7.6 7.8 9.3 7.5 7.2 7.2 7 7 7 7.1 7.2 7.3 7.2 7.3 7.5 7.5 7.5 7.4 7.3 7.5 7.8 8.1 8.4 12.5 8.3 8.1
76.2 72.5 68.5 64.2 59.1 44.5 36.2 49 56.7 58.7 58.5 56.7 51.6 47.5 46.7 46 42.1 38.2 31.7 26.2 24.4 19.9 16.5 12.9 10.6 9.5 8.7 8.5 9.1 8.9 8.9 8.9 9 9 9.4 9.5 9.3 9.1 9.2 9.5 1.2 -4 -4 3.9 10.5 10.4 10.3 10.6 10 11 8 7.4 7.6 7.9 7.7 7.5 7.5 7.5 7.6 7.6 7.6 7.6 7.1 7 7.1 7 6.9 7 7.2 7.4 7.7 7.7 10.7 7.4 7.1 7 7.1 7.1 7.1 7.1 7.3 7.4 7.4 7.5 7.5 7.4 7.3 7.2 7.2 7.2 7.2 7.5 7.8 11.2 7.7 6.6
72.9 68.2 63.8 59.7 53 39.4 30.9 47.5 51.5 53 54.8 53.5 48.7 44.6 44.1 44.4 40.7 35.3 27.6 19.4 16.9 15.8 13.9 10.9 10.2 10 9.1 8.9 8.8 8.8 8.8 8.9 9 9.1 9.3 9.5 9.3 9.4 9.4 9.4 6.3 -1.4 -4 -4 2.7 10.2 10.1 10.6 10.1 9.7 9.5 9.2 9.2 9.2 8.2 7.5 7.6 7.6 7.7 7.7 7.7 7.6 7.6 7.1 7 6.9 7 7 7.2 7.5 7.6 7.6 12.9 7.4 7.1 7 7.2 7.4 7.3 7.2 7.3 7.5 7.5 7.5 7.4 7.3 7.2 7.1 7.1 7.1 7.1 7.1 7.1 10.2 6.6 6.6
69.5 65.2 60.3 56.5 50.7 36.5 27.6 18.8 43.6 47.9 49.8 45.4 43.7 41.1 39.5 40.6 35.9 32.2 28.6 16.9 13.3 14.3 11.3 10.3 9.7 9.5 9.2 9 8.8 8.8 8.9 8.9 9 9.1 9.3 9.8 10.2 9.8 9.6 9.5 9.6 4.4 -1 -4 -4 0.3 4.7 10.1 10.6 9.8 9.1 7.6 9.6 9.3 8.8 8.4 7.5 7.7 7.8 7.7 7.5 7.3 7.4 7.5 7 6.8 7 7.1 7.2 7.5 7.3 7.1 7.2 7.1 7 7 7.2 7.3 7.2 7.3 7.3 7.4 7.5 7.6 7.5 7.2 7.1 7 7 7 7.1 7.1 7.1 9.2 7.8 6.6
67.8 63.2 58.6 54.2 46.2 35.6 25.8 15.6 38.4 41.5 46.2 44.1 36.4 33.9 32.5 35.6 36 26.2 20.6 15.8 13 11.4 10.7 9.9 9.3 9 8.8 8.8 8.9 8.7 8.6 8.7 8.7 8.8 9 9.6 10.3 10.1 9.8 9.4 9.6 9.5 3 -1.8 -4 -4 -3.1 0.4 3.6 1.9 -4 -0.5 7.6 9.2 8.9 8.8 8.1 7.5 7.6 7.1 6.9 7.1 6.5 7.1 6.9 6.9 7 7.1 7.2 7.3 7 6.9 7 6.8 6.9 6.9 7.1 7.1 7 7 7 7.1 7.1 7.4 7.4 7.1 7 7 6.9 7 7.1 7.1 7.1 8.5 8.3 6.7
65.6 61.2 57 51.4 41 30.2 22.8 20.5 30.9 37.3 40.7 42.6 37.3 25.7 24.6 27.6 27.8 21.5 19.4 16.5 12 10.8 10.2 9.5 8.9 8.9 8.9 9 9 8.9 8.7 8.5 8.6 8.8 9.1 9.6 10.2 10.1 9.7 9.2 9.5 9.6 9.5 3.4 1.1 -3.9 -4 -4 -3.8 -4 4.5 7.3 4.6 2.8 7.9 9.4 9.5 8 7.5 6.3 7 1.5 6.1 7.1 7.1 7.1 7.1 7.1 7.3 7.2 7.3 8.6 6.7 6.8 6.8 6.9 6.9 6.9 6.8 6.8 6.7 6.7 7 7.1 7.2 7 7 6.9 6.9 6.9 7 7 7.3 7.8 7.6 6.8
63.4 58.7 52.2 45.2 38.2 28 14.7 22.8 29.7 34.4 37.5 35.7 33 24.9 17.4 21.2 21.5 18.5 16.1 12.1 10.8 10 9.4 9.3 9.2 9 9 9 9 8.9 8.7 8.5 8.7 8.8 9.2 9.6 10.2 10.2 10.3 9.7 9.3 9.5 9.5 9.2 8.9 3.9 -2.5 -4 -4 -4 -0.5 7.3 9.4 7.2 4.5 5.9 9.2 8 7.8 7.8 5.6 7.3 7.3 7.3 7.3 7.3 7.2 7.2 7.2 7.5 7.6 11 6.7 6.6 6.7 6.8 6.8 6.8 6.7 6.7 6.7 6.7 6.8 6.9 7 6.9 6.9 6.9 6.9 6.8 6.7 6.6 7.5 7.4 7.1 6.8
61.2 55.3 47.1 38.5 31.1 26.4 14 22 29 33.2 30.5 27.8 24.3 20.6 15.6 14.6 13.7 13.2 12.5 10.8 10.1 9.6 9.4 9.3 9.2 9.1 9 9 9 8.9 8.7 8.5 8.7 8.9 9.2 9.6 9.9 10 10.1 10 9.5 9.5 9.5 9.3 9 8.8 7.2 0.1 -4 -4 -4 0.9 9.3 9.3 9.8 -2.1 9.5 8.1 8.4 8.2 8.1 7.6 7.5 7.5 7.5 7.3 7.2 7.2 7.1 7.4 7.7 11.4 6.5 6.5 6.6 6.7 6.8 6.7 6.8 6.8 6.9 6.9 6.9 7 6.9 6.9 6.9 6.9 7 6.7 6.5 6.8 7.2 7.1 7 6.8
54.3 48.1 39.6 31.6 25.2 15.1 14.3 20.6 25 26.4 25 20.6 16.8 14.6 13.1 12.7 12.6 12.6 12.3 10.1 9.8 9.6 9.4 9.4 9.3 9.2 9.1 9.2 9 8.9 8.7 8.6 8.7 8.9 8.9 9.1 9.4 9.6 8.8 9.6 10 9.8 9.6 9.4 9.2 9.3 9.5 9.7 2.7 -4 -4 -1.9 3.3 10.2 9.9 1.2 7.2 8.5 7.3 8.2 8.1 7.7 7.7 7.7 7.6 7.4 7.1 7.1 7.1 7.2 10.9 6.4 6.5 6.5 6.6 6.6 6.7 6.8 6.8 6.9 7 7 7 6.9 6.9 6.9 6.9 7 7 6.6 6.7 7.2 7.1 7 6.9 6.7
49.2 42.7 34.7 28.4 22.4 13.1 14.5 17.4 19.9 17.9 15 14.2 10.4 10.9 9.7 9.8 9 8.9 8.4 10.6 10.8 10.9 9.4 9.4 9.3 9.2 9.3 9.4 9.2 9 8.7 8.5 8.6 8.6 8.5 8.5 8.9 8.4 7.7 8.8 9.9 10 9.8 9.6 9.4 9.5 9.5 9.6 11.5 1.4 -4 -4 1.4 9.9 9.8 9.6 3.3 8.4 8.7 8.2 8.1 7.9 7.9 7.9 7.6 7.4 7.2 7.1 7.1 9.9 11.1 6.5 6.6 6.6 6.6 6.7 6.7 6.7 6.8 6.8 6.9 6.9 6.9 6.8 6.9 6.9 6.9 6.9 6.4 6.6 7.1 7.1 7 6.9 6.8 6.8
43.6 35.5 31.1 27.1 20.8 12.3 13.8 14.4 14.5 14.2 9.9 9.6 9.4 9.3 9.2 9 8.8 8.8 8.9 9.8 9.8 10.1 10.4 10.4 10.1 10 9.5 9.5 9.2 9 8.8 8.5 8.4 8.5 8.6 8.8 9.9 8.4 8 8.7 9.5 10 9.9 9.7 9.5 9.5 9.6 9.6 9.8 11.3 -4 -4 3.7 8.1 9.4 9.1 7.5 10.1 8.6 8.2 8 7.6 7.4 7.5 7.6 7.4 7.2 7.1 9.5 11.2 6.3 6.6 6.7 6.8 6.7 6.8 6.8 6.7 6.7 6.8 6.7 6.7 6.7 6.9 6.9 6.9 7 8.3 7.4 7.3 7.1 7 6.9 6.8 6.7 6.9
37.1 34 29.6 25.3 16 14.8 13.6 12.8 11.1 10.5 9.6 8.9 8.9 8.9 8.9 8.7 8.6 8.6 8.5 9.2 9.6 9.9 10 10.1 10.1 9.8 9.5 9.4 9.2 9 8.8 8.5 8.3 8.5 9 9.1 10.7 9.5 9.7 10.3 10 9.9 9.7 9.7 9.4 9.4 10.9 13.2 9.5 9.9 -4 -4 4.7 6.9 7 6.9 7.9 7.9 9.2 8.7 7.6 7 6.7 7 7.3 7.2 7.1 10.6 10.2 6.7 6.5 6.8 6.9 7 6.8 6.9 6.8 6.7 6.7 6.7 6.7 6.8 6.9 7.1 7.4 7.8 7.1 7.6 7.5 7.3 7.2 7 6.9 6.8 6.7 6.9
33.6 29.8 27.2 23.7 14.4 14.6 12.3 12.2 16.3 15.5 15.1 11.1 8.6 8.6 8.6 8.5 8.5 8.3 8.1 8.5 9.4 9.6 9.7 9.8 9.8 9.6 9.4 9.4 9.2 9 8.8 8.6 8.3 8.2 9.4 10.5 10.4 10.6 10.2 10 9.8 9.6 9.4 9.3 9.2 9.1 9 9.1 9.8 -4 -4 -4 -0.5 7.3 7.1 7 6.8 6.7 6.6 8.4 7 6.4 6.2 6.6 7 8.2 11.8 6.5 6.7 6.6 6.6 6.9 7.1 7.2 7.1 7 6.8 6.8 6.7 6.7 6.8 6.8 7.2 7.3 7.4 7.2 7.3 7.6 7.5 7.3 7.2 7 6.9 6.8 6.7 6.9
28.4 27.7 25.7 22.2 11.7 16.2 15.3 17 16.6 15 15 15.8 15.4 8.4 8.4 8.3 8.2 8.1 8.5 8.9 9.2 9.4 9.4 9.4 9.5 9.5 9.3 9.2 9.1 9.1 8.9 8.7 8.5 8.1 7.9 9.3 10 10.1 10 9.7 9.5 9.3 9.2 9 8.9 8.8 8.8 8.9 9.7 -4 -4 -4 0.9 9.6 7.1 7.1 7.1 7.1 7.3 7.3 6.8 6 6.5 6 12 7.2 6.5 6.3 6.6 6.6 6.6 6.9 7.3 7.4 7.3 7 6.8 6.9 6.9 6.6 6.7 6.9 7.3 7.2 7.2 7 7.1 7.6 7.5 7.5 7.3 7 6.9 6.8 6.7 7
24.1 24 23.3 20.4 11.1 10.7 17 16.6 16.4 16.3 15.5 16 15.8 16 8.2 8.1 8 8.2 8.4 8.6 8.9 9 9 9.1 9.2 9.3 9.2 9.1 9 9 9.1 8.9 8.5 8.2 8.2 8.2 8.8 9.4 9.6 9.4 9.2 9 8.9 8.8 7.2 7.3 8.7 5.8 -4 -4 -4 -4 2.4 7.4 7 7.6 7.4 7.6 7.5 7.3 7.3 6.9 7.2 9.6 6.3 6.3 6.5 6.2 6.6 6.5 6.6 7 7.2 7.4 7.5 7 6.9 7 6.8 7 6.9 7.2 7.1 6.9 6.8 6.8 7 7.2 7.8 7.5 7.1 7 6.8 6.8 6.8 6.9
19.7 20.8 16.9 16.8 10.4 10.8 16.6 16.2 16.1 16.1 15.8 15.1 15 15.7 16 8 8.1 8.4 8.6 8.7 8.8 8.7 8.9 9 9.1 9.1 9 9 8.9 8.9 9 8.7 7.7 8 8.7 9 8.6 9.1 9.2 9.3 8.9 8.7 8.6 5.2 4.5 1.3 -4 -4 -4 -4 -4 0 6 7.1 7.1 7.4 7.6 7.4 7 7.6 7.9 11.6 8.4 7.6 7 6.9 7.1 8.2 7.3 7.1 7 7.2 7.3 7.4 7.6 7.3 7.1 7 6.4 6.4 6.9 6.9 6.9 6.7 6.8 6.8 6.8 7 7.4 7.3 7.1 6.9 6.8 6.9 6.9 7.1
15.8 18.4 16 16.3 10.2 10.3 15.8 16 15.9 15.9 15.4 14.6 14.1 14.9 15.1 14.9 8.2 8.5 8.7 8.6 8.6 8.8 8.9 9 9 8.9 8.8 8.7 8.9 9 9.1 8.5 7.6 7.6 9 9.3 9 8.8 8.8 8.8 4.9 3.9 3.1 0.6 -4 -4 -4 -4 -4 -4 -4 3.7 7.4 6.9 7.1 7.5 7.5 7 6.5 7.8 10.8 7.7 7.8 7.8 7.6 7.4 7.8 8.1 7 6.7 6.8 6.8 6.4 6.3 6.3 6.3 6.4 6.5 6.7 6.5 6.6 6.6 6.7 6.6 6.7 6.8 6.8 6.9 7 7.2 6.9 6.9 6.9 7.1 7 7
12.8 14.8 15.7 15.7 10.2 9.6 14.2 15.9 15.7 15.4 14.8 12.9 13.3 13.7 14.2 14.1 11.7 8.5 8.5 8.5 8.8 9 9 9 8.9 8.8 8.7 8.5 8.7 9 8.9 8.2 7.9 7.7 8.8 8.9 9.1 4.7 4.7 2.5 0.2 1.4 0.9 -1.7 -4 -4 -4 -4 -4 -4 3.7 7.2 6.9 7 7.2 7.5 7.5 7.3 9.5 7.6 7.4 7.7 7.8 7.8 7.8 7.8 8.2 8.4 6.7 6.8 6.8 6.8 6.5 6.4 6.4 6.3 6.4 6.5 6.7 6.8 6.7 6.6 6.6 6.6 6.7 6.8 6.8 6.8 7 6.8 7.1 6.9 7.1 7.2 7.2 7.1
15.5 15.5 16 15.9 12.7 9.9 9.6 12.7 15.4 14.9 14.3 13.4 13.1 13.4 13.5 14 13.8 10.3 8.4 8.7 8.9 9 8.8 8.8 8.8 8.8 8.6 8.4 8.6 8.9 8.7 8.4 8.5 8.5 8.6 8.7 8.2 2.5 -4 -4 -3 -1.5 -1.5 -3.4 -4 -4 -4 -4 0.7 3.6 7.6 7 7.1 7.1 7.3 7.6 9.6 11.8 6.5 6.8 7.4 7.6 7.7 7.7 7.8 7.8 8.4 8.5 6.8 6.8 6.8 6.6 6.5 6.5 6.4 6.4 6.4 6.5 6.6 6.8 6.8 6.8 6.8 6.8 6.8 6.7 6.7 6.8 6.9 6.8 6.6 7.2 7.4 7.3 7.3 7.2
16.1 16 16 16 14.6 10 10 10.2 10.4 11.6 14.1 13.9 13.2 12.9 12.6 13.3 13.7 13.5 8.5 8.8 8.9 8 7.7 8.4 8.8 8.7 8.7 8.6 8.6 8.8 8.8 8.6 8.5 8.6 8.6 8.7 -4 -4 -4 -4 -4 -4 -4 -4 -4 -1.7 0.9 3 8.9 7.6 7 7.1 7.2 7.3 7.5 11.7 8.4 6.8 6.3 6.8 7.3 7.5 7.5 7.5 7.7 7.8 8.3 8.5 6.9 6.7 6.7 6.6 6.6 6.5 6.5 6.4 6.4 6.5 6.6 6.7 6.7 6.7 6.7 6.8 6.9 6.9 6.9 7 7.1 6.7 6.5 6.4 6.4 7.3 7.4 7.1
16 16.1 15.6 15.2 15.5 10 10 10.3 10.6 10.6 10.8 11.2 12.7 13.7 13.6 13.6 12.7 13 11.2 8.8 8.3 7.4 7.5 8.1 8.8 8.7 8.7 8.8 8.8 8.8 8.7 8.5 8.5 8.5 8.5 4.3 -4 -4 -4 -4 -4 -4 -4 0.1 1.4 4.3 9.9 8.7 7.3 7 7.1 7.2 7.3 7.5 12 7.3 7 6.5 5.9 6.7 7.3 7.4 7.4 7.4 7.5 7.8 7.8 7.7 7.5 7.4 6.7 6.7 6.6 6.6 6.6 6.5 6.5 6.5 6.5 6.6 6.6 6.6 6.6 6.7 6.7 6.7 6.7 6.9 6.9 6.7 6.5 6.4 6.4 6.6 5.6 6
9.3 12.5 15 14.5 14.6 10 11.8 10.2 12 14.5 11.9 14 13.6 13.3 13.3 13.4 13.1 13 13.4 8.5 7.6 7.1 7.7 8.3 8.6 8.7 8.7 8.8 8.8 8.9 8.7 8.6 8.5 8.3 8.6 -4 -4 -4 -4 -4 -4 2 4.4 10.8 9.8 7.8 7.2 7.1 7 7 7.1 7.2 7.4 11.3 7.2 7.1 7.1 6.8 6.3 7.1 7.2 7.3 7.2 7.3 7.6 7.9 7.9 7.9 6.3 6.6 6.6 6.6 6.6 6.6 6.6 6.5 6.5 6.5 6.5 6.6 6.6 6.6 6.5 6.5 6.4 6.4 6.4 6.6 6.8 6.7 6.6 6.4 6.4 6.5 6.6 6.6
9.6 10 11.2 12.6 14.8 10 15.6 14.9 14.6 14 12.9 13.5 13.2 13 13 13.2 12.5 12.7 13.1 12.9 7.7 7.3 7.7 8.1 8.1 8.5 8.8 8.9 8.8 8.8 8.8 8.8 8.5 8.2 -4 -4 -4 -4 -4 1.2 5.5 9.4 8.1 8.1 7.7 7.2 7 7.1 7.1 7 7.1 7.3 11.4 7.5 7.6 7.4 7 7 7.5 7.9 7.6 7.4 7.3 7.4 7.8 8 8 8.2 6.3 6.3 6.4 6.5 6.4 6.5 6.4 6.4 6.4 6.5 6.5 6.6 6.6 6.6 6.7 6.6 6.5 6.4 6.3 6.5 6.8 6.7 6.6 6.5 6.3 6.3 6.4 6.4
10 9.8 10.4 9.4 8.2 10 9 14.6 14.2 12.8 12.4 13.1 12.8 12.6 12.7 12.9 12.3 9.1 11.9 7.6 8.5 7.3 7.5 7.5 7.5 8.6 9 9 9 9.1 9.1 9 8.9 8.4 -4 -4 -4 -4 1.5 9.6 8.6 8.1 7.8 7.6 7.2 6.9 7 7.1 7.1 7 7 8.9 6.9 7.2 7.4 7.4 7.3 7.1 8 8.1 7.9 7.7 7.5 7.5 7.9 5.5 5.3 5 6.3 6.3 6.4 6.5 6.6 6.6 6.5 6.4 6.4 6.5 6.5 6.6 6.6 6.7 6.7 6.6 6.5 6.4 6.3 6.4 6.8 6.6 6.5 6.4 6.3 6.4 6.4 6.4
10.5 10.4 10.9 11.4 11.1 10 9.4 8.5 9.2 9.3 9.3 8.8 10.6 12.7 12.6 11.9 9.3 8.4 7.9 11.6 12.5 9 7.5 7.2 7 11.4 11.4 9.4 9.5 9.5 9.4 9.2 8.9 8.5 -4 -4 -4 0.4 6.8 8 8 7.8 7.3 7 6.9 6.9 6.9 7 7.1 7.2 7.3 10.7 6.6 6.7 7.2 7.2 7.1 7.1 8.4 8.3 8.1 7.9 7.8 7.6 7.9 5.5 5.2 5.1 6.3 6.4 6.4 6.6 6.7 6.7 6.8 6.8 6.8 6.8 6.7 6.7 6.7 6.7 6.7 6.6 6.5 6.5 6.4 6.5 6.8 6.6 6.4 6.4 6.3 6.3 6.4 6.4
10.8 10.5 10.2 10.1 11.2 10.1 9.3 9.1 9.3 9.4 9.5 9.4 8.7 8.6 8.3 9.9 8.3 7.8 7.4 7.8 10.3 12.1 10.5 11.1 11.6 11.2 11.4 9.9 9.8 9.8 9.6 9.3 8.8 8.2 -4 -4 -4 3.4 9.3 8.2 7.5 7.4 6.9 6.9 6.9 6.9 6.9 7 7.1 7.3 7.7 11.3 6.4 6.5 6.9 7 6.9 7 8.5 8.3 8.1 8 7.8 7.6 7.8 7.9 8.1 8.2 6.4 6.4 6.5 6.8 6.8 6.8 6.9 7 7 7 7 7 6.9 6.8 6.7 6.7 6.7 6.6 6.6 6.6 6.7 6.5 6.5 6.5 6.4 6.3 6.3 6.3
10.5 10.2 10.3 10.1 10.9 9.9 9.5 9.1 9.2 9.2 9.3 9.2 9 8.9 8.8 8.7 8.7 7.7 7.4 8.2 9.1 11.9 11.3 11.4 11.8 11.3 10.9 13 9.9 9.7 9.6 9.5 9 6.2 -4 -4 -4 4.4 6.6 7.3 7.2 7 7 6.9 6.9 6.9 6.9 6.9 7.1 7.5 7.5 10 6.2 6.4 6.6 6.8 6.9 7.1 8.4 8.3 8.2 8 7.8 7.6 7.7 7.8 8 8.1 6.4 6.5 6.5 6.8 7.1 7 7 7 7 6.9 6.9 7 6.9 6.8 6.7 6.7 6.7 6.7 6.7 6.7 6.8 6.7 6.6 6.6 6.5 6.4 6.3 6.3
13.9 10.2 10.8 10.6 10.8 10.1 9.7 9.4 9.1 9 9 9.5 9.6 9.2 9 9 9.2 9.5 8.5 10.5 10.9 11.9 11.4 11.2 11 16.1 11.1 10.3 9.8 9.6 9.5 9.4 8.9 6.5 -4 -4 -4 3.1 7 6.2 6.5 6.6 6.6 6.6 6.6 6.7 6.8 6.9 6.8 6.6 6.7 9.9 6.7 6.7 6.8 6.8 6.9 7.2 8.1 8.3 8.2 8 7.7 7.5 7.7 7.9 8.1 8.3 6.5 6.5 6.6 6.8 7.2 7.3 7.2 7.1 7 7 6.9 6.9 6.8 6.8 6.7 6.7 6.7 6.7 6.6 6.7 6.8 6.8 6.8 6.7 6.6 6.5 6.4 6.4
13.8 14.1 10.5 10.9 10.4 10.1 9.9 9.7 8.9 9.1 9.2 9.7 10.2 9.7 9.2 9.2 9.3 9.6 9.9 7 10.5 11.8 15.7 17.7 10.7 10.1 9.9 9.3 9.4 9.3 9.2 9.3 9 8.6 -4 -4 -4 1.7 5.9 6 6.2 6.4 6.4 6.3 6.3 6.5 6.7 6.8 6.9 6.9 7.1 10.9 7.1 7 7.1 7 7 7.1 7.6 8 8.2 8 7.7 7.5 7.7 7.9 8.2 8.4 6.6 6.6 6.7 7 7.5 7.3 7.2 7.1 7.1 7 6.9 6.9 6.9 6.8 6.7 6.7 6.7 6.7 6.7 6.7 6.8 6.8 6.9 6.8 6.7 6.6 6.5 6.4
13.7 13 12.2 10.7 10.1 9.9 10 10.1 9.6 9.8 12.3 11.3 10.4 9.9 9.7 9.5 9.4 9.7 9.3 10.1 11.2 18.7 11.2 11.1 10.5 9.9 9.6 8.3 8.5 9.5 9.4 9.3 9.1 8.8 -4 -4 -4 0 4.9 7.2 6 6.3 6.5 6.5 6.4 6.3 6.6 6.6 6.9 7 7 8.6 7.3 7.4 7.3 7.3 7.2 7.1 7.5 7.8 8 7.9 7.7 7.6 7.7 8 8.3 7.9 6.6 7.5 7.2 7 7.3 7.2 7.1 7.1 7 7 6.9 6.8 6.9 6.8 6.7 6.7 6.6 6.7 6.7 6.7 6.8 6.8 6.8 6.9 6.8 6.6 6.5 6.4
13.5 13 12.1 11.4 11.2 10.1 10.4 10.4 11.9 13.1 12.2 11.5 10.7 10.1 10 9.8 9.6 12.2 17.6 16.6 11.3 11.4 11.2 11.1 10.5 10.1 8.5 8.5 8.5 9 9.5 9.4 9.4 9 3.6 -4 -4 -4 2.2 6 4.7 4.7 7.2 7.4 7.5 7.5 7.3 7 7.1 7 7 6.9 8.4 7.6 7.5 7.4 7.1 7.1 7.3 7.6 7.9 7.8 7.6 7.5 7.7 8.1 8.4 7 7.6 7.4 7.1 7 7.1 7.2 7.1 7 7 6.9 6.8 6.9 6.8 6.6 6.7 6.8 6.7 6.6 6.6 6.6 6.7 6.7 6.8 6.9 6.8 6.7 6.6 6.5
13.5 13.3 12.9 13 13.6 12.7 13.3 15.7 14.3 13.7 12.2 12.2 11 10.4 10.7 13.9 17 15.6 14 9.9 11.5 10.8 11 11.3 10.8 10.4 9.7 8.4 8.5 8.5 9.4 9.3 9.2 9.2 8.7 -4 -4 -4 -4 4.4 6.6 4.7 7.2 7.3 7.3 7.2 7.3 7.3 7.2 7.2 7.1 7 9.5 7.1 7.1 7.1 7.1 7.1 7.1 7.4 7.7 7.6 7.5 7.5 7.8 8.2 8.6 7.6 7.3 7.2 7.1 7 7 7.2 7 7 6.9 6.8 6.8 6.7 6.6 6.7 6.8 6.9 6.8 6.7 6.6 6.6 6.5 6.7 6.8 6.9 7 6.8 6.7 6.6
13.4 13.2 13 13 12.8 13.5 10 13.3 13 12.6 13.2 13.1 13.9 14.8 16.2 16.9 18.1 17.7 15.9 8.2 10.9 10.1 10.3 10.9 11.1 10.6 10.1 8.5 8.5 8.5 8.5 9.3 9.3 9.2 9 4.9 -4 -4 -4 0.6 5 6.5 7 7.3 7.1 7 7.3 7.4 7.3 7.3 7.2 7.1 7.4 10.1 7.1 7 7.1 7.1 7.1 7.2 7.5 7.5 7.4 7.6 8.1 8.5 8.8 7.4 7.1 7.1 7.1 7.1 7 7 7 6.9 6.8 6.8 6.7 6.7 6.8 6.9 7 6.9 6.8 6.7 6.5 6.3 6.4 6.6 6.8 6.9 7 6.9 6.7 6.7
13.4 12.6 12.8 12.3 15.9 13.3 5.8 5.7 10 12.2 13.3 13.8 14.6 15.8 16.9 18.7 20.4 21.9 18.8 12.4 10.4 10.1 9.7 10.5 11.2 10.9 10.4 9.8 8.5 8.5 8.5 8.7 8.7 9 9.3 9 -4 -4 -4 -4 1.8 5.1 6.7 7.5 7.3 7.1 7.3 7.5 7.4 7.4 7.3 7.4 7.5 7.6 9.9 6.9 6.9 7.1 6.9 7.1 7.3 7.4 7.5 7.5 7.4 7.4 7.3 7.2 7.2 7.1 7.1 7.1 7 6.9 6.9 6.8 6.8 6.8 6.9 6.9 6.9 7 6.9 6.9 6.8 6.5 6.2 6.5 6.5 6.6 6.7 6.9 7.1 6.9 6.7 6.6
12.2 11.3 11.8 14.7 13.8 6.8 10.1 11.2 5.7 12.7 13.3 14.2 15.5 16.4 18.4 21.9 24.2 24.8 22.4 15 10.8 10.7 9.8 10 10.7 11.3 10.7 10.2 9.4 8.5 8.5 8.5 8.5 8.8 9.1 9.2 8.9 -4 -4 -4 -4 2.4 5.4 7.2 7.3 7.2 7.1 7.3 7.5 7.5 7.4 7.5 7.5 7.5 7.6 9.2 7.6 7.2 7.1 6.9 7.1 7.3 7.4 7.4 7.4 7.4 7.4 7.3 7.2 7.2 7.1 7.1 7 6.9 6.9 6.8 6.9 6.9 6.9 6.9 7 6.9 6.8 6.7 6.6 6.3 6.5 6.7 6.8 6.7 6.8 7 7.1 6.9 6.7 6.5
