webserver/python/data/ST46.asc
ncols 200
nrows 200
xllcorner 340000
yllcorner 160000
cellsize 50
[rows 152 to 189 of 200, columns 0 to 84 of 200]
4.9 5.2 5.2 5.2 5.1 5.1 5 5 4.2 4.3 4.3 4.4 4.4 4.8 5.2 5 4.8 4.3 4.4 4.4 4.5 4.7 4.7 4.6 4.4 4.3 4.3 4.3 4.3 4.2 4.2 4.2 4.2 4.5 4.2 4.3 4.3 4.4 4.5 4.7 4.6 4.6 4.5 4.5 4.8 5 5.1 5 4.8 4.8 4.7 4.6 4.5 4.6 4.6 4.6 4.8 5.3 4.8 4.5 4.3 4.3 4.3 4.4 4.6 4.8 4.9 5 5.1 5.2 5.3 5.4 5.5 5.6 5.4 6.4 7 7.3 7.3 7.2 6.9 6.5 6.3 6.5 6.8
5.2 5.2 5.1 5.1 5 5 4.9 4.1 4.3 4.4 4.4 4.4 4.7 5.1 5.1 4.9 4.3 4.3 4.3 4.4 4.6 4.8 4.7 4.5 4.4 4.3 4.3 4.3 4.3 4.2 4.2 4.2 4.2 4.2 4.2 4.3 4.3 4.4 4.4 4.5 4.7 4.6 4.4 4.5 4.7 4.9 4.9 4.9 4.9 4.8 4.6 4.5 4.5 4.6 4.7 4.6 4.6 5 5 4.8 4.4 4.3 4.3 4.2 4.2 4.4 4.6 4.8 5 5.1 5.2 5.3 5.4 5.5 5.8 6.4 6.4 6.4 6.3 6.2 6.2 6.2 6.3 6.4 6.6
5.1 5 5 4.9 4.9 4.8 4.8 4.3 4.4 4.4 4.5 4.5 5.1 5.1 5.1 5 4.3 4.3 4.3 4.3 4.3 4.3 4.5 4.4 4.4 4.3 4.3 4.3 4.3 4.3 4.2 4.2 4.2 4.2 4.3 4.3 4.3 4.4 4.4 4.5 4.6 4.6 4.3 4.5 4.6 4.7 4.9 4.8 5 4.7 4.5 4.5 4.6 4.6 4.8 4.6 4.5 4.8 5.2 4.8 4.6 4.6 4.3 4.2 4.2 4.2 4.2 4.4 4.6 4.8 5 5.2 5.4 5.5 5.6 5.5 5.4 5.4 5.3 5.7 6.1 6.1 6.2 6.4 6.8
5 4.9 4.9 4.8 4.8 4.7 4.2 4.4 4.4 4.5 4.5 5.1 5 5 5 5 4.3 4.3 4.3 4.3 4.3 4.3 4.4 4.4 4.4 4.4 4.4 4.3 4.3 4.3 4.3 4.3 4.3 4.3 4.3 4.4 4.4 4.5 4.5 4.5 4.6 4.4 4.3 4.3 4.5 4.6 4.8 4.9 4.9 4.6 4.4 4.5 4.6 4.7 4.8 4.6 4.5 4.6 4.9 4.7 4.9 4.6 4.2 4.2 4.2 4.2 4.2 4.1 4.2 4.4 4.6 4.8 5 5 5.3 4.8 4.5 5.5 5.4 5.2 5.3 6.1 6.7 8 9.3
4.9 4.8 4.8 4.7 4.6 4.4 4.3 4.5 4.5 4.5 5 5 5 4.9 4.9 5 4.3 4.3 4.3 4.3 4.3 4.3 4.4 4.4 4.4 4.4 4.4 4.4 4.4 4.3 4.3 4.3 4.3 4.4 4.4 4.4 4.5 4.5 4.5 4.5 4.6 4.3 4.2 4.1 4.4 4.6 4.7 5.1 4.9 4.5 4.5 4.6 4.6 4.8 4.8 4.6 4.5 4.5 4.8 5 4.8 4.8 4.3 4.3 4.2 4.2 4.2 4.1 4.1 4.1 4.2 4.4 4.5 4.4 4.3 4.8 4.4 5 5.1 4.9 5.5 6.9 9.1 10.4 11.7
4.7 4.7 4.6 4.6 4.5 4.2 4.4 4.5 4.6 4.9 5 4.9 4.9 4.9 4.8 4.9 4.3 4.2 4.2 4.3 4.3 4.3 4.4 4.4 4.4 4.4 4.4 4.5 4.4 4.4 4.4 4.4 4.4 4.4 4.4 4.5 4.5 4.5 4.5 4.5 4.6 4.3 4.2 4.2 4.3 4.6 4.9 5.1 4.7 4.4 4.5 4.6 4.7 4.9 4.8 4.7 4.5 4.4 4.7 4.7 4.7 4.9 4.7 4.2 4.2 4.2 4.2 4.1 4.1 4.1 4.1 4.1 4.1 4.2 4.2 4.4 4.3 4.4 4.8 4.7 6.4 8.1 10.3 12.4 14.1
4.6 4.6 4.5 4.5 4 4.3 4.6 4.6 4.7 4.9 4.9 4.9 4.8 4.8 4.8 4.8 4.3 4.2 4.2 4.3 4.3 4.3 4.4 4.4 4.4 4.4 4.4 4.4 4.5 4.5 4.4 4.4 4.4 4.4 4.5 4.5 4.5 4.5 4.5 4.6 4.5 4.3 4.3 4.3 4.3 4.7 5 5 4.6 4.4 4.5 4.6 4.7 5 4.8 4.7 4.5 4.4 4.5 4.7 4.5 4.8 4.9 4.1 4.2 4.2 4.2 4.2 4.1 4.2 4.3 4.4 4.4 4.5 4.4 4.2 4.4 4.4 4.5 6.2 7.7 9.4 11.9 14.4 15.9
4.5 4.4 4.4 4.3 4.2 4.5 4.6 4.6 4.9 4.9 4.8 4.8 4.8 4.7 4.7 4.8 4.2 4.2 4.2 4.2 4.3 4.3 4.3 4.4 4.4 4.4 4.4 4.4 4.4 4.5 4.5 4.4 4.4 4.4 4.5 4.5 4.5 4.5 4.5 4.6 4.4 4.3 4.3 4.3 4.4 4.8 5.1 4.9 4.4 4.5 4.6 4.7 4.9 5 4.8 4.7 4.5 4.4 4.3 4.7 4.6 4.7 4.9 4.3 4.2 4.2 4.2 4.3 4.4 4.5 4.6 4.6 4.7 4.7 4.6 4.4 4.3 4.5 5.2 8.3 10.7 12.6 14.8 16.9 17.5
4.4 4.3 4.3 3.6 4.3 4.6 4.7 4.9 4.8 4.8 4.8 4.7 4.7 4.7 4.6 4.7 4.2 4.2 4.2 4.2 4.3 4.3 4.3 4.3 4.4 4.4 4.4 4.4 4.4 4.4 4.5 4.5 4.5 4.4 4.5 4.5 4.5 4.5 4.5 4.6 4.4 4.3 4.4 4.2 4.5 4.9 4.9 4.6 4.4 4.5 4.6 4.7 5.1 5 4.8 4.7 4.5 4.4 4.2 4.5 4.5 4.5 4.7 4.2 4.3 4.3 4.4 4.5 4.6 4.7 4.9 4.9 5 4.9 4.7 4.4 4.5 5.2 6.5 9.9 13.3 15.6 17.4 17.8 18.4
4.3 4.2 4.2 4.2 4.5 4.7 4.8 4.8 4.8 4.7 4.7 4.7 4.6 4.6 4.6 4.6 4.3 4.2 4.2 4.2 4.3 4.3 4.3 4.3 4.3 4.4 4.4 4.4 4.4 4.4 4.4 4.5 4.5 4.5 4.5 4.5 4.5 4.5 4.5 4.6 4.4 4.4 4.3 4.2 4.6 4.8 4.5 4.4 4.4 4.4 4.6 4.8 5.2 5 4.8 4.7 4.5 4.4 4.2 4.3 4.5 4.1 4.2 4.3 4.3 4.3 4.4 4.5 4.6 4.8 4.9 5 5.1 4.7 4.5 4.8 5.1 5.6 8.3 11.7 15.1 17.1 17.8 18.3 18.5
4.2 4.1 3.7 4.4 4.6 4.8 4.8 4.7 4.7 4.7 4.6 4.6 4.6 4.5 4.5 4.5 4.4 4.2 4.1 4.2 4.4 4.3 4.3 4.3 4.3 4.4 4.4 4.4 4.4 4.4 4.4 4.5 4.5 4.5 4.5 4.5 4.5 4.5 4.5 4.5 4.4 4.4 4.2 4.3 4.7 4.4 4.3 4.4 4.4 4.4 4.6 4.9 5.2 5 4.9 4.7 4.6 4.4 4.3 4.2 4.3 4.1 4.2 4.4 4.3 4.4 4.5 4.6 4.7 4.8 4.9 5.2 5.1 4.6 5 5.3 5.7 6 9.7 13.9 16.2 17.2 18.1 18.2 18.3
4.6 4.6 4.6 4.7 4.8 4.7 4.7 4.7 4.6 4.6 4.6 4.5 4.5 4.5 4.4 4.4 4.4 4.2 4.1 4.1 4.3 4.3 4.3 4.3 4.4 4.4 4.4 4.4 4.4 4.4 4.5 4.5 4.5 4.5 4.5 4.5 4.5 4.5 4.5 4.5 4.5 4.3 4.1 4.4 4.3 4.3 4.5 4.5 4.4 4.4 4.8 5.1 4.7 4.6 4.5 4.5 4.5 4.4 4.3 5 4.6 4.2 4.1 4.3 4.4 4.4 4.5 4.6 4.7 4.8 5.1 5.6 5.3 5.3 5.1 5.5 6 6.6 11.9 15 15.7 16.5 17 17.2 17.6
4.5 4.6 4.7 4.6 4.6 4.7 4.7 4.8 4.6 4.5 4.5 4.5 4.4 4.4 4.3 4.3 4.3 4.2 4.1 4 4.3 4.3 4.3 4.4 4.4 4.4 4.4 4.4 4.4 4.5 4.5 4.5 4.5 4.5 4.5 4.5 4.5 4.5 4.6 4.5 4.4 4.2 4.1 4.2 4.2 4.4 4.5 4.5 4.4 4.5 5 4.8 4.6 4.8 4.9 4.8 4.7 4.5 4.1 4.1 4.5 4.6 4.2 4.2 4.4 4.5 4.5 4.6 4.9 5.2 5.4 6.9 6.2 6.2 6.7 6.2 6.8 7.3 11.4 14.3 14.9 15.6 16 16 16.4
4.6 4.6 4.7 4.4 4.5 4.6 4.6 4.6 4.7 4.8 4.6 4.4 4.4 4.3 4.3 4.2 4.3 4.2 4.1 4.1 4.3 4.5 4.5 4.6 4.4 4.4 4.4 4.4 4.5 4.5 4.5 4.5 4.5 4.5 4.5 4.5 4.5 4.5 4.6 4.5 4.3 4.1 4.1 4.2 4.4 4.6 4.5 4.5 4.5 4.7 4.9 4.6 4.8 4.9 4.9 4.9 4.7 4.3 4.2 4.2 4.2 4.2 4.2 4.2 4.5 4.8 5.1 5.4 5.7 6.4 8.8 10.4 9.8 9 10 6.1 6.6 7 9 12.2 13.9 14.8 14.9 14.9 15.2
4.6 4.6 4.7 4.3 4.4 4.5 4.6 4.5 4.4 4.5 4.6 4.8 4.9 4.4 4.2 4.2 4.2 4.2 4.2 4.5 4.5 4.6 4.7 4.7 4.4 4.4 4.4 4.5 4.5 4.5 4.5 4.5 4.5 4.5 4.5 4.5 4.5 4.5 4.6 4.6 4.6 4.2 4.2 4.3 4.5 4.6 4.6 4.5 4.5 4.8 4.6 4.7 4.8 4.9 4.9 4.9 4.5 4.4 4.4 4.4 4.3 4.3 4.3 4.6 6.3 7.8 6 6.2 6.5 6.9 10.1 12.9 13.7 13.7 13.6 13.3 9.7 6.4 7 8.4 10.1 11.5 12.4 13.5 14
4.6 4.6 4.7 4.5 4.2 4.3 4.5 4.5 4.4 4.3 4.4 4.5 4.6 4.7 4.8 4.7 4.5 4.2 4.3 4.4 4.7 4.8 4.8 4.7 4.6 4.4 4.4 4.5 4.5 4.5 4.5 4.5 4.5 4.5 4.5 4.4 4.5 4.6 4.6 4.7 4.7 4.7 4.4 4.5 4.7 4.6 4.6 4.6 4.5 4.7 4.7 4.8 4.8 4.8 4.7 4.6 4.5 4.5 4.5 4.5 4.5 4.4 4.4 5.4 8.8 10.9 9.3 7.5 7.1 7.2 9.9 12.6 13.9 14.9 15.1 15.2 13.1 11.1 8.4 7.6 8.7 10.9 11.1 10.7 12.9
4.6 4.7 4.7 4.7 4.1 4.2 4.3 4.4 4.4 4.3 4.1 4.2 4.3 4.5 4.9 4.8 4.6 4.2 4.6 4.9 4.7 5 4.9 4.9 4.8 4.4 4.4 4.5 4.5 4.5 4.5 4.6 4.5 4.4 4.4 4.5 4.6 4.6 4.7 4.7 4.7 4.7 4.7 4.7 4.7 4.7 4.6 4.6 4.7 4.7 4.7 4.7 4.6 4.5 4.5 4.5 4.7 4.6 4.6 4.6 4.6 4.6 4.5 7.4 10.9 12.6 11.6 9.5 9 8.9 8.7 10.2 12.7 13.6 14.6 15.6 14.4 12.5 11.5 10.4 10 10.6 10.2 9.9 11
4.5 4.6 4.7 4.8 4.3 4.3 4.2 4.3 4.4 4.3 4.2 4 4.9 4.8 4.7 4.6 4.5 4.3 4.5 5 4.6 4.6 4.5 5 4.9 4.7 4.5 4.5 4.5 4.6 4.6 4.3 4.3 4.4 4.5 4.6 4.6 4.7 4.7 4.7 4.6 4.6 4.6 4.8 4.8 4.7 4.6 4.6 4.6 4.6 4.6 4.6 4.6 4.5 4.5 4.6 4.7 4.8 4.8 4.7 4.7 4.7 5.3 7.6 10.2 12.9 12.7 11.6 11.1 10.1 9.8 11.2 12.2 12.6 13.4 14.4 14.9 13.8 13.1 12.4 11.7 11.7 11.4 11.2 11
4.5 4.6 4.7 4.7 4.6 4.5 4.5 4.5 4.4 4.4 4.9 4.9 4.9 4.9 4.8 4.6 4.4 4.3 4.5 4.6 4.5 4.8 5 5 4.9 4.8 4.6 4.6 4.6 4.3 4.2 4.3 4.4 4.5 4.5 4.6 4.7 4.7 4.8 4.4 4.5 4.6 4.8 4.9 4.9 4.7 5 4.5 4.6 4.6 4.6 4.6 4.6 4.5 4.5 4.6 4.8 4.9 4.9 4.9 4.8 5.1 6.4 7.7 10.4 12.1 12.7 13.3 12.4 11.1 10.8 12.2 12 12.3 12.9 13.5 14.2 14 13.6 12.8 12.5 12.9 12.7 12.4 12.3
4.4 4.5 4.5 4.6 4.2 4.7 4.7 4.7 4.8 4.8 4.9 4.9 4.9 5 5 4.9 4.7 4.6 4.6 5 5 5 4.9 4.9 4.9 4.7 4.4 4.3 4.1 4.2 4.3 4.4 4.4 4.5 4.6 4.7 4.7 4.8 4.3 4.4 4.6 4.8 4.9 5.1 5 4.8 4.3 4.3 4.5 4.6 4.6 4.6 4.6 4.5 4.6 4.7 4.8 5 4.9 4.5 5.6 6.9 8.2 10 11.1 11.6 12.4 13.2 13.3 12.2 11.8 12.4 11.7 12 12.6 13.2 13.8 14.4 13.9 13.2 13.6 14.1 13.9 13.7 13.6
4.4 4.4 4.4 4.6 4.7 4.9 4.9 4.4 4.6 4.7 4.8 4.9 4.9 5 5 5 5 5 5 5 4.9 4.9 4.9 4.9 4.8 4.7 4.5 4.2 4.3 4.4 4.5 4.5 4.6 4.6 4.7 4.8 4.8 4.3 4.4 4.6 4.7 4.9 5 5.2 5.1 4.9 4.3 4.5 4.3 4.5 4.6 4.6 4.6 4.5 4.6 4.8 4.9 5.1 5.2 5.3 7.7 8.9 9 11.4 11.7 11.9 12.5 13.2 13.4 13 12.8 12.1 11.5 11.7 12.3 13 13.7 14.4 14.3 14.3 14.8 15.2 15.1 14.9 15
4.3 4.2 4 4.3 4.6 4.5 4.2 4.3 4.5 4.6 4.7 4.8 4.9 4.9 5 5 5 5 4.9 4.9 4.9 4.9 4.8 4.8 4.8 4.8 4.5 4.2 4.4 4.6 4.7 4.7 4.8 4.9 4.9 5 4.8 4.3 4.6 4.7 4.9 5 5.2 5.3 5.2 4.5 4.5 4.6 4.7 4.5 4.4 4.6 4.6 4.6 4.7 4.8 5 5.2 5.4 6.7 9 10.3 10.9 11.5 12.2 12.4 12.6 13.3 13.4 13.1 12.6 11.9 11.3 11.5 12.2 12.9 13.6 14.4 15 15.5 15.9 16.4 16.3 16.2 16.3
4.2 3.9 3.9 3.9 4 4 4.1 4.2 4.4 4.5 4.6 4.7 4.8 4.9 4.9 5 5 4.9 4.8 4.8 4.8 4.8 4.8 4.7 4.7 4.7 4.6 4.3 4.4 4.7 4.9 5 5 5.1 5.1 5.2 5.2 4.6 4.3 4.4 5 5.2 5.3 5.5 5.3 4.5 4.7 4.8 4.9 4.9 4.7 4.5 4.6 4.6 4.8 5 5.2 5.3 5.5 7.4 9.5 10.9 10.5 10.9 11.6 12.4 13.1 13.3 13.5 13 12.4 12.1 11.8 12.2 12.8 13.6 14.3 15.3 16.2 16.6 17.1 17.5 17.6 17.6 17.7
4 4 4 4 4.1 4.1 4.1 4.1 4.3 4.4 4.6 4.7 4.7 4.8 4.9 4.9 4.9 4.8 4.8 4.7 4.6 4.7 4.7 4.7 4.7 4.6 4.6 4.4 4.5 4.7 5 5.2 5.2 5.3 5.4 5.4 5.8 5 4.4 4.4 4.5 5 5.5 5.6 4.5 4.7 4.8 5 5.1 5.2 5.1 4.9 4.7 4.6 4.8 5 5.1 5.3 5.5 6.9 8.7 9.5 9.7 10.3 11.1 11.8 12.5 13.3 13.8 13.5 13.2 12.9 12.9 13.3 13.8 14.3 15.3 16.6 17.4 17.8 18.2 18.6 18.8 19 19.1
4.1 4.1 4.1 4.1 4.2 4.3 4.1 4.2 4.2 4.3 4.5 4.6 4.7 4.7 4.8 4.8 4.8 4.7 4.7 4.7 4.6 4.5 4.6 4.6 4.6 4.6 4.6 4.4 4.5 4.8 5 5.3 5.5 5.5 5.6 5.4 6.3 5.4 4.6 4.5 4.5 4.5 4.7 5.7 4.7 4.8 5 5.1 5.3 5.4 5.5 5.3 5.1 4.9 4.9 4.9 5.1 5.2 5.7 7.1 8.1 8.7 9 9.7 10.5 11.3 12.4 13.5 14.6 14.2 13.9 13.6 13.9 14.3 14.8 15.4 16.7 18 18.6 19 19.4 20.1 20.3 20.4 20.5
4.3 4.2 4.2 4.2 4.3 4.4 4.2 4.2 4.2 4.3 4.4 4.5 4.6 4.7 4.7 4.7 4.6 4.6 4.6 4.6 4.5 4.5 4.4 4.4 4.5 4.5 4.5 4.5 4.6 4.8 5.1 5.3 5.6 5.7 5.8 6.5 6.7 5.8 5 4.5 4.5 4.6 4.6 4.7 5 5.1 5.2 5.3 5.4 5.6 5.7 5.7 5.5 5.2 5 5.1 5.2 5.2 5.5 6.3 7.1 7.9 8.4 9.3 10.4 11.5 12.6 13.6 14.7 15 14.7 14.7 15 15.4 15.9 16.9 18.5 20.1 20.7 21.4 21.9 22 22.1 22.2 22
4.4 4.3 4.3 4.3 4.4 4.5 4.3 4.2 4.2 4.3 4.4 4.4 4.5 4.6 4.6 4.5 4.5 4.5 4.5 4.5 4.4 4.4 4.3 4.3 4.3 4.4 4.4 4.5 4.6 4.9 5.1 5.4 5.7 5.9 6 7.5 7.1 6.3 5.4 4.6 4.6 4.8 6 4.9 5.3 5.5 5.6 5.7 5.8 5.9 6 6.1 5.8 5.6 5.4 5.2 5.3 5.4 5.6 6.2 6.8 7.4 8 9.3 10.5 11.6 12.7 13.8 14.9 15.7 15.4 15.8 16.1 16.4 16.9 18.5 20.7 22.9 23.7 23.8 23.7 23.8 23.9 24.2 24
4.5 4.4 4.4 4.4 4.5 4.6 4.4 4.2 4.2 4.3 4.4 4.5 4.5 4.5 4.5 4.4 4.4 4.4 4.4 4.3 4.3 4.3 4.3 4.2 4.2 4.2 4.6 4.6 4.6 4.8 5.1 5.4 5.6 5.9 6.4 8.4 7.9 7.5 7 5 4.9 4.9 4.6 5 5.4 5.8 6.1 6.1 6.2 6.3 6.4 6.6 6.5 6.2 5.8 5.5 5.5 5.6 5.7 6.3 6.9 7.4 7.7 8.1 9.5 10.8 12.1 13.4 15 16.2 16.5 16.8 17.1 17.5 18.5 20.7 23.1 25.5 26.2 26.1 26.5 25.7 25.7 26.3 26.1
4.6 4.6 4.5 4.5 4.6 4.7 4.5 4.3 4.3 4.3 4.4 4.5 4.5 4.6 4.6 4.6 4.6 4.6 4.6 4.6 4.2 4.2 4.2 4.1 4.1 4.7 4.7 4.7 4.8 4.9 5.1 5.3 5.6 5.8 6.5 9.1 9.5 9.1 6.9 4.7 5 5.9 4.9 5 5.4 5.9 6.3 6.6 6.7 6.8 6.9 7.1 7.3 6.9 6.5 6.1 5.8 5.8 5.9 6.4 6.9 7.4 7.7 8 8.3 9.6 11.2 13 14.7 16.1 18.1 18.3 18.4 18.5 20.5 22.4 24 25.9 28 28.3 29.4 29.3 28.4 26.7 26.9
4.7 4.7 4.6 4.7 4.7 4.8 4.7 4.4 4.3 4.3 4.4 4.5 4.5 4.6 4.6 4.6 4.6 4.6 4.7 4.7 4.7 4.7 4.7 4.7 4.7 4.8 4.8 4.9 4.9 4.9 5.1 5.3 5.5 5.8 6.5 9.5 10.7 9.1 5.9 5.2 6.4 4.7 5.1 5.1 5.5 5.9 6.3 6.7 7.1 7.3 7.2 7.1 7.3 7.5 7 6.6 6.3 6.3 6.2 6.3 7.1 7.3 7.6 8 8.4 9.3 10.7 12.7 14.5 16.4 18.3 20.3 20.7 21 21.3 22.6 24.3 26.4 28.5 29.5 30.8 32.4 31.8 28.9 31.2
4.8 4.8 4.8 4.8 4.8 4.9 4.8 4.6 4.3 4.3 4.4 4.5 4.5 4.6 4.6 4.6 4.7 4.7 4.7 4.7 4.7 4.7 4.7 4.8 4.9 4.9 5 5 5 5.1 5.2 5.4 5.6 5.8 6.3 8.3 10.3 8.7 6.6 5.4 5.4 4.9 5 5.3 5.6 6 6.4 6.8 7.2 7.2 6.9 6.8 7.4 8.1 7.6 7.2 6.9 6.8 6.8 6.8 7 7.4 7.8 8.3 8.7 9.7 11.4 13 14.6 17 19 21 22.9 22.9 23.1 23.9 25 26.8 29 31 32.6 33.5 33.7 31.7 34.1
5 4.9 4.9 4.9 4.9 5 4.9 4.7 4.5 4.3 4.4 4.5 4.5 4.6 4.6 4.7 4.7 4.7 4.7 4.7 4.7 4.8 4.8 4.9 5 5.1 5.1 5.1 5.2 5.2 5.2 5.4 5.6 5.8 6.7 7.7 8.7 10 7.6 8.8 5.5 5.5 5.6 5.6 5.7 6.1 6.5 6.9 7.3 7.5 7.1 6.8 7.7 8.5 8.5 8.6 7.8 7.8 7.7 7.7 7.8 8.2 8.7 9.1 9.4 10.5 11.9 13.4 15.1 17.6 20 22.2 24.5 24.8 24.7 25.5 26.2 28.4 31.2 33.1 35.1 36.1 36.6 34.4 36.7
5.2 5.1 5 5 5 5.1 5 5 5.2 5.1 4.7 4.4 4.5 4.6 4.6 4.7 4.7 4.7 4.7 4.8 4.8 4.8 4.9 5 5.2 5.3 5.3 5.3 5.3 5.3 5.4 5.5 5.7 5.8 7 8.7 9.4 9.4 8.7 6.8 5.8 5.9 6 5.9 5.9 6.2 6.6 7 7.4 7.7 7.4 7.3 8.5 9.3 10.6 10.5 9.1 8.7 8.7 8.6 8.7 9.1 9.5 9.9 10.2 11.3 12.7 14.2 15.6 17.2 20 22 23.7 24.7 25.3 26.2 27.7 30.6 33.3 35.3 37.2 38.5 39.1 40.2 40.8
5.4 5.2 5.1 5 5 5.1 5.1 5.2 5.2 5.2 5.1 5.1 4.8 4.6 4.6 4.7 4.7 4.8 4.8 4.8 4.8 4.8 5 5.2 5.3 5.5 5.5 5.5 5.5 5.5 5.5 5.5 5.7 6.1 7.3 9 10.5 11.1 10.7 7 6.1 6.3 6.3 6.2 6.2 6.4 6.7 7.1 7.5 7.9 7.6 7.9 9 10.1 12.5 11.7 10.4 9.7 9.6 9.5 9.5 9.9 10.3 10.6 11 12.2 13.6 15 16.3 17.1 18.9 20.9 22.4 23.9 25.2 26.2 28.6 32 34.7 36.9 39.1 40.7 41 42.7 43.2
5.1 5 5.1 5 5 5.1 5.1 5.2 5.1 5.1 5.1 5 5 5 4.9 4.7 4.7 4.8 4.8 4.8 4.8 5 5.1 5.3 5.5 5.6 5.7 5.7 5.7 5.7 5.7 5.7 5.7 6.3 7.6 9.3 11.1 11.7 9.3 8.7 6.6 6.6 6.6 6.5 6.5 6.6 6.9 7.2 7.5 7.9 7.9 8.5 9.6 10.8 12.9 12.4 11.4 10.7 10.6 10.4 10.3 10.7 11 11.4 11.7 13 14.3 15.2 16.1 16.8 17.9 19.7 21.1 22.8 24.7 25 26.7 30.4 34.2 37.3 40.2 42.9 44.4 44.6 45
4.9 4.9 5 4.9 5 5 5.1 5.1 5.1 5.1 5 5 5 5 4.9 4.9 4.9 4.8 4.8 4.8 5 5.1 5.3 5.4 5.6 5.8 6 6.1 6.1 6.2 6.2 6.2 6.6 7.4 9 11.1 12.8 12.8 11.1 8.4 7 6.9 6.9 6.9 6.8 6.8 7.1 7.4 7.7 8 8.1 9 10.2 11.5 12.8 13.2 12.2 12 11.8 11.7 11.5 11.2 11.6 12 12.5 13.3 14.1 15 15.8 16.4 17.1 18.5 19.8 21.5 22.6 23.5 25.1 28 31.5 34.3 38 42.5 44.6 46.1 46.9
4.7 4.9 5 4.9 4.9 5 5.1 5.1 5 5 5 5 4.9 4.9 4.9 4.9 4.9 4.9 4.8 4.9 5.1 5.3 5.4 5.6 5.8 6 6.4 6.8 6.8 6.8 6.8 6.8 7.1 8.3 11.1 12.6 12.8 13.3 10 8 7.3 7.2 7.2 7.2 7.1 7.1 7.3 7.6 7.9 8.2 8.4 9.7 11 12.5 13.9 13.9 13.5 13.2 13 12.8 12.6 12.4 12.2 12.5 12.8 12.9 14 14.8 15.5 16.3 17.4 18.2 18.9 19.8 21.1 22.4 23.7 25.9 28.3 31.4 36.4 41.4 43.8 45.3 46.2
4.7 4.8 5 4.9 4.9 5 5.1 5.1 5 5 5 4.9 4.9 4.9 4.8 4.8 4.8 4.8 4.8 5 5.2 5.4 5.6 5.7 6 6.4 6.7 7.1 7.4 7.4 7.4 7.4 7.5 8.8 10.3 13.5 13.1 12.2 10.4 9.1 8.2 7.5 7.4 7.4 7.4 7.4 7.4 7.7 8 8.4 8.9 11.2 12.7 14.1 15.5 16.4 14.9 15.1 14.6 14.4 14 13.7 13.4 13.2 13 12.4 13.9 15.1 16.1 17.2 18.3 19 20 21.1 22 23 23.9 25.4 27.4 30.8 34.9 39.2 41.5 43.2 44.7
