webserver/python/data/ST70.asc
ncols 200
nrows 200
xllcorner 370000
yllcorner 100000
cellsize 50
[rows 0 to 34 of 200, columns 78 to 155 of 200]
74.7 73.9 73.8 74.4 75 74.4 71.6 68.5 71 76.5 84.6 92.1 93 93.6 93.8 94.3 95.4 94.1 88.9 86.7 88.6 91.4 93.8 97.1 99.8 102.6 102.8 102.2 100.9 99.4 98.1 97 95.2 93 90.8 88.8 87.7 86.5 85.3 83.7 82.5 81.4 80.1 79.6 78.4 77 75.7 75.9 76.4 77.8 78.5 79.8 81.3 82.2 82.1 81.9 83.6 85.9 85.9 85.6 83.1 80.6 79.8 79 77.2 75.5 73.8 71.4 69.7 74.1 78.6 82.8 87.3 88.1 88.1 88.7 89.1 89.2
77.9 77 76.5 77.1 77 76.1 72.2 68.3 70.8 75 81.1 88.2 92.7 93.9 95.2 95.9 95.8 96 95.1 95.5 96.1 96.9 99.9 101.7 102.2 102.8 102.1 101.4 100.7 99.3 97.8 96.2 94.5 92.8 90.7 89 87.8 86.4 84.7 83.2 82.2 80.8 79.2 78.4 77.3 77.4 77.9 78 78.8 79.5 80.4 81.8 83.3 84.1 84 83.8 84.1 86.5 87 84.8 82.1 80.7 80.7 80.3 78.6 76.1 73.4 70.7 69.6 74.4 79.1 82.3 86.7 88.2 87.8 87.3 87.5 87.6
82.5 80.9 79.5 79.1 78.1 76.6 72.7 68.1 70.6 74.3 79.8 86.1 92.1 93.9 95 95.5 95.4 95.7 97.2 101.1 102.6 102.2 102.1 103.2 103.4 102.4 101.4 100.4 99.7 96.9 96.8 95.5 93.8 91.9 90.2 88.8 87.3 85.7 84.2 82.9 81.5 79.9 78.4 78.4 78.5 78.7 79.3 80 80.5 81 82.3 83.9 85.4 86.1 85.6 85.7 85.7 86.8 86.5 84.7 82 80.6 80.8 80.7 78 75.4 72.6 70.3 69.7 74.2 79.3 81.5 84.3 86.7 85.9 85.5 85.8 86.2
86.2 84.9 81.9 80.2 78.8 76.6 73.4 69.1 69.8 73.1 78.8 84.8 91 93.7 94 93.9 93.8 94.6 97.2 101.4 104.2 103.7 103.5 104 103 102 101 100 99.2 98.3 96.9 94.9 93.2 91.5 89.7 88.2 86.8 85.3 84 82.6 80.4 78.7 79 79.2 79.4 80 80.6 81.2 81.9 82.9 84.4 85.9 87.4 88.1 87.6 87.2 87.4 87.2 86 84.6 82.8 81.2 81 80.8 77.8 74.6 72.8 71.1 70.6 73.6 76.7 79.4 82.1 84.7 83.6 82.8 83.5 85
85.2 84.1 82.1 79.6 78.2 76.3 73.5 70.9 69.1 72.5 76.9 83.2 89.7 91.9 92 91.7 91.5 94.6 97.4 100.2 103.4 104.5 104.1 103.3 102.6 101.7 100.6 99.7 98.8 97.8 96.5 94.4 92.7 91.1 89.5 88 86.4 84.9 83.4 82.3 80.4 79.6 79.9 80.1 80.4 80.8 81.7 82.4 83.4 84.8 86.5 88 89.5 90.1 89.7 89.2 88.4 86.9 85.5 84 82.3 80.5 80.4 80.5 77.3 74.4 72.6 71.3 71.8 72 74.1 76.8 79.3 80.9 80.6 80.2 82 84
81.3 80.6 79.9 78.7 77.2 75.4 75.7 73.5 70.2 70.9 75.1 80.7 86.9 91.9 91.2 90.9 91.1 91.4 94.3 97.5 103.3 103.8 103.4 102.6 101.9 101.2 100.3 99.3 98.2 97.1 95.7 93.7 91.8 90.3 88.7 86.9 85.5 84.1 82.7 82.6 82.7 81.7 80.8 81 81.3 81.7 82.3 83.3 85.2 86.4 88.3 90 91.6 91.9 91.2 90.5 88.1 86.4 84.9 83.4 81.9 80 79.1 78.8 76.2 74.3 72.4 72.4 72.8 73.2 72.6 73.7 75.6 76.2 76.2 77.9 80.6 83
77.2 77.3 78.6 78.1 76.6 77.5 77.7 75.5 72.6 70.3 73.9 78.4 83.3 88.6 90.5 90.7 90.9 90.9 91.1 95.7 100.1 101.7 102.4 101.9 101.2 100.5 99.7 98.7 97.6 96.2 94.9 93.1 91 89.9 87.6 86 84.3 82.7 83 84.6 84.9 83.9 82.9 81.9 82.2 82.6 83.2 83.8 86 88.2 89.9 91.7 93.1 92.3 91.6 90 87.7 85.8 84.3 82.9 81.4 79.5 77.7 77.1 74.9 73.9 72.6 73.4 74 74.4 74.1 73.3 72.9 74 74.1 75.6 78.8 82.5
77.1 77.2 77 77.4 77.5 78.4 78.8 77.6 75.5 73.2 72.4 76.7 81.7 86.1 90.2 90.5 90.7 90 88.7 92.5 96.4 99.8 101.4 101.3 100.5 99.8 98.9 98 96.8 95.4 94.1 93.2 91.6 90.6 87.8 85 83.5 84.4 85 86.6 87.1 86.1 85.1 84.1 83.1 83.5 84 84.4 86.5 89.1 91.7 93.9 93.4 92.6 91.7 89.8 87.7 85.7 83.6 82.2 80.9 79 77 75.5 74.3 73.3 73.1 74 74.8 75.7 76.2 75.8 74.5 74.1 74.1 74.1 75.4 78.2
77.4 78.2 78.5 79 79.6 80 79.8 78.4 76.3 74.4 73.4 74.7 78.7 83.1 87.1 87.1 85.9 86.1 87 91.1 95.3 97.6 100.6 100.7 100.2 99.4 98.4 97.5 96.2 94.9 94 93.4 92.8 91.1 88.2 86.3 87.1 88.2 89.3 89.6 89.3 87.9 86.7 85.5 84.3 84.2 84.8 85.9 87.9 90.6 93.1 94.2 93.4 92.5 91 89.4 87.5 85.6 83.6 81.6 80.3 79.4 77.4 75.6 73.7 72.8 73.7 74.6 75.7 76.9 77.7 77.5 76.4 75.4 74.5 74.1 74.2 74.2
80.3 80.3 80.6 80.3 81.1 81.4 80.2 79.2 77.2 75.8 74.5 73.3 75.3 79.6 83.5 83.6 83.6 84.1 86.1 90.4 93.1 95.4 99.4 100.4 99.8 98.9 98 96.9 95.6 94.5 94.1 93.6 93 91 88.4 89 90.1 91.6 93.6 93.9 93.3 91.5 89.7 87.3 84.9 85 86.2 87.4 89.6 91.7 93.6 93.5 92.8 92 90.5 88.5 86.6 84.7 82.9 81 79.8 79 78.1 76.7 74.7 73.2 74.1 75.2 77.1 78.5 79.5 80.5 78.6 77.5 76.7 75.8 74.6 73.4
82 81.9 81.6 81.1 80.8 80.5 80.4 80.1 78.6 77.2 75.9 74.5 73.1 77.2 83 83.3 83.4 84.2 85.3 88.4 90.9 94 98.2 98.9 98.6 98.4 97.6 96.2 94.9 93.8 93.7 93.4 93 91.1 90.8 93.2 95 96.8 97.8 98.2 96.8 94.2 91.6 88.9 85.9 86.7 87.8 88.9 91.2 93.4 93.6 93.4 92.4 91.4 89.7 87.7 85.8 83.9 81.9 80 79 78.3 77 75.8 75.7 74.1 74.7 76.7 78.6 80 81 81.7 81.2 80.1 79 78.1 76.7 75
82.4 82.1 81.8 80.8 80.5 80 80.3 80.5 80.5 79.2 77.8 76.4 74.9 75.6 81.6 83.1 83.2 84 85 86.4 88.7 92.6 96.9 97.3 97.6 97.5 96.5 95.3 93.9 92.9 92.8 92.7 93 91.9 94 96.3 98.7 100.8 101.6 101 98.9 95.4 92.5 90.1 88.3 88.6 89.5 91.1 93 95 94.6 93.9 92.3 90.8 88.5 86.6 84.8 82.9 80.9 79.3 78.2 77.2 75.7 74 74 74.6 76.2 78.1 80.1 81.4 82.4 83.5 84.1 82.9 81.8 80.7 78.4 76.4
80.6 80.2 79.7 79.2 79.3 79.4 79.6 79.5 80.2 80.8 79.7 78.1 76.6 75 80.2 82.7 83.1 83.8 84.2 86.4 87.7 89.5 94.1 97 97.4 97 96.2 94.3 92.9 92 91.8 92 93.6 95 96.9 99.6 101.4 103.1 102.5 101.4 99.8 96.8 93.2 90.7 89.6 90.1 91.7 93.3 95.1 95.3 94.1 93.3 91.7 89.4 87.1 85.1 83.2 81.5 79.7 78.3 77.2 76 74.5 74.8 76.1 76.9 77.7 79.6 82.2 85.2 86.9 87.7 87.6 86 84.9 82.9 79.6 77.5
78.9 78.4 77.7 77.5 78 78.7 78.9 79.3 79.8 80.6 80.7 79.6 78.1 75.9 79.4 80.4 80.1 79.9 83.4 85.4 87.3 89.3 93.8 96.3 96.8 96.4 95.6 94.3 92 90.9 90.3 91.9 92.8 95.4 99.6 101.2 103 103.6 102.5 101.1 99 95.9 93.3 91.2 90.2 92 94 95.2 95.8 94.7 93.3 91.3 88.9 86.6 84.3 82.6 81.1 79.7 77.9 76.3 75.7 75.5 75.2 77.5 79 79.9 80.3 81.1 83.9 86.8 89 90.8 91.7 89.7 88 84.7 81.6 78
77.3 77.3 77.1 76.9 77.4 78 78.3 78.9 79.6 80.7 81.2 80.4 78.3 75.9 76.4 77.6 78.2 78.3 81.5 83.9 85.9 88.9 93.1 95.8 95.8 95.6 95.2 94.2 92.3 90.2 89.4 90.2 92 94.5 99.4 101 101.8 101.7 101.4 99.9 98 95.5 92.9 91.9 91.3 93.1 95.1 95.6 94.9 93.4 90.8 88.7 86.4 83.9 81.8 80.2 78.7 77.3 76.1 76.1 77.2 77.6 77.7 80.2 81.6 81.5 81.4 80.7 84.1 87.3 90.7 93.9 95.2 93.9 91 88.1 84.6 80.7
77.1 77 76.9 76.9 76.8 77.3 77.7 78.6 79.5 80.6 81.1 80.9 80 78.1 78.5 80.2 80.5 80.2 79.2 83.4 84.7 88.3 92.4 95.2 95.3 95.2 94.5 93.7 92.8 91.2 88.9 89.6 91.2 93.3 98.7 100.8 100.6 100.6 100.2 98.5 96.6 95 92.6 92 92.5 94.5 94.3 93.9 93.2 91 88.6 86.1 83.9 81.5 79.6 78 76.7 77.7 77.8 78 78.7 79.3 80.5 83.2 83.8 83.9 83.4 82.9 84.5 87.7 91.2 95.3 95.9 96.1 94.2 89.6 85.2 81.1
76.7 76.7 76.6 76.6 76.7 77.1 77.6 78.2 79.2 80.1 80.1 80.2 80.4 81.8 83 83.7 83.2 82.9 81.7 79.4 82.1 87.1 92.2 95.4 95.4 95.4 94.2 93.3 92.2 89.7 88.3 89.4 90.7 93.1 97.9 100.9 100.9 100.9 99.6 96.9 95.1 93.5 91.8 90.5 92.4 93 92.4 91.7 90.7 88.4 86.1 83.8 81.5 79.6 77.8 77.1 78.4 79.6 79.5 79.3 80 81.3 83.5 86.2 86.7 85.9 85.4 85.1 84.9 88 91.4 95 96.3 96.9 95 89.8 84.7 79.8
76.1 76.4 76.4 76.4 76.7 77.1 77.6 78.1 78.7 79.3 79.5 80.6 81.8 83.5 85 85.7 85.5 84.9 84.2 82.6 80.3 85.6 91.4 96.1 96 95.4 93.5 92.7 90.6 88.2 88.2 89.3 92.1 95.8 99.2 101.1 101.2 100.4 98.3 96.1 93.7 92 89.8 88.3 88.9 89.5 89.2 88.6 87.8 85.6 83.3 81 81 79.3 77.7 79.4 80.4 81.4 81 80.9 82.6 84.1 86.3 89 88.8 87.9 87.4 85.8 86.3 88.6 91.1 94.7 96.3 96.9 93.6 88.4 83 78.5
75.5 75.8 76.1 76.2 76.7 77.1 77.6 78.1 78.6 79.6 80.8 81.8 83.3 84.7 86.2 87.2 87.4 86.3 85.2 84.1 78.5 83.9 89.3 93.5 95.7 93.5 92.1 90.9 89.2 87.2 89.5 91.7 94 97.3 100.6 101.2 100.9 98.9 96.7 94.5 92.1 89.1 87.5 86.2 85.3 85.8 86.1 85.7 84.9 82.8 80.5 80.4 80.6 79.4 79 81.2 82.5 82.8 82.4 83.3 84.8 86.7 88 89.5 91 90.5 88.5 86.2 87.5 89.8 91.9 94.5 96.2 95.4 91.9 86.3 81 79.1
75.7 75.9 76 76.2 76.6 77.1 77.6 78.1 78.7 79.5 81.4 83.1 84.3 85.4 87 88.1 89 86.7 85.7 84.7 81.5 81.3 85.3 89.2 91.3 92.1 90.2 89 87.2 88.3 90.9 93.5 96 99.3 100.9 101.4 99.7 97.5 94.7 92.2 89.8 87.1 85.3 84.1 83.2 82.7 82.9 82.8 82 80 79.8 80 80.3 79.5 80.2 82.6 83.7 84 84 85.5 86.9 88.4 89.9 91.7 93.5 93.3 91.4 89.7 89.3 91.3 92.6 94.2 95.6 93.5 89 84.7 79 79.7
75.9 76.1 76.2 76.2 76.6 77.2 77.9 78.6 79.2 79.4 81.2 83.7 85.9 86.1 87.3 88.7 89.7 88.8 86.4 84.4 82.3 80.5 80.9 83.9 86.4 87.5 85.4 85.8 86.2 88.3 91.9 95.2 97.8 100.9 100.9 100.9 98.7 96.4 93.1 90.5 87.8 85.2 84.5 83.8 83 82.5 82.2 81.8 80.7 79.4 79.3 79.7 79.9 79.6 81.6 84.2 84.7 85 85.6 86.3 88.9 91.1 93.1 94.9 96 96.4 95.4 94.1 92.5 92.2 93.6 93.4 92.7 90.4 86.3 82.1 79.8 80.4
76.1 76.3 76.5 77 77.5 78 78.7 79.4 78.9 79.4 81.2 83.4 85.9 86.8 87.9 89.1 90.5 90.7 89.3 86.2 84.1 82.8 81.1 79.6 81.4 82.9 83.2 84.9 86.5 88.4 91.8 95.4 99 100.7 100.9 99.9 97.5 95.2 91.5 88.9 86.4 85.1 84.3 83.5 82.8 82.4 82.4 82.4 82.4 80 79.7 79.3 79.2 80.6 83.2 85.2 85.4 85.5 85.9 87.9 91.3 94.1 96.2 97.8 98.9 99 98.3 97 94.9 94 92.2 90.5 89.4 87.7 83.9 80.2 79.6 82.7
76.3 77.1 77.7 78.2 78.9 79.3 79.5 79.2 79 79.5 81.6 84 85.7 86.6 87.9 89.6 91.4 91.1 90.4 87.9 86.3 85.2 83.8 82.5 81.6 82.2 84.3 85.5 87 88.7 91.8 95.3 98.4 100.7 100.9 98.5 96.1 93.9 90.1 87.6 86.3 85 84.3 83.6 83 82.1 81.7 81.7 82.5 80.9 79 79.9 80.6 82.1 83.9 85.7 85.9 86 86.3 89.7 93 96.3 99.1 100.4 100.9 101.1 100 98.6 96.6 94.8 91.4 88 86.2 84.5 83.1 81.4 79.7 82.7
77 78 78.7 79.3 80.1 81.8 81.9 81.5 81 81.9 83.5 85.2 85.3 87 88.7 90.4 92.4 92.5 91.7 89.8 88.1 86.4 85 83.9 84.1 84.8 85.3 86.5 88 89.4 91.5 94.6 97.7 100.7 99.5 97 94.3 92.6 89.4 87.3 86 85 84.5 83.9 83.3 82.3 81.2 81 81.3 79.7 80.6 81.9 82.8 84 85.3 86.9 87.3 87.3 87.3 90.8 94.2 97.5 100.5 102.1 102.6 102.6 101.2 99.7 97.7 95.5 92.4 90 88.4 86.8 85.4 82.1 79.9 81.6
78.3 79 79.7 81 83.2 84.6 84.6 84.6 84.7 84 85.9 87 86.3 87.9 89.6 92 95.8 94.9 93.2 91.5 89.9 87.9 85.8 85.4 86.6 87.7 87.9 88.2 90.4 93.4 95.3 96.4 98.5 100.3 97.4 94.9 93.7 92 89.5 87.8 85.9 85 84.7 84.2 83.6 82.5 81.5 80.4 80.3 81 81.7 82.8 83.9 85.1 86.5 88.2 88.8 89.1 88.3 91.5 95 98.6 101.7 103.4 104 104 102.4 100.8 98.7 96.6 94.1 92.2 90.3 88.5 87.3 84.2 79.7 81.3
79.3 80 82.5 85.6 88 89.5 89.5 89.6 89.6 88.7 89.6 88.2 87.4 88.8 91.1 94.4 97.6 96.5 94.4 92.4 90.1 87.7 85.4 87.6 89 90.3 90.9 91.5 94.8 97.9 99.7 100.7 101.1 98.9 96.1 92.8 91.8 91.7 90.9 89.6 87.6 85.4 84.5 84.4 83.8 82.8 81.9 81.5 81.3 81.7 82.3 83.1 84.5 86.4 88.1 89.9 91 90.1 89.9 93 96.9 100.3 103.1 104.9 105.3 105.4 103.7 101.9 99.8 97.5 94.5 92.6 90.7 89 87 86.5 81.1 81.3
80.3 83.6 87.2 90.7 93.4 94.4 94.5 94.6 94.5 94.4 92.9 91 89.2 88.8 91 94.5 97.2 96.9 95 91.9 88.9 86.5 86.9 89.4 91.8 93 94.4 96.6 99.4 102.3 102.4 102.6 101.6 98.9 96.6 93.9 92.1 90.4 90.6 90.6 89 87 84.9 84.2 84.2 83.8 83.4 83 82.6 82.7 83 83.6 85.5 88 90.1 91.8 93.1 92 92 95 98.8 101.4 104.2 105.8 105.9 105.6 104.7 102.7 100.6 98.1 95.1 93 91.1 88.7 86.3 85.5 84.2 80.8
82.7 87 91.1 95.3 98.6 99.4 99.5 99.2 97.5 96.3 94.1 91.3 89.8 89.3 91.3 92.9 94.6 95.7 94.4 91.5 88.5 86.6 88.7 91.1 93.5 95.9 98.4 100.7 103.4 104 104.2 103.9 101.8 99.4 97 94.7 92.5 90.8 90.3 89.7 88 86.2 84.5 84.9 85.8 85.1 84.6 84.1 83.5 83.4 83.7 84.1 86 89 91.8 93.7 94.9 94.7 95.1 98.7 100.6 102.9 105.3 105.2 105.6 105.8 105.5 102.9 100.7 98.5 95.6 93.4 90.9 88.1 85.9 85.2 85.1 81.1
85 89.3 93.5 97.8 102 102.6 101.5 100.8 98.9 96.6 94.6 91.4 89.6 89.7 92 92.8 93 93.2 92.8 91 88.7 87.8 88.8 91.1 94.3 96.3 99.1 102.8 103.4 104.2 104.4 103.6 102.6 99.6 97.1 94.7 93 91.5 90.2 88.7 87 85.2 84.3 86.6 87.8 86.1 84.8 84.3 84 83.8 84.1 84.5 85.7 87.2 90.8 94.1 96.8 98.7 100.1 101.5 102.9 105.4 106.4 105.3 105.4 105.5 104.5 102.4 100.1 98.1 96.4 93.9 90.9 88.4 86.9 85.9 85.5 83.4
87.4 91.6 95.8 100.3 104 103.8 102.4 101.3 100.4 97.8 95.1 92.6 90.4 90.6 92.5 92.7 92.7 92.4 91.5 89.7 89.1 88.5 89 90.8 94.1 96.5 99.4 103.1 103.4 104.1 104.3 103.6 102.2 99.6 97.2 95.1 93.3 90.2 89.1 87.7 86 84.4 85.9 88.7 89 87.9 86 84.6 84.5 84.3 84.3 84.3 84.4 85.5 87.7 93.2 99.9 101 102.2 103.1 105.2 106.3 107.5 106.4 105.4 105.3 103.4 101.4 99.5 97.4 95.8 93.6 91 89.7 88.3 87 86.4 84.6
89.8 94.3 99.4 103.9 105.1 104.7 103.3 102.3 101.1 99.1 95.6 93 91.1 91.5 92.4 92.1 91.8 91.2 90 89.1 89.6 90.6 91.7 91.7 92 94.9 98.9 102.5 103.6 104 104.1 103.5 102.4 100.2 97.9 95.6 93.2 90.1 88.3 87.1 86.1 84.5 86.8 89.4 90.1 89.4 87.8 85.9 85 85.1 85 84.4 84.2 84.3 86.1 92.7 99.1 103.2 104.3 104.9 106.9 108.4 108.6 107.6 106.5 104 102 100.1 98.1 97 95 92.6 90.6 89.8 89.2 88.4 86.8 84.6
92.8 99.2 103.4 105.8 106.2 105.2 104.2 102.6 101.2 99.2 95.7 93.7 92.6 92.9 92.2 91.3 90.9 90.2 90.2 90.8 91.9 93.4 94.9 95.4 93.6 93.7 98.5 101.8 103.2 103.9 103.9 103.3 102.2 100.4 98.2 96 93.9 91.8 89.5 87.2 86.1 86.7 88.4 90.1 91.2 91.2 89.5 88 86.3 86.5 85.9 85.2 84.4 83.3 86.5 90 96.9 103.3 105.4 106.4 108.3 108.7 109.1 108 106.1 102.9 100.5 98.9 97.8 96.6 94.4 92.1 90.1 89.3 88.4 87.4 86.1 84.2
95.1 101.2 105.1 106.5 106.9 106.3 105.1 103.2 101.2 98.9 96.2 95.1 94.5 94.1 93.2 92.4 92.1 92.2 92.2 92.6 94 95.4 96.5 96 95.7 93.4 97.4 101.1 102.5 104 103.8 103.1 102 100.6 98.4 96.3 94 91.7 89.5 87.4 85.7 86.6 88.5 90.8 91.7 92.7 92 90.8 88.3 87.8 86.8 86.1 84.4 84.4 87.6 90.8 94 99.4 104.6 107.1 109.4 109.1 108.8 107 105.7 102.1 99.5 98.4 97.3 96 93.8 91.5 89.3 88.5 87.6 86.5 85.2 83.4
92.2 99 103.8 106.8 107.1 106.5 105.6 103.8 102 100.3 97.9 97 96.2 95.3 94.4 93.3 93.2 93.8 94.2 94.4 95.9 97.5 98.8 98.3 98.3 96.4 95.6 100.3 101.8 103.5 103.2 102.4 101.6 100.3 98.3 96 93.8 91.5 89.3 87.2 86 86.7 89.2 91.8 93.2 94.4 94.8 92.9 90.4 88.7 87.6 86.1 84.5 85.7 88.9 92 94.7 98.8 103.5 107.9 110.3 109.7 108.2 105.8 104 101.3 98.9 97.4 95.9 94.5 92.4 90.4 89.2 88.3 87.2 86.2 85.1 83.1
89.7 95.2 100.3 105.5 106.8 106.3 105.6 104.3 102.7 101.1 99.4 98.2 97 95.9 94.9 94 94.1 94.8 95.8 97.2 99.7 100.7 101.4 101.3 101.1 99.4 97.7 99.8 101.8 102.8 102.6 101.8 100.9 99.8 97.6 95.5 93.6 91.3 89.1 86.9 86.5 87.6 90.2 92.7 94.7 95.8 96 94.6 91.2 88.9 87.2 86.2 85.8 86.9 90 92.6 95.4 99.5 104.1 108.8 110.3 109.3 106.6 104.3 102.3 100.5 98.5 96.9 95.2 94 91.2 89.3 90.8 89.8 88.6 87.3 85.9 85.3
