webserver/python/data/ST79.asc
ncols 200
nrows 200
xllcorner 370000
yllcorner 190000
cellsize 50
[rows 108 to 143 of 200, columns 0 to 80 of 200]
18.4 18.7 18.7 19.2 20.4 32.9 48.4 52.2 52 51.1 49.6 48.2 46.6 43.5 39.8 36.2 35.1 36.7 35.8 35.1 34.1 31.8 30.3 26.6 24.6 25.2 27.2 27.9 28.6 29 29 29 29.7 34.1 38.2 40.8 39.7 39.7 42.9 44.3 44.4 43.9 43.7 43.7 44.7 46.8 49.1 50.1 50.2 50.9 51.6 52.9 54.3 55.7 55.5 56.2 57.4 57.6 57.5 57.2 57.3 58.1 58.5 58.6 58.6 59.4 61.6 64.3 64.5 63.6 60.7 58.3 59.7 61.4 63.7 65.8 65.4 65.1 67.2 70.5 74.4
32.1 31.6 27.6 21.1 18.3 26.7 43.1 52.5 52.6 51.1 49.5 47.4 46 44 40.5 37 34.9 35.1 34.4 34.5 31.7 30.3 28 25.1 24.9 26.1 27.1 27.9 28.8 28.9 29 30.5 30 31.9 34.2 35.3 35.9 39.8 41.7 44.4 43.9 43.4 42.9 43.1 44.4 46.3 47.7 49 48.8 49.4 49.9 50.9 52.4 53.5 53.7 54.6 55.7 56.9 56.2 55.9 55.6 56.5 56.4 56.5 56.9 58 59.8 61.6 62.1 61.1 59.6 56 59.2 60.7 62 62.3 62 62.8 64.7 67.6 70.8
38.5 39 37.2 24.8 18.3 25.7 32.8 47.8 50.4 49.3 50 49.1 45.9 43.7 42.4 39.7 36.2 35.1 35.7 34.4 31.5 29.6 27.7 25.7 24.1 24.9 26 28.1 28.9 27.8 30 30.8 31.6 31.9 33.4 35 38.8 41.5 43.2 43.9 43.4 42.9 42.3 42.7 43.6 44.7 46.1 47.5 47.7 48 48.4 49.1 50.4 51.2 51.2 52.5 53.8 55.3 55.9 55.9 54.5 54.9 55.2 54.6 55.5 56.6 57.6 57.8 58.8 58 56.5 54.2 56.9 59.1 60.2 60.6 59.9 60.5 62.5 64.7 67.6
44.2 44.8 44.4 23.8 18.5 22.3 27.8 37 45 40.2 40 40.3 42.9 45.8 45.9 43.4 38.4 36.4 36.8 35.5 33.1 31.1 29 26.8 24.6 24.1 24.7 27.3 29.7 30.9 32.5 33.1 34 34.6 35.8 38.8 42 44.5 45.1 43.8 42.5 41.5 40.9 41.2 42.5 43.1 44.5 45.9 46.6 46.6 47.1 46.9 47.7 48.7 48.9 50.5 52 53.4 54.4 55.1 55.1 54.9 54.1 54 55 56.1 55.2 54.4 54.5 55.7 55.7 54.4 55.9 57.1 58.3 57.1 56.9 58.8 60.6 62.5 65.1
48.4 50 44.3 22.2 18 20.9 24.8 29 30.8 24.2 19.9 19.5 24.2 36.9 45.7 44.9 37.9 35.5 35.9 34.7 33 30.4 29 27.2 25.2 24.1 24 25.3 27.6 31.9 36 36.2 38.4 40.4 41.1 42.7 45.7 45.8 45.8 44.2 42.8 41.5 40 40.1 41.2 41.5 42.9 44.3 45.5 45.8 44.8 44.7 44.6 45.4 46.6 48.4 49.8 51 52 52.7 54 54.2 53.9 54.3 55.2 55.9 55.6 54.4 54.2 54.5 54.3 53 54 55.2 55.2 54 55.9 57.7 59.5 61 63
52.4 53.8 49.6 21.7 18.1 18.6 20.4 18.7 18.1 18.8 19.3 21 18.7 24.3 32 39 34.4 35.6 35.9 34.2 32.7 30.7 29.3 27.1 25.4 24.1 23.8 23.8 26.3 31.1 37.6 41.3 42.3 45.1 44.9 45.1 45.8 45.9 45.3 44.1 42.4 40.6 39.2 39 39 39.9 41.3 42.7 43.8 43.4 42.9 42.8 44.2 45 45.4 48.4 49.5 49.9 49.6 51.6 52.7 53.8 54.1 54.5 55.1 54.5 55.9 54 52.4 52.3 51.9 51.3 52.3 53.3 53.7 53.8 55.2 56.7 57.5 59.5 61.7
55.2 54.6 54.6 44.7 20.6 18 18.5 19 21 23.4 25.8 26.6 18.1 18.1 18.3 23.3 30 35.7 35.5 33.5 31.6 29.1 28.9 27.4 25.5 24.5 23.8 23.5 25.8 32 39.1 45.9 44.7 46.1 46.6 46.5 45.7 45.8 44 42.3 40.8 39.5 39 39 38.8 39.2 40.1 41.6 43.5 41.6 39.9 40.7 43.4 45.6 47.7 50.1 50.9 50.4 50.2 52.2 53.3 54.2 54.5 54.4 54.1 53.8 53.9 51.6 51.5 51.4 51.1 49.1 50.5 51.3 52.1 52.9 53.9 54.4 56.6 58.7 60.5
57.7 56.6 57.5 54.3 48.5 40 35.1 34.6 36.5 38.2 36.4 34.1 31 21.7 18 18.3 19.1 25.9 32.7 30.8 28.6 26.7 28.1 27.5 25.3 24.9 23.8 23.7 26 32.9 44.9 46.4 45.6 46.2 47.2 47.2 46.5 45.4 44.4 42.6 41.7 40.6 39.4 38.5 38 38.1 39.1 40.5 41.7 40.6 39.1 40 42.5 45.2 47.7 50.3 51.1 50.6 51.6 52.8 53.8 54.7 55.6 54.2 54.2 52.4 51.8 49.8 50.1 50.5 49.4 48.4 49.5 49.7 50.3 52.9 53.6 54 55.9 57.9 59.3
58 57.9 57.5 56.7 53.6 51.7 49.5 47.4 45.4 43.7 41.6 39.2 37.6 33.5 26.9 18.9 18.7 18.2 19.3 24.3 24.1 25.4 26.9 26.2 25.8 25.4 24 24.1 26.1 34.7 45.1 46.2 46 46.7 47.7 47.8 47.3 46.1 44.9 43.2 42.2 41.3 39.9 38.2 37.3 37.1 37.1 39 39.5 39.1 39.1 40.7 43.1 44.7 47.3 49.9 50 51.4 52.4 53.4 54.3 55.2 55.9 55.4 54.5 52.2 49.9 49.1 50 49.4 48.4 47.8 49.3 50.4 50.9 53.5 54.7 54.5 55.7 57.2 58.4
56.9 57.5 56.8 56 54.5 52.9 50.8 48.8 47.2 45.7 43.6 41.7 39.4 37 34 32.3 24.2 19.3 18.3 18.4 21 25.4 25.5 25.1 24.6 24.1 23.5 24 26 31.7 42.9 45.9 45.5 46.3 47.5 47.5 46.9 45.6 44.6 43.9 42.7 41.5 40.2 38.2 36.7 35.2 36.1 36.6 38.2 39 40.7 41.9 44.6 45.9 48.2 50.1 50.9 52.1 53.3 54.2 54.6 54.1 55.8 55.3 55 53.5 51.4 50.5 48.9 48.1 47.2 46.5 48.4 50.3 51.1 52.7 55.6 55.8 55.6 56.2 56.6
55.8 56.1 56.1 55.8 54.4 52.7 51.1 49.1 47 45.8 44.3 42.1 39.5 38.5 36.7 34.6 32.2 27.5 21.7 18.9 18.9 20.7 26.1 25.3 24.4 23.8 22.1 22.7 25.2 31.2 41.7 46 44.3 45.5 46.8 46.7 46.4 45.2 44.5 44 42.7 41.5 40.3 38.3 36.5 35.2 34.3 34.7 37.1 40.3 41.5 43.4 44.3 46.7 49.3 50.4 51.5 52.8 53.9 55.2 54.8 55.4 56.4 57.4 57.5 55.2 54.1 52.4 49.2 47.9 46.8 45.6 46.6 48 49.2 50.4 53.3 54.2 54.8 55.3 54.8
53.4 54.4 55.9 55.2 53.7 52.1 50.4 48.7 46.6 44.7 44.2 41.8 40 38.6 37.1 36.1 33.2 31.2 27.8 20.7 19.3 19.5 21.1 26 24.4 21.6 20.6 20.9 22.9 28.2 36.9 45.4 43.7 44.4 46.2 46.3 46.1 45.6 44.9 44 42.8 41.3 40 38.9 36.9 34.8 34.1 34.7 37.1 39.8 42.6 45 45.7 47.3 49.9 50.5 51.9 53.2 54.5 55.7 56.6 56.9 58.1 59.1 59.1 56.2 55.7 53.9 50.9 48.4 46.3 44.9 45.2 46.2 47.4 48.6 49.4 50.1 51.3 53.1 54.4
50.1 52 53.8 53.9 53.3 51.7 50 48.5 47 45.3 43.6 41.6 39.9 37.8 35.8 34.6 33.1 30.6 27.9 26.7 22.2 19 19.1 19.8 21.5 20.5 19.3 20.6 22.4 25.3 31.4 41.1 44.2 41.4 45.3 45.9 46 45.8 44.9 44 42.8 41.3 39.9 39.3 37.3 34.6 34.1 35.2 37.8 39.6 42.6 45.7 46.7 48.5 50.3 50.9 52.2 53.4 54.3 55.4 56.5 57.6 57.7 58.3 57.3 56.4 55.9 55.4 52.5 49.7 46.9 44.8 44.4 45.6 45.9 46.7 47.3 48.6 50.2 52.1 54.1
46.2 49.3 51.3 51.7 51.8 51.5 50 48.6 47.2 45.6 43.8 41.8 40 38.3 36.3 34.5 32.9 30.6 30.9 29.1 25.7 22.6 19.8 19 19.1 19.5 20.3 20.4 21.6 24.4 29.1 37.9 42.6 38.6 43.1 45.9 46 45.8 45 44.1 42.8 41.9 41.1 39.8 36.3 34.6 34.4 35.3 38 41 43.5 45.9 47.3 48.9 50.9 51 52 52.9 53.7 54.9 56 55.8 56.1 55.6 54.7 54.7 55.2 54.8 52.6 50.8 47.9 45.3 44.4 44.1 46 45.3 46.7 48.1 49.8 51.4 52.9
44.1 45.7 48.9 50.8 51 50.4 49.5 47.9 46.9 45.6 43.9 42 40.1 38.6 37 35.3 31.7 30.9 30.9 27.7 25.3 23.3 19.5 19.3 19.1 19.8 19.6 19.9 20.1 22.6 25.5 29.3 30.8 36.2 42.8 45.9 46 44.9 44.7 43.9 42.6 41.6 40.7 38.2 35.7 34.7 34.7 36 38.9 42.1 44.7 45.9 47.2 48.5 50.1 50.6 51.4 52.2 53.1 54.8 54.8 54.3 54.9 54.6 54.3 54 53.1 52.7 52.2 51.2 48.4 45.8 44.4 44.1 44.2 44.7 46.2 47.6 49.3 51 52.6
44.7 44.5 46.4 49.2 49.9 49.1 48.8 47.3 46.3 45.3 43.9 42.1 40.2 38.9 36.6 34.1 29.6 29.6 28 26 25.5 23.1 21.1 19.2 19.1 20.7 21 19.9 19.4 20.6 23 25.2 30.1 37.9 42.1 43.6 44.7 44.2 43.8 43.6 42.2 40.7 39.2 36.5 34 35 36.4 37.4 39.6 42.5 45.9 45.8 46.9 47.8 48.8 49.4 50.6 51.5 52.6 53.5 53.6 53.5 53.9 53.5 53.1 52.4 51.4 51 50.5 49.4 47.5 45.6 43.9 43.3 44.3 45.5 45.7 47 48.7 50.7 51.4
45.6 44.1 45.2 46.7 48.1 48 47.8 46.7 45.7 45.8 43.6 41.8 39.8 36.5 34.3 33.7 32.5 31.5 30.7 29.1 27.4 24.3 22.5 20.6 19 19 21 21 19.3 19.7 23.2 28.4 32.6 39.4 40.2 41.9 42.7 42.6 42.5 42.2 42 40.5 37.4 33.6 31.4 36.4 38.1 39 39.9 42.5 45.5 45.2 45.7 46.7 47.6 48 49.2 50.4 51.4 52.3 52.8 52.7 52.9 52.3 51.9 50.9 49.9 50 49.9 48.2 46.8 45.2 42.7 40.2 41.9 45.4 45.2 46.3 47.5 48.6 49.7
45.3 46 44.7 45.3 46.2 46.8 46.6 46.2 45.6 45.8 42.5 39.9 36.6 34.2 34.8 35.8 36 33.7 32.1 30.6 29.7 25.5 23.1 21.2 19 19 21 21 21 19.3 20.3 29.5 33.2 37.1 39.2 40.1 40.8 40.9 40.8 41 40.9 39.8 37.2 29.9 34.5 38.6 39.3 39.4 40.3 42.3 44.5 45.2 45.3 45.5 45.8 46.6 47.9 49.2 50.1 50.9 50.9 51.9 51.9 51.2 50.4 49.3 48 47.5 47.3 47.3 46.2 44.7 41.8 39.8 41.1 43.8 43.8 45.1 45.9 46.5 47.5
45 44.4 44.3 44.8 45.7 45.2 45.7 45.5 45.7 44.6 41.6 37.2 34.7 35.7 36 36 35.9 33.9 32.7 31.4 30.5 26.7 23.6 21.7 20.3 19.1 21 21 20.9 20 20.7 24.2 30.1 32.3 36.1 37.9 39.1 39.1 39.2 39.1 39.1 37.8 36.7 29.3 35.5 39.8 40.8 40.5 41.3 42.7 43.8 44.9 45.2 45.2 44.5 45.5 46.8 48 48.9 49.3 49.1 50.5 50.5 49.7 48.4 47 45.7 45 45.9 46 45.5 44.7 42.3 39.5 40.2 40.8 41.7 43.6 44.3 44.5 45.7
45.8 44.8 44.1 44.1 44.1 44.1 45.2 44.9 43.1 41.2 39.6 38.9 40.6 38.2 35.4 35.6 34.1 33.8 32.5 31.3 30.8 26.9 23.9 22.2 20.7 19.6 21 20.8 20.2 20.4 20.7 22.2 24.4 29.3 33.7 35.8 37.4 37.5 36.9 36.6 36.6 36 36.1 29 34.9 39.9 40.5 40.5 41.4 42.7 43.9 44.2 43.2 42.6 43.2 44.8 45.7 46.7 47.3 47.5 47.9 48.5 48.1 47.8 47.1 45.5 44.2 44.2 45.6 46 45.9 45.6 43.1 40 39 39 40.9 43.9 44 44.2 45.9
46.6 45.5 45.4 44.1 44.1 44.1 44.4 44 41.3 39.5 39.8 39.1 39.1 37.1 34.4 34.4 33.4 33 32 31.1 29.9 26.1 23.6 22 20.9 20.1 19.5 20.7 20.5 20.1 20.3 21.5 22.9 24.6 29.4 30.8 35.5 35.6 34.4 33.4 32.2 32.1 30.3 29.1 34.1 39.6 41.3 41.2 42 42.8 44 42.9 40.9 40.2 40.9 42.4 43.9 45.2 45.4 45.7 46.4 46.6 46.2 45.8 45.5 44.3 43.3 43 44.3 45.5 45.8 46 43 39.9 39 40.1 42.7 45.2 45.6 45.2 46.1
48.1 47 46 45 44.1 44.1 45.5 44.2 42.4 40.3 40.9 39.1 38.7 37.2 37.7 39.9 37.2 34.1 33 30.8 28.9 25.6 23.3 21.4 20.4 19.7 19.4 19.9 20.4 20.2 20.2 20.5 21.7 23 24.1 26.8 33.1 34.8 30.2 29 27 26.1 27.6 29.8 35.6 40.3 41.7 41.9 42.7 43.5 44.2 42.4 40.3 39.2 39.2 39.6 41.3 42.6 43.1 43.3 44.2 44.6 44.3 43.9 43.6 43.1 42.1 41.2 42 43 43.8 43.2 40.4 37.2 39.5 41.7 44.6 45.8 45.9 45.5 46.3
50.5 49.4 47.6 46.5 45 44.2 44.4 43.4 41.8 39.8 39.1 38.9 39.9 40.9 43.2 48.4 49.6 48.4 43.6 35.4 28.1 25.3 23.3 21.1 20.4 20 19.7 19.9 20.2 20.4 20.6 20.8 21.4 22.7 23.8 24.4 29.1 29.1 25.1 24.1 24.1 26.4 30.6 35 36.8 40.4 41.7 42.7 43.4 44.2 44.6 43.2 40.8 39.3 39 39.3 39.5 40 40.6 40.4 40.6 41 41.7 41.9 41.6 41.3 41.1 40.5 39.5 40.5 41.8 40.4 37.6 34.1 38.3 41.4 43.9 46 45.8 45.7 46.3
53.9 52 49.7 47.3 47.1 46.6 45.5 43.6 41.4 39.5 39 40.8 46 50.9 55.9 55.3 53.9 54.8 51.2 42.9 34.6 28.7 24.3 22.5 21.2 20.4 20 20.2 20.4 20.4 21 21.2 21.7 22.7 23 23.2 23.9 24.2 24.5 25.4 29.7 30.2 31.2 35.1 37.3 40.2 41.9 43.2 44 44.7 45.3 45.1 43.4 40.3 40.3 39.3 39.2 37 37.2 37.1 37.3 37.4 38 38.7 39.4 39.3 39.4 38.3 37.4 38 39.6 39.5 35.6 35.2 38.4 40.8 44 45.2 46 46 46.1
57.6 55.6 52.7 50.7 50 49.6 48 45.9 43.6 41.1 41.9 48.3 55.5 56 56.7 55.4 55.1 53.5 52.1 47.8 38.7 29.5 24.1 24 22.6 21.7 20.5 20.2 20.2 20.2 21.1 21.5 22.1 22.6 22.7 22.9 23.1 23.4 26.1 30.3 30.8 30.9 33.3 35.2 36 38.6 41.3 42.8 43.3 43.1 44.5 44.6 43.5 40.8 40.7 40.6 38.7 36.3 34.6 34.4 34.6 34.6 34.6 35.5 35.6 36.3 36.3 35.6 34.3 36.3 37.5 36.8 35.1 34.8 38.6 41.6 44.5 46 46 44.2 44.5
61.4 59.5 57.1 54.8 53 51.7 49.5 47.6 45.4 42.8 44 50 54.2 56 56 54.8 54.3 51.3 49.7 46.4 39.7 29 25 25.8 24.8 22.5 21.1 20.3 20.1 20.1 20.8 21.8 22.3 22.5 22.7 23 23.2 23.3 23.7 27.7 30.9 30.7 33.4 35.2 34.6 37.6 39.4 40.8 41.6 41.8 41.8 41.8 41.8 41.1 40.9 40.8 40.4 39 36.9 35.5 34.1 34.3 33 33.8 32.9 33.8 33.8 32.9 33 34.7 35.1 34.2 34.5 36.1 38.3 40.4 41.7 44.1 46 44.4 43.9
67.9 65.1 62.7 60.2 57.7 55.5 52.5 49.6 46.9 44.2 44.1 47.7 53.9 55.4 55 55.9 54.3 51.9 48.4 43.8 36.6 28.7 27.7 29.5 27.5 24.4 22.3 21.3 20.2 21.5 23 22.8 22.3 22.6 22.8 23 23.3 23.2 23.2 24.1 28.3 30.4 31.9 33.5 34.7 36 37.5 38.9 39.6 39.5 39.1 39.3 39.9 40.6 40.9 40.9 40.5 40.2 38.7 36 34.1 34 31.4 31.6 30.4 31.2 31.3 31.6 31.7 31.8 32.6 33.5 34.6 36.3 37.2 38.7 39.3 40.6 42.9 43.1 42.9
76.4 74.3 72.3 69.3 65.8 63.1 58.3 53.7 50.3 46 44.3 49.4 53.1 54 54.8 54.3 53.1 50.6 47.1 41.3 33 28.9 32.7 34.6 32.4 28.3 23.7 23 23.3 23.3 23.1 23 22.4 22.6 22.9 23.1 23.2 23.2 23.1 23.1 25 29.1 30.3 31.3 32.8 34.4 35.8 36.7 37.1 36.4 34.8 34.6 35 36.3 38.2 40.7 40.7 40.8 38.8 36.1 35.6 33.4 30.3 29.9 29 29 29.2 30.6 30 29.5 30.5 31.3 33.7 35.2 36.4 36.9 37.5 37.9 39.3 40.8 40.7
80.6 78.9 77 73.9 72 69.6 64.9 59.3 54.3 49.2 47.4 51.3 55.8 55.9 54.5 53.4 50.8 48.2 40.9 34.3 34.8 37.3 39.6 39.5 36.6 31 25.2 23.7 24.1 23.8 23.1 23 22.6 22.7 22.9 23.2 23.1 23.1 23.1 23 23.1 24 24.1 26.8 31.2 32.6 33.6 35.3 36 35.5 32.5 30.8 30.5 31.4 33 33 36 37.5 37.9 35.7 34.7 30.1 29 28.9 29 29 29 29 29.1 30.1 30.3 30.9 32.3 33.8 35.1 35.7 35.2 35.4 36.5 37.9 39.3
82 80.8 79 77.1 75.1 73.2 70.2 64.2 60.1 53.8 49.1 51.7 55.9 55.9 54 51.4 48.9 41.7 37 37.9 43.3 45.3 45.3 43.3 39.2 32.7 28 25.8 24.5 24.4 23.3 23.1 22.8 22.8 23 23.1 23.1 23 23 23 23.1 23.3 24 24.4 27.2 29.8 30.9 32.3 32.7 32.8 30.5 29 28.7 28.8 28.9 28.7 28.9 28.9 28.9 29.2 29 28.6 28.6 28.8 29.5 29 29.1 29.3 29.2 29.3 29 30 30.8 32.2 34 34.1 34.1 34.1 34.1 35.7 38.1
81.6 80.6 80.9 79.4 77.3 75.6 73.1 69.4 63.7 59.9 54.2 54.4 55.9 55.7 54.2 51.2 50.7 46.6 43.3 43.1 48.9 50 47.9 45.3 39.8 37.8 31.5 29.9 27.2 26.9 24.1 23.1 23 22.9 23 23 23 23 23 23 23.1 23.2 24 24.1 24.6 24.2 26.1 27.9 29.2 29 28.7 27.8 27.5 27.5 27.7 28.2 28.5 28 28 27.9 28 28.2 28.5 29.4 29.6 29.5 30.2 29.6 29.2 29.1 29 29.7 30.1 30.7 32.9 34.1 34.2 34.2 34.8 34.8 36.6
81.1 80.3 80.9 80.4 77.5 75.7 74.2 72.3 70.2 64.5 58.7 54.3 55.7 56.3 54.5 52.9 52.9 51.1 48.7 46.4 50.8 51 48.2 44.7 43.8 39.8 36.6 33.7 29 30.8 24.7 23.6 23 23 23 23 23 23 23 23 23.1 23.1 23.8 24.1 25.3 24.2 24.1 24.9 26.6 26.9 26.7 26.3 26.2 26.6 27.1 27.8 27.9 27.9 27.9 28 28.2 28.5 28.8 29.4 31.6 33.4 33.2 31.9 31.5 30.1 29 29 30.9 29.9 32.5 34.2 34.2 34.3 34.6 34.3 35.1
80.7 79.5 80.6 80.1 77.2 75.2 73.6 71.3 70.6 65.4 61 58.6 60.2 58.4 55.7 54.1 55.3 54 52.7 51.8 52.5 52.4 50.8 49.4 46.4 42.4 41.3 38.1 34.3 32.9 28.1 23.8 23.8 23.1 23 23 23 23 23 23 23.2 23 23.8 24.8 25.8 24.3 24.2 24.1 25.1 25.4 25.4 25.5 25.7 26 26.5 27.4 28.1 27.9 27.9 27.9 28.5 28.8 30.4 34 35.5 35.8 35.4 34.6 34.3 33.5 32.4 31.2 29.7 30.1 33.2 35.9 34.9 34.7 34.2 34.2 34.1
80.6 79.9 79.8 78.4 76.3 74.9 73.2 70.9 69.7 69.2 66.1 62.8 62.3 60.4 58.3 58.1 58.7 58.1 57.2 56 55.8 55.4 54.2 52.2 49.4 44.8 43.5 40.8 37.6 34.7 31.3 24.8 24.1 24.3 23.6 23 23 23 23 23.4 24.1 23.6 23.8 24.2 24.1 24.5 24.3 24.1 25.4 25.3 25.3 25.4 25.5 25.7 26.4 27.3 28.3 28.5 27.9 28.2 28.9 30.6 34.8 36.2 37.5 38.1 37.4 36.6 36.4 35.8 35 34.5 33.2 32.6 34 35.7 34.9 36.4 36.6 35.6 34.1
79 78.4 78.3 77.2 75.8 75 73.9 71.9 72 72.5 71.2 68.9 65.4 63.1 61.6 61.3 61.5 61.8 61.3 59.5 58.4 58 55.9 53.7 50.8 47.2 45.2 42.5 41.3 38.1 32.6 29.1 26.6 24.9 24.8 24.6 23.4 23.6 23.1 23.9 24.8 24.9 24.5 24.5 24.2 24.4 24.1 24.1 24.7 25.2 25.2 25.2 25.4 26 26.7 27.3 28.1 28.8 28.9 29.1 30 34.4 35.8 37.3 39.8 39.9 38.9 38.6 38.6 38.3 38.2 36.4 35.3 34.6 34.6 35.6 35.2 37.2 38.7 36.4 35.1
76.6 76.5 76.5 76.5 76.1 75.5 74.7 73.4 73.6 73.7 73.1 71.4 69 66.5 65.2 64 63.9 65.2 63.5 62.2 60.9 60.3 58.3 55.5 52.8 49.6 46.8 44.3 43.2 41.5 33.7 29.6 27.3 27.1 28 25.5 24.5 25.1 25.4 24.2 25.2 26.2 25.7 26.1 26.3 25.5 24.1 24.8 25.5 25.5 25.6 25.8 25.9 26.3 27 27.7 28.3 29 29.1 31.3 34.3 35.1 36.4 38.2 40.6 40.9 40.1 39.5 40 39.9 39.2 36.6 35 34.5 34.3 34.1 35.9 38 39 37.1 36.8
