webserver/python/data/ST91.asc
ncols 200
nrows 200
xllcorner 390000
yllcorner 110000
cellsize 50
[rows 111 to 147 of 200, columns 0 to 81 of 200]
144.3 143.2 142.4 141.7 140.8 140.2 140.3 140.3 140.3 140.4 140.2 140 139.1 136.6 135 131.1 127.3 122.7 116.9 108.9 100.3 93.3 94 101.4 107.1 110.7 113 113.5 112.8 109.4 103.7 98.1 103.1 114.6 121.8 125.8 126.7 127.4 126.8 126.7 126.4 124.8 123.1 121.1 119.2 117.1 114.8 111.6 107.1 103.8 100.9 98.7 99 104.7 110.3 113.6 115.8 117.9 119.2 120.3 121.2 121.8 121.9 121 119.8 118.3 116.7 114.1 111.4 108.5 106.3 104.7 103.1 102 101.7 100.8 99.8 98 96.8 95.7 94.9 94.2
135.9 135.5 135.2 133.5 132.6 132.8 133.3 133.6 134.9 135.6 136.4 136.8 136.2 135.3 133.8 132.3 129.1 125.5 121.2 116 109.8 100 92 92.9 99.4 103.8 106.8 109.7 108.4 103.6 97.4 98.9 111.6 119.5 124.3 125.5 126.3 126.7 126.3 125.4 125 123.3 121.1 118.9 116.7 115 112.4 108.7 104.9 100.8 97.3 98.8 105.7 109.6 112.7 115.2 117.1 118.4 119.6 121 121.7 122.3 122.3 121.6 120.3 118.8 116.5 114.4 111.6 108.8 106.5 105.8 105.1 104.4 103.6 102.8 101.7 99.6 98.3 97 96.2 95.5
140.9 137.8 135.5 132.9 130.1 126.7 123.8 123.5 126.1 128.8 130.3 131.6 132 131.9 132.2 130.3 128.5 126.2 122.7 118.6 115.2 108.9 100.3 92.2 91.8 95.5 100.4 104.5 103.8 98.2 94.8 106.8 116 121.2 123.8 125.2 126 125.9 125.7 124.8 123.4 121.3 119.2 117.1 114.9 111.8 109.1 105.9 101.6 96.9 96.5 105 109 111.8 114 115.9 117.4 118.8 120.1 121.2 122 122.8 122.6 122 120.7 118.7 116.1 114.1 111 109.8 109.1 108.3 107.5 106.8 105.8 104.6 103.5 101.4 99.7 98.4 97.6 97
145.7 144 142 140.1 137.6 134.4 130.6 127.3 123.6 118.4 121.7 125.5 126.6 127.3 127.1 127 125.8 123.6 121.3 117.8 114.5 109.8 105 97.9 91.3 89.9 90.9 97.7 98.6 93.1 100.6 112.3 117.2 120.8 122.9 123.8 124.7 124.7 124.4 123.5 122.2 120.3 118.1 115.6 112.3 108.7 105.6 102.9 98.1 95.5 102.3 107.7 110.9 113.2 114.5 115.9 117.2 118.5 119.7 121.4 122.2 122.8 122.5 121.9 120.8 118.5 115.8 113.9 112.7 112.6 111.8 110.9 110.1 109.3 107.9 106.3 105.3 103.2 101.4 100.3 99.7 99.2
149.7 147.9 146.2 144.2 142 139 136 133 129.9 123.2 118.7 114.6 116.2 118.7 120.4 121 120.7 119.1 117 113.5 108.8 103.9 99.5 94.8 95.5 93.4 89.9 90.2 92.5 96.2 106.2 111.6 115.3 118.4 120.7 122.1 123.5 123.3 122.9 122.3 120.8 119.2 116.3 113 109.7 105.8 102.3 99.1 94.5 98 106.2 109.2 111.6 112.8 114.1 115.3 116.5 117.5 119.1 121 122.4 122.7 122.2 121.6 121 118.9 117.3 116.4 115.5 115.3 114.3 113.4 112.5 111.6 110.2 108.4 106.6 105.4 103.9 103.1 102.5 101.8
153.2 151.5 149.5 147.7 145.7 143.2 140.5 137.2 132.4 129.2 126.2 121.9 116.8 112.8 109.7 110.8 111 110.2 108 105.4 100.6 99.7 102.5 105.6 109.6 104.1 93.5 88.5 90.7 97.2 103.5 107.6 111.6 115.2 118.4 120.5 121.8 121.9 121.6 120.9 119.4 117.9 114.6 111.4 108.2 104.3 99.5 95 94.9 103.6 108.1 109.8 111.2 112.3 113 113.8 115.5 116.6 118.5 120.4 122.1 122.5 122.7 122.2 121.5 120.2 118.8 118.1 117.7 117.3 116.5 115.6 114.7 113.9 112.3 110.5 108.6 107.7 106.6 105.7 105.1 104.5
155.3 154 152 150 148 146 144 140.4 137.3 135.1 132.7 129.6 125.2 120.9 116 113 109.7 107.4 106.8 108.4 109.3 113.4 118.3 120 118.3 111.9 101.8 89.6 90.6 92.8 96.5 100 105.2 110.5 114.9 117.7 120.3 120.5 120.2 119.7 118.1 116.5 113.1 109.8 106.4 101.2 95.8 92.7 99.5 106 107.3 109.1 109.8 110.2 110.9 112.1 113.6 116.3 118.3 120.2 121.8 122.1 122.3 122.4 122 120.9 120.5 119.9 119.5 119 118.3 117.7 116.8 115.5 114.2 112.7 110.9 110.1 109.4 108.3 107.7 107
155.6 154.5 153.4 151.9 150.3 148.4 146.5 143.4 142 140.1 138.3 135.4 133.4 129.1 125.8 123.7 120.5 119.6 122 122.5 124.1 125.6 126 125.2 122.8 119 111.3 99.1 89.1 88.4 90.3 93.4 97.6 104.2 110.1 114.6 117.8 118.9 118.7 118.4 116.9 115.3 111.8 108.3 103.6 98.1 93.2 94.2 103.1 105.7 106.7 107.4 108.1 108.4 109.3 111 113.8 116 118.1 120.3 121.7 122.2 122.4 122.5 122.2 121.8 121.5 121.1 120.6 120.2 119.6 119.2 118.5 117.2 115.9 114.9 113.2 112.4 111.7 111 110.3 109.4
155.9 154.9 153.9 152.7 151.2 149.8 148.7 146.9 145.1 143.6 142.3 140.6 138.8 136.7 135.1 133.5 132.1 131 130.1 130.3 130 129.4 128.4 127.2 124.8 121.7 117 110.9 101.8 91.5 87.8 88.5 91.3 97.7 105.2 110.5 114.9 116.8 117.7 116.9 115.7 113.8 110.4 106.4 100.7 94.7 91.5 98.3 102.4 104.1 104.5 105.1 105.7 107.8 110.1 112.1 114.4 117 118.8 120.9 121.7 122.3 122.6 122.8 122.3 121.9 121.6 121.4 121.3 121 120.8 120.4 119.7 118.9 117.6 116.8 115.4 114.7 114.1 113 112.2 111.5
156.3 155.3 154.3 153.2 152 150.6 149.3 148.3 146.9 145.1 144 142.8 141.4 139.6 138.3 137 135.4 134.5 133.7 133.1 131.6 130.9 129.2 127.2 124.7 122 118.4 114.4 109.6 101.5 93.9 87.9 86.6 90.8 100.9 107 111.6 114.3 115.4 115.3 114.1 112.3 109 104.3 98.4 92.5 92 96.7 98.6 100.7 102.7 105.2 107.5 109.8 112.1 113.7 116 118.2 119.7 120.8 121.6 122.4 122.6 122.5 122 121.6 121.4 121.4 120.9 121.1 120.8 120.5 120.1 119.6 119.1 118.5 117.7 116.6 115.5 114.5 113.3 112.1
156.6 155.4 154.3 153.1 152.1 150.8 149.7 148.6 147.3 145.5 143.5 142.5 141.4 140.4 138.8 137.1 136 135.5 134.4 133 131.5 130 127.9 125.6 123.4 120.7 117.2 113.9 109.7 104.9 99.8 93 87.2 86.8 94 104.2 108.2 111.4 113.2 113.2 112.6 110.6 107.1 102.6 96.7 90.6 90.3 95.8 100.6 103 105.4 107.3 109.5 111.8 114.1 115.4 117.6 118.8 119.9 120.7 121.5 121.8 121.7 121.6 121.6 121.3 120.6 120 120 120.2 120.5 120.2 119.8 119.5 119.3 119.1 118.5 117.4 116.2 114.8 113.7 111.9
156.2 155 153.9 152.7 151.8 150.8 149.3 148 146.3 144 142.5 141.2 140.5 139.4 138.2 136.9 135.5 134 132.4 131 129.3 127.3 125.3 122.7 120.4 117.6 114.3 111.1 105.7 101.3 95.9 91.2 88 85.2 89.4 97.3 104.2 108.8 110.6 111.4 110.5 108.8 105.7 100.5 94.8 89.6 91.7 98.4 102.6 104.9 107 109.1 111.4 113.7 115.7 117.1 118.3 119.1 119.9 120.6 120.6 120.5 120.4 120.2 119.9 119.7 119.2 118.7 119 119.2 119.6 120.1 119.9 119.7 119.5 119.3 118.8 117.5 116.2 114.9 113.1 111.2
155.3 154.7 153.5 152.4 151.4 150.3 148.7 147.3 145.3 142.9 140.9 139.3 138.8 137.4 136.3 134.7 133 131.6 129.7 128 126.4 124.2 121.1 118.2 116.2 114.2 108.1 104.9 100.1 97.5 97 96.3 92.6 86.8 85.7 91.5 100.2 105.7 108.4 109.4 108.3 107 103.3 98.4 92.2 88.6 94.2 100.7 103.9 106.1 108.3 110.5 112.7 114.7 116.3 117.4 117.7 118.3 118.6 118.7 118.2 118.5 118.5 118.2 118 117.7 117.3 117.5 117.7 118 118.7 119.5 119.8 119.6 119.5 119.3 118.3 117.1 115.9 114.2 112.4 109.7
154.2 153.7 153.1 152.1 150.9 149.8 148.1 146.6 144.3 142 138.7 137 135.2 134 132.1 130.7 128.9 126.5 125.2 122.9 121.3 118.5 115.9 112.8 109 106.1 103.7 102.9 104.1 106.9 106.7 103.1 97.7 90.9 85 87.6 93.6 102 105.7 107.7 106.4 104.9 101 95.3 89.4 89.3 97.7 102.1 105.1 107.3 109.5 111.4 113.2 115.2 116.1 116.6 116.6 117 116.8 116.7 115.9 115.6 115.8 115.4 115.1 114.7 114.6 115.1 115.2 116 117.9 118.9 119.6 119.4 119.1 118.4 117.6 116.5 114.8 113.1 110.5 107.4
153.1 152.5 152.1 151.6 150.5 149.4 147.6 145.9 143.6 141.4 138.2 135.4 132.5 129.8 128.1 126.3 123.6 122.3 120.2 119.1 116.4 114.2 112.5 111.6 111.1 112.1 113 114.1 115.5 114.9 112.7 107.9 101.3 93.6 87.2 84.2 87.1 96.4 102.3 104.3 104.6 102.9 97.9 92.4 87 92.1 100.1 103.7 106.3 108.4 110.2 111.9 113.3 114.9 115.7 115.5 115.4 115.4 115.2 114.8 114.1 113.1 112.8 112.5 112.2 111.9 112 112.7 113.2 115.1 117 118.5 119.1 119 118.3 117.6 116.9 115.5 113.4 111.3 108.2 105.1
151.6 151.4 151.2 150.8 150 148.9 146.2 145.8 144.3 141.8 139.4 137.3 135 132.2 131.4 130.5 129.8 128.4 127 124.9 123.5 122.8 121.7 121.1 120.5 121.4 121 120.7 119.9 118.8 115.9 111.1 105.2 97.3 90.2 85.1 85.1 89 96.7 100.3 101 99.8 94.4 88.8 87.1 95.7 101.3 104.9 107.2 108.6 110.1 111.3 112.6 113.9 114.7 114.4 114 113.2 112.4 111.7 110.6 109.9 109.4 109.6 109.3 109.3 109.5 111.3 113.3 115.5 117.4 118.3 118.8 118.5 117.9 117.2 116.2 113.9 111.3 108.8 106 102.9
150.6 150.5 150.3 149.9 149.5 148.5 143.5 146.4 144.5 142.8 141 138.9 137.5 136 134.6 133.1 133.4 132.6 131.9 130.8 129.1 128 127.3 126.5 124.9 125.5 124.8 123.2 122.4 120.9 117.9 113.9 108.6 102 94.9 87.5 83.9 84.2 89.9 94.8 97.3 96.2 92.1 87.5 90.4 97.9 102.4 104.7 106.5 108 109.4 110.7 111.9 113 112.8 112.4 111.2 110.4 108.9 108.1 107.5 106.5 106 106 106.5 107.1 109.9 112.3 114.1 116.1 117.2 118.1 118.1 117.8 117.5 116.7 115.4 112.9 110 106.7 103.6 100.8
148.4 149.4 149.3 148.9 148.5 148 145.1 142.8 144.6 142.9 141.5 140 139 137.7 136.3 134.8 135.6 134.7 133.6 132.6 131.5 130.5 129.1 128.6 127.9 127 126.2 125 123.5 121.5 118.9 115.7 111.3 106.4 100.4 93.3 86.3 83 85.1 89.5 92.3 91.6 88.2 85.6 92.9 99.5 102.1 104 105.6 107.2 108.6 109.9 111.1 111.6 111 110 108.4 106.9 105.6 104.9 103.9 103.2 102.5 102.7 106.5 108.6 110.9 113.3 114.9 115.9 117 117.7 117.4 117.2 116.9 115.9 114.5 111.4 108.1 105 101.9 98.7
146.5 147.8 148.4 148 147.6 147.2 146.5 145.3 144.7 143.1 141.7 140.3 139.3 138.6 137.9 136.7 135.9 134.8 133.9 132.9 131.9 130.2 128.1 127.5 127.3 126.8 125.9 124.5 122.9 120.9 118.5 115.7 112.5 108.6 103.6 99 91.2 85.1 82.8 84.7 86.6 86.6 84.6 86.4 95.1 98.8 100.8 102.7 104.2 105.7 107.1 108.4 109.3 109.6 108.7 107.6 105.2 103.5 102.5 101.7 100.9 99.8 100.3 104 107 109.6 111.7 113.7 115.4 116.4 116.8 117.2 116.9 116.6 116.1 115.4 113.7 110.8 107.7 104.6 101.3 97.8
145.4 147 147 147 146.6 146.3 145.8 145 144.2 143.3 142 140.6 139.4 138.7 138.1 137 136 134.9 133.7 132.4 131.2 129.1 127.1 125.7 125.9 126 125 123.2 121.7 119.9 117.3 114.5 111.6 108.1 104.3 99.9 95.3 88.3 83.3 82.1 83.5 83.7 82.9 86.7 93.9 96.9 98.8 100.7 102.5 103.9 105.4 106.8 107.5 107.5 106.9 105.6 102.8 101 99.6 98.8 98 98.3 101.1 104.9 107.7 109.8 111.9 113.8 115.4 115.9 116.2 116.6 116.3 115.8 115.3 114.3 112.8 110.4 107.3 104.1 100.7 97.1
144.5 145.6 145.7 145.8 145.7 145.4 144.9 144.1 143.2 142.4 141.7 140.9 139.6 138.8 137.7 136.6 135.1 133.7 132.3 131.1 129.9 128 126.1 124.1 124.1 124.3 122.7 121 119 116.5 113.9 111.5 108.4 105.2 101.1 98 93.8 88.2 85.9 84.1 82 81.4 83.1 86 90.3 94.2 96.5 98.4 100.4 101.9 103.4 104.9 105.5 105.4 104.8 103.1 100.9 98.7 96.7 95.9 96.1 98.8 102.2 105.4 108 110.1 111.8 113.7 115.1 115.5 115.5 115.5 115.2 114.9 114.2 113.1 111.7 110 106.9 103.6 100 96.5
143.7 144.5 144.4 144.1 143.8 143.6 143.3 143.1 142.2 141.4 140.7 140 139.4 137.7 136.4 135.2 133.7 132.1 130.4 128.9 127.5 126.2 124.9 123.1 122.3 121.2 119.3 117.8 115.5 113 110.4 106.7 102.9 99.9 96.5 93.9 91.5 93.2 93.4 91 86 82.4 81.7 83.1 86.7 90 93.7 95.9 98.2 99.9 101.3 102.8 103.3 102.9 101.9 100.8 99 96.5 94.4 94.3 95.9 99.5 102.8 105.9 108.1 110.3 112.1 113.6 114.8 114.3 114.3 114.2 113.9 113.3 112.6 112 110.6 109.6 107.2 103.8 100.6 97.8
142.6 143 142.7 142.3 142 141.8 141.5 141.4 141.2 140.5 139.9 139.5 139 136.9 134.8 133.5 131.8 130.1 127.9 126.5 125 123.5 122.3 120.8 118.9 116.8 114.3 112.2 110.5 107.6 103.7 100.9 99.2 97 97 98.1 98.4 100.7 100.4 98 93.1 86.1 81 81.6 82.5 86.1 90.1 92.8 95.6 97.7 99.2 100.6 101 100.2 99.7 98.2 96.6 95.1 93.1 93.5 96.6 100 103.3 106.1 108.3 110.5 112.3 113.3 113.8 113.3 113 113 112.6 111 110.4 110.3 109.8 109 107.5 105.2 103.2 101.5
141.8 141.6 141.2 140.7 139.4 139.4 139.3 139.4 139.7 140 139.5 139.1 138.6 136.5 134.4 131.4 129.8 127.8 125.4 124 122 120.1 118 115.9 113.7 112.3 110.3 107.6 106.3 104.8 104.2 104.1 104.2 104.3 104.7 104.8 104.8 104 102.5 100.9 98.2 93.6 86 81.7 80.5 82.6 86.3 90.3 93 95.5 97 97.9 98.5 98.1 97.5 95.7 93.9 92.5 91.6 94.5 97.7 100.9 104.2 106.4 108.6 110.7 111.8 112.5 112.6 112.3 111.8 111.7 110.4 108.7 108.3 108.7 109.2 108.6 108 106.4 105.2 104.1
140.5 140.2 140 139 137.4 136.4 136.7 137.4 138.2 138.9 139 138.7 138.2 136.1 134.5 131.7 128.8 126.4 124.2 123.7 121.9 119.6 117.8 116.9 115.4 115 113.6 113.2 112.6 112 111.3 110.1 110.1 109.2 108.3 107.2 106.3 104.7 102.4 100.7 98.2 95.2 90.5 84.3 81.4 79.7 82.4 86.7 90.4 92.9 94.3 96 96.2 95.7 95 93.4 91.6 90.2 93.3 96.6 99.4 102.3 104.7 106.8 108.9 109.8 110.8 111.5 111.2 110.9 110.7 110 108.4 106.6 106 107.9 108.5 107.9 107.3 107 105.9 104.6
139.2 138.9 138.7 137.3 135.7 134.1 133.4 134.5 136.5 137.7 137.8 138 137.8 136.2 134.6 132 130.2 128.4 126.7 126.3 124.5 122.6 121.6 121 120.2 119 118.3 117.7 116.2 115.1 114 113.2 111.5 110.1 108.2 106.8 104.5 102.7 101 98.6 96.2 93.1 88.8 84.1 81.8 80 80.1 83 87.4 90.2 92 93.3 93.6 93.3 92.4 91 89 91.4 95.4 98.6 101.4 103.1 105 106.8 107.8 108.7 109.7 110.1 109.8 109.5 109.1 108.7 107.2 104.9 104.6 106.7 107.8 107.2 107 106.7 106 104.9
137.7 137.5 137.2 135.4 133.7 131.8 130.5 132.6 134.6 136.9 137.4 137.5 137.7 136.9 135.4 133.9 132.8 131.1 129.4 128.6 126.8 125.1 123.9 123 122.2 121.2 120.2 118.5 117.1 115.4 114.2 112.9 111.1 109.2 107.6 105.2 102.8 99.1 96 93.3 92 89 87.6 86.2 84 81.5 79.3 80.2 83 87.4 89.7 90.8 91 90.8 90 87.9 88.8 93.9 97.7 99.8 101.5 103.2 104.5 105.7 106.6 107.6 108.4 108.8 108.4 108 107.6 107.3 105.4 103 103.1 105.3 107 106.7 106.8 106.3 105.7 105.1
136.6 135.8 135 133.5 131.4 128.9 128 131.2 133.8 136.3 137.3 137.9 138 137.8 136.8 135.7 134.7 133.6 132.2 130.6 128.9 127.2 125.6 124.2 123.3 121.9 120.3 118.5 116.6 114.8 113.3 111.6 109.2 106.4 103.6 100.3 98.1 97.1 96.6 95.2 95.1 94.6 93.3 92.2 89.9 84.1 80.1 79.3 79.9 84 86.6 88.2 88.5 88 86 87.4 91 95.4 98.7 100.2 101.4 102.6 103.6 104.5 105.3 106.2 107 107.4 107.2 106.8 106.5 105.3 103.5 101.7 101.4 104.1 105.9 106.1 106 106.1 105.6 105
135.2 134.5 132.5 130.6 128.2 126 127.6 131.6 133.4 135.7 136.8 137.5 138.2 138.6 137.9 137.4 136.3 135.3 134.3 132.5 130.7 128.9 127.2 125.4 122.9 120.8 119.1 117.2 115 113.2 111.5 108.5 105.9 103.6 103 103.2 103.3 101.9 102.3 101.5 100.9 100.1 98.7 96.8 93.7 88.7 81.6 79.4 78.5 79.9 83.1 85.4 85.6 84.6 84.8 88.1 92.5 95.3 98.5 99.7 100.5 101 101.6 103 103.9 104.8 105.7 106 105.9 105.7 104.7 102.9 101.2 98.8 99.8 102.2 104.2 104.5 105.1 105.3 105.3 104.6
131.6 131 129.2 127.2 124.1 124.1 127.7 131.7 133.9 135.7 136.9 137.6 138.4 138.9 138.9 138.5 138 137.1 136.1 134.3 132.4 130.5 128.6 125.8 123.1 120.8 118.5 115.8 113.6 111.6 109.8 109.3 108.3 108 107.6 108.2 107.3 107.1 106.4 105.1 104 103 101.3 98.5 95.5 90.5 85.5 80.1 78.8 78.2 79.2 81.5 82.8 82.7 85.2 89.3 93.7 95.6 97.8 98.7 99.1 99.5 99.7 100.7 102.1 103.4 104.3 104.5 104.5 104.4 102.9 101.5 100 96.6 98.2 100.3 102.5 102.9 103.7 104.2 104.2 103.8
128.6 127.2 125.4 122.8 121.1 124.6 128.1 131.7 134.4 135.9 137 138.1 138.8 139.3 139.7 139.5 138.9 138.4 137.2 135.7 134.1 131.8 129.2 126.2 123.2 120.5 117.9 115.6 114.6 113.3 112.8 112 111.8 111.7 110.8 109.4 108 108 108.2 107.1 105.9 104.5 102.6 100.1 96.8 92.4 88.5 84 79.7 78.6 78 79.2 80.2 82.1 85.5 89.7 93.2 95.5 96.6 97.3 97.4 97.4 97.4 98.2 99.7 101.2 102.7 103.2 103.4 103.5 102.1 100.7 98.3 95.6 96.7 98.7 100.7 101.4 102.3 103.1 103.2 102.9
124.4 122.4 119.5 118.1 123 126.3 129.6 132.9 134.6 135.7 136.7 137.8 138.5 139.1 139.9 139.8 139.6 139.7 137.8 136.7 135.1 132.2 129.6 126.6 123.6 121.2 118.9 117.4 116.5 115.7 114.7 114.1 113.4 112.4 111.4 110.4 109.2 108.6 108.2 107.2 106.6 105.4 103.5 101.7 98.6 95.3 91.4 87.2 81.3 78.6 77.1 77.9 78.7 81.1 84.8 88.5 91.7 93.7 94.7 95.1 95.1 95.1 95 96.5 98.7 100.4 102 102.3 102.4 102.6 101.2 99.9 97 94.4 95 97.1 98.9 99.7 100.5 101.6 102.5 102.3
119.2 115.8 113.8 120.8 124.9 129 132.1 133.3 134.2 135.3 136.3 137.3 138.1 138.9 139.7 140 140.5 139.4 137.9 136.4 135.3 132.7 130 127.2 124.2 122.3 120.6 119.3 118 116.7 115.6 114.5 113.7 112.9 111.9 111 110.1 109.2 108.3 107.6 106.9 105.6 103.9 102.3 100.6 97.6 94.3 90.2 85.3 81.2 77.1 76.8 77.7 78.9 83 87 90.1 91.9 92.7 92.5 92.1 92.3 94 96.4 98.6 100.3 100.9 101.3 102 101.2 100.1 98.7 96.3 94.1 93.6 95.6 96.9 97.7 99.3 100.8 102.2 102
112.1 112.2 117.5 123.8 128.1 130.8 131.9 132.6 133.2 134.2 135.3 136.3 137.5 138.4 139.2 139.6 139.6 139.3 138.7 137.6 136.6 134.2 131.9 128.9 125.2 123.2 121.3 119.4 118.1 116.6 115.1 114.1 113.1 111.7 110.6 109.7 108.8 107.6 107.3 106.4 106.5 105.7 104.3 102.8 101.5 99.5 96.5 92.9 88.6 85.4 78.6 77.1 76.8 76.9 80.8 85.4 88.5 90.1 90.2 89.6 89.7 91.9 94.3 96.7 98.6 99.8 99.6 99.8 100.2 99.9 98.9 97.5 95.7 93.6 92.7 93 95.2 97.7 99.3 100.9 101.8 101.7
111.7 117.2 122.4 127.6 129.2 130.4 130.9 131.4 132 132.8 133.6 134.7 136.2 137.4 138.4 138.9 138.9 138.8 138.2 137.6 136.1 134.2 132.2 129.4 126 123 121.2 118.9 116.9 115.6 114.2 112.8 111.4 110 109 108.1 106.7 105.7 105.7 105.3 105 104.5 103.9 103.1 102.1 100.5 98.5 95.7 92.1 88.6 84.3 78.4 76.8 75.4 77.6 81.8 85.5 86.9 86.8 87.2 89.9 92.4 94.8 97.2 98.5 98.4 98.3 98.7 98.4 98 97.7 96 94.3 92.6 91 94.6 96.2 98 99.8 101 101.7 102
115.1 121.2 125.6 127.6 128.8 129.2 129.2 129.6 130.1 130.9 131.9 133.1 134.6 136 137.3 137.6 138 138.2 137.7 137 135.8 133.9 132 129.9 126.1 122.9 120.4 117.7 115.5 114 112.6 111.1 109.7 108.4 107.5 106.1 104.5 103.8 103.8 103.8 103.5 102.9 102.3 101.9 101.2 100.3 99.1 97.4 95.1 90.4 86.9 80.7 77.2 75.5 75.3 78.8 81.6 83.4 84.5 87.8 90.5 93 95.3 97.3 98.2 98.2 98.2 98.2 98.2 97.9 96 94.5 92.8 91.2 91.4 93.8 96.4 98.3 100.4 101.6 102.3 102.3
118.1 122.9 125.5 126.6 127.6 127.9 127.6 127.2 127.8 128.5 129.6 131.2 132.7 134.1 135.9 136.4 136.8 137.2 137.2 136.4 135.7 133.7 131.8 129.5 125.8 121.9 119.2 116.5 114 112.5 110.7 109.4 108.1 106.8 105.4 103.9 102.4 101.9 101.9 101.9 101.8 101.4 100.8 100.3 99.8 99.2 98.1 96.8 95.8 90 87.1 83 78.7 75.9 74.5 76.7 79.9 82.4 84.7 88.2 90.6 93.3 95.1 96.8 98 98.3 98.3 97.2 97.2 96.5 95 93.4 92 90.1 91 94 96.9 98.7 100.8 102.2 102.9 102.9
