webserver/python/data/SU00.asc
ncols 200
nrows 200
xllcorner 400000
yllcorner 100000
cellsize 50
[rows 114 to 151 of 200, columns 0 to 85 of 200]
30 30 28.8 28.9 27 27.4 29.6 33.4 41.1 51 56.3 56.3 53.7 49.6 45.2 40.6 36 36.3 38.1 39.5 37.5 36.4 36.1 35.8 33.8 33.8 35.6 38.9 43.2 47.2 48.3 48.9 48.5 48.1 48 47.9 48.1 49.4 50.9 50.7 49.9 49 48.4 47.6 48.7 51 53.8 56 56 55.6 54.3 53.8 53.2 49.8 46.6 44.3 44.3 43.9 41.7 39.5 38.5 36.1 38 39.4 40.8 40.5 37.9 39.5 39.4 38.3 35.6 34 32.6 32.1 31.5 30.9 30.2 29.6 29 28.4 28.3 28.7 29.1 30.2 31.8 33.7
28.8 27.9 27.2 26.9 28.5 30.6 35.4 39 44.4 51.3 54.2 53.9 51.2 46.4 42.1 38.7 35.2 34.3 36.3 36.3 35.7 34.9 34.5 34.3 32.9 34.6 37.5 42 46 47.4 48.2 48.6 48.2 48 47.9 47.7 47.6 48.4 49.4 48.7 47.8 46.8 46.3 46.2 47.4 49.3 51.3 53.7 54 53.1 51.8 50.2 49.5 48.9 46.9 45.8 46.3 45.4 43.4 41.3 40.8 38.4 35.9 35.7 36.7 35.9 36.7 37.2 37.5 37.1 35.8 34.4 32.9 32.2 31.8 31.2 30.5 29.9 29.3 28.6 28 28.2 28.7 29.8 31.7 34.7
27.4 27.1 27 27 30.1 36.8 43.4 45.3 49.3 52.6 52.8 51 47.1 43.3 40.6 38.1 35.1 32.6 34.4 35 34.1 33.3 32.7 32.7 33.2 37.6 42.9 44.2 45.6 46.9 47.7 47.7 47.4 47.2 47.1 46.9 46.8 46.9 47.6 47 46.3 46.1 45.8 45 46 48.1 49.9 50.8 51.2 52 50 47.6 46.1 45.7 45.6 46.3 46.4 44.5 44.2 44 42.9 40.5 37.9 36.5 34.7 33.5 34.2 34.6 35.1 36 35.1 34 32.5 31.8 31 30.7 30.3 29.7 29.1 28.1 27.7 28.3 28.9 29.4 31.8 34.2
26.8 26.7 26.6 26.4 31.2 37.9 44.9 53.7 54.8 51.9 49.4 45.9 41.6 38.5 38 36 34 31.1 32 33.4 32.6 31.7 31.3 31.9 36.3 41.9 45.8 45.6 45.2 46.5 46.8 46.8 46.6 46.4 46.2 46.1 46.1 46.1 46.2 46 45.8 45.5 45.2 44.2 44.9 47 48.2 49.6 49.6 49 47.1 45.2 43.1 43 43.8 46 46.9 45.3 45.8 45 44.2 42.7 40.9 36.5 35.5 34 32.5 32.6 33.2 33.8 34 32.9 31.9 31.5 30.7 30.4 30 29.5 29 28.3 27.5 28.8 29.3 29.2 30.3 32.6
26 26.1 26.1 26.3 27.4 38.6 46.6 51.1 52.4 49.6 45.3 41.9 37.3 34.7 34.9 33.8 31 30.2 31.4 31.5 31.4 30.6 31.6 34.5 40.2 45.1 46.6 45 44.6 45.8 45.5 45.5 45.8 45.6 45.4 45.3 45.3 45.4 45.5 45.4 45.2 44.9 44.7 43.8 43.3 46 47 47.9 48.2 47 45.7 43.9 41.8 40.2 42.6 45.2 46.8 46.6 45.7 44.9 43.9 42.7 39.2 38.4 37.6 35.2 33.5 31.1 31.6 32.6 33.1 32.7 32 31.5 30.9 30.8 30.6 30.3 29.6 28.8 28 28.3 28.6 29.1 30.1 31.1
25.6 25.6 25.6 26.6 27.6 36.8 42.2 45.4 45.6 43.7 40.7 37.2 34.6 31.9 31.5 30.7 30 29.3 29.3 29.6 29.7 31 33.5 37.4 42.5 45.1 45.2 44.6 44.2 45.1 44.5 44.1 44.2 44.5 44.6 44.5 44.6 44.8 44.9 44.7 44.5 44.3 44.1 43.7 43 44.4 45.7 46.7 46 45 44.1 42.6 40.5 38.7 41.1 43.7 45.1 44.8 44.4 43.7 44.2 42.7 41.6 39.9 37.5 35.8 33.9 32.1 30.9 31.8 32.1 31.9 31.7 31.5 31.5 31.2 31 30.5 29.8 28.4 27.3 27.7 28 29.3 30.1 31
25.5 25.5 25.6 25.9 28.1 31.6 36.4 39.3 40.7 39.1 34.3 33.7 32.4 29.4 29.6 29.3 28.9 28.4 28.8 29.4 30.7 32.4 34.5 41.1 43.9 44.6 44.5 44.4 44.1 44.4 43.8 43.2 42.6 43 43.4 43.7 43.8 44 44.1 44 43.8 43.6 43.4 42.4 42.3 42.7 44.2 44.5 44.1 43.8 43.2 41.9 39.7 37.2 39.4 41.8 42.7 42.6 43.2 44.2 44 44.8 43 40.2 37.5 35.7 33.9 32.2 30.3 31.2 31.5 31.4 31.3 31.3 31.3 31.6 31.2 30.5 30 28.6 27.2 27.4 27.8 29.7 31 31.8
25.3 25.4 25.5 25.6 27.6 30.3 32.6 34.4 35.9 34.7 31.4 30.9 31.2 29 28.7 28.4 28.1 29.1 29.7 32.7 34.9 37.4 39.3 43.8 44.4 43.9 43 43.3 43.7 43.7 43.2 42.8 42.3 42.1 42.5 42.8 42.9 43 42.9 43 43.1 42.9 42.2 40.9 41.4 42.3 43.6 43.9 43.4 42.8 42.2 41.2 38.9 36.7 37.1 39 39.9 39.9 41.3 44.9 46.6 45 42.6 39.7 36.9 35 33.2 31.4 29.9 30.3 30.5 30.7 30.6 30.7 30.6 31.6 32.1 31.2 29.6 28.3 27.1 27.2 27.5 27.9 31.8 32.4
25.1 25.2 25.3 25.3 26.9 28.3 28.8 29.9 32 31.8 29.5 28.8 28.3 27.8 27.6 27.5 29 31.3 33.5 36 38.3 39.6 44.2 44.4 43.6 42.6 41.6 41.8 42.1 43 42.6 42.1 41.9 41.4 41.6 41.8 41.9 41.8 41.7 41.8 41.9 42 41.5 40.5 41.3 41.9 43 43 42.4 41.8 41.2 40.4 38.4 36.9 34.8 36.6 37.5 39 41.4 44.6 45.4 44.7 42 39.2 36.2 34.3 32.6 31.1 29.9 29.4 29.6 29.8 29.9 30 30.5 31.7 32.8 31 29.2 27.7 27 27 27.8 31.3 32.9 33.4
25.2 24.9 25 25.6 26.7 27.5 27.5 27.9 29 29.6 27.8 27.3 26.8 26.8 27.4 28.1 29.8 33.1 36.7 39 40.5 44.5 44.3 43.2 42.3 41.3 40.3 40.2 41.5 42.2 41.7 41 40.9 40.9 40.7 40.9 40.8 40.6 40.5 40.6 40.7 40.5 40 40.6 41.5 42.1 42.6 42.4 41.7 41.1 40.4 39.5 38.5 37.2 34.8 34.7 35.6 37.3 40.3 43.8 44.7 43.8 41 38 35.8 33.9 32.2 31.1 29.9 28.7 28.5 28.8 29 29.3 30.9 32.4 33.2 31.5 29.6 28.1 26.8 26.7 29.8 32 33.2 32.7
25.2 24.9 24.7 25.4 26.3 26.3 26.4 26.5 26.5 27.4 26.3 26.2 26.9 27.1 28.1 29.2 30.3 32.4 38.2 43.8 44.8 44.3 43.4 42.2 40.8 39.9 39 39.7 41.1 41.3 40.6 39.9 39.9 39.8 39.7 39.7 39.6 39.5 39.4 39.4 39.3 39 39 40.1 41.2 42 42.5 41.7 40.8 39.9 39 38.6 38.3 36.9 34.9 33.6 33.9 35.1 38.2 42.6 43.8 42.3 39.7 37.3 35.4 33.7 32.2 31 29.8 28.6 27.5 27.6 28.1 28.9 30.9 33 33.3 31.9 30 28.1 26.9 26.3 28.6 31 31.3 29.7
25.2 25 24.8 25.1 25 25.1 25.2 25.5 25.6 25.4 26.3 26.9 27.1 27.3 28.4 29.6 30.6 33.3 38.8 42.9 43.7 43.5 42.6 41.3 39.9 38.6 37.9 39.1 40.1 40.3 39.5 38.8 38.8 38.2 38.8 38.9 38.7 38.5 38.3 38.1 38 38.2 38.8 39.3 40.4 41.2 41.2 40.3 39.4 38.5 37.6 37.6 37.2 35.7 33.8 32.9 33.1 34.3 36.5 38.9 40.8 40.8 39.1 36.9 35.3 33.7 32.1 30.9 29.7 28.5 27.3 27.1 27.5 28.4 29.9 32.2 32.8 32.3 30 28 26.9 26.5 27.2 28.6 27.9 27.1
25.3 25.1 25 24.9 24.8 24.7 25 25.6 25.7 25.9 26.5 27.1 27.2 28.1 29.4 30.1 32.1 37 40.4 42.4 42.7 42.2 41.7 40.4 39 37.5 37.1 38 38.3 38.5 38.8 37.7 36.7 37.3 37.9 38.1 37.9 37.5 38 37.5 37.8 38.3 38.7 39.1 39.6 40.3 39.9 38.9 38 37.1 36.5 36.6 35.4 34.1 33.1 32.3 31.9 32.2 34.3 38.2 41.3 40.3 38.4 36.8 35.2 33.6 32.1 30.8 29.6 28.3 27.1 26.8 27.1 27.8 29.2 29.8 30.2 31 29.7 28.4 27.8 27.3 25.7 25.7 25.8 26
25.4 25.3 25.1 25 24.8 24.7 25 25.5 25.8 25.8 25.9 26.9 28.3 29.8 31.8 34.1 36.9 40.1 41.3 42.2 41.6 40.9 40.1 38.9 37.8 36.7 36.7 36.8 37.3 36.8 36.5 35.9 35.9 36.5 37 37.3 36.8 36.3 36.9 37.3 38 38.4 38.6 38.8 39.1 39.8 39.1 37.9 36.8 35.8 35.6 35.3 34.4 33.5 32.3 31.2 31.2 31.3 32.7 35.6 39.3 39.2 37.3 35.8 34.6 33.4 32 30.6 29.4 28.1 26.8 26.5 26.5 27.2 28.1 28.8 29.4 29.8 30.5 29.3 28.7 28.2 25.8 24.9 24.9 24.9
25.6 25.4 25.3 25.5 24.9 24.7 24.8 25.4 25.5 25.5 25.6 27.1 28.8 33.3 36.9 38.7 39.5 41.3 40.9 40.5 40.1 39.4 38.4 37.4 36.4 35.5 34.6 35.7 36.3 35.1 34.2 33.8 34.8 35.9 36.2 35.7 35.3 35.5 36.6 37.6 37.9 37.6 37.8 38.1 38.6 39.1 38.5 37.5 36.5 35.5 34.7 34.3 33.6 32.8 31.8 31.1 30.8 29.9 31.3 33.2 35.6 36.1 35.8 34.8 34 32.7 31.2 30 29 27.9 26.6 26.1 25.7 26.4 27.1 27.8 28.5 28.9 29.9 30.2 29.5 28.7 27.2 26.1 25.1 24.7
25.9 25.8 25.9 26.1 24.9 24.7 24.7 25.1 25.1 25.3 25.7 26.1 28.1 34.9 39.3 40.2 40.1 40.2 39.5 38.9 38.5 37.8 36.8 36 35.8 35.2 33.2 34.9 35.1 34.1 33.3 33.6 34.1 35.1 34.8 34.6 35.2 36.1 37.3 38.1 37.6 37.1 37.1 37.5 37.8 38.4 38.3 37.8 36.8 35.4 34.9 34.3 33.8 33.3 31.7 31.4 31.5 31 29.9 30.7 32 32.5 31.7 32.3 32 31.5 30.1 28.9 27.9 27 26.1 25.4 25 25.4 26.1 26.8 27.5 28.1 29.1 30.5 29.8 29.1 28.2 27 25.3 24.8
26.5 26.2 26.5 26.7 24.9 24.7 24.5 24.8 25 25.4 25.8 25.9 26.7 32.7 38.1 39.7 39.8 39.2 38.4 37.6 36.9 36.3 35.7 35.5 35.2 33.3 32.1 32.6 32.9 32.6 32.1 32.8 34 35.2 35.4 36.3 36.7 37.1 37.9 37.9 37.3 37 37 37.5 38 38.2 38.2 37.9 36.9 36.6 36.1 35.8 35.3 34 32.7 33.9 33.2 32.1 30.9 29.4 28.7 28.8 29.2 28.3 28.4 28.1 27.6 27.7 26.8 26.1 25.8 25.4 24.8 24.6 25.1 25.8 26.5 27.1 28.4 29.8 29.5 29.3 27.2 25.4 24.9 25.2
29.3 30.9 29 27 24.9 24.7 24.4 24.6 24.9 24.9 24.9 25 25 31.1 36.2 38.2 39.4 38.6 37.7 36.8 35.9 34.7 34.3 34.2 33.3 32.1 31.4 31.1 31.5 31.6 32.9 33.7 34.9 36.1 37.1 37.9 38.3 38.6 38.4 38.1 37.8 37.7 37.9 38 38.5 38.8 38.4 37.6 37.9 38.6 38.4 38.2 37.6 34.5 35.3 36.4 34.4 32.2 30.9 34.1 30.5 33.5 32.2 29.5 28.4 27.5 26.8 26.4 26.4 26.1 25.8 25.3 24.7 24.2 24.5 25 25.5 26.5 27.6 28.5 28.2 26.8 25.8 24.6 25.1 25.6
34.3 35.1 32.4 28.8 26.9 25.3 24.4 24.3 24.2 24.2 24.2 24.3 24.3 28.7 33 35.3 37.9 37.7 36.7 35.8 34.7 33.4 32.8 32.8 31.7 31 31 32.5 33.4 33.4 34.4 35.2 35.9 36.6 37.6 38.6 38.9 38.4 39.1 39.2 39.3 39.4 39.3 39.1 39.1 39.4 39.1 39 39.6 40.6 41.1 41.2 40.3 39.1 41.4 39.7 37.1 33.5 31.6 37 34.8 37.7 34.6 33.1 32.5 31.3 29.5 27.1 26.4 26.1 25.8 25.3 24.7 24.1 24 24.5 24.9 25.2 26.8 27.2 25.6 25.5 24.3 24.1 24.2 24.8
36.2 35.7 31.8 29.4 27.1 25.2 24.3 24.5 24.4 24.3 24.2 24.1 24 27.2 30.2 33 35.6 36.7 35.8 34.6 33.3 32.1 31.6 31.7 30.6 30.3 31.5 32.9 34.4 34.3 34.4 35.3 36.2 37.2 37.9 38.5 38.7 39.3 40.9 41 41.2 41.2 41.1 41 40.8 40.3 40.3 40.6 41.3 42.3 43.5 44.2 44.6 43.9 43.6 41.5 37.8 34 37.4 38.6 35.7 37.8 38.3 36.9 35.1 32.5 29.6 27.4 26.4 26.1 25.8 25.2 24.6 24 23.5 23.9 24.2 24.4 24.7 25.5 24.7 24 23.8 23.6 23.5 24.8
36 33.9 31.6 29.6 27.4 25.5 24.3 24.5 24.6 24.5 24.4 24.3 24.2 24.9 28 30.9 33.3 34.7 34.6 33.4 32.2 30.9 30.4 30.4 29.6 30.7 32.1 33.4 34.4 34.5 34.6 34.6 35.5 36.4 37.3 38 38.4 40 41.9 42.8 43.1 43.1 42.9 42.7 42.4 42.2 42.4 41.9 42.9 44 45 46 46.1 45.5 44.2 42.6 40 37.8 39.2 39.7 37.9 38.9 39.3 37.9 35.8 33 29.8 28.3 26.3 26 25.7 25.2 24.6 24 23.4 23.3 23.5 23.7 23.9 24.2 23.9 23.7 23.6 23.5 23.6 24.9
35.3 33.4 30.9 29.3 27.6 25.8 24.3 24.5 24.7 24.6 24.6 24.5 24.4 24.3 25.7 28.6 30.9 32.1 33 32.2 31.2 29.9 29.5 29 29.2 30.7 31.8 32.9 33.9 34.4 34.8 34.9 34.9 35.6 36.5 37.2 37.7 39.5 41.6 43.3 44.9 44.9 44.7 44.5 44.3 44.1 44.7 43.9 43.4 43.7 45.1 46.3 46.3 45.2 43.8 43 40.5 39.3 39.5 39.5 39.6 40.7 39.7 38.2 36 33.1 30.1 28.2 27.2 26 25.7 25.1 24.6 24.1 23.6 23.2 23.3 23.4 23.5 23.7 23.7 23.5 23.4 23.3 23.3 24.6
34.4 32.5 30.3 28.7 26.9 24.8 24.4 24.6 24.8 24.7 24.6 24.5 24.4 24.3 25.2 26.5 28.2 29.7 31.1 30.3 29.5 29 29.4 28.1 28.5 29.8 31 32.1 32.7 33.2 33.8 34.3 34.7 35.1 35.6 35.9 36.5 37.9 39.9 41.5 43.5 44.3 44.7 45 45.3 45.6 45.3 44.6 44.3 43.1 44.2 45.3 45.4 44.5 42.9 41.8 40.6 39.1 38.7 39.2 39.8 40.7 40.9 38.7 36.1 33.3 30.5 28.5 28 27.2 25.9 25.3 24.8 24.3 23.7 23.2 23.1 23.2 23.3 23.4 23.4 23.3 23.1 23 22.8 24.7
33.8 31.9 29.8 28.1 26.5 25.2 24.6 24.8 25.1 25.1 24.8 24.5 24.3 24.2 25.1 26.4 27 28 29.8 29.7 29.5 29.6 28.9 28.1 28.6 29.2 30.2 30.9 31.4 32 32.8 33.3 33.6 33.7 34 34.5 35.3 36.3 38.2 39.7 41.7 42.8 43.4 43.7 43.9 44.7 44.8 44.2 43.7 41.7 42.3 42.3 42.6 42 41.4 41.1 39.9 38.4 37.6 37.5 39.7 40.4 40.5 38.8 36.1 33.4 30.7 29.6 28.3 27.6 26.1 25.5 24.9 24.4 23.9 23.4 22.9 23 23.1 23.2 23.3 23.2 23 22.9 23.4 24.8
33.9 31.9 29.7 28.7 27.8 26.1 24.8 25 25.4 25.4 25.1 24.8 24.5 24.2 25 26.4 27 27.8 29.4 29.6 29.6 28.7 28.1 28.3 28.8 29.2 29.7 29.7 30.2 30.7 31.3 32.6 32.4 32.3 32.1 33 34 35.1 36.3 37.9 40 41.3 42 42.3 42.9 43.7 43.8 43.7 43.1 38.8 38.3 38.1 38.8 38.3 38.4 38.5 38.8 37.4 35.9 35.9 38 40 39.9 38.3 35.9 33.6 31.2 29.9 28.5 27.5 26.3 25.7 25.2 24.6 24.1 23.5 23 22.9 23 23.1 23.1 23.1 23 22.8 23.8 25.3
33.1 32 30.9 30 28.9 27.2 25.1 25.3 25.7 25.7 25.4 25.1 24.8 24 24.9 26.3 27.1 27.3 29 29.1 29 28.8 27.3 28.1 28.6 29.5 29.7 29.4 29.5 29.7 32.1 32.5 33.5 33.4 33.2 33.1 33.2 34.7 34.9 36.2 38.2 39.8 40.7 41.2 42.3 42.7 42.8 43 41.7 39.4 35.8 33.8 33.6 33.5 34.4 35.5 36 35.4 34.6 34.4 36.6 39.2 40.1 38.8 36.4 34.1 31.7 30 28.8 27.4 26.6 26 25.4 24.8 24.3 23.7 23.2 22.7 22.8 22.9 23 23 22.9 22.8 24.3 26.6
32.8 33 32.7 32.3 31.3 29.7 27.9 25.6 25.9 26 25.7 25.4 24.1 23.9 24.6 26 26.4 26.6 27.7 28.5 28.4 28.4 27.2 28.1 28.9 29.8 29.7 30.3 31.1 31 33 33.4 33.9 34.5 34.3 34 33.6 34.2 35.1 34.2 36.3 38.2 39.4 40.5 41.6 41.7 41.7 42.1 41.3 39.3 38.9 36 33.6 31.4 31.9 32.8 33.2 32.7 32.4 33.5 36 38.2 38.8 38.9 36.9 34.6 32.2 30.5 29 27.9 26.9 26.2 25.6 25.1 24.5 24 23.4 22.7 22.7 22.7 22.8 22.8 22.8 23.2 24.7 27.1
31.2 33.7 35.8 36.1 34.9 32.8 30.8 28.1 26.2 26.3 26 24.5 23.9 23.8 24.3 25.4 25.7 26 26.3 27.3 27.8 26.5 27.5 28.4 29.3 29.9 30.5 31.2 32 32.6 33.9 34.3 34.8 35.2 35.5 34.9 35 35.5 36.3 35.5 34.8 36.4 38.3 40.1 40.8 41.1 41.3 41.5 40.4 38.5 37.9 37.6 37 34.9 32.3 30.2 31.2 31.6 31.7 33 35.3 36.1 37 37.9 37.4 35.1 32.7 31 30.1 29.4 28.3 27.1 25.9 25.3 24.7 24.1 23.4 22.7 22.7 22.7 22.7 21.8 22.8 23.7 25.2 27.7
31 36.7 38.3 39.5 38.4 36.4 34.1 31.5 28.1 26.6 25 23.8 23.7 23.7 24 24.7 25 25.4 25.6 25.3 25.9 26.7 27.6 28.6 29.5 30.3 30.9 31.6 32.3 33.5 34.8 35.2 35.6 36 36.6 36.4 36.8 37.2 37.1 36.7 36 35.2 38 39.9 40.1 40.3 40.6 40.8 39.3 37.8 36.8 36.8 36.9 35.9 33.5 30.7 29.8 30.5 30.7 31.4 32.7 34 35.3 36.6 36.8 36.2 33.8 32.4 31.8 30.8 29.7 28.5 27.4 26 24.8 24.1 23.4 22.7 22.6 22.7 22.8 22.1 21.8 23.5 24.5 26.6
32.7 37.5 38.5 38.9 38.9 38.8 37.1 35.8 33.1 29.3 24.4 23.3 23.4 23.5 23.6 24 24.4 24.6 25.7 26.1 26.7 26.9 27.7 28.7 29.6 30.3 30.9 31.6 32.5 33.8 34.8 35.7 36.3 36.8 37.5 37.9 38 37.9 37.7 37.4 36.8 35.5 37.6 39.4 39.6 39.8 40 39.9 38.1 36.5 36.4 36.2 36 34.9 34.8 31.7 29.4 28.8 29.2 29.9 30.6 31.9 33.3 34.5 36.3 37.1 36.4 34.5 32.2 31.2 30.4 29.3 28.2 26.8 25.6 24.3 23.4 22.7 22.6 22.6 22.9 22.8 23.1 26.1 24.5 24.9
31.8 36.4 37.2 37.6 38 38 37.9 37.2 36.3 32.8 27.4 24.2 23.4 23.3 23.5 24.2 25 25.5 26.1 27 27.6 27.7 27.9 28.8 29.7 30.3 30.9 31.9 33 34.2 34.9 35.6 36.1 37.2 38.2 38.6 38.4 38.2 37.5 37.2 37 36.3 38.1 40 40.4 40.7 40.9 39.6 37 34.3 32.9 32.9 33.6 33.9 33.1 31.7 29.8 28.4 28.5 27.9 27.8 29 30.8 32.8 34.3 35.6 36.7 34.8 32.2 31 30.3 29.7 28.8 26.9 25.3 24.5 23.6 22.7 22.5 22.6 23.9 25.1 24.5 25.4 27 26
29.2 32.9 34.3 33.6 34.9 36.7 37.2 37.1 36.9 34.9 30.2 24.9 23 23.2 23.5 24.1 24.8 25.6 26.4 27.9 28.4 28.5 28.6 28.9 29.8 30.4 30.8 31.8 33.2 34.3 34.8 35.1 35.9 36.8 37.9 38.3 38.2 37.9 37.1 37.1 36.9 37.4 39.3 40.4 40.7 41.1 40.8 38.1 35.4 32.6 32.4 32.4 31.2 31.3 31.3 29.8 29.2 30.1 32.3 32.4 30.6 27.2 29.4 30.5 32.1 33.2 34.3 34.1 32.2 30.8 30.1 29.5 28.5 27 25 24.1 23.3 23 22.7 23 24.1 25 24.7 24.8 26.2 26.5
27.7 29.4 29.9 29.4 31.4 33.3 34.2 34.8 34.5 33.7 30.8 24.9 22.9 23.2 23.4 24 24.7 25.6 26.4 27.2 28.5 28.8 29.1 29.3 29.8 30.2 30.7 31.8 33.2 34.2 34.6 34.9 36 36.9 37.9 38.3 38.4 38.1 37.9 38.4 38.7 39.8 40.5 40.6 40.9 41.3 39.1 36.5 33.8 33.6 36.1 35.3 33.2 31.1 31.2 30.3 32.9 34.9 34.6 33.3 31.2 28.5 27.6 28.5 29.7 30.8 31.7 31.8 31.2 30.4 29.4 28.3 27.2 26.1 24.9 24.1 23.9 23.6 23.4 22.1 22.7 23.1 24.8 24.7 25.3 25.2
25 25.7 26.7 26.7 28 29.3 30.3 31.3 31.6 30.8 28.9 25.7 23 23.1 23.4 23.8 24.7 25.5 26.4 26.9 27.2 28 28.4 28.7 29.3 30.1 30.6 31.7 33.1 33.9 34.3 35 36 36.8 37.7 38.9 39.2 39.9 40.5 40.6 40.5 41 40.5 40.5 40.9 39.3 36.3 34.1 34.7 37.5 37.6 36 33.2 31.2 33 35.7 36 35.4 34.4 33.2 31 29.3 27.9 27 27.4 28.4 29.1 29.3 29.3 28.6 27.6 26.6 25.5 24.7 24.3 24.5 24.4 24.3 23.8 22.5 21.4 21.4 22.3 23.4 23.9 23.6
24.1 24.4 24.8 25 25.5 26.3 27 27.8 28.2 27.8 26 24.9 24.5 22.8 23.3 23.8 24.6 25.4 26.2 26.6 26.9 27.3 27.6 28.2 28.8 29.7 30.5 31.7 33.1 33.1 33.9 35.1 35.7 36.5 37.9 39.9 40.8 41.4 42.3 42.2 41.6 41 40.4 40.5 39.2 37.2 34.6 36.8 38.1 39.5 38.3 35.6 32.9 35.3 37.7 37.8 36.2 34.7 33.4 32 31.3 29.7 28 26.7 27.1 27.5 27.4 27 27.3 27.1 26.1 25.3 24.9 24.6 24.2 24.3 24.6 24.6 24.2 23.2 22.1 21.6 21.3 21.5 22.4 22.6
23.2 23.5 23.6 23.8 23.9 24.3 24.8 25.5 25.8 25.9 24.8 23.9 23 23.4 24 24.3 24.6 25.3 25.9 26.3 26.7 27.2 27.7 28.1 28.6 29.5 30.4 30.9 31.6 33.3 34 35.1 36.5 36.9 38.7 40.5 41.8 43 43.1 42.9 42.3 41.3 40.4 39.5 39.1 38.7 39.2 40.1 39.7 39.7 37.9 35.3 33.3 37.3 39.9 38.7 36.3 33.9 31.8 31.9 31.7 30.1 28.4 26.8 26.8 26.9 27 26.6 26.3 25.9 25.6 25.2 24.8 24.4 24 24.1 24.5 24.5 24 23.4 22.2 21.8 21.3 21.2 21.1 21.8
22.2 22.4 22.7 23.1 22.6 23.4 24.2 24.9 25.2 25.5 24.4 23.7 23 22.5 23.7 24.2 24.7 25.8 26.3 26.5 27 27.6 28.1 28.3 29 30 30.8 31.3 32.5 34.5 35.4 36.4 37.3 38.4 39.9 41.4 42.8 43.1 43 42.7 42.7 42.1 41.2 41.4 41.7 42 42.3 42.4 40.8 39 36.9 35.1 35.8 37.6 39.8 38.4 36 33.9 33 32.1 31.9 30.5 28.9 27.8 26.5 26.4 26.6 26.2 25.8 25.7 25.5 25 24.6 24.2 23.8 23.9 24.3 24.6 23.9 23.1 22.1 21.8 21.5 21.2 21.1 20.9
21.6 22 22.3 22.7 22.4 23 23.9 24.2 24.5 25.1 23.9 23.5 23.1 22.5 23.4 23.9 24.4 28 29.6 29.6 29.4 29.2 29 28.5 29.5 30.5 31.2 31.7 33.6 35.2 36.3 37.2 38 39.1 40.8 42.4 43.4 42.9 42.8 42.6 42.5 42.5 42.3 42.3 42.9 43.2 43.2 42.4 40.3 38 36.3 37.4 39.5 39.7 39.7 38 36 35.1 34.3 33.3 32.1 31.4 30.3 29.2 27 26.5 26.1 25.8 25.3 25.5 25.5 25 24.5 24.1 23.7 23.7 24 24.3 24.2 23.2 22.3 21.7 21.9 21.4 21 20.8
