webserver/python/data/SU09.asc
ncols 200
nrows 200
xllcorner 400000
yllcorner 190000
cellsize 50
[rows 76 to 113 of 200, columns 0 to 85 of 200]
95.9 96 95.8 96 95.5 94.6 94.5 93.9 94 94.4 94.6 94.3 94 93.7 93.9 94 94.3 94.1 94 94 93.5 93.1 92.6 92.3 92.4 92.2 92.3 93 93.8 94.8 96.2 97.6 98.8 101.1 99.2 98.4 96.9 95.3 93.6 93.8 93.9 93.4 92.6 91.9 91.6 91.3 90.7 91.1 91 90.9 90.8 90.7 90.6 90.5 90.6 90.6 90.6 90.6 90.6 90.9 91.9 92.9 93 93.1 93.2 93.3 93.4 93.5 93.6 93.2 94.4 95.3 99.5 101.7 102.6 102.7 102.5 101.9 101.6 99 95.6 91.4 88.6 88.5 88.6 89.5
95.8 95.9 95.5 95.8 94.9 93.9 94 93.7 93.8 93.9 94.1 93.6 93.1 92.7 92.8 93 93.2 93.9 94 93.5 93 92.5 92.2 92.6 92.9 92.5 92.4 93.2 94.1 95 96.1 97.6 98.8 100.2 99.1 97.5 96 95.5 93.8 94.1 94 93.7 92.9 91.9 91.5 91.3 90.7 90.9 91 90.9 90.7 90.6 90.6 90.6 90.6 90.6 90.5 90.6 90.6 91.6 92.8 92.8 92.9 92.9 93 93.1 93.2 93.2 92.4 92.8 94 96.4 101.3 102.3 102.9 102.9 102.5 101.7 100.7 98.7 95.7 91.3 89 88.1 88 88.1
95.8 95.9 96 95.4 94.3 93.6 93.3 93.5 93.2 93.4 93.5 93.2 92.3 92.2 92.3 92.1 92.3 93.4 93.4 92.9 92.5 92.2 92.5 92.8 93.1 93.4 93.3 94.1 94.6 95.2 95.9 97.1 97.6 98.5 97.7 96.4 95.6 95.9 94.1 94.2 94.1 93.8 92.8 91.7 91.3 90.8 89.5 89.1 90.5 90.3 90.6 90.4 90.3 90.6 90.6 90.5 90.6 90.6 90.6 91.8 92.8 92.8 92.8 92.8 92.8 92.9 92.6 92 90.9 91.4 93 95.2 100.8 101.6 102 102.1 102.1 101 99.5 97.6 95.4 91.2 89.3 88.4 88.5 88.5
95.7 95.8 96 94.8 94.1 93.3 93.3 93.7 93.4 93.1 92.9 92.7 92.4 92.5 92.7 92.5 92.5 92.9 92.7 92.4 92.1 92.4 92.7 93 93.3 93.6 93.7 93.5 94 94.1 95 95.8 96.4 97.2 96 96 95.9 95.9 95 93.7 93.8 93.3 92.1 91.3 91 89.1 89 89 89.1 89 89 89.5 90.3 90.5 90.6 90.6 90.6 90.6 90.5 91.4 92.5 92.8 92.8 92.8 92.8 92.6 91.6 90.6 89.1 90.2 92.5 94.9 99.5 100.8 101 101.6 101.6 101 99.3 96.8 94.4 91.3 89.3 88.9 88.9 88.7
96 94.6 94.5 94 93.6 93.2 93.3 93.7 93.5 93.3 92.9 92.7 92.8 92.9 93 93 92.9 92.6 92.3 92 92 92.3 92.6 92.8 93.1 93.3 93.4 93.4 93.5 94.2 94.7 94.8 95 95.2 95 94.6 94.8 94.6 94 92.2 91.3 91.9 91.4 91 91 89 89 89.3 89.3 89 89 90.3 90.6 90.5 90.6 90.5 90.1 90.1 89.9 90.9 92 92.8 92.8 92.8 92.8 92.2 91.1 89.1 89.1 89.9 92.3 94.6 98.3 101.1 101.3 101.4 101.2 100.7 99.3 96.8 94 90.4 89 89.1 88.9 88.8
94.7 94.8 95.1 94.1 93.6 93.2 93.3 93.7 93.7 93.4 93.3 93.4 93.5 93.5 93.2 92.9 92.7 92.4 92.1 92 91.9 92.1 92.4 92.7 92.8 92.9 93 93.1 93.7 94.3 94.4 94.6 94.8 95 94.7 94.3 94 93.4 92.4 91.5 89.3 89.4 91.6 92 92.3 90.5 89.3 89.5 89.5 89 89 89.3 90.3 90.1 89.9 89.9 89.4 89 89.1 91 91.6 92.5 92.8 92.8 92.5 92 90.5 89.1 89 89.8 92.1 94.1 97.9 100.1 101 101 100.6 99.5 97.2 94.7 92.3 89.6 89.2 89.1 88.7 88.6
95.6 95.4 94.8 94.1 93.7 93.2 93.3 94 94.7 95.4 94.1 93.8 93.5 93.3 93 92.7 92.4 92.1 92.1 92 91.9 91.9 92.2 92.4 92.5 92.6 92.9 93.2 93.4 94.1 94.2 94.4 94.8 94.8 94.4 94 93.7 92.9 91.7 90.2 89.4 89 90.8 92 93.3 91.5 89.4 89.7 89.7 89.4 89.3 89.7 89.9 89.9 89.8 89.9 89.9 89.7 89.2 89.7 91.4 92.2 92.8 92.9 92.7 92.2 90.7 89.4 88.9 89.2 91.4 93.6 96.4 97.9 98.8 98.5 97.8 97 95.4 93 90.6 89.5 89.4 89.1 88.5 88.5
96.4 95 94 93.8 93.3 93.3 93.6 94.4 95.6 95.8 95.5 94.9 94.3 93.6 92.7 92.5 92.2 92.1 92 92 91.9 91.8 91.9 92.2 92.4 92.7 93 93.2 93.5 93.8 94.1 94.4 94.7 94.5 94.2 93.8 93.7 93.4 92 90.1 89 89 91.6 93 92.8 91.3 89.6 89.9 89.8 89.7 89.1 89.5 89.8 89.9 89.9 89.9 89.9 89.9 89.9 89.6 91 91.8 92.5 92.9 92.8 92.4 90.7 88.9 88.6 88.9 90.3 92.1 94 95.6 96.4 96.3 95.8 94.4 92.7 91.4 89.7 89.6 89.5 89 88.4 88.4
96.5 95.2 94.1 93.8 93.6 93.7 94 95.3 96.6 96.6 95.9 95.2 94.5 93.7 93 92.2 92.2 92.1 92 91.9 91.9 91.8 91.9 92.2 92.4 92.7 93 93.2 93.5 93.8 94.1 94.4 94.6 94.3 94 94 93.9 93.8 91.5 89.9 89.2 91.1 92.5 93.1 91.6 90.2 89.8 89.7 89.7 89.6 89.5 89.4 89.7 89.8 89.9 89.9 89.9 89.9 89.9 89.9 90.4 91.3 92.1 92.8 92.9 92.6 90.7 88.8 88.2 88.4 89.1 89.6 91.5 93.6 94.5 94.8 94 91.9 90.1 89.5 89.7 89.7 89.4 88.9 88.5 88.4
97.6 96.2 94.9 95.3 95.1 94.5 95.4 95.9 96.4 96.2 95.4 94.7 93.9 93.2 92.4 92.2 92.2 92.1 92 91.9 91.8 91.8 91.9 92.2 92.4 92.7 93 93.2 93.5 93.7 93.8 94.4 94.4 94.3 94.1 94 93.8 93.7 92.2 91.7 91.4 91.8 93.3 92.2 90.3 89.5 89.5 89.6 89.5 89.4 89.4 89.3 89.7 89.9 89.9 89.8 89.8 89.9 89.9 89.9 89.9 90.5 91.4 92.2 92.9 92.5 90.9 88.9 88.3 88.2 88.2 88.6 89.6 91.6 92.1 91.9 91.2 89.5 89.1 89.4 89.8 89.7 89.3 88.9 88.7 88.4
99 98 96.9 95.6 95.8 94.9 96 95.8 95.4 95.6 94.9 94.1 93.3 92.6 92.1 92.2 92.2 92.1 92 91.9 91.9 91.9 91.9 92.2 92.5 92.7 93 93.3 93.4 93.6 93.7 94.2 94.4 94.2 94.1 93.9 93.8 93.6 93.2 93.2 92.9 91.2 91.3 90.6 90.7 90.2 89.4 89.3 89.4 89.3 89.3 89.3 89.5 89.9 89.9 89.9 89.9 89.9 89.8 89.9 89.9 89.9 90.2 90.8 91.1 91.4 90 89.4 88.4 88.4 88.4 88.5 89.5 90.3 90.2 90 89.6 89.3 89 89.4 89.8 89.7 89.3 89 88.8 88.5
100.5 99.1 97.6 96.2 95.8 94.7 95.8 96 95.4 94.9 94.3 93.5 92.7 92 92.1 92.1 92.1 92 92 91.9 91.9 91.9 91.9 92.2 92.5 92.7 93 93.2 93.3 93.5 93.6 93.9 94.1 94.1 94 93.8 93.4 93.1 93.4 93.2 93 91.6 89.3 89.5 89.7 90 90 89.5 89.3 89.3 89.3 89.3 89.4 89.8 89.9 89.9 89.9 89.9 89.9 89.9 89.9 89.7 89.4 89.5 89.8 90.1 89.9 89.6 88.6 88.6 88.4 88.2 89.2 89.3 89.2 89.2 89.5 89.6 89.2 89.8 89.7 89.7 89.4 89.1 88.9 88.6
100.3 99.6 98.3 96.9 96 94.9 94 94.5 94.1 93.6 93.7 92.9 92.1 91.9 92 92.1 92.1 92 92 92 92 92 92 92.2 92.5 92.7 92.9 93.1 93.2 93.4 93.5 93.7 93.9 93.9 93.6 92.9 92.5 92.5 92.5 92.4 91.7 89.9 89.1 89.1 89.2 89.2 89.3 89.5 89.3 89.3 89.3 89.3 89.3 89.6 89.8 89.8 89.9 89.9 89.8 89.9 89.8 89.5 89.2 89.3 89.6 89.9 89.7 89.5 89.1 88.8 88.4 88.1 88.5 88.6 88.9 89.3 89.5 89.7 89.8 89.8 89.8 89.7 89.5 89.3 89 88.7
101 99.9 99.2 97.2 95.6 94.3 93.8 93 92.6 92.1 92.1 92.3 91.8 91.9 92 92.1 92.1 92 92 92 92 92 92.1 92.2 92.5 92.7 92.8 93 93.1 93.3 93.4 93.6 93.7 93.7 93.6 92.9 91.8 91.6 91.5 91.5 91.4 89.7 89.1 88.9 89 89 89.1 89.1 89.3 89.3 89.3 89.3 89 89.5 89.8 89.9 89.9 89.9 89.9 89.8 89.8 89.6 89.3 89.2 89.4 89.7 89.6 89.3 89.1 88.7 88.3 88.1 88.3 88.7 89 89.3 89.5 89.7 89.8 89.8 89.8 89.8 89.6 89.4 89.1 88.8
101.6 100.5 98.4 96.2 94.7 94.3 93.8 92.5 91.5 91.4 91.4 91.7 91.9 91.9 92 92.1 92.1 92 92.1 92.1 92.1 92.1 92.1 92.2 92.4 92.6 92.7 92.9 92.9 93 93 93.1 93.2 93.2 93.1 92.8 92.1 91.5 91.4 91.3 91.2 90.1 89 88.7 88.7 88.8 88.9 89 89.2 89.2 89 89 89 89.3 89.8 89.9 89.9 89.9 89.9 89.9 89.9 89.7 89.5 89.4 89.3 89.5 89.5 89.2 88.7 88.3 88 88.3 88.5 88.8 89.1 89.3 89.5 89.7 89.8 89.8 89.8 89.8 89.7 89.2 88.9 88.7
101.5 99.1 98.4 96.1 95.2 94.6 93.8 92.4 91.6 91.4 91.4 91.7 92 92.2 92.1 92.1 92.1 92.1 92.1 92.1 92.1 92 92 92.1 91.8 91.9 91.9 92 92 92.1 92.1 92.2 92.4 92.3 92 91.8 92.1 91.5 91.3 91.3 91.1 90.4 89.2 88.5 88.5 88.6 88.7 88.9 89.2 89.2 89 89 89 89.1 89.8 89.9 89.9 89.9 89.9 89.9 89.9 89.8 89.7 89.6 89.5 89.4 89.3 88.8 88.4 88.1 88.2 88.4 88.6 88.8 89.1 89.3 89.4 89.6 89.8 89.8 89.8 89.8 89.8 89.5 88.9 88.4
100.9 99 98.6 96.8 95.7 95.5 93.8 92.4 91.6 91.4 91.4 91.7 92 92.2 92.4 92.3 91.9 91.7 91.6 91.6 91.5 91.5 91.6 91.8 92 91.4 91 91.1 91.1 90.7 91.6 91.6 91.5 91.2 90.9 91.5 91.6 91.4 90.4 90.3 90.1 89.7 89.6 88.5 88.3 88.4 88.6 89 89.1 89.1 89 89 89 89 89.6 89.9 89.9 89.9 89.9 89.9 89.9 89.9 89.8 89.7 89.6 89.4 89.2 88.8 88.4 88.2 88.3 88.5 88.7 88.9 89 89.2 89.4 89.6 89.7 89.8 89.8 89.8 89.8 89.8 89.1 88.5
100.5 101 99.5 97.5 96 96 93.9 92.9 92.1 91.4 91.5 91.7 92 92.2 92.4 92.3 91.8 91.5 91.2 91 91 91.2 91.3 91.5 91.7 91.9 91.3 89.3 89.8 90.9 90.9 89.8 89.5 89.3 89 91.2 91.3 90.6 89.7 89.4 89 88.9 88.7 88.6 88.1 88.4 88.8 89 89 89 89 89 89 89 89.5 89.8 89.9 89.9 89.9 89.9 89.9 89.9 89.8 89.7 89.4 89.1 89 88.8 88.4 88.4 88.4 88.6 88.8 88.9 89 89.1 89.3 89.5 89.7 89.8 89.8 89.8 89.8 89.8 89.1 88.4
100.6 101 99.8 97.4 95.6 95.8 95.4 93.8 92.7 92 91.5 91.7 91.8 92 92.2 92.1 91.8 91.4 91.2 91 90.8 90.9 91 91.2 91.4 91.8 90.8 89 89 89 89.1 89.1 89.3 89.6 89.4 89.1 90.1 89.7 89.4 89 88.7 88.4 88.3 88.2 88.1 88.6 88.8 88.9 89 89 89 89 89 89 89.3 89.8 89.9 89.9 89.9 89.9 89.9 89.8 89.8 89.4 89.1 88.8 88.7 88.8 88.6 88.5 88.5 88.6 88.8 88.9 88.9 89 89.2 89.4 89.6 89.7 89.8 89.8 89.8 89.8 89.5 88.6
100.7 100.7 99.1 96.5 94.9 95 94.4 93.9 93.5 92.5 91.5 91.5 91.5 91.7 92 91.9 91.5 91.3 91.3 91.2 91.2 90.7 90.9 91.5 91.7 91.8 91.3 89 89 89.1 89.2 89.3 89.3 89.4 89.5 89.6 89.6 89.3 89 88.7 88.4 88.3 88.3 88.2 88.1 88.6 88.8 88.9 89 89 89 89 89 89 89 89.4 89.8 89.8 89.9 89.9 89.9 89.9 88.9 89.1 88.7 88.7 88.7 88.7 88.6 88.7 88.7 88.6 88.7 88.8 88.9 88.9 89.1 89.3 89.4 89.7 89.8 89.8 89.8 89.8 89.8 89.5
99 98.8 97.2 95.5 94.8 94.1 93.7 93.2 92.8 91.9 91.5 91.7 91.2 91.6 91.8 91.8 91.3 91.3 91.3 91.3 91.3 91.3 91.3 91.5 91.7 91.9 90.4 89 89.1 89.2 89.3 89.4 89.4 89.5 89.6 89.7 89.4 89.1 88.8 88.5 88.3 88.3 88.2 88.1 88.1 88.5 88.7 88.8 88.9 89 89 89 89 89 89 89.2 89.7 89.9 89.9 89.6 88.6 87 86.2 86.2 88.7 88.7 88.7 88.7 88.7 88.6 88.7 88.6 88.7 88.8 88.9 88.9 89 89.1 89.2 89.2 89.6 89.8 89.8 89.8 89.8 88.2
97.8 96.6 96 94.8 94.2 93.2 92.5 92.2 91.8 91.5 91 90.7 90 89.8 91.2 90.3 91.1 91.3 91.3 91.3 91.3 91.3 91.3 91.4 91.8 90.8 89.1 89.1 89.2 89.3 89.4 89.4 89.5 89.6 89.7 89.7 89.4 89.1 88.8 88.5 88.3 88.2 88.1 88 88 88.3 88.5 88.7 88.9 89 89 89 89 89 89 88.3 88.6 88.5 87.2 86.9 86.3 86.2 86.2 86.2 86.5 88.7 88.7 88.7 88.7 88.7 88.7 88.7 88.7 88.8 88.9 88.9 88.9 88.7 88.6 88.5 88.9 89.2 89.3 89.5 89.5 88
96.2 95 94.1 94 93.6 92.8 91.5 90.9 90.7 91.1 90.2 89.7 90 90 90.5 91.3 91.3 91.3 91.3 91.3 91.3 91.3 91.3 89.6 90.7 89 89.1 89.2 89.3 89.4 89.5 89.5 89.6 89.7 89.7 89.7 89.4 89.1 88.8 88.5 88.2 88.1 88 88 87.9 88.1 88.4 88.6 88.7 88.9 89 89 89 89 88.7 87.2 86.2 86.5 86.6 86.6 86.4 86.2 86.2 86.2 86.2 88.6 88.6 88.7 88.7 88.7 88.6 88.7 88.7 88.9 88.9 88.9 88.9 88.8 88.5 88.5 88.5 88.5 88.7 88.9 89 88.4
94.7 93.5 92.7 92.5 92.6 92.3 91.3 89.7 89.6 90 89.5 90.1 90.5 91 91.3 91.3 91.3 91.3 91.3 91.3 91.3 91.3 91.3 91.3 90.3 89.1 89.2 89.3 89.4 89.5 89.5 89.6 89.7 89.7 89.7 89.6 89.3 89 88.7 88.5 88.2 88 88 87.9 87.8 87.9 88.2 88.4 88.6 88.8 88.8 88.6 88.8 88.9 88.2 87 86.2 86.2 86.5 86.5 86.5 86.4 86.5 86.2 86.2 86.2 88.7 88.7 88.6 88.6 88.7 88.6 89.1 89.3 89.1 88.9 88.9 88.9 88.5 88.5 88.5 88.5 88.5 88.5 88.5 88.5
91 91.2 91.2 91.1 91.2 91.3 91 89 89.4 89.7 89.6 89.5 90.8 91.3 91.3 91.3 91.3 91.3 91.3 91.3 91.3 91.3 91.3 91.3 91 89.8 89.3 89.4 89.5 89.6 89.6 89.7 89.7 89.7 89.7 89.6 89.3 89 88.7 88.4 88.2 87.9 87.9 87.8 87.7 87.8 88.1 88.3 88.4 88.6 88.5 88.2 88 88.2 87.9 86.9 86.3 86.2 86.6 86.5 86.6 86.6 87 86.2 86.2 86.2 87.1 88.7 88.7 88.7 88.7 89.2 89.4 89.4 89.4 89.2 88.9 88.9 88.5 88.5 88.5 88.4 88.4 88.4 88.4 88.2
92.3 91 91.1 91.1 91 91 89 89 89.4 89.4 89.3 89.2 89.1 91 91.3 91.3 91.3 91.3 91.3 91.3 91.3 91.3 91.3 91.3 91.3 90.7 90.1 89.6 89.6 89.6 89.7 89.7 89.7 89.7 89.7 89.5 89.2 89 88.7 88.4 88.1 87.8 87.8 87.7 87.7 87.7 87.9 88.1 88.2 88.3 88.2 87.9 87.5 87.5 87.4 86.6 86.3 86.2 86.6 86.6 86.5 86.6 86.5 86.3 86.2 86.2 86.2 88.6 88.7 88.7 89 89.4 89.4 89.4 89.4 89.4 89.1 88.7 88.5 89.1 89.3 88.7 88.7 89 88.8 87.6
92.5 91.3 91 91 91 89 89 89 89.2 89.1 89 89 89.3 90.5 91.3 91.3 91.3 91.3 91.3 91.3 91.3 91.3 91.3 91.3 91.3 91.3 90.6 90.2 89.8 89.7 89.7 89.7 89.7 89.7 89.7 89.5 89.2 88.9 88.7 88.4 88.1 87.8 87.7 87.7 87.6 87.6 87.8 87.9 88 88.1 87.9 87.5 87.2 86.9 86.8 86.3 86.2 86.2 86.4 86.5 86.5 86.5 86.5 86.5 86.2 86.2 86.2 86.2 88.1 89 89.4 89.4 89.4 89.4 89.4 89.4 89.1 88.7 88.7 89.4 90.1 89.9 90 89.9 88.8 87.7
91.9 91.3 91 91 89 89.2 89.1 89 89 89 89 89.1 90.3 90.7 91.1 91.3 91.3 91.3 91.3 91.3 91.3 91.3 91.3 91.3 91.3 91.3 91.2 90 89.7 89.7 89.7 89.7 89.7 89.7 89.7 89.5 89.2 88.9 88.6 88.4 88.1 87.8 87.6 87.6 87.5 87.5 87.6 87.7 87.8 87.9 87.6 87.2 86.9 86.6 86.2 86.2 86.2 86.2 86.2 86.5 86.6 86.6 86.6 86.5 86.3 86.2 86.2 86.2 87 89.4 89.4 89.4 89.4 89.4 89.4 89.4 89 88.6 88.8 89.6 90.4 91 90.9 89.9 88.9 88.9
92 91.3 91 89 89.1 89.4 89.5 89.4 89 89 89 89.7 90 90.2 90.4 91.1 91.3 91.3 91.3 91.3 91.3 91.3 91.3 91.3 91.3 91.3 91.3 90.7 89.7 89.7 89.7 89.7 89.7 89.7 89.7 89.5 89.2 88.9 88.6 88.3 88.1 87.8 87.5 87.5 87.5 87.5 87.5 87.5 87.6 87.6 87.3 86.9 86.7 86.3 86.2 86.2 86.2 86.2 86.2 86.6 86.6 86.5 86.5 86.6 86.4 86.2 86.2 86.2 87 89.2 89.4 89.4 89.4 89.4 89.4 89.4 89.1 88.9 89.3 90.2 91 90.6 90.3 89.9 89.5 89.5
92.4 91 90.4 89.3 89.2 89.4 89.8 89.2 89 89 88.8 88.9 89.1 89.3 89.7 90.5 91.2 91.3 91.3 91.3 91.3 91.3 91.3 91.3 91.3 91.3 91.3 91.3 90.3 89.7 89.7 89.7 89.7 89.7 89.7 89.4 89.1 88.7 88.4 88.1 87.7 87.4 87.5 87.5 87.5 87.5 87.5 87.5 87.5 87.5 87 86.6 86.2 86.2 86.2 86.2 86.2 86.2 86.2 86.4 86.6 86.6 86.5 86.5 86.4 86.2 86.2 86.2 87.4 89.2 89.4 89.4 89.4 89.4 89.4 89.4 89.5 89.6 89.9 91 90.9 90.6 90.2 89.7 89.3 90.1
91.2 89.3 89.3 89.1 89.3 90.6 91 91 89 89 88.5 88.3 88.3 88.5 89.1 89.8 90.4 91.1 91.3 91.3 91.3 91.3 91.3 91.3 91.3 91.3 91.3 91.3 91 90.3 89.7 89.7 89.7 89.7 89.6 89.2 88.6 88.3 87.9 87.6 87.4 87.4 87.5 87.5 87.5 87.5 87.5 87.5 87.5 87.5 86.7 86.2 86.2 86.2 86.2 86.2 86.2 86.2 86.2 86.3 86.6 86.5 86.6 86.6 86.5 86.2 86.2 86.2 87.4 89.3 89.4 89.4 89.4 89.4 89.4 89.4 89.3 90.3 90.8 90.9 91 90.9 90.8 90.8 91 91
90.6 89.1 89.1 89.1 89.6 90.7 91 91 91 89.2 88.6 87.9 87.7 87.7 88.5 89.2 89.9 90.6 91.1 91.3 91.3 91.3 91.3 91.3 91.3 91.3 91.3 91.3 91.3 91.3 90.2 89.7 89.7 89.4 89 88.7 88.2 87.8 87.5 87.3 87.3 87.4 87.4 87.5 87.5 87.5 87.5 87.5 87.5 87.5 87.1 86.2 86.2 86.2 86.2 86.2 86.2 86.2 86.2 86.2 86.6 86.5 86.5 86.6 86.5 86.3 86.2 86.2 87.3 89.4 89.4 89.4 89.4 89.4 89.4 89.4 90.1 90.7 90.9 90.9 91 91 90.9 90.9 91 91
90.9 90.9 90 90.4 90.6 90.7 91 91 91 89.8 88.5 88 87.7 87.7 88.2 88.9 89.6 90.3 90.5 91 91.3 91.3 91.3 91.3 91.3 91.3 91.3 91.3 91.3 91.3 90.5 89.6 89.1 88.6 88.4 88.3 87.8 87.3 87.3 87.3 87.3 87.4 87.4 87.5 87.5 87.5 87.5 87.5 87.5 87.5 87.3 86.2 86.2 86.2 86.2 86.2 86.2 86.2 86.2 86.2 86.3 86.6 86.6 86.6 86.6 86.3 86.2 86.2 86.8 89.4 89.4 89.4 89.4 89.4 89.4 89.4 89.7 90.2 90 90.5 91 91 91 91 91 91
90.7 90.5 90.5 91.5 91.6 91.2 90.7 90.9 90.9 89.4 88.7 88.3 88 87.8 87.9 88.6 89.3 89.9 90 89.8 90.7 91.3 91.3 91.3 91.3 91.3 91.3 91.3 91.3 91 89.7 88.5 88.4 88.4 88.4 88.4 87.9 87.3 87.3 87.3 87.3 87.3 87.4 87.4 87.5 87.5 87.5 87.5 87.5 87.5 87.4 86.2 86.2 86.2 86.2 86.2 86.2 86.2 86.2 86.2 86.3 86.6 86.6 86.6 86.6 86.5 86.2 86.2 86.6 89.4 89.4 89.4 89.4 89.4 89.4 89.4 89.4 89.6 89.6 90.1 89.2 89.9 89.4 89.8 89.9 90
90.5 90.1 91 92.3 92.8 92.2 91.6 90.8 90.4 89.6 89.2 88.6 88.3 88 87.9 88.4 88.9 89.5 89.4 89.3 89.7 90.2 91.3 91.3 91.3 91.3 91.3 91.3 90.6 89.5 88.5 88.3 88.4 88.4 88.4 88.4 87.9 87.3 87.3 87.3 87.3 87.3 87.3 87.4 87.4 87.5 87.5 87.5 87.5 87.5 87.5 86.2 86.2 86.2 86.2 86.2 86.2 86.2 86.2 86.2 86.2 86.5 86.6 86.6 86.6 86.6 86.2 86.2 86.3 89.4 89.4 89.4 89.4 89.4 89.4 89.4 89.4 89.4 89.4 89.4 89.3 88.7 88.4 88.6 88.7 88.8
90.2 90.7 92.2 93.5 94.5 94 93.2 90.5 89.7 89.5 89.3 89 88.6 88.3 88.2 88.5 89.2 89.4 89.4 89.3 89.4 89.4 89.7 91.1 91.3 91.3 91.1 89.6 88.5 87.5 87.3 89 88.6 88.4 88.4 88.4 87.8 87.3 87.3 87.3 87.3 87.3 87.3 87.2 87.2 87.2 87.3 87.5 87.5 87.5 87.5 86.2 86.2 86.2 86.2 86.2 86.2 86.2 86.2 86.2 86.2 86.4 86.6 86.5 86.6 86.6 86.2 86.2 86.6 88.2 89.4 89.4 89.4 89.4 89.4 89.4 89.4 89.4 89.4 89.4 88.4 87.6 87.4 87.5 87.6 87.7
91.9 91.5 93.2 95.5 95.8 95.9 93.5 90.9 89.4 89.4 89.3 89.4 89.1 89 88.9 89.3 89.4 89.4 89.4 89.4 89.4 89.4 89.4 89.8 91.3 90.9 90.1 88.6 87.3 87.3 87.3 89 89 89 88.4 88.4 87.6 87.3 87.3 87.3 87.3 87.3 87.1 87 86.9 86.8 86.9 87.1 87.3 87.5 87.3 86.2 86.2 86.2 86.2 86.2 86.2 86.2 86.2 86.2 86.2 86.3 86.6 86.6 86.6 86.6 86.3 86.1 86.4 87.7 88.9 89.4 89.4 89.4 89.4 89.4 89.4 89.4 89.4 89.1 87.7 86.8 86.6 86.3 86.4 86.5
93.3 92.5 93.9 95.9 96.4 95.1 95.5 94.3 93 91.3 90.3 89.9 89.6 89.4 89.4 89.3 89.4 89.4 89.4 89.4 89.4 89.3 89.4 89.4 89.3 88.9 88.5 88.1 87.3 87.3 87.3 88.2 89 89 89 88.6 87.9 87.6 87.5 87.3 87.3 87.3 87.3 86.8 86.6 86.5 86.5 86.6 86.8 87 86.5 86.2 86.2 86.2 86.2 86.2 86.2 86.2 86.2 86.1 86.1 86.1 86.4 86.2 85.9 85.9 85.9 85.9 86.1 87.4 88.2 88.7 89.4 89.4 89.4 89.4 89.4 89.4 89.4 89.1 87.6 86.2 86.3 86.3 86.1 85.4
