webserver/python/data/SU20.asc
ncols 200
nrows 200
xllcorner 420000
yllcorner 100000
cellsize 50
[rows 152 to 189 of 200, columns 0 to 85 of 200]
61.5 62.7 63.7 65.1 64.7 64.5 64.2 63.9 62.9 61.4 60.4 61.9 63.6 67.9 71.1 71.8 71.5 71 70.1 69.3 68.7 66.8 65.9 62.9 56.9 51.3 49.9 50.2 53.7 63.5 64.8 64.4 64.2 61.8 58.3 61.7 54 52.3 59.4 64.1 62.8 58.8 53.4 53.1 55 57.3 61.6 64.1 64.6 64.9 64.7 64.3 63.5 62.2 60.5 60.1 58.8 59.5 63.2 63.9 64.2 64.2 63.3 62.2 60.3 56.8 55.1 54.8 55.4 57.5 58.6 60.3 61 62 63.4 63.8 64.1 64.6 64.7 64.7 64.7 64.6 64.4 64 63.6 63.3
60.3 60.8 61.6 62.6 62.1 61.9 62.1 62.6 61.8 60.4 59.3 61.8 67.1 71.5 72.9 71.7 71.2 70.3 69.3 68.2 67.2 65.5 64.5 63.5 57.5 52 50.1 49.2 51.8 60.7 64.7 64.1 64 63 59.7 53.7 51.5 50.8 57.4 61.8 57.4 53.1 51 57.6 61.3 61.5 61.4 63.6 64 64.3 64.6 64.3 63.5 62.5 60.9 58.6 56.6 58.6 62.8 63.5 63.7 63.8 62.7 58.2 56.5 52.8 55.2 55.3 57.8 59.8 61.8 62.7 63.2 63 63.5 64.1 64.4 64.7 64.8 64.9 64.9 64.8 64.5 63.9 63.3 62.8
59 59.4 59.9 60.4 60.4 60.9 62.3 62.9 61.3 59.6 58.8 61.4 66.9 70.9 72.4 71.5 70.6 69.5 68.5 67.5 66.6 64.7 62.3 60.5 55.5 52.9 51.2 49.9 49.9 57.9 60.1 64.7 63.6 61 57.9 55.8 51.4 49.7 54.2 56.7 53 49.1 52 61.8 63 62.4 62.7 62.9 62.8 63.3 64.4 64.2 63.5 62.7 61.2 59.3 56.3 57 61 62.7 63.1 63 59.1 57.2 51.9 52.3 59.1 62.1 61.8 62.5 63 63.5 63.6 63.6 63.8 64.4 64.6 64.9 65 65 64.8 64.6 64.1 63.7 63.2 62.8
57.6 58 58.3 58.3 58.9 60.6 63.4 63.9 60.5 58.7 57.6 60.3 63.7 68.8 70.2 69.9 69.3 68.4 67.4 66.5 65.7 65.6 63.5 61.2 59 56.6 52.2 48.1 47.3 52.7 60.9 65.3 64.5 63.2 62.9 61.4 54.1 48.3 50 50.6 49.3 48.9 57.6 61.7 60.3 60.2 62.1 62.1 61.4 62.9 64.2 64.2 63.5 63 61.4 60.3 57.6 53.9 58.2 60.3 61.4 60.3 58.3 52.3 50.4 56.5 62.7 62.9 62.4 63.4 63.6 63.7 64 64.1 64.2 64.5 64.8 65 65 64.9 64.6 64.3 63.9 63.5 63.2 63.1
56.3 56.4 56.5 57 58.1 60.2 63.4 63.4 60.2 58.2 56.7 59 62.8 66.3 68.1 68.2 67.9 67 66.1 65.4 65.2 65.6 65.4 65.2 63.2 60.7 57 49.2 46.7 50.6 58 65 64.9 64.3 63.7 62.1 55.7 48.5 46.7 47.9 47.2 53.1 60.8 59.9 57.7 59.3 61.5 59.4 61.4 63.4 64 64.2 64 63.4 62.7 61.9 58.9 53.6 54.5 56.8 56.6 53.6 52.8 49.6 52.2 56.6 61.7 63.3 63.5 63.8 64 63.8 64 64.2 64.4 64.6 64.8 64.9 64.8 64.8 64.5 64.2 63.9 63.6 63.4 63.4
55.3 55 55 56 57 58.1 60.6 62.9 61 57.8 55.9 58.9 62.4 65.4 65.9 65.9 66 65.9 65.3 64.3 63.6 65.8 65.4 65 61.5 56.6 53.4 47.8 46.8 47.8 53.6 61.8 65.1 64.6 63.9 59.7 54.4 50 46.8 46.1 48.9 53.5 57.9 55.9 53.4 56.6 55.9 59.5 62.8 63.9 64 64.1 64.2 63.7 62.9 61.2 58.4 53.7 50.9 50.2 50 49 48.7 49.5 55.7 61.8 62.9 63.4 63.5 63.6 62.9 63.1 63.8 64.1 64.3 64.6 64.7 64.9 64.7 64.5 64.4 64.2 63.9 63.6 63.6 63.4
55.7 54.8 54.5 55.2 55.4 56.1 57.3 59.3 60.9 57.9 55.4 59 62.9 64.5 64.3 64.4 64.6 65.4 64.7 62.4 61.2 63.1 64.6 65.1 61.4 56.9 53.7 48.9 46.8 46.4 50.3 59.1 64.9 64.6 63.9 62.7 58.6 51.9 47.6 45.5 46.7 49.1 51.3 50.7 50.6 52.7 57.7 61.8 64 64 64.2 64.2 64.1 63.6 62.7 60.2 56.4 55.5 53.6 52.2 49.9 48.7 48.1 50.3 57 62.2 63 63.2 63.1 62.6 61.6 61.8 63.3 63.8 64.3 64.5 64.6 64.5 64.3 64.2 64.1 64 63.9 63.8 63.5 63.2
56 55.3 54 54.1 54 54.2 54.9 56.5 57.8 55.7 54.4 58.5 63.2 64 63.1 63.1 63.1 65 64.6 62.9 59.5 59.7 62.5 64.9 62.3 61.9 53.7 49.9 47.2 45.8 46.6 53.1 60.4 64.4 63.8 63.4 56.9 52.1 47.7 44.9 44.8 45.8 46.7 48.1 50.7 53.9 59.9 63.4 64 64.2 64.3 64.2 64 63.7 62.7 60.1 59.3 59.2 58.5 56.8 54.4 49.5 47.7 49.7 58.4 60.1 63 63.2 63.1 61.6 59.9 62.2 63.4 63.7 63.9 64.2 64.2 64 63.9 63.8 63.7 63.6 63.4 63.3 63 62.8
54.6 54.8 53.8 53 52.7 52.8 53.1 53.8 54 53.5 54.4 58.4 62.9 63.9 63.1 60.1 60.6 64 64.5 62.3 59.2 57.6 61.7 64.6 63.6 61.6 55.2 50.7 49.5 46.9 45.4 48 54.3 60.2 64.2 63.9 60.4 54.3 48 44.8 44.1 44.6 46.1 48.8 56 59.4 59.7 62.6 63.7 64 64.2 64.2 64 63.7 62.8 62.8 62.4 62.1 61.5 58.1 54 49.5 47.5 47.8 52.2 60.4 62.9 63.1 62.7 61.5 58 63 62.7 63.6 63.5 63.8 63.9 63.6 62.6 63.4 63.4 63 63 62.9 62.7 62.7
53.6 53.4 52.7 51.8 51.8 51.9 52 52.1 52.4 52.7 55.6 60 62.7 63.4 63.3 61.9 57.3 61.6 63.2 61.2 58.1 55.7 60.8 63.7 63.9 61.8 56.7 52 53.1 48.5 44.8 45.1 50.7 52.9 58.6 58.8 57 53 47.1 44.7 43.8 43.9 45.5 48.6 56 60 61.7 62.8 63.6 63.9 63.8 63.8 62.8 63.9 63.1 63 62.7 62.5 62 57.6 55.8 52 47.1 47.3 53.2 61.8 62.7 63 62.6 59.3 57.3 61 61.2 63 62.1 62.6 62.1 61.1 61.6 63 61.5 62.4 62.4 62.4 62.7 62.8
53.1 52.3 51.4 50.7 50.8 50.9 51.3 51.5 53 53.1 55 58.2 60.5 61.3 60.2 58.5 55.6 57 58.8 58.5 55.2 52.3 58.3 61 61.1 58.9 55.8 51.1 50.4 48.8 46.3 44.2 45.8 48.2 50.3 51.1 51.1 49.3 45.3 44.4 43.8 43.2 44.9 48.2 50.5 55.2 60.1 63.2 63.5 63.7 63.5 62.9 61.8 61.9 63.6 63.1 62.9 62.8 62.4 60 59 52.6 47.1 46.8 52.7 60.5 62.7 62.7 62.3 58.8 54.3 57.2 60.1 62.1 59.5 60.6 59.6 56.5 58.5 59.4 58.6 61.8 61.9 62.4 62.8 62.9
50.6 51.9 51.2 50 50 50.5 50.8 51 53 54.2 55.3 59 57.2 56 55.3 54.5 53 52.7 53.5 53.4 52.1 50 53.7 54.3 54.2 53.2 50.9 48.6 47.4 47.3 45.6 44 44.2 45 45.8 47.2 47.4 46.2 44.4 43.7 43 42.6 44.4 47.4 51.2 58.8 59.3 62.6 63.4 63.3 62.5 61.3 61.4 61 63.5 63.4 63.2 63.1 62.7 61.9 58.4 52.1 46.6 46.1 50.4 58.1 62.4 62.6 61.2 56.2 52.3 55.1 58.6 56.7 55 55 55.2 54.3 57.7 58.4 59.3 61.5 62 62.6 62.9 62.8
51.6 49.8 51.3 50.7 50.1 49.3 50.3 50.5 52.5 54.8 57.4 60 56.2 55.3 55 52.4 51 50.5 51.1 50.3 49.8 47.6 48.6 50.4 50.2 49.1 47.2 45.7 45.7 45.2 44.6 44 43.4 43.2 43.7 43.9 43.6 43 42.4 41.8 41.8 41.9 44 46.3 49.5 51.1 52.9 58.7 59.8 63.2 61.6 59.7 62 61.5 60.7 63.6 63.5 63.4 62.9 61.7 55.9 51 46.4 46.1 50.4 58.1 59.3 60.1 57.3 52.5 50.3 52.5 52.8 50.7 50.6 51.2 54.5 59.5 60.6 59.6 60.5 61.8 62.4 63 63 62.8
52.1 52.3 51.3 47.9 50.4 49.9 49.2 49.9 52.1 55.1 61 62.3 59.3 56 53.8 51.1 49.1 48.7 48.3 48.2 47.4 45.8 45.8 46.4 46.2 45.5 44.9 45 45.1 44.6 44.4 44.1 43.4 43.1 42.8 43.4 42.7 42.4 42 41.6 41.6 41.6 41.5 42.8 44.5 46 49 52.8 60.6 62.5 56.1 56 62.1 60.9 60.3 63.5 63.6 63.2 62.5 61.3 55.6 50.4 46.6 46.1 46.7 51.7 54.1 54.6 53.1 49.9 48.3 48.6 48.3 51.2 51.9 54.4 55.6 61.3 60.9 61.6 61.6 62.1 62.8 63.1 63 62.9
53.7 53.2 52.5 51.3 50.1 47 50.7 48.9 51.3 55.2 61.5 63.9 63.2 59.7 53.4 50.7 48.1 47.3 46.8 46.2 45.6 45.4 45.1 44.6 44.7 44.8 44.6 44.3 44.4 44.1 43.9 43.7 43.5 43.1 42.8 42.6 42.4 42.2 42.2 41.8 41.5 41.4 41.4 41.7 42.5 45.4 48.3 52.1 57.4 58.1 53.4 52.7 61.3 60.5 60.1 61.9 63.4 62.8 62.2 61 56.8 50.6 46.3 45.1 45.1 47.6 50.4 51 49.9 46.9 47 50 51.2 54.9 57.8 60 58.7 59.4 61.2 62.1 62.2 62.5 63.1 63.2 63.1 62.9
54.4 54.4 53.7 52.5 51.2 49.8 49.9 47.7 49.9 52.6 57.5 62.6 62.3 58.9 52.6 49.8 47.8 46.5 45.9 45.6 45.4 45.5 45.6 45.9 45.9 45.9 45.7 45.5 45.3 45 44.9 44.7 44.6 43.8 43.7 43.6 45.3 45.7 46 45.6 43.6 41.2 41.2 41.3 41.3 43.4 46.4 49.3 50.7 50.6 48.7 52.8 61.1 60.5 60 60.7 62.9 62.6 62 59.8 60.6 57.5 50.3 44.3 44.3 44.3 46.2 46.2 46.7 47.3 50.7 53.7 55.2 61.9 61.3 61 60 61.4 62.2 62.6 62.8 62.9 63.4 63.3 63.1 63
54.8 54.5 54.1 52.3 51.5 50.4 49.6 49 49.6 48.7 51.8 57.3 56.5 52.8 50.8 48.9 47.2 46.7 45.9 46.4 47.1 47.3 48.4 48.7 48.1 48.2 48.1 47.9 47.8 47.4 47 46.9 46.3 44.8 45 45.1 46 48 46.7 46.3 45.6 43.4 40.9 40.7 40.5 41.1 43.9 46.8 48.2 47.4 47.3 55.8 61.9 59.6 58.9 59.5 61.3 62.5 61.9 58.6 55.6 53.1 49 45 43.6 43.8 44.2 45.5 47.8 50.6 56.3 62.2 60.5 62.2 62.6 62.7 61.6 62 62.6 62.9 63.1 63.4 63.4 63.3 63.2 63.1
54.3 53 52.2 51.7 50.9 50.2 49.4 49.1 48.4 49.6 50 51.4 49.7 49.4 49.1 48.7 48.3 48.2 47.8 48.3 49 50.1 51.2 51.5 51.3 50.9 50.7 51.9 52.3 51.5 49.7 49.1 47.6 45.8 45.9 45.9 48.1 46.1 45.5 45 44.5 43.2 41.5 40.7 40.4 40.3 41.3 44.1 45.1 44.5 47.2 54.8 59.4 56.2 55.6 58 60.6 61.7 61.9 59.6 57.4 55.7 48 44.5 43.2 43.7 44.7 51.4 54 54.3 58.7 62.9 62.7 61.9 62.4 62.6 62.7 62.5 62.9 62.9 62.9 63.5 63.2 63.3 63.2 63.1
54.4 53.2 52.8 51.9 50.5 49.9 49.4 48.7 48 47.6 48.5 49.4 49.2 47.9 47.1 47 46.7 47.9 49.2 50.4 52.4 54.5 55.2 55.4 55.3 54.9 56.7 57.5 57.6 57.6 56.2 54.3 50.8 48 46.6 47.3 49.3 49.5 47.9 46.5 44.3 43 42.6 41.5 40.5 40.3 40.1 40.7 41.8 43.6 46.3 51.2 54 52.4 52.9 53.7 58.7 60.7 61.8 60.2 57.9 51.8 46.9 43.3 43.3 43.7 45.4 52.7 57.5 60.3 59.6 62.8 63 62.4 62.1 62.5 62.5 62.5 62.2 62.2 62.9 63.4 63.1 63 63.2 63
54.9 54.1 53.5 51.4 50.9 50.4 49.3 48.3 47.8 47.7 47.4 48 47.6 46.5 46.3 47.3 48.7 50.2 52.4 54 55.8 58.6 59.5 59.6 58.8 59.4 61.4 62.8 62.6 62 60.8 57.8 54.3 50.7 48.2 49.8 53 52.7 50.4 50.1 50 47.3 44 42.8 41 40.3 40 39.6 41.3 43.3 45 46.2 48.1 49.7 52.2 52 57.4 60.5 61.1 59.5 55 49.7 46.4 44 43.2 43 45 49.4 55.7 61.3 61.1 62.8 62.9 62.7 62.1 62.3 62.4 61.3 61.6 62.3 63.1 63.3 63 62.8 62.8 63
54.5 53.8 52.6 51.3 50.9 50.2 49 47.8 47.8 47 46.9 47.5 47.5 47.9 48 50 52.1 54.9 57 58.6 60.3 62.2 63.3 63.3 62.2 62.7 64.4 64.6 64.3 63 60.4 56.6 53.9 50.8 50.6 53.6 57.7 57.7 53.5 54.4 54.8 50.9 47.7 44.4 42.3 40.8 40.4 40.1 39.4 41.1 42.9 44 44.9 46.7 49.6 51.4 56.5 60.2 60 57.3 54 50.6 46.3 44.2 42.2 42.3 44.3 47.9 56.6 60.3 62.3 62.8 62.9 62.6 62.4 62.1 61.9 60.3 61.8 62.5 63.2 63.2 62.9 62.6 62.4 62.5
54.2 53.7 52.4 51 50 49.2 48.3 47 46.9 46.7 46.9 47.2 47.3 48.3 50.2 52.2 56.4 59.5 61.6 63.3 64.5 64.5 64.8 65.1 64.3 64.9 65 64.1 62.8 61.8 59.6 56.3 53.5 53.3 54.2 56.5 60.6 60 57.5 59.9 62.5 57.6 52.6 47.4 44.2 42.5 41.1 40.3 39.5 39 40.8 41.8 43.2 45.9 46.8 50.4 55.3 59.6 59.9 56.1 52.1 50.7 46 44.1 41.8 41.6 43.9 49 60.5 62.3 61.8 61.9 61.9 61.9 61.9 62 60.8 59.6 62.2 62.7 63.4 63.1 62.8 62.5 62.3 62
53.4 52.9 51.6 50.4 49.6 48.6 47.4 46.5 46.5 46.6 47 47.1 48 49.9 51.9 55.4 60.2 64 66 65.7 65.7 65.7 65.9 65.9 65.7 65.7 64.8 63.9 63 60.9 59 58.8 57.3 58 57.3 61.2 63.1 63 62.2 64.3 64.1 62.6 57.2 52.5 47.3 44.2 41.9 40.5 39.6 39.2 38.7 39.8 42 43.3 45.2 48.4 53.5 59.7 59.9 55.4 51 48.8 44.7 42.9 41.3 41.6 43.9 50.7 60.5 61.8 61 58.4 61.3 61.8 62.2 61.9 60.5 59 61.9 62.8 63 62.9 62.3 61.9 61.6 61.3
53 52.1 50.9 49.9 49 48.3 47.3 46.5 46.5 46.7 46.9 47.1 49.7 51.6 53.6 57.5 62.1 65.9 66.6 66.6 66.5 66.4 66.3 66.3 66.2 65.9 65 64 63 62.1 62.7 61.7 61.7 62.3 61.1 63.7 63.8 64.2 64.1 64 63.8 63.7 60.3 55.2 51.7 47.8 43.2 41 39.8 39.4 39.1 39.1 40.3 41 43.1 46.3 50.4 55.3 57.6 54.3 49.6 45.9 43.6 41.8 40.8 41 43.1 49.9 59.2 57.7 56.3 58.1 62.1 62.4 62.1 61.7 58.9 56.9 60.6 62.1 62.4 62.9 62.5 62 61.4 60.8
52.6 51.5 50.5 49.4 48.6 47.7 46.7 46.5 46.8 47.3 47.8 48.1 50.8 53.3 55.6 59.8 64.8 66.1 66.6 66.6 66.6 66.6 66.5 66.5 66.1 66.3 65.9 64.9 63.9 61.7 62.2 63.6 63.1 63.2 63.3 64.1 64.3 64.1 63.9 63.8 63.6 63.4 62.2 59.6 56.1 52 47.4 43 40.9 39.9 39.7 39.3 38.5 39.3 41.2 43.8 46.3 48 49.9 48 46.6 47 43.5 41.5 40.1 40.4 42.4 45.4 50.4 49.6 52.1 59.1 62 62.6 61.4 59.6 54.2 54.2 58.2 60.6 61.8 62.3 62.8 62.2 61.6 60.8
52.3 51.1 50.1 49.2 48.7 47.9 47.4 47 47.2 47.7 48.3 49.2 51.7 54.8 57.9 62.8 65.9 66.2 66.6 66.6 66.6 66.7 66.7 66.4 66.1 66.3 66.4 65.8 64.5 62.5 62.1 64.6 64.4 64.4 64.3 64.4 64.2 64 63.8 63.6 63.4 63.2 63.1 62.3 59.9 56.4 51.5 45.9 42.6 40.9 40.5 39.5 39.7 38.5 39.3 41.3 42.6 43.4 43.9 44.2 48 46.4 42.9 40.9 39.7 40 42.1 45.1 46.2 49.2 56 60.7 61.4 60.6 57.2 52.9 49.5 56.2 60.1 61.5 61.5 61.9 62.2 62.4 61.8 61.3
52.1 50.8 49.9 49.2 48.8 48.3 47.8 47.5 47.7 48 48.6 49.8 52.2 55.3 60.5 65.5 66.7 66.3 66.5 66.6 66.3 65.6 65.5 65.5 65.9 66 66.2 65 61.5 61.4 61.3 61.6 62.6 64.4 64 63.6 63.1 63 63.5 63.3 63.1 63.1 63.2 62.8 62.2 59.5 54.5 48.2 44.3 41.8 40.9 39.9 39 38.4 37.8 38.5 39.3 40.1 41.5 44.2 44.9 44.2 41.9 40.4 39.3 39.6 41.9 45.1 48.1 53.6 59 61.1 59.7 56.2 51.9 47.5 51.9 60.8 62.5 61.9 61.6 61.8 62.1 61.7 60.9 60.4
51.9 51 49.9 49 48.8 48.6 48.2 48 48.2 48.4 48.9 50.4 52.6 56.3 61.6 66 66.2 66.4 65.7 65.1 64.4 64.2 64.2 64.3 65.3 65.5 65.9 63.1 61.8 62.2 62.4 62 61.3 62.2 61.8 61.9 60.4 59.6 60.9 62.9 62.8 63.1 63.2 62.6 62.8 60.4 54.3 48.2 44.7 42.5 41.3 40.1 39.1 38.3 37.8 37.7 38.6 39.7 41 41 40.7 40.9 39.7 39 38.9 39.2 42.9 46.2 49.8 56.2 59.9 61 57.8 52 46.8 48.3 57.1 60.8 62.3 62 61.8 61.7 62.1 60.9 59.7 59
51.4 50.7 49.9 49.1 48.8 48.5 48.5 48.5 48.7 48.9 49.4 51 53 57.3 62.5 65.6 65.7 65 63.9 63.2 62.8 62.8 62.3 63.2 64.5 65 65.2 65.3 64.5 63.5 63.6 62.8 62.7 61.1 58.3 58.9 59.4 57.5 55.8 58.9 62.2 62.7 63.3 62.5 60.5 57.2 53.7 48.2 47.5 46.1 43.9 40.6 39.2 38.2 37.9 37.8 37.6 37.9 39 38.9 38.8 39.4 38.9 38.4 38.3 38.9 42.5 47.4 51.6 58.3 61.3 61 55.3 50.5 45.9 47.7 55.4 59.4 61.3 61.2 61.9 61.7 61.4 60.1 58.6 56.5
50.9 50.3 49.8 49.2 49.1 48.9 48.8 49 49.1 49.3 49.7 51.3 53.3 57 62.2 64.1 63.7 63.1 62.3 61.4 60.7 59.9 59.2 60.7 62 61.5 63.4 64 64.4 64.2 62.9 62.3 61.2 59.6 55.5 55 54.8 54.4 54.6 57.1 59.9 61.3 62.2 62.2 60.6 58.2 55.6 53.6 52.4 51.3 48 44 41 38.2 38 37.8 37.7 37.4 37.2 38 38.9 38.6 38.2 37.7 37.9 39.6 42.3 47 54.6 60.7 62.1 59.9 54.2 47.3 43.3 46.6 51.1 56.1 58.8 58.3 59.4 61.2 61.1 59.7 57.5 51.7
50.5 50.2 49.9 49.9 49.9 49.6 49.4 49.6 49.7 49.8 50.6 51.4 53.1 56.6 60.6 62.1 61.6 60.7 59.9 58.9 58.1 57.6 56.8 57.9 59.2 58.2 59.7 60.9 61.3 61.7 60.3 58.3 58.6 56.7 53.4 52.5 51.9 51.4 53.1 55.9 57.4 59.8 60.8 61.5 61.7 60.3 60.4 59.2 58.1 56.3 51.3 46.2 42.7 39.9 38.4 37.8 37.6 37.3 37.1 38.2 38.3 38.1 37.8 37.5 38 41.1 45.1 50.9 57 60.7 61 59.5 53.8 46.6 41.8 43.6 47.5 52 53.7 55.9 59.6 61 60.2 53.5 51.5 47.8
50.7 50.5 50.5 50.5 50.6 50.3 50 50.2 50.4 50.6 51.4 53.2 54.2 56.3 59.7 60.5 59.8 58.9 57.6 56.5 56 55.7 54.4 54.7 54.9 54.8 55.9 57.1 58.3 58.9 57.5 54.9 55.8 53.8 51.7 50.1 49.7 49.8 50.5 52.2 55.4 57.6 59.2 60.4 61 61.6 61.2 61 60.6 58.9 53.5 47.9 44 40.7 39.2 37.6 37.3 37.1 36.9 36.8 38.2 37.9 37.5 37.3 38.7 41.5 45.9 53.1 57.8 60.5 60.2 58.7 53.4 47.4 42.3 40.2 44.7 48.3 48.3 52.2 57.3 60.6 58.7 54.2 50.4 45.4
51.3 51.2 51.4 51.4 51.3 51.2 51 51.2 51.3 51.4 51.7 53.1 54.9 57.2 58.4 58.8 58.1 57.5 57.4 57 56.3 55.5 54.6 53.4 51.7 51.6 52.6 53.7 55 54.8 53.5 51.6 51.5 51.6 50.3 48.9 47.7 48.2 48.5 49.2 50.9 54.5 57.3 58.7 59.9 60.3 60.4 61 60 58.3 55.6 48.5 43.7 40.6 39 37.4 36.9 36.7 36.3 36.2 36.5 38 38 37.9 40.3 42.9 48.6 54.2 57 59.1 60.2 59 55.2 49.4 42.9 39.4 41.6 44 46.6 52.5 57.5 60.5 60 57.3 52.2 47
51.9 52.1 52.5 52.5 53 52.5 52.2 52.1 52.1 52.9 53.5 54.6 55.6 57.1 56.9 57.9 58.5 59.4 59.6 61.9 60.9 59.4 57.5 56.2 53.7 50.8 50.3 51 52.1 51.7 50.1 49.4 49.5 49.6 48.3 47 46.1 46 46.1 46.6 48.7 51.5 54.5 56 57.9 59 59.3 59.1 58.2 56.5 54.5 48.3 42.9 39.7 38.4 37.1 36.2 35.8 35.8 35.7 35.8 36.1 37.5 39.5 43 46 51.3 53.2 55.6 57.4 58.3 57.8 56.6 51.2 43.4 39.2 38.6 41.4 45.4 50.4 56.1 60.6 60.2 57.7 51.7 45.9
52.8 53.2 53.5 54.3 54.7 53.8 53.2 52.8 52.7 54.9 56.5 58 58.9 58.6 58.2 58.4 59.5 60.8 63.5 64.1 63.5 62.6 60.8 58 53.8 50.8 49.4 48.7 48.8 48.4 48.2 48 47.6 47.7 46.4 45.6 44.8 44.3 44.4 45.6 47.3 49.4 50.9 52 53.8 54.8 56.1 55.2 55.4 54.2 51.6 46.7 42 39.1 37.4 36 35.3 35.3 35.2 35.2 35.1 35.4 36.2 39.1 39.4 46.3 48.5 50.3 52.1 53.9 55.3 55.6 55 50.5 43.6 39.5 37.2 39.5 42.6 47.7 54.2 59.9 59.8 57.3 51 45.3
54.1 54.4 54.8 56.3 56.7 56.3 55.7 54 53.3 55.6 58.5 60.1 60.9 60.5 60.1 60 60.3 62.4 64.8 65.2 64 63.1 59.7 56.4 52.7 51 49.7 48.8 48.7 47.9 47.1 46.6 46.5 45.9 45.1 44.2 43.4 42.7 43.1 44.4 45.2 46.4 47.2 48.2 49.5 50.8 52.1 51.6 50.6 49.6 48.7 45.4 40.9 38.5 36.8 35.3 35.2 35.1 35 34.9 34.7 35 37.2 39.1 39.7 38.2 42.8 45.2 48.4 50.3 51.5 52.7 52.2 49.8 44.1 40.4 38.1 37.2 40.4 45 51 56.8 57.9 57.7 51.2 44.4
55.5 55.8 57.5 59.1 59.8 59 57.6 55.7 54.2 56.5 59.9 62.4 63.1 62.6 62.2 62.1 62.1 63.4 65.6 64.9 62.9 60.4 58.8 54.9 53.4 51.9 51.2 50.7 50.8 50 48 47.5 47.1 46 45.3 44.5 43.7 43.3 42.9 42.7 42.9 43.3 44 45.1 45.9 46.8 48.1 47.9 46.9 45.9 45 43.1 39.8 38 36.2 35.2 35.2 35.2 35.1 34.9 34.7 34.7 35 37.2 37.9 37.5 37.9 40.1 43.2 46.1 47.8 49.1 48.3 46.4 43.3 40.9 38.4 35.8 38.4 42.8 47.4 52.9 55.5 55.5 49.6 44.6
57 58 59.5 62.2 63.2 61.9 59.6 57.5 55.5 56.3 59.9 64.4 66.6 65.6 64.7 64.9 64.8 64.7 65.7 64 65.6 64.3 61.3 56.7 54.7 54.2 54.6 55 55.4 54.4 52.1 49.9 47.6 46.5 45.7 45 44.4 43.9 43.1 42.9 42.7 42.7 42.3 43.1 44.2 44.1 44.1 44.2 43.4 43.1 42.1 40.8 38.9 37.6 36.3 35.2 35.4 35.7 35.9 35.9 35.6 34.7 34.6 36.4 35.4 36.3 37 37.7 38.2 40.9 43 45.1 45.1 42.1 40.6 39.6 37.1 35.2 37 40.2 44.8 48.6 50.6 48.5 46 42.9
