webserver/python/data/SU42.asc
ncols 200
nrows 200
xllcorner 440000
yllcorner 120000
cellsize 50
[rows 76 to 113 of 200, columns 0 to 85 of 200]
83.4 86.7 89.3 91.9 92.4 92.2 89.7 87.2 84.5 80.8 75.4 67.6 66.5 69.3 75.9 84.5 89.7 94.1 95.3 95.6 95.2 94.7 94.5 94 93.5 94.4 95.9 96.7 97.4 97.8 97.6 97.4 97 95.5 94.5 92.8 89.4 84.4 89.2 91.7 92.6 93.6 94.5 95.8 94.5 89.4 82.5 75.5 68 62.7 59.7 56.8 54.9 56.7 60 63.2 67 72.9 80.1 88 92.6 94.7 96.7 97.4 98.4 99.4 99.7 98.3 95.1 91.3 84.7 80.5 78.5 75.9 86.8 94.3 97.1 96.8 94.8 91.2 86.1 81.6 77.7 74.2 70.9 67.4
81.7 84.8 87.9 89.2 89.2 88.8 87.2 83.7 80.4 77.3 72.4 66.2 65.3 69.9 78.1 85.3 91.7 93.3 94.2 94.5 94.3 93.7 93.2 93 92.1 91.2 93.1 93.9 94.5 95.8 95.7 95.4 95.2 94.4 92.8 91.2 89.4 84.3 84.7 88.7 90.3 91.7 93.1 93.7 92.5 86.6 81.4 74.6 67.5 62.3 58.6 56 54 56.4 60.3 63.9 71.1 78.3 83.7 88.1 91.7 93.5 94.9 94.2 96.6 97.3 97.5 96.2 93.9 89.5 84.1 77.6 73.1 78.3 86.9 90.9 92.9 91.9 90.3 86.7 83.1 78.8 75.4 72 68.2 66.1
78.5 81.2 84.6 85.1 84.6 84.2 83.4 79.8 76.3 73.2 68.7 64.9 66.6 73.6 82.1 88.8 90.9 92.1 92.7 93.1 93.2 92.6 92.2 91.7 90.8 88.8 89.9 90.9 92.6 93.6 93.9 93.6 93.3 93 91.8 90.4 88.8 85.2 81.9 85.2 88.5 90.3 91.7 91.5 90.5 84.8 79.5 73.2 66.9 62.2 58.8 56.1 53.6 55.9 60.5 59.6 77.7 82.3 85.6 88.2 90.5 92.4 93.1 93.1 94 95.1 95.7 95.5 93.6 90 84 76.3 70.7 78.1 84.2 86.7 88.2 87.2 85.3 82.1 79.4 75.7 72.3 68.4 66.3 64.7
77 78.3 80.4 81 79 79 78.8 75.7 72.1 69 65.6 64.3 70.2 79.4 86 88.4 89.7 90.5 91 91.5 91.4 91.1 90.7 90.1 89.2 87.1 87.6 89.2 90.9 91.4 92 91.7 91.5 91.3 90.5 89.2 87.9 85.2 82.2 81.7 85.5 88.2 90.1 90.9 89.5 84.4 80.1 73.9 68.2 62.5 58.9 56.4 53.9 56.6 63.2 60.1 80.3 83.4 85.9 87.4 88.9 89.9 91 91.5 91.9 92.2 92.4 92.3 91.4 88.2 82.3 74.7 69.1 75.5 81.1 83.3 83.4 82.4 80.3 77.9 75.4 71.7 68.9 66.3 64.1 65.1
76.9 73.5 75.4 75.8 75.1 74.3 73.6 71.2 67.8 65.7 64.1 67 76.8 83.3 85.7 87.2 88 88.6 89.1 89.5 89.3 89 88.8 88.3 87.5 85.6 85.5 87.2 88.9 89.3 89.8 89.9 89.8 89.8 88.9 87.8 86.6 84.6 81.5 79 83.4 86.3 88.1 88.9 88.6 87.3 81.8 75.6 69.3 62 58 55.5 53.2 57.8 64.9 73.8 79.3 82.2 84.1 85.4 87.4 87.5 88.3 87.8 88 88.4 88.8 88.9 88 84.9 80.2 72.4 67.4 73.3 77.7 78.7 78.7 78.2 75.6 73.5 71.1 68.6 65.5 63.8 63.9 65.6
77.8 72.9 70.4 71 70.4 69.9 69 66.4 64.8 63.6 64.8 70.9 79.5 83.4 84.8 85.3 85.9 86.4 86.9 87.1 86.6 86.4 86.6 86.4 85.8 84.3 83.2 85.2 86.9 87.3 87.7 88 88 87.6 86.5 85.9 85.2 83.6 80.3 77.5 81.3 84.4 85.9 86.8 87.1 86.7 83.4 76.4 69.8 62.5 57.3 54.6 53.4 58.4 67.6 72 76.7 79.4 80.8 83.3 85.9 85.9 86 84.5 84 84.3 84.3 84.2 83.4 81.2 77.4 71.2 66 70 73.2 73.7 74.2 73.5 71 69.2 67 64.7 63 63.8 65.1 67.8
77.9 74 69.6 67.2 66.4 65.9 65.1 62.9 61.9 64 69.8 76.5 80.8 82.6 82.9 82.8 83.2 83.7 84.3 84.3 84 84.3 84.4 84.2 84.1 82.7 81.7 82.4 84.3 85.1 85.5 85.8 85.8 85.5 84.5 84.1 83.7 82.1 79.6 76.3 79 82.4 83.3 84.2 84.6 84.5 82.8 76.9 71.4 61.9 56.5 53.4 53.1 58.9 64.8 69.2 72.3 75.3 77.8 82 84.4 84.7 83.1 80.6 79.9 80.1 80.1 79.9 78.6 76.7 73.9 69 64.7 66.8 68.6 68.2 68.2 67.8 66.7 65.1 63.4 62.5 62.5 65.3 67.7 71.2
76.5 74.1 69.8 65.6 64.1 63.2 62.5 61.5 63.9 70 75.9 79.5 80.6 81.1 80.8 80.6 80.7 81.1 81.6 81.7 82.1 82.1 82.2 82.1 81.8 81 79.4 79.9 81.6 83 83.2 83.5 83.6 83.4 83.1 82.6 82.2 81.7 79 75.1 75.7 79.9 80.7 81.6 82.2 82.5 81.8 77.7 72.7 62.1 56.9 53.7 52.9 57 61.6 64.9 68.8 73.6 78 81.4 82.5 82 79.9 76.8 76.2 75.9 75.8 75.3 74 72.4 69.7 66.2 63.1 63.2 64.3 64.4 64.7 63.5 62.3 62.2 62.7 63.1 64.7 67.6 71.2 81.2
74 72.1 67.7 63.8 61.9 61.2 60.8 63.7 69.6 74.9 76.2 78.1 79.3 79 78.7 78.5 78.3 78.7 79 79.7 80.3 80.2 80 79.9 79.6 78.9 77.1 77.6 79.3 80.6 80.7 81 81 81.3 81.1 81.2 81.1 80.7 78.8 74.4 73.3 77.1 78.7 79.9 80.6 80.6 80.3 78.7 73.6 65.1 57.9 53.6 52.1 55.8 59.2 64 69.4 74 77.7 79.7 79.8 79.3 76.6 73.3 72.4 71.8 71.4 70.6 69.3 67.9 64.4 62.7 61.7 61.4 61.6 61.9 62.3 61.6 61 62.2 65.1 66 68.7 75.3 86.8 90.7
70.8 68.9 65.8 62.2 60.1 60.7 62.8 67.9 73.9 76.1 76.9 77.5 77.4 77 76.6 76.4 76.2 76.2 76.7 77.4 78.1 78 77.9 77.7 77.2 76.7 74.9 75.5 77.2 78.3 78.2 78.5 78.2 78.6 79 79.4 80 79.5 78.3 73.9 71.2 73.7 75.8 77 78.3 78.4 78.7 77.1 74.3 67.9 60.2 53.8 51 54.2 57.7 63.5 69.6 74.3 77.1 77.8 78 76.1 73 70.3 68.1 67.6 67.4 66.5 65.1 63.7 62.1 60.1 59.7 59.5 59.3 59.8 60.2 61 63.8 68.7 71.9 75 82.3 87.2 89.3 90.7
67.7 65.3 62.9 59.8 59.4 62 67.1 71.4 74.1 75.7 75.8 75.8 75.4 74.9 74.8 74.7 74.4 74 74.7 75.2 75.9 75.9 75.7 75.3 74.9 74.5 73.1 73.4 75.1 75.9 75.9 75.9 75.6 75.8 76.4 77.7 78.3 78.3 77.5 74.7 69.7 70.2 72.8 74.6 75.9 76.3 76.8 76 74.1 69.7 61.1 54.5 51.2 52.1 56 61.4 68.4 72.9 74.9 75.8 74.8 72.2 68.8 66.2 64.4 64 63.9 62.8 61.7 60.6 59.1 58.4 58 58.6 59.8 61.6 64.5 67.6 74.4 77.8 80.2 84.7 85.9 87.7 88.5 88.4
64.2 61.8 59.7 59 60.5 64.8 69.7 71.9 73.1 73.6 73.6 73.7 73.3 72.8 72.8 73 72.5 72.7 73.5 74.2 73.6 73.3 73.6 73.3 73 72.4 70.6 71.3 72.8 73.5 73.6 73.4 73.1 73.3 74.3 76 76.2 76.2 75.7 74.8 70.1 68.3 69.4 72.1 73.7 74.3 73.6 73 72.4 70.5 62.5 55.2 52.1 49.8 54.4 58.8 66.2 70.6 72 72.3 70.9 68.2 65.1 61.8 60.8 60.8 60.5 59.6 58.4 57.3 56.3 56.4 57.7 60 66.2 71 76.3 77.9 79.9 81.8 83.2 84.3 85.6 86.7 86.1 86
61.3 59.5 58.4 59.3 63.2 67.8 69.8 71 71.2 71.3 71.5 71.5 71.2 70.8 70.9 70.7 70.1 70.9 71.9 72.1 71.7 71.1 71.5 71.4 71.2 70 68.7 68.8 70.2 71.5 71.3 71.2 70.7 71 72.5 73.7 74.1 74.2 73.8 73 71.2 67.8 66.6 69.9 71.9 72.1 72.4 72.4 70.9 69.9 63.9 56.7 52 49.7 52 56.5 63.1 66.3 67.9 67.9 66.8 64 58.8 58.4 57.8 57.4 57.3 56.6 55.3 55.5 57.3 59.8 61.6 70.6 74 76.5 77.3 78.9 79.7 80.7 81.8 82.8 84 83.9 83.6 83.8
59 58.1 58.8 61.3 65.8 67.5 68.7 68.9 69.1 69.1 69.2 69.4 69.1 68.6 68.2 68 68.6 69.3 69.8 69.7 69.6 69.2 69.3 69.2 69.2 67.6 66.2 67.1 68.2 69.3 69.2 68.8 68 68.9 70.4 71.3 71.6 71.7 71.7 70.8 69.7 67 65.3 67.6 69.2 70.5 70.9 69.6 69.4 69.1 66.1 59.5 53.8 50.7 50.9 53.8 59.3 61.9 63.1 60.9 60 57.5 56.6 55.2 54.4 54.3 54.4 55 56.2 59.3 62.6 66.9 62.8 71.8 74.8 75.8 76.6 77.3 78.1 79.2 79.9 80.6 80.9 81.1 81.7 81.7
57.7 57.7 59.9 63.2 64.6 65.8 66.7 66.9 66.9 66.8 67 66.6 66.4 65.8 65.7 66 66.4 67.1 67.5 67.5 67.3 67.2 67 67 67.3 65.3 64.7 65.5 66.4 67.1 66.6 65.9 66.2 67.3 68.4 68.7 68.9 69 68.9 68.4 67.3 65.4 64 64.9 66 67.6 67.7 68 68.6 68.4 66.2 59.9 55.4 50.9 48.3 52.7 55 56.8 53.6 55.4 56.5 54.7 52.8 52.7 53.7 54.2 55.3 57.3 60.7 65.5 69.3 69.9 72.6 72.5 73.4 74.3 74.7 75.1 75.6 76.3 77 77.5 78.6 79.3 79.6 79.1
57.5 57.4 59.7 62.5 62.5 62.9 63.4 64.1 64.3 64.6 63.8 62.8 63.2 63.3 63.6 63.9 64.2 64.9 65.2 65.2 65.1 64.9 64.6 65.1 64.9 63.7 63.4 63.7 65 65.4 64.4 63.2 64.6 65.7 66.3 66.1 66.2 66.5 66.2 66 64.8 64.1 64.2 65.2 66.1 66.9 66.2 66.8 66.9 66.8 65.3 61.7 57.2 52.1 49.1 49.8 51.8 53.1 51.2 52.4 52.7 51.5 52 54.2 55.6 57.3 59.3 62.9 66.7 69 70.2 70.9 71.7 71.5 72.2 72.1 71.8 72.2 72.8 73.5 74.2 75.3 76.4 76.9 77 76.5
56.4 56.4 57 59.6 60.3 61 61.9 62.9 63 63 61.6 60.7 61.3 61.5 61.6 61.8 62 62.5 62.9 63 62.8 62.6 62.7 63.2 62.7 62.4 62 62.1 62.3 62.1 61.7 61.5 62.7 63.9 63.9 63.7 63.8 63.8 63.4 63.2 63 63.3 64.3 65.2 66.1 66.4 65.8 64.8 64.5 64.7 63.9 61.3 57.9 53.1 50 47.8 49.4 48.6 50.3 49.7 50.8 53.5 55.8 58.1 61 62.7 63.8 65.6 67.7 68.7 69 69.6 70.1 70.2 70.3 69.9 69.6 69.3 69.9 70.7 71.6 72.8 73.7 74.1 74.4 73.9
55.4 54.6 55.9 58.3 59.7 60.2 61.4 62.2 62.2 62 60.7 59.6 60 59.9 60 60 60 60.2 60.6 60.7 60.5 60.4 60.6 61.2 61.2 60.7 60.2 59.9 60 59.7 59.1 59.7 60.8 61.6 61.7 61.7 61.7 61 60.3 60.7 60.8 62.9 64.2 65.5 66.6 66.1 65.4 63.8 63.5 63.8 62.5 60.9 57.7 53.8 51.2 49.4 48 48.9 49.7 51.1 54.4 58.7 59.9 61.3 62.7 64 64.8 65.7 66.5 66.4 66.5 66.6 67.1 67.2 67.4 67.6 67.3 66.9 67.3 68.1 69.2 70.3 70.8 71.3 71.7 71.5
54.7 55.6 57.1 58.7 59.8 61 61.5 62 62 61.6 60.4 59.1 58.6 58.8 58.4 58.5 58.6 58.2 58.2 58.6 58.4 58.3 58.5 59 59.1 58.6 58.2 58 57.9 57.7 57.3 57.6 58.7 59.3 59.5 59.4 59.4 58.6 57.8 58.6 60.6 62.5 63.8 65.1 65.3 65.1 63.1 62.3 61 60.3 60 60 57.2 54.5 53.2 50.7 48.1 48.6 51.3 56.6 59.1 60.4 60.7 61.4 62.1 62.6 63.4 64.1 64.6 64.5 64.4 64.4 63.8 64.4 65.1 65.3 64.9 64.5 64.8 65.6 66.7 67.6 68.1 68.5 68.9 69
54.9 56.7 58.2 59.7 60.6 60.9 61.2 61.7 61.9 61.2 60.3 59.2 58.5 58.2 57.3 57.1 57.2 56.8 56.5 56.5 56.4 56.3 56.3 56.8 57 56.6 56.3 56.1 55.9 55.8 55.6 55.6 56.8 57 57.2 57.2 56.9 56.1 56.9 57.9 60.8 62.1 63.4 64.4 63.9 63.3 61.2 58.9 58.4 58.3 58.3 57.8 56.5 54.2 52.8 50.1 47.4 48.6 52.4 56.7 59 59.8 59.8 60 60.5 61.2 61.8 62.2 62.6 62.6 62.6 62.1 61.9 62.1 62.8 63 62.5 62.2 62.3 63 63.9 64.8 65.3 65.8 66.1 66.4
56.2 57.7 59.4 60.4 60.8 61.2 61.3 61.4 61.4 60.8 60.1 59.3 58.6 57.9 57.1 56.3 55.8 55.5 55.2 54.9 54.7 54.5 54.5 54.8 54.9 54.5 54.4 54.2 54 53.9 53.9 53.9 54.6 54.7 54.9 54.9 54.8 55.6 56.6 59.1 61.2 62.6 63 62.6 61.3 59.6 57 55.8 56.2 56.8 56.3 55.8 55 53.2 51.3 49.1 46.5 48.8 52.1 56.1 57.6 58 57.9 58.2 58.6 59 59.7 60.3 60.6 60.7 60.5 60.2 60.2 60.3 60.5 60.6 60.2 59.8 60.3 60.5 61.1 62 62.6 63 63.3 63.6
58.4 59.7 59.9 60.4 60.8 60.9 61.1 60.9 60.4 59.8 59.8 59.5 58.8 57.8 57 56.2 55.5 54.8 54.4 54 53.6 53.3 53.3 53.1 52.9 52.4 52.2 52.1 52.2 52.3 52.2 52.3 52.7 52.7 53 53.4 54 55.6 58.4 59.3 58.8 58.9 59.1 58.3 55.8 54.1 53.9 53.5 53.8 53.8 53.4 53 53 51.2 49.8 47.9 46 48.1 51.9 55.1 55.9 56.1 56.1 56.5 56.8 57.1 57.6 58.3 58.7 58.9 59 58.5 58.1 58.2 58.4 58.5 58.1 57.8 58.4 58.5 58.7 59.1 59.8 60.2 60.6 61.1
59.9 60.7 60.9 60.7 60.9 60.7 60.3 60 59.4 59.6 59.7 59.8 59.1 58.4 57 56.2 55.5 54.8 54.3 53.9 53.6 53.3 52.9 52.4 51.9 51.5 51.1 50.5 50.7 51 50.7 50.8 51 50.8 51.2 52.5 53.9 56.6 59.5 58.8 56.9 55 54.5 53.8 53.3 53.3 53.1 50.8 50.9 50.9 50.5 50.7 50.8 49.2 47.8 46.6 46 46.7 47.6 54.2 54.5 54.2 54.3 54.5 54.8 55.1 55.7 56.2 56.5 56.8 57.1 56.3 56.2 56 56.1 56.5 56.1 56 56.5 56.5 56.6 56.9 57.6 58.1 58.5 58.7
60 60.7 60.5 60 59.6 59.5 59.3 59.2 59.3 59.5 59.6 59.8 59.4 58.8 57.6 56.2 55.5 55.1 54.7 54.3 54 53.6 53.3 52.9 52.4 51.7 50.7 49.8 49.6 48.9 48.8 48.8 48.9 49.1 50.6 52.4 54.8 57.1 57.7 57.1 55 52.4 50 49.6 51.1 51.9 48.7 48.4 48.3 48.7 49.4 49.3 49.1 47.6 47.7 45.7 46 45.9 51.1 53.2 53.6 52.6 52.2 52.4 52.8 53.1 53.7 54.1 54.4 54.6 54.8 54.4 54.2 54.1 53.9 54.2 53.6 54.1 54.6 54.6 54.6 55 55.6 55.8 56.1 56.5
60.2 60.1 59.2 58.2 57.8 57.8 58.4 59 59.3 59.4 59.5 59.7 59.7 59.1 58.2 57.1 56.2 55.5 55.1 54.7 54.3 54 53.7 53.3 52.9 52.7 52.4 52.5 51.5 51 50.8 51.3 48.9 48.9 50.7 52.6 55.2 56.1 56.3 54.7 52.7 49.7 47.3 47.2 47.5 48.1 47.8 47.1 46.9 46.7 48.1 47.9 47.8 46.8 46.2 45.6 46.1 46.5 50.4 51.6 52.1 51.1 50.4 50.4 50.8 51.1 51.6 52 52.4 52.5 52.6 52.4 52.3 52.1 52 51.7 51.4 52.1 52.8 53 53.2 53.2 53.2 53.5 53.7 53.8
59.9 59 58.1 57.1 56.6 57.4 58.1 58.7 59.1 59.4 59.6 59.7 59.3 59.4 58.9 58 57.1 56.3 56.3 55.6 54.9 54.4 54.1 54.1 54.8 55.3 55.5 55.7 54.6 53.5 51.9 50.7 48.9 48.9 49.3 52.6 54.2 54.8 54 52.3 50.4 48 46.1 46.6 46.8 46.5 46.2 46.2 46.4 46.6 47 46.7 46.5 46.1 45.8 45.6 45.6 45.4 47.4 49 49.7 49.8 48.9 48.7 48.7 49.1 49.5 49.9 50.3 50.4 50.6 50.5 50.4 50.3 50.1 49.8 49.5 50.4 51.1 51.3 51.4 51.2 51.2 51.2 51.5 51.5
58.9 58 57.1 56.2 56.1 56.4 57.2 57.9 58.8 59.1 59.5 59.7 59.9 59.7 59.5 58.6 57.7 57.8 57.8 57.4 56.7 55.9 55.1 55.8 57.2 58.4 58.7 59.8 59.1 56.6 55 52.2 50.1 49.3 49.6 51.3 51.7 52.5 51.7 50.7 49.4 46.9 45.6 45.9 46.1 46 45.9 46.2 46.5 46.9 46.8 46.5 46.2 46.2 46.2 46 45.4 44.9 44.7 46.3 47.2 47.2 47.1 47 47 47.2 47.5 47.8 48.1 48.4 48.6 48.7 48.6 48.4 48.3 47.9 47.6 48.6 49.5 49.5 49.4 49.2 49.1 49.2 49.2 50
57.3 56.1 55.1 55.2 55.6 55.7 56.2 56.3 57.5 58.9 59.5 59.9 60.2 60.2 59.9 59.2 58.6 59.2 59.1 59.1 58.5 57.7 57.2 58.7 60.2 61.4 61.5 61.4 61.6 59.4 56.4 53.4 51.3 49.3 48.7 48.9 49.7 50.6 49.5 48.6 47.6 46.8 45.5 45.5 45.4 45.4 45.8 46.2 46.5 46.8 46.6 46.5 46.5 46.4 46.4 46.2 45.6 45.1 44.5 44.3 45 44.8 44.4 44.2 44.9 45.8 46 46.1 46.2 46.4 46.7 46.9 46.7 46.6 46.4 45.6 46.1 47 47.7 47.5 47.4 47.2 47.1 47.1 47.8 49.9
55.4 54.2 52.1 53.8 54.5 54.8 55.1 55 55.9 57.7 59.5 59.9 60.5 60.5 60.4 59.8 60.1 60.6 60.5 60.4 60.4 59.5 60.5 62.1 63.9 64.8 63.8 63 62.6 60.8 57.6 55 52.8 50.1 48.6 48 48 48.5 47.5 47 46.7 45.9 45.3 45.2 45.1 45.3 45.7 46.1 46.5 46.7 46.7 46.7 46.7 46.7 46.5 46.3 45.8 45.4 44.9 44.5 43.7 43.6 43.7 43.6 43.3 44.2 44.4 44.1 44.2 44.4 44.7 44.9 44.9 44.8 44.8 44.1 44.8 45.6 45.9 45.8 45.6 45.4 45.2 45.6 47.1 49.1
53.2 52.2 49.8 52 52.6 53.2 53.5 53.8 54.8 56 58.3 60.1 60.7 60.7 60.6 60.9 61.5 61.9 61.9 62 62.2 62.8 63.9 65.6 67.4 67.6 68 66.6 65.3 63.1 58.8 56.6 54.3 50.7 49 48 47.4 46.9 46.5 46.2 45.9 45.3 45 44.9 44.8 45.1 45.6 46 46.3 46.4 46.5 46.6 46.8 46.8 46.5 46.1 45.9 45.7 45.6 45.4 44.6 43.7 43.2 43 42.6 42.7 42.8 42.6 42.2 42.4 42.7 42.9 43.1 43.1 43.2 42.6 42.9 43.9 44.1 44 43.8 43.7 43.6 43.8 44.9 47.7
50.9 49.9 49.3 50.4 50.6 51 51.3 52 53 54.1 55.8 59 60.1 60.3 61.1 62 62.9 63.7 64.9 65.2 64.7 66.4 68.4 71.3 74.6 76.7 75.7 70.4 67.8 65.2 60.2 56.9 55.2 51.6 49.5 48.3 47.3 47 46.6 46.2 45.7 45 44.7 44.5 44.4 44.9 45.5 45.7 45.8 45.9 46 46.1 46.2 46.2 46.3 46.2 45.7 45.6 45.4 45.3 44.7 43.9 43.1 42.7 42.3 41.9 41.2 41.1 40.7 40.6 40.7 41 41.3 41.5 41.7 41.6 41.4 41.8 42.3 42.2 42.1 42 42 42.2 43.3 46.2
49.6 49.3 49.2 49.3 49.6 49.9 50.1 50.9 52.3 54 55.7 59.1 60.2 61.6 62.1 62.9 63.5 64.7 66.7 69.1 72.5 74.9 77.2 81.2 83.5 84.2 80.9 74.9 68.7 64.5 61 57.9 55.6 52.7 51.1 50 49.2 47.8 47.3 46.8 45.8 45 44.4 44.2 44.1 44.7 44.8 45 45.3 45.4 45.5 45.6 45.6 45.6 45.7 45.8 45.6 45.4 45.3 45.2 44.7 43.9 43.2 42.7 42.4 41.9 41.1 40.3 40.3 40.1 39.7 39.3 39.5 40.5 40.5 40.3 40.2 40.1 40.5 40.9 40.8 40.7 40.5 41 42.4 44.9
48.7 49 49.1 49.3 49.6 49.9 50.2 51.6 53.2 55.6 58.7 60.9 62.4 62.7 63 63.8 63.9 64.8 67.2 72.4 77.4 82.6 86 88.8 90.2 89.3 84.1 76.4 70 65.2 62.5 59.3 56.6 54.1 52.9 52.3 51.3 49.7 48.2 47.3 46.1 45.3 44.5 43.9 43.9 44.1 44.2 44.4 44.6 44.8 45 45 45 44.9 45 45.2 45.3 45.3 45.2 45.1 44.7 44 43.3 42.8 42.4 42 41.2 40.9 40.6 40 39.5 39.1 38.8 39.5 39.3 39.1 39 38.9 39 39.5 40 39.9 39.4 39.9 41.5 43.7
47.9 49 49.5 49.9 50.2 50.7 51.7 53.3 54.8 57.5 60.5 63.7 66.3 65.5 64 64.4 64.2 64.9 69 73.7 79 83.3 86.1 89.3 90.9 90.3 86.4 78.9 74 70.2 65 60.8 58.3 56.6 55.3 53.3 52.6 51.1 49 47.9 46.8 46 45.4 44.4 43.3 43.4 43.5 43.8 44 44.2 44.4 44.5 44.4 44.4 44.4 44.7 44.9 45.7 45.7 45.7 45 44.3 43.6 43.1 42.8 42.4 42 41.7 41.4 40.8 40.3 39.7 39.1 38.7 38.2 38 37.8 37.6 37.8 37.9 38.3 38.6 38.1 37.8 40.2 42.2
48.7 49.5 50 50.6 51.2 52.7 53.2 54.8 56.3 58.7 61.4 67.6 70.6 70.4 67.5 65.4 65.1 67.5 71.6 77.4 79.1 78.3 80.4 83.3 85.9 86.5 86.2 83.6 78.1 74.1 70.1 63.2 60.4 58.5 55.8 53.1 52.2 50.9 49.7 48.6 47.4 46.4 46.5 45.2 43 42.7 42.9 43.2 43.5 43.8 44 44 44.1 44.1 44.2 44.8 45.6 47.3 46.9 46.3 45.6 44.9 44.6 44.6 43.7 43.4 43 42.5 42.2 41.7 41.1 40.5 40 39.6 39.1 38.7 38.3 37.3 37.4 37.3 37.1 37.1 36.8 36.7 38 39.9
49.4 50 50.7 51.6 53 54.4 54.8 56.2 57.5 58.9 62.1 70.1 71.9 72.7 70.7 68.6 68.5 72.1 77.4 81.6 77.3 72.9 74.4 78.9 79.1 78.4 78.9 81.2 79.2 75.7 71.1 63.9 61.2 58.7 56 53.2 51.3 50.5 49.1 48.3 47.5 46.7 45.7 45.2 42.7 42.1 42.4 42.7 43 43.3 43.5 43.5 43.6 43.7 43.9 45.3 47.3 48.5 47.5 46.9 46.2 45.8 46 46.2 45.2 44.3 43.9 43.5 43 42.8 42.8 42.8 41.6 40.6 40.1 39.7 39.3 38 37 37 36.8 36.4 36.3 36 35.8 37.5
50.1 51 51.9 53.2 54.7 56.7 57.7 60 60.4 62.3 65.8 71.8 74 75.2 74.7 73.8 75.4 78 81.7 81.2 77.5 69.7 69.1 73.8 74 71.8 74.4 76.5 74.1 70.2 66.3 62.8 60.4 58.2 56.1 53 50.4 49.7 48.9 47.3 45.9 44.8 43.7 43.6 42.3 41.8 42.3 42.2 42.5 42.8 43 43 43.2 44.2 44.9 46.9 48.8 50.1 48.9 47.7 47.1 46.8 47.4 47.8 46.8 45.7 45.7 45.6 45.6 45.9 46.1 45.3 44.2 42.8 41.5 40.7 40.1 38.8 37.5 36.8 36.4 36.4 36 35.7 35.9 35.3
50.6 52.1 53.6 54.9 56.5 59.3 62.3 64.7 65.9 68.4 70.9 74.1 76 77.5 77.7 79.2 81.1 81.6 82.5 80.4 77.2 72.7 66.6 67.7 68.8 63.9 68.7 69.8 66.2 63.7 62.1 60.4 58.5 57 55.3 51.9 49.7 48.9 48.1 47 45.4 45 43.3 43.5 42.5 41.7 41.7 42.6 42.1 42.3 42.5 42.5 43.6 44.2 45.6 47.9 49.6 51.2 49.9 49.3 48 48.2 48.8 49.4 48.4 47.2 47.3 48 48.1 47.4 49.1 49.2 47.7 45.8 44.5 42.8 41 39.7 38.4 37.1 37.2 37.3 36.5 36.7 36.4 35
