webserver/python/data/SU49.asc
ncols 200
nrows 200
xllcorner 440000
yllcorner 190000
cellsize 50
[rows 0 to 38 of 200, columns 0 to 86 of 200]
71.7 71.9 72.7 73.9 76.4 80.1 83.8 88.1 90.4 90 91.2 91.6 92.4 92.2 91.6 90.9 90.3 90.2 89.3 88.8 88.1 87.4 86.7 85.8 86.7 86.6 86.6 86.7 86.7 86.6 86.5 86.3 86 84.8 85 84.9 84.1 82.7 81.2 80.6 81 81 80.9 80.8 80.9 80.9 80.8 79.4 78.3 77.8 76.9 77.9 79.4 80.7 80.3 80.8 81.3 81.4 81.3 80.9 80.9 80.8 80.5 79.3 79.2 79.1 79.9 79 78.8 78.8 78.6 78.3 77.9 77.9 77.8 78.7 79.6 80.4 80.2 80.3 80.4 80.6 80.7 80.8 80.8 80.8 81.1
72.6 72.7 73.5 75.1 78.6 82.2 86 89.7 90.5 90 91.3 92.6 92.9 92.9 92.4 91.7 90.7 90.4 90.1 89.5 88.8 88.1 87.3 85.9 86.9 87 87 87 87 86.7 86.5 86.3 86 85.7 84.4 84.3 83.1 82 80.7 80.9 80.9 80.6 79.8 79.4 80.7 80.3 79.9 79.5 78.5 77 76.4 76.8 78.1 79 79.8 80.1 80.4 80.5 80.3 80.1 80.3 80.5 79.8 79.3 78.9 78.5 79.6 78.6 78.3 78 78 77.6 77.3 77.3 77.2 77.8 78.6 80 81 80.5 80.1 80.3 80.5 80.6 80.6 80.6 81
72.9 73.3 75 77 80.6 84.4 86.8 88.9 89.5 90 91.3 92.4 93.1 93 92.7 91.5 91.2 90.9 90.6 89.7 88.8 87.9 86.9 85.9 86.7 86.7 86.8 87 86.9 86.7 86.5 86.2 86 85.6 86 84 82.6 81.4 80.5 80.7 80.1 79.9 79.1 79.1 79.2 79 78.9 78.8 77.8 76.2 75.5 75.7 76.5 77.6 78.1 78.3 78.6 79.1 79 78.9 79.1 79.2 79.4 79 78.6 78.2 78.9 78.2 77.8 77.5 77.2 77.1 76.5 76.6 76.6 76.8 78.3 79.7 81 81 80.8 80.1 80.2 80.4 80.4 80.5 80.9
73.5 74.7 76.3 80.3 83.3 85.1 87.6 89.6 90.6 90.7 91.1 92 92.8 92.6 91.9 91.3 90.7 90.5 90.2 89.2 88.3 87.3 86.6 85.6 86.3 86.4 86.6 86.8 86.7 86.6 86.4 86.2 86 85.9 85.2 84.3 82.8 81.2 80.6 80.3 79.7 79.1 78.8 78.9 79.1 78.9 78.7 78.3 77.3 75.9 74.5 74 74.8 76.1 76.3 76.6 76.9 77.6 77.7 77.7 78 78.5 78.9 78.7 78.3 78 78.1 77.8 77.4 77.1 76.8 76.4 76 75.5 75.6 76.3 77.6 78.9 79.9 81 81 80.9 80.3 80.1 80.2 80.5 80.8
74 74 77.6 83 85.5 86.9 88.2 90.9 90.9 90.8 91.3 92.1 92.2 92.2 91.5 91 90.4 89.6 89.2 88.8 87.8 86.8 86.2 85.8 86 86.2 86.6 86.6 86.5 86.4 86.3 86.1 85.7 85 84.2 83.3 82.4 81.1 80.6 79.9 79.2 78.9 78.6 78.7 78.9 79.1 78.4 77.5 76.6 75.6 74 74.1 74.2 74.8 74.6 74.9 75.3 76 76.4 76.9 77.5 78.1 78.4 78.2 78.1 77.7 77.3 77.3 77 76.7 76.3 76 75.8 75.2 74.3 75.8 77.2 78 79.1 81 81 81 80.9 80.4 80 80.4 80.7
76 76.2 78.1 83.8 85.2 87 88.7 90 90.8 91.1 91.4 91.4 91.5 91.5 91.2 90.6 90.2 90.4 88.2 87.9 87.2 86.3 85.9 85.6 85.9 86.2 86.4 86.4 86.3 86.2 86.1 86 85 84 83.2 82.3 81.4 80.5 80 79.5 79.1 78.7 78.4 78.2 78.3 78.2 77.4 76.5 75.2 74 74 74.1 74.6 74.4 74.2 74 74 74.5 75.5 76.4 77 77.6 77.8 77.7 77.6 77.4 77 76.9 76.6 76.2 75.9 75.7 75.5 74.8 74.3 75.5 76.7 78.1 79.5 81 81 81 81 81 80.6 80.2 80.1
78.9 78.9 81.3 84.1 84.6 86.3 88 89.7 90.3 90.7 91 90.8 90.8 90.8 90.8 90.3 90.7 89.2 87 86.3 86 86 85.5 85.5 85.8 86.1 86.2 86.2 86.1 86.1 85.4 84.3 83.4 82.6 81.9 81.1 80.8 80.5 79.5 79 78.7 78.3 77.8 77.5 77.6 77.4 76.4 75.8 74.3 74 74.1 74.4 74.2 74 73.9 73.9 74 74 74.7 75.9 76.5 77.1 77.3 77.2 77 76.9 76.7 76.5 76.2 75.8 75.4 75.3 75.1 74 74 75.3 76.5 77.8 79.1 81 81 81 81 81 81 79.4 80.1
81 80.2 83.9 85.5 85.7 86.9 88.2 89.2 89.9 90.4 90.2 90.8 90.5 90.2 90.2 89.9 88.8 87.2 85.8 84.9 84.3 84.7 85.1 85.7 85.8 86.1 86 85.8 85.5 84.9 83.6 82.5 81.6 80.9 80.7 80.5 80.2 79.9 78.9 78.6 78.2 77.7 77.3 76.8 76.9 76.5 75.4 74.7 74.7 74 74.2 74 73.9 73.9 73.8 73.8 73.9 74 74.7 75.1 76.1 76.6 76.8 76.7 76.5 76.4 76.2 76.1 75.7 75.3 75.3 74.7 74.1 74 74 75.4 76.5 77.6 78.8 81 81 81 81 81 81 79.5 80.2
84.1 83.7 83.5 85.4 86 87.2 88.1 88.8 89.6 89.9 89.6 89.6 90.6 90.3 90 88.6 86.9 85.2 84.1 84 83.9 84.1 84.6 84.8 85.2 85.4 85 84.6 84.4 83.5 82.1 80.8 80 79.9 79.8 79.6 79.4 79.1 78.5 78.1 77.6 77.2 76.7 76.2 76.3 75.7 74.4 74.3 74.2 74 74 73.9 73.8 73.8 73.7 73.7 73.9 74 75.8 75.3 75.5 76.1 76.3 76.1 76 75.9 75.8 75.4 75 74.4 74.2 74.1 74 74 74.2 75.9 77.1 78.3 79.4 80.2 81 80.9 80.7 80.9 79.9 79 80.8
85.2 85.3 84.5 85.4 86.3 87 87.7 88.5 89.2 89.4 89 89 89.2 90.2 88.8 87.4 85.6 84.1 84 84 84 84.9 84.6 84.4 84.6 84.5 84.1 83.7 83.1 82.5 81.2 79.6 79.6 79.4 79.1 78.9 78.6 78.4 78 77.6 77.1 76.6 76.2 75.7 75.5 74.9 74.1 74.2 74.1 74 74 73.8 73.7 73.7 73.6 73.7 73.8 74 75.8 75.5 75.7 75.6 75.7 75.7 75.6 75.6 75.2 74.6 74.1 74.1 74.1 74.1 74 74 74.8 76.4 77.7 78.9 79.7 79.8 79.9 80 79.9 79.8 79.8 79.9 79.7
86.5 86.2 85.2 86 86 86.7 87.4 88.2 88.7 88.8 88.4 88.4 88.8 89.7 88.8 87.2 84.9 83.9 83.9 83.9 84.7 84.6 84.1 83.8 83.9 83.5 83.2 82.8 82.1 81.6 81.3 80.5 79.9 79.7 79.5 79.2 78.7 78.1 77.7 77.7 77.5 77 76.5 76 75 74.3 74.1 74 74 74 74.4 73.9 73.6 73.5 73.5 73.6 73.4 73.3 75.5 75.9 75.4 74.1 74 74.1 74 75 74.6 74.2 74 74 74.1 74.1 74 74 75.4 77.2 78.5 79.5 79.6 79.7 79.7 79.7 79.5 79.5 79.4 79.4 79.3
87.7 86.9 86.3 86.2 86 86.4 87.1 87.5 87.8 87.9 87.9 88.3 88.6 88.8 88.4 87.3 85.7 84 83.9 83.9 84.9 84.4 83.8 83.2 83 82.7 82.4 81.8 81.3 81.1 81 80.6 80.3 80 79.4 78.9 78.3 77.7 77.3 77.3 77.2 77.1 77.1 76.6 75.4 74.8 74.3 74.2 76.1 75.9 75 74.3 73.9 73.4 73.5 72.5 71.9 72.7 74 74 74 74 74.1 74.5 74.5 74.3 74 74 74 74 74 74 74 74.7 76.5 78.1 79.3 79.3 79.4 79.5 79.5 79.4 79.4 78.9 79 79 79.1
88.8 87.7 87.4 86.2 85.9 86.4 86.5 86.8 87 87.4 87.8 88.1 88.4 88.6 88.2 87.4 86.4 85.6 85.3 85 84.6 84.4 83.8 83.1 82.2 81.9 81.5 80.9 80.8 80.7 80.6 80.4 80.1 79.6 79 78.4 77.9 77.3 76.9 76.8 76.8 76.7 76.7 76.9 76.4 76 75.6 76.7 78.6 80.4 79.6 76.5 74.2 73.3 72.1 71.2 70.6 71.4 73.1 74 74 74 74.2 75 74.9 74.8 74.5 74 74 74.2 74.5 74.7 75.3 75.9 76.6 78.4 79.2 79.2 79.3 79.3 79.2 79.1 79.1 78.4 78.4 78.4 78.5
89.8 88.5 87.6 86.2 85.9 86.2 86.1 86.3 86.6 87.2 87.7 88 88.1 87.8 87.5 87.1 86.6 86 85.6 85.2 84.8 84.4 83.6 82.8 81.9 81 80.6 80.5 80.4 80.3 80.2 80.1 79.6 79.1 78.6 78 77.5 76.9 76.5 76.4 76.3 76.3 76.4 76.7 76.7 76.7 76.9 78.7 81 81 81 78.4 74.6 72.6 71.1 70.6 69.9 70.7 73.3 74 74 74 74.4 75.2 75.3 75.2 75.2 75.4 75.1 75.2 75.7 76 76.7 77.3 77.8 78.5 79.2 79.2 79.1 79 78.9 78.9 78.8 78 77.9 77.7 77.7
90.4 88.7 87.3 86 85.6 86 85.6 85.9 86.1 86.9 87.4 87.6 87.5 87.2 86.9 86.5 86.3 85.9 85.5 85.1 84.6 84 83.2 82.3 81.4 80.6 80 79.8 79.8 79.7 79.7 79.6 78.7 78.3 78 77.6 77.1 76.5 76.1 75.9 75.9 76 76.3 76.4 76 76.4 76.8 78.9 81 80.9 81 78.7 74.7 72.1 70.3 69.2 70.9 72.3 74 74.1 74.7 75.3 75.6 75.7 75.9 75.9 75.8 75.8 76.1 75.9 76.3 77 77.3 77.9 78.4 78.9 79 78.9 78.9 78.8 78.7 78.6 78.5 78.4 77.2 77 77
89.4 88.2 86.9 86.2 85.5 85.6 85.2 85.3 85.7 86.5 86.9 87 87 86.7 86.4 86.1 85.9 85.6 85.2 84.7 84.1 83.4 82.6 81.8 80.9 80.4 79.8 79.2 78.7 78.7 78.6 78.5 78 77.3 77 76.8 76.5 76.1 75.7 75.5 75.5 75.2 75.5 75.1 74.7 74.7 75.2 76.5 78 78.8 78.4 75.6 73.5 71.3 69.4 69 70.9 73.8 75.3 75 75.4 75.7 75.9 76 76.2 76.3 76.5 76.4 76.5 76.8 77.1 77.2 77.2 77.6 78.2 78.7 79.1 78.7 78.6 78.5 78.2 77.9 77.8 78.1 77.2 76.3 76.3
88.3 87.1 86.6 86.1 85.5 84.9 85.4 84.9 85 85.7 86.3 86.4 86.5 86.2 85.9 85.7 85.6 85.3 84.8 84.3 83.5 82.8 82 81.3 80.7 80.2 79.6 79 78.4 77.8 77.6 77.3 76.9 76.4 76.1 75.7 75.3 75 75.2 75.7 74.1 74.8 75.2 74.3 74.2 74.1 73.8 73.4 73.4 73.2 72.9 72.4 70.6 69.1 69 69 71.6 75 75.2 75.4 75.7 76 76.1 76.3 76.4 76.6 76.8 77 77 77.1 77.2 77.2 77.1 77.2 77.5 77.6 77.7 77.9 77.7 77.4 77.1 77.2 77.4 77.6 77.2 75.8 75.3
87.1 86.4 86 85.4 84.9 84.5 84.7 84.5 84.7 84.9 85.2 85.9 85.9 85.7 85.6 85.4 85.3 84.9 84.4 83.7 82.9 82.2 81.6 81 80.5 80 79.4 78.8 78.2 77.6 76.9 76.1 75.7 75.5 74.9 74.2 74.1 74.2 74.1 74 74.6 73.7 74 74.1 74.3 74.3 71.6 69.8 69.9 69.6 69.5 69.5 69.3 69 69.2 70.9 73.7 75.1 75.5 75.7 76.1 76.2 76.4 76.6 76.7 76.9 77.1 77.3 77.4 77.6 77.6 77.5 77.3 77 76.8 76.6 76.5 76.4 76.5 76.3 76.5 76.7 76.9 77.1 76.6 76.4 74.1
86.2 85.7 85.3 84.9 84.5 84 83.9 84.1 84.3 84.5 84.7 85.1 84.7 85.3 85.2 85.1 84.9 84.6 83.8 83.2 82.6 82 81.3 80.7 80.2 79.8 79.6 78.9 78.1 77.2 76.6 75.8 74.3 74.1 74.3 74.7 74 74.1 74.1 74 74.4 73.6 73.4 73.9 74 74 72.4 70.4 70.1 69.4 69 69 69 69 69.5 74.2 75.4 75.4 75.8 76.1 76.4 76.5 76.7 76.9 77 77.2 77.4 77.5 77.6 77.8 77.7 77.5 77.3 76.9 76.6 76.4 76.2 76.1 76 76 76.1 76.3 76.5 76.4 76.6 76.3 74.5
85.8 84.9 84.5 84.2 84 83.6 83.5 83.7 83.8 83.8 83.9 84.4 84.2 84.7 84.8 84.7 84.5 84.2 83.6 83 82.3 81.7 81.1 80.5 80 79.8 79.6 79.3 79 78.1 77.2 76.5 76.5 76.5 76.2 76.3 75.4 74.5 74.2 74 74.3 74.6 74.3 74.2 74.3 74.5 74.6 73.8 73.3 70.8 69.5 70.5 69.3 69.6 70.4 75.5 75.8 75.7 76 76.4 76.6 76.8 76.9 77.1 77.2 77.3 77.4 77.5 77.6 77.8 77.7 77.5 77.1 76.8 76.4 76.1 76 75.9 75.6 76 75.8 76 76.2 75.8 76.3 75.4 75
85.8 84.8 84.2 83.9 83.6 83.3 82.9 82.9 83 83.1 83.2 83.6 83.8 84.2 84.2 84 83.8 83.3 83.1 82.6 82.1 81.5 80.8 80.2 79.9 79.8 79.7 79.4 79.1 78.8 78.6 78.4 79 79.1 78.9 78.2 77.2 76.3 75.9 75.8 75.6 75.4 75.8 76.4 75.6 75.8 75.5 75.3 75.1 73.3 71.6 70 70.5 69.4 70.8 74.7 76.2 76.1 76.4 76.7 76.7 76.8 76.9 77.1 77.2 77.3 77.4 77.5 77.6 77.8 77.7 77.4 77 76.6 76.3 76 75.7 75.6 74.7 76 76 75.6 74.3 75.3 76 73.5 72.3
85.5 84.8 84.2 83.9 83.6 83.2 82.8 82.4 82.3 82.3 82.4 82.9 83.2 83.5 83.5 83.3 83 82.5 82.2 82 81.5 81 80.5 80 79.9 79.9 79.8 79.7 79.6 79.5 78.9 80.2 80.8 80.7 81 79.3 78.7 78.1 77.7 77.4 77 77 77.9 78.5 77 76.8 76.4 76.2 75.2 75 73.2 71.5 69.3 70.3 73.3 75.9 76 76.5 76.7 76.7 76.8 76.8 76.9 77.1 77.2 77.3 77.4 77.5 77.6 77.8 77.6 77.3 76.9 76.5 76.2 75.9 75.6 75.4 74 74.4 75.4 75.1 74.3 74.2 72.7 70.5 70.7
85.2 84.8 84.2 83.9 83.4 83 82.6 82.2 81.8 81.6 81.7 82.2 82.5 82.7 82.9 82.6 82.2 81.7 81.2 81.1 80.9 80.4 79.7 79.1 79 79 79 79.2 80.3 80.7 79 80.7 80.8 81 80.2 79.2 79.3 78.7 78.6 78.6 78.2 78.9 79.3 79.5 78 77.8 77.4 76.6 75.5 75.8 74 71.7 69.4 69.9 72.6 76 75.4 75.8 76.7 76.7 76.8 76.9 76.9 77.1 77.2 77.3 77.4 77.5 77.6 77.8 77.8 77.3 76.9 76.4 76 75.7 75.2 74.7 74.4 74.1 75.1 74.3 73.5 72.3 69.9 69 70.9
84.9 84.6 84.2 83.7 83.3 82.8 82.4 82.1 81.7 81.3 80.9 81.4 81.8 82 82.2 81.8 81.4 80.9 80.4 80.1 80 79.7 79 79 79 79 79.5 80.6 80.4 80.2 80.3 80.1 80.2 80.4 80.8 79.4 79.2 78.8 79.3 80.1 79.9 79.6 79.8 79.3 77.9 77.6 77.2 76.7 75.8 75.2 72.8 71 69.3 69 71.8 73.6 74.8 74.9 75.9 76.8 76.8 76.9 77 77.1 77.2 77.3 77.4 77.5 77.6 77.7 77.8 77.8 77.3 76.7 75.9 75.4 75 74.6 74.4 74.1 74.5 73.6 72.7 71.2 69.7 69.7 70.6
84.6 84.1 83.8 83.6 83.1 82.7 82.3 81.9 81.5 81.1 80.8 80.8 81.1 81.5 81.3 81 80.6 80.1 79.6 79.2 79.5 79.1 79 79 79 80.5 80.9 80.7 80.6 80.7 80.8 80.7 80.7 80.6 80.4 80.3 80.4 80.1 80.3 80.7 79.7 79.8 79.8 78.9 77.1 76.8 76.4 76 75.5 74.6 72.1 69.7 69 69 70 71.9 73.7 74.5 75.4 76.2 76.4 76.9 77 77.1 77.2 77.3 77.4 77.5 77.6 77.7 77.7 77.7 77.4 76.4 75.6 75 74.8 74.5 74.4 74.2 73.8 72.8 71.8 70.9 70 69 69.5
83.8 83.3 83 82.8 82.7 82.5 82.1 81.6 81.2 80.8 80.6 80.4 80.7 80 79.9 80.2 79.4 79 79 79 79.1 79 79 79.5 80.7 81 81 80.9 81.1 81.2 81.3 81.3 81.2 81 80.8 80.5 80.3 80.4 80.4 80.6 79 79.7 79.4 78.1 77 76.2 76 75.6 75.8 73.8 71.4 69.6 69.1 69 69 71.3 72.9 74.2 75.1 75.6 76.4 75.7 76.3 76.8 77.2 77.3 77.4 77.5 77.6 77.6 77.6 77.6 77.3 76.6 76 75.3 74.5 73.9 73.7 73.5 73.1 72 70.7 69.5 69 69 70.1
83 82.5 82.2 82 82.4 82.3 81.9 81.4 81 80.6 80.5 80.3 80 79.3 79.2 79 79.3 79.8 80.1 80.9 80.4 79.7 80.5 79.9 80.5 81 81 81.1 81.3 81.5 81.7 81.8 81.4 81.1 80.7 80.5 80.2 80.3 80.1 80.3 80.3 79.6 79 78 76.9 76.1 75.3 75.2 74.4 73 71.2 69.9 69.2 69.2 69 70.5 71.7 73.2 74.4 75 75.6 76.2 75.1 75.6 76.1 76.6 77.1 77.4 77.4 77.4 77.3 77.3 76.5 75.4 75.1 74.8 74.1 73.3 72.9 72.7 72.2 71.4 70.3 69.1 69 69 71
82 81.7 81.3 81.1 82.6 82.2 81.7 81.3 80.9 80.6 80.3 80.2 80.2 79.9 79.4 79 79 80.8 80.9 81 81 81 81 81 81 81 81 81.1 81.3 81.5 81.7 81.7 81.3 81.1 81 80.3 80.1 79.6 79.8 79.8 79.3 78.8 78.1 77.8 76.8 75.9 75.2 74.4 73.3 72.5 71.1 70 69.4 69.1 69 69.1 70.5 72.2 73.8 74.3 74.9 76 74.2 74.4 74.8 75.2 75.9 76.7 76.7 76.8 76.8 76.5 75.6 74 74.7 74.1 73.5 73 72.2 71.8 71.4 70.6 69.2 69 69 69 71
81 80.7 80.5 80.9 82.5 82 81.7 81.3 81 80.6 80.3 80.1 80.4 79.6 79 80.5 80.1 80.8 80.6 81 81 81 81 81 81 81 81 80.9 81.4 81.6 81.8 81.6 81.2 81.1 81.1 81 79.8 79.7 79.3 78.8 78.3 78 77.3 77.4 76.6 75.8 75 74.1 73.1 72 71.2 70.4 69.1 69 69.1 69.1 69.6 71.3 73 73.7 74.2 74.6 74.5 74 74.2 74.5 75.3 75.9 75.9 75.8 75.6 75.5 75.6 74.8 74.2 73.7 73 72.3 71.7 71 70.6 69.4 69 69 69 69 70.1
82.6 82.6 82.6 83 82.5 82.1 81.7 81.4 81 80.7 80.4 80.9 80.8 79.6 79.3 80.6 80.5 80.5 80.5 80.9 81 81 81 81 81 81 81 80.7 80.8 81.3 81.7 81.5 81.2 81.2 81 80.5 80 79.2 78.4 77.8 77.3 76.9 76.4 76.1 76.5 75.6 74.8 73.9 72.9 71.9 71 70.3 70.2 69.2 69.3 69.1 69.7 70.5 72.1 73 73.4 73.7 73.9 73.7 73.5 74.2 74.9 74.8 74.7 74.5 74.3 74.2 75 73.8 73.5 73.3 72.8 72.1 71.4 70.6 70 69.4 69.2 69.1 69 69 69.5
82.5 82.4 82.4 83.5 83.5 82.9 82 81.6 81.2 80.8 81.3 82.3 81.3 80.6 80.1 80.6 80.9 80.1 80.5 80.9 81 81 81 81 81 81 80.8 80.8 80.1 80.4 80.7 80.8 80.5 80.2 79.8 79.4 78.8 78.6 77.8 77 76.3 75.8 75.7 75.1 75.4 75.4 74.5 73.7 72.7 71.9 71.1 70.3 70 69.5 69.3 69.1 70 70.5 71.4 72.3 72.5 72.8 73 73.3 73 73.4 73.8 73.7 73.6 73.5 73.5 73.4 73.7 73 72.8 72.7 72.5 71.9 71.2 70.5 70.9 69.1 69.1 69.1 69 69 69
82.4 82.8 82.7 83.7 83.4 83 82.6 82.2 81.5 81.1 82.6 83.6 83.2 82.4 81.7 80.6 81.3 80.7 80.4 80.8 81 81 81 81 81 80.3 79 79.4 80.4 79.8 79.8 80 79.6 79.3 78.9 78.2 77.5 77.5 77.2 76.5 75.7 75 75.5 74.7 74.3 74.3 73.7 73.2 72.6 72.1 71.4 70.7 70 71 69 69.1 70.2 70.6 71 71.4 71.9 72.4 72.5 72.6 72.7 72.7 72.7 72.7 72.8 72.7 72.7 72.6 72.5 72.3 72.2 72 71.9 71.7 71 70.5 70.9 69.1 67.6 67.7 68.3 68.9 69.3
82.5 82.5 83.1 83.8 83.3 82.9 82.5 82.1 81.7 81.8 83.1 83.6 83.4 83.2 83 81.6 82.2 81.6 80.5 80.9 80.7 80.7 80.8 80.9 81 79.1 79.4 79.5 79.3 79.1 79.2 78.8 78.4 78.1 77.6 76.9 76.3 76.3 76.4 75.9 75.1 75.2 74.9 74.5 74.1 73.7 73.4 72.9 72.3 71.9 71.3 70.6 70.3 69.3 69 69 70.9 70 70.5 70.9 71.2 71.6 72 72.4 72.7 72.7 72.7 72.7 71.9 71.5 71.5 71.6 71.6 71.7 71.5 71.4 71.3 71.1 70.7 70.2 69.4 68.4 66.1 65.6 67 68.3 69.3
83.4 83.9 83.8 83.7 83.2 82.8 82.4 82 82.1 82.8 83.3 83.6 83.4 82.8 83.1 83 82.6 82.2 80.6 80.9 80.9 80.1 80.1 80.2 80.6 79.7 79.5 79.1 78.8 78.4 78.2 77.7 77.1 76.7 76.2 75.7 75 75.1 75.2 75.3 75 74.7 74.3 73.9 73.5 73.3 73.2 72.6 72 71.5 71.2 70.6 70.7 69.3 69.2 69 71 71 70.2 70.6 71 71.4 71.8 72.2 72.3 72.3 72.4 72.2 71.8 70.7 70.1 70.1 70.7 71.3 71 70.9 71.1 70.6 70.2 68.4 67.7 66.6 65.4 65.8 67 68 69
84.5 84.8 84.4 83.7 83.2 82.7 82.3 82.2 83 83.7 83.6 83.3 82.5 81.8 82.6 82.8 82.6 82.3 80.8 80.9 80.8 80.6 79.6 79.5 80.1 79.7 79.3 79 78.6 78.2 77.6 76.7 75.9 75.4 74.9 74.3 74 74.5 74.9 74.7 74.4 74.1 73.8 73.4 73.1 72.9 72.8 72.5 71.7 71.2 70.7 70.4 69.1 69 69 69 71 71 70.5 70.4 70.8 71.2 71.6 71.8 71.7 71.7 71.5 71.1 70.8 70.4 69.9 69.4 69.9 71 69 69.7 69.6 71 69.3 67.5 65.9 64.9 64.3 65.7 66.6 67.5 68.6
84.9 84.6 84.2 83.6 83.1 82.6 82.4 82.4 82.4 82.7 82.5 82.1 81.5 80.7 81.4 82.4 82.3 81.4 80.4 79.9 80.9 80.7 79.4 79.9 79.8 79.5 79.2 78.9 78.5 78.1 77.5 76.7 76 75.2 74.3 74.2 74.1 74.5 74.3 74.1 73.8 73.5 73.2 72.8 72.7 72.5 72.4 72.2 71.6 70.9 70.4 70.7 69 69 69 69 69.5 71 71 70.4 70.6 71 71.5 71.2 71.1 70.8 70.5 70.1 69.7 69.4 69.1 68.9 68.9 69.1 69.3 69.3 68.9 69.5 68.6 66.8 65 64 64.7 65.2 66.2 67.3 68.2
84.7 83.8 84.3 84.1 83.2 82.4 81.2 80.8 80.9 81.7 80.9 80 79.9 79.6 80.3 82 81.5 80.7 79.3 79.8 81 80.8 79.5 79.9 79.6 79.3 79 78.7 78.4 78.1 77.5 76.9 76.3 75.8 74.7 74.3 74.3 74.4 73.9 73.5 73.2 73 72.6 72.4 72.3 72.1 72 71.8 71.6 70.7 70.2 69.5 69.3 69.3 69.2 69.1 69.1 69 71 69.5 69.3 71 70.8 70.5 70.1 69.8 69.4 69.1 68.7 68.4 68.1 67.9 68 68.2 68.4 68.4 68.3 68.3 67.1 66.2 64.3 64 64.8 64.9 65.9 66.9 67.8
84.2 84 83.9 83.7 82.8 81.4 80.2 79.3 80.5 81.4 79.9 78.7 79.4 79.4 80.6 81.4 81.4 80.6 80.6 81 79.9 80.2 80 79.6 79.4 79.1 78.8 78.5 78.2 77.9 77.3 77.1 76.3 75.1 74.4 74 74.7 74.3 73.8 73.4 72.9 72.5 72.2 72 71.9 71.7 71.6 71.4 71.3 70.7 69.5 69.5 69.5 69.4 69.4 69.3 69.2 69.2 69.2 69.5 69.8 70.1 69.8 69.5 69.1 68.8 68.4 68 67.6 67.4 67.2 67 67.1 67.3 67.5 67.5 67.6 67.4 65.9 65 64 64 65.7 65.9 65.4 66.5 67.2
83.7 83.3 83 82.9 81.9 80.7 80.1 78.7 79.6 79.9 79 77.7 78.2 79 80.2 80.2 80.6 81.2 80.4 79.1 79.7 79.8 79.8 79.5 79.2 78.9 78.6 78.3 78 77.7 76.9 76.6 76.3 76.1 75.8 75.2 74.5 74.1 73.6 73.1 72.7 72.5 72.1 71.5 70.9 70.4 70 69.6 69.1 69 69.4 69.4 69.4 69.5 69.6 69.5 69.4 69.4 69.3 69.3 69 69 68.7 68.4 68.1 67.7 67.3 66.9 66.7 66.5 66.4 66.3 66.4 66.7 66.7 66.8 66.9 66.6 65.4 64.4 64 64 64.3 65 64.5 66 66.6
