webserver/python/data/SU52.asc
ncols 200
nrows 200
xllcorner 450000
yllcorner 120000
cellsize 50
[rows 108 to 143 of 200, columns 0 to 80 of 200]
65.6 64.6 63.4 62.5 64.2 66.1 67.6 69.3 71 72.5 72.9 74.6 76.6 78.6 80.4 82.5 85.2 86.3 87.1 87.2 86.9 86.4 85.8 85 83.2 81.2 79.3 77.3 75.3 72.9 69.6 66.4 63.3 61.9 64.8 67.3 70.4 72.8 75.3 76.2 76.8 76.4 75.9 75.1 75.8 77.9 78.3 79.6 83 86.8 89.6 91.4 92.6 93 93.3 94 95.7 97.9 99.9 101.7 102 102.6 101.5 100.6 99.6 100.1 103.2 106 109.2 111.9 113.5 114.4 115.9 116.4 116.6 116.5 116.1 114.2 112.8 111.4 111.5
66 66.2 65.2 64.8 65.7 67.5 69 70.7 72.4 74.2 75.4 77.2 79.8 82.2 83.6 85 85.8 86.2 86 85.4 84.3 83.7 83.2 81.8 79.9 77.9 75.2 73.2 71.2 68.8 66.1 62.8 60.3 63.8 66.6 69.3 72.4 75.5 78 79.8 80.4 80.1 79.5 78.1 77.2 81 83.1 82.4 81.2 84.7 89 91.4 92.9 94.3 94.9 95.5 96.8 98.4 100.6 102.8 104 104.6 104.8 104 103.2 104.2 106.4 108.6 110.8 112.2 113.6 114.7 115.5 115.4 115.4 114.9 113.6 111.6 110.4 110.7 112.8
67.3 67.9 67.4 67.2 67.8 69.2 70.7 72.4 74.8 78.1 79.1 81.2 83.4 84.8 85.3 85.5 85.3 84.8 84.1 83.2 82.1 81 80 78.4 76.7 74.8 72.3 69.4 65.3 64.4 62.2 61.1 63.7 66.6 69.8 72.3 74.7 78 80.8 82.1 83.2 83.3 83.1 81.6 79.5 81.6 84.5 85.3 85.3 83.7 87 90.1 93 94.5 96.2 97 98.5 100.1 102 104.2 105.9 106.6 107.3 107.2 107.1 107.5 109.1 110.9 112.1 112.9 113.8 114.7 114.5 114.5 113.8 112.7 111.2 108.8 109 111.3 114.1
69.7 70 69.9 69.7 70.2 71.1 73.2 75.5 79.6 82.5 84.2 85.4 85.8 85.9 84.9 84.4 83.6 82.9 82.1 80.9 79.7 78.2 76.7 75 73.4 71.6 69.3 65.2 62.7 60.5 61.7 64.3 67.7 71 73.7 75.7 77.5 79.4 82.2 83.7 85 85.5 85.2 83.9 81.9 81.2 83.6 85.3 87.8 87.4 86.7 88.1 92.2 94.6 96.5 98.4 100.3 101.9 103.5 105.5 107.2 108.7 109.4 110 110.7 111 112 112.9 113.5 114.1 114.1 113.9 113.6 112.9 111.8 110 107.8 107.5 110.3 113.2 114.5
71.8 72.3 72.6 72.7 73.2 74.6 80 84.1 87.4 88.8 88.5 87.6 85.8 85.2 83.6 81.8 80.7 80 79.2 77.9 76.4 74.9 73.4 71.9 70.2 68.3 65.2 61.8 60.9 61.5 64.1 68.1 71.7 74.2 75.7 77.6 79.6 81.5 83.4 85.1 86 86.6 86.7 85.7 84.3 84 85 86.5 88.5 90.2 89.8 88.7 90.3 93.7 96.5 98.8 101.2 103.1 104.9 107 109.5 111.1 111.6 112.2 112.8 113.5 114.2 114.1 114.4 114.1 113 112.4 111.8 110.4 109 106.5 106.4 109.6 112 114.4 115.2
77.2 78 79.6 80.4 83 88.5 92.4 93.3 92.8 91.9 89.8 88 85.6 83.5 81.3 79 77.5 76.2 75.1 74.2 73 71.5 70 68.2 66.2 63.7 60.8 60 61.5 63.5 67.2 70.9 73.3 75.2 77 78.6 80.2 81.8 83.4 85.3 86.6 87.4 88.1 87.3 86.6 86.7 87.1 88.7 89.8 91.3 92.3 91.8 91.3 93.2 96.1 99.3 101.6 103.9 106.2 109 111.9 113.2 113.8 114.3 114.9 115.6 114.9 114.4 113.3 112.2 111.1 110.6 109.4 108.1 105.7 105 108.5 111.8 114.1 115.4 115.9
89.9 90.5 92.3 93.8 95.8 97.7 98.3 97.4 94.7 91.8 88.9 85.2 82.8 79.8 76.9 74.6 73.1 71.9 71.1 70.3 69.1 67.8 66 64 61.7 58.7 58.8 60.3 62.7 65.6 69 71.4 73.4 75.1 76.9 78.5 80.1 81.8 83.4 85.4 87.1 87.9 89.6 89.4 89.4 89.5 89.8 91 91.9 93.2 94.3 94.9 94.4 94.3 96.2 99.4 102.2 105 108.5 112.3 115.4 117.4 117.1 116.5 117 116.2 114.9 112.3 111.1 110.2 109.1 108.2 106.4 104.9 103.3 106.7 110.2 113.2 114.9 116.4 116.5
99.1 101.3 101.6 101.7 101.5 101.1 99.8 96.4 92.4 88.8 85.1 81.1 78.4 75.3 72.4 70.4 68.9 67.8 67.1 66.3 65.2 63.7 62 60.2 57.3 58.1 59.5 60.7 63.5 66.1 68.5 70.9 72.2 74 76.3 78.1 80 81.7 83.4 85.4 87.3 89.1 90.7 91 91.5 92.3 92.8 93.4 94.6 95.6 96.4 97.2 97.6 97.7 98.6 100.7 103.3 108 112.5 116.7 119.7 121 121.8 121 119.1 116 113.2 110.4 108.8 107.5 106.3 105.2 103.4 102.5 104.6 108.2 111.7 114.1 115.8 117.5 117.4
104.7 106.6 106.4 105.1 103.1 100.5 96.8 92.7 88.6 84.9 80.1 77.4 74.2 70.8 68.4 66.5 64.9 63.7 62.7 62 60.3 58.9 57.5 56 57.8 59.4 61.4 62.4 63.1 65.5 67.4 69.2 70.8 73.2 75.6 77.5 79.4 81.3 83.5 85.9 88 90.1 92.5 93.3 93.8 95 96 96.7 97.6 98.6 99.4 100.1 100.7 101.1 102.1 105 107.8 112.5 116.9 120.1 122.1 123.6 124.3 122.6 119.5 115.4 111.2 107.5 105.5 104.5 102.9 101.3 101.1 104.2 107.2 109.7 113 114.9 116.8 118.1 118.2
108.3 108.9 107.6 105.1 101.4 96.1 92.2 87.2 83 78.9 75.6 72.4 69.3 66.7 64.6 62.7 61 59.6 58.6 57.6 55.8 54.8 56.4 58 59.9 61.9 63.9 65.7 67 66.4 66.6 67.9 70.1 72.5 74.9 76.8 78.8 81.1 83.5 86.1 88.7 91.4 93.9 95.6 96.3 97.6 98.8 99.6 100.2 101.1 102 102.9 103.7 104.5 106.7 109.9 112.9 117.5 120.4 122.7 123.7 124.4 123.8 122.6 118.6 114 108.5 104 101.9 101.1 100.2 100.6 102.4 105.7 108.6 111.4 113.8 115.7 117.6 118.1 117.7
109.4 108.1 105.5 101.9 97.3 91.9 86.1 80.8 76.2 73.4 70.6 67.9 65.3 62.9 60.8 58.9 57.1 55.6 54.6 54.1 55.7 57.2 58.8 60.2 62.1 64.4 66.3 67.8 69.3 69.5 68.5 69 70.2 72.1 74.2 76.4 78.8 81.1 83.6 86.6 90.1 93.2 95.4 97.8 98.9 99.9 100.8 101.4 101.1 102.6 103.9 104.8 105.9 107.9 111.3 114.7 118 120.8 122.7 124.1 124.3 123.6 122 120.3 116.3 111.3 105.4 100.7 98.7 98.3 99.1 101.9 104.9 107.5 110 112.3 114.1 115.8 116.8 116.8 116
109 106.2 102.1 97.2 92 85.3 79.6 74.7 71.2 68.8 66.8 64.1 61.7 59.6 57.6 55.1 53.4 53.5 54.9 56.5 58.2 59.7 61.3 62.4 63.6 65.9 67.7 69.2 70.8 71.4 71 71.8 72.5 73.5 74.9 77.1 79.6 82 84.5 87.7 91.6 95.1 97.4 99.3 100.6 101.6 102.1 102.3 102.5 103.9 105.4 106.7 108.3 110.8 114.2 117.3 120.4 122.7 124.1 124.3 123.5 122.7 119.9 116.8 112.9 107.2 101.4 97.9 96.9 98 101 103.7 105.9 108.4 110.9 112.7 114.4 115.4 115.8 114.9 114.3
107.7 103.2 97.5 91.6 84.5 79 73.5 69.6 66.7 64.8 63 60.7 58.2 56.3 53.9 52.9 54.7 56 57.4 58.9 60.6 62.2 63.6 64.6 65.5 67.4 69 70.6 72.2 73.3 73.5 74.4 75 75.4 76.5 79.1 81.1 83.3 86.6 89.8 93.2 96.9 98.9 100.5 101.4 102.5 103.1 103.1 103.8 105.2 106.1 107.2 109.8 112.9 116 119.1 122 123.7 124.6 124 123.2 121.3 117.8 112.7 107.5 101.7 97.5 95.5 96.6 99.3 102.5 105 107 109.3 111.4 113 114.1 114.4 114.7 113.8 112.2
105.5 99.7 93 85.5 78.4 73.1 68.9 65.9 63.8 61.7 59.7 57.7 54.8 53.1 52.5 55.1 56.7 58.3 60.9 61.9 62.1 63.7 65.8 66.8 67.7 68.8 70.4 72 73.6 75.2 76.1 76.8 76.5 77.1 77.8 81.1 85.1 88.2 91.1 94 95.8 98.5 99.7 100.7 101.4 101.9 102.3 102.6 102.6 103.8 104.7 106.9 110 113.6 116.7 120.4 123.5 124.5 124.5 123.9 122.4 119.8 115 109.2 102.7 98.2 94.9 93.9 97.3 100.5 103.3 105.6 107.8 110 111.7 112.8 113.1 113.3 113.4 112.6 110.8
102.8 96.1 87.6 79.5 72.4 67.9 64.6 62.7 60.8 58.8 56.8 54.8 53.1 52 55 56.6 58.2 59.8 62 63.8 63.8 64.7 66.8 68.7 69.8 70.9 72.4 73.9 75.5 77.7 80.9 82.7 83.4 85.8 88.1 90 92.5 95.1 97 97.4 97.9 99.3 99.6 99.8 100.4 100.4 100.5 100.3 100.6 102.6 104.6 107.2 110.6 114.2 117.8 121.8 124.9 125.5 124.5 123.2 121.6 118.1 113.6 107.7 100.9 96.1 93.2 94.1 97.5 100.6 103.6 105.7 107.8 110.1 111.9 112.4 112.7 112.9 112.3 110.9 107
99.3 92.2 82.2 72.7 66.9 63.6 61.3 59.4 57.5 55.6 53.7 52.2 51.6 54.1 56.3 58.2 59.7 60.7 62.5 64.3 65.8 66.2 68 69.7 71.5 73.1 74.9 77.2 80.1 84.5 90.1 94.8 96.4 97.6 99 98.9 99.5 100.2 100.2 100 99.1 99 98.9 98.2 98.3 98.3 98.3 98 100 102.7 106.1 107.8 111.3 115.5 119.9 123.1 126.3 125.6 124 122.4 120.2 116.9 112.3 105.3 99 94.5 92 94.7 97.8 100.9 103.7 105.8 107.8 110.1 112 112.2 112.4 112.4 111.2 109.1 105.2
94.9 87.4 76.7 67.3 62.5 59.9 58 56.1 54.1 52.3 51.7 51.5 52.7 54.9 56.9 59 60.9 62.3 63.8 65.6 67.3 68.2 69.8 71.5 74 77.9 80.1 84.8 89.7 94.8 100.3 104.1 106.4 107.1 105.8 104.2 101.2 101.5 100.8 99.4 97.9 96.8 96.1 95.4 95.2 95.5 94.7 95.4 98.6 101.7 104.6 108.3 113.2 117.9 122.7 126.1 126.9 124.8 123.2 121.6 119 115.3 109.9 103.3 97.6 92.6 91.4 95 98.1 101.1 103.7 105.8 107.9 110.1 111.8 112 112.1 111.3 110.1 107.4 103.1
89.5 81.7 71.1 62.6 58.3 56.2 54.6 52.7 51.1 50.8 51.3 52.1 54 55.7 57.4 59.4 61.1 63.2 65 66.8 68.5 70 71.9 74 78.7 85.8 90.1 94.2 99.5 104.5 106.7 110 111.3 110.4 108.6 106.9 103.7 100.9 98.1 96.7 95.5 94.4 93.2 92.5 92.4 92.6 94.3 97.1 101.3 103.7 105.9 109.6 115 120.1 125.7 127.7 126.3 123.7 122 120 117.8 113.7 109.1 102.5 96.9 91.6 91 94.6 98 101 103.6 106 108.3 110.5 111.2 111.7 111.3 110.1 108.8 105 100.5
83.6 75.3 65.6 58.5 54.5 52.5 51.1 49.9 49.7 50.3 52 54.2 56 57.2 58.8 60.3 62.2 64.3 66.3 67.9 69.7 71.2 74.3 78 83 91.4 97.9 103.8 107.4 109 110.9 113.3 112.9 111.8 109.6 106 102.3 98.9 95.7 94 93.1 92.1 90.8 90 91.2 93.8 96.1 100.6 105.4 108.7 111.3 113.9 117.6 120.8 123.7 125.8 124.3 122.2 120.2 118.3 116.1 112.9 108.1 101.9 96.1 90.7 90.3 94.1 97.3 100.3 102.7 105.4 108.1 110.3 110.9 110.8 109.8 108.8 106.7 103.4 98.5
79.3 68.9 60.5 55.1 51.7 49.9 49.5 49.5 50.2 51.4 54.7 57.2 58.2 58.8 60.3 61.8 63.6 65.5 67.6 69.1 70.8 75.9 83.7 87.6 89.5 95 102.6 107.6 110.9 112.8 113.6 114.1 113.1 111.2 108 102.9 99.2 95.2 92.7 91.3 90.5 89.4 88 89.2 91.4 94.6 99.2 104.5 109.3 113.1 115.6 117.5 118.5 118.9 120.9 120.9 120.1 119.6 117.6 116.4 113.9 111.3 107.7 101.6 95.9 90.4 88.8 93 96.6 99.4 102.1 104.7 107.2 109.4 109.9 109.3 108.7 107.6 105.4 101.8 96.8
75.1 64.5 56.8 51.8 49 48.4 48.9 50.6 51.5 55.4 57.7 59.3 59.7 60.3 61.9 63.4 65.1 66.9 68.9 70.4 76.5 85.6 92.1 96.9 99 102.6 106.5 109.3 112.6 114.6 114.1 113.3 111.7 109.9 106.1 101.1 95.4 91.5 89.1 88.2 87.2 86.8 87.9 90.2 93.3 97.7 102.7 107.2 110.9 114.4 117.1 117.9 117.8 116.9 117.2 116.7 116.4 116.2 115.4 114.6 112.1 109.9 106.8 101.5 95.6 89.7 87.4 91.9 95.5 98.7 101.2 103.8 106.4 108.2 108.6 107.9 107.3 106.1 104.1 100.5 95.9
70.7 60.4 54.1 49.7 47.2 48.1 49.2 50.9 53.9 56.8 58.4 60.1 60.9 61.7 63.3 64.9 67.3 68.7 70.4 77 86.5 94.8 99.6 103.3 105.8 108 110.1 112 114 115 113.3 111.6 109.9 107.5 103.2 98.1 92.8 88.4 86 85.2 84.7 86.3 88.9 91.9 95.5 100.8 104.9 108 110.6 113.4 116.3 116.1 115.2 114.6 113.9 113.3 112.8 112.6 112.5 112.5 111.5 109.5 106.1 101.4 95.4 89.6 86.2 90.6 94.2 97.6 100.5 103.1 105.6 106.9 107.2 106.8 105.9 104.5 102.8 99.7 95.5
66.9 57.8 52.2 48.1 47.1 48.5 49.7 50.8 53.6 56.4 58.5 60.5 62.1 63.1 64.6 66.1 69.6 72.5 76.7 85.6 93.6 100.4 104.6 107.6 109.4 110.6 111.8 113.8 114.6 114.3 112.6 110.2 106.3 103.4 99.8 94.7 89.8 86.4 84.1 83.5 85.4 87.7 90.1 93.6 98.5 102.5 105.8 107.6 109.3 110.6 112.1 112.9 112.3 111.2 109.6 108.7 108.5 108.5 109.3 110.7 110.4 108.9 105.4 101.2 95.4 89.7 85.4 89.3 93 96.3 99.6 102.2 104.4 105.7 105.5 105.3 104.1 102.5 100.8 98.4 94.6
64.4 56.3 50.9 47.2 46.8 47.8 48.7 51.1 53.1 55.7 58.2 60.2 62.2 64.3 65.8 68.1 71.7 76.2 81.6 89.5 97.1 103.1 107.6 109.8 111 112.2 113.4 114.6 114.2 113.6 111.8 107.8 103.5 98.9 95.5 91.5 87.1 83.6 82.6 83.9 86.2 88.6 92.1 95.9 100.1 103.4 105.3 107.1 108.3 108.4 109.1 109.2 108 107 105.3 104.8 104.4 104.8 106.8 108.7 109.5 108.3 105.1 100.7 94.5 89.2 84.7 88.1 92 95.3 98.5 101.1 103.2 104.1 103.8 103.6 102.3 100.9 99.2 96.9 92.1
62.1 55.2 49.6 46.4 45.6 46.4 49.6 51.8 53.7 55.6 57.7 60 62.3 64.8 66.9 70.2 74.6 80.6 86.7 92.7 99.2 104.7 108.4 110.7 111.8 112.5 113.2 113.7 113.7 113 110.3 106.2 100.6 94.8 90.9 87.9 81.1 81 82.2 84.6 87 89.8 94.5 98.2 101.4 103.8 104.8 106.2 106.1 106.2 106.1 105.3 104.3 102.9 101.3 101.6 101.2 102.5 105.5 108.2 109 107.7 105 100.6 94.3 88.6 84.2 86.4 91 94.1 97.2 99.9 101.7 102.7 102.3 101.9 100.3 98.5 97 94 90.4
61.7 53.6 48.8 45.9 44 46.9 49.8 52.3 54.2 56 57.8 60.1 62.5 65 68.1 72.8 78.4 83.9 90.8 97.2 101.9 105.8 107.9 110.1 110.6 111.4 112.1 112.9 112.9 111.7 108.8 104.2 98 91.2 86.6 84.3 82 81 82.6 85.4 87.8 92.1 96.9 100.3 102.4 103.8 104.2 104.1 104 103.1 102.1 101.4 100.6 99.4 97.6 97.5 98.1 101.6 105.2 107.8 108.7 107.3 104.8 100.9 94.9 89.2 84 85 89.5 92.7 95.8 98.6 100.5 101.2 100.7 99.4 97.3 95.8 94.5 92.2 88.8
64.5 54.6 48.7 45.7 44.4 47.4 49.4 51.9 54.3 56 58 60.2 62.6 65.5 69.8 76.2 82.2 88.9 94.7 99.7 103.4 106 107.9 108.8 109.1 109.8 110.5 111.2 111.6 110.5 107.3 102.8 97 90.2 84.9 81.4 79.9 80.3 83 85.8 89.9 94.7 98.8 100.5 102.6 102.6 102.6 102 101.2 99.8 98.9 98 97.1 96.3 94.8 94 96.7 100.9 105.4 107.8 109 107.3 105 100.9 95.5 89.4 83.9 83.4 87.6 91.2 94.4 97.3 98.9 99.5 98.6 96.7 94.5 93.2 92.2 90 86.5
64.6 55.8 49.2 45.4 45.1 47.9 49.8 51.6 53.8 56.2 58.4 60.4 63.7 67 72.8 80.5 86.4 92.4 97.9 101.3 104.2 106.1 106.7 107.2 107.4 108 108.7 109.4 109.9 109.3 105.9 101.4 95.9 89.4 84 79.9 79.2 81 83.6 86.8 91.6 97.1 100.3 101.2 102.1 102.1 100.6 99.1 98 96.5 95.6 94.7 93.8 93.1 92.5 93.5 95.4 100.6 105.7 108.3 109.5 108.2 105.5 100.9 95.2 89.3 83.1 82.3 85.9 89.6 92.8 95.6 97.4 97.7 96.8 94.5 92 90.5 89.2 87.4 83.9
62.2 54.3 49.2 45.2 45.1 47.7 49.4 51.2 53.8 56.4 59.4 61.5 65.3 70.2 77.9 85.8 91.7 96 100.1 102.5 104.2 105 105.3 105.3 104.2 104.6 106 107.3 107.6 106.8 103.6 99.5 94.4 88.5 83.4 78.8 78.4 80.8 84.1 88.1 93.3 98.2 101.3 102 101 99.4 97.9 96.4 94.8 93.2 92.3 91.4 90.6 90.5 91.6 94.1 96.4 101.1 105.9 109.2 110.2 109 105.8 100.6 94.8 88.5 82.4 81 84.1 87.9 91.2 93.7 95.9 96.3 94.9 92.6 89.7 87.5 86.2 84.7 81.4
59.7 53 48 44.4 45.1 47.3 49 51.2 53.8 56.6 59.6 62.6 68.3 75.9 83.6 89.7 94.5 98.9 100.9 102.3 103.1 103.7 103.3 102.9 100.9 101 102.4 103.7 103.9 103.3 100.9 97.2 92.8 87.3 81.7 77.8 77.7 80.6 84.3 90.1 95.5 99.6 101.4 101.1 99.6 97.4 95.2 93 91.5 89.9 89.1 88.3 88.5 89.8 92 94.8 98.5 103.1 107.8 110.9 111.8 110.6 107.4 101.3 94.4 87 81.6 79.6 82.1 86 89.4 92 93.8 94.8 93.1 90.6 87.5 84.7 83.2 81.8 78.7
57.1 51.9 47.2 43.5 44.4 46.5 48.8 51.5 54.4 57.4 60.4 66 73.7 81.3 87.6 92.7 96.3 99.1 100.7 101.2 101.7 101.5 101.2 100.5 98 97.1 98.7 99.9 99.7 98.7 96.2 93.7 90.2 85.3 80.6 76.8 77 81.4 88.5 94.6 98.3 100.6 101.1 99.4 97.8 95.2 92.4 90 88.3 87.1 87 87.4 88.8 90 92.3 97.1 102.3 106.3 110.2 113 113.4 111.8 109.6 104.7 98.3 89.4 81.8 77.8 79.7 84.1 87.5 90.1 92.3 93.2 91.6 88.9 85.6 82.2 79.9 78.6 75.5
55.1 50 45.7 42.8 44.5 46.9 49.4 52.5 55.4 60.3 65.5 73.3 79.8 85.2 90.5 94.1 96.8 98.3 99.3 99.7 99.5 99.4 99.1 98.1 95.8 94.1 94.7 94.6 94.2 93.4 92.2 89.8 87.2 83.3 78.9 76.3 76.5 84.7 92.7 97.9 100 101.1 100.5 98.1 95.5 92.3 89.4 87.1 85.4 84.5 85.3 87.3 89.4 90.5 91.3 101.7 106.6 110.9 113.4 114.9 115.3 113.9 111.4 107.8 102.2 95.1 86.5 78.8 77.3 81.2 85.2 87.9 90.6 91.6 89.7 87.2 83.9 80.2 77.3 75.3 72.1
53 48.2 44.5 41.8 44.3 47.3 50.3 53.4 57.6 64.2 71.6 78.8 84 89 92 94.1 96.2 96.8 97.5 97.4 97.3 97.2 96.9 96.5 93.9 91.1 90.2 90 89.6 88.9 88.1 86.3 83.8 80.2 76.2 75.1 80.6 90.1 96.6 99.6 100.7 100.3 99.1 96.5 93.3 89.4 86.5 84.2 83 83.2 85.2 87.3 89.8 93 97.6 102.5 108.3 113.1 115.7 116.8 117.3 116.3 113.5 109.7 105.1 99.4 92.4 84.3 77 78.4 82.2 85.8 88.6 89.4 88.1 85.4 82 78.3 75.2 71.7 71.6
50.2 46 43.4 41.9 45 48 51.1 55.1 61.1 68.8 76.1 82.2 86.6 90 92.4 93.8 94.6 95 95.2 95.2 95.1 95 94.8 94.5 92.8 89.6 86.4 85.6 85 84.3 83.6 82.4 80 77.1 74.7 76.2 85.8 93.9 96.7 100.2 100.5 99.5 97.5 94.4 90.7 87 83.8 82.1 82 83.9 85.1 86.9 89 92.1 96.6 101.8 106.6 110.9 115.3 117.7 118.4 117.5 114.3 110.4 105.8 101.1 95.4 88.6 80 74.9 79 82.6 85.6 87 85.6 83 79.5 75.8 72.1 71.6 72.8
47.5 44.1 41.4 42.8 45.7 49.2 53.3 60 66.7 73.6 79.4 84 86.8 89.9 91.2 92.1 92.6 92.7 92.9 92.9 92.9 93.4 93.2 92.2 90.1 86.5 82.6 81 80.8 80.2 79.5 78.2 76.7 75.1 73.6 82.4 91 96.3 98.1 99.1 98.9 97.6 95.2 91.8 88.2 84.6 81.5 80.9 82.9 85.8 86.9 88.1 89.3 90.9 94.4 98.7 103.1 109.1 114.2 117.8 118.8 117.2 112.7 108.5 102.8 97.9 93.3 88.1 82.2 74.6 75.5 79.2 82.8 84.2 82.9 80.4 76.8 72.4 70 71.8 73.5
44.6 41.5 41.3 43.7 47.2 51 58.5 65.9 71.6 76.9 81 84.3 86.8 88.4 89.5 89.9 90.2 90.4 90.5 90.7 91.4 91.5 90.8 89.4 86.8 83.3 79.7 76.7 76.7 75.8 74.9 73.9 72.6 73 79.7 88.7 94.8 97.4 98 97.5 96.1 94.6 91.9 88.3 84.8 81.2 79.6 83 85 89.4 91.7 92.5 93.5 95.6 98.1 102.2 104.5 109.8 115.7 119.1 120.2 117 111.7 104.5 97.1 90.2 85.5 82.6 79 74.1 73 76.1 79.8 81.4 79.4 77.1 74 69.1 70.5 73.1 77.1
