webserver/python/data/SU55.asc
ncols 200
nrows 200
xllcorner 450000
yllcorner 150000
cellsize 50
[rows 140 to 174 of 200, columns 78 to 155 of 200]
169.9 168.4 167.2 166 163 160.9 159.4 157.9 156.5 155.1 153.4 153 152.3 150.1 146.2 142.2 139.3 136.9 135 134.2 134.4 134.8 134 133.4 132.8 132 132.3 131.3 130.7 129.7 128.6 127.1 124.9 122.8 119.1 119 119.3 116.7 115.5 118.7 124.1 128.1 130.1 131.2 130.7 128.5 125 124.1 124.3 128.5 130.3 130.5 129.1 129.1 129.1 131 134.7 136.8 138.5 139.7 140 138.4 137 135.9 134.1 132.9 131.5 129.2 125.3 122.8 120.2 119.1 119 120.5 126 130.5 134.4 136
167.5 166.7 165.9 164.4 161.7 160.3 158.7 158.6 157.9 157 155.5 155.1 154.8 152.6 149.5 146.4 144.5 140.4 137.3 135.2 134 133.5 131.3 129.8 129.6 129.5 129.5 128.7 126.1 124.7 124.8 123.9 123.5 123.1 121.6 120.8 119.5 119.4 116.7 116.7 121.3 125.7 127.9 128.7 128.5 126.8 123.5 121.9 124.5 126.6 127.4 127 126.7 129.1 131.2 133.7 135.9 137.9 138.9 139.4 138.8 138 136.1 134 132.2 130.8 130 126.7 123.7 120.9 119.2 119.4 119.5 122.9 128.4 132 135 135.8
164.8 163.9 162.4 161.3 159.7 158.3 156.6 156.7 157 157.1 157 156.5 156.3 155.4 152.3 149.7 146.7 143.5 139.8 138.4 135.6 133.6 132.2 131.3 129.7 129.3 129.2 128.9 126.1 125.5 124.8 125.7 125.2 126.2 126.5 125 122.4 120 117.3 114.8 118.2 122.6 125.9 126 126.1 125.2 122 119.5 123.2 124.2 124.3 124.1 126.8 129 132 135.4 136.5 137.8 138.7 138.5 137.9 137.3 135.6 133.5 130.7 129.1 127.6 124.5 121.7 119.3 119 119 120.2 125.1 129.3 131.4 134.2 135.6
161.8 160.6 159.1 157.5 156.3 155.4 154.5 154.4 155 155.6 156.7 156.9 156.8 156.4 154.9 151.4 147.9 144.8 142.2 141 138.7 136.2 134.5 133.6 133.1 132.4 132 131.7 130.6 131.8 131.4 130.4 131.1 130.9 129.5 125.9 122.7 119.6 116.9 114.8 116.4 120.1 123.5 124.4 124.3 123.1 120.1 119.4 120.4 120.4 122.5 125 128.7 130.7 132.9 136.1 136.6 136.9 138.2 138.4 137.8 136.8 135.6 133.7 131.1 128.5 126.8 123.6 119.9 118.9 118.8 119 121.7 125.7 129.2 131.3 133.4 134.3
157.9 156.8 155.6 153.8 152.2 151.2 149.6 150.6 153.3 155.8 156.1 156.6 156.6 156.3 156.1 152.5 148.9 144.5 143.1 142 140.8 138.5 136.1 135.7 135.7 136.1 136.1 135.8 136.2 137.1 137.2 136.4 136 134.8 131 126.8 123.5 120 117.1 115.2 114.7 117.4 121 122.1 121.9 120.4 119.8 119.6 119.1 120.7 123.7 127.1 129.6 132.3 134.2 136.3 136.8 137 137 137.3 137.3 136.2 135.1 133.2 131.5 128.9 126.3 124.1 120 118.7 118.6 118.9 121.7 126 128.7 131 131 131.4
153.2 151.8 151.2 150 148.2 145.4 145.7 149 153.6 156.4 156.9 157.7 157.3 156.4 155.6 151.9 148.4 144 143.6 142.5 141.4 138.6 138.8 139.1 139.1 139.8 140 140 140.2 140.8 141 139.5 137.5 135.7 133 129.3 125.7 122.1 118.7 115.8 114.2 115.9 118.7 119.9 120.2 119 118 118.2 118.9 122.4 126.3 130.1 131.6 133.3 134.7 136.1 136.9 136.9 136.4 136.2 136.5 135.6 134.4 132.8 131.2 129.2 127.1 124.1 120.4 119 118.4 118.9 120.9 125.5 127.6 128.9 128.9 128.8
148.5 147 146.8 146 144.2 143.9 144.8 148.3 153.7 156.6 157.7 158.4 158.1 156.9 155.6 151.4 147.1 144.6 144.6 143.5 143.1 143 142.9 142.3 142.4 142.8 143.6 143.6 142.7 142.5 141.6 140.6 138.7 136.5 134.8 131.2 127.9 124.2 120 116.1 114.1 114.6 116.3 117.5 118 116.8 116.4 117.2 119.6 123.5 128.2 131.2 133 134.7 135.4 136.3 136.7 136.7 136.4 136.1 135.5 134.5 133.2 132.4 130.8 129.1 127 125 121.2 118.5 117.6 117.3 119.2 123.7 125.9 126.6 126.5 126.2
144.2 142.6 142.5 141.7 140.9 142.2 145.3 149.1 155 156.9 158.1 158.8 158.2 157.2 155.9 152.7 148.7 147.1 146.5 145.4 145.7 145.5 145.6 144.7 144 145 146 144.9 143.9 142.8 141.6 140.8 139 137.2 135.4 132.8 130 126.1 121.7 117.8 114.6 113.7 113.9 115 116.2 114.9 115 117.4 120.1 124.7 128.1 130.7 133.7 135.9 135.5 136.1 136.5 136.6 136.4 135.5 133.2 132.2 130.8 131.2 130.1 128.8 127 125.2 121.5 118.3 115.8 115 117.5 121.1 123.6 123.8 123.4 123.1
140.5 139.1 138.3 137.7 138.5 141.5 146.1 150.6 154.5 156.7 158 158 157.8 157.1 155.9 153.9 151.7 150.2 148.8 147.6 147 146.6 145.8 146 146 145.8 146 145.3 143.8 142.3 141.4 140.9 138.8 137.5 135.8 133.9 130.7 127.7 124.1 119.4 115.2 113.6 113.1 114.1 114.4 113.8 115.2 118.1 120.5 124.2 126.6 129.3 132 134.6 134.8 136.2 136.3 136.4 135.3 133.1 130.7 129.9 129.4 129.4 128.7 128.2 127.2 125.9 122.5 119 116 114.6 115.6 119.5 120.9 120.5 120.5 120.1
137 135.4 134.2 135.7 138.2 142.3 146.8 150.8 154.5 156.5 157.4 157.3 157.1 156.9 155.9 154 152.2 151.5 149.7 147.8 147.2 146.4 145.1 146 146 146 145.6 143.9 142.5 141.1 140.3 139.4 138 136.8 135.6 133.9 131.1 128.2 125.9 121.7 117.1 114.9 114.1 112.8 112.4 113.8 116.3 120.3 122.9 124.1 126.1 128.8 131.6 134 135.5 136.1 136.2 136.2 133.8 131.7 130.6 128.4 126.5 126.9 126.9 127 126.5 126.1 124 121 117.8 114.6 114.1 116.2 117.9 117.4 116.5 116.2
134.6 133 133 134.2 138.3 142.9 146.9 149.8 153.1 155.4 156.8 156.8 156.7 156.6 155.6 154.4 151.8 150.5 148 146.4 144.8 144.4 144.1 144.6 144.6 144.3 143 141.8 140.3 139.2 137.6 137.3 136.4 135.5 134.6 133.4 131.9 129.8 127.1 124.1 119.6 115.8 113.5 111.8 110.9 113 119.9 123.9 125.8 127.1 128.6 130 132.1 134.4 135.9 135.9 136 135.4 132.9 130.7 128.5 126.3 124.5 125.1 125.9 125.9 126.2 126 124.6 121.7 119.3 115.4 114.1 114.1 114.5 114.5 114.6 114.7
132.1 130.5 131.2 134.9 139.4 142.7 145.2 147.6 150.4 154.6 155.9 156.8 156.7 156.5 156 154.1 152.3 149.5 146.9 144.8 144.2 143.7 141.1 141.3 140.4 139.6 139.6 136.5 135.4 134.4 133.9 133.3 133.5 133.3 132.9 131.9 131.7 131 128.1 125.2 121.2 117.4 114.1 111 111.3 116.2 122.8 126.1 128.2 129.5 130.8 131.9 133.5 134.1 135.2 135.4 135.8 134.7 132.3 130.1 127.9 125.6 123.9 124 123.8 125.7 125.9 125.4 123.5 121.4 119.1 115.2 114.1 114 114.1 114.2 115.2 116.6
130.1 128.8 130.9 134.4 138.3 141.1 143.4 145.9 147.9 151.9 155.7 156.6 156.9 156.4 156.1 154.1 152.9 150 146.8 144 144 144.3 142.1 140.2 139.4 139 139 136.5 134.9 134.1 132.4 129.7 129.5 129.6 130.3 130.9 130.9 129.6 127.9 125.5 122.7 119 115.1 111 110.9 117.8 124.7 128.4 130.6 131.7 133 134 135 134.2 135.7 135.8 135.3 134.1 131.7 129.5 127.3 125 122.2 120.9 121.7 123.7 123.6 123.5 122.5 120.8 118.4 114.5 114.1 114 114.2 115.8 117.4 119
128 126 129.7 133.1 136.4 139 140.9 144.3 147.8 151.2 155.9 156.9 157.5 157.1 156.6 155.7 154.4 150.7 148.4 145.9 145.1 144.9 144.4 143.7 142.7 141.4 140.9 139.4 138 136.8 135.5 133 130.2 129.1 125.6 127.5 127.8 127.1 126.8 125.5 122.7 118.7 114.4 111 110.9 118.5 125.4 129.6 131.9 133.3 134.8 135.6 135.9 135.9 134.7 134.8 134.5 133.2 131.2 129 126.7 124.2 121.3 119.3 119.5 121.2 121.6 121.6 120.6 119.5 116.1 114.4 114.3 114.2 115.3 117.9 119.9 121.7
125.6 124.2 127.7 131.1 133.2 136.4 139.8 144.3 148.2 152.2 155.8 157 157.8 157.6 156.9 156.5 155.4 151.9 150.2 148.7 148.1 147 146.3 145.9 145.2 143.6 141.9 140.9 140.2 138.3 136.6 135.6 132.7 130 126.8 124.3 124.3 125.8 126 124.5 122.1 118.7 114.5 110.7 109.8 117.7 124.9 128.3 130.9 132.6 134 135.1 135.1 134.8 134.2 133.9 133.5 132.3 130.7 128.2 125.2 122.5 120.3 117.7 118 118.9 119 119.1 117.3 115.3 114.3 114.2 114.2 115 117.4 120.2 123 124.7
124.3 124.2 127.1 129.5 134 138 141.6 145.6 149.6 154.5 155.8 156.7 157.2 157.7 157.1 156.3 156.1 153.9 152.3 150.7 150.2 148.8 148 146.9 145.6 144.5 143 141.4 140.2 138.5 136.7 135.5 134.3 131.7 129 125.7 122.4 121.5 123.2 122.3 120.9 118.5 114.4 110.4 109.4 115.6 123.6 128.2 129.2 130.5 132 133.1 133.1 133 132.9 132.5 132.2 131.2 129.6 126.6 123.4 120.6 118.4 116.3 114.8 115.4 115.9 115 114.1 114.1 114 114.2 114.3 115.5 119 122.4 125.1 126
123.6 124.8 129.3 132.8 136.3 140 143.5 147.2 151.2 155.3 156.1 156.4 156.9 157.4 157 156.2 156.1 155 153.2 151.2 150.9 150.1 148.6 147.2 145.9 145.3 143.6 141.8 139.9 137.9 135.9 134.9 133.4 131.1 128.9 125.4 122 119.3 119.1 119.6 120 118.3 114.5 110.5 108.8 113.6 120.6 126.6 128 128.8 130 131.1 130.8 130.4 130.7 131.1 130.5 129.4 127.8 124.5 121.7 118.7 116.5 114.3 112.6 112.6 113 113.9 114.1 113.8 113.5 114.5 115.8 117.1 119.9 123.8 126.3 127.8
124.8 128.3 132.1 135.4 138.5 141.2 144.7 147.4 150.8 154.1 155.6 156.3 156.8 156.8 156.6 156.1 155.7 154 152.4 151.2 151 150.4 149 147.2 145.5 144.5 142.6 140.7 138.8 136.8 135 133.9 132.7 130.5 128.8 126.6 123.5 120.7 119.3 116.1 116.9 116.4 114.2 110.8 109.5 113.3 119.2 124.6 126.6 127.3 128.2 128 127.6 127.5 128 127.9 127.5 126.4 124.7 122.6 119.6 116.6 114.4 112.2 110.7 110.3 111.3 113.8 114.1 114.1 114.7 116.3 117.8 118.9 121.8 124.4 127 129.6
127.4 131.5 134.8 137.3 139.7 141.6 143.6 146.3 148.5 151.3 153.8 156.1 156.2 156.2 156.2 155.2 153.7 152.7 152.3 151.1 151 149.5 147.7 146.1 144.7 143.2 141.5 139.6 137.7 135.8 134.1 133 131.7 130.4 127.9 125.9 123.6 121.5 118.2 114.7 113.8 113.2 112 110.6 109.1 112.5 118.8 122.9 124.7 125.5 125.3 124.6 124.3 124.2 124.4 124.3 123.5 122.7 121.3 119.4 116.5 113.8 111.4 110.1 109.3 110.2 113.8 114.9 115.7 115.5 117.4 118.8 119.9 120.9 122.4 125 127.7 129.8
130 132.6 135.3 137.1 138.8 140.5 142.3 144.7 146.8 148.8 151.8 155 156 156.1 155.2 152.3 150.9 149.3 149.5 149.7 149 148.2 146.6 145.4 143.7 142.1 140.4 138.5 136.6 134.7 133.2 131.4 129.7 128.5 126.7 124.2 120.8 119.6 115.7 113.5 112.5 110.8 109.5 108.9 108.4 112.8 118 121.1 122.3 123.3 123.1 122.2 120.8 120.3 119.7 120.2 119.6 118.7 117.5 115.2 113.5 110.9 109.4 109.1 109.6 111.8 114.6 116.5 117.3 118.8 120.2 121.3 122.4 123.6 124.2 126.6 128.7 129.1
130.7 132.7 134.5 136.1 137.8 139.5 141.1 142.9 144.6 147.2 150.4 153.1 155.4 154.4 154.2 151.2 148 146.4 146.1 146.5 146.1 145.6 146 144.7 143.2 141.2 139.2 137.3 135.3 133.4 131.2 129.4 127.7 126.4 123.4 119.4 119 117.3 114.1 114 113.3 111.8 110.2 108.7 108.3 113 116.9 119.5 120.5 121.1 120.4 119 117.6 116.7 116.1 115.6 114.8 114.2 112.9 111.2 109.7 108.5 109.1 111.2 112.6 114.3 115.6 118.1 119.9 121.5 122.7 123.8 124.9 126.2 127.4 128.6 130.8 131.7
130 131.6 133.1 134.4 135.9 137.3 138.3 140.7 142.5 146 148.7 151.5 153.4 153.6 153 150.3 147.2 144.1 143 142.9 143.1 143.1 143.2 142.8 141 139.5 138 136.1 134 131.9 129.7 127.4 125.8 122.8 119.5 119.5 119.6 118.2 117.2 115.5 114.1 111.5 109.8 108.5 108.8 112.1 116.2 117.8 118.9 119.1 117.7 116.1 114.7 113.2 112.5 112.1 110.8 109.9 109.4 109.1 109 110.8 112.3 114.2 116.1 118 119.4 121.3 123.1 124.2 125.4 126.4 127.7 128.9 130.1 131.2 132.7 133.8
128.6 129.8 130.7 131.6 132.2 134 135 138.2 141.1 144.6 148.1 150.6 151.7 152.5 151.8 151.1 148.1 144.9 140.1 139.6 140.1 139.9 140 139.6 137.9 136.4 136.2 134.8 133 130.9 128.3 125.3 123.5 119.8 120.2 121.2 121.1 121.3 119.9 117 114.4 111.7 109.7 108.5 107.9 110 114.2 116.3 116.7 116.6 115.4 113.4 111.8 110.4 109.8 109.4 107 107.5 109.1 110.1 112.1 113.5 115.4 117.6 119.9 121.6 123.3 125.3 126 127.1 128.3 129.5 130.7 131 131.5 132.7 134.3 135.4
125.5 124.9 125.8 127.5 129.2 132.8 135.8 138.3 141 143.9 147.1 150.1 151.6 151.2 151.2 151 148.3 144 140.1 139.2 136.5 136.5 137.3 136.5 134.6 133.3 132.5 132.7 131.5 129.6 126.9 125 124.5 123.6 124 123.2 122.5 121.3 119.6 117.8 115 112.6 110 107.6 106.6 108.2 110.8 113.1 113.7 113.9 112.6 110.7 109.2 107.8 107.2 109 108.3 109.6 111.3 113.4 115.7 117.2 118.5 120.2 120.9 122 123.9 125.8 126.1 127.9 130.5 130.9 130.8 131 131.4 131.7 133.8 135.8
122.6 124.1 126.3 128.9 131.1 133.8 136.5 138.3 141.1 143.6 146.7 150.3 151 151 151 151 147.3 143.7 140.4 137.9 134.7 134 134.3 133.5 132 130.5 129.6 129.2 126.1 125.6 124.1 124.4 125.1 125.5 125.8 124.9 123.4 121.7 120.1 118.9 116.8 114 110.2 107.2 104.9 105.8 108 109.9 110.8 111.1 110.2 108.2 106.6 105.8 106.6 109.4 110.2 112.6 114.7 116.6 119.1 120.5 120.9 120.3 120.7 120.7 122.5 124.4 125.3 126.9 128.9 130.1 130.7 131 131.1 131.3 132.4 134
122.8 125.2 127.6 130.4 130.9 133.6 135.6 137.3 139.6 142.1 144.6 148.1 151 151 151 150.5 147.7 144.2 140.7 137.9 135.7 134.1 133.3 131.9 129.6 129.2 128.9 128.6 125.8 125.1 125.4 125.9 125.5 125.3 125.7 125.9 124 122.4 121.1 120.9 118.4 115.7 112.1 108.1 104.8 104.3 105.1 106.6 107.6 107.7 106.8 105.2 105.7 106.5 108.8 111.8 114.4 116.5 119 120.7 120.2 120.5 120.9 120.9 120.6 119.9 121.1 122.5 124 124.9 126.5 127.5 128.1 127.9 128.5 129.3 130.1 131.1
124.2 125.6 127.3 129.3 130.7 132.7 134.4 135.9 138 140.5 143 145.4 147.5 150.4 151 150.2 147.4 144.9 141.5 139.2 136.7 134.7 133 131 129.9 129.3 129.1 129.1 128 127.8 128.1 127.6 126.7 125.8 125.8 124.5 124.5 123.5 122.6 121.2 119.3 116.8 114.5 110 107.4 105.7 104.1 104.4 105.2 104.5 104 104 105.8 108.4 111.5 115.5 118.2 120.6 120.9 120.9 120.9 120.7 120.9 120.2 119.2 118.7 119.2 120.8 121.7 122.6 124 125 125.1 125.2 125.3 125.7 126.9 128.2
123.5 124.3 126.1 128 129.5 131.1 132.6 134.1 136.2 138.1 139.8 141.7 143.7 146.2 148.6 148.3 147.4 146.2 142.7 140.1 137.4 135 133.2 133.1 132.5 131 130.5 130 129.5 130.3 130.2 129.2 128.3 127.6 126 124.6 124.1 125.1 123.9 122 120 118.3 116.1 113.4 110.3 107.1 104 104.1 104 104.1 104 104.4 106 109.3 114.8 118.2 120.6 120.8 120.9 120.9 120.9 120.2 119.7 118 117.2 117.3 117.1 118.1 119.3 120.3 121.7 122.2 122.6 122.8 123.1 123.2 124 124.7
122.3 123 124.8 125.7 127.1 129.2 130.5 131.7 133.2 134.8 136.4 137.9 139.5 143.1 145.5 146 146 146 143.7 140.4 138.1 135.8 135.3 135.3 134.4 132.9 132.2 131.7 130.9 131.4 131.3 131 130 128.4 126.5 125.7 125.9 126 125 123 121.4 120.1 117.9 115.5 112.6 108.7 106.9 105.6 104.2 104.1 104 104 106.8 110.8 115.4 118.9 120.5 120.2 120.2 120.2 120 119 117.4 115.6 114.6 114.4 114.7 115.7 116.7 117.9 118.9 119.3 119.7 120.1 120.4 120.6 121.7 122.3
121 121.6 122.3 123.1 124.6 126.1 127.4 128.6 130.1 131.9 133.2 133.6 135.9 139.6 142.8 146 146 146 143.3 140.8 138.9 137.4 135.9 135.9 135.6 134.8 133.9 132.9 132 131.9 131.5 131.2 130.3 129.1 127.7 126.4 125.8 125.7 125 123.8 122.2 120.8 118.8 116.9 115.1 112.3 109.8 108.6 105.8 104.1 104 104.8 106.3 110.8 115.3 116.4 117.9 118.1 117.8 117 116.9 116 114.5 112.9 111.9 111.5 112.4 113.2 114.2 115.5 116 116.4 116.8 117.3 117.7 118.1 119.5 120.1
118.9 120.1 120.2 120.4 121.9 123.7 124.5 125.6 127.1 128.4 129.3 129.5 132.5 136.6 142 145.6 145.8 146 143.2 141 139 137.8 136.2 135.9 135.8 135.7 134.4 133.4 132.4 131.9 131.6 131.2 130 128.9 127.9 126.5 125.9 125.6 124.4 123.5 122.3 120.9 119.6 118.1 116.5 115.1 112.1 109.5 107.2 105.4 105.3 105.2 105.2 109.8 114.1 115.2 115 115.3 114.9 114 113.8 112.1 111.4 110 109.5 109.1 110 110.8 111.6 112.7 113.4 113.8 114.2 114.6 115 115.5 116.5 117.3
116.9 117.9 118.4 118.8 120.6 121.2 122 122.9 124.1 125.3 125.8 126.9 130 135.2 140.7 145.2 145.8 145.1 142 140 138.3 136.3 135.9 135.6 135.3 135.4 134.6 133.5 132.7 132 131.6 131.3 130.2 128 127 126.3 125.8 124.8 124.2 123.2 122 120.8 119.5 118.1 116.9 115.8 114.4 110.5 109.6 107.1 104.3 104.2 104.2 107.2 111.6 112.2 111.9 111.9 111.1 109.8 109.3 109.6 109.5 109.3 109.1 108.9 109.1 109.4 109.5 109.8 110.7 111.3 111.7 112.3 113.6 113.8 114.3 114.8
115 115.4 115.5 116 117.1 118.2 119 120.2 121.4 122.5 123.9 126.1 130.1 135.3 140.5 144 145 143 140.7 138.5 136.5 135 133.6 132.7 132.3 132.7 133 132.6 132.1 131.5 131.1 131.1 129.4 125.6 125.7 125.8 125.8 125.3 124.4 123 122 120.8 119.6 118.2 117.2 116.1 114 112.2 110 107.9 105.2 104.1 104.2 105.2 109 109.4 108.3 108.1 107.7 107.2 108.5 109.5 109.4 109.2 109 108.9 108.9 109.3 109.3 109.1 109.1 109.1 109.8 111.6 112.1 112.6 113.2 114
112.5 111.5 112 113.3 115 114.9 115.8 118.4 119 121.3 123.7 126.7 130.8 137.1 140.8 142.6 142.9 141.7 139.3 137.1 135.1 133 131.5 130.2 129.9 130.3 130.8 131.4 130.8 130.3 130.6 129.1 127.6 124.4 125.9 125.9 126 125.2 123.9 122.5 121.5 120.8 119.6 118.5 117.5 116.5 114.8 113.1 110.8 108.5 105.9 104 104 104.2 106.2 105.7 105 104.5 104.4 106.2 108.2 109.4 109.3 109.2 109 109 108.9 109.1 109.2 109.1 109.1 109.1 109.1 110.5 111 111.4 112.3 113.3
109 108.7 109 111.2 113.8 115.5 116.7 119 120.4 121.8 124.5 127.3 131.8 138.6 141.5 141.4 141.6 141.1 138 135.7 133.7 131.8 130.2 128.4 128.2 128 128 129.3 130.5 130.6 129.8 128.1 126.3 124.1 125.5 125.8 125 124 123.4 122 121 120.3 120.3 119.4 118.1 116.8 115.8 113.9 111.6 109.4 105.9 104 104.1 104.3 104.4 104.3 103.9 105.1 105.9 107.1 108 109.3 109.2 109.1 109.1 109.1 109 109.1 109.1 109.1 109.1 109.1 109.3 109.1 109.8 110.5 111.8 113.5
