webserver/python/data/SU62.asc
ncols 200
nrows 200
xllcorner 460000
yllcorner 120000
cellsize 50
[rows 35 to 69 of 200, columns 0 to 77 of 200]
80.4 79.9 79.3 78.8 78.3 77.6 77.6 77.7 78.4 78.4 78.6 78.6 78.3 78.7 79 79.2 79.7 80.8 82.3 84.1 85.6 86.8 87.9 89.1 90.1 90.4 90.6 90.2 89.5 88.4 87.5 87 87.3 90.7 93.6 95.8 98 100 101.7 103.1 103.9 104.7 104.8 104.3 103.8 103.8 104.6 105.9 107 108.1 109.2 110.7 111.9 112 111.7 111.2 108.9 105.9 103 100.1 101.1 104.6 107.9 109.5 111 111.2 111.2 111.1 112.5 115 117.4 119.7 122 124 125.7 126.6 127.8 129.1
77.7 77.3 77 76.4 76.2 76.9 77.9 78.3 80.1 81.1 80.8 80.3 79.7 79.6 79.3 79 79.3 79.5 79.7 80.5 82.5 83.9 85.2 86.2 87.4 87.8 87.5 87.1 86.2 85.7 85.7 87 90.3 92.7 94.8 96.8 98.9 100.8 102 102.8 103.5 103.7 103.6 103 102.4 102.1 103.1 104.5 105.7 106.9 108.4 109.9 111 111.4 110.9 109.9 107.3 104.3 101.2 98.1 101.4 105.1 107.5 108.4 108.5 108.5 108.6 110.5 113 115.8 118.2 120.5 122.8 124.5 126 126.7 128 129
76 75.8 76.7 77 77.3 78 80.5 81.9 83.5 84.2 84.5 84.3 83.1 82 81.6 80.3 79.8 79.9 79.8 79.8 80.1 81 82.1 83.7 84.7 85.2 84.9 84.1 84.4 84.8 86.8 89.2 91.6 93.8 95.9 97.8 99.5 100.6 101.5 102 102.3 102.5 102.1 101.7 101.1 100.6 101.7 103.1 104.6 106 107.5 109 109.8 110.1 109.8 108.2 105.6 102.1 98.8 98.4 102.1 104.6 105.5 105.7 105.9 106.9 109.2 111.5 114.1 116.6 118.9 121.2 123.2 124.7 125.6 126.5 127.1 127.7
76.2 76.7 77.3 78.7 79.8 81.4 84.5 87.6 86.7 87.3 88.1 88 89.4 87.9 87.1 85.5 83.2 81.9 81.3 80.9 80.3 80.2 80.3 81.2 82.1 82.7 83 83.3 84 86.3 88.5 90.5 92.7 94.4 95.7 97.3 98.8 99.7 100.5 101 100.9 100.9 99.9 99.2 98.7 98.7 100.9 102.3 104.1 105.8 106.7 107.9 108.9 109.3 108.8 107.1 103.3 100.2 97.4 98.3 101.2 102.3 102.8 103.1 105.5 107.8 110.2 112.6 115 117.4 119.7 121.8 123.3 124.2 125 125.8 126.2 126.1
78.2 79 80.9 82.6 83.6 84.5 87.3 89.9 90.3 90.7 91.4 92 93.7 95 94.6 92.4 89.6 86.6 83.9 83.1 81.8 81.1 81.1 81.1 81 80.8 81.8 82.8 84.7 86.6 88.3 90.2 91.7 93.2 94.8 96.3 97.7 98.6 99.4 99.8 99.6 99 97.9 97 96.4 98.1 99.9 101.7 103.7 105.7 106.9 107.4 107.8 108.5 107.9 106 102.5 98.6 96.2 97 99.3 100.3 102.1 104 106.4 108.8 111.2 113.6 116 118.3 120.5 121.8 123.1 123.8 124.3 124.2 123.9 124
81.6 82.1 84 86.5 87.4 88.3 90.2 92.1 93.9 95.1 95.2 95.7 97.6 99 99.7 98.5 95.8 91.8 88 85 83.2 82.5 82.2 81.8 81.5 81.4 81.4 81.8 83.8 85.3 86.7 88.4 90 91.5 93.2 94.9 96.3 97.3 98.1 98.1 97.7 96.5 95.6 94.7 96.2 97.9 99.6 101.8 103.7 105.6 106.9 107.4 107.9 108 107.2 105 101.7 97.5 95.4 96.5 98.7 100.7 103.2 105.4 107.6 110 112.4 114.8 117.2 119.1 120.1 121.4 122.3 122.7 122.9 122.3 121.6 121.3
85.4 85.5 87.7 90.5 91.8 92.5 93.1 94.7 96.6 98.6 98.8 99.6 100.7 102.1 102.9 102.9 101 96.3 91.8 88.1 86.2 84.9 84.6 84.5 84.5 83.1 82.1 81.8 81.6 83.2 84.8 86.4 88.1 89.8 91.5 93.1 94.8 95.8 96.2 95.9 95.1 93.8 92.7 94.2 96.1 97.8 99.8 102.1 103.9 105.5 106.8 107.4 107.5 107.6 106.7 104.2 100.6 96.6 95 97 99.2 102.2 105.1 107.2 109.2 111.5 113.9 116.3 117.8 119.2 119.9 120.5 121.4 121.5 121 120.4 119.6 118.9
89.7 90.2 91.9 94.6 96.3 96.9 97.4 98.8 100.2 101.7 102.6 103.4 104.2 105 105.8 106.2 104.4 100.4 94.8 91 89 87.8 88.1 88.2 88.5 85.8 83.5 82.6 82.1 81.9 82.3 83.8 85.7 87.4 88.9 90.5 91.7 93.3 93.8 93.7 92.6 91.2 92.1 94 96 97.8 99.4 100.9 102.7 104.6 106.3 106.7 106.9 107.1 105.9 103.1 99.1 95.3 95.1 97.6 101.1 104.1 106.8 109 111 113.1 115.4 117 118.3 119.1 119.7 120.2 119.9 119.7 119 118.1 117.1 116.7
94.6 95.4 97.1 98.7 100.5 101.3 102.1 103.4 104.7 105.9 106.8 107.4 108 108.8 109.5 109.2 106.9 102.5 97.5 93.2 90.8 91.5 92.5 93.4 93.8 91.4 87.5 84.5 82.8 82.4 82.3 82.3 82.7 84.5 86.2 87.3 88.6 89.5 91 91.1 89.8 89.4 90.9 92.3 94.1 96 97.8 99.5 101.3 103.2 104.7 105.6 106.2 105.7 104.4 101.2 97.2 93.9 95.3 98.5 102.3 106.1 108.6 110.8 112.8 114.7 116.2 117.4 118.2 118.4 118.9 118.6 118.2 117.9 116.4 115.3 114.5 116.2
100.1 101.1 102.8 104.5 105.9 106.8 107 108.1 109.2 110.3 110.9 111.3 111.6 112.2 112.1 111.6 109.4 104.9 100.4 95.9 94.2 95.3 97.9 99.1 99.3 96.5 91.7 87.1 84.8 83.7 82.8 82.8 82.9 82.8 82.6 83.9 85.2 85.7 87.2 87.5 86.7 88.4 89.8 91.2 92.5 93.6 95.3 97 98.7 100.4 102.6 103.7 104.4 103.7 101.4 98.3 95.1 93.3 95.7 99.5 103.5 107.3 110 111.9 113.8 115.1 116.4 117.5 117.5 117.6 117.3 116.9 116.2 115.1 113.9 113.6 115.7 117.4
105.9 107.2 108.4 109.7 110.1 110.7 111.5 112 112.8 113.5 114 114.3 114.7 114.7 114.5 114 112 107.2 102 100.8 101.9 101.9 103.1 106.1 104.6 100.5 95.2 90.5 88.4 87.6 87.6 85.7 83.8 83.9 83.7 83.9 83.7 83.6 84.2 84.7 85.3 87.1 88.4 89.7 90.4 90.4 92.1 93.6 95.6 97.3 99.6 101.4 101.4 100.6 97.9 95.2 92.8 94.2 97.9 101.5 105.2 108.3 110.8 112.7 114.1 115.4 116.5 116.8 116.8 116 115.4 114.4 113.3 112.1 111.4 113.9 116.8 119.3
110.2 111 111.7 112.6 113.1 113.4 113.8 114.4 115.1 115.6 115.8 116.1 116.7 116.9 116.7 116.2 114.1 110 109.6 110.4 110.7 110.3 111.2 111.5 108.8 104.1 98.2 92.1 91.6 92.2 92.8 91.4 89.3 87.3 85.7 86.3 86.3 85.9 84.6 84.1 84.5 85.8 86.9 88.2 87.7 87.6 88.6 90.2 92.2 94.1 96.2 97.9 97.8 96.4 94 91.5 92.9 95.7 99.8 103.7 106.6 108.9 110.9 112.2 113.5 114.8 115.8 116.2 115.5 114.1 112.3 111.5 110.5 110.2 112.3 115 118.3 121
112 112.8 113.6 114.3 114.5 114.7 115.2 115.4 116 116.6 117.1 117.7 117.7 117.8 117.9 117.9 116.4 116 116.4 116.4 116.7 116.4 116.1 115.3 112.2 107.3 99.9 94.2 95.3 97.2 98.2 96.8 94.2 90.9 89.1 89.1 89.9 89.9 88 86.3 85.8 85.4 85.8 85.8 85.8 85.5 86 87.2 89.2 91.1 92.3 93.6 93.2 91.8 90.9 91.8 94.1 97.9 101.9 104.4 106.7 108.4 110.1 111.4 112.5 113.7 114.4 114.6 113.4 111.5 109.7 108.3 109.6 111.7 114.1 116.8 119.3 121.8
112.6 112.8 113.1 113.4 113.6 113.9 114.9 115.5 116 116.3 116.2 117.1 117.9 118.4 118.5 118.5 118.9 118.9 119.4 119.8 120 120.2 119.9 118.7 115.8 110.9 105.2 98.9 98.3 101.8 104 101.4 97.8 94.2 92.5 92.7 93.5 93.3 91.7 89.2 86.9 86 86.8 87.1 87.2 87.3 86.9 86.2 86.4 87.9 88.9 89.4 89.2 89.3 90.6 92.5 95.8 99.2 102.1 104.1 105.7 107.3 108.9 110.2 111.3 111.9 112.5 111.8 110.3 108.9 107.5 108.4 110.8 113.2 115.6 118.2 120.4 122.8
110.1 110.3 110.2 110 110.7 111.4 112.4 113.3 114 114.7 115.4 116.1 117 117.7 118.3 118.6 119.3 119.9 120.5 120.9 121.3 121.6 121.7 121.1 119.1 115.3 110.3 105.1 101.6 106.1 108.3 105.1 101.1 97.1 95.5 96 96.1 95.9 93.8 91.5 88.6 86.9 87.9 88.5 89.3 89.7 89 88.2 87 86.6 86 87.7 88.3 89.5 90.6 92.9 95.4 98.3 100.7 102.2 103.7 105.3 107 108.4 109.1 109.5 109.4 108 106.2 105 106.2 109.8 112.3 115.3 117.3 119.6 121.9 124
105.6 105.3 104.7 104.8 105.8 106.4 108.3 109.6 110.9 111.8 113.4 114.1 114.8 115.5 116.5 117.4 118.6 119.8 120.8 121.7 122.1 122.4 122.8 122.6 121.6 119.5 115.6 110.8 106 110.4 113 111 106 101.4 99.9 99.4 98.9 97.8 95.4 92.5 89.7 87.9 89.7 91.1 92.2 92.8 92 91.3 89.5 88.1 87.4 87.2 87.8 88.5 90.3 92.6 94 96.6 98.4 100 101.6 103.3 104.8 105.7 106 106 105.1 103 104.4 107.4 110.6 112.8 115.4 117.1 119.1 120.5 122.6 124.2
99.9 99.5 99.4 99.7 100.8 102.2 104.2 105.2 106.9 108.6 109.9 110.5 111.1 112.3 113.6 114.9 117.5 119.4 121.1 122.1 122.9 123.2 123.6 123.6 122.5 121.8 118.5 115 111.4 116.1 117.6 115.9 113.1 109.4 106.4 104 102.7 99.7 96.6 93.7 90.9 89 91.1 93.2 95 95.9 95.6 95.2 93.5 91.8 89.3 87.9 87.8 87.8 89.8 91.2 92.2 94.4 96.1 97.6 99.3 100.9 102 101.9 101.4 100.9 101.5 104 107.2 110.2 113 115.2 116.9 118.5 119.9 121.2 122.7 123.6
94.4 94.2 94.9 95.3 96.7 98.1 100.1 101.2 102.5 104.1 105.6 106.6 107.4 108.5 110 112.2 115.7 118.5 121.2 122.5 123.3 124 124.4 124.5 123.9 123.3 121.5 119.2 117.7 120.4 121.7 121.1 119 117.3 113.3 109.4 105.1 101.4 97.7 94.9 92.2 90.2 91.9 94.1 96.2 97 97.9 97.8 97.2 95.7 94.1 91 89.7 88.9 88.5 89.1 90.4 92.1 93.7 95.3 96.9 97.8 98.3 97.1 98.3 100.9 103.4 106.4 109.3 111.6 113.7 115.3 116.8 118.3 119.9 121.3 122.5 122.7
90.4 90.4 91.1 91.9 93.3 94.6 96.1 97.3 98.5 99.8 101.7 104.2 106.3 107.9 110.2 113.8 117 119.4 121.6 123.1 123.9 124.4 124.8 125.2 124.9 124.6 123.6 122.7 122.2 123.5 124.5 124.5 123.6 121.3 118.1 113.8 108.9 103.9 99.4 96.6 94.2 92.3 91.5 93.7 95.9 98 98.8 99.7 99.8 99.1 98.4 96.5 93.9 92.4 90.3 89.1 88.4 90 91.7 93.2 94 94.4 94.9 96.9 99.3 101.7 103.9 107.5 109.5 111.1 112.7 114.8 116.4 117.9 119.5 121 121.9 121.8
88.7 89.8 91.3 92.8 93.6 95.4 96.9 99.1 101.3 103.2 106.1 107.8 109.8 111.4 113.6 115.3 118.4 120.6 121.9 123.1 123.9 124.3 124.7 125.1 125.2 125 124.4 124.1 124.7 125.3 125.8 126.1 125.5 124.4 121.3 117.1 113 107.1 102.6 99.1 96.3 94.2 93.4 93.3 95.2 97.2 99.3 100.5 101.6 102.1 102.1 101.1 98.9 97.1 94.2 91.4 89.5 88.5 90.3 91.2 91.3 93 94.7 96.9 99.6 102.3 104.4 106.7 108.4 110.1 111.7 113.7 115.7 117.6 119.1 120.4 120.8 120.3
90 91.8 93.4 95 96.5 99.2 101.1 103.4 105.8 107.9 110 111.7 113.4 115 117.1 117.7 119.6 121 122 122.7 123.2 123.7 124.2 124.7 125 125.1 125 125.1 125.2 125.6 126.1 126.8 126.8 126.4 124.8 121.6 117.8 113.5 108.2 102.7 98.6 96.2 95.3 94.8 95.2 96.5 99 100.1 102.2 104.7 105.9 105.2 104.1 102.4 100 96.8 92.6 89.7 88.6 90 91 92.5 94.5 96.9 99.3 101.4 103.6 105.6 107.3 109 110.7 112.6 114.7 116.7 118.7 119.8 119.8 118.9
90.7 93.7 96 97.9 99.6 102.2 105.3 107.2 109.1 111.5 112.4 113.9 115.8 117.3 117.9 118.7 119.7 120.3 120.5 120.9 120.8 121 123.1 123.7 124.3 124.6 124.6 124.5 124.3 125.1 126.1 126.4 127.1 127.6 126.4 124.9 122.6 118.3 112.4 106.4 102 99.9 98.6 97.8 97 96.8 98.4 99.9 102.5 105.2 107.1 109.2 108.9 107.3 105.6 102.7 98.3 92.9 90 88.9 89.4 91.2 93.5 95.7 97.8 100 102.1 104.1 106.1 108 109.6 111.6 113.6 115.7 117.6 118.3 118.4 117.4
90.8 94.3 97.2 100 102.3 104.3 107.1 108.9 110.5 112 113.2 114.2 116 117 117.5 117.9 118.6 118.9 119 118.6 118 118.3 120.6 122.7 123.3 123.3 123 122.6 122.4 123.7 125.1 126.1 127 128 128.2 127.1 125.1 122.6 117.1 110.9 105.8 103.3 101.6 100.8 99.9 99 98.9 99.8 102 105.1 108.2 110.6 111.8 111.5 109.5 107.4 102.9 97.8 93.6 91.1 89.6 89.7 91.9 94.1 96.4 98.5 100.6 102.6 104.6 106.7 108.6 110.5 112.7 114.8 116.1 116.7 116.5 115.4
90 93.4 96.8 99.8 102.1 104.2 106.5 107.7 108.9 110 110.9 112.4 113.4 114.3 114.9 115.5 116.1 115.9 115.5 115 113.8 116.3 118.7 120.7 121 120.2 119.7 119.2 119.4 121.6 123.5 125.3 126.3 127.4 127.2 127.4 127 125 121.8 116.8 111.6 107.6 106 104.6 102.9 101.7 100.8 100.2 100.8 104.6 108.8 111.5 113.2 113.6 112.5 110.3 106.9 102.8 99 94.3 90.8 90.3 90.3 92.5 94.8 97 99.1 101.1 103.1 105.1 107.2 109.3 111.4 113.1 114.6 115 114.6 113.4
88.9 92.4 95.4 98.2 100 102 103.7 104.9 106.2 107.4 108.6 109.5 110.4 110.9 111.3 111.8 112.3 111.6 111.2 110.6 110.3 113.8 116.7 118.4 118.2 116.9 115.7 115.3 116 118.9 121.1 123 124.7 125.9 126.2 126.7 127.3 126.9 125.8 123.5 119.2 114.4 111.9 110.5 108.5 105.8 104.1 102.8 101.6 103.2 107.4 111.7 114.1 114.6 114 112.4 109.8 106.1 102.2 98.5 94.3 90.7 89.9 90.9 93 95.2 97.5 99.5 101.4 103.4 105.5 107.5 109.7 111.3 112.6 113 112.7 111.5
87.5 90.7 93.7 95.9 97.2 98.8 100.4 101.5 102.6 103.7 104.9 105.7 106.3 106.8 107.2 107.8 108.4 107 106.4 105.4 107.5 111.1 114 115.7 115.3 113.9 111.8 111.3 113.4 116.5 118.5 120.1 121.2 122.9 124.7 126.2 126.9 127.9 128.7 127 126 123.2 119.3 117.3 114.9 111.3 108.9 107 105.4 103.7 106 110.2 113.2 115.2 114.8 113.7 111.3 108.2 104.7 101.4 98.1 94.2 90.4 89.1 90.3 92 94.9 97.3 99.5 101.3 103.2 105.2 107.4 109.4 110.5 110.6 110.4 109.3
85.4 88.7 91.3 92.9 93.7 95 96.6 97.8 99 100.1 101.2 101.8 102.3 102.8 103.1 103.5 103.4 102.6 102.2 101.1 104.6 107.7 110.3 112.3 112.5 110.8 108.8 108.1 111 113.7 114.9 116.3 117.4 118.6 120.6 123.5 126.2 127.6 129.2 128.6 128.1 126.4 125.4 123.5 120.1 117.4 114.7 111.7 110.1 107.8 105.9 108.1 112.2 114.5 115.3 114.6 113 110.4 107 103.6 100.6 97 93.3 90.4 90 90 92.4 94.8 97.1 99.4 101.2 103 104.6 106.5 107.9 108.4 107.7 106.8
82.6 85.3 88 89.4 90.3 91.2 92.8 94 95.2 96.4 97.2 97.8 98.4 98.8 99.1 99.5 99.1 98.3 98.1 98.1 101.2 104 106.5 108.8 109 107.3 105.7 105.6 107.9 110.2 111.2 112 112.7 114.1 116.2 119.7 123.2 126.6 128.2 129 129.4 129 127.8 126.6 125.3 122.3 120.3 117.9 115.3 113.4 110.8 108.1 110.7 113.8 115.9 116 115.1 113.1 109.3 105.8 102.9 100 96.4 93.2 91.6 90.8 90.4 92.6 94.5 96.7 98.7 100.1 101.7 103.3 104.2 105.2 104.7 103.9
81.1 81.8 84.2 85.9 86.9 87.8 89 90.2 91.4 92.6 93.9 94.5 94.9 95.1 95.4 95.8 94.6 94.4 94 95 97.5 100.3 102.9 105.2 105.3 103.8 102.3 103.2 105.4 106.8 107.1 107.9 108.6 109.4 112.3 116.5 121.4 124.5 126.9 128.4 129.4 129.4 129.4 128.7 127.7 126.8 125.3 123.1 120.6 118 115.3 112.3 110.8 114.5 116.4 118 117.2 115.8 112 108.2 105.1 103.3 100.1 96.9 94.2 92.3 91.7 92.8 93 94.1 96.1 97.1 98.7 99.6 100.5 101.4 101.7 100.8
82.9 82.8 82.6 82.9 84 84.9 85.8 87 88.2 89.2 90.5 91.1 91.4 91.5 91.6 91.5 91.5 91.6 91.1 92.5 94.6 96.7 99.1 101.2 101.7 100.8 99.4 100.8 102.6 103.9 104.6 104.9 105.2 107.1 110.3 114.4 118.3 121.8 124.8 127 128.6 129.2 129.8 130.4 130.7 130 129 127 125.3 122.4 119.4 116.8 114 115.8 118.1 120 119.9 118.7 114.7 110.8 108.4 106.8 104.1 100.6 97.4 95 92.8 93.5 93.6 93.5 93.5 94.3 95.3 96.3 97.2 98.4 98.6 97.8
85.9 85.3 85.2 84.3 83 83.2 84.1 85 86.2 87.1 87.5 87.7 88.3 88.4 88.5 88.6 88.5 88.7 89.2 90.2 91.9 93.7 94.8 96.8 97.2 97.6 96.6 98.2 99.5 100.8 102 102.3 103.5 106.1 108.7 111.8 115 118 121.6 124.9 127.1 129.3 130 130.6 131 131.7 131.3 130.4 129 126.5 123.6 120.1 116.7 118.6 121.2 122.9 123.5 122.5 119.4 115.5 112.8 110.9 108.7 104.8 101.6 99.4 96.9 96 95.5 94.9 94.1 93.7 93.8 94 95.1 95.8 96.3 97.7
89.6 88.8 88.1 87.2 85.7 84.5 83.6 83.9 85.1 85.5 85.2 85.7 86.3 86.9 87.7 88.9 89.5 91.1 91.7 91.5 91.2 90.6 91.3 92.4 93.1 93.5 93.7 95.2 96.4 97.7 99 99.7 102 104.5 106.9 109.6 112.5 115.1 118 122 125.9 127.8 129.9 130.9 131.4 132 132.9 132.5 131.4 129.6 126.7 123.6 120.1 122.2 125.2 126.6 127.3 126.3 124.2 121.3 119.3 117.6 114.6 110.3 105.9 103 100.7 100.1 98.7 97.1 96.9 96.1 95.1 93.9 94.1 94.6 96 97.6
94 93.3 92.6 90.6 88.6 86.2 84.7 85.5 86.7 88.2 88.3 88 86.8 86.7 88 90 91 92.9 95.1 95.1 94.8 94.8 94.4 94.1 94.3 94.4 94.8 95.1 95.3 95.1 96.3 97.9 100.3 102.8 105.1 107.5 110.1 112.9 116.1 119.6 124.9 127 129.3 130.8 131.3 132.3 133.5 133.9 133.5 132.4 129.9 126.8 123.7 126.1 128.5 130.1 130.8 130.5 128.9 126.9 125.6 124.3 122.3 117.5 112.8 107.3 105 104.1 103 101.6 101.1 100.2 99.5 98.1 94.8 94.1 95.2 97.2
97.9 98 97 94.7 92 88.5 85.7 86.9 88.7 90.3 91.3 90.2 88.2 86.5 88.3 90.3 93.3 95.4 97.6 99 99.6 99.4 99.1 99 98.5 97.9 97.8 97.9 98.2 98.4 97.3 96.8 99.5 101.7 104.5 107.2 109.6 112.2 115.4 118.8 123 126.6 128.9 130.4 131.5 132.5 133.5 134.3 134.4 134.1 132.8 130.7 127.9 128.9 131.4 133 134.3 134.3 133.5 132.2 130.9 129.9 128.3 125.3 119.9 115.5 111.1 108.8 107.6 106.1 105.1 103.9 102.7 102 99.9 96.2 94.4 96
101 101 100.2 97.9 95.2 91.5 87.5 88 90.7 92.3 93.4 91.8 89.9 88 87.7 90.2 93.3 96.8 99.8 101.8 103.3 104 104.3 103.8 103.2 102.1 101.2 100.7 100.8 101 99.8 98.2 98.7 101.7 104.6 107.4 109.5 111.7 114.5 117.2 121.4 125.1 127.6 129.8 131.2 132.4 133.4 134 134.4 134.7 134.3 133.3 131.8 132 133.7 135.2 136.6 136.7 136.8 136.5 135.5 135 133.7 131 127.3 123.3 119 115 112.7 110.1 108.7 106.8 104.2 102.7 101.7 99 96.9 95.8
