webserver/python/data/SU63.asc
ncols 200
nrows 200
xllcorner 460000
yllcorner 130000
cellsize 50
[rows 105 to 139 of 200, columns 0 to 78 of 200]
121.1 118.7 115.7 113.3 112.2 111.1 110 108.6 108.3 108 107.6 106.7 105.7 104.7 103.7 105.5 107.9 110 110.9 111.9 112.5 112.7 112.5 111.8 111.1 111.2 109.6 107.8 106.1 104.3 102.5 102.9 103.8 103.7 102.5 100.5 98.5 96.7 95 93.2 93.6 98.3 102.2 105.4 107.8 109.8 111.2 112.2 114.2 116.8 119.6 121.8 123.8 125.3 126.8 128.2 129.2 130.2 130.9 131.7 132.5 132.4 132.2 131.9 131.5 131.1 130.6 131.2 131.7 132.2 133 133.9 135 136.1 137.3 137.5 139.2 140.4 141.4
119.9 116.2 112.8 110.4 109.2 108.1 107.1 106 105.5 105.2 105 104.5 103.7 102.7 103.4 105.8 108 109.6 110.2 111 111 111 110.3 109.6 109 109.3 107.5 105.8 104 102.3 100.5 100.4 101.4 100.9 99.3 97.3 95.3 93.3 92.4 93.7 97.9 102.5 105.9 109 111.3 112.8 114 114.8 116.2 118.3 120.5 122.8 124.7 126.6 128.2 129.3 130 130.6 131.3 132.1 132.4 132.4 131.9 131.5 131.5 131.3 131.4 131.9 132.4 133 133.7 134.3 135 135.6 136.7 138.1 139.5 140.7 141.8
118.1 114.4 110.7 107.7 106.3 105.4 104.5 103.5 102.9 102.7 102.5 102.1 101.4 101.1 103.9 106.2 107.6 108.9 109.3 109.9 109.9 109.5 108.2 107.2 106.7 106.7 105.6 103.8 102.1 100.3 98.3 97.6 98.3 97.4 95.6 93.9 91.7 92.7 95.8 99.1 102.4 106 109 111.2 113.4 115.1 116.6 117.5 118.4 120.4 122 123.5 125.5 127.4 129 130.1 130.6 131.1 131.5 130.4 131.8 131.6 131.2 131 131 131 131.3 131.8 132.3 132.8 133.3 133.9 134.5 135.1 135.7 137 138.4 139.8 141.1
115.7 112.2 109 105.9 103.9 103.2 102.3 101.2 100.4 100.1 100 99.8 99.6 102 104.6 106 107.3 108.2 108.4 108.8 108.3 107.8 106.4 105 104.2 103.6 103.2 101.8 100.1 98.2 96.2 94.9 95 93.7 92.3 90.2 91.7 94.7 98 102.1 105.4 108.4 110.2 112.3 114.8 116.3 117.8 119.1 120.1 121.6 123.2 124.7 125.9 128 128.7 129.6 130.3 130.5 130.3 130.3 130.5 130.3 128.6 129.3 129.3 129.7 130.2 130.7 131.1 131.7 132.2 132.7 133.8 134.6 135.1 135.9 137.3 138.4 139.3
113.1 110.5 107.5 104.4 101.9 100.7 100 98.9 98.1 97.8 97.8 98.2 100.4 102.8 104.6 105.9 107 107.3 107.6 107.2 106.7 106.1 104.7 103.1 101.8 101.1 100.3 99.4 97.4 95.4 93.4 91.8 91.6 90.7 89.1 89.7 92 95.1 98.3 101.8 105.6 108 110.7 113.3 115.5 117.4 119 120.5 121.7 123.1 124.5 125.9 127 127.7 128.4 129.1 129.1 129.1 129 128.7 128.7 128.3 127.5 127.1 127.5 128.2 128.8 129.3 129.8 130.2 130.3 130.3 131.4 132.4 133.4 134.6 135.6 136.6 137.5
110.2 108.1 105.4 102.4 100.1 98.4 97.6 96.6 96.2 96 96.8 99.1 101.1 103.5 104.5 105.6 106.1 106.2 106.1 105.5 105 104.4 102.8 101.1 99.4 98.7 97.7 96.2 93.9 91.5 90.1 88.8 88 89.7 91.4 91.4 90.6 93.4 96.4 99.7 103.1 106.7 109.4 112.5 115.3 118 119.7 121.5 123 124 124.9 125.9 126.5 127.1 127.8 127.7 127.4 127.7 127.3 127.1 126.6 125.9 125.2 124.9 125.4 126.2 126.9 127.3 127.2 127.9 128.3 128.1 129 130 131.6 133 134 134.9 135.7
107.3 105.2 103.1 100.3 98.3 96.6 95.3 94.7 94.3 95.5 97.6 100.1 102 103.5 104.2 104.7 105 105 104.5 103.9 102.9 101.8 100.7 98.9 97.1 95.7 94.2 92.6 90.2 87.7 88 90.4 91.6 93.9 95.4 96.5 95.2 92.6 92.4 96.1 100.3 104.1 107.9 111.2 114.9 118.3 120.3 121.3 122.8 123.9 124.9 125.4 125.9 126.5 126.4 126.1 125.8 125.6 125.5 125 124.2 123.5 122.8 122.9 123.4 124.2 124.9 124.3 124.9 125.5 126.1 126 126.8 128.7 130.2 131.3 132.3 133.2 134
104.5 102.3 100.2 98.2 96.6 94.8 93.3 93 93.8 96.3 98.8 101 102.2 102.8 103.5 103.8 103.6 103.2 102.9 101.9 100.8 99.6 98.1 95.8 93.8 92.3 90.6 88.3 86.6 88.2 91 93.8 96.4 99.3 102.2 103.3 102.1 99 95.7 92.6 96.7 101 105.1 109.1 113 116.5 119.1 120.4 121.4 122.8 123.7 124.1 124.4 124.6 124.3 123.9 123.6 123 122.9 122.4 121.7 120.9 120.2 120.8 121.4 121.8 121.4 121.5 121.8 122.3 123.4 123.5 125 126.9 127.6 128.3 129.3 130.1 131
102 99.3 97.3 95.7 94.4 93.1 91.7 92.6 94.9 97.2 99.5 100.7 101.9 102.3 102.7 102.6 102.3 101.8 100.8 99.7 98.1 96.6 94.8 92.3 90.5 87.5 86.7 87 89.2 91.3 94.8 98.4 101.9 104.8 106.6 107.8 107.4 105.1 100.7 96.7 93.8 97.9 102 105.9 109.9 113.3 116.6 118.2 119.4 121 121.6 121.7 121.9 122.3 122.1 121.7 121.2 120.3 120.1 119.3 118.3 118.1 117.3 118.1 118.2 118.1 118 118.1 118.8 119.5 120.6 121.2 122.6 123.6 124.2 125.1 126.2 127.1 128.1
99.5 96.9 94.8 93.3 91.9 90.6 91.1 93.7 96.2 98.3 99.6 100.6 101.4 101.5 101.5 101.3 100.6 99.7 98.5 96.8 95.1 93.6 91.3 86.2 86.4 85.5 86.5 89.4 93 96.2 100 103.7 106.1 108 109.6 111 111.5 110.2 106.4 101.8 97.4 94.9 98.9 102.8 106.8 110.2 113.5 115.6 117.1 118.3 118.4 119 119.6 120 119.8 119.5 118.6 117.7 117.3 116 114.9 114.3 113.9 113.5 113.8 114.5 116.5 117.8 119 120.8 122.3 123.6 124.2 124.8 125.5 126.9 128.1 129.3 130.1
97.1 94.9 92.7 90.8 89.4 89.7 92.3 95 97 98.6 99.6 100.1 100.4 100.4 100 99.3 98.5 97.2 95.5 93.8 92.2 90.4 88.2 85.9 84.7 86.3 89.8 93.4 97.3 101.4 104.6 106.8 109 111 112.5 113.7 114.5 114.5 111.3 106.7 102.2 98.2 96.1 99.7 103.7 106.9 110.1 112.7 114.1 115.4 115.7 116.5 117.2 117.7 117.6 116.9 116 115.1 114 112.7 111.5 113 114.5 115.6 116.7 117.9 119.3 120.5 121.6 123.7 125.8 126.2 126.9 127.7 128.1 129.5 130.8 131.9 132.7
94.9 92.5 90.2 88.7 88.2 91 93.3 95.4 97.2 98.3 99.1 99.3 99.3 98.7 97.9 97 96.3 94.4 92.5 90.8 89.2 87 84.9 83.6 87.1 90.3 94.9 99 102.3 105.2 107.5 109.4 111.6 113 114.4 115.5 116.3 116.7 115.2 110.9 107.2 103.2 98.7 97.1 100 103.3 106.8 109.4 111.1 112.3 113 113.7 114.7 115.3 115 114.4 113.4 111.9 110.7 110.6 112.5 114.3 116.1 117.5 119.3 120.8 122.2 123.2 124.3 126.3 127.2 128.2 129 129.6 130.6 131.8 133 134.2 135.4
92.2 89.9 88.1 86.9 89.2 92 94.1 95.9 96.9 97.9 98.1 98.2 97.4 96.7 95.8 94.9 93.8 91.8 89.8 87.8 85.8 83.6 83.8 87.4 91.3 95.4 99.4 102.7 105.7 108 110.3 112.1 113.7 114.9 116.3 117.2 118 117.9 116.8 114.7 111.4 107.5 103.1 99.2 97.8 100.1 103.9 106.1 108 109.2 110.2 110.9 111.9 112.3 111.9 111.5 110.2 108 110 112.2 114.4 116.1 117.9 120.1 121.6 122.9 124.2 125.3 126.3 127.1 128 128.9 130.1 131.3 132.1 133.1 134.3 135.3 136.3
89.5 87.3 86.2 87.5 90 92.9 94.4 95.7 96.5 96.8 96.9 96.2 95.4 94.6 93.7 92.5 90.8 88.7 86.6 83.9 82.1 85 87.1 91.4 95.3 98.9 102.6 105.4 108 110 112.1 114.2 115.5 116.8 117.7 118.4 118.7 118.4 117.3 115.1 112.9 110.1 106.9 103.6 100.8 98.7 100.6 102.7 104.8 106.1 107.1 108 108.4 108.6 108.1 107.3 107.2 109.2 111.6 113.9 116 117.9 119.2 120.6 122.2 123.4 124.4 125.6 126.7 127.7 128.7 129.6 130.5 131.5 132.4 133.5 134.6 135.8 136.9
87.3 85.6 85.9 88.2 90.5 92.5 94.2 94.8 95.4 95.5 95.3 94.2 93.3 92.5 91.2 89.5 87.8 85.8 83.4 82.1 83.9 87.6 91.4 95.5 98.7 102.1 105.1 107.7 109.7 111.7 113.5 115.1 116.1 117.5 118.1 118 117.9 116.1 115.8 113.9 111.9 110.2 108.1 106.3 103.7 101.2 99.9 100.2 101.3 102.2 103 103.2 103.6 104.5 105 105.6 107.4 110 112.6 114.9 116.7 118 119.3 120.9 122.4 123.5 124.5 125.6 126.4 127.2 128.2 129 129.8 130.8 131.8 132.9 134 135.2 136.4
85.3 83.5 86.1 88.7 91 92.5 93.4 93.8 94.3 93.9 93.3 92.5 91.2 89.8 88.2 86.5 84.8 82.8 82 83.6 86.5 90.5 94.7 98.2 101.6 104.2 105.9 108.5 110.5 112.2 113.7 115.1 116 116.5 116.8 116.4 115.3 114.7 113.1 111.3 109.7 108.8 108.2 107.4 105.3 103.2 101.7 101.9 102.9 103.5 103.9 104.4 105.2 106 106.3 106.7 106.5 108.6 111.9 114.6 116.6 117.8 119.4 120.8 122.1 123.4 124.3 125.1 125.9 126.8 127.6 128.2 129 130.1 131.2 132.3 133.5 134.6 135.8
82.9 84 86.6 89.2 90.8 91.9 92.4 92.5 92.4 91.9 91.1 90 88.7 87 85.1 83.4 81.7 81.3 82.9 85.3 89.2 93.1 96.8 99.7 101.9 104.3 105.9 107.5 109.3 110.9 112.5 113.2 113.7 113.6 113.4 112.8 111.8 110.7 110.1 108.6 107.4 107.5 107 106.5 106.6 105 103.4 103.9 105.4 106.3 106.8 107.9 108.6 108.7 109.1 109 107.9 107.6 110.1 113 115.1 116.7 118.2 120.2 121.5 122.7 123.6 124.5 125.4 126.2 126.8 127.4 128.1 129 130.4 131.7 132.9 134 135.2
83 84.8 87.4 88.9 90.3 91.1 90.9 90.6 90.5 89.8 88.8 87.2 85.9 84.3 82.6 80.4 80.6 81.6 83.8 87.6 91.2 94.7 97.1 99.6 101.1 102.5 103.9 105.2 106.7 108 109 110 110 109.6 109.4 108.8 108.2 107.2 107.1 106.1 106.1 106.2 105.7 106.4 107.1 105.8 104.5 105.3 107.7 108.9 110.2 111 111.2 111.4 111.8 112.2 111.2 109.5 108.4 110.6 112.7 114.4 117.3 119.3 120.9 121.9 122.7 123.6 124.3 124.9 125.9 126.9 127.3 127.9 129.4 130.7 131.9 133.1 134.3
83.1 85.5 87 88.4 89.6 89.7 89.4 89 88.6 87.5 86.1 84.2 83.2 82.1 79.6 82.8 80.7 81.8 84.4 87.1 90 93.6 95.7 97.5 99 100.4 101.4 102.4 103.3 104.1 105.1 106.2 105.9 105.6 105.4 104.8 104.5 104.6 104.4 105.1 105 105.5 106.2 107 107.6 106.6 105.6 105.4 108 110.2 111.9 112.6 113.3 113.9 114.4 115 114.3 112.6 110.8 109.5 110.1 112.7 115.7 118.4 120.3 121.1 121.9 122.4 122.8 123.4 124.4 125.7 126.4 126.8 128.3 129.7 131 132.2 133.2
83 85.1 86.7 87.8 88.2 87.9 87.6 86.6 85.3 84 82.6 81.6 80.6 79.6 79.3 80.5 81.6 82.5 83.1 85.8 88.6 91.1 93.2 95 96.5 97.9 98.5 99.1 99.9 100.6 101.3 102.2 102.4 102.4 102.3 102.1 102.3 102.6 103.7 104.6 105.2 105.8 106.7 107.5 108.2 107.6 106.9 106.1 108.1 110.3 112.6 113.8 114.7 115.4 116 116.6 117 116.1 114.4 112.6 110.7 110.9 113.9 116.9 119.3 120.2 120.7 120.9 121.4 121.9 122.9 124.3 125.4 126 127.2 128.7 130 131 131.6
82.4 84.6 86 86.5 86.1 85.7 84.6 83.3 81.9 80.9 80.4 79.5 78.5 78.6 81.1 82.7 85.5 85.9 85.3 85 85.8 88.6 90.7 92.5 94 95.3 95.9 96.6 97.3 97.9 98.5 98.9 99.3 99.3 99.9 100.1 100.8 101.8 103.5 104.1 105 106.4 107.3 108.1 109.2 109 108.3 107.6 107.9 110.4 112.7 114.4 115.6 116.6 117.6 118.1 118.8 118.8 118 116.1 113.8 111.6 112 114.6 117 118.3 119.4 119.7 120 120.5 121.5 122.9 124 125.1 126.1 127.6 128.8 129.3 129.8
81.9 83.3 83.8 84.1 83.6 82.4 81.3 80.1 79.1 78.4 78.2 77.5 78.6 81.3 83.7 86.9 89.7 90.5 90.4 89.1 87.4 86.2 88.2 90 91.5 92.8 93.4 94.1 94.9 95.5 96.1 96.4 96.9 97.5 98 98.8 100 101.7 103 104.1 105.5 107 108.2 109.5 110.6 110.5 110 109.6 108.9 109.3 112 114 116.2 117.2 118.7 119.7 120.4 120.9 120.7 119.1 116.8 114.7 112.7 112.8 114.9 116.6 117.9 118.4 118.6 119.1 120.1 121.5 122.6 123.1 123.3 126 127.5 128.2 128.6
80.2 81.1 81.4 81.2 80.5 79.3 78.1 77.3 76.8 76.5 76.4 77.7 80 83 86.6 89.4 91.6 93.2 93.8 92.9 91.6 89.8 89 88.8 89.5 90.3 91 91.9 93.2 93.5 93.8 95 96 97.1 98.5 99.8 100.9 101.8 103.1 104.6 106.1 107.8 109.4 110.8 111.9 112.8 113 112.6 112 110.9 111 113.2 115.6 117.8 119.2 120.7 122 122.6 122.8 121.8 119.8 117.7 115.7 114.2 113.8 114.8 116.4 117 117.7 118.4 119.2 120.9 121.7 122.6 123.3 124.8 126.2 127 128.5
77.8 78.4 78.1 77.6 77.1 76.5 75.4 73.9 75.5 75.8 76.7 78 80.2 83.4 86.6 89.3 91.6 93.6 94.8 94.9 94.7 93.2 92.5 91.3 91.3 91.7 92.2 92.6 93.7 94.7 95.8 96.7 97.8 98.9 100 100.7 101.8 103 104.6 106 107.5 108.9 110.4 112.2 113.9 114.9 115.4 115.7 115.6 114.4 112.7 111.9 115.1 117.4 119.9 121.7 123.1 124 124.4 123.6 122.4 120.3 118 116.4 115.8 116.2 117.7 118.6 119.4 119.5 120.2 121.6 122.3 123.1 124.3 125.7 126.8 127.9 129.4
74.9 74.8 74.5 74.3 74.8 75.1 75.5 76.6 78.3 79.4 79.7 79 79.3 82.1 84.7 87.8 91 93.1 94.7 95.5 95.8 96 94.5 93.9 93.9 94.3 94.6 94.8 95.2 96.2 97.4 98.5 99.9 101.2 101.9 102.6 103.2 104.5 106 107.5 109.5 110.9 112.3 114.2 115.6 117.1 117.7 117.9 117.9 117.5 116 114.5 113.9 116.7 119.1 121.5 124.1 125.3 126 125.4 124.3 122.4 120.2 118.7 117.9 118 119.2 120.3 121.1 121.3 122.1 123.2 124.2 125.2 126.3 127.6 128.8 129.7 130.8
71.6 71.6 71.9 73.7 75.1 76.6 78.1 79.9 82.5 84.4 84.3 82.1 80.4 80.6 82.8 85.9 89.1 92.3 94 95.6 96.6 97.2 96.5 96.5 96.6 96.7 96.9 97.1 97.4 98 99.1 100.7 102.4 103.4 104.5 105.2 105.6 106.1 107.7 109.6 111.8 113.6 115.4 116.4 117.4 119 119.9 119.9 119.9 119.8 119.3 117.6 115.9 116 118.7 121.7 124.2 125.8 127.1 126.9 125.7 123.9 121.7 121.4 120.3 120.2 120.8 122 122.9 123.4 124.2 125.4 126.3 127.4 128.4 129.6 130.8 132 133.3
71.4 71.5 74 75.5 77.2 79.4 80.9 82.9 85.3 87.5 87.9 86.8 84.4 81.6 81.7 84.2 87.4 90.5 93.5 95.1 96.4 97.6 97.6 97.7 97.8 98.1 98.9 99.3 99.9 100.7 101.8 103.8 105.8 107.1 108.2 108.5 109 109.3 109.8 112.4 115.8 118 119.3 120.1 121.1 121.2 121.8 121.9 121.9 121.9 121.4 120.6 119.5 117.9 118 120.5 123.6 125.7 126.9 127.7 126.8 125.4 123.5 123.2 123 122.7 122.7 123.7 124.7 125.5 126.7 127.9 129.2 130.2 131.6 133.1 134 135.1 136.3
75.7 76.9 79.1 80.5 81.7 82.9 84.1 85.3 87.6 89.6 91 90.6 88.6 85.4 81.9 83.4 86.6 89.8 92.4 94.7 96 96.9 97.7 98.6 99 99.3 100.1 101 101.8 103.7 105.8 107.9 109.6 111.2 112.9 112.3 112.2 112.4 113.8 116.7 119.3 121.5 122.8 123.4 124.4 125 124.5 124.2 124.2 124.2 123.6 122.8 122.3 120.8 120.4 119.8 123.1 125.5 127.1 128 128 127 125.9 125.7 125.8 125.3 125.2 125.9 127 128.3 129.5 131.4 133.3 135.4 135.8 137.6 138.8 138.3 139.1
79.7 80.9 83.4 84.9 85.7 86.4 87.1 87.9 89.8 91.8 93.9 93.9 92.4 88.6 84.5 83.4 85.9 88.7 91.3 93.8 95.2 95.8 96.6 97.5 98.5 99.7 101 102 104.3 106.6 108.9 111 112.9 115.3 117 117.4 117 117.3 117.5 120.4 123.1 124.4 125.5 126.6 127.7 128.7 129.1 128.8 127.8 126.4 125.9 125.2 124.9 123.8 123.2 122.4 122.9 125.4 127.6 129.5 129.9 130.2 130.3 130.2 129.9 129.2 128.6 129 130.4 132.2 135 137.1 139.9 140.5 141.1 142.4 142 141.2 140
83.3 84.6 86.7 88.4 89.2 89.9 90.6 91.2 92.3 94.5 96.5 96.2 94.5 90.1 85.8 83.8 85.7 88 90.4 92.5 94.3 94.7 95.5 96.4 97.2 98.6 100.5 101.9 104.2 106.7 109.9 112.7 115.3 118 119.5 120.5 120.7 121 121.7 123.7 125.5 126.5 127.4 127.9 129.2 130.7 132.9 133.1 131.1 128.8 128.2 127.7 127.4 126.8 126 125.4 124.2 125.6 128.6 131.5 134.2 134.9 135.9 136.7 137.6 135.6 133.4 133.9 136.2 138.2 141.3 144.8 145.6 146 145.5 143.3 141.7 140.8 136.8
86.9 87.5 89.8 91.8 92.8 93.5 94 94.5 95.1 97 99 98.2 96.3 91.9 87.7 84.6 84.8 86.7 88.8 90.4 92 92.9 94 94.9 96.1 98 100 102.3 104.5 107.2 110.5 113.6 116.6 119.3 121.4 122.3 123.7 124.1 124.9 125.5 127.1 128.2 128.7 129.2 130.8 132.9 134.6 135.5 134.2 132 130.6 130.1 129.7 130.4 129.8 128.8 127.8 127.1 129.7 133.3 136.5 139.4 140.8 142.2 142.4 140.3 138.5 139.9 142.8 145.5 147.3 148.9 148.6 147.7 145.3 143 141.2 136.1 136.9
89.8 90.6 92.9 95 96.3 96.8 97.4 98 98.7 99.7 101.4 100.9 98.8 94.2 89.9 86.4 85.2 85.8 87.2 88.3 89.4 90.2 92 93.5 96 98.6 101 103.5 105.8 108.1 110.9 114.1 116.9 118.9 121.1 123.3 124.7 125.3 126.2 127 127.3 126.9 128.6 130.2 131.5 132.5 133.3 134.6 134.5 133.9 132.8 132.3 132.7 133.8 133.6 132.7 131.7 130.9 131.3 135.2 138.9 142.2 143.9 145.1 144.7 144.3 144.1 146.2 147.9 148.8 149.6 149.1 148 145.9 143.6 140.8 135.3 135.8 134.1
92.7 93.5 95.6 97.5 99.4 100.3 100.9 101.7 102.4 103.1 104.1 104.1 102.5 97.7 92.9 89.5 87.7 87 86.9 87 87.5 88.6 90.4 93.5 96.2 99.1 102.4 105 107.3 109.5 111.8 114.4 116.5 118.5 120.7 122.3 123.6 124.8 125.4 126 126.6 126 127.2 128 129 129.8 130.7 132.1 133.8 134 133.8 134.4 135.8 136.7 136.8 136.6 135.6 135 135.1 138.3 141.3 144.2 145.5 146.7 147.2 147.9 148.5 149.6 150.4 150.4 149.3 147.5 145.3 142.7 140.2 134 134.8 132.8 131.1
93.9 95.6 97.8 99.9 101.8 103.7 104.6 105.4 105.9 106.8 107.4 107.5 106.1 102.3 97.3 93.5 91.6 90.8 90.4 90.3 89.8 88.7 89.2 92.4 96 99.2 103.2 106.4 108.5 110.2 112.1 114 116.1 118.1 119.5 120.7 121.7 122.4 123.3 123.9 124.1 124.3 124.2 124.6 125.7 126.8 127.9 129.6 131.6 133.9 134.3 135.8 138.1 139.1 139.6 139.7 139.5 139.5 139.7 140.7 142.5 145.2 146.8 147.7 148.2 148.9 150.4 150.8 150.4 148.7 146.7 144.7 141.3 138.2 132.8 133.3 131 129.3 127.9
94.5 96.5 98.6 100.6 102.7 104.7 106.6 107.8 108.9 109.7 110.2 110.4 109.4 106.8 102.8 99.8 98.8 98 97.1 96.4 94.5 92.1 89.6 90.9 95.3 99.4 103.2 106 108.2 109.8 111.2 112.4 114 115.6 116.9 117.8 118.5 118.8 119.4 120 120.7 120.7 120.3 120.7 121.8 122.9 125.1 127.3 129.5 132.1 134.8 137.5 139.8 140.5 141.1 141 141.2 141.9 142.6 143.8 145 145.9 147.2 148.1 148.8 149.4 150 150.5 149.3 147.1 143.8 140.5 136.7 131.9 131.1 128.9 127 125.9 124.6
