webserver/python/data/SU73.asc
ncols 200
nrows 200
xllcorner 470000
yllcorner 130000
cellsize 50
[rows 0 to 35 of 200, columns 0 to 80 of 200]
168.7 168.7 168.3 167.3 165.3 163.2 160.9 156.4 150.5 143.5 136.6 131.4 126.5 122.3 118.5 114.9 119.6 131.9 140.8 147 150 150.2 147.6 144.8 141.1 136.5 133.4 131 129.6 128.2 126.8 124.9 122.9 121.9 121.5 121.1 120.7 119.9 118.2 117.1 115.5 114 112.6 111.5 110.3 109.1 107.9 106.7 106.3 105.9 105.5 105.1 102.8 99 98 96.3 96.1 96.9 97.4 96.9 98.5 108.6 114.5 116.8 118.9 121.8 123.7 115.9 110.1 113.9 113.6 110.9 109.2 112.9 118.1 122.6 122.8 120.1 117.4 115.6 114.1
167.1 167.1 166.6 165.7 163.9 161.8 159.2 154.7 148.7 141.7 135.2 130.1 125.2 120.8 116.7 113.8 121 132.3 140.4 145.1 146.8 145.4 143.5 140.7 137.3 132.6 129.3 127.5 126.9 125.5 124.2 122.7 121 120.8 120.4 120 119.4 118.5 117 115.9 114.6 112.7 111.4 110.3 109.1 108 106.8 106 105.6 105.2 104.8 102.6 98.8 97.7 98.3 99.5 99.1 97.9 97.1 97 98.5 103.7 107.9 110.3 112.6 116.9 119.9 113.7 111.7 113 111 110.3 112.2 117.8 123.9 124.7 122.3 119.4 116.8 115.1 113.7
165.6 165.2 164.7 164 162.2 160.3 157.5 152.8 145.1 139.1 133.7 128.7 124.2 120 115.5 112.8 119.9 129.9 137.1 140.1 141.7 140.5 139.2 136.8 133.3 129.5 127 124.5 124 123.3 121.8 120.5 119.8 119.7 119.3 118.9 118 117 115.7 114.6 113.5 111.9 110.5 109.3 108.1 106.9 105.9 105.4 105 104.6 103 100.1 97.8 98.2 101.1 101.3 100.7 98.7 97 97.5 98.2 101.2 105.6 107.9 110.4 114 116.9 112.4 113.5 112 110.8 112.6 116.5 123.7 128.4 125.8 122.7 119.3 117 115.5 114.1
163.9 163.4 162.8 161.8 160 158.1 155.3 149.8 142.7 137.2 131.8 127.7 123.3 119.3 115.6 111.6 117.8 126.6 131.4 133.8 136.2 135.7 134.5 131.3 128.9 126.6 124.2 121.9 121.6 121.4 120.5 119.7 118.8 118.6 118.2 117.4 116.5 115.6 114.4 113.3 112.2 111.3 109.7 108.4 107.2 106.1 105.6 105 104.4 101.2 99.7 98 98.6 102.6 103 105.1 99.7 97.6 97.5 97.9 98.5 102.1 103.9 106.4 109.4 113.1 115.9 114.2 113.3 111.8 112.5 116 122.9 129.7 131.1 127.9 123.9 120.2 117.6 116.7 115.5
162.5 161.7 161.2 159.5 157.9 154.2 151.1 145.5 140.3 134.7 130.5 126.4 122.9 119.1 115.9 111.5 114.5 120 125.4 129.3 130.6 131.3 130.3 128.2 126.1 123.3 120.8 119.6 119.5 119.4 119.2 118.4 118 117.5 116.8 115.9 115 114.1 113.1 112.1 111.2 110.2 109.1 107.5 106.3 105.8 105.2 104.5 101.6 98.7 99.8 101.7 103.4 104.2 105.2 101.6 98.2 97.3 97.7 98.3 100.5 102.9 104.8 106.4 110.1 114 116.6 117 114.1 113 114.7 120.4 129.2 135.6 134.9 130.3 125.4 121.3 118.7 117.9 117
161.4 160.3 159.2 157.1 155.1 152.2 147 142 136.9 132.4 129.1 125.5 122.2 119.3 116.1 112.3 111.9 115.8 120.9 125 126.3 127.2 126.8 125.1 123 120.8 118.3 117.3 117.3 117.7 117.6 117 116.7 116.4 115.5 114.6 113.8 113.1 112.4 111.2 110.1 109.1 108.3 106.8 105.7 105.1 104.5 103.4 98.4 99.8 101 102.8 104.3 105.1 102.2 98.1 97.9 98.2 98.7 99.6 100.9 101.7 103.6 107.3 111.3 115.6 119 117.4 115.5 114.2 117 123.9 133.6 139.2 136.5 131.3 126.6 122.5 119.8 119 118.1
161 160.4 158.2 156 151.1 147.7 143.4 138.3 133.7 130.3 127.1 124.2 121.7 119.1 116.2 112.7 110.1 112.6 117.2 120.5 122.5 123.2 122.9 121.7 119.7 117.1 114.1 114.5 115.4 116 115.6 115.1 115.2 115.1 114.4 113.5 112.8 112.2 111.6 110.6 109.4 108.2 107.7 107.1 105.7 102.9 102.3 100.8 99 100.3 102.8 105.2 103.8 103.4 98.3 97.7 97.6 98.2 99.6 100.6 101.5 102.4 104.2 108.6 114.7 118.9 120.2 118.3 116.4 115.4 119.3 126.3 133.8 138.1 135 130.7 126.3 122.4 120.3 119.5 118.8
160.1 159.8 158.4 155.6 150.3 145.2 141 135.6 131.7 128.6 125.6 123.2 120.4 118 115.9 112.4 110.1 111.1 113.4 116.3 118.9 119.6 119.2 118.3 116.7 113.4 110.7 110.7 113.5 113.2 112.1 112.9 113.2 113.6 113.2 112.6 112 111.2 110.7 110 108.8 107.7 107.3 106.5 105.1 102.6 99.6 99.1 100.4 103.1 105.6 105.4 104 102.1 99.8 97.9 97.5 97.9 99.6 101.6 102.6 104 106.9 111.5 118.9 121.5 121.5 119.5 117.1 117.1 120.6 127.3 133.1 136 134.1 130.4 126.2 123.2 121.4 121.1 120.7
158.4 159.6 158.8 156.4 152 147.5 142.1 137 132.3 128.4 125.3 122.7 120.4 118.2 115.9 113 109.9 108.4 109.8 112.4 115 116.5 116 115.1 113 107.2 105.4 106.6 108.8 109.4 109 110 111 111.5 112 111.8 111.1 110.3 109.8 109.4 108.2 107.4 106.9 105.9 104 104.1 99.4 98.8 99.9 104.2 105.9 105.8 104.4 102.5 100.5 98.7 98 99.9 101.3 102.6 103.6 106.9 109.3 118.7 123 124 123.1 120.6 118.2 118.7 122.5 129.1 134.4 136.8 135.1 132.4 129.8 125.8 123.1 122.8 122.6
155.3 158.5 157.9 155.8 152.3 147.8 141.9 135.7 131.1 127.6 124.5 122.7 120.8 118.8 116.4 113.8 111.1 108 108.7 110.8 112.8 113 112.6 111 107.4 103.4 102.2 102.5 103.9 105.3 105.1 105.7 106.9 107.7 109.1 110.1 110.2 109.4 108.9 108.8 107.7 107.1 106.4 104.8 102.2 101.3 99.3 99.6 102.7 104.7 106.4 106.3 104.6 102.7 101.1 99.5 98.3 101.6 102.6 103.7 104.9 108.8 116.3 124.8 127.4 127.7 125 122.2 120.8 121.7 126.6 132.2 136.9 140.6 139.6 137.3 135.3 131.1 128.3 125.6 125.2
153.4 156.8 156.1 153.9 150.7 145.9 140 133.8 129.6 125.7 122.6 120.6 119.1 118.1 115.7 113.4 111.2 108.5 108.2 108.9 109.5 109.7 109 107.9 104.6 102.7 102.8 103.5 102.9 102.4 102.5 102.5 102.9 104.2 105.1 106.5 107.6 107.8 108 107.9 107.2 106.4 104.8 103 105 99.3 99.3 99.3 104.7 106.7 107.8 106.9 103.9 101.4 100.8 99.4 100.4 102.8 104.4 105 107.4 115.2 127 132 133.4 130.7 127.3 125.6 126.1 128 133.1 138.4 142.3 144.5 144.5 142.7 140.3 136.1 131 129 132.5
151.9 154.5 153.2 151.4 147.1 143.1 137 131.4 127.2 123.9 120.6 118.6 116.4 113.8 111.8 109.7 108.2 106.2 105.8 105.8 106.4 106.8 106.7 106.4 104.6 104.2 105.3 105.3 105.1 104.8 104 103.1 103 103.1 103.3 104.1 104.8 105.7 106.9 107.1 106.3 105.5 103.3 101 99.4 99.3 101.5 102.5 106.1 108.6 109.1 108.5 105.4 103.1 101.3 101.9 102.8 104.1 105.6 106.6 111.6 121.7 135.2 139.7 139.4 136.3 133.3 134.3 136.6 138.3 140.4 144.6 148.1 149.1 149.1 147.4 144.5 139.8 134.6 134.2 138.6
152.1 151.2 149.9 147.2 143 138.5 133.8 128.8 125.2 121.7 118.2 116 112.2 108.3 106.4 104.8 104.4 104.6 103.9 104.5 104.9 105.1 105.3 105.3 105.6 106.7 107.4 107.4 107.2 107 106.5 105.4 104.1 103.7 103.6 102.8 103.1 104.1 105.1 103.6 102.9 101.9 101.8 103.4 99.3 100.5 103.9 107.3 108.7 113.2 112.3 110.3 107.8 104.6 102.3 100.3 99.1 106.2 107.5 107.5 114.3 133.5 140.3 143.9 144.5 142.6 140.8 142.4 145.2 147.1 148 151.2 152.9 152.5 151.5 148.8 145.4 141.8 138.8 140.1 143.9
149.4 148.3 146 143.2 139 134.6 130.9 126 122.5 119 115.5 113.1 109.3 106.1 105 104.8 104.9 105 106 106.5 106.4 106.4 106.7 107.7 107.5 108.3 109.2 109.3 109.4 109.1 108.4 107.5 106.2 104.9 103.4 102.6 102.4 102.5 102.6 102 101.8 101.7 101.5 99.3 99.3 104.1 107.9 111.8 115.2 119.9 117.2 113 109.1 105.9 103.4 101.4 99.3 102.3 107.5 107.6 124.2 136.2 142.3 146.3 148 147.7 147 148.4 150.4 151.6 152.3 151.7 150.8 150.9 150.6 148.9 144.8 141.6 140.9 144.3 148.2
144.3 144.4 142 139.7 135.8 131.7 127.9 123.3 119.8 116.2 112.7 110.2 107.7 105.9 106 106.6 108.1 109.4 110.8 111.7 111.7 112.4 113 112.1 111.5 111.3 111.4 111 110.6 109.9 109 108 107.1 105.7 104.9 103.6 102.8 103 102.3 101.9 101.6 101.5 100.6 100.1 103.6 108.6 112.6 118.7 124 124.8 122.1 116.5 110.7 107.1 103.1 100.9 99.5 99.1 103.1 111 128.7 135.9 141.7 145.8 148.5 149.1 149.6 150.3 150.1 149 147.3 145.3 145.6 146 146 144.7 143 140.6 139 142.6 147.6
139.5 140.1 138.1 135.6 132.8 129 124.9 120.6 117.3 113.5 110 108.6 107.2 107.4 108.2 110.5 112.5 114.1 116 117.8 118.1 117.6 116.5 115.3 114.1 112.6 111.8 111.8 111.1 110.3 109.4 108.5 107.4 106.2 106.2 105.4 104.4 103.8 102.7 102 102 104.1 102 112.6 111 113.6 119.3 124.6 128.6 128.5 126.1 121.3 114.3 107.4 103.5 100.4 98.9 99 101.5 110.3 123.6 130.8 137.1 141.9 144.5 145.3 146.3 145.8 143.8 141.2 138.1 135.7 135 135.6 135.4 134 133.2 132.5 132.3 135.7 141.4
133.6 134 133.6 131.5 128.8 125.8 121.6 117.9 114.8 111.8 108.4 107.7 107.5 109.5 112.8 116.4 118.6 120.5 122.5 122.8 121.9 120.1 118.5 116 114.3 112.7 112.3 112.1 111.3 110.4 109.5 108.6 108.4 107.3 107.8 108.2 107.5 107.3 106 107.3 109.7 117.3 119.5 119.8 116 117.6 122.4 128.5 130.8 130.4 127.9 123.8 118.2 111.4 105 101.6 98.3 98.3 102.1 107.1 113.4 122.3 129.3 134.5 136.7 137.5 137.3 135.9 133.3 129.5 126.5 125.3 125.3 125.1 124.8 125.4 126.1 126.3 126.4 128.8 131.3
123 126.9 128.1 128.1 125.9 122.2 118.4 115.6 112.6 109.8 107.4 107.5 110.4 114.3 117.3 121.3 124.2 126.2 126.3 125 123.4 120.5 117.4 114.6 113 111.7 111.7 111.7 111.3 110.5 109.3 108.7 109 108.4 109.1 109.5 110 110.1 110.9 114.9 117.8 123.6 125.1 125.1 120.9 120.3 124.5 130 132.3 132 129.6 125.8 121 113.9 106.7 102.1 98.1 100.6 100.9 105.2 109.4 113.9 120.8 123.7 125.1 126.1 125.3 124.1 123.3 121.6 120.9 120.6 120.6 120.1 119.3 119.7 121.4 121.6 122 124 125.4
114.5 119.1 122.5 124 122 118.7 115.8 113.3 110.4 108 107.3 110.1 113.8 117.8 121.7 126.1 128.1 128.3 126.9 125.3 122.6 119.5 116.2 112.6 110.8 110.4 110.7 111.1 110.8 110.2 109 108.8 109 109.6 110.1 110.3 110.5 114.4 115.5 109.9 125.9 129.3 130.3 129.6 125.7 124.6 126 131.1 133.3 133.1 131.5 127.8 123 117.9 108.2 102.6 99.7 102.2 100.3 104.1 108 109.8 110.7 112.4 114.1 114.9 115.3 116.3 116.9 117.5 117.9 117.6 117.6 117 116 116.1 116.6 117.4 118.1 119.2 121.4
109.6 111.8 116.1 118.2 117.3 114.9 112.6 110.5 108.8 107.9 110.6 113.9 116.5 120.3 126.2 128.9 129.3 128.6 126.9 124.5 121.3 117.6 114.5 111.3 110.3 110 109.6 110 110.2 109.5 109.2 109.6 110.1 110.5 111.2 113.5 115.8 118 110.5 126.2 129.9 132.7 134.6 132.9 130.4 126.5 127.4 132.1 134.1 134.3 132.7 129.5 125 120.2 110.2 102.5 99.8 103.1 100.5 102.7 105.4 106.1 106.1 107 108.6 110.1 111.7 113.1 115.3 116 116 115.6 115.5 115.3 114.2 113.6 114 114.7 116 118.1 120.1
109.6 109.2 109.2 110.6 111.5 110.2 109.7 108.4 109.1 111.5 114.2 116.2 118.1 122.4 127.6 129.6 128.8 127.4 125.3 122.6 119.4 115.9 112.2 110.8 110.5 110.1 110.1 109.7 109.5 109.5 110.1 110.8 111.4 112 114.7 118.4 120.9 111.3 127.7 130.9 133.4 135.7 137.1 135.1 132.5 128.6 128.5 133 135 135.6 134.2 131.3 126.5 120.3 109.1 102.7 100 103.4 100.7 102.3 103.7 104.3 104.4 105.8 106.8 108.7 110.6 112.4 113.9 114.3 114 113.7 113.6 113.7 112.6 112.6 112.9 115 117 118.7 120.7
111.5 110 109.1 107.9 108.6 109.2 108.6 109.2 111.4 114.1 116 117.5 119.4 123.8 127.8 128.4 126.9 125 122.6 120.1 117.3 113.8 110.9 110.8 110.7 110.3 110.3 110.2 109.9 111.2 111.5 112 112.7 114.1 117.2 121.8 112 128.6 130.6 132.6 135 137 137.5 137.2 135.1 132 131 133.9 136.1 136.4 134.7 131.6 126.4 119.7 109 101 99.2 103.1 100.9 102.6 104.7 105.9 106.6 107.3 106.7 107.3 109.2 111.1 112.4 112.4 112.1 111.8 111.7 111.8 111.4 112.2 113.5 115.9 118.3 119.4 121.5
114.7 113.3 110.9 111.3 111.3 111.5 112 112.7 113.8 115.6 117.6 119.7 121.9 125.5 127.1 126.5 124.6 122.2 119.9 117.4 116 112.5 110.9 110.7 110.6 110.5 110.4 112.1 112 113.5 113.9 114.4 113.9 115 119.4 118.8 127 129.5 131.3 133.4 134.8 136.3 137.2 137.3 137.3 135.8 134.1 133.8 136.6 137.4 134.9 130.2 125 118 108.2 102.4 98.7 103.3 100.3 102.9 105.5 107.6 108 107.9 107.2 106.5 107.7 108.9 109.6 109.7 109.6 109.8 110.4 110.7 111.2 112.1 114.1 116.6 118.9 120.1 122.2
115.8 114 112.7 114.4 114.9 115.7 116.4 117.9 119.2 120.5 122.3 125.3 127.3 128.4 127.3 124.3 121.5 119.2 117.8 115.9 114.5 112.8 111.2 111.3 111.4 111.4 110.6 113.7 115.4 116.3 117.3 116.8 115.1 113.7 120.2 124 126.8 129 130.9 132 133.4 134.3 135.7 137.6 138 138.2 138.2 138.2 137.1 137.6 134.1 127.5 122.1 115.7 108 102.8 100.6 100.6 100.2 102.5 105.5 108.1 109.3 109.3 108.8 108.2 107.7 107.5 107.4 108 108.6 109.2 109.9 110.6 111.5 112.5 114.4 116.7 118.4 119.9 120.6
116.6 114.3 113.9 116 117.8 119.1 119.9 121.5 123.5 126.2 128.8 131.3 133.1 132.1 127.8 123.4 120.9 117.8 116.1 115 113.8 112.4 111.7 111.5 111.5 111.5 114.7 116.5 118.7 119.7 120.5 114.9 119.4 119.3 121.3 122.8 124.8 127.1 129.3 130.6 131.5 132.2 135.1 138.2 139.8 140.3 141.2 141 139.6 137.3 132.8 125.9 118.7 112.6 106.7 103.4 101.3 106.7 101 102.2 105.4 108.6 110.4 110.4 110.3 110.1 109.6 109.1 108.7 108.7 108.8 108.9 109.6 110.8 111.8 112.8 114.2 116.2 117.8 119.4 120.2
117.3 115.3 116.5 118.8 120.8 122 124.4 126.7 129.7 134.2 137.8 138.8 138.6 135.2 129.4 123.2 120.4 117.6 116.5 114.8 113.8 113.1 112.5 112.3 111.8 113.2 117.2 119.5 121.8 119.9 125.4 126.6 125.7 124.4 122.6 122.8 123.5 125.9 127.4 129.4 130.8 133 136.8 140.3 142.6 143.9 143.8 142.8 140.5 136.6 131.4 125.4 117.3 110.6 106.5 103.8 102 107.1 100.2 101.7 106.4 109.5 111 111.1 111.2 111.2 110.9 110.6 110.4 110.4 110.5 110.5 110.5 111.1 112.3 113.4 114.5 116 118.1 118.9 119.6
118.1 118.8 121.2 123.9 128 129.7 131.7 134.6 138.1 143 145.5 144.7 141.7 136.6 130.5 124.6 121.4 119.3 117.3 115.8 114.3 113.6 113.2 112.2 112.4 114.5 118 121.3 117.1 127.1 129.7 130.6 130.2 128.3 126.4 124.6 125.1 126.5 128.3 131.2 134 137.6 141 144.2 145.8 146.9 146.3 144.3 140.8 135.3 129.4 122.8 115.7 110.2 107.2 104.4 102.6 107.3 100.7 100.8 105.2 110.9 111.8 112 112.1 112.3 112 111.9 112 112 112 112 111.8 112.1 113 114.1 115.5 117 117.7 118.1 118.9
120.5 123.9 128 132.2 135.2 136 138.7 142.2 146.4 149.8 148.9 146.4 142.3 136.8 131.1 126.1 122.7 120.4 118 116.5 114.8 114.2 112.8 111.9 112.1 115 118.6 118.7 127.1 131 132.8 133.7 133.8 132.9 130.6 128.8 128 129.3 131.5 134.8 138.3 141.5 144.1 147.1 148.2 148.6 147.3 144.4 139.5 133.3 127 120.4 114.5 110.4 107.3 105 103 104.1 101.8 101.2 103 107.9 111.3 112.3 113 113.3 113.2 113.2 113.1 113.3 113.3 113.1 113.1 113.5 113.9 115 116.1 117.3 118.4 119.4 119.5
125 130.2 136.8 139.8 141 142.7 145.2 147.8 151.3 150.3 148 144.3 140.1 135 130.1 126 122.7 120.5 118.5 116.7 115.1 113.8 112.4 111.6 111.3 113.7 119.3 125 130 132.3 133.6 134.8 134.7 134 133.1 132.3 132 132.6 134.9 137.9 140.9 143.9 146.4 148.9 149.8 148.3 146.1 142.2 136.8 130.9 124.8 118.9 113.4 109.9 107.8 105.6 106.9 102.6 101.5 100.8 101.3 104.1 108.4 110.3 112.2 113.5 113.9 113.9 114 114.1 114.2 114.1 114.5 114.8 115.2 116.1 117.1 118.2 119.3 120.3 121.1
129.6 135.9 142.9 146.7 147.5 148.9 151.2 151.9 150.5 148.2 144.5 140.7 136.9 133.1 128.8 124.7 122 119.6 117.5 115.9 114.3 113.3 112.1 111.2 110.8 113.1 120.1 126 130.6 133.1 134.2 134.2 133.6 133.1 132.5 132.8 132.8 133.6 134.8 137.8 141.3 144.5 147.1 148.7 148.6 146.8 143.5 138.8 133.1 127.3 120.5 115.7 112 110 107.8 105.9 106.5 103.2 101.4 100.9 101.2 102.7 104.8 107.2 109.5 111.1 113.2 114.4 114.4 114.5 114.4 115.1 115.7 116.1 116.5 117.3 118.4 119.5 120.5 121.5 122.4
134.8 142 147.4 151.5 152.6 151.7 152.7 151.3 148.6 145.2 140.5 136.7 132.8 129.1 126.5 124.2 121.3 118.4 116.5 114.9 113.5 112.8 111.8 110.8 111 112.9 119.4 126.2 130.3 132.8 133.3 132.6 131.8 130.7 130.8 131.2 132.1 133.1 134.7 137.3 140.8 143.7 145.2 146.4 145.9 143.4 139.2 134 128.9 122.4 117 113.1 110.6 109 107.3 106.2 104.3 102.9 101.2 101.2 102.1 103.2 103.9 105.1 107.2 108.3 110.6 112.8 114.2 114.4 115.2 116 116.7 117.3 117.7 118.6 119.7 120.7 121.7 122.8 123.7
139.2 146.7 151.5 153.9 153.7 152.8 151.2 149.8 145.2 139.5 135.4 131.8 128.2 125.9 123.4 120.2 119.4 117.9 115.5 114.1 113 111.8 111.9 111.1 111.4 113.5 118.9 125.3 129.7 131.3 130.9 129.9 128.3 127.5 128.1 129.4 130.8 131.9 133.8 136.1 138.9 141.4 142.5 142.5 140.9 138 134 129.5 124.6 117.8 114.5 111.5 109.3 107.7 106.2 106.6 103.4 102.3 101.5 101.9 102.6 103.2 103.8 104.6 106 107.9 109.8 112 114 115.1 116 116.8 117.6 118.3 118.8 119.8 120.9 121.9 123 124 124.9
144.9 149.3 153.5 154.1 153.4 151 148.4 145.3 140.6 135.4 131.2 128 125.4 122.1 120.1 118.1 116.5 115.2 114.2 113.5 113.6 118.1 111.2 110.7 110.2 112.5 117.5 123.6 127.6 128.9 127.8 126.1 124.6 124.6 125.9 127.8 129.2 129.8 131 133.5 136 137.6 137.9 136.9 135 132.2 128.1 122.9 118.2 115.2 112.5 110.3 108.2 106.5 105.3 104.3 103 101.9 101.5 102.6 103.6 104.5 105.2 105.3 106.5 108.2 110 112.1 114.1 115.5 116.4 117.2 118.1 119.1 119.7 120.9 122 123.1 124.2 125.2 126.1
148.7 152.4 154.4 154 152.6 148.9 144.1 140 135.2 131.1 127.3 124.8 122.7 119.3 117.6 116.6 115.4 114.4 114.1 113.4 118.4 114.5 111.3 110.4 109.3 111.1 115.5 120.3 124.4 124.7 123 121.2 120.7 121.7 123.8 125.7 126.2 126.6 127.6 129.4 131.3 132.3 132 130.7 128.8 124.6 121.1 118.5 115.8 112.8 110.9 109.1 107.1 104.9 105 103.8 102.6 101.6 101.9 103.2 104 105.3 106.5 106.4 106.7 108.5 110.3 112.2 114.1 115.8 116.8 117.7 118.7 119.8 120.7 121.9 123 124.1 125.2 126.3 127.6
152.2 153.9 154.2 153.4 150.3 145 139 134.3 130.1 127.5 124.9 122.7 120.7 118.1 116.6 115.8 115.3 115 114.2 120.2 117.3 111.9 110.9 109.7 108.4 109.4 112.2 116.7 119.3 119.6 118.2 117.3 117.4 119 120.3 121.9 121.6 121.1 122.3 124.3 125.6 126.3 125.8 123.8 120.5 118.7 116.6 114 112 110.6 108.9 105.9 104.4 104.9 104.2 103.2 102.3 101.4 102.5 103.9 104.7 105.7 107 107.3 107.1 108.5 110.6 112.5 114.2 115.9 117.3 118.3 119.3 120.4 121.7 122.9 124 125.2 126.3 127.4 128.7
154.6 154.9 154 151.5 146.5 140.4 134.3 129.9 127 125 122.9 121 119.8 118.5 117.9 116.3 116.2 115.7 121.1 116.9 112.6 110.9 109.9 108.7 107.7 107.6 109.1 111.1 113.8 114.8 114.3 113.9 114.8 116.3 117.2 117.2 117 117 118 119.2 119.9 120.4 118.6 117.3 116.3 114.3 112.2 111 109.6 108.1 103.2 104.9 105.3 104.6 103.8 103 101.9 101.8 103.1 104.5 105.4 106.2 107.5 108 107.6 108.1 109.6 111.7 113.9 116.2 117.6 118.6 119.6 120.7 122 123.5 125 126.2 127.3 128.6 130
