webserver/python/data/SU94.asc
ncols 200
nrows 200
xllcorner 490000
yllcorner 140000
cellsize 50
[rows 38 to 75 of 200, columns 0 to 85 of 200]
95.6 97.5 98.5 100.4 98.7 99.2 101.8 102.9 101.9 102.3 101.5 104.6 106.3 104.9 97.7 94.4 103.1 106.3 106.8 105.7 106.2 104.8 95.1 91.8 98.9 101.1 92.6 97.3 101.9 107.1 111.4 112.5 110.5 106.5 100.7 97.3 98.3 102.3 109.9 115.6 115.7 115.3 115.2 117.5 118.5 118.6 120 121.3 124.1 125.8 125.8 123.8 122.7 121.2 118.7 116.4 114.4 113.1 110 107.5 105.4 105 104.8 106.2 107.2 107.4 107.4 107.8 107.7 110.4 110.7 110.6 111.2 115.4 115.4 113.3 112.4 111.2 111.3 113.5 115.9 117.1 119 120.2 119.2 117.5
88.4 88.5 89.3 90.8 89.6 89.2 91.3 91.9 91.6 90.8 93 96.5 98.2 96.4 90.9 87.2 99.8 99.7 99.6 98.7 99.7 98.2 90.3 89.1 94.9 97.5 88.1 92.8 101.6 102 102.8 103.9 107.2 104.1 99.7 94.2 98.4 101.3 107.4 112 112.8 111 110.9 112.1 113.6 115.1 115.8 117.7 118.5 118.5 119 116.6 115.4 113.3 111.5 110.1 106.4 104.3 103.4 101.5 99.8 99.3 98.8 99.8 100.3 100.1 100 101.1 102.3 104.6 106.4 107.3 105.3 106.3 108 108.2 107.7 107 106.9 107.9 109.1 111.4 112.6 114.4 114.7 112.3
83.9 85.5 85.7 85 86.2 84 85.8 87.1 84.2 83.3 84.2 87 89 86.5 83.5 81.7 85.8 89.9 90.9 90.5 90.5 90.1 87.3 85.5 87.7 87.9 84.6 87.2 91.7 92.9 93.5 94.6 96.1 95.9 92.7 92.3 101.1 102 105.9 110.6 110.1 106.8 106.8 108.9 111.7 114.1 112 112.3 113.1 111.9 111.4 110.3 108.8 105.8 103.6 101.3 98.6 97.4 96.7 95.6 94.6 93.9 94.6 95.2 95.3 93.9 96.8 98.5 100.9 103.9 103.3 104.6 103.2 103 103.5 104.3 104.5 104 104.2 105.3 106.3 108.1 110.1 113.7 114.8 111.4
79.9 81.3 82.6 80.1 82.8 80.8 78.7 84.5 80.9 77.6 81 85.8 85.5 82.7 79.6 77.6 81.2 84.5 85.1 85.6 86.2 84.5 82.6 80.7 81.9 82.4 81.3 83 86.4 88.7 88.1 88.7 89.4 89.2 87.2 91.5 95.2 96.9 100.5 101.7 100.7 100.3 100.2 103.5 106.7 106.8 105.9 106.8 106.5 106.6 106 105.1 104.1 100.2 98 96.2 94.8 94.3 93.5 92.4 91.8 91.9 92.1 92.4 93 93.8 97.2 99.3 101.5 102.2 100.6 101.8 101.5 101.4 101.3 101.8 103.4 103.6 103.6 103.8 104.2 105.9 108.6 111.4 110.4 108.5
78.2 79.3 79.4 75.4 77.4 76.8 74.3 73.8 74.1 74 74.5 76.5 79.6 79.9 80.3 74.4 77.8 84.1 84.4 85.4 85.8 82.5 79.3 79 81 78.1 79.1 82.2 84 85.8 84 82.9 82.6 82.5 83.9 87 90.6 93 94.2 95.8 95.6 95.7 95.1 95.7 96.9 98.7 98.8 99 101.2 103.8 104.2 102.9 101.1 99.7 97.1 94.9 94.2 93.1 91.5 90.2 89.4 89.8 90.5 90.8 92.8 95 99 101 101.8 101.3 99.6 100.2 100.9 99.4 99.4 100.1 102.3 103.2 103.2 103.5 103.8 104.8 105 106.2 103.8 101.2
85.1 80 79.6 77.6 74.3 74.5 74.1 73.4 73.5 74.1 73.3 70.9 70.3 71 74.6 73.6 76.6 85.2 86 85.5 83.1 79.7 76.1 75.1 77.6 73.8 83.7 86 87.1 87.4 85.1 80.9 79 82.6 85.4 87.1 90.1 92.3 91.9 92.8 91.7 91.2 91.2 92.2 94.7 95.1 95.3 97.3 99.8 102 104 102.8 100.4 99.5 97.3 94.6 94.3 93.6 91.7 90.6 89.5 89.3 89.3 89.7 93.4 95.9 97.7 100.4 100.9 99.7 98.1 98.1 98.7 97.8 99.9 100.8 102.8 103.4 103.7 103.7 103.8 102.9 103.4 102.2 99.9 98.7
101.5 98.1 88.9 90.9 86.6 85.4 80.2 78 74 77.9 76.6 73.6 70.6 69.3 69 69 71.3 77.9 80.9 78.5 75 72.8 71.9 73 73 71 74 74.2 77.5 77.9 77.3 75.2 75.7 78.2 79 79.7 82.7 88.3 88.5 89.3 90.1 89.2 89.1 89.8 95 95.1 98.8 100.5 101.7 103 104.1 102.9 99.7 99.4 97.7 96.9 98 96.2 94.6 92.1 89.2 88.4 89.9 90.5 92.9 94.8 94.7 98.3 98.7 98 95.1 95.1 95.7 97 99.5 101.9 106.2 106.7 106.3 104.9 104.3 105.3 105.4 101 99.1 99.2
107.4 102.5 93.5 91.9 87 83.5 80.4 79.1 80.4 84.4 82.8 81.2 79.4 76.1 73 69.6 69.3 69.1 70.7 69.4 69.4 68 68.5 69.5 69.6 69 70.7 72.2 74 74.3 74.2 74.1 74.8 77.9 80.6 79.4 78.4 79 81.3 84.2 84.8 90.1 92.2 93.9 96.6 103.2 107 107.3 105.7 105.6 104.3 103.6 102.1 102.5 100.7 101.1 100.9 98.9 96.4 92.7 88.8 86.7 88.5 89.7 90.6 91.4 92.3 94.5 95.6 95.4 93.6 93.5 94.2 96.7 99.8 101.2 108.9 112.4 111.2 108.1 105.9 106 105.3 101 99.3 99.2
104.6 99.6 93.7 91.5 88.5 86.9 84.8 84.2 85.6 87.1 86.6 85.2 83.1 80 75.8 72.2 70 69.6 68.6 67.8 65.5 65.6 66.7 68 69.2 69.1 70.4 72.7 75 76.9 78.4 80.6 82.3 85.5 87.5 87 81.8 85.2 89.1 91 95 95.4 96.8 99.5 107.9 112.3 112.7 110.4 108.6 106.3 104.6 105 106.1 104.2 101.6 99.5 97.7 96.9 95 92.9 89.1 85.3 84 86.5 85.8 87 88.3 89.3 90.4 90 89.6 93 95.1 97.3 99.9 105.4 111.2 114.5 112.9 108.3 105.8 106.1 106.1 104.6 101 97.9
103.7 99.8 100.8 99.2 95.9 94 92.5 91.9 91 88.8 88.8 87.3 85.2 80.3 78.4 74.8 73.1 71.8 71 68.6 65.8 64.4 65.7 67.6 69.4 73.5 75.7 77.7 79.9 81.9 84.5 86.2 88.7 90.9 93.1 92.6 86.2 91.8 95.6 95.3 103.2 106.5 105.4 103.3 112.6 118.6 117.2 112.7 110.6 111.4 110.7 107.3 105.2 102.4 99.4 96.8 94.7 93.7 92.2 91.4 88.7 84.7 84.1 84 84.1 84.2 85.9 89.1 89.3 88.9 89.8 91.6 94.1 95.7 99.3 104.6 109.2 112 111.2 107.5 104.7 106.1 106.1 106.1 102.3 98.6
108.1 107.7 109.8 107 103.6 102.4 101 99.2 96.5 95.5 90.4 87.3 84.2 80.8 79.4 78.7 76.9 74.5 72.3 69.8 67.1 64.2 65.6 68.8 74.4 77.7 80.1 82.3 84.5 86.3 87.5 89.3 91.6 94.2 97 98.3 95.5 91.1 101.5 99.4 112.2 115.6 111.1 103.9 113.5 121.2 121.4 118 117.6 114.7 111.4 108.3 104.6 100.6 97.2 94.5 93 91.2 89.8 89.7 86.8 84.1 83.7 83.9 84.2 86.4 88.2 89.6 89.4 90.1 90.4 92.2 93.4 94.5 98 102 105.4 107.9 108.4 105.5 104.3 105.8 106.2 106.2 103.7 99.7
114.3 112.7 110 108.8 108.3 107.7 106.7 103 98.4 94.1 90.8 86.6 83.3 81.9 80.7 80.6 80.1 77.2 73.7 70.8 67.5 64.6 66 72 79 81.4 83.9 86.5 88.6 90.3 91.2 93 95.3 97.8 100.6 102.1 103.6 94.8 102.5 103.9 109.5 122.7 120.7 113.7 113.4 122.7 126 124.1 123.2 117.6 110.6 107.1 102 98.2 95 93.2 91.4 89.7 89.9 89.8 86.3 83.4 82.3 84 86.2 89.7 90.3 90.4 92.2 92.4 92.4 91.9 92.8 93.9 94.6 98.3 99.5 100.8 103.2 102.6 103.3 104.6 105.9 106.3 106.9 104.6
115.7 114 110.2 110.1 110.8 110.8 108.2 105 103 97.3 91.6 88.1 85.8 84.9 83.1 82.5 81.6 80.6 76.8 73 68.4 64.1 66.5 77.7 84.2 85.9 88.4 90.7 92.3 94.2 95.7 98.5 99.7 102.2 105.6 106.9 107.9 103.2 104 115.2 121.5 124.6 126.8 124.1 122.2 125.9 128 127.9 124.3 117.3 110 104.2 99.3 96 93.1 91.8 90.4 89.5 89.4 89.6 87.3 83.9 80.3 83 89.5 90.9 91.3 92.2 92.4 92.4 92.4 92.3 92.2 92.5 93.3 94.2 96.1 98.1 99.1 100.4 101.8 102.9 104.8 108.5 109.5 107.5
114.2 113.5 109 110.3 111.7 112.2 109.9 111 106.9 102.3 96.2 92.5 90.1 88.7 86.8 84.1 82.9 81.7 79.7 76.1 70.6 64.6 67.6 82.7 85.9 86 88.1 90.6 92.2 96.4 100.6 102.3 103.5 106.6 110.5 111.3 112 111.6 108.1 120.8 125.9 127.4 127.8 126.4 126.2 127.3 127.5 126.8 123.3 117 109.9 102.4 97.5 93.8 91.8 90.5 89.2 89.3 89.6 89.3 88.3 85.8 81.4 82.9 89.7 91.2 92.1 92.3 92.5 92.4 92.3 92.2 92.1 92.1 92.3 93.7 94.8 96.8 98.7 100.8 104 105.7 105.4 108.8 110.7 108.7
116 114.9 111.8 106 105 108.8 109.7 109.3 106.2 103.4 101.2 97.3 94.2 93.2 90.1 85.5 83.8 81.7 80.4 80.3 71.5 65.1 67 77 80.2 84.4 88.5 90.9 93.8 97.6 101.7 105.2 107.4 110.3 112.4 113.9 114.9 117.1 119.9 122.3 126.1 127.2 127.2 127.3 126.5 126.4 126.5 123.6 118.4 113.9 107.5 102.6 97.3 93.3 91.8 91.4 90.9 90 89.6 89.6 88.8 87.8 83.8 81.3 88.1 89.9 91.7 92.4 92.4 92.3 92.2 92.2 92.1 92 92.4 93.5 94.2 95.7 97.5 99.4 103.2 105.8 106.5 108.9 110.8 109.6
116.1 116.9 115.7 108 99.8 99.5 105.6 106.6 103.8 102.7 100.1 96.7 95.5 94.1 90.4 85.8 82.6 80.5 79.5 79 71.1 64.5 65.8 76.2 79.4 82.8 87.4 90.5 94.4 98.1 102.4 104.6 107.8 111.1 113.5 115.3 116.6 119 121.7 124.1 125.9 126.1 126.2 126.2 126.3 126 125.4 120.5 114.2 109.2 105.8 102.4 97.8 94.4 92.5 91.4 89.9 88.1 87.3 88.7 87.7 86.5 84.3 81.3 87.8 89.8 91.8 92.1 92.2 92.3 92.2 92.1 92 92.1 92.6 93.6 94.7 94.5 97 99.6 103.2 105.6 106.1 107.4 108.7 110.3
118.5 120.2 118.1 112.1 102.6 91.5 97 101.1 103.2 100 97.5 94.7 93.5 91.2 87.5 84.5 81.9 79.3 78.7 74.7 70.9 64.5 66.3 76.7 74.8 79.9 81.2 81.9 86.4 96.4 102.3 103.5 105.8 109.5 112.2 114.1 117.1 119.2 121.7 124.1 124.7 125 125.3 125.7 125.7 124.3 122 119.5 113.6 109.1 104.9 102.4 100.3 96.5 93.9 92.4 89.8 87.4 85.9 85.2 86.5 83.1 78.5 82.7 89.9 91.2 91.6 91.6 91.4 91.5 91.7 91.9 92 92.1 92.8 93.8 94.9 95.3 97.3 99.9 102.7 104.6 105.4 105.5 106.1 107.3
118.6 121.2 121.5 120.1 108.5 95.7 88.1 86.7 92.5 95.7 95.9 91.7 89.2 87.7 85.8 82.6 79.4 77.9 74.4 70.3 67 64 63.7 66 69.8 69.4 72.8 73.2 77.2 91.8 101.4 100.9 103.1 108.6 109.4 111.3 114.7 118.6 121.6 123 123.3 125.3 125.9 125.4 124.9 123.5 121.7 119.4 116.2 113.6 107.3 103.9 101.3 96.9 92.6 89 88.2 86.9 85.9 81.6 79.8 79 81.1 86.5 90.4 90.9 91.2 91 90.9 90.7 90.8 91.4 92 92.1 93 94.1 95.2 96.5 98.3 100.2 102.3 103.2 103.8 104.6 104.6 104.7
117.7 120.7 121.3 119.8 112.5 100.9 89.2 82.5 79.2 84.7 90.4 87 84.8 82.6 82.1 80.3 77.2 75.2 68.6 64.8 63.8 63.5 65 66.1 74.9 76.6 77.5 75.6 75.8 79.2 91.7 92.6 104.1 103.6 106.2 110.8 113 117.4 121.3 120.9 123.1 124.1 123.9 123.8 123.7 123 121.3 118.9 116.4 113.2 108.3 105.2 99.9 93.8 90.7 87.1 86.4 85.5 86 82.4 74.7 83.9 85.7 88.1 89.9 90.6 90.7 90.5 90.3 90.1 90.3 91.1 92 92.3 93.3 94.3 95.4 97.5 99.9 100.7 100.8 101.3 101.8 104.5 106.1 104.8
113.5 115.1 117 115.6 110.5 100.6 91.8 86.5 79.8 79.2 81.4 81 80.7 78.5 77.8 77.6 75 72 64.5 63.7 66.4 66.5 71.8 71.8 74.3 79.6 82.9 85.3 83.6 80.1 81.5 91.1 93.5 98.6 108.1 110.3 111 115.6 118.9 119.9 121.1 121.8 121.6 121.3 121.8 122.1 120.5 117.4 113.1 109.2 105.5 100.9 93.9 89.9 87 84.6 84.4 84.9 85.9 82.9 75 85.9 87.1 88.9 90.1 90.3 90.4 90.8 91.1 91.4 90.8 91.3 91.8 92.6 93.6 94.6 95.9 98.5 101.1 100.8 100.4 100.6 101.4 105.6 105.9 105.1
106.4 105.3 103 103.5 101.1 97.6 92.7 87.6 81.6 77.9 74.9 73.9 73.9 75.9 73.4 73.8 75.5 69.3 63.2 68.9 74.5 76.9 76.5 81.6 74.6 81 84.2 86.1 88.6 86.3 85.5 84.2 85 91.9 105.8 103.8 110.6 115.4 115.6 117.1 119.6 120.9 119.4 119.2 121 121 119.3 115.8 109.1 103.8 100.5 95.7 89.6 89.3 85.7 84.2 81.9 81.9 84 81.8 74.3 84.9 86.8 89.1 90.4 91.4 91.8 92.1 92.3 91.9 91.2 91.7 92.1 92.8 93.8 94.8 95.5 97.4 99.9 100.7 101 100.7 100.6 105.5 105.8 105
94.8 89.6 88.1 89.6 92.8 92.7 89.6 85.5 80.6 77.2 73.9 69.5 70.6 70 68.3 69.9 72.3 67.3 61.6 72.7 81.1 82.1 82.2 84.2 79.9 81.1 86.2 90 94.6 95.2 93.5 90.5 93.9 88.9 92.9 103.6 113.7 114.2 113 114 115.4 118.3 119.3 119 119.3 120.2 117.8 114.9 108.7 103.9 98.1 92.3 89.1 88.8 86.5 84.8 81.3 79.3 80.5 80.5 74.1 80.6 85.8 88.9 90.4 92.2 93.1 93.3 93.4 92.4 91.7 92 92.1 93.1 94 95 95.7 96.9 99.1 100.1 101 99.7 99.3 105.5 105.1 104.7
87.3 85.1 86 84.5 82 84.6 85.4 81 75.8 73 70.7 69 68.6 66.7 63.9 63.7 64.7 62.6 59 66.7 84 86.6 89.8 90.8 85.7 87.7 87.6 94.9 99.6 103.1 102.1 102 103.3 96.4 93.4 105.5 111.9 109.7 110.7 111.3 113.1 117.3 120.1 119.6 120.7 118 114 110 105.4 101.8 97 92 90 90.5 88.4 86.4 83.4 80 74.6 80.8 73.8 80.5 87.2 92.8 94.6 94.5 94.5 94.5 93.9 92.7 91.6 91.3 91.7 92.7 93.7 94.7 95.3 96.3 98.4 100.4 98.3 98.6 99.6 105 105.7 105.8
86 86 85.2 80.5 79.3 78.1 76.8 74.5 73.5 71.4 70.3 70.5 70.3 70 67.2 64.3 64.7 62 58.9 61.8 74.8 92.6 96.4 95.1 91.9 94.1 91.9 101.6 103.1 106.8 107.2 107.5 106.3 102.9 97.1 98.9 101.2 103.2 107.9 109.1 114 117.6 120.2 120.8 120.1 115.3 111 106.1 101.8 98.4 94.7 95 93.3 90.9 89.7 87.5 85.1 81.9 77.2 73.8 73.5 84 91.7 96.3 97.9 95.8 95.2 94.7 92.5 91.2 90.1 89.7 90.8 92 93 93.9 94.3 95.1 96.4 97.6 96.3 97.5 99.6 102.9 105.5 105.6
84.6 85.9 85 83.8 82.8 79 76.8 74.8 74.4 74.7 76.3 76.9 76.2 75.6 73.7 69.8 64.9 61.5 58.9 61 73.3 101.6 101 99.8 97.4 99.3 99.6 104.7 106.2 108.3 108.7 108.5 107.2 106.1 105.1 103.1 106.8 108.7 111.7 114.8 116.3 120.2 120.8 120.9 118.9 114.1 109.2 104.2 99.7 99.1 97.8 97.7 94.6 92 89.9 87.8 85.7 82.9 79.4 73.9 73.2 83.9 90.1 94.4 95.7 96 95.4 94.1 91.8 90 89 90.4 90.4 91.1 92.2 92.9 93.7 94.9 95.5 95.7 96 96.7 98.8 101.4 103.6 103.8
87.9 85.8 86.2 91.4 87.9 85.4 82.4 81.3 80.1 80.7 80.3 79.8 80 81 77.2 70.9 65.5 61.6 58.9 62.4 79.4 102.1 101.1 101.3 99.1 102.3 103 105.2 107.2 108.5 107.6 107.3 106.8 106.2 106 106.2 109.5 112.3 114.6 116.7 118.4 120.4 121 121 117.6 111.9 107.5 103.3 103.2 103.6 102.4 100 98.2 92.9 89.3 87.2 85 82.8 80.9 75.8 73.6 85.5 89.9 89.7 91.4 92.5 93 92.4 91.6 89.6 89.7 91.6 91.6 91.6 92 92.6 93.4 94.5 95.9 95.9 95.3 95.8 98.2 100.7 101.6 101.4
95.1 93.5 93.4 92.5 90.1 89.5 87.7 86.4 85.8 84.1 83.3 82.6 80.9 80.8 76.9 70.2 63.9 59.6 58.9 66.7 87.9 97.3 99.8 101.4 102.7 104.9 106.1 106 107.5 108.1 107.2 106.3 105.3 104.5 106 107.3 109.7 112.8 115.8 116.6 118.9 120.2 120.7 120.9 118.5 113.5 109.6 107.9 108.3 108.8 105.4 101.9 99.8 93.5 88.9 85.2 82.9 80.5 78.2 72.5 73.1 87.1 89.2 88.4 89 89.4 89.8 90.9 90.9 87.2 89.1 91.2 91.6 92 92.4 92.8 93.4 94.1 95.2 94.6 94 95.3 97.8 100.3 100.9 100.9
99 100 101.3 100.9 98.4 95 92.7 90.3 89.2 86.6 85.3 83.2 81.5 80.3 76.6 67.9 62.1 59 59.6 70.8 90 91.6 95.8 100.6 102.6 104.8 106.1 106.1 106.3 106.8 104.6 100.4 101.3 102.1 102.4 104.7 108 111.2 114.8 117.2 118.6 120.1 120.3 120.5 120.7 117.2 114.8 115.7 114 109.7 106.4 103.5 99.2 94.1 88.4 84.3 80.8 78.9 76.3 71.8 68.9 80.8 86.6 85.4 88.3 89 90 91 91 84.3 90.1 91.4 91.9 92.3 92.7 93.1 93.7 94.1 94.3 94.4 94.1 95 97.5 99.5 100.8 99.4
107.4 107.2 110.3 109 105.3 100.8 94.6 89.3 88.3 85 83.9 81.8 78.9 77.4 73.8 66.3 60.8 58.8 61.6 70.1 86.1 86.6 89.8 94.5 97.8 100.6 102.5 105 102.2 104.9 104.2 94.8 95.7 96.5 97 100.6 104.8 108.3 111 116.2 118.4 119.7 119.8 119.9 120.3 120.1 118 116 113 108.7 105 101.3 96.3 91.9 89.2 85.2 82.6 81 80.8 78.5 69.8 69.6 78.4 80 85.9 87 88.8 90.9 91 79.3 90.3 91.6 92 92.5 92.9 93.4 93.8 94.2 94.6 94.7 94.2 94.8 97.1 98.7 99.3 97.9
111.5 110.9 110.9 109.3 106 100.5 94.7 90.3 86.3 84.2 82 79.4 78.2 75.8 70.1 65.9 59.4 58.8 62.2 68.5 77.3 80.1 83.2 85.2 87.8 89.8 92.6 96.8 91.9 98.4 95.2 89.1 86.8 89.2 94.9 96.6 99.7 100.6 108.3 113.1 116.8 119 119.1 119.5 120.2 120.9 118.4 115.6 110.6 108.5 105.3 103.1 98.5 93.2 90.2 86.3 82.7 81.1 81.6 81.4 80.6 71.2 68.3 70 78.8 84.1 87.9 88.9 86.8 80.2 91.2 91.7 92.1 92.5 92.5 92 93.1 94.2 94.6 94.8 94.2 94.7 96.4 97.7 97.9 96.5
112.5 110.3 109.1 106.2 99.4 93.8 88.6 86 83.6 82.3 79.9 78.3 76.8 74 69.5 65.3 59.1 58.9 62 67.8 72.7 74.2 76.7 79.8 81.9 82.9 84.5 84.1 81.1 81.5 80.3 79.8 82.1 84 92.6 98.9 101 105.5 109.7 112.1 115.5 117.6 118.6 119.4 120.3 120.7 116.9 112.9 107.8 106.9 106.5 105.7 102.5 95.2 91.1 85 82.3 81 81.6 82.5 81.8 80.9 74.2 68.4 71.4 82.9 84.2 83.7 78.6 85.3 91.1 91.5 91.8 91.4 91 90.8 91.9 93 94.1 94.9 94 95.5 95.7 96.7 96.4 95
114.1 108.9 106.6 104.6 99 92.5 86.4 82.7 80.7 79.2 75 74.4 74 73.4 69.4 64.1 59.9 58.9 60.6 65.6 69.9 71.9 74.4 77.7 78.8 77.6 73.9 74 73.9 77.1 81 83.3 84 87 92.7 99.4 101.1 103.9 106.4 110.7 114.5 116.4 117.8 118.8 119.6 118.9 115.5 110.3 105.7 105.4 105.4 102.5 99.4 94 90 82.7 79.9 79.6 81 81.6 82.1 81.6 81.6 71.5 68 70.6 72.9 74.2 82.9 87.1 90 91.3 90.7 91 89.7 89.6 90.7 91.8 92.8 94.3 95.6 95.7 95.4 96.1 95.4 93.9
115.9 111.2 106.1 100.7 94.6 91.1 85.3 80.6 79.8 76.4 74.2 73.5 71.8 71.1 68.9 64.3 60.9 58.9 58.9 61.8 66.6 70.7 73.8 75.9 76 68.8 72 75.7 77.1 80.2 84 85.8 85.6 87.5 90 93.7 100.3 103.6 107.1 110.4 113.4 115 116.3 116.6 116.8 115 111.8 107.3 103.3 102.3 99.9 97.2 94.3 90.7 85.8 80 79 78.7 79.8 80.6 81.3 82.9 81 68.1 68.5 71.2 76.8 82.3 86.4 88.2 89.9 90.6 91 90.6 90 89.1 90.8 90.4 91.5 93.7 95.4 95.9 95.6 95.7 95.3 93.9
114.9 112.6 106.8 102 99.4 91.3 85.1 80.9 80 77 75.1 70.9 69.9 71.1 67.2 63.9 60.7 58.9 58.9 59.8 64.5 70.1 71.3 72.2 65.7 68.8 72.8 78.4 81.2 83.8 86 86.4 88.5 91 94.4 100.3 103.7 106.1 108.4 110.9 111.2 112.9 114 114.1 112.8 110.8 107.5 104.3 101.6 97.4 94.4 91.9 89 85.7 83.2 80.7 77.1 77.3 77.3 78.4 80.6 80.4 73.9 64.3 75 81.4 83 85.3 87.1 88.1 88.7 89.3 89.9 89.3 88.5 87.6 89.3 89.1 91.6 93.4 94.6 95.8 95.8 95.9 95.1 93.9
113.1 111.2 108.9 105.9 102 93.5 85.6 80.5 77.4 75.6 74.7 71.6 68.9 68.6 65.9 63.3 61.5 59.8 58.9 59.6 64.9 71 70.8 64.3 64.7 70.9 74.1 79.8 84.2 84.5 86 85.9 88.3 90.7 94.1 100.3 104.7 108 108.4 107.6 109.5 111.1 111.5 111.1 108.9 106.2 104 102.2 100.3 95.3 91 87.4 84.9 82.6 80.6 78.5 75.4 72.2 72.8 73.1 74.4 74.4 66.9 67.5 81 84.7 84.8 85.4 86.4 87.1 87.7 88.3 88.5 87.5 86.8 85.8 87.1 89.7 91.4 92.6 93.8 95 96 96 95.4 94
111 111 107.6 102.8 98.5 91.7 85.2 80.3 77.3 75.1 72.8 70.8 68.8 66.6 65.9 64.1 61.5 59.1 58.9 58.9 63.9 64.4 64.2 64.1 67.5 70.6 73.6 80.2 86 84.3 84.8 85.6 88 90.6 93.3 99.4 104.4 105.9 105.1 104.7 107.5 109 109.2 108 105.7 103.4 101.5 99.6 96.9 93.7 89.7 85.7 82.8 81.4 78.8 76.1 73.5 70.9 69 69 69.9 64 63.8 76.7 82.7 84.8 84.9 84.8 85.8 86.6 87.2 87.9 86.7 85.6 84.6 84 85.7 88.1 90.4 91.6 92.9 94.1 95.3 96 96 94.1
107.2 107.8 105.2 101.5 96 91 85.7 80.5 76.7 75.4 71.5 69.8 67.9 66.1 62.7 62.2 60.7 59.1 58.9 58.9 60.3 63.2 64.8 65.2 67.1 69.9 73.4 77.8 83.7 83.9 82.9 84.1 86.1 88 90.8 94.7 99.9 98.8 98.9 105.6 108.7 108.3 106.7 105 103.5 102 100.3 94.9 93.6 92.1 88.3 84.5 80.7 80.1 77.5 75.2 74.1 73.9 73.2 71.3 70.7 65.1 65.7 80.9 82 82.6 82.6 83.2 84.4 86.1 86.7 86.4 85.9 84.3 84.1 84.1 84.9 86.4 88.7 90.6 91.9 93 94.2 95.6 95.9 93.5
104.9 105.8 105 102 97.5 92.6 87.4 82.1 77.5 72.8 69.6 69 67.2 65.3 63.5 61.1 58.7 54.3 54.3 60.3 61.7 64.4 66.2 67.2 69 69.9 72 75.4 78.6 79.1 80.3 80.6 82.2 84.4 87 89.3 89.6 93.8 104.9 107.5 108.6 107 105.6 104.1 102.7 101 98.3 94.5 92.3 90.4 86.6 83.2 79.7 79 77.7 75.8 75.7 75.5 75.3 72.7 70.8 66.8 64.3 76.1 79.7 80.1 80.8 81.6 83.2 84.9 86.1 86 86 84.7 83.2 82.9 83.8 85.3 87.5 89.3 90.7 92 93.2 94.4 93.7 92.2
