webserver/python/data/SU95.asc
ncols 200
nrows 200
xllcorner 490000
yllcorner 150000
cellsize 50
[rows 152 to 189 of 200, columns 86 to 171 of 200]
39.9 40.6 41.6 42.6 43.6 45 46 47.9 47.8 46.9 44.1 40.5 39 39 39.9 45.1 45.6 45.2 44.1 44 44.1 45.5 46.2 45.3 44.1 41.9 39.6 38.9 38.8 38.5 38.4 39.3 39.3 39.6 40 41 39.6 39.1 39.2 39.3 39.1 40 40.4 40.7 41.1 41.4 41.8 41.9 41.9 41.9 41.9 41.9 41.2 40.6 40 39 39 39 39 40.2 40.9 41.6 42.3 43.5 44.7 47.8 49.7 48.2 48.5 48 46.1 46.3 47.1 48 48.8 49.4 49.9 49.9 50.7 51.7 51.8 51 50.5 50.7 50.7 48.4
40.9 41.7 42.6 43.6 44.5 47.4 50.9 52 49.7 47.1 44.2 41.3 39.5 40.1 41.4 45.5 46.9 47 44.2 44.2 44 47.2 47.6 45.6 44.3 42.6 40.4 39.1 39 38.9 38.8 40 39.9 40.9 40.9 40.9 41 39 39.1 39 39 40 40.3 40.6 40.9 41.4 41.8 42 42 42 41.9 41.1 40.5 40.4 40 39 39 39 39.9 40.5 41 42 43 44.1 46.3 50 50.9 50.7 50.4 49 47.6 47.1 47.9 48.8 49.6 50.2 50.8 52.1 53.1 53.3 52.7 51.7 50.7 50.4 51 49.1
42 42.7 43.6 45 47.4 51.5 55.8 54.5 49.3 46.4 43.6 41.5 40.1 40.7 41.7 45.6 49.5 49.6 47 45.4 47.9 50.4 49 46.6 44.7 42.9 41.2 39.9 39.2 39 39 40.6 40.4 40.2 40.5 40.4 40.9 39.2 39.1 39 39 39.8 40.3 40.5 40.8 41.4 42.1 41.9 41.8 41.7 41.6 40.7 39.9 39.5 39.5 39 39 39.5 40.4 40.8 41.3 42.1 43.2 45 48.2 49.3 52.5 52.9 52.7 51.6 49 48.3 48.5 49.7 50.4 51.2 52.7 54.1 55.2 54.3 53.4 52.5 51.6 50.5 49.1 49
43.2 44 45 46.9 50.5 55.7 55.3 53.3 48.3 46 44.3 42.2 40.6 41.2 42.6 44.9 49.4 50.9 50.2 48.2 50 51 49.9 47.1 44.9 43.1 41.2 40 40.1 39.2 39.9 41.5 41.1 40.7 40.3 39.6 40.5 39.2 39.1 39.2 40.4 41 41.5 42 42.3 42.4 42.7 42.1 41.6 41.5 41.2 40.5 39.4 39.3 39.5 39 40.1 40.5 40.9 41.3 41.7 42.2 43.6 46.3 50.3 51.9 54.9 55.1 56 54.4 50.8 49.1 49.2 50.1 51.7 53.2 54.7 55.8 56 55.6 54.4 53.3 52.2 51 49.4 49.1
44.7 45.4 46.6 50.5 55.6 55.7 55.7 52.1 47.5 45.2 43.7 42.2 41.1 41.2 42.6 44.8 49.1 50.9 50.6 49.4 51.5 51.3 49.9 47.3 44.6 42.9 41.3 40.9 40.9 40.2 42.3 42.1 41.7 41.4 40.8 39.8 39.2 39 41 42.3 43 42.6 43.2 43.7 43.6 43.4 42.7 42.3 41.7 41.3 40.9 40.4 39.5 39.6 39.8 40.2 40.4 41 41.5 41.9 42.3 42.7 44.3 46.7 50.1 53 55.8 57.7 55.9 55.8 52.4 50.1 51 52.2 53.8 55.4 56.8 56.7 55.7 54 54.9 53.8 52.7 51.5 50.2 49.5
47.2 48 49 53.6 55.8 55.9 55.8 50.5 47.3 45.3 44 42.5 41.6 41.9 42.6 44.6 48.6 50.6 50.9 51.9 55.4 54.6 49.7 46.9 44.4 43.2 42.8 42.1 41.6 42.1 42.6 42.4 42.3 42 41 40 39.4 40.5 43.6 45.1 44.8 44.7 44.5 44.4 44 43.5 42.5 42 41.6 41.2 40.4 39.3 39.3 39.5 40.1 40.4 40.6 41.3 42 42.5 42.9 43.3 44.8 47.3 50.6 54.6 58.7 60.1 56.2 54.7 53.1 52 53 54.4 55.9 57.7 58.6 58.4 56.1 54 54.3 54.3 53.1 52 51.8 51.3
49.4 50.3 52.1 55 55.9 55.9 55 49.9 47.3 45 44.2 42.8 42.1 42.3 42.6 44.7 48 51.5 54.2 55.1 55.9 54.4 50 47.1 45.2 45.5 44.8 44.3 43.1 42.5 42.5 42.5 42.5 42.5 41.5 39.8 39.4 44.3 47 47 45.7 45 45 44.9 44.4 43.3 42.3 41.8 41.4 41 40.7 39.9 39.2 39 39.9 40.6 41 41.4 42.2 43 43.5 43.8 45.4 47.6 50.9 55.4 60.2 60.7 58.3 56 52.9 54.1 56.5 58.1 59.5 60.6 60 57.9 55 54.4 54.6 55.1 54 53.1 53.3 52.8
51.8 53.6 55.1 56.5 57 55.9 54.5 48.6 46.3 44.7 43.9 43.1 42.6 42.5 43.2 45.3 49.5 54.6 57 58.9 58.9 55.3 50.6 48.4 48.4 51.7 50.5 45.7 44.3 43.5 43.3 43.4 43.4 43.2 41.9 40.8 41.6 45.4 45.4 45.7 45.4 45 45 44.7 44 43.1 42 41.6 41.4 41.2 41.1 40.7 39.8 39 39.7 40.4 41.2 41.6 42.3 43.1 44.3 45.1 46.6 48.8 52.8 56.6 60.3 60.4 59.3 57 55.5 57.5 59.7 60.9 61.2 60.9 60.5 57.8 57 56.2 56 55.5 54 54.7 54.7 54.1
54.3 56.2 57.8 59.2 58.5 56.5 52.9 48.2 46.4 44.6 44.3 43.4 43 43 43.8 47.1 53.7 58.8 59.2 60.5 60.8 57 52.2 49 52.9 57.5 53.3 47 44.5 44.2 44.3 44.4 44.2 43.7 42.4 41.5 44.2 44.6 45 45.1 45 44.2 43.4 42.9 42.4 42 41.7 42 41.8 41.6 41.4 41.1 40.2 39.7 40.1 40.6 41.1 41.7 42.3 43.7 45.2 46.1 47.4 49.9 54.7 60.6 60.8 60.7 59.7 60.5 58.7 60.5 62.6 63.7 62.5 60.6 59.8 58.8 58.3 57.7 57.3 54.7 54.9 56.3 56.1 55.4
56.1 58.5 60.6 61.1 60.4 57.7 53 49.3 47 45.7 44.5 44.1 43.7 43.8 44.5 47.7 54.6 61 60.7 62.3 60.8 56.8 52.9 49 52.1 52.7 51.4 47.2 44.1 44 44.7 45.3 44.7 44.1 43.1 44 44.7 44.7 44.7 43.8 43.7 43.1 42.5 41.7 41.2 41.1 41.3 41.5 41.8 42.1 41.8 41.4 41.1 40.9 41.1 41.5 41.9 42.3 42.8 43.9 45.4 46.8 48.2 51.4 55.6 60.5 60.8 61.4 61.6 61.4 61.6 63.7 65.5 65.5 62.9 60.6 59.4 58.7 58.4 58.1 56 55 56.7 57.9 57.3 56.5
58.7 60.1 61.2 61.4 61.1 58.2 53.8 50.5 47.2 46 45.1 44.4 44 44 44.6 48.3 52.6 58.6 61.3 62 59.6 56 53.1 49.7 49 49.1 49.2 47.4 45 45.4 45.7 45.4 44.8 45.4 44.1 43.9 44.6 44.5 43.9 43.1 42.4 41.8 41.2 41 41 41.2 41.8 42 42.2 42.4 42.3 41.9 41.5 41.7 42.1 42.5 42.9 43.3 43.6 44.3 45.7 47 48.8 51.6 54.6 59.1 61.9 63.6 63.5 63.5 64.5 66.4 66.1 65.3 63.4 60.9 59.5 58.5 58.2 58 56.5 57.3 58.3 59.1 58.4 57.6
61.1 61.4 61.9 61.7 61 59.9 54.4 50.5 47.7 46.4 45.5 44.6 44 44 44.5 47.9 50.9 55.6 59.8 61.1 60.9 57.4 53.9 51.2 49 49 49 49.1 47.7 47.5 47 46.1 45.3 45.8 44.3 43.9 43.9 43.3 42.7 42.1 41.5 41.2 41.1 41 41.1 41.6 42.2 42.5 42.7 42.9 42.8 42.5 42.5 42.6 42.4 43.5 43.9 44.3 44.6 45.2 47.1 48.7 51.2 55.1 58 60.2 63 65 65.2 65.5 67.3 68.3 67.4 65.2 63.3 61.1 59.8 58.5 58.1 57.9 57.5 59.5 60.4 60.3 59.5 58.1
63.3 64.9 62.6 62.5 60.6 61.1 55.4 49.7 48.8 47.7 46.6 45.4 44.2 44 44 46.1 49.2 52.4 56.3 59.4 59.1 56.9 54.8 52 51.5 52.6 53.1 52.6 50.9 49.2 48.8 47.9 46.2 45.8 44.7 44.3 43.7 43.1 42.5 42 41.2 41.1 41.1 41 41.3 42 42.6 43 43.2 43.4 43.3 43.2 43.5 43.1 42.9 44.2 44.9 45.2 45.4 46.3 47.9 49.9 54.1 58.9 62.7 63.8 65.1 67 68.4 69.3 70.8 69.8 67.9 65.2 63.1 61.3 60.1 58.9 58.6 58.5 58.7 60.6 60.9 60.8 59.8 58.5
65 65.9 64.4 62.3 60.1 58.4 54.5 50.5 49.8 49.3 48.2 46.9 45.2 44.1 44.2 45.4 47.9 51 54.5 56.8 58 57.1 55.2 54.3 54.3 55 55.9 55.6 52.4 51.1 50.4 48.6 46.6 44.6 44.2 44.2 44.1 43.5 43.1 42.7 41.9 41.5 41.5 41.4 41.7 42.4 43 43.4 43.7 43.9 43.8 44.3 44.5 43.6 43.6 44.3 45.6 46 46.4 47.3 48.3 51 56 61.7 65.6 66.6 67.7 69.3 70 71 71.9 71.5 68.4 65.1 63 60.6 59.4 59.2 59 59.4 60.2 60.9 60.9 61 59.8 58.7
62.3 65.3 64.4 62.1 59.2 55 54 52.5 51.8 50.8 49.5 47.9 46.2 44.8 44.4 44 46.4 49.9 53.4 56.3 59.3 57.6 56.9 54.5 54 56.4 57.5 55 53.4 51.6 50.2 48.9 47.3 45.4 44.2 44.2 44.4 44.2 43.8 43.4 42.7 42.3 42.2 42.5 42.4 42.8 43.5 43.9 44.2 44.5 45.2 45.6 45.9 44.3 44 44.3 45.1 46.1 47.4 48.3 49.1 51 55 61.6 66.5 69.1 70.3 70.9 70.6 70.5 71.3 70.7 68.8 65 62.6 60.2 59.7 59.7 59.9 60.3 60.9 61 61 60.8 59.5 58.1
59.2 60.8 65.5 65.7 61.9 57 56.6 56.6 54.7 52.2 50.6 48.9 46.9 45.4 46.6 44.4 45.4 48.4 51.9 55.8 60.9 61.2 58.7 55.6 56 57.4 58.6 56.9 54.9 52.5 50 48.5 47.2 45.5 44 44 44.1 44.4 44.5 44.1 43.5 43.1 43.2 43.6 43.1 43.5 43.9 44.3 44.4 44.2 45.9 45.8 46.1 44.9 44 44.1 45.4 46.4 47.7 49.1 49.8 51.4 54.3 60 66 69.4 70.9 70.5 69.4 70.1 70.2 70.7 69 64.7 62.2 61.1 61.1 61.2 61.3 61.7 61.1 61 61 58.9 58.3 56.9
59.8 62.6 65.4 66.3 63.6 58.7 60.4 61 57.4 53.9 51.1 49.2 47.3 45.3 46.5 45.9 45.7 47.4 49.5 54.3 59.8 61.7 59 57 57.5 59 60.5 59.5 56.8 53.2 50.1 48.4 46.9 45.6 44.3 44.1 44.3 46 44.3 44.8 44.3 43.9 44.3 44.6 43.9 44.3 44.8 44.5 44.4 45.2 46.2 46.2 46.2 44.9 44 44 45.2 46.7 48 49.3 51.5 53 55 60 66.1 71.1 70.9 69.7 68.1 69.4 69.1 69.2 67.2 64.1 62 62.2 62.4 62.5 61.7 60.9 60.2 60 57.7 56.1 55.8 55.4
62.1 63.9 66 65.9 63.8 61.1 61 60.9 59.4 54.9 51.7 49.5 47.6 46.3 47.2 47.4 47.6 47.4 49.1 53.1 56.8 59.8 59.3 58.4 59.1 60.9 63.9 62.2 58.9 56 52.4 50 48.6 47.8 46.2 45.8 45.6 45.6 45.2 44.9 44.1 44.7 45.4 45.5 44.3 45.3 45.5 45.5 45.6 46.3 46.7 46.3 46.2 45.2 44 44.4 44.7 46 47.5 49.3 51.1 54.3 56.6 60.3 66.7 71.9 70.1 68.2 66.7 66.4 66.3 65.8 65.2 63.3 62.2 63.1 63.4 62.8 61.2 59.8 59.2 57.1 55.3 54 53.5 52.9
62.5 64.2 65.5 64.3 62.6 61.2 61.1 61 61 55.7 52.6 49.7 48.4 47.6 48 48.1 48.2 48.3 48.8 49.3 53 55.9 58.8 61 62.2 64.7 66.3 63.9 60.4 57.5 55.6 53.2 50.6 50.1 48 47.7 47.5 47.3 47 46.4 45.5 45.8 46.5 46.6 45.5 46.7 46.6 46.8 46.9 47.2 47.5 47.1 46.7 46.1 44.6 44.2 44.4 45.4 47 48.8 50.7 54.1 56.7 59 65.7 68.5 68.1 66.6 65.3 64.7 64 63.5 63.1 62.5 62.4 63.5 63.1 61.8 60.3 58.5 56.6 55.2 53.8 52.4 51.2 50.2
61.8 62.7 62.9 62.3 60.7 59.6 60.1 60.6 60.9 56.7 53.1 49.6 48.4 47.9 48.5 48.6 48.7 48.6 49.2 49.1 49.3 52.6 56.3 60.3 63.9 65.8 64.8 61.5 60.3 58.7 56.8 55.3 55.1 51.9 49.2 49.3 48.8 49.5 49.3 48.7 48.2 47.9 47.7 47.5 47.6 48.3 47.4 47.7 48 48.3 48.3 47.8 47.4 46.7 45.6 45.2 45.7 46.4 46.9 47.9 49.9 52.4 54.1 56.2 59.2 62.5 63.4 63.6 63.7 63.2 62.8 61.8 61.2 60.8 61 61.6 61.7 60.5 58.9 56.8 54.9 53.5 52.1 50.9 49.8 48.9
64.4 65.7 63 60.4 59 58 58 59.4 59.2 55.6 53.2 49.7 48.7 48.5 49.3 49.6 49.1 49.1 49.6 49.1 49.2 50.2 53.9 58.2 62.3 63.9 61.4 59.8 58.7 57.6 56.8 56.2 55.5 53.4 49.3 49.2 49.2 50 50.9 50.5 50.5 49.6 48.9 48.5 49.2 50 48.8 48.3 48.7 49.2 49.1 48.5 48 47.3 46 46.3 46.9 47.3 47.8 48.5 49.6 51.6 52.4 53.8 55.6 58 59.4 60.7 61.7 61.8 61.7 60.7 59.8 59.2 59.8 60.2 60.2 58.4 57.2 55.2 53.3 51.8 50.5 49.8 48.2 47.3
65.2 65.8 63.7 58.9 56.7 55.9 55.6 56.3 55.8 54.5 52.3 50.1 49.2 49 50.6 50.2 50.2 49.8 50 49 49.5 49.4 51.6 54.1 57.9 59.1 57.8 56.8 57.1 56.1 57.2 57.8 56.8 54.8 50.5 49 50.1 50.9 51.7 51.6 51.4 51 49.9 48.9 50.5 51 49 49 49.9 49.7 50 49.4 48.7 47.7 46.3 47 48.1 49.1 49.5 49 49.8 50.9 51.9 53.4 55.4 56 57.3 59.9 61 61.3 60.8 60.1 58.7 57.9 57.6 57.5 57 55.9 54.7 53.3 51.6 50.8 50.4 48.1 46.6 45.4
64.5 64.6 61.8 56.6 54.5 54.2 54 54.3 54.4 53.7 52.1 50.1 49.8 49.9 50.2 50.4 50.4 50.5 50.2 49.6 50.2 50.4 50.7 52.6 53.9 55.2 54.5 54.1 54.9 56 58.1 59.4 58.6 56.4 53.5 51.7 51.5 52 52.6 52.2 50.8 50.3 49.8 50.5 50.7 50.9 49 50.1 50.3 50.4 50.2 50.1 49.5 48.2 46.9 48.1 49.7 51.2 51.6 51.1 51.2 51.3 52.1 54.2 55.3 56.2 56.9 58.9 60.4 60.3 59.9 59.4 57.5 56.5 56.5 56.1 54.4 53.3 52.2 51 49.3 50.4 48.1 46.2 45.2 44.2
59.6 59.2 57.6 54.3 54.4 54.2 54 54 54.3 53.4 51.7 50.6 50.3 50.5 51.2 51.1 50.8 50.6 50.5 50.8 51.4 50.4 50.5 52.3 53.3 53.5 53.5 53.7 54 56.1 58.8 60.3 60.6 57.2 54.3 53.5 53.7 54.7 54.4 52.6 51 49.3 49.5 50 50.1 49.3 50 51.1 51.1 51.2 51.1 50.6 49.9 48.9 47.9 49 51.3 53.8 54.3 53.6 52.1 52.3 53 53.8 56.7 58.2 57.6 58.4 59.4 59.3 59.1 59.9 57.8 54.5 54.4 54 52.3 50.8 49.7 50.4 48.5 47.2 45.5 44.9 44.4 44.5
55 54.6 55.1 54.2 54.2 54.1 54 54 54.1 53.2 52.3 51.8 51.7 52.5 52.6 52.8 52 51.7 51.4 52 51.1 51.2 51.4 52.7 53.1 53.2 53.4 53.7 54 56.4 59.5 61 60.1 57.9 55.6 55.1 55.7 55.8 54.7 53.1 51.4 49.9 50.7 51.3 51.4 50.8 51.2 52.1 52 52.1 52 50.9 50.1 49 49 49.7 52 56.3 60.2 56.9 54.5 54.5 55.1 55.2 55.9 58.8 58.8 59.2 59 59.2 58.2 58.2 56.7 55 53.1 51.6 50.3 49.2 49.1 48.7 47.1 45 44.1 44.3 44.4 44.5
53.6 53.6 54 54.1 54.5 54 54 54 54 54 53.5 53.1 52.9 54.7 54.9 54 53.2 52.9 52.4 52.9 52.3 52.5 52.7 53.3 53.3 53.2 53.3 53.6 54 56.9 60 62.4 62.6 60 57.9 57.4 57.3 56.8 55.5 54.2 52.5 51.1 52.3 52.6 52.7 52.4 52.9 53.1 53 52.9 52.5 51.6 50.7 49.8 48.9 50.6 53.4 58.2 62.4 60.2 58.4 58.9 59.1 57.4 57.9 58.6 60.2 60.8 60.3 60 58.9 55.9 53.6 54.6 53.1 51.5 49.8 49.3 48.8 48.3 46.8 46.1 44.5 44.2 44.4 44.1
52.9 53.5 54.2 54 55 54.6 54.9 55.1 55.2 55.1 54.1 54 54 56 56.1 55.4 54.4 53.9 53.5 53.4 53.6 53.8 54 54 53.5 53.4 53.4 54.1 55.6 57.7 60.7 64.7 64.7 62.1 60.5 59.5 59.4 58.8 57.4 54.8 53.7 53.7 54.7 55 53.5 53.6 54.1 54.1 54 53.9 53.6 52.7 51.5 50.1 49.4 51.3 55 60.7 65.2 64.9 63 63.4 61.7 59.6 58.4 59 59.8 61.3 64 63.9 63.2 58.8 55.2 53.9 53.2 52 51 49.9 48.8 48.4 47 46.7 46.5 45.2 45.7 44.2
52.6 53.3 54 54.7 55.1 55.5 56.1 56.2 56.2 55.6 54.5 54 54 54 56.5 56.8 55.7 54.7 54.5 54.7 54.9 55.2 55.4 55.4 53.9 53.7 53.8 55.2 58.4 59.5 61.4 64.1 65.7 64.5 64 63.4 61.6 60.8 58.8 55.5 55 57.7 58.6 56.9 54.4 54.9 55.3 55.1 54.9 54.8 54.6 53.6 52.1 51.3 51.6 52.9 55.6 61.7 65.8 67.8 67.6 67.2 65.7 62.8 59.8 59.1 60.2 63.8 68 71.6 70.2 64.7 59.1 56.6 53.4 52.2 51.2 50.2 49.3 48.2 47.6 47.2 46.7 46 45 44.8
52.4 53.1 53.8 54.5 55.2 56.1 57.1 57.3 56.9 56.1 54.9 54 54 54 54.6 55.8 57.2 55.8 55.9 56.2 56.5 56.7 56.9 57 55.9 54.2 54.7 57.5 60.3 61.4 62.7 64.7 66.1 66.5 66.4 66 65 61.7 59.7 57.9 60.4 62.5 61.4 58.9 56.2 56.2 56.3 56.1 55.7 55.4 55.3 53.9 53.8 53.2 53.5 54.3 54.2 58.9 62.9 65.9 69.4 70.8 69.6 66.6 64 61.4 62.8 67.2 72.6 78.9 74.9 68.8 61.7 58.3 54.4 52.3 51.3 50.3 49.3 48.4 47.7 47.3 47 46.1 44.9 43.8
52.5 53 53.7 54.4 55.2 57.1 57.9 58.1 57.4 56.6 55.9 55 54 54 54.4 55.3 56.3 57.7 57.3 57.2 58.1 58.3 58.6 58.1 56.4 55.1 55.6 58.6 60.6 62.6 64.2 66.1 67.7 68.4 68.4 67.5 65.6 63.9 60.8 59.1 62.3 65.8 63.6 59.3 58.1 58.3 58.3 58.1 57.3 56.5 55.8 55.4 54.9 54.3 53.8 56 54 56.4 59.6 62.6 66 70.8 70.8 70.4 68.2 65.6 68.9 73.1 78 80.2 75 69.7 63.7 58.7 53.7 52.1 51.4 50.4 49.4 48.5 47.7 47.4 47 46 44.7 43.6
53.3 53.7 53.7 54.2 55.3 57.4 59 58.8 58 57.4 56.4 55.5 54.9 54.7 55 55.9 56.9 57.9 58.5 58.6 58.8 60 59.9 59.3 57.8 57.4 57.8 59.1 60.3 63.7 65.8 67.3 68.6 70.1 70.4 69.2 67.5 66.2 63.1 59.7 64.4 65.7 65.1 61.7 59.9 60.2 60.5 59.3 57.9 57.6 57.3 55.5 55.2 54.5 54 56.6 56.4 56.6 58 60.1 63.5 68.2 70.9 72.8 73.5 73.6 76.4 80.4 80.7 77.3 72.1 65.8 61.8 55.7 52.9 51.3 50.7 50.3 49.4 48.4 47.5 46.9 46.4 46 44.6 43.4
54.5 54.6 54.4 54.6 56.3 58.3 60 59.6 58.9 58.3 57.1 56.3 55.9 55.6 56.1 56.6 57.5 58.4 58.9 59.4 59.8 60.9 60.4 60.5 60 59.6 59 59 59.2 62.9 65.8 68.1 69.7 71 71 70.7 69.1 66.6 64.1 63.1 65.8 66.4 66.1 65.1 63.4 61.9 60.8 59.8 58.9 58.1 57.5 54.6 54.5 54.3 54.7 57.6 57.8 57.6 58.5 59.1 61.9 66.3 70.7 74.8 79.2 79.6 83 85.7 82.4 74.8 67.3 61.1 56.9 53.4 51.7 50.3 50.1 48.8 47.7 46.6 45.6 45.6 44.9 45.2 44.5 43.3
55.7 55.2 54.3 56 58.3 60.6 61.1 60.9 60.3 58.8 57.7 57.1 57 56.7 57.2 57.7 58.2 58.9 59.2 59.6 59.3 60.4 61.1 62.1 61.9 60.8 59 59.2 59.3 60 64.3 67.7 70.7 71.1 71 71 70.1 67.9 64.9 65.8 68.1 68.5 67.3 66.3 65.3 64.3 62.6 60.6 58.9 56.8 55.4 54 54 54.1 55.6 57.9 58.4 58.2 57.9 58.9 60.9 64.3 68.4 73.1 78.1 81.8 82.6 82.7 79.6 72.3 63.4 57.7 54.4 53 51.4 49.7 48.7 47.3 46 45.4 44.1 42.2 41.6 41.7 41.7 40.4
56.6 56.4 56.3 57.7 60 61.1 60.9 61 60.7 59.3 58.5 58 58 57.8 58.3 58.8 59.2 59.6 59.1 59.2 59.5 61.3 63 63.8 63.8 61.9 60.4 59.2 59.2 59.1 61.8 65.2 68.8 70.9 71.1 71 71 68.9 67.4 68.8 70.1 70 68.5 67.5 65.8 64.8 63 61 59.1 56.5 54.7 55 55.1 54.1 55.9 57.7 59 58.6 58.1 58.5 60.2 63.1 66 69.5 71.8 73.9 76.1 78.2 77.8 71.8 64.1 59.7 57 54.4 52.2 50 48.1 46.2 44.8 44.3 42.8 40.7 43.7 42 41.2 39.2
57.4 57.5 57.4 57.9 59.4 60.6 60.7 61 60.9 60.2 59.3 59.4 58.4 58.9 59.4 59.8 60.1 60.7 60.5 59.6 59.5 61.5 64.4 65.6 64.9 63.4 62 60.7 60.2 60.7 61.5 63.5 67.1 71.1 71.3 71.2 70.8 69 69 70.3 70.5 70.2 69.4 67.7 66 64.2 62.4 60.6 58.6 56.5 56.3 57.4 57.2 55.7 55.4 57.1 58.4 59.1 59.3 59.1 60 62.3 64.1 65.7 67.5 70.7 73.8 78 79 75.4 70.2 66 62.1 58.3 54.8 51.5 49 47.1 45 44.1 45.4 45.6 45.4 45.2 43.8 41.2
58.5 58.4 58.6 58.8 60.2 61.9 62.3 62.6 62.3 61.5 60.6 60.4 59.5 59.9 60.3 60.7 61.4 60.9 60.3 59.6 59 60.1 62.7 65.9 65.7 65 63.5 62.5 61.4 61.8 62.2 63.8 66.3 70.7 71.6 71.3 71.9 70.2 70.1 71 70.5 70 69.3 66.9 65 62.9 61 59.3 58.1 58.6 58.6 59.4 58.4 57.1 56.4 55.6 56.3 57.7 58.4 60.6 60.5 61.7 62.5 64.2 65.8 68.8 72.6 78.9 81 79.2 76.2 70.9 65.5 60 56.2 52.5 49.9 46.7 44 45.9 46.3 46.3 46.4 46.2 45.3 43.3
59.8 59.1 58.9 59 61.2 63.6 64.3 64.5 63.4 61.6 61.2 60.8 60.1 60.9 61.3 62.2 62.7 62.4 60.9 59.8 59.8 60.5 61.1 64.7 66 66 64.7 63.2 62.6 62.9 63.3 64.2 67.3 70.1 72 73.1 73.4 71.6 71.7 72.3 71.1 69.7 68.7 66.6 64.1 61.9 59.9 58.1 58.6 59.5 59.9 60.5 60 58.6 57.6 56.5 56.4 57.4 58.7 59.9 60.9 61.4 62.2 63.9 65.4 67.2 70.4 77.2 81 79.2 76.4 72.4 67.1 61.2 56.9 53.6 50.3 46.4 44.6 46.2 47.1 47.1 47.2 47.2 46.6 44.6
60.9 59.1 59 59.5 62.2 64.9 66.1 65.6 62.8 63.1 62.1 61.1 59.6 60.4 62.6 63.7 64.2 63.8 62.7 60.4 60.8 61.3 61.8 62.2 66 65.8 65 64.1 63.8 64 64.1 64 66.6 69.5 72.7 74.9 74.5 73.1 73.4 73.5 71.9 70.3 68.7 66.2 63.6 61.3 59.1 59.1 59.9 61 62.4 62.4 60.3 59.1 58.4 57.3 57.1 57.8 59.1 59.2 59.5 60.8 61.9 62.8 63.7 64.7 67.5 72.8 77.7 76.9 74.8 72.3 67.1 61.2 56.9 53.4 49.5 46 45.9 47.1 48.2 48.3 48.4 48.2 48.5 46.8
