webserver/python/data/SV91.asc
ncols 200
nrows 200
xllcorner 90000
yllcorner 10000
cellsize 50
[rows 148 to 184 of 200, columns 0 to 84 of 200]
-1.5 -1.5 -1.5 -1.5 -1.5 -1.5 -1.5 -1.5 -1.5 -1.5 -1.5 -1.5 -1.5 -1.5 -1.5 -1.5 -1.5 -1.5 7.8 11.7 15.7 19 22.9 22.3 26.5 28.3 29.5 31.7 33.1 31.5 29.6 28.6 29.8 33.2 36.6 39 39.1 37.6 34.9 31.7 29.5 26.6 23.9 19.5 15 6.8 -1.5 -1.5 -1.5 -1.5 -1.5 -1.5 -1.5 -1.5 -1.5 -1.5 -1.5 -1.5 -1.5 -1.5 -1.5 -1.5 -1.5 -1.5 -1.5 -1.5 -1.5 -1.5 -1.5 -1.5 -1.5 -1.5 -1.5 -1.5 -1.5 -1.5 -1.5 -1.5 -1.5 -1.5 -1.5 -1.5 -1.5 -1.5 -1.5
-1.5 -1.5 -1.5 -1.5 -1.5 -1.5 -1.5 -1.5 -1.5 -1.5 -1.5 -1.5 -1.5 -1.5 -1.5 -1.5 -1.5 0.6 6.7 10.9 14.8 22.4 27.6 31.1 33.8 34.4 34.9 35.9 36.1 35.8 34 31.5 30 32.2 35.2 38 37.3 36.4 34.6 31.9 31 30.2 28 25.6 24.1 14.8 5.4 -1.5 -1.5 -1.5 -1.5 -1.5 -1.5 -1.5 -1.5 -1.5 -1.5 -1.5 -1.5 -1.5 -1.5 -1.5 -1.5 -1.5 -1.5 -1.5 -1.5 -1.5 -1.5 -1.5 -1.5 -1.5 -1.5 -1.5 -1.5 -1.5 -1.5 -1.5 -1.5 -1.5 -1.5 -1.5 -1.5 -1.5 -1.5
-1.5 -1.5 -1.5 -1.5 -1.5 -1.5 -1.5 -1.5 -1.5 -1.5 -1.5 -1.5 -1.5 -1.5 -1.5 -1.5 -1.5 0.9 5.5 10 18.7 26.6 31.7 35.8 37.1 36.8 37.5 38.5 38.8 38.7 36.8 33.7 30.4 31.2 34 37.1 37.4 36.5 34.8 32.2 30.7 30.8 30.8 28.2 26.3 21.8 14 7.8 1.5 -1.5 -1.5 -1.5 -1.5 -1.5 -1.5 -1.5 -1.5 -1.5 -1.5 -1.5 -1.5 -1.5 -1.5 -1.5 -1.5 -1.5 -1.5 -1.5 -1.5 -1.5 -1.5 -1.5 -1.5 -1.5 -1.5 -1.5 -1.5 -1.5 -1.5 -1.5 -1.5 -1.5 -1.5 -1.5 -1.5
-1.5 -1.5 -1.5 -1.5 -1.5 -1.5 -1.5 -1.5 -1.5 -1.5 -1.5 -1.5 -1.5 -1.5 -1.5 -1.5 -0.2 1.5 5.6 13.6 23.4 30.9 35.9 37.8 38.5 38.6 40.1 41 41.3 41 39 35.7 32.6 31.4 33.7 36.3 37.2 36.5 35.1 32.5 31.1 29.9 28.4 27.2 25.9 25.4 23.5 15.4 1.1 -1.5 -1.5 -1.5 -1.5 -1.5 -1.5 -1.5 -1.5 -1.5 -1.5 -1.5 -1.5 -1.5 -1.5 -1.5 -1.5 -1.5 -1.5 -1.5 -1.5 -1.5 -1.5 -1.5 -1.5 -1.5 -1.5 -1.5 -1.5 -1.5 -1.5 -1.5 -1.5 -1.5 -1.5 -1.5 -1.5
-1.5 -1.5 -1.5 -1.5 -1.5 -1.5 -1.5 -1.5 -1.5 -1.5 -1.5 -1.5 -1.5 -1.5 -1.5 -1.5 0.7 4.1 10.2 18.8 28.5 35.6 39 39.7 40.1 40.4 42.2 43.6 43.3 43 41.1 38 35 32.9 33.6 35.5 36.5 36.5 35.3 33.4 33.2 32.5 31.2 30.2 29.1 28.9 28.6 15.8 0.6 -1.5 -1.5 -1.5 -1.5 -1.5 -1.5 -1.5 -1.5 -1.5 -1.5 -1.5 -1.5 -1.5 -1.5 -1.5 -1.5 -1.5 -1.5 -1.5 -1.5 -1.5 -1.5 -1.5 -1.5 -1.5 -1.5 -1.5 -1.5 -1.5 -1.5 -1.5 -1.5 -1.5 -1.5 -1.5 -1.5
-1.5 -1.5 -1.5 -1.5 -1.5 -1.5 -1.5 -1.5 -1.5 -1.5 -1.5 -1.5 -1.5 -1.5 -1.5 -1.5 0.3 5.7 12 25.5 33.3 38.5 40.2 41.1 41.7 42.1 43.9 44.7 45 44.9 43.1 40.2 37.4 34.9 33.7 35.1 34.9 35.2 35.7 35.2 35 34.7 34.1 32.8 31.9 30.3 25.1 12 -1.5 -1.5 -1.5 -1.5 -1.5 -1.5 -1.5 -1.5 -1.5 -1.5 -1.5 -1.5 -1.5 -1.5 -1.5 -1.5 -1.5 -1.5 -1.5 -1.5 -1.5 -1.5 -1.5 -1.5 -1.5 -1.5 -1.5 -1.5 -1.5 -1.5 -1.5 -1.5 -1.5 -1.5 -1.5 -1.5 -1.5
-1.5 -1.5 -1.5 -1.5 -1.5 -1.5 -1.5 -1.5 -1.5 -1.5 -1.5 -1.5 -1.5 -1.5 -1.5 -1.5 0.1 5.4 15.1 27.6 34.7 39.5 40.8 41.9 43 44 45.4 45.4 45.9 46 43.8 41.6 38.7 35.6 34.5 33.4 33.8 34.2 34.7 35.1 35.3 34.8 33.7 32.1 30.7 28.1 22.7 2.2 -1.5 -1.5 -1.5 -1.5 -1.5 -1.5 -1.5 -1.5 -1.5 -1.5 -1.5 -1.5 -1.5 -1.5 -1.5 -1.5 -1.5 -1.5 -1.5 -1.5 -1.5 -1.5 -1.5 -1.5 -1.5 -1.5 -1.5 -1.5 -1.5 -1.5 -1.5 -1.5 -1.5 -1.5 -1.5 -1.5 -1.5
-1.5 -1.5 -1.5 -1.5 -1.5 -1.5 -1.5 -1.5 -1.5 -1.5 -1.5 -1.5 -1.5 -1.5 -1.5 -1.5 1.9 8.9 19.7 30.8 37.2 40.7 43 44.6 45.5 46.1 46.3 46 46.2 46 44.2 41.4 39 35.6 33.3 32.5 32.7 33.1 33.6 33.9 33.8 33 32.6 30.2 27.7 24.6 11.7 2.9 3.5 2 0.4 -1.5 -1.5 -1.5 -1.5 -1.5 -1.5 -1.5 -1.5 -1.5 -1.5 -1.5 -1.5 -1.5 -1.5 -1.5 -1.5 -1.5 -1.5 -1.5 -1.5 -1.5 -1.5 -1.5 -1.5 -1.5 -1.5 -1.5 -1.5 -1.5 -1.5 -1.5 -1.5 -1.5 -1.5
-1.5 -1.5 -1.5 -1.5 -1.5 -1.5 -1.5 -1.5 -1.5 -1.5 -1.5 -1.5 -1.5 -1.5 -1.5 4.8 10.3 18.6 27.5 35.9 40.4 43.3 45.1 46.6 47.4 48.2 47.8 47 45.9 44.5 43.3 40.7 37.9 34.9 32.8 31.8 31.6 32.1 32.4 31.6 30.8 27.6 26.7 20.9 18.7 14.2 14.7 18.8 19.2 11.6 2.2 1.1 1.2 1.7 5.1 9.5 4.7 -1.5 -1.5 -1.5 -1.5 -1.5 -1.5 -1.5 -1.5 -1.5 -1.5 -1.5 -1.5 -1.5 -1.5 -1.5 -1.5 -1.5 -1.5 -1.5 -1.5 -1.5 -1.5 -1.5 -1.5 -1.5 -1.5 -1.5 -1.5
-1.5 -1.5 -1.5 -1.5 -1.5 -1.5 -1.5 -1.5 -1.5 -1.5 -1.5 -1.5 -1.5 -1.5 8.5 19.4 24 30.2 35.1 39.1 42.4 45 46.2 47 47.8 48.6 48.3 47.5 46 44.5 42.9 40.4 37.4 34.5 32.7 31.7 31.1 31 31.1 31.2 28.1 26.5 24.6 24.2 24 24.1 28.3 28.6 26.7 21.4 12.3 5.5 10 18.6 19 21.7 7 -1.5 -1.5 -1.5 -1.5 -1.5 -1.5 -1.5 -1.5 -1.5 -1.5 -1.5 -1.5 -1.5 -1.5 -1.5 -1.5 -1.5 -1.5 -1.5 -1.5 -1.5 -1.5 -1.5 -1.5 -1.5 -1.5 -1.5 -1.5
-1.5 -1.5 -1.5 -1.5 -1.5 -1.5 -1.5 -1.5 -1.5 -1.5 -1.5 -1.5 -1.5 11 23.9 34.1 37.7 38.9 39.5 42.3 43.5 45.7 47 47.8 48.4 49.1 48.9 47.5 45.9 44.4 42.8 40.4 37.4 34.8 32.9 32.5 32 31.8 32.2 32.7 31.8 31.2 29.9 29.7 30.4 31.9 33.1 33.2 31.2 28 23 18.7 23.4 23.7 16.6 10.3 1.9 -1.5 -1.5 -1.5 -1.5 -1.5 -1.5 -1.5 -1.5 -1.5 -1.5 -1.5 -1.5 -1.5 -1.5 -1.5 -1.5 -1.5 -1.5 -1.5 -1.5 -1.5 -1.5 -1.5 -1.5 -1.5 -1.5 -1.5 -1.5
-1.5 -1.5 -1.5 -1.5 -1.5 -1.5 -1.5 -1.5 -1.5 -1.5 -1.5 -1.5 8.8 22.4 36.6 41.3 42.9 43.3 43.1 44.1 45.1 46.4 47.6 48.3 48.9 49.6 48.5 47.1 45.7 44.2 42.6 40.4 38 37.4 34.9 33.3 32.8 33.5 34.2 34.8 34.4 34.1 33.9 33.7 33.5 34.2 33.6 32.7 30.8 29.4 25.6 27 27.3 21.6 13.5 4.9 -1.5 -1.5 -1.5 -1.5 2.2 6.5 -1.5 -1.5 -1.5 -1.5 -1.5 -1.5 -1.5 -1.5 -1.5 -1.5 -1.5 -1.5 -1.5 -1.5 -1.5 -1.5 -1.5 -1.5 -1.5 -1.5 -1.5 -1.5 -1.5
-1.5 -1.5 -1.5 -1.5 -1.5 -1.5 -1.5 -1.5 -1.5 -1.5 -1.5 10.8 18.8 30.7 39.6 42.2 43.8 44.7 44.8 45.2 45.6 46.4 47.4 47.9 48.2 48.7 47.6 46.5 45 43.7 42.4 40.5 41.2 39.9 39 36 34.4 35.1 35.9 36.6 36.7 36 35.3 34.9 34.6 33.3 31.9 30.4 28.9 27.4 26.6 27.3 26.6 20.6 11 4.3 2.3 -1.5 2.2 6.3 8.4 12.1 5.4 -1.5 -1.5 -1.5 -1.5 -1.5 -1.5 -1.5 -1.5 -1.5 -1.5 -1.5 -1.5 -1.5 -1.5 -1.5 -1.5 -1.5 -1.5 -1.5 -1.5 -1.5 -1.5
-1.5 -1.5 -1.5 -1.5 -1.5 -1.5 -1.5 -1.5 -1.5 -1.5 -1.5 10.7 23.4 34.6 38.7 41.6 43.1 44.7 45.4 45.3 45.5 46.2 46.5 46.7 47 47.2 46.3 45.3 44.3 43 41.7 41.3 41.9 41.5 41 39.1 36.9 37.1 37.5 37.8 37 36.2 35.4 34.3 33 31.7 31.1 30.6 30.3 30.2 29.9 27.4 24.9 19.2 10.5 4.4 4.2 1 -1.5 3.5 3.9 5.4 7.6 -1.5 -1.5 -1.5 -1.5 -1.5 -1.5 -1.5 -1.5 -1.5 -1.5 -1.5 -1.5 -1.5 -1.5 -1.5 -1.5 -1.5 -1.5 -1.5 -1.5 -1.5 -1.5
-1.5 -1.5 -1.5 -1.5 -1.5 -1.5 -1.5 -1.5 -1.5 -1.5 -1.5 12.7 26.8 31.1 34.8 37.9 41.3 43.8 44.4 44.7 44.9 45.1 45.3 45.6 45.9 45.7 45.1 44.1 43.1 42 41.5 41.6 42.5 43.1 42.8 42.1 40.6 38.5 38 37.6 36.7 35.2 34.2 32.8 31.6 31.3 31.3 31.8 32.2 32.8 31.9 29 25.7 20.9 13.5 7.7 4 -1.5 -1.5 -1.5 -1.5 -1.5 -1.5 -1.5 -1.5 -1.5 -1.5 -1.5 -1.5 -1.5 -1.5 -1.5 -1.5 -1.5 -1.5 -1.5 -1.5 -1.5 -1.5 -1.5 -1.5 -1.5 -1.5 -1.5 -1.5
-1.5 -1.5 -1.5 -1.5 -1.5 -1.5 -1.5 -1.5 -1.5 -1.5 -1.5 1.1 12.3 22.2 31.5 36.1 39.5 42.1 43.1 43.5 43.5 43.6 43.9 44.3 44.6 44.9 44.3 43.9 43.2 43 43.2 42.6 43.1 43.8 43.4 42.9 41 39.1 37.9 37.2 36.3 35.4 33.6 31.8 30.7 30.9 32.3 32.3 32.7 33.6 32.2 30.1 27 23.9 19.4 15.1 7.4 -1.5 -1.5 -1.5 -1.5 -1.5 -1.5 -1.5 -1.5 -1.5 -1.5 -1.5 -1.5 -1.5 -1.5 -1.5 -1.5 -1.5 -1.5 -1.5 -1.5 -1.5 -1.5 -1.5 -1.5 -1.5 -1.5 -1.5 -1.5
-1.5 -1.5 -1.5 -1.5 -1.5 -1.5 -1.5 -1.5 -1.5 -1.5 -1.5 -0.8 6.9 18.7 28.6 34.5 37.9 40.4 41.5 41.7 41.6 41.8 42.1 42.4 42.8 42.7 42.4 43 43.3 44.3 45.2 44.8 44.1 43.6 42.4 41.4 39.9 38.3 36.7 36.5 35.6 34.7 32.8 31.1 29.7 30.3 31 30.4 31.7 32.5 31.8 31 29.2 26.9 25.1 21 5.2 -1.5 -1.5 -1.5 -1.5 -1.5 -1.5 -1.5 -1.5 -1.5 -1.5 -1.5 -1.5 -1.5 -1.5 -1.5 -1.5 -1.5 -1.5 -1.5 -1.5 -1.5 -1.5 -1.5 -1.5 -1.5 -1.5 -1.5 -1.5
-1.5 -1.5 -1.5 -1.5 -1.5 -1.5 -1.5 -1.5 -1.5 -1.5 -1.5 -1.5 4.1 16.1 26 32.4 37 39.4 39.5 39.9 39.8 39.9 40.3 40.6 40.9 41.6 42 42.7 43.3 44.4 44.9 44.8 43.5 42.5 41.4 40.1 38.1 36 33.8 35.8 35 33.8 31.5 29.7 29.5 28.8 29 28.4 30.1 30.7 31.2 31.1 30.3 29.4 28 23.9 10.3 1.3 -1.5 -1.5 -1.5 -1.5 -1.5 -1.5 -1.5 -1.5 -1.5 -1.5 -1.5 -1.5 -1.5 -1.5 -1.5 -1.5 -1.5 -1.5 -1.5 -1.5 -1.5 -1.5 -1.5 -1.5 -1.5 -1.5 -1.5
-1.5 -1.5 -1.5 -1.5 -1.5 -1.5 -1.5 -1.5 -1.5 -1.5 -1.5 -1.5 1.4 11.6 20.9 28 34.3 36.3 37.2 37.7 37.3 37.5 38.7 39.9 40.3 41.3 41.9 42.5 43.1 43.2 43.6 42.9 41.4 41.1 40.4 38.8 36.9 34.6 31.7 30.7 32.4 30.4 29.8 28.9 30.1 30.5 30.2 28.8 28.1 28.6 29.8 31.1 32.5 31.6 29.6 24.3 15.9 9.8 6.8 5.3 1.6 0.6 -1.5 -1.5 -1.5 -1.5 -1.5 -1.5 -1.5 -1.5 -1.5 -1.5 -1.5 -1.5 -1.5 -1.5 -1.5 -1.5 -1.5 -1.5 -1.5 -1.5 -1.5 -1.5 -1.5
-1.5 -1.5 -1.5 -1.5 -1.5 -1.5 -1.5 -1.5 -1.5 -1.5 -1.5 -1.5 -1.5 3.9 12.5 19.6 27.5 31.9 33.4 33.7 35.6 37.9 39.4 40.4 41.4 41.4 41.8 41.7 41.4 40.6 41 40.4 39.6 38.9 38 37 35.4 32.2 28.2 23.3 23.7 23.9 24.9 27.2 29.4 29.2 27.5 25.4 25.6 27.1 30.4 31.8 33 32.8 30.8 27.3 23 19.5 16.3 15.3 9.3 1.5 -1.5 -1.5 -1.5 -1.5 -1.5 -1.5 -1.5 -1.5 -1.5 -1.5 -1.5 -1.5 -1.5 -1.5 -1.5 -1.5 -1.5 -1.5 -1.5 -1.5 -1.5 -1.5 -1.5
-1.5 -1.5 -1.5 -1.5 -1.5 -1.5 -1.5 -1.5 -1.5 -1.5 -1.5 -1.5 -1.5 0.1 5.3 11.8 18.1 24.4 28.2 32.2 35.5 37.5 39.1 40.7 41.7 41.7 40.4 40.3 39.2 37.9 38.1 37.9 37.4 36.7 35.4 34.3 32.3 28.7 22.6 17.6 16.6 17.5 19.4 21.4 23.6 23.7 22.7 21.7 23.6 25.7 29.6 32.5 33.1 32.9 32.8 31.1 30.7 30.1 29.1 28.5 21.6 4 -1.5 -1.5 -1.5 -1.5 -1.5 -1.5 -1.5 -1.5 -1.5 -1.5 -1.5 -1.5 -1.5 -1.5 -1.5 -1.5 -1.5 -1.5 -1.5 -1.5 -1.5 -1.5 -1.5
-1.5 -1.5 -1.5 -1.5 -1.5 -1.5 -1.5 -1.5 -1.5 -1.5 2.1 3.1 -1.5 -0.8 0.6 1.8 8.2 16.4 25 31.5 33.7 36.3 38.4 39.3 40.6 41.2 39.7 38.9 36.9 35.2 35 34.4 35.5 33.4 32.1 31.3 29.4 24.4 17 12.5 11.9 13.2 14.7 15.2 16.9 17.1 17.4 18.6 22.1 25.7 29.4 31.8 33 33.8 33.7 34.3 34.8 36.4 33.7 30.3 23.1 8.5 -1.5 -1.5 -1.5 -1.5 -1.5 -1.5 -1.5 -1.5 -1.5 -1.5 -1.5 -1.5 -1.5 -1.5 -1.5 -1.5 -1.5 -1.5 -1.5 -1.5 -1.5 -1.5 -1.5
-1.5 -1.5 -1.5 -1.5 -1.5 -1.5 -1.5 -1.5 -1.5 -1.5 -1.5 -1.5 -1.5 -1.5 -1.5 -1.5 0.9 9.9 16.9 24.4 28.6 31.9 34.5 36.8 38.9 39.4 38.3 36.6 34.5 32.3 31.5 31 30.5 29.7 30.2 29.8 28.2 24.7 18.8 12.5 9.1 8.3 9.3 10.5 11.6 12.9 14.9 19.2 22.9 26.5 29.8 31 33 34 35.3 36.3 35.8 35.4 30.8 25.6 14.7 -1.5 -1.5 -1.5 -1.5 -1.5 -1.5 -1.5 -1.5 -1.5 -1.5 -1.5 -1.5 -1.5 -1.5 -1.5 -1.5 -1.5 -1.5 -1.5 -1.5 -1.5 -1.5 -1.5 -1.5
-1.5 -1.5 -1.5 -1.5 -1.5 -1.5 -1.5 -1.5 -1.5 -1.5 -1.5 -1.5 -1.5 -1.5 -1.5 -1.5 -1.5 2.5 9.8 15 20.7 25.4 30.3 32.9 34.9 36.2 35.8 33.7 31.7 29 28.2 27.6 28.3 29.6 30.2 30.5 30.7 29.4 25 14.9 7 6.8 7.8 9 11.3 13.7 15.3 19.9 24.9 28.5 29.8 30.9 32.1 33.6 35.3 35.6 35.1 32.8 27.3 18.4 1.8 -1.5 -1.5 -1.5 -1.5 -1.5 -1.5 -1.5 -1.5 -1.5 -1.5 -1.5 -1.5 -1.5 -1.5 -1.5 -1.5 -1.5 -1.5 -1.5 -1.5 -1.5 -1.5 -1.5 -1.5
-1.5 -1.5 -1.5 -1.5 -1.5 -1.5 -1.5 -1.5 -1.5 -1.5 -1.5 -1.5 -1.5 -1.5 -1.5 -1.5 -1.5 1.7 7.5 9.5 13.8 18.6 24.5 28.9 30.4 32.2 33.8 32.4 30.6 28.3 27.1 26 27.8 29.6 31.4 31.2 31.8 30.5 26.1 16.9 6.8 5.9 6.8 7.6 9.8 12.8 16.8 22.4 27.3 29.4 30.3 30.4 31.1 32.4 32.5 32.8 33.3 31.8 27.1 17.7 -1.5 -1.5 -1.5 -1.5 -1.5 -1.5 -1.5 -1.5 -1.5 -1.5 -1.5 -1.5 -1.5 -1.5 -1.5 -1.5 -1.5 -1.5 -1.5 -1.5 -1.5 -1.5 -1.5 -1.5 -1.5
-1.5 -1.5 -1.5 -1.5 -1.5 -1.5 -1.5 -1.5 -1.5 -1.5 -1.5 -1.5 -1.5 -1.5 -1.5 -1.5 -1.5 1.9 5.1 6.8 9.2 13.1 18.8 24.5 28.5 30.9 32.9 31.8 29.8 28.1 26.1 25.3 27.2 28.9 30.4 30.2 28.9 28.3 24.3 16.7 6.7 5.5 5.5 6.6 10 14.1 18.7 25.9 29.4 30.9 30.5 29.8 30.1 29.9 29.4 29.9 30.6 30.4 26.8 19.9 2 -1.5 -1.5 -1.5 -1.5 -1.5 -1.5 -1.5 -1.5 -1.5 -1.5 -1.5 -1.5 -1.5 -1.5 -1.5 -1.5 -1.5 -1.5 -1.5 -1.5 -1.5 -1.5 -1.5 -1.5
-1.5 -1.5 -1.5 -1.5 -1.5 -1.5 -1.5 -1.5 -1.5 -1.5 -1.5 -1.5 -1.5 -1.5 -1.5 -1.5 -1.5 3 5.5 5.4 6.9 9.2 14 19.1 24.6 29.4 31.4 31.3 30.1 28.8 27.1 24.4 26.5 28.5 30.2 29.2 25.4 22.7 19.4 13.5 6.5 5.3 4.7 6.4 9.6 13.8 21 28.6 31.4 29.9 27.5 26.7 26 25.7 27.2 28.6 28.7 28.5 25.1 19.8 11.6 10 12.5 -1.5 -1.5 -1.5 -1.5 -1.5 -1.5 -1.5 -1.5 -1.5 -1.5 -1.5 -1.5 -1.5 -1.5 -1.5 -1.5 -1.5 -1.5 -1.5 -1.5 -1.5 -1.5
-1.5 -1.5 -1.5 -1.5 -1.5 -1.5 -1.5 -1.5 -1.5 -1.5 -0.5 2.1 2.3 4 2.7 1.3 1.5 4.5 4.3 4.1 5 6.3 10.4 14.8 19.3 24.9 27.7 29 28.4 28.2 26.5 23.9 22.3 24.9 27.7 28.9 24.9 21.3 16.9 12.2 6.5 5 4.5 6 8.8 16.4 24 28.3 29.4 27.6 24.7 22 22.3 23.2 24.8 25.7 27 26.4 26.6 25.4 25.2 25.7 26.1 -1.5 -1.5 -1.5 -1.5 -1.5 -1.5 -1.5 -1.5 -1.5 -1.5 -1.5 -1.5 -1.5 -1.5 -1.5 -1.5 -1.5 -1.5 -1.5 -1.5 -1.5 -1.5
-1.5 -1.5 -1.5 -1.5 -1.5 -1.5 -1.5 -1.5 -1.5 -1.5 -1.5 -1.5 -1.5 -1.5 -1.5 -1.5 2.8 5.7 4 3.6 4 5.3 7.8 10.6 15.4 20.6 25 26.2 26.1 25.9 25.1 22.4 19.9 22.3 24.8 26.8 24.4 21.5 17.4 13.1 7.5 5.2 4.1 5.3 9.5 20.2 24.8 24.2 24.1 23.1 20 19.5 19.7 20.1 21.2 22.7 23.8 25.5 27.5 28.6 29.3 29.5 24.5 -1.5 -1.5 -1.5 -1.5 -1.5 -1.5 -1.5 -1.5 -1.5 -1.5 -1.5 -1.5 -1.5 -1.5 -1.5 -1.5 -1.5 -1.5 -1.5 -1.5 -1.5 -1.5
-1.5 -1.5 -1.5 -1.5 -1.5 -1.5 -1.5 -1.5 -1.5 -1.5 -1.5 -1.5 -1.5 -1.5 -1.5 -1.5 2.1 5.8 5.9 3.7 3.5 3.8 5.5 8 13.3 18.8 23.7 24.4 23.6 22.8 22 22.2 18.8 19.5 22.4 24.9 25 23.3 20.9 16.6 9.6 5.2 4 4.2 6.5 14 17.3 16 15.5 16.7 15 17.6 17.8 18 19.1 21 20.9 21.8 24.4 24.6 23.1 23.3 20.7 -1.5 -1.5 -1.5 -1.5 -1.5 -1.5 -1.5 -1.5 -1.5 -1.5 -1.5 -1.5 -1.5 -1.5 -1.5 -1.5 -1.5 -1.5 -1.5 -1.5 -1.5 -1.5
-1.5 -1.5 -1.5 -1.5 -1.5 -1.5 -1.5 -1.5 -1.5 -1.5 -1.5 -1.5 -1.5 -1.5 -1.5 -1.5 -1.5 2.6 8.2 7.5 3.2 3.8 4.9 7.7 13.6 19.5 23.6 22.1 20.7 19.3 18.8 17.9 16.8 15.4 18.7 23.2 27.3 26.3 23.7 20.4 14.5 6.9 3.9 3.3 4.8 6.6 8.7 10.3 9.6 9.4 11.8 14.5 16.1 16.6 17.7 19.3 18.7 18.9 20 19.6 17.7 16.7 15 -1.5 -1.5 -1.5 -1.5 -1.5 -1.5 -1.5 -1.5 -1.5 -1.5 -1.5 -1.5 -1.5 -1.5 -1.5 -1.5 -1.5 -1.5 -1.5 -1.5 -1.5 -1.5
-1.5 -1.5 -1.5 -1.5 -1.5 -1.5 -1.5 -1.5 -1.5 -1.5 -1.5 -1.5 -1.5 -1.5 -1.5 -1.5 -1.5 2.5 8.6 8.1 5 3.8 4.8 6.8 12.8 19.4 20.9 19.7 17.8 16.3 13.9 14.1 14.9 18.3 20.3 23.6 26.2 25.8 24.1 21.7 18.7 9.3 3.8 2.9 3.9 4.5 5.5 4.9 6.3 9 13 14.8 15.4 16.4 17.1 17.6 17.7 15.9 14.9 14 12.5 10.3 8.2 -1.5 -1.5 -1.5 -1.5 -1.5 -1.5 -1.5 -1.5 -1.5 -1.5 -1.5 -1.5 -1.5 -1.5 -1.5 -1.5 -1.5 -1.5 -1.5 -1.5 -1.5 -1.5
-1.5 -1.5 -1.5 -1.5 -1.5 -1.5 -1.5 -1.5 -1.5 -1.5 -1.5 -1.5 -1.5 -1.5 -1.5 -1.5 3.2 11.7 15.9 13.8 7.4 3.5 4.2 5.1 8.2 13.1 15.4 16.6 14.8 11.1 12.1 14.8 18.7 21.8 25.2 23.4 23.4 21.8 19.9 18.5 15.8 8 3.8 2.4 2.8 2.9 3.1 3.7 5.7 7.3 10.9 11.7 12.8 15.8 18.1 18.5 17.5 15.2 11.2 5.1 5.4 2.7 -1.5 -1.5 -1.5 -1.5 -1.5 -1.5 -1.5 -1.5 -1.5 -1.5 -1.5 -1.5 -1.5 -1.5 -1.5 -1.5 -1.5 -1.5 -1.5 -1.5 -1.5 -1.5 -1.5
-1.5 -1.5 0.6 -1.5 -1.5 -1.5 -1.5 -1.5 -1.5 -1.5 -1.5 -1.5 -1.5 -1.5 -1.5 -1.5 0.5 8.9 19.4 23.4 15.8 6 3 3.9 5 7.1 9.9 12.4 10.3 7.3 12.4 17.7 20.9 23.1 24.5 21.2 18.4 17 14.5 11.8 8.9 5.7 4.2 3 2.4 2.4 2.2 2.8 3.7 5 5.7 6.7 10 15.2 18.7 21.8 20.5 17.7 12.2 4.6 -1.5 -1.5 -1.5 -1.5 -1.5 -1.5 -1.5 -1.5 -1.5 -1.5 -1.5 -1.5 -1.5 -1.5 -1.5 -1.5 -1.5 -1.5 -1.5 -1.5 -1.5 -1.5 -1.5 -1.5 -1.5
-1.5 -1.5 -1.5 4.6 -1.5 -1.5 -1.5 -1.5 -1.5 -1.5 -1.5 -1.5 -1.5 -1.5 -1.5 -1.5 0.5 2.1 14.8 21.6 18.4 8.5 3.6 2.6 3.2 4.3 5.1 6 5.9 6.2 12.4 17.5 20.2 20.3 19.4 16.9 14.6 12.1 9.8 7.2 5.3 4.8 4.3 3.1 2.5 2.2 1.9 1.9 1.9 2.6 3.3 6 9.1 13.2 17.3 21.6 24.2 22.8 18.3 11.3 -1.5 -1.5 -1.5 -1.5 -1.5 -1.5 -1.5 -1.5 -1.5 -1.5 -1.5 -1.5 -1.5 -1.5 -1.5 -1.5 -1.5 -1.5 -1.5 -1.5 -1.5 -1.5 -1.5 -1.5 -1.5
-1.5 -1.5 -1.5 -1.5 -1.5 -1.5 -1.5 -1.5 -1.5 -1.5 -1.5 -1.5 -1.5 -1.5 -1.5 -0.5 0.9 3.6 8.6 14.6 19.7 8.8 3.9 2.8 2.7 3.5 4.5 4.1 4.1 7 11.4 13.3 14.8 15.8 15.5 15.1 12.6 10.1 8.5 7 5.5 4.4 4.3 3.5 2.7 2.2 1.9 1.9 1.9 1.9 2.7 3.9 6.3 9.8 13.8 20.2 25 25.4 23 18.1 8.8 -1.5 -1.5 -1.5 -1.5 -1.5 -1.5 -1.5 -1.5 -1.5 -1.5 -1.5 -1.5 -1.5 -1.5 -1.5 -1.5 -1.5 -1.5 -1.5 -1.5 -1.5 -1.5 -1.5 -1.5
-1.5 -1.5 -1.5 -1.5 -1.5 -1.5 -1.5 -1.5 -1.5 -1.5 -1.5 -1.5 -1.5 -1.5 -1.5 0.6 1.9 5.8 5 6.2 9.9 6.3 3.6 2.7 2.6 2.7 3.8 3.4 3.6 6.2 7.5 9.4 10.3 12 13 13.9 13.1 11.8 10.2 9.1 8.8 5.7 4.6 4.2 3.7 3.5 2.6 1.9 1.9 2.2 2.2 3.2 4.9 7.4 11.6 20.5 25.2 26.3 24.5 20 10.2 -1.5 -1.5 -1.5 -1.5 -1.5 -1.5 -1.5 -1.5 -1.5 -1.5 -1.5 -1.5 -1.5 -1.5 -1.5 -1.5 -1.5 -1.5 -1.5 -1.5 -1.5 -1.5 -1.5 -1.5
