webserver/python/data/SW83.asc
ncols 200
nrows 200
xllcorner 180000
yllcorner 30000
cellsize 50
[rows 38 to 75 of 200, columns 86 to 171 of 200]
24.4 27.1 28.7 33.4 44.8 53.4 55.3 52.3 57.2 63.1 63.5 65.4 64.4 62.6 60.8 57.9 55.3 51.8 49 50.4 57.1 62.6 70.7 69.9 67.4 61.1 49.4 35 27.9 33.3 47.3 51.9 52.1 46.8 37.6 25 29 26.9 25.2 23.1 19.7 19.3 19.2 19 19 20 20.3 22 23.6 25 28.3 31.6 33.9 43.5 47.9 50.3 53.3 57.6 59.9 62.3 62.7 61 59.1 60.4 60.9 54.5 51.2 47.8 44.6 40.9 45 47.7 48.3 44.9 40.4 42.4 49.9 54.4 56.6 58.5 59.6 60.1 60.3 58.9 54.4 52.7
33.5 35.8 37.4 35 34.1 39.1 42.8 45.2 56.7 60.6 63.4 64.4 62.9 60.7 59.2 55.6 52 49.2 50.9 56.6 62.1 65.3 69.1 69.7 68.2 62.9 54.2 39.4 28.5 28.2 38.1 43.2 43.4 41.9 34.4 20.5 19.5 19.7 19 19.1 19.8 19.3 19.4 21 24.9 25 23.7 25.7 29.8 32 34.4 38.5 38.5 40.2 50.1 54.3 57.5 60.3 63.2 65.3 65.8 64.9 63.7 62.8 60.7 56.3 52.5 47.7 44.3 42.9 45.4 50 50 45 44 48.3 52.8 56.1 59.8 61.3 61.9 62.4 62.8 61.5 58.4 56.8
51.3 55.3 56.1 54.4 50.7 47.1 41.8 43.1 57.4 60.7 62.6 63.1 62.5 58.3 54.6 54 52 53.1 54.3 62.1 65.6 67.2 67 67.4 66.9 63.8 57.7 46 34.6 28.9 27.7 28.7 30.2 29.1 25.6 18.5 18.1 21.3 23.2 27.2 27.7 20.2 26.4 29.6 30.9 27 26.6 31.8 35.6 38.2 42 45.9 45.6 41.2 51.5 55.7 59.7 64.9 67.3 68.5 67.6 66.6 66 64.9 61.1 57 52.8 47.6 43.9 43.6 49 51 50.9 45.9 44 49.7 52.4 54.3 60 61.5 63.6 64.7 65.1 64.6 63 63.2
58.3 64.5 62.4 59.1 59.1 58 51.6 49.8 61.1 61.3 61.7 61.8 61 57.2 56 56 54.8 57.5 60.3 65.8 66.9 67.5 66.6 65.2 64.5 63 60.4 55.6 52.1 44.1 35.5 29.6 23.5 19.6 18.7 18.9 25.5 31.6 37.7 38.2 35.8 26.9 33 35.3 33.1 28.8 32.3 37.2 40.1 47.3 50.9 53 49.8 44 50.9 57.6 65.8 69.6 69.8 70.3 68.8 67.2 66.1 63.3 60 56.3 51.3 46.8 44 44.2 50.3 50.7 50.4 49.8 45.5 50.2 52.3 55.2 59.1 62.8 65.4 67.4 68.3 69.3 68 68.5
58.9 65.9 63.9 61.5 60.2 57.5 51.1 56.2 59.2 60.7 61.3 61 61.6 59.6 60 60.4 61.7 62.9 64.4 66.1 66.6 66.7 65.5 62.8 62.3 61.8 59.3 57.9 56.1 54.3 47.4 41.2 34.7 27.7 18.6 19.9 28 33.6 41.5 41.5 40.1 35.5 37.2 40.9 41.6 34.2 35.3 41.1 48.3 56.8 57.8 58.3 52.9 47.5 52.8 62.5 70.7 71.5 70.5 71 69.7 67.1 64.6 60.7 56.8 53.8 49.5 46.1 44 45.8 51.4 50.9 50.5 49.1 49 49.6 53.3 56.9 61.3 64.6 67.1 69.5 71.6 72.9 73.3 73
59.1 64.8 65.6 65.8 62.6 58.4 54.9 54.1 57 60.2 60.4 62.3 63.9 65.3 65.4 65.5 66.2 67.4 68.8 67.6 65.9 66.1 64.4 59 58.4 57.6 55.5 54.9 54.2 51.4 45.5 42.6 38.4 30.6 18 18.7 26.2 33.1 40.8 41.7 42.1 39.4 40.8 45 43 37.9 44 52.2 57.7 60.8 61.9 60.3 53.6 51 57.4 68.8 71.7 72.1 71.4 70.8 68.8 65.9 63.1 59.9 55.7 51.8 48.7 45.5 44 48.6 52.6 52.5 52.4 49.6 49 50.5 53.4 59.1 64 66.3 68.8 71.3 73.3 74.5 75.8 76.2
59 63.8 64.4 65.2 64.6 60.7 57.5 55.5 55.9 58.2 60.7 63.5 66 67.2 67.8 68.7 69.9 70.2 70.9 69.3 66.8 64.2 61.4 57.8 54.4 49.9 50 50.2 48.5 44.9 40.6 34.4 29.8 22.3 17.9 17.3 22.8 33 39.3 43.3 45 44.9 44.5 46.8 44.3 46.4 55.2 61.4 66.1 68.3 66 61.2 58.1 61.2 66.9 71.3 72.8 71.9 71.1 69.4 66.8 64.1 62.4 59.2 55.1 50.7 47.9 45.3 46 50.4 53.7 53.4 52.5 51.2 49.7 52.2 56.8 62.6 68 70.7 72.8 73.7 74.4 76 76.2 76.5
60.7 65.1 65.2 65.9 65.4 62.2 59.7 58.4 57.1 59.4 63.6 65.5 67.6 68.2 66.6 67.1 69.3 70.7 71 69.9 67.2 65.1 59.9 59.5 57.4 53.5 50 47.2 43.8 39.7 34.6 30.2 27.1 22.4 18.4 17.7 23.3 31.7 37.2 42.7 47.1 49.8 50.9 51.4 51 60.7 66.5 66.9 69.6 69.4 67.7 66.4 67.8 69.2 70.7 72.4 72.2 71.2 69.8 67.4 64.8 62.4 61 58.6 55.6 51.1 48.2 47.3 49.4 52.6 54.7 55.5 53.7 52.6 52.5 55.2 60 65.7 70.9 74.3 74.1 74.2 73.7 74.2 75 75.6
60.2 63.7 64.4 64.8 63.8 61.9 61.3 60.3 61.5 64.4 68.7 68.6 69.1 67.5 64.9 65.2 65.5 66.7 67.5 67 66.6 64.7 62.4 62.3 63.3 62 57.8 55 50.1 44.4 38.9 32.9 27.8 21.3 18.3 18.7 27.4 35.7 42.6 47.2 50.7 50.6 51.3 54 62.2 68.3 70.7 71.6 72.6 72.4 71.8 72.1 73.6 74.5 72.6 72 71.2 69.6 67.5 65.1 62.9 60.3 58.5 55 52.6 50.5 49 49.2 49.4 54.4 56.6 56.9 55.2 55 55.3 59.4 64.5 69.8 75.7 74.6 73.5 73.6 70.8 71.6 71.6 72.6
57.7 59.5 59 60.2 60 61.5 62.4 64.3 68.2 71.2 73.1 70.7 69.9 68.2 65.8 62 60.5 62.7 63.7 63.7 63.9 63.4 64.2 65.9 65.6 65 60.1 55.8 51.8 42.4 34.6 27.2 22.3 17.3 15.1 21.6 33.8 42 48.3 53 51.9 51.1 50.1 55.7 67.7 72.8 75.5 74.6 75.7 75.5 75.8 74.2 76 75.7 74.9 72 69.1 66.8 65.1 63.9 62.3 59.4 58.1 55.9 53.9 52.9 50.7 49 50 54.6 58.6 59.9 59.5 58.5 60.6 64.6 68.9 73.6 75.1 74.8 73.2 70 65.1 65.9 65.6 69.3
47.5 51.3 54.2 55.1 56.9 62 63.8 68.2 73.3 76 76.2 75.9 73.4 70.9 68.4 63.3 57.2 57.8 59.6 59.9 60.1 61.4 64.3 66.7 67.9 66.6 61.8 56.4 50.1 38.9 29 22 16.3 13.4 16.1 30.8 41 50 55.4 54.9 48.9 46.2 47 57.3 68.4 72.6 74.5 75.7 75.4 75.1 75.1 74.9 75.6 75.2 73.5 70.1 66.8 63.5 61.4 62 64.6 62.8 59.7 57.7 57.6 56.3 53.8 50.8 52.3 55.8 60.6 61.5 63.6 64.8 65.4 67.9 70.4 73.5 73.7 72.4 70.9 67.6 64.2 59.5 60.8 67.6
51.2 55.3 55.9 54.7 54 62.6 66.9 72.1 76.3 78.5 79.4 78.1 75 73 68.2 65.2 56.8 53.8 53.8 54.2 54.3 58.1 65.2 68.5 70.5 68.2 64 57 50.3 40.1 27 17.8 14.1 15.6 25.8 34.8 44.1 55.4 55.5 51.8 44 42.3 46.6 58.3 66.9 70.6 71.8 72.5 72.8 74 74.1 73.9 73.1 71.8 70 66.9 63.4 60.3 59 62.6 64.9 65.5 63 61.2 61.3 59.5 57.1 53.5 55 57.8 59.8 63.6 64.9 66.2 67.8 70.8 70.7 71.6 71.4 69.6 67.4 64.5 60.6 54.4 60.8 66
57.4 60.4 59.1 56.6 58.1 64.2 74.5 79.5 80.5 81.2 80.1 79.6 76.8 73.2 69.3 65.9 59.8 52.1 47 44.6 50 57.9 67.7 70.5 71.4 68.3 64.2 56.3 49.2 38.8 23.6 14.4 15.2 21.4 30 38.8 45.7 52 51.1 46 37.6 42 50.6 61.6 64.6 66.2 67.8 68 68.5 71.8 72.3 71.7 70.1 68.1 66.1 61.8 58.2 57.4 59.9 63.5 65.4 65.7 65.7 65.5 64.7 61.6 59.1 56.6 57.5 60.7 62.9 64.7 65.5 67 68.4 70.1 70.3 71.1 70.2 67.6 63.4 60.2 54 50.3 61 62.3
60.4 62 62.6 63.3 64.1 71.3 77.2 81.3 81 82.3 80.8 78.7 76.1 72.6 68.8 65.9 60.8 54.6 47.9 44 46.5 60.1 70.8 74.9 73.2 69.1 65.1 56.9 46.7 34.4 21.9 13.2 14 21.6 30.1 36.3 42.5 44.5 42.6 35.8 35.1 44.7 54.2 60 61.9 61.9 62 62.8 65.3 67.9 69.5 68.6 66.2 64.3 62 57.5 54.1 55.7 60.1 63.4 65.4 65.8 66.3 66 65.9 63.9 60.4 59 59.8 62.9 66 65.3 66 66.7 67.6 68.6 70.1 69.3 67.6 64 59 55 47.4 50 55.3 53.7
64.1 67.2 68.6 71.5 75.8 78.1 80.7 81 80.9 80.1 78.7 76.9 73.9 70 66.9 64.4 60.2 55.9 49.2 41.2 45.5 63.3 73 75.9 74.1 69.7 65.3 57.3 45.1 31.5 20.3 13.5 13.3 18.4 29.4 32.8 37.8 39 35 29 37.5 48.1 54 54.6 56.1 54.2 55.7 58.8 61.3 63.8 65.5 66.6 64 61.2 58.3 54.9 53.2 56 59.6 62.4 64.4 65.4 66.1 66.9 66.9 66 64.1 63.6 63.5 64.9 65.1 65.4 66.2 65.6 66.1 66.2 66.2 65.7 64.8 62.1 57.5 52.7 45.9 42 49.4 45.2
67.3 70.3 73.7 77.9 80.1 80.9 80.9 80.1 79.2 77.5 76 73.5 69.8 66.8 63.7 61.3 55.7 50.4 46.1 39.2 49.4 64.8 71.7 74.3 74.2 70.8 65.7 56 46.5 36.2 26.8 15.8 13 17.7 24.3 26.5 29.1 30.9 24.6 29.2 42.6 48.9 51.1 52.1 51.2 49.4 51.8 55.5 58.1 60.7 62.7 63.5 62.1 59.4 56.4 52.6 49 52.7 56 59.6 63.2 65.1 66.6 67.2 67.4 67.6 66.6 66 65.4 65.3 65.9 65.6 64.1 63.1 62.4 61.8 61.4 61.9 62.8 62.2 59.1 56.4 51.1 38.8 42.8 38.1
67.7 72.7 77.5 80.8 80.9 80.9 80 78.8 76.4 73.9 71.4 66.2 62.9 61.9 59.9 55.9 47.4 40 36.4 40.1 53.7 65.2 70.8 73.5 72.8 69.9 65.2 55.4 47.9 37.4 26.7 14 13.7 13.5 13.9 18.7 19.9 20.4 20.9 34.5 43.2 44.9 46.9 46.8 43.3 42.9 50.1 53.5 54.2 55.6 59.2 60.5 59.8 57.9 55.9 52 49.1 51.2 55.4 58.9 62.1 65 66.3 66.6 66.7 67.4 68.1 68.1 65.7 65.8 64.8 61.4 60.1 59.2 58.5 58 57.3 59.7 61.1 60.8 59.6 57.2 51.9 41.9 29.6 30.5
69.5 74 77.7 80.2 80.2 79.2 78.1 76.7 74.1 70.8 66.5 60.1 57.1 56 53.4 50.3 39.9 30.8 32.8 48.5 59.3 63.9 69.6 71.5 71 70 64.7 55.8 48.2 35.4 24.2 30.4 23.8 14.5 13 12.6 11.6 10.2 20.5 32.6 37.7 38.8 39.6 37.6 33.6 41.4 52 51.9 51.4 51.5 53.5 56.2 57 56.3 55.4 51.9 49.2 50.2 54.8 57.1 60 62.9 64.8 65.2 65 66.8 68.2 67.5 65.4 65 63.7 58.9 56.1 53.5 52.8 54.2 56.5 59.2 60.3 60.6 59.4 55.8 50.2 40.7 25.1 25.3
72.7 75.5 77.1 78.5 78.1 77.1 75.7 74.3 72 68.5 63.1 54.1 50.4 48 47.4 42.1 32.8 28.2 37.8 50.7 57.9 62.9 66.8 69.6 71 68.2 63.3 55.8 46.7 33.6 36.2 39.2 33.7 25.5 21.9 15.7 10.1 9 15.8 28.3 30.3 32.1 32.4 31.1 34.3 44.1 51.2 51 48.9 48.5 49.2 51.6 52.7 54.4 54.2 50.6 46.6 47.3 54.2 55.8 58 60.2 61.9 62.4 63 65 67.8 68.8 66.8 65.6 62.5 57.2 52.6 49 49.9 57.7 60.5 62.4 63.1 62 58.4 53.5 47.6 39.1 20.7 24.7
76 76.2 76.3 76.7 75.6 73.6 71.9 71.2 69 65 59.3 52.9 47.1 43.4 39.1 35.7 26.8 25.8 38.1 46.1 52.9 59.8 65 68.4 70.3 67.3 63.2 56.2 42.4 41.3 45 44.4 40.6 34.9 30.8 20.9 12.9 8.3 13.9 23.9 25.9 25.8 26.6 22.2 33.7 42.3 50.1 51.2 49.2 46.6 45.4 46.2 48.4 51 52.2 49.9 46.5 44.3 51.2 54 55.3 55.8 58.7 58.8 60.8 63.5 65.9 65.9 65.4 64.4 61.2 56.2 50.3 47.8 55 61.2 61.5 63.1 63.3 60.5 54.8 49.6 43.7 36.7 22.1 15.7
76.6 76.3 75.7 74.4 72.9 70.1 68 66.7 64.2 59.8 57 53 48.4 46 36.8 29.1 24 25.1 34.8 47.2 52.6 57 64.1 68.7 70.8 67.8 63.4 57.3 50.2 47.2 44.2 42.1 40.7 36.8 32.3 26.8 19.6 14 6.8 15.2 18.5 19.1 14.1 15.2 33.3 43.7 51 51.5 50.2 46 43.8 44.5 45.6 48.3 49.7 49 46.2 43.8 47.2 51.2 52.8 53.3 55 54.3 57.9 61.3 62.9 63.9 63 61.7 58.8 53.5 47.6 45.7 56.1 60.9 61.3 61.3 59.4 56 51.3 43 38.1 32.3 21.3 2.1
76.1 75.2 74.2 72.6 70.3 67 61.1 59.7 58.5 56 55 51.6 48.1 43.8 35.7 27.2 19.9 24.7 44.3 52.9 60.2 63.9 68.2 71.9 72.3 69.3 65.6 61.1 55.5 48.4 41.8 37.9 35.9 33.1 30.5 30.1 28.2 24.1 12.1 5.5 9 10 14.9 23.7 35.9 45.4 51.3 51.9 50.4 47 41.9 41 44.1 44.4 45.1 44.8 42.5 40.2 45.2 48.7 50 50.2 50.7 54 56.5 57.9 58.8 60 60.5 59.1 56.4 50.4 44.3 47.1 56.5 60.4 60.2 57.1 54.7 50.7 45.6 39 31.7 12.1 1.8 1.4
74.3 73.6 72.4 70.9 68.7 65.7 55.3 51.6 54.5 52.4 52 49.2 44.6 40 31.3 23.1 14.5 25.4 43.7 56.6 64.4 69.4 73 75.5 73.9 70.6 66.8 64 54.5 50 41.1 35.5 30.8 28.2 26 26.7 26.9 26.4 17.6 3.8 5.2 15.1 26.2 29.8 35.2 46.6 51.5 51.8 50.3 45.5 42.2 39.2 39 39.7 39.9 39.6 39.6 39.7 43.1 46 47.1 47.3 49 51.7 54.3 53.4 54.6 55.7 56.8 56.9 54 47.1 43.4 50.5 55.7 58.1 57.9 54.8 51.1 45.1 39.8 32.5 16.5 1.8 -1.6 -1.6
71.3 71.3 70.6 68.9 66.6 64.3 57.1 49 47.9 48 48.3 46.9 41.8 32.4 26 20.1 14.6 24.9 42 59.1 66.6 72.1 75.2 76 73.5 70.5 67.6 62.8 55 49 41.5 34.4 27 22.4 21.3 22.2 23 19.6 7.9 3.1 10.2 25.1 30.3 32.4 36.7 49.5 52.2 50.9 47.8 44.4 41.7 39.6 37.7 36.8 35.9 35 38 40.3 43.1 45.3 45.3 45.3 47.6 50.1 51.6 49.6 51.1 51.4 52.7 53 51 42.7 42.2 52.3 54.9 56.5 55 52.1 47.7 40.4 34.2 23.6 9.7 0.6 -1.6 -1.6
68.2 68.3 68 66.4 64.2 63.3 57.1 47.9 39.1 41.3 42.2 42.8 35.1 24.4 17.3 14.1 16.5 26.3 42.7 60.5 69.6 74.1 75.6 74.7 72 68.5 65.2 59.9 54.6 47.2 38.9 31.6 25.1 20.7 18.5 15.7 16.5 11.1 3.7 7.3 21.1 30.5 34 36.3 43.8 52.2 51.7 49.7 44.8 42.6 40.5 37.8 34.9 34.2 34.2 34.6 39.2 41.1 41.5 43 43.2 43.2 45.4 47.5 47.8 46.6 45.4 45.8 47.7 47.6 45.2 35.2 42.5 53.1 53.1 53.5 51.5 49.3 44.7 34.6 26.7 13.1 1.8 -1.6 -1.6 -1.6
65.4 65.2 64.9 64.6 62.8 60.9 56.6 50.7 46.3 37.1 31.6 34.1 25.6 16 9 15.8 21.3 29.9 47.5 62.9 70.6 74.4 74.8 74.5 70.5 67.6 63 57.5 51.4 42.8 34.9 27.7 21.9 21 18.9 14.5 5.8 3.4 4.6 24 30.9 35.7 39.8 44.4 49.6 53.8 51.9 48.9 44.1 40.5 38.2 35.2 33.4 34.2 34 37.5 40.8 40.8 40.9 40.8 39.6 39.7 42.9 44.5 44.3 43.4 40.3 39.2 42 43.1 40.3 33.9 42.3 49 50.2 50.3 48.7 45.9 30.7 19.1 2.8 -1.6 -1.6 -1.6 -1.6 -1.6
62.9 63 62.9 62.6 61.3 58.7 56 53.5 50.5 43.7 29.7 27.1 16.7 9 11.4 19.7 26.6 39.3 56.5 68.4 74.9 75.5 74.5 72.9 70.4 66.5 62.2 57 49.6 38.5 32.6 23.2 19.2 16.7 13.2 7.5 3.8 3.7 21.4 33.8 40.4 43.5 46 49.5 54.7 54.4 51.6 48 43.9 39.4 36.7 34.5 32.2 33.5 34.5 40.3 40.8 40.9 40.9 41 38.7 36.8 40.2 41.9 42.7 42.5 38.1 34.3 35.6 36.6 32.3 31 39.5 46.7 48.5 47.9 44.2 32.9 16.4 2.9 -1.6 -1.6 -1.6 -1.6 -1.6 -1.6
60.2 60.6 61.2 60.6 58.8 55.1 52.2 50.8 49.3 43.4 31.3 18.8 9.3 7.2 13.6 24.7 39.4 50.3 64.1 70.1 74.8 73.3 71 69.9 66.8 62.9 58.3 53.1 47.4 36.5 33.3 27 23.7 21.9 18.9 7.7 2.9 9.6 24.3 36.6 45.2 49.1 51.8 53.5 56.3 53.7 51.7 48.3 44.2 40.6 37.4 34.1 30.3 31.3 35 40.2 40.9 40.9 41 40.8 38.8 34.5 37.3 40.5 41.2 41.7 38.1 32.8 29.9 29.1 29 36 41.1 45.2 46.7 44 37.4 16.6 3.1 0.6 -1.6 -1.6 -1.6 -1.6 -1.6 -1.6
58.2 59.7 59.1 58.1 55.9 52 48.9 46.4 44.1 39.5 29.5 17.9 5.6 6.3 16.7 33.4 49.6 62.3 69.2 71.7 71.5 69.7 67.3 66.1 63.6 58.9 54 49.3 42.4 36.3 29.8 27.1 26.4 24.1 19.5 9.3 3.1 6 21 35.6 47 51.7 54.8 56.3 56.4 54.6 52.8 50.3 44.5 41.8 39.1 34.4 30.3 30.6 34.6 39.4 41.1 41.2 41 40.8 38.9 34 34 38.8 40.9 41.1 38.4 32.6 27.9 29.4 38.3 41.4 43.3 43.3 44.3 40 26.9 5.9 1.1 -1.6 -1.6 -1.6 -1.6 -1.6 -1.6 -1.6
57.7 58.5 56.2 55 53 50.8 47.5 43.1 35.9 28 18 9.6 1 8.2 20.9 36.9 56.2 66 71 70.9 69 66.4 64 62.1 58.3 53.1 46.5 41 37.1 29.4 26.4 26.2 26 24.2 21.4 15 3.8 3.6 17.6 32.3 46.6 51.9 55 55.3 56.1 56.2 55.5 51.1 45.9 43.1 39.6 34.4 30.8 29.4 32.2 37.3 40.9 41.4 41.3 41 35.9 34.4 34.1 35.6 40.1 39.8 34.6 28.9 24.5 35 42.2 42.9 41.8 40.6 37.1 33.5 26.1 4.1 1.1 -1.6 -1.6 -1.6 -1.6 -1.6 -1.6 -1.6
57.3 56.1 52.5 49.4 47.2 46.3 46 44.3 39.8 26.9 11.5 4.5 1.8 10.5 23.4 40.6 58.5 65.3 69.3 69.6 67 64 60.9 57.1 52.8 47 39.6 33.7 28.4 24.1 22 22.6 23.7 23.3 22.5 19 10.6 4.4 12.4 29.8 45.7 50.7 51 53.9 55.7 55.8 55.6 52.4 50.1 46.3 41.8 36.1 30.7 29.1 30 35.8 40.5 41.1 41.2 38.7 34.3 33.1 34.2 35.7 39.3 39.8 31.6 24 24.2 36.4 43.2 42.8 41 37.8 32.2 26.1 18.5 6.3 0.8 -1.6 -1.6 -1.6 -1.6 -1.6 -1.6 -1.6
59 56.3 51.5 44.6 43.1 42.1 41.7 41.1 38.4 27.4 14.5 1.8 1.8 12.8 26.9 44.2 59.5 63.4 65.6 66.3 64.2 61.6 58 52.5 47.6 41.4 32.2 27.5 24.6 20.8 18.7 19.2 20.1 20.7 21.7 21.1 17.4 3.1 10.4 31.8 44.9 47.5 48 49.8 50.9 55.6 55.8 55.4 53.3 48.9 43.9 38.2 33 29.1 29.4 35.3 39.1 40.8 40.9 39.1 33.5 29.5 34.9 39.7 40.6 40.2 36.1 27.8 22.6 35.6 41.1 41.2 38.8 32.6 28.3 21.4 15.1 2.8 -1.6 -1.6 -1.6 -1.6 -1.6 -1.6 -1.6 -1.6
60.4 57 48.7 45.5 34.7 34.2 33.8 33.2 28.3 22.4 14 1.8 1.8 15.6 28.2 46.6 57.5 62.1 61.3 61.9 59.3 57.3 54.4 49.8 42.5 32.8 27.4 23.5 20.1 19.5 17.5 16 17.2 18.4 20 17.2 5.5 2.9 21.1 36.8 42.9 43.2 41.8 43.1 48.7 54.6 58.4 57.9 55.2 51.1 46 40.4 34.9 29.4 27.1 31.5 35.6 39.2 41 37.7 31.4 31.3 38.7 42.1 42.7 41.7 37.7 28.3 19.8 32.9 39.7 39.2 37.5 34.2 30.4 26.2 17 3.7 -1.6 -1.6 -1.6 -1.6 -1.6 -1.6 -1.6 -1.6
60.8 57.3 47.2 44.1 34.6 27 25.3 24.1 21.2 18.5 11.9 1.8 3 15.1 27 47.2 55.1 59.7 57.8 56.3 54.3 53.7 51.9 47.5 36.6 29.4 24.3 20.4 19.2 18.2 15.3 13.3 13.2 15.5 18 13.1 3.8 13.5 30.5 38.6 41.2 39.1 36.6 40.3 48 56.1 60.7 59.4 57.2 53.4 48.4 42.4 37.8 31 26.9 24 31.4 35.8 36.7 32.6 30.1 35.1 42 44.6 44.8 39.9 35.9 30.7 18 30.8 38.3 39.6 37.4 35.2 33.5 30.6 19.5 2.9 -1.6 -1.6 -1.6 -1.6 -1.6 -1.6 -1.6 -1.6
60.5 57.4 49.4 47.5 40.3 30 19 14.8 13.8 12.5 5.6 1.8 1.8 14.2 28.6 46.5 53.7 54 53.5 49.3 48.9 49.7 47.2 39.3 29.9 25.5 19 20.5 21.4 21.9 18.6 13.5 9.1 10.5 16.1 7.8 -1.6 19.7 34.3 40.3 41 34.2 32.8 38.8 48.7 57.7 61.8 62.3 60.3 55.9 50.5 46.1 42.8 37.7 32.6 28.6 24.2 29.2 31.8 24.8 33 40.2 45.1 46 44.2 38.9 34.3 30.7 15.2 31.2 38.8 40.5 38.2 34.7 34.1 32.9 23.7 2.3 0.6 -1.6 -1.6 -1.6 -1.6 -1.6 -1.6 -1.6
61.2 57.6 52.8 49.2 42.7 33.5 25.6 15.1 5.8 1.8 3.9 1.8 1.8 14 31.2 46.1 52.8 55.5 52.7 49.2 46.7 44.1 40.3 33.1 28.4 27.5 29.3 33.2 32.9 28.2 21.9 15.8 11.6 9 16 8.4 -1.6 23.5 34 39.5 37 29.7 29.4 37.7 48.4 58 62.7 64.9 62.3 57.9 53.5 49.8 46.5 42.5 38 33.6 28.1 24.1 23.8 26.8 36.1 42.5 45.8 46 42.7 37.3 32 24.4 13.8 30.8 36 38.2 37.6 36.7 35.6 33.5 26.2 10 1.4 -1.6 -1.6 -1.6 -1.6 -1.6 -1.6 -1.6
60.7 57.8 53.3 49.2 43.6 36.9 28.6 21.7 18.8 8.3 1.8 1.8 1.8 17.4 35.3 46.7 52.7 56 54.9 51.6 46.9 39.7 34.2 34.3 35.6 37.6 41.1 41.7 37.8 30.9 23.8 18.4 17.3 11.9 9.1 5.1 -1.6 19.1 29.1 32.6 26.5 25.5 27.5 35.3 51.1 57.5 62 65.7 63.4 59 54.6 51.3 48 44.5 40.2 35.8 29.9 24.2 24.1 29.7 36.7 43.4 46.1 45.8 42.1 37.4 31.1 19.7 12.3 30.9 34.1 34.8 35.8 36 36 33.4 28.1 18.3 1.8 -1.6 -1.6 -1.6 -1.6 -1.6 -1.6 -1.6
59.4 56.9 52.3 47.7 42.9 37.4 31.4 26.6 21.9 14.2 0.9 1.8 4.2 22.7 37.8 46.8 52.6 55.9 56 52.1 47.4 39.8 38.8 40.8 44.9 48.7 48 44.9 41 32.8 26 22.6 22.1 21.2 17.3 10.7 -1.6 8.3 17.3 19.1 19.2 23.9 28.2 35.7 46.8 56.2 59 65.7 63.6 59.2 54.9 51 47.8 44.9 41.3 36 28.1 23.7 24.3 31.5 39.7 44.4 46 45.3 41.8 38 32.4 20.1 8.7 25.7 30.4 32.2 34.8 34.8 35.9 32.8 29.2 22 1.7 -1.6 -1.6 -1.6 -1.6 -1.6 -1.6 -1.6
