webserver/python/data/SX08.asc
ncols 200
nrows 200
xllcorner 200000
yllcorner 80000
cellsize 50
[rows 156 to 194 of 200, columns 88 to 175 of 200]
149.3 151.7 154.2 158 161.6 164.9 167.9 170.6 173.2 176.1 179 181.8 184.5 187.1 189.6 191.8 193.7 196 198.4 200.1 201.4 202.4 202 201.6 200 198.1 196.3 193.8 190.9 187.9 183.8 180.2 176.1 171.2 168.1 163.1 153.2 147.3 148.4 149.3 144.1 138 133.1 129.8 127.5 124.9 122.7 120 117.1 114.2 109.1 104.4 103.3 105.4 111.5 115.7 119 121.6 123.2 124.5 127.7 130.3 132.7 134.9 137.5 140.8 144.6 147.2 150.8 155.8 159.8 163.7 167.1 170 171.5 173.2 174.2 173.9 172.1 169.7 165.3 157.2 146.7 127.5 116.7 119.3 128.7 133.9
146.8 149.1 151.4 154.9 158.9 162.7 166 169 171.8 174.6 177.3 180 182.6 185.2 187.8 190.2 192.1 194.1 196.6 199.1 200.4 201.4 201 200.1 199.1 197.2 194.9 192.5 189.7 186.7 183.1 178.7 174.2 170.8 163.7 157.4 151.1 144.9 141.8 139.6 135.2 130.8 127.7 125.2 123.4 121.6 120.5 119.3 118 115.4 109.7 102.1 103.1 106.8 110.9 114.4 117.4 120.1 121.9 122.3 126.5 130.1 133.1 135.9 139.3 142.8 145.5 149.3 152.6 157.8 161.8 165.7 168.9 170.6 171 171.9 172.4 170 169.9 167.6 163.5 158.4 147.2 127 115.9 118.4 127.2 131.6
143.5 145.4 148.1 152.1 156.2 160.1 163.5 166.8 169.8 172.8 175.5 178.2 180.8 183.4 186 188.6 191.2 193.3 195.5 197.7 199.3 200.2 199.5 198.7 197.1 195.4 193.4 191 188.2 185.3 182.7 179 172.7 171.2 161.5 154.3 146.7 141.1 137.6 133.7 130 126.7 124.2 121.9 118.9 117.3 117.1 117.7 117.8 115.4 110.1 101.5 102.2 105.9 109.6 112.6 115.3 116.9 118.7 121.9 126.3 129.9 132.8 135.7 139.3 143.5 147.5 150.5 154.9 159.7 163.7 167.3 169.2 170.5 171.4 171.5 171.9 168.7 166.6 163.9 160.5 154.9 144 126 114.8 118.4 123.8 128.7
139.8 141.3 137.6 148.8 153.2 157.5 160.9 164.2 167.3 170.3 173 176.4 179 181.6 184.5 187.4 190.1 192.2 194.3 196.4 198 198.7 198.3 196.7 194.9 193.2 191.4 189.5 186.8 184.3 182.2 179.9 174.5 171.6 163.7 155.5 147.9 141.3 136.2 131.7 128.1 125.2 122.5 119.4 116.3 113.7 112.6 113.3 117.1 116.3 109.6 101.3 101 103.5 107.4 110.1 112.8 114.8 119 123.1 125.8 129.2 132.8 136.2 139.4 144.3 147.7 151.1 155.8 160.3 164.8 167.6 169.3 169.6 169.5 167.8 166.3 163.3 160.8 158.2 154.5 149.6 139.3 117.5 114.1 117.4 119.9 124.5
125.8 134 137.7 143.2 147.9 153.1 158.3 161.6 164.6 167.1 170.5 174.4 178 180.9 183.9 186.5 189 191 193 195 196.7 196.7 196.3 194.6 192.8 191.1 189.3 187.6 186 184.1 182.2 180.3 176.7 172.5 168.2 162.3 155.9 147.9 140.3 133.2 128.3 124.8 122.5 119.9 116.7 113.6 111.5 109.7 111.4 111.2 106.2 100.9 99.7 101.3 103.8 106.8 110.2 114.7 118.9 121.7 125.6 129.2 132.7 136.2 140.1 144.3 147.7 152.3 157.3 161.3 164.9 167 167.2 167.4 166.1 163.5 160.3 157 153.5 149.6 146.2 139.5 127 113.8 113 116 118.2 120.3
119.7 121.4 138 142.8 147.9 151.4 154.8 158.1 162 166.5 170.3 173.4 177.3 180.3 183 185.6 187.8 189.7 191.8 193.7 194.8 194.8 194.2 192.6 190.8 189.1 187.3 185.1 184.3 182.8 180.9 179 177.7 174.9 170.6 166.1 160.6 153 145.5 137.8 130.8 126.4 124 122.3 119.3 116.6 112.6 109.2 106.6 104.4 103.1 100 99 100.2 102.6 105.6 109 113.9 118 122.1 125.4 129.8 133.2 135.7 139.8 143.9 148.2 152.8 156.5 159.9 162.6 163.8 163.7 162.4 159.8 156.7 153.3 149.6 144.8 140.9 135.6 126.1 113 110.7 114.9 118.9 121.5 123.1
127.4 134.5 141.7 146.4 150.6 154.9 158 161.6 164.3 167.7 170.4 173.5 176.4 179.5 182.1 184.7 186.6 188.5 190.3 191.9 193.1 192.7 192.1 190.5 188.8 187 185.1 182.9 182.1 181.4 179.5 178 177 175 172.4 167.8 162.7 155.5 148.1 140.9 134.5 128.4 126.6 124.6 122.6 118.3 114.1 110.1 106.1 103.3 101.6 99.2 98.3 99.6 101.5 104.2 107.8 112.7 116.8 120.3 124.9 129.7 133.5 136.1 140.4 144.1 147.5 150.9 154.5 156.5 157.9 158.5 157.5 155.7 152.7 149.3 146.1 141.5 136.1 128.7 122 113.2 110.1 113.7 118.6 122 124.6 126.4
130 135.5 140.3 146.4 151 155.4 159 162.3 165.1 167.9 170.6 173.5 176.1 177.9 181.3 183.4 184.6 187 188.6 190.2 191.1 190.6 189.9 188.4 186.7 185 182.7 180.8 180 179.2 178.2 176.6 168.5 173.9 172 168.2 163.1 156.5 149.4 143 136.7 131.7 130.7 129.6 126.9 122.7 117.3 112 106.1 103.1 101 98.7 97.6 98.8 100.1 103 107.3 111.3 116 120.2 125.1 129.4 133.2 136 138.8 142.2 145.4 148.7 150.6 152.3 152.7 152.4 150.8 148.9 146.5 142.7 137.9 132.7 124.7 116.4 109.5 109.3 111.6 116.6 122.3 126.6 129.4 132.9
145.9 135 139.3 146.3 151 155 158.6 161.3 163.5 166.4 169.6 172.5 174.4 178.5 180.7 182 184.9 185.8 187 188.5 189.3 188.7 187.8 186.2 184.7 182.6 180.2 178.6 177.8 176.6 175.5 174.2 173 172.2 170.3 167.2 162.4 156.7 150.2 144.4 138.2 136 135.6 133.4 131.1 125.2 118.9 113.6 106.9 103.3 99.9 97.1 96.7 97.9 99.3 103.5 107.1 111.3 116 120.9 125 128.7 132.2 135.6 137.9 140.4 142.9 144.8 146.2 147.5 146.7 145.7 143.9 142.2 140 135.5 129.6 120.6 112.9 107 108.8 112.4 113.7 119.5 126.1 131 134.5 137.3
158.2 151.1 141.3 139.4 146.6 151.3 154.4 158.6 162.5 166.5 170.7 173.2 176.4 179.3 180.7 183 184.3 185 185.9 186.8 187.4 186.8 185.5 183.5 181.8 179.3 177.1 175.4 173.8 172.4 171.7 167.3 170.6 169.9 168.4 165.8 161.6 156.3 151 145.7 141.4 140.7 139.8 137.6 133.5 128.7 121.8 114.2 108.7 103.9 98.7 95.1 95.9 97.4 100.1 106 108.8 113.9 117.3 120.8 124.7 127.6 130.9 134 136.2 137.9 139.6 141.2 142.2 142.3 141.5 139.6 137.7 132.8 130.2 127.5 119.5 111.1 106.2 107.9 111.9 115.8 117.6 118.4 125.5 131.7 135.6 139
166.7 161.8 155.7 149.7 149.2 152.6 156.9 162.7 166.6 170.6 173.7 176.3 178.7 180.8 181.4 183.6 184 184.4 185 185.5 185.4 184.8 183.1 180.7 178.7 175.9 173.9 172.2 170.6 169.1 167.5 167 167.3 167.4 166.1 163.6 159.6 155.7 151.8 147.3 144.8 143.5 142.5 140.8 137.1 131 124.9 117.1 108.5 102.6 97.7 94.7 95.5 98 101.6 106.8 109.9 113.8 117 119.5 123.2 125.6 128.4 130.4 131.8 133.7 135.6 136.8 136.9 136.9 135.6 130.6 125.1 121 118.9 115.9 108.4 104.5 105.8 109.4 114.7 120.2 122.2 123.2 123.6 128.8 133.8 138.2
171 168.7 165.3 162.2 158.2 161.9 164.3 168.1 171.8 174.9 178.1 180.6 181.7 182.7 183.2 183.5 183.9 184.3 184.7 184.4 183.9 182.4 180.5 178 175.6 172.6 170.6 168.8 167.3 166 163.7 162.6 163.7 164.1 162.5 160.6 157.5 154.1 151 148.5 147.3 146 144.2 142.1 137.8 132.7 125.7 117.3 109.2 102.2 97.3 94 95.1 98.2 102.9 105.9 109.3 112.3 114.9 118 120.9 123.1 124.8 126.2 127.4 129.3 130.6 131.6 131.9 130.2 126 119.5 114.4 112.1 110.1 105.9 102.8 106 108.6 114 119.6 126.9 129.9 129.6 128.1 128.2 132.2 136.8
174.6 172.9 171.3 170.7 169.9 170.8 170.2 173.8 176.4 179 181 182.3 182.9 183.6 183.9 183.9 184.4 184.3 184.1 183.4 182.6 180.5 177.5 174.8 171.7 168.9 166.6 164.8 163.7 162 158.9 157.9 158.6 160.4 159.6 157.1 155.5 152.9 150.3 148.1 147.3 146.9 145.8 142.4 138.1 132.7 125.6 117.2 108.9 102.1 97.4 94.2 93.2 97 100.9 103.6 106.2 109.6 112.3 114.5 116.6 119.4 121.3 121.9 123.1 124.4 125 125.8 124.9 121.6 115.8 110.4 107.2 105.1 103.5 102 103.8 107.9 113.9 120.1 127.9 133.3 134.9 134.8 133.2 131.7 134.7 138.1
174.3 174.9 175.1 175.3 174.9 176.2 175.5 178.1 179.5 181.5 182.6 183 183 183.4 183.9 184 183.9 183.8 183.3 182.1 181 178.6 175.1 171.4 167.4 165.2 162.7 163.4 158.2 156.4 153.8 152.6 154.9 156.2 155.1 153.1 151.8 150.5 149.3 147.8 146.3 146 145 141.9 138 132.5 125.6 117.7 109.5 102.7 97.1 92.7 92.1 94.4 98.1 101.1 103.9 106.7 109.2 111.4 113 115.8 117.3 118.1 118.1 118.3 118.5 117.9 116.4 111.9 106.4 102.5 100.2 99.8 101 103.3 108 115.6 122.5 129.2 135.2 138.5 139 138.6 137.4 135.8 136.9 139.9
174.2 175.4 176.6 177.6 178.5 179.1 179.6 180.6 181.9 182.4 182.9 183.3 183.1 183.5 183.9 183.8 183.5 183.2 182 180.8 179.3 176.7 173 168 163.4 161 162.2 156.1 152.8 151.3 149.5 147.4 150.4 151 150.3 149.1 148.3 147.6 146.8 146.1 145.3 144.3 143.2 140.9 136.8 131.5 124.9 117.5 108.6 103 97.3 93.5 91.5 92.2 94.8 98.2 100.9 103.2 105.4 108.3 109.7 110.8 112.2 112.8 112.5 111.7 110 108.9 107 103.1 98.5 98 99 100.7 103.8 110.1 116.9 124.3 131.1 135.7 139.6 141.9 142.7 142.7 141.6 139.6 140.7 144.6
173.8 175.5 176.8 178.3 179.3 180.2 181 181.8 182.1 182.6 183.1 183.6 183.2 183.6 183.7 183.6 183.2 182.1 181 179.8 177.9 175.2 171.2 165.6 160.8 156.8 152.7 151 147.4 145.2 144.1 142.5 144.7 143.8 140.5 144 144.9 144.8 144 143.3 142.5 141.6 140.7 138.8 135.3 130.5 124.2 116.2 108.2 102.9 97.8 93.5 91 91.6 92.4 95.1 97.4 99.6 101.8 104.8 106.2 104.8 104.6 103.8 104.3 104.5 101.8 100.9 99.6 96.3 98.1 99.9 102.5 106.7 112.2 120.3 126.1 131.4 136.6 139.9 142.2 144.3 145.4 145.7 145.3 144.9 145.7 149.4
172.7 175.6 177.1 178.6 180 180.9 181.7 182.1 182.1 182.8 183.4 183.8 183.3 183.5 183.4 182.9 182.2 181.2 180 178.3 176.3 173.7 170.1 164.6 160 153.7 146.2 142.6 140.2 138 138.4 136.8 138.1 137.8 137.7 139.4 141.6 141.7 141.3 140.4 139.6 138.8 137.7 136.2 133.4 128.9 122.1 115.2 108.4 102.9 97.8 93.3 91.6 90.1 90.3 92.2 94.5 96.7 98.9 99.2 103 99.7 99.3 98.4 98.8 97.4 96.1 95.1 95.4 98 101.2 103.7 107.9 115.4 122.1 127.6 131 134.2 138.3 141.8 143.5 145.7 147.7 148.3 148.2 148.9 148.7 152.3
171.3 175.1 176.7 178.2 179.7 181.2 182.1 182.3 182.4 182.8 183.5 184.1 183.4 182.7 182.2 181.6 181 180 178.4 176.5 174.3 171.8 168.9 164.3 159.8 153.3 145.8 138.9 135.2 133 133.4 132.4 133.1 132.7 133.2 135.9 137.4 138.4 137.8 137.4 136.5 135.3 133.1 132.2 130.1 126.5 121.8 116 108.6 103.2 97.8 93.5 91.6 89.8 88.3 89.7 91.6 93.8 95.4 95.3 99.8 99.4 98.3 94.7 92.9 92.5 92.3 93.7 97.7 101.3 107.1 110.4 112.1 114.9 119.7 126.5 132.4 136.8 139.4 142.5 144.8 146.9 149.1 151 151.5 152.5 152.6 154.9
170.2 174.2 176 178 179.6 181.2 181.9 182.2 182.5 182.8 183.2 183.4 182.5 181.7 180.9 180.1 179.3 177.4 175.7 174 172 169.5 166.9 164 159.1 153.9 146.9 139.5 134.3 131.4 129.8 128.4 129.5 128.1 129.3 131.4 133.5 134.7 134.5 134.8 133.5 130.7 128.6 127.8 126.5 124.7 121.5 116 108.9 103.4 98.6 94.1 91.6 89.7 88.3 87.1 89 90.7 90.8 91.2 92 92.7 91.9 91.1 90.2 91.9 93.8 96.8 101.9 107.6 113.3 117.7 119.7 121.4 123.5 126.8 130.7 137.1 140.5 143.8 146.7 148.8 150.9 153.4 155.4 156.3 157.7 157.8
170 173.7 177 178.9 180.3 181.3 181.5 181.7 181.8 182 182.1 182.2 181.2 180.3 179.3 178.4 176.7 174.6 172.9 170.9 168.7 166.5 164.5 162.6 159.2 153.8 147.8 142.1 135.2 128.4 125.1 124.3 124.2 125.2 126.3 127.4 129.3 130.4 131.8 132.4 131.5 128.8 125.5 124.5 122.9 121.5 119.1 114.7 109.7 104.8 100 95.5 91.4 89.6 88.7 86 85.9 88 88.6 89 89.7 90.6 88.8 91.4 91.9 93.3 96.1 100.2 106.2 113.9 119.1 122.5 125.4 127.7 129.8 131.2 132.9 135.7 140.4 144.2 148.3 151.1 153.6 156.1 159 160.7 161.6 162.1
172.6 175.1 177.9 178.7 180.1 181.2 181 180.7 180.8 181 181.1 180.5 179.2 178.1 177.1 175.9 174 171.7 168.7 166.1 163.4 162.6 162.1 161.2 158.3 154.2 148.9 143.7 136.2 127.6 123 121.6 121.4 122.2 123.4 124.1 126.3 128.5 129.7 130.3 129.4 127.3 123.7 120.9 119.3 117.4 115 113.4 110.4 106 101.4 96.4 92.1 90 88.5 86.4 83.6 85.4 87.6 88 88.5 87.1 90 91.6 92.7 95.3 100 105.9 112.5 118.7 123.6 127.1 129.9 132.7 134 134.7 136.4 137.2 139.7 145 148.5 150.8 154.1 158.6 161.5 163.6 164.6 165.2
175 176.5 178.8 179.6 180.4 181.3 181.1 180.9 180.6 180.2 179.4 178.6 177.4 176.2 175 172.8 169.9 166.9 162.3 158.4 157.9 157.5 158.9 159 157.5 153.5 148.7 142.8 135.7 127.6 121 119 118.8 118.8 119.7 121.5 124.4 126.5 127.4 128.1 127.4 125.9 123.6 120.5 116.3 113.8 112.5 111.4 109.5 106.2 101.7 96.8 91.7 89 88 86.4 83.2 84.5 87.1 87.6 87.9 88.3 90.4 91.9 95 100.4 106.8 112 116.7 122.8 127.2 130.4 133.8 137 138.4 139.2 138.7 139.9 142.1 145.7 148.5 152 156 160.1 163.4 165.9 167.3 167.8
177 177.9 179.8 180.5 181.2 181.1 180.9 180.4 179.7 179 178.2 176.8 175.7 174.5 172.4 170 166.3 160.8 155.4 151.5 150.7 153.2 154.8 156.2 155 152 146.9 141.4 134.6 126.6 119.2 116.6 116.8 116.8 117.8 120.1 122.4 124.2 125.2 125.7 125.6 124.7 122.3 119 115.2 112.3 109.5 108.4 106.3 103.1 99 95.6 93.3 89.4 87.3 84.6 82.8 83.6 85.9 86.4 86.6 89.7 91.8 96.2 101.4 106.5 111.9 116.2 119.5 125.5 129.8 133.2 136 139.4 141.5 141.7 142 143.2 145.3 147.2 150.5 154.2 157.9 161.4 164.3 167.4 169.3 170.4
178.8 179.5 180.7 180.9 180.9 180.8 180 179.3 178.5 177.8 176.1 174.7 173.8 172.5 170.6 168 163.9 157.2 150.5 147.1 145.9 148.6 150.9 153 152.1 149.4 145.4 139.1 132.3 124.1 116.9 114 114.5 115.1 116.9 118.9 120.9 122.7 124.2 125.3 124.5 123.4 121.1 117.8 114.3 111 107.6 104.9 102.8 101 98.3 93.9 91.5 89.7 87.3 84.8 82.6 82.7 84.2 87 89.5 93.7 96.9 101.6 104.6 109.6 113.5 117.8 122.7 126.7 131.1 135 134.2 140.6 141.9 142.4 143.8 145.6 147.9 150.2 152.7 156.2 159.6 162.5 165.5 169.5 172.2 173.3
179.4 180.5 180.6 180.5 180.4 180.3 179.4 178.1 177.4 176 173.8 172.6 171.7 170.7 168.9 166.3 162.2 155.6 146.6 143.2 142 144.4 146.6 148.8 148.1 146 141.8 136.5 129.5 121.1 114.2 112 112.3 114.1 117.1 119.1 121.1 123.1 124.1 124.5 123.2 122 119.5 116 113.3 110 106.7 103.3 101.6 98.9 95.6 92.2 89.7 87.7 86.5 84.8 82.5 82.9 85.1 88.1 93 97.6 101.1 104.4 107.2 111.1 115 119.6 124.3 127.9 131.6 134.7 137.5 138.5 140.8 143.2 146 148.2 150.8 153.4 155.9 158.7 161.2 164 167.8 171.6 174.3 176.8
179.5 179.8 179.9 180 179.9 179.6 178.6 177.4 175.9 173.7 171.7 170.3 169.6 168.6 167.3 164.5 160.8 154 145.2 139.2 138 139.4 141.6 143.5 143.3 141.7 137 132.2 125.9 118.5 112.5 109.8 112 114.4 117.3 119.3 121.3 123.4 124.1 123.5 122.8 121 117.2 114.6 111.9 109.1 105.8 102.6 100.3 97.1 94 91.2 89.4 87.1 85.2 83.8 82.5 85.1 87.9 91.1 95.7 99.6 102.6 105.9 110 113.4 116.8 121.4 124.8 128.1 131.7 134 133.9 137.5 140.8 143.7 146.8 150.2 152.6 155 158.2 160.6 163.1 166.7 170.4 173.6 176.3 178.9
178.5 179.2 179.2 179.3 179.4 178.9 177.9 176.9 174.8 172.7 169.9 167.7 167.4 166.7 165.6 162.7 159.3 152.1 145.7 136.9 133.3 134.3 136.5 137.9 138.1 136.8 132.5 127 122.1 115.8 109.9 108.8 111.6 114.1 116.4 118.7 120.7 122.1 123.1 122.8 121.9 119.7 116 113.4 110.7 108.2 105.5 102.4 99.6 96.6 94.1 91.2 88.6 86 83.5 82.4 83.9 85.5 90 94.4 97.9 100.6 103 105.9 111.1 114.7 118.6 122 125.1 127.5 130.2 130 131.8 135.8 140 143.6 146.7 150.5 152.9 155.4 159.8 162.5 165.8 169.5 172.4 175.2 178.1 181.3
176.7 177.8 178.2 178.2 178.3 177.9 176.9 175.5 173.5 171.4 168 165.1 164.8 164.5 163.8 161.3 158 152.7 149 139.8 133.3 128 129.3 131.4 132 130.5 126.5 121.8 117.9 112.8 106.7 107.4 110.2 112.8 115.1 117.4 119.3 120.7 121.9 122.4 121.5 119.5 116.5 113.3 110.9 108.7 105.5 102.6 99.8 97.4 94.5 91.7 88.8 85.9 82.6 82.2 83.9 86.4 91.2 95.5 97.3 101.1 102.9 105.9 112.1 114.9 118.6 120.3 123.8 125.7 125.6 126.3 129.2 133.9 138.3 142.8 146.6 150.4 153.3 156.1 160.7 164.5 167.6 171 174.2 177.2 180.7 183.8
175.1 176.3 176.7 177.1 177.2 176.9 175.9 174.1 172.1 169.8 166.2 162.9 161.7 161.7 161.7 159.9 157.8 153.5 150.6 146.3 138.2 131.4 124.9 121.1 124 123.5 120 117.5 114.4 108.8 104.8 106.5 108.7 111.3 113.6 116 117.8 119.1 120.3 121.3 121.2 119.5 117.6 114.4 112.1 109 107.5 104.7 101.5 99.8 96.1 92.7 89.5 84.1 81.6 81.7 84.2 87.1 91.7 94.1 96.2 99 103.8 105 108.6 113.7 116.1 118.3 118.9 119.6 120.5 123.4 126.8 131.1 136.1 140.9 145 147.8 151.8 156 159.8 164 167.9 171.6 175.3 178.8 182 184.6
173.6 174.7 175.3 175.7 176 175.8 174.7 172.7 171 168.6 163.8 161.2 159.4 160.2 159.8 158.5 156.6 154.5 152.4 148.6 144.5 140.4 130.8 126 117.4 115.7 114.6 112.5 111 107 102.8 103.6 106.7 109.7 112.1 112.3 115.4 117.2 118.8 119.5 120 119 117.8 115.7 114.7 111.5 109.9 108.1 104.9 102.9 99.4 95.6 91.2 83.8 81.6 81.2 84 86.7 89.8 91.7 94.7 98.2 102.5 104.7 107.4 111.3 112.4 113.3 114.5 117 119.1 121.9 124.2 128.3 133.2 137.6 141.1 146.1 150.3 154.7 159.1 163.3 167.3 170.9 174.7 178.3 181.7 185.4
171.9 173.2 173.9 174.2 174.8 174.6 173.6 171.8 170.1 167.4 162.2 158.7 157.6 158.6 157.8 156.3 154.7 152.9 151.4 149.1 146.3 141.9 137.1 130.3 123.1 116 109.8 106.4 106.6 104.7 101.8 102.9 104.2 107.4 108.7 109.7 113.7 116.2 117.5 119.1 119.2 118.5 118 118.3 117.2 114.9 113.2 111.2 108.6 105.6 102.1 98.4 92.7 84.5 80.9 81.2 84.2 86.4 88.4 90.7 93.1 95.6 98.5 102.9 104.9 106.8 108.6 110.7 113 115.5 117.1 119.7 123.5 126.3 129.9 134.7 140.2 145.3 150.4 155 159.1 162.6 166.6 170.3 173.9 177.3 181 185.2
169.8 170.9 172 173.1 173.7 173.4 172.2 170.7 169.3 166.3 161.1 156.5 155.6 156.3 155.2 153.5 150.6 150.5 149.6 147.9 145.2 142.3 138.6 134 128.5 121.1 112.8 106.6 102.9 102.1 100.4 100.8 103.2 105.5 107.6 109 112.2 115.1 116.9 116.4 119.2 118.8 119 120.8 119.7 118.4 116.5 114.5 111.6 109.1 104.9 100.6 95.6 82.6 80.4 81 83.3 86 87.6 90.6 92.7 95.3 97.8 101 103.1 106.5 114 117.7 120.3 123.6 125.7 127.1 128.1 128.7 129.4 133.5 139.1 145.3 151.6 155.8 159.4 162.6 165.9 169 172 175.9 179.8 183.6
168.4 169.8 170.7 171.8 172.2 172 171.4 170 167.9 164.6 158.4 154.2 153.3 154.3 153.2 150.8 149 147.7 146.9 145.4 142.5 139.4 136.8 133.7 129.3 122 112.2 104.5 100.3 100.1 98.5 98.8 101.8 104.2 106.4 108.2 110.5 113.4 112.8 117.4 119 119.3 123.4 122.6 126 127.3 126.3 121.1 117 113.5 109.9 104.5 98.1 85.3 81.5 80 83.1 85.2 89.4 89.9 92.7 97 99.4 103.2 108.2 114 118.2 121 123.7 126.2 128.2 130.2 131.8 132.9 133.1 133.4 137.4 143.8 149.5 153.4 157.4 160.8 163.6 166.8 170.6 174.7 178.5 182.2
167.3 168.7 169.4 170.5 170.7 170.4 170 168.5 166 162.7 156.2 151.5 151.1 152.2 151.1 149.1 146 144.1 143.4 142.2 139.4 136.3 133.8 131.2 126.1 118.6 108.6 103.5 99.7 97.4 96.6 96.9 99.8 102.3 104.5 106.7 108.8 111.8 114.7 118.1 119.3 120.5 125.3 127.5 129.7 131.8 131 127 121 117.3 113.7 107.9 100.3 87.1 82.9 77.4 81.8 85.3 91.8 96.5 100.9 106.8 106.9 107.6 112.9 115.9 119.4 121.6 124.3 127.2 129.9 132.1 134.6 136.1 137.5 138.1 139.5 142.2 146.3 150.6 154.2 157.6 161.3 165 169.3 172.9 176.5 180.1
166.2 167.7 168.4 169.2 169.2 168.7 168 166.3 163.6 160.4 154.3 149.2 148.5 150.5 150.1 148.3 146.2 142.4 136.9 136.4 133.6 131.1 129.8 127.3 121.5 113.6 105.7 100.6 97.2 95.7 95.2 96.9 98.4 100.8 103 104.9 108.2 111.6 116.2 118.9 121.4 124.6 126.8 128.8 130.7 132 133.7 130.5 125.1 121.3 117.8 113.4 106.4 89.9 82.2 82 78.8 87.6 94.5 100.9 106.5 110.2 111.1 110.2 112.9 117.2 120.2 122.5 124.9 127.8 131.2 133.6 136.1 139.4 142 143 143.8 142.7 144.3 148.2 152.2 155.9 159.5 163.4 167.9 170.8 174.4 178.2
165.2 166.6 167.3 167.9 167.4 166.7 165.9 164 161 157.1 152.3 147.7 146.1 148.1 148.5 147.8 145.9 142.7 136 132.2 129.2 125 121.7 118.8 114 107.9 102.5 98.5 95.1 93.3 94.6 96.4 99.1 100.5 102.4 105.1 108.1 113.1 116.3 120.2 123 125.4 127.5 128.5 129.5 130.6 131.9 131.6 128.4 124.8 121.6 119.3 117.2 104.9 83.3 81.7 78.4 86.7 93.6 100 103.5 108.3 108.9 112.2 114.9 118.2 121.2 123.4 125.6 128.4 131.8 135.1 137.6 141.1 144.1 145.3 146.4 146.3 146.2 148.3 150.4 154.1 157.7 161.8 165.9 168.9 172.4 176.2
164.3 165.3 166.1 166.4 165.6 164.9 163 160.2 157.2 153.3 148.9 145.5 143 145.1 146.5 146.1 144.9 142.3 138.5 132.8 129.7 126.2 121 115.3 110.6 107.3 102.6 98.2 94.8 92.3 93.9 96.3 100.7 102.5 105.3 106.6 111.2 115.3 118.3 120.9 123.6 126.2 127.5 128 129 129.8 129.8 130 129.9 127.9 124.3 122.9 121.5 116.7 99.4 82.1 76.5 82.9 90.1 95.1 99.3 103.8 108 111 114.9 119 122.1 124.7 126.6 128.9 132.4 135.8 139.6 143.4 146.1 146.7 148.1 148.9 149.5 150.1 152.2 154.6 157.4 160 163.6 167.3 171.1 175.2
162.9 163.8 164.6 164.7 163.9 162.6 160.2 156.5 152.4 149 146.1 143.6 144.3 142 144.4 144.6 144 142.3 139.9 137.1 133.6 129.9 126.4 121.4 118 110.6 104.9 99.6 94.9 91.3 93.2 97 101.6 104.4 106.8 109.6 113.7 116.8 118.5 121.9 124.6 126.8 127.4 127.2 126.6 126.3 126 125.7 125.7 123.8 120.9 117.8 114.9 110.3 94.6 78.9 76.2 81.7 87.4 91.9 96.7 102.7 108.1 111.2 115.6 119.8 123 126 128.2 130.1 133.7 137.5 142 146.2 148.4 149.7 150.8 151.7 152.5 153.4 155.3 157.4 159.7 162.3 165.8 168.5 171.7 175.5
161.2 162.2 162.7 162.7 161.7 160.1 157.1 153.1 149.6 146.8 144.4 141.4 138.9 139.3 142.1 143.7 143.3 141.9 140.8 139.3 136.3 133.1 129.7 126.7 121.6 114 107.6 101.7 96.5 90.3 92.6 96.6 100.9 105.5 108.7 111.6 114.7 117.8 120.4 122.8 125.1 127.1 127.1 125.3 123.2 122.6 122.3 121 118.9 116.7 113.4 110.1 105.5 98.7 82.9 75.3 78.1 83.7 87.8 91.1 97.3 103.5 108 111.7 116.4 120.5 124 126.9 129.8 132.9 136.5 141 145.7 148.6 150.8 152.2 153.7 154.6 156.1 157.9 158.7 160.7 162.9 165.3 168 170.4 172.9 176.2
