webserver/python/data/SX26.asc
ncols 200
nrows 200
xllcorner 220000
yllcorner 60000
cellsize 50
[rows 70 to 104 of 200, columns 80 to 159 of 200]
127.1 133.3 135.5 136 135.7 134.3 132.3 129.9 126.1 122.2 119.4 117.1 114.7 111.1 107.7 107.1 108.5 109.9 110.9 111.8 112.5 113.1 114.9 118.3 121.4 124.6 127.6 130.6 133.8 136.4 138.4 139.4 139.3 139.1 138.1 137.2 136.3 135.5 133.9 134.7 136.6 137.2 135.9 134.1 131.2 126.6 121.1 114.2 106.6 99.1 96.7 96.5 95.9 96.1 97 97.9 101.2 111 116 122.1 128.5 133 136.8 140.6 142.9 144.1 144.5 146 146.3 145.4 144.9 144.8 144 143.1 142.2 142.3 142.1 142 143 145.1
128.9 132.4 134.9 134.9 133.2 131.3 129.4 126.4 122.8 119.1 115 112.4 109.5 105 104.4 105.3 106.8 108.5 109.8 110.7 111.4 112.2 114.4 117.8 121.2 124.2 126.3 131.5 134.9 137.6 140.2 141.7 142.3 142.3 141.4 140.6 139.7 138.9 138 138.1 139 139 137.5 135.9 133.2 127.9 122.6 113.5 108.7 99.4 96.2 95.6 95.8 96.2 97 103.3 112.8 118.7 122.8 127.1 131.9 135.7 139.4 141.7 143.8 145.8 147.2 147.4 146.7 145.7 144.7 144.4 143.3 141.7 140.6 140.6 140.4 140.9 142.8 144.8
132.6 134 134.7 131.9 129.9 127.9 125.9 122.8 119.2 115.2 110.9 107.4 103.5 101.4 102.3 104 105.7 108.4 108.8 110.4 111.3 112.4 113.7 116 119 121.4 125.1 130.2 135.3 139.3 142.7 144.2 144.8 145.2 144.9 144 143.2 142.4 141.5 141.8 141.8 141.4 140 137.9 135.3 129.6 123 115 110.2 97.8 95.2 94.9 95.1 95.9 98.8 111.5 120.2 125.9 129.1 131.5 134.7 138 140 142 144.3 146.2 147.4 147.6 146.7 145.8 144.9 143.9 142.2 140.6 139.1 138.7 139.4 141.1 142.8 144.5
136.3 136.2 134.4 131.3 127.2 124.4 122 118.3 114.6 110.8 104.4 102 99.2 99.8 101.1 103.1 106.4 109.1 111.7 112.6 112.5 113.2 114.2 115.7 117.6 120.2 124.6 130.2 136 141.3 145.2 146.8 147.4 148.1 148 147.4 146.7 145.8 145.4 145.2 143.8 143.2 141.9 139.9 136.8 131.6 124.9 117.5 107.2 97.3 94.7 94.2 94.4 95.5 109.2 119.7 125.1 129 131.9 133.2 135.2 137.3 139.2 140.5 142.3 144.2 145.5 146.5 144.9 143.7 142.4 141.7 140.3 138.8 137.7 138.2 140.2 141.9 143.5 144.1
135.3 136.2 134.2 131.2 127.1 123.1 118.4 114.8 109.7 104.7 99.6 97.5 98.3 100.7 101.9 106.3 109.2 111.8 115 116.2 115.7 116.1 116.7 116.8 118.6 121.5 125.4 131.4 137.6 142.9 147 149.1 150.1 150.5 150.5 149.8 149.2 148.8 148.4 147 145.6 145 143.6 141.4 137.8 133.4 126.3 119 108.7 94.4 94 93.7 93.8 96.6 114.8 124 127.7 130.1 131.3 132.6 133.9 134.9 136.1 138.4 140.1 142 143.3 144.6 143 141 140.2 139.5 138.2 136.9 136.6 137.9 140.1 142.4 143.4 144
130 132.2 132.4 129.8 127.4 123.4 119.1 111.4 105 98.5 95.9 96.7 99.3 103 106.7 111.5 115.4 117.4 119 120.8 119.4 118.9 119.6 119.8 119.8 122.8 126.6 131.7 137.7 143.4 145.9 148.3 149.7 150.3 150.4 150.1 150 149.6 149.2 148.4 147.4 146 144.6 142.1 139.4 134.6 129.4 121.7 110.7 94.3 93.7 93.2 93.3 100.6 118.3 124.8 128 129.8 130.8 130.1 129.6 130.4 133.2 134.8 137.7 139.7 140.7 141.7 140.1 138.1 137.5 136 135.6 135.7 135.8 137.1 139.3 141.6 143.2 143.8
123 126.5 128 126 124.6 122.7 117.9 111.2 101.7 95.2 94.6 98.1 103 109.1 115 119.4 122.2 123.4 124.2 124.8 123.6 122.5 124.3 124.1 123.5 124.3 128.4 133.5 138.4 142.7 145.4 147.4 149 149.4 149.3 148.9 148.9 148.4 148.2 147.2 146.2 145.1 143.3 141.4 138.3 135.1 130 124.5 113 94.3 93.1 92.8 94.1 108.8 118.1 123.8 127.1 129 129 127.2 124.7 124.5 127.3 130.6 133.6 135.3 137.1 136.1 135.2 133.8 134 133.3 133.9 135.2 136.3 137.7 139.7 141.7 142.7 144.1
115 118.2 120.1 121 120.2 116.5 112.4 106.8 96.5 92.8 94.7 99.4 106.6 113.4 119.2 123.7 126.2 127.3 127.7 128 128.6 128.8 129.5 129 128.4 127.8 130.3 135.3 139.5 142.7 145 146.7 147.3 147.5 147.7 147.8 147.4 146.7 146.2 145.2 144.2 143.3 141.6 139.3 136.3 133.3 130.3 124.6 113.2 96.3 92.8 93 95.2 110.5 118.4 122.5 124.8 125.8 124.5 121.9 118.7 117 121 124.9 127.8 130.7 130.5 128.9 127.4 127 130.9 134.2 137 137 136.8 138.3 139.9 141.2 142 142.7
98.4 102.8 107.1 106.6 106.1 104 101.7 95 90.7 92.2 96.3 102 112.4 119.2 123.4 126.4 128.6 130.1 131.4 133.2 133.2 133.2 134 133.6 133.2 132.7 132.9 136.5 140.4 143.3 144.6 145.1 145.3 145.5 145.7 145.2 144.8 144.4 144.1 143.1 141.5 139.4 137.8 136.4 134.4 131.3 127.6 121.1 109.1 93.7 92.2 92 95.9 111 117.2 119.8 119.9 116.5 112.2 110.7 108 107.7 111.5 115.4 116.9 119.1 119.4 121.1 124.1 128.9 136.8 139.2 139.8 139.4 139 138.4 139.4 140.6 141.3 141.4
83.3 86.4 89.7 90.1 89.5 88.9 88.9 88.6 90.3 94.3 99.5 101.9 116.1 122.8 127.4 129.3 131.7 134.1 136.1 137.7 137.6 137.7 138.5 138.1 137.6 137.3 136.8 138.5 141.3 143.2 143.7 143.8 143.3 143.5 143.1 142.2 141.7 141.4 141 140 137.6 135.2 132 130.6 130.2 127.9 122.5 115.5 101.1 91.7 91.6 92 97.2 109.4 113.3 111.5 103.8 100 102.5 104.9 108.2 111.1 116.1 117.4 117.2 117.5 120.9 125.3 131.5 137 141 142.1 142.6 141.6 140.3 139.2 139.6 140 139.7 139.4
86.3 84.5 84.2 86.7 86.9 86.6 89 91.6 98.6 104.4 104.6 110.8 116.3 123.1 127.5 131.9 136 138.7 140.6 142.2 142.2 142.1 143 142.6 142.3 141.8 141.2 140.8 142.5 142.5 142.8 142.4 141.6 141 139.8 139.2 138.7 138.3 138 136.2 133.8 129.9 125.2 123.2 124.7 121.8 117.1 109.1 93.1 91.2 90.8 90.6 93.5 101 102.3 99.1 100.7 105.6 109.8 113.2 117.7 123 128.5 130.5 130.9 131.5 133.3 136 139 140.1 141.4 142.7 143.2 142.9 141.4 140.3 140.4 140 140 139.8
101.8 101.3 99.5 98.9 99.8 101.7 104 107 108.7 111 115.4 117.7 121.5 126.1 129.2 133.6 138.3 142.5 145.4 146.6 147.3 147.2 147.5 147.3 146.9 146.3 145.6 145.2 143.7 143.4 142 140.4 138.3 136.9 135.6 135 134.1 133.7 133.9 130.9 125.8 121.3 117.5 114 117 114.4 111 103.2 91.5 90.7 90.4 90.5 93.3 93.9 96.9 101.3 110.6 120.1 124.7 126 128.3 131.3 134.4 135.8 136.8 137.7 138.5 139.3 140.1 141.4 142.5 143.1 143.6 144 142.9 142.2 141.8 141.4 141.2 141.1
119.4 120.2 118.3 116 119.1 120.4 118.7 116.8 116.5 117.2 119.9 122.9 125.8 128.9 131.8 134.9 139.1 143.5 147.5 150.1 151 151.1 151.3 151.7 151.4 150.6 149.3 148 145.2 144.1 141.9 137.7 134.1 132.8 130.1 129.1 128.1 126.9 125 122.4 119.1 114.5 110 108.3 106.8 105.7 104.3 97.8 91.3 90.2 90.5 91 99.5 107 109.6 115.2 121.9 127.7 132.6 134.5 134.7 135 136.3 136.8 136.4 137.5 138.6 139.5 140.6 141.2 141.9 142.9 143.5 144.2 144.1 143.4 144 143.7 143.5 143.4
134.1 134.3 133.7 131.6 129.7 129 126.5 123.4 122.3 123 124.1 126.4 128.1 130.5 133.1 135.7 139.1 142.8 146.8 149.7 151.3 153.2 154.9 154.7 154.1 152.8 151 148.5 146 143 138.4 134.5 130.5 126.5 123.2 122.9 122.1 120.2 118 115.1 112.6 108.4 104.5 101.8 99.6 98.9 98.7 95 90.3 90.1 90.1 91.4 105.5 114.1 117.9 121.1 124.5 128.5 131.8 134.5 136.9 136.5 134.5 134.8 133.3 134.6 136.3 138 139.2 140.3 141.4 142.4 143.5 144.5 144.1 144.1 146 146 145.7 145.7
139.4 140.4 140.1 138.9 136.1 134.3 131.8 129.2 126.8 126 127 128.5 130.4 132.1 134.3 136.6 138.8 141.3 144.4 147.4 151.1 153.4 155.8 156.2 155.6 153.6 150.8 148 143.9 139.5 135.3 131.4 125.7 121.7 118.2 115.7 115.5 113.5 111.9 109.2 106.7 103.3 100.5 96.7 95 94.2 94.1 92.4 90 90.3 90.9 91.4 106.2 113.7 117.7 119.9 122.5 124.9 126.5 129.2 131.3 132.3 131.4 130.8 130.6 131.8 133.3 134.8 136 137.5 139.8 141.1 142.4 144.2 144.6 144.7 146.6 148.3 148.1 148.1
143 143.7 143.9 142.6 140.1 137.6 134.6 131.1 129.1 127.6 127.6 128.4 129.7 132.2 133.8 135.1 137.2 139.1 142.3 145.8 148.5 151.4 154.9 155.4 154.6 152.5 149.7 145.7 141.2 136.2 132 127.7 122.4 117.7 113.9 111.5 109.1 107.8 106.5 103.4 100.6 98.6 95.5 93.7 92.8 91.3 90.4 89.7 89.7 89.2 89.3 91.1 102.1 107.8 111.2 113.6 115.4 116.4 116.5 119 120 122.6 126.2 128.6 129.9 130.9 131.5 132.9 134.6 135.5 136.6 138.6 140.9 142.8 144.4 145.3 147.2 149.2 150.5 150.6
144.6 144.1 143.3 142.6 141.6 138.2 135.2 132.8 129.9 127.8 127.4 128 128.6 130.2 131.9 133.5 135.2 137 140.2 142.4 144.8 146.9 148.6 151.1 150.3 149.7 145.5 142.5 137.6 133.1 128.2 123.4 118.9 114.8 112.3 109.6 107.6 105.3 102.7 101.2 99.7 99.3 100.4 100.7 98.3 95.4 92 90 89.3 88.8 88.3 89.9 94.4 97.6 99.2 103 108.6 115.7 120.2 123.7 126.6 128.3 130.2 132.4 132.6 132.4 133.3 134.3 135.3 137 137.6 138.4 139.8 141.5 143.7 146.1 148.7 151 152.8 153.3
143 142.5 141.6 140.9 139.5 137.5 134.3 130.9 128.7 126.6 125.2 125.4 126.3 127.6 129.3 129.4 132.2 134.8 137 139 141.3 143.6 144.8 144.8 144.9 143.9 142.7 139.8 134.6 130.3 126.1 122.7 120.1 119.7 117.5 115.1 112.8 110.2 106.3 106.7 108.1 108.8 109 106.4 103.3 99.3 94.6 91.6 89.7 88.3 88 90.3 95.2 102 108.5 112.7 118.9 123.9 126.3 127.4 128.9 132.1 132.8 133.3 134 134 134.9 135 138 140 140.6 141.2 142 143.3 145.3 147.7 149 152.7 154.9 155.9
139.7 139.5 139.2 137.7 136.2 134.4 131.7 129 126.5 124 122.8 122.2 121.8 123.9 124.9 124.8 127 129.8 132.5 135.3 137.5 139.5 141.8 142.9 144.6 142.9 141.5 138.3 135.7 132.8 130.8 127.2 126.1 124.9 123.1 120.9 118.5 115.2 111.6 114.3 114.4 114.4 113.4 111.2 107.1 102.7 97.5 92.7 89.6 88.2 87.9 88.9 100.1 109.4 115 118.7 121.5 124.4 126.6 127.9 129.7 130.5 132.2 133.1 133.7 134.6 134.6 135.2 138.1 139.9 141.6 142.5 143.6 145.4 146.9 149.1 150.2 152.2 155.3 157.1
136.3 135.7 134.8 133.4 132 130 127.3 124.2 121.6 118.9 117.3 116.6 116.5 119.3 119.8 120.3 121.6 124.2 126.7 128.9 132.2 135.3 138.9 141.5 144.3 142.9 142.9 141.4 139.7 137.5 135.5 133.5 131.5 129.5 127.9 126.1 122.8 118.5 114.9 118.5 119.1 118 116.3 112.8 108.3 103.7 98.5 95.1 90.5 87.8 87.5 88.2 101.6 111.2 115.5 119.3 120.7 121.3 123.5 124.9 126.4 127.8 129.4 131 132.1 133.4 134.2 135.3 137.3 138.4 139.7 142.1 144.4 146.7 148.6 150.5 151.8 152.4 152.9 154.2
132.3 131.4 130.5 129.2 127.8 125.5 122.8 119.6 116.5 113.9 110.9 109.7 111.5 112.5 114.5 114.8 115.1 116.3 119.2 122.9 126.4 131.6 136 141.1 143.8 144.8 145.5 145.5 144.2 142.7 140.7 139 136.4 134 131.5 129 126.3 122.2 121.6 122.4 122.2 120.7 117.7 113 108.9 106.2 104.4 99.3 91.2 87.6 87.2 88.5 99.5 109.6 113.9 115.9 117 116.6 117.4 117.5 117.6 121.2 125 127 130.3 131.9 133.4 134.6 135.7 136.8 138 140.1 142.2 144.4 146.8 149.2 150.9 151.1 151.4 151.3
127.3 126.4 125.4 125 123.6 120.9 118.3 115.1 111.8 108.4 104.6 104.4 105.8 105.9 107.2 107.4 108.3 108.8 110.7 114.9 121.5 127.9 134.8 140.3 145 146.8 148.3 148 146.8 144.9 144.3 142.9 140.5 137.8 135.1 132.4 129.6 127.2 126.7 126.1 124.8 123 119.9 115.5 113.8 111.9 108.6 103.8 94.9 87.6 88.4 86.6 93.1 102.4 104.2 104.4 106.8 107.8 107.2 110.5 115.9 118.5 119.4 122.3 125.9 128.6 130.4 132.1 133.5 134.9 136.3 138.1 140.2 142.3 144.5 146.8 148.7 148.9 148.8 148.8
121.7 120.7 120.2 120 119.3 117 114.5 111.1 107.9 104.7 101.5 99.9 99.7 100.4 101.7 102.5 105.2 109.8 114.1 114.9 118.1 126.3 133.8 140.3 145.2 147.2 148.6 149.4 148.3 147 145.5 144.4 143.3 141.1 138.2 135.5 132.9 131.6 130.5 129.7 127.5 125.5 121.9 121 118.7 117.2 113.5 108.7 99 88.8 89.4 86.8 87.8 91.5 91.9 97.5 100.1 103.4 110.4 118.3 122.8 124.7 125.8 126.2 127.2 128.5 128.5 129.4 130.7 132.7 134.7 136.4 138.5 140.6 143 144.8 146.1 146.7 146.4 146.4
117 115.7 115.9 115.8 114.9 113.2 111 107.8 104 100.8 97.4 94.7 96 101.8 105.7 108.6 111.5 116.4 121.4 123.7 121.2 125.6 133.8 140 145.4 147.3 148.3 149.4 149 148.5 147.2 146.1 144.7 143.1 140.4 138.4 137.3 136 134.7 132.7 130.6 129.4 127.9 125.8 123.7 122.5 118.9 114.1 106.2 91.8 89.2 86.2 87.3 92.8 103 110.7 114.1 116.9 122.5 125.2 126.2 127.6 127.4 128 129.1 130.6 130.4 129.6 130 131.5 133.4 135.3 137.5 139.8 142.2 143.8 144.6 145.1 144.8 143.2
112.3 110.3 110.8 111.4 110.5 108.8 107 104.5 100.3 96.8 93.5 90.4 98 105.7 110 115.2 118.1 123.7 130 133.7 130.9 128.9 134.4 140.1 145 147.6 148.8 149.4 149.9 149.6 148.8 147.5 145.9 144.3 143.1 142.2 141 139.6 137.7 136.1 132.9 132.4 130.7 128.8 128 127 123.3 119.1 113.1 104.2 89.5 85.6 86.4 100.4 108 115.3 120.1 123.6 125.9 127 127.3 127.5 128.3 129 129.5 129.7 130.1 130.7 130.8 132.1 133.8 134.8 137 139.1 141.3 142.7 143.1 143.5 142.3 140.6
107.5 103.9 106.3 107.4 106.6 104.8 103 100.6 96.7 93.3 89.2 88.7 98.2 106 112.1 116.9 121.4 126.6 133.8 137.3 136.6 135.9 137.9 140.8 144.3 146 148.7 149.5 149.9 150.1 150 148.6 146.9 145.3 144.3 143.5 142.4 141.2 140.4 139.3 136.3 135.6 134.3 132.6 131.9 130.8 127.1 123.2 118.1 111 95.6 84.8 83.4 96.7 106.3 113.9 118.6 121.1 123 123.3 123.7 124.1 125 126.6 127.3 126.6 127.7 129.6 130.9 132.5 133.3 134.4 136.6 139.1 141 141.8 142.6 141.9 140 138.2
99.1 98.6 102.4 103.5 102.1 100.1 97.7 95.5 92.3 88.8 86 90.1 96.4 103.6 110.4 116.8 121.6 126.8 133.8 140.3 142 142.2 144.3 144.5 145.1 147.5 148.5 149.5 149.9 150.1 150 149.2 147.8 146.3 145.5 144.8 143.5 142.2 142.1 141.7 140.6 138.8 137.3 136.5 135.8 133.5 130.5 126.5 121.6 114.6 101.8 87.8 84.1 85.1 95.9 108.9 115.8 117.1 118.8 118.1 118.6 119.1 119.2 121.4 122.4 122.7 123.2 125 127.1 130.4 132.1 134.4 137.2 139.9 141 141.6 142.1 141.4 139.5 137.6
91.5 96.1 99.8 100 98 94.1 90.3 88.2 87.2 84.3 84.2 90.5 96 103.3 111 117.1 122.4 127.1 133.9 140.2 143.9 145.2 146.1 146.6 148.1 148.5 148.7 149.6 149.9 149.6 150.3 149.7 148.4 147.3 146.3 144.9 144.7 144.3 144 143.7 143.2 142 140.4 138.8 138.2 136.7 132.7 128.9 123.6 115.8 104.7 89.7 86.2 83.1 83.9 100.9 109.6 111.5 111.9 110.5 110.8 110.8 108.8 108.1 111.4 114.6 121.4 124.9 128.8 131.5 133.5 136 138.3 140.6 141.3 142.1 142.8 141.8 140.5 138.9
86.1 93.8 95.5 95.7 92.4 87.8 84.5 83.5 82.4 80.5 88.3 92.5 98.8 106 113.9 119.3 124.5 129.7 133.9 139.1 144.1 146.2 148.1 149.7 150.2 150.2 149.8 150.6 150.9 148.9 150.3 149.6 148 146 145.1 144.2 143.6 143.3 143.8 145 144.6 144.3 143.2 141.5 140.2 138 134.4 130.1 124.2 116.5 107.3 92.8 86.2 84.9 83.3 88.2 97.5 103.8 105.3 103 100.2 100.8 106.8 118.9 117.4 115.2 125.1 129.8 132 134.4 136.2 137.9 140.2 142.7 143.3 144 144.1 142.7 141.2 140
80.9 88.4 90.4 90.4 85.6 81.3 79.4 78.7 79.6 87 94.1 98 102.3 109.7 117.3 122.3 127.5 132.7 137.3 140.3 144.3 146.9 149.2 150.8 150.9 151.1 150.9 151.1 150.5 148.7 147.4 147.2 145.7 144.2 142.5 141.4 141.5 141.8 143.2 146.1 146.5 146.3 144.5 142.6 141.1 138.2 135 128.6 121.2 114.7 104.6 94.4 88.1 86 83.5 82.7 86.8 97.6 96.6 93.4 97.7 110.8 122.9 130.9 129.9 121 125.5 130.9 134 136.7 139.5 141.2 142.9 144.7 145.6 146 145 142.8 140.8 140.6
78.4 83.3 82.6 79.5 75.3 75.9 79.2 84.3 89.7 95.2 101.1 104.9 108.1 114.1 120.4 125.4 130.6 135.7 139.5 142.5 144.7 148.3 150.7 151.3 151.4 151.5 151 149.9 149 146.9 146.3 145.3 143.2 140.7 138.3 137.3 137.4 137.8 140.8 144.7 147.4 146.1 145.1 143.3 140 137.3 133.5 126.8 120.6 114.1 108.6 102.2 95.5 89 86 85 82.3 87.1 87.2 99.2 110.8 124.3 135.5 136.5 135.1 129.5 123.5 130.6 134.8 137.8 141.1 142.8 144.3 145.9 146.3 145.7 144.5 141.7 139 140.4
73 75.7 72.2 72.6 80.9 87.4 93.3 98.5 104.3 106.3 108.4 111.1 113.7 118.5 123.5 128.6 133.6 138.3 141.8 145.2 148.4 150.4 151.7 151.8 151.3 150.1 150 148.9 147.9 145.9 146 144.5 143.2 140.9 137.7 133.9 132.4 133.2 137.4 141.4 142.5 142 142.5 140.8 139.3 136.4 132.9 128.8 123.6 120.8 117.5 111.9 106.3 99.2 91.4 83.9 82.3 86.8 96 108.6 120.4 129.8 137.5 139.1 137.3 133 127 130.8 134 136.8 140.1 142 144 146.2 145.7 144.8 142.7 139.3 136.4 138.9
69 68.4 75.4 84.4 94.1 103.3 109.8 113.1 113.6 113.9 114.7 116.8 119.6 123.2 127.5 132.1 136.7 140.5 143.8 146.9 149.8 151 151.9 151.2 150.1 148.7 149 148 147.3 145.8 146.5 146.9 145 142.3 138.9 134.9 129.8 127.7 129.6 132.7 134.3 134.5 135.9 135.3 136.2 135.2 134.3 132.6 129.2 126.9 122.9 118.5 114 106.8 95.8 81.7 80.8 91 104 117.1 127.6 133.9 138.6 138.3 137.6 134.2 130.2 131.3 134.5 136.3 138.7 140.4 142.6 144.3 144 142.7 140 135.5 132 138.5
67.9 77.2 87.3 97.8 107.4 113.3 115.7 117.9 119.8 120.1 120.5 122.7 125.8 129.7 133.5 137.2 139.7 142.2 144.9 147.3 148.7 149.2 150.3 149.1 146.1 146 146 145 144.2 145 146.1 147.3 146.7 143.8 140.3 135.5 130.8 126.9 124.4 124.9 123.7 126.1 127.3 130.3 131.9 134.4 135.4 135.1 133.3 130.2 126.3 122 117.5 109.8 94.5 80.6 80.7 93.4 103.5 116 129 136.2 138.6 137.9 136.4 133.9 133 132.8 134 135.6 137.2 139 140.6 141.5 141.5 139.9 137 132.2 128.5 136.8
81.8 91.8 102.5 111.7 116.5 119.5 120.5 122.4 123.6 125.8 127 128.9 132.1 136 139.2 139.8 140.3 142.3 144.4 146.4 148 146.9 146.4 145.1 143 141.7 140.3 139.9 141.9 145.9 148.1 148.8 148.1 145 141.9 139.2 135.6 131.7 127.7 124 121 118.7 120.2 124.5 127.7 131.2 134.9 136.3 135.3 133.2 129.6 125.8 120.3 112.3 93.6 80.1 80.1 89.2 98.2 109 125.5 135.3 136.5 136.7 136.8 135.5 134.7 134.1 134.5 134.5 134.4 135.7 136.1 136.8 137.3 135 132.8 127 125.1 136.5
