webserver/python/data/SX35.asc
ncols 200
nrows 200
xllcorner 230000
yllcorner 50000
cellsize 50
[rows 37 to 73 of 200, columns 0 to 83 of 200]
130.3 126 120.9 109.4 93.4 75.2 59.5 32.6 13.3 18 34.5 48.6 59.6 70.3 78.3 82.5 83.3 83.1 75.9 60.9 49.4 43.2 48.2 58.2 65.3 74.4 81.2 87.4 92.5 100.8 105.2 109.2 112.4 115 116.9 117.4 119.2 119.8 119.5 118.1 116.2 114.1 108.8 102.6 88.9 79 66.5 63.7 59.3 52.5 55.7 51 51.1 51.1 50.1 41.7 37.2 52.1 57.2 56 53.1 43.5 38.7 52.6 61.1 63.8 66.4 68.4 70.3 71.4 71.8 70.3 74.3 74 73.7 72.8 72.7 73.3 74.5 76.4 75.4 75.3 74.5 73.3
129 124.8 118.6 110.7 103.1 87.7 75 55.6 27.1 14.8 25 39.1 47.9 58.4 69.6 76.6 78.4 76.7 62.9 47.5 40 54 67 75.8 82.5 89 92.7 99.8 103.1 106.3 109.3 113.1 115.9 118.2 119.7 119.9 120.1 120.3 119.7 118.3 116 113.5 109.1 101.9 91.4 84.8 75.1 76.7 73.9 71.8 70.4 63.3 61.2 59.6 53.9 47.4 35.1 47.4 53 52.3 47.7 35.6 40.7 52.8 58 60.2 62 63.7 65.2 66.7 67.9 67.4 68.3 68.7 68.8 69 68.7 69.1 71.1 73.3 73.3 72.6 71.5 71
127 122 114.5 110.4 102.9 89.1 71.4 58.5 41 19.1 16.6 28.4 38 48.9 60.8 67.1 70 64.6 48.1 36.4 46.8 64.1 79.4 85.1 94.4 100.7 104.6 106.4 108.5 111.7 113.8 116.7 117.9 118.5 118.9 119.3 118.8 118.1 117.4 116.7 115.4 112.9 110.5 106.5 100.4 95.4 90.6 87.1 83.9 78.2 74.1 68.2 63 59.7 54 47.6 39.5 37.1 44.3 44.8 42.8 34.1 39.6 49.5 52.7 54.7 56.4 57.7 58.5 60.6 60.9 59.7 58.6 60 63.1 65.5 61.8 66.6 69.1 70.9 71.1 69.7 68.5 67.9
125.4 118.8 112.1 103.3 94.1 74.9 54.6 40.9 31.7 21.7 14.1 19.8 31.4 41.6 53.5 53.7 50.1 40.3 32.1 40.9 57.2 73.3 85.6 98.6 106.2 109.8 112.3 114.1 115 116.8 117.4 117.9 117.8 117.9 116.7 115.9 115 115.6 115.1 114.7 115.5 114.3 112.7 109 106.5 102.9 98.5 93.1 85.6 78.3 73 68.4 61.8 52.3 46.5 44.2 41.3 33.9 33.9 36.1 34.4 29.1 34.4 37.5 46.1 48.1 50.6 51 51.4 50.6 47.6 46.9 47.1 50.2 51.9 55.3 63.1 66.2 68 69.7 69.7 67.8 66 64.7
120.7 115 109.2 97.1 78.5 58.2 51.5 53.5 52.5 35.8 16.2 15.5 25.1 36.5 38.5 31.4 28.3 28.9 38.1 51.5 67.2 81.4 98 107.8 112.9 115.7 118.3 120 119.8 118.6 118.4 116.9 115.8 114.4 112.1 111 110.6 110.1 111.7 113.4 115.9 114.9 113.8 112.2 110.7 106.8 101.9 94.4 84.9 76.1 68.7 61.9 53 48.6 49.1 41.4 36.8 35.5 31.3 29.8 28.9 29.6 28.7 29.2 30.7 40 43.6 43.5 41.1 38.5 40.3 45.8 51.1 54.5 59 62.1 64.7 66.5 67.3 66.5 64.9 67.4 65.2 62.3
118.1 112.1 105.8 94 71.3 68.7 75.8 78.3 75.9 58.7 28.6 12.9 18.3 19.4 18.9 26.6 32.1 42.4 51.8 63.1 77.9 91 107 112 116.5 117.8 119.7 121.1 120.6 118.3 116.3 114.5 111.6 109.9 105.6 103.9 102.7 102.1 105.6 112.5 117.6 118.6 119 120.2 117.6 112 105.6 97.3 85.8 76.9 64.6 57.4 58.5 58.5 55.4 44.5 47.1 48.2 46.6 41.1 35.9 36.8 34.9 32.2 28.8 28.2 36.6 36.4 31.9 39.6 45.9 52.4 58.7 61.9 64.4 67.6 70.2 70 70.7 71.2 70.7 69.1 66.4 62.6
117.2 111 101.7 87.2 85.8 89.1 92.2 90.9 83.7 73.2 48.2 16.9 14.7 21.9 39.3 46.1 52.8 59.5 68.6 79 89.6 102.8 110.4 114.5 115.8 117.3 117.6 117.9 117.5 115.3 113.2 109.8 106.8 104.2 99.2 96.4 93.7 97.7 105.3 112.9 117.1 119.8 123.7 123.1 121.6 116.8 108.2 100.5 94.2 86.2 78 73.2 67.6 63.4 53.9 48.5 59.2 65.2 65 61.2 53.3 49.8 47 42.2 33.8 25.9 26.9 28.6 38.3 46.2 54.1 59.6 66.3 68 70.8 74.2 75.7 74.8 73 73.2 72.2 70.3 66.9 65
116.4 112.2 109.5 106.2 103.9 102.1 104 99.5 88.8 76.6 54 28.9 14.6 26.4 48.7 61 70.1 78.2 84.3 92.2 99.1 104.2 108.2 112 113.2 114.3 113.5 112.9 111.8 110.9 106.5 103.4 99 94.4 90.4 85.2 87.1 95.6 104.9 112.5 116.5 119.2 125 123.9 121.3 116.7 112 108.1 103.4 100.7 95.7 84.5 76.8 69.8 58.2 54.3 71.2 77.7 76 71.8 64.1 60.5 58.2 52.5 45 27.1 28 38.7 51 59.5 65 70.6 74.5 76.3 78.8 81 83.3 82.7 82.2 82.3 81.7 80.1 76.6 74.6
116 114.1 111.7 110.4 108.9 107.1 104.5 101.5 91.4 74.6 48.8 32.5 13.9 27.2 55.7 72.1 83.6 89 93.9 97.3 99.6 101.5 102.8 105.8 106.5 106.9 106.6 106.8 105.8 102 97.7 93.8 89.2 82.9 80.1 76.9 83.7 90.6 102.5 109.8 114.2 118 120.4 122.7 120 117.9 115.2 111.9 110.4 106 100.3 94.7 86.9 76.5 68.7 70.5 78.1 77.1 75.3 71 65.4 61.8 58.9 52.1 41.7 24 31.4 45.5 59.3 69.1 73.7 79.9 82.9 87.8 91.7 91.1 93.5 93.1 93.3 94 94.6 94.8 93 90.2
113.7 112.8 111.7 110.1 108.7 106.3 103.9 99.6 89.6 70.1 43.6 27.6 14.1 31.3 56.6 74.4 81.7 86.2 88.7 90.1 92.8 93.4 95.2 97.1 97.9 98.5 98.8 100.5 97.9 94 90 83.8 75.5 71.4 72.6 74.6 79.8 87.9 98.5 105.5 110.1 113.5 117.2 119 118.7 117.1 115.5 113.9 112.2 109.5 104.3 100.4 95.8 91.1 86.7 84.7 83.5 80 74.6 69 63.2 57.8 51.1 43.3 30.9 24.3 32.7 43.1 59.1 70.1 76 82.1 85.9 89.9 93.4 94.3 93.7 93.3 94.4 95.6 96.4 96.6 95.2 94.2
110.6 109.4 107.8 106.5 106.7 104.1 100.8 95.8 85.2 64.7 39.6 22.4 13.4 33.5 56.7 67.7 72.5 76.1 78.5 81.3 82.9 84.3 86.1 88.3 88.7 89.3 90.4 90.2 87.7 84.1 78.3 67.2 61.5 60.5 63.7 67.6 74.3 84.5 91.1 97.8 104.3 109.3 113.5 116.7 116.4 115.8 115.2 113.9 111.6 108.9 108.5 105.8 103.3 100.2 97.2 94 91.4 86.5 78.2 69.9 66 59.4 48.4 37.1 27.8 22.1 27.1 39.1 50.6 61.5 69.1 74.6 80.2 83.5 86 87.5 87.8 86.6 88.3 90.7 91.6 92.2 90.4 89.2
105.4 103.5 101.7 99.9 100.4 99.1 95.2 91.3 82 60.9 35.6 15.3 13.5 24.9 47.3 54.9 58.5 62.4 64.6 68 69.8 72 74 75.6 77.4 78.8 79.8 78.7 76.2 69.9 60.2 54 57.2 60.4 62.1 65.4 70.1 76.7 83.4 90.5 98.7 104.9 110.5 114 113.6 112.9 112.2 111.4 110.2 107.6 108.2 107.5 107.4 107.2 105.5 103.3 100.5 93.5 87.2 81 72.6 65.8 56.3 45.7 36.5 23.8 22.1 28.3 39 52.3 60.7 66.6 71.8 75.7 77.6 78.3 79.7 78.7 80.2 81.9 83.1 85 84.1 83.5
98.7 95.1 91.8 89.3 89.6 89 86.8 83.4 77.7 59.9 36.8 16.7 11.6 13.2 33 41.2 45.1 44.9 47.1 51.8 53.3 58.6 62.1 64.7 64.1 64.2 64.8 61 57 52.2 50.5 55.3 61.8 65.6 68.1 70.1 71.1 72.3 77.4 85.5 93.8 102.3 108.3 111.3 110.5 109.8 109 108.3 107.5 106.6 106.5 105.9 105.5 107 107.7 107.8 107.1 104.9 97.4 89 83.3 75 68 57.6 46.9 32.8 23.8 20.6 29 42.6 50.7 58 62.5 66.9 67.3 67.1 68.2 68.1 68.7 70.8 72.6 74.6 76.6 77.8
85.7 84.5 79.3 71.3 70.3 73.4 73.8 71 66.6 65.2 54.4 25.5 13 11.2 17.3 23.9 26.3 24.6 25 27.6 36.5 44.1 48.7 49.2 47.5 46.9 47.5 44.6 45.7 50.9 56.2 61.6 66.2 69.8 72.3 74.8 74.8 75.1 77 83.3 91.7 100.7 106.1 108.3 107.5 106.7 105.9 105.1 103.2 101 99.8 100.6 102.1 105.4 107.3 109.3 110.2 108.8 106.2 99.2 88.7 79.9 70.3 63.5 54.2 40.6 29.1 21.8 21.5 33.9 42.7 49.3 53.3 58.1 60.1 61.3 61.7 60.1 61.3 63.2 66.2 68.3 70.4 72
71.1 71.6 63.5 57.7 55.2 54.5 55.5 49.8 46.6 49 44.7 27.4 14 12.2 11.7 15 15.4 17.9 21.9 24.1 24.9 26.5 29.8 30.3 33.6 39.6 44.1 47.7 51.7 57.4 61.8 67.1 70.7 76.2 79.1 80.7 82.5 80.7 80.8 82.8 90.2 99.2 103.9 106.2 105.8 104.7 102.2 99.9 97.9 95.4 93.7 93.8 95.4 100.6 105.6 108 108.6 107.8 106 104.3 98.1 86 73.5 66.6 57.1 44.8 33.7 24.6 17.3 26.8 38 43.2 46.6 51.2 53.5 53.8 52.6 50.4 52.2 55.8 58.9 61.9 64.4 66.2
68.7 65.9 67.6 69.6 67 61.3 57.4 55.2 54 44.8 35 27.3 21.1 13.6 10.5 12.7 15.1 23.8 30.4 34.6 34.4 36.7 39.6 41.6 44.5 49.3 53.4 56.9 63.1 68.4 71.6 77.8 85.4 90.4 93.1 92.7 91.4 88.8 87.7 88.3 91.3 97 101.6 104.4 104.5 102.1 99.2 95.8 92.9 89.8 85.3 83.7 85.6 94.5 101.6 105.6 105.6 105 102.8 102.7 101.4 96.5 85.2 74.2 63.2 52.8 39.2 26.8 17 21.8 32.6 37.7 41.3 44.9 47.1 47.5 46.7 45 45.4 48.6 51.8 54.8 57.9 59.8
79.7 79.8 83.8 85.2 83.3 78.9 72.4 69.5 71.2 65.6 52.2 39.8 25 14.1 9.1 11.9 20.2 27.1 35.4 41.2 45.2 49.9 52.1 57.5 62.6 71.4 75.8 79.5 82.4 86.7 92.2 99 102.2 105.5 103.5 102.4 100.3 96.9 95.3 95.4 96.7 97.7 101.9 104.2 104.2 102.9 99.8 95.4 92.4 90 85.2 79.5 76.3 88.6 96.1 100.7 101.1 99.3 97.6 98.5 98.2 97.4 93.7 85.3 74.9 65.4 49.3 33.5 20.7 19.1 26 30.3 31.8 36.7 42.2 42.5 41.3 36.8 39.1 41.5 44.6 47.9 51.1 52.6
89.8 94.2 98.8 99.5 98.2 95 90.5 86.7 81.2 73.1 57.2 37.8 19.3 10.5 9.1 22.5 29.5 34.6 42.9 49.4 56.1 62.9 68.1 74.5 83.1 87.6 90 93.1 95.2 99.2 104.1 108.6 110.5 112.3 111.5 110.1 108.7 106.6 105.7 104.2 103.5 103.7 105.4 106 105.6 104.9 102.5 97.4 93.9 91.9 87.8 75.2 69.4 82.1 93.5 96.5 95.7 93.1 91.2 91.6 92.2 91.7 91.7 87 81.7 71.6 61.4 42.9 30.4 16.8 17.2 20.3 20.3 26.7 33.4 37.7 34.6 28.9 34.2 35.6 37.5 43.5 45.9 47.5
103.8 107.8 108.5 106.9 103.7 100.1 96.3 90.1 81.1 72.2 54.9 28.7 10.4 15.6 25.5 33.7 40.4 48.2 55.6 64.6 73.2 79.8 84.8 90.9 95.3 97.7 101.4 102.4 104.2 106.8 109.8 111.7 113.4 115.1 115.7 114.9 114.5 113.1 113 112 109.9 109.3 108.2 108.8 107.9 107.7 106.4 104.5 99.8 97.4 91.5 76.4 64.4 74.8 89.2 91 90.2 86.9 83.8 80.7 82.3 84.1 84.3 85.1 80.6 74.2 62 49 36.8 20.9 16.8 16.9 15.7 16.7 24.3 29.5 26.6 22.2 29 28.4 34 41.3 42.5 43.4
111 112.8 112.8 108.9 103.1 98.6 93 84.9 75.6 66.7 47.9 15.4 9.6 25.8 37.5 47.1 55 64.7 71.7 77 82.8 88.2 94.2 99.5 101.7 103.7 105.3 106.4 107.4 109.2 110.4 112.3 114.2 115.3 115.9 116.1 116 116 116.1 116.3 115.5 113.3 111.4 110.1 109.2 108.6 108.6 106.3 102.7 98.4 94.2 77 61.6 67.1 79.3 81.5 79.1 77.5 74.9 69.1 69.9 75.4 77.7 77.8 76.3 69.8 55.3 42.2 23.5 19.4 17.9 23 22.3 14.8 14.1 14.8 15.5 19.5 22.9 23 30.6 35 36.6 39.1
115.4 115.1 112.3 105.9 99 91.3 83.8 74.9 67.6 56.8 38.2 13.1 9.3 29.9 44.4 58.5 69.4 81.7 88.3 90.6 92 93.4 98.6 101.7 103.2 104.1 103.5 106.2 107.2 107.3 108.8 111.2 113.3 114 114 114.7 114.6 114.2 115.4 116 113.9 111.2 109.4 108.7 107.8 106.5 104.6 101.9 99.4 95 91.2 83.8 63.6 58.1 64.5 67.6 66.7 64.7 58.2 52.3 53.8 58.1 62.5 65.2 65.4 59.4 51.5 32.8 21.2 21 33.3 41.2 39.4 29.6 18.6 13.4 13.4 12.5 15.3 16.9 23.1 28.9 31.7 33.3
116.3 112.7 107.6 100 89.7 79.2 71.3 63.2 56.9 47 32.8 11.7 9.6 35.1 53.6 69.3 85.7 95.6 99 100.2 99.4 97.7 97.4 98.7 99.4 98.1 97.9 99 100.5 102.5 104.4 105.6 107.4 109.4 111.2 112.1 112.2 112.5 113 111.9 109.7 107.5 104.7 103.1 99.7 95.7 94.1 91.3 89.9 88.7 86.3 81.8 72.2 53.7 52.1 52.3 49.8 46.3 42.8 40.5 39.8 42.8 43.2 47.1 47.7 46.2 37.8 24.5 23.7 35.5 49.3 51.7 46.4 38.4 26.6 23.4 17.2 12.5 12.3 12.1 12.4 19 22.5 24.7
114.1 107.6 99.5 89.4 76.1 65 57.8 51.6 40.5 32.6 19 9 17.1 40.3 64.3 82.4 95.5 101.5 100.6 98.1 95.8 94.3 93.4 92.3 90.8 89.3 88.1 88 89.8 92.9 96.2 100.4 103.2 105.1 108 109.5 109.8 109.6 109 108.1 105.6 102.3 98.4 93.1 86.6 79.8 77 73.2 74.3 75.7 77.7 75.8 71.9 64.2 55.9 47.1 42.8 42.1 44.2 44.4 42.4 34.6 31.5 31.2 29 25.2 24.6 26.7 40.8 51.2 56.9 56 50.8 45.9 42 38 33.7 26 26.2 23.9 17.8 12.7 12.1 11
111.3 99.8 87.3 73.4 61.2 54 45 35.9 25.6 17.2 10.3 8.9 26.1 50.1 73.9 88.2 93.9 96.5 94.6 91.4 88.9 87.5 84.6 81.5 75.1 74 73.4 75.1 79.9 86.5 91.8 96.6 100.3 103.7 107 107.8 107.7 106.3 105.5 104 100.2 95.3 88.9 87.1 90.6 89.3 85 79.7 70.8 64.3 66.9 68.3 68.6 69 63.5 47.5 44.4 56.4 60.3 60.9 57.5 46.8 42.8 41.8 33.5 31.4 31.9 37 53.3 63.1 64.9 61.7 58.9 55.4 52.2 49.2 44.5 42.3 41.4 39.1 35.1 26.2 17.9 15.2
107.4 88.9 69 56.5 47.9 39.5 31.1 21.3 11.6 9.7 8.3 18.8 37.1 65.5 79.8 87.2 88 88 85.6 83.4 80.2 77.7 71.3 63 59.7 61.2 64.1 69.7 78.3 89.6 94.7 100.1 101.5 105 106.9 106.9 106.2 104.7 103.3 100.6 96.4 95.8 99 98.9 97.8 97.6 94.8 90 80.5 71.3 61.8 57.2 56.5 58.4 52.2 45.6 57.6 69.2 73.6 72.5 65.5 53.3 60 66.1 62.8 58.7 54 44 56.5 70.5 71 69.3 65.5 62.6 59.4 55.3 50.6 47.9 45.2 41.5 37.8 33 30 24.2
103.4 78.8 56.1 41.6 31.6 25.3 14.1 8.2 9.5 8 17.7 30.1 54.3 73 77.7 80.3 80.8 79.2 76.6 74 69.8 62.7 53.5 47.9 50.5 56.7 66.9 78.2 88.4 95.2 101.3 103.6 104.6 106 105.9 106 106 104.6 103.2 100.5 102.2 103.5 103.2 103.2 101.5 100.7 98 93.7 87.6 81.5 73.9 68.1 61.1 52.9 46.1 58 71.7 82 82.9 80.7 74.3 63.3 72.9 79.2 79.7 75.7 67.4 54.9 62.4 73.8 75.1 73.7 71.7 66.8 62.7 56.6 52.2 49.2 45.3 41.3 37 32.6 28.7 18.7
100.1 71.4 48.2 28.7 18.8 9 7.6 7.6 9.8 24.8 35.6 49.9 67.1 69.2 69.3 68.9 68.6 69.1 68 64.8 56.3 46.7 40.9 45.4 56.7 70.4 83.2 90.7 95 99.7 103 104.9 105.3 104.9 105.2 105.5 105.8 105.4 104.9 105.6 106.3 106.2 105.9 104.8 103 101.7 99.5 95.9 89.9 85.4 81.8 76.3 68.2 56.8 53 69.9 81.9 84.1 84.8 83.6 79.1 71 79 83.3 84.1 82.2 74.1 61.9 70 77 79.7 80.3 76.8 71 66.4 59.4 52.7 48.6 43.4 38.6 34.3 29.1 20.9 12.3
93.4 63.7 44.5 23.6 11.2 7.9 8.2 9 30 44.8 52.8 58 61 57.5 54.7 54.5 53.7 57.6 58.4 50.3 39.5 36.2 46.4 59.6 74.1 82.6 88.9 93.4 97.9 101.9 103 103.7 103.4 103.4 103.8 104.3 104.9 105.6 105.2 105.9 107.3 107.2 105.6 103.3 101 99.1 96.8 93.4 88.7 84.2 78 70.1 62 53.5 58 73.9 81.6 85.1 85.7 84.5 81.4 80.3 84 87.4 87.6 87.3 83.7 79.3 79.4 85 86.3 86.1 81.3 75.7 68.5 58.5 49.5 40.8 34.8 29.7 24.8 19.5 13 11.4
97 62.9 37.8 16.8 9.2 8.5 11.5 30 50.5 51.7 51.6 46.3 44.1 40.5 35 34 36.8 43.1 43.5 35.1 31.8 46.5 61.1 75.3 83.3 87.6 91.8 95.9 97.7 100.9 101.5 101.1 100.8 101 102.9 103.7 104.2 105.5 105.9 106.2 106.5 105.8 104.1 101.5 99.1 96.9 94.5 89.9 85 79.2 67.9 59 57.9 57.5 64.6 73.8 81.6 85.1 86.6 87.4 85.8 87.7 90.1 92.9 93.3 93.4 91.7 88.5 87.2 86.9 87.3 86.1 78.6 72.9 61.6 51 37.7 29.5 24.6 21.9 19.2 17.5 19.6 14
93.3 65.7 39.8 12.6 8.1 8.9 16.8 38.6 42.1 38.5 32.9 26.8 23.1 18.5 15.6 14.6 17 24.5 27.3 21.6 37.1 56.8 72.6 79.8 85.6 90.4 92.7 94.2 95.7 97.7 98.2 97.9 97.3 97.5 100.4 101.8 103.6 104.9 106.2 106.7 106.2 105 102.4 100 97.2 95.1 90.6 86.1 81.3 73.4 64.8 65.4 67.7 70.3 74.7 79.6 83.1 88.8 91.6 91.2 91.6 94.1 96.2 99.9 100 96.6 93.5 89.6 87.8 86.2 79.2 71.2 62.3 54.8 43.9 32 24.1 22.8 21.6 21.6 23.6 33 35.3 19.3
88.3 79.1 49.7 15.6 7.9 9 17 30.2 26.5 17.9 12.3 8.7 8.2 8.3 15 19.4 25 26.1 22.4 18.4 29.3 47.5 68.9 78.5 85.3 89.1 91 91.8 93.2 93.9 94.7 94.4 94.1 94.4 96.3 99.4 102.4 104.7 106.9 107.4 105.6 103.4 101.1 98.5 95.5 90.2 85.2 80.9 76.2 72.8 71.4 72.2 76 80.2 85.2 87.3 90 93.2 96.7 97 99.3 100.7 100.6 101.2 100 96 93.1 89.9 84.8 73.2 57.9 47.6 40.1 33.8 29.7 31.7 32.2 32.2 34.4 38 43.9 47.5 43.1 26.8
83.8 77 57.1 17.5 8.8 8.3 11.8 17.5 11 8 7.9 13.4 23.4 30.5 36.4 40.5 43.7 44.7 38 26.4 21.5 35.8 59 75 83 85.9 85.5 85.7 85.9 88.5 89.5 90.2 89.8 90.9 93.2 96.8 100.4 104.9 107.7 107.5 105.4 102.5 99.6 96.3 93 89 86.7 84.4 80.2 78.3 78.1 83.6 89.3 95.2 99.1 100.8 100.9 103.1 104.1 105.8 105.6 104.3 100.6 97.7 96.4 95.9 93.3 87.3 72.9 54.9 43.3 42.3 44.3 46.5 47.5 47.8 47.5 48.6 51.7 55.2 57.6 55.2 50.1 32.7
73.2 65.1 53.9 38.2 11 8 8.2 9.4 8.1 9 17.7 31 39.5 46.4 54 59 61.9 61.7 59.1 50.3 30.7 29.4 46.8 66.6 74 78.1 78.5 78.6 78.5 80.5 82.6 82.9 83.7 87.7 91.1 94.9 100.3 105.2 108.2 109.2 105.9 103.2 100.9 97.5 93.8 92.7 91.9 90.7 87.7 86.8 88.5 97 104.1 108.8 111.1 113 112.8 111.2 111.2 109.6 107.1 104.1 98.8 90.6 90.2 96 89.7 79.6 64.1 46.1 51.8 59.5 64.5 64.9 63.6 61.4 62.7 64.7 64.4 63.9 62.9 57.2 48.1 31
55 51.2 42.4 39 26.1 9.5 9.6 9.3 8.9 17.2 34.1 46.6 53.7 64.1 74.1 77.3 77 75.7 72.5 63.8 50.7 36.8 33.6 56.5 67.4 70.7 68.6 67.8 67.9 70.3 72.3 77.1 83.9 90.2 94.4 99.3 103.6 107.4 109.7 110.8 108 104.9 102.9 99.8 97.9 98.6 100.4 101.2 101.9 104.9 108.8 115 119.9 121.2 120.8 120.8 116.7 113.6 112.1 110.7 105.9 100.9 96.1 82.5 79.1 81.7 73.7 65.3 50.8 50.3 59.9 69.6 79.3 81 79.1 78.7 80.3 79.5 73.6 69.1 64.5 52.5 40.5 24.4
39.5 32.1 27.5 23.5 19.8 9.7 9.4 9 10.9 30.4 50.6 63.6 76.9 83.2 86.3 88.5 87.3 84.6 79.1 74.3 61.4 46.7 36.9 48.2 56.9 55 54.9 59.5 64.7 70 74.8 79.7 86.3 92.7 97.1 101.4 105.8 109.9 111.4 113.1 113.8 111.6 109.1 106.4 104 104.1 109.4 114.3 118.7 120.6 121.8 125.7 125.9 124.7 123.1 120.9 117.5 113.6 110.5 107.9 103 97.6 82.4 67.4 64.3 60.9 58.1 53.8 60 65.8 76 85.3 94 95.6 96.6 95.9 95 90.3 82.3 71.8 62.5 43.8 31.9 23.9
45 33.2 27.5 11.5 9.5 8 7.9 7.9 22.8 50.4 62.5 79.1 86.5 91.3 93.5 93.9 92.6 89 84 79.1 72.7 59.7 44.3 40.8 44.7 48.9 55.9 66.4 71.4 74.6 79.4 83.7 89.3 94.8 99.8 105.5 110.2 114.1 115.5 117 117.6 116.9 115.9 113.3 110.8 110.4 116.5 120.4 122 122.2 124.1 125.7 124.5 122.7 120.4 118.1 113.8 109.9 107.6 104.9 100 88.2 70.2 63.2 67.8 72 72.2 75 81.9 87.8 93.6 98.3 100.7 100.5 100.8 98.7 96.7 89.1 83 66.9 47.9 36.8 31 27.6
59.2 41.3 17.6 8.5 7.9 7.9 8 16.6 42.1 58.6 72.2 85 91.7 96.3 97.6 96.2 95.4 91.4 88.1 84.6 81.5 75.9 67.2 61.2 61.3 60 57.7 68.6 74.6 79.8 84.1 88 96.3 101.7 106.6 112 115.4 118.7 120.3 122 121.9 122.4 122.7 121.9 119.6 118.4 119 121.9 123.4 123.5 123.2 122.8 122.3 119.4 117.2 113.9 109.3 105.3 103.7 100.9 95 79.4 66.6 75.2 85.2 91.4 95 97.1 99.1 101.5 105.2 103.9 104 103.6 102.8 100.1 93.8 85.5 77.8 56.7 43.9 36.7 34.7 36.6
