webserver/python/data/SX78.asc
ncols 200
nrows 200
xllcorner 270000
yllcorner 80000
cellsize 50
[rows 70 to 104 of 200, columns 78 to 155 of 200]
174.7 174.3 173.2 169.5 168.2 171.7 174.7 177.7 181.8 185.7 189.4 189.1 190.9 193.1 196.1 199.4 202 204.4 207.4 209.7 212.8 215.5 218.9 220.1 219.7 218.2 215.6 213.2 209.5 200.4 190 189.5 202.1 216.5 221.8 220.1 217.3 218.5 225 227.3 232.6 226.9 215.4 228.9 236.9 241.6 247.6 252.6 258.2 262.7 266.4 268.5 274.7 282.7 289.6 292.7 293.9 290.3 285 275.6 273.9 279.4 282 285.9 293.3 302.9 308.7 310.9 309.5 303.6 300.3 297.2 284.8 264.5 252.4 257.3 266.6 275.5
177.7 176.5 174.3 170.6 168.5 170.3 172.4 175.4 180.3 185.8 187.7 189 191.1 193.5 197.7 202.2 205 208.3 210.6 212 214.5 216.1 215.9 217 218.2 217 216 215.6 213.9 208.3 199.6 186.9 193.8 210.6 219 214.1 206.5 213.5 217.5 222.9 226.1 221.4 212.4 225.6 232 235.8 241.4 247.7 254.4 259.8 262.4 262.8 269.6 278.1 284.5 288.2 288.1 284.6 280 270.3 269.7 271.9 276.1 280.2 287.7 296.2 302.1 305.5 307 309.1 306.6 301.1 292.7 276.4 258 254.9 260.2 268.2
178.1 176.4 174.6 170.7 170.9 172.3 173.8 174.4 177 181 185.4 185.7 189.8 193.1 198.3 203.5 208.6 211.5 214.3 216.2 217.2 217.2 214.8 213.7 212.4 212.8 211.3 211.1 210.2 206.6 204.5 193.8 186.7 203.4 211 208.5 197.5 204.3 214.1 217.6 219.3 213.9 207.6 220.4 224.4 228 234.3 246.9 254.5 258 257.6 256.3 262 271.4 279.6 283.7 283 278.1 269.7 265.9 266.2 267.3 270.8 275.6 281.4 288.9 295.3 305 311.4 310.7 307.3 300.6 293.3 277.8 261.6 257.3 257.8 265.6
178.2 174.7 172.5 172.4 173.5 175 176.5 177 176.4 178.2 178.7 181.2 190 196.7 199.7 204.2 209.6 213.7 215.6 216.7 217 215.4 212.3 208.9 208.3 206.8 205.9 205.9 205.1 203 203.3 200.6 181.7 189.9 202.6 202.1 192.4 199.8 205.6 209.1 210.3 208.1 204.5 209.4 216 219.5 231.5 246.7 254.2 254.2 251.6 244.4 252 264.6 273.5 278.1 277 270.4 263 263.4 265.2 265.4 267 270.9 276.3 286.4 299.2 309.1 312.6 309.6 305.9 299 287.7 273.1 263.1 264.9 263.3 265.4
176.8 173.8 174.2 175.3 176.5 176.9 179 180.2 182.6 183.3 185.7 188.1 187 192.5 198.4 204 210.8 213.9 216.3 216.1 215 212.4 208.4 205.2 203.8 202.3 201.3 200.4 200.1 199.8 198.8 198.4 182.5 180.4 187.8 188.9 183.7 186 194.8 194.5 193.6 197.3 201.5 206.3 213.4 221.6 233.5 244.2 250.9 250.1 240.1 233 238 252.1 267.2 271.8 269.1 262.8 260.9 262.8 266.6 268.3 268.9 270 272.4 282.6 297.8 306.9 308.7 306.6 302.8 295.7 285.3 274.3 268.2 271.6 268.4 266.2
176 177.6 180.1 179.3 180.4 182 185.8 184 189.9 191.8 194 198.5 194.1 193.3 196.3 204.2 211.6 215.7 215.4 214.7 211.6 208.8 205.5 201.8 200 198.8 196.7 195.1 195.4 192.5 190.8 188.9 192.1 187.2 179.3 177.5 177.2 178.7 182 187.1 199.9 211.5 213.9 216.9 221.8 225.2 232.4 240.4 245.4 245.1 236.7 226.3 227.6 244.5 261 266.4 262.3 259.7 261.5 265.3 270.7 273.8 275.2 273.6 273.3 279.1 291.5 301.6 305.1 303.8 299.3 293.5 287.9 284.4 277.5 276.1 269.5 267.1
186.8 191 190.2 188.5 189.9 190.1 195.1 194.8 197.7 204.8 205.4 206.8 203.6 199.9 203.1 205.1 211.8 215.7 215.5 213.1 209.2 205.9 203.1 200.9 199.6 197.9 196.1 195.2 195.5 196.8 194.8 199.4 203.5 203.3 196.1 181.7 175.4 175.4 176.1 187 204.8 217.6 220 222.6 223.2 224.9 229 234.7 239.1 238.7 230.8 221.8 221.3 235 253.6 260.1 257.3 259.8 263.5 267.8 273.6 280.4 283.9 284.6 279.7 280.5 292.6 298 302 301.2 297.1 292.6 291.6 288.4 282.7 278.3 270.9 267.9
191.5 202.9 204 204.2 198.6 201 204.8 203.3 206.8 212.3 212.9 213.9 213.9 212.8 215 214.6 215.9 217.5 216.4 213 209.4 204.8 202.9 201.1 200.1 199.7 199.2 198.8 199.3 200.5 202.3 206.5 207.8 208 204.9 197.3 187.1 174.2 173.3 178.5 193.7 207.5 215.3 219.2 219 219.9 224.4 226.6 231.4 231.5 222.6 214.6 216.2 227.9 243.2 252 254.5 260.1 265.5 271.6 278.8 286.3 292.3 298.6 294 285.4 295.1 303 304.7 303 299.9 295.7 293.7 289.3 282.3 277.3 271 269.4
196.2 204.6 213.1 213.1 205.8 211.9 212.4 211 212.1 215.5 216.2 216.8 216.9 216.7 217.2 217.2 217.6 217.7 217.2 214.6 210.9 207.5 204.5 202.8 203 202.7 203.2 200.3 200.5 201.3 204.3 206.6 207.2 207 205.7 202.5 198.5 184.6 172.1 173.3 180.4 194.6 208.4 211.7 212.1 213.8 218.1 219.7 222.8 223.1 213.6 207.5 213.9 223.2 234.1 244.5 252.1 262.3 272.6 280.7 288.5 295.6 306 315.3 309.3 294.8 295.7 307.8 311.1 311.4 307.5 302 295.4 288.4 280.7 274.8 272.2 271.2
204.2 210.3 217.8 218.5 215.7 217.2 216.2 217.5 216.8 216.6 216.4 216.4 217 216.2 217.2 217.9 217.8 217.6 217 215.4 214.1 210 207.2 206.5 205.9 204.5 202.4 201.7 199.7 199.4 201.8 203.9 204.4 203.5 202.3 200.8 198.4 183.4 171.5 172.2 173.6 182.7 199 201 203.1 207.8 212.6 213.7 215.1 208.3 200.1 206.9 215.5 225.5 234.8 245.2 258.2 274.7 285.7 295.1 303.3 311.1 321.7 326.5 320.3 308 301.1 310.4 315.6 316.2 311.9 305.6 296.5 285.5 278.8 274.9 274.3 273.2
216.7 222 225.1 223.5 221.1 220.3 217.5 218.2 215.6 214.4 212.9 211.8 211.8 211.4 213.7 214 214.1 214.8 215.5 213.6 212.8 210.4 209.1 207.4 208 206.8 203.1 200.9 197.2 194.4 197.5 201.1 202.1 200.8 196.5 194.8 192.9 189.6 172.7 171.5 171 175.1 183.4 186.4 191.8 203.4 209.1 207.4 204 196 199.7 210.4 221.2 231.3 240.6 251.3 269.7 286 296.4 306.5 316.3 323.2 328.5 331.5 328.1 318.5 309.6 310.3 317.7 317.6 314 306.2 296.9 285.6 280.3 278.4 277 274.8
225.4 227.7 226.6 224.9 222.8 221.6 218.6 214.4 210 208.5 207.3 205 205.2 206.1 207.1 207.9 210 212.7 211.8 212 211.2 207.1 206.9 206.3 206.5 204.2 199.7 198.2 195 190.8 191.9 196.2 198 196.5 192.6 189.9 189.4 191.1 181.4 170.6 169.8 169.6 172.6 178.9 191.5 201.3 206.6 201.8 195 194.4 203.8 216.6 227.8 237.8 247.2 262.3 280.1 292.7 304.6 315.2 324.9 328.6 329.1 330.8 328.6 324 316.6 310.2 315.7 317 314.8 309.6 300.6 293.2 286 282 279.1 276.9
228.2 228.3 227.3 225.3 223.2 221.5 217.3 212.4 204.1 202.2 203.1 201.3 199.4 198.9 199.7 201.6 204.8 207.3 206.6 205.3 204.7 202.8 202 200.8 200.9 199.5 196.6 195.3 193.5 189.8 186.4 189.8 192.5 191.9 189.2 185.1 184.5 188.3 187.5 181.2 169.4 168.8 168.9 177.9 190.1 197.8 204.4 196.5 191.2 196.9 208.2 219.4 231.5 244.3 254 269.5 283.8 296.9 309.2 319.1 327 327.2 326.5 326.3 326.3 324.2 319.6 312.6 313.8 316.7 315.8 312.5 307.1 301.5 295.6 290.1 285.3 279.9
226.7 226.1 225 222.7 220.7 218.8 215.9 211.6 205.8 197.7 201.6 199.1 195.6 192.4 194.3 199.7 201.1 201.3 199.9 198.2 198 197.6 194.9 194.4 193.8 193.8 193.2 192 189 187.3 185.3 184.7 186 186.9 185.3 180.5 179.5 182.8 185.1 186.3 177.6 168.7 168.7 176.6 187.9 198.5 202.4 193.3 188.5 198.1 210.6 223.5 236.7 249.3 260.4 272.3 284.8 296.9 308 315.9 320.8 320.7 320 319.9 321.9 323 320.7 316.1 313.9 315.8 316.1 313.9 311.8 309.7 306.7 303.6 295.4 286.7
225.3 224.2 221.3 218.8 216.1 212.7 210.9 207.7 203.3 199.1 195.6 195.4 191.6 187.4 192.2 195 197.1 195 193 190.5 192.7 192.9 189.8 189.2 188.6 189 187.6 186.1 185 183.5 182.1 177.6 180.4 179.8 178.8 176.2 173.8 176.3 178.7 179.4 176.1 168.1 169.2 176.5 191.7 200.6 202.2 191.8 188.7 195.4 211.3 225.9 241.4 253.7 263.8 273.8 284 293.8 302.1 307.2 310.5 312.1 312.9 315.8 319.4 321.4 321.6 318.9 316 315.6 316.2 316.3 317 317 317.4 316.3 309.8 297.6
223.4 221.1 216.4 209.5 203.3 202.4 201.6 199 194.2 190.9 186.6 183.3 184.4 184.3 186.8 189.2 190 188.1 185.7 184.7 186.6 186 187.7 186.4 183.7 184.5 183.7 182 181.7 180.3 179 175.4 174.6 175.4 171.7 172.1 171.2 170.5 169.4 168 167.6 167.3 169.2 176.2 191.5 199.5 204.7 193.7 184.9 190.5 207.2 223.6 239.6 255 264.6 272.7 281 287.5 293.2 297.2 300.4 302.8 305.5 312.7 317.7 320.6 321 320.4 317.7 317.1 317.9 320.2 321 322.9 325.8 326.9 321.9 309.2
216.9 211.5 206.2 210.7 212.8 205.9 197.4 197.6 197.5 195.7 192.2 186.4 181.5 181.4 182.1 183.5 184.1 181.5 180.4 179.3 182.6 183.3 184.2 184.4 178.8 180.6 180.4 176.7 177.9 176.9 175.3 174.5 172 170.6 170.6 170.3 170.3 170.7 169.3 168.3 168 166.6 165.1 174.8 188.4 195.5 203.3 201.4 181 184.1 198.2 213.7 233.2 251 262.8 268.5 275.9 279.8 283.2 287.7 290.8 295.7 302.7 310.9 316.4 319 320.6 320.9 319.7 318.6 319.5 324.1 325.6 328 331.1 335.8 329.9 318.3
213.6 213.6 217.3 220.7 218.3 212.9 206 204.1 201.1 196.4 191.8 186.5 181.9 181.5 180.6 179.6 179.5 177.9 176.9 176.5 176.7 177.4 177.4 177.2 175.1 175.9 174.6 172.9 173 172.3 171.8 171.2 170.6 170.2 169.6 169.8 172.9 178.6 173.4 170 171.9 170.9 166.1 166.7 178.8 185.8 195 199.1 179.5 179.8 189.7 205.7 224.8 243.5 257.8 262.7 267.7 271 274.2 278 283.8 293 303.4 310.9 314.5 317.9 320.4 322.9 324.6 325.4 324.6 327.3 328 330.1 333.2 336.7 334.1 327.7
220.1 222.1 222.6 221.2 217.8 213.7 205.9 199 192.5 189.4 186.7 185 184.9 182.9 182.2 181.6 179.8 178.3 177.5 176.9 176.2 176.4 175.6 175.4 174.2 172.3 172.5 172.9 174.5 175 174.2 173.9 173.7 172.6 173.5 172.4 177.8 184.5 183.1 180.7 179.2 176.4 170.4 164.9 167.2 172.1 178.7 185.8 172.1 174 184.7 198 213.6 233.5 246.7 252.9 258 261.5 265.6 270.3 280.7 292.4 302 308.4 312.6 316.5 320.3 324.1 326.2 327.8 328.2 326.8 327.6 331 335.2 341 340.1 334
222.3 224.3 222.7 220.6 216.5 211.3 205.7 200.6 195.6 189.3 188.3 188.6 191.2 189.8 189.2 188.7 186.1 180.2 178.4 177.5 177.3 177 176 175.9 176.3 176.8 175.8 174.1 177 182.9 183.7 184.5 180.2 180 179.4 175.7 183.5 186.9 184.9 181.3 178.1 176.1 171.9 166.1 164.4 164.1 167.9 170 168.4 168.8 177.7 190.5 204.4 218.5 232.9 240.4 247.2 252.6 256.9 266.8 278.8 290.6 300.1 307 310.3 314.1 318.8 322.3 326 328.4 327.6 324.6 326 329.6 335.9 340.7 340.8 335.9
223.6 225.2 222.6 220 215.9 215.5 210.7 205.3 203.5 191.7 197 201.9 200.4 197.6 195.3 192.5 187.4 182.2 179.3 181.3 184.1 183.6 181.6 180.6 180.9 180.4 178.9 176.1 177.8 184.7 187.7 187.3 184.7 184.3 182.6 177.3 184.8 186.5 184 180 176 173.3 171.5 169.1 164.7 163.8 163.4 165.3 164.8 165.5 172.2 179 190.2 204.4 217.3 227.2 236.1 244.7 251.2 261.9 274.5 286.8 296.2 302.3 305.9 311.5 316.6 320.5 323.8 325.9 324.7 321 321.7 326.2 332.9 338.7 339.8 337.4
228.2 226.7 224 221.2 220 217.3 213.5 209.2 198 197.5 206.8 207.5 205.8 201.6 197.4 193.7 185.9 182.3 182.3 187.8 190.3 190.3 187.7 184.3 183.3 181.6 180.4 175.6 176.3 181.4 186.2 187.1 186.8 185.5 182.7 179.1 184.7 186.4 183.7 179 174.3 170.4 168.7 167.7 165.4 164.8 163.9 163.4 164.2 163.3 166.6 173.2 181.2 191.1 202.9 214.6 225.3 234.2 244.1 256.1 268.6 280.1 289.1 295.1 301.7 308.2 313.9 318.1 320.9 321.9 321.2 316.9 316.8 321.9 328.8 336 338.5 337.9
231.7 228.2 225.1 221.9 219.8 217.2 211 201.1 202.4 209 213.3 212 208 201.1 194.7 190.5 186.7 184.4 193.2 195.7 195.5 193.1 188.4 183.5 181.6 179.4 177.8 176.9 177.1 179.3 184 186.9 187.1 185.8 182.9 181.8 183.8 185.8 184.4 179.2 173.3 170 167.6 166.1 168.2 169.8 169.4 171.4 163.9 162.4 162.9 167.6 173.7 181.2 191.7 201.7 212.4 226.3 237.1 248 261.1 271.9 280.5 288.1 297.2 305.5 311.7 315.4 317.1 317.3 316.9 312.4 311.1 316.6 324 332.3 337.4 338.6
233.9 229.2 225.8 222.6 217.9 211.3 207.1 212.3 213.1 216.1 217.5 214.6 210.4 205.3 200.3 193.2 188.1 189.9 200.5 200.9 197.3 193.1 187.1 183.1 180.9 178.7 177.9 178 178.1 179.2 182.4 186.8 188.6 187.2 185.8 185.8 185.7 186.1 185.1 181.4 176.6 174.5 171.6 167.1 173.4 180.8 183.4 184 176.4 165.5 161.5 164.4 168.6 174.9 180.3 188.4 201.3 215.7 228 237.6 249 259.7 272.4 283.9 295.6 303.9 308.5 311.5 312.2 312.5 312 305.4 303.8 309.2 317.8 327 333.3 339.2
234.4 227.1 224.5 222.1 212.6 212.4 219.3 224 222.8 222.3 221.5 217.2 211.8 207.5 200.9 193 188.2 201.4 206.8 201.8 193.9 189.1 189 189.7 188.3 186.2 184.2 181.8 179.4 180.7 188.3 190 192.3 191.7 190.4 189.8 188.5 187.1 185.9 183.4 181.4 179.4 174.4 167.3 168.9 179.2 183.4 185.1 179.7 168.6 161.1 161.2 163.1 167.8 170.8 178.3 191.7 204.2 216 227.4 237 250.1 266.7 282.2 294.7 301.9 305 306.8 305.7 305.2 303.8 296.7 293.1 301.2 311 320.2 330.2 338.3
233.2 224.9 221.3 215 216.6 223.4 226.4 227.7 226.8 225.9 223.5 218.6 212.2 207.3 196.7 190.9 196.6 210.6 208.9 199.4 197.5 195.4 197.3 201.3 199.1 195.1 190.2 184.7 182 181.6 192 196.7 198.7 197.2 195 192.9 190.5 188.1 185.3 182 179 176.6 173.2 167.7 167.3 173.4 178.7 182.4 181.9 174.7 165.7 163 161.2 159.9 161.7 168.7 181.4 190.7 199.3 210.9 220.2 237.4 259.3 278 291.4 297.7 300.6 300 298.7 296.8 291.9 286 288.9 294.1 304.1 315.4 327.4 335.7
232.6 227 223.3 217.7 220.6 226.1 229.4 230.2 228.9 226.2 222.1 215.5 209.2 203.8 197.1 197.1 207.9 217 212.6 202.8 206.5 202.7 206.4 211 209.1 203.3 192.2 190.1 189.8 187.3 193.6 200.6 202.5 199.8 195.4 191.6 187.7 183.4 181.2 177.6 174.8 172.8 171.1 167.3 168.4 171.1 175.8 180.4 183.4 186.8 182.7 183 176.9 162.3 158.2 161.4 170.7 177.8 187 196.1 209.5 225.3 248.6 270 286.3 292.5 295.2 293.3 289.5 285.4 279.2 278.4 282.5 288.6 299.4 311.6 324.6 335.2
236.6 230.4 225.7 222.4 223.6 228.3 232 231.7 230.4 226.8 220 212 206.2 209.1 201.8 202.5 214.1 222 217.5 208.3 211.2 211.3 216.1 216.7 212.1 203.2 200.3 202.2 197.1 192.5 202.5 204.8 204.6 200.5 194.3 185.8 180.7 177.8 175.4 173.4 170.8 171.7 171.7 171.2 171 172.2 175.8 179.7 184 189.2 193.9 192.3 185.4 172.9 160.7 159.6 163.1 169.4 178 188 200.2 216.8 238.4 259.7 276.2 286.6 289.1 286.1 278.8 272.8 270.1 275.8 278.4 285.6 296.8 310.2 324.3 335.6
240.4 233.8 228.1 226.3 226.6 230.7 233.1 232.6 230.2 226.1 219.7 211.1 217 216.3 206.2 204 216.7 225.3 221.8 212.6 215.6 220.3 223.3 221.3 214 207.9 212.4 211.4 204 197.5 209.3 208.6 206.2 201.6 193.1 182.4 181 182.6 186.3 184.7 178.4 174.9 175.6 175.8 174.9 174.7 177 180.3 184 190.3 196.5 196.1 189.8 176.2 161.7 157.2 158.8 164.1 171.9 181.3 193.3 208.2 226.6 248.5 266.9 277 278.9 276.2 265.7 262.1 262.7 268.5 276.3 285.4 297.4 312 327.6 336.9
243 238.1 235 232.2 231.7 233.6 233.5 232.9 228 220 216 220.7 223.1 220 211.3 208.8 217.7 226 225.6 215.2 223.9 225.9 230.1 227.7 221.5 216.9 217.6 214.1 202.6 205.6 211.6 209.1 205.3 198.6 188.6 191.8 194.5 197.3 196.2 188.4 181.9 181.6 184.2 183.2 179.5 177.4 182.2 186.8 190.7 194 198.9 200.6 193.9 179.4 163.1 158.5 156.9 159.6 166.2 176.3 185.3 198.4 216.6 234.2 249.6 262.1 265.2 265 254.4 251.8 257.2 265.4 275.8 287.5 302.9 319.2 331.5 337.5
246 243.2 241.1 239.8 239.9 239 236.2 230.3 225.9 220.2 219.6 226.2 225.6 219.2 213.7 212.6 221.6 229.7 231.1 222.5 228.2 233.4 234.8 232.2 228.1 224.3 219.8 211.6 213.2 212.3 210.7 206.9 199.1 192.2 197.3 203.7 209.1 209.6 202.5 196.2 189 190.4 192.7 188.4 182.7 181.9 183.9 190.1 196.6 201.7 205.4 206.2 199.6 184.7 167.3 161.4 157.2 156.8 161.2 168.5 179.6 190.3 203.2 214.5 230.3 244.4 251.3 252.5 241.8 243.8 253.7 266.9 278.3 291.8 307.9 323.8 332.7 335.8
248.1 246.2 244.6 243.9 244.8 244.3 240 234.7 226.5 223 226.9 229.2 225.3 218.7 220.9 215.7 222.8 228.1 231.5 228.8 231.3 236.2 237.7 234.8 231.2 225.6 218.1 214.8 217.6 213.4 205 199.8 197.3 197.4 199.6 205.1 214 215.7 211.8 205.4 199.5 200.3 199.9 193.8 188.3 187.8 190.4 194.1 202 206.8 208.3 210.1 209.1 198.4 175.4 163.6 157.6 155.9 156.7 162.6 172.6 183.2 190 200.2 210.5 223 232.6 234.2 232.6 238.4 254.1 267.6 279.8 295.5 310.7 321.7 329.3 329.8
248.4 247.5 247.9 248 248.3 248.1 243.8 234.6 228.2 227.6 230.4 229.2 225.4 221.2 226.6 221.7 223.5 230.1 233.3 233.1 233.8 238.6 238.9 237.4 232.7 225.6 219.6 222.8 219.6 214 204.5 204.2 205.1 205.2 207.7 212.9 219.2 219.1 217.8 214.1 209.7 209.7 207.2 203.9 199.8 196.7 198.3 202 205.3 206.8 208.4 210.1 212.6 208.9 189.4 167.3 158.7 155.8 156.3 156.4 165.1 174.4 180 185.2 194.3 202.9 210.2 216.7 223 239.8 254.5 264.8 276.3 292.4 307.3 315.4 319.1 322.3
248.2 248.7 249.3 250.1 250.6 248.2 242.2 234.5 230 233.9 233.3 231.8 227.6 228 230.5 224.6 226.8 233.8 235.4 236.5 238.2 239.6 239.6 237.2 232.4 229.4 229.7 227.4 223.1 215 216.1 217.3 220 222 221.1 220.9 220.8 219.5 214.4 211.7 211.4 209.5 208.5 207.7 206.6 205.5 204.4 205.5 206.3 205.7 205.8 207.2 209 208.7 200.2 175.6 161.6 157.6 155.8 155.3 157 165 170.6 174.4 178.3 182.4 184.6 203.4 226.6 241.6 251.7 261.7 273.8 286.3 298.8 305.6 310.5 316
248.5 250.1 250.7 251.5 250.5 248.2 240 236 235.3 237.6 235.7 233.3 231.5 232.9 233.2 228 229.9 234.7 237.1 238.7 239.7 240.5 240.4 238.8 236.7 236.6 233.1 229 221.4 224.9 225.9 229.4 231.1 230 227.6 224.3 219.9 214.2 208 203.7 204.7 205.1 204.8 203.5 202.6 202.8 202.2 202.9 202.1 200.2 198.7 199.8 202.1 201.4 197.5 183.4 164.2 156.9 155.3 154.8 154.6 155.3 160 163.1 165.2 165.5 181.2 199.7 220.9 237.7 248.3 256.4 265.5 276.3 286.8 294.9 304.7 314.7
