webserver/python/data/SX84.asc
ncols 200
nrows 200
xllcorner 280000
yllcorner 40000
cellsize 50
[rows 114 to 151 of 200, columns 0 to 85 of 200]
95.3 99.6 102.8 103.5 103.2 100.1 95.8 90.3 85.2 84.1 82.5 81.7 82 78.7 74.2 69.1 64.3 57.4 50.8 43.1 36.7 29.2 21.5 11.4 14 23.8 32.8 37 39.3 40 38.7 35.7 31.7 26.8 20 11 3.5 3.4 3.1 3.1 3.1 3.9 22.8 34.5 38 37.7 38.9 39.2 38.7 36.1 31.2 25.4 19.3 12.4 5.1 2.6 3.3 5.7 3.2 -1.4 -1.4 -1.4 -1.4 -1.4 -1.4 -1.4 -1.4 -1.4 -1.4 -1.4 -1.4 -1.4 -1.4 -1.4 -1.4 -1.4 -1.4 -1.4 -1.4 -1.4 -1.4 -1.4 -1.4 -1.4 -1.4 -1.4
103.9 105.5 106.7 106 104.2 100.7 97.5 93.8 93.4 92 88.9 84 79.7 75.4 71.6 64.9 58.5 51.7 42.7 31.7 23.7 16.8 16 19.5 30.3 39.6 44 44.9 45.2 43.7 40.2 36.5 33.1 28.5 23.3 17.9 10.7 3 3.1 3.1 3.3 3.8 16.2 25 31.7 36.5 38.4 38.6 37.4 32.3 25.6 18.1 11.6 5.2 2.5 2.6 4 5.6 0.9 -1.4 -1.4 -1.4 -1.4 -1.4 -1.4 -1.4 -1.4 -1.4 -1.4 -1.4 -1.4 -1.4 -1.4 -1.4 -1.4 -1.4 -1.4 -1.4 -1.4 -1.4 -1.4 -1.4 -1.4 -1.4 -1.4 -1.4
107.7 108.9 108 106.8 105.1 102.9 100.5 98.2 95 90.9 85.7 80.6 75.2 70.2 65.2 58.6 51.5 40.4 29.6 22.4 24.5 30.4 32.9 35.7 41.4 47.1 46.3 44.6 41.9 38.5 35.9 32.4 28.7 27 23.2 19.3 13.6 6.3 3.3 3.1 2.9 2.6 2.5 15.2 21.6 25.1 27.8 30.9 28.8 23.9 15.7 3.7 2.5 2.5 2.6 2.6 5.4 5.4 -1.4 -1.4 -1.4 -1.4 -1.4 -1.4 -1.4 -1.4 -1.4 -1.4 -1.4 -1.4 -1.4 -1.4 -1.4 -1.4 -1.4 -1.4 -1.4 -1.4 -1.4 -1.4 -1.4 -1.4 -1.4 -1.4 -1.4 -1.4
109.3 109.3 108.7 107.3 105.8 104.2 101.9 97.3 92.5 87.5 80.7 75.4 69.6 63.3 56.8 49.5 40.7 31.7 28.3 36.4 41.1 43.6 45.6 46.1 46.3 44.4 41.4 38.1 34.7 31 28.5 26.6 24.4 22.2 19.8 17.5 13.8 8.7 3.6 3 2.7 2.5 2.5 2.5 5.3 10 13.3 14.5 14.8 8.7 2.5 2.5 2.5 2.6 2.6 2.6 5.8 2 -1.4 -1.4 -1.4 -1.4 -1.4 -1.4 -1.4 -1.4 -1.4 -1.4 -1.4 -1.4 -1.4 -1.4 -1.4 -1.4 -1.4 -1.4 -1.4 -1.4 -1.4 -1.4 -1.4 -1.4 -1.4 -1.4 -1.4 -1.4
109.9 109.9 109.3 108.1 106.8 103.8 98.7 93.5 86.7 81.9 76 69.5 62.3 55.3 46.4 37.9 30.8 34.2 41.6 47.3 50.9 53.3 53.3 51.4 45 39 34.4 31 27.3 24.2 21.7 20 19.3 18.5 17.1 14.7 11.3 7.8 3.9 2.9 2.7 2.5 2.5 2.5 2.5 2.5 2.5 2.5 2.5 2.5 2.5 2.5 2.6 2.6 2.6 3.7 5.9 0.4 -1.4 -1.4 -1.4 -1.4 -1.4 -1.4 -1.4 -1.4 -1.4 -1.4 -1.4 -1.4 -1.4 -1.4 -1.4 -1.4 -1.4 -1.4 -1.4 -1.4 -1.4 -1.4 -1.4 -1.4 -1.4 -1.4 -1.4 -1.4
109.3 108.4 108.4 106.4 103.1 98.9 93 87.2 81.5 74.8 67.5 60.3 53.1 44.4 38.7 41.2 44.8 49.2 54.7 59.4 61.3 61.5 58.6 53.1 44.7 38.3 30.9 26.2 21.6 17.8 14.2 11.6 11.8 12.6 10.5 7.8 5.7 4.1 3.1 3 2.8 2.6 2.5 2.5 2.5 2.5 2.5 2.5 2.5 2.5 2.5 2.6 2.6 2.6 2.6 5.1 5.2 -1.4 -1.4 -1.4 -1.4 -1.4 -1.4 -1.4 -1.4 -1.4 -1.4 -1.4 -1.4 -1.4 -1.4 -1.4 -1.4 -1.4 -1.4 -1.4 -1.4 -1.4 -1.4 -1.4 -1.4 -1.4 -1.4 -1.4 -1.4 -1.4
107.7 106.4 104.7 102.1 98.3 93.5 87.2 80.7 72.3 66.5 53.3 49.5 46.6 48.2 52.2 55.6 60.4 63.9 68.8 71.7 72.1 69.7 64.6 59.7 52.7 47.3 41.5 34.8 29.7 25 20.3 13.7 8.9 5.1 4.7 4.3 3.9 3.8 3.7 3 3.2 3.1 2.8 2.7 2.5 2.5 2.5 2.5 2.5 2.5 2.6 2.6 2.6 2.6 2.6 5.5 3.5 -1.4 -1.4 -1.4 -1.4 -1.4 -1.4 -1.4 -1.4 -1.4 -1.4 -1.4 -1.4 -1.4 -1.4 -1.4 -1.4 -1.4 -1.4 -1.4 -1.4 -1.4 -1.4 -1.4 -1.4 -1.4 -1.4 -1.4 -1.4 -1.4
105.9 103.5 101.8 97.8 93.3 88.8 82.9 74.7 65.8 57.8 57.6 60 61.3 63.9 68.3 72.6 76.2 78 79 80 79.4 77.3 73.5 69.2 64 58.4 51.4 44.9 38 29 19.9 10.9 8.3 9.9 13 12.6 10.2 6.6 4.3 4.2 4.9 6.1 5.8 3.7 2.5 2.5 2.5 2.5 2.5 2.5 2.6 2.6 2.6 2.6 4.5 5.5 2.2 -1.4 -1.4 -1.4 -1.4 -1.4 -1.4 -1.4 -1.4 -1.4 -1.4 -1.4 -1.4 -1.4 -1.4 -1.4 -1.4 -1.4 -1.4 -1.4 -1.4 -1.4 -1.4 -1.4 -1.4 -1.4 -1.4 -1.4 -1.4 -1.4
105.4 103.1 100.3 95.6 90.3 85 78.6 70.3 63.8 63.9 68.1 72.2 76.1 79.4 83.9 87.4 89 89.4 87.8 88.1 87.5 85.2 80.5 76.5 71 64.7 56.7 47 37.8 27.3 12.9 14.7 21.7 23.9 25.9 25 23.7 21.6 18 15.7 12.8 12 11.4 8.7 3 2.5 2.5 2.5 2.5 2.5 2.6 2.6 2.6 2.6 5.3 4.7 -1.4 -1.4 -1.4 -1.4 -1.4 -1.4 -1.4 -1.4 -1.4 -1.4 -1.4 -1.4 -1.4 -1.4 -1.4 -1.4 -1.4 -1.4 -1.4 -1.4 -1.4 -1.4 -1.4 -1.4 -1.4 -1.4 -1.4 -1.4 -1.4 -1.4
105.5 103.5 98.6 93.3 88.1 81.3 75.6 70.1 71.3 73.8 79.8 84.2 87.9 91.4 94.9 97.9 98.7 97.3 95.8 94.2 93.1 89.1 84.5 78.7 72.7 64.5 53.7 44.2 34.4 22.6 16.1 23.2 29.2 34.4 39.8 41.2 40.4 37.9 34.2 29.1 24.3 20.8 18.3 14 10.9 9.1 7.5 2.5 2.5 2.5 2.6 2.6 2.6 3.4 4.4 3.3 -1.4 -1.4 -1.4 -1.4 -1.4 -1.4 -1.4 -1.4 -1.4 -1.4 -1.4 -1.4 -1.4 -1.4 -1.4 -1.4 -1.4 -1.4 -1.4 -1.4 -1.4 -1.4 -1.4 -1.4 -1.4 -1.4 -1.4 -1.4 -1.4 -1.4
105.6 102.5 97.4 91.4 86.2 83.2 81.2 77.6 82.6 86.1 90.3 94.8 98 101 102.9 104.6 103.5 101.9 100.3 98.6 94.1 90.2 84.9 78.2 67.9 55.7 47.8 38.8 26.8 19.9 24.5 30 38.9 48.3 54 55.6 54.6 52.6 49.2 44.7 39 34.1 28.3 22.6 18.8 17 14.5 8.9 2.5 2.5 2.6 2.6 2.6 3.9 5 2 -1.4 -1.4 -1.4 -1.4 -1.4 -1.4 -1.4 -1.4 -1.4 -1.4 -1.4 -1.4 -1.4 -1.4 -1.4 -1.4 -1.4 -1.4 -1.4 -1.4 -1.4 -1.4 -1.4 -1.4 -1.4 -1.4 -1.4 -1.4 -1.4 -1.4
105.9 103.5 99 95.5 91.5 91.1 90.4 91 93.1 97.7 99.9 101.9 103.7 106 107.6 107.1 104.8 102.5 100.8 97.5 92.7 86.4 79.5 70.4 57.3 47.4 40.5 30.9 26.1 28.2 35.3 47.7 57.2 62 66.2 67.1 65.7 63.6 60.9 56.6 51.8 47.3 40.2 32.7 27.7 27.6 23.2 11.6 4 2.5 2.6 2.6 2.6 4.4 4.8 -1.4 -1.4 -1.4 -1.4 -1.4 -1.4 -1.4 -1.4 -1.4 -1.4 -1.4 -1.4 -1.4 -1.4 -1.4 -1.4 -1.4 -1.4 -1.4 -1.4 -1.4 -1.4 -1.4 -1.4 -1.4 -1.4 -1.4 -1.4 -1.4 -1.4 -1.4
105.9 104.6 103.3 102.4 100 98.9 100.7 103.2 103.9 105.6 106.3 107.2 108 108.1 108.4 107.3 105.4 102.7 99.6 95.2 89.1 80.4 70.9 58.1 49 42.5 35.7 31.2 33.3 39.6 54.8 65.2 69.8 72.5 73.3 73.2 73 72.1 69 65.6 61.5 55.9 47.8 39.7 32.9 29 21.1 9.2 3.2 2.5 2.6 2.6 3.1 4 3.1 -1.4 -1.4 -1.4 -1.4 -1.4 -1.4 -1.4 -1.4 -1.4 -1.4 -1.4 -1.4 -1.4 -1.4 -1.4 -1.4 -1.4 -1.4 -1.4 -1.4 -1.4 -1.4 -1.4 -1.4 -1.4 -1.4 -1.4 -1.4 -1.4 -1.4 -1.4
106.6 106.3 106.7 106.6 105.8 105.6 106.3 107.1 108.3 108.2 109.1 108.4 108.5 108.8 108.1 106.7 104.6 101.6 98.6 93.2 85.3 74.4 61.8 52 46.8 42.5 40.9 42 49.6 59.1 72 77.2 78.1 78.6 79.2 79.3 78.5 76.8 74.2 70 64.9 58.7 50.3 40.9 32.7 23.9 14.9 6 2.5 2.5 2.6 2.6 3.3 4.9 1.7 -1.4 -1.4 -1.4 -1.4 -1.4 -1.4 -1.4 -1.4 -1.4 -1.4 -1.4 -1.4 -1.4 -1.4 -1.4 -1.4 -1.4 -1.4 -1.4 -1.4 -1.4 -1.4 -1.4 -1.4 -1.4 -1.4 -1.4 -1.4 -1.4 -1.4 -1.4
106.7 107 107.6 108.2 107.4 106.7 107 108.3 108.6 108.1 108.2 107.5 107.4 106.9 105.8 104.6 103.1 100.6 97.5 91.6 83.3 71.1 59.5 56.1 57.6 56.4 58.2 63.9 73.4 83.6 85 85 84.8 84.7 84.8 84.4 79.3 77.6 73.2 68.3 63.1 57.3 48.1 39.5 28.9 19.4 9.5 3.9 2.5 2.6 2.6 2.6 3.5 4.7 1.7 -1.4 -1.4 -1.4 -1.4 -1.4 -1.4 -1.4 -1.4 -1.4 -1.4 -1.4 -1.4 -1.4 -1.4 -1.4 -1.4 -1.4 -1.4 -1.4 -1.4 -1.4 -1.4 -1.4 -1.4 -1.4 -1.4 -1.4 -1.4 -1.4 -1.4 -1.4
106.9 107.9 108.8 108.6 108.2 107.6 107.2 108.1 107.9 107.2 106.4 105.7 105.5 104.6 103.4 102.3 101.1 99.2 96.9 92 85.4 76.3 71.9 70 71.7 76 79 82.3 86.4 89.5 91.6 91.6 90.7 89.4 86.1 84.2 79.4 76.4 71.5 67.7 63.4 56.9 50 41.5 29.7 15.2 6.4 2.5 2.5 2.6 2.6 2.6 3.6 4.3 -1.4 -1.4 -1.4 -1.4 -1.4 -1.4 -1.4 -1.4 -1.4 -1.4 -1.4 -1.4 -1.4 -1.4 -1.4 -1.4 -1.4 -1.4 -1.4 -1.4 -1.4 -1.4 -1.4 -1.4 -1.4 -1.4 -1.4 -1.4 -1.4 -1.4 -1.4 -1.4
106.8 108 109 109 108.6 108.1 107.8 106.8 105.9 105.1 104.3 103.7 103 102.2 101.1 100.5 100.5 98.6 95.9 92.8 88.4 85.4 83.7 82.5 83.1 83.8 85.9 89.4 92.2 93.9 93.6 94 92.7 89 84.9 82.1 78.5 76 73.3 70.1 66.4 60.9 53 41.1 26 12 2.8 2.5 2.5 2.6 2.6 2.6 4.4 2.7 -1.4 -1.4 -1.4 -1.4 -1.4 -1.4 -1.4 -1.4 -1.4 -1.4 -1.4 -1.4 -1.4 -1.4 -1.4 -1.4 -1.4 -1.4 -1.4 -1.4 -1.4 -1.4 -1.4 -1.4 -1.4 -1.4 -1.4 -1.4 -1.4 -1.4 -1.4 -1.4
105.8 107.1 107.4 107.3 107 106.3 105.4 104.8 103.8 103.1 102.3 101 100.2 100.3 100 100.2 100.3 98.2 96 94.6 93.2 91.6 89.9 90.7 90.6 90.8 91.8 93.5 93.7 93.3 92.1 90.4 88.4 85.8 82.9 79.9 77 74.2 72.2 69.2 64.6 58.3 50.3 37.7 20.2 8.5 2.5 2.5 2.6 2.6 2.6 2.6 4.7 1.8 -1.4 -1.4 -1.4 -1.4 -1.4 -1.4 -1.4 -1.4 -1.4 -1.4 -1.4 -1.4 -1.4 -1.4 -1.4 -1.4 -1.4 -1.4 -1.4 -1.4 -1.4 -1.4 -1.4 -1.4 -1.4 -1.4 -1.4 -1.4 -1.4 -1.4 -1.4 -1.4
105 105.2 105.4 104.8 104.2 103.8 102.9 102.5 101.8 100.6 99.3 97.9 97 97.7 99.1 99.7 99.3 97.8 96.8 96 94.6 94.2 93.6 93 93.3 94.1 93.3 92.3 91.9 90.2 88.5 87.1 85.3 82.8 80 76.7 73.7 70.3 66.4 62.1 57.8 52.2 45.4 31.8 17.2 6 2.5 2.5 2.6 2.6 2.6 3.4 4.9 -1.4 -1.4 -1.4 -1.4 -1.4 -1.4 -1.4 -1.4 -1.4 -1.4 -1.4 -1.4 -1.4 -1.4 -1.4 -1.4 -1.4 -1.4 -1.4 -1.4 -1.4 -1.4 -1.4 -1.4 -1.4 -1.4 -1.4 -1.4 -1.4 -1.4 -1.4 -1.4 -1.4
102.1 102.5 102.2 101.1 100.3 99.6 99.3 98.9 98.5 97.7 96 94.6 93.5 94.2 95.5 96 96.7 96.1 95.3 94.8 94.3 94 93.2 93 92.5 91.7 91 90.5 88.9 87.4 85.4 83.2 81.1 78.7 75.5 72 68.9 65.3 61.4 56.3 51.4 46 38.6 26.3 13.1 2.6 2.5 2.5 2.6 2.6 2.6 3.8 3.9 -1.4 -1.4 -1.4 -1.4 -1.4 -1.4 -1.4 -1.4 -1.4 -1.4 -1.4 -1.4 -1.4 -1.4 -1.4 -1.4 -1.4 -1.4 -1.4 -1.4 -1.4 -1.4 -1.4 -1.4 -1.4 -1.4 -1.4 -1.4 -1.4 -1.4 -1.4 -1.4 -1.4
99 98.6 98.8 97.5 96.6 96.1 96 95.8 95.1 93.5 91.8 90.5 89.4 90.2 91.5 92.1 92.6 92.8 92.4 92 91.2 90.8 90.5 89.9 88.9 87.6 86.5 85.9 85.2 83.7 81.1 79 76.8 73.6 70.5 67.1 63.7 60.2 56.2 50.6 45.2 39.9 33.2 20.9 9.8 2.5 2.5 2.6 2.6 2.6 2.6 4.4 3 -1.4 -1.4 -1.4 -1.4 -1.4 -1.4 -1.4 -1.4 -1.4 -1.4 -1.4 -1.4 -1.4 -1.4 -1.4 -1.4 -1.4 -1.4 -1.4 -1.4 -1.4 -1.4 -1.4 -1.4 -1.4 -1.4 -1.4 -1.4 -1.4 -1.4 -1.4 -1.4 -1.4
95.5 95.1 94.9 93.9 93.3 93 92.9 92.4 91.2 89.4 87.5 86.3 84.5 85.5 86.5 87.6 88.3 88.6 88.5 88 87 86.4 85.4 84.3 83.2 82.2 81.4 80.9 80.6 79 76.7 75.3 72.3 68.7 65.5 61.5 57.8 54.3 50.3 44.8 38.6 33.8 26.5 15.5 5 2.5 2.5 2.6 2.6 2.6 2.6 4.7 2.2 -1.4 -1.4 -1.4 -1.4 -1.4 -1.4 -1.4 -1.4 -1.4 -1.4 -1.4 -1.4 -1.4 -1.4 -1.4 -1.4 -1.4 -1.4 -1.4 -1.4 -1.4 -1.4 -1.4 -1.4 -1.4 -1.4 -1.4 -1.4 -1.4 -1.4 -1.4 -1.4 -1.4
91.9 91.7 91 90.2 89.7 89.2 88.8 88.1 87.2 85.3 83.3 81.2 78.9 77.4 81.8 83 83.6 84.1 83.8 83.2 81.9 81 79.7 78.7 77.6 76.3 75.4 74.6 74.4 73.3 72.4 71.1 68.7 65.3 61.6 57.2 52.6 48.5 43.2 38 32.3 25.9 18.7 10.3 3.2 2.5 2.5 2.6 2.6 2.6 2.6 4.5 -1.4 -1.4 -1.4 -1.4 -1.4 -1.4 -1.4 -1.4 -1.4 -1.4 -1.4 -1.4 -1.4 -1.4 -1.4 -1.4 -1.4 -1.4 -1.4 -1.4 -1.4 -1.4 -1.4 -1.4 -1.4 -1.4 -1.4 -1.4 -1.4 -1.4 -1.4 -1.4 -1.4 -1.4
86.2 86.3 85.9 85.4 85 84.6 84 83.4 82.7 80.3 78.4 76.3 73.1 71.3 72.4 76.7 77.3 77.3 77.4 76.8 76 74.5 73.6 72.3 70.9 69.4 68.2 67 67.1 66.3 65.8 64.8 63.5 61 58.7 54 49.2 41.4 33.1 29.9 25.4 19.4 12.8 5.2 2.5 2.5 2.5 2.6 2.6 2.6 3.6 4.1 -1.4 -1.4 -1.4 -1.4 -1.4 -1.4 -1.4 -1.4 -1.4 -1.4 -1.4 -1.4 -1.4 -1.4 -1.4 -1.4 -1.4 -1.4 -1.4 -1.4 -1.4 -1.4 -1.4 -1.4 -1.4 -1.4 -1.4 -1.4 -1.4 -1.4 -1.4 -1.4 -1.4 -1.4
80.7 80.1 79.7 78.9 78.5 78.2 77.8 77.7 77.7 75.8 73.8 71.8 68.2 62.8 66.6 68.9 70 70.5 70.5 70.3 69.4 67.9 66.2 65 62.3 62.1 60.5 59.3 58.7 58.6 58.2 57.9 57.2 55 52.2 49.1 44.7 38.2 27.5 21.7 17.9 13.2 7.2 2.6 2.5 2.5 2.5 2.6 2.6 2.6 4.6 2.8 -1.4 -1.4 -1.4 -1.4 -1.4 -1.4 -1.4 -1.4 -1.4 -1.4 -1.4 -1.4 -1.4 -1.4 -1.4 -1.4 -1.4 -1.4 -1.4 -1.4 -1.4 -1.4 -1.4 -1.4 -1.4 -1.4 -1.4 -1.4 -1.4 -1.4 -1.4 -1.4 -1.4 -1.4
74.2 73.8 73.3 72.5 72 71.5 71.2 71.8 72 71.5 69.4 65.6 60.1 55.6 58.7 60.6 62.3 63.8 63.5 63.9 62.8 60.9 58.9 57.2 55.4 54.1 53 51.5 50.3 49.7 49.3 49.1 47.9 46.1 45.2 42.6 39.6 35.3 29.9 22.2 14 7.7 3.3 2.6 2.6 2.6 2.6 2.6 2.6 2.6 4.9 1.7 -1.4 -1.4 -1.4 -1.4 -1.4 -1.4 -1.4 -1.4 -1.4 -1.4 -1.4 -1.4 -1.4 -1.4 -1.4 -1.4 -1.4 -1.4 -1.4 -1.4 -1.4 -1.4 -1.4 -1.4 -1.4 -1.4 -1.4 -1.4 -1.4 -1.4 -1.4 -1.4 -1.4 -1.4
68.7 68.4 68.6 67.5 66.3 65 65.7 66.2 66.9 65.8 64.6 61.7 55.6 52.3 49.9 50.5 56.2 56.9 58.3 57.5 56.5 54.3 51.7 49.4 47.5 45.5 44.2 42.9 40.9 40.6 40.3 39.8 38.6 37.5 36.7 35.8 33.3 30.8 25.8 21.3 14.6 7.5 2.6 2.6 2.6 2.6 2.6 2.6 2.6 2.6 5.6 -1.4 -1.4 -1.4 -1.4 -1.4 -1.4 -1.4 -1.4 -1.4 -1.4 -1.4 -1.4 -1.4 -1.4 -1.4 -1.4 -1.4 -1.4 -1.4 -1.4 -1.4 -1.4 -1.4 -1.4 -1.4 -1.4 -1.4 -1.4 -1.4 -1.4 -1.4 -1.4 -1.4 -1.4 -1.4
62.9 63.6 63.7 63.6 62.3 60.5 60.7 62.4 62.9 62 59.8 57 52 48 42.8 43 49 51.4 51.9 51.1 49 47 44.6 42.2 40 38.2 36.2 34.9 33.3 29.6 29.9 28.7 29.9 28.5 27.6 25.8 24.7 21.9 19.6 15.6 11.3 3.4 2.6 2.6 2.6 2.6 2.6 2.6 2.6 3.1 4.2 -1.4 -1.4 -1.4 -1.4 -1.4 -1.4 -1.4 -1.4 -1.4 -1.4 -1.4 -1.4 -1.4 -1.4 -1.4 -1.4 -1.4 -1.4 -1.4 -1.4 -1.4 -1.4 -1.4 -1.4 -1.4 -1.4 -1.4 -1.4 -1.4 -1.4 -1.4 -1.4 -1.4 -1.4 -1.4
57.8 58.7 59 58.6 57.9 57.2 58.7 59.7 59.2 58.4 55.9 53.4 45.9 44.7 39.5 38.6 39.3 42.5 46.3 45.1 42.9 40.1 37.9 35.7 33.9 31.6 29.4 27 25.3 24.6 24.5 20 20.4 19 18.1 17.1 15.4 13.8 12.7 9.7 7.2 2.6 2.6 2.6 2.6 2.6 2.6 2.6 2.6 4.1 2.9 -1.4 -1.4 -1.4 -1.4 -1.4 -1.4 -1.4 -1.4 -1.4 -1.4 -1.4 -1.4 -1.4 -1.4 -1.4 -1.4 -1.4 -1.4 -1.4 -1.4 -1.4 -1.4 -1.4 -1.4 -1.4 -1.4 -1.4 -1.4 -1.4 -1.4 -1.4 -1.4 -1.4 -1.4 -1.4
52.5 53.4 54.2 54 52.7 53.9 55.9 58.8 55.9 53.4 50.2 46.8 43.7 39.7 36.4 33.6 35.5 39.6 40.6 40 38 34.1 30.7 29.2 27.3 26 23.9 22.1 17.5 15.7 13.8 13.8 11.6 9.9 8.7 8.3 7.1 6.7 5.9 4.4 2.6 2.6 2.6 2.6 2.6 2.6 2.6 2.6 2.6 5.3 1.4 -1.4 -1.4 -1.4 -1.4 -1.4 -1.4 -1.4 -1.4 -1.4 -1.4 -1.4 -1.4 -1.4 -1.4 -1.4 -1.4 -1.4 -1.4 -1.4 -1.4 -1.4 -1.4 -1.4 -1.4 -1.4 -1.4 -1.4 -1.4 -1.4 -1.4 -1.4 -1.4 -1.4 -1.4 -1.4
48.3 49.3 49.9 50.4 50.4 52.7 55.9 58.3 57.1 54 50.5 47.5 43.5 40.1 35.8 32.1 30.6 29.8 33.2 32.4 31.3 27.8 24.1 22.4 18.3 18.5 14 12.5 9.6 8.6 7.4 6 4.8 4.7 3.6 3.7 3.2 3.6 3.6 2.6 2.6 2.6 2.6 2.6 2.6 2.6 2.6 2.6 2.6 5.4 -1.4 -1.4 -1.4 -1.4 -1.4 -1.4 -1.4 -1.4 -1.4 -1.4 -1.4 -1.4 -1.4 -1.4 -1.4 -1.4 -1.4 -1.4 -1.4 -1.4 -1.4 -1.4 -1.4 -1.4 -1.4 -1.4 -1.4 -1.4 -1.4 -1.4 -1.4 -1.4 -1.4 -1.4 -1.4 -1.4
46.1 46.3 47.6 48 51.7 54.8 58.1 60.2 59.6 58.8 55.2 53.1 49.1 44.4 41 34.7 30.5 26.9 24.9 24.3 22.9 20.3 17.4 16.3 14.2 11.7 11.4 10.3 9.4 8.7 7.4 6.9 6.8 5.8 4.1 3.9 3.4 3.4 2.9 2.6 2.6 2.6 2.6 2.6 2.6 2.6 2.6 2.6 3.2 3.9 -1.4 -1.4 -1.4 -1.4 -1.4 -1.4 -1.4 -1.4 -1.4 -1.4 -1.4 -1.4 -1.4 -1.4 -1.4 -1.4 -1.4 -1.4 -1.4 -1.4 -1.4 -1.4 -1.4 -1.4 -1.4 -1.4 -1.4 -1.4 -1.4 -1.4 -1.4 -1.4 -1.4 -1.4 -1.4 -1.4
42.3 44 46.9 51.7 56.4 59.1 62.4 63.9 64.8 64.3 61.7 59.4 56.2 51.5 45.5 38.5 33.9 29.4 25.9 23.1 20.1 18.2 16.8 16.5 15 15.9 14.8 13.7 13.1 13.3 12.8 14.5 14 12.8 10.4 8.8 7.8 6.3 4.2 2.6 2.6 2.6 2.6 2.6 2.6 2.6 2.6 2.6 3.7 2.8 -1.4 -1.4 -1.4 -1.4 -1.4 -1.4 -1.4 -1.4 -1.4 -1.4 -1.4 -1.4 -1.4 -1.4 -1.4 -1.4 -1.4 -1.4 -1.4 -1.4 -1.4 -1.4 -1.4 -1.4 -1.4 -1.4 -1.4 -1.4 -1.4 -1.4 -1.4 -1.4 -1.4 -1.4 -1.4 -1.4
42.5 45.8 49.8 53.6 57.2 60.8 64.4 66.9 68.5 68.8 67.7 65.5 63.9 60 54.3 48 42 35.9 30.8 27.8 23.5 19.6 18 21.7 22.3 21.8 21.7 21.4 19.4 20.3 22.6 24.7 23.7 23.2 20.7 18.7 17.4 15.7 12.9 7.1 2.6 2.6 2.6 2.6 2.6 2.6 2.6 2.6 4.6 1.4 -1.4 -1.4 -1.4 -1.4 -1.4 -1.4 -1.4 -1.4 -1.4 -1.4 -1.4 -1.4 -1.4 -1.4 -1.4 -1.4 -1.4 -1.4 -1.4 -1.4 -1.4 -1.4 -1.4 -1.4 -1.4 -1.4 -1.4 -1.4 -1.4 -1.4 -1.4 -1.4 -1.4 -1.4 -1.4 -1.4
45.5 48.5 51.8 54.3 58 61.6 65.8 68.9 72 73.2 73.5 73.5 72.1 69.4 64.5 58.1 49 45.5 40.4 33.2 26.7 22.8 25.4 30.2 33 34.8 34.5 32.1 32.1 34.6 38 37.9 35.2 34.5 33.7 31.6 28.3 25.5 20.4 13.2 2.6 2.6 2.6 2.6 2.6 2.6 2.6 2.6 5.5 -1.4 -1.4 -1.4 -1.4 -1.4 -1.4 -1.4 -1.4 -1.4 -1.4 -1.4 -1.4 -1.4 -1.4 -1.4 -1.4 -1.4 -1.4 -1.4 -1.4 -1.4 -1.4 -1.4 -1.4 -1.4 -1.4 -1.4 -1.4 -1.4 -1.4 -1.4 -1.4 -1.4 -1.4 -1.4 -1.4 -1.4
44 47.6 51.3 54.5 58.2 62.3 66.9 71.2 76.3 79.3 79.6 79.5 77.9 74.9 69.2 63.9 57.1 50.1 44.5 33 28.3 33 37.6 42.2 47.7 50.9 51.5 51.3 51.5 52.5 51.4 49.9 47.5 45.7 43.4 43.1 40.2 35.6 28.8 19.7 2.6 2.6 2.6 2.6 2.6 2.6 2.6 2.8 4.6 -1.4 -1.4 -1.4 -1.4 -1.4 -1.4 -1.4 -1.4 -1.4 -1.4 -1.4 -1.4 -1.4 -1.4 -1.4 -1.4 -1.4 -1.4 -1.4 -1.4 -1.4 -1.4 -1.4 -1.4 -1.4 -1.4 -1.4 -1.4 -1.4 -1.4 -1.4 -1.4 -1.4 -1.4 -1.4 -1.4 -1.4
43.9 47.8 49.9 52.3 56.5 61.6 67.4 73.1 78.4 83.1 84.4 83.9 80 75.5 69.8 64.1 58.4 51.8 39.7 33.4 37 45.5 52.6 60.8 62.4 63.7 64.1 64.8 63.5 61.4 59 57.3 55.3 51.5 49.7 49.2 46.7 40.8 32.6 22.4 7.2 2.6 2.6 2.6 2.6 2.6 2.6 3.4 3.2 -1.4 -1.4 -1.4 -1.4 -1.4 -1.4 -1.4 -1.4 -1.4 -1.4 -1.4 -1.4 -1.4 -1.4 -1.4 -1.4 -1.4 -1.4 -1.4 -1.4 -1.4 -1.4 -1.4 -1.4 -1.4 -1.4 -1.4 -1.4 -1.4 -1.4 -1.4 -1.4 -1.4 -1.4 -1.4 -1.4 -1.4
46.8 47.5 48.2 51.6 55.4 60.4 66.4 72.9 78.4 82.1 84.2 84 79.2 74 66.5 60.6 55.3 46.7 38.1 41.9 51.2 60.2 67.2 69.7 70.9 71.3 71.4 71.3 68.1 65.2 62.6 59.3 58.3 55.8 53.6 51.5 48.5 42.5 33 22.8 11.7 2.6 2.6 2.6 2.6 2.6 2.6 3.9 2 -1.4 -1.4 -1.4 -1.4 -1.4 -1.4 -1.4 -1.4 -1.4 -1.4 -1.4 -1.4 -1.4 -1.4 -1.4 -1.4 -1.4 -1.4 -1.4 -1.4 -1.4 -1.4 -1.4 -1.4 -1.4 -1.4 -1.4 -1.4 -1.4 -1.4 -1.4 -1.4 -1.4 -1.4 -1.4 -1.4 -1.4
