webserver/python/data/SX87.asc
ncols 200
nrows 200
xllcorner 280000
yllcorner 70000
cellsize 50
[rows 152 to 189 of 200, columns 86 to 171 of 200]
83 81.9 74.5 66.8 56 45.4 48 48.4 50.6 48.1 44.3 40.2 34.5 34.5 33.1 33.5 34.7 37 36.5 36.6 34 29.4 26.4 24.7 18.9 17.9 15.2 11.6 8.9 5.5 3.2 3 2.9 1.7 1 0.9 -1.3 8.5 4.5 4.4 5.6 5.1 5 -1.3 -1.3 1.9 2.4 2.7 2.6 2.3 2.4 2.8 3.1 2.7 1.8 1 0.9 0.9 1 1 1 1 3.3 6.1 10.5 13.3 11.5 11.8 14.9 14.3 13.3 11.2 7.9 6 3.8 2.3 1.5 1.1 0.7 0.5 0.2 0 -0.2 -0.3 -0.3 -0.3
92.2 93.2 81.2 69.7 56.6 63.2 65.1 63.5 59.8 55.8 50.5 46.1 39 40.7 40.6 40.6 40.8 42.9 44.6 45.1 42.8 38.8 34.1 31.7 26.5 24 21.4 17.4 12.7 9.1 3.5 2.9 1.8 1 0.9 1.4 -1.3 -1.3 4.8 3.3 8.5 5.2 4.3 5.7 -1.3 2.2 2.6 2.6 2.6 2.4 2.2 2.5 2.9 2.1 1.3 1.1 0.9 0.9 1 1.1 1.1 1.1 3.2 4.5 8 11 11.8 11.9 14.3 11.8 10.4 7.3 4 2.8 2 1.9 1.5 0.9 0.4 0.1 -0.1 -0.3 -0.6 -0.7 -0.7 -0.7
86.4 87.8 79.9 72 72.3 77.6 80 77.3 72 66.5 56.5 54.2 45.2 48.4 49.1 49.1 49.2 51.8 53.7 54.1 51.1 46.5 41.3 37.1 32.9 28.5 26.8 23.3 17.7 13.6 4.5 2.9 1.2 0.9 0.9 1.2 1.9 -1.3 8.7 11.1 16 12.7 4.2 4 -1.3 2.2 2.4 2.6 2.6 2.4 2.2 2.3 2.4 1.6 1.4 1.2 1 0.9 1 1.3 1.3 1.3 2.8 3.6 3.4 6.9 8.7 7.8 -1.3 4.2 2.8 1.5 1.5 1.5 1.6 1.5 1.5 0.7 0.2 -0.2 -0.5 -0.7 -0.9 -1.3 -1.3 -1.3
76.9 78.3 76.4 76.5 81.2 87.9 93.1 91.8 84.2 74.5 67.3 59.4 54.7 56.9 57.5 56.7 59.2 61.4 63.3 61 57.4 52.1 46.4 40.7 37.2 33.9 31.8 28.6 25.5 20.2 14.1 4.6 2.6 1.2 1 -1.3 1.7 1.5 10.2 15.5 16.9 16 4.4 3.8 -1.3 -1.3 1.7 2 2.6 2.4 2.2 2.1 1.9 1.7 1.4 1.2 1 0.9 1 1.1 1.4 -1.3 1.5 -1.3 -1.3 -1.3 -1.3 -1.3 -1.3 1.5 1.5 1.5 1.5 1.5 1.5 1.5 1 0.7 0 -0.5 -0.8 -1 -1.3 -1.3 -1.3 -1.3
70.6 71.4 74.4 77.9 81.3 87.2 92.9 96.9 91.8 81.3 72.3 65.6 64.6 64.3 65.8 67.7 69.2 70.3 69.6 68.8 64.6 57.6 51.3 44 38.2 34.4 35.3 33 31.4 26.9 20.1 16.3 9.7 3.5 1.2 -1.3 -1.3 -1.3 6.6 13.9 17.2 14.8 4.3 7.3 -1.3 -1.3 -1.3 1.2 1.4 1.4 1.6 1.8 1.9 1.7 1.5 1.3 1.1 0.9 1 1.1 1.4 -1.3 1 -1.3 -1.3 0.1 0.2 0.6 1.4 1.5 1.1 1.5 1.5 1.5 1.5 0.8 0.2 -0.1 -0.4 -1.3 -1.3 -1.3 -1.3 -1.3 -1.3 -1.3
65.2 69.3 72.7 74 76.7 80.5 84.7 92.3 92.3 83.7 73.7 71.9 70.6 71.1 73.6 73.9 76.6 76.4 72 69.2 64.5 58.5 52.7 45 37.4 29.7 31.7 32.2 29.4 24.2 19.8 16.1 9.3 5 4.4 1.4 -1.3 -1.3 3.8 4.3 9.1 9.2 4 10.8 3.8 -1.3 -1.3 1 1 1.2 1.4 1.6 1.8 1.6 1.5 1.3 1.2 1 1 1.1 0.8 0.7 1 -1.3 0.7 -0.5 -1 -0.1 0.7 1.5 1.5 1.5 1.5 1.5 1.5 1.3 -1.3 -1.3 -1.3 -1.3 -1.3 5.2 5.9 5.6 5.7 3
63.2 66.2 68.9 69.3 70.8 74.7 78 83.1 84 80.7 73.1 73.9 75.3 76.4 77.1 76.2 76.2 75.5 69.6 64.9 59.3 53.4 45.9 39.2 32.8 24.7 21.5 21.2 19.1 15.1 13.4 10.1 9.4 21.1 18.7 4.4 1 -1.3 0.9 -1.3 3.2 4 6.5 5 -1.3 -1.3 0.9 1 1 1 1.2 1.4 1.6 1.6 1.4 1.2 1.1 0.9 0.9 1.5 0.6 1 1.3 -1.3 -0.6 -1.1 -1.1 -0.2 0.9 1 1.5 1.5 -1.3 -1.3 -1.3 -1.3 -1.3 -1.3 -1.3 4.3 5.7 8 10.7 13.1 15.1 9.9
60.4 62.5 63.7 63.7 66.4 72.4 75.7 74.9 74.5 72.3 67.3 67.1 70.1 70.3 69.4 70.3 69.4 64.7 56.3 48.3 41.7 39 32.9 26.8 22.6 19.1 18.2 16.8 13.5 13.1 11 12.4 15.7 28.8 26.5 13.1 1.1 -1.3 -1.3 -1.3 -1.3 4.3 5.4 3.7 -1.3 2 0.9 0.9 1 1 1 1.3 1.4 1.4 1.3 1.2 1.1 0.9 0.9 2 1 0.8 1.1 -1.3 -0.3 -0.7 -1.1 0.5 -1.3 -1.3 -1.3 -1.3 -1.3 -1.3 -1.3 12.6 11.5 9.1 9.3 7.2 7.2 11.4 15.6 19.7 24 14.5
57.7 58.8 59.7 61.7 69.3 78 83.4 77.2 71.9 66.8 59.9 56.2 54.1 57 54.5 54.9 50 44.8 36.2 33.3 27.9 24.3 23.1 23.7 23.1 21.1 21.8 23.7 24.3 25.3 26 25.3 22.7 31.4 32.2 24.8 17.3 4.5 -1.3 -1.3 1.2 2.8 2.3 -1.3 -1.3 2 1.3 0.9 0.9 0.9 0.9 1.1 1.2 1.3 1.3 1.2 1 0.9 1.6 1.9 1.3 0.6 0.2 -1.3 1.2 -1.3 -1.3 -1.3 -1.3 -1.3 -1.3 -1.3 28 25.2 21.1 15.6 13.8 13.7 11.7 9 8.1 17.1 21.3 26.4 28.1 21.7
55.7 54.8 55.3 60.8 68.9 77.9 82.2 78.6 75.3 74.6 67.8 58.8 50.9 47.3 43.9 41 37.4 33.6 29.3 26.9 24 25 25.9 28.1 27.8 25.6 29.7 32.4 34.3 36.3 39 38.8 34.6 36.3 35.2 32.2 32.6 22.2 6.1 -1.3 -1.3 1.7 0.5 1.7 -1.3 -1.3 -1.3 0.9 0.9 0.9 0.9 0.9 1 1.1 1.1 1 1 0.9 1.4 1.9 1.5 0.9 0.8 -1.3 -1.3 -1.3 -1.3 -1.3 4.6 15.5 29.1 35.6 35 30.5 25.7 23.1 21 19.1 10.3 8.2 13.3 25.5 32.9 34.5 34.4 29
52.6 53.3 52.3 57.5 65.1 69.8 73.2 73.4 74.5 76 74.7 68.9 63.4 55.3 49.8 42.2 38.3 35.4 33.2 33.7 31.1 30.9 31 31 31 31.1 35.6 40 40.1 43.3 45.7 45.5 43.9 47.1 45.4 44.6 45.4 39.3 23.6 4.1 -1.3 -1.3 2 1.6 1.4 -1.3 -1.3 -1.3 -1.3 1.3 1.2 1 0.9 0.9 1 0.9 1.1 -1.3 1.7 1.7 1.6 1.2 1.5 -1.3 -1.3 -1.3 16.3 17 16.1 20.8 32.4 36.5 38.2 36.1 32.9 29.5 26 20.4 11.9 10.1 22.9 32.6 39.3 40.7 39.6 34
47.5 50 48.8 53.9 59 62.6 65.3 66.7 68 71.2 71.9 73 71.5 63.1 59.8 54.6 49 43.3 37.7 34.2 31 31 30.1 29.3 29.4 30.3 35.2 38.6 40.1 39.3 41 46 51.1 54.8 60.8 57 48.4 40.8 30.5 11.8 -1.3 -1.3 -1.3 -1.3 -1.3 1.5 1.2 -1.3 -1.3 -1.3 1.1 1.5 1.5 1 1.5 1.4 1.8 -1.3 1 1.7 1.8 1.8 2 -1.3 -1.3 16.7 21.2 25.9 27.9 31.3 36.8 41.5 43.7 40.3 36 31.4 28.1 18.8 8.9 15.3 32.7 37.6 42.9 44.4 43.2 39.4
43.3 43.4 44.7 49.1 53.8 57 58.9 60 61.2 63.2 64.3 64.1 64.3 60.4 57.1 52.6 46.8 40.7 36 31.6 28.2 28.3 27.5 26.2 26.1 27.2 30.5 32.6 33.4 34.1 34.8 37.8 45.6 52.5 54.7 51 43.1 34.6 25.5 15.5 4.1 2.9 1.7 -1.3 -1.3 1.5 1.5 1.5 -1.3 -1.3 -1.3 2 2 2 2 2 1.9 -1.3 1.6 -1.3 1.6 -1.3 -1.3 -1.3 11.9 20.8 31.4 36.3 39.6 43.8 44.6 46.3 45.8 40 34.3 30.3 25.9 16.8 8.7 19.5 34.2 41.4 45.3 46.2 45.2 44.5
40.8 39.5 41.1 42.7 46.5 50.1 50.7 51.8 53 53.9 55.5 55.6 56.1 54.4 51.7 47.9 44.4 38.7 32.6 28.6 25.1 24.8 23.5 22.8 23.4 23.8 25.5 27.6 28.2 28.4 28.9 30.7 35 41.3 49.3 50.9 40.3 31.4 22 13.5 6.1 1.8 1.5 2.5 3.1 2.7 -1.3 -1.3 -1.3 -1.3 -1.3 2 2 2 1.7 2 -1.3 -1.3 -1.3 -1.3 -1.3 -1.3 -1.3 -1.3 14.5 23.9 36.2 43.7 49 51.4 49.2 47.2 44.3 39.1 32.4 25.8 21.3 15.6 10.2 16.8 31.4 39 45.9 48.4 47.3 47.4
43.6 39.6 38.5 38.5 39.9 42.4 42.7 43.8 45.7 47 48.6 49.8 50.1 49.1 48 45.3 41.3 37.1 31.6 26.2 23.7 21.4 19.4 19.4 19.5 21 22.3 23.2 24.9 25.2 24.5 24.5 27.5 32.8 44.1 45.1 35.2 25 18 7.6 4.6 1.2 1.2 2.3 -1.3 -1.3 -1.3 -1.3 -1.3 1.7 -1.3 -1.3 -1.3 -1.3 -1.3 -1.3 -1.3 -1.3 -1.3 -1.3 1.7 -1.3 -1.3 10.8 15.8 27.5 41.6 49.1 54.7 54.2 50.7 46.7 42.7 37.5 34.9 29.7 25.7 20.5 14.3 13.9 22.4 34 43.7 47.8 48.4 48.8
49.2 44.1 38.7 37.9 36.2 35 37.2 38.5 39.5 41.3 44.1 46.5 46.5 45 44.1 41.5 38.2 35.2 29.7 27.2 23.8 19.5 18.7 17.2 18.7 21 19.4 21.7 23.7 22.1 21 22 22.4 25.7 29.1 29.6 22.7 15.3 10.1 4.6 2.7 1.7 1.6 -1.3 -1.3 1.2 0.9 0.9 1.1 2 -1.3 -1.3 -1.3 -1.3 -1.3 5.1 5.7 4.9 3.7 3.2 2.8 -1.3 7.3 12.8 17.8 30 39.5 47 51.9 51.7 49.6 46.4 42.7 40.4 40.8 37.3 34 27.7 17.4 15 17.3 26.1 36.6 43.3 45.8 47.9
57 49.9 42.6 40.5 38.2 36.6 33.9 34.1 34.7 38.1 41.9 44.2 43.4 42 40.4 38.6 36.5 35.6 31.8 27.8 24.6 22 18.2 15.1 16.4 17.8 18.6 21.5 21.9 20.7 18.6 18.4 18.6 20 17.5 15.7 10.8 6.4 4 1.7 1.4 1 -1.3 -1.3 2.8 1.9 1 1.2 1.8 2.1 1.5 1.9 1.8 3.1 3.5 3.8 3.8 3.1 2.7 2.3 2.3 -1.3 8.2 14.1 19.6 25.4 34.4 41.8 46.7 48.5 46.9 46.1 44.7 44 43.3 41.4 36.1 29.2 23.9 22.3 18.5 20.7 26.1 32.4 37.9 45.2
66.3 60.6 54.1 49.4 45.8 42.1 38.4 34.8 34.1 33.8 38.5 40.2 40.2 39.3 37.9 36.6 35.7 34.9 30.7 27.8 24.4 21.1 18.6 15.6 14.4 14.6 17.7 20.9 21.3 19.9 16 14.9 13.9 13 10.1 6.8 4.5 3.5 1.7 0.7 1 0.9 -1.3 2.7 3.3 2.3 1.5 1.9 2.2 2.4 2.1 2.6 3.2 4 4.8 5 4.7 3.4 2.3 1.8 1.6 -1.3 7.3 13.5 19.2 24.5 30.5 38.1 41.9 44 44.2 45 46.4 47 45.9 42.1 36.7 30.4 29.6 34.8 29.4 21.7 25.3 31.3 35.2 42.2
66.7 64.7 60 56.3 52.7 47.6 42.6 38.1 34.3 29.7 31.4 34.4 35.8 34.9 35.7 35.6 35.7 34 30.9 27.7 24.4 20.9 19.4 18.7 16.1 11.6 14.5 20.8 20.4 16.9 12 9.4 7.8 7.4 5.6 4.4 3.8 3.3 1.4 0.7 0.7 -0.2 -1.3 3.5 3.9 2.8 2 2.1 2.3 2.5 2.7 2.9 3.6 4.6 5.5 5.6 4.7 3.7 2.6 1.8 -1.3 -1.3 7.1 13 18 23.2 28.6 35.7 38.7 40.5 43 45.9 48.5 49.8 48.9 44.9 40 36 38.9 35.3 29.3 24.7 31.7 41.8 44.4 46.6
63.4 61.6 57.4 55.3 52.2 49.4 44.8 41.3 38.9 35.1 29.7 29.8 30.2 31.5 33.2 35.4 36.3 35.1 31.8 29.1 25.8 22.7 21.4 20.9 20.3 15.8 9.6 12.5 12 10.3 8.6 5.6 4 4.2 4.5 4 3.4 3.4 1.5 1.5 1.6 1.5 2.2 3.5 4.1 3.3 3.1 3.2 3.4 3.3 3.5 3.3 3.6 4.5 5.2 4.8 4.3 4 2.6 1.6 -1.3 3.6 6.6 11.4 16.4 21.6 26.9 32.8 36.1 38.7 42.3 48.1 51.4 53 53.1 49.5 44.2 44.3 43.4 33.6 31.9 29.3 33.9 48.1 52.3 52.6
59.5 57.6 54.2 51 49.9 47.1 44.9 41.8 40.7 39.9 33.9 26.8 26.3 29.7 36.9 38.1 38.9 39.3 35.3 32.3 27.9 24.7 22.2 21 21.1 18.8 12.5 8.8 7.4 6.4 7.1 4.4 3.8 4.1 4.5 4.2 3.7 3.5 3.5 2.7 3.4 3 3.6 4 4.4 4.1 4.2 4.2 4.1 3.9 4.3 4.7 3.7 4.2 5.8 4.5 4.2 3.7 2.7 1.5 -1.3 5.2 7.8 9.4 15.2 20.4 25 29.7 33.7 37.8 42.5 49.5 54.4 57.2 58.2 56.4 53 51 42.5 39.7 42 34.9 36.7 50 54.9 55.7
58.5 55.7 53.3 49.8 49.9 48.3 43.9 41.2 40 38 33.2 29.1 24.3 34.5 47.5 50.4 50.4 50.6 42.7 37.3 30.4 24.4 23.2 19.3 12.3 9.1 8.3 6.7 6 5.3 4.6 4.4 4.5 4.3 4.5 4.3 4 3.9 4.1 4.4 4.4 4.3 5.2 5.4 6.6 5.5 5.9 4.9 4.6 4.7 5.1 5.6 4.3 4.3 5.5 4.7 3.9 3 2.2 -1.3 4.7 8 9.7 10.1 13.5 17.8 20.9 25.9 32.1 38.2 43.4 49.5 54.1 60.4 61.5 61.5 58.9 52.7 45.5 49.8 48.9 39.2 40.5 50.8 57.2 57.2
55.2 53.1 52.1 51.5 52.2 51.3 46.4 42.1 38.1 34.7 30.8 27 24 30.7 43.5 48 48.7 46.8 38.5 32.6 26.9 21.7 15.1 9.2 7.8 7.4 6.3 5.7 5.5 4.5 4 4.2 4.3 4.8 4.5 4.1 4.3 4.4 4.5 5.1 6.9 7.4 9.1 10.1 10.7 9.6 8.6 6.8 5.5 5.7 6.2 6.7 5.9 5.3 5.6 5.2 3.8 2.6 1.5 -1.3 7.1 11 12.9 15.2 17.9 18.9 20.7 25.5 32.3 38.5 43 48.3 54.6 60.6 62.7 63.6 61.5 53.7 53.6 57.7 52.3 45.7 50 55.2 61 59.4
47.7 47.1 49 52 58.5 63 52.2 42.7 39.7 35.9 32.1 26.5 22.2 21.9 27 32.2 36 33.5 30 26.1 21.3 13 8.4 7.6 7.5 7.7 7 5.8 5.9 5.5 5 4.4 5.1 6.5 5.4 5.5 6.1 6.9 7 7.9 11.2 12.4 13 14.2 13.5 11 8.6 7.5 6.5 6.9 7.3 7.7 7.3 6.3 5.8 5.2 3.7 2.7 -1.3 3.1 7.4 9.8 13.7 15.4 20.3 21.3 24 27.3 33.1 38.2 42.7 47.3 54.2 60.2 64 65.6 64.6 61.3 60.1 63.7 60.1 54.3 61.3 65.5 65.8 61
40.5 39.9 47 54.3 73.4 74.4 63.7 47.1 42.9 40.9 41.3 30.2 23.7 20.3 19.2 19.3 22.7 24.4 23.3 18.6 10.8 8.2 7.4 7.3 7.4 7.6 7.4 6.9 6.7 6.2 5.8 5.6 6.3 7.4 7.2 7.5 8.2 8.7 10 9.5 13.9 16.4 16.1 15.8 15.2 11.8 9.2 8.2 7.5 7.8 8.2 8.5 7.5 6.3 5.1 4 4.3 -1.3 -1.3 4.3 7.4 10.7 14.2 16.4 19 20.6 25.4 29.3 33.8 37.5 42.1 47 53.2 58.9 64 67 69.8 69.1 66.5 71.8 68.9 67.3 71.6 73.7 70 63.5
35.4 36.3 43.3 54 77.3 74 69.6 61.1 50.2 51.5 50.3 40.7 27.7 23.2 18.4 15 14.5 20.1 19.3 13.7 8.4 7.8 7.4 7.2 7.3 7.7 7.7 8.1 7.4 7.2 8 8.7 9.4 10.5 9.9 10.3 10.7 11.1 12.5 11.8 15 18.2 17.2 16.4 15.6 12.5 9 9.1 8.6 8.6 8.9 8.6 7.6 6.4 4.8 4.1 5.1 -1.3 -1.3 7.7 9.1 12.1 16.6 19.8 20.6 21.1 23.9 27 31 35.1 40.4 46.5 52.5 58 64.9 69.4 72.3 73.7 74.1 79.5 79.1 79.1 81.2 80.7 75.6 70.4
28.8 31.5 37 51 75.5 75 70.6 67.6 64.4 65.6 65.4 54 43.9 31.3 24.6 16.4 13.8 16.3 16.3 11.3 8.4 7.7 7.6 7.5 7.3 8.3 8.6 9.1 9.5 10.8 11.4 13.5 14.6 16.5 16.1 19 17.9 18.1 19 17.9 16.9 17.7 18.2 17.3 16 13.8 11.2 9.3 9.2 9.1 8.7 8 7.3 6.6 4.8 6.1 6.1 -1.3 8.2 9.5 9.1 11.5 16.7 20.3 22.2 23.9 26.2 27.3 33.4 35.1 39.3 45 51.1 57.2 64.8 70.2 73.6 78.3 81 84.5 86.3 87.4 88.6 87.2 82.2 73.2
19 21.1 23.3 40.4 63.4 73 71.6 69.3 66.1 64.5 62 53.2 44.1 31.7 23.5 16.3 12.3 12.9 11.6 9.2 8 7.8 7.7 7.7 9.2 11.7 13.3 14.6 15.2 17.9 18.6 20 21.7 22.6 24.8 29.7 27 25.9 24.6 23.6 23.7 25.3 23.3 19.6 16.9 14.3 11.6 10.8 10.3 9.3 8.3 7.3 6.4 5.5 4.5 5.8 -1.3 -1.3 9.7 7.7 8.9 9.8 14.4 19.5 22.3 25.1 30.6 31 32.9 38.6 44.1 47.7 50.3 56.6 64.5 69.9 74.7 78.8 83.5 88.4 91 92.5 94.7 91.9 85 76.5
17.9 18.8 17.9 18.2 40 58.5 69.3 71.9 65.7 57.4 51.3 45.7 36 24.1 14 13.9 9.5 9.4 9.9 9.7 8.1 7.5 9.2 11 15.6 18.5 22 22.5 22.7 25 27.2 27.6 30.2 32.7 37.3 42 38.7 32.3 31.2 29.3 27.9 29 26.6 21.9 17.2 14.2 12.2 11.3 10.6 9.2 8.2 7.2 6.1 4.9 4 6.1 -1.3 -1.3 11.1 4 10.5 14.6 15.8 17.2 20.5 27.1 33.7 36.3 37.6 39.4 45.8 50.5 53.9 57.6 62.7 69.1 74.9 79.4 85.2 89 93.1 96.1 97.8 96.4 92.7 84.5
24.3 23.1 22.1 19.4 18.6 38.2 50.8 54.2 49.6 39.7 33.7 30.8 23.7 14.5 10.3 9.6 9.2 9.6 10.4 9.3 10.2 11.5 11.7 20.2 25.2 22.9 30.7 33.2 32.8 39.9 44.7 37.7 38.4 41.1 45.1 52.4 49.5 42.4 38.9 37.8 35.2 33.9 27.2 21.6 17.6 14.7 12.8 11.5 11.1 9.5 8.1 6.8 5.5 4.3 4 6.1 -1.3 6.7 9.3 4.8 12.2 16.9 22.1 24.2 23.2 25.2 34.4 38.2 41.9 44.6 48.2 52.7 56.8 61.1 65.1 71 75.5 80.4 85.3 90.3 93.7 96.9 99.8 99.8 97.4 91.7
44 40.7 29.4 22.8 15.3 18.8 32.4 35.4 27.6 18.3 13.6 13.7 12.3 10.8 9.5 9.4 9.7 9.5 10.2 9 16.4 23.4 30.3 38.2 36 29.8 38 48.3 42.8 50.1 56.9 50.4 49.6 53.3 55.7 63.7 64.1 58.9 53.8 49.3 45.3 39.5 28.3 22.2 18.3 15.8 13.8 12.6 12 10.9 9.1 8.2 6.6 4.4 4.1 5.8 -1.3 6.1 6.1 7.5 14.2 18.9 24.8 29.3 30.9 29.9 36.2 40.5 44.6 48.3 51.9 55.8 60.1 64.5 70 74.5 78.4 83.5 87.6 90.7 93.8 97.2 100.6 101.7 100.3 96.3
59.6 54.7 47.8 34.4 21.9 14.7 16.9 16.1 15.3 13.4 13.2 13.1 10.1 10.3 9.8 10.5 11.9 11.1 11.1 14.3 25.3 32.2 40.3 48.9 46.5 37.4 42.6 54.5 54.6 67.1 70.1 68.2 64.1 72.1 72.9 76.2 76.2 73.3 70.3 64.8 53.8 43.3 30.8 23.7 20.5 17.6 15 13.8 12.5 12.3 10.2 7.8 5.5 5.2 3.8 -1.3 -1.3 3.2 4.1 8.4 14.4 20.9 26.8 34.4 36.5 34.8 38.3 43.1 47.4 52.3 55.6 59.8 65.2 70.3 74.5 78 81 84.3 89.2 91.8 95.3 97.7 100.4 102.2 102.4 101
66.7 61.1 55.6 49.7 49.2 29 13.5 13.1 13.7 13.4 13.2 13 10 10.3 10.2 11.4 12.9 12.9 14 18.7 26.7 34.9 51.2 57.1 55.3 49.6 47.9 57.9 68.8 77.2 80.7 81.4 79.6 80.9 83 83.9 83.5 81.3 77.3 70.7 58.7 44.9 32.5 25.4 21.3 19 16.8 14.7 13.7 13.2 10.7 8.2 5.7 5.6 4 -1.3 -1.3 3.1 5.5 11.3 16.7 21.8 30.5 37.3 40.5 41 39.8 45.9 50.4 55 58.5 62.8 68.4 73.9 76.9 80.7 82.9 86 90.5 92.4 96.4 100 100.9 102.9 105 105.3
67.4 59 56.1 64 55.6 32.2 19.8 16.9 14.1 13.7 13.2 13 12.4 13.4 16.4 15 14 15 16.2 20.5 27.4 42.5 54.7 62.1 65.9 62.7 61.4 64 74.2 82.6 85.9 87.1 86.4 86.5 88 86.8 86.3 84.4 76.8 67.5 60.5 43.5 33.9 27 23.5 20.2 19.3 17.5 15.7 15.4 13.7 11.2 9.4 5.8 3.8 -1.3 2.9 5 7.7 12.9 20.2 27.7 36.1 40.1 43.1 45.1 45.5 46.9 51.8 56.3 60.5 65.7 71.4 75.8 77.1 79.9 82.4 85.7 88.8 90.7 94.1 97.9 101.4 104.5 106 106.6
63.5 59.7 63 65 50.9 36.1 38.5 40.6 35.2 20.5 13.7 14.1 16.7 18.3 21.4 19.2 14.3 17.3 22 23.5 26.8 36.6 44.6 57.5 67.4 71.2 74.7 79.8 86.2 87.1 90 91 90.8 88.4 86.7 85.6 81 73.5 67.1 56 46.2 37.1 33.8 28.4 24.7 24.7 23.9 21.3 19.5 18.2 16.8 14.2 11.1 4.6 -1.3 3.9 5.8 7.8 10.3 15.3 22.7 31.2 35.4 39.5 42 45.4 47.1 49.5 51.6 56.2 60.8 66.2 70.8 74.4 76 78.8 81.2 84.3 87.2 89.9 93.9 96.9 100.7 104.1 106.2 106.6
67.3 68.7 67.6 64.2 50.8 47.6 53.5 47.9 38.9 30.2 21.2 14.4 23.9 29.1 30.6 23.7 16.9 21.7 28.7 27.1 28.1 32.1 38.5 47.9 58.6 71.2 81.5 86.7 90 89.8 89.3 90.1 88.2 83.4 80.8 76.5 69.7 60 53.1 44 37.8 30 26.8 26 25.6 26 25.7 25.5 22.7 20.8 19 16.4 12 4.8 -1.3 3.2 5.7 7.5 10.2 15.1 21.3 24.9 26.7 30.3 36.8 41.7 48.6 51.5 53.7 55.6 60 64.7 68 71.6 74.6 76.2 80 83.1 86.2 89.1 92.6 95.4 100 102.2 104.6 106.7
81.8 83.2 77.3 64.5 57 59.6 59.6 49.9 39.7 31 22.2 19 30.5 36.2 36 27.6 19 28.2 34.5 32.5 33.2 33.3 38.5 46.2 54.1 63.1 79.7 87.7 89.5 86.8 86.1 84.3 76.5 71.9 63.8 60.9 57.4 50.5 43.1 36.3 31.8 25.4 20.8 20 21.1 25.2 25.9 26 23.4 21.2 20.4 17.7 14.2 6 1.9 3.9 4.7 8.7 12.2 14.3 17.2 19.3 22 24 24.5 33.6 44.1 51.8 54.3 56 56.5 58.8 60.9 64.1 69.9 73.6 78 81.8 85.2 88.3 92.2 95.6 99.4 102.2 104.8 106.8
84 84.7 81.7 64 57.6 58.4 54.8 48 39.2 31.6 22.5 22.4 31.7 36.7 34 23.5 25.2 33.5 38.5 37.9 38 37.7 40 46.6 53.3 61.7 77.5 85.4 87.4 83.3 76.7 71.6 60.8 59.3 53.8 50.6 47.5 41.1 36.2 29.7 24.9 19.5 17.7 19.9 20.8 21.6 25.7 24.6 20.6 18 17.8 16.6 14 5.3 3 4.4 5.2 10.1 14.6 19.2 23.7 27.2 33.8 38.7 34.7 29.9 35.7 42.9 48.2 50.2 50.3 51.4 57 63 67.2 72 75.8 80.3 83.6 87.3 91.7 95.9 99 102.2 105.3 107.6
