webserver/python/data/SY58.asc
ncols 200
nrows 200
xllcorner 350000
yllcorner 80000
cellsize 50
[rows 0 to 43 of 200, columns 0 to 95 of 200]
19.5 19.4 18.9 19 19.4 19.8 19.4 18.3 18.2 20.4 21.3 22.2 22.6 23.2 21.6 21.7 21.9 21.9 21.4 21.6 19.2 20.6 20.4 17.5 17.6 18 20 20.7 20.3 20.2 19.9 20 20.4 20.8 21.7 22.4 22.5 22.1 22.6 23.1 23.9 23.4 24 24.2 24.8 24.6 24.7 25.3 25.8 26.6 27 27.5 28 29.3 29.4 29.7 30.4 31.2 32 32.9 33 32.9 32.3 32.3 32.2 32.3 33.2 34.1 34.6 36 36.6 37.1 37.3 37.2 37.9 37.8 38.5 39.3 39.9 39.6 40 40.5 41.5 41.4 41.5 42.4 43 43.1 43.5 43.2 43.9 44.9 45.2 45.8 46.3 46.3
15.7 15.6 16.7 17.4 17.6 17.7 17.8 17.9 17.1 18.2 18.7 19.1 19.5 19.8 17.7 17.5 18.2 18.2 17.2 16.5 16.8 16.4 18.2 17.6 17.8 18 19.4 19.4 19 18.8 19.2 19.6 20.1 20.5 21.4 22.5 22.7 21.5 22 23 23.6 24.2 24.6 25 25.4 25.7 25.4 25.9 25.5 25.9 25.7 26.9 27.2 28.1 28.4 29 29.4 30.1 31 31.9 32.3 31.9 31.3 31.6 31.8 31.7 32.4 33 33.5 34.5 35.1 35.7 36 36.1 36.1 36.5 37.1 37.8 38.1 38.2 38.7 39.2 39.5 40.1 39.9 40.5 40.4 41 41.1 42.4 43 43.4 43.9 44.7 45.2 45.5
14 14.2 15.3 16.2 16.4 16.6 16.7 17 16.8 17.5 16.9 16.1 17 16.3 15.5 15.8 15.8 15.5 15.7 16.3 16.9 16.8 18.5 18.3 18.1 18.7 18.6 18.8 19.3 20 20.3 19.7 19.7 20.2 21.1 22.6 21 22.1 22.1 22.9 23.7 24.3 24.3 24.4 24.8 24.2 24.1 25.8 26.1 25.9 25.7 26.6 26.7 27.2 27.8 28.4 28.8 29.2 29.9 30.8 31.6 31.1 29.8 29.7 30.5 31.6 31.7 32 32.4 33 33.5 34.1 34.6 34.9 35.3 35.6 35.9 36.3 36.7 37.1 37.4 38 38.3 38.9 38.7 39.5 40.5 41.3 41.2 42.2 42.4 42.7 43.3 43.8 44.3 44.6
13.4 13.5 13.9 14.9 15.2 15.5 15.6 16 16.4 16.8 15.3 14.6 15.3 15.3 15.5 16.1 15.7 16 16.4 16.7 17.5 17.3 18.8 18.9 18.8 19.6 20 20.1 20.8 21.9 21.3 19.2 20.1 20.1 20.2 22.4 23.8 24.6 24.3 24.7 23 23.3 23.6 23.8 24.5 25 25.8 26.7 27.1 26.9 26 25.6 26.1 27.5 27.2 27.7 28.1 28.5 28.9 29.7 30.8 30.8 28.6 29.3 29.8 30.6 31.8 32 32.3 32.6 33 33.3 33.7 34.6 34.9 34.9 35.1 35.4 35.6 36 36.2 36.9 37.4 39 38.6 38.8 39.8 40.7 41.5 41.9 41.8 42 42.6 42.8 43.3 43.8
12.7 13 13 13.7 13.9 14.2 14.7 15.2 15.6 15.5 14.9 14.6 14.9 15.3 15.6 16.1 16.3 16.3 16.9 18 18.8 19.9 20.4 21 20.6 22.3 22.8 21.7 22.9 24.1 23.9 22.8 22 22.1 22.2 23.4 24.9 26 26.4 26.1 24.4 24.4 24.7 24.8 25.6 26.2 27 27.2 26.8 27.4 26.7 26.4 26.9 26.9 27.8 27.1 27.5 27.9 28.3 28.5 30.4 28.5 29.7 29 29.1 30 31.8 32.1 32.3 32.7 33.3 33.8 34.1 34.4 34.7 34.7 34.7 35 35.4 35.7 35.8 36.3 36.7 37.5 38.5 38.6 38.8 39.3 40 40.4 41.2 41.3 41.7 41.9 42.4 42.9
12.6 12.6 12.7 12.2 13.7 14 14.8 14.4 14.4 14.6 15.3 15.5 15.5 16.5 16.3 16.7 17.6 18.5 20.6 23.4 24.8 25.8 26.5 24.3 24.5 27.3 27.2 23.7 23.7 24.4 24.6 24 23.8 23.9 24.1 24.3 25.3 26 26.5 26.7 25.8 25.6 25.7 25.8 26.7 27.4 27.9 28.2 27.7 28.5 28.5 28.6 29.4 30.1 29.1 28.6 26.8 27.8 28.7 29.5 31.2 31.5 31.1 31 31.1 29.6 31.6 32.2 32.5 32.9 33.1 34.2 34.6 34.3 34.6 34.6 34.7 35 35.3 35.8 35.8 36.3 36.2 36.4 37.3 37.7 38 38.3 38.7 39 39 39.8 40.5 40.9 41.5 42.2
12.7 11.6 12.7 13.6 13.8 12.3 13.2 14.4 14.4 14.8 15.5 15.8 16.4 18 19.4 20.5 19.9 22.8 26.8 28.5 29.4 29.6 27.5 25.1 25.9 27.1 27.5 25.5 24.5 24.9 25.3 25.3 25.4 25.8 26.2 25.7 26.3 26.8 27.3 27.3 27 26.9 27.3 27.4 28.1 29 29.9 29.6 30.2 30.7 32.2 33.1 34.1 34.6 34.4 33.6 32.4 32.3 33 33.8 35.3 35.6 35.5 35.1 32.7 31.8 30.1 31 33.1 33.2 33.2 33.3 33.9 34.1 34.4 34.3 34.6 34.9 35.4 35.8 35.9 36 35.9 35.6 36.2 37.1 37.2 37.9 38.4 39 39 39.7 40 40.6 40.9 41.6
13 13 13.2 13.6 13.9 14.2 14.8 14.7 15.6 16.3 16.8 17.8 20.5 24.4 27.5 27.8 24 25.6 28.8 29.7 29.7 29.3 27.7 26.3 26.9 27.9 29.4 27.7 26.1 27.3 27.6 27.1 27.4 27.9 28.7 27.9 28.2 29 29.1 28.7 28.8 29.1 29.2 29.5 29.5 30.2 30.7 30.8 30.8 32.2 35.1 37.1 38.6 39 39.2 38.4 37.6 37 37.9 38.3 38.6 39.1 38.9 38.3 35.5 33.2 33.5 34.1 34.3 32.4 33.8 34.3 34.4 35.4 35.3 35.7 36.4 36.6 35.9 35.7 36.3 36.5 36.7 36.6 36.7 37.2 37.3 37.4 38 39 39 39.7 40.1 40.6 40.6 41
13.3 14.1 13.2 13.7 14.9 15.4 14.9 15.6 17.3 19.5 22.9 24.6 28.7 32.1 33.4 31.4 28.7 27.9 30.2 31.6 32.2 31.7 30.5 29.1 29.2 30.1 31.8 32.5 29.9 28.9 30.3 30.1 29.6 30.3 31 30.5 30.7 31.6 31.6 31.5 31.3 31.5 31.8 32.4 33.7 34.7 35.5 35.4 36.7 35.8 36.7 40.6 42.7 43.6 44.1 44.3 45.4 44.8 44.5 43.8 44.1 44.4 42.8 41.7 40.7 37.6 34.7 36.7 36.6 36.2 35.8 35.2 36.1 37.1 37.1 37.5 38.1 38.5 38.3 37.5 37.2 37.3 37.3 37.6 38 38.2 37.6 38.4 38.7 39.1 39 39.6 40 40.8 41 41.5
17.4 17.2 16.5 16.4 15.9 16.9 17.4 19.8 24.1 28.5 31.8 33.3 33.6 35.1 33.6 31.7 31.8 32.5 34.2 36 37.3 36.2 35 34.1 34.3 34.7 36.2 36.4 34.6 29.4 31.3 34 33.5 33.4 33.4 33.6 34.7 34.7 34.7 34.7 34.7 34.4 36.2 37.5 39.3 40.8 39.4 39.2 41.6 38.5 36.5 38.5 39.9 42.4 44.6 50.3 52.2 51.7 51.7 52 53.1 51.9 49.7 47.3 46.4 41.2 37.5 37.8 38.6 39.7 38.2 36.6 37.2 38.9 39.1 39.3 40.1 41 41.9 41 39.5 39.3 39.3 38.7 39.1 38.7 38.5 38.7 39.5 40.3 40.2 40.2 40.5 41.2 41.8 42.2
24.6 22.7 20.5 17.1 16.7 18.8 23.2 27.6 32.5 36.9 38.3 39.2 39.4 38.8 36.7 36.9 40 40.3 40.9 42.7 43.5 42.7 41.4 40.8 40.7 40.9 40.9 41.3 36.7 31 36.8 38.1 40.3 40 39 40.6 41.7 40 40 39.9 39.5 40.2 41.2 43 44.8 44 41.1 44.5 48.9 46.3 46.2 45 44.4 42.9 44.1 48.8 55.3 57.2 58.2 61 63.2 60.8 55.2 52.1 51 46.6 40.5 40 39.9 39.9 39.1 38.6 39.6 41.6 42.2 42.9 43.6 43.8 44.1 44.1 42.2 41.5 41.4 40.2 39.8 39.6 39.7 39.9 40.1 40.6 41 41.5 42.4 42.2 42.6 43
30.5 29.3 24 19.6 18.1 22 29.2 35.4 41.3 42.9 43.1 44 44.8 43.8 42.8 45.8 48.7 48.2 48.1 48.3 48.8 48.9 48 47.6 47.2 47.3 46.8 43.4 34.3 35.2 42.8 44.7 46 47 45 46.4 47.1 45.7 45.2 45 45.7 46 46.6 48.2 48.2 47.1 46.4 51.2 53.9 51.7 53.2 54 53.6 52.5 44.7 45.3 54.7 59.6 61.9 66.1 68.9 66.2 61.3 56.7 55 50.9 43.6 44.7 44.3 41.9 42 41.3 42.4 45.2 45.6 46.6 48 48.1 48 46.3 44.3 43.7 43.3 42 40.7 40.8 40.9 41.1 41.2 41.7 42.5 43.4 43.7 43.4 43.3 44.1
30.2 27.3 24 21.2 19.6 22.9 29.9 36.5 40.9 45.4 46.8 47.8 49.2 47.7 49.1 53.8 56.8 55.8 55.3 54.8 54.2 54.3 53.8 53.5 53.4 53.3 49 38.1 34.2 40.8 47 49.4 50.1 50.9 51.1 50.6 51.6 52.3 50.8 50.9 51.3 51.6 52 53.1 52.2 50.5 51.3 56.4 58.4 55.8 56.5 58.6 58.4 56.4 49.2 45.3 50.2 55.9 60.9 66.4 70.3 70.2 67.5 60.5 58.3 55 46.9 49.3 52.4 48.8 46 43.5 44.3 46 46.5 48.1 48.9 50.6 50.1 48.4 46.3 45.8 45.2 43.7 42.2 41.6 42 42.1 42.3 43 43.7 44.1 44.7 44.7 44.2 45.4
29.8 26.9 23.9 22.4 20.8 23.2 28 32.8 36.1 38.5 40.1 43.6 45.6 46.4 51.3 59.2 63.6 63.7 62.4 61.6 60.7 59.9 59.1 58.4 57.6 55.7 45 37 38.8 46.2 52.3 54.1 54.3 55.8 55.9 56.4 57 57.3 56.3 56.5 56.9 57.3 57.8 58 57.7 54.2 55.4 60.7 61.1 59.6 59.4 60.6 61.2 58.7 55.2 51.3 48.3 49.6 56.1 63.6 69.3 64.8 65 62.7 61.6 58.6 51.2 50.3 55.3 53.7 51 48 45.6 44.8 44.7 46.2 47.6 49.6 51.5 50.7 49.3 48 46.9 45.4 43.7 42.6 42.7 42.9 43.4 44 44.4 44.8 45.5 45.7 45.3 45.9
32.3 30.9 29.4 26.9 23.2 25.7 27.8 30.6 34 36.4 39.2 41.3 42.7 45.9 53.6 62.2 68.2 68.1 67.4 66.7 65.5 65.1 64.4 63.6 62.3 55.3 44 36.7 39.9 49.2 56.2 58.4 58.5 59.9 59.6 60.5 62 62.2 62.3 61.6 62.2 63.2 63.7 62.7 60 56.9 59.4 64.5 64.1 63.7 63.4 64.3 64.1 62.9 62.5 62.3 59.3 55.3 52.1 59.2 67.4 68.3 67.8 65 62.9 60 56.5 52.1 56.4 56 53.8 53 50.5 49 47.2 46.6 46.5 48.6 50.5 51.8 50.7 48.6 48.1 46.8 45 43.8 43.8 43.9 44.4 44.7 45.1 45.4 46 46.4 46.3 46.1
39.2 38.4 36.7 34.1 27.6 30.3 33.7 36.4 40.8 44 47.1 48.8 48.7 48.2 53.1 59.1 65 67.9 70.1 71.7 70.5 70.3 69.5 68 65.2 55.9 44.9 38.8 41.8 51.5 58.8 62.6 63 64.5 64.2 65.6 66.5 67.2 67.2 67 66.7 67.5 67.8 66.4 62.7 60 64.9 68.2 68.1 67.7 67.8 68.3 68.4 67 67 67.7 66.3 62.9 55.1 57.7 66.4 70.9 69.6 67.1 65.5 63.3 59.7 55.2 57.5 57.1 56.1 54.3 52.2 50.6 48.8 47.3 47.1 47.6 50.1 51.9 51 49.3 48.2 46.8 45.7 45.4 45.7 45.9 44.9 45.2 45.5 45.9 47.3 47.7 47.5 47.3
45.9 44.3 42.1 39.5 31.4 32 37.7 41.7 46.4 52.3 55.3 55.1 54.4 53.6 53.2 54.1 59.4 63.3 68.3 72.8 74.8 74.6 73.9 72.6 67.3 57.7 46.6 41.6 42.4 51.3 60.5 65.7 67.5 67.9 68.2 69.7 71.1 72.1 71.3 70.5 69.9 71.1 71.2 69.1 65.2 64.2 68.3 70.3 70.6 71.1 71.1 70.6 70.6 69.5 69.6 70.1 69.4 65.7 58.2 58.7 67.8 72 71.2 68.7 67.3 65.3 61.3 57.2 58.3 57.5 55.9 53.8 52.6 51.6 49.9 49 48.6 48.7 49.8 51.2 51.1 50.1 48.3 48 48 48 48.2 47.7 46.9 45.8 45.9 47.1 47.9 48.7 48.7 48.5
49.7 48 46 42.9 34.6 32.3 36.8 41.5 47 52.5 56.4 58.5 59 58.5 58 57.6 58.5 61.1 67 72.5 76 77.6 77.8 76.1 68.7 57.4 47.2 43.9 43.7 49.6 59.6 67.2 71.3 72.1 72.7 73.8 75.2 75.7 74.2 73.3 72.6 73 72.2 69.9 69 69.5 70.3 71.9 72.8 73.3 73.7 74.1 72.6 71.6 72 72.3 71.2 68.1 61.1 59.6 68 72.8 72.2 70.4 68.2 66.3 63.6 59.4 59 58.5 57.9 55.6 54.4 52.6 51.5 51.3 50.8 50.6 50.3 50.6 51.7 50.8 50.1 50.7 50.7 50.7 50 49 48.1 47.3 46.9 47.8 48.5 49.2 49.9 50.4
51.8 49.4 47 42.6 35.7 33.2 35.5 40.7 44.7 49.3 53.1 57 59.8 62 62.4 61.7 61.5 62.8 66.1 70.4 73 75.8 78.8 77.2 67.4 55.8 51 49.1 46.6 49.1 57.8 67.3 73.2 75.3 76.1 77.6 79 79 77.1 76.1 75.4 74.8 73.6 71.3 71.8 72.9 73.8 74.8 75.2 76.1 76.5 76.7 75.4 74.7 74.7 74.6 73.3 70.3 63.5 61 69.4 74.3 73.3 72.5 69.8 67.4 65.1 63 61.6 60.5 61 61.7 60.7 58.6 56.7 54.5 55.4 54.3 53.7 52.7 52.4 51.7 52.3 53.1 53.4 52.9 51.5 50.2 49.4 48.5 47.8 48.5 49.4 50.2 51.3 53
52.8 49.8 48 43.6 36.6 34 35.7 38.8 41.8 45 48.8 52.2 54.8 57.7 59.2 61.3 62.9 65.8 69.1 72.2 73.9 76.3 79 77.9 69 65.4 61.3 56.6 50.5 49.9 56.7 67.8 75.1 78.4 79.9 81.5 82.1 81.1 80 78.9 78.4 77.9 76.3 72.9 74.7 77 76.9 77.1 77.4 78.5 79.4 79.2 78.3 77.9 77.2 76.3 73.5 70.2 62.1 63.9 72.7 76.2 76.6 74.8 73.2 72 70.1 67.7 66.6 63.6 67.9 68 66.3 64.2 61.2 58.4 58 57.6 56 55.2 54.4 53.7 54.6 55.3 56.3 56.1 54.9 53.2 51.9 50 49.1 48.9 49.8 50.7 50.9 54.2
49.9 49.4 48.3 44.2 38.2 35 35.1 36.4 38.7 41.2 43.9 46.9 49.9 51 53.2 55.8 59.3 65.3 71.7 74.4 77.3 79.5 82.1 83 79.9 76.1 70.8 62.7 55.3 52 57.4 66.9 76.9 81.3 84.1 85.6 85.4 84 82.9 82 81.5 81 78.2 75.6 77.8 80 79.8 79 79.1 80.5 81.8 82.2 81.6 80.6 79.2 77.1 74.1 68.6 62.9 68.2 75.3 78.7 79.3 77.1 76.1 75.2 73.7 71.8 70.7 64.7 71.3 71.5 69 67.2 65.4 63.2 61.8 60.8 61.7 60.3 56.8 55.8 58 60.5 61.6 61 59 56.9 55.2 53.1 52 50.8 49.9 50.8 51.1 53.6
48.2 47.7 46.9 43.7 38.5 35.2 35.6 36.9 38.1 39.7 42.1 45.7 47.9 49.6 51.8 53.8 56.9 61.2 67.3 70.4 73.1 77.2 83.6 87.6 88.4 86.1 77.7 66.9 58.3 55.2 59 66.3 76.9 84.2 87.6 89 88.9 87.5 86.7 85.7 84.8 83.3 80.2 78.3 80.2 81.6 81 80.9 80.8 82.3 84 84.5 83.4 82 80.5 78.6 76.2 69.4 64.5 69.8 78.1 81.1 80.7 79.4 79.3 77.7 76 75 72.2 68.5 74.3 75.6 74.1 72.7 69.9 67.2 67.6 69.3 69.3 66.4 63 59.9 61.4 63.5 63.2 62 59.9 57.7 56.4 54.9 53.7 52.6 51.4 50.5 51.4 52.9
49.1 47.4 44.3 41.2 37.9 36.5 37.1 38.3 39.8 41.9 44.2 46.5 49.3 52.3 55.1 56.6 58.2 59.2 62 65.9 72 77.9 86.6 91.2 92.5 89.2 79.9 68 62.2 59.3 61 66.5 76.2 87.5 90.9 92.5 92.3 91 90.2 88.8 87.3 84.9 82.8 80.9 81.7 84 83.8 83.6 83.3 83.7 85.6 86.1 84.7 83 81 79.4 77.5 70.3 66.1 72.4 80.5 83 82.6 82.2 81.9 80.4 79.1 78.3 75.9 72.5 75.1 77.4 77.4 76.6 73.4 72 72.8 73.1 71.3 70.1 68.5 64.7 62.7 64.3 64.4 62.8 61.1 60.3 58.8 56.7 55.4 54.3 53.1 52.9 52.8 52.7
51.4 48 43.5 40 38.6 38.6 39 41 42.8 44.8 47 49.3 52 55.1 57.4 59.3 61.6 62.6 65.7 70.7 78.1 85.9 91.8 95.3 95.8 89.9 80 69.3 63.9 62.4 63.3 68.6 77.8 88.5 94.3 95.4 95.2 94.4 93.7 91.9 89.6 88.8 86.9 85.2 83.8 86 87.2 87 86.8 85.6 87.1 87 85.6 83.7 82.7 81.3 79.4 71.1 67.4 74.1 81.9 83.9 84.1 84 84.4 83.3 82.3 81.3 79.6 75 77.8 79.6 79.8 78.6 75.6 75.2 75.8 75 73.3 73 71.5 67.9 66.5 67.1 66.2 64.7 63.2 62.4 61 58.8 57.4 56.1 55.4 55.3 53.6 53.5
54.5 48.9 43.8 40.8 41.5 42.1 42.6 44.5 46.2 47.9 50.1 52.2 54.6 57 59 61.5 63.7 65.9 71 80 87 92.7 96.1 97.7 97 90.1 79.7 70.2 65.7 65.2 66.5 71.6 80.6 91 96.1 97.4 97 96.4 95.4 93.3 93.3 93.6 92.2 88.7 86.6 87.9 89.8 90.4 88.9 88 89.1 88.4 86.9 85.5 84.4 83 80.3 71.8 69.6 74.8 81 84.4 85 85.5 86.2 85.6 85 84.3 81.7 76.8 82 82.4 82.3 80.9 78 78.1 78.1 76.3 76.4 75.5 73.7 71.5 70.3 69.8 68.1 66.5 64.9 64.5 63.3 61.4 60.7 59.3 58.5 58.1 57 55.2
54.3 49 44.7 43.1 43.4 44.6 46.2 48 49.6 51.1 53.2 55.3 56.9 58.6 60.5 62.9 64.8 69.4 77.2 84 92.1 96.3 98.7 100.2 97.7 90.6 80 71.1 67.8 69.3 70.8 75.9 84.5 94.5 98.8 99.8 99.8 98.8 97.3 97.2 98.5 98.4 95.6 92.4 89.1 90.7 92.4 92.6 90.9 90.4 91.5 90.8 89.1 87.6 86.5 83.9 81 73.8 69.8 74.4 80.2 84.4 86.6 88.2 88.7 88.5 87.9 87.1 83.2 80.5 86 84.9 84.8 83 80.5 79.6 78.7 78.1 77.9 77.4 75.4 74.5 73.8 72.5 70.8 69.2 68.8 67.2 65.7 65 64.3 63.3 62.4 61.2 59.8 58.6
52.5 48.6 46.2 45.1 45.6 47 49.1 51.4 52.9 54.5 56.3 58.2 59.3 60.7 62.5 63.8 67 70.3 76.1 83.1 91.5 97.5 100.8 102.7 101.7 92.5 81.4 72.8 70.9 73.8 78.9 84.2 89.6 97.9 101.2 102.3 102.6 101.2 100.5 103.3 104 102.1 98.8 94.9 92.8 94.7 94.8 94.2 93.7 93.3 93.6 93.1 91.2 89.8 88 84.9 80.3 72.7 71.5 75.3 80.2 83.8 86.5 90 91 91.3 90.4 89.5 83.4 84.4 86.4 86.4 86.6 85.3 83.8 82.9 82 81.1 81.2 79.5 77.6 77.7 77.1 75.3 73.5 73.4 72.7 71.3 69.7 68.6 68 67.3 66.4 64.9 62.4 57.5
51.3 49.7 48.1 46.9 46.5 48.1 50.8 53.6 56.2 57.8 59.5 60.5 61.5 62.8 63.9 65 67.5 70.7 74.5 80.3 86.1 94.5 101 104.1 103.1 94.7 84.3 76.1 75.1 81.9 88 95.1 100 101.7 102.6 104.5 104.8 103.8 104.9 107.6 107.7 104.2 101.1 97.3 97.2 98.3 98.8 98.5 97.2 96.7 96.1 95.2 93.3 91.7 89.2 86.1 77.7 71.9 76.1 80.2 82.9 85.3 89.1 91.1 93.1 93.3 93.3 91.5 85.3 89.4 89.6 88.4 88.3 88 87 86.2 85.2 84.3 83.8 81.8 80.6 80.6 80.4 78.7 77.5 77.6 76.6 75.5 73.8 72.8 71.8 71.1 69.7 66.3 58.9 61.4
50.3 50 47.4 45 44.7 46.1 49 52.9 56.5 59.5 61 62 62.8 64.1 64.9 64.8 66.4 69.6 72.9 77 81.8 89.9 97.6 102.8 103.4 99.1 89.9 81.8 82.1 89.5 97.5 101.8 103.3 104.9 105.7 107.2 108.4 108.3 109.3 109.9 108.6 105.5 102.5 100.2 101.7 102.3 102.4 101.9 100.9 100.4 99.9 97.4 94.6 92.5 90.2 84.7 76.6 75.8 79.4 83.6 87.2 89.6 92.2 94.1 94.8 95 95.3 93.9 92.5 92.8 94.4 93.4 93.1 92.8 89.7 89.2 88.2 87.5 86.4 85.1 84.3 84 83.6 82.7 81.9 81.4 80.3 79 77.9 76.9 75.8 74.3 71.3 63.2 62.5 66.4
41.1 40.7 39.7 39.6 39.6 40 42 45.1 49.1 52.4 55.2 58.4 60.6 62.4 63.4 63.7 64.9 68.1 70.5 73.9 78.8 85.5 92.9 99.1 103.6 101.5 95.5 90.9 90.6 96 103.3 105.9 107.4 108.7 110.1 112.6 114.6 115.5 114.8 113.8 111.7 108.3 105.7 103.8 105 105.7 104.9 104.3 103.4 102.2 101 97.8 94.9 92 88.8 81.5 75.2 79.5 83.7 86.7 90.5 93.4 94.9 96.4 96.8 97.5 97.5 96.9 95.3 96.3 98.7 98.3 98.1 98.3 94.4 93.7 92 90.9 90 88.3 88.1 87.4 86.8 86.2 85.7 85.5 83.7 81.8 81.1 79.5 78.5 76.2 69.6 63 71.4 74.1
32.2 32 32.1 31.8 32.4 34.4 35 37.9 40.3 42.9 44.8 47.5 49.8 51.7 54.5 57.1 60.2 64.1 68.1 71.3 75.7 80.6 85.6 91.2 95.5 98.8 100.6 100.5 101 103 106.7 108.6 111 113.3 116.3 119.2 121.4 121.6 119.3 117.2 114.9 111.2 108.6 106.9 106.5 107.3 106.9 106.1 105.1 103.9 102 97.9 92.9 89.1 83.9 78.5 78.8 83.6 87.8 91.5 94.5 96.3 97.3 98.6 99.9 100.7 99.7 98.7 98.5 101.4 104 104.2 104.2 103.1 99.8 97.9 97.3 96.4 94.8 94.3 93.7 92.9 91.6 91.9 91.5 90.7 88 86.5 84.7 83.2 81.3 75.2 66.3 71.8 76.5 80.1
25.9 25.7 26.4 25.5 25.8 28.3 29.5 32.2 34.4 35.9 37.9 40.3 41.5 43.8 46.4 48 51 56.4 62.6 67.5 70.7 74.6 80.5 83.1 87.6 90.8 96 104.6 106.5 107.1 108.3 110.7 113 115.4 120.1 124 126.8 127.1 123.7 120.2 116.5 113.2 111 109.3 108.6 108.3 107.7 106.6 105.6 104.1 101.5 96.6 90.6 86.2 81.7 77.7 81 85.5 91.6 95.1 98.5 99.1 100 101.8 103.7 104.9 104 102.7 104.2 107.5 109.5 110 110.3 108.5 104.8 102.8 103 102.4 100.9 100.9 99.6 98.1 97 97.3 96.9 95.9 94.4 92.5 88.7 84.3 79.3 70.7 68.6 75.2 79.9 85.6
20.1 20.6 19.8 19.3 19.8 22.3 24.2 26.6 29.1 30.4 31.6 33.8 34.9 37.2 40.6 42.1 43.9 47.2 53.1 57.9 63.2 69.2 71.4 75.1 80.1 83.1 87.6 93.7 102.6 106.9 108.6 110.7 113 115.9 120 125 130.2 130.2 126.9 122 117.6 115.4 113 110.5 109.3 108.8 107.6 106.1 104.5 102.4 99.2 94.2 86.2 83.2 80.6 80 82.6 86.1 92.1 97.4 99.5 101.5 103.3 105.7 108.3 109.3 109 109.5 110.4 113.4 116.3 116.6 116.9 116.1 111.9 110 111.3 111.4 109.9 109.5 106 103.9 103.7 103.7 102.1 100 97.9 94.3 89.1 84.1 77.4 67.7 74.8 80.4 84.5 89.9
14.4 15 15 14.7 15.5 17.5 19.1 21.2 23.8 25.5 26.6 27.9 30.7 32.5 34.5 36.2 38.6 42.1 46.2 50.8 54.1 58.2 61.7 66.1 70.4 74.7 79.2 84.1 89.5 95.5 102 109.8 112.6 114.9 117.9 123.8 128.5 129.6 126.4 122.7 118.9 117 114.8 111.2 109.7 109 107.9 106.3 105.5 103.7 100.3 95 86.6 84.4 82.6 81.8 83.1 86.7 91.9 96.3 98.8 102.1 105.9 110.6 114.4 116.7 118 119.1 119.4 121.8 123.8 123.9 123.8 121.8 118.8 119.3 120.2 119.5 118.4 116.2 112.8 112.1 111.5 109.9 106.1 102.9 99.6 95 89.5 83.4 74.3 67.5 79.3 86.3 90.9 96.3
10 9.3 9.5 9.9 10.5 13.3 14.4 16.5 18.7 20.4 22.1 24.3 26.2 27.6 28.4 30.4 33.7 36.8 41.1 44.4 46.9 50 52.6 55.7 59.3 63.1 69.8 74.9 79.1 84.7 90.7 98.6 106.6 112.3 115.6 120.6 124.9 126.6 125.2 121.7 117.8 115.7 114 111.4 109.7 108.9 107.9 107.5 106.1 103.2 98.1 94.6 90.1 85.8 84.5 83.6 85 88.3 91.6 95.3 99.5 103.1 109.8 115.7 120.4 123.1 125 125.3 126.5 128.4 129.2 129.6 127 125.1 124.6 125 125.1 124.1 123.3 121.4 120 117.3 116.8 113.6 107.8 102.6 98.8 94 88 80.8 71.9 70.1 83.2 90.2 94.5 100.2
4.5 7.1 7 7.7 8 8.7 10.6 12.5 14.4 16.3 18.4 20.3 21.6 21.6 22.1 27 30.3 32.8 35.9 40.3 42 43.8 45.3 48.6 51.5 53.9 58.3 63.2 66.3 74.2 81.1 87.2 95.1 106.7 113.2 117.6 121.1 122.4 121.9 119.4 116.6 114.9 113.5 112.2 110.7 110.1 108.4 107.4 106 102.8 98.6 94.6 88.2 85.3 84.6 84.2 88.5 90.2 92.9 95.7 100.9 106.3 113.5 120.4 124.9 127.2 129.3 130.3 131.5 133.3 133.2 133.3 129 127.9 129.8 130.6 129.9 128.4 127.3 125 122.1 119.3 116.5 111.8 105.5 100.6 95.4 89.8 82.4 75.2 69.3 71.4 84.3 91.9 97.1 102.4
-1 2.7 4.3 6.9 6.8 6.9 6.9 8.9 10.8 12.3 14.2 15.3 16.4 16 20.3 22.8 26.5 28.8 31 33.8 36.1 37.4 39.9 42.6 45.4 48.1 50.2 53 57 63.6 71.1 78 85 95.6 109.7 115.6 117.5 118.2 118.8 117.1 115.6 114.6 113.4 112.5 111.9 111.2 109.4 107.4 105.8 101.9 96.7 90.7 86.2 83.1 82.5 86.3 91.1 93.6 96.8 99.9 102.2 108.1 115.1 121.3 126.7 130.4 132.6 133.8 135.7 138 137.5 134.4 131.7 131.8 134.2 135 133.7 132 130.1 126.6 122.5 117.8 113.4 107.5 101.6 96 89 82.2 78.2 79.9 77.6 72.4 80.1 90.6 96.6 101.6
-1 -1 1.1 3.6 5.7 7 6.3 6 7.5 7.7 8.3 10.1 10.8 13.3 15.7 17.6 20.7 23.3 26.4 29.1 31 31.9 35.1 36 39 41.8 44.4 46.4 49.7 55.6 63.1 70.5 77.4 86 98.6 107.9 114.5 115.6 115.7 115.2 114.9 114.5 113.8 114.1 113.2 112.1 110.4 107.3 100.4 94.6 85.7 82 79.6 76.9 82.6 86.3 91.7 98.2 101.7 105.8 109 112.2 114.7 120.5 127.1 131.9 135.2 137.6 140 142.3 142.5 138.2 136.6 135.9 138.1 137.1 135.1 133.1 130.8 126.9 121.8 115 107.9 101.7 95.7 89.2 84.7 86.9 87.6 86.5 83.3 78.4 76.4 86.6 94.5 99.4
-1 -1 -1 -1 1.5 4 5.9 6.6 6.4 6.2 6.1 5.9 7.2 9.8 11.3 12.9 15.5 17.7 20.1 23.5 25.7 28.1 29.8 30.4 33.9 36.4 38.6 40.5 43.6 50.2 57.1 64.2 72.2 79.9 86.3 93.1 99.7 106.4 111 112.5 113.7 113.8 114.7 115.4 114.7 111.6 106 95.7 89 83.6 78.1 75.2 73 72.8 81.4 88.2 93.5 100.5 106.6 109.9 112.2 116.4 120 125.8 131.4 134.7 137.6 141.1 144 148 148.9 144.4 142.2 140.4 140.2 138.6 135 132.2 129.7 123.8 117.1 110.1 104.6 98 91.3 92.6 95 96.1 95.9 93.9 88.7 84.7 77.5 81.7 90.6 97
-1 -1 -1 -1 -1 -1 2.5 5.1 6.2 6.3 6.3 5.1 5.3 6.3 7.7 9.2 11.9 13.8 15.6 18.2 19.8 22 23.5 24.2 27 29.4 32.6 36.1 40.9 46.9 52.6 61.3 69.3 74.8 79.8 84.3 89.2 92.9 95.6 100 103.8 108 112.2 114.2 113.5 108.4 94.8 87 81.1 76.4 71.6 68.8 67.9 71.7 79.7 86.8 96.9 104.9 108.4 111.3 114.2 118.1 123.3 128.1 134.3 138.3 141.6 144.9 149.5 153.6 157.6 151.8 147.7 145 141.7 138.9 134.7 130.3 125.4 118 111.9 106.1 101.2 96.5 93.7 99.9 101.8 102 101.4 100.2 96.2 91.1 82.9 78.8 86.7 92.4
-1 -1 -1 -1 -1 -1 -1 -1 2.2 3.4 5.6 6.3 5 5.2 5.2 6 7.8 9.8 11.2 13.4 15.4 16.4 17.7 17.5 20.8 24.4 29.2 34.3 40.7 46.7 52.2 58.4 65.2 70.7 73.8 76.3 80.9 83.9 87.4 90.2 93.6 96.4 99.9 103 101.4 96 85.2 79.4 73.3 69.6 65.3 62.6 62.7 68.5 75.9 84.1 94.5 105.2 110.6 112.8 114.7 117.6 123.9 130.8 136.9 141.8 145.9 150.8 157.1 161.3 167.5 164.3 156.7 148.2 144.4 138.9 132.8 125.9 119 114.5 108.8 103.7 100 96.9 97.5 102.2 104.4 105 105.1 104.1 102.1 95.6 90.4 83 82.8 89.1
-1 -1 -1 -1 -1 -1 -1 -1 -1 1.4 3.9 6.2 7.3 5.1 5.2 5.2 5.2 6 7.6 9.3 9.6 10.8 13 15.8 21.1 26.4 30.5 34.3 39.5 44.5 49.6 54.5 59.4 63.9 68.2 71 74.1 76.9 79.6 82.3 84.7 87.3 89.2 90.5 86.8 75.8 68.3 67.8 66.4 62.7 59.3 56.9 58.8 66.5 72.8 79.9 89.1 99.1 110.1 114.9 116.3 118.2 123.9 132.7 139.9 145 151.2 156.4 163.3 169.8 173.3 172.2 162.2 152.2 145.2 138.7 131.4 124 118.6 112 106.9 104 104.2 104.4 102.9 103.7 106.3 107.2 107.3 107.5 105.8 100.7 96.4 90 81.6 86.7
-1 -1 -1 -1 -1 -1 -1 -1 -1 -1 -1 1.9 3.9 7.1 6 5.2 5.2 5.2 5.2 5.7 6.6 7.1 10.6 14.9 19.6 23 26.7 31.6 35.8 40 45.2 50.2 54.8 57.9 61.6 64.9 67.9 71.3 73.2 76.2 77.3 79.3 79.2 79.3 75 66.8 56.6 54.6 58.1 54.7 52.2 52.1 55.9 63.1 69.1 76.6 84.4 93.1 105.8 115.6 119.5 123.1 128.1 136.1 142.3 148.1 155.9 162.1 167.5 173.4 177.1 173 160.7 150.7 143.8 139.5 132.9 125.7 120.2 113.7 108.6 108.7 108.2 108.5 107.3 105.7 106.5 108.9 109.8 109.9 109.3 107.3 101.5 94.4 86.5 84.3
-1 -1 -1 -1 -1 -1 -1 -1 -1 -1 -1 -1 -1 2.6 5.3 7.1 5.6 5.2 5.2 5.2 5.5 7 9.1 13.2 16.7 19.6 22.8 27.9 32.2 36 40.7 45.8 49.6 52.6 55.6 58 61.5 64.6 66.1 69 70.8 71 71.8 71.6 69.8 62.5 52.6 45.4 46.3 47.1 44.5 46.7 53.1 59.4 65.1 71.3 79.8 88.1 99.3 113.8 120.9 125.9 130.9 138.4 143.9 150.3 157.4 164.9 170.6 176.1 178.7 170.8 156.7 149.9 141.3 136.2 131.9 128.2 122.7 114.4 112.6 114.1 113.1 112.3 111.6 109.7 107.9 109.3 112 112.7 112.3 110.6 105 99.1 90.3 83.7
