webserver/python/data/SY59.asc
ncols 200
nrows 200
xllcorner 350000
yllcorner 90000
cellsize 50
[rows 72 to 107 of 200, columns 80 to 159 of 200]
123.6 125.2 126.5 129.4 134.7 140.1 145.6 149.4 149.5 150.5 152.5 155 156.3 159.1 163.7 169.3 173.9 180.9 186.2 191.3 193.9 196.2 197.3 196.2 193.8 190 184.3 174.9 167 159.1 154 149.7 144.7 141.6 141.3 142.5 143 140 135.1 133.5 141.3 146.8 153.1 164.3 174.8 182 186.5 190.1 191.5 191.7 188.6 183.1 175.8 163.6 154.7 147.9 143.8 140.9 142.5 145.7 146 150 154.6 158.2 162.5 168 171.4 176 179.6 182 186.9 187.7 186.8 185.2 183.5 183 183.5 183.7 182.5 180.8
116.1 118.8 122.3 127.1 133.3 138.6 144.9 150.2 154 154.5 155.6 159.3 161.5 164.9 168.6 172.2 178.6 184.2 189.5 194.1 196 197.9 198.4 196.3 193.1 188.2 182.7 171 161 154.5 150.2 146 144.1 144.9 147 147.8 147.1 144.5 141.4 134.7 141.6 147.8 153.6 166.3 176.8 183.4 188 191.1 192.4 191.6 187.8 181.7 172.6 158.6 151.5 146.8 144.3 145 149.6 152.2 153.8 157.7 163.2 170.2 175.1 178 181.4 183.6 185.9 187.7 189.5 187.2 183.8 181.6 179.5 178.7 180.3 180.3 179.7 178.5
111.2 116.2 123.1 127.1 132.6 137.6 143.9 149.7 155.6 158.9 161.5 162.6 166.8 169.9 173 177.6 183.9 189.1 193.7 197.5 198.8 199.6 198.2 195.2 190.8 185.7 175.7 163.8 157.6 152.3 148.6 148.2 151 152.2 152.2 152.6 152.2 151 146.8 136.4 143.8 149.2 155.5 168.2 178.5 184.7 188.8 191.9 193 190.2 186.3 179.2 169.8 156.9 149.6 148.5 146.9 150.2 155.2 158.2 164.2 167.9 173.7 179 181.9 183.8 186 187.2 189 189.4 188 184.7 181 175.7 170.6 171.3 173.5 175.5 175.9 175.3
113.3 119.2 125.4 129.5 133.6 137.9 143.1 150.7 157.6 162.7 165.7 167.3 170.6 174 178.6 182.9 187.9 193.2 198.1 199.6 201.3 199.8 197.8 193.3 187.5 181.7 168 160.5 155.4 153.2 152.5 155.7 157.3 157.4 157.4 158.1 158.1 154.5 150 140.1 142.7 148.9 157.6 169.7 179.4 185.4 189.9 192.2 192.7 190.2 184.3 176.9 164.8 154.2 149.9 152.6 153.6 157.1 162.6 168.6 174.9 180.8 182.6 184.4 186.8 188.4 189.5 190.1 190.2 189.1 186.6 183.7 177.7 169 159.6 161 164.3 165.4 165.7 168.2
113.1 119.3 125.1 130.9 135.8 141 144.9 151.8 158.6 164.7 170.1 172.3 175.3 180.5 184.9 189.3 193.7 198.1 201.3 202.4 202.2 200.3 195.8 190.9 184.8 172.7 164.3 159.8 157.8 160.2 162.8 163.4 165 165.8 166.5 164.1 160.1 155.8 149.8 140.9 143.7 149.8 159.4 171.1 179.9 185.7 190.4 193.1 192.2 188.9 182.6 174.4 162.7 153 156 162.7 167.9 173.4 177.1 181.3 184.7 186.2 187.5 187.4 189.8 190.2 190.9 191 190.2 188.5 185.9 182.6 177 168.1 155.4 147.9 151.1 154.8 158.1 158.1
111.8 118.8 125.3 131.2 136.6 141.1 146.2 152.3 158.9 166.4 174.3 176.5 181.4 185.7 191.2 195.4 199.6 201.8 204 204.3 202.3 199.1 193.9 188 177.3 166.4 163.4 163.3 166.5 171.3 175.5 176.8 176.2 173.1 171.6 167.4 159.4 155.6 149.1 141.5 146.4 154.5 164 173.4 181 186.3 190.7 192.8 191.8 188.6 180.2 172.5 160.2 157.7 165.5 171.4 176.7 181.9 185.6 188.7 189.7 189.9 190.3 190.4 191.1 191.3 191.6 190.8 190.1 187.8 185 181.5 176 168.3 158.8 149.5 140.6 140.1 147.7 149.4
111.1 118.5 124.9 131.6 136.3 141.3 148 154.4 160.8 166.8 173.8 182.8 187.3 192.3 197 201.3 203.3 205 205.9 204.1 202.3 197.4 191.8 181.2 174.5 170.4 171.5 175.7 178.2 181 182.5 182.8 182.4 180.5 176.3 169.7 160.2 155.6 147.5 142.9 148.4 157.6 166.6 175.8 183.1 188.4 192 193.5 191.7 187.7 179.6 170.8 161.5 168.5 173.4 179.9 185 188.4 190.6 191.5 191.5 191.4 191 191 191 191 190.7 189.9 187.7 186.2 183.3 179.8 174.7 167.2 159.3 151.3 143.1 135.1 135.1 138.4
111.8 120 126.1 131.7 139.7 142.1 149.2 156.3 163.4 168.5 174.3 185.9 193.7 198.4 202.3 205.4 206.9 208.2 207.7 205.4 201.6 195.3 188 182.6 182.5 183 183.4 184.2 185 186.1 187.8 187.8 186.3 183 177.3 168.2 160 154.5 144.7 143.9 150.6 160.4 169.4 178.3 184.8 189.4 192.7 193.1 191.4 187.3 178 168.6 170.4 176.8 182.2 186.7 189.3 191.4 192.4 192.7 192.3 191.4 190.4 190.1 190.1 189.7 189.2 187.7 185.7 183.9 180.5 177 171.8 165.1 157.3 148.3 140.1 133.2 128.4 130.2
113.1 120.7 127.1 133.4 139.6 144.6 150.3 157 163.4 169.5 173.5 184.6 198.4 202.3 206.2 208.8 209.7 209.4 207.6 205.9 202.6 197.6 192.8 191.7 191.3 190.3 188.9 189.1 189.9 190.3 190.2 189.6 187.4 183.6 177.5 167.8 159.8 152 145.1 148 153.8 164 173.8 181.3 187.1 190.7 192.9 193.9 192 186.7 177.6 173 178.4 184.6 187.8 190 191.3 192.4 192.8 192.4 191.3 190.5 189.7 188.1 187.5 186.9 185.9 184.8 183.1 180.3 177.2 173.1 167.8 160.6 153.2 141.8 133 127.8 124.5 123.1
113.1 119.9 126.8 134.9 143.3 143.8 147.3 157.5 164.6 169.2 174.4 181.4 202.2 207.1 209.9 211.5 211.5 211 209.8 206.7 205.3 202.2 199.1 197.2 195.7 194 192.3 190.9 190.6 190.5 190 188.4 185.9 181.8 176.1 165.3 158.8 150.9 145.5 151.3 159.5 169 177.5 185.2 188.4 191.5 194.4 193 191.3 187.1 179.8 181.4 185.7 188.6 190.6 191 191.7 192.3 192.2 191.6 190.3 188.6 187.1 184.7 183.1 182.1 181.6 181.1 179.1 176.4 173.1 168 160.8 152.7 143.9 134.7 127.1 123.7 120.8 120.2
113.6 121.8 128.5 135.1 143.7 144.6 147.6 159.1 164.8 170.2 174.9 178.8 202 210.6 212.6 213.3 213.2 212.3 209.8 208.3 206.3 205 201.1 198.7 197.2 194.7 190.9 189.8 188.4 187.1 187 184.9 182.7 179.3 173.3 162.9 154.7 148.6 149.5 158.6 169.1 177.1 183.1 188.4 190.3 192.3 195.2 193.6 191.6 187.8 185.2 187.8 189.7 191 191.2 191.4 192 191.7 191.5 190.4 188.6 185.7 183.4 179.9 176.9 175.8 176.6 176 174.5 171.7 167.5 161.9 149.9 140.7 134.4 127.9 124 120.6 118.5 116.8
113.1 120.5 128 135.5 143.5 144.1 149.5 159.4 164.5 170.1 175 180.6 201.9 212.4 213.6 214.3 213.4 212.3 210.5 208.5 206.6 203.8 201.3 198.6 195.2 192.3 188.6 186.6 185 183.5 183.4 181.6 179.9 176.7 167.9 157 150.9 149.2 154 164.5 174.8 182.5 187.9 191.3 193.3 194.8 196.3 195 192.7 189.7 189.4 190.7 191.2 191.6 191.7 191.6 191.2 190.7 190.5 188.9 186.6 183.6 180.7 173.5 169.5 169.1 170 169.4 168.3 165.1 161.2 154.3 143.9 135.6 129.2 124.8 121.5 118.3 115.5 113.4
118.3 118.5 129.8 136.9 141.2 141.4 149.4 159.7 164.5 171.1 176.9 182 202.4 214.5 215.1 215.4 214.3 212.8 210.4 208.3 205.4 202.3 198.7 195.1 191.5 187.9 182.4 177.3 172.1 171.2 171.6 173 174.2 168.5 159.3 152.7 150 153.3 161.3 171.5 180.2 187 191.4 194.2 196.3 197 197.3 196.1 193.9 192.8 191.8 191.7 191.5 191.6 191.4 190.6 190.2 189.8 188.5 186.4 184.3 181.5 176.9 169.5 161.8 160.8 162.1 161.9 161 157.6 151.9 146.5 139.9 132.1 125.7 122.2 119.8 116.4 114.6 113.4
123.2 121.4 129.4 137.9 139.7 139.5 150.9 160.1 166.9 174.3 179.8 185.4 204.5 215 215.5 215.7 214.5 212 209.5 206.5 202.9 199 194.3 189.4 181.8 175.7 168.9 166.9 164.9 163.5 161.5 160.5 160.2 156.7 152.8 151.7 154.7 160.8 171.3 179.1 186.3 190.9 193.6 196.7 198 198.4 198 196.6 195 194 192.8 192.1 191.5 190.7 189.8 189 188.3 186.8 185.4 183.1 180.5 176.6 172.9 166.8 159.7 152.9 154.3 154.7 153.5 150.3 145.6 140.6 135.6 128 122.7 119.4 117.2 115.3 115.2 114.7
129.4 125.8 130.3 135.8 135.9 143.7 152.8 160.6 169.5 175.1 180.7 186.3 207.3 216.3 216 215.7 213.9 211.1 206.8 201.8 197.6 191.8 186.2 179 175.8 174.4 172.3 170.9 169.9 166.3 161.2 154.7 153.3 153.6 154.1 156.8 160 172.8 179.8 185.7 191.7 194.8 197.1 198.4 199.4 198.7 198.2 197.3 195.6 193.7 192.6 191.5 190.3 189.2 188.2 186.9 185 182.9 181.1 178.3 174.2 171.1 167.2 162.3 158.6 150.4 145.3 148.8 148.3 145.7 141.3 136.7 131 125.3 120.6 117.3 115 116.1 117.7 119.7
134.9 131.4 132.4 137.7 139.7 147.6 156.2 163 172.4 177.1 181.3 187.4 209 217.2 217.1 215.8 213.4 208.2 202.8 196 190.7 187.7 186.6 187.5 187.6 185.6 184.5 182.1 178.7 170.2 160.2 153.8 156 158.4 159.9 167.3 175.2 180.1 186.2 191.5 195 197.5 199.1 199.7 199.2 198.5 197.6 196.4 195.1 193.3 191.7 189 188 186.7 184.8 182.8 180.9 177.7 174.7 171.2 167.3 162.9 159.8 158.4 156.1 149.7 141.4 139.7 144.7 143.6 139.4 134.8 128.3 122.7 118.1 115.7 119.1 121.3 124 125.9
136 133 135.9 138.8 145.9 151.8 159.7 165.3 174.4 180.1 183.6 198.1 216 217.5 217.4 215.7 212.5 206.7 199.4 195.8 196.6 196.8 196.6 196.1 194.7 191.3 187.2 184.5 176.7 166.5 157.6 159.8 162.2 164.3 169.9 176.9 182 187.3 192 195.4 197.6 199.6 199.6 199.8 198.7 197.9 196.6 194.9 193.8 191.6 188.7 185.4 183.8 181.8 179.8 177 174 170.6 166.7 163.2 159.1 154.1 153.2 152.7 152.6 149.1 140.4 134.5 135.9 139.8 137.5 132.2 124.4 119.1 116.5 120.5 125.8 130.1 132.1 133.8
140.2 138.1 139.3 142.3 149.2 156.8 162.3 167 177.6 182.6 191.9 206.9 217.6 218.9 218 216.7 213.3 208.3 204.7 204 204.3 203.7 202.8 201.2 197.4 192.2 187.1 181.7 170.1 161 162.4 165.4 168.2 171.7 178.4 182.6 188.2 192.4 195.8 198.2 199.1 199.5 199.5 199.1 198.1 196.6 195.1 193.1 190.5 187.9 184.5 180.6 177.8 176.2 173.2 170.2 166.7 162 158.2 155.2 150.2 141.3 141.2 144.1 145.8 146 140.7 133.7 127.6 133.4 133.5 122.8 118.5 118.3 121.6 127.4 134.8 141.7 146.4 148.9
146.2 142.1 142.5 143.6 152.7 161.6 166.3 171 179.7 185.3 205.6 217.4 220.5 221.1 219.4 218.4 215.7 213 210.9 209.8 208.9 207.2 205.8 202.8 197.4 191 185 174.4 164.2 162.7 167.4 171.4 176.3 180.3 184 188.7 193.1 196.6 198.3 199.4 199.5 199.7 198 196.8 196 194.4 192.1 188.9 186.2 183 176 175.7 172.4 169 165.5 161.6 159.3 155 149.7 146.2 140.3 135.1 132.9 132 136 139.8 139.1 135.7 128.3 124.4 124 120.1 118.2 121.9 127.6 133.8 145.4 153.4 156.4 156.7
152.2 146.6 146.2 145.8 156.3 164 169.5 174.9 182.3 192.5 213.7 220.4 222.6 222.7 221 220.3 218.5 216.7 215.1 214.1 211.9 210.2 207.1 202.3 195.6 188.1 178 167.6 168.4 169.1 171.2 177.5 182.2 186.6 190.1 193.4 197 198.5 199.6 199.7 199.6 198 196.4 194.5 192.3 190.3 187.8 184.8 181 177 172.4 166.7 162 159.3 156.7 153.6 150.7 148.1 141.1 135 130.3 126.9 125.2 124.3 127.1 131.5 132.2 130.8 126.4 122 119.4 118.6 121.6 127.5 134.1 144.3 154.4 160.4 162.2 159.7
159.6 150.8 149.8 146.7 156 165.7 170.5 175.6 183.3 192 212.7 222 224.3 224.2 223.1 222.4 221 219.6 218.3 216.4 214.7 211.4 207.6 201 193.4 183.5 173.2 173.2 175.2 175 174.9 182.3 187 191.9 195.3 197.6 199.5 200.8 200.6 199.5 198.1 195.5 192.6 190.5 187.8 185.2 182.3 179.8 174.8 170.6 163.8 159 155.6 152.4 149.6 146.4 143 137 129.3 127.4 126.7 128.7 130.7 128.2 125.5 125 123.2 122.8 121.1 120.7 119.5 120.6 126.3 132.5 141.4 151.6 160.2 165.2 164.7 161
166 157.3 154.2 149 154.1 164.3 170.8 175.3 183.5 191.7 210.9 222.9 225.6 226.1 225.4 225 224.2 222.9 220.4 218.5 215.7 212 206.8 200.1 190.3 180.3 178.6 182.9 182.8 180.8 181.1 186.3 192.3 196.7 199.1 200.6 201.9 201.5 201.1 198.8 195.8 192.7 188.8 184.6 180.6 178.7 176.6 173.9 170.5 165.2 158.8 155.1 152.1 148.3 147.1 134.7 133.5 129.3 129.2 131.5 135.7 136.2 138.6 133.6 131 128.9 127.9 127 130.4 128 121.3 122.1 128.3 136.2 145.9 155.9 163.5 168.1 167.7 163.2
170.7 166.1 160.8 153.9 152.6 162.2 168.4 174.1 179.9 188.5 208.1 222.6 226.9 228.5 227.6 227.2 226.5 224.8 222.5 219.3 215.9 211.2 205.3 194.9 185.8 184.4 188.9 190.5 190.1 187.2 184.6 189.9 196.1 200 202.1 202.8 203.5 202.4 201 198.6 194.5 190 183.8 177 172.8 170.7 168.9 167.8 164.7 160.4 155.5 151.5 147.8 143.3 142 134.9 129.5 131.3 137.9 141.8 143.8 144.1 143.4 141.7 140 138.5 137.8 136.7 135.9 128.8 123.2 123.6 129.2 138.3 148.4 158.6 166.5 171 170.1 165
178.8 175.7 170.2 163.2 158.3 157.2 167.4 173 178.4 186.1 205 222 227.2 230 229.6 229.9 228.6 226.3 223.4 219.8 215.8 208.9 200.1 190.1 187.4 192.9 196.9 198.7 197.3 194.3 190.5 194.3 198.9 202.8 204.5 205 204.5 203.6 201.6 198.4 194.4 189.2 183.6 175.4 170.6 165.1 161.1 160.2 160.7 158 153.3 147.9 143.9 139.8 136.2 132.6 130.6 137.9 143.8 146.8 148.8 151.1 154.7 155.3 154.7 153.7 152.5 146.5 138.6 130.5 125.5 125.3 130.8 140.5 151.2 162.3 169.1 173.1 172 166.2
187.4 183.7 177 171.2 167.7 160.9 166 170.6 175.8 182.3 203.9 220.7 227.8 231 232.4 231.6 229.8 227.3 224.1 219.6 213.4 203.9 194.6 192.9 197.3 201.8 203.8 204.2 202.7 200.5 196.8 198.6 202.8 205.1 206.3 206.5 205.2 203.9 201.5 198 194.4 190.2 185.4 178.4 172.9 166.4 157.6 153.4 154.3 153.6 151.1 146.1 141.7 136.7 133.6 130.9 133.8 142.2 146.7 150.7 155.8 162.1 167.3 168.8 169.5 168.9 165.6 151.7 139.3 131.7 126.9 127.4 133 144.1 156.2 167.2 172.2 175.9 174 167.4
190 188 184.1 180.4 175.7 168 159.4 164.3 170.9 179.3 201 219.1 226.7 231.7 233.4 233.4 231.1 228.5 224.5 218.3 209.5 202.1 201.8 203.7 205.9 208.6 209.5 209 207.4 205.2 202.7 203.9 205.4 206.8 207.6 207.2 206 203.8 200.9 197.4 193.9 189.6 184.5 179.2 173.4 167.2 159.2 152.1 149.3 148.2 147.3 144.8 139.1 134.1 131.2 131.8 137.9 150 152.1 156.7 164.2 170.2 173.9 175.4 174.8 173.1 167.5 152.6 140.1 133.3 126.9 131.2 137.6 149.3 163.4 171.4 176.5 177.8 176.2 169.2
194.8 189.6 184.9 181.5 177.2 167.6 165.2 164.5 168 175.7 189.6 213.1 225.2 230.4 233 235.1 232.9 230.4 226.3 220.2 213.8 211.4 211.6 211.8 213.2 213.7 213.5 212.5 211.4 209.7 207.9 207.9 208.6 208.1 207.7 207.2 205.6 203.1 200.1 196.1 191.6 187.4 182.7 177.7 172 166.8 158.5 150.9 145.6 143.2 143.3 140.5 136.2 133.4 135.7 133.5 138 150.5 159.8 163.1 169.4 175.3 178 178.4 177 174 167 154 142.8 134.7 127.9 134.7 141.3 155.6 167.8 176.2 180.1 179.6 178.2 170.7
218.2 202.5 196.8 188.8 178.1 173.5 174.9 175.7 170.5 172.9 185.3 208.3 223.8 231.3 234.2 236.6 234.5 232.1 228.3 224.5 221.8 219.4 218.6 217.4 217.5 217.6 216.6 215.6 214.4 212.4 211 210.5 209.5 208.5 207.9 205.6 201.8 200.4 197.2 193.2 189.1 184 179 173.7 169.4 163.7 156.1 149.5 143.8 140.7 138.2 135.6 135.5 137.6 138.2 133.1 142.1 155.1 164 168.9 174.3 178.7 180.4 180.2 177 171.5 164.5 158.2 147.2 134.9 129.9 136.7 143.4 158.8 172.8 180.5 183.2 182.1 179.1 173.5
230.9 225.9 210.7 200.4 191.6 183.6 187.6 192 179.6 173.8 184.2 204.3 223.1 231.7 235.2 238.3 236.1 234.3 231.5 228.6 226.4 224.2 222.8 221.4 221.5 220.5 219.8 218.1 216.6 215.5 212.3 210.5 209.7 208.4 205.8 203 199.1 195.6 193.3 188.6 184.7 179.5 174.7 170 165.6 158.5 151.5 145.8 141.3 136.6 135.2 138.6 140 139.2 135.6 137.7 146.3 159.7 166.9 172.9 178 181 182.3 180.2 175.6 168.7 161.5 146.5 141.2 132 134.4 139.5 146.3 161.6 177.1 183.7 185.9 184.3 181.5 175.7
234.5 233.9 226.4 217.8 207.3 201.3 195.7 189.7 183.1 179.5 185.6 206 223.8 231.7 237.4 239.7 238 236.2 234.7 232.2 230.5 228.7 226.7 225.5 223.6 222.6 221 218.9 216.9 215.3 213.7 210.6 208.4 205.8 202.8 199.8 195.3 191.8 185.9 182.5 178.9 174.3 170.9 166.6 160.5 153.4 146.4 140.7 137.9 140.2 142.6 141.4 140.4 136.5 138.6 144 151.1 163 169.4 175.8 180.7 183.1 183.1 180.3 174.2 167.5 158.3 144.6 136.8 132.4 136.6 141.7 150.5 166.9 180.2 185.9 187.8 186.7 183.6 179.2
239.6 237.8 234.7 226.4 219.6 211.9 202.3 199.4 197.8 187.9 192.9 208.3 225.8 233.4 239.1 240.5 239.7 238.1 236.4 234.8 231.8 229.1 228.3 226.1 224.3 222.2 220.2 218.3 215.2 212.9 210.7 208.9 205.9 202 198 194 188.8 182.9 178.7 175.3 172.6 169.6 166.7 160.1 153.7 146 142.2 139.4 147.2 148.5 145.5 140.3 137.9 140.7 145.7 151.1 158.1 166.8 173.2 179.1 183.3 184.1 183.9 179.7 173 166.1 154.9 141.6 134.6 135.1 140.1 145.6 155.4 171.2 183.1 188.3 189.7 188.5 186.2 184.6
241.4 240.9 239.2 234.3 227.3 220.3 214 211.4 208.5 200.8 203.7 218.4 229 235.9 240.2 241.1 240.1 238.5 235.4 233.7 231.6 229.1 227.2 225 222.3 220.1 217.1 214.4 212 209.4 206.6 204 200.7 196.8 192.4 186.8 180.8 176.4 172.5 169.9 166.4 163.2 156.9 151.4 143.7 142.1 146.1 151.1 158.1 151.8 143.6 139.7 143.7 149.9 155.1 160.6 165.5 170.9 177.2 181.9 185 185.5 184.5 179.5 172.3 166.2 152.9 140.8 134.3 137.2 142 148.7 159.6 174.2 184.7 190 191.5 191.1 189.4 188.9
242.3 243.2 241.6 240.4 233.1 229.1 225 222.6 219.8 215.5 210.2 224.1 234.5 237.4 241.1 240.8 239.6 235.4 231.8 229.3 226.9 224.8 222.8 220.8 218.1 215.3 211.8 209.2 205.2 202.8 200.2 197.5 194.4 189.9 184.4 179.6 176.3 172.6 167.1 161.3 158.2 154.9 150.3 146.7 148.1 152 158.1 160.5 154 146.7 140.9 142.9 149.3 156 161.9 165.7 170.2 176.2 181.7 185.3 186.7 186.6 184.8 179.8 172.2 165.9 155.5 141.1 135.5 141.2 145.6 151.1 162 175.4 185.9 191.5 193.2 193.4 192.1 191.1
243.4 243.4 243.3 243.3 241.2 237 236.2 231.4 230.5 226.7 224.2 231.1 236.7 240.5 241.6 239.4 235.2 229.7 225.5 221.5 219.2 217.7 215.4 213.7 211.5 208.4 205.1 201 198.3 195.5 191.4 188.7 185.4 181.7 178.6 175.7 172.7 168.5 161.8 157.2 153.2 150.3 150.3 152.9 157.2 161.5 162.5 158.8 151.3 143.8 143.3 149.2 153.7 160.6 167.2 170.9 176.4 181.9 185.7 188.6 189.3 188.2 185.2 180.1 172.4 164.4 151.8 141.1 136.9 144 150.8 157.2 163.4 176.1 186.8 192.9 194.7 195.3 194.4 193.2
243.3 243.9 243.8 244.8 244.3 243.4 245.2 240.9 237.5 237 236.8 239 241.2 242.6 242.2 237 230 222.3 213.5 208.3 206.4 206.1 206.2 205.1 201.9 200.9 195.4 191.1 188.6 185.6 183.3 181.7 179.4 176.6 174.6 169.6 165.7 162.3 157.9 153.2 152.9 155.2 158.7 162.4 166 166.6 162.8 157.5 150.2 143.3 151.3 157.1 160.6 165.6 170.9 175.7 182.1 186.4 189.9 191.4 192 190.3 186.8 180.7 173.3 166.3 153.3 143.4 138.7 144.4 153.9 160.5 168.7 180.1 189.1 194.3 196.2 196.7 195.7 194.8
243 243.7 244.3 245.3 245.5 245.7 248 246 242.7 242.5 242.3 243.7 244.3 244.3 242.6 236.1 226.8 211.2 202.4 196.9 195.2 196.7 195.2 194.4 192.5 190.6 187.7 184.3 182.9 180.4 178.7 177 175.5 172.9 168.3 163.6 159.5 155.2 154.6 156 159.1 164.1 168.2 168.9 168.6 167.7 163.3 157.9 148.9 143.7 155.1 162.7 166 169.1 174.8 181.3 186.9 190.8 194 194.1 194.1 192.4 188.5 182.6 175 168.1 159.2 148.5 141.1 142.4 151.1 161.4 176.9 186.6 192.4 196.3 197.9 197.7 196.3 194.5
