webserver/python/data/SY67.asc
ncols 200
nrows 200
xllcorner 360000
yllcorner 70000
cellsize 50
[rows 0 to 36 of 200, columns 85 to 169 of 200]
39.7 44.7 44.5 43 40.3 36.5 34.1 31.4 30.2 29.3 28 26.7 25.1 24.3 23.3 21.4 19.6 18.2 16.1 14.8 13.3 11.9 10.8 9.8 9.1 8.3 8.9 8.3 7.6 7.7 7.6 6.6 5.9 5.8 6 6.1 6.1 6.9 7.8 8.1 8.4 8.6 8.1 6.9 6 2.8 3.3 4.7 6 5.7 5 8.8 12.7 14.9 16.6 15.4 11.5 8.8 4.4 2.4 1.5 1.3 1.6 1.8 1.9 2 1.3 1.8 3 3.5 7.5 5.1 2.8 3.1 2.2 1.9 2.1 2.2 4.7 6.4 3.9 -0.6 -0.6 -0.6 -0.6
38.7 43.7 45.4 34.7 38.5 32.6 30.8 28.9 26.6 26.1 24.8 23.7 22.5 21.2 22.5 19.8 16.7 16 14.8 13.5 12.4 11.4 10.5 10.1 8.4 10.3 10.9 10.9 10.8 10 8.4 7.5 6.8 7.4 8 8.1 9.2 10.5 10.8 10.1 9.8 10.1 9.3 7.8 4.4 2.9 6 8.1 8.6 7.5 6 8.8 12.6 14.6 16.5 17 14.9 13.1 10.7 3.7 1.8 1.3 1.3 1.4 1.7 1.8 1.3 1.4 2.5 3.4 2.5 2.2 1.9 1.8 1.8 1.9 2 2.2 5 4.8 1 -0.6 -0.6 -0.6 -0.6
35.4 41.7 45.1 33 32.9 32.6 30.7 29 27.6 26.7 25.1 21.9 20 17.6 19.3 16.4 15.1 15.1 13.7 12.5 11.7 10.9 11 11 12.4 14.5 13.3 13.6 13.2 12 11.4 9.4 8.7 8.7 10.5 11.8 13.4 13.6 13.3 13.4 11.7 10.3 8.7 5.5 2.2 6.2 9.5 11 9.9 8.8 7.8 10.7 11.2 14.6 15.9 16.7 16.2 14.4 11.8 9.3 2.8 1.3 1.3 1.3 1.3 1.3 1.3 1.3 2 2.8 3.2 2 1.9 1.9 1.8 2 2.1 2.5 4.1 3.2 0.3 -0.6 -0.6 -0.6 -0.6
34.9 44.9 36.6 31.3 32.9 32.6 31.5 30.9 28.9 28.3 26.4 23.2 19.8 16.4 15.6 14.9 14.9 14.5 14 13.3 12.5 12.7 13.2 15 16.2 17 15.2 14.9 14.9 14.3 11.5 11.5 11.5 11.5 13.5 15.8 17.8 16.4 16.2 16 14.5 11.3 8.2 5.1 4 7.9 11.2 12.3 11.7 10.6 9.3 8.7 11.6 13.8 14.5 15.7 16.1 14 11.8 9.8 5.4 1.3 1.3 1.3 1.3 1.3 1.3 1.3 1.7 2.5 3.2 2.7 1.9 1.8 1.9 2.1 2.2 3.1 4.2 1 -0.6 -0.6 -0.6 -0.6 -0.6
41.6 52.6 36.8 32.4 36.1 39.7 38.7 35.8 32.9 30.6 27.7 24.5 21.1 17.4 15.6 15.6 15.3 15.1 15.2 15 14.7 15.7 15.6 16.4 16.9 16.8 16.8 16.1 15 14.4 13.9 14.3 14 13.7 16.3 19.2 21 19.3 18.6 16.7 14.2 11.3 8.4 8.4 6.7 8.6 11.9 13.2 13.6 12.2 10.1 9.1 11.5 13.3 14.3 14.9 16.1 14 12 9.9 6.2 1.3 1.3 1.3 1.3 1.3 1.3 1.3 1.5 2.3 3 3 2.1 2 2.1 2.2 2.7 3.7 3.3 -0.6 -0.6 -0.6 -0.6 -0.6 -0.6
46.1 56.6 38.7 37.8 49.3 45.7 41 39 36.2 32.8 29 25.9 22.1 18.2 15.6 15.6 17 18.8 17.7 17.3 18.3 17.1 16.3 17.4 17.3 17.1 17 16.8 17.2 16.8 16.3 17 16.8 17 20 22.1 21.6 20.8 18.4 16.5 13.8 10.9 9.9 10.3 9.2 8.5 11.8 14.1 15.2 13.7 12 11.1 12.1 13.3 14.6 15 14.8 13.7 11.8 10.1 6.9 2.7 1.3 1.3 1.3 1.3 1.3 1.3 1.3 2 2.7 3 3.1 2.2 2.3 2.3 3 4.1 0.9 -0.6 -0.6 -0.6 -0.6 -0.6 -0.6
47.7 52.5 38.2 46.1 48.9 46.4 43.4 40.3 37 33.7 29.8 26 25.1 22.9 20.5 20.6 23.4 21.9 21.6 21.9 21.4 19.5 19.1 18.2 17.8 17.5 17.4 19.7 19.1 18.5 18.7 19 19.7 21.5 23.9 23.2 22.8 22 18.3 16.2 13.4 10.5 10.6 10.6 9.6 8.9 11.7 14.9 16.3 15.4 13.7 12.8 12.9 14 14.3 13.9 13.4 12.7 11.7 8 4.7 3.3 1.3 1.3 1.3 1.3 1.3 1.3 1.4 1.8 2.6 3 3.1 2.8 2.5 2.7 3.4 4.3 0.4 -0.6 -0.6 -0.6 -0.6 -0.6 -0.6
43.7 45.7 47.3 46.7 45.5 43.2 41 38.8 36.2 33.3 30.5 27.9 29.8 27.5 24.9 24.6 24 23.5 23.7 22.7 22.3 23 20.8 19.2 18.9 18.6 18.1 18.4 18.7 19.1 19.8 21 22 23.3 25 24.7 23.9 22.3 18.7 15.9 12.8 10.8 10.2 10 9.9 9.4 11.7 14.7 17.1 16.6 14.7 13.8 14.1 15.8 15.6 15.1 14.5 12.6 10 8.1 5.4 3.4 1.3 1.3 1.3 1.3 1.3 1.4 1.5 2.5 2.7 2.8 2.7 2.2 2.6 3.2 3.8 2.1 -0.6 -0.6 -0.6 -0.6 -0.6 -0.6 -0.6
35.7 38.6 40.3 41.8 41.8 40.4 38.2 36.5 34.5 32.3 31 30 28.5 27.4 26.6 25.8 25.2 24.7 24.3 24.2 24 23.5 22.4 20.7 20 19.3 18.6 18 18.2 18.7 19.5 20.6 21.8 23.3 24.7 24.8 24.1 22.1 17.3 15.3 12.6 11.2 10 9.8 9.8 10.5 12 14 16.8 18 15.8 15.2 16.3 17 16.7 16.4 15.4 13.2 11 8.8 6 3.5 2.9 1.3 1.3 1.3 1.3 1.5 1.8 1.8 3.3 2.9 2.1 1.8 2.5 3.4 4.1 0.9 -0.6 -0.6 -0.6 -0.6 -0.6 -0.6 -0.6
29.4 31.5 33.4 35.7 36.9 36.7 35.4 33.8 32.7 31.7 31.7 31.3 29.3 28.6 27.6 27 26.4 25.9 25.5 25.3 24.6 23.9 22.9 21.6 20.5 19.7 18.9 18.1 18.1 18.7 19.3 20 21.3 22.7 24.1 24.6 24.8 23.8 20.7 16.9 13.4 11.2 10.3 11 12.1 13.4 14.3 16 18.3 20 18.4 17.3 18 18 17.9 17.6 16 13.9 12.1 9.9 7.5 4.5 2.8 3.3 1.3 1.3 1.3 1.5 1.8 4.7 2.3 2.8 2.1 1.8 2.5 3.6 4.3 0.5 -0.6 -0.6 -0.6 -0.6 -0.6 -0.6 -0.6
24.1 25.4 27.4 30.1 31.5 32.1 31.4 30.8 30.3 30.2 30.3 30.9 30.3 29.1 27.8 27 26.2 25.4 25.6 25.4 24.6 23.8 23.2 21.8 20.5 19.7 19 18.2 18.2 18.6 19 19.4 20.8 22.2 23.5 24.6 25.2 25.1 23.2 19.3 15.3 12.6 11.8 12.8 15.5 17.7 19 19.7 21.1 22 20.3 18.4 17.6 17.4 18 18.1 17.3 15.4 13.5 11.1 8.6 7.4 6.7 4.6 3.7 1.3 1.3 1.3 2.1 2.3 2.1 2.9 2.4 2 2.7 3.4 4 0.3 -0.6 -0.6 -0.6 -0.6 -0.6 -0.6 -0.6
20.2 21.9 23.6 26.3 27.2 27.7 27.7 27.3 27.4 27.6 28.3 28.9 29.4 28.1 26.6 26 25.5 25.1 24.9 24.9 24.4 23.7 22.8 21.9 20.5 19.6 18.8 18.2 18 18.4 18.8 19.2 20.6 22 23.4 25 25.5 25.7 24.4 21.8 17.6 15 14.4 15.8 19 21.4 22.5 23.7 22.6 21 19.2 16.9 15.7 15.9 17.8 18.3 18.2 16.9 14.7 12.2 9.8 8.3 8.9 11.4 10.5 4.1 1.3 1.3 1.3 1.4 1.9 2.6 2.6 2.5 3.1 3.7 1.1 0.2 -0.6 -0.6 -0.6 -0.6 -0.6 -0.6 -0.6
16.7 18.4 20.1 22.4 23.1 23.5 23.9 23.9 24 24.5 25.3 26.4 27.2 26.2 24.9 24.5 24 23.7 23.7 24 23.5 23 22.2 21.1 20.2 19.2 18.4 17.7 18 18.5 19 19.4 20.6 22 23.4 24.9 25.4 25.5 25.4 23.7 20.5 17.6 18.6 20.1 22.5 24.1 23.3 22.2 21 19.8 18.2 15.3 14.3 15.3 17.7 18.9 18.6 17.9 15.8 13.3 11 9.2 10.7 11.4 10.7 10 4.8 2.1 1.3 1.3 1.8 2.7 2.8 3 3.3 3.7 1 0.2 -0.6 -0.6 -0.6 -0.6 -0.6 -0.6 -0.6
13.3 14.9 16.6 18.4 19 19.9 20.9 21.2 20.8 21.3 22.2 23.1 24.1 23.7 22.7 22.5 22.3 22.2 22.3 22.8 22.8 22.4 21.4 21.1 19.9 18.7 18.1 17.7 18.1 18.9 19.6 20.3 20.9 22.2 23.6 24.9 25.2 25.2 25.1 25.1 24 21.7 22.9 24.3 24.4 22.8 21.3 19.9 19.1 18.2 16.5 13.5 13.5 15.1 17.1 18.8 18.4 17.7 16.3 14.3 11.5 8.8 9.8 10.2 9.8 8.8 4.6 5.7 1.3 1.3 2.6 2.8 2.9 3.3 3.6 3.9 1 0.2 -0.6 -0.6 -0.6 -0.6 -0.6 -0.6 -0.6
10.9 12.6 14.3 15.5 16.2 17.1 18.1 18.5 18.3 18.3 19 19.7 20.5 20.7 20.8 21.1 21.3 21.3 21.1 21.7 22 21.7 21.4 20.8 19.7 18.7 18 18 18.3 19.1 19.9 21.2 22.3 22.6 23.7 24.5 25 25.1 25.3 25.4 25.3 25.1 24.1 23.9 22.3 20.8 19.3 17.9 16.7 15.8 14 11.3 13.4 15.4 17 18.2 17.7 17.1 16 13.9 11.2 8.3 8.9 9.3 9 8.3 7.2 4.3 1.3 1.3 2.8 2.8 2.8 3.3 3.7 4 1 0.3 -0.6 -0.6 -0.6 -0.6 -0.6 -0.6 -0.6
9.1 10.8 12.5 13.2 13.7 14.4 15.3 15.8 15.6 16.3 16.9 17.3 17 16.8 19.4 20.5 20.7 20.7 20.1 20.5 20.7 21.1 21.3 20.6 19.4 18 17.9 18 18.7 19.7 20.6 23 24.2 24.3 24.4 25 24.8 25 25 24.8 24.2 23.2 22.5 21.4 19.9 18.2 16.7 15.3 14 12.8 11.3 10.5 12.8 15.2 16.3 17.5 17.1 16.4 15.2 13.5 10.9 8.2 7.6 8.3 9.4 8.3 6.4 4.3 -0.6 -0.6 -0.6 2.5 2.7 3.1 4.6 4.3 1.4 0.4 -0.6 -0.6 -0.6 -0.6 -0.6 -0.6 -0.6
7.9 9 10.5 10.9 11.4 11.8 12.5 13 13.4 13.7 14.1 14 13.5 14.4 16.8 19.4 20.2 20 19.3 19.3 19.7 20.2 20.3 19.8 18.9 17.7 17.6 18.4 19.5 20.5 21.5 24 25.2 25.2 25.3 24.7 24.1 23.7 23.2 22.7 22.3 21.1 20 18.5 16.7 15.2 13.5 12 10.8 9.6 8.5 9.8 12.3 14.7 15.7 16.4 16.1 15.2 14 12.2 9.8 7.3 6.4 8.1 9.1 9.7 8.9 3.8 -0.6 -0.6 -0.6 1.8 2.7 3.3 4.2 4.4 2 0.5 -0.1 -0.6 -0.6 -0.6 -0.6 -0.6 -0.6
7 7.5 8.2 8.7 9.1 9.5 10 10.5 10.6 10.9 11.2 11.4 12.4 13 14.1 16.8 19.5 19.4 18.8 18.2 19 19.3 19.1 18.7 17.9 18 18.2 19.4 20.6 21.5 22.4 23.6 25.2 25.1 24.6 24 23.5 23 22.1 21.3 20.4 19 17.4 15.8 14.1 12 10.3 8.9 7.7 7 7.3 8.3 10.3 12.9 14.3 15.1 14.7 13.7 12.4 10.6 8.5 6 5.5 6.5 9.4 9.4 5.6 -0.6 -0.6 -0.6 -0.6 1.8 2.6 3.5 4 4.4 2.9 0.7 0.1 -0.6 -0.6 -0.6 -0.6 -0.6 -0.6
4.5 6.1 6.2 6.7 7.1 7.9 8.9 9.7 9.2 8.5 8.4 9.8 11.3 12.3 12.8 15.8 18.6 19.1 18.3 18.4 18.4 18.4 18.2 17.9 17.6 18.2 18.8 19.9 21.7 22.5 23.3 24.5 24.7 24 23.5 23.1 21.9 21 20.2 19.3 18.2 16.8 15.2 13.1 11 9 6.9 5.5 4.4 3.8 5.4 6.3 8.3 11.1 12.6 13.8 13.5 12.1 10.7 8.7 6.7 4.2 4.8 7.4 7.8 8.8 5.6 -0.6 -0.6 -0.6 -0.6 1.9 2.5 3.3 3.9 4.5 3.8 0.9 0.3 -0.6 -0.6 -0.6 -0.6 -0.6 -0.6
-0.6 1.2 3.9 5.6 6.5 7.6 8.6 8.8 7.5 6.8 7 8.8 10.8 11.8 14 17.2 20 19.4 17.9 17.7 17.7 17.7 17.7 16.9 17.2 17.6 18 20 21.3 23.2 23.7 23.7 23.3 22.8 22.4 21.9 20 19.1 18.2 17.1 16 14.6 12.5 10.5 8.5 6.5 4.1 2 3 2.9 4.3 4.1 6.7 9.7 11.2 12.3 11.9 10.1 8.8 6.9 4.9 3.5 6.7 7.1 7.8 7.5 5.4 -0.6 -0.6 -0.6 -0.6 2.1 2.9 3.3 3.5 3.9 3.5 1.5 0.6 0.1 -0.6 -0.6 -0.6 -0.6 -0.6
-0.6 0.4 2.1 4.5 7 8.8 9.3 7.4 5.6 4.9 6.2 8.1 10.4 12.9 15.6 18.6 20.8 19.3 17.7 17 17 17 16.9 16.5 16.4 16.8 18.2 19.6 20.9 21.9 21.8 21 20.9 20.9 20.7 20 18.6 17.1 16.1 14.8 13.8 12.9 10.7 8.6 6.4 4.5 3.5 6.1 6.3 4.2 2.6 2.4 5.4 8.4 9.8 10.8 10 8.2 6.8 5.1 3.2 2.8 7 5.3 7.3 4.4 4.6 -0.6 -0.6 -0.6 -0.6 2.6 3 3.2 3.5 3.9 4 2.7 0.9 0.4 0 -0.6 -0.6 -0.6 1.9
-0.6 0.5 1.9 4.7 6.8 8.9 8.2 6.3 4.5 4.1 7 9.2 12.1 14.7 17.4 20.1 20.8 19.2 17.5 16.3 16.3 16.2 16 15.8 15.6 16.2 17.8 19 19.4 19.9 19.5 18.7 18 17.8 17.9 17.5 16.7 15.1 13.8 12.7 11.7 10.5 9 6.8 4.2 4.3 7.9 9.5 9.2 6.7 3.8 2.6 4 6.9 8.3 9.3 8.2 6.5 4.9 3.5 2.7 5.4 2.5 5 6.1 3.6 -0.6 -0.6 -0.6 -0.6 2.3 2.8 3.2 3.4 3.6 4.1 4.3 3.6 1.9 0.9 0.7 0.8 2.1 3 3.1
0.8 1.2 3.1 4.8 6.7 7.2 6.5 4.7 2.9 5 7.7 11 14.2 16.4 19.1 21.2 19.9 18.8 17.3 15.6 15.6 15.4 15.2 15 14.8 16 16.5 17 17.4 17.9 17.3 16.4 15.4 14.8 15.1 15.9 15.4 13.4 11.6 10.5 9.5 8.2 6.8 3.9 4.1 6.5 9.4 10.6 9.3 7.2 4.2 2.9 3.1 4.9 6.4 7.2 6.4 4.9 3.8 3.4 2.8 10.1 2.4 3.9 3.7 3.3 -0.6 -0.6 -0.6 -0.6 1.8 2.7 3.3 3.8 3.8 4 4.2 4.2 4.3 1 1 1.8 2.1 -0.6 -0.6
4.5 4.5 5.2 6.4 7.5 5.3 4.4 3.2 3.5 6.2 9.5 13.1 16.3 18.4 20.9 20 18.8 17.6 16.4 15.3 14.8 14.7 14.6 14.5 14.2 14.1 14.5 14.9 15.3 15.7 15.3 14.2 13 12.5 12.4 12.2 11.5 10.4 9.4 8.5 6.8 6.2 4.9 6.2 7 8.8 9.2 9.4 8.8 6.5 4.5 2.7 2.5 2.5 3.8 4.2 4.1 3.9 3.5 3.1 2.7 14.2 2.5 2.7 3.2 2.9 -0.6 -0.6 -0.6 -0.6 1.7 2.5 3.4 3.4 3.6 3.6 3.6 3.6 3.5 -0.6 -0.6 -0.6 -0.6 -0.6 -0.6
9.1 8.2 7.8 8.6 7.5 6.2 2.9 1.9 5.1 8.2 11.5 15.1 18.1 19.9 20.2 18.9 17.7 16.5 15.3 14.7 15 14.9 14.8 14.8 13.9 13.6 13.5 13.6 13.7 13.4 13.1 12.3 11.4 11 10.6 10.3 9.3 8.5 7.7 6.7 6.1 7.4 8.5 8.8 9.2 8.8 8.1 7.3 6.6 5.4 3.7 2.9 2.6 2.5 1.8 2 3.1 3.6 3.6 3.2 2.8 14.7 2.1 2.9 3.5 3 -0.6 -0.6 -0.6 -0.6 -0.6 2.1 2.9 2.8 3.4 3.3 3.1 3.1 -0.6 -0.6 -0.6 -0.6 -0.6 -0.6 -0.6
12.5 13.9 12.1 10.5 8.6 6.6 3.5 3.1 7 10.2 13.6 16.7 17.4 18 18.6 17.8 16.6 15.4 14.2 14.4 15 15.4 15.3 14.7 14.3 13.7 13.1 13.2 12.7 12.7 12.2 11.8 11.4 10.9 10.2 10.4 9.3 8.1 6.8 5.4 6.4 8.2 9.4 9 8.8 7.6 6.2 5.3 4.4 3.6 2.5 3.3 3.1 3.1 2.7 3 3 3.5 3.6 3.3 2.8 14.6 2 2.4 3.1 3.3 -0.6 -0.6 -0.6 -0.6 -0.6 -0.6 -0.6 -0.6 -0.6 -0.6 -0.6 -0.6 -0.6 -0.6 -0.6 -0.6 -0.6 17.4 19.1
13 13.9 13 10.6 8.2 5 1.3 1 6.4 10.9 13.7 15.1 15.4 16 16.7 16.4 15.5 14.2 14.3 14.1 14.8 15.5 15.7 15.2 14.8 14.4 13.8 13.4 13.4 12.9 12.8 12.6 12.1 11 10.9 10.5 9.4 8.3 7.1 5.8 7.7 9.2 9 8.1 6.9 5.9 4.9 3.6 3.1 3.5 3.7 3.9 3.8 3.7 3.6 3.9 3.7 3.7 3.9 3.8 3.4 16.7 2.5 2.6 3 3.7 3.6 2.2 -0.6 -0.6 -0.6 -0.6 -0.6 -0.6 -0.6 -0.6 -0.6 -0.6 -0.6 4.2 12.9 15.2 17.4 19.5 19.8
11 11.2 10.7 9.1 7.3 2 1 1 6.3 9.7 13 13.7 13.9 14.1 14.7 14.9 14.2 13.7 14.4 14.6 15.7 16.5 16.5 15.8 15.7 15.4 14.9 14.5 14.6 14.2 13.8 13.4 12.6 10.7 10.8 10.8 9.6 8.4 7.3 6.6 9 7.9 6.7 5.4 4.7 3.3 3.5 4.7 4.7 6.3 7.8 9.5 8.5 6.8 6.9 8 8 7.9 5.4 5.8 7 16.9 5.2 4.6 7.2 9.3 9.9 12.8 11.3 12.6 14.7 13.7 17.2 15.8 5.9 -0.6 -0.6 -0.6 9.6 11.1 14 17.3 20.2 20.2 16.9
1.1 8.5 7.8 6.4 4.3 1 1 1.8 8 10.8 12.9 13 12.5 12.7 12.9 13.4 12.8 13.7 14.4 15.3 16.3 17 17.5 16.5 16.5 16.4 16.4 16.5 16.2 15.7 15 14.3 13.2 11.1 11.4 11.7 10.5 9.7 9 8.2 9 8.8 7.2 5.6 5.8 6.1 5.3 7.3 9.5 12.8 16.6 16.6 13.4 11.5 11.7 13.7 13.4 11.4 7.9 10.1 17 14.4 11.1 13.2 16 14.6 15.8 15.9 16.3 17 18 19.2 18.2 15.8 12.5 3.3 3.1 2.9 9.7 10.6 13.8 17 17.9 15.1 -0.6
0.1 0.7 3.8 3.5 0.8 1 1 3.3 10 11.8 13.4 14.6 14.1 13.5 12.7 12.2 12.7 13.6 14.4 15.6 17 17.9 18.4 17.9 17.4 18.7 18.9 18 16.9 15.9 15.2 15 13.9 13.1 13.2 13 12.7 12.3 11.8 11.8 11.1 9.4 8.4 8.3 8.4 8.1 7.7 9.7 12.6 18.5 22.3 23 19.9 20.3 21.7 21.5 18.1 13.7 11.3 17.8 21.8 20.6 21 23.3 22.4 19.6 17.4 17.5 17.5 17.1 17.8 18.3 17.2 15.6 11.7 5.1 3.6 4.5 9.4 10.7 13 13 7.2 4.6 -0.6
-0.6 -0.6 -0.6 0.4 0.3 0.5 0.7 1 10.3 12.2 13.9 13.7 13.8 13.5 12.7 10.8 12.2 13.1 14.4 15.5 17.6 18.1 18.6 19.6 19.4 19.5 18.6 18 17.1 16 15.2 15.8 15.2 14.8 14.7 15.9 16.5 16.4 16.7 17.8 16.4 15 13.6 14.1 12.2 10.1 11 12.7 15.9 22.3 25.9 28.4 28.2 28.2 28.4 28 24.8 19.6 20.9 26.5 28.5 28.7 22 28.2 27.7 25.9 22.2 19.1 18.2 17.3 16.4 15.6 14.4 13.3 10 4.8 4.3 7.7 10.1 10.8 4.8 -0.6 -0.6 -0.6 -0.6
-0.6 -0.6 -0.6 -0.6 -0.2 0 0.5 0.9 7.3 11.9 13.5 13.4 13.8 13.2 10.9 9.6 11.3 12.8 14.1 15.2 14.9 15.6 17 16.4 16.7 17.2 17.9 17.9 17.4 17.1 16.8 16.7 16.7 17.2 19.1 20.2 21.5 21.4 22.4 23.5 22.5 21.1 19.5 18.8 14.8 12.2 12.9 15 19.9 25.6 29.4 34 34.4 34.2 34 33.7 29.6 26.9 28.3 32.6 34 33.8 32.5 33.4 31 29.2 26.5 22 18.1 15.9 14.8 12.8 11.1 10 8.2 5.1 4.8 8.1 9.2 -0.6 -0.6 -0.6 -0.6 -0.6 -0.6
-0.6 -0.6 -0.6 -0.6 -0.4 -0.1 0.3 0.7 1.2 10 11.1 12.1 13.3 11.8 10.3 6.7 8.2 9.4 10.8 10.3 10.6 11 11.6 11.9 13 14.3 16.4 18.2 19.5 19.7 19.6 19.4 19.7 21.1 23.5 24.7 25.9 26.5 28 29.4 28.6 27.1 25.5 23 17.6 14 14.2 19.1 24 28.8 33.4 38.1 40.5 39.8 38.8 36.4 33 32.1 33.2 37.4 39 37.4 33.9 26.6 32.6 30.6 26.8 22.5 18.2 15.5 13.3 11.4 9.3 7.7 6 5.4 5.8 5.9 -0.6 -0.6 -0.6 -0.6 -0.6 -0.6 -0.6
-0.6 -0.6 -0.6 -0.6 -0.4 -0.1 0.2 0.6 0.8 1 4.3 5.5 5.5 7.1 7.7 4.9 5.4 6 7.1 6.9 7.1 7.7 9.4 13 14.5 17.1 19.7 20.8 21.8 22.3 22.5 23.6 24.3 26.2 27.6 28.4 30.3 31.2 32.2 33.3 33.2 31.4 29.5 24.3 19.5 16.6 19.9 24.5 29.1 33.7 38.9 43.9 43.6 42.4 41 39.7 37.6 39.7 42 41.7 39.5 37.6 35.3 23.5 30.4 28.4 24 21.6 18.2 15.2 13.6 12.3 11.5 9.8 7.9 7.7 8.6 13.2 -0.6 -0.6 -0.6 -0.6 -0.6 -0.6 -0.6
-0.6 -0.6 -0.6 -0.6 -0.4 -0.1 0.2 0.5 0.7 0.7 0.7 0.7 0.7 0.7 0.9 1.7 3.6 3 4.5 4.3 5.1 8.5 11.9 14.5 17.3 20.2 23.2 24.3 25.1 26.3 27.8 29.1 30.2 31.6 31.2 33.3 35.5 35.5 36.2 37.2 35.9 32.8 30 24.3 22.2 22.6 27.7 32.5 37 40.9 45.7 46.2 45.2 44 43.1 43.3 44.9 45 44.3 42.9 40.6 38.2 35.8 32.9 29.1 27.5 24.6 23 21.6 20.6 19.7 18.3 17.6 15.9 12.8 11.1 13.6 18.9 15.5 -0.6 -0.6 -0.6 -0.6 -0.6 -0.6
-0.6 -0.6 -0.6 -0.6 -0.5 -0.1 0.2 0.3 0.4 0.5 0.5 0.2 0 0.1 0.5 1 3.8 4.1 4.5 7 10 12.8 16 19.6 23.2 26.2 27.8 28.3 28.9 30.8 33 34.4 35.8 37.1 36.6 38.5 40 39.9 40.2 39.2 37.4 33.7 30.4 27.2 27.6 29.5 35.1 40.5 44.9 47.6 48.7 48.2 47.3 46.1 45.9 46.4 47.2 47.8 47 45.6 43.5 41.1 39.7 37 25.7 29.7 27.7 27 26.1 25.2 23.6 23.6 24.4 21.4 18.3 17.3 20 23.3 25.6 -0.6 -0.6 -0.6 -0.6 -0.6 -0.6
-0.6 -0.6 -0.6 -0.6 -0.5 -0.1 0 0.1 0.1 0.2 0.3 -0.1 -0.6 -0.2 0.4 0.9 4.7 6.6 10.3 11.3 14.4 18.2 20.7 24 28.7 31.7 32.7 33.7 34.4 35.5 37.7 40.6 43.5 43.8 43.2 43.8 44 44.1 42.9 40.8 38.9 34.8 32.6 32.3 33.4 38.5 45.6 48.1 50 48.7 49.6 49.6 49.3 48.7 47.9 47.8 48.3 47.7 48.3 47.4 45.5 43.8 44.3 41.7 30.6 36.5 33.6 31.4 29.8 28.2 26.7 28 26.6 23.7 21.3 21.6 25 25 24.6 3.9 -0.6 -0.6 -0.6 -0.6 -0.6
