webserver/python/data/SZ68.asc
ncols 200
nrows 200
xllcorner 460000
yllcorner 80000
cellsize 50
[rows 76 to 113 of 200, columns 0 to 84 of 200]
23.6 22.2 20.7 19.3 17.9 16.4 11.3 6.4 4.8 2.6 0.9 1.5 1.5 1.4 1.5 1.7 1.7 2 7.9 14.8 19.6 24.1 27.9 29.7 27.1 23.6 20.5 17.9 14.5 10.8 8.3 9.9 10.5 13.1 22.4 28.7 36.1 43.2 50.4 56.2 62.9 67.9 75 82.1 88 93.4 94.7 95.9 93.6 89.8 85.2 80.5 76.7 70.2 64 59.5 52.5 46.7 40.8 38.7 34 31.4 36.2 37.2 37 33.7 29.7 28.3 29 30.2 30.7 31 31 30.7 30 29.3 27.4 25.4 24.6 24 5.4 0.6 -1.2 -1.2 -1.2
21.7 20.2 18.8 17.6 16.6 15.4 11.4 6.9 4.6 2.3 1.8 1.6 1.5 1.4 1.3 1.5 1.7 1.9 8.1 16.8 25.5 29.2 33.2 33.1 29.9 26.1 22.2 17.8 14.5 11.1 9.5 12.6 14.6 14.1 13.9 17.1 22.6 29.2 36.8 43.8 52.7 61.7 69.5 77.5 84.7 92 99.2 105.8 99.9 98.2 93.7 89.6 85.4 80 74.4 64.5 55.1 48.9 44.1 39.3 37.9 40.2 42.3 42.5 39.7 36.1 30.9 31.6 32.1 32.1 32.4 32.7 32.4 31 29.5 27.8 25.9 24 21.4 9.8 0.9 -1.2 -1.2 -1.2 -1.2
20.1 18.2 16.6 15.3 14.6 12.4 8.8 6 4.3 2.1 1.7 1.5 1.5 1.4 1.3 1.3 1.5 1.7 3.6 14.4 23.6 29 30.5 30.4 29.7 28.5 24.9 21.2 17.9 13 16 18.9 20.5 20.9 20.1 20 21.5 19.9 23.5 28.4 37.4 46.9 56.8 67.9 78 87.5 97 106.6 99.3 104.6 100.2 96.5 92.6 87.5 82.3 73.9 63.6 53.5 47.6 44 45.1 47 46.1 43.7 40.5 37.6 33.5 35.4 36.3 35.5 35.8 35.7 34.6 32.9 31 28.7 26.7 24.3 12.8 1.2 -0.1 -1.2 -1.2 -1.2 -1.2
18.9 17.2 14.7 12.9 11.3 8.7 6.9 4.5 3.1 1.6 1.5 1.5 1.4 1.4 1.3 1.2 1.3 1.5 1.9 10.5 17.1 20.6 22.4 22.4 22.6 22.6 22.1 20.6 17.7 14 18.5 31.8 32.4 32.5 30.9 29.1 28.3 26.6 27.5 27.5 30.9 33.2 41.7 53.5 69.5 81.1 89.8 96.1 100.6 94.6 102.9 102 99.1 95 89.6 82.8 75.1 65.4 54.7 50.2 50.9 52 50 47.7 45 41 36.1 39.1 40 39 38.9 37.9 36.8 36.2 36.1 33.1 30.3 23.4 1.7 0.5 -1.2 -1.2 -1.2 -1.2 -1.2
18.6 16.5 14.3 11.7 9.6 6.9 5.4 3.8 2.3 1.6 1.4 1.3 1.3 1.3 1.2 1.2 1.1 1.4 1.7 5.7 11 13.3 13.9 14.6 15 17.4 17.5 20.5 19.8 18.2 16.2 21.7 29.8 34.7 37.6 42.1 43.2 42.7 40.6 35.8 36.7 35.8 37.7 42.1 53.7 72.4 81.8 89.2 95.8 99 101.6 102.7 100.7 99.2 94.1 89.7 83.9 77.4 69.5 56.4 58.2 56.4 55.3 52.9 48.5 43.4 38.3 40.4 43.8 42.4 41.9 41.3 40.8 40 39.6 35.7 32.2 14.9 1.3 0 -1.2 -1.2 -1.2 -1.2 -1.2
17 14.2 12.1 10.2 8.4 6.1 4.4 3 1.5 1.4 1.4 1.1 1.1 1.1 1.1 1 1 1.3 1.7 2.5 6.5 8.4 9.7 9.9 11.7 14.3 16.4 20 23.6 23.3 19 18.1 22.4 26 29.3 33.6 39.4 46.5 51.3 53.1 50.9 48.3 42.9 43.6 47.2 52.8 69.1 82 88.8 94 97.5 100.4 103.1 102.3 99 94.8 90.7 84.8 76.9 72.3 71.2 65.6 60.8 56.3 51.3 46.3 42.5 44.4 45.8 46.4 46.4 45.8 45.3 44.8 42 36 29.4 1.6 0.9 -0.4 -1.2 -1.2 -1.2 -1.2 -1.2
14.1 11.9 10 8.2 6.7 5.3 3.5 2.1 1.2 1.1 1.1 1 0.9 0.9 0.9 1 1 1.2 1.4 1.8 3.2 4.7 6.3 7.5 10.1 12.4 15.4 19.1 22.2 23.2 22.2 19.6 19.7 22.9 27.4 32.2 36.5 41.3 43.9 46.8 51.8 55.7 59.5 56.7 53.3 53.3 59 72.2 80.9 87.1 92.6 95.5 99.5 102.3 102 98.8 95.2 91.4 86.2 84.3 80.5 76.2 68.1 59 54.1 49.5 48.8 49.9 50.4 50.6 50.6 50.3 49.1 47.3 42.2 27.6 16 0.7 0.8 -0.4 -1.2 -1.2 -1.2 -1.2 -1.2
10.5 9.3 7.7 5.9 4.5 3.3 1.6 1.3 1 0.8 0.8 0.7 0.8 0.8 0.9 0.9 1 1.2 1.4 1.7 2.8 5.2 8.1 10.5 12 13.3 14.5 17.9 20.9 24.1 24.4 22.3 20.1 21.8 25.9 30.3 32.8 35.5 37.8 40.7 44.3 49.1 54.2 60.2 65.3 64.5 63.2 68.8 71.6 77.8 81.8 88.1 93.7 98.5 100.6 100.3 99.2 97.1 94.4 91.9 88.5 85.6 80.6 59.9 61.1 58.4 54.7 54.4 55 55.1 55.7 53.3 51 48.7 43.5 41 23.3 0.6 0.7 -0.4 -1.2 -1.2 -1.2 -1.2 -1.2
6.9 5.8 4.9 3.5 2.9 2 1.1 0.9 0.7 0.6 0.7 0.7 0.8 0.8 0.9 0.9 1 1.1 1.4 1.9 2.1 5.4 9.3 12.6 15.1 16.1 16.9 18.5 20.2 24 24.9 23.9 21.7 21.3 23.9 26.5 29 31 32.7 35.6 39.5 43.3 47.4 52.1 56.9 62 66.7 69.5 67.5 61.4 71 81.4 86.8 91 95.5 97.5 98.8 97.9 97.3 96.2 95.8 93.2 90.9 87.5 84.1 79.2 73.9 69.8 66.3 64.4 60.6 58 55.2 51.9 48.6 43.8 24.7 6.8 1.1 0.1 -1.2 -1.2 -1.2 -1.2 -1.2
4.2 3.4 2.5 2 1.7 1.8 0.8 0.7 0.6 0.6 0.7 0.7 0.8 0.9 0.9 0.9 1 1.1 1.5 1.3 1.2 3.2 6.8 12.3 15.7 18.7 18.2 20.5 22.3 25.4 26.7 25.1 23.1 23 23.4 24.2 24.9 26.7 28.8 31.7 34.8 38.4 41.9 45.3 49 53.8 58.2 61 60 56.3 62 69.7 76.9 82.9 87.6 91.8 93.7 96.2 98.3 97.9 97.9 97.6 95.8 94.9 94 92.6 89.5 86.7 84.7 81.4 77.8 74.5 71.7 67.8 63.7 59 54.9 42.5 23.2 5.1 -1.2 -1.2 -1.2 -1.2 -1.2
2.1 2.2 1.7 1.2 1.3 0.7 0.8 0.6 0.5 0.6 0.6 0.7 0.8 0.8 1 1 1 1.1 1.2 1.2 2.1 2.6 2.6 7.1 11.6 16.2 19.6 22.3 24.5 26.2 26.8 26.1 24.6 25.6 26.7 27.5 28.1 28.3 28.2 28 31.2 34.5 38 41.3 43.8 46.1 49.7 51.4 51 50.2 54.2 61.6 65 72.1 79.3 84.7 87.7 90.6 93.5 95.8 97.8 97.6 98.5 98.5 97.6 97.2 96 94.4 92.4 90.4 88.5 86.7 83.7 81 79.3 73.9 71.2 67.2 62.1 58.2 1.1 -1.2 -1.2 -1.2 -1.2
1.6 1.6 1.5 1.1 1.9 0.8 0.7 0.6 0.4 0.5 0.6 0.7 0.8 0.8 1 1 2.1 2.4 3.5 3.8 4.6 4.9 4.9 4.9 6.1 10.1 15.9 20 21.4 23.6 25.9 25.3 25 26.9 29.7 30.3 31 31.2 31.4 31.1 31 31 33.2 35.7 38.2 40.4 42.4 44 45.1 46.2 49.1 54.6 60 64 69.5 73.1 77.9 81.9 85 89.7 92.5 94.2 96.3 97.5 98.1 97.9 97.3 96.4 96.2 94.7 92.4 89.7 88.1 85.5 83.4 79.7 76.7 73.5 70.2 1.2 -1.2 -1.2 -1.2 -1.2 -1.2
1.7 1.5 1.3 1.1 1 0.8 0.6 0.5 0.4 0.5 0.6 0.7 0.8 0.8 0.9 2.7 4.7 5.7 6.3 7 7.5 8.1 8 8.1 8.1 8.2 12 16.9 19.2 23.1 24.2 24.4 24.7 27.3 30.2 31.8 33.4 34.2 34.7 34.6 34.5 34.4 34.8 35.3 35.9 36.2 39.6 40.4 41.4 44.7 48 51.9 54.9 55.7 59.5 56.8 64.9 70.1 75.1 78.8 82.7 85.1 87.7 89.2 91.1 92.5 93 92.9 91.6 91.5 91 90.1 84.7 84.9 81.8 78.1 74.9 71.7 37.3 -1.2 -1.2 -1.2 -1.2 -1.2 -1.2
1.9 1.7 1.4 0.8 1.3 1.3 0.8 0.4 0.4 0.5 0.5 0.8 1.1 1.1 1.2 3 4.2 5.9 8 9.7 10.7 11.6 12 12.1 11.7 11 10.4 13.6 15.4 16.7 18.8 21.2 24.2 27.4 30.5 32.7 32.9 33.4 34.4 35.6 38.1 38.1 38.1 38.8 39 38.6 40 41.4 42.6 45.1 48 48.8 49.3 38.5 23.6 24.4 36.6 33 29.5 38.3 46.2 48.8 59.2 69.5 79.7 82.5 84.4 84.8 84.5 81.4 83.3 82.9 81.3 78.4 75.7 73.3 70 1.1 -1.2 -1.2 -1.2 -1.2 -1.2 -1.2 -1.2
1.7 1.6 3.3 0.8 0.6 1.6 1.3 0.8 0.8 1.1 1.5 1.6 1.4 1.1 0.9 2.3 3.6 5 6.8 8.7 10.8 12.6 14.8 15.9 16.1 15.1 13.9 14.3 17.1 17.3 17.5 19.9 23.3 26.7 29.6 30.9 31.6 32.3 32.9 33.6 36.7 37.7 38.7 41.4 42 41 41.4 43.2 43.9 45.5 45.6 36.9 7.3 1.2 0.8 0.5 -1.2 -1.2 -1.2 -1.2 1 1.3 1.3 5.6 27 36.9 45.2 46.5 68.8 66 69.4 73.8 73 71.1 68.1 66 18.2 -1.2 -1.2 -1.2 -1.2 -1.2 -1.2 -1.2 -1.2
1.7 1.4 0.5 0.7 1.9 5.6 5.1 5.1 4.3 2 1.9 1.5 1.2 1.1 1.1 1.2 2.2 3.6 5.3 7.2 8.4 10.1 12.8 16.3 19.3 19.7 20 18.9 18.5 19.2 20.4 20.5 23.7 26.2 28 28.7 29.3 29.7 30.9 31.8 27.5 19 13.2 19.3 37.3 43.3 42.9 27.6 24.2 1.2 0.6 -1.2 -1.2 -1.2 -1.2 -1.2 -1.2 -1.2 -1.2 -1.2 -1.2 -1.2 -1.2 -1.2 -1.2 -1.2 0.9 0.7 0.9 -1.2 -1.2 -1.2 -1.2 -1.2 -1.2 -1.2 -1.2 -1.2 -1.2 -1.2 -1.2 -1.2 -1.2 -1.2 -1.2
1.7 3.5 1.5 0.7 2.6 2 2.1 9.7 11 4.9 1.4 1.1 1.1 1.2 1.2 1.3 1.4 2 3.5 4.9 6.4 7.9 9.9 13.5 18 21.5 23.7 24.8 24.3 24.3 24.4 23.8 24.5 26 26 26 26.4 25.6 27 28.9 17.1 9.9 9.9 7.2 2.2 1.3 0.7 -1.2 -1.2 -1.2 -1.2 -1.2 -1.2 -1.2 -1.2 -1.2 -1.2 -1.2 -1.2 -1.2 -1.2 -1.2 -1.2 -1.2 -1.2 -1.2 -1.2 -1.2 -1.2 -1.2 -1.2 -1.2 -1.2 -1.2 -1.2 -1.2 -1.2 -1.2 -1.2 -1.2 -1.2 -1.2 -1.2 -1.2 -1.2
4.1 1.5 1.7 1.8 2.1 2.1 2.2 6.8 12.9 9.8 1.6 1.2 1.2 1.2 1.3 1.4 1.5 1.5 1.8 3.3 4.8 6.1 8 10.8 14.1 17.7 19.8 23 26.4 27.2 27 26.5 27.1 26.2 24.8 23.7 23.5 22.6 21.5 8.5 3.5 1.4 0.9 0.3 -1.2 -1.2 -1.2 -1.2 -1.2 -1.2 -1.2 -1.2 -1.2 -1.2 -1.2 -1.2 -1.2 -1.2 -1.2 -1.2 -1.2 -1.2 -1.2 -1.2 -1.2 -1.2 -1.2 -1.2 -1.2 -1.2 -1.2 -1.2 -1.2 -1.2 -1.2 -1.2 -1.2 -1.2 -1.2 -1.2 -1.2 -1.2 -1.2 -1.2 -1.2
1.8 1.3 1.6 1.7 1.8 2.1 2.2 2.4 10.7 8.8 2.2 1.5 1.4 1.4 1.3 1.3 1.4 1.4 1.5 2.2 3.2 4.7 6.5 8.6 10.8 13.5 16.1 19.9 23.9 26.7 29.5 30.4 28.7 26.8 17.7 13.4 7.4 1.9 1.4 0.6 -1.2 -1.2 -1.2 -1.2 -1.2 -1.2 -1.2 -1.2 -1.2 -1.2 -1.2 -1.2 -1.2 -1.2 -1.2 -1.2 -1.2 -1.2 -1.2 -1.2 -1.2 -1.2 -1.2 -1.2 -1.2 -1.2 -1.2 -1.2 -1.2 -1.2 -1.2 -1.2 -1.2 -1.2 -1.2 -1.2 -1.2 -1.2 -1.2 -1.2 -1.2 -1.2 -1.2 -1.2 -1.2
1.6 1.3 1.5 1.7 2.1 2.2 2.1 3.8 5.4 6 4.9 1.7 1.3 1.3 1.3 1.3 1.2 1.3 1.4 1.8 2.2 3.5 4.9 6.6 8.8 10.7 12.8 15.2 19 22.8 25.9 25.9 25.4 10.7 3.3 1.4 -1.2 -1.2 -1.2 -1.2 -1.2 -1.2 -1.2 -1.2 -1.2 -1.2 -1.2 -1.2 -1.2 -1.2 -1.2 -1.2 -1.2 -1.2 -1.2 -1.2 -1.2 -1.2 -1.2 -1.2 -1.2 -1.2 -1.2 -1.2 -1.2 -1.2 -1.2 -1.2 -1.2 -1.2 -1.2 -1.2 -1.2 -1.2 -1.2 -1.2 -1.2 -1.2 -1.2 -1.2 -1.2 -1.2 -1.2 -1.2 -1.2
1.6 1.5 1.9 1.9 2.3 4.5 4.8 4.2 5 4.8 4.6 2.9 1.3 1.3 1.3 1.3 1.2 1.1 1.2 1.6 1.7 2.6 3.7 5.6 7.4 9.2 10.4 12.7 14.5 18.1 13.2 6.3 1.5 1 -1.2 -1.2 -1.2 -1.2 -1.2 -1.2 -1.2 -1.2 -1.2 -1.2 -1.2 -1.2 -1.2 -1.2 -1.2 -1.2 -1.2 -1.2 -1.2 -1.2 -1.2 -1.2 -1.2 -1.2 -1.2 -1.2 -1.2 -1.2 -1.2 -1.2 -1.2 -1.2 -1.2 -1.2 -1.2 -1.2 -1.2 -1.2 -1.2 -1.2 -1.2 -1.2 -1.2 -1.2 -1.2 -1.2 -1.2 -1.2 -1.2 -1.2 -1.2
1.7 1.8 1.9 1.8 2.7 3.7 3.9 4 3.5 3.1 3 1.3 1.4 1.3 1.3 1.2 1.2 1.1 1.3 1.5 2 2.5 3.6 5 6.6 7.1 8.4 10.2 7.5 2 1.4 0.4 -1.2 -1.2 -1.2 -1.2 -1.2 -1.2 -1.2 -1.2 -1.2 -1.2 -1.2 -1.2 -1.2 -1.2 -1.2 -1.2 -1.2 -1.2 -1.2 -1.2 -1.2 -1.2 -1.2 -1.2 -1.2 -1.2 -1.2 -1.2 -1.2 -1.2 -1.2 -1.2 -1.2 -1.2 -1.2 -1.2 -1.2 -1.2 -1.2 -1.2 -1.2 -1.2 -1.2 -1.2 -1.2 -1.2 -1.2 -1.2 -1.2 -1.2 -1.2 -1.2 -1.2
1.7 1.4 1.7 1.6 1.6 3.3 1.9 1.4 2.5 1.9 1.8 1.6 1.2 1.3 1.4 1.7 2 2.4 2.2 2.7 2.9 3.2 3.9 5.3 5.7 6.4 3.9 2 0.9 -1.2 -1.2 -1.2 -1.2 -1.2 -1.2 -1.2 -1.2 -1.2 -1.2 -1.2 -1.2 -1.2 -1.2 -1.2 -1.2 -1.2 -1.2 -1.2 -1.2 -1.2 -1.2 -1.2 -1.2 -1.2 -1.2 -1.2 -1.2 -1.2 -1.2 -1.2 -1.2 -1.2 -1.2 -1.2 -1.2 -1.2 -1.2 -1.2 -1.2 -1.2 -1.2 -1.2 -1.2 -1.2 -1.2 -1.2 -1.2 -1.2 -1.2 -1.2 -1.2 -1.2 -1.2 -1.2 -1.2
1.8 1.6 1.5 1.6 1.7 2.5 1.5 1.5 1.8 1.7 1.4 1.2 1.2 1.8 2.5 3.3 3.6 3.5 3.1 3.6 4 4.3 4.7 4.7 5.2 2.2 1 0.2 -1.2 -1.2 -1.2 -1.2 -1.2 -1.2 -1.2 -1.2 -1.2 -1.2 -1.2 -1.2 -1.2 -1.2 -1.2 -1.2 -1.2 -1.2 -1.2 -1.2 -1.2 -1.2 -1.2 -1.2 -1.2 -1.2 -1.2 -1.2 -1.2 -1.2 -1.2 -1.2 -1.2 -1.2 -1.2 -1.2 -1.2 -1.2 -1.2 -1.2 -1.2 -1.2 -1.2 -1.2 -1.2 -1.2 -1.2 -1.2 -1.2 -1.2 -1.2 -1.2 -1.2 -1.2 -1.2 -1.2 -1.2
2.2 1.5 1.5 1.6 1.7 1.6 1.6 1.7 1.7 1.4 1.2 1.3 1.7 2.2 3.4 4.4 4.7 4.9 5.3 5.6 5 4.6 4.7 1.6 1 0.1 -1.2 -1.2 -1.2 -1.2 -1.2 -1.2 -1.2 -1.2 -1.2 -1.2 -1.2 -1.2 -1.2 -1.2 -1.2 -1.2 -1.2 -1.2 -1.2 -1.2 -1.2 -1.2 -1.2 -1.2 -1.2 -1.2 -1.2 -1.2 -1.2 -1.2 -1.2 -1.2 -1.2 -1.2 -1.2 -1.2 -1.2 -1.2 -1.2 -1.2 -1.2 -1.2 -1.2 -1.2 -1.2 -1.2 -1.2 -1.2 -1.2 -1.2 -1.2 -1.2 -1.2 -1.2 -1.2 -1.2 -1.2 -1.2 -1.2
3.2 1.9 1.6 1.7 1.6 1.5 1.6 1.7 1.8 1.3 1.5 1.8 2.2 2.7 4.2 4.7 5.5 5.8 6.1 6.6 5.8 4.1 0.8 0 -1.2 -1.2 -1.2 -1.2 -1.2 -1.2 -1.2 -1.2 -1.2 -1.2 -1.2 -1.2 -1.2 -1.2 -1.2 -1.2 -1.2 -1.2 -1.2 -1.2 -1.2 -1.2 -1.2 -1.2 -1.2 -1.2 -1.2 -1.2 -1.2 -1.2 -1.2 -1.2 -1.2 -1.2 -1.2 -1.2 -1.2 -1.2 -1.2 -1.2 -1.2 -1.2 -1.2 -1.2 -1.2 -1.2 -1.2 -1.2 -1.2 -1.2 -1.2 -1.2 -1.2 -1.2 -1.2 -1.2 -1.2 -1.2 -1.2 -1.2 -1.2
4.4 3.2 2.4 2.3 1.6 1.4 1.5 1.4 0.9 1.3 1.5 1.8 2.2 2.7 4 4.7 5.9 6.3 7 5.8 1 0 -0.7 -1.2 -1.2 -1.2 -1.2 -1.2 -1.2 -1.2 -1.2 -1.2 -1.2 -1.2 -1.2 -1.2 -1.2 -1.2 -1.2 -1.2 -1.2 -1.2 -1.2 -1.2 -1.2 -1.2 -1.2 -1.2 -1.2 -1.2 -1.2 -1.2 -1.2 -1.2 -1.2 -1.2 -1.2 -1.2 -1.2 -1.2 -1.2 -1.2 -1.2 -1.2 -1.2 -1.2 -1.2 -1.2 -1.2 -1.2 -1.2 -1.2 -1.2 -1.2 -1.2 -1.2 -1.2 -1.2 -1.2 -1.2 -1.2 -1.2 -1.2 -1.2 -1.2
5.9 4.4 3.1 2.6 1.6 1.3 1.1 1.2 1.5 1.2 1.4 0.8 1.9 2.3 3.6 4.3 4.9 5.4 2.1 0.4 -1.2 -1.2 -1.2 -1.2 -1.2 -1.2 -1.2 -1.2 -1.2 -1.2 -1.2 -1.2 -1.2 -1.2 -1.2 -1.2 -1.2 -1.2 -1.2 -1.2 -1.2 -1.2 -1.2 -1.2 -1.2 -1.2 -1.2 -1.2 -1.2 -1.2 -1.2 -1.2 -1.2 -1.2 -1.2 -1.2 -1.2 -1.2 -1.2 -1.2 -1.2 -1.2 -1.2 -1.2 -1.2 -1.2 -1.2 -1.2 -1.2 -1.2 -1.2 -1.2 -1.2 -1.2 -1.2 -1.2 -1.2 -1.2 -1.2 -1.2 -1.2 -1.2 -1.2 -1.2 -1.2
7.2 5.1 3.3 2.8 1.9 1.3 1.4 1.5 1.6 1.5 0.8 0.8 0.8 2.1 2.4 3.5 2.6 0.6 -1.2 -1.2 -1.2 -1.2 -1.2 -1.2 -1.2 -1.2 -1.2 -1.2 -1.2 -1.2 -1.2 -1.2 -1.2 -1.2 -1.2 -1.2 -1.2 -1.2 -1.2 -1.2 -1.2 -1.2 -1.2 -1.2 -1.2 -1.2 -1.2 -1.2 -1.2 -1.2 -1.2 -1.2 -1.2 -1.2 -1.2 -1.2 -1.2 -1.2 -1.2 -1.2 -1.2 -1.2 -1.2 -1.2 -1.2 -1.2 -1.2 -1.2 -1.2 -1.2 -1.2 -1.2 -1.2 -1.2 -1.2 -1.2 -1.2 -1.2 -1.2 -1.2 -1.2 -1.2 -1.2 -1.2 -1.2
7.9 5.4 3.4 2.7 2.2 1.3 1.5 1.6 1.7 1.2 1.1 0.8 0.8 1.5 2.8 1 -0.1 -1.2 -1.2 -1.2 -1.2 -1.2 -1.2 -1.2 -1.2 -1.2 -1.2 -1.2 -1.2 -1.2 -1.2 -1.2 -1.2 -1.2 -1.2 -1.2 -1.2 -1.2 -1.2 -1.2 -1.2 -1.2 -1.2 -1.2 -1.2 -1.2 -1.2 -1.2 -1.2 -1.2 -1.2 -1.2 -1.2 -1.2 -1.2 -1.2 -1.2 -1.2 -1.2 -1.2 -1.2 -1.2 -1.2 -1.2 -1.2 -1.2 -1.2 -1.2 -1.2 -1.2 -1.2 -1.2 -1.2 -1.2 -1.2 -1.2 -1.2 -1.2 -1.2 -1.2 -1.2 -1.2 -1.2 -1.2 -1.2
8.7 6 3.9 2.5 2 1.5 1.5 1.6 2 1.7 1.3 0.8 1.1 1.6 0.4 -1.2 -1.2 -1.2 -1.2 -1.2 -1.2 -1.2 -1.2 -1.2 -1.2 -1.2 -1.2 -1.2 -1.2 -1.2 -1.2 -1.2 -1.2 -1.2 -1.2 -1.2 -1.2 -1.2 -1.2 -1.2 -1.2 -1.2 -1.2 -1.2 -1.2 -1.2 -1.2 -1.2 -1.2 -1.2 -1.2 -1.2 -1.2 -1.2 -1.2 -1.2 -1.2 -1.2 -1.2 -1.2 -1.2 -1.2 -1.2 -1.2 -1.2 -1.2 -1.2 -1.2 -1.2 -1.2 -1.2 -1.2 -1.2 -1.2 -1.2 -1.2 -1.2 -1.2 -1.2 -1.2 -1.2 -1.2 -1.2 -1.2 -1.2
9.2 6.6 4.2 2.6 2 1.9 1.9 2.2 2.3 2.3 2.4 2.9 1.1 -1.2 -1.2 -1.2 -1.2 -1.2 -1.2 -1.2 -1.2 -1.2 -1.2 -1.2 -1.2 -1.2 -1.2 -1.2 -1.2 -1.2 -1.2 -1.2 -1.2 -1.2 -1.2 -1.2 -1.2 -1.2 -1.2 -1.2 -1.2 -1.2 -1.2 -1.2 -1.2 -1.2 -1.2 -1.2 -1.2 -1.2 -1.2 -1.2 -1.2 -1.2 -1.2 -1.2 -1.2 -1.2 -1.2 -1.2 -1.2 -1.2 -1.2 -1.2 -1.2 -1.2 -1.2 -1.2 -1.2 -1.2 -1.2 -1.2 -1.2 -1.2 -1.2 -1.2 -1.2 -1.2 -1.2 -1.2 -1.2 -1.2 -1.2 -1.2 -1.2
9.5 6.9 4.7 2.9 2.5 2.7 2.9 2.5 2.3 2.2 4.6 0.9 -1.2 -1.2 -1.2 -1.2 -1.2 -1.2 -1.2 -1.2 -1.2 -1.2 -1.2 -1.2 -1.2 -1.2 -1.2 -1.2 -1.2 -1.2 -1.2 -1.2 -1.2 -1.2 -1.2 -1.2 -1.2 -1.2 -1.2 -1.2 -1.2 -1.2 -1.2 -1.2 -1.2 -1.2 -1.2 -1.2 -1.2 -1.2 -1.2 -1.2 -1.2 -1.2 -1.2 -1.2 -1.2 -1.2 -1.2 -1.2 -1.2 -1.2 -1.2 -1.2 -1.2 -1.2 -1.2 -1.2 -1.2 -1.2 -1.2 -1.2 -1.2 -1.2 -1.2 -1.2 -1.2 -1.2 -1.2 -1.2 -1.2 -1.2 -1.2 -1.2 -1.2
10.4 7.8 5.4 4.5 4.8 4.7 4.3 4 3.8 1.5 0.4 -1.2 -1.2 -1.2 -1.2 -1.2 -1.2 -1.2 -1.2 -1.2 -1.2 -1.2 -1.2 -1.2 -1.2 -1.2 -1.2 -1.2 -1.2 -1.2 -1.2 -1.2 -1.2 -1.2 -1.2 -1.2 -1.2 -1.2 -1.2 -1.2 -1.2 -1.2 -1.2 -1.2 -1.2 -1.2 -1.2 -1.2 -1.2 -1.2 -1.2 -1.2 -1.2 -1.2 -1.2 -1.2 -1.2 -1.2 -1.2 -1.2 -1.2 -1.2 -1.2 -1.2 -1.2 -1.2 -1.2 -1.2 -1.2 -1.2 -1.2 -1.2 -1.2 -1.2 -1.2 -1.2 -1.2 -1.2 -1.2 -1.2 -1.2 -1.2 -1.2 -1.2 -1.2
10.5 8.5 6.8 6.5 7.5 7.4 6.1 4 1 -1.2 -1.2 -1.2 -1.2 -1.2 -1.2 -1.2 -1.2 -1.2 -1.2 -1.2 -1.2 -1.2 -1.2 -1.2 -1.2 -1.2 -1.2 -1.2 -1.2 -1.2 -1.2 -1.2 -1.2 -1.2 -1.2 -1.2 -1.2 -1.2 -1.2 -1.2 -1.2 -1.2 -1.2 -1.2 -1.2 -1.2 -1.2 -1.2 -1.2 -1.2 -1.2 -1.2 -1.2 -1.2 -1.2 -1.2 -1.2 -1.2 -1.2 -1.2 -1.2 -1.2 -1.2 -1.2 -1.2 -1.2 -1.2 -1.2 -1.2 -1.2 -1.2 -1.2 -1.2 -1.2 -1.2 -1.2 -1.2 -1.2 -1.2 -1.2 -1.2 -1.2 -1.2 -1.2 -1.2
10.6 8.8 7.5 7.2 7.5 6 2.2 0.7 -1.2 -1.2 -1.2 -1.2 -1.2 -1.2 -1.2 -1.2 -1.2 -1.2 -1.2 -1.2 -1.2 -1.2 -1.2 -1.2 -1.2 -1.2 -1.2 -1.2 -1.2 -1.2 -1.2 -1.2 -1.2 -1.2 -1.2 -1.2 -1.2 -1.2 -1.2 -1.2 -1.2 -1.2 -1.2 -1.2 -1.2 -1.2 -1.2 -1.2 -1.2 -1.2 -1.2 -1.2 -1.2 -1.2 -1.2 -1.2 -1.2 -1.2 -1.2 -1.2 -1.2 -1.2 -1.2 -1.2 -1.2 -1.2 -1.2 -1.2 -1.2 -1.2 -1.2 -1.2 -1.2 -1.2 -1.2 -1.2 -1.2 -1.2 -1.2 -1.2 -1.2 -1.2 -1.2 -1.2 -1.2
10.7 9.2 8 7.3 4.6 2.5 0.7 -1.2 -1.2 -1.2 -1.2 -1.2 -1.2 -1.2 -1.2 -1.2 -1.2 -1.2 -1.2 -1.2 -1.2 -1.2 -1.2 -1.2 -1.2 -1.2 -1.2 -1.2 -1.2 -1.2 -1.2 -1.2 -1.2 -1.2 -1.2 -1.2 -1.2 -1.2 -1.2 -1.2 -1.2 -1.2 -1.2 -1.2 -1.2 -1.2 -1.2 -1.2 -1.2 -1.2 -1.2 -1.2 -1.2 -1.2 -1.2 -1.2 -1.2 -1.2 -1.2 -1.2 -1.2 -1.2 -1.2 -1.2 -1.2 -1.2 -1.2 -1.2 -1.2 -1.2 -1.2 -1.2 -1.2 -1.2 -1.2 -1.2 -1.2 -1.2 -1.2 -1.2 -1.2 -1.2 -1.2 -1.2 -1.2
10.4 9.3 6.6 3.8 1.4 -1.2 -1.2 -1.2 -1.2 -1.2 -1.2 -1.2 -1.2 -1.2 -1.2 -1.2 -1.2 -1.2 -1.2 -1.2 -1.2 -1.2 -1.2 -1.2 -1.2 -1.2 -1.2 -1.2 -1.2 -1.2 -1.2 -1.2 -1.2 -1.2 -1.2 -1.2 -1.2 -1.2 -1.2 -1.2 -1.2 -1.2 -1.2 -1.2 -1.2 -1.2 -1.2 -1.2 -1.2 -1.2 -1.2 -1.2 -1.2 -1.2 -1.2 -1.2 -1.2 -1.2 -1.2 -1.2 -1.2 -1.2 -1.2 -1.2 -1.2 -1.2 -1.2 -1.2 -1.2 -1.2 -1.2 -1.2 -1.2 -1.2 -1.2 -1.2 -1.2 -1.2 -1.2 -1.2 -1.2 -1.2 -1.2 -1.2 -1.2
