webserver/python/data/SZ69.asc
ncols 200
nrows 200
xllcorner 460000
yllcorner 90000
cellsize 50
[rows 152 to 189 of 200, columns 0 to 83 of 200]
2.7 4.5 7.6 12.3 16.2 18.1 18.3 15.1 12.8 10.8 6.4 6.9 5.3 3.1 1.4 1.4 1.3 1.3 1.2 1.1 1.1 1 1 1 1 1 1 1 1 0.9 0.8 0.6 0.4 0.2 -0.1 -0.3 -0.5 -0.8 -1 -1.4 -1.4 -1.4 -1.4 -1.4 -1.4 -1.4 -1.4 -1.4 -1.4 -1.4 -1.4 -1.4 -1.4 -1.4 -1.4 -1.4 -1.4 -1.4 -1.4 -1.4 -1.4 -1.4 -1.4 -1.4 -1.4 -1.4 -1.4 -1.4 -1.4 -1.4 -1.4 -1.4 -1.4 -1.4 -1.4 -1.4 -1.4 -1.4 -1.4 -1.4 -1.4 -1.4 -1.4 -1.4
3.8 6 9.4 13.7 17.6 20 20.6 18.2 13.6 9.7 9.3 10.3 9.9 7.6 4.9 2.9 1.6 1.4 1.3 1.3 1.2 1.2 1.2 1.2 1.2 1.2 1.2 1.2 1.2 1.1 1 0.9 0.7 0.4 0.2 0 -0.2 -0.5 -0.7 -0.9 -1 -1.4 -1.4 -1.4 -1.4 -1.4 -1.4 -1.4 -1.4 -1.4 -1.4 -1.4 -1.4 -1.4 -1.4 -1.4 -1.4 -1.4 -1.4 -1.4 -1.4 -1.4 -1.4 -1.4 -1.4 -1.4 -1.4 -1.4 -1.4 -1.4 -1.4 -1.4 -1.4 -1.4 -1.4 -1.4 -1.4 -1.4 -1.4 -1.4 -1.4 -1.4 -1.4 -1.4
5.1 8.7 11.9 15.6 19.4 22.5 23.2 22.4 18.2 14.9 13.7 14.5 15.3 13.2 10.5 9.5 6 3.6 2.2 1.4 1.4 1.4 1.4 1.3 1.4 1.4 1.4 1.8 1.5 1.4 1.3 1.1 0.9 0.7 0.5 0.3 0 -0.2 -0.4 -0.5 -0.7 -1 -1.4 -1.4 -1.4 -1.4 -1.4 -1.4 -1.4 -1.4 -1.4 -1.4 -1.4 -1.4 -1.4 -1.4 -1.4 -1.4 -1.4 -1.4 -1.4 -1.4 -1.4 -1.4 -1.4 -1.4 -1.4 -1.4 -1.4 -1.4 -1.4 -1.4 -1.4 -1.4 -1.4 -1.4 -1.4 -1.4 -1.4 -1.4 -1.4 -1.4 -1.4 -1.4
5.2 11.4 15.5 17.4 21.6 24.2 25.8 25.3 23.8 21.4 18.9 19.5 20.4 18.7 18.5 18.2 15.1 11.6 8 4.6 3.8 3.4 2.9 3.2 3.1 4.9 7.9 8.5 9.6 9 3.4 1.4 1.2 1 0.8 0.5 0.3 0.1 0 -0.1 -0.4 -0.7 -1 -1.4 -1.4 -1.4 -1.4 -1.4 -1.4 -1.4 -1.4 -1.4 -1.4 -1.4 -1.4 -1.4 -1.4 -1.4 -1.4 -1.4 -1.4 -1.4 -1.4 -1.4 -1.4 -1.4 -1.4 -1.4 -1.4 -1.4 -1.4 -1.4 -1.4 -1.4 -1.4 -1.4 -1.4 -1.4 -1.4 -1.4 -1.4 -1.4 -1.4 -1.4
8.6 14.4 19.7 20.9 24 26.4 29 28.9 27.5 25.4 23.9 24.5 25 23.3 23.5 23.8 23.8 22.6 17.8 12.4 9.6 9.1 11.4 8.1 6.8 6.4 6.9 6.3 6 6.6 5.9 4.5 1.7 1.3 1 0.8 0.6 0.5 0.3 0.2 0 -0.3 -0.6 -0.9 -1.4 -1.4 -1.4 -1.4 -1.4 -1.4 -1.4 -1.4 -1.4 -1.4 -1.4 -1.4 -1.4 -1.4 -1.4 -1.4 -1.4 -1.4 -1.4 -1.4 -1.4 -1.4 -1.4 -1.4 -1.4 -1.4 -1.4 -1.4 -1.4 -1.4 -1.4 -1.4 -1.4 -1.4 -1.4 -1.4 -1.4 -1.4 -1.4 -1.4
12.4 18.2 22.2 24.2 27.1 30 32.3 32.8 30.9 28.7 28.5 28.4 28.5 28 28.1 28.4 28.7 26.6 22.3 18 15.5 14.6 15.3 13.1 11.6 10.7 10.1 9.6 7.9 6.1 5.5 9.2 2.7 3 1.4 1.2 1 0.8 0.7 0.6 0.3 0 -0.3 -0.5 -0.8 -1.4 -1.4 -1.4 -1.4 -1.4 -1.4 -1.4 -1.4 -1.4 -1.4 -1.4 -1.4 -1.4 -1.4 -1.4 -1.4 -1.4 -1.4 -1.4 -1.4 -1.4 -1.4 -1.4 -1.4 -1.4 -1.4 -1.4 -1.4 -1.4 -1.4 -1.4 -1.4 -1.4 -1.4 -1.4 -1.4 -1.4 -1.4 -1.4
15.2 21.1 24 26.8 30.7 33.6 35.5 35.8 33.5 31.2 32.9 33.8 33.2 32.8 32.4 32.4 32.5 30.7 26.6 23 21.4 20.4 20.3 20.8 18.6 17.2 15.2 12.7 10.9 5.9 4.7 4 3.1 2.9 3.1 1.8 1.3 1.1 1.1 0.9 0.7 0.4 0.2 -0.1 -0.4 -0.6 -0.7 -1 -1.4 -1.4 -1.4 -1.4 -1.4 -1.4 -1.4 -1.4 -1.4 -1.4 -1.4 -1.4 -1.4 -1.4 -1.4 -1.4 -1.4 -1.4 -1.4 -1.4 -1.4 -1.4 -1.4 -1.4 -1.4 -1.4 -1.4 -1.4 -1.4 -1.4 -1.4 -1.4 -1.4 -1.4 -1.4 -1.4
20.2 23.1 26.2 29.9 34 36.8 38.7 38.2 36 34.5 36.2 37.1 36.8 36.8 36.4 36.3 35.7 33.9 31.8 29.8 29.4 27.5 26.4 27 24.6 22.1 19.7 17.5 12.8 6.2 4.4 3.5 2.7 2.5 2.5 2.8 2.9 2.9 1.5 1.3 1 0.8 0.6 0.3 0 -0.2 -0.2 -0.5 -0.9 -1.4 -1.4 -1.4 -1.4 -1.4 -1.4 -1.4 -1.4 -1.4 -1.4 -1.4 -1.4 -1.4 -1.4 -1.4 -1.4 -1.4 -1.4 -1.4 -1.4 -1.4 -1.4 -1.4 -1.4 -1.4 -1.4 -1.4 -1.4 -1.4 -1.4 -1.4 -1.4 -1.4 -1.4 -1.4
22.9 26 28.7 32.5 36.9 39.7 40.7 40.1 38 38 39.6 39.9 40 40.1 40.2 39.4 38.5 37.5 36.2 34.6 33.1 32.2 30.9 30 28.5 26.1 22.4 18 13 6.7 4.3 3.1 2.7 2.4 2.1 3.8 4.8 4.1 3.1 3 1.4 1.2 1 0.8 0.5 0.3 0.3 0.1 -0.4 -1.4 -1.4 -1.4 -1.4 -1.4 -1.4 -1.4 -1.4 -1.4 -1.4 -1.4 -1.4 -1.4 -1.4 -1.4 -1.4 -1.4 -1.4 -1.4 -1.4 -1.4 -1.4 -1.4 -1.4 -1.4 -1.4 -1.4 -1.4 -1.4 -1.4 -1.4 -1.4 -1.4 -1.4 -1.4
25.6 29.3 32.3 36.2 39.4 40.5 41.6 41.9 41.2 41.7 42.4 42.6 42.7 42.6 42.2 41.6 40.7 39.7 38.5 37.6 36.7 35.8 33.8 32.3 29.6 26.1 20.4 16.2 12 7.5 3.9 3.1 2.7 2.4 4.5 6.3 6.8 5.4 3.9 2.5 2.8 3.5 1.8 1.2 0.9 0.9 0.9 0.5 0.1 -0.3 -0.6 -0.9 -1.4 -1.4 -1.4 -1.4 -1.4 -1.4 -1.4 -1.4 -1.4 -1.4 -1.4 -1.4 -1.4 -1.4 -1.4 -1.4 -1.4 -1.4 -1.4 -1.4 -1.4 -1.4 -1.4 -1.4 -1.4 -1.4 -1.4 -1.4 -1.4 -1.4 -1.4 -1.4
27.8 32.1 36.3 38.9 41.1 42 42.7 43.5 43.9 44.1 44.1 44.2 44.3 44.5 44.1 43.3 42.9 41.9 40.7 39.5 37.9 35.9 34.2 31.8 29.5 24.7 18.9 13.9 9.8 6.6 4.4 3.6 2.8 5.3 8.6 9.6 9.3 7.8 6.2 4.5 3.5 2.8 2.4 3.2 1.4 1.4 1.4 1.1 0.7 0.4 0.1 -0.2 -0.5 -0.7 -1.4 -1.4 -1.4 -1.4 -1.4 -1.4 -1.4 -1.4 -1.4 -1.4 -1.4 -1.4 -1.4 -1.4 -1.4 -1.4 -1.4 -1.4 -1.4 -1.4 -1.4 -1.4 -1.4 -1.4 -1.4 -1.4 -1.4 -1.4 -1.4 -1.4
30.5 34.9 38.1 40.9 42.6 44.1 44.7 44.8 45.1 45.5 45.9 46 46 46.4 45.5 44.6 43.8 42.6 41.5 40.4 38.2 36.1 33.8 30.3 26.7 21.6 17 12 8.5 5.8 4.1 3.6 4.2 7.2 11.7 13.1 12.8 11.9 10.4 7.9 6.5 2.9 2.2 1.8 1.5 2.2 2.5 2.7 1.4 1.1 0.8 0.5 0.2 0.1 -0.2 -1.4 -1.4 -1.4 -1.4 -1.4 -1.4 -1.4 -1.4 -1.4 -1.4 -1.4 -1.4 -1.4 -1.4 -1.4 -1.4 -1.4 -1.4 -1.4 -1.4 -1.4 -1.4 -1.4 -1.4 -1.4 -1.4 -1.4 -1.4 -1.4
32 36.1 39.7 42.8 44.7 46.1 46 45.9 46.3 46.8 47.3 47.4 47.1 47 46.2 45.4 44.5 43.1 41.8 40.3 38.1 35.9 32.4 29 25 20.9 16.5 12.6 8.9 5.9 4.6 4.9 7 9.9 14 16.3 15.4 15.7 14.1 11.3 8.3 4.2 2.6 2.1 1.4 2.3 1 2.3 2.7 2.9 1.9 1.2 0.9 0.9 0.7 0.6 0.3 -1.4 -1.4 -1.4 -1.4 -1.4 -1.4 -1.4 -1.4 -1.4 -1.4 -1.4 -1.4 -1.4 -1.4 -1.4 -1.4 -1.4 -1.4 -1.4 -1.4 -1.4 -1.4 -1.4 -1.4 -1.4 -1.4 -1.4
35.7 38.4 41.2 44.5 46.9 47 46.9 46.8 47.2 47.8 48.2 47.6 47.2 47.3 46.9 45.5 44.1 43 41.5 39.6 37.5 35.1 31.6 28.5 24.7 20.7 17.7 14 8.5 6.2 6.3 8.4 10.7 13.1 15.8 18.1 19.4 17.6 17.6 13.5 9.6 5.6 2.7 2 1.9 0.7 1.2 1.5 2 2.8 3 2.7 2.2 2.5 2.9 4.2 5.2 3.6 -1.4 -1.4 -1.4 -1.4 -1.4 -1.4 -1.4 -1.4 -1.4 -1.4 -1.4 -1.4 -1.4 -1.4 -1.4 -1.4 -1.4 -1.4 -1.4 -1.4 -1.4 -1.4 -1.4 -1.4 -1.4 -1.4
39.9 42.5 45.1 46.6 47.8 47.9 47.9 48.1 48.4 48.7 48.5 47.8 47.4 47.5 45.8 44.6 43.5 42 40.1 38.4 36.7 33.9 31.1 27.9 24.3 20.7 17.5 11.9 6.9 7.7 9.5 12.4 14.9 17.3 19.6 21.9 22.3 20.9 17.8 14 9.8 5.6 2.7 1.5 0.7 0.7 0.7 0.7 0.7 2.8 2.7 2.7 3.7 4.8 5.9 6.6 6.6 6.5 6 -1.4 -1.4 -1.4 -1.4 -1.4 -1.4 -1.4 -1.4 -1.4 -1.4 -1.4 -1.4 -1.4 -1.4 -1.4 -1.4 -1.4 -1.4 -1.4 -1.4 -1.4 -1.4 -1.4 -1.4 -1.4
43.1 45.2 46.7 47.7 48.5 48.9 49 48.9 48.6 48.8 48.7 48.2 48 48 44.9 43.8 41.5 39.7 38.2 36.4 34.7 32.9 28.9 27.4 23.7 19.9 15.9 10 7.3 10.9 12.9 16.5 19.3 21.6 23.8 25 23.5 21.4 17.6 14.1 9.6 5.1 2.6 1.5 0.7 0.7 0.7 0.7 0.7 2.4 2.5 3.1 4.9 6.3 7.4 8.5 8.8 8.9 6.9 5.3 -1.4 -1.4 -1.4 -1.4 -1.4 -1.4 -1.4 -1.4 -1.4 -1.4 -1.4 -1.4 -1.4 -1.4 -1.4 -1.4 -1.4 -1.4 -1.4 -1.4 -1.4 -1.4 -1.4 -1.4
45.4 46.9 47.7 48.6 49.1 49.2 49.5 49.2 48.3 48.7 48.4 47.6 46.3 44.8 44 41.9 39.6 37.4 35.8 34 32.2 30.5 27.4 25 22.7 18.3 14.2 10 10.4 14.3 16.3 19.7 23.7 25.9 27.8 26 24.1 21.9 17.8 14.1 10.1 6.4 2.4 1 0.7 0.7 0.7 0.8 0.7 2.4 2.4 4.2 6.2 7.6 8.9 10.3 11.2 11.4 10.9 10.3 -1.4 -1.4 -1.4 -1.4 -1.4 -1.4 -1.4 -1.4 -1.4 -1.4 -1.4 -1.4 -1.4 -1.4 -1.4 -1.4 -1.4 -1.4 -1.4 -1.4 -1.4 -1.4 -1.4 -1.4
46.6 47.6 48.5 49.2 49.5 49.5 49.7 49 48.1 47.3 46.5 45.6 44.5 43.1 42 40.6 38 35.5 33.4 31.5 29.7 27.9 25.8 23.6 20 17.2 12.1 9.5 14 17.8 20.2 24 26.6 28.2 29.5 26.8 24.8 22.4 18.1 12.5 8.3 4.9 2.5 1 0.7 0.7 1.3 1.8 2 3.9 5.7 6.9 7.9 9.2 10.7 12.1 13.8 14.8 13.3 12.4 8.8 -1.4 -1.4 -1.4 -1.4 -1.4 -1.4 -1.4 -1.4 -1.4 -1.4 -1.4 -1.4 -1.4 -1.4 -1.4 -1.4 -1.4 -1.4 -1.4 -1.4 -1.4 -1.4 -1.4
47.2 48.4 49.1 49.5 49.7 49.7 49.5 48.3 47.4 46.4 44.3 43 41.9 40.8 39.7 38.4 37.1 34.6 31.6 29.1 26.9 24.8 22.7 20.6 18.2 16.8 12.3 11.9 17.7 21.6 24.7 27.6 28.7 30.1 31.3 29.1 26.1 22 16.7 12.3 9.3 5.8 3.2 1.9 1.2 0.8 1.4 2.3 3.6 6 9.6 12.3 14.2 14.2 14.9 16.6 16.5 18.3 17 15.2 10.5 0.4 -1.4 -1.4 -1.4 -1.4 -1.4 -1.4 -1.4 -1.4 -1.4 -1.4 -1.4 -1.4 -1.4 -1.4 -1.4 -1.4 -1.4 -1.4 -1.4 -1.4 -1.4 -1.4
47.7 49.2 49.4 49.7 49.8 49.8 48.9 47.7 46.1 44.3 42 40.3 39 37.8 36.8 35.3 34.1 32.3 30.3 27.8 25.2 22.4 19.5 17.1 14.6 11.8 13.1 17.7 21.3 25.4 28.5 29.6 30.7 32.1 31.4 28.7 25.6 21.2 16.8 12.4 8.8 6.7 3.4 2.7 1.9 0.8 1.4 2.3 4.1 7.5 12.2 15.2 17.3 19.1 20.7 23.1 24.6 23.4 19.7 17.3 10.3 1 -1.4 -1.4 -1.4 -1.4 -1.4 -1.4 -1.4 -1.4 -1.4 -1.4 -1.4 -1.4 -1.4 -1.4 -1.4 -1.4 -1.4 -1.4 -1.4 -1.4 -1.4 -1.4
47.8 49.2 49.3 49.8 49.8 49.7 48.4 46.6 44.1 41.9 39.9 37.3 35.4 34.3 33.2 32.2 30.8 29.3 28.1 27 24.4 21.6 19.2 15.5 13.5 16.1 18.8 21.2 24.3 28.3 31 32.9 33 34 31.4 28.4 25.3 21.4 17 12.6 9 5.8 3.8 2.7 2.2 1.5 1.9 2.4 2.9 6.6 11.2 15.1 17.3 19.9 23 27.6 29.4 27.3 21.7 16.5 10.5 1.2 -1.4 -1.4 -1.4 -1.4 -1.4 -1.4 -1.4 -1.4 -1.4 -1.4 -1.4 -1.4 -1.4 -1.4 -1.4 -1.4 -1.4 -1.4 -1.4 -1.4 -1.4 -1.4
47.7 48.9 49.2 49.8 49.8 49.5 47.8 46.1 43.9 40.8 37.5 34.7 32.3 31.1 30.3 29.2 28.1 26.8 25.7 24.6 23.6 21 19 14.6 16 20 22.2 25 27.7 30.5 33 35.6 36 33.5 30.8 27.8 24.7 21.3 17.2 12.8 9.1 5.5 2.9 2.4 2.5 2.2 2.4 2.6 2.9 4.9 7.9 11.1 13.7 16.8 22.9 27.2 29.2 25.7 20.2 15.2 10 1.3 -1.4 -1.4 -1.4 -1.4 -1.4 -1.4 -1.4 -1.4 -1.4 -1.4 -1.4 -1.4 -1.4 -1.4 -1.4 -1.4 -1.4 -1.4 -1.4 -1.4 -1.4 -1.4
47.2 48.4 48.8 49.7 49.4 48.6 47.7 45.8 43.2 40.2 36.9 33.7 31.4 29 27.6 26.6 25.5 24.4 23.2 22 21.2 20.2 17.6 14.9 18.3 21.7 24.8 27.9 31.1 33.9 35.9 36.4 35.5 32.7 29.9 27.2 24 20.6 17.2 13 9.3 5.6 2.7 2.1 4.2 5.7 5.7 4.9 3.7 5.6 8.7 12.3 16.2 19.9 23.8 28.5 29.8 25.3 20.4 16.7 10.9 4.4 -1.4 -1.4 -1.4 -1.4 -1.4 -1.4 -1.4 -1.4 -1.4 -1.4 -1.4 -1.4 -1.4 -1.4 -1.4 -1.4 -1.4 -1.4 -1.4 -1.4 -1.4 -1.4
46.1 47.5 48.1 48.8 48.2 47.4 46.6 44.8 42.5 39.7 37.4 34.4 32.1 29.7 27 25.5 23.9 22.4 21 19.6 18.6 17.6 16.3 16.3 18.6 22.7 26 29.1 32.3 35.9 37 36.8 34.8 32 28.6 25.2 22.3 19.2 16.2 13.1 9.6 6.2 2.8 2.6 6.2 10.3 11.5 9.1 6.8 8.5 11.4 15.9 20.6 25.3 28.6 31.6 33.4 30.3 26.7 22.8 13.6 5.3 -1.4 -1.4 -1.4 -1.4 -1.4 -1.4 -1.4 -1.4 -1.4 -1.4 -1.4 -1.4 -1.4 -1.4 -1.4 -1.4 -1.4 -1.4 -1.4 -1.4 -1.4 -1.4
44.4 46 47.2 48.2 47.8 47 46.2 44.5 42.5 40.6 38.7 35.7 32.6 30.3 28 26 24 22 20.1 18.8 20 20.3 20.4 20.5 20.2 23 26.4 30.1 34.6 37 37.6 36.9 34.2 31.7 28.1 24.4 20.6 17.3 14.3 11 8.4 5.4 2.7 4.7 9.2 13.9 16.8 14.8 12.2 12.3 14.4 20.1 26.3 30.3 34.1 36.2 37.2 34.7 31.4 29.3 18.8 9.5 3.6 -1.4 -1.4 -1.4 -1.4 -1.4 -1.4 -1.4 -1.4 -1.4 -1.4 -1.4 -1.4 -1.4 -1.4 -1.4 -1.4 -1.4 -1.4 -1.4 -1.4 -1.4
42.8 44.5 45.9 47.4 47.7 47 46.1 44.8 43.4 41.8 38.7 35.9 33.3 30.7 28.5 26.6 24.9 23.2 21.5 21.1 24.1 25.1 25 24.6 24.3 23.9 27.4 31.5 35.7 38.2 38.1 36.3 33.6 30.3 26.8 23.2 19.5 15.8 12.2 8.8 5.9 4.4 4.6 9.5 14.2 17.5 20.9 20.4 18.1 19 19.4 23.5 30.7 34.6 38 40.5 39.4 37.7 35.3 31.9 24.8 11.4 4.8 -1.4 -1.4 -1.4 -1.4 -1.4 -1.4 -1.4 -1.4 -1.4 -1.4 -1.4 -1.4 -1.4 -1.4 -1.4 -1.4 -1.4 -1.4 -1.4 -1.4 -1.4
40.7 42.8 44.4 46 47.3 46.6 46 45.4 44.2 42.4 39 35.8 33.1 31.8 30.5 28 26.3 24.6 22.9 23 25.7 28.4 29.4 28.5 27.1 27.1 29.7 32.6 36.3 38.4 37.4 35.5 32.8 29 25.4 21.7 18.1 14.8 11 7.2 4.9 4.5 9.2 14.4 18.4 21.1 23.8 24.1 24.2 26 25.2 27.8 32.3 37.3 40 40.1 39.2 38 35.7 33 28.5 15.6 7.1 -1.4 -1.4 -1.4 -1.4 -1.4 -1.4 -1.4 -1.4 -1.4 -1.4 -1.4 -1.4 -1.4 -1.4 -1.4 -1.4 -1.4 -1.4 -1.4 -1.4 -1.4
38.4 40.7 42.9 44.6 46.6 46.1 46.1 45.6 44.4 42.6 39.9 37.3 35.2 34.1 33.6 31.1 28.5 26 24.2 24.4 27.5 30.7 33.9 32.8 31.5 30.6 32.6 35.2 37.8 38.4 37.3 34.4 31.3 27.6 24 20.4 16.9 14.1 7.5 5.1 5.4 7.5 12.2 17.2 20.3 23.2 26 26.5 28.9 31.4 30.7 32.1 36.6 39.7 40.5 39.8 38.5 36.9 33.9 31.5 27.7 19.8 8.6 1.1 -1.4 -1.4 -1.4 -1.4 -1.4 -1.4 -1.4 -1.4 -1.4 -1.4 -1.4 -1.4 -1.4 -1.4 -1.4 -1.4 -1.4 -1.4 -1.4 -1.4
36.2 38.6 41 43.4 45.7 46.3 46.2 46.2 45.4 44.1 41.8 39.6 37.9 37 36.1 34.2 31.6 28.9 26.2 27.2 29.9 33.2 36.6 37.1 36.5 35.5 34 36.5 39 39.1 36.2 32.7 29.3 25.9 22.3 19 16 12.5 8.1 5 4.3 8.3 13.5 18.4 22 25.4 28.6 31.2 32.8 35.1 36.3 37.8 40.5 41.1 40.9 39.4 36.9 33.5 29.6 27 22.5 17.2 9.5 1.7 -1.4 -1.4 -1.4 -1.4 -1.4 -1.4 -1.4 -1.4 -1.4 -1.4 -1.4 -1.4 -1.4 -1.4 -1.4 -1.4 -1.4 -1.4 -1.4 -1.4
35.3 38.1 40.5 43.4 45.2 45.8 46.3 46.4 46.3 44.9 44.2 42.3 40.2 39.2 37.5 34.6 32.1 29.5 27.9 29.9 32.9 36.3 38.8 39.4 39.3 39.3 38.9 39.3 39.8 38.9 35.4 31.9 28.5 24.8 21.1 18.2 15.9 12 10.9 7.1 5.7 6.5 13 18 22 24.7 27.9 30.6 32.6 36.7 38.6 40.4 41 41.5 40.8 38.8 35 30.4 26.6 22.4 17.8 15.4 10.5 3.9 -1.4 -1.4 -1.4 -1.4 -1.4 -1.4 -1.4 -1.4 -1.4 -1.4 -1.4 -1.4 -1.4 -1.4 -1.4 -1.4 -1.4 -1.4 -1.4 -1.4
35.3 38.1 40.8 43.5 45 45.5 46 46.7 46.3 45.6 45 44.4 42.4 39.6 37.2 33.8 31.4 28.9 30 32.6 36 39.4 40.9 41.7 42.1 42.4 41.8 41.4 40.6 38.3 35 31.5 28.1 24.1 20.5 18.7 16.4 14.8 13.4 11.3 6.5 7 10.8 16 19.5 23 26.7 30 34 38.2 40.1 41.4 41.7 41.6 40.8 38.3 34.7 30.4 26.5 21.2 15.8 12.6 9.1 4.1 0.5 -1.4 -1.4 -1.4 -1.4 -1.4 -1.4 -1.4 -1.4 -1.4 -1.4 -1.4 -1.4 -1.4 -1.4 -1.4 -1.4 -1.4 -1.4 -1.4
34.3 37.3 40 42.1 44.1 45.6 46.5 47.3 47.1 46.3 45.7 44.9 42.6 39.5 36.6 33.2 30.6 30.6 32.5 35.6 38.9 41 42.5 43 43.1 43.1 43 42.1 41 37.8 34.5 31.2 27.6 23.5 21.1 19.5 17.9 16.2 14.5 12.7 9.8 5.2 7.1 12 16.7 21.6 26.5 31.3 35.4 39.5 41 42 42.1 41.6 40.3 37.7 35.1 30.6 26.3 21 15.8 11.1 10.8 8.1 1.6 -1.4 -1.4 -1.4 -1.4 -1.4 -1.4 -1.4 -1.4 -1.4 -1.4 -1.4 -1.4 -1.4 -1.4 -1.4 -1.4 -1.4 -1.4 -1.4
32.9 35.3 38.9 40.1 43.2 46.1 47.2 48 47.7 47 46.1 45 42.4 39.3 35.4 33.6 33.4 33 35.7 38.6 40.9 42.5 43.5 43.8 44 44 43.4 42.5 41.2 38.1 34.7 30.8 26.7 22.6 20.8 19 17 15.7 15 13.5 12 6.6 9.6 14.7 19.2 23.7 28.2 32.8 37.1 40.1 41.6 42.4 42.5 41.6 39.8 36.6 33 29.3 24.4 20.2 16.1 14.9 16.4 12.4 5.4 1.3 -1.4 -1.4 -1.4 -1.4 -1.4 -1.4 -1.4 -1.4 -1.4 -1.4 -1.4 -1.4 -1.4 -1.4 -1.4 -1.4 -1.4 -1.4
30.4 33.8 37.8 40.5 43.7 46.3 47.4 48.4 48.3 47.5 46.5 44.6 41.9 38.3 36.8 37 35.9 35.5 38.4 40.2 41.9 43.7 44.3 44.6 44.8 44.2 43.5 42.6 41.4 38.1 34.1 30 26 22 20 18 16 14.5 14.2 13.3 9.9 5.2 12.2 16.8 20.8 24.8 28.8 32.9 37.8 40.8 41.9 42.4 42.2 41.6 38.6 34.8 31 27.5 22.1 17.3 17.7 21.1 22.6 20.6 12.4 8.5 3 0.9 0.7 -1.4 -1.4 -1.4 -1.4 -1.4 -1.4 -1.4 -1.4 -1.4 -1.4 -1.4 -1.4 -1.4 -1.4 -1.4
29.9 33.2 37 40.8 43.4 45.9 47.4 48.4 48.5 47.8 46.9 44.1 41.4 39.7 39.9 39.3 37.6 37.8 39.5 41.2 42.9 44.6 45.3 45.4 44.8 43.6 42.3 41.8 40 37 33.8 29.8 25.7 21.9 19.5 17.1 15 13.5 13.2 12.9 7.8 8.1 14.4 17.6 19.6 23.6 27.6 32.7 37.2 40.8 42.1 42.5 42.5 40.7 38.1 34.3 30.4 26.3 22 17.5 22.5 25.4 26.4 27.1 23.1 20.1 15.3 9.1 1 -1.4 -1.4 -1.4 -1.4 -1.4 -1.4 -1.4 -1.4 -1.4 -1.4 -1.4 -1.4 -1.4 -1.4 -1.4
29.3 33.2 37.3 40.4 43 45.6 47.2 48.4 48.6 47.9 46.9 45 42.4 42.8 42.6 41.7 39.7 39.8 40.9 42.3 44 45.7 45.5 45.2 43.5 42.1 41.3 40.5 38 35.1 32 28.8 25.5 21.9 19.5 17 14.1 11 11.2 8.7 6.2 12.4 15.5 18 20.5 22.3 26.8 31.9 36.8 41 42.3 42.5 42 39.7 37.2 33.4 29.4 25.3 21.1 20.6 26.9 29.7 30.9 32 31 27.1 24.2 16.2 1.2 -1.4 -1.4 -1.4 -1.4 -1.4 -1.4 -1.4 -1.4 -1.4 -1.4 -1.4 -1.4 -1.4 -1.4 -1.4
30.2 33.9 37.3 39.8 42.3 44.9 47 48.2 48.6 48 47.5 46.2 45.9 46.9 44.6 43.3 43.1 42.1 43.2 44.3 45.4 46 45.3 44 42.2 40.6 39.8 38.6 35.9 33.1 29.9 26.8 23.6 20.5 17.8 14.6 10.6 9.4 10 8.6 9.3 10.6 13.7 16 18.2 21.5 25.4 31.4 36.6 40.1 42 42.2 41.8 38.7 35.3 31.8 28.4 24.3 21.3 24.7 29.9 33 34.4 34.8 32.3 27.4 23 18.6 3.1 -1.4 -1.4 -1.4 -1.4 -1.4 -1.4 -1.4 -1.4 -1.4 -1.4 -1.4 -1.4 -1.4 -1.4 -1.4
30.7 33.8 36.1 38.7 41.6 44.2 46.8 48.1 48.8 48.6 48.4 48.6 49.3 49.1 46.8 47 46.8 46.2 45.3 46.4 46.5 45.5 44.5 42.7 40.8 39.2 38.4 36.4 33.6 31.1 27.6 24.3 21.1 17.8 15.1 11.1 11.2 13.6 12.6 9.4 10 11.9 13.3 16 19.1 23 26.9 31.9 36.9 39.9 42.3 41.7 41.3 37.8 33.9 29.7 26.5 23.4 25.6 29.9 33.3 36 37.8 35 30.1 24.6 19.8 15.6 4.2 -1.4 -1.4 -1.4 -1.4 -1.4 -1.4 -1.4 -1.4 -1.4 -1.4 -1.4 -1.4 -1.4 -1.4 -1.4
