webserver/python/data/TF91.asc
ncols 200
nrows 200
xllcorner 590000
yllcorner 310000
cellsize 50
[rows 152 to 189 of 200, columns 87 to 173 of 200]
56.5 57 57.5 57.4 57.3 57.6 57.2 56.4 55.4 54.6 53.5 52.2 51.5 53.4 54.6 56.4 58.7 59.6 59.6 60.2 60.5 60 59 60.5 59.2 58.3 57 56.9 56.5 56.8 57.2 57.6 58 57.7 57.3 56.5 54.8 53.1 51.5 49.5 49.5 50 51.1 52.6 52.8 52.8 52.4 51.7 50.7 49.6 50.1 50.1 50.1 50.2 50.3 50.8 49.7 49.8 49.6 49.3 49 48.9 48.7 49.2 48.6 46.7 45 44.9 45.5 45.2 45 44.5 44.3 44.2 44.1 44 43.7 42.9 44 43.9 44.7 45.7 47.1 48.5 49.8 50.1 50.3
57.7 58.1 58.6 58.6 58.6 58.3 57.8 57.2 56.2 55.3 53.9 52.6 52.2 53.7 55.3 56.9 59 60.6 61.1 61.6 62 61.6 61.1 61.2 60.9 60.3 58.8 59.1 58 58.4 58.7 59 59.2 58.6 58 56.4 54.6 52.9 51.3 49.2 49.9 51.3 53.4 54.8 54.9 54.2 53.3 52.1 51.4 51.2 51.1 50.5 49.9 49.5 49.6 49.9 49.8 49.6 49.2 48.8 48.3 48.2 47.9 47.5 45.4 45.4 45.4 44.8 44.4 44.5 44.8 44.7 44.9 44.9 44.7 44.7 43.7 43.9 45.1 45.8 46.7 46.5 48.5 49.9 49.2 51 50.4
58.8 59.3 59.8 59.9 59.8 59.1 58.7 57.5 55.9 55.8 54 52.7 52.9 55.3 56.6 58.3 59.5 60.9 62.2 63 63.5 63.2 63 63.6 62.3 61.5 61.3 61 60.3 60.1 60 59.9 59.1 58.8 57.9 56.2 54.5 52.7 50.9 49.2 51.2 52.8 54.5 55.3 55.6 55.2 53.6 53.3 52.9 52.4 52 51.4 50.8 50.3 49.7 49.1 49.6 49.2 48.7 48.3 47.7 47.5 47.2 46.7 45.6 45 44 44 44.1 44.4 44.9 45.3 45.8 45.1 44.8 45.1 45.4 44.7 46.3 47.6 48.4 49.1 48.7 51 50.3 50.9 50.8
59.9 60.4 61 61 61 60.3 59.1 58 57.4 57.1 54.7 54.1 55.1 56 57.7 59 60.6 61.4 62.5 63.8 64.8 65.5 65 65.5 63.2 62.9 62.9 62.6 61.6 61.1 60.7 60.3 59.6 59.8 58 55.9 54 52.5 51.5 51.1 53.1 54.8 56.8 56.6 56.5 55.9 55.1 53.8 53.8 53.4 52.9 52.3 51.8 51.2 50.6 50.4 49.3 48.8 48.3 47.9 47.1 46.8 46.4 46 45 44.4 44 44 44 45.4 47 46.9 46.6 46.1 45.9 44.3 43.1 42.2 46.5 46.9 47.8 50.2 51 51.2 50.9 50.8 51.1
61 61 61 60.8 60.8 60.9 59.4 59.4 58.9 58.6 54.3 54.2 54.7 56 58.3 60.1 61.3 62.3 63.2 64.3 64.6 65.1 65 65 65 64.4 64.5 64.1 62.9 62.5 61.8 61.2 60.7 59.5 57.8 55.6 53.9 52.4 52.9 53.3 55.3 57.3 58.7 58.1 57.8 56.8 55.6 54.8 54.8 54.3 53.8 53.2 52.6 52.1 51.8 50.5 49 48.5 48 47.5 46.7 46.2 45.9 45.8 45.1 44.6 44.8 45.1 46 47 47.5 47.6 47.4 47.1 45.9 44.4 43.4 42.3 46 48.9 50.7 47.7 48.2 48.7 51.6 51.6 51.6
61 61 61 61 60.6 60.7 59.5 58.8 57.6 55.7 54 54.4 56.1 57.9 60 61.3 62.1 63.4 64.1 65.6 65.2 65.3 65.4 65.4 66.2 65.2 65.2 65.3 64 63.3 62.7 62.2 61.6 60.4 58.7 56 53.1 52.7 53.4 54.7 57.5 59.7 59.7 59.4 58.9 57.7 57.1 56.6 56.1 55.2 55.1 54.1 53.5 52.9 52 50.5 48.8 48.7 48.2 47.4 46.3 46.3 46 45.5 45.6 45.8 46.1 46.6 47.5 48.1 48.2 47.9 47.6 47.1 45.7 43.9 43.1 42.5 44.4 47.3 49 49.7 50.8 50.7 49.8 49.6 50.3
61 61 61 61 60.4 60.4 59.1 58 57.4 54 54.7 56.2 57.9 59.7 61.1 62.4 63.1 64.9 65.3 65.5 65.7 65.7 65.8 65.8 66.2 65.6 65.4 65.1 64.6 64 62.6 61.8 61 59.9 57.1 55.5 53.6 53.3 53.8 55.8 58 60.2 60.9 60.7 59.8 59.2 58.5 57.9 57.4 56.7 55.6 54.5 54.1 53.7 52.3 51 49.9 48.8 47.9 47 46.9 46.4 46.3 46.1 45.9 46.5 47.1 48 48.8 49 49.2 48.2 47.7 46.9 45.2 43.9 43.3 43 42.9 44.6 47.7 48.7 49.5 50.2 50.8 50.9 50.9
60.8 60.9 61 61 61 60.1 58.8 57.2 55.8 54.9 56.4 58 59.6 60.8 62.2 63.5 65 65.4 65.8 66.1 66.1 66.2 66.2 66.2 66.3 66.1 65.9 65.8 65.7 64 62.9 61.7 60.6 60.2 57.3 54 54 53.9 55.4 57.6 60 61.4 62 61.9 61.2 60.5 59.8 59.1 58.7 58.1 56.8 56.8 55 54.6 53.5 52.4 51.1 49.2 47.9 47 46.8 46.7 46.7 46.7 46.5 47 48.6 49.6 50.1 50 49.9 48.6 48.4 46.7 46.3 44.1 43.8 43.6 43.3 44.3 45.1 47.5 48.3 48.9 49 49.6 50.8
61 60.6 60.7 60.8 61 59.8 58 57.2 56.6 56.7 57.9 59.5 60.7 61.7 63 64.3 65 65.5 66.1 66.7 66.7 66.7 66.7 66.7 66.7 66.7 66.3 66 65.7 64.6 63.4 62 60.2 58 55.5 54 54.1 55.9 57.8 59.9 62.2 62.8 63.2 63.1 62.4 61.7 61 60.4 60 59.5 58.1 57.1 55.4 54.8 54 52.6 50.8 50 48.3 47.1 47 47 47.1 47.2 47.2 47.6 48.8 50.8 50.6 51 50.2 48.9 48 47.1 47.4 45.2 44 44 43.9 43.8 44 45.4 46.6 47.2 48.1 48.9 49.7
61.2 60.8 60.4 60.4 61 59 58.4 57.9 57.3 57.8 59.1 61 61.7 62.6 63.6 64.3 65 65.5 66.3 67.2 67.5 67.6 67.6 67.6 67.5 66.8 66.1 65.7 65.3 64.8 62.9 61 59 57.5 55.7 55.5 56.7 58.5 60.3 62.1 63.7 64.2 65.2 64.2 63.7 63 62.3 61.7 61.3 60.8 59.4 57.6 56 56 54.3 52.3 50.4 49.8 48.9 48.1 47.8 47.9 47.9 47.9 47.7 48 48.5 50.1 51 51 50.9 49.9 49.5 48.7 48.6 46.4 45.4 44.6 44.4 44.4 44.3 44.1 44.9 46.6 47.4 48.2 48.8
61.4 61.1 60.8 60.1 59 59 58.8 58.4 58.1 58.9 59.5 61.1 62.2 62.9 63.6 64.4 65 65.7 66.7 67.6 68.1 68.3 68.5 68.4 68.2 67.5 66.6 65.6 65.2 64.9 63 60.9 59.4 57 56.8 57.6 59.3 61 62.8 64.7 65 65.3 65.1 65.2 64.7 64.1 63.5 63 62.2 61.1 59.2 58.9 56.7 55.4 54.5 52.6 51.2 50.9 50.1 48.8 48.8 48.8 48.7 48.2 48.2 48.5 49 50.2 51 50.8 50.7 50.8 51 50.3 49.7 47.8 47 46.2 45.4 44.9 44.6 44.3 44.1 46.1 46.8 47.4 47.7
62.2 62 61.4 60.6 59 59 58.9 58.5 58.6 59.3 59.3 59.7 62.1 63 63.7 64.4 65.1 66.1 67 67.9 68.6 70 70.2 69.1 68.9 68.3 67.3 66.3 65.3 64.8 62.6 60.3 58.7 57 57.9 59.7 61.4 63.2 64.9 65.9 66.4 66.2 65.8 65.5 65.2 64 64.4 63.7 62.7 61.8 60.9 61 57.7 56.6 54.6 53.1 52.9 52.1 51.3 49.7 49.6 49.5 48.7 48.7 48.8 49 49.6 50 50.7 50.4 50.4 50.6 50.7 50.8 51 49.2 48.6 47.8 46.8 45.9 45 44.4 44.1 45.2 46 46.6 46.7
63.1 62.7 61.8 61.5 62.5 59 59 59 60.6 59.5 59.8 60.5 62.2 63.2 63.8 64.5 65.5 66.4 67.3 68.2 69.1 70.1 71.1 70.3 69.3 68.8 67.7 66.5 65.3 63.8 61.9 59.7 58.3 57.9 60 61.8 63.2 64.8 66.4 67.5 67.3 67 66.6 66.3 65.9 64.3 64.6 64.7 63.7 62.8 61.9 60.7 59.6 57.9 55.7 54.3 54 52.8 51.3 50.4 50.3 49.2 49.3 49.3 49.3 49.5 49.9 50.1 50.4 50 50.3 50.5 50.8 51 51.3 51.1 49.3 49 48 47.1 46.3 45.4 44.6 44.7 44.7 45.5 46.2
63.9 63.4 63.2 63.4 61.1 60.7 60.5 61 62.5 61.4 61.3 61.9 63.6 63.5 64.2 65 66 66.9 67.9 68.9 69.9 70.8 70.4 69.8 69.3 68.6 67.5 66.5 65.4 62.9 61 59.3 59 59.5 62 64.2 65.6 67 68.4 68.5 68.1 67.8 67.4 67 66.5 65.3 64.9 64.6 64.7 63.8 62.8 62.1 61.5 59.8 57.5 56.1 54.4 53.1 51.7 50.3 50 49.8 49.8 49.8 49.8 50.1 49.7 50.2 50.2 50.3 50.5 50.8 51 51.3 51.6 51.1 50.1 50.8 49.2 48.3 47.3 46.2 45.6 45.3 44.4 44.1 45.5
64.3 64.5 64.8 63.7 61.9 61.6 61.4 61.8 63.2 62.6 62.9 63.5 64 64 64.9 66.1 66.5 67.5 68.4 69.4 70.5 71.5 69.9 69.7 69.6 68.9 67.8 66.6 65.3 63.8 61.4 59 59.1 61.5 64.1 65.9 67.4 69.2 70.5 69.4 68.9 68.6 68.1 67.3 67.1 66.4 65.9 65.4 65 64.8 64 63.1 61.6 60.1 58.6 56.9 55.2 53.3 52 51.1 49 49.9 49.6 49.8 50.4 50.9 50.2 50.5 50.5 50.7 50.8 51 51.3 51.6 51.8 51 50.6 50.4 50 48.9 47.8 47.2 47 46.3 46 44.8 45.1
65.7 65.3 66 64.1 62.7 62.5 62.4 62.7 64.8 63.9 64.4 64.4 65.2 65.5 66 66.8 67.9 68 68.9 70 70.9 71.2 70.1 69.9 69.8 69 67.9 66.8 65.2 64.2 61.5 59.4 61.4 63.8 65.8 67.2 68.7 69.3 70.4 69.8 69.7 69 68.2 68.3 67.9 67.4 67 66.5 65.9 65.3 64.8 63.5 62.1 60.6 59 57.4 55.8 54.4 53.6 51.7 50.4 49 49.2 49.6 50 50.1 50.5 50.9 51.3 51.2 51.2 51.3 51.4 51.8 52.1 51.5 51.2 50.6 50.9 49.3 48.9 48.5 47.5 46.7 46 45.3 45
66.7 66.5 65.8 64.5 63.6 63.3 63.3 63.6 65.6 65 65 65 66.3 67.2 67.6 68.2 68.8 69.5 69.5 70 70.8 70.8 70.5 70.2 69.9 69.4 68.3 67.2 65.6 64.7 62.2 60.8 63.4 65.5 67.1 68.6 70 70.6 69.9 69.4 70.5 69.5 69 69.3 69 68.4 67.7 66.9 66.3 65.8 65.2 64.2 62.6 60.9 59.1 58.7 57.4 56.1 54.2 53.1 52.2 51.1 49 49 50 50.4 50.8 51.3 51.8 52.2 52.1 52 51.9 51.9 52.4 51.9 51.8 51.1 50.5 50.3 49.9 48.8 47.6 47.1 46.3 45.9 45.6
67.7 67.8 66.8 65.9 65.4 64.5 64 65.5 66.4 66.9 66.9 66.8 67.3 67.7 68.4 69.7 70.1 70.5 70.8 70.9 71.1 71.1 71 71.1 71.1 70.5 69.8 67.8 65.6 64.7 63.1 62.1 65.2 66.2 68.3 69.9 70.1 70.1 70.1 69.9 70.6 70.2 70.8 70.4 69.4 68.6 67.9 67.4 66.8 66.1 65.5 64.8 63.3 61.7 60.9 59.5 58 56.4 54 52.9 51.9 50.8 49.1 50.1 50.4 50.7 51.2 51.6 52 52.7 53 52.9 52.8 52.7 52.6 52.7 52.6 52.1 51 50.3 50 48.8 48 47.4 46.9 46.4 46.1
68.7 68.9 67 67.2 67.2 66.2 65.6 66.8 67.8 68.4 68.8 68.8 68.6 68.7 69.6 70.6 71 71.4 71.6 71.7 71.8 71.8 71.7 71.5 71 70.4 69.6 67.5 66.2 65.4 63.7 62.9 64.3 66.3 68.3 69.8 70.4 70.6 70.5 70.4 70.1 71 70.4 69.8 69.6 69 68.4 67.7 67 66.3 65.6 64.2 64.1 63 61.4 60.1 58.3 56.6 54.8 53.7 52.6 51 49.4 50.3 50.8 51.2 51.5 51.9 52.3 52.7 53.6 53.8 53.8 53.7 53.5 53.8 53.6 52.3 51 49.8 49.7 48.9 48.4 47.9 47.4 46.9 46.8
70.2 68.6 67.9 68.6 69 67.8 67.3 68.3 69.3 69.8 70.2 70.5 70.6 71.2 71.9 71.9 72.2 72.2 72.5 72.5 72.6 72.7 72.8 72.1 71.5 70.8 69.7 68.3 67.2 65.8 64.2 64.1 64.3 66.4 68 69.1 70.1 71 70.7 70.3 71 71 70.6 71 69.8 69.1 68.4 67.6 66.9 66.2 65.5 64.1 64.6 63 61.4 60.8 58.9 56.7 54.9 54.5 52.8 50.7 50.1 50.6 51 51.4 51.9 52.3 52.6 53 53.6 54.5 54.7 54.6 54.7 55.1 54.1 52.8 51.6 50.3 49.6 49.8 48.9 48.4 47.9 47.5 47.4
70.6 70.1 69.1 70.1 70.8 68.9 68.6 69.5 70.4 71.1 71.7 72.1 72.8 73.2 73.7 73.6 73.4 73.4 73.4 73.5 75.3 74.9 73.5 72.8 72.1 71.5 70.7 70.9 69.1 66.8 65.6 65 64.4 66.2 67.3 68.7 70.6 70.9 70.6 70.2 70.8 71 71 70 69.7 68.6 67.8 67.2 66.7 66.1 65.4 65.8 64.7 62.8 61.2 59.4 58.5 57 56 54.8 52.5 50.4 50.5 50.9 51.3 51.7 52.1 52.6 53 53.3 53.7 54.5 55.4 55.5 55.9 55.9 54.6 53.6 53 51.7 51 49.3 49 48.7 48.3 48.1 48.1
71.7 71.7 71 70.8 69.9 69.6 69.6 70.4 71.5 72.6 73.3 73.6 74.3 74.8 75.6 74.8 74.4 74.6 74.6 74.7 75.5 75.9 74.3 73.6 72.9 72.1 71.2 70.2 69.4 67.1 66.4 65.1 64.4 66.3 68.2 70.1 70.8 70.9 70.6 70.3 69.8 70.1 71 71 69.3 68.2 67.4 66.6 66 65.4 64.6 64.6 63.3 62 60.6 60.2 57.7 56.2 54.9 54.1 52.2 50.1 50.7 51.1 51.6 52 52.4 52.8 53.2 53.7 54.1 54.5 55.4 56 56 55.5 55 54.7 52.9 52.9 52.1 51.2 50.1 49.1 48.7 48.9 48.8
72.9 73.3 72.1 71.6 70.9 71.1 71.8 71.5 72.4 73.5 74.8 75.1 74.3 74.7 75.2 75.7 75.8 75.7 75.7 75.6 75.6 75.5 75.3 74.3 73.5 72.5 71.7 70.8 71 68.3 67 65.6 66 67.8 69.7 70.5 70.9 70.9 70.6 70.3 69.7 70.3 69.3 69.4 68.8 67.7 66.3 66.1 65.4 64.4 63.8 63.5 62.8 61.8 59.9 58.8 57.6 55.5 54.2 53.2 52 50.6 51 51.4 51.8 52.2 52.7 53.1 53.5 53.8 53.7 53.9 55.3 55.7 55.9 55.1 55.2 55.2 54.8 54.2 53.5 52.5 51.2 50.1 49.6 50.1 49.6
74.9 74.9 73.2 72.5 72.1 72.3 73.6 73.1 72.9 74.3 76 76.4 75.5 76.2 77.2 77.6 77 77 76.7 76.6 76.6 76.6 76.4 74.7 74.6 73.8 72.8 71.4 70.2 69.7 67.8 65.9 67.3 69.2 70.2 70.6 71 70.9 70.6 70.4 69.9 69.6 69.6 68.4 67.2 67.3 66.1 64.4 64.9 64.4 63.3 62.1 61.6 60.7 59.7 58.2 56.7 55 53.4 52.3 51.2 50.9 51.3 51.7 52.1 52.4 52.8 53.2 53.6 54 54.4 53.9 53.9 55.1 55.5 55.7 55.4 55.3 55.2 55.3 55.2 53.5 52.8 51.4 51 50.7 50.6
75.5 76.3 74.4 73.5 73.6 73.5 75.3 74.9 74.3 75.3 76.3 77.6 77.6 77.9 79.3 78.9 78 78.2 77.8 77.6 77.6 77.3 76.1 75.4 76 74.8 73.2 71.9 70.6 69.8 68 68.1 68 69.7 70.4 70.7 71.1 70.9 70.7 70.4 70 69.4 68.7 67.5 66.2 65.6 65.8 64.5 63.7 63.1 62.3 61.5 60.6 60.3 58.4 56.7 55.4 54.9 53.9 52.3 52 52 52.2 52.6 53 53.3 53.7 54.1 54.5 54.6 54.1 53.5 53.6 54.5 55.1 55.7 55.8 55.7 55.7 55.7 55.9 55.4 54.7 52.7 53.2 51.9 51.9
76.7 77.3 76 75.1 74.9 75.6 76.1 76.3 76.5 76.7 77.8 78.5 79.3 78.9 80.5 79 79 79.3 78.8 78.7 78.1 77.3 76.5 75.7 75.2 75.4 73.5 72.3 71 69.9 68.6 68.6 68.7 70.2 70.8 70.9 71 70.9 70.6 70.4 70.4 69.4 68.3 67.2 66.2 65 64.2 63.1 62.4 61.9 61.1 60.3 59.1 58.2 57 55 55.5 55.2 54.3 53.3 53.3 53.2 53.1 53.5 53.9 54.2 54.6 55 54.7 54.2 53.7 53.2 53.3 53.9 54.5 55.2 56 56.2 56.2 56.2 55.6 55.7 56 55.2 55.2 54.5 52.7
77.9 78.2 77.5 76.9 76.5 77 77.4 77.9 78.1 78.4 79.1 80.1 80.8 79.3 80.1 80.2 80.1 80.8 80 79.2 78.5 77.7 76.9 76.1 75.4 75.3 73.6 72.3 71.2 70.6 69.3 69.5 69.7 70.3 70.4 70.6 70.7 70.8 70.5 70.2 69.9 68.6 67.5 66.3 65.2 64.1 63.1 61.9 60.7 60.2 60 59.2 57.6 56.5 55.4 55.2 55.8 55.6 55.3 54.4 54.4 54.4 54.4 54.4 54.7 55.1 55.4 54.9 54.4 53.9 53.4 52.9 53 53.4 54 54.7 55.8 56.3 56.7 56.7 55.5 56 56 56 55.8 53.6 53.4
79 79.1 79 78.7 78.3 78.3 78.5 79.3 79.8 79.8 79.6 80.9 81.2 80.1 80.8 80.7 80.5 79.9 79.7 79.3 78.4 77.7 76.9 76.2 75.4 74.8 73.5 72.3 71.1 70.1 69.5 70.1 70.8 70.4 70.1 70.3 70.4 70.6 70.3 70.1 69.5 68 66.7 65.3 64.2 63.1 62 60.7 59.3 59.2 59.3 56.8 55.3 54.7 54 54.8 55 55.2 55.4 55.5 55.6 55.6 55.2 55.2 55.5 55.6 55.1 54.6 54.1 53.6 53 52.5 52.6 53 53.4 54.3 55.9 55.2 56.6 57.2 55.4 56 56 56 56 54.6 54.1
80.1 80.1 80.4 80.4 80.1 79.3 80.6 80.5 80.6 80.6 80.7 80.8 81.3 81.2 81.2 81 80.4 79.7 79.5 78.8 78.2 77.5 76.8 76 75.3 74.8 73.5 72.2 70.9 69 69.2 70.9 71.8 71.3 70.7 70.4 70.1 70.3 70.3 70.8 68.8 67.4 66 64.7 63.3 61.9 60 59 58.9 58.8 57.8 56.1 54.4 55.3 55.8 56.4 56.6 56.8 57 57 57 56.6 56 55.4 55.4 54.9 54.4 53.9 53.5 53 52.5 52.2 52.2 52.3 52.7 53.8 55.8 55.5 54.8 57.6 56.2 56 56 56 56 55.3 54.7
80.4 80.2 80.4 81 81.1 80.8 81.1 81.2 81.3 81.3 81.4 81.5 81.6 81.8 81.5 80.8 80.2 79.5 79.1 78.4 77.7 77.1 76.4 75.8 75.1 74.3 73.3 72.3 71 70.7 70.7 71.6 72.7 72.4 71.5 71.1 70.7 70.4 70.1 69 67.9 67 65.4 64 62.1 61.3 59 59 59 58.9 58.5 57 56 56.9 57.8 57.9 58.2 58.5 58.8 58.8 58 57.4 56.8 56.1 55.3 55.6 55.1 54.1 53.6 53.2 52.7 52.3 51.7 51.9 52.2 52.8 54.1 55.6 55.7 56.3 56.4 56.1 56 56 56 54.9 54.6
80.5 80.2 80.4 81.1 81.8 81.8 81.9 82 82 82.1 82.2 82.3 82.3 82.2 81.7 81.5 80 79.3 78.8 78.2 77.7 77.1 76.6 76 75.4 74.5 73.1 72.4 71.6 72.6 72.3 72.4 73.6 73.5 72.5 71.9 71.5 71.1 70.6 69.4 67.8 66.1 65.8 63 61 60.9 59 59 59 59 59.2 57.9 57.5 57.4 59.4 59.7 59.9 60.3 60.6 60.3 58.8 58.3 57.6 56.9 56 56 54.7 54.2 53.7 53.2 52.7 52.2 51.7 51.2 51.6 52.3 53 54.4 55.5 56.2 56.6 56.3 56 56 55.3 54.1 53.8
80.5 80.3 80.5 81.2 81.9 82.6 82.5 82.8 82.8 82.9 82.9 82.8 82.8 82.7 81.8 81.5 81.3 81.1 79.4 78.9 78.3 77.7 77 76.5 76.3 76.3 74.8 73.4 72.9 73.7 73.9 73.9 74.6 74.7 73.6 72.6 72.3 71.8 70.8 69.2 67.1 65 63.8 62 59.9 60 60.1 59.9 59.7 60.6 59.4 59.4 59.1 58.7 60 61.5 61.5 61.1 60.7 60.2 59.9 59.1 58.6 57.5 56.9 55.7 54.7 54.3 53.9 53.4 52.9 52.4 51.8 51.2 51 51.5 52.2 53.1 54.2 55 55.4 55.6 55.7 54.8 54.3 53.3 53.2
80.6 80.4 80.5 81.3 82 82.7 83.4 83.5 83.5 83.5 83.4 83.3 83.2 83.1 82.2 81.5 81.3 81.1 79.1 79.3 78.7 78.1 77.5 77.2 77.1 76.8 75.6 74.5 74.6 75.9 74.7 75.1 75.3 75.7 74.8 73.7 73 72 70.9 68.9 66.6 64.5 62.8 61.5 60.2 61.6 61.8 61.6 61.4 62.2 60.9 60.7 60.7 60.7 61 62.3 62.5 62.1 61.7 61.1 60.3 60.4 59.1 58 56.7 55.5 54 53.8 53.7 53.3 53.3 52.5 52 51.4 51.2 51 51.3 52.2 52.9 53.7 54 53.8 53.7 53.6 53.2 52.5 51.9
80.7 80.5 80.6 81.4 82.1 82.8 83.5 84 84 83.9 83.8 83.8 83.7 83.5 82.5 81.6 81.3 80.6 80.2 79.7 79.1 78.6 78.2 78 77.9 77.7 76 75.7 75.7 76.3 75.8 75.9 75.9 75.8 74.6 74.1 72.9 71 70.5 68.7 66.5 64.1 62 61.1 62.1 63.5 63.4 63.4 63.2 63.5 61.9 62 62 62.2 62.5 62.9 63.5 63.1 62.6 61.8 61 60.2 59.4 58.3 57.3 56.8 55.9 54.7 53.8 53.6 53.7 52.9 52.2 51.5 51.4 51.2 51.1 51.4 52.1 52.6 52.6 52.5 52.4 52.3 52.1 51.4 50.7
80.4 80.5 80.7 81.5 82.2 82.8 83.5 84.4 84.4 84.4 84.3 84.2 84.1 83.8 82.9 82 81.8 81.5 80.7 80.2 79.4 79.1 79 78.9 79.1 78.1 76.6 76.6 76.6 76.6 76.7 76.4 76 75.6 74.8 74.3 72.9 70.8 69.6 68.3 66.3 64 62.8 63.1 64.2 65 65.5 65.2 64.9 64.5 63.6 63.4 63.5 63.7 64 64.2 64.6 64.1 63.3 62.8 62.3 60.9 60.5 59.2 59 57.2 57 56.1 55.1 54.5 54.1 53.6 52.9 52.1 51.6 51.4 51.3 51.2 51.3 51.6 51.7 51.2 51.1 51 50.8 50.6 50.4
80.1 80.4 80.8 81.5 82.1 82.8 83.8 84.6 84.7 84.7 84.7 84.7 84.6 84.4 83.8 83.4 82.6 81.7 81.1 80.7 80.6 81.2 80.4 80.1 80 78.9 77.5 77.5 77.5 77.2 76.6 76.2 75.8 75.4 75 73.9 72.8 71.6 71 66.7 64.6 64.9 64.1 65.5 66.8 67.4 67.5 67.1 67.2 65.1 65.2 64.9 65 65.2 65.5 65.7 66 65.7 64.9 64.3 62.9 61.9 60.9 60.6 58.6 58 58.4 57 56.5 55.4 55.2 54.6 53.5 52.8 52.1 51.7 51.5 51.2 50.7 50.6 50.8 50.8 50.1 49.2 49.8 49.9 50
79.6 79.9 80.6 81.4 82.1 82.8 84 84.8 85.1 85 85 85 84.9 84.9 84.9 84.1 82.6 83.5 83 82.1 81.8 82.1 81.6 80.7 81 78.9 78.4 78.5 78.2 77.3 76.5 76.1 75.8 75.4 74.3 73.2 72.2 71.1 69.7 66.3 65.1 65.3 66.9 68.1 69.2 70.1 69.6 68.9 67.9 66.8 66.2 66 66.5 66.7 67 66.7 67.2 66.4 65.5 64.2 63.8 62.8 62.1 61.1 59.6 59.9 59.2 57.9 57.9 56.6 55.2 55 54.2 53.5 52.8 52.2 51.7 51.3 50.9 50.5 50.8 50.6 50.4 49.6 49.9 49.5 49.2
79.1 79.6 80.4 81.3 82.3 83.1 83.9 84.9 85.5 85.3 85.5 84.8 85.3 86 86 84.4 84.2 84.9 84 82.3 83 83 82.2 81.3 80.5 79.3 79.6 79.2 78.3 77.4 76.6 75.9 75.6 75.3 73.7 72.7 71.6 70.3 68.5 65.7 66.1 68.1 69.7 70.9 71.1 71.1 70.8 69.4 69.3 68.7 68 68 68 68.2 68.5 67.7 68 67.1 66.3 65.4 64.7 64.2 63.6 62.2 61.1 60.1 60 59.6 59 57.4 56.1 54.4 54.4 54.2 53.6 52.9 52.4 51.9 51.3 50.8 50.3 50.1 50.6 51.1 50.9 50.4 49.8
