webserver/python/data/TL13.asc
ncols 200
nrows 200
xllcorner 510000
yllcorner 230000
cellsize 50
[rows 38 to 75 of 200, columns 0 to 85 of 200]
47.4 47.2 47.3 46.8 46.2 45.9 45.7 46.4 46.3 46.3 46.6 47.1 47.7 48.1 49.2 50.2 51.2 51.5 51.5 51.8 50.3 50.1 50 49.6 49.6 49.7 50 49.9 50.2 50.8 51.3 52 53.4 53.9 54.5 54.9 55 56 55.9 56.2 56.3 56.2 56 54.7 52.8 51.4 50.2 49.4 48.8 48.3 47.9 47.5 46.8 46 46.1 45.7 45.2 44.7 44.2 43.8 43.4 43.2 43.5 43.6 43.1 42.6 42.1 41.4 40.7 40.1 39.9 41.9 43.3 43.8 44 44.1 43.9 43.1 42.4 42.6 43.3 43.9 44.8 45.8 47 49
46.3 46.5 46.7 46.9 46.4 46.2 46.4 46.5 46.9 46.9 47.2 47.6 48.1 48.8 49.9 50.9 51.8 52.9 53.4 52.9 51.1 50.9 51.1 50.4 50.1 51.7 52.2 50.8 51 51.6 52.2 53.7 55.3 55.7 56.2 56.6 57.5 59 58.5 58.7 59 59.4 59.5 57.2 53.8 51.6 50.3 49.3 48.8 48.3 47.8 46.8 46 45.2 45.1 45.3 44.9 44.5 44 43.6 43.2 43.2 43.4 43.3 42.8 42.3 41.8 41.2 40.5 39.8 40.7 42.1 44.1 44.8 45 44.8 44.6 44 43.3 43.2 44 44.7 45.6 46.5 47.6 49.6
46.2 46.1 46.2 46.2 46.5 46.7 46.8 47 47.3 47.5 47.9 48.2 48.6 49.4 50.3 51.2 52 53 53.3 53.1 51.8 51.6 52 51.9 51.5 51.5 51.3 51.5 52.2 52.7 53.8 55.4 57 57.5 58 59 60.6 62 61.8 62.5 63.2 63.9 62.4 58.1 54.5 51.7 50.8 49.9 49.4 49.1 48.6 48.1 47.1 45.5 44.3 44.1 44.2 43.9 43.5 43.2 42.9 42.9 42.9 42.8 42.5 42 41.5 40.9 40.2 39.8 40.7 42.3 44.5 45.4 45.3 45.1 44.9 44.6 44.2 43.9 44.5 46.3 46.5 47.5 48.8 51
46.4 46.3 46 46.5 46.7 47.4 47.4 47.4 47.6 48.1 48.4 48.8 49.4 49.9 50.4 50.7 51.1 51.8 52.3 52.7 52.5 52.9 53.3 53.5 53.6 53.4 53.4 53.5 53.8 54.4 55.4 57.1 58.7 59.3 60.6 61.6 63.1 64.7 65.1 66 66.8 65.8 61.5 56.4 52.8 51.1 50.8 51 50.8 50.8 50.1 49.2 47.8 46.3 44.9 43.1 43.3 43.1 42.8 42.5 42.4 42.3 42.3 42.4 42.1 41.8 41.2 40.7 40 40 38.8 42.3 45.2 45.5 45.5 45.4 45.1 45.1 45.5 45 45.1 45.6 47.6 48.8 50.9 53.6
46.5 46.1 46.5 46.7 46.8 47.9 48.2 48.1 48.1 48.6 49 49.6 50.2 50.8 51.4 51.8 52.3 52.8 53.3 53.6 54 54.3 54.6 54.9 55.3 55.8 56 56.1 56 57 57.3 58.5 60.8 62.2 63.3 64.4 65.2 66.9 68.1 68.1 68 64.4 59.2 54.6 53.2 52.4 52.8 53.4 53.4 52.7 51.5 49.8 48.4 46.8 44.3 42.3 42.4 42.4 42.1 42.2 41.9 41.6 41.8 42 41.6 41.3 41 40.4 40.2 40.2 40.4 42.4 44.5 45.4 45.8 45.7 45.7 46.4 46.8 46.3 45.7 48.9 49.6 50.5 53.2 55.9
46.2 46.4 46.6 46.8 47 48 49.1 49.3 49.2 49.2 49.8 50.4 51.1 51.6 52.2 52.8 53.3 53.8 54.3 54.7 55.1 55.7 56.8 57.3 57.9 58.7 58.9 59 58.5 60 60.3 61.2 63.1 64.9 66.2 66.8 67.7 68.9 69.7 69 66.1 60.3 56.7 54.8 53.8 55.8 57.4 57.2 57.3 55.2 52.6 50.2 48.3 46.6 43.4 42.5 42.1 41.7 41.7 41.8 41.4 40.8 41.2 41.5 41.2 40.9 40.6 40.3 40.6 40.8 41 41.6 43.3 44.4 45.4 46.2 47 47.7 48.6 48.6 48.8 50.6 51.4 52.7 54.1 57
46.7 46.6 46.9 47.4 48 51.1 52.8 50.5 50.8 50.2 50.5 51.2 51.8 52.7 53.3 53.9 54.4 54.8 55.3 55.8 56.9 57.9 59 59.9 60.5 61.3 61.8 61.9 60.9 62.5 63.7 63.3 62.4 66.3 67.9 69.6 70.1 70.9 70.8 68.8 63.9 58.9 57 56.3 58.4 60.7 61.7 60.9 59.2 56.6 52.4 49.5 47.6 44.8 43.7 42 41.8 41.4 41.5 41.3 41 41.6 40.8 40.7 40.9 40.6 40.5 40.1 41 41.4 41.7 42.6 43.8 44.9 45.8 47.4 48.2 49.2 50.2 50.4 50.6 51.9 53 55.4 57.3 58.7
46.8 46.9 48.2 50.3 54.4 56.5 55.6 53.2 51.9 51.3 51.2 51.9 52.7 53.5 54.4 55 55.5 56 57.1 58.2 59.1 60.2 61.2 62.3 63.1 63.9 64.7 64.6 63.4 65.2 65.7 66.2 62.4 67.9 70.1 71.5 72.1 72.1 72 69.9 65.5 61.5 60.2 61.8 64.3 64.3 62.3 59.5 57.3 54.5 50.8 48.1 46.1 43.2 42.7 42.4 41.6 41.9 41.9 42 41.6 41.4 41.5 41.1 40.6 41 40.4 40.5 41.2 42.1 42.6 43.7 45.2 45.4 46.5 48.2 49.6 50.8 51.9 52.1 52.9 54.1 55.2 57.4 60 61.9
47.5 48.4 53 54.4 59.6 61.7 56.8 54.3 53.5 52.7 52 52.7 53.5 54.3 55.2 56.1 57.1 58.3 59.5 60.6 61.5 62.5 63.5 64.5 65.6 66.5 67.5 66.1 67.3 68.3 69 69.6 69.1 70.7 72.1 73.1 73.2 73.2 72.9 71.4 68.6 66 65.4 66.9 65.4 61.8 59.1 56.5 54 51.4 48.6 46.8 45.2 42.6 41.7 41.8 41.9 41.7 41.9 41.8 41.9 42 42 41.7 41.4 42 41.9 42 42.5 42.8 43.6 45.4 47.1 47.5 48 49.7 51.4 52.5 53.5 54.3 55.5 56.7 57.3 59.4 62 64.1
48.2 49.8 56.4 54.3 60.8 60.5 57.7 55.7 53.8 53.1 53 53.7 54.4 55.5 56.8 57.7 58.8 60.1 61.3 62.5 63.7 65.3 66.6 67.2 68.1 69.1 69.8 68.8 70.5 71.3 72.1 72.7 71 72.6 73.6 73.4 73.3 73.3 73.2 72.6 70.9 68.4 67.2 65 62.7 59.6 56.1 53.5 51 49.1 47.9 46.2 44 42.4 41.7 42.1 42.4 42.3 42.3 42.5 42.6 42.7 42.6 42.4 42.3 42.7 42.9 43 43.2 41.9 45.4 47.5 49.3 49.7 49.9 51.5 54.3 55.3 56.2 56.8 58 59.2 60.1 61.6 63.6 66
49.3 55 51.1 49.9 56 66.2 58.6 56.4 54.7 53.4 54.1 55.5 56.9 57.7 59 59.3 60.2 61.4 62.9 65.2 67 68.6 70 70.7 71.3 71.5 71.8 72 73.1 74 73.9 73.4 72.9 74 73.6 73.4 73.2 72.3 71.1 70.6 68.9 66.4 63.8 61.8 59.5 56.4 53.3 51.4 49.4 48.3 47.3 45.4 42.8 42.3 42.3 42.6 42.7 42.9 42.8 43.2 43.3 43.3 43.2 43 43.1 43.3 43.4 43.6 44.2 44.7 46.9 50.1 52.1 53.1 52.2 54.2 57.4 58.6 59.3 60 60.6 61.6 62.9 64.6 66.2 67.5
50 53.3 52.3 49.5 56.6 69.6 59.5 57.7 55.8 54.7 55.3 58.8 59.6 60.3 61 61.1 61.4 63.6 65.8 68 70.2 71.8 73.5 74.1 74 73.7 73.3 70.6 74.3 74.7 74.9 75.8 76.4 74.2 73.5 72.4 71.3 69.7 70.1 66.4 64.9 62.6 59.9 57.7 56.4 53.6 51.7 49.7 48.6 47.5 46.5 44.9 42.8 41.2 42.9 43.6 43.5 43.3 43.4 43.7 44 43.9 43.7 43.6 43.7 43.8 44.1 44.7 45.4 46.5 48.3 51.8 55.6 56.7 55.6 56 59.7 61.7 62.4 63.1 63.7 64.4 65.9 67.5 68.5 68.6
54 64.3 59.9 58.3 52.3 67.1 61.5 59.8 58.1 56.2 57.5 62.6 62.8 63.7 64.5 64.3 63.9 65.4 68.6 70.9 73.1 74.9 76.3 76.7 76.5 75.5 74.9 74.6 74.9 74.6 76.4 75.5 77.3 74 72.7 75.1 69.4 65.6 63.8 61.9 59.8 57.7 55.6 53.8 53 51.9 50 48.8 47.8 46.9 45.9 44.7 42.8 42.2 43.7 44.6 44.5 44.3 44.3 44.6 44.5 44.2 44.1 44 44.1 44.2 44.1 44.7 45.8 47.3 49.2 53.5 58.3 59.7 58.5 56.2 59.2 62.4 65 66.2 66.8 67.4 68.7 69.5 69.5 69.6
61.9 64 56.2 56.1 55.6 61.6 63.5 62.1 60.1 58.4 58.3 64.2 66.3 67.4 67.7 67.2 66.8 67.7 70.4 73.5 75.2 77 78 77.7 77.3 76.7 75.8 71.2 75.3 74.8 76 76.7 74.9 73.3 72.4 70 65.5 63.7 61.6 58.2 55.9 54.4 52.8 51.6 51 50.3 49.2 48 46.8 45.6 44.9 43.7 43 40.8 43.2 45.4 45.5 45.4 45.6 45.6 45.1 44.6 44.3 44.3 44.5 44.7 44.4 44.9 46.4 47.7 51.4 55.8 60.6 61 58.9 57.2 58.1 61.9 65.8 68.5 69.9 70.4 70.5 70.5 70.5 70.7
60.6 57.4 54.4 63.5 64.5 65.2 65.5 64.2 62.5 60.7 58.5 65.5 70.2 71.4 72.3 71.8 71.8 71.7 73.1 75.6 77.6 78.2 78.7 78 77.3 76.6 75.9 75.8 75.4 74.8 74 76 72.8 71.9 68.6 67.4 63.9 61.7 59.4 56.3 53.3 52.1 51 50.1 49.7 49.1 48.3 47.2 46 44.8 43.6 43.9 43.3 42.7 42.8 45.2 46.6 46.6 46.7 46.2 45.7 45.1 44.6 44.7 44.9 45.2 45.2 45.1 45.8 48 52.4 58 62.4 61.6 59.7 58.2 59.8 63.5 67.4 70.6 71.5 72 72.3 71.7 71.4 71.4
62.8 63.3 65.2 66.8 67.7 67.5 66.9 65.8 64.7 62.9 60.7 64.6 71.3 74.3 75.9 75.4 74.9 74.7 76 78.5 79 78.8 78.9 78.1 76.8 75.7 75 75.1 74.2 73.3 72.7 73.5 71.2 69.2 65.4 63 60.9 58.8 56.5 53.6 52.3 51 49.7 48.9 48.1 47.8 47.5 46.4 45.4 44.8 44.3 44.5 43.7 42.7 42.8 45 46.9 47.4 47 46.4 45.8 45.3 44.9 45.3 45.6 45.9 46.3 46.3 46 47.5 51.2 56.9 62 62 59.6 59.4 63.9 67.8 69.6 71.3 72.9 73.4 73.3 73 72.2 71.7
65.4 67.2 67.8 68.7 69.4 69 68.1 66.8 65.6 64.2 62.4 61 67.1 72 74.7 76.9 77.4 78 79 80.3 80.3 79.7 78.6 77.2 75.7 74.5 73.8 73 72.1 71 69.3 68.9 70.2 66.7 64.4 61 58.7 56.5 54 52.7 51.4 50.1 48.8 47.8 47.1 46.8 46.6 45.7 44.5 44.1 44.5 44.8 43.9 43.1 42.8 44.6 47.1 47.6 46.9 46.3 45.7 45.2 45.5 45.9 46.2 46.6 47 47.5 48.2 48.3 48.9 52.6 56.6 58.1 56.9 58.2 64 69.6 72.1 73.2 73.8 73.8 74.1 73.4 72.5 71.9
65.4 66.4 67.6 69.3 70.4 70.2 69.1 67.8 66.7 66.1 65.4 65.3 67.7 72.1 73.6 77.1 79.2 80.4 80.5 80.1 80 78.8 77 75.7 74.5 72.9 71.6 70.9 69.9 68.7 66.8 65 64.8 65.4 62.9 60.5 57.7 55.2 53.1 51.8 50.5 49.2 48 47 46.2 45.9 45.6 44.7 44.3 44.5 44.9 44.8 43.9 43.1 42.7 44.5 47.2 47.3 46.7 46.2 45.5 45.7 46.1 46.7 47.4 48 48.5 49.4 50.6 52.3 52 49.7 52.7 52.4 53.1 55.4 61.4 67.7 72.3 73.3 73.8 74 74.1 73.7 72.9 72.3
61.5 62.5 64.1 67.3 70.4 70.8 70.2 69.8 69.3 69 68.6 68.4 70.9 74.1 75.8 78.9 80.6 81.3 80.9 80 79.4 77.7 75.8 73.5 72.1 70.5 69.9 69.4 67.9 66 64 62.1 60.9 60.8 60.1 58.5 57.1 54.4 52.4 51.1 49.7 48.4 47.4 46.7 46.3 45.5 44.7 44.2 44.4 44.6 45.1 44.8 43.9 43.2 42.9 44.9 46.7 46.4 45.8 45.5 46 47.1 47.4 48.1 50 49.9 50.2 51.4 54.5 57.7 56.2 52.7 50.7 50.5 51 53.9 58.6 66.5 71 73.1 73.7 73.9 73.7 73.3 72.9 72.3
57.1 58.8 59.7 64.1 68.6 71 71.8 71.8 72 72 71.9 72.2 75.2 77.6 78.9 80.5 81.5 81.6 81.4 80.6 79.5 77.3 75.1 72.6 70 68.5 68 66.9 66.1 63.6 61.2 59.6 58.2 57.1 56.5 55.9 55 53.8 51.7 50.3 49 48.3 47.7 47.5 47.5 46.5 45.7 44.4 43.7 43.8 44.3 44.2 43.7 43 43.5 44.6 45.6 45.5 45.7 46.2 46.6 47.7 48.9 52 54.4 53.5 53.4 54.8 57.8 61.6 60.4 56.2 52.1 50.9 51.7 53.9 58.8 66.3 70.9 72.4 73 73.2 73 72.8 72.4 71.8
54.6 55.7 57.2 59.6 62.3 66.2 70.9 74 74.5 74.8 74.8 75.7 78 80.4 81.4 81.9 82.2 82 81.8 81.2 79.6 78 75.8 73.4 71 68.8 66.6 64.9 64.6 61.9 59.9 58.1 56.7 55.5 54.4 51.2 51.2 52.4 51 49.9 49.1 48.8 48.6 48.9 48.7 47.5 46.5 44.8 44 43.2 43.3 43.2 43.1 43.4 43.9 44.5 45.3 45.8 46.2 46.7 47.2 49.2 51.8 56.7 59.1 58.1 57.6 59.6 61.2 64.5 63.7 58.9 54.3 51.4 51.5 54.5 59.3 66.4 70.9 71.9 72.2 72.6 72.3 72.1 71.5 70.8
54.8 56.5 57.7 59.9 62.9 66.2 71.7 75.9 77.3 77.9 77.5 78.3 80 82.4 83 83.1 82.9 82.6 82.3 81.7 80.6 79.2 77.2 75.3 73.2 71.1 68.9 66.5 64.2 62.6 60.9 59.1 57.3 56 54.4 53.4 52.3 50.6 50.9 50 49.9 49.8 49.9 50.3 49.9 48.5 47 45.3 44.5 43.6 43 43.3 43.4 44 44.5 45.1 45.7 46.2 46.7 47.2 47.8 50.4 54.8 60.7 62.6 61.2 61.1 64.7 65.3 67.3 65.5 60.8 55.4 51.9 52.6 56.3 61.2 67.8 70.8 71.8 72 71.6 71.3 70.8 70.2 69.5
56.4 58.4 60.1 62.9 66.2 69.7 72.9 77.1 79.7 80.9 81.1 81.1 82.7 83.8 84 83.7 83.5 83.2 82.5 81.8 81 80 78.6 77 75.2 73.4 70.7 67.7 66.1 64.5 62.7 60.8 59.2 56.9 54.9 53.3 52.8 51.2 51 50.5 50.3 50.2 51.4 51.8 51.1 49.7 47.5 45.7 44.6 43.1 43.3 43.2 44.2 44.8 45.3 45.9 46.6 47.2 47.6 48 49.4 50.9 55 59.2 62.8 63.1 64.2 66.4 68.3 69.4 66.5 61.7 56.5 52.7 54.5 59.1 64.4 70.3 71.5 71.6 71.2 70.4 69.7 69.1 68.5 67.7
58.7 61.4 63.4 66 69 71.8 75.2 78.4 81 82.7 82.9 83.5 84.2 84.5 84.6 84.3 84.1 83.4 82.6 81.7 80.8 79.9 78.1 76.7 75.4 74.1 71.4 69.6 68 66.2 64.3 62.5 61.1 58.5 55.8 53 52.2 51.7 51.2 50.9 50.7 51.1 52.2 52.6 51.7 50.3 47.4 45.5 44.1 43.3 42.4 43.7 44.7 45.5 46.1 46.9 47.6 48.3 48.7 49.3 51.3 52.4 53.8 56.4 60.2 63.2 64.4 66.6 69.3 70.3 67.3 62.2 57.1 54.4 56.8 61.3 68 71.5 71.5 71 70.3 69.4 68.5 67.4 66.7 65.9
62 65.3 67 68.2 69.2 70.9 73.2 77.5 81.2 83.1 84.1 84.5 84.8 85.1 85 84.8 84.1 83.2 82.3 81 79.4 78.6 77.5 76.1 74.7 73.1 71.1 69.7 68.5 66.9 65.3 63.7 61.5 59.1 55.7 53.3 53.2 52.9 52.8 51.6 51.2 51.1 51.5 51.6 51 48.7 46.2 45 43.7 42.7 43.2 44.2 45.2 46.1 47 47.8 48.5 49.2 49.9 51.1 55.6 57 57.1 57.5 58.9 62.6 66 69.5 70.6 70.7 66.3 61 56.6 55.6 58.1 64.1 70 71.5 70.9 70.1 69.3 68.6 67.4 66.3 65.2 64.2
63.4 65.7 67.6 67.4 66.9 67.6 70.3 74.7 78.1 81.7 84.1 84.9 85.5 85.6 85.4 84.8 83.8 82.5 81.2 79.7 77.5 76.2 74.2 73.1 72.1 71.4 69.9 68.3 67.3 65.4 63.1 60.8 59.6 57.2 55 55.2 55.6 55.5 54.5 51.9 49.6 49.4 49 48.8 48.1 46.5 44.9 43.9 40.9 43.1 43.6 44.6 45.5 46.2 47.2 48.3 49.1 49.8 51.3 54.8 59.1 61.7 61 61.4 63.6 65.5 68.7 71.5 71.9 69.2 64.2 59 55.8 55.9 59.3 66.7 70 70 69.6 69.3 68.7 68 67 66 65 63.9
62 62.4 65.3 64.7 64.2 65.2 67.6 71 73.9 79.7 83.5 84.9 85.6 85.7 84.9 84.2 82.8 81.4 80.1 78 75.7 73.3 71.3 69.8 69.1 68.8 67.4 65.8 64.2 62.1 60 58 56.8 57.4 58.2 58.2 58 58.2 55.1 50.7 46.9 46.9 46.3 45.6 45.1 44.2 44 43.4 43.3 43.5 44 44.9 45.6 46.3 47.2 48.4 49.6 50.4 52.2 55.6 60.4 63.9 64.9 66 68.4 70.4 71.9 73 71 67 62.1 57.7 56.4 56.6 62 68 69.2 69.5 69.2 69.4 68.9 68.2 66.9 66 64.8 63.7
60.2 61.7 62.2 62.4 62.9 64.3 66 68.8 73.6 79.8 83 84.6 85.4 85.1 84.5 83.4 81.9 80.2 78.2 75.9 73.6 71.2 69 66.9 66.4 66.1 65.1 63.1 61 59.3 58.4 58 58.7 60.4 62.2 62.7 61.3 59.2 54.2 49.6 46.4 44.6 44.3 44 43.8 43.4 43.4 43.3 43.5 43.8 44.2 45 45.7 46.4 47.2 48.4 49.5 50.8 52.1 54.6 57.9 61.3 64.8 68.4 71 72.6 73.6 73.1 70.5 65.4 60.2 57 56.3 58 62.6 67 67.8 68.7 69.6 69.5 69.1 68.5 67 65.9 64.6 63.4
59.2 59.8 60.6 61.3 62.1 63.8 65.6 68.4 73 78.5 83.1 84.4 85.1 84.6 83.9 82.2 80 77.9 75.9 73.8 71.7 69.3 67.3 65.6 64.4 63.8 62.8 61.2 60 59.5 59.4 60.3 61 63.7 65.9 66.2 64.4 59.4 53.4 48.5 46 44.8 44 43.8 43.6 43.5 43.5 43.4 43.8 44.5 45.2 45.7 46.2 46.7 47.2 48.5 49.8 51.1 52.8 55.6 57.5 60.6 64.4 68.3 72 73.7 74.6 71.1 67.9 63 59 56.9 57.2 59.6 63.3 66.3 68.4 69.8 70.4 70.5 69.8 68.1 66.3 65.6 64.3 63.5
59.4 59.8 60.3 60.9 61.8 63.3 65.4 68.4 73.1 78.9 82.9 84.3 84.6 84.1 82.6 80 77.1 75.4 73.5 71.5 69.4 67.3 65.6 64.3 63.5 62.6 63.7 62.2 62.1 61.5 61.3 62.5 63.8 66.4 68.2 68 65.6 60.1 53.8 47.7 45.8 44.6 43.9 43.7 43.5 43.3 43.4 43.9 44.6 45.3 46 46.6 47.1 47.8 48.7 49.5 50.4 51.7 53.3 56.4 59.1 61.9 64.8 68.9 72.4 74.6 75 71.3 66.7 61.7 59.8 60.1 61.3 62.8 66.2 68.6 70 70.4 70.8 70.5 69.8 67.6 65.7 65 64.8 64.9
60.3 60.9 60.9 60.8 61.7 62.9 65.2 68.8 74.8 80.2 82.7 84 84.2 83.6 81.2 78.8 76.4 73.7 71.9 70.2 68.3 66.9 65.2 64.5 63.9 63.4 64.3 64.5 64.4 63.9 63.9 65.1 66.4 68.3 69.2 68.4 64.9 59.8 54.1 48.2 45.5 44.6 44 43.7 42.2 43 43.5 44.6 45.3 46.1 46.8 47.6 48.5 49.4 50.3 51.1 51.9 53.3 54.5 57.6 61.3 64.3 67.3 70.8 73.8 75.6 75.4 71.2 66.6 62.4 63.6 64.4 66.3 68.2 69.7 71.5 70.9 70.7 70.8 69.9 68.9 67.6 66.5 65.7 66.2 66.3
61.6 61.6 61.6 61.5 62.1 62.9 64.9 68.5 73.4 78.2 81.6 83.2 83.4 82.8 81.4 79.1 76.2 74 71.9 69.9 68.3 67 66.4 66.1 65.8 65.8 66.8 67.4 67.5 67.4 67.9 69.5 70.2 69.8 69.8 67.8 64 58.9 53.2 47.6 45.9 44.9 44 43.3 43.7 44.3 44.4 45.2 46.2 47 47.7 48.9 50.2 51.1 51.9 53.7 54.5 57.5 58.9 60 64.1 67.8 69.6 71.9 74.5 76.9 75.7 72.1 67.7 66.2 67.7 69 71.2 72.4 72.9 72.6 71.5 71 70.4 69.5 68.4 67.8 67 67.5 67.8 68.3
61.8 61.6 61.5 61.5 62.3 62.9 64.2 67 70.7 74.6 78 80.9 82.4 82 80.9 78.7 76.7 74.5 72.4 70.3 68.8 68.2 69.2 69.7 69 68.8 69.7 70.3 70.5 70.7 71.8 73.3 73 71.8 70.1 67.7 63.1 58 52.3 47.6 46.1 45.1 44.1 43.9 44.2 44.8 45.3 45.9 46.9 47.9 48.7 50.1 51.4 53.7 55.7 56.5 57.3 59.8 62.7 62.6 65.9 69.6 72.2 74.2 76.6 77.6 76.4 73.1 68.9 70.1 71.7 72.5 73.8 74.4 74 72.8 71.5 70.6 69.9 69 68.6 68.8 69.2 69.5 69.5 69.5
61.7 61.5 61.4 61.8 62.4 63.1 63.7 64.7 67.8 71.2 74.4 77.4 80.3 80.6 80.1 78.7 76.7 74.7 72.8 70.7 70.2 71.3 72.2 73 73.1 73.1 72.9 73.4 73.8 74.2 74.3 75.2 73.9 71.8 70.3 67.1 62.2 57.1 52 48.4 46.7 44.9 42.8 44 44.4 45.1 45.8 46.5 47.5 48.5 49.6 51.2 53.7 56.7 60.2 62.6 61.9 60.7 63.1 66.5 67.1 70.9 74.3 76.6 78 78.4 76.6 73.6 71.7 74.3 74.9 75.3 75.8 75 73.7 72.6 71.5 70.7 71.1 71 70.8 71.1 71.4 71.4 71.3 70.6
61.5 61.5 61.3 61.9 62.6 63.3 64 65.2 66.7 67.6 71.4 74.5 77.3 79.2 78.5 78.1 76.6 74.7 72.7 71.6 72.3 73.9 75.4 76.4 77.3 77.1 75.4 75.4 76.4 76.1 75.7 74.3 72.8 70.9 68.2 65.7 62.1 55.4 50.8 47.5 45.6 43.9 43.4 44.2 44.5 45.2 45.9 47 48.3 49.4 50.4 52.2 55.8 59.7 64 66.7 66.6 64.9 65.1 67.7 70.8 71.3 75.1 77.5 78.7 79 76.9 74.7 74.5 76.6 77.7 76.9 75.4 74.1 72.6 72.5 72.1 72.7 73.4 73.3 72.8 73 73 73 72.4 71.6
61.4 61.4 61.4 62.1 62.8 63.6 64.3 65.6 66.9 67.9 69.1 71.7 74.4 77.2 78 77.8 76.4 74.7 73.7 73.5 74.9 76.9 78.2 79.1 79.7 79.3 78.4 77 77.6 76.5 75.2 72.6 67.7 65.5 63.8 62.5 56.5 52.8 49.4 46.5 44.5 44.1 43 44.2 44.6 45.3 46.3 47.3 48.6 49.9 51.2 53.4 56.5 59.2 64.1 68.1 70.2 70.3 69.9 70.8 71 74.1 76.5 78 79.5 79.6 78.4 76.8 76.7 78 78 76.8 75 72.9 73.1 74 74.2 74.9 75.7 75.5 75 74.7 74.7 74.2 73.5 72.9
61 61.2 61.6 62.3 63.1 63.8 64.7 65.8 67.1 68.4 69.4 70.2 72.5 75.1 77.5 77.9 76.7 75.8 76.1 76.4 76.8 79.1 80.5 81.5 80.7 79.8 79 76.8 76.8 75.2 73.4 70.4 66.1 60.7 57.1 56 52.8 49.2 46.7 45.4 44.4 44.1 44.4 44.3 44.7 45.7 46.7 47.7 49.1 50.5 51.4 54.2 58.2 61.5 63.8 66.7 70.5 73.4 72.9 74.4 74.9 75.1 77.6 78.9 80.3 80.3 79.8 79.3 78.6 78.5 78.2 76.7 74.9 74.1 74.9 75.8 76.4 76.9 77.3 77.3 76.3 75.8 75.8 75.1 74.7 74.3
60.5 61.1 61.9 62.7 63.4 64.2 65.2 66.4 67.5 68.7 69.8 71 72.4 75 77.4 78.4 78 78 78.5 78.9 79.3 80.6 82 82.1 81.6 79.6 77.7 77.7 75.5 73.4 71.1 69 64.9 60.1 54.1 50.9 49.2 47.5 45.6 44.8 44.3 44.5 44.6 44.6 45.2 46.2 47.2 48.8 50.1 51.4 52.4 53.9 57.8 64 67.3 69.1 70.1 73.7 75.6 76.6 77.4 77.8 79 80.4 81.2 81.4 81.2 80.5 79.6 78.9 78.7 77.8 76 75.5 76.3 77.2 78 78.5 78.9 78.4 77.5 76.9 76.5 75.7 75.1 74.7
