webserver/python/data/TL34.asc
ncols 200
nrows 200
xllcorner 530000
yllcorner 240000
cellsize 50
[rows 152 to 189 of 200, columns 0 to 85 of 200]
51.4 51.6 51.7 51.2 50.8 49.5 49 48.6 48 47.1 46 44.9 44.4 43.4 42.5 41.1 40.5 39.9 39.3 38.7 39.2 39.7 39.9 39.6 38.9 38.9 38.2 37.8 37.7 37.1 36.7 35.9 35.5 35.3 35.3 35.1 35 35.1 35.5 35.6 35.2 33.5 34.7 35.7 35.7 36.3 36.7 37.2 37.1 36.8 36.8 37.3 37.9 38.4 38.7 38.9 38.9 38.6 37.8 37.1 36.4 35.6 35.6 36.3 37 36.5 36.4 36 35.6 35.6 35.7 35.1 35 35 35.1 35.4 36 37.1 37.7 38.5 40.1 41.9 43.7 45.2 45.1 44.1
51.5 51.7 51.9 51.8 50.9 49.7 49.1 48.7 48.3 47.7 46.6 45.5 44.5 43.6 42.6 42.2 41.6 41 40.4 39.8 40.2 40.4 40.3 39.7 39 38.3 37.5 36.8 36.8 36.8 37 36.7 36.4 36 35.7 35.5 35.3 35.4 35.6 35.6 35.1 34.1 35 36 36.1 36.1 36.3 36.8 37.1 36.8 37.1 37.7 38.4 38.9 39.2 39.5 39.5 38.7 38 37.2 36.5 35.9 36.3 37 37.2 36.8 36.2 35.8 35.5 36.4 36 35.8 35.6 35.3 35.4 36.2 37.2 38.5 39.7 40.8 42.3 44.4 46.9 48.2 48.1 46.5
51.6 51.5 51.4 51.2 50.9 50 49.5 49.1 48.7 48 46.8 45.7 44.8 44.1 43.2 42.3 42 41.7 41.5 41 40.9 40.8 40.4 39.8 39 38 37.1 36.8 36.6 36.7 37.1 37.5 37.2 36.8 36.4 35.8 35.7 35.9 36 36 35.6 35.8 35.2 36.4 36.4 36.8 36.9 36.8 36.8 37 37.6 38.2 38.8 39.4 39.5 39.7 39.3 38.8 38.1 37.3 36.6 36.7 36.7 37.4 37.8 37.4 36.7 36 36 37 36.7 36.5 36.5 36.2 36.5 37.4 38.5 40.4 42.1 43.3 44.9 46.6 48.2 48.8 48.6 46.3
51.2 51.1 50.9 50.8 50.7 50.5 49.9 49.5 49 48.3 47 45.8 45 44.5 43.7 42.5 42.1 41.8 41.5 41.3 41.3 41.2 40.5 39.8 39.1 38 37.3 36.8 36.5 36.7 37.1 37.6 38 37.6 37.1 36.6 36.1 36.2 36.3 36.3 36.2 36.4 36.6 36.8 37.2 37.7 37.8 37.7 37.7 37.6 37.8 38.4 39 39.6 39.7 39.8 39.2 38.7 38.2 37.4 37.1 37.1 37.1 37.7 38.1 37.9 37.3 37.1 37.4 37.9 37.4 36.1 37.7 37.5 37.5 38.6 40.1 42.3 44.7 46 47.5 48.1 48.4 48.9 47.4 45.7
50.8 50.7 50.5 50.4 50.4 50.5 50.3 49.9 49.4 48.6 47.3 46 45.3 44.7 44 43 42.2 41.9 41.8 41.7 41.6 41.2 40.5 39.8 39.1 38.2 37.7 37.2 36.6 36.8 37.2 37.6 38 38.4 37.9 37.4 36.9 36.7 36.7 36.7 36.8 37.1 37.5 38 38.1 38.5 38.6 38.8 39.2 39.3 38.7 38.6 39.2 39.8 39.8 39.7 39.2 38.4 38.2 37.5 37.6 37.5 37.5 37.9 38.3 38.5 38.1 38.4 38.9 39.7 38.5 38.8 39 38.9 38.7 39.8 42.4 45.3 47.3 47.8 48.4 48.6 48.4 47.5 45.9 44.7
50.5 50.3 50.1 50 50 50.2 50.2 49.9 49.4 48.6 47.3 46 45.4 44.7 43.8 43 42.3 42.1 42 41.8 41.5 40.9 40.2 39.6 39 38.4 37.8 37.2 36.9 37 37.4 38 38.6 39.2 39 38.4 37.9 37.6 37.4 37.4 37.9 38.4 38.9 39.3 39.5 39.6 39.9 40.3 40.6 41 39.9 39.7 39.6 40 40 39.6 39.4 38.4 38.1 38.1 38.1 38.1 38.1 38.4 38.7 39.1 39.8 40.6 41.7 42.6 42.2 42.1 40.6 40.2 39.9 42.2 44.7 48.3 48.9 48.8 48.6 48.5 48.2 46.4 44.9 43.7
50.4 50.1 49.9 49.6 49.6 49.5 49.5 49.3 48.6 47.5 46.2 45.5 45.3 44.6 43.5 42.8 42.5 42.2 42 41.9 41.3 40.6 40 39.3 38.7 38.3 37.7 37.1 37.3 37.8 39.2 39.8 40.4 41 40.3 39.7 39.1 38.7 38.5 38.4 39.1 39.7 40.2 40.6 40.8 41.1 41.5 41.8 42.1 42.5 41.4 40.9 40.8 40.5 40.2 39.9 39.7 39 38.7 38.8 38.9 38.9 39.1 39.5 40 41 42.1 43.3 44.7 45.4 45.7 44.9 43 41.2 39.9 42 46.4 49.1 49.5 49.3 49.1 48.8 47.7 45.9 44.7 43.7
50.7 50.2 49.7 49.3 48.5 48.5 48.6 48.1 47.5 46.4 45.3 45.1 44.9 44.3 43.3 43 42.7 42.4 42.1 41.6 41 40.3 39.7 39 38.4 38.2 37.7 37.5 38.2 39 40.6 41.6 42.2 42.4 41.7 41.1 40.4 39.7 39.6 39.4 40.1 40.8 41.5 41.9 42.4 43.3 44.1 44.1 43.9 44 43.2 42 41.7 41 40.4 40.2 40 39.7 39.3 39.4 39.6 39.7 40.2 40.9 41.9 43.1 44.4 45.9 47.8 49 48.5 46.5 43.9 41.1 40.6 41.5 45.3 47.7 48.7 49.1 48.8 47.9 47 46.3 45.2 44.2
51.1 50.6 50.1 49.3 48.1 47.8 47.3 46.8 46.3 45.4 45 44.7 44.3 43.4 42.9 42.6 42.4 42.2 41.9 41.4 40.9 40.3 39.6 39 38.4 38 37.9 38.6 39.4 40.5 42.1 43.4 44 43.8 43.1 42.5 41.8 40.9 40.7 40.7 41.3 41.9 42.7 44.6 45.5 46.4 47.2 47.7 47.2 46.6 45 43.8 42.1 41.3 40.6 40.4 40.3 40.1 40 40.2 40.6 40.9 42 43.2 44.4 45.3 46.5 49 50.6 50.9 49.1 46.8 43.7 41 40.3 40.6 43.5 45.1 46.5 47.2 47.7 47.2 46.8 46.5 45.6 45
51.5 51 50.4 49.7 48.4 47.3 46.4 45.6 45.2 44.8 44.3 43.8 43.3 43.1 42.9 42.1 41.8 41.6 41.3 40.8 40.3 39.8 39.3 38.8 38.3 38.3 39.2 40.1 40.7 41.9 43.5 45.1 45.7 45.2 44.5 43.8 42.8 42.1 41.9 42.2 42.8 43.4 45.5 47.1 49.3 50.2 51.1 51.2 50.2 48 46.3 44.4 42.3 41.5 40.9 40.6 40.5 40.5 41.1 41.6 42.1 43.6 45.1 46.3 47.6 48.1 48.6 50.6 51.4 50.4 48.2 45.7 43 41 40.3 40.5 41.4 42.8 44.1 45.7 46.8 47.6 47.2 47.1 46.9 46.2
51.9 51.3 50.7 50 48.7 47.4 46.5 45.8 45.3 44.9 44.5 44 43.8 44 43.9 43.1 42.2 41.4 40.8 40.3 39.8 39.4 38.9 38.5 38.6 39.7 40.5 41.6 42.4 43.6 45 46.5 47.4 46.6 45.9 44.8 43.7 43.2 43.2 43.7 44.3 45.4 47.9 50.3 52.6 54 54.9 54.6 52.7 50 46.9 44.5 42.6 41.5 41.1 40.9 41.1 41.2 42 43.3 45 46.6 48.2 49.5 50.5 50.1 49.9 49.9 50.1 48.7 46.3 43.6 42.3 41.4 41.4 41.7 42.1 42.3 43.7 45.2 46.7 48.1 48.2 48.4 48.1 47.2
52.2 51.6 50.9 50.3 48.8 47.5 46.6 46.1 45.8 45.3 44.6 44.1 44.1 44.3 44 43.2 42.3 41.4 40.6 40.1 39.6 39.2 38.7 38.9 39.8 41 41.8 42.8 44.4 45.9 47.1 48.4 48.5 48.4 46.9 45.7 44.6 44.5 44.6 45.2 45.7 47.6 50.2 53.7 56.4 57.6 57.9 57.1 55.1 51.4 47.6 44.1 42.4 41.5 41 41.1 41.4 41.9 43.9 45.8 47.7 49.6 51.1 51.5 51.6 50.8 50.1 49.9 47.9 46 44.3 43 43.1 44.1 44.3 43.6 43.2 43.4 45.1 46.7 48.2 49.3 49.4 49.6 49.2 48.2
52.5 51.8 51.1 50.3 48.8 47.9 47.2 47 46.8 45.8 45 44.3 43.8 44.4 43.9 43 42 41.2 40.5 39.8 39.4 38.9 39.2 39.8 41.2 42.4 43.6 45.2 47.3 49.2 49.3 46.6 47 49.2 47.4 46.3 45.5 45.8 46.1 46.7 47.9 50 53.3 56.4 58.7 60 59.7 58.1 55.3 51.5 47.6 43.8 42.3 41.6 41.4 41.9 42.6 44.9 46.9 48.7 50.6 51.9 52.9 53.3 52.6 51.3 50.3 48.2 45.9 44.9 43.6 44.2 45.1 46.1 47.3 46.8 45.1 44.9 46.8 48.4 49.5 50.6 50.5 50.6 50 49.5
52.7 52.1 51.4 50.2 49.3 48.4 48.1 47.9 47.5 46.4 45.6 44.8 44 43.8 43.4 42.7 41.7 41 40.3 39.7 39.1 39.5 40.1 41.2 42.6 44.5 46.3 48.5 50.7 52.6 49 47 48.4 49.6 47.6 46.8 46.1 46.6 47.4 48.2 50 52.5 55.5 58.5 60.6 61.4 60.2 58 55 50.8 47 43.6 42.3 42.4 42.3 43.3 45.6 47.8 49.8 51.7 52.9 53.6 53.6 53.2 52.1 50.9 48.7 46.4 45 44.3 44.3 45.4 47.1 48.8 49.8 49.3 47.1 46.1 48.3 49.8 50.8 51.9 51.6 51.5 50.9 50.5
52.5 52.2 51.6 50.7 49.8 49.1 49 48.8 48 46.9 46.1 45.3 44.2 43.4 42.9 42.3 41.6 40.9 40.2 39.5 39.6 40.1 41 42.7 45.2 47.4 49.4 51.3 53.3 55.1 55 47.6 50.9 49 47.3 46.8 46.5 47.8 48.7 49.6 51.1 54.2 57.3 59.1 60.7 60.9 59.7 57.3 54 49.6 46 43.6 42.6 42.9 43.4 46.1 48.5 50.8 52.6 53.6 54.1 53.7 53.5 52.6 51.1 49.5 47.4 46 45.2 44.5 46.2 48.2 49.8 51.3 52 51.2 48.7 47.5 49.1 51.2 52.2 53.2 52.9 52.3 51.7 51.4
52.2 52.3 51.8 50.9 50 49.2 49.1 48.9 48 47.5 46.1 45 44.1 43.4 42.8 42.2 41.4 40.6 39.9 40.1 40.4 41 42.4 45.2 48 50.4 52.4 53.4 53.1 52.7 53.5 52 49.9 48.1 46.6 46.2 46.7 48.3 49.9 51 52.2 55.1 57.9 59.3 59.8 59.2 57.9 55 51.3 47.9 45.2 43.9 43.8 44 45.1 48.1 51 52.9 54.2 54.7 54.3 53.9 53.5 52.3 50.2 48.5 47.1 46 45.3 45.6 48.5 50.3 52.6 53.9 53.9 52.4 50.4 48.7 50.6 52.3 53.3 53.7 53.8 53.3 52.7 52.4
52.1 52.3 51.9 51.1 50.3 49.4 49.1 48.6 47.7 46.8 45.7 44.9 44 43.3 42.7 42 41.2 40.5 40.3 40.7 41.6 42.3 44.3 47.9 50.9 52.4 51.7 50.4 49.8 49.1 48.8 48.6 48.3 47.3 45.9 46 46.9 48.5 50 51.6 53.2 55.7 58.3 58.6 58 57.1 55.2 52.2 49.1 46.9 45.3 45.2 45.1 45 47.1 49.8 52.6 54.4 55 55 54.6 54.1 53.7 52.1 50.3 48.9 47.8 46.7 45.9 46.8 49.6 52.5 54.2 55.3 55.1 53 49.7 48.4 51.3 52.9 53.7 54.1 54.4 54.3 53.8 53.7
51.5 52.2 51.8 51.3 50.5 49.7 49.2 48.4 47.4 46.4 45.7 44.8 44 43.3 42.6 41.8 41.2 40.9 40.6 40.5 41.7 43.1 46.9 50.5 52.2 51.7 49.8 47.6 46.7 46.3 46.4 46.1 45.8 45.5 45.6 46.2 47.1 48.7 50.2 51.8 53.2 55 56.6 56.8 55.6 53.9 52.2 50.2 47.9 46.3 45.8 45.6 45.4 45.6 47.9 50.7 52.9 53.9 54.9 55.2 54.9 54.5 53.7 52.1 51.1 49.9 48.8 47.7 47 48.6 51 53.6 55.3 56.1 55.6 54 50.1 49.8 51.8 52.8 53.7 54.4 54.7 54.9 54.8 54.8
51.3 51.8 51.3 50.8 50.3 49.7 49 47.7 46.5 45.9 45.4 44.8 43.9 43.2 42.5 41.9 41.6 41.3 41 40.8 41.2 44.6 48.3 50.6 50.1 48.2 46.4 45.3 44.8 44.9 45.2 44.9 44.6 44.9 45.6 46.4 47.3 48.9 50.3 51.7 53.2 54.1 53.8 53.9 53.5 51.7 49.8 48.4 47.1 46.4 45.7 45.2 45.5 46.1 48.3 51.1 52.7 53.7 54.5 55.2 55.2 54.7 53.5 52.7 52.2 51.1 50 48.8 48.3 49.9 52.7 55 56 56.2 55.5 53.4 50.9 49.4 52.2 53.4 54.3 54.7 54.9 55.2 55.2 54.9
51.3 51.4 50.9 50.4 49.9 49.1 48.1 46.8 46 45.5 44.9 44.4 43.9 43.1 42.7 42.3 42 41.8 41.4 41.1 41.4 43.9 46.5 47.1 46.5 45.4 45 44.2 43.6 43.7 43.9 43.7 44.2 45 45.8 46.7 47.5 49 50.4 51.9 53.4 53.7 53.1 52.5 51.2 50 48.8 47.9 47.2 46.5 45.8 45.6 45.8 46.8 49 51.2 52.5 53.3 54.1 54.7 55.2 54.2 53.6 53.3 53.4 52.3 51.2 49.9 49.4 50.8 53.6 55.1 56.2 56.3 54.8 53.8 52.8 50.8 51.1 53.4 54 54.5 54.9 55 55.3 55.1
51.3 51.1 50.7 50.3 49.4 48.6 47.5 46.4 45.6 45 44.5 44 43.6 43.4 43 42.7 42.4 42.1 41.8 41.4 41.8 42.8 44.7 44.5 44.3 43.9 43.5 43.1 43.2 43.1 43.1 43.7 44.5 45.2 46.1 47.2 48.4 49.6 50.9 52.1 53.6 53.3 52.9 52.2 50.8 49.6 48.6 47.9 47.2 46.6 46.4 46.4 46.4 47.8 50.1 51.7 53 53.7 54.3 54.9 55.3 54.4 53.6 53.9 54.4 53.5 52.3 51 50.4 51.7 53.6 55.2 56.1 56.5 55.7 54.8 54.4 53.7 52.4 52.7 52.9 53.6 54.2 54.8 56 55.5
51.1 50.9 50.7 49.7 48.9 48.1 47.2 45.9 45.5 44.9 44.4 43.9 43.8 43.7 43.8 43.6 43.3 43.1 42.8 42.1 42.1 41.9 42.4 42.9 43.5 43.2 43.1 43.2 43.2 43.3 43.6 44.1 44.8 45.6 46.7 47.9 49.2 50.4 51.7 52.9 54.2 53.8 53.4 52.7 51.4 49.9 48.9 48.3 47.7 47.1 47.4 47.3 47.4 47.7 49.5 52.1 53.7 54.2 54.7 55.2 55.8 55.1 54.3 53.8 54.4 54.4 53.9 52.1 51.8 53 54.3 55.5 56.3 57 56.4 55.9 55.5 55.2 55.1 54.5 53 53.8 54.4 55.1 56.7 54.3
51.4 51.2 51 50.1 48.9 47.7 46.7 46 45.6 45.1 44.6 44.6 44.5 44.9 45.2 45 44.8 43.8 42.9 42.8 42.8 42.7 42.5 42.6 43.2 43 43.2 43.4 43.4 43.7 44.2 44.7 45.2 45.9 47.3 48.6 50.3 51.2 52.4 53.7 54.9 54.6 54.1 53.2 52.2 50.9 49.9 49 48.1 48.1 48.3 49.7 49.8 48.7 49.4 52.3 54.1 54.6 55.1 55.6 56.2 55.7 55 54.6 54.2 54.6 53.5 52.2 53 54.4 55.4 56.5 57.3 57.9 57.8 57.2 56.7 56.4 56.2 55.3 54.7 54.3 54.6 55.2 54.5 56.7
51.7 51.5 51.3 50.6 49.4 48.2 46.9 46.1 45.7 45.2 45.2 45.2 45.9 46.7 47.2 46 44.8 43.7 43.6 43.6 43.6 43.5 43.3 43.1 42.9 43.1 43.3 43.5 43.7 44.2 44.7 45.2 45.7 46.5 47.9 49.6 51.3 52.3 53.2 54.5 55.7 55.4 54.6 53.7 52.7 51.8 50.8 50.1 49.4 49.6 51.3 52.5 52.2 50.1 49.6 51.9 54.5 55.2 55.6 56.1 56.6 56.3 55.7 55.2 54.8 54.8 53.3 53.5 54.2 55.5 56.5 57.4 58.3 58.4 58.5 58.5 57.9 57.5 56.9 56.3 55.9 55.5 54.4 55.3 56.7 57
51.3 51.8 51.6 51.1 49.9 48.6 47.3 46.3 45.8 45.8 45.8 46.4 47.9 50.3 49 45.9 44.6 44.4 44.3 44.2 44.1 43.9 43.8 43.6 43.4 43.5 43.7 43.9 44.1 44.7 45.2 45.7 46.2 47.7 49.1 50.7 52.4 53.3 54.2 55.2 56.5 56.1 55.1 54.2 53.6 53.3 52.5 51.8 50.9 51.6 53.7 55.2 54.1 51.6 49.6 51.6 54.6 55.7 56.1 56.5 56.9 56.8 56.3 55.8 55.5 54.7 54.6 55.2 55.9 56.6 57.5 58.4 58.9 59 59 59 59.1 58.4 58 57.5 57 56.7 56.5 56.3 57 57.3
50.9 51.6 51.9 51.3 50.3 49 47.7 46.5 46.1 46.3 46.9 48.4 50.3 49.7 48.7 45.9 44.9 44.8 44.7 44.6 44.5 44.3 44.2 44 43.9 44 44.2 44.4 44.6 45 45.7 46.2 47 48.9 50.7 51.7 53.4 54.4 55.3 56.2 57.2 56.6 56.1 55.8 55.6 55 54.2 53.4 52 53.3 55.5 56.2 55.3 53.3 50.6 51 53.9 55.9 56.4 56.8 57.1 57.4 56.8 56.4 56 55.8 56.2 56.8 57.4 57.9 58.5 59.4 59.7 59.8 59.9 60 60 59.2 58.8 58.5 58.1 58 55.6 56.5 57.4 57.6
50.4 51.1 51.8 51.3 50.4 49.4 48.2 46.9 46.7 47.3 48.8 50.3 50.3 49.4 47.2 45.6 45.2 45.1 45 45 44.9 44.8 44.6 44.5 44.4 44.4 44.7 44.9 45.1 45.4 46 46.7 48 50.1 52.3 53.1 54.5 55.4 56.3 57.2 58 58.1 57.9 57.7 57.5 56.6 55.8 54.6 53.2 54.6 56.6 57 56.1 54.9 52.2 50.9 53.3 55.2 56.1 56.9 57.2 57.6 57.4 57 56.8 57.4 57.8 58.4 58.7 59.2 59.6 59.9 60.3 60.7 60.9 61 60.8 59.9 59.3 58.8 59.1 57.9 56.5 57.1 57.8 57.9
49.9 50.7 51.4 51 50.6 50 49 48.1 47.2 48.7 51.2 51.6 50.1 48.3 46.5 45.8 45.7 45.6 45.5 45.5 45.4 45.4 45.3 45.1 44.9 44.9 45.2 45.4 45.7 45.9 46.3 47.3 49.1 52.2 54.5 55.2 55.5 56.4 57.2 58.1 58.8 59.3 59.3 59 58.6 57.1 56.5 56.1 54.7 54.9 56.8 57.3 56.7 56.1 54.2 51.7 52.8 54 55.8 56.7 57.2 57.9 58.2 57.7 57.4 58 59.1 59.4 59.7 60.1 60.5 60.5 60.8 61.2 61.6 61.8 61.5 60.6 59.9 60.9 59.3 58.5 57.9 57.8 58.1 58.2
49.5 50.2 50.9 50.6 50.1 49.4 48.5 47.6 47.8 49.9 52.1 51.1 49.4 47.5 46.8 46.3 46.2 46.1 46 46 45.9 45.9 45.9 45.9 45.7 45.5 45.6 45.9 46.5 47.1 47.9 48.5 49.9 54 56.4 56.6 56.7 57.3 58.1 58.9 59.5 59.6 59.6 59.4 58.6 57.8 57.6 57.4 56.2 55.1 57 58.5 58.3 57.7 56.1 53.9 52.6 53.2 55 56.1 57.2 58.3 58.8 58.6 58.6 59.2 59.8 60.4 60.6 61 61.4 61.3 61.3 61.7 62.1 62.2 62 61.3 62.8 60.5 59.7 58.9 58.5 58.5 58.5 58.5
49.8 49.8 50.5 50.1 49.4 48.6 47.8 47.6 48.6 49.7 50.6 49.9 48.5 47.8 47.1 46.8 46.7 46.6 46.5 46.5 46.5 46.5 46.5 46.5 46.4 46.3 46.6 47 47.6 48.3 48.9 48.7 50.3 54.3 56.1 57.1 57.8 58.1 58.9 59.7 59.8 59.8 59.9 59.8 59.1 58.9 58.7 58.5 57.4 56.3 57 58.6 59.2 59.1 57.9 56.3 54.7 53.4 54 55.5 57.2 58.4 58.9 58.7 59.1 59.8 60.5 61.1 61.5 61.9 62.2 62.1 62.1 62.3 62.7 63 62.4 65.2 62.1 61 60.1 59.6 59.2 59.3 59.4 59.5
50.5 50.4 50.3 49.5 48.8 48 47.8 48 48.4 49.1 49.8 49.3 49.1 48.5 47.5 47.3 47.2 47.1 47 47 47 47 47 47 47.4 47.7 48.1 49 50.3 51.1 51.8 51.2 49.6 53.4 55.8 56.8 57.9 58.8 59.1 59.4 59.7 60.1 60.2 60.3 60.2 60.1 59.9 59.6 58.7 57.6 57.1 58.7 59.9 60.2 59.3 57.9 56.4 54.6 54.7 55.8 57.5 58.4 59.2 59.1 59.6 60.1 60.8 61.6 62.4 62.8 63 62.9 62.9 62.9 63.2 63.8 67.4 62.7 62.2 61.4 60.8 60.6 60.4 60.6 60.7 60.9
51.9 51.5 50.5 49.2 48.6 48.2 48.2 48.4 48.6 49.4 49.4 49.6 49.9 49.3 48.8 48.2 47.7 47.6 47.5 47.5 47.5 47.7 48.1 48.5 48.9 49.4 50.3 51.6 53.2 54.2 54.9 54.6 52.4 52.3 54.7 56.5 57.4 58.3 58.6 59 59.5 60 60.6 61 61 61 61 60.1 59.4 58.9 57.8 58.9 59.5 60.7 60.9 59.5 58.3 56.1 55.9 57.1 57.8 58.7 59.1 59.6 60.1 60.6 61.1 61.8 62.7 63.6 63.8 63.7 63.7 63.7 63.7 69.5 63.9 63.5 63.1 62.4 61.9 61.9 61.8 62.1 62.4 62.8
52.8 52 50.7 49.4 48.8 48.4 48.6 48.8 49 49.4 49.6 50 50.4 50.1 49.7 49.3 48.8 48.4 48 48.4 48.8 49.2 49.6 50.1 50.6 52 52.8 54 55.7 57.1 57.5 57.1 55.2 52.8 53.5 55.8 56.5 57.5 58.3 58.8 59.2 59.8 60.3 60.9 61.4 61.5 61 60.5 59.6 59.2 58.8 58.9 60.1 61.4 61.8 61.1 60.1 57.8 56 57.9 58.6 59.1 59.6 60.1 60.6 61.1 61.6 62.1 63 64.1 64.5 64.5 64.4 64.4 66.9 66.5 64.2 64.1 64 63.4 63 63.1 63.1 63.4 64 64.1
53.5 52.2 51 49.9 49.3 48.9 48.9 49.1 49.3 50.2 50.5 50.6 50.7 50.8 50.4 50 49.5 49.1 48.7 49.6 50.4 50.8 51.2 51.8 53.2 54.6 55.3 56.1 57.9 59.2 59.4 59 57 54.8 53.5 54.4 55.4 56.5 58 58.5 59 59.5 60 60.6 61.1 61.4 60.7 60.4 59.8 59.4 58.6 59.6 60.8 62 62.5 62.5 61.4 59.4 57.2 57.9 58.8 59.4 60.2 60.7 61.2 61.7 62.2 62.7 63.1 63.6 64.4 64.6 64.9 65.2 72.7 64.8 64.6 64.4 64.3 63.9 63.7 63.9 64.7 65.1 65.5 65.3
53.7 52.4 51.4 50.8 50.2 49.7 49.6 49.6 49.7 50.4 50.6 50.7 51.1 51.3 51.1 50.7 50.2 49.8 49.4 49.6 51 52.3 53 54.4 55.8 57.2 57.8 58.2 59.9 60.6 60.8 60.3 58.8 56.9 55 54.3 55.3 55.8 57.1 58.2 58.7 59.2 59.8 60.3 60.9 61.4 60.6 60.2 60 59.1 58.8 60 61.2 62.4 63 63 62 60.6 59.2 57.6 59 59.6 60.6 61.3 61.8 62.3 63.3 64.2 63.9 64.2 64.5 64.7 65.1 73.7 65.5 65.1 64.9 64.7 64.5 64.2 64.6 65.5 66.4 66.9 66.6 66.4
54.4 53.5 52.5 52 52.1 52.2 51.3 51.3 50.5 50.5 50.7 51.1 51.5 51.7 51.7 51.3 50.9 50.5 50.1 49.7 50.9 52.4 54.8 56.4 58.1 59.2 59.9 60.6 61.1 61.5 61.9 60.8 59.5 57.9 56.2 54.8 56.2 56.8 56.9 57 57.9 58.8 59.5 60.1 60.6 61.2 60.9 60.5 60.1 59.6 59.3 60 61.2 62.6 63.1 63.2 61.9 61.2 60.1 58.7 58.8 59.8 60.7 61.8 62.7 63.8 64.8 65.1 64.7 65 65.1 65.5 65.9 73.7 65.4 65.4 65.5 65.7 65.4 65.1 66.1 67.5 69.3 69.5 69.5 68.4
56.8 55.6 54.4 54 54.5 54.6 52.9 52.5 51.2 50.8 51.1 51.5 51.9 52.1 52.1 52 51.6 51.2 50.8 50.4 50.9 53.1 55.4 57.8 58.9 59.9 60.5 61.3 62.2 62.5 62.3 61.4 59.8 58.1 56.4 55 56.7 57.8 57.3 57.6 57.9 58.8 59.6 59.9 60.3 61 61.4 61 60.6 60.1 60 60.1 61.4 62.7 63.3 63.4 62.1 61.7 61 59.7 59.4 60.1 61.1 62.3 63.2 64 65 65.4 65.7 65.6 65.5 65.5 69.1 66.9 66.4 66.5 66.6 66.6 66.6 67.1 69 71.6 73.8 74.6 73.6 72.2
59.4 58.2 57.2 56.8 57 56.4 54.8 54.1 52.5 52 51.3 51.7 52.2 52.3 52.5 52.6 52.3 51.9 51.5 51.1 50.7 52.5 55 57.6 59.2 60.3 61.1 62 62.6 62.4 62 61.2 59.9 58.2 56.5 56 57 57.7 58 58.3 58.6 58.9 59.7 60.2 60.5 61.1 62 61.5 61.1 60.6 60.2 60.3 61.8 62.8 63.5 63.4 62.6 62.3 61.9 60.8 60.3 60.8 62 63 64 64.2 65.3 65.4 65.6 65.6 66.6 67.5 72 67.9 67.6 67.6 67.9 68.1 68.6 70.3 74 77.2 79.1 80.3 79.4 78.5
