webserver/python/data/TL36.asc
ncols 200
nrows 200
xllcorner 530000
yllcorner 260000
cellsize 50
[rows 76 to 113 of 200, columns 86 to 171 of 200]
24.4 23.3 22.2 21.1 19.6 18.5 17.5 16.6 15.8 16.3 16.7 17.1 17.6 18 18.1 17.9 17.4 16.5 16.6 16.7 16.8 16.8 16.9 17.1 17.1 17.1 17.2 17.2 17.2 17.7 17.6 17.4 16.5 15.5 14.6 13.5 12.5 12.2 12 11.9 11.5 11.1 10.4 10 9.7 9.5 9.5 9.4 9.4 9.3 9.3 9 8.5 8.3 8.4 8.5 8.6 8.6 8.2 8.2 8.3 8.4 8.4 8.4 8.7 9 9.3 9.7 10.6 11.3 11.6 12 12.1 12.1 12.2 12.3 12.3 12.4 12.5 12.5 12.5 12.1 11.7 11.4 11.1 10.8
26.2 24.6 23.5 22.3 20.5 19 18.1 17.2 17 17.4 17.9 18.3 18.5 18.3 18.1 17.8 17.8 18.1 16.9 16.9 17.1 17.2 17.3 17.3 17.4 17.5 17.5 17.5 17.5 17.6 17.4 17.2 16.2 15.2 13.9 12.8 12.4 12.3 11.9 11.8 11.7 11.6 10.9 10.2 10.1 9.8 9.7 9.6 9.6 9.5 9.3 8.7 8.6 8.8 8.7 8.7 8.6 9 8.4 8.4 8.5 8.6 8.7 8.7 8.8 9.1 9.5 10.5 11.4 12.1 12.3 12.7 12.7 12.7 12.8 12.8 12.9 13 13 12.9 12.5 12.1 11.7 11.4 11.1 10.8
28 26.5 24.9 23.2 21.4 19.6 18.7 17.7 18.2 18.6 18.9 18.8 18.6 18.3 18.1 17.8 17.8 17.8 18.8 17.4 17.4 17.4 17.4 17.5 17.5 17.5 17.6 17.7 17.9 17.7 17.4 16.8 15.6 14.3 13.1 12.7 12.4 12.4 11.8 11.7 11.6 11.5 11 10.7 10.1 10.1 9.9 9.9 9.8 9.6 8.8 9.1 8.9 9 9 8.9 8.7 8.6 8.6 8.6 8.6 8.7 8.8 8.9 9 9.4 10.4 11.3 12.2 13 13 13.3 13.3 13.3 13.4 13.4 13.5 13.6 13.2 12.8 12.4 12 11.6 11.3 11.1 10.8
29.5 28 26.1 24 22.3 20.5 19.2 18.9 19.3 19.3 19 18.8 18.5 18.3 18 17.8 17.5 17.6 17.9 18.6 18 17.4 17.6 17.7 17.6 17.6 17.7 17.8 18.4 17 16.1 15.5 14.7 13.4 13 12.7 12.5 12.4 11.7 11.6 11.5 11.2 10.8 10.4 10.3 10.1 10 9.8 9.8 9.3 9.1 9.1 9.1 9.4 9.2 9.1 8.8 8.8 8.7 8.8 8.8 8.9 9 9.1 9.6 10.4 11.2 12.1 13.1 13.8 13.7 13.9 13.9 13.9 13.9 14 14 13.6 13.2 12.8 12.4 12 11.6 11.3 11.1 10.8
30.9 29.1 27.1 25 23.1 21.4 19.8 19.8 19.5 19.3 19 18.8 18.5 18.3 18 17.8 17.5 17.5 17.7 17.9 18.2 19.2 17.9 17.9 17.8 17.7 17.9 17.4 17.5 16.1 15.4 14.8 14.3 12.7 13 12.6 12.5 12.5 11.8 11.5 11.6 11.4 11.1 10.8 10.5 10.2 10.1 9.9 9.9 9.5 9.5 9.3 9.2 9.2 9.5 9 8.9 8.9 8.9 9 9 9 9.6 10.2 10.8 11.6 12.3 13.1 13.9 14.6 14.5 14.6 14.5 14.5 14.5 14.4 13.9 13.5 13.1 12.7 12.3 11.9 11.5 11.3 11.1 10.7
31 29.1 27.2 25.2 23.3 21.6 20.2 19.8 19.6 19.3 19.1 18.8 18.6 18.3 18.1 17.8 17.6 17.3 17.4 17.6 17.9 17.5 18.9 18.5 18.1 17.5 17.3 17 19.6 15 14.7 14.1 13.4 12.3 11.9 12.4 12.2 12.4 12.2 11.8 11.6 11.5 11.1 10.9 10.7 10.4 10.2 10.1 10 9.6 9.7 9.5 9.5 9.3 9.4 9.2 9.3 9.3 9.4 9.4 9.4 10.1 10.7 11.4 12.1 12.8 13.6 14.3 15 15 14.9 14.6 14.4 14.4 14.4 14.1 13.9 13.5 13.1 12.7 12.2 11.8 11.5 11.3 11.1 10.7
30.9 29 27.1 25.1 23.2 21.5 20.6 20 19.7 19.4 19.2 18.9 18.7 18.4 18.2 17.9 17.6 17.3 17.2 17.3 17.5 17.5 18.1 18.4 19.2 17 16.9 16.9 16.3 15.7 14.6 13.7 12.9 13.8 12.9 11.5 12.4 12.5 12.3 12 11.7 11.6 11.2 11 10.8 10.6 10.3 10.2 10.1 9.8 9.8 9.8 9.7 9.6 9.3 9.4 9.8 10 10 10.1 10.4 11.3 11.9 12.5 13.3 14 14.8 15.1 15.2 15.2 15.1 14.7 14.3 14 13.8 13.8 13.3 13.1 12.8 12.6 12.2 11.8 11.5 10.8 11.1 11
30.8 28.9 27 25 23.1 21.5 21 20.4 19.9 19.5 19.2 19 18.7 18.5 18.2 18 17.7 17.3 17.2 17.1 17.1 17.4 17.8 17.9 18.1 18.1 17 17 15.2 18.6 14.6 13.3 13.5 13.7 13.4 12.9 13 12.8 12.5 12.2 11.9 11.7 11.4 11.2 11 10.7 10.5 10.3 10.1 10 10 10 10 9.8 8.8 9.8 10.2 10.5 10.7 10.7 11.5 12.5 13.1 13.8 14.5 15.2 15.3 15.4 15.5 15.4 15.2 14.8 14.4 14.1 13.7 13.3 13.2 12.1 12.3 12 11.8 11.4 11.3 11.2 11.4 11.4
30.7 28.8 26.8 24.9 23 21.9 21.3 20.8 20.2 19.7 19.3 19.1 18.8 18.6 18.3 18.1 17.7 17.3 17.2 17.1 17.1 17 17.2 17.4 17.6 16.2 16.4 17 15.3 21 13 13.9 14.1 13.9 13.6 13.6 13.4 13.2 11.3 12.3 12 11.8 11.5 11.3 11.1 10.9 10.6 10.3 10.2 10.1 10.1 10.1 10.1 10.1 10 10.6 10.8 11 11.3 11.5 12.5 13.5 14.2 15 15.3 15.4 15.5 15.6 15.7 15.6 15.2 14.9 14.5 14.2 13.8 13.4 13.1 12.7 12.2 12.1 11.7 11.7 11.6 11.4 11.7 11.7
30.6 28.7 26.7 24.8 22.9 22.3 21.7 21.2 20.6 20 19.5 19.2 18.9 18.7 18.4 18.2 17.7 17.3 17.2 17.2 17 16.8 16.7 16.9 17.1 16 15.7 15.7 16.3 13.8 14.5 14.8 14.7 14.3 14.1 13.7 13.8 13.6 13 12.6 12.1 11.9 11.6 11.4 11.2 11 10.8 10.5 10.3 10.3 10.3 10.3 10.3 8.6 10.4 10.9 11.3 11.7 12.3 13.1 13.8 14.6 15.4 15.5 15.6 15.7 15.8 15.9 15.9 15.7 15.3 15 14.6 14.2 13.9 13.5 13.2 12.8 12.5 12 11.9 11.9 11.9 11.8 11.9 12.1
30.7 28.9 27.1 25.3 23.6 22.7 22.1 21.5 21 20.4 19.8 19.3 19 18.8 18.5 18.2 17.7 17.3 17.2 17.1 16.9 16.7 16.3 16.4 16.6 15.7 15.4 14.8 16.3 15.8 15.9 15.8 15.1 14.7 14.5 14 14 13.8 13.3 12.8 12.4 12 11.7 11.5 11.3 11.1 10.9 10.7 10.4 10.5 10.5 10.6 10.7 10.7 10.5 10.9 11.4 13.1 14.3 15 15.8 15.8 15.6 15.7 15.8 15.9 16.1 16.2 16.1 15.8 15.4 15.1 14.7 14.3 14 13.6 13.3 13 12.7 12.2 12.2 12.2 12.1 12.1 12.1 12.3
31.4 29.6 27.8 26 24.5 23.4 22.6 22 21.4 20.8 20.2 19.6 19.1 18.8 18.6 18.2 17.7 17.3 17.2 17 16.8 16.6 16.3 16 16.1 15.5 15.1 15 18.5 16.4 15.8 16.2 16.9 15.2 14.7 14.2 14.5 14.1 13.4 13 12.6 12.3 11.8 11.7 11.5 11.3 11.1 10.9 10.7 10.8 10.8 10.8 9.1 10.7 10.6 10.9 12.4 14.2 16 16.6 16.4 16.3 16.3 16 16.1 16.2 16.3 16.4 16.2 15.9 15.5 15.1 14.8 14.4 14.1 13.8 13.5 13.2 13 12.5 12.4 12.4 12.4 12.4 12.4 12.5
32 30.3 28.5 26.7 25.4 24.3 23.3 22.4 21.8 21.2 20.6 20 19.5 18.9 18.7 18.2 17.7 17.3 17.1 16.9 16.7 16.5 16.3 14.7 15.6 15.4 15.8 15.6 17.6 16.9 16.4 15.5 16.2 16.2 15.3 14.3 14.7 13.9 13.6 13.4 12.9 12.5 12.1 11.8 11.6 11.4 11.4 11.3 11 10.8 10.9 11.3 10.8 10.7 10.6 11.9 13.5 15.2 16.8 17 16.8 16.8 16.9 16.4 16.4 16.5 16.6 16.6 16.3 16 15.6 15.2 14.9 14.6 14.2 13.9 13.6 13.3 13.1 12.8 12.7 12.6 12.6 12.6 12.7 12.8
32.6 30.9 29.2 27.5 26.3 25.2 24.2 23.1 22.3 21.7 21.1 20.5 19.9 19.3 18.8 18.4 18 17.5 17.2 17 16.8 16.6 16.4 16.4 16.1 15.9 16.1 16.1 17 17.5 16.4 15.9 16 15.8 16.4 16 15.8 14.4 14 13.5 13.1 12.7 12.3 11.9 11.7 11.7 11.8 11.6 11.4 11 10.9 10 11 10.5 11.1 12.8 14.2 16.1 17.1 17.5 17.3 17.4 17.5 17 16.6 16.7 16.8 16.8 16.4 16 15.7 15.4 15 14.7 14.4 14.1 13.8 13.5 13.4 13 13 12.9 12.8 12.9 12.9 13
33.2 31.5 30 28.5 27.1 26.1 25 24 22.9 22.2 21.6 21 20.1 19.8 19.4 19.1 18.6 18 17.5 17.3 17 16.8 16.5 16.4 16.4 16.5 16.6 16.7 16.7 17.3 16.4 16.7 16.5 16.1 15.8 15.2 16 14.6 14.1 13.7 13.3 13 12.5 12.2 12.1 12.2 12.1 11.9 11.7 11.5 11.1 11.2 11.1 10.8 11.6 13.2 14.9 16.1 17.4 17.8 17.8 17.9 18 17.6 17.1 17 17.1 16.9 16.5 16.2 15.8 15.5 15.2 14.9 14.5 14.2 13.9 13.6 13.6 13.3 13.3 13.2 13.1 13.1 12.9 12.8
33.8 32.6 31.1 29.7 28.2 26.9 25.7 24.7 23.8 22.8 22 21.1 20.8 20.4 20.1 19.7 19.1 18.4 17.7 17.5 17.3 17 16.4 16.5 17.6 17.2 17.1 16.9 16.8 17.6 16.9 17.1 16.9 16.7 16.4 15.5 15.4 15.7 14.3 13.9 13.6 13.2 12.8 12.8 12.8 12.6 12.5 12.3 12.1 11.9 10.8 11.3 11.1 10.8 12 13.3 14.4 15.8 16.7 17.7 18.7 18.6 18.5 18.2 17.7 17.2 17.3 16.9 16.6 16.3 16 15.7 15.3 15 14.7 14.4 14 13.8 13.8 13.2 13.5 13.4 13.3 13 12.9 13
34.4 33.3 32.3 30.8 29.3 27.9 26.7 25.5 24.3 23.4 22.1 21.7 21.4 21 20.7 20.2 19.6 18.9 18.2 17.8 17.6 17.3 16.9 17.1 17.7 17.3 17.2 17.1 17 17.7 17 17.3 17 16.7 17.1 15.6 15.2 14.9 15.3 15 13.9 13.5 13.4 13.4 13.1 14.7 12.9 12.6 12.3 12 11.7 11.5 11.2 10.8 11.8 12.8 14.3 15.2 16.1 17.6 18.7 18.3 18.9 18.5 18.1 17.8 17.4 17.1 16.8 16.4 16.1 15.8 15.5 15.2 14.8 14.5 14.2 13.9 14.2 14 13.7 13.1 13.5 13.2 12.9 13.1
34.9 33.9 32.9 31.9 30.5 29 27.7 26.5 24.7 23.1 23 22.5 22 21.6 21.3 20.7 20 19.3 18.7 17.9 17.7 18.4 18.1 17.7 17.4 17.5 17.4 17.3 17.2 17.1 16.9 16.7 16.7 16.1 15.9 15.8 15.6 15.3 15 14.7 15.2 13.9 13.6 13.2 13.2 13.1 13.4 13.1 12.5 12 11.8 11.6 11.5 11.4 11.2 12.7 13.7 14.6 16 17.6 18.8 18.8 18.8 18.5 18.1 17.7 17.3 17 16.7 16.4 16 15.8 15.5 15.3 15 14.7 14.3 14.4 14.2 14 13.9 13.7 13.5 13.4 13 13.1
35.5 34.5 33.5 32.5 31.4 30.2 28.7 27.7 25.3 24 23.9 23.4 22.8 22.3 21.8 21.2 20.5 19.8 19.1 18.7 18.6 18.4 18.2 18 17.8 17.7 17.7 17.7 17.7 17.8 19.5 16.4 15.7 15.8 16.5 16.2 15.9 15.5 15.2 14.9 14.6 14.1 14.3 13.3 13.2 12.8 14.2 12.8 12.4 11.9 11.8 11.7 11.6 11.5 11.1 12.2 13 14.3 15.9 17.6 18.9 19 18.9 18.5 18.1 17.7 17.3 17 16.7 16.4 16 15.7 15.3 15 14.6 14.4 14.8 14.6 14.4 14.2 14.1 13.9 13.6 13.5 13.3 13.1
36.1 35.1 34.1 33 32 31 29.5 28.4 27.3 26.2 25 24.4 23.9 23.3 22.2 21.3 20.8 20 19.5 18.5 18.7 18.8 18.8 18.7 18.5 18.4 18.4 18.4 18.5 18.5 18 18.1 13.8 13.9 16.5 16.2 16 15.8 15.5 15.1 14.8 14.6 14.5 14.6 13.2 13.1 12.4 12.7 12.5 12.1 11.9 11.8 11.7 11.5 12 12.1 12.6 14.2 15.9 17.5 19 19 18.9 18.5 18.1 17.7 17.2 16.9 16.6 16.4 15.9 15.9 15.4 15 14.7 14.8 14.8 14.8 14.6 14.4 14.3 14 13.8 13.6 13.4 13.2
36.7 35.7 34.7 33.6 32.7 31.8 31 30.2 29.4 28.3 27.2 25.8 25.1 23.9 22.7 21.8 20.9 19.9 19.8 19.6 19.5 19.3 19.2 19.3 19.3 19.1 19.1 19.1 18.8 18.6 18.3 18.1 17.8 17.3 17 16.4 16 15.7 15.5 15.2 14.9 14.6 14.4 14.3 13.5 13.8 13 13.1 12.5 12.4 12 11.9 11.8 12 12.2 12.3 11.3 14.1 15.7 17.4 18.9 18.8 18.7 18.4 18.1 17.6 17.2 16.8 16.5 16.3 16 15.6 15.2 15.3 15.2 15 14.9 15 14.8 14.6 14.4 14.2 14 13.7 13.5 13.3
37.3 36.3 35.4 34.6 33.7 32.8 32.1 31.7 31.2 30.5 29.3 27.8 26.3 25.1 24 22.9 21.7 20.2 20.2 20.1 20 20 19.9 19.9 19.8 19.8 19.5 19.2 18.9 18.6 18.4 18.1 17.8 17.5 17.3 16.8 16.4 15.8 15.5 15.2 15 14.6 14.3 14.1 13.7 13.5 13.9 12.3 12.5 12.4 12.2 12 12.1 12.3 12.5 12.5 12.9 13.8 15.4 17 18.4 18.6 18.5 18.2 17.9 17.6 17.2 16.7 16.4 16.1 15.9 15.7 15.3 15.5 15.4 15.3 15.1 15 15 14.8 14.6 14.4 14.1 13.9 13.7 13.4
38.2 37.3 36.4 35.6 34.7 33.8 33.3 32.8 32.3 31.9 31.1 29.6 28 26.4 25.3 24.1 23 22.3 20.3 20.2 20.2 20.2 20.2 20.2 20.2 19.9 19.5 19.2 19 18.7 18.4 18.1 17.8 17.6 17.6 17.1 16.7 16.2 15.8 15.3 15 14.7 14.2 13.8 13.5 13.3 13.3 12.6 13.2 12.4 12.3 12.2 12.4 12.6 12.7 12.9 13.2 13.4 15.1 16.7 17.8 18.2 18.2 17.9 17.6 17.4 17.1 16.7 16.3 16 15.8 15.7 15.8 15.8 15.6 15.5 15.4 15.2 15.1 15 14.8 14.6 14.3 14.1 13.9 13.6
39.2 38.3 37.4 36.6 35.7 34.9 34.4 34 33.6 33.2 32.6 31.3 29.8 28.2 26.6 25.4 24.1 22.6 20.7 20.6 20.6 20.6 20.6 20.6 20.5 20.1 19.7 19.3 19 18.7 18.4 18.2 17.8 17.8 17.8 17.4 17 16.5 16.1 15.6 15.2 14.7 14.2 14.5 14.1 13.9 13.8 13.5 13.2 13.9 12.6 12.4 12.7 12.9 13 13 13.2 13 14.8 16.3 17.3 17.7 18 17.7 17.4 17.1 16.8 16.5 16.2 16 15.9 15.9 15.8 16 15.9 15.7 15.6 15.5 15.3 15.2 15 14.8 14.6 14.3 14.1 13.9
40 39.3 38.5 37.6 36.7 36.2 35.8 35.3 34.9 34.5 34 32.8 31.5 30 28.4 26.8 25.5 23.9 22 21 21 21 20.9 20.9 20.6 20.2 19.8 19.4 19 18.7 18.5 18.2 17.8 17.9 17.9 17.8 17.3 16.8 16.4 15.9 15.7 15.6 15.5 15.4 14.9 14.7 14.7 14.4 14.1 13.7 13.7 13.8 12.7 13.6 13.6 13.5 13.5 13.9 14.5 16 17 17.4 18.1 18.1 17.8 17.5 17.2 16.9 16.3 16.3 16.4 16.6 16.7 16.6 16.4 16.2 16 15.8 15.6 15.4 15.2 14.9 14.8 14.6 14.3 14.1
40.5 40.1 39.5 38.6 38 37.6 37.1 36.7 36.3 35.8 35.4 34.2 33 31.7 30 28.3 26.3 24.6 23.8 21.9 21.3 21.3 21.3 21.2 20.8 20.4 20 19.6 19.2 18.8 18.5 18.2 17.9 18.1 18 18 17.6 17.2 16.7 16.7 16.5 16.6 16.5 16.2 15.7 15.6 15.7 15.4 15 14.4 14.1 13.6 14.7 13.4 13.9 13.9 14.3 14.5 14.3 15.6 16.8 17.3 18.2 18.7 18.4 18.1 17.5 16.9 16.3 16.5 16.7 16.8 16.9 16.9 16.7 16.5 16.3 16.1 15.9 15.7 15.4 15.2 14.8 14.6 14.5 14.3
41.1 40.6 40.2 39.8 39.3 38.9 38.5 38.1 37.6 37.2 36.2 35.4 34.2 32.8 30.4 28.9 26.9 25.1 24.2 23.4 21.7 21.7 21.7 21.3 20.9 20.5 20.1 19.7 19.3 18.9 18.5 18.3 18.1 18.2 18.2 18.2 17.9 17.5 17.6 17.5 17.5 17.7 17.5 17 16.5 16.4 16.6 16.3 15.9 15.2 14.6 14.4 14.1 15.5 15 14.7 14.9 15 15 14.4 16.6 17.4 18.3 19.2 18.8 18.1 17.5 16.8 16.5 16.7 16.9 17 17.1 17.1 16.9 16.7 16.6 16.4 16.2 16 15.8 15.3 15.3 15 14.4 15
41.6 41.2 40.9 40.7 40.6 40.3 39.9 39.4 38.9 37.9 36.8 36.4 35.3 33.4 30.4 29 27.2 25.5 24.6 23.8 23 22.1 21.9 21.5 21.1 20.7 20.3 19.9 19.5 19 18.6 18.3 18.2 18.3 18.3 18.3 18.3 18.6 18.5 18.8 18.9 19.3 19.6 18.9 18 17.6 17.4 17.2 16.7 16 15.4 15.2 15 14.6 14.7 16.3 15.4 15.2 15.2 15.4 16.1 17 17.9 19.1 18.8 18.1 17.4 16.7 16.6 16.8 17 17.2 17.3 17.4 17.2 17 16.8 16.6 16.4 16.2 16 15.6 15.4 15.3 13.6 15.1
42.3 42.1 41.9 41.7 41.5 41.4 41.2 40.6 39.6 38.5 37.5 37 35.3 33.2 30.5 29 27.3 25.5 24.4 23.7 23 22.3 21.9 21.5 21.2 20.8 20.4 20 19.6 19.2 18.8 18.4 18.8 19.6 20.5 20.6 21.1 22.1 22.5 22.8 22.3 22.3 22.3 22 22 21.7 21.9 20.8 18.3 17.8 16.6 16.1 15.9 15.7 15.7 16.1 16.5 16.2 15.4 15.3 15 16.4 17.8 18.9 18.7 18 17.3 16.6 16.8 17 17.2 17.4 17.5 17.7 17.5 17.3 17.1 16.9 16.7 16.5 16.3 16.1 15.4 15.5 15.4 15.4
43.2 43 42.8 42.6 42.4 42.3 42 41.1 40.2 39.1 38.1 36.9 34.8 32.4 31.3 29.1 26.9 25.4 24.2 23.5 22.8 22.1 21.7 21.3 21 20.9 20.9 20.7 20.4 20 19.5 19.1 19.5 21.1 22.3 24 24.6 25.8 26.6 26.5 25.8 25.1 25.1 24.9 24.6 24.3 23.1 22.6 20.6 19 18 17.1 16.8 16.5 16.8 17.1 16.6 16.2 16.6 15.4 15.4 16.5 17.8 18.5 18.6 17.9 17.2 16.7 17 17.2 17.4 17.6 17.8 17.9 17.7 17.5 17.3 17.1 16.9 16.7 16.5 16.3 15.8 14.9 15.4 15.7
44.1 43.9 43.7 43.5 43.4 42.9 42.2 41.3 40.4 39.5 38.6 36.5 34.4 31.6 30.6 28.9 26.6 25.4 24.2 23.2 22.5 22 21.5 21.4 21.4 21.4 21.3 21.2 21 20.7 20.3 19.7 19.1 22.7 24.7 26.3 28.5 29.6 30.6 29.8 28.9 28 28 27.6 27.3 26.9 25.4 23.6 22.1 20.6 19.5 18.6 17.9 17.5 18 17.3 17.1 16.9 16.5 16.7 16.3 16.2 17.8 18.1 18.2 17.8 17.1 16.9 17.1 17.3 17.5 17.8 18 18.1 18 17.8 17.6 17.4 17.2 17 16.8 16.6 16.3 15.8 16 16.1
44.6 44.6 44.5 44.4 43.9 43.2 42.5 41.5 40.6 39.6 38.8 37.5 35.2 32 30.8 29 26.4 25.4 24.2 23.1 22.3 22 22 21.9 21.9 21.8 21.8 21.6 21.5 21.3 21 20.8 20.2 23.1 25.8 28.9 31.7 33.6 32.9 32.3 31.7 31.1 30.7 30.3 29.9 29.4 28.2 26.2 24.1 22.3 21.2 20.4 19.7 19 18.6 18.2 18 17.7 17.2 17.1 16.5 16.4 16.9 17.8 17.7 17.7 17 17.1 17.3 17.5 17.7 17.9 18.1 18.3 18.2 18 17.8 17.6 17.4 17.2 17 16.9 16.5 16.4 16.3 16.4
45.1 45.1 45 44.8 44.2 43.4 42.7 41.7 40.8 39.9 38.9 37.4 34.9 32.3 30.5 29 26.3 24.8 23.6 22.8 22.5 22.5 22.6 22.5 22.4 22.3 22.3 22.4 22.4 22.5 22.5 22.6 21.3 23.1 27.5 30.7 33.5 35.6 35.2 34.6 33.9 33.2 32.8 32.3 31.9 31.6 31 28.8 26.2 24.5 22.9 22 21.2 20.4 19.5 19 18.8 18.5 18 17.9 17.7 17 16.8 16.7 17.2 17.6 17 17.2 17.4 17.7 17.9 18.1 18.3 18.5 18.5 18.3 18.1 17.8 17.5 17.2 16.9 16.6 17.1 17 16.8 16.6
45.6 45.6 45.4 44.9 44.3 43.7 42.9 42 41 40.1 38.9 36.7 34.2 32.6 30.3 29 27.1 25.1 23.7 22.2 22 23 23.2 23.1 23.2 23.4 23.6 23.8 23.9 23.9 24 24.6 23.1 23.3 28.3 32.6 35.5 35.9 36 36.1 35.5 35.2 34.8 34.4 33.9 33.7 33.3 30.8 28.5 26.8 24.9 23.3 22.5 21.5 20.5 19.9 19.7 19.2 18.8 18.1 18.3 17.6 17.5 17.6 17.4 17.3 17.2 17.4 17.6 17.8 18 18.2 18.5 18.7 18.7 18.4 18.2 17.9 17.7 17.4 17.2 15.8 17.3 17.3 17.1 16.9
46.1 46.1 45.6 45 44.5 43.9 43.1 42.2 41 39.9 38.4 36.2 34.2 32.1 29.6 29.6 28.8 26.6 23.4 23.2 24 24.2 24.3 24.2 24.4 24.7 24.9 25 25.2 25.7 26.1 26.6 25.1 22.6 28.3 33 35.5 36.4 36.8 37.2 36.7 36.8 36.7 36.4 36 35.5 34.3 32.8 30.8 29 27 24.9 23.8 22.6 21.4 20.9 20.4 19.9 19.3 18.6 18.8 18.5 18.5 18.5 18.4 18 17.6 17.6 17.8 18 18.3 18.5 18.8 18.9 18.8 18.6 18.4 18.1 17.8 17.6 17.4 17.2 17.3 16.9 17 16.9
46.6 46.3 45.7 45.2 44.6 44 43.1 41.9 40.8 39.6 37.9 36.1 34.7 31.9 30.7 31.2 29.6 26.8 25.2 26.1 26.2 26.1 25.8 25.8 25.9 26.1 26.7 27.2 27.7 27.8 28.2 28.7 26.9 24.3 25.9 30.6 35 36.7 37.5 38.1 38.2 38.4 38.6 38.2 37.9 37.1 36.3 35 33.1 31 29.1 26.6 24.4 23.1 21.5 20.9 20.7 20.3 18.4 19.7 19.7 19.5 19.5 19.5 19.2 18.9 18.8 19.2 18 18.2 18.5 18.8 19.2 19 18.9 18.7 18.5 18.3 18 17.7 17.7 17.8 17.7 17.2 17.1 17
47 46.2 45.6 45 44.4 43.8 42.3 41.5 40.7 39.8 37.4 35.7 35 33.5 32.4 31.8 30.2 27.8 26.9 27.6 27.6 27.5 27.3 27.5 28 28.6 29.2 29.7 30 29.9 30.2 29.8 28.4 26.2 24.2 28.7 34.4 37.3 38.7 39.2 39.8 40 40.1 40.1 40 39.2 39.1 37.9 35.7 32.4 29.8 27.9 23.9 24.6 23.5 22.2 20.5 19.5 19.8 20.7 20.8 20.6 20.6 20.4 20 19.7 19.8 20.1 20.2 18.2 19.9 19.7 19.2 19.1 19 18.8 18.6 18.5 18.5 17.9 17.7 17.8 17.6 17.5 17.4 17.2
47.2 46.3 45.3 44.7 44.1 43.5 41.6 40.9 40.5 38.8 37.1 36 35.5 35 33.9 32.3 30.7 28.8 28.6 29.1 29.1 29.1 29.4 29.9 30.5 31 31.6 32.1 32.1 32 32 30.7 29.5 26.8 25 28.3 33.5 38.2 39.5 40.3 40.9 41.4 41.7 41.9 41.5 41 41.2 39.4 37.5 33.5 30.5 28.3 26.1 26 25.6 24.2 22.4 21.5 21.2 21.5 21.8 21.7 21.6 21.2 20.8 20.6 20.8 20.9 20.9 20.7 20.8 19.3 19.2 19.1 19 18.9 18.7 18.3 18.6 18.2 17.7 17.6 17.7 17.6 17.6 17.5
