webserver/python/data/TL60.asc
ncols 200
nrows 200
xllcorner 560000
yllcorner 200000
cellsize 50
[rows 114 to 151 of 200, columns 86 to 171 of 200]
80.5 81.5 82.6 83 83.4 83.9 84.5 85.1 85.8 86.8 86.9 87.4 87.8 88 87.9 87.1 86.8 84.9 81 78.8 77.3 73.8 71.6 68.6 66.5 65 63.7 63.9 63.6 62.8 61.9 62.9 61.1 59.4 57.6 56.2 55.8 56.2 55.7 55.7 56.4 56.5 56.5 56.9 56.4 56.6 56.9 57.1 57.6 57.4 56.4 54.5 53 54.8 55.7 54.7 53.6 51.7 52.2 52.8 53.3 53.8 54.2 54.4 54.3 53.8 53.3 52.8 52.5 51.8 51.1 50.6 50.8 51.2 51.6 51.9 52.8 53.9 54.4 54.1 53.8 53.4 52.8 51.9 50.1 48.3
82 83.1 84 84.4 84.9 85.5 86.2 86.8 87.4 87.9 88.2 88.7 88.8 89 89.1 88 86.9 85.2 81.1 78.1 75.2 73.1 70.1 67.9 66.6 66.2 66.3 66.9 66.4 64.6 63.2 61.8 60.5 59.3 57.9 57 56.9 59.3 60.3 63 59.5 59.2 58.9 58.6 58.5 58.7 58.9 59.2 59 58 56.4 54.5 55.3 55.8 56 55.2 52.9 53.4 54 54.5 55.1 55.2 55.2 55.3 54.9 54.2 53.7 53.2 52.7 52.4 51.9 51.7 52.1 52.5 52.9 53.3 53.9 54.9 55.1 54.9 54.6 54.4 53.4 52.9 51.6 49.1
83.6 84.6 85.4 85.9 86.5 87.2 87.5 87.8 88.1 88.5 89.4 89.6 89.8 90 90.1 89 86.7 82.7 81.2 80.1 78.7 75.4 71.7 69.2 69 69.8 70.2 69.7 68.1 66 63.6 63 62.2 60.9 58.8 57.9 59.2 62.3 63.5 64.2 63.4 62.8 62.1 61.3 60.9 60.9 60.7 60.5 59.8 58.3 56.3 56.3 55.7 55.5 56.1 55.6 54.4 55.1 55.9 56.4 56.7 56.6 56.5 56.6 55.7 54.7 54.2 53.6 53.1 52.8 52.6 53 53.4 53.8 54.3 54.7 55.1 55.6 55.9 55.6 55.4 55.2 54.3 53.5 52.4 50.1
85 86.2 86.9 87.2 87.6 87.9 88.2 88.5 88.7 89.1 90 90.5 90.4 90.4 90.1 86.9 84.3 83.2 81.7 80.4 77.1 74.4 71.9 71.8 72.8 72.7 72.3 70.9 68.5 65.8 65.2 64.7 63.9 62 60 60 60.6 64.2 65.4 65.6 64.7 63.9 63.3 62.7 62.3 61.8 61.6 61.4 61 60.5 59.1 58.7 58 57.4 56.7 56.3 55.8 56.9 57.7 58.1 58.1 58 57.8 57.9 56.6 55.3 54.5 54 53.5 53.2 53.7 54.4 55.1 55.5 55.9 56.4 57 57 56.7 56.5 56.2 56 55.7 54.1 53.4 51.3
86.3 87.1 87.6 87.9 88.3 88.6 88.8 89.1 89.4 89.7 90.5 91 91.4 91 89.9 87.3 88.1 85.8 80.3 78.1 76.3 75.6 74.7 77.2 78.9 76.7 73.8 71.6 68.6 67.1 67.1 66.8 65.1 62.1 62.8 62.1 61.2 63.7 66 67 66.4 65 64.4 64.6 64 63.1 62.5 62.3 61.9 61.5 61.1 60.6 59.7 58.8 58 57.2 57 58.3 59.5 59.6 59.5 59.4 59.2 59.1 57.3 56 55.2 54.4 54 54.1 54.8 55.4 56.1 56.7 57.5 57.6 57.6 58.1 57.7 57.3 57.1 56.8 56.1 54.9 53.7 52.3
87.1 87.7 88.3 88.6 88.9 89.2 89.5 89.7 90 90.3 91 91.4 91.3 91.4 90.5 89.5 86 83.2 78.8 78 78.5 79.2 79.1 80.9 81 77.7 74.6 71.5 69.8 69.9 70 68.3 65.7 63.9 66.6 65.5 63.4 63 65.2 68.4 68.1 66.8 66.1 66.5 65.7 64.7 64 62.8 62.6 62.6 62.4 61.9 60.9 59.8 58.7 57.4 59 60.2 60.7 60.9 60.7 60.6 60.4 60.1 58.2 57.5 57.2 56.3 56.2 56.1 56 56.4 57.1 57.7 58.4 58.4 57.6 59.1 58.6 58.2 57.9 57.4 56.4 55.3 54.1 52.3
87.7 88.3 88.7 89.1 89.6 89.8 90.1 90.4 90.6 90.9 91.4 91.3 91.3 91.8 90.8 87.2 83.7 81.8 82.6 83.9 83.5 86.2 81.2 84.6 82.1 78.2 74.4 73.3 72.6 72.6 71.7 69.3 65.5 67.2 69.7 68.8 66.7 64.7 66.5 70.6 70 69.3 67.9 68.3 67.3 66.1 64.1 62.3 62.3 63 63.6 63.2 61.7 60.4 59.3 59.2 60.4 61.5 62.1 62 61.6 61.3 61.2 60.9 59.2 58.7 58.5 58.3 58.2 58.1 58 57.9 58.1 58.7 59.4 59.6 59.6 59.8 59.4 59.1 58.7 57.7 56.7 55.7 54.3 52.4
87.9 88.1 88.2 88.7 89.4 90 90.6 90.9 91.2 91.5 91.5 91.4 91.4 90.4 88.3 86.8 88.9 86.1 88.2 88.4 86.6 87.1 85.2 85.7 83.1 79 76.6 76.4 75.8 74.6 72.1 70.1 67.4 69.8 71.5 71.9 69.1 68.2 70.6 72.6 72 71.4 70.4 69.9 68.7 66.9 64.7 63.9 64.3 64.9 64.6 64.4 62.9 61.4 60.9 61.6 62.2 62.9 63.5 63 62.6 62.1 61.9 61.6 60.2 60 59.7 59.4 59.5 59.6 59.7 59.8 59.8 59.7 60.2 60.1 60.3 59.9 59.6 59.2 58.8 58 57 56.1 54.5 52.5
87.5 87.5 87.7 88.3 89 89.7 90.3 91 91.7 91.9 91.9 91.9 91.7 91 91 91.8 91 88.7 90.6 88.9 89.1 88.2 88.5 86.6 84 81.1 81.1 80.3 78.1 75.4 72.7 69.9 69.8 73.7 75.2 74 70.5 71 72.6 74.1 74.1 73.5 72.6 71.3 69.5 67.6 65.7 66.1 66.5 66.1 65.8 65.5 64.2 62.6 63.1 63.6 63.9 64.1 64.2 63.9 63.5 63.1 62.7 62.4 61.5 61.2 60.6 59.9 60 60.1 60.3 60.4 60.5 60.6 60.5 60.5 60.3 59.9 59.5 59.2 58.8 58 57.3 56.4 54.8 51.9
86.7 87 87.3 87.9 88.6 89.3 90.1 91 91.9 92.3 92.3 92.3 92 92.7 92.8 92.7 92 91.7 91.7 90.8 91.2 91 89.9 88 86.5 85.7 83.4 82.1 78.5 75.8 73 70.6 73.1 77.4 77.7 75.8 72.3 73.2 74.5 75.8 75.7 75.4 74.1 72 70.1 68.1 68 68.4 68.4 67.6 66.9 66.7 65.5 64.6 65.1 65 64.7 64.9 64.8 64.5 64.2 63.9 63.6 63.1 62.2 61.5 60.7 60.2 60.1 60.2 60.4 60.5 60.3 60.2 60.1 60 59.9 59.7 59.5 59.1 58.7 58 57.2 56.3 54.9 53
85.5 86.1 86.8 87.7 88.6 89.4 90.3 91.2 92 92.7 92.6 92.4 92.1 92.5 92.6 92.2 90.1 89.5 91.8 91.6 91.6 91.3 90.1 87.8 86.4 85.5 82.7 80.2 78.1 75.5 73.4 72.7 75.2 77.8 79.9 76.5 75.3 76.3 76.7 76.7 76.9 75.3 74.7 72.5 70.8 70.7 70.6 70.6 69.8 69.1 68.3 67.8 66.8 66.7 66.4 65.8 65.5 65.6 65.4 65.1 64.8 64.5 64 63.4 62.5 61.6 61 60.5 60.2 60.4 60.2 60.1 59.9 59.7 59.6 59.5 59.3 59.2 59 58.9 58.7 57.6 56.6 55.6 54.3 52.6
84.2 85.1 85.8 87.7 88.7 89.6 90.5 91.4 92.2 92.9 93 92.8 92.6 92.3 88.6 89.2 85.8 86.1 90.7 91.9 91.9 91 89.2 85.7 83.7 82.2 80.1 78.4 77.6 77.9 76.3 76.6 78.4 81.5 81.2 78.6 77.7 78.6 79 79.3 79 77.8 72.8 72.1 72.5 72.7 72.7 72 71.1 70.4 69.7 68.9 68.6 68.1 67.5 66.7 66.4 64.5 66.1 65.7 65.1 64.4 63.8 63.2 62.5 61.8 61.2 60.6 59.7 59.6 59.5 59.4 59.3 59.3 59.1 58.9 58.8 58.6 58.5 58.5 58.1 57 55.9 54.9 53.6 51.9
82.3 84 85.2 87.5 88.8 89.7 90.6 91.5 92.4 92.9 93.1 93.3 93.4 91.8 88.2 83.6 82.8 85.8 89.5 91.6 91.6 90.8 88.7 85.4 83 81.6 81.2 80.5 80.1 80.3 80.3 81.4 80.5 84.1 83 81 80 80.8 81.7 81.4 80.6 78.2 76.2 75.1 74.9 74.6 73.9 73.3 72.5 71.6 70.7 69.8 69.6 69.2 68.7 68.1 67.1 66.5 66.2 65 64.5 64 63.4 62.7 62 60.9 60.1 59.4 58.2 57.7 57.4 57.2 57.1 57.3 57.8 57.9 57.9 57.9 58 57.9 57.3 56.3 55.2 54.2 52.8 51
80.4 82.8 85.2 87.3 89 89.9 90.8 91.5 91.7 92.1 92.5 92.8 92.6 90.3 84.7 82 81.1 84.3 88.2 90.7 91.2 90.6 88.7 86.2 84.8 83.4 82.5 83.3 83.3 83.5 83.5 85.9 84 84.4 84.3 84.2 83 83.6 83.7 82.7 81.4 78.6 76.7 76.4 76.2 75.9 75.2 74.5 73.8 73 72.1 71.4 71 70.5 69.9 69.2 68 66.8 65.6 64.5 63.6 63.1 62.6 62.1 61 60 58.9 58 56.8 55.9 55.6 55.4 54.9 55.5 56.1 56.6 56.7 56.9 56.9 56.7 56.4 55.5 54.4 53.2 51.7 50.3
80.9 83.4 85.7 86.9 88.7 89.8 90.5 90.6 90.8 91.3 91.7 92.1 92.1 89.7 85.5 81.1 79.8 81.8 85.6 90.7 91.3 90.7 89.9 88.6 87.7 86.5 86.4 87 87.4 87.2 86.6 88.8 87.7 87.1 87.1 86.3 86.2 86 85.5 84.3 82.8 80.2 78.8 78 77.3 77.1 76.5 75.8 75.1 74.3 73.6 73 72.4 71.4 70.3 69.2 68.1 66.9 65.4 63.9 62.8 62.2 61.7 61 59.9 58.9 57.9 56.6 55.3 54.1 53.8 53.5 52.5 53 53.6 54 54.8 54.8 55.4 55.3 54.9 54.6 53.5 51.9 50.2 49.3
81.9 84 85.5 86.7 88.2 89.3 88.9 89.3 89.8 90.2 90.5 90.6 89.9 87.4 84.6 81.4 79.7 80 83.4 88.4 89.8 90.8 91 90.7 90.2 89.7 90.2 90.6 90.4 90.5 90.3 91.3 90.6 89.7 88.9 87.9 87.7 87.2 86.6 85.7 84.5 82.3 81.1 80.2 79.4 78.6 77.7 77.1 76.4 75.6 74.6 73.8 72.6 71.4 70.4 69.3 68.2 67.1 65.6 64 62.5 61.3 60.6 59.9 59.1 57.9 56.4 55.3 54.1 52.5 52 51.2 50.2 50.5 51 51.3 52.2 53.1 54 53.8 53.4 53.2 52.1 50.5 49 48.4
82.8 83.9 85.3 86.5 87.7 87.9 85.9 86.3 88.3 88.5 88.3 87.8 86.1 84.2 82 80 78.4 79.2 83.3 87.2 85.3 88 88.6 89.8 90.1 90.3 91 91.9 92.3 92.4 92.2 92 91.3 91.1 90.5 89.5 89 88.3 87.7 87 85.9 84.4 83.3 82.5 81.5 80.5 79.3 78.5 77.6 76.1 75 73.8 72.5 71.4 70.3 69.2 68.2 67.1 65.7 63.9 62.2 60.3 58.7 58.6 58.1 57.1 55.1 53.8 52.4 50.2 48.3 47.9 47 47.4 47.9 48.7 49.5 50.7 52.3 52.4 52.2 51.8 50.6 49.1 48.1 47.2
82.1 82.8 83.7 85 85.8 86 81.2 84.6 86.4 86.1 85.9 84.8 83.2 81.3 79.2 77.3 74.8 77 84.1 84.4 81.7 86.5 85.9 87.1 88.9 89.4 90.6 91.7 92.5 92.7 92.2 92.5 92 91.4 91.1 90.6 89.9 89.2 88.4 87.7 87 86 85.2 84.3 83.3 82.3 81.1 79.2 77.8 76.5 75.1 73.8 72.5 71.3 70.3 69.1 67.6 66.1 64.6 63.3 61.7 59.6 58.1 56.4 55.8 53.4 51.7 51.7 51.6 52.7 52.1 50.8 50 48.3 46 45.9 46.5 48.2 49.8 50.8 50.8 50.4 49.2 48 47.4 46
79.4 79.9 81.2 83.6 84.4 83.5 79.1 81.7 84.3 83.2 83.5 83.3 81.4 78.9 76.8 74.9 72.6 74.7 77.6 78.6 81.1 87.4 85 85.9 88 86.1 87.1 90.9 92 92.6 92.4 92.9 91.9 91.3 90.8 90.6 90.2 89.5 88.8 88.1 87.7 86.8 86 85.2 84.3 83.1 81 78.9 77.4 76.1 74.8 73.6 72.4 71 69.5 67.9 66.4 64.9 63.4 62.1 60.8 58.9 57 55.9 54.8 55.5 55.6 55.7 55.3 55.5 54.6 53.5 52.3 50.4 47.8 44.2 45.5 45.8 47.2 48.3 49.4 49 48 46.7 46.7 44.8
77.2 76.9 78.1 80.9 82.5 80.1 76.4 79.5 82.5 80.5 80.2 81.2 79 77 75.2 72.8 70.6 73.2 76.3 79 82.5 86.5 84.5 84.5 86.2 83.3 83.8 86.1 89.5 90.9 92.7 92.2 91.3 90.7 90.5 90.3 90.1 89.7 89.2 88.5 88.1 87.5 86.2 85.2 84.1 82.8 80.7 78.5 76.9 75.7 74.5 73.2 71.9 70.5 68.8 67.1 65.4 63.8 62.3 60.9 59.5 58.1 56.2 56.5 57.3 58 58.2 57.4 56.9 57 55.8 54.3 52.5 49.8 47.6 46 43.2 44.2 45.6 47.3 47.7 48 46.1 46.4 45.2 43.4
74.9 74.2 77.2 80.9 79.8 76.7 74.5 77.7 80.4 78.2 77.3 77.9 76.9 75.4 73.7 71.2 69.6 72.5 77 81 84.8 87.6 84.8 82.2 84.7 80.1 80.9 82.5 85.9 89.6 91.7 91.5 90.6 90.3 90.1 89.9 89.7 89.5 89.1 88.4 87.7 87 85.8 84.3 82.9 81.9 80.3 78.2 76.6 75.2 74 72.7 71.4 70.1 68.4 66.7 65 63.3 61.6 60.2 58.7 57.6 58.1 58.8 59.4 59.4 59 58.3 57.6 56.5 55.1 54.2 52.1 49.3 47.6 46 43.2 41.5 44.1 44.9 45.4 46.4 43.5 44.5 43.7 42
72.5 73.8 77.7 78.5 76.6 72.8 72.8 76.3 78.1 75.5 75.2 75 73.9 73 72.3 70.7 68.6 71.7 76.6 80.1 84.9 86.1 83.8 79.1 80.2 76.9 79.7 84.1 87.5 89.9 92 91.5 90.8 90.7 90.4 90.2 90 89.7 88.6 87.8 87.1 86.2 84.6 83 81.7 80.8 79.9 77.8 76.1 75 73.5 72.2 71 69.6 67.9 66.2 64.5 62.8 61.2 60 59.1 59.3 60 59.9 59.7 59.6 59.1 58.5 57.5 55.8 53.8 52.7 50.8 48.1 46.3 44.4 42 40.7 41.3 42.2 43.1 43.2 42 41.7 40.9 40.1
70 72.4 76.1 76.2 74.5 71.2 71.3 74.8 76.2 74.7 73.2 72.3 71.5 71 70.3 68.2 66.2 71.1 75.7 78.6 82.5 83.6 81.8 77.3 75 76.7 82.4 86.8 89.2 90.8 91.6 91.2 90.9 90.3 90.9 90.7 90.5 89.2 87.9 87.2 86.2 84.8 83.4 81.8 80.7 79.8 78.9 77.5 75.7 74.8 73.5 72 70.5 69.2 67.4 65.8 64.1 62.4 61 60.1 60.5 60.8 61.1 60.5 59.9 59.7 59.3 58.4 57.3 55.5 53.1 50.8 49.2 46.8 43.4 43.7 42.8 41.9 41.7 40.9 40.2 40.2 40 39.4 38.6 37.9
68.7 71.6 72.9 73.9 72.4 70.2 68.7 73.2 74.6 72.6 71 70.1 69.7 69.2 68.2 65.7 67.1 71.3 74.9 77.8 79.7 80.2 78 74.6 73.7 79.6 84.7 88.9 90.5 91.8 91.7 91.3 90.9 90.4 90.6 90.5 89.9 88.7 87.3 86.2 84.8 83.4 82.1 80.6 79.6 78.7 77.8 76.9 75.3 73.8 73.4 71.9 70.4 69.1 67 65.3 63.6 61.9 60.7 60.8 61.3 61.8 61.6 61.1 60.6 60 59.2 58.1 57 55 52.6 49.8 47.7 44.4 45.8 46.2 45.2 44 42.7 41.6 40.4 39.3 38.9 37.9 37.5 37.3
68.6 69.9 70.2 70.7 69.9 67.3 67.8 72.1 73.7 72.1 70.1 68.5 67.9 67.3 65.7 64.1 67.8 72.4 73.9 75.2 75.9 76 74.1 71.8 76.2 82.8 87.2 90 90.7 91.3 91.5 90.9 90.4 89.8 88.9 88.6 88.1 87.1 86.4 84.9 83.4 82 80.6 79.4 78.5 77.6 76.7 75.8 74.7 73.3 72.1 72 70.5 68.5 66.7 65 63.2 61.6 60.5 61.5 61.8 62.1 61.5 61 60.5 59.8 58.9 57.5 56.1 53.8 52 48.8 48.7 48.6 48.6 48 46.8 45.5 44.2 43 41 39.5 38.7 37.8 37.1 36.4
67.1 67.3 67.9 68.2 66.2 63.8 66.7 70 71.7 71.4 70.3 68.1 66.8 65.8 64.2 62.8 67.9 71.4 71.3 71.9 72.4 71.4 70 71.7 77.6 83.1 87.2 89.5 90.3 90.3 90.5 90.3 89.4 88.5 87.2 86.6 86.1 85.4 85 84.1 82.5 80.8 79.6 78.6 77.4 76.5 75.6 74.9 73.6 72.4 71.4 71.5 69.8 67.8 65.8 64.1 62.5 61.8 62.1 61.8 62.2 62.1 61.4 60.8 60.3 59.3 58.3 57.5 54.4 52 49.4 50.6 50.9 50.5 50.4 48.6 47.8 46.9 45.6 42.3 41.7 40.9 40.1 39.1 37.9 37
66 65.7 64.6 65.1 63.3 62.6 65.6 67.7 69.4 70.7 70.3 68.4 66.5 65.1 63 60.9 64.9 67.7 67.8 68.8 69.9 72 72.2 74.5 79.2 83.7 86.6 88 88.7 89.1 89.5 89.2 88.1 87 85.8 83.6 83.1 82.8 82.9 83.2 81.6 79.9 78.9 77.9 76.2 75.3 74.2 74 72.8 71.7 70.7 70 68.3 66.5 64.8 63.5 63.5 63.5 63.3 62.9 62.5 62.1 61.4 60.7 59.6 58.5 57.3 57.5 54 53.8 53 53 52.7 52.3 51.4 49.3 48.5 47.3 44.8 43.2 43.1 42.3 41.5 40.3 39 37.9
65 63.6 61.7 61.6 61 61 63.4 65.1 67.1 69.3 68.7 67.7 66.1 64.3 62.1 60.9 61 63.7 64.5 67.8 70 72.1 74.2 76.2 79.4 82.2 85.2 86.4 86.9 87.3 87.8 86.7 85 84.2 82.3 80.4 79.3 79.9 80.5 81 80.7 79.1 78.2 77.3 76.3 72.3 72.8 73 72.2 71 70 68.5 67.1 66 65 64.3 64.5 64.5 63.7 63.3 62.7 61.3 60.5 59.7 58.8 57.7 56.6 56.2 54.2 53.8 55.7 55.3 55 54 52.2 49.9 48.9 47.5 45 44.6 44.3 43.8 42.7 41.5 40.1 38.5
61.3 61 59.2 59 59.2 58.9 60.8 63.2 66.3 67.8 67 66 64.5 63.4 62.1 60.9 59.7 60.8 64.1 67.5 70.8 73 75 76.8 79.5 81.2 83.4 84.2 84.8 85.6 86.1 84.6 82.5 80.6 79.3 78 77 77.1 78.3 78.7 79 78.4 77.4 76.5 75.6 73.9 73.3 72.6 71.6 70.4 69.7 68.7 67.6 66.6 65.6 65 65.4 65 64.1 63.6 62.5 60.8 59.5 58.6 56.9 56.6 54.8 55.5 55.7 56 57.1 56.5 55.2 54.3 52.7 50.7 48.6 48 46.8 46.2 45.7 45.2 43.9 42.5 41.1 42.2
59.4 58.6 58.7 58.4 57.8 57.8 59.1 62.6 66.2 65.5 64.7 63.8 62.5 62.3 61.2 60 59.4 61 63.8 67.1 70.5 73.8 75.9 77.5 79.7 80.9 81.4 80.8 81.4 82 82.7 82 81.3 79.4 77.4 76 74.2 75 76.1 76.6 77.3 77.2 76.5 75.6 74.8 74.5 73.7 73.1 71.9 70.9 70 69.1 68.1 67.2 66.2 65.8 66.2 65.2 64 63.4 62 60.5 59.9 59.2 58.6 57.9 57.4 58.1 57.5 57.3 58.1 56.1 55 53.6 52 51.4 50.7 49.6 48.9 48.3 47.6 46.1 44.9 43.6 42.2 40.4
60.4 59.2 59.1 58.7 57.5 56.8 57.1 60.4 63.4 62.6 61.8 61.1 60.4 60.6 59.6 58.7 58.5 61.7 64.2 67.1 70.3 73.5 76.7 78 79.8 78.3 77.7 77.5 78 78.6 81.4 81.6 80.8 79.7 77 73.9 71.8 70.9 72.9 74.9 75.6 75.3 74.9 74.4 73.8 73.4 73 73.8 72.7 71.6 70.7 69.9 68.8 67.8 66.8 66.4 66 64.4 63.7 63.3 62.5 61.7 61.1 60.3 59.9 59.3 59.2 58.9 58.4 58.1 57.3 56.4 55.4 54.3 53.8 53.1 52.8 51.8 51.1 49.8 48.4 46.9 45.6 44.6 42.9 41.4
61.5 59.8 59.4 59 58.1 57.5 56.5 56.9 59 59.2 58.8 58 58.3 58.9 58.1 57.2 59.1 62.4 65.6 67.2 70.4 73.6 76.5 77.7 77.4 75.7 74.5 74.4 74.8 76.8 78.9 78.5 78 77.1 75.7 74.7 68.4 67.3 69.9 72.2 72.5 72.2 71 72.2 71.7 72 72.4 72.9 72.7 72.4 71.4 70.6 69.8 68.7 67.7 67.4 66.6 65.7 64.8 63.9 62.7 60.3 60.8 61.5 61.2 61.5 60.3 59.9 59.5 58.8 58.1 57.6 56.8 56 55.4 55.1 54.3 53.2 52.1 50.8 49.3 47.7 46.2 45.2 43.9 42.2
61.5 60.3 59.9 60.1 59.7 59.2 57 56 55.9 55.4 55.5 55.9 56.8 56.7 56.1 55.8 59.8 63.1 66.4 69 70.4 73.4 75.1 75.1 74 73 71.5 71.5 71.9 74.5 76.6 76.3 75.1 74.2 74.2 72.9 69.4 65.2 66.8 69.3 69.8 70.5 68.7 70 70.7 71.1 71.8 72 71.8 71.8 72 71.6 70.5 69.4 68.8 67.8 67 66.1 65.2 64.3 63.5 63 62.9 62.3 61.7 61 60.8 60.4 59.8 58.8 58.5 58.3 58 57.7 56.9 56.6 55.3 54.1 53 51.7 50.2 48.8 47.1 43.2 42.8 41.7
61.6 61.5 62.6 62.1 61.5 60.6 59.8 57.2 56.4 55.8 55.3 55.4 55.1 54.1 54 55.2 60 63.7 67 70.2 71.5 72.2 73.1 73 72.4 71.5 69.6 68.1 69.6 74.7 75.1 74 72.4 71.8 71.6 71.7 68.5 65.3 63.7 66 67.7 68.8 66.5 67.1 67.8 68.7 70.2 71.3 71.7 71.8 72.2 72.2 71.1 70.3 69.2 68.2 67.3 66.5 65.6 65 63.9 63.1 62.9 62.2 61.6 59.5 59.1 60.9 60.1 59.3 59 59 58.8 58.3 58.3 57.6 56.1 55.1 54 52.7 51.1 49.7 47.2 46.2 44.2 42.7
62 64.6 65.4 64.1 63 61.7 59.9 58.5 58.2 57.6 56.8 56.4 55.6 54.2 53.3 54.6 59.5 63.9 66.3 69 69.9 70.5 70 70.2 70.2 69.3 67.2 65.5 69.2 70.8 71.2 70.8 69.7 69.5 68.3 68.3 68 65.2 62.2 62.5 65.2 67.6 64.7 64.4 64.9 66.3 68.3 69.7 70.9 71.9 72.3 71.9 71.5 70.7 69.7 68.6 67.7 67 65.9 64.8 63.7 63.2 62.9 62.4 60.2 61 60.7 60.6 59.9 59.8 59.2 59.6 59.4 59.7 60.4 58 57.1 56.1 54.9 53.8 52 50.3 45.5 47.4 45.9 43.9
63.8 65.9 65.3 64.7 63.5 61.7 60.2 60.2 60.1 59.4 58.5 57.5 56.4 55.3 54.4 55.7 55.5 59.3 64.2 66.1 66.9 67.9 66.6 66.5 67.1 65.6 64 64.5 67.6 67.7 67.7 68 65.6 67.6 66.5 65.9 66.3 64.1 61 60.5 64.1 65.1 63 60.9 62.3 64.5 67 68.2 69.6 71.6 72.1 71.8 71.5 71.1 69.8 68.9 67.9 66.8 65.7 64.6 63.5 63.2 62.9 62.4 61 60.4 60.1 59.6 59.3 59.7 59.6 59.1 59.6 60.6 58.9 59.8 60.5 59 57.6 55.5 53.3 46.2 49.8 48.4 46.6 45.2
65.5 66.3 65.7 64.4 62.8 61.5 62.6 63.1 62 61.1 60.2 59.2 57.9 56.9 56.2 54.9 55.3 56.4 60.1 61.4 63.1 65.3 64.2 63.2 63.4 62.6 60.9 63.3 65.2 64.5 63.8 63.3 62.6 65.1 65.5 63.9 63 62.3 58.7 57.4 61.6 61.8 59.8 57.8 60.2 63.2 65.5 66.8 68.8 70.7 72.1 71.9 71.5 71.1 68.7 69.3 67.9 66.6 65.5 64.4 63.4 63.2 63 61.7 60.5 59.8 59.5 57.6 55.6 55.9 57.2 59.4 61.5 62.5 61.3 58.4 57.6 56.2 55.3 53.9 52.2 47.3 49.1 47.5 45.9 44.5
68.3 66.7 65.8 64.2 63.8 63.3 63.8 64.5 63.8 62.8 61.9 60.8 59.5 58.2 57.3 56.2 55 52.5 55 57.7 59.1 61 62.9 60.5 59.6 59.1 58.4 60.2 61.4 61.4 59.8 60 61 63.1 63.2 60.8 61.2 59.8 56.8 54.8 57.4 58.1 57.2 56.2 58.1 61.8 64 65.9 67.6 70 71 71.9 71.3 70.6 70 68.9 68.2 66.7 65.3 64.3 63.2 63.2 63 61.2 60.5 60 58.5 54.4 54.8 55.9 57 61.8 60.9 58.7 58.8 58.8 57.6 56.1 54.9 53.5 44.4 50 48.7 47.1 45.4 43.8
