webserver/python/data/TL81.asc
ncols 200
nrows 200
xllcorner 580000
yllcorner 210000
cellsize 50
[rows 38 to 75 of 200, columns 0 to 85 of 200]
43.1 44.7 46.2 47.4 48.2 48.7 49.1 49.3 49.6 49.6 49.2 48.6 48.1 47.5 47 47.1 47.9 48.8 48.8 48.8 49 49.2 49.1 49.2 49.7 50.2 50 49.9 49.8 49.7 49.6 49.5 49.4 49.3 49.2 49.1 48.8 48.7 48.3 48.4 48.8 48 47.3 46.5 45.7 45 44.3 43.4 42.6 42.3 40.4 40.1 39.8 39.5 38.9 37.9 36.8 35.9 33.5 31.6 29.7 28.9 28.7 31.3 33.5 35.5 37.3 38.7 40.2 41.1 41.4 41.2 40.7 39.5 38.8 38.2 37.6 36.9 36.3 35.7 35.4 34.8 35.2 35.5 35.7 35.9
43.2 44.3 46.1 46.9 47.6 48.3 48.9 49 48.9 48.7 48.3 47.7 47.2 46.7 46.2 47.2 48 48.8 48.5 48.5 48.7 48.9 49 49.3 50.1 50.2 50 49.9 49.8 49.7 49.6 49.5 49.4 49.3 49.2 49 48.8 48.7 48.3 48.3 48.1 47.3 46.6 46 45.4 44.6 43.5 42.6 42.1 41.6 39.3 39 38.5 38 37 36.7 36.1 34.9 32.7 30.9 29.1 28.2 28.6 31.2 33.8 35.4 37.3 38.8 40 40.7 41.2 41 39.9 39.3 38.7 38 37.4 36.8 36.1 35.5 34.8 34.5 34.7 35 35.2 35.4
42.7 44.4 45.5 46.4 47.1 47.8 48.4 48.4 48.1 47.4 47.1 46.9 46.5 46 46 47.2 48.1 48.6 48.3 48.2 48.4 48.6 49.1 49.8 50.4 50.2 50 49.8 49.7 49.6 49.5 49.4 49.3 49.1 48.8 48.6 48.1 48 48.2 48.1 47.4 46.8 46.3 45.7 45.2 44.2 43.1 42.1 41.1 40.2 38.2 37.4 36.7 36.4 35.1 34.8 34.5 33.8 31.3 29.5 28.2 27.9 28.9 31.2 33.8 35.8 37.3 38.9 39.6 40.3 41 40.4 39.8 39.1 38.5 37.9 37.2 36.6 35.9 35.2 34.4 33.9 34.2 34.5 34.7 34.9
42.4 43.6 42 45.4 45.3 46.3 47.4 47.4 46.8 46.1 45.7 45.5 45.3 45.2 46.5 47.4 48.4 48.3 48.1 47.9 48.3 49 49.5 50 50 50.1 49.9 49.8 49.7 49.6 49.4 49.1 48.9 48.6 48.4 48 47.5 47.3 47.5 47.6 47.2 46.6 46 45.5 44.9 43.9 42.7 41.5 40.6 39.6 38.3 36.6 36.3 35.8 34.7 33.2 32.6 30.6 29.8 28.3 27.9 27.7 29.4 31.6 33.8 36.1 37.7 38.9 39.5 40.1 40.2 40.1 39.7 39 38.4 37.8 37.1 36.5 35.7 34.9 34.1 33.5 33.7 34 34.2 34
41.3 42.5 43.6 41.9 43.8 44.4 45.9 46 45.6 44.8 44.3 44.1 44.9 46.3 47.3 48 48.3 48.1 47.9 47.7 48 48.5 49 49.4 49.3 49.6 49.9 49.6 49.4 49.2 48.9 48.7 48.4 48.2 47.8 47.4 46.9 46.5 46.8 46.4 46.7 46.4 45.8 45.2 44.7 43.5 42.3 41.1 40.1 38.9 38.5 38 37.4 37 35.5 34.4 33.2 31.1 29.7 29 28.1 27.3 30 32.1 34.3 36.3 37.9 38.8 39.1 39.3 39.3 39.1 39 38.8 38.4 37.7 37.2 36.6 35.8 35 34.2 33.9 33.8 33.8 33.7 33.2
40.3 41.4 42 42.6 42 43.4 44 44.2 44.3 43.6 43.7 44.7 46 47 47.8 48 48.3 48.1 47.7 47.4 47.5 48 48.4 48.7 48.8 49.2 49.6 49.2 49 48.7 48.5 48.2 48 47.7 47.2 46.7 46.3 45.8 46.1 45.5 45.6 45.7 45.6 45 44.3 43.1 41.9 40.7 39.6 39.2 39.2 39.3 38.8 38.1 36.6 35.8 34.6 33.2 31.5 29.9 28.3 26.8 29.4 32.4 34.6 36.4 37.6 38.1 38.3 38.5 38.4 38.2 38.1 37.9 37.8 37.7 37.2 36.6 35.9 35.1 34.3 34.2 34.1 34.1 33.5 32.9
39.4 40.1 40.7 40.9 40.8 41.4 42.1 42.2 42 42.9 44.7 45.9 46.7 47.5 48 48.1 48.2 47.8 47.4 47.1 47.3 47.5 47.9 48.1 48.5 49.1 49.3 48.9 48.5 48.3 48.1 47.8 47.5 47.1 46.6 46.1 45.7 45.2 45.4 44.5 44.5 44.6 44.8 44.8 43.9 42.7 41.5 40.3 40.3 40.3 40.2 40.1 40.1 39.3 38.5 37.7 36.6 34.8 32.3 30.4 28.4 26.7 29.1 31.9 34.3 36 36.7 37.3 37.6 37.6 37.5 37.3 37.2 37.1 37 37 37.1 36.7 35.9 35.2 34.5 34.5 34.4 33.9 33.4 32.8
38.3 38.9 39.5 39.9 39.6 39.3 41.7 40.2 41 43.4 45.5 46.3 47 47.8 47.9 48.1 48 47.5 47.1 46.9 47 47.1 47.3 47.9 48.4 49 49 48.6 48.2 47.9 47.6 47.4 46.9 46.4 46 45.5 45 44.6 44.2 43.6 43.3 43.5 43.7 44 43.4 42.1 41.3 41.4 41.3 41.3 41.3 41.2 41 40.1 39.2 38.5 37.7 35.4 33 30.9 28.6 26.7 28.6 30.9 33.8 35 35.9 36.6 36.9 36.7 36.5 36.5 36.4 36.3 36.3 36.4 36.5 36.7 36 35.2 34.8 34.8 34.3 33.8 33.2 32.6
36.8 37.6 38.1 38.6 38.6 38.1 37.5 42.1 41.3 43.5 45.5 46.2 46.9 47.4 47.7 47.8 47.6 47.2 46.8 46.6 46.3 46 46.8 47.7 48.3 48.8 48.7 48.3 47.9 47.5 47.2 46.8 46.3 46 45.7 45.5 45.2 44.9 45.8 44.7 43.8 43.3 43.3 42.6 42.4 42.3 42.5 42.6 42.5 42.4 42.4 41.9 41 40.1 39.3 38.5 37.5 35.9 33.2 30.8 28.7 26.6 27.6 29.8 32.3 33.8 34.9 35.7 36 35.9 35.8 35.8 35.7 35.6 35.7 35.8 36 36.2 36.1 35.3 35.1 34.7 34.1 33.6 33 32.5
34.9 36 36.5 36.8 36.8 35.4 35.3 38.1 42.1 43.8 45.2 45.8 46.5 47 47.5 47.6 47.3 46.9 46.3 45.2 44.5 45.1 46.1 47.1 48 48.7 48.4 48 47.7 47.5 47.3 47.2 46.9 46.7 46.4 46.1 45.8 45.5 46.9 46.6 45.5 44.9 44.2 43.6 43.4 43.4 43.6 43.7 43.6 43.5 43.3 41.9 41 40.1 39.3 38.5 36.9 35.6 32.9 30.3 28.7 26.9 26.6 28.7 30.4 32.2 34 34.8 35.2 35.2 35.1 35 35 35 35.1 35.3 35.5 35.7 35.9 35.4 35.1 34.5 34 33.4 32.8 32.2
32.6 34 34.8 34.9 34 32.5 35.4 38.3 40.9 43.2 44.6 45.6 46.1 46.6 47.1 47.4 47 46.2 45.5 44.4 44.1 44.9 45.9 46.8 47.7 48.4 48.4 48.2 47.9 47.7 47.6 47.6 47.6 47.3 47 46.7 46.4 46.6 47.8 47.5 47.1 46.2 45.2 44.2 44 43.7 43.6 43.6 43.8 44 43.9 42.2 40.9 40.1 39.3 38.5 37.2 35.8 33.2 30.8 28.9 27.4 25.6 27.1 29 30.8 32.8 33.9 34.4 34.4 34.4 34.3 34.3 34.4 34.6 34.8 35.1 35.3 35.5 35.4 34.9 34.3 33.7 33.1 32.5 31.9
29.6 32.6 32.8 32.2 30.7 32.6 36.3 38.5 40.1 41.7 43.8 45.3 45.8 46.2 46.7 47 46.9 46.3 45.7 48.5 44.1 45 45.9 46.8 47.4 47.9 48.5 48.3 48.1 48 47.9 47.8 47.8 47.8 47.6 47.3 47 47.8 47.8 47.6 47.3 46.8 45.8 44.8 44.4 44 43.6 43.6 43.8 43.7 43.4 42.5 41 40.1 39.4 38.5 37.3 35.9 34.1 31.5 29.2 27.8 25.9 25.5 27.4 29.4 31.5 33 33.6 33.7 33.6 33.6 33.7 34 34.2 34.5 34.7 35 35.2 35 34.5 33.9 33.3 32.7 32.2 31.6
27 29.2 29.9 29.4 29.7 33.9 35.9 37.7 39.3 40.9 41.1 44.3 44.8 45.7 46.2 46.4 46.2 46.5 44.7 44 44.7 45 45.8 46.4 46.9 47.5 48 48.5 48.4 48.3 48.2 48.1 48.1 48.1 48.1 48 47.7 48.1 48 48 47.5 47 46.4 45.4 44.8 44.3 43.7 43.6 43.6 43 42.4 41.5 40.7 41.1 39.9 38.8 37.4 35.8 34.2 31.9 29.6 28.2 27.1 25.6 25.9 28 30.3 32 32.1 32.3 32.4 33.1 33.4 33.7 33.9 34.2 34.4 34.7 34.8 34.5 34 33.5 33 32.4 31.8 31.3
24 25.8 26.3 25.6 29.9 33.7 35.2 36.9 38.5 39.8 41.9 42.7 43.3 44.6 45.5 47 46.4 43 40.6 40.6 43.9 50.1 46.5 46.1 46.5 47.2 47.9 48 48.5 48.6 48.5 48.4 48.4 48.4 48.4 48.4 48.4 48.4 48.4 48.2 47.6 47.1 46.6 46 45.2 44.6 43.9 43.5 43 42.5 42 41.3 40.6 40.4 39.5 38.3 37.4 36.6 34.5 32.5 30.2 28.5 27.8 26.5 25.6 26.7 29.3 30.3 30.8 31.1 31.7 32.5 33.3 33.5 33.7 33.9 34.2 34.3 34.4 34.1 33.6 33.1 32.6 32.1 31.5 31
23.2 23.3 23.4 26 29.9 33.5 34.5 36 37.4 38.8 40.4 41.9 43 44.7 45.5 42.4 37.7 36.2 41.1 40.6 43 43.8 44.5 45.5 46.1 47.1 47.3 47.3 47.8 48.3 48.8 48.7 48.7 48.7 48.6 48.5 48.6 48.7 48.8 48.3 47.8 47.2 46.7 46.2 45.7 44.6 43.9 43.3 42.5 42 41.5 41 40.5 39.8 39 37.8 36.8 36.4 33.7 31.8 30.3 28.9 27.9 26.5 25.5 25.5 26.8 28.2 29.1 30 31.3 32 32.8 33.3 33.5 33.7 33.8 33.9 34 33.6 33.1 32.6 32.1 31.6 30.9 30
23.8 23.7 22.1 24.2 27.6 30.8 32.9 34.6 36 37.3 39.3 41.1 39.8 44.2 45.5 41.9 35.1 36.4 38 40.6 42.1 43.2 44.2 46.4 46.1 46.7 46.6 46.7 47.1 47.6 48.1 48.7 48.8 48.6 48.6 48.7 48.8 48.9 48.6 48.2 47.9 47.4 46.8 46.3 44.9 44.2 43.7 43.1 42 41.5 41 40.5 39.4 39.1 38.4 37.4 37.5 35.3 33.4 32.4 31.2 30.2 29.2 27.9 26.3 25.9 25 26.4 27.4 28.5 30.1 31.6 32.4 32.7 33 33.3 33.4 33.5 33.6 33.1 32.6 32.1 31.6 31.2 30.5 29.5
25.8 23.7 21.8 22 24.9 28.2 30.7 32.1 34.4 36.9 38.6 40.4 42.3 43.3 44.8 44.1 34.4 34.4 35.4 37.9 40.8 43.1 44.4 44.7 45.7 46.1 46.1 46 46.4 46.9 47.7 48.7 49 48.9 48.7 48.8 48.9 48.7 48.3 48 47.6 47.3 47 46.2 45.4 44.5 43.7 42.9 42.2 41 40.3 39.6 37.9 37.3 37.3 36.6 35.8 34.1 33.6 33.7 32.6 32.1 30.6 29 27.4 25.9 25 25 25.6 27 28.6 30.3 32 32.4 32.8 32.9 33 32.9 32.8 32.4 32 31.6 31.2 30.7 29.9 28.5
27.5 25.7 23.3 22.5 23.3 26.2 28.5 31 34 36.2 38 39.8 41.5 39.6 43.8 45.3 37.4 40.8 40.6 39.8 40.7 42.1 43.3 44.5 45.2 45.4 45.2 45 45.3 46.4 47.4 48.5 49.4 49.1 48.8 48.9 48.9 48.5 48.1 47.7 47.4 47 46.7 46.2 45.4 44.6 43.8 43 42.2 40.9 41.1 40.1 36.9 38.5 37.7 36.8 36.1 35.6 35.4 35.1 34.1 33.3 31.6 30.1 28.6 27.7 26.7 25.8 25 25.2 27.4 29.1 31.3 32.3 32.2 32.2 32.1 32 31.8 31.7 31 30.7 30.3 30 28.7 27.3
28.1 26.4 24.3 22.7 21.9 25 29.8 32.4 34.5 35.4 37.1 38.9 40.6 42 42.8 44.2 42.4 34.2 44.2 40.8 40.7 40.7 42.3 43.2 43.8 42.8 43.9 43.9 44.3 46 46.7 47.5 48.3 49.1 49 49 48.6 48.3 47.9 47.5 47.1 46.8 46.4 45.9 45.3 44.5 43.6 42.8 42.1 40.8 40.9 41.1 39.9 39.2 38.5 37.9 37.5 37 36.5 36.1 35.2 34.2 32.7 31.1 29.7 28.9 28.1 26.7 24.6 24.4 26.2 28 29.5 31.4 31.4 31.4 31.2 31 30.8 30.8 30.4 29.7 29.1 28.3 27.3 26
27.7 26 24.2 22.7 22.2 25.7 29.7 31.9 33 34.4 36.1 37.9 39.4 40.8 39.6 43.2 43.8 39.6 38 37.7 41.2 41.1 41.6 42.4 42.7 42.7 42.9 44.4 46.1 47.6 46.8 47.4 47.9 48.5 49 48.8 48.4 48 47.6 47.3 46.9 46.5 45.9 45.5 44.9 44.3 43.5 42.6 42 40.8 40.4 40.5 40.3 39.5 38.9 38.1 37.7 37.2 36.8 36.4 35.6 34.7 33.6 32.1 30.8 30 29.1 27.2 25.1 23.7 25.5 27 28.2 29.8 30.6 30.4 30.2 30 29.8 29.8 29.3 29.4 28.2 26.7 25.7 25
26.5 25.6 24.2 23 22.5 25.2 28.7 30.8 31.4 33.3 35.1 36.7 38.1 39.4 40.8 41.9 42.9 44.3 40.4 41.5 42.1 40.8 41.2 41.6 41.4 42.3 42.9 44.2 45.8 47.3 47.1 47.7 48.2 48.6 48.8 48.4 48.1 47.7 47.3 46.9 46.6 46 45.1 44.7 44.3 43.9 43.3 42.5 41.9 41.2 40.6 40.5 40.6 39.9 39.1 38.4 37.9 37.4 37.1 36.6 35.9 35.1 34.2 33 32 30.9 29.8 27.7 25.4 23.5 25 26.4 27.9 29.3 29.8 29.3 29.2 29 28.9 28.8 29 27.5 26.6 25.7 24.3 24
28.7 28.5 26.2 23.8 22.5 24.4 27.5 29 29.8 32.3 34 35.4 36.8 38.2 39.2 40.2 42.2 42.8 43.6 43.4 40.9 38.2 39.4 40.3 39.8 40.9 42.6 43.6 45.2 46.7 47.4 47.9 48.2 48.4 48.4 48.1 47.7 47.4 47 46.6 46 45.2 44.3 43.7 43.4 43 42.6 41.8 42 41.7 41.4 41 40.6 40.1 39.6 38.6 37.9 37.6 37.4 36.8 36.2 35.5 34.6 33.3 32 31.4 29.9 27.6 25.3 23.7 24.2 25.9 27.3 28.6 28.8 28.9 28.3 27.7 27.6 27.5 26.8 26 24.9 23.9 22.9 23
32 30.3 27.5 24.8 22.7 23.7 26.3 27.9 29.2 31.1 32.8 34.2 35.6 37 37.7 39.5 38.3 42 42.7 41.9 39.6 37.6 37.5 38.8 40.6 41.2 41.9 43.3 44.6 46.1 46.9 47.4 48 48.3 48.1 47.8 47.4 47.1 46.7 46 45.2 44.3 43.5 42.8 42.5 42.2 41.4 41.4 41.9 41.3 40.7 40.1 40.2 39.8 39.3 38.8 40.6 40.3 37.7 37.1 36.6 35.8 34.3 33 32.9 31.5 29.7 27.6 25.4 23.8 23.3 25.2 26.8 27.6 27.8 28 28 27.5 26.7 25.9 25.6 24.9 23.7 22.6 22.2 23.1
33.1 31.3 28.3 25.5 23.4 22.5 24.5 26.9 28.6 29.8 31.5 33 34.4 35.5 36.9 38.7 40.3 40.8 41.3 40.5 39.3 37.8 35.9 38.7 41.1 41.6 41.8 42.9 44.5 45.5 46.5 47 47.5 47.7 47.6 47.5 47.1 46.7 46 45.2 44.4 43.5 42.7 41.9 41.5 41.1 40.5 40.9 41.1 40.5 39.9 39.7 39.8 39.5 39 38.5 38.4 38.4 37.9 38.4 36.9 35.8 34.1 33.9 33.2 31.5 29.4 27.4 25.4 24 23.5 23.8 26.3 26.6 26.8 27 27.2 26.9 26 25.3 24.5 23.8 22.7 21.4 21.6 23.2
34.1 32.3 29.3 26.3 24 22.5 22.8 25.2 26.9 28.2 29.9 31.6 33.2 34.7 36.5 38.3 39.6 37.1 40.1 40 39.9 37.4 35.1 36.8 39.1 41 41.5 43.2 44.3 44.9 46.2 46.6 47.1 47.2 47 46.9 46.5 46.1 45.4 44.5 43.7 42.8 42 40.7 40.4 39.3 39.6 39.9 40.2 39.6 39.2 39.3 39.4 39.2 38.7 39.5 38.5 38.7 38.6 37.6 36.6 35.6 35.1 34.1 33.1 31.5 30.1 28.2 26.6 24.6 24 23.6 24.1 25.2 25.5 26.2 25.2 25.2 25.1 24.1 23.2 22.5 21.5 20.4 20.5 22.3
35.2 33.7 30.7 27.6 25 24.2 23.2 23.3 25.1 26.5 28.2 29.8 32.2 34.2 35.9 37.2 38.4 39 39 39.2 38.4 36.6 34.3 35.3 37.1 39.7 42.2 43.4 44.1 44.7 45.7 46.3 46.7 46.6 46.4 46.2 45.9 45.4 44.7 43.9 43.1 42.5 41.7 39.8 39.1 38.5 38.6 38.9 39.3 38.7 38.8 38.9 39 38.9 39.8 38.4 38.7 38.2 38.1 37.5 36.3 35.5 35 34.5 33.6 32.3 30.4 28.8 28 25.9 24.5 23.7 22.5 23.6 25.9 24.1 23.2 22.8 22.9 22.6 21.9 21.2 20.4 19.9 19.1 21.3
36.5 34.9 32.1 28.9 26.7 25.4 24.2 23 23 24.5 26.5 28.8 31 33.3 34.6 35.9 37.2 37.8 37 38.1 36.7 35.2 33.6 35.2 37.3 39.7 42 43 43.8 44.5 45.1 45.9 46.1 46 45.8 45.6 45.2 44.8 44.1 43.5 42.8 42.1 41.4 40.2 39.2 38.3 37.6 37.9 38.3 38.3 38.4 38.5 38.6 38.5 38.4 38.3 39.6 37.7 37.9 37.4 36.4 35.4 35 34 33.5 32.8 31.9 29.7 27.7 27.1 25.8 23.7 22.2 25.9 22.5 22.3 21.8 21.7 21.7 21.4 21 20.6 20.5 19.9 20.9 20.4
37.3 35.9 33.8 30.9 28.5 26.8 25.1 23.8 22.7 21.8 24.8 27 29.4 32 33.6 34.8 36 36.6 36.9 35.9 35 33.7 33.7 35.9 37.9 40.3 41.4 42.4 43.3 44.1 44.9 45.6 45.5 45.3 45.2 45 44.6 44.2 43.9 43.2 42.5 41.9 41.2 40.3 39.4 38.5 37.6 37.2 37.7 37.9 37.3 37.3 37.5 38 38.3 38.2 37.5 37.3 37.1 36.9 36.2 35.3 34.6 33.9 33.5 32.7 31.9 30.9 28.4 27.4 27 25.7 25.7 23.1 22.8 22.8 22.5 22.1 21.7 21.4 21.1 21.1 20.7 20.9 20.5 19.9
37.9 36.7 35.2 33.2 30.7 28.7 27 25.2 23.5 22.1 22.3 25.3 27.9 30.5 32.6 33.7 34.8 35.6 34.7 33.4 32.2 31.5 34 36.3 38.6 39.7 40.8 41.9 42.7 43.5 44.4 45 44.7 44.5 44.3 44.2 43.8 43.4 42.6 42.5 42.1 41.6 41 39.8 39.1 38.4 37.9 36.9 36.9 37.2 36.8 36.2 36.6 36.9 37.3 37.6 37 36.6 36.3 36.1 35.9 35.3 34.5 33.9 33.3 32.6 31.7 30.1 29.5 28.5 27.7 27.5 25 23.8 23.1 23.2 22.8 21.9 20.4 21.3 21.5 21.5 21 20.4 19.9 19.4
37.8 36.4 34.9 33.5 32.9 30.6 28.8 26.7 24.7 23.1 21.3 23.7 26.1 28.8 31.3 32.5 33.7 33.5 32.5 31.4 33.4 31.1 35 36.7 38.1 39.2 40.2 41.3 42.1 42.9 43.5 44.2 43.8 43.5 43.4 43.3 41.7 41.8 42 42.2 41.7 41.3 40.2 39.5 38.9 38.2 37.5 37.1 35.5 36.1 35.5 35.9 36.2 36.5 36.8 37 36.3 35.8 35.6 35.3 35.1 34.8 34.5 33.9 33.2 32.5 31 29.7 28.9 29.4 27.3 26.9 25.6 24.7 24.2 23.8 23.4 23 22.9 16.4 22.2 21.9 21.6 20.8 20.2 19.7
37.3 36.3 33.6 33.3 33.2 31 29.3 27.1 24.9 23.2 21.5 22.8 24.2 27.5 29.6 31.3 31.8 31.4 30.4 29.5 28.3 35.4 34.9 36.2 37.5 38.6 39.8 40.6 41.2 41.9 42.6 42.5 42.2 42.6 43.5 42.8 41.4 41.8 41.8 41.8 41.3 40.4 39.6 39 38.3 37.7 37 36.3 34.9 34.9 35 35.5 35.8 36.1 36.3 36.5 35.8 35.1 34.8 34.5 34.2 33.9 33.6 33.3 33.1 31.9 30.6 29.3 28.1 27.5 28.1 26.8 25.7 25 24.4 24.3 24.3 24.8 23.7 23.7 21.7 21.8 21.6 21.3 20.7 20.1
36.8 35.3 33.8 33.5 32.3 30.4 28.5 26.2 24.2 22.3 21.4 21.8 22.8 25.8 28 29.6 29.6 29.3 27.8 27.4 30 33.9 34.9 35.8 37 38.1 39.1 38.9 39.6 40.1 40.7 40.6 40.5 41.4 42 42.2 41.3 41.1 41.2 41.2 40.9 39.4 39 38.4 37.8 37.1 36.5 35.6 34.2 34.1 34.7 35.2 35.4 35.7 35.8 35.9 35.5 34.8 34.2 33.7 33.4 33.1 33 32.8 32.1 30.9 29.7 28.7 27.7 27.2 26.7 26.1 25.7 25.2 24.7 24.2 23.9 24.2 24.4 23.5 17.6 21.2 21.4 21.5 21.1 20.5
35.5 33.8 33.4 31.5 29.7 28.2 26.5 25.1 23.7 23 22.2 21.5 21.7 23.6 25.8 27.1 27 26.1 25.6 28.3 31.7 33.2 34.1 34.6 36.1 37.1 37.3 37.6 38 38.9 39.6 39.7 40 40.5 40.6 40.8 41.3 40.9 40.3 40.3 40.4 39.2 38.4 37.9 37.3 36.7 36.1 34.8 34.1 33.7 34.4 34.8 35 35 35.1 35.2 34.9 34.5 33.8 33.2 32.9 32.7 32.5 32.2 31.1 29.9 28.6 27.5 26.7 25.9 25.4 24.6 24.5 24.1 24.3 24.1 23.8 23.8 24.1 24 19.7 21.6 21.5 21.4 21.3 20.9
32.1 30.9 29.8 29.5 29.4 27.9 26.5 26.4 25.4 25.4 24.6 22.9 21.1 22.2 23.5 24.2 24.1 23.3 26.8 29.1 31.3 32.3 33 33.7 34.5 35.7 36.3 36.6 37.2 37.5 38.1 38.6 39 39.6 40.6 40.5 40.3 40.5 40.2 39.7 39.8 38.7 38 37.8 37.2 36.1 35.6 34.2 33.2 33.3 33.9 34.4 34.5 34.6 34.7 34.8 34.4 34.2 33.4 32.7 32 32.2 32 31.2 30 28.9 27.9 26.7 25.4 24.6 23.8 23 22.9 22.9 23.5 23.7 23.3 23.7 24 24.1 21.1 21.6 22 21.9 21.9 21.3
32.3 32.3 31.2 31.1 30.8 30.2 28.2 26.9 27.1 27.3 26.6 24.9 22.5 21.5 21.2 21.5 22 23.3 26.1 28.1 29.8 30.8 31.5 32.4 33.5 34.2 35.1 35.3 35 36 36.6 37.2 38 39.1 40.2 40.1 40 39.9 39.9 39.9 39.7 39.2 38.7 37.8 37.6 36.5 35.1 33.9 32.5 32.4 33.2 34 34.3 34.6 34.7 34.4 34.1 33.9 33.1 32.3 31.5 30.8 31.1 30.1 28.9 28 27 25.7 24.4 22.9 22 21 20.3 20.6 22 22.2 21.6 21.8 22.4 22.2 19.4 19.4 20.8 22.2 22.4 21.5
35.8 35 34.3 33.8 34.1 32.1 30.2 29.2 29.6 29.4 28 25.9 23.9 22.5 21.2 21.2 21.3 21.1 23.7 25.4 27.3 28.8 30 30.8 32 33.2 33.8 33.7 33.8 35 35.9 36.8 37.7 38.6 39.8 40.5 39.8 39.7 39.6 39.6 40.3 39.9 39.4 38.2 37.3 36.2 35.4 34.3 32.5 31.6 32.6 33.6 33.9 34.2 34.5 34.4 33.9 33.6 32.7 31.7 30.6 29.5 28.5 28.2 27.7 27 26 24.7 23 21.4 20 19.1 18.5 20 18.3 19.8 20 19.9 20.2 19.2 18.1 18.5 19.6 21 22 21.6
37.9 37.1 36.7 36.1 35.5 34.2 32.8 31.7 31.9 30.5 29 27 25.3 23.8 22.2 20.5 20.2 20.3 20.7 21.4 24.6 26.7 28 29.2 30.8 31.9 32.7 31.8 32.8 34.5 35.5 36.6 37.3 37.9 38.9 39.4 40.1 39.2 39.2 39.7 40.6 39.5 38.7 37.8 36.6 35.6 35.2 34 32.3 30.9 31.9 33 33.5 33.8 34 33.6 33.4 32.8 31.9 30.8 29.8 28.7 27.8 27.5 26.6 25.9 24.8 23.3 21.8 20.3 18.7 18.3 18.1 16.6 16.4 17.3 17.5 17.7 17.8 17.4 17.2 17.5 18.8 19.8 20.7 21.7
39.2 38.8 38.4 37.9 37 34.8 34.2 33.4 32.9 31.4 29.9 28.5 26.8 25.2 24.5 23.5 21.4 20.4 20.1 20.3 20.6 24.4 26.3 28.1 29.1 29.8 30.5 32.1 32.7 34.1 35.5 36.2 36.8 37.3 38.1 38.7 38.4 38.7 38.8 39.1 39.4 38.3 37.7 36.9 35.9 35 34.3 33.4 31.6 30.3 31.3 32.5 33 33.2 33.4 33 32.6 32.1 30.8 29.9 28.9 27.9 27.3 25.8 24.9 24.1 23.6 22.6 20.8 19.3 18.2 17.3 17 16.6 16 14.9 15.6 16.4 16.8 16.9 16.8 16.9 18 19.1 20.2 20.8
