webserver/python/data/TL87.asc
ncols 200
nrows 200
xllcorner 580000
yllcorner 270000
cellsize 50
[rows 38 to 75 of 200, columns 86 to 171 of 200]
37.7 37 36.3 35.6 35.1 34.7 34 33.4 32.8 32.1 31.3 30.6 29.8 29 28.2 27.3 26.5 25.7 24.7 23.7 23.1 22.6 22.4 22.1 21.9 23.7 26.1 28.4 30.6 32.4 34.3 36.2 38.2 38.9 37.9 37 36.4 36.3 36.9 37.5 38.1 38.7 39.4 40.1 40.5 40.2 39.9 39.6 39.3 38.6 37.7 36.9 36.9 38.4 39.9 41.4 42.5 43.4 44.4 45.4 46.4 47.9 49.1 50.3 50.8 51.1 51.5 51.8 52 51.7 51.4 51.1 50.7 50 49.4 48.7 47.5 46.3 45.1 43.7 42.2 40.7 39.5 38.4 37.3 36.1
37.1 36.3 35.7 34.9 34.1 33.4 32.7 32.2 31.7 31 30.2 29.4 28.5 27.6 26.7 25.9 25.1 24.5 24.7 24.5 22.8 22.3 22.1 22.1 22.4 24.8 27.2 29.7 32.8 34.4 36.3 38.1 40 40.6 39.7 38.8 38.5 38.2 38.6 39.1 39.8 40.4 41.2 41.9 42.3 42 41.8 41.5 41.2 40.5 39.6 38.8 38.7 39.9 41.4 42.9 44.1 45 46.1 47.1 48.1 49 50.2 51.4 51.9 52.2 52.6 52.7 52.4 52.1 51.8 51.4 50.9 50.2 49.6 48.8 47.6 46.4 45.1 43.6 42.1 40.7 39 37.5 36.2 35
35.9 35.2 34.6 33.4 32.2 32 31.4 30.8 30.2 29.8 29 28.1 27.3 26.3 25.4 25.1 24.9 25.2 25.4 24.8 23.5 22.3 22.3 22.2 23.4 25.8 28.4 31.7 34.9 37.1 38.8 40.4 42 42.7 41.7 40.8 40.4 40.4 40.7 41.1 41.5 42.2 42.9 43.6 44 43.8 43.5 43.3 43.1 42.3 41.5 40.7 40.6 41.8 43 44.5 45.7 46.7 47.8 48.6 49.5 50.3 51.2 52.4 53 53.3 53.3 53 52.7 52.4 52.1 51.8 51.1 50.4 49.8 49 47.8 46.6 45.1 43.6 42.1 40.5 38.7 36.7 35.4 34
34.1 33 32.2 31.4 30.7 30.7 30 29.3 28.6 28.2 27.8 27.9 27.9 27.8 27.4 27.1 25.7 25.7 25.9 25.9 25.7 24.7 22.4 22.9 24.4 27 30.3 33.6 36.9 39.9 41.5 43.1 44.6 44.8 43.7 42.7 42.4 42.6 42.9 42.8 43.1 44.4 45.4 46.1 45.8 45.6 45.4 45.2 45.1 44.3 43.4 42.6 42.5 43.7 45 46.2 47.4 48.3 49.1 49.9 50.8 51.6 52.5 53.4 54.1 54 53.7 53.4 53.1 52.8 52.5 52.1 51.4 50.7 50 49.1 47.9 46.6 45.1 43.6 41.9 40.2 38.4 36.3 34.7 33.3
33.4 32.8 32.5 32.2 31.5 30.5 30.1 30 30 30.2 30.4 30.5 30.2 29.9 29.5 29.2 28.2 26.4 26.4 26.4 26.3 25.6 24 24.8 25.5 29 32.3 35.6 38.9 42.2 44.2 45.6 46.5 46.8 45.7 44.7 44.5 44.8 44.5 44 44.5 45.8 47.2 48.2 47.7 47.3 47.1 47 46.9 46.2 45.4 44.5 44.4 45.6 46.9 48.1 49 49.6 50.4 51.3 52.1 53 53.8 54.7 54.6 54.4 54.1 53.7 53.4 53.1 52.8 52.3 51.6 50.9 50.2 49.2 48.1 46.6 45.1 43.4 41.7 40 38.1 36 34 32.6
33.7 34.4 34.3 33.9 33.3 32.5 32.1 32 32 32.2 32.4 32.6 32.5 31.9 31.5 31.2 30.9 29.2 27.5 27 26.9 25.6 24.9 24.8 26.3 29.5 33 36.6 40.1 43.7 46.1 47.1 47.9 47.9 47.6 46.6 46.7 46.2 45.8 45.3 45.9 47.2 48.5 48.7 49.2 49 48.8 48.8 48.6 48.1 47.3 46.4 46.3 47.5 48.7 49.8 50.7 51.2 51.8 52.6 53.4 54.3 54.8 55.2 55.1 54.2 53.8 53.6 53.4 53.2 53 52.5 51.8 51.1 50.4 49.4 48 46.5 44.8 43.1 41.5 39.8 37.8 35.7 33.7 31.9
35 35.7 36 35.7 35 34.4 34.1 34.1 34 34.2 34.4 34.6 34.5 33.9 33.6 33.1 32.6 31.7 30 28.7 27 25.3 24.6 24.8 27.1 30.1 33.5 37 40.6 43.3 45.8 47 48.4 48.4 48.2 48 47.9 47.5 47.1 46.6 47.3 48.6 48.9 49.3 49.7 50.1 50.3 50.4 50.3 49.7 49 48.3 48.2 49.3 50.4 51.5 52.5 53 53.5 53.9 54.5 55 55.6 55.5 55.4 54.9 54 53.3 53.1 52.9 52.6 52.4 52 51.3 50.6 49.5 48 46.3 44.6 42.9 41.2 39.5 37.5 35.4 33.4 31.4
36.3 37 37.6 37.4 36.8 36.2 36.1 36.1 36.1 36.2 36.4 36.4 35.9 35.3 34.6 34.1 33.3 32.3 31.3 29.9 27.7 25.4 24.3 24.9 27.9 30.9 33.9 37.2 39.9 42.6 45 46.4 47.8 48.5 48.5 47.5 47.3 48.2 48.2 47.9 48.7 49.3 49.4 49.8 50.3 50.8 51.1 51.4 51.6 51 50.2 49.2 49.2 50.4 51.6 52.8 53.4 53.7 53.9 54.2 54.8 55.7 55.9 55.8 55.7 55.6 54.7 53.9 53 52.5 52.3 52 51.8 51.5 50.9 49.4 47.7 46.1 44.4 42.7 41 39.2 37.2 35.1 33.1 31.1
37.6 38.2 38.9 39.2 38.7 38.4 38.1 38.1 38.1 38.2 38.4 38 37.3 36.6 35.8 34.6 33.5 32.4 31.3 29.6 27.5 25.3 24.5 25.4 28.4 31.3 34 36.4 39 41.6 43 44.3 45.7 46.3 46.7 47 46.2 47.1 47.9 48.6 49 49.7 49.9 50.4 50.6 50.7 51.2 52 52.6 51.5 50.6 49.9 50.4 51.3 52.4 53.4 53.7 53.9 54.2 54.5 54.8 55.4 55.5 55.5 55.6 55.6 54.6 53.5 52.4 51.2 50.9 50.8 50.6 50.5 50.2 49.1 47.5 45.8 44.1 42.4 40.7 38.9 36.9 34.8 32.8 30.8
38.9 39.6 40.3 40.8 40.8 40.7 40.4 40.2 40.1 39.8 39.3 39 38.1 37.4 36.5 34.9 33.5 32.4 31.3 29.3 27.3 25.2 24.8 26 28.5 31.4 33.4 35.7 38 39.2 40.3 41.4 42.6 43.2 44.1 45 45.1 45.9 46.7 47.6 48.4 49.3 49.6 50.1 50.2 50.4 51.1 51.9 52.7 52 51.1 51.1 51.5 52.1 53.3 53.7 54 54.2 54.5 54.8 55.1 54.7 54.9 55 55 54.5 53.4 52.2 51 49.9 49.1 48.9 48.8 48.6 48 47.2 46.3 45 43.6 42.2 40.5 38.6 36.6 34.5 32.5 30.5
40.4 41.1 41.8 42.1 42.1 42.1 42.1 42.1 41.5 40.8 40.2 39.5 38.9 37.9 36.6 35.3 33.9 32.5 31 29 27 24.9 25 26.6 28.7 30.6 32.1 33.9 35.2 36.3 37.1 38 39 40.1 41.1 42.1 43.4 43.6 44 45.3 47.1 47.7 47.9 48.4 48.9 49.7 50.2 51.4 52.5 52.5 51.8 52.2 52.7 53.1 53.7 54 54.4 54.7 55 55.4 55.1 54.7 54.2 54.4 54.2 53.3 52.3 50.9 49.6 48.4 47.5 47.1 46.8 46.4 45.8 45.1 44.2 43.2 42.3 40.8 39 37.5 35.5 33.4 31.3 29.2
41.9 42.6 43.3 43.4 43.5 43.5 43.5 42.8 41.6 41.1 40.6 40 38.9 37.6 36.2 34.8 33.3 31.9 30.2 28.2 26.2 25 25.2 25.9 26.9 28.4 29.9 31 32.2 33.4 34.2 35 35.7 36.7 37.7 39 40.8 40.9 41.4 42.6 44.9 45.7 46.3 46.7 47.8 48.8 49.4 50.6 52.1 52.4 53 53.5 53.9 54.1 54.2 54.6 54.9 55.3 55.6 55.6 55.1 54.7 54.3 53.8 52.9 51.7 50.7 49.4 48.2 47 46 45.1 44.7 44.3 43.6 43 42.1 41.1 39.9 38.7 36.9 35.4 33.9 32 30 28
43.5 44.2 44.6 44.7 44.8 44.8 44.4 43.3 41.9 41.2 40.6 39.8 38.4 37.1 35.7 34.2 32.7 31.2 29.5 27.2 26 27 27.7 26.8 26.6 27.4 28.1 30.2 30.1 30.4 31.2 31.8 32.5 33.4 34.6 36.4 38.2 38.4 39.2 40.6 42.6 43.4 44.4 46.1 47.7 48.9 49.9 51 52.2 52.6 53.9 54.6 54.7 54.8 54.9 55.1 55.5 55.8 56 55.6 55.2 54.7 54.3 54 52.7 51.2 50.5 49.1 47.7 46.3 45.1 44 42.6 42.1 41.4 40.8 39.9 38.8 37.7 36.4 34.7 33.3 31.8 30.3 28.8 29.1
44.8 45.3 45.6 45.7 45.9 45.7 45.2 43.8 42.4 41.2 40.7 39.2 37.9 36.6 35.1 33.6 32.1 30.6 28.8 27 28 29 29.9 29.3 29.9 30.6 30.9 31.2 31.5 31.7 31.8 31.8 31.5 31.9 33.3 34.4 35.7 37.2 39.3 40.5 42 44 46.3 47.2 48.5 49.9 50.9 51.9 52.9 53.1 54.3 55.3 55.4 55.5 55.7 55.7 56 56.4 56.1 55.6 55.2 54.9 54.5 54.2 53.1 51.8 50.9 49.8 48.4 47.1 45.6 43.8 42.4 40.9 39.5 38.8 37.7 36.6 35.6 34 33 31.8 30.6 30.2 29.8 30.3
45.9 46.3 46.5 46.6 46.7 46.3 45.5 44.4 43 41.4 40.2 38.7 37.4 35.9 34.2 32.6 31 29.4 27.1 28.3 29.5 30.8 31.9 32.4 32.6 32.9 33.1 33.4 33.7 34 33.6 33.3 33.1 32.6 33.4 34.3 36.2 38.7 40.5 42 43.6 45.9 47.6 48.5 49.4 50.9 52 53 54 54.2 54.6 55.8 56.1 56.3 56.5 56.4 56.6 56.5 56.1 55.8 55.4 55.1 54.7 54.4 53.6 52.4 51.5 50.5 49.3 48 46.3 44.2 42.6 41.1 39.6 38.1 36.6 35.4 34.5 34 33.3 32.7 32.1 31.5 31 31.2
46.9 47.4 47.5 47.6 47.6 46.8 45.7 44.6 43.5 41.9 40 38.2 36.8 35.2 33 31.3 29.7 27.8 29.3 30.8 31.9 33.1 34.2 34.6 34.8 35.1 35.3 35.5 35.8 36.1 35.4 34.9 34.6 33.3 33.9 34.7 37.5 40.7 42.8 44.4 45.6 47.8 48.9 49.8 50.7 51.7 53 54 55.2 55.2 55.3 56.3 56.7 57 57.2 57.2 57.2 56.8 56.4 56.1 55.7 55.3 54.9 54.6 54.1 53.1 52.1 51.1 50.2 48.9 46.9 44.5 42.7 41.2 39.7 38.2 36.8 36 35.7 35.4 34.9 34.3 33.6 33.1 32.6 31.7
47.9 48.4 48.5 48.5 48 46.7 45.7 44.6 43.4 42.2 40.1 38.1 36.2 34.5 32.3 30.2 28.5 29.2 31.5 33.2 34.4 35.5 36.4 36.9 37 37.3 37.5 37.7 38 38 37.3 36.7 36.2 34.8 34.4 35.1 38.7 42.4 45.1 46.7 47.8 49.2 50.2 51.1 52 52.9 54.1 55 56.1 56.2 56.4 56.6 57.3 57.6 57.9 58 57.9 57.6 57.2 56.9 56.5 56.2 55.8 55.5 54.8 53.8 52.8 51.8 50.8 49.6 47.2 44.7 43 41.3 39.7 38.3 37.5 37.2 37 36.7 36.4 35.9 35.2 34.7 34.2 32.5
48.9 49.4 49.4 49.1 48.1 46.7 45.5 44.5 43.4 42.3 40.6 38.4 36.3 34 31.9 29.8 29.1 31.3 33.6 35.6 36.8 37.9 38.6 39 39.4 39.4 39.7 39.9 40.2 39.9 39.3 38.6 37.9 36.3 34.8 36.1 39.9 43.5 47.1 48.9 50.1 50.5 51.5 52.4 53.4 54.3 55.2 53.8 56.9 57 57.2 57.5 57.9 58.3 58.2 58.3 58.4 58.2 57.9 57.6 57.2 56.9 56.6 56.2 55.1 54 52.8 51.6 50.5 49.3 47.3 45 43.3 41.6 39.9 39.1 39 38.6 38.2 37.9 37.6 37.4 36.9 36.3 35.3 33.6
50.2 50.2 49.9 49.5 48.1 46.8 45.5 44.4 43.4 42.1 40.3 38.2 35.9 33.7 31.6 29.5 31.1 33.5 35.8 38.1 39.2 40.2 40.8 41.2 41.6 41.7 41.9 42.1 42.4 41.8 41.2 40.5 39.8 38.8 36.6 36.4 40.2 44.2 47.8 50.1 51.5 51.8 52.7 53.9 54.8 55.8 56.1 56.8 57.5 57.7 58 58.3 58.7 58.9 58.8 58.7 58.7 58.5 58.2 57.8 57.5 57.2 56.8 56.5 55.1 53.7 52.5 51.4 50.2 49 47.1 45.3 43.8 42.1 40.6 40.5 40.5 40.3 39.9 39.4 39 38.6 38.3 37.8 36.5 34.8
50.8 50.7 50.4 49.6 48.2 46.9 45.5 44.2 43.3 41.6 39.6 37.6 35.4 33.1 31.2 31.2 33.4 35.7 37.9 40.3 41.6 42.5 42.9 43.4 43.8 44.2 44.1 44.3 44.4 43.8 43.1 42.4 41.7 40.5 39.2 36.8 40.4 44.3 48.2 50.5 51.9 53 53.8 54.8 55.6 56.2 56.6 57.3 58.2 58.5 58.8 59.1 59.4 59.5 59.4 59.3 59.1 58.8 58.4 58.1 57.8 57.4 57.1 56.7 55.3 53.8 52.3 51.1 50 48.7 46.9 45.4 44.2 42.7 42.3 42 41.9 41.8 41.6 41.2 40.8 40.3 39.9 39.2 37.6 36
51.4 51.2 50.9 49.6 48.3 46.9 45.6 44.2 42.8 40.8 38.8 36.8 34.7 32.5 31.3 33.5 35.5 38.1 40.4 42.6 43.9 44.7 45.1 45.5 46 46.4 46.5 46.5 46.3 45.7 44.9 44.2 43 41.5 40.3 37.5 39.7 43.6 47.6 50.5 52.2 53.3 54.1 55 55.7 56.5 57.1 57.8 58.7 59 59.3 59.5 59.7 59.8 59.7 59.5 59.4 59.1 58.7 58.4 58 57.7 57.4 56.9 55.4 53.9 52.5 51 49.7 48.4 46.9 45.9 44.7 43.9 44 43.7 43.5 43.3 43.2 42.9 42.5 42.1 41.6 40.1 38.4 36.7
51.9 51.6 50.4 49.2 47.9 46.5 45.2 43.9 41.9 39.9 37.9 35.9 33.9 31.8 31.8 34.5 37.2 39.7 42.2 44.5 45.9 46.8 47.3 47.7 48.1 48.6 48.9 48.7 48.2 47.5 46.8 45.7 43.9 42.6 40.9 39.1 39.7 43 47 50.4 51.8 52.9 54 55.1 55.9 56.6 57.3 58.2 58.8 59 59.2 59.4 59.6 59.7 59.8 59.8 59.7 59.3 59 58.6 58.2 57.9 57.5 56.9 55.5 54 52.6 51.1 49.7 48.8 47.9 46.8 45.7 45.7 45.8 45.4 45.2 45 44.7 44.6 44.2 43.8 42.5 40.8 38.8 36.8
52 50.8 49.7 48.5 47.3 46.1 44.8 43.2 41.2 39.2 37.1 35.1 33.1 32.2 32.6 34.6 37.2 39.7 42.2 44.6 47 47.9 49.2 49.7 50.2 50.5 50.3 49.9 49.4 49.1 48.3 46.5 44.8 43.3 41.4 38.9 39.9 42.8 46.4 49.9 51.1 52.1 53.1 54.1 55.5 56.4 57.1 58 58.8 58.9 59.1 59.3 59.4 59.6 59.7 59.8 59.8 59.5 59.1 58.8 58.4 58 57.7 57 55.7 54.4 53.1 51.7 50.2 50.2 49.1 48.1 47.3 47.3 47.9 47.1 46.7 46.5 46.3 46.1 46 44.5 42.6 40.7 38.8 37.1
51.7 50.5 49.2 48 46.7 45.5 44.2 42.4 40.4 38.4 36.4 34.4 32.7 33.2 33.7 34.7 37.2 39.8 42.2 44.8 47.3 48.8 50.2 51.5 51.5 51.3 51.2 51.1 50.7 49.9 48.9 47.3 45.7 43.3 40.7 39.2 40.2 42.9 45.3 47.5 49.6 50.9 51.9 53 54.9 55.8 56.7 57.8 58.5 58.8 59 59.1 59.3 59.4 59.6 59.7 59.8 59.5 59.2 58.8 58.5 58.1 57.8 57.1 56 54.8 53.7 52.6 51.5 51.2 50.5 49.6 49 48.9 49.2 49 48.4 47.9 47.7 47.4 46 44.3 42.5 40.6 38.7 37.3
51.1 49.9 48.6 47.4 46.1 44.9 43.5 41.6 39.7 37.7 35.7 33.8 34.7 34.9 35.1 35.3 37.4 39.9 42.5 45 47.6 49.8 51.1 51.7 52.2 52.1 52 51.9 51 50.1 49.2 47.6 45.6 43.6 40.9 39.7 41.1 44.2 46.8 47.3 47.8 49.2 50.7 52 54.1 55.2 56.2 57.4 58.1 58.4 58.7 59 59.3 59.4 59.6 59.7 59.8 59.5 59.2 58.9 58.6 58.2 57.9 57.3 56.5 55.7 54.9 54.1 53.1 52.5 51.8 51.3 50.7 50.4 50.3 50.2 49.9 49.3 48.5 47.4 45.5 43.8 42.2 40.4 38.8 38.7
50.9 49.2 48 46.7 45.5 44.2 42.5 40.6 38.9 37 35 35.8 36.8 37 37 36.7 37.3 40 42.6 45.2 47.7 50.2 51.4 52 52.7 52.8 52.7 52.1 51.1 50.1 49.3 47.7 45.6 43.4 41.2 40.8 43.5 46 47.8 48 48.3 48.6 49.6 51 53.1 54.7 55.8 57 57.7 58 58.2 58.5 58.8 59.1 59.4 59.7 59.8 59.5 59.2 58.9 58.5 58.2 57.9 57.5 56.9 56.1 55.3 54.5 53.8 53.3 52.7 52.1 51.6 51.2 50.7 50.8 50.6 49.7 48.6 47.3 45.4 43.5 41.7 40.2 39.3 40
50.6 49 47.4 46.1 44.8 43.6 41.5 39.6 37.9 36.2 36.9 37.9 38.9 38.8 38.5 38.1 37.8 39.9 42.7 45.3 47.9 49.6 51.1 52.2 53 53.5 53.2 52.2 51.2 50.2 49.3 47.8 45.7 43.6 41.5 42.8 45.2 47.4 48.6 48.8 49.1 49.3 49.8 50.6 52.1 53.6 54.9 56.2 57.3 57.5 57.8 58.1 58.4 58.7 59.1 59.5 59.7 59.4 59.1 58.8 58.5 58.1 57.8 57.4 57.1 56.7 55.9 55.1 54.3 54 53.4 52.9 52.4 52 51.5 51.1 50.8 49.2 47.5 46.2 44.7 42.8 41.1 41.2 40.6 41
50.4 48.6 47.1 45.6 44.2 42.9 40.6 38.6 37.4 38.2 39.4 40.4 40.8 40.3 39.7 39.3 39 39.8 42.7 45.4 47.3 49 50.7 51.8 52.8 53.8 53.3 52.3 51.3 50.3 49.3 48 45.9 43.8 42 44.5 46.6 48.8 49.3 49.6 49.8 50.8 51.8 52.5 53.4 53.6 54.3 55.4 56.5 57.1 57.4 57.8 58.2 58.6 59 59.4 59.4 59.2 59 58.7 58.4 58 57.7 57.3 57 56.7 56.4 55.6 54.9 54.6 54.1 53.5 53.2 52.8 52.3 51.5 50.4 48.7 46.8 45.2 43.8 42.5 43.2 43.6 42.8 41.9
49.9 48.4 46.7 45.2 43.7 42.2 39.7 38.7 39 40.5 41.9 42.9 42.6 42 41.4 40.9 40.3 39.8 42.3 44.8 46.6 48.4 50.2 51.4 52.5 53.7 53.1 52.2 51.4 50.4 49.3 48.2 46.1 44.3 43.2 45.7 48 49.8 50.1 50.7 51.8 52.9 53.9 54.4 54.6 54.7 54.9 55.7 56.6 57.1 57.3 57.7 58.1 58.6 59 59.1 59 58.9 58.7 58.6 58.3 58 57.6 57.2 56.8 56.5 56.2 56 55.5 54.8 54.3 53.9 53.4 52.7 51.8 50.5 49.5 48.2 46.3 44.7 44.5 45.2 45.8 45.5 44.7 43.8
49.3 47.8 46.3 44.8 43.2 41.5 39.7 40.5 41.4 42.9 44.4 44.9 44.3 43.8 43.2 42.5 41.9 41.5 41.6 43.9 45.8 47.7 49.6 51.2 52.6 53.4 53.5 52.5 51.6 50.6 49.6 48.4 46.7 44.9 44.4 46.7 49.4 50.6 51.7 52.8 53.8 54.6 55 55.3 55.5 55.7 56 56.2 57 57.3 57.5 57.7 58.1 58.5 58.8 58.7 58.6 58.5 58.4 58.2 58.1 57.9 57.5 57 56.7 56.4 56.1 55.8 55.3 54.7 54.3 53.2 52.4 51.9 50.9 49.6 48.6 47.4 45.8 46.4 47.1 47.7 47.4 47 46.3 45.6
48.7 47.2 45.4 44 42.3 41.3 42.4 43.3 44.2 45.3 46.7 46.6 46 45.3 44.7 44.1 43.6 43.3 42.7 43 45 46.9 48.8 50.9 52.5 53.2 53.6 52.8 51.9 50.9 50 48.5 47 45.8 44.8 46.7 49.6 52.1 53.1 53.8 54.4 55.1 55.4 55.8 56.1 56.4 56.6 56.8 57.2 57.5 57.7 57.9 58.1 58.4 58.4 58.4 58.4 58.4 58.3 58.1 58 57.7 57.3 56.9 56.5 56.2 55.9 55.4 54.9 54.4 53.3 52.3 51.4 50.7 49.5 48.7 47.9 47.4 47.8 48.8 49.9 49.2 48.9 48.5 47.9 47.7
47.7 45.9 44.4 43.2 43 44 45.2 46.1 47 47.8 48.7 48.2 47.5 46.9 46.3 45.7 45.4 44.7 43.7 43.6 44.7 46.2 48.2 50.3 52 52.7 53.3 53.2 52.3 51.4 50.3 49.2 48.2 47.2 45.4 46.3 49.1 52.1 53.6 54.3 55 55.5 55.9 56.2 56.5 56.8 57.1 57.5 57.6 57.9 58 58.2 58.3 58.3 58.4 58.4 58.4 58.5 58.3 58.2 57.9 57.5 57.1 56.7 56.4 55.8 55.2 54.6 54 53.2 52.2 51.5 50.9 50.3 49.7 49.5 48.6 49.3 49.9 50.6 51.3 50.8 50.4 50 49.5 48.8
47 45.9 45.6 44.6 45.2 46.5 47.9 48.9 49.7 50.3 50.4 49.8 49.1 48.5 47.9 47.5 46.6 45.6 44.6 44.5 45.2 46.6 48 49.9 51.5 52.8 53.6 53.6 53 51.9 50.7 49.7 48.8 47.8 46.9 46.8 49.6 52.3 53.6 54.4 55.2 55.9 56.2 56.5 56.8 57.1 57.4 57.7 57.8 58 58.1 58.2 58.3 58.3 58.4 58.4 58.4 58.5 58.3 58.1 57.7 57.2 56.8 56.5 56.4 55.8 55 54.2 53.3 52.6 52 51.6 51.6 51.4 50.7 50.1 50.2 50.7 51.1 51.7 52.3 52.3 51.7 51.1 50.5 49.4
46.4 46.9 47.5 46.8 47.4 48.9 49.9 50.7 51.6 51.9 51.7 51.4 50.7 50 49.6 48.5 47.5 46.5 45.5 45.6 45.8 47.2 48.7 50.1 51.2 52.6 53.7 53.6 53.5 52.1 51.2 50.3 49.3 48.4 47.6 47.1 49.4 51.6 52.9 54.1 54.9 55.6 56 56.3 56.7 57.1 57.5 57.8 57.9 58 58.1 58.2 58.2 58.3 58.3 58.4 58.4 58.5 58.3 57.9 57.5 57.1 56.7 56.6 56.4 55.8 55 54.3 53.5 52.9 52.5 52.3 52.7 52.7 51.8 51.1 51.3 51.8 52.2 52.9 53 52.6 52 51.4 50.8 50.1
47.5 48 48.6 48.9 49.8 50.4 51 51.6 52.7 53.1 52.8 52.4 52 51.5 50.5 49.4 48.4 47.4 46.5 46.5 47 48.5 49.5 50.5 51.4 52.7 54.1 53.7 53.5 52.5 51.7 50.9 50.1 49.5 48.8 48.1 48.7 50.7 52 53.2 54.5 55.3 55.7 56.1 56.5 56.9 57.4 57.7 58 58.1 58.1 58.1 58.2 58.2 58.3 58.3 58.4 58.5 58.1 57.7 57.3 56.9 56.8 56.6 56.4 55.8 55 54.3 53.6 53.2 52.8 53 53.4 53.5 52.5 52.1 52.4 52.8 53.1 53.3 53.4 52.9 52.4 51.8 51.2 50.6
49 49.5 49.9 50.3 50.7 51.4 52 52.6 53.3 53.6 53.9 53.4 52.8 52.1 51.1 50.1 49.1 48.2 47.4 47.1 48 48.9 49.9 50.9 51.9 52.9 54.2 54.3 53.8 53.1 52.5 51.9 51.3 50.7 50 49.4 48.8 49.8 51.1 52.4 53.8 54.9 55.5 56 56.4 56.8 57.3 57.6 57.9 58 58.1 58.1 58.1 58.2 58.2 58.3 58.4 58.2 57.9 57.5 57.2 56.9 56.7 56.4 56.2 55.8 55.1 54.4 53.7 53.5 53.5 53.6 53.8 53.8 53.4 53.1 53.4 53.6 53.6 53.7 53.4 52.9 52.4 52 51.5 51
50.1 50.5 51 51.2 51.3 52 52.7 53.4 53.7 54 54.3 54.1 53.5 52.6 51.7 50.7 49.6 48.6 48.4 48 48.7 49.4 50.3 51.3 52.3 53.2 54.4 54.8 54.3 53.6 53 52.4 51.8 51.2 50.7 50.4 50 49.6 50.8 51.9 52.9 54.1 54.9 55.4 56 56.6 57.1 57.4 57.7 58 58 58 58.1 58.1 58.2 58.3 58.1 57.8 57.6 57.3 56.9 56.7 56.5 56.2 56 55.7 55 54.4 54 54 54.1 54.1 54.1 54.1 54.1 54 54 54 54 53.8 53.4 52.9 52.4 52 51.5 51
51.2 51.6 52 52 52.1 52.6 53.4 54 54.1 54.3 54.6 54.5 54.2 53.2 52.1 51.1 50 49.5 49.3 49.4 50.1 50.7 51.3 51.9 52.7 53.6 54.6 55.3 54.8 54.1 53.5 53.1 52.7 52.4 51.9 51.4 50.9 50.5 50.6 51 52.2 53.3 54.3 54.8 55.4 56 56.7 57.2 57.4 57.7 58 58 58 58.1 58.2 58 57.7 57.5 57.2 57 56.7 56.5 56.3 56 55.8 55.5 55.1 54.5 54.4 54.5 54.4 54.5 54.5 54.5 54.4 54.2 54.1 54.1 54.1 53.8 53.4 52.9 52.5 52.2 52 51.7
