webserver/python/data/TQ01.asc
ncols 200
nrows 200
xllcorner 500000
yllcorner 110000
cellsize 50
[rows 160 to 199 of 200, columns 0 to 89 of 200]
139.4 141.9 145.1 147 147.7 145 141.2 136.9 130.9 125.8 121.1 117.8 114.3 111.9 108.7 105.6 103.9 102 97.4 92.3 88.9 85.9 81.7 74.7 67.7 59.4 53.1 46.8 40.4 34.2 27.1 18.8 11.4 6.7 4.8 3.7 2.9 2.2 2.2 2.3 2.2 2.9 2.3 2 1.9 2 2 2.1 -1.7 -1.7 -1.7 2.6 4.4 3 3.3 5 7.2 10 11.5 20.4 31.3 42.6 53.5 64.1 72.7 78.8 84.1 87.5 90.6 89.7 86.7 83.4 78 73.8 59 43.5 43.5 55.5 67.9 77.5 85 91 94.7 94.6 90.7 71 61.7 70.1 85.2 100.3
133.7 137.5 141.2 143.7 145.1 142.7 139 134.7 129.4 123.4 117.6 114.4 110.9 108.6 106.5 104.3 101.3 98.4 93.3 88.8 85.4 82 77.7 72.2 66.4 59.6 52.6 45.9 40.2 33.9 28.1 20 13.8 7.7 5.5 4.2 3.5 2.8 2.1 2.1 2.1 2.2 2.3 2.2 2.1 2 2.1 2.2 2.1 2 -1.7 3.4 6.5 4.2 4.8 9.4 12.9 13.2 19.3 34 45.2 55.9 66.2 71.5 77.5 84.1 89.4 89.5 89.7 87.1 83.5 79.9 74.9 69.2 59.7 48.1 38.6 52.2 65.6 74.6 82.3 86.7 88.5 86.4 74.5 61.5 67.5 79.7 95.7 109.5
129 133.2 137.6 140.2 141.9 140 136.1 131.4 126.4 119.8 114.1 109.3 106.1 103.7 101.3 99.2 96.3 92.6 87.9 83.4 79.7 75.7 71.2 66.2 60.6 54.8 48.9 43.9 38.4 33.4 27.7 20.6 15 9.8 7.2 5.1 3.5 2 1.9 2 2.2 2.4 2.3 2.2 1.9 1.9 2.2 2.3 2.1 -1.7 -1.7 3.9 5.7 6.8 9.7 14.7 14.7 14.2 31.9 48.3 59.5 67.3 72.3 77.8 83.8 86.7 88.4 86.6 85.9 83.8 80.1 74.6 69.5 64.1 56.7 43.3 36.9 49.5 62.3 71.4 78.5 82.1 82.5 79.3 63.1 61.2 73.1 89.7 103.8 109.6
125.2 129.6 134.7 137.3 139.6 138 133.8 129.1 123.4 116.2 109.3 103.4 99.4 97.3 95.5 93.4 90.4 86.2 81.3 76.1 71.9 67 62.1 56.2 50.6 44.7 39.9 38.1 35 32.6 27.2 21.3 16 12.4 9.3 6.4 3.8 2.7 3.8 4 4 3 2.4 2.4 1.7 1.1 1.3 2.2 -1.7 -1.7 -1.7 4 7.8 10.5 11.8 22.7 16.2 32 57.1 66.2 69.8 73.7 78.4 83.8 84.7 86.1 85.3 83.1 81.7 78.7 73.7 68.6 63.6 56.2 48.2 39.3 34.4 45.1 56.8 67.3 73.9 76.9 76 66.3 52.8 63.9 80.5 94.5 102.2 108.9
121 126.1 132.2 135 137.1 135.9 132 127 119.4 112 104.7 97.4 91.3 89.8 88.4 86.2 82.8 78.9 73.6 68.2 61.7 55 47.1 39.5 33.8 30.6 28.6 27.8 31.3 30.8 27.1 21.4 17.1 13.4 9.9 6.3 3.6 3.5 5.8 7.4 7.2 5.4 4.2 3.1 2.3 1.7 1.5 4 -1.7 -1.7 -1.7 4.4 10.4 11.3 22.1 55.8 46.6 59.4 69.8 72.2 75.9 80.1 82.4 82.6 83.6 82.5 80.7 78.7 77 70.7 66.8 62.2 53.8 43.6 36.1 31.9 31.7 34.4 45.5 56.4 68.3 71.4 70.6 56.2 56.4 70.2 83.2 92.3 99.3 104.5
118.4 122.7 130.2 134 136.5 135.8 130.6 124.3 116.9 108.8 99.3 90 83 82.7 81.8 79 76 71.2 65 57.5 50 43 36.5 32.5 31.7 30 26.8 24.1 25.2 27.1 26.8 22.4 18.2 13.9 9.5 5.6 4.3 7.1 10.6 11.8 10.5 8.5 4.8 3.8 2.9 3.9 -1.7 -1.7 -1.7 2.3 3 4.2 10.5 16.3 45.1 63.2 67.7 72 75.4 77.9 80.9 81 81.2 81.5 79.3 76.6 73.6 71.4 68.1 63.7 59.4 50.6 41.3 31.5 31.2 33.9 36.9 33.3 33.7 44.5 55.4 64.6 59.9 47.4 59.4 72.8 79.2 85.6 90.6 96.3
116.4 122.1 130 134.2 136.1 134.2 129 122.3 114.3 105.3 95.2 86 77.9 73.7 72.9 71.6 68.5 64.7 56.2 47.5 42.1 37.9 38.5 39.1 40.2 37.1 29.4 24.5 20 21.4 21.9 22 17.7 13 9 6.4 7.4 11.8 13.1 14.9 12.8 9.9 6.2 4.4 2.1 -1.7 -1.7 -1.7 2.8 2.3 3.1 3.8 10.6 28.2 55.9 68.3 70.7 74.3 76.7 78.7 81.1 79.8 77.8 76.1 73.5 71 67.2 63.5 60.2 54.9 46.5 38 30.1 28.8 37.1 47.7 49.4 45.3 36.6 35.9 44.8 53.8 48 49.2 57.5 62.8 65.9 69.3 75 80.4
117.5 124.1 130.8 134.5 136 132.7 127.9 119.6 111.3 102.2 92.7 82.8 75.9 68.4 64.4 63 60.2 57.5 51 44.2 45.9 49 50.8 51 45.7 39.6 32.9 27.5 20.9 18.5 18.8 18.3 16.7 12.1 9.1 7.9 12.5 16.7 16.4 15.8 14.7 11.8 9 5.5 2.1 -1.7 -1.7 2.6 2.5 2.4 3.3 4.2 10.6 17.1 44.3 66.7 69.5 72.3 74.8 74.7 75 73.3 72 70.1 67 63.3 59.7 55.9 49.9 43.8 35.3 28.9 27.7 39.7 52.2 60.7 66.3 61.6 51.6 40.7 39 43 41.2 43 46.3 48.7 51.5 54.8 59.4 64
120.2 126.6 132.7 135.4 136 132.5 126.8 118.3 109.5 100.4 90.8 81.1 74 67.5 61.1 57 53.9 50.2 48.8 52.8 57 59.9 61.1 57.6 51.8 44.3 37.5 31.2 23 17.8 17.4 16.8 14 10 9.7 9.4 16.4 17.9 17.7 16.5 14.7 11.4 7.9 5 -1.7 -1.7 2.3 2.4 2.4 2.5 2.9 3.6 9.9 11.3 50.7 63.1 65.1 67 69 68.8 68.5 68 65.7 63 59.4 55.6 50.7 43.3 37.7 31.1 25.7 26.6 41.7 54.2 65.1 75.6 78.5 75.3 66.7 54.7 43.8 42.5 41.8 47.8 53 58.5 62.2 63.9 62 63.4
122.7 128.9 134.2 135.5 136 132.2 125.8 117.3 108.6 99.4 89.6 80.6 73 66.3 60.2 55.1 55.5 57.9 61.6 65.4 68.6 69.2 66.8 63 56.7 49 42 34.7 26.5 18.3 15.9 14.2 11.3 10 10.7 16.3 19.7 20.4 18.2 16.3 13.2 9.6 6.8 4.2 -1.7 -1.7 2.1 2 2 2.1 1.9 3.6 10.4 32.3 53.5 58 59 61.9 63 62.7 62.7 60.2 58.7 56 52.1 40.9 34.4 28.4 22.6 21.1 29 43.8 57.4 67.4 77 84.7 87.3 87.1 79.5 68 56.2 49.5 53 60.7 65.8 71.1 75.8 77.4 74.9 75.5
124.4 129.7 134 135.5 135.6 132.1 126 117.5 108.8 99 88.1 79.8 72.3 67.2 65.9 66.2 68.1 71.1 74.3 77.1 77.4 75.7 71.4 66.9 61.4 54.1 46.4 39.1 32.8 26.6 21.3 17 16.6 18 21.1 21.7 22.9 19.8 17.6 14 10.5 7.6 4.8 -1.7 -1.7 1.3 1.3 1.3 1.7 1.6 1.7 3.3 10.2 34.3 45.8 49.5 52.4 55.2 56.6 56.9 56.6 54.7 52.1 49.2 35.5 27 20 19.8 23.5 33.7 48.3 58.2 69.6 77.7 85.8 89.3 92.3 92.8 92 82.8 76.4 70.4 70.3 78.1 83.4 88.2 93 94.9 92.5 91.6
124.9 129.7 133.4 134.7 135.8 132.7 126.6 118.5 110 100.5 90.9 85.2 80.5 77.7 76.7 76.9 78.6 81.4 83.8 83.6 82 80.4 75.7 70.5 64.9 59.4 53.7 49.9 44.8 38.6 35.2 28.4 26.2 27 25.7 23.1 22.9 17 15.8 10.8 7.5 5.3 2.9 -1.7 -1.7 1.3 1.3 1.3 1.4 1.4 1.5 2 12.3 33.9 38.9 42.7 45.2 48.4 50.1 50.9 50.4 48.2 45.3 35.4 23.6 19.1 23.7 31.3 42 52.8 62.2 71 80 85.6 89.8 93.9 96.2 96.1 95.9 94.3 91.5 90.3 89.7 91.6 94.3 96.8 99.9 102.1 104 103.3
123.3 128.1 131.2 133.4 134.1 132 127.7 120.5 113.8 104.7 98.3 92 88.1 86.5 85.8 85.9 88 88 87.5 85.1 84.9 82.9 79.8 75.1 70.3 65.6 61 57.2 53.5 49.8 45.7 40.8 35.6 33 28.3 24.3 20.3 15 10.4 6.4 3.5 -1.7 -1.7 -1.7 1.3 1.3 1.3 1.3 1.3 1.4 1.4 1.8 12.8 29.9 33.3 37 39.6 42.2 45 46.2 44.8 42.3 39.1 26.3 18 24.9 36.5 47.5 57.1 65.1 73.1 79.2 84.4 88.4 90.7 93.5 96.3 97.5 97.7 97.3 95.4 95 95.1 97.4 99.5 100.4 101.8 104.5 106.9 109.1
119.8 124.2 128.2 131.1 132 131.3 129 123.4 117.2 109.7 103.9 98.7 94.9 93.2 91.8 90.7 89.8 88.5 87.9 85.1 84.8 83.2 81 77.6 74.2 70.3 65.8 61.6 57.8 54.1 50.6 45.5 39.2 32 25.2 20.3 16.5 11 3.8 4.2 -1.7 -1.7 -1.7 1.6 1.4 1.5 1.5 1.5 1.5 1.5 1.5 1.8 14.2 26.3 29 32.3 34.5 37.4 40.1 41.3 40.2 37.8 32.5 16.8 18.4 34.2 47.4 55.9 63.5 70.8 77.2 81.7 84 87 89.9 92.4 94.8 96.7 96.5 96 95.4 95.7 96.5 97.8 98.9 99.6 101 103.2 106.6 108.3
115.4 120.1 124.6 128 130.2 130.7 128.6 124.6 119.7 113 106.8 100.4 96.2 93.2 90.9 90.2 89.7 86.6 85.7 84.9 83 81.9 79.3 77.8 75.4 72.8 69.1 64.8 60.7 56.6 49.4 42.8 35.2 27.2 19.5 15.1 3.2 -1.7 -1.7 -1.7 -1.7 2.6 2.4 2.2 1.5 1.6 1.6 1.7 1.8 1.8 1.8 2.5 15 24 25.4 26.6 29.4 32.8 35.6 36.3 36.1 33.3 24.7 15.8 21.5 36.7 48.8 58.2 65.9 73.4 78.6 83.4 86.9 89.7 91.4 93.1 93.3 93.3 93.4 93 92.8 93.6 94.6 94.8 95.6 97 98.3 101 105.3 107.7
111.9 116.3 120.9 124.7 127.8 128.4 128.2 124.8 119.9 113.7 106.3 100.1 94.3 90 88 86.9 85.8 84.2 82.4 80.7 79.1 77.4 76.2 75.1 73.4 71.2 66.8 62.3 57 51.8 44.1 36 27 17.7 6.5 -1.7 -1.7 -1.7 -1.7 2.4 2.2 2.5 2.5 2.3 1.7 1.7 1.8 1.8 1.8 1.9 2 1.8 15.7 22.5 22.5 23 26.4 29.8 31.6 31.8 31.1 28.6 18.8 14.6 20.7 36.4 49.2 60.1 68.6 75.1 79.5 83.2 86.2 88.8 89.6 89.8 89.1 89.1 89.3 88.8 88.9 89.9 89.7 90.2 90.7 92.3 94.7 99.3 103.6 106.4
107.9 112.6 117.1 121.1 125.2 126 125.7 123.7 118.9 112.7 105.2 98.1 91.2 85.6 83.3 81.5 79.8 78.1 76.4 74.7 73.4 72.1 71.5 71 69.4 66.6 62.4 57.8 52.4 42.2 31.3 19.1 6.1 -1.7 -1.7 -1.7 2.3 2.3 2.4 2.1 2 2.3 2.3 2.4 2.2 1.9 1.9 1.9 2 2 1.8 3.4 16.4 20.7 18.7 18.5 21.8 25.2 27.1 27.7 27.4 22.5 15.1 13.5 26.5 40.3 52.5 63.5 69.4 74.8 79.4 82.9 85.2 85.9 86.1 86 85.3 84.9 85 84.6 84.4 84.4 84.5 84.9 85.6 87.8 91.3 96.9 101.8 104.9
103.4 108.4 113.2 117.7 121.8 123.1 122.9 120.1 116.8 109.9 102.4 95.1 86.8 79.5 76.3 74.6 73.1 71.5 69.9 67.9 66.1 66.2 66.7 66.3 64.5 61.6 58 35 9.5 22.9 12.8 -1.7 -1.7 -1.7 2 2.1 2 1.5 2.1 1.8 1.7 2.1 2.1 2.2 2.2 2.1 2.1 2.3 2.9 2.9 1.7 12.8 16.6 16.8 13.4 10.5 11.4 13.3 15.6 17.3 18 15.2 11.8 21.5 38.3 49.3 59.7 66.1 71.2 77.3 79.1 81.7 83.4 83.3 82.5 82 81.4 80.1 80.3 79.8 78.8 78.4 79 79.8 80.5 83.6 88 94.8 100.3 103.6
98.4 104 109.7 114.5 118.2 121.1 120.2 117.6 113.8 106.6 99.2 91 82.7 74.4 69.2 67.3 66.5 64.9 62.5 60.1 58 58.7 59.8 60.6 58.4 17.6 11 8.1 5.4 -1.7 -1.7 -1.7 2.6 2.1 1.8 1.7 1.7 1.3 1.7 1.6 1.5 1.8 1.9 2 2 2.1 2.4 2.8 3.1 2.3 4.7 15.4 14.4 8.9 7.6 6.2 6.5 7.6 8.8 9.3 9.3 9.7 19.5 35.7 52.7 59.6 64.2 69.6 73.5 75.9 78.7 79.9 80.5 79.7 78.9 77.4 75.5 73.4 74.1 74.5 73.3 72.2 73.3 74.8 74.5 79.9 85.8 93.4 98.2 101.8
93.9 100.5 107 112.3 115.3 118.5 118.1 115.6 109.9 102.8 93.4 84.7 77.3 69.5 62.3 58.6 58.1 56.5 53.7 51.3 49.9 49.7 51.6 51.9 46.8 11.3 9.2 -1.7 -1.7 -1.7 2.8 2.5 2.5 2.1 1.9 1.5 1.4 1.1 1.3 1.3 1.2 1.6 1.7 1.8 1.8 2 2.1 2.3 2 4.5 13.6 14.1 9.7 4.7 4.4 16.7 19.7 19 20.7 21.1 23.1 28.3 39.8 54.2 59 62.4 66.9 69.9 72.9 75 75.7 76.8 77.2 76.3 75.3 73.7 71.1 69.1 68.2 69 67.6 67.9 68.5 69.2 70 77.9 83.8 90.6 95.7 100.1
91.6 98.5 104.8 109.8 113.1 115.9 115.3 111.7 105.8 95.9 86.2 78.1 70.8 63.9 56.3 50.1 48.1 45.1 40.1 35.5 32.5 32.9 35.9 41.4 38.5 10.3 6.2 -1.7 -1.7 2.9 2.8 2.6 2.6 2.2 1.9 1.5 1.2 1 1 1 1.3 1.3 1.5 1.4 1.4 1.8 2.2 2.3 3.6 9.7 10.2 11.5 5.3 3.3 16.8 34.2 38.9 41.2 39.8 39.9 42.7 49.5 53.9 58 61 63.9 66.6 69.2 71.4 72.3 72.9 73.7 73.9 72.7 71.7 69.3 66.4 64.9 63.4 63 62.8 63.5 64 63.4 67.4 76.6 83.6 89.3 93.9 98.2
91.3 97.6 103.5 109.6 112.6 114.3 112.9 108.2 98.2 87.5 74.9 68.5 62.2 55.4 49.1 42.2 37.2 32.4 25.6 21.8 17.3 13.6 16.5 19.8 7.7 7.2 -1.7 -1.7 3 2.9 2.8 2.7 2.5 2.3 2 1.6 1.2 0.9 2 3 4.3 5.7 6 6.5 5.3 4.8 2.8 2.9 3.8 5.4 5.4 5.5 4.1 4.7 25.7 36.8 41.3 45.3 46.8 48.8 48.9 51.5 54.6 58.6 60.9 63.7 65.7 67 68.1 69.2 70 70.8 70.7 69.6 67.6 64.6 61.9 60.1 58.5 57.9 58.4 58.8 58.5 57.8 67.5 77.1 83.9 88.7 93.6 97.7
93.4 98.6 104 109.4 111.8 113.3 110.6 103.1 91.7 79.2 72.4 66.2 62.6 57.8 52 47 43.4 40.3 37.5 33.5 29.1 22.1 15.5 7.7 3.4 2.9 -1.7 -1.7 2.4 2.7 2.8 2.7 2.5 2.4 2 1.7 1.3 1.7 3.7 5.1 6.9 9.4 11.1 12.3 12.1 11.5 6.2 3.5 2.1 3.1 2.9 3.5 4 12.8 33.9 39.2 43.9 46.2 47.7 48.7 48.9 51.9 54.9 57.1 58.7 60.8 62.4 63.9 65.1 65.9 66.9 67.7 67.2 66.2 63.4 60.3 57.1 55.4 53.7 52.9 53.6 53.7 53.1 57.2 68 77.5 84.6 88.7 92.9 96.9
95.9 100.3 104.8 109 111.7 112.1 109.2 104.1 93.7 88.6 84.9 80.2 75.9 67.6 59.8 53.7 49.9 45.3 41.6 36.2 30.2 23.3 18.2 11.9 4.6 -1.7 -1.7 2.4 2.4 2.4 2.4 2.7 2.6 2.4 2.1 1.8 1.4 2.3 4.5 7 9.4 11.9 13.5 14.1 14.2 15.3 13.3 7.7 3.7 3.3 3.1 3.5 13.7 28.3 31 35.3 38.3 41.6 44 45.4 47.2 48.1 49.8 52.2 54.7 57.1 59.1 60.7 62 62.9 63.7 64 62.6 61.2 59.3 56 52.7 50.6 48 47.5 48.2 48.2 48.4 59 69.3 78.6 84.9 88.7 93.1 96
97.7 102.2 106.5 109.3 111.4 111.4 109 106.6 102.8 101.2 95.9 88.7 78.4 68 58.3 51.4 45.8 43 40 34.2 25.5 17.8 12.3 7 3 -1.7 -1.7 2.4 2.4 2.4 2.3 2.3 2.6 2.4 2.2 1.9 1.5 3 5.6 8.3 9.6 11.1 12.7 14.2 15.9 16.6 19.1 21.2 18.7 16.9 17.8 20.7 25.2 25.8 27.5 28.3 28.9 30.4 30.6 31.4 34.6 37.1 40 46 47.5 49.9 53 56.4 58.6 60 60.4 60.6 59.3 57.2 55.1 52 47.7 44.6 41.4 40.9 41.6 42 50.9 61.3 71.3 80 85.1 88.7 92.4 93.9
98.3 102.5 106.1 108.9 111.1 112.9 112.5 111.2 109.1 103.8 97.2 88.6 79.1 68.5 57.2 47.3 40.6 37.6 32.1 26.3 19.1 15.4 16 15.7 6.3 5.4 -1.7 -1.7 2.4 2.4 2.3 2.3 2.3 2.5 2.3 2 2.1 3.8 5.4 6.7 6.7 7.6 9.1 11.7 13.9 16.5 18 19.1 20.1 20.4 20 19.7 9.1 17.8 16.3 15.7 16.1 16.4 16.2 17.2 19.1 19.1 22.5 29.6 38.1 42.3 46.5 51.4 54.6 56.8 57.7 57.5 55.6 53.4 51.2 49.1 44.4 39.5 36 34.5 38.3 43.2 51.3 64 73.8 81.5 85.2 88.7 91.3 92.1
96.7 100.5 105.1 109 111.9 114 116.2 115 110.9 105.2 99.2 88.9 79 68.1 56.8 45.7 38.3 31.7 26 25.2 27.2 29.1 30.2 29.5 21.9 6.3 -1.7 -1.7 2.4 2.4 2.3 2.3 2.3 2.3 2.3 2 3.1 3.6 3.3 4.6 4.6 5.5 6.5 8.9 10 12.5 13.5 14.3 14.9 15.2 14 12.6 4.2 8.7 6.9 6.4 5.6 4.5 3.2 4.8 5.2 5.5 5.2 11 18.2 29.8 40.9 46 50.7 54.2 55 54.1 53 51 48.8 46.8 41.8 36.6 30.4 35.5 39.7 43.7 54.8 67.9 75 81.3 84.9 88.5 90.1 90.5
93.9 97.9 103.2 107.7 112.1 115.3 119 118.3 114.7 107.9 99.5 88.2 76.3 65.3 54.4 44.2 38.8 35.4 38.7 40.3 41.1 38.4 33.6 29.7 24.9 15.9 8 -1.7 2.4 2.4 2.3 2.3 2.3 2.3 2.3 1.9 1.5 1.8 1.7 1.9 3.6 4.5 4.8 5.3 6.4 7.7 9.4 10 10.5 8.8 7.1 5.7 3.9 2.4 1.5 1.9 1.4 2.4 2.6 2.5 2.7 2.8 3 2.2 2.6 4.1 12.3 19.5 29.4 39.3 51.5 50.8 49.7 48.5 46.5 44.3 40.4 34 29 34.7 38.6 44.4 58.5 69.3 76.5 81.2 84.7 88.2 88.1 87.5
91.3 95.4 101.6 106.8 112.3 123.3 124 122.9 118.6 111.4 100.9 86 72.2 60.4 50.1 48.9 50.4 49.2 50.7 47.7 42.7 39 32.5 26.9 18.6 8.6 3.9 -1.7 -1.7 2.4 2.4 2.3 2.3 2.3 2.1 1.7 1.3 0.9 0.5 2.4 3.1 3.7 4.2 3.7 3.3 3.9 5.5 5.6 5.1 3 2.4 2.3 2.6 2 1.5 1.5 1.4 1.6 2.2 2.4 2.5 2.6 2.8 2.7 3 3.1 2.4 2 1.3 11.3 25.9 42.1 46.6 45.2 43.6 41.5 37.5 31.1 26.1 31.2 37.2 47.2 62.2 69.5 76.9 81.1 84.5 86.5 86.3 84.5
90.5 98.2 105.1 112.2 124 131.5 131.7 128.1 123.4 115.5 102.8 85.4 69.9 62.1 58.1 58.3 58.4 55.8 52.6 47.5 41.8 35.9 28.9 19.8 10 9.6 17.2 -1.7 -1.7 2.4 2.4 2.3 2.3 2.2 1.8 1.4 1.1 0.8 1.2 1.9 2.5 3.2 3.6 3.1 2.7 2.3 1.9 2.3 2.4 2.3 2.2 2.2 1.9 2.1 1.5 1.5 1.5 1.5 1.9 2.1 2.2 2.4 2.7 3 3.4 3.7 3.6 3.5 2.3 1.6 1 17.8 37.3 41.3 39.7 38.8 35 29.6 20.9 27.3 35.6 51.2 63.9 71.2 77.4 80.3 83.7 84.4 83.5 81.3
96.6 104.5 114.2 127.1 136.3 138.9 137.2 133.3 128.1 121.3 106.9 93.4 82.5 73.4 67.6 65.8 59.7 55.3 50.3 44.7 38.2 30.3 21.3 11.4 18 25.9 21.3 5.1 -1.7 -1.7 2.4 2.4 2.3 1.9 1.5 1.1 0.9 0.6 0.7 1.4 2 2.7 2.9 2.5 2.1 1.7 1.6 1.9 2.2 2 1.9 1.9 1.9 1.5 1.5 1.4 1.6 1.6 1.6 1.8 2.1 2.3 2.6 2.9 3.3 3.4 3 2.7 2.5 1.6 1.4 1.2 16.7 37.2 36 35.2 33 28.1 17.7 25.7 38.2 54.9 64.9 72.3 77.1 79.8 81.2 82.2 80.4 78.3
106.8 119.3 129.5 137.8 141.6 142.9 141.2 136.8 131.4 125 115.6 104.7 94.3 85.4 74 63 55.5 50.2 45.5 40 32.3 24.2 22.5 27.3 34.5 37.9 34 25.9 12.8 -1.7 -1.7 2.4 2 1.7 1.3 0.9 0.5 0.7 0.7 1 1.5 2.2 2.3 1.9 1.5 1.4 1.4 1.6 1.8 1.7 1.7 1.7 1.6 1.4 1.2 1.3 1.6 1.6 1.6 1.7 2 2.2 2.5 2.7 3.1 2.9 2.5 2.1 1.7 1.9 1.9 1.7 1.6 21.9 31.3 31.8 29.1 22.8 14.7 29.1 43.6 58.6 66.2 73.6 76.7 78.8 79.8 79.5 77.1 74.9
121.8 131.5 137.1 141.8 144.2 144.7 143 139.2 134.7 128.5 122.5 112.1 102.6 92.5 80.9 67.8 56 45.3 38.2 33.5 25.9 30.4 35.5 42.5 47.6 45.1 36.4 26.6 16.8 -1.7 -1.7 -1.7 2.1 1.8 1.5 1.1 0.9 0.8 0.7 0.9 1 1.7 1.7 1.3 1.2 1.2 1.2 1.3 1.4 1.4 1.4 1.4 1.2 1.3 2.3 1.4 1.5 1.7 1.7 1.7 1.9 2.1 2.4 2.6 2.8 2.4 2 1.6 1.2 1.2 1.9 1.9 1.8 9.1 26.7 28.2 25.8 14.1 13.7 31.3 48.5 60.5 67.9 73.5 76.2 77.4 78.5 76.7 74.2 71.8
132 137 141.4 144.6 146.8 146.5 144.1 142 137.7 131.9 125.9 118.8 109.4 99.2 89.2 75.7 62.8 48.3 39.5 36.9 32.6 38.9 48.7 55 53.1 45.9 35.7 25.9 16.6 12.5 -1.7 -1.7 -1.7 2 1.7 1.4 1.3 1.2 1.1 1 0.9 1.2 1.1 0.9 0.9 0.9 1 1 1.1 1.1 1.1 1.1 1.2 1.3 1.4 2.3 1.6 1.6 1.6 1.5 1.8 2 2.2 2.4 2.5 2.1 1.8 1.4 1.1 1 1.5 1.7 1.5 1.8 7.3 9.4 7.3 4.6 21.3 38.2 54.6 62.9 69.8 73.6 75.9 76.6 76.3 73.9 71.5 68
134.9 138.4 141.7 145.4 147.3 145.9 143.4 141.3 139.2 134.1 127.8 122.4 114.3 108 99 86 71.3 53.5 49.5 47.1 43.1 49.7 58.9 60 54.3 46.7 35.8 25.3 25.2 21.5 14.1 -1.7 -1.7 2.3 2 1.7 1.6 1.5 1.4 1.4 1.3 1.4 1 1 1.1 1.1 1.1 1.1 1.2 1.2 1.2 1.2 1.3 1.3 1.3 1.2 1.4 1.2 1 1.7 1.8 1.9 2.1 2.4 2.5 2.1 1.7 1.5 1.2 0.9 1.2 1.5 1.8 2.2 2.4 2.6 5.2 20.6 35.8 50.7 59.1 65.2 70 73.2 75 75.3 73.7 71.9 68.3 64.3
136.4 139.1 141.4 143.8 144.6 144 142.3 139.8 137.4 133.5 129.6 125.6 120.2 115 109 95 79 59.7 57.5 53.8 55.8 62.2 64.4 61.8 54.4 45.9 38.1 38.8 34.8 29.1 20.1 12.9 -1.7 -1.7 2.3 2.1 2 1.9 1.8 1.8 1.7 1.8 1.6 1.6 1.6 1.6 1.6 1.5 1.5 1.6 1.7 1.6 1.7 1.6 2.2 1.9 3.9 0.6 1.1 1.9 1.8 1.9 2.5 2.7 2.6 2.1 1.8 1.5 1.3 1.1 1.3 1.6 1.8 2.1 2.4 16.5 27.8 41.4 50.6 55.8 61.2 66.7 68.8 71.7 73.2 72.8 71.1 68.9 64.6 60.6
136 136.3 138.2 140.3 141.8 141.1 139.7 136.8 133.4 130.9 129.1 125.8 123.9 121.1 116.1 105.9 86.6 74 70 67.1 71.2 71.3 68.8 62.8 56.2 50.4 48.9 43.8 37.8 30.8 23.7 15.9 7.1 -1.7 -1.7 -1.7 2.3 2.2 2.2 2.1 2.1 2.1 2.1 2 2 2 1.9 1.9 1.9 2.1 2.1 -1.7 -1.7 -1.5 -1.7 -1.7 2.1 1.4 1.4 1.9 1.9 2 2.3 2.6 2 2 1.9 1.6 1.4 1.4 1.5 1.9 1.9 2.1 15.2 34.8 40.6 46.2 51.6 56.8 60.8 65.1 67.6 70.2 71.1 70.6 67.8 64.8 61 56.9
133.7 131.3 132.7 134.9 137.8 138.6 137.2 134.2 130 125.9 123.5 123.4 125.9 126 124.2 116.9 107.2 95.3 86.5 84.1 84.7 81 75.3 68.3 61.1 54.7 48.8 42.6 34.6 27.5 21.1 14.1 5.7 3.1 -1.7 -1.7 -1.7 -1.7 2.2 2.2 2.1 2.1 2.1 2.1 2.1 2.1 2 2 2.1 2.2 -1.7 -1.7 -1.7 2.1 -1.7 -1.7 -1.7 4 1.8 1.9 1.8 2 2.2 2 2 1.9 1.9 1.8 1.8 1.8 1.8 1.8 1.9 5.3 30 36.7 41.7 47 51.6 56.1 60 63.5 66.1 68.1 68.7 68 65.7 62.1 58.3 53.9
130.5 127.4 127.3 130.5 133.9 136.5 135.1 132.6 127.4 122.8 117.9 120.2 125.5 130.1 130.6 128.9 125.8 116.5 111.1 105.3 100.1 95.6 88.1 77.1 65.8 55.8 47.4 39.4 31.2 25.5 17.7 11.1 8.2 13 15.1 12.5 -1.7 -1.7 -1.7 -1.7 2.2 2.2 2.2 2.2 2.2 2.2 2.2 2.3 2.3 -1.7 -1.7 -1.7 5.6 5.7 3.4 2.4 -1.7 2 1.8 1.9 1.8 1.7 2.1 1.9 2 1.9 1.9 1.8 1.8 1.8 1.8 1.7 2.1 21.3 33 36.5 41.1 45.5 49.5 53.8 57.6 60.8 63.9 65.6 66 64.5 63 59.3 55.4 51.5
128.2 124.5 122.4 127.2 130.1 132.8 133.7 131.5 127.4 120.9 111.4 116.1 123.7 130.1 133.8 136 134.9 130.7 126.6 122.1 116.2 109.7 101.4 90.3 76.3 62.1 52.4 45.6 37.9 30.5 20.6 16.4 24.7 29.5 28 25 21.4 19.1 -1.7 -1.7 2.2 1.1 2.4 2.4 2.4 2.4 2.4 2.2 -1.7 -1.7 -1.7 10.5 8.2 6 3.4 1.9 -1.7 -1.7 4 1.9 1.9 1.9 1.9 2 2 1.9 1.8 1.8 1.8 1.8 1.8 2 14.9 29.8 32 34.8 39.5 43.6 47.5 50.8 54.3 57.7 60.9 63 63 62.5 59.8 56.3 52.5 48.3
