webserver/python/data/TQ04.asc
ncols 200
nrows 200
xllcorner 500000
yllcorner 140000
cellsize 50
[rows 36 to 71 of 200, columns 0 to 81 of 200]
40.1 40.5 41 42.1 43.7 46.4 50.8 57 64.9 72.8 78.8 87.6 95.4 99.9 95 102.3 110.8 113.3 120 123.5 120.7 119.3 121.2 121.5 114.7 104.6 101.9 106.4 115.9 125 127 122.3 112.7 115.2 122.2 123.9 120.2 117.3 114 110 103.9 96.1 93.8 113.4 116.6 113.3 101.1 101.6 111.5 107.9 96.3 97.2 103.3 123.8 139.1 151 150.4 143.2 131.8 113.2 110.9 103.8 108.6 116.5 115.3 109.6 99.5 96 99 96.4 75.7 52.5 62.8 74 81.6 78.5 83.3 89.5 90.1 89.8 91.2 97
38.2 39.4 40.4 41 42.1 43.9 47.1 51.9 58.2 66 73.4 80.3 89.1 97.6 101.7 108.3 113.9 121.2 124.7 124.8 114.2 110.3 121.6 126 119.5 112.6 109.8 110.9 118 128.8 130.9 124.3 119 115.9 115.9 117.9 116.6 115 113.4 110.1 92.9 88.8 86.9 103.3 105.1 103.5 94.8 92.5 97.4 91.3 86.4 91.9 96.4 111.2 124.7 132.7 135.7 131.5 121.5 104.3 101.5 93.3 93.6 104.8 111.8 111.7 108.8 106 106.4 88 65.3 48.8 48.4 50 56.4 52.2 56.4 61.2 65.5 68.6 69.9 76.8
36.8 38.8 39.2 39.3 40.6 42.1 44.8 47.6 51.7 57.5 64.2 71.3 78.8 84 92.5 99.7 107 113.5 117.9 114.4 97.4 102.2 115.4 125.3 122.7 120.8 119.5 115.4 119.1 125.5 126.2 123.1 119.8 117.8 114 106 104.7 102.3 103.2 98.9 91 83.3 84.4 91.2 91.6 90.6 87.2 82.7 86 80.9 81.6 85.4 87.9 95.8 105 113.5 120.1 120.3 110.4 94.6 88.5 84.8 86 95.9 101.4 107.3 106.6 100.2 97.4 71.1 46.1 47.7 48.3 48.4 47.9 48.1 48 48.2 48.5 49.1 48.8 50.3
35.4 36.8 37.5 37.8 39 40.4 43.1 45.2 47.7 51.4 55.7 61.5 67.1 74.4 81.2 88.7 95 102.3 106.3 102.3 85.9 92.6 105.6 112.6 115 118.1 117.1 115.9 117.2 119.3 120.7 121 117.9 113.5 100.7 89.8 87.9 87.9 91.6 89.5 85.3 82.1 79.6 83.4 85.3 85.1 81.6 77.6 77.7 75.1 75.2 76.3 78.6 83.3 90.8 98.1 103.9 106.7 102.3 93.1 87.1 82.2 82.5 88 90.8 96.3 96.4 91.8 82.4 58.6 43.9 46.2 48 47.9 47.8 48.1 48.5 49.3 49 49.2 49.4 49.3
34.7 36.1 36.2 37.1 38.3 39.5 41.8 43.8 46.2 47.8 50.8 55.5 59.4 65.6 72.2 78.5 83.9 88.8 92.3 88.6 77.9 86.5 93.2 96.5 106.8 112.1 111.1 112.6 110.5 115 118.2 113.8 108.9 101.6 88.9 79.1 77.7 81.4 84.8 82 80.1 78.3 76.6 78.5 80.3 79.8 77.7 73.9 72.5 73.2 71.1 70.5 71.9 75.3 80.3 84.2 89.2 95.6 91.2 86.5 83.4 79 77.6 80.3 82.1 78.8 78.5 76.5 65.2 47.8 43.9 47.3 48 48.2 48.4 48.6 49.3 50.6 49.8 50 50 50
34.3 35.3 35.9 37 38.3 39.5 41.2 42.7 44.9 46.3 48.1 52.2 55.8 60.2 65 69.5 72.8 75.4 78.8 80 72.8 76.6 78.7 86.3 99.4 102.8 99.1 98.9 99.2 112.8 116.4 104.9 91.9 87.6 80 71.9 72.5 76 79.3 77.5 76.3 74.9 73.7 75.7 75.4 74.9 73.2 69.7 67.3 71 71 68.1 66.2 68.2 73.2 74.3 82.2 90 83.2 79 76.3 75.3 74.2 73.1 61 50.5 51 53 53.2 43.7 43.8 46.5 48.1 48.7 49 49.1 49.8 49.7 50 50 50 50.3
34 35.2 35.7 36.8 37.9 39 40.3 41.7 43.5 45.6 47.4 50.1 54.2 58.1 61.2 63.6 66.6 68.5 70.1 71.2 68.8 68.6 72.4 82.1 86.4 88.5 87.7 83.2 89 104.8 102.2 94.7 83.2 76.8 71.1 68.3 70.6 73.2 74.7 73.6 72.5 71.6 71.2 71.8 71.8 70.8 69.6 66.1 62.3 64.5 68.1 66.2 63.6 63.9 68.6 72.4 79.9 82 77.4 73.1 71.9 71.9 71.7 68.1 49.9 45 43.5 43.7 43.9 43.6 43.7 45.8 48 48.6 49.1 49.6 50.2 50.2 50.4 50 50 51.3
34 34.7 35.5 35.7 36.8 38.1 39.5 40.8 42.8 44.9 47 49.6 55.3 57 58.2 60.1 61.8 63.3 64.7 65 64.7 64.1 68.2 74.9 76.6 77.6 78.2 74.1 84.7 88.9 85.8 84.2 79.8 74.1 68 65.6 66.3 69 70.7 70.7 70 68.1 67 67.6 67.7 66.6 64.9 63.1 59 60.7 63 62.3 59 61.3 64.7 70.9 74.5 74.9 72.4 69.8 68.9 68.8 67.7 63.8 48.6 43.1 42.9 43.2 43.7 44 44.5 47.1 47.9 48.3 48.8 49.6 50.9 51.9 52.1 51 51.2 53.1
33.7 35.1 35.7 35.4 36 37.3 38.6 40 42.1 44.4 46.4 49.1 53.3 54.9 56.4 57.6 58.9 60 60.7 60.4 60.1 61.1 64.7 66.8 69.6 72 72.6 69 72 73.4 74.7 78 78.7 73.2 66.2 64.4 62.5 65.4 68.4 68.1 66.3 64.9 63.8 64.1 63.4 62.5 61.6 60.1 56.6 57.7 59.4 57.6 56.6 59.3 62.6 66.7 68.3 69.3 67 65 65.3 65.4 63.8 60.2 46 43.2 43.4 43.7 43.9 44.8 47.4 48 48.2 48.2 49 50 51.9 53.9 53.7 52.5 53.1 54.4
33.1 34.1 35.7 35.2 35.7 36.5 37.8 39.1 41.2 43.1 45.4 48.9 51 52.3 54 55.7 56.6 56.9 57.4 55.5 56.3 58 60.4 62.3 65.3 68.5 68.7 66 65.2 66.7 69.7 75.7 75.5 69.2 64.8 60.3 58.9 62.4 66.5 66.3 64.9 62.9 61.4 60.7 59.9 59.1 58.8 58.3 56 52.9 53.3 54.3 53.7 55.1 58.7 59.6 60.7 62.1 61.6 62.2 62.2 62.3 59.8 55.7 44.1 43.8 44.5 45.6 46.1 46.5 48.7 48.4 48.6 49.2 50.1 51.2 52.8 55.1 55.5 53.5 53.8 53.7
34.2 34.1 33.9 35.1 35.1 35.8 37 38.4 40.4 42.7 44.9 46.8 48.9 50 51.4 53.6 54.1 54.7 54.9 53.9 53.9 56 57.1 58.5 61.7 65.7 65.3 62 60.2 62.3 70.6 76 72.7 67.3 62.9 57.4 57.3 62.4 67.4 70 65.7 62.2 59.7 57.6 56.6 56.7 56.4 56.2 55.5 51.7 49.3 49.1 48.2 47.5 52.2 53.3 54 56.2 54.6 55.9 57.8 59.3 57.3 50.1 44 44.4 47.2 48.4 49.2 49.9 50.2 49.7 49.8 50.5 51.3 52.3 54.1 57.3 58.9 54.9 53 53.5
33.9 34.3 33.9 33.9 34.3 35.2 36.4 37.6 39.5 41.6 43.5 45.1 46.9 48.4 49.9 51.8 51.3 51.6 52.4 51.3 51.5 53.5 54.7 56.3 58 61.8 60.5 57.7 54.2 59.9 67.3 70.7 69.8 66.2 61.9 56.5 54.8 61 66 68.8 67.8 62.9 58.9 56.1 54.3 54.4 54.1 53.8 51.7 48.6 44.2 43.5 43 43 43.8 48.9 50.4 51 49.5 48.5 50.6 52 51.1 45.3 44 45 47.1 49.7 51.3 51.6 51.6 51 51.1 51.8 52.5 54 56.2 60.5 66.1 60.6 54.7 53.2
35.9 35.5 34 33.9 33.9 34.2 35.3 36.4 38.6 40.2 42.5 44.2 45.8 47.7 50 51 49.7 49.2 50 48.8 49 50.6 52.3 53.7 54.3 55.9 54.8 52.8 48.7 55.7 61.6 64.6 65.1 63.9 60.4 53.3 51.8 58.9 62.5 64.7 65.7 63.3 58.5 56.2 53.5 51.6 50.8 49.8 44.7 43.8 43 43 43.3 43.2 43 43.7 43.9 43.9 43.6 43.3 43.6 43.2 43.9 43.8 44.3 46.2 48 50.1 51.8 52.9 53.1 52.4 53 53.9 54.6 57.7 62.1 65.7 66.8 62.5 56.9 54.3
38.2 35.8 34.4 33.9 33.9 33.9 33.9 34.8 36.6 39.3 41.7 43.6 45.2 48.1 51 51 49.8 49 47.4 46.6 47.1 47.3 48.1 49.9 50.5 50.8 50.6 48.8 44.9 48.8 53.6 56.1 59.7 61.5 59.3 52.3 50.4 56.2 57.9 60 60.4 59.6 56.5 54.9 52.6 49.7 47 43.1 43.5 43.6 44 45 45 44.3 43.9 43.6 43.7 43.6 43.7 43.9 44.2 44.1 43.9 44.8 46.2 48.5 48.5 50.1 51.8 53.6 54.5 54.2 54.8 55.7 57.1 59.8 66.5 68.7 69 67.1 57.8 54.3
40.7 37.9 35.5 34.4 33.9 33.9 33.9 33.9 34.4 38.1 40.8 42.8 45.5 48.6 51 51 49.4 47.4 45.5 44.4 45.9 46 44.7 45.2 45 44.8 44.6 42.7 39.7 40.4 39.9 43.2 49.8 56.8 55.8 45.6 46 52.1 53.4 54.1 54.7 55 54.7 53.2 51.9 49.2 44.6 39.6 42.2 44.4 46.6 47.3 47.8 46.2 45.4 44 43.9 43.9 45 45.1 45.3 45.8 46.4 47.5 49.5 50 50 51.2 52.6 54.2 55.7 56.3 56.6 57.4 58 61.5 66.7 69.8 71.3 70 60.1 55
41 39 36.9 35.7 35.3 35 33.9 33.9 34.3 34.1 39.2 42.6 44.7 47.5 49.5 48.2 46.4 45.2 43.1 42.6 45.7 45.6 41.6 37.8 37.8 39.3 39.3 39.5 38.9 38.9 39.5 39 39.8 43.9 45.5 41.6 40.3 44.5 49.7 51.5 50.3 51.6 51.6 51 48.3 41.2 39.4 43.2 45.6 46.3 47.9 47.8 47.7 47.8 48.2 45.4 45.6 46 46.2 46.7 47.7 48.2 48.4 49.8 50.8 51.4 51.9 52.9 54.3 55.7 57.2 58.2 58.8 59.2 60.5 64.2 67.5 71 71.7 71.7 64.1 55.3
41 39.3 38.1 37 36.6 36.8 36.4 34.5 35.3 34.6 33.8 35.9 39.3 42.9 45.6 44.5 42.6 41.8 41.2 39.1 40 39.4 39.2 37.2 36.6 39.4 39.8 39.8 39.2 39.2 39.8 40.1 38.8 39.5 40.3 39.3 38.8 39 40.9 44.7 46.7 48.3 48.7 47.4 40.3 39.3 41.4 45.6 45 45.8 47.2 48 47.9 48.2 48.4 48.1 48.1 48.1 47.8 48.6 49.4 51.1 51.1 51.4 52.6 53.2 53.8 54.3 55.8 57.2 58.7 59.9 63.2 59 64 67.4 70 71.8 72.5 71.6 66 56.8
42.9 40.8 39.2 37.8 37.7 37.3 36.8 36.5 36.3 34.7 33.4 33.9 34.2 34.1 35 37.5 37.2 39.2 38.7 39 39 39 39 39.5 40 39.7 40.4 40.1 40 40 40 40.1 40.2 39.3 40 39.2 40 40 39.1 39.3 40.7 45.4 46.2 42.3 39.1 41.6 45.1 43.9 45.3 46.1 47 48 48.3 48.6 49.1 49.7 50.6 50.5 51 50.7 52.7 54.1 54.6 54.2 54.9 55.4 55.6 55.4 57.1 58.6 61.4 65 66.3 65.7 67.9 69.9 72.5 73.4 74 73.6 67.7 58.3
45.6 43.1 40.6 38.6 38.2 37.7 37.6 37.4 37.3 36.9 34.6 34.6 35.5 33.8 33 33.8 34.5 37.2 38.2 39 39.1 39.5 39 40.3 40 40 40.1 40.1 40 40.2 40.5 40.4 40.2 40 40 40.3 40.2 40.8 40 39 38.8 39.6 41.7 39.2 39.9 44.1 45.5 45.3 45.8 46.7 47.5 48.4 49 49.4 50.2 50.6 52.4 53.3 54.4 55.9 56.2 56.7 56.5 56.8 55.9 56.3 57.4 57.2 58.3 62.2 66.2 67.4 68.4 69.9 69.1 71.3 75.4 76.6 77.4 75.3 68.8 63.3
45.8 43.6 40.3 39.2 38.6 38.4 38.2 38.4 38.1 37.9 36.7 37.3 37.6 36 35.3 35.9 36.5 37.5 38.4 39.3 39.3 40.9 40.7 40.1 40.8 40.7 40.6 40.7 40.7 40.7 40.8 40.6 40.5 40.6 40.7 41.3 41.3 40.4 40.3 40.3 39.7 39.3 39.3 39 41.7 45 45.6 46.4 47.2 47.4 48.2 49.1 50.1 50.3 50.6 51.8 53.6 54.9 55.2 55.7 55.6 56.4 57.8 57.8 56.8 56.8 58.2 59.6 60.6 63.7 68.7 69.6 70.5 72.5 72.6 72.5 77.7 80.4 80.2 76.7 71.8 68.3
43.8 42.2 39.7 39.5 39.3 39 38.8 39.3 39 38.7 39.1 40 39.9 39.5 38.9 38.8 38.9 38.7 39.5 40.8 40.9 41 40.6 40.6 41.7 41.6 41.6 41.6 41.6 41.6 41.8 42 42.1 42.1 42.2 42.5 42.4 41.9 41.4 41.6 42.4 41.9 41.9 43.2 44.9 45.9 46.7 47.5 48.3 49.1 48.9 49.8 50.7 50.9 51 51 51.5 51.5 51.9 53.8 54.3 56.1 58.1 58.8 58.5 58.3 62.6 66.5 66.3 64.1 70.5 72.4 73.7 74.8 76.2 74.1 80.4 85 84.4 81.8 76.1 71.4
40.7 41.1 40.9 39.3 39 39.7 39.8 40.1 39.9 39.4 40.4 40.3 40.5 40.8 40.3 40 40 40.1 39.2 41 41 41 40.5 41 42.5 42.5 42.5 42.5 42.6 42.6 42.8 43 43.4 43.6 43.8 44 44 43.8 43.8 43.7 44.4 45.5 45.6 45.7 46.4 47.2 48.1 48.6 49.4 50.2 50.6 50.4 50.9 51 51 51 51 51.2 53 53.9 55.9 57.9 58.4 59.3 58.9 63.4 69 71.9 71.4 68 70.2 74.6 75.7 76.7 77.6 75.8 80.4 91.6 90.9 86.7 79.6 74.1
40.8 41.8 41.4 39.8 40.1 40 40.2 40.6 40.3 40.1 41 41.2 41.4 41.6 41.3 41 40.8 40.6 40.1 40.2 41 41 40.3 41.5 43.2 43.3 43.4 43.5 43.5 43.6 43.8 43.9 44.3 44.8 45.2 45.4 45 45 45.3 45.3 45.8 46.5 47.1 47.3 47.9 48.7 49.5 49.7 50.5 50.9 50.8 50.8 51 51 51 51 52.2 53.6 55 57 59.2 62 62.5 60.3 61.4 68 73.7 76.8 75.9 69.5 69.7 75.1 77.3 79.5 81.6 80.3 78.2 90.6 93.6 89.8 84.5 76.2
39.8 40.9 41 40.9 40.6 40.5 40.8 41 41.4 41.3 42.1 42.4 42.6 42.7 42.3 41.8 41.5 40.8 39.9 39 40.5 40.8 40.2 42.2 43.7 44.3 44.2 44 43.9 44.4 44.5 44.9 45.4 45.9 45.7 45.8 45.4 45.7 46.1 46.5 47 47.6 48.2 48.8 49.4 50.2 50.9 51 51.4 51.3 51.2 51.1 51 51.5 51.9 53.3 55.7 57.4 60 63.1 68 70.7 67.2 63.6 65.7 69.6 77 80.7 79.7 73.3 70.3 74.3 77.8 82.2 86.5 88.6 82.7 88.5 91.6 91 84.4 76.9
38.3 40.2 41 40.6 40.5 40.4 41.6 42.2 42.5 42.6 43.3 43.6 43.8 43.8 43.4 42.9 42.4 41.6 40.8 40 39.2 39.5 41.4 43.2 44.8 44.7 44 44 44.3 45.5 45.4 46 46.6 46.6 46.3 46.1 45.9 46.4 46.8 47.4 48.2 48.8 49.4 50 50.6 51.1 51.7 52 52.3 51.9 51.6 51.6 52.1 53.2 55.1 56.4 59.8 63.5 67.4 71.5 75.4 75.2 69.4 65 71.8 74.2 79.9 85.9 83.3 77.8 73.5 73.9 77.4 82.6 88.8 95 94.9 93 93.2 89.8 85.1 78.6
37.9 39.5 39.5 39 39.5 40 41.3 42.7 43.5 44 44.4 44.8 45 44.9 44.4 43.8 43.6 42.7 41.8 40.9 40.4 39.7 41.5 43.8 45.4 46 44.6 43.9 44.6 46.1 46.8 47.1 47.3 47.2 46.9 46.6 46.6 47.2 47.9 48.6 49.7 50.2 50.7 50.8 50 51.8 52.4 53.3 53.9 53.1 53.2 53.9 54.4 55 57.4 61.4 66.5 71.3 74.8 76.8 78.1 76.5 70.5 68.2 76.9 83.7 89.7 91.3 86.9 79.8 79.5 80.5 78.3 81.6 89.7 96 97 96.7 94.7 90.8 86.3 80.4
37.7 39 39.2 39 39 39.8 41.1 42.4 43.8 44.8 46.6 46.7 47.2 47.5 46.7 44.3 44.8 43.9 43.3 42 41.5 40.9 41.5 44.1 43.9 44.6 44.9 43.9 46.5 47.9 47.6 47.7 47.8 47.8 47.5 47.2 46.9 47.6 48.2 49 49.1 49.8 49 49.5 49.9 51.7 53.2 54.3 55.4 54.2 55 56 56.7 56.6 60.2 65.8 73 78.4 81.7 83.3 81.2 77.8 72.5 70.8 81.1 90.9 94.8 94.6 88.8 82.1 85.4 91 85.2 83.3 90.5 97.2 98.3 97.4 94.2 91.4 86.8 80.2
38 39.2 40.1 40 40 40.3 41.5 42.7 44.1 44.4 47.5 49.5 50 49.8 49.3 46.6 45.6 45.9 44.5 43.2 43 42.4 42.2 43.6 43.8 44.1 44.3 43.9 46 47.5 47.5 47.6 47.7 47.8 47.9 47.8 47.7 47.3 48.1 49.1 49.8 49.4 49 49 51.6 54.1 54.6 55.7 56.2 56.5 57.5 59.2 60.3 59.4 65 68.7 79.2 85.7 89.9 90.7 85.1 79.2 73.7 75.5 87.4 95.4 99.2 96.8 90.9 85.5 94.5 98 93.7 87.9 90.5 97.8 99.5 96.8 93.4 90 85.7 78.3
38.4 39.3 39.8 41 40.2 40.7 42 43.5 44.7 47.7 50.8 50.9 50.9 50.9 51 49.9 47.7 45.5 44.5 44.6 44.3 44 44.3 44.1 44.1 43.9 43.9 46.1 46.8 47.2 47.3 47.5 47.6 47.8 47.9 47.8 47.7 47.6 48.3 48.6 50 49.2 50 53.4 56.1 57.3 57.1 57.9 57.7 58 59.2 62.7 64.6 65.8 67 72.3 83.1 91.1 95.9 93.6 86.9 78.8 75.9 81.8 91.7 99.5 101 99.8 94.8 93.2 100.5 102.3 98.3 95.5 91.9 101 101 97.2 92.6 87.9 83.1 74.8
38.6 39.7 39.1 39 40 40.9 42.2 44 45.4 48.7 50.9 50.9 50.9 50.8 50.9 51 48.6 47.6 46.5 46.3 46.8 47.1 47.2 46.3 44.6 45.5 43.9 44.1 46 47 47.3 47.6 47.5 47.7 47.8 47.8 47.7 47.6 48.5 49.7 50.4 52.3 54.9 58 60.3 61 60.5 60.4 60.6 59.9 63.2 67.1 70 69.8 69.5 75.7 86.2 94.4 98.5 95.1 87.8 82.6 79.3 83.4 93.3 101 101.5 101.7 97 101.1 103.6 104.4 104.3 98.2 100.7 101 99.1 96.9 92.3 86.8 79.8 74.9
38.7 39.5 41 39.8 40.2 41.1 42.4 44.1 44.2 47.3 50.5 51 50.9 50.7 50.7 50.8 50.6 50.6 49.9 48.7 51.1 50.5 50.8 49.4 47.9 46.2 44.5 44 44.9 46.7 47.5 47.3 47.5 47.6 47.7 47.8 47.7 47.6 48.8 49.8 51.6 53.6 56.2 60.1 63 65.7 65.8 64 64.5 66.2 67.6 71.5 77.4 79.8 74.2 80.2 89.6 100.7 101.1 95.3 90.4 86.8 83.9 82.5 87.6 95.9 101 101.3 99.9 102.7 106.5 107.9 107.1 106.3 103.3 100.2 94.8 90.4 85.9 79.9 78.7 81.6
38.9 40.4 40.9 40.5 40.9 41.2 42.5 43.7 44.6 48.3 49.2 49.1 49.7 51 52.5 53 53.7 54.9 54.5 56.9 59.9 60.4 58.3 55.5 51 48 46.7 45.4 45.1 44.9 47.1 47.3 47.4 47.5 47.6 47.8 47.8 48.5 49.3 49.7 51.4 53.8 56.4 60.5 64.3 66.6 67.9 66.6 67.8 71 74.7 83 89.5 89.9 84.8 88.4 95 101 102.2 97.8 94.4 94.7 91.6 87.8 90.1 90.2 97.2 100.8 101.5 105.7 110.1 110.6 109.3 108.8 105.4 99 90 84 79.1 78.9 78.5 88
38.9 40 40.7 41.1 41.4 41.5 42.7 43.9 46.4 49.1 49.2 49 50 51.5 52.8 54.7 55.7 57.1 58.4 60.5 63.9 65.7 62.7 59.6 53.3 49.7 48 46.4 46.1 45.7 46.8 47.3 47.4 47.6 47.9 48.1 48.8 48.9 49 49 50.5 54.5 57.3 60.9 64.8 67.5 70.3 70.4 71.7 76.1 85.6 93.7 101.4 101.6 94.6 97.8 101.1 104.7 104.1 101.9 99.8 99.4 97.6 95 97.5 99.3 100.7 102.9 104.3 107.9 110.3 110.3 110.4 110.7 103.2 94.3 86.8 87.7 84.3 81.1 79.9 88.7
38.3 39.6 40.8 40.7 40.7 41.9 43.1 44.3 47.2 50.7 51 50.7 50.6 51.8 53.3 55 57.4 59.4 60.3 60.2 61 64.5 61.9 58.2 52.2 48.6 47.8 47.1 46.8 46.9 46.6 47.7 48.2 48.4 48.6 48.9 49.1 50.6 49.6 50.2 51.9 55.5 58.5 60.9 64.9 68.1 70.9 73.4 76.9 82.2 92.8 101.9 106.8 105.7 102.3 106.5 106.3 107.3 106.6 106.5 105.1 102.9 101 99.7 100.9 102.1 103.6 105.4 107.7 110.6 110.2 110.4 110.5 110.4 102.9 93.5 97.4 95.3 87.6 88 83.4 87.5
37.3 38.5 39.7 40 41.2 42.3 43.4 45.1 47 49.8 50.8 50.5 51.6 52.7 53.9 55.6 58.3 61 60.9 60.8 61.4 65.4 60.1 56.3 52.5 49.2 48.4 47.8 47.5 47.6 47.2 47.6 48.1 48.7 49.2 49.6 49.9 50.6 51.2 52.5 54.5 56.6 59.1 60.6 64.7 68.9 72.4 76.5 84.8 92.4 103.1 107.7 109 111 110.8 110 109.1 109 108.2 107 106.6 105.2 103.7 102 101.5 101.9 103.8 106.3 110.1 113.4 113.2 110.5 110.5 109.9 104.9 100 104.1 101 94.3 95.8 88.6 93.9
36.3 37.4 38.8 40.3 41.3 42.4 43.4 44.4 46.7 49.1 50.9 51 52.1 53.2 54.5 55.9 58.5 60.7 61 60.8 60.3 63.6 57.3 53.7 51.4 49.3 49.1 48.5 48.3 48.6 47.9 47.2 48.1 48.6 49.1 49.7 50 50.5 51.8 53.1 54.6 57.3 59.3 61 64.5 69.3 73.2 79.5 89.4 103.1 110.3 111.2 111.1 111 111 110.8 110.5 109.5 107.9 106 105.6 105.6 103.4 101.5 101.3 101.7 103.7 106.3 110.8 111.9 114.2 111.4 110.9 110 106.6 104.9 106.8 104.2 100.7 96.2 91.2 97.3
