webserver/python/data/TQ06.asc
ncols 200
nrows 200
xllcorner 500000
yllcorner 160000
cellsize 50
[rows 38 to 75 of 200, columns 0 to 86 of 200]
34 34.6 35.2 35.9 36.3 36.3 35.4 35 33.1 30.7 24.7 19.9 17.7 16.6 16.4 16.6 16.8 16.9 16 15.2 15.7 16.3 16.1 15.9 15.7 15.9 16.1 16.1 16.2 16.4 16 16.3 16.3 16 15.5 14.9 14.7 14.5 14.4 14.6 15.2 15.4 15 14.7 12.4 14.6 15.4 12.7 14.3 14.2 13.7 12.3 12.3 12.3 12.3 12.3 12.3 12.3 12.3 12.3 12.3 12.3 13.4 15.4 12.4 12.5 12.5 12.5 12.5 13.6 13.6 13.6 12.7 12.7 12.7 12.7 12.7 12.7 12.7 12.7 13.3 10.6 10.6 13.4 13.2 13 12.7
32 32.2 34.7 35.8 36.3 36.2 34.7 34.3 33.4 31.3 26 19.8 18.8 17.5 17.6 17.6 17.7 17 16.4 15.5 16.1 16.4 16.3 16.1 15.9 16.3 16.6 16.6 16.6 16.7 16.8 16.7 16.7 16.5 16 15.4 15.3 15.1 14.9 14.6 14.3 14.6 14.7 14.7 14.5 14.8 16.5 17.3 15.3 15.9 18 20.3 14 12.3 12.3 12.3 12.3 12.3 12.3 12.3 12.3 12.3 12.4 12.5 12.5 15.2 12.4 12.4 12.5 12.5 13 13 13 12.8 12.7 12.7 12.7 12.7 12.7 12.7 11.3 10.6 10.6 13.5 13.1 12.8 12.5
29.8 29.7 32.6 35 36.6 36.4 34.9 33.4 32.8 30.1 25.6 21.3 19.1 18.8 18.7 18.5 18.1 17.4 16.6 16.3 16.8 16.5 16.4 16.3 16.2 16.6 17 17.1 17.1 17.1 17.2 17.1 17.1 16.9 16.5 16 15.8 15.7 15.1 14.5 14.4 14.5 14.5 14.4 14.3 14.3 16.4 18.4 16.7 17.1 23.4 22.8 22.8 20.1 12.3 12.3 12.3 12.3 13.5 13.6 12.4 12.5 12.5 12.5 12.5 12.5 12.4 14.1 12.5 12.4 12.4 13 13.2 13.1 12.7 12.7 12.7 12.7 12.7 12.9 10.8 10.6 10.6 10.9 13.7 12.7 12.3
28.7 27.7 29.1 30.5 35.6 35.3 33.6 32.7 31.5 30 25.7 23.7 21.8 20.9 19.3 19.1 18.8 18.1 17.5 17.3 17.6 17.1 16.7 16.4 16.6 17 17.4 17.6 17.6 17.6 17.6 17.6 17.5 17.2 17 16.6 16.3 15.7 15.1 14.6 14.5 14.3 14.3 14.3 14.3 14.5 16.2 18.3 19 23.1 24.4 24.1 23.8 20.1 15.8 15.3 16.3 14.9 15.5 14.6 14.2 14.7 12.5 12.5 12.5 12.5 12.5 12.5 12.5 12.5 12.5 12.4 13 12.7 12.7 12.7 12.7 12.7 12.7 14.1 10.6 10.6 10.6 10.6 10.6 13.5 12.5
26.1 25.7 26.8 27.8 29.7 32.2 32.5 31.9 31.3 30.1 27 25.1 24.2 23.9 23.6 21.8 19.6 19.2 18.6 18.5 18 17.6 17.2 16.8 17 17.3 17.7 18.1 18.1 18.1 18.1 18.1 18 17.7 17.4 16.8 16.2 15.6 15 14.7 14.6 14.3 14.6 14.7 14.8 15.3 17.5 18.6 21 25.3 24.7 25 24.9 24.6 24.6 19.4 20.8 17.2 14.9 15.8 15.6 14.9 12.5 12.5 12.5 12.4 12.5 12.5 12.5 12.5 12.5 12.4 12.7 13 12.7 12.7 12.7 12.7 13.2 12.7 10.6 10.6 10.6 10.6 10.6 10.6 12.2
23 23.8 24.7 25.7 26.9 30.7 30.9 31.3 30.9 30.1 28.5 27.1 25.6 25.7 25.1 25.7 23.4 21.1 20 18.9 18.3 17.8 17.5 17.5 17.6 17.8 18.1 18.5 18.6 18.6 18.5 18.6 18.6 18.3 17.9 17.5 16.2 15.5 14.9 14.8 14.5 14.3 14.6 15 15.2 16.4 19.2 21.8 35.9 42.9 41.4 40.1 37.6 29.7 24.9 24.1 21.7 18.6 15.3 15.9 16 16.2 16.4 15.5 13.3 12.5 12.5 12.5 12.5 12.5 12.4 12.5 12.5 12.5 12 12.9 12.7 12.7 12.8 12.9 10.6 10.6 10.6 10.6 10.6 10.4 10.9
21.8 22.7 23.6 24 24.2 26.8 28.3 29.7 29.4 28.6 28 27.8 26.9 26.7 26 25.1 25.8 23.9 20.3 18.9 18.4 18 17.9 18.2 18.3 18.4 18.7 19 19.1 19 19 19.2 19.1 18.8 18.5 18.4 17.2 15.9 15 14.7 14.6 14.8 15.9 16.2 16.4 17.4 21.8 34.3 44.8 50.6 53.6 55.8 55.2 50.3 33.8 24.1 21.7 19.3 15.2 15.4 15.5 15.3 14.6 14.8 13.2 15.1 16.1 15.1 13 12.4 12.5 12.5 12.5 12.5 12.5 12.3 12.7 13 13.2 13.1 12.7 12.8 11.8 10.3 10 9.6 10.1
23.8 24.5 24.3 24.1 24.1 24.1 25.9 26.9 27.9 27.1 26.4 26.5 28 27.8 26.8 25.3 25.4 23.2 21.2 19.6 18.6 18.4 18.3 18.3 18.6 19.1 19.2 19.3 19.7 19.5 19.9 20.7 19.6 19.3 19.1 19 18.1 17.2 16.3 16 17 15.9 17.5 18.5 21.1 27.1 37.8 47.6 52 55.3 60.5 65.2 64.2 61.9 53.5 39.8 29.1 18.7 14.8 14.8 14.7 14.5 14.3 14.1 13.9 12.5 12.5 12.5 13.3 15.7 15.4 14.1 13.3 12.5 11.9 12.2 12.8 13.4 13.2 13.1 12.9 12.6 9.9 9.4 9.3 9.3 9.3
25.3 24.4 24.2 24 24 24 24.9 26.4 26.5 25.6 25 25.1 27.3 27.1 25.8 25.9 24.5 23.7 22.2 20.7 18.9 18.8 18.7 18.6 18.6 18.8 19.3 19.1 20.3 24.1 25.4 24.8 22.4 19.8 19.6 21.4 21.8 22.5 20.4 20 22.2 23.7 25.8 33 40.5 42.9 45.3 49.6 52.1 54.9 62.1 66 66.7 66.4 61.3 52.4 36 24.6 16.2 15.1 14.6 14 13.3 12.9 12.6 12.5 12.4 12.5 12.5 12.5 12.4 13.5 14.8 15.3 14.7 13.4 13.1 13.6 13.3 13.1 12.9 12.4 9.9 9.3 9.3 9.3 9.3
25.6 24.4 24 24 24 24 24.9 25.9 25.1 24.2 24 25.8 25.5 25.8 25.3 25.6 25.7 23.5 21.9 20.4 19 19 19 19 18.9 19 20.2 19 24.9 26.4 26.4 26.3 26.9 24.4 20.3 20.5 20.4 22.2 24.2 26.2 27.3 35.7 36.1 39.1 40.7 42.6 44.7 47.9 51.1 53.8 62.1 66 66.7 65.5 62.7 56.5 44.4 29.4 20.7 15.4 15.1 14.5 13.5 12.5 12.5 12.5 12.4 12.5 12.5 12.4 12.5 14.3 15.9 15.9 14.7 14.1 14.1 13.7 13.5 13.3 13 12.3 10.4 9.3 9.3 9.3 9.3
26.8 25.1 25.7 26 24 24 24.9 24.6 24 24 24 26 25.6 24.4 24.6 24.5 24.4 22.7 21.5 19.6 19 19 19 19 19 19.6 21.3 23.4 25 27.5 27.6 26.9 26.5 21.4 18.7 19.1 21 23.6 27.7 31.6 33.5 36 35.9 37.4 39.4 41.5 43.7 46.2 49.4 52.5 58.4 63.7 65.6 64.9 62 56.7 49.4 36.3 24.4 16.8 14.7 14.3 14.1 12.5 12.5 13 12.5 12.4 12.4 12.5 12.4 13.1 15.9 15.9 15.4 13.2 13.5 13.5 13.4 13.2 13 12 10.5 9.6 9.3 9.3 9.3
26.8 26.3 25.4 24.7 25 24 24 24 24 24 24 26.2 24.9 24.4 23.8 23.1 23 21.9 21.1 19.6 19.3 19 19 19 19.9 23.5 23.6 25 26.4 27.2 27.9 28.5 24 19.4 18.5 19 20.1 22.8 27 31 34 33.3 34.3 35.7 38.4 40.5 42.7 44.9 47.7 50.1 54 58.4 62 63.4 58.4 54.6 51.7 41.9 30 18.6 14.3 14 13.9 12.8 12.9 13 13 12.9 12.2 13.2 12.6 12.6 15.9 15.9 13.2 13.2 13.1 13 13 12.9 12.8 12.4 11.6 10.9 10.1 9.4 9.3
29.5 29.5 27.5 27.6 27.6 25.7 24 24 24 24 24.4 24.2 24.8 23.3 22.7 22.2 21.8 21.1 20.3 19.6 19.1 19 19 19 21.8 25.9 26 25.3 26.6 27.2 27.8 27.8 23.5 19 18.9 18.5 19.3 21.2 24.4 28.1 29.9 31.1 32.8 34.9 37 38.7 41 43.2 45.1 47.6 50.4 54 57.5 54.4 54.4 53.6 51.8 43.2 32.8 20.4 14.8 14.2 13.7 13.2 12.4 13 13 13.2 12.9 12.6 12.6 12.6 15.9 13 13.2 13.1 13.1 13.1 13 13 13 12.8 12.1 11.3 10.6 9.9 9.7
29.6 29.1 27.8 28.7 27.9 27.1 25.4 24 24.1 23.9 23.4 22.1 22.6 22.2 21.6 21 20.7 20.3 20.8 19 19 19 19 19 21.6 26.8 28.2 27.2 26.5 27 27.5 27.3 22.9 19.2 18.9 18.4 19 20.6 21.5 23.5 25.2 30 32.4 34 35.3 36.5 38.4 39.8 42.6 45.6 48.5 51.9 54.5 53 52.8 52.9 51 43 33.2 20.4 15.1 14.2 13.8 13.6 13 13.3 13.2 13.3 13.3 13.8 12.6 12.6 12.7 12.9 13.2 13.3 13.2 13.2 13.2 13.1 13.1 13.1 12.5 11.8 11 10.5 10.2
29.2 29.2 29.3 29.4 28.9 28.2 26.8 25.5 24.1 23.4 22.5 21.7 21.3 21.1 20.5 19.9 19.6 19.8 19.4 19.1 19 19 19 21.1 24.8 27.9 28.9 28.3 26.8 27.1 27.5 27.3 23.8 21.5 19.2 18.8 19.7 20.6 20 20.6 24 28.8 30.9 32.3 33.6 34.8 35.8 37.7 40.1 42.8 45.6 49.6 51.8 51.3 51.2 51.2 50.2 42.3 32.8 19.2 16.2 14.3 13.9 13.7 13.5 13.3 13.3 13.3 13.3 13.5 12.6 12.6 12.6 12.9 13.2 13.3 13.4 13.4 13.3 13.3 13.3 13.3 12.9 12.2 11.5 11 10.7
31.5 31 30.9 30.5 29.8 28.9 27.6 26.9 26.6 24.2 23.6 22.4 21 20.2 19.4 19 19 19 19.1 19.2 19.2 21.2 25.2 26.4 26 28.6 28.7 27.7 27 27.1 27.1 27.1 26.6 26.5 24.9 22.2 21.4 24.9 23.1 21.4 25.3 28.3 29.8 30.6 31.9 33.1 34.4 35.3 37.6 39.8 42.4 46.3 47.4 48.1 48.3 47.8 47.4 41.2 30.5 19.1 15.3 14.4 14.2 13.8 13.6 13.4 13.3 13.2 13.6 13.2 12.8 12.6 12.6 12.9 13.1 13.3 13.5 13.5 13.5 13.4 13.4 13.4 13.4 12.6 11.9 11.5 11.2
31.8 31.6 32.3 31.5 30.7 29.5 28.2 27.5 27.9 28 24.5 23.4 21.9 20.2 19 19 19 19 19 19.1 21.1 23.7 25.6 26.6 26.7 27.9 27.1 26.9 26.7 26.4 26.4 26.4 26.5 26.8 26.3 26.8 26.8 26.6 26.2 24.6 26.6 27.5 28.8 30.2 30.8 32.1 33.2 33.9 35.2 37.4 39 41.5 43.5 44.1 44.4 44.4 43.6 40.9 32.9 19.4 15.2 14.7 14.3 13.9 13.7 13.5 13.3 13.5 13.7 13.6 12.9 12.7 12.7 12.9 13.1 13.3 13.5 13.6 13.6 13.6 13.6 13.5 13.7 13.1 12.3 12 11.7
31.7 33.3 33.5 33 32 30.3 29.5 29.1 28.3 28.4 24.7 24.3 22.8 20.1 19.1 19 19 19 19.7 20 21.1 23.5 24.9 25.9 26.9 27.1 27 26.9 26.7 26.2 25.7 25.4 25.1 25.1 24.9 24.8 25.2 25.1 25.5 24.9 25.3 25.8 27.2 28.8 30.1 30.9 32 32.7 33.1 34.3 35.6 36.7 39.3 40 40.4 40.7 40.4 39.6 37 22 14.5 14 14 14.1 13.8 13.5 13.3 13.6 13.6 13.6 13.3 12.8 12.7 12.9 13.1 13.3 13.4 13.6 13.8 13.7 13.7 13.7 13.8 13.5 12.9 12.5 12.2
33.8 35.6 35.4 34.6 33.3 32 31.2 30.9 30.1 25.2 26.3 26.6 24.7 22.7 19.6 20.1 20.8 21.4 22.2 22 21.2 22.7 24.5 24.9 25.6 26.9 26.8 27 26.7 26.2 25.7 25.3 24.1 24.1 24 24.1 24.2 24.8 24.4 24.3 24.2 24.6 25.5 26.9 28.4 29.8 31 31.1 30.8 31.1 32.6 33.7 34.9 35.9 36.4 36.9 37 37.9 39.8 30.3 18.5 16.1 14.8 13.8 13.7 13.4 13.5 13.5 13.5 13.5 13.4 13 12.7 12.9 13.1 13.3 13.4 13.6 13.8 13.9 13.8 13.8 13.9 14 13.4 12.9 12.7
38 38.8 38.7 36.7 33.8 33.2 33 31.1 26.8 28.3 28.7 27.6 26.4 24.7 20.2 23.2 23.5 23.8 24.7 23.2 22.3 22.5 23.5 24.3 24.5 25.2 26.8 27 26.7 26.2 25.9 25.5 24 24.5 24.3 24.4 24.7 24.1 23.5 23.3 23.1 23.4 24.4 25.3 26.5 28.1 29.5 29.6 28.5 28.7 30.6 31.8 32.5 33.3 33.7 33.9 34.6 35.3 35.4 32.5 22.4 16.6 14.1 13.4 13.6 13.3 13.4 13.4 13.4 13.4 13.3 13.3 12.8 12.8 13.1 13.2 13.4 13.6 13.8 13.9 14 14 14.1 14.2 13.8 13.4 13
41.2 41.2 40.6 37.2 35.8 34.8 31.3 28.7 31.3 31.5 29.8 28.3 26.6 24.8 23.6 25.8 26 25.6 25.7 24.8 23.2 23.1 23.5 24.3 25 26 25.6 27 26.8 26.3 25.7 25.3 25.8 26.6 26 24.9 23.9 23.4 22.8 22.4 22.1 22.3 23.2 24.2 25.1 25.8 26.6 26.1 26.1 26.6 28.7 29.4 29.8 30.5 30.9 30.9 32.3 33.4 33.2 30.4 25 18 14.2 13.7 13.4 13.3 13.3 13.3 13.3 13.2 13.2 13.2 13.1 12.8 13 13.2 13.4 13.6 13.7 13.9 14.1 14.1 14.2 14.2 13.8 13.4 13.3
42.3 42.4 41.5 39.5 37.8 31.4 29.4 34.4 33.5 31.8 30.2 28.5 26.7 25.1 25.2 27.6 27.5 27.1 27.1 25.5 23.6 23 23.5 23.8 24.4 25.9 25 25.3 25.8 25.8 25.9 26 26 25 25.2 24.8 23.6 22.7 22.1 21.5 21.3 21.3 22 22.9 23.8 23.9 23.7 23.8 23.8 25.4 26.8 27.3 27.8 28.7 29 29 30 31.7 31.8 30.9 25.8 20.1 16.1 14 13.5 13.3 13.2 13.2 13.1 13.1 13.1 13.1 13 12.9 13 13.2 13.4 13.5 13.7 13.9 14.1 14.2 14.2 13.9 13.5 13.4 13.3
43.4 43.5 42 36.7 31.2 31.9 38.5 36.9 34.1 32.1 30.5 28.9 25.8 25.1 27.4 30 28.6 28.6 28.3 25.8 24.8 23.1 23.1 23.3 24 25.3 24 24 24.1 24.2 24.1 24 24 24 24.2 24.7 23.6 22.5 21.5 21 20.3 20.1 20.8 21.7 22.5 22.2 21.4 20.7 22.5 24.6 25.7 25.6 26.2 27.9 29.4 29.1 30.9 30.5 30.5 30.6 24.4 20 17 15.6 13.8 13.5 13.4 13.3 13.3 13.2 13.1 13.1 13 13 13.1 13.3 13.5 13.7 13.9 14.1 14.3 14.2 14 13.6 13.4 13.3 13.3
45.8 44.4 36.7 32.7 35.3 42.1 39.9 37.6 35 32.5 30.8 27.9 25.1 25.1 29.7 31.9 30.5 29.9 28.7 27.9 27.2 24.6 23.4 23.7 24.5 24.5 24 24 24 24.2 24.1 24 24 24.2 24.5 24.9 23.8 22.7 21.9 21 19.6 19.1 20.4 20.5 20.9 20.8 20.7 20.4 21 22.6 24.1 24.4 25.1 28.2 29.8 31 31 31 30.9 30.4 23.3 18.6 16.1 15.7 15.7 13.7 13.6 13.5 13.4 13.3 13.3 13.2 13.1 13.1 13.5 13.7 13.9 14.1 14.3 14.2 14.1 14 13.7 13.4 13.3 13.3 13.2
43.4 35 34.7 38.4 44.4 43.5 40.5 38 35.2 32.8 30 27.7 25.1 32 33.2 34.3 33 31.6 30.7 30.4 29.2 26.7 24.7 24.7 24.5 24.5 24 24 24 24.1 24 24 24 24.1 24.4 24.7 24.1 23.1 22.2 21.1 19.2 19 19.2 20.5 19.5 19.3 19.4 19.3 20.8 21.1 22.6 24.2 25.7 28.8 30.8 31 31 31 31 29.7 21.7 17.8 15.8 15.7 15.8 14.7 14.1 13.6 13.5 13.5 13.4 13.3 13.3 13.5 13.9 14.1 14.3 14.2 14.1 14 13.9 13.8 13.5 13.4 13.3 13.2 13.1
35.7 36 42.1 45.8 45.1 43.7 40.9 37.9 34.4 31.3 29.2 30.6 34.5 36.2 35.8 36.8 35.3 33.8 33.1 32.4 31 29.4 25.9 24.8 24.5 24.2 24 24 24 24.1 24 24 24 24 24.3 24.5 24.4 23.1 21.9 20.7 20.2 19.7 19.1 19.2 19.1 19.4 19.5 19.1 20.2 20.1 20.7 22.7 24.9 28.5 30.6 31 31 31 31 27.3 20.2 18.2 17.1 16.3 15.6 14.5 14.6 14.9 14.1 13.6 13.5 13.5 13.4 13.8 14.2 14.2 14.1 14 13.9 13.8 13.6 13.5 13.4 13.3 13.2 13.2 13.1
38 41.5 44.5 45.5 45.2 43.8 40.2 35.3 32.3 29.3 31.9 35.9 41.1 39.7 38.6 39 37.7 36.2 35.5 34.5 33.3 31.2 27.2 24.8 24.6 24.2 24 24 24 24 24 24 24 24 24.1 24.3 24.7 23.8 22.7 22.2 21.7 20.8 20.1 19.7 19.1 19.6 19.5 19.2 19.6 19.9 20.1 20.4 21.7 25.7 29.4 30.3 30.7 31.2 31 23.1 19.2 17.5 16.5 15.8 14.7 15.5 16 15.5 14.7 13.8 13.8 13.7 13.8 14.2 14.2 14.2 14.1 13.9 13.8 13.7 13.6 13.4 13.3 13.3 13.2 13.1 13
39.3 39.2 41.8 42.5 41.6 40.4 36.9 33.1 30 27.9 33.2 38.9 41.3 41.5 40.5 40.4 40.2 39.1 38.7 36.6 34.7 32.7 29.9 25.5 26 24.8 25.5 24 24 24 24 24 24 24 24 26 26 24.7 24.1 23.6 22.9 21.5 20.7 20.3 20.8 20.3 19.6 19.3 19.4 19.7 19.9 20.1 19.8 24.3 27.7 28.4 29.3 29.8 27.3 21.4 18.2 16.6 16.3 15.6 15 16 16 16 14.8 14.4 14.9 14 14.1 14.2 14.2 14.2 14 13.9 13.8 13.7 13.5 13.4 13.3 13.2 13.1 13.1 13
38.1 38.6 38.8 37.3 36.4 35.7 33.9 31.7 30.7 29 28.6 33.6 41.2 42.3 41.2 41.1 41 41 40.2 38 36 33.5 30.4 30.5 30.2 28 25.8 26 24.1 24.8 26 26 24.1 24.4 24.8 26 26 26 26 25.1 23.8 22.2 21.3 20.6 20.2 20.8 19.7 19.4 19.2 19.4 19.6 19.8 18.8 20.8 25.6 25.6 26.6 26.6 24.2 20.4 18.5 17.2 16.1 15.1 15 16 16 16 16 15.8 15.5 14.4 14.1 14.1 14.1 14.1 14 13.9 13.7 13.6 13.5 13.3 13.2 13.2 13.1 13 12.9
37.4 37.1 36.2 34.7 34.5 33.9 32.9 32.4 31.4 30.4 28.8 29.3 35.4 41.8 41.8 41 41 41 41 39 36.7 34.8 32.4 30.9 30.7 29.1 27 26.1 24.9 25.1 25.8 26 24 24.1 26 25.8 25.7 25.9 26 26 24.6 23.1 22.2 21.3 20.4 20.2 19.9 20.1 19.2 19.2 19.4 18.3 18.6 19.1 21.3 22.3 23.3 26 24.8 20.1 18.5 16.8 15.7 15 15 15 16 16 16 16 15.2 14.5 14.2 14.1 14.1 14.1 14 13.8 13.7 13.6 13.4 13.3 13.2 13.1 13.1 13 12.9
36 35.3 33.8 32.5 32.3 31.9 32.3 31.8 31.3 31 29.3 27.8 28.5 35.4 40.1 40.2 40.9 40.9 41 39.2 37.6 35.9 34.1 32 30.8 29.8 27.7 27.7 26.8 26.1 25.4 25.4 25 24.2 25.4 25.5 25.6 25.8 26 26 24.9 23.9 22.9 21.9 21 20.4 20.5 20.6 19.5 19 18.8 18.5 18.4 18.7 19.1 19.5 20.4 23 22.6 18.9 17.4 16.3 15.8 15 15 15 16 16 16 16 14.7 14.6 14.4 14.1 14 14 13.9 13.8 13.7 13.5 13.4 13.2 13.2 13.1 13 12.9 12.9
34.2 32.6 31 30.4 30.2 30.2 30.6 31.3 31.1 31.3 29.6 27.4 26.8 29.7 35.4 36.1 39.5 40.8 40.5 38.9 37 35.6 34.8 32.9 31.5 30 28.5 29.3 28.3 27.3 26.7 26.1 25.3 24 25.9 26 25.9 25.8 25.7 25.1 25.1 24 23.1 22.4 21.8 21 20.2 20.5 20.8 19.3 18.9 18.9 18.7 18.7 19 19.5 19.4 19.2 19.1 18.1 17 15.9 15.5 15.2 15 15 15 16 16 15.7 15.7 14.8 14.5 14.3 14 14 13.9 13.8 13.6 13.5 13.3 13.2 13.1 13 13 13 12.9
31.3 29.5 29 28.4 28.5 28.5 28.9 30.2 31.1 31.5 29.8 27.4 26.9 27.8 31.6 34.1 36.8 37.7 38.2 38 36.6 35.4 34.7 33.2 31.7 30.6 29.9 31 29.2 28.4 27.6 26.7 25.7 25.4 26.1 26.7 26.6 26.5 26.3 25.7 24.4 24.4 23.8 23.1 22.4 21.6 20.9 20.3 20.8 20.1 19.2 19.2 18.8 18.8 19.1 19.1 18.8 18.4 18.8 17.6 16.5 15.7 15.2 15 15 15 15 16 15.7 14 14.5 14.8 14.6 14.4 14.2 13.9 13.9 13.7 13.6 13.4 13.2 13.1 13.1 13.1 13 13 13
30 28.7 27.9 27.6 27.9 28.4 28.3 28.5 30.4 29.9 29.1 27.7 27.6 28.9 31.1 32.1 34.9 34.8 36.3 36.1 36.2 34.2 34.2 33.5 32.6 31.7 30.7 30.5 29.9 29 28.1 27.1 26.1 26.5 27.1 27.1 27.1 27.1 26.7 26.1 24.7 24.3 24.5 23.8 23 22.2 21.6 21 20.5 19.2 19.7 19.2 18.8 18.8 18.8 18.6 18.4 18.2 18.1 17.2 16.2 15.4 15 15 15 15 15 15.1 14.7 14.4 14.2 14.6 14.4 14.3 14.1 14 13.8 13.7 13.5 13.3 13.2 13.1 13.1 13.1 13.1 13 13
29.9 28.8 28.2 28.2 29 29.8 29.3 27.4 27.2 27.8 28.2 28.2 28.3 29.1 30.1 31 32.3 34.2 34.5 34.3 34.7 34 34.1 33.7 33.1 32.1 31.2 30.6 30.2 29.5 28.5 27.5 26.9 27.6 27.6 27.6 27.5 27.4 27.1 25 24 24 24.3 24.9 24.1 23 22 20.8 19.5 19.4 20.3 19.5 18.8 18.8 18.7 18.5 18.4 18.2 18.1 17.6 15.8 15 15 15 15.1 15.1 15.1 15.1 14.2 14.8 14.1 14.4 14.2 14.1 14 14.3 14.2 14.1 14.1 14 13.8 13.5 13.2 13.1 13.1 13.1 13.1
29.8 28.9 28.3 29.7 31 30.5 28.9 28.3 28.3 28.4 28.7 28.8 28.6 29 29.5 29 29.9 32.5 33.8 34 34 34 34.3 33.7 33.1 32.6 31.8 31.1 30.4 30.1 29 28.2 27.5 27.9 28 27.9 27.8 27.8 27.7 26.4 25.7 25.4 25.5 25.6 24.7 23.7 22.8 21.8 20.9 20.5 20.4 20.3 18.9 18.8 18.7 18.5 18.3 18.2 18.1 17.9 15.3 15 15 15.1 15.2 15.2 15.2 15.3 15.3 15.8 14.4 14.1 14 14.2 14.5 14.6 14.5 14.4 14.4 14 13.9 13.8 13.8 13.6 13.2 13.1 13.1
29.6 28.2 28.8 30.5 32 30 28.5 29.5 29.5 29.6 29.7 29.7 29.5 29.6 30.4 30.1 30.1 31.7 33.7 34.1 34.3 34.1 34.6 34.2 33.9 33.2 32 31.3 30.6 30.6 29.5 28.6 28.3 28.8 29.1 28.7 28.7 28.7 28.7 29.7 28.8 27.4 26.9 26.5 24.8 24.2 23.3 22.7 22.6 22.2 20.7 20.6 19.3 18.8 18.7 18.5 18.3 18.1 18 18 15.1 15 15 15.1 15.3 15.4 15.4 15.6 15.2 14.8 14 14.4 14.5 14.7 15 15 15 14.7 14.1 13.9 13.8 13.8 13.7 13.6 13.6 13.5 13.3
29.4 28.3 29.5 30.8 32 29.2 29.1 30.1 30.7 30.8 30.9 31 30.8 31 32 31.6 31.4 32.4 34 34.7 35.3 35.4 35.3 35.3 35 33.4 32.3 31.2 30.7 30 29 28.9 29.5 30.1 30.8 30.5 30 29.7 29.9 30.2 30.6 29.5 28.8 26.2 24.9 24.4 23.8 24.8 24.6 23.3 21.8 20.5 20.3 18.8 18.7 18.5 18.3 18.1 18 18 15.3 15 15 15.2 15.4 15.5 15.7 15.7 15.2 16.2 16.4 18.7 18.3 17.9 15.6 15.8 15.1 14.3 13.9 13.8 13.8 13.7 13.6 13.6 13.5 13.4 13.4
