webserver/python/data/TQ20.asc
ncols 200
nrows 200
xllcorner 520000
yllcorner 100000
cellsize 50
[rows 0 to 41 of 200, columns 95 to 189 of 200]
166.9 166.2 164.1 160.2 155.5 150.4 144.8 144.8 147.5 147.9 144.4 140.3 136 128.8 123.3 133.6 140.6 145.7 150.2 152.7 151.1 148.2 142.2 136.9 131.7 126.1 126 134.8 140.1 142.9 146 147.9 152.2 154.9 157.8 160.8 163.8 164.9 166.7 167.6 168.5 169.1 166.5 163.9 157.4 151.8 146.8 139.4 135.7 135.1 136.4 135.1 130.8 124.1 116.4 106.1 94.5 90 92.1 92.8 92.5 93.8 97.6 102.8 107.2 114.7 124.7 129.4 129.8 130.2 127.4 124.2 120.1 116.3 118.3 118.5 120.4 121.7 124 126.9 128.3 129.7 127 121.9 113.4 100.6 84.1 79.8 73.6 65.1 61.5 62.3 67.6 65.4 65.1
162.5 162.9 160.5 156.2 151.3 146.5 140.9 141.8 144.8 144.7 141.9 138.5 133.4 125.3 120.8 131.5 138.4 143.6 148.3 150.4 149.2 145.2 139.5 134.4 127.4 121.3 125.4 133.2 136.1 138.5 141.8 144.4 148.1 151.2 154.2 157 159.5 160.4 162.4 164.1 165.2 166.5 165.6 162.5 157.7 152.8 145.3 138.5 132.8 128.3 127.7 126.8 124 118.3 110.5 102.3 96.2 92 90.3 90.1 89.5 88.4 88.6 90 93.9 103.9 116.2 122.3 123.4 124.5 122.2 119.3 114.6 108 110.8 112.3 114.5 117.5 120.6 123.5 126.4 127.4 125.9 120 110.3 98 95.2 95.9 90.5 83.3 75.2 64.4 66.5 65.6 64.2
159.8 159.9 157 151.8 146.4 141.4 136.3 138.9 141.9 141.5 138.9 136.3 131 122.1 118.2 128 137.1 142.2 146.4 148.2 147.2 142.9 137.2 130.3 122.5 117 124.6 131 131.9 133.9 137.4 141 144.3 147.5 150.7 153.3 155.7 155.9 158.1 160.2 161.9 163.1 163.3 161.4 156.6 151.4 143.6 137.1 131.5 126 121 118.6 116 111.3 104.1 99.5 96.9 97 94.6 94 91.8 89.6 88.3 86.6 86.6 93 105.8 115.2 118.7 119.7 116.5 113.4 109.8 103.1 102.8 105.7 110.1 113.8 117.7 120.6 124.7 126 126.1 120 113.8 109.7 109.3 105.1 100.5 94.2 87.1 80.3 59.8 65.2 63.5
157.4 156.6 153.4 149 143.7 138 132 135.9 138.4 138.1 135.5 131.9 127.5 120.1 117.6 126.4 135.7 140.1 144.2 145.9 144.9 140.9 134.2 127.4 119 115.9 125.1 127.5 128 128.9 132.3 136.3 140.9 144.1 147.2 149.4 151.2 150.3 152.8 156.4 158.7 159.9 161.2 160.8 155.7 149 142 135.7 129.7 123.9 118.8 113.2 108.2 105.5 102.7 102.4 104.6 105 104.5 102.4 96.8 92.2 89.2 86.9 86.2 85.4 96.8 107.8 112.5 112.5 108.6 106 104.2 98.9 96.3 100.7 106.4 110.1 113.7 118.5 122.7 126.4 126.5 124.5 120.1 116.8 114.3 109.6 104 95.7 87.9 80.8 71.5 61.9 63.9
154.9 153.7 149.9 145.2 139 132.1 127.9 133 134.7 134.1 131.9 127.3 123 116.7 116.2 125.3 132.7 137.1 141.2 143.2 143.3 139.6 132.1 123.5 117 115.4 123.8 124.2 123.2 123.1 128 132.8 137.6 140.6 143.7 145.6 146.1 145.1 148.9 152.5 155.4 156.8 158.4 157.2 154.7 148.8 143 137 128.1 121.4 115.3 111.2 108.5 108.3 109.7 112.1 114.8 114.3 111.9 107.1 100.2 94.3 91.6 90.9 87.7 85.5 87.6 98.4 105.6 105.4 103.7 97.8 95.1 93.1 92.9 99.3 102.8 105.5 108.3 113.5 120.5 126 126.9 126.4 124.1 120.8 116.2 110 103.5 95.2 86.8 83 77.2 61.2 61.4
153 150.6 147.3 141.5 134.1 126.8 125.1 130.4 132 131 128 123.4 118.3 113.5 114.3 123.5 129.7 134.3 138.6 141.7 141.9 137.4 129.5 118.6 111.3 114.4 119.7 120.9 119.5 117.9 123.3 129.4 134.2 138.5 141 141.5 140.8 140.8 146.4 149.1 151.8 154.2 156.3 155.4 153.5 149.3 143.4 137.7 130.2 124 119 117.1 117.4 120 122.4 122.4 120.7 118.3 113.2 106.9 99.6 96.7 95.5 95.3 91.4 86.1 84.3 88.8 93.8 94.9 93.1 89.9 87.4 87 90.1 94.5 97.6 100.8 104 109.6 116.9 123.7 126.8 127.6 125.9 122.2 117 110.9 103.8 99.9 94 87.6 80.8 72.5 59.3
149.7 148.1 145.3 138.5 129.8 121.7 121.9 127.9 128.2 127.3 124 119.6 115.1 110.8 112.7 120.8 126.5 132.4 136.8 140.4 141.1 135.7 127.9 115.4 108.3 113 116.5 116.4 114.5 113.4 118.2 126.8 133.1 136.4 137.8 137.5 135.8 137.9 143.1 145.6 148.2 151.3 153.3 153.4 152.5 151.2 147.6 142.4 137.2 133.4 128.8 127.9 128.2 129.1 127.6 125.5 123.4 117.7 111.3 104 100.1 100.4 102.9 100.9 95.2 89.5 84.6 82.6 85 86 84.6 83.5 82.3 81.9 85.1 87.7 91.6 96.9 100.2 106.6 113.5 121.5 127.3 128.8 126.9 122.6 117.8 112.3 108.1 103.7 99.3 90.3 81.8 73.5 66.1
148.6 146.9 143.1 136.2 126.2 117.1 119.4 125 124.4 123.2 120.2 116.2 111.7 107.9 111.6 119.7 125.5 131.2 136.8 140.1 139.4 135.5 130.3 115 105.6 109.5 112.5 111.4 109.5 112 118.7 125.8 130.8 133.6 134 133.6 131.6 135.6 139.5 141.8 144.1 147.9 150.5 151.6 151.2 150.3 149.2 146.5 142.8 140.3 137.8 136 135.5 133 130.1 127 122.4 115.3 109.3 103.7 104.5 110 111.3 108.8 102.7 97 87.6 82.8 81.7 80.6 79.9 79.2 78.2 77.6 78.5 80.9 83.5 88.6 95.9 104 112.3 121.4 126.6 128.6 127.3 122.6 117.8 113.4 111.1 107.3 100.2 91.5 82.3 72.5 64.9
147.4 145.8 141.1 133.8 123 114.1 116.2 120.8 119.8 118.4 115.9 112.5 108.1 105.7 112.5 119.7 125.6 131.6 136.8 139.1 138.7 135.8 130.4 118 106.1 103.2 106.6 106.3 105.8 112.8 119.6 125.3 128.5 131.6 130.6 129 126.6 131.3 133.3 136.8 140.1 145 147.8 149.9 149.7 149.4 148.9 147.4 146.4 143.8 142.5 140.8 138.7 135.1 131.5 126.9 120.6 113.9 109 105.7 109.6 115.1 118.7 117.3 112.8 106.6 100.1 93.7 90.3 87.8 87.2 85 82.2 77.7 75.8 75.6 79.1 84.5 92.1 101.2 109.8 120.9 126.5 128.3 126.5 122.8 118 114.2 110 105.5 99.9 90.5 79.6 69.3 63.3
146.3 144.1 139.6 132.6 121.6 111.8 112.1 115.5 116.1 115.8 112.7 109 105 104.9 113.6 119.8 125.8 132.6 136.3 137.9 138.1 136.6 131.5 123.4 110.3 99.4 99.2 100.1 105.7 112.6 119.1 124.7 127.4 128.8 127.8 124.2 122.9 126.3 130.1 133.4 137.9 142 145.4 147.3 147.9 147.7 147.2 146.5 146.4 146.1 145.2 143.4 140.6 136.5 131.7 126.4 119.4 114.5 110.6 110.1 115.5 122.5 125.6 123.9 120.6 115 111.4 107.6 103.6 99.8 95.9 89.5 84.4 80.2 78.2 76.3 74.9 79.3 88.6 98.7 109.8 120.2 126.4 126.2 126.2 122.7 118.1 113.2 107.9 101.3 93.9 84.5 76.1 68.4 62.6
145.1 142.8 138.9 132 122.4 109.7 107.2 111.2 112.6 112 108.6 104.4 102.5 107.1 115.6 121.9 126.7 132 135.2 136.7 137.4 136.1 131.3 124.5 115.6 101.8 94.9 98.2 105.8 112.6 118.3 122 125.4 125.1 124.3 119.7 118.8 122.4 126.1 131.1 135.9 139.9 142.9 144.1 145.1 144.6 143.9 143.9 144.5 145.1 145.4 144.8 142.8 138 133.1 127.7 122.5 118.5 116.3 119.4 123.4 128.2 130 129 125.6 121.9 118.2 113.3 109.2 103 96.2 87.7 85.8 85.4 84.7 82.4 75.3 75 86.5 97.5 110.3 119.7 125.6 126.8 126.1 122.1 117.6 111.8 108 100.3 94.8 88.8 83.3 74.5 66.4
142.8 141.3 137 131.5 122.7 111.6 104 106 106.9 107.2 104.2 100.4 100.3 109.5 117.3 122.6 127.2 130.5 132.9 135.2 136 135.7 131.2 125.1 116.4 102.4 93 97 105.3 112.4 116.9 119.7 122.4 121.6 120.3 114.3 114.4 117.7 123.8 129.5 134.1 138 141.2 142 142.5 141 139.8 140.6 141.1 142.8 144.1 144.7 144.3 141.7 138 134 131.7 128.4 128.8 130.3 131.6 133.2 133.7 131.9 128.3 124.1 119.8 113.6 107.4 101 91.6 90.1 92.6 95.2 92.5 83.8 76.5 74.3 82.7 97.7 111.8 118.7 124.4 126 124.8 121.7 117.3 114.7 113.2 107.8 103 96.4 90.8 82.6 73.2
141.1 140.2 136.1 130.7 123.6 115.2 101.9 100.3 100.4 100.7 99.3 97.2 103.5 112 117 120.2 124.1 127.7 130.3 133 134.5 133.6 130.3 124.1 114.8 99.4 91.6 97.4 105.6 110.8 114.9 117.4 119.3 118.8 115.4 109.4 110.9 117.1 123.5 127.2 131.1 136.4 139 140 139.4 136.8 134.3 135.5 136.9 139 141.7 143.9 145.1 145.4 144 142.7 141.9 140.3 140.5 139.9 138.4 137 135.6 132.5 128 123 116.4 110.1 102.5 95.2 94.1 99.9 101.4 98.6 93.3 84.4 76.5 73.7 80.6 95.4 109.8 118.1 122.6 123.7 122.7 119.8 117.6 115.6 113.7 111.2 107.7 102.3 94.5 88 80
141.1 138.7 135.2 130.2 125.4 118.6 107.2 97.8 96.4 96 95.2 98.3 106.7 111.7 113.9 116.5 119.1 122.8 126.5 129.8 131.8 131.2 127.5 121.8 112.2 96.9 89.9 97.1 104.2 108.6 111.8 114.3 115.4 115 111.3 105.9 112.2 117.6 121.7 125.5 130.6 135.1 137 138 136.8 132.5 129.7 131 132.8 135.4 138.7 142.1 145.1 145.9 147.6 148.7 149.2 149.1 147.9 145.3 141.9 138.4 134.5 129.8 124.4 118.5 111.4 106.2 101.1 102.2 105.8 106.4 103.3 98.1 92.5 83.9 75.8 72.9 79.9 93.9 108.2 115.9 120.2 120.3 118.6 116.6 114.5 112.5 109.8 107.5 105.2 99.5 94.2 87.4 78.6
140.6 137.1 133.7 129.5 125.8 120.3 112.1 97.1 93.2 92.6 92.7 99.6 106.8 108.8 110.2 112.6 114.8 118.5 121.9 125.2 129.2 129.2 126.2 120.4 110.8 92.5 88.7 95.2 101.3 105.1 108.3 111.1 112.4 111.8 106.9 104.4 110.9 115.1 118.7 123 128.3 133.3 135.8 136.2 133.2 128.4 125 127.3 128.4 131.6 135.4 138.9 143.2 146.1 149.5 150.8 153.4 153.5 151.6 148.3 144 137.6 131.5 125.4 119.9 114.8 110.6 108.1 109.8 111.5 110.7 107.8 102.5 95.9 89.2 81.7 74.4 72.3 81.3 95.3 109.5 115.8 116.6 115.8 113 108.2 107.4 106.6 104.3 100.8 97.2 92.7 87.5 80.9 73.8
137.7 135.1 131.8 128.8 126 121.3 113.4 102.1 91 90.4 93.7 100.6 104.7 106.5 107.5 108.5 110.5 114 117.5 121.8 126.1 127 124.9 119.8 110.1 94.1 86.6 92.2 97.4 101.6 104.8 108.2 109.4 107.5 102.9 102.6 108.1 111.9 116.2 120.1 126.4 131 134.4 134.9 130.6 124.6 121.5 123.4 125.3 128.1 131 134.9 139.9 146.2 149.8 153.2 156.1 156.8 154.5 151.1 146.4 140.9 134.2 127.4 122.9 119.2 117.7 117.4 115.8 113.9 110.7 106.3 99.2 92 85.2 78.8 73 71.7 81.7 98 108.1 112.7 113.4 110.9 105 99.3 98.3 98.5 96.5 91.7 86.7 81.9 77.7 72 66.8
135 132.3 129.4 126.8 125.3 121 113.8 103.7 90.4 88.5 94 99.1 101.4 102.5 102.9 103.9 105.8 109.5 113.3 117.5 121.7 124.1 123.2 118.8 111.3 98.5 84.9 88.9 93.4 98.1 102.1 105.7 106.6 104 99.6 100.4 105.4 108.7 113.3 117.6 124 128.7 131.4 131.7 128.9 122.8 118.2 119.5 121.9 124.6 127.5 132.6 138.5 144.8 150 154.4 156.7 157.9 157 154.2 149.7 145.2 140 135.3 131 127.3 124.3 121 117.3 112.1 107.8 102.8 95.7 87.2 81.5 75.8 71.3 72 83.9 98 106 108.2 108.1 105.2 97.7 90.2 87.8 87.9 85.7 81.2 75.7 71.1 67.5 62.2 59.4
131.7 129.6 126.2 124.4 123.6 121.2 113.9 105.5 91.8 86.9 93 96.2 97.8 98.1 97.7 98 100.6 105 109 113.2 117.7 121.5 121.4 117.3 110.8 101.8 87.1 84.8 89.6 95 99.9 102.6 103.3 100.8 96.5 97.9 102.1 105.1 109.5 114.2 120.8 126.9 128.9 129.6 127.2 120.4 114.6 115.7 118.3 120.8 126 132.4 138.9 145.1 149.6 153.8 156.7 158.2 158.1 155.9 152 148.3 142.9 137.3 132.1 128.7 125.5 122.4 118.8 113 107.3 99.7 92.4 86 78.4 75.4 73.8 74.3 86.6 98.1 102.5 103.2 102.4 98.8 90.8 83.8 79.3 77.6 75.2 71.3 67.6 64.8 60.9 58.9 58.5
127.6 124.2 120.9 121.8 123.1 121 115.3 105.5 91.2 84.1 89.2 92.5 93.3 92.8 92.3 91.9 95.5 100.4 106 110.6 115.3 119.6 118.9 115.6 109.7 102 88.2 81.7 87 92.7 97.5 100 100.4 98 93.4 94.9 98.7 101.5 106 110.7 119.2 125.1 127.6 128.3 124.8 117.7 111.1 112.8 115.5 121.7 127.1 133.2 138.2 144.1 148.7 152.5 155.6 158 158.4 157.4 153.6 149.8 144.5 138.3 132.8 129.4 126.9 123.8 120.2 115.3 109.7 102.9 94.7 86.6 79.4 78.5 77.6 76.8 86.9 94.5 97.4 97.5 95.7 90.3 83.2 77.5 72.4 69.4 67.5 64.7 63.9 63.3 62.8 60.5 65.7
124.6 118.5 113.6 119 123.2 121.8 116.9 109.3 93.3 83.3 84.2 87.4 87.5 87.1 87.1 87.2 90.3 96.1 102 108 112.8 115.8 116.4 113 107.3 99.9 87.7 79.5 84.4 90.7 95.1 97.2 96.9 95.2 90.3 92.2 95.3 98.3 103.8 109.5 116.8 123.7 127.1 125.8 121.8 114.2 108.2 111.4 115.9 121.7 126.9 131.2 136.6 141.8 146.1 150 153.7 156.5 157.9 157 154.3 149.8 144.2 138.6 132.5 128 127 125 122.5 118.7 112.7 105.5 97.4 88.3 79.3 78.6 75.9 74.4 83.2 88.1 90.2 90.1 86.6 80.7 75.1 70.5 67.3 65.2 64.6 63.8 63.6 63.4 63.4 66.8 66.8
119.6 110.2 110 116.6 122.2 122.8 119.4 112.9 101.4 88 83.4 82.2 82.1 82.5 82.9 84 87.1 91.9 98.3 104.8 110.1 113.5 114 111.4 104.5 97 86.1 78.1 82.9 89.2 93.1 94.4 93.7 91.4 87.2 89.2 92.3 95.8 102.1 108.7 118.4 124.6 126.9 125.7 119.4 109.3 106 110.8 115.8 119.7 124.2 128.3 133.8 137.9 141.9 147.2 151 153.7 156 155.4 152.7 148.7 142.7 136.2 128.7 122.8 124.7 125.4 123.8 120.5 115 108.2 99.5 90 79.5 74.3 74.2 74.1 76.8 82.4 81.4 79 75.5 71.6 69.2 67.2 66.3 65.4 64.5 63.7 63.6 64 68.9 71.7 71.5
112.6 102.1 108.1 114.8 120.5 122.5 123.5 119.6 110.9 98.5 84.7 81.4 78.8 78.8 79.2 80.8 84.4 89.7 95.7 101.6 107.3 110.2 111.4 108.8 102.6 94.5 84.3 77.1 81.8 87.5 89.8 91 90 87.5 84.2 87 90.4 94.7 101.1 111.3 121.2 126.5 126.1 124.2 117.3 106 105.8 110.3 115.1 118.5 121.3 125.8 130.4 134.1 138.1 143.5 147.3 150 151.9 151.4 149.5 146.9 140.5 133.4 123.9 117.8 121.2 124 123.7 121.4 116.6 110.2 102.1 92.1 82.2 73.9 73.9 73.9 73.8 75.3 72.5 69 68.7 68.6 68.1 67.5 66.7 65.9 65 64.2 70.3 72 74.4 75.9 84.8
104.6 98.3 105.3 112.5 118.4 123.3 124.4 123.5 119 110.6 100.7 89.6 81.3 78.3 77.3 78.1 81.2 86.4 92.3 98 103.7 107.7 109.7 106.8 100.5 91.8 80.9 76.1 81.1 85.2 87.1 87.3 86.1 84.1 81.8 86.1 89.8 94.7 105.1 115.7 123.3 127 126 121.4 112.4 103.3 104 109.7 113.8 116 118.1 121.9 126.3 130 134.6 139 142.9 146 146.7 146.6 146.9 144.3 138.7 130.3 119.2 112.7 116.1 120 121.2 120.6 116.9 111.3 104.7 94.5 85.2 75.9 73.8 73.7 73.7 73.7 69.2 69.3 69.1 68.7 68.2 67.8 67.2 66.4 66 77.4 75.5 78.6 80.6 88.7 97.5
99.9 94.7 101.1 109.1 114.9 120.1 124.2 124.9 123.5 119 112.5 104.6 93.2 81.7 76.1 75.5 78.5 82.9 88.9 95.2 100.8 105.5 106.8 104.7 99.4 90.3 80.1 74.9 79.4 82.6 83.8 83.4 82 80 80.5 86.7 93.9 101.1 109.3 118.7 124.3 126 125.7 120.3 108.6 99.1 102.4 108.1 110.1 112.8 115 118.7 121.2 125.6 130.9 135.5 138 140.1 141.9 142.9 144 141.5 136.9 129.2 117 107 108.6 113.9 116 116.4 114.9 111.3 105 96.8 88.7 80.5 73.7 73.7 73.6 73.5 69.5 69.3 69.2 68.9 68.4 68 68.8 71.2 80.8 80.7 84.4 87.1 95.9 103.2 107.7
98.5 90.7 96.9 104.4 110.2 115.7 121.6 124.6 125.9 122.5 117.5 108.6 98.4 84.9 76.8 74 76.2 81.2 87.6 93 97.9 102.4 105.1 103.5 98 89.8 79.2 73 76.4 79.2 79.6 79 77.9 77.7 84.1 90.9 97.7 105 111.1 122.7 125.1 126 125.4 118.6 105 98 101.7 105.9 106.4 109 111.7 113.7 116.3 121.9 127.3 130.7 133 134.4 136.6 138.5 140.2 140.2 136.2 130.4 120.7 107.3 101.7 105.5 108.8 109.9 109.9 108.2 103.5 97.3 90.5 83.8 78.1 73.7 73.4 73.3 72.5 69.5 69.4 69.4 69.9 73.2 78.2 84.3 88.1 94.8 98.1 105.3 108.1 112.1 114.4
98.8 88.3 90.8 98.8 105.9 111.8 118.1 123.7 125.7 124.9 119.4 109.7 99.8 86.7 75.6 72.8 74.6 80.1 85.7 90.5 94.9 99.3 102 101.1 97.8 90.3 80.1 70.3 73.4 75.9 75.9 74.9 75.7 81.4 87.7 93.9 99.5 105.3 113.1 123.3 125.9 127.2 125.5 117.3 102.9 94 100.2 102.7 103.2 104.7 106.6 109.4 113.1 119 124 126.8 128.1 128.3 130.5 134.1 136.5 137.9 136.1 132.1 124.2 111.7 99.2 97.2 99.9 101.6 102.2 102.4 100.1 95.4 89.6 84.9 77.7 73.5 73.3 73.2 73 70.5 70.4 74 82.3 92.3 88.2 96.3 103.4 108 110.7 113.2 115.1 116.4 116.3
101.4 87.4 86 92.6 101.5 108 114.4 120.6 124.6 125.6 120.2 110.7 100.6 85.5 73.6 71 72.5 78.8 83.6 86.7 91.1 96.3 99.7 99.2 97.7 91 82.3 71.9 70.2 72.2 72.3 73.5 78.4 84.3 90.8 95.2 101.2 106.1 116.1 124.3 128 130.1 127.4 118.1 103.5 93.9 96.9 99.2 99.6 100.7 102.7 106.4 111.7 116.8 120.2 122.1 122.3 120.5 125.4 129.1 132.1 134.2 134.7 133.5 126.9 116.6 103.5 94.5 92.2 93.3 93.6 93.7 92.3 89.8 85.7 80.2 75.8 72.6 71.9 72 71.6 73.6 78.4 84.1 93.9 91.9 102.4 108.7 111.8 114.4 115.7 116.2 116.7 116.9 116.1
105.3 87.2 82.7 88.2 95.5 103.4 110 116.4 122.7 123.4 121 111.4 100.1 82.6 72.8 69 70.9 76.7 80.5 83.2 87.5 92.5 96.7 98.7 96.5 91.4 82.8 72.7 67.4 68.6 70.6 75.9 80.7 86.2 92.4 94.6 99.3 105.8 116 124.5 130.1 132.4 130.5 121 106 92.4 93.7 95.4 96 96.8 100.1 104.4 109 113.7 116.2 116.9 116.7 114.7 119.1 124.3 128.3 131.7 133.3 134.6 130.7 123.5 111.3 99 91.7 88.2 86.6 85.4 84.8 81.9 78.7 76.5 73.1 70.7 71.2 72.9 76.1 81.1 88.5 97.4 97 107.7 112.2 113.3 114.2 114.5 114.7 115.2 116 116 115.8
107.6 93.5 80.3 81.8 88.6 97.2 104.7 112.2 119.6 121.7 121.6 113.7 100.3 81.1 70.5 68.1 70 74.6 77.4 79.6 83.7 87.9 92.5 96.9 95.6 90.5 82.4 73.7 67.1 67.3 71.3 77.3 82.9 87 89.4 91 95.7 103.7 115.4 125.2 131.6 134.3 132.1 123.8 109.9 94.5 89.8 91.2 91.6 94.7 98.4 102.5 106.6 109.7 111.3 111.9 110 110.4 114.3 118.7 123.8 128.8 132.3 135.9 134.8 130.1 122 109.3 98.6 91 86.4 83.1 81.1 78.9 77.1 76 74.8 74.7 76 78.9 83.7 92.9 101 103.9 113 112.8 112.3 109.9 109.9 110.6 111 111.8 113.3 113.4 112.8
106.4 94.7 82 77.1 82.2 90.5 99.1 108.4 117 121.5 122.3 114.8 103.7 83.9 71.7 67.9 69 72.1 74.4 75.8 79.7 84.2 89.8 94.4 93 89.1 80.7 72 65.5 67.3 72.8 77.6 82 84.2 85.5 86.4 91.1 103.5 116.1 125.3 131.7 134.1 132.4 125.8 115.7 98.4 88.9 87.7 89 92.9 96.6 100.4 103.8 105.8 106.8 107.4 105.5 104.5 108.9 113.9 119.1 125.4 131.7 136.6 137.2 134.5 130.5 123.4 110.8 100 93.5 88.1 85.3 82.9 81.3 80.2 79.6 79.9 81.9 87.4 99.3 104.3 110.2 114.5 114.8 112.5 109.7 104.3 102.1 102.1 103.9 105.3 106.8 108.9 110
102.4 92.5 81.7 74.8 75.6 83.2 93.9 106.3 114.8 121.2 122.7 117.8 106.8 92.3 77 69.8 67 67.9 70 72 75.1 80.6 86.7 89.2 91.4 87 78.6 70.2 63.9 68.2 72.9 76.8 79.8 80.2 81.2 82.9 88.5 103.9 115.6 124.5 130.5 133.5 132.3 127.9 120.4 105.2 91.4 85.8 86.5 90.3 94.1 97.6 100 101.9 103.5 103.5 101.9 99.8 102.9 106.7 113.9 122.8 129.5 134.8 136.7 136.7 133.9 130.3 125 117.3 106.2 98 93 89.8 88.5 86.9 88 90.2 94.9 105.1 107.9 115.9 117.4 118.1 116.8 114.3 111 105.2 96.8 92 92.7 95.6 99.7 101.8 103
95.6 85.2 76.7 72.3 71.8 78 90.9 103.5 113.8 120.3 122.2 120.4 110.9 102 89.4 77.8 67.6 65.2 65.9 67.8 71.2 77.3 83.4 87.7 89.6 84.5 75.1 66.6 62.7 67.4 72.7 75.2 76.7 76.4 78.3 82.1 91.8 102.9 115.3 122.8 127.7 131 131.7 129 122.6 109.4 96 85.6 84.7 87.4 90.7 93.9 95.6 97.7 99.7 99.7 97.3 95.4 96.7 101.3 108.4 118.7 126.2 131.9 134.8 135.7 134.9 133.2 130.6 126.6 123.3 118.2 112.2 106.4 104.7 103.3 105.6 107.5 111.9 111.4 119.1 120.7 121.5 120.4 117.5 114.7 111.1 104.9 96.4 87.5 82.4 82.2 87.2 92.9 97.3
86.4 75.7 71 69 71 77.7 89.7 102.5 113.3 118.6 121 120.2 114.2 106.1 96.3 85 71 65.4 63.3 64.8 68.3 74.1 81 87.1 87.9 82.5 72.9 63.6 61.8 67.7 70.7 71.4 72.9 73 78.1 83.5 93 102.8 113.3 120.1 125.3 128.9 130 127.7 123.8 115.8 103.7 91.5 82.9 84.4 87.4 90 91.7 93.8 95.3 95.7 92.6 90.1 92.4 96.7 105 114.4 121.7 127.9 131.2 132.3 132.4 132.4 131.7 130.8 129.2 127.5 126.1 124.5 123.6 122.4 122.2 118.8 114.8 122.2 124.5 123.7 122.3 120 117.2 114 109.3 101.9 96 88.6 81 77 75.5 79.9 84.8
75.9 68.8 66.4 67.2 72.5 81 92.6 104.9 112.3 116.2 118.9 117 112.5 106.1 96.9 85.4 71.3 66.7 62.4 63.3 66 71.8 79.6 86.4 87.8 81.9 71.6 62.7 61.3 64.6 67.6 68.4 69.4 74 79 84.9 92.3 100.9 110.9 115.9 120.9 124.7 126.4 124.1 122.6 118.8 109 93.9 82.6 81.5 83.8 85.8 87.8 90 91.2 91.6 89.3 86.8 87.9 92.1 100.2 110.4 117.9 123.7 126.6 127.3 127.2 127.1 127.7 129.6 131.2 131.7 131.6 130.9 130 128.7 121 117.1 122.7 126.3 124.9 123.3 121.7 119.7 116.8 113.8 109.3 104.1 99.7 93.9 82.4 75.9 71.3 70.5 70.6
67.9 64.4 64.5 68.8 74.8 85.3 97.4 105 111.1 113.5 114.8 113.1 109.9 103.6 94.5 83.2 71.2 65.4 61.1 61.2 65.4 71.6 79.6 86.3 88 82.6 73.4 62.9 60 63.1 64.4 65.8 69.5 73.5 77.7 83 88.9 98.6 106.6 111.5 115.5 118.9 122 122.3 122.2 120.4 113.3 103 88.3 80.6 80 81.7 83.8 85.4 87 87.2 85.7 83.6 85.1 88 96.7 106.3 114 119.3 121.7 121.3 119.4 119.6 121 124.6 128.1 129.1 132.3 132.7 132.4 120.8 118.4 119.6 128.2 126.5 124 121.7 120 119.1 116.8 115.1 111.9 107.2 100.4 93.8 85.2 77.1 72.2 68.1 65.1
64.5 62.4 65.1 70.2 79 90.3 99.2 104 107.6 109 109.9 110.5 107.7 101.4 91 78 68.9 63.5 60.1 60 65.9 72.8 80.9 86.4 88.3 84.2 75.8 64.6 59 60.7 61.9 64.5 68.6 72.2 76.2 81.1 86.2 93.5 100.2 105.8 109.5 112.6 115.4 119.7 120.5 120.6 117.2 110.8 98.3 86 78.6 77.9 80.3 81.7 83.3 83 82 80.5 82.2 85.7 93.6 103.2 109.8 114.3 116.1 114.4 111 109.7 113 117.4 122.7 127.9 128.1 125.7 123.9 118.9 120.9 129.8 127.8 125.5 122.8 119.1 117.4 117 117 116.1 115.1 109.1 105.5 98.1 92.1 83.2 76.4 70.4 64.2
62.5 61.6 65.1 70.8 82.3 91.8 97.2 100.7 102 103.2 105.1 107.3 105.2 99.4 88.6 71.6 65.3 61.4 58.7 60.7 66.6 73.3 80.3 85.4 88.4 86.2 78.7 67.2 58.6 58.6 59.7 63.9 67.2 70.3 72.8 76.9 81.9 88.3 93.8 99.6 102.8 105.2 107.8 112.2 117.8 119.5 118.9 114.3 107.3 94.1 81.5 76.5 77.1 79.3 79.1 79 78.9 78 79.3 84.5 93 100.2 105.7 109.2 109.7 107 100.9 98 101.2 110.4 118.3 124.9 128 124.9 118.2 123 125.3 127.8 126.7 124.8 122 118.6 114.2 114.2 115.9 116.8 115.6 114.3 109.1 104.9 98.6 90.1 82.3 74.6 70.7
61.5 59.3 64 73.7 82.4 89.1 93.7 95.4 95.2 96.3 99.3 102.6 103.5 99.1 87.7 70.9 63.2 59.2 58.6 61.7 66.9 72.5 79 84.6 87.9 87.3 81.2 69.9 58.8 57.5 58.6 61.9 64.4 66.5 69.2 72.3 77 82.3 87.6 92.8 97.6 97.7 101.5 107.5 114.2 117.8 119.2 116.2 111.3 101.4 87.7 76.9 74.2 76.4 76.7 76.7 76.1 75.2 78.2 84.6 91.3 97.5 102.2 104.1 103.6 100.2 94.5 88.7 90.5 102.9 120.1 118 120.7 116.5 124.4 124.3 125.1 126.3 125.1 123.4 121.6 118.5 113 110.9 113 115.4 115.3 114.5 112.4 108.2 103.1 98.2 93.3 86.5 79.7
60.5 57.6 64.2 73.1 79.2 84.8 87.5 88.7 88.2 88.7 94.7 100.9 104.4 101 89.2 73.1 62.5 57.8 57.9 60.9 65.8 70.7 76.8 82.6 87.1 88.5 83.5 72.9 61 56 57.3 59.2 61.9 63.2 65 67.2 71.3 75.5 81.8 86.9 89.8 94.6 96.4 103.1 109.4 114.6 117.6 117.1 112.3 106.2 93.6 79 73.2 73.4 74.6 74.4 73.6 74.5 78.3 84.2 89.7 95.2 98.4 99.4 97.6 94.3 88.4 86.2 90.9 101.1 113.7 114.6 114 121 122.9 124.1 123.9 124.3 123.1 121.6 119.8 117.6 113.5 107.6 107.3 112 113 112.5 110.8 108.9 106.3 102.5 99.1 95.6 90.6
62.3 60.7 64 70.6 75 78.7 80.4 83.6 80.6 83.9 91.8 99.7 105.3 102.5 94.2 76 63.2 57.3 56.5 59.6 63.4 67.7 73.6 80.4 86.1 89.9 85.9 75.8 63.5 56.7 55.6 57.1 58 60.2 61.4 63.4 66.8 71.6 76.9 82.1 84.1 86.5 92 97.6 104.5 110.7 115.3 116.4 113.6 108 98 83 72.9 71.2 72 71.9 72 73.6 78.1 82.5 87.2 91.4 93.6 94.5 92.3 88.2 84.3 89.6 97.1 105.4 107.6 111.7 117.2 123.8 123.8 123.5 123 122 120.3 119 118.1 116.4 112.9 106.1 102 106.9 107.5 107.1 105.9 104.8 104.6 103.5 102.6 100.4 97.4
67.9 66.8 65.3 65.6 66.4 72.1 73.2 74.1 74.1 80.9 90.4 99.7 105.1 103.3 96.6 84.1 66.8 58.1 55.6 57.5 60.7 64.2 70.2 77.5 85.2 90.4 89.6 80.4 67 58.2 54.6 54.1 56.4 56.9 58 60 63.3 67.8 73.1 77.7 80.1 81.8 86.2 92.6 99.5 105.4 112.5 114.6 113.6 108.7 102.2 87.6 74.2 70.3 69.4 69.7 70 73.1 76.5 79.9 83.5 87 89 89.1 87.4 83.8 88.3 95.7 100.1 103.5 109.1 116.3 120.3 121.9 122.1 121.9 121.1 119.1 116.8 115.5 115.4 114.7 112.8 106.5 98.6 99.5 101 98.9 97.6 96.9 97.8 99.7 100.1 100 98.8
61 54 58.7 62 67 67.1 69.1 66.9 70.4 78 89.8 100.4 105.3 104.2 98.3 88.8 71.9 60.4 56 55.5 57.3 61 66.1 74.8 83 89.9 92.8 88 76.6 64.4 56.5 53.3 52.7 53.5 54.8 56.7 60 64.6 69.3 73.8 75.9 76.7 80.9 86.6 94.8 101.5 107.9 110.9 112.1 109.5 103.7 92.3 77.8 70.1 68.2 67.6 68.9 71.5 73.7 76.4 79.3 82.2 84 83.9 84.1 89.2 93.6 96.8 97.4 100.5 107.5 113.9 117.7 120.2 120.3 120.1 118.8 116.8 112.5 109.1 111.8 113 112.1 107.7 99.6 92.6 89.4 85.9 82.1 79.3 81.3 87 92.6 93.8 93.9
