webserver/python/data/TQ21.asc
ncols 200
nrows 200
xllcorner 520000
yllcorner 110000
cellsize 50
[rows 0 to 38 of 200, columns 86 to 171 of 200]
10.3 11.1 12.4 13.1 10.1 11.6 9.1 7.8 8.4 10.6 12.7 14.5 15.5 15.6 15.6 14.9 14.1 13.6 12.2 11.3 10.5 10.5 12.9 14.3 15.1 14.6 15.2 14.4 14.6 14.9 15.3 15.5 15.6 15.8 16.2 16.7 17.4 18.1 18.2 18.4 18.7 19.5 20.2 20.8 21.3 21.8 20.1 18.8 19.9 20.9 21.1 20.4 18.1 22.3 23.5 24.2 23.8 23.5 22.1 21.4 18.7 14.9 14.9 15.9 14.6 15.3 17.1 17.8 18.8 20 20.1 20.1 19.8 19.3 17.8 18.6 16.9 16.5 16.6 18.1 20.7 21.7 22 22.9 23.9 25.1
7.8 9.1 10.4 11.9 9.9 8.7 8.1 7.6 8.6 10.2 12.3 14.5 15.7 16.6 17.3 17 16.5 15.8 14.5 13.5 12.5 11.2 12.2 13.7 14 13.6 13.5 14.5 15.4 15.8 16.1 16 16.1 16.6 17.1 17.5 17.8 17.8 18 17.7 17.7 18.4 18.7 18.4 18.8 18.6 17.2 15.9 16.1 17.1 18.3 17.8 17.3 19.8 20.6 21.9 21.8 21.7 22.5 21.1 18.1 14.7 16.4 17.8 17.3 15.5 14.8 14 14 16.3 18.5 16.4 16.3 17.6 14.3 15.6 15.9 15.7 16 18.1 20.7 21.5 22.6 23.8 24.8 26
7.3 7.1 8.5 9 8.1 7.6 8.8 10 11 12.1 13.7 15.2 16.1 16.8 17.7 18 17.9 17 16.5 15.4 13.9 12.6 12.9 13 13.3 13.9 14.5 15.3 15.8 16.2 16.5 16.5 16.9 17.5 17.9 18.1 18 17.7 17.4 17 16.8 16.6 16.1 15.9 16.2 14.7 13.4 13.1 13.1 14 14.7 14.6 16.5 15.4 17.8 19.2 19.4 19.8 20.2 19.1 16.7 14.5 17 18.9 19.3 18.7 17.9 16.7 16.4 15.4 16.4 15.3 15.6 16.2 16.1 14.1 14.8 15 15.5 18 20.6 21.6 22.9 24.4 24.8 24.9
9.2 8.3 7.6 7.6 8.1 9.9 11.5 12.6 13.7 14.8 15.9 16.9 17.4 17.7 18.2 18.2 18.3 17.8 17 16 14.9 14.3 14.4 14.5 14.3 14.7 15.4 16.5 16.9 16.5 16.7 17.4 17.9 18.4 18.7 18.6 18.1 17.5 16.9 16.1 15.2 14.2 13.6 13.1 12.7 11.3 11.9 12.2 12.6 12.8 13 12.6 15.7 12.1 13.7 16.1 16.2 16.5 16.6 15.7 13.8 15.7 17.8 19.5 20.1 20.1 19.8 19.8 19.7 19.3 19 18.8 18.3 17.6 17.8 17.1 15.8 15.5 15.4 17.3 19.8 21.7 22.6 23.6 24.4 24.6
13 12.1 10.7 9.6 10.9 12.3 13.2 13.7 14.9 16 17.2 18.5 18.3 18.5 18.7 18.7 18.8 18 17.4 16.5 15.6 14.7 14.7 14.7 14.8 15.5 16.5 17.8 18.5 17.7 16.9 18.1 18.8 19 19.1 19 18.1 17.3 16.6 16.2 15.9 15.6 14.7 12.5 11.7 11.3 11.5 13.6 14.5 14.2 14.2 13.7 15.4 12.9 12.6 12.6 13.3 13.2 13.3 13.8 13.6 15.5 17.2 18.6 18.8 19 20 21.1 21.4 21.6 21.6 21.2 20.8 20.1 19.8 19 17.6 17.3 17.3 17.2 18.5 20.2 21.8 23.1 24 24.8
14.2 13.9 13.5 12.1 12.9 13.8 14.1 14.1 14.6 15.7 16.4 17.6 18.7 18.8 18.6 18.5 18.1 17.5 17.6 17.1 16.2 15.3 15 14.9 15.1 16.1 17.3 18.6 19.1 18.3 17.3 18.4 18.9 18.9 18.8 18.7 17.6 16.8 16.2 16.3 16.4 16.3 15.3 13.4 11.3 11.3 13 14.5 15.5 15.9 15.9 14.9 15.4 13.8 12.7 13.7 15.6 15.2 15.1 15.2 14.4 16.6 16.9 17.8 18.6 19.5 20.9 23.5 23.7 23.8 23.8 23.7 22.8 22 20.9 19.6 19 18.9 18.8 18.6 18.2 18.7 20.5 22.2 23.8 24.4
14.6 14.7 14.5 13.9 14.1 14.2 14.4 14.5 14.5 15 15.6 16.9 17.9 17.4 17.4 17.7 17.3 17 17.1 17.1 16.4 15.6 15.1 14.9 14.8 15.9 17.2 17.2 17.9 17.8 17.7 18.3 18.3 17.9 16.9 17.2 16.8 16.1 15.9 16.2 16.4 16.4 15 13 10.9 12.6 14.1 15.4 16.4 17 16.4 15.8 15.8 14.5 13.5 13.7 15.9 16.8 16.6 16.4 15.8 17.2 18.2 18.8 19.7 20.9 23.4 25.3 25.9 25.9 26 26.4 25.3 23.6 22 20.7 20.2 20.2 20.1 20.1 19.7 17.9 20.9 21.6 22 23.7
14.6 15 15.5 15.3 14.6 14.4 14.1 13.9 13.8 14.2 15.2 16.2 17 16.1 16.4 16.6 16.5 16.5 16.4 15.9 15.8 15 14.1 13.9 14.3 15.8 16.3 16.7 16.8 17.9 18.5 19 19.3 18.9 18.1 17.1 15.7 15.1 15.1 14.7 14.2 14.1 13.5 11.5 11.3 14.1 15.3 16.2 17 17.3 16.7 16.1 16.5 15.5 14.2 12.9 14.9 16.8 17.3 17.4 17.3 18.9 19.2 19.9 20.7 22 24.7 25.8 26.4 27.3 27.9 27.5 26 24.4 23.1 22 21.4 21.6 21.7 21.9 19.7 18.2 18.2 19.6 18.7 18.9
13.8 15.1 14.8 14.4 14 13.2 13.2 13.1 12.8 13.6 14.6 15.1 14.8 14.4 14.8 15 15.4 14.9 14.4 14.3 14.5 14.3 13.3 13.7 14.3 15.4 16.4 17.1 17.5 18.1 18.6 18.9 19.4 19 18.5 16.7 14.8 14.2 13.7 12.9 12.3 11.7 10.7 11.1 14 15.3 16.6 17.2 17.5 17.4 17.1 16.8 17.2 16.7 15.9 13.6 13.7 15.4 17.9 19.2 19.2 19.8 20.2 20.8 20.9 21.8 24.3 26 26.7 27.5 28.4 27.9 26.9 25.2 24.2 23.6 23.5 23.6 23.8 22.9 21.3 19.7 19.3 20.3 21 19.6
10.3 11.2 11.2 11.1 11.5 11 11.4 11.6 11.1 12.4 13.7 13.4 12.9 12.8 13.4 13.2 13.2 12.9 12.4 12.7 13 12.8 12.5 13.3 14.2 15.2 16.1 16.6 17.2 17.9 18.1 18.3 18.5 18.2 17.6 15.9 14.1 13 12 11.2 11 12.2 12.6 14.4 15.1 16.6 17.8 18.1 18.3 18 17.7 17.3 17.4 18.2 17.3 14.9 13 14.4 16.6 19.2 19.8 20.3 20.8 21.1 21 22 23.1 24.1 25.9 27.3 27.7 28.4 28 27.4 25.8 25.4 25.5 25.6 25.8 24.4 23 21.4 22.5 23.4 22.2 21.3
7.9 7.9 8.1 8.2 8.4 8.5 9 9.4 9.1 10.4 11.3 11.3 11 11.3 12.1 11.4 11.1 10.9 10.7 11.1 11.5 11.3 11.5 11.9 13.5 14.4 15 15.5 16.1 16.6 16.7 16.5 16.8 16.7 16.5 15.2 13.7 10.9 11.6 12.7 14 14.9 15.3 15.8 15.9 17.1 18.5 18.8 19.1 18.6 18.2 17.7 17.5 19 18.4 16 13.7 13.5 14.6 17.6 19.3 20.1 21.2 21.4 21.1 21 21.1 22.4 25 26.1 26.6 26.1 26.4 26.4 26.9 27.1 27.4 27.2 26.2 26.4 24.9 24 25.1 25.2 23.9 23.7
8 8 8.2 8.8 8.5 8.5 8.8 7.8 8.2 9 8.6 8.9 8.7 8.7 10.2 9.8 9.2 9.3 9.5 9.7 10 10.2 10.4 10.5 11.5 12.2 13.8 14.3 14.9 15.2 15.2 15.2 15 14.8 14.6 12.6 11.8 11.7 13.8 14.9 15.2 15.5 15.8 16.3 17.1 17.3 18.5 19.2 19.5 19.2 18.8 18.2 17.7 19.4 19.2 17.3 15.5 13.5 12.5 14.5 16.6 18.4 18.4 18.7 19.6 20.2 20.5 20.8 23 24 24.8 24.6 24.8 25.3 26 26.8 26.9 27.2 26.5 27 27.2 27 27.1 26.8 24.9 24.8
8.6 8.3 8.6 9.7 9.2 8.4 8.6 8.5 8.7 9 8.8 8.4 8.4 8.4 9.1 9.3 9.3 9 9.2 9.1 9 9.2 9.4 9.6 10.2 9.3 10.1 11.5 12.7 13 12.9 13.2 12.5 12.7 12.4 11.2 11 11.3 13.1 14.7 15.2 15.5 14.9 15.8 16.8 17.6 18.6 19.3 19.6 19.3 18.9 18.5 18 19.4 19.7 18.8 17.3 16 14.3 13.3 14.7 15.5 16.1 16.2 16.9 17.4 18.1 19.8 20.9 22 23 23.3 23.5 24 24.4 25.6 25.4 26.3 26.8 27.8 28.4 28.3 28.6 28.4 25.8 25.8
10 10.1 10.2 10.4 10.3 10.1 10 9.8 9.7 9.6 9.9 10 10 10 10 10 10 10 10 10.3 10.6 10.3 9.7 9.2 10.1 10.1 9.5 9.5 9.4 9.3 9.4 10 10.2 10.3 10.7 10.7 12.4 13 12 12.1 12.7 12.9 13.2 14.6 15.6 16.8 18.1 19.5 19.8 19.5 19.1 18.8 18.5 19.5 19.7 18.4 18.1 17.4 16.2 13.7 14.5 17.6 18.8 18.9 18.4 17.7 16.9 17.6 19.3 20.5 21.5 21.9 21.9 22 22.9 24.8 25 26.4 28.9 29.6 29.2 28.6 28.2 27.5 25.7 27.1
11 11.1 11.1 11.1 11.2 11 11.1 11.1 11.1 11.1 11.4 11.5 11.6 11.7 11.9 11.9 11.9 11.9 11.6 11.9 12.1 11.9 11.5 11.5 11.8 11.3 9.9 9.5 9.9 10.6 10.6 10.3 10.2 9.7 9.1 11.4 13.7 13.8 13.9 13.5 13.5 14.1 14.6 15.3 15 15.7 17.3 18.8 19.9 19.6 19.3 19 18.7 19.6 20.3 18.8 18.5 18 17.3 15.5 14.5 17.3 18.9 19.2 19.5 19.5 18.7 17.7 18.1 19.6 20.9 21.4 21.4 21.4 22.2 23.6 25 27.8 30.3 30.8 29.9 28.7 27.9 27 26.5 28.7
11.8 11.9 11.8 11.8 11.9 11.8 11.9 12.6 12.6 12.6 12.8 13.1 13.3 13.6 13.8 13.8 13.8 13.5 13.3 13.5 13.8 13.6 13.3 13.2 13.3 13.2 12.8 11.6 12 12.6 13.1 13.2 13.7 13.7 13.9 15.5 15.6 15.8 16 17.1 16.9 17.1 17.2 17.3 16.8 16.7 17.3 18.2 19.5 19.6 19.6 19.2 18.8 19.7 20.9 19.2 18.8 18.1 17.3 16.2 14.7 16.8 18.9 19.3 19.8 19.8 19.7 19.2 18 18.8 20.4 21.3 21.7 22.3 22.9 24.9 27.4 30.6 32.5 32.4 31.4 30 28.6 27.3 28 30
12.5 12.8 12.6 12.5 12.3 12.2 13 13.9 14.1 14.1 14.4 14.7 15 15.3 15.6 15.7 15.6 15.2 15 15.2 14.7 14.8 14.6 14.2 13.8 13.5 13.4 13.7 14 14.4 14.7 15.9 16.7 17.4 17.9 18 18.1 18.3 18.8 20 21.2 21.3 21.4 21.4 20.7 19.3 19 19.3 20 20.2 19.9 19.4 18.9 19.8 21.2 19.6 19 18.4 17.3 16.4 15.2 15.2 19.2 19.6 19.9 20.1 20.2 19.9 19 19.3 20.2 21.1 21.9 23 24.4 26.4 29.8 32.6 34 34.2 33.3 32.3 31.1 29.7 30.1 31.9
13 13 12.8 12.6 12.3 12.3 12.8 13.4 14.8 15.5 15.9 16.1 17 17.2 17.4 17.7 17.4 16.8 16.5 16 15.6 15.4 14.9 14.5 14.1 13.8 13.7 14.9 15.1 16.1 17.4 18.4 19.3 19.9 20.3 20.5 20.7 21 22.2 24.3 25 25.4 25.2 25.3 25 22.6 20.5 20.2 20.8 20.4 20 19.5 19.1 20 21.2 19.9 18.9 18.5 18.3 17.2 15 15 18.7 19.4 19.8 20 20.1 20.2 19.9 20 20.3 21.1 22 23.2 25.2 27.2 29.7 32.1 34 36 34.9 33.7 33.6 33.4 32.1 33.6
12.9 12.1 11.5 11.3 10.9 10.8 11.4 11.9 13.6 15.8 16.2 15.9 16.7 17.2 16.9 16.8 16.7 16.9 16.1 15.8 15.5 14.9 14.7 14.2 14.3 14.1 15.2 16 16.8 18.7 20 20.9 21.9 22 22.2 23.3 23.8 24.2 25.8 25.9 25.5 27.5 28.5 28.5 25.9 23.5 21.2 21.4 21.3 20.3 19.8 19.4 19.2 20.2 20.7 19.6 19.6 18.6 18.4 17.5 16.1 14.4 17.8 19.4 19.8 20 20.1 20.1 20.1 20.2 20.8 21.5 22.4 23.3 25.4 27.4 29.8 31.5 33.4 34.9 35.5 35.6 35.6 35.8 35.1 35.6
10.6 9.4 8.6 8.7 9.1 9.4 9.9 10.5 13 14.7 15 15 14.8 16 15.8 15.5 15.3 15.1 14.9 14.7 14.5 13.9 13.9 13.7 14 14.8 16.4 17.1 19.2 21.3 23.2 23.5 23.2 22.9 22.7 23.7 25 25.9 25.7 25.4 25.6 26.9 26.8 26.9 24.9 23.6 22.4 22.3 21.4 20.7 20.7 20.7 20.2 20.2 19.6 19.7 19.8 19.3 18.3 17 16.2 14.6 16.5 19.5 19.9 20 20.2 20.1 20 20.7 21.4 22 22.9 24 25.4 27.4 29 31.2 32.8 34.3 35.8 37.3 37.2 37.5 38.1 38.9
7.4 7.9 8.1 8.2 8.3 8.3 8.2 9.3 10.1 11.4 12.2 12.4 12.8 13.4 13.5 13.5 12.7 13 13 12.9 12.9 12.8 13.4 14.2 15.1 15.9 17.1 18.7 19.8 20.8 22.1 22 21.6 21.2 21.4 22.3 23.5 22.4 22.5 23.4 24.2 24.7 24.6 24.3 23.8 23.1 23.3 22.9 21.9 21.1 21.1 21.3 20.8 20.3 20.3 20.4 20.1 19.9 19.1 17.6 16.5 14.7 15.4 18.7 19.3 20 20.3 20.3 20.7 21.2 21.9 22.5 23.3 24 25.5 26.5 28.1 30.4 32.6 34.5 36 37.3 38.2 39.2 39.6 40.4
8.6 9 9.7 10.3 9.2 9 8.6 10.7 11.4 11.7 11.8 12.4 12.7 12 12 11.8 11.9 12.1 12.2 12.2 13 13.9 14.7 15.6 16.6 17.7 17.8 18.6 19.6 20.6 20.5 20.6 20.1 19.6 19.9 19.5 19.7 20 20.1 20.9 22.2 22.6 22.6 22.9 23.1 23.2 23.7 23.3 22.5 21.7 21.7 21.7 21.7 20.5 20.5 21.2 21.2 20.8 20.3 19 17.2 15.3 14.8 18.1 20 20.2 20.4 21 21.4 22.1 22.7 23.4 24 24.9 26.1 28.4 30.3 31.8 33.3 34.7 36 37.1 38.3 39.8 39.9 39.2
9.5 10 10.7 11.4 9.5 9.1 9.9 11.9 13.3 14 14 13.9 13.7 12.8 12.3 12.8 13.2 13.6 13.5 13.3 14.2 15.1 16 16.9 18 18.8 18.7 18.4 19.4 19.1 18.9 19.1 18.6 18.2 18.3 18.6 18.9 19.2 19.3 19.4 20.5 21.2 21.8 22.3 22.7 22.7 22.7 22.7 22.4 22.6 22.4 22.4 22.3 20.5 21.7 22.4 22.1 21.7 21.4 20 18.4 16.9 14 17.2 20 20.1 20.6 21.7 22.3 23.1 23.9 24.7 25.5 26 26.7 28.4 30.5 31.8 32.7 33.1 33.4 34.9 37 37.8 38.2 37.6
10.1 10.8 11.5 11.5 10.2 9.3 10.8 12.3 13.2 13.9 14.2 14.3 14.2 13.7 13 13.7 14.4 14.8 14.5 14.2 15 16.1 17.2 18.1 18.9 18.9 18.9 18.9 18.4 17.7 17.3 17.7 17.7 17.8 17.2 17.8 18.1 18.4 18.5 19.2 20 20.7 21.5 22.2 22.4 22.5 22.5 22.1 22.5 22.8 23 23.1 23.1 20.9 25.9 23.2 22.7 22.3 22 21.3 20.2 18.4 15.8 15.2 19.6 19.9 21.2 22.6 23.5 24.2 25.1 25.4 26.1 26.7 27.2 27.9 28.8 30.2 30.4 30.3 30.7 33.6 34.9 35.6 36.2 35.6
10.6 11.5 12.3 11.6 10.1 9.9 10.7 11.9 13.1 14 15.1 14.9 14.8 14.5 14.6 15.3 15.5 15.5 15.2 15.1 15.5 16.1 16.5 17.1 17.6 17.4 17.6 17.8 17.3 16.7 17 17.1 17.3 17.3 17.1 16.8 17.4 17.6 18.5 19.5 20.5 20.8 21.4 22.1 22.4 22.3 22.2 22.1 22.4 22.4 22.9 23.9 24.9 22.9 23.7 23.5 23.1 23 22.4 21.8 21.2 19.9 17.5 15.1 15.8 19.9 21.6 23.1 24.6 25.4 26.3 26.4 26.7 27.2 28 28.7 28.7 28.2 27.5 28.3 30.7 32.1 32.6 33.3 33.9 33.6
12 12.6 11.9 10.7 9.7 9.8 12 12.8 14 15.4 16.7 16.5 16.3 16.1 16.1 16.2 16.3 16.3 16 15.7 16 16.1 15.5 15.7 16.2 16 15.9 16.1 16.2 16.5 16.7 16.7 16.7 16.9 16.9 15.7 16.5 17.2 19.1 20.2 20.9 20.9 21.4 22.1 22.3 21.9 21.6 21.5 21.5 22 22.5 23.3 24.7 24.3 22.9 23.4 23.8 23.5 22.9 22.4 21.6 20.4 19 16.7 15.5 16.7 20 21.6 23.8 24.9 25.8 25.4 25.3 26 27.5 27.9 28 26.9 25.5 28.2 29.9 30 30.8 31.2 31.7 31.6
13.6 13 11.9 10.5 9 10.5 12.8 13.8 14.8 16.2 17.3 17.7 17.5 17.2 17 17 17.1 17.1 17 16.6 15.8 15.2 14.7 14.8 15.2 15.2 15.4 15.9 16.3 16.6 16 16.3 16.4 16.4 16.5 14.6 15.8 17.6 18 19.3 20 20.4 20.9 21.3 21.4 21.4 20.9 20.5 20.5 20.7 21.6 22.4 22.9 23.3 21.6 23.2 23.8 24.2 23.4 22.6 21.6 20.4 19.7 18.6 16.4 15.6 15.8 18.1 20.3 21.3 21.9 23 23.4 24.6 25.4 26 25.9 25.8 23.5 26.2 27.5 28 28.8 29.6 30 29.5
14.6 13.5 12.7 11 8.8 10.7 12.5 13.9 14.8 16 16.6 16.7 16.3 15.9 15.8 16 15.9 15.6 15.5 15.4 14.8 14.2 13.9 14 14.7 15.2 15.6 15.9 16.3 16.3 15.7 15.1 15.3 15.6 15.8 14.2 15 16.1 16.5 17.5 17.8 18.2 18.6 18.9 19 19 18.9 18.9 19.5 19.6 19.8 20.4 21.1 21.7 20.6 22.2 23.5 24 23.6 22.7 21.7 21 20.9 20.3 19.4 18.3 16.9 15.9 16.4 17.8 19.3 19.3 19.3 20.4 22.7 24.1 24.1 24.3 22.4 23.2 24.9 24.8 24.9 25.6 27.2 28.1
15 14 13.2 11 9.3 10.1 11.4 12.5 13.8 14.9 15.5 15 14 13.6 13.7 13.8 13.9 14.3 14.4 14.1 13.6 13.4 13.2 14 14.7 15.2 15.5 15.9 15.2 15 14.8 14.6 14.2 14.3 15 14.2 14.5 14.7 15 15.4 15.7 15.9 16.2 16.4 16.5 16.6 16.6 16.9 17.4 18.1 18.7 18.9 19.2 19.8 20.5 20.7 21.8 22.8 23.8 23.1 22.4 21.9 21.7 21.4 20.2 19.3 19.8 18.8 15.9 16.3 16.7 16.6 17.1 18 19.4 20.2 20.8 20.8 19.2 19 19.5 20.3 19.1 20.1 21.3 21.6
14.2 13.4 12.6 10.8 9 9.1 10 11.2 12.7 14.1 14.2 14.2 13.2 11.9 11.7 11.9 12.6 13.1 13.3 13 12.9 12.6 13.2 14.2 14.7 15.1 15.4 15.5 14.7 14 13.6 13.4 13.2 13.6 14.3 14.3 14.6 14.7 14.7 15.1 14.4 14.4 14.6 14.6 15.1 15.7 16.2 16.6 17.1 18 18.4 18.7 19 19.1 20.6 20.1 21.1 22.2 23.5 23.3 23 23.1 22.8 22.4 21 21.1 21.5 21.3 20.4 16.5 17.2 19.3 19.6 18.9 18.5 18 18.7 18.8 19 20.2 21.3 19.6 19.4 19.3 19 18.9
13.3 12.7 11.9 10.8 10.4 9.9 8.8 10.3 12.9 13.3 13.2 13.1 12.3 10.4 10.8 11.1 11.4 11.9 12.3 12.3 12.4 12.7 13.7 14 14.4 14.7 15 15.1 14.3 13.5 13 12.9 13 13.5 13.9 14.4 14.6 14.7 15 15.5 15.6 14.1 14.3 14.6 15.1 15.6 16.5 17.1 17.5 18.2 18.7 19.1 19.4 19.6 20.8 20.1 21.2 22 22.6 23 23.4 24 23.8 23.2 22.7 22.8 22.6 22.2 21.3 17.6 19.2 21.4 21.6 21.8 22 22 22.2 22.5 23.5 24.1 24.7 24.9 24.6 24 23.2 22.3
12.8 12.3 12 12.7 12.5 10.4 8.9 9 9.8 10.9 11.8 10.9 9.2 10.5 12 12.3 11.8 11.3 11.6 11.9 12.8 13.5 13.8 13.7 13.8 13.9 14.1 14.2 13.7 13 12.8 12.8 12.9 13.5 13.9 14.2 14.6 14.7 15.6 15.8 16 15.9 14.1 14.6 15.1 15.7 16.5 17.3 17.9 18.4 18.8 19.2 19.7 20.1 20.9 21 21.6 22.2 22.9 23.4 23.9 24.4 24.4 24.1 23.9 23.7 23.6 22.8 22 17.3 20.2 22.9 23.1 23.5 24 24.1 24.5 24.6 25.3 25.9 26.3 26.4 26.5 26.3 25.7 24.8
12.4 12.5 13 13.1 12.2 11.1 9.9 11 10.1 9.9 9.3 8.7 10.5 12.4 12.7 13.2 12 11.1 11 11.8 12.7 13.3 12.9 12.9 12.9 13 13.1 13.3 12.8 12.8 12.8 12.7 12.8 13.6 13.9 14.1 14.4 15.1 16 16.2 16.4 16.6 15.4 14.9 15.2 15.7 16.4 17.3 18.1 18.5 18.9 19.3 19.7 20.2 20.9 21.6 22.3 23 23.7 24.2 24.8 25 24.9 24.9 24.8 24.7 24.3 23.5 22.3 17.5 21.4 24.4 24.7 25.2 25.7 26.2 26.2 26.2 26.9 27.1 27.2 27.4 27.3 27.2 26.4 25.5
12.3 12.4 12.5 12.7 11.6 10.6 12.3 12.5 11.8 12.1 11 9.7 10.2 12.1 12.7 13.3 12.8 11.6 11 11.4 12 12.4 12 11.9 11.9 12 12.4 12.9 13.2 13.1 12.9 12.7 12.8 13.7 14.3 14.5 14.6 15.3 16.2 16.6 16.8 17.1 16.9 16.3 15.8 15.7 16.3 17.2 18.2 18.6 19 19.4 19.8 20.4 21.3 22.2 22.9 23.7 24.4 25.2 25.2 25.5 25.5 25.4 25.3 25.2 25.1 24.3 22.4 18.4 22.5 25.9 26.1 26.1 26.4 27.2 27.6 27.9 28.1 28.1 28.2 28.3 28.1 27.9 27.6 26.6
12.4 12.4 12.4 12 11.1 11.3 12.8 13.1 13.1 13.1 11.6 10.1 10.8 12.1 12.8 13.4 13.7 12.7 11.7 10.9 11.2 11.5 11.6 12 12 12.2 12.7 14.2 15.1 14.3 13.9 14.1 14.4 15.1 15.3 15.1 14.8 15.1 16 16.9 17.2 17.5 17.1 16.7 16.6 16.4 16.3 17.6 18.3 18.7 19 19.4 19.8 20.6 21.6 22.8 23.6 24.3 25.1 26.9 27 26.3 26 25.9 25.8 25.7 25.5 25.8 21.8 18.7 21.2 24.2 25.5 26.3 27 27.8 28 28.2 28.4 28.5 28.7 28.6 28.4 28.2 28.2 28.2
12.4 12.4 12.3 11.8 10.6 11.6 12.8 13.1 13.2 12.9 11.3 10.4 11.3 12.4 12.9 13.3 13.7 13.1 12.1 10.9 12.9 14.2 14.8 14.6 15.1 15.4 14.6 15.5 17 16.6 16.1 16.1 16.2 16.2 16.3 16 15.2 14.9 15.8 16.7 17.5 17.6 17.4 17.4 17.3 17.1 17.2 17.8 18.6 18.8 19.1 19.5 19.9 20.9 21.9 23.1 24.3 25.1 26.9 28.7 28.7 27.7 26.4 26.2 25.9 25.7 25.5 25.3 21.1 19.4 23 24.1 24.8 26.2 27.1 27.9 28.1 28.3 28.4 28.5 28.6 28.4 28.4 28.5 28.6 28.7
13 12.4 11.9 11.5 11.3 12 12.8 13.2 13.2 12.4 10.7 10.4 12 12.9 13 13.2 13.6 13.5 12.6 13 15.6 17.1 18.6 18.1 18.5 18.8 19.4 19.4 19.7 19.4 18.7 18.1 17.6 17.3 17.1 16.8 15.7 14.9 15.8 16.9 18 17.9 17.8 17.9 17.9 18 18.1 18.4 19 19.3 19.4 19.6 20 21.3 22.3 23.2 24.5 26.4 28.9 30.7 30.8 29.1 27.2 26.4 25.9 25.7 25.4 24.6 20.5 19.6 23.2 25.5 26.1 26.8 27.5 28.1 28.3 28.4 28.5 28.4 28.4 28.6 28.7 28.9 29 29.1
13.2 13.1 12.5 12 11.7 12.5 13.2 13.3 13.3 11.8 9.8 10.8 12.8 13.6 13.8 13.8 13.8 13.9 14.2 15.8 18.9 21.2 21.9 21.6 22.2 22.8 22.5 22.7 22.4 21.8 20.3 19.6 19.2 18.8 17.9 17 15.9 15.2 16 17 18.2 18 18.3 18.4 18.5 18.8 19.2 19.2 19.3 19.6 21.1 22.7 22.7 23.1 23 23.2 24.5 26.8 29.3 31.6 31.1 29.4 27.8 26.6 25.6 24.6 23.8 22.7 19.4 19.8 24 26.3 26.9 27.4 27.8 28.1 28.4 28.5 28.4 28 27.6 28.4 29.1 29.3 29.4 29.5
14 13.9 13.6 13 12.6 12.7 13.2 13.2 13.2 12.6 11.2 11.6 13.2 14.1 14.6 14.7 14.7 14.9 16.6 18.7 21.5 24.6 25 24.8 25.6 24.9 24.8 24.5 23.5 22.7 21.7 20.4 19.5 18.8 17.9 17.2 16.3 15.5 16.3 17.3 18.3 18.4 18.7 19 19.1 19.5 19.9 20.4 20.2 21.7 24.9 26.1 26 24.9 23.7 24.5 25.9 28.1 30.5 32.6 31.4 29.8 28.3 26.7 25.9 24.5 23 21.4 18.7 20.2 23.7 26.3 27.1 27.3 27.6 27.9 28.2 28.2 27.5 27 26.8 27.2 28 28.8 29.6 29.5
