webserver/python/data/TQ28.asc
ncols 200
nrows 200
xllcorner 520000
yllcorner 180000
cellsize 50
[rows 114 to 151 of 200, columns 87 to 173 of 200]
51.1 50.1 48.6 46.6 45.1 44.1 43.6 43.2 43.1 42.9 42.7 42.1 41.2 40 40.7 39.4 37.9 38.5 40.7 44.9 48.6 49.2 47.9 46.8 45.4 44.9 44.3 43.7 43.2 43.1 43 42.8 42.3 41.6 40.2 39.5 39.2 39.2 39.7 40.5 41.6 42.4 44.2 46.5 50 54.2 56 56 54.8 53.8 52.7 51.8 51.6 51.5 51.6 52.4 53.6 53.3 51.8 50.1 48.7 48 47.2 46 45.1 43.1 40 40.2 39.3 39.8 39.1 37.6 36.8 37.3 35.1 33.3 31.9 30.6 30.3 30.4 30.3 29.6 29.7 29.8 29.8 28.9 27.6
50.8 49.6 48.4 46.5 45 44.1 43.9 43.5 43.2 43 43.2 42.8 42.1 41.1 40 40 37.7 37.6 39.8 44.2 47.5 48.4 46.8 45.1 44.7 44.4 43.7 43.1 42.4 42.2 42.1 41.6 41.2 40.7 39.8 39.1 38.8 38.6 39.4 40.4 40.8 41.8 44.2 44.9 48.4 52.8 54.9 55.2 54.5 53.2 51.6 51.1 51 50.7 50.2 50.3 51.4 51.2 50.1 48.9 49 47.8 47.6 46.5 45.3 44.3 42.2 41.3 40.2 39.3 39.1 37.9 37.1 36.3 34.9 33.6 32.3 30.9 30.8 30.9 30.6 30 30.3 30.8 30.5 28.9 28.9
50.4 49.1 49 46.8 45 44.4 43.9 43.6 43.4 43.5 43.7 43.6 43 42.3 40.1 40.3 38.7 37 39.6 43.8 46 47.6 45.9 44 43.2 42.8 43.1 42.5 41.9 41.3 41.4 40.4 40 39.5 39.1 38.7 38.3 38.3 38.7 39.6 39.5 40.7 43.8 44.4 47.8 51.8 53.3 54 53.3 52 50.6 50.4 50.3 50.3 50.2 50 50 49.4 48.7 48.6 48.8 48.4 47.8 47.8 45.4 44 43.8 42.4 40.3 40.1 38.5 36.8 35 34.5 34.4 33.4 32.3 31.3 31.1 31 31 31.1 31.1 30.7 30.4 30 29.8
49.7 51.5 49 46.9 44.8 44.4 43.9 43.5 43.8 43.9 44 43.7 43.4 42.7 41 40.4 38.6 37 40.3 43.8 45.5 46.8 45.3 43.8 41.4 41 41.6 41.9 41.3 40.8 40.5 39.6 39.1 38.8 38.4 37.6 37.7 37.7 38.2 39 39 39.2 41.7 44.5 47.8 50.9 51.6 51.7 51.4 50.8 49.5 49.7 49.7 49.7 49.7 49.5 48.7 49 48.1 48.2 48.5 49 49.4 49.9 48.6 46.6 45.5 44.3 42.9 41.1 39.2 37.2 35.5 34.5 34.4 33.8 32.7 32 31.7 31.4 31.2 31.6 31.5 31 30.4 30.8 30.2
49.4 49.4 48.4 46.6 44.5 43.9 43.2 42.2 42.5 43.2 43.9 43.3 42.3 42.4 41.1 39.9 38.7 37.4 39.6 42.6 46 45.7 44.4 41 39.4 39.3 40.4 41 40.9 40.4 39.5 39.3 38.7 38.4 37.4 36.5 36.3 37 37.7 39.2 39.5 39.5 41.8 44.1 48.5 51 51.9 51.6 50.4 49.2 49.3 48.9 49.2 49.3 49.2 48.7 48.1 47.8 48 48 48.6 49.2 51.2 52.9 52.8 50.1 48.1 45.6 45.5 42.6 39.9 37.8 35.8 36 34.2 33.6 33.1 32.1 32 32 31.6 32.5 31.9 31.3 30.7 30.2 29.9
48.9 48.2 47.1 45.8 44.3 43.2 42.2 41.2 41 41.6 41.2 40.8 40.6 40.9 40.3 41 39 37.9 38.3 41.3 44.8 45.1 41.6 39.6 39.2 39 40.6 40.3 40.6 40 39.4 38.9 38.2 37 36.1 36.3 36.8 37 37.6 39.4 39 41.7 44.3 46.5 49.1 51.4 52.5 52.4 51.5 49.8 48.2 47.6 48.3 48.7 48.8 47.6 47.3 47.2 47.7 48.2 48.9 51.6 54 57 58.9 55.2 52.7 49.7 46.5 42.6 39.7 37.4 35.3 34.5 34.6 33.6 33.3 32.9 32 32 32 33 32.6 32 31.3 30.3 29.5
47.7 46.8 45.5 44.3 43 42.1 41.4 40.2 39.8 39.2 39.2 39.3 39.3 39.5 39.6 39.4 38.9 38.6 39 39.5 40.4 40.4 40.2 38.9 38.9 39 38.9 39.5 39.7 39.6 38.4 37.9 36.7 36.2 36 36.4 37.2 38.1 38.5 39.1 40.3 42.7 46.2 49.4 50.7 52.4 52.5 51.6 50.4 49.4 47.3 46.6 47 47.8 48.4 47 46.6 45.8 45.4 47.6 50.4 54.9 57.1 60.4 63.6 60 57.1 53.3 47.5 43.9 39.6 37.9 36.1 34 34.5 33.5 32.9 32.5 32.2 33.1 33.6 33.6 33.3 33 31.8 30.6 29.8
46.6 45.3 44.1 42.9 41.7 40.6 39.9 39.2 37.9 37 36.8 36.7 37 37.7 37.9 38 37.7 38.4 38.4 39.2 39.4 38.3 38.2 38.7 38.5 38.6 38.4 38.5 38.8 38.7 37.4 36.7 36.5 36.2 36 36.8 37.7 38.6 39.5 39.3 40.9 43.8 47 50.5 51.7 53 52.9 51.1 49.4 48.8 46.8 45.6 45.8 46.7 47.6 46.7 45.8 45.5 44.5 46.9 50.4 54.7 57.3 60.5 63.3 64.7 62.3 54.4 48.3 42.9 39 37.6 36.3 34.8 33.8 33 33 32.9 32.9 32.9 33.6 33.6 33.4 33.2 32.7 30.9 29.7
45.5 43.9 42.7 41.5 40.4 39.3 38.4 37.6 36.2 35.1 34.9 35.6 36 35.7 35.7 35.9 36.8 38 37.7 36.6 36.9 36.3 36.2 37.1 37.8 37.5 37.1 37.6 37.8 37.9 37.3 36.6 36.4 36.1 36.2 36.8 38.1 38.8 39.5 41 41.3 44.2 46.9 50.1 51.3 53 52.7 51.2 49.8 48 46.1 44.9 45.2 45.3 46.2 45.8 44.5 44.3 46 46.6 50.3 53.1 55.2 57.9 61.6 64.9 61.9 53.3 48.2 42.5 39.2 37.3 36 35 34 33.3 33.2 33.2 33.1 33.2 33.1 33 33 33 33 31.3 29.4
44.3 42.7 41.3 40.1 39.1 38 36.9 35.9 34.9 34.2 33.8 34.2 34.1 34 34.2 34.7 35.2 37.1 37.2 35.9 34.5 34.5 34.2 35.2 36.4 36.4 36 36.6 36.2 37.4 37.7 36.7 36.2 36 36.3 36.9 38 38.4 39.2 39.4 40.9 42.9 44.9 47.4 49.3 52.6 52.4 51.2 49.9 48.5 46.2 44.8 44.5 44.6 44.6 44.6 44.5 44.5 45.8 46.8 48.7 51.4 53 55.1 57.1 57.8 54.8 50 45.3 42.4 40.1 37.1 36.1 35.3 34.2 33.5 33.5 33.5 33.4 33.5 33 33 33 33 33 32.4 30.8
42.3 41.2 39.8 39.3 38.3 37.3 36.2 34.8 33.9 33.4 33.1 33.2 33.3 33.2 33.4 33.8 34.9 36.2 36 35.3 35.8 34.4 32 33.5 35 35.4 34.6 34.1 34.3 34.5 36.5 36.6 36.1 36.4 36.5 37 38.1 38.1 38.9 39.9 39.5 41.7 43.9 46.8 50 51.8 51.9 51.4 50 48.7 46.6 44.9 43.8 42.9 42.4 42.5 42.5 43.3 44.5 45.8 47.5 49.6 51.3 53.4 54.6 53.7 49 45.3 42.4 40.3 39 36.9 35 34.9 34.3 33.7 33.7 33.7 33.7 33.7 33 33 33 33 33 33.5 31.9
40.6 39.5 38.7 38.2 37.7 36.9 35.8 34.4 32.9 32.8 32.8 32.8 32.6 32.4 32.6 32.4 33.9 35.7 35.8 35.7 36 34.9 33.9 32.7 34.2 35.3 34.7 34.4 34 34.8 34.4 35.5 35.9 36.5 36.6 36.7 36.9 37.2 38 39.3 39.8 42.2 44.6 47.6 50.6 51.9 51.9 52 50.3 48.4 46.9 45.2 43.8 42.5 41.5 41.1 40.9 42.1 42.8 44.2 45.8 47.9 51.1 52.4 53 52.4 46.6 43.1 40.6 38.4 37 36.3 34.6 34.2 34.3 33.9 33.9 33.9 33.9 34 33.3 33 33 33 33 34 33.2
39.5 38.1 37.5 37.1 36.6 36.2 35.7 34 32.3 31.9 31.9 31.8 32.3 32 29.7 30.8 32.5 34.8 35.6 35.6 35.8 35.2 35.3 32.5 33.3 34.2 35 34.8 34.1 34 34.1 34 35.6 36 36 36.4 36.7 37.2 38.2 39.7 40.7 43 45.4 48.3 50.6 51.9 52 52 51.2 49.5 47.5 45.3 43.9 42.7 41.5 40.5 40.3 40.1 40.9 41.8 42.8 45.7 51 51.3 51.6 50.8 45.5 41.9 39.3 38 36.4 36 34.5 34.2 34.3 34 34 34 34 34.2 34.5 34.1 34.1 33.3 33.6 35.1 34.3
38.4 37.3 36.5 36 35.1 35 33.8 33.1 32.1 31.3 30.9 30.9 30.9 30.3 29 29.6 32 31.9 32.3 35.1 36.1 37 35.3 33.9 33.2 33.5 34.9 35.1 34.4 34 34 34 35.3 34.4 36.2 36.7 36.8 37.4 38.6 39 41.1 43.9 46.9 49.2 50.6 52 52 52 51.3 50 48 45.8 44 42.8 41.5 40.3 40.3 39.3 39.5 39.9 40.9 44.5 48.6 51 51 49 44.3 40.9 38.7 38 36.7 36.3 35.6 35.1 34.6 34.2 34 34.8 35.1 34.9 34.8 34.9 35.5 35.2 35 35.1 34.6
37.2 36.4 35.6 35.4 35.6 35 33.7 32.4 31.3 30.6 30.2 29.6 29.1 29.4 30 30.6 29.9 29.2 32.1 33.2 34.9 36.2 36.4 34.8 34 33.1 35 35 35.5 34 34.8 35.6 34 34.9 35.8 36.7 37.2 37.9 39.5 40.2 42.3 44.4 49.3 50.2 50 51.7 51.6 51.6 50.9 50.2 48 45.4 43.8 42.5 41.1 39.9 39.3 38.9 38.6 39 40.1 41 43 45.9 45.2 44 41.2 39.5 38.1 37.7 36.3 35.4 35.4 34.8 35.3 35.9 35.4 37.3 35.1 34.8 34.4 34.6 35.3 35.3 35.3 35.8 35.7
36.4 35.6 34.7 34.3 34.6 33.9 32.6 31.6 30.8 30 29.5 29.6 29.6 29.6 29.8 30 29.6 30.9 30.3 30.2 32.2 33.4 35.4 34.9 32.3 32.3 34.3 35 35.8 35.7 34.4 36.9 36.4 36.9 37.7 37.2 37.9 38.6 39.1 40.5 43.5 47.1 50.5 50.5 50.7 51.2 50.9 51 50.5 50.2 47.7 45 43.6 42.2 40.8 39.9 39.7 38.9 38.6 38.3 38.9 39.7 40 41.7 41.8 40.5 39.3 37.9 37 37 36.2 36 35.5 36.2 38.2 39.4 40.9 40.6 35.7 35.5 35.6 36 35.9 35.9 35.5 35.3 35.4
35.6 34.9 34.2 33.7 33.5 32.8 31.9 31.2 30.7 30.1 29.6 30.1 29.2 29.3 29.5 29.7 29.7 29.8 29.7 29.8 29.2 30.5 32.5 33.4 31.4 30.4 33.1 34.9 34.7 35.7 37.4 39 38.8 38.8 37.7 37.9 38 38.9 39.8 39.6 43.4 48.1 51 50.6 49.7 50 50.2 50.2 50.1 50.3 48 44.9 43.3 41.8 40.4 39.7 39.5 38.9 38.7 38.3 37.7 37.9 38.3 38.8 39.1 39.3 37.6 37.2 37.1 37 37.4 37.8 36.9 35.8 39.1 41 41 39.5 36.5 36.8 36.9 37.3 36.8 36 36 35.4 34.4
35.2 34.4 34 33.6 33.2 32.8 32.3 31.8 31.3 30.7 30.2 29.9 29.1 29 29.2 29.3 29.2 29.1 28.9 28.7 30 31 30.3 30.3 30.3 30 32 34.2 34.6 36.6 39.7 40.1 39.3 38.5 37.3 37.7 38.3 38.9 40.4 40.4 44 47.4 48.6 49.5 49.1 49.7 50.2 50.6 50.1 49.4 47.3 44.8 43.2 41.6 40 39.6 39.6 39 38.6 38 37.4 37.1 37.1 37.2 38.2 37.8 37.3 37 37 37.3 38.5 39.2 38.8 35.7 35.5 40.8 41 40.5 37.1 38 39.2 38.8 37.5 36 36 35.3 34.5
35.2 34.6 34.2 33.9 33.6 33.3 32.8 32.3 31.8 31.3 30.7 29.3 29.3 29.7 29.4 28.9 28.9 28.8 28.6 28.2 28.9 29.7 29.7 29.2 29 30.5 32 33.1 34.1 36.1 40.2 40.8 39.8 38.1 37.1 37.8 38.6 39.6 39.5 40.3 44 46.3 47.6 47.7 48.2 49.3 50 50.2 49.1 48.6 46.7 44.8 43.4 41.9 40 39.3 39 38.7 38 37.4 36.9 37.3 37.4 37.3 38 37.4 36.9 36.5 36.4 37.1 39.1 40.1 39.9 39.7 38.3 41 41 40.5 38 39.7 40 39.8 38.5 36.5 35.6 35 35.3
35.3 34.8 34.6 34.3 34 33.8 33.3 32.8 32.3 31.8 31.1 29.7 30 30.2 29.7 28.7 28.6 28.5 28.3 28.1 28.9 29 29.9 29.4 29.1 30.3 31.8 32.5 33.5 34.8 38.3 41 40.6 38.3 37.5 38.4 39 39.9 40.7 42.9 44.7 45.9 46.4 46.5 47.2 48.3 49 48.8 48.6 48.1 46.7 45.9 44 41.9 40 39.7 38.8 38.3 37.5 36.9 36.6 37.1 37.7 37.8 37.6 37 36.4 36 35.8 36.1 38.3 39.8 40.6 41 39 40.6 40.3 39 39 40.5 40.4 39.3 39.2 37.7 35.9 35.1 35.6
35.6 34.4 34.9 34.7 34.5 34.2 33.9 33.4 32.8 32.1 31.4 30.2 30.4 30.6 29.9 28.7 28.4 28.3 28.1 28.8 28.8 28.8 29.1 29.9 30.6 31.2 31.6 32.1 33.3 34 36.6 39.9 40.8 39.2 37.9 39.2 39.6 40.4 41.9 43.3 44.9 45.4 45 45.6 46.6 47.6 47.9 47.9 47.8 47.7 46.2 45.1 43.9 41.6 40.3 39.4 37.9 37 37 36.3 36.3 36.9 37.5 37.8 37.2 36.6 35.9 36 35.6 35 36.4 37.8 38.6 39.4 40.3 40.9 39.5 39.1 39.2 41.3 41.9 40.9 39 38.9 36.5 35.5 35.3
35 34 34.7 34.9 34.9 34.6 34.4 33.9 33.2 32.5 31.8 30.7 30.6 31 29.8 28.8 28.2 28.1 28.2 28.1 28.3 28.6 28.9 29.8 30.5 30.5 31.2 32 32.8 33.9 35.2 38 40.7 39.6 38.4 40.1 40.9 41.8 42.4 43.7 44.5 44.4 44.3 44.4 46.4 47.4 47.8 47.6 47.4 47.2 45.9 44.8 43.3 42.2 40.7 39.8 38.3 37 36.7 35.8 36.1 36.8 37.5 37.7 36.9 36.1 35.2 34.8 35.8 34.9 35.2 36.4 35.5 36.4 38.5 39.4 40.4 39.1 39 40.9 42 41 40.3 39.1 37.2 35.9 35.4
34.8 34.9 35.6 35.6 35.7 34.2 34.5 33.9 33.2 32.5 31.8 31 30.2 30 29 28.5 28.1 27.9 27.9 27.9 28 28.1 29.1 30 30.4 30.1 31.4 32 32.3 33.3 33.9 35.7 38 39.2 40.1 41.4 42 42.1 42.9 43.9 43.9 43.5 43.8 45 45.9 46.8 47.2 47 46.7 46.6 45.9 44.8 43.8 42.6 41.5 39.9 38.7 37.7 37.3 36 35.2 36.8 37.7 37.4 36.5 35.8 35.2 36 34 34.2 34.1 35.2 34.1 34.9 36.6 38.1 39.1 39.5 40 41 41.4 41.1 40.6 39.7 37.9 36.4 35.8
35.5 35.6 35.4 35.4 35.9 35.1 34.3 33.7 33 32.3 31.6 30.9 30.5 30.1 28.8 28.5 28.1 27.8 27.7 27.7 27.8 28 28.6 29 30.5 30.7 31.8 32 32 32.6 33.3 34.3 36.5 39.8 40.9 42 42.9 42.9 43.5 44 43.7 43 43.2 44.5 45.3 45.8 46.3 46.2 45.9 46 45.6 44.7 43.7 42.8 41.6 40.5 39.6 38.6 37.3 35.4 35.6 36.1 37 37 36.1 35.6 35.3 35.1 35.6 34 34.9 34.7 34.7 34.1 35.7 36.8 37.8 38.2 39 40.1 40.5 41 40.5 39.8 38.4 36.8 36.3
35.5 35.5 35.9 36 35.5 35.1 34.1 33.5 32.8 32.1 31.4 30.7 29.6 29.2 28.7 28.5 28.1 27.8 27.6 27.6 27.7 28 28.3 29.3 30.4 30.5 31.4 32 32 32 32.5 33.8 35.6 38.4 40.4 42.3 43 43 43 43.1 43.3 43 43 44 44.4 44.9 45.6 45.9 45 45 45.6 43.9 43.3 42.7 41.7 40.9 40.2 39.2 38.3 36.9 36 35.8 36.4 36.9 36.3 35.1 35.8 34.5 34.4 34.7 34.6 34.4 34.1 34.2 35.1 35.5 36.4 36.6 37.3 38.8 40 40.8 40.6 40 38.4 36.7 35.9
35 34.9 34.8 35.7 35.8 35.2 33.9 33.2 32.6 31.9 31.2 30.6 31.1 29.1 28.4 28.3 28.1 27.8 27.4 27.4 27.7 28 28.3 29.5 30 30.2 31 32 32 32 32.1 33.1 34.8 36.8 39.7 41.7 42.5 43 43 43 43 43 43.3 43.8 44.2 45.3 45.4 45 44.7 44.5 44.7 44 43.1 42.2 41.2 40.1 40.3 38.9 38.3 37.1 36.6 35.9 35.1 36.3 35.9 34.8 34 35.7 34.5 33.8 32.9 32.6 32.5 32.9 33.9 35.4 35.6 35.3 35.7 37.2 39 40.3 40.1 39.2 37.9 36.2 35.6
34.6 34.5 34 35 35.9 34.7 33.6 32.9 32.2 31.6 30.9 30.1 29.2 29.1 28.1 28 27.7 27.5 27.2 27.4 27.7 28 28.3 29.5 30.7 30.7 31 31 31.7 32.3 32.6 32.2 33.4 34.9 37.3 40.2 41.5 42.3 43 43 43 43 43.2 43.5 44.5 45.2 44.8 43.5 42.8 42.6 43.2 42.5 42.3 41.6 40.7 40 39.7 39 38.7 37.5 36.4 36.1 35.3 35.2 35.9 34.2 35 34.2 33.8 33.6 32.2 31.4 31 31.3 32.3 32.9 33.7 34.5 34.6 35.9 37 38.4 38.8 38.3 37.1 35.9 35.3
33 33.2 33.4 33.9 34.2 34.3 33.2 32.4 31.7 31 30.3 30.9 29.7 28.9 27.9 27.6 27.3 26.9 26.9 26.9 26.9 28 28.3 29.1 30.2 30.7 30.7 30.1 30.5 32.1 32.8 32.1 32.1 33 35 37.8 40.4 41.2 41.5 41.7 42.1 42.2 42.8 43.7 43.5 43.5 43.5 42.1 41 41.3 41.4 41.8 41.8 40.7 40.3 40.7 39.5 39 38.5 37.8 36.6 35.9 34.5 34 35.5 35.2 34.8 33.6 33.6 33.3 32.5 30.7 30.2 30 29.8 30.5 31.7 34.1 34 34.8 36.1 37.5 37.5 37.6 36.4 35.3 34.6
31.7 31.9 32.1 31.9 32.1 32.4 31.7 31.8 31.2 30.6 30.8 31.1 29.7 29.4 27.9 27.5 27.2 26.7 26.5 26.6 26.8 27.5 28.2 29.3 30.3 30.1 29.8 29.4 29 30.4 31.6 32 32 32.2 33.5 36.4 37.8 40 40.5 40.7 40.7 40.9 41.8 42.5 42.4 42.4 43 42 40.4 40.9 41 41 41.1 40.7 39.5 40.2 39.3 38.6 37.8 37.1 36.7 35.5 34.5 32.8 32.3 32.7 34 33.3 33.3 33.2 32.6 30.7 29.7 30.3 29.6 29.3 32 34 34 34.3 35.5 36.4 36.8 36.9 36.1 35.2 34.6
31.3 31 30.7 30.3 30.9 30.5 30.4 30.5 30.5 30.1 31.1 30.9 30.8 29.4 28.1 26.8 27.2 26.6 26.2 26.5 26.8 27.9 28.1 29.3 29.9 29.2 29 29 29 29 30 32 31.1 31.6 32.4 33.7 34.6 36 37.9 39.2 39.3 39.6 40.8 41.2 41.3 42.5 43 42 40.9 40.9 40.6 40.3 41 40.9 39.8 39.1 38.1 37.9 37.3 36.2 36 35.3 34.6 31.9 29.6 29.8 31.5 32.6 32.6 32.4 31.9 30.4 29.2 29.7 30.6 31.5 33.9 34.8 35 35 36 36.1 36.1 36.1 35.8 35.5 33.9
31.5 31.2 30.8 30.4 30.7 29.5 30.1 30.1 29.8 29.6 30.1 30.1 30 29.2 28 26.7 26.5 26.3 26.1 26.8 27.3 27.9 28.4 29 29.4 29.5 29 29.2 30.3 29 30 30.6 29.5 30.3 31.4 32.2 33 33.9 35.1 36.3 37.9 39.7 40 40.2 40.3 41.5 42.5 42.2 41.2 40.4 39.7 39.1 39.8 39.7 38.4 37.1 36.5 36.8 36.1 36.2 35.2 35.6 34.7 32.4 30.2 30 30.3 30.6 30.7 30.7 30.5 29.6 29 30.6 32.8 34.5 35.9 36.7 36.6 36 36.1 35.8 35.5 35.4 35.1 34.3 33.1
31.7 31.3 30.8 30.4 30.1 30 29.7 29.3 29 29 29 29 29 29 27.6 26.3 26.1 26 26 26.6 27.1 27.9 28.1 27.8 28.4 29.6 30 31 29 30.1 31 29 30.4 29.4 30.4 30.7 31.4 32.8 33.4 34.2 36.2 38.8 39.7 39.8 40.4 41 42 41 40.9 40.1 39.2 38.4 38.1 37.8 36.9 35.7 35 35.4 34.5 36 34.6 34.6 33.7 32.3 31.4 29.6 29 29.2 30.4 30.5 29.4 29 29.5 31.4 33.5 35.7 37.8 38.3 38.1 37.2 36 35.8 35.5 35 34 32.8 32.3
31.7 31.3 30.9 30.4 30 29.9 29.5 29.1 28.8 28.3 28.1 28.1 28.2 28.2 27.2 26 26 26 26 26 27.1 27.4 27 27.2 28.5 29.7 30.8 31 31 29.7 30.4 30.9 29.3 29.4 29.8 30.1 30.3 31.6 31.7 32.1 34.3 37.3 39.2 39.8 40.2 40.3 41.1 39.9 40.7 39.4 38.4 37.7 37.3 36.7 36.7 35.1 34.3 35.1 34.6 34.3 35.3 34 32.4 32.1 30.8 29.6 29 29 30.4 30.3 29 29 31 33.3 35 36.9 39 39.9 39.5 37.3 36.4 36.1 35.2 33.9 32.6 31.8 31.3
31.5 31.1 30.6 30.2 29.7 29.3 29.6 29.3 29 28.4 27.9 27.3 27.2 27.3 26.6 26 26 26 26 26.7 26.9 27.7 28.3 28.1 29 29.5 29.8 30.5 30.3 29.7 30.7 29.9 29.8 28.4 28.3 28.7 29.3 29.5 30.1 29.3 32.6 35.8 38.1 39 38.9 39 39 39.4 39.4 39.2 37.7 37 36.4 36 35.5 35.5 34.3 34.7 34.3 33.8 33.1 33.4 32 31.9 31.1 29.7 29 29 29 29 29.3 29 31.5 35.3 35.8 37.9 40 40.7 39.7 37.9 36.7 36.1 35.3 33.9 32.6 31.5 31
31.3 30.8 30.4 29.9 29.6 29 29.8 29.5 29.1 28.5 28 27.4 26.9 26.3 26 26 26 26 26 26 26.3 27.3 27.7 28.7 29 28.9 28.9 29.4 28.9 29.2 29.6 29.1 28.8 28.7 28 28 28 28.5 29 30 30.5 33.4 37.1 38.7 38.9 39 39 39.1 38 38 37.1 36.5 36.2 35.8 35.1 34.8 34.5 34.3 34.1 33.7 33 32.3 31.5 31.1 30.5 30 30.3 29 29 29 29 29.8 32.8 34.8 36.2 38.2 39.8 38.3 37.5 36.6 36.1 35.4 34.6 33.7 32.7 31.6 31
31.1 30.6 30.1 29.9 29.5 29.1 29.3 29.7 29.2 28.7 28.1 27.5 27 26.4 26 26 26 26 26 26 26 26.9 27.3 28 28.4 28.6 28.4 28.2 27.7 27.7 27.3 27 27.2 27.3 28.3 28 28.4 29 29 29.6 29.7 31.2 35.2 37.6 38.9 39 39 39 38 37.6 37.2 35.8 35.1 34 34.1 34.2 34.3 34 33.6 33.6 33.2 32.4 31.6 31.1 30.5 30 29.3 31 29 29 29 30.7 33.6 35.2 36.4 38.3 39.9 41 38.8 36.7 36 35 34.1 33.1 32.1 31.5 31.1
30 31.1 30.3 30.2 30.9 31.1 29.6 29.9 29.4 28.9 28.3 27.8 27.2 27 26.1 26 26 26 26 26 26 26.3 26.9 26.8 27.2 27.4 27.6 27.5 26.8 26.4 25.9 25 24.8 25.6 26.7 27.4 27.7 29 29 28.6 29.1 30.7 33.1 35.7 38.2 39 39 38.6 38 37.8 36.6 35.6 35 34.4 34.4 33.8 33.7 33 33 33.1 33.1 32 32 31.4 30.7 30.3 30.2 29 30 30.8 29 31.8 34 35.8 36.7 37.5 38.4 38.3 37 36.2 36 35 33.9 33 31.6 31 31
29.5 29.6 30.5 30.3 31.1 30.8 30.5 29.3 29.8 29.3 28.7 28.1 27.5 27 27.3 26.7 26.4 26.1 26 26 25.9 25.8 26 25.8 26 26.3 26.9 27.3 27.1 26 25 24.1 25 25.6 25.3 25.9 26.4 28 28.7 28.6 28.9 30.9 33.1 35.6 37.8 39 39 38 38 37.6 36.7 34.6 34 34.7 34.7 33.9 33.2 33.3 33 33 33 32.7 31.8 31 30.9 30.2 29.2 29.2 30.5 29 29 30.8 33.2 35.4 35.7 35.8 36.4 36.7 36 35.3 35.6 34.9 33.8 32.8 31.1 31 30
