webserver/python/data/TQ29.asc
ncols 200
nrows 200
xllcorner 520000
yllcorner 190000
cellsize 50
[rows 148 to 184 of 200, columns 0 to 83 of 200]
65.9 63.9 61 59.1 61.4 65.7 66 65.5 67.8 69.1 69.3 70.4 72.3 74.3 76 75.7 75.3 75.7 77.5 79.2 80.9 80.4 81.8 82.9 82.5 82.3 80.9 80.2 79.2 76.2 75.8 77.7 80 82.3 82.5 83.8 85.1 83.8 83.3 82.6 84.6 87.5 90 93 93.5 97.7 102.1 108.3 110.4 113.9 118.4 120 120.9 120.4 118.2 117.7 113.5 114.5 115.9 114.7 112.3 108.4 108 106.6 105.2 105.5 106.2 105.1 103.8 106.5 106.5 106.5 104 98.6 93.6 88.8 84.9 83 80.4 79.3 78.6 77.1 75.6 74.5
63.7 61.7 59.1 59.3 62 65.3 66 66.3 69.4 70.5 70.1 70.8 72.7 74 74.4 74.3 73 73.6 75.9 77.5 78.7 79.5 80.1 81 80.8 80.5 79.2 78.2 76.8 75.5 74 76.4 77.7 78.2 79 79.4 79.7 79.7 79.7 81.5 83.6 85.6 88.1 90 91.1 95.3 98.5 103.4 106.7 112.6 117.6 119.9 121.7 123 122.8 121.8 118.4 120 120.5 119.1 116.8 114 113.2 113.2 110.6 112.7 111.8 109.8 109.2 109.8 109.9 107.7 102.5 96.9 92.6 89.3 85.3 83.7 81 79.1 78 77 76.1 76.1
61.1 59.2 59.1 59 62 63.9 64.2 65.9 70.1 70.2 70.5 70.9 71.9 72.2 72 71.8 70.3 71.8 74.3 75.8 77.2 78 78.7 79.2 79.1 78.6 77.3 75.9 75.2 74.4 74.4 74.5 75 75.6 75.9 76.4 77.1 78.3 79 80.7 82.3 84.2 86.2 87.8 90.3 93.4 97.8 101.1 107.1 112.5 116.6 118.7 122.9 125.2 125.6 123.4 121.2 121.5 121.8 121.3 120.5 118.8 117.7 116.5 115.9 116 114.1 111.3 110.5 110.3 110 107.4 102.8 99.4 94.7 91.4 88.4 84.8 81.9 79.4 78.5 77.7 77.7 77.9
59.7 56.9 56.8 58.6 61.2 62.9 64.5 66.1 69.8 70.5 70.7 71.2 70.6 70.4 70.2 70.1 69.5 71 73.3 74.4 75.6 76.4 77 77.5 77.7 76.5 75.1 74.9 74.3 73.3 72.9 72.7 73.2 73.7 74.3 74.2 74.8 76.7 78.2 79.8 81.4 83.4 85.2 87.1 89.9 93.9 97.8 102.9 106.8 110.2 113.6 118.3 122.7 124.5 123.9 120.1 120.3 121.3 121.5 120.9 120.3 117.9 117.6 116.8 116.5 115.4 113.1 111 111.4 112.5 111.6 109.7 106.4 103.2 97.2 92.4 89.6 85.2 83.3 81.4 79.5 79.5 79.8 80.2
57.8 55 55.4 57.5 60.4 62.2 64.4 66.2 69.6 70.8 70.7 70.1 69.5 69 68.8 69.4 69.2 70.9 71.8 73 74.1 74.8 75.3 75.8 76.3 75.4 74.1 73.2 73 71.9 71.2 71 71.5 72 73.4 74.3 74 76 77.5 79.1 80.9 83 84.8 86.7 89.3 93.2 97.1 98.5 101.9 107.2 110.7 117.5 121.4 122.4 119.6 115 117.8 120.8 120.3 119.9 118.2 112 114 113.9 114.1 111.8 109.6 108.5 111.1 113.2 112.5 110.9 108.6 104.3 97 92.6 89 84.6 84.1 84.2 82.7 82.2 82.8 83.6
54.2 54.1 55.5 57.3 59.3 61.5 64.2 66.1 69.1 70.8 70.7 69.5 68.3 67.8 67.9 68.2 69.1 69.8 70.6 70.7 71.5 72.1 72.7 73.5 74 73.6 72.5 71.2 70.9 70.5 70.2 69 69.6 70.8 72.2 73.9 75 75.9 77.3 79.3 80.7 82.9 85.4 86.3 88.9 92.7 96.4 98 103.1 107.8 109.7 114.7 117.8 119.6 115.5 109.1 111.6 117.1 116.9 115.9 114.4 106.2 108.5 109.4 108.5 105.5 102.6 103.2 109.8 112 112.1 111.6 109.2 104.2 96.6 91.7 88.9 88.8 88.1 88 87.3 86.2 88.5 87.3
54.1 54.3 55.4 57.1 59 61 63.5 65.9 69.6 71 70.8 69.6 67.7 66.3 66 66.6 68 70 71 71 71 69.5 70.6 71.2 71.2 71.1 70.9 69.6 69.2 69 69.2 69.4 69.2 70.7 72.3 73.7 75.2 76.2 77.2 79.5 80.4 83 85.3 85.5 88.2 92.5 96.7 99.4 105.7 109.8 114.4 115.8 115.3 113.5 112 106 105.6 110.4 112 110.1 110.8 106.4 101.4 104.4 103.9 101.8 99.4 100.4 106.7 109.5 111.1 111.1 109 102.8 96.8 91.8 90.6 93 93.6 93.2 92.9 90.6 95.2 93.9
54.1 54.6 55.7 56.9 58.7 60.3 63.2 66 69.2 71 69.5 68.1 66.4 64.8 64.3 65.3 67.4 69.4 71 71 71 69 69.1 69.5 70.1 69.2 68.7 68.2 67.8 68 68.2 68.9 69.7 70.5 71.9 73.3 74.7 75.7 77.1 78.8 79.6 81.3 83.2 85.3 87.9 92.8 99.1 102.4 105.3 109.6 113.2 114.5 112.3 107.3 105.9 102.2 99.6 104.3 107.3 106.4 105.2 105.2 99.3 98.7 99.4 98.2 95.6 97.3 102 106.1 110.6 110.1 109.6 104.4 97.7 94.5 94.8 96.2 98.7 98.6 97.7 95.4 95.2 95.5
54.1 54.8 55.8 56.9 58.5 59.7 62.2 65 67.5 69 67.5 66.5 65.4 64 64 64.1 66.1 68.3 70.2 70.9 71 70 69.4 69.8 68.1 67 66.5 66 65.7 66.3 67.6 68.7 70.2 70.4 71.6 72.9 74.1 75.7 77.3 79.1 79.9 80.4 82.2 84.7 87.7 92.1 100.3 101.8 103.8 105.2 107.3 109 107.8 103.8 100.4 97.4 94.5 99.9 103.4 102.2 101.4 101.5 97.6 94.1 94.4 93.5 93.1 95.8 100.9 106.1 107.8 108.7 109.3 106.3 101.7 102.3 101 100.7 100.9 101.4 100.6 99.7 99.2 99.2
54.4 56.5 57.3 58 58.9 59.5 61.1 63.3 65.6 66.5 65.7 65.6 65 64.3 64.2 63.6 64.3 65.9 67.5 69.2 70.8 70.8 69.3 68 66.2 65.2 65.3 65 64.1 65.3 66.6 68.2 70.3 70.5 71.5 73.2 74.8 76.3 78.2 79.9 80.7 82 82.9 85.6 88.6 91.6 96.3 100 100.3 101.6 103 103.9 102.6 98.9 95.4 92.5 90.9 95.5 98.6 99.8 98.5 97.3 95 91.3 89.5 88.8 91.4 95.8 100.9 105 106.5 107.8 108.9 108.6 106.3 106.2 106 104.1 103.7 102.6 102.3 101.1 101 99.3
58 58.6 58.1 58.8 58.9 59 61 62.9 65.5 65.3 65.3 65.4 65 63.7 62.8 63.3 64.2 64.6 65.5 67.2 68.8 68.4 67.8 66.9 65.4 64.3 64.4 64.5 64.5 64.8 66.4 67.5 69 70.1 71.9 73.8 75.2 77 79.2 80.3 80.7 82 83.3 85.8 88.7 91.6 96.4 100.1 100.5 100.8 101.1 99 97.8 95.1 92.4 89.5 87.9 91.7 93.6 95.3 96 93.2 91.3 88.5 85.4 87.2 90.4 95.2 100 102.3 103.6 105.1 107.4 108.5 107 106.2 106 106 104.8 103.3 102.3 101.2 100.4 96.9
60.6 60.9 59.8 59 59 59.9 61.4 63.5 65.6 65.2 65.7 65.4 63.4 62.2 62.1 63 64 64.6 64 65.4 66.4 66.7 66.2 65.4 64.6 64.1 64.1 64.3 64.6 64.9 66.2 67.2 68.5 69.8 71.5 74.1 75.7 77.4 79.5 80.3 80.7 81.9 83.6 85.8 88.6 92 96.8 101 100.8 100.8 99.6 96.8 94.6 91.9 90 87 84.4 87.1 88.9 92.4 93 91 88.8 85.7 84.2 85.4 89.7 94.2 97.5 99 100.6 103.7 105.9 107 105.8 104.9 105 104.2 102.9 101.5 101.3 99.9 97.6 96
60.7 60.5 60.2 59.9 60.2 61.2 62.3 63.6 64.9 64.9 64.2 63.9 61.9 60.5 61.5 62.7 63.9 65 65 65.4 65.6 66.2 65.9 65.2 64.1 64.4 65 65.3 64.9 65.9 67 67.5 68.7 69.7 71 73.6 75.9 76.6 78.4 80.4 80 81.2 83.3 85.5 88.8 92.4 94.8 100 101 101 98.7 95.1 93.2 89.3 88.9 85.9 84.1 82.8 85.9 88.4 88.3 88.5 86.8 85.4 83.1 84.5 89 92.1 93.4 94.7 97.9 102.1 105.2 104.3 101.9 102 101.5 101.9 100.3 98.7 97.7 95.9 95.7 94.3
60.8 60.8 61 61.4 61.8 62.5 63.7 64 64 63.8 63.1 61.8 60.2 59.5 60.6 61.7 62.7 64.8 66 66 65.3 65.5 64.9 64.1 64 64.8 65.6 65.2 66.1 67.4 68.7 68.7 69.7 70.5 71.1 73.2 75 75.8 77.3 79.3 79 80.1 82.5 85.1 88.3 93.8 98.7 100.9 101 101.2 100.2 98.5 95.6 93.8 91.9 90.4 86.9 82.2 79 82.2 83.4 84.6 85.3 83.2 79.7 82.8 86 87.4 89.1 92.8 97.2 99.6 101.9 101 98.2 97.8 97 94.8 95.1 94.5 92.7 90.2 91.8 92.5
61.7 62 62.3 62.5 62.9 63.2 62.8 62.5 62.5 62.4 61.9 60.8 59.4 59.6 60.5 60.7 61.5 62.9 63.4 63.3 62.7 62.3 62.5 62.7 64.3 65 65.9 65.1 66.9 68.7 70 70.3 70.5 70.8 71.3 73 74.5 75 76.6 78.6 79.5 79.5 82.2 84.8 87.9 94.3 99.9 101 100.8 102.5 104.7 102.9 100.4 97.9 94.9 90.8 87 82.3 79 79.1 80 81.2 82.5 81.6 79.3 80.6 83.5 84.5 85.8 90.6 93.4 96.7 98.5 96.1 93 92.1 91.8 89.2 90.5 91.1 90.8 87.2 87.7 88.7
61.6 62.4 62.8 62.9 63 62.2 61.5 61.8 61.5 61.3 60.8 60 59.2 60.5 61 61 60.1 59.9 60.1 60.2 59.2 59 60.3 62 64.1 64.6 65.3 65.2 67 68.8 70.3 70.6 70.9 71.6 72.3 73.4 74.5 74 76.7 78.4 79.6 80.4 82.8 85.1 87.6 93.1 96.5 95.1 97.2 102.3 105.5 103.2 101.3 97.5 93.1 89 83.9 78.9 78 77.6 78.6 80.5 80.4 79.5 78.3 79 80.9 81.5 83 86.4 89.9 95.6 95.9 93.6 89 87.1 87.3 85.8 85.1 85.7 86.2 83.1 82.8 83.6
60.8 62.1 62.9 63.1 61.9 61.2 60.4 60.6 60.7 60.7 60.7 58 56.7 57.6 58.5 58.9 59.8 59.3 59 59 59.6 60 60.8 62.6 64.1 64.3 64.7 64.9 66.3 67.7 69.4 70.1 70.4 71.2 72.2 73.2 74.7 76.9 77.4 78.9 80 81.1 82.3 84.2 86.8 88 90.4 91.7 97.6 101.2 101.4 100 98.7 94.2 89.4 85 80.4 77.4 76.2 76.7 78.4 80.4 79 77.1 76 77.3 79.4 80 81.1 86.7 91.2 95.4 95.5 90.5 85.5 83 81.7 80.7 79.8 79.9 79.7 79.1 78.2 78.2
60.4 61.7 62.9 63.1 61.9 59.8 59.3 59.8 59.8 58.7 57.5 55.4 54.5 54.5 55 58.5 59.9 59.4 59 60 61.6 62.7 63.7 64.6 64 63.2 63.7 65 65.2 66.7 66.9 67.6 69.1 70.4 71.4 72.7 75.4 77.9 79.1 79.9 80.7 80.9 82.1 82.6 82.3 83.2 84.2 91 95.2 95.5 95.7 94.7 93.6 89.4 85.2 82 78.4 76 75 76.1 77.5 78.3 77.4 75.7 74.1 76.1 76.7 77.6 80.4 85.8 92.2 96 93.4 89.1 84.6 80 77.1 77.2 76.2 75.9 76 74 74.2 74.8
59.9 61.2 62.6 63 61.7 59.9 59 59.6 58.1 56.8 55 54.2 55.3 57 58.3 59.8 60.5 60.8 61.8 62.6 64 64.9 65.5 63.5 62.7 61.9 62.4 63.6 64.1 64.6 64.7 65.1 65.8 68 68.6 71 75.7 78.1 80.7 81 81 80.9 81 80 79.1 79 82.3 87.2 88.9 88.5 88.1 87.7 86.7 84.7 81.8 78.8 76.9 74.8 74.6 75.1 75.9 76.5 75.8 75.8 74.6 75.3 75.9 75.5 81 86.6 91.3 93.8 92 88.8 84.5 79.3 75.4 74.3 73.3 72.3 71.3 71 72.1 71.5
59.1 61 62.2 62.7 61.7 60.6 59.7 58.4 56.4 54.9 54.1 55.4 58 60.3 60.4 61.1 61.9 63 64.1 65 64.8 64.4 64.2 62 60.8 60.2 60.7 61.8 62.4 62.5 62.9 63.4 64.1 64.9 65.6 68.6 73.2 76.8 80.8 81.4 81.5 81 78.8 77.5 76.3 77 79.1 81.5 82.9 82.6 81.7 82.2 81.7 81 78.1 76.5 74.6 73.6 73.5 74.6 75 75.4 75.9 75.8 74.4 73.1 74.1 75.6 80.8 87.2 91 91.8 89.4 85.6 80.5 76.7 73.6 72.3 71.3 69.9 68.4 69.4 70.6 69.8
57.5 60.4 61.5 61.9 62 61.1 60.4 57.6 55.7 54.7 54.3 57.7 59.8 60.7 61 60.6 60.8 61.7 63.4 64.3 63.2 62.5 61.8 60.1 59.5 58.9 58.9 60 60.7 60.9 61.3 61.9 62.8 63.9 64.5 68.1 68.9 72.4 78.4 80.9 81.3 79.3 75.7 74.6 73.3 73.8 76 77.4 78.5 78.8 77.5 77.8 77.7 77.2 74.3 73.8 73 72.6 72.6 73.3 73.7 75.3 75.9 74.4 71.9 70.5 70.5 74.6 80 85.7 89.2 87.1 84.6 81.9 77.8 74.7 71.6 70.2 68.9 67.8 67.3 68.2 69 69.4
55.3 58.6 60.6 61 61.1 61.1 59.5 56.5 54.6 54.9 55.3 56.9 59 60.1 60.6 60.7 59.6 60.1 60.6 62.4 61.7 60.7 59.7 58.9 58.3 57.8 57.3 58.2 59 59.4 59.9 60.6 61.6 62.6 63.5 65 66.1 68.9 73.6 78.5 80.9 78.6 73.8 70.9 69.9 70.6 72.8 74.6 75.8 75.9 75.5 75.1 74.9 74.4 73 72.3 72.1 71.7 71.3 72 73 73.2 74 73.9 71.6 70 70 73.8 78.5 82.9 84.3 81 78 77.2 74.3 71.1 69 67.6 66.5 65.9 66.3 67.8 69.3 73.1
54 56.2 59.6 60.7 60.9 60.8 59.3 55 54.2 54.1 55.9 56.5 56.8 57.8 58.6 58.6 58.4 58.4 58.9 59.5 59.2 58.5 58.3 57.7 57.1 56.6 56 56.9 57.4 58 58.7 59.4 60.3 61.2 62.1 63.4 64.1 65.5 69.7 76.3 80.9 77.4 73.1 69.1 69.1 69.8 71.3 73.6 73.1 73.1 72.9 73.1 72.5 72 71.1 71 70.9 70.7 70.4 70.6 71.6 71.5 72.2 72.7 71.9 70.5 69.9 72.9 74.7 76.9 77.9 75.3 72.5 71.5 71 68.6 66.7 65.6 64.4 64.1 65.4 67.8 69.9 73.4
54.2 55.8 59.1 61.1 61.5 61.1 58.8 54.3 54.2 54.1 55.8 55.8 55.7 55.5 56.2 56.3 56.3 57 57.6 58 56.8 56.3 56.7 56.3 56.3 55.2 55.2 56.1 56.9 57.4 57.7 58.1 58.9 59.6 60.5 61 61.6 63.1 65.9 72.3 77.9 75.9 71.8 68.6 67.6 69 70.7 71.5 70.9 71.4 71.6 71.7 70.5 69.7 70.1 69.8 69.6 69.5 69.3 69.2 70.7 70.2 70.6 71.9 71.2 69.9 69.3 70.8 72.2 73.1 72.2 69.8 67.9 66.5 66.8 65.6 65.2 64 63.1 63.2 64.8 67.7 69.6 71.8
54.5 57.7 59.6 61.6 62.7 61 57.9 54.2 54.3 54.3 55.4 54.9 54.3 54.1 54.1 54.2 54.6 55.8 56.3 56.5 55.7 54.7 55.4 55.9 55.7 54.7 54.1 55.5 56.5 57 57.3 57.5 57.6 58.3 58.4 58.9 59 60.8 62.8 66.1 71 72.3 69.8 68 66.5 67.5 69.7 70 69.2 70.2 70.5 70.5 69.3 69.5 68.9 68.6 68.4 68.2 68.2 68.3 69.7 69.6 70.1 71.1 70 67.6 66.4 67.1 69 69.4 66.9 65.4 63.9 63.4 63.1 65.1 64.8 62.6 62 62.2 63.9 67.1 68.3 70.9
54.4 57.6 60.6 62.4 62.6 60.9 58.1 54.9 54.6 53.4 53.2 53.8 54.2 54.1 54.2 54.2 54.1 54.1 55.2 54.8 54.4 54.5 54.9 55.2 54.9 54.2 54.1 55.5 56.2 56.7 56.8 56.7 56.9 57.3 57.3 57.1 57.8 59.7 61.1 62.9 64.8 66.7 66.4 66.1 64.2 66.1 67.5 68.6 69.7 70.2 70.3 70.5 69.5 69.2 68.2 67.3 67.1 67.2 67.3 67.4 68.3 68.4 69.3 70.1 69.4 67 64.8 64.3 64.4 64.5 63.8 62.7 62.1 61.5 61.6 62.5 62 61.4 60.8 61.2 62.5 63.7 63.7 67.2
54.1 57 60 61.2 60.8 60.9 58.6 55.2 53.1 51.4 51 52.7 54.2 54.2 54.5 54.7 54.1 54.4 54.7 54.1 53.5 53.6 53.8 54.1 54.3 54.6 54.5 55.6 55.9 56.1 56 55.9 56.1 56.5 56.2 56 57.4 59.6 61 62.2 62.4 62.7 63.2 63.5 64.3 65.9 66.7 67.9 69 69.8 70.6 69.9 69.6 68.9 67.9 67 66.2 66.3 66.4 66.5 67 67.4 68.3 68.7 69.4 67.8 66.1 64.4 63.8 63.2 62.1 61.3 60.4 59.7 59.8 59.8 59.7 59.6 59.7 59.5 60.5 61.7 60.5 61.7
52.7 55.9 58 58.9 59.3 61 58.4 55.7 53.1 50.4 49.9 52.2 54.9 54.4 55.1 55.2 54.3 54.4 53.7 53.1 52.7 52.8 53.1 53.3 53.5 53.8 54.2 54.7 55.6 55.2 55.1 55 55.3 55.4 55 55.9 58 59.7 60.8 61.4 61.8 61.6 60.9 62.2 63.8 64.3 65.7 67.2 68.2 68.7 69 69.4 69.2 68.9 67.8 66.8 66.2 65.3 65.4 65.5 65.9 66.3 67.1 68.1 69.7 69.7 68.3 65.7 64.4 62.6 61.3 60.1 59.3 58.9 58.4 58.7 58.6 58.5 58.8 58.4 59.2 60.4 60.5 60
50.6 53.5 54.8 55.3 57.1 59.2 57.3 54.9 52.6 50.4 49.1 53 55.9 55.8 56 55.7 55.7 53.8 52.7 52.1 51.8 52.1 52.3 52.6 52.7 53.1 53.4 54.1 54.4 54.6 54.6 54.4 54.2 54.2 54.4 56.3 58.3 60.2 60.9 60.6 61.2 60.6 59.3 60.8 63.1 64.2 65.8 67.8 68.3 68.2 68.3 68.7 68.6 68.5 68 66.7 66.1 65.5 64.4 64.5 64.6 65.2 66 67.4 69.6 70.5 70.3 66.7 64.1 62.1 60.5 59.5 59.1 58.4 57.6 57.4 57.5 57.4 57.9 57.4 58.1 59.1 59.5 59
49.1 50.8 51.6 53.3 55.5 57.4 56.1 54.3 52.1 50.1 49.1 53.6 56 56 55.9 55.6 54.8 53.2 51.6 51.2 51.1 51.3 51.6 51.8 52 52.3 52.8 53.4 53.4 53.6 53.8 54.2 54.5 54.3 54.3 55.8 57.7 59.2 61 60.8 59.9 59 59 60.2 63.3 65.3 67.6 69.5 69.4 68.3 67.8 68 67.8 67.7 67.7 67.3 66.4 65.6 64 64.1 64 64.2 65.2 66.7 68.6 70.1 69.8 66.8 64.1 61.9 59.5 59.8 58.8 57.9 57.1 56.4 56.4 56.3 57 56.4 57.2 57.9 58.1 57.5
49 49.1 49.1 51.3 54.5 56.4 56.1 54.2 51.7 49.6 49.1 52.8 55.7 56 55.5 55.3 53.7 51.9 50.3 49.7 50.3 50.6 50.9 51.1 51.2 51.5 52.1 52.7 52.4 52.6 52.9 53.3 53.8 54.4 54.3 55.5 57 58.6 59.2 59.9 59.1 58.8 59 60.6 63.4 66.4 69.7 70.5 69.1 68.5 67.2 67.2 67.3 67.3 67.4 66.8 66.2 65.6 64 64 64 64 64.7 66.1 67 68.8 68.2 66.4 64 61.5 59.1 59.1 58.4 57.4 56.6 55.7 55.2 55.2 55.6 55.5 56.2 56.8 56.5 56.2
49 49.1 49.2 49.8 53.7 55.8 56 53.8 51.1 50.1 51.4 53.5 56 56 55.4 54.2 52.5 50.9 49.2 49.1 49.2 49.4 50.1 50.3 50.4 50.8 51.4 51.3 51.4 51.7 52.1 52.4 52.9 53.7 54.5 55.5 56.8 57.9 58.3 58.7 58.6 58.7 58.7 60.3 62.8 66.2 71 70.4 68.5 68.2 66.8 66.9 66.9 67 67 66.4 65.9 66 64 64 64 64 64 65.4 66 66.4 66.8 66.8 64.5 61.7 59.4 59.4 58.5 57.4 56.3 55.2 54.5 54.1 54.1 54.1 54.8 54.9 54.6 55.2
49 49 49.1 49.2 52.5 54.9 54.7 52.1 49.8 49.6 51.8 55.3 56 55.2 54.7 53.9 52.4 50.6 49.2 49.3 49.4 49.4 49.2 50.8 50.7 50.1 50.6 50.2 50.5 50.8 51.2 51.9 52.5 53.3 54.1 55.1 56.5 57 57.5 57.7 57.9 58.3 58.9 60 61.6 64.5 66.7 66.1 66.2 67 66.5 66.3 66.6 66.6 66.5 66 65.9 65.1 64.5 64.1 64 64 64 64.3 65.8 65.8 65.8 66 65 62.9 60.6 59.4 58.6 57.5 56.4 55.3 56 55 54.1 54.1 54.1 54.1 54.1 54.1
49.1 49.1 49.1 49.1 50.9 52.9 52.9 51 49.3 49.2 52.1 54.7 54.2 55.5 54.7 53.4 52.1 50.6 49.4 49.5 49.6 49.7 49.6 51 51 49.4 49.1 49.3 49.6 50.4 51.2 51.6 52.3 53.1 53.8 54.5 56 56.3 56.6 56.2 56.5 56.8 57.6 58.8 59.9 60.7 62.2 62.6 63.3 65 65.3 66 66.1 66.3 66.1 66.6 66.8 65.6 64.1 64.1 64 64 64 64 66 66 66 66 66 64.4 62.5 60.8 59.5 58.8 57.8 56.6 55.5 54.8 54.1 54.1 54.1 54.1 54.1 55.5
49.2 49.3 49.2 49.1 49.9 51.2 50.7 49.1 50 49.4 52.4 54.5 54.4 56 55.9 54.3 52.4 50.3 49.5 49.6 49.7 49.7 49.8 49.5 49.1 49.1 49.1 49.1 49.7 50.5 51 51.4 52.1 52.9 53.6 54.1 54.7 55.3 54.7 54.6 54.8 55.1 56.2 57.4 58.4 58.7 58.9 59.7 60.7 61.8 63.7 65.1 66.1 66.2 67.2 67.9 68 66.5 65.2 64.5 64 64 64 64 64.7 66 66 66 66 66 64.4 62.6 60.5 59.5 59.1 57.3 55.4 54.4 54.4 54.4 54.4 54.2 54.3 55.8
49.4 49.1 48.2 46.9 48.2 48.9 48.4 47.9 49.8 50.7 52.8 54.8 55.7 56 56 54 51.5 49.4 49.2 49.3 49.4 49.2 49.4 49.6 49.5 49.3 49.6 49.6 50.5 50.3 50.7 51.2 51.9 52.7 53.1 53.7 54.1 54.1 54.1 54.5 54 54.2 55 56.1 56.8 57 57.3 58.2 58.7 58.9 60 62.6 65.8 67.3 68.4 69.1 69.2 68.1 66.6 65.1 64.4 64 64.1 65 65.3 66 66 66 66 66 64.6 62.9 61.1 60.6 59.2 57.1 54.9 54.1 54.5 54.9 54.5 54.2 54.7 54.4
49.5 48.6 46.3 45.2 46.2 46.3 47.1 46.7 49.5 50.9 53.4 56 55.9 55.7 54.7 52.1 49.8 48.9 48.9 48.9 48.7 48.8 49 49.3 49.5 49.6 49.7 49.5 50.7 50 50.5 51 51.7 52.1 52.7 53.2 53.3 53.3 53.3 53.5 53.1 53.9 54.7 55.1 55.3 55.4 55.7 56.7 58.1 59.1 59.4 62.4 65.6 68.3 70.2 70.3 70.5 69.4 67.9 66.1 65.7 64 63.6 64 64 64.8 66 66 65 63.9 62.6 61.4 60.8 60.7 58.5 56.1 54.1 54.1 54.7 55.9 55 54.3 52.9 51.5
