webserver/python/data/TQ46.asc
ncols 200
nrows 200
xllcorner 540000
yllcorner 160000
cellsize 50
[rows 72 to 107 of 200, columns 0 to 80 of 200]
56.3 55.9 55.2 56.7 58.9 62.7 65.1 66 66.7 67.3 67.6 66.9 66.1 66.8 68.4 68.8 69 69.3 70.1 69.4 68.5 68.6 68.6 69 69 68.7 68.7 68.1 67.5 66.9 66.3 66.1 66.9 67.2 67.6 69.2 70.6 70.9 71.5 71.8 72 72.2 71.9 70.7 71.7 71.3 70.9 70.4 70.1 69.9 69 68.6 68.3 68 68.4 69.3 69.5 69.7 70.1 70.5 69.3 70.5 72.3 74 77.2 80.3 82.7 84.1 85.2 85.8 85.3 84.8 84 82.5 82.6 83.2 84.2 85.1 86.2 87.1 87.8
56.4 55.6 56 58.3 61 64.9 66.7 67.1 67.8 68.5 68.9 68.1 67.4 67.5 69.3 69.9 70.1 70.2 70.5 69.7 68.9 68.5 68.9 69.4 69.8 69.6 69.5 68.6 68.1 67.5 67.4 67.4 67 68 68.8 69.6 69.8 70.9 71.4 71.7 72 72.1 71.5 71.8 70.3 70.6 71.9 71.7 71.4 71.2 69.7 69.3 69 68.8 68.8 69.5 70 69.5 69.9 70 70.2 71.7 73.2 74.7 79.1 82.2 84.8 86 86 86 85.9 84.5 83.8 82.5 83 84.2 85.3 86.3 87.4 88.5 89.1
56.2 56.5 57.2 59.8 60.6 64.4 66.8 68.2 68.7 69.3 69.6 69.3 68.9 69.1 70 70.5 70.6 70.7 70.9 70.1 69.1 69 69.4 69.7 70.1 70.5 70.1 69.3 69 68.3 67.5 67.1 67.3 68 69.1 69.3 69.1 69.7 70.9 71.7 72 71.7 72 72.5 72.5 72.9 73.1 72.9 72.6 71.9 70.9 70 69.8 69.5 69.4 69.3 69.9 70.9 70 70.4 71 72.2 73.6 76.2 80 82.6 85.3 85.7 86 86 86 85.3 83.8 82.9 84 85.2 86.5 87.5 88.7 89.8 90.3
58.2 58.4 59.4 60.8 62.5 64 66.6 69.2 69.7 70.2 70.4 70.1 69.8 70.1 70.4 70.5 70.5 70.6 70.8 70.5 69.3 69.7 70.1 70.5 70.9 71.3 70.9 70.7 69.4 68.5 68.1 67.9 67.9 68 68.7 69.1 69 69 69.5 71 71.9 72.2 72.6 73 73.4 73.7 74.1 73.1 72.4 72 71.7 70.6 70.5 70.3 70 69.3 69.7 70.5 71.1 71.3 71.7 72.9 74.2 76.8 79.6 82.4 85 85 85.3 85.5 85.8 85.7 84.2 83.1 84.9 86.2 87.4 88.8 89.9 91.1 91
59.4 60 60.8 63.7 67.5 65.2 65.4 69.5 70.9 71.7 71.8 71.3 70.9 71 71.1 71.3 71.4 71.6 71.5 71.6 70.4 70.8 71.2 71.6 72 71.6 71 70.5 68.9 69.3 68.9 68.9 68.9 68.8 68.8 69 69.1 69.5 69 70.6 72 72.8 73.2 73.6 74 74.3 74.7 73.6 72.1 72.1 72.1 71.5 71.3 71 70.9 70.3 70.3 71.8 72.2 72.2 72.8 74.5 76 78.6 80.4 82.3 84.7 84.3 85 85.8 86.4 85.7 84.8 83.8 85 86.7 88.4 89.9 91.2 91.3 91.2
59.9 62.4 63.2 66.3 69.7 68.4 67 70.6 71.7 72.7 73 72.5 71.9 71.9 72.1 72.2 72.3 72.3 72.2 72.8 71.5 71.9 72.3 72.7 72.3 71.7 71.1 70.9 70.4 70 69.9 69.8 70.1 70.3 70.5 70.7 71 71.1 69.4 70.8 72 73 73.8 74.2 74.5 74.9 75.3 74.7 73.5 72.9 72.1 71.7 71.7 71.6 71.6 71.4 71.1 72.3 72.7 72.4 74.1 76.2 77.7 80.8 82.6 83.6 84.5 85.5 86.1 86.7 86.4 85.7 85.6 85.2 86.1 87.9 89.6 90.9 91.9 91.5 91.2
61.7 64.3 66.4 69.1 70 68.2 70.3 71.3 72.6 74 74.4 73.9 73.3 72.8 73 73.1 73 72.9 72.8 73.5 72.7 73.1 73.4 73.1 72.5 72.2 72.1 71.8 71.3 71 71.1 71.3 71.5 71.7 71.9 72 71.6 71.2 71 71.2 72.2 73.4 74.1 74.5 74.9 75.3 75.7 75.1 74 73 72.4 72.1 72.1 72.1 72.1 72.1 72.2 73 73.8 74 75.4 78 79.7 83.4 84.9 85.4 85.9 86.4 87 87.1 86.5 86.3 86.4 86 87.5 89.2 90.4 91.4 92.4 91.9 91.3
64.3 67 70.5 71.6 71 69.5 70.1 72.2 74.3 75.7 75.6 75.4 74.9 74.3 73.9 73.8 73.7 73.6 73.5 74.1 73.8 74.2 73.8 73.5 73.4 73.3 73.2 72.7 72.3 72.1 72.2 72.4 72.6 72.8 73 73 72.5 72.3 72.6 72.7 73 74.1 74 74.6 75.2 75.6 76 75.1 74.3 74 73.7 73.4 73 72.6 72.6 73 73.1 73.7 75 77.2 78.7 79.8 81.9 86 85.8 86.6 87.1 87.5 87.8 87.3 87.1 87.1 87.2 87.4 89 90.5 91.3 92 92.9 92.2 91
67.1 69.8 71.8 74.4 74.6 72.3 72.8 74.2 76.1 76.8 76.3 76.1 76.4 75.3 74.6 75.2 75.1 74.7 74.3 74.8 74.9 74.8 74.7 74.6 74.5 74.4 74.1 73.6 73.5 73.3 73.3 73.5 73.6 73.8 74 73.9 73.5 73.5 73.3 73.9 74.3 74.4 74 74.5 75.1 75.7 76.2 75.4 74.9 74.8 74.7 74.7 73.9 73.4 73.2 73.7 73.8 74.7 76.6 78.8 81.1 81.6 84.3 85.3 87 87.7 88.1 88.4 88.3 87.8 87.8 87.9 87.9 88.9 90.5 91.6 92.3 92.9 93.2 91.9 90.6
72.8 73.7 74.7 76.9 77.1 77.2 76.8 77.4 77.9 78.2 77.7 77.3 77.2 76.9 76.4 76.5 76.6 76.6 76.2 76 76 75.9 75.8 75.7 75.6 75.5 75 74.8 74.6 74.4 74.3 74.5 74.7 74.9 74.9 74.8 74.4 74.6 74.2 74.6 75.1 75.2 74.4 75 75.9 76.8 77.1 76 75 75 75.1 75.8 75.4 75 74.7 75.4 76.7 79.1 81 83.2 85.3 85.9 84.1 85.8 88.4 88.1 88.4 88.7 88.8 88.5 88.6 88.7 88.7 90.3 91.8 92.7 93.5 93.9 93.2 92.4 91.6
77.5 77.6 77.1 78.6 78.7 78.5 77.1 77.8 79.2 79.9 79.7 79.3 78.9 78.4 78.2 78.1 78.1 77.9 77.7 77.5 77.3 77 76.9 76.8 76.8 76.4 76.1 76 75.8 75.6 75.4 75.6 75.8 76 75.9 75.8 75.4 75.8 75.4 75.4 76.1 76.3 76.2 76.4 77.3 78.2 78 77.6 76.1 76.9 77.1 77.1 76.9 77.2 76.4 78 80.2 82.9 85.1 86.5 87.9 88.8 86.8 87.8 89.5 88.8 88.7 90.1 89.5 89 89.1 89.3 90 92 93.1 93.8 94.6 93.7 93 92.6 91.5
79.5 80.3 80.6 80.2 78.6 77.3 79.2 79.3 80.5 81 80.8 80.6 80.3 79.9 79.5 79.5 79.4 79.2 79.1 78.9 78.6 78.2 78 78 77.8 77.5 77.3 77.1 76.9 76.7 76.6 76.7 76.9 76.9 76.8 76.7 76.7 77 76.6 76.7 77.6 78.1 78 78.2 78.5 79 78.3 78.2 79.6 80.4 79.8 79.5 80.4 81.5 82.6 82.6 83.7 86.5 88.1 89.4 90.6 89.9 89 89.7 89.9 90.2 89.4 90.5 89.6 89.1 89.2 89.1 90.7 93 94.7 95.1 94.9 93.6 92.8 92.4 91.8
80.3 81.4 82.1 81 79.8 77.9 80.5 81.1 81.6 81.8 81.6 81.3 81.1 80.8 81 80.8 80.6 80.5 79.9 79.7 79.8 79.5 79.2 79.1 78.8 78.6 78.4 78.3 78.1 77.9 77.7 77.7 77.9 77.9 77.8 77.7 77.9 78.2 78.1 78.5 79 79.7 79.8 80.1 80 79.7 79.1 78.5 79.8 82.9 83.1 83.1 84 85.9 86.7 85.5 86.8 88.9 90.7 91.7 91 89.3 89 89.5 91 91 91 91 90.5 90 89.2 89.5 91.5 93.8 95.3 95.7 95.9 94.3 92.8 92.9 91.8
83.2 84.3 83.6 82.7 81.8 81.5 81.8 82.2 82.7 82.5 82.4 82.1 81.9 82.2 82.6 82.4 82.2 82 81.3 80.4 80.7 80.7 80.4 80.1 80 79.8 79.6 79.4 79.2 79 78.9 78.8 78.9 78.8 78.7 78.6 79.1 79.4 79.9 80.3 80.7 80.4 80.7 80.9 80.6 80.3 79.9 79.4 81.2 85.1 85.3 85.5 87.1 89 89.5 88.7 89.9 91.3 91.8 92.7 91.2 89.8 89.2 89.7 90.3 91 90.8 90.2 91.3 90 89.2 90.9 92.7 94.1 95.4 95.8 96.1 95.5 94.5 93.6 92.3
86 86.3 85.1 84.2 83.3 83.2 83.4 83.5 83.8 83.4 83.1 82.9 83.1 84 84.2 84.1 83.8 83.3 82.6 81.9 82 82 81.7 81.4 81 80.9 80.7 80.5 80.4 80.2 80 79.9 79.9 79.8 79.7 79.7 80.3 81.2 81.3 81.6 82 82 81.7 81.7 81.8 81 80.1 80.9 83.9 86.9 87.3 88 89.8 90.6 91.1 90.9 91.4 91.5 92 91.9 91.9 91 90.9 91.5 91.9 92.1 91.2 90.4 90.1 89.6 90.5 92.3 93.8 95 95.9 96.2 96.3 95.8 94.4 94.5 93.2
87.4 87.2 86.7 85.6 84.9 85 85.2 85.3 85.4 84.9 84 84 84.9 85.8 86 84.9 85.2 84.5 83.7 82.9 83.3 83.4 83.1 82.8 82.4 82 81.7 81.5 81.4 81.2 81 81.2 81.4 81.4 81.5 81.7 82.8 83.2 83.1 83.1 83.4 83.5 83.4 83.3 83.6 83.9 83.1 82.8 86.1 89 89.6 89.9 91 92.1 92 92.2 92.2 92.2 92.2 92.1 91.9 91.8 92.4 92.8 93.2 92.5 91.7 90.9 91 91.5 91.9 93.5 94.6 95.8 96.6 97.1 96.4 95.6 94.2 94.3 94.4
88.7 88.2 87.7 87.1 86.7 86.8 86.9 87.1 86.5 86.9 86.1 85.6 86.3 85.6 86 85.8 85.4 85.1 83.7 84.3 84.7 84.8 84.5 84.2 83.8 83.4 83 82.5 82.3 82.2 82.3 82.8 83 83.1 83.4 83.6 84 84.4 84.8 84.8 84.9 85 84.9 85 85.4 85.5 85.3 84.9 87.2 89.6 91.5 92.1 93 94.3 92.9 92.9 92.9 92.9 92.8 92.8 92.6 93 93.6 94 93.9 93 92.1 91.7 91.6 92.3 93.2 94.3 95.5 96.6 97.4 97.3 97.1 95.3 94 94.2 94.3
89.6 89.1 88.7 88.2 88.6 88.8 88.9 88.1 87.8 88.3 88.5 88.1 86.8 84.8 85.6 85.7 86.7 86.2 85.8 85.6 86.3 86 85.9 85.6 85.3 84.8 84.4 84 83.5 83.3 83.7 84.1 84.2 84.3 85.1 85.3 85.4 85.8 86.1 86.4 86.4 86.4 86.4 85.9 85.5 85.4 85.3 84.9 86 88.1 90.7 93.3 94.5 94.8 93.5 93.2 93.4 93.5 93.5 93.4 93.4 94.1 94.8 95.3 94.4 93.5 93.2 92.5 92.1 93.1 94.1 95 96.5 97.7 97.8 96.9 97.7 96.2 95 94.2 95.8
90.6 90.2 89.7 89.4 89.5 90.7 89.7 88.6 89.3 90.1 90.1 89.7 89.7 89.8 89.1 89.2 88.4 87.7 86.9 87.3 87.3 87.4 87.8 87.5 87 86.3 85.9 85.5 85 84.6 84.9 85.4 85.4 85.4 86.8 87 87.1 87.3 87.6 87.8 87.9 87.9 87.7 87.2 86.6 86.1 85.5 85.9 86.8 87.2 89.8 92.1 94.2 94.8 94 93.6 93.5 93.7 93.8 94 94.3 95 95.7 95.9 94.8 94.4 94.3 93.3 92.8 93.9 94.9 96.1 96.8 97.7 98.7 97.9 98.3 96 94.6 95.6 96.5
91.2 91.3 90.8 90.7 90.8 90.8 90.3 90.3 90.8 91.2 91.2 91.2 91.2 91.2 91.4 90.6 89.7 89 88.3 88.6 88.9 89.3 89.6 89.3 88.6 87.8 87.4 87 86.5 86 86.2 86.6 86.6 86.6 88.3 88.7 88.8 89 89.1 89.4 89.5 89.5 89 88.4 87.8 87.4 88 89 90.1 89.8 88.5 90.7 92.5 95 94.6 94.1 93.7 93.9 94 94.1 94.5 95.3 96.1 96.6 95.8 95.4 95 94.9 94.3 94.4 95.3 96.2 96.7 97.3 96.8 96.5 97.7 96.5 94.8 97.8 97.5
91.8 92.1 91.9 91.6 90.9 91.9 92 92.3 92.6 92.8 92.5 92.5 92.5 92.5 93 92.3 91.4 90.5 89.8 90.5 90.8 91.2 91.5 91 90.2 89.5 88.9 88.5 88 87.5 87.4 87.7 87.8 87.9 89.7 90.4 90.5 90.7 90.8 90.9 91.1 90.9 90.2 89.6 89.8 90.3 90.8 92 93.1 93.4 91.9 89.1 91.7 93.9 95 94.6 94.2 94 94.3 94.5 94.9 95.8 96.6 97.3 96.7 95.9 95.3 95.8 95.7 95.3 95.1 96.1 96.7 96.9 96.8 97.8 97.9 96.9 96.9 98.1 97.9
93.2 93.2 93.2 92.7 92.3 93 93.7 94 94.2 94.4 94 93.8 93.8 93.8 94.5 94 93.1 92.3 91.8 92.2 92.7 93.1 93.3 92.6 91.9 91.1 90.4 90 89.5 89 88.7 88.9 88.9 89.3 91.1 92.1 92.2 92.4 92.5 92.7 92.8 92.3 91.9 91.5 91.9 92.4 92.3 93.3 94.7 95 94.9 93.3 94.5 95.4 96.2 96 95.8 95.8 96.1 96.3 96.7 97.1 97.4 98 97.8 97.7 97 97 96.7 96.5 96.2 97 97.8 98.6 98.6 98.5 98.3 97.4 96.9 98.2 99.3
94.6 94.8 95 94.5 94.3 95 95.2 95.6 95.8 96 95.5 95.1 95.1 95.3 96 95.7 94.9 94 93.9 94.3 94.6 95 95 94.3 93.5 92.7 91.9 91.5 91 90.5 90 90.1 90.1 90.7 92.5 93.8 93.9 94.1 94.2 94.3 94.4 94.5 94.2 93.8 93.6 94.4 93.8 94.2 95.4 96.7 96.7 94.2 94.7 97 97.6 97.7 97.5 97.6 97.8 97.7 98.3 99 99.3 98.6 99.3 99.1 98.9 98.8 98.6 98.2 97.7 97.8 98.7 99.2 99.4 99.4 99.4 98.8 98.4 99.4 100.1
95.3 95.9 96.2 96.3 96.2 96.2 96.4 97 97.4 97.5 97 96.5 96.4 96.9 97.6 97.4 96.6 95.9 95.9 96.3 96.6 97 96.7 95.8 95.1 94.3 93.6 93 92.5 92 91.6 91.3 91.3 92.1 93.9 95.5 95.7 95.8 95.9 96 96.1 96.2 96.3 96 95.6 96 95.1 94.9 96.9 98.8 98.7 96.3 96.6 98.8 98.3 99 99.4 99.5 99.6 98.9 99.9 100.9 99.8 99.3 100.3 100.7 100.6 100.4 100.3 100.3 99.5 98.7 99.3 99.8 100.2 100.2 100.4 99.7 99.9 100.6 99.5
96.4 96.6 96.8 97.6 97 97.3 97.7 98.2 98.8 99 98.5 97.9 97.8 98.4 99.1 99.2 98.3 97.9 98 98.1 98.3 99.1 98.9 97.3 96.5 95.7 95.4 94.9 94.6 94.2 93.4 92.7 92.5 93.5 95.3 97.1 97.4 97.5 97.5 97.6 97.7 97.8 97.9 97.7 97.6 97.4 96.4 95.3 98.4 100.6 101.2 99.8 98.5 100.8 99.8 100.5 100.7 100.9 101.7 101 102.3 103.8 100.6 100.8 101.5 101.9 102.2 102.1 102.4 102.4 101.3 99.9 100 100.4 100.8 101.1 101.5 100.6 100.1 99.9 99.2
87 87.5 86.6 86.2 89.4 94.2 96.9 98.5 99.6 99.9 99.7 99.4 99.2 99.9 100.6 100.8 100.1 99.8 99.7 99 100.1 100.9 100 99.2 98 98.1 98.1 97.5 96.7 96.1 95.2 94.3 94 94 96.1 98.5 99 99.1 99.2 99.4 99.5 100 100 99.8 99.6 99.2 98.5 98.4 100.8 103.2 102.7 101.3 100.3 101.8 102 101.9 102.2 103.1 104 103.6 104.3 104.1 102.3 102.1 102.4 103.1 103.4 104.9 104.7 104 103.5 102.2 102.2 102.1 102 102.4 103.2 102.7 101.3 100.3 99.9
70.7 70.2 76.5 78.3 81.6 86.8 92.2 97.5 100.5 100.4 100.6 100.8 101.4 101.9 102.3 102.4 101.9 101.7 101.1 100.1 101.5 103.1 103.5 102.8 100.4 99.2 100.2 99.6 98.7 97.6 96.5 95.5 94.4 94.3 98.3 101.8 102.4 102.1 101.7 101.7 101.3 101.6 101.8 101.7 101.6 101.4 102 100.7 102.3 105.2 104.3 103.2 102.7 102.9 103 103.6 104.5 105.4 106.3 106.3 105.2 104.7 104.3 103.3 103.3 104 107.1 106.5 106.1 105.5 104.6 105.1 103.8 103.6 103.1 103.9 105.3 104.6 104.1 101.6 101.2
68.9 68.7 69.9 70.8 74.2 79.9 85.1 90.5 98.1 100.7 100.7 101.8 102.8 103 103.2 103.4 103.2 103.3 102.6 101.5 102.8 104.8 104.1 104.8 104.7 103.3 102.6 101.4 100.5 99.4 98.6 97 95.2 94.8 99.8 103.2 104.4 103.9 103.6 103.7 103.2 103.2 103.4 103.6 103.5 103.5 104.3 103.8 103.5 106.6 106 105.6 103.6 103.9 104.7 106.4 107.6 108.4 109.2 108.8 107.6 105.7 105.9 106.2 104.6 107.9 108.4 108 107.8 107 105.9 107 106.4 105.4 105.5 105.8 105.7 105.5 105.1 104.7 102.9
68.4 68.6 68.9 69.8 70.9 71.4 75.9 81.7 89.1 93 100.2 100.8 101.4 103.1 104.3 104.7 104 104.1 104.4 103.8 105 106.4 105.1 105.6 106.5 105.8 104.9 103.6 102.5 101.6 100.8 100 98.4 96.9 101.2 104.1 105.3 105.2 105 104.5 104.7 105.1 105.3 105.5 105.4 105.5 105.6 105.1 103.6 107.1 107.7 105.6 104.6 105.5 106.5 107.9 109.4 111.6 110.4 110.4 108.1 106.3 106.6 107.5 108.3 109 109.3 109.5 109.2 109.4 109.9 108.9 107.2 105.6 106.3 107.4 107.2 107 106.2 104.8 104.8
68.6 68.8 68.7 69.8 70.2 70.8 71.5 73.8 80.9 85.8 92.1 96 99 100.9 103.4 105.9 106.4 106.3 106.3 106.1 106.9 108.1 108.1 108.2 108.3 107.5 106.7 105.8 104.7 103.7 102.9 102.1 101.4 98.9 101.4 105.8 106.5 106.7 106.3 106.3 106.5 106.9 107.2 107.5 107.6 107.7 107.8 107.2 104.4 106.3 108.4 106.3 104.1 107.7 108.3 109.6 111 112.2 111.3 111.9 108.5 107.2 107.2 108.4 109.8 111.9 111.5 111.7 110.8 111.5 110.7 109.3 107.4 105.9 107.6 108.6 108.7 108.5 107.5 105.5 104.4
69.5 70.3 70.2 70.8 70.9 70.4 70.4 71 72.3 81.8 87.5 91.3 93.9 98.3 100.2 102.3 106.7 109.8 109.3 108.6 109.6 110.6 111.1 110.9 110.6 109.6 108.7 108 107.6 105.9 104.8 104.1 103.4 101.7 99.3 104.4 108.6 108.2 108.3 108.5 108.6 108.8 109.1 109.3 109.7 109.8 109.9 108.9 108 108.4 109.5 107 104.2 109.4 110.3 110.9 112 113 112.3 111 109.8 108.1 108.8 109.3 112 113.6 114.2 114.9 114.5 113 112 109.6 107.4 108.2 109.4 110 110.1 110.3 108.9 106.8 105.1
72.5 71.8 72 72 72 71.2 70.7 70.8 72.6 73.6 81.2 87.1 89.6 93.9 96 99.5 105.4 110.9 111.4 111.3 112.1 112.7 113.3 113.3 112.9 111.9 111 111 110.6 108.9 107.2 104.1 102.5 100.9 100.3 105.9 109.3 109.9 110.1 110.3 110.4 110.7 111 111.2 111.5 111.8 110.5 108.6 109 110.8 111.2 110.4 104.6 108.8 111.2 113 113.5 114 113.9 112.3 110.6 109.5 111 111.8 112.6 114.4 115.2 115.8 114.9 114 112.6 109.4 107.8 109.8 110.9 111.6 112.1 112 109.9 108 106.8
76 75.6 75 74.4 75.5 73.8 72.4 71.3 72.4 72.1 74.6 81.9 86.3 89.2 94.3 98.2 102.5 106 109.4 112.8 114.3 114.9 115 115.1 114.8 114.1 113.4 113 112.7 111.2 108.6 105.6 106 104.6 102.1 107.1 110.3 111.6 111.7 111.8 111.9 112.1 112.5 112.9 113.2 113.5 111.8 110.1 111.1 112.8 112.7 110.8 106 110.2 113 115.1 115.3 115 114.8 112.8 109.2 109.4 110.8 112.9 113.9 115.4 116.3 116.2 115 114 112.1 109.7 108.9 110.9 111.9 112.5 112.3 111.3 110.5 109.2 107.6
78.6 78.6 78.7 79.1 79.2 78.3 76.7 74.4 72.3 72.5 73.7 74.7 77.9 83 89.1 93.7 96.7 99.9 105.2 111.5 116.1 116.8 117 116.8 116.4 115.9 115.4 114.8 114.1 111.3 108.7 108.4 109.6 108 103.2 108.1 111.9 113.2 114 113.9 113.7 113.4 114 114.6 115 114.8 113.1 111.2 112.1 114 114.1 112.1 108 110.9 114.8 115.6 116.3 116.1 115.4 113.5 110.8 109.4 109.9 111.6 113.5 115.7 117.3 117.1 115.5 113.4 111.8 110.1 109.1 111.3 112.7 113.1 112.1 110.5 109.5 108.1 107.1
80.6 80.5 80.8 81.1 81.5 80.8 80 77.9 75.3 73.5 73.1 73.6 74.7 79.5 83.7 88.5 92 96.7 105.1 110 114 118.7 119.1 118.7 118.4 118 116.9 115.6 114.7 112.3 109.6 109.6 110.5 109.8 105.1 106.5 109.7 114.5 115.4 115.7 115 114.6 115.5 116.2 116.6 115.9 113.9 111.9 114 115.6 115.6 113.7 109.8 112.3 116.5 116.9 117.3 116.9 116.4 113.9 111.4 110 110.6 112.4 114.6 117 117.8 118.4 116.9 114.9 113.1 111.4 110.5 111.9 114 113.9 112.1 110.5 108.9 108.2 107.7
82.3 82.5 82.9 83.2 83.5 82.5 81.4 79.5 78.5 77 74.7 73.5 74.2 75.9 78.6 82.6 90.1 94.7 100.4 105.7 111.4 120.8 120.8 120.6 120.2 120 117.8 115.8 113.9 113.3 111.4 112.3 110.8 109.5 107.2 104.3 109.6 114.9 116.9 117.5 116.8 115.8 116.8 117.9 117.5 116.7 115.1 112.8 114.3 116 116.6 114.8 110.8 112.7 117.4 118.4 117.5 116.6 115.3 113 111.6 111.2 113.3 115 116.8 118.6 119.9 120 118.3 115.8 113.9 112.4 111.5 112.5 113.7 114.4 113.2 111.3 109.5 108.7 108.5
