webserver/python/data/TR06.asc
ncols 200
nrows 200
xllcorner 600000
yllcorner 160000
cellsize 50
[rows 123 to 163 of 200, columns 94 to 187 of 200]
2.7 3.1 4.1 5.9 10.5 12.8 15.3 16.6 17.2 14.9 13.5 11.4 10.1 9 7.5 6.3 5.5 4.8 4.5 4.2 4 3.8 4.1 4.5 4.6 4.4 4.3 4.3 4.3 4.5 4.5 4 3.6 3.7 3.7 3.5 3.5 3.6 3.3 3.4 2.9 3 2.3 2.1 2.1 2.2 2.3 2.3 2.4 2.9 2.1 3.3 3.3 3.6 3.9 4.3 4.4 4.5 4.1 4.4 4.2 4.1 4.1 4 3.8 3.7 3.5 3.4 3.4 3.5 3.5 3.6 3.6 3.6 3.7 3.7 4 4.4 4.4 3.8 3.5 3.3 3 2.9 2.9 2.9 3.2 3.7 5.6 8.2 15.7 15.6 21.5 27.5
3.1 3.4 3.6 5 9.7 13.7 14.9 15.6 16.3 16.1 14.7 12.4 10.5 9.6 8.2 7.2 5.9 5.3 4.6 4.2 4.2 4.3 4.2 4.1 4 3.8 3.8 3.8 3.9 4.1 4.3 4.3 3.8 3.8 3.7 3.7 3.8 3.8 3.7 3.8 3.4 3.4 3.6 2.9 2.3 1.9 2 2.1 2.3 1.9 2 3 3.9 4.2 4.4 4.7 4.7 4 4.7 4.5 4.2 4.1 4.1 4.1 4.1 3.9 3.7 3.6 3.6 3.6 3.6 3.7 3.8 3.8 3.8 3.9 4.4 4.6 3.6 3 2.9 2.8 2.8 2.8 2.8 2.8 3 4.2 6.1 8 15.1 17.3 23.2 29.2
3.6 3.8 3.6 4.7 9.6 13.7 16 16 16 15.9 14.1 11.7 11.4 10.3 8.7 8.2 6.9 5.7 5.1 4.1 3.9 3.7 3.6 3.5 3.3 3.4 3.4 3.4 3.4 3.6 3.8 4 4.1 3.9 3.9 4 4.1 4 4.1 4.2 4 4 5.7 4.1 3.4 2.8 2.1 2.3 2.2 2.1 2.5 2.4 3.6 4.3 4.3 4.1 4.9 5 4.7 4.5 4.3 4 4 4 4 4 4 3.8 3.8 3.8 3.8 3.8 3.9 3.9 3.9 4.4 4.6 3.6 3.5 3.4 3.2 2.8 2.8 2.7 2.7 2.9 3 4.4 4.3 13.7 11 16.9 23.8 29.8
3.8 3.7 3.5 4.2 9.2 13.7 16.2 16.4 16.3 16 14.5 12.5 11.4 10.7 9.8 9.2 7.9 6.5 5.5 3.9 3.7 3.5 3.3 3.1 3 2.9 2.9 2.9 2.9 3.1 3.3 3.6 3.8 4.1 4.2 4.3 4.4 4.3 4.5 4.6 4.6 4.7 5 4.1 2.8 4 3.1 2.5 2.1 1.9 4.3 2.6 3.1 4.2 4.7 4.1 4.3 4.5 4.8 5 4.7 4.4 4 4 4 4 4 4 4 4 4.1 4.4 4.8 5.7 6.5 5.8 4 3.9 3.8 3.7 3.5 3.3 2.9 2.7 2.8 2.8 2.9 3.3 4.3 7.2 11.5 15.8 23.7 29.3
3.4 3.2 3 2.5 6.9 11.6 15.2 16.8 16.6 16.5 16.3 14.4 13 11.4 10.8 10.1 8.8 7.1 5.4 3.8 3.5 3.3 3.2 3.1 2.9 2.7 2.4 2.5 2.5 2.6 2.8 3.1 4.5 4.4 4.5 4.6 4.7 4.7 4.9 5 4.6 4.3 4 2.9 2.9 3.9 5.2 3.9 2.9 4.4 3.7 2.3 3.2 4 4 4.1 4.3 4.5 4.6 4.8 5 4.8 4.1 4 4 4 4 4 6 8.4 10.2 10.4 10.1 11.2 9.8 5.9 4 3.9 3.7 4 3.9 3.7 3.3 2.3 2.5 2.6 2.7 3.9 4.2 6.4 6.5 12.7 20.7 28.1
3 2.6 2.1 1.5 5.1 9 13.3 16 16.9 17 17.3 16.1 14.5 12.9 11.9 10.3 8.6 6.9 5.3 3.7 3.4 3.3 3.2 3 2.9 2.7 2.5 2.1 2 2.1 2.6 4 4.7 4.7 4.8 4.9 5 4.7 4.3 3.8 3.5 3.2 2.9 2.5 2.9 3.8 4.3 4.5 4.8 2.4 3.6 2.7 3.7 4 4.2 4.3 4.5 4.7 4.9 5 5.2 3.9 4.4 4.4 4 4 4 4 5.3 8.2 10.4 11 10.6 10 7.6 4.6 3.8 3.2 3.3 3.9 4 5.9 6.6 6.6 5.7 4.4 4.4 4.6 4.7 5.2 2.6 8.1 13.9 26.2
2.9 3.1 2.7 2.7 3.7 7 10.2 13.7 16.5 17.1 17.2 16.5 15.4 13.6 12.3 10.4 7.5 6 4.4 3.6 3.4 3.3 3.1 3 2.8 2.6 2.5 2.2 1.9 2.8 4 5.9 4.9 5 4.9 4.7 4.5 4.1 3.6 3 2.7 3 2.5 2.7 3.3 3.8 4.1 4.3 4.5 3.1 2.9 3.9 3.9 3.9 4.4 4.5 4.7 4.9 5.1 5.3 5.1 3.4 3.9 3.8 4.3 3.7 3.8 4 4 6.3 8.2 6.5 5.6 4.9 4 2.9 3.5 2.8 3.2 4.3 7.6 10.1 11.1 10.9 10.5 9.5 8.2 10.7 5.3 6.1 5 4.6 10.7 21.6
3 3.2 3.4 3.6 3.8 4 7.6 11.2 13.7 14.6 14.8 15.8 15.3 14.1 12.7 9.9 7.1 5 3.8 3.6 3.4 3.2 3.1 2.9 2.8 2.6 2.4 2.2 1.9 5.8 7.7 6.2 4.9 4.5 4.3 4.1 3.9 3.6 3.1 2.6 3.8 2.8 2.8 3 3.3 3.5 3.7 3.8 4 3.3 4 3.9 3.9 3.8 3.7 4.7 4.9 5.1 5.3 5.5 4.7 3 3.3 3.3 3.2 3.1 3.2 3.3 3.9 5.2 6.6 5.1 3.5 2.8 2.1 2.9 5.2 6.8 8.4 10 11 12 13.1 13.2 13.2 12.8 11.2 8.6 12.7 9.7 6.2 3.6 8 14.2
3.1 3.3 3.4 3.5 3.6 3.8 4 7.3 10.8 11.2 11.5 11.8 13.1 14 12.5 9.7 7 4.7 3.8 3.6 3.4 3.2 3.1 2.9 2.7 2.6 2.4 2.2 3.9 7.7 7.3 6.2 5.4 4.2 3.8 3.6 3.4 3 2.6 3 2.8 2.8 2.8 2.8 3 3.2 3.3 3.4 3.5 3.3 3.9 3.9 3.8 3.7 3.6 4.9 5.1 5.3 5.5 5.7 4.3 2.5 2.8 2.7 2.5 2.5 2.6 4 3.7 4.2 4.9 4.2 2.6 1.6 3 8.1 9.1 9.8 10.7 11.1 11.8 13.1 14.1 14.7 14.7 12.2 13.3 15.1 14.7 13.9 9.7 4.5 7 11.4
3.2 3.3 3.3 3.4 3.6 3.7 3.8 5.4 7.6 7.9 8 9.2 11.2 12.2 12.2 9.7 7.1 4.1 3.8 3.4 3.1 2.8 3.1 2.8 2.6 2.5 2.3 2.2 5.9 7.4 6.3 5.7 4.9 4.4 3.6 3 2.8 2.4 3.2 3.6 3 2.5 2.5 2.6 2.7 2.8 2.9 2.8 3.1 3.8 3.8 3.8 3.7 3.6 3.6 5.1 5.3 5.5 5.8 5.9 3.9 2 2.2 2.1 1.9 1.8 3.3 4 3.7 3.9 3.8 3 2 1.8 8.3 9.3 10.1 11 11.8 12.1 12.6 13.8 14.8 15.5 13.4 16.7 16.9 16.6 16.3 16.1 13.1 9.1 5.8 9.7
3.3 3.3 3.3 3.4 3.5 3.6 3.7 3.7 4.3 4.9 5.6 7.4 8.5 10.7 11.9 9.3 6.1 3.8 3.1 2.7 2.5 2.8 3.3 3 2.6 2.2 2 1.9 6.7 6.2 4.5 4.1 4.3 3.8 3.3 2.7 3.6 2.8 3.9 4.4 4.3 6.3 5.3 4.4 3.5 3.7 3.4 3.6 3.6 3.9 3.7 3.7 3.6 3.6 3.5 3.4 5.5 5.7 6 5.7 3.5 1.6 2.5 2.3 2.2 1.7 4.1 3.7 4.6 6.3 5.5 3.9 2.8 2.5 6.8 10.3 11.2 12.2 12.9 13.3 13.5 14.6 15.3 14.6 16.4 17.9 18 18.5 18.3 17.7 16.1 12.5 7.2 12
3.2 3.2 3.3 3.4 3.5 3.6 3.6 3.2 3.1 3.8 4.6 5.4 4.8 7.2 9.4 8.7 6.5 3.9 2.4 2.1 2.5 2.8 3.3 3.1 2.8 2.4 2 1.7 3 2.9 2.7 2.6 3.2 3.3 2.7 3.9 3.1 3.9 4.8 5.5 7.6 9.3 7.9 6.4 5.1 4.6 4.7 5.1 4.5 4.1 4.1 4 3.8 3.6 3.4 3.3 5.7 5.9 6.2 5.5 5 4.6 5.2 4.5 3.3 1.8 3.9 6 7.7 9.5 9.3 8 5.6 3.1 4.3 9.5 12.4 13.4 14 14.4 14.7 15.7 16.1 16 16.8 18 19.2 20.3 20.7 20.2 18 15.5 9.5 12.1
3.2 3.2 3.3 3.4 3.5 3.5 3.2 2.8 2.6 3.6 3.8 3.8 3.9 5.1 6.5 8.1 6.8 4.6 1.7 2.1 2.5 2.8 3.3 3.3 2.9 2.6 2.2 1.8 2.7 2.6 2.8 2 2.3 2.5 2.7 3.8 4.4 5.3 7.9 9.3 11.6 10.3 8.4 6.3 6.8 7.4 7.5 7.5 6.7 5.4 4.9 4.8 4.5 4.2 4 3.9 6 6.5 7.4 8.1 7.6 7.6 7.8 7.2 6.3 4.9 5.2 7.8 9.5 10.6 10.9 11.2 9.5 6.1 5.2 9.3 13.4 14.6 15.3 15.8 16.4 16.8 16.9 17.1 17.8 18.5 19.2 20.3 21.1 21.1 19.6 17.8 11.9 12.2
3.1 3.1 3.2 3.3 3.4 3.1 2.7 2.8 2.8 3.3 3.2 3.3 4.1 5 6.1 7.3 6.3 4.9 1.9 2.1 2.5 2.8 3.3 3.5 3.1 2.8 2.4 1.9 3 4 3.8 2.8 2.4 3.5 4.6 5.6 6.4 9.2 12.3 14.7 14.9 12.7 9.9 8.6 9.1 9.7 10.9 10.1 8.7 7.3 5.9 5.6 5.3 5 4.7 6 6 6.4 8.2 7.9 7.5 7.6 8.1 8.6 9.2 8.4 8.1 9.6 10.5 11.4 12 12.2 11.9 10 9.4 10.6 13.7 15.8 16.5 17.2 17.1 17.3 17.6 18 17.9 19.1 19.1 21 22.1 22.5 21.6 19.3 14.4 12.8
3.1 3.1 3.2 3.3 3 2.8 2.9 2.9 3 2.9 2.6 3 4.3 5.6 6.2 7.2 6.2 4.8 2.2 2.2 2.5 2.8 3.3 3.7 3.3 2.9 2.5 2.1 3.1 3.8 3.5 4.1 5.6 5.7 6.7 7.7 9.4 12 16.1 17.6 17.2 15.7 14.2 13 14.1 14.9 15 13.3 11.7 10 8.1 6.3 5.9 5.6 5.3 5.7 6 6.4 7.5 7.7 7.3 7.7 8 8.4 8.7 9 10.4 10.9 11.6 12.2 12.8 13.5 14.4 13.9 12.7 12.4 15 17.1 17.8 17.7 17.9 18.1 18 18.6 19 18.8 20 22.3 23.8 24.3 23.8 22.2 15.7 12.2
3.1 3.1 3.2 3 2.9 3 3.1 3.2 3.6 3.4 2.9 3.3 4.9 6.2 6.8 7.3 6 4.7 2.4 2.4 2.6 2.8 3.3 3.8 3.5 3 2.6 2.2 2.1 3.3 4.3 6.9 9.5 10.7 11.4 11.9 13 16.4 19.9 20.9 20.6 19.8 18.6 17.9 18.3 18.2 17 15.7 13.3 10.7 8.5 7.2 6.2 5.5 5.1 5.5 5.8 6.2 6.8 7.5 7.2 7.6 7.9 8.2 8.4 9.4 10.6 11.7 12.6 13.2 13.9 14.9 15.9 16 15.2 14.3 15.7 18 18.4 18.2 18.2 18.7 18.4 19 19.5 20.3 21.3 23.4 25.5 26.5 26.9 25.9 19 13.3
3 3 2.9 3 3.2 3.3 3.4 3.8 4.2 4.2 3.3 3.4 5.1 6.8 7.5 7.7 6.1 4.5 2.6 2.4 2.6 2.9 3.2 3.9 3.6 3.2 2.7 2.9 5.1 4.9 6.8 8.7 11.6 14.8 15.9 16.6 17.3 20.6 24 24.8 23.9 23.6 22.7 22.9 22.7 19.4 18.1 15.9 13.3 10.8 9.2 7.8 6.6 5.5 4.8 5.2 5.6 6.1 6.5 7.3 7.2 7.5 7.8 8.2 8.7 9.7 10.8 11.9 12.9 14 14.8 15.6 15.7 15.9 15.3 16.6 18.5 17.6 18 19 18.8 18.7 18.8 19.7 21.3 22.6 23.5 24.5 26.7 29.5 29.5 28.2 21.5 15
3 3.2 3.2 3.4 3.5 3.7 4 4.4 4.9 5 3.8 3.9 5.6 7.8 8.2 7.9 6.1 4.4 3 2.3 2.6 2.7 2.8 2.8 2.9 2.8 3.3 4.8 6.6 8.6 8.5 9 12.5 15.8 18.3 18.8 19.2 23.6 26.3 26.9 26.8 26.2 26 26 26 22.4 18.6 15.8 13.3 10.8 9 7.5 6.1 5.3 5.2 5.3 5.7 6.1 6.4 6.8 7.2 7.5 7.9 8.3 9.1 10 11.1 12.1 13.2 14.2 15.3 15.8 16 16.1 17.4 18.5 17.7 16.3 17.2 18.5 19.5 19.3 21.2 22.5 23.8 26 26.8 27.6 29 31.5 32.4 31.3 24.9 17.8
3.5 3.8 3.6 3.7 3.9 4.1 4.6 5.1 5.5 5.8 4.5 4.1 6.4 8.7 8.7 7.6 5.7 4.2 2.9 2.2 2.3 2.4 2.5 2.5 3 3 4.8 6.7 10.2 13.4 12.8 11.7 13.3 17 20.4 20.8 21.6 23.5 24.5 25.2 26.2 26.2 26.1 26 24.8 21.7 18.3 14.7 12.1 10.1 8.8 7.3 5.7 5.5 5.5 5.6 5.9 6.2 6.6 7.1 7.6 7.7 8.1 8.6 9.2 10.2 11.3 12.3 13.4 14.4 15.4 16 16.7 17 18.1 19 19 18.2 18.1 18.5 19.6 21.3 22.9 24.5 27.3 29.7 30.9 31.8 33 35.4 36.1 33.7 26.5 19.1
4.2 4.4 4.2 5.3 5 5 5.1 5.5 6 7.2 6.5 7.7 9.3 10.4 9.3 7.2 5.3 3.9 3 2.2 2.2 2.2 2.3 2.3 2.8 4.8 6.5 9.4 12.8 16.1 16.5 15.7 14.5 18.2 20 21 21.3 21.2 20.9 21.1 23.4 24.6 25.5 22.8 20.1 18 15.4 12.8 11.1 9.1 7.9 6.6 5.4 5.6 5.8 5.9 6 6.4 6.9 7.7 8.4 8.5 8.6 8.8 9.4 10.4 11.5 12.6 13.6 14.7 15.5 16.2 16.8 17.3 18.2 19.7 20.8 20.5 20.2 20.4 22 23.1 25.2 27.9 30.7 33.5 34.6 35.8 36.4 36.9 37.4 36.1 29.4 19.2
5 5.1 5.5 6.2 6.7 6.5 6.3 6.2 7.2 8.4 8.9 9.6 11.1 10.7 9.8 7.5 5.3 4.1 3.3 2.4 2 2.2 2.2 2.1 4.6 5.9 8.3 12.2 14.2 16.3 17.5 18.2 17.3 18.5 19.7 19.4 18.7 19.5 18.7 19.5 19.7 20.5 20.5 17.7 15.7 13.8 12 11 9.3 7.9 7.2 5.9 5.5 5.7 5.9 6.1 6.2 6.6 7.4 8.2 9 9.4 9.7 8.9 9.9 10.6 11.7 12.8 13.8 14.8 15.6 16.3 16.6 17.2 18.3 20.1 21.4 22.6 22.4 23.3 24.5 26.9 29.9 32.4 34.7 37.1 38.8 39.8 39.8 39 38.3 35.8 30.7 21.6
6.4 6.5 7.1 7.9 8.2 8 7.8 7.2 7.9 9.6 10.4 11.3 11.4 10.6 10.3 7.9 5.6 4.2 3.5 2.7 2.2 1.8 3.6 2.8 5.6 5.8 7.6 9.5 9.6 12.3 16.3 20.7 20.7 20.9 21.3 20.3 19.2 17.3 17.1 17.8 16.6 15.8 14.7 13.2 11.4 9.6 8.8 8.8 7.8 6.7 6.2 5.6 5.5 5.7 6 6.2 6.4 7 7.8 8.5 9.3 10.3 10.5 9.8 10.7 11.2 11.9 13 14 14.9 15.7 16.1 16.4 17.2 18.4 20.2 21.8 23 25.4 26.9 29 32 36.4 37.6 39.5 40.9 41.3 41.5 41.2 39.9 38.7 36.8 32.6 25.7
7.9 7.9 8.7 9.5 9.8 9.4 8.8 8.2 8.6 9.7 10.9 11.7 11.9 11.1 10.1 7.9 5.8 4.2 3.6 2.9 2.3 3.7 2.1 2.5 2.9 3.8 4.2 4.1 3.6 4.3 8 13.9 17.8 22.9 23 21.4 18.6 15.4 15.3 16 14.2 13.3 12.5 11.1 9.5 8.1 7.3 7.4 6.3 5.5 5.2 5.5 5.9 6.1 6.3 6.2 6.4 7.2 8 8.8 9.5 10.5 11 10.5 11.4 12 12.5 13.2 14.2 15 15.6 16 16.3 16.9 18.2 20.1 22.1 24.6 27.9 31.5 34.7 39.2 41 40.7 40.4 40.7 42 41.9 41.4 40.5 38.9 37.9 35.4 28.6
9.4 9.6 10.3 11.1 11.2 10.7 10.2 9.6 9.8 10.3 11.2 12.1 11.6 11 9.3 7.7 6 4.1 3.5 2.9 2.4 2 1.6 1.9 2.2 2.6 2.3 2.9 2.9 3.4 3.8 6.4 12.1 18.9 21 18.7 16.2 14.2 14.3 16 15.1 12.4 10.9 9.4 8.4 7.2 6 5.9 5.2 4.5 4.5 5.9 6.3 6.2 6.1 5.9 6.6 7.4 8.3 9.1 9.8 10.5 10.8 11.4 12.2 12.6 13.2 13.7 14.1 14.6 15.3 15.9 16.1 16.7 17.9 19.8 22.6 25.9 29.6 34.7 37.3 40.7 40.5 39.9 39.4 40.6 41.9 41.6 41.2 41 39.2 38.3 37 33.3
10.8 11.3 11.9 12.6 12.6 12.5 12.1 11.8 11.6 11 11.6 11.4 10.6 9.9 8.9 7.2 6.1 4.9 4 2.6 2.4 2.1 1.8 1.5 1.7 1.4 2.9 2.9 2.9 2.9 3.1 3.5 7.8 13 16.7 14.8 13.1 11.8 14.8 15.9 14.7 12.7 10.3 8.3 7.2 5.9 5.6 5.5 4.8 4.3 4.9 6 6.1 5.9 5.8 5.9 6.8 7.6 8.5 9.3 10.1 10.4 11.5 12.2 15.7 13.5 13.8 13.2 14.4 14.4 15 15.8 16.4 17.6 18.5 20.7 23 25.5 29.4 33.3 35.6 37 38.5 38.8 38.3 40.7 41.3 41 41 41 39.8 38.9 38.2 36.1
12 12.5 13.2 14 14 13.8 13.6 13.4 12.8 12.1 11.5 11 10.3 9.7 8.5 7.1 5.7 5.4 2.8 2.5 2.3 2.1 1.8 1.6 1.4 2 2.9 2.9 2.9 2.9 2.9 2.9 3.6 7.4 10.7 12 10.7 9.7 14.1 18.9 18.1 12.8 9.4 7.3 6.2 5.8 5.5 4.2 4.2 4.6 5.2 5.6 5.6 5.6 5.5 6.1 6.9 7.6 8.3 8.9 9 10 10.9 11.9 12.7 18.2 12.4 15.1 14.1 14 14.2 15.5 16.8 17.5 18.2 20.1 22.4 24.6 27.4 30.7 31.9 33.2 34.5 35.9 37 39 40.9 41.2 41.2 41.2 40.9 39.6 38.6 37.4
13.2 13.6 14.4 15.3 15.3 15.1 14.8 14.6 13.8 12.6 11.7 11 10.2 9.4 8.2 7 5.3 3.8 3 2.4 2.2 2 1.8 1.5 1.7 2.6 2.9 2.9 2.9 3 3 3 2.8 3.4 6.3 8.5 9.3 10.9 18.9 24.8 22 15.8 9.7 7.8 6.9 5.7 4.7 4.2 3.8 4.4 4.9 5.1 5 5.2 5.4 5.8 6.4 7 7.6 8.2 8.9 9.4 10.1 10.9 11.5 11.4 18.4 15.9 13.4 12.5 12.9 13.9 15 15.9 17.2 19.5 21.9 24.3 26.4 28.2 29.8 31.5 32.9 34.3 35.2 37.1 39.4 40.1 40.8 41.4 41.2 40.4 38.8 36.7
14.4 14.8 15.7 16.5 16.4 16.1 15.8 15.3 14.1 13.2 12.3 11.4 10.5 9.4 8.2 6.2 4.5 3.4 3.1 2.6 2.1 1.9 1.7 1.5 2.2 2.8 3.1 3.1 3.1 3.2 3.2 2.8 2.5 2.7 3.4 4 5.5 16 25.7 30.7 24.9 16.6 11 8.8 7.6 6.4 5 3.7 3.7 3.8 4 4.3 4.8 5.2 5.4 5.6 6.2 6.6 6.9 7.3 8.9 9.1 9.5 9.5 10.3 11 11.6 15.2 13.4 11.8 12 12.4 13.9 15.5 17.3 19.7 22.1 24.5 25.9 27.4 29.4 31 32.4 33 33.3 35.4 37.8 38.5 41.3 41.5 41.3 41.1 38.2 36.1
15.3 16.1 16.4 16.3 16.5 16.7 16.4 15.3 14 13.4 12.4 11.5 10.5 7 7.2 5.5 3.9 3 2.7 2.5 2.2 1.8 1.6 1.4 1.9 2.9 3.3 3.3 3.3 3.4 3.1 2.6 2.3 2.5 2.9 3.7 9 16.6 24.2 29.8 22.8 16.4 11.8 9.1 7.6 6.1 4.7 3.5 3.6 3.8 4.1 4.1 4.2 4.6 4.7 4.9 5.3 5.6 5.9 6.8 8.3 9 8.6 9.3 9.8 10.2 10.7 11.1 12.2 11.8 12.3 13.1 13.9 15.4 17.4 19.9 22.3 24.1 25.5 26.7 28.4 29.7 30 30 32.2 34.5 37.4 40.7 41.4 41.6 41.4 41 37.8 35.4
16 16.3 16.1 16 16.2 16.5 16.7 15.3 13.7 12.9 12.1 11.5 6.5 8.2 6.5 4.9 3.2 2.6 2.3 2.3 2.3 1.8 1.7 1.5 1.7 2.9 3.5 3.5 3.5 3.4 2.9 2.4 2 2.3 2.7 2.9 3.8 14 19.6 23.6 18.8 15 10.8 8.8 7.4 5.9 4.5 3.5 3.6 3.8 4.3 4.2 4.1 4 4 4 4 4.4 4.9 6 6.9 7.7 8.4 9.2 9.6 10 10.4 10.8 11.1 11.4 12.4 13.4 14.4 15.3 17.6 20.1 22.3 23.6 24.7 25.7 27.1 28.2 29.1 29.2 31.4 33.9 37.5 41.1 41.5 41.7 41.3 40 37 33.9
14.3 15 15.7 15.7 16 16 16.3 15.4 14.1 13.4 12.6 8.7 9.9 7.7 5.9 4.3 2.7 3 3 2.8 2.3 1.8 1.6 1.4 2.1 3 3.6 3.7 3.7 3.2 2.7 2.2 1.8 2.1 2.5 2.9 2.6 2.3 12.1 15.4 15.9 12.4 10.1 7.9 6.9 5.8 4.4 3.5 3.6 3.8 4.4 4.4 4.1 4.9 4 4 4 4.2 4.7 6 7.2 7.8 8.6 9.1 9.4 9.7 10.1 10.5 10.8 11.2 11.8 12.8 13.8 14.9 17.4 20.1 21.6 22.7 23.8 24.1 26.1 27.5 29 29 31.4 34.1 38.4 41.1 41.3 41.5 41.2 39.6 37.1 31.9
13.9 13.4 14.4 15.3 15.4 15.9 15.8 14.7 14.1 10.9 12.8 11.3 9.7 7 5.3 3.8 2.7 3.5 3.4 2.9 2.3 1.8 1.9 1.9 3.9 4.1 3.7 3.9 3.5 3 2.5 2 1.5 1.9 2.3 2.9 2.6 2.3 2.2 7.6 9.7 10 8.4 7 6.2 5.1 4 3.5 3.5 4 4.6 4.7 5 5.9 4.4 4.5 4.7 5 5.5 6.6 7.3 8 8.5 9 9.5 9.4 9.8 10.2 10.5 11.1 11.6 12.2 13.2 14.2 16.6 19.2 20.8 21.8 22.8 24.2 25.6 27.1 28.6 30.3 33 36.6 40.1 41 41 41.1 41 38.6 35.7 33.6
13.4 12.2 12.9 13.6 14.1 14.7 14.8 13.7 7.5 13.2 12.6 11.3 9.8 7.6 5.2 3.3 2.7 3.5 3.4 2.8 2.2 1.8 3.4 4.6 5.7 5.5 5.6 5.5 3.7 2.9 2.3 1.8 1.3 1.6 2.2 2.9 2.6 2.5 2.8 3.5 5.4 6.6 7.1 6.7 5.6 5.8 4.5 3.9 3.6 4.2 4.7 5 5.6 6.3 5.5 5.5 5.7 6.1 6.6 7.3 8.1 8.3 8.4 8.9 9.4 9.6 9.5 9.9 10.3 10.9 11.5 12 12.6 13.6 15.8 17.7 18.6 20 21.1 23.8 25.1 26.6 28.6 33.1 36.3 39.5 41.5 42.8 42.3 41.9 40.1 39.1 36.9 34.4
11.8 11.1 11.3 11.8 12.3 12.6 12.8 10 13.1 13.1 12.4 11.2 9.7 7.2 5.1 2.9 2.7 3.1 3.4 2.8 2.2 2.1 4.6 7.9 9.6 9.7 9.6 9.8 7.3 4.5 3.7 2.9 1.7 1.3 2.1 2.8 2.7 2.9 3 3 3.7 5.4 5.9 6.4 5.9 5.2 4.2 4.1 3.7 4.1 4.3 5 5.5 6.4 7 6.7 6.7 7.3 8 8.6 9.3 8.7 8.9 9.1 9.3 9.8 9.6 9.5 10.1 10.7 11.3 11.8 12.4 13 14.7 15 15.9 17.4 19 21.6 24.2 26.6 29.7 34.7 39.6 42.7 44.6 44.4 43.7 41.9 40.4 38.9 38.3 35.7
9.9 9.9 10 10.3 10.4 7.2 11.1 12 12.6 12.7 13 11.8 9.2 6.5 4.1 2.4 2.4 2.8 3.2 2.9 2.2 1.9 5.7 10.6 11 11.2 11.2 12.8 11 8.3 5.6 3.8 2.4 1.4 1.7 2.7 2.9 3 3 3.1 3.4 4.7 5.6 4.6 4 4 4 4.2 4 5.7 5.3 6.9 6.8 7.2 7.6 7.9 8.3 8.4 9.1 9.7 9.2 9 9.2 9.4 9.6 9.8 9.8 9.6 10.1 10.7 11.3 11.8 12.4 12.8 13.1 13.5 13.8 14.8 16.5 18.5 22 25.7 30 35 40.4 45.6 45 44.2 42.2 41.1 40.8 40.8 39.5 38
8.4 8.8 8.8 7.2 8.7 9.8 10.8 12 13.6 13.9 13.4 12 9.1 6.1 3.6 2 2.3 2.5 2.9 2.9 2.4 1.9 4.9 9.1 11.4 12 13.6 15.3 14.2 11.4 8.1 4.8 3.1 1.9 1.4 2.6 2.9 3 3 3.2 4 4.3 5.3 5.1 4.1 4.1 4 4.1 4 5.4 6.8 8 8.5 8.7 8.9 8.7 9.9 9.7 10.1 9.6 9.2 9.1 9 9 9.1 9.4 9.7 9.6 10.2 10.7 11.1 11.5 11.9 12.3 12.7 13 13.3 13.7 14 16.5 20.5 24.8 30.3 35.9 40.8 43.7 43 41 40.6 41.1 41 41.4 40.7 39.4
6.7 6.4 6.6 7.5 8 9.2 10.4 12.5 14.7 14.3 12.5 10.7 8.2 5.2 2.6 1.6 1.9 2.3 2.6 2.9 2.4 1.9 3.4 7.3 9.8 11.5 14.3 16 16 14 10.2 6.4 3.5 2.3 1.3 2.5 2.9 2.9 3 3.7 4.6 4.9 5.2 5.6 4.6 5.1 4.3 5.5 4.6 7.3 8.4 9.3 9.8 10.2 10.7 10.8 10.8 10.4 10.1 9.6 9.3 9.2 9 9 9.1 9.3 9.7 9.7 9.9 10.2 10.6 11 11.4 11.8 12.2 12.5 13 13.6 14 14 17.5 23.4 29.8 36 39.9 41.1 40.5 38 39.7 41 42 42.3 41.7 40
5.2 5.4 5.6 6.3 7.1 8.6 10 13.5 15.7 14.4 12.3 9.7 7 4 1.5 1.2 1.5 2 2.5 3 3.4 3.1 4.3 6 8.1 10.2 12.7 16 16.2 15.1 11.7 7.9 3.8 2.6 2.2 2.3 2.7 2.9 3.4 4.2 5.1 5.6 5.9 6.9 6.6 5.5 6.9 8 8.5 9.4 10.2 10.9 11.4 11.6 11.7 11.1 10.5 10.1 9.9 9.6 9.3 9 9 9.2 9.4 9.5 9.7 9.8 10 10.3 10.5 10.8 11.1 11.3 11.8 12.5 13.1 13.7 14 14 14 20.4 26 33.3 37.3 38.4 37.5 35 39.6 41.6 43.1 43.4 42 40.5
4 4.3 4.6 5 6 7.6 10.9 14.9 16.6 14.3 11.9 9.1 6.3 3.5 0.9 1.2 1.7 2.2 2.6 3.2 3.8 4.4 5.3 6.8 8.7 9 10.6 14.9 16.4 16.2 12.7 9.3 4.4 3.5 3 2.8 2.9 3 3.9 4.8 5.6 6.6 8 9 9.9 9.6 9.3 9.2 9.4 9.8 10.9 12.1 12.3 12.4 12.3 11.6 11.4 10.9 10.5 9.8 9 8.9 8.9 8.8 9.4 9.6 9.7 9.9 10.1 10.4 10.6 10.9 11.2 11.7 12.1 12.6 13.2 13.9 14 14 14.2 18 21.5 28.2 32.3 31.4 29.5 38.9 41.5 42.7 44.2 43.6 42.3 41.3
3.5 3.7 3.9 4 5.6 8.4 12.4 15.8 15.8 14.2 11.4 8.4 5.7 3 1 1.3 1.9 2.3 2.8 3.6 5.5 6.7 6.7 7.7 9 9 9.3 14.6 16.2 16.4 14.3 10.1 5.1 3.9 3.8 3.5 3.5 3.8 4.5 5.1 7 9.4 10.9 11.6 11.3 11.4 10.9 10.3 9.4 9.4 10.4 11.8 13 13.1 12.8 12.9 12.1 11.7 11.1 10.4 9.7 9.4 8.9 8.8 9.1 9.8 10 10.1 10.3 10.4 10.7 11.1 11.6 12.1 12.7 12.9 13.4 14 14 14.4 15.1 16.5 18.7 22.5 24.5 30.1 37 40.6 43.4 44.1 45.6 46.4 45.8 43.8
3.1 3.4 3.7 4 6 10 14 15.4 14.8 13.9 10.8 7.7 5.3 2.8 1.3 1.2 1.4 2 3.2 6.6 8.5 10.1 9.3 8.5 8.9 9 9 13.1 16.3 16.6 14.6 10.7 6.9 4.2 3.9 3.9 4 5.1 6.3 7.9 10.1 11.7 12 12.5 13.1 13.4 13.2 11.5 9.8 9.4 10 11.6 13.2 13.9 13.9 13.9 12.9 12.4 11.7 10.9 10.3 10 9.7 9.2 8.9 10.1 10.7 10.8 10.6 10.6 11 11.5 12 12.6 13.2 13.6 13.7 14 14.7 15.4 16 15.5 16.4 19.5 26.6 34 39.3 42.6 45.4 45.2 48.3 50.5 48.5 46.6
