webserver/python/data/TR07.asc
ncols 200
nrows 200
xllcorner 600000
yllcorner 170000
cellsize 50
[rows 152 to 189 of 200, columns 0 to 83 of 200]
42.2 41.8 41.9 41.8 41.6 41.3 41.3 40.8 40.4 40.4 40.4 40.3 40.2 39.7 39 38.5 39.1 39.7 39.6 38.9 38 39.2 40.4 41.7 43.4 45.3 46.9 48.6 49.5 49.7 49 48 47 45.9 44.7 43.8 43.9 43.7 39.9 20.4 4.1 1.9 1.5 1 0.6 0.1 -0.3 -0.6 -0.9 -1.2 -1.4 -1.8 -1.8 -1.8 -1.8 -1.8 -1.8 -1.8 -1.8 -1.8 -1.8 -1.8 -1.8 -1.8 -1.8 -1.8 -1.8 -1.8 -1.8 -1.8 -1.8 -1.8 -1.8 -1.8 -1.8 -1.8 -1.8 -1.8 -1.8 -1.8 -1.8 -1.8 -1.8 -1.8
41.8 42.2 42.3 42.2 42 42.2 42.3 42 41.8 41.6 41.6 41.5 41.4 41.1 40.6 40.3 40.9 41.5 41.2 40.6 40.2 41.3 42.8 44.2 45.6 47.3 48.9 50.2 50.2 50.1 49.6 48.4 47.2 45 42.9 41.4 39.6 38.6 36.7 31.2 14.6 2.2 1.7 1.2 0.8 0.3 0 -0.3 -0.6 -0.8 -1.1 -1.4 -1.8 -1.8 -1.8 -1.8 -1.8 -1.8 -1.8 -1.8 -1.8 -1.8 -1.8 -1.8 -1.8 -1.8 -1.8 -1.8 -1.8 -1.8 -1.8 -1.8 -1.8 -1.8 -1.8 -1.8 -1.8 -1.8 -1.8 -1.8 -1.8 -1.8 -1.8 -1.8
42.2 42.5 42.9 42.9 43.5 43.3 43.4 43.1 43 42.9 43 43.1 43.2 43.2 42.9 42.4 42.8 43.2 42.7 42.1 42.2 43.2 44.9 46.6 48.1 49.6 50.6 51.3 51.1 50.7 50.4 49 47 44.7 41.9 38.3 34.6 32.8 31 28.3 21.8 2.3 1.9 1.4 0.9 0.6 0.3 0 -0.3 -0.5 -0.8 -1.1 -1.3 -1.6 -1.8 -1.8 -1.8 -1.8 -1.8 -1.8 -1.8 -1.8 -1.8 -1.8 -1.8 -1.8 -1.8 -1.8 -1.8 -1.8 -1.8 -1.8 -1.8 -1.8 -1.8 -1.8 -1.8 -1.8 -1.8 -1.8 -1.8 -1.8 -1.8 -1.8
43.8 43.8 43.6 44.3 44.9 44.5 44.5 43.7 43.6 44.3 44.8 44.9 45.1 45.2 45.2 44.7 44.7 44.6 44.1 43.6 44.3 45.2 46.9 48.7 50.1 51 51.9 52.3 51.9 51.5 50.8 48.9 46.7 43.6 39.8 35.9 31.1 28.3 25.9 23.5 14.9 2.3 2 1.6 1.2 0.9 0.6 0.3 0 -0.2 -0.5 -0.8 -1 -1.3 -1.5 -1.8 -1.8 -1.8 -1.8 -1.8 -1.8 -1.8 -1.8 -1.8 -1.8 -1.8 -1.8 -1.8 -1.8 -1.8 -1.8 -1.8 -1.8 -1.8 -1.8 -1.8 -1.8 -1.8 -1.8 -1.8 -1.8 -1.8 -1.8 -1.8
45.4 45.6 44.7 45.3 45.8 45.7 45.4 45 45.4 46.1 46.6 46.8 46.9 47.1 47.2 47.1 46.6 46 45.5 45.7 46.9 48.2 49.2 50.2 51.8 52.2 53.1 53.2 52.7 52.3 50.7 48.7 45.9 42 38.1 33.7 29 25.4 22.5 20.3 17.4 6.1 2.2 1.8 1.5 1.2 0.9 0.6 0.3 0.1 -0.2 -0.5 -0.7 -1 -1.2 -1.4 -1.6 -1.8 -1.8 -1.8 -1.8 -1.8 -1.8 -1.8 -1.8 -1.8 -1.8 -1.8 -1.8 -1.8 -1.8 -1.8 -1.8 -1.8 -1.8 -1.8 -1.8 -1.8 -1.8 -1.8 -1.8 -1.8 -1.8 -1.8
47.3 46.8 45.9 45.9 46.4 47 47 47.2 47.4 47.9 48.4 48.7 48.8 49.1 49 49.1 48.9 47.9 47.1 47.7 49.2 50.2 51.1 52.1 53.3 53.3 54.2 54.3 53.6 52.7 50.8 48.4 44.1 40.1 36.1 32.4 28.1 24.6 23.6 23 20.4 18.2 3.3 2.1 1.8 1.5 1.2 0.9 0.6 0.3 0 -0.2 -0.5 -0.7 -0.9 -1.1 -1.3 -1.5 -1.8 -1.8 -1.8 -1.8 -1.8 -1.8 -1.8 -1.8 -1.8 -1.8 -1.8 -1.8 -1.8 -1.8 -1.8 -1.8 -1.8 -1.8 -1.8 -1.8 -1.8 -1.8 -1.8 -1.8 -1.8 -1.8
48.9 47.9 47.3 47.2 47.8 48.3 49 49.2 50 50.6 50.9 51.3 51.1 51.2 50.8 50.9 50.5 49.6 48.7 49.5 50.5 51.7 52.8 53.9 54.9 54.5 54.6 54.7 53.8 52.2 50.7 47.5 43.5 38.6 34.3 31.1 27.9 27.1 26.3 25.6 23.3 22.4 17.4 3.1 2.1 1.8 1.5 1.2 0.9 0.6 0.3 0 -0.2 -0.4 -0.6 -0.9 -1.1 -1.3 -1.5 -1.8 -1.8 -1.8 -1.8 -1.8 -1.8 -1.8 -1.8 -1.8 -1.8 -1.8 -1.8 -1.8 -1.8 -1.8 -1.8 -1.8 -1.8 -1.8 -1.8 -1.8 -1.8 -1.8 -1.8 -1.8
49.8 49.4 49.1 48.9 49.1 49.9 51.1 52 52.8 53.2 53.5 53.8 53.6 53.3 52.7 52.4 51.5 50.5 49.9 50.6 51.7 52.9 53.7 54.5 55.5 55.6 54.5 51.9 51.4 51.5 49.7 46.5 43.4 41 38 33.6 29.9 30 29.1 28.2 27.3 27.9 29.1 19.7 3.5 2 1.7 1.4 1.1 0.9 0.5 0.3 0.1 -0.2 -0.4 -0.6 -0.8 -1.1 -1.2 -1.4 -1.6 -1.8 -1.8 -1.8 -1.8 -1.8 -1.8 -1.8 -1.8 -1.8 -1.8 -1.8 -1.8 -1.8 -1.8 -1.8 -1.8 -1.8 -1.8 -1.8 -1.8 -1.8 -1.8 -1.8
51.5 51.1 50.8 50.7 50.7 52.4 54 54.8 55.4 55.7 56 56.1 55.7 55.2 53.5 52.6 51.6 50.9 51 51.8 52.7 53.4 54.1 55.1 56.1 54.9 52.3 49.7 45.6 47 45.3 45.3 45.2 44.9 42.5 39.2 36.3 34.7 33.8 30.7 29.2 30 31.9 30 13.8 2.3 2 1.7 1.4 1.1 0.8 0.6 0.3 0.1 -0.1 -0.4 -0.6 -0.8 -1 -1.2 -1.4 -1.5 -1.8 -1.8 -1.8 -1.8 -1.8 -1.8 -1.8 -1.8 -1.8 -1.8 -1.8 -1.8 -1.8 -1.8 -1.8 -1.8 -1.8 -1.8 -1.8 -1.8 -1.8 -1.8
53.4 53 52.6 53 53.6 54.9 56.1 56.2 56.4 56.6 56.8 56.9 56.1 54.5 52.3 50.5 48.2 47 48.6 49.1 50.8 52.1 51.9 53.6 55.8 54.9 51.3 47.4 40.6 39.5 43.6 46.5 46.5 46.7 46.2 44.1 41.1 37.8 34.6 29.8 27.9 28.7 30.5 29.2 22.8 9.9 2.2 1.9 1.6 1.3 1.1 0.8 0.5 0.3 0.1 -0.2 -0.4 -0.6 -0.8 -1 -1.1 -1.3 -1.4 -1.6 -1.8 -1.8 -1.8 -1.8 -1.8 -1.8 -1.8 -1.8 -1.8 -1.8 -1.8 -1.8 -1.8 -1.8 -1.8 -1.8 -1.8 -1.8 -1.8 -1.8
54.6 54.4 54.8 55.4 55.8 56.3 56.4 56.9 57.1 57 57.2 57.2 56.2 53.3 48.3 45.6 42.4 42.3 44.7 45.8 48 49.7 47.1 51.1 53.9 53.6 49.8 44.4 37.4 33.2 35.9 40.6 45.1 46 45.4 45.4 41.6 36.8 32 28.6 26.4 26.9 27.7 25.9 22 16.7 5.6 2.1 1.8 1.5 1.3 1 0.8 0.5 0.2 0.1 -0.2 -0.4 -0.6 -0.7 -0.9 -1.1 -1.2 -1.4 -1.6 -1.8 -1.8 -1.8 -1.8 -1.8 -1.8 -1.8 -1.8 -1.8 -1.8 -1.8 -1.8 -1.8 -1.8 -1.8 -1.8 -1.8 -1.8 -1.8
56.2 56.3 57.1 57.6 57.8 57.8 57.3 57.5 57.7 57.7 57.6 57 56.2 52.3 46.7 41.8 37.2 37.5 39.9 42.2 42.3 42.2 43.3 48 51.4 51.1 48.9 42 34.9 31.3 31.2 35.1 39.2 41.9 42.8 42.5 39 34.2 29.6 26.7 24.3 23.4 23.8 22.9 18.3 15.2 11.8 2.8 2 1.8 1.5 1.2 0.9 0.7 0.5 0.2 0 -0.2 -0.4 -0.5 -0.7 -0.8 -1 -1.2 -1.4 -1.6 -1.8 -1.8 -1.8 -1.8 -1.8 -1.8 -1.8 -1.8 -1.8 -1.8 -1.8 -1.8 -1.8 -1.8 -1.8 -1.8 -1.8 -1.8
58.3 58.4 59 59.1 59.2 58.9 58.5 58.1 57.2 56.9 56.3 55.8 54.8 50.7 45.8 41.8 36.7 33.9 32.6 35 36.6 38.3 41.3 44.6 47.4 49.1 47.9 43.7 36.9 30.5 26.9 29.9 33.8 36.2 37.8 38.5 36.7 32.2 27.7 24.5 22 19.7 19 17.7 14.5 12.4 10.3 7.9 2.2 1.9 1.7 1.4 1.1 0.9 0.6 0.4 0.2 0 -0.1 -0.3 -0.5 -0.6 -0.8 -1 -1.2 -1.4 -1.6 -1.8 -1.8 -1.8 -1.8 -1.8 -1.8 -1.8 -1.8 -1.8 -1.8 -1.8 -1.8 -1.8 -1.8 -1.8 -1.8 -1.8
60.1 60.3 60.8 60.9 59.7 59.1 58.5 57.7 56.9 56.1 54.7 53.2 51.3 48.6 44.5 41.1 37.6 33.9 30.2 31.3 35.5 37.6 39.7 42.1 43.5 44.2 45 41.1 35.9 29 24 25.9 29 32.4 34.7 34.7 33.5 29.8 25.6 21.9 19.2 16.5 14.6 13.3 12.2 10.8 8.4 6.4 5 2.1 1.8 1.5 1.3 1.1 0.8 0.6 0.4 0.3 0.1 -0.1 -0.2 -0.4 -0.6 -0.8 -1 -1.2 -1.4 -1.5 -1.8 -1.8 -1.8 -1.8 -1.8 -1.8 -1.8 -1.8 -1.8 -1.8 -1.8 -1.8 -1.8 -1.8 -1.8 -1.8
60.9 61 61 61 59.8 58.8 58 57 56.3 54.5 51.6 49.5 47.7 45.7 42.3 38.8 35.3 32.6 29.5 30.9 35.7 37.4 38.6 39.2 40.3 40.4 39.2 36.9 32.3 27.6 23.4 23.8 25.5 28.4 31.3 30.9 29.4 26.7 22.5 19.9 17.3 14.8 13.3 11.5 9.8 8.6 6.9 6.1 5.1 2.2 2 1.7 1.5 1.2 1 0.8 0.7 0.5 0.3 0.1 0 -0.2 -0.4 -0.6 -0.8 -1 -1.1 -1.3 -1.5 -1.8 -1.8 -1.8 -1.8 -1.8 -1.8 -1.8 -1.8 -1.8 -1.8 -1.8 -1.8 -1.8 -1.8 -1.8
60.9 61 60.9 59.1 57.8 56.9 56.2 55.3 53.2 51.2 48.4 45.7 43.8 42 39.9 36.4 32.8 30.5 28.7 30.9 35 36.7 36.8 36.6 36.8 35.4 33.6 31.7 28.7 25.3 21.7 20.6 22.9 24.9 25.8 25.9 24.1 22.7 20.7 18.4 15.9 14 12.5 10.8 9.1 7.4 6.4 5.3 4.1 2.8 2.1 1.9 1.6 1.4 1.2 1 0.9 0.7 0.5 0.3 0.2 0 -0.2 -0.4 -0.6 -0.8 -0.9 -1.1 -1.3 -1.5 -1.8 -1.8 -1.8 -1.8 -1.8 -1.8 -1.8 -1.8 -1.8 -1.8 -1.8 -1.8 -1.8 -1.8
60.2 58.9 55.9 54 54.5 53.6 52.5 51.1 49.1 47.4 45 42 40.1 38.2 36.4 33.9 30.7 28.3 25.5 27.3 31.5 32.9 32.3 32 32.5 30.9 29.1 28.2 26.7 23 20.1 18.6 20.9 21.1 21.4 21.8 20.4 19.1 17.5 16.1 14.8 13.1 11.7 10.2 8.4 7.1 5.9 4.7 4.6 4.1 2.3 2 1.8 1.6 1.4 1.3 1.1 0.9 0.7 0.6 0.4 0.2 0 -0.2 -0.4 -0.6 -0.7 -0.9 -1.1 -1.3 -1.5 -1.8 -1.8 -1.8 -1.8 -1.8 -1.8 -1.8 -1.8 -1.8 -1.8 -1.8 -1.8 -1.8
52.2 52.5 50.3 48.9 49.3 48.6 47.5 46.1 44.3 43 41.1 38.6 36.7 34.7 32.7 30.7 29 26.7 23.8 23.5 26.4 26.9 26.9 27.1 27.2 26.7 26 25.1 24.2 21.1 18.5 17.2 17.9 18.7 19.4 19 18.2 16.7 15.8 14.5 13.3 12.2 10.8 9.4 7.7 6.5 5.3 4.4 2.6 3.3 4.1 2.2 2 1.8 1.6 1.5 1.3 1.1 0.9 0.8 0.6 0.4 0.2 0 -0.2 -0.4 -0.6 -0.7 -0.9 -1.1 -1.3 -1.4 -1.6 -1.8 -1.8 -1.8 -1.8 -1.8 -1.8 -1.8 -1.8 -1.8 -1.8 -1.8
45.9 46 45.2 43.8 44.2 43.6 42.4 41.1 39.5 38.2 37.1 35.2 33.3 31.3 29.3 28.1 26.9 25.5 23.3 21.7 21.5 22.2 23.3 23.7 23.7 23.6 23 22 21.1 19.3 16.9 16 16 16.7 16.4 16.1 15.9 14.5 13.9 12.8 11.7 10.8 9.7 8.4 7.2 6.2 5.3 4.9 5.7 2.7 3.5 3.8 2.2 2 1.9 1.7 1.5 1.3 1.2 1 0.8 0.6 0.4 0.2 0 -0.2 -0.4 -0.5 -0.7 -0.9 -1.1 -1.2 -1.4 -1.6 -1.8 -1.8 -1.8 -1.8 -1.8 -1.8 -1.8 -1.8 -1.8 -1.8
40 39.8 39.1 38.4 39.1 38.5 37.3 36 35.1 34.9 33.6 31.8 29.9 28.4 27.1 25.9 24.7 23.8 22.2 20.3 19.4 20.2 21.2 21.5 21.4 21.4 20.6 19.3 18 17.1 15.6 14.8 14.1 14 13.4 13.3 13.3 12.4 11.9 11.2 11.1 9.9 8.2 7 6.2 6.2 5.2 4.9 5.1 2.6 2.8 3.7 4 2.2 2.1 1.9 1.7 1.5 1.4 1.2 1 0.8 0.6 0.4 0.2 0 -0.2 -0.3 -0.5 -0.7 -0.8 -1 -1.2 -1.4 -1.5 -1.8 -1.8 -1.8 -1.8 -1.8 -1.8 -1.8 -1.8 -1.8
35.7 35 34.4 34.2 34.5 34.6 33.6 33.1 32.7 32.2 30.6 29.1 27.8 26.6 25.4 24.3 23.8 22.5 21.4 19.7 18.5 18.9 19.7 19.8 19.9 19.8 18.9 17.8 16.6 14.7 13.5 13 12.5 11.7 10.7 10.5 10.4 10.2 9.7 9.2 9 7.7 6.3 5.6 5.2 5.3 5.2 5.6 4.7 6 2.8 3.4 4.3 4.5 2.3 2.1 1.9 1.7 1.5 1.3 1.1 1 0.8 0.6 0.4 0.2 0 -0.1 -0.3 -0.5 -0.6 -0.8 -1 -1.2 -1.3 -1.5 -1.6 -1.8 -1.8 -1.8 -1.8 -1.8 -1.8 -1.8
32.2 31.4 30.5 30.7 30.8 31 31.2 30.8 30.7 30.4 28.9 27.5 26.2 25 23.9 23.3 22.9 21.8 20.6 19.2 17.8 17.8 18 18.1 18.2 18.3 17.2 16.3 15.4 13.8 12.4 11.7 11 10.2 8.8 8.3 7.7 7.5 7.2 6.8 6.2 5.4 4.4 4.2 4.2 4.3 4.1 4 3.4 2.8 2.7 5.1 4.4 5.5 6.6 2.4 2.1 1.9 1.7 1.5 1.3 1.2 1 0.8 0.6 0.4 0.2 0.1 -0.1 -0.3 -0.4 -0.6 -0.8 -0.9 -1.1 -1.3 -1.4 -1.6 -1.8 -1.8 -1.8 -1.8 -1.8 -1.8
29.1 28.3 28.5 28.7 29 29.1 29 29 29.2 28.7 27.3 25.9 24.7 23.5 22.9 22.4 22 21.1 19.9 18.5 17 16.6 16.6 16.7 16.8 16.9 16.1 15.2 14.2 13 11.6 10.5 9.9 8.5 7.4 6.6 5.5 4.8 5.1 4.4 3.7 3.9 3.9 3.2 3.2 3.2 3 2.9 3.2 3.4 3.2 2.9 3.6 3.3 3 3.2 2.3 2.1 1.9 1.7 1.5 1.4 1.2 1 0.8 0.6 0.5 0.3 0.1 -0.1 -0.2 -0.4 -0.6 -0.7 -0.9 -1 -1.2 -1.4 -1.5 -1.8 -1.8 -1.8 -1.8 -1.8
27.2 26.7 26.6 26.8 27.3 27.4 27.3 27.7 27.4 26.9 25.7 24.3 23.1 22.5 21.9 21.4 21 20.4 19.2 17.8 16.4 16 15.7 15.6 15.7 15.8 15 14 13 12 10.7 9.6 9 9 8.8 7.7 6.4 5.6 5.6 5.1 5.3 5.6 5.2 4.5 4.2 3.9 3.8 3.7 3.9 4 3.6 3.4 4.1 3.6 3.1 3.3 3.8 2.3 2.1 1.9 1.7 1.6 1.4 1.2 1 0.8 0.7 0.5 0.3 0.2 0 -0.2 -0.3 -0.5 -0.6 -0.8 -1 -1.1 -1.3 -1.5 -1.6 -1.8 -1.8 -1.8
25.6 25.2 24.8 25.1 25.6 25.9 26.1 26.2 25.6 25.1 24 22.8 22.1 21.5 20.9 20.5 20.1 19.7 18.5 17.1 16.1 15.5 15.1 14.8 14.7 14.7 14 13 12 11.1 10.3 9.9 10.1 10 10 8.7 7.3 6.9 7.2 7.3 7.1 6.8 6.3 5.8 5.4 5 4.5 4.9 4.9 4.6 3.9 3.5 5.2 5.3 4.5 5.4 4.5 3 2.3 2.1 1.9 1.8 1.6 1.4 1.2 1 0.9 0.7 0.5 0.4 0.2 0.1 -0.1 -0.3 -0.4 -0.6 -0.8 -0.9 -1.1 -1.3 -1.4 -1.6 -1.8 -1.8
23.8 23.5 23.2 23.1 24.1 24.4 24.4 24.4 23.8 23.3 22.4 21.7 21.1 20.5 19.9 19.5 19.1 18.7 17.8 16.5 15.8 15.2 14.5 14.2 14.1 14.7 13.6 12.9 12 11.1 10.8 10.7 10.9 10.9 10.3 9.4 8.3 7.6 8 8.1 7.8 7.4 7 6.6 6.2 5.5 5.1 5.7 5 4.3 4 4.4 5.4 5 4.5 4.6 4.8 3.6 2.8 2.3 2.1 2 1.8 1.6 1.4 1.2 1.1 0.9 0.7 0.6 0.4 0.3 0.1 0 -0.2 -0.4 -0.5 -0.7 -0.9 -1 -1.2 -1.4 -1.5 -1.7
22.4 22.1 21.9 22 22.4 22.1 22.8 22.7 22.2 21.6 21.1 20.7 20.1 19.5 18.9 18.5 18.2 17.8 17.1 16.2 15.5 14.9 14.4 14.1 14.3 14.5 13.4 12.4 11.8 11.7 11.5 11.2 11.2 11 10.6 10.2 9.4 8.5 8.7 8.6 8.4 8.1 7.7 7.4 6.9 6.3 5.2 5.1 4.3 3.2 3.5 5.5 4.7 4.2 3.8 3.8 5.8 4.4 3.7 3 2.4 2.2 2 1.8 1.6 1.5 1.3 1.1 1 0.8 0.7 0.5 0.3 0.2 0 -0.2 -0.3 -0.5 -0.6 -0.8 -1 -1.2 -1.3 -1.5
21.1 20.9 20.8 21 20.4 19.9 21 20.8 20.5 19.8 19.4 19.3 19.1 18.5 18 17.6 17.2 16.8 16.6 16.2 15.7 15.3 14.8 14.3 14.3 14.3 13.3 12.3 12 12.1 11.9 11.7 11.5 11 10.3 10.4 9.8 9.2 8.8 8.5 8.5 8 7.4 6.6 5.9 5.3 4.6 4.3 3.7 3.9 4.7 5.6 4.6 3.7 3.9 4 3.5 5.7 4.3 3.7 3 2.4 2.2 2 1.8 1.7 1.5 1.3 1.2 1 0.9 0.7 0.6 0.4 0.2 0.1 -0.1 -0.3 -0.4 -0.6 -0.8 -0.9 -1.1 -1.3
20.5 19.7 19.7 19.7 18.8 19.1 19.2 19.2 18.8 18.1 17.7 17.6 17.6 17.5 17 16.8 16.5 16.3 16.4 16.2 16 15.7 15.2 14.7 14.1 14.9 14.3 13.5 12.6 12.5 12.3 12 11.4 10.6 9.7 8.9 8.2 7.6 7.3 7.3 7.2 6.3 6.1 5.6 4.9 4.3 4 4 4 5.1 5.5 5.8 4.7 4.3 4.5 4.2 3.5 2.8 4.9 4.2 3.5 3.1 3 2.2 2 1.9 1.7 1.6 1.4 1.3 1.1 1 0.8 0.6 0.5 0.3 0.1 -0.1 -0.2 -0.4 -0.6 -0.7 -0.9 -1.1
20.3 19.3 18.8 18.1 17.8 18.1 17.8 17.7 17.2 16.4 16.1 15.8 15.7 16.5 16.5 16.3 16 16.1 16.2 16 15.8 15.6 15.4 15.1 14.8 15 14.5 13.9 13.3 12.5 11.9 11.4 10.8 10.1 8.6 7.4 6.7 6.1 5.8 5.5 5.3 5 4.8 4.6 4 4 4 4 4 6.5 7.8 7 6 5 4.7 4.7 4 3.3 3.9 4.6 3.8 4 5 3.8 2.3 2.1 1.9 1.8 1.7 1.5 1.3 1.2 1 0.8 0.7 0.5 0.3 0.2 0 -0.2 -0.3 -0.5 -0.7 -0.9
19.7 19 18.6 17.8 17 16.7 16.5 16.3 15.7 14.8 14 14.7 15.4 16.2 16 15.8 15.7 15.9 16 15.9 15.7 15.4 15.4 15.3 15.4 15.2 14.3 13.2 12.5 11.8 11.3 10.8 10.3 9.4 7.6 5.9 5.2 4.5 4.4 4.3 4.2 4.2 4 4 4 4 4 4 5.2 7.9 8.6 7.9 7.1 6.3 5.3 5 4.6 3.7 3.2 5.8 4.6 3.3 4.1 4.2 6.3 2.8 2.2 2 1.9 1.7 1.6 1.4 1.2 1.1 0.9 0.7 0.5 0.4 0.2 0 -0.1 -0.3 -0.5 -0.7
19.6 19.3 18.5 17.8 17 16.3 16 15.9 14.7 14.1 14.3 14.5 14.7 15.2 14.9 14.8 15.2 15.6 15.8 15.7 15.7 15.7 15.6 15.5 15.3 14.1 13.3 12.6 11.9 11.2 10.7 10.1 9.6 7.8 6.1 4.7 4.1 4 3.7 3.4 3.6 3.8 4.2 4 4 4 4 4.4 6.4 8.6 9.4 8.6 7.8 7 6.2 5.4 4.1 4.6 4.2 3.8 3.8 4.2 5.3 5.7 4.9 5.1 5.7 2.3 2.1 2 1.8 1.6 1.5 1.3 1.1 0.9 0.8 0.6 0.4 0.2 0.1 -0.1 -0.3 -0.5
20.5 19.6 18.7 17.9 17.2 16.4 15.7 14.7 14.1 14.3 14.6 14.9 14.8 14.2 13.8 13.7 14 14.7 15.5 16 15.9 15.9 15.8 14.9 13.7 13.1 12.6 11.9 11.2 10.5 10 9.5 8.3 6.2 4.7 4 4.1 3.9 3.7 3.4 3.5 4 4.5 4.3 4.1 4 5 6.8 8.6 9.5 10.1 9.3 8.5 7.7 6.8 6.1 5.5 5.3 4.7 4.1 5.2 5.4 6.1 6.6 6.2 5.9 5.8 5.6 4.1 2.2 2 1.8 1.7 1.5 1.3 1.1 1 0.8 0.6 0.5 0.3 0.1 -0.1 -0.3
20.6 19.9 19.1 18.2 17.4 16.6 15.8 14.4 14.7 15 15.1 14.7 14.1 13.5 13 12.7 14 14.7 15.6 16.5 16.4 15.8 14.7 13.3 12.2 11.4 11 10.7 10.3 9.8 8.6 7.5 6.5 4.7 4 4 4.1 3.8 3.6 3.4 3.6 4.2 4.7 4.6 4.4 5 7.1 9.1 10 10.5 10.8 10 9.1 8.2 7.2 6.8 6.4 5.6 5.4 6.2 6.7 6.9 7 7.5 7.2 6.9 6.7 6.2 5.8 5.7 2.2 2.1 1.9 1.7 1.5 1.4 1.2 1 0.8 0.6 0.4 0.3 0.1 -0.1
20.7 20.1 19.4 18.6 17.7 16.8 16 15.1 15.3 15.2 14.6 14 13.4 12.8 12.2 12 13.2 14.5 15.7 16.2 15.4 14.7 13.4 11.8 10.5 9.8 9.4 8.7 7.9 7.3 6.4 5.4 4.5 3.6 3.8 4 4 3.7 3.8 4 3.9 4.5 4.9 4.9 5.2 6.8 8.9 10.4 11.3 11.5 11.4 10.5 9.5 8.6 7.9 7.5 7.1 6.7 6.6 7.5 8.2 8.3 8.5 8.5 8.2 7.9 7.7 7.3 6.9 6.3 5.5 2.3 2.1 1.9 1.7 1.6 1.4 1.2 1 0.8 0.6 0.4 0.3 0.1
20.9 20.3 19.8 18.9 18 17.2 16.3 15.4 15.1 14.5 13.9 13.3 12.7 12.1 11.5 11.2 12.5 13.6 15.8 15.2 14.4 13.1 11.8 10.1 8.6 8 6.8 5.9 5.3 4.7 3.9 4.2 4.7 4.3 4.5 4.6 4.9 5.2 5.4 5.5 5.1 5.2 5.5 5.8 6.5 8.3 9.8 11.2 12.7 12.6 12.1 11.1 9.9 9 8.6 8.2 7.7 7.3 8 8.8 9.7 9.8 10.1 10 9.7 9.1 8.7 8.4 7.9 7.3 6.7 6.4 2.3 2.1 1.9 1.8 1.6 1.4 1.2 1 0.8 0.7 0.5 0.3
20.9 20.6 20.1 19.2 18.2 17.3 16.3 15.4 14.7 14.1 13.4 12.8 12.2 11.6 10.9 10.4 11.5 12.4 12.8 13.3 12.9 11.1 9.8 8.5 6.9 5.7 4.5 4.4 4.8 5.9 6.4 6.2 6.3 6.4 5.7 5.9 6.4 6.9 7.1 7 6.7 6.8 7.1 7.3 8.1 9.3 10.7 12.2 13.7 13.6 13 11.5 10.1 9.2 9 8.6 8.1 8.3 8.7 9.7 10.8 11.4 11.8 11.7 11.6 11 10.4 9.8 9 8.4 8 7.5 6.8 4 2.1 2 1.8 1.6 1.4 1.2 1 0.8 0.7 0.5
20.9 21 20.2 19.2 18.3 17.3 16.4 15.4 14.8 14.2 13.6 13 12.4 11.6 10.3 10 11.3 11.1 11.4 10.6 9.1 9.2 9.4 8 6 5.4 5.4 5.8 6.6 7 6.9 6.8 6 5.8 6.7 7.4 7.9 8.4 8.8 8.5 8.3 8.4 8.7 8.9 10.4 11.5 12 13.2 14.7 14 12.7 11.1 9.6 8.8 8.4 8.4 8.7 9.3 9.7 10.4 10.7 12.3 13.5 13.5 13 12.9 12.4 11.5 10.5 9.4 9.3 8.6 8 6.9 5.2 2.2 2 1.8 1.6 1.4 1.2 1 0.9 0.7
