webserver/python/data/TR23.asc
ncols 200
nrows 200
xllcorner 620000
yllcorner 130000
cellsize 50
[rows 38 to 75 of 200, columns 0 to 83 of 200]
85.7 92 97.5 96.2 93.8 91.5 85.8 78.4 75.2 76.6 81.6 88.2 102.7 115.8 126.6 126.7 123.7 112.4 88.4 70 68 66.5 66.7 77.7 99.8 120 119.9 120.3 120.5 123.5 117.2 89.4 70.2 64.4 62.1 62.3 63.8 64.1 62.2 60.2 57.1 54 54.5 57.9 74.6 85.8 84.7 84.9 96.1 110 113.7 143.9 154.4 158.4 137 118.6 119.7 144.6 156.9 152.6 148.5 148.2 154.1 160.3 163.7 164 164.7 165 165.2 165.4 165.4 164 161.3 160.5 161 161.8 159.2 156.1 156.5 161.9 164.2 164.1 163.1 162.1
77.3 79 81 83.7 81.5 79.4 75.2 72.3 69.4 69.4 72.3 77.3 84.4 95.5 111.8 121.2 129.5 122.3 93.9 69 65.4 65.4 66.7 74.4 98 120.5 122.3 123.2 123.7 127.4 116.8 84.7 68.4 63.1 61.6 61.4 62.2 61.9 60.4 59.5 58.3 57.2 57.7 65 93.1 112.5 113 111.2 107 106.9 114.5 114.8 141.5 146.8 124.8 106.9 107.6 130.7 143 140.8 124.4 127.1 140 148.2 156.2 161.4 162.5 164.3 165.5 165.9 165.9 164.9 163.5 163.8 164.8 165.4 164 161.1 158.1 161.8 164.2 164.5 163.8 164.1
73.2 73.4 74.1 75 73.7 71.9 68.8 66.4 64.4 64.5 66 68 75.8 86.1 96.4 107.2 115.6 108.7 90.8 74.4 65.6 65.4 66.7 69.9 92.9 122 129.6 133.4 133.7 133.9 123.2 95.6 74.7 62.5 61.3 60.7 60.5 59.6 58.7 57.3 56.2 55.9 58.2 71.6 92.7 117.1 134.5 127.3 111.6 100.2 103.3 109.2 122.4 136.7 121.3 102.1 97.5 115.6 126.8 126 114.5 106.5 117.1 132.7 142.3 152.6 151.5 154.3 158.6 163.6 166.8 165.9 165.4 165.9 166.9 167.4 166.5 164.3 162 161.9 164.3 164.8 164.9 165.8
69.2 69.8 70.2 70 69 66.7 63.5 62.1 62.4 62.6 62.8 63.4 66 73.3 78.1 86.7 92.6 87.8 79 71.1 62.7 67.4 67.5 73.7 86.5 112.8 135.4 142.1 139.6 129.7 114.1 92.7 73.3 61.7 59.6 57.3 54.8 53 52 51.9 51.5 53.8 58.8 73.2 85.9 103.4 123.1 116.8 102.1 93.3 90.6 90.8 105.7 123 116.1 98.2 93.1 102.1 107.8 107 106.5 100 99.2 110.2 131.5 138.2 134.3 140.7 148.6 157 167.1 167.2 167.1 167.7 168.3 168.9 168.1 166.4 164.4 164.8 165.2 165.6 166 166.7
65.9 65.7 65.4 64.6 64.4 64 62.9 61.5 60.9 60.6 60.2 62.2 66.9 69.4 72 73.8 73.3 72.9 69.8 64.5 61.3 65.7 68 74.7 88.6 105.4 120.8 125.1 118.6 107.4 93.1 77.1 69.4 61.2 54.3 52.4 50.3 48.6 48.4 48.2 48.6 51.5 57.6 67 78.5 89.8 102.8 104.3 91.1 81.1 77.3 78.3 86.1 102.5 103.6 92.3 88.4 95.6 96.1 94.3 96 92.7 91.1 100.2 118.2 124 117.1 123.2 138.1 150.8 160.4 165.4 167.1 167.6 169.6 169.6 168.9 167.4 166.1 166 166.3 166.4 166.3 167.2
63.8 63.6 63.3 62.9 62.9 62.9 62.9 63 63 62.8 61.9 62.9 66.3 67.6 69.3 69.6 68.9 66.8 63.6 61.3 59.1 70.8 70.2 73.7 77.1 91.8 98.8 99 91.8 82.7 75.6 71.6 66.3 57.7 56.2 49.1 43.1 46.6 46.1 42.2 44.7 49.4 55.1 60.2 67 74.3 83.2 90 80.8 71.7 69.5 70.2 72.8 81 91.7 86.3 83.7 88.7 89.5 86.7 86.5 85.8 85.3 92.4 107.6 107.6 101.6 110.9 129 144.2 150.6 153.7 156.9 161.2 166.7 169.3 169.3 167.6 166.7 166.2 167.6 163.4 167.7 166.9
62.9 62.7 62.4 62.2 62.1 62.1 62 62 61.9 61.7 61.6 61.6 61.7 61.8 61.7 61.6 61.3 60.7 60.2 59.7 64.6 64.4 65.4 69.5 68.8 75.7 77.7 76.2 73.8 70.2 67.4 65 59.8 54.8 55.4 48.6 43.4 43.2 43.9 41.8 42 42.4 50 55.5 58.7 61 65.5 70.1 67.1 64.6 63.7 63.4 66.4 67.1 75.4 79.6 78.4 78.7 79.2 78.9 79.2 79.7 80.5 84.8 92.9 93.8 94.2 101.3 119 133.7 136.6 139.5 143.2 148.8 155.4 164.3 169.1 164.7 160.4 159.7 156 166.7 166.9 166.9
61.9 61.8 61.6 61.4 61.4 61.3 61.2 61 60.9 60.7 60.6 60.7 61.1 61.4 61.7 59.3 57.6 57.5 58.7 60.5 59.4 61.6 64 64.5 63.1 65.2 66.2 65.2 65.9 65.7 63.6 57.9 57.5 55.1 52.7 48.9 47.8 43.5 41.8 41.4 41.4 41.5 46.2 50.1 51.2 54.7 56.5 58.4 59.7 59.4 58.9 59.5 60.5 63.2 66.6 70.1 73.4 73.3 73.9 73.6 74 74.5 75.4 78.6 81.1 86 88.9 96.6 106.5 119.8 122.6 124.7 130.4 135.7 144.4 155.5 160.2 144.8 144.2 141.5 149.6 155.6 154.3 150.3
60.9 60.8 60.7 60.6 63.7 66.7 61 60.4 60.4 60.4 59.9 47.9 47.6 52.2 53.5 52.2 52.3 53.4 55.3 57.8 56.5 55.5 56.1 57 58.2 59.9 59.2 61.4 61.4 60.9 58.4 56.5 54.3 53 51.6 49.1 46.1 45.1 43.6 43.3 41.1 40.3 40 44.5 47.5 48.4 51.3 52.1 52.9 53.6 54.2 54.7 56.2 58.7 61.8 66.4 65.9 67.6 67.9 69 70.4 70.9 71.8 73.5 76.1 79.8 80.9 92.6 102.4 105.1 104 105.2 110.4 124.7 130.9 143.9 148.9 135.7 124.8 110.7 120.6 130.6 147.5 124.5
64.5 59.6 59 59.3 59.6 59.7 52.1 50 50.2 50 49.7 49.9 50 49.9 50 50.1 50.3 50.5 50.7 51 51.4 51.8 55.8 55.2 54.2 54.6 55.9 55.7 57.2 56.3 55 53.1 49.1 49.6 49.9 48.9 48.6 46.8 43.6 43.5 41.2 40.6 38.3 38.3 41 42.5 43.7 45.9 48.1 49.1 49.9 49.8 49.8 51 55.7 61.5 63.3 63.8 65.5 66.4 67.8 67.8 68 73 74.4 76.2 80.5 85.3 89.2 93.1 96.2 95.8 100.9 112 115.9 126.5 131.1 123 105.1 98.5 102.9 116.9 142.9 108.2
58.3 54.6 52.7 50.7 50.7 50.7 50.9 51.5 52.7 48.6 48 47 46.6 46.2 46.2 46.2 45.1 45.1 44.8 43.3 43.6 45.7 49.7 52.4 52.3 52.3 51.5 50.7 52.5 53.6 51.1 49.7 48.2 49 49.5 49.6 50.7 48.6 47 43.4 42.6 40.2 38.1 37.1 35.7 36.6 38.2 41.7 44.2 45.8 47.4 46.9 47 48.4 51.1 54 58.8 60.4 62.3 63.7 65.3 65.5 66.5 70 73.4 72.4 74.3 76.8 80.2 83.6 85.9 90.1 90.1 97.7 106.7 116.1 124.8 105 87.6 91 97.5 111.9 128.8 89.2
51.1 51 51.5 54.2 54.8 54.7 54.7 54.7 53.9 52 49.4 48.3 46.7 44.5 44.7 44.5 44.2 44 43.8 42.4 42.2 41.7 42.5 46.6 50.4 48.6 48.1 48.6 49.2 48.6 49.8 46.1 47.5 48.7 49.6 49.7 49.7 48 47.7 43.5 42.5 39.9 38.1 36.3 33.7 33 35.3 39 41.4 42.7 43.6 43.8 46.4 48.1 49.4 52.3 54 56.6 59 60.4 61 62.2 65.5 69.2 70.6 69.6 70.4 72 74.6 77.4 80.5 84.3 84.2 85.2 90.7 100.7 108.1 89.9 82.5 86 91.8 104.5 120.1 87.1
50.9 51.3 53.4 54.8 54.7 54.6 54.4 54.3 53.4 52.1 49.6 47.9 45.3 43.8 44.2 43.2 42.5 42.1 42.3 41 41 40.9 41.7 42.2 46.8 45.8 45.6 45.8 45.7 45.7 45.1 44.5 43.6 48.1 48 51.3 50.7 47.9 47.4 43.6 42.3 40.5 37.9 35.6 32.7 32.1 33.8 36.4 38.3 39.7 42.1 46.2 48.9 48.6 48.6 50.3 52.2 53.2 55.5 56.9 57.9 59.7 63.9 66.4 66.7 66.7 66.9 68.9 71.4 74.1 76.7 78.5 78.8 79.5 80.1 83.9 90.4 78.7 77.9 81.2 87.9 96.8 90.8 83.9
50.3 51 53.6 53.9 53.8 53.7 53.6 53.5 52.9 52.3 49.3 48.2 46.7 43.4 44.8 42.5 41.6 40.6 39.9 39.5 40.5 40.1 40.8 41.8 43.1 43.1 43.3 43.5 43.9 44 42.9 42.2 42.3 43.8 47.7 50.4 49.5 47.6 45.5 43.5 41.9 40.4 38.4 34.8 33 29.7 32.7 35.6 36.7 39 43.4 48.4 51.8 48.9 47.1 48.6 49.5 50.3 52.5 53.8 54.9 59.1 62.2 63 63.3 63.9 64.8 66.3 68.9 70.8 73.1 73.6 73.8 74.3 74.7 74.5 75.4 73.2 74.1 77.6 85.1 89.7 76.2 49.7
49.9 50.3 50.9 51.2 51.4 51.5 51.1 50.5 49 48.8 48.1 47.8 46.5 46.3 45.4 41.6 40.4 39.7 39.6 39.4 38.8 39 39.2 40.2 40.6 40.4 40.7 40.7 40.4 40 39.9 40 41 43.2 46 47.7 47.1 46.5 44.1 43.1 41.7 40.1 39.1 35.4 31.3 29.9 29.2 33.1 35 36.7 43 47.6 50.5 48.4 45.7 46 47.9 47.6 49.3 50.7 52.3 55.6 57.6 59.7 59.9 60.6 62.3 65.6 68.1 69.8 70.7 69.4 69.4 69.9 70.1 70.3 70.2 70.9 71.8 75.8 79.5 81.5 70.3 63.8
49 49.9 49.8 50.1 50.4 50.6 50.1 49.3 48.5 48.7 47.8 47.4 46.8 45.7 44.8 40.9 39.9 39.1 38.6 38.2 37.6 37.7 38.3 38.7 39.1 38.6 38.4 38.3 38.2 38.5 38.6 39 40.6 43.1 45.7 45.6 45.2 43.9 41.2 40.8 40 39.6 39 35.9 32.2 30.1 29.2 30.8 32.5 34.8 40.7 45.3 47.8 45.5 42.5 43.6 45.5 45.2 46.8 48.3 50.6 53.1 55.1 56.5 57.3 58.1 60.5 63.8 67.6 69.6 69.1 66.4 65.2 65.4 66.1 65.9 66.6 67.8 71.1 73.9 75.9 76.3 74 62.9
47.9 48.2 48.7 49.1 49.4 49.6 49.1 48.2 47.3 47.7 47.9 47.1 46.7 44.8 43.8 42.3 41.1 39.9 38.7 37.7 36.8 36.6 37.1 37 37.9 36.9 36.9 36.9 37.3 37.5 37.5 38.2 40 42.5 44.5 43.5 42.8 42.5 39.2 39 39 38.8 38.4 35.8 32.7 29.8 27.1 28.3 29.9 33.2 38 43 44.8 42.6 39.7 40.9 42.7 42.7 43.4 46 48.1 50.3 51.9 53.6 54.6 56.6 60.2 63.9 67.1 68.1 66.8 59.8 61.2 61.2 63.2 62.2 61.7 66.1 69 71.5 70.3 68.3 69.5 45.8
47.7 47.3 47.5 47.9 48.2 48.4 48.2 47.2 47.1 47.2 47.7 47 44 43.4 42.8 42.1 41.2 40 39.5 38.5 37.2 36.8 36.5 35.6 35.9 35.4 35.5 35.8 36.3 36.4 36.3 37.3 39 40.9 42.6 42.5 42.5 41 38.3 38 38 37.9 37.1 35.8 34 31 28.2 26.8 26.4 30.6 35.1 40.5 41.9 39.8 37.6 38.8 40.4 41 41.5 43.1 45.4 48.1 49.4 50.8 52.1 55.1 59.6 62.6 65.4 64.6 62.8 57.8 57.9 60.2 60.2 60.5 61.6 50.1 64.4 66.1 66.1 62.5 58.3 43.7
48.6 47.4 46.7 46.9 46.9 47.1 47 46.3 45.8 46.4 46.6 43.7 43.3 43.1 42.2 41.3 40.8 40.7 40.3 39.3 38 36.8 35.7 34.8 34.3 34 34.3 34.7 35.1 35.2 35.2 36.4 37.9 39.3 41.1 41.1 40.5 37.7 35.2 34.4 34.1 34.2 34.6 35.6 34.7 31.9 29.4 27.3 25.5 27.4 32.7 36.9 39.2 36.9 35.5 36.6 38.4 39.8 40.5 41.6 42.7 44.8 46.9 48.6 50.4 53.7 57.7 60.1 61.7 60.6 56.6 53.5 53.8 55.9 56.3 55.5 44.2 41.9 48.6 61.7 61.5 58.4 54 32.5
49.9 49.4 47.3 46.3 45.9 45.7 45 44.1 44.6 45.3 45.7 43.3 43.1 42.3 41.1 40.6 40.1 40.7 40.7 39.4 38.1 36.7 35.5 34.4 33.7 32.6 33.1 33.6 33.9 34.2 34.5 35.5 36.9 37.5 39.5 39.6 38.1 35.6 33.8 33.1 32.9 32.6 32.8 33.6 33.8 32.9 30.7 28.1 26.2 24.7 30.8 35.3 37.3 36.1 34.2 34.5 36.3 37.9 39.1 39.6 40.5 42.9 44.6 46.4 49 52.1 55.1 57.1 57.3 55.3 50.9 49.4 50.8 51.6 48.5 40.2 41.6 52.6 56.7 56.7 57.4 55.1 50.1 26.8
51.2 50.5 48.9 47.4 46.5 46.1 45.4 44.6 44 43.9 43.3 42.6 42.4 42 40.5 40.1 39.5 39.2 39.5 39.2 38.1 36.6 35.4 34.4 34.8 33.9 32.4 32.3 32.9 33.1 33.3 34.5 35.9 36.7 37.6 37.6 36.2 34.4 33.1 32.4 31.6 31.1 30.9 31.9 32.9 33 31.4 28.8 25.9 23.8 28.5 33 35.2 34.5 32.7 32.8 34.6 36.2 36.9 37.6 39 41.4 42.7 44.2 46.2 49.7 51.7 54.3 53 50.7 47.3 47.4 47.8 43 41 45.1 50.7 53.4 54.5 55.4 54 51.2 42.5 25.1
52.5 51.4 49.4 48 47.6 47 46.2 45.6 45.4 45.3 43.4 42.1 41.7 40.9 40 39.6 39 38.2 38 38 37.4 36.1 35.5 35 34.8 34.5 33.7 32.1 31.8 32.5 32.4 33.6 34.8 35.6 36.1 36 34.8 33.5 32.3 31 29.9 29.2 30 30.8 31.7 32 31.5 29.9 26.7 23.5 25 30.5 33 32.4 31.1 31.5 33.4 34.6 35.1 36 37.9 40.1 41.2 42.3 44.2 48.6 50.1 50.9 50 46.7 44.9 42.6 40.8 40.7 46.3 47.1 47.6 52.5 53.8 54.8 51.2 47.9 39.1 22
54.7 51.7 49.6 48.4 48.5 48 47.4 46.9 46.7 46.8 45.2 43.9 42.9 42 40.5 39.9 39.1 38.2 37.5 36.9 36.4 35.8 35.7 35.8 35.1 34.6 34 33.2 31.7 31.7 31.5 31.6 33.1 34.4 34.9 35.4 34.1 32.3 31.2 29.9 29 29.2 29.7 30 30.4 30.8 30.2 29.9 27.5 24.6 24.1 27.9 30.5 30.1 29.2 30 32 32.3 33.4 34.7 37.1 38.8 39.8 40.5 42.1 44.8 48 47.8 47.2 45.5 41.7 41 40.9 42.5 43.5 44.7 44.9 46.7 51.2 52.7 49.3 45.7 34.6 19.1
55.1 52.3 49.8 49.1 49.4 49.1 48.7 48 47.6 47.5 46.7 45.7 44.3 43.2 42 40.9 40.1 39 38.1 37.2 36.3 36.6 36.9 36.4 36.6 35.9 35 34.1 32.9 30.9 30.8 30.6 30.5 33.1 34.1 34 32.9 31.2 30.1 29 28 28.6 29.7 29.7 29.7 29.5 29.7 29.2 27.2 24.8 23.6 27.2 28.8 29 28.8 28.9 30.4 30.7 32.1 33.4 35.7 37.5 38 38 39.7 41.7 44 44.9 45.3 43.3 41.3 39.5 40.9 41.1 41.8 42.2 42.5 43.3 47 48 46.2 44.5 32.7 21.7
55.4 52 49.9 49.8 50.2 49.9 49.6 49 48.7 48.4 47.9 47.1 45.7 44.4 43.6 42.4 41.2 39.9 39.1 38.1 37.9 37.4 37.6 37.3 37.3 36.8 36 35 34.5 34.3 33.5 32.1 29.8 31.4 31.2 30.2 29.2 28 26.6 26.9 27.2 28.3 30.2 30.3 29.6 28.9 28.4 27.8 25.7 24.8 22.7 25.2 27.5 27.1 26.5 27 29.8 29.5 30.8 32.8 35.4 36.9 36.4 36.4 37.8 39.2 40.8 43 41.9 41.5 38.2 37.2 39.8 39.4 38.9 39.5 39.7 40.8 42.7 43.2 43.5 42.1 38.1 25.5
56.2 51.6 49.9 49.9 50.7 50.9 50.5 50.1 49.7 49.3 48.8 48.2 46.7 45.7 45 43.7 42.3 40.9 40 39.3 38.9 38.6 38.4 38.1 38.1 37.5 36.8 35.7 35.3 35 34.1 33.3 31.9 28.7 28.2 27.7 28 27.5 26 25.4 26.5 27 28.8 26.1 26.5 27.6 26.9 26.5 24 23.9 22 23.6 25 24.6 23.3 27.5 28.2 28.4 29.8 32.4 35.2 36.3 34 35 36 37 42 41.9 41.2 37.5 36.3 35.7 32.7 37.5 36.6 36.9 37.1 37.7 38.7 40.1 40.9 40.3 39.9 26.7
56.3 51.2 49.9 49.6 50.4 51.3 51.6 51.2 50.6 50.1 49.6 48.9 47.6 46.8 46 44.9 43.8 42.6 41.5 40.3 39.7 39.1 39 39.3 38.9 38.2 37 36.6 36.5 35.2 34.6 34 32.7 30.8 30.3 32.6 32.9 30.3 30.5 27.7 26.2 25 26.1 25.3 24.8 23.3 22.6 20.8 20.4 21.8 21.2 21.9 22.7 21.9 20.4 23.6 25.9 28 30.3 33 35.6 35.5 33.5 33.3 34.6 35.2 41.7 35.6 36.9 36.6 34.2 33.8 32.7 35.3 35.1 34.8 34.5 34.3 35.2 37.9 40.1 40.1 40.2 33.9
54.2 54 49.3 49.1 51.6 52.3 52.4 52.1 51.4 50.8 50.2 49.6 48.7 47.8 47 46 45 43.8 42.8 41.9 40.9 39.9 40.7 40.7 40.5 40.2 39.4 37.8 36.9 36.3 36.1 36 34 33.3 33.7 34.9 35.1 33.5 32.6 30.8 30.5 26.2 23.6 24.7 23.7 20.6 20.3 21.4 20.5 19.7 19.2 19.9 20.5 19.7 18.4 24.5 26.5 29.4 32.1 34.3 36 34.4 32.7 33.4 42.6 34 34.3 34.4 33.8 33.8 31.9 31.5 32.2 33.6 33.5 32.5 32.2 31.8 34.9 38.4 42.9 43.6 42.8 33.9
55.7 53.4 48.8 48.5 52.4 53.1 53.2 53 52.4 51.7 51.1 50.4 49.6 48.8 48 47.2 46.2 44.8 43.9 43.1 41.8 40.9 41.1 41.7 41.2 40.6 40.4 40.4 40.4 36.5 36.2 36 34.7 34.5 34.9 35.4 35.8 35.2 34.8 33 31.5 31 28 28 28.4 28.3 26.6 24.8 21.6 20.4 19 17.8 18 17.5 22.2 25.7 27.6 30 34 36 35.7 33.6 36.8 39.1 30.9 32.3 32.9 32.5 32 31.1 29.8 30.1 31.8 33.1 32.6 31.1 30.2 30.1 34.6 39.7 48.1 50.4 46.2 33.5
54.4 49.5 47.3 47.5 52.7 53.8 53.8 53.4 53 52.5 51.9 51.4 50.7 49.9 49.3 48.3 47.4 45.9 45.2 44.3 42.8 41.7 42.4 42.6 41.8 41 40.5 40.4 39.5 36.5 36.4 36.3 35.4 35.4 35.4 36.1 36.8 36.5 35.1 34.1 33.5 32.3 32 31.1 31 31 29.6 26.7 25.6 23.8 22.7 19.3 16.4 16.9 24.2 26.4 29.2 31.7 34.4 35.5 34.2 41.9 33.9 29.1 30.6 31.8 31.6 31.2 29.6 28.2 28.6 30.5 32.9 33.9 32.7 30.1 28.8 28.7 33.1 39.3 48 52.9 51.6 34.9
51.9 50.2 47.1 49.5 53.6 53.6 53.7 53.9 53.6 53.1 52.5 52.1 51.6 51 50.6 49.7 48.6 47.2 47 46.1 45.1 43.8 43.1 43 42.4 41.5 41 40.5 40.2 39.1 37.1 37.8 36.1 36.2 36.2 36.7 37.6 37.3 36 35.8 34.7 34.2 32.9 33.8 33.6 33.6 30.8 28.2 26.4 25.6 23.2 19.6 17.7 16.9 21.7 27 29.2 30.9 32.5 33.9 42.7 34.2 27.4 27.5 30.3 31.9 32 29.6 27.8 26.9 29.8 34.6 38.1 36.2 32.2 28.5 26.8 27.3 31.6 37.9 44.6 50 42.8 28.9
55.3 53.4 48.6 45 49 53.6 54.7 54.4 54.1 52.9 52.9 52.7 52.5 52.1 51.6 51 50.3 49.1 48.9 48.3 47.3 45.1 44.4 43.6 43.1 42.5 41.9 40.7 40.3 40 39.8 38.7 37.3 37.3 37 37.1 37.3 37.7 37.4 36.6 35.8 35.1 34.9 34.9 34.9 34.8 31.9 28.9 27.3 26.6 24.8 22.8 18.7 18.2 19.2 25.2 29.2 30 40 38 33.1 27.6 26.1 27.5 30.5 32.6 31 27.8 26.1 27.1 32.5 37.5 40.6 37.4 32.3 27.2 25.2 25.4 29.7 34.9 39.5 43.3 40.4 26.1
57.3 56.9 50.9 42.8 45.7 53.9 55.4 55.2 54.5 54 53.4 53 52.5 52.1 51.8 51.5 51.2 51 51.3 51 48.2 46 44.8 43.6 43.3 43 42.5 41.9 41.1 40.2 39.9 38.4 38.3 38.2 37.5 37.6 38.2 38.8 38.2 37.5 36.9 36.4 35.9 35.5 35.4 34.5 33.3 29.2 28.7 27.9 25.3 24.7 23.8 18.6 18.7 21.8 33.8 42.1 31 27.8 23.7 24.4 25.9 28.2 30.8 32 29.2 24.9 24.6 28.4 33.2 38.1 40.9 36.1 31.8 26.4 24.1 23.6 27.3 31.7 35 35.3 30.8 6.8
57.9 57.5 53.8 42.7 43.6 48.4 55.3 55.4 54.7 54.8 54.5 54.1 53.7 53.2 52.8 53.1 52.5 51.8 51.3 50.8 50.6 50.3 49.7 45 43.7 43.5 43.1 42.7 42.1 41.1 40.4 39.8 39.3 38.7 38 38.2 38.8 39.4 39 38.5 38 37.5 37 36.4 36.1 35.4 33.8 30 30.8 30.9 28.9 24.6 25 19.7 18.4 19 28.5 27.6 24.3 21.4 22.4 23.9 25.8 28 29.4 29.3 26.9 22.5 24.9 28.5 32.7 37.4 38.4 34.6 30.8 25.6 23.1 22.7 25.1 26.8 27.7 16.4 5.9 1.6
58.2 57.7 56.9 44.7 43.1 44 54.6 55.4 55.6 55.2 54.9 54.8 54.6 54.3 53.8 54.7 51.9 52.5 51.9 50.9 50.2 48.5 46.6 46 45.5 49 48.7 48.5 44.4 42 41 40.6 40.4 40 39.4 39.3 39.5 39.9 39.7 39.6 39.1 39 38 37.5 36.5 35.3 32.8 32.2 32.8 31.3 31.2 32.9 43.8 27.6 17.9 15.9 25.4 23 19.7 19.9 21.3 23.2 27.1 27.9 28.3 27.4 27.4 21.2 24.2 28.7 32 37.3 36.1 34.2 28.3 25.8 22.6 18.3 9.3 3.1 2 1 0 0
58.2 57.1 56 45.6 41.5 40.5 53 55.7 55.4 55.2 55 54.8 54.5 54.5 55 55.4 52.5 52.7 52.8 51.9 50.5 49.3 48 46.6 45.7 45.4 45.4 44.9 44.1 43.8 47.2 48.1 48 44 40.3 40.2 40.4 40.5 40.5 40 39.6 39.1 38.6 38.4 36.9 35.1 33.5 33.5 37.6 42.7 42.8 35.2 32.2 29.7 19 15.1 13.7 16.8 13.4 14.7 20.9 24.2 26.9 27.3 25.7 22.4 19.2 24.3 27.9 29.8 33.1 36.8 34 26.9 15.9 7.7 1.5 0.5 -0.2 -2.4 -2.4 -2.4 -2.4 -2.4
57.9 56.9 52.7 45.4 40.1 39 50.8 55.5 55.3 54.8 54.6 54.4 53.9 53.9 54.4 54.4 55.2 53.9 53.3 52.7 51.6 50.3 48.8 47.7 46.6 46 46 45.4 44.5 44.3 44.1 43.7 43 42.2 41.9 45.5 47.4 47.3 47.2 46.8 46.5 46.2 44.6 38.4 45.5 45.1 43 39.9 35.9 35.9 34.5 34.1 33.5 30.1 26.2 17.5 11.3 11.7 11.1 12 20.2 22.6 26.6 25.7 24.2 18.4 17.5 24.1 27.2 30.6 32.8 26.3 14.1 1.7 0.9 -0.1 -2.4 -2.4 -2.4 -2.4 -2.4 -2.4 -2.4 -2.4
59.5 57.8 55.1 45.3 40.2 38.2 45.7 48.2 51.4 53 54 53 50.5 50.5 51.6 53.7 54.9 54.8 53.6 52.8 52.5 51.2 49.9 48.5 47.9 47.5 47.1 46.6 46.1 45.6 45 44.6 44.1 43.1 42.3 42.1 42 42.3 42.4 41.5 40.8 40.2 39.2 38.1 38 36.8 36.1 36.3 36.6 36.5 36 35.1 34 32.2 26.8 26.5 21.4 18.6 11.6 10.6 10.7 22.4 25.5 23.4 20.7 15.5 20.8 24.4 26.6 30.4 26.7 5.8 1 0 -0.8 -2.4 -2.4 -2.4 -2.4 -2.4 -2.4 -2.4 -2.4 -2.4
