data/HT93.asc
ncols 200
nrows 200
xllcorner 390000
yllcorner 1130000
cellsize 50
[rows 0 to 37 of 200, columns 84 to 167 of 200]
285.2 255.9 230.1 207.8 192.6 179.2 173.4 171.3 168 168.3 169.4 169.4 168.1 168.1 165.6 167.2 167.9 162.2 150.9 133.7 117.3 103.4 98.2 97.2 95.6 97.8 96.4 91.7 88.9 84.1 81 75.6 69.3 66 63.8 63.1 62.7 62.5 63.4 62.7 56.6 49 45.1 42.4 39 35.6 32.5 30.7 28.9 31.1 35.1 39.6 41.6 42.6 42.1 41.7 41.5 41.2 41.2 41.1 41.2 40.7 42.1 46.9 48.8 36.2 9.2 -0.5 -0.5 -0.5 -0.5 -0.5 -0.5 -0.5 -0.5 -0.5 -0.5 -0.5 -0.5 -0.5 -0.5 -0.5 -0.5 -0.5
297.8 270.6 247.5 225.7 209 194.3 182.9 177.5 175.7 175.1 177.2 178.5 176.1 175.7 178.2 181 182.4 175.3 162 146.5 130.9 116.6 114.3 115.3 117.2 119.2 116.8 110.3 104.8 99 93.7 85.1 76.9 72.5 68.8 68.1 68.1 67.8 65.9 67.2 64.2 55 48.5 42.9 38.3 34.5 31.9 30.8 28.9 29.6 34 39.4 41.2 41.6 40.8 40.9 39.6 39.8 39.5 38.9 40.5 40.4 43.5 47.4 47.6 43.1 6.9 30.7 -0.5 -0.5 -0.5 -0.5 -0.5 -0.5 -0.5 -0.5 -0.5 -0.5 -0.5 -0.5 -0.5 -0.5 -0.5 -0.5
315.6 286.6 264.4 245.7 231 218.9 207.6 199.7 195.4 194.5 196.4 196 197.9 199.6 204.4 206.1 204.4 195.8 180.7 165 150.6 138.9 143.5 145.6 147.1 147.4 141.9 135 129.2 121.5 112.3 104.1 95 85.8 80.5 77.5 75.8 74.5 70.7 71.7 71.3 61.8 51.8 43.3 36.9 33.6 31.2 31.1 29.3 28.9 32.8 38.4 40.8 39.9 39.7 39.9 39.3 38.9 38.5 38.2 40 40.4 42.2 44.9 44.6 42.4 41.2 26.2 -0.5 -0.5 -0.5 -0.5 -0.5 -0.5 -0.5 -0.5 -0.5 -0.5 -0.5 -0.5 -0.5 -0.5 -0.5 -0.5
330.4 313 290.6 271.4 257 245 234.1 226.1 221.9 220.5 219 221.1 222.9 228 229.8 234.4 231.3 219.1 202.1 183.9 169.3 162 171.2 178.2 182.7 184.4 177.6 168.4 157.9 148.2 139.5 132.3 120.7 110.2 102.2 96.8 89.6 86.2 79.1 77.2 74.6 67.7 55.7 43.8 36 31.5 30.9 30 29 28.9 31 35 37.2 37.6 38.3 38.9 38.5 37.8 37.3 36.7 39 40.1 41 41.4 41.8 42.2 42.4 42 -0.5 -0.5 -0.5 -0.5 -0.5 -0.5 -0.5 -0.5 -0.5 -0.5 -0.5 -0.5 -0.5 -0.5 -0.5 -0.5
332 331.6 320.3 301.4 285.6 272.7 262.9 255 250.7 247.3 246.1 247 250.6 256.8 260.7 263.9 260.2 244.8 224.3 204.1 185.9 179.6 182.3 186.6 190.2 193.7 194.5 189.8 184 176.3 169.4 159 148.6 140.7 133.3 123.7 113.9 102.7 92.6 86.1 80 73.9 57.5 42.9 34.8 30 29.7 28.5 28.9 28.9 30.3 32.8 35.5 36.2 36.9 37.8 37.7 37.1 36.9 36.4 38.3 39.9 40.8 41 41.6 42.3 43.4 43.1 41.3 37.6 -0.5 -0.5 -0.5 -0.5 -0.5 -0.5 -0.5 -0.5 -0.5 -0.5 -0.5 -0.5 -0.5 -0.5
328.1 327.9 324.5 320.6 315.3 307.7 294.3 285.9 281.5 277.5 276.3 276.7 280.5 285.1 289.3 294.5 286.8 266.9 239.3 214.3 194.8 186 187.2 190.1 194.3 194.9 194.8 192.1 184.4 177 171.3 169.6 163.3 156.6 152.8 147.6 133.6 123.7 109.8 99.1 89.4 78.3 57.6 40.9 33.4 29.2 27.9 28.2 28.9 28.9 30.1 31.9 34.3 35.3 36.2 37.1 37 36.8 36.5 36.3 37.5 39.5 41.2 41.2 41.7 42.7 43.8 44.6 42.8 37.8 -0.5 -0.5 -0.5 -0.5 -0.5 -0.5 -0.5 -0.5 -0.5 -0.5 -0.5 -0.5 -0.5 -0.5
318 317.1 314.5 313.3 312.3 319.3 321.9 315 310.8 306.8 304.4 305.2 309.8 314.4 319.3 314.8 292.7 269.2 245.8 220.2 197 188.3 189.6 193.1 195.4 195.1 192.9 190 181.1 173.6 166.8 162.5 161.2 160.3 154.6 151.2 144.9 135.6 128.4 113.2 96.6 82.8 57.9 39 31.4 29.1 28 28.4 28.7 28.9 30.2 31.9 33.8 35 35.8 36.5 36.9 36.7 36.6 36.4 36.4 38 40.4 41.1 41.5 43.5 44.8 44.6 44.5 38.1 -0.5 -0.5 -0.5 -0.5 -0.5 -0.5 -0.5 -0.5 -0.5 -0.5 -0.5 -0.5 -0.5 -0.5
306.3 306.1 305 305.3 308.9 318.4 334.1 349.3 343.4 338.8 336.3 337.8 343.6 353.2 356.5 327.9 297.9 271.8 247.9 223.2 202.3 194.6 193.4 197.1 197.4 195.3 191.4 185.2 175 166.4 159.7 156.9 154.3 152.4 149.8 149.8 146 140.5 139.3 125.8 100.8 83.8 58.5 34.9 28.3 27.8 27.8 28.1 28.4 28.7 30.4 33.2 35.2 35.9 35.8 37.2 37.5 37.2 37 36.9 37 36.3 38.4 40.9 41.1 42.1 44.8 44.4 44 37.5 -0.5 -0.5 -0.5 -0.5 -0.5 -0.5 -0.5 -0.5 -0.5 -0.5 -0.5 -0.5 -0.5 -0.5
295.2 294.7 295.9 298.6 306.5 321.5 342.5 362 370.8 374.1 375.6 376.8 379.5 372.7 357.5 332.6 302.9 274.2 251.6 227.1 207.8 201.1 199.7 200.5 199.3 194.3 187.6 179.4 169.2 160 155.6 151.9 150.4 148.6 148.5 148.3 145.2 144.3 140.6 129.6 99.8 78.2 54 31.5 27.9 27.8 27.8 27.8 28.1 28.5 31 37.4 39.2 38.2 38.7 39.3 39 38.7 37.5 37.6 36.7 35.8 36.7 39.1 41 41.3 43 44.1 42.8 37.2 31.9 -0.5 -0.5 -0.5 -0.5 -0.5 -0.5 -0.5 -0.5 -0.5 -0.5 -0.5 -0.5 -0.5
284.5 284.5 286.2 294.1 306.4 324.2 343.3 358.5 370.2 385.1 397.6 408.7 400.6 378.8 359.2 336.6 308.5 280.2 255.3 230.8 213.4 206.3 203.2 201.4 200.2 190.9 182.4 171.2 162 157.5 155 152.9 149.9 147.8 148 147.2 142.4 144.9 142.2 122.6 93.3 68.8 47.6 30.2 28.1 28 27.9 27.8 27.8 28.9 31.8 38.7 41.2 40.9 40.2 40.1 40.1 39.8 38.3 37.3 36.4 35.5 35.1 37.4 40 41.3 41.5 42.2 40.6 36.9 30.9 24.3 -0.5 -0.5 -0.5 -0.5 -0.5 -0.5 -0.5 -0.5 -0.5 -0.5 -0.5 -0.5
272.8 274.1 279.7 291.6 308.1 326.9 342.9 357.7 375.5 397.8 410.1 411.6 409.4 386.6 360.1 338.3 312.5 284.2 257.5 233.9 216.9 211 206.8 201.7 196.2 185.7 176.3 167.2 159.6 156.8 155.7 154.9 155.3 157.6 155.4 152.9 150.1 146 138.9 109.8 81.5 61.1 45.6 32.7 28.1 28 27.9 27.8 27.8 28.5 31.4 38.9 41.2 42.2 39.9 39.6 40.1 40.2 38.1 36.8 35.9 35.1 34.2 34 36.7 39.2 41.2 39.9 38.4 36.2 30.5 23 14.2 -0.5 -0.5 -0.5 -0.5 -0.5 -0.5 -0.5 -0.5 -0.5 -0.5 -0.5
262.7 267.6 276.6 291.7 309.7 327.7 343.9 362.5 383.2 397.7 402.6 401.4 400.1 393.4 364 339.6 314.2 287.1 259.8 234.3 219.2 210.5 204.8 199 190.2 181.9 175.1 168.1 164.8 163.5 161.2 164.8 176.3 180.6 180.5 176.2 168.3 156 134.6 107 80.6 63.1 47.3 34.6 28 27.9 27.8 27.8 27.8 28.5 30.3 37 40.6 46.2 41.9 37.2 39.2 41.2 38.3 36.1 35.2 34.1 32.9 31.9 31.8 34.7 37.5 36.8 36.3 35.2 29.9 23.4 -0.5 -0.5 -0.5 -0.5 -0.5 -0.5 -0.5 -0.5 -0.5 -0.5 -0.5 -0.5
254.2 262.1 275.2 292.2 308.7 326.5 346.5 368 384.7 391.6 391.7 389 388.4 387.4 370 341.7 316.3 289.5 261.4 235.2 218.2 209.7 207.7 203.3 198.7 192.2 184.4 178.8 178.2 180 183.8 194.5 203.3 207.8 210.3 206.4 194.2 172.4 147.8 124.6 96.9 72.2 53.4 39 30.5 29.7 27.8 27.8 27.8 28.5 29.6 34.2 38 40.3 41.4 40.3 41 41.1 39.7 35.3 33.9 32.7 31.6 30.3 29.2 31.3 33.2 32.9 32.7 32 28.4 20.4 -0.5 -0.5 -0.5 -0.5 -0.5 -0.5 -0.5 -0.5 -0.5 -0.5 -0.5 -0.5
247.3 261.3 275.2 291 308.8 327.2 350.4 371.1 378.7 381.4 378.8 376.3 375.6 376.2 374 345.7 320.1 292.7 263.5 239.2 223.8 221.4 221.3 218.2 215.3 207.5 199.4 198 199.2 204.7 212.6 222.7 232 240.5 244.6 242.6 222.3 194.3 165.9 140.6 114.7 86.2 64.7 46.8 33.9 30.4 27.8 27.8 27.8 28.4 29.7 31.6 33.5 36.8 40.1 41.2 40.3 39.3 37.9 35.4 32.9 31.4 30.5 31.1 28.9 27.8 29.1 28.9 30.1 28.6 25.8 18.7 -0.5 -0.5 -0.5 -0.5 -0.5 -0.5 -0.5 -0.5 -0.5 -0.5 -0.5 -0.5
244.8 260.3 275.5 291.6 309.4 331 355.1 366.9 369.5 369.5 366.2 362.8 362.8 363.9 365.8 352.1 323.3 296 270.4 249.2 241.7 241.4 243.4 240.1 232.3 226.4 221 222.7 226.6 232.7 241.5 251 263.2 273 280.7 272.6 245 216.3 186.5 157.1 132.4 105.2 78.3 56.5 37.2 31.8 27.9 27.5 24.8 26 27.4 28.6 29.9 32.2 36.8 38.3 37.8 36 34 32.3 31.8 30.3 30.8 30.8 26.8 23.6 23.4 24.1 25.2 25.1 23.4 14.5 -0.5 -0.5 -0.5 -0.5 -0.5 -0.5 -0.5 -0.5 -0.5 -0.5 -0.5 -0.5
245.3 261.3 277.2 293.5 313.6 340.2 357 360.1 358.8 356.4 352.3 350.9 350.6 352.2 354.4 353.7 330.9 304.9 285.7 271.1 268.2 272.5 278.3 271.2 263.7 256.9 256.2 256 261.5 266.8 276.3 286.1 299.1 309.8 318.3 295.9 265.1 236.2 208 179 149.9 122.8 94.8 66.6 42.7 32.9 28.4 23.9 22.9 22.7 24 25.4 26.7 29.2 32.4 34.3 34.9 33.2 30.9 28.9 29.2 29.9 29.3 28.9 25.8 21 19.3 20.4 20.5 21.4 20.4 12.4 -0.5 -0.5 -0.5 -0.5 -0.5 -0.5 -0.5 -0.5 -0.5 -0.5 -0.5 -0.5
246.6 262.3 279.9 297.7 322.2 345.2 349.8 350.1 347.6 343.8 339.5 337.2 336.4 338.4 343.1 346.3 343.5 321.7 303.9 295.6 294.5 301 305.4 305.5 301.3 297.5 294.8 295.8 300.5 308.1 318.2 325.3 334.1 340.1 341 316.2 283 256.5 227.3 198.4 167.4 139.7 109.1 78 52.1 34.2 29.1 23.4 21 20.3 20.6 22.3 22.3 25.1 30 31.8 32 31 30.1 28.3 27.6 27.9 27.5 26.8 25.8 21.7 21 16.9 16 17.7 15.3 8.3 -0.5 -0.5 -0.5 -0.5 -0.5 -0.5 -0.5 -0.5 -0.5 -0.5 -0.5 -0.5
247.3 265.9 283 304.3 332.7 339.4 340.8 338.9 335.3 331.2 327.1 324.5 323.3 325.7 332 336.1 338.3 340.3 329.8 323.4 319.3 323.4 326.9 330.7 328.3 326 323.5 321.4 317.3 317.2 319.7 322.1 323.5 327.8 332.2 329.2 306.7 271.8 244.7 214.9 184 154.8 125.8 94.1 63 39.2 26.3 22 19.5 20.1 21 21 19.1 20.5 24.8 28.8 30.4 29.6 28.7 26.9 25.6 25.5 25.5 24.9 24.3 21.4 19.1 14.8 9.4 11.3 10.7 2.6 -0.5 -0.5 -0.5 -0.5 -0.5 -0.5 -0.5 -0.5 -0.5 -0.5 -0.5 -0.5
249.4 267.2 288.1 314.4 329.3 331.6 330 327.6 323.7 319.6 314.5 311.5 309.8 312.4 319.9 325.3 327.8 329.9 330.1 330 330.5 332.9 336.3 340.2 340.1 337.6 328.9 323.8 313.9 308.6 309.8 312.9 313.1 317.1 320.3 321.9 320.9 293.4 260.2 229.5 199.7 168.2 137.6 105.3 73.2 47.4 28 21.7 19.4 18.7 20.1 18.2 17.4 18.4 20.4 27 29.9 27.1 26.2 25 23.4 22.8 22.9 22.6 22.1 19.4 15.9 11.5 7.1 1.3 0.8 -0.5 -0.5 -0.5 -0.5 -0.5 -0.5 -0.5 -0.5 -0.5 -0.5 -0.5 -0.5 -0.5
249 268.1 292.4 318.4 321.9 322 319.2 315.7 312 307 301.9 298.5 296.6 299.3 306 312.6 315.1 318 318.7 319.4 322.6 327.6 330.9 331.7 329.5 323.8 316 312.2 303.8 299 298.5 300.6 301.8 304.6 306.8 308.6 312.7 309.3 275.4 242.3 211.3 178.2 147.7 115.7 84.6 55.1 32.5 21.9 19 18.4 17.8 16.1 14.2 15 17.7 20.6 25.6 24.7 23.3 22.7 21 19.8 19.6 19.2 18.8 16.4 12.4 7.4 -0.5 -0.5 -0.5 -0.5 -0.5 -0.5 -0.5 -0.5 -0.5 -0.5 -0.5 -0.5 -0.5 -0.5 -0.5 -0.5
248 267.6 296.5 311.3 312.3 310.9 308 304.4 299.4 294.3 289.4 285.6 284.8 287.3 292.6 299.6 304 306.5 308 310 313 317.1 319.4 319 314.9 308 303.9 297.7 289 286 287.2 287.3 287.5 289.2 292.3 293.7 299.8 306.2 290.2 254.2 222.3 189.4 157.2 125.6 93.2 62.9 39.6 22.3 18.1 15.4 15.2 14.6 11.7 12 13.6 16.5 19.9 21.4 20.5 20.2 18.1 16.6 16.9 16.7 16.3 13.5 8.4 -0.5 -0.5 -0.5 -0.5 -0.5 -0.5 -0.5 -0.5 -0.5 -0.5 -0.5 -0.5 -0.5 -0.5 -0.5 -0.5 -0.5
243.6 266 294.2 301.2 301.4 299.4 297 293.1 287 281 276.3 273 272.4 274.1 279.4 286.5 291.8 293.9 295.7 298.4 301.5 304.4 305.7 303.9 298.6 292.3 286.8 280 275.5 273.4 274 275.4 275 276.5 277.8 279.8 285.6 292.4 293.7 264.2 228.8 197.4 165.4 133.6 99.5 69.7 44.8 23.9 20.9 15.5 15.3 14.7 11.8 10 10.6 11.2 11.3 13.2 13 14 14.1 13.6 14.1 14.2 13.1 9.8 -0.5 -0.5 -0.5 -0.5 -0.5 -0.5 -0.5 -0.5 -0.5 -0.5 -0.5 -0.5 -0.5 -0.5 -0.5 -0.5 -0.5 -0.5
235.3 261.7 285.2 290.4 289.9 287.3 284.7 279.9 274.5 268.1 262.8 259.1 258.3 261.5 266.5 273.9 278.7 281.7 282.9 284.2 285.2 286.9 287.1 284.8 279.4 273.8 268.3 264.5 262.1 261.5 262 262.6 262.6 262.9 264.5 265.8 273.4 281.1 284.8 269.8 236 203.3 172.9 141.2 106.6 75.7 51 28.2 21.7 18.2 15.5 15.4 13.5 10.1 9.7 9.4 8.9 9.7 8.8 9.2 8.8 9.4 10.6 10.9 8.8 -0.5 -0.5 -0.5 -0.5 -0.5 -0.5 -0.5 -0.5 -0.5 -0.5 -0.5 -0.5 -0.5 -0.5 -0.5 -0.5 -0.5 -0.5 -0.5
226.2 252.1 274.8 278.5 278 275.6 272.4 267.7 260.8 254.4 248.7 244.7 244.7 248 252.7 258.4 264.5 266.7 266.3 265.6 266.5 266.9 267 265.8 260.7 255.1 250.6 249.3 248.9 249.4 250.2 249.7 249.8 249.7 250.7 253.1 260.3 267.5 273.1 268.2 242.7 209.5 177.9 147.2 115.2 83.5 58.9 33 22.1 15.8 15 15.1 15.5 12.9 13.6 16.1 21.7 20.8 18.5 13 7.3 0.8 -0.5 -0.5 -0.5 -0.5 -0.5 -0.5 -0.5 -0.5 -0.5 -0.5 -0.5 -0.5 -0.5 -0.5 -0.5 -0.5 -0.5 -0.5 -0.5 -0.5 -0.5 -0.5
212.1 237.5 260.1 265.3 265.7 263.9 260.6 255.6 248.2 240.9 234.5 231.2 231.8 234.3 237 241 246.8 247.3 247.7 246.5 245.8 245.5 246.7 244.6 243.1 240.5 237.8 237.3 236.9 237 237.2 238.3 237.3 236.7 236 238.9 247 253.8 260.4 261.6 248.6 216.7 184.7 154.2 123.6 90.8 65.2 38.6 23.1 17.2 15 15 16.7 16.8 19.2 22.3 27.9 28.2 24.4 18.9 14.3 12.3 -0.5 -0.5 -0.5 -0.5 -0.5 -0.5 -0.5 -0.5 -0.5 -0.5 -0.5 -0.5 -0.5 -0.5 -0.5 -0.5 -0.5 -0.5 -0.5 -0.5 -0.5 -0.5
197.4 217.3 238.2 247.2 251 251.4 250.9 245.6 238.1 228.7 221 218.3 218.7 221 222.1 223.8 226.3 228.3 228.6 227.2 226.5 226.4 227.5 228.5 229 227.1 225 225.1 224.9 225.7 225.7 227.5 226.4 224.5 223.7 225.9 231.8 240.4 248.6 253.7 249.8 225.4 193.3 163.1 131.5 102.2 73.7 44.1 24.5 18.8 15 16.6 18.1 19.1 23 25.8 31.4 30.3 25.9 21 16.4 14.3 12.8 11.4 -0.5 -0.5 -0.5 -0.5 -0.5 -0.5 -0.5 -0.5 -0.5 -0.5 -0.5 -0.5 -0.5 -0.5 -0.5 -0.5 -0.5 -0.5 -0.5 -0.5
113 170.1 200.9 202.5 214.4 222 228.9 232.6 229.1 219.5 212.3 207.7 206.7 207.5 206.9 205.2 208.1 208.8 208.4 207.8 207.9 210.4 213.6 215.5 214.6 214 213.3 213.1 212.9 213.2 213.9 214.4 213.4 212.1 211.1 211.9 218 227.1 236.4 249.2 249.6 233.7 204.6 172 143.2 114.3 84.2 53.6 28.8 18.3 15 15 17.7 20.8 25.6 29.7 33.8 32.8 27.7 22.7 18.5 15.6 14.4 14.2 12.5 12.1 5 -0.5 -0.5 -0.5 -0.5 -0.5 -0.5 -0.5 -0.5 -0.5 -0.5 -0.5 -0.5 -0.5 -0.5 -0.5 -0.5 -0.5
34.1 50 78.7 106.8 159.3 171.7 173.3 180.3 185.8 197.9 200.4 196.8 194.5 190.5 192.3 187.1 187.6 187.8 189 191.7 194.8 197.2 199.8 202.2 201.6 200.7 200.4 199.8 200 201.2 201.4 200.7 198.5 197.8 196.8 198.4 205.3 215.3 227.3 243.8 249.5 237.1 217.7 184.4 154.3 124.3 97.5 64.7 35.4 20.8 15 15 17.3 21 27.5 32.2 38.8 38.5 32 25.7 20.7 17.5 15.9 14.8 13.3 14.3 10.5 -0.5 -0.5 -0.5 -0.5 -0.5 -0.5 -0.5 -0.5 -0.5 -0.5 -0.5 -0.5 -0.5 -0.5 -0.5 -0.5 -0.5
-0.5 0.7 16.5 16.4 40.5 65.4 114.9 139.9 150.9 159.7 163.4 162.9 164.8 168.4 166.9 165 166.7 170.9 174.4 179.2 182.8 184.6 186.6 188.1 188.7 186.8 187 187.3 187.6 187.5 187 187.7 185.6 184.3 184.1 185.3 192.9 203.6 220.3 235.3 243 235.3 225.9 197.9 169 139.6 110.6 76.2 43.5 24.5 16.2 15 15.6 19.7 26.1 32.4 38.7 41.2 35.9 28.6 23.1 19.1 16.8 15.3 12.8 13.2 10 -0.5 -0.5 -0.5 -0.5 -0.5 -0.5 -0.5 -0.5 -0.5 -0.5 -0.5 -0.5 -0.5 -0.5 -0.5 -0.5 -0.5
-0.5 -0.5 -0.5 -0.5 -0.5 11.8 50.8 78.6 118.5 126.5 132.1 133.4 137.7 146.8 151.1 147.7 150.4 154.7 159.3 163.7 166.5 169.3 171.2 173.1 173.5 173.1 171.3 172.5 173.1 173.3 172.5 173.2 173.1 171.7 169.7 172 178 190.6 207.2 221.2 235.3 231.7 225.2 208.2 181.5 152.2 123.4 88.9 53.2 30.2 19 15.1 17 18.6 23.2 30.3 38.5 41.2 37.9 32.2 27.3 20.9 17.4 14.6 -0.5 -0.5 7.5 -0.5 -0.5 -0.5 -0.5 -0.5 -0.5 -0.5 -0.5 -0.5 -0.5 -0.5 -0.5 -0.5 -0.5 -0.5 -0.5 -0.5
-0.5 -0.5 -0.5 -0.5 -0.5 -0.5 -0.5 16.3 25.6 35.8 94.6 101.3 100.3 110.4 121.2 127 133 137.2 140.5 144.1 147.8 150.4 153.4 156.6 156.4 155.2 153.7 152.1 154.9 157.7 157.5 157.3 158.6 157.4 155.2 157.9 165.1 178.6 192.1 207 222.1 222.4 217.1 208.4 193.9 165.7 137.4 101.9 64.9 39.3 23.7 17.7 17.7 17.8 20 30 38.5 41.2 40.1 35.5 31.1 25.2 18.5 -0.5 -0.5 -0.5 0.8 -0.5 -0.5 -0.5 -0.5 -0.5 -0.5 -0.5 -0.5 -0.5 -0.5 -0.5 -0.5 -0.5 -0.5 -0.5 -0.5 -0.5
-0.5 -0.5 -0.5 -0.5 -0.5 -0.5 -0.5 -0.5 -0.5 -0.5 -0.5 45.1 74.3 78.9 85.9 94.6 108.8 116.4 119.3 122.4 126.3 129.3 131.5 134.6 134.7 135.7 134.8 131.2 134.5 135.9 137.7 139.8 142 142.2 140.4 144 152.1 165.1 177 190.8 206.4 208.6 206.8 202.1 195.3 180.7 150.7 117.1 78.8 49.8 29.6 20.3 17.9 18 19 27.1 37.4 41.2 41 37.6 33.6 28.9 22.6 -0.5 -0.5 -0.5 -0.5 -0.5 -0.5 -0.5 -0.5 -0.5 -0.5 -0.5 -0.5 -0.5 -0.5 -0.5 -0.5 -0.5 -0.5 -0.5 -0.5 -0.5
-0.5 -0.5 -0.5 -0.5 -0.5 -0.5 -0.5 -0.5 -0.5 -0.5 -0.5 -0.5 8 61.4 67 72.1 82.4 93.7 98.5 100.1 104.3 106.6 107.4 109.4 111.1 111.5 108.7 108.9 109.5 112.4 116.2 118.6 120.8 123.2 124.1 128.9 137.7 148.3 158.5 169.7 183.9 191.7 191.7 193.3 192.4 185.3 164.8 130.6 91.8 59 36.4 24.1 19.3 19 18.8 24.7 33.9 41.2 41.2 39.2 36.7 31.9 26.5 22.9 -0.5 -0.5 -0.5 -0.5 -0.5 -0.5 -0.5 -0.5 -0.5 -0.5 -0.5 -0.5 -0.5 -0.5 -0.5 -0.5 -0.5 -0.5 -0.5 -0.5
-0.5 -0.5 -0.5 -0.5 -0.5 -0.5 -0.5 -0.5 -0.5 -0.5 -0.5 -0.5 -0.5 -0.5 33.9 69.4 74.5 80.6 83.5 86.2 89 90.3 87.8 91.3 93.2 94 91.6 91.5 91.6 92 92.7 96.4 100.2 102.3 105.8 110.4 118.9 128.8 138.9 148.8 159.3 166.7 172.7 179.4 184.3 182 170.4 141.7 102.8 70.1 46.3 30.8 23.3 21 20.5 25.4 30.8 40.3 41.1 41 38.9 35.9 31.9 29.4 -0.5 -0.5 -0.5 -0.5 -0.5 -0.5 -0.5 -0.5 -0.5 -0.5 -0.5 -0.5 -0.5 -0.5 -0.5 -0.5 -0.5 -0.5 -0.5 -0.5
-0.5 -0.5 -0.5 -0.5 -0.5 -0.5 -0.5 -0.5 -0.5 -0.5 -0.5 -0.5 -0.5 -0.5 -0.5 29.6 72.4 73.5 76.3 76.1 78.7 81 78.1 80 82.8 81 78.4 76.6 76.8 75.2 77.6 79.7 82.8 84.3 88.3 93.9 99.7 108.1 117.4 128.1 137.1 145 151.6 159.7 170.4 171.7 166.1 149.7 116.7 82 56 40.2 28 23.4 22.7 26 28.7 34.4 40.9 41 40.3 39 37.2 36.1 36.7 32 32.5 33.3 -0.5 -0.5 -0.5 -0.5 -0.5 -0.5 -0.5 -0.5 -0.5 -0.5 -0.5 -0.5 -0.5 -0.5 -0.5 -0.5
-0.5 -0.5 -0.5 -0.5 -0.5 -0.5 -0.5 -0.5 -0.5 -0.5 -0.5 -0.5 -0.5 -0.5 -0.5 -0.5 33.9 66.8 74.6 73.1 72.6 74.9 73.5 73.2 75.1 72.5 69.6 68.7 68.1 65.3 66.7 68.2 69.8 71.9 75.1 77.1 79.6 87.7 98.2 108.9 117.9 125.8 133.4 140.9 149.7 156.2 155.2 148.4 128.2 95.2 66.8 49.1 36.2 28.9 26.1 27.4 28.5 32.1 40 41.2 41.2 41.1 41.1 38.9 37.3 36.1 33.9 -0.5 -0.5 -0.5 -0.5 -0.5 -0.5 -0.5 -0.5 -0.5 -0.5 -0.5 -0.5 -0.5 -0.5 -0.5 -0.5 -0.5
-0.5 -0.5 -0.5 -0.5 -0.5 -0.5 -0.5 -0.5 -0.5 -0.5 -0.5 -0.5 -0.5 -0.5 -0.5 -0.5 -0.5 16.6 74.6 70.2 68.9 68.2 68.5 68.7 69 65.9 62.9 61.6 60.9 59.8 59.9 60.4 62.5 63.7 65.7 66.4 67.8 72.6 79.8 89.7 99.1 106.4 114.7 123.5 131.1 140.1 142.2 139.7 133.3 107.4 81.6 58.4 42.8 34.1 30.5 30.1 30 32.4 38.3 41 40.8 40.4 40.9 41.2 37.4 35.8 32.4 -0.5 -0.5 -0.5 -0.5 -0.5 -0.5 -0.5 -0.5 -0.5 -0.5 -0.5 -0.5 -0.5 -0.5 -0.5 -0.5 -0.5
-0.5 -0.5 -0.5 -0.5 -0.5 -0.5 -0.5 -0.5 -0.5 -0.5 -0.5 -0.5 -0.5 -0.5 -0.5 -0.5 -0.5 6.6 71 68.8 67.7 67.9 68 67.9 64.6 62 59.4 58.3 58.1 58 57.9 57.9 58.8 60 59.2 58.3 58.6 60.1 66.5 75.6 83.8 89 97.5 105.6 114.4 123.4 128.8 129.5 126.7 115.7 89.6 68.8 52.7 41.1 36.1 34.3 32.3 34.9 38.8 39.7 40.6 40.2 40.2 -0.5 -0.5 31.2 -0.5 -0.5 -0.5 -0.5 -0.5 -0.5 -0.5 -0.5 -0.5 -0.5 -0.5 -0.5 -0.5 -0.5 -0.5 -0.5 -0.5 -0.5
