data/HU38.asc
ncols 200
nrows 200
xllcorner 430000
yllcorner 1180000
cellsize 50
[rows 36 to 71 of 200, columns 0 to 81 of 200]
-0.9 -0.9 -0.9 -0.9 -0.9 -0.9 -0.9 -0.9 -0.9 -0.9 -0.9 -0.9 -0.9 -0.9 -0.9 -0.9 -0.9 -0.9 -0.9 -0.9 -0.9 -0.9 62.1 73.3 79.4 88.9 100.8 112.6 126.8 131.3 134.3 137.2 140.5 141 141.5 141.5 141.1 140.7 139.4 139.1 139.1 139.1 140.6 142.5 144.1 145.8 146.3 146.4 147.8 147.7 144.2 141.3 141.3 141.3 141.3 141.3 141.3 141.3 141.3 144.4 150.8 153.7 153.4 152.5 150.6 148.8 146.9 145.1 143.4 141.6 139.8 137.7 136.7 135.5 134.7 134.7 134.7 134.7 134.7 134.7 134.7 134.7
-0.9 -0.9 -0.9 -0.9 -0.9 -0.9 -0.9 -0.9 -0.9 -0.9 -0.9 -0.9 -0.9 -0.9 -0.9 -0.9 -0.9 -0.9 -0.9 -0.9 -0.9 -0.9 63.6 71.9 77.9 88.1 99.9 111.8 123.7 131.6 134.6 138 139 138.9 138.6 139 139.1 139.1 139.1 139.1 139.1 139.1 140.7 142.6 144.6 146.9 146.7 147.8 148.8 150.8 145.6 141.3 141.3 141.3 141.3 141.3 141.3 141.3 141.3 142.9 150.1 151.8 151.9 151.4 149.9 148.5 147 145.3 143.5 141.7 139.7 138.6 137.4 136.3 135.2 134.8 134.7 134.7 134.7 134.7 134.7 134.8
-0.9 -0.9 -0.9 -0.9 -0.9 -0.9 -0.9 -0.9 -0.9 -0.9 -0.9 -0.9 -0.9 -0.9 -0.9 -0.9 -0.9 -0.9 -0.9 -0.9 -0.9 -0.9 -0.9 70.4 76.4 87.3 99.1 111 122.8 132.1 134.8 137.7 137.3 136.7 137.4 138.4 139 139.1 139.1 139.1 139.1 139.1 141.2 143.5 145.9 148.3 147.4 148.8 149.7 148.7 143.8 141.4 141.3 141.3 141.3 141.3 141.3 141.3 141 147.3 150.2 150.9 150.9 150.1 148.6 147.1 145.7 144.2 142.7 141.3 140.5 139.4 138.4 137.3 136.4 136.2 135.5 134.7 134.7 134.7 134.7 134.8
-0.9 -0.9 -0.9 -0.9 -0.9 -0.9 -0.9 -0.9 -0.9 -0.9 -0.9 -0.9 -0.9 -0.9 -0.9 -0.9 -0.9 -0.9 -0.9 -0.9 -0.9 -0.9 -0.9 68.6 79.1 91.9 102.1 112.3 124 129.8 132.8 135.6 135 135.2 136.1 137.1 138.1 139.1 139.1 139.1 139.1 139.2 141.6 143.8 145.3 146.8 149.2 150.4 151 148.2 144.8 141.4 141.3 141.3 141.3 141.1 142.6 143.3 144.1 147.8 149.6 149.8 148.8 147.9 146.6 145.2 143.7 142.2 142.1 142 141.6 140.4 139.3 138.2 137.8 137.4 136.5 136.4 134.7 134.7 134.7 134.7
-0.9 -0.9 -0.9 -0.9 -0.9 -0.9 -0.9 -0.9 -0.9 -0.9 -0.9 -0.9 -0.9 -0.9 -0.9 -0.9 -0.9 -0.9 -0.9 -0.9 -0.9 -0.9 22.5 67.4 86.1 102.2 111.3 121.2 128.5 127.9 130.7 133.4 133 133.9 134.9 135.9 136.9 137.8 138.8 139.1 139.1 139.3 140.3 141.8 143.3 144.8 147.4 150 150.7 147.3 144.2 141.4 141.3 141.3 141.3 141.7 143.8 145.8 147.4 149.7 148.7 147.4 146.5 145.5 144.5 143.3 143.2 143.1 143 142.8 142.7 141.4 140.2 139.5 139.1 139.5 140.2 138.1 136.7 135.4 134.7 134.7
-0.9 -0.9 -0.9 -0.9 -0.9 -0.9 -0.9 -0.9 -0.9 -0.9 -0.9 -0.9 -0.9 -0.9 -0.9 -0.9 -0.9 -0.9 -0.9 -0.9 -0.9 -0.9 79.5 79.4 92.7 111.8 121.5 128.7 129.6 129.7 129.1 131.2 131.7 132.7 133.7 134.7 135.8 136.6 137.4 139.1 139.1 139.6 140.4 141.2 141.9 142.9 143 142.7 145 144.2 141.3 141.3 141.3 141.3 141.3 142.2 144 145.7 147.1 148 146.5 145 144 143.1 142.2 141.8 141.6 141.5 141.4 141.3 141.4 140.9 140.4 141 141.4 141.8 141.8 139.9 138.6 137.3 136 134.7
-0.9 -0.9 -0.9 -0.9 -0.9 -0.9 -0.9 -0.9 -0.9 -0.9 -0.9 -0.9 -0.9 -0.9 -0.9 -0.9 -0.9 -0.9 -0.9 -0.9 -0.9 56.8 95 97.3 103.5 115.4 122.5 124.1 124.8 125.9 127.1 129.7 129.8 130.6 131.4 132.2 133 133.8 136 139.1 139.1 139.7 140 140.3 140.6 140.9 141.6 140.2 142.9 141.3 142.1 141.3 141.3 141.3 141.3 141.4 143.1 144.5 145.8 145.4 144 142.5 141.6 140.7 139.8 139.5 139.4 139.3 139.2 139.7 139.5 139.1 139.4 140.1 140.7 141.3 142 141.5 139.9 138.3 136.7 135.1
-0.9 -0.9 -0.9 -0.9 -0.9 -0.9 -0.9 -0.9 -0.9 -0.9 -0.9 -0.9 -0.9 -0.9 62.3 -0.9 -0.9 -0.9 -0.9 -0.9 95.9 91.1 97.5 97.5 101.6 111.4 116.2 118.6 120.1 121.1 123.3 128.9 127.3 127.9 128.7 129.5 130.3 132.2 135 135.5 137.8 137.3 137.6 137.9 138.2 138.5 140.5 139.8 140.9 144.4 144.9 141.3 141.3 141.3 141.3 141.2 141.9 143.2 144.5 143.9 142.1 140.2 139.3 138.4 137.5 137.2 137.2 137.1 137.6 137.9 137.5 138.9 139.4 140.1 140.7 141.4 142.1 142 140.7 139 137.2 135.4
-0.9 -0.9 -0.9 -0.9 -0.9 -0.9 -0.9 -0.9 -0.9 -0.9 -0.9 -0.9 -0.9 85.7 86.7 97.3 109.7 96.5 94.7 99.7 97.5 97.5 97.5 97.5 97.5 105.1 109.9 112.3 114.7 116.5 122.1 127.6 128.3 125.4 125.9 126.7 128.6 130.3 131.5 133.9 136.6 136.2 135.2 135.5 135.8 136.1 138.1 139.9 140.8 146 149.4 141.3 141.3 141.3 141.3 141 140.8 141.9 143.2 142.7 141.8 139.9 137.3 136.1 135.2 135 134.9 135.4 136.1 135.9 137.3 139.1 139.5 140.1 140.8 141.5 142.1 142.1 141.4 140 138.3 136.5
-0.9 -0.9 -0.9 -0.9 -0.9 2 -0.9 -0.9 -0.9 -0.9 31.1 71.5 98.4 104.4 105.1 116.3 111.8 105.1 103.1 101.1 99.4 98.5 97.5 97.5 97.5 99.4 103.7 106.3 109.4 114.9 120.8 126.3 129.7 125.4 123.5 124.3 125.7 127.4 130 132.7 135.4 135.5 133.9 133.1 133.4 133.7 135.7 138.2 140.8 143.4 144.3 141.3 141.3 141.3 141.1 140.8 140.5 140.6 141.9 141.3 140.5 139.6 137.2 134.5 133.5 133.5 133.5 134 134.3 135.4 138.9 139.2 139.6 140.2 140.9 141.5 142.2 142.2 141.5 140.8 139.3 137.6
-0.9 -0.9 -0.9 -0.9 -0.9 3.2 -0.9 -0.9 41.6 73.6 96 101.3 103.5 107.6 111.2 109.9 109.6 106 105.3 103.3 102.1 101 100.3 98.7 97.5 97.5 97.5 102.1 107.1 112.9 118.8 124.7 130.6 125.2 123.2 123.2 123.3 126.1 128.8 131.5 134.2 134.7 133.1 131.6 131 131.3 133.3 136.5 139.8 141.1 141.2 141.3 141.2 140.8 140.5 140.4 140.3 140 140.5 139.8 139.1 138 135.7 133.5 133.5 133.5 133.5 133.5 133.9 137.1 139.1 139.4 139.8 140.3 140.9 141.6 142.3 142.3 141.6 140.9 140.2 138.6
-0.9 -0.9 -0.9 -0.9 -0.9 47.1 82.2 111 107.9 112.9 111.5 109.3 108.6 109.6 109.7 109.7 109.7 109.3 107.5 105.8 104.8 103.9 106.5 108.8 100.8 97.9 100.4 99.4 107 113.7 120 125.4 126.9 123.2 123.2 123.2 123.2 124.9 127.6 130.3 133 133.9 132.3 130.8 129.2 128.9 131.5 135.2 138.8 141 143.7 144.9 142.1 140.2 139.8 139.7 139.6 139.5 139.2 137.9 136.7 135.6 133.6 133.5 133.5 133.5 133.5 133.5 134.4 138.9 139.2 139.6 140 140.3 141 141.7 142.3 142.3 141.7 141 140.3 139.6
-0.9 -0.9 -0.9 -0.9 -0.9 51 96 122.1 123.3 124.1 121.8 118.1 114.2 110.2 109.7 109.7 109.7 109.7 109.7 108.5 107.5 110.1 112.8 115.4 112.1 111.2 116.4 109.9 110.6 115.7 120.1 124.2 122.8 123.2 123.2 123.2 123.2 124.6 126.4 129.1 131.8 133.1 131.5 130 128.4 127.3 127.7 133.3 139.9 143.6 147.5 148.3 145.2 140.6 139.1 138.8 138.5 138.1 137.9 136.7 135.4 134.1 133.5 133.5 133.5 133.5 133.5 133.5 136.9 139 139.4 139.8 140.1 140.5 141.1 141.7 142.3 142.3 141.8 141.1 140.4 139.7
-0.9 -0.9 -0.9 -0.9 0.7 54.7 108.9 123.6 129.1 132.4 128.1 123.7 119.4 115 110.7 109.7 109.7 109.7 109.7 109.7 110.6 112.8 115.6 118.5 117.9 121.7 129.3 125.7 122.7 123.7 123.2 122.1 123.1 123.2 123.2 123.2 123.2 124.4 126.1 127.9 130.6 132.3 130.8 129.2 127.9 127.3 127.3 134.4 140 143 145.9 148.7 144.4 138.8 137.3 137.4 137.1 136.9 136.6 135.4 134.1 133.5 133.5 133.5 133.5 133.5 133.5 133.5 138.3 139.2 139.6 140 140.3 140.7 141.1 141.8 142.3 142.3 141.9 141.2 140.5 139.8
-0.9 -0.9 -0.9 4.8 63.8 91.8 124.5 129.6 134.7 138.7 134.3 130 125.6 121.3 119.3 118.3 113.5 109.7 110.4 109.7 112.9 115.6 118.4 119.6 118.9 118.6 125.2 126.7 128.6 126.4 123.7 122.9 123.2 123.2 123.2 123.2 123.2 124.1 125.8 127.7 129.5 131.5 130 129 128 127.3 127.3 135.2 140.9 141 141.1 143.1 139.7 137 135.5 135.1 135.7 134.5 135.2 134.1 133.5 133.5 133.5 133.5 133.5 133.5 133.5 134.2 137.9 140.9 140 140.1 140.5 140.9 141.2 141.9 142.3 142.3 142 141.3 140.6 140.2
-0.9 -0.9 38.1 86.1 117.7 128.3 130.8 135.1 140.2 144.1 140.6 136.2 131.9 129.7 128.4 127.3 121.6 113.7 114.1 120.6 119 118.3 121.2 120.7 120 119.3 120.9 122.7 124.8 125.8 124 123.2 123.2 123.2 123.2 123.2 123.2 124.5 126.2 127.8 129.5 131.3 129.9 128.9 127.9 127.3 127.3 135.2 140.9 141.1 140 139.3 137.3 135 133.6 133.5 133.5 133.5 133.5 133.5 133.5 133.5 133.5 133.5 133.5 133.5 133.5 135.9 137.5 141.6 142.8 141.7 140.7 141 141.4 141.9 142.3 142.3 142.1 141.4 141 140.3
-0.9 31.1 78.7 106.5 135.3 138.1 139.4 141.1 145.7 149.3 146.8 142.5 140.2 138.8 137.4 136.3 129.1 116.9 118.2 121.2 122.8 122.8 122.4 121.4 120.9 121.7 122.2 120.1 121.2 123 123.2 123.2 123.2 123.2 123.2 123.2 123.2 124.7 126.3 128.2 131 133.2 131.5 129.8 128.2 127.3 128 135.4 138.7 137.6 136.9 136.5 134.6 132.5 133.3 135.2 133.5 133.7 133.5 133.5 133.5 133.5 133.5 133.5 133.5 133.5 134.4 137.6 139 142.2 143.5 144.8 143.5 141.3 141.6 142 142.3 142.3 142.2 141.8 141.3 140.5
-0.9 69.4 103.6 131.6 143 144.7 146.7 148.6 149.7 154.5 153.1 150.7 149.3 147.9 146.5 144.4 132.4 122.8 123.9 126.7 126.9 124.2 123.4 124.2 124.9 125.7 126.5 125 121.9 122.9 123.2 123.2 123.2 123.2 123.2 123.2 123.2 124.8 127.6 130.4 133.1 135.1 133.4 131.7 128.9 127.7 128.2 132.3 135.1 134.4 134 133.6 132 131.3 131.6 133.1 132.7 133.1 133.5 133.5 133.5 133.5 133.5 133.5 133.5 133.5 133.5 139.2 140.6 142.6 144.1 145.4 146.7 145.3 143 142.1 142.3 142.3 142.3 142.3 141.4 141.6
14.9 76.2 123 148.3 148.3 149 149.2 149.5 149.3 156.9 159.9 157.7 155.6 153.4 150.4 146.9 135.2 128.9 129.3 132.1 133.7 129.7 127 126.5 126.4 128.2 130.1 131 126.3 123.2 123.2 123.2 123.2 123.2 123.2 123.2 124.2 127.2 129.7 132.5 135.3 137 135.3 132.3 129.3 128.1 128.2 130.7 132.3 131.7 131.1 130.8 130 130.1 130.2 131 131.7 132.6 132.6 133.8 134.5 135.7 133.5 133.5 133.5 133.5 133.5 139.6 141.5 143.3 145.8 147.5 148.7 148.1 144.9 142.3 142.3 142.3 142.3 141.9 141.4 142.5
26.5 72.8 114.9 155.1 156.8 150.5 150.4 150.3 150 157.8 158.9 158 155 151.5 148.1 144.6 141.1 136.9 134.3 135.4 139.5 133.7 131.7 130.5 130.1 130 129.8 131.5 128.6 123.2 123.2 123.2 123.2 123.2 123.2 123.2 128.2 133.1 134.7 136.3 137.9 138.7 135.7 132.7 129.7 128.8 128.8 129.4 130.3 130.4 129.8 128.9 128.2 128.6 129 130.8 131.3 131.6 130.2 131 130.7 132.3 133.8 133.5 133.5 133.5 136.1 138.5 141.8 145 148.6 149.4 149.8 148.6 145.2 142.3 142.3 142.3 142.2 142 141.4 143.2
48.5 92.3 134.4 158.6 157.1 151.3 150.7 150.3 152.8 159.5 158.5 157 154.7 151.3 147.8 144.9 143.1 140 139.6 137.5 141.1 137.6 136.4 135.2 134.1 133.7 133.6 130.3 131 131.6 124.8 123.2 126.4 131.1 126.4 127 132.8 137.4 137.5 136.5 135.7 137 133.2 130.6 128.1 126.5 125.4 127 128.8 129.3 127.7 125.6 125.9 126.2 125 127 129.6 127.6 127.6 127.3 127.1 128.5 130.3 132.8 132.3 133.3 136.3 139.5 143.5 146.8 148.9 149 148.8 147.2 144.7 142.3 142.3 142.2 142.1 142 142.1 143.9
60.7 107.1 145.5 163.3 157.1 151.2 150.3 150.3 150.3 158.8 157.5 156.1 154.5 151 148 146.2 144.4 142.6 141.6 142.1 142.5 142.3 141.1 139.9 138.8 137.6 136.5 131.2 139.6 136.5 130.7 130.8 132.7 137.5 135.5 136.5 137.3 133.3 131.3 131.2 132.2 133.1 130.6 128.3 125.8 123.5 120.1 120.6 122.8 129.8 126.1 119.2 121.7 121.8 119.5 121.1 120.9 122.2 123.9 123.7 123.4 124.8 127.5 130.2 131 132.7 135.8 139.8 143.9 146.9 148 147.9 146.8 145.2 143.6 142.3 142 141.9 141.8 141.7 142.2 143.5
78.6 119.4 152.8 159.5 154.6 150.3 150.3 150.3 150.3 154.2 154.4 154.7 153.7 151.1 149.3 147.5 145.7 143.9 142.7 142.8 142.8 142.8 142.1 141.3 140.6 139.8 141.3 137.1 139.3 138 137.1 136.7 136.6 137 138.1 137.5 134.2 131.3 128.8 128.2 128.1 128.9 128.2 125.7 123.3 121 116.5 115.3 115.1 114.6 114.4 114.4 115.9 116.3 114.4 114.4 119.1 120.8 120.4 119.8 119.7 121.9 124.4 127 129.9 132.1 136.1 139.7 143.1 144.7 146.6 146.5 144.9 143.4 142 141.7 141.5 140.9 140.8 140.6 141.2 142.9
91.5 136.9 153.4 157.9 153.6 150.5 150.3 150.3 150.3 151.6 152.5 153.3 154.1 152.9 151.1 149.3 147.5 145.7 143.9 142.8 142.8 143 142.2 141.4 140.7 139.8 141.6 143.1 139 137.3 136.7 136.6 136 137.5 138.6 136 132 129.1 129 128.3 126.9 125.5 125.6 123.1 120.1 117.2 114.4 114.4 114.4 114.4 114.4 114.4 114.4 114.4 114.4 114.4 117 118.7 116.9 115.5 115.9 118.4 120.9 122 124.8 130.3 135.1 138.7 141.7 143.3 144.7 144.8 143.5 142.1 140.7 140.5 140.3 140.1 139.7 139.9 140.3 142.3
120.1 148.4 156.3 157.2 154.5 151.6 150.3 150.7 154.8 157.5 156.6 156.4 156.9 155.1 153.3 151.5 149.8 148 146.2 144.6 145 145.1 143.1 141.5 140.8 138.8 141.2 141.4 137.6 136.6 136.6 136.4 134 136.3 138.5 134.5 130.1 128.9 130.1 129.4 128 126.6 125.2 122.7 120.2 117.9 115.1 114.4 114.4 114.4 114.4 114.4 114.4 114.4 114.4 114.4 114.8 115.1 113 111.7 112.4 114.6 117.7 119.3 120.2 125.8 131.7 136.3 139.8 141.4 142.1 142.5 141.6 140.4 139.2 139 138.9 138.7 138.6 138.9 139.2 140.6
148.5 155.4 157.2 155.1 152.7 150.3 152.5 155.7 158.8 158.8 158.8 158.5 158.6 157.4 155.6 153.8 152.1 150.3 148.5 147.5 147.6 147.3 146 142.7 140.9 137.9 138 136.6 136.6 136.6 136.6 133.9 132.5 132.5 132.5 130.3 128.8 129.4 133.5 131.4 129.7 128.3 127.1 124.9 121.9 119.1 116.6 114.6 114.4 114.4 114.4 114.4 114.4 114.4 114.4 114.4 113 111.6 109.7 109.3 109.3 111 113.4 117 119.2 124.7 127.9 130.9 134.5 138.1 139 139.5 139.4 137.6 136.8 136.6 136.5 136.6 136.7 136.9 137.2 138.7
159.6 157.9 155.1 152.9 150.6 151.3 154.5 157.6 157.8 157.4 157.1 157 157.3 157.7 157.1 155.8 154.4 152.6 150.8 150.4 150.3 149.5 148.2 146.2 141.8 136.9 136.6 136.4 134.9 134 132.5 132.5 132.5 132.7 132.5 129.8 128.8 132.8 136.5 133.8 131.8 130 129 127.1 124.1 120.4 117.6 116.8 114.8 114.4 114.4 114.4 114.4 114.4 114.4 112.7 111.5 110 109.3 109.3 109.3 109.3 109.2 111.7 117.7 120.6 123 125.6 129.1 132.7 134.7 135.1 135.4 134.6 134.4 134.5 134.6 134.7 134.8 135 135.3 136.8
159.6 157.3 154.3 151.3 150.3 151.9 154 155.3 156.1 155.8 155.4 155.8 156.1 156.4 156.9 156.6 155.4 154.1 152.3 151.3 150.3 149.7 148 145.5 141.5 137.5 136.6 135.7 134.1 132.5 132.5 132.5 132.5 134.4 136 130.9 130.7 136.7 138.7 136.1 135.2 136.9 133.8 129.6 127.4 125.2 121.8 119.3 117.9 118.3 115.3 114.9 115.5 116.7 116.1 113.2 110.8 109.5 110 109.3 109.3 109.3 109.3 109.3 110.7 112.3 115.5 120 124.2 127.4 129.9 130.9 131.2 131.5 132.5 132.6 132.7 132.8 132.9 133 133.3 134.9
161.3 156.4 152.2 150.3 150.3 150.9 153 153.1 154.4 154.1 154.1 154.6 154.9 155.2 155.6 156 156.2 154.9 151.9 149.8 148.8 148.8 147.7 144.7 140.9 138.4 138.8 137.9 136.3 134.8 134 135.5 136.3 136 138.2 134.4 140.1 140.3 139.4 137.4 138.6 142.4 140.3 136.5 132.9 129.3 129 126.3 124.4 123.9 120.1 119.5 122 121.5 119.7 116.3 111.9 110.1 109.5 109.3 109.3 109.3 109.3 109.3 109.3 109.3 109.3 113.7 119 122.7 125 126.7 126.9 127.2 128.7 130.2 130.9 131 131.1 131.2 131.4 133
161.7 156.6 151.9 150.3 150.5 151.1 151.6 151.8 152.3 152.5 152.9 153.3 153.6 153.9 154.3 154.8 155.2 154.8 151.5 148.3 148.2 148.2 146.7 143.9 140.4 140.5 141 140.1 138.5 137.1 137.6 140.2 141.5 140 140.8 144.4 146.3 144.9 141.3 139.4 144.9 143.6 140.7 138 134.8 131.4 129.5 129 129.3 128.7 125 124.4 126.4 124.7 121.9 117.9 112.7 110.7 109.1 109.3 109.3 109.3 109.3 109.3 109.3 109.3 109.3 109.7 114.4 118.5 121 122 122.7 122.9 124.4 125.9 127.3 128.8 129.2 129.3 129.5 131.1
162.4 158.8 156 153.6 151.6 151.3 151.6 151.6 151.6 151.6 151.7 152.1 152.4 152.6 153 153.5 154.3 153.3 150.9 148.3 147 147.4 147.6 144.7 142.2 142.7 143.1 142.4 140.8 139.4 141.2 143.8 146.4 146.4 147.8 150 150.1 150 149.9 149.9 147.7 145 142.3 139.6 136.4 135.8 134.2 132.6 133.2 131.6 129.7 128.8 129.1 127 123.1 119.5 114.7 110.4 109.9 109.3 109.2 109.3 109.3 109.3 109.3 109.3 109.3 109.3 110.6 113.6 116.7 117.2 118.5 118.6 120.1 121.6 123 124.5 126 127.4 127.5 128
163.1 161.3 160.9 158.5 155.1 151.7 151.6 151.6 151.6 151.6 151.6 151.6 151.6 151.6 152 152.7 153.4 151.9 149.5 147.1 145.2 146 147.3 148.7 146.1 144.8 145.1 144.6 143 142.2 144.8 147.4 151.7 154.7 153.9 154 153.7 153.7 153.6 153.4 152.5 149.6 145 141.1 139.1 138.9 138 137.3 135.9 134 132.2 131.9 131.7 128.6 124.8 119.9 117.6 113.7 111 111.3 109.6 109.3 109.3 109.3 109.3 109.3 109.5 109.2 110.9 111.4 112.4 112.5 113.6 114.4 115.8 117.2 118.7 120.2 121.8 123.5 125.1 125
164 162.6 161 157.7 154.5 151.6 151.6 151.6 151.6 151.6 151.6 151.6 151.6 151.6 151.4 151.8 152.5 150.4 148 145.7 144.8 144.8 145.9 148.2 148.9 147.7 147.2 146.6 145.4 145.8 148.4 153.8 159.8 159.9 156.7 157.5 157.4 157.3 157.1 157 156.3 155 151.9 147.2 142.1 140.1 139.5 139.1 138.4 136 136 136 134.6 131.3 127.9 123.9 118.9 116.8 119.8 118.4 111.8 110.9 109.9 109.5 109.3 109.3 109.3 109.5 109.9 109.1 109.3 109 110.1 110.8 112.2 113.9 115.6 117.5 119.3 120.8 122.1 122.3
164.9 163.4 160.1 156.8 153.5 151.6 151.6 151.6 151.6 151.6 151.6 151.6 151.6 151.6 151.6 151 151.4 149 146.5 144.8 144.8 144.8 144.8 147.1 148.9 147.8 148.9 148.7 147.9 150 154.4 156.3 160.3 160.9 159.5 160.3 161 160.9 160.7 160.6 160.1 158.9 157.6 154 148.9 143.8 143.2 143.3 143.4 139.3 139.9 140.1 136.9 133.6 130.4 126.9 125.9 122.8 119.9 117.5 114.5 113 112.5 112.2 111.5 110.1 109.7 109.3 109.3 109.3 109.3 109.3 109.3 109.3 109.7 111.5 113.3 115.1 116.4 117.8 119.1 119.4
165.7 164.3 160.8 157.3 154 151.6 151.6 151.6 151.6 151.6 151.6 151.6 151.6 151.6 151.6 151.5 150.2 148.3 146.5 144.8 144.8 144.8 144.8 147.9 148.9 148.9 148.9 148.9 148.1 144.8 150.5 155.6 159.3 159.9 161.4 163.3 164.2 164 164.3 164.1 164 162.7 161.1 159.4 157.1 152 150.3 149.4 148.5 144.8 145.1 143.1 139.5 136.2 132.9 129.5 128.3 126 121.4 118.6 116.7 115.4 115 114.7 112.7 110.1 109.7 109.3 109.3 109.3 109.3 109.3 109.3 109.3 108.4 109.2 110.7 112.1 113.4 114.8 116.2 116.6
166.5 165.8 162.7 159.6 156.5 153.3 151.6 151.6 151.6 151.6 151.6 151.6 151.6 151.6 151.6 151.1 150.8 149.3 146.8 145 144.8 144.8 146.2 148.9 148.9 148.9 148.9 148.9 146 144.8 150.1 154.9 158.4 159.8 162.2 164.5 166.8 166.9 166.9 167.8 167.6 165.8 163.9 162.1 160.2 159.4 157.5 155.8 153.9 151.5 151.3 147 142.6 138.8 134.8 131.9 130.4 127.6 123.5 119.7 117.9 117 117.1 116.7 113.6 109.9 109.4 109.3 109.3 109.3 109.3 109.3 109.3 109.3 109.3 109.3 108.5 109.1 110.4 111.8 113.2 113.7
