data/HU39.asc
ncols 200
nrows 200
xllcorner 430000
yllcorner 1190000
cellsize 50
[rows 152 to 189 of 200, columns 84 to 167 of 200]
-0.9 -0.9 -0.9 -0.9 -0.9 -0.9 -0.9 -0.9 -0.9 -0.9 -0.9 -0.9 -0.9 -0.9 -0.9 -0.9 -0.9 -0.9 -0.9 -0.9 -0.9 -0.9 -0.9 -0.9 -0.9 -0.9 -0.9 -0.9 -0.9 -0.9 -0.9 -0.9 27.9 32.6 34.4 22.2 20.7 36.9 45.5 55.4 61 73.5 79.5 77.1 74.8 68.6 61.6 54.8 50.5 48.8 44.9 40.7 37 37 37 38.1 43.9 47.8 55.2 65.7 69.5 71.7 75 76.1 74.7 74.9 78.2 80 81.6 81.5 81.4 81.7 84.5 88.9 89.7 81.7 72.9 63.5 58 45.9 -0.9 -0.9 -0.9 -0.9
-0.9 -0.9 -0.9 -0.9 -0.9 -0.9 -0.9 -0.9 -0.9 -0.9 -0.9 -0.9 -0.9 -0.9 -0.9 -0.9 -0.9 -0.9 -0.9 -0.9 -0.9 -0.9 -0.9 -0.9 -0.9 -0.9 -0.9 -0.9 -0.9 -0.9 -0.9 -0.9 -0.9 -0.9 16.6 12.1 9.7 33.1 39.8 47.5 50.2 68.3 76.5 73.7 70.8 68.5 61.3 53.7 51.1 49.6 45.7 41.4 37 37 37 37 38.6 43.1 48.7 58.4 64.6 68.4 70.9 72.6 71.4 69.5 71.8 76 77 77 76.5 78 79.9 84.4 83.5 73.4 62.2 55.4 50.9 47.7 29.8 -0.9 -0.9 -0.9
-0.9 -0.9 -0.9 -0.9 -0.9 -0.9 -0.9 -0.9 -0.9 -0.9 -0.9 -0.9 -0.9 -0.9 -0.9 -0.9 -0.9 -0.9 -0.9 -0.9 -0.9 -0.9 -0.9 -0.9 -0.9 -0.9 -0.9 -0.9 -0.9 -0.9 -0.9 -0.9 -0.9 -0.9 -0.9 -0.9 -0.9 20 -0.9 19.6 35.3 60.6 68.5 71.1 70.6 66.6 60.7 56.1 53.2 50.5 46.1 41.6 37.1 37 37 37 38 40.5 47 54.2 61.4 66 68.8 69.1 68.8 68.1 69.3 71.6 73.3 72.5 71.6 71.4 74.9 77.9 75.1 63.3 51.3 47 43.3 40.2 20.7 -0.9 -0.9 -0.9
-0.9 -0.9 -0.9 -0.9 -0.9 -0.9 -0.9 -0.9 -0.9 -0.9 -0.9 -0.9 -0.9 -0.9 -0.9 -0.9 -0.9 -0.9 -0.9 -0.9 -0.9 -0.9 -0.9 -0.9 -0.9 -0.9 -0.9 -0.9 -0.9 -0.9 -0.9 -0.9 -0.9 -0.9 -0.9 -0.9 -0.9 0.5 -0.9 -0.9 39.6 52.9 61.5 64.3 64.8 64.2 60.2 57.1 54.3 51.1 47.2 42.5 37.3 37 37 37.8 42.2 47.5 48.1 51.4 60.6 64.9 68.1 68.1 68.1 68.1 68.4 70.5 71.7 69.2 67.2 65.8 68.1 67.7 63.5 50.6 43.4 37.7 34.8 31.6 17.3 -0.9 -0.9 -0.9
-0.9 -0.9 -0.9 -0.9 -0.9 -0.9 -0.9 -0.9 -0.9 -0.9 -0.9 -0.9 -0.9 -0.9 -0.9 -0.9 -0.9 -0.9 -0.9 -0.9 -0.9 -0.9 -0.9 -0.9 -0.9 -0.9 -0.9 -0.9 -0.9 -0.9 -0.9 -0.9 -0.9 -0.9 -0.9 -0.9 -0.9 -0.9 -0.9 -0.9 31.7 46.5 51.1 57.2 60.9 62.6 59.6 56.2 54.5 51.5 48.3 43 37.1 37 37 49 55.5 53.2 53.4 52.1 61.8 66.6 68.3 68.1 68.1 68.1 68.1 69.1 69.1 66.2 64.2 62.3 59 57.7 54.6 43.2 38.7 35 29.3 19.4 -0.9 -0.9 -0.9 -0.9
-0.9 -0.9 -0.9 -0.9 -0.9 -0.9 -0.9 -0.9 -0.9 -0.9 -0.9 -0.9 -0.9 -0.9 -0.9 -0.9 -0.9 -0.9 -0.9 -0.9 -0.9 -0.9 -0.9 -0.9 -0.9 -0.9 -0.9 -0.9 -0.9 -0.9 -0.9 -0.9 -0.9 -0.9 -0.9 -0.9 -0.9 -0.9 -0.9 -0.9 -0.9 34.7 39.1 48.6 61 61.9 58.9 55.4 53.4 51.8 48.2 42.6 37 37 37.5 61.3 65 61.3 63.8 68.3 63.8 68.6 68.1 68.1 68.1 68.1 67.7 67.7 66.4 63.5 61.2 58.4 54.4 51.1 47.5 39.4 38.7 39.4 31.3 22.4 -0.9 -0.9 -0.9 -0.9
-0.9 -0.9 -0.9 -0.9 -0.9 -0.9 -0.9 -0.9 -0.9 -0.9 -0.9 -0.9 -0.9 -0.9 -0.9 -0.9 -0.9 -0.9 -0.9 -0.9 -0.9 -0.9 -0.9 -0.9 -0.9 -0.9 -0.9 -0.9 -0.9 -0.9 -0.9 -0.9 -0.9 -0.9 -0.9 -0.9 -0.9 -0.9 -0.9 -0.9 -0.9 22.4 35.9 48.1 61.1 61.3 58 54.6 52.3 51.3 48.1 42.5 37 37 37.9 72.4 81.1 77 78.7 81.3 75.2 72.5 69.5 68.1 68.1 68.2 67.6 66.8 64.2 61.3 58 55 52 47.2 41.4 40 42.3 46.5 36.8 -0.9 -0.9 -0.9 -0.9 -0.9
-0.9 -0.9 -0.9 -0.9 -0.9 -0.9 -0.9 -0.9 -0.9 -0.9 -0.9 -0.9 -0.9 -0.9 -0.9 -0.9 -0.9 -0.9 -0.9 -0.9 -0.9 10.3 -0.9 -0.9 -0.9 -0.9 -0.9 -0.9 -0.9 0.9 -0.9 -0.9 -0.9 -0.9 -0.9 -0.9 -0.9 -0.9 -0.9 -0.9 -0.9 -0.9 34.6 45.3 57.4 59.2 57.2 53.7 51.2 50.7 46.8 41.3 37.1 37 40.5 75.7 87.1 85.4 89 91.3 88.2 77.1 72.2 69.9 70 70.6 69.9 69.1 66.5 63.2 59 53.3 49.9 46.9 46.2 44.9 47.8 52 40.4 -0.9 -0.9 -0.9 -0.9 -0.9
-0.9 -0.9 -0.9 -0.9 -0.9 -0.9 -0.9 -0.9 -0.9 -0.9 -0.9 -0.9 -0.9 -0.9 -0.9 -0.9 -0.9 -0.9 -0.9 -0.9 -0.9 37.7 -0.9 -0.9 -0.9 -0.9 -0.9 -0.9 -0.9 32.6 -0.9 -0.9 -0.9 -0.9 -0.9 -0.9 -0.9 -0.9 -0.9 -0.9 -0.9 -0.9 24.7 37.7 53 57.3 53.3 51 51.5 47.4 40.7 36.1 32.6 32.6 44.6 83.9 93.9 93.2 96.3 97.6 94.6 88.8 76 75.2 74.9 74.8 72.9 71.4 68.3 64.6 60.4 54.6 49.7 49.4 50.2 51.5 52.1 50.3 -0.9 -0.9 -0.9 -0.9 -0.9 -0.9
-0.9 -0.9 -0.9 -0.9 -0.9 -0.9 -0.9 -0.9 -0.9 -0.9 -0.9 -0.9 -0.9 10.9 -0.9 -0.9 -0.9 -0.9 -0.9 -0.9 -0.9 54.2 -0.9 -0.9 -0.9 -0.9 -0.9 -0.9 45.2 53.5 39.3 -0.9 -0.9 -0.9 -0.9 -0.9 -0.9 -0.9 -0.9 -0.9 -0.9 -0.9 -0.9 29.5 49.2 52.9 49.5 47.9 47 40.9 35.5 31.5 29.8 33.2 48.8 80.1 98.9 100.5 104.7 105 102.5 96.9 83.9 81.2 80.4 77.6 76.1 76 69.6 65.9 61.7 55.9 51.8 51 52.5 54.1 55.5 49.2 -0.9 -0.9 -0.9 -0.9 -0.9 -0.9
-0.9 -0.9 -0.9 -0.9 -0.9 -0.9 -0.9 -0.9 -0.9 -0.9 -0.9 -0.9 -0.9 18.6 -0.9 -0.9 -0.9 -0.9 -0.9 -0.9 48 62.9 -0.9 -0.9 -0.9 -0.9 53.6 65.3 60.4 59.6 46.5 -0.9 -0.9 -0.9 -0.9 -0.9 -0.9 -0.9 -0.9 -0.9 -0.9 -0.9 -0.9 21.1 41.9 47.4 46 43.1 41.1 34.9 30.4 27.5 28.3 33.8 45.5 66.6 97.8 106.1 109.2 111.2 111 105.7 93.1 90.9 86.4 83.2 82.1 81.6 76.3 68.1 63.1 57 54 52.8 54.7 57.1 60.1 56.4 -0.9 -0.9 -0.9 -0.9 -0.9 -0.9
-0.9 -0.9 -0.9 -0.9 -0.9 -0.9 -0.9 -0.9 -0.9 -0.9 -0.9 10.1 14.2 21.3 21.9 -0.9 -0.9 -0.9 -0.9 47.7 60.7 67 79.1 -0.9 -0.9 -0.9 71.6 69.6 64.6 60.6 47.8 -0.9 -0.9 -0.9 -0.9 -0.9 -0.9 -0.9 -0.9 -0.9 -0.9 -0.9 -0.9 -0.9 35.7 40.8 41 37.8 35.2 29.8 25.4 26.9 28.4 31 42.8 71.3 95.1 103.7 108.7 112.1 119.3 113.1 99.5 97.2 93.5 89.4 91.4 89.2 83.1 75 66.4 60.4 57.1 56 57.8 60 60.8 58.4 36.2 -0.9 -0.9 -0.9 -0.9 -0.9
-0.9 -0.9 -0.9 -0.9 -0.9 -0.9 -0.9 -0.9 8.7 9.2 8.6 9.5 18.1 21.4 -0.9 -0.9 -0.9 18.9 39.6 49.2 54.9 66.6 78.4 89.3 92 65 72.6 68.6 66.2 66.5 49.2 -0.9 -0.9 -0.9 -0.9 -0.9 -0.9 -0.9 -0.9 -0.9 -0.9 -0.9 -0.9 -0.9 26.4 36.1 36.7 33.6 29.3 23.3 23.5 27.3 28.5 30.2 43.4 84.4 99.1 105.7 109.4 115.1 120.2 119.8 108.8 109.3 103.7 99.1 100.7 97 88.8 77.2 71.5 66.4 62.2 59.7 61.6 61.3 62.4 62.9 50.2 -0.9 -0.9 -0.9 -0.9 -0.9
-0.9 -0.9 -0.9 -0.9 -0.9 -0.9 -0.9 -0.9 5.8 8.7 8.1 8.3 23.4 30.2 -0.9 -0.9 -0.9 16.4 37.4 44.2 49.9 66.6 74.7 80.4 89.3 82 71.6 66.1 63.7 63.8 43.7 -0.9 -0.9 -0.9 -0.9 -0.9 -0.9 -0.9 -0.9 -0.9 -0.9 -0.9 -0.9 -0.9 19.1 31.2 30.2 27.2 23.2 19.3 21.9 28 29.7 32.2 57.4 85.5 99.4 106.2 109.8 115.3 120.6 119.3 115 118.2 109.1 110 111.2 109.3 96 84.1 76.1 70.7 68 66.3 65.5 64 65 63.3 49.2 -0.9 -0.9 -0.9 -0.9 -0.9
-0.9 -0.9 -0.9 -0.9 -0.9 -0.9 -0.9 -0.9 1 4.1 8 9.5 23.1 35.9 -0.9 -0.9 -0.9 11.8 25.6 40.4 45.4 54.5 64.6 71.7 81 76.2 67.5 63.3 61.1 61 45.2 23.7 -0.9 -0.9 -0.9 -0.9 -0.9 -0.9 -0.9 -0.9 -0.9 -0.9 -0.9 -0.9 19.5 25.8 23.4 20 19 21.2 31.3 33.6 36.8 40.5 67.9 89.4 101.6 106.1 111 118.6 119.4 117.5 117.7 119.8 110.4 117.8 120 117.9 102.6 92.7 81.8 75.7 73.3 70 68 65.7 60.3 60.4 -0.9 -0.9 -0.9 -0.9 -0.9 -0.9
42.3 -0.9 -0.9 -0.9 -0.9 -0.9 -0.9 -0.9 5.1 4.5 5.8 12.9 33.7 41 -0.9 -0.9 -0.9 5.5 15 28.1 39.5 44.5 54.9 63.1 72.9 69.5 62.8 59 59.5 56.5 40.5 -0.9 -0.9 -0.9 -0.9 -0.9 -0.9 -0.9 -0.9 -0.9 -0.9 -0.9 -0.9 -0.9 21.2 21.2 18 10.9 21.4 29.4 38.5 42.5 41.6 49 76.2 87.9 101.2 105.9 109.3 112.9 114.5 116.6 118.3 119.6 119.1 121.3 121 119 109.2 98.6 87.2 80.5 73.6 69.3 70.8 63.6 47.2 33.3 -0.9 -0.9 -0.9 -0.9 -0.9 -0.9
47.5 35.6 -0.9 -0.9 -0.9 -0.9 -0.9 -0.9 8.8 7.9 10.1 30.1 47.1 42.5 -0.9 -0.9 -0.9 7.9 20.1 39.2 42.7 44.6 54.9 63.8 70 63.2 58.9 58.7 58.3 54.8 34.6 -0.9 -0.9 -0.9 -0.9 -0.9 -0.9 13 -0.9 -0.9 -0.9 -0.9 -0.9 -0.9 18.7 17.2 12.5 9.2 30.4 38.7 44.1 47.4 46.5 54.7 78.7 96.9 101.9 102.5 105.4 108.7 111.8 114.8 118 120.1 119.9 121.6 121.5 118.3 108.9 102.6 91.2 80.1 73.1 70.3 65.7 58.3 45.6 24 -0.9 -0.9 -0.9 -0.9 -0.9 -0.9
52.9 42 -0.9 22 13.9 11.4 13.9 9.5 9.3 13.2 26.9 38.3 49.2 36.9 -0.9 -0.9 -0.9 16.5 20.4 48.5 53.5 50.5 57.1 68.7 68.2 60.7 58.9 59 53.3 45.5 24.7 -0.9 -0.9 -0.9 -0.9 19.1 34 23.1 -0.9 -0.9 -0.9 -0.9 -0.9 -0.9 -0.9 -0.9 1.1 9.9 33.1 45.4 48.4 48.9 51.4 62 81.5 100.4 100.7 100.1 101.3 106.8 110.9 112.7 116.6 120.4 120.8 119.3 116.9 112.2 103.1 96.7 88.2 79.1 73.3 68.2 58.6 49.8 41 24.9 -0.9 -0.9 -0.9 -0.9 -0.9 -0.9
57.9 45.7 35.3 26 19.7 20.5 19.5 13.3 15.8 22.6 37.4 49.5 47.8 34.6 28.5 42.8 33.9 30.6 39.9 59.5 65.9 60.1 64.1 70.6 66.7 59.5 57 58.6 50.3 36.7 19.9 -0.9 -0.9 -0.9 -0.9 35 43.3 32.8 -0.9 -0.9 -0.9 -0.9 -0.9 -0.9 -0.9 -0.9 -0.9 9.7 34.3 42.2 49.7 49.2 51.8 67.1 84.9 95.9 98.6 97.1 98.3 105.4 111.4 111.2 111.8 112.3 110.2 111.4 107.1 100.7 96.3 92.9 89.8 78.8 70 63.3 52.1 40.8 23.7 -0.9 -0.9 -0.9 -0.9 -0.9 -0.9 -0.9
62.7 52.8 43.8 32.6 27.6 23.1 20.9 19.3 22.3 31.2 43.4 49.7 39.2 43.3 44 49.5 48.5 47.1 58.3 72.5 74.1 74.8 70.2 70.1 65.5 57.9 56.7 59.8 49.7 37.2 15.2 6.3 5.9 12.2 27.1 41.7 48.8 36.7 -0.9 -0.9 -0.9 -0.9 -0.9 -0.9 -0.9 -0.9 -0.9 -0.9 32.7 39.5 46.7 48.2 49.4 71.5 85.1 91.2 93.6 92.6 97.7 103.4 105 105.1 102.1 97.7 97.2 98.7 99.8 97.5 92.1 89.9 87.2 75.7 63.9 55.1 45.8 34.4 -0.9 -0.9 -0.9 -0.9 -0.9 -0.9 -0.9 -0.9
64.6 57.4 48.8 39.3 34 28.7 21.2 22.6 26.5 38.1 50.9 49.1 43.7 50.5 50.7 55.3 56 68.4 81.5 82.8 82.7 81.9 78.8 72 64.3 57.4 57.1 59.6 46.8 31.5 9 15.4 24.9 36.6 43.8 49.3 49.3 40.9 30.4 16.5 25 21.6 21.5 -0.9 -0.9 -0.9 -0.9 -0.9 29.2 36.6 41 43 49.7 65.4 78.6 86 89.9 87.6 93.3 98.3 95.2 97 94.6 91.3 89.7 91.1 90.6 98.8 95.6 85.8 81.4 67 56.9 46.3 35.7 24.2 -0.9 -0.9 -0.9 -0.9 -0.9 -0.9 -0.9 -0.9
66.9 59.7 50.3 42.2 37.7 32 21 27.4 30 46.4 54.9 58.8 69.5 69.3 60.5 68.7 73.3 84.2 90.1 89.5 88.5 86.6 82.2 72.9 64.9 58.9 57.7 57.3 41.5 27 9.9 20.1 32.4 58.8 55.1 54.5 50.5 41.6 35 30.6 35.2 32.1 30.9 -0.9 -0.9 -0.9 -0.9 -0.9 19.8 30.8 33 36 45.9 58.2 72.4 78.5 83.3 80.2 88.8 85.5 85.5 88.6 89 85.1 82.6 83.9 91 99.6 93.1 84.1 76.9 67.1 54.9 41.2 23.7 -0.9 -0.9 -0.9 -0.9 -0.9 -0.9 -0.9 -0.9 -0.9
65.9 62 51.9 45 38.4 30.7 28.5 36.3 37 42.6 56.7 62.4 71.9 82.2 75.8 79.6 86.9 91.7 91.5 90.7 93.9 89.6 81.5 71.4 65.7 60.7 60.9 51.1 36.1 23 10.7 20.7 40.5 67.4 63.5 56.5 51.2 44.8 40.7 36.6 39.3 35.6 26.8 -0.9 -0.9 -0.9 -0.9 -0.9 -0.9 20.9 22.7 29.5 46.8 55.1 64.6 73 77.2 74 79.3 73.8 75.6 77.8 80.3 76.6 75.1 80.9 96.7 101 93.4 87 81.4 70.6 57.8 43.7 24.8 -0.9 -0.9 -0.9 -0.9 -0.9 -0.9 -0.9 -0.9 -0.9
65 61.1 51.6 43 35.3 29.5 32.3 38.4 39 43.7 55.1 66 79.6 90 85.7 83.7 90.6 93.3 93.9 93.6 100.4 91.1 78.9 70.9 65.5 59.5 54.6 41.7 30.2 19 18 30.6 50.2 70.7 65 56.1 51 46 41.5 38.6 40.4 32.2 21.2 -0.9 -0.9 -0.9 -0.9 -0.9 -0.9 12 16.4 26.2 45 50.1 57.7 66 68.5 67.2 68.1 60.5 63.5 65.4 68.7 67.2 68.9 81.7 95.4 98.7 93.9 88.6 79.3 71.1 58.2 44.6 27.6 -0.9 -0.9 -0.9 -0.9 -0.9 -0.9 -0.9 -0.9 -0.9
64 60 50.2 42 36.5 35.7 38 38.3 41.1 46.2 52.3 61 78.6 87.2 89 91.6 91.1 92.6 95.4 93.7 99 87.3 76.4 70 63.6 54.7 44.7 37.1 27.1 18.8 23.4 42.2 54.5 73.2 63.3 55.8 50.7 46.5 42.3 40.7 38.7 28.4 16.4 -0.9 -0.9 -0.9 -0.9 -0.9 -0.9 -0.9 11 21.6 40.8 45.1 51.5 58.4 61.6 58.3 55.3 51 51.1 51.5 55.1 58.4 65.7 78.2 86.5 89.5 88.4 82 70.5 62.7 56.4 48.2 24.1 -0.9 -0.9 -0.9 -0.9 -0.9 -0.9 -0.9 -0.9 -0.9
65.2 58.9 50.9 40.9 41.4 43.7 39.6 41 45.1 49.1 53.3 61.3 73.3 85.6 93.2 97.6 95.3 93.9 90 94.6 94.3 81.5 73.4 66.9 60.8 52.7 41.6 32.8 27.3 19.1 32 53.9 62.4 70.8 60.5 55.5 51.3 46.8 42 39.7 35.2 24.2 11.1 -0.9 -0.9 -0.9 -0.9 -0.9 -0.9 -0.9 4.6 18.2 36.2 41.2 44.7 50.5 51.5 48.7 45.8 42.8 44.3 44.7 47 51.9 60.1 71.5 77 80.9 78.8 69.8 61.5 56.9 54 45.8 27.4 -0.9 -0.9 -0.9 -0.9 -0.9 -0.9 -0.9 -0.9 -0.9
65 57.5 50 48.9 50.6 47.6 43 45.5 49.2 53.4 57.8 64.6 83.1 97.7 97.7 101 99.4 98.7 93.2 97.3 88.7 77.4 69.1 62.8 56.4 48.1 38 32.7 27 19.6 38.8 53.4 58.4 62.3 56.7 53.6 49 44.4 39.8 35 29.8 20 7.3 -0.9 -0.9 -0.9 -0.9 -0.9 -0.9 -0.9 -0.9 14 26.4 33.5 38.9 43.5 42.9 40.4 37.7 38.4 41.1 42.4 39.9 46.8 54.1 62.8 67.6 68 65.1 60.3 58 53.1 50.9 49.3 44.7 24.8 -0.9 -0.9 2.9 -0.9 -0.9 -0.9 -0.9 -0.9
63.1 55.5 51.3 50.6 51 50.1 47.9 51.3 55.1 57.6 63.9 73.6 104 106.1 101.4 101.4 100.8 99.5 97.5 93.9 85.6 75.7 66.4 57.1 50.1 43.1 35.9 31.5 22.6 21.8 33.4 47.8 52.4 53.3 53.6 50.3 45.9 41.3 36.8 30 22.9 16.6 8.4 -0.9 -0.9 -0.9 -0.9 -0.9 -0.9 -0.9 -0.9 12.7 20.1 26.2 31.2 36 34.8 32.1 31 34 37.6 36.3 32.4 40.7 48.4 54.5 56.7 56 56.1 56 53.3 51.6 51.6 51.5 65.5 58.1 29.4 -0.9 -0.9 -0.9 -0.9 -0.9 -0.9 -0.9
61.4 55.5 52.9 50.8 51.2 52.9 52.3 56.1 60.8 62.8 71.1 96.5 112.2 110.8 106.8 107.1 105.9 100.7 94.4 89.9 82.2 74.5 65.4 55.5 44.3 38.2 32.6 28.9 25 25.5 29.1 40.2 42.1 44.9 47.3 46.6 42.8 38.3 32.5 25.7 19.4 15.5 0.9 -0.3 -0.9 -0.9 -0.9 -0.9 -0.9 -0.9 0.9 10.7 16 19.9 23.3 28.1 28.7 26.9 26.1 26.7 29.4 30 29.9 36.4 42.6 48.8 52.6 53 51.1 51.2 51.6 51.6 51.6 50.5 67.2 71 68.8 66.3 -0.9 -0.9 -0.9 -0.9 -0.9 -0.9
60 57.2 55.9 54.1 54.6 57.2 57.8 62.7 75 78.4 80.2 102.3 111.6 111.4 111 109.5 110.1 104.8 91.9 84.7 79.3 73.7 63.4 51.6 41.1 32.9 28.9 28.9 30.4 28.1 29.6 35.2 34.2 38.4 40.5 39.9 37.7 34.2 28.6 22.5 16.3 7.9 -0.9 -0.9 -0.5 -0.9 -0.9 -0.9 0.2 1 4.7 8.4 11.8 15.4 18.7 21.9 22.9 22.7 21.9 22.3 23 25.4 28.3 37.1 45.2 49.8 51.3 51.6 51.6 51.6 51.6 51.6 51.6 52.6 61.9 63.8 58.4 56 -0.9 -0.9 -0.9 -0.9 -0.9 -0.9
60.3 61.7 59.7 58.3 60.5 62.3 72.1 84.9 98 101.5 95.4 99.1 102.6 109.1 111.1 111.1 110.3 103.2 89.8 85.5 79.4 71.9 59.9 49 38.5 30.7 29.6 29.9 32.8 32.4 32.3 31.6 31.6 32.8 33.4 33.6 31.3 27.5 23.2 17 11.2 2.7 -0.9 0.2 0.4 0.4 0.6 1.1 1.5 3.7 7.2 7.9 8.1 10.8 13.8 17 17.7 17.6 18.8 19.6 20.7 22.3 31.8 40.8 50.5 54.1 53 49.5 50.8 51.6 51.6 51.6 51.6 51.6 56.5 58.6 50 42.8 -0.9 -0.9 -0.9 -0.9 -0.9 -0.9
69 68.7 64.5 66.7 71.4 78 88.8 102.8 113.5 114.4 107.1 100.9 100.4 104.4 109.2 111.3 106.9 97.8 89.4 85.4 78.8 70.3 59.4 46.7 36.1 30.6 30.6 31.2 34.9 36.6 37.4 34.8 31.6 31.6 30.4 29.1 23.9 20.2 16.9 12.5 8.4 3.1 -0.9 2.6 2.4 4.4 5.4 6.2 7 8.1 8.1 7.9 8 8.7 9 12.1 12.6 15 17.5 18.1 18.5 24.8 35.3 45.5 58.9 61 59.1 53.3 52.2 55.3 55.8 56.6 54.3 49.2 51.4 51 42.2 37.1 -0.9 -0.9 -0.9 -0.9 -0.9 -0.9
70.7 72.5 74.5 77.2 84.2 96.5 100.6 108.2 115.9 119.6 109.2 102.9 99.8 99.8 104.4 105.4 98.8 91 86.7 82.1 76.2 69.5 56.4 42.4 35.3 32.6 31.9 33.3 37 40.8 40.1 35.9 32.7 31.2 31.1 27.4 18.1 12.6 9.6 7.7 8 2.7 2.7 3.3 6.5 9.7 11.3 11.8 12.3 9.3 9.2 8.2 8 8.5 9 9.7 11.3 13.7 16.2 17 18.1 28.1 38.8 49 65.9 68 65.2 58 57.1 59.8 61.1 62.4 58.3 51.3 43.7 39.7 33 27.3 23 -0.9 -0.9 -0.9 -0.9 -0.9
79.7 83.2 85.5 88.2 95.8 106.3 108.9 113 119.3 120 110 107.3 103 99.2 103.6 99.6 93.1 87.2 82.4 78.1 72.2 63.9 52 39.6 38.9 37.4 36.9 37.5 42.7 50.3 45.3 37.4 33.1 30.4 30.1 19.2 12.3 8.3 5.5 2.7 2.7 2.7 2.7 5.5 9.7 12.4 16.4 16.9 15.8 12.3 10.3 9.3 8.2 8.6 9.4 10 10.9 12.4 14.9 15.9 20.9 31.1 42.3 52.2 64 67.9 66.1 59.4 59.9 66.7 68.5 66.6 61.5 53.7 43.6 33.1 20.8 -0.9 -0.9 -0.9 -0.9 -0.9 -0.9 -0.9
88.2 92.7 94.8 96.8 105.6 114.3 114.9 118.9 124.1 122.3 118.9 116.4 109.7 112.1 106.6 97.7 88.5 83.5 78.6 74.1 66.9 59.1 47 40.1 41 41.9 45.3 44.8 54.7 60.2 50.1 37.4 34.1 30.5 25.1 15 10.7 7 3.8 2.7 2.7 2.7 2.7 3.6 9.8 17 21.1 22 18.8 15.3 11.9 11.8 11.4 9.1 9.9 10.4 11.1 12.1 13.6 16 23.6 34.1 45.6 60.2 66 69.4 67.8 61.5 62.1 70 72.9 70.1 65.1 56.2 46.1 33.7 21.1 -0.9 -0.9 -0.9 -0.9 -0.9 -0.9 -0.9
94.3 99.4 100.1 103 111 119.9 121.1 124.8 128.6 125.4 122.2 121.8 119.3 120.1 106.2 94.8 87.6 80.4 75.3 70.5 62.3 54.5 41.9 49.5 51 52.1 53.2 52.7 58.5 59.5 53 41.1 35.6 27.4 19.3 11.4 7 3.5 3.6 2.7 2.7 2.7 2.7 3 8.2 20.9 25.2 26 22.9 19.4 15.7 15.6 14.1 10.5 10.3 10.7 11.4 12.4 13.3 17.6 25.8 38 52 67.3 69.7 69.4 69.3 65.6 66.3 74.9 77 72.6 67.6 55.6 47 39.6 30.1 -0.9 -0.9 -0.9 -0.9 -0.9 -0.9 -0.9
97.8 101.7 102.6 105.8 113.5 122.6 127.3 130.8 130.3 129 125.5 123.1 123.3 123.5 105.8 94.7 87.1 80.3 74.4 66.9 57.7 50.3 49.1 54.2 57.9 59 60.2 61.8 61.3 62.1 51.1 42.4 33.4 24.3 16.6 9.1 8.2 8 6 2.7 2.7 2.7 2.7 2.7 5.7 22.7 27.5 28.7 27.4 23.7 19.6 19.3 16.9 13.4 12.2 11.8 11.8 13 14.1 18.1 26.8 41 59 71.5 70.2 69.1 69 69.2 70.1 78.9 77.9 72.9 67.7 54.6 46.8 42.9 34.6 -0.9 -0.9 -0.9 -0.9 -0.9 -0.9 -0.9
103.2 105.8 107 108.9 115.9 122.5 128 131.1 130 128.4 125.3 122.8 121.1 118.5 107.2 95.3 87.1 80.4 73.8 64.2 54.4 49.4 53.4 58.2 63.5 66 67.2 69 67.5 62.8 48.7 38.3 30 21.2 14.2 10.3 11.4 12.4 8.4 4 2.7 2.7 2.7 2.7 3.4 14.4 25.5 28 25.6 22.9 21 20.9 20.1 15.8 15.4 15.6 14 13.6 14.9 17.8 29.2 44.6 64.7 72.9 70.1 69.8 68.9 70.3 76.7 80 78.6 71.7 64.8 56.4 46.7 42.9 38.7 29.6 -0.9 -0.9 -0.9 -0.9 -0.9 -0.9
