data/HU42.asc
ncols 200
nrows 200
xllcorner 440000
yllcorner 1120000
cellsize 50
[rows 114 to 151 of 200, columns 0 to 84 of 200]
105.5 98.3 90.6 82.8 68.7 51.8 38.7 29.2 39.2 49 56.6 65.8 76.4 84 91 97.8 102.8 105.5 107.5 109.6 110.7 111.1 110.4 108.6 103.5 98 88 76.3 65 54.2 42.3 30.6 23.6 18.5 14.2 12.9 11 12.1 11 13.4 15.7 17.2 18.8 20.7 20.9 21.9 23 24.1 25.2 26.5 28 29.1 30.3 31.5 31.6 31.3 29 27.5 25.9 23.5 21.5 20.8 20.5 20.4 19.5 17.7 16 13.6 11.5 9.8 10.3 12.5 14.8 17.1 19.9 22.3 22.4 20.1 9 -0.3 -0.3 -0.3 -0.3 -0.3 -0.3
111.6 105.3 98.1 89.8 72.8 56 39.3 28 36.2 47.3 56.7 66.3 75.2 83.3 90.4 96.8 101.9 104.3 106.5 107.6 108.2 108.4 109.4 107.9 104.2 98.2 87.7 76.6 66 55.5 44.5 32.2 24.1 17.9 13.3 10.7 9 10.7 12.7 14.6 16.7 18.6 20.4 22.2 22.6 24.1 25.4 26.5 27.7 29.1 30.3 31.6 32.9 33.9 34.3 34.1 29.8 26.9 25.1 22.7 20.3 18.5 16.5 15.9 15.8 14.3 12.5 11.2 9.9 9.8 10.3 12.9 15.6 17.9 19.8 21.2 21.2 20.6 10.5 -0.3 -0.3 -0.3 -0.3 -0.3 -0.3
116.8 112.2 103.3 93 74 55 37.9 27.8 36.2 47.2 56.8 65.8 74.5 82.2 90.5 96.6 101.1 102.5 104.1 104.9 105.7 106.7 107.4 106 101.9 96.7 86.3 76.1 63.3 53.5 43.2 31.7 24.2 17.4 13.1 8.8 9.2 10.7 12.8 15 17.4 19.8 21.9 23.3 24.5 26.2 27.7 29 30.6 32.2 33.5 34.9 35.9 36.4 36 33.6 30.4 26.2 23.6 21.4 19.4 17 15 12.6 12.6 11.4 10.9 10.7 9.4 9.6 10.4 11.9 13.7 15.6 17.9 20.3 20.7 21.7 15.4 -0.3 -0.3 -0.3 -0.3 -0.3 -0.3
121.7 117.2 107.9 93.8 76.7 57.8 38.6 27.8 34.8 46.4 56.1 65.3 73.4 80.9 89.6 95.2 99.4 100.8 101.5 102.4 103.3 104.5 105.8 103.4 98.3 93.2 84.3 72.9 62 52.2 40.7 31.8 23.8 17.2 12.1 6.8 9.1 11.1 12.9 15.8 18.9 21.4 22.9 23.9 25.3 27.4 29.7 31.9 33.6 35.9 37.5 38.5 38.6 39.1 37.9 34.9 30.7 27.1 23.7 21.5 19.5 16.6 13.3 9.8 9.6 9.3 9.1 8.9 8.7 9.2 10.3 11.5 12.7 14.4 16.9 19.5 21 22.4 16.9 9 -0.3 -0.3 -0.3 -0.3 -0.3
125.8 121 109.3 94.9 77.8 57.6 40.2 27.3 33.8 44.7 54.3 64 72.8 79 85.8 92.1 96.1 98.1 98.5 99.9 100.9 102.1 102.6 100.8 94.5 89.4 81.6 70.8 60.2 49.7 37.5 29.4 21.7 16.2 10.1 5.8 8.6 10.7 13.5 17 20 21.7 23.3 25 26.9 29.8 33 34.8 36.2 39.9 41.7 42.4 42 40.3 39.2 36.3 31.8 28.8 24 20.9 19.2 17.4 13.1 9 8.9 8.8 8.5 8.2 8 8.8 9.9 11.2 12.5 14.5 17 19.6 21 22 20.4 11.9 4.5 -0.3 -0.3 -0.3 -0.3
128.1 123.2 111.3 95.6 76.5 57.3 37.8 25 31.3 43.2 52.6 62 69.9 76.6 83.3 89.9 93.3 94.9 95.9 96.8 97.9 98.5 99 96.8 92.8 86.1 77.8 67.2 56.2 45.6 33.6 26.5 19.1 14.3 9.2 5.8 8.6 11.1 13.7 16.7 19.9 21.3 23.3 27.6 30 32.7 35 36.4 37.9 41.8 44.8 46.5 45.2 42.9 41.8 39.5 34.4 30.3 23.4 18.9 18.2 16.2 11.7 9 8.8 8.9 7.8 7.6 7.6 8.5 9.6 10.9 12.2 14.5 17.1 19.2 20.7 21.4 22.6 19.9 13.8 -0.3 -0.3 -0.3 -0.3
130 123.3 111 93.7 74.3 55.3 38.3 25.1 29.3 41.2 50.4 59 66.4 73.9 80.2 87.1 90.2 91.4 92.6 93.8 94.9 95.7 95.4 93 89.8 81.9 73.4 64.4 53.4 41.4 28.9 22.2 17.2 13.1 8.8 4.8 8.8 11.6 14.5 17.9 20.5 22.3 24.7 28.4 30.1 32.7 34.8 36.6 38.9 43.8 50.3 51.5 49.9 46 42.7 39.8 35.4 30.2 23.5 18 15.5 14.1 10.4 8.9 8.8 8.6 7.7 6.9 7.2 8.2 9.4 10.7 12.1 14.1 16.4 17.9 20.3 22.4 24.1 25.1 19.7 13.4 -0.3 -0.3 -0.3
130.6 123.1 110.9 93.8 74.3 52.9 38 25.7 27.2 38.3 47.6 56.3 63.8 71.3 78.4 83.6 86.8 88.3 90.1 91.5 94 94.6 92.7 88.7 84 76.4 67.2 58.7 50.4 35 24.1 18.4 15.1 11 6.7 4.3 8 12 15.7 18.8 20.3 21.9 23.3 26.8 29.2 31.2 33.7 36 38.1 41.3 44.7 46.9 47.9 46.5 43.3 39.5 35.9 30.7 24.2 18.1 14.7 12.6 10.5 8.1 8.4 8.5 8 6.4 6.8 8 9.7 11.6 12.7 14.7 17.9 19 20.9 23.6 25.7 27.9 25.4 19.3 -0.3 -0.3 -0.3
129.6 121.7 110.8 93.9 74.3 54.8 38.2 24.2 25.9 34.5 45.4 53.6 61.1 68.6 75.3 80.3 83.8 86.4 88.5 91.2 93.3 93.2 91.5 86 79.1 71 61.5 53.6 42.7 29 19.6 15.4 12.3 8.2 4.9 4.1 8.7 12.6 16.3 20 20.6 21.8 23.5 25.6 28.3 31.2 34.4 35.6 37.6 39.7 41.9 43.8 44.7 45.9 46.5 44 40 31.9 25.1 19.2 15.3 13 10.5 8.1 7.9 9.1 7.1 6.1 6.5 7.8 9.5 11.3 13.8 16.6 20 21.1 22 25.2 28.3 30.5 31.6 23.8 -0.3 -0.3 -0.3
129.4 119.8 110.2 94.8 74.1 55.6 40.9 29.6 22.8 30.9 41.2 50.3 58.3 65.9 70.7 76 81.3 84.1 87.6 90.6 92.2 92.5 90.6 84.4 77.3 68.4 57.6 49.7 35.7 23.9 16.9 11.7 7.6 4.4 2.2 2.6 9.2 13.1 16.9 20 21.2 22.2 23.7 27.3 29.1 31 33.3 34.9 36.6 38.5 41 42.7 45.6 46.5 48.8 47 42.7 36.1 27.9 20.7 16.8 13.4 11.3 9 8.8 9.4 7.2 5.8 5.9 7.1 9 11.8 14.6 19.9 23.3 24.2 24.4 26.9 30.2 33.2 35.4 32.8 27.3 -0.3 -0.3
128.6 121.5 112.5 97.1 78.7 59.6 43.8 32.6 18.3 27.3 36.5 47.1 55.1 61.9 66.5 72.5 77.8 82.3 86.4 89.8 91.3 91.3 89.7 83.7 76.2 65.7 56.4 44.3 30 20 12.9 7.7 3.3 -0.3 -0.3 0.9 8.1 13.2 16.9 19.5 20.9 22.9 24.4 27.6 29.2 30.5 31.5 34.1 35.7 37.4 41.2 44.1 48.3 50.9 53.4 51.4 46.2 40.6 31.9 23.2 18 14.5 12.2 9.8 9.4 8.8 8.1 7 5 6.6 9.2 12 16.1 22.9 28.2 28.9 29.1 28.9 32.3 35.2 38.2 38.2 35.6 -0.3 -0.3
128.9 123.2 115.2 101.5 81.2 64.1 47.1 36 24.7 23.2 32.5 41.5 50.3 57.9 63.7 70 75 80 84.8 88.8 90.8 90.8 90 84 75.5 64.2 55 39.3 25.8 16.7 8.9 -0.3 -0.3 -0.3 -0.3 -0.3 5.6 14 17.9 19.4 21.1 24.3 26.1 28.6 30.1 31.5 32.9 34 36.3 40.2 44.7 47.7 51.8 55.8 56.8 55.7 48.7 42.3 34 24.2 19.1 15.5 12.6 9.6 7.6 7.1 7.3 7.6 5.6 6.6 9.5 12.3 18.6 26.6 31.7 33.7 34.5 33.3 34.8 37.6 40.1 41.9 42.7 32.1 18.2
130.2 125 116.5 103.8 86.1 68.3 52.3 39.8 28.5 19.7 27.1 36.1 45 53.1 60.1 67.3 72.4 77.3 82.8 87.3 90.4 91.5 90.8 84.8 75.3 62.3 51.3 34.2 23.9 15.2 6.9 -0.3 -0.3 -0.3 -0.3 -0.3 -0.3 13.5 17.6 19.6 21.4 24 27.6 28.5 30.4 31.8 34.1 33.7 38.4 43 49.3 50.7 54.3 58.3 60.5 59.4 52 44.4 35.7 28.9 22 16.8 12 7.9 4.8 1.9 0.7 0.7 3.1 6.8 10.1 12.4 20.2 27.9 34.5 38.9 39.8 37.7 38.5 39.9 42.2 45.8 46.7 42.5 31
130.6 125.9 117.5 107.8 90.3 70.7 57 43.2 31.7 14.6 21.2 29.7 40.5 48.8 57 64.2 69.7 75.3 80.8 85.9 89.2 90.8 91 85.2 75.6 63 50.4 33.6 22.8 16.1 -0.3 -0.3 -0.3 -0.3 -0.3 -0.3 -0.3 11.9 16.4 20.1 22.6 24.4 28.1 29.7 30.9 30.6 31.9 34.2 37.1 43.1 50.7 53 56.8 59.3 61 59 52 44.7 37.7 31.4 24.1 17.2 10.4 3.7 -0.3 -0.3 -0.3 -0.3 -0.3 5.3 8.1 8.9 19.9 28.6 36.4 41.5 42.4 43 42.2 42.8 44.1 47.9 50.3 49.5 38.9
131.2 126.4 119.6 111.1 96.2 76.4 60.2 45.8 34 21.2 16.2 25.7 35.3 45.4 53.1 60.4 67.1 73.1 78.5 83.7 88.6 90.7 90.8 85.4 74.6 59 43.6 32 22.9 16.6 -0.3 -0.3 -0.3 -0.3 -0.3 -0.3 -0.3 11.9 16.5 20.2 20.9 23.7 28.4 30.9 30.5 30.5 29.8 31.4 34.7 39.7 45.2 51 55.2 58.7 59 58.5 51.5 47.1 40.8 34.4 26 14.8 7.1 -0.3 -0.3 -0.3 -0.3 -0.3 -0.3 -0.3 -0.3 -0.3 18.9 28 36.4 42.7 44.9 45.7 45.7 46.2 48.6 52.9 57.2 58.2 53.9
128.7 125.6 121.5 113.5 101.6 84.6 63.5 49.5 36.8 24.6 13.1 22.1 30.8 39.4 49.1 56.8 63.7 69.9 75.4 80.6 85.1 89.2 90.3 85.7 76.2 61.2 44.7 33.1 24.2 15.6 -0.3 -0.3 -0.3 -0.3 -0.3 -0.3 -0.3 9.3 16.2 18.3 19.3 22.9 28.9 30.7 30.2 27.9 25.7 26.6 30.7 35.6 40.9 48.6 53.1 56.9 57.7 56 54.4 51.1 45.6 36.9 25.6 14.9 -0.3 -0.3 -0.3 -0.3 -0.3 -0.3 -0.3 -0.3 -0.3 -0.3 14.7 26.9 34.5 41.2 46.2 47.3 48.3 50.6 55.4 60.9 66.1 66.4 60.9
124.9 123.6 119.1 113.2 101.6 87.6 64.1 49.2 37.3 27.6 14.7 16.8 25.4 32.5 41.7 49 57.6 66.2 72.3 76.5 81.4 86.5 88.4 86 77.5 62.2 47.2 35.1 25.9 16.9 -0.3 -0.3 -0.3 -0.3 -0.3 -0.3 -0.3 7.5 12.4 15 13.8 18.4 23.8 27 26.9 23.6 21.2 22.1 27.7 32.8 36.9 44 50.6 54.5 56 54.1 55 52.5 49.5 38.8 26.8 15 -0.3 -0.3 -0.3 -0.3 -0.3 -0.3 -0.3 -0.3 -0.3 -0.3 -0.3 24 31.5 38.8 43.8 47.2 48.8 51.7 58.5 67.2 70.4 70.8 63
120.8 119.5 116.9 109.9 98.9 84.2 61 48.4 35.9 26.2 16.9 16.1 20.4 26 33.8 42.2 51.3 60 66.4 71.6 78.3 83.3 85.7 84.5 78.4 64.3 50 38.4 27.3 16.4 -0.3 -0.3 -0.3 -0.3 -0.3 -0.3 -0.3 4.4 7.6 9 5.8 11 17.3 20.1 21.3 19.8 17.2 18.1 22.3 29.8 36 44.1 51.1 52.8 53.9 53.1 54 51.6 49.4 37.1 25.4 14.4 -0.3 -0.3 -0.3 -0.3 -0.3 -0.3 -0.3 -0.3 -0.3 -0.3 -0.3 19.6 26.8 34.3 40 44.8 48.5 52.4 59.2 64.9 69.8 70.1 62.7
115.5 115.4 111.8 104.8 92.1 75.8 52.8 44 32.9 22.4 9.3 10.8 14.7 19.6 26.3 35.2 43.3 52.7 58.4 65.3 73.8 80.7 82.9 82.1 76 66.8 53.1 38.4 26.1 16.4 -0.3 -0.3 -0.3 -0.3 -0.3 -0.3 -0.3 -0.3 -0.3 -0.3 -0.3 -0.3 7.9 13.2 15.7 14.6 12.8 13.9 19.6 26.5 35.5 45.5 51.6 52.8 51.7 51.6 52.3 52.2 49.7 35.4 23.6 12.3 -0.3 -0.3 -0.3 -0.3 -0.3 -0.3 -0.3 -0.3 -0.3 -0.3 -0.3 8.5 22.2 29.9 36.1 40.6 44.6 51 56.9 61.1 63.6 64.6 59.6
109.4 108.8 104.4 96.4 81.3 65.3 47.2 35.5 26 17.5 2.9 8 10 13.4 20.1 28 35.7 45.4 52.7 60.7 69 77.3 80.5 80.6 73.4 63.3 52.4 37.8 27.4 17.4 -0.3 -0.3 -0.3 -0.3 -0.3 -0.3 -0.3 -0.3 -0.3 -0.3 -0.3 -0.3 -0.3 -0.3 -0.3 -0.3 -0.3 9.9 16.8 25.7 34.2 42.6 50.6 52.5 51.4 49.4 49.9 50.8 46.4 35.2 23.7 11.3 -0.3 -0.3 -0.3 -0.3 -0.3 -0.3 -0.3 -0.3 -0.3 -0.3 -0.3 -0.3 16.8 24.5 31.9 35 38.8 45.2 52.3 56.4 59.1 60 57.1
101.5 99.9 94.8 84.9 68.5 51.5 40.2 27.8 19.4 10 2.3 4.5 5.5 8.6 14.6 21 28.8 38.3 50.5 58.4 65.9 74.6 79.3 80.5 71.5 60.4 45.8 32.9 24.9 17 -0.3 -0.3 -0.3 -0.3 -0.3 -0.3 -0.3 -0.3 -0.3 -0.3 -0.3 -0.3 -0.3 -0.3 -0.3 -0.3 -0.3 -0.3 16.3 25.5 34.4 44.2 51 51.8 50.8 47.4 48.2 50.5 46.9 33.9 20.3 8 -0.3 -0.3 -0.3 -0.3 -0.3 -0.3 -0.3 -0.3 -0.3 -0.3 -0.3 -0.3 10.5 18.8 24.9 29.4 32.8 38.2 45.3 50.8 53.8 57.9 54.3
91.6 87.4 83.1 68.4 52.5 43.3 32.7 21.6 12.6 7 0.8 -0.3 -0.3 -0.3 7.2 16.4 23.7 33.8 47.1 57.2 67.1 77.4 80.2 74.9 67.8 56 40.2 29.1 17.6 9.4 10.3 -0.3 -0.3 -0.3 -0.3 -0.3 -0.3 -0.3 -0.3 -0.3 -0.3 -0.3 -0.3 -0.3 -0.3 -0.3 -0.3 -0.3 14.8 21.9 33.6 41.7 49.5 49.8 47.8 46.4 48.5 48.3 43.3 37.1 23.3 -0.3 -0.3 -0.3 -0.3 -0.3 -0.3 -0.3 -0.3 -0.3 -0.3 -0.3 -0.3 -0.3 12.2 17.1 22.2 25.3 28 33.1 38.7 44.3 48.8 51.2 49.1
69.9 68.1 63.7 50.8 43.8 35 25.1 13.5 5.9 -0.3 -0.3 -0.3 -0.3 -0.3 -0.3 -0.3 17.5 30.4 46 57.2 65 71.6 77.4 70.9 59.1 51.8 37.2 27.2 -0.3 -0.3 -0.3 -0.3 -0.3 -0.3 -0.3 -0.3 -0.3 -0.3 -0.3 -0.3 -0.3 -0.3 -0.3 -0.3 -0.3 -0.3 -0.3 -0.3 13.7 19 30.7 38.1 44 47.7 46 42.5 44 44.7 38.8 30.8 19.7 -0.3 -0.3 -0.3 -0.3 -0.3 -0.3 -0.3 -0.3 -0.3 -0.3 -0.3 -0.3 -0.3 12.8 16.6 21.6 25 28 30.9 35.8 39.4 42.1 44.7 43.7
47 49.4 45.5 40.1 33.9 26.4 16.3 7.4 1.2 -0.3 -0.3 -0.3 -0.3 -0.3 -0.3 -0.3 -0.3 22.4 36.5 48.6 54.8 61.7 67.1 64.2 58.8 45.7 37.1 9.6 -0.3 -0.3 -0.3 -0.3 -0.3 -0.3 -0.3 -0.3 -0.3 -0.3 -0.3 -0.3 -0.3 -0.3 -0.3 -0.3 -0.3 -0.3 -0.3 -0.3 9 18.2 24.5 31.9 36.8 39.8 42.5 42.5 41.2 41.1 35 27.6 17.3 -0.3 -0.3 -0.3 -0.3 -0.3 -0.3 -0.3 -0.3 -0.3 -0.3 -0.3 -0.3 -0.3 -0.3 15.2 21 25.5 28.8 30.8 34.9 37.8 40.1 39.6 36.5
54.7 40.8 30.7 25.6 22.5 15.9 9.5 4.2 -0.3 -0.3 -0.3 -0.3 -0.3 -0.3 -0.3 -0.3 -0.3 -0.3 -0.3 -0.3 -0.3 45 52.5 53.1 46.6 37.8 29.5 18.7 -0.3 -0.3 -0.3 -0.3 -0.3 -0.3 -0.3 -0.3 -0.3 -0.3 -0.3 -0.3 -0.3 -0.3 -0.3 -0.3 -0.3 -0.3 -0.3 -0.3 6.4 14.2 20.6 26.3 31.2 35.8 40.4 39.8 39.5 38.7 31.8 22 -0.3 -0.3 -0.3 -0.3 -0.3 -0.3 -0.3 -0.3 -0.3 -0.3 -0.3 -0.3 -0.3 -0.3 -0.3 14.3 20.1 25.1 28.2 31.3 35.2 38.3 38.5 36 30.8
59.9 45 30.4 17.7 15.6 10.6 5.8 2 -0.3 -0.3 -0.3 -0.3 -0.3 -0.3 -0.3 -0.3 -0.3 -0.3 -0.3 -0.3 -0.3 -0.3 25.9 30.1 31.3 27.1 21.7 -0.3 -0.3 -0.3 -0.3 -0.3 -0.3 -0.3 -0.3 -0.3 -0.3 -0.3 -0.3 -0.3 -0.3 -0.3 -0.3 -0.3 -0.3 -0.3 -0.3 -0.3 8.4 13.5 18.8 24.8 29.1 34.6 40.5 39.8 39.9 37 27.6 17.3 -0.3 -0.3 -0.3 -0.3 -0.3 -0.3 -0.3 -0.3 -0.3 -0.3 -0.3 -0.3 -0.3 -0.3 -0.3 -0.3 19.4 25.6 27.9 31.7 36.3 38.7 40.3 40.2 33.9
62.1 50.3 36.5 23.5 13.4 7.4 3.9 2 -0.3 -0.3 -0.3 -0.3 -0.3 -0.3 -0.3 -0.3 -0.3 -0.3 -0.3 -0.3 -0.3 -0.3 -0.3 10.5 15.3 16.3 13 -0.3 -0.3 -0.3 -0.3 -0.3 -0.3 -0.3 -0.3 -0.3 -0.3 -0.3 -0.3 -0.3 -0.3 -0.3 -0.3 -0.3 -0.3 -0.3 -0.3 -0.3 9 12.8 17.6 23.8 29 35.1 40 41 42.5 40.8 31.2 18.2 -0.3 -0.3 -0.3 -0.3 -0.3 -0.3 -0.3 -0.3 -0.3 -0.3 -0.3 -0.3 -0.3 -0.3 -0.3 -0.3 -0.3 23.6 27.8 32.3 35.7 37.2 39 41.6 36.5
63.4 52.6 40.6 27.5 18.7 10.1 8.1 6.6 -0.3 -0.3 -0.3 -0.3 -0.3 -0.3 -0.3 -0.3 -0.3 -0.3 -0.3 -0.3 -0.3 -0.3 -0.3 -0.3 6.1 3.8 4 0.8 -0.3 -0.3 -0.3 -0.3 -0.3 -0.3 -0.3 -0.3 -0.3 -0.3 -0.3 -0.3 -0.3 -0.3 -0.3 -0.3 -0.3 -0.3 -0.3 4.7 9 12.4 16.6 22.8 29.5 36.6 40.8 42.1 44.6 42.7 36 22.5 -0.3 -0.3 -0.3 -0.3 -0.3 -0.3 -0.3 -0.3 -0.3 -0.3 -0.3 -0.3 -0.3 -0.3 -0.3 -0.3 -0.3 24.2 27.5 31 32.6 34.4 38.4 41.3 39
65.7 52.9 41.6 30.1 18.1 12.2 13.7 11.4 7.8 -0.3 -0.3 -0.3 -0.3 -0.3 -0.3 -0.3 -0.3 -0.3 -0.3 -0.3 -0.3 -0.3 -0.3 -0.3 -0.3 0.1 0.6 -0.3 -0.3 -0.3 -0.3 -0.3 -0.3 -0.3 -0.3 -0.3 -0.3 -0.3 -0.3 -0.3 -0.3 -0.3 -0.3 -0.3 -0.3 -0.3 -0.3 -0.3 7.3 11.7 16.1 22.1 28.5 35.6 40.7 42.6 44.5 44.1 35 20.8 -0.3 -0.3 -0.3 -0.3 -0.3 -0.3 -0.3 -0.3 -0.3 -0.3 -0.3 -0.3 -0.3 -0.3 -0.3 -0.3 -0.3 24.3 26.9 29.2 31.1 33.1 37.7 43.8 49.6
63.6 51 37.8 26.1 16.2 17.3 18.4 17.2 16.1 14.9 9.5 -0.3 -0.3 -0.3 -0.3 -0.3 -0.3 -0.3 -0.3 -0.3 -0.3 -0.3 -0.3 -0.3 -0.3 -0.3 -0.3 -0.3 -0.3 -0.3 -0.3 -0.3 -0.3 -0.3 -0.3 -0.3 -0.3 -0.3 -0.3 -0.3 -0.3 -0.3 -0.3 -0.3 -0.3 -0.3 -0.3 -0.3 -0.3 8.7 14.6 21 27.6 33.4 37.9 41.5 44.2 42.5 34.1 21.7 -0.3 -0.3 -0.3 -0.3 -0.3 -0.3 -0.3 -0.3 -0.3 -0.3 -0.3 -0.3 -0.3 -0.3 -0.3 -0.3 -0.3 20.9 24.9 26.9 28.6 29.8 33.3 39.7 45.3
59.8 44.3 31.6 22.1 22.9 25.5 27.3 24.7 24.1 22 20.6 15 9.2 -0.3 -0.3 -0.3 -0.3 -0.3 -0.3 -0.3 -0.3 -0.3 -0.3 -0.3 -0.3 -0.3 -0.3 -0.3 -0.3 -0.3 -0.3 -0.3 -0.3 -0.3 -0.3 -0.3 -0.3 -0.3 -0.3 -0.3 -0.3 -0.3 -0.3 -0.3 -0.3 -0.3 -0.3 -0.3 -0.3 -0.3 12.3 18.8 24.6 29.6 34.1 38.9 41.3 41.5 34.9 23.1 -0.3 -0.3 -0.3 -0.3 -0.3 -0.3 -0.3 -0.3 -0.3 -0.3 -0.3 -0.3 -0.3 -0.3 -0.3 -0.3 -0.3 18.9 22.9 23.6 23.8 26.6 30.8 36.2 40
51.9 35 31.9 31.1 31.1 33.6 36.1 34.5 33.2 30.8 32 28.1 17.8 9.6 -0.3 -0.3 -0.3 -0.3 -0.3 -0.3 -0.3 -0.3 -0.3 -0.3 -0.3 -0.3 -0.3 -0.3 -0.3 -0.3 -0.3 -0.3 -0.3 -0.3 -0.3 -0.3 -0.3 -0.3 -0.3 -0.3 -0.3 -0.3 -0.3 -0.3 -0.3 -0.3 -0.3 -0.3 -0.3 -0.3 7.8 12.5 18.9 25.5 30.7 37.2 41.1 40.4 31.9 20.1 -0.3 -0.3 -0.3 -0.3 -0.3 -0.3 -0.3 -0.3 -0.3 -0.3 -0.3 -0.3 -0.3 -0.3 -0.3 -0.3 12.3 17.7 20.2 20.4 20.9 23.9 27.5 32.1 37.3
42.8 45.3 44.1 42.5 42.4 42.2 45.8 44.7 44.8 44.4 47.2 38.7 28.2 16.5 -0.3 -0.3 -0.3 -0.3 -0.3 -0.3 -0.3 -0.3 -0.3 -0.3 -0.3 -0.3 -0.3 -0.3 -0.3 -0.3 -0.3 -0.3 -0.3 -0.3 -0.3 -0.3 -0.3 -0.3 -0.3 -0.3 -0.3 -0.3 -0.3 -0.3 -0.3 -0.3 -0.3 -0.3 -0.3 -0.3 2.5 6.9 12.3 19.1 27.9 39 41.8 38.8 29.9 -0.3 -0.3 -0.3 -0.3 -0.3 -0.3 -0.3 -0.3 -0.3 -0.3 -0.3 -0.3 -0.3 -0.3 -0.3 -0.3 -0.3 13.8 16.1 18.1 18.8 19 21 24.1 27.8 30.4
53.1 55.1 55.5 54 54.2 54.2 55.1 56 56.9 57.9 58 52.6 41.7 30.6 -0.3 -0.3 -0.3 -0.3 -0.3 -0.3 -0.3 -0.3 -0.3 -0.3 -0.3 -0.3 -0.3 -0.3 -0.3 -0.3 -0.3 -0.3 -0.3 -0.3 -0.3 -0.3 -0.3 -0.3 -0.3 -0.3 -0.3 -0.3 -0.3 -0.3 -0.3 -0.3 -0.3 -0.3 -0.3 -0.3 -0.3 5.2 11.2 18.3 26.5 37.4 41.1 22.7 -0.3 -0.3 -0.3 -0.3 -0.3 -0.3 -0.3 -0.3 -0.3 -0.3 -0.3 -0.3 -0.3 -0.3 -0.3 -0.3 -0.3 -0.3 12.3 14.4 14.8 15.9 16.5 18.2 21.4 23.5 26.4
62.9 63.1 63.8 65.7 65.4 63.1 61.2 63.3 67.8 69.9 73.3 72 56.4 42 15 -0.3 -0.3 -0.3 -0.3 -0.3 -0.3 -0.3 -0.3 -0.3 -0.3 -0.3 -0.3 -0.3 -0.3 -0.3 -0.3 -0.3 -0.3 -0.3 -0.3 -0.3 -0.3 -0.3 -0.3 -0.3 -0.3 -0.3 -0.3 -0.3 -0.3 -0.3 -0.3 -0.3 -0.3 -0.3 -0.3 5.4 10.9 17.7 26.2 36.3 40.6 18.6 -0.3 -0.3 -0.3 -0.3 -0.3 -0.3 -0.3 -0.3 -0.3 -0.3 -0.3 -0.3 -0.3 -0.3 -0.3 -0.3 -0.3 -0.3 7.2 9.8 11.2 12.7 13.3 15.5 18.2 20.2 25.5
72.7 72.5 73.2 76.1 76.1 74.7 72.6 74.8 77.8 81.4 87.7 88.1 74.3 54.1 17.1 -0.3 -0.3 -0.3 -0.3 -0.3 -0.3 -0.3 -0.3 -0.3 -0.3 -0.3 -0.3 -0.3 -0.3 -0.3 -0.3 -0.3 -0.3 -0.3 -0.3 -0.3 -0.3 -0.3 -0.3 -0.3 -0.3 -0.3 -0.3 -0.3 -0.3 -0.3 -0.3 -0.3 -0.3 -0.3 1.7 7.4 10.1 18.4 26.2 31.6 36.3 18.2 -0.3 -0.3 -0.3 -0.3 -0.3 -0.3 -0.3 -0.3 -0.3 -0.3 -0.3 -0.3 -0.3 -0.3 -0.3 -0.3 -0.3 -0.3 -0.3 2.5 7.1 9 9.9 13.3 13.6 13.7 22.3
83.4 82.9 82.3 85.9 87.2 84.7 81.4 88 89 89.9 97.4 95.7 91.7 69.4 44.5 -0.3 -0.3 -0.3 -0.3 -0.3 -0.3 -0.3 -0.3 -0.3 -0.3 -0.3 -0.3 -0.3 -0.3 -0.3 -0.3 -0.3 -0.3 -0.3 -0.3 -0.3 -0.3 -0.3 -0.3 -0.3 -0.3 -0.3 -0.3 -0.3 -0.3 -0.3 -0.3 -0.3 -0.3 4.6 9.3 11.3 15.3 21.6 29.3 32.2 32.9 29.1 -0.3 -0.3 -0.3 -0.3 -0.3 -0.3 -0.3 -0.3 -0.3 -0.3 -0.3 -0.3 -0.3 -0.3 -0.3 -0.3 -0.3 -0.3 -0.3 -0.3 -0.3 6.4 7.9 11 10.8 9.9 9.4
92.6 92.8 93 95.9 97.6 96 93.8 97.2 98.5 101.1 106.6 107.5 103.5 79.5 54.8 31.8 -0.3 -0.3 -0.3 -0.3 -0.3 -0.3 -0.3 -0.3 -0.3 -0.3 -0.3 -0.3 -0.3 -0.3 -0.3 -0.3 -0.3 -0.3 -0.3 -0.3 -0.3 -0.3 -0.3 -0.3 -0.3 -0.3 -0.3 -0.3 -0.3 -0.3 -0.3 -0.3 -0.3 10.9 12.5 15.2 18.6 25.2 30.9 31.6 31.3 32.4 25.2 -0.3 -0.3 -0.3 -0.3 -0.3 -0.3 -0.3 -0.3 -0.3 -0.3 -0.3 -0.3 -0.3 -0.3 -0.3 -0.3 -0.3 -0.3 -0.3 -0.3 -0.3 -0.3 6.9 10.9 13.9 20
