data/HU47.asc
ncols 200
nrows 200
xllcorner 440000
yllcorner 1170000
cellsize 50
[rows 84 to 125 of 200, columns 0 to 94 of 200]
3.5 3.5 7.4 7.4 7.6 7 7.4 8.1 9.2 10.7 10.9 12.4 12.5 15.3 18.9 23.2 26.3 29.3 32.8 35.1 36.7 37.4 38.2 41.7 45.8 50 55.4 60.8 66.9 73.3 79.7 85.8 91.9 95.9 98.5 101.3 104.5 108.7 113.8 114.4 113.3 108.1 103.7 99.5 94.6 90.2 90.2 87.7 83.7 76.6 67.4 61.9 58.7 55.4 50.3 45.2 40.1 34.8 32 35 38 36.8 36.5 36.2 34.7 33.4 31.6 26.7 21.9 19.5 16.9 13.1 8.3 2.2 -1 -1 -1 -1 -1 -1 -1 -1 -1 -1 -1 -1 -1 -1 -1 2.9 5.1 9.2 8 6.7 5.8
3.5 3.5 3.5 6.2 7.8 8.3 9 9.9 10.1 11.4 13 14.2 15.5 17 20.4 23.1 26.5 30.4 34.1 36.4 38.2 40.6 42.4 43.3 45.9 48.8 53.2 58.1 63.7 69.4 75.7 81.9 87.8 92.4 95.5 98.4 101.3 106.1 112.7 114.5 112.9 109.5 105.4 101.2 96.3 92.9 93.2 91.2 87.6 80.7 71 65.2 62.3 57 51.7 46.4 40.8 38.1 35.1 38.3 40.4 39.6 40.5 40.2 38.8 37.8 35.3 30.3 26.4 22.7 19 14.8 10 4.1 -1 -1 -1 -1 -1 -1 -1 -1 -1 -1 -1 -1 -1 5.4 10.2 11.8 12 15.1 15.2 13.5 11.6
3.5 3.5 3.5 6 8.5 9.2 9.7 11.2 11.9 12.3 13.5 15 17.1 19.9 22.1 24.2 27.6 31.7 35.4 37.6 39.8 42.2 44.5 45.4 47.5 48.1 52.3 56.6 61.9 67.2 71.5 77.6 83.5 88.4 91.6 94.7 97.9 103 107.9 113.1 114.4 109.8 105.7 102.6 98.2 94 92.4 88.7 85.2 80.3 74.3 68 62.8 58.6 53.1 47.4 45.2 42.7 40.5 41.8 43.4 42.8 43.8 44.2 43.3 42.3 39.3 33.8 28.7 26.7 21.3 17 11.7 6 -1 -1 -1 -1 -1 -1 -1 -1 -1 -1 -1 -1 4.1 11.4 16.5 20.6 20.2 21 22 21.1 19.5
3.5 3.5 3.5 9.3 8.5 8.6 9.8 10.6 13.4 15 16.9 17.5 19.9 22.5 25.7 27.5 29.9 32.7 36.5 39.8 42.2 44.4 47.5 50 51.2 51.1 51.4 55.6 61.3 65.3 69.2 73.4 79.2 84.8 88.2 91.1 93.7 97.9 102.6 107.8 113.7 112.1 107.8 102.6 98.5 94.8 91.4 86 82 77.9 74 69 63.6 59.6 54.5 50.3 50.3 48.2 46.1 44.1 47.3 46.9 47.2 48.2 47.2 44.9 42.7 37.1 30.4 28.7 23.5 18.5 12.3 5.7 -1 -1 -1 -1 -1 -1 -1 -1 -1 -1 -1 3.9 9.6 15.6 21.6 25.6 27.2 28.4 31.5 28.9 25.9
3.5 3.5 6.1 8.8 8.1 8.3 9.1 10 10.8 17.8 21.8 21.8 23.1 25 27.6 30.5 32.2 34.7 38.9 42.8 44.4 46.8 50.8 53.3 54.2 54.9 56 55.9 60.6 63.9 67.6 71.2 75.9 81 84.4 87.2 89.5 92.5 96.9 101.7 107 112.4 107.8 102.3 97.5 93.7 88.2 83.2 78 73.5 70.9 66.9 64.4 59.8 55.9 55.4 55.2 53.3 50.5 48.6 50 50.6 50.2 51.1 50 47.7 44.5 39.4 32.5 29.3 24.7 19.6 12.7 -1 -1 -1 -1 -1 -1 -1 -1 -1 -1 -1 6.1 10.4 14.6 20.7 26.7 30.2 31.7 33.9 38.6 33.6 29.3
3.5 3.5 8.1 8.1 9.5 10.2 10.4 10.1 11.3 18.8 18.9 21.1 27.8 27 29.5 33.2 34.2 36.8 40.9 45.2 46.9 48.5 53.6 55 56.4 57.8 58.9 60.1 61.9 64.2 66.7 69.6 73.2 76.7 80.4 83.9 85.3 88.1 91.6 96.3 101.7 107.6 106.8 102 96.5 91.6 85.4 77.3 73 69.2 66.4 65.6 65.2 63.1 61.1 59.6 59.2 57.7 54.8 54 53.5 53.4 53.4 53.3 51.7 49.8 45.5 40.3 34.8 29.4 24.6 19.9 13.4 -1 -1 -1 -1 -1 -1 -1 -1 -1 -1 2.5 8.9 13 18.3 24.9 31.6 35.9 35.7 38.8 40.9 36.8 31.1
3.5 4 7.2 8.5 10 11.4 12.8 12.3 19.1 19.5 19.6 26.6 29.4 29.2 31.9 34.8 36.2 40.6 43.4 46 47.5 46.6 55.4 57.4 59.7 61.3 61.8 63 64.5 66.6 67.4 70.2 71.3 75.1 79.4 82.1 83.8 85.4 87.8 92.1 96.9 102.2 104.9 102.8 96.3 88.8 81.4 73.6 68.6 66 65.6 65.6 66.3 66.9 65 63.8 62.3 60.6 58.4 57.3 56.4 56.1 55.1 54.5 52.9 51.1 46.9 40.2 35.4 30.3 25.5 20.1 13.5 -1 -1 -1 -1 -1 -1 -1 -1 -1 -1 8.5 12.4 16.5 21.6 28.6 35.4 40.7 41.6 42.6 41.6 39.2 36.6
2.9 4 6.6 8.3 10.5 11.8 12 14.2 19.6 19.9 22.1 28.6 29.2 30.7 35.9 38.2 40.3 42.9 45.2 47.5 47.3 50.9 57.3 60.5 62.9 64.7 65.3 65.9 67.1 69.1 69.8 70.8 72.8 74.4 78.5 80.5 82.6 84.2 85.6 88.4 92 96.5 100.1 101.3 96.9 89.2 80 70.1 65.6 65.6 65.6 65.6 68.1 69.6 68.2 67.2 65.2 63.5 61.9 60.5 59.4 58.4 57.9 56 54.3 52 46.4 40.8 36 31.2 26 19.9 11.6 -1 -1 -1 -1 -1 -1 -1 -1 -1 8.5 12.3 16 20.3 24.6 31.5 39.1 46.2 49.1 49.4 46.7 43.2 43.2
3.3 4.5 7.6 8.3 11.4 11.2 11.9 20.2 19.9 20 25.6 28.9 32.1 32.1 37.9 43.4 44.9 46.6 48.7 51.3 52.9 56.5 58.8 62.6 64.7 66.4 67.9 69.3 70 71.5 72.6 74.2 76.2 76.9 78.7 79.9 81.4 83 83.9 86.4 89.4 91.4 94.9 96.6 95 89.2 81.3 71.8 65.6 65.6 65.6 65.6 66.8 70.8 70.4 70.6 69.4 67.9 66.5 64.8 62.7 60.8 60.2 58.2 56 52.9 47.6 41.9 37.1 30.9 24.5 17.8 6.6 -1 -1 -1 -1 -1 -1 -1 -1 8.6 12.4 16.3 19.9 24 28.3 34.7 42.7 49.7 54.5 55.4 54.4 53.5 50.2
3.5 5.4 9.2 8.6 10.5 10.6 17.2 19.7 20.3 24.3 29 36.7 31.1 36.5 45 47.9 49.4 49.8 51.1 54.5 57.6 59.2 60.9 63.3 66.5 67.9 69.6 71.1 72.5 74.6 75.6 76.9 79.5 80.8 80.6 81.9 81.8 81.9 82.4 84 85.5 87.6 89.3 90.6 92 88.2 83.5 73.1 65.6 65.6 65.6 65.6 65.6 69.5 72 72.3 72.5 71.2 70 68.9 66.1 63.3 62.1 59.9 57.5 54 48.2 41.7 35.1 28.8 22.5 15.4 4.6 -0.3 -1 -1 -1 -1 -1 -1 9.7 13.7 17.4 20.9 24.1 28.2 32.1 37.7 46 52.1 57 61.2 62.8 60.7 56.4
3.5 6.5 10.3 11.1 12.3 13.7 18 19.5 20 25.5 34.3 31.3 35.6 37.4 49.7 51.2 51.7 53.7 55.9 58.6 61.1 62.8 64.7 66.5 68.5 70.3 72.1 72.9 74.7 76.4 78.1 79.6 82.4 86 84.3 81.6 81.2 80.9 81.2 81.4 81.7 83.4 84.7 85.9 87.4 87.5 84.1 77.9 65.6 65.6 65.6 65.6 66.3 71.1 74.2 73.9 74 73.5 73 71.4 69.5 66.8 63.3 60.9 58.2 54.5 48.3 41.7 34.8 28.1 21 13.1 2.7 0.1 -1 -1 -1 -1 -1 8.1 13.5 18.2 21.6 24.8 28.1 32.8 36.4 40.8 48.7 56.3 61.5 68.8 66.9 64.7 59.4
3.7 7 11 12.4 14.5 18.5 21.1 19.9 25.7 30.3 36.8 31.1 37.2 51.3 52.3 52.2 55.1 58.4 61.8 63.9 66.2 68.3 68.5 70.2 72.3 74.2 75.8 75.2 76.3 78 79.6 81.7 85.8 88.5 88.1 84.2 81.2 79.9 79.6 79.9 80 79.9 81.3 82.8 84.2 85 84.2 79.2 67.8 65.6 65.6 65.6 69.7 75 77.6 76.7 76.5 76.5 75.4 73.3 71.3 68.1 65.1 62.2 58.6 54 47.9 41.8 34.6 26.9 18.9 12 1.7 0.4 0 -0.1 0 1.6 9.1 13.3 17.7 21.1 24 26.7 32 37.7 41.6 45.9 51.6 59.4 66.2 71.3 70.6 66.7 60.6
4.1 6.7 12.1 13.5 15.2 21.3 23.9 25.8 23.2 30 31.5 33 44.3 56 57.1 56.4 59.7 63.3 66.1 68.7 70.8 73.9 72 73.8 75.9 78 78.5 76.9 76.9 78.4 79.8 82.7 86.5 89.5 87.9 84.7 80.8 79.5 78.2 78.1 77.5 77.2 78.2 79.6 81.1 81.8 82.6 80.3 71.5 65.6 65.6 65.6 69.9 75.8 79.3 79.5 79.1 78.2 76.9 74.5 72 69.2 66.8 64.3 59 53.2 47.2 41.2 33.9 25.2 18.2 11.6 5.4 0.8 0.7 0.7 3.6 10.3 14 18 22.3 25.5 27.4 30.8 37.3 43.1 47.5 52.1 56.7 61.8 68.8 71.8 71 66.8 61.8
3.7 4.9 11.8 12.4 14.7 25 28.3 34.1 35.7 32.5 43.2 54.9 56.8 58.2 60.7 61.3 63.2 66.2 69.8 71.6 73.4 75.9 75.4 77 78.6 80.5 78.3 77 76.3 77.7 79.4 82.8 85.9 87.2 86.3 83 80.1 78.8 77.3 75.7 75.1 74.6 75.5 76.5 77.9 78.7 79.6 78.1 73.5 66.3 65.6 67.5 70.9 74.8 77.8 79.8 80.2 79 77.3 74.5 71.7 68.9 66.5 62.8 56.2 50.7 45.1 38.7 30.3 22.8 17.3 12.5 7.3 2.4 -1 4.2 9.6 14.2 18.6 23.2 27.4 30.9 34.4 38.3 42.2 47.8 53.2 58.2 61.1 66 70.4 71.3 70.6 66.7 61.8
3.9 5 12 12.5 15.3 33.1 38.8 46.2 53.7 53.8 55.4 56.5 58.6 59.3 61 63.1 65.6 68.2 69.7 71.6 73.6 76 76.8 78.5 79.9 81.1 78.2 76.6 76.3 77.1 79.6 82.3 84.8 86.2 84.9 81.9 79.5 77.9 76 74.6 73.1 72.1 72.8 73.8 74.8 75.7 76.5 75.7 72.6 69.6 68.6 69 70.5 73.5 75.6 77.3 78.7 79 76.5 74 71.3 68.4 64.7 60.7 54.1 47.5 41.8 35.5 27.7 20.1 15.6 11.4 7.3 5.1 -1 8.6 13.6 19 23.9 28.9 34.6 39.6 44.5 46.1 49.4 53.7 59.9 65.2 66.5 68.4 70.9 71.5 69.6 66.3 63.2
4.2 5 11.7 11.9 14.3 34.3 43.1 49.2 56.8 57.9 59.2 60.3 60.3 60.7 62.5 64.9 67.5 70.1 70.9 71.6 73.5 75.4 76.7 78.2 78.9 79.1 77.1 76.2 75.8 76.8 78 80.2 81.9 83.4 84 80.8 78.5 76.6 74.7 73.5 71.9 69.5 69.3 69.9 71 72 72.9 73.1 71.9 70 68.8 68.8 70 71.6 73.2 74.6 75.8 76.3 75.1 72.9 70.5 67.2 63.5 57.8 50.9 44.5 38.4 31.7 24.3 17.8 14 9.7 7.1 -1 -1 11.7 17.5 23.2 29.1 34.2 42.4 48.8 52.7 54.7 56.8 61.3 66.2 71.3 70 69.4 71.5 71.8 71 67.9 64.5
4 5 12.5 12.9 13.6 34.6 42.5 48.8 56.1 59.2 61.3 63.2 64.6 62.1 63.5 66.3 68.9 71 70.3 70 71.6 72.4 74.5 76.9 78.3 78.6 76.1 78.3 78.4 78.6 78.7 80.1 81 82.7 81.3 80 77.8 75.7 73.5 72 67.9 63.4 60.5 61.7 64.2 66 67.6 67.7 68 66.2 65.3 64.8 66.2 68.1 69.4 70 71.1 72 72.1 70.9 67.4 63.3 59 54.6 47.7 40.7 34 27.2 20.3 17.4 12.6 8.2 3.4 6 11.3 15.8 20.7 26.8 33.6 41.5 50.6 58 60.6 62.7 65 69.5 73.4 75.9 75.4 74 71.8 71.4 70.7 68.7 65.7
-1 4.9 12 12.3 13.2 32.1 40 47.8 54 57.8 60.6 63 65.9 64.9 62.4 63.5 65.5 67.5 66.9 67.3 68.3 69.2 71.4 72.6 73.5 73.8 74.5 77.6 79 78.9 78.7 78.9 80.3 81 81 79.2 76.8 74.5 72.5 70.4 66.7 61.8 59.4 59 60.4 59.9 62.1 62.5 63.8 62.1 61.3 61.5 61.8 63.3 64.8 66.5 68.5 70.2 69.9 66.7 61.7 58 54.3 49.7 43.5 36.5 30.8 25.4 18.8 15.6 12.1 9.4 8.2 9.3 10.9 16.8 22.9 29.1 39.7 49 57.7 64 67.6 70.5 73.2 75.5 77.4 78.7 78.2 76.1 72.2 70.1 69.1 68.1 65.6
-1 5.5 12 12.3 18.4 30 37.9 45.5 50.7 54.7 58.4 61 63.8 63.6 61.4 60.8 62.4 63 62.5 62.8 64.4 65.9 67.1 68.3 69.6 69.7 70.5 74.2 79.3 79.1 78.8 78.9 79.3 80.7 80.2 78.2 75.4 72.9 71.2 69.7 65.7 61 59 59.1 57.6 56.7 57.6 58.1 58.8 59.2 57 57.6 59.4 60.2 60.9 61.9 63.5 64.3 62.9 60.7 57.6 53.9 49.6 44.8 39.3 33.3 27.7 22.2 16.8 13 10.5 9.9 8.7 10.1 13.6 18.5 25.2 33.6 44.6 56.3 65 71.5 74 77.6 78.9 80 80.9 80.7 80 76.8 72.3 69.7 68.6 67.3 65.4
-1 6.2 11.5 16.4 22.5 28.9 35.3 41.2 47 52 55.7 58.5 61.3 61.2 58.7 56.5 58.3 58.1 58.3 60.3 61.1 61.8 63.1 64.6 65.9 68 70.1 73.1 78.2 80 78.9 78.9 78.9 79.8 79.5 77.1 74 71.3 70.1 68.5 64.5 61.4 57.7 56.2 54.7 54.3 53.9 53.3 52.1 51.6 51.6 51.6 53.5 56.1 57.9 58.8 59.6 59.8 58.7 56.6 53.5 50.2 44.2 38.6 34.8 29.5 24.6 19.5 14.6 10.7 9.1 9.3 9.7 11.7 15.7 21.2 28.9 38.1 50.5 63.2 73.3 76.1 78.8 82.1 82.8 83.4 81.6 81.1 79.8 75.5 70.3 69.1 67.7 66.4 64.4
-1 4.1 9.9 15.8 21.5 26.6 32.9 38.8 43.6 48.1 52.2 55.7 57.2 55.4 53.4 51.3 52.3 52.8 54 55.4 57.1 58.5 60 61.3 63.2 65.7 68.4 72 76.8 80.1 79 79.1 81 80.8 80 77.3 73.7 69.5 68 64.4 62.2 60.2 56.3 53.4 52.3 51.8 51.6 51.6 51.6 51.6 51.6 51.6 51.6 56.4 55.4 55.8 56.5 56.3 54.9 52.5 49.7 46.6 41.1 35.3 30.1 23.9 20.1 17.1 15.2 10.2 10.7 11.9 13.2 14.9 17.4 23.3 32.4 41.7 54.4 66.6 75.5 80 82.9 85.6 86.9 86.1 82.3 80.8 76.8 72 70 68.4 66.7 65.3 63
-1 -1 10.1 15 21 26.4 31.1 35.8 40.3 44.4 47.5 50.7 49.2 48.3 46.1 46.3 46.6 47.8 49.3 50.9 52.5 54.4 56.7 58.5 60.5 63.4 66.4 69.9 73.9 76.4 78.5 79.4 80.7 81 81 79.9 74.8 71.7 65.9 60.8 59.6 57.7 52.6 51.6 51.6 51.6 51.6 51.6 51.6 51.6 51.6 51.6 52.5 55.5 54.3 53.2 53.1 52.7 51.1 49.2 47.3 44.5 41.2 35.6 28.1 22.1 18.7 18.4 16.6 14.8 15.5 15.6 17.7 19.5 21.3 26.4 35.7 45.9 57.9 69.2 77.1 82.1 85.7 88.3 89.5 88.8 84.2 79.8 74.6 69.2 68.5 67.3 65.8 64 61.6
-1 -1 5 11.1 16.5 21.7 26.4 31.1 35.6 37.9 40.9 43 42.2 40.7 40.2 40.8 41.6 43.1 44.6 46.1 47.6 50.2 52.3 54.9 58.4 61.6 64.6 67.5 69.9 72.4 75 76.9 79.5 80.8 81 80.8 78.1 73.4 67.9 61.3 57.9 53.8 51.6 51.6 51.6 51.6 51.6 51.6 51.6 51.6 51.6 54.3 58.7 55.9 53.1 51.9 51.3 50.6 48.4 46.6 44.9 42.8 40.9 35.6 28.6 22.1 18.8 19.4 20.2 19.7 19.9 20.1 20.8 23.1 26.1 29.8 38.2 48.2 58.9 69.1 75 80.2 84.6 89.1 91.5 89.1 83.9 78 72.9 68.8 66.9 66 64.6 62.7 61.6
-1 -1 -1 8.5 10.4 16 21.1 25.9 29.8 33.4 35.5 37.4 37.3 35.8 36.2 36.6 36.9 38.3 39.8 41.2 43.1 45.9 49.6 53.2 56.6 59.9 62.4 63.7 65.8 68.4 71 73.8 77.5 79.4 81 81 79.6 74.8 69.4 62.7 57 51.7 51.6 51.6 51.6 51.6 51.6 51.6 51.6 51.6 51.6 53.2 56.7 55.6 53 50.9 50.2 49.2 46.4 44.2 42.6 40.8 39.9 34 27.8 21.7 19.3 21.5 23.7 23.2 23.6 24.2 25.2 27.6 30 31.9 41.2 50 59.8 66.2 71.8 76.9 82.6 87.7 91 87.7 81.5 75.6 70.2 67 65.1 63.7 62.5 60.9 60.8
-1 -1 -1 -1 7.5 12 16.5 20.1 23.8 27.6 30.3 31.6 31.8 31.2 32.3 32.7 33 33.3 35.8 37.1 40.4 43.9 47.3 51.3 54.3 57.2 59.2 60.1 61.7 64.1 66.6 69.5 73.2 76.8 78.8 80.8 79.8 74.4 68.8 63.3 57.2 51.6 51.6 51.6 51.6 51.6 51.6 51.6 51.6 51.6 51.8 52.5 54.5 54.9 52.5 51.7 50.5 48.3 45.2 41.9 40.4 39 36.6 30.4 25.3 20.1 19.8 24 26.6 26.4 27 27.8 30.1 32.6 36 38.4 42.7 51.3 58.3 64.4 68.8 73.7 81.3 86.4 87.6 83.7 78.1 71.9 67.2 63.5 61.3 59.9 58.5 59.1 60.9
-1 -1 -1 -1 -1 8.1 12.5 15.6 18.5 21.7 24.9 25.7 26.1 27.1 28 28.5 28.8 29.1 31.5 34.5 37.2 39.8 43.9 49.3 51 53.6 55.2 56.9 57.8 60.2 60.5 63.2 67.6 71.5 74.8 76.7 75.6 72.7 69.1 63.5 57.5 52.6 51.7 51.6 51.6 51.6 51.6 51.6 51.6 51.6 52 53.1 53.3 53.3 53 51.9 50.4 48.1 44.8 41.4 38.1 33.6 30.6 28.5 23.8 20.4 21 25.9 28.7 29 31 32.5 35 38.1 41.9 45.3 48.4 53.6 58 63.2 67.3 72.8 81.3 84.1 84.7 80.9 74.2 68.5 64 58.8 56.4 54.4 52.5 53.7 54.7
-1 -1 -1 -1 -1 -1 8.3 11.2 14.3 17.5 20.1 21.5 21.8 22.8 23.4 24 24.6 25 26.9 29.3 31.9 34.5 38.9 42.7 46.1 49.5 51.8 53.6 54.7 54.8 55.7 57.3 60.7 65.1 69.7 71.9 71.3 71 69.1 63.7 59.4 55.9 53.9 52.5 51.6 51.6 51.6 51.6 51.6 51.6 51.9 52.9 53.3 53.3 52.6 51.6 50.4 48.3 44.6 40.9 37.1 32.6 29.3 29.4 25.7 22.5 24.1 29 31.3 31.7 34.4 36.5 38.9 43.1 48.3 50.1 53.2 55.8 58.8 63.8 69.1 75 81.1 81.8 81.4 78.1 69.4 65 59.1 53.3 50.4 48.9 47.4 49.1 47
-1 -1 -1 -1 -1 -1 -1 7.7 10 13.1 15.1 16.7 18.2 18.8 19.3 19.7 20.2 20.8 23.9 26.2 27.9 29.9 33.9 37 40.9 45 47.6 49.9 49.7 49.4 49.8 51.5 54.8 59 63.4 66.5 67.2 67.6 67.3 63.6 60.6 57.7 55.7 54.3 52.9 51.6 51.6 51.6 51.6 51.6 53 56.8 58.8 57.5 53.9 53.6 52.2 47.9 43.9 40 36.4 31.9 30.1 29.1 28.7 26.2 28 32.3 35.1 36.7 38 40.2 44.5 48.6 51.6 54.6 57 59.1 62 67.5 70.9 75.9 78.9 81.1 80.4 73.3 66.2 60 53.8 48.5 45.9 44 42.9 41.7 39.4
-1 -1 -1 -1 -1 -1 -1 -1 4.9 8.4 10.7 13.1 14.1 15.1 15.7 16.1 16.4 16.9 20.3 21.1 24 25.4 28.4 31.7 36.5 40 42.4 44.3 44.1 44.1 45.2 46.8 49.8 53.6 57.3 60.9 63.5 64.2 63.8 63.3 60.5 59.4 57.4 55.9 54.1 52.3 51.6 51.6 51.6 51.6 53.8 56.1 58.3 58.5 56.7 54.6 51.4 47.9 42.7 38.5 35.5 33.2 31.3 29.6 29 29.7 30.5 34.7 37.4 39.2 41.1 45.8 50.2 52.2 54.9 57.9 60.9 64.3 68 72 74 76 77 78.8 73.7 68.1 62.8 55.3 46.8 43 40.6 39.1 39.4 36.6 33.7
-1 -1 -1 -1 -1 -1 -1 -1 -1 -1 6.6 8.6 10.1 11.3 11.9 12.5 12.8 14.2 16.4 17.4 19.5 21.5 24 28.1 32.6 35.2 37 37.8 38.9 39.8 41.1 44.1 46.3 49.5 53.2 57.1 60.1 61.7 61.3 61.1 60.6 59 58.3 56.4 54.5 52.7 51.6 51.6 51.6 52.1 53.9 55.8 57.8 59.4 58.1 56 51.4 47.6 41.9 38.6 36.4 34.4 32.6 30.7 30.9 31.2 33 37.3 40 41.5 45 50.4 54.1 56.2 58 61 64 68.3 72.2 72.3 74.5 74.3 73.8 71.9 67.7 63.2 58 49.1 41.3 37.1 33 33.9 32.9 31.3 28.3
-1 -1 -1 -1 -1 -1 -1 -1 -1 -1 -1 4.6 6.1 7.6 8.2 8.8 9.3 10.8 12.9 14.1 15.9 18.3 21 24.6 28.2 29.7 31.1 31.6 33.9 36.3 39.5 42.1 44.3 46.6 49.1 53.1 58.1 61.1 61.1 61.1 60 59 59 57.3 55.4 53.5 52.9 51.9 51.6 53.7 55.2 56.5 58.4 59.5 60.4 56.4 52.5 47.4 42.7 40 37.7 35.7 33.8 31.7 31.5 33 34.5 39.4 42.7 44.3 49 52.5 56.6 59 60.4 62.9 66.5 70.5 71.5 72.1 73.8 70.9 67.8 65.5 61.8 57.3 49.4 44 37.1 31.7 29.5 28.2 27.5 22.9 18
-1 -1 -1 -1 -1 -1 -1 -1 -1 -1 -1 -1 4.8 4.3 4.9 5.4 7.1 9.1 10.6 12.4 13.9 15.8 19.3 21.5 23.8 25.8 27.1 28.7 30 32.5 36.8 40.1 42.3 44.6 47 50.7 54.7 57.8 59.6 59.8 59 59.1 59 58.2 56.3 55.4 54.9 53.9 53 54.9 57.5 58.7 57.9 57.3 58.5 54.7 50.7 47.8 43.6 41.3 39 36.8 34.7 33.3 33.5 35 36.2 40.1 43.9 46.7 49.5 53.7 58.8 61.2 61.5 64.4 67 69.3 70.4 68.7 66.4 63.7 61.2 59.1 56 50 44 38.5 31.1 27.1 25.3 24.1 18.5 12.8 -1
-1 -1 -1 -1 -1 -1 -1 -1 -1 -1 -1 -1 -1 -1 1.5 3.5 5 6.7 8.5 10.5 12.4 14.5 17.5 19.2 21 22.6 24.3 26.1 29.1 30.4 34.1 38.1 40.4 43.4 46.9 49.5 51.1 55 56.9 58.2 58.6 59.3 59.1 59 57.9 57.9 56.8 55.6 56 57.4 56.1 56.3 55.5 54.8 53.8 51.7 49.7 47 44.3 41.7 39.1 37.3 35.7 35.1 35.5 36.7 37.9 41.8 42.5 46.2 49.1 52.9 58.1 61 61.4 63.1 65.4 66.5 66.6 63.5 58.4 55.2 52.8 51.8 48.9 45.6 39.3 34.7 28.9 24.3 22.4 17.5 10.6 -1 -1
-1 -1 -1 -1 -1 -1 -1 -1 -1 -1 -1 -1 -1 -1 -1 -1 2.7 5.2 6.6 8.5 10.9 13.6 16.2 18.3 20.4 20.5 21.3 25.4 29.4 32.3 34.4 36.6 40.3 44 47.6 50.2 50.8 52.8 54 55.6 57.1 59.1 60.5 60.6 60.7 59.7 58.4 57.5 56.6 52.6 51.3 53.6 53 52.2 51.3 50.5 48.6 46.2 43.7 41.2 39 37.6 36.8 36.8 37.3 38.2 39.6 39.8 41.2 45.9 48 50.9 54.9 58.1 60.7 61.9 62.5 63.7 62.1 57.3 51.4 47.3 44.8 43.2 41 36.8 32.1 26.9 24.9 17.4 12.7 -1 -1 -1 -1
-1 -1 -1 -1 -1 -1 -1 -1 -1 -1 -1 -1 -1 -1 -1 -1 -1 4.9 5.4 7.4 10.1 12.4 15.3 17.1 17.9 20 20.2 24.4 28.5 31.6 33.8 36.5 39.6 43.4 47.7 50.7 50.3 50.8 52.3 53.9 55.4 57.4 59.5 61.1 61.1 61.1 59.7 58.9 56.8 52.4 49.3 51.4 51.3 50.8 49.7 48.6 47.2 45.4 42.8 40.5 40 37.9 37.9 37.8 38 38.7 39.1 39.5 40.9 44.3 47.6 49.2 51.1 54.4 57.2 57.8 58.1 59.1 57.7 52.1 45.3 40.1 37.9 36.8 33.6 25 21 19.3 16.3 8.2 -1 -1 -1 -1 -1
-1 -1 -1 -1 -1 -1 -1 -1 -1 -1 -1 -1 -1 -1 -1 -1 -1 5.6 6.8 8.2 8.6 9.9 14.2 15.8 17.3 19.3 19.6 23.9 28 31 33.3 36.3 39.3 42.4 46.3 48.7 50 49.9 50.7 52.2 53.8 55.9 58.1 59.9 61.1 61.1 60.4 59.8 58.7 54.6 50.3 49.8 50.2 49.4 48.3 47.3 46.4 44 41.8 41.5 40.8 38.8 38.6 38.3 37.8 38.5 38.9 40.5 41.2 42.7 45.5 47.3 48.2 50.8 52.3 52.2 51.9 53.3 50.6 45.8 38.8 32.1 29.1 24.8 21.5 19.3 15 8.8 -1 -1 -1 -1 -1 -1 -1
-1 -1 -1 -1 -1 -1 -1 -1 -1 -1 -1 -1 -1 -1 -1 -1 -1 5.7 8.2 8.7 9 9.8 11.2 14.2 16.5 19.1 20.6 23 27.3 30.4 33.1 36 38.8 41.1 44.7 46.2 47.3 47.7 48.7 50.2 51.8 54.2 56.6 58.8 60.9 61 60.9 59.6 61.1 56.4 51 49.2 49.1 48.4 47.4 46.5 45.7 45 42.8 40.1 40.3 38.8 38.7 38.6 37.6 38 38.9 41 41.1 41.3 42.7 43.6 45.3 46.3 46.4 45.9 45.3 45.2 41.7 35.9 29.8 25.8 19.1 17.6 14.3 6 -1 -1 -1 -1 -1 -1 -1 -1 -1
-1 -1 -1 -1 -1 -1 -1 -1 -1 -1 -1 -1 -1 -1 -1 -1 -1 4.7 5.2 8.2 10 10.7 11.7 13.6 15.5 17.3 19.1 21.7 26.1 28.4 31.3 34.6 37.7 40.6 42.7 44.2 44.9 45.2 46.2 47.8 49.5 51.6 54 56.4 59.2 60.4 60.2 60.9 59.2 55.3 50.9 48.9 47.8 47.6 46.7 45.8 45.1 44.7 44.1 41.9 40.6 38.9 38.9 38.8 37.4 35.8 38.4 40.2 40.6 39.2 38.4 38.2 38.8 40.3 41.4 40.2 37.4 35.3 34.2 26.3 20.5 18.2 13.6 6.2 -1 -1 -1 -1 -1 -1 -1 -1 -1 -1 -1
-1 -1 -1 -1 -1 -1 -1 -1 -1 -1 -1 -1 -1 -1 -1 -1 -1 3.1 2 4.8 6.8 9.4 10.6 13 14.1 15.4 17.5 20.6 23.4 25.8 28.6 31.8 35.3 39.8 41.1 40.8 42.5 42.2 43.7 45.3 47.1 49.1 51.6 54.5 57.3 58.5 58.9 57.7 55.4 52 50 47.8 46.4 45.9 45.9 45.2 45.1 44.6 44 43.2 41.7 40 39.3 39.1 35.2 32.8 34.4 35.9 36.1 35 33.9 32.7 32.2 32.7 33.6 33.3 32.2 32.5 26.6 20.1 17.7 8.8 0.8 0.1 -1 -1 -1 -1 -1 -1 -1 -1 -1 -1 -1
-1 -1 -1 -1 -1 -1 -1 -1 -1 -1 -1 -1 -1 -1 -1 -1 0.1 3.5 0.4 1.4 3.9 6.4 8.9 10.9 12.5 13.7 15.5 18.3 20.9 23.3 26.1 29 32.5 38 40.1 39 38.9 39.7 41.3 42.9 44.8 45.8 48.3 51.1 53.3 55.3 55.7 54.8 53 50.6 49.1 47.3 45.5 45.5 45.5 45.4 45.1 44.5 43.9 43.4 42.6 41.6 40.3 37.6 31.4 30.4 30.7 31.5 30.8 30.9 29.7 25.5 26 25.7 25.9 26.5 26.3 24.3 17.8 11.2 2.8 -1 -0.2 -0.8 -1 -1 -1 -1 -1 -1 -1 -1 -1 -1 -1
-1 -1 -1 -1 -1 -1 -1 -1 -1 -1 -1 -1 -1 -1 -1 -1 -1 0.7 1.8 -1 2 4.1 6.4 8.3 10.5 10.7 12.6 16.4 19.7 20.7 23.5 26 29.6 33.5 34.7 34.3 34.8 35.9 37.9 39.9 40.4 42.5 44.9 47.1 49.4 51.6 51.2 51 50.8 49.1 48 46.5 45.5 45.5 45.5 45.5 45.4 45 44.6 44.1 43 41.9 40.8 37.8 33.4 29.9 26.2 24.8 25 24.3 23.3 20 20 19.6 17.7 17.7 13.1 9.3 7.2 0.6 -1 -0.6 -1 -1 -1 -1 -1 -1 -1 -1 -1 -1 -1 -1 -1
4.1 -1 -1 -1 -1 -1 -1 -1 -1 -1 -1 -1 -1 -1 -1 -1 -0.4 0.7 3 -1 -1 1.7 4.2 6.2 7.1 8.1 10.3 12.8 15.8 19.1 21.3 21.5 24 27 28.5 29.9 31.1 32.1 33.9 35.9 37.5 39.2 40.6 42.8 44.8 46.6 46.8 47.3 47.7 47.4 46.5 45.5 45.5 45.5 45.5 46 46.6 45.9 45.4 44.3 42.8 41.6 40 36.4 32.3 27.6 21 18.5 17.3 15.8 15.7 13.8 13.3 11.6 8.8 8.7 7.2 6.6 3.7 -1 -0.2 0.2 0.1 0.1 -0.1 -1 -1 -1 -1 -1 -1 -1 -1 -1 -1
