data/HU48.asc
ncols 200
nrows 200
xllcorner 440000
yllcorner 1180000
cellsize 50
[rows 111 to 147 of 200, columns 83 to 165 of 200]
-0.9 -0.9 -0.9 -0.9 -0.9 -0.9 -0.9 -0.9 -0.9 -0.9 -0.9 -0.9 5 23.8 27.4 29.9 30.9 34.2 39 48.6 58.2 63.1 66.4 65.1 72.5 85.3 98.3 110.5 122.9 131.6 131 129.7 130.6 132.3 132.9 137.6 137.9 130.6 121.4 121.4 121.4 121.4 121.4 122.1 122.6 121.1 121.2 120.2 118 111.6 103.6 99.7 98.3 96.6 95.8 95.4 95 94.3 94.8 96.2 96.2 94.3 92.4 90.7 84.7 79.4 69.5 60.7 52.8 45.6 41.5 44.9 50.1 58.5 62.3 65.9 69.5 71.3 73.3 75.4 77.4 77.3 76.7
-0.9 -0.9 -0.9 -0.9 -0.9 -0.9 -0.9 -0.9 -0.9 -0.9 -0.9 -0.9 -0.9 23.7 27.7 30.8 31.2 34.3 42.7 50.2 59.9 64.4 67 66.5 71.4 85.4 100.1 113.5 123.9 133.5 136.3 135.8 134 136.3 136.1 138.9 138.3 133 121.7 121.9 121.4 121.4 121.4 123.7 123.8 122.4 121.3 121.4 120.5 113.9 105.7 99.7 98.2 96.6 95.4 94.8 94.2 94.5 95.5 94.3 93.6 92.7 91.9 89.2 83.4 76.4 69.3 60.4 51.8 43.9 39.4 41.5 50.2 55.8 60 63.6 67.2 69.1 70.9 72.1 73.4 73 71.7
-0.9 -0.9 -0.9 -0.9 -0.9 -0.9 -0.9 -0.9 -0.9 -0.9 -0.9 -0.9 -0.9 21.5 26.9 29.1 31.8 35.8 43.5 51.7 59.5 64.2 66.7 68 72.6 85.5 101.6 115.1 124.8 133.1 138.5 139.2 142 142.7 141.5 139.9 140 135.9 122.8 121.4 121.4 121.4 121.4 123.9 123.7 122.9 122.2 122.6 121.5 115.5 106 100.7 98 96.3 94.7 94.1 93.6 96.3 92.8 91.3 90 89.7 90.2 87 81.6 74.9 67.5 58.2 50.2 40.2 40.6 42.1 49.9 54.5 58.8 61.3 64.8 67.9 69.1 69.3 69.7 69 66.4
-0.9 -0.9 -0.9 -0.9 -0.9 -0.9 -0.9 -0.9 -0.9 -0.9 -0.9 -0.9 -0.9 15.4 24.8 27.5 31.1 36.9 43.9 52 58.3 62.8 65.3 67.1 74.6 87.6 101.7 114.3 126 135.7 143.6 143.7 146.4 147.9 143.9 141.4 139.5 133.5 125.2 122 121.4 121.4 121.4 123.9 123.4 122.8 122.7 122.9 122.3 117.9 107.5 100.9 98.3 95.9 94.3 93.6 95 93.6 89.3 89.4 88.9 88.8 87.2 83.1 81.2 74.5 66.7 56.8 49 40.4 38.7 41 46.7 52.5 56.2 60.2 63.5 64.3 63.8 64.4 64.3 62.4 58.1
-0.9 -0.9 -0.9 -0.9 -0.9 -0.9 -0.9 -0.9 -0.9 -0.9 -0.9 -0.9 -0.9 4.6 21.6 26.4 29.3 34.9 42.3 50.4 57 61.5 63.7 66.1 75.3 88.5 102.1 114.6 125.6 139.6 148.3 149 150.9 151.4 146.9 144.4 140 132.6 126 123.2 121.4 121.4 121.4 121.4 125.1 124.9 124.4 125.7 123.6 118.1 108.2 101.2 98 95.3 94.8 94.4 93 90.8 90.8 89 88.2 87.4 86.3 81.8 80.3 77.4 69.9 60.7 52.8 43 36.6 38.9 43.5 49.5 53.8 59.4 61 60.8 60.5 60.7 58.6 54.5 61.8
-0.9 -0.9 -0.9 -0.9 -0.9 -0.9 -0.9 -0.9 -0.9 -0.9 -0.9 -0.9 -0.9 8.7 18.9 25.1 27.9 32.9 40.6 49.8 55.8 59.8 63.4 64 75 88.1 101.7 113.7 125.3 140.5 152.3 153.7 153.1 154.6 151.5 150.2 143.5 136.2 127.8 124.3 122.1 121.4 121.4 121.4 126.8 125.3 124.6 127.2 124.9 119.1 108.9 100.8 98.2 97.2 96.9 96.4 93.8 90.5 89.1 88.3 87.6 86.7 86.8 85.4 84.6 81.7 73.8 65.2 55.6 45.3 38.4 36.8 40.8 46.5 50.8 54.2 57.2 55.9 52.9 49 53.4 57.4 63.8
-0.9 -0.9 -0.9 -0.9 -0.9 -0.9 -0.9 -0.9 -0.9 -0.9 -0.9 -0.9 -0.9 7.7 15.6 23.5 27 31.8 40.8 50.2 54.9 58.6 62.2 64.6 73.2 87.2 99.5 112 124.3 140.4 153.7 155.7 155.6 157 156.1 153.9 147.9 138.3 132.2 127.2 123.6 121.5 121.4 121.4 125.9 123.7 127.4 127.8 126 119.1 109.6 101.7 99.4 100 100.9 98.2 95 91.5 89.1 88.1 87.1 87.6 88.3 90 89.8 85.1 79.1 68.3 58.5 49.1 39.8 36.5 37.8 39.7 44.4 47.5 50 47.5 43.4 50.8 55.3 59.8 64.3
-0.9 -0.9 -0.9 -0.9 -0.9 -0.9 -0.9 -0.9 -0.9 -0.9 -0.9 -0.9 -0.9 6 11.3 21.2 25.4 30.6 41.4 49 53.9 57.3 60.4 63.7 69.7 84 97.8 109 120.3 140.6 155.4 157 156.9 158.4 159.2 156.1 148.6 140 133.2 129.5 124.6 122.2 121.4 121.4 122.9 123.7 127.6 129.3 124.1 118.5 110 102.9 100.2 99.9 100.9 98.5 94.9 91.4 89.1 88.1 87.2 88.4 89.6 91.7 91.9 86.9 79.6 72.7 63.9 54 43.6 37.6 35.5 39 41.5 42 42.2 42.6 45.8 51.2 55.7 60.5 65.3
-0.9 -0.9 -0.9 -0.9 -0.9 -0.9 -0.9 -0.9 -0.9 -0.9 -0.9 -0.9 -0.9 -0.9 9.4 15.9 21.3 28.6 39.3 46.9 52.1 56.7 57.6 60.5 66.1 80 93.1 105.8 120.4 142.3 156.9 160.9 158.1 159.5 158.3 157 148.1 140.3 132.9 129.1 124.5 122.8 122.8 123.5 125.2 124.4 126.6 127.7 123.9 117.9 109.6 103.4 102.2 100.9 100.8 99.3 95.8 92.8 89.4 86.9 87.3 89.3 90.8 93.5 93.3 87.5 81.5 76.3 70 60.4 49.5 39 33.8 36.6 38.6 37.8 37.7 42.8 48.1 52.4 56.9 61.4 66
-0.9 -0.9 -0.9 -0.9 -0.9 -0.9 -0.9 -0.9 -0.9 -0.9 -0.9 -0.9 -0.9 -0.9 -0.9 11.8 17.9 25.3 35.5 43.3 46.8 52.5 53.4 56.3 61 74.5 87 97.7 119.7 140.4 156.3 162.2 160.1 159.7 158.9 156.5 148.7 141 132.9 127.7 125.2 123.4 124 124.9 125.1 124.2 125.1 125.9 122.9 116.5 108.1 104.5 103.1 101.3 100 99.6 96 91.5 88.2 85.4 87.3 90.4 92.2 93.8 91.1 87.8 82.5 78 72.2 64 52.7 41.2 32.2 33.5 35.1 35.8 39.3 44.1 48.6 53.4 58.6 60.8 65.5
-0.9 -0.9 -0.9 -0.9 -0.9 -0.9 -0.9 -0.9 -0.9 -0.9 -0.9 -0.9 -0.9 -0.9 -0.9 7.8 12.4 19.8 31.3 38.9 43.5 46.8 50.5 52.4 53.7 69.7 83.6 97.8 116.3 136.3 153 162.2 162.3 161 159.9 155.8 148.8 141.1 131.4 127.3 125.7 124.9 125.9 124.6 124.2 124.7 124.1 125.1 121.4 116.1 109.1 105.4 102.4 100.8 99.3 99.5 96 92.1 88.5 84.1 87.9 91 91.6 92.1 90.1 86.8 82 77.9 73.2 66.2 56.7 43.5 32.4 30.7 32.1 34.9 40 43.4 49.2 53.6 57.2 60 65.1
-0.9 -0.9 -0.9 -0.9 -0.9 -0.9 -0.9 -0.9 -0.9 -0.9 -0.9 -0.9 -0.9 -0.9 -0.9 -0.9 9.5 17.3 26.4 34.6 38.6 41.1 44.6 46.9 48 61.5 77.8 93.4 113.2 133.3 149.9 161.9 164.1 162.2 159.4 153.8 148.6 141.4 130.7 127.2 126 126.8 126.2 124.1 122.8 123 123.5 122.8 120.8 114 108.8 104.8 102.3 101.2 100.7 100 96.6 93 89.4 84 89.1 90.9 91 91.1 90.4 86 81.5 76.6 72.3 65.6 56.7 45.8 32.8 30.4 30.6 33.9 38.2 43.3 49.6 52.9 55.9 60.2 67
-0.9 -0.9 -0.9 -0.9 -0.9 -0.9 -0.9 -0.9 -0.9 -0.9 -0.9 -0.9 -0.9 -0.9 -0.9 -0.9 -0.9 14.5 22.9 30.9 34.4 38 39.4 41.7 44.7 57.5 73.1 95.3 111.5 130.1 145.8 157.8 163.4 161.4 157.7 153.2 147.8 140.8 132.9 127.9 125.6 125.4 125.6 123.7 122.8 122.3 121.5 120.5 118.7 111.9 107.9 104.5 102.1 100.4 99.9 97.8 93.7 90.5 86.4 82.2 86.6 89 89.5 90.5 88.4 83.9 79 74.6 69.3 63.5 54.2 43.4 32.5 29.7 30.2 32.5 37 41.6 47.9 50.7 53.7 59.8 66.4
-0.9 -0.9 -0.9 -0.9 -0.9 -0.9 -0.9 -0.9 -0.9 -0.9 -0.9 -0.9 -0.9 -0.9 -0.9 -0.9 -0.9 10.9 16.9 25.4 29.8 34.3 36.7 37 42.6 55.9 69 87.3 111.3 125.4 139.6 157.6 163.5 161 158.4 152.9 147.2 141.4 132.3 127.3 125.2 124.9 124.1 124.4 123 121.7 120.8 120 116.3 111.3 107.9 105.1 101.6 99.8 96.6 91.5 91 90 84.9 80 81.8 85 86.3 87.1 85.3 81 75.7 70.1 65.3 60.3 50.3 40.1 32.8 29.6 30.6 31.6 34.9 39.2 43.1 47.5 52.3 60.3 68.2
-0.9 -0.9 -0.9 -0.9 -0.9 -0.9 -0.9 -0.9 -0.9 -0.9 -0.9 -0.9 -0.9 -0.9 -0.9 -0.9 -0.9 7.4 15.3 21.4 26.5 30.7 33.7 34.6 41.3 53.9 64.1 81.4 103 118.9 133.2 155.5 162.8 160.2 156.9 150.3 145.5 140.5 131.3 126.7 124 127.2 127.1 124.8 123.5 122.3 120.2 118 115.6 111.5 109.5 106.3 103.1 101.3 98.7 93.1 90.1 85.8 81.1 79 79.4 80.8 82 82.8 82.1 77.8 72.3 65.9 59 53.6 46.4 38.8 32.1 29 29 31 31.9 35.2 38.5 43.4 51 59.2 67.6
-0.9 -0.9 -0.9 -0.9 -0.9 -0.9 -0.9 -0.9 -0.9 -0.9 -0.9 -0.9 -0.9 -0.9 -0.9 -0.9 -0.9 5.7 11.9 17.4 21.9 27.1 30.5 31.5 36.1 51.7 63.5 75.6 93.1 111.3 129.8 151 159.8 159.4 155.3 148.7 143.9 138.9 131.4 127 121.3 125.4 126.9 125.8 125 124.9 122.5 120.7 117.6 113.4 110.6 109 106.3 104.4 100.4 94.1 90.8 86.5 81.2 76.4 74.2 74.2 76.5 77.6 76.1 70.5 64.4 57.2 52.8 47.7 40.3 35.9 33.1 29.8 27.6 27.6 29.1 31.1 35.6 41.8 49.2 57.8 67
-0.9 -0.9 -0.9 -0.9 -0.9 -0.9 -0.9 -0.9 -0.9 -0.9 -0.9 -0.9 -0.9 -0.9 -0.9 -0.9 -0.9 -0.9 9.1 14.5 21.3 25.1 27.3 28.1 34.5 45.4 59.8 67.4 87.4 102.8 125.2 142.1 155.9 156.1 152 146.9 141.3 136.1 130.3 125.3 119.5 124.8 126.3 127.2 127.4 125.9 124.2 121.1 118.8 116.2 113.5 110.8 110.2 107 102 95.8 91 88.2 82.8 77.9 74.1 70.4 69.5 70.3 68.9 65.5 67.8 64.5 62.8 56.2 47.5 40.7 35.2 29.8 27.7 25.8 27.4 29.1 34.1 41 50.4 58.8 68.1
-0.9 -0.9 -0.9 -0.9 -0.9 -0.9 -0.9 -0.9 -0.9 -0.9 -0.9 -0.9 -0.9 -0.9 -0.9 -0.9 -0.9 -0.9 -0.9 13.8 19.3 22.6 24.6 27.8 32.4 41.3 53.2 64.5 81.2 98.5 120.1 137.4 151.7 151.7 149.2 144.1 138.3 133.4 128.5 123.9 119 123.4 127.8 129.1 129.1 130 127.2 123.9 120.5 118.3 116.1 113.9 111.7 109.4 105.9 99.7 95.4 93.2 86.8 80.1 76.8 72.3 70.8 69 69.3 70.3 70.5 71.3 67.2 61.8 55.1 44.9 37.5 30.5 26.2 25 26.3 28.5 34 42.7 52 59.5 70.8
-0.9 -0.9 -0.9 -0.9 -0.9 -0.9 -0.9 -0.9 -0.9 -0.9 -0.9 -0.9 -0.9 -0.9 -0.9 -0.9 -0.9 -0.9 -0.9 9.9 16 20.2 23.1 25.9 30.8 37.6 49.7 63.5 77.4 92 113.1 134.5 145.8 148.5 146 141.2 136.4 130.7 125.9 121 116.9 121 125.4 129.4 130.4 130.6 129.8 126.4 122.4 119.7 117.9 115.2 114.5 112.4 109.4 104.7 101.4 96.9 90.6 83.7 79 74.4 73.4 72.5 73.1 73.8 73.4 74.5 72.3 67.7 61.4 51.4 40.4 31.5 24.8 24.4 26.7 29 34.7 44.6 53.4 61.1 73.9
-0.9 -0.9 -0.9 -0.9 -0.9 -0.9 -0.9 -0.9 -0.9 -0.9 -0.9 -0.9 -0.9 -0.9 -0.9 -0.9 -0.9 -0.9 -0.9 -0.9 12.7 18.2 23.2 24.7 28.3 35.2 44.7 61 75.6 88.4 106 127.2 139.7 143.1 142.1 138.3 134.1 129.8 123.3 119.5 115.1 117.4 122.2 127.1 130.3 131 130.6 130 126.3 122 118.4 117.3 116.9 115.2 112.7 109.5 105.4 99.1 92.8 88.1 79.9 77.8 76.3 76.1 77 76.9 76.5 77.8 77.3 74.2 66.7 56 41.9 30.8 25.1 23.3 26.1 29.5 35.1 43.5 53.3 64.6 79
-0.9 -0.9 -0.9 -0.9 -0.9 -0.9 -0.9 -0.9 -0.9 -0.9 -0.9 -0.9 -0.9 -0.9 -0.9 -0.9 -0.9 -0.9 -0.9 -0.9 13.1 19.3 23.5 24.8 28 33.8 40.8 57.6 69.1 80.3 96.7 116.1 131.6 138.8 139 134.5 129.7 124.9 119 115 111.5 114.2 118.8 123.4 128.2 131.2 133.8 132.8 129.8 124.5 119 119.5 119.1 118 115.1 112 108 101.7 95.2 87.8 81.8 80 78.9 78.6 79.1 80.1 79.6 80 81.1 80 72.1 63.4 46.4 33.9 26.4 22.3 22.6 26.9 35.5 44.9 56.4 68.3 82.4
-0.9 -0.9 -0.9 -0.9 -0.9 -0.9 -0.9 -0.9 -0.9 -0.9 -0.9 -0.9 -0.9 -0.9 -0.9 -0.9 -0.9 -0.9 -0.9 -0.9 12 19.3 24.5 26 28.6 33.4 38 51.5 62.6 74 89.1 104.9 124.4 136.7 134.5 130.4 125.8 120.9 115.3 110.5 109.4 110.2 115.4 121.2 126.3 129.4 132.5 132 129.5 123.5 119.5 119.4 120.4 118.8 116 112.9 109.3 103.3 95.4 88.8 84.2 82 80.8 79.8 79.7 80.7 82.3 82.5 82.3 82.5 77.7 68.2 53.1 36.8 31.2 24.9 22.5 29 36.7 47.1 59.6 72.3 84.1
-0.9 -0.9 -0.9 -0.9 -0.9 -0.9 -0.9 -0.9 -0.9 -0.9 -0.9 -0.9 -0.9 -0.9 -0.9 -0.9 -0.9 -0.9 -0.9 -0.9 9.8 20.6 25 26.1 28.6 31.9 36 44.8 56.7 68.3 81.6 95.6 118.5 132.9 130 127.2 122.2 116.6 109.8 105.2 106.1 108.6 111.7 118.6 123.5 128.9 131.1 130.9 129.1 122.8 119.8 119.1 120.7 119 115.9 112.7 109.4 103.5 97.4 90.9 86.8 83.1 82 80.9 80.4 81.4 83.3 85 85.9 84.6 79.9 70.1 55.7 37.5 32.9 22.8 23.2 29.4 37.5 48.6 61.5 73.7 86.7
-0.9 -0.9 -0.9 -0.9 -0.9 -0.9 -0.9 -0.9 -0.9 -0.9 -0.9 -0.9 -0.9 -0.9 -0.9 -0.9 -0.9 -0.9 -0.9 -0.9 -0.9 16.2 25.4 26.9 28.4 31 32.9 38.3 51.4 62.6 74.2 89.5 112.3 129.5 127.2 121.9 116.3 111.3 105.3 99.2 101.3 105.8 109.2 114.8 120.3 126.7 131 130.7 128.5 122.4 119 119.6 119.4 115.9 114.3 111.6 107.9 103.5 97.5 89.5 87.4 85 83.1 82.1 81.2 82.1 84.3 88.5 88.6 86 79.4 71.5 56.7 39.4 33.2 24.1 22.6 28.4 36.3 46.7 59.5 71.7 89.5
-0.9 -0.9 -0.9 -0.9 -0.9 -0.9 -0.9 -0.9 -0.9 -0.9 -0.9 -0.9 -0.9 -0.9 -0.9 -0.9 -0.9 -0.9 -0.9 -0.9 7.9 9.5 20.9 25.6 28.4 29.8 32.2 35.3 46.1 58.4 68.3 88.1 106.2 121.1 122.4 116.7 109.3 105.9 102.4 99 99.1 102.5 105.8 110 115.4 122.5 129.7 129.5 126.7 122.7 119.5 118.7 116.6 113.7 111.5 110.7 106.4 101.9 96.7 90.7 87 84.5 83.3 82.5 81.7 82.6 84.8 88.6 89.1 85.9 79.3 71 56.9 41 33 24.8 22.4 28.1 34.8 44.8 55.7 71.8 89.2
-0.9 -0.9 -0.9 -0.9 -0.9 -0.9 -0.9 -0.9 -0.9 -0.9 -0.9 -0.9 -0.9 -0.9 -0.9 -0.9 -0.9 -0.9 -0.9 -0.9 5.8 10.1 17.1 24.6 25.8 27.2 31.6 34.8 42 54.4 64.3 85.2 101 117 119 110.7 105.8 101.6 98.8 97.8 98.2 100.5 103.5 106.5 110.5 118.4 124.9 126.1 124.6 121 118.9 116.8 114.3 110.9 109.2 107.2 105.3 100.4 91.6 88.2 86 83.8 82.7 81.9 81.9 82.9 85 89.5 88.4 83.9 77.7 69 55.9 42.2 33.6 22.8 21.7 26.6 32.4 42.5 54.7 70.2 89.4
-0.9 -0.9 -0.9 -0.9 -0.9 -0.9 -0.9 -0.9 -0.9 -0.9 -0.9 -0.9 -0.9 -0.9 -0.9 -0.9 -0.9 -0.9 -0.9 -0.9 -0.9 8.3 14.9 22.4 24 25.5 32.2 38.1 41.6 51.4 64.1 81.8 95.8 111.1 112.8 105 100.8 98.6 96.5 95.7 96.2 98.2 101.6 105.5 108.9 114.4 120 121.4 121.4 120.9 118.7 116.6 114 111.2 106.4 102.4 99.4 92.5 88.1 85.5 83.3 81.8 81.4 80.7 81.5 82.7 87 90 87.8 84.3 76.8 66.4 56.1 44.2 36.3 26.1 17.5 21.3 28.7 38.4 52 68.1 84
-0.9 -0.9 -0.9 -0.9 -0.9 -0.9 -0.9 -0.9 -0.9 -0.9 -0.9 -0.9 -0.9 -0.9 -0.9 -0.9 -0.9 -0.9 -0.9 -0.9 -0.9 7.2 9.2 14.9 19.2 24.1 31.2 36.4 42.7 50.8 63.4 82.7 95.7 109.6 111 101.3 99.1 94.1 92.3 93.1 94.4 98.1 101.7 105.1 107.7 110.7 118.5 120.2 121.1 120.7 118.7 116.8 113.5 110.6 105.1 99.7 92.3 88.1 85.6 83.6 81.7 80 79.6 79.6 80.4 82 85.4 87.2 85.2 82.4 72.9 63.3 54.2 45.5 36.6 28.2 20.6 18.1 23.9 34.6 48.1 62.1 76.2
-0.9 -0.9 -0.9 -0.9 -0.9 -0.9 -0.9 -0.9 -0.9 -0.9 -0.9 -0.9 -0.9 -0.9 -0.9 -0.9 -0.9 -0.9 -0.9 -0.9 -0.9 9 9.7 12 17.5 22.6 30.6 34.2 39.8 49.5 60.5 76.1 94.3 107.4 110.2 99.2 92.5 89.2 88.2 89.6 92.1 96.7 100.8 103.1 106 109.3 115.2 120.2 121 119.3 118.8 117.2 113.3 109.5 103.8 98.1 88.8 86.6 84.5 82.6 80.8 79.6 78.4 77.7 79.1 80.4 82.5 83.5 82.4 79.6 70.4 62.9 56 47.1 37.9 29.9 25.8 17.9 22.2 30.2 41.5 56 70.7
-0.9 -0.9 -0.9 -0.9 -0.9 -0.9 -0.9 -0.9 -0.9 -0.9 -0.9 -0.9 -0.9 -0.9 -0.9 -0.9 -0.9 -0.9 -0.9 -0.9 -0.9 -0.9 9.6 9.7 15.9 20.3 28.5 32.9 36.8 47.3 56.5 67.8 87.4 99 104.4 98.3 89.1 86.1 85.1 87.2 90.7 94.8 99.3 102.4 105.3 108.8 113.7 120.1 121 119.3 118.7 117.4 113.9 110.7 105.3 96.1 89.3 85.3 83.2 81 79.1 76.1 74.3 74.5 75.9 79.1 80.9 81.4 81.4 77.1 69 63.6 57.7 49.8 40.8 32.9 24.3 17.7 20.7 25.9 36.7 50.4 66.4
-0.9 -0.9 -0.9 -0.9 -0.9 -0.9 -0.9 -0.9 -0.9 -0.9 -0.9 -0.9 -0.9 -0.9 -0.9 -0.9 -0.9 -0.9 -0.9 -0.9 -0.9 -0.9 -0.9 8 16 19.7 23 28.5 31.5 41.1 53.6 63.9 76.3 89.9 98.8 96.4 85.8 83 82.3 84.2 88.5 93.7 98.3 101.2 104.4 108.4 112.9 120.6 121 120.2 119.1 116.7 113.7 109.9 104 95.5 89.3 84.8 81.3 78.7 74.5 70.8 69.5 70.4 74.1 78.4 79.8 80.3 77.4 72.6 68.2 64.7 60 52.6 43.4 35.7 28.3 17.8 19.9 24.5 32.2 45.1 61.8
-0.9 -0.9 -0.9 -0.9 -0.9 -0.9 -0.9 -0.9 -0.9 -0.9 -0.9 -0.9 -0.9 -0.9 -0.9 -0.9 -0.9 -0.9 -0.9 -0.9 -0.9 -0.9 -0.9 7.4 13.7 17.1 20.6 24.3 28.9 37.6 49.4 59 67.6 82.5 93.5 91.3 83.1 80.4 80.1 82.7 87.9 93.2 97 99.6 102.3 105.9 111.4 119.5 120.7 119.5 116.4 113.5 110.9 109.3 103 95.1 87.8 83.8 80.4 77.1 72 69.1 69.1 69.5 70.5 75.1 76.1 72.4 71 69.2 68 66.4 62.6 56 46 38.7 30.8 19.3 18.7 22 27.1 37.4 54.3
-0.9 -0.9 -0.9 -0.9 -0.9 -0.9 -0.9 -0.9 -0.9 -0.9 -0.9 -0.9 -0.9 -0.9 -0.9 -0.9 -0.9 -0.9 -0.9 -0.9 -0.9 -0.9 -0.9 7.3 11.9 15.1 19.3 22.8 28.5 33.5 42.2 54.4 63.2 74.1 88.1 85.9 79.5 77.3 79.1 81.4 87.3 92.2 95.8 99.3 100.6 103.6 109.8 117.7 120.6 117.8 114.1 110.2 110.8 107.7 101.9 93.3 87.1 83.5 81.3 79.2 73.8 69 69.5 70 70.2 69.7 70 69 69.9 69.3 68.8 67.8 64.9 61.3 52 41.9 33.8 24.3 17.9 18.9 24 30.8 46.1
-0.9 -0.9 -0.9 -0.9 -0.9 -0.9 -0.9 -0.9 -0.9 -0.9 -0.9 -0.9 -0.9 -0.9 -0.9 -0.9 -0.9 -0.9 -0.9 -0.9 -0.9 -0.9 4.2 9.8 12.8 16.8 20 21.7 26.9 32.5 40.3 51.4 59.9 67.8 80.5 81.3 78.2 77.1 80.7 82.5 86.2 91.1 95.8 99.7 100.7 102.4 108.1 115.8 119.8 117 111.4 109.2 110.4 105.2 100 90.8 87.1 83.9 80.9 80.6 74.3 68.3 67.2 67.4 67.7 68.2 68.9 69 69.4 70.1 69.8 69 67.9 64.8 58.5 47.7 37.6 29.9 19 17.5 21.1 27.3 39.8
-0.9 -0.9 -0.9 -0.9 -0.9 -0.9 -0.9 -0.9 -0.9 -0.9 -0.9 1 11.7 15.4 17.3 13.8 -0.9 -0.9 -0.9 -0.9 -0.9 -0.9 5.7 11.1 12 15 17.9 21.1 24.5 30 38.3 48.7 58.6 65.6 74.2 81.2 78.5 75.9 78.5 82.4 87.5 91.6 95.2 98.2 100.7 100.7 106.5 113.5 118.4 115.4 109 104.7 103.9 103.1 97.7 89.7 85 81.3 79.8 80.6 74.1 67.9 65.5 64.8 65.1 66 68 69 69 70.8 70.8 70.3 70.1 69.4 63.2 54.2 44 35.1 25.1 17.8 17.5 23.3 30.9
-0.9 -0.9 -0.9 -0.9 -0.9 -0.9 -0.9 -0.9 -0.9 -0.9 -0.9 5.5 15.9 21.3 19.7 17.7 -0.9 -0.9 -0.9 -0.9 -0.9 -0.9 1.5 10.6 12.1 14.1 16.6 19.8 23 28.6 40.6 47.9 58 65.3 73.9 81.2 79.1 74.8 76.7 80.2 85.4 89.2 93.9 96.8 100 100.7 103.6 110.4 114.3 116.1 108.4 103.4 101.7 99.4 93.5 87.7 83.4 79.9 79.1 76.1 70 66.6 63.8 62.7 62.6 64.4 67.1 69.7 71 70.8 70.5 71.4 72.1 72.6 68.1 61.9 51.7 40.6 30.3 19.2 18.4 18.6 24.1
-0.9 -0.9 -0.9 -0.9 -0.9 -0.9 -0.9 -0.9 -0.9 -0.9 -0.9 10.2 20.9 25 25.3 24.7 20.8 9.6 -0.9 -0.9 -0.9 -0.9 4.2 8.6 11.6 14.3 16.8 20.5 24.3 28.5 39.1 50.6 59.4 66 74.5 81 80.5 74.4 75.4 78.4 84 89.2 92.8 96.6 99.8 100.7 100.9 105.3 109.1 113 107 100.5 98.6 95.5 91.2 87 83.2 79.2 76 70.9 68 65.1 62.8 61.4 61 62.8 66.2 68.9 70.3 70.9 71.2 73.2 74.4 75.6 73.3 68.8 60.2 47.5 35.6 25.7 18.6 17.9 20.7
