data/HU49.asc
ncols 200
nrows 200
xllcorner 440000
yllcorner 1190000
cellsize 50
[rows 74 to 110 of 200, columns 85 to 169 of 200]
-0.9 -0.9 -0.9 -0.9 -0.9 -0.9 -0.9 -0.9 -0.9 -0.9 -0.9 -0.9 -0.9 -0.9 -0.9 -0.9 -0.9 -0.9 -0.9 -0.9 -0.9 -0.9 -0.9 -0.9 31.2 53.2 65.2 66.9 86.7 104.1 102.6 92.8 80.4 71.6 65.5 63.3 61.2 57.2 50.6 48.1 45 37.6 -0.9 -0.9 -0.9 -0.9 -0.9 -0.9 -0.9 -0.9 -0.9 -0.9 48.8 65.4 74.2 80.3 82.8 80.9 76.8 73 69.5 65.8 63.2 60.7 58.1 52.4 52.5 60.1 65.9 70 73.6 72.7 70 68.6 62.9 56.9 51.1 46.5 44.5 43.2 39.7 36.9 34.2 33.7 33.4
-0.9 -0.9 -0.9 -0.9 -0.9 -0.9 -0.9 -0.9 -0.9 -0.9 -0.9 -0.9 -0.9 -0.9 -0.9 -0.9 -0.9 -0.9 -0.9 -0.9 -0.9 -0.9 -0.9 -0.9 -0.9 44.4 73.2 83.6 98.3 100.8 98.6 90.8 76.3 68.6 64.3 62.4 61 58.7 52.5 46.3 40.2 30.9 -0.9 -0.9 -0.9 -0.9 -0.9 -0.9 -0.9 -0.9 -0.9 -0.9 48.6 66 79.1 84.7 86.6 85 81.1 77.2 73.2 69.2 65.9 63.5 61.2 57.8 57.6 63.3 70.3 72.6 77.3 77.7 74.8 72.5 68.1 61.2 56.8 50.9 49.2 50.3 45.9 40.7 38 37 37.7
-0.9 -0.9 -0.9 -0.9 -0.9 -0.9 -0.9 -0.9 -0.9 -0.9 -0.9 -0.9 -0.9 -0.9 -0.9 -0.9 -0.9 -0.9 -0.9 -0.9 -0.9 -0.9 -0.9 -0.9 -0.9 32.3 69.3 87.5 93.9 95.2 94.2 88.2 75.2 67 62.9 61.8 61 59.4 53.2 46 36.4 -0.9 -0.9 -0.9 -0.9 -0.9 -0.9 -0.9 -0.9 -0.9 -0.9 -0.9 46.8 70.7 83.8 90.3 90.4 87.7 84.4 79.2 75.3 71.3 68.3 65.7 64.2 61.2 59.3 65.9 70.8 75.2 80.4 80.9 78.5 75.2 70.6 65.2 60.2 56.3 54 51.5 50 45.4 41.8 39.3 40.8
-0.9 -0.9 -0.9 -0.9 -0.9 -0.9 -0.9 -0.9 -0.9 -0.9 -0.9 -0.9 -0.9 -0.9 -0.9 -0.9 -0.9 -0.9 -0.9 -0.9 -0.9 -0.9 -0.9 -0.9 -0.9 38.4 69.4 87.2 91.2 90.3 89.4 82.7 73 66.1 61.2 58.6 58.2 57.8 53.9 45.7 37.2 -0.9 -0.9 -0.9 -0.9 -0.9 -0.9 -0.9 -0.9 -0.9 -0.9 23.1 47.3 79.1 88.3 92.8 92.9 90.8 88.5 81.4 77 73.1 70.8 68.8 68 63.6 62.4 66.5 70.7 75.3 79.6 81 79.2 75.6 71.9 66.3 60.8 57.2 54.7 52.4 50.1 47.9 45.7 43.1 40.9
-0.9 -0.9 -0.9 -0.9 -0.9 -0.9 -0.9 -0.9 -0.9 -0.9 -0.9 -0.9 -0.9 -0.9 -0.9 -0.9 -0.9 -0.9 -0.9 -0.9 -0.9 -0.9 -0.9 -0.9 6.7 44.2 76.3 87.5 93.8 92.7 90 79.1 69.6 64.3 58.7 54.8 52.7 52.1 51.3 44.5 35.6 -0.9 -0.9 -0.9 -0.9 -0.9 -0.9 -0.9 -0.9 -0.9 -0.9 29.7 49.1 75.7 89.3 95.4 96 93.3 90.4 84.2 78.7 75.2 72.9 70.9 71 68.6 67.5 68.8 70.9 74 77.9 79.9 79.6 75.6 71.5 66 59.9 57.3 55 52.7 50.6 50.9 47.8 45.2 43.2
-0.9 -0.9 -0.9 -0.9 -0.9 -0.9 -0.9 -0.9 -0.9 -0.9 -0.9 -0.9 -0.9 -0.9 -0.9 -0.9 -0.9 -0.9 -0.9 -0.9 -0.9 -0.9 -0.9 -0.9 -0.9 44.6 72.9 90.1 96.5 97.7 91.9 79.8 69.2 64.6 57.4 51.6 49.2 46.8 47.2 42.9 33.8 -0.9 -0.9 -0.9 -0.9 -0.9 -0.9 -0.9 -0.9 -0.9 -0.9 31.1 52.2 75 90.2 98.6 99.8 97.6 92.3 86.6 80 76.9 74.4 72.3 71.7 70 68.9 69 71.4 75.4 78.6 80.3 79.4 76.6 72.5 67 60.1 57.6 55.3 53 52.3 51.3 49.5 46.6 44.4
-0.9 -0.9 -0.9 -0.9 -0.9 -0.9 -0.9 -0.9 -0.9 -0.9 -0.9 -0.9 -0.9 -0.9 -0.9 -0.9 -0.9 -0.9 -0.9 -0.9 -0.9 -0.9 -0.9 -0.9 9.4 47.9 78 92.4 99.5 98.8 92.6 80.6 70.1 64.9 57.9 48.7 44.7 41.6 41.5 39.2 30.8 -0.9 -0.9 -0.9 -0.9 -0.9 -0.9 -0.9 -0.9 -0.9 -0.9 30.5 54.8 76.1 91.6 100.5 100.9 98.9 93.2 89.2 81.8 77.8 75.3 73.8 72.4 70.6 69.7 69.5 73.1 76.8 79.4 80.9 81 78.5 73.5 67.6 60.4 57.8 55.6 53.7 52.7 51.1 49 48.3 45.9
-0.9 -0.9 -0.9 -0.9 -0.9 -0.9 -0.9 -0.9 -0.9 -0.9 -0.9 -0.9 -0.9 -0.9 -0.9 -0.9 -0.9 -0.9 -0.9 -0.9 -0.9 -0.9 -0.9 -0.9 24.5 52.2 83.2 94.6 99.6 99.5 93.2 82.2 70.1 64.3 57.8 47.9 42.2 37.9 35.2 31.5 26.3 -0.9 -0.9 -0.9 -0.9 -0.9 -0.9 -0.9 -0.9 -0.9 -0.9 28.6 55.8 75.5 92 100.8 101.6 99.7 95.9 90.6 83.7 78.5 76.7 74.8 72.9 71.8 71.8 74.2 75.5 78.4 80.2 80.9 80.9 79.9 74.3 69.2 61.6 58.3 55.8 54 52.4 50.6 50.6 49.5 47.2
-0.9 -0.9 -0.9 -0.9 -0.9 -0.9 -0.9 -0.9 -0.9 -0.9 -0.9 -0.9 -0.9 -0.9 -0.9 -0.9 -0.9 -0.9 -0.9 -0.9 -0.9 -0.9 -0.9 -0.9 16.2 48.8 83.8 97.8 100.8 100.4 93.7 84.1 72.2 64.7 56.7 47.1 41.3 35.6 22 20.8 -0.9 -0.9 -0.9 -0.9 -0.9 -0.9 -0.9 -0.9 -0.9 -0.9 -0.9 26.7 54.4 74.4 93.4 101.2 103.1 101.3 98.8 93.6 88 80 78.7 77.1 76 75.2 76 78.8 80 80.3 82.4 83.2 82.3 80.9 75.5 68.9 61.8 57.9 54.7 53 52.2 51.6 50.1 49.8 48.9
-0.9 -0.9 -0.9 -0.9 -0.9 -0.9 -0.9 -0.9 -0.9 -0.9 -0.9 -0.9 -0.9 -0.9 -0.9 -0.9 -0.9 -0.9 -0.9 -0.9 -0.9 -0.9 -0.9 -0.9 29.3 65.1 94.3 100.4 101.1 100.3 93.4 83.6 72.2 62.9 53.3 46.4 41.3 35.3 33.2 20.1 -0.9 -0.9 -0.9 -0.9 -0.9 -0.9 -0.9 -0.9 -0.9 -0.9 -0.9 23.9 51.1 71.3 91 100.3 103.4 102.1 100.5 96.6 90.4 84 80.8 79 79 79 79.6 80.2 83.2 84.9 87.2 87.1 85.4 82 76.2 69.8 61.6 57.4 54.8 54.1 53.6 53 51.5 50.8 50.9
-0.9 -0.9 -0.9 -0.9 -0.9 -0.9 -0.9 -0.9 -0.9 -0.9 -0.9 -0.9 -0.9 -0.9 -0.9 -0.9 -0.9 -0.9 -0.9 -0.9 21.5 6.5 -0.9 -0.9 30.5 76.1 101.1 100.8 105.6 100 93.3 82.9 71.1 62 52.4 46.4 42.1 40.3 38.9 34.7 -0.9 -0.9 -0.9 -0.9 -0.9 -0.9 -0.9 -0.9 -0.9 -0.9 -0.9 -0.9 47 69.6 93 100.5 103.9 103.6 101.8 98.9 91.5 86.9 82.6 80.3 79 80.9 81.1 84.5 87.4 89.6 90.4 90.9 88.4 83.8 77.3 70 60.2 58.2 56.3 55.5 54.9 54.4 53.1 52.4 52
-0.9 -0.9 -0.9 -0.9 -0.9 -0.9 -0.9 -0.9 -0.9 -0.9 -0.9 -0.9 -0.9 -0.9 -0.9 -0.9 -0.9 -0.9 23.2 49.1 66 42.6 65.1 59.8 58 89.6 98.5 99.7 100.3 99 93.2 82.3 70 61.3 52.4 47 44.2 44 44.1 37.3 -0.9 -0.9 -0.9 -0.9 -0.9 -0.9 -0.9 -0.9 -0.9 -0.9 -0.9 -0.9 42.1 69 91.1 101.4 105 104.9 102.6 100.2 93.5 89.8 85.9 81.7 79.7 80 83.8 87.3 91 90.2 91.3 91.8 90.8 85.3 77.9 69.7 61 58.5 57.7 57 56.3 55.7 54.7 54.1 53.5
-0.9 -0.9 -0.9 -0.9 -0.9 -0.9 -0.9 -0.9 -0.9 -0.9 -0.9 -0.9 -0.9 -0.9 -0.9 -0.9 -0.9 19.1 59.5 80.6 81 74.1 78.6 88.2 93.6 92.6 94.7 94.4 97.2 95.8 91.2 80.9 68.9 60.2 52.1 48.4 47.2 47.4 47.8 45.5 35.1 -0.9 -0.9 -0.9 -0.9 -0.9 -0.9 -0.9 -0.9 -0.9 -0.9 -0.9 40.8 66.7 90.4 101.4 104.1 103.5 102.9 100.6 97.1 93 88.6 84.5 82.8 82.7 84.6 88.7 90.4 93.4 94.6 94.9 92.3 85.7 77.4 69.2 62.8 59 58.7 58.3 57.7 57.1 56.4 55.7 55.1
-0.9 -0.9 -0.9 -0.9 -0.9 -0.9 -0.9 -0.9 -0.9 -0.9 -0.9 -0.9 -0.9 -0.9 -0.9 -0.9 -0.9 38.9 82.5 94 88.1 80.5 84.4 88.7 90.1 90.5 90.9 89.4 92.2 93 90.5 79.6 67.6 59.2 52.8 49.1 49 49.4 50.7 48.2 36.2 -0.9 -0.9 -0.9 -0.9 -0.9 -0.9 -0.9 -0.9 -0.9 -0.9 -0.9 40.2 65.9 91.3 101.4 103.7 103.1 101.6 101 99 94.5 90.1 88.3 86.8 86.8 88.2 88.8 92.3 96.2 98 97.2 93.8 86.6 77.1 69.6 64.8 60.8 59.7 59.4 59.9 58.7 59 58.5 57.6
-0.9 -0.9 -0.9 -0.9 -0.9 -0.9 -0.9 -0.9 -0.9 -0.9 -0.9 -0.9 -0.9 -0.9 -0.9 -0.9 -0.9 46 95.3 98.3 94.6 89.7 87.7 90.1 88.1 88.4 90.1 89 89.4 90.2 87.7 79.7 67.2 59.3 53.3 49.2 49.9 50.8 51.1 52.2 40.8 -0.9 -0.9 -0.9 -0.9 -0.9 -0.9 -0.9 -0.9 -0.9 -0.9 -0.9 44.5 68.5 93.4 103.6 104.8 103 100.9 101 98.6 94.6 90.5 89.4 88.8 90.8 89.6 90.9 94.8 97.9 99.9 100.7 95.9 88.1 78.7 71.8 67.1 64.4 62.6 61.8 61.6 60.9 60.4 60.6 59.3
-0.9 -0.9 -0.9 -0.9 -0.9 -0.9 -0.9 -0.9 -0.9 -0.9 -0.9 -0.9 -0.9 20.6 -0.9 -0.9 65 95.7 103.4 103.5 100.8 97.1 91 90.5 86.2 87.2 89.3 86.3 88.4 89 86 79.6 65.8 57.9 53.4 51.1 50.3 49.6 50.7 52.2 48 -0.9 -0.9 -0.9 -0.9 -0.9 -0.9 -0.9 -0.9 -0.9 -0.9 -0.9 48 69.4 93.9 104.4 104.8 101.8 100.5 99.1 96.4 93.3 90.2 89.8 89.1 91 91.7 93.4 96.2 98.8 100.7 101 96.8 89.6 82.2 75.5 70.8 68.3 66.5 65.2 64.4 63.8 63.1 61.5 60.4
-0.9 -0.9 -0.9 -0.9 -0.9 -0.9 -0.9 -0.9 -0.9 -0.9 -0.9 -0.9 -0.9 27.5 27.4 53.5 111.8 113.5 111 108.7 104.6 101.2 93.6 87.9 85.7 85.2 85.5 80.7 82.6 84.6 83.1 80 66.2 57.8 55.4 52.9 51.4 51.1 51.9 54.8 48.2 28.8 -0.9 -0.9 -0.9 -0.9 -0.9 -0.9 -0.9 -0.9 -0.9 19.3 52.4 70.1 92 103.1 103.8 100.5 99 96.5 93.6 91.6 89.6 89.4 89.8 92 93.9 96.3 98.5 100.6 103.4 103.2 99.3 93.5 87.5 80.7 75.7 72.5 70.5 68 67.1 66.5 65.4 63.2 61.4
-0.9 -0.9 -0.9 -0.9 -0.9 -0.9 -0.9 -0.9 -0.9 -0.9 -0.9 -0.9 -0.9 26.6 43.4 61.8 87.6 113.1 111.2 109.1 105.1 100.2 92.3 84.2 80.1 80.8 84.1 77.6 78.5 80.5 81.7 78.9 65.2 58.7 56.4 54.6 54.3 54.3 55.3 57.3 52.9 37.8 -0.9 -0.9 -0.9 -0.9 -0.9 -0.9 -0.9 -0.9 -0.9 21.8 49.6 71.2 88.8 99.6 101 100.2 96.9 93.7 90.8 89.1 89.8 89.5 91.6 93.5 96.5 98.3 100.4 102.6 107 106.5 101.4 95.8 90.5 85 80.6 76.7 73.9 71.4 69.4 69.2 67.2 65 62.9
-0.9 -0.9 -0.9 -0.9 -0.9 -0.9 -0.9 -0.9 -0.9 -0.9 -0.9 -0.9 -0.9 -0.9 -0.9 32.4 68.9 101.5 111 109.5 104 98.3 89.5 77.6 77.6 77.6 77.6 77.6 80.1 80.9 81 73.8 63.5 58.9 58 57.9 56.9 57.3 57.9 57.6 54.9 40 -0.9 -0.9 -0.9 -0.9 -0.9 -0.9 -0.9 -0.9 -0.9 24.4 46.6 66.9 85.2 94.8 98.4 98 93.7 90.2 89 90.5 89.5 90.6 92.8 96.5 98.5 99.2 101.7 105.8 109 108.1 103 99.5 94.4 88.7 84.6 80.9 77.9 75 72.6 70.3 68 66.7 64.4
-0.9 -0.9 -0.9 -0.9 -0.9 -0.9 -0.9 -0.9 -0.9 -0.9 -0.9 -0.9 -0.9 -0.9 -0.9 28.7 59.9 95 111.4 109 102.9 96.2 85.8 77.6 77.6 77.6 77.6 77.6 78.5 80 77.1 71.9 63 59 58 58 58 58.6 59.9 58.7 55.3 39.2 -0.9 -0.9 -0.9 -0.9 -0.9 -0.9 -0.9 -0.9 -0.9 22.6 41.5 61.7 81.6 92.2 94.4 93.9 90.3 89.1 89.2 89.4 90.9 90.6 95 99 100.1 100 102.7 106.7 108.2 108.5 103.6 101.4 98.6 93.3 88.7 85 82.1 79.1 75.8 73.1 70.4 69.2 66.3
-0.9 -0.9 -0.9 -0.9 -0.9 -0.9 -0.9 -0.9 -0.9 -0.9 -0.9 -0.9 -0.9 -0.9 -0.9 31.6 58.6 93.3 110.8 109.1 102.1 96.4 83.6 77.6 77.6 77.6 77.6 77.6 78.2 79.5 73.7 69.9 63.5 58.7 58 58 58 58.2 59.8 58 53.1 37.9 -0.9 -0.9 -0.9 -0.9 -0.9 -0.9 -0.9 -0.9 -0.9 19.4 39.2 56.9 72.6 85.6 89.7 91 89.4 89.1 88.6 89.3 90.4 91.3 95.6 98.2 98.5 99.8 101.6 104.4 105.3 106 104.3 102 100.8 96.7 91.8 88.2 86.3 82.8 79.4 77.2 75.5 71.2 68.2
-0.9 -0.9 -0.9 -0.9 -0.9 -0.9 -0.9 -0.9 -0.9 -0.9 -0.9 -0.9 -0.9 -0.9 -0.9 31.5 59.8 92.9 112.9 109 106.2 100.2 83.8 77.6 77.7 79.9 79.4 77.6 78.2 81 75.4 69.1 63.1 59 58.2 58.1 58.4 58.3 57 55.2 48.2 34.5 -0.9 -0.9 -0.9 -0.9 -0.9 -0.9 -0.9 -0.9 -0.9 14.9 37.1 52.6 67.2 78.5 84 86.2 86.3 87.6 88.3 89 90.2 91.2 93.8 95.8 98.2 99.5 101.1 103 102.7 103.1 102.9 102.1 101.2 98.2 93.9 91.9 90.3 87.4 84.1 81.6 79.9 75.5 69.9
-0.9 -0.9 -0.9 -0.9 -0.9 -0.9 -0.9 -0.9 -0.9 -0.9 -0.9 -0.9 -0.9 -0.9 14 43.7 74.9 102 115.1 113.1 110.2 103.9 90.5 77.6 81.4 86.6 85 81.4 81.5 80.4 79.8 69 62.7 59.2 58.3 58.4 59.1 56.4 53.7 50.8 43.1 31.5 -0.9 -0.9 -0.9 -0.9 -0.9 -0.9 -0.9 -0.9 -0.9 9.8 32 47.4 61 70.7 78.7 81.8 83.2 84.6 86.1 87.5 88.8 90.3 92 93.7 96.2 98.9 100.6 101.8 101.4 100.9 100.9 102 101.5 100 96.4 94.6 93 91.4 87.9 84.6 81.4 79.5 72.7
-0.9 -0.9 -0.9 -0.9 -0.9 -0.9 -0.9 -0.9 -0.9 -0.9 -0.9 -0.9 -0.9 -0.9 35.8 56.8 89.1 110.5 119.3 116.6 113.1 107.5 96.1 83.2 85 91 88.4 85.7 83.8 81.9 80.9 69.7 63.2 59.6 58.2 58.5 57.9 53.5 51 47 40.4 29.5 13.9 -0.9 -0.9 -0.9 -0.9 -0.9 -0.9 -0.9 -0.9 -0.9 23.4 40.7 53.7 66.5 75 79 80.9 82.4 83.9 85.1 86.4 88.1 89.9 91.6 94.1 96.8 99.4 99.7 99.8 99.6 100.7 101.8 101.6 101.1 99.1 97.3 95.6 93.7 90.9 87.4 84 80.6 75.4
-0.9 -0.9 -0.9 -0.9 -0.9 -0.9 -0.9 -0.9 -0.9 -0.9 -0.9 -0.9 -0.9 19.2 53.5 77 103.7 115.8 119.4 119.1 116.5 110.9 101 90.4 90.4 91 90.8 88 86.1 83.9 81.5 72.5 64.6 60.6 57 56.4 54.9 52.5 48.4 44.2 36.8 26.8 10.1 -0.9 -0.9 -0.9 -0.9 -0.9 -0.9 -0.9 -0.9 -0.9 19.7 36 51.4 62 72.3 74.9 77.4 80.2 81.8 82.7 84.2 85.9 87.7 89.5 91.8 94.4 97 97.5 98.4 100.1 101 101.8 104.7 103.6 100.5 99.4 98.9 97.2 94.4 90.8 87.3 83.7 79.1
-0.9 -0.9 -0.9 -0.9 -0.9 -0.9 16 -0.9 -0.9 -0.9 -0.9 -0.9 -0.9 26.5 61.8 92 115.3 120.7 120.6 119.7 118.6 112.3 104.5 94.5 90.9 91.2 90.6 88.7 85.1 82.3 80 73 65.9 61.4 57.2 54.8 53.3 51.9 47.9 43.4 35.5 25.4 14.4 -0.9 -0.9 -0.9 -0.9 -0.9 -0.9 -0.9 -0.9 -0.9 18.3 31.7 45 56.5 65.1 70.5 73.4 75.7 78.6 80.4 82 83.7 85.5 87.7 89.8 91.9 94.6 95.4 97.1 99.2 101.7 105.8 108.7 107.4 104.9 102.9 102.4 100.5 97.9 94.4 91.1 88.2 83.2
-0.9 -0.9 -0.9 -0.9 -0.9 -0.9 70.1 -0.9 -0.9 -0.9 -0.9 -0.9 14.1 50.3 79.3 106.7 118 124.2 121.8 121 119.5 113 104.2 96.8 93.1 92 90.6 88.3 84.6 80.9 76.9 72.5 65.8 60.2 55.9 53.8 52.1 49.6 46.3 42.5 34.6 24.5 13.9 -0.9 -0.9 -0.9 -0.9 -0.9 -0.9 -0.9 -0.9 -0.9 16 26.9 38 51.8 61 66.9 69.2 71.6 73.8 76.3 78.9 81.5 83.6 85.8 87.9 90 92.2 94 96.4 99.1 102.6 107.9 110.3 109.7 109.2 107.2 105.6 103.4 100.6 97.4 94.4 91.1 87.1
-0.9 -0.9 -0.9 -0.9 -0.9 -0.9 78.1 62.2 -0.9 -0.9 48.7 -0.9 29.2 72.9 95.8 110.9 122.8 126.5 121.1 121 119.1 111.2 103.3 97.5 94.8 92.9 89.8 85.6 82.1 78.7 75.3 70.9 65.1 58.8 54.4 52 49.3 46.5 43.4 39 33.2 22 9.6 -0.9 -0.9 -0.9 -0.9 -0.9 -0.9 -0.9 -0.9 -0.9 11.2 26.4 35.8 46.6 56.8 63.6 65.8 68.7 71 73.6 76.2 78.8 81.1 83.3 85.4 87.6 90.1 93.8 96.4 98.8 102.5 106.4 110.2 110.9 110.8 109.4 108.1 105.4 102.6 99.4 96.4 93.4 90
-0.9 -0.9 -0.9 -0.9 -0.9 -0.9 79.1 89.9 -0.9 -0.9 74.6 84.5 62.5 83.3 106.7 119.9 128.6 130.3 123.3 118 114.6 107.5 101.8 96.7 94.7 92.2 88.6 82.6 78.4 74.2 71.9 69.5 63.4 56 51.1 49.3 46.5 43.8 41 37.9 32.3 21.9 6.9 -0.9 -0.9 -0.9 -0.9 -0.9 -0.9 -0.9 -0.9 -0.9 -0.9 22.7 31 42.3 54 59.8 62.7 65.7 68.3 70.9 73.5 76.1 78.5 80.7 82.9 85.1 89.1 92.5 94.2 96.8 100.3 104.4 109.1 111 111 110.6 109.2 107.2 104.5 101.4 98.4 95.5 91.7
-0.9 -0.9 -0.9 -0.9 -0.9 -0.9 57.2 89.3 92.2 87.2 93.3 94 91 95.3 114.6 124.1 133 131.5 123.1 113.1 109.9 101.5 97 93.3 90.9 90.1 83.1 76.5 72.6 69.6 67.6 65.8 61.3 54 49 46.4 43.8 41.1 38.3 34.8 29.9 21.7 6.8 -0.9 -0.9 -0.9 -0.9 -0.9 -0.9 -0.9 -0.9 -0.9 -0.9 15.2 27.5 42.7 54.2 58.1 59.7 62.7 65.6 68.1 70.7 73.3 75.8 78.1 80.3 83.7 87 89.7 91.9 94.2 97.4 102.5 107.5 111 111 111 110.3 108.6 106.3 103.4 100.5 97.5 93.5
-0.9 -0.9 -0.9 -0.9 -0.9 -0.9 51.5 90 89.6 89.9 90.2 90.7 91.7 99.5 110.2 123.4 133.9 130 118.5 107.2 103 95.1 90.9 88.6 86.1 84 77.2 71.1 66.9 64.1 63.1 61.9 59.7 52.1 48.3 44.7 41.2 38.4 35.6 31.7 27.3 21.1 9.8 -0.9 -0.9 -0.9 -0.9 -0.9 -0.9 -0.9 -0.9 -0.9 -0.9 6.9 23.8 42.6 53.7 56.9 58.2 59.6 62.7 65.7 68.2 70.7 73.2 76 78.4 81.4 84.6 86.9 89.1 89.9 93.6 98.8 104.7 109.8 111 111 110.9 109.7 107.8 105.4 102.6 99.7 95.4
-0.9 -0.9 -0.9 -0.9 -0.9 -0.9 61.1 83.1 83.2 84.9 87.2 89.5 91.3 97.3 105.1 118.2 129.5 125.8 113.3 99.1 93.5 87.9 85.3 83.2 80.8 78.8 72.4 66 62.2 59.5 59.7 61 56.8 51.6 47.6 43.9 40.1 36.4 32.9 29.3 24.8 17.9 7.1 -0.9 -0.9 -0.9 -0.9 -0.9 -0.9 -0.9 -0.9 -0.9 -0.9 -0.9 22.4 39.5 50.4 56.9 58.4 58.7 60.6 63.7 66.2 69 72.2 74.4 76.6 79.1 81.8 84.1 85.9 87.3 89.8 94.9 101 106.9 110.5 111 111 110.6 108.6 106.2 103.5 100.2 96.5
-0.9 -0.9 -0.9 -0.9 -0.9 -0.9 61 79.1 79.2 81.6 84 86.6 89.5 93.6 99.4 112.5 120.9 122 108.7 95.2 87.7 84 82.2 80.1 77.7 75.2 69 63.2 59.1 56.7 57.5 58.5 53.7 51.4 46.8 43.2 39.2 35.2 30.9 27 22.3 16.1 -0.9 -0.9 -0.9 -0.9 -0.9 -0.9 -0.9 -0.9 -0.9 -0.9 -0.9 9.1 24.3 41 51.8 57.9 58.2 57.4 59 61.6 64.6 68.3 70.9 72 74.3 76.3 78.7 81 82 83.1 85.9 90 95.6 101.6 106.9 109 110.4 109.1 108.1 105.7 103.6 101 97.7
-0.9 -0.9 -0.9 -0.9 -0.9 -0.9 70.2 79 79 79.1 82.3 83.9 86.8 91.3 97.8 106.8 117.7 120.9 106.2 94.3 87.1 82.8 80.7 78.5 75.4 71.6 67.1 61.6 57.6 54.5 53.2 53.8 50.6 51.2 46.1 42.3 37.9 34.4 29.9 24.7 19.9 14.4 -0.9 -0.9 -0.9 -0.9 -0.9 -0.9 -0.9 -0.9 -0.9 -0.9 -0.9 13.1 24.7 40.3 50 56.2 57.4 57.2 58.8 61.5 64.4 67 69.6 69.7 71.3 72.9 75 77.2 76.9 78 80.5 85 89.9 95.7 102 105.6 107.5 106.6 106.2 105.2 103.6 101.8 98.9
-0.9 -0.9 -0.9 -0.9 -0.9 -0.9 65.2 79 78.8 78.6 80.4 82 84.2 89 95.7 102.6 112.3 114.1 105.9 95.5 88.5 85.3 81.8 78.3 75.3 70.9 66 60.8 56.3 52.2 50.1 49.9 50.6 51 45.7 40.5 37.3 34.3 30.1 24.8 19.4 13.5 -0.9 -0.9 -0.9 -0.9 -0.9 -0.9 -0.9 -0.9 -0.9 -0.9 -0.9 11.3 22.9 37.9 47.9 53.1 54.9 55.3 58 61.2 64.5 67.3 69.2 69.4 69.1 70 70.7 71.8 71.5 72.4 75.7 80.1 83.8 88.6 95.1 100.6 103.3 104.7 105.1 104 102.8 101.5 100
-0.9 -0.9 -0.9 -0.9 -0.9 -0.9 67.2 79 78.8 78.8 79 79 79.9 85.4 91.8 98.3 108.7 111.4 109 99.2 91.1 87.8 85.1 81.8 77.5 71.9 66.8 60.8 56.1 50.9 49 49 50.5 49.9 45.4 40.5 37.6 34.7 31 26 18.2 11.6 -0.9 -0.9 -0.9 -0.9 -0.9 -0.9 -0.9 -0.9 -0.9 -0.9 -0.9 13.6 25.5 37.7 46.1 50.5 53 54.5 57.1 60.2 63.4 66.6 69.1 69.5 68.9 66.9 66.7 65 65.3 65.8 68.9 72.4 76.9 81 88.5 95.1 99.1 101.7 102.5 102.9 102.8 101.7 101.2
-0.9 -0.9 -0.9 -0.9 -0.9 -0.9 70.4 80.4 78.9 79 79 79.2 78.6 81.6 89.4 98 106.3 111 109.1 101.1 93 90.3 89.6 85.7 80.6 74.5 68.3 62.3 56.5 51.3 49 49 49.6 49.8 45.8 41.3 37.7 34.9 32.1 28.2 20.1 12.8 -0.9 -0.9 -0.9 -0.9 -0.9 -0.9 -0.9 -0.9 -0.9 -0.9 -0.9 16.9 29.4 39.9 45.5 48.6 51.1 53.7 56.3 59.1 62.3 65.5 68.4 69 66 63 61.9 59.2 57.3 58.3 61.3 65.5 69.9 75.4 82.2 89.3 93.7 96.7 99.9 100.4 101.1 102.1 101.6
