data/HY33.asc
ncols 200
nrows 200
xllcorner 330000
yllcorner 1030000
cellsize 50
[rows 150 to 199 of 200, columns 96 to 191 of 200]
-1 -1 -1 -1 -1 -1 -1 -1 -1 -1 -1 -1 -1 -1 -1 -1 -1 -1 -1 -1 -1 -1 -1 -1 -1 -1 -1 -0.5 0.2 0.9 1.6 3.2 1.7 2.2 13.8 21.9 20.5 21.6 23.3 25.2 27.1 28.4 28.3 29.1 30 30.3 31.2 33.9 38.7 38.6 41.6 45.8 52 58.7 63.9 69.3 74.5 79.9 84.3 87.8 90 92.8 93.5 96 96 94.7 94.5 93.6 90.5 89.1 86.5 83.3 77.8 74.8 72.6 69.2 65.6 62.2 60.3 58.8 56.9 55 53.4 51.9 51.1 49.3 47.4 46.9 45.6 44.8 44.3 43.8 42.4 40.9 39.1 37.4
-1 -1 -1 -1 -1 -1 -1 -1 -1 -1 -1 -1 -1 -1 -1 -1 -1 -1 -1 -1 -1 -1 -1 -1 -1 -1 -0.8 0.1 1 4.9 4.9 11.7 14.2 18.4 20.9 23.3 24 24.3 25 26.2 28.1 29.8 30.8 30.9 31.9 32.9 33.2 33.2 38.6 39.8 41.5 41.6 46.2 52.5 59.6 64.6 70.2 75.3 78.7 81.9 85.5 88.2 88.7 91.1 91.9 91.9 92.2 91.4 89.8 87.9 83.9 81.3 76.8 74.3 74 69.9 67.3 64.9 63.1 61.3 59.5 57.4 56.1 55.2 54.2 52.8 51.9 51.7 51.2 50.1 49.3 48.4 47.5 46.9 46.2 44.7
-1 -1 -1 -1 -1 -1 -1 -1 -1 -1 -1 -1 -1 -1 -1 -1 -1 -1 -1 -1 -1 -1 -1 -1 -1 -1 -0.2 0.6 1.4 9.8 9.6 11.6 14.3 17.1 20.9 23.7 25.5 26.6 27.2 28.1 29.2 31 33.3 33.9 34.7 35.1 34.5 34.4 37 40.8 40.6 41.2 42.6 46.1 52.5 57.6 62.1 66.6 71 73.7 76.9 80.7 83.6 85.3 86.2 87.7 87.8 88.8 88.8 86.9 84.2 81.7 79.6 77.2 75.7 72.5 70 67.6 65.6 63.9 61.9 59.7 58.2 57.5 56.7 56.1 56.2 57.4 57.1 55.9 54.9 54.5 54.1 53.6 53.3 50.1
-1 -1 -1 -1 -1 -1 -1 -1 -1 -1 -1 -1 -1 -1 -1 -1 -1 -1 -1 -1 -1 -1 -1 -1 -1 -1 0.4 1.4 3.2 10.4 11.9 12.4 13 15.5 19.3 23.1 26.2 28.4 29.4 30 31.3 32.8 36.3 37.4 36.8 37.3 37.5 36.9 37.5 39.7 40.9 43 43.1 45.3 48.7 53.4 58.8 62.3 65.9 71 76.3 79.7 82.1 83.5 84.8 85.4 86 87.4 88.8 87.5 86.9 85 82.7 80.4 77.8 75.3 72.8 70.4 68.1 66.4 64.3 62.1 60.4 60.4 61.4 61.9 62.9 63 62.7 61.8 61 60.5 58.6 57.5 56.8 54.9
-1 -1 -1 -1 -1 -1 -1 -1 -1 -1 -1 -1 -1 -1 -1 -1 -1 -1 -1 -1 -1 -1 -1 -1 -1 -1 0.1 1.1 5.3 9.4 11.4 12.7 13.2 13.8 17.1 20.9 24.6 27.5 30.1 31.9 33 34.1 37.3 39.1 38.9 39.3 39.8 39.8 39 39.6 41.1 43.5 44.1 46.8 50.2 53.9 58.6 62.4 66.6 70.9 75.5 79.7 82 83.9 85.3 85.1 85.4 86.9 89.2 91.5 90.7 89 86.2 83.4 80.8 78.2 75.8 73.1 70.9 68.8 66.6 65.5 66.6 67.2 67.7 67.8 68 68.4 68.3 67.6 66.9 65.7 63.4 61.5 59.9 58.7
-1 -1 -1 -1 -1 -1 -1 -1 -1 -1 -1 -1 -1 -1 -1 -1 -1 -1 -1 -1 -1 -1 -1 -1 -1 -1 -0.5 0.6 1.6 9.2 10.8 11.9 12.8 13.4 15 18.7 22.4 26 29.3 31.8 34 35.4 37.5 39 40.5 41.6 42.4 42.1 41 41.2 42.2 45.4 46.6 48.5 53 56.9 61.5 65.5 70 73.4 76.2 79.3 82.4 84.8 85.8 87.4 87.4 88.3 90.3 92.9 93.4 91.8 89.3 86.6 83.8 81.1 78.5 75.8 73.4 72.4 73.1 75.4 74 73.3 73.1 73.4 74 74.4 74.5 73.5 72.5 70.8 69.2 68.2 68 66.5
-1 -1 -1 -1 -1 -1 -1 -1 -1 -1 -1 -1 -1 -1 -1 -1 -1 -1 -1 -1 -1 -1 -1 -1 -1 -1 -1 0.2 1.2 7.6 9.8 10.7 12.3 13 13.7 17.2 19.6 22.4 25.9 30.2 33.1 35.7 37.5 39.2 42.3 43.8 44.4 43.9 43 43.4 43.7 47.3 49.7 50.5 53.9 60.3 64.5 68.8 73.3 76.7 79.5 81.6 84.5 87.2 88.9 89.8 90.9 90.6 93.7 96.6 96.2 95 92.6 89.8 86.6 84.2 82.3 79.6 79.7 81.7 81.3 80 78.5 79 79.8 80.5 80.5 80.9 80.7 79.9 78.9 77.1 76.3 75.8 75 73.2
-1 -1 -1 -1 -1 -1 -1 -1 -1 -1 -1 -1 -1 -1 -1 -1 -1 -1 -1 -1 -1 -1 -1 -1 -1 -1 -1 -1 -1 3.4 8.7 9.7 11.1 12.6 13.3 13.7 16.1 18.6 22 26.4 31.2 34.8 36.9 39 42.7 46 46.8 45.8 45.3 46.3 46.4 49 51.7 53.3 54.9 61.6 67.4 71.9 76.2 79.6 83.6 86.8 90 90.6 92.2 94 94.4 93.2 96.3 98.8 98.5 97.8 95.9 92.5 89.4 88.6 89.9 89.3 88.1 87.1 85.6 84.8 84.6 85.8 87.2 87.9 87.2 87.7 87.1 85.5 84.6 84 82.3 81.1 80.1 79.1
-1 -1 -1 -1 -1 -1 -1 -1 -1 -1 -1 -1 -1 -1 -1 -1 -1 -1 -1 -1 -1 -1 -1 -1 -1 -1 -1 -1 -1 0.9 4.5 8.9 10.4 11.9 12.7 12.6 12.8 15.1 18.1 22.3 27.2 31.6 35 37.8 41.4 45.1 47.2 47.1 47.3 48.5 49.9 51.1 55.6 57.4 58.5 61.6 67 72.4 77.8 83.4 87.8 91.7 95.2 96.4 96.6 98.1 97.8 96.4 97.7 99.8 101.4 99.4 96.2 96.3 98.6 100.6 98.7 96.4 95.2 95 95.9 97.2 97.1 95.5 96 95.8 95.5 94.1 93.5 92.7 91.1 89.5 88.3 86.4 86.1 85
-1 -1 -1 -1 -1 -1 -1 -1 -1 -1 -1 -1 -1 -1 -1 -1 -1 -1 -1 -1 -1 -1 -1 -1 -1 -1 -1 -1 -0.3 0.9 1.7 7.5 9.5 11.1 12.2 12.4 12.8 13.3 15 18.2 21.8 26.2 30.8 34.5 37.5 41.1 44.1 46.2 48.7 50.4 52.3 54.4 58.4 61.7 63.2 64.8 67.5 73.2 78.9 84.9 90.3 94.7 98.4 100.7 101.6 102.7 101.7 99.8 99 101.2 102.1 103 105 107.7 107.6 105.9 105.4 106 106.8 107.6 107.4 107.7 107.5 106.4 105.9 105.4 103.7 101.2 99.3 97.2 94.9 92.6 92.2 90.2 90.9 91.6
-1 -1 -1 -1 -1 -1 -1 -1 -1 -1 -1 -1 -1 -1 -1 -1 -1 -1 -1 -1 -1 -1 -1 -1 -1 -1 -1 -1 -1 -1 2.1 5.2 8.2 9.7 12 12.2 12.7 13.3 13.9 15.5 18.4 21.6 24.8 28.5 32.1 36 40.3 44 48.5 52.6 54.3 57.7 61.7 65.7 67.3 68.8 69.6 74.1 79.9 86 92 97 100.6 104.3 106.2 105.8 104.9 103.3 104.4 107 109.9 113.2 116.7 113.6 112.6 113.8 115.6 117.5 119.3 119.9 118.4 117.7 116.2 115.2 113.9 112.2 110.3 107.6 105.1 101.5 97.9 94.9 93.7 94.1 95.1 94.9
-1 -1 -1 -1 -1 -1 -1 -1 -1 -1 -1 -1 -1 -1 -1 -1 -1 -1 -1 -1 -1 -1 -1 -1 -1 -1 -1 -1 -1 -1 -1 1.1 6.6 10.4 11.7 12.1 12.7 13.4 14.2 15.3 17.3 19.5 22 24.9 28 32.8 37.9 42.9 48.4 53.6 57.1 60.8 64.6 68.4 71.4 72.9 74.5 76.1 80.8 86.8 92.7 98.8 102.7 106.3 109.8 109.2 108.5 109.8 113.1 117.5 124 122.9 120.8 119.9 121.7 124.9 125 128.4 129.5 128.3 126.7 124.8 122.3 121.2 119.9 118 115.6 113.5 110.5 107 103.3 99 97.9 97.2 96.7 96.6
-1 -1 -1 -1 -1 -1 -1 -1 -1 -1 -1 -1 -1 -1 -1 -1 -1 -1 -1 -1 -1 -1 -1 -1 -1 -1 -1 -1 -1 -1 -1 0.8 2.2 9.1 10.5 11.8 12.5 13.5 14.8 15.5 16.3 17.7 19.8 22.7 27.4 32.9 39 44.9 50.1 55.6 60 63.4 67 70.4 74.6 77 78.5 79.8 83 87.6 93.8 99.8 104.9 109.7 114.1 115.8 119.5 122 126.4 130.8 129.8 127.4 128.7 130.7 134.3 135.4 137.9 136.6 136.1 134 132.2 130.6 129.7 126.2 125 122.9 121.1 118.6 115.7 112.3 109.8 107.3 104.2 101.9 100.1 101
-1 -1 -1 -1 -1 -1 -1 -1 -1 -1 -1 -1 -1 -1 -1 -1 -1 -1 -1 -1 -1 -1 -1 -1 -1 -1 -1 -1 -1 -1 -0.3 0.8 1.7 9.8 11.8 13.3 14.2 15.2 15.7 16.1 17 19.4 22.3 25.1 29.1 35.2 41.2 47.1 52.5 58.4 63.2 66.8 70.1 72.6 77 81 82.2 83.4 86.1 90.3 96.7 102.8 107.9 113.1 118.5 124.4 128.5 132.6 136.4 135 134.9 136.8 139.3 141.8 142.1 143.8 143.7 143.1 141.8 140.1 139.8 139.9 138.1 134.9 131.5 127.7 125.2 124 121.2 118.8 116.4 113.4 110 106.9 104.6 105.8
-1 -1 -1 -1 -1 -1 -1 -1 -1 -1 -1 -1 -1 -1 -1 -1 -1 -1 -1 -1 -1 -1 -1 -1 -1 -1 -1 -1 -1 -1 -1 0.7 2.1 10.5 13.2 15.7 16.7 17.6 16.5 16.8 18.7 22 25.2 28.4 33.3 39.4 43.8 49.5 54.9 60.6 65.7 69.4 73.2 76.6 79 83.9 86.8 87.6 89.9 94.3 99.6 105.6 110.6 115.8 122.8 129.6 137 140.1 140.8 143.5 144.3 146.5 148.5 149.3 152.8 153.4 153 151.4 150.9 148.9 146.9 145.9 144.5 142.9 140.2 136.4 131.5 129.3 129.9 127 124.1 120.2 116.8 113.3 111.3 110.8
-1 -1 -1 -1 -1 -1 -1 -1 -1 -1 -1 -1 -1 -1 -1 -1 -1 -1 -1 -1 -1 -1 -1 -1 -1 -1 -1 -1 -1 -1 -1 0.6 7.3 10.8 14.1 17.1 19.7 19.2 18.4 18.5 20.4 23.8 27.2 31 37.6 43.2 48.3 53.5 57.5 62.5 67.8 72.2 77.3 82.5 84.6 86.9 91 93 93.9 97.3 102.2 108.7 113.8 118.6 126 133.9 140.4 145 150.5 151.9 155.5 157.6 161.3 161.3 161.3 160.6 159.9 157.1 155.3 155.6 155.2 152.5 149.7 146.9 144 141 138.4 135.4 131.9 129.6 128.1 125 122.1 119 116.4 116.3
-1 -1 -1 -1 -1 -1 -1 -1 -1 -1 -1 -1 -1 -1 -1 -1 -1 -1 -1 -1 -1 -1 -1 -1 -1 -1 -1 -1 -1 -1 -1 -1 -1 9.8 16.7 20.6 22.6 22.5 23.4 21.2 23.9 27.4 30.8 35.4 41.4 46.6 51.7 56.9 60.7 65.2 73.2 76 80.8 87.3 89.5 91.7 94.4 97.7 99.7 100.6 105.1 112.2 117.5 123.2 130.2 138.2 146.4 154 158.9 163 167.1 168.5 168.6 168.4 167.2 167.7 167.1 164.2 161.9 161.7 161.5 160.4 157 154.1 150.1 146 143.8 139.3 135.6 133.2 131.8 128.7 126 124.9 122.1 121.6
-1 -1 -1 -1 -1 -1 -1 -1 -1 -1 -1 -1 -1 -1 -1 -1 -1 -1 -1 -1 -1 -1 -1 -1 -1 -1 -1 -1 -1 -1 -1 -1 -1 1 19.5 23.5 27.3 28.5 29.5 26.1 28 31.3 35.5 39.6 46.3 50.6 55 60.4 64.4 68.6 76.1 79.1 82.7 90.4 94.2 97.7 99.8 102.6 104.9 106.1 107.3 114.1 121.4 129.4 139.3 149.6 158.1 165.3 169.4 173.4 175.2 174.8 174.7 176.2 175.6 174.9 172.6 170.6 169.2 168.6 166.9 167.1 168.3 165.8 160.7 155.3 151.5 145.2 140.6 138.3 135.9 134.4 131.6 129.2 126.8 124.5
-1 -1 -1 -1 -1 -1 -1 -1 -1 -1 -1 -1 -1 -1 -1 -1 -1 -1 -1 -1 -1 -1 -1 -1 -1 -1 -1 -1 -1 -1 -1 -1 -1 0.7 24.1 31.1 36.7 34.9 32.4 30.6 32.1 35.3 39.4 43.6 49.4 54.4 58.6 65 68.9 72.9 78 82.7 87.3 91.3 99.3 103.9 107.8 107.1 108.8 111.3 110.6 115.3 125.6 134.9 145.1 158.9 166.6 173.5 178.2 180.6 179.8 181 182.3 182.6 181.9 181.3 180.8 178.5 177.9 176 177.2 175.3 174 172 167.3 162 158.2 152.7 151.4 144.7 142.3 138.8 135.1 131.8 129.8 128
-1 -1 -1 -1 -1 -1 -1 -1 -1 -1 -1 -1 -1 -1 -1 -1 -1 -1 -1 -1 -1 -1 -1 -1 -1 -1 -1 -1 -1 -1 -1 -1 -1 25.3 30.4 36.8 42.3 36.4 35.6 34.8 36 39.2 43.4 46.8 50.5 57.7 61.3 69 73.7 79 82.4 85.6 90.1 94.5 103.1 109.1 114.5 115 114.1 115.9 117.9 117.5 128 140.1 150.3 165.4 173.5 178.5 184.2 185.4 185.4 187.4 187.6 187.7 186.7 186.6 187.1 189.2 189.9 188.3 184.9 180.9 178.6 175.1 171.1 164.8 161.1 155.2 151.1 148.8 146.3 141.6 137.7 135.1 133.9 135.2
-1 -1 -1 -1 -1 -1 -1 -1 -1 -1 -1 -1 -1 -1 -1 -1 -1 -1 -1 -1 -1 -1 -1 -1 -1 -1 -1 -1 -1 -1 -1 -1 -0.1 31.6 36.7 40.8 43.3 39.8 36.5 39.3 40 43.1 46.3 49.5 52.7 59.1 63.8 70.5 76.6 83.6 87 89.3 93.4 101.1 107.3 114.6 119.2 121.4 121.9 119.7 123.5 123.2 126.3 143.4 155.3 167.7 174.5 181.7 188.2 189.1 190.4 192 192.3 192.3 191.4 191.7 193.8 195.8 194.5 192.4 189.3 185.9 181.9 178.2 174.4 170.1 164.2 161.7 158.7 153.8 148.5 146.7 143.6 141.9 141.3 144.5
-1 -1 -1 -1 -1 -1 -1 -1 -1 -1 -1 -1 -1 -1 -1 -1 -1 -1 -1 -1 -1 -1 -1 -1 -1 -1 -1 -1 -1 -1 -1 -1 34.2 38.4 40.8 42.7 43.9 41.7 38.8 43.8 43.7 45.9 49.1 52.3 54.7 58.7 65.1 71.1 77.3 83.4 90.3 95.6 99.2 106.6 113.2 117.9 125.8 129.6 128.5 126.5 126.3 127.7 126.7 140 155.3 168 171.2 173.7 180 187.7 190.6 193.2 195.2 196 195.3 195.5 198.6 199.5 197.2 194.7 191.9 189.5 185.5 182 179.4 177.5 170.7 167.7 164.4 161.6 158.3 154.1 151.4 150.8 151.5 152.6
-1 -1 -1 -1 -1 -1 -1 -1 -1 -1 -1 -1 -1 -1 -1 -1 -1 -1 -1 -1 -1 -1 -1 -1 -1 -1 -1 -1 -1 -1 -1 35.7 40.3 45.1 46.7 45.8 46.3 42.8 41.5 45.9 47.3 48.9 51.8 54.1 56.2 58.9 65.4 71 78 86.9 95.7 100.2 105.1 111.3 117.4 122.3 130.1 136.4 137.7 137.5 135.7 133.9 133.7 138.2 152.1 160.1 167.2 171.2 170.1 173.6 181.3 190.5 194.2 197.1 197.6 199.2 201.8 201.9 199.6 196.9 194.6 195.7 194.6 194.3 190.6 187.8 181.9 176.5 171.5 166.8 163 160.6 159.4 159.5 162.9 162.9
-1 -1 -1 -1 -1 -1 -1 -1 -1 -1 -1 -1 -1 -1 -1 -1 -1 -1 -1 -1 -1 -1 -1 -1 -1 -1 -1 -1 -1 -1 -1 36.1 42.7 46.6 49.6 49.5 48.3 44.4 43.8 47.1 49.7 52.5 53.1 54.9 55.6 59.5 65.5 71.1 79.4 87.2 97 102.4 108.7 115.3 120.5 127.3 132.8 139 148.6 149.4 147.8 145.1 143.9 141.8 148.7 155.3 158.4 161.4 164.5 165.6 168.6 173.8 185.5 189 193.8 196.9 200.5 202.9 201.7 200.3 199.5 200 204.4 203 198.5 195.8 191.7 185.6 180.4 174 169.6 168.5 165.8 168.1 171.9 175.1
-1 -1 -1 -1 -1 -1 -1 -1 -1 -1 -1 -1 -1 -1 -1 -1 -1 -1 -1 -1 -1 -1 -1 -1 -1 -1 -1 -1 -1 -1 -1 -1 40.2 46.6 50.4 50.7 49.9 43 45.6 48.4 50.5 53.8 55.1 52.2 53 55.5 60.1 69.9 75.9 85.2 94 103 111.2 118.5 124.9 132.2 138.2 142 151.8 156.8 158.8 156.6 154.9 150.9 145.4 151.1 153.7 152.7 154.3 160.4 160.3 160.5 167.3 174.9 184.3 188.9 192.4 195.4 198.9 200.6 203.4 206.2 206.9 208.9 204.6 200.4 197.6 193.3 189 185.1 178.5 177.2 176.3 176.6 179.3 183.5
-1 -1 -1 -1 -1 -1 -1 -1 -1 -1 -1 -1 -1 -1 -1 -1 -1 -1 -1 -1 -1 -1 -1 -1 -1 -1 -1 -1 -1 -1 -1 -1 37.2 43.9 49.4 44.2 51.9 42.4 47.4 49.7 50.3 53.7 52 50.6 52.3 53.9 56.1 65.1 72.8 82.6 90.8 99.2 108.9 119.7 129.2 136.4 141.8 146.8 154.4 161.7 166.4 164.6 162.5 158.6 149.6 144.6 146.4 149.1 147.9 147.9 148 156.8 157.2 161.5 168.4 179.7 183 188.6 191.7 193.6 198.5 204.1 206.8 208.1 208.6 206.4 204.2 200.8 196.9 191.6 186.5 184.4 185 185.7 188.7 190.8
-1 -1 -1 -1 -1 -1 -1 -1 -1 -1 -1 -1 -1 -1 -1 -1 -1 -1 -1 -1 -1 -1 -1 -1 -1 -1 -1 -1 -1 -1 -1 18.2 29.9 40.2 38 41.7 42 43.3 47.7 49.3 47.7 51.6 48.2 50.9 52.5 52.7 54.9 58.2 67.9 75.3 85 95.3 105.8 119.1 130.4 139.1 144.1 151 156.7 164.4 168.5 167.5 165 161.9 154.4 147.1 141.8 140.1 143.4 142.8 140.9 140.9 146.3 152.8 154.8 165.7 173.5 179.5 184 189.6 192.1 193.9 198.4 204 206.9 209 206.7 204.5 202.2 199.4 195.7 193.1 193.6 193.1 195.7 196.8
-1 -1 -1 -1 -1 -1 -1 -1 -1 -1 -1 -1 -1 -1 -1 -1 -1 -1 -1 -1 -1 -1 -1 -1 -1 -1 -1 -1 -1 -1 -1 -1 21.3 28.2 35.2 39.1 40.4 43.2 46 46.9 44.6 46.5 48.5 49.8 52.2 51 53.7 55.8 59 70.3 78.3 88.6 99.2 111.2 129.8 138 146 154.1 157.9 163.8 168.4 169.6 167.2 161.9 155.4 145.9 139.8 136.3 133.5 138.9 139.6 136.8 137.2 137.2 144.5 148.8 160.2 168.9 174.3 180.8 185.4 191.9 193.6 198.1 200.2 202.1 204.2 206.2 204.9 202.1 200.1 197.7 195.9 197.2 201.6 199.5
-1 -1 -1 -1 -1 -1 -1 -1 -1 -1 -1 -1 -1 -1 -1 -1 -1 -1 -1 -1 -1 -1 -1 -1 -1 -1 -1 -1 -1 -1 -1 -1 17.8 27.4 34.1 37.6 39.3 40.4 36.7 37.7 43.2 48 48.4 46 43.8 44.8 46.6 51.8 56.8 60.2 71.6 80.9 91.5 103.3 122.9 137.7 147.4 155.3 158.9 163.7 168.4 171 168.6 162.6 154.5 145.2 137.6 133.2 131.1 130.5 129.9 131.9 132.2 133 135.5 141.8 148.1 155 163.9 171.7 179.9 186.3 192.4 194.2 197 198.4 197.5 199.4 201.7 204.2 203 200.7 199.5 197.7 198.7 200
-1 -1 -1 -1 -1 -1 -1 -1 -1 -1 -1 -1 -1 -1 -1 -1 -1 -1 -1 -1 -1 -1 -1 -1 -1 -1 -1 -1 -1 -1 -1 -1 -1 26.3 33.1 35.1 35.7 34.2 36.1 36.1 38.7 45.4 47.9 43.2 40 40.6 42.7 46.1 51.6 57.7 62.9 74.9 85 93 113.6 131.8 145.5 153.2 159.2 166.6 169.5 170 168.8 163.7 153.8 144.1 133.3 128 125 125.2 125.4 124.4 125.7 128.8 131.9 136.2 140.8 147.4 152.8 161.5 169.7 179.2 185.1 190.3 192.8 194 197 197.8 200.3 200.9 202.2 201.5 199.9 199.1 197.8 201.9
-1 -1 -1 -1 -1 -1 -1 -1 -1 -1 -1 -1 -1 -1 -1 -1 -1 -1 -1 -1 -1 -1 -1 -1 -1 -1 -1 -1 -1 -1 -1 -1 -1 -1 -1 30.2 31.2 32.6 33.2 34.8 33.8 42 44.4 39.1 37.8 37.2 38.7 42.8 46.1 51.9 59 66.1 78.4 88.1 101.7 123.5 139.6 150 159.6 163.2 169.9 170 168.4 163.3 151.8 140.6 131.6 124.4 120.5 119.7 120.5 121.6 122.7 125.8 127.7 131.9 135.4 139.9 147.2 152.3 159.1 168.1 176.7 183.8 187.6 190.9 192.1 194.1 196.1 196.4 197.8 198 199.5 198.6 198.5 195.9
-1 -1 -1 -1 -1 -1 -1 -1 -1 -1 -1 -1 -1 -1 -1 -1 -1 -1 -1 -1 -1 -1 -1 -1 -1 -1 -1 -1 -1 -1 -1 -1 -1 -1 -1 19.1 25.1 24.3 23.5 27.9 30 31.2 34.4 35.2 36.4 33.3 32.5 37.3 43.6 47.3 53 61 70.9 80.8 90.8 110.8 129.1 146.1 155.3 163.7 164.6 168.1 166.8 161.9 151.3 140.5 129.6 122.6 118.8 116.6 118.1 119.8 120.8 122.2 125 126.1 129.2 134.7 139.8 145.2 151 157.9 166.7 176.4 182.8 186.1 187.7 188.6 191 192.7 193.8 195.6 196.1 199 196.9 194.9
-1 -1 -1 -1 -1 -1 -1 -1 -1 -1 -1 -1 -1 -1 -1 -1 -1 -1 -1 -1 -1 -1 -1 -1 -1 -1 -1 -1 -1 -1 -1 -1 -1 -1 -1 13.4 17.4 15.4 16.5 20.2 21.6 26.4 30.4 33.6 31.7 27 27.7 31.8 38.3 45.8 49.1 56.6 63.6 75.3 83.6 99.5 119.4 135.8 145.8 158 164.7 166.1 165 160.5 152.6 141.4 130.1 123.6 118.5 115.1 114.4 116.7 117.6 118.1 120.4 123.1 125.7 127.7 130.9 136.6 143 149.2 157 165.2 173.5 178.5 182.3 185.2 186.2 187.2 187.3 190 193.6 194 194.8 194.5
-1 -1 -1 -1 -1 -1 -1 -1 -1 -1 -1 -1 -1 -1 -1 -1 -1 -1 -1 -1 -1 -1 -1 -1 -1 -1 -1 -1 -1 -1 -1 -1 -1 -1 -1 -1 0.8 10.6 10.3 15.9 15.5 16.9 29.2 30.2 23.1 22.8 24.4 27.3 31.5 38.2 46.6 50.5 59.2 67.7 78.1 88.7 108.8 125.5 138.1 149.1 159.3 165.4 164 158.5 153.3 144.4 132.9 124.5 118.9 114.7 111.7 111.1 113.7 114.6 117.1 120 122.2 123.5 125 126.5 133.9 140.5 147.7 154.7 161.8 168.8 174.8 179.2 181.3 183 183.6 183.1 183.7 184.3 188.8 190
-1 -1 -1 -1 -1 -1 -1 -1 -1 -1 -1 -1 -1 -1 -1 -1 -1 -1 -1 -1 -1 -1 -1 -1 -1 -1 -1 -1 -1 -1 -1 -1 -1 -1 -1 -1 -1 -1 0.6 1.6 10.2 9.9 13 16 18.6 20.3 20.9 24.1 28.4 32.9 40.2 47.7 53 62.6 71.9 81.3 93.7 116.7 128.8 138.3 151.4 161.9 162.5 158.7 153.5 147.5 139.6 127.7 119.7 113.3 110 109.2 109.5 112.5 114 116.1 117.6 119.2 121.3 123.5 124.4 132.5 137.8 143 149.5 157.4 163.9 169.1 172.8 175.2 176.4 179.1 178 177.8 176.8 178.3
-1 -1 -1 -1 -1 -1 -1 -1 -1 -1 -1 -1 -1 -1 -1 -1 -1 -1 -1 -1 -1 -1 -1 -1 -1 -1 -1 -1 -1 -1 -1 -1 -1 -1 -1 -1 -1 -1 0.1 0.8 1.3 1.5 9.2 11.6 16.6 19 16.8 18.1 21.3 27.2 33.2 42.2 48.5 55 65.2 74.7 84.3 102.9 119.8 129.9 139.9 152.2 158.5 159.4 155.6 150.6 142.6 134.4 122.7 114 108.9 108.1 107.8 108.2 111.2 112.8 114.3 115.6 119.1 120.3 120.8 121.2 126.4 133.8 140.1 146.2 151.3 157.2 163.3 168.2 169.5 170.7 171.1 171 169.9 169.9
-1 -1 -1 -1 -1 -1 -1 -1 -1 -1 -1 -1 -1 -1 -1 -1 -1 -1 -1 -1 -1 -1 -1 -1 -1 -1 -1 -1 -1 -1 -1 -1 -1 -1 -1 -1 -1 -1 -0.7 0.1 0.4 0.3 0.8 0.9 7 12.4 9.2 11.6 15 21.5 29 36.6 45.3 51.1 60.1 67.9 76.7 87.3 110.7 124.2 133.5 141.3 153.8 158.3 157.1 154.6 147.4 140 129.4 118.6 111.2 107.1 105.4 104.5 106.3 108.7 110.6 112.9 114.6 116.6 118 118.7 118.6 119.4 127.3 134.5 141 145.2 150.7 154.3 159.3 160.3 161.6 164.5 165.7 164.8
-1 -1 -1 -1 -1 -1 -1 -1 -1 -1 -1 -1 -1 -1 -1 -1 -1 -1 -1 -1 -1 -1 -1 -1 -1 -1 -1 -1 -1 -1 -1 -1 -1 -1 -1 -1 -1 -1 -1 -1 -0.5 -1 -1 -1 -1 -1 2.5 9 12.4 18.6 26.1 33.5 40.5 47 53.9 62.7 70.9 82 94.7 117.4 128.6 135.4 144.8 156 158.8 158.2 154.2 146.9 137.5 127.4 116.8 109.2 104.9 102.2 102.9 105.4 106.3 108.5 110.6 112 112 115.3 114.7 114.8 115.2 123.5 129.7 136.1 142 144 147 150 154.3 156.2 157.9 161.1
-1 -1 -1 -1 -1 -1 -1 -1 -1 -1 -1 -1 -1 -1 -1 -1 -1 -1 -1 -1 -1 -1 -1 -1 -1 -1 -1 -1 -1 -1 -1 -1 -1 -1 -1 -1 -1 -1 -1 -1 -1 -1 -1 -1 -1 -1 -1 2.8 11.7 16.5 23.2 30.1 37 43.9 49.7 59.1 66.2 74.3 84.9 104.5 123.4 133.6 138.7 150.6 159.8 161.3 157.7 153.2 146.4 137.1 126.4 116.8 108.6 101.8 99.9 99 102.8 103.8 105.7 107.4 107.8 107.2 108.6 109.3 110.8 112.5 117.8 124.3 130.9 135.4 141.2 142 142.7 146.2 148.7 151.7
-1 -1 -1 -1 -1 -1 -1 -1 -1 -1 -1 -1 -1 -1 -1 -1 -1 -1 -1 -1 -1 -1 -1 -1 -1 -1 -1 -1 -1 -1 -1 -1 -1 -1 -1 -1 -1 -1 -1 -1 -1 -1 -1 -1 -1 -1 -1 3 10.8 15.6 20.2 26.6 33.5 40 45.8 53.7 62.1 69.1 80.2 90.6 114.8 131.5 140.2 143.5 159.2 163.8 161 157.1 153.1 145.7 135.9 122.2 116.4 110 102.6 97.9 97.9 98.7 100.9 102.6 103.2 102.8 102.8 103.3 104.1 105.7 109.6 114.8 118.3 126.2 131 134.7 136.5 137.1 138.9 141.9
-1 -1 -1 -1 -1 -1 -1 -1 -1 -1 -1 -1 -1 -1 -1 -1 -1 -1 -1 -1 -1 -1 -1 -1 -1 -1 -1 -1 -1 -1 -1 -1 -1 -1 -1 -1 -1 -1 -1 -1 -1 -1 -1 -1 -1 -1 -1 1.2 6.9 12.8 17.5 23.8 30.1 36.7 42.6 47.3 58.2 66.1 73 82.2 101 124.5 140.8 145.4 153.6 164.5 162.8 159.7 157.5 153.1 145.7 132.1 121.2 115.7 110.3 101 97.9 97.9 97.9 97.9 97.9 98.4 98.3 98.1 97.9 97.9 101.6 107.5 112.1 114.6 120.5 125.5 128.7 132.3 132.9 134.9
-1 -1 -1 -1 -1 -1 -1 -1 -1 -1 -1 -1 -1 -1 -1 -1 -1 -1 -1 -1 -1 -1 -1 -1 -1 -1 -1 -1 -1 -1 -1 -1 -1 -1 -1 -1 -1 -1 -1 -1 -1 -1 -1 -1 -1 -1 -1 0.3 2.5 10.7 15.2 20.9 27.8 33.9 39.8 44 53.6 63.1 71.8 77.4 89.3 115.6 135.4 146.9 154.2 165 169.4 165.2 162 158.7 153.1 143.7 129.5 120.1 114.1 108.3 102.1 97.9 97.9 97.9 97.9 97.9 97.9 97.9 97.9 97.9 97.9 98.9 104.6 109.6 113.5 114.6 119.1 122.5 127.2 128.4
-1 -1 -1 -1 -1 -1 -1 -1 -1 -1 -1 -1 -1 -1 -1 -1 -1 -1 -1 -1 -1 -1 -1 -1 -1 -1 -1 -1 -1 -1 -1 -1 -1 -1 -1 -1 -1 -1 -1 -1 -1 -1 -1 -1 -1 -1 -1 0 1.5 10.8 12.8 18.2 25.6 31.7 37.5 41.8 48.9 59.4 67.1 75.7 84.2 99.8 127.4 142.8 156.1 161.7 170.4 181 171.1 161 157.2 150.1 139.5 129.3 120.5 113.8 108.4 102.7 97.9 97.9 97.9 97.9 97.9 97.9 97.9 97.9 97.9 97.9 97.9 101.7 106.1 107.8 109.2 113.6 117.3 121.2
-1 -1 -1 -1 -1 -1 -1 -1 -1 -1 -1 -1 -1 -1 -1 -1 -1 -1 -1 -1 -1 -1 -1 -1 -1 -1 -1 -1 -1 -1 -1 -1 -1 -1 -1 -1 -1 -1 -1 -1 -1 -1 -1 -1 -1 -1 -1 -1 0.6 2.4 9.7 15.6 23.7 29.4 35 40.4 45.7 53.3 66 73.9 79.9 89.7 115 135.4 151.7 165.4 167.6 178 181.6 174.2 161.1 154 148 136.2 127.5 122 114.7 106.8 100.9 97.9 97.9 97.9 97.9 97.9 97.9 97.9 97.9 97.9 97.9 97.9 98.2 101.6 103.1 104.4 108.4 112
-1 -1 -1 -1 -1 -1 -1 -1 -1 -1 -1 -1 -1 -1 -1 -1 -1 -1 -1 -1 -1 -1 -1 -1 -1 -1 -1 -1 -1 -1 -1 -1 -1 -1 -1 -1 -1 -1 -1 -1 -1 -1 -1 -1 -1 -1 -1 -1 0.4 1.6 2.8 13.6 21.1 27.8 33.4 39.6 43.3 50.5 61.7 69.7 79.3 86.2 97.5 126.5 141.9 162.2 165.5 173.7 181.9 178.9 170.5 158 150.9 146 133.4 127.7 122.6 115.3 109.6 105.3 101 97.9 97.9 97.9 97.9 97.9 97.9 97.9 97.9 97.9 97.9 97.9 97.9 99 100.1 104.1
-1 -1 -1 -1 -1 -1 -1 -1 -1 -1 -1 -1 -1 -1 -1 -1 -1 -1 -1 -1 -1 -1 -1 -1 -1 -1 -1 -1 -1 -1 -1 -1 -1 -1 -1 -1 -1 -1 -1 -1 -1 -1 -1 -1 -1 -1 -1 -0.6 0.5 1.1 1.6 10.6 18.2 25.7 33.6 39.5 43.5 48.2 57.1 67.3 79.6 84.8 89.7 109 130.6 147.3 162.1 170.6 182.7 179.8 176 171.2 156.6 148.2 144.4 139.7 133.5 124.1 118.7 113.4 109 105.5 99.4 97.9 97.9 97.9 97.9 97.9 97.9 97.9 97.9 97.9 97.9 97.9 97.9 97.9
-1 -1 -1 -1 -1 -1 -1 -1 -1 -1 -1 -1 -1 -1 -1 -1 -1 -1 -1 -1 -1 -1 -1 -1 -1 -1 -1 -1 -1 -1 -1 -1 -1 -1 -1 -1 -1 -1 -1 -1 -1 -1 -1 -1 -1 -1 -1 -1 0.1 0.8 1.5 9.3 15.5 22.5 30.5 38.9 43.5 47.8 53.8 63.1 75.3 84.3 90.3 94.3 119 132.5 148.9 166.6 182.5 183.4 177.9 173.4 169.6 160.9 156.6 152 147.7 140.6 133.8 123 116.4 112.4 107 100.4 97.9 97.9 97.9 97.9 97.9 97.9 97.9 97.9 97.9 97.9 97.9 97.9
-1 -1 -1 -1 -1 -1 -1 -1 -1 -1 -1 -1 -1 -1 -1 -1 -1 -1 -1 -1 -1 -1 -1 -1 -1 -1 -1 -1 -1 -1 -1 -1 -1 -1 -1 -1 -1 -1 -1 -1 -1 -1 -1 -1 -1 -1 -1 -0.5 0.2 0.9 1.6 7.7 12 18.9 27.3 36.6 43.9 47.1 52.2 60.6 73.1 84.2 90.9 96.7 104.8 124.7 137.9 160.1 177.8 189 188.7 183.3 180.1 174.1 166.8 160.7 156.9 151.1 142.3 135.1 127.6 121.5 115.9 108.4 102.5 97.9 97.9 97.9 97.9 97.9 97.9 97.9 97.9 97.9 97.9 97.9
-1 -1 -1 -1 -1 -1 -1 -1 -1 -1 -1 -1 -1 -1 -1 -1 -1 -1 -1 -1 -1 -1 -1 -1 -1 -1 -1 -1 -1 -1 -1 -1 -1 -1 -1 -1 -1 -1 -1 -1 -1 -1 -1 -1 -1 -1 -1 -0.3 0.4 1.1 5.5 6.9 10.6 15.7 23.1 32.4 41.7 46.1 51.2 55.7 68.2 79.2 92.5 97 104.2 113.2 127.3 147.6 168.2 187.6 193.2 193.3 190.9 188.1 179.4 169.6 160.4 155.2 150.6 141.2 135.2 129.2 122.7 117.1 112.4 105.1 98 97.9 97.9 97.9 97.9 97.9 97.9 97.9 97.9 97.9
-1 -1 -1 -1 -1 -1 -1 -1 -1 -1 -1 -1 -1 -1 -1 -1 -1 -1 -1 -1 -1 -1 -1 -1 -1 -1 -1 -1 -1 -1 -1 -1 -1 -1 -1 -1 -1 -1 -1 -1 -1 -1 -1 -1 -1 -1 -1 -1 0.3 1.3 3.7 4 7.9 11.9 18.5 25.8 37.7 42.5 48.5 51.4 60.4 76.4 87 98.5 102.7 104.7 119.3 138.7 157.9 183 196.2 197.6 195.5 193 189.9 183.7 168.7 158.6 153.8 149.3 141.9 135.4 129.4 123.1 118.1 113.6 108.8 103.2 98.8 97.9 97.9 97.9 97.9 97.9 97.9 97.9
