data/HY53.asc
ncols 200
nrows 200
xllcorner 350000
yllcorner 1030000
cellsize 50
[rows 152 to 189 of 200, columns 85 to 169 of 200]
52.2 50.7 48.1 46.1 45.1 43.8 43.9 44.1 45 48.1 51.1 53.8 57.1 60.3 64.1 70.3 76.8 82.1 84.7 84.3 78.1 68.8 69.8 73.7 75.8 74.1 69.1 63.9 60.4 57.1 50.7 49.7 51.7 50.8 51 51.7 48.4 39 28.6 21.1 17.6 16.4 16 16.6 17.6 18.3 18.7 18.7 18.2 17.4 14.3 8.7 0.9 -1.4 -1.4 -1.4 -1.4 -1.4 -1.4 -1.4 -1.4 -1.4 -1.4 -1.4 -1.4 -1.4 -1.4 -1.4 -1.4 -1.4 -1.4 -1.4 -1.4 -1.4 -1.4 -1.4 -1.4 -1.4 -1.4 -1.4 -1.4 -1.4 -1.4 -1.4 -1.4
51.9 51.6 51.1 49.2 48.5 47.6 47.7 48 48.7 51.3 54.4 57.7 61.3 64.6 69.8 75.9 82.2 85.4 87.5 84.9 79.6 69.7 74.5 78.2 80.7 77.6 73.8 67.7 62.4 58.9 51.8 52.3 55.1 55.7 55.2 55.1 52.2 45 34.7 25.3 20.2 18.9 18.4 19.1 20.3 21 21.5 22 20.6 19.8 16.3 9.7 -1.4 -1.4 -1.4 -1.4 -1.4 -1.4 -1.4 -1.4 -1.4 -1.4 -1.4 -1.4 -1.4 -1.4 -1.4 -1.4 -1.4 -1.4 -1.4 -1.4 -1.4 -1.4 -1.4 -1.4 -1.4 -1.4 -1.4 -1.4 -1.4 -1.4 -1.4 -1.4 -1.4
51.8 51.2 53 52.4 52 51.5 51.6 51.9 52.6 54.5 57.6 60.8 65 69.2 75 81.4 86.7 88.1 88 84.9 79.2 75.8 80.1 83.5 85 81.9 77.1 71.2 64.9 59.5 53.7 55.2 58.4 59.8 59.7 59.4 56.2 50.5 40.4 30.5 23.2 21.1 20.5 21.6 22.8 24 24.7 25.1 24 22.5 17.2 9.4 -1.4 -1.4 -1.4 -1.4 -1.4 -1.4 -1.4 -1.4 -1.4 -1.4 -1.4 -1.4 -1.4 -1.4 -1.4 -1.4 -1.4 -1.4 -1.4 -1.4 -1.4 -1.4 -1.4 -1.4 -1.4 -1.4 -1.4 -1.4 -1.4 -1.4 -1.4 -1.4 -1.4
51.6 51 51.8 53.6 54.2 54.2 55.1 55.7 56.4 58.3 60.8 64.1 69.2 74.2 80.4 86.9 89.4 90.3 87.2 83.8 80.2 80 84.2 87.8 89.4 86.4 80.7 73.2 67.7 60.4 55.3 57.8 61.7 63.9 63.8 63.5 59.9 54.4 45.2 35 26.5 23.1 22.5 23.7 24.9 26.2 27.4 27.7 26.8 24.4 17.9 10 0.6 -1.4 -1.4 -1.4 -1.4 -1.4 -1.4 -1.4 -1.4 -1.4 -1.4 -1.4 -1.4 -1.4 -1.4 -1.4 -1.4 -1.4 -1.4 -1.4 -1.4 -1.4 -1.4 -1.4 -1.4 -1.4 -1.4 -1.4 -1.4 -1.4 -1.4 -1.4 -1.4
49.3 49.5 50.5 52.7 54.8 56.2 56.7 56 58.3 61 64.2 67.7 72.9 77.6 83.6 88.8 91.6 89.7 86.4 82.9 82.1 84.2 88.1 92 92.9 89.6 82.4 73.3 67.8 60.1 57.9 60.5 66.3 67.7 67.5 66.5 62.9 57.6 48.3 38 29.1 25.4 24.4 25.7 27 28 29.1 28.9 28.4 24.7 17.9 9.6 0.8 -1.4 -1.4 -1.4 -1.4 -1.4 -1.4 -1.4 -1.4 -1.4 -1.4 -1.4 -1.4 -1.4 -1.4 -1.4 -1.4 -1.4 -1.4 -1.4 -1.4 -1.4 -1.4 -1.4 -1.4 -1.4 -1.4 -1.4 -1.4 -1.4 -1.4 -1.4 -1.4
46.9 47.7 49 50.3 51.6 54.4 55.6 56.8 59.1 61.5 65.3 69.3 74.2 78.9 84.1 88.5 89.6 86.4 83.4 81.6 83 86.3 90.3 94.9 95.5 90.9 81.6 74.4 67.6 60.5 60.2 63 69.5 70.7 71.1 69 65.1 60 51.9 40.8 31.5 27.3 26 27.1 28.2 29.7 30.7 30.4 28.5 24.3 17.3 9 1 -1.4 -1.4 -1.4 -1.4 -1.4 -1.4 -1.4 -1.4 -1.4 -1.4 -1.4 -1.4 -1.4 -1.4 -1.4 -1.4 -1.4 -1.4 -1.4 -1.4 -1.4 -1.4 -1.4 -1.4 -1.4 -1.4 -1.4 -1.4 -1.4 -1.4 -1.4 -1.4
43.5 44.4 45.2 47 48.4 50.8 52.8 55.9 59 62 65 69 72.7 76.2 80.8 84.3 83.7 81.6 80 80.8 84.5 88.1 92.5 96.6 94.9 88.6 78.4 71.8 66.3 62.2 62.8 66.9 72.3 73.2 73.1 70.5 66.2 61.2 53.8 42.7 33.6 28 27.2 28.4 29.5 30.9 32.2 30.9 28.3 23.6 16.3 8 0.9 -1.4 -1.4 -1.4 -1.4 -1.4 -1.4 -1.4 -1.4 -1.4 -1.4 -1.4 -1.4 -1.4 -1.4 -1.4 -1.4 -1.4 -1.4 -1.4 -1.4 -1.4 -1.4 -1.4 -1.4 -1.4 -1.4 -1.4 -1.4 -1.4 -1.4 -1.4 -1.4
40.6 40.6 41 43 45.1 47.1 49.2 52 55 58.1 61.6 64.6 67.5 70.7 73.5 75.3 77.4 77.5 78.6 81.6 85.9 89.7 96.5 97.8 94.1 86.3 77.7 72.6 67.7 64.5 65.9 71.3 74.6 74.7 73.7 70.4 65.4 60.2 53.2 42.9 34.8 29.8 28.3 29.4 30.7 32.1 32.7 31.4 27.5 21.5 14.8 9.2 1.2 -1.4 -1.4 -1.4 -1.4 -1.4 -1.4 -1.4 -1.4 -1.4 -1.4 -1.4 -1.4 -1.4 -1.4 -1.4 -1.4 -1.4 -1.4 -1.4 -1.4 -1.4 -1.4 -1.4 -1.4 -1.4 -1.4 -1.4 -1.4 -1.4 -1.4 -1.4 -1.4
38.2 38.1 39 39.7 41.4 43.5 45.7 48.6 51.4 54.3 57.4 60.7 62.7 64.5 67.6 70.4 72.3 75.2 78.3 82.5 87 93.2 96.4 98.2 93.5 86.3 79.6 74.4 69.4 66.9 69.9 74.9 75.6 75.1 72.9 68.3 63.4 57.9 50.4 42.4 34.8 30.2 29.2 30.3 31.7 32.6 32.8 30.8 26.2 20.5 14.1 9 1.4 -1.4 -1.4 -1.4 -1.4 -1.4 -1.4 -1.4 -1.4 -1.4 -1.4 -1.4 -1.4 -1.4 -1.4 -1.4 -1.4 -1.4 -1.4 -1.4 -1.4 -1.4 -1.4 -1.4 -1.4 -1.4 -1.4 -1.4 -1.4 -1.4 -1.4 -1.4 -1.4
35.9 36.8 37 37.1 37.8 39.8 42 44.4 47.7 49.7 52.5 56.1 59.2 61.8 64.5 67.6 71.4 74.4 79.3 84.3 90.4 94.6 97 95.7 92.3 86.7 81.9 77.1 71.8 70.1 73 75.4 75.6 75.3 71 65.9 60.5 54.8 47.7 40.5 34.1 31.8 30.6 31 31.8 32.5 32.5 29.8 24.2 18.3 13 8.2 1.9 -1.4 -1.4 -1.4 -1.4 -1.4 -1.4 -1.4 -1.4 -1.4 -1.4 -1.4 -1.4 -1.4 -1.4 -1.4 -1.4 -1.4 -1.4 -1.4 -1.4 -1.4 -1.4 -1.4 -1.4 -1.4 -1.4 -1.4 -1.4 -1.4 -1.4 -1.4 -1.4
34.7 34.9 35 35.1 35.4 36.5 38.6 41.4 43 45.3 47.6 51.4 56.1 58.7 61.9 66.3 70.6 74 80.1 86.9 92.6 93.5 93.8 91.2 88.8 86.4 83.3 78.2 72.8 72.9 72.9 74.3 75.2 73.9 69.4 63.6 57.2 51.1 44.1 40.2 34.3 32.7 32.3 31.9 32.5 32.5 32 28.2 22.9 17.6 12.3 7.7 1.5 -1.4 -1.4 -1.4 -1.4 -1.4 -1.4 -1.4 -1.4 -1.4 -1.4 -1.4 -1.4 -1.4 -1.4 -1.4 -1.4 -1.4 -1.4 -1.4 -1.4 -1.4 -1.4 -1.4 -1.4 -1.4 -1.4 -1.4 -1.4 -1.4 -1.4 -1.4 -1.4
32.2 33.1 33.2 33.3 33.8 35.5 37.5 39.5 41 42.5 44.8 47.6 52.1 55.5 60.1 64.7 69.9 75.8 83.2 90.3 92.4 92.7 90 87.4 85.1 83.9 81.1 78.6 74.3 72.8 72.5 73 72.9 70.1 65.3 59.9 53.5 47.1 43.5 39.8 35.3 34.2 33.9 33.6 33.2 32.8 31.3 26.8 21.9 16.9 12 7.9 1.3 -1.4 -1.4 -1.4 -1.4 -1.4 -1.4 -1.4 -1.4 -1.4 -1.4 -1.4 -1.4 -1.4 -1.4 -1.4 -1.4 -1.4 -1.4 -1.4 -1.4 -1.4 -1.4 -1.4 -1.4 -1.4 -1.4 -1.4 -1.4 -1.4 -1.4 -1.4 -1.4
28.3 29.9 31.4 31.5 32.1 34.2 35.9 37.3 38.6 40.3 42.1 45.3 49.1 53.5 58.3 64.4 69.7 77.1 84.6 89.4 91.5 90.6 87.5 84.6 82.8 81.6 80.3 78.4 75 74.7 72.7 72.3 69.8 66 61.4 55.6 49.6 45.7 42.5 40.5 37 35.6 35.2 34.9 34.6 33.3 31.1 26.4 20.8 15.3 10.8 6.9 1.1 -1.4 -1.4 -1.4 -1.4 -1.4 -1.4 -1.4 -1.4 -1.4 -1.4 -1.4 -1.4 -1.4 -1.4 -1.4 -1.4 -1.4 -1.4 -1.4 -1.4 -1.4 -1.4 -1.4 -1.4 -1.4 -1.4 -1.4 -1.4 -1.4 -1.4 -1.4 -1.4
23.1 25.9 29.3 29.8 30.5 32.3 33.6 34.9 36.2 37.9 40.5 44.1 47.9 51.7 56.7 63.5 70.3 78.7 85.3 88.6 89.4 88.4 85.5 82.9 81 79.8 78.2 76.7 75.6 75.8 74.4 71.6 67.5 62.6 57.6 52.5 48.4 45.4 43.6 41.7 39.7 37.8 37 36.2 35.8 34.2 31.2 26 20.3 14.1 9.2 5.2 -1.4 -1.4 -1.4 -1.4 -1.4 -1.4 -1.4 -1.4 -1.4 -1.4 -1.4 -1.4 -1.4 -1.4 -1.4 -1.4 -1.4 -1.4 -1.4 -1.4 -1.4 -1.4 -1.4 -1.4 -1.4 -1.4 -1.4 -1.4 -1.4 -1.4 -1.4 -1.4 -1.4
20.5 21.9 24.5 27.1 29.1 30 31.3 32.6 34.4 36.8 39.7 43.2 47 51.5 57.4 64 71.8 79.7 84.5 87.2 88.5 86.9 84.9 82.6 80.5 79.1 77.7 76.5 75.9 76.5 75.7 73 68.1 62.5 56.2 52.1 48.3 45.8 44 42.2 41 40 39.1 38.2 36.8 35.2 32.1 26.4 19 13.4 8.7 4.2 -1.4 -1.4 -1.4 -1.4 -1.4 -1.4 -1.4 -1.4 -1.4 -1.4 -1.4 -1.4 -1.4 -1.4 -1.4 -1.4 -1.4 -1.4 -1.4 -1.4 -1.4 -1.4 -1.4 -1.4 -1.4 -1.4 -1.4 -1.4 -1.4 -1.4 -1.4 -1.4 -1.4
18.2 19.7 21.6 24.7 27.9 28.4 29.7 31.6 33.6 35.8 38.9 42.9 47.4 52.6 58.9 65.5 73.6 79.9 84.3 86.8 87.4 85.7 83.7 81.8 80.4 79.4 78.7 77.9 76.8 77.3 76.7 74.9 70.4 63.8 56.9 51.9 48.8 46.2 45.1 44.1 43.2 42.2 41.1 40.3 38 36.1 32.5 26 17.9 13.1 8.4 2.8 -1.4 -1.4 -1.4 -1.4 -1.4 -1.4 -1.4 -1.4 -1.4 -1.4 -1.4 -1.4 -1.4 -1.4 -1.4 -1.4 -1.4 -1.4 -1.4 -1.4 -1.4 -1.4 -1.4 -1.4 -1.4 -1.4 -1.4 -1.4 -1.4 -1.4 -1.4 -1.4 -1.4
16.3 18.2 20 22.2 25 26.7 28.6 30.6 32.7 35.7 39.3 43.6 48.9 54.4 60.3 67.1 74.1 79.4 82.3 84.3 85.7 84.7 82.7 81.9 81.1 80.6 80 79.3 78.1 77.7 77.5 76.1 73 66.6 59.5 53.6 49.7 47.1 46.4 45.9 45.3 44.4 43.3 41.7 39.3 36.1 32.2 24.5 16 11.3 6.7 0.9 -1.4 -1.4 -1.4 -1.4 -1.4 -1.4 -1.4 -1.4 -1.4 -1.4 -1.4 -1.4 -1.4 -1.4 -1.4 -1.4 -1.4 -1.4 -1.4 -1.4 -1.4 -1.4 -1.4 -1.4 -1.4 -1.4 -1.4 -1.4 -1.4 -1.4 -1.4 -1.4 -1.4
14.9 16.7 18.5 20.4 23 26.2 28.8 29.9 32.5 36 39.8 43.8 48.9 54.1 60 67.5 73.8 77.6 80.4 83.2 83.9 83.8 82.8 81.9 80.7 80.1 79.6 79.7 79 78 77.5 76.4 73.7 69.1 62.6 55.4 51.2 48.3 47.2 46.6 46 45.4 45.3 44.3 41 37 30.3 21.7 14.1 9.1 4.3 -1.4 -1.4 -1.4 -1.4 -1.4 -1.4 -1.4 -1.4 -1.4 -1.4 -1.4 -1.4 -1.4 -1.4 -1.4 -1.4 -1.4 -1.4 -1.4 -1.4 -1.4 -1.4 -1.4 -1.4 -1.4 -1.4 -1.4 -1.4 -1.4 -1.4 -1.4 -1.4 -1.4 -1.4
13.3 15.1 16.9 18.8 21.4 25 28.3 30.2 32.8 36.7 40.6 44.4 49.2 55.7 62.4 68.8 73.3 76.7 79.6 81.8 81.9 82.8 82.5 81.2 79.6 79.7 79.8 79.8 79.8 78.7 77.7 76 73.9 70.6 65 58 53.4 49.4 47.9 47.3 46.8 46.3 46.6 46 42.3 36.2 28.1 18.8 12.4 7.8 3.4 -1.4 -1.4 -1.4 -1.4 -1.4 -1.4 -1.4 -1.4 -1.4 -1.4 -1.4 -1.4 -1.4 -1.4 -1.4 -1.4 -1.4 -1.4 -1.4 -1.4 -1.4 -1.4 -1.4 -1.4 -1.4 -1.4 -1.4 -1.4 -1.4 -1.4 -1.4 -1.4 -1.4 -1.4
11.6 13.4 15.3 17.4 19.8 23.4 27 30.6 33.4 37.1 41 45.4 51.5 58.2 64.2 70.1 73.7 75.7 78.8 80.2 81.5 81.9 81.9 80.4 79.5 79.9 79.9 80 80.1 78.6 77.2 75.3 73.4 70.3 66 60.3 55.1 51.3 48.6 48.1 47.7 47.1 46.2 45.8 43.2 35 24.8 16.4 11.3 6.4 1 -1.4 -1.4 -1.4 -1.4 -1.4 -1.4 -1.4 -1.4 -1.4 -1.4 -1.4 -1.4 -1.4 -1.4 -1.4 -1.4 -1.4 -1.4 -1.4 -1.4 -1.4 -1.4 -1.4 -1.4 -1.4 -1.4 -1.4 -1.4 -1.4 -1.4 -1.4 -1.4 -1.4 -1.4
10 11.9 13.9 16 18.3 21.8 25.4 29 33.1 37.8 42.4 46.9 53.5 59.7 65.8 70.6 74 76.3 78 79.6 80.7 81.3 81 79.4 80 80.1 80.2 80.2 80.3 78.8 76.4 74.8 72.8 69.8 66.3 60.8 56.2 52 49.5 48.3 47.6 47.4 46.8 45.5 40.2 31.2 22.1 15.7 11.1 6.5 0.5 -1.4 -1.4 -1.4 -1.4 -1.4 -1.4 -1.4 -1.4 -1.4 -1.4 -1.4 -1.4 -1.4 -1.4 -1.4 -1.4 -1.4 -1.4 -1.4 -1.4 -1.4 -1.4 -1.4 -1.4 -1.4 -1.4 -1.4 -1.4 -1.4 -1.4 -1.4 -1.4 -1.4 -1.4
9.5 11 12.9 14.8 16.7 20.3 23.9 28.1 32.9 37.7 42.9 48.1 54.1 60.4 66.9 71.4 75.1 76.9 78.3 79.3 80.3 81 80.3 79.8 80.3 80.3 80.4 80.5 80.5 79.4 76.6 74.9 72 69 66 61.7 57.1 52.2 49.7 48.6 47.8 47.4 46.5 43.9 35.1 26.8 19.6 15.2 10.7 6.1 -1.4 -1.4 -1.4 -1.4 -1.4 -1.4 -1.4 -1.4 -1.4 -1.4 -1.4 -1.4 -1.4 -1.4 -1.4 -1.4 -1.4 -1.4 -1.4 -1.4 -1.4 -1.4 -1.4 -1.4 -1.4 -1.4 -1.4 -1.4 -1.4 -1.4 -1.4 -1.4 -1.4 -1.4 -1.4
7.7 9.6 11.2 13 15.4 18.2 22.5 27.2 32.1 37 42.5 47.8 54.3 61.2 67.9 73.2 76.5 78.5 79.4 79.7 80.4 80.2 79.6 80.2 80.4 80.5 80.6 80.7 80.9 79.9 77 74.5 71.2 67.8 63.8 61.1 56.8 52.1 50.1 49.1 48.3 46.7 45.3 39.4 30.9 24.1 18.9 14.3 9.7 5.1 -1.4 -1.4 -1.4 -1.4 -1.4 -1.4 -1.4 -1.4 -1.4 -1.4 -1.4 -1.4 -1.4 -1.4 -1.4 -1.4 -1.4 -1.4 -1.4 -1.4 -1.4 -1.4 -1.4 -1.4 -1.4 -1.4 -1.4 -1.4 -1.4 -1.4 -1.4 -1.4 -1.4 -1.4 -1.4
1.2 7.3 9.4 12.1 14.2 16.6 20.5 25.2 30.1 35.6 42.2 48.4 54.5 61.5 68.7 74.3 77.2 80 80.3 80.6 80.7 79.9 79.1 80.4 80.6 80.6 81.7 81.9 82.3 80.8 77.7 73.6 69.3 64.8 61.3 59.1 55.6 52.2 50.6 49.3 47.2 45.1 42.9 35 28.5 22.6 18.5 14.4 9 3.5 -1.4 -1.4 -1.4 -1.4 -1.4 -1.4 -1.4 -1.4 -1.4 -1.4 -1.4 -1.4 -1.4 -1.4 -1.4 -1.4 -1.4 -1.4 -1.4 -1.4 -1.4 -1.4 -1.4 -1.4 -1.4 -1.4 -1.4 -1.4 -1.4 -1.4 -1.4 -1.4 -1.4 -1.4 -1.4
-0.1 1 8.4 10.9 12.8 15.6 19.3 23.3 28.1 34.3 39.8 45.7 52.3 60.2 67.7 74.4 78.4 80.8 81.3 81.3 81.1 78.5 79.5 80.3 80.3 81.4 82.6 83.5 83.2 81.6 78.3 72.9 66.5 62.4 59.6 57.2 54.6 52.3 50.7 49.3 48 44.9 39.6 32.2 26.6 21.8 17.7 13.6 9.5 5 -1.4 -1.4 -1.4 -1.4 -1.4 -1.4 -1.4 -1.4 -1.4 -1.4 -1.4 -1.4 -1.4 -1.4 -1.4 -1.4 -1.4 -1.4 -1.4 -1.4 -1.4 -1.4 -1.4 -1.4 -1.4 -1.4 -1.4 -1.4 -1.4 -1.4 -1.4 -1.4 -1.4 -1.4 -1.4
-1.4 -1.4 1.2 9.9 12.1 15.2 18.6 22.2 26.3 32.2 37.9 42.9 51.2 59 66.9 73.9 78 79.3 80.5 80.9 79.7 77.3 80.1 80.4 80.4 82 83.2 83.4 82.9 82.1 78.6 71.4 64.7 60.9 58.1 56 53.9 52.3 51 49.6 47.5 43.9 37.8 30.5 25.2 21 16.9 12.8 8.7 5.2 -1.4 -1.4 -1.4 -1.4 -1.4 -1.4 -1.4 -1.4 -1.4 -1.4 -1.4 -1.4 -1.4 -1.4 -1.4 -1.4 -1.4 -1.4 -1.4 -1.4 -1.4 -1.4 -1.4 -1.4 -1.4 -1.4 -1.4 -1.4 -1.4 -1.4 -1.4 -1.4 -1.4 -1.4 -1.4
-1.4 -1.4 -1.4 1 10.8 14.3 17.8 21.3 25.5 30.9 36.1 41 46.8 54.8 63.4 71.2 74.5 75.8 77.7 78.6 78.6 77 77.3 78.8 80.5 82.1 83.7 83.6 82.7 81.3 77.9 71 63.1 59.8 57.3 55.3 53.8 52.8 51.7 50.1 47.2 42.9 35.6 29.4 24.4 20.3 16.1 12 8.5 5.2 -1.4 -1.4 -1.4 -1.4 -1.4 -1.4 -1.4 -1.4 -1.4 -1.4 -1.4 -1.4 -1.4 -1.4 -1.4 -1.4 -1.4 -1.4 -1.4 -1.4 -1.4 -1.4 -1.4 -1.4 -1.4 -1.4 -1.4 -1.4 -1.4 -1.4 -1.4 -1.4 -1.4 -1.4 -1.4
-1.4 -1.4 -1.4 0.6 9.2 13 16.9 20.7 25.3 29.4 32.9 38.1 43.1 47.4 54.7 65 70.9 71.9 71.6 73.4 76.1 77.1 77.8 78.9 80.5 82.2 83 82.8 81.9 80.3 75.9 68.5 61.7 58.6 56.7 55.3 53.9 53.1 52.1 50.6 47.4 41.1 34 28.3 24.2 20.1 15.7 11.2 7.7 4.3 -1.4 -1.4 -1.4 -1.4 -1.4 -1.4 -1.4 -1.4 -1.4 -1.4 -1.4 -1.4 -1.4 -1.4 -1.4 -1.4 -1.4 -1.4 -1.4 -1.4 -1.4 -1.4 -1.4 -1.4 -1.4 -1.4 -1.4 -1.4 -1.4 -1.4 -1.4 -1.4 -1.4 -1.4 -1.4
-1.4 -1.4 -1.4 0.3 7.5 12.5 16.3 21.5 25.7 27.9 30.8 34.9 38.4 42.9 46.8 53.6 62 65.3 64.9 66.5 75.9 78.5 79.7 80.4 81.9 82.7 81.9 81.8 81.1 78.2 72 64.9 61 58.7 56.3 54.6 53.9 53.2 52.3 51.4 47.7 41.1 33 27.9 23.9 19.8 15.1 10.5 6.9 3.1 -1.4 -1.4 -1.4 -1.4 -1.4 -1.4 -1.4 -1.4 -1.4 -1.4 -1.4 -1.4 -1.4 -1.4 -1.4 -1.4 -1.4 -1.4 -1.4 -1.4 -1.4 -1.4 -1.4 -1.4 -1.4 -1.4 -1.4 -1.4 -1.4 -1.4 -1.4 -1.4 -1.4 -1.4 -1.4
-1.4 -1.4 -1.4 -1.4 0.1 4.5 15.8 21.6 25.5 27.4 29.3 32.2 33.8 38.5 42.1 47.5 51.4 55.9 57.8 68.1 76.4 79.4 81.6 82.4 83.7 82.8 81.7 80.7 79.4 75.1 68 63.3 60.2 57.9 55.8 53.9 53.6 53 52.7 51.6 48.8 41.4 32.4 27.4 23.4 19.4 15 10.3 6 3.1 -1.4 -1.4 -1.4 -1.4 -1.4 -1.4 -1.4 -1.4 -1.4 -1.4 -1.4 -1.4 -1.4 -1.4 -1.4 -1.4 -1.4 -1.4 -1.4 -1.4 -1.4 -1.4 -1.4 -1.4 -1.4 -1.4 -1.4 -1.4 -1.4 -1.4 -1.4 -1.4 -1.4 -1.4 -1.4
-1.4 -1.4 -1.4 -1.4 -1.4 1.2 14 17.9 22.8 26.4 28.8 29.9 32.3 34.7 37.7 41.4 45 50.3 58.5 68 76.1 80 82.6 84.3 83.8 83 81.6 78.5 75.9 71.6 65.6 62 59.6 57.5 55.4 53.3 53 52.6 52.8 51.7 49.5 42 32.6 26.7 22.8 18.9 14.8 10.3 6.3 2.8 -1.4 -1.4 -1.4 -1.4 -1.4 -1.4 -1.4 -1.4 -1.4 -1.4 -1.4 -1.4 -1.4 -1.4 -1.4 -1.4 -1.4 -1.4 -1.4 -1.4 -1.4 -1.4 -1.4 -1.4 -1.4 -1.4 -1.4 -1.4 -1.4 -1.4 -1.4 -1.4 -1.4 -1.4 -1.4
-1.4 -1.4 -1.4 -1.4 -1.4 10.7 13.1 16.8 21.6 26.4 29.5 31 32.5 34.8 37.6 40.3 43.8 50.6 57.2 66.5 74.9 80.6 83 85.3 85.4 83.7 79.5 75.9 72.2 68 63.7 61 58.4 56.7 55 52.9 52.2 52 52 51.4 48.8 42.3 32 26.1 21.8 18.1 14.3 10.6 6.8 3.3 -1.4 -1.4 -1.4 -1.4 -1.4 -1.4 -1.4 -1.4 -1.4 -1.4 -1.4 -1.4 -1.4 -1.4 -1.4 -1.4 -1.4 -1.4 -1.4 -1.4 -1.4 -1.4 -1.4 -1.4 -1.4 -1.4 -1.4 -1.4 -1.4 -1.4 -1.4 -1.4 -1.4 -1.4 -1.4
-1.4 -1.4 -1.4 -1.4 -1.4 0.5 11.6 17.2 21.3 25.8 30.4 33 34.7 37 40.1 43.3 46.9 51.7 58 65.7 74 80 84.3 86.3 87 84.4 79.8 73.2 68.5 64.9 62.1 60.1 57.5 55.1 53.8 52.4 51.3 51 50.7 50.1 47.2 40.3 30.5 25.6 21.1 16.9 13.5 10.2 7.3 4.5 -1.4 -1.4 -1.4 -1.4 -1.4 -1.4 -1.4 -1.4 -1.4 -1.4 -1.4 -1.4 -1.4 -1.4 -1.4 -1.4 -1.4 -1.4 -1.4 -1.4 -1.4 -1.4 -1.4 -1.4 -1.4 -1.4 -1.4 -1.4 -1.4 -1.4 -1.4 -1.4 -1.4 -1.4 -1.4
-1.4 -1.4 -1.4 -1.4 -1.4 -1.4 1.4 16 19.9 24.6 29.4 33.7 35.9 39.4 43.2 47.1 51.3 56 60.8 67.5 74.4 79.6 84.5 87.5 87.5 84.9 79.4 73.3 67.1 63.7 60.7 58.8 56.6 54 52.2 51.2 50.4 49.8 49.3 48.5 44.9 36.4 29.2 24.6 20.4 16.6 12.7 10.1 7.4 4.8 0.5 -1.4 -1.4 -1.4 -1.4 -1.4 -1.4 -1.4 -1.4 -1.4 -1.4 -1.4 -1.4 -1.4 -1.4 -1.4 -1.4 -1.4 -1.4 -1.4 -1.4 -1.4 -1.4 -1.4 -1.4 -1.4 -1.4 -1.4 -1.4 -1.4 -1.4 -1.4 -1.4 -1.4 -1.4
-1.4 -1.4 -1.4 -1.4 -1.4 -1.4 0 1.3 19 23.9 28.7 33.4 37.9 41.9 46 51 55.5 59.5 64.6 69.9 75.6 80.2 84.5 88.3 88.4 85.2 79.1 72.7 66.7 63 60 57 54.8 52.8 51.5 50.6 49.7 48.9 48.2 45.8 42.5 34 28.4 24 20.3 16.4 13.1 10.8 8 4.8 0.6 -1.4 -1.4 -1.4 -1.4 -1.4 -1.4 -1.4 -1.4 -1.4 -1.4 -1.4 -1.4 -1.4 -1.4 -1.4 -1.4 -1.4 -1.4 -1.4 -1.4 -1.4 -1.4 -1.4 -1.4 -1.4 -1.4 -1.4 -1.4 -1.4 -1.4 -1.4 -1.4 -1.4 -1.4
-1.4 -1.4 -1.4 -1.4 -1.4 -1.4 -1.4 0 3.6 22.7 28.1 34.1 39.2 43.6 48.1 53.1 58.4 62.5 67.6 71.9 75.9 81.8 85.2 88.4 88.9 84.8 78.3 72.6 66.6 62.5 59.2 56.2 53.8 52.2 51 50.1 49.2 48.3 47.1 43.8 40.1 33.7 28.6 23.8 20.1 16.2 13.6 11.3 8.9 5.6 1 -1.4 -1.4 -1.4 -1.4 -1.4 -1.4 -1.4 -1.4 -1.4 -1.4 -1.4 -1.4 -1.4 -1.4 -1.4 -1.4 -1.4 -1.4 -1.4 -1.4 -1.4 -1.4 -1.4 -1.4 -1.4 -1.4 -1.4 -1.4 -1.4 -1.4 -1.4 -1.4 -1.4 -1.4
-1.4 -1.4 -1.4 -1.4 -1.4 -1.4 -1.4 -1.4 1.1 22.1 28.1 34 39.8 45 49.8 55.1 60.3 65.6 69.8 73.6 77.8 82.8 86.4 89.1 88.9 82.7 75.3 71.2 66.8 62.4 58.4 55.4 53.3 51.7 50.5 49.6 48.7 47.7 45.7 42.8 38.3 34.5 29.8 23.5 19.9 16.5 14.1 11.7 9.4 6.9 3.9 -1.4 -1.4 -1.4 -1.4 -1.4 -1.4 -1.4 -1.4 -1.4 -1.4 -1.4 -1.4 -1.4 -1.4 -1.4 -1.4 -1.4 -1.4 -1.4 -1.4 -1.4 -1.4 -1.4 -1.4 -1.4 -1.4 -1.4 -1.4 -1.4 -1.4 -1.4 -1.4 -1.4 -1.4
-1.4 -1.4 -1.4 -1.4 -1.4 -1.4 -1.4 -1.4 0.8 22.6 27.8 34.2 39.8 46.5 52.8 58.3 63.5 68.6 72.4 75.5 80.5 83.6 87.1 89.8 89.3 80.8 73.6 69.5 66.2 62.5 58 55 52.9 51.2 50 49.1 48 46.6 44.3 42 38.6 34.6 29.5 25.1 19.7 16.9 14.5 12.1 9.7 7.1 4.7 -1.4 -1.4 -1.4 -1.4 -1.4 -1.4 -1.4 -1.4 -1.4 -1.4 -1.4 -1.4 -1.4 -1.4 -1.4 -1.4 -1.4 -1.4 -1.4 -1.4 -1.4 -1.4 -1.4 -1.4 -1.4 -1.4 -1.4 -1.4 -1.4 -1.4 -1.4 -1.4 -1.4 -1.4
