data/NB13.asc
ncols 200
nrows 200
xllcorner 110000
yllcorner 930000
cellsize 50
[rows 152 to 189 of 200, columns 0 to 86 of 200]
17.2 10.9 7.1 3.4 9.2 24.7 47.6 85 105.6 115.1 108.8 97.5 90.6 80.6 73 58.6 48.6 44.5 37.6 24.4 19.4 20.2 14.4 -1.7 -1.7 6.4 4.6 5.9 6.6 5.6 4 -1.7 -1.7 -1.7 -1.7 -1.7 12.2 18.3 31.4 40 58.4 64.6 65.6 78.3 75.9 68.2 60.8 62.3 49.8 36.3 -1.7 -1.7 -1.7 -1.7 -1.7 -1.7 -1.7 -1.7 -1.7 -1.7 -1.7 -1.7 -1.7 -1.7 -1.7 -1.7 -1.7 -1.7 6.9 9.8 22.9 20.5 22.5 15.5 -1.7 -1.7 -1.7 -1.7 -1.7 -1.7 -1.7 -1.7 -1.7 -1.7 7.5 10 7
10.9 8 5.6 5.5 6.9 20.5 45.4 75.8 96.9 109.2 113.2 98.7 90.1 82.3 73.4 58.2 47.5 43.8 37 27.7 27.4 27.4 22.3 13.3 -1.7 -1.7 2.8 5.5 6.6 6 5.4 4.6 -1.7 -1.7 -1.7 10 24.1 32.9 43.1 55 72.5 72.6 76.8 87.5 86.6 79 65.4 61.4 50.7 34.5 -1.7 -1.7 -1.7 -1.7 -1.7 -1.7 -1.7 0.3 -1.7 -1.7 -1.7 -1.7 -1.7 -1.7 -1.7 -1.7 -1.7 -1.7 10.7 11.3 18.7 20.8 19 14.5 -1.7 -1.7 -1.7 -1.7 -1.7 -1.7 -1.7 -1.7 -1.7 -1.7 4.5 7.5 10.3
12.1 8.9 7.1 6.9 5.5 16.9 39.6 69.5 90.7 99.9 109.1 98.6 88.9 79.4 71.1 61.9 48.7 42.9 37 33 32.4 34.8 29.8 24.6 6.9 -1.7 -1.7 6.9 7.1 7.3 7.6 7.9 5.7 4.9 7.7 20.3 30.9 46.6 60.5 72.3 83.2 81.2 84.6 95.3 92 85.2 67 56 49.3 37.1 22.7 -1.7 -1.7 -1.7 -1.7 -1.7 -1.7 7.5 -1.7 -1.7 -1.7 -1.7 -1.7 -1.7 -1.7 -1.7 -1.7 -1.7 -1.7 10.4 15.3 12.5 10.2 7.7 -1.7 -1.7 -1.7 -1.7 -1.7 -1.7 -1.7 -1.7 -1.7 -1.7 -1.7 4.6 8.3
19.7 12.5 11.5 9.1 8.2 14.6 32.3 58.9 85.5 90.8 101.5 96 86 83.6 77.9 64.1 51.3 42.3 39.2 36.5 38.2 42.8 38 33.8 18 -1.7 -1.7 7.4 8.2 8.6 11.2 10.7 9.1 10.6 19 28.1 44.9 54.3 73.3 76 84.9 86 95.8 101.4 96.5 85.2 67.9 51.1 48.5 37.2 26.2 -1.7 -1.7 -1.7 -1.7 -1.7 16.8 2 -1.7 -1.7 -1.7 -1.7 -1.7 -1.7 -1.7 -1.7 -1.7 -1.7 -1.7 12.1 11.1 8.6 7.3 4.2 3.9 -1.7 -1.7 -1.7 -1.7 -1.7 -1.7 -1.7 -1.7 -1.7 -1.7 2.6 4.1
27.1 18.3 13.8 10.1 9 9.4 26.5 49 74.4 85.2 88.6 91.4 80.6 80.3 74.3 63.7 52.4 43.9 42 46.1 45.6 50.8 45 41.6 34.4 8 -1.7 7.2 8.8 9.4 12.7 12.2 13.2 15.4 25.8 37.8 48 60.2 83.2 77.2 81.3 91 108.2 103.1 90.1 84.1 69.1 47.7 39.5 30.4 19.1 -1.7 -1.7 -1.7 -1.7 -1.7 18.5 -1.7 -1.7 -1.7 -1.7 -1.7 -1.7 -1.7 -1.7 -1.7 2.5 0.5 1.6 9.4 7 10.2 6.8 7.8 2.8 -1.7 -1.7 -1.7 -1.7 -1.7 -1.7 -1.7 -1.7 -1.7 -1.7 -1.7 -1.7
31.7 21.3 14.9 10.7 11 6.2 19.3 40.6 60.6 75 77.6 82.8 72.8 72.8 64.8 63.5 52.2 46.4 49.8 55.4 50.9 54.1 46.6 48.5 40.2 15.4 3.8 5.5 7.9 8.1 12.7 13.8 15.6 19.8 32.8 44 51.9 63.4 77 79 83.6 94.8 96.4 90.6 84.8 75 66.5 49.8 29.3 23 8.5 -1.7 -1.7 -1.7 -1.7 12.6 17.9 -1.7 -1.7 -1.7 -1.7 -1.7 -1.7 -1.7 -1.7 -1.7 -1.7 2 2.8 7.2 5.2 4.3 2.2 3.4 1 -1.7 -1.7 -1.7 -1.7 -1.7 -1.7 -1.7 -1.7 -1.7 -1.7 -1.7 -1.7
41.7 30.5 20.9 11.1 8.4 7.2 11.9 32.6 51 64.1 67.1 75.4 67.9 66.2 63.1 61.6 57.9 53.6 57.1 59.1 53.8 55.9 53.6 47.8 37.1 23.1 7.2 5.4 6.6 6.3 10.9 15.9 19 23.2 35 49.4 56.5 63.3 76.9 85.2 87.4 94.1 92.1 81.8 73.2 64.5 56.9 39.9 21.9 13.1 -1.7 -1.7 -1.7 -1.7 -1.7 8.6 13.7 -1.7 -1.7 -1.7 -1.7 -1.7 -1.7 -1.7 -1.7 -1.7 -1.7 -1.7 -1.7 5.1 4.3 2 2 2 2 -1.7 -1.7 -1.7 -1.7 -1.7 -1.7 -1.7 -1.7 -1.7 -1.7 -1.7 -1.7
54.8 40.3 27.7 17.4 14.9 9.7 6.5 24 41.9 57.8 63.3 65.8 65.8 65.3 64.2 64 65.6 64.6 64.4 63.4 56 59.1 54.3 44.5 37.8 24.1 7.7 3 4.3 5 11 17.9 22.2 27.3 31.5 55.2 59.2 63.2 74.1 79.4 86.5 90 85 75.5 60.8 47.1 34 26.4 15.6 11.1 -1.7 -1.7 -1.7 -1.7 -1.7 -1.7 -1.7 -1.7 -1.7 -1.7 -1.7 -1.7 -1.7 -1.7 -1.7 -1.7 -1.7 -1.7 -1.7 3.9 3.1 2 2 4.5 4.8 2 12 -1.7 -1.7 -1.7 -1.7 -1.7 -1.7 -1.7 -1.7 -1.7 -1.7
67.3 53.6 37.4 26.1 19.2 11.6 7.7 15.5 35.2 52.1 60.7 64.5 65.3 64.6 66.3 68.7 73.8 74.2 66.9 65.1 57 58.5 55.3 45.8 38 20 9 2.8 2.8 2.8 8.7 17.5 24.7 29.6 34.8 49.3 54.3 58.2 65.9 71.9 75.5 73.1 71 67.7 55.6 34.9 23.6 15.9 11.5 5.3 -1.7 -1.7 -1.7 -1.7 -1.7 -1.7 -1.7 -1.7 -1.7 -1.7 -1.7 -1.7 -1.7 -1.7 -1.7 -1.7 -1.7 -1.7 2 4.2 6.7 8.3 7.1 10.5 9.4 6.6 14.2 6.9 -1.7 -1.7 -1.7 -1.7 -1.7 -1.7 -1.7 -1.7 -1.7
76.5 62.4 41.7 35.2 19.6 12.9 9.8 7.8 26.9 45.8 56.9 63 63.7 65.8 69.1 72.2 73.3 72.1 67.3 65 58.3 55.4 54.5 47.1 34.8 21.2 9.6 2.8 2.8 2.8 7.9 15.7 26.1 32.2 36.3 41.7 46.5 53.2 60.8 68.6 70.1 73.1 78 67.7 52.7 31.6 16.6 10.6 18.8 9.2 5.8 -1.7 -1.7 -1.7 -1.7 -1.7 -1.7 -1.7 -1.7 -1.7 -1.7 -1.7 -1.7 -1.7 -1.7 -1.7 1.7 6.1 10 11 11.3 14 14.4 12.7 11 8.7 13.3 12.7 6.1 -1.7 6.1 -1.7 -1.7 -1.7 -1.7 -1.7 -1.7
84.5 60.5 44.8 38 20.9 14.1 10.4 7.9 17.3 36.7 50.3 61.7 62.8 65.7 69.9 73.9 82.4 76.4 70 64.2 60.8 55.9 56.3 44.1 29.4 19.8 13.4 2.9 2.8 2.8 2.8 12.3 23.1 30.8 34.2 35.8 39.8 48 59.5 74 75.1 77.9 75 61 40.3 23.4 16.3 16 24.5 15.9 17.8 -1.7 -1.7 -1.7 -1.7 -1.7 -1.7 -1.7 -1.7 -1.7 -1.7 -1.7 -1.7 -1.7 -1.7 -1.7 3.9 7.1 9.5 13.3 15 15.1 16.3 13.2 10.7 8.7 17.8 17.2 10.9 4.3 13.6 -1.7 -1.7 -1.7 -1.7 -1.7 -1.7
86.6 58.1 46 37.2 22.9 12.5 9.5 8.4 9.7 26.8 41.7 59 62.3 63.4 71.7 73.4 87.2 81.6 74.5 63.1 60.5 55 49.5 43.5 34.3 25.6 13.5 3.5 2.8 2.8 2.8 8.4 18.2 27.1 31.4 35.6 41 45.4 54.7 70.7 75.9 73.6 66.8 49.6 34 20.3 24.4 24.3 22.4 24.7 14.4 -1.7 -1.7 -1.7 -1.7 -1.7 -1.7 -1.7 -1.7 -1.7 -1.7 -1.7 -1.7 -1.7 -1.7 -1.7 6.2 8.2 10.2 16.8 16.6 16 15.1 11.2 9 8.5 22.5 20.7 17 14.3 20.5 16.2 -1.7 -1.7 -1.7 -1.7 -1.7
84 58.5 45.7 38.4 21.7 12.8 10.4 9.2 8.7 15.9 34.1 49.3 60.8 61.7 68.1 69.5 79.1 81.9 67.9 59.8 56.9 53.9 48.4 44.2 39.9 27.6 12.3 5.1 2.8 2.8 2.8 4.4 16.9 25 34.1 38.4 41.9 44.5 48.9 58.6 67.8 64.7 56.4 42.3 25.6 19.5 17.7 21.1 18.6 20.3 11.5 -1.7 -1.7 -1.7 -1.7 -1.7 -1.7 -1.7 -1.7 -1.7 -1.7 -1.7 -1.7 -1.7 -1.7 -1.7 9.5 10.2 13 18.8 19.5 18.2 16.8 11.6 9.4 8.9 18.3 23 22 20.3 35 30.8 11.2 2 6.6 -1.7 -1.7
91.2 66.4 51.2 39.5 24.9 16.1 15 11.8 9 9.5 23.6 42.3 56.3 59.1 66.1 67.1 70.7 73.1 66.7 58.5 58.1 56.4 51.4 46.9 38.8 27.2 12.8 4.8 2.8 2.8 2.8 2.8 14.1 25.9 36 40.9 45.5 48.7 50.7 55.4 55.5 52.6 43.7 36 22.1 19.1 19.2 20.6 32 43.1 27.1 10.9 -1.7 -1.7 -1.7 -1.7 -1.7 -1.7 -1.7 -1.7 -1.7 -1.7 -1.7 -1.7 -1.7 -1.7 7.6 8.6 13.4 18.5 21.1 19.2 17.2 11.2 10.8 11.7 21.5 23.1 20.4 23.8 46.9 39.1 18.6 10.1 4.2 1.4 -1.7
97.1 71.7 55.4 41.8 29.6 18.1 18.4 14.7 11.7 8.7 12.1 32.3 46.2 55.5 63.2 65.7 64.6 69.9 62.2 58.5 56.8 56.1 52.5 48.1 38.7 28 14.1 2.8 2.8 2.8 2.8 2.8 9.8 25 36.4 42.8 48.5 51.9 52.8 54 49.1 37.8 32.7 29 27.6 29.2 32.2 42.3 49.2 55.8 40.5 22.1 6.2 -1.7 -1.7 -1.7 -1.7 3.3 8 9.4 -1.7 -1.7 -1.7 -1.7 -1.7 -1.7 -1.7 3.3 8.2 14.4 18.4 17 16.7 14.3 12.9 14.7 20.8 24.7 26.3 42.1 59.7 40.5 26.2 24.3 11.1 6.9 -1.7
94.1 73.1 59.2 45.4 29.7 19.1 20.3 18.7 16 16.8 10.4 22 35.7 50.3 59.4 67 64 61 57.5 56 53.1 52.3 50.6 45.6 35.8 27.8 11.5 3.3 2.8 2.8 2.8 3.9 9 21.2 35.8 42.8 46.7 52.5 48.4 47.6 40 33.6 32.1 34 39.8 45.1 46.1 51.1 63.3 66.8 55.2 30.5 13.6 -1.7 -1.7 -1.7 -1.7 7.1 8.8 14.7 6.9 2.1 -1.7 -1.7 -1.7 -1.7 -1.7 1.7 5.9 10.6 15.6 19.3 21.3 21.1 15.4 18.7 24.5 30.8 35.8 50.4 67.5 49.5 33.4 36 30.1 12.1 6.2
100.7 81.8 64.6 52.1 33.4 21.1 25 19.6 18.5 19.2 11.8 14.2 30.1 44.7 53.9 63.7 62.3 58.3 55.7 53.6 51.7 51.5 47.5 40.8 35.3 27.1 17.3 2.8 2.8 2.8 3.2 5 9.1 16.9 34 38.9 39.7 43.6 45 47.5 46.8 40.5 37.1 37.7 47.1 56.5 59.6 63.6 77.6 79.8 61.6 35.8 21.6 -1.7 -1.7 -1.7 3.9 10.7 11 24.6 10.9 -1.7 -1.7 -1.7 -1.7 -1.7 -1.7 -1.7 5.1 8.8 17.9 25.1 29.3 23.4 18.2 18.3 27.4 40.5 48.4 54.6 72.1 57 39.7 43.3 44.5 23 13.6
114.2 89 71.8 61.5 36.5 22 21.8 22.3 22.5 23.9 22.5 12 26.3 42.1 51 57.2 59.5 56.6 54.3 52.7 50.9 49 45.7 44.5 40.6 31.1 18.3 4.8 3.2 3.2 4.9 6.1 9.7 16.2 27.1 34.2 37 41.7 45.9 55.9 52.4 47.8 45.9 46.1 58.8 64.3 67.7 72.3 92.8 92.4 68.7 47.5 25.2 10.6 -1.7 -1.7 -1.7 13 13.4 12.7 8.3 -1.7 -1.7 -1.7 -1.7 -1.7 -1.7 -1.7 4.5 9.1 16.6 23.3 25.9 23.8 17.4 19.6 32.4 51.8 60.4 69.3 77.6 69.5 53.9 54.8 56.4 35.6 22
118.8 103.4 88.3 71.8 44.7 25.7 24.3 25.8 27.6 27.3 26.9 10.3 23.8 38.9 47.4 52.7 56.1 54.9 54.4 52.9 50.8 49.3 46.9 45.5 41 29.3 14.6 4.6 5.3 5.3 5.5 7.2 10.8 16.1 21.1 29.3 35.5 41.8 46 49.8 48.9 45.9 45.5 55 71.8 68.1 72.9 88.1 102 98.2 81.4 51 33.3 16.9 -1.7 -1.7 -1.7 14.5 17.7 14.2 7.9 -1.7 -1.7 -1.7 -1.7 -1.7 -1.7 -1.7 -1.7 5.5 14.3 22.4 22.5 17.9 17.7 21.7 29.4 59.6 69.7 72.1 84.3 77.8 65.5 61.7 65.8 45.9 23.7
127.4 109.9 96.5 77.8 47.7 30.2 26.9 29.4 32 27.2 25.7 18.4 18.2 32.8 42.6 48.9 53 53.8 54 53 50.9 50.1 47.6 43.3 35.8 30.1 16.2 5.9 5.9 6.5 6.3 6.4 9.3 17.7 21.2 27.6 33.7 42 47.5 48.8 47.3 45.5 45.5 51.2 77 84.8 94.3 105.3 108.6 104.9 87.4 66.8 44.3 21.7 9.9 -1.7 -1.7 13 18.1 22 16.5 10.2 -1.7 -1.7 -1.7 -1.7 -1.7 -1.7 -1.7 -1.7 8.6 15.2 16.8 15.3 21 19.1 27.6 59.7 72.2 78.1 93.5 92.4 83.3 68.9 65.6 51.3 26.9
125.9 108.8 91.6 75.5 43.4 34.2 28.4 30.9 32.7 27.5 23.7 19.5 12.5 28.8 37.4 43.8 50.9 51.7 53.2 52.8 51.5 48 46 41.9 34 25.6 13.8 8 6.6 8 8.3 8.7 11.2 19.3 23.9 26.6 33.9 43.3 52.5 54.8 48.8 45.5 45.5 45.5 74.9 100.2 110.2 113.9 113.7 111 90.7 70 47.9 24.3 11.8 -1.7 -1.7 -1.7 18.2 23.2 21.3 12.6 6.2 -1.7 -1.7 -1.7 -1.7 -1.7 -1.7 -1.7 3.5 7.3 11.6 20 19.7 17.4 31.3 52.3 73.6 85.4 93.1 103.6 94.1 75.6 67.8 53.7 38.2
129 108 84.8 73.7 47.2 36 30.1 30.6 30.3 26.5 24.6 20.4 14.4 19.5 33 39.5 47 51.2 52.3 52.2 51.6 48.2 44.9 39.3 32.8 23.8 13.6 10.3 8.9 10 10.5 10.6 13.3 21.3 26.1 26.8 34.1 43.3 56.1 55.7 51.3 46.6 45.5 51.8 72.8 104.9 121.2 122.5 117.9 109.6 92.7 73.5 51.9 28.2 11.7 -1.7 -1.7 -1.7 12.3 24.3 20.9 12.7 8.2 -1.7 -1.7 -1.7 -1.7 -1.7 -1.7 -1.7 1.9 2.7 17.7 25.2 22.9 17.3 31.1 54 71.4 92.4 95.1 110 101.1 81.8 72.4 62.7 42.6
120.5 97.9 88.3 76.2 52.6 39.9 34.4 31.4 31.9 26.9 23.7 21.4 20.2 12.9 26.4 35.5 43.7 48.9 51.8 52.1 51 48.5 44.9 41.2 31.9 24.8 16.5 12.7 12.1 12.7 13.3 13.9 16.5 24.2 28.9 27.4 31.2 45.7 51.7 52.5 51.8 51.2 51.9 57.5 79.9 97.2 120.2 124.4 117.8 106 94.5 77.8 52.9 28.8 14.4 -1.7 -1.7 -1.7 -1.7 22.5 20.1 7.3 6.6 4.5 -1.7 -1.7 -1.7 -1.7 -1.7 -1.7 -1.7 -1.7 15.2 19.7 24.6 17.7 27.9 50.9 69.8 97 104 110.2 104.7 85.9 77.4 69.8 45.4
116 100.8 92 77.4 56.4 45.1 35.9 30.8 29.1 27 24 24.5 22.8 14.9 20.1 31 39.5 47.4 50.8 51.7 50.7 48.3 45.7 42.7 37.2 29.9 19.9 16.3 15.6 16.8 17.3 17.1 17.2 27.5 32.8 30.2 26.9 44.5 47.5 50.8 52.1 52.4 55.4 63.6 79.8 102.4 115 124.8 118.6 104.6 85.4 66.9 47.1 29.7 12.7 -1.7 -1.7 -1.7 -1.7 19.7 20.8 4.2 1.5 -1.7 -1.7 -1.7 -1.7 -1.7 -1.7 -1.7 -1.7 -1.7 6.1 13 19.4 16.4 24.1 48.6 72.3 95.9 102.9 107.7 109.7 88.7 77.2 68.7 52.9
118.8 106 92.4 79.3 60.6 43.8 34 30.2 29.6 30.3 24.9 25.1 24 18.8 16.2 27.1 36.2 43.6 50.5 52.7 51.7 49.7 47.4 43.2 37.9 29.4 23.7 19.9 18.9 21.3 20.4 19.4 19.3 24.6 31.5 30.2 26.9 37.4 45.3 51.2 57.8 56.8 61.5 69.2 88.3 110.9 118.9 119 114.9 100.4 81.9 64.5 45.9 25.7 10.2 -1.7 -1.7 -1.7 -1.7 16.5 15.3 -1.7 -1.7 -1.7 -1.7 -1.7 -1.7 -1.7 -1.7 -1.7 -1.7 -1.7 -1.7 7.1 13.7 15.7 22.8 47.5 75.3 94.1 101 102.3 110 91.5 79.8 73.5 64.7
115.3 112.7 91.4 75.8 57.6 44 35.1 30.9 29.5 29.7 25.2 24.9 24.6 22.5 15.7 23.7 32.1 39.9 51.1 53.5 52.5 50.1 49.3 45.1 39.3 30.3 25.2 22.6 23.1 26 24.4 22.8 21.8 23.5 27.5 29 27 32.5 42.6 52.3 57.2 59.5 65.2 77.8 88.5 107.4 114.5 113.9 109.2 101.5 81.5 67.2 46.5 19.8 7.4 -1.7 -1.7 -1.7 -1.7 10.4 11.6 -1.7 -1.7 -1.7 -1.7 -1.7 -1.7 -1.7 -1.7 -1.7 -1.7 -1.7 -1.7 3.5 9.6 14.9 22.2 44.8 71.3 87.4 98.6 104.8 110 95.5 85.1 69.2 72.2
110.6 102.2 91.6 74.3 58.8 47.8 37.1 31.8 30.3 28.7 26 25.6 27.8 25.7 20.3 21.8 29.7 37.2 44.3 51.9 52.9 50.3 48.6 46.7 41.8 33.4 27.5 26.7 28 30.4 29.4 27.7 25.2 26.4 28.5 29.2 27.4 26.9 38.9 46.8 51.7 60.7 65.6 77.1 93.5 99.9 108.2 111.4 106 98.2 80.1 62.8 45.4 19.3 8.6 -1.7 -1.7 -1.7 -1.7 6.7 3.5 -1.7 -1.7 -1.7 -1.7 -1.7 -1.7 -1.7 -1.7 -1.7 -1.7 -1.7 -1.7 -1.7 4.4 10.9 26.1 41.9 74.6 86.2 92.6 102.9 108.6 97.1 83.2 71.8 76
108.6 99.9 88.7 72.7 64.4 50.4 38.5 33.7 33.5 32.6 32.3 31.5 34.6 29.9 20.9 20.2 27.6 33.9 39.9 49.7 54.5 50 49.5 48.7 44.8 34.4 30 32.4 33.6 36.6 36.2 32 29 28.7 31 30.4 28.2 27.2 34.8 43.2 51.8 63.8 68 76.3 97.4 101.5 106.4 110 105.7 96 88.3 64.2 45.5 19.7 6.7 -1.7 -1.7 -1.7 -1.7 -1.7 -1.7 -1.7 -1.7 -1.7 -1.7 -1.7 -1.7 -1.7 -1.7 -1.7 -1.7 -1.7 -1.7 -1.7 -1.7 -1.7 27.4 38.3 72.7 85.1 88.6 97 103.8 96.9 87.8 77.4 83.9
102.5 99.1 86.6 75.3 63.4 50.2 41.2 41 42.9 41.1 40.6 41 45.6 37.3 21.3 18.7 24.5 31.6 37.4 45 51 48.3 48.4 50.9 45.9 38.5 34.7 37.5 39.8 43.8 42 36.3 33.2 33.4 35.6 34.3 30.8 28.6 33.2 39.8 50.2 71.6 75.5 78.8 93.5 108.1 110.9 103.3 99.3 94.2 83.6 65.3 37.9 21.6 5.3 -1.7 -1.7 -1.7 -1.7 -1.7 2 -1.7 -1.7 -1.7 -1.7 -1.7 -1.7 -1.7 -1.7 -1.7 -1.7 -1.7 -1.7 -1.7 -1.7 -1.7 14.5 32.3 66.6 85.4 86.6 94.2 99 99.7 95 85.1 89.7
100.9 97.9 87.6 74.2 66.3 60.7 57.5 52 54.9 53.1 49.7 47.5 43.5 34.9 24.8 20.5 21 29.1 35.5 40.2 45.3 47.2 47.3 48.1 47.7 40.7 39.4 46.7 45.4 46.7 47.7 42.8 38.2 37.6 40.4 40.7 35 30.6 33.1 37.5 49.2 69.7 78.4 77.9 91.5 107.3 114.2 102.8 96 98.2 78.8 62 41.2 23.9 9 -1.7 -1.7 -1.7 -1.7 -1.7 2.4 -0.2 -1.7 -1.7 -1.7 -1.7 -1.7 3 -1.7 -1.7 -1.7 -1.7 -1.7 -1.7 -1.7 -1.7 -1.7 30.2 55.1 79.3 88.4 95.7 99.3 102.9 92.3 93.3 95.1
95 90.4 88.8 81.2 76.8 72.6 69.9 64.7 68.1 65.9 59.7 50.3 38.2 34 34.8 27.7 22.6 25.2 33.2 38.3 42.9 47.4 46.7 46.4 47.8 44.9 43.4 50.8 51.3 51.1 53.1 49.6 46 43.7 47.8 47.9 36.9 31.9 33 37.5 46.3 60 68.8 75.7 89.6 99.8 101.2 98.6 92.8 89.1 77.8 57.8 38.5 24 8.1 -1.7 -1.7 -1.7 -1.7 -1.7 -1.7 1.2 -1.7 -1.7 -1.7 -1.7 2 3.6 -1.7 -1.7 -1.7 -1.7 -1.7 -1.7 -1.7 -1.7 -1.7 22.3 47.3 78.8 91.5 96.1 96.6 97.1 96.7 100 105
89.8 87.5 85.6 86.2 82.3 79.7 76.3 74.3 78.9 78 68.9 54.4 46.5 46.9 46.2 38.5 30.4 23.8 30.5 35.5 38.9 43.7 44.9 46.1 48.1 46.7 47.3 57.1 59.3 60.3 61.8 59.9 54.4 52.7 56.8 60.9 43.9 31.8 32.3 36.3 42.2 60.1 62.7 70.3 89.3 97.5 100.2 99.2 97.9 91.7 73.5 53.2 32.1 17.3 7.9 -1.7 -1.7 -1.7 -1.7 -1.7 -1.7 2 -1.7 -1.7 -1.7 -1.7 3.2 2 -1.7 -1.7 -1.7 -1.7 -1.7 -1.7 -1.7 -1.7 -1.7 21 54.2 76.5 96.1 95 95 87.1 95.1 103.6 107.1
91.9 89.1 84.8 83.5 84.6 86.3 82.4 80.9 92.6 83.5 71.1 64.5 63.9 69.4 66.2 55.8 40.8 25.2 27.2 33.7 37.1 39.9 43.2 45.7 48.4 47.2 50.2 65.4 69.3 67.5 69.1 70 64.4 60.9 65.8 65.9 50 30.8 31.2 34.1 39.2 51.5 60.8 69.6 93.3 102.1 103 104.7 104.8 93.7 69.6 43.3 27.7 17.6 7.8 -1.7 -1.7 -1.7 -1.7 -1.7 -1.7 5.2 -1.7 -1.7 -1.7 -1.7 2.2 -1.7 -1.7 -1.7 -1.7 -1.7 -1.7 -1.7 -1.7 -1.7 3.1 25 53 75.6 89.6 91.8 83.5 84.4 94.4 103.9 109.7
95.9 89.7 87.5 85.7 94.9 95.8 89.7 91 88.1 80.4 74.4 81.3 83.1 90.1 82.5 66.4 51.8 33.7 25.8 28.2 33.5 36.8 40.6 44.5 46.1 46.6 49.1 67.2 74.9 76.1 76.7 80.6 75 70.6 70.9 62.9 47.2 31.4 29.9 31.6 34.7 49.7 66.9 70.5 80.2 96.7 101.2 102.4 102.7 100.3 78.8 49.4 38.1 23.8 11.2 -1.7 -1.7 -1.7 -1.7 -1.7 -1.7 10.7 5.7 2.1 5.6 7.6 6.1 -1.7 -1.7 -1.7 -1.7 -1.7 -1.7 -1.7 -1.7 -1.7 5.2 21 47.5 68.2 82.5 82.3 77.7 89.5 101.6 103.2 111.2
97 91.2 90.6 88.4 97.2 106.3 101.4 94.5 91.8 86.1 88.2 105.3 102.7 108 97.1 84.5 60.1 42.5 35 32.4 30.8 32.9 37 43.3 45.4 47.3 51.7 63.3 73.2 78.9 88 93.1 86.2 82.6 69.4 65.5 48.2 30.4 28.1 29.1 31.7 45.9 63.8 74.1 78.3 91.3 100 104.5 102.9 100.3 82 59.1 44.3 29.5 15.1 -1.7 -1.7 -1.7 -1.7 -1.7 -1.7 12.9 8.8 5.4 10.4 13.3 10.2 6.4 -1.7 -1.7 -1.7 -1.7 -1.7 -1.7 -1.7 2.4 6 13.3 35.4 53.3 70.9 71.5 76.2 100.7 113.2 103.6 113
95.1 91.6 92.5 91.7 98.6 99.5 98.2 97.4 95.2 92.3 107.3 128.7 121 119.7 115.6 91.5 70.1 53 40.2 35.1 32.1 31.7 35.2 40.6 44.7 48.6 58.4 63.7 73.7 87 102.5 113.1 102.3 100 83.4 67.3 49.2 29.8 26.5 26.5 28.9 37.8 61.6 74.5 77.2 89.9 101.2 102.2 106.3 97.3 79.9 62.9 43.4 33.1 19.6 1.9 -1.7 -1.7 -1.7 4 -1.7 14.8 12.5 11 15.8 14.7 14.2 10.3 5.2 -1.7 -1.7 -1.7 -1.7 2 2.3 3.6 7.8 13.5 26.3 47.5 61.2 69.5 85.2 98.4 112 108.4 112.2
91.2 90.9 92.9 91.9 94.6 98 104.2 102.5 101.9 100.3 135.4 155.9 139.6 133.1 124.8 103.8 78.4 63.5 44.2 38.2 32.7 31.7 34 37.5 44.5 49.2 69.1 68.5 74.5 94.8 114.1 123.3 116 112.2 100.9 73.9 50.3 29.8 24.5 24.6 25.8 28.1 54.4 69.9 74.7 84.2 98 103.3 106.3 92.8 81.4 61.8 42.8 29 19.6 -1.7 -1.7 -1.7 -1.7 9.5 8.3 23.6 19.2 15 18.8 17.8 12.8 11.7 9.9 2 3.9 2 5.3 3.9 2.8 4.1 11.9 24.5 24.2 41.9 55.4 79.1 86.9 93.4 106.4 107.4 106.7
88.5 89.9 91 91.3 93.3 112.2 110.1 109.3 109.3 122.8 158 163.9 155.5 144.2 133.7 111.6 92.3 71.7 49.9 40.2 33.2 31.9 33.5 36.4 44 50.1 68.1 72.8 78.7 103 117.4 133.4 124.9 119.5 103.8 81.2 56.7 31.1 23.9 23.3 23.6 25.3 40.4 64.3 70 83 96 104.1 102.5 97.7 92.6 72.8 47.9 28.8 15.8 -1.7 -1.7 -1.7 -1.7 17.3 12.5 23.7 21.8 22.2 19.4 22.8 20.8 14.3 10.5 3.5 3.5 5 5.8 3.3 3.6 7.4 18.5 28.2 32.6 40.8 55.7 81.1 88.9 91.8 97.1 99.1 97.3
