data/NB20.asc
ncols 200
nrows 200
xllcorner 120000
yllcorner 900000
cellsize 50
[rows 0 to 35 of 200, columns 0 to 80 of 200]
44.4 -2.1 -2.1 -2.1 -2.1 -2.1 -2.1 -2.1 -2.1 -2.1 -2.1 -2.1 49.5 57.9 66.4 76.7 66.6 62.5 68.7 66.2 59.6 54.8 45.4 39 33.4 28.5 18.4 19.9 16.3 1.4 -2.1 -2.1 -2.1 -2.1 -2.1 -2.1 -2.1 -2.1 -2.1 1.6 2.8 3.3 8.4 16 13.6 26 31.8 29.1 36.3 41.1 48.3 51 53.1 58.9 63.7 68.8 69.9 71.3 74.1 72.7 78.9 84.6 88.2 89.3 94.8 99.4 105.4 113.4 124.5 135.6 145.8 163.1 181 200.9 220.2 241.5 256.9 263.3 267.3 270 271
49.7 -2.1 -2.1 -2.1 -2.1 -2.1 -2.1 -2.1 -2.1 -2.1 -2.1 -2.1 33.8 55.6 53.4 58 52.3 53.5 61.8 56.6 48.5 50.4 41.1 33.3 27.6 22.1 16.5 14.9 12.2 -2.1 -2.1 -2.1 -2.1 -2.1 -2.1 -2.1 -2.1 -2.1 -2.1 8.2 12 10.5 12.6 14.7 19.1 23.3 27.2 29.7 35.9 38.4 41.1 48.2 56.3 65.2 67 68.2 70.7 72.6 71.1 70.3 76.6 87.4 87.6 89.7 95.9 99.4 104.8 113.3 123.8 134.2 145.9 160.5 182.2 200.3 219.4 242.6 256 260.4 261.6 264.1 266.6
51.8 24.4 -2.1 -2.1 -2.1 -2.1 -2.1 -2.1 -2.1 -2.1 -2.1 -2.1 20.8 44.1 51.9 49 45.5 50.9 50.5 46.9 44.8 43.7 40.9 25.4 19.8 13.1 9.6 5.5 1.9 -2.1 -2.1 -2.1 -2.1 -2.1 -2.1 -2.1 -2.1 -2.1 6.4 13.9 17.5 16.6 19.8 15.8 20.6 19 25.8 29.8 33.2 34.8 39.1 45.8 54.2 67 66.7 69.2 72.4 72.5 70.8 74.9 76.7 84.2 87.2 90.6 93.7 101.1 103.6 111.1 122 132.7 146.1 168.6 187.8 201.1 218.2 241 256.7 255.2 254.8 258.1 259.6
68.5 36.3 -2.1 -2.1 -2.1 -2.1 -2.1 -2.1 -2.1 -2.1 -2.1 -2.1 -2.1 28.3 44.9 42 39.7 44.5 44.5 42.9 41.7 37.9 29.1 22.2 20.1 17.3 2 0.6 -0.1 1.9 -2.1 -2.1 -2.1 -2.1 -2.1 -2.1 -2.1 -2.1 17.2 19.4 23.1 27.7 25.4 21.1 22.3 23.9 22.6 26.4 31 33.7 37 45.6 55.2 62.5 66.2 70.4 74.9 74.7 72.2 74.9 77.5 83.4 88.5 93 95.8 98.8 102.6 114.7 122.7 131.8 143.4 173.1 188.3 202.2 219 238.4 253.9 250.4 249.1 252 254.2
65.4 45.4 -2.1 -2.1 -2.1 -2.1 -2.1 -2.1 -2.1 -2.1 -2.1 -2.1 -2.1 -2.1 22.7 30.8 30.4 35.1 39.9 40.5 35.7 31.8 27.2 22.9 21.1 17.7 7 -2.1 -2.1 -2.1 -2.1 -2.1 -2.1 -2.1 -2.1 -2.1 6.1 12.4 19.7 26.9 30.3 31.1 28.2 28.6 27 28.9 29.1 27.9 32.3 34.3 36.5 39.6 50.7 58.1 64.9 73.7 76.4 76.3 74.7 76.4 78 85.4 89.5 94.4 98 101.3 103.8 116 124.4 134.5 145.4 175.1 190.8 203.3 218.1 233.8 252.1 248.7 248.3 247.5 248.3
64.9 49.5 28.5 -2.1 -2.1 -2.1 -2.1 -2.1 -2.1 -2.1 -2.1 -2.1 -2.1 -2.1 16.3 24.8 25.6 26.9 28.7 28.8 26.9 27.9 30.2 28 22.2 16.1 7.3 -2.1 -2.1 -2.1 -2.1 -2.1 -2.1 -2.1 -2.1 -2.1 11.9 19.1 23.4 29.6 29.3 33.9 37.4 31.6 32.1 32.3 35.1 32.6 31.3 34.6 35.8 41.2 46.4 55.8 64.2 71 75 76.5 75.5 76.4 80.4 86.7 93.9 99.1 104.3 105.8 110.2 116.4 123.7 134.3 150.6 171.8 192.7 203 215.8 232.7 247 245.4 242.9 244.4 243.4
58.2 45.4 30.6 -2.1 -2.1 -2.1 -2.1 -2.1 -2.1 -2.1 -2.1 -2.1 -2.1 -2.1 -2.1 19.8 22.9 25.8 24.1 25.3 23 23.3 25.1 27.3 25.2 16.6 5.4 -2.1 -2.1 -2.1 -2.1 -2.1 -2.1 -2.1 -2.1 -2.1 9.6 18.4 27.9 29 29 36.9 39.1 36.3 33.4 36.7 41.6 41.4 31.6 39 44.5 47.9 43.9 55.4 62.5 66.5 72.6 76.5 75.2 77.9 81.7 85.5 91.4 101.6 106.8 109.3 115 120.4 125.7 135.2 147.6 171.7 186.4 202.2 212.8 229 240.8 239.9 239.6 241 239.3
60.3 46.4 29.2 6 -2.1 -2.1 -2.1 -2.1 -2.1 -2.1 -2.1 -2.1 -2.1 -2.1 -2.1 21.5 28 26.7 24.6 19.8 19.7 19.5 18.8 22.9 17.8 15.5 4 -2.1 -2.1 -2.1 -2.1 -2.1 -2.1 -2.1 -2.1 -2.1 10.6 22.8 28.8 29 29 31.5 36.1 33.9 36.9 42.3 41.9 41.3 35.3 42.9 50.3 51.2 48.4 54.2 60.4 66 71.4 73.4 76.7 79.8 82.7 87.9 93.7 101 108.1 110.8 119.8 121.4 126 131.8 143.3 166.4 181.8 196.8 211.3 224.5 234.1 233 234.4 237.2 234.1
65.2 50.9 32.2 18 -2.1 -2.1 -2.1 -2.1 -2.1 -2.1 -2.1 -2.1 -2.1 -2.1 -2.1 18.4 29.8 24.7 20.5 13.2 13 12.4 11.4 12.4 10.4 9 -2.1 -2.1 -2.1 -2.1 -2.1 -2.1 -2.1 -2.1 -2.1 -2.1 9.2 20.5 24.9 29 29 30.5 32.8 39.1 41.1 46.9 46.9 46.9 39.6 42 51 50 51 55.1 60.4 66.9 69.4 73.8 77.4 80.1 84.5 89.2 95.2 101.3 108 112.4 118.2 119 126.8 129 137.6 157.7 174.6 190.1 205.2 216.3 227 228.4 226.9 229.6 229.2
68.5 54.5 36.1 23.9 -2.1 -2.1 -2.1 -2.1 -2.1 -2.1 -2.1 -2.1 -2.1 -2.1 -2.1 13.5 25.9 22.3 15 10.3 8.5 8.4 6.5 7.5 2.5 -2.1 -2.1 -2.1 -2.1 -2.1 -2.1 -2.1 -2.1 -2.1 -2.1 -2.1 6.3 17.2 22.4 26.8 29.9 32 38.6 49.1 49.6 50.5 52.7 56.9 51.2 41.5 49 53 56.4 57.6 61.8 66.1 70.1 72.9 75.7 79.8 83.4 88.3 92.5 98.1 103.2 110.6 115.5 119.1 127.2 130.9 129.5 148 172.4 184.2 201.7 208.6 215.1 218.2 220 224.7 225.4
70.6 56.4 39.4 18.9 -2.1 -2.1 -2.1 -2.1 -2.1 -2.1 -2.1 -2.1 -2.1 -2.1 -2.1 -2.1 19.8 21.6 14.1 4.6 1.1 -2.1 -2.1 1.9 -2.1 -2.1 -2.1 -2.1 -2.1 -2.1 -2.1 -2.1 -2.1 -2.1 6.8 14.5 11.6 17.2 22.1 25.3 29.1 32.9 40.5 51.6 53.9 54.9 57.5 63.4 61.9 56 49.3 52.9 58 58.8 61.5 64.2 69.2 69.7 73.2 77.6 82.3 87.9 87.9 92.5 99.4 108.2 111.4 116.2 118.2 120.7 129.2 138.5 163.8 179.3 192.8 200.7 203.5 210.9 213.1 219.3 221.9
70.4 60.7 46.1 21.2 -2.1 -2.1 -2.1 -2.1 -2.1 -2.1 -2.1 -2.1 -2.1 -2.1 -2.1 -2.1 14.4 14.3 11 1.3 -2.1 -2.1 -2.1 -1.6 -2.1 -2.1 -2.1 -2.1 -2.1 -2.1 -2.1 -2.1 7.3 12.3 10.7 18.5 18 20.9 25.8 28.5 30.9 36.5 41.9 52.2 59.4 58.8 60.7 66.7 66.8 64.6 57 50.3 56.3 56.6 60 64.6 67.9 68 71.1 76.9 81 84.8 88.2 88.5 96.3 104.8 108.5 107.6 108.7 114.5 124.3 130.9 153.7 170.1 182.9 189.9 192.3 203.3 205.3 211.3 216.8
75.8 64.6 52.2 30.8 -2.1 -2.1 -2.1 -2.1 -2.1 -2.1 -2.1 -2.1 -2.1 -2.1 -2.1 -2.1 -2.1 -2.1 -2.1 -2.1 -2.1 -2.1 -2.1 -2.1 -2.1 -2.1 -2.1 -2.1 -2.1 -2.1 -2.1 -2.1 12.5 17.6 21.3 21.1 20.9 25.5 33.7 31.5 37.6 42.8 46.2 55.1 60.3 60.3 63.8 69 70.9 69.3 70.3 58.9 54.5 56.8 62.4 64.5 67.6 69.6 71.2 77.1 78 82.4 86.1 89.1 94.4 102.9 104.1 104.1 107 110.1 120.8 128.4 141.4 159.6 172.2 180.2 184.4 192.7 197.1 204.4 212.3
92.8 77.7 57.1 39.9 -2.1 -2.1 -2.1 -2.1 -2.1 -2.1 -2.1 -2.1 -2.1 -2.1 -2.1 -2.1 -2.1 -2.1 -2.1 -2.1 -2.1 -2.1 -2.1 -2.1 -2.1 -2.1 -2.1 -2.1 -2.1 -2.1 -2.1 -2.1 12.5 19.5 26.4 29.4 26.9 30 33.3 38.4 41.8 49.1 50.5 58.2 60 60.2 65.5 68.8 71.2 73 73.4 72.2 61.3 56.1 59.9 67.3 67.7 67.7 70.5 75.8 78 81.2 83.8 86.5 91.6 98.4 99.1 100.7 105 109.8 117.2 125.8 137.5 147 161.9 171.7 174.3 172.8 185.7 194.4 205.4
106.7 101.1 74.7 42.6 22.4 -2.1 -2.1 -2.1 -2.1 -2.1 -2.1 -2.1 -2.1 -2.1 -2.1 -2.1 -2.1 -2.1 -2.1 -2.1 -2.1 -2.1 -2.1 -2.1 -2.1 -2.1 -2.1 -2.1 -2.1 -2.1 -2.1 -2.1 20.1 27.1 32.9 39.3 37.7 36.5 38.2 41.5 45.9 50.1 52.6 58.6 62.8 66.2 68.6 71.2 73.6 75.8 78.1 77.8 75 62 62.8 67.7 67.7 68.1 69.7 76.4 80.3 81.3 84.6 87.2 89.1 94.7 97.5 98 102 110.1 115.4 122.7 131 139.6 153.3 154.3 161.6 176.2 190.2 200.2 205.9
123.2 122.9 107.5 69.1 25.3 -2.1 -2.1 -2.1 -2.1 -2.1 -2.1 -2.1 -2.1 -2.1 -2.1 -2.1 -2.1 -2.1 -2.1 -2.1 -2.1 -2.1 -2.1 -2.1 -2.1 -2.1 -2.1 -2.1 -2.1 -2.1 -2.1 5.6 19.1 28.5 35.2 39.4 40.8 40.8 38.6 39.9 46 49.3 52.3 58.6 63.5 70.5 71 73.6 74.9 76.3 80.1 80.6 82.3 74.9 64.6 69.2 70.1 69.8 70.5 74.6 79.4 80.3 84.1 86.2 87.9 91.5 95.9 95.8 100.9 109 113.2 119.5 128.7 135 140 154.2 166.8 177.2 191.3 204.9 207.9
130.4 129.9 124.6 105 55.3 -2.1 -2.1 -2.1 -2.1 -2.1 -2.1 -2.1 -2.1 -2.1 -2.1 -2.1 -2.1 -2.1 -2.1 -2.1 -2.1 -2.1 -2.1 -2.1 -2.1 -2.1 -2.1 -2.1 -2.1 -2.1 -2.1 8.8 21.2 28.1 31.7 37.8 40.8 44.6 49.5 43.6 47.5 52.9 56.1 58.7 63.6 69.5 71.9 76.7 77.1 77.9 78.8 80.3 81.3 80.3 77.8 72.2 70.8 71.7 74.5 79.2 80.2 81.7 82.1 84.5 86 89.7 93.6 95.7 99.4 107.5 109.8 119.1 124.7 130.6 137.4 155.2 164.8 178.2 188.5 202.8 209.6
137.4 136 132.4 120.7 91.3 -2.1 -2.1 -2.1 -2.1 -2.1 -2.1 -2.1 -2.1 -2.1 -2.1 -2.1 -2.1 -2.1 -2.1 -2.1 -2.1 -2.1 -2.1 -2.1 -2.1 -2.1 -2.1 -2.1 -2.1 -2.1 -2.1 10.8 20.3 24.6 29.7 38.9 47.7 50.1 51.5 49.3 49.5 57.5 59.4 58.5 68.7 69.9 73.7 79.7 80.2 79.7 80.9 83.5 85.2 84.4 85.6 83.5 77.4 74.6 80.4 80.9 82.3 83.7 84.4 87.2 90.7 89.8 93.3 99.4 99.3 102.5 109.3 118.7 120.4 129.6 135 147.3 165 177.4 191.9 202.4 211.9
142.1 135.4 131.5 129.7 122.7 76.3 -2.1 -2.1 -2.1 -2.1 -2.1 -2.1 -2.1 -2.1 -2.1 -2.1 -2.1 -2.1 -2.1 -2.1 -2.1 -2.1 -2.1 -2.1 -2.1 -2.1 -2.1 -2.1 -2.1 -2.1 -2.1 6.1 14.4 22.7 28.4 39.1 50.6 52.4 52.5 55.3 56.4 59 59.9 61.6 66.8 72.9 76.8 80.5 83.2 83.4 86.3 90.2 91.5 90.8 95.2 94 88.7 80.1 77.4 79.4 82.1 83.8 86.4 89 93.3 90.9 94.1 98.6 100.3 103.1 111.1 120.9 122.4 126.3 133.5 148.1 165 181.8 193.2 203.5 212.5
142.8 132.1 129 128.9 130.1 97.7 37.4 -2.1 -2.1 -2.1 -2.1 -2.1 -2.1 -2.1 -2.1 -2.1 -2.1 -2.1 -2.1 -2.1 -2.1 -2.1 -2.1 -2.1 -2.1 -2.1 -2.1 -2.1 -2.1 -2.1 -2.1 -2.1 11.4 19.7 27.9 37.9 47.2 50.8 52.2 58.8 60.7 61.9 63.4 66.6 72.1 81.3 82.8 87.6 87.9 89.1 92 98.6 101 101.2 103.3 102.4 99.4 91 83 82.6 82.3 84 88.3 89.4 91.5 92.8 97.2 99.4 105.8 101.8 108.7 120.6 123.1 128.1 138.2 151.5 165.3 180.5 193 204.8 215
146.9 138.2 128.5 122.7 119.2 101.2 47.3 -2.1 -2.1 -2.1 -2.1 -2.1 -2.1 -2.1 -2.1 -2.1 -2.1 -2.1 -2.1 -2.1 -2.1 -2.1 -2.1 -2.1 -2.1 -2.1 -2.1 -2.1 -2.1 -2.1 -2.1 -2.1 10.8 14.8 24.6 33.3 39.7 45.5 53.3 61.1 61.3 64.8 66.7 68.4 71.4 81.3 85.4 89.1 90.8 93.7 100.2 102.9 107.9 108.9 111.9 113.7 109.5 98.4 87 85.4 83.5 85 87 90.3 96.2 93.3 96.7 100.4 101.9 105.4 107.7 121.3 122.4 128.5 141 154 167.6 183.3 195.9 206.3 218.7
163.4 150.9 139.5 125.7 115.5 103.8 60.2 28.2 -2.1 -2.1 -2.1 -2.1 -2.1 -2.1 -2.1 -2.1 -2.1 -2.1 -2.1 -2.1 -2.1 -2.1 -2.1 -2.1 -2.1 -2.1 -2.1 -2.1 -2.1 -2.1 -2.1 -2.1 5.8 10.4 18.9 28.6 34.2 42.2 52.4 59 63.8 67.4 69.4 68.7 71.4 79.8 89.6 93.3 95.4 96.8 100.7 106.5 114.6 119.1 120.8 121.4 117 105.4 94.2 88.5 89.2 87.8 87.2 90.4 97.8 96.4 96.2 100 100.9 104.2 107.5 118.3 120.3 131.2 144 161.8 172.8 183.6 198.6 212.1 224.7
175.3 162 152.8 139.3 125.4 113.8 93.7 39.7 -2.1 -2.1 -2.1 -2.1 -2.1 -2.1 -2.1 -2.1 -2.1 -2.1 -2.1 -2.1 -2.1 -2.1 -2.1 -2.1 -2.1 -2.1 -2.1 -2.1 -2.1 -2.1 -2.1 -2.1 -2.1 5.4 16 22.7 28.9 42.1 55.5 60.8 66 69.9 70.8 71.4 74.8 78.8 88.1 95.9 99.1 101.8 105.8 110 120.1 127.4 127 121.4 118.6 112.7 99.1 93.9 89.5 90.9 89.5 90.4 98.3 100 96.3 98.8 100.7 103.1 108.9 115.6 120.8 131.4 148.8 166.2 180.3 186.7 199.3 216.1 229.7
183.2 173.4 165 152.8 142.9 123.3 97.5 44.9 12.3 -2.1 -2.1 -2.1 -2.1 -2.1 -2.1 -2.1 -2.1 -2.1 -2.1 -2.1 -2.1 -2.1 -2.1 -2.1 -2.1 -2.1 -2.1 -2.1 -2.1 -2.1 -2.1 -2.1 -2.1 1.7 10.4 16.9 28.2 42.5 53.9 60.2 65.3 69.7 71.6 75.5 74.5 75 84.5 94.8 101.7 106 110.5 109.6 122.5 130 126 125 123.8 118 109.3 102.3 95.4 93 90.6 93.7 98.1 100.8 98.8 99.7 100.7 103.8 107.4 113.6 122.1 130.5 148 172.3 186.1 190.7 205.4 221.7 235.4
190.5 182.6 172.5 167.7 154.9 140.6 96.6 48.9 18.9 -2.1 -2.1 -2.1 -2.1 -2.1 -2.1 -2.1 -2.1 -2.1 -2.1 -2.1 -2.1 -2.1 -2.1 -2.1 -2.1 -2.1 -2.1 -2.1 -2.1 -2.1 -2.1 -2.1 -2.1 4.7 9.4 16.9 28.1 40.9 48.7 59.4 64.1 66.7 72.9 79.4 80.7 78.4 82.8 98.6 100.5 106.2 110.2 114.6 121.1 129.7 129.2 129.5 129.8 124.6 122.4 112 105.1 97.6 95.2 99.1 99.8 99.3 99.5 99.3 100.6 103.1 106.4 114.5 124 135.9 147.3 160.3 189.4 202.5 212.9 226 239.7
198.6 189.7 180.3 175.7 161.3 150.7 112.3 67.5 28.7 -2.1 -2.1 -2.1 -2.1 -2.1 -2.1 -2.1 -2.1 -2.1 -2.1 -2.1 -2.1 -2.1 -2.1 -2.1 -2.1 -2.1 -2.1 -2.1 -2.1 -2.1 -2.1 -2.1 -2.1 -2.1 14.3 19.8 26.9 37.4 49.1 56.5 62.2 68.8 74.1 78 81.3 81.1 86.1 99.2 103.7 107.3 110 118.8 125 131.8 132.3 134 137.5 135.9 134.1 129.5 117.2 106.2 101 102.6 102.4 103.3 102.3 99.8 101.1 100.8 105.1 110.8 127.1 140.9 154.1 167 192.3 212 223.1 232.1 245.3
198.9 193.5 191.1 180.3 170 159.1 128.5 81.6 41.3 -2.1 -2.1 -2.1 -2.1 -2.1 -2.1 -2.1 -2.1 -2.1 -2.1 -2.1 -2.1 -2.1 -2.1 -2.1 -2.1 -2.1 -2.1 -2.1 -2.1 -2.1 -2.1 -2.1 -2.1 -2.1 13 20.4 25.8 33.8 43.8 49.2 61.1 70.8 73.8 79.6 81.3 81.3 87.2 98.8 105 114 119 124.7 129.2 134 135.3 141.1 141.1 139.6 140.9 139.6 126 116.6 110.2 110.8 108.3 109.1 107.4 106.4 106 106.2 107 110.5 128.3 147.6 159.7 167.7 188.4 217.5 232.5 235.9 246
207.6 198.4 192.1 181.6 172.9 165.4 145.2 96.9 52.7 20.4 -2.1 -2.1 -2.1 -2.1 -2.1 -2.1 -2.1 -2.1 -2.1 -2.1 -2.1 -2.1 -2.1 -2.1 -2.1 -2.1 -2.1 -2.1 -2.1 -2.1 -2.1 -2.1 -2.1 12.1 16.5 19.5 25.5 29.5 41.3 51.8 57.8 64.8 71.1 81.3 81.3 80.5 87.1 93.9 101.9 116.2 124.4 128.3 131 136.5 135.7 138.7 141.2 142.4 144.8 144.3 135.8 127.8 121.6 122.3 120.1 120.5 119.1 117.5 116.7 112 110.7 111.7 131.7 156 165.2 173.6 183.5 210.1 235.8 241.1 246.5
214.8 203.3 193.8 184.3 174.8 168.2 159.7 131.8 66.3 29.8 -2.1 -2.1 -2.1 -2.1 -2.1 -2.1 -2.1 -2.1 -2.1 -2.1 -2.1 -2.1 -2.1 -2.1 -2.1 -2.1 -2.1 -2.1 -2.1 -2.1 -2.1 -2.1 -2.1 14 21 21.2 28.4 31.1 37.9 45.1 53.3 60 68.2 78.2 81.3 80.3 89.9 90.4 100.3 118.1 125.1 130 132.4 137.9 137.9 136.4 140.3 147.8 147.1 143.7 139.3 134.7 130.5 135.6 136.9 136.6 134.7 133.3 128.5 122 121.5 117.2 133.2 160 169.9 177.6 186.9 203.1 231.5 246.3 250.9
214.2 203.8 196.9 186.9 177.7 174 169.7 141 78.8 35.6 8.6 -2.1 -2.1 -2.1 -2.1 -2.1 -2.1 -2.1 -2.1 -2.1 -2.1 -2.1 -2.1 -2.1 -2.1 -2.1 -2.1 -2.1 -2.1 -2.1 -2.1 -2.1 1.3 12.9 17.1 20.5 30.6 39.6 40.1 39.8 46.2 53.3 62 72.2 76.4 79.6 86.5 89.6 101.1 116.1 127.2 132.6 130.4 135.5 134.2 133.3 138.3 148.1 147.7 147 140.9 139.5 140.3 144.6 147.5 145 142.5 144 142.8 137 133.1 127.5 130.7 158.6 166.9 178.4 189.4 190.6 216.7 242.6 253.1
206.5 202.2 196.3 188.8 180.2 176.3 171.1 161.2 99.9 43.9 15.9 -2.1 -2.1 -2.1 -2.1 -2.1 -2.1 -2.1 -2.1 -2.1 -2.1 -2.1 -2.1 -2.1 -2.1 -2.1 -2.1 -2.1 -2.1 -2.1 -2.1 -2.1 -2.1 10.1 13.8 23.8 38.4 40.3 41.2 41.9 48.9 51.8 58.4 65.2 69.9 80.4 83.2 86.4 99.5 113 123.4 136.6 129.5 131.1 134.5 130.9 135.1 145.4 148.2 143.8 144 144.8 148.3 150.7 153 151.5 148.9 149.3 150.3 149.4 146 143.1 136 154 166.7 173.1 184.1 190.5 207.7 233.5 254.4
198.7 199.9 195.3 188.5 184.3 178.3 170 166 138.7 62 20.5 -2.1 -2.1 -2.1 -2.1 -2.1 -2.1 -2.1 -2.1 -2.1 -2.1 -2.1 -2.1 -2.1 -2.1 -2.1 -2.1 -2.1 -2.1 -2.1 -2.1 -2.1 -2.1 10.2 14.9 28 35.7 38.3 39.5 42.8 46.5 50.3 56.3 60.9 64.5 72.9 81.1 80.5 89.8 110.5 112.9 125.1 126.2 125.7 129.4 130.4 126.6 137.2 144.1 143.2 144.2 147.5 151.4 156.9 158 157.2 155.7 156.5 157.6 158.5 157 155.1 152.4 149.4 159.7 167.1 177.9 186 199.7 215.4 246.6
197.4 198.5 192.2 191.1 188.5 180.1 175.2 167.8 152.5 91.9 32.7 -2.1 -2.1 -2.1 -2.1 -2.1 -2.1 -2.1 -2.1 -2.1 -2.1 -2.1 -2.1 -2.1 -2.1 -2.1 -2.1 -2.1 -2.1 -2.1 -2.1 -2.1 -2.1 2.6 13.2 28.8 32 35 39.2 40.1 44.3 49 50.4 55.1 60.6 72.8 74.2 74.9 79.6 97.3 103.7 111 118 120.1 122.9 125.2 124.3 128.9 135.7 139.9 142.7 147.8 155.8 161 161 161.4 161.2 163.9 165.5 166.4 166 165.1 161.9 160.5 158.3 163.7 171.9 180.7 191.2 208.8 233.7
192.8 190.6 187.8 189.8 189 181.5 174.6 169.9 151.5 121.9 51.9 -2.1 -2.1 -2.1 -2.1 -2.1 -2.1 -2.1 -2.1 -2.1 -2.1 -2.1 -2.1 -2.1 -2.1 -2.1 -2.1 -2.1 -2.1 -2.1 -2.1 -2.1 -2.1 -2.1 7.7 28.1 25.1 29.4 31.4 41.2 41.3 47.8 51.2 50.1 59.6 65.6 70.3 73.4 74.9 81.9 95.6 101 106.3 110 116.5 118.5 121.1 122.2 129.3 133.6 139.5 146.8 155.1 161.1 161.2 163.2 163.9 166.3 171.3 172 171.9 169.6 168.7 170.9 165.8 159.5 168.5 176.9 185.3 196.8 214.6
185.6 182.9 180.3 178.6 180.8 174 166.2 161.3 149.4 129.4 61.1 -2.1 -2.1 -2.1 -2.1 -2.1 -2.1 -2.1 -2.1 -2.1 -2.1 -2.1 -2.1 -2.1 -2.1 -2.1 -2.1 -2.1 -2.1 -2.1 -2.1 -2.1 -2.1 -2.1 1.9 12.5 19.5 28.2 37.3 40.5 37.2 36.5 43.4 48.7 54.2 62.4 71.7 75.4 75.4 76.2 82.5 91.6 94.9 101 110.1 114 119.7 120.5 123.5 130.3 134.4 138.6 147.2 156 159.2 162.3 164.6 168.4 171.3 173.3 173.6 173.1 172.1 171.7 171.3 165.8 166.7 173.8 180.5 186.9 201
171.7 171.9 173.5 170.5 168.2 164.3 156.3 150.8 140.7 117.4 57.3 31.7 -2.1 -2.1 -2.1 -2.1 -2.1 -2.1 -2.1 -2.1 -2.1 -2.1 -2.1 -2.1 -2.1 -2.1 -2.1 -2.1 -2.1 -2.1 -2.1 -2.1 -2.1 -2.1 1.9 11.1 24.1 33.4 43.4 46.5 50.6 53 52.7 53.8 60.4 66.1 70.5 80 78.9 77.3 78.2 83.5 87.7 94.1 101.4 106.4 111.2 116.4 120.2 124.2 129.3 134.1 141.1 150.1 156.5 159.9 162.4 165.6 171.9 173.1 174.3 171 171.4 171.4 170.4 169.6 162 165.7 174.4 180.6 187.5
