data/NB31.asc
ncols 200
nrows 200
xllcorner 130000
yllcorner 910000
cellsize 50
[rows 74 to 110 of 200, columns 85 to 169 of 200]
59.9 55 58.7 60.5 61.2 64.6 64.9 55.2 58.1 51.6 44.6 44.1 51.7 53.9 51.4 52.1 54.4 53 56.1 57.2 58.8 53.5 53.5 53.8 63.7 60.7 55.9 52.6 48.8 47.8 46.6 45.4 44.3 47.2 54.9 58.9 61.3 63.3 63.8 65.4 66.2 67.8 70.9 70.8 69.7 66.7 64.1 64.1 64.1 64.1 66.9 65.4 63.5 61.6 60.5 62.5 67.4 65.2 63.6 64.5 67.4 68.4 70.3 73.8 76.7 82.9 79.8 76.3 82.9 80.3 78.8 76.3 80 82.3 83.2 79 64.6 61 61.2 60.3 65.1 73.1 73.1 71.7 77
52.5 47.3 55.4 59 58.2 63.9 64.1 54.8 48.2 43.7 41.7 45.8 52.4 51.2 48.3 45.6 46.1 49.5 52.5 52.8 51.3 49.4 51.7 51.3 50.2 53 49.3 46.3 45.2 46.7 45.4 44.1 43.5 47 56 57.2 59.4 60.4 62.9 64.1 65 68.1 69.4 69.5 69.3 65.6 64.9 66.6 64.1 65.2 68 65.8 64.2 61.2 62.3 64.7 63.8 63.3 63.3 65.2 67.3 68.9 76.7 77.8 77.8 79.7 77 71 74 78.1 76.2 74.8 79.2 81 80.4 77.7 66.4 62.2 60.4 55.7 59.4 69.8 70.8 68.6 68.7
44.8 42.1 51.4 55 53.6 57.4 56.6 50.1 43.2 36.1 38.7 46.2 47.5 45.2 42.3 39.8 40.6 43 47.2 48.4 44.6 43.2 51.3 50.6 47.2 45.5 43.4 41 42.3 44.4 43.6 42.4 43.4 44.8 53.1 55.4 57.4 57.2 60.8 62.9 64.9 66.1 68 70 67.5 64.5 65 65.9 64.1 68 70.9 66.9 63.2 60 63.8 65.3 65.5 65.1 66 68.5 69.5 70.4 76.4 79.9 78.2 75.2 74.5 68.6 68.1 74.6 72.9 75.1 81.2 81.1 80.9 76.6 70.6 63.1 59.2 55.7 55.4 67.8 68.4 67.7 66.3
35.1 36.7 44.2 44.8 45.7 47.5 45.2 41.6 35.3 28 37.4 36.4 42.2 39.1 35.9 33 34.5 37 42.8 42.2 40 38.3 42.1 47.2 42.5 39.8 37.9 36.1 43.7 44 42.6 40.7 41 41.1 47 51.8 53.3 54.4 58.1 61.3 63.4 63.4 65.5 65.6 64.3 62.5 62.7 63 64.1 66.5 68.4 67.8 60.3 68.2 67 68 70.2 69.9 69.9 70.6 71.4 71 75.3 78.2 77.1 73 71.2 67.6 64.4 67.6 69.9 73.8 79.3 76.1 72.6 69.3 67.8 63.2 61 56.8 55.4 55.4 60.3 65 66.1
25 27.1 30.2 31.9 34 33.4 32.2 29.6 25.7 23.1 25 23.8 27.7 29.9 27.9 26 27.4 28.6 33.1 32.7 32.9 30.7 33 35.6 34.1 31.9 30.6 34.1 43.9 42.2 40.5 38.7 37.5 37.4 37.1 43.9 46.2 52.3 54.1 56.2 58.3 60.2 61.1 60.9 60.4 62.6 61.5 59.7 62 64.3 65.2 62.4 62.6 74.8 72.7 71.4 73.5 72.9 70.8 71.4 72.1 68.6 71.1 74 74.4 69.9 66.9 65 59.7 61.1 63 63.4 64.3 65.6 65.2 64.8 64.4 62.2 59.2 57.5 55.4 55.4 55.4 55.4 61.7
15.7 16.3 18.2 19.7 20.2 18.6 19 18.7 18.3 17.6 18.1 17.5 19.2 19.1 19.2 19.5 19.3 20.2 20.1 20.6 20.5 20.7 22.1 25.3 25.9 25.2 25.8 28.8 33.9 36.7 35.4 34.2 34.9 33.3 32.8 33.1 38.6 47.4 48.4 50.1 52.7 57.7 57 56.8 54.4 61.5 60.2 57.2 55.1 57.8 55.9 54.9 67 76.5 73.6 72.1 71.4 74.4 70 70.4 70 67.3 66.8 71.7 69.3 68.4 64.7 66 61.6 57.1 57.7 58.2 60.8 64.9 66 65.3 63.7 59.8 58.9 55.4 55.4 55.4 55.4 55.4 55.4
15.7 15.7 17.9 17.3 16.1 16.2 16 16.8 16.8 16.7 16.9 18 17.2 16.4 17 17.2 17.7 17.5 17.6 17.7 20.5 20.9 21.8 20.7 22.7 22.3 22.6 24.1 27.2 28.4 28.8 28.6 28.6 28.3 28.5 28.8 30.2 37 41.4 44.3 48.3 52.2 52.4 52.1 50 54.7 57.5 53.1 47.7 42.5 43 54.5 63.9 75.1 73.8 72.5 70.9 71.3 68.5 66.8 70.2 66.7 61.2 66.2 65.5 65.9 62.1 67.2 63 57.9 57.8 59.4 58.4 59.3 59.6 61.6 61 59.1 55.4 55.4 55.4 55.4 55.4 55.4 61.5
23.5 22.2 19.8 18.4 19.2 18.8 17.1 17 17.3 17.1 18.5 20.5 21.7 22.9 23.6 24.6 26.8 25.3 26.4 30.9 33.4 33 33.8 31.9 31.8 30.5 29.5 26.6 23.6 24.3 25.2 24.8 26.8 26.6 26.3 26.2 26.2 29.1 34.3 34.8 38.3 40.9 41.2 41.8 41.6 41 44 44.7 41.2 42.6 54.1 57.5 59.7 71.9 74.2 72.5 71.5 68.4 65.4 63.4 61.1 58.2 54.8 62.6 62.1 62 58.3 59.5 61.2 57.6 55 56.5 57.4 62.6 60 58 57.4 56.1 55.4 55.4 55.4 55.4 55.4 55.4 58.5
38.9 33.2 30 29 27.4 25.4 24.9 22.2 19.4 20.2 17.8 22.6 25.2 27.5 29.6 32.2 34.2 36.7 40.9 43.2 41.3 39.4 41.3 40 39.9 40.6 39.9 37.7 34.7 32.4 29.1 28.6 27.8 27.4 27 25.3 25.1 25.1 26.3 25.8 26.8 29.7 31.3 31.3 31.8 33 34 34.6 31.7 37.9 46.4 50.1 52.8 62 64.4 66.4 67.4 63.8 62.5 60.5 58.3 56.6 52.9 54.3 60.7 59.3 58 54.7 57.5 50.8 54.6 55.2 52.5 51.7 53.2 56.4 56 55.7 56 57.4 60.6 59.1 56.6 60.7 65.2
50.4 45.3 41.1 37.7 35.8 35.3 33.7 28.5 24.8 24.2 20.4 21.1 24.7 29.5 33.1 37 39.4 44.9 46.5 45.9 45.1 44 44.7 46.1 49.7 48.4 46.4 44.5 44.6 44 41.7 38 35.9 34.7 31.8 30.4 30.7 29.8 25.6 24 23.6 22.7 22.1 21.1 22.3 23.1 25.4 27.3 28.2 27.9 30.5 36.1 41.7 47.2 53.9 58.3 59.8 60.4 58.1 55.1 53.3 52.6 51 46.6 51.5 53.8 53.2 48.8 46.5 44.7 45.3 45.8 49.1 54.1 55.2 56.7 61.2 64.1 61.7 65.5 70.4 65.4 62.5 61.6 65.4
56.8 54.6 50.7 45.5 40.7 41.6 39.3 34.7 30.8 26.8 23.5 19.9 24.3 29.5 35.3 40.5 47.3 49.6 49.2 47.6 46.8 46.8 48.6 55.2 57.6 53.9 53 51 53.7 51.2 50 48.4 49 50.1 51.8 47.7 42.2 39.4 35.8 30.2 30.1 27.9 26.7 25 23 22.9 21.5 22.5 24.2 22.7 24 23.5 27.4 33.5 38.4 44.8 47.8 46.1 45.2 44.4 42.5 42.7 42.9 41.4 43.1 44.3 44.3 42.4 42.2 44 48.8 50.4 50.1 51.7 57.9 60.9 65.5 65.4 65.9 67.3 67.9 69.4 65 63.1 61.2
62.2 60.5 55.3 49.5 44.4 41.9 42 37.5 34 29.6 24.9 19.8 23.1 29.8 36.2 44.3 53.6 53.2 50.5 49.3 47.8 47 50.8 57.5 58.2 55.9 55.6 56 56.9 58.5 57 66 65.3 66.2 67.1 56.8 51.5 50.1 45.7 41.1 38.5 40.1 34.2 32 28.2 27.6 28 21.9 19.1 18 18.9 19 20.4 22.7 23.9 28.1 29.5 31.4 32.4 32.9 32 32.7 33.6 35 34.1 35.4 36.9 37.9 43.1 47.6 48 49.6 57.2 64.6 64.4 65.1 64 64.8 64.7 64.5 63.9 65.7 63.9 62.9 61.2
69.3 63.8 58.6 52.7 47.7 46.2 45.3 42.1 37.5 32.9 27.2 21.2 21.6 29.3 37.1 47.2 52.8 53 51.5 49.6 48.5 46.8 48.7 55.6 56.8 57.5 57.9 59.3 62.1 66.9 73.6 76.4 77.3 73.5 69.2 64.3 60.3 56.5 52.7 49 44.4 49.6 46.5 41.4 42.8 42.2 35.3 29 24.2 21.2 17.9 17.4 17.7 19.2 17.6 20.8 19.2 19.9 21.1 21.2 22.8 23.9 25.1 25.9 27.7 29.5 31 35.4 45.9 46.5 46.9 49.9 56.3 62.2 64.4 65 64.4 63.7 63.3 63.6 63.5 65.4 66.1 65.8 65.9
72.1 64.2 58.7 54.7 53.7 54.5 53.2 46.2 40.6 36.9 32.1 25.3 20.9 27.9 36.4 47.9 49.7 51.2 50.5 48.2 46.8 46.8 49.8 56.2 57.9 58.5 59.4 61.8 68.2 75.7 81.4 83.3 86 79.9 72.5 67.7 64.3 59.1 53.2 53.8 52.5 52.6 56.2 55 49.2 51.5 48.3 42.9 37.8 33.5 31 24.5 21.8 18.9 17.7 20.1 16.8 15.8 15 15.9 14.7 17.4 18 22.1 22.2 23.2 23.6 28.6 35 39.1 41.8 46.4 52.6 58 60.7 61.7 62 62.4 63 63.3 66.2 67 67.4 68.1 73.5
72.3 68.3 61.8 59.2 62.7 62.1 61.9 50.9 43.8 40.7 37.9 31.9 21.3 27.4 35.7 44.7 47.5 49 48.5 48.4 46.8 47.9 51 59.7 60.2 60.6 62.5 67.4 74.3 82.5 86.9 89 92.7 83.9 76.7 69.3 66.3 60.6 55.9 57 55.9 56.5 62.4 61.9 58 57.1 54.9 49.5 45.3 43 39.8 35.7 30.2 26.1 23.2 25.6 24.9 21.3 22.3 21.1 17.4 15.7 13.8 15.3 17 16.7 21.6 23.7 26.9 30 33.7 40.1 45.2 51.2 55.2 56.4 57.6 60.3 61.8 64.2 67.7 68.8 69.2 73.6 78.8
74.9 72.2 66 63.6 69.9 64 61.4 55.5 49.7 45.8 41.8 35.2 24.2 26.2 34.1 41.7 45.4 47 50.5 51.8 51.3 51.1 52.2 61.4 63.6 66.1 65.9 71.3 80.6 89.7 92 94.1 94.6 85.8 79.1 69.5 66.3 59.7 56.6 59.5 58.7 59.6 64.9 66.8 63.1 58.9 55.3 52.4 53.5 54.1 49 47.6 42.5 38.7 40.6 38.8 37.5 33.2 29.7 22.2 24.2 22 19.2 16.8 14.4 14.4 15.1 19.6 23.8 24.8 28.3 33.4 39 46 49.4 52 52.8 53.8 58 63.3 65.4 69.2 71.8 75.1 84.7
77.3 74.6 70.1 66 65.3 62.6 61.5 61.3 58.9 50.9 43.7 41.3 34.7 24 28.6 37.9 43 47 55.1 56.8 56.2 53.8 56 64 68.9 69.9 66.2 74.4 86.6 94.4 93.2 95.1 93.6 85.4 78.1 68.5 62.6 58.1 59.8 61.2 60.1 62 67.1 70.1 66.4 61.1 58.5 56.8 61.1 59.8 55 53.8 54.3 47.9 47.5 45.4 45 39.5 33.3 34.1 34.5 33.3 28.7 24.6 22.8 16.8 13.2 14 18.9 20.8 23.3 27 31.7 37.1 42.4 47.1 47.7 50 53.3 58.3 63 66.1 68.4 71.3 82.3
74.8 72.8 69.7 71.5 63.5 62.3 62.5 67.3 64.4 56 48.7 45.7 43.1 29.1 24.7 36.1 41.4 48.6 55.9 61.8 62.1 60.6 58.7 63.2 70 69.9 62 77.2 90 97.4 95.3 94.5 92.5 84.8 76.6 68.9 63.5 58 67.1 64.2 62.3 62.2 68.2 72.1 67.2 62.7 61.7 60.9 64.1 63.3 61.2 61.4 62.3 58.1 52.7 49.1 47.8 39.9 40.3 48.7 48.9 52.7 45.2 38.1 33.5 27.5 18.7 13 9.9 13.7 17.5 20.2 22.1 25.4 28.2 33.4 37.7 41 45.2 50.2 58.4 62.8 64.7 66.7 78.5
74.6 72.7 69.7 68 64.2 61.8 62.5 65.9 67 60 54.5 46.9 37.4 26.4 25 36.2 42.2 49.2 55.2 59.7 63.8 63.8 61.7 60.4 63.2 65.8 62 77.8 90.6 94.2 95.2 94.5 90.1 83.7 76.1 71.2 63.5 60.5 63.6 64.5 64.3 63.9 67.7 68.9 67.1 64.4 65 66.5 66.5 67.4 65.7 66.5 68.7 64 58.7 51.3 44.7 46.1 59.4 64.1 61.9 59.6 59.5 50.3 42.5 36.2 30.3 23.8 16.7 11.6 8 7.3 10.9 11.5 14.3 21.3 22.4 26.2 32.3 40.7 49.7 54.8 58.9 61 70.6
75.3 73.4 70.4 67.4 61.6 60.1 60.2 63.1 61.7 57.7 52.6 44.8 41.9 31.9 26.1 35.5 42.6 47.7 53.8 56.9 59.3 60.8 60.3 62.1 63.6 67.4 62 82.5 89.3 93.7 91.8 90.5 87.1 83.3 76.7 72.9 64.8 59.6 62.4 64.3 65.1 66.2 68.5 68.2 66.9 67.8 72.8 70.3 69.5 70.1 70.2 70.6 71 68 58 49.5 51.5 53.7 64.5 70 68.7 66 62.4 56.7 49.5 42.3 32.6 30.1 26.9 20.2 13.2 10.6 8.1 5.2 6.6 8.3 12.8 14.8 16.3 22.2 32.2 40.8 48.6 51.9 60
78.2 77.4 72.9 70 65.6 61.3 58.7 58 58 59.3 55.6 51.5 46.2 38.5 25.2 31.9 38.5 44.8 52.7 56.2 58 59.6 62 64.1 63.7 63.8 68.8 85.1 86.9 88 87.5 87.5 85.4 82.6 77.9 75.4 67.8 61.4 62 64.1 65.3 66.3 68.1 68.1 67.8 72.3 76.1 73 74.4 78.2 76.7 77.3 72.4 66.6 58.1 52.9 56.1 64.4 66.4 70.1 72 70.8 65.7 59.4 55.5 48.9 39.3 34.4 31.4 28.1 21.3 24.3 17.9 16.2 12.1 6.2 3.9 -2.1 7.7 5.8 14.8 20.5 27.1 32.4 42.2
80.9 76 73.5 71.7 66.8 63.4 62.7 58 58 63.1 57 54.1 49.3 43.2 30.1 27.1 33.7 42.1 50.4 54.4 55.9 57.4 60.6 62.3 61.9 62.3 70.5 82.7 86.1 86.7 83.9 84.3 83.2 78.9 76.1 74.1 70.1 63.7 61.4 62.5 64.4 65.8 65.8 67 69.2 78.6 76.5 74.2 74.7 76.6 79.6 76 72 66.2 57.9 52.2 56.6 63.4 64.7 67.3 70.2 73 68.4 63.3 62.7 56.8 51.5 44.2 42.4 37.8 33.2 38.1 33.6 25.9 21.7 15.3 11.3 -2.1 -2.1 2.2 -2.1 1.7 4.5 9.4 15.9
77.7 76.4 75.1 72.5 70 65.7 61.8 59.9 62.6 66.7 62.2 59.2 54.3 44.5 29.8 26 27.3 37.4 46.6 49.6 52.2 54.7 56.8 57.6 60.1 69.7 77.5 81.8 83.3 81.7 80.6 83.5 80.9 78.7 77.2 75.7 69.9 64 60.5 62.7 61.8 63.8 62.5 67 73.7 81 77.4 75.8 73.6 72.3 68.6 70.5 71.5 67.9 60.4 56.7 57 62.6 65.9 66.4 69.3 75.3 71.4 67 63 59 60 57.6 53.3 43.3 47.3 51.9 53.1 43.2 32.6 27.1 28 26.6 19.6 12.3 -2.1 -2.1 -2.1 -2.1 -2.1
75.7 76 75.5 74.7 75.6 68.9 61.6 63.1 64.6 69.3 68.7 61.5 56.1 47.2 31.6 26 26 35.9 41.1 45.3 47.8 52 55 58.7 66.9 75.9 82.7 86.8 82.7 81 80.6 82.8 81.3 80.3 78.4 75.1 70.1 63.8 59.5 61.4 64.1 62.6 62.5 64.8 71.2 80.6 78.5 75.2 72.4 68.6 68.5 71.4 71.3 66 59.3 60.5 61.7 64.3 70.5 70.7 72.1 76.2 74 72.9 68.1 62.3 62.5 60 56.1 52.6 57.6 61.8 68.6 58.3 51.9 48.7 42.9 44 39.4 28.8 26.9 22.4 16.8 14.2 -2.1
71.3 71.1 67 73 68.8 63.7 61.5 62.2 65.3 67.7 69.8 64.4 58 47.8 33.9 26 28.2 35.4 37.2 42.7 47.1 49.9 53.8 59.5 71.1 82 85.9 86.3 82.1 79.5 84.4 82.5 82.2 82.8 78.1 72.9 67.2 62 59.5 60.5 65 64.2 65.2 65.5 67.4 79.7 81.7 76 72.3 68.6 72.9 71.6 69.1 62.9 58.9 59.4 60.9 65.4 69.3 71.6 77.6 77.6 77.4 76.5 71.6 68.5 67 65.1 62.3 60.3 60.2 66.8 67.5 63.7 57.7 60 57.9 59 54.9 47.5 45.2 42.8 34.7 26.8 21.9
64.2 65 65.7 66.5 65.5 63.8 62.7 65.5 65 66.5 68.7 68.6 62.4 51.8 37.1 26 26 33.7 35.4 38 43 47.1 53.3 61.1 73.9 86.4 82.8 83.3 80.2 73.9 84.3 84.8 80.7 76.6 70.7 69.1 64.9 60.4 59.5 59.5 65 67.3 67.8 65.5 69.6 73.8 79.2 75.2 69.9 68.6 74.8 73 67.9 62.3 58.9 60 63.1 68 70.3 74.6 78.9 78.7 80.9 80 79.1 74.4 72.3 68.3 65 65 60.4 68.7 70.4 72.9 65.9 67.2 69.9 70.6 65.4 62.8 53.9 58.9 52.4 44.3 34.5
60.6 62.2 66.5 68.1 69.5 66.4 66.5 64.6 63.4 66.6 70.3 71.8 66.8 55.3 42.1 26 26 31.1 34.2 35.5 43.7 46.3 50.1 63.7 71.2 75.1 77.1 79.6 79.1 73.9 80 81.4 75.9 67.4 67.4 66.8 62.8 59.5 59.5 59.5 65.6 69.1 68.6 65.5 68.9 69.5 69.5 70.7 70.1 70.4 75.8 73.2 68.5 63.6 60.1 65.3 69.3 70.6 70.6 75.4 77.3 79 82.2 84.8 82.7 78.5 75.9 73.3 68.6 65.3 64.8 67.8 79.2 78.3 71 74.4 75.3 73.1 73.3 66 66.1 64.1 63.1 56.7 52.6
54.2 60.6 65.4 76.8 81.9 70.8 67 65.2 63.4 66.2 72.3 73.5 73.2 61.9 47 30.1 26 31.3 32.5 35 42.8 46 50.7 59.7 64.9 69.3 74.8 82.6 81.1 76.6 78.8 80.8 74.7 67.4 67.4 70.4 65.9 61.1 59.5 63.3 67.1 68.9 70.1 66.3 66 66.4 69.3 68.7 68.3 72.6 76.2 74.3 69.1 65.5 65.8 69.8 75 75.3 75.2 74.7 76.8 79.5 84 85.1 83.5 81.7 78.9 79.9 74.6 68.4 68.9 70.1 82.2 81.3 79.1 79.5 81.4 80.1 80.8 75.4 74.6 74.2 73.1 72.5 65.6
50.6 59.3 68.4 75.9 72.1 68.2 66.8 66.6 63.7 65.2 71.7 75.2 72.2 64.9 51.5 35.8 26 26 27.6 33.2 39.1 43.6 54.2 57.9 61.8 68.1 74.7 81 79.5 75.7 75.9 81.2 77.5 73.5 72 70.8 66.6 61.5 59.5 63.4 65.9 67.1 65.6 65.3 65.1 67.5 67.8 67.5 69.2 75.5 80.1 74.7 70.1 68 71 73.6 79.2 80.1 77.6 75.6 77.5 80.4 83.6 85.1 86.5 84.5 81.8 80.9 78 74.2 70.4 74.4 86.3 85 85.4 82.1 82.7 88.5 87.6 84.9 84.5 84.9 82.1 85.2 77.8
46.7 54.2 69.1 69.7 67 65.6 65.8 66.7 63 61.9 65.3 77.5 69.7 62.5 53.3 37.6 26.6 26 26 27.5 36 44.7 53.1 56.7 59.5 64.8 70.8 73.9 74.8 73.4 76 79.2 79.3 75.4 73.5 70.5 65.7 59.5 59.5 62.9 62.3 61.3 61.3 62 62.7 63.6 65.1 67.3 70.8 79.2 82.1 78.4 75.5 74 75.8 74.5 79.9 79.7 78.9 77.2 77.3 80.5 86.9 85.4 86.8 86.4 83.8 81.8 79.7 73.9 69.9 75 85.3 87.5 88 84.8 87.1 90.6 94.5 91.6 93.8 94.4 93.7 89 89.2
44.6 47.1 57.1 59.8 60.9 58.2 58.5 58.5 60.5 57.8 60.4 67 68.4 62.9 55.2 40.3 29.7 26 26 26 32 46.6 51.9 54.2 57.2 61.2 64.3 67.4 69.1 69.9 72.8 77.3 77.9 77.3 74.7 70.5 65.3 59.5 59.9 63 61.3 61.3 61.3 61.3 61.3 61.5 64.4 68.1 72.1 80 83.8 81.4 79.4 80.2 79 75.3 79.2 81 80.2 78.4 76.8 79.6 87.9 87.6 88.7 89 88.4 83.3 80.7 74.5 70.4 78.2 87.2 89.4 88.8 87.3 89.6 96.6 97.5 101.1 103.8 104.7 104.4 97.1 90.9
41.5 47.3 51.4 53.3 54.2 53.4 54.3 55.7 56 54.4 58.4 60 65.1 63.3 53.5 39 29.3 26 26 26 34.3 45.9 52.6 56.2 56.4 59.2 59.1 62.8 68 73.1 72.1 74.5 77.6 79.6 73.8 70.5 66 61.5 59.5 64.2 63 61.3 61.3 61.3 65.9 67.4 70.3 72.7 74.4 78.3 84.4 82.1 84.8 84.1 81.2 76.8 78.5 84.2 82.4 80.8 77.3 79.3 87.1 90.9 91 90 90.6 86.5 80.2 72.3 77.7 81.2 89.7 91.6 90.1 89.9 93.2 101.5 101.4 107.6 112.4 116.1 113.8 116.8 100.4
37.2 46.4 51.9 51.3 50.6 51.4 51.8 52.6 50.7 50 51.2 53 58.9 57.5 52.3 39.4 29.2 26 26 26 39 45.6 51.4 56 57.5 57 57.6 59.6 64.5 69.8 69.6 71.1 75.5 75.9 71.8 69.7 66.1 62.6 61.2 63.1 62.3 61.4 61.3 61.3 69.2 74.7 76 75.1 76.8 79.7 80.7 82.3 89.1 86.4 83.1 79 77.4 81.2 84 82.6 81.5 81.7 87.5 91.3 91.1 90.5 89.8 86.8 80.7 74.8 82.4 79.8 88.3 91.7 91.1 92.4 95 102.4 104.9 112.6 119.8 125.7 124.8 120.2 111
37.2 48.1 51.7 49.2 50 52.4 51.2 49.6 48 49.7 51.1 49.4 57.6 58 50.9 39.2 30.4 29.6 26 33.5 40.3 43.4 49.5 54.8 55.9 56.4 54.5 56 58.8 61.6 62.6 67.8 71.4 71.5 70 68.1 66.3 64.2 64.7 63 63.2 63.8 62.1 63.7 69.9 77.2 77.3 76.1 78.9 78.4 78.9 82.1 88.4 86.5 84.4 83.1 77.9 82.6 84.8 83.6 82.4 83.1 86.9 90.2 92.4 90.5 88.7 86.4 79.9 85.1 84.4 83.3 89.2 92.1 92.1 92.5 96.1 103.8 110.3 114.6 123 129.2 127.2 125.6 119.5
37.2 37.2 43.6 47.5 50.3 53.6 50.6 47 49.1 53.2 50.8 48 46.1 56.5 50.3 40.2 32 27.5 26 31.3 35.8 41.9 49.4 51.9 51.9 51.5 53.1 55.2 57.6 60 60 62.2 68 67.2 65.2 63.5 65.8 67.9 64.5 63.7 64 64.3 64.2 66.4 70.7 78.1 81.4 79.1 76.7 75.6 76.3 79 83.9 82.3 82.2 82.8 81.4 81.5 85.7 84.5 83.3 83.5 85.8 90.9 94.3 90 88.1 85.8 82.8 87.6 89.6 86.5 89 92.2 92.5 92.7 96.9 104.4 115.5 121.7 129.3 136 134.4 131.2 124.9
38.3 37.2 40.2 47 49.5 53.6 52.7 46.6 44.2 50.6 47.7 44.5 40.7 45.5 45.7 37.4 32.1 28.3 26 28.5 32.3 41.5 46.8 48.8 51.5 51.6 52.8 55.2 57.7 61.1 60 60 65.2 63.6 63.5 64.1 66.5 67 65.7 64.4 64.6 64.8 67 69.6 71.9 78.1 79.8 78.8 73.9 73.2 76.1 79 81.9 81.2 81.2 82.6 82.6 82.6 85.8 85.4 85.4 85.4 86.7 92.4 92.4 89.1 87.3 82.8 88.8 90.7 92 88.6 87.1 91 92.6 95 98.2 107.4 119.3 127.5 133.2 138.9 139.1 133.9 128.8
40.7 37.2 37.9 45.8 48.8 47.6 47.4 46.8 44 42.3 41.5 38.9 37 33.8 37.7 31.1 27.7 27.4 27.5 28.3 31.1 37.2 48.5 51 52.4 51.4 51.9 54.4 59.5 63.5 63.3 60 61.3 63.5 64 66.5 66.9 68 66.9 65.5 65.2 66.8 68.2 72 73.6 77.3 78.1 75.9 71.3 75.5 78.6 81.4 85.2 85.8 86.5 86.3 85.8 85.9 85.6 87.5 87.3 86.1 87.1 91.1 91.3 89.2 84.3 82.8 91.5 92.4 92.7 91.3 87.8 89.8 92.6 96.4 102.6 108.9 120 130.1 133.5 140.3 138.8 130.8 127
