data/NB41.asc
ncols 200
nrows 200
xllcorner 140000
yllcorner 910000
cellsize 50
[rows 114 to 151 of 200, columns 0 to 83 of 200]
69.4 61.5 51.8 41.1 21.3 6.8 -2.1 -2.1 -2.1 -2.1 -2.1 -2.1 -2.1 19.3 32.4 40.4 50.6 46 30.6 -2.1 -2.1 -2.1 -2.1 -2.1 -2.1 -2.1 -2.1 -2.1 -2.1 17.6 8.4 -2.1 -2.1 -2.1 -2.1 -2.1 -2.1 -2.1 -2.1 -2.1 -2.1 -2.1 -2.1 -2.1 -2.1 -2.1 -2.1 -2.1 -2.1 -2.1 -2.1 -2.1 -2.1 -2.1 -2.1 -2.1 -2.1 -2.1 -2.1 -2.1 -2.1 -2.1 -2.1 -2.1 -2.1 -2.1 -2.1 -2.1 -2.1 -2.1 -2.1 -2.1 -2.1 -2.1 -2.1 -2.1 -2.1 -2.1 -2.1 -2.1 -2.1 -2.1 -2.1 -2.1
75.5 71.2 62 48.3 35.9 25.5 23.4 22.3 26.5 24.6 24 33.1 34.7 33.4 33.2 30.9 27.3 12.6 -2.1 -2.1 -2.1 -2.1 -2.1 -2.1 -2.1 -2.1 -2.1 -2.1 -2.1 59 64.2 61.3 -2.1 51.8 53.9 92.9 59.1 42.5 -2.1 -2.1 -2.1 -2.1 -2.1 -2.1 -2.1 -2.1 -2.1 -2.1 -2.1 -2.1 -2.1 -2.1 -2.1 -2.1 -2.1 -2.1 -2.1 -2.1 -2.1 -2.1 -2.1 -2.1 -2.1 -2.1 -2.1 -2.1 -2.1 -2.1 -2.1 -2.1 -2.1 -2.1 -2.1 -2.1 -2.1 -2.1 -2.1 -2.1 -2.1 -2.1 -2.1 -2.1 -2.1 -2.1
74.7 65.8 57.1 48.2 39.3 28.7 35.5 35.9 39.5 39 41.6 40.7 37.9 36.6 33.1 24.5 15.6 5.9 -2.1 -2.1 -2.1 -2.1 -2.1 39.2 38.8 56.1 95.5 70.4 54 72.9 92.1 93.9 82.4 115.7 121.7 121.4 118.5 113.7 -2.1 -2.1 -2.1 -2.1 -2.1 -2.1 -2.1 -2.1 -2.1 -2.1 -2.1 -2.1 -2.1 -2.1 -2.1 -2.1 -2.1 -2.1 -2.1 -2.1 -2.1 -2.1 -2.1 -2.1 -2.1 -2.1 -2.1 -2.1 -2.1 -2.1 -2.1 -2.1 -2.1 -2.1 -2.1 -2.1 -2.1 -2.1 -2.1 -2.1 -2.1 -2.1 -2.1 -2.1 -2.1 -2.1
58.2 52.4 45.4 42.4 40.5 42.1 47.3 55.3 58.2 65.2 67.3 70 57.8 54.7 41.3 35.3 25.8 43.8 63.2 59.7 55.5 55.9 72.9 79 99.1 116.4 120 103.7 89.1 81.8 98.9 115.9 122.4 124.8 131.9 134.8 135.2 129.3 124.1 69.9 -2.1 -2.1 -2.1 -2.1 -2.1 -2.1 -2.1 -2.1 -2.1 -2.1 -2.1 -2.1 -2.1 -2.1 -2.1 -2.1 -2.1 -2.1 -2.1 -2.1 -2.1 -2.1 -2.1 -2.1 -2.1 -2.1 -2.1 -2.1 -2.1 -2.1 -2.1 -2.1 -2.1 -2.1 -2.1 -2.1 -2.1 -2.1 -2.1 -2.1 -2.1 -2.1 -2.1 -2.1
69.8 71.9 69.5 61.3 60.8 70.4 87.2 109.1 114.5 102.6 102.2 89 82 71.6 65.7 64.6 65.4 76.9 95.1 91.6 83.1 83.4 97.6 107.4 118.7 118.4 131.2 112 102.7 96.2 106.3 125.5 132.2 128.4 137.9 138.3 141.2 143 137.7 128.4 111.3 50.7 34.1 -2.1 -2.1 -2.1 11 -2.1 -2.1 -2.1 -2.1 -2.1 -2.1 -2.1 -2.1 -2.1 -2.1 -2.1 -2.1 -2.1 -2.1 -2.1 -2.1 -2.1 -2.1 -2.1 -2.1 -2.1 -2.1 -2.1 -2.1 -2.1 -2.1 -2.1 -2.1 -2.1 -2.1 -2.1 -2.1 -2.1 -2.1 -2.1 -2.1 -2.1
97.8 85.4 76.6 75.7 73.2 95.4 111 125 127.5 114.9 113.4 113.3 109.2 87.9 84 84.8 94.4 100.2 106.7 95.3 98.6 98.7 105.9 112.9 126.6 123.8 125.5 124.1 121.8 115 110.7 127 134.8 139.5 140.4 143.7 144.8 147.2 144.6 142.1 132.9 119.2 102.5 72 58.2 48.1 56.1 56.8 44.6 -2.1 -2.1 -2.1 -2.1 -2.1 -2.1 -2.1 -2.1 -2.1 -2.1 -2.1 -2.1 -2.1 -2.1 -2.1 -2.1 -2.1 -2.1 -2.1 -2.1 -2.1 -2.1 -2.1 -2.1 -2.1 -2.1 -2.1 -2.1 -2.1 -2.1 -2.1 -2.1 -2.1 -2.1 -2.1
110 109.7 98.2 96.8 83.1 93.3 111.7 121.6 122 119.8 118.7 118.5 110.6 99.3 109.6 108.8 110.6 109.9 103.2 104.1 105.9 111.8 108 111.7 117.5 128.6 125.4 127.1 126.3 125.7 126.9 120.2 132.5 135.9 136.1 147 146 146.3 144.5 148.4 142.6 134.9 133.4 128.7 115.6 100.2 91.1 95.8 96.7 93.2 82.1 73.9 57.4 -2.1 -2.1 -2.1 -2.1 -2.1 -2.1 -2.1 -2.1 -2.1 -2.1 -2.1 -2.1 -2.1 -2.1 -2.1 -2.1 -2.1 -2.1 -2.1 -2.1 -2.1 -2.1 -2.1 -2.1 -2.1 -2.1 -2.1 -2.1 -2.1 -2.1 -2.1
122.6 121.5 120.9 105 93 100.5 117.9 130.7 135.7 128.8 122.9 117.1 115.6 114.4 121.2 118.9 118 116.7 108.7 117.6 115.8 115.8 111.3 110.5 114.7 126.2 127 128.7 131.8 132 136.5 126 123.7 137.9 140.4 144.2 147.4 145.5 146.4 148.1 144.9 150.3 148.9 142.8 134.2 118.5 106.7 109.7 109.3 99.1 94.4 96.2 103.4 106.6 99.1 -2.1 -2.1 -2.1 -2.1 -2.1 -2.1 -2.1 -2.1 -2.1 -2.1 -2.1 -2.1 -2.1 -2.1 -2.1 -2.1 -2.1 -2.1 -2.1 -2.1 -2.1 -2.1 -2.1 -2.1 -2.1 -2.1 -2.1 -2.1 -2.1
136 127.1 122.7 109.3 96.7 102.6 116.4 128.7 133.3 129.3 125.1 124.5 118.2 115.7 119.3 129.4 119 116.1 114.8 117.2 115.7 111.9 111.5 111.3 113.6 122.2 127 130.3 132.3 133.3 134.2 128 126.3 126.4 138.7 145.1 148.5 149.9 148.1 153.1 150.1 154.4 150.4 145.2 139.5 120.3 111.8 118.5 111.5 101.9 101.1 100.6 111.3 117.2 119.5 112.4 74.4 -2.1 -2.1 -2.1 -2.1 -2.1 -2.1 -2.1 -2.1 -2.1 -2.1 -2.1 -2.1 -2.1 -2.1 -2.1 -2.1 -2.1 -2.1 -2.1 -2.1 -2.1 -2.1 -2.1 -2.1 -2.1 -2.1 -2.1
138.4 129.2 120.2 110.8 100.5 103.8 111.3 127.3 133.1 130.9 126 126.7 120.3 114.7 115.5 123.5 121.4 118.2 121.6 118.6 115.6 113.6 113.1 112.7 113.3 121.1 127.3 132 136.1 137.3 136.4 129.9 125.1 125.7 135.7 141.4 144.6 148.1 147.5 155.1 156.3 158.5 152.1 147.2 142.7 123.7 121.4 128.6 119.4 106.7 101.9 104.5 110 122.4 124.3 119.1 40.7 -2.1 -2.1 -2.1 -2.1 -2.1 -2.1 -2.1 -2.1 -2.1 -2.1 -2.1 -2.1 -2.1 -2.1 -2.1 -2.1 -2.1 -2.1 -2.1 -2.1 -2.1 -2.1 -2.1 -2.1 -2.1 -2.1 -2.1
141.3 133.9 121.4 112.9 106.2 108 109.3 118.1 127.7 129 127.9 128.7 125.8 115.4 113.9 117.7 124.6 126.5 131.5 127.6 121.4 114.5 114.6 114 114.2 121 131.8 137.8 140.3 140.7 138.8 128.3 126.4 127.3 128.1 135.7 137.5 141.1 146.3 152.6 161.3 162.6 153.3 147.5 142.1 122 124.5 127.4 129.3 110.3 105.3 111.6 114.2 122.7 127.2 125.8 98.7 -2.1 -2.1 -2.1 -2.1 -2.1 -2.1 -2.1 -2.1 -2.1 -2.1 -2.1 -2.1 -2.1 -2.1 -2.1 -2.1 -2.1 -2.1 -2.1 -2.1 -2.1 -2.1 -2.1 -2.1 -2.1 -2.1 -2.1
140.1 136.2 129.7 125.6 116.8 114.4 110.4 111.4 126.4 128.4 129.1 130.9 132.1 119.8 113.9 115 123.8 128.8 132.3 131.1 121.6 114.9 115.5 118.8 122.8 123.3 135 138.9 142.5 141.7 138.1 128.2 127.1 129.2 128.9 133.1 138.2 139.5 143.1 147.1 160.2 164.4 155.8 144.7 139.1 122.9 123.2 124.2 122.9 118.3 118.5 117.1 117.6 122.1 126.8 125.8 105 -2.1 -2.1 -2.1 -2.1 -2.1 -2.1 -2.1 -2.1 -2.1 -2.1 -2.1 -2.1 -2.1 -2.1 -2.1 -2.1 -2.1 -2.1 -2.1 -2.1 -2.1 -2.1 -2.1 -2.1 -2.1 -2.1 -2.1
140.7 140.7 139.1 139.3 127.7 125.2 109.8 109.1 124.4 130.3 130.8 133.4 130.4 125.2 117.4 119.7 126.4 131.5 133.5 132.2 128.5 120.5 120.4 124.6 128.5 129.4 134.6 139.1 142.4 141.2 139.3 135.1 131.8 132 130.6 130.5 138.1 138.7 138.4 143.7 154.5 161.2 156.3 145.4 138 124.1 123.2 124.1 125.2 127.1 123.6 121.8 121.9 122.8 125.8 125.5 108.4 -2.1 -2.1 -2.1 -2.1 -2.1 -2.1 -2.1 -2.1 -2.1 -2.1 -2.1 -2.1 -2.1 -2.1 -2.1 -2.1 -2.1 -2.1 -2.1 -2.1 -2.1 -2.1 -2.1 -2.1 -2.1 -2.1 -2.1
139.5 140.3 142.8 144 138.4 126.4 113.3 110.8 120.5 128.6 131.2 131.6 130.3 129.1 122.8 126.9 130.2 131.6 133.2 132.1 131.6 123.5 127.9 129 131.1 137.9 134.2 139.4 139.9 139.9 140.5 141 139.4 135.8 130.1 128.9 134.7 130.2 131.4 143.7 152.3 162.1 155.8 146.4 135.3 127.7 126 125.6 131.7 132.2 131.2 130.5 126.2 124.5 125.3 123.3 111.5 -2.1 -2.1 -2.1 -2.1 -2.1 -2.1 -2.1 -2.1 -2.1 -2.1 -2.1 -2.1 -2.1 -2.1 -2.1 -2.1 -2.1 -2.1 -2.1 -2.1 -2.1 -2.1 -2.1 -2.1 -2.1 -2.1 -2.1
137.4 140.9 142.4 146.7 144.4 135.4 115.3 113.3 117.8 126.3 131.5 131.5 130.2 130.5 135 134.1 133.5 132.6 129.5 127.9 129.3 123.7 131.3 134.4 136.5 141.1 144.9 140.8 140.2 139.9 140.8 140.7 142.1 139.1 130.3 128.3 128.5 124.5 131.9 139.6 149.5 155.7 157.4 152.2 136.1 126.6 125.3 125.3 130.3 136.5 139.9 136 132.7 128.5 126.3 120.6 113 -2.1 -2.1 -2.1 -2.1 -2.1 -2.1 -2.1 -2.1 -2.1 -2.1 -2.1 -2.1 -2.1 -2.1 -2.1 -2.1 -2.1 -2.1 -2.1 -2.1 -2.1 -2.1 -2.1 -2.1 -2.1 -2.1 -2.1
137.4 141.7 140.9 143.6 145.2 136.7 123.8 116.4 114.8 124 132.7 132.9 134.5 134.5 138.2 139.8 136.8 136.5 130 125.6 125.1 128.5 133.7 139.8 140.4 142.7 145.8 143 141.6 139.9 139.9 141.2 142.7 137.4 134.8 127.6 123.1 120.4 134 138.1 144.1 149.4 151.4 148.8 138.8 129.8 125.3 131.8 131.6 137.6 141.2 134.7 132.2 128.7 122.5 113.3 99.5 77.8 -2.1 -2.1 -2.1 -2.1 -2.1 -2.1 -2.1 -2.1 -2.1 -2.1 -2.1 -2.1 -2.1 -2.1 -2.1 -2.1 -2.1 -2.1 -2.1 -2.1 -2.1 -2.1 -2.1 -2.1 -2.1 -2.1
137.4 138 140.5 143.6 145.3 133.5 125.3 119.3 116.9 126.8 137 139.4 139.1 139.1 141.2 144.5 138.6 135.7 135.3 128.1 129.2 131 136 139.9 143.2 145.7 147.1 145 139.3 140.9 140.5 139.2 139.3 135.4 132.4 124.4 119.9 123 127.8 139.6 140 140.1 146.5 147.9 139.1 127.3 125.4 130.2 129.6 136.7 138.9 133.8 128.8 124 117.8 103.2 -2.1 -2.1 -2.1 -2.1 -2.1 -2.1 -2.1 -2.1 -2.1 -2.1 -2.1 -2.1 -2.1 -2.1 -2.1 -2.1 -2.1 -2.1 -2.1 -2.1 -2.1 -2.1 -2.1 -2.1 -2.1 -2.1 -2.1 -2.1
137.4 137.4 141.7 144.6 145.3 136.7 129.3 121 119.3 128.1 139.4 143 140.4 142.3 144.7 145.8 142.6 137.2 134 131.5 131.6 133.5 137.8 140.8 146.4 150.3 147.9 145.9 138.4 139.1 140.4 138.5 136.2 133.4 131.4 127.8 119.9 124.2 127.2 128.6 130.4 133.2 144.1 142.2 136.2 126.9 121.9 122.2 123.2 133 135.3 131.1 127.6 121.6 114.5 92.9 -2.1 -2.1 -2.1 -2.1 -2.1 -2.1 -2.1 -2.1 -2.1 -2.1 -2.1 -2.1 -2.1 -2.1 -2.1 -2.1 -2.1 -2.1 -2.1 -2.1 -2.1 -2.1 -2.1 -2.1 -2.1 -2.1 -2.1 -2.1
137.4 137.4 143 145.7 145 135.1 134.1 123.9 123.3 132.6 142 143.9 142.3 148.7 152.2 147.4 148.1 143.5 135.8 133.2 133.4 134.5 138.9 142.4 145.9 149.3 148.2 145.5 138.1 136.8 137.6 135.8 134.1 131.2 129.3 131 123.5 119.9 124.3 125.2 122.9 128.1 137.6 134.2 128.3 122.5 112.1 114.8 118.6 127.4 128.8 128.1 124 117.3 108.2 56.9 -2.1 -2.1 -2.1 -2.1 -2.1 -2.1 -2.1 -2.1 -2.1 -2.1 -2.1 -2.1 -2.1 -2.1 -2.1 -2.1 -2.1 -2.1 -2.1 -2.1 -2.1 -2.1 -2.1 -2.1 -2.1 -2.1 -2.1 -2.1
137.4 137.4 139.9 143.7 144 139.6 133.4 126.7 126.1 133.1 144 146.6 145.9 151.6 155.1 154 153.2 149.6 139.3 135.5 133.8 138.1 138.4 141.4 144.7 149.1 148.5 146.2 141.1 134.6 134.4 133.6 131.7 128.9 128 128.9 125.6 120.5 120.6 122.2 118.8 124.6 129.2 132.1 118.2 109.6 108 110.7 113.8 119.6 125.5 126 123.4 116.8 81.9 38.6 -2.1 -2.1 -2.1 -2.1 -2.1 -2.1 -2.1 -2.1 -2.1 -2.1 -2.1 -2.1 -2.1 -2.1 -2.1 -2.1 -2.1 -2.1 -2.1 -2.1 -2.1 -2.1 -2.1 -2.1 -2.1 -2.1 -2.1 -2.1
140.5 141 139.4 141.2 140.9 139.3 136.4 129.3 126.7 132.2 143.8 148.2 149.2 153.5 158.4 161.1 162.9 158.8 150.4 139.9 137.5 140.5 138.9 142 142.2 147.5 149.9 148.7 142.7 135.4 133.7 135.2 135.7 133.1 128 128 125.8 123.3 122 118.5 115.8 122.7 128.3 125.4 117.5 108.6 107.2 108.4 108.9 112.5 122.8 128.1 125.9 113.7 89.1 18.5 -2.1 -2.1 -2.1 -2.1 -2.1 -2.1 -2.1 -2.1 -2.1 -2.1 -2.1 -2.1 -2.1 -2.1 -2.1 -2.1 -2.1 -2.1 -2.1 -2.1 -2.1 -2.1 -2.1 -2.1 -2.1 -2.1 -2.1 -2.1
144.6 143.6 145.7 143.1 142.4 141.4 139 132.1 127 129.4 138.4 149.1 153.1 156.8 162.3 167.3 171 170.9 160.2 147.3 141.2 141.5 142.8 146.6 147.5 145.1 150.4 149 142.3 135.2 133.5 136 137.2 129.8 129.6 127.8 125.5 123.3 122.7 117.4 115.8 116.8 125.1 121.6 116.7 108.5 106.5 106.2 106.6 110.7 120 127.5 125.6 112.8 86.6 -2.1 -2.1 -2.1 -2.1 -2.1 -2.1 -2.1 -2.1 -2.1 -2.1 -2.1 -2.1 -2.1 -2.1 -2.1 -2.1 -2.1 -2.1 -2.1 -2.1 -2.1 -2.1 -2.1 -2.1 -2.1 -2.1 -2.1 -2.1 -2.1
151 144.8 145.6 146.2 144.7 143.5 138.8 134.8 129.4 129.6 135.8 146.7 154 158.4 164.7 170.1 175.5 177.9 170.5 159.4 145.5 142.4 142.2 145.1 150.4 146 147 148.3 143.2 137.2 133.5 135.7 134 126.6 128.8 125.8 123.2 121.2 122.3 118.7 115.8 115.8 123.6 119.7 114.4 109.8 107.4 107.9 106.2 110.7 120.3 125.3 120.3 107.5 74.9 -2.1 -2.1 -2.1 -2.1 -2.1 -2.1 -2.1 -2.1 -2.1 -2.1 -2.1 -2.1 -2.1 -2.1 -2.1 -2.1 -2.1 -2.1 -2.1 -2.1 -2.1 -2.1 -2.1 -2.1 -2.1 -2.1 -2.1 -2.1 -2.1
156 148 145.6 146.9 146.4 144 137.8 133.9 127.7 130.7 134.5 142.9 153.7 160 166 172.2 177.1 180.7 174.2 167.3 153.5 143.7 142.5 142 152 148.4 147.8 147.6 143.6 139.5 133.5 135 131.8 126.1 124.8 127.2 120.8 120.7 122.1 122.1 115.8 115.8 121.2 121.2 113.9 109.4 107.7 105.9 103.8 105.8 112.7 118.3 115.6 105.1 86.3 -2.1 -2.1 -2.1 -2.1 -2.1 -2.1 -2.1 -2.1 -2.1 -2.1 -2.1 -2.1 -2.1 -2.1 -2.1 -2.1 -2.1 -2.1 -2.1 -2.1 -2.1 -2.1 -2.1 -2.1 -2.1 -2.1 -2.1 -2.1 -2.1
158.7 153.4 145.7 146.5 146.6 144.5 138.2 132.1 128 129.1 128 139.4 150.3 159 166.7 172.9 177.6 182.5 178.1 170.1 162.3 149.4 143.4 142.8 143.2 148.4 147.6 144.4 142.8 141.7 133.5 133.5 134.5 130.2 124.8 128.5 122.1 120.7 120.8 122.7 115.8 115.8 117 120.4 113 110.1 108.8 99.4 94.9 97.7 104.2 112.1 113.3 104.4 88.5 -2.1 -2.1 -2.1 -2.1 -2.1 -2.1 -2.1 -2.1 -2.1 -2.1 -2.1 -2.1 -2.1 -2.1 -2.1 -2.1 -2.1 -2.1 -2.1 -2.1 -2.1 -2.1 -2.1 -2.1 -2.1 -2.1 -2.1 -2.1 -2.1
159.5 155.8 148.5 145.9 144.2 142.7 140.4 132.2 127.4 127.8 127.4 135.3 147 154.8 163.1 170.8 176 179.9 178.5 172.7 163.7 151.1 144 143.9 146.7 148.9 150.9 147.2 141.9 141.6 134.8 133.5 137.8 132.6 124.8 126.9 121.9 120.7 120.7 122.4 118.6 117.2 115.3 118.7 113.6 112.8 110.2 100.9 91.8 87.7 92.9 108.2 108.3 99.4 89.1 -2.1 -2.1 -2.1 -2.1 -2.1 -2.1 -2.1 -2.1 -2.1 -2.1 -2.1 -2.1 -2.1 -2.1 -2.1 -2.1 -2.1 -2.1 -2.1 -2.1 -2.1 -2.1 -2.1 -2.1 -2.1 -2.1 -2.1 -2.1 -2.1
160.4 156.9 152.4 145.6 142.4 141 140.4 138.1 129.3 127.4 127.4 131.5 143.4 152.8 158.1 167.6 172.7 176.5 175.6 171.3 161.8 154.1 143.7 142.4 146.2 150.7 154.1 153.2 148.8 140.9 136.7 134.2 133.8 134.3 128.2 129.4 120.7 120.7 122.8 126.1 119.4 116.9 115.3 117.5 115 116.5 108.7 101.2 91 80.8 84.1 90.6 96.5 91.8 86.4 -2.1 -2.1 -2.1 -2.1 -2.1 -2.1 -2.1 -2.1 -2.1 -2.1 -2.1 -2.1 -2.1 -2.1 -2.1 -2.1 -2.1 -2.1 -2.1 -2.1 -2.1 -2.1 -2.1 -2.1 -2.1 -2.1 -2.1 -2.1 -2.1
161.1 159.6 154.3 146.4 141.4 142.2 141.9 140.6 133.5 127.5 127.4 127.4 140.1 152.3 157.2 162.8 168.8 171.4 173.2 168.8 162.9 153.2 143.5 140.7 143.6 148.1 154 160.8 149.2 141.7 134 134.2 133.3 134.7 127.7 124.8 122.7 120.7 120.6 122 121.4 118.8 115.3 118.5 114.6 113.9 109.4 100.1 92.1 77.9 78 79 83.1 82.8 73.5 -2.1 -2.1 -2.1 -2.1 -2.1 -2.1 -2.1 -2.1 -2.1 -2.1 -2.1 -2.1 -2.1 -2.1 -2.1 -2.1 -2.1 -2.1 -2.1 -2.1 -2.1 -2.1 -2.1 -2.1 -2.1 -2.1 -2.1 -2.1 -2.1
159.7 158.9 153.5 146.7 140.5 141.1 144.1 144.1 139.9 137.5 127.4 127.6 136.1 148.3 154.8 159.1 164.9 169.4 172 166.9 161.1 151.9 139.8 138.3 139.5 145.1 148.9 150.2 143 138.5 132.7 132.4 133.4 131.9 131.5 124.9 124.8 120.9 121.3 124.5 121.7 118.3 115.5 115.8 114.8 113.4 108.4 101.1 92.7 82.2 74.8 75.8 73 75.4 54.9 -2.1 -2.1 -2.1 -2.1 -2.1 -2.1 -2.1 -2.1 -2.1 -2.1 -2.1 -2.1 -2.1 -2.1 -2.1 -2.1 -2.1 -2.1 -2.1 -2.1 -2.1 -2.1 -2.1 -2.1 -2.1 -2.1 -2.1 -2.1 -2.1
159.4 159.1 155.9 146.8 141.6 140.5 141.6 147.3 144.8 143.7 135.6 129.4 134.9 139.3 150.8 154.4 160.9 167 169.1 168.2 160.6 150.5 138.6 133.1 132 139.8 144.2 146.2 140.5 133.3 130.5 130.4 132.9 133.9 130.8 130.6 128.1 120.1 120.7 128.9 124.6 118.1 115.7 112 114.4 118 108.3 100.5 89 75.4 68.4 65.3 64.6 61.8 42.7 -2.1 -2.1 -2.1 -2.1 -2.1 -2.1 -2.1 -2.1 -2.1 -2.1 -2.1 -2.1 -2.1 -2.1 -2.1 -2.1 -2.1 -2.1 -2.1 -2.1 -2.1 -2.1 -2.1 -2.1 -2.1 -2.1 -2.1 -2.1 -2.1
159.7 160 158.2 154.4 143.8 140.5 140.5 146.4 150.4 149.3 143.7 137.1 133.5 137.1 142.5 150.4 154.8 164.7 166.7 165.2 157.6 143.8 138.3 130 126.6 136 141.7 143.8 139.8 133.5 128.4 126.7 130.5 131.3 129.1 128.5 125.7 120.1 122 128.7 127.4 121.6 118.4 108.9 113.9 121.5 109.2 96.7 82.4 57.8 17 -2.1 -2.1 -2.1 -2.1 -2.1 -2.1 -2.1 -2.1 -2.1 -2.1 -2.1 -2.1 -2.1 -2.1 -2.1 -2.1 -2.1 -2.1 -2.1 -2.1 -2.1 -2.1 -2.1 -2.1 -2.1 -2.1 -2.1 -2.1 -2.1 -2.1 -2.1 -2.1 -2.1
160.8 160.8 162.1 158.6 148.7 140.5 142.2 147.8 154.6 151 147.9 146.3 134.6 133.8 139.1 145.5 149.8 157.5 163.7 156.9 153.5 141.6 136.4 127.5 125.2 125.9 137.7 142.3 138 132.6 127.7 125.9 127.9 130.2 130.2 130.1 125.6 121.4 120.2 130.2 127.4 121.3 117.8 111 110.4 108.8 105.7 86.9 52.9 36.2 -2.1 -2.1 -2.1 -2.1 -2.1 -2.1 -2.1 -2.1 -2.1 -2.1 -2.1 -2.1 -2.1 -2.1 -2.1 -2.1 -2.1 -2.1 -2.1 -2.1 -2.1 -2.1 -2.1 -2.1 -2.1 -2.1 -2.1 -2.1 -2.1 -2.1 -2.1 -2.1 -2.1 -2.1
160.2 164.9 165.5 159.2 147.6 140.5 142.8 150.2 154.4 154.5 153.4 149.9 139.7 133.2 135.5 142.6 147.6 153.7 158.6 156.9 144.6 140.1 134.9 124.8 122.5 123.7 131.3 135.2 137.7 134.2 129.4 126.3 124.9 129 129.6 130 125.6 124.5 120.6 126.8 133 122.9 121.7 116.5 110 107.4 98 71.4 48.7 23.6 -2.1 -2.1 -2.1 -2.1 -2.1 -2.1 -2.1 -2.1 -2.1 -2.1 -2.1 -2.1 -2.1 -2.1 -2.1 -2.1 -2.1 -2.1 -2.1 -2.1 -2.1 -2.1 -2.1 -2.1 -2.1 -2.1 -2.1 -2.1 -2.1 -2.1 -2.1 -2.1 -2.1 -2.1
156.6 166 166.4 161.7 147.4 140.5 144.4 151.8 157 161.1 160.3 154.2 144 136.3 136.3 140.6 146.2 152.5 156 155.7 145.9 138.8 135.1 124.2 122.3 122.3 126 133.1 138.1 138.6 130.9 130 125.7 126.1 125.8 126.7 123.7 119.1 119.9 123.3 129.7 131.2 129.9 123.1 117.3 106.2 91.6 68.7 21.6 -2.1 -2.1 -2.1 -2.1 -2.1 -2.1 -2.1 -2.1 -2.1 -2.1 -2.1 -2.1 -2.1 -2.1 -2.1 -2.1 -2.1 -2.1 -2.1 -2.1 -2.1 -2.1 -2.1 -2.1 -2.1 -2.1 -2.1 -2.1 -2.1 -2.1 -2.1 -2.1 -2.1 -2.1 -2.1
154.6 160.9 162.7 159.9 148.5 141.7 144.9 154.9 161.1 165.7 166.9 163.5 154.6 144.7 141.5 140.5 144.5 151.5 154.8 153.7 145.5 139.3 135 129 122.3 122.3 122.6 132 141 139.6 135.5 131.3 129.2 124.1 126.4 123.9 121.6 117.1 116.1 119.1 131.6 135.1 142.2 126.5 115.2 98.6 86.7 65.6 10.2 -2.1 -2.1 -2.1 -2.1 -2.1 -2.1 -2.1 -2.1 -2.1 -2.1 -2.1 -2.1 -2.1 -2.1 -2.1 -2.1 -2.1 -2.1 -2.1 -2.1 -2.1 -2.1 -2.1 -2.1 -2.1 -2.1 -2.1 -2.1 -2.1 -2.1 -2.1 -2.1 -2.1 -2.1 -2.1
156.3 159.8 159.8 155.7 146.4 146.7 149 156.1 165.1 170.2 173.7 173.3 163.6 153.3 138.7 138.7 143.9 147.6 157.7 157.7 147.7 142.4 136 131.3 122.3 122.3 123.9 129.9 142 142.2 140.4 136 132.2 125.2 121.1 119.3 120.6 113.4 116.1 119.6 130.2 134.8 138.3 134 114.2 92.3 77.6 32.7 -2.1 -2.1 -2.1 -2.1 -2.1 -2.1 -2.1 -2.1 -2.1 -2.1 -2.1 -2.1 -2.1 -2.1 -2.1 -2.1 -2.1 -2.1 -2.1 -2.1 -2.1 -2.1 -2.1 -2.1 -2.1 -2.1 -2.1 -2.1 -2.1 -2.1 -2.1 -2.1 -2.1 -2.1 -2.1 -2.1
154.9 157.4 159.5 156.4 152.3 149.4 148.3 156.8 165.9 172.7 180.7 178.8 170.5 162.8 141.3 138.7 140 145.8 154.1 152.7 146.2 143.1 137.3 134.5 127.3 122.3 122.3 132.2 139.5 142.8 142.3 138.1 131.2 126.6 122.6 113.4 113.6 113.4 113.4 119.2 129.1 134.4 134.6 129.1 112 93.3 61.7 30.6 -2.1 -2.1 -2.1 -2.1 -2.1 -2.1 -2.1 -2.1 -2.1 -2.1 -2.1 -2.1 -2.1 -2.1 -2.1 -2.1 -2.1 -2.1 -2.1 -2.1 -2.1 -2.1 -2.1 -2.1 -2.1 -2.1 -2.1 -2.1 -2.1 -2.1 -2.1 -2.1 -2.1 -2.1 -2.1 -2.1
152.7 155.9 158.3 156.2 153.3 150.4 149.6 155.7 165 173.1 180 180.1 171.2 171.1 153.7 138.7 138.7 144.1 151 150.5 141.8 138.8 136.2 135 126 122.4 125.1 133.7 133.9 140.2 140.8 138.2 130 124 123.5 113.4 113.4 113.4 113.4 117.6 124.5 135.1 131.6 123.1 107.4 94 48.8 -2.1 -2.1 -2.1 -2.1 -2.1 -2.1 -2.1 -2.1 -2.1 -2.1 -2.1 -2.1 -2.1 -2.1 -2.1 -2.1 -2.1 -2.1 -2.1 -2.1 -2.1 -2.1 -2.1 -2.1 -2.1 -2.1 -2.1 -2.1 -2.1 -2.1 -2.1 -2.1 -2.1 -2.1 -2.1 -2.1 -2.1
