data/NB91.asc
ncols 200
nrows 200
xllcorner 190000
yllcorner 910000
cellsize 50
[rows 45 to 89 of 200, columns 96 to 191 of 200]
-2 -2 -2 -2 -2 -2 -2 -2 -2 -2 -2 -2 -2 -2 -2 -2 -2 -2 -2 -2 -2 -2 -2 -2 -2 -2 -2 -2 -2 -2 -2 -2 -2 -2 -2 -2 -2 -2 -2 -2 -2 -2 -2 -2 -2 -2 -2 -2 -2 -2 -2 -2 -2 1.1 2.2 11.3 11.6 24.3 34.8 40.1 25.7 25.6 34.3 42.8 46.6 44.1 40.4 38.1 36.3 34.8 34.4 34 30.4 23.9 21.5 3.4 1.5 2.4 12.3 12.4 1.8 -2 -2 -2 -2 -2 -2 -2 -2 -2 -2 -2 -2 -2 -2 -2
-2 -2 -2 -2 -2 -2 -2 -2 -2 -2 -2 -2 -2 -2 -2 -2 -2 -2 -2 -2 -2 -2 -2 -2 -2 -2 -2 -2 -2 -2 -2 -2 -2 -2 -2 -2 -2 -2 -2 -2 -2 -2 -2 -2 -2 -2 -2 -2 -2 -2 -2 -2 -2 12 10.9 9.6 18.6 29.7 37.2 38.1 27.7 25.6 31.4 44.7 50 45 39.4 34.6 34.6 34.6 34.6 34.9 32.5 30.7 26.8 20.8 23 23.4 22.9 21.5 8.5 1.4 2.2 -2 -2 -2 -2 -2 -2 -2 -2 -2 -2 -2 -2 -2
-2 -2 -2 -2 -2 -2 -2 -2 -2 -2 -2 -2 -2 -2 -2 -2 -2 -2 -2 -2 -2 -2 -2 -2 -2 -2 -2 -2 -2 -2 -2 -2 -2 -2 -2 -2 -2 -2 -2 -2 -2 -2 -2 -2 -2 -2 -2 -2 -2 -2 -2 -2 -2 10.7 10.1 8.7 26.8 35.7 39.4 39 33.9 27 34.5 47.2 47.6 43.5 38.7 34.6 34.6 34.6 34.6 35.6 35 33.9 33 29.7 28.9 28.8 26.8 25.6 23.9 21.1 18 2.4 0 -2 -2 -2 -2 -2 -2 -2 -2 -2 -2 -2
-2 -2 -2 -2 -2 -2 -2 -2 -2 -2 -2 -2 -2 -2 -2 -2 -2 -2 -2 -2 -2 -2 -2 -2 -2 -2 -2 -2 -2 -2 -2 -2 -2 -2 -2 -2 -2 -2 -2 -2 -2 -2 -2 -2 -2 -2 -2 -2 -2 -2 -2 -2 -2 9.2 -2 7.8 27.5 35.6 39.3 38.4 39.7 28.6 38.6 43.3 41.2 37 35.2 34.6 34.6 34.6 34.6 34.6 34.8 35.7 35.4 34.7 33.6 31.3 29.2 27.8 26.3 25.5 23.8 15.5 2.3 0.4 -2 -2 -2 -2 -2 -2 -2 -2 -2 -2
-2 -2 -2 -2 -2 -2 -2 -2 -2 -2 -2 -2 -2 -2 -2 -2 -2 -2 -2 -2 -2 -2 -2 -2 -2 -2 -2 -2 -2 -2 -2 -2 -2 -2 -2 -2 -2 -2 -2 -2 -2 -2 -2 -2 -2 -2 -2 -2 -2 -2 -2 -2 -2 1.4 -2 13.7 25.6 28.8 28.7 30.4 29.7 23.9 31.8 34.2 31.7 33.3 34.9 34.6 34.6 34.6 34.6 36.9 36.8 36.9 36.6 36.6 36 34 33 31.9 29.9 27.4 25.9 20.5 12.8 1.6 -2 -2 -2 -2 -2 -2 -2 -2 -2 -2
-2 -2 -2 -2 -2 -2 -2 -2 -2 -2 -2 -2 -2 -2 -2 -2 -2 -2 -2 -2 -2 -2 -2 -2 -2 -2 -2 -2 -2 -2 -2 -2 -2 -2 -2 -2 -2 -2 -2 -2 -2 -2 -2 -2 -2 -2 -2 -2 -2 -2 -2 -2 -2 -2 -2 18.2 20.8 22.9 24.6 24.7 23 15.4 21 26.4 25.2 33 41 34.6 34.6 34.6 36.5 40.6 39.8 38.5 38.2 38.4 38.8 37.8 36.9 35.9 33.7 31.5 28.7 24.7 19.7 2.4 1.7 -2 -2 -2 -2 -2 -2 -2 -2 -2
-2 -2 -2 -2 -2 -2 -2 -2 -2 -2 -2 -2 -2 -2 -2 -2 -2 -2 -2 -2 -2 -2 -2 -2 -2 -2 -2 -2 -2 -2 -2 -2 -2 -2 -2 -2 -2 -2 -2 -2 -2 -2 -2 -2 -2 -2 -2 -2 -2 -2 -2 -2 -2 -2 3 13.9 12.6 21 21.1 19.5 16.2 11.1 14.9 20.2 28 36 40.4 36 36.4 35.1 38.2 40.7 41.2 40.1 39.2 40.2 41.6 41.5 40.5 39.2 37.5 35.4 32.6 28.9 25.2 21 9.9 -2 -2 -2 -2 -2 -2 -2 -2 -2
-2 -2 -2 -2 -2 -2 -2 -2 -2 -2 -2 -2 -2 -2 -2 -2 -2 -2 -2 -2 -2 -2 -2 -2 -2 -2 -2 -2 -2 -2 -2 -2 -2 -2 -2 -2 -2 -2 -2 -2 -2 -2 -2 -2 -2 -2 -2 -2 -2 -2 -2 -2 -2 -2 1.1 2.4 2.4 17.2 16.1 11.9 10.9 10.9 13.3 25.2 32.3 39.3 40.6 41.3 44.5 39.9 39 39.8 41 40.9 39 41.5 43.5 44.5 43.6 42 40.6 38.9 36.4 32.8 28.3 24.7 8 -2 -2 -2 -2 -2 -2 -2 -2 -2
-2 -2 -2 -2 -2 -2 -2 -2 -2 -2 -2 -2 -2 -2 -2 -2 -2 -2 -2 -2 -2 -2 -2 -2 -2 -2 -2 -2 -2 -2 -2 -2 -2 -2 -2 -2 -2 -2 -2 -2 -2 -2 -2 -2 -2 -2 -2 0.6 -2 -2 -2 -2 -2 -2 0 2.4 2.8 10.3 11 10.9 10.9 10.9 18.2 29.4 32.4 35.2 34.8 38.7 49 41.9 39.1 42.6 46.2 43.1 42.7 44.6 47.7 48.1 46.5 44.9 43.5 42.6 39.9 36.8 31.8 27.1 22.5 -2 -2 -2 -2 -2 -2 -2 -2 -2
-2 -2 -2 -2 -2 -2 -2 -2 -2 -2 -2 -2 -2 -2 -2 -2 -2 -2 -2 -2 -2 -2 -2 -2 -2 -2 -2 -2 -2 -2 -2 -2 -2 -2 -2 -2 -2 -2 -2 -2 -2 -2 -2 -2 2.2 2.4 2.4 2.6 -2 -2 -2 -2 -2 -2 -2 4.6 9.8 11 14.2 19.2 10.9 11.1 17.9 27.6 30.6 33.5 33.5 34.6 41.6 39 41.3 50 48.6 46.3 47.4 48.3 50.6 50.1 48.8 47.4 47.6 47 44.1 41.2 36.7 32 19.2 0.2 -2 20 1 -2 -2 -2 -2 -2
-2 -2 -2 -2 -2 -2 -2 -2 -2 -2 -2 -2 -2 -2 -2 -2 -2 -2 -2 -2 -2 -2 -2 -2 -2 -2 -2 -2 -2 -2 -2 -2 -2 -2 -2 -2 -2 -2 -2 -2 -2 -2 -2 1.3 2.4 11.6 11.7 7.2 -2 -2 -2 -2 -2 -2 -2 5.7 15 20 20.4 20.2 17 19.8 21.7 27.9 31.1 33.5 33.5 33.5 36.8 38.1 43.8 51.4 51.2 49.5 49 49 51 51.3 50.6 49.4 49.9 50.8 48.5 45.2 42.8 38.3 13 2.4 13.8 21.6 2.1 0.2 -2 -2 -2 -2
-2 -2 -2 -2 -2 -2 -2 -2 -2 -2 -2 -2 -2 -2 -2 -2 -2 -2 -2 -2 -2 -2 -2 -2 -2 -2 -2 -2 -2 -2 -2 -2 -2 -2 -2 -2 -2 -2 -2 -2 -2 -2 -2 2.2 10 11 8.8 10.6 2.4 -2 -2 -2 -2 -2 -2 2.3 17.3 21.6 24.2 24.4 24.8 27.5 28.7 29 31.1 33.5 39.6 33.5 34.8 38.4 44.9 55.5 58.8 52.4 50.6 48.9 51.1 51.3 51.6 51.5 50.7 51 50.6 47.6 46.3 45.2 40.4 35.7 30.1 27.2 2.4 2 -2 -2 -2 -2
-2 -2 -2 -2 -2 -2 -2 -2 -2 -2 -2 -2 -2 -2 -2 -2 -2 -2 -2 -2 -2 -2 -2 -2 -2 -2 -2 -2 -2 -2 -2 -2 -2 -2 -2 -2 -2 -2 -2 -2 -2 -2 -2 1.3 12 13 13.3 12.3 2.4 2.7 -2 -2 -2 -2 -2 2.4 17.7 23.7 27 28 29.9 33.8 23.2 28.5 33.8 35.3 34.3 36 35.1 40.7 47.8 57.9 58 52.2 47.5 46.8 50.4 50.7 51.9 52.8 52.8 51.2 50.8 50 49.2 49.2 48.1 44.1 39.7 35.7 30.9 21.7 2.1 1.7 -2 -2
-2 -2 -2 -2 -2 -2 -2 -2 -2 -2 -2 -2 -2 -2 -2 -2 -2 -2 -2 -2 -2 -2 -2 -2 -2 -2 -2 -2 -2 -2 -2 -2 -2 -2 -2 -2 -2 -2 -2 -2 -2 -2 -0.3 5.1 12.4 15.9 17.5 16.7 8.7 10.1 2.4 2.9 2.4 2.4 4.1 11.3 18.4 23.1 25 22.1 27.2 29 23.2 30.2 38.6 37.6 35.8 38.4 37.6 40.2 47.5 51.9 55.2 50 46.4 46.5 50.8 51.7 52.8 53.6 54.5 53.4 51.7 50.6 51.8 52.1 50.5 47.7 43.9 39.9 37.1 34.7 30.3 27.6 -2 -2
-2 -2 -2 -2 -2 -2 -2 -2 -2 -2 -2 -2 -2 -2 -2 -2 -2 -2 -2 -2 -2 -2 -2 -2 -2 -2 -2 -2 -2 -2 -2 -2 -2 -2 -2 -2 -2 -2 -2 -2 -2 -2 0.9 10.7 13 17.7 18.9 20.4 20.8 15.9 4.5 6.5 11.1 14.1 19.2 19 19.3 20.4 23 22.1 25.4 23.2 23.2 29.2 38.8 39.2 37.4 37.4 37.4 39.1 48.9 50.9 49.6 47.1 46.4 47.2 53.3 52.8 53.9 55 55.9 55.8 54.8 51.8 50.8 51.1 52.6 51.1 47.4 43.3 40 38.1 33.8 21.5 9.4 0.7
-2 -2 -2 -2 -2 -2 -2 -2 -2 -2 -2 -2 -2 -2 -2 -2 -2 -2 -2 -2 -2 -2 -2 -2 -2 -2 -2 -2 -2 -2 -2 -2 -2 -2 -2 -2 -2 -2 -2 -2 -2 -2 1.1 6.7 13 16.8 18.7 19.1 20 19.6 14.5 16.8 18.7 19 19.3 19.4 20.3 21.8 22.8 22.1 22.1 25.1 29.6 30.3 36.1 39.4 37.4 37.4 37.4 41.6 49.8 51 49.3 46.4 46.4 48.3 56.1 58.3 55.7 56.5 57.3 57.1 56.3 54.1 51.4 50.7 51 51 50.4 48.3 45.7 42.3 37.8 28.4 37.1 33.3
-2 -2 -2 -2 -2 -2 -2 -2 -2 -2 -2 -2 -2 -2 -2 -2 -2 -2 -2 -2 -2 -2 -2 -2 -2 -2 -2 -2 -2 -2 -2 -2 -2 -2 -2 -2 -2 -2 -2 -2 -2 -2 0.5 4.7 11.4 15.5 17.5 18.9 19.2 20 20.5 21.1 22 22.2 22.5 23.5 23.3 24.5 22.1 22.1 22.1 29.1 30.9 32.2 36.7 40.9 42.4 45.2 45 49.5 52.9 51.7 46.4 46.4 46.4 46.4 55.1 60.2 58.2 58.2 58.5 58.2 56.6 54.4 52.2 50.6 50.6 50.8 49.8 48.4 46.8 44.2 41.5 41.1 39.7 36.8
-2 -2 -2 -2 -2 -2 -2 -2 -2 -2 -2 -2 -2 -2 -2 -2 -2 -2 -2 -2 -2 -2 -2 -2 -2 -2 -2 -2 -2 -2 -2 -2 -2 -2 -2 -2 -2 -2 -2 -2 -2 -2 -2 2.6 10.6 13.3 15.2 18.8 21 21.5 21.5 23.7 25.8 25.9 25.9 26.1 26.9 26.7 25.2 25.1 28.4 30 31.2 32.6 37 42.4 49.4 50.5 49.8 53.2 57.2 58.9 46.4 46.4 46.4 46.4 46.4 54 57.3 60.1 59.9 58.8 56.8 54.7 51.8 50.3 50.9 49.7 48.2 46.8 45.3 43.5 41.7 41.2 40.4 37.4
-2 -2 -2 -2 -2 -2 -2 -2 -2 -2 -2 -2 -2 -2 -2 -2 -2 -2 -2 -2 -2 -2 -2 -2 -2 -2 -2 -2 -2 -2 -2 -2 -2 -2 -2 -2 -2 -2 -2 -2 -2 -2 -2 1.1 7.5 11 10.4 14.2 19.6 21.4 23 26 29.1 29.6 28.8 28 28.9 30 29.5 30.2 31 31.1 31.6 32.4 37.5 41.6 49.2 50.7 52.9 55.7 59.3 60.5 55.8 48.9 46.4 46.4 46.7 52.8 56.9 59.9 59.5 58.4 55.8 53 50.5 50.3 49.3 48.1 46.7 45 44.2 43.1 41.7 40.5 40.8 37.7
-2 -2 -2 -2 -2 -2 -2 -2 -2 -2 -2 -2 -2 -2 -2 -2 -2 -2 -2 -2 -2 -2 -2 -2 -2 -2 -2 -2 -2 -2 -2 -2 -2 -2 -2 -2 -2 -2 -2 -2 -2 -2 -2 1.7 2.5 10.6 12 12.2 15.3 17.9 22.1 26.1 29.5 29.8 29.5 29.3 29.4 30.2 30.2 31.3 31.6 31.7 32.1 32.8 36 40.4 46.8 50.4 53.9 58 60.7 60.8 61 60.6 52 46.4 50.4 54.3 58.5 60.8 59.3 57 53.6 51.3 50.6 49 47.5 46.4 45.4 45.1 43.8 43.2 41.7 40.4 40 38.6
-2 -2 -2 -2 -2 -2 -2 -2 -2 -2 -2 -2 -2 -2 -2 -2 -2 -2 -2 -2 -2 -2 -2 -2 -2 -2 -2 -2 -2 -2 -2 -2 -2 -2 -2 -2 -2 -2 -2 -2 -2 -2 1 5.5 9.2 12.2 11.9 11.3 11.7 15 19.6 23 26 25.7 27.2 27.7 28.2 28 29.3 31 31.7 32.3 32.5 33.2 35.5 39.8 44 47.7 50.3 56 60.8 60.3 61 63.3 57.9 51.7 51.9 55.9 60 60.2 60.3 58.1 54.1 50.1 49.2 48.5 47.7 46.6 45.8 45.6 46 45.1 43.1 41.1 38.9 39
-2 -2 -2 -2 -2 -2 -2 -2 -2 -2 -2 -2 -2 -2 -2 -2 -2 -2 -2 -2 -2 -2 -2 -2 -2 -2 -2 -2 -2 -2 -2 -2 -2 -2 -2 -2 -2 -2 -2 -2 -2 2.7 4.6 15.3 14.8 12.5 11.8 11 11.4 12.2 16.7 19.1 21.2 21.8 22.7 24.2 24.6 26.5 28.4 30.4 31.5 32.2 32.9 34.2 36 38.7 42.2 45.4 48.3 52.5 55.6 59.2 60.3 68.4 61.1 53.6 53.8 57.6 60.9 59.4 59.4 60.3 55.1 50 49.1 48.9 47.9 46.8 46.2 46.4 47.8 48.5 46.4 43.3 40.2 39.2
-2 -2 -2 -2 -2 -2 -2 -2 -2 -2 -2 -2 -2 -2 -2 -2 -2 -2 -2 -2 -2 -2 -2 -2 -2 -2 -2 -2 -2 -2 -2 -2 -2 -2 -2 -2 -2 -2 -2 -2 -2 11.1 11.2 19.2 19.3 13.8 12.5 11.2 11.3 12.3 13.7 16.1 17.9 19.3 20.9 21.9 23.7 25.6 27.5 29.4 30.8 31 31.8 33.5 35.3 38 41 44.8 48.2 49 52 55 58.6 63.5 62.5 57.8 55.5 59.4 63 63.8 66.4 63.9 57.2 53.3 51.2 49.5 48.8 47.8 47.8 47.5 48.8 50.8 48.5 45.4 43.3 41.5
-2 -2 -2 -2 -2 -2 -2 -2 -2 -2 -2 -2 -2 -2 -2 -2 -2 -2 -2 -2 -2 -2 -2 -2 -2 -2 -2 -2 -2 -2 -2 -2 -2 -2 -2 -2 -2 -2 -2 -2 -2 -2 15.2 21.4 21 13.8 12.4 12.7 14.4 14.7 14.8 15.2 17.3 19 20.6 21.6 23 24.8 26.7 28.5 28.4 29.4 30.7 30.7 32.7 36.1 40 44.5 49.7 50.1 49.4 51.4 54.7 59.5 58.6 55.8 59.1 64.1 67.9 70.4 70.9 69.6 61.9 58.5 54.8 52.9 50.6 49.4 48.6 48.3 48.9 50.6 50.7 48.1 48.1 46.7
-2 -2 -2 -2 -2 -2 -2 -2 -2 -2 -2 -2 -2 -2 -2 -2 -2 -2 -2 -2 -2 -2 -2 -2 -2 -2 -2 -2 -2 -2 -2 -2 -2 -2 -2 -2 -2 -2 -2 -0.1 0.2 -2 19.3 22.9 19.7 17 16.3 16.1 17.6 17.6 17.6 17.5 17.8 19.1 20.2 21.3 22.3 23.9 24.6 23.7 24.3 24.9 27.2 28.2 30.5 33.5 37.4 41.8 48 50.3 50.1 52.2 50.9 52.9 53.1 55.5 61.1 68 72.5 76.1 76 71 66 63.6 59.5 56.5 56.4 54 49 49.2 49.8 50.4 51.3 52 52.2 52.3
-2 -2 -2 -2 -2 -2 -2 -2 -2 -2 -2 -2 -2 -2 -2 -2 -2 -2 -2 -2 -2 -2 -2 -2 -2 -2 -2 -2 -2 -2 -2 -2 -2 -2 -2 -2 -2 -2 -2 2.4 7.7 7.4 22.8 27.2 23.4 22.6 21.5 20.9 21 21.9 21.6 20.3 20 19.8 19.9 20.8 21.5 21.2 21.1 20.5 20.5 20.6 21.6 24.5 27.9 31 34.7 39.5 45 47.9 49.5 50.8 49.6 50.6 48.4 52.1 60.7 68.1 72.3 78 79.7 74.8 70.7 70.8 65.6 60.3 60.5 60.3 54.3 51.1 51.8 52.8 53.6 54.5 55.1 56
-2 -2 -2 -2 -2 -2 -2 -2 -2 -2 -2 -2 -2 -2 -2 -2 -2 -2 -2 -2 -2 -2 -2 -2 -2 -2 -2 -2 -2 -2 -2 -2 -2 -2 -2 -2 -2 -2 2.9 13.9 19.5 17.3 21.3 28.5 29.8 31.2 30.1 27.8 27.3 26.3 24.9 23.6 22.5 21.7 21.4 21.2 20.6 20.5 20.5 20.5 20.5 20.5 20.5 21.5 24.9 28.6 32.2 37.1 42 44.8 47 50.6 50.3 48.4 48.4 48.6 56.5 64.5 69.2 75.7 78.7 77.6 71.4 71.2 68.5 64.9 62.6 60.6 59.2 56.5 53.9 55.1 56 56.8 58.2 60.6
-2 -2 -2 -2 -2 -2 -2 -2 -2 -2 -2 -2 -2 -2 -2 -2 -2 -2 -2 -2 -2 -2 -2 -2 -2 -2 -2 -2 -2 -2 -2 -2 -2 -2 -2 -2 -2 -2 2.4 16.9 24.5 23.9 24.8 29.7 32.1 33.9 34 32.8 31.5 30.3 28.2 25.9 23.9 23.1 22.6 23.1 23.8 22.8 20.5 20.5 20.5 20.5 20.5 20.5 21.9 25.6 29.7 34.5 38.9 41.6 45.2 48.8 50 48.6 48.4 48.4 53.9 60.6 66.3 71 72.3 71.9 69.3 70.6 69.3 69.1 66.8 63.6 60.1 57.9 56.3 57.9 59.2 60.4 63.5 67.3
-2 -2 -2 -2 -2 -2 -2 -2 -2 -2 -2 -2 -2 -2 -2 -2 -2 -2 -2 -2 -2 -2 -2 -2 -2 -2 -2 -2 -2 -2 -2 -2 -2 -2 -0.1 2.9 0.6 -2 4.7 21 26.7 23.4 23.2 30.5 34.7 36.2 37.3 36.4 35.2 33.9 30.7 28.1 26 24.9 23.9 24 23.8 23.4 21.1 20.5 20.5 20.5 20.5 20.5 20.5 23.9 27.6 31.1 35 39 43.5 47.8 50.3 49.5 49.8 48.4 53.2 57.3 60.5 66.9 68.5 68.2 68.5 69.2 69.1 69 70 63.5 60.9 58 57.5 59.8 62.3 65.9 70.2 71
-2 -2 -2 -2 -2 -2 -2 -2 -2 -2 -2 -2 -2 -2 -2 -2 -2 -2 -2 -2 -2 -2 -2 -2 -2 -2 -2 -2 -2 -2 -2 -2 -2 -2 -2 1.7 2.4 2.4 15.7 19.2 20.9 19.6 21 30.8 35.7 38.4 39.7 39 38.5 37.5 34.8 30.3 28.2 27 25.3 24.2 23.9 23.7 20.5 20.5 20.5 20.5 20.5 20.5 20.5 23.6 26.5 30 33.1 37.3 40.5 45 49.1 49.3 51.5 52.9 53.5 55.3 57.5 60.7 62.5 63.7 64.7 65.7 67.1 67.1 62.3 58.8 58.1 56.7 56.7 58.9 65.8 70.5 70.7 70.7
-2 -2 -2 -2 -2 -2 -2 -2 -2 -2 -2 -2 -2 -2 -2 -2 -2 -2 -2 -2 -2 -2 -2 -2 -2 -2 -2 -2 -2 -2 -2 -2 -2 -2 -2 -0.1 2.3 7.3 19.7 19.7 19.9 19.1 19 26.9 33.8 40.8 41.5 41.1 40.1 40.6 40 34.5 30.6 28.9 27.1 25.7 25.2 24.3 21.9 20.5 20.5 20.5 20.5 20.5 20.5 22 25.8 29.1 32.3 36.3 38.9 42.5 46.1 49 50.3 52.1 52.8 53.5 54.4 57.3 59.2 60.7 61.5 62.3 62.6 62.1 58.7 56.8 56.7 56.7 56.7 58.7 66.2 70.7 69.9 69.6
-2 -2 -2 -2 -2 -2 -2 -2 -2 -2 -2 -2 -2 -2 -2 -2 -2 -2 -2 -2 -2 -2 -2 -2 -2 -2 -2 -2 -2 -2 -2 -2 -2 -2 -2 -2 11 13.9 18.8 18.9 20.9 19.5 19 23.4 32.6 40.3 43.1 43.3 40.3 40.2 39.7 39.2 36.7 32.3 29.1 27.5 26.7 27.6 23.9 20.8 20.5 20.5 20.5 20.5 20.5 20.5 25.1 28.3 31.9 34.6 37.4 40.9 44.1 47.2 48.8 51.1 51.9 52.6 53.5 54 56.1 57.7 58.6 59.4 59.2 59.4 58.6 57.4 56.7 56.7 56.9 59.6 64.6 69.5 69.2 69.6
-2 -2 -2 -2 -2 -2 -2 -2 -2 -2 -2 -2 -2 -2 -2 -2 -2 -2 -2 -2 -2 -2 -2 -2 -2 -2 -2 -2 -2 -2 -2 -2 -2 -2 -2 -2 9.8 14.1 17.1 18.8 19.3 18.8 20.9 31.8 35 40.3 46.8 43.6 40 40 40.5 43 42 38.2 33 30.5 28.7 27.4 25.4 22.7 20.5 20.5 20.5 20.5 20.5 20.5 22.6 26.5 30.3 32.9 35.9 39.3 42.4 45.4 47.5 49.7 51 51.9 52.7 53.3 53.8 54.7 55.3 55.4 55.2 56.5 56.9 57.3 56.7 56.7 58.8 63.4 67.8 69.4 69.6 70.4
-2 -2 -2 -2 -2 -2 -2 -2 -2 -2 -2 -2 -2 -2 -2 -2 -2 -2 -2 -2 -2 -2 -2 -2 -2 -2 -2 -2 -2 -2 -2 -2 -2 -2 -2 -2 10 17.8 17.6 19 19.4 18.5 22.6 34.6 39.7 41.4 50 40 40 42.2 45.6 48.3 46.6 42.3 39.2 35.7 31.5 27.6 24.6 21.6 20.5 20.5 20.5 20.5 20.5 20.5 20.5 22 26.7 31.3 34.4 37.6 40.7 43.5 45.7 47.8 50.4 51.1 52 52.6 52.9 52.8 52.1 51.4 52 53.7 55.1 55.1 56.5 58.2 61 66 70 74.2 76.8 76.2
-2 -2 -2 -2 -2 -2 -2 -2 -2 -2 -2 -2 -2 -2 -2 -2 -2 -2 -2 -2 -2 -2 -2 -2 -2 -2 -2 -2 -2 -2 -2 -2 -2 -2 -2 20.8 21.7 20.7 19 19.8 19.5 19.3 24.1 32.1 37.8 44.1 49 40 41.7 49.6 51.7 51.8 49.1 46.1 43 40.3 36.4 30.9 26.6 22.5 20.5 20.5 20.5 20.5 20.5 20.5 20.5 20.5 28.4 29.6 31.4 35.4 38.6 41 43.3 45.5 48.9 50.9 51.5 51.6 51.3 51.2 49.3 47.5 49.1 50.8 52.5 54.4 56.6 59.4 62.1 65.2 69.3 74.5 81 79.3
-2 -2 -2 -2 -2 -2 -2 -2 -2 -2 -2 -2 -2 -2 -2 -2 -2 -2 -2 -2 -2 -2 -2 -2 -2 -2 -2 -2 -2 -2 -2 -2 -2 -2 -2 26.2 26.4 28.4 34.5 30.6 24.8 21 26.9 29.7 36.5 41.3 40.1 39.1 46.1 52.8 55.7 55.5 52.4 48.7 47.4 45.2 42.4 35.3 29.3 24 20.5 20.5 20.5 20.5 20.5 20.5 20.5 20.5 22.4 26.7 29.6 33 36.2 38.6 40.9 43.2 46.8 48.9 50.7 51.1 51 51 48.6 47.5 47.5 49.6 50.6 53 55.3 58.3 62.1 64.8 68.1 72.1 77.4 79.3
-2 -2 -2 -2 -2 -2 -2 -2 -2 -2 -2 -2 -2 -2 -2 -2 -2 -2 -2 -2 -2 -2 -2 -2 -2 -2 -2 -2 -2 -2 -2 -2 -2 2.6 19.6 23.8 28.6 33.6 39 34.6 30.6 31 30.9 35.2 39.4 40.6 39.1 39.5 47.4 53.1 59 59.2 56.1 50.7 49 48.4 45.6 39.1 32.2 25.9 20.5 20.5 20.5 20.5 20.5 20.5 20.5 20.5 20.7 24.7 28.6 31.1 33.5 35.9 38.3 40.8 43.3 45.4 48.4 49.8 51 51 49.2 47.5 47.5 47.5 49.2 51.2 53.9 57.2 61.4 64 68.2 71.6 76.3 78.3
-2 -2 -2 -2 -2 -2 -2 -2 -2 -2 -2 -2 -2 -2 -2 -2 -2 -2 -2 -2 -2 -2 -2 -2 -2 -2 -2 -2 -2 -2 -2 -2 0.9 3.2 17.2 22.2 26.6 30.8 36.3 38.8 38.8 32.9 34.6 38.8 39.1 38.6 39.6 41.6 50.2 56.5 61.6 61.1 56.3 49.5 48.4 48.5 43.5 39.2 32.9 26.8 20.6 20.5 20.5 20.5 20.5 20.5 20.5 20.5 20.5 27.7 28.6 29.5 31.3 33.8 36.3 38.8 40.2 41.8 44.7 47.3 49.2 50.4 49.1 47.5 47.5 47.5 47.5 49.2 52.3 56.5 60.7 63.5 68.2 71.8 75.2 77.4
-2 -2 -2 -2 -2 -2 -2 -2 -2 -2 -2 -2 -2 -2 -2 -2 -2 -2 -2 -2 -2 -2 -2 -2 -2 -2 -2 -2 -2 -2 -2 -2 -2 2 20.3 23.7 28.2 30.9 31.7 36.4 34.9 31.6 33.7 35.6 35.4 36.8 43.9 49 51.2 59.4 60.9 61.3 53.9 46.8 43.8 43.6 41 40.8 34.9 28.1 20.5 20.5 20.5 20.5 20.5 20.5 20.5 20.5 20.5 25.5 27.1 28.4 29.4 31.8 34.3 36.7 38 39.4 40.8 42.6 45.1 47.5 47.1 46.8 47.5 47.5 47.5 47.5 49.7 54.9 60 63.3 67.9 71.3 74.2 76.9
-2 -2 -2 -2 -2 -2 -2 -2 -2 -2 -2 -2 -2 -2 -2 -2 -2 -2 -2 -2 -2 -2 -2 -2 -2 -2 -2 -2 -2 -2 -2 -2 -2 3.4 17.2 23.6 27.5 29.2 22.2 25 26.7 27.4 31.6 31.6 30.2 34.4 42.3 44 46.5 55.3 59.2 52.5 45.7 42.1 40.6 40.7 41 39.9 35.9 29.9 20.5 20.5 20.5 20.5 20.5 20.5 20.5 20.5 20.5 23 25.4 27.3 28.3 30 32.7 34.7 36 37.4 38.8 40.6 42.5 44.5 45.1 45.8 46.8 47.5 47.5 47.5 47.5 52.1 57.6 60.4 65.4 70.3 72.8 75.8
-2 -2 -2 -2 -2 -2 -2 -2 -2 -2 -2 -2 -2 -2 -2 -2 -2 -2 -2 -2 -2 -2 -2 -2 -2 -2 -2 -2 -2 -2 -2 -2 1.9 10.6 20.2 20.6 22.8 22.5 6.4 19.7 18.2 22.2 27 26.8 27.3 31.8 36 39.8 41.6 50.2 52.6 42.6 40.7 39 39.8 39.1 39.1 39.4 36.8 29.6 23.6 20.5 20.5 20.5 20.5 20.5 20.5 20.5 20.5 21.4 24 26.8 29.4 29.8 31.5 33 34.8 36.6 37.9 39 40.5 42.4 43.9 44.4 45.5 46.3 47.5 47.5 47.5 49.1 54.1 58.5 63.4 69.5 72.8 75.6
-2 -2 -2 -2 -2 -2 -2 -2 -2 -2 -2 -2 -2 -2 -2 -2 -2 -2 -2 -2 -2 -2 -2 -2 -2 -2 -2 -2 -2 -2 -2 -2 0.1 5.3 12 13.7 11.9 -2 -2 2.4 11 20.6 21.6 20 21.2 29.2 30.9 33.2 37.9 39.3 38.9 39.2 38.5 41.4 42.6 39.3 39.4 39.7 40.1 31.6 25.9 22 20.5 20.5 20.5 20.5 20.5 20.5 20.5 20.9 23.4 26.3 29.5 31.1 31.5 32.5 34.3 35.9 36.9 38 39.1 40.4 42.3 43 44 44.7 46.1 47.2 48.1 49.4 52.7 57.8 62 69 71.8 74.2
-2 -2 -2 -2 -2 -2 -2 -2 -2 -2 -2 -2 -2 -2 -2 -2 -2 -2 -2 -2 -2 -2 -2 -2 -2 -2 -2 -2 -2 -2 -2 -2 -2 -2 -2 -2 -2 -2 -2 -2 9.8 20.2 20.4 16.2 18.9 19.4 29 29.1 32.8 40.6 46.9 49 51 51 49 45.2 40.9 39.6 39.2 34.5 29.8 25.5 20.5 20.5 20.5 20.5 20.5 20.5 20.5 20.5 23.3 26.2 29.3 30.6 30.8 32 33.8 34.9 36 37.1 38.2 39.2 40.3 41.6 42.3 43 43.8 44.7 46.6 49.7 52.1 56.5 61.7 67.9 70.8 72.8
-2 -2 -2 -2 -2 -2 -2 -2 -2 -2 -2 -2 -2 -2 -2 -2 -2 -2 -2 -2 -2 -2 -2 -2 -2 -2 -2 -2 -2 -2 -2 -2 -2 -2 -2 -2 -2 -2 -2 -2 2.1 15.6 19.4 17.2 25.7 31.2 34 37.2 39.2 44.1 50.9 51 51.1 51.1 51.1 51 47.2 39.5 38.8 36.1 32.7 30 25.6 23.1 20.8 20.5 20.8 20.6 21 21.6 23.8 26.3 28.1 29.2 30.3 31.6 32.8 33.9 35 36.1 37.2 38.2 39.3 40.8 40.4 40.5 41.4 42.6 45 47.7 51.3 55 59.8 65.9 71.1 72.9
-2 -2 -2 -2 -2 -2 -2 -2 -2 -2 -2 -2 -2 -2 -2 -2 -2 -2 -2 -2 -2 -2 -2 -2 -2 -2 -2 -2 -2 -2 -2 -2 -2 -2 -2 -2 -2 -2 -2 0.5 11.8 19.5 19.3 19.3 29.4 31.8 37.1 43.2 45.5 49.2 50.7 52 51.4 51.2 51.1 49.6 49.3 42.2 38.7 36.7 33.4 30 27 25.7 23.8 22.8 21.6 21.6 22 23.6 25.1 26.6 28.1 29.1 29.6 31.1 32.4 33.3 34.1 35.1 36.1 37.2 38.3 39 38.1 37.7 38.9 40.6 42.9 45.6 48.4 50.7 56.5 63.2 70.2 72.4
