data/NC10.asc
ncols 200
nrows 200
xllcorner 210000
yllcorner 900000
cellsize 50
[rows 0 to 34 of 200, columns 0 to 78 of 200]
215.1 214.6 214.1 213.7 213.4 212.1 210.1 202.9 192 187.6 185.6 184.4 187.6 192.9 196 196.3 198.4 202 209.1 214.7 219.9 230.2 239 255.8 276.2 288.5 298 297.4 299.3 300 298.5 295.6 294.5 293.5 292.8 291.1 290.3 289.2 282.6 275.1 261.7 248.5 235.9 226.2 218.1 213.4 209.7 206.9 203.5 199.7 196.3 193.5 190.5 187.1 184.3 181.5 179.3 177.1 174.2 171.5 167.2 160.6 157 156.3 155.6 152.9 151.6 160.2 164 170.4 186.1 200.4 208.3 234.9 253.1 267.8 271.3 265.7 257.3
207.4 207 206.8 204.9 205.1 205.4 206 202.4 201.5 186.9 179.4 179.6 180.9 183.4 187.2 188.3 193.3 198.6 202.5 207.7 215.2 221.5 224.5 227.3 236.9 246 258.9 267.6 274.4 276.8 274.7 278.5 279.7 282.4 283.4 282.8 280.2 280.1 277.3 271.5 259.6 245.1 234.2 224.8 217.3 213.3 209.7 206.2 203.3 199.4 195.9 193 190 186.9 185 182.8 181.2 180.3 177.4 176 171.3 165.4 161.2 160.4 159.3 159.1 160.5 165.9 176.6 187.6 205.5 213.3 231.7 257.4 266.4 274.6 279.3 275.7 269
197.2 198.2 199.9 197.3 198.4 200.7 200.3 199.3 197.9 188.1 179 174.1 173.4 173.4 175.4 176.8 180.8 185.9 189.8 195.9 203.2 210.8 215.7 222.8 224.5 233.3 241.6 253.2 259.7 262.6 269 269.7 273.3 279.5 279.5 277.4 277.5 276 272.7 267.3 255.8 240.9 231.5 222.7 215 211.7 208.2 203.4 201.8 199.2 195.5 192.3 188.4 186.2 184.4 182.6 181.2 181.1 178.6 174.9 172.4 169.8 165 163.7 164 165.3 170.5 175.7 188.7 200.3 209.2 221.3 248.9 262 271.2 282.1 288.2 288.3 285.9
188.9 190.9 192 191.5 193.1 196 193.7 194.5 190.4 185.8 177.6 168.4 165.1 165.7 164.8 166.2 167.6 171.2 173.9 180.5 185.4 190.3 194.2 200.4 208.3 217.8 227.4 236.6 245.8 258 264.3 269 270.5 273.6 274.6 273.4 274.6 273.7 269.9 262 250.4 235.3 227.1 219.8 212.7 206.7 204 200.3 198.3 197.1 193.8 190.2 187.3 185.1 183.8 182.1 181 181.2 177 173.5 171.3 170.2 168.7 166.8 167.6 171.2 177.6 188.1 201.8 209.3 218.2 233.2 258.5 268.3 276.2 287.6 296.8 309 310.8
182.5 182.6 183.2 181.9 182.3 185.5 186 186.9 179.6 175 167.9 161.4 152.8 155.2 154.1 153.2 155.9 158.5 161 164.4 169.7 174.5 179.8 186.6 195 205.8 214.9 221.9 229.1 239.7 252.4 261.7 262.9 263.4 266.3 266 266.8 267.3 265.3 260.2 247.1 230.5 221.5 214.9 207.7 201.2 199.8 197.4 195.4 193.7 191.1 187.9 184 181.3 181 181.3 180.8 178.8 174.7 171.8 169.2 168.5 168 167.9 170.5 177.3 186.2 197.3 205.5 212.8 222.6 240.3 261.5 275.9 282.6 291.2 311.2 325.4 327.2
173.9 174 172.5 169 167.4 164.2 164.4 165.6 163.4 160.1 154.6 150.8 141.4 141 141.5 140.7 144 147.2 144.9 145.7 150.9 154.8 162 167.7 177.7 185.6 196.7 206.8 217.8 230 242 251.6 254.9 253.9 252.3 252.1 250.6 251.2 252.4 249.8 239.7 225.2 214.9 206.8 200.4 197.2 192.9 194.1 191.9 189.7 187.4 185.3 181.6 179.7 179.8 180 178.5 175.3 171.2 168.9 168.4 168.3 167.9 171.1 180.4 184.1 191.2 201.4 208.3 216 229.4 246.4 264 278.6 285.6 298.2 322.2 330.5 337.5
156.1 154.4 152.2 147 149.9 150.5 146.9 143.6 143.8 141.9 136.9 132.8 128.3 121.4 123.5 123.6 127.5 130.8 130.2 132.3 133.4 132.1 138.9 147.8 158.1 167.2 177.1 187.6 197.4 208.7 219 230.1 235.6 234 237.6 238.6 240 238.5 239.1 234.2 228.9 218.9 208.6 200.2 195.3 191.5 188.4 188.6 187.7 185.3 183.1 181.2 180 179.1 178.6 176.5 174.8 173 171.9 169.9 168.7 168.4 169.7 178.3 181.1 186.6 192.5 202.5 209.7 219.7 233.8 251.2 270 286.9 294 319.8 344.5 345.6 352.7
141.8 140.4 139.8 137.4 136 134.9 131.4 130.8 130.1 126.5 123.1 118.5 113.2 103 101.4 105.7 106.9 107.5 107.5 111.6 113.4 108.5 118.7 129.2 139.7 148.4 157.2 166 177.6 187.9 195.6 203.2 214 219 225.7 229.4 230.9 228.6 227.4 225.7 220.6 211.2 203.3 196.6 192.9 188.1 183.3 183.1 182.6 181 179.1 177.2 177.8 176.6 174 171.9 170.1 169 169 168.8 168.8 169.2 173.5 179.4 185 190.7 197.5 205.4 214 223.7 240.4 258.3 273.4 287.9 313.5 340.8 356.9 359.7 367.6
132.4 131.2 129.8 127.1 123.8 119.5 117.4 117.6 115.7 112.6 107.7 103.2 98 89.9 86.4 87.1 86.2 83.5 80.9 84.6 86 90.4 104 111.9 121.9 134.2 140.9 148.5 159.3 169.9 178.4 186.1 194.3 204.8 213.8 219.6 220 217.6 215.7 212.7 206.7 200 196.2 192.7 188.3 182.8 177.2 175.4 174.9 173.3 172.1 171.6 172.5 172.9 171.9 172.3 173.2 169.3 169 172.1 176.9 177.2 179.6 182.6 188.9 195.9 202.6 209.3 219.9 232.8 246.5 259.5 275.7 295.9 329.3 358.7 363.7 368.6 385.4
120.6 116.6 114.5 109.5 106.5 107.1 106.3 105.9 105.4 100.9 95.2 88.8 83.4 78.2 78.3 78 75.3 71.9 69.1 66.3 66 79.7 94.7 100.8 107.9 123.4 129.6 136.1 144.9 157 164.9 172.8 178.4 184.1 190 195.1 198 198.4 197.2 195.6 193 188.7 186.8 184.7 180.5 175.2 169 165.5 165.5 165.8 165.8 166.1 168.7 169.2 171.5 173.5 173.2 175.2 178 176.2 180.6 182 184.6 189.9 195 198.1 208.8 218.1 229.3 242.2 248.1 266.3 286.3 313.1 349.2 371.2 386.4 396.4 408
102 101.5 98.8 99.1 98.9 97.6 97.9 97.8 97.3 91.7 83.3 80.1 75.7 72.9 70.5 70.4 71.1 68.6 60.4 57.8 57 72.3 80.3 84.7 98.6 104.1 114.4 123.8 131.8 141.5 153.5 159.2 163.8 167 169.7 172.5 175.6 174.9 175.7 176.8 176.9 174 174.7 173.9 170.1 166.6 161.4 156.7 156.4 157.8 158.1 159.9 161.9 163.6 165.7 169 173.7 180.4 179.7 180.7 182.3 188.2 193.3 200 201 206.2 216.3 226 238.5 250.2 260.8 275 292.7 320.4 354.8 379.1 400.5 417 426.2
93.7 92.9 92.7 92.4 90.9 89.3 89.9 89.7 89.1 84.2 77.6 74.5 69.9 65.8 62.7 62.3 63.2 62 59.2 53 51.4 52.3 65.9 74.3 82.1 89 98 106.8 114.2 121.7 131.1 143.8 150 151.7 154.9 156.1 155.3 156.3 158.1 160.3 160 160.8 162.6 160.4 160.3 155.3 152.7 148.1 146.4 148.9 151.8 153.1 155.9 158.6 158.2 163.6 169.3 169.6 180.3 182.7 185.9 193 198.6 205.7 212.6 218 225.9 234.2 243.9 255.5 269.5 280.7 295.8 324.6 358.2 386.5 414.5 428 437.9
84.6 86.4 87 84.4 81.3 80.2 82.5 81.9 80 77.6 71.8 69.3 65.6 61.6 59.5 58.6 59.1 58.2 57.6 55.2 51.4 51.4 51.4 52.8 65.5 73.3 85.2 90.6 101.5 105.9 108.7 118.8 127 133.7 136.7 135.8 134.9 142.3 144.5 143.8 144.4 145.5 145 146.5 144.8 142.7 139.4 137.8 135.9 139.4 142.4 145.4 148.9 152.3 150.6 151.8 161.2 165.7 178.5 182.7 189.2 196.8 202.7 208.7 215.5 223.1 233.2 242.3 250.9 263.4 274.5 290 306.9 333 362.2 391.3 420.3 435.3 454.7
74.3 73.4 75.5 74.7 70.8 68.4 70.9 71.4 69.4 68.2 68.6 68.1 66.7 60.2 57.8 53.8 51.4 51.4 51.4 51.4 51.4 51.4 51.4 51.4 51.4 51.4 58.8 67.4 76.2 85.5 96.7 105 112.3 119.4 122.9 119.8 119 125.1 125.3 125.6 129.6 124.5 124.2 121.1 122.2 123.7 123.8 124.9 124.8 131.3 131.6 136.2 140.9 144.6 144.4 147.8 154.7 161.5 167.9 178.1 185 194.7 203.3 208.7 217.3 228.1 238.4 248.4 259.9 271.8 282.5 294.6 316 341.5 365.6 396.5 424.2 438.4 466
65.9 66.9 65.3 62.3 59.5 60.6 61.3 62.4 62 62.9 64.1 63.1 63.8 60.9 57.5 52.6 51.4 51.4 51.4 51.4 51.4 51.4 51.4 51.4 51.4 51.4 51.4 51.4 59.7 68.2 74.8 85.4 95.2 102.1 106.4 107.1 104.7 102.7 105.3 109.4 109.7 107 103.4 102.4 106 106.4 107.4 109.1 114.2 119.1 122.6 128.8 133.7 139.7 138.1 147.7 153.1 157.9 162.6 168.7 178.9 189.1 199.8 209 218.7 230.4 242 251.6 262.6 276.8 291.9 304.5 327.2 349.4 370.6 401.4 428.6 446.4 475.5
54 56.1 55.4 51.4 51.4 52.7 52.6 55.1 57.1 59.7 61 61.2 59.9 59 58.4 53.4 51.4 51.4 51.4 51.4 51.4 51.4 51.4 51.4 51.4 51.4 51.4 51.4 51.4 51.5 57 63.5 73.9 81.5 87.4 89.3 88.9 87.7 89.3 92.2 94.3 94.6 92 92.3 95.9 96.7 98.3 99.9 101 105.2 112.5 121 126.6 129.8 136.2 143.9 150.1 154.9 161.6 170.4 173 181.3 193 204.6 216.7 230.1 239.8 252.7 268.8 283.5 297 311.7 335.2 363.2 392.5 422.2 436.2 461.4 488.7
51.4 51.4 51.4 51.4 51.4 51.4 51.4 51.4 54.1 58.1 56.8 57.6 56.5 57.5 55.2 51.4 51.4 51.4 51.4 52.6 54.7 54.7 53.7 51.4 51.4 51.4 51.4 51.4 51.4 51.4 51.4 56 62.6 67.8 69.9 71.8 73.3 73.7 73.8 77.1 80.1 82.5 81.4 83 85.2 87.6 89.8 90.5 94 96.5 100.8 108.8 112.8 120.3 129.6 137.3 142.7 149.2 158.6 167.6 174.9 181.8 190.7 199.4 209.9 218.4 234.1 253.9 275.7 292.1 307.8 328 354.5 380.8 406.6 440.5 465.4 481.9 498.8
51.4 51.4 51.4 51.4 51.4 51.4 51.4 51.4 52.4 53.6 51.4 52.9 54.6 56.4 53.3 51.4 57.1 63.2 70 69.7 68 62.8 56 51.4 51.4 51.4 51.4 51.4 51.4 51.4 51.4 51.4 56.4 59.7 59.7 60.5 62.3 62 62.2 64.5 66.9 70.1 73.5 73.7 74.1 75.9 77.8 80.8 84.3 85.5 89.3 95.3 106 111.5 120.8 126 133.2 144.4 155.5 163.6 170.8 179.2 189.9 200.5 210.5 218.5 231.6 246 271.5 295.9 318.8 346.9 373.5 404.1 434.2 455.1 476.7 497.5 527.5
51.4 51.4 51.4 51.4 51.4 51.4 51.4 51.4 51.4 51.4 51.4 51.4 51.4 51.4 51.4 51.4 53.8 62.4 60.9 60 56.6 51.4 51.4 51.4 51.4 51.4 51.4 51.4 51.4 51.4 51.4 51.4 51.4 51.4 51.4 51.4 51.4 51.4 51.4 51.4 53.4 55.8 58.2 59.7 62 64.4 66.5 70.7 73.6 74.6 77.9 85.8 93 103 107.8 113.4 126.4 136.4 145.5 153.3 164.6 174.9 185.1 196.7 206.5 218.5 231 249.1 267.3 291.7 323.4 355.8 388.8 422.7 451.1 472.5 493 521.8 553.2
51.4 51.4 51.4 51.4 51.4 51.4 51.4 51.4 51.4 51.4 51.4 51.4 51.4 51.4 51.4 51.4 51.4 51.4 51.4 51.4 51.4 51.4 51.4 51.4 51.4 51.4 51.4 51.4 51.4 51.4 51.4 51.4 51.4 51.4 51.4 51.4 51.4 51.4 51.4 51.4 51.4 51.4 51.4 51.4 51.4 53.2 56.2 59.6 61.7 63.7 68.2 73.3 81.5 91 98.9 108.5 119.4 129.3 137.9 148.2 158.2 169.9 180.2 193.8 205.1 217.4 231.6 246.8 270.2 296.4 326.4 359.6 394.8 431.4 463.4 492.8 517.1 557.7 597.7
51.4 51.4 51.4 51.4 51.4 51.4 51.4 51.4 51.4 51.4 51.4 51.4 51.4 51.4 51.4 51.4 51.4 51.4 51.4 51.4 51.4 51.4 51.4 51.4 51.4 51.4 51.4 51.4 51.4 51.4 51.4 51.4 51.4 51.4 51.4 51.4 51.4 51.4 51.4 51.4 51.4 51.4 51.4 51.4 51.4 51.4 51.4 51.4 51.4 52.2 58.4 63.5 71.1 81 91.9 102 113.4 123.3 132.4 143.4 155.8 169.6 177.5 189.9 201.6 215.1 228.9 245.8 272.5 305.3 333.4 364.3 401.2 438.7 474.7 508.9 552.9 608.9 635
51.4 51.4 51.4 51.4 51.4 51.4 51.4 51.4 51.4 51.4 51.4 51.4 51.4 51.4 51.4 51.4 51.4 51.4 51.4 51.4 51.4 51.4 51.4 51.4 51.4 51.4 51.4 51.4 51.4 51.4 51.4 51.4 51.4 51.4 51.4 51.4 51.4 51.4 51.4 51.4 51.4 51.4 51.4 51.4 51.4 51.4 51.4 51.4 51.4 51.4 51.4 54 64.1 75.9 86.5 97.1 108.6 118.6 125.7 137.8 150.6 165.5 176.5 186.2 198.9 211.7 225.9 246.5 272.6 309.5 337.6 369.2 406.8 444.4 482.6 516.7 576.8 636.8 671.1
51.4 51.4 51.4 51.4 51.4 51.4 51.4 51.4 51.4 51.4 51.4 51.4 51.4 51.4 51.4 51.4 55.2 53.9 52 53.5 52.2 51.4 51.4 51.4 51.4 51.4 51.4 51.4 51.4 51.4 51.4 51.4 51.4 51.4 51.4 51.4 51.4 51.4 51.4 51.4 51.4 51.4 51.4 51.4 51.4 51.4 51.4 51.4 51.4 51.4 51.4 51.4 55.5 70.9 82.5 93.4 104.2 113.3 120.5 130.8 142.9 157.9 174.3 185.9 196.3 209.4 226.3 245.7 270.9 309.1 341.3 374.5 411.8 447.8 483.8 531.5 592.8 642.9 693.1
51.4 51.4 51.4 51.4 51.4 51.4 51.4 51.4 51.4 51.4 51.4 51.4 51.4 51.4 51.4 51.4 51.4 51.4 51.4 51.4 51.4 51.4 51.4 51.4 51.4 53.8 52.3 51.4 51.4 51.4 51.4 51.4 51.4 51.4 51.4 51.4 51.4 51.4 51.4 51.4 51.4 51.4 51.4 51.4 51.4 51.4 51.4 51.4 51.4 51.4 51.4 51.4 51.4 62.7 78.6 92.9 102 108.3 112.9 123.4 134.9 156.1 170.9 183 193.4 206.3 225.1 250.2 277.9 309.6 343.8 378.6 413.9 450.3 483.8 545.2 605.3 634.9 680.4
51.4 51.4 51.4 51.4 51.4 51.4 51.4 51.4 51.4 51.4 51.4 51.4 51.4 51.4 51.4 51.4 51.4 51.4 61.8 68.5 69 67.3 67 78.2 88.7 92.9 88.7 77 69.3 52.4 51.4 51.4 51.4 51.4 51.4 51.4 51.4 51.4 51.4 51.4 51.4 51.4 51.4 51.4 51.4 51.4 51.4 51.4 51.4 51.4 51.4 51.4 51.4 55.6 71.7 84.7 94.3 102 105.7 111.7 124.4 146.1 163.5 178.8 189.5 204.9 224.8 247.5 275.8 311.3 348 381.6 415.4 450.9 496.7 561.1 605 632.7 684.5
51.4 51.4 51.4 51.4 51.4 51.4 51.4 51.4 51.4 51.4 51.4 51.4 51.4 51.4 51.7 57 69.5 81.1 87.9 96.6 94.1 89.9 103.3 115.3 112.2 109.1 105.2 99 90.5 78.1 63.3 51.6 51.4 51.4 51.4 51.4 51.4 51.4 51.4 51.4 51.4 51.4 51.4 51.4 51.4 51.4 51.4 51.4 51.4 51.4 51.4 51.4 51.4 51.4 61.5 76.3 86.5 94.7 98.9 105.8 115.3 134.3 157.4 172.7 187.2 206.2 223.5 246.5 280.5 317 353.2 383.5 416.9 454 503.6 570.8 608.1 639.1 686.3
51.4 51.4 51.4 51.4 52.8 51.4 51.4 51.4 51.4 51.4 51.4 51.4 51.4 55.5 61.6 73.3 83.6 86.5 92.5 99.5 107.5 115.3 125.8 122.1 119.1 111.4 107.9 105.7 95.5 89 82.4 70.4 61.7 51.4 51.4 51.4 51.4 51.4 51.4 51.4 51.4 51.4 51.4 51.4 51.4 51.4 51.4 51.4 51.4 51.4 51.4 51.4 51.4 51.4 54 69.9 78.8 87 93 100.9 109.9 128.9 152.9 170.9 186.8 203.7 223.1 250.3 284.7 319.6 352.6 383.2 418.9 459.1 513.2 574 610.9 671.7 692.3
60.5 61.9 64.6 66 61.2 58.8 54.6 51.4 51.4 51.4 51.4 51.4 51.4 56.8 66.9 82.9 91.7 94.6 99.3 112.8 121.2 124.8 128.2 126.2 125 121.7 117.6 114.6 107.3 101.5 89.3 83.6 82.1 85 71.3 54.7 51.4 51.4 51.4 51.4 51.4 51.4 51.4 51.4 51.4 51.4 51.4 51.4 51.4 51.4 51.4 51.4 51.4 51.4 51.4 62.2 73.3 81.2 88.5 101.6 112.5 126.5 148.6 167 181.9 200.4 224 253.4 282.1 321.6 350.4 375.9 413.9 461.8 531.5 578.6 631.5 696.6 714
83.6 87 90.8 86 76.2 71.2 74 63.6 56 52.8 62.2 66.2 56.1 60.5 67 84.1 97.1 104.1 119.4 127.4 131 134 134.2 132.3 131.8 129.1 125.9 120.2 112.3 104 93.1 89.1 89.2 86.3 79.8 70.9 59.8 51.4 51.4 51.4 51.4 51.4 51.4 51.4 51.4 51.4 51.4 51.4 51.4 51.4 51.4 51.4 51.4 51.4 51.4 57.2 69.8 79.3 92.5 108 117 128.8 144 161.9 179.8 197.6 221.3 253.1 281.2 320.4 347.5 374.8 415.2 459.1 522.4 580.9 619.4 670.7 693.2
106.1 103 100.5 100.4 94.3 93.9 86.9 81.7 74.3 75 81.1 83.8 86.1 83.6 77.5 88.7 101.7 115.3 124.6 129.1 137.4 140.9 140.4 137.4 135.4 130.5 128.2 121.7 115.9 110.2 103.9 98.1 95.5 86.4 80 75.7 65.2 56.5 51.4 51.4 51.4 51.4 51.4 51.4 51.4 51.4 51.4 51.4 51.4 51.4 51.4 51.4 51.4 51.4 51.4 51.4 67.4 83.2 98.9 115 121.3 130.8 141.1 156.6 173.6 192.5 218.3 250.6 280 319.5 345 374.7 415 462.6 515.6 550.9 594.6 642.7 667.1
108.9 109.2 104.5 102.1 98.6 97.7 94.3 91.9 89.6 89 85.2 88.3 90.4 88.5 88.3 91.6 107 119.2 126.9 132.6 138.4 141.9 143.5 141.1 138.3 134 129 124.3 119.6 116.6 110 104.2 100.8 92.3 86.1 80.1 73.2 61.9 51.4 51.4 51.4 51.4 51.4 51.4 51.4 51.4 51.4 51.4 51.4 51.4 51.4 51.4 51.4 51.4 51.4 51.4 64.5 80.8 97.9 111.9 119 128.5 139.1 150.4 167.6 186.9 214 244.3 275 312.3 337.3 366.6 407.1 458.7 530.7 554.8 577.4 610.8 632.6
108.6 108.4 108.7 107.8 105.2 103.8 101.1 98.3 96.9 97 93.2 93.9 96.7 94.3 94.5 96.8 107 117.1 125.2 130.2 136 142.8 146.4 144.8 141 138.6 133.3 127.6 122.3 118.9 113.1 107.7 103.1 95.6 89.4 84.3 75.9 64.1 51.4 51.4 51.4 51.4 51.4 51.4 51.4 51.4 51.4 51.4 51.4 51.4 51.4 51.4 51.4 51.4 51.4 51.4 60.6 76.2 98.6 108.4 114.7 122.6 136.6 147.5 159.3 182.4 206.9 239.7 274.5 305.7 327.3 355.5 393.2 436.3 507.2 539.6 559.4 580.5 599.7
111.6 114.2 116.4 112.2 111.3 109.4 106.1 104 104.3 102 99.2 99.3 101.6 100.5 100.3 101.5 106.8 116 123.6 128.5 136.4 140.5 143.9 141.9 143.9 142.4 139.1 132.1 126.8 122.8 118 111.7 105.9 98.1 93.1 88.6 84.5 73.9 53 51.4 51.4 51.4 51.4 51.4 51.4 51.4 51.4 51.4 51.4 51.4 51.4 51.4 51.4 51.4 51.4 51.4 57.1 74 90.8 102.5 109.4 117.7 131.5 145 158.7 179 204.5 233.9 274.5 300 313.9 341.6 375.3 413.3 463.6 488.2 533.9 565.9 594.3
116.7 121.2 121.5 120.2 117.6 114.4 112 111.1 109.8 107.3 105 105.6 106.6 106.3 105.6 107.2 114.9 122.6 126.2 129.5 136.5 139.2 140.1 142.5 147.3 145.3 140.8 135.1 132.1 129.3 122.4 116.1 106.5 102.8 100 98.7 85.8 72.7 58.6 51.4 51.4 51.4 51.4 51.4 51.4 51.4 51.4 51.4 51.4 51.4 51.4 51.4 51.4 51.4 51.4 51.4 57.3 73.7 88.4 99.2 107.2 119.7 124.8 139.7 157 179.1 204.6 224.1 258 288.4 306.7 329.9 358.6 391.8 424.3 473.8 517.8 554.7 574.8
119.8 121.9 122.1 121.4 120.6 120.3 117.8 118.1 116.6 115.1 113 114.8 115.8 120.8 120.5 121.1 122.7 124.8 125.8 128.5 130.9 136.2 139.2 144.9 149.5 147.8 142.6 140.9 136.9 132.6 126.5 120.6 114.6 120.9 123.2 116.7 97.4 90.3 79.6 53.6 51.4 51.4 51.4 51.4 51.4 51.4 51.4 51.4 51.4 51.4 51.4 51.4 51.4 51.4 51.4 51.4 51.4 68.4 86.3 103.6 109.6 114.2 121.6 132.3 148.8 173.7 202 216 245.3 269.2 293.8 315.2 338.7 372 408.2 467.3 503.1 536 563.2
