data/NC20.asc
ncols 200
nrows 200
xllcorner 220000
yllcorner 900000
cellsize 50
[rows 35 to 69 of 200, columns 0 to 77 of 200]
393.2 389.1 383.4 377.6 371.3 365.8 360.4 347.3 337.5 327.6 315.4 305.7 294.2 289.8 292 298.1 306 312 314.5 317.1 320.5 322.4 325.9 329.4 335.3 337.4 336.2 336.6 334.2 331.3 329.4 325.8 321.3 316.3 312.7 310.5 307.6 301.1 294.9 287.6 279.4 269.9 254.7 247.5 244.6 244.8 242.7 239.4 231.5 230.8 231.3 230.5 230.2 228.9 231.2 228.6 228 228.4 228.1 225.8 222.2 217.3 212.7 207.9 201.2 196.2 191 186.2 181.7 181.1 175.2 169.4 171.1 171.1 171.1 170.8 169.1 170.1
392.3 389.8 384.9 378.2 371.2 366.1 360.8 348.9 337.7 330.6 322.8 313.4 304.2 298 294.5 299.9 310 316.3 320.7 322.5 325 326.8 330.8 337.9 341.1 341.9 341.5 341.4 338.9 336.6 332.1 327.9 323.2 317.8 315.4 312.8 309.6 306.9 300.3 291.1 282.7 271 257.1 251.4 249.7 246.5 243.9 240.7 237.5 236 235.5 237.8 243.7 246.5 245.3 231.8 227.9 228.2 227.8 221.4 219.6 215 208.5 205.5 200.8 195.8 190.8 186.6 182.4 181.1 175.5 171 170.6 171 171 171.1 171.1 171.1
390.5 389.2 384.8 380 373.6 364.7 357.4 348.2 340.6 332.5 323.7 312.1 304.8 300.8 299.1 305.2 316 322.8 327.1 330.5 331.8 335.3 336.4 338.9 342.2 346.1 346.3 344.6 341.4 338.5 334.3 331.6 328.7 320.7 318.3 315.5 312.3 309.4 302.7 293.1 283.7 272.2 259.9 254.6 252.3 249.2 246.6 242.5 239.9 238.4 238.1 241.1 250.9 252.4 253.5 247.9 234.8 228.6 230.1 219.7 216.9 212.1 200.9 194.3 194.6 192.1 189.3 184.9 180.8 178.1 175.2 171.4 170.4 170.9 171 171.1 171.1 171.1
390.4 389.3 385.7 381 377.4 368.3 354.8 347.5 343 335.9 324 312.6 307.1 304.7 305.5 311.3 318.3 324.8 330.7 335.4 338.8 342 343.4 343.7 348 349.1 349.4 348.1 344.1 341 336.3 332.8 330.5 325.1 320.6 316.6 311.9 306.9 299.2 291.6 283 272.8 260.2 254.7 252.3 250.9 248.3 243.9 240.5 238.9 238.8 243.5 249.4 254 257.9 251.1 245.2 236.9 231.7 219.2 213.9 208 199.3 192.9 189.2 188.7 186.5 182.8 179.1 177.8 176.2 173.4 170.9 170.3 171.1 171.1 171.1 171.1
390.6 389.6 386.6 381.2 375.4 366.6 356.2 350 343.2 332.9 318.2 312.1 308.9 309 310.3 314.1 321.9 329.9 332 337 341 343.1 348.1 351.1 355.4 350.6 350.8 350.9 345.6 339.5 335.6 332.1 329 323.7 318.5 314.8 309.9 301.3 293.3 286.6 280.6 271.9 259.7 254 251.8 249.4 247.2 243.7 240.4 240.8 241 246.5 251.1 251.8 254.7 251 247.7 239.5 232.6 220.1 216.1 211.2 205.2 197.6 191.8 187 183.5 180.5 179 178.8 177.7 175.3 172.9 170.8 170.4 171 171 169.4
392.4 391.2 388.6 382.1 376.5 367.5 360.4 352.1 341 327.2 315.2 310.1 309.3 312.4 315.7 320.7 330.2 331.9 332 335.7 338.7 340.2 346.2 350.7 352.6 350.8 351 349.6 345.1 341 334 329.2 324.7 321 314.9 311.5 304 294.9 287.7 281.1 273.8 268.1 261.2 254.1 249.7 247.8 245.5 242.8 240.8 240.9 238.9 242.3 249.7 251.1 250.5 248 245.2 239.1 233 226.4 222.2 216.9 211.9 205.8 197.8 188.2 184.9 182.5 180.7 179 179.2 176.9 174.7 172.8 171.3 170.4 169.3 169.1
397.3 391.2 385.4 379.5 375.7 369 363.9 355.9 346.1 328.8 316.2 309 310.4 313.1 319 321.1 325.2 329.4 330.7 331.8 332.8 338.2 342.3 342.7 343.5 346 345.1 344.9 341 338.1 332.5 325 319.1 314.8 309.6 305.1 298.8 290.9 282.6 276.5 269 262.5 258.2 252.8 249.6 245.3 243.3 241.4 241.2 240.4 238.9 238.1 241.6 248.9 246.6 243.6 240 235.7 230.6 226.7 222.5 217.5 212.6 206.5 198.4 192.1 188.1 183 181 179.1 179.8 178.9 177.9 175.3 173.2 171.2 170.3 170
400.9 388.2 381.8 373.4 369.9 367.4 363.2 356.2 347 329.6 319.2 309 310.8 312.7 316.9 319.2 319.1 319.6 322.2 324.6 329 329.5 334.4 339 338.9 339 338.5 332.5 329.3 328.4 323.9 319.8 316.6 310.1 304.1 299 293.3 285.7 277.2 273.4 267.9 258.8 253.6 250.3 249 245.9 240 239.6 239 237.4 234.6 233.1 236.4 239.1 239 237.8 234.2 231.1 227.9 224.5 221.6 216.1 211.1 205 199 193.9 190.1 181.6 179 179 180.7 180.7 178.7 177.2 175.2 173.3 172 171.7
396.8 385.2 378.1 368.2 365.2 361.3 358.4 349.6 338.7 323.9 318.7 308.5 308.3 311.3 315.7 319.1 319 319.2 320.4 323 330.4 332.4 335.7 339.2 340 339.4 337.3 333.5 330.6 329.2 321.8 319.3 313.2 306.7 300 293.1 286.1 279.1 270.8 269.2 262.2 257.2 252.2 249.2 250.7 249.6 242.4 239 238.7 234.9 231.4 229.8 229.2 231.2 232.8 232.2 228.3 225.7 224.3 221.7 218.8 214.6 209.7 202.9 196.7 192.5 189.2 179.6 181.1 180.1 181 180.6 181.1 179 177.3 175.7 174 173.5
392.3 381.8 371.7 358.3 357.3 352.8 347.5 337.1 328 313.6 310.2 308.2 308.3 311.2 315.6 319.1 320 321.8 325.7 332.6 338.7 341.3 343.5 345.8 346.2 346.9 345.7 339.4 334.7 330 325.6 318.8 313.4 306.5 299.4 290.1 281.4 276.9 269.6 265.9 260.7 260.5 260.3 255.9 253.1 249.1 242.5 238.9 237 233.9 230.8 230.2 229.9 229.7 228.9 227.7 222.3 222.1 221.7 219.4 214.8 212 209.2 201.5 193.6 190.9 188 181.3 180.2 180.9 180.3 180.4 181.1 179.5 179.4 177.8 176 175.4
387.6 376.8 361.1 347.5 343.2 340.3 331.4 319.5 310.6 308.2 308.2 308.2 308.2 311.2 316.2 321.1 323.4 329.4 333.7 340.2 346.2 350 351.3 353.3 351.6 350.3 349.7 343.3 338.7 331.7 324.9 318.6 312.8 306.7 299.9 290.8 281.2 279.9 273.5 267.7 264.2 261.9 260.7 258.7 253.7 249.6 243.3 240 237.6 234.7 233.4 233.7 233.5 231.1 229 226.6 219.6 220 219.5 217.3 212.3 209.9 200.9 200.8 190.4 189.4 190.6 187.7 183.8 184.7 183.9 183.1 181.1 180.4 179.5 179.7 177.7 177.4
379 360.8 349.9 340 334.1 322.5 313.2 308.1 309.4 308.2 308.2 308.2 309.6 313.8 317.3 321.7 325.4 329.8 336.2 345 351.5 355.4 356.9 360 358.5 353.6 348.2 344.1 339.5 333.2 325.2 318.2 312.3 306.6 299.8 294.1 286.7 280.2 277.5 270.6 269.2 266.3 263.3 259.4 255.2 251.4 250.3 246.5 239.1 238 237.9 239.3 238.9 234.2 231.3 228.8 224.3 220.4 219.9 218.5 213.4 212.1 208.8 200 193.3 190.4 190.8 189.1 188.7 188.3 187.8 186.8 185.6 184.4 182.2 180.3 179 178.6
368.9 350.4 344.6 337.7 329.1 314.4 308.2 308.1 310.8 308.2 309.5 309.1 311.4 316.8 320.3 323.2 327.1 332.8 341.3 350 355.8 359.6 362.2 361.3 362.2 356.1 350.7 345.4 340.2 334.1 327.5 322.1 315.3 309.9 303.9 297.7 290.9 284.2 280.3 276.4 274 270.9 268.2 263.7 259.9 255.2 250.8 248.3 241.2 239.6 239.5 240.5 240.3 236 231.3 228.6 225.9 225 223.4 220.5 216.7 214.7 212.9 208.5 201.2 197.3 192.9 190.9 190 190 189 190.4 189.2 187.1 184.3 182.2 180.6 179.5
352.8 339.8 333.2 328.5 314.9 308.1 308.1 310.6 313.8 310.7 308.1 308.1 312 319 322.1 326.8 330.7 338.9 348.2 356.9 359.9 362.7 366.9 370 369.1 360 353.7 349.2 343.1 338.2 332.5 327.7 320.1 314.2 307.4 299.7 294.5 289.2 284.8 281.6 280.5 277.6 273.6 269.4 263.6 258.8 253.3 249.9 247.6 241.1 239.4 239.4 238.6 236.7 234.3 233.2 231.3 231 227.3 223.2 219.7 216.8 215.1 212 206.3 200.2 196.2 193.8 192.4 191.2 190.6 191.1 191.1 188.9 186.3 183.8 181.8 180.4
348.1 333.9 325.8 318.6 309.3 308.1 309.2 312.4 317.3 311.4 309 308.4 310.4 317.7 321.7 329.7 336.2 343.5 350.8 358 362.9 366.7 371.7 378.9 373.1 364.4 357.2 353 347.1 340.9 337.2 334.1 328.7 321.2 312.6 308.2 303.1 299.4 297.1 293.8 290.4 288.4 283.5 274.9 268.1 262.1 257.5 253.5 249.8 244.2 240.3 241.1 240.5 240.2 239.3 241.9 240.2 236.9 232.5 227.6 223.5 219.8 216.6 213.3 208.7 201.3 197.5 195.6 194.5 193.4 192.1 191 191.1 189.9 187.8 185 182.7 180.5
341.1 330 323.8 313.1 308.1 308.1 310.7 309.9 309.2 308.6 308.1 308.1 312 319.2 323.5 329.4 337.5 343.9 350.6 356.4 360.9 365.9 374.5 379.1 377 370.7 360.6 356 351.1 344.2 342.9 338.1 333.2 326.6 320 317 312.2 306.7 303.7 301.8 299.1 294.5 288.4 279.5 273.6 267.8 261.5 256.9 252.6 247.7 245.7 245.7 245.4 244.3 245.6 250 246.7 241.1 235.7 231.9 228.2 223.7 219.1 214.7 210 203.4 198.4 196.6 195.5 194.4 193.3 192.2 191.3 190 188.4 185.7 182.4 180.6
332 328.5 323.2 310.8 308.1 308.1 308.1 308.1 308.1 308.1 308.1 308.1 314.7 319 322.7 328.6 335.3 339.2 345.4 352.8 359.4 368.9 376 381.6 381 374.6 367.8 362.6 356.9 352.1 350 344.1 338.9 332.1 326 322.7 319.1 310.9 306.7 305.4 301.9 297.3 291.5 286.1 280.6 274.4 267.2 263 257.1 252.8 250.3 251 250 248.8 250.3 252.9 249.5 244.1 239.1 235.4 231.4 226 220.4 215 209.3 204.5 199.4 197.7 196.5 195.4 194.3 192.8 191.7 190.6 189.6 185.6 181.4 180.4
330.6 326.3 320 315.1 309.6 308.1 310.5 309.9 318.5 312.3 309 312.6 318.5 322.5 325.9 331.3 338.2 340.4 347.4 356.8 368.1 374.1 379.6 385.8 385.1 381.2 380.2 375.3 367 360.3 356.2 351.3 342.9 336 328.8 327.5 325.6 319.2 312.5 310.2 306.8 302.7 297.3 291.6 286.4 280.4 275.4 269.4 263.6 259.8 256.4 256.3 253.7 251.2 257.6 258.8 252 249.7 244.4 238.1 231.7 224.8 218.7 213.4 208 203.5 200.4 199.1 197.9 196.5 194 192.4 190.5 191 189.9 186.7 182.2 180.2
334.3 328.3 320.5 315.3 313.4 319.9 321.4 320.9 320.6 318.7 319.8 320.7 325.3 328.5 332.2 338.6 342.9 347.2 355.1 364.2 371.4 377.1 383.8 390.6 392.5 391.5 391.1 390.5 377 369.1 364 356.6 348.3 339.8 333.1 336 334 327.6 322.9 320.4 313.4 309.1 303.8 297.3 292.4 286.4 281 274.7 271.2 267.2 260.6 260.4 257.7 258 259.1 258.7 255.9 252.9 247.5 238.1 230.2 222.5 215.9 210.4 207.2 204.1 201.5 199.6 199 197.1 194.1 191.7 190 189.4 189.8 187.6 185.6 184.5
340.4 328 319.7 319 320.7 321.1 322.3 322.3 321.3 319.3 324.1 327.1 331 333.8 336.2 340.1 346.2 353.2 362.5 371.7 377.4 383.3 389.1 396.5 398.8 399.7 396.4 391.3 383.2 376.4 368.8 359.7 352.5 347.4 346.1 345.7 341.5 335.6 332.2 325.4 319.6 315.7 309.6 302.5 295.4 288.7 284.4 279.6 274.2 269.2 265.8 262.7 260 258.7 258.9 258.6 256.7 254.6 250.6 239.4 231.2 224 215.7 210.3 207.7 204.8 202.4 200.4 199.5 197.7 194.9 192.3 189.4 189.7 191.1 191.1 190.7 189.3
346.7 334.8 329 324.9 321.9 323.7 323.7 324 324.5 325.6 329.6 332.4 336.2 338.2 338.1 339.1 345.6 354.5 364.8 375.8 382.4 391.2 399.9 402.6 401 399.6 397 393.5 388.7 379.2 369.9 360.9 357.2 355.5 354.3 352.7 349.7 344.2 340.9 332.5 326.7 322.5 316.2 309.4 302.9 297.9 289.6 284.5 278.6 273.7 269.6 265.7 262.3 259.3 259 258.6 256.8 253.9 250.5 242.9 235.4 225.8 217.3 213 208.5 205.4 203 200.8 200.3 198.4 195.7 192.4 189.1 191.1 190.7 191.1 191.1 190.8
355.4 343 342.3 335.9 328.5 328.6 325.7 325.5 327.4 331 331.6 335.7 339.8 341.2 338.7 339.2 347.2 358.6 370.1 382.9 391.5 412.7 410.4 409.4 403.8 399.4 397.5 394.6 389.8 376.7 371.3 370.6 372.3 371.5 364.2 360.6 357.5 352.1 346.8 340.1 334.9 328.8 322.8 317.5 312 309.4 298.1 290.1 284.7 279.5 274 269.5 265.8 261.5 260.7 259.2 256.8 253.9 249.9 244.6 238.9 228.2 219.1 214.2 209.2 205.9 203.4 201 201 200.1 195 190.6 189 190.1 190.2 190 190.4 190.6
363.9 354.1 353.7 349.5 338.8 337.2 331.9 329.9 330.7 328.9 331.3 335.8 338.8 338.6 338.9 341.8 350.5 361.6 371.1 384.7 397.1 409 410.5 408.8 405.7 402.5 399.4 396.8 392.9 381.6 378.4 380.1 383.9 383.2 376.5 368.3 364.4 359.1 352.3 346.1 341.3 334.3 328.6 324 317.1 309.3 302.4 295.5 289.6 283.6 278.6 273.6 270.2 265.8 262.9 261.6 257.6 253.4 249 243.7 238 227.1 218.6 212.8 209.5 206 203.3 201.3 201 198.9 193.8 189.8 189 190.3 190.5 191.4 192.1 192.1
369.1 362.5 363.7 356.7 346.8 343.8 341.6 341.2 339.8 335.1 333.7 337.7 337.9 337.9 338.5 341.5 349.1 357.7 368.2 382.5 392.9 400.1 405.9 409.2 409.5 406.5 403.4 400.6 397.9 393.2 388 388.2 392.5 394.8 390.5 380.5 374.5 366.9 358.7 351.7 344.7 339.2 332.9 328.6 321.5 313.8 307.9 299.7 293.8 287 282 277.4 273 268.5 265.3 261.8 258.2 252.7 247.5 241.3 233.6 226 219.5 212.8 209 206.7 203.6 201.6 199.3 198.7 194.5 190.1 188.9 190.1 191.4 193 194.2 194.7
371.3 370.7 369 357.3 350.6 348.6 347.7 349.3 346.6 340.4 338.9 337.9 337.9 337.9 337.9 339 341.7 351.8 362.8 377.8 387.9 397.4 404.3 409.9 411.6 410.1 407.5 405.2 404.1 402.7 400 397.5 399.6 403.4 401.5 395.5 388.9 378 367.9 360 349.8 343.3 336.5 330.3 324.9 318.6 310.5 302.7 295.7 289 284 279.6 275.1 270.8 267.2 263.9 260.2 252.1 246.5 241.4 234.7 228.4 222.2 215.6 210.3 207.3 203.9 201 199.1 199.3 197.2 196 198.7 199.3 195.5 195.1 196.4 197.5
371.4 371.9 367.9 353.1 349.7 350.5 349 349.7 347.4 341.1 340.2 338.3 337.9 337.9 337.9 337.9 338.1 349.2 359 374.3 385.8 395.9 404.9 412 415.3 416 415.7 412.4 411.2 410.4 409.3 406.7 409.3 411 409.5 403.2 397.4 391.7 373.3 365.9 357.5 348.9 340.1 333.2 326.2 318.4 312.6 306.1 296.9 290.7 285.3 281.3 276.4 272.6 268.6 264.8 261 252.5 246.4 240.7 235.6 230 223 217.2 212.3 207 200.8 200.7 199 201 201 200.8 200.4 200 199.2 199 198.8 199.8
371.2 369.8 361.2 349.3 348.6 348.2 345.5 342.4 341 338.9 338.5 337.9 337.9 337.9 337.9 337.9 338 342.4 352.6 367.5 380.3 393.6 405.3 414 420.6 423 424.4 424.3 425.5 424.9 420.9 415.7 413.3 414.6 412.9 407.6 401.7 393.7 378 369.9 361.2 352.3 344.5 336.2 328.8 320.5 315.6 310.9 300 292.7 287 282.2 277.1 271.8 267.6 264.1 259.7 252.8 246.3 241.3 236.2 230.4 224.1 217.3 210.4 203.2 199.1 199 199.9 200.5 200.8 199.5 200.7 200.6 199.9 199.6 199.8 201.6
369.6 364.6 353.4 348.9 348.2 345.9 340 339.3 338.2 338.1 337.9 338.3 338.2 338.3 338.1 338.3 337.9 338.4 346.8 367.4 383 400.1 412.2 420.8 426.4 428.9 433 433.8 436.9 435.2 432 425.6 419.8 416.1 415.1 411.4 405.6 396.1 383.6 372.9 363.3 355.4 348.8 340.2 332.2 324.8 318.5 310.7 298.9 292.7 287.3 282.1 275.4 269 264.5 260.5 255.5 249.6 244 240.1 233 227.6 221.7 215.4 211.3 200 199.9 205.6 211 209.3 205.2 200.4 201.7 203.2 203.6 202.8 206.1 205.9
361.9 358.9 351.5 352.6 350.7 350.3 345.8 341.1 338.4 338.3 339 339.6 342.1 345.5 341 338.3 337.9 338.2 357.6 376.5 392.8 408.4 421.2 434.3 441.4 443.8 444.7 446.9 447.7 448.1 444.7 439.5 429.4 423.2 417.3 410.4 408.6 398.6 387.4 378.5 367.2 357.3 350.7 342.3 333.6 325 317.2 307.8 296 289.7 283.5 278.4 271.8 264.6 258.4 254.8 249.3 244.9 238.8 233.1 227.2 222.9 218.3 212.1 211 210.6 210.9 212.5 212.5 212.3 209.4 207.9 208.3 208.9 209.9 209.4 210.5 209
359 358.9 357.6 359.4 357 355 352.8 350.5 349.8 346.8 345.2 349.5 350 348.8 342.6 340.8 338.9 349.1 366.9 387.1 401.1 413.5 427.5 441.6 452.6 457.1 457.8 457.3 456.5 456.1 453.1 445.9 438.3 429.7 421.5 412.1 404.7 394.5 386.1 377.4 369.1 359.7 351.6 341.3 330.8 322.2 313.8 304 293.1 284.1 277 271.7 265.7 258 251.4 248 244 239 233.1 224.9 219.5 218.6 213 209.2 208.9 210.6 215.7 216.6 216.3 215.6 213.4 212 213.4 213 212.8 212.7 212.4 210.4
359 363.3 365.9 366.6 365.3 361.7 361.5 363.3 361.1 355.1 351.1 349.6 349.3 349.3 350.4 350.9 352.9 365.2 387.8 399.9 408.9 420.7 434.4 449.6 463.2 470.1 471.5 470.3 470.4 466.9 461.9 455.3 446.1 436.4 427.9 418.8 408.9 397.4 384.4 373 364.6 358.2 350.2 339.1 326.8 318.6 309.8 299.9 289.5 278.3 270.4 264.1 257.8 251.7 248.2 240.5 235.3 231.2 220.1 220.2 222.4 219.7 222.5 218.7 219.3 220.6 218.9 220.9 219.8 220.4 217.5 216.9 216.4 216.8 216.5 216.3 215.6 215.6
363.8 369.7 374.4 375.9 378.7 380.9 378.7 373.4 365.7 358.7 355.3 356.2 358.5 362.4 364.7 367.2 377.3 389.6 402.6 411.8 419.7 435.3 447.9 463.5 476.2 484.5 485.9 487 482.5 478.6 470.8 462.9 452.9 443.6 435.3 424.6 412.9 401.1 387.6 372.9 361.4 350 342.7 334.5 323 313.6 305.2 296 285.3 272.2 263.8 257.5 250.7 247.8 240.9 238.9 235.4 237.6 236.7 236.5 231.5 230.4 229.6 224.1 227.6 226.2 224.8 225.3 225.1 225.4 225.2 223.9 222.2 222.3 221.9 221.3 221.4 221.4
368.5 377.6 385.6 390.3 391.6 388 383.8 377.2 367.4 360.1 359.7 364.5 369.1 371.8 378.9 390 400.5 412.2 419.8 422.2 431.6 444.6 465.8 482.4 495.2 498 499.2 500.3 492 485.6 477.7 467.7 458.4 449.7 440.6 430.3 416.8 402.7 388.2 373.2 361.1 350.1 337.8 328.8 318.3 308 299.6 290.2 278.4 267 259.9 254.7 249.2 239.9 240.4 249.3 239.8 247.8 244.6 240.2 239.6 236.6 233.4 232.8 234 232.8 230.8 230.2 230.9 232.2 230.7 230.9 229.1 230.7 230.2 228.7 228.3 228.2
377 395.7 400.5 400.8 398 389.2 382.5 376.3 370 372.4 369.7 372.5 375.9 381.5 398.7 410.1 416.1 423.4 428.3 432 447.5 470.1 492.9 507.3 511.5 508.6 502.7 498.8 492.6 484.4 476.9 468.6 461.5 453.2 443.5 433.3 419 403.9 388.5 373.4 359.1 346.5 333.3 323.3 313.7 303 294.3 284.2 275.1 265.8 260.8 256.9 250 250.7 249.2 250.4 248.3 250.2 249.4 243.2 242.8 239.4 239.9 240.4 241.8 239.1 238.3 236.5 236.3 237.9 237.7 239 238.5 237.7 238.4 237.9 236.4 234.8
390.6 401.7 400.5 400 396.1 390.2 380.1 378.4 383 382.6 380.7 379.5 381.3 405.2 420.5 425.9 424.1 428.1 437 453 468.9 501.3 511.5 516.3 515.2 511.1 509.7 498.5 489.7 481.4 474.8 465.6 458.9 450.9 443.1 430.5 416.3 401.6 385.6 369.9 356.8 344 330.3 318.4 308.2 298.5 286.5 278.2 270.5 267.6 263 260.3 258 260.9 253.8 252.5 250.9 252.5 252.1 249.7 249.9 244.5 247.9 250.1 249.3 247 245.3 242.9 242 245.2 244.3 243.4 245.3 249.5 246.1 245.7 244.8 242.8
