data/NC26.asc
ncols 200
nrows 200
xllcorner 220000
yllcorner 960000
cellsize 50
[rows 108 to 143 of 200, columns 81 to 161 of 200]
166.9 177.6 197.1 204.3 200.7 197.1 192.6 188.6 185.2 182.3 179 174.6 170.7 168 165.4 162.9 161 158.9 155.5 149.8 149.9 147.5 144.2 141 138 132.4 127.5 123.1 121.7 121.6 126.3 131.5 138.9 142.1 147.4 152.1 157.5 160.9 161.6 173 184.7 188 178.2 165.5 169 189.7 200.5 212.5 223.3 231.7 245.2 257.4 266.3 271.7 276.1 277 278.3 279.7 280.8 280.1 279 282.2 286 292.1 296.1 299.1 303.1 308.8 310.5 305.3 300.6 299.5 295.6 288.9 282.6 277 271.4 260.2 258.8 257.3 255.8
168 178.6 190.1 196 196.7 195.9 191.6 189.5 187.5 184.6 181.8 178.9 175.5 172.7 170.5 168.7 166.5 164.2 159.3 157.7 157.5 155.4 151.8 148.6 144.4 138.6 132.6 128.4 125.3 124.2 127.5 134.8 142 148.3 157.4 160.8 165 168.8 187.6 200.8 207.3 203.5 198.2 183.9 169.1 184.9 196.7 208.2 219.4 227.9 240.1 251.3 259.5 265.1 268.4 271.6 272.6 275.2 277.6 278.3 280.5 288.8 288.2 296 302.7 308.1 311 312.8 313.3 312.2 311.2 308.4 299.8 291.2 282.6 275.3 269.8 259.9 259.3 261.4 259.3
165.1 176.5 185.5 190.3 192.4 192.6 191.8 190.7 189.4 186.7 184.1 182.7 180.4 177.5 175.6 173.8 171.5 168.2 162.9 164.4 164.3 163.4 159.4 155.2 151.1 146.5 140.7 136 129.9 128.9 132.9 140.2 147.9 153.8 159.6 160.9 174.7 190.4 199.5 207.6 208.3 210.2 207.3 200.9 187.9 180.1 191.8 201.8 214.8 223.3 235.7 245.3 251.7 258.1 264.3 267.6 269.3 271.2 272.7 275.7 281 287.9 292.8 304 310.7 310.5 313.1 314.6 314.7 314.5 314.7 312.6 304.2 292.8 280.1 272.3 268.5 268.8 268.8 270.8 267.2
163.8 172.8 182.1 186.9 191 192.7 193 191.8 190.6 189.4 188.1 186.5 184.4 182.3 180 177.8 175.5 172.2 168.9 170 169.2 170.7 166.9 162.8 159.1 154.2 148.9 144.1 139 137.8 144 152.5 154.4 159.1 166.9 183 193.8 199.8 205.6 209.7 212.7 215.5 214.7 212.3 205.3 200.2 199.2 204.7 213.2 222 231.8 239.5 245.9 253.2 260.3 264 266.2 268.1 269.6 271 283.7 290.8 297.7 304.7 309 310.4 314.8 316.5 315.6 315.3 317.1 311.9 309.2 298.1 283.7 277.7 274.9 283.7 278.6 275.8 271.4
169.5 176.5 183.3 188.3 194.1 195.7 196.7 195.1 193.6 192.6 191.7 189.6 186.8 185.2 183.6 181.6 179.4 176.3 173.9 173.9 172.9 173.4 172.9 169.9 166.4 161.8 157.1 152.4 148.8 149.3 153.9 156.9 169.9 184.2 191.5 194.2 199.9 207.2 210.9 214.6 217.9 221.2 221.6 222.8 219.7 216.9 212.3 212.1 216.8 221.1 228.3 235 241.7 248.8 255.9 261.2 263.1 266.8 269.7 276.7 282.9 288.1 294.7 303 306.7 310.4 312.9 316.8 314.6 314 314.1 312.1 309.7 303.9 296.9 290.7 283.1 290.5 289.3 285 278.4
168.8 180.6 190.1 198.2 199.1 199.9 199.1 197.8 196.6 195.1 193.5 191.6 189.5 188 186.6 184.9 183.1 180.2 178.5 177.7 176.7 176.3 176.5 173.7 171.7 170.3 168.8 165.7 163 164.4 169.2 178.9 188.7 197 202 204.5 208.9 211.6 216.6 220.2 223.5 227.9 232.6 234.5 230.6 229.3 224.7 219.6 219.2 223 229 234.5 240.5 246.6 253 259.7 263.7 268.8 273.3 277.6 283.4 289 295.2 302.2 307.8 309.4 309.1 309.6 309.6 314 314.2 313.6 312.7 310.7 308.7 300.7 300.1 299.2 302.1 294.3 289.9
177.8 193.6 201.2 201.1 201.2 201.1 200.7 199.4 198 196.9 195.4 193.7 192.4 190.9 189.4 187.9 185.2 181.9 182.1 181.3 180.4 179.4 178.8 176.6 174.1 174.7 174.5 174.3 179.8 180.4 186 194.7 202.4 207.4 212.1 216.3 219.5 222.5 223.8 225.9 229.9 236.1 242.4 243.4 240.8 237 234.5 228.8 222.5 227.7 232.8 237.7 246.4 254.3 259.3 262 267 269.9 273.8 277.8 283.9 290.4 296.4 302.9 308 307.5 307.8 308.9 308.5 315.8 318.2 322.2 325.9 331.9 327.8 320.3 320.6 315.7 307.1 300 292.1
183.7 197.4 201.9 201.9 201.3 201.2 200.6 200.1 199.3 198.2 197 196.8 197.2 195.2 193.1 191 189.3 186.7 185.9 184.9 184 182.8 180.5 178.8 178.7 179.7 181.5 182 188.5 194 199.7 206.6 213.8 217.5 220.8 224.5 227.5 229.5 232.3 231.2 237.6 243.6 250.5 250.9 248.9 245.1 241.4 230.7 232.8 235.1 241.2 248.6 257.7 261.6 266.9 270.4 270.1 273.7 277.2 281.4 287.4 292.1 296.4 299.8 303 304.9 308.8 316.7 321.5 325.6 327.7 349.2 354.2 363.4 358.6 348.6 338.7 327.7 313.7 301.4 294
184.4 195.5 200.6 202.4 202.9 201.4 200.8 199.8 199.7 199.5 199.8 200 201 198.2 196.1 193.9 191.7 190.6 189.9 188.8 187.7 185.7 183.6 182.2 183.8 185.7 188.1 191.5 196 205.1 211.3 217.6 223 227.1 232.2 233.7 236.5 240.3 241 239.5 248.5 253.5 257.1 260 258.3 253.2 248.8 238 239.6 244 247.2 256.5 264.2 269.3 272.8 277.9 278.4 279.4 281.6 285.5 290.9 291.8 293.9 298 301.4 311.5 325.9 339.1 333.4 362.3 384.9 407.1 407.4 403.7 398.4 386.2 358 341.9 320.5 306.3 297.4
183.5 193.7 199.4 203 205.2 204 202.3 200.6 199.4 200.1 200.8 204.2 204.2 201.2 198.9 196.7 194.6 192.9 193 192 192.2 191.3 188.2 188.2 190 192.5 195.1 199.4 205.7 213.8 220.9 227.5 233 240.3 242.7 247.2 248.5 248.5 248 251 253.5 255.8 259.4 261 263 260 256.7 251.5 239.5 251 254.8 262.8 267.8 270.4 275.4 279.5 281.8 284.3 286 288.9 291.6 293 297.2 304.3 318 340.6 350.2 362.1 390.2 422.8 442.9 444.1 439.9 436.8 433.7 418.5 396 365.9 329.3 314.2 302.9
178.4 187.5 199.5 204.2 206.5 208 205.9 204 203.8 204.3 206.5 210.9 208.3 204.8 201.3 198.4 196.9 196 195.8 195.7 197.7 199.7 197.2 194.9 197.2 200.1 204.3 210.7 216 222.1 228.4 236.6 240.7 244 247.6 251.1 253.9 254.1 253.7 255 256.2 257.5 259.3 261.3 265.1 265 263.8 261.9 256.5 260.6 262.9 272.3 278.4 276 278.8 281.1 285.6 290.8 295 297.7 300.2 302.5 313.7 331.5 345.5 354.4 370.3 412.9 433 444.2 448.3 450 449.5 447.6 444.9 435.4 410.2 374.9 344.6 326 309.2
178.2 189.4 197.5 204 208.9 209.9 209 208.2 209.9 210.7 210.9 210.8 210.2 207.4 203.6 201.1 200.1 199.4 200.1 201.8 204.9 207.7 206.9 207.5 207.5 210.9 216.1 218.4 223.4 228.1 232.6 239.7 244 247.9 251.6 254.3 256.4 256.4 256.4 256.9 258 260.4 260.8 263.3 269.7 272.4 270.1 270.6 265.5 270.3 279.6 283.7 290.5 291.5 290.6 291.9 293.7 301.2 305.2 310.8 317.5 326.1 329 339.2 370.4 393.2 421.4 428.6 437.7 447.6 453.3 455.3 456.3 456.6 455.2 449.9 424.6 395 363.3 335 318.2
177.8 190 198 204.4 208.6 211.3 213.1 214.8 215.9 215.8 215.1 211.7 210.8 208 205.5 203.7 202.5 202.7 204.1 208.3 212.4 216 217 217.5 218.6 221.1 224.1 227.3 230.8 235.3 240 243.6 248.2 251.9 255.4 257.7 259.9 260.3 259.9 258.7 260 259.4 263.1 267.6 276.3 284.1 283.9 275.1 269.3 281.1 282.8 287.8 291.5 293.7 294.7 297 299.3 305.9 311.4 317.2 324.3 334.2 344.5 362.5 386.5 412.6 421.9 430.2 444 452.9 455.3 457.1 458.6 460.9 458.4 458.2 453.2 422.6 387.4 345.6 319.8
176.3 184 194.8 203.9 210.6 214 218.8 221.6 221.6 221 219.7 215.7 211.1 208.2 206 204.8 203.8 203.6 207.6 215.2 220.6 225 226.2 226.6 229.6 231.8 235.4 237.7 240.2 245.1 248.5 251.3 253.9 258.2 260.7 262.3 264.1 265 264.6 264.6 264.8 264.2 269.8 278.8 286.1 289.9 290.8 286.1 276.9 280.4 281.9 286.3 291.1 295 297.8 300.8 304 308.2 314.3 321.2 329.1 338.4 356.6 378 401 412.4 419.8 429.2 442 451.4 454.7 457.4 459.3 461 464.7 467.1 469.5 450.3 412.7 368.4 331.7
173.4 180.6 190.8 201.3 210.7 215.6 221.5 225 226 224.7 223.2 219.1 213.4 210.2 207.8 206.4 206.8 208.4 213.8 222.3 230.3 234.7 236.5 238.8 240.5 242 246.3 249.6 252.3 254 257 258.8 261.5 263.6 264.9 267 268.5 269.3 269.7 270.1 271.5 275.2 281.4 283.8 289.7 288.9 289.8 288.2 280.6 279.1 280 285.5 291.4 296.8 301.1 305.6 309.1 312.5 318.1 324.2 332.8 345 357.4 373.5 396.5 408.2 416.5 425.8 437.2 446.8 452.3 455.6 459.4 463.8 471.2 474.9 476.6 471.5 441.5 397.1 341.3
170.7 178.5 189.8 200 212 218.3 224 228.6 229.8 228.4 225 220.8 216 212.7 210.1 210.4 212.3 216.6 223.6 230.4 238.7 245.3 252.3 252.8 252.6 254.2 258.2 260.2 263.3 265 264.6 265.4 267.3 270.1 267.6 269.5 272.7 272.7 271.8 272.8 274.5 277.4 282.1 286.1 287.5 286.8 287.3 286.4 282.5 280.8 282 287.7 293.5 300.2 309.4 316 320.8 320.6 322.3 324.7 331.9 342.7 354.7 368.2 386.7 403.3 412.1 422.4 433.1 442.4 448.8 453.9 458.9 465.4 474.1 481 483.4 478.2 471.6 425.6 363.4
168.6 174.3 185.8 198.1 212.3 221.6 227.2 230.7 231.6 230.6 227.1 222.4 219.6 217.2 217.2 219.5 221.8 228 235 242.6 248.4 263 268.7 269.3 277.1 278.2 277.8 278.3 277.9 277.4 278.4 278.2 278.2 281.7 284.7 278.6 276.9 274.4 273.2 273.7 276.1 278.8 279.9 285.3 284.7 285.3 285.3 283.9 283.9 284 284.5 286.1 293.9 302.2 309.4 321.8 324.5 323.5 324.3 325 329 337.6 348.7 361.9 380.3 397.9 409.3 419.3 429.5 439.8 447.8 452.6 457.1 465.4 478 481 482.9 481.2 475.7 469 397.6
167.8 171.6 181.5 195.7 212.2 222.9 229.7 231.6 232.1 230.6 229.2 226.4 223.3 222.4 226.1 229.7 233.9 239.4 245.6 254.1 266.2 276.2 281.2 285.4 290.5 293.5 296 295.3 296 296.2 295.2 296.4 297 294.9 295.4 291.2 283.5 279.9 277 276.1 276.5 277.9 279.2 280.9 284.4 286.7 287.4 292.9 302.3 293.4 287.7 288.6 293.4 300.6 308.4 317.5 322.7 325.1 325.3 325.4 329.9 334 344.5 353.4 371.7 393 407.5 418.2 428.4 438.5 446.9 452.3 456.5 464.1 476 479.6 480.5 480.4 474.9 469.5 413.6
168.4 171.7 176 193.7 208.1 221.9 228.2 231.2 231.8 231.3 230 228.7 227.7 230.9 234.1 239.9 245.7 250.1 255.9 266 277.3 284.7 290.3 295.3 298.2 303.2 306 307 311 310.4 309.6 307.3 304.2 303.9 301.4 295.4 288.7 285.4 285.7 285 287.6 280.9 281.4 283 285.5 290 300.9 300.9 301.1 300.9 290.2 288.3 290.7 297.1 304.6 313.6 322.5 323.6 322.3 322.7 327 331.1 338.1 349.7 363.4 382.4 404 417.5 427.8 437.4 444.3 449 457 463.7 471.7 475.1 474.4 475.5 471.3 466.8 421.9
167.7 170.1 174.9 188.4 203.2 217.3 225.2 230.4 231.2 231.3 230.6 229.2 231.3 235.7 242 250.2 254.2 259.5 265.2 275.6 284.3 292.3 299.1 304.7 310.8 315.3 320.6 324.4 325.9 325.7 325.5 328.4 324.4 320.8 315.4 308.2 302.8 296.9 296.6 298 294.5 286.6 283.2 283.9 286.8 291.8 300.7 300.1 300.6 300.9 289.2 288.5 288.8 294 300.2 314.2 320.8 320.9 320.3 318 320.6 326.9 334 347.6 362.8 377.1 398.7 415.9 428.2 435.3 440.5 445.5 457.6 462 466.7 468.8 468.8 469.7 466.1 461.2 432.6
168 173.2 177.5 185.1 197.5 209.9 217.8 223.6 227.1 228.9 230.2 230.9 235 239.9 246.6 253.5 259.4 267.4 274.3 281.9 289.6 296.6 304.5 311 317.6 323.6 331.3 336.3 335.2 337.1 336.8 336.5 337 337 334.5 332.7 324.9 311.2 304.7 303.5 295.7 288.8 286.4 286.7 288.7 299.8 300.4 299.5 299.8 298.2 290 288.6 288.7 291.9 298.9 307.8 315.2 317 317.5 314.9 316.5 323.3 333.4 344.9 357.6 375.4 397.1 415.5 425.6 431.4 436.2 446.2 454 457.3 459.7 463.1 463.6 462.3 460 456.2 452.7
173.7 179.9 179.5 183.5 192.7 203.2 210.2 216.7 221.7 224.8 227 231.3 236.7 242.1 248.3 256.3 262.7 271 280.7 287 293.4 300.7 308.7 315.9 322.6 328.6 339.7 346.5 342.9 344.3 343.8 343.6 344.6 344.4 344.6 345.5 346.8 344.6 331 316.4 303.7 292.9 288.6 289.1 291.8 298.6 298.2 297.9 297.7 298.2 292.7 290.6 290.2 294.5 299.7 305.2 310.9 312.7 313.9 314.4 314.9 321.6 333.7 340.4 357 367.5 390.9 409.1 416.5 425.6 434.4 444.1 448.4 450.5 452.6 455.3 454.9 454 453.2 452.5 450.7
179.1 181.9 180.7 182.1 188.6 195.2 202.6 209.1 211.1 216.5 223.1 228.7 234.8 241.6 248.5 257.2 264.9 271.9 281.7 288 295.1 303.8 312 318.4 325 333.3 342 345.9 343.3 344.7 345.8 348 349.6 349.1 352.7 355.6 355.6 355.7 355.4 348.4 325.7 306.7 298.1 294 295.3 296.8 296.6 295.6 295.8 298.1 298 298.4 298.3 298.2 299.6 304 307.9 310 311.8 313.8 315.8 322.8 332.4 339.6 349 361.4 385.1 399.6 406.4 420.3 435.1 440 441.6 443.6 445.5 446.1 445.9 446.5 447.8 448.6 449.8
177.6 182.7 182.2 184.5 184.5 188.6 194.7 199.4 202.1 209.7 216 222.5 229.7 237.5 245.7 255.7 264 270.3 278.7 286.7 293.6 302.2 310.1 316.3 323.3 332 338.6 340.8 341.7 343.9 346.5 349.2 349.9 354.5 361.7 365.2 366.2 365.7 371 371.4 365.9 339.7 319.8 307.3 302.9 298.5 298.8 297.7 295.6 297.2 304 310.6 302.9 299.8 300.1 302.9 305.6 307.8 309.7 311.7 316 324.6 330.2 336.3 344.3 354.5 380.3 390.4 400.6 420 429.8 434.8 434.9 434.8 435.6 436.2 438.4 439.8 442.4 445.2 448.4
170.1 178.2 184.4 186.3 184.8 185.2 189.2 189.1 193.4 197.6 203.7 211.6 223.4 231.9 240.8 250.6 259.4 266.1 274.5 284 292.3 300.4 307.8 313.7 319.4 327.4 333.3 337.8 338.9 341.2 345.5 348.9 354.1 361 368.9 373.5 375.8 380 384.7 380.8 381.2 376.6 366.7 351.7 337.5 319.9 307.2 300.5 298.2 298.5 303.6 310.9 308.4 300.2 300.2 301.8 302.4 304.4 307.1 310.2 313.7 319.6 325.3 331.5 339.2 349.3 367.6 387.5 405 416.8 424.6 428.1 425.8 425.2 424.7 424.8 426.9 430.7 435.5 439.6 443
165.4 174.5 181.2 185.5 185.3 183.6 181.5 181 184.1 186.4 189.6 202.9 217.1 225.4 233.5 243.4 253.2 261.2 269 281.3 290.8 299.8 304 309.1 314.5 320.3 327.3 331.2 333.3 339 343.6 346.9 355.6 365.7 374.4 382.8 388.3 393.5 393.8 391.8 388.3 381.1 375.8 367.6 355.3 337 322.3 308.5 304.4 304.4 308.8 310.3 306.8 299.7 297.6 297.6 298.4 300.9 303.9 308.6 310.8 315.3 320.6 326.8 334 344.1 360 385.5 409.5 414 414.2 414.9 413.3 415.4 414.4 416.6 417.9 422.1 431 434.7 439.2
155.7 166.5 176.1 182.6 183.3 181 178.5 175.2 176.4 179.4 189.5 201.2 208.6 219 227.7 238.4 248.6 257.4 264.5 275.2 287.4 297.3 300.3 302.6 307.3 312.5 318.2 322.5 327 334.2 340.1 346.5 357.7 369.1 382.6 392.6 400.8 404.2 402.6 398.7 391.6 385 376.1 367.3 359.4 346.9 332.9 320.3 311.9 309.8 308.5 306.9 302.6 297.6 297.6 297.6 297.6 299.3 301.7 304.4 307.3 310.9 315.5 322.6 330.3 345.4 365.5 388.1 399 402.8 403.8 403.3 402.9 405 405.2 409.7 411.7 416.9 426.6 429.9 434.4
146.9 159.5 170.9 178.6 181.8 180 174.6 169.4 171.3 175.1 189.1 202.5 207.8 213.2 222.8 233.3 243.8 254.6 262.6 270.5 283.2 291.2 293.7 295.8 298.9 303.6 308.1 313.7 320.9 327.7 334 347.8 360.2 373.7 390.1 402.7 409.8 410.9 408.3 402.6 394.7 385.4 376.4 367.8 361.4 352.4 340.1 328.2 316.3 308.4 306.2 303.5 299.4 297.6 297.6 297.6 297.6 297.6 299.3 301.4 305.1 308.7 313.8 320.5 325.1 341.6 366.4 378.4 385.2 387.5 387.4 389.4 391.4 393.8 396.5 401.8 405.9 412.6 423.8 429 431.7
135.3 150 165.5 174.6 178.8 177.8 172.5 168.1 167.7 172.6 183 190.5 199.8 208.6 217.9 228 238.4 251.5 260.2 270.2 279.7 284.2 286.9 289 291.2 295.4 301 306.1 313.7 322 331.2 348.2 362.6 380.8 397.5 409.7 418.2 417.4 412.8 405.4 396.4 387.1 378.1 369.3 361.6 354.5 344.3 331.5 320.7 307.8 303 301 297.6 297.6 297.6 297.6 297.6 297.6 297.6 299.9 304.2 308.3 313 317.9 323.5 335.7 356.4 364.9 368.1 369.7 371.6 374.9 379.6 383.2 387.4 393 401.7 410.6 420.1 426.3 434.6
121.4 141.1 155.4 167.3 174.1 173.2 169.9 165.3 161.7 169 180.1 187.7 195.4 204.3 213.8 223 234.5 247.3 258.9 267.3 273.2 277.1 280.1 282.2 284.4 287.5 293.2 299.6 308.1 317.2 332 347.1 365.4 385 403 416.2 424.2 423.1 417.7 409 399.3 389.8 380.8 371.7 363.7 356 346.7 337 326.2 313.9 304.8 299.6 297.6 297.6 297.6 297.6 297.6 297.6 297.6 298.7 304 308.7 311.8 316.2 320.8 336.8 345.8 348.6 351.1 354 357.2 360.3 366.7 375 382 389.8 399.9 406.8 414.7 427.2 434.1
108.2 126 142.9 155.8 166.5 170.3 167 162.2 159.4 162.7 174.1 184.2 190.3 201 208.3 217.6 228.2 242.9 254.1 261.6 266.9 270.8 273.6 275.6 278.7 282.1 286.4 294.4 303.9 315.7 328.7 343.9 365.5 387.4 402.5 416.6 426.5 428.2 419.4 412.2 401.8 392.5 383.9 374.9 366.7 358.9 349.9 342.3 330.8 319.1 309.6 301.9 297.6 297.6 297.6 297.6 297.6 297.6 297.6 300.2 305.6 310.1 311.3 314.1 317.6 324.1 331.4 336 339.8 343.2 347.1 352.3 357.6 369.5 380.1 388.3 398.2 406.4 416.5 425.6 433
98.1 111.5 131.6 146.7 155.4 163.2 161.6 158.7 158.3 160.9 170.4 180.3 186.3 193.3 201.2 210.4 222.2 236.3 246.5 254.8 260.1 264.4 267.7 270 273.5 277.1 282.4 289.2 297.8 310.9 326.3 342.6 363 382.8 396.2 410.8 422.5 423.9 419.7 412 402.4 394.9 386.1 377.5 371.3 363.9 356 346.9 337.6 327.3 318.2 306.7 301.4 298.8 297.6 297.6 297.6 297.6 298.3 302.8 308.2 310.6 310.8 311.9 313.6 317.5 323 326.9 330.9 335 340.3 345.8 351.3 362.4 380 387.8 397.9 408.7 417.5 427.2 432.7
89.2 104.6 122.4 139.7 147.1 154.8 157.1 154.3 154.4 161 168.5 175.7 181.5 186.9 194.9 204.1 215.8 228.1 237.9 246.7 253.5 257.9 261.9 264.4 268.1 272 276.6 283.2 293.3 307.3 324.6 341.1 359 375.7 389.7 402.8 414.7 418 416.2 409.6 402.8 395.6 388 381.5 376.8 371.4 364 355.7 346.3 336.4 321.6 313 306.4 300.4 297.6 297.6 297.6 297.7 299.8 302.5 307.4 309.4 309.8 311.5 311.1 313.6 316.3 320.2 324.7 329.5 334.2 341.8 349.4 358.5 375.9 387.7 402.5 413.7 420.8 428.2 434.6
83.7 98.5 114.2 133.3 140.2 148.4 152.7 150 150.6 158.4 164.2 170.2 175 182.1 189.9 198.4 209.2 222.8 230.7 238.7 246.6 251.3 255.3 259 263.4 268.5 273.2 280.5 291.9 306.7 323.6 337.6 356.4 370 384.3 399.8 408.4 412 410.8 410.1 404 398 392.3 387.7 383.8 379.9 373.5 366.4 357.6 348.3 331.5 320.3 310.2 305 300.8 298.5 299 299.5 300.7 302.7 306.6 308.4 309.2 309.3 310.3 309.2 310.3 313.6 319.1 323.2 330.7 338.7 348.2 362.6 379.6 390.7 404.5 414.9 422.7 428.6 433.3
80.3 92.3 104.3 122.6 133.5 142.6 148.3 148.3 152.4 157.4 162.1 165.8 170.1 179.3 186.8 193.9 202.8 215.5 225.3 232.6 239.7 246.2 248.7 254.9 259.2 265.3 272.6 280.7 290.6 306.8 319.5 334.5 351.8 367.7 380.5 397.6 406 410.6 410.9 410.7 408.6 403.3 399.4 395.8 393.1 388.9 384.4 379 372.5 362.8 349.9 334.7 321.3 308.3 303.7 302.4 301.9 303.1 304.3 305.3 306.7 306.9 306.1 307 310.6 310.9 312.9 315.4 317.7 318.9 325.3 336.7 350 365.3 380.8 393.6 407.1 417.6 423.4 429.4 432.1
73.8 90.2 102.6 112.8 127.9 127.9 138.7 148.9 152.7 155.1 158.1 162.5 168.5 176.1 182.2 189 197 208.1 217.2 224.4 231.6 240.3 242.9 250.9 257.3 265.3 272.6 280.1 289.7 305 317.6 334.3 349.2 362 376.3 394.3 405.9 410.8 411.4 411.5 410.8 408 406.1 405 405.8 406 404 395.7 389.5 380.8 366.4 350.8 330.8 317.8 310.8 305.6 305.2 306.3 307.7 308.7 310 309.9 307 305.8 309.8 312.2 314.6 315.3 318 320.5 325.5 336 348.8 371.5 380.8 392.9 405.2 416.4 422.9 427.4 430.1
