data/NC31.asc
ncols 200
nrows 200
xllcorner 230000
yllcorner 910000
cellsize 50
[rows 0 to 34 of 200, columns 78 to 155 of 200]
467.6 457.9 446.5 436.5 430.4 424.7 418.9 413 408.1 405.2 401.2 394.9 388.4 384.1 379.8 375.2 369.7 363.1 358.3 353.6 350.8 349 346.8 344.3 341 339.9 336.6 335.1 334.9 334 332.7 330.9 328.2 326.4 324.1 320.7 317.3 311.7 307.2 302.6 297.8 293.9 289.8 286 282.8 280.7 275.9 270.5 266.8 261.3 258.1 256.4 254.6 252.6 251.1 248.7 242.7 239.5 236.6 230.6 228.5 207.4 196.3 196.8 200.5 223 242.4 256.4 268.9 276.8 286.5 293.4 298 300.9 303.6 304.6 307.3 311
469.1 458.6 446.8 437.2 430.9 424.6 420.5 415.3 410.9 406.9 401.1 395.9 388.8 385.3 381.3 376.4 371 366.9 361.9 359.5 355.9 351.9 349.3 346.4 343.4 340.7 338.3 337.5 336.7 335.3 334 332.7 330.5 329.6 327.8 325 321.5 316.7 310.4 305.3 300.8 296.9 291.1 286.8 283.1 280.9 277.1 273 268.8 263.2 259.4 257.1 255.5 253 251.1 249.2 244.8 241.1 239.5 235.5 228.6 220.8 198.5 194 194.8 208.2 229.3 246 260.9 269.6 280.8 288.6 294.4 298.1 300.7 301.4 305.2 309.2
473.2 461.3 448.8 438.3 430.3 424.7 421.3 418.3 412.9 407.5 401.4 395.2 390.4 385.4 380.6 376.5 371.1 368.8 365.7 361 358.6 354.9 351 349.1 344.5 339.7 340.6 338.7 337.8 336.5 335.4 334.4 332.5 331 330.6 329.1 325 320.5 314.6 309.6 305 300.3 292.8 287.4 283.5 279.9 277.4 272.9 268.8 264.7 261.1 257.6 254.3 251.9 251.2 248.5 245.7 243 240.8 240.5 236 225.4 215.7 197.6 197.5 194.1 215.1 235.6 251.1 263.7 273.6 283.1 290.1 293.1 298.3 301 303 307.5
477.1 465.3 452.3 442 430.7 423.9 420.4 418.5 413.6 408.8 401.4 395.4 389.6 386.5 381.2 378.9 374.6 371.2 368.1 363.6 360.6 356.5 352.6 351 345.3 341.5 340.4 340.7 338.6 337.9 337.5 336.6 335.4 334.2 333.5 331.6 328.9 323.9 318.9 314.3 309.6 303.6 298.7 292.1 286.8 280.6 277.3 272.8 269.4 264.9 260.3 256.7 253.4 250.4 250.1 248.4 246.7 244.7 241.9 240.4 235.4 224.8 215 204.6 196 191 207.7 231.4 244.4 254.6 265.7 277 284.7 290.8 295.3 299.7 301.4 305.9
477.6 465.8 457.6 447.4 434 426 422.2 417.5 411.2 410.9 405.4 399.3 392.7 390 384.8 381.6 376.9 370.9 368.6 364.4 360.1 356.5 353.5 350.2 347.6 344.3 341.5 339.7 339 338.9 339.4 338.2 337.5 337.7 336.6 334.7 331.9 328.2 323.3 319 312.8 307 302.2 296.5 290.5 284.3 279 273 269.8 264.4 259.4 255.9 252.6 250.9 249 247.6 247.2 245.6 242.5 238.8 231.1 224.6 217.6 210.4 198.5 196.2 200.4 218.6 237 246.4 259.5 270.4 279.9 289.1 293.3 297.7 299.8 303.8
473.7 467 460.7 448.2 434.3 426.5 421.8 418.5 411.2 410.1 404.9 401.5 394 391.6 386.1 381.4 376.8 370.4 368.8 363.9 359.6 356.9 353.9 350.6 348.4 345.4 343.3 341.3 340 340.4 339.8 339 339.6 339.5 338.4 336.2 333.2 330.9 326.5 321.9 317.1 310.2 305.5 301.2 296.5 288.2 282.6 275 268.7 263.5 259.8 255.7 252.1 250.1 247.8 247.5 247.3 246.3 243.5 240.4 230.9 225.7 218.9 210.8 199.4 193.6 195.1 210.8 224.7 241.2 256.1 268.1 278.1 286.5 291.8 296.1 299.9 303.7
473.7 467.2 459.9 449.7 436.2 425.6 420.9 419 411.2 410 407.2 399.3 390.3 389 383.9 381.5 378.6 371.1 366.7 361.2 358.6 355.7 353.1 350.8 348.6 346.2 343.6 342 341.1 340.4 340.7 339.8 339.8 339.6 338.4 336.4 334 331.8 328.5 324.4 320.3 315.1 310.2 306.6 301.7 293.9 286.3 279.9 271.3 265.2 260.2 255.5 251.5 248.6 246.2 245.2 245.3 245.6 243.1 239.6 232.6 226.6 220.1 211.7 197.1 191 199.6 209.9 226.1 240.5 256.1 266.5 276.3 284.3 290.2 295.4 300.1 302.3
470.7 462.9 455.8 447.1 436.8 425.1 419.5 419 414.5 412.6 409 400.5 392.9 388.2 379.9 381.6 375.8 371.4 368.5 361.3 357.3 353.2 350.9 350.1 347.1 344.5 342.5 341.1 340.7 340.5 339.5 338.9 339 338.6 337.4 335.7 334.3 332.3 330 327.1 323.3 319.4 314.1 310.4 307.3 299.8 291.1 284.6 277.6 267.7 261.5 256.7 251.5 247.9 245 243 242.2 241.5 239.2 236.9 232.1 226.9 218.5 210.4 198.5 188.8 200.7 206.4 223.1 239 252.3 264.1 274.1 282.8 289.2 294.5 299.7 300.7
473.4 464.4 449.7 440 431.7 424.1 419.7 418.6 418.6 415.5 411 404 395.1 388.2 380.7 373.5 370.5 369.3 366.8 360.5 357.9 353.2 349.7 349.1 346.1 342.5 341.7 340.1 340.2 340.5 339.3 338.1 337.2 336.7 335.8 334.1 332.9 332.1 330.9 328.2 324.9 321.4 317.4 312.8 310.9 304 296.2 288.8 283 274.7 265.2 257.9 252.6 247.6 244 241.3 239.8 239.4 236.6 234.4 232.1 225.9 218.2 210.2 199.4 188.1 201 205 218.4 233.8 249.1 263.4 272.5 281.5 287.5 293 297.1 299.1
480.4 467.7 448 434.6 425.7 419.3 418.2 419.2 420.9 417.3 413 405.6 396.8 389.3 382.4 373.3 367.3 360.1 361.2 359.5 357.5 352.1 350.5 349.4 346.5 341 339 339.4 339 338.4 337.8 336.6 335.7 334.5 333.8 332.6 331.1 331.2 330.9 329.2 325.2 320.8 316.8 312.7 308.7 304.5 299.2 291.5 285.7 279.9 270.6 261.1 254.1 248.3 243.9 240.8 239.6 237.4 234.3 232.2 230.7 224.5 216.8 209.9 198.3 188.8 198.2 201.3 217.6 234.2 246.8 258.8 269.7 277.8 284.2 290.2 292.7 294.7
484.4 466.3 446.4 433.1 422.8 418 418.9 419.5 419.5 415.7 411.6 405.6 398.5 392.5 383 373.7 367.9 358.4 355.8 355.8 353.6 349.4 350.9 349.7 348 340.5 340.5 338.3 336.7 335.3 335.5 335.1 333.9 332.6 331.4 330.9 329.3 329.5 328.7 327.3 324.1 320.1 315.8 310.9 306.6 302.4 298.3 292.7 287.1 281.4 273.5 264 257.1 249.7 245.4 241.5 238.9 236.1 232.7 230 227.9 219.6 210.4 206.2 192.7 189.3 191.7 198.5 209 220.6 238.8 251.7 260.2 270 278 283.7 289.3 290.2
485.3 456.8 434.9 425.8 419.9 415.5 415.2 416.4 414 410.1 407.9 403.5 396.7 391.5 383.9 375.1 367 359.3 350.4 350.3 350.5 348.4 348 346.3 342.5 339.9 338.3 335.2 334 332.5 332.5 332.5 331.9 330.8 329 327.6 326.9 325.5 324.4 323.8 321.2 317.9 312.7 308.4 304.3 299.7 295.7 290.6 286.2 281.6 274.5 266.1 258.9 251.5 246.7 242.3 239.3 239.1 236.4 233.1 229.5 221.2 212.6 199.7 190.6 187.2 188.3 203.4 221.6 235.3 250.4 262.6 270.4 274.8 280.4 285.8 290.6 291.3
475.2 447.5 423.4 418.6 417.8 413.6 412.6 411.7 410.3 406.5 403 400.7 393 386.1 379.7 373.5 365.4 359.5 351.7 347.1 344.2 346.5 343.2 340.3 337.8 336 334.8 331 330.5 330.8 329.9 330.3 329 327.5 325.4 324 322.2 320.8 320.1 319.5 318.2 314.2 308.9 305.1 302.2 297.5 292.2 288.8 286 281.4 273.9 266.2 259.3 252.8 247.3 243.7 240.4 241.1 237.5 233.4 229.1 221.5 213.9 199.3 188.4 187.1 187.7 213.3 230.5 244.9 259.8 271.2 277.7 282.4 287.3 293 296.8 298.6
460.7 441 420.2 418.5 417.7 417.6 415.2 413.2 410.8 405.6 399.6 392.1 387.7 380.3 374.9 370.1 363.4 357.1 350.2 345 340 340.1 340.7 338.3 332.8 330.7 330.5 329 327.9 326.4 324.9 323.8 323.7 323 320.9 320.8 319.5 318.2 317 315.6 314.1 309.9 304.7 301.7 300.2 295.4 290.6 287.4 285.1 281.8 275.5 268.7 260.5 253.2 249.4 246.3 243.2 240.9 237.4 233.2 229 220 212.4 198.4 188.1 187.9 190.6 210.3 231.1 249.9 265.3 274.6 282 287.1 291.4 296.5 300.7 300.9
445.9 432.8 422.8 420.7 418.7 418.5 418.7 416.7 411.2 405.8 399.5 390.1 380.2 374.1 371 365.5 359.9 354.6 349.3 344.7 340 338.6 337.6 334.8 330.5 327.6 326.6 324.5 323.2 321.8 320.5 319.1 319 318 317.6 316.7 315.9 314.9 314.3 312.1 310.5 305.8 301 298.3 296.2 292.9 289.7 287.2 285 282 277.4 270.2 262.9 256.4 250.9 247.9 242.1 240 236.4 230.7 226.4 213.9 206.6 195.3 188.1 187.9 189.4 214.7 234.6 252.9 267 276.2 283.4 288.9 293.3 297.4 299.8 300.9
440.7 432.5 426.9 423.6 422.3 420.8 423.3 421.4 414.7 409.3 400.8 392 381.6 373.7 367.8 360.4 355.9 350.1 347.5 344.9 341.5 337.9 332.6 330.1 329.5 324.9 322.1 320.8 319.1 315.2 313.4 313.4 313.5 312 312.4 312.5 311.4 311.9 312.5 310.4 307.9 302.7 299.8 296.1 293.1 289.8 288.8 286.6 284.4 281.6 276.2 269.4 260.7 258.4 254.1 250 245.8 239.5 233.8 229.2 222.8 213.2 201.1 192.7 187.9 187.8 194.8 216.4 237.7 254.5 267.3 276.3 283 288.9 293 296.3 298.3 299.6
440.6 434.6 430.4 428.9 428.7 429.3 430.4 425.2 419 413.8 404.9 396.5 388.6 376.9 369.7 360.4 353.5 349.8 345.3 340.6 338.4 338.7 332.9 330.7 329.1 323.9 319.9 319.3 319.4 311.5 309.1 310.5 309.9 308.5 307.9 307.5 306.2 306.9 310.5 310.6 307.7 301.1 298.4 294.3 292.1 290.3 288.5 286.2 283.2 280.6 276.3 270.9 269.1 265.4 258.9 253 248 242.1 237.5 232.2 225.2 218.3 208.2 190.1 187.9 186.6 190.2 213 235.2 252.1 265.5 274.9 282.4 287.9 291 293.3 296.6 298.8
444.4 441.4 438.1 436 436.8 437.2 435.2 429 422.5 415.2 407.9 398.1 388.9 376.6 368.7 362.2 355.9 352 348.3 343.1 339.4 338.5 331.9 329.1 328.9 325 320.5 321.1 321.1 318.4 310.4 309.1 308 304.6 303 301.2 299.8 300.9 300.5 300.6 300.6 299.2 296.4 293.1 291.5 290.4 288.1 285.5 282.9 280.2 274 270.8 270.7 266.6 260.3 255.4 251.1 244.9 238.4 233.6 228.4 219.1 212 199.9 184.9 180.5 183.8 200.8 230 248 262.8 272.8 281 286.8 290.3 291.1 294.7 297.7
450.8 448.3 444.3 441.1 442 441.1 439.5 431.4 424.2 418.1 411.9 399.2 389.5 380 369.6 363.2 357.5 353.2 348.1 343.5 340.5 339.1 336 330.5 330.2 326.4 321.5 320.8 321 320.8 313.7 309.3 306.8 301.1 300.8 299.9 298 295.6 294.3 293.6 292.7 291.1 289.8 290.7 289.6 287.9 286 283.7 281.6 280 272.7 269.3 268.1 262.5 258 253.4 250 246 238.9 233.1 226.8 219.6 214.4 204.4 191.4 179.5 182 200.4 223.5 244.4 258.4 269.6 278.9 283.6 287.4 289.3 292.7 296.1
458.5 454.9 448.7 449.1 448 445.2 441.4 434.5 427.1 421.9 414.2 402.8 392.7 383.1 373.2 364.8 359.4 351.9 346.9 342.4 339.8 336.5 334.2 330.5 329 326.1 323 320.6 320.8 321.1 317 310.9 308.2 301.7 299.9 299.2 296 291.2 289.6 289.8 289.4 285.4 285.5 287.3 285.6 283.3 281.6 280.2 279 277.7 272.1 269.7 263.7 259.5 255.1 250.7 247.4 243 238 233.3 228.3 221 216.6 209.1 196.7 185.1 179.2 190 217.8 238.1 254.8 266.6 275.3 280.1 285.3 288.9 292.5 295.6
465.5 458.8 455.6 456.8 454.8 450.2 445.6 437.6 430.2 425.3 416.4 407.7 398.7 387.3 374.2 366.8 359.7 351.6 345.9 341.6 339.9 335.3 331.7 330.6 328.9 324.7 321.7 320.2 320.6 319.9 314.4 311.2 309.2 307.7 302 300.1 299.2 292.8 290.1 290.4 289 280.7 279.8 280.9 280.1 280.9 279.9 277.1 276.2 274.5 270.8 268.4 262.8 258.7 251.9 248.8 242.6 239.9 236.5 231.5 228.7 221.1 216.6 210.1 201.9 191.6 179 180.9 205.8 229.8 248.4 263.2 272.2 279 284 288.5 291.9 294.5
471.1 466.1 462.7 460.6 460.1 454.6 449.1 442.3 435.4 430.2 420.8 411.8 401.5 389.3 376.1 368.3 360.9 352.5 345.4 341 337.6 333.9 330.7 329.8 328.1 323.5 319.9 319.4 319.5 319.7 313.1 310.1 309.6 308.9 304.7 300.8 300.2 297.9 294.1 291.1 290.7 285.8 280.6 280.1 270.9 277.6 276.4 274.3 273.8 271.8 267.6 263.6 259.4 254.4 250.6 248.5 241.3 239.8 236.4 230.2 226.9 222.2 218.6 210.8 201 192.2 179.9 180.5 203.1 226.6 247.1 261.8 270.1 276.9 282.7 286.6 290.1 292.4
472.9 469.7 469.3 465.9 463 457.3 450.1 444.7 440.2 433.5 426.5 417.5 408 396.9 378.5 370.5 361.8 354.8 347 340.3 336.1 333.3 330.7 328.5 326.5 323.7 320.7 319.4 319.7 320.2 317.8 313.2 310.3 310.9 306 301.8 300 299.1 295.7 291.3 289.7 287.1 282.4 279 270.5 269.6 271 271.1 270.8 269.4 265.2 260.1 256.6 252.3 249.4 244.8 240.4 237.7 233.9 231.1 228.4 223.7 218.7 212.6 205.4 193.1 180.2 179.3 203.3 224.8 243.6 258.2 267.3 275 279.9 283.3 287.7 290.3
481.2 476.8 473.3 469.9 466.3 459.5 452.8 446.8 442.4 436.4 431.1 422.1 412.4 402.9 384.3 371.5 362 353.1 346.7 339.4 335.3 333.1 331 328.4 325.6 323.1 320.8 319.4 319.6 319.4 317.4 313.7 310.5 309.9 304.3 299.5 299.5 298.2 294.9 290.6 289.1 286.8 283.4 281.2 277.1 271.2 259.7 264.8 266.3 264.2 261.2 257.9 254.5 250.8 246.7 241.7 237.9 235.7 232 229.3 225.7 221.7 218.1 212.7 204.5 193.2 180 180 202.6 221.5 238.7 252.6 264.2 272.3 276.6 280.9 285.1 288.9
484.2 481.9 478.6 474.5 470 462.6 456.8 450.2 447.6 440.6 433.2 424.3 416.1 402.8 391.8 374.7 362.9 353.3 344.4 338.5 334.1 331.9 329.9 329.3 325.3 322 320.2 318.5 317.2 317.1 315.5 312.5 310.3 309.3 304.1 300.6 299.9 297.4 294.7 291.6 289.5 287.7 285.1 280.7 276.8 272 267.4 261.4 259.3 260.2 257.7 254.8 252.3 249.5 245.3 241.1 236.4 233.7 230.9 226.2 222.4 219.7 216.6 210.8 201.9 187.6 173.2 176.5 199.1 218.4 234.2 248.3 261.3 267.7 272.5 277.2 282.2 285.5
492.4 488.6 484.1 479.6 474.3 466.8 460.8 456 450.8 446.3 439.9 427.5 419.6 402.9 391.3 376.5 364.8 350.7 344.1 338.7 333 330.6 328.1 327 323.2 320.7 320.5 317.5 315.9 314.6 313.5 311.6 309.3 308.8 303.5 299.5 299.5 297.5 294.9 292.9 290.9 289.1 287.2 283.9 279.9 274.9 271 267.7 260.5 257 251.8 250.8 249.5 246.2 242 239.6 235 231.1 229.6 223.8 220.2 217.3 213.6 205.9 194.8 181.4 171.1 178.4 195.9 211.2 225.7 240.3 253.6 260.9 265.7 270.5 280.2 280.2
497.9 492.8 488.2 484.8 479.6 472 466 461 456.3 451.2 443.5 433.2 422.4 409.3 395.3 377.4 360.2 351.2 342.4 335.4 328.8 327.4 325.2 323.2 320 321.1 319.7 317 314.5 312.9 311.4 310.5 309.5 307.1 303 300.1 299.1 297.7 295.1 293.5 291.8 290.3 290.4 286.7 281 278.7 274.4 270 263.6 258.9 251.7 247 240.8 239.5 236.6 233.9 230.9 226.2 222.6 218.3 215.1 212.1 208.1 197 188.2 178.3 169.3 177.5 194.1 202.1 212.9 230.4 241.7 253.1 258.5 263.5 269.2 272.5
502.2 496.6 493.9 490.8 485.1 477 470.3 466.3 462.2 456.2 447.9 436.6 427.9 414.1 397.6 382.2 365.7 351 341.1 332.2 328.5 326.5 324.2 322.1 320.5 319.3 317.9 315.5 313.5 311.3 310.6 309.9 309.5 306.7 303.5 300.7 299.1 297.6 295.7 293.9 292 290.4 289.5 287.3 282.2 280.7 278.9 272.4 267.3 263.3 259.4 248.9 246.1 240.4 234.6 229.5 224.8 220 215.8 212.8 208.2 204.1 198.8 190.4 182.8 174.6 169 180.8 198.9 194.9 202.4 213.7 227.7 240.5 248.7 254.3 259.5 264.8
505.4 501.8 499.2 495.4 488.3 480.4 474.4 472 467.7 459.5 449.6 442.8 431.1 416.3 401.4 385.5 367.1 354.6 343 335.6 330.2 326.2 323.5 321.3 318.2 315.6 314.3 312.4 311.3 310.1 309.1 309.2 307.8 306 303.5 301.1 299 297.8 296 294.1 292.3 290.5 289.4 286.4 282.4 279.4 279.3 277.6 271.6 265.9 260.4 259.3 250.8 245 239.5 234.4 229 222.3 214.6 208 198.7 191.3 185.4 182.3 175.7 172.1 168.5 177.4 186.6 186.6 189.9 202.9 210.8 224.1 236.1 244.6 250 255.1
510.1 506.3 503.1 499.8 492.1 483.8 480.9 477.7 472.2 463.5 452.8 444.9 433.9 418.8 402.7 388.9 368.8 354.3 344.9 337.2 329.9 325.8 322.1 320 315.7 312.3 310.8 310.5 310.1 309.1 310.6 308.7 306.5 304.7 302.6 300.8 299.8 297.6 295.6 294.3 292.5 290.9 289.6 287.5 283.3 279.8 280.9 277.4 271.5 268.1 262.9 259.9 253.2 248.6 243.2 238.1 231.4 228 218.8 211.3 201.5 191.1 181.7 170 169.5 168.8 165.4 172.3 177.3 179.4 185.3 192.7 198.3 209.3 219.6 233.6 240.5 246.1
512.9 509.2 504.6 501.7 495 488.3 491.2 484.5 474.5 466.4 455.3 446.7 434.6 419.5 405.1 389.7 374.2 357.1 350.1 337.9 331.2 324 319.5 317.7 313.1 310.5 309.1 309.3 309.1 308.9 309 307.4 304.9 302.9 301.6 300.3 300 297.7 295 293.4 291.9 290.5 290.4 289 285.7 282 280.9 278.1 271.7 269.6 263.8 259.1 252.7 249.3 244.7 240.2 235.7 230.2 222.7 214.1 205.5 195.4 188.7 181.6 173.9 167 159.4 166.4 169.4 172.1 176.5 184.1 189.7 194.7 207.2 218.6 229.4 236.2
512.7 508.2 504.8 501.3 495.3 491.2 489.7 484.2 472.7 465.3 456.5 446.9 433.8 418.2 405.7 390.3 376 364 352.4 342 337.4 323.3 319.3 316.2 311 309.6 308.2 307.6 305.7 305.1 305.3 304 302.3 300.3 300.7 300.4 299.8 298.8 295.6 292.2 290.6 290.6 290.8 289.8 287.2 284.2 280.9 278.6 270.6 268.9 261.9 259.5 259 252.1 248.4 244.3 239.4 233.1 227.1 221.4 213.1 204.7 196.9 191.1 182.9 171.4 159.7 161.1 162.6 165 168.4 174.2 180.3 186.1 190.8 202.8 216.5 222.1
513.3 506.5 502.7 499.4 493 487.3 485.3 479.2 467.9 461.1 451.6 441.2 428.1 417.8 401.3 387.5 375.9 364 354.7 343.8 332.1 325.5 321.8 318.6 309.9 307.9 307.3 306.5 303.4 301.6 301.8 301.7 301.4 299.5 299.5 299.3 299.8 298.8 295.9 292.3 290.1 290.5 289.3 289.8 289.9 289.3 285 278.6 272.6 270 265 262.1 260.1 255.4 252.2 247.1 242 236.9 231.2 227.2 220.3 213.7 207.4 199.6 190.7 180.9 170.7 159.9 158.4 158.9 160 164.1 169.7 174.8 181.2 180.2 201.9 208.2
511.3 502.3 499.5 495.4 489.3 482.2 477.7 469.5 458.8 450.9 441.5 430 417.2 410.4 397.1 385 373.8 363.6 353.9 343.1 332.8 328.4 323.3 318 308.8 307.1 306.7 305.9 301.6 299.5 299.3 300.3 300 298 296.3 296.8 297.8 296.8 294.4 291.8 290.8 290.7 289.4 290.8 289.4 289.6 283.1 279.5 274.7 270 268.8 263.7 260.8 257.3 252.5 249.1 244.1 238.9 233.3 231 224.2 217.7 210 203.9 196.6 189.1 183.3 173.6 163 157.9 151 155.8 159.5 164.3 172.1 176.1 176 193.6
505.4 496.7 493.1 489.7 483.2 475.4 465.6 457 446.6 437.8 428.6 421 410.6 400.9 390.5 379.5 370.5 361.3 351.7 341.3 334.4 329.6 323.5 317 309.1 306.7 305.3 304.4 301.3 299.9 297.2 295.9 295.2 294 293.8 292.9 293.1 293.1 292.7 290.9 290.8 290.2 289.2 289.2 289.1 289.3 281.2 278.9 275.4 270.6 268.4 263.9 259.6 257.3 251.8 249.6 245.3 239.3 233.7 229.4 223.9 219.8 214.5 209.4 202.9 195 190.7 181.7 173.4 165.3 153 149.6 151.5 155.6 161.1 167.2 170 170.9
