data/NC72.asc
ncols 200
nrows 200
xllcorner 270000
yllcorner 920000
cellsize 50
[rows 0 to 34 of 200, columns 78 to 155 of 200]
331.9 338.2 341 340.8 343.1 346 345.9 340.5 328.9 317.2 305.8 295.6 285.8 284.8 290.3 295.8 301.3 309.3 317.6 327.8 339.4 353.1 362.7 372.2 382.4 387 385.7 379.1 367.8 359.5 348.8 336.8 327.3 317.7 308.4 299.1 291.8 285.1 279.6 276.4 273.2 269.6 267.6 266.5 265.6 264.8 266.6 268.2 270.7 273.6 275.1 277.6 279.5 281.8 282.1 282.4 281.1 279.5 276.1 271.6 267.1 262.7 259.9 257.1 254.3 251.4 249.5 244.5 240.8 239.5 239 239.1 239 238.6 238.1 236.9 234.5 232.1
328.5 333.2 335.9 339.9 345.7 349 350.5 343 333.5 321.6 308.3 298.2 290.2 287.9 293.1 298.3 303.9 311.7 320.6 332.2 343.7 353.9 363.1 372.2 377.4 381 382.3 378.7 370.1 360 351.4 343.2 333.7 324.2 316 311 303.1 295.1 289.7 286.5 283.3 282 281.2 279.7 278.2 276.8 276.9 278.5 280 281.3 283.1 284.9 288.2 290.8 290.8 290.7 289.7 289.2 287.8 284 280.1 276 270.3 267.5 264.5 261.3 258.8 252.2 246.2 241.3 240.4 239.8 239.8 239.3 238.4 236.5 234.6 232.6
325.1 328.1 332.4 336.7 342.3 347.8 350.7 342.4 334.2 323.9 311.7 302.6 295.8 288.4 292.2 299 306.6 314.1 322 333.3 343.7 351.8 361.1 369.4 371.8 373.8 375.3 373.1 367.9 357.9 351.6 348.8 339.6 330.3 327.2 322.9 317.9 310.1 304.4 300.7 297.2 295.5 294.4 292.4 290.5 288.5 287.1 287.8 289.2 289.1 290.5 293.8 297.1 299.7 299.1 298.7 298.8 298.8 298.9 296.8 294.2 289.4 282.6 277.7 274.5 271.2 268.1 259.9 252.4 245.3 242.3 240.9 240.7 240.2 239.3 237.8 235.8 233.6
320.6 324.8 329.1 333.3 338.8 343.9 347.6 344.2 334.4 323.8 312.2 306.7 301.6 294.2 293.7 301.7 309.3 317 325.7 334.5 343.2 350.7 359.2 364.4 366.2 367.3 366.9 366.4 362.7 358.1 355 352.1 346.4 340.8 338.4 334.3 329.3 324.3 319.3 315.8 312.3 309 306.3 303.3 301.1 299.2 298 296.9 298.3 298 299 302.1 305.2 306.6 306.3 306.6 306.7 306.7 308.1 307.8 305.4 300.6 294.2 287.7 283.4 278.6 273.8 267.6 259.9 252.8 245.8 242.6 244.3 247.3 246.2 241.7 237.1 234.5
317.9 321.8 325.7 330 335.3 340 342.5 341.3 332.1 323.6 314.1 308.6 304.4 300.3 296.9 303.6 310.9 317.7 325.8 334.1 342 348.5 355.4 358.4 359.7 359.4 359 358.7 358.2 357.6 356.7 355.4 354.8 351.2 349.2 346.3 343.5 340.2 332.3 330.4 328.7 323.5 318.7 315 312.3 309.9 308.9 308.1 307.3 308.2 309 310 312.3 313.8 312.7 314.4 314.5 315.3 317.2 317.1 314.8 309.1 301.9 294.7 289.2 284.1 279 274.1 267.5 260.7 253.7 247.7 249.1 250.9 250.1 249.1 243.8 241.1
315.8 319.7 323.6 327.4 332 336.7 339.3 337 332.9 324.1 315.9 310.8 306.7 302.6 300.3 303.8 310.7 317.3 324.2 331.6 339.8 345.6 350.2 351.8 353.3 352.8 352.3 353.9 356 355.6 354.6 355.7 358.1 358.1 356.1 355.8 355.9 351.7 349.9 348.7 344.5 338.1 332.5 328.2 323.9 320 318.4 316.2 314.4 315 315.9 317.2 319.3 319.8 319.5 321.2 322.4 325.7 326.5 324.8 320 313.8 307.4 300.5 295.4 290.3 284.3 278.3 272.1 264.8 257.5 248.6 251.5 254.3 253.6 252.9 249.9 245.9
313.7 317.5 321.2 325 328.7 333.4 336.3 334.6 332.2 325.9 318.8 313.3 309 305.6 303.5 305.8 310.9 317 323.6 330.7 337.8 342.8 347.8 348.8 349 348.2 347.8 349.6 352.9 353.5 353.4 356 359.1 362.5 363.8 363.3 365 367.9 368.3 365 357.7 350.7 344.2 337.9 332 329 327 323.5 321.7 322 323.3 324.5 326.2 325.5 326.2 327.4 328.8 331.9 332.7 330.3 325.3 318.9 312.5 305.5 299.4 293.3 287.4 281.4 275.5 268.6 260.8 251.8 255 257.8 257.1 256.3 254 250.8
311.4 315.1 318.9 322.6 326.4 329.5 332.1 332.2 329.5 325.5 319.7 315.3 310.6 308.5 307.6 308.6 311.9 317.9 323.9 330 335 340 343.4 345.6 345.7 345.7 345.8 346.6 349.1 351.5 354.1 357.6 361.1 364.6 367.2 369.4 373.3 376.3 377 372.3 365.5 359.1 352.6 346.7 339.8 336.1 334.3 330.9 327.8 329 330.3 331.6 331.1 329.2 329.7 331 332.2 333.8 335.3 333.6 330.4 324.7 316.7 308.4 302.3 296.4 290.5 284.6 278.6 273.1 264.8 256.5 258.8 260.9 259.8 259.7 258.3 252.4
309.8 312.9 316.6 320.4 324.1 326.9 329.2 329 327.6 323 319.6 315.9 311.9 310.1 309 309.8 310.9 315.7 322.3 328 332.3 336.7 339 341.9 343.5 343.6 343.7 344 346.1 348.7 353.3 358.5 363.2 366.7 369.8 375.5 380.4 383.6 382.4 380.3 376.2 369 360.9 355.1 348.8 342.2 338.7 336.1 334.9 334.6 334.1 333.5 333 331.9 332.4 333.5 334.5 336.2 337.7 335.2 332.5 326.4 317.9 310 304.6 299.2 293.6 287.7 282.5 277.8 263.9 259 260.4 261.4 259 260.1 260.5 254.5
308.4 311.5 314.5 318.1 321.7 324.1 326.3 326.7 324.9 323.3 320 316.6 313.3 312.1 311 311 311.9 314.7 321.3 325.7 330.2 334 336.7 339.2 340.4 341.5 341.7 341.9 343.1 345.9 350 355.1 360.2 365.4 371.5 378.2 382.5 386.5 388.6 387.7 386.9 381.7 373.2 365.7 359.6 353.8 347.4 343.9 339.9 338.3 337.2 336.2 335.2 334.3 334.9 335.8 336.8 337.5 338.1 336.4 332.8 326.5 318.1 311.3 305.8 300.4 295.1 289.7 284.3 278.8 267.4 263.2 262.5 263.2 262.2 259.3 260.1 254.3
307.1 310.1 313.1 316.2 319 321.2 323.4 324.4 322.8 321.7 320.1 317.2 315.3 314.1 313 312.3 313.1 315 319.3 323.7 328.6 332.4 334.5 336.6 338.9 341.2 340.5 340.6 340.1 343.1 347 351.7 356.9 363 369.8 378.4 385.4 390.6 396.5 398.8 397.4 394.1 387.1 379.5 372 365.5 357.9 351.7 346.5 342.9 341.9 340.9 339.9 338.7 337.4 338.2 338 337.9 338.2 336.4 332.4 326.3 318.4 312.6 307 301.4 296 290.6 283.6 277.2 270.8 267.5 266 266.3 265.1 262.3 259.5 253.6
306.3 309.8 313.3 315.7 317.2 318.7 320.6 322.1 320.8 319.7 318.4 317 316.2 314.9 313.7 313.2 313.2 313.2 316.7 321.3 325 329.2 332.3 336.4 339.2 341.8 341.9 340.4 339.6 340 344.2 348.4 354.5 361.3 368.2 376.8 387.4 393.7 400.8 406.3 408.8 405.8 400.7 392.4 384.4 374.6 366.5 358 353.1 348.2 346.6 345.5 344.4 343 341 338.2 338.2 338.3 337.9 334.9 330.6 325.6 319.5 313.9 308.3 302.7 297.1 291.5 286.6 281.1 275.6 271.8 269.4 269 267.7 264.6 260.7 256.2
307.4 310.1 312.6 314.9 315.9 317.3 318.8 319.7 318.7 317.6 316.6 316 315.6 315.1 314.4 313.6 313.2 313.2 314.2 318.5 321.8 325.4 330.9 335.6 338.7 341.5 342 340.9 339.9 338.8 339.9 346.2 352.4 358.6 365.3 374.9 386.5 395.4 404.6 413.5 419.4 413.2 407.2 399.7 391.3 382.2 373 363.9 357.9 354.7 351.2 350.1 348.9 346.8 343.8 341 338.3 336.4 336.5 333.6 329 324.1 320.2 315.5 309.9 304.3 299 294.9 290.3 285.7 280.9 275.9 272.4 270.9 269.7 266.3 261.8 257.2
307.1 309.4 311.8 313.7 314.7 316 317.5 316.9 315.9 314.9 314.1 313.9 313.6 313.1 312.5 312.3 311.5 311.6 312 314.7 318 323.3 329 334.1 338.1 339.3 339.5 338.4 337.5 337.8 340.2 345.1 351.6 356.8 364.3 374.7 386.7 396.1 407.6 420 421.6 419.7 413.2 406.8 399.6 390.2 380.7 373.2 367.6 364.3 357.4 354.6 352.6 349.5 346.6 343.9 341.2 338.4 335.8 331.6 327.3 322.7 319.6 316.5 311.5 306.5 302.4 298.3 293.8 289.1 284.3 279.6 275.4 273.5 271.6 267.4 262.8 258.3
307.1 308.9 311 312.5 313.5 314.7 314.8 314.1 313.2 312.1 311.8 311.7 311.6 311.2 310.4 309.6 309 309.1 309.2 310.6 315.3 321.3 327.1 332.2 335.2 336.1 336.9 336.4 336.7 337.1 340 343.1 348 356.7 365.6 375.5 387.6 400.1 411.8 422.3 424.7 422.5 418.5 413.1 408.7 399.1 392.2 387.9 379.8 371.8 365.3 360.1 356.4 353.2 350.2 347.6 345 342.4 339.1 334.2 328.7 323.6 321.4 318.2 313.4 309.7 305.8 301.7 297.2 292.4 287.6 283 278.5 276.4 274.1 269.2 264.1 259.3
307.2 308.9 310.7 311.8 312.6 312.7 312 311.3 310.5 309.7 309.6 309.2 308.4 308.5 307.7 307 306.4 306.5 306.6 308.2 313.1 319.2 325.2 328.7 331.4 332.4 333.3 334.2 335.1 337.3 340.8 344.3 348.6 357.9 367 377.2 388.4 401.1 414.4 423.6 427.4 425.8 422 417.1 412.3 407 400.9 395.7 386.1 377 370.1 363.9 360.8 357.6 354.5 351.7 348.9 346 342.1 337.5 331.7 326 321.8 322.1 316.5 311.1 307.4 303.5 299.6 295.7 290.9 286.2 280.8 278.9 276.3 271.4 266.4 261.5
307.2 309 310.7 312.1 312.9 311.5 310.1 308.6 307.7 307.2 306.3 305.5 304.9 305.2 305.1 304.3 303.9 304 304.5 305.9 310.3 315.5 321.5 324.9 327.6 329.7 331.8 334 336.1 338.3 341.8 345.4 349.6 359.1 368.5 379 389.8 403.8 416.8 424.5 429.5 429.3 425.9 421 416.2 411.3 406.1 398.5 389.4 380.6 373.5 368.8 365.1 361.9 358.8 355.7 352.6 349.1 345.1 340.9 335 330.2 325.4 323.2 318.8 313 308.4 304.3 300.4 296.6 292.8 288.7 282 280.8 278.4 273.5 268.6 263.6
308.9 310 311.1 312.5 311.7 310 308.3 306.6 304.8 303.4 302.6 301.7 301.4 301.9 302.4 301.7 301.3 301.6 302.5 303.7 308.2 312.6 317.4 321.1 326.3 329 332.2 335.1 337.2 339.3 342.8 346.4 352.4 361.8 371.3 381.7 393.7 405.7 418.9 424.4 429.1 428.8 426.6 423.7 418.9 414 409.4 401.8 392.9 384.4 378.4 374.1 370 366.2 363.1 359.9 356.8 354.3 349.4 344.2 339.8 334.6 328.6 324.6 320.2 314.7 309.5 305.1 301.1 296.8 292.5 288 281.4 280.5 279.7 273.9 268 262.2
310.7 311.8 312.8 311.7 309 307.3 305.6 304 302.1 299.7 298.8 298.1 298 298.5 299 299.1 298.8 299.6 299.9 301 304.9 309.3 310.6 318.1 324.7 328.4 331.5 334.7 337.9 340.5 344.1 349.6 356.3 365 374.7 384.5 396.3 408 419.7 424.8 427.5 427.3 425.4 423.5 421.3 416.8 412.2 404.4 397.3 389.1 384.6 380.4 376.3 372.3 368.5 365.3 361.3 358.8 355 349 344.4 337.8 331.5 326.4 321.3 316.1 310.8 305 300.6 296.3 292 287.3 280.4 281.2 280.8 274.9 269.1 263.5
312.5 312.6 311.8 310.1 307.1 304.7 303 301.3 299.3 296.5 295.1 294.7 294.7 295.2 295.7 296.1 296.2 295.9 296.6 298.3 301.4 305.6 308.8 316.9 322.3 327.7 331 334.2 337.4 341.6 347.4 353.1 360.2 368.2 377.9 386.8 398.1 409.7 418.4 422 424.3 424.7 422.9 421.1 420.3 418.8 414 407.5 400.7 395.5 391.6 387.7 383.7 379.7 375.9 370.5 365.9 363.3 359.9 352.7 345.2 338.2 331.7 327.1 322.4 317.3 311 304.8 299.9 295.7 291.4 286.6 284.2 281.8 280.8 276 270.5 265.1
315 311.9 310.8 308.5 305.5 302.4 300.3 298.6 296.6 293.7 291.4 291.2 291.3 291.8 292.7 293.7 292.5 292.8 293.7 295.5 298.6 302.2 307.7 313.4 319.1 324.7 330.2 333.8 338.3 344.5 350.7 357 364.2 371.4 381.1 388.5 399.3 410.3 415 419.7 421.2 422.1 420.7 419.9 420.6 421 416.8 413 408.1 402.9 398.4 394.6 390.8 387 382.1 376.4 370.6 366.9 360.7 353.1 345.6 338.3 331.4 326.9 321.9 315.7 309.8 304.1 299 294.8 290.5 287.1 284.7 282.4 281.2 277.5 272.2 266.9
316.3 313.1 310.2 306.9 303.9 300.8 297.7 295.9 293.9 291 289.8 288.9 288.7 289.7 290.7 291.5 290.2 291.4 292.6 293.5 296.9 300.6 305.7 311.2 316.7 322.2 327.7 333.6 340.4 346.9 353.1 359.6 368.1 375.2 383.1 389.3 399.1 406.5 411.6 416.6 417.4 418.2 419.4 420 420.7 421.3 421 417.4 414.2 410.4 405.7 401.4 397.4 392.7 388 381.9 373.3 365.9 359.4 353.1 346.2 338.7 331.5 326.7 319.8 313.6 307.5 301.7 296.5 293.1 288.9 286.6 284.6 282.9 281.5 278.8 274.1 269.4
317.4 313.3 308.6 305.3 302.2 299.2 296.1 293.2 291.2 289.5 288.4 287.3 287 287.7 288.7 288.9 288.9 290.2 291.4 292.4 295.2 299.1 303.8 309.3 314.8 320.2 325.7 332.4 339.2 346 353.6 360.8 367.3 376 383.4 389.3 397.2 403.5 408.5 413.1 414 415 416.1 419 420.6 421.3 422.3 422.2 419.2 417.1 413.6 407.8 403.3 398.6 389.8 380.8 371.3 363.5 357.3 351 344.7 338.4 331.7 325 317.8 311.5 305.4 299.3 294.1 290.6 288.8 287.1 285.4 283.7 282 279.9 276.7 272
317.3 311.5 307.1 303.7 300.6 297.5 294.5 291.4 289 287.9 286.8 285.8 285.6 285.7 286.7 286.3 287.6 288.9 290.1 291.4 293.7 297.7 301.9 307.3 312.8 318.3 324.5 331.1 338 345 353.4 361.5 368.1 377.5 383.3 388.7 394.4 400.2 405.2 409 410.6 412 413 415.6 418.4 421.2 423.8 425 424.9 421.9 418.6 413.2 409.8 400 388.3 378.1 367.4 358.3 352 345.7 339.8 334 329.1 322.6 315.8 309.5 303.8 299.2 294.9 290.8 289.5 287.8 286.1 284.5 283 281.9 280.3 275.4
316.1 310 305.5 302 299 295.9 292.8 289.6 287.7 286.2 285.1 284.4 284.2 284 284.7 285 286.3 287.6 288.9 290.3 292.4 296.2 300.2 305.4 310.9 316.7 323.3 329.9 336.7 344.8 353.3 361.7 369.9 376.9 381.5 385.9 390.1 395.4 401.1 404.6 407.4 409 410.7 411.5 414.9 419.4 424.1 428.2 429 426 422.8 418.3 410.6 398.7 385.6 374.1 363 353.4 347.1 341.3 335.5 331.1 327 320.3 312.6 309 304.8 301.4 296.9 292.4 290.1 288.6 286.9 285.7 284.5 283.5 282.4 279.7
314.9 309.3 303.8 300.5 297.2 293.9 290.7 288.5 286.7 284.8 283.5 283 282.8 282.6 282.7 283.7 285.2 286.7 288.2 289.7 291.9 295 298.8 303.5 309 315.5 322.1 328.7 336.2 344.6 352.8 360.4 367.1 373.6 379.2 383.5 387.7 391.7 395.2 398.4 401.7 405 407.9 409.4 413.7 417.9 422.1 426.3 428.9 428 424.4 417.3 407.9 396.6 382.2 369.5 359.8 351 342.7 337.2 333.1 329 324.8 317.8 313 310.4 307.2 303.4 299 295.4 291.7 289.4 288.4 287.4 286.3 285.3 284.1 281.5
316.3 310.6 304.6 299.8 296.2 292.3 289.3 287.4 285.5 283.7 281.9 281.7 281.6 281.5 282.1 283.1 284.6 286.1 287.6 289.2 291.4 294.5 297.6 301.5 307.7 314.3 320.8 327.5 335.3 343 350.6 358.2 364.7 370.9 376.5 380.2 383.9 387.6 391.1 394.4 397.7 400.5 402.9 406.5 411.1 415.7 420.1 424.2 426.6 424.5 422.3 414.8 403.2 391.8 378.3 366.6 356.9 348.5 340.8 335.8 331.6 327.4 323.5 318.8 314.5 310.7 309.6 305.6 301.9 298 294.3 291 290.3 289.2 288.2 287.2 285.1 282.9
317 311 304.9 299.8 295.8 291.8 288.2 285.5 283.6 282.1 281.4 281.1 281 280.9 282.3 283.5 284.4 285.6 287.1 288.6 290.9 294 297.1 300 305.4 312 318.7 325.7 333.2 340.8 348.4 356.1 362.4 368.5 372.6 376.2 379.9 383.6 387.1 390.4 393.1 396.1 399.6 403.3 407.9 412.5 417 420 421.6 419.5 416.9 409 397.9 386.6 373.6 363.4 354.6 347.2 339.9 335.2 331 327.3 323.6 319.9 315.9 312.3 311.2 308 304 300.4 297 293.8 290.4 290.8 290.1 288.7 286.5 284.3
317.2 310.9 304.9 299.3 295.2 291.3 287.8 284.2 282.3 281.7 281 280.5 280.4 280.9 282.5 284 284.9 285.8 286.7 288 290.4 293.4 296.2 299 303.4 309.9 316.6 323.6 331.2 338.7 346.3 353.8 360 365.1 368.7 372.3 375.9 379.6 383 385.9 389.3 392.8 396.3 400 404.6 408.9 411.8 414.8 417.1 414 410.3 402.1 390.8 379.6 369.1 358.4 351.9 345.8 339 334.8 331.4 328.3 325.2 322 318.5 314.9 312.2 310.1 306.6 303.1 299.7 296.6 293.3 290.2 290.8 289.8 287.5 285.1
317.4 310.9 305.3 299.6 294.6 290.9 287.1 283 281.4 281.1 280.6 279.9 279.7 281.1 282.7 284.2 285.3 286.3 287.2 288.4 289.8 292.3 295.1 298 302.1 308.2 314.5 321.6 329.1 336.6 344.2 351.4 356.9 361.1 364.7 368.3 372 375.6 379.1 382.6 386 389.5 393 396.7 400.7 403.7 406.6 409.6 411.9 410.4 405.4 395.9 383.6 372.5 362.4 354.9 349.2 343.1 338.6 336.6 333.9 330.8 327.7 324.4 320.9 318.6 316.3 313.5 309.5 305.7 302.5 299.3 296.1 292.8 292.1 290.5 287.7 285.3
314.3 309.2 304.2 298.9 293.7 289.8 285.9 281 280.2 279.9 279.7 279.4 279.7 281.3 282.9 284.4 285.8 286.9 288.4 289.2 290.4 292.4 294.4 296.9 300.8 306.9 312.5 318.9 326.4 333.9 341.4 348.2 353.6 357.2 360.7 364.1 367.5 370.9 374.6 378.3 382.1 385.8 389.5 392.8 395.2 397.9 401.2 404.4 406.7 404.9 398.8 389.5 378 367.1 359.4 351.8 346.2 342 338.7 336.6 334.9 333.1 330.2 326.8 324.6 322.7 320.5 316.9 313.2 308.4 304 300.8 297.9 295.5 293.3 291.9 290.4 287.6
310.5 306.1 301.8 296.6 292.3 288.5 284.3 279.2 279 278.8 278.5 278.1 279.5 281.2 282.8 284.4 286.1 288.1 289.4 289.9 291.1 293.1 295.1 297 298.8 304.2 309.8 315.6 322.9 330.4 337.2 343.6 349.2 352.6 356 359.4 362.8 366.2 369.8 373.7 377.5 381.2 384.9 387.7 389.8 392.3 395.5 398.7 399.8 396.5 391.5 383.4 373.8 366.1 356.7 348.9 343.8 341.3 338.5 337 335.3 333.5 331.9 330.7 328.8 326.8 324.7 321 316.1 310.7 305.3 301 298.1 296.3 294.1 293 291.9 290.3
306.1 302.2 298.2 294.6 290.8 287.1 283.1 278.4 277.9 277.5 277 276.5 278.7 281 282.6 284.2 285.9 287.9 289.5 290.6 291.8 293.8 295.3 296.5 297.6 301.3 307.1 313 319.4 326 332.2 338.4 344.4 347.8 351.2 354.7 358.1 361.5 365 368.9 372.8 376.6 380.3 382.6 384.7 386.8 389.7 391.6 391.4 388.9 383.9 375.8 367.9 362.4 354 345.7 342.3 339.7 338.5 338.4 336.8 335.7 335.1 334.9 332.9 330.9 328.9 324.2 318.9 313.3 307.7 302.1 298.5 297.2 295.2 294.1 293 291.9
300.8 298.2 294.6 291.4 289.5 285.7 281.9 277.6 277.2 276 275.5 275.6 277.9 280.3 282.4 284 285.7 287.6 289.1 290.8 292.3 293.5 294.5 295.5 296.5 298.3 304.1 309.8 315 321 327.1 333.2 339.3 343.1 346.5 349.9 353.3 356.7 360.2 364.1 368 372 375.2 377.5 379.7 381.8 383.1 382.8 382.6 382 376.3 367.9 362 356.8 350.3 343.2 340.2 337.7 337.9 338.4 339.3 339 338.4 339.1 337.2 335.4 332.8 327 321.8 316.2 310.6 304.9 299.6 298 296.3 295.2 294.1 293
296.1 294.4 291.1 288.1 286.8 284.3 280.5 276.9 276.1 274.7 274 274.7 277.1 279.5 281.8 283.8 285.5 287.2 288.7 290.4 291 291.7 292.8 293.8 294.8 296 300.6 305.9 310.7 316.4 322.5 328.3 333.6 337.8 341.8 345.2 348.6 352 355.4 359.3 363.2 367.2 369.9 372.5 374.7 376 375.7 375.4 374.9 373.7 367.7 361.4 356.6 351.5 346.4 340.8 337.3 337.4 338.3 339.1 340 341.6 343.3 344.4 342.4 340.4 336.7 329.9 324.7 319.1 313.4 307.7 302 298.6 297.4 296.1 294.7 293.2
