data/NC73.asc
ncols 200
nrows 200
xllcorner 270000
yllcorner 930000
cellsize 50
[rows 108 to 143 of 200, columns 0 to 81 of 200]
173.8 174.8 177.5 181.7 186.6 191.2 195.7 200.3 204.8 209.4 210.4 206 200.5 195.6 194.2 192.3 190.5 188.7 187.3 186.8 186.4 185.9 185.4 185 186.1 186.4 185.7 184.9 184 183.2 182.3 181.5 180.6 179.8 178.9 178.1 177.5 176.9 175.9 173.5 170.1 166.4 162.8 159.1 155.5 151.8 148.1 144.5 141.9 140.3 138.7 137.1 135.5 133.9 132.3 130.7 129.1 128.5 127.8 127.2 125.9 123.2 121 121 121 121 121 121 121 121 121 121 121 121 121 121 121 121 121 121 121 124.4
171.5 172.4 174.5 176.7 181.2 185.8 190.3 194.9 199.4 203.7 206.6 202.9 198.8 196.7 194.9 192.9 190.8 189 187.4 185.8 184.3 183.5 183.1 182.6 183.3 183 182.1 181.3 180.4 179.6 178.7 178 177.4 176.8 176.2 175.6 174.9 174.3 173.5 171.3 168.9 166.6 163.4 159.8 156.1 152.5 148.8 145.2 141.5 139.3 137.7 136.1 134.5 132.9 131.3 129.7 128.7 128.1 127.4 126.8 125 122.7 121.2 121 121 121 121 121 121 121 121 121 121 121 121 121 121 121 121 121 121.5 124.4
168.4 169.4 171 173.2 177.1 181.6 186.2 190.7 194.5 198.2 201.7 198.1 197.7 196.5 195.3 193.3 191.1 189.2 187.6 186.1 184.5 183 181.4 180.2 180.2 179.4 178.6 177.9 177.3 176.7 176.1 175.5 174.9 174.2 173.6 173 172.4 171.7 170.8 169.3 166.8 164.4 162 159.6 156.8 153.2 149.5 145.9 142.2 138.5 136.7 135.1 133.5 131.9 130.3 128.9 128.3 127.7 127 126.4 124.4 123 122 121 121 121 121 121 121 121 121 121 121 121 121 121 121 121 121 121 121.2 124.2
165.7 167 168.1 169.6 172.9 177.5 181.7 185.3 188.9 192.6 196.5 197.5 197.1 196.7 195.7 193.6 191.4 189.4 187.9 186.3 184.8 183.2 181.6 180.1 177.4 176.6 176 175.4 174.8 174.1 173.5 172.9 172.3 171.7 171.1 170.4 169.8 169.1 168.2 167.2 164.7 162.2 159.8 157.4 155 152.7 150.2 146.5 142.9 139.2 135.7 134.1 132.5 130.9 129.3 128.5 127.9 127.2 126.6 126 124.8 123.8 122.8 121.8 121 121 121 121 121 121 121 121 121 121 121 121 121 121 121 121 121 124.2
162.9 164.2 165.5 166.7 168.8 172.5 176.3 180.1 183.9 187.8 192.1 195.7 195.7 196.6 196.1 193.9 191.6 189.7 188.1 186.6 185 183.4 181.9 179.1 175.7 174.1 173.4 172.8 172.2 171.6 171 170.4 169.7 169.1 168.5 167.9 167.3 166.4 165.5 164.6 162.6 160.1 157.6 155.2 152.8 150.5 148.1 145.7 143.3 139.9 136.3 133 131.4 129.8 128.8 128.1 127.5 126.8 126.2 125.5 124.7 123.9 123.1 122.3 121.5 121 121 121 121 121 121 121 121 121 121 121 121 121 121 121 121.5 124.3
160.1 161.4 162.8 164.3 165.8 167.6 171.4 175.2 179.2 183.4 187.6 191.8 193.9 194.9 196.1 194.1 191.9 189.9 188.4 186.8 185.2 183.6 180.9 175.8 173.9 172.4 170.9 170.3 169.6 169 168.4 167.8 167.2 166.6 165.9 165.3 164.7 163.8 162.9 162 160.5 158 155.5 153 150.6 148.3 145.9 143.5 141.1 138.7 136.4 133.3 130.4 129 128.4 127.7 127 126.4 125.7 125 124.3 123.5 122.6 121.8 121 121 121 121 121 121 121 121 121 121 121 121 121 121 121 121 122.1 124.9
158.1 159.2 160.7 162.2 163.7 165.2 166.8 170.5 174.7 178.9 183.1 187.4 191.6 192.9 194.1 194.4 192.2 190.2 188.6 187 185.3 182.7 179.5 173.6 172.1 170.6 169.1 167.7 167.1 166.5 165.8 165.2 164.6 164 163.4 162.8 162.1 161.2 160.3 159.3 158.4 155.9 153.4 150.9 148.4 146.1 143.7 141.3 138.9 136.5 134.2 131.8 129.4 128.5 127.9 127.2 126.5 125.9 125.2 124.5 123.9 123.1 122.2 121.4 121 121 121 121 121 121 121 121 121 121 121 121 121 121 121 121 122.7 125.5
158.2 157.9 158.8 160.6 162.4 163.7 163.9 167.5 171.6 175.7 179.8 183.8 187.7 190.2 192 192.8 192.4 190.4 188.8 187 184.5 181.3 176.6 171.8 170.3 168.8 167.3 165.8 164.5 163.9 163.3 162.7 162.1 161.4 160.8 160.2 159.4 158.5 157.6 156.7 155.8 153.8 151.3 148.8 146.3 143.9 141.5 139.1 136.7 134.3 132 129.7 129.1 128.3 127.5 126.7 126 125.4 124.7 124 123.4 122.6 121.8 121 121 121 121 121 121 121 121 121 121 121 121 121 121 121 121 121 122.9 125.7
158 157.5 158.2 159.9 160.2 160.5 160.8 164.7 168.8 172.8 176.9 180.3 183 185.5 188.2 190.1 191.5 190.6 188.8 186.3 183.2 180 173.2 170.1 168.5 167 165.5 164 162.5 161.3 160.7 160.1 159.5 158.9 158.3 157.6 156.8 155.9 155 154.1 153.2 151.7 149.2 146.7 144.2 141.7 139.3 136.9 134.5 132.1 130.2 129.8 129 128.2 127.4 126.6 125.8 124.9 124.2 123.5 122.9 122.2 121.4 121 121 121 121 121 121 121 121 121 121 121 121 121 121 121 121 121 123.4 125.7
157.9 157.2 156.5 156.8 157.1 157.3 157.8 161.9 165.9 170 172.8 175.6 178.2 181 183 184.9 186.8 188.3 187.9 185 181.8 177.4 169.8 168.3 166.8 165.2 163.7 162.2 160.7 159.2 158.2 157.6 156.9 156.3 155.7 155.1 154.1 153.2 152.3 151.4 150.5 149.6 147.1 144.6 142.2 139.7 137.2 134.7 132.3 130.7 130.4 129.6 128.8 128 127.2 126.4 125.6 124.8 124 123.2 122.4 121.7 121 121 121 121 121 121 121 121 121 121 121 121 121 121 121 121 121 121.1 123.4 125.7
157.7 156.9 155.9 154.5 153.9 154.2 154.9 159 162.6 165.4 168.2 171 173.6 175.8 177.8 179.7 181.6 182.8 180.9 178.3 174.9 169.8 167.6 166.5 165 163.5 162 160.4 158.9 157.4 155.9 155 154.4 153.8 153.1 152.4 151.5 150.6 149.7 148.8 147.9 147 145.1 142.6 140.1 137.6 135.1 132.6 131.2 130.8 130.3 129.5 128.7 127.9 127.1 126.3 125.5 124.7 123.9 123.1 122.3 121.4 121 121 121 121 121 121 121 121 121 121 121 121 121 121 121 121 121 122 124.4 126.7
157.6 156.7 155.6 154.2 152.7 151.3 152.1 155.2 158 160.8 163.5 166.1 168.6 170.6 172.5 174.5 176.4 176.6 174 170.3 166.3 165.6 164.5 163.5 162.4 161.4 160.2 158.7 157.1 155.6 154.1 152.6 151.8 151.2 150.6 149.8 148.9 148 147 146.1 145.2 144.3 143 140.5 138 135.5 133 131.6 131.2 130.8 130.4 129.5 128.7 127.9 127.1 126.3 125.4 124.6 123.8 123 122.2 121.4 121 121 121 121 121 121 121 121 121 121 121 121 121 121 121 121 121.1 123.3 125.3 127.8
157.5 156.5 155.3 153.9 152.4 151.3 150.4 150.5 153.3 156.1 158.9 161.4 163.3 165.3 167.3 169.3 171.2 169.7 165.8 164 163.3 162.5 161.4 160.4 159.3 158.3 157.2 156.2 155.1 153.8 152.3 150.8 149.3 148.6 148 147.1 146.2 145.3 144.4 143.5 142.6 141.7 140.8 138.4 135.9 133.4 132.1 131.6 131.2 130.8 130.4 129.5 128.7 127.9 127.1 126.3 125.5 124.6 123.9 123.2 122.5 121.8 121 121 121 121 121 121 121 121 121 121 121 121 121 121 121 121 122.3 124.6 126.8 129
157.4 156.2 155 154 153.1 152.2 151.3 150.4 149.5 151.5 154.2 156.1 158.1 160.1 162.1 164.1 165.4 162.5 161.8 161.1 160.4 159.4 158.3 157.3 156.2 155.2 154.1 153.1 152 150.9 149.9 148.8 147.5 146.1 145.4 144.5 143.6 142.7 141.8 140.9 139.9 139 138.1 136.3 133.8 132.5 132.1 131.6 131.2 130.8 130.4 129.5 128.7 127.9 127.1 126.4 125.7 125 124.2 123.5 122.8 122.1 121.4 121 121 121 121 121 121 121 121 121 121 121 121 121 121 121 123.2 125.5 127.8 130.1
158.5 157.2 154.8 154 153.2 152.4 151.6 150.8 150 149.2 149.7 151.7 153.7 155.7 157.7 159.6 160.3 159.6 158.9 158.2 157.3 156.3 155.2 154.2 153.1 152.1 151 150 148.9 147.8 146.8 145.7 144.7 143.8 143.1 142.1 141.1 140 139.1 138.2 137.3 136.4 135.5 134.2 133 132.5 132.1 131.7 131.2 130.8 130.3 129.6 128.9 128.2 127.4 126.7 126 125.3 124.6 123.9 123.1 122.4 121.7 121 121 121 121 121 121 121 121 121 121 121 121 121 121 121.7 124 126.3 128.6 130.9
159.6 157.7 154.6 153.8 153 152.2 151.4 150.6 149.8 148.3 148.3 149.5 151.5 153.5 155.5 157 157.1 156.7 156 155.3 154.2 153.2 152.1 151.1 150 149 147.9 146.9 145.8 145 144.3 143.6 142.8 142.1 141.6 141 140.1 139 138 137 135.9 134.9 133.9 133.2 132.6 132.2 131.7 131.2 130.8 130.3 129.8 130 129.5 128.7 128 127.3 126.5 125.8 125.1 124.3 123.6 122.9 122.1 121.4 121 121 121 121 121 121 121 121 121 121 121 121 121 123 125.5 127.9 130.4 132.8
160.6 157.5 154.4 153.6 152.8 151.9 151.1 150.3 148.9 147.4 147.2 148.2 149.4 151.4 153.3 153.5 153.7 153.8 153.1 152.2 151.1 150.1 149 148 147 146.3 145.5 144.8 144.1 143.3 142.6 141.8 141.1 140.4 140 139.4 138.9 138 137 136 134.9 133.9 133.2 132.8 132.2 131.6 131.1 130.6 130.2 129.7 129.2 129.3 129.6 129.4 128.7 127.9 127.2 126.5 125.7 125 124.3 123.5 122.8 121.9 121 121 121 121 121 121 121 121 121 121 121 121 121 125.1 127.6 130 132.5 134.9
160.4 157.4 154.3 153.3 152.5 151.7 150.9 149.5 148 146.4 146.1 147.1 148.1 149.2 150 150.1 150.3 150.4 150.1 149.1 148.3 147.5 146.8 146 145.3 144.5 143.8 143.1 142.3 141.6 140.8 140.1 139.3 138.7 138.4 137.8 137.3 136.7 136 135 133.9 133 132.9 132.4 131.8 131.2 130.5 130 129.6 129.1 128.6 128.6 128.9 129.1 129.3 128.6 127.8 127.1 126.4 125.7 124.9 124.2 123.5 122.3 121 121 121 121 121 121 121 121 121 121 121.3 123.3 124.8 126.7 129.7 132.1 134.6 137.1
160.3 157.2 154.1 153.1 152.3 151.5 150.2 148.6 147 145.5 145 146 147 147.8 147.9 148 148.1 148.2 148.1 147.3 146.5 145.8 145 144.3 143.6 142.8 142.1 141.3 140.6 139.8 139.1 138.3 137.6 137.2 136.8 136.2 135.7 135.1 134.6 134 132.9 132.7 132.6 132 131.4 130.8 130.2 129.5 128.9 128.5 127.9 128 128.2 128.5 128.7 129 128.5 127.8 127 126.3 125.6 124.8 124 122.7 121.5 121 121 121 121 121 121.2 121.2 121.8 122.3 122.7 124.6 126.8 129.1 131.5 134.2 136.7 139.2
160.1 157 153.9 152.9 152.1 150.8 149.2 147.7 146.1 144.5 143.9 144.9 145.9 146.1 146.2 146.3 146.4 146.3 146.3 145.9 145 144.1 143.3 142.6 141.8 141.1 140.3 139.6 138.8 138.1 137.4 136.6 136 135.6 135.1 134.6 134.1 133.5 133 132.5 132.5 132.5 132.2 131.6 131 130.4 129.8 129.2 128.5 127.9 127.3 127.3 127.6 127.8 128.1 128.3 128.5 128.4 127.7 127 126.2 125.5 124.4 123.2 122.4 121 121 121 121 121.5 121.8 121.8 123.1 123.6 124.1 125.9 128.2 130.4 132.5 135 137.7 140.5
159 156.9 153.8 152.6 151.4 149.8 148.3 146.7 145.1 143.6 142.8 143.9 144.4 144.5 144.6 144.5 144.5 144.5 144.5 144.1 143.6 142.7 141.7 140.8 140.1 139.3 138.6 137.9 137.1 136.4 135.6 134.9 134.3 134 133.5 133 132.5 131.9 131.7 131 130.2 131.8 131.8 131.2 130.6 130 129.4 128.9 128.2 127.5 127.5 127.6 127.4 127.1 127.4 127.6 127.9 128.1 128.4 127.6 126.9 126.1 124.9 124.3 123.4 121.7 121 121.1 121.6 122 122.4 122.6 123.9 125 125.5 127.2 129.5 131.6 133.8 136 138.5 141.3
158.5 156.2 153.6 152 150.4 148.9 147.3 145.8 144.2 142.6 141.8 142.6 142.7 142.7 142.7 142.7 142.7 142.7 142.7 142.4 141.9 141.4 140.4 139.4 138.4 137.6 136.9 136.1 135.4 134.6 133.9 133.2 132.7 132.4 131.9 131.4 130.8 130.9 130.2 129.4 128.6 129.4 131.2 130.7 130.3 129.7 129.1 128.5 127.9 127.6 129 129.1 128.9 128.6 128.4 128.2 127.9 127.7 127.7 127.9 127.5 126.6 126 125.3 124.3 122.7 121.2 121.5 122.2 122.6 123 123.5 124.8 126.1 126.8 128.5 130.7 132.9 135.1 137.3 139.5 142
156.7 155.5 153.1 151.2 149.6 148 146.4 144.8 143.3 141.7 140.7 140.9 140.9 140.9 140.9 140.9 140.9 140.9 140.8 140.6 140.1 139.7 139.2 138.1 137.1 136.1 135.1 134.4 133.6 132.9 132.2 131.5 131 130.9 130.3 129.9 130.1 129.4 128.6 127.9 128.7 129.8 129.7 130 129.5 129.1 128.6 128.2 127.7 129.1 130.4 130.6 130.4 130.2 129.9 129.7 129.4 129.2 128.9 128.5 128 127.3 126.5 125.7 124.8 123.4 122.1 122.3 122.6 123.2 123.7 124.3 125.6 126.9 128.2 129.8 132 134.2 136.4 138.6 140.8 142.9
155.6 154.1 152.5 150.4 148.8 147.2 145.6 144 142.4 140.8 139.3 139.1 139.1 139.1 139.1 139.1 139.1 139 139 138.8 138.4 137.9 137.5 136.9 135.9 134.9 133.9 132.8 131.9 131.2 130.4 129.9 129.3 129.3 129.1 129.3 128.6 128.9 129.6 130.4 131.2 131.4 130.5 129.6 129 128.6 128.3 128 129.2 130.5 131.8 132.2 131.9 131.6 131.1 130.6 130.1 129.6 129.1 128.6 128.1 127.5 126.8 126 125.2 124.1 123 123.2 123.4 123.7 124.2 125.1 126.4 127.7 128.9 130.9 133.2 135.4 137.7 139.9 142 144.2
154.6 153 151.6 149.6 148.1 146.5 144.9 143.2 141.5 139.9 138.4 137.6 137.3 137.3 137.3 137.2 137.2 137.2 137.2 137 136.7 136.2 135.7 135.2 134.6 133.6 132.6 131.6 130.6 129.6 128.7 128.7 128.7 128.7 128.7 129.5 130.3 131 131.8 132.5 133 132.6 131.8 130.9 129.9 128.8 128.4 129.3 130.6 131.9 133.3 132.8 132.2 131.7 131.2 130.7 130.2 129.7 129.2 128.7 128.2 127.7 126.9 126.2 125.5 124.7 123.9 124.1 124.3 124.6 124.8 125.9 127.1 128.3 129.8 131.8 134 136.2 138.5 140.7 143 145.2
154.6 152.6 150.6 148.9 147.2 145.5 143.8 142.1 140.5 139.1 137.6 136.4 135.9 135.4 135.4 135.4 135.4 135.4 135.4 135.2 134.9 134.4 133.9 133.5 133 132.3 131.3 130.3 129.3 128.7 128.7 128.7 128.7 128.7 128.7 130.9 131.8 132.6 133.3 133.7 133.9 133.9 133.1 132.2 131.1 130 129.3 130.7 132.1 133.4 134.1 133.4 132.6 131.9 131.4 130.9 130.4 129.9 129.4 128.9 128.4 127.8 127.1 126.4 125.7 124.9 124.7 125 125.2 125.4 125.6 126.5 127.7 129 130.7 132.8 134.9 137 139.3 141.5 143.8 146
155.3 153.3 151.3 148.9 146.1 144.4 142.7 141.2 139.7 138.2 136.8 135.3 134.7 134.2 133.6 133.6 133.6 133.6 133.6 133.3 133.1 132.7 132.2 131.7 131.3 130.8 130.1 129 128.7 128.7 128.7 128.7 128.7 128.7 128.7 130.8 133.4 134.1 134.5 134.6 134.7 134.9 134.4 133.5 132.4 130.4 130.6 132.1 133.5 134.9 134.6 133.9 133.2 132.5 131.8 131 130.5 130 129.5 129 128.5 128 127.3 126.6 125.9 125.5 125.6 125.8 126 126.2 126.4 127.1 128.4 129.6 131.7 133.8 135.9 137.9 140.1 142.3 144.6 146.8
156 154 152 150 145.5 143.4 141.8 140.4 138.9 137.4 135.9 134.5 133.5 133 132.4 131.9 131.8 131.7 131.8 131.5 131.3 131 130.5 129.9 129.5 129 128.7 128.7 128.7 128.7 128.7 128.7 128.7 128.7 128.7 130.3 134.1 135.1 135.3 135.5 135.6 135.7 135.7 134.7 132.6 130.5 132 133.4 134.9 135.9 135.2 134.5 133.7 133 132.3 131.6 130.9 130.1 129.7 129.2 128.7 128.2 127.5 126.8 126.2 126.3 126.5 126.6 126.8 127 127.2 127.8 129 130.6 132.7 134.8 136.8 138.9 141 143.1 145.4 147.6
157.6 154.8 152.7 150.7 146.6 142.6 141 139.5 138.1 136.6 135.1 133.6 132.5 131.8 131.3 130.7 130.2 129.9 130 129.7 129.5 129.2 128.8 128.7 128.7 128.7 128.7 128.7 128.7 128.7 128.7 128.7 128.7 128.7 128.7 132.1 135 134.6 134.6 135 135.5 135.9 136.3 134.8 132.6 131.8 133.3 134.8 136.3 136.5 135.8 135 134.3 133.6 132.8 132.1 131.4 130.7 130 129.3 128.8 128.3 127.7 127 127.1 127.2 127.4 127.5 127.7 127.8 128 128.4 129.6 131.6 133.7 135.7 137.8 139.9 141.9 144 146.2 148.4
160.4 157.7 155 152.1 147.1 142.6 140.7 138.8 137.2 135.8 134.3 132.8 131.4 130.6 130.2 129.6 129 128.7 128.7 128.7 128.7 128.7 128.7 128.7 128.7 128.7 128.7 128.7 128.7 128.7 128.7 128.7 128.7 128.7 131.3 134.6 134.9 134.3 134.2 134.2 134.6 135 135.2 134.7 132.6 133.1 134.6 136.1 137.3 137 136.4 135.7 135 134.2 133.5 132.7 132 131.3 130.5 129.8 129.1 128.4 127.9 127.8 127.9 128.1 128.2 128.4 128.6 128.7 128.9 129.1 130.5 132.6 134.6 136.7 138.8 140.8 142.9 145 147 148.7
161 160.5 157.8 152.9 147.3 142.7 140.8 138.9 137 135.1 133.5 132 130.5 129.6 128.9 128.7 128.7 128.7 128.7 128.7 128.7 128.7 128.7 128.7 128.7 128.7 128.7 128.7 128.7 128.7 128.7 128.7 128.7 129.4 133 135.8 134.6 134.2 133.8 133.7 133.8 134.2 134 133.3 133 134.5 136 137.5 137.7 137.5 137.1 136.3 135.6 134.9 134.1 133.4 132.7 131.9 131.2 130.4 129.7 128.9 128.3 128.5 128.7 128.8 129 129.2 129.4 129.6 129.7 129.9 131.5 133.6 135.8 138 140.1 142.3 144.5 146.7 148.8 150.7
161.5 163.3 158.5 153.2 147.6 142.8 140.9 138.9 137 135.1 133.2 131.3 129.8 128.7 128.7 128.7 128.7 128.7 128.7 128.7 128.7 128.7 128.7 128.7 128.7 128.7 128.7 128.7 128.7 128.7 128.7 128.7 128.7 130.5 135 136.3 133.9 133.7 133.4 133.3 133.1 133.1 133 133 134.2 135.9 137.4 138.4 138.2 138 137.7 137 136.3 135.5 134.8 134.1 133.3 132.6 131.8 130.9 130 129.3 128.7 128.9 129 129.2 129.4 129.6 129.7 129.9 130.1 131.4 133.5 136 138.1 140.3 142.5 144.6 146.8 149 151.2 152.9
161.6 163.3 157.6 152.8 147.8 142.8 140.9 139 137.1 135.2 133.3 131.3 129.3 128.7 128.7 128.7 128.7 128.7 128.7 128.7 128.7 128.7 128.7 128.7 128.7 128.7 128.7 128.7 128.7 128.7 128.7 128.7 128.7 132.4 135.2 134 133.5 133 133 133 133 133 133.2 134.7 135.9 137.2 138.8 138.9 138.7 138.5 138.3 137.7 136.9 136.2 135.5 134.6 133.7 132.8 131.9 131 130.3 129.7 129.1 129.2 129.4 129.6 129.8 129.9 130.1 130.3 131.7 133.4 135.2 137.8 140.4 142.6 144.8 147 149.1 151.3 153.5 155.7
161.3 160.6 156.7 151.9 146.9 142.5 140.4 138.3 136.2 134.1 131.9 130.2 128.7 128.7 128.7 128.7 128.7 128.7 128.7 128.7 128.7 128.7 128.7 128.7 128.7 128.7 128.7 128.7 128.7 128.7 128.7 128.7 128.7 133 134.8 133 133 133 133 133 133 134 135.5 136.9 138.1 139.2 139.1 139 139 138.9 138.7 138.3 137.5 136.6 135.7 134.8 133.9 133 132.1 131.4 130.8 130.2 129.6 129.6 129.8 130 130.1 130.3 130.5 132.1 133.7 135.3 137 139.5 142.1 144.7 147.1 149.3 151.5 153.7 155.8 158
157.1 155.6 152.6 147 142.2 140.4 138.6 136.6 134.5 132.8 131.3 129.9 128.7 128.7 128.7 128.7 128.7 128.7 128.7 128.7 128.7 128.7 128.7 128.7 128.7 128.7 128.7 128.7 128.7 128.7 128.7 128.7 130.3 132.9 134.8 133.6 133 133 133 133 133 135 137.4 138.5 138.2 137.9 138.2 138.1 138.1 138 138.1 138.1 137.6 136.7 135.8 134.9 134 133.1 132.4 131.8 131.3 130.7 130.1 130 130.1 130.3 130.5 130.7 132.4 134 135.7 137.3 138.9 141.2 143.8 146.4 149 151.5 153.8 156 158.2 160.3
152.1 150.7 147 142 140.2 138.4 136.6 135.6 134.4 133.1 131.8 130.5 129.2 128.7 128.7 128.7 128.7 128.7 128.7 128.7 128.7 128.7 128.7 128.7 128.7 128.7 128.7 128.7 128.7 128.7 128.7 129 131.4 133.8 134.7 133.8 133.3 133 133 133 133.6 135.3 137 137.2 137 136.9 137.2 137.3 137.2 137.4 137.6 137.5 137.5 136.9 136 135.1 134.2 133.5 132.9 132.3 131.7 131.1 130.5 130.3 130.5 130.7 131.1 132.7 134.4 136 137.6 139.3 140.9 142.9 145.5 148.1 150.7 153.3 155.9 158.2 160.5 162.7
