data/NC76.asc
ncols 200
nrows 200
xllcorner 270000
yllcorner 960000
cellsize 50
[rows 111 to 147 of 200, columns 83 to 165 of 200]
-1.7 -1.7 -1.7 -1.7 -1.7 -1.7 -1.7 -1.7 -1.7 13.7 31.3 45.6 62 87.8 105.3 128.3 145.7 157.8 160.6 155.7 155.8 167.3 178.5 171.6 167.9 166 165.6 164.7 156.4 151.2 147.8 144.8 146.3 147.8 150 153 164.2 167.3 174.1 184.2 180.2 179 180.1 178.3 180.3 178.6 172.9 165.2 161.3 153.9 153.8 151.3 150 151.2 152.6 152.7 153 151.8 151.4 154.7 152.4 156 159.4 140.7 141.3 142.6 139.7 133.8 103.1 92.8 93.3 92.2 91.9 88.8 81.2 76.6 85 87.1 87 87.7 86.8 85.9 85.5
-1.7 -1.7 -1.7 -1.7 -1.7 -1.7 -1.7 -1.7 -1.7 22.3 38 52.4 68.1 94.6 108.6 129.2 148.4 158.6 165.3 158 154 161.7 173 167.2 166.6 166.5 167.1 167 160.8 154.1 151.4 148.5 147.8 148.5 150.5 156 163.1 170.5 176.8 185.1 182.6 183.9 181 180.6 183.2 183 178.6 168.8 170.8 155 150 150 150 150 152.9 153.3 153.7 153.9 154.8 158.4 158.3 151.5 152 140.2 143.4 146.2 139.1 133.1 109.2 94.8 94 92.5 91.6 89.8 83.3 82.4 88.6 90.4 89.5 88.8 87.9 87 86.4
-1.7 -1.7 -1.7 -1.7 -1.7 -1.7 -1.7 -1.7 -1.7 15.2 46.5 60.1 75 100.6 113.1 127.3 149.8 160 166.5 169.3 153 154 166.1 164.1 165.3 166.6 167.5 168.2 163.5 156.2 153.5 151.1 149.4 150.1 152.5 157.7 162.4 172.5 178.1 185 185.8 185.2 182.6 181.5 184.8 184.7 182.2 172.8 173.1 163.6 150 150 150 151.3 153.2 153.7 154.3 154.5 157.7 162.6 167.2 154.2 144.6 139.5 139.8 142.9 138.4 133.4 113.1 99.1 94.4 92.8 90.6 87.5 83.4 85.6 91.4 93.6 92.3 90.7 89.3 88 87.3
-1.7 -1.7 -1.7 -1.7 -1.7 -1.7 -1.7 -1.7 -1.7 39.5 53.8 65.3 78.7 96.1 111.2 125.9 148.4 160.6 163.6 171.8 153.8 151.8 158.9 162.8 165.8 166.8 167.4 169 167 161.3 156.8 153.2 150.2 151.2 155 160.5 164.2 173 180.5 186.7 187.6 189.1 186.6 182.8 185.2 185.2 183.5 176.2 168.9 165.6 150 150 150 151.2 154.1 154.8 155.5 156.5 159.9 169.7 173.1 161.5 140.4 138.1 137.4 138 140.2 132.5 119.4 110.5 99.1 92.7 89.7 80.1 80.3 89.2 93.6 95.7 94.6 93 91.6 89.9 87.8
-1.7 -1.7 -1.7 -1.7 -1.7 -1.7 -1.7 -1.7 -1.7 41 56.2 68.1 79.5 90.4 109.1 125.4 144.2 157.7 159.4 165.8 150.2 151.5 155.3 164.5 169 167.6 167.4 169.8 168.9 167 162.1 156 151.8 151.7 156.3 163 166.9 175.5 182.9 188.3 188.6 190.5 186.6 185.5 183.7 183.5 182.6 172.6 166.4 162.9 151.7 150 150 153.1 156.5 157 157.5 158.6 163.2 172.9 173.6 165.8 140.4 138.3 136.2 134.2 139.3 133.1 122.6 121 108.1 95.1 89.5 81.3 85.4 92.7 95.5 97.5 97.1 94.7 92.8 90.4 88.1
-1.7 -1.7 -1.6 -1.7 2.4 2.4 6.8 15.1 29.2 41 55.5 70.9 80.5 90.3 107.3 122.6 131 145 150.5 150.8 148.5 149.9 154.6 169.9 172 170 168.4 168.7 173 172.7 168.7 162.2 155.5 152 157.8 165 168.6 176.3 180.5 187.3 190.5 190.6 185.7 188.1 179.9 179.7 177.7 170 164.7 160.7 151 150 150 155.2 159.6 159.9 160.2 160.8 168.3 170.5 174.2 168.7 143 140.2 138.9 135.7 132.8 139.2 123.2 125.3 117.6 101.9 86.6 90.2 90.9 94.7 97 99.7 99.2 96.1 94 93.4 88.1
-1.7 2.3 2.3 -1.7 20.3 32.6 31.9 34 36.4 46.2 60.5 73.5 83.4 90.9 102.7 117.1 121.6 128.2 139.7 144.1 148 150.8 159.3 173.9 175.6 174.4 171.1 169.6 173.7 174.9 171.6 167.8 160.3 154.8 156.1 166.4 169.8 176.5 178.2 183.9 190.6 188.3 183 185.9 182.1 176.6 172.6 166.4 161.5 159.7 159.2 155.3 153.8 155.9 163.1 162.7 161.4 161.8 167.6 169.9 170.8 166.2 144.5 145.3 143.9 138.9 129.1 128.7 122.2 124 123.9 109.2 95.4 96.6 94.3 95.4 97.9 100.6 102.3 99.7 95.2 94.5 88.7
16.8 7.4 6.4 3.1 26.1 31.3 33.4 35.6 39 48.3 64.9 78.4 85.3 97.7 100.5 110.2 115.2 120.2 133.6 144.5 148.1 154.7 162.6 179.8 184.6 180.2 172.7 170.1 171.9 173.4 171.9 169.6 165.5 157.7 154.7 163.4 169.1 173.9 173.3 179.5 186.2 186.7 181.1 182.4 178.9 173.1 168.2 167.3 168.2 165.2 164.1 159.5 157.5 155.2 162.2 167 161.4 161 165 169.8 170.2 165.7 143.7 153.8 151.1 140.5 129.8 127.5 124.8 123.3 125.8 114.1 99.5 103.7 96.8 97 98 100.5 104.4 102.5 98.1 94.7 89.4
27.2 27 7.6 18.1 26.4 31.3 35 37.3 41.6 47.3 72 81 88.1 100.2 111.2 113.4 122.8 126.5 137.9 145.2 150 156.5 167.7 178.5 184.7 183.9 176 170.7 171.9 174.4 173.8 171.2 168 162.6 158.1 160 167.7 169.6 170.7 174.9 181.3 179.2 178 177.6 176.8 169 168.3 173.3 172.6 171.1 168.4 162 158.4 155.6 157.6 160.8 160.4 160.5 161.2 169.1 170.8 161.4 143.6 159.7 158.7 149 135.4 130.7 125.7 124.2 125.2 118 113.8 114 99.9 98 97.8 100.3 103.2 105 102.2 94.4 91.6
28.4 27.4 21.9 17.9 26.8 31.6 36.5 39.5 45.6 57.7 78 82.6 88.3 100 110.3 118 130.5 137.7 140.2 149 151 158.5 169.2 176.3 183.8 184.9 176.1 171.1 172.2 176.1 175.4 172.9 170 166.3 162.7 160.4 164.1 170.7 169.1 171.6 176.1 175.7 176.8 177 175.8 175 179.2 177.5 175.6 173.4 169.1 162.4 159 157.6 157.6 158.5 158.7 158.6 158.9 163.2 169.2 162.3 146.5 158.8 161.3 158 143.6 130 127.8 124.8 130.6 124.4 121.1 123.3 106.9 99.3 98.7 99.6 102 106.6 104 95.5 90.7
29.3 29.5 24.8 27 28.2 32 37.3 42.6 51.9 65.6 78.3 84.1 88.6 101.8 112.7 122.5 131.7 142.6 144.9 152.5 153 158.8 173.2 178.7 181.4 181.2 171.7 171 172.8 178.7 177.4 175.1 172.4 168.5 166.8 164.3 161.3 172.7 167.5 168.5 171 172.8 174.7 176.1 179.9 181.1 184.2 181.5 176 171 163.5 162.4 160.5 159.1 158 158 158.3 158.2 158.1 157 157.3 152.5 148.6 154.2 161.5 164.1 151.6 130.3 127.1 125.5 127.5 128.4 116.8 122.5 108.9 102.1 99.8 100 100.5 104.4 105.8 93.7 90.3
29.4 31.4 24.9 29.8 30.9 33.2 38.7 46.5 56.5 71.5 80.4 84.4 91.6 100.9 111.7 121.2 135.4 147.6 152.7 153.2 154 156.9 172 179.7 179.5 178.8 170.5 170.5 174.1 181.6 180.9 176.9 174.5 171.8 168.3 166.6 163.2 164.2 165.9 166.6 167.4 169.2 171.3 175.1 181.6 183.2 184.7 184.8 174.8 170.1 168.6 165 160.7 159.6 158.8 157.7 157.9 157.8 157.1 155.7 154 150.8 151.2 152.6 159.9 159 157.9 138.3 127 126.5 129.4 130.3 117.1 117.6 112.9 106.7 103 100.4 100.8 101.3 101.5 90.6 89.5
30.5 33.7 23.9 32.1 33.6 36.1 40.8 47 61.1 74.5 82 85.5 93.5 98.7 111.4 128.6 141.8 150.3 155.9 152.2 152.3 153.9 168.9 177.2 176.6 174.2 170.7 170.1 174.3 184.1 187 180 176.1 174.1 169.2 167.5 164.6 164 164.8 165.6 166.3 167.1 169 173.3 180.1 181.4 183.5 184 175.1 171.7 169.9 164.9 160.5 159.8 159 158.2 157.5 157.2 155.9 154.5 153 150.6 153.3 154.1 156.3 157.7 154.1 145.8 128.9 127 128.2 125.5 119.2 123.2 126.5 111.4 105.9 100.9 100.4 100.6 100.9 92.7 89.8
31.1 35.1 31.5 25.1 34.4 39.2 42.6 48.2 60.9 73.2 82.7 88.5 94 98.2 115.6 133.1 146 152.4 156 151.9 151.9 152.6 160.6 174.3 173.8 169.5 165.7 169.2 175.5 190.8 192.2 181.4 176.1 174 168.6 166.4 164.3 163.2 163.7 164.5 165.3 166.1 166.9 169 176.2 178 181.2 180.8 180 175.9 169.7 165.2 160.3 159.8 159.1 159.1 158.2 156.1 154.7 153.4 151.6 149.9 154 156.6 154.3 155.7 151.4 147.8 132.9 128.6 127.2 121.8 120 129.9 130.1 118.9 116.6 103.7 100.9 98.6 98.8 95.6 90.3
31.6 35.3 34.6 32 33.8 38.5 43.4 51 61.7 72.3 82.5 91.1 98.5 104.2 117.1 133 148 153.3 155.4 149.6 150.2 152.8 155.2 170.9 165 160.1 162.5 170 177.4 194.7 193.5 181.4 174.5 171.5 166.5 164.5 163.4 162.6 162.7 163.5 164.3 165.1 166.3 167.9 172.1 175.6 180.9 182.5 181.7 178.5 173.2 166.2 160.1 159.7 160 160.4 157.9 155.7 153.7 152.3 149.2 148.2 153.2 156.5 153.3 152.4 149 147 136.7 140.5 125.7 120.7 120.3 129.6 131.4 122.9 122.6 117.3 100.7 97.8 96.1 97.5 93.3
32.3 35.8 36.9 35 29.4 36.5 43.7 51.1 60.7 71.7 82 90.2 100 115.2 112 128.6 150.4 153 152.8 148.7 147.2 150.9 149.6 156.8 156.9 156.2 158.7 171.6 175.9 193.6 193.3 179.5 172.4 168.9 164.4 162.7 162 162 161.7 162.5 163.3 164.9 166 167.3 170.8 173.4 179.4 182.9 182.5 180.4 174.7 164.3 161.4 162.5 162 161.1 159.5 155 152.8 150.3 146.6 146.7 151 155 152 149.1 145.8 144.1 144.4 147.5 125 119.7 120.6 124.4 132.1 125.1 124.4 126.3 106.3 98.2 93.9 94.1 93.7
34.2 38.2 38.4 36.2 30.2 34.6 41.3 49.4 58.7 69.8 80.3 88.9 99.6 115.8 122.5 122 148.4 150 149.7 145.2 143.9 148.6 147.5 151.3 153.3 152.7 155.8 175.3 177.9 183.3 191.1 176.7 170.2 166.2 162.6 160.9 160.5 160.7 160.7 162.3 163.4 164.6 165.8 167.1 168.8 171.2 177.3 181.9 181.9 182.5 167.5 164.9 165.5 165.4 165.6 161.6 160.1 155 152 148.7 143.1 144.6 151.5 152.6 150 145.6 143.9 143 140.5 145.5 123.6 115.8 118.8 120.6 130.8 126.1 126 129.8 121.1 97.9 92.7 92 91.3
39.8 40.7 41.6 38.6 32.6 35.3 38.1 45.7 53.5 65.8 78.8 90 99.7 118.6 129.7 116.4 145.2 145.6 144.7 138.6 143.2 147.1 146 147.4 149.2 151.7 156.9 171.5 176.5 179.4 187.1 174 168.3 163.6 160.4 159.1 159 160 160.9 161.8 163.1 164.3 165.5 166.7 168 170 172.6 176.9 180.9 182.4 176.8 172 168.2 168.6 169.3 163.2 159 155.2 151.1 145.3 140.1 141.7 150.9 149.9 147 142.1 140.3 141.7 136.5 139.4 130.3 115 115.7 119.4 127.9 127.8 126.7 134.8 133.4 109.3 94.2 91.2 89.7
47.6 44.6 46 41.7 33.3 36.2 38.8 43.9 50 62 75 90.8 98.1 114.5 122.8 120.9 134 138.6 138 132.6 142.3 147.1 142.4 144.6 148.2 151.6 160 167.9 170.2 173.9 179.4 170.5 166.6 161.8 158.2 158 158.8 159.7 160.7 162 161.7 163 165.4 166.6 167.3 168.6 171.3 172.3 174.7 183.4 176 174 170.7 169.5 169.6 164.9 157.1 154 148.6 143.2 138.1 138.4 147.5 148.3 144.4 139.3 136 138 131 131.9 121.5 113.1 113.5 117.5 131.8 130.7 129.1 137.1 137.5 122 102.5 90.3 88.4
52.3 48.8 50.2 45.9 36.7 36.2 41.9 42.7 52.8 62 75.5 90.6 95.6 105.5 113.7 116.6 116.5 133.6 128.6 127.1 139.9 138.4 136.9 139.3 144.2 151.7 158.9 161 162.6 165.9 168.3 168.7 165.4 159.5 155.9 157.8 158.5 159.4 160.6 161.9 162.5 161.9 164.9 166.2 166.7 167.2 169.9 170.9 174.3 180.4 175.6 172.9 170.7 168.5 167.8 163.6 154.7 152.7 146.6 141.8 135 135 142.2 145.6 141.9 137.1 131.7 129.6 123.8 118.4 114.3 111.5 112.8 116.3 139.6 134.9 131.9 134.3 135.9 129.9 110.9 93.8 85.7
56.7 55.6 53.9 51.5 38.2 37.8 46.4 50.5 57.5 62.7 77.5 89.5 95.3 102.7 104.5 112 111.6 122.2 120 122.1 132.9 129.6 130.8 135.1 142.7 150.8 157.1 158.7 159.6 162.1 167.3 166.5 164.7 157.2 154.3 156.4 158.2 159.2 160.4 162 163.4 161.9 162.7 165.5 166 166.5 168 170.2 172.5 173.4 173.6 174.1 171.8 168.6 167.2 160.6 150.6 149.6 146.3 139.6 132.6 132.8 135.4 142.1 138.7 133.4 127.7 123.5 120.3 114.7 111.7 111.2 112.2 121.2 135.1 134.2 133.1 134.8 135.4 130.5 110.3 104.4 86.4
63.9 64 60.6 57.1 44.5 39.4 48.2 56.4 62.3 67.9 81 91.6 101.3 110.2 105.1 108.5 110.3 116.2 120.1 121.4 124.7 128.5 129.7 131.7 140.7 149.4 158 158.5 156.7 159 162.3 163.9 164.1 155.1 153.8 155.6 157.5 159.4 161 162.6 164.4 162.8 162.1 164.6 165.1 165.6 166.7 169 171.2 172.4 172.5 173.1 172.6 168.6 167 153.7 144.7 145.2 141.9 134.9 128.5 129.7 130.9 137.3 135.6 128.4 125.6 122.2 118.1 113.3 109.7 108.5 109.3 117.2 123.1 125.9 129.6 136.4 140.6 130.7 111.9 110.4 92.2
78.1 69 66 62.8 52.2 41.6 43.4 60.7 67.1 73.1 83.5 92.3 103.4 106.6 106.3 107.5 110.3 113.2 119.8 122.1 127.4 133.1 133.7 133.4 138.6 146.2 154.8 155.6 152.2 154.9 158.2 159.9 160.6 155.2 153.4 155.1 156.5 159.6 162 163.3 166.9 164.8 164.2 164.3 164.4 164.6 165.5 167.7 170.3 171.6 170.8 172 171.8 166 150.6 140.1 139.3 140.6 138.1 131.2 123.3 126.3 129 129.2 127.8 125.3 122.3 119.2 116.3 113.5 108.6 107.7 108.3 110.8 116.2 123.8 126.3 132.6 139.6 134.3 112.9 111.4 103.5
92.6 75 74.8 68.7 62.7 42.9 46.1 61.1 71.8 80.2 88.7 97.5 104.3 107.7 107.4 107.3 111.3 113.4 115.5 123.1 128.8 139.2 139.7 134.4 136.8 141.5 150.5 149.6 148.9 150.5 153.9 158.4 160 154.9 152.1 153.8 156.1 160.4 163.4 163.7 168.9 168.8 164.9 163.3 163.5 163.8 164.2 166.2 169.1 168.4 165.7 166.8 159.8 146.2 135.9 134.8 133.4 134.9 136.2 127.5 121.6 123.6 126.1 126.6 125.7 123.9 121.1 118.4 115.6 112.8 109 107.1 107.2 108.8 112.6 121.6 124 127.2 133.2 136.2 114 111.3 108.6
103.6 84.4 83.1 77.2 69.2 47.1 53.4 62.3 73.5 84.9 98 105.4 107 108 107.6 107.6 111.1 114.7 114.8 121.4 130.4 141.8 136.2 134.3 137.2 140.7 147.3 147.4 146.3 147.6 149.5 154 158.9 153.9 151.7 153.6 156.1 159.2 161.8 163 167.6 172.3 164.7 163.4 162 162.3 161.5 163.7 165.4 165.2 159.4 154.3 149.5 139 131.9 129.9 130 129.4 133.2 125.8 120.8 121.9 125.2 125.9 125 123.7 120.9 118.1 115.3 111.5 107.3 106.8 106.8 107.7 110.8 120 120.7 124.1 129.3 131 115.8 110.8 107.5
111.8 96.3 88.2 88.3 73.7 60.9 48.4 70 75.3 89.7 106.9 112.9 109.8 107.1 107.1 108.1 110.8 121.8 116.1 125.3 139.9 141.1 133.5 133.3 138.4 141.1 146.6 144.6 143.9 145.3 147 149.9 155 152.2 151.2 153.7 156.2 159.5 161.6 162.5 162.9 169.2 164.2 163 161.8 160.1 158.3 159 159.8 155.9 153.5 145.2 137.8 130.5 126.8 124.6 123.7 123.8 127.1 123.8 120.2 121.6 126 125 124.3 123.5 120.7 117.9 115.1 111.2 107.2 104.9 105.8 105.8 106.5 116.7 116.7 120.9 121.8 119.9 116 110.9 98.9
114.9 106.1 97.4 92.9 83.1 72.2 50.1 75.6 84.2 92.6 110.2 118 110.5 106.9 106.9 106.9 109.3 125.5 124.3 117.8 137.3 137.7 132.8 134.5 136.7 141.2 144.7 143.7 141.3 142.6 144.3 147.3 149.6 148.8 152.1 154 156.5 159.9 161.3 162.4 163 163.8 164.3 164 162.9 158.2 155.6 152.8 150.6 146.5 142.4 136.4 133 129.1 126 121.7 121.1 119.8 119.1 117.1 119.2 121.5 126.7 124.3 123.6 122.9 120.4 117.7 115 111.8 107.9 105.3 103.9 104.6 105.3 108.4 111.9 117.2 120.3 117 113.3 110.3 94.4
117.5 119 104.9 96.6 86.4 76.2 51.2 77.5 97.6 100.6 107.6 114.2 112.6 107.5 106.9 106.9 106.9 123 130.2 129 129.3 133.1 132.2 132.9 134.3 137 141.2 138.8 138.4 139.2 140.8 143.3 146.8 150.3 152.2 154.2 156.6 160.7 162.4 163.4 164.2 164.6 164.6 164.2 162.4 157.2 152.6 149.9 147.2 142.8 137.7 135 131.8 128.7 126.3 120.9 120 118.7 117.8 117 119 122.1 124.1 125.1 123.5 122.2 120.3 117.5 114.8 112 108.9 106.5 105.2 102.8 103.8 105.5 108 112.7 118.4 112.6 107.2 105.9 96.3
122.7 123.9 111.3 111.2 88.7 79.3 61.8 73.1 112.6 118.1 114.5 117.1 120.3 117.6 108.9 106.9 106.9 121 130.6 133.2 127 130.9 129.5 130.8 131.9 133.1 134.4 134.7 134.7 136.2 141.8 146 148.6 151 152.7 154.3 156.8 161.4 164.6 165.2 165.1 165.1 165.1 164.6 162.3 157.7 151.5 149.3 146.7 140.8 135.2 132.1 131.2 126.7 124 121.5 120.2 118.8 117.5 115.8 118.2 122.2 123.9 125.5 124.4 122.8 120.1 116.4 113.5 111.5 110.9 108.2 106.9 103.7 102.3 103.3 104.5 106.5 115 108.4 103.8 97.9 93.3
116.3 127.7 116.9 115.4 95.1 80.7 68 69 104.2 129.9 129.2 127.2 136.9 133.8 121.6 117.8 112.8 121.2 133.5 130.6 126.1 126.4 126.2 128.8 129.6 129.5 131.4 131.4 129.8 136.3 141.6 147.1 150.1 151.8 153.1 154.7 157.7 163 168.1 167.5 165.4 165.5 165.6 164.2 161.9 157.1 151 148.8 146.5 140.6 134.6 130.9 127.7 125.4 123.9 121.5 120.1 118.7 116.7 114.5 117.2 121.9 123.7 125.7 125.1 123.6 121.2 117.1 112.6 110.9 111 106.4 107.8 104.1 100.8 101.5 101.8 101.7 101.9 101.4 100.2 92.2 88.4
105.3 124.3 121.5 107.3 101.4 80.1 72 59.9 91.4 125.7 134.6 132.9 133.9 134.9 130.8 121.9 121.8 122 130.8 127.8 125.1 124 123.6 125.5 127.2 125.3 127.7 127.1 130.6 136.1 141.3 146.9 151.6 152.9 153 153.3 156 164.1 169.9 170.2 165.6 165.8 166 163.7 161.7 157.9 150.7 147.8 145.1 141 137.8 135 132.2 129.5 127.2 123.1 119.8 117.8 115.7 114.8 113.9 120.5 123.2 124.6 125.6 124.1 122.2 116.7 111.5 109.7 107.8 106 105.1 104.9 99.6 100.2 101.2 101.2 99.6 94 87.7 85.8 82
99.9 106.1 109.3 100 95.3 88.3 78.3 64.6 76.9 94.9 109.3 120.3 128.8 132.4 129.4 124.4 124.5 125.1 129.3 126.6 123.5 122.5 121.6 120.7 120.7 120.9 121.8 124.5 128.5 133.5 141.1 146.7 152.7 153.1 153.1 153 155.1 163.4 168.5 168.3 164.6 163.8 165.9 163.1 161.5 158.9 150.3 147.7 145.9 145.3 142.8 139.3 135.4 132.2 130.3 123.8 121.5 119 117.4 117.8 114.2 118.2 121.1 123.9 125.5 124.3 123 118 111.6 108.7 106.9 105 103.4 102.5 98.4 99 100.5 100.8 100.4 92.7 83.5 79.6 73.8
94.1 100.4 99.3 97.2 94.7 91 86.6 73.9 68.1 72.1 86.9 105.2 122.7 131.7 129.3 126.4 128.3 129.6 132.7 126 122.8 121.1 120.4 120 119 118.8 119.7 123.7 126.8 131.5 140.4 147.6 153.9 155.5 153.3 153.5 154.8 160.4 166.2 164.7 163.1 162 163.3 162.3 160.5 158.4 149.3 148.2 147.2 146.3 144.8 141.8 138.7 132.6 131.3 124.5 122.8 118.7 120.4 120.4 115.2 115.1 119.7 122.1 124.6 124.1 124.2 118.1 112.4 108.8 106 104.1 102.2 99.4 95.7 98 97.1 96.4 96.7 93.9 80.1 71.3 65.8
87 95.9 100.7 96.9 96.8 97.3 94.5 94.1 88.5 80.8 76.3 81.6 115.1 126.9 127 125.9 131.7 134.3 131.9 126.8 122.1 120 119.7 119.4 117.3 116.2 119.2 123.2 125.8 130.3 138.7 147 155.3 160.2 154.3 151.7 153.8 157 162 161.4 160.9 160.7 160.2 159.4 158.4 157.2 149.4 148.6 147.5 147.3 145 141.7 138.4 131.5 128.1 125.2 121.1 121.2 122.2 121.8 114.9 112.5 116.9 118.5 121.9 122.8 122.8 118.8 113.2 109.6 106.1 103 99.6 95.5 93 95.3 90.2 87.6 86.8 87.6 73.8 66.7 58.7
76.4 89.4 98 102.2 102.5 106.9 102.8 115 110.3 101.2 93.3 85.5 103.5 119.8 120.8 124.4 132.1 134.7 130.6 125.6 119.4 117.5 119.5 118.1 116.1 115.4 117.6 122.6 124.6 129.1 137.4 146.3 156.4 158.2 151.6 150.5 151.2 153.9 157.3 157.2 157.5 157.2 156.9 155.9 155.4 152.8 149.3 148.6 147.9 147.2 144.9 141.8 138.1 135.7 126.8 122.4 121.4 122.4 123 121.6 115.1 110.8 111.9 113.4 119.3 120.1 120 117.4 113.5 109.4 105.3 102.2 96.2 91.6 86.7 87.6 84.3 80.1 77.8 78.8 67.9 64.7 59.5
61 77.5 88.4 94.9 101.4 109.5 112.5 115.8 120.8 112.6 102.8 93.4 85.9 110 117.5 124.2 127.2 129 130.8 126.5 120.6 114.9 115.3 115.7 113.5 114.6 117.2 122.6 125.2 128.2 136.2 145.9 154.4 155.1 150.3 148.9 147 149.3 152.4 152.7 153.1 153 153.7 152.9 151.1 149.9 149.4 148.7 148 146.5 144.3 141.7 141.4 138.5 130.4 124.7 123.4 123.8 123.7 122.1 117.6 113.2 108.1 109.6 115.1 117.1 116.8 115.3 112.6 107.8 105.5 98.4 93.5 89.3 79 77.7 73.4 69.2 73.2 67.3 66.1 64.9 65.5
51.2 65.3 79 87.5 97.9 103.6 106.1 111.8 122.6 118.2 104.4 93 86.4 102.1 114.7 119.9 116.9 120.9 125.6 122.8 118.4 112 112 112.1 112.3 114.1 116.7 122.3 125.3 126.8 133.7 145.1 153.5 151.5 147.2 146.8 143.7 144.8 147 148.6 149.1 151.3 152.1 151 149.3 149.6 149.2 148.8 148.1 146.5 144.7 142.7 140.9 137.6 129.7 125.8 124.6 124.4 124.1 122.7 117.2 113.2 109.2 105.8 111.6 117.3 113.9 111.9 108.2 104 98.2 91.1 91.7 96.9 90.2 84.4 85.9 71.7 68 65.1 63.7 62.5 63.8
