data/NC85.asc
ncols 200
nrows 200
xllcorner 280000
yllcorner 950000
cellsize 50
[rows 70 to 104 of 200, columns 0 to 79 of 200]
135.7 136.5 136.7 136.9 136.7 136.9 137.8 137.8 135.5 132.9 129.6 130.9 129.3 127.9 127.8 128.2 128.2 128.8 130.9 134.7 137.9 140.6 142.7 144.8 147.2 149.8 151 149.9 149.9 147.9 143.2 141.9 140.6 137.8 133.7 130.2 128.4 126.3 124.1 121.8 119.4 119.4 118.6 117 116.1 113.6 112 104.3 94.2 86.1 80.3 74.6 75.6 76.6 77.6 78.8 82.4 98.8 107.5 114.3 118.7 123.2 128.7 135.6 140.6 140.5 140.8 141.4 141.4 139 140.1 141.5 144.7 148.2 149.7 151.2 152.8 154.8 156.9 158.7
134.3 134.5 134.5 134.6 134.6 134.8 134.5 134.8 133.2 129.9 129.3 128.5 127.7 126.1 125.4 125.8 126.1 127 128.7 131.9 135.2 138.4 140.7 142.8 144.6 146.3 148.5 146.4 143.3 141.6 139 136.8 134.6 132.1 128.4 127.8 125.3 123 120.7 118.3 115.8 114.6 113.3 112.8 113.8 111.7 108.8 101.2 91.4 85.8 80.3 74.9 75.7 76.6 77.7 79.7 83.9 99.4 107.7 114.3 119.6 123.8 128.5 133.6 138 139.2 139.2 138.7 138.4 139 139.8 141.9 146.1 149.5 151 152.6 154.5 156.4 157.9 158.9
132.9 133.2 133.2 133.1 132.8 133.2 131.9 131.8 131.1 129.1 126.9 125.6 125.1 123.7 123 123.4 123.8 124.9 126.6 129.5 132.8 136 138.5 140.9 143 142.6 143.3 140.9 139.2 137.1 135.2 132.2 129 126.3 124.7 123.7 122.6 120 117 113.6 109.6 106.8 103.8 102.8 107.1 109 97.8 90.1 84 80.2 77.3 75.3 76.6 77.7 77.8 80.2 87.2 98.6 109.4 117.3 122 126.8 130.7 135.1 136.8 138.2 138.6 139 138.6 138.7 139.6 142.4 147.4 150.8 152.4 154.3 157.1 158.9 159.2 159.3
131.5 131.8 131.9 131.7 131.1 131.6 130.3 128.9 129.1 126.9 124.6 123 122.2 121.3 120.8 121 121.5 122.4 124.5 127.1 130.5 133.7 136.1 138.6 141 141 140.9 138.6 136.2 133.6 131.3 128.6 125.5 123.4 121.6 120 119.6 116.8 111.8 104.3 100.5 97.4 93.8 92.6 94.6 94.1 87 80.2 80.6 80.5 78.9 78.1 78.3 77.9 77.3 80.8 88.9 99.3 110.8 118.5 123.9 129.2 132.5 134.4 135.5 136.6 137.5 138.1 138.8 139.2 139.6 143.1 148.2 152.2 154.1 156.9 159.8 160 160 160.9
130.6 130.8 130.8 130.5 130.2 129.5 128.1 126.8 126.4 124.1 121.8 121.8 121.3 120.3 120.8 119.1 119.3 120 122 124.7 128.1 130.5 132.7 135.7 138.8 140.6 139.3 136.2 133.1 130.6 128 125.5 123.5 121.3 119.3 116.1 113.2 107.2 101.9 95.9 93.1 92 90.3 92.7 80.9 79.3 79.1 79.9 81.1 80.9 80 80.6 80.3 79.2 78.3 82 89.4 99.7 111.8 118.3 124.2 128.9 132.3 134.2 135.1 136 136.5 136.7 137.8 138.5 139.5 145.2 150.2 153.6 156.2 158.8 160.7 161.9 162 162.4
129.9 130.5 130.9 129.1 128.7 128.5 126.8 124.8 123.7 121.5 119.7 119.3 120.9 120.7 119.4 118.9 118.7 118.5 119 122.3 125.7 127.6 130.6 133.8 136.7 138.3 137.3 134.9 131.4 129 129.4 124.8 119.5 116.2 110.9 108.4 104.5 97.9 92.7 90.3 88.3 84.2 82.1 81.6 80.7 80.6 81.3 81.6 81.8 82.2 81.3 81.9 81.3 80.6 79 82 89.9 99.7 111.6 118.4 124.2 128.8 132 134.3 135.2 135.9 136.1 136.3 137.1 138.2 140 146.7 151.3 154.2 157 159.5 161.6 162.6 163.5 164.4
129.5 130.4 130.2 128.6 127.9 127.6 126.1 124 121.7 120.5 120.2 120.3 119 117.8 117.5 117.2 117 117.3 118.5 119.9 122.7 125.3 128.7 132.3 134.7 135.8 135.3 133.9 130.7 131 130.7 125.9 116.9 112.4 112.1 110.4 108.2 95.7 89.7 86.8 84.3 82.7 82.6 82.2 81.7 84.1 84.4 85.4 84.1 83.9 83.2 83.2 82.6 81.1 80.1 86.2 92.6 99.5 111 119.4 124.4 128.3 131.4 134 135.3 135.5 135.7 136 136.9 138.5 141.1 147.7 151.8 154.7 157.7 160.3 162.2 163.6 164.6 165.9
129.3 129.1 129.1 128.1 126.9 126.5 125.1 123.9 121.9 121.3 121 120.8 119.2 116.8 115.7 115.5 115.3 116.4 117.6 118.5 120.2 122.5 126.3 131.1 132.9 133.4 133.2 131.9 130.7 131 130.7 123.2 117.5 114.3 110.7 108 105.1 92.3 87.2 84.9 83.1 83.3 83.2 87.7 88.8 91.9 90.1 88.6 86.7 85.8 85.2 86.5 84.1 82.2 85.3 90.5 96.3 99.9 108 118.9 124.1 127.5 130.5 133.2 134.6 134.8 135.2 135.7 136.9 138.5 142 148.5 152.2 155.2 158.5 161 162.9 164.6 165.6 167
129 129 128.1 127.6 126.4 125.3 125.1 123.7 122.5 122.2 121.8 121.3 118.9 117 115 113.8 114.3 114.9 115.7 117 118.5 119.6 124.7 129.3 131.1 131.6 130.4 129.3 129.5 129.5 125.5 120 116.3 111.2 106.7 100.8 98.1 88.1 86.6 85.1 83 83.2 86.7 93 96.5 99.4 105.4 105.4 96.3 90.5 92.1 94.7 86.3 82.9 87.9 93.6 99.1 110.3 111.9 116.3 124 128.4 131.2 132.2 133.6 134.5 135.2 135.8 136.7 138.3 141.8 147.7 152.4 155.8 159 161.6 163.5 165.4 166.7 168.1
129 129 128.5 127.2 126.6 126.8 126.5 125 123.6 122.9 122.1 120.9 119.7 117.9 116.5 114.1 112.2 113 114.2 115.5 117.4 120.2 124.1 127.1 128.9 128.3 126.9 126.1 125.6 125 121.4 116.5 112.6 108 102 96.1 90.6 88.1 86.7 85.1 83.8 86.2 91 95.8 100.1 104.8 112.7 108.1 98.7 97.5 97.2 96.7 88.3 83.6 89.1 95.8 105.1 115 119.7 119.1 121.2 129.4 130.9 131.8 133 134 134.8 135.6 136.6 138.3 142.4 148.1 152.5 156.4 159.7 162.4 164.3 166.2 167.7 169.1
129 129 128.8 127.5 127.7 128.2 127.9 126.5 125.2 123.4 122.1 120.4 119.2 118.2 116.8 114.7 111.5 111 112.8 114 117.7 120.9 123.6 125.3 125.9 124.5 123 121.8 119.9 120 115.2 110.4 106.8 102.9 97.3 91.8 88.9 88.1 88.3 87.4 85.4 89.7 94.7 99.1 103.2 108.6 110.1 105.9 100.8 99.1 97.9 96.7 87.8 84.3 91.7 99.8 109.8 118.9 120.7 119.6 120.6 131.3 130.5 131 132.4 133.5 134.3 135.5 137.4 139.5 142.9 149.5 153.8 156.7 160 163 165.4 167.4 168.8 170
129 129 129 128.6 128.9 128.9 129.2 127.6 125.2 123.7 122.7 121.7 120.1 118.5 116.2 113.8 112.2 111.5 111.6 112.5 116.8 120.2 122.7 124.3 123.8 122.4 120.8 117.2 111.5 110.4 106.7 102.8 100.3 96.9 92.7 89.1 88.8 88.5 88.9 88.8 88.1 90.8 97 101.5 103 106.7 107.6 104.3 102.3 100.6 99.4 96.3 88.6 85.6 94 103.2 112.6 121 121.1 121.9 123.6 130.4 130.4 130.4 131.7 133 134.4 135.9 138 140.2 143.5 149.5 152.8 155.9 159.5 163.1 166 168.4 170.3 170.9
128.9 129 129.3 131 131 129.7 129.6 127.2 125.5 124 123 122 120.8 118.3 115.9 113.5 111.6 110.4 109.7 110.7 115.1 119.4 122.2 123.4 122.1 120.7 115.1 107.4 101.7 99.6 96.6 94.5 90.9 90.5 89.2 90 88.9 90.1 88.6 88.4 88.8 94.8 101.4 102.5 104.2 106.4 107.3 105.7 103.7 101.7 99.8 93.6 88.8 87.1 95 104.3 112.5 118.6 123.4 127.7 130.7 130.5 129.5 130 131.4 132.7 134.3 136.1 138.3 140.7 143.9 147.5 151.5 155.4 159.6 163.4 167.1 169.4 170.9 171
128.9 129.3 131 131 131 131 129.2 127.3 125.8 124.3 123.3 122.3 120.8 118.3 115.8 113.3 111.2 110.1 110.2 109.9 116.3 120.2 122.5 122.6 121.2 117.7 108.1 97.4 94.2 94.2 93.4 91.9 91.3 90.9 91.3 92.1 90.6 90.4 90 89.8 94.7 100.9 101.8 103.2 105.1 106.4 107.7 106.9 105 103 101.3 94.1 89.2 88.6 95.4 103.8 110.7 118.6 122.5 126.3 129.6 130.5 130.9 131.6 132.3 133 133.8 135.7 138.1 140.7 144.6 148.7 152.5 156.5 161.4 164.8 168.4 169.2 170.3 170.7
129.1 130.4 131 131 131 131 129.7 127.6 126.1 124.6 123.6 122.3 120.9 118.3 115.8 113.3 111.1 110.2 110.3 110.2 117 121.8 127.1 126.7 120.1 113 101.5 95.3 95.6 95.5 95.3 94.8 94.2 93.7 94.5 94.8 94.1 93.8 93.6 95.8 99.9 103.7 104.4 104.6 105.7 107 108.3 108.3 106.7 105 103.3 99 89.6 91.3 99.2 106.9 111.7 118.7 120.4 124.3 128.3 130.8 130.2 131.2 132.3 133.3 134.6 136.7 138.8 141 145.6 150.3 154.9 158.7 164 168.7 171.1 172.3 173.4 173.7
129.4 130.1 131 131 131 129.9 128.8 127.8 126.6 125 123.7 122.3 120.9 118.3 115.8 112.9 111 110 109.1 110.7 116.8 124.7 129.6 129.5 120.8 110.1 98.9 96.2 97.8 99.6 99.5 98.9 98.1 97.4 97.3 98 97.8 97.5 98.3 101.3 104 106.6 107.3 107.1 107.3 108.3 109.1 109.7 108.6 106.8 105.1 103.7 90.2 92.6 102.5 109.6 115.5 119.7 122.4 126 129.2 130.7 130.4 131.6 132.7 133.7 135.7 137.3 139 142.6 147.3 152.6 157.5 161.5 168.8 172.7 174.4 175.7 176.4 176.8
130.2 130.1 131 131 129.9 129.1 128.1 127.1 126.1 125.1 123.7 122.3 120.9 118.3 115.5 112.4 110.8 109.7 109.4 109.4 114.4 121.7 126.9 126.1 114.9 104.4 96 97.3 101.8 104 103.6 103.1 102.7 101.4 100.2 100.7 100.8 100.9 102.4 104.9 108.1 111.2 111 110.2 109.5 110.7 110.4 110.6 110.5 108.5 106 103.7 91.2 94.2 103.4 110.9 117.9 121.6 125.6 128.4 130.5 130.5 131.6 132.4 133.6 134.7 136.3 139.1 140.8 145 149.4 155 160.1 165.5 171.9 175.9 178.1 179.6 179.6 178.9
131.2 131.1 130.9 130.4 129.5 129.1 128.2 127.2 126.3 125.1 123.3 121.7 120.4 118.3 115 112 110.7 109.5 108.5 109 112.3 116.1 121.6 117.7 105.6 98.2 97.1 103.3 108.3 112.3 111.9 110.8 109.7 107.6 104.7 103.6 103 104.1 106.1 108.5 111.5 114.1 114.4 113.5 113.4 113.6 112.6 112.5 112.2 110.7 108.9 103.9 97 95.8 104.4 112.1 118.6 123.4 127.5 130.6 131.3 132.6 133.9 134.7 135.2 135.9 137.2 138.9 142.3 146.9 151.4 156.6 162.3 168.5 174.9 178.9 180.9 182.2 182 181.1
131.4 131.1 129.5 129.3 129.8 129.1 128.4 127.4 126.5 125 123.2 121.5 120.8 118.3 114.6 112.1 110.1 108.4 107.7 108 107.8 108.4 113.9 106.1 98.9 98.4 97.3 111.3 115.8 120.2 119.6 118.1 116.4 113.3 108.7 107.7 107 107.5 109.4 112.1 114.4 117 117.8 116.8 117.7 116.8 115.8 115 114.5 113.6 111.7 105.8 96.9 96.8 103.7 113.9 120.9 125.8 129.9 132.7 133.3 134.6 135.7 136.1 136.7 137.4 138.1 139.7 143.5 148 152.6 157.6 163.8 171.6 178 181.8 183.5 184.8 184.3 183.3
131.2 130.4 129 129.4 129.5 129.5 128.6 127.7 126.8 124.9 123.1 121.3 120.8 117 113.4 110 107.1 104.5 103.6 104.2 103.4 103.2 101.4 99.3 98.6 98.2 98.1 120.3 120.7 122.6 123 121.8 120.3 116.1 112.6 111.7 111.4 112.2 113.4 117.5 119.4 121 122.2 122.2 122 120.8 119.7 118.3 116.8 115.6 113 107.5 97.2 97.4 104.3 111.3 120.6 126.3 131.9 134.4 135.3 136.6 137.2 137.6 138.2 138.8 139.3 141.9 145 149.2 153.9 159 165.6 172.6 179.1 183.6 186.2 187.8 187 185.8
131 129 129 130.1 129.1 130.5 129.5 127.9 126.7 124.8 122.9 120.8 118.9 114.7 110.8 106.8 103.7 101.9 100.3 100.5 100.4 100.3 100.2 99 98.3 98 118.6 124.6 124 124.4 125.3 125 123.1 118.9 115.7 115.1 116.1 117.1 118 122.4 125.1 126.7 127.6 128.1 126.9 124.6 122.7 120.9 119.1 118.2 115.1 110.1 98.1 98.1 105.1 112.5 120.3 127.1 132.8 136.1 138.1 138.2 138.7 139 139.6 139.5 141.1 144.1 146.8 150.6 155.4 160.1 166.1 172.7 178.8 184.4 188 189.6 190.1 188.2
130.2 129.6 129.7 130.6 131 131 130.2 128.2 126.2 124.1 122.1 119.9 116.1 112.2 107.4 103.6 102.3 103.2 103 104 103.5 103.4 104.5 105.6 114.5 120.9 126.4 127.7 127.9 127.9 127.9 127.5 125.4 120.8 118.6 119 120.2 121.3 123.5 127.6 130.4 131.9 132.8 133 130.5 127.1 125.2 123.3 121.5 120.4 117.3 110.3 100.1 99.1 106.7 115 121.8 128.3 133 137.4 140.3 140.4 140.7 139.6 139.2 140.3 142.4 145.3 148.4 151.7 155.3 159.4 166.4 172.6 178.8 183.8 187.7 191 190.7 188.1
130.9 130.5 131.1 131 131 131 129.3 127.5 125.1 123.5 121.2 118.3 112.6 110 103.9 104.3 105.9 107.1 107.7 107.8 108 109.2 110.4 112.5 122.5 126.1 130.2 131.8 131.2 130.9 130.6 130.3 127.2 122.9 119.4 119.9 123.3 125.9 128.7 132.2 136.2 136.5 137.1 137.2 134.5 130.6 127.7 125.8 124 122.2 119.4 112 100.5 99.6 108.6 117.1 123.9 129.4 134.4 138.4 141 140.4 141.9 141.1 140.9 141.9 143.8 146.2 149.2 152.4 155.8 159.8 166 172 178.9 183.4 187.5 189.3 187.8 186.1
131.3 131.5 131.2 131.1 131 130.8 128.7 126.8 124.2 122.1 120.6 116.3 110.9 107.1 104.1 107.6 108.5 109.5 110.7 112.2 112.3 114.7 117.5 121.4 126.8 130.6 134 136.4 135 134 133.7 132.6 130.9 127 121.5 122.9 126.7 130.1 133.9 137.3 140.4 140.5 140.3 140.2 138.1 133.3 130.2 128.4 126.6 124.8 121.9 113 100.5 101.2 110.3 119.2 125 130.8 136.3 139.9 142 142.7 143.2 143.1 142.6 143.5 145 147.1 149.9 153.3 156.8 160.7 165.7 171.9 179.7 182.9 186.1 186.2 185.2 183.8
131 131.6 131.3 131.2 131.1 129.4 128.1 126 123.4 120.8 118.2 112.5 108.4 104.2 109.7 108.4 108.8 110.1 112.5 115.3 116.1 119.5 123.3 127 131.1 134.5 137.8 138.7 138.8 137.4 136.2 134.3 132.2 129.5 126.6 126.6 130.4 134.7 139.2 141.4 143.1 144.2 144.7 144.1 140.8 136.7 133 131.2 129.4 127.5 124.1 112.6 100.8 103.7 112.5 120.8 126 131.7 137.7 140.9 143.7 145.3 144.8 145.1 144.5 145.5 146.8 148.1 150.5 154.3 157.9 161.6 167 173.3 180.3 182.1 183.1 183.8 182.8 181.4
131.6 132.7 131.4 131.2 131.1 130.2 128.5 125.5 122.6 120 114.3 109.3 106.5 105.1 112 110.6 109.1 112.2 115 117.8 120.2 121.2 125.1 129.2 134.6 138.3 140.7 142 140.9 139.1 137.3 135.4 133.4 131.4 129.4 129 132.9 138.2 141.6 144.2 146.5 147.9 148.4 147.1 144 139.4 135.8 133.5 131.8 129.3 124.7 114.2 102 106.7 113.1 118.9 127.2 132.2 137.3 141.2 144 145.5 146 146.5 146.7 147.6 148.4 150.2 152 155.6 159.1 163.3 168.8 175.1 181.1 181 181.7 182.8 181.9 180.9
132.4 131.8 131.6 131.4 131.1 131 128.7 125.3 121.5 118.4 113.5 108.5 106.7 107.9 112.9 111.4 110.4 113.8 116.8 119.6 121 121.7 123.7 130.1 136.1 138.2 141.9 144.7 142 139.6 138.6 137.3 135.3 133.3 131.7 129 132.1 137.8 141.6 145.7 148 150.1 151.1 150.3 146.8 142.3 138.7 136.1 134.3 132.4 127.6 122.2 108.3 107.2 112.1 118.3 126.6 132.5 137.8 141.3 144.4 146.7 147.4 148 148.8 149.6 149.8 151.4 154.2 157.9 161.6 165.3 170.4 177.4 181.3 181.3 180.4 181.5 181.4 180.9
132.8 132.1 131.4 131.2 131 130.7 127.3 122.5 119.6 115.7 110.6 108.8 107.5 106.4 114.2 112.2 111.7 115 117.9 120.7 120.8 122 123.1 129.2 133.5 134.8 137.4 140.1 138.4 139 139.4 139.2 137.4 135.8 133.8 130.3 132.4 136.9 140.7 145.3 149.2 150.9 151.3 151.1 148.7 144.3 140.2 138 136.7 134.7 129.2 122.5 110.2 108 112.8 119.2 125.6 132.3 138.3 142.5 145.6 147.7 149.1 149.5 149.9 150.2 151 152.8 155.5 159.4 163.2 167.1 170.9 178.7 181.2 180.9 180.3 180.1 180.5 180.6
132.5 131.9 131.2 129.2 128.9 127.4 125.4 119.9 115.1 111.7 109.1 109.3 107.4 111.8 114.5 113.4 113.3 116 117.9 119.6 121.3 122.8 124.2 125.7 129.7 131.9 133.7 135 135.9 137.6 139.3 140.8 139.9 138.3 135.9 133.8 134.7 137.2 139.8 145.4 149.9 151.2 151.6 152.3 150.3 147 143.5 140.3 138.4 136.3 131.4 124.1 109.6 108.7 111.3 119 127 133.1 138.9 143.7 146.8 149.3 149.7 149.7 151 151.6 153.3 155 156.9 159.5 163.3 166.5 170.1 177.6 180.8 180.3 179.8 179.8 179.8 180.3
132.3 131.6 131 128.8 126.1 123.8 122.1 118 111.2 109.1 109.8 109.8 116.3 117.1 115.2 114.6 115.7 116.7 118.4 120.6 121.4 123 124.9 126.8 128.1 131.1 133.4 134.9 136.7 139 140.6 140.9 141.8 140 139 137.8 136.6 138.2 140.9 145.7 150.1 152.9 155.1 155.1 151.5 148.9 146.4 143.5 140.3 137.9 134.2 126.9 115.2 110.8 110.2 117.9 126.6 133.9 139.9 144.8 148.2 150.9 152.3 152.9 153.6 154.7 156.1 157.7 158.8 160.5 163.3 166.5 169.2 174.3 180.5 179.8 179.8 179.8 180 181.3
132.1 131.3 129.6 127.1 123.9 121.6 119.2 114.2 111.2 111.2 110.4 110.8 117.5 117.7 116.2 115.6 115.8 117.4 119 120.2 121.9 123.8 125.7 127.6 129.2 131.5 133.4 135.2 137.7 140.7 142.8 143.9 144.8 144.6 143 141.2 139.2 139.7 142.9 147.5 150.4 153.8 157.6 158.2 153.7 149.5 147 144.5 142.2 139.7 135.9 131.4 122.9 117.2 114.6 118.2 127.4 135.2 141.4 145.7 148.6 151 153.2 154.6 155.9 157.6 159 159.8 160.5 161.2 164.6 168.5 169.8 173.9 179.1 179.9 179.8 179.8 181 182.2
131.2 130.6 127.8 124.9 121.8 117.7 113.2 113.7 115.6 116.2 110.3 115.1 117.7 117.8 117.3 117.1 116.2 118.1 119.8 120.6 122 123.9 125.8 127.4 129 132.4 135.4 137.8 142 144.3 146.6 147.4 148.2 148.6 147.6 143.9 140.5 141 144.7 149 150.8 154.3 157.9 159.5 154.9 150.1 148.1 146.1 144.2 141.6 137.9 133 127.5 121.4 117.2 118.6 128 134.6 142.1 145.3 148.3 150.9 153.6 155.6 157.5 159.3 160.8 161.5 162.8 164.2 165.5 168.9 170.4 175.2 179.7 180.1 179.8 180 182.1 184.6
131 128.6 125.6 122.9 119.5 116.3 114 116.7 118.8 118.2 116 118.6 118.4 118.6 118.4 118.2 118.2 119.1 119.9 120 122.2 124 125.9 128.4 131.2 134.6 138.1 141.1 145.5 148.9 150.5 151 151.5 152.1 150.6 146.5 143.1 143.6 145.4 148.6 150.4 153.2 156.7 159.5 155.2 151.2 149.5 147.9 145.9 143.3 140.3 135.1 129.7 123.2 117.7 120.3 126.7 132.4 140.2 144.4 148.2 150.9 153.4 155.7 157.5 159.3 160.8 162.7 164.7 166.1 167.4 170.4 171.2 173 177.8 179.9 179.8 181.2 183.6 186
130 127.6 124.9 121.9 116.5 114.8 116.6 120.5 120.6 119.9 116.6 118.8 118.5 119.6 118.7 118.5 118.9 120.2 120.7 121.5 122.9 125.4 127.9 130.3 133.3 136.5 139.7 143.7 148.2 153.6 155 156.2 157.4 156.8 153.2 149 146.5 146.4 147.6 148.9 150.3 152.9 156.6 158.8 154.9 152.5 150.7 149.1 147.6 145 141.2 136.5 129.5 123.4 119.6 120.2 125.9 131.1 137.9 142.4 146.7 150.5 152.9 155.1 156.9 158.7 161.1 163.3 165.4 167.5 169.3 170.9 172.3 171.8 176 180.5 179.7 182.2 184.7 186.6
128.6 126.8 124.2 120.9 116.6 116.1 120.5 122.4 122.4 121.3 114.9 117.9 119.6 120.5 119.6 118.9 119.4 120.5 121.9 123.2 124.9 127.1 129.3 131.5 133.8 137.3 141.3 145.9 153.7 158.5 160.2 160.9 161.5 160.4 156.2 152.4 149.3 147.8 149.1 150.5 151.8 153.7 156.8 159.1 155.9 154 152 150.2 149.2 146.3 142.1 136.9 129.6 123.7 120 120.5 125.8 130.3 135.8 141.4 145.2 149 152.2 154.5 156.3 158.6 161.1 163.4 165.5 167.7 169.5 170.5 171.6 172.1 173.5 178.8 180 182.6 184.7 186.2
