data/ND01.asc
ncols 200
nrows 200
xllcorner 300000
yllcorner 910000
cellsize 50
[rows 0 to 36 of 200, columns 0 to 83 of 200]
262.3 262.3 260.5 257.1 248.6 238.9 222.3 209.9 199.4 191.6 184.5 180.6 178.1 173.9 179.7 180.5 185.9 196.7 206.2 214.6 228.2 237.4 244.9 251.1 256.1 259.8 262.6 260.5 257.6 252.2 245.8 237.7 231 225.7 217.6 209.9 210.5 206.4 199.9 198.5 193.2 174 169.3 195.9 218.5 233.1 244.1 253.9 262.2 269.5 274.7 279 281.9 284.4 286.2 286.5 285.4 283.5 280.5 278.6 284.8 288.3 290.8 292.4 292.4 292.4 293.1 294.9 290.7 292 302.7 310 316.7 324.4 331.8 337.3 341.5 345.2 348.3 350.8 351.9 354 356.3 357.4
259.8 260 257.7 253.8 244.3 231.8 219.8 210 198.8 187.8 180.5 174.6 171.4 167.4 175.6 172.6 179.8 190.5 199.4 206.4 219.3 229.9 239.1 246.9 253.3 259.2 263.9 263.1 259.1 253.6 247.1 238.3 229.8 221.1 214.1 203.2 202.6 197.8 193.7 192.3 187.2 166.6 170.7 197.2 219.3 232.7 242.6 250 258 264.9 270 273.2 275.8 278.5 280.4 280.9 279.5 275.6 271.6 275.5 279.4 282.4 284.9 285.5 285.5 284 282.1 287.6 296.6 301.7 306.8 312.4 317.4 323.7 327.2 333.9 339.5 344.2 347.2 349.7 350.4 352.9 356.2 356.9
262.4 260.3 254.4 250.3 242.5 231.6 217.8 207.8 197.9 187.6 178 172.7 168.6 162.8 165.1 172.4 174.8 182.4 189.9 197.8 210.6 221.2 230.7 240.2 247.7 256 261.3 261.2 259.4 254.3 247.7 239.5 231.1 221.2 211.8 200.8 190.4 192 187.2 182.9 174.6 157.1 173.8 198.3 218.1 230.9 239.3 246.1 252.5 257 262.2 266.9 269.6 271.9 273.6 274.1 272.9 267.3 264.1 270.1 272.9 275.8 277.6 276.9 267.6 274.7 286.1 292.6 298.2 303.2 308 312.4 316.5 319.4 323 327.9 335.2 341.6 345.2 347.6 349 351.9 354.3 354.5
267.8 265.9 257.6 247.6 238.7 229.1 220.2 210.8 200.4 189.7 180 171.7 166.7 160.4 155.4 161.5 168.2 175.6 180.5 192.1 200.8 211.5 222.9 233.3 242.3 251.6 256.1 257.2 256.4 251.8 245.4 238.2 229.5 221.3 212 201.9 187.7 176.2 173.2 164.6 152.6 170.6 178.7 194.4 214.5 226.4 235.5 242.1 247.1 251 255.2 260 261.4 264.1 267 267.3 267.2 259.9 254.4 263.4 266.5 269.3 270 263.9 263.8 279.1 285.8 291.6 297 302.2 307.3 309.4 312.2 314.3 318.7 324.1 331.6 337.7 339.5 342.6 343.8 345.3 347.8 350.2
272.1 271.8 264.8 254.7 243.8 235.3 225.9 215.5 204.9 194.3 184.7 175.8 167.8 161.7 150.4 155.8 158.8 166.2 174.5 183.7 193 200.5 212.7 224.5 234.7 244.4 249.9 251.7 250.1 245.5 242.3 234.7 226.5 220 212.1 202.3 186.7 166.5 152.1 148.3 169.1 178.6 178.5 189 208.5 220.4 230.5 236.9 241.8 245.8 249.5 252.4 253.5 255 258 259.7 259.6 254 247.8 250.3 257.6 260 260.5 249.8 266.3 276.8 284.4 289.4 294.4 299.7 303.3 304.4 305.5 310.1 314.9 322.4 329.9 335.5 338.5 341.1 343.2 345.8 349.2 352.2
274.3 273.8 268.6 260.3 250 242.2 233.7 222.1 212.6 202 191.4 180.8 171.6 164.4 157.2 146.9 151.4 158.6 166.1 175.3 183.6 191.7 201.6 213.9 224.7 234.1 241.2 243.6 242 238.4 234.1 229.8 223.7 217.8 211.9 201.8 185.4 158.3 138.4 162.8 177.5 181.6 178.7 184.4 203.5 214.7 224.4 230.8 236.5 240.6 244.2 246.7 248.2 248.7 249.9 252.1 251.8 248.5 243.7 232 245.7 246.9 244.4 247.7 264.7 274.6 281.6 286.6 291.7 295.8 298.8 299.5 300.1 303.7 308.5 316.5 326.2 332.4 337.6 340.9 343.6 346.5 349.7 352.2
273.2 273.5 270.1 262.8 254.7 246.4 238.5 229.7 219.5 210 201.8 190.1 178.7 169.6 162.3 155.2 147.4 151.8 157.2 166.1 175.9 184.1 191.6 203.2 214.6 223.8 230.1 233 234.2 231.8 225.6 221.3 215.7 213.9 211.1 202 187 160 133.8 157.3 173.4 182.5 176.4 178.5 195.4 209.3 219.5 227.1 232.8 236.6 239.6 242 243.5 243.1 242.7 244.9 245 242.7 238.7 220.2 229 226.7 232.6 251.9 261.1 270.9 278.9 284 288.5 292.3 294.1 294.8 294.5 296.9 303.5 310.7 320.4 329.6 335.8 339.9 342.8 346.1 349.9 351.6
271.1 271.2 270.1 265.4 258.2 251.4 244.9 238.8 228.7 218.1 207.7 199.9 189.1 176.1 167.6 160.3 152.1 143.1 150.9 158.6 168.2 176.7 183.9 193.3 204 214 221.7 225.1 225.5 223.3 217.2 211.9 208.1 207.9 206.7 200.2 187.9 162.7 134.3 149.3 164.7 175.9 170.8 174.4 189 204 214.6 223 229.1 232 234.7 237.3 238 237.6 237.1 237.7 237.7 237.2 234.1 222.6 211.1 227.9 242.3 252 258.9 267.8 274.5 280.4 284.6 287.3 289 288 283.9 291.4 298.8 306.7 319 328.7 334.3 338.7 341.4 344.5 347.3 349.6
266.9 268.3 268.1 265.5 261.8 256.9 253.2 247.4 240.6 228.9 216 205.2 196.8 184.4 174.1 164.3 156.4 148.1 144.5 153.6 160.7 169.6 176.9 184 194.3 204.2 211.3 215.9 216.4 214.5 208.7 203.2 201.4 199.4 199.7 194.5 187.4 170.3 138.3 140.2 155.1 166.8 165.1 169.6 180.8 198.5 209.8 218.9 224.7 227.7 230 232.5 232.4 231.9 231.4 230.7 230.1 229.9 225.3 214.8 213.4 231.8 243.2 250.1 257.1 264 268.1 274.2 279.8 282.1 280.7 274.6 288 293.3 301.6 310.6 320.6 328.1 333.1 337.3 339.9 342.5 344.7 346.6
260.1 263.3 266 266.1 264.3 262.8 259.4 256.9 253.2 243.7 230.8 213.2 202.3 192.3 179.4 169.7 160.5 150.3 137 145.7 153.9 161.7 169.6 176.3 186.3 195 201.2 205.6 207.4 205.5 200.1 196.5 194.7 191.3 192.7 187 181.2 174.7 149.8 122.2 145.1 156.7 161.2 164.4 176.2 194.4 206.5 215 219.9 223.8 224.8 226.1 228.1 226.8 224.5 223.4 222 220.1 213.4 199.8 215.1 231.7 240.5 248.7 254.9 259 263.1 267.3 272.8 272.5 268.2 286 294.8 302.5 311.8 319.7 325.7 331.8 334.4 337.8 340.9 342 342.8 343.3
254.7 259.6 264.2 266.9 267 267.2 266.4 264 261.6 254.8 242.7 226.8 211.8 198.3 184.9 173.3 163.6 153 144.2 136.3 145.2 152.2 160.6 168.9 178.2 185.3 190.6 194.8 196.7 194.8 190.6 188.2 187.2 183.6 183.8 180 173.6 169.3 155 130.4 125.1 148 157.6 157 168.3 186.6 199.4 207.4 213.6 217.5 217.9 219.7 222.8 221 217.4 214.2 211.2 206.5 196.4 200.7 221.2 231.6 238.4 245.4 249.5 253.2 257.4 261.6 263.2 257.5 276.9 293.9 304.6 313.9 322.5 328.7 333.2 337.3 339.2 340.7 341.2 341.8 341 340.3
250 256.4 261.3 265.6 268.9 270.4 270.2 269.9 267.7 260.8 250.3 235.2 222.5 209.3 189.6 174.7 165.3 156.9 148.3 139 135.3 143.3 151.8 161.2 170.3 176.5 180.5 184.4 186.3 186.6 183.2 180.1 177.8 175 172.5 172 166.3 161.4 158.8 137.4 114.1 135.2 152.1 148 160.7 175.8 187.4 197.4 204.4 208.2 209.3 211.6 211.8 210.7 207.9 202.5 199.8 188.6 196.4 213 223.5 230.2 235.8 240.4 244.5 246.7 248.7 250.9 247.9 264.2 284.5 300.6 312.9 323.8 331.2 337.2 341.3 343.2 344.7 346.2 345 342.8 339.7 337.8
245.9 252.6 257.8 262.5 265.9 269.1 271.1 271.7 268.6 262.4 250.1 235.5 227.9 213.7 196.3 179 168.9 160.2 151.2 142.9 132.2 132.3 143 152.1 160.9 166.7 171.5 175.6 177.6 176.9 174.4 171.5 167.9 165.7 162.6 162 159.5 154.3 152.1 141.3 115.6 122.1 137.2 142 153.7 167.4 178.1 186.5 194.5 198.7 199.1 197.5 197.2 196.2 196 193.3 188.7 180.7 202.8 214.2 221.2 227.2 231.5 234.7 234.3 235.1 230.9 236 249.9 271.2 287.6 302.2 316.3 328.9 337.9 344.9 348 349.2 350.2 351.1 349.5 347.3 343.3 340.4
242.5 248.7 253.9 258.2 262.2 266.1 268.7 269.3 268.3 261.7 249.9 244.3 235.2 218.4 203.3 186.8 172.5 162.3 152.8 145.2 136.6 120.5 132.4 141.6 150.1 156.9 161.9 167 167.5 167.7 165.5 163.4 160.1 156.9 153.7 152 152.3 148.9 141.2 128.3 107.3 117.7 113.9 131.7 143.2 155 161.5 168.6 175.8 181.3 182 181.8 183.6 182.3 178.3 167.2 170 179.5 196.6 207.2 213.8 218.4 222.1 225 221.4 224.5 236.9 248.8 261.9 269.3 287.1 302.5 318.8 333.7 343.7 349.7 353.6 355.2 356 356.1 355.1 353.2 349.3 345.5
238.8 244.4 249.9 253.9 257.9 262.9 264.2 264.7 264.2 258.8 250.4 245.6 240.5 225.4 214.2 195.8 175.7 164.5 155.1 147 139.3 130.5 114.8 130.8 138.9 146.5 151.7 156.4 159.6 160.9 159.4 157.8 153.8 149.7 146.2 142.6 144.4 140.1 124.4 102.9 131.8 143.9 139.6 131.9 119.8 124.6 133.5 142.3 150.7 157.4 147 159.5 157.2 156.4 164.5 183.8 193.6 193.6 184.1 187.2 196.2 198.9 204.7 210.5 226.5 237.1 246.8 259.6 273.6 285.5 294.7 306.3 322.3 337.5 347.1 353.9 358.3 360.8 361.6 361.6 360.8 358.6 355.6 351.8
236.9 243 248 252.3 256.5 259.9 262.1 261.7 259.5 255.1 249.7 244.8 238.1 229.8 214.5 201.4 180.7 167.5 157.5 150.8 142.2 132.1 122.1 118.9 127.8 135.2 141.3 147 152.4 154.3 155.5 154.9 150.3 143.8 138.5 132 135.6 125.2 101.5 123 144.4 155.3 158.5 156.3 152.8 153.5 155.5 156 157 160.3 166.6 173.9 181 186.5 172 193.8 205.1 207.9 207 206.3 208.4 213.8 220.3 227.5 238.6 247.7 258.6 273 285 295.9 304.4 314.3 329.6 343 351.7 358.1 362.7 365.8 367 366.7 365.8 364 361.6 358.1
235.7 241.9 246.4 250.6 255.6 258.5 260.8 260.1 258.3 254.3 249.9 244.1 238.1 230.8 221.5 200.9 182.3 168 158.5 152 144.4 134 124.8 104.4 117.7 125 131.3 137.4 142.3 146.6 150 150.7 146.2 134.6 125.8 117.8 109.7 97.1 113 136.2 152.9 160.6 170.3 173.6 171.4 175.3 181.2 184.1 186.1 188.6 192.8 197.9 201 193.1 179.5 199.3 209.7 213.2 216.9 220.7 224.5 229.8 235.6 241.6 250.7 262.6 273.9 286.4 295.1 304.1 314 325.9 338.8 348.7 356.6 362.3 367 370.3 371.7 371.5 370.7 369.4 366.9 364.2
235 240.5 244.7 249.1 254.4 257 259.2 259 257.2 254.1 251 243.9 236.2 226.2 219.7 200.1 180.5 167.2 160 153.7 146.4 136.5 126.3 113.2 105 115.2 121.6 127.9 133.6 137.9 142.3 145.1 142.4 130.8 102 89.3 93.3 110.3 130.2 146.6 157.9 164.1 169.2 175.9 176.2 179.9 192 197.6 202.9 207.3 210.1 210.5 211.7 201.2 178.8 198.4 208.9 215 218.7 225.8 233.4 239.7 248.5 258.4 268.3 278.3 288 296.6 306 315.3 325.5 338 347.5 355.6 361.8 367.4 371.6 374.5 376.1 376.5 375.3 373.7 370.9 368.1
233.4 237.4 242.1 248.1 252.1 255.5 256.5 257.3 254.9 251.5 247 241.4 234.8 226.5 213.4 197.2 179.9 167.3 160.6 153.7 147.6 139.7 127.4 117.6 99.5 103.6 112.6 119.2 125.9 132.6 137 137.2 125.9 106 88.6 102.1 115.3 119.1 134.8 145.6 155.9 163.5 166.2 171.8 174.3 178.4 190.7 200.6 204.1 211.3 214.7 214.5 217.5 213 200.9 191 196.8 204.1 212.6 222.7 234.5 245.3 255.5 266 276 285.9 295.3 305.8 316.8 327.1 337.2 347.7 356.6 363.6 368.2 372.7 376.7 379.2 380.7 380.4 378.9 377.4 374.7 371.5
231.5 236.4 241.1 245.4 247.2 249.4 252.2 254 252.5 249.2 246.9 241.2 234 226.2 205.8 190.3 176.4 169.6 159 153.4 148.3 139.7 130.2 120.5 108.1 87.2 99.1 110.3 117 124.3 130.1 120.4 106.7 86.9 91 112.7 129.6 137.6 136.4 134 149.4 159.3 162.7 168.4 172.2 177.7 185.6 192.3 198.5 204 207.8 212.6 215.6 217.9 217 212.3 209.4 208.9 205.4 216.5 230.2 243 255.1 267.8 278.8 288.4 299.1 311.5 323.9 336.4 348.4 357.3 365.6 372.3 377.6 381.7 384.3 385.7 385.6 384.2 382.6 381.1 378.2 375.1
225.9 232.2 237.7 240.8 242.8 245.4 249.9 252.2 251.1 248 246.3 241.4 234.2 224.2 209.6 189.5 173.3 167.6 157.9 149.5 143.9 137.8 129.1 120.8 111.9 98.4 80.1 98.1 109.2 117.5 119.8 106.1 83.4 87.3 107.7 125.9 141.5 150.8 154.8 155.2 158.6 163.3 164.9 164.8 169.7 174.7 184.8 191 193.8 198.3 201.8 205.5 211.6 218.1 220.9 221.2 223 224 222.3 218.1 221 237 252.7 267.4 279.3 290.3 302.6 316.6 329 342.3 354.6 365.5 374.5 382 386.5 390.2 392.5 392.2 391.7 390.5 388.6 386.7 384 380.7
220.5 226.7 231.7 235.1 239.2 241 245.2 249.7 251.9 249.3 245.8 240.4 233.7 224.5 210.7 192.8 177.1 162 153.1 143.4 137.8 132.7 126.5 121.3 113.1 102.4 85.6 85.9 100.4 107.4 104.5 90.3 79.6 104.7 124.7 140.5 151.4 159.7 165.2 166.2 168.5 169.5 168.6 168 167.5 171.2 179.4 188.7 193.2 196.3 201 205.5 210.5 216.2 220.6 223.5 226.7 230.1 233.7 235.6 234.8 231.7 250.4 266 279.1 291 303.3 315.7 329 343.6 357.5 370 379.9 387.2 392.9 397.8 399 398.9 397.9 396.2 394.5 392.6 390.1 386.9
215.4 221.3 227 231.7 234.4 235.7 237.8 240.6 244.8 244.8 243.5 239.2 234.2 228.8 218.5 204.8 183.4 164.1 148 139.7 129.1 124.4 121.2 118.1 110.3 101.3 87.7 81.3 93.7 91.4 91.1 73.9 87.4 110.3 133.4 146.1 156.9 165.8 172.3 176.4 179.7 182 181.6 177.7 173.5 171.3 175.9 185.8 193.2 197.6 202.5 206.7 211.7 217.5 222.3 228 233.6 239.3 243.1 247.1 249.8 245.5 245.6 263.6 277.7 289.6 300.3 312.9 326.1 342.1 357.3 370.6 380.8 387.8 394.1 398.9 401.7 402.2 401.2 400.1 399.4 397.4 396 392.8
209.9 217.5 223.4 228.7 231.4 233 233.6 233.2 235.9 240.5 238.9 233.8 228.4 226.6 219.4 205.9 189.7 166.7 146.2 134 124.1 116.7 115 114.5 105.7 97.7 86.6 72.4 70.2 74.5 78.3 84.5 104.1 118.8 137.1 148.7 159.5 171.9 180.7 186.7 194.2 197.8 196.8 191.9 186.1 181.5 178.3 186.8 194.3 199.1 204.2 211 217 223.4 229.7 234.8 240.4 246.1 250.9 255.3 259.4 261.8 259.8 253.9 272.2 286.3 297.7 310.1 323.1 341.3 356.1 369.4 378.8 386.9 392.8 397.2 400 401.2 401.9 401.8 402.4 402.3 401 397.4
201 210.2 218.9 223.8 226.8 229 229.4 227.8 227 226 230.5 226.8 227.2 223.8 206.8 193.2 185.3 168.5 147.9 129.2 117.7 109 108 108.7 98.3 89.4 76.2 59 68 71.6 88.5 108.1 118.6 131.2 144 154.7 168.5 180.9 190.8 197.6 203.5 204.5 203 201.7 196.1 190.3 188.9 192.2 197.1 204.6 210.8 220 226.2 232 237.3 241.8 247.1 252.8 259.3 264.7 268.7 272.2 275.2 275.3 270.7 287 298.7 309.7 325.8 343.7 356.2 368.7 377.4 385.3 390.7 394.8 397.4 398.6 400.3 401.5 402.4 403 402.1 399
193 200.5 205.6 215.2 218.6 220.4 221.3 218.8 217 214.6 212.1 210.7 213.9 214 207.4 199 173.2 162.3 147 127.1 112.7 104.8 100.9 96.3 87.5 77.4 58 67.4 86.8 99.7 113.7 123.8 134.5 144.7 153 163.8 175.3 186.1 195.9 204.7 208.6 209.4 208.6 207.1 203.3 197.5 199.8 200.9 204.9 212.5 222 228.7 233.5 238.9 244.9 249.8 255.4 262.1 268.9 274 277.8 281 284.4 285.8 278.4 286.4 300.1 312.3 328.9 345.2 357 368.5 376.7 383.4 388.3 392.1 394.7 397.2 398.7 401.1 402.5 403.6 402.6 400.2
181.2 189.7 200.3 204.9 209.2 214.4 213.2 210.2 209.5 205.6 203.6 195.1 193 190.1 183.4 179.2 166.5 153 141.2 126.4 110.1 101.3 96.2 88.5 79 64.3 65.3 85.8 98.3 107.2 122.6 133.4 142 149.6 157.4 165 176.4 187.7 197.2 204.5 209 212 213.5 208.3 206.9 204.6 206 210.5 212.8 222.1 229.6 236.4 242.5 247.2 251.8 257.8 264 270.2 276.3 281.1 285 288.9 292.2 296 296.1 297.7 302.8 314.8 332.1 346.3 357.6 368.1 375.3 381.2 386.2 388.9 391.8 395.4 398.1 400.3 401.8 403.2 402.3 400.1
166.7 177.3 189.7 199.4 203.3 206.1 207.8 204.1 202.2 200.4 193.6 184.7 177.7 178.6 169.3 161.7 154.2 152.3 140.9 123.9 107.3 98.2 91.4 85.4 74.1 56.2 71 88.5 101.7 113.1 123.2 135 143.5 151.1 157.9 164.4 173.9 186.3 196.5 203.4 210 213.4 214.5 213 209.4 208.6 212.9 217.3 219.5 227 234 238 245.1 249.9 257.5 263.8 269.2 275.1 281.5 286.8 291.7 295.8 299.9 304.1 306.9 309.2 313 323.9 336.7 347.9 358.2 367.1 373.1 379 383.5 387.1 391 394 397.2 399.6 401.1 402.5 401.5 400.1
149.7 161.7 177.4 189.2 197.6 202.9 203.5 200.7 195.1 191.8 188 179 167.7 163 162.4 151.3 140.5 132.1 129.3 119.8 103.9 92.1 86.9 81.4 69.7 51.5 79.4 93.2 105 116.4 124.3 135.8 144.4 152.4 158.5 164.2 170.5 181.8 191.7 200 208 212.8 213.1 213.3 212.6 214 216.7 222.2 225.9 228.4 235 238.9 244.9 250.1 258.1 266.3 272.8 278.8 284.9 289.6 294.8 301.6 307.9 314 318.7 322.6 325.4 336.2 344.5 352.8 360.1 367.8 373.2 378.3 383.1 386.6 390.1 393.5 396.5 398.9 400.5 401.5 400.5 399.2
130.9 143.6 159.7 173.7 186.9 195.2 199.4 199.3 195.2 186.6 178.2 171.4 163.7 154.1 146.8 140.1 131.2 119.5 112.5 108.3 97.3 86.5 81.1 74.4 65.2 52 77.1 95 105.9 116.8 127 136.4 145.9 153.6 159.2 165.1 171.8 179.2 186.5 194.8 206.4 211.9 212.4 214.4 215.4 220.7 226.9 227.8 228.7 232.8 235.8 240.1 246 251 255.8 263.2 270.4 277.4 284.7 292 297.8 306.4 314.9 322.6 329.9 335.2 341.8 348.5 353.9 358.4 365.2 370.6 376.6 380.2 384.1 387.8 390.5 393 396.4 398.3 399.9 400.4 399.4 398.4
111.4 124.8 141.5 155.2 170.4 182.1 191.6 192.2 189 185.3 177 167.9 155.9 145.9 138.5 130 120.7 111.8 100.6 94.1 88.6 80.5 74.9 68.9 61.6 50.7 77.4 90.1 103.6 116 129.5 138.5 147 153.1 158.6 167 172.9 180.3 187.4 190.7 199.6 207.2 211.9 214.5 216.9 221.5 230.4 231.1 231.8 233.8 237.2 244.3 247.5 253.3 259 263.2 269.2 277.2 286.7 294.9 301.4 309.7 320.8 331.3 340.1 347.3 353.5 358.6 362.5 365.8 370.1 373.9 378.4 382 385.3 387.8 390.4 393.7 395.7 397.5 398.9 399.2 398.3 397.4
93 105.9 119.7 137.1 155 169.7 178.9 181 181.1 181.1 178.9 171.1 158.9 146.8 133.4 124.1 115.5 104.3 94.8 85.5 78 72.4 68.1 65.7 58.7 53.6 74.4 86.8 104 115.4 127.5 140.7 146.2 151.3 156.9 165.3 171.7 178.6 186.2 193.4 198.7 203.3 208.5 213.4 221.3 224 232.6 233.1 233.9 235.8 238.4 244 249.2 254.6 259.4 265 273.8 280.6 288.9 296.7 303.7 313 325.6 337 348 356.3 362.7 366.4 369.7 372.3 374.8 378 380.4 383.4 385.3 387.7 390.4 392.6 394.6 396.5 398 398.4 398 397.2
77.5 86.9 101.3 114.9 132.6 153.4 167.8 174.6 175.3 176.3 176.6 175.9 167.2 156 139.5 123.6 115.2 103.3 90.9 81 72.4 65.8 62.8 62.6 54.9 47.6 70.5 88.3 98.8 108.4 119.8 133.1 145 149.6 154.1 161.8 169 176.2 184.6 191.6 199 202.5 206 212 219.3 224.6 230.1 234 235.9 238.5 241.1 244.7 250.9 257.4 263.9 268.4 274.9 280.3 288.7 296.1 300.5 313.4 326.8 340.5 351.6 361.4 367.5 371.8 374.6 376.1 377.4 379.1 381.3 383.5 385 386.2 389.1 391.6 393.6 395.4 397.1 397.5 397.4 396.9
56.2 68.7 82.3 95.4 109.6 127.5 145.7 160.5 169.3 172.4 173.2 173.4 171.6 163.7 148.1 132.1 117.5 106.8 95.4 83.3 73.7 64.1 57.9 56.9 52 42.7 68.9 81.1 91 100.9 111 121.8 134.6 145.3 150.7 158.8 166.5 174.4 182.7 189.8 197.5 203.4 206.7 212.1 218.6 221.9 227.7 233.3 235.8 240.9 242.8 247.9 252 256.7 262 267.9 274.5 280.3 287.8 292.2 298.2 312.1 327.2 342.6 355 365 371.6 375.5 377.6 378.7 378.4 378 380.6 381.8 382.8 383.8 386.6 389.5 392.4 394.3 396.2 396.6 396.4 396.3
41.9 50.1 63 75.4 90.1 105 123.4 141.3 154.6 165.8 171 172.1 169.2 164.1 155.2 141.1 125.1 109.6 99.5 88 77.5 67.7 58.5 53.6 49.1 44.1 63.6 75.4 83.4 90.9 99.4 108.7 120.6 133.3 143.9 153.2 162.6 170.7 178.4 186.4 194.6 201.1 204.4 211 218.6 223.5 229.6 230.8 236.3 241.4 245 249.8 252.3 256.3 261.3 266 271 277.2 283.7 286.6 295.7 309 327.7 344.3 356.2 366.7 374.1 377.9 379 378.5 377.6 377 376.8 377.3 378.7 381.3 384 387.1 390.1 392.9 394.8 396.6 396.7 396.6
32 36.2 44.6 55.4 70 83 99.6 116.7 134.5 152.1 162.5 166.9 168.2 163.6 156.1 147.6 134.4 118.8 104.5 92.4 81.5 71.1 60.7 51.7 46.6 41.5 56.8 67.5 75.3 82.6 88.9 96.3 107.3 119 131.6 143.1 151.3 162.2 170.8 180.8 191.6 197.4 201 206.7 213.7 218.9 226.9 229 231.4 240 244.6 250.4 254.7 257.2 260.5 264.6 269.2 275.4 280.7 285.2 293.7 310.5 329.5 344.2 356.7 366.6 373.2 377.4 378.5 377.1 376.4 374.8 371.8 370.1 374.6 377.5 379.6 382.2 386.1 390.6 393.4 395.8 396.9 397.2
24.8 27.3 30.7 37.1 48.6 60.8 76.7 94 109.6 127 144.4 157.6 163.7 160.9 157.1 150.8 141.3 128.9 112 97.1 85.5 75.1 64.9 55.2 46.4 39.1 49 57.9 66.7 73.7 79.3 86.6 92 103.3 116.4 129.6 139.7 149.7 162 171 180.5 188.7 196.2 205.3 209.6 213.1 220.7 225 231 236 243.1 248.5 256.2 258.8 261.4 264.6 272.6 278.2 280.1 284.3 293.7 309.9 328.4 342.9 355 363.5 370.3 374.9 375.7 373.6 371.8 370.2 368.1 363.3 367.5 370.6 374.1 378 382.9 387.5 390.5 393.8 396 396
