data/ND13.asc
ncols 200
nrows 200
xllcorner 310000
yllcorner 930000
cellsize 50
[rows 0 to 34 of 200, columns 0 to 78 of 200]
153.7 154 154 154.6 155.5 156.4 157.2 157.8 159.7 161.7 163.1 164 165.1 164.4 165.6 166.5 168.9 171.5 173.5 175.7 176.6 177.3 179.2 180.7 182.2 184.1 186.5 188.8 191.1 193.5 195.9 197.3 197.6 197.3 196.5 195.3 194.1 192.9 191.9 191 191.2 191.9 193.4 196.8 200.2 202.5 204.9 207.3 208.3 208.8 209.4 208.7 206.4 205.9 205.7 205.7 205.6 205.2 204.7 204.2 203.6 202.2 200.2 198.2 196.8 198.6 199.6 200.5 199.4 197.5 195.8 196.3 197.4 198 200.5 203.4 204.8 203.8 203.8
155.9 156.4 156.6 156.7 157.1 157.9 158.7 159.8 161.8 163.8 165.6 165.8 166.6 166.2 165.4 168 169.1 169.9 172.9 174.9 177.3 178.1 178.5 179.7 183.2 184.2 186.1 188.5 190.9 193.3 195.4 197.1 197 196.7 196 194.8 193.6 192.4 191.2 190.4 190.8 191.3 193.2 196.5 199.8 202.7 205.1 206.9 208.2 208.8 209.3 207.9 206 205.4 205.4 205.4 205.1 204.7 204.2 203.6 202.9 201.8 200.5 199.5 199.1 200.5 203.2 204.7 204.1 202.5 200.1 199.6 200.2 201.2 203 206.2 208.7 208.1 207.9
158.1 158.5 159.3 158.4 159.7 160 160.3 162 164.1 166.2 168.2 168.2 168.3 168.4 168.3 168.6 168.7 170.4 172 174.1 176.5 179 180.3 180.9 182.4 184 185.5 187.6 189.8 192 194.2 195.6 195.3 195.3 195.1 194.3 193 191.8 190.6 190.5 191.5 192.3 193.1 196.1 200.1 203.5 205.7 206.7 207.7 208.7 209.4 208.5 205.8 205.2 205.1 205 204.6 204.2 203.8 203.4 202.4 201.4 199.4 199.3 200.4 201.8 204.8 207.4 207.4 205.5 204.3 203.4 203.4 204.7 205.8 208.2 211.7 211.3 210.2
160.3 160.6 160.5 160.5 161.8 161.4 162.5 164.7 167 169.2 170.7 170.1 169.6 169.4 168.6 168.6 169 171.1 173 175.7 177.8 179.2 180.7 181.2 182.5 183.7 185 186.8 188.8 190.8 192.7 193.5 193.8 193.8 193.6 193.3 192.4 191.3 189.9 190.8 191.8 192.8 193.7 196.3 200.5 204.4 206.1 207.3 207.9 208.5 209.8 208.7 205.5 205.1 204.9 204.6 204.1 203.7 203.7 203.5 202.4 199.9 198.9 200.1 201.3 202.1 204.9 208.1 209.5 208.1 206.4 206 205.9 206.5 206.9 208.9 210.8 211.7 211.3
161.9 162.2 163 163.8 164.6 165.2 165.1 167.3 169.6 171.8 172.7 171.5 170.3 169.6 168.8 168.2 169.9 171.7 172.7 174.7 176.6 178.3 179.5 180.8 182.2 183.5 184.7 186.2 188.1 190.1 192 192.1 191.8 191.9 192.6 192.2 191.5 190.8 190 191 191.9 192.9 193.8 196.7 201 205.1 206.5 207.9 208.4 208.7 209.2 207.7 205.8 205.2 204.7 204.2 203.8 203.5 203.3 203.3 202 199.4 200.6 200 200.9 201.7 205.1 208 208.9 208 206.6 206.4 206.4 206.9 207.3 209.3 210 210.5 210.3
163.5 163.7 164.5 165.3 166.5 168 168.4 169.8 172 174.1 174.9 173.6 171.8 171.1 170.2 168.9 170.1 171.5 172.5 173.5 175.5 176.9 178.5 180.2 181.1 183 184.5 185.7 187.5 189.8 191 190.9 190.6 191.3 191.4 191.5 191.1 190.6 190 191.2 192.2 193.1 193.9 197.1 201.6 206.4 207.8 209 209.2 209.4 209.5 207.8 205.9 205.1 204.5 204 203.5 203.2 202.9 202.6 200.8 201.2 201.4 201 199.8 200 204 206.7 207.3 207.3 206.1 206.1 206.6 206.7 206.7 208.1 208.2 208.9 208.8
165 165.2 166 166.8 168.4 170 171.6 172.2 174.5 176.2 177.2 175.6 173.4 172.6 171.3 170 170.1 171.3 172.2 173.2 174.3 176.1 177.9 179.6 180.6 181.4 183.5 185.4 186.9 188.7 190 189.9 189.7 190.8 190.8 190.4 190.8 190.3 190.1 191.3 192.4 193.4 194.7 197.8 202.2 207.3 209.5 210 210.3 210.5 209.7 207.8 206.3 205.1 204.3 203.8 203.3 202.9 202.7 202.4 201.5 201.7 202 199.8 199.8 199.8 201.4 204.3 206 206.2 205.8 206 206 206.1 206.2 207 207.1 207.1 207.2
166.5 166.7 167.4 168.8 170.4 171.9 173.5 174.9 177 178.3 178.8 177.5 174.9 173.7 172.5 171.3 170.7 171.8 170.7 172.5 173.6 175.5 177.3 179 180.1 180.8 181.9 183.9 185.9 187.5 188.9 188.8 188.8 190 190.3 189.5 190.5 190 190.1 191.3 192.5 193.7 196.6 200.2 204.3 208.2 210.9 211.1 211.3 210.7 209.7 208 206.7 205.3 204.5 203.7 203 202.8 202.8 202.8 202.6 202.4 202.1 199.8 199.8 199.8 199.8 202 204 204.3 205.4 205.4 205.5 205.5 205.6 205.8 206.1 205.6 205.7
168 168.3 169.1 170.7 172.3 173.9 175.5 177.1 179 179.8 180 178.6 176.5 175.2 174 172.8 172.1 172.6 170.8 171.7 172.9 174.8 176.7 178.4 179.6 180.3 180.9 182.3 184 185.8 187.5 187.7 188 189.1 188.4 188.6 190.1 189.5 190.6 191.9 193.2 195.1 199 202.3 205.6 208.9 211.2 211.7 211.8 210.9 209.8 208.4 207.1 205.7 204.6 203.8 203.1 202.8 202.8 202.7 202.7 202.7 201.7 200.3 199.8 199.8 199.8 200.4 202.1 202.8 205.1 205.1 205.1 205 205 205.1 205.1 204.6 204.2
169.4 169.7 171.1 172.7 174.2 175.8 177.4 178.8 180.3 181.2 181.2 179.8 178.1 176.7 175.5 174.5 173.8 173.2 172.3 171.5 172.3 174.1 176 177.8 179.2 179.8 180.6 181.9 183.8 185.7 187.6 189 189.6 189.9 190.1 189.1 189.3 189.8 191.5 192.7 194.1 198.1 200.7 203.7 206.6 209.6 211.6 212.4 212.2 211.2 210.3 208.8 207.5 206.1 204.8 204 203.3 202.8 202.8 202.9 203 202.7 201.3 200.4 199.8 199.8 199.8 200 201.5 202.3 204.3 204.8 204.8 204.7 204.7 204.6 204 203.4 203.2
170.6 170.8 171.3 173.9 176.2 177.7 179.3 180.5 181.8 182.9 183.1 181.4 179.4 178.3 177 176.2 175.4 174.5 173.5 172.6 171.7 173.5 175.4 177.2 178.7 179.5 180.3 181.5 183.5 185.4 187.3 188.9 189.7 190.1 190.5 190.5 190.6 190.6 192.4 194 196 199.8 202.4 205.3 208.3 211 212.4 213.2 212.6 212.2 211 209.4 208 206.6 205.2 204.1 203.6 203.3 203 203.2 203.3 202.3 201.5 200.8 200 199.8 199.8 199.8 201 201.8 204.2 204.3 204.3 204.2 204.1 203.3 202.7 202.2 202.3
171.7 172 172.2 174 176.6 179.2 180.7 181.8 182.9 184.8 185 183.7 181.8 179 177.9 177.1 176.3 175.4 174.5 173.5 172.3 173.3 175.3 177.1 178.3 179.2 180 181.2 183.1 185 187 188.3 189.6 190.2 190.6 191 191.5 191.9 193 195.1 198.1 201.5 204.1 207 209.7 211.9 213.2 213.9 213.5 213.2 211.8 210.1 208.6 207.2 205.8 205 204.6 204.2 203.9 203.6 203.3 202.6 201.8 201.1 200.4 199.9 199.8 199.8 200.3 202.6 203.4 203.7 203.7 203.6 203 202 201.5 201.2 201.5
172.6 173.2 173.4 174.1 176.7 179.5 180.4 181.5 182.6 184.5 185.2 184.6 182.9 180.1 178.7 177.9 177 176.2 175.4 174.3 173 173.7 175.5 176.7 177.8 179 179.8 180.9 182.8 184.7 186.4 187.6 188.9 190.4 190.8 191.2 191.7 192.1 194.4 196.5 199.3 202.5 205.8 208.5 210.6 212.8 215.3 214.5 214.4 214.1 212.5 210.9 209.3 207.8 206.5 206.2 205.8 205.4 204.7 203.8 203.2 203 202.3 201.5 200.8 200.3 200.5 200.2 200.6 202.4 202.6 202.9 203.1 202.7 201.7 200.7 200.2 200.4 200.5
172.8 173.5 174.1 174.8 177 179.4 180.3 181.2 182.3 183.7 184.2 184.6 183 180.6 179.4 178.6 177.6 176.3 175.6 174.7 173.6 173.8 175 176.2 177.3 178.6 179.5 180.5 182.4 184.4 185.7 187 188.5 190.3 191.1 191.5 191.9 193.5 195.7 198 200.6 203.9 207.6 210.2 212.4 213.3 214.7 214.5 214.1 214.8 213.3 211.6 210 208.4 207.7 206.8 205.9 204.9 204 203.1 202.5 202.8 202.7 202 201.2 200.7 200.9 201.5 201.6 201.6 201.8 202.1 202.3 201.4 200.4 199.5 199.3 199.3 199.2
172.9 173.5 174.2 174.8 177.3 179.3 180.2 181.1 182 182.7 183.1 183.6 183.1 181.2 179.7 178.4 177.1 176.4 176 175 173.9 173.4 174.5 175.7 176.8 178.1 179.3 180.2 182.1 183.8 185.1 186.6 188.4 190.2 191.3 191.7 192.6 194.9 197.1 199.4 202.2 206.4 210.4 213.1 214.6 213.5 213.5 213.4 213.4 214.9 213.9 212 210.2 207.9 206.9 206.1 205.2 204.2 203.3 202.3 201.8 202.1 202.5 202.4 201.7 201.1 201.4 201.7 201 200.8 201 201.3 201.4 200.6 199.1 198.2 198.2 198.1 197.9
172 173 174.1 174.9 176.5 177.6 178.6 179.5 180.4 181.6 182.3 182.8 183 183 180 178 177.2 176.8 176.3 175.3 174.5 173.8 174.1 175.2 176.3 177.5 178.9 179.8 181.8 183.1 184.7 186.5 188.3 190.1 191.3 192 194.3 196.5 198.6 200.9 203 207.2 212.7 215.2 214.8 213.4 212.2 212.1 212.6 213.3 213.5 211.6 209.2 206.8 205.8 204.9 204.4 203.5 202.6 201.6 201.1 201.4 201.7 202.1 202.1 201.5 201.8 201.1 200.4 200 200.2 200.4 200.6 199.8 198.3 197 196.8 196.6 196.4
171.2 172.2 173.2 174.3 175 175.7 176.8 177.8 178.5 179 181.3 182 182 181.7 179.9 178 177.6 177.1 176.6 175.7 175.3 175 174.5 174.7 175.7 176.9 178.4 179.5 181.2 182.8 184.6 186.4 188.2 190 191.2 192.9 195.9 198 200.2 202.3 204.4 208.4 213.9 215.1 214.2 212.3 210.9 211.2 211.8 212.3 212.8 210.6 208.1 205.9 204.9 203.9 203 202.4 201.8 200.9 200.3 200.7 201 201.4 201.7 201.9 201.2 200.5 199.8 199.2 199.4 199.6 199.7 199 197.4 195.8 195.2 195.1 194.9
170.5 171.4 172.4 173.5 174.3 174.9 175.5 176.1 176.6 176.8 178.5 179.5 180 179.4 178.7 178.3 178.1 177.5 177 176.8 176.4 175.7 175 175.2 176.1 176.8 178 179.2 180.9 182.7 184.5 186.3 188.1 189.9 191.8 193.7 196.1 198.8 201.2 203.7 205.7 208.9 213.7 213.7 212.6 210.7 209.5 209.9 210.2 210.6 211 209.5 206.9 204.9 203.9 202.9 201.9 201 200.4 199.8 199.7 200.1 200.5 201 201.4 201.3 200.8 200 199.2 198.5 198.6 198.7 198.9 198.1 196.3 194.7 193.8 193.5 193.3
169.8 170.8 171.7 172.8 173.6 174.2 174.8 175.4 175.6 175.5 175.1 175.9 176.9 176.3 176.6 177.3 177.9 177.7 177 177.1 177 176.3 175.6 175.5 176.4 177.1 178.2 179.6 181.2 183 184.8 186.5 188.1 189.7 191.4 193.4 195.8 199.7 202.8 205.1 207.2 208.9 213 212.7 211 209.4 208.6 208.2 208.4 208.7 209.1 207.5 205.8 203.9 202.9 201.9 200.9 199.9 199 197.2 199.6 199.9 200.3 200.8 201.1 200.6 200.1 199.6 198.9 197.9 197.6 197.7 197.9 197 195.2 193.6 192.7 192 191.8
169.2 170.2 171.1 172.1 172.9 173.5 174.1 174.7 174.8 174.7 174.3 173.9 173.5 174 174.7 175.5 176.2 175.6 175.6 176.1 176.3 176.4 176.2 175.8 176.4 177.2 178.5 180.1 181.6 183 184.7 186.3 187.9 189.6 191.2 193 195.5 201.1 204.2 206.1 207.8 209.5 210.5 211.3 209.7 208.6 207.7 206.9 206.8 207 207.2 205.9 204.3 203.2 202.3 201.3 200.3 199.3 198.2 196.1 198.8 199.8 200.2 200.6 200.4 199.9 199.4 198.8 198 196.9 196.5 196.6 196.6 195.7 194.1 192.5 191.6 190.6 190.3
168.6 169.5 170.5 171.4 172.2 172.8 173.4 174.1 174.1 173.8 173.4 173 172.8 172.6 173.1 173.9 174.1 174 174.6 175.1 175.2 175.4 175.5 175.8 176.3 177.4 178.9 180.4 181.8 183.2 184.3 185.7 187.4 189.2 191 192.7 196.6 201.3 204.5 206.1 207.8 209.2 208.6 208.8 208.6 207.7 206.9 206.1 205.3 205.5 205.6 205 203.5 202.7 201.8 200.9 199.8 198.7 197.5 197 198.2 199.7 200 200.2 199.7 199.1 198.5 197.9 197 195.9 195.3 195.4 195.3 194.5 192.8 191.4 190.5 189.6 188.7
167.9 168.9 169.8 170.8 171.6 172.1 172.8 173.4 173.4 173 172.6 172.3 172.1 172 171.8 172.2 172.4 173 173.6 174.1 174.2 174.3 174.7 175.2 175.8 177.6 179.1 180.6 182 183.4 184.5 185.6 186.7 188.4 190.2 192 195.5 200.3 204.6 206.2 207.9 208.2 207.3 207.4 207.4 206.6 205.9 205.1 204.3 203.9 204 204.1 203 202.1 200.5 199 197.8 197.4 196 196.7 198.6 199.3 199.6 199.3 198.7 198.1 197.5 196.9 195.9 194.9 194.2 194.1 194 193.2 191.9 190.2 189.3 188.5 187.5
167.3 168.2 169.2 170.1 171 171.5 172.1 172.7 172.5 172.1 171.8 171.7 171.5 171.3 171.2 171 171.4 171.9 172.5 173 173.2 173.5 174 174.6 175.6 177.4 179.3 180.7 182.1 183.5 184.7 185.8 186.9 188 189.4 191.4 195.1 198.9 203.7 206.5 207.9 207.1 206 206.1 206.1 205.4 204.7 203.9 203.1 202.8 202.4 203.1 201.5 200 198.5 197.1 195.7 195.3 195.7 197.2 198 198.6 198.7 198.3 197.8 197.2 196.6 195.8 194.8 193.8 192.4 192.3 192.3 192.3 191 188.9 188.1 187.2 186.4
166.6 167.6 168.5 169.4 170.3 170.9 171.4 172 171.6 171.4 171.2 171 170.9 170.7 170.5 170.4 170.7 171.1 171.5 172 172.4 172.9 173.4 173.9 175.4 177.2 178.9 180.3 182.3 183.7 184.8 186 187.1 188.2 189.2 190.6 194.7 198.5 202.2 205.9 206.6 206 204.9 204.7 204.7 204.3 203.5 202.7 202.1 201.6 201 200.6 199.6 197.9 196.4 195.2 193.9 193.8 195.7 196.6 197.4 197.9 197.7 197.2 196.7 196.2 195.6 194.8 193.6 191.9 190.4 189.8 189.8 190.5 189.9 187.7 186.8 186 185.2
166 166.9 167.8 168.8 169.7 170.2 170.8 171.2 170.9 170.8 170.6 170.4 170.2 170 169.8 169.9 170.2 170.5 170.9 171.2 172.1 172.6 173.1 173.3 175 176.7 178.4 179.4 181.1 183.2 184.7 185.6 186.6 187.6 188.6 189.5 192.4 196.4 200.5 204.1 205.1 204.8 204.1 203.5 203.3 203.1 202.3 201.3 200.9 200.3 199.6 198.9 198 196.2 194.5 193.6 192.6 193.2 195 195.9 196.7 197.1 196.6 196.1 195.6 195.2 194.7 193.4 191.7 190 188.5 187.3 187.5 187.2 186.4 186 185.2 184.2 183.2
165.4 166.3 167.2 168.1 169.1 169.6 170.2 170.5 170.3 170.1 169.9 169.7 169.5 169.4 169.2 169.3 169.6 170 170.3 170.7 171.9 172 171.6 173 174.5 176.2 177.9 178.9 179.9 182 183.6 185 186 187 187.9 188.9 190 194.1 198.2 201.3 202.6 203.7 203.3 202.7 202 201.9 201 200.2 199.6 198.9 198.3 198 197.4 196.2 194.7 193.4 192.3 192.9 194.2 195.2 196.1 196 195.5 195.1 194.6 194.1 193.4 191.6 189.8 188.1 186.7 185.2 184.4 183.9 183.7 183.6 183.3 182.3 181.3
164.9 165.7 166.6 167.5 168.4 169 169.4 169.7 169.6 169.4 169.3 169.1 168.9 168.7 168.5 168.8 169.1 169.4 169.8 170.1 169.8 170.1 171.3 172.7 174.1 175.8 177.5 178.4 179.4 180.8 182 184.4 185.4 186.3 187.3 188.3 189.3 191.8 195.5 197.8 199 201.2 201.8 201.5 201.1 200.6 199.5 199 198.6 198.2 197.9 197.5 197 195.8 194.6 193.4 192.1 191.8 193.6 194.5 195.4 195 194.5 194 193.5 193 191.8 190 188.2 186.2 184.2 182.3 181.6 181.5 181.4 181.2 181.1 180.3 180.4
164.4 165.2 166 166.9 167.7 168.3 168.5 168.8 168.8 168.7 168.6 168.4 168.2 168 167.9 168.2 168.5 168.9 169 168.3 168 169.5 171 172.4 173.8 175.3 177 177.9 178.9 180.1 180.7 182.4 184.7 185.7 186.7 187.7 188.6 189.6 192.2 194 196.1 198.3 199.7 200 199.6 198.9 198.7 198.5 198.1 197.8 197.4 197 196.6 195.4 194.2 193 191.6 191.8 192.9 193.4 194 193.8 193.4 192.9 192.4 192 190.2 188.4 186.3 184.2 182.2 180.2 179.1 179 178.9 178.8 178.7 178.9 179.5
163.8 164.7 165.5 166.4 167.2 167.4 167.7 167.9 168.1 168 167.8 167.7 167.5 167.4 167.3 167.6 167.8 167.8 167.2 167 168.1 169.2 170.7 172.1 173.5 175 176.5 177.4 179 180.4 181 182.6 184.4 185.2 186.2 187.2 188.1 189.1 189.4 191.1 193.2 195.4 197.5 197.9 198.1 197.9 197.8 197.7 197.6 197.3 196.9 196.6 196.2 195 193.8 192.5 191.2 189.9 191 191.5 192.3 192.1 191.9 191.7 191.4 190.5 188.5 186.4 184.3 182.2 180.1 178.2 176.7 176.6 176.5 176.4 176.7 177.3 178.2
163.3 164.2 165 165.8 166.2 166.5 166.8 167.1 167.3 167.2 167.1 166.9 166.8 166.3 165.3 166.7 166.5 165.9 166 167.5 168.4 169.3 170.4 171.8 173.3 174.7 176.3 177.9 179.4 180.7 181.3 183.6 184.4 184.8 185.7 186.7 187.7 188.7 189 189.2 190.8 192.5 194.6 195.7 196.1 197.1 196.9 196.8 196.7 196.6 196.5 196.1 195.7 194.6 193.3 192.2 191.1 189 189.2 190.7 190.6 190.4 190.2 190 189.9 188.8 186.5 184.4 182.3 180.2 178.1 176.1 174.2 174.1 174.3 174.6 174.8 175.6 176.5
162.7 163.6 164.5 165.3 165.2 165.5 165.9 166.2 166.5 166.5 166.1 165.5 164.9 164.4 164.1 165.7 165.1 165.4 166.5 167.9 168.7 169.6 170.5 171.6 173.8 175.4 176.6 178.3 179.9 181 182.6 183.6 184.4 184.9 185.2 186.2 187.2 188.2 188.6 188.8 189.1 190.8 192.4 193.9 194.4 196.2 196.1 196 195.8 195.7 195.6 195.5 195.3 194.2 193 191.7 190.3 188.7 187.3 189.1 188.9 188.8 188.7 188.6 188.6 187.5 185.2 182.9 180.7 178.4 176.1 173.9 171.9 172.2 172.4 172.7 173 173.8 174.6
162.1 163 163.9 164.3 164.3 164.6 165.1 165.5 165.6 164.8 164.5 164.3 163.8 163.8 164.3 164.9 165.6 166.3 167.1 168.2 169 169.6 170.3 171.2 173.6 175.4 176.8 178.7 180.3 181.3 182.8 183.6 184.4 185 185.3 185.8 186.8 187.8 188.2 188.4 188.6 189.1 190.8 193 194.2 194.7 195.5 195.6 195.4 195.3 195.1 195 194.8 193.5 192 190.6 189.2 187.7 186.3 187.5 187.4 187.4 187.3 187.3 187.1 186.2 183.9 181.6 179.3 177.1 174.8 172.7 170.1 170.4 170.6 170.9 171.2 172 172.7
161.4 162.4 162.7 162.3 161.6 161.7 162.9 163.5 164.3 163.1 163.7 164.2 164.2 163.7 163.9 164.4 165.3 166.2 167.5 167.7 168.4 169 169.8 170.8 172.3 174.3 176.6 179 180.8 182 182.8 183.6 184.4 185 185.4 185.7 186.3 187.3 187.9 188.1 188.3 188.5 189.1 191.5 192.6 193 193.8 194.6 195 194.9 194.7 194.6 194.2 192.8 191.3 189.9 188.3 186.3 184.7 186.6 186.3 186.1 185.9 185.9 185.5 184.6 182.6 180.3 178 175.7 173.3 171.5 169.8 168.7 168.9 169.1 169.4 170.1 170.7
159.8 159.1 160.4 163.2 163.8 164 164.6 164.8 164.9 165.3 165.8 165.3 165.7 165.2 164.4 164 165 166.4 167.5 167.7 167.8 168.4 169.4 170.4 171.4 173.3 175.6 178.1 180.9 182 182.8 183.5 184.3 185.1 185.5 185.8 186.1 186.8 187.5 187.7 187.9 188.1 188.2 188.9 190 191.2 192.1 192.9 193.7 194.5 194.3 194.1 193.5 192.1 190.6 188.8 186.9 185.1 182.8 184.7 185.8 185.5 185.2 184.8 184.1 183 181.2 178.9 176.6 174.3 171.9 170.3 169 167.7 167.2 167.6 168.3 169 169.5
157.5 160.9 162.3 163.9 164.3 165.1 165.8 166 166.2 166.1 166.7 166.5 166.4 165.7 164.9 164.1 165.4 166.7 167.4 167.6 167.9 168.5 169.2 170.2 171.2 172.8 174.7 177.3 180.7 181.8 182.7 183.5 184.3 185.1 185.5 185.9 186.2 186.6 187.1 187.3 187.4 187.6 187.8 187.9 188.7 189.8 190.6 191.3 192.1 192.8 193.6 193.5 192.8 191.1 189.2 187.4 185.6 183.8 182.4 183.9 184.7 184.4 184 183.8 183.1 181.9 179.9 177.5 175.2 172.8 170.5 169.1 168.2 167.5 165.1 165.9 166.7 167.5 167.5
