data/ND28.asc
ncols 200
nrows 200
xllcorner 320000
yllcorner 980000
cellsize 50
[rows 0 to 37 of 200, columns 84 to 167 of 200]
-0.9 1.6 40.7 41.4 43.2 45.3 49.1 52.2 55.4 59.1 63.2 69.7 75.4 82.8 89.6 96.7 103.6 108.3 110.4 108.7 107.4 106.1 106.4 106.5 107 105.9 100 93.3 92.1 92.5 90.2 85.5 79.6 76.5 75.5 74.8 74.7 74.7 74.2 73.5 73.2 72.9 72.8 73.3 72.4 72 68.8 64.8 61.2 57.4 53.1 48.6 43.9 39.3 35.2 29.1 24.5 18.1 16.5 14.8 13.4 12.6 10.7 8.9 7.8 6.8 5 4.4 1.9 0.3 -0.7 -0.9 -0.9 -0.9 -0.9 -0.9 -0.9 -0.9 -0.9 -0.9 -0.9 -0.9 -0.9 -0.9
-0.9 -0.9 -0.9 1.9 42.8 44.9 47.6 49.7 52.1 55.3 59.2 63.9 68 71.5 76.2 81.5 82.2 86 88.2 90.6 92.1 93.2 94.2 95 94.5 91.4 89.2 88.5 89.9 86.2 80.1 76.6 76.8 76.6 75.8 75.2 75.6 75.7 76.1 76 75.7 75.4 75.7 77 76.7 77 77.1 73.5 69.8 65.7 61 56.2 50.9 46.2 40.9 34.8 28.2 23.2 19.4 16.3 14.1 12.8 9.8 8.4 6.5 5.8 4.5 4.2 3.7 2.7 1.3 -0.9 -0.9 -0.9 -0.9 -0.9 -0.9 -0.9 -0.9 -0.9 -0.9 -0.9 -0.9 -0.9
-0.9 -0.9 -0.9 -0.9 43.9 46.6 49.1 50.2 52.2 54.1 56.6 60 63.5 66.7 70.6 74.5 77.7 80.6 82.3 83.6 84.8 84.9 85.2 84.8 84.4 84.1 82.5 80.2 82.3 77.4 76.2 76.3 76.8 76.9 76.8 75.8 76.3 77 77.9 79.1 78.8 79.5 79.5 80.7 81.9 82.2 82.5 80.7 77.9 73.2 68.4 63.3 58.4 53.9 49.2 42.7 35.2 30 25.3 21.4 17.4 13.5 10.4 8.7 6.2 -0.9 -0.9 1.8 1.4 1.2 1.6 0.4 -0.9 -0.9 -0.9 -0.9 -0.9 -0.9 -0.9 -0.9 -0.9 -0.9 -0.9 -0.9
-0.9 -0.9 -0.9 -0.9 36.9 40.5 42.8 46.2 48.1 49.5 53 55.6 58.9 62.3 66.1 69.3 73 76.1 78.1 80.1 81.1 80.3 80.7 80.1 79.5 76.5 75 76 75.4 75.8 76.1 76 76.8 76.9 78.3 78 78.3 78.6 80.6 83 84.7 85.9 85.8 85.5 86 87 87.8 86.6 85.6 80.4 75.2 68.9 64.6 60.9 56.2 49.8 43.6 37.4 31.4 25.7 19.7 15.6 9.9 7.7 5.4 -0.9 -0.9 0.8 0.2 0 0.3 -0.9 -0.9 -0.9 -0.9 -0.9 -0.9 -0.9 -0.9 -0.9 -0.9 -0.9 -0.9 -0.9
-0.9 -0.9 -0.9 -0.9 -0.9 21.9 34.1 38 42 44.9 47.5 50.1 54 57.5 60.5 63.5 67.2 70.1 72.6 74.2 75.7 75.2 75.8 75.3 74.7 73.9 73.6 74.7 75.3 75.7 76 77.2 79 80 81.4 82.1 82.8 83.4 85.1 86.6 89.4 90.9 91.9 91.4 89.9 90.6 90.9 92.6 92.3 90.6 84.4 75.3 69.8 63.9 58.2 52.7 46.3 42.2 36.1 30 23.2 16.4 9.3 5.7 2 1.5 0.4 -1 -0.9 -0.9 -0.9 -0.9 -0.9 -0.9 -0.9 -0.9 -0.9 -0.9 -0.9 -0.9 -0.9 -0.9 -0.9 -0.9
-0.9 -0.9 -0.9 -0.9 -0.9 1.7 28.4 31 34.9 38.7 41.6 44.1 48.4 52.1 54.9 57.8 61.1 63.1 65.7 67.3 68.8 70 69.7 69.7 70.6 70.6 71.7 73.2 73.9 75 75.9 78.3 79.8 80.7 82.7 83.7 85.8 88.2 89.2 89.7 92.4 94.9 96.6 97.2 95.6 94.4 94 94.8 93.9 92 87 78.2 70.5 62.5 57.9 52.5 47.7 42.2 36.9 31.1 24.7 15.8 6.7 1.9 1.3 0.8 0.2 -0.9 -0.9 -0.9 -0.9 -0.9 -0.9 -0.9 -0.9 -0.9 -0.9 -0.9 -0.9 -0.9 -0.9 -0.9 -0.9 -0.9
-0.9 -0.9 -0.9 -0.9 -0.9 0.7 1.9 25.4 28.3 31.7 35 38.7 42.4 46 49.4 51.8 53.8 55.7 57.6 58.8 59.6 60.6 62.1 64 65.6 66.2 67.5 69.6 70.7 72.4 74.4 77.3 78.1 79.7 81.1 83.1 85.1 87.6 90.3 91.8 93.9 96.4 98.3 99.2 98.8 96.8 96.5 96.3 94.5 91.4 85.4 75.5 65.8 59.1 53.3 47.6 44.1 39 33.1 27.6 19 9.9 1.9 1.3 0.9 0.3 -0.3 -0.9 -0.9 -0.9 -0.9 -0.9 -0.9 -0.9 -0.9 -0.9 -0.9 -0.9 -0.9 -0.9 -0.9 -0.9 -0.9 -0.9
-0.9 -0.9 -0.9 -0.9 -0.9 -0.9 1.8 22.3 24.4 27 29.6 32.1 35.1 38.6 41.4 44.2 46 47.5 49.4 51.1 53.8 55.5 56.3 57.3 58.2 59.4 61.6 62.7 65.2 67.7 69.9 71.7 72 73.3 75.6 78.2 80.4 83.5 86.9 89.4 91.8 96 97.4 97.8 98.7 96.6 97.1 96 93.5 86.4 75.3 65.2 56.9 50.5 44.6 39.1 34.7 30.5 26.2 19.1 11.6 4.3 1.5 0.9 0.3 -0.1 -0.9 -0.9 -0.9 -0.9 -0.9 -0.9 -0.9 -0.9 -0.9 -0.9 -0.9 -0.9 -0.9 -0.9 -0.9 -0.9 -0.9 -0.9
-0.9 -0.9 -0.9 -0.9 -0.9 -0.9 0.7 18.4 20.4 22.2 24.6 26.8 29 30.4 33.7 36 39 41.8 43.6 45.5 48.5 50.3 51.3 51.5 51.4 51.7 52.2 54 54.7 57.3 58.9 60.8 63.2 66.4 70.3 73.3 75.5 77.8 80.3 83.7 86.4 88.6 90.1 91.4 91.8 92.2 92.1 89.8 84.4 73.7 63 55.1 48.8 42 35.6 30.8 27.4 23.4 17.7 12.1 6.9 1.8 1.4 0.7 0 -0.9 -0.9 -0.9 -0.9 -0.9 -0.9 -0.9 -0.9 -0.9 -0.9 -0.9 -0.9 -0.9 -0.9 -0.9 -0.9 -0.9 -0.9 -0.9
-0.9 -0.9 -0.9 -0.9 -0.9 -0.9 -0.9 14.6 14.8 18.8 20.7 21.6 22.7 24.7 27.2 29.8 33.4 36 39.1 41.9 43.5 44.9 45.9 46.8 46.9 44.9 43.5 43.6 44.1 43.4 44.5 45.4 48.3 51.2 56.2 61 65.7 68.3 70.2 72.7 74.9 77.5 79.5 81.5 81.8 82.7 81.5 78.4 71.7 61.4 54.1 48.2 42 36.9 31.8 27.2 22.4 17.7 13.8 10.2 6.5 3.1 1.5 0.8 0.1 -0.9 -0.9 -0.9 -0.9 -0.9 -0.9 -0.9 -0.9 -0.9 -0.9 -0.9 -0.9 -0.9 -0.9 -0.9 -0.9 -0.9 -0.9 -0.9
-0.9 -0.9 -0.9 -0.9 -0.9 -0.9 -0.9 -0.9 8.3 18.1 19 20 21 21.9 22.8 25.2 27.5 29.9 32.7 35.3 37.2 38.6 39.2 40.4 41.7 41.8 40.7 39.6 38.7 37.6 36.6 37.2 39 41.4 44.8 48.1 51.6 55.5 58.5 62.1 65.3 68.1 70.7 72.3 72.1 73.3 71.8 67.8 62.7 55.5 48.6 42.8 38 33.2 28.1 23.9 19.8 16.6 13.6 11.4 8.9 5.9 1.9 1.2 0.5 -0.2 -0.9 -0.9 -0.9 -0.9 -0.9 -0.9 -0.9 -0.9 -0.9 -0.9 -0.9 -0.9 -0.9 -0.9 -0.9 -0.9 -0.9 -0.9
-0.9 -0.9 -0.9 -0.9 -0.9 -0.9 -0.9 -0.9 0.7 17.3 17.5 19.1 19.1 19.9 19.7 21 22.8 24.7 26.8 28.9 30.8 32.9 35.2 36.3 37.8 38.5 37.9 37.4 36.7 35.7 34.5 34.8 35.8 37 38.2 40.8 45.2 48.7 52.1 54.9 58.2 61.8 64.4 65.6 66.4 67 66.9 62.9 59 53.6 47.5 41.1 36.2 31.5 27.7 24 21.2 18.3 15.8 13.5 11 7.8 5.7 1.7 1 0.5 0 -0.9 -0.9 -0.9 -0.9 -0.9 0.8 -0.9 -0.9 -0.9 -0.9 -0.9 -0.9 -0.9 -0.9 -0.9 -0.9 -0.9
-0.9 -0.9 -0.9 -0.9 -0.9 -0.9 -0.9 -0.9 -0.9 1.5 16.7 16.8 17.8 17.8 17.6 17.1 18.3 19.9 22.1 24.3 26.4 28.9 30.7 32 33.2 34.2 34.6 34.5 34 33.6 32.8 33.4 34.3 35.9 38 39.5 41.8 44.8 47.8 50.8 53.7 57.1 60.3 61.7 62.9 63.1 63 60.9 57.9 53.2 47 40 34.3 31 27.5 25.4 22.7 19.9 17.4 15 12.7 9.6 7.1 3.8 1.8 1.4 1.2 1 0.9 -0.9 -0.9 3.5 4.3 4.8 4.8 4 3 1.4 -0.9 -0.9 -0.9 -0.9 -0.9 -0.9
-0.9 -0.9 -0.9 -0.9 -0.9 -0.9 -0.9 -0.9 -0.9 -0.9 10.7 12.6 13.1 13 13.5 13.6 14.4 16.1 18.3 19.7 21.9 23.6 25.2 26.8 28 28.9 29.8 29.8 30.6 31.2 31.5 32.6 33.7 35.3 35.8 35.7 38.1 40.9 43.8 46.3 50.7 54.6 57.6 60 60.4 60.7 61.1 59.6 56.3 51.4 44.7 38.5 32.3 29.4 27.2 25.5 22.7 19.8 18 16 13.5 9.9 7.2 7.6 7.6 7.1 6.6 6.6 6.3 6.1 6.8 8.9 10.6 11.6 11.3 10.6 9.5 7.5 4.7 1.6 -0.9 -0.9 -0.9 -0.9
-0.9 -0.9 -0.9 -0.9 -0.9 -0.9 -0.9 -0.9 -0.9 -0.9 -0.9 -0.9 3.3 6.5 9.3 10.2 12 13.6 14 15.1 17.5 19.1 19.6 21.2 22.7 24.2 24.3 24.9 26.2 27.1 28.4 29.8 30.8 31.5 31.6 32 34.4 37 40.6 43.6 47 50 52.8 55.3 57.5 59 59.5 57.8 55.5 49 42 35.4 28.9 25.7 24.3 23.3 21.8 20.3 18.4 16.5 14.2 11.1 11.2 11.5 12.2 11.6 10.7 10.4 10.7 11.8 12.9 15.7 17.3 18 16.8 15.6 13.6 11.5 9.1 7.1 4.3 1.3 -0.9 -0.9
-0.9 -0.9 -0.9 -0.9 -0.9 -0.9 -0.9 -0.9 -0.9 -0.9 -0.9 -0.9 -0.9 1 1.6 7.3 9.5 10.4 10.9 12.7 13.1 14.7 15.2 16.5 18.4 20.5 20.1 20.5 22 22.1 23.5 25.4 26.3 27 27.4 28.3 30.8 33.2 36.1 38.1 42 45 48.1 50.1 53.8 56.2 56.7 56.6 52 45.4 34 26.2 24 22.2 21.4 21.2 20.3 19 17.6 15.8 14.6 13.6 13.8 13.9 14.8 15.6 15.6 15.7 15.3 17.4 19.1 22.1 23.7 27.5 25.1 13 13 14.8 11.2 9.8 8.1 6.5 7.6 -0.9
-0.9 -0.9 -0.9 -0.9 -0.9 -0.9 -0.9 -0.9 -0.9 -0.9 -0.9 -0.9 -0.9 -0.9 -0.9 0.9 1.9 7.2 11.5 11.8 12.5 13.1 13.7 14.1 15.4 16.9 16.3 17.5 18.4 18.9 19.9 20.9 21.5 22.2 22.9 24.3 26.4 28.5 29.5 31.7 33.9 36.4 41.5 45.2 48.3 49.5 48.9 47.4 43.6 35.4 24.7 23.7 20.7 19.9 19.8 20.1 19.3 17.8 16.4 15.5 15.4 15.1 14.5 15.5 16.4 17.2 17.8 18.8 19.7 21.1 22.3 27.3 30.3 32.7 22.1 15.8 20.7 23.3 18.5 15.1 12.4 10.9 9.6 6
-0.9 -0.9 -0.9 -0.9 -0.9 -0.9 -0.9 -0.9 -0.9 -0.9 -0.9 -0.9 -0.9 -0.9 -0.9 -0.9 0.7 1.8 9.7 11 11 11.5 12.2 12.1 13.1 14.3 15.6 16.4 17.6 17.7 17.8 18.7 18.8 18.9 19.6 20.2 21.5 22.4 23.3 24.6 26.7 28.9 29.6 32.7 35.1 38.2 39 32.6 31.2 23.4 19.6 19.1 18.5 18.7 18.7 19 18.2 16.8 15.4 15.3 15.8 16.2 16.4 16.8 17.6 18.2 18.4 19 21.1 22.2 26 35.6 40.3 40.4 39.1 40.1 37.9 32.5 27.9 22.4 19.3 16.3 12.3 9
-0.9 -0.9 -0.9 -0.9 -0.9 -0.9 -0.9 -0.9 -0.9 -0.9 -0.9 -0.9 -0.9 -0.9 -0.9 -0.9 0.4 1.4 4.3 8.1 9.6 11.8 13.1 13 14.1 15.6 16 16.6 17.6 17.5 17.5 17 17 17.4 17.4 17.1 17.7 18.3 19.2 19.7 20.2 21.7 21.8 21.8 21.4 21.2 21.2 20.3 18 16.9 17.3 17.4 17.7 17.9 17.9 17.9 17.1 15.7 14.8 14.5 14.4 14.8 15.2 16 16.9 17.7 18.3 19.2 21.1 24.8 30.5 39.5 44.5 47 49.4 48.5 44.3 40.8 37.2 32.6 26.5 22.4 19.6 15.7
-0.9 -0.9 -0.9 -0.9 -0.9 -0.9 -0.9 -0.9 -0.9 -0.9 -0.9 -0.9 -0.9 -0.9 -0.9 -0.9 0.2 1.1 2.3 9.4 12.7 13.7 14.2 14.5 15.2 16.3 16.7 17 17.4 17.3 16.4 15.6 15.2 15.5 14.4 14.4 14.8 15.1 15.5 15.6 15.4 15 15 15.2 15.3 14.9 13.9 14.2 14.3 15.1 16.1 17.4 17.3 17.2 17.1 16.9 16 14.7 14 13.5 13 12.7 13.1 13.7 15.1 16.1 16.6 18.6 21.8 25.2 29.9 35.7 42.3 48.4 51.6 53.7 52 49.8 46.2 41.8 36.3 30.1 23.9 18.8
-0.9 -0.9 -0.9 -0.9 -0.9 -0.9 -0.9 -0.9 -0.9 -0.9 -0.9 -0.9 -0.9 -0.9 -0.9 -0.2 0.5 1.3 1.9 9.4 13 14.1 14.9 15.9 16.2 16.2 16 15.9 16.3 15.9 14.9 14.3 13.4 12.9 12.2 11.9 12.2 12.2 12.5 11.6 11.1 11.2 11.8 12.4 12.6 12.4 12.6 12.6 13.1 14.2 15.6 17.2 17.3 17.3 17.4 17.2 16.3 15.2 13.7 13.1 12.3 11.6 10.8 11.4 12.6 14 15.2 16.8 19.2 22.3 26.9 33.1 40.4 45.7 48.6 50.8 51.2 50.4 49.4 45.2 40.1 35.2 29.5 21.5
-0.9 -0.9 -0.9 -0.9 -0.9 -0.9 -0.9 -0.9 -0.9 -0.9 -0.9 -0.9 -0.9 -0.9 -0.9 0.4 1.2 1.8 3.1 10.3 12.7 13.8 15.8 15.8 16 15.8 15.6 15.4 14.8 13.9 13.3 13 11.5 10.7 10 9.6 10.2 9 9.1 8.7 8.8 8.5 9.2 9.7 10.2 10.6 10.7 11.1 12.3 13.4 15 17 17.4 17.8 18.1 17.9 17.3 16.1 14.9 13.3 12.2 11.4 9.9 9.8 10.7 12.1 5 13.9 16.8 20.8 24.7 32 39 42.5 46.1 46.9 45.5 44.7 43.3 42.4 39.3 35.2 31.4 24.4
-0.9 -0.9 -0.9 -0.9 -0.9 -0.9 -0.9 -0.9 -0.9 -0.9 -0.9 -0.9 -0.9 -0.9 0.2 1.5 1.9 0.4 6.2 11 13.2 14.8 16.3 16.2 16.3 16.3 16.2 15.6 14.7 13.8 12.9 10.4 9.5 8.9 8.2 7.8 8.1 8.2 6.6 7 9.8 6.6 7 7.3 7.7 8.7 9.7 11 11.9 12.6 14.3 16.7 17.8 19.2 19.9 19.7 19.6 19.1 17.5 16.1 14.8 13.8 10.7 7.5 3.9 1.2 -0.9 -0.9 1.4 1.5 1.6 1.2 -0.9 -0.9 41.1 40.7 41.4 44.1 41 39.6 37.9 34.6 31.2 27.7
-0.9 -0.9 -0.9 -0.9 -0.9 -0.9 -0.9 -0.9 -0.9 -0.9 -0.9 -0.9 -0.9 -0.9 -0.9 1.4 1.9 2.8 12.7 13.6 15.6 16.4 17 17.4 17.7 17.2 16.9 15.5 14.6 13.7 12.8 11.5 10.3 8.4 7 6.5 6.4 7.6 6.1 5.5 6.2 6.1 6.1 6.3 6.5 8.3 9.9 11.5 12 11.9 14.7 17.2 19.6 21.1 22.8 23.6 24.5 25.5 24.3 22.8 20.9 17.2 12.5 -0.9 -0.9 -0.9 -0.9 -0.9 -0.9 -0.9 -0.9 -0.9 -0.9 -0.9 1.7 37.5 38.9 39.7 39.9 37.9 36.1 33.1 30.9 29.1
-0.9 -0.9 -0.9 -0.9 -0.9 -0.9 -0.9 -0.9 -0.9 -0.9 -0.9 -0.9 -0.9 -0.9 -0.9 0.5 1.9 13.8 14.7 16.4 17.1 17.8 18.4 18.2 17.8 17.4 16.4 15.6 14.8 14.1 13.3 11.9 10.7 8.9 7 6.4 5.9 4.7 4.7 8.2 2.6 2.4 5.3 6.1 6.9 7.6 9.3 10.4 1.9 1.6 16.2 18.6 20.1 22.2 25.6 27.7 29.4 30.3 30.6 29.1 6.7 19.6 -0.9 -0.9 -0.9 -0.9 -0.9 -0.9 -0.9 -0.9 -0.9 -0.9 -0.9 -0.9 -0.9 -0.9 37.7 37.6 37.9 37 34.6 33 32.2 31
-0.9 -0.9 -0.9 -0.9 -0.9 -0.9 -0.9 -0.9 -0.9 -0.9 -0.9 -0.9 -0.9 -0.9 -0.9 -0.9 1 6.9 17 17.7 18.1 18.2 17.2 16.7 17.2 16.6 16.4 16.2 15.4 14.7 13.6 12.2 10.8 9.2 8 6.9 6.6 5.2 3.1 3.1 1.3 2 3.2 5.9 8.2 8 8.6 9.5 -0.9 -0.9 1.1 16 21.8 24.1 26.6 22.4 -0.9 -0.9 -0.9 -0.9 -0.9 -0.9 -0.9 -0.9 -0.9 -0.9 -0.9 -0.9 -0.9 -0.9 -0.9 -0.9 -0.9 -0.9 -0.9 -0.9 10.8 38.8 40.9 40.8 37.6 35.9 34.9 32.8
-0.9 -0.9 -0.9 -0.9 -0.9 -0.9 -0.9 -0.9 -0.9 -0.9 -0.9 -0.9 -0.9 -0.9 -0.9 -0.9 -0.9 15 17.7 17.2 17 17.2 16.2 15.3 16.2 16 16.2 16.6 16.1 15.3 14.3 12.9 11.6 10.2 9 7.4 5.1 2.5 -0.9 -0.9 -0.9 0.2 1.3 0.6 13.4 13.2 2.8 1.9 -0.9 -0.9 -0.9 -0.3 0.1 -0.2 -1 -0.9 -0.9 -0.9 -0.9 -0.9 -0.9 -0.9 -0.9 -0.9 -0.9 -0.9 -0.9 -0.9 -0.9 -0.9 -0.9 -0.9 -0.9 -0.9 -0.9 -0.9 -0.9 37.9 39.7 41.1 40.2 38.7 35.8 34.9
-0.9 -0.9 -0.9 -0.9 -0.9 -0.9 -0.9 -0.9 -0.9 -0.9 -0.9 -0.9 -0.9 -0.9 -0.9 -0.9 -0.9 0.9 15.9 10.7 12 15 15.2 15.2 15.4 15.5 15.9 16.4 16.7 15.9 15.2 14.1 12.9 11.3 9.9 -0.9 -0.9 -0.9 -0.9 -0.9 -0.9 -0.9 0 1.2 2.4 9.1 3 -0.9 -0.9 -0.9 -0.9 -0.9 -0.9 -0.9 -0.9 -0.9 -0.9 -0.9 -0.9 -0.9 -0.9 -0.9 -0.9 -0.9 -0.9 -0.9 -0.9 -0.9 -0.9 -0.9 -0.9 -0.9 -0.9 -0.9 -0.9 -0.9 -0.9 -0.9 -0.9 15.1 39.3 39.9 38.4 36.7
-0.9 -0.9 -0.9 -0.9 -0.9 -0.9 -0.9 -0.9 -0.9 -0.9 -0.9 -0.9 -0.9 -0.9 -0.9 -0.9 -0.9 0.3 16 16.2 14.8 16.4 16.7 17.7 17.5 17.5 17.3 17.1 16.9 16.6 15.9 15.2 14.4 -0.9 -0.9 -0.9 -0.9 -0.9 -0.9 -0.9 -0.9 -0.9 -0.9 -0.9 1.4 -0.9 -0.9 -0.9 -0.9 -0.9 -0.9 -0.9 -0.9 -0.9 -0.9 -0.9 -0.9 -0.9 -0.9 -0.9 -0.9 -0.9 -0.9 -0.9 -0.9 -0.9 -0.9 -0.9 -0.9 -0.9 -0.9 -0.9 -0.9 -0.9 -0.9 -0.9 -0.9 -0.9 -0.9 14.3 40.4 41.3 40.2 41.6
-0.9 -0.9 -0.9 -0.9 -0.9 -0.9 -0.9 -0.9 -0.9 -0.9 -0.9 -0.9 -0.9 -0.9 -0.9 -0.9 -0.9 -0.9 0.8 1.7 7.7 12.5 14.7 16.5 17.3 16.9 16.9 17 16.3 16.5 16.4 16.2 -0.9 -0.9 -0.9 -0.9 -0.9 -0.9 -0.9 -0.9 -0.9 -0.9 -0.9 -0.9 -0.4 -0.9 -0.9 -0.9 -0.9 -0.9 -0.9 -0.9 -0.9 -0.9 -0.9 -0.9 -0.9 -0.9 -0.9 -0.9 -0.9 -0.9 -0.9 -0.9 -0.9 -0.9 -0.9 -0.9 -0.9 -0.9 -0.9 -0.9 -0.9 -0.9 -0.9 -0.9 -0.9 -0.9 -0.9 32.2 35.5 37.9 36.9 34.5
-0.9 -0.9 -0.9 -0.9 -0.9 -0.9 -0.9 -0.9 -0.9 -0.9 -0.9 -0.9 -0.9 -0.9 -0.9 -0.9 -0.9 -0.9 -0.9 -0.9 1.1 1.8 12.9 15.7 16.7 16.2 15.2 14.8 14.7 13.1 -0.9 -0.9 -0.9 -0.9 -0.9 -0.9 -0.9 -0.9 -0.9 -0.9 -0.9 -0.9 -0.9 -0.9 -0.9 -0.9 -0.9 -0.9 -0.9 -0.9 -0.9 -0.9 -0.9 -0.9 -0.9 -0.9 -0.9 -0.9 -0.9 -0.9 -0.9 -0.9 -0.9 -0.9 -0.9 -0.9 -0.9 -0.9 -0.9 -0.9 -0.9 -0.9 -0.9 -0.9 -0.9 -0.9 -0.9 -0.9 -0.9 16.6 28.4 29.5 28.5 28.5
-0.9 -0.9 -0.9 -0.9 -0.9 -0.9 -0.9 -0.9 -0.9 -0.9 -0.9 -0.9 -0.9 -0.9 -0.9 -0.9 -0.9 -0.9 -0.9 -0.9 0.2 1.8 5.5 13.6 15.5 15.4 15 13.3 12.9 -0.9 -0.9 -0.9 -0.9 -0.9 -0.9 -0.9 -0.9 -0.9 -0.9 -0.9 -0.9 -0.9 -0.9 -0.9 -0.9 -0.9 -0.9 -0.9 -0.9 -0.9 -0.9 -0.9 -0.9 -0.9 -0.9 -0.9 -0.9 -0.9 -0.9 -0.9 -0.9 -0.9 -0.9 -0.9 -0.9 -0.9 -0.9 -0.9 -0.9 -0.9 -0.9 -0.9 -0.9 -0.9 -0.9 -0.9 -0.9 -0.9 -0.9 -0.9 17.6 24 23.7 24.2
-0.9 -0.9 -0.9 -0.9 -0.9 -0.9 -0.9 -0.9 -0.9 -0.9 -0.9 -0.9 -0.9 -0.9 -0.9 -0.9 -0.9 -0.9 -0.9 -0.9 -0.9 0.8 1.5 2.1 8.8 11.5 14 13.8 1.5 -0.9 -0.9 -0.9 -0.9 -0.9 -0.9 -0.9 -0.9 -0.9 -0.9 -0.9 -0.9 -0.9 -0.9 -0.9 -0.9 -0.9 -0.9 -0.9 -0.9 -0.9 -0.9 -0.9 -0.9 -0.9 -0.9 -0.9 -0.9 -0.9 -0.9 -0.9 -0.9 -0.9 -0.9 -0.9 -0.9 -0.9 -0.9 -0.9 -0.9 -0.9 -0.9 -0.9 -0.9 -0.9 -0.9 -0.9 -0.9 -0.9 -0.9 -0.9 -0.9 -0.9 21 21.5
-0.9 -0.9 -0.9 -0.9 -0.9 -0.9 -0.9 -0.9 -0.9 -0.9 -0.9 -0.9 -0.9 -0.9 -0.9 -0.9 -0.9 -0.9 -0.9 -0.9 -0.9 -0.9 -0.9 -0.9 -0.9 1.3 1.3 -0.9 -0.9 -0.9 -0.9 -0.9 -0.9 -0.9 -0.9 -0.9 -0.9 -0.9 -0.9 -0.9 -0.9 -0.9 -0.9 -0.9 -0.9 -0.9 -0.9 -0.9 -0.9 -0.9 -0.9 -0.9 -0.9 -0.9 -0.9 -0.9 -0.9 -0.9 -0.9 -0.9 -0.9 -0.9 -0.9 -0.9 -0.9 -0.9 -0.9 -0.9 -0.9 -0.9 -0.9 -0.9 -0.9 -0.9 -0.9 -0.9 -0.9 -0.9 -0.9 -0.9 -0.9 -0.9 14.8 19.5
-0.9 -0.9 -0.9 -0.9 -0.9 -0.9 -0.9 -0.9 -0.9 -0.9 -0.9 -0.9 -0.9 -0.9 -0.9 -0.9 -0.9 -0.9 -0.9 -0.9 -0.9 -0.9 -0.9 -0.9 -0.9 -0.9 -0.9 -0.9 -0.9 -0.9 -0.9 -0.9 -0.9 -0.9 -0.9 -0.9 -0.9 -0.9 -0.9 -0.9 -0.9 -0.9 -0.9 -0.9 -0.9 -0.9 -0.9 -0.9 -0.9 -0.9 -0.9 -0.9 -0.9 -0.9 -0.9 -0.9 -0.9 -0.9 -0.9 -0.9 -0.9 -0.9 -0.9 -0.9 -0.9 -0.9 -0.9 -0.9 -0.9 -0.9 -0.9 -0.9 -0.9 -0.9 -0.9 -0.9 -0.9 -0.9 -0.9 -0.9 -0.9 -0.9 0.3 1.9
-0.9 -0.9 -0.9 -0.9 -0.9 -0.9 -0.9 -0.9 -0.9 -0.9 -0.9 -0.9 -0.9 -0.9 -0.9 -0.9 -0.9 -0.9 -0.9 -0.9 -0.9 -0.9 -0.9 -0.9 -0.9 -0.9 -0.9 -0.9 -0.9 -0.9 -0.9 -0.9 -0.9 -0.9 -0.9 -0.9 -0.9 -0.9 -0.9 -0.9 -0.9 -0.9 -0.9 -0.9 -0.9 -0.9 -0.9 -0.9 -0.9 -0.9 -0.9 -0.9 -0.9 -0.9 -0.9 -0.9 -0.9 -0.9 -0.9 -0.9 -0.9 -0.9 -0.9 -0.9 -0.9 -0.9 -0.9 -0.9 -0.9 -0.9 -0.9 -0.9 -0.9 -0.9 -0.9 -0.9 -0.9 -0.9 -0.9 -0.9 -0.9 -0.9 10.8 11.1
-0.9 -0.9 -0.9 -0.9 -0.9 -0.9 -0.9 -0.9 -0.9 -0.9 -0.9 -0.9 -0.9 -0.9 -0.9 -0.9 -0.9 -0.9 -0.9 -0.9 -0.9 -0.9 -0.9 -0.9 -0.9 -0.9 -0.9 -0.9 -0.9 -0.9 -0.9 -0.9 -0.9 -0.9 -0.9 -0.9 -0.9 -0.9 -0.9 -0.9 -0.9 -0.9 -0.9 -0.9 -0.9 -0.9 -0.9 -0.9 -0.9 -0.9 -0.9 -0.9 -0.9 -0.9 -0.9 -0.9 -0.9 -0.9 -0.9 -0.9 -0.9 -0.9 -0.9 -0.9 -0.9 -0.9 -0.9 -0.9 -0.9 -0.9 -0.9 -0.9 -0.9 -0.9 -0.9 -0.9 -0.9 -0.9 -0.9 -0.9 -0.9 -0.9 6.1 9.4
-0.9 -0.9 -0.9 -0.9 -0.9 -0.9 -0.9 -0.9 -0.9 -0.9 -0.9 -0.9 -0.9 -0.9 -0.9 -0.9 -0.9 -0.9 -0.9 -0.9 -0.9 -0.9 -0.9 -0.9 -0.9 -0.9 -0.9 -0.9 -0.9 -0.9 -0.9 -0.9 -0.9 -0.9 -0.9 -0.9 -0.9 -0.9 -0.9 -0.9 -0.9 -0.9 -0.9 -0.9 -0.9 -0.9 -0.9 -0.9 -0.9 -0.9 -0.9 -0.9 -0.9 -0.9 -0.9 -0.9 -0.9 -0.9 -0.9 -0.9 -0.9 -0.9 -0.9 -0.9 -0.9 -0.9 -0.9 -0.9 -0.9 -0.9 -0.9 -0.9 -0.9 -0.9 -0.9 -0.9 -0.9 -0.9 -0.9 -0.9 -0.9 -0.9 -0.9 -0.9
