data/ND34.asc
ncols 200
nrows 200
xllcorner 330000
yllcorner 940000
cellsize 50
[rows 41 to 81 of 200, columns 0 to 93 of 200]
107.3 107.8 108.8 109.2 108.6 106.4 103.8 101.8 99.9 97.9 96 94 92.2 90.7 89.2 87 84.7 82.8 80.8 79 77.1 74.3 71.5 69.2 67.8 66.1 64.4 62.7 61 59.3 57.6 55.9 54.3 53.6 52.9 52.2 51.5 50.8 50.4 50 49.6 49.6 49.9 50.6 51.3 51.5 53.1 54.5 55.5 56.5 57 55.8 55.5 54.9 55.9 56.9 57.6 58.1 58.6 58.6 58.6 58.5 58.3 58.2 58.3 58.5 58.3 58.2 58 57.8 57.6 57.4 57.1 56.4 55.7 55.1 54.6 54.1 53.6 53.1 53.5 53.9 54.4 55 55.6 55.3 54.7 54 53.6 53.5 53.4 53.3 53.2 53.1
108.5 109.4 110.4 110.9 108.5 108 106.4 104.3 102.3 100.3 98.4 96.4 94.7 93.2 91.7 89.5 87 85 83.2 81.6 78.9 76.1 73.5 70.9 69 66.9 65.2 63.5 61.8 60.1 58.4 56.7 55.4 54.3 53.6 53 52.5 52.1 51.7 51.2 50.8 51.1 52 52.7 52.9 53 53.7 55.1 56.1 56.8 57.1 56.5 56.6 55.7 56.4 57.4 58 58.5 59 59.1 59.1 59 58.8 58.7 58.6 58.6 58.4 58.2 58 57.7 57.5 57.2 56.9 56.2 55.4 54.7 54.1 53.6 53.1 53.5 53.9 54.4 54.8 55.4 55.1 54.8 54.4 53.7 53 52.3 52.2 52.1 52 51.8
110.1 111 111.6 110.5 110.6 110.6 109.6 107.4 105.2 103.1 100.9 98.9 97.2 95.7 94.2 91.9 89.4 87.4 85.8 83.5 80.9 78.3 75.7 73.1 71 68.6 66.1 64.2 62.5 60.8 59.1 57.6 56.5 55.4 54.3 54.1 53.9 53.4 52.9 52.5 52.2 53.2 54 54.3 54.4 54.4 54.5 55.8 56.6 57 57.3 57.1 57.3 56.4 57.2 57.8 58.3 58.8 59.4 59.7 59.6 59.5 59.4 59.2 59.1 58.6 58.2 58 57.7 57.5 57.2 56.9 56.6 55.9 55.1 54.4 53.7 53.1 53.5 53.9 54.4 54.8 55.2 55.1 54.7 54.4 54.1 53.4 52.7 51.9 51.2 50.9 50.8 51.2
110.4 112.5 112.7 112.7 112.8 112.9 112.1 110.7 108.5 106.4 104.2 102.2 100 98.5 96.9 94.9 92.8 90.8 88.6 85.7 83 80.4 77.8 75.2 72.8 70.6 68.1 65.7 63.3 61.5 59.8 58.7 57.6 56.6 55.8 55.6 55.2 54.8 54.3 53.8 54.2 55.3 55.9 55.9 55.9 55.9 56 56.4 56.8 57.1 57.5 57.6 57.7 57.4 58.1 58.5 58.7 59.2 59.7 60.2 60.2 60 59.7 59.7 59.2 58.6 58.2 57.8 57.4 57.2 56.9 56.7 56.3 55.6 54.8 54.1 53.3 52.7 53.1 53.8 54.5 55.2 55.3 54.9 54.5 53.8 53.2 52.6 51.9 51.2 50.5 49.9 50.2 50.7
110.3 112.5 114.9 115.2 115.1 114.8 114.3 113 111.2 109.6 107.6 106.2 103.9 101.5 99 97.2 95.8 93.6 91.4 88.8 85.6 82.6 80 77.4 74.8 72.5 70.1 67.7 65.3 62.9 60.9 59.9 59 58.2 57.3 57 56.6 56.1 56 56 56.7 57.7 57.8 58.2 58.2 58.2 58.1 58 57.2 57.3 57.7 58 57.6 58.3 58.8 59.2 59.2 59.6 60.1 60.6 60.4 60.2 60.4 60.5 59.1 58.7 58.3 57.8 57.4 57 56.6 56.4 56 55.3 54.5 53.6 52.9 52.4 51.9 52.6 53.3 54 53.7 53.3 53 52.3 51.7 51.2 50.6 49.9 49.2 49 49.4 50.1
110.2 113 115.4 117.2 116.9 116.9 116.5 116.3 114.8 113 111.1 110.2 107.7 105.2 102.6 100.2 98.6 96.5 94.2 91.7 88.7 85.5 82.4 79.5 76.9 74.5 72.1 69.7 67.3 65.1 63.2 62 60.6 59.7 58.9 58.5 58.4 58.4 58.3 58.4 59.1 60.1 59.9 60.1 60.5 60.4 60.4 60.3 59 58.1 58.2 58.2 58.5 59.1 59.6 60 60 60.1 60.6 60.9 60.7 61.1 61.9 60.4 59.2 58.8 58.3 57.9 57.5 57 56.6 56.1 55.7 54.9 54 53.2 52.7 52.1 51.6 51.3 52 52.6 52 51.7 51.4 50.8 50.2 49.8 49.2 48.6 48.2 48.2 48.6 49.4
111.1 113.7 116.1 118 118.5 118.6 119 118.7 117.8 115.9 114 112.2 110.3 108.2 105.9 103.2 101.5 99.5 97 94.5 91.9 88.7 85.5 82.3 79.1 76.5 74.1 71.8 69.6 67.4 65.6 64.4 63.1 61.5 61.2 60.8 60.7 60.6 60.5 60.9 61.6 62.4 62 61.9 62.4 62.7 62.7 62.6 61.2 59.9 59 59 59.3 59.8 60.4 60.8 60.8 60.8 61 61.1 61.7 62.8 61.7 60.2 59.3 58.8 58.4 58 57.5 57.1 56.6 56 54.9 54.2 53.5 52.9 52.4 51.9 51.3 50.8 50.8 50.9 50.3 50.1 49.8 49.4 48.7 48.3 48.1 48.1 48.1 48.1 48.1 48.6
112.4 114.9 117.4 119.2 120.3 121 121.7 120.8 119.7 118.1 116 114.2 112.4 110.5 108.5 106.4 104.5 102.3 99.8 97.3 94.8 91.8 88.6 85.5 82.3 79.1 76.4 74.2 72 69.8 68 66.8 65.6 64.3 63.8 63.3 62.9 62.8 63 63.4 64 64.5 64 63.7 64.2 64.7 65 64.8 63.5 62.2 60.9 59.9 60.2 60.6 61.2 61.6 61.6 61.6 61.6 62.4 63.4 63 61.5 60.1 59.3 58.9 58.5 58 57.6 57.1 56.3 55.2 54.1 53.3 52.6 52.4 51.9 51.4 50.9 50.5 50 49.2 48.6 48.5 48.2 48.1 48.1 48.1 48.1 48.1 48.1 48.1 48.1 48.2
113.6 115.6 118.4 120.5 121.7 122.8 123.5 122.7 121.6 120 118.1 116.3 114.5 112.6 110.8 108.8 107.5 105.1 102.6 100.1 97.5 95 91.8 88.6 85.4 82.3 79.1 76.5 74.3 72.1 70.3 69.2 68 66.7 66 65.7 65.4 65.1 65.5 65.8 66.4 66.6 66.1 65.6 66 66.5 67 67.1 65.8 64.3 62.7 61.8 61.5 61.5 61.9 62.4 62.4 63.3 63.8 64.1 64.3 62.8 61.4 59.9 59.4 59 58.5 58.1 57.6 56.6 55.5 54.4 53.3 52.3 51.6 51.2 51.3 50.8 50.3 49.9 48.9 48.1 48.1 48.1 48.1 48.1 48.1 48.1 48.1 48.1 48.1 48.1 48.1 48.1
113.9 116.5 119.3 121.6 123 124.1 125.1 124.6 123.5 121.9 120.3 118.4 116.5 114.7 112.9 111 109.9 108 105.4 102.9 100.3 97.8 94.9 91.8 88.6 85.4 82.3 79.2 76.7 74.5 72.7 71.5 70.3 68.8 67.9 67.6 67.7 67.8 67.9 68.3 68.9 68.7 68.2 67.7 67.9 68.4 68.9 68.1 66.9 66 65 64 63.4 63.4 63.3 63.4 64.9 66.3 65.8 65.6 64.1 62.7 61.2 59.9 59.5 59 58.6 58.1 56.9 55.8 54.7 53.6 52.5 51.4 50.7 50.1 50.4 50.2 49.7 48.8 48.1 48.1 48.1 48.1 48.1 48.1 48.1 48.1 48.1 48.1 48.1 48.1 48.1 48.1
115.5 118 120.6 122.9 124.6 126.1 126.5 126.2 125.4 123.8 122.2 120.5 118.6 117 115.5 114 112.4 111.2 108.5 105.9 103.2 100.6 98.1 94.9 91.8 88.6 85.5 82.3 79.2 76.8 75.1 73.9 72.4 71 70 70.2 70.4 70.5 70.6 70.8 71.2 70.7 70.3 69.8 69.7 70.2 69.4 69.1 69.1 68.3 67.3 66.2 65.3 65.2 65.1 65 65.7 67 66.9 66 64 62.5 61.1 60 59.5 59.1 58.4 57.2 56.1 54.9 53.8 52.8 51.8 50.8 49.8 49.1 49 49.6 48.6 48.1 48.1 48.1 48.1 48.1 48.1 48.1 48.1 48.1 48.1 48.1 48.1 48.1 48.1 48.1
117.1 119.6 122.1 124.2 126.1 128 127.8 127.2 127.5 126.2 124.5 123 121.5 120 118.4 116.9 115.4 113.8 111.7 109 106.4 103.9 101 97.9 94.9 91.8 88.7 85.5 82.4 79.2 77.5 76 74.5 73.1 72 72.2 72.5 72.7 73 73.2 73.3 72.8 72.3 71.9 71.5 71.2 70.9 70.6 70.4 70.2 68.4 67.5 66.5 65.6 66 66.4 66.6 66.8 66.7 66.5 64.5 62.4 60.9 60 59.6 58.6 57.5 56.3 55.2 54.1 53.1 52.1 51.2 50.2 49.2 48.2 48.1 48.1 48.1 48.1 48.1 48.1 48.1 48.1 48.1 48.1 48.1 48.1 48.1 48.1 48.1 48.1 48.1 48.1
118.3 120.8 123.4 125.2 126.6 128.2 128.2 128.3 128.9 128.7 127.1 125.6 124.3 122.9 121.4 119.9 118.3 116.8 115.5 112.4 109.4 106.6 103.5 100.5 97.4 94.3 91.3 88.2 85.1 82 79.7 78.1 76.7 75.2 74 74.2 74.5 74.7 75 75.5 75.9 75.1 74.6 74.1 73 72.6 72.3 72 71.8 70.7 69.8 68.8 67.9 66.9 66 66.3 66.7 66.9 66.8 66.5 65.3 62.9 60.8 60.1 58.9 57.8 56.6 55.5 54.4 53.5 52.5 51.5 50.6 49.6 48.5 48.1 48.1 48.1 48.1 48.1 48.1 48.1 48.1 48.1 48.1 48.1 48.1 48.1 48.1 48.1 48.1 48.1 48.1 48.1
119.1 121.8 124.7 125.1 126.6 128.3 129 129.7 130.3 130.5 129.8 128.3 126.9 125.5 124.2 122.8 121.3 119.8 117.6 114.8 112.2 109.1 106.1 103 99.9 96.8 93.8 90.7 87.6 84.7 82.6 80.5 78.8 77.3 76.2 76.2 76.5 77 77.5 78 78.5 77.7 76.9 76.3 74.7 74.1 73.8 73.5 72.4 71.6 70.9 70.2 69.3 68.3 67.4 66.4 66.6 66.7 66.8 66.1 64.5 62.7 60.6 59.2 58.1 56.9 55.8 54.8 53.8 52.9 51.9 50.9 50 49 48.1 48.1 48.1 48.1 48.1 48.1 48.1 48.1 48.1 48.1 48.1 48.1 48.1 48.1 48.1 48.1 48.1 48.1 48.1 48.1
119.9 122.9 125.4 126.1 127.3 128.8 130.3 131.1 131.7 132.3 131.8 131.1 129.7 128.3 127 125.6 124.2 122 120.1 117.8 114.7 111.7 108.6 105.5 102.4 99.4 96.3 93.2 90.2 87.6 85.5 83.4 81.4 79.5 78.4 78.4 78.9 79.4 79.9 80.4 80.9 80.3 79.5 77.7 76.4 75.6 75.1 74.1 72.9 71.8 71 70.3 69.6 68.9 68.1 67.4 66.7 66.1 65.8 65.5 64.1 62.1 60.1 58.8 57.4 56.1 55.1 54.2 53.2 52.3 51.3 50.3 49.4 48.4 48.1 48.1 48.1 48.1 48.1 48.1 48.1 48.1 48.1 48.1 48.1 48.1 48.1 48.1 48.1 48.1 48.1 48.1 48.1 48.1
120.6 123.2 124.3 125.7 127.3 129.1 130.9 132.5 133.2 134.1 134.8 133.9 132.8 131.4 130.1 128.6 126.1 124.1 122.1 119.6 116.6 113.7 110.8 108 105 101.9 98.8 95.8 92.7 90.5 88.4 86.3 84.3 82.2 80.6 80.5 81.2 81.8 82.3 82.8 83.3 82.9 81.7 79.3 77.6 76.8 75.8 74.6 73.3 72.1 71.2 70.5 69.8 69 68.3 67.6 66.6 65.8 65.1 64.5 63.5 61.5 59.7 58.4 57 55.7 54.8 53.9 52.9 51.9 50.9 50 49 48.1 48.1 48.1 48.1 48.1 48.1 48.1 48.1 48.1 48.1 48.1 48.1 48.1 48.1 48.1 48.1 48.1 48.1 48.1 48.1 48.1
121.4 122.9 124.3 125.7 127.3 129.2 131 132.8 134.7 135.8 137 136.7 135.7 133.8 131.7 129.5 127.3 126.1 123.9 121.5 118.6 115.4 112.4 109.6 106.7 103.9 101 98.2 95.5 93.4 91.3 89.3 87.2 85.1 83 82.4 83.1 83.9 84.6 85.2 85.7 85.4 83.4 81 78.5 77.5 76.3 75 73.8 72.5 71.4 70.6 69.9 69.2 68.5 67.6 66.4 65.5 64.9 64.3 62.8 61 59.3 58 56.7 55.4 54.4 53.5 52.7 51.7 50.8 49.8 48.8 48.1 48.1 48.1 48.1 48.1 48.1 48.1 48.1 48.1 48.1 48.1 48.1 48.1 48.1 48.1 48.1 48.1 48.1 48.1 48.1 48.1
121.5 123.3 124.3 125.7 127.4 129.2 131 133.1 135.3 136.9 138.1 138.1 137.3 135.6 133.7 131.5 129.3 127.9 125.7 123.3 120.4 117.4 114.3 111.1 108.3 105.4 102.6 99.8 97.3 95 93 91.1 89.2 87.3 85.3 84.2 85 85.7 86.4 87.1 87.8 87.1 85 82.1 79.2 77.9 76.7 75.5 74.2 73 71.7 70.8 70.1 69.3 68.6 67.4 66.2 65.3 64.7 63 61.8 60.5 58.9 57.6 56.4 55.1 54 53.1 52.3 51.4 50.6 49.6 48.6 48.1 48.1 48.1 48.1 48.1 48.1 48.1 48.1 48.1 48.1 48.1 48.1 48.1 48.1 48.1 48.1 48.1 48.1 48.1 48.1 48.1
121.7 123.6 124.7 125.7 127.4 129.4 131.6 133.8 136 137.8 139.1 138.5 137.8 136.7 135.1 133.5 131.5 129.6 127.5 125.1 122.2 119.4 116.3 113.1 110 107 104.2 101.4 99.1 96.8 94.5 92.3 90.4 88.5 86.5 85.6 86.3 87.1 87.8 88.5 88.5 87.2 84.5 81.6 79.1 77.9 76.9 75.8 74.6 73.4 72.1 71 70.2 69.5 68.4 67.2 66 65 63.6 62 60.8 59.6 58.6 57.3 56 54.7 53.6 52.7 51.9 51 50.2 49.3 48.4 48.1 48.1 48.1 48.1 48.1 48.1 48.1 48.1 48.1 48.1 48.1 48.1 48.1 48.1 48.1 48.1 48.1 48.1 48.1 48.1 48.1
122.4 123.8 125.3 126 127.8 130 132.2 134.4 136.6 138.6 138.9 138.5 138.2 137.6 136.1 134.5 133 131.3 129.3 126.9 124.1 121.2 118.3 115.1 112 108.8 105.7 103.2 100.9 98.6 96.3 94 91.7 89.7 87.7 86.9 87.7 88.4 89.1 89.3 88.7 86.6 83.9 81.1 79.2 78 76.9 75.8 74.7 73.7 72.6 71.3 70.4 69.4 68.2 67 65.8 64.3 62.3 61.1 59.9 58.7 57.7 56.9 55.7 54.4 53.2 52.3 51.5 50.6 49.8 48.9 48.3 48.1 48.1 48.1 48.1 48.1 48.1 48.1 48.1 48.1 48.1 48.1 48.1 48.1 48.1 48.1 48.1 48.1 48.1 48.1 48.1 48.1
123.9 125.1 125.9 126.7 128.4 130.5 132.8 135 137.2 139.5 138.8 138.3 138.1 137.9 137.1 135.5 134 132.5 130.9 128.7 125.9 123 120.1 117.1 114 110.8 107 103.7 101.7 99.6 97.6 95.5 93.5 91.2 88.9 88.3 88.6 88.8 88.9 89.1 88.5 86 83.4 80.5 79.2 78.1 76.9 75.9 74.8 73.7 72.6 71.6 70.5 69.2 68 66.8 65.6 63.7 61.7 60.2 59.1 57.9 56.8 56 55.2 54.1 52.8 51.9 51.1 50.2 49.5 49 48.5 48.2 48.1 48.3 48.1 48.1 48.1 48.1 48.1 48.1 48.1 48.1 48.1 48.1 48.1 48.1 48.1 48.1 48.1 48.1 48.1 48.1
125.3 126.1 126.8 127.5 129 131.2 133.3 135.5 137.8 139 138.5 138 137.9 137.7 137.5 136.6 135.2 133.8 132.4 131.6 128.8 125.6 122.3 119.1 115.6 111.6 107.6 103.6 101.4 99.4 97.3 95.3 93.2 91.2 89.2 88.3 88.4 88.6 88.6 88.5 87.3 85.4 82.8 80.4 79.3 78.2 77 75.9 74.8 73.7 72.7 71.6 70.3 69 67.8 66.6 65.1 63.1 61.1 59.4 58.2 57 55.9 55.1 54.3 53.5 52.5 51.5 50.7 50.3 49.8 49.3 48.8 48.7 48.6 48.7 48.1 48.1 48.1 48.1 48.1 48.1 48.1 48.1 48.1 48.1 48.1 48.1 48.1 48.1 48.1 48.1 48.1 48.1
126.3 127.1 127.7 128.2 129.7 131.8 134 136.1 138.3 138.2 138.1 137.9 137.8 137.6 137.4 137.5 137 135.6 134.9 134.5 130.8 127.2 123.4 119.2 115.2 112.2 108.2 104.2 101.1 99.1 97.1 95 93 91 88.9 88.5 88 87.9 87.8 87.5 85.6 83.6 81.8 80.5 79.4 78.2 77.1 75.9 74.9 73.8 72.7 71.4 70.1 68.9 67.6 66.4 64.5 62.5 60.5 58.5 57.3 56.2 55 54.2 53.4 52.6 51.8 51.5 51 50.5 50 49.5 48.9 48.4 49.1 49 48.2 48.1 48.1 48.1 48.1 48.1 48.1 48.1 48.1 48.1 48.1 48.1 48.1 48.1 48.1 48.1 48.1 48.1
128 128.1 128.6 129.1 130.3 132.5 134.6 136.6 137.7 137.9 138 137.8 137.7 137.5 137.3 137.2 138 137.6 136.8 133.3 129.6 126.9 123 118.4 114.1 111 108 104.8 100.9 98.8 96.8 94.8 92.8 90.7 88.8 88 87.3 87.1 87 86.3 84.9 83.2 81.5 79.9 79.1 78.3 77.2 76 74.9 73.8 72.5 71.3 70 68.7 67.5 66 64.1 62.1 60.2 58 56.7 55.3 54.1 53.2 52.4 52.1 51.8 51.6 51.2 50.7 50.2 49.6 49 48.4 49.5 49.2 48.2 48.1 48.1 48.1 48.1 48.1 48.1 48.1 48.1 48.1 48.1 48.1 48.1 48.1 48.1 48.1 48.1 48.2
127.7 128.8 129.4 129.9 131 132.7 134.4 136.1 136.5 136.6 136.7 136.9 137 137.1 137.2 137.1 138 139.4 135.8 131.4 128.2 125.9 122.4 117.7 113.1 109.9 106.8 103.8 100.7 98.2 96.1 94 91.8 90 88.3 87.4 86.6 86.1 85.7 84.9 83.8 82.8 81.2 79.5 78.5 77.7 77 76.1 74.9 73.7 72.5 71.2 70 68.8 67.5 66 64.1 62.1 59.9 57.7 55.9 55.3 53.5 52.6 52.4 52.1 51.9 51.7 51.4 50.9 50.3 49.6 49 48.4 49 49 48.2 48.1 48.1 48.1 48.1 48.1 48.1 48.1 48.1 48.1 48.1 48.1 48.1 48.1 48.1 48.1 48.1 48.8
127.8 129.2 130.1 130.5 131.1 132.4 134 135 135.1 135.2 135.3 135.4 135.5 135.6 135.7 136.1 137.5 139.6 136.7 133.1 128.9 125.6 121.5 117 112.3 108.8 105.7 102.8 100.2 97.5 95 93 91.2 89.4 87.9 86.9 86 84.8 84.4 83.5 82.4 81.4 80.3 79.1 77.9 77.2 76.5 75.9 75 73.8 72.5 71.3 70.1 68.8 67.6 66.1 64 61.8 59.5 57.3 55.1 54.1 53.8 53.3 52.8 52.3 51.7 51.2 50.7 50.3 49.9 49.3 48.8 48.3 48.1 48.2 48.3 48.3 48.2 48.1 48.1 48.1 48.1 48.1 48.1 48.1 48.1 48.1 48.1 48.1 48.1 48.1 48.3 49.2
128.4 129.7 130.4 130.8 131.6 132.6 133.2 133.3 133.4 133.4 133.5 133.6 133.7 133.9 134.5 135.1 135.8 137.7 134.7 131.2 128 124.6 120.6 116.1 111.6 107.7 104.8 102.2 99.5 96.8 94.4 92.5 90.7 88.9 87.4 86.3 85.3 84.2 83.1 82.1 81.1 80.1 79.2 78.2 77.3 76.7 76.1 75.5 74.8 73.9 72.6 71.4 70.2 68.9 67.7 65.8 63.6 61.3 59.1 56.8 54.6 53.7 53.4 52.6 52.1 51.6 51 50.5 50 49.6 49.2 48.8 48.3 48.2 48.4 48.7 49 48.8 48.6 48.5 48.4 48.1 48.1 48.1 48.1 48.1 48.1 48.1 48.1 48.1 48.5 49.1 49.2 49.7
128.6 129.7 130.7 131 130.8 130.8 131.4 131.5 131.6 131.7 131.8 131.8 132.3 132.9 133.5 134.2 134.8 135.9 132.9 129.7 126.4 123 119.4 114.9 110.5 106.7 104 101.2 98.5 95.8 93.9 92 90.1 88.3 87 85.7 84.7 83.5 82.5 81.5 80.6 79.6 78.7 77.8 76.8 76 75.5 75 74.4 73.8 72.7 71.5 70.3 68.9 67 64.9 62.7 60.4 58.2 55.9 54.2 53.6 53 52.6 51.4 50.9 50.3 49.8 49.4 49 48.6 48.5 48.5 48.8 49.1 49.5 49.5 49.4 49.2 49 48.8 48.7 48.2 48.1 48.1 48.1 48.1 48.1 48.5 49 49.6 50.2 50.4 50.2
128.4 129.8 130.9 131.1 130.6 129.4 129.5 129.7 129.8 129.9 130 130.6 131.3 131.9 132.5 133.2 133.3 133.3 130.7 127.3 124 120.7 117.5 113.1 108.8 105.7 102.9 100.2 97.4 95.4 93.5 91.5 89.6 87.9 86.5 85.2 84.1 83.1 82 81.1 80.1 79.2 78.2 77.5 76.3 75.2 74.7 74.2 73.7 73.2 72.7 71.6 70 68 66.1 64 61.7 59.5 57.2 55 54.2 53.6 52.9 52.3 51.2 50.2 49.6 49.1 48.9 49.2 49.6 49.6 49.3 49.6 49.9 50.1 50.1 49.9 49.7 49.5 49.4 49.2 49 48.1 48.1 48.1 48.1 48.1 48.9 49.9 50.7 51.3 51.6 51.3
128.1 130.5 131.3 131.1 129.9 128.2 127.7 127.9 128 128.4 129 129.7 129.8 129.8 129.9 129.9 129.9 129.9 128.1 124.9 121.6 118.4 115.1 111.4 107.9 104.8 101.9 99.1 96.9 94.9 93 91.1 89 87.4 86 84.7 83.7 82.6 81.6 80.6 79.7 78.7 77.9 77 75.9 74.7 73.9 73.4 73 72.5 72 70.9 69 67.1 65.1 63.2 60.8 58.5 56.3 54.8 54.2 53.6 52.9 52.3 51.1 49.9 49.6 49.4 50.3 50.6 50.8 50.3 50 50.3 50.6 50.7 50.7 50.5 50.3 50.1 49.9 49.7 49.4 49 48.3 48.1 48.1 48.7 49.5 50.4 51.4 52.3 52.7 52.5
128.5 131 131.3 131.8 131 128.1 126.3 126.2 126.3 126.4 126.4 126.4 126.5 126.5 126.5 126.6 126.5 127.1 126.4 123.1 119.7 116.4 113.1 109.8 106.9 103.9 100.8 98.3 96.4 94.4 92.4 90.3 88.5 86.9 85.5 84.1 83.1 82.2 81.1 80.1 79.2 78.3 77.6 76.6 75.4 74.3 73.2 72.7 72.2 71.7 71.2 69.7 67.9 66.1 64.2 62.3 60 57.6 55.4 54.8 54.2 53.5 52.9 52.3 50.9 50.2 49.7 49.6 50.2 51.6 51.5 51 50.8 51.1 51.2 51.3 51.2 51 50.8 50.6 50.5 50.2 49.9 49.5 49 48.5 49.1 49.7 50.6 51.5 52.4 53.3 54 53.5
128.5 131 131.2 131.4 129.8 127.2 125 123.9 123.3 123 123.1 123.1 123.1 123.1 123.2 123.2 123.7 125.2 124.6 121.5 118.1 114.8 111.5 108.3 105.4 102.5 99.7 97.7 95.7 93.6 91.6 89.7 88.1 86.5 84.9 83.6 82.6 81.7 80.7 79.7 78.8 78 77.2 76.1 75 73.8 72.7 71.9 71.4 70.9 70.1 68.5 66.7 64.9 63.1 61.2 58.3 56.4 55.1 54.7 54.1 53.5 52.9 52.3 51 50.5 50 50.9 52 51.9 52.3 51.7 51.6 51.7 51.8 51.8 51.8 51.6 51.4 51.2 50.9 50.6 50.3 50.2 49.7 49.7 50.3 50.9 51.6 52.5 53.5 54.4 55.3 55.7
127.8 129.8 130.8 130.1 128.4 126.3 124.1 122.2 120.9 120.5 119.9 119.7 119.8 119.8 119.8 120.4 121.7 121.8 122.2 119.8 116.5 113.1 109.9 106.8 103.9 101 98.8 96.9 94.9 92.9 90.9 89.3 87.7 86 84.4 83 82 81.1 80.2 79.2 78.4 77.7 76.8 75.7 74.5 73.4 72.2 71.1 70.6 70.1 68.9 67.2 65.5 63.7 61.9 59.8 57.2 55.6 54.7 54.3 54 53.5 52.9 52.2 51.3 50.8 50.4 50.6 51.4 52.2 53 52.4 52.3 52.3 52.4 52.4 52.3 52.1 51.9 51.6 51.3 51.2 51.2 51.1 50.4 51.3 51.6 52.2 52.8 53.5 54.5 55.5 56.2 56.4
127 127.8 129.1 128 126 124.4 122.7 120.3 118 117.4 117.2 116.9 116.5 116.4 117 117.2 117.4 117.8 118.4 117.4 114.8 111.6 108.3 105.2 102.3 100.1 98 96 94.1 92.2 90.5 88.8 87.2 85.6 84 82.5 81.5 80.6 79.7 78.9 78.1 77.4 76.3 75.2 74.1 72.9 71.8 70.6 69.8 69.3 67.7 66 64.3 62.5 60.6 58.5 56.3 54.8 54.3 53.9 53.6 53.2 52.9 52.1 51.6 50.3 50.2 50.6 51.4 52.1 52.8 53.2 52.8 52.9 53 53 52.8 52.7 52.4 52.1 52.1 52.1 52.1 52.1 51.7 52.8 53.2 53.5 54 54.6 55.9 57 57.3 57.5
126.3 126.7 127 126.2 125 123.2 120.8 118.4 116.1 114.1 113.9 113.8 113.6 113.6 113.5 113.8 114.2 114.5 114.5 114 112.5 110 106.7 103.7 101.4 99.1 97.2 95.2 93.4 91.8 90.1 88.4 86.8 85.1 83.5 82 80.9 80 79.2 78.5 77.8 76.8 75.7 74.7 73.6 72.5 71.3 70.2 69.1 68.1 66.4 64.8 63.1 61.4 59 57.2 55.3 54.5 53.9 53.6 53.2 52.8 52.4 51.9 50.1 50.2 50.4 50.6 51.3 51.9 52.6 53.3 53.3 53.5 53.5 53.6 53.4 53.1 53.1 53.1 53.1 53.1 53 53 53.1 54.2 54.6 55.1 55.3 56.3 57.3 58.3 58.5 58.8
124.8 125 125.3 124.7 123.6 121.3 118.9 116.5 114.1 112 111.2 111.2 111.2 111.3 111.1 111 110.9 111.3 111.1 111.1 108.9 106.9 105.1 102.7 100.5 98.3 96.3 94.7 93.1 91.5 89.8 88.1 86.4 84.8 83.1 81.5 80.4 79.6 78.7 77.6 76.5 75.4 74.3 73.3 72.3 71.3 70.3 69.3 68.3 66.9 65.2 63.6 61.9 60 57.4 55.9 54.9 54.1 53.5 53.2 52.8 52.4 51.9 51.9 50.5 50.7 50.4 50.5 51.1 51.8 52.4 53.1 53.8 53.8 54.1 54.1 54.1 54 54 54 54 54 54 53.7 54.5 55.6 56.2 56.6 57.1 58.1 58.5 59.6 59.8 60.4
123.8 123.7 123.7 122.8 121.5 119.3 117 114.4 110.9 110 109.3 108.9 108.9 108.9 108.8 108.7 108.5 108.2 108.2 107.5 105.5 104.2 103.5 101.5 99.5 97.6 96 94.4 92.8 91.1 89.5 87.8 86.1 84.4 82.8 81.1 79.5 78.4 77.3 76.2 75.1 74 72.9 71.8 70.8 69.8 68.8 67.8 66.7 65.5 64.2 62.5 60.8 59.1 56.5 55 54.3 53.7 53.2 52.7 52.3 51.8 51.3 51.2 51.1 50.6 50.2 50.4 51.1 51.7 52.4 53 53.6 54.2 54.8 55.3 55 55 55 55 54.9 54.9 54.9 54.7 55.9 57 57.8 58 58.6 60.4 61.4 60.8 61 61.2
122.8 122.6 121.5 120.5 119.4 117.1 114.7 112.6 109.6 108.2 107.7 107.3 106.9 106.6 106.3 106 105.8 105.5 105.3 104.3 103.6 102.8 102.1 100.2 98.2 97.3 95.7 94.1 92.4 90.8 89.2 87.5 85.8 84.1 82.4 80.8 79.1 77.4 76.1 74.8 73.7 72.6 71.5 70.4 69.4 68.4 67.4 66.3 65.1 64 63 61.4 59.7 58 55.6 54.3 53.7 53.2 53.2 52.7 52.1 51.5 50.9 50.6 50.9 50.4 50.1 50.3 51 51.6 52.3 52.9 54.1 55.5 56.3 56.8 56.5 56.3 56 55.9 55.9 55.9 55.9 56.1 57.2 58.4 59.4 59.8 60.3 62.1 62.1 62.1 61.8 61.9
121.7 120.5 119 117.6 116.2 114.3 112 110 108.2 106.4 106.1 105.8 105.6 105.3 104.9 104.6 104.3 103.9 103.8 103.1 102.2 101.4 100.7 98.8 97.1 96.3 95.4 93.7 92.1 90.5 88.9 87.2 85.5 83.8 82.1 80.6 79 76.7 75.3 74 72.7 71.4 70.1 69 68 67 65.8 64.8 63.7 62.7 62 60.5 58.6 56.9 54.8 53.7 53.2 53.1 53.2 52.8 52.3 51.7 51.1 50.4 50.2 50.1 50.1 50.3 50.9 51.5 52.5 53.9 55.4 56.9 57.7 58.3 58 57.8 57.5 57.2 57 56.8 56.8 57.5 58.6 59.8 61.4 63 63.3 63.4 63.4 63.3 62.9 62.7
120.1 119.7 117.2 114.4 112.6 111.2 109.3 107.4 105.9 105 104.7 104.4 104.3 103.9 103.6 103.3 103 103 102.7 102.2 101.3 100 99.3 97.5 96.2 95.3 94.5 93.4 91.8 90.2 88.5 86.9 85.2 83.5 81.8 80.4 78.8 76.9 74.6 73.2 71.8 70.6 69.3 68 66.7 65.5 64.5 63.5 62.5 61.5 61.1 59.7 57.8 55.8 53.9 53.2 53.1 53.1 53.3 52.9 52.5 51.9 50.7 50.4 50.3 50.2 50.2 50.2 50.9 52.3 53.8 55.3 56.7 58.2 59 59.8 59.5 59.3 59 58.7 58.5 58.2 57.9 58.3 60.1 62 63.9 64.8 64.8 64.1 64.5 64.6 64.4 63.5
118.5 118.1 116.4 113.5 110.7 109.4 107.3 105.8 104.4 103.5 103.3 103.2 102.9 102.6 102.3 102.1 102.2 102 101.7 101.1 100.4 99.4 98 96.4 95.2 94.4 93.5 92.7 91.5 89.8 88.2 86.6 84.9 83.2 81.6 80.1 78.6 76.7 74.7 72.5 71.1 69.7 68.4 67.1 65.5 64.2 63.3 62.3 61.3 60.5 60.1 59 57 55 53.3 53.1 53 53.3 53.3 52.9 52.6 51.7 50.6 50.6 50.5 50.4 50.4 50.3 51.8 53.5 55.1 56.6 58.1 59.6 60.4 61.2 61 60.7 60.4 60.1 59.8 59.6 59.1 61 63.3 65.1 66 66.4 65.6 64.9 64.9 65.4 65.8 65
