data/NF60.asc
ncols 200
nrows 200
xllcorner 60000
yllcorner 800000
cellsize 50
[rows 152 to 189 of 200, columns 84 to 167 of 200]
-1.6 -1.6 -1.6 -1.6 -1.6 -1.6 -1.6 -1.6 -1.6 -1.6 -1.6 -1.6 -1.6 -1.6 -1.6 -1.6 -1.6 -1.6 -1.6 -1.6 -1.6 -1.6 -1.6 -1.6 -1.6 0.1 1.7 10.5 16.5 31.6 36.4 45.4 46.2 49.6 48 61.9 78.5 90.5 105.3 124.8 135.9 148.9 166.2 173.6 185.5 181.7 166.8 157.9 147.7 131.8 119.1 114.5 107.2 102.9 102.5 92.5 90 98.7 98.9 98.4 97.1 93.9 89.1 92 91.4 100.6 105.6 108.2 107.5 105.3 104 120.7 133.3 142.2 143.5 150.6 159.3 177.8 191.8 191.4 181.1 169 156.9 141.2
-1.6 -1.6 -1.6 -1.6 -1.6 -1.6 -1.6 -1.6 -1.6 -1.6 -1.6 -1.6 -1.6 -1.6 -1.6 -1.6 -1.6 -1.6 -1.6 -1.6 -1.6 -1.6 -1.6 -1.6 -1.6 1.3 11.3 24.1 31.4 42.3 45 49.3 52.2 54.1 54.4 58.1 68.6 84.9 98.5 117.8 138 155.2 180.1 180.6 196.3 194.4 184.5 170.6 154.7 141.5 134.4 123.1 112.9 111.5 106.4 101.9 99.7 100.5 103.8 104.2 101.1 99.1 95.2 100.3 102.8 100.2 107.9 110.1 111.1 110.7 108.4 125.7 139.3 148.9 148.4 153 163.2 188.3 203.1 200.8 190.2 175.7 164.1 150.2
-1.6 -1.6 -1.6 -1.6 -1.6 -1.6 -1.6 -1.6 -1.6 -1.6 -1.6 -1.6 -1.6 -1.6 -1.6 -1.6 -1.6 -1.6 -1.6 -1.6 -1.6 -1.6 -1.6 -1.6 -1.6 3.4 13.9 29 40.3 48.5 53.8 59.9 63.4 64.5 63.9 67.5 72.5 82.2 100 119.4 141.8 163.5 182.9 199.1 212 208.1 197.9 182.3 167.1 155.7 146.6 134.3 126.9 122.4 116.8 114.4 112.7 111 111.7 107.7 103.8 101.8 99.4 105 106.2 105.1 104.7 112.2 112.1 113.9 112.8 127.3 138.2 145.3 149 160.8 174.4 192 205.3 204.4 197.7 185.6 176 157
-1.6 -1.6 -1.6 -1.6 -1.6 -1.6 -1.6 -0.3 -1.6 -1.6 -1.6 -1.6 -1.6 -1.6 -1.6 -1.6 -1.6 -1.6 -1.6 -1.6 -1.6 -1.6 -1.6 -1.6 -1.6 -1.6 20 31.1 44.6 50.9 56.2 60.6 65.9 69.3 70.1 73.2 77.8 93 114.4 131.3 156.2 181.7 207.9 221.3 220.8 214.4 203.9 191.6 177.4 168.6 160 149.2 141.6 136.7 134.4 129.7 128.7 126.1 117.8 112.1 109.3 107 105.6 108.5 108.3 110.3 114.5 112.8 113.1 117.3 117.7 126.3 136.8 144.8 149.6 170.8 182.1 195.7 204.6 205.8 201.3 198 189.1 174.4
-1.6 -1.6 -1.6 -1.6 -1.6 -1.6 0 1.2 1.8 -1.6 -1.6 -1.6 -1.6 -1.6 -1.6 -1.6 -1.6 -1.6 -1.6 -1.6 -1.6 -1.6 -1.6 -1.6 1.9 -1.6 -1.6 31.9 40.5 49 58.5 62.8 69.2 73.7 74 76.9 83.3 103.6 118.5 137 160.6 190.8 218.3 235.7 240.4 229.4 214.6 201.1 188.6 178.9 169.3 163.3 153.3 145.6 143.1 141.8 138.4 131.9 125.8 120.5 115.1 117.8 114.9 115.9 116.1 114.9 114.7 115.2 115.1 118.2 121.1 127 137.5 142.8 155.3 176.1 190 200.2 205.8 211.7 208.3 207.1 196.5 186.5
-1.6 -1.6 -1.6 -1.6 -1.6 -0.3 1 2 6 1.9 -1.6 -1.6 -1 -0.5 -1.6 -1.6 -1.6 -1.6 -1.6 -1.6 -1.6 -1.6 -1.6 3 1.9 0.6 -1.6 22 44.7 48 57.5 64 70.8 73 74.1 75 88.7 105 120.1 137 160 196.8 218.7 234 240.3 228.3 215.8 209.3 200.3 193.3 183.5 173.1 162.8 156.1 151 146.9 142 133.9 126.1 123.7 121.1 120.7 121.2 121.1 121 120.9 119.4 118.4 117.9 118.9 122.4 127.8 134.6 143.1 163.2 179.3 197.4 210.1 214.9 217.3 218.2 214.9 210.4 201.5
-1.6 -1.6 -1.6 -1.6 -1.6 0.4 3.3 6.4 7.1 7.5 7.4 1.7 1.4 1.4 -1.6 -1.6 -1.6 -0.8 0.1 -1.6 -1.6 -1.6 4.5 7.5 6.3 -1.6 -1.6 -1.6 33.4 44.6 50.1 60.3 66.9 72.6 72.1 72.3 88.3 103.5 117.2 136.3 146.8 181.6 212.7 228 243.2 227.2 212.1 205.8 201 195.6 187.1 179.5 170.6 159.6 156.3 150.9 143.3 136.7 134.8 129.6 127.2 126.3 128.4 128 130.1 127.4 123.8 122.6 121.5 122.2 124.6 128.8 136.5 144.4 162.1 184.2 204.5 225.5 228.9 234.7 230.4 226.8 220.7 212.8
-1.6 -1.6 -1.6 -1.6 -1.6 0.5 3 7.1 7.5 8.2 8.7 5.8 7.5 5.4 2.6 0.3 -1.6 -0.1 1.7 2.1 3 5.3 9.4 12.8 12.9 -1.6 -1.6 -1.6 10.1 37.1 42.4 51.3 60.2 65.3 68 73.8 80.7 97.8 115.9 135.1 149.8 173.8 196.6 210.6 228 222.1 206.9 199.2 196.4 193.8 187.7 180.3 173.2 166.4 160.2 155.2 149.1 143.8 139.5 134.2 131.2 133.1 135 135.4 134.1 133.2 129.4 127.7 126.3 126.6 128.5 133.2 139.6 150.5 170.1 189.7 216.2 245 254.4 251.6 243 241.3 234 226.5
-1.6 -1.6 -1.6 -1.6 -1.6 -1.6 4.4 6.5 7.7 8.5 9.2 10 10.8 7.4 7.2 6.7 1.1 2.1 7 9.1 6.7 11.6 13.9 13.1 12.9 -1.6 -1.6 -1.6 6.5 11.5 35.4 40.4 50.5 56.7 53.7 65.8 72.9 78.9 105.4 124.2 140.6 160.4 181.5 190.8 205.1 210 198.6 191.6 190.1 188 182.1 178.7 172.5 165.3 156.3 152.7 149.9 147.2 143.8 139.1 135.3 137.9 141 139.9 138.5 138.7 135.1 133.2 132.4 132.7 134.8 138.6 145.3 156.2 172.2 192.9 220.4 248.6 256.5 256.8 255.7 252.6 246 233.3
-1.6 -1.6 -1.6 -1.6 0.2 2 6.6 6.9 7.6 8.4 9.2 10.2 10.8 10.6 8.8 8.7 6.7 6.5 7.6 6.1 9.3 6.8 15.2 11.1 8.6 4.9 -1.6 -1.6 5.1 9.1 19.3 31.4 39.2 48.1 49.8 55.4 67.9 74.9 89.9 113 129.1 145 165.9 179.1 189.2 191.5 188.7 184.1 180.1 175.5 169 170 166 160.3 153.9 148.8 146.2 141.5 138.4 136.4 134.9 140.5 144 146.8 147 145.5 141.8 139.4 138.4 139 142.5 146.8 154 164.7 177.7 198.1 223.1 241.9 250 256.6 248.9 244.5 240.5 237.1
-1.6 -1.6 -1.6 -1.5 0.3 2.4 6.4 7 7.6 8.4 9.2 10 11.2 11.7 9.5 8.6 8.6 6.8 6.3 6.7 7.6 6.6 5 4.8 5.8 5.1 4.7 2.3 3.6 7.8 11.2 23.3 24.9 33 46.3 56.3 62.4 72.2 87.8 107.7 119.8 126.9 143.1 153.1 178.6 176.8 176.2 175 168.3 166.3 159.7 156.4 154.7 149.6 144.8 139.8 137.7 133.1 130.5 132.3 132.3 140.6 149.3 151.7 152.6 151.2 148.1 145.2 144.2 145.6 149.3 153.8 161.7 178.3 190.8 207.8 223.4 234.8 244.7 246.9 243 235.9 229.4 222.8
-1.6 -1.6 -1.6 -1.6 -0.2 -1.6 2.4 6.8 7.5 8.3 9.1 9.9 10.2 10.5 9.8 9.1 7.5 7.3 6.2 6.8 7.3 6.4 4.9 3.1 4 3.4 3.5 2.4 2.9 6.6 8.2 11.6 13.7 15.5 36.3 47.1 58.5 66.5 81.5 97.8 114 123.5 128.6 133.1 147.6 160.8 165.3 165 156.7 154.7 151 144.8 142.6 139.6 134.7 131 126.5 124.7 127.1 127.3 129 138.5 150.9 154.5 154.9 154.7 152.1 150 149.8 151.5 154.5 159.1 169.9 188 204.5 220.7 233 242.2 244.7 242.7 237.4 228.2 224 218
-1.6 -1.6 -1.6 -1.6 -1.6 -1.6 -1.6 4.1 7.3 8 8.7 9.4 8.6 10.7 10.5 9.5 8.3 7.3 6.2 6.5 6.8 6.8 5.6 5.9 4.3 3.9 3.6 2.2 2.9 4.9 6.7 7.2 9.3 11.3 22.5 37.3 49.3 58.6 69 84.6 96.3 108.9 117.3 121.5 137.1 150.1 145.2 146.1 142.2 140.7 139.3 135.3 132.4 128.9 125.7 120.7 116.2 117.5 118.9 119.3 123 131.7 146.6 154.4 156.8 155.9 153.7 152.3 152.8 154.6 158 163.7 173.1 190.5 211.2 234.2 243.4 248.8 253.4 254 244.8 238 231.2 216.8
-1.6 -1.6 -1.6 -1.6 -1.6 -1.6 -1.6 1.7 5.3 8.6 8.8 8.3 6.9 10.5 10.2 9.6 7.5 7.1 6.2 6.2 6.1 6.5 6 6.3 5.9 5.7 4.5 2.7 3.8 4.5 4.8 5.7 9.8 11.3 21.8 20.7 40.3 47.3 58.1 72.5 84.6 95.5 105.2 109.9 115 132.8 130.5 132.8 137.7 131.4 127 125.5 123.9 119.4 113.4 108.9 107.4 110.3 110.9 111 113.5 124.1 140.3 150.9 154.5 154.9 153.9 153.3 153.8 156 159.5 165 174 190.3 216.7 243.4 255.7 259.9 263.3 261.1 255.9 239.9 231.1 220.7
-1.6 -1.6 -1.6 -1.6 -1.6 -1.6 -1.6 2 4.5 7 8.1 9.2 -1.6 9.9 10.5 10.1 8.2 7.8 6.4 7.1 6.8 6.3 5.8 5.6 7.4 6.6 3.8 3.6 3.8 4.3 4.7 5.1 6.2 8.8 16.6 19.7 24.6 33.9 48.2 59.1 70 80.7 89.6 96.6 102.1 112.6 116.2 118.4 125.5 118.7 120.5 112.5 112.3 110.1 104.6 100.5 101.9 102.1 103.3 105.1 104.2 113.4 129.7 142.5 148.7 151 151.8 150.9 152.2 155.2 160.6 166 172.7 190 221.3 250.9 263.9 268.4 269.5 268.4 258.3 245 234.3 223.7
-1.6 -1.6 -1.6 -1.6 -1.6 -1.6 -1.6 -1.6 3.5 4.9 5.7 4.3 -1.6 8.6 9.1 9 7.9 6.4 6.7 6.8 6.7 6.2 5.7 6.4 8.4 3.9 3.9 3.5 3.9 4.7 4.7 5.4 6.8 10.1 12.6 17 21 23.2 31.9 42.4 55.9 62.6 71.9 79.6 87.3 96.3 104.7 107.3 113 110.1 109 105 104.1 100.4 97.3 93.4 92.4 93.1 93.6 95.1 95.6 108.7 119.6 130.7 139.2 145.2 147.1 146.2 149.3 153.5 159.6 164.3 170.8 182.6 213.9 247.2 269.9 276.2 278.9 272 258.7 244.6 238.5 224.3
-1.6 -1.6 -1.6 -1.6 -1.6 -1.6 -1.6 -1.6 4.1 2.6 1 -1.6 -1.6 3.9 7 7.1 7.2 5.2 8.6 7.5 6.4 6 6.6 6.5 8.7 5.1 3.1 3.4 4.9 6.3 9.3 6.3 8.2 9.6 13.9 16.1 18 19.9 23.8 29 38.9 47.7 52.4 65.4 69.3 70.5 90 98.5 104.8 98.1 100.9 96.5 94 91.4 89.1 86 84.9 83.9 85.2 86.7 88.7 103.7 115.6 123.7 132.5 140.1 140.5 139.1 144.3 150.8 156.9 162 167.4 178 196.5 236.1 267.6 282.8 286.6 276.1 258.5 244 237.7 224.3
-1.6 -1.6 -1.6 -1.6 -1.6 -1.6 -1.6 -1.6 -1.6 -1.6 -1.6 -1.6 -1.6 -1.6 -1.6 2.5 2.8 2.1 4.3 7.2 6.2 6.9 7.5 7.9 9.5 8.7 7.3 3.9 4.2 5.8 8.6 10.2 8.2 13.1 17.1 16.7 16.4 16.7 20.3 24.8 27.6 32 34.8 46.6 54.1 55 70.3 86.3 89.3 88.9 91 87.6 83.2 82.9 80.7 79.3 77.5 77.4 78.1 79.3 81.3 92.5 106.6 115.1 126.9 132 132.4 132.8 138.2 144.7 151.8 157.4 163.2 172.5 190.4 219.4 251.9 278.1 293.5 284.1 263.9 241.7 233.8 223.8
-1.6 -1.6 -1.6 -1.6 -1.6 -1.6 -1.6 -1.6 -1.6 -1.6 -1.6 -1.6 -1.6 -1.6 -1.6 -1.6 -1.6 0.9 2.2 7.6 7.4 7.4 8.6 10.6 9.7 11.4 9 6.8 4.2 5 5.5 8 11.2 12 16.4 17.9 16.6 17.4 17.2 21.4 23.2 25.5 25.6 31.6 42.8 44.4 52.6 64.8 73 75.8 77.7 78.1 75.3 75.3 74.9 73 72.3 72.2 72.3 72.8 75.7 81.2 92.6 101.8 114.9 119.9 122.1 126.8 132.3 137.9 145.3 151.2 157.2 165.7 191.9 219.4 237 261.4 278 277.8 268.8 253.5 233.7 225.2
-1.6 -1.6 -1.6 -1.6 -1.6 -1.6 -1.6 -1.6 -1.6 -1.6 -1.6 -1.6 -1.6 -1.6 -1.6 -1.6 -1.6 1.9 5.2 6.7 8.5 7.4 11.5 13.7 15.3 14.4 11.7 8.8 8.8 4.8 4.7 4.8 6.9 11.4 11 11.5 13.4 14.9 14 18.3 20.3 21.6 21.2 25.5 30.1 34.3 40 51.8 62.9 65.7 71 70.5 67.8 70.2 68.9 69.7 69.8 69.5 67.5 67.9 69.9 73.1 79.5 90.8 102.4 106.2 111.5 116 122.1 129.7 138.4 145 150.9 157.3 188.9 214.4 231 240.5 262.3 274.1 266.2 252.3 236.7 216.3
-1.6 -1.6 -1.6 -1.6 -1.6 -1.6 -1.6 -1.6 -1.6 -1.6 -1.6 -1.6 -1.6 -1.6 -1.6 -1.6 -1.6 2.4 4.9 7.5 6.1 7.1 10.1 14 18.6 22.3 14 12 10.3 7.6 4.3 4.4 4.7 5.6 5.7 6.8 9.7 12.2 12.9 15.7 15.5 16.3 17.1 21.2 23.5 25.6 27.5 35.6 47.3 53.2 60.4 61.5 62 61.5 64.5 65.8 67.4 67 66 64.2 63 65.8 68.7 78.5 89.5 94.1 98.9 105.6 112.1 121.4 131 138.2 144.2 150.9 176 200.1 225.5 232.8 245.3 262.7 267 254.9 241.8 222.7
-1.6 -1.6 -1.6 -1.6 -1.6 -1.6 -1.6 -1.6 -1.6 -1.6 -1.6 -1.6 -1.6 -1.6 -1.6 -1.6 1.3 2.2 4.4 4 5.5 9.9 10.9 12 17.5 17.5 15 11.7 10.5 9.1 6.9 5.5 8 11.4 10.9 9.2 9.5 11.2 13.9 13.9 14.7 15.5 16.1 17.3 18.3 20.5 22.7 24.2 31.3 39.9 46.2 52.6 54.9 59 61.4 62.3 63.7 64.3 63.5 61.6 60.4 60.3 61.9 65.4 75.8 82 89.3 95.5 103.7 112.6 122.7 130.7 136.7 143.2 157.8 185.4 209 223.7 240.5 249.5 256.8 253.4 241.4 231.8
-1.6 -1.6 -1.6 -1.6 -1.6 -1.6 -1.6 -1.6 -1.6 -1.6 -1.6 -1.6 -1.6 -1.6 -1.6 -1.6 -1.6 -1.6 -1.6 -1.6 3.6 8.9 10.9 10.4 12.6 13.5 13.1 12.6 10.4 8.1 6.8 7.3 12.2 15.9 16.7 15.8 14.8 13.1 12.6 13.2 14 14.8 15.6 18.3 19.6 20.5 21.7 23.5 26.5 30.4 37.6 42.7 48.2 49.3 53.2 56.9 58.7 59.9 60.4 60 57.9 56.4 58.5 60.1 64.4 72.9 78.7 90.7 102.4 108.7 116.7 122.8 130.1 135.3 146.8 168.8 194.2 211 230.5 250.8 240.2 242.8 240.3 235.8
-1.6 -1.6 -1.6 -1.6 -1.6 -1.6 -1.6 -1.6 -1.6 -1.6 -1.6 -1.6 -1.6 -1.6 -1.6 -1.6 -1.6 -1.6 -1.6 -1.6 3.7 9.5 10 10.8 10.7 10.7 10.9 11 9.7 9.5 11.3 8.3 8.8 14.6 18.7 21 17.6 15.3 13.1 13.2 13.5 14.1 15.2 19.8 22.7 21.5 22.3 23.2 27.2 28.4 31.1 37.7 40.6 44.3 45.5 51.6 53 55.7 52.3 54.2 58 57.8 56.6 58.6 60.9 66.4 76 87 99.1 105.1 109 114.5 121.8 128.4 134.2 146.6 176.9 194.6 216.8 238.4 246 235.7 232 235.1
-1.6 -1.6 -1.6 -1.6 -1.6 -1.6 -1.6 -1.6 -1.6 -1.6 -1.6 -1.6 -1.6 -1.6 -1.6 -1.6 -1.6 -1.6 -1.6 -1.6 9.5 10.8 10.5 10.6 11.2 11 10.7 10.4 10.6 13.3 12.4 11.1 10 11.5 16.6 22.9 28.7 19.9 16.9 14.7 14.7 14.6 16 18.6 21.5 21.2 22.3 23.2 27.1 30.8 35.2 37.7 41 40.9 41.6 44.2 45.5 53.8 56.8 59 61.3 61.4 58.5 57.9 59.3 60.7 66.4 77.1 90.3 99.3 102.6 106.7 113.5 120.4 125.7 133.7 155 179.6 200.2 221.5 236.7 235.3 231.8 224.4
-1.6 -1.6 -1.6 -1.6 -1.6 -1.6 -1.6 -1.6 -1.6 -1.6 -1.6 -1.6 -1.6 -1.6 -1.6 -1.6 -1.6 -1.6 -1.6 -1.6 6.5 10.3 11.4 11.7 11.2 11.3 11.9 13.4 12.8 15.3 14.8 13.4 11.5 10.7 13 17.5 22.2 24 19.9 17.1 15.6 16.4 18.1 19.3 19.4 20.5 21.8 23.6 26.5 34.7 38.7 39.8 42.5 45.9 45.8 49.6 53 56.1 59 61 63.2 65.1 62.6 59.4 58.8 59.2 61.2 68.1 82.4 90.8 95.9 101.3 105.8 112.2 118.8 125.8 139.4 161.4 183.1 204.7 219.1 227.2 228.3 229.4
-1.6 -1.6 -1.6 -1.6 -1.6 -1.6 -1.6 -1.6 -1.6 -1.6 -1.6 -1.6 -1.6 -1.6 -1.6 8.2 8.3 10.3 7.3 6.1 9 11.8 16.8 16.7 14.1 13.6 12.8 15.3 17.2 20.6 20.7 16.8 15.8 14.1 15.2 16.9 20 21.7 21.6 19.9 17.6 17.4 18.1 20.7 22.2 21.7 22.8 24.8 26.8 34.3 40.4 42.4 43.3 44.5 49.7 54.5 55.7 59.3 63 66 66.9 69.5 66.5 63.1 59.9 59.9 60.6 63.2 70 79.1 87.3 93 97.7 104.4 111 118.4 127.1 149.2 169.3 182.5 196.1 215.3 223.9 220.9
-1.6 -1.6 -1.6 -1.6 -1.6 -1.6 -1.6 -1.6 -1.6 -1.6 -1.6 -1.6 -1.6 -1.6 5 14.6 22.1 22.2 20.8 17.4 14.3 15.8 21.2 24.7 20.8 19.4 17.5 16.1 19.2 24.3 24.2 21.2 20.6 17.8 18.3 20.8 20.5 20.8 20.9 20 18.4 18.2 18.8 21.1 24.7 25 25 27.3 27.7 33 39.7 46.2 44.8 45.9 51.3 54.7 57.3 61.5 66.2 70.2 73 73.3 70.5 66.3 63 61.5 60.6 61.8 63.8 66.4 72.8 81 88.5 95.2 103.1 110.5 118.4 131.2 147.6 164.8 177.3 194.5 209 213.8
-1.6 -1.6 -1.6 -1.6 -1.6 -1.6 -1.6 -1.6 -1.6 -1.6 -1.6 -1.6 -1.6 -1.6 15.4 30.1 32.2 31.5 31 29.5 24.8 23.1 25 28.2 30.2 34.2 32.1 25.7 21.3 23.1 25.8 23.8 22.7 22 20.5 20.8 21.3 21.5 21.8 20.2 22.1 19.5 19.7 21.6 25 28 28.3 29.9 29.9 32.6 40.2 47.7 47.5 48.6 52.2 55.3 57.8 65 71.6 74.8 76 77.1 73.9 69.9 66 63.8 61.8 61.7 63.7 65.2 66.7 71.2 79.6 87.1 95.8 102.7 110.3 118.6 129.8 141.8 159.1 170.1 188.9 200.3
-1.6 -1.6 -1.6 -1.6 -1.6 -1.6 -1.6 -1.6 -1.6 -1.6 -1.6 -1.6 -1.6 7.8 24.8 34.4 39.2 40.9 41.9 40.6 38.9 32.7 34.8 36.4 43 51.7 48.2 39.6 28.8 25.9 25.2 25 23.9 23.4 22.5 22.5 22.3 23.4 24.7 24.5 22.8 23.1 23.5 24.8 25.3 28.9 30.6 32.4 33.9 37.3 41.3 46.5 49.8 53.2 55.4 57.7 62.1 70.3 77.6 81.8 81.2 80.4 76.8 72.4 69 65.9 63.6 63.5 64.5 65.9 67.6 69.8 76.6 82.5 90 97 103.5 110.5 120.1 128.9 142.4 151.2 169.5 181.1
-1.6 -1.6 -1.6 -1.6 -1.6 -1.6 -1.6 -1.6 -1.6 -1.6 -1.6 -1.6 2.1 9.7 23.2 33.3 38.8 44 47.4 48.4 49.3 47.1 46.2 47.5 54.6 58.3 56.9 55.5 47 36.1 31.9 29.6 26 25.1 25 27.5 27.8 26.8 28.9 29.5 27.8 25.9 25.8 26.4 27.4 29.4 32.5 34.1 36.6 41.8 46.7 47.1 55 58.3 59.8 66.5 73 83 91.6 90 93.6 87.5 84.2 78.4 72.8 68 65.8 65.5 65.7 66.8 67.8 68.9 79.1 86 92.1 97.2 104.9 114 120.7 129.8 139.7 146.6 154.5 162.3
-1.6 -1.6 -1.6 -1.6 -1.6 -1.6 -1.6 -1.6 -1.6 -1.6 -1.6 1.5 12.8 14.8 22.6 27.9 35.9 41.9 48.1 51.7 52.8 51.4 51.9 56 63.8 66.6 66.7 63 58.9 48.3 38.7 33.6 32.2 33.8 33.4 37.6 39.1 36.1 34.6 33.8 32.3 30.4 33.4 30.2 29.6 31.3 34.6 36.7 43.5 50.5 50 50.9 55.5 62.7 69.7 73.6 84.7 98.6 99.9 98.1 102.7 98.5 93.5 88.4 79.9 73 67.9 67 67.2 68.9 70.3 78.9 87.5 98.1 101.1 101 109.6 115.8 121.4 135 157.2 168.2 172 166.1
-1.6 -1.6 -1.6 -1.6 -1.6 -1.6 -1.6 -1.6 -1.6 -1.6 -1.6 3.6 12.2 16.3 25.5 35.3 37.3 42.9 47.4 50.3 53.3 54.9 56.4 63.8 74.8 78.1 78.2 70.5 64.3 62.3 52.5 47.9 42.6 42.3 40 42.1 44.7 46 42.4 40.7 38.3 35.8 35 36.5 36.4 36.4 36.6 40.7 44.6 53.3 53.1 53.8 58.2 66.8 72.5 78.4 90.1 98.6 102.2 104.5 106.2 106.6 104.2 100.4 91 85.4 79.5 76.4 78.8 77.2 82.2 93.3 101.8 114.1 115.4 114.5 117.3 122 127.3 154.1 182.8 194.6 190.3 181.7
-1.6 -1.6 -1.6 -1.6 -1.6 -1.6 -1.6 -1.6 -1.6 -1.6 -1.6 2.7 10.8 12.3 25 37.6 39.7 43.4 48.4 51.4 56.5 59.8 62.5 70.4 80.3 87.2 83.4 87.4 85.2 80 71.1 65.2 57 50.7 46 47.3 48.9 50.1 49.6 47.9 46.1 41.6 40.7 46 54.6 53.5 48.4 46.9 48.4 50.9 53.7 55.2 59.4 66.3 75.1 82.7 90.5 98.8 103 109 110.6 111.3 110.3 110.9 107.6 103.2 105.9 114.9 115.1 109.6 107 114.3 121.1 131.6 135.1 131 131.2 131.8 138.2 185.7 222.9 221.9 213.9 200.4
-1.6 -1.6 -1.6 -1.6 -1.6 -1.6 -1.6 -1.6 -1.6 -1.6 -1.6 2.9 10.7 10.2 16.9 32.8 39.3 42 46.9 53.6 57.4 62 63.5 66.1 78 84.5 96.4 117.1 113.5 97.3 82.8 77.1 71.3 60.9 59.7 57.2 52 54.3 58.2 56.7 56.3 55.2 50.7 54 67.7 68.1 63.2 61.4 57.8 56.8 58.2 58.9 63.6 68.3 73.6 80.6 88.5 98.7 108.1 111 113.2 115.4 120 125.2 127.4 127.4 136.8 133.5 131.8 126.6 122.8 127.1 131.2 143.4 144.7 144.4 141.9 146.2 161.9 203.2 246.3 245.5 235.7 226.7
-1.6 -1.6 -1.6 -1.6 1.8 -1.6 -1.6 -1.6 -1.6 -1.6 -1.6 0.3 1.9 9.6 16.3 22.6 35.3 41.8 47.4 53.3 56.2 58.5 60.9 61.9 71.9 92.6 105.1 126.7 126.3 116.6 104 96.4 88.4 83.3 70 68.6 64.9 70.4 70 69.6 66.5 63.2 62.4 65.7 72.2 75.5 72.3 68.6 67.1 61.9 59.3 65.1 65.2 73.5 90.9 91.8 92.1 98 103.7 111.5 118.3 127.5 136.8 147.8 157.6 156.1 158.5 152.9 147.8 140.7 138.7 141.4 145.3 155.3 158.7 156.9 158.2 162.3 177.2 217.5 262.6 263.9 259.7 251.4
-1.6 -1.6 -1.6 -1.6 -1.6 -1.6 -1.6 -1.6 -1.6 -1.6 -0.2 1 2.5 6.6 11.4 10.4 19.8 33.8 41.6 45.4 49.3 53.2 53.4 59.7 77.5 94.8 115.3 132.5 132.7 127.1 126.7 119.4 113.1 107.7 100.7 96.9 78.7 75.9 74.2 77.1 79.3 80.2 78.9 83.3 85.8 85.1 80.2 77.6 79.2 67.2 71.2 71.2 69 78.1 90.8 96 99.7 101 119.1 138.3 140 148.4 157.3 166.1 168.5 175.1 177.3 170.8 165.1 159.3 158.8 160 159.1 171.2 172.5 169.7 171.5 176.5 192.1 227.5 275 280.7 279.1 269.1
-1.6 -1.6 -1.6 -1.6 -1.6 -1.6 -1.6 -1.6 -1.6 -1.1 1.1 2.4 5.3 6.7 9.7 12.2 17.1 24.5 31.2 37 40.5 39.3 42.6 56.2 70.8 99.2 112.1 130.5 141.4 136.5 136.7 134 130.6 126.6 119.4 112.3 104 95.2 89.8 92.9 93.1 93.2 90.7 102.4 100.8 99.6 90.3 91.1 89.5 79.5 81 82.4 77 89.8 91.6 96.1 98.5 114.3 137 151.2 158.6 172.9 179.4 180.7 184.6 191.1 188.3 185.2 181.2 176.4 179 172.5 175.9 183.3 189.3 184.6 181.3 183.4 195.8 235 279.8 296.6 298.2 292
