data/NF73.asc
ncols 200
nrows 200
xllcorner 70000
yllcorner 830000
cellsize 50
[rows 156 to 194 of 200, columns 87 to 173 of 200]
4.4 6.3 6.6 4.4 1.5 1.1 1.1 1.6 2.3 4.2 6.3 5.6 3.8 3.5 3.5 3.5 8.1 11 9.4 7.3 3.6 1.2 1.2 2.5 5.6 7.9 6.9 8 7.8 10 11.3 13 11.3 6.8 7.3 10 11.5 6.4 5.1 5.1 5.1 5.1 10.6 17 24.5 28.9 30.2 31.4 36.4 41 45.7 49.7 53.1 55.9 58.1 61.2 65 63.7 64 67.7 74.3 80.8 90.6 102.2 108.4 109.9 108.1 103.8 96.3 95.3 94.5 94.4 92.7 90.7 86.2 81.7 79 76.2 73.9 74.6 77.7 81.1 84.4 91.4 104.9 121.2 134.1
4.5 5.5 6.8 5.6 3 2.5 0.3 1.3 1.5 2.1 5.8 5.2 5 3.6 3.5 3.5 6.1 9.1 11.6 8.5 4.8 1.2 1.2 1.2 2 1.2 2.1 7 7.2 8.5 11 14.8 13.4 6.8 9.1 11 10.8 9 7 5.1 5.1 5.1 9.7 14.8 22.5 27.8 31.7 32.7 36.5 41.2 44.7 48.2 51.6 54.8 60.1 65.9 69.2 70.8 68.6 70.5 76.2 83.4 94.3 106.7 112.4 114.9 114.7 111.2 105.4 101.4 99.2 99 97.8 96.4 91.4 86.1 82.3 79.4 76.4 75.3 78.6 81.9 85.9 91.1 101.5 119.3 134.7
4.4 4.3 5.2 3.5 3.2 2.2 0.9 1.1 0.5 0 5.3 5.4 5.7 4.4 3.5 3.5 6 8.1 9.4 9.9 6.3 4.3 1.2 1.2 1.2 1.2 1.2 4.1 5.8 8.7 9.4 11.1 12.3 8.7 8 9.1 9.5 9.3 9.5 6.8 5.1 6.4 13 12.9 20.1 27.8 31.1 34.7 36.6 40.8 44.4 46.7 50.1 54.6 60.5 69.2 72.1 75.4 75.8 73.8 79.5 82.6 94.4 108.7 114.2 117.4 118.2 116.6 113.5 108 104 104.4 104.2 101.6 96.6 93 88.7 83.5 80.3 77.7 79.6 81.4 85.4 90.7 98.2 116.9 133.9
4.7 4.2 3.8 3.5 3.1 1.5 -0.2 -0.2 0.3 -0.8 0.7 5.1 4.4 3.7 5 3.5 6.1 8 10.5 8.2 7.6 4.9 4 2.2 2.6 3 1.2 1.2 3.1 3.7 8 12.2 13.4 12.2 7.7 8 9.5 11.1 10.8 9.6 6.9 10.4 14.2 14.3 18.9 25.5 30.8 35.1 39.1 42 45.1 47.9 50.3 55.9 61.2 68.6 71.4 76.9 79.1 79.3 78.7 82 92 106.2 113.7 117.5 119.4 117.5 120 116.3 110.2 109.2 109.8 106.9 102 95.2 90.5 86.3 82.9 81.2 78.5 81.1 84.9 90.2 97.6 112.6 131.9
6.5 4.4 4 3.4 3.3 2.4 1.4 -0.8 -0.8 -0.8 -0.8 1.1 1.5 2.4 4.5 5.9 5.2 5.8 10.4 6.9 4.8 5.2 4.2 2.3 3.6 2.6 1.2 1.2 5.2 1.6 7.5 12.2 13.8 12.7 7.6 7.3 10.5 11.4 11.2 13.6 10.4 9.4 14.5 19.6 19.2 26.4 29.6 35.3 39 43.2 46.8 49.4 52.8 59 61.9 64.7 67.6 73.6 82.3 81.8 80.4 79.8 89 100.7 110 115 118 119.9 126.5 124.9 118.5 112.8 113.1 111.1 106.6 98.5 94.1 87.2 83.8 81.3 81 84 85.1 90.9 98.2 106.7 124.4
9.8 9.2 5.2 4 3.7 4 1.9 -0.8 -0.8 -0.8 -0.8 -0.8 -0.8 -0.8 3.4 5.3 4.8 3.6 8.8 6.4 3.9 4.5 4.4 2.9 3.1 3.1 4 1.2 5.1 1.6 4.6 12.2 14.1 12.4 8 6.5 9.7 11.2 11.6 14.4 14.7 12.9 16.3 22 25.3 28 30.2 33.6 39.5 44.7 48 48 51.4 57 61.3 64.3 65.5 68.6 77.8 79.9 78.5 77.3 80.8 90.2 99.1 106.6 115.4 121.7 128.7 130.3 126.1 116 115.1 113.3 109.8 103.2 95.6 88.7 84.7 83 84 84.3 85.8 91.1 97.1 102.6 117.8
10.7 9.8 8.1 5.7 4.8 5.8 6 3.3 -0.4 -0.1 -0.8 -0.5 -0.8 -0.8 -0.8 0.9 3.4 3.6 5.8 4.8 4.2 5.2 3.6 2.2 3 3.3 5.6 1.2 1.2 2.6 2.8 12.4 15.6 14.1 10.2 3.2 6.2 9 11.7 14 12.4 14.7 16.3 20.3 25.9 26.8 32.5 33.2 40.7 44.2 48.3 46.9 48.6 53.7 55.9 59.2 62.2 65.9 70.4 75.3 75.2 74.5 76.5 79.7 87.9 95.3 105.6 116 126.1 131.2 131.1 124.4 118.6 116.4 113 107 98.7 90.9 85.9 84.4 84.2 84.2 87 91.3 95.5 101.6 112.9
9.8 9.2 8.1 7.5 6.3 5.5 5.7 4.8 3.8 3.6 4.2 4.5 2.4 -0.8 -0.8 -0.8 -0.3 1.2 3.1 4.7 3.9 2.8 1.9 1.1 1.9 2.7 2.6 1.2 1.4 4 1.6 10.7 16 18.2 14.2 3.1 3.1 8.3 10.2 11.3 14.5 18.9 17 20.1 23.8 26.4 29.1 32.6 35.4 40 46.1 46.4 45.6 47.7 49 53.3 55.4 57.2 63.1 66.9 69.3 70.2 70.2 70.1 77.6 87.3 98.4 110.4 121.1 128.7 131 129.1 123.5 118.6 113.2 107.5 101.2 92.5 87.7 86.5 85.6 85.9 89.3 92.2 95.1 100.9 108.3
8.5 8.5 7.8 7.6 6.6 5.6 5.4 4.7 4.5 4.1 3.8 4.4 3 -0.8 -0.8 -0.8 -0.8 -0.8 -0.8 0.6 0.6 2.1 -0.8 -0.2 -0.4 -0.5 2.6 3.8 1.2 4.5 1.6 5.3 12.5 18 16.6 4.5 3.1 6.5 8.6 8.1 8.2 13.6 17 21 22.8 23.7 25.5 30.5 31.6 33.5 41.9 43.5 42.5 41.6 43.3 47 46.4 48.9 52.9 59.9 61.9 63.6 63.5 64.8 68.4 77.3 89.7 102.6 114.2 124.1 130.4 131.4 129.9 120.9 113.5 108.6 102.1 95.7 91.2 88.6 88.8 87.7 89.4 92.1 95.1 100.3 105.3
8.8 8.3 9.2 10.3 9.1 6.5 6.3 5.7 5.2 4.8 4.9 3.6 2 0.8 0.4 2.7 1.5 -0.8 -0.8 -0.8 -0.8 -0.8 -0.8 2.3 0.9 -0.8 2.4 5.2 3.6 2.9 1.6 1.6 12 15.5 15.5 10.1 3.1 3.5 6.3 4.7 5.8 11.6 16.7 16.9 21.6 21 20.4 25.7 27.4 27.9 32.5 40.1 38.4 35.8 37.3 37 37.2 39.6 40.8 50.5 54.2 56 58.7 60.1 64.1 69.8 82.7 95.7 108.8 120.6 130.1 132.8 133.8 129.2 119.2 110.5 102 98.8 94.5 91.1 90.4 90.7 89.7 92.1 95.7 99.7 104
9.2 9.1 9.2 11 11.3 10.2 8.6 6.4 6.1 5.2 4.6 5.5 4.4 3.3 2 5.1 4.4 -0.8 -0.8 -0.8 -0.8 -0.8 -0.8 -0.8 -0.8 -0.8 0.6 4.2 6.6 1.2 4.6 1.6 8.9 13.3 13.9 9.8 3.5 5 5.6 2.6 2.6 2.6 12.9 13 18.9 22.1 19.6 19.9 21.8 21.6 25.9 32.3 32 30 24.9 30 28.6 30.1 33 39.8 46.1 49.1 52.4 56.8 61.3 67.2 78.2 89.4 102.6 115.5 125.5 129.9 130.4 131 126 111.9 106.7 102 95.2 92.9 92.1 92.7 92.7 94.3 96.2 100.2 102.9
9.2 9.1 8.8 10.5 10.9 11 8.5 7.5 8.2 6.6 4.2 3.8 4.7 5.6 3.4 4.4 2.7 3.1 -0.8 -0.8 -0.8 -0.8 -0.8 -0.8 -0.8 -0.8 -0.8 2.7 3.7 4 1.2 1.6 1.6 8.1 11.3 9.6 7.6 3.1 4.3 3.8 2.6 2.6 3.8 10.7 17.6 20.5 18 15.4 15.3 15.9 17.6 22.1 24 21.3 18.9 15.7 19 19.7 24.5 29.2 36.5 42.4 47.6 52.1 55.5 59.4 72.4 82.5 95.9 108.9 120.2 127.6 129.6 130 126.9 117 108 102.6 95.4 95.6 93.3 94.8 96.4 96.8 97.2 98.8 103.9
8.7 9.1 8.8 10.1 10.8 10.9 11 9 10.3 8.8 6.3 3.3 3.3 4.3 4.9 2.2 4.2 4.3 2.7 -0.8 -0.8 -0.8 -0.8 -0.8 -0.8 -0.8 -0.8 -0.2 2 2.1 2.6 1.2 1.6 4.7 7.4 9.3 6.7 4 4.8 6.2 4 2.6 2.6 6.8 16.7 17.6 15 12.6 10.5 8.7 9.9 13.9 15 13.4 11.3 10 12.1 12.9 16.9 21.4 25.9 33 43 48.2 50.8 54.4 68 81.8 88.7 104.1 115.2 123.7 127.7 126.4 122.9 117.2 108.2 102 98.8 101 95 96.6 98.1 98.5 98.9 99.6 102.5
7.9 9 8.5 9.1 11 10.7 10.2 9.1 10.6 9.5 8.6 7.4 6.6 2.9 3.2 4.1 3.8 5.3 3.1 -0.8 -0.8 -0.8 -0.8 -0.8 -0.8 -0.8 -0.8 -0.8 1.5 2.7 3.9 2.5 2.9 1.6 3.5 8.2 9.8 4.4 4.4 10.3 9.8 12.5 9 2.6 6.4 9.3 9.6 9.9 7.9 6.4 6.7 7.6 6.7 3.8 3.4 3.7 7.6 11.1 10.7 15.3 21.6 24.9 32.6 40.1 44.6 49.6 58.1 74.8 85.2 94 106.9 115.8 119.1 119.3 119 116.2 109.1 102.2 101.9 101.7 100.2 100.8 100.4 100.9 101.6 102.7 105.3
6.1 7.9 7.9 9.2 11 10.3 9.6 10.8 10.8 10 9.2 8.5 6 2.7 1.3 1.2 1.5 4.1 3.2 -0.8 -0.8 -0.8 -0.8 -0.8 -0.8 -0.8 -0.8 -0.8 -0.8 2.5 4.1 4.1 3 2 1.6 7.8 10.3 2.5 4.8 7 9.2 11.8 12.6 8.2 5.8 4 4.1 2.5 2 2.6 5.6 6.9 6.4 3.4 1.4 -0.7 3.7 6.6 7.4 8 12 18.2 22 28.3 37.1 46.2 56.1 64.9 77.1 86.8 97.4 107.4 110.5 113.3 114.6 112.6 111.5 104.8 102.6 103.7 105 103.6 103.1 103.6 104.3 106.3 109
6 7.2 8.2 7.2 9.1 11 11 8.6 10.8 10.2 9.8 8.6 5.5 2.2 1.5 0.9 1.3 1.9 2.1 -0.8 -0.8 -0.8 -0.8 -0.8 -0.8 -0.8 -0.8 -0.8 -0.8 -0.8 2.4 4.7 5.2 3.2 2.3 3.1 4.5 0.7 0.8 5.5 9.5 11.1 8.9 8.3 4.8 2.6 0.9 -0.7 -0.7 -0.7 -0.7 4.3 4.4 4.2 0.7 2.2 -0.7 2 4.7 8.1 11.2 16.6 22.1 31.3 38 47.7 58.1 69 77 85.2 94.4 102.3 106.3 109.7 110.7 111.2 110.5 109.8 105.3 105.2 106.1 107 106.4 107.5 106.7 109.1 112.6
6.6 7.2 8.5 6.6 9.1 9.4 9.4 6.4 10.2 10.1 11.3 11.9 8 4.8 2.1 2.3 1.7 1.1 0.9 -0.6 -0.8 -0.8 -0.8 -0.8 -0.8 -0.8 -0.8 -0.2 -0.8 -0.8 -0.8 1.6 7.2 3 0.2 1 1.3 -0.7 -0.7 0.7 4.1 5.4 4.8 5.1 -0.3 0.1 0.1 -0.7 -0.7 -0.7 -0.7 -0.7 -0.7 -0.7 -0.7 -0.6 -0.7 -0.7 2.2 7.5 10.3 12.9 17 26.4 38.1 46.5 56.4 67.8 77 83.4 90.6 98.5 103.5 106.9 108.9 109.5 111.7 112.8 108.9 108 109.1 110.8 111.3 110.5 109.3 111.6 116.6
6.4 6.4 8.2 6.4 6.6 8.3 6.4 8.5 10.8 11 11 13.3 11.9 8 6 10.1 10.1 6.3 -0.8 -0.8 -0.8 -0.8 -0.8 -0.8 -0.8 -0.8 -0.8 -0.8 -0.8 -0.8 -0.8 -0.8 -0.8 1.6 -0.8 -0.6 -0.7 -0.7 -0.7 -0.7 -0.7 1.4 2 2.5 -0.7 -0.7 -0.7 -0.7 -0.7 -0.7 -0.7 -0.7 -0.5 3 -0.4 1.8 -0.7 -0.7 -0.7 2.7 7.8 11.6 16.4 23 31.1 43.6 56 66 74.9 83.6 88.9 94.5 98.9 103.4 106.8 112.3 114.2 115.5 113.8 111 110.4 110.9 111.2 110.9 110.8 111.9 118
6.4 6.4 6.4 6.4 6.4 6.8 7.7 10.9 10.4 10.8 11.1 11.6 12 10.7 10.3 10.8 11.2 10.3 5.6 -0.8 -0.8 -0.8 -0.8 -0.8 -0.8 0.2 2.6 0.7 0.1 -0.8 0.8 -0.2 0.9 -0.8 -0.8 -0.7 -0.7 -0.7 -0.7 -0.7 -0.7 -0.7 -0.7 0.4 -0.7 -0.7 -0.7 -0.7 -0.7 -0.7 -0.7 -0.7 -0.7 -0.7 1.4 -0.7 -0.7 -0.7 1.1 -0.4 4.5 7.1 13.2 19.6 29 38 50.7 62.3 70 79 85.6 91.3 93.8 98 104.2 110.1 113.4 115.3 114.9 111.7 109.9 110.4 110.3 110.2 110.4 109.2 116.9
6.4 6.4 6.4 6.4 6.4 8.5 9.3 10.8 10.1 10.8 11.6 10.8 11.8 11.6 9.3 10.3 11.5 11.3 9.4 0.6 -0.8 0.6 -0.7 -0.8 -0.8 0.9 4.5 3.1 2.4 2.1 0.2 3.1 3.8 1.5 1.4 -0.7 -0.7 -0.7 -0.7 -0.7 -0.7 -0.7 -0.7 -0.7 -0.7 -0.7 -0.7 -0.7 -0.7 -0.7 -0.7 -0.7 -0.7 -0.7 -0.7 3.4 -0.7 -0.7 2.1 3.9 4.2 5.4 8.2 15.5 22.7 33.8 47.2 57.3 65.4 73.3 81.7 88.6 90.3 94.6 98.4 104.5 108.9 111.4 112.6 112.3 109.9 109.9 108.2 108.4 105.5 106.2 115.1
6.4 6.4 6.4 6.4 6.4 8.9 8.6 9.2 11.4 11.6 12 11.9 14.1 12.3 9.4 9.3 11.9 11.6 11.9 6.7 -0.8 -0.8 1.2 1.5 -0.8 1.5 4.7 5.5 4.4 4.7 5.7 3.9 6.3 5.1 5.3 2.3 0.9 -0.7 -0.7 -0.7 -0.7 -0.7 -0.7 -0.7 -0.7 -0.7 -0.7 -0.7 -0.7 -0.7 -0.7 -0.7 -0.7 -0.7 -0.7 -0.7 0.6 -0.7 2.1 5.2 6.6 8.9 9.4 16.1 22.4 31.9 41.9 53 59.6 68 76.2 83.9 85.2 88.2 90.8 98.1 105.6 107.7 110.1 110.9 110.1 108.2 105.9 101.5 95.2 102.6 113.8
6.5 6.4 6.4 6.4 6.4 8.1 8.7 10.8 12.8 12.6 12.2 12.2 13.1 12.2 9.7 9.5 12.3 12.3 12.3 11.8 5.7 -0.8 4 2 4.3 4.4 4.5 6.4 6.2 4.6 8.4 6.5 5.9 6.3 6.5 2.4 4.2 0.7 -0.7 -0.7 -0.7 -0.7 -0.7 -0.7 -0.7 -0.7 -0.7 -0.7 -0.7 -0.7 -0.7 -0.7 -0.7 -0.7 -0.7 -0.7 -0.7 -0.4 4.7 7 8.2 7.9 7.4 14.8 18.7 27.2 37 47.6 55 62.2 69 75.7 80 80.1 82.7 90.2 97.7 103.9 106.4 107.7 107 105.6 103.1 95.8 93.2 97.3 111.3
7 6.9 6.4 6.4 6.4 6.4 10.7 12.5 13.6 14.3 13.8 12.2 12.4 12.7 11.2 9.3 12 11.9 11.7 11.6 11.5 4.1 -0.8 2.1 4.6 4.8 3.7 3.6 4.4 3.6 4.4 7.1 8.8 7 4.3 2.7 2.4 2.4 0.1 -0.7 -0.7 -0.7 -0.7 -0.7 -0.7 -0.7 -0.7 -0.7 -0.7 -0.7 -0.7 -0.7 -0.7 -0.7 -0.7 -0.7 -0.7 -0.1 4 7.2 8.7 8.4 8.8 7.9 13.1 24.4 32.1 40.2 48.5 57.9 63.4 69.1 73.5 72.9 77.8 82.1 88.3 95.7 101.6 104.8 103.7 99.4 92.1 91.8 91.7 90.3 102.2
8.9 7.7 7.3 6.4 6.4 6.4 11.4 12.8 14.3 14.7 14.5 13.2 12.6 13.2 12.2 10 11.7 12.3 12.1 12 11.9 11 -0.8 3.1 3.8 6.1 6.1 3.6 3.6 5.5 9.8 9.8 7.7 5.4 4.9 4.7 2.4 2.7 2.9 2.6 -0.7 -0.7 -0.7 -0.7 -0.7 -0.7 -0.7 -0.7 -0.7 2.7 1 1.2 3 0.1 -0.7 -0.7 0.8 0.8 4.6 7.4 9.1 9.4 10.9 11.7 13.5 20.1 25.7 31.2 40.9 49.4 53.3 60.2 65.1 70.3 74.9 76.2 79.3 83.7 92.5 96 92 86.1 86.6 87.1 85 88 91.8
7.7 8.4 9.1 8.7 7 6.4 8.8 12 14.9 14.9 14.9 15.8 13.2 12.1 11.6 11.4 12.9 13.3 12.1 12.1 12.3 11.8 3.9 -0.8 3.3 7 7.4 5.6 4 6.5 8.9 8.3 6.1 4.8 4.5 4.5 3.4 4.7 5.9 5.7 3.8 -0.7 -0.7 -0.7 0.9 -0.7 1.7 0.7 3.4 6.5 5.8 5.6 2.4 0.2 0 1.4 4.8 4.3 7.9 8.6 9.5 10 11.8 12.6 16.4 19.8 21.1 28 33.9 40.6 42.6 51 61.7 73.7 81.6 76.8 78.8 80.7 82.3 83 81.4 80.4 80.3 82.2 83.4 87.4 82.5
8.1 8.4 8.8 8.8 6.9 6.4 6.4 11.7 15.6 15.7 17.2 17.2 14.5 11.8 11 12.7 8.9 11.2 12.1 12.9 12.4 12.2 8.3 1 2.8 6.4 8.8 6.2 4.6 5.3 7.2 6.1 6.2 5.7 4.5 4.5 4.5 5.7 5.7 5.6 5.4 1.2 1 2.7 3.3 5.6 5.9 4.4 4.4 6.9 7.3 6.2 4.6 4.4 3.7 5.7 7.8 6.6 8.8 9.7 7.1 7.8 11.6 14.7 18.7 21.9 25.5 30.2 42.2 38.6 44.3 54 63.3 74.6 81.6 84.7 85 84.9 86.4 82.4 77.3 77.3 77.3 77.3 81.4 86.1 79.5
5.7 9.6 10.8 9.8 8 6.6 9 9.6 15.3 16.6 17.7 18 15.6 13.1 10.8 10.6 8.4 9.9 11.8 12.9 13.3 11.2 7 3.8 4.4 5.4 7.3 6.4 5.4 5.1 5.8 5.7 6.1 5.1 4.5 4.6 4.5 4.6 5.1 5 5.4 3.5 4.8 5.7 5.8 6 5.1 4.3 4.3 5 7.4 7.8 7.2 7 6.8 8.5 9.9 9.2 9.8 9.9 6 4.2 8.8 14.6 19.9 24.3 29.5 33.6 39.7 43.1 49 57.5 64.1 70.8 76.4 81.1 82.8 83.1 81.1 80.3 80 77.3 77.3 77.3 77.3 77.3 77.3
8.5 8.6 10.1 11.2 8.8 8.2 9.3 9.4 11.4 15 18.1 17.6 14.7 13.7 12.1 10.8 8.7 8.4 10.9 11.7 11.8 8.6 5.8 6.9 7.2 5.9 5.4 6 6.7 6.3 5.6 5.7 2.8 3.4 5 4.8 4 6.1 5 4.4 4.9 4.1 3.8 5.6 5.9 6.2 6.5 7.5 5 4.7 7.5 8.4 7.8 6.8 6.8 7.7 8.9 9.2 9.5 10.6 8.8 6.9 8.3 12.7 18.2 24.3 28.7 32.6 34.9 39.4 49.5 55.4 59.7 65.7 71.6 75.3 76.6 78.3 76.4 75.3 77.3 79.9 80.7 82.2 84.8 77.3 77.3
7.2 10.2 11.3 10.8 10.2 9 10.9 10.7 11.7 13 16 16.4 15.4 14.4 14.5 10.8 13 8.4 9.6 10.6 10.2 6.8 9.3 7.7 6.9 8.4 1.3 5.1 6.8 6.5 5.5 2.6 2.6 2.6 2.6 3.5 3.3 5.5 4.8 4.2 4.3 3.7 0.5 3.1 6.9 6.5 7 7.6 8.8 7.2 7.3 8.7 6.7 6.7 7.4 8.7 9.2 9.3 10.6 10.4 9.2 8 7.9 7.6 14.3 20.6 26.2 31.3 32.7 38.4 42.2 48.7 54.1 59 64.5 68.7 72.9 74.1 72.6 73.6 78.1 84.2 85.7 87.4 88.8 84.5 77.8
6.9 7.1 9.2 8.1 9.5 10.9 11.2 10.2 12.4 12.9 14.5 16.1 16.9 14.6 15.3 13.6 12.3 9.7 8.4 10.3 10.1 8.8 9.8 9.8 7.6 7.7 1.3 1.3 5.6 5.8 4.1 2.6 2.6 2.6 3.1 4.4 5.2 3.3 3.8 4 4.4 3.5 2.4 -0.6 5.9 7 7.5 7.9 8.1 8 7.1 6.7 6.6 6.9 8.3 8.9 9.1 9.5 10.8 10.3 9.6 9.3 9.7 10.7 10.7 16.7 22.5 26.2 28.7 33.3 36.8 42.1 47.1 51.2 54.9 60.6 62.8 69.5 73.2 75.2 77.2 85.1 91.3 93.1 93.3 89.7 85.9
5.9 5.7 6.3 6.8 7.5 8.3 9.8 11.6 13 13.5 13.3 14 15.4 14.1 15.4 13.6 12.1 13.3 8.4 10.7 9.2 9.4 9.5 9.9 7.3 7.3 6.4 1.3 2.3 4.7 2.7 3.3 3.2 2.6 3.5 3.7 5.2 4.2 3.3 4.3 6.6 4.9 3.1 -1 1.4 6.3 7.6 7.6 7.9 7.8 7.6 6.8 6.6 9.1 8.3 8.1 8 8 9.4 10.8 10.8 10.6 10.8 11 11.5 15.6 18.2 21.6 24.2 27 31.2 35.8 40.2 44.9 49.3 56.3 64.4 68.9 75.9 81.7 88.4 90.4 93.4 98 98.7 96.9 93.7
3.2 3.9 5.8 8.1 6.6 5.8 6.5 9.2 11 11.5 12.5 13 13.8 12.1 14.5 12.7 10.8 12.5 9.9 8.4 8.7 10.5 9.7 8.8 8.4 7.7 9.4 7.6 1.3 4.8 2.2 2.3 1.8 3.1 4.8 2.9 4.4 5.4 4.2 3.7 5.4 6.3 5.1 -1.2 1.9 5.9 6.8 6.6 6.5 6.9 7.9 9.1 9.3 8.7 7.6 5.8 6.5 6.7 8.4 10.4 10.8 12.2 13.5 12.7 13.3 17.5 15.8 19.5 21.9 24.3 27.2 31.2 36.1 41.4 46.6 55 64 69.8 76.3 85 94.2 99.3 103.2 106.5 104.2 100.8 100.5
3.2 3.2 7 8 7.1 5.5 4.5 6.4 7.7 10.2 11.6 12.4 12.5 9.7 12.6 8.4 8.6 8.4 9.9 8.4 10.7 10.7 9.9 9.7 9.4 8.9 9.3 9.4 8 3.3 2.4 -1.6 -1.6 1.7 5.4 2.2 2.6 1 2.4 3.8 3.7 4.6 5.6 2.7 2.4 5.5 6.1 6.3 7.2 6.7 9.2 10.7 10.1 8.9 6 3 4 5 6.9 10 12 14.6 15.9 16 16.6 18.2 14.5 17.8 20.2 22.6 26.3 30.4 35.3 40.9 44.5 54.7 64.4 71.6 77.1 85.7 95.2 102.9 112 112.2 111 108.7 109.4
4.4 3.2 3.3 5.7 7.2 6 4.5 5.4 5.3 10.6 11.7 11.2 9.7 8.5 8.4 8.4 8.4 9.8 12 9.1 9.9 11 11.7 11.1 11.1 10.4 9.3 9.1 10 7.2 -1.6 -1.6 -1.6 -1.6 0.8 1.5 -1.6 1.1 2.7 4.2 4.4 2.3 2 0.1 2.2 5 5.7 6.6 7.5 8 9 8.8 8.2 6.5 4.7 2.4 2 3 5 7.2 11.6 16 15.9 17.8 18.9 16.8 15 16.4 18.8 22.1 26.1 30.1 34.9 41.1 48.2 57.3 65.7 73 79.7 87.4 95.4 104.1 113.6 124 131.9 131.5 123.9
4.8 4.6 3.6 3.6 3.6 6.5 4.6 6.2 8.2 7 9.2 11.3 10.6 11.9 8.4 9.1 8.8 10.1 12 10.5 10.2 10.1 10.8 8.2 10.8 10.5 10 7 9.8 0.7 1 -1.6 -1.6 -1.6 -1.6 1.1 0 -1.6 3 3.3 4.9 5.2 2.9 0.7 -0.9 5.2 6.3 6.9 7.8 8.5 8.6 6.9 5.8 4.1 3.4 2 1.5 1.2 3.4 5.2 8.4 15 16.6 15 15.1 14.1 13 14.8 17.4 21.9 25.9 30.5 35.4 40.5 47.1 55.9 67.5 75 80.2 83.7 103.7 124.2 138.7 145.1 146.2 141.8 134.4
5 4.6 3.6 3.6 3.6 4.7 5.2 4.6 6.6 6.1 9 10.1 12.1 11.5 10.1 10.5 10.7 11.9 12.7 10.8 9.2 9 8.6 7.8 9.8 8.2 8.8 5.5 3.4 5.4 1.2 -1.6 -1.6 -1.6 -1.6 -1.6 -1.6 -1.6 0.5 0.5 1.9 3.5 4.1 3.5 -1.4 3.9 6.8 6.7 6.1 7.5 7.2 5 3.1 1.7 2.2 1.6 1.2 0.4 2.4 3.6 5.9 9.2 14 12.9 12.2 10.6 12.3 14.2 17.5 22.5 27.5 31.5 36.4 42.3 46.9 59.2 66.9 78.6 84.4 102 120.7 138.1 148.5 155.4 154.5 146.2 141.7
5.4 5.6 4 3.6 3.6 3.6 7 5.8 5 5.9 8.1 10 10.7 9.5 10.7 10.9 10.3 11.4 11.6 9.9 8.8 7.9 7.2 6.9 6.8 7.2 5.7 3.1 2.1 4.3 4.8 0.2 -1.6 -1.6 -1.6 -1.6 -1.6 -1.6 -1.6 -1.6 -0.4 1.3 4.6 4.8 -1.3 2.6 4.2 4.1 1.9 4.2 3.9 3.1 1.1 -1.6 -1.6 1.6 0.9 -0.1 1.2 2 3.7 3.9 9.3 10.6 9.2 6.9 8.8 10 15 23.7 30.6 35.1 40.5 45.8 54.1 67.6 81 89.6 103.5 114.4 125.9 140 155.8 161.7 162.1 154.1 142.5
6.7 6.8 5.1 3.6 5.2 5.6 4 4.1 3.9 5.9 7 7.4 9.5 9.3 8.6 8.3 8.9 10.5 9.4 8 7.4 6.7 6.2 6.1 6.1 4.5 3.8 2.1 2.1 4.2 7.2 4.8 -0.5 -1.6 -1.6 -1.6 -1.6 -1.6 -1.6 -1.6 -1.6 1.2 4.6 3.6 -1.6 1.9 1.7 1.2 -1.6 -0.5 -1.6 -1.6 -1.6 -1.6 -1.6 -1.6 -1.6 -0.8 -0.7 -0.2 -0.7 -0.6 2.4 5.1 4.3 3.7 3.5 10.3 17.3 24.3 34.9 40.4 48.9 57.1 69.1 82.9 99.9 113.6 122.3 133.5 146.6 158.1 159.9 160.4 162.9 159.1 146
6.9 6 6.4 5.4 5.2 5.7 3.7 2.7 2.7 6.2 2.7 6.5 7.4 7.1 6.1 6.9 7.1 8.9 9.3 7.3 6.5 5.6 5.2 5.4 4.8 2.6 2.1 2.1 2.1 5.8 4.5 3.6 2.5 1.2 -1.1 -1.6 -1.6 -0.7 0.3 -1.6 -0.1 1.9 4.9 5.1 -1.6 -1.6 -1.6 -1.6 -1.6 -1.6 -1.6 -1.6 -1.6 -1.6 -1.6 -1.6 -1.6 -1.6 5.1 4.4 2.8 4.3 3.1 2 2.5 3.1 2.2 13.7 21.6 30.1 39.1 48.6 57.3 64.5 79.3 93.5 107.1 123.6 134.2 141.8 153.5 161.5 165 159.1 160.8 155 144.5
