data/NG60.asc
ncols 200
nrows 200
xllcorner 160000
yllcorner 800000
cellsize 50
[rows 37 to 73 of 200, columns 0 to 81 of 200]
95.3 107.6 107.7 106.7 107.1 105.9 103.7 102.8 99.8 96.7 99.6 104.5 106.2 105.4 106.5 106.6 108.8 122.6 129.2 132.1 125.8 125.1 125.1 125.1 125.1 125.1 125.1 125.1 125.1 125.1 125.1 125.1 125.1 125.1 131.1 139 141.9 143.6 145.6 149.1 152.7 158.7 163.4 166.1 162.9 179.1 196.7 211.1 215.6 211.5 212.3 214.9 211.2 210.3 210.4 210.2 207.3 209 211 207.6 199.9 195 191 189.5 182.1 179.4 179.8 176.8 174.3 174.3 174.3 174.3 174.3 186.9 202.9 210.1 215.3 218.8 227.7 227.3 221.9 216.4
82.2 99 109 110.3 110.9 104.5 96.2 92.7 93.1 93.9 99 101.8 108.4 111.4 112.8 110.8 108.8 113.5 119.8 124.8 125.1 125.1 125.1 125.1 125.1 125.1 125.1 125.1 125.1 125.1 125.1 125.1 125.1 125.9 135 142.9 146.2 150.6 154.4 160.2 164.4 168 171.1 177.4 176.5 191.2 210.5 221.6 226.8 224.6 220.6 220.8 221.3 218.6 215.9 215.7 217.5 209.9 212.3 211.8 206.4 198.6 193.7 190.7 188.8 183.8 180.4 174.3 174.3 174.3 174.3 174.3 174.3 186.3 201.5 210.1 216.1 220.5 226.6 230.5 226.9 220.3
69.8 80.1 107.4 110.2 109.4 103 90.2 91.9 91.5 95.1 100.2 105.7 111.3 116.3 123.5 120.6 118.5 121.4 128.8 137 129.6 125.1 125.1 125.1 125.1 126.4 125.7 125.1 125.1 125.1 125.1 125.1 125.1 126.7 138.6 147.6 157 160.2 163.8 172.4 179.3 182.4 182.1 193.9 200.9 212.3 224 231.9 234 232.7 228.4 227.3 228.1 224.9 219 220 220.5 216 218.3 222.3 217.1 211.2 205.6 201.2 191.2 189.2 184.6 174.7 174.3 174.3 174.3 174.3 181.8 188.5 201.4 209.5 215.9 220.2 226.5 230.8 230.3 224.1
60.6 74.6 91.6 102.7 103.1 104.9 96.8 90.4 96.3 96.2 101 107.4 117.7 127.9 139.2 148.8 141.2 131.2 134.8 135.6 139.9 134.9 127.3 127.5 136.5 139 140 133.6 132 126 125.1 125.1 125.1 128.6 141 150.2 162 170.7 177.4 185.2 192 197.5 197.6 215.6 227.7 230 229.8 234.8 238.3 238.7 236.7 233.2 234.5 230.1 227.6 228.4 221.8 219.6 218.2 222.8 222.4 218.4 211.3 202.4 192.8 189 188.1 181.2 174.3 174.3 174.3 175.4 182.3 189.4 201.7 210.4 218.4 221.3 225.4 229.7 230 229.4
54 63.6 74.9 85.7 91.7 92.5 91.1 88.7 100.6 99.7 101.8 111.3 121.7 142.1 152.3 169.3 164 153.4 149.7 144.1 148.1 143 133.7 135.4 140.3 149.1 157.3 145.3 141.8 133.5 125.1 125.1 125.7 130.4 144 154.2 166.2 177.9 191.4 199.7 204.6 211.2 220.1 220.6 234.3 242.5 245.1 246.7 246.6 245.8 243.8 239.5 238.3 236.2 233.5 228.7 223.5 220.7 218.6 217.6 217 213.5 209.5 202.6 194.9 192 186.6 179.7 174.3 174.3 174.3 175.7 183.3 189 201.4 212.6 220.9 226.2 223.4 228.5 230.5 231
65.2 58.9 57.6 68 77.4 82 88.7 92.8 102.7 107.3 103.5 112.3 124.7 139.5 159.2 184 185 171.3 165.8 164.3 157 156.3 153.2 157.9 156.5 151.3 162.6 160.4 155.8 145.9 133.4 131 129.6 133.3 147.6 157.8 169.3 179.8 196.6 210.9 216.5 226.7 235.6 234.9 230.2 238.2 246.1 249 251.6 252.1 252 244.3 241.6 240.5 233 229.6 224.7 222 219.8 216.5 212 210 210.9 204.8 197.3 192.9 186.7 177.1 174.3 174.3 174.3 175.7 181.3 186.9 198.2 210.5 221.1 222.9 219 226.3 229.5 230.5
82.7 68.9 69.3 72.1 81.7 92.8 94.1 98.1 104.9 112 106.9 112.5 131.3 148.8 166.5 179.8 189.5 188.3 189.4 200.2 183.2 186 181.5 188.3 178.8 165.1 168.6 167.3 164.9 157.8 140 137.7 136.4 137.1 151.8 164.9 174.2 183.2 195.4 213.3 225.3 230.7 242 244.1 234.8 237.1 243.7 251.6 254.7 257.2 254.3 246.8 242.7 237.6 234.3 230.6 226.2 224 221.7 217.4 211.9 210.5 210.3 208.7 199.5 200.1 198.7 180 174.3 174.3 174.3 177.9 180.9 184 194.1 205.4 214.5 217.9 218.9 222.3 226 228.8
98 81.5 90.5 91.7 99.4 107.8 100.5 104.2 110.8 110.6 110.7 114.5 137.2 157.9 171.5 181.9 197 203 200.8 206.5 205.8 197.4 195.3 194.7 190.1 180.6 176.5 178.6 175.7 169.3 155.3 144.7 147.1 144.7 155.7 172.3 184.6 192.8 199.7 214.8 227 235.6 241.1 246.4 239.4 241.3 248 252.5 257.7 257.2 253 248.7 243 240 234.2 231.6 228.5 226.2 224.5 221.3 214.5 206.9 201.1 200 199.2 200.4 197.2 183.4 177.4 179.9 180.9 180.2 181.1 183.2 190.4 200.8 208.3 211.6 216.2 219.9 224.6 227.5
112.1 102.9 111.8 113 121.9 120.2 111.8 117.3 115.1 117.7 120.2 121.5 137.8 156.2 170 179.2 194.9 205.6 205.4 202.6 208.5 208 198.9 200.5 199 193 189.1 190.4 183.9 181.6 170.2 158.4 157.9 157.5 165.2 178.8 191.1 199 207.6 214.8 234.8 240 248.3 248.3 245.3 246.9 250.5 249 253.3 257.2 252.6 247.3 242.1 238.4 233.9 236.2 233.5 228.8 229.6 226.1 217.8 203.5 192.8 192.8 197.1 192.7 187.7 182.9 180.9 180.9 180.9 180.5 181.4 183.4 187.9 196.5 202.6 207.8 212.7 217.5 220.5 220.8
127.2 117 134.6 129 129 137.7 128.5 124.8 127.2 127.5 136.9 139.9 146.9 165.2 178.6 181.9 190.7 204.7 210.6 204.1 205.8 210.9 204.2 203.8 208.7 204.9 205.7 201.7 189.8 184.5 176.7 173.6 170.6 166.7 178.3 182.4 194.7 204.6 214.1 220.5 229.3 242.8 249.3 250.2 249.9 250.2 250.5 248.7 252.6 254 249.3 246.2 241.4 236.7 237.6 238.6 236.5 229.8 230.1 224.8 214.9 203.7 194 188.7 190.9 190.4 186.8 183.5 181.3 181 180.7 179.7 179.8 182.8 186.8 191.5 198.2 205 208.2 214.1 216.5 218.6
143.4 135.8 146.5 145.3 137.9 151.3 142.3 132.2 132.3 136.2 147.8 158.2 158 172.9 191.3 197.5 190 192.9 199.8 202.8 209.2 214 213.3 211.6 210.7 214.1 218 218.5 204.3 192.6 187.6 186.6 182.5 178.6 181 187.6 198.8 207.5 214 214.2 221.5 239.6 248.8 249.5 249 256.3 253.8 247.5 249 249.6 247.8 244.5 240.5 239.5 238.7 236.8 234.6 232.3 227.6 220.9 208.3 203.3 195.5 184.8 190 188.1 184.4 182.5 181.8 181.3 179.3 178.5 176.7 179.3 183.7 188.4 193.1 199.9 205.4 208.6 211.3 213
158.4 150.3 156.6 152.9 148.3 150.6 150.4 138.1 137.7 151.8 159.1 178.3 173.4 182.4 192 199.3 194.4 193 195.8 203.7 211.3 216.3 221.1 220.9 214.6 218.3 219.2 218.5 211.7 203.7 201.1 202.6 200 195.2 191.2 191.6 192.6 199.1 203.2 208.1 217 232 244.6 249.5 253 261.8 250 249.5 242.1 239.9 247.3 241.8 239.8 239.5 237 235.2 233.8 231.7 227.3 214.5 207.2 202.6 193 182.8 185.9 183.2 179.7 180 180.9 179 175.8 173.4 172.6 175.5 179.3 183.9 186.2 192.2 198.1 203.1 204.3 207
177.7 166.5 167.4 159.6 157.9 161.2 167.9 155.1 153 163.9 175 185.9 185.5 180.4 196.5 201.3 202.7 195 194.9 200 212 222.4 231 232.1 228.3 225.9 224.5 219.7 217.3 208.7 211.6 211.7 212.5 208.3 201.8 194.9 192.9 190.9 195.1 200.1 212.7 226.4 240.9 249.8 251.2 251.9 248.7 245 239.5 236.4 238 238.2 240.7 237.9 235.2 233.5 232.2 231 227.2 211 204.2 199.5 191.5 179.5 178.8 178 176.9 178 178.3 174.4 169.7 168.7 168.6 171.7 174 176.3 181.1 185.4 188.7 194.4 195.2 197
196.3 191.7 181.2 180.9 173 183.3 176.3 175.5 176.3 180 190.8 193 199.7 188.3 193.9 200.3 208.6 204.3 201.1 208.5 212.7 221.7 229.8 234 235.1 233.9 230.9 225.6 220.9 216 211.8 214.4 212.2 209.9 201.8 197.4 193.2 190.7 188.5 193.8 208.3 219.4 235.6 249.3 249.6 244.5 240.9 239 237.7 235 235.6 238.8 240.9 238.1 234 230.8 228.7 227.6 224.7 212.1 200.3 194.6 188.2 178.6 171.2 174 172.8 170.5 169.8 167.6 164.1 161.9 164.4 166.8 169.3 170 175.7 179.2 183 184.4 184.9 184.5
198.4 201 192.2 187.3 185.1 192 189.4 182.3 190.7 199 199.7 202.8 204.9 199.9 197.7 201.1 209.7 213.8 209.6 216.7 225.2 234.1 235.7 240.7 242.1 237.3 234.4 229.1 223.2 218 212.7 211.6 210.9 205.1 199.5 195.3 191.2 188.4 187.3 188 201.8 208.4 224.8 241.7 237.8 236.2 234.9 235.5 234.5 234 235.6 238.7 240.6 235.9 230.9 226 222.7 220.7 220.9 210.6 199.2 191 183.2 176.1 169.6 170.7 170.2 167.9 162.8 160.3 157.1 155.9 159.5 162 164.5 165.4 169.1 171.2 172.4 174 175 173.2
197.9 200.5 193.3 192.6 193.5 203.8 202.2 196 188.8 198.6 208.2 209.9 212.3 210.7 204 203.3 215.9 219 225.7 226.7 239.2 248.8 247.1 249.1 250.8 245.9 233.3 229.3 224.6 219.2 213.4 209.5 206.4 201.1 197.7 191.6 190.5 185.2 187.4 188.3 193.1 203.9 218.2 238 236.9 229.8 230.6 231.5 231.7 230.9 232.8 236 235.6 228 224.9 221 217.1 212.2 210 202.6 194.9 185.9 178.5 175.8 169.9 168.8 167 164.4 160.2 154.4 149.8 150.6 154.6 157.1 158.2 159.7 159.7 161.3 163.5 165 167.1 166.8
193.3 194.5 186.3 187.2 197 217.8 217.4 207.8 200.1 201.6 210.4 216.6 217.8 215.7 211.4 211.2 215.1 226.2 235.5 235.2 241.4 253 255.1 250.4 250.9 245.5 234.8 231.4 225.7 219.3 213.5 209.5 203 200.1 193.8 188.4 190.2 185 182.8 183.4 185 201.6 217.9 229.9 233 223.1 221.7 222.9 227.9 229.6 231.3 227.3 224.6 219.1 217.5 212.5 209.2 205.9 201.7 196.8 190.4 180.7 174.8 170.9 168.3 163.9 162.8 159.7 156.6 152.5 149 146 150.4 150.5 152.4 153.1 152.4 151.1 153.8 157.4 158.6 158.5
183.4 184.2 176.1 174.1 194.9 215.3 221.7 217.8 219.7 209.8 209.7 220.7 220.3 219 219 222.1 222 238.2 244.7 242.9 238.3 248.5 251.4 252 248.5 243.3 238 234.7 230.7 222.1 213.9 206.6 200.9 198.4 191.2 184.2 188.2 188.2 176.8 178.6 180.3 192.7 209.4 222.8 221.5 216.2 214.1 215.9 218.1 221.9 220.2 215.6 214.2 209.9 211.8 208.5 205.9 201.2 193.7 189.3 185.9 179.1 173.6 169.4 165.6 160.1 158.7 155.5 152.4 149.3 144.9 139.2 140.9 140.2 142.8 144.7 146.6 144.4 148.9 151.7 148.8 145.8
174.6 170.9 166.6 167.9 180.3 203.5 219.1 225.3 231.1 231 215.2 217.5 220.6 220.9 227.1 231.9 229.6 226.7 246.1 250.9 245.9 249.5 249.1 249.2 249.3 244.7 238.4 232.5 228.6 222.8 216.1 209 199.5 190.3 187.3 181.7 180 180.1 172 174.5 175.9 183.3 199.7 217 218.4 213.3 209.2 210.1 214 219.6 219.3 215.7 208.2 201.2 201.9 202.4 201.6 199.5 195 190 182.7 178.7 173.8 169 164.3 157 153.5 151.5 148.9 145.4 141.3 132.8 134.6 135.8 135.2 134.1 138.1 138.1 139.7 141.9 137.4 136.3
171.8 166.4 165.9 165.9 169.3 189.6 208.1 226.5 229.1 231.6 222.5 215.7 219.4 220.3 227.9 239.6 239.7 233.1 241.2 254.5 257.5 250.2 250.2 250 249.3 245.5 240.8 236.9 231.3 225.8 219.6 209.9 198.3 185.3 180.4 176.8 172.4 171.5 165.3 170.8 171 176.3 197.4 219.2 221.3 216.4 210.3 206.6 210.9 218 219.6 214.1 205.4 197.6 194.9 197.2 198.1 199 194.9 187.6 176.7 172.8 171.1 165.9 160.7 153.4 150.7 149.5 148.5 143.6 138.4 133 129.1 131.1 129.4 127.6 128.4 131.4 132.1 131.9 129 127.3
167.7 165.9 165.9 165.9 165.9 176.5 197.2 219.2 231 228.1 220.8 213.5 211.2 211.2 217.4 231.8 241.3 238 233.2 247.4 261.8 258.2 251.7 251.2 249.7 248.7 247.1 240.5 234.5 228.3 219.5 210.5 199 185.2 174.7 170.2 165.2 164.5 159.7 162.5 165.5 175.6 196.9 215.5 222.9 219.9 211.4 202.3 204 207.4 207.1 201.4 194.3 187.8 188.5 190.7 188.4 189.9 189.1 184.6 176.4 169 164.3 159.8 153.8 150.3 147.9 145.5 144.4 139.1 134.2 129.3 125.3 126.5 123.4 119.7 120.7 122.8 124.7 124 120 119.7
166.5 165.9 165.9 165.9 165.9 170.1 187.8 208.3 224.3 220.7 214.6 208.3 203.1 202.1 202.4 218 236.5 238.3 235.8 237.3 247.2 254 248.2 250.4 252.9 248.3 250.4 243.7 237 228.1 219.6 211.3 195.3 181.7 175 170.5 162 158.2 155.2 156 161 173.7 193.2 212.7 222 221.7 207.5 195.7 195 195.1 194.2 189.1 181.1 178.4 179.7 178.8 177.5 178.3 181.3 176.5 169.4 163.9 158.7 153.7 150.8 147.4 143.3 139.7 138.9 133.8 128.6 123.7 121.9 120.5 118.5 114.2 114.1 115.9 116.5 116.1 111.7 112.1
167.6 165.9 165.9 166.6 170.8 170.3 178.8 195.6 221.1 223.1 211.4 202.1 196.2 195.3 201 208.1 227.5 246.9 240.9 241.9 246.3 253.1 250 248.4 250.7 250.7 244 244.6 231.2 222.3 215.2 206.1 192 178.7 173 167.5 162.2 155.7 150.6 148.2 156.1 168.2 184.2 199.4 213 214.9 203.1 192.4 186.6 185.1 182.2 175.7 167.5 169.4 168.4 166.4 164.8 164.3 165.9 164.2 162.3 158.3 153.2 149.7 148.4 143.4 139.3 135.1 132.4 128.1 123.1 120.5 118.5 114.8 112.2 110.7 110.7 110.3 112.3 109.1 104.6 100
168.8 165.9 165.9 168.4 174.7 172.8 176.7 190.6 204.3 216.4 207.4 197.3 190.3 192.4 202 208.1 217.8 240.4 247.6 250.8 250.1 252 250.2 248.2 250.6 245.9 235.6 230.1 220.7 211.8 202.7 198.6 190.1 177 169.4 163.9 157.2 150.8 146.2 143.5 143.5 154.6 169.2 182.9 192.8 195.6 192.5 184.8 177.4 168.3 163.7 158 155.9 158.3 159.8 157.4 154 150 146.5 145 150.1 151 148.5 144 144.4 140 134.7 130.6 125.7 119.4 114.3 114.3 111.6 109.1 110.1 107.9 105.3 106.8 106.5 103.4 98.3 96.6
169.9 166.5 165.9 167.2 171.6 176.5 178.4 188.8 195 201.7 204.6 197.8 188.5 193.6 208.9 210.1 212 229.8 245 255.9 258.3 251 253.2 252 249.9 246.4 239.5 224.5 212.1 202.1 190.8 185.7 180.2 173.5 165.6 158.4 151.8 145.8 141.3 139.1 137.6 142.7 152.8 164.1 174.6 177.5 174.2 171.9 166.5 155.7 148.6 145.7 145.4 147.2 149.9 151.2 146.7 141.2 130.8 131.6 127.7 134.8 139.8 138.9 139.1 137.3 130.1 125.5 120.2 117.1 108.7 110.3 110.6 107.2 105.9 103.4 100.5 100.2 98.5 97.7 93.7 91.9
175.3 168.8 165.9 165.9 170.5 174.2 179.1 189.4 193.7 197.6 197.1 193.5 188 188.5 205.7 215.9 211.7 217.9 227.7 239.4 249.4 249.3 256.5 255.9 246.4 244.2 241.5 226.7 207.4 192.4 180.2 168.7 170.3 163.9 159.2 152 145.8 140.1 136.7 134.9 131.9 135.6 142.6 152.2 162.5 161.3 153.6 151.9 151.4 145.4 139.7 138 136.2 138.3 142.1 142 138.8 133.3 124.6 120.9 117.5 121.4 132.7 134.5 132 128.6 125.1 120.5 118.2 113.7 108.5 106.8 105.4 101.8 101.5 100.4 98.7 96.9 95 91.7 90.1 88.8
179.6 171.5 165.9 165.9 168.7 175 179.1 186.6 193.9 199.8 194.8 188.8 183.9 186.6 198.8 207.3 211.7 212.5 214.1 221.5 227.9 239.4 249.5 252.4 244.8 242.2 233.6 220.1 204.8 183.4 172 163.8 158.3 154.5 150.8 143.7 138.4 133.2 130.8 130.6 130.2 132.8 138.8 144.2 150.1 149.5 147 142.8 142.1 138.2 133.2 131.6 130.8 132.7 135.3 133.3 130.3 124 117.7 111.8 116.6 111 120.6 126.7 127.9 121.3 117.6 116.8 113.5 109.5 102.9 100.3 101 100.7 100 97.5 95.7 95.6 92.9 89.6 88.1 89.2
176.8 170.6 165.9 165.9 170.1 176.7 180.2 185.9 192.4 198.3 195.1 187 181.3 180.7 186.4 195 204.9 210.5 208.5 208.6 211.5 219.1 231.9 239 233.9 233.8 226.8 214.1 198.7 181.3 167 159.5 152 146.5 142 135.8 131 127.7 126.5 126.3 131 132.3 136.3 139.1 142.9 143.8 140.6 134.7 132.6 129.5 126.7 125.9 126.3 127.1 127.3 125.4 121.1 116.2 115.2 107.7 111.8 106 109 113.4 120.5 116 112.6 110.8 108.2 104.5 100.9 98.2 97.4 98.5 96.9 94.5 92 93.1 93.5 90.3 87.5 89.3
173.7 169.8 165.9 165.9 173.9 178.8 180.6 190 196.6 199.8 192.1 187 179.7 175.6 178.6 184.2 196.8 203.6 201 198 201.8 207 211 218.3 215.4 215.1 214.3 205.6 191.3 177.8 164.9 156.2 147.1 140.7 134.2 130.1 126.2 123.4 122 119.7 126.2 131 131.8 134.4 136.6 136.5 132.1 129.6 128 125.9 122.5 122.1 120.6 120.8 119.7 116.6 111.8 108.3 103.8 102.1 101.7 103.2 99.4 99.3 101.5 100.7 100.1 104.1 101.5 100.5 100 92.6 91.3 95.7 94.8 93.8 92.2 87.6 88.5 87.9 87.4 91
170.6 167.9 166.5 165.9 172.1 179.2 180 186.6 191 196.1 186.6 180.8 175.9 170.5 169.9 175.1 184.3 192.1 190.1 184.7 188.5 191.4 194.3 199.6 204.5 202.9 199.8 194.3 182.4 173.5 164.6 156.3 143.8 138.2 132.5 127.3 121.8 118.5 116.8 117.9 121.4 125.7 127.5 128.7 129.8 127.5 124.6 125.2 123.4 121.3 119.3 117.9 114.6 114.2 113 109 102.3 99.1 94.9 97.1 101.1 97.4 93.9 92.9 92.7 88 85.6 89.8 93.6 90.5 91.6 87.6 88.2 92.1 91.5 90.5 89.1 84 83.6 83.7 86.1 89.5
166.1 164.8 165.8 166.9 169.8 177.4 179.6 180.5 180 181.5 178.3 173.9 168.7 163.6 164.1 170.2 176.3 182.2 183.9 179.8 182.5 181 178.9 186.4 196.5 195.3 184.5 180.5 177 170.1 161.2 153.1 142.3 134.7 130.4 123.5 117.8 112.3 110.4 111.9 116.3 120.3 123.3 123.9 123.1 121 119.5 120.8 118.8 116.7 115 114.6 109.8 106.6 103.9 99.3 94.8 96.7 94 95.5 100.4 97.5 88.2 86.7 85.4 83.7 79.8 76.6 78.7 77.2 81 84.4 76.7 84.3 87.6 83.4 84 81.9 82.2 82.6 86.2 90.5
165.2 166.7 167.3 168.7 169.1 174.5 182.1 182.8 177.9 179.1 169.1 167.5 162 158.1 158.9 163.4 168.9 173.6 176.7 174.8 177.4 181.4 176.6 171.4 176.5 182.9 180 173.4 167.2 161.9 155.6 147.5 138.1 129.7 127.3 121 113.4 108.1 101.3 105.9 109.2 112.9 118.2 118.2 116.2 113.8 114.9 115.5 113.6 111.6 111.8 109.7 103.1 100 104.7 99.9 91.5 89.9 90 87.3 94.4 90.9 82.4 79.2 74 75.6 74.7 72.1 70.2 68.8 72.8 78.1 74.2 75.1 78.3 76.8 79.3 79.8 80.4 81.5 84.2 87
164.1 166.2 170.6 169.6 169.7 169.1 178.2 185.2 173.7 172.4 167 162.6 158.4 155 153.6 156.9 161.8 167.3 170.9 170.4 167.4 168.9 168.3 164.5 166.1 173.6 172.7 168.9 163.2 157.8 150.8 141.4 132.5 122 121.1 115.8 110.3 102.9 96.7 101.3 105.3 104.3 110.7 112 107.3 110 109.7 109 108 106.3 106.1 102.1 93.9 100.2 100.8 97.5 89.2 86.1 83.8 82.2 85.5 86.5 81.4 77.6 71.8 67.2 66.9 68.9 66.7 64 67.1 67.8 77 65.8 74 75.5 77.7 80.7 80.2 80.3 81.5 84.5
160.2 161.4 171.4 173.5 171.1 169.4 173.5 179.5 175.8 167.9 163.8 159.6 156.5 151.5 149 150.5 155.8 163.2 161.8 162.2 161.7 159.6 159.7 158.1 165.1 175.5 179.6 169.6 160.6 154.7 147.4 137.3 127.5 119.7 115.9 112.7 110.9 103.9 90.1 95.6 101.8 99.6 102.8 105.9 105.2 107.5 103.2 100.9 101.3 98.4 93.4 90 83.9 89.9 90.1 90.8 89.1 84.9 82.6 80.6 77.4 78.6 78.9 70.6 68.8 67.3 63.6 68.3 68.4 64.5 61.7 62.7 63.1 64.5 71.2 74.5 76.8 77.9 77.5 77.8 79.3 81.3
166.1 159.4 172.4 178.8 174.8 170.2 166.3 167.7 166 160.7 157.6 157.3 153.6 149.5 148.6 148.1 151.4 159.9 158.4 153.4 153 152.2 151.3 155 163 173.2 178.2 170 160.6 151.1 146.3 139.7 131.2 121.7 110.5 110 109.3 102.8 88.7 88.9 94.5 93.4 94.3 97.8 98.5 95.9 93 90 91.4 88.3 83.4 77.6 77.3 78 79.1 80.9 82 80.4 81.3 78.7 72.7 73.5 71.2 67.7 65.2 65.1 64 62.9 64.8 61.7 58.1 58.9 58.1 65.2 68.8 71.3 73.3 73.9 72.2 72.8 73.9 76.3
167.1 150.2 164.5 175.1 171.8 169.8 161.5 157.7 159.4 151.8 152 152.4 150.6 149.8 146 143.2 147.5 158.6 160 151 142.3 142.1 146.2 152.8 162.7 171.1 170.3 164.4 159.5 149.6 150 143.9 135.5 127.5 113.6 98.9 101.2 97.3 85 81 85.7 88.2 88.7 90.7 89.2 84.9 81.5 79.4 81.2 77.2 72.9 67.6 69.5 74.4 76.5 77.2 75.4 72.9 71.5 72.3 68 67.4 67.7 69 62.2 62.4 61.1 60 62.4 61.6 58.9 57.7 63.1 69.3 67.4 66.2 66.1 70.1 71.4 75.4 80.6 82.7
159.5 157.5 150.7 169 166.9 159.2 153.9 151 147.5 147.1 147.2 147.3 147.7 146.9 141.8 139.4 141.5 146.9 154.4 151.1 142.1 137.8 141.2 146.1 157.6 168.6 168.5 155.4 158.9 148.7 147.1 138.5 132.6 130.2 116.5 102.4 90.2 87.1 78.1 70.5 78.3 79.3 83 82.2 80 76.2 73.6 72.1 70.2 66.7 62.6 62 70.4 71.2 73 72.8 71.2 69 66.7 65.2 63.6 62.5 62 63.1 60.1 59.7 57.1 58.7 58.7 57.7 57.1 52.9 61.9 66.1 68.8 64.9 66.7 70.5 71.5 75.7 79.1 79.6
