data/NG72.asc
ncols 200
nrows 200
xllcorner 170000
yllcorner 820000
cellsize 50
[rows 111 to 147 of 200, columns 0 to 82 of 200]
30.9 31 31 30.5 29.4 31.5 34.3 38.6 42.5 47.5 51.3 54 56.5 57.1 56.2 59.5 62.8 64.7 61.2 65.1 70.2 70.7 69.8 69.4 70.7 73.3 75.2 74.2 74.2 72.7 69.5 67.4 69.3 66 70.5 75.1 79 83.1 88.5 92.1 95.5 100.1 105.3 109.5 115.3 120.5 121.5 121.8 127.4 123.4 116.1 107.8 103.6 100.5 99.6 97.4 93.6 92.4 91.5 90.3 86.7 90.5 91.3 91.9 88.3 83.9 86.8 89.9 94.6 93.9 106.3 107.8 110.1 106.8 102 106.8 112.5 118 116.4 116.8 119 121.1 119.1
31.6 31.6 30.4 30.1 31.7 34.7 37.6 42.6 48 51.8 55.1 58.6 59.3 59.4 63.7 67.9 70.7 72 70.6 73 76.3 78.1 79.6 76.7 79 79.5 80.4 81 79.9 79 74.5 74.8 72.6 70.3 74.4 79.5 85 90.4 95.3 98.8 101.1 105.4 109.7 115.7 120.4 121.2 121.4 121.4 120.8 117.5 112.8 106.1 101.1 98 97.5 96.2 95.8 92.6 92 92.5 98.1 105.9 106.7 103.1 97.6 91.3 90.4 95 103.4 100.3 111.3 111.3 112.2 108.7 111 117.8 124.6 131 129.1 125.6 130.9 134 134.1
31.8 32.7 33.5 33.1 34.6 37.8 41 46.8 51.8 54.8 57.9 60.2 61 64.8 68.4 73.9 80.3 80.1 79.7 79.9 81.8 82.6 81.7 81.9 83.7 84.1 84.5 85 83.8 83 82.5 84.5 78 73.3 79.4 85.1 90.6 95.8 99.8 104.6 107.1 110.8 114.2 120.2 121.1 119.9 118.2 118.6 116.7 112.7 108.1 102.8 100.5 97.8 98.1 100.4 101.9 103.4 104.6 110.8 115.7 121.2 117.1 111.6 106.4 99 97.5 106.8 108.7 110.3 109.6 113.6 114.2 111.7 118.6 125.3 132.8 137.4 137.6 136.2 144.1 145 142.7
33 34.6 34.7 35.6 39.8 41.4 43.1 48.1 55 59 60 60.8 65.5 70.4 73.8 78.1 82.2 84.1 84.7 85.1 85.6 85.8 85.1 86.1 88.4 88.8 89 88.8 87.9 90.3 89.7 90.4 84.9 79 79.3 90.4 96.1 99.9 102.1 106.8 110.9 111.2 115.3 120.3 115 111 108.9 104.8 107.9 108.3 105.3 104.2 102.7 102.6 103.8 107.1 109.5 113 117.6 122.5 131.5 132 129.4 130.5 119 110.3 102.8 112.3 114.8 116.5 114.8 119.1 119.4 119.5 123.6 131.5 136.7 139.9 142.3 144.2 151 151 148.5
35.8 39.2 37.5 35.5 39 41.6 45.1 49.2 56.4 60 61.3 64.4 69.5 75.5 79.8 82.4 85.4 87.3 87.3 87.7 88.6 89.8 88.6 91.7 94.3 94.3 93.6 91.8 92.5 93.7 94.4 93.2 91.6 90.8 83.2 98.8 101.1 101.1 102.6 106.2 109.7 109 109.4 111.1 109.2 109 105.9 105.5 110.4 107.9 106.2 105.7 107.6 109 110.1 114.2 117.9 121.7 125.7 131.9 139.7 137.7 136.2 140.4 128.1 120.6 109.9 117.3 121.7 122.9 120.6 121.7 124.2 125.8 127.7 135.6 140.7 142.8 145.4 148.9 151.8 151.9 151.2
36.7 39.7 39.1 37.1 40.2 44.1 47.4 50.4 57.6 59.7 62.5 67.9 73.1 80.1 83.6 86.2 88 89.8 90 91 92.5 94.1 96.1 98.7 99.7 99.7 98.6 98.3 98.2 97 96.9 96.4 95.4 91.1 82.9 96 101.3 101.1 101 102.2 103.9 105.5 105.4 106.7 106.6 108.7 109.9 113.3 111.6 109.7 110.3 111.3 112.7 114.7 118.1 122.2 126.4 130.2 133.8 136.7 140 140.8 141 140.7 132.7 127 117.7 123.8 128.4 128.5 128.9 131.6 132.9 136 139.4 140.7 143.7 146.2 148.8 151.6 154.2 156.2 156.5
21.8 37.4 39 41.8 38.1 47.4 50.2 51 55.6 60.2 64.2 68.3 76.2 82.6 87 89.3 91.3 93.3 93.6 94.4 97.1 100.3 102.3 103.3 104 104.2 103.8 104.6 104.4 101.3 99.7 99.1 98.5 94.4 89 92 98.5 99.6 100.4 99.2 99.7 100.2 99.9 104.1 109.2 109.8 110.7 111.3 110.5 113.9 114.7 117 119 121.7 125.5 131.1 134.2 137.2 138.1 139.9 144.8 144.5 144.1 144 138.5 131.1 118.7 128.4 132.5 135.1 138 141.2 142.2 142.2 144.1 145.6 147.7 149.6 152.5 155.7 158.1 161 168.1
36.4 23.1 39.5 43.2 45.8 40.9 49.2 52.6 58 64.7 70.1 73.3 79.9 85 89.2 92.7 95.8 97.1 97.2 98.2 99.7 101.6 103.7 105.3 107 108.6 109.1 110.8 110.5 105.4 100.7 100.9 101.1 97.9 91 90.5 91.2 96.3 97.6 99.2 101.7 101.9 103.7 108.7 113.3 109.1 111.4 115.5 119.3 121.8 124.1 124.4 125.2 128.1 134.4 141.8 145.2 143.3 140.6 147.1 150.9 149.6 150.3 149.3 148.1 134.7 125.2 134.5 139.9 143 145.9 148.9 150.2 150.6 151.8 151 154.2 158.5 161 163.3 166.9 172.1 176.3
39.5 40.1 27 44.3 47 47.6 46.9 54.4 61.1 67.8 72.9 76.9 82.3 87.4 91.5 95.1 98.3 99.7 99.8 100.2 100.2 102.5 104.6 106.5 108.3 109.7 110.3 110.4 108 103.5 99.5 99 98.5 96 92.1 92.4 95.8 100 102.5 104.6 108.1 109.1 111.6 115.7 117 118.5 122.7 125.7 129.1 131.3 133.6 134.4 134.7 136.6 143.8 151 151 149.6 148.8 154.7 159.9 157.3 161.9 163.2 159.3 145.2 129.5 138.4 146.4 151.1 153.6 156.1 157.9 159.5 160.5 158.9 161 165.5 169.3 173.2 177.9 182.1 184
43.3 43.4 43.8 30.7 45.9 49 49.6 54.3 62.3 70.2 75.4 79.7 84.9 90.2 94 97.3 99.8 101.1 101.1 101.1 101.1 100.8 103.2 106.5 109.1 110.3 110.1 107.5 104 100.5 98.1 96.5 96.4 96.2 99.7 102.6 105 106.4 108.2 109.5 112.9 116.1 119.3 122.6 126.6 132.2 136.9 140.6 140.7 140.6 141.5 141 143.6 146.6 150.4 151.7 151.1 150.2 152.4 159.4 161.1 163.3 168.7 169.8 158.8 149.8 136.2 146.1 153 158.2 160.5 163 163.4 164.2 165.7 167 168.3 171.3 173.9 180.9 184.2 187.6 189.2
46.6 47 48.8 48 41.7 50.2 52.7 54.3 59.9 67.9 76.3 81.8 85.8 89.8 94.4 98.8 101.1 101.1 101.1 101.1 101.1 101.1 100.4 103.1 106.3 106.9 108.3 104.6 100.1 99.5 98.9 98.7 102.5 103.2 105.8 109.8 111.6 111.3 114.3 117.5 120.9 124.6 127.5 131.8 136.8 142.1 148.5 152.2 150.2 148.5 146.7 147.8 150.2 151.9 153.7 153.9 152.9 152.8 155.3 159.2 159.8 164.5 170.2 166.8 159.7 152.7 144.2 153.6 161.5 166.1 167.4 168.1 167.9 168.7 169.8 171.8 173.7 174.7 177.9 180 180.4 184.1 189.1
49.3 50 51.8 55.7 52.6 42.6 49.2 54.8 58 65.7 74.1 82.6 86.7 90 94.7 99.4 101.1 101.1 101.1 101.1 101.1 101.1 100.9 99.9 100.5 100.3 101.3 101.8 100.9 101 102.4 105 109.6 111.3 109.7 111.4 117.6 120.1 123 125.8 130 133.5 137.1 141.5 146.3 149.5 154 156 155 153.6 152 153.3 154 154.8 156.2 156.1 155 156.3 158.8 158.6 159.6 165.3 170.4 166.3 158.7 152.7 144.5 163 169.4 174.8 174.2 172.4 172.7 172.7 174.3 176.5 177.1 175.7 178.7 179.6 181.4 187.4 193.4
48.1 51.5 56.5 60.8 57.9 53.5 42.6 48.5 55.9 63.3 71.5 79.6 86.6 90.1 93.9 97.2 101.1 101.1 101.1 100.8 99.1 97.1 96.5 96.8 103.1 105.9 107.5 108 108.8 108.4 109.5 110.4 111.8 118 118.6 122 126.9 128.6 131 134.3 138.3 142.5 146.6 150.4 153.9 156.6 158.8 159.4 159.7 158.4 159.2 159.9 158.1 157.7 159 159.7 158.2 158.5 160.2 160 162.7 166.7 170.2 162.1 155.5 150.1 155.3 164.5 171.5 172.8 174.9 174.9 175.7 176.8 179.2 181.5 183 179.7 183 186.8 190.1 194.9 200.9
50.4 50.5 57 60.8 62 57.8 53.3 40.1 45.3 58.1 68 78.3 83.5 87.4 90.2 92.5 93.5 93.2 92.2 90.1 89.1 92.9 100 105.8 112.6 116.6 119.6 120.2 121.9 121.6 118.7 116.1 115 120.2 129.2 131.2 134 135.6 137.8 141.6 146.1 150.3 155.8 160.6 165.8 165.7 167.8 169.5 167.9 166.5 170.8 168.5 164.2 161.5 163 164.7 164.4 164.3 165.8 165.2 169.1 168.5 162.7 163 155.2 156.1 159.6 164.8 170.1 173.8 177.7 177.9 179.3 181.2 183.5 185 184.7 186.8 191.8 195.9 197.4 204.6 210.9
53.8 52.2 56.1 62.2 65 61.1 56.9 51.4 42.4 54.8 65.9 75.2 78.2 81.1 83.4 85.4 87.7 88.9 88.3 93.1 96.5 101.6 109.4 113.4 119.8 124.5 126.7 127.2 129 130.5 129.2 125.5 124.3 129.1 129.5 134.7 138.2 139.8 142.3 147.9 153.6 158.1 166.5 169.7 172.4 173.3 172.8 172.1 172.2 172.1 173.7 172.7 168.4 170.8 169.6 170.2 170.5 171 172.8 173 176.7 169.1 169.1 170 158.2 169.8 165.7 170.1 174.8 179 180.6 181.9 183.7 185.7 187.6 189.1 190.6 196 200.6 204.7 206.2 213.3 220.7
56.1 56.8 54.6 61.2 64.9 62.8 57.8 53 44.1 51.3 61.7 70.3 69.9 72.3 79.8 91.6 97.1 96.5 96.2 100.6 104.2 109.1 114.6 118.7 121.7 128.8 131.9 132.4 135.2 136.7 135.4 132.2 133.1 135.7 137.8 139 138.9 140.4 145.8 152.1 158.4 165.6 170.3 172.4 175.4 175.6 174.3 175.2 176.5 174.9 176.5 175.4 177.4 180.1 178.9 177.5 175.8 177 180.2 179.3 174.8 177.1 178.8 175.5 164.6 172.6 173.7 174.3 179.3 185.1 188.3 188.4 188.7 190 191.6 193.4 195.1 200.8 206.5 210.9 216.3 222.9 224.5
57.4 58.4 56.6 59.4 61.2 60.1 56.8 51.9 45.2 50.8 56.4 61.8 66.5 73.6 84.2 98.3 101.1 101 101.6 105.6 109.4 114.2 119.5 123.7 126.7 130.6 136.4 140.7 141.1 140 140.3 137.7 139.5 141.2 141.5 140.3 140.3 142.4 149.4 153.4 160.5 169.3 170.9 173.4 176.1 173.9 176.4 180.9 179 177.9 179.1 180.5 183.6 188.2 185.5 182.8 180.6 181.9 180.9 182 182.8 185 184.6 176.5 171.4 178.1 181.2 180.5 184.8 190.9 190.6 190.7 192 194.6 197 198.4 197.3 204.4 214.1 222.5 230.4 232.4 229.6
60.1 59.9 59 58.7 59.4 59.1 53.6 47 49.9 57.5 64.6 68.1 69 79.7 89.3 95.8 99.6 100.4 105.1 109 114.1 119.2 122.5 127 131 135.2 139.9 142.3 143.9 143.7 142.3 141.8 143.1 144.4 145.4 144.7 146.4 150.1 150.3 155.2 163.9 171.1 171.2 172.6 174 177.8 181.2 180.7 181.4 182.4 183.6 184.9 186.9 190.9 190.1 188.1 186.4 185.6 184.9 191 191.2 190.2 188.3 178.1 181.8 187.1 184.1 185.4 185.6 190.1 191.8 193.8 195.8 198.9 203.6 206.3 211.3 208 216.7 227.8 235.7 237.7 244.8
61.7 62 62.1 62.8 62.9 62.3 60.1 51.6 57 64.9 72.5 74.5 71.8 85 90.1 93.4 97.9 100.4 105.5 110.4 116.8 121.3 124.8 128.9 135.8 140.2 143.1 145 146.1 145.9 144.9 144.7 145.4 146.5 147.2 149.3 151.3 154.7 159.4 163.8 164.1 169.2 169.8 171.9 176.1 179.6 183 184 185.7 186.9 188 188.8 189.6 192.3 194.2 192 190 189.3 190.7 193.8 193.8 191.8 191.1 190.1 181.9 188.7 188.2 188.8 190.4 191.3 194.3 197.5 200.7 206.5 212.6 218 222.5 214.6 221 231.8 241.9 253.3 259.9
64.7 65.8 67 68.3 69 66.9 64.6 62.4 54.3 69.4 78 81.3 81.8 79.3 91.3 95.6 99.4 102.3 106.3 110.4 116.3 121.4 126.4 132.2 139.1 142.9 145 146.7 147.4 147.1 146.7 147.6 148.1 148.8 150.9 153.1 155.8 159.4 164.6 166.7 164.9 167.2 170.5 173.1 177.8 182 185 188 189.9 190.8 191.5 191.6 193.5 197.2 199.4 196.1 193.8 198.8 197 194.9 193.1 190.9 189.9 190.7 188.9 187.4 189.9 191.2 193.8 195.4 197.9 202.5 209.1 215.3 221.4 224.9 226.6 226.4 232.8 244.9 253.9 258.9 268.4
69.6 71.6 72.4 72.7 72.9 72.7 70.4 69.5 61.8 68.6 78.2 83.8 88.3 84.2 89.2 95.6 101.3 106.4 105.8 110.4 119.4 123.4 129.8 136 140.8 144.8 146.7 148.4 148.3 148.4 148.4 149.7 150.7 151.7 154.3 156.8 159.8 161.4 163.5 165.4 169 173.2 176.8 178 179.5 184.5 188.3 190.1 192.6 193.6 194.2 194.7 197.5 200.4 199.9 198.5 199.8 199.3 198.7 196.7 194.7 193.1 191.4 192.9 195.7 193.2 191.7 193.9 196.5 199.3 202.8 207.6 214.8 221.1 223.8 228.6 232.4 235.6 241.7 247.4 252.4 258.6 266.8
75.8 78 76.9 76.8 76.7 77.3 77.1 76.5 70.8 60.4 75.8 82.4 87.9 89.4 91.8 94 97.2 100.6 107.7 108.8 119.4 125.3 131.8 138.1 143 146.8 150 149.9 149.2 149.1 149.5 150.3 152.2 155.4 157.7 160.4 160.8 163.5 165.3 167.7 172 176.4 181.1 181.9 181.5 185.8 188.9 191.9 194.3 195.3 196.7 196.3 199.2 198.9 200.6 201.5 201.1 200.6 200.1 199.2 197.2 196 193.4 196.2 197.6 196.3 193.7 195 199.2 202.8 209.1 213.5 218.3 224.4 231.6 236.4 241.4 244.7 244.2 247.8 252.1 258 264.2
81.7 83.4 80.8 79.9 80.6 81.4 81.9 80.1 76.4 71.1 66.3 85.8 89 93 96.7 98.4 102 109.7 114.1 116.2 116.6 125.3 134.1 141.1 145.7 149.5 151 151 150.7 149.6 150.5 153.3 155.3 157.3 160.8 160.7 163.5 165.6 167.7 170.4 175.5 180.2 185.3 187.2 186 188.5 189.8 192.6 196.1 197.3 195.4 195.3 195.1 200.8 202.3 202.2 202 201.5 201 200.9 200.1 198.9 194.7 197.3 199.2 197.9 195.5 196.8 199.1 201 208.1 217 227.4 232.3 234.3 238.7 241.4 245.5 249.6 250.1 256.8 263.7 270.4
84.6 84.4 83.3 84 84.7 85.3 85.1 83.7 80.9 76.4 67.9 82.7 92.1 95.6 99.2 99.9 104.7 112.5 119.8 120.5 118.6 121.6 132.4 142.9 149 151.1 151.5 151.3 151.2 151.6 154 157.9 158 158.9 160.5 160 166.1 168.7 171.5 175.7 180.8 185.7 189.1 190.9 189.6 189.9 190.4 192.1 195.6 197.4 195.1 195.1 201.4 203.4 203.4 203.2 202.7 202.1 201.4 201.1 199.4 198.5 198.4 199.5 200.6 198.5 194.6 198.6 203.2 207.3 214.4 220.5 227.9 236 243.9 245.6 247.3 251.2 253.9 256.3 261.7 270.1 276.6
80.5 85 85.2 86.5 88.4 88.7 87.6 86.1 83 79.6 75.8 69.9 90.9 96.5 99.3 102.4 107.5 114 120.2 121.7 124.2 122.7 126.2 136.8 147.2 150.5 152.4 152.6 154.8 156.9 159.7 160.9 159.9 158.9 159.9 160.6 166.9 172.7 176.8 181.1 185.6 189.3 191.1 192.3 193.2 192.9 192.3 192.4 193.1 195 195.6 203.7 203.5 204.3 204.5 203.8 203.2 202.5 201.8 201.4 198.5 198.2 198.8 200.5 199.9 196.2 198.6 204 209.4 210.4 223.4 234.7 246.8 249.1 249 253.5 257.2 261.6 263.7 262.8 263.4 275.7 283
81.3 84.8 87.4 89.4 90.8 90.8 89.4 87.3 84.6 82.3 80.3 74.3 85.1 97.1 100.7 103.7 108.5 116 121.7 124.1 129.1 129.9 131.9 133.2 137.8 146.4 150.3 153.8 157.3 160 160.4 161.3 160.8 159.3 158.9 164.9 173.5 177.7 181.8 185.2 189.1 191.7 193.9 195.3 195.8 195.7 195.2 194.8 194.8 196.5 199.5 200.9 202.6 204.6 203.9 205.1 205.2 204.1 203 200.8 198.2 198.5 200.2 199.9 200.5 204.3 209 207.4 214.8 229 241.8 248.8 251.4 253.9 258.5 263.6 267.3 271.4 272.5 275.4 276.3 282.7 287.7
82.5 86.4 89.7 90.3 90.8 90.8 90.3 88.5 86.1 86.1 85.2 82.2 73.6 92.8 100.6 104.7 109.7 117.8 123.6 128.9 134.4 136.1 132.8 139.3 139.2 139.4 147.9 153 157.2 161.2 161.9 163 163.2 162.3 166.8 172.9 177.9 182.2 186.4 189.4 191.9 193.9 195.7 196.9 197.8 198.1 198 197.2 197.1 199.4 201.1 201.6 202.7 204.6 203.2 204 205.3 206.6 205.6 198.2 198.2 199.8 200.5 199.5 206.1 209.4 213.8 219.2 225.2 233 239.5 249.6 257 262.9 268.1 271 271.2 275.1 282.5 286.4 290.4 292.2 300.9
83.4 86.5 89.5 89.7 90.8 90.8 90.4 89.7 88.5 87.5 86.6 85.9 79.1 78.3 98.8 104.1 111.3 118.4 124.5 130.6 136.6 137.4 136.6 141.4 142.3 143.6 144.4 149.1 156.6 160.4 163.9 165 167.1 169 173.6 178.1 182.6 186.3 189.7 192.3 194.1 195.7 197.3 198.6 199.5 200.9 197.8 198.2 199.1 200.4 201.7 202.2 202.8 204.6 202.6 202.9 204.2 206 204.8 198.3 199.3 201.1 200.8 199.9 206.8 213.1 222.2 224.9 229.8 237.2 244.2 256.8 261.5 265.8 268.3 271.3 277.6 285.2 292.3 297.3 301.1 301.4 310
82.4 84.7 86.7 89.3 90.5 90.2 90.5 91 90 88.9 88.9 89.1 87.5 82.8 80.6 102.3 110.4 118.2 125.4 131.4 137.3 137.9 141.4 143.7 146 148.9 150 149 153 159.9 162.9 166.8 169.4 173.1 177.2 182.4 187.4 190.3 192.7 194.4 195.9 197.3 199 200.6 199.5 199.9 200.3 200.8 201 200.4 202 202.9 203.4 204.5 202.8 201.8 204.2 205.8 202.7 199.7 202 202.6 204.5 202.4 208.5 215.4 223.6 232.1 235.4 242.8 250.4 249.2 259 266.7 274.4 282.3 287.8 295.2 301.8 307.3 313.3 317.6 328
85.1 83 84.8 86.8 88.8 88.3 89 90.9 90.6 91.1 91.7 92.3 92.7 81.8 93.4 93.6 105.7 114.7 121.3 126.3 131.3 136.9 142.1 144.6 147.1 149.7 151 150.2 152.8 156.3 160.7 168.9 173.1 176.6 181.2 186.6 191.3 192.9 194.6 195.7 197.5 199.1 200.6 200.9 200.6 201.3 201.5 201.7 202.5 199.9 203 203.3 203.8 202.9 204.5 202.8 205.7 202.1 200 201.6 202.6 201.4 201.4 203 210 220 229.9 238.4 243.4 246.6 250.4 258.8 269.6 277.4 285.2 292.2 300.3 306.1 313.1 321.5 328.8 334.2 338.9
88.3 85.1 84.1 86 87.6 87.3 88.2 90.2 92 93.8 94.7 96.6 97.7 88.8 90 88 103.3 110.8 116.8 124.9 131.2 136.1 139.9 141.9 145.6 149.4 151.3 152 155.4 157.7 159.3 168.9 174.6 180.2 184.4 188.4 191.4 193.1 195.4 197.2 198.8 200.6 199.7 199.7 200.6 201.3 201.8 202.3 200.1 199.9 204.3 204.3 204.1 200.8 199.9 201.1 199.9 200.7 203 203.6 201.4 201.4 201.4 206.5 215.9 225.1 234.2 239.7 242 248.1 257.2 267 275.7 284.2 292.8 301.8 309.6 315.7 324 335.4 345.1 351.4 356.1
88.5 85.8 85.6 85.6 86.4 86.6 87.9 89.9 92.2 96.1 97.3 99 100.8 95.4 90.5 92.1 94.1 107.6 114.1 120.1 126.4 133.3 139.3 142.3 145.5 149.2 151.9 153.8 157.9 162.2 162.5 164.3 171.1 178.5 183.6 188.4 191.5 192.9 195.1 197.4 199.5 200.2 199.2 199.9 200.6 201.3 202.4 202.8 199.9 199.9 203.6 203.8 203.7 199.9 199.9 199.9 199.9 203.9 204.6 201.4 201.4 201.4 203.5 211.8 221.8 228.5 229 234 244.6 252.8 261.4 271.1 280.9 289.8 298.6 308.2 317.3 327.9 340.3 353.3 362.8 369.1 372.4
91.5 87.3 86.7 87.2 87.4 88.1 89.7 91.2 92.2 98.1 99.6 100.7 99.3 97.4 94.9 103.5 91.9 91.9 107.2 114.4 121.6 128.9 136.2 141.2 144.2 147.4 151.7 155.9 160.1 164.1 167.6 170.3 167.8 174.9 181.1 185.4 189.7 192 194.4 196.7 199 199.7 199.9 200.6 203 203.5 203.6 203 201.5 199.9 199.9 199.9 199.9 199.9 199.9 199.9 199.9 204.7 201.4 201.4 201.4 201.5 209.9 218.7 219.3 226.4 232.8 239.4 248 256.1 264.9 274.6 284.3 292.8 302.6 316.2 329.6 347.8 361.3 369.7 378.6 387.8 385.9
91 88.2 88.6 89.1 89.2 89.8 91.4 92.9 92.6 94.5 99.6 103.3 101.4 98.3 95.2 102.1 101.8 92.5 90.7 104.6 117.9 125.9 133 140 143.9 148.3 153.2 157.9 161.7 165.7 169.4 170.4 168.7 171.1 179.3 182.3 186.7 191.1 193.8 196.2 198.5 199.6 201.3 204.2 206.6 207.8 205.7 202.7 199.9 199.9 199.9 199.9 199.9 199.9 203 199.9 201.5 201.4 201.4 201.4 202.8 209.1 215.6 217.1 219.5 226.6 234.9 241.9 250.4 259.8 268.2 278.5 292.7 302.9 317.1 332.6 345.1 364.2 375.1 383.7 393.2 402.7 408.2
91.6 90.7 93.2 94.3 93.2 94.9 96.3 96 98.5 96 97.7 103.4 103.2 100 97.3 100.8 102.3 96.5 88.7 100.4 112.5 123.4 131.1 137.3 142.4 150.2 154.1 158.6 162.5 167.1 171.1 170.6 172.9 176.1 179.2 179.1 186.6 191.7 194.8 197.3 201.1 203.7 205.6 208.1 209.2 210.7 208.5 202.1 199.9 201.9 202.6 199.9 199.9 205.6 209.4 208 201.5 201.4 201.4 201.4 204.1 210.7 214.8 218.1 225.8 233.4 240.3 248 256.5 267.1 277.6 292 303.1 316.2 333.9 347.7 361.7 376.1 384.4 391.2 403.4 412.7 421.5
97.4 95.6 98.1 101.1 99.7 99.2 99.6 99.1 99.1 99.2 98.5 100.4 103.8 104.9 102.1 98 106.9 101.2 91.6 97.9 112.6 120.7 129 135.1 142.1 147.9 153.4 157.2 160.8 164.9 168.7 171.4 173.1 178.7 179.5 179.9 185.2 189.5 195.1 199.9 204.1 207.3 209.3 211.1 210.4 210.7 210 205.9 207.7 210.1 208 199.9 200.8 208.4 212.4 210 201.4 201.4 201.4 201.4 203.7 209.9 215.8 225.1 234 241.6 249.3 258.3 269.3 280.5 292.2 302.2 313.7 326.7 344.6 357.1 370.5 382.6 394.5 406.1 416.2 427.5 436.2
100.3 99.9 102.8 105.5 107.2 104.8 100.9 101.7 100.7 102.1 102.8 105 108.3 108.9 106.7 101.6 104.7 107.7 100.6 94 109.8 120.1 127.1 133.2 138.6 145.2 150.6 154.9 159.9 163.1 167 170.6 173.5 179.1 180.5 180.4 183.1 188.4 194.2 201.5 208.1 213 217.2 217.3 215 211.5 209.2 209.2 210.5 209.8 206.1 201.6 202 209.2 211.8 206.3 201.4 201.4 201.4 201.4 206.7 214.2 221.2 229.8 240.2 251.8 262.3 271.9 282.2 293.7 302.1 311.2 322.5 334.7 351.3 371.3 382.7 395.7 410.6 422.2 432.3 440.4 447.2
