data/NG75.asc
ncols 200
nrows 200
xllcorner 170000
yllcorner 850000
cellsize 50
[rows 35 to 69 of 200, columns 0 to 78 of 200]
2.7 0.4 5.8 11.2 14.3 15.1 16.3 18.6 12.1 2.4 20.8 26 25.4 30.2 28.6 22.3 19.3 21 21.4 22.1 27.5 33.6 40.1 50.4 57.2 62.7 65.3 68.3 67.5 69.1 78.2 84.6 85.9 82.7 79.6 85.6 97.7 100 94.1 90.4 90.7 91 91.8 106.8 111 109.5 110.3 110.5 107.6 101.9 99.5 95.9 95.6 95.6 97.8 120.4 119.3 119.1 119.1 116.3 115.4 111.8 111 100.7 91.5 88.8 95.8 101.1 95.6 91.4 78.7 78.4 79 80.3 83.3 79.1 83.7 73.8 64.2
2.7 2.6 6.2 11.8 14.8 13.8 16.7 21.9 15 5.7 18.6 26.7 26.5 24.7 24.7 29.1 22.5 23.3 21.7 22.2 22.6 27.2 37.4 46.9 54.7 59.3 64.4 66.7 64.3 69.9 76.5 78.2 80.5 78.9 78.1 83.2 97 94.8 91.3 90.9 91.7 85 88.8 100.8 107.1 109.8 109.6 110.1 104.2 102 99.3 96.6 95.6 95.6 95.6 98.9 107.7 122.5 119 118.3 116.1 112.4 110.8 105.2 94.8 93.7 102.6 102.9 100.7 95 79.8 78.8 79 86.9 89.2 90.8 98.6 98.9 72.5
2.7 5.8 8.9 12.8 14.2 15.7 15.6 14.2 10.5 6.3 16.7 23.3 26.5 27.3 31.3 27.4 24.9 23.3 22 22.3 22.7 23 31.7 43.2 49.6 56.5 61.7 61.5 63.6 72.5 76.7 74.3 76 76.5 75.9 86.2 93.8 90.7 89 88.3 87.1 88.8 88.8 90.3 100.4 105.4 109.2 109.5 103.7 102.2 101.7 99.4 95.6 95.6 95.6 95.6 106.4 120.2 119 120 116.8 112.6 110.4 109.4 99 101.3 108.1 106 101.4 94.4 81.1 80 83.9 91.6 98 101.4 103.4 99.4 75.4
4 6 9.7 14 19.6 18.9 15.8 14.3 13.8 6.7 14.3 19.8 26 28.6 32 26.2 24.2 23.9 23.1 22.8 22.6 23 26.7 34.6 46.2 53.5 56.4 56.4 60.3 70.8 71.3 69.9 72 73.4 74.4 82.8 89.4 87.9 86.2 86.1 87.4 88.8 88.8 90.6 99.1 106.3 109.2 104.5 102.9 102.7 103.2 101.6 96.9 95.7 95.6 95.6 108.8 122.4 123.7 122.3 115.9 111.7 108.9 105.4 99.4 99.7 106.9 106.5 100.4 91.5 85.1 83 88.4 97.7 99.3 100.4 101.6 96.1 77.3
3.9 6.4 10.1 13.2 16.2 15.2 14.7 16.8 4.1 6.8 14.2 20.3 28 30 29.1 32 26 25.6 24.2 23 23 23.2 23.9 28.9 37.6 48.4 53.1 52.9 56.7 59.8 64 66.1 67.8 69.7 72.2 76.6 79.8 82.4 84 85.3 84.9 88.8 85.2 92.5 101.8 109.7 104 102.3 103 103.1 103.1 102.5 97.1 95.7 95.6 95.6 105.4 128.3 132.3 129.1 118.7 112.8 108 101 99.1 99.6 100.1 101.3 100.4 88.8 89.7 89.7 96.8 99.1 99.3 99.4 98.8 92.8 76.4
1 5.2 9.3 12.7 14.9 15 16.3 6.6 7.8 8.9 13.6 19.8 29.4 39.9 31.7 34.4 31 31.3 35 26.2 24.9 25 25.3 28.7 35.1 43.5 44.7 48.1 54.1 55.4 60 64.8 66.4 68.2 71.4 74.7 78.6 80.6 82.5 84.8 88.6 89 88 92.3 103 102.1 100.7 102.1 103.5 104.6 105.7 107.2 99.3 96.2 95.6 95.6 99.5 127 131.6 129.7 120.9 115.3 109.3 100.9 99.5 103.8 108.4 102.4 97.3 88.8 91.9 101 100.3 100.3 100 95.6 92.4 85.9 74.8
1.3 6 10.9 12.6 15 15.8 15.5 7.3 9.5 10 12.3 16.5 21.5 27.7 28 30.9 31.8 32.7 33.1 30.1 28 29.6 30.3 34.6 41.4 43.8 44.4 45.5 48.5 52 57.8 65 66.1 66.8 70.4 74 77.7 79.9 82.9 86 86.2 83.4 82.6 87.1 97.9 98.9 100.3 104.8 106.2 106.7 110.9 110.6 101 97.3 95.6 95.6 100.4 126.3 129.9 129.8 122.2 117.3 110.7 100.4 100.1 106.2 110.7 104.6 93.8 89.6 98.6 100.5 99.5 100.2 96.4 89.7 87.2 77.9 65.9
3.7 9 11.6 14.3 17 17.1 15.8 17.4 9.9 10.9 15.8 14.5 17.4 23.5 28.7 34.4 35.7 39.1 36.3 34.3 33.5 33.6 35.7 39.6 45.2 45.6 45.4 45.3 46.2 49.6 57.4 64.4 65.2 66.6 68.2 72.7 80.9 81.4 80.8 83.3 81.6 78.6 78.1 82.7 91.6 99.7 102.3 110.9 110.6 109.4 110.7 110.9 102.7 102.5 100.6 95.7 96.9 116.1 125.3 129.1 125.3 121 112.7 103.1 100.8 100.2 105.6 100.4 91.6 99.2 101 100.3 100.2 101 91.1 86.4 81.8 72.1 62.2
6.1 11.1 13.8 17.1 19.6 19.5 18.2 16.9 11.3 13.3 17.5 19.1 19.1 21.3 30.7 36.1 41.2 41.1 45 41.2 39.7 39.5 38.8 46.4 49.9 48.7 47.6 45.2 46 49.2 53.5 58.8 62.5 63.1 65.6 69.9 80.9 81 80 80 76.5 72.8 72.9 81 93.9 102.4 107.6 116.4 119.7 111.3 110.1 107.9 105.4 108.9 111 103.7 96.6 111.7 123.5 127.9 129 131 121.8 105.4 100.1 100.2 100.5 95 90.4 99 101 99.3 100.1 99 89 83.6 78.4 70.3 62
15 17.1 18 20.5 21.7 21.4 20.5 19.2 13.2 12.1 14.3 18.3 20.4 20.9 28.7 38.5 41 42.6 45.7 47.2 45 40.4 39.3 49.7 57 57.9 55 49.7 48.6 49 52.9 58.4 60.6 62.4 58.3 58.8 67.6 70.1 71.1 72.1 71.4 71.8 73.2 77.7 92.1 103.1 112.2 119.3 120.2 113 111.9 111.6 109.8 113.5 117.3 108.1 97.6 97.4 116.1 126.4 133.7 139.8 129.4 110 103.1 101.3 100.1 98.6 99.1 99.3 99.1 98.4 97.1 91.4 89.5 88.7 79.5 69.6 59.9
15.3 22.9 24.3 24.7 26.2 23.3 22.1 21.6 16.3 11.8 13.4 16.5 20.2 20.6 23.7 34.4 40.5 40.2 45.7 46.4 42.5 38.2 39.8 57.1 58.4 63.7 66.1 55.2 52.7 54.2 60.1 61.3 61.5 60.1 57.6 57.6 62 64.5 66.9 68.2 69.3 70.6 73.2 75.4 88.1 104.2 111.1 116.5 115.3 114.7 113.9 113.3 111.8 114.5 116.5 107.7 97.9 96.9 103.3 123.6 139.6 141 136.5 118.2 108.8 107.2 106.1 99.9 99 100.7 97.7 91.9 88.8 85.9 88.5 82.4 74.1 63.3 58.1
20.2 24.5 29.6 28.9 29.6 29.6 24.9 23.1 19.2 13.4 14 15.3 18.6 20.1 21.5 29.1 32.7 35.2 40.7 42.5 38.9 36.1 39.4 47.4 55.7 59.9 60.4 54.9 51.6 53.6 64.1 63.1 61 57.6 57.6 57.6 61.1 63.3 65.7 68.1 70.1 70.5 72.9 75.6 83.7 100.8 109.2 112.9 116.4 116.4 117 113.6 109 110.8 110.4 106.2 100 98.1 100.8 122.2 143.6 142.5 136.2 122.4 109.3 110.2 107.7 99 99.2 101 95.9 90.9 88.3 82.3 80.4 79 76.6 70 58.6
22.7 26.1 30.3 31.1 31.5 32.8 28 24.5 20.9 16.5 14.2 15.4 17.9 19 20.4 22.6 27.7 33.8 36.9 36.4 34.9 35.4 38.5 45.2 50.5 54.3 54.2 51.6 51.6 51.6 66.1 63.6 62 59 57.6 57.6 60.4 64.4 66.8 69.3 71.6 72.3 73 75.3 79.8 92.1 98.7 110.5 117.2 119.5 122.4 119.4 113.9 110.1 110 105 104.1 104 105.9 118.8 144.4 142.3 134.3 122.5 109.7 108.7 103.9 98.9 100.5 100.9 100.6 92.1 84.7 80.4 79.4 82.2 87.6 79.6 60.3
23 26.2 33.7 31.9 32.8 35.2 35.3 32.1 23.9 18.6 15.8 19.8 20.9 21.6 23.2 28.1 24.9 30.1 26.8 30.8 33 34.9 37.9 43.3 47.6 51.6 54.3 51.6 51.6 51.6 66.3 65.4 64 64.4 63.4 60.6 62.2 65.3 68.6 72.2 75.5 77.3 76.2 75.6 79.8 88.7 100 113.5 118.5 121.8 124.5 122.2 115.7 112.6 109 109.7 108.6 111.9 113 118.2 139.9 138.8 130.1 115.4 109.4 108.9 107.4 101.2 102.1 105.7 110.7 99 84.8 82.1 80.9 87 94.4 79.7 64.2
23 25.7 30.9 31.4 33.3 36.9 39 35.1 35.8 19.5 16.9 15.9 19.4 22 23.3 26.2 31.1 33.8 36 34 33.1 34.3 36.2 40.4 43.4 48.1 52.4 57.6 51.6 51.6 54.6 61.7 65.2 68.3 70.2 67 68.6 69.9 73.4 76.6 79.5 79.7 79 77.1 80.8 89.4 101.7 113.7 116.7 121.1 123.5 118.2 113.7 114 112.3 118.6 118.6 117.4 120.1 122.8 139.6 142.8 133.2 110.8 108.8 109.9 107.8 104.7 107.9 109.3 111.7 95.9 89.4 88.3 87.8 89.8 89.8 82.4 68.9
22.9 23.5 26 28.6 33.2 37.3 35.2 35.4 40.5 20.8 18.6 16.5 19.5 22.4 23.7 26.2 33.8 37.9 38.8 34.4 33.9 35 35.7 35.3 39.1 44 49.1 53.4 51.9 51.6 53.7 59.8 63.4 70.2 70.9 68.9 70.4 72.2 75.1 80.4 83.5 83.5 83 81.2 82.2 91.5 106.4 113.1 114 116.8 117.9 115.2 113 117.7 118.5 119 120.7 122.7 126.1 129.1 141.5 141.7 134.5 113.1 109.2 111.4 109 108.2 109.5 108 103.7 94.5 89.4 90.7 89.3 88.7 88.4 83.5 73.4
27.5 25.8 29 31.5 32.7 36.1 35.7 35.7 36 21.8 19.8 17.9 18.8 21.7 24.2 26.8 30.1 35.2 37.1 35.4 36.8 37.9 34.4 35.2 38.2 41.7 47.3 54.1 54 51.6 53.5 58.5 64.9 72.8 75.7 72.8 71.7 72.9 75.4 80.3 86 87.5 89.2 86.3 84.6 87.9 96.1 104.6 109.7 113.9 114.7 113 115 119.9 120.2 119 121.6 126.8 133.1 136.4 138.7 133.4 125.8 113.1 109.5 104.4 103.7 110.3 105 101.6 96.8 88.5 90.2 91.3 90.6 87.8 86.3 83.5 73.1
31.1 29.4 31.4 33.1 35.1 37.2 38.9 41.3 40.2 28.6 20.7 20.5 20.2 20.9 22.5 24.9 27.8 32.2 39.4 35.3 32.8 34.2 34.2 35.4 37.8 41.5 45.1 53.2 56.5 56.6 57.7 64.2 72.2 78.9 79.4 76.9 73.3 73.4 74.2 77.7 86.3 89.4 92.5 90.9 91.1 89.6 90.4 94.8 100.2 107.1 112.9 114.1 117.4 130.1 129.1 114.8 115.2 122.7 134.8 134.2 135 120.8 117.7 112.7 107.3 95.2 93.8 98.7 95.2 90.1 87.9 91.2 97.6 100.1 102.8 91.8 88.4 83.9 73.9
34.5 33 33.5 34.4 34.9 37.3 40.1 41.6 38.5 32.4 32 27.9 26.1 23.1 21.9 23.6 27.2 34.2 34.6 38 38.4 37.4 36.5 36.7 38.9 41 43.6 48.9 53.6 54.8 64.6 72.3 80.9 83 83.2 79.9 76.5 74.7 75.1 78 86.8 89.4 92 92.5 92.4 92.2 93.6 97.2 99.3 102.7 106.8 112.7 124.2 129.4 123 120.7 122.2 124.2 138.5 141.9 135.3 120.5 108.3 105.4 101.3 88.6 87.9 87.9 87.9 87.9 87.9 97.1 102.5 105.5 105.7 96 90.4 78.4 85.4
42 37.4 34.6 34.2 36.2 38.2 39.7 41.2 39.3 36.8 36.9 39.2 39.4 39.3 34.5 28.7 30.5 33.7 37.8 41.1 42.7 41.5 40 39.6 40.2 42.3 42.9 44.7 49.7 52.7 68 76.3 82.7 87.6 87.9 85.3 81.2 76.9 76.4 81.6 87 90.1 92.1 97.6 96 97.9 99.2 99.5 102 104.1 108.8 113.5 125 130.8 123 125 122.7 122.7 134.8 143.8 138 126.6 108.2 99.9 91.7 87.9 87.9 87.9 87.9 87.9 95 110 110.7 107.5 105.5 104.8 88.9 81.5 96.2
47.1 45 40.3 38.6 39.3 40.5 39.3 41.8 43.6 43.4 42.1 41.2 44.1 46.3 45.3 40 31.9 32.8 39.5 44.8 44.6 43.3 43.7 43 42.9 44.2 46.3 48.9 50.5 54.1 62.6 80.1 85.3 89.2 90.3 90.6 84.4 80.2 78.7 85 89.1 90.8 93.2 97.7 104.5 107.2 106.8 103 103 104.2 109.5 114.8 125.1 128.3 123.5 127.7 123.7 124 129.4 135.6 135.5 126.6 113.3 97.4 90.7 87.9 87.9 87.9 87.9 92.7 118.3 120.3 115.2 111 107.5 107.5 88.1 89 100.7
52.6 47.8 42.6 42.6 43.7 44.6 40.4 40.9 41.8 42.6 42.7 44.9 47.2 50.5 51.9 50.4 46.4 43.4 41.8 43.1 43.8 44.4 47.6 48.1 43.1 44.1 52.6 55 54.1 53.3 61.9 81.2 85.8 89 90.9 91.3 87.2 83.1 80.9 82.3 90.5 92.6 93.8 99.6 108.2 115.6 118.7 108.8 105.3 106.6 109.8 115 124.2 127.1 124.9 125.6 123.3 124.5 128.8 133 130.3 122.9 114.6 101.3 94.4 88.2 87.9 87.9 93.1 110.8 124.6 124.8 119.2 113.4 109.6 107.4 88.8 92.9 100.7
55 49.4 42.9 43 45.2 46.5 43.5 41 41.2 41.3 43.4 49.1 51.7 54.3 56.1 58.5 55.2 56.5 53.9 46.6 45.2 47.6 51.5 54.7 50.8 43.4 55 55 54.8 55.8 63.1 73.2 84.2 87.9 90.9 90.7 88.2 84.1 83.5 84.2 92.6 94.2 93 100.8 109.7 115 118.6 112.7 109.1 110 112.2 115.4 122.6 123.7 124.7 124.5 123.2 124.4 126.4 128.1 125.2 119.7 112.8 105.5 99 92.6 89.1 93.3 106.9 117.1 125.3 125.8 120.5 114.2 109.3 110.1 99 96.2 101
54 53.2 46 46.5 49.2 49.6 47.8 44.1 41.4 40.4 44.7 53.6 57.1 60.1 62.6 61.7 63.9 63.6 59.1 57.3 54.5 54.2 53.3 52.8 54.1 52.9 53 54.9 54.5 58.2 63.1 69.3 82.9 88.3 90.9 90.4 90.3 84.7 85.6 86.2 90.3 95 93.7 103.6 113.6 118.3 120.3 115.6 112.9 112.3 112.9 114.6 121.5 122 124.7 124.7 123 123 123.9 125 124.2 118.8 112.9 107.6 102.2 96 93.1 101.8 117.5 127.4 129.7 129.1 123.4 114.1 107.9 102.6 99.8 98.2 101
61 54.7 52.4 52.5 54.1 52.6 51.1 50.6 43.4 40.9 44.7 54.7 63 65.5 71.1 72.4 71.5 74.6 71.6 66 64.6 60.8 63.8 59.3 55.2 56.7 53.7 53.4 55.1 58.8 62 69.6 82.4 87.6 91 91.2 91.9 88.8 86.8 86.6 89.7 94.7 94.9 107 114.7 119.9 123.1 121 112.8 112.5 113 113.7 120.8 120.8 121.8 125 122.3 121.5 121.5 122.5 124.3 120 114.9 109.8 104.5 97.7 95.6 106.6 115.3 128.1 130.6 132.5 124.9 113.1 104.5 96.9 96 98.6 104.7
70.6 65.4 60.2 58.4 58.8 59.6 57.9 54.6 46.1 41.7 46 56.4 64 68.3 73.4 78.4 74.4 76.7 74.5 72.6 68.2 66 72.5 73.6 72.4 58 56.1 53.4 54.3 57.8 64.7 75 84 88.3 90.9 91.2 91.7 91.5 88.9 88.4 88.7 93.3 96.3 105.5 113.1 118.6 124.1 123.5 116.6 112.2 112.6 113.2 120.5 119.9 117.7 121.6 121 119.9 118.4 117.5 121.9 120.1 116.3 111.6 104.8 103.1 101.8 107.5 114.6 128.3 131.3 129.9 127.4 114.5 104.2 97.6 96.7 100.3 108
68.1 64.7 65.1 63.8 62.1 62.8 63 58.5 47.2 41.5 45.7 57.4 63.4 69.4 74.6 81.3 85.8 83.1 78.3 75.3 73.8 74.3 75.1 75.6 75.9 67.2 59.5 55.1 54.1 57.6 65.1 71.7 83.3 86.9 89.4 90.8 94.1 93 89.4 90.3 89.4 91.7 97.1 104.5 111.5 118.6 125 124.7 118.7 112.1 112.5 113 121.3 117.6 114.1 117.5 117.5 114.3 114.1 114.1 114.1 114.1 114.4 111.5 107 103.8 102.6 111.8 118.5 122.1 126.6 125.9 120.8 112.9 104.3 97.9 99.4 104.7 110.7
59.8 65.8 67.8 66.6 64 62.2 63.7 60.3 48.1 44.6 48 58.2 67.5 71.7 75.9 80.8 83.7 83.7 81.1 78.2 76.7 83.2 73.3 80.1 79.2 75.4 65.7 59.4 54.7 55.8 59.4 65.5 71.6 77.7 84.9 90.6 92.2 90.4 88.7 90.2 90.6 92.4 100.8 106.9 112.9 118.8 122.6 124 120.1 112.5 112.8 113 116.1 116.8 114.1 114.1 114.1 114.1 114.1 114.1 114.1 117.3 119.2 114.8 113.3 114.8 106.4 114.6 122.9 125 124 121.7 116.3 109.3 100.3 101 103.5 109.6 116.4
68.2 66 68 66.8 65.4 65.8 66.2 62.9 50.9 49.6 52.5 60 68 76.3 80.3 84.7 82.7 91.3 89.1 82.8 81.6 83 82.7 84.8 84 82.1 77.5 67.3 60.8 59.6 57.7 61.9 66.4 71.3 79.2 88.5 91 88.7 88.2 92.6 91.1 92.3 101.7 103.4 112 116 119.6 120.2 115.7 113 113 113 113.9 117.1 114.1 114.1 114.1 114.1 114.1 114.2 118.6 119.9 121.1 122 120.4 116.5 113.1 115.5 125.6 127.7 125.2 120.7 113.1 106.2 105.5 115.5 110.2 117.6 120.5
71.8 69.2 69.2 69 68 68.5 69.1 68 52.7 50.7 55.4 61 66.4 74.4 86.6 93 93.2 97.9 96.3 93.2 87.7 83 86.3 90.4 92.3 84.1 83.7 71.3 65.8 63.8 62.9 59.2 62.9 66.7 71.3 77.8 86.1 86 84.9 93.8 91.5 92.9 101.5 105.6 111.1 114.9 115.8 116.3 114.7 113 112.7 113.4 110.4 118.2 114.1 114.1 114.1 116.5 118.6 119.6 120 121 122.8 124.6 122 118.3 115.3 118.1 129.3 131.4 127.2 121.5 115.1 105.6 116.9 126 118.9 122 121.7
72.3 76.2 74 75.2 71.2 70 71.7 71.5 50.8 51.1 60.7 64.9 69.2 73.2 84.7 93.1 95.5 102 103 98.3 94 88.1 93.6 93.6 94.2 92.9 84.7 80.3 69.4 66.5 65.2 64.7 61 63.7 64.6 70.1 76.3 79.1 77.8 93.9 92 93.3 102.6 108.4 110.9 114 113.4 112.4 112.1 110 110.4 112.7 111.6 119.1 118.5 114.1 116.4 122.3 121.5 121.2 121.6 122.1 123.7 124.7 122.3 119.3 116.3 113 128.2 133.9 128.1 122.4 116.5 112.9 124.5 131.9 122.2 127.4 128.7
77.2 84.1 80.8 82.3 78.5 70.6 68.8 63 53.3 52.8 64.1 68.7 72.5 76.1 83 93.6 99.2 102.8 103.8 101.3 95.7 89.3 91.3 94.8 95.7 94.7 88 86.6 78.9 70.2 68.1 69.4 63 63.2 65 66.3 65.9 68.6 73.2 87.9 91.6 93.1 102.4 104.8 107.5 112 111.7 111.7 110.1 109 111 113.7 116.5 119.3 120 119.2 120.3 124.6 123.3 122.8 123.4 124.6 124.1 124.1 123.1 119.5 115.9 113.1 127.8 134 126.6 122.2 118.4 112.9 126.1 128.8 133.9 137 136.1
84.8 85 82.5 88.3 85.8 71.9 63.7 60.8 58.5 59.7 67.8 72.3 76.3 80.8 86.8 93.8 100 104.4 103.8 100.4 95.2 91.6 94.5 94.9 96.4 97 97.3 97.2 89.3 80.7 68.1 67 66.6 67.2 65.8 66.3 67.4 68 68.9 76.5 82.5 88.5 99 101.2 106.1 109.1 111.5 111.9 112 109 109.9 120.7 122.9 121.6 122.5 121.9 121.9 127.4 131.7 126.4 127.1 127.2 127.4 126.8 124.7 119.9 115.7 117.6 129.5 134.1 126.5 123 119.5 112.2 120.9 131.8 139.6 142.4 146.9
85 85 86.5 91.7 84.2 72.9 64.2 61 61.4 70.6 75.2 79.1 83.2 88.9 92 95.6 100.2 103.2 102.5 99.2 94.6 94.5 96.4 97.1 97.8 100.8 103.8 103.8 103.2 89.9 85.4 77.5 71.6 69.5 69.3 68.4 67.9 68.9 69.2 71.4 74.5 84.5 100.3 102 104.4 106.6 111.8 113 115 109 109 120.7 127.1 124.9 124.6 123.9 124.5 127.3 132.9 132.1 131.4 131.4 131.2 130.7 130.7 123.8 115.8 122.1 131.4 135 126.9 124.4 118.5 115 121.7 130.6 140 143.7 153
73.5 80.3 85.7 91 91 80.6 70.9 60.6 63.4 75.2 79.6 84.8 92 99.2 103.3 103 104.1 105.8 103.4 98.8 99.8 101.5 101.4 103 102.7 106.9 107.6 104.8 105.1 97.4 90.5 88.3 82.5 77.6 71.7 70.8 70.7 69.8 70.5 71 76.2 85.9 99.3 102.9 103.9 105.3 109.9 110.7 112.9 109 109 114 128.5 127.1 130.1 130.7 132.2 131 131.8 134.9 133.5 133.2 133 134.1 133.6 125 119 122.7 132.1 136.5 127.9 123.2 118.4 118.7 125.1 130 136.7 139.7 146
