data/NG76.asc
ncols 200
nrows 200
xllcorner 170000
yllcorner 860000
cellsize 50
[rows 0 to 36 of 200, columns 82 to 163 of 200]
109 111.8 113.2 114.7 114.8 114.7 115 114.7 114.2 113.3 112.2 111.3 111 110.9 111.2 111.5 112.3 113.3 114.2 115 115.6 115.8 115.2 114.5 113 111.7 110.2 108.8 107.8 106.9 106 105.1 104.1 103 101.9 100.2 97.6 93.7 88 81.4 76.1 71 68.9 66.2 67.5 77 80.8 84.4 87.3 89.7 92.8 97 100.5 104 116.5 119.1 123.9 121.4 118.9 120.2 120.5 122 123.6 125.2 126.4 127.5 128.1 129.8 130.1 130 129 128.1 127.7 127.2 125.6 123.4 121.1 118.1 115.2 111.5 108.3 107
109.8 112.9 115.2 116.8 118.1 118.4 118.6 118.5 118.3 117.1 116 115.1 114.3 114.2 114.2 114.2 114 115.5 116.4 117.1 117.8 118.4 118.2 117.8 116 115 113.6 112.2 110.8 110 109.3 108.4 107.6 106.7 105.9 105 102.8 99.3 94 89.5 82.9 78.1 74 70.5 67.1 72.6 80.8 85.9 88.2 92.9 94.2 97.6 101.1 104.9 106.9 117.2 120.5 124.3 128.3 125.9 125.3 126.2 127.2 129.1 130.2 131.3 132.4 133 132.4 131.9 131.9 130.6 129.1 128.4 127.3 125.3 123.2 119.9 116.5 115.4 114 113
110.1 113.2 116.2 118.1 119.6 120.6 121.4 121.6 121.6 120.9 119.9 119 118 117.8 117.8 117.6 117.7 117.9 118.6 119.3 120 120.8 121.2 120.8 119.5 118.5 116.9 115.5 114.2 113.3 112.5 111.6 110.7 109.7 108.8 107.8 106.8 103.2 100.8 98.1 91.6 85.9 82.5 77.7 72.2 67.9 78 83.2 88.2 92.5 95.3 98.7 102.6 106.5 108.6 112 118 121.2 126.7 131.8 131.2 130.6 131.1 133.3 134.5 135.4 136.5 136.8 136.8 136.7 136.7 134.3 133.3 133 131.7 129.5 127.7 125.7 121.7 120.3 119.2 118.5
109.2 112.7 116.1 119.6 121.4 122.3 123.3 124.2 124.8 124.6 123.7 122.7 121.6 121.3 121.4 121 121.5 121.3 121.9 122.6 123.2 123.7 123.9 123.6 123 122.1 120.3 118.8 117.7 116.6 115.6 114.6 113.7 112.7 112 111.4 110.8 110.2 107.8 104.7 98.4 92.3 90.1 84 79.5 73.2 72.3 80.1 86.2 90.9 96.3 100.4 104.3 108.3 112.3 113.3 117.6 122.4 126.7 130.8 134.4 134.5 135.9 137.1 138 139.8 141.1 142.9 141.9 141.5 140.7 138.9 138.1 137.6 136.2 134.6 133.4 133 130.3 126.4 123.6 123.5
108.5 112.2 115.4 118.7 122.1 124.2 125.2 126.1 127 127 127.4 126.3 125.3 124.9 124.8 124.9 124.7 124.6 125.2 125.9 126.4 126.2 126.4 126.2 125.6 124.7 123.1 122 121 119.8 118.7 117.6 116.6 116 115.4 114.7 114 113.4 112.7 110 101.7 101.4 97.9 91.8 88 82.1 77.6 75 83 90.2 93.6 98.1 102.9 107.9 113.3 117.8 118.5 122.2 128.1 131.3 134.5 137 138.8 140.8 141.2 142.4 144.5 146.6 149 148.4 145.4 143.5 142.6 142 141.5 140 139.1 139.4 139.6 136.7 132.9 128.1
108.1 111.3 114.5 117.9 121.3 124.8 127.2 127.9 128.5 128.6 129.5 130 129 128.4 128.3 128.3 127.8 127.9 128.5 129 128.9 128.8 128.8 128.7 128.3 127.3 126.2 125.1 124 122.8 121.7 120.5 119.8 119.1 118.4 117.7 117 116.6 116.6 114.9 110.9 108.6 101.3 101.1 94.4 88.6 85.6 80.8 81.1 85.1 89.9 94.8 99.9 105.4 111.3 115.9 119 123.7 128.6 132.1 135.2 139.9 141.7 143.5 142.5 144.2 145.9 147.6 149.7 152.5 152.5 151.2 146.9 147.1 146.9 145.3 145.2 145 144.5 144.8 143.2 137.5
107.1 110.3 113.7 117.1 120.5 123.9 127.5 129.4 129.8 130.5 131.4 132.3 132.7 131.9 131.9 131.4 131 131.2 131.7 131.6 131.5 131.3 131.2 131.2 130.8 130.3 129.2 128.1 127 125.8 124.7 123.6 122.8 122 121.3 120.6 119.9 119.8 119.8 119.6 117.8 114.4 107.2 107.7 101.8 97.3 92.2 88.6 85.2 84 87.2 92 97.1 102.8 108.2 112.1 116.2 120.7 125.2 131.7 136.5 141.5 143.2 143.7 143.8 145.5 147.2 148.9 150.6 153.3 154.5 156.8 156.1 153.3 154.3 153.3 150.4 150.4 150.6 150.7 150.9 146.6
106.1 109.5 112.9 116.3 119.7 123 126.9 130.8 131.6 132.4 133.3 134.2 135 135.5 135 134.6 134.1 134.4 134.3 134.2 134 133.9 133.8 133.6 133.2 132.7 132.1 131.1 130 128.9 127.7 126.6 125.7 125 124.3 123.6 122.9 122.9 122.9 122.9 121.6 119.8 110.2 114.6 109.6 105 101.2 96.6 91.9 88.7 86.8 89.4 94.3 99.6 104.3 108.5 112.8 117.6 122.1 127.5 136.4 138.6 138.8 141.8 142.7 145.6 147.5 149.2 151.1 153.4 156.1 159.9 162 158.3 158.7 161.8 159.9 156.5 155.8 155.9 156.1 155
104.6 108.4 112 115.4 118.8 122.4 126.3 130 132.7 133.5 134.3 135.2 136 137 137.7 137.4 137.1 137 136.8 136.7 136.6 136.4 136.3 136.1 135.6 135.1 134.5 134 133 131.9 130.8 129.6 128.7 128 127.2 126.5 126.1 126.1 126 125.7 125.1 123 116.8 119.9 117.1 112.3 107.4 102.8 98.2 92.9 91.1 88.5 92.1 96.8 100.8 105.1 109.5 114.4 118.9 123.5 131.1 132.9 136.2 139.5 141.7 144.5 147.4 149.4 151.4 153.2 155.1 158.2 158.3 160.5 163.8 163.8 162.8 162 161.1 160.9 160.8 159.4
103.1 106.9 110.7 114.5 117.9 121.7 125.3 128.9 132.6 134.2 135 135.9 136.9 137.8 138.7 139.7 139.4 139.2 139.1 139.1 139 138.9 138.9 138.5 138 137.4 136.9 136.4 135.8 134.9 133.8 132.7 131.7 130.9 130.2 129.5 129.2 128.9 128.3 127.7 127.2 126.6 125.9 124.7 122.8 119.1 114 109.1 103.5 97.1 94.7 91.3 91.8 95.6 97.9 101.7 106.3 111.2 115.8 120.3 126 130.5 133.8 137.2 140.4 143.5 146.4 149.2 151.9 153.6 155.3 157.1 158.8 160.3 165.6 166.4 165.5 164.6 163.5 163.4 164.1 164
101.6 105.4 109.2 113 116.6 120.3 123.9 127.6 131.3 134.9 135.9 136.8 137.8 138.7 139.6 140.6 141.5 141.5 141.4 141.3 141.2 141.2 141.1 140.6 140 139.5 138.9 138.5 138.1 138 136.9 135.7 134.6 133.9 133.2 132.5 131.8 131.3 130.8 130.3 129.8 129.3 129.5 129.5 127.8 125.9 120.8 115.6 110.8 105 98.8 94.8 93 94.1 96.4 98.8 103.1 108.1 112.7 117.2 121.9 127.3 130.9 134.3 137.8 142.6 145.3 148.1 150.9 153.6 156.3 157.9 158.6 160.5 163 165.7 166.4 166.9 165.8 165.5 166.3 166.6
100.1 103.9 107.2 110.4 114.2 118.2 121.8 125.5 129.2 132.7 136.3 137.7 138.7 139.6 140.6 141.5 142.3 143.5 143.6 143.5 143.5 143.4 143.1 142.6 142 141.6 141.2 140.8 140.6 140.5 140 138.9 137.8 137.1 136.4 135.4 134.7 134.2 133.7 133.2 132.7 132.9 132.8 132.5 132.3 130.3 127.8 122.6 117.9 112.9 106.3 98.5 99 96.9 96.6 98.2 99.6 102.9 108.9 114.2 119.2 124.1 128.1 131.7 135.2 139.2 144.4 147 149.1 151.3 154.1 156.3 157.9 160.2 162.6 165.7 166.5 167.2 168 167.5 168.5 169
98.1 101.4 104.7 107.8 111.9 115.9 119.7 123.4 127.1 130.6 134.1 137.6 139.6 140.4 141.2 142 142.9 144.2 145.4 145.6 145.7 145.6 145.1 144.7 144.3 143.9 143.6 143.2 143 143 143 142 141 140.3 139.4 138.3 137.6 137.1 136.6 136.1 136.3 136 135.8 135.5 135.3 134.8 132.9 129.5 124.9 120.4 114.6 108 102.4 100.9 99.5 99.2 99.8 100.6 103.5 110.2 116.4 121.6 124.9 128.7 132.5 136.1 142.2 144 146.4 149.2 152 154.1 156.8 159.6 162.2 165.3 166.6 167.4 168.2 168.8 169 169
98.6 100 102 105.5 109.5 113.6 117.6 121.3 124.9 128.4 131.9 135.4 139.1 140.9 141.7 142.6 143.6 145 146.3 147.2 147.3 147.7 147.4 147.1 146.7 146.3 146 145.6 145.5 145.5 145.5 145.2 144.2 143.3 142.3 141.2 140.5 140 139.5 139.5 139.3 139 138.8 138.5 138.2 138 137.2 135.7 131.7 127 123 115.1 110.9 105.3 102.2 101.1 101.9 103.8 103.3 106.6 113.1 117.1 121.4 125.2 128.4 132.3 136.6 140.4 144.3 147.1 149.7 152.3 155.3 158.4 161.7 164.8 166.8 167.5 168 168.5 169 169
98.9 100.4 101.1 103.2 107.2 111.2 115.3 119.2 122.7 126.2 129.6 133.1 136.9 140.8 142.3 143.2 144.4 145.7 146.9 147.9 148 148.7 149.8 149.4 149.1 148.7 148.3 148.1 148 148 148 147.9 147.3 146.2 145.2 144.2 143.4 142.9 142.8 142.5 142.3 142 141.8 141.5 141.2 141 140.7 139.5 137.3 134.2 130.1 123.2 119.8 115.7 111 105.9 104.5 106.3 106.2 105.7 108.2 112.1 117.7 120.1 124 128.1 132.8 136.9 140.8 144.7 147.9 151.2 154.5 157.8 161.1 165.3 166.8 167.3 167.8 168.4 168.9 169
95.8 98.8 101.4 101.2 104.7 108.7 112.4 116.4 120.4 123.9 127.3 131 134.8 138.4 141.9 143.8 145.1 146.2 147.4 148.5 148.7 149.6 151 151.8 151.4 151.1 150.7 150.5 150.5 150.5 150.4 150.5 150 149.1 148.1 147.1 146.3 146 145.8 145.5 145.2 144.9 144.5 144.2 143.8 143.5 143.2 143.3 141.1 139 137.3 132.7 128.3 123.7 119.2 114.7 108.4 109.8 112.2 110.1 109.1 111.8 114.6 117.8 121 125 129 133.5 137.4 141.3 145.8 149.4 152.7 156 159.3 163.8 166.6 167.2 167.7 168.3 168.8 169
92.3 95.4 98.9 99.6 102.7 105.3 108.9 112.8 118.1 121.6 125.1 128.9 132.5 136 139.5 143.2 145.5 146.7 147.9 149 149.5 150.5 151.9 153.3 153.8 153.4 153.1 153 153 153 153.1 153.2 152.6 151.7 150.7 149.8 149 148.6 148.3 147.9 147.6 147.3 146.9 146.6 146.2 145.9 145.7 146 145 142.9 143.5 140.1 136.2 131.6 127.1 122.7 116.1 113 115.9 114.3 113.5 112.1 115.3 117.9 120.1 122.4 126.4 130.8 134.1 138 142.7 147 150.7 154.1 157.4 162.6 165.5 166.7 167.2 167.8 168 168.9
93 94.1 95.3 98 101.1 103.8 106.4 109.2 114.6 119.3 122.9 126.5 130.1 133.6 137.1 140.8 144.2 146.4 148.3 149.5 150.2 151.5 152.8 154.2 155.5 155.8 155.6 155.6 155.7 155.8 155.9 156 155.2 154.3 153.4 152.5 151.8 151.2 150.7 150.3 150 149.6 149.3 149 148.6 148.3 148.4 148.6 148.8 146.9 147 146.3 143.3 139.5 135 130.6 123.3 117.8 118.5 117.4 117.5 117.7 116.7 117.9 120.3 123.3 124.8 129 131.5 134.8 139.5 144.5 148.2 151.9 155.9 162.3 164.4 166.2 166.7 166.6 166.7 167.8
93.6 94.4 94.5 96.6 99.6 102.4 104.9 108.4 113 117.1 120.6 124.2 127.7 131.2 134.7 138.5 142.5 145 147.3 149.5 151.1 152.4 153.8 155.1 156.4 157.6 158.1 158.2 158.4 158.5 158.6 158.7 157.8 156.9 156.1 155.2 154.6 153.9 153.3 152.7 152.4 152 151.7 151.4 151.1 150.8 151 151.2 151.4 151.1 150.4 149.6 148.8 147 143.4 139.6 130.7 124.5 122 121.9 121.7 122 123 124.8 122.8 123.3 124.5 127.2 129.7 132.4 136.3 141.4 145.7 149.3 153.4 159 163.3 165.3 166.8 166.2 166.2 167.9
91.7 92.7 93.7 96.2 98.3 100.9 103.9 107.7 111.5 115 118.5 122 125.3 128.8 132.3 136.2 140.2 143.7 145.9 148.1 150.9 152.9 154.2 155.5 156.8 158.2 159.8 160.3 160.4 160.6 160.7 160.9 160.5 159.6 158.8 158 157.4 156.7 156.1 155.4 154.8 154.4 154.1 153.8 153.5 153.4 153.6 153.8 153.9 153.8 153 152.2 151.3 150.9 148.9 146.5 136.6 130.8 127.3 127.5 126.5 126.9 126.7 129.1 128.1 126.7 125.1 126 128.5 131.2 134 138.4 142.5 145.8 149.2 153.1 158.2 163.2 168 167 166.2 168
88.5 89.3 91.7 94.4 97.1 100.1 102.9 106.2 109.8 113.5 117.1 120.3 123.1 126.4 129.9 133.8 137.9 141.9 144.5 147.2 150.2 153.1 154.6 155.9 157.2 158.5 160.1 161.7 162.5 162.6 162.8 163.1 163.2 162.3 161.5 160.8 160.1 159.5 158.8 158.2 157.5 156.9 156.5 156.3 156 156 156.1 156.2 156.3 156.2 155.6 154.7 153.9 153.4 152.9 151.4 146.9 136 136.8 132 132.7 131.8 130.1 131.5 131.7 130.5 126.3 129 128 129.5 132.3 135.7 139.2 143.6 147.7 151.8 154.8 160.6 167 168.4 166.2 167
87.5 88.8 90.8 93.5 96.5 99.5 102.6 105 108.5 112.1 115.7 118.6 121.4 124.2 127.5 131.5 135.5 139.5 143.4 146.4 149.4 152.3 155 156.3 157.6 158.9 160.5 162.1 163.6 164.8 165 165.2 165.5 165 164.2 163.5 162.9 162.3 161.6 161 160.3 159.6 159.3 159.1 158.9 158.4 158.5 158.6 158.7 158.6 158.1 157.3 156.5 156 155.5 155 153.8 145.2 142.8 140.2 137.3 139.6 134.9 135.6 136.5 132.8 129.2 133 131.7 131.6 130.8 133.9 136.9 141.5 146.5 150.9 153.9 158 167.7 171.8 166.2 166.2
87.6 89.4 90.8 92.6 95.6 98.7 102.7 104.6 107.1 110.8 114 116.9 119.7 122.5 125.4 129.5 133.7 137.9 141.8 145.4 148.6 151.5 154.5 156.7 158 159.3 160.8 162.4 164.1 165.5 166.3 167.2 167.6 167.7 167 166.3 165.7 164.9 164.2 163.5 162.9 162.6 162.3 162.1 161.8 161.2 160.9 161 161.1 161 160.6 159.9 159.1 158.6 158.1 157.5 157.4 152.9 147.1 147.8 144.2 145.3 143.4 139.2 141.1 136 131 134.7 132 133.3 133.4 132.5 134.4 139.4 144.4 149.3 154.5 158.8 160.7 168.6 168.4 168.9
85.2 89.1 90.9 91.4 94.4 98.4 102.3 104.3 106.3 109.4 112.3 115.2 118.4 121.4 124.3 127.9 132.1 136.3 140.1 143.8 147.3 150.7 153.7 156.7 158.3 159.6 161.2 162.8 164.9 166.1 166.9 167.8 168.7 169.5 169.6 168.9 168.2 167.4 166.7 166.1 165.9 165.6 165.3 165.1 164.7 164 163.4 163.4 163.5 163.4 163 162.4 161.6 161.1 160.6 160.1 159.9 157 150.2 154 149.9 148.4 149.1 148.1 143.2 139.4 136.1 135.2 135.7 134.1 134.7 134.9 134.3 137.2 142.2 146.9 154.2 157 158.1 161.2 168.7 168.4
81.8 85.4 88.2 89 92.3 95.6 99.4 102.2 104.9 108.2 111.3 114.5 117.4 120.3 123.2 126.3 130.5 134.5 138.3 142.1 145.7 149.3 152.8 155.9 158.7 160 161.5 163.1 165.7 166.7 167.5 168.4 169.2 170.7 172.1 171.4 170.7 170 169.4 169.2 168.9 168.6 168.4 168.2 167.6 166.9 166.3 165.8 165.9 165.8 165.4 164.9 164.2 163.7 163.2 162.6 162.3 155.4 157.7 158.3 159.2 154 156.9 154.8 147 147.6 142.1 140 139.8 136.7 136.9 137.8 137.7 136.9 140.3 145.1 149.7 153.8 157.4 159.8 164.6 165.6
80 84.4 87.2 88.7 91.9 94.9 97.6 100.5 103.6 107 110.6 113.4 116.3 119.2 122 124.9 128.9 132.8 136.6 140.3 144 147.6 151.2 154.7 158 160.4 161.9 163.9 166.4 167.2 168 168.8 170.4 171.9 173.4 173.9 173.2 172.7 172.4 172.2 171.9 171.6 171.4 171.2 170.5 169.8 169.1 168.5 168.3 168.2 167.8 167.3 166.8 166.2 165.7 165 163 158.8 161.7 162.3 163.4 160.4 164 158.9 150.4 154 149.9 144.7 142.3 139.4 139.3 140.2 141.2 139.9 139.7 143.2 147.5 151.3 157.1 157.9 159.1 161
78.8 83.1 86.1 88.7 91.5 94.2 96.8 99.3 102.4 105.8 109 112.6 115.4 118.1 120.9 123.8 127.3 131 134.8 138.6 142.3 145.9 149.5 153.1 156.7 160.2 162.2 164.6 166.7 167.6 168.5 170 171.6 173.1 174.6 176.2 176 175.7 175.5 175.2 174.9 174.6 174.4 174.1 173.4 172.7 172 171.3 170.7 170.6 170.2 169.7 169 168.2 167.5 167.6 164.8 163.1 164.2 165.5 166.5 166.2 168.1 167.8 155.3 160.7 157.6 150.5 146.2 144.3 141.2 142.6 142.8 143.1 142.8 141.4 144.2 146.5 152.8 154.6 156.5 159.4
77.7 83 85.2 88 90.8 93.5 96 98.5 101.1 104.1 107.2 111.4 114.6 117.5 120.2 122.9 125.6 129.3 133.1 136.8 140.6 144.3 147.9 151.4 155 158.7 162.4 164.8 167 168.2 169.7 171.3 172.7 174.2 175.7 177.1 178.3 178.8 178.5 178.2 177.9 177.6 177.4 177 176.3 175.6 174.9 174.2 173.5 173 172.3 171.7 171.1 170.5 169.9 170.2 169.9 165.3 165.7 167 168.3 170 170 169.2 160.7 165.1 163.9 157.4 152.9 152.7 145.8 145 145.8 146.7 145 145.4 144.4 146.8 146.6 151.1 154.6 157.8
75.6 82.7 84.3 86.4 90 92.8 95.3 97.9 100.6 102.2 105.4 109.5 113.4 116.5 119.6 121.9 124.1 127.8 131.5 135.1 138.8 142.6 146.2 150.2 154.7 159.3 161.8 164.4 167 169.2 170.7 172.1 173.6 175.1 176.5 178 179.2 180.4 181.5 181.2 180.9 180.7 180.4 179.8 179.2 178.5 177.8 177.1 176.5 175.8 175.3 174.7 174 173.3 172.7 172.2 172.1 171.9 167.7 169 170 171.4 170.1 173.1 162.8 165.8 168.6 165.1 159.6 160.5 152.1 149.1 150 148.6 147.4 148.2 148.1 149.1 150.1 151.1 152.9 156.2
69.9 77.9 81.8 84.9 88.4 92.8 95.4 98.2 101 101.9 103.9 108.2 112.1 115.4 118.3 120.5 122.7 126.3 130 133.7 137.4 141 145.1 149.5 154 158.6 161.6 164.2 166.8 169 171.1 173 174.5 175.9 177.4 178.8 180 181.5 183.1 184 184 183.7 183.4 182.7 182 181.4 180.7 180.1 179.4 178.8 178.2 177.5 176.8 176.1 175.5 175 174.5 174.1 172.5 170.5 171.7 172.9 171.1 173 173.7 167.3 171.7 172.1 163.3 166.8 157.7 154.9 153.6 151.4 151.9 151.2 150.1 151.2 151.7 151.8 152.1 154.9
68.8 76 81.4 84.4 88.5 93.8 96 98.5 100.9 101.8 104.6 107.7 110.9 114.2 116.8 119 121.2 124.9 128.6 132.3 136 139.5 143.3 148 152.7 157.4 160.7 163.7 166.6 168.8 170.9 173 175.1 176.8 178.3 179.7 181.1 182.7 183.9 185.5 186.1 186.6 186.3 185.6 185 184.3 183.7 183 182.4 181.8 181.1 180.3 179.6 178.9 178.2 177.8 177.3 176.8 176.3 173.8 173.4 173.8 172.5 173.9 176.9 168 171.1 171.9 170.2 167.8 163.4 161.2 159.4 157.1 156.3 155.5 154.5 153.3 153.5 153.9 154.7 155.5
70.3 76.8 81 83.7 88.8 94 97.3 99.2 100.8 101.6 103.6 106.4 109.6 113 115.2 118.1 121.4 124.2 127.2 130.9 134.5 137.8 142.1 146.8 151.4 156.1 159.8 162.6 165.3 167.6 169.9 172.2 174.6 176.9 179.1 180.6 181.8 183 184.3 186.2 187.1 187.6 188.5 188.4 187.7 187.1 186.5 185.9 185.3 184.6 183.9 183.1 182.4 181.7 181 180.5 180.1 179.6 178.6 179 176 174.8 173.8 175.7 178.1 174.8 172.7 175.9 174.9 169.3 168.4 168.5 164.5 162.6 160.6 159.9 158.8 157.8 157.5 157.7 156.6 157.9
69.8 77.4 79.9 81.9 89.8 92.6 95.6 98.2 100.7 101.5 103.2 105.8 108.3 112.2 115.5 118.9 122.1 124.9 127.6 130.1 132.7 136.3 141.1 145.7 150.3 154.4 158.1 161.2 163.8 166.1 168.4 170.7 173.1 175.4 177.7 180.8 182 183.2 185 186.8 188.1 188.6 190 190.5 190.3 189.7 189.1 188.5 187.7 187.3 186.6 185.9 185.2 184.5 183.8 183.3 182.8 182 181 181 182.6 181.6 178.1 177 179.9 180.2 180.6 181.6 180.6 173.2 171.4 171 168.9 166.8 164.6 164 163.6 162.5 162.1 161.5 159.3 160.4
69.7 73.4 76.7 77.4 81.6 86.3 91.9 97.5 100.2 101.3 102.8 105.3 106.9 111.2 116.3 119.5 122.7 125.6 127.7 130.2 132.5 134.9 140 144 147.7 151.5 155.3 159 162.3 164.6 166.9 169.2 171.5 173.9 176.5 180.2 182.3 183.8 185.6 187.5 189.1 189.9 191.4 192 192.6 192.3 191.7 190.9 190.2 189.6 189.3 188.7 188 187.3 186.5 186.1 185.6 184.5 183.4 184.5 184.6 184.6 182.4 175.9 180 180.9 182.1 183.5 184.4 178 174.3 173.8 173 170 168.6 168 167.6 167.1 166.5 164.3 162.2 162.1
61.3 71.9 74.5 78.6 77.5 79.9 88.5 95.5 99.2 100.6 102.4 104.8 106.4 109.1 115.3 119.9 122.3 126.3 128.8 131.4 133.3 135.3 138.8 142.6 146.5 150.3 154.2 158 160.4 163 165.4 167.7 170 172.3 175.6 179.2 182.6 184.4 186.3 188.1 189.9 191.3 192.8 193.5 194.1 194.6 194.1 193.4 192.6 192 191.6 191.3 190.8 190.1 189.3 188.8 188 187.5 187.2 186.8 186.7 186.5 186.2 182.7 178.3 181.8 183.6 184.6 186 180.7 176.2 179.1 176.5 174 172.6 172 171.6 171.2 169.9 167.8 166.4 164.9
58.7 69.6 74.4 79.5 74.3 73.3 81.9 87.8 91.8 94.2 100.5 103.9 105.1 107.9 112.2 118.5 119.9 127.5 130.1 132.8 134.2 135.9 138.6 141.9 145.8 149.6 153.4 156.7 158.8 160.7 163.5 166.2 168.5 170.9 174.6 177.6 180.5 184.2 186.1 187.7 189.4 191.4 192.8 193.6 194.2 194.8 196.2 195.8 195 194.3 194 193.6 193.3 192.8 192.1 191.5 191 190.5 190 189.5 189.3 189.1 188.9 188.2 183.9 182.2 184.4 185.5 187.9 187 183.5 178.4 177.9 178.1 176.5 176 175.8 175.5 174.5 173 171.5 169.9
53.8 63.9 68.3 70.9 69.9 68.8 73.8 78.1 85.5 89.2 96.1 100.9 102.9 106.5 110.3 115 116.6 127 131.3 133.6 134.8 135.9 138.5 141.3 145 148.9 152.7 155.2 157.2 158.6 161.1 163.9 166.7 169.5 172.3 175.1 178.1 181.8 184.7 186.2 188.7 191 192.6 193.7 194.2 195.1 196.5 198 197.4 196.7 196.3 196 195.6 195.2 194.9 194.3 193.8 193.3 192.8 192.3 191.9 191.7 191.5 191.2 190.2 188.1 187.4 188.5 190.5 191.3 189.1 181.1 182.5 185.8 181.5 180 179.7 178.8 178.3 177.1 175.5 173.4
