data/NG80.asc
ncols 200
nrows 200
xllcorner 180000
yllcorner 800000
cellsize 50
[rows 105 to 139 of 200, columns 0 to 78 of 200]
276.1 298.5 326.3 356.3 377 414.4 446.7 505.8 544.5 572.9 606.7 633.6 653.3 670.8 680.3 686.4 694.7 689.5 689.9 689.5 694.9 702.7 669 630.8 601.2 581.4 562.5 548.2 537.3 531.7 522.9 521.5 520.9 527.7 536.1 551 576.2 589.1 599.5 598.8 586.9 575.1 567.6 559.5 570.3 586.8 600.5 610.7 620.9 635.1 644.6 645.3 637.8 647.7 691 708 734.5 742.8 739 745.3 741.8 712.8 685.1 649.1 619.4 585.2 581.3 582.5 595.8 616.2 636.8 647.2 676.4 697.6 700.7 703.9 700.3 678.6 671.9
287 314.5 340.5 368.2 393.8 426.8 456.8 502.5 543.6 572.4 604.7 627.6 644.9 664.5 671 675.3 685.1 690 690.6 689.7 697.9 696.3 658.7 624.7 599.9 582.9 566.7 554.7 549.4 542.2 536.7 540.3 543.7 558.9 564 579.6 601.3 626.2 636.3 632.1 622.3 604.9 595.8 595.1 610 637.5 650.5 654.4 662.9 681.6 672.1 664.6 663 671.6 719.2 751.4 752.1 751 749.3 754 761.3 724 694.4 666.8 639.4 619.7 618.9 623.8 633.7 649.8 675.8 691.5 688.5 699.5 699.5 693.5 685.4 664 656.5
294.5 317.8 338.8 376.3 405.4 444.8 465.5 502.4 550 575.1 600.3 616 624.7 646.8 663.5 670.9 679.4 690 691.1 691.8 700.3 695.8 664.5 627.6 599 588.1 575.3 565.7 564.4 558.6 561 570.7 585.7 598.1 594.6 604.2 648.7 666.1 673.2 666.3 660.6 647.3 634.7 632.9 654 665.6 679.6 686.6 704.8 715.2 694 683.1 670.5 696.6 733.9 749.6 750.5 750 750.2 762.8 759.8 720.4 694.5 680.1 665.9 665.8 673.9 678.4 685.2 699.3 715.2 716.8 713 716.8 713.7 691.8 672.5 645.9 632.9
288.2 319.7 343.4 371.4 404.5 441.3 470.8 502.2 542.1 562.6 584.8 602.6 604.9 624.1 643.5 658.9 669.8 683.7 686.7 687.2 690 691.7 668.2 637.1 613.5 595.3 585.6 582.5 578.3 581.8 591.6 604.1 627.3 632.8 629.3 638.4 675.3 707.2 702.7 700.4 700.9 690.2 670.5 668.5 686.9 690.1 706.5 718.3 739 734.6 715.4 696.6 691.9 715.5 737.4 750.1 749 751.1 763.3 774.1 765.9 734.1 709.3 702.7 699.1 706.8 726.8 723.8 731.1 737.6 750.3 735.4 726.6 729.7 720 701 676.9 645.6 612.5
291.3 316.3 340.4 374.8 409.1 441.1 471.7 495.8 524.3 538.2 556.4 573.8 584.5 600.3 615.4 631.5 648.2 661.8 671.8 670.9 678.8 687.9 678.9 656.9 642.4 627.5 615.8 609.4 609.8 630.2 648.4 650.6 665.3 670.6 659.5 669.5 704.3 738.8 736.7 740.4 739.1 725.5 705.2 714.2 731.5 741.7 760.6 751.5 754.1 748.5 731.7 716.6 723.1 732.5 760.6 763.6 759.9 769.1 787.3 807.2 801.8 769.3 755.2 754.5 776.2 785 784 757.5 766.9 768 771 753 746.7 729.1 713.5 691 669.1 639.7 606.8
298.1 317.1 335.4 366.7 395.9 429.7 457 474.2 501 514.4 531 549.7 562.8 575.9 591.1 604.4 624.2 637.8 645.8 652.3 668.2 679.2 694.1 696.9 676.1 656 647 646.5 660.6 683.9 688.8 686.3 702.4 709.1 690.3 699.2 734.9 765.1 774.8 778.2 779.8 763.4 743.2 777 784.2 786.8 781.9 766.2 760 754.6 745.6 741.3 746.3 758.1 772 769.9 768.4 787 815.7 834.4 828.7 809.6 805.7 802.9 814.1 832.6 824.2 811.6 803 788 776.8 755.3 733.5 713.9 693.8 673 648.1 622.5 594.7
301.8 316.2 329.9 361.2 390.6 419.5 445 461.2 476.3 490.6 507.9 525.7 538.2 553 562.8 578.8 594.1 606.8 620.9 641.1 660.3 676.5 697.5 699.8 700.3 696.5 697.1 708.5 729.5 741.9 739.2 731.3 731.5 724.2 710 726 770 798.9 808.6 815 821.3 808.4 789.8 821 819.2 801.1 785.7 771.3 762.6 757.6 754.5 764.3 769.7 775.1 770.3 767.8 781.5 815.9 849.7 866.1 869 864.5 853.8 843.7 833.5 863.8 852.9 838.6 813.4 788.4 759.9 735.7 711.5 685.7 666.3 648 622.9 602 574.8
297.9 315.4 335.7 359 380.4 408.2 429.1 444.4 454.7 472.6 486.9 501 513 528.2 537.9 557 567.3 583.6 605.6 625.7 647.2 667.3 692.3 697.3 704.7 712.2 720.1 738.8 758.9 783.1 771.9 758.9 756.1 743.1 735.5 756.1 807 835.2 842.4 849.6 865.7 844.2 833.2 847.9 820.7 803.8 790.2 778 772 762.6 769.2 786.5 796.3 793.4 787.6 795.4 824 863.7 885.8 904.4 911.1 913.3 896.1 884.3 869.1 857.2 842.5 813.5 790.4 756.4 731.7 707.1 683.4 660.1 636.6 616.6 594.9 573.8 549.8
290.2 308.7 330.4 348.7 370.6 393.2 413.3 429.3 438.5 456.1 467.2 478.3 494.1 505.2 515.9 528 545.3 567.7 587.3 620.2 637.5 664.7 682.8 696.9 710.2 722 737.4 752.5 775.6 799.2 806.4 803.5 792.3 784.8 765.4 798.1 844.3 867.2 880.2 899.4 903.9 876.3 877.7 855.9 828.4 811.7 799.3 800.9 803 801.8 804.7 817.5 813.8 811.5 818.5 829.9 857.5 895 919.9 941.3 951.2 942 928.5 909.1 876.2 839.6 815.1 782.2 755.2 730.8 702.9 673.4 650.1 632.2 607.6 586.5 567.6 546.7 524.8
289.1 301.8 320.7 341.8 358.9 374.9 394 411.9 422.4 436.7 448 460.4 474.6 485.3 495.1 509.6 532.2 558.3 582.8 611.5 629.2 655.9 673 698.8 715.1 733.4 755.3 767.4 786.4 812.8 831.5 845.5 843.3 830.4 810.9 837 875.1 899.1 923.9 944.6 946.7 930.8 913.2 880.1 851.5 829.9 827.3 839.3 851.3 848.8 833.9 825.4 822.2 828.8 836.1 861 890.7 920.1 945.7 942.2 931.4 898.2 888.8 874.2 849.1 820.9 788.1 756.5 718.3 691.2 665.9 640.6 618.6 598.8 579.3 560.1 538.1 516.4 492.9
286.6 298 311.9 330.5 346.9 361 379 395.5 408 423.7 432.1 443.6 456.6 466.1 478 495 516.9 542.4 573.1 599.2 620 644.5 661.2 683.7 706 732.5 759.5 777.5 794.9 822.8 843.8 862.5 875.8 867.8 856 888.9 922.3 938.4 958 973.8 987 966.6 940.9 919.9 893 869.4 880.6 880.8 887 896.1 873.1 848.7 835 841.5 851.9 884.4 914.2 929.5 910.8 898.8 893.3 858.7 837.7 842.6 815 797 761.9 731.2 704.3 666.3 633.1 608.6 580.9 565.5 548.5 531.8 510.2 495.4 471
278 290.4 305.1 320.1 334.7 348.8 364.9 381.3 396.1 406.2 417.9 430.7 442.1 450.2 466.4 485.9 504.5 527.9 560.6 581.9 605.6 629.9 644.9 666.3 691.7 719.3 748 777.3 798.9 821.1 845.9 866.5 883.5 897.6 904.5 924.6 935.3 945 957.7 974.2 991.4 997.8 977.7 955.3 924.3 910 920.2 922.9 932.2 931.2 914.9 882.8 862 867.7 882 908.2 908 885.8 869.6 851.4 839.1 832.1 793.5 797.1 777.4 752.3 735.3 706.1 674.4 642.4 611.6 571.3 549 531 516.9 506.5 492.1 473.2 448.3
270 281.3 293.6 308.3 323.3 339 353.6 370.6 381.7 393 405.9 417.6 430.5 439.2 458.9 477 494 514.4 544 564.1 589.6 612.6 628.7 647.8 672.7 702 735 769.3 789.3 810.9 832.8 853.4 869.5 887.8 903.3 914.9 925.9 937.6 949.6 962.4 977.2 991.4 1007.3 998.3 971 954.6 948.3 956.6 951.6 949 934 914.7 903.4 912.8 928.3 934.9 898.7 838.1 817.6 804.2 798.4 781.3 751.4 756.5 742.3 717 698.8 672.3 640.9 615.1 580.3 547.7 524.3 513.6 501.6 488.9 478.6 450.7 430.1
262.1 275.8 287.2 298.5 313.9 329.4 341.9 356.8 369.1 378.9 393.2 406.2 419.3 431.7 445.7 459.6 475.1 501.2 526.3 548.5 577.5 594.1 609.5 628.5 656.2 680.2 709.5 744.4 767.1 790 813.2 831.6 846.5 864.4 878 893.3 909 920.7 933.1 943.9 957.3 970.3 981.1 987.6 999.6 978.9 966.9 966 963.3 958 946.3 934.6 939.2 952 953 925.8 874.4 820.8 780.1 753.3 743.9 737.4 721.3 714.2 705.9 685.8 662.8 634.8 607.1 585.2 552.2 520 504.5 496.1 488.5 463.6 443.7 428.7 414.6
252.8 268.3 277.8 288.5 303.5 318.1 332.5 346.6 356.1 365.3 382.1 396.2 409.1 421.3 433 446.1 462.7 495.1 512.8 536 560.2 575.3 591.1 609.5 634.8 657.9 687.1 706.9 739.9 768.3 787.9 804.3 822.8 838.2 851.9 870.3 883.9 899 908.8 921.1 932.8 944.5 953.1 965.8 982 998.9 994.6 991.2 986.9 972.2 959.3 957.1 964.4 944.2 906.6 842.6 805.3 768.3 734.6 714.5 697.1 685.5 668.9 665.1 672.3 658.3 637.4 607.5 567 542.8 524 498.5 487 479.4 470.6 454.8 433.1 417.4 404.8
244.8 254.4 270.6 281 291.9 307.6 320.3 331.7 344 355.4 371.4 385.4 396.7 408.1 421.1 435.4 453.4 474.5 494.6 521.3 540.2 554.5 572.5 588.8 613.9 630.6 659.3 684.9 716 736.8 758 778.6 793.4 809.2 825.7 839.6 855.5 868.5 881.6 894.4 904.6 917.1 926.9 941.3 955.7 972.2 991.4 1012 1015.8 1003.9 987.9 992.3 976.8 930.9 894.4 829.5 783.1 748.9 716.8 684.5 663.5 651.3 636.3 629.2 621.3 625.3 610.7 586.1 546.7 515.5 499.8 485.6 476.4 466.4 456.9 446.2 426.7 403.3 394.8
236.6 249.1 261.5 273.4 285.3 298.5 312.1 318.9 330.6 342.8 357.7 370.2 380.9 392.7 408.2 420.5 437.9 457.6 474.3 500.8 519.5 534.4 554.7 570.3 590.3 611.7 634.2 658.1 683.8 709.2 728 749 764.3 777.3 794.7 805.5 824.1 832.7 851.9 861.8 872.1 888.8 902.7 916 931 947.7 964.1 982.3 992 1001.5 1007.2 1009 976.3 927.1 860.4 801.7 761.1 733.3 699.9 662.4 638 632 620 608.8 599.1 585.1 574.2 563.5 545.3 511.6 495.1 485.7 476.4 463 448.4 431.1 411.8 392.8 382.8
233.8 242.7 252.4 263.9 274.9 285.1 296.7 309.2 319.1 329 341.5 354.2 363.5 373 387.9 402.9 419.9 441.4 457.2 481.4 495.9 514.4 531.6 547.9 569.7 588.6 611.8 631.4 658.3 676.6 698.6 718.6 739.1 750.6 759.9 767.2 786.8 796.9 819 828.4 841.5 859.7 876.7 890.5 909.9 925.4 940 954.5 960.4 965.1 967.1 972.2 972.9 933.3 870.2 789.8 755.4 728 697 655.4 636.8 630.7 616.5 597.1 599 590.2 558.1 532.3 526.3 504.7 493.7 484.1 474.3 463.4 451.1 415.1 400.1 386.9 370
229.1 236.4 245.5 253.4 262.1 272.7 284.9 295.4 305.7 316.1 325.4 336.4 346.6 355.5 369.7 387.7 403.8 420.6 439.7 459.4 471.8 487.6 504.4 524.2 544.4 565.6 588 605.4 631 652 669.2 690.3 709.5 719.8 724.2 735.5 750.2 761.8 779.6 793.3 809.7 831.1 845.3 867.5 886.5 901.6 914.5 920.9 927.3 931.9 932.1 933.1 934.1 927.5 919.4 831.8 767.2 728.6 700.8 656.8 639.2 629.2 617.5 594.8 576.1 556.7 525.7 507.4 498.7 489.8 481.9 475.6 468.5 463 452.6 410.5 395.4 384.7 373.9
221.9 229.7 237.4 245.4 250.9 260.3 269 282.9 293.9 304.2 313.1 317.4 327.7 337.3 350.3 366.1 383.9 404.5 418.6 438.2 447.3 470 481.5 499.5 515.7 537.4 563.9 581.4 606.7 624.6 642.7 662 680.2 694 696.9 702.9 714 720.6 735.6 758.3 775.9 792.7 820.7 844.3 862.9 879.9 892.4 894.4 894.5 895.1 895.2 903.3 905.4 909.8 915.7 886.4 797.3 729.2 692.3 670.9 652.1 628.5 613.4 593.5 562.6 527.6 502.2 493.4 481.8 477.5 471.4 467.4 464.4 460.3 447 409.7 395.8 388.5 375.3
215.3 222.5 230.2 234.4 239.7 252.6 262.8 273.3 281.7 293.4 297.7 300.7 309.5 323.8 336.3 349.6 369.8 388.1 401.4 416.9 421.4 444 455.7 471.2 493 510.4 531.8 553.8 580.4 597 614.5 634.8 651.1 664.8 671.9 674.4 680.5 688.2 703.4 719.9 733 764.3 793.8 819 834.5 854.6 871.4 870.5 865.7 858 850.1 862.5 880.9 894 894.9 889 826.4 751.8 720.6 699.1 681.7 653.1 626.3 605.4 579.9 537 482.6 471.3 468.4 465.6 462.2 460.8 457.7 451 431.4 408.1 397.4 389 385.1
210.1 215.8 219.1 224 231 241.6 253.8 262.9 270 280.2 283.3 288.2 293.9 311.8 318.1 334.5 352.9 368.7 382.4 396.3 399.3 422.2 433.7 450.7 468.6 491.4 504.9 528.9 554.4 566.8 588.3 603.9 623.7 633.8 642.8 643.6 652.6 662.5 670.5 687.6 700.2 734.2 763.8 803.4 816.6 829.9 838.5 838.8 835.3 828.1 823.9 823.4 837.9 851.2 864.4 868.8 848.1 792.3 760.2 738.8 720.4 676.6 652.7 621 577.6 513.6 487.7 475 468 460.7 456.3 455.2 454 442 429.9 410 397.6 392.4 387.3
203 208.1 210.7 215.6 221.9 231 240.2 250.2 259.2 266.9 270.8 273.2 279.8 294.3 303.2 322.5 338.6 348.5 359.2 373.4 375.4 404.5 415.6 430.5 444.9 464.3 479 503.3 529.2 540.3 555.8 576.3 595.3 604 611.2 614.7 621.3 635.1 651.2 661.5 672.6 695.5 737.1 771.3 797.3 812.2 821.9 823.7 825.6 821.9 815.9 809.9 811.1 822.2 845.2 853.1 843.7 822.3 817.9 811.3 801.2 753.1 673.9 630.6 571.6 529.6 499.9 469.1 461.4 456.6 452.9 448.9 447.6 439.8 436.8 433.9 427 418.4 411.3
194.1 198.8 201 208.4 215.7 220.8 227.1 237.3 245.4 253.7 257 261.3 266.2 276.7 283.2 302.6 312.1 329.2 340.3 350.7 359.1 379.8 392.5 411.3 426.5 443.6 459.4 476.1 498.7 509.7 529.6 544.9 566.9 572.1 576.6 583.1 600.9 611.5 631.8 643.2 649.7 667.5 692.3 740.7 764 794.8 806.1 809.1 811.4 810.4 810.7 808 804.7 809.3 822.7 834.1 822.6 818.4 827.4 831.3 815.9 753 677.6 619 587.8 562.1 498.3 468.6 462.3 466.2 464.7 460.6 451.3 453.5 456.6 462.1 463 458.3 450.9
183.5 188.9 196.5 202.4 208.1 212.6 220.8 230.1 237.7 243.8 247.6 253.5 259.1 266.1 271.2 283.4 296.9 312.7 325.3 330.6 343.5 363.7 374.1 390.2 406.1 418.6 438.9 455.8 471 484.7 504.6 513.4 534.7 539.8 545.9 558.4 573.8 589.2 614.3 625.9 630.9 643.7 658.4 700 731.2 753.2 772.6 788 790.4 791.9 798.3 795.2 792.7 800.8 812.3 820.8 818.7 817.9 820.1 824 794.7 739.3 688.8 640.8 624.4 584 523.9 486 483.5 490.2 488.9 461.1 455.7 466.5 472.5 478.1 482.1 482.2 476.1
175.6 181.8 187.6 194.3 199.2 205.7 213 220.3 227.4 232.4 237.4 242.2 250.1 257.7 261.6 273.4 284.5 297.8 306.1 314.1 330.6 343.9 347.5 367.7 384.3 398.8 418.7 434.9 449.2 460.9 473.9 482.4 506 516.9 519.8 532.6 548 559.5 583.5 612.9 620.5 628.4 648.2 663.3 686.7 708.1 731.1 744.8 758.6 756.9 766.2 762.2 764 788.8 797.9 806.2 803.8 806.2 820.5 840.4 825.2 777.6 752.1 704.2 666.3 616.6 583.3 535.3 521 520 500.5 469.3 463.6 479 488.1 492.8 501 507.8 513.3
170 174.4 179.2 184.2 193 198.6 205 211.7 217.1 221.9 227.8 233.7 239.5 246.8 253.8 264.9 274.8 284.6 292.8 298.1 318.5 325.8 339 354.6 370.7 384.4 401.1 414 428.9 439.5 449.6 456.8 480.8 496.3 494.2 503.9 524.1 538.6 561.2 592.8 604.8 605.9 622.2 645.6 652.6 662.7 687.5 704.6 721.4 726.2 726.4 727.4 731.1 750.3 770.8 764.7 768.8 790.2 806.4 829.6 836.5 820.5 809.6 771.7 735.5 688.3 632.6 598.8 568.3 557.5 518.4 491.9 485 497.8 509.6 523 541.1 556.9 565.8
165.2 169 173 178.4 184.2 190.8 197.6 203.5 207.1 212.1 217.8 224.7 231.8 238 244.6 257.6 264.6 275.1 282.3 288.2 304.3 317.1 329.6 343.6 357 370.3 384.4 399.8 413.8 421.3 435.5 439.1 457.7 465.9 468 473.5 492.1 518.6 544.6 570.9 583.4 589.1 592.6 605.3 614.4 626.1 644.6 664.2 667.8 681.2 678.2 679.7 684.8 701.9 712.4 722.1 743 764.2 786.8 802 826.4 842.7 839.6 803.3 797.1 743.9 709.4 663.6 606.6 585.8 549.5 519.2 516.8 528.7 541.9 555.8 580.3 605.3 623.4
160.5 164.3 168.2 173.7 179.9 185.6 191.7 197.1 200.4 205.9 212.3 220.1 227 232.4 239.3 247.6 256.9 266.9 269.5 276.4 291.8 302 316.9 327.7 341.6 354.4 369.6 384.4 393.5 404.9 413.1 417.6 434.8 444.8 444.9 454.4 466.2 490.1 514.6 538.8 560.4 568.1 569.6 584.3 587.1 601.7 625.4 645.8 647.8 661 655.3 653.6 648 669 680.7 697 723.6 742.7 752.5 765.7 789.2 809.2 822.4 839.6 844.6 820.3 770.6 688 634.5 614.2 580.6 559.9 551.6 561.9 570.3 589.5 621.3 646.5 672.7
157.3 160.4 165.2 170.1 176 182 188.3 192.4 197.3 202 209.5 215.5 220.7 225.8 231.2 240 249.6 256 258.5 270 282.1 291.9 302.5 312.8 326.9 340.4 353.1 366.1 379 387.1 391.3 399.5 414.5 424.4 432.4 436.1 447.5 467.4 489.2 506.9 548.7 555.7 551 561.7 562.9 591.4 615.3 615.1 615.1 634.2 628.9 617.6 619.3 627.1 657 682.6 695.1 714.8 715.5 733.7 752 773.8 804.1 829.5 847.7 819.9 764.7 700.4 660.4 629.3 613.5 597.2 586.8 588.2 592.7 616.2 651.6 680.1 705.3
155.5 158.3 161.1 166.1 171.5 178.2 183.8 189.8 194 198.4 204.7 209.3 212.4 216.8 221.7 230 239.5 245.3 251.5 258.3 269.5 278.9 285.7 296.4 310.3 323.6 337.6 350.5 365.4 371.2 376.1 385.6 399.9 404.1 409.8 421.1 435.7 450.4 459.2 494.4 518.6 536.5 530.7 532.6 543.5 571.4 591.9 591.8 589.5 591.9 590.5 585.3 595.2 613.1 636.8 652.3 671.3 689.6 696.9 705.2 715.3 744.1 790.4 816.9 840.7 824.7 771.5 730.9 685.5 663.2 640.7 623.8 613.3 612.5 624.9 649.6 676.9 708.3 719.6
152.8 154.8 157.5 161.1 166.6 173.4 179 182.6 187.6 194.6 200.7 202.7 203.2 206.3 211 217.9 225.1 234.5 235.8 240.9 252.1 262.2 273.1 286 302.3 313.4 326.8 338.7 349.3 353.7 361.2 371.7 380.3 386.1 394.5 408.1 419.9 427.2 440.5 474.3 498.7 513.3 511.1 511 516.1 544.6 571 575.4 562 564.2 567.5 569.4 573 589.8 604 622.3 637.6 648.7 670.8 682.3 702 726.2 756.4 777.9 799.3 801.8 791.2 775.1 736 708.9 679.3 659.5 650.4 650.7 662.6 680.8 703.4 730.7 725.6
149.7 151.3 153.9 157.2 161.1 166.1 172.6 177.5 180.7 188.3 190.1 195 201.5 209.2 214.1 219.3 221.3 222.9 231.4 239.5 241.6 246.1 260 272.6 285 297.1 310.3 321.4 329 335.8 344.8 357.5 368.1 372.7 377.9 390.1 402.5 411.3 428.5 458 481.6 502.8 500.7 494.5 498.1 522.7 528 525.6 539 542.2 541.5 548.7 556.8 577.8 596.7 611.7 616 626.4 650.7 646.1 667.3 687.2 712.2 734.9 755.2 773 770.4 765.7 752.3 747.9 725.4 701.3 685.8 692 703.5 709.9 727.7 743.4 722
141.3 143.9 145 146.7 155.4 161.1 166.2 171.2 180 186.2 192.4 200.3 206.5 213.7 220.4 226.7 230.9 235.5 240.5 247.2 252.6 256.6 259.5 261.3 268.7 279.6 290.9 303.5 313.4 322.1 329.4 341.2 351.6 360.6 367.4 373.8 383.7 395.5 412.6 431.2 447.3 473 481.3 475.6 476.5 489.3 492.5 500.9 506.8 509.7 529.1 541.9 554.8 573.6 572.7 572.4 582.3 598.5 608.4 623.9 628.5 640.3 672.5 696 709.6 735.2 728.6 733.7 733.6 721.3 699.1 718.4 732.2 727.2 729.1 733.5 746.9 753.8 717.7
150.8 152.2 154.7 158 162.2 166.8 171.4 175.1 180.2 188.3 191.6 200.8 205.8 214.1 220.1 226.7 234.5 244.6 254.9 260.1 264.2 269 269.8 274.3 274.5 275 281.3 291.8 304.3 313.5 322.9 329.3 338.5 348.2 356.5 362.1 371 378.8 400.2 408.7 418 445.2 458.4 455 456.7 461.7 472.2 483 489.9 490.5 519.9 542.1 539.6 552.5 548.2 537.6 541.7 572 578.9 576.3 583.6 594.8 627 657 675.4 691.9 684.1 697.6 705.6 684.8 702.5 734.5 742.2 738.5 743.6 751.5 761.5 768.4 728.1
