data/NG95.asc
ncols 200
nrows 200
xllcorner 190000
yllcorner 850000
cellsize 50
[rows 70 to 104 of 200, columns 0 to 78 of 200]
93.2 109.1 111.8 113.9 117.4 124.2 129.9 131 146.3 163.5 179 204.4 227.6 247.2 278.1 319 338.8 361.7 377.2 390.2 406.9 418.5 424.8 429.2 438.4 454.3 466.2 463.3 447.1 418.4 383.4 351 340.1 333.6 328.8 309.7 292.8 282.1 271.4 265.5 255.2 236.3 219.5 204.2 205.9 202.9 195 187.3 172.3 154.1 137.9 131.2 124 114 103.8 94 82.4 72.8 71.6 70.9 68.1 62.4 55.9 54 54.9 55.2 51.8 51.2 51.1 52.9 54 54.3 53.8 53.2 53.9 54.4 54.9 55 54.8
75.7 85.1 87.6 95.3 103.7 111.1 116.5 117.2 128 143.7 159.2 186 209.7 231.7 251.2 278.9 313.7 339.9 353.6 362 372.7 387.1 394.5 401.1 405.9 409.2 421.1 412.6 386.1 366.8 343.6 331.1 329.5 307.6 303.5 286.9 274.7 260.7 247.6 241 230.6 215.9 206.7 193.6 181.4 179 176.2 167.7 146.9 125.7 117.3 110.5 101 91.2 84.3 76.9 69.2 62.5 63.6 63 62.6 60.5 55.1 52.4 52.3 51.2 50.8 51.8 51.1 52.4 53.6 53.7 53.4 52.8 54.1 54.8 54.3 54.2 55.5
49.5 59 71.5 82.3 91.5 100.2 104.1 105.6 113.9 129.3 155 167.1 185.6 216.3 237.2 253.3 277.5 308 326.8 332.6 333.7 344.6 356.3 356.9 362.9 367.5 362.4 354.9 341.1 328.9 316.2 304.8 316.5 301.3 286.3 271.8 254.5 238.4 227.6 221.4 206.6 203.8 194.2 184.1 159.3 151.6 150.7 140.8 123.3 103.8 99.3 94.6 87.1 78.4 71.1 65.9 60.9 59.6 60.9 60.1 60.8 61.6 54.9 51.3 50.9 51.9 52.1 52.4 51.6 52.7 53.2 53.2 52.9 52.6 53.4 54.6 55.8 55 55.4
47.2 56 65 74.3 83.9 89.6 93.3 95.5 101.6 118 145.4 156.3 173 190.4 224.3 240.1 256.4 273.5 287.1 296 299.3 309 316.3 321.3 326.1 331 327.7 323.7 310.2 296.2 284.4 292.2 296.7 282.3 257.4 245.1 234 222.1 211.7 193 194.2 194.5 174.5 159.7 143.7 134.2 130.6 118.8 102.7 88.7 86.6 79.9 73.9 67.8 61.4 58.2 58.7 58.2 58.9 58.8 59.9 58.7 50.2 50.2 51.1 52.4 52.8 53.6 52.7 52.3 52.7 52.7 52.4 53.1 54.6 54.8 56 56.7 56.3
45.6 53.4 60.4 68.7 75.3 81 84.2 87 92.2 110.3 131.8 149.3 161.6 181.9 197 225.6 245.2 260.1 268.8 275.5 278.7 285.4 297 299.5 300.7 302.7 300.3 294.9 284.5 270.7 274.8 279.8 276.3 266.6 246.1 209.3 205.6 199.2 186.8 176.9 180.1 173.6 154.2 142.8 127.8 116.8 108 97.4 83.3 79.1 75.2 68.8 65.6 60.8 56.1 56.3 56.9 56.9 57.2 57.2 57.2 56.4 50.3 52.1 52.3 52.6 53.4 53.7 53.2 52.8 53.3 53.6 55 55.5 58.2 57.5 56.5 56.8 57.1
41.9 48.8 55.9 61.2 66.9 72.6 76 79.8 94.6 108.7 125.3 145.9 155.7 168.3 189.4 196.9 219.5 251.4 262.1 257.6 264.4 270.6 276.2 279.4 279.9 277 276.1 274.9 263.3 264.5 260.4 260.3 259.1 249.8 234.9 205.5 174.8 169.5 166.2 163 162.4 153.7 138.5 128.2 117.7 101.6 92.4 82.4 74.9 70.6 65.9 61.2 60.7 56.5 53.7 54.4 55.3 55.1 55.4 55.6 55.2 49.7 51.2 54.1 54.9 54.4 55.8 55.5 55.6 56.5 57.1 58.3 62.6 63.8 63 62.7 60.8 60.6 60.6
39.4 46.1 49.8 54.3 58.8 64 67.5 75.2 100 100.2 111.7 138 148 158.2 170.9 182.2 196.5 216.7 232 240.8 247.5 250.8 252.2 255.4 253.4 249.2 249.9 244.4 235.3 253.9 243.6 243.1 240.2 232.4 215 191 168.5 150.6 153.9 152.1 144.7 135.2 127.3 114.3 103.3 87.8 79.4 72.5 64.3 61.6 56.7 55.3 55.3 52.3 52 52.4 51.2 52.9 53.2 54.7 54.4 47.4 52.6 56.5 58.7 62 66 62.3 65.3 71.4 76 80.8 92.7 93.9 82.4 78.4 70.9 71.6 68.3
35.4 39.7 43.6 47.5 51.9 55.8 58.7 62.4 76.3 87.8 104.5 126.6 135.9 144.9 153.8 164.8 175.7 189 202.9 214.9 223.2 227.2 225 226.9 227.3 221.1 216.4 210.7 217.5 227.4 226.8 231.8 222.4 209.3 191 171 154.5 142.5 144.8 139.1 127.7 122.1 115.9 103.2 85.3 76.4 68.6 61.8 54.7 52.6 49.5 49.5 49.1 49.8 50.8 48.5 48.4 45.9 44.4 45.4 46.9 51.4 57.1 62.7 70.8 77.8 86.6 93.5 92.1 104.2 104 109 116.6 117.8 106.8 101.5 100.4 101.5 96.8
31.9 34.3 38 41.5 45.1 48.1 52.2 57.1 60.6 75.4 95.7 110.3 118.3 124.1 135.2 144.7 150.8 160.4 173.2 180.8 190.9 192.8 191.6 193.2 195.1 193.2 189.1 192.9 201.4 209.6 204.1 213.9 204.2 191.3 171.3 151 141.7 136.8 119.5 124.1 114.4 109.3 102.8 83.7 77 65.2 58.2 52.6 48.4 47.9 46.5 47.3 48.2 48.4 49.5 48.3 43.4 46.5 50.3 54.7 67.8 82.2 88.1 95.1 105.2 114.9 113.1 126.5 125.9 132 133.1 144.4 154.8 148.8 131.2 131.2 129.9 131.5 131.3
28.8 30.4 33 36.7 39.1 41 43.8 46.9 51.9 61.6 78.1 90.2 97 104 111.9 120 128.1 135.4 143.1 150.4 155.1 159.2 163.3 163.1 165.3 163.4 162.7 173.4 175.7 182.2 182.4 194 185.8 173.5 154.3 134.6 132.5 122.2 108.7 106.9 99.7 93.4 80.7 70.3 64.3 56 50.9 47.7 44.9 44.7 43.3 45.4 47.2 47.2 48.3 47.4 41.4 50.2 66.3 82.8 102.1 124.7 142.9 150.4 152.6 158.7 148.4 160.8 156.3 157.7 179.6 188.1 181.3 170.3 156.9 160.6 161.7 169 170.6
23.9 26.6 28.4 30.4 32.6 33.9 35.3 36.2 37.7 60.3 72.2 78.7 80.9 85.6 91.5 98.4 105.7 111.6 117.2 122.6 126.7 131.9 135.4 133.5 130.2 132.4 139.6 149.5 149.9 154.6 157.8 169 163.9 158.9 136.3 124 111.6 103.1 101 87.4 83 76.6 64.9 60.3 55.5 48.6 44.3 42.8 42.6 42 40.7 40.8 41.5 40.1 39.4 41.6 56.2 70.4 90.6 120.4 150.2 178.7 195.6 202.1 191 187.3 184.8 201.9 198.1 202.1 212.9 217.2 214.2 205.2 190.6 200 200.8 203.4 218
19.4 21.8 23.8 26.3 27.9 28.4 28.8 27 26.5 42.4 52.2 59.1 63.7 68.4 72.7 75.4 85.8 89.1 88.6 90.1 91.5 93.7 97.8 103.2 101.2 106.4 121.5 130 127.9 132.1 136.5 148.4 151.2 146.6 123.7 108.7 91.2 89 83.6 72.9 65.9 57.9 53.1 47.6 45.7 40.8 38.8 39.3 39.2 37.1 37 37 37.4 46.6 50 61.2 81.6 99.6 121.5 157.6 184.6 218.6 234.6 238.1 227.9 224.9 224.5 235.7 227.7 231.8 247.9 255.2 251 238.4 243.4 250.9 249.1 249.1 240.6
16.3 18.7 20.1 22.1 22.8 23.2 23.6 22.5 22.1 26.7 34.7 33.9 39.6 40.8 47.3 54.4 66.7 69.8 67.7 72.9 76.5 81 79.6 73.2 78 81.4 100.2 108.4 112.6 115.6 118.3 131.4 130.7 119.4 103.7 91.9 79.7 71.1 62.1 57.2 54 49 44.6 39.5 39.4 34.3 35.9 36.7 37.7 37.9 39.4 39.9 43.3 51.3 66.5 91.3 105.9 123.3 159 194.2 223.9 248.6 264.1 271.8 265.4 256.2 252.9 265.7 273 279.2 283.8 283.2 277.5 264.5 258.9 274.5 273.6 275 269.3
13.6 16.2 16.5 17.4 17.6 18.1 18.3 17 14.6 15 15.2 14.4 18.3 21.9 29.1 35.2 42.1 50.7 60 66.7 72.9 73.7 68.6 56.3 59.2 67.6 74.1 81.8 88.3 94.9 102.5 108.2 102.3 97.2 86.4 71.2 60.3 47.4 43.9 44.5 45.8 43.4 39.3 37.6 34.7 34.2 36.5 37.2 38.5 40.3 41.7 44.1 48.8 63.3 90.4 104.3 136 163.7 192.5 230.6 258.6 276.2 289.6 301 295.5 282.2 284 294.4 302.8 316.2 318.6 312.9 306.9 297.3 287.5 298.8 296.7 292.3 288.2
10.8 12.2 11.5 12.7 13.1 12.8 12.5 12.4 12.1 12.5 13 13.2 13.8 16.4 21.1 25.4 28.5 42.9 51.1 56.3 61.5 56.1 52.4 43.3 53.7 67.2 69.2 75.7 73.7 75.2 77.8 79.1 79 75.1 68.1 57 48.9 39.9 37.3 39.1 40.3 39.6 37.6 35.5 32.7 34.3 36.2 37.6 39 40.8 42.8 47.7 60.8 77.5 105.5 137.9 156.5 188.2 229.2 262.1 289 309.1 323.8 328.4 314.3 305.3 309.5 317.1 328.9 342.9 343.6 340.1 332.6 320.3 314.2 317.2 317.8 316.1 313
7.9 8.5 9 9.8 10.6 11.3 10.9 11.7 11.2 11.5 12.1 13.1 13.6 14.7 16.6 16.7 24.9 23.1 28.4 26.4 31.5 38.8 33.6 34.4 51.1 61 63.9 71.5 67.9 73.5 79.6 79.4 80.1 75.5 64.4 57 48.3 35.7 34 35.9 37.1 38 35.7 32.8 33.5 34.7 36.3 38.1 39.4 41.9 52.1 64.1 77.9 95.6 126.8 151.4 179.2 226.3 254.1 292.9 315.8 329 344 344.1 330.4 321.1 330.4 345.8 358.5 362.7 358.8 355.2 352.3 349.7 341.6 343.7 340.5 336.2 332.3
7.5 8 8.1 8.7 9.6 10.5 10.2 11.2 11.3 12.6 12.3 12.9 13.7 14.5 14.5 15.8 16.7 17.3 17.9 19.4 21.5 23 22.9 26 38.9 45 46.7 47.2 59.5 71.8 75.3 71.9 67.8 68 57.9 51.4 39.5 30.9 31.3 32.7 33.7 35.7 32.6 32.3 33.9 35.4 36.8 38.3 43.4 58.5 70.7 85.8 99.5 117.5 144.4 178.3 215 244.9 278.7 309.8 329.8 342.7 358 355.9 344.7 333.4 353.1 372 383.4 386.5 379.4 373.4 369.9 365.3 355 353.6 351.4 355.1 362.3
7.2 7.4 8.2 8.7 9.8 10.1 10.4 10.7 11.1 11.4 11.8 12.3 13 13.9 14.6 15.4 16.5 16.6 17.2 18 19.1 19.7 20.3 21.9 28.6 30.6 39.4 44 56.6 66.3 66.1 55.5 59.5 52.9 48.9 40.4 29.4 29.6 29.8 29.6 30.5 30.2 30.5 32 33.6 36.1 37.7 41.4 58.3 71.7 90.5 111.7 131.9 153.8 176.5 224.1 245.8 270.6 297.5 331.6 349.2 362.2 372 365.8 353.7 348.8 367.2 388.8 398.7 397.3 392.7 384.6 380.3 374.4 364.2 377.3 377.2 382.3 390.2
7.7 7.8 8.4 9.2 9.6 9.9 10.4 10.8 11.1 11.4 11.8 12.4 12.9 14.1 15.1 15.4 15.9 16.1 17.3 18.2 19.4 19.4 19.9 21.6 22.3 27.5 30.9 39.6 48.7 53.7 49.5 46.5 39.3 42.2 36.3 27.6 27.7 28.2 28.2 27.2 26.8 28.9 30.4 33.2 34.3 36.7 41 53.2 70.2 88.6 118.5 150 173.7 200.8 230.1 253.8 275.8 296.8 327.1 352.5 367.6 375.8 379.4 370.3 358.4 350.3 374 394.8 400.8 401.1 398.4 389.5 382.7 381 377.8 386.8 392.5 400.7 416.5
8.1 8.1 7.9 8.7 9.2 9.6 10.1 10.6 11.1 11.5 11.9 12.7 14.2 15.5 16.3 16.3 16.2 17.1 17.8 18.7 19.3 19 19.6 20.7 21.8 22.7 28.3 35.3 37.4 32.7 38.5 33.3 31 30.7 27.3 26.4 26.3 26.5 26.6 26.5 28.9 30.9 33.2 35.3 37.7 47.7 51.6 59.9 84.4 114.9 160.5 194 228.1 256.6 265.3 281.6 307.1 332.9 352.3 363.5 374.6 388.8 385.4 370.2 359 355.1 379.1 397 404.7 403.6 399.8 393.3 384.9 387.8 385.5 389.5 402.9 416 422.8
8.1 8.3 8.2 8.5 8.8 9.3 9.7 10.1 10.7 11.5 12.7 14.2 15.7 16.9 17.8 17.3 17.5 17.5 17.1 17.4 19.2 21 22.2 20.8 21.2 22.5 23.3 29.3 28.1 27.9 28.7 24.7 24.5 25.1 25.2 25.7 25.3 25 27.7 29.6 31.6 34.7 40.2 45.5 50.3 60.5 62.3 72.8 105.3 160 207.8 240.8 272.1 289.2 297.4 311.4 338 356.5 364.9 375 388.9 393.6 380.6 369.6 360.9 368.8 387.3 402.4 405.3 401.2 396.9 390 390.6 392 388.5 398.3 407.3 418.3 423.5
8.3 8.5 8.6 8.5 8.8 8.9 9.6 9.8 11.1 12.7 14.4 15.7 17.2 17.9 18.1 18 18 17.9 16.9 15.7 17.4 18.8 19.6 19.5 20.6 21.8 22.2 22.8 23.8 23.3 23.5 23.3 24.1 25.5 24.9 24.3 25.7 27.8 30.3 32.4 35.4 39.9 44.9 51.5 62 71.1 77.5 97.6 133.7 186.1 249 271.7 294.4 319.2 325.7 333.1 356.5 363.5 375.2 387.9 395.9 394.3 384 375.4 371.3 383.3 408.7 406.7 401.7 401.2 393.1 391.6 397.2 394.2 390.6 388.5 402.2 414.9 420.6
8.3 8.5 8.1 8.5 8.8 9.1 9.1 9.9 12.4 14.1 16.1 17.2 17.6 18.5 20.1 22 18.4 16.4 15.8 15.1 16 16.1 17.1 17.6 19.1 19.7 19.5 19.3 20.2 21.5 21.7 21.9 22.6 25.1 24.4 24.5 26.6 30.3 32.7 35 44.3 57.2 62 64.3 74.8 93.5 105.9 123 157.2 236.7 270.8 293.2 319.2 332.9 343.4 351.9 366.4 373 394 406.6 409.2 410.1 394 381.9 377 392.9 410.9 406 403.5 398.6 390.9 390.4 397.6 388.9 388.8 383.2 393.3 408.2 417.5
8 7.8 8.2 8.5 8.8 9.2 9.4 11 13.2 15.3 16.5 17 17.3 18 16.8 14.4 15.3 14.5 13.9 16.7 16.7 17.5 17.8 17.6 17.8 18.2 19.5 20.5 21.2 21.7 21.9 22.5 22.7 22.5 23.9 24.2 29.3 32.5 43.9 52.7 63.8 78.8 83.1 82.8 91.4 117 139.6 143.3 167.6 250.5 295.4 318 332.1 348 353.6 358 375.2 398.2 407.7 413.7 420.8 409.4 396.1 386.8 380.4 391.5 401.7 405.9 400.7 394.5 388.4 396.7 391.2 380.3 381.8 383.3 389 399 407.3
7.7 7.6 8.1 8.6 9.1 9.6 10 11.6 14 15.5 16.5 17 16.2 14.3 13.5 13.1 14 16.5 18.8 21.5 22.9 23.1 26.3 27.8 23.8 22.8 21.2 21.6 22.4 23 23.1 24.6 27.1 26.4 24.2 28.8 34.9 44 59.3 71.5 87.5 98.5 106.1 109 114 135.4 155.4 170.8 191.3 258.7 316.8 329.9 345 356 359.9 364.5 396.5 414.2 426.2 423.4 420.6 417.2 403.1 385.1 384.7 392.1 390.1 398 395.6 388.1 383.5 391.2 381.6 370.2 378.1 385.4 386.7 400.7 402
8.1 8.2 8.4 8.9 9.5 10 10.4 14.1 15.8 15.8 17.7 16.2 11.9 12.5 15.9 20.4 22.3 23.2 25.4 23 22.6 22.7 25.4 27.1 27.1 25.1 23.4 22.8 23.5 24.3 24.5 26.4 28.2 29.9 36.4 47.2 54.1 63.1 74.4 96 111.6 124.9 136.1 149.4 156.3 162.5 177.6 192.6 219.3 264.1 322.9 339.9 356.9 363.2 363.7 376 410.2 427.4 427.2 426.7 430.1 416.1 394.7 380.7 384.8 388.8 385.5 389.6 390.7 383 380.9 380.7 373.5 358.6 365.4 379.9 381.1 381 391.8
9.3 8.3 8.5 9 9.5 10 11.2 15.3 16.4 16 16.7 11.5 12.8 18.4 23.6 28 26.4 22.6 21.5 20.3 20.2 21.1 22.8 24.6 23.9 23.2 23.2 24 24.3 25.9 28.7 28.8 29.8 34.3 49.1 65.5 71 82.3 100 116.4 136.4 152.5 170.8 185.4 194.2 204.4 210.5 218.2 242.5 292.7 329.5 350.2 362.3 363.9 370.3 402.7 424.6 429.1 427.2 429.8 425.3 408 388.4 380.7 384.7 385.6 383.1 386.9 384.8 382.3 375.9 369.2 364.6 353.4 343.4 351.9 362.1 377.4 376
5.9 6.7 7.4 8.6 9.1 9.5 10.6 13.7 15.4 15.3 12 10.4 15.4 21.3 18.6 22.6 20.3 18.7 17.4 18.5 19.3 19.7 20.5 21.6 21.2 22.1 22.6 24.8 25.2 26.5 32 31.4 34.2 53.8 71.5 81.6 96 109.6 124.1 144.6 162.6 178.6 190.8 205.3 222.9 238.2 243.8 265.8 286.1 309.1 337.9 353.3 363.6 377.9 396.4 417.4 425.5 430 428.5 429.6 418.2 402 383.5 387.9 385.5 383.7 384.4 385.3 378.1 368.8 365.1 357.7 349.7 340.1 327.9 334.3 349.9 358.3 362
5.6 6.1 5.9 7.4 8.6 9.1 9.9 11.3 10 8.8 10 10.4 14.2 12.2 12.9 13.2 15 15.2 13.9 14.8 18.7 19.2 19.5 20.3 21.1 21.9 22.8 26 26.8 27.5 32.5 35.2 45.1 62.1 81.2 92.3 108.4 119.4 139.3 167.2 184.1 199 213.7 231.8 261.5 275.8 271.8 287.5 305.7 317.3 341.2 362.3 389.4 397.1 409.4 423.8 424.2 428.4 428.8 425.8 411.3 392.9 380.7 390.3 386.2 383.3 391.9 383.4 372.2 360.8 351.9 350.5 339.8 324.9 315.9 322.9 347.3 342.5 347.4
5.7 5.4 4.1 5 5.5 10 6.9 8.8 8 15 12.8 14 19.8 18 14.9 13.1 13.4 13.5 14.7 14.9 15.2 18.2 18.7 19.9 21 21.7 24 26 28.6 29.1 33.4 39.2 51.8 77.4 89.8 100 107.6 128.8 153.6 177.7 201.2 221.8 244 257.9 287.6 295.1 288.6 305 319.1 329.7 356.2 371.8 395.6 403.6 419.9 423.2 420.3 425.4 432 417.6 406.6 384.3 380.2 384.4 382.2 382.6 389.1 381.8 370.8 358.9 346.1 344.9 333.9 320.2 312.7 317.9 344.2 336.4 329.8
5.1 5.2 5.5 7.8 10.2 13.8 14.1 11.8 22.5 22.3 17.8 18.2 19.1 18.1 15.8 15.7 15.4 14.7 15.9 16.8 16.9 16.8 17.9 18 20.7 22 23.1 26.2 30.1 31.7 37.7 47.8 61.7 79.2 90.7 98.9 112.6 145.5 170.3 195.3 224.7 247.1 265.5 278.4 295.3 309.1 311.5 315.3 325.6 342.4 357.3 379.5 397.5 411.6 421.5 421 415.2 414.4 419.1 405 384.2 379.4 379.2 378.8 378.8 385.1 386.9 379 369.6 357 341.7 340.7 328 315.1 311.6 313.5 324.1 329.1 323.3
5.1 5.6 7.7 9.4 11.5 17.5 20.3 23.5 22 21.6 20.8 22.2 22.7 18.2 18 17.6 17.5 16.4 16.9 17.8 18.5 16.8 16.9 17.7 21.3 25.6 24 25.7 30.9 34.7 42.1 54.2 69.2 79 90.4 102.8 127.5 161.8 186.4 218.8 240.6 266.4 283.2 291 302.8 310 314 317.3 326.3 346.3 354.2 381.4 399.1 409.5 414.4 416.3 409.3 397.6 401 388.9 379.4 379.4 376.5 377.3 382.5 389 381.5 371.5 358.9 345.5 332.8 330.7 319 309.9 318 313.1 317.6 323.2 320.3
5.3 6.3 7.6 10 12 15.6 20.9 24.8 22.8 22.2 22.4 24.4 20.3 19.6 20.1 19.6 19.5 18.3 17.9 18.7 19.3 19.9 19.7 22.1 27.1 32.7 30 27 29.6 35 45.1 62.5 70.7 76.8 92.6 123.7 152.6 175.7 205.4 233 263.5 280.4 291.5 297 299.6 301.1 314.2 319.1 322.3 336.8 351.6 359 393.8 406.1 403.3 404.8 397.8 384.7 385.3 380 378.3 375.3 372 372.9 384.5 381.8 372.8 364 352.1 341.9 330.3 325.5 313.7 306.3 317.5 317.9 323.5 321.6 310.6
5.9 6.4 7.6 9.1 15 19.1 22.2 26.5 24 22.5 22.5 22 19.6 19.9 20.4 21.4 21.6 20.4 19 19.4 19.9 20.4 20.8 24.2 33.7 37.6 37.7 32.2 34 39.6 55 67.7 73.2 76.5 113.5 143.1 164.3 187.4 208.7 234.6 264.8 281.8 294.7 299.2 298.6 308.8 315.2 316.1 316.7 329.8 343.2 348.8 369.3 396.5 396.8 388.7 379.5 367 367.7 373.4 372.2 368.2 363.9 370.9 383.1 375.1 365.7 357.4 346.7 335.4 321.3 316.2 303.7 302.2 316.1 321.2 326.4 315.8 300.1
6.7 7.3 8.5 10.5 12.4 16 18.9 21.9 22.8 22.5 21.8 19.6 20.1 20.1 20.6 21.1 21.5 20.8 19.7 19.9 20.4 20.9 21.7 22.5 33.7 40.5 39.6 36.7 39.4 47.5 58.5 65.8 73.3 90.1 120.5 154.7 173.9 186.9 204.4 225.5 240.1 271.4 285 292.8 291.1 306.4 314.6 315.4 315.4 327.4 336.2 343.9 355.9 369.1 383.5 369.9 358.7 365.4 373.1 371.4 367 364.3 364.4 370.4 372.8 364.9 355.2 348.2 339.3 326.4 315 308.2 301 304.8 315.1 316.4 318 309.1 293.2
