data/NG97.asc
ncols 200
nrows 200
xllcorner 190000
yllcorner 870000
cellsize 50
[rows 0 to 34 of 200, columns 0 to 79 of 200]
107.9 111.4 121.6 132.7 145.7 153.5 166.3 181.7 188.6 185.9 189.2 189.9 190.5 194 199.9 206.1 210.1 210.3 205.6 203.7 200.5 197.4 194.5 191.9 189.9 189.3 191.1 192.3 192.6 192.5 191.6 191.2 190.8 189.5 187.9 186.4 184.9 182.7 181.6 180.5 181.9 184.1 187.7 190.3 193 196.6 203 207.6 210.1 217.1 217.5 215 214.8 213.9 208.8 209.1 209.7 205.9 200.3 199.3 198.3 197 195.4 194 191.5 188.9 185.3 180.7 179.2 177.7 174.6 165.9 165.9 165.9 165.9 165.9 165.9 165.9 165.9 165.9
109.5 115.7 128.1 137.6 147.2 159.8 169.6 173.2 178 182.1 182.7 184.5 185.5 190.7 196.1 201.4 202.2 201.1 200.3 199.5 197.8 194.4 191.3 189.8 189.1 188.3 188.5 189.5 191.2 191.4 191.4 191.6 191.4 190.5 189 187.4 186.2 185.2 184.2 183.2 183.7 185.7 187.3 189.5 191.6 191.8 197.3 203.5 207.9 211.3 211.4 212.2 210.6 207.9 206.5 209.3 212.5 211 204 201.4 200.6 199.4 197.1 194.6 192.1 188.8 185.7 182.2 179.8 177.8 175.5 166.4 165.9 165.9 165.9 165.9 165.9 165.9 165.9 165.9
110.5 122.3 131.7 143 156.3 159.1 166.2 170 184.9 183.9 183.8 183.2 184.6 187.7 193.4 197.4 197.9 198 197.4 198.9 198.2 193.9 187.7 187.7 186.9 186.2 186.4 187.2 189.5 190 189.7 191.3 191.6 190 188.9 188.3 187.8 186.6 185.5 184.4 184.3 185.6 185.9 186.1 188 185.4 187.2 196 203.8 204.7 206.3 206.2 206.8 206.5 206.5 206.5 210.3 208 206.7 203.9 202.2 200.4 197.8 194 191.4 188.7 185.6 182.5 180.8 179.2 176.8 171.5 165.9 165.9 165.9 165.9 165.9 165.9 165.9 165.9
117.4 127 132.9 150.6 163.7 166.2 174.5 181.8 185.7 186 185.1 185.4 187.1 189.6 191.8 197 201.9 200.5 193.5 191.4 188.9 185.4 184.3 184.3 184.7 183.9 184.5 187 189.2 188.1 188.3 190.7 192.3 190.7 189.1 188.8 188.7 187.6 186.5 185.8 185.7 185.6 185.6 185.5 185.4 185.4 185.4 192.1 198.5 200.7 205.8 206.4 206.5 206.5 206.5 206.5 207.1 209 208.9 206.8 205.3 203.3 199.2 194.4 190.3 188.7 185.9 184.3 182.6 181 177 169.7 165.9 165.9 165.9 165.9 165.9 165.9 165.9 165.9
120.4 126.3 130.8 148.3 165.5 176.6 185.8 195.4 193 187.1 183.8 185.3 188.3 189.6 192.2 197.5 203 197.2 189.9 182.7 181.4 181.2 180.8 180.7 181.4 182 184.5 187 187.4 186.3 187.7 190.1 192.5 191.5 189.6 189.3 189.1 188.6 187.5 187.2 187 186.8 187.1 187.1 186 185.4 185.7 190.3 194.7 199.8 204.9 206.7 206.6 206.5 206.6 209.2 210.6 210.9 211.2 209.7 208.3 204.8 200 195.2 190.3 187.3 185.2 184 182.8 181.6 176.6 170.2 165.9 165.9 165.9 165.9 165.9 165.9 165.9 165.9
121.7 121.5 128.7 143.8 158.8 174.4 185.8 189.4 186.2 181.9 181.9 184.5 189.3 191.5 185.8 190 189.4 188.2 182.8 176.5 175.3 175 174.9 174.9 177.3 180.4 183.2 185.8 185.6 184.7 187.1 189.5 191.9 192.2 190.5 190.1 189.7 189.2 188.8 188.5 188.1 188 187.9 187.8 187.6 186.2 186.8 191.1 194.9 198.6 203.7 206.6 206.4 208.5 211.4 214.2 215.2 215.2 214.9 213.4 209.6 205.7 200.9 196 191.2 186.7 182.4 180.1 178.9 178.8 177.6 170.9 165.9 165.9 165.9 165.9 165.9 165.9 165.9 165.9
121.7 120.6 128.5 136.8 148.2 161.8 169 172.9 176.2 172.3 172.6 176.9 182.7 184.1 178.1 177.1 175.7 175.8 173.3 169.6 169.1 168.8 168.4 171.7 175.4 178.5 181.7 184.3 183.9 183.5 185.9 188.3 190.8 193.1 193.5 192.9 190.8 188.8 188.5 188.3 188.3 188.3 188.1 187.8 187.8 187.8 187.7 191.6 195.3 198.9 202.6 205.3 206.1 210.5 216.2 222.8 219.1 218.9 218.9 213.9 210.1 206.4 201.7 196.7 191.7 188.2 184.8 178.9 175 175.9 177 172 165.9 165.9 165.9 165.9 165.9 165.9 165.9 165.9
117.4 118 121.6 125.2 133.6 139.9 148.2 153.4 159.4 159.6 161.6 165.5 171.1 168 166.7 163.9 162.7 162 161.5 163 162.3 162 163 167.1 173.5 176.7 180.1 182.7 182.2 182.3 184.2 186.7 189.8 192.1 193 191.8 190.9 189.3 188.1 188 188.1 188.1 188 188.5 188.2 187 188 190.6 193.6 196.9 201 203.1 207.9 221.4 232.7 231.4 225.9 223.1 221.7 214.4 210.6 206 202.2 197.2 193.1 189.8 186.5 178.7 173.5 173.8 174.8 172.7 166.2 165.9 165.9 165.9 165.9 165.9 165.9 165.9
109.6 114.3 115.9 112.9 118.6 124 128.8 134 142.1 147.2 150 154.1 156.2 157.1 158.6 152.6 149 149.1 152.9 154.7 155.5 155.5 158.4 162.5 170.2 174.8 178.3 181 181 181.2 182.5 184.6 189.9 190.7 189.3 187.6 187 186.2 185.8 185.1 184.7 184.6 184.6 186.7 188.2 187.1 185.9 186.9 191 195.1 197.6 199.8 210.4 216.8 226.2 229.5 228.9 229.1 223.7 215.6 210.7 204.9 200.3 198.1 194.9 191.7 188.6 178.7 173.5 173.7 174.2 171 165.9 165.9 165.9 165.9 165.9 165.9 165.9 165.9
109.1 117.2 118.1 110.9 108.5 110.9 112.1 117.7 131.7 137.7 140.2 140.3 141.1 147.4 146.6 139.3 128.6 133.3 144.1 145.3 147 150.7 153.7 158.2 165.9 171.8 175 178.3 173.8 177.2 179.5 182.9 188.5 187.1 185.8 184.6 184.6 184.6 184.6 184.6 184.6 184.6 184.6 185.1 186 186.7 186.1 186.7 189.7 193.3 193.9 196.9 207.6 211.8 217.9 224.8 226 225.6 222.5 216.8 210.3 204.5 199 196.6 194.6 192.1 190 181.3 173.5 173.5 173.5 170.7 165.9 165.9 165.9 165.9 165.9 165.9 165.9 165.9
104.8 111.2 108.1 101.1 99.4 103.4 103 105 113.7 125.7 127.3 125.5 125.7 127.7 130.4 117.9 116.2 135.4 138.5 145.1 150 151.8 149.6 154.3 160.6 166 171.4 171.8 169.4 177.3 181.2 183.4 187.3 187.1 186 185.3 184.7 185 184.6 184.6 184.6 184.6 184.6 184.8 185.7 187 187.7 187.5 187.8 188.3 190.4 194.9 202.4 206.5 212.7 214 215.8 217.5 216.7 212.7 209 203.4 197.8 195.7 193.9 192.2 190.7 184.2 174 173.5 173.5 170.3 167.5 165.9 165.9 165.9 165.9 165.9 165.9 165.9
94.2 95.2 94.9 89.6 90.9 99.1 96.5 97.5 99.4 106.5 108.7 109.9 111.3 111 113.8 110.4 127.8 138.2 144.1 148.5 152 154 155.1 154.6 153.7 159.7 162.9 168.9 169.5 177.9 182.6 186.4 189.1 189 188.5 187.8 187.5 188 187.3 184.6 184.6 184.6 184.6 184.9 186.2 187.6 189.2 188.4 188.4 188.1 195 199.3 202.5 208.2 211 210.2 211.2 210.7 210 209.1 205.2 201.1 197.8 196.4 195.3 193.6 191.8 187 176.8 173.5 172.8 167.3 165.9 165.9 165.9 165.9 165.9 165.9 165.9 165.9
84.5 86.2 81.8 82.3 85.1 88 90.4 91.9 92.9 94.2 96.1 96.7 97.4 103.7 111.4 120.9 131.7 139.8 147.2 151.3 154.1 155.5 157.1 159.9 159.6 159.3 160.8 165.9 170.7 176.7 182.7 187.8 192.4 193.7 193.3 193.3 191 189.2 189.9 185.7 184.8 186.1 186.3 185.7 186.7 188.1 190.1 191.1 189 190 201.3 209.9 213.7 220.6 220.2 214.8 209.6 207.8 208.7 207.2 201.8 199.7 198.2 197.4 196.4 195 193.4 188.1 180.6 173.5 170.4 165.9 165.9 165.9 165.9 165.9 165.9 165.9 165.9 165.9
79.3 81.3 80.4 80.1 81.4 83 85.6 88.7 90.4 91.6 92.4 93.6 97.8 110.4 119 124.4 130.5 138.4 149.3 152.9 156.3 158.6 160.3 160.8 161 161.8 165 167.8 172 177.8 183.5 189.5 196.2 203.4 200.5 197.7 195.7 192.1 192.4 190.8 190.3 189.4 189 187.3 188 187.4 190.4 190.5 193.6 198.4 205.3 213.6 220.7 219.1 220.4 218.3 211 208.6 205.3 201.5 198.8 198.6 198.6 197.8 196.9 194.7 192 188.3 181.4 175.1 169.3 165.9 170.7 165.9 165.9 165.9 165.9 165.9 165.9 165.9
78.9 79.1 79.2 78.8 79.2 80.8 81.8 85 87.2 88.7 91.2 94.2 100.5 114.2 125.1 129.3 129.7 137.5 148.8 150.3 154.2 159 160.3 160.6 162.3 164.6 166.9 169.6 173.1 178.7 185.8 193 201 208.7 208.9 204.1 200.3 196.6 194.9 193.4 191.8 190.5 190.9 188.9 187.1 185.5 185 190.6 199.6 204.9 211 218.3 221.1 220.3 217.9 214.5 209.9 208.1 204.5 200.9 200.4 198.9 199.9 198.7 197 194.3 191.6 188.4 182.1 175.1 168.2 166.8 165.9 165.9 165.9 165.9 165.9 165.9 165.9 165.9
75.1 79.8 76.6 76.1 77.4 79.8 85.3 87.3 87.7 90.1 94.7 98 99.7 109.7 122.4 130.9 130.6 137.2 144.9 148.3 152.2 157.8 159.8 161.3 164.6 166.4 168.6 170.1 174 180.4 187.9 195.2 203.1 208.1 209.1 208 204.1 200.4 197 195.2 193.7 192.1 189.1 187.2 185.3 184.6 184.6 191.3 201.3 207.2 215.5 221.2 221 218.8 215.6 210.2 209.3 209.1 208.4 207.5 211.2 210.9 204.2 199.3 196.5 193.8 191.1 187.8 184 179.3 170.6 165.9 165.9 165.9 165.9 165.9 165.9 165.9 165.9 165.9
69.1 73.2 72.1 75.7 79.9 83.3 90.8 92.2 91.9 92.8 96.9 104.2 105.9 110.9 119.7 127.7 129.1 135.8 140.9 147.4 150.7 156 158.9 162.5 166.3 169.4 170.2 170.1 174 182.1 189.4 196.8 202.4 206.7 207.5 209.6 205.9 202.8 199.6 197.4 195.6 193.9 190.2 185.6 184.6 184.6 184.6 189.8 201.7 210.5 218.1 221.4 226.3 230.6 219.5 210.1 212.1 211.3 212.3 211.8 211 211.2 208.5 198.9 196.1 193.3 190.8 187.1 183.3 179.5 172.7 165.9 165.9 165.9 165.9 165.9 167.6 165.9 165.9 165.9
70.2 74 73.7 78.6 83.9 89.6 96.3 109.1 110.4 96.2 99.3 105.9 110.8 110 116.5 127.1 133 138.5 142.9 148.5 151.4 154.4 157.9 164.2 168.2 172.9 173 172.9 174.3 181.5 192.9 200.7 204.3 206.3 207.3 208.6 208.1 205.4 204 203.1 199.3 195 191.2 186.8 184.6 184.6 188.9 196.9 203.6 210.7 217 220.2 221.6 220.8 219.7 226.2 222.4 221.3 217.7 214.2 212.5 210.9 209.6 200.8 197 193.7 190.3 186.5 181.4 178.6 174.7 168.3 166.9 165.9 165.9 174.6 174.7 166.5 165.9 165.9
73.7 78.5 76.7 80.7 89.5 95.4 100.9 109.1 110 103.3 107.5 109.1 109.6 110.1 115 124.7 132.2 139.4 144.9 151 152.4 155.3 158.7 164.7 171.5 176.4 176.4 175.5 178.3 184.4 194.1 201.8 204.8 207 209 210.1 210.1 208.8 209.6 209.1 204 198.4 192.6 188.6 185 185 195.2 201.7 208.8 216.1 220.2 220 225.2 229.4 242.4 231.3 227 223.4 220.1 216.8 214 211 207.9 202.5 198.1 194.4 190.7 186.9 181.6 178.7 176.7 172.9 169.6 169.6 172.4 179.8 180.3 177.4 171.5 168.5
78.6 81.2 79.3 79.9 86.7 98.9 101 108.6 112 108.9 110.8 110.5 109.6 110.5 114.4 119.1 127.6 140.2 142.1 146.2 149.7 153.9 157.7 166 174.5 180.1 181 181.4 182.4 191.5 197.6 202.2 206.4 207.8 210 212.2 212.3 210.5 210.3 210.2 208.9 200.7 195 191.8 189.4 191.4 195.2 201 207.9 214.1 217.6 219.9 229.3 245.4 246.8 237 230.2 226.7 221.7 218.3 216 213.1 210.7 204.2 198.5 195.4 192.2 187.9 182.9 179.1 177.2 174.4 173.6 175.1 179.7 182.3 187.9 186.5 180.1 174
83.1 84.4 82 81.8 83.6 90.4 96.7 109.6 114.4 109.7 109 108.8 108.8 109 112.1 116.2 121.2 129.9 134.9 139.7 147.8 153.7 157.2 167.2 176.5 182.6 186.7 193.9 198.6 196.7 200.3 204.4 210.8 217.6 216.4 217 215.6 213.8 211.4 209.1 208.7 201.3 196.8 194.6 193.1 193 195.1 198.8 202.3 207.5 211.7 215.2 224.8 233.3 235.1 232.2 230.7 227.9 223.8 219.9 217.6 215.1 211.6 206.4 201 196.8 193.7 189 184.3 179.6 177.3 174.6 174.8 178 178.8 179.7 185.2 187.8 182.2 176.1
94.1 93.8 90.3 88.1 84.9 86.9 95.8 105.6 108.6 109.2 107.6 105.8 106.6 110.2 110.8 113.5 116.4 119.6 125.2 131.3 142.9 151.7 157.2 164 173.3 183.6 191.7 204.9 211.8 205.1 203.7 208.7 217.3 224 218.7 217.4 216 213.5 211.2 208.6 205.8 202.1 199.7 197.2 196.2 195.1 194.9 197 199 201.5 205.9 208.7 217.3 222.9 225.5 228.4 229.1 229.8 226.8 221.9 221.2 218.7 212.9 209.1 204.6 199.9 195.2 191 185.9 181 177.4 174.7 175.5 178.2 179 179.2 179 180.7 181.1 181
134 121 100 93.9 88.9 88 89.4 94.7 102 104.3 103.5 102.1 103.5 107.4 109.7 111.3 113.1 116.2 119.2 129.4 141.6 149.3 155.2 162.8 169 182.4 201.3 224.3 232.8 217.8 212.9 214.9 221.1 221.5 217 215.8 213.8 211.4 210.3 208.3 204.5 201.2 198.5 196.8 196.4 195.4 195.3 196.2 198.5 201.1 203.3 205.9 212.6 217.3 222 226.6 229.1 229.6 226.5 222.3 221.2 221.2 220 209.9 205.9 202.4 198.7 193.5 188.7 183.3 178.5 174.9 176.2 178.4 179.2 178.7 178.6 179 180.6 181
187.2 161.4 126.3 107.5 99.4 97.2 94.6 89.7 94.4 99.4 98.8 99.8 99.7 103.9 107.1 110 111.7 114.9 118.8 133 142.6 146.8 152 158.9 168.5 186.6 215.3 230.4 239.6 227.9 219.5 218.8 219.1 217.4 215.4 213.1 210.9 209.2 207.7 206.2 203.2 199.8 197.7 196.4 196.3 195.6 195.7 196.5 198.5 200.3 202 206 210.7 215.9 220.4 224.7 228.3 227.3 225.4 222.5 221.2 220.6 219.2 212.7 208.7 205.3 200.6 196.2 192.1 186.8 180.6 176 176.5 178.6 179.8 179.8 180.5 180 181.9 182.4
194.8 173.9 145.6 141.7 132.1 122.9 115.4 103.8 96.7 93.9 95.3 96.7 98.2 101 105 109.1 111.4 114.1 117.9 129.3 139.2 145 150.5 155 167.9 190.8 211.5 225.5 230.3 228.7 224.7 219.6 218.3 215 213.5 211 208.8 207.6 205.6 203.7 201.9 198.6 197.3 196.1 196 195.9 195.8 196.1 197.2 198.2 200.9 205.4 210.6 212.7 218.8 222.1 224.4 223.6 222.6 221.3 219.6 216.4 213 209.9 208.6 205.2 201.8 199.3 195.6 190.3 184 178.7 177.9 178.8 180.1 182.5 188.7 191 190.8 186.2
193.4 180.3 169.6 159.5 161.5 156 144 124.9 111 97.9 101.6 102.6 99.9 99.8 107.2 110.4 111.6 114.5 118.1 124.1 132.7 145.3 151.6 158.5 169.2 185.5 204.3 219.4 225.8 223.4 222.6 220.4 216.8 212.4 210.7 208.8 206.7 206 204.2 202.2 200.3 199.6 196.7 195.8 195.8 195.8 195.8 195.8 195.8 195.8 198.9 203.9 207.2 209.4 213.3 217.5 219.2 220.1 219.8 218.1 215.6 212.3 209.1 208 206.8 205.5 203.5 200.5 198.8 193.6 186.5 179.4 180.2 181.6 182.9 187 189.8 190.1 191.4 192.9
192.3 182.2 182.8 173.4 169 174.2 168.6 144.2 123.6 110 111.6 111.7 105.7 101.7 106.6 109.1 111.6 114.7 119.1 123.8 129.1 139.1 151.2 158.1 167.7 180.6 196.2 210.7 217.3 218.9 218.3 217.1 213.2 210.3 208.5 206.2 204.6 203.9 202.9 200.9 200.9 200.4 196.9 195.8 195.8 195.8 195.8 195.8 195.8 195.8 195.8 200.5 204 207 209.9 213 216.5 215.7 214.8 213.6 211.5 209 207 206.1 204.8 204.7 204.4 202.1 200.6 199.1 191.6 184.9 183.8 188.1 188.8 190.8 189.6 190.3 194.5 199.3
188.9 181.8 180.8 176.4 179.5 180.9 173 157.2 137 117.5 131.5 136.9 129.9 114 108.7 109 111.6 114.3 121 129.8 137.2 139.1 143.8 156.2 166.3 176.6 186.5 199 209.3 212.9 213.3 212.6 209.7 207.4 205.5 203.8 203.1 202.2 201.3 200.5 200 199.3 196.7 195.8 195.8 195.8 195.8 195.8 195.8 195.8 195.8 197.5 200.9 204.5 207.4 208.2 209.7 210.2 210.6 209.6 208.2 207.7 206.7 205.4 204.9 204.7 204.4 202.3 201.1 201.1 197.3 189.7 191.9 199.9 197.2 194.8 194 193.8 197.6 197.4
182.6 177.8 180.1 180.5 180.2 179 163.5 151.9 130.3 129.3 134 144.3 137.9 121.9 115.8 117.9 116.4 118.4 121 130.6 140 140.7 142.1 152 162.6 169 173.7 186.1 198.7 204.7 207.8 208.7 207.7 204.6 203 201.5 202 201.1 200.8 199.5 197.8 197.3 195.8 195.8 195.8 195.8 195.8 195.8 195.8 195.8 195.8 197.3 199.9 202.4 204 201.5 197.7 199.5 203.8 205 205.2 207.2 206.9 206.1 206.4 205.7 204.3 201.7 201.1 200.8 200.6 195.7 196.9 201.8 203.8 200.3 198.8 198.1 195.8 193.8
176.9 175.3 174.8 177.8 178.7 164.2 156.1 142.1 130.1 132.6 137.1 138.8 133.8 127.9 126.4 130 128.3 128.4 127.9 126.9 138.2 140.8 141.3 148 155.4 160.3 165.7 176.3 186.7 195.3 201.1 204.4 204.3 202.5 200.8 200.3 201.1 200.7 200.4 200.2 195.8 195.8 195.8 195.8 195.8 195.8 195.8 195.8 195.8 195.8 195.8 197.3 199.3 201.5 203.1 200 195.8 195.8 195.8 195.8 197 200.3 204.4 207.8 207.9 206.5 203.1 200.1 199.1 200.2 200.4 198.1 199.1 200.1 205.5 210.6 204.3 200.3 197.8 194.6
173.5 171.7 175.6 169.4 171.7 169.6 152.8 141.9 149.8 140.3 138 137.7 132.4 134.8 145 154.7 146.2 140.8 137.9 133.2 133.9 137.9 140.8 149.5 149.2 154.7 164.9 170.2 178.3 185 194 200.6 201.6 200.4 198.9 199.7 201.4 201.3 201.2 198.9 195.8 195.8 195.8 195.8 195.8 195.8 195.8 195.8 195.8 195.8 195.8 196.3 198.6 200.6 202.6 203.3 198.8 195.8 195.8 195.8 195.8 198.1 203.9 207.9 208.2 207.2 204.2 201 199.7 199.5 198.4 196.6 197.3 199.1 199.2 205.7 205.3 204.3 201.2 196.9
172.7 169.1 170.1 167.3 164 163.6 152.2 143.1 155.8 140.4 138.3 138 140.5 152.9 168.6 165.4 156.5 151.9 148.8 142.5 137.8 135.4 137.8 140.1 142.4 150.6 158.6 166.1 169.9 176.3 184 190.8 196.3 197.2 194.8 198.8 201.2 201.9 201.9 199.6 198 195.8 195.8 195.8 195.8 195.8 195.8 195.8 195.8 195.8 195.8 195.8 197.8 200.1 201.8 203.9 202.9 200.7 197.1 195.8 195.8 198.1 202.6 205.9 208.4 208.7 205.4 201.7 200.5 198.9 197 195.1 195.1 195.7 197.1 200.8 201.6 202.9 201.7 196.8
179.5 174.5 168.6 159.5 159.7 156.4 149.1 158.7 157.1 140.5 137.8 142.4 164.7 171.1 169.6 164.7 160.6 157.4 155.9 151.3 144.2 142.2 142.8 148.8 151.4 149.4 148.6 153.8 160.5 167.6 178.1 182.4 187.5 191.1 189.9 196.1 200.7 202.5 203.6 204 201.3 197.7 195.8 195.8 195.8 195.8 195.8 195.8 195.8 195.8 195.8 195.8 197.4 196.2 198.7 200.8 201.6 200.6 200.9 198.7 195.8 195.8 199 203.1 207.4 209.4 206.1 202.3 201.4 198.7 196 193.7 192.5 193 196 198.6 200.6 201.1 200.9 196.4
186.7 180.8 175.6 162.2 155.4 147.8 147.6 160.2 160.3 140.8 138.5 159.3 174.1 168.6 163.3 161.7 161.6 161.3 159.7 159.3 150.1 150.3 149.7 155 159.5 158 154.8 152.4 151.2 158.9 168.5 173.2 178.1 186.5 190.9 197.2 201.4 204.2 206 207.1 205 201.2 197.8 195.8 195.8 195.8 195.8 195.8 195.8 195.8 195.8 196.2 197.5 196.3 196.5 198.4 198.9 199.3 200.3 200.9 200.4 197 198 202.3 206.4 210.6 205.6 203.7 201.2 198.3 195.2 192.6 191.6 191.4 194.6 197.6 199.3 199.6 198.4 195
189.4 179.8 174.8 158.2 150.1 140.3 144.5 159.3 159.9 153.2 139.7 145.1 159.7 159.9 160.8 160.7 161.9 159.3 159 159.1 152.7 153.1 155.1 158.3 166 168.2 160.9 158.3 157 153.5 156.3 160.8 170.8 183.8 192.4 197.7 202.3 208.2 209.7 208.7 209.2 204.2 200 196.4 195.8 196.7 198.6 198.8 199.3 200 199.3 198.6 197.3 195.8 195.8 196.3 197.3 198.4 201.1 201 200.6 200.3 199.7 201.3 205.6 209.5 209.4 205.9 201.1 197.8 194.6 191.5 190 190.1 192.3 196 197.8 197.5 195.5 193.1
