data/NH01.asc
ncols 200
nrows 200
xllcorner 200000
yllcorner 810000
cellsize 50
[rows 0 to 34 of 200, columns 0 to 77 of 200]
798.9 818.8 832.4 851 873.6 892.7 879.6 834.7 776.7 731.3 702.3 683.4 673.5 665.9 662.3 663 664.7 671.7 685.2 718.2 757.4 801.9 817.6 823.5 811.2 779.1 770.4 761.7 747.3 739.5 728.7 716.1 700.5 686 666.1 641.2 622.5 605.2 595.4 591.2 582.8 562.8 556.1 554.2 553.1 555.3 556.5 552.1 552.1 559.3 562.9 561.1 551.8 541.6 537.4 534 534.9 532.4 518.4 509.4 500.4 481.6 468.7 455.3 440.9 426.8 436 442.7 443.6 447.2 462.6 471.8 472.4 473.5 477.8 474.4 468.4 449.9
823.8 852.8 858.7 871.6 888.7 902.8 871.7 814.8 768.7 729.1 709.2 692.5 676.7 666.1 663.1 668.7 673.4 684.2 706.9 740.3 777.3 814.2 828.1 833.4 829.5 812.7 792.4 780.6 761 758.4 749.5 740 726.4 710.4 689.4 672.1 652.4 634.6 621.3 608.7 596.1 587.2 587.8 587.6 589.7 593.8 594.3 587.2 591.2 597.2 593 586.1 574.1 564.8 565 560 563.3 555.1 551.3 546.2 526.9 504.6 483 460.9 446.8 439.6 445.2 454.6 458.9 448.4 464.3 482.8 491 494.5 498 501.5 495.7 474.3
846.4 897.7 894.3 899 909 909.2 856.2 798 758.1 728.3 711.8 697.4 684 672.6 669.5 679.4 689.7 704.7 726.7 759.4 795.5 820.3 836.9 842.1 840.6 839.3 821.7 807.2 791.6 782.6 770.1 757.4 745.2 728.7 713.2 699.9 681 663.7 643.4 627.3 624.2 617 623.1 622.9 619.6 624.4 624.9 630.4 634 630.6 621.8 611.6 600.2 594.9 593.8 592.3 584.1 586.3 572.9 557.1 530.7 505.4 485.6 468.8 454.2 456.1 459.1 469.3 476.4 475.2 460.8 490 503.8 506.8 515.5 525.8 517.3 501.8
875.4 922.9 933.8 930.5 920.6 880.8 833.3 790.3 755.8 733 718.1 708.2 694.8 686.7 685.5 697.9 711.7 726.1 747.3 786.2 820.3 825.2 839.2 848.1 853 852.9 856.9 849.1 824.4 806.9 784.9 769.6 759.4 753.8 733.9 724.3 704.2 691.1 672.4 653.9 648.3 647.2 656 658.5 653.7 657.2 661.9 666.5 667 655.7 648.2 636.7 623.4 615 613.4 608.8 600.5 596 582.5 548 523.7 505.8 490 475.7 469.1 473.8 475.6 483.8 501.7 496.3 466.5 497.5 515.9 519.7 532.8 545.4 547 535.5
892.8 929.6 938.1 935.1 928.4 913.4 884.1 819.9 766.8 744.9 730 725.2 716.8 712.8 721.4 729.8 738.1 757.9 785 833.8 845.8 840.6 850.4 855.5 859.5 863.1 871.9 885.7 843.7 824.7 802.7 785.2 776.4 777.4 755.1 743.7 719.6 715.3 699.9 686.9 683.2 684 690.5 690.6 687.5 696.3 705.9 700.6 696.8 689.8 674.4 662.4 649.5 637.3 630 621 610.8 592.6 568.2 545.5 524.4 511.1 495.2 478.2 482.1 490.1 493.2 500.3 517.7 510.2 491.4 500.5 527 536.7 540.3 564.9 571.2 574.2
927.8 937.7 938.1 935.3 930.7 921.6 878.3 825.6 784.9 758.1 742 742.1 737.1 738.5 751.4 766 777.2 815.6 821.4 856.4 856 852.3 858.9 864.7 869.6 875.4 882.5 892.2 860 841.3 821.8 814.7 794.5 792.3 776.2 763.4 744.5 741.4 725 718.6 716.9 718.8 726.3 720.4 719.4 731.2 744.1 737.3 726.2 717 702.3 690.4 678.4 662.1 645.1 626.9 609.9 584 562.2 544 528.4 517.9 506.3 485.3 488.9 497.8 510.6 521 526.1 517.7 503.5 499.9 523.1 540 553.1 570.6 585.1 592.2
947.8 942.4 937.6 934 930.3 922.8 874.1 828.3 796.4 771.3 761.2 759.3 759.4 767.2 783.6 811.2 829.4 848.8 862.8 863.2 862 862.7 867.1 872.8 879.8 886.7 893.8 902.9 885.5 861.4 843.3 832.5 823.5 813.3 800.1 779.3 768.6 755.8 748.1 745.3 753.3 759.1 760.6 759.7 759.3 769.3 772.1 768.7 752.6 735.8 720.1 707.7 687.1 664.1 637.6 617.8 597 578.1 562.6 541.7 522.2 511.9 501.7 499.7 502.5 504.3 517.9 527.4 526.6 520.3 512.3 514.4 522.6 543.9 561 574.7 585.7 601
952.5 945.6 939.5 933.5 928.5 922.4 879.3 858.2 832.5 803.3 788.7 787.5 789.6 798.4 824 851.2 870.3 868.8 867.5 868.2 866.2 869.2 875 880.8 888.3 897.7 906.2 915.5 924.5 892.1 873.3 855.9 849.6 835.8 820.1 804 800.6 778.7 771.9 780.4 793.6 796.3 797.2 801.9 797.1 809.7 807.7 787.8 770.2 744.2 725.1 705.2 679 660.2 631.7 609.5 590.6 574 559.5 541 535.8 522.1 521 516.9 519.9 521.9 529.5 528.8 525.5 520.1 520.1 523.3 525.8 542 559.4 570 586.3 605.9
948.8 945.3 937.4 931.1 925.7 920.7 914.5 911 899.9 865.9 826.2 819.9 831.5 854.3 871.3 879 877.9 875.4 874.1 873.8 873.7 875.1 880.2 888.8 899.6 910 918.9 928.4 938.4 921.7 892.5 875.6 869.6 853 839.2 821.6 818.1 802.9 804 821.1 827.9 833.1 835.5 843.3 843.8 845 825.6 794.4 770.2 748.3 723.4 698.2 672.4 647.1 623.8 605.6 585.4 571.9 556.5 552.3 547.9 542.8 551 547.4 542.2 545.4 539.1 535.8 532.9 528.4 533.1 537 534.3 540.1 556.1 570.6 588.9 611.4
928.4 935.6 932.9 925.5 918.6 912.5 909.6 909.4 909.1 903.2 891.6 876.4 881.4 885.4 883.3 883.5 882.9 882.2 881.4 881 880.8 882.5 892 902 912.6 921.6 929.7 938.1 948.9 951.7 922.9 903.2 884.4 875.3 863.8 849.2 840.5 828.8 848.2 862.6 864.3 868.5 880.2 881.2 874.1 840.5 808.9 786.4 770.3 746.5 722.5 689.1 661.2 639.2 617.8 602.4 586.5 571.9 567.7 562.5 566.7 569.1 570.3 564.9 557.7 551.8 544 539.6 536.8 539.2 546.6 543 542.6 549.2 555.6 570.8 587.7 612.9
896.7 918.7 923.3 917.4 910.1 900.8 899.6 901.4 904.3 900.6 896.1 893.8 891.3 888.8 888 887.8 887.2 888.6 890.1 891 892 899.6 908 915.6 923.1 930.7 938.3 945.8 955.1 968.1 956.9 930.6 907.2 898.9 886.7 872.7 863.3 862.7 889.3 901.2 906.5 914.2 917.4 884.4 857.6 826.9 802.4 779 761 735.6 714.4 683.8 656.6 635.6 613.1 598.9 586.5 578.6 580.5 581.4 585.7 585.6 576.9 570.8 563 555 546.2 545.8 549.4 550.6 553.3 551.4 550.9 556.5 557.2 571.8 586 609.9
866.3 894.4 909.2 904.8 897.8 885.7 876.2 884.8 895.9 895.7 894.7 893 891.2 889.7 890.4 892.5 894.3 896.2 898.7 901.5 904.1 909 916.1 924.3 931.3 937.8 944.6 952 959.7 970.7 978.2 956.3 933.8 920 910.5 904.7 898 906.8 926.5 941.1 947.8 949.9 930.4 873.4 842 813.8 794.6 772.9 747.6 720.2 698.8 675.8 653.9 640.2 616.1 602.1 592.4 584.2 587.4 591.3 589.3 591.4 585.9 578.2 567.9 559.1 554 553 557.4 558.6 566.6 564.8 563.3 567.3 563.6 575.3 588.3 611.2
837.6 869.4 884.9 886.4 882.3 874.4 855.9 855.8 865.8 884 889.5 890.8 889.1 889.4 891.6 894.2 897.9 900.6 903.6 907.5 911.1 916.5 924 931 936.6 943.3 950.1 956.3 962.7 969.9 978.8 982.1 965.3 952.2 941.4 939.8 937.7 947.3 965.8 975.6 986 961.5 930.8 886.8 837.8 809.1 785 761.2 741.2 718.5 693.2 670.7 648.3 635 615.9 604.2 603.9 590.9 589.6 595.9 595 600.7 594 587.5 577.4 572.7 566.6 568.4 569.2 581.5 585.4 591.1 582.7 576.9 574.2 577.3 588.9 609.9
803.8 828.6 852.8 867.8 867.2 856.8 843.3 839.8 838.7 852.3 871.3 881.6 885.2 886.7 889.8 893.9 898.9 903.8 907.4 910.7 915 920.8 927.9 935.3 941.5 947.2 953 959 964.9 971.7 979.6 989 995 990.1 981.2 979 974.6 989.5 1006.6 1000.8 968.1 944.5 916.9 880.6 838 810.5 781.4 760.1 738.4 715.3 687.1 662.1 645 630.3 614.5 602 595.9 597.6 595.7 602.7 608.4 608.5 609.3 599.5 593.1 590.5 583.8 584.6 589.7 599.4 611 607.2 599.7 583.6 585.8 588.9 592.7 610.9
772.6 796.1 812.9 829.2 843.1 840.6 834.3 830.8 828.4 833.9 854.9 867 875.1 880.7 886.5 891.4 896.5 901.9 906.2 910.6 915.6 920.9 929 935.5 942.3 949.1 954.6 959.9 965.4 970.9 978.9 988.9 995.6 1004.8 1014.7 1020.1 1025.3 1027.6 1006.5 974.7 945.8 920.6 899.1 870 833.1 816.7 784.6 763.2 744.1 710.5 680.6 656.2 640.4 621.7 610.2 599.6 597 597 605 616 621.9 621.6 622.2 616.9 611.1 613.4 611.7 608.7 608.1 616 624.3 617.9 606.8 600.5 604.7 610.7 604.6 616.3
738.9 763.8 781.6 792.6 807.8 820.3 821.7 814.3 811.9 818.9 839.8 853.5 864.2 869.6 878.1 886 893.4 899.3 903.8 906.9 910.8 918.1 926.9 934.6 941.6 947.4 953.7 959.3 963.3 967.9 974.3 983.4 991.7 1001.8 1011.5 1017.6 1028.2 1015.2 979.6 945.6 915.2 896.7 879.6 853.1 824.8 812.1 788.9 765.2 740.1 708 683.3 652.9 633.3 616.9 606.2 600.4 598.1 599.8 614.7 625.3 630.9 633 640.4 639.1 643.7 643.4 635.9 631 628.7 634.6 636.9 627.8 617.5 619.4 631.4 626.5 616.4 630.3
717.3 735.1 749.7 760.7 771.9 792.6 800.6 798.6 793.4 801 817.3 837.5 850.1 858.8 868.3 876.4 885.4 893.5 897.7 901.8 904.7 912.4 920.3 928.3 936.7 943.7 949.6 954.2 958.5 963.3 968.9 975.9 984.3 994.6 1005.7 1009.6 1017.4 978.3 943.1 911.6 886.2 874.9 862.6 841.4 823 813.3 786.7 763.1 743.5 723.7 695.3 652.2 628.6 614.5 607.4 600 599.1 605 622.7 634.1 644.3 653.3 659 663.7 670.9 667.2 664.5 653.9 648.3 656.1 650.1 640.2 630.4 634.1 649.7 643.7 638.5 646.9
695 709.3 715.6 731.1 752.1 763.2 778 774.9 772.9 775.3 786.7 807.6 826.3 841.1 854.8 866.6 876.6 884.9 889.6 893.5 898.7 905.4 913.3 921.8 930.2 938.1 943.3 947.2 951 956.2 961.7 968.5 976.5 985.7 996.3 1001.3 990.2 950.9 920.1 896.4 874.3 865.7 856.9 837.6 821.2 809.3 790.4 773 754.5 732.7 702.1 671.1 643.4 627.7 617.6 610 603.4 612.4 634.5 648.9 660.5 675 679.2 685.1 698.6 697.1 684.6 674.2 670.1 676.4 664.9 652.3 640.6 646.9 659.4 666.7 665.7 664.4
658.8 674.7 682.5 699.7 722.1 744.4 763 749.8 754.2 762.7 767.8 779.5 795.3 824.2 840.7 855.3 866.3 873 877.8 882.5 891.6 897.6 904 912.3 920.6 928.8 934.9 939.2 942.6 947.4 953.1 960.1 968.5 977.8 986.9 991.2 976.6 931.2 904.4 884.2 865.1 858.8 848.7 832.9 819.9 807.6 789 777.4 760.7 742.2 720.1 695.3 666.6 650.5 630.1 616.6 616.3 625.9 642.6 662.4 679.1 696.5 702.6 714.7 728.2 725.9 706.9 700.1 701 697.2 683.2 666.4 664.3 673.4 680.9 694.7 691.4 681
628.4 638.8 649.6 671.6 692 710.9 728.5 728.7 741.9 752.2 758.7 752.3 763.6 786.8 817.3 839.6 854 861.4 865 871.5 878.9 886.4 894 902.2 910.8 919 924.7 928.8 933.3 937.5 944.3 952.4 962.1 971 977.9 984.1 970.4 929.5 898.7 876.7 862.4 852.4 843.1 831.6 819.8 812.5 801.6 785.7 775.3 758 739.2 718 689.6 669.4 650.6 632.3 630.9 646 662.3 676.9 695 714.4 726.1 741.7 755.2 752.5 737 728.1 731 714 701.5 693.5 700.5 704.1 705.1 713.1 702.2 700.3
601.1 612.5 621.3 643.9 661.1 675.1 686.8 694.3 715.1 729.9 738.3 733.6 735.1 754.2 779.7 811.3 836.5 846.4 850.9 858.8 865.5 873 881.3 888.5 897.9 908.1 913.6 916.4 920.9 926.1 934.2 944.3 956.1 965.3 973.5 977.4 969.8 930.3 902.3 881.2 867.8 854.8 843.1 834.2 825.3 826.1 814 802.9 783.8 773.9 759.1 742.1 714.7 690.1 672.9 650.5 654.1 668.9 685 693.3 710 729 744.9 763.2 778.8 777.8 772.4 762.9 747.8 736.2 729.5 725.4 732.5 732.6 735.3 730 726.6 724.1
569.5 580.7 596.8 615.3 630.1 639.8 646 662.5 684.5 698 715.2 716.7 717.2 726.9 756.1 781.3 820.3 830.7 835.4 845.6 852.6 858.6 867.3 872.9 881.6 889.3 893.6 900 909.2 915.7 925.8 937.2 949.1 959 965.3 976.6 976.1 938.5 911.2 893 879.1 865.6 851.6 851.6 849.9 848.8 831.1 815.5 804.6 787.9 782.4 767.7 741.6 716 693.9 681.1 686.8 690.6 697.2 711.1 725.9 740.7 756 777.4 796 803.9 801.8 788.2 767.2 757.3 756.3 759 758.1 759 760.5 755.1 739.6 741.9
537 554.1 561.7 585.3 602.7 610.3 611.5 635.6 656.2 673.9 687.3 700.2 708.1 712.8 731.7 750.3 779.6 807.1 824 832.4 837.2 843.6 852.2 859.9 869.3 878.7 884 888.8 895.9 906.7 918.3 930.6 942 950.2 958.4 974.6 983.1 961.2 930 909 894 881.5 880.6 878.3 870.7 864.3 848.7 833 824.9 806.5 795.5 781.8 765.6 743.5 732 716.8 711.4 720.4 711.5 722.8 733.9 745.1 763.6 789.3 811.8 825.5 828 809.9 786.8 773.1 778.2 779.9 778 780.5 781.4 774.5 761.3 764.8
509.3 520.4 531.9 555.7 566.5 579.1 598 607.9 637.1 656.1 671.1 683.2 694 699.6 698.6 718.8 754 776.7 792.5 808.2 823.8 832.7 841.8 846.5 856 867.2 873.4 876.9 883.9 896.8 911.3 920.3 933.3 942.7 952.9 972.7 983.9 982.9 954 929.7 912 905.2 897.8 898 889.8 877.3 862.7 853.4 841.2 828.2 815 799 785.8 773.4 758.4 738 736 736 735.3 734.4 741.7 757.8 772.8 800.1 827.3 849.1 848.6 822.4 805.9 788.6 797.6 795.5 797.2 800 795.6 790.6 781.3 785.6
475.3 486 501 525.4 532.5 541.7 568.2 589.3 619.9 629.2 655.2 659.3 674.2 684.1 680.5 688.7 720.5 749.5 776.3 795 807.8 811.4 821 833 844.2 848.2 855.5 863 871.9 883.7 899.7 912 922.8 934.7 946.9 969.2 983.6 987.1 972.2 939.7 923.8 921 916.2 918.6 915.4 906.3 894.2 885.3 873.4 854.7 835.4 814.9 799.9 781.4 763.4 749.1 752.8 756.1 754.8 743.1 751.6 768.1 789.1 814.4 842.8 869.9 865.7 835.4 819.7 816.6 820.6 814 820.6 817.7 812.6 804.9 799.7 801
440.6 457 477 499 491.6 522.6 549.2 570.4 593.2 620.6 642.9 647.8 654.1 668.6 673.1 673.7 694.9 719.2 748.9 771.6 775.3 780.2 794.5 813.1 823.3 825.8 832 847.8 859.5 871.2 885.6 899.1 910.6 923.8 938.9 964.1 977.7 980.8 989.7 964.7 954.5 951 952 955.8 962.6 949.1 939 923.9 909.5 875.4 844 811.6 788.2 772.2 759.5 760.4 768.6 772.2 766.8 757.7 765.1 778.4 800.3 825.4 857.9 890 881.9 850.5 838.7 839 845.2 844.2 843.5 836.2 829.6 818.3 813.2 817
406.3 427.9 448.6 460.5 470.5 502.3 527.5 549.4 584.4 610.8 617.6 630.6 639.2 650.3 658.9 662 664.1 687.5 708.3 735.5 740 748.4 772.5 784 792 789.1 808.1 831.4 842.7 856.8 876.1 886.6 899.3 912.6 934 956.2 973.6 972.4 988 993.4 992.1 986.6 987.3 973.9 959.8 948.1 939.7 927.9 914 871.6 832.5 802.7 783.3 768.6 766 772.5 782.1 796.9 782.3 787.5 791 802.6 817.7 840.3 875.4 910.4 901.8 871.3 861.4 867.9 879.5 872.1 866.4 856.8 845.9 835 827.1 826.9
382.5 400.7 416.7 415.1 455.2 492.8 505.3 525.3 545.8 575.3 605.9 620.7 607.8 616.2 633.5 645 641.3 653.8 673.4 692 706 727.5 752.8 760.1 762 757.6 778.9 796.4 822.2 841.9 856.8 878.6 888.5 900.9 926.2 949.5 963.6 967.6 979.9 987.2 993.9 991.4 984.3 973.1 956.2 943.6 935.5 926 911.1 874.5 838.1 811.7 789.7 776.9 771.8 783 799.9 818.3 811.5 826.2 824.6 835.7 844.6 860.8 896.3 930.3 922.5 900.8 897.8 909 909.9 903.8 895.5 881.6 865.6 851.8 846.4 813.7
343.1 364.5 381 397 424 454.9 485.5 498.2 518.7 529.7 555.9 579.3 594.5 608.9 618.3 613.6 610.1 616.9 634.8 655.5 680.4 707.9 727.6 730.2 730.8 731.3 749.7 769.1 798.3 819.6 843.5 865.6 876.6 894.4 913.6 942.4 953.5 964.3 969.4 973.5 978.9 982.2 983.7 974.3 961.1 951.7 939.9 928.7 904.9 875.5 852.8 829.5 807.5 796 793 799.1 825 844.8 859.5 866.8 857.6 864.8 879 892.9 924.3 944 945.9 935.6 938.6 943.8 941.2 935.1 918.9 900.6 883.4 871.5 844.3 818.4
314 335.9 337.6 365.8 403.9 425.7 443.1 472.5 482.5 500.8 513.8 529.9 543.5 564.1 589.6 594.3 573.8 587.2 609.4 627 658.2 681.9 702.6 698.3 694.7 700.8 720.4 747 769.7 791.4 827.2 853.1 864.5 883.7 903.3 923.6 932.1 944 964.4 958.5 965.4 969.9 978.3 978.3 976 968.5 956.2 944.3 907.1 880.4 862.4 845.3 834.1 825.3 819.6 832.8 861.7 888.2 910.1 912.3 896.4 901.5 916.1 925.8 932.6 940 945.2 948.8 957.4 958.5 944.5 924.2 899.4 883.4 867 853.1 826.7 804.6
283 301 300 334.7 373 397.4 416 441.7 468.5 473.8 489.9 499.7 507.2 522.7 542.7 550.6 546.8 566.9 585.1 606.4 634.3 663.5 670.1 663.9 654.9 674.7 696.1 720.4 735.6 767.2 807.8 837.9 853.1 865.8 883.9 896.3 903.8 914.5 933 947.6 946.5 949.1 960.2 970.7 977.7 977.2 969.2 958.2 926.4 899.8 887.9 879.2 864.3 853.1 851.9 869.4 900.9 927.5 924.5 914.7 912.1 912.6 916.3 921.9 926.2 933.2 938.9 935.8 939.1 932.5 917.1 896.6 870.1 855.6 842.3 834.3 809 782.4
255.2 269.2 279.3 309.6 343 369.8 388 405.6 427.5 455.9 473.9 470.4 484.3 492.5 502.1 510 515.3 538.4 567.5 586.6 607.9 638.2 630.7 627.1 621.2 646.8 678.2 692.6 716.4 760.1 800.2 822.9 829.4 842.2 847.7 866.9 885.3 887 903.6 924.4 936.7 937.6 943 950 960.3 962.2 960.5 957.3 953.3 936.3 923.8 909.5 896.4 882 888.1 908.3 928.5 926.6 916.2 904 901.8 903.3 908 914.5 920.2 924.9 916.8 910.2 907.3 901.7 890.2 870 843.6 825.4 805.6 794.9 789.6 763.2
227.2 244.1 259.5 286.5 315.8 341.6 356.7 371.3 390.9 408.8 423.3 451.9 473.9 470.8 475.9 474.6 493.7 520.2 548.6 571.5 583.6 592.4 594.7 591.2 597 620.6 638.2 668.6 710.5 752.1 785.1 805.1 807 811.2 819.3 828.8 849.3 863.4 875.4 897.3 912.5 919.6 925.9 930 940.1 946.2 946.5 939.7 938.7 940.6 940.5 935.6 923.9 919.5 922.7 921 918 914.3 906 894.4 888.5 890.3 893.1 898.4 906.6 909.3 887.6 878.1 871.7 866.1 859.2 841.9 815.9 793.9 774.4 762.4 768.5 746.1
195.1 208.9 230.1 252.3 279.6 306 319.3 340.6 363.5 368.9 385.8 429.6 445.2 457.6 450.3 449.4 478.7 505.6 534.7 547 563.5 566.7 561.7 558.6 571.2 595.1 619.3 659.1 699.4 743.4 771.8 773.8 770.8 780.9 788.1 798.2 813.9 836.5 853 872.4 888.7 899.2 907.9 913.9 918.4 919.9 925.6 919.8 919.6 922.7 923 922.6 912 909.8 910.9 908 904.8 902.2 891.8 879.6 870.3 868.4 872.3 880.2 890.4 880.5 854.3 847 831.3 821 818.9 808.7 788 768.4 750.3 737.6 745.6 726.7
170.3 184.4 201.9 223.6 249.2 271.7 293.5 305.4 313.9 336.6 362.5 379 400.3 416.1 427.3 441.2 461.3 485.2 517.8 526.1 537.8 539.9 533.1 529.7 547.2 577.3 610.5 650.9 697.3 729.5 742.7 752.5 756.4 759 758.2 764.8 785.3 811 831.2 854.3 869.3 877.2 884.2 893.5 900.8 901.6 903 898 897.5 898.8 904.7 902.4 891.9 889.8 888.7 885.3 880.4 878.4 867.9 857.8 846.6 842.3 850.5 860.1 864.3 847 823.2 804.7 793.2 777.5 782 775.4 761.2 743.4 722.1 712.6 719.4 706.4
