data/NH02.asc
ncols 200
nrows 200
xllcorner 200000
yllcorner 820000
cellsize 50
[rows 0 to 34 of 200, columns 0 to 77 of 200]
656.7 661.6 664.6 661.3 665.3 662.6 654 647.6 642.8 642.3 641.6 640.4 635.1 625.8 616.7 608.8 606.3 606.5 602.4 587.9 574.9 555.8 548.6 546.2 538.7 529.8 519.3 508.6 500.1 492.3 485.3 478.7 469.5 460.1 455.9 455 456.1 455.9 457.3 463.9 475.4 490.9 506.3 523.8 545.1 563.1 574 584.8 602.9 611.8 616.5 619.6 622.1 628.6 639.3 646.5 644.4 640.1 638.1 633.1 629.3 621.9 611.3 599.6 587.5 579.3 567.9 554.1 546.8 539.5 538.9 537.2 530.3 521.7 520.3 520.3 517.7 514.7
649.5 651.4 651.4 651.3 651.2 654.5 650.6 644.8 639.9 638.7 637.5 641.4 643.3 634.7 623.6 611.6 604.1 599.7 595.3 583.8 572.9 565.3 547 539.8 536.2 527.9 521.8 515.1 503 491.1 482.9 475.7 466 460.6 456.1 452 452.3 451.8 453.9 457.6 467.6 482.7 498.7 516.3 534.6 555.6 571.8 582.5 592.2 600.1 609.4 614.7 627.7 637.9 642.5 638.3 636.3 637 631.1 624.7 619.7 609.6 601.9 591.7 577.3 566.9 555.6 545.1 532.1 530.2 527.9 524.2 516.3 508.4 505.1 506.1 504.8 498.7
643.8 642.9 642 643.4 646 650.9 648.3 639 636.7 635.2 642.3 650.4 650.8 646.1 631.8 615.5 605.3 598.7 593.8 586.6 578 571.1 558.7 543.8 534.2 527.1 521.2 516.1 507.5 494.3 485.9 479.4 470.9 461.3 455.4 450.5 448.5 448.1 449.8 453.9 463.8 477.5 493.2 508.6 526.3 545.1 559.8 567.8 585.4 597.8 607.4 613 621.3 628.8 639.9 635.2 631.2 626.5 619.4 612.9 607 601.7 594.3 581.4 566.9 557.2 546.2 535.1 521.7 514.3 514.3 507.2 497.1 494.7 490.6 488.3 486.7 473
641.9 637.6 644.7 644.9 642.7 643 633.7 630.8 633.6 636.4 644 653 651.9 648.6 640.6 627.8 609.4 600.2 599.9 603.4 594.9 584.1 570.5 553.5 539.1 531.7 522.5 514.5 507.8 504.3 495.3 486.2 475.7 463.3 453.4 447.7 444.4 444 445.6 451.1 460.3 472.7 484.2 499.8 515.4 543 561.6 575.2 586.2 597.2 603 611.8 620.7 629 634 628.4 623.2 617.9 609.7 600.7 592 588.1 581.4 570.2 556.2 546 535.1 521.9 510.3 500 496.7 487.8 481.1 471.6 471.9 468.2 458.8 445.1
631.2 628.7 635 630.2 625.5 623.6 628.4 641.7 649.2 647.8 643.9 648.7 649.7 648.3 641.5 629.8 616.4 605.9 603.7 610.8 608.6 597.7 585 573.1 556.3 540.9 529.5 519.1 515.1 508.7 507.4 493.4 479.3 468.4 456.9 447.8 441.5 440.3 442.2 448.6 458 469.2 482.3 500.6 520.4 549.4 568.3 581.2 587 594.8 605.9 613.5 619.4 620.4 620.2 616.4 616.5 611.5 596.2 586.4 580.8 574.1 566.8 555.4 544.4 534.3 523.9 508.8 497.5 482.7 476.6 466.9 459.2 446.5 440.7 439.3 428.4 414.9
618.5 619.8 621.3 621.9 620.5 621.4 624.7 628.6 634.7 632.1 628.6 628.8 634.3 634.2 638.7 631.3 620.7 613.1 617.3 621.5 621 610.7 598.5 594.4 577.4 557.6 543 528.3 521.5 510.4 506.6 501.5 491.9 478.7 469.6 452.8 443 439.1 439.6 449.2 455.4 465.7 479.7 496.6 517.8 543.3 563.9 577.7 586.4 591.6 599.7 607.7 606 604.4 605.6 603.3 600.5 592.6 581.9 573.3 569.7 558.2 549.4 539.4 533.7 524.4 509.1 492.2 481.5 471.3 452.3 440.8 423.5 416 407.8 403 396.6 382.2
613.8 615.1 615.8 618.7 618.1 618.9 622.2 626.5 624.7 622.6 622.3 623.1 623.8 627.9 627.5 623.2 619.2 616.1 617.3 620.3 619 614.7 606.5 602 592.1 571.5 555.8 541.7 529.6 518.4 507.8 501 495.1 485.3 473.6 456.8 445.8 437.7 437.1 443.6 450.7 460.2 472.4 489.3 511.6 536.9 555.3 569.9 574.4 579.3 585.6 591.4 590.5 591.8 593.6 591.5 586.2 577.1 568.3 561.9 553.7 544 535.6 531.9 523.3 506.9 492.5 475.7 461.9 446.7 421.3 412.3 391.5 381.9 377.9 376.3 360.6 345.6
612.5 613.2 618.3 620.6 621.5 618.8 619.6 624.3 624.9 620.2 619.4 618.9 621.6 628.5 624.6 618.3 617.7 618 620.2 625.2 630 631 621.9 613.2 602.1 585.2 569.2 554.4 540.7 532.1 518.3 509.3 498.5 484.6 471.6 465.7 451.6 438.9 434.8 438 442.9 451.5 464.4 482.2 501.5 523.6 542 553.9 562.5 561.8 571.4 576.2 576.1 577.8 575.9 571.6 566 555 551 546.1 538.7 529.5 525.4 522.7 503.3 488.4 470.3 456.1 437.4 417.3 390.7 375.4 359.7 352.8 340.3 336.5 318.2 305.1
614.4 618.9 620.6 622.9 621.9 620.2 611.1 613.7 615.9 613.8 614.9 614.3 614.6 615.8 616.4 618.7 627.9 639.8 639.1 644.8 652 651 651.4 639.4 623.4 603.2 586.5 568.7 550.7 535.2 527.4 513.7 493.5 479.2 470.4 465 456.2 440.6 424.5 427.7 432 441.6 454.9 475.4 486.2 500.8 518.7 537.9 543.6 540.4 549.7 551.9 549.8 549.8 550.2 542.3 539.2 537.3 531.6 526.2 518.8 513.1 506.7 502.8 478.5 467.6 450.7 432.5 409.9 384.7 359.1 343.1 329.7 322.5 309.6 301.4 286.2 274.3
612.1 612.2 613.6 615.6 613.2 611 605.4 602.4 605.3 603.6 608.3 610.6 618.4 622.1 626.6 628.5 631.7 638.5 644.7 642.9 644.5 648 649 641.4 634.9 626.7 608.7 585 564 543.8 525.4 510.5 496.1 478.1 467.3 463.2 455 441.7 426.5 420.4 426.7 433.3 443.7 454.8 468.3 481 494.7 513.2 523.5 520.7 525.1 525.6 522.7 520.6 520 525.1 526.4 520.5 513.2 506.6 494.2 486.8 481.1 464.8 451.7 438.1 426.2 407.2 381 354.9 329.4 311.5 300.4 291.1 278.6 270.4 256.4 242.6
597.6 601 603.8 603.5 604.7 598.9 590.7 588.5 590.2 602.3 611 619 626.5 631.5 629 631.5 637.7 637.4 642.8 640.7 634.5 640.5 634.6 628.4 626.1 622 616.7 588 566.5 543.1 526.9 511.8 497 482 468.6 457.8 451.1 439.3 422.3 409.3 418.4 424.1 432.1 441 453.1 466.2 475.6 489.7 501.6 499.7 501.4 505.2 504 502.1 501 505.2 509.1 499 489.7 482.2 468.8 460.9 449.5 437.6 424.6 411 397 374.1 351.3 325.7 302.3 277.6 271 260.2 251.3 242.9 227.8 213.5
573.8 581.4 584.4 583.3 577.2 577.4 576.8 575.8 588.6 605.6 616.8 620.7 621.8 621 623 630 636.1 637.4 633.4 627.7 621.5 618.1 614 608.3 605.3 603.4 599.9 585.1 558.1 535.9 520.5 507.7 494.4 479.9 468.5 456 441 429 412.6 390.4 400.2 407.9 420.7 429 438.5 449.6 459 473.4 480.9 479.9 480.7 484.1 485.3 487.5 479.8 478.5 477 474.3 465.1 456.1 445.6 434.9 423.9 411.7 395.4 382.5 366.8 342 320.7 297.5 275.8 253.8 242.8 233.2 226 216.4 201.9 186.7
559 554.5 551.4 559 557.3 574.1 573.8 570.1 594.9 601.8 609.4 617.2 617.5 611.8 620.4 628.4 634.5 634.1 629.4 622.3 616.8 608.3 596.6 588 585.7 582.3 579.9 574.6 553.9 529.4 514.9 501.1 490.4 478.5 465.2 456.8 443.7 426.2 406.4 386.6 376.2 393.9 405.6 414.7 422.6 433.4 442.2 448.6 454.3 456.9 459.8 463.1 461.9 461.8 460.6 459.1 454.4 447.5 442.2 428.2 416.6 408 395.7 376 362.3 355.1 332.7 309.1 289.4 270.9 252.5 233.5 215.3 210.2 200.8 186.5 172.7 159.6
539.2 530.3 529 541.5 563.8 567.1 560.7 563.5 588.5 592.5 594.6 596.1 597 599.5 606.9 616 626 619.7 621.6 620.6 613.6 599.3 584.7 565.9 560.4 561.8 560 557.7 544.5 526.6 509.7 496.2 488.3 480.1 466 453.5 443.6 426.2 404.5 381.8 358.6 379.2 390.9 399.1 404.4 413.2 420.6 427.5 433.2 439.4 444.1 448.2 447.4 450 447.8 441.2 432.6 424.4 413.9 399.2 386.4 376.6 360.5 344.6 331 319.2 300.7 281.6 263 246.8 230.3 211.6 196 187.6 177.5 163.3 149.5 140
518.3 507.9 515 525.2 540.5 548.8 545.1 552.3 572.1 582.6 580.3 579.2 577 576.5 581.5 588.4 596.7 591.5 591.2 597.8 603.3 587.9 566.9 551 540.3 539.2 538.4 538.7 528.4 516.9 504.8 494.4 485.2 471.9 465.5 453.8 440.1 423.8 406 380.5 355.9 355.7 366.2 383.5 390.2 395.3 399.4 407 414.6 422 427 432 433.3 440.6 439 428.3 415.4 407 392.7 378 363.2 346.3 328 314.8 302.1 290.1 273.7 257.3 237.7 222.8 206.3 191.9 176 164.4 158.2 146.9 136.8 129.7
493.7 492.4 498.5 505.9 516 524.8 523.8 532.7 554.4 563.4 564.3 561.7 554.1 550.9 563.3 574.2 579 569.8 565.6 568 571.4 564.6 550.5 532.2 517 517 516.2 516.4 507.5 501.8 494 487.9 475.4 465.2 457.8 449.3 439.3 422.7 407.7 378 353.9 332.4 344.7 357.2 366.5 372.5 379.4 385.1 393.8 401.8 410.3 413.5 415.3 417.3 417.1 412.4 398.7 389 380.5 364.7 346.7 332.3 306.5 286.5 277.6 263 247.2 233.1 216.3 201.3 186.3 169.6 158.4 151.6 142.9 134 126.9 122.1
484.1 481.7 490 493.8 500.2 507.2 505.8 516.1 527.5 541.4 547.9 545.2 541.1 539.6 548.4 557.1 558.8 552.2 541 542.1 543.6 541.2 532.6 518.7 504.7 505.2 504.3 496.5 489.8 482.7 479.3 474 467.2 460.3 454.2 446 437.9 413.3 390.7 368.5 344.2 321.7 318.5 328.6 338.3 349.5 355.6 363.6 372.8 381 389.9 394.5 399.1 399.2 397.6 392.8 384.1 374.5 364 348.5 333.6 317.2 296.5 269.4 246.1 247.5 227.4 212.1 197 183.7 168.3 151.7 143.1 135.9 131 125.3 119.1 117.2
470.6 466.8 474 477.5 484.2 489.6 489.8 493.3 499.5 521.2 527.9 524.6 523.9 525.8 535.7 535.3 530.9 527.1 518.7 519.4 518.5 523.2 513.7 503.8 494.3 492.6 491.5 485.9 479.5 470.1 464.9 462.4 463.3 460.3 443 433.5 415 394.4 376.6 360 341 314.8 299.6 302.6 304.4 326.2 331.1 340 351.7 365.5 375.6 381.5 386.3 388.3 385.9 380.7 373.1 355.8 336.3 322.8 305.4 290.6 274.7 258.9 246.8 218.1 209.1 195.6 181.9 167.3 149.8 138.1 131 126.3 123.4 116.9 115 113.7
449.5 443.5 445.6 447.5 454.2 461.2 460.9 464.3 473.5 487.7 500 503.4 504.3 505.6 511.5 516.7 508.5 497.5 495.6 503 498.7 505.6 498.5 496.3 490.1 481.8 478.4 477.4 468 462.5 452.7 444.5 442.2 438.7 410.2 394.1 385 373.7 359.1 341.2 335.3 323.9 312.2 299.5 291.7 305.6 311.4 318 333 346.7 356.4 369.5 375.2 376.8 375.2 371.1 365.3 361.4 340.6 319.1 296.3 256.8 250.3 241.7 225.8 209 193.2 178.5 162.5 147.3 135.8 127.7 121.7 117.7 115.8 112.9 108.7 110.1
437.1 432.1 431.4 432.1 435 436.2 440.3 442.7 449.2 459.7 472.3 479.8 477.5 483.8 487.4 487.3 486.2 475.9 473 474.9 473 476.6 484.3 481.7 477.2 473.5 467.8 463 455.8 455.4 447.6 449.3 448.4 441.5 436.2 428.2 423.6 414.1 399.4 381.6 367.9 351.2 337.3 320.8 295.8 285.2 293.5 299.6 315 329.1 352.8 362.4 368.1 370.1 366 360.3 353.3 338.8 322 303.5 285.7 263.9 241 223.2 211.9 188.2 176.7 160.6 145.6 133.3 125 119.6 112 110.3 110.4 109.5 103.7 102.4
429.7 423.7 424.3 427 425 427.4 434.3 433.8 436.5 438.9 445.1 455.1 452.4 453.6 458 458.4 457.6 448.7 449.9 452.8 450.9 458.5 470 477.6 485.7 485 478 478.7 471.6 459.8 452.2 459.3 463.5 461.9 464.2 464.3 463.8 448.4 440.3 419.9 406 384.8 380.9 364.5 329.6 302.9 276.6 271.7 295.9 324.8 348.7 359.6 366.7 367.8 364 354.8 341.3 326 306.3 282.4 261.4 240.7 221.9 203.4 186.3 166.1 153.1 143.1 134.5 122.7 114.7 108.5 107.2 105.3 102.2 99.8 103.8 113.7
420.6 415.8 416.6 421 417.7 414.2 419.4 423.9 428 427.4 430 431.9 431.6 430.2 429.5 430.4 431.5 431.6 435.3 440.1 450.1 467.4 481.8 485.8 494.7 491.1 491.5 490.2 469.1 457.7 458.1 475.3 470.7 466.7 465 465.4 463.5 459.9 447.3 435.3 427.6 418 410.5 394.2 359.6 328.6 298.2 274.6 282 318.3 343.4 355.9 363.7 366.3 359.8 349.4 330 310.3 290.8 267.2 240.9 220.3 200.7 181.6 162.8 146.6 136.3 128.6 123.8 115.7 107 103.2 103.7 100.8 99.1 101.5 109.4 127.8
414 411.4 408.5 408.6 407.8 406.6 407.2 408.1 409.7 413.6 419.4 421.9 421.4 425 428.4 431.8 434.2 438.3 441.1 440.7 444.3 456.9 470.6 475.8 479.7 482.2 486.3 477.8 463.5 453.7 458.9 474.2 478.6 470.9 471.5 468.5 463.5 455 449.4 439.8 430.5 421.2 417.2 398.6 360.9 328 295 267.6 279.1 319.3 343.5 352.4 357 356.6 348.3 334.9 314.2 291.1 268.1 245.9 223.8 200 178.4 159.7 143.3 132.3 123.6 116.9 113.2 107.6 101.2 98.6 97.8 98 98.7 103.5 112.4 118.3
410 404.7 401.5 401.3 402 402.7 403.4 411.2 423.9 428.4 426.2 422.3 424.9 428.8 435.5 441.7 441.8 448.6 449.7 446.8 445.7 451.4 461.9 464.5 465 470 468.3 466 454.8 453.8 457 462.7 469.8 471.7 469.7 467.3 458.6 452.3 455.3 444.9 436.7 419.1 399.2 375.3 346.1 311.2 278.9 245 282.5 318.3 337 339.7 339.5 337.4 332.8 319.7 297.2 271.9 248.1 225 200.7 179.9 160 140 126.5 119.6 114.7 107.4 102.8 101 97.2 96.6 96.3 97.1 100.2 103.7 108.3 116.7
405 400.7 398.9 400.8 401.8 403.6 403.8 410.2 417.4 417.1 417.3 425.1 427.5 429.9 440.5 439.9 439.9 449.6 446.8 443.2 442.9 446.2 453.8 451.9 447.6 453.7 454.2 457.9 467.8 473.9 473.9 463.4 470.1 470.7 468.2 459.7 453.1 456.9 453.7 448.2 447.7 420.5 388.4 360.6 329.4 292.9 257 245.5 279.5 310.6 327.2 324.9 322.1 319.6 308.7 294.6 276.4 254.2 227.8 201.8 179.1 156.7 137.4 122.6 114.3 108.4 105.2 100.4 97.8 96.7 95.5 94.7 95.9 99.7 104.9 108.4 114.8 125.8
400.1 398.4 400.8 405.2 408.1 406.3 406.8 414.9 414.3 413.4 421.1 429.4 431.5 443.4 442.5 442.3 445 448.9 442.4 434.2 431.8 434.4 436 441.4 445 440.7 444.3 468 471.7 473.6 472.4 469.2 466.6 472.7 462.9 457.6 454.3 455.2 450.9 446.3 433.4 422.2 386.3 352.4 315.7 276 240.4 244.7 279.1 298.1 311 307.9 305.3 296.2 284.7 270.9 252.5 233 206.9 181.6 159.3 137.2 119.3 107.9 101.4 98.3 97 94.8 94.5 94.4 94.7 95.5 98.8 104 110.7 116 125.9 140.1
398.1 398 399.2 407.9 414.2 411.7 413.4 412.1 414.1 423.3 430.4 433.1 440.2 442.1 446.4 444.8 441 439.7 432.3 425.4 420.7 423 432.2 430.7 429.4 429.7 442.1 463.2 473 478.1 471.1 473.4 467.5 461.3 457.9 456.4 462.3 452.4 447.7 434.9 420.2 404.6 381 345.9 308.2 269.9 228.4 240.6 265.2 282.2 290 293.4 286.6 279.1 269.1 254.3 229.1 206.9 183.4 160.4 138.5 120.7 105.3 95.3 91.5 92.6 93.1 93.4 92.5 93.3 92.8 98.6 102.6 109.3 117 125.7 139.6 162.2
398.1 398.1 398.1 404.9 411.8 420 422 423.1 435.4 435.8 436 438.9 442.8 447.6 444.1 439.2 434.1 428.1 421.7 415.6 411.4 418.7 419 420.9 426.9 423.8 434.4 460.6 475.6 481.9 473.1 471.5 469.6 453.2 447.6 446.8 446.4 447.6 441.8 423.8 408.2 395.3 375.9 340.1 299.5 263.5 226.9 226.3 245 258.7 266.2 270.7 272.8 266.7 244.3 225.9 203.5 180.3 156.5 134.9 117.3 102.4 91.1 90.7 90.3 90.9 91.5 91.8 92.1 91.4 98.5 103.3 109.9 115 128 143.5 164.1 185.1
398.1 398.1 398.3 401.6 408.8 420.8 435.6 443.2 442.1 442.6 440.2 438.2 437.7 437.5 434.4 430.1 424.2 417 411.7 404.4 402.6 403.8 410.8 419.2 428.9 419.2 435.5 459.9 476.2 483.7 481 476.2 472.5 453.3 437.1 432.3 434.2 431.7 426.2 416.2 396.4 385 364 326.7 283.8 254.5 224.9 197.1 226.3 241.1 247.4 252.1 245.7 230.1 212.9 193.7 175 151.2 132.7 112.8 96.5 89.3 89.3 89.7 89.6 90.2 90.8 91.2 91.1 97.4 103.5 110.6 116.9 127.8 143 161.8 183.3 204.5
398.1 398.7 399.4 399.9 410.5 425.5 442.2 444.1 445.4 450.4 447.7 438.8 433.1 428.6 426.6 420.6 413.7 405.9 401.5 396.1 394 395.3 409.1 415.2 411.3 411.9 425.5 444.3 470.2 480.6 479.7 472 463.8 450.8 433.9 420.9 415.1 415.4 407.5 391 378.1 363.9 345.6 307.1 268.8 265.3 232.7 196.6 210.6 220.5 226.1 225.9 217 201.2 185.2 167.7 150 130.7 108.8 91.1 89.1 88.5 88.7 88.7 89 89.7 90 90.7 98.1 105.7 112.5 121.2 131.5 146.6 165 184.9 201.2 218.5
398.1 399.8 399.6 399.4 412.1 427.8 441.5 448.5 452.9 455.5 453.7 437.5 427.8 419.7 414.3 405.9 399.4 395 394.8 394.8 393.3 383.9 395.1 403.3 394.3 412.2 411.7 431.6 455.8 464.5 467.3 465.2 455.6 442.1 427.6 413.4 401.9 389 381.6 369.9 362.4 361.7 354.5 345.4 330.2 308.7 263.1 196.5 181.7 195.2 205.6 202.5 195 181.9 164.8 145.9 129.3 110.3 87.1 87.6 87.6 88 88.2 89.1 89.9 88.8 92.4 105.3 112.7 123.6 132.7 138.5 152.4 167 185.2 204.5 219.2 235.8
398.2 400.9 402.8 403.9 414.8 430.1 445.8 453.5 455 451.6 440.3 434.5 423.3 414.4 407.3 398.1 386.1 385.7 388.3 387 383.8 379.7 385.3 385.1 392.4 406.5 405.4 415.4 439.2 449.5 455.6 455.1 448.1 437 422.6 408.6 398.8 382.8 377 379.7 375.3 365.8 349.4 336.7 319.3 294.1 266.2 229.6 150.6 174.5 184.8 180.2 175.8 164.8 144.9 123.9 108.9 87 87.2 87.5 87.5 87.6 87.8 88.2 88.9 101.1 112 123.6 134 143.5 155.8 165.3 183.4 193.7 208 222.8 239.3 266.2
403.8 401.2 406.2 415.5 419.9 433.8 448.6 452.4 445.7 439 438.1 427.1 414.6 406.8 397.9 388.1 382.3 380.4 381.8 377 368.3 368.5 368.5 378.7 388.6 400 401.3 403.2 416.8 429.8 443.5 448.2 448.3 437.7 420.1 406 396.2 396.9 397.7 386.7 366.7 346.3 325 309.7 286.2 267.2 240.8 219.1 181.6 145.8 165.9 160.4 153.9 143.1 123.9 103.1 86.8 86.7 86.7 87.3 87.3 87.6 87.5 93.8 101.5 116 129.7 142.8 155 167.5 178.1 189.9 205.2 219.4 232.5 243.5 258.8 278.5
403.1 403.8 413.5 423.3 432.3 445.4 453.7 450.2 440.6 431.7 422 413.8 408 401.5 392.2 378.6 372.6 372.3 371.1 367.9 362.9 357.4 360.1 374.1 386.8 395.4 395.2 393.5 398.2 410.1 422.5 431 432.3 418.3 423 422.2 416.6 401.5 391.2 375.1 347.1 326 302.9 280.6 258 237.2 213.3 193.5 175.1 157.6 138.9 138.6 131.7 119.7 103.3 86.6 86.9 85.5 85.8 86.7 87.5 88.4 94.9 108.7 121.7 135.9 149.5 164.2 178.6 192.6 205.4 218.6 228 241.4 254.6 268.7 281.5 295.4
403 405.8 416.7 426.3 442.4 457.7 465.2 459 447.7 436.7 423.7 409.3 401.8 394.9 387.7 383.2 372.6 364.4 360.4 354.4 350.8 349.9 357.1 369.1 381.5 385.9 379.2 379.8 384.7 392.9 404.2 422.6 436.7 444.4 448.1 435.5 411.9 380.9 366.6 347.7 323.5 300.3 276.1 251.9 230.5 210.7 191.3 170.7 156.1 144.2 135.8 123.9 115 100.9 86.2 85.9 85.8 85.9 87.2 86.7 87.7 95.3 110.7 124.3 143.9 160 174.5 188.5 202.4 220 230.3 247.1 258.6 270.1 281.7 293.4 306.1 313.7
