data/NH09.asc
ncols 200
nrows 200
xllcorner 200000
yllcorner 890000
cellsize 50
[rows 38 to 75 of 200, columns 0 to 84 of 200]
72 64.7 55.1 46.3 38.4 28.2 18.9 18.9 18.9 18.9 18.9 24.7 36.6 34.8 31.7 31.2 24.5 25.9 38.4 44.7 41.9 30.1 23.9 21.1 17.9 14.7 11.5 5.9 -2 -2 -2 -2 -2 -2 -2 -2 -2 -2 -2 -2 -2 -2 -2 -2 -2 -2 -2 -2 -2 -2 -2 -2 -2 -2 -2 -2 -2 -2 -2 -2 -2 -2 -2 -2 -2 -2 -2 -2 -2 -2 -2 -2 -2 -2 -2 -2 -2 -2 -2 -2 -2 -2 -2 -2 -2
73.9 69.8 62.2 53.7 44.7 36.6 18.9 18.9 18.9 18.9 18.9 19.4 22.4 22 20.8 19.9 18.8 20.1 28 35.1 38.8 22.1 18.3 16.5 13.1 9.8 7.9 4.1 -2 -2 -2 -2 -2 -2 -2 -2 -2 -2 -2 -2 -2 -2 -2 -2 -2 -2 -2 -2 -2 -2 -2 -2 -2 -2 -2 -2 -2 -2 -2 -2 -2 -2 -2 -2 -2 -2 -2 -2 -2 -2 -2 -2 -2 -2 -2 -2 -2 -2 -2 -2 -2 -2 -2 -2 -2
76.5 72 65.6 59.1 52.4 45.7 30.3 20.2 18.9 18.9 18.9 18.9 20.3 22.8 21.9 20.6 19.1 18.7 18 23.3 22.3 17.6 17.8 21.2 13.9 9.4 7.4 4.6 -2 -2 -2 -2 -2 -2 -2 -2 -2 -2 -2 -2 -2 -2 -2 -2 -2 -2 -2 -2 -2 -2 -2 -2 -2 -2 -2 -2 -2 -2 -2 -2 -2 -2 -2 -2 -2 -2 -2 -2 -2 -2 -2 -2 -2 -2 -2 -2 -2 -2 -2 -2 -2 -2 -2 -2 -2
79.2 73.6 66.2 60.2 56.5 52.7 43.9 33 30.1 26.8 23 23.1 24 27.4 24 22.5 20.5 19.7 20.9 25.6 26.8 35.8 31.6 31.5 23.8 16.4 11.2 9.8 12.9 13.8 11.6 10 8.6 -2 -2 -2 -2 -2 -2 -2 -2 -2 -2 -2 -2 -2 -2 -2 -2 -2 -2 -2 -2 -2 -2 -2 -2 -2 -2 -2 -2 -2 -2 -2 -2 -2 -2 -2 -2 -2 -2 -2 -2 -2 -2 -2 -2 -2 -2 -2 -2 -2 -2 -2 -2
85.6 76.8 69.1 65.4 62.7 58.9 54.5 46.8 46.3 45.1 40.8 33.7 31.7 33.1 31.8 36.3 43.1 43.5 44.9 45 44 44.4 42.2 36.5 28.9 19.5 17.4 20.4 25.9 26.8 27.2 22.6 17.1 -2 -2 -2 -2 -2 -2 -2 -2 -2 -2 -2 -2 -2 -2 -2 -2 -2 -2 -2 -2 -2 -2 -2 -2 -2 -2 -2 -2 -2 -2 -2 -2 -2 -2 -2 -2 -2 -2 -2 -2 -2 -2 -2 -2 -2 -2 -2 -2 -2 -2 -2 -2
90.8 83.4 76.2 72.2 68.1 65.1 61.1 60.3 61 59.7 54 43.4 41.1 40.5 45.6 54 62 63.3 61.4 59.7 56.1 54.1 49.6 40.6 32.3 27.2 29.3 31.5 34.2 33 31.1 27 21.3 12.8 -2 -2 -2 -2 -2 -2 -2 -2 -2 -2 -2 -2 -2 -2 -2 -2 -2 -2 -2 -2 -2 -2 -2 -2 -2 -2 -2 -2 -2 -2 -2 -2 -2 -2 -2 -2 -2 -2 -2 -2 -2 -2 -2 -2 -2 -2 -2 -2 -2 -2 -2
93.9 88.9 84 79.8 75.4 71.1 72.6 73.9 78.8 78.6 64.1 53 48.3 53 59.5 66.8 71.9 75.9 72.6 68.7 63.7 59.1 57.6 48.2 40.5 41.6 43.3 39.5 36.2 34.4 32.6 30.5 22.7 10.6 6.5 5.7 -2 -2 -2 -2 -2 -2 -2 -2 -2 -2 -2 -2 -2 -2 -2 -2 -2 -2 -2 -2 -2 -2 -2 -2 -2 -2 -2 -2 -2 -2 -2 -2 -2 -2 -2 -2 -2 -2 -2 -2 -2 -2 -2 -2 -2 -2 -2 -2 -2
95.4 92.3 88.6 84.6 80.6 78 79.5 83.4 89.4 86 69.6 61.5 57 63.2 70.3 76.4 79.4 79.5 78.2 74.3 70.4 63.7 60.7 58.4 54.7 50.4 47.2 42.3 37.5 35.7 33.9 29.9 19.8 13.7 14.3 10.4 -2 -2 -2 -2 -2 -2 -2 -2 -2 -2 -2 -2 -2 -2 -2 -2 -2 -2 -2 -2 -2 -2 -2 -2 -2 -2 -2 -2 -2 -2 -2 -2 -2 -2 -2 -2 -2 -2 -2 -2 -2 -2 -2 -2 -2 -2 -2 -2 -2
100.1 96.4 92.6 88.5 84.4 81.8 83 85.9 90 89.5 74.5 67 65.1 70.6 76.9 83.2 83.8 83.4 81.7 78.8 75.3 71.7 70.6 62.7 59.1 54.5 50.2 45.2 40.1 37 35.2 28.5 20.4 18.3 15.1 8.1 -2 -2 -2 -2 -2 -2 -2 -2 -2 -2 -2 -2 -2 -2 -2 -2 -2 -2 -2 -2 -2 -2 -2 -2 -2 -2 -2 -2 -2 -2 -2 -2 -2 -2 -2 -2 -2 -2 -2 -2 -2 -2 -2 -2 -2 -2 -2 -2 -2
106.4 102.9 97.4 91.8 87.7 84.4 85.6 88.7 90.4 89.7 79.4 72.5 74.6 80.6 86.6 88.6 87.1 85.6 84 81.4 78.5 73.7 69.1 61.1 60 58.1 53.1 48 43 38.3 35.1 26.2 23.7 22.4 19.1 12.7 3 -2 -2 -2 -2 -2 -2 -2 -2 -2 -2 -2 -2 -2 -2 -2 -2 -2 -2 -2 -2 -2 -2 -2 -2 -2 -2 -2 -2 -2 -2 -2 -2 -2 -2 -2 -2 -2 -2 -2 -2 -2 -2 -2 -2 -2 -2 -2 -2
112.9 110.2 107.1 100 92.2 87.6 91.7 95 96.3 92.5 83 81.1 85.8 90.5 93.7 90.9 89.2 87.8 84.7 82 79.5 73.1 67.7 62.4 58.7 57.5 55.6 50.6 45.7 40.7 31.7 28.2 25.2 21.6 17.1 11.9 7.2 -2 -2 -2 -2 -2 -2 -2 -2 -2 -2 -2 -2 -2 -2 -2 -2 -2 -2 -2 -2 -2 -2 -2 -2 -2 -2 -2 -2 -2 -2 -2 -2 -2 -2 -2 -2 -2 -2 -2 -2 -2 -2 -2 -2 -2 -2 -2 -2
117.7 115.3 114.2 105.8 100 98.1 98.7 101.1 101.1 94.4 85.9 84.3 88.6 94.1 97.8 94.6 91.4 86.9 82.5 78.2 75.6 69.6 66.7 63.9 58.8 56 54.4 52.5 48 41.8 35.9 33.4 30.9 28.5 24.7 17.2 12.7 9.6 -2 -2 -2 -2 -2 -2 -2 -2 -2 -2 -2 -2 -2 -2 -2 -2 -2 -2 -2 -2 -2 -2 -2 -2 -2 -2 -2 -2 -2 -2 -2 -2 -2 -2 -2 -2 -2 -2 -2 -2 -2 -2 -2 -2 -2 -2 -2
123.2 125.2 123.4 120.1 117.5 114.5 112.5 110.8 108.9 101.9 88.9 87.9 91.4 97 98.8 94.9 91 86.7 81.4 76.1 71.8 68.1 65.2 62.4 59.5 55.3 53.2 51.3 49.2 43.7 39.5 35.8 33.3 30.8 27.5 26 21.6 9.5 -2 -2 -2 -2 -2 -2 -2 -2 -2 -2 -2 -2 -2 -2 -2 -2 -2 -2 -2 -2 -2 -2 -2 -2 -2 -2 -2 -2 -2 -2 -2 -2 -2 -2 -2 -2 -2 -2 -2 -2 -2 -2 -2 -2 -2 -2 -2
127 130.4 132.9 137 136.8 130.5 127.4 121.9 114.1 106.4 93.5 90.3 95.7 99.5 98.5 94.6 90.7 86.8 81.8 76.5 71.2 68 64.8 61.4 58 55.1 51.9 50.1 48.5 46.5 42.7 37.5 35 32.7 28.5 20.4 16 10.2 4.8 -2 -2 -2 -2 -2 -2 -2 -2 -2 -2 -2 -2 -2 -2 -2 -2 -2 -2 -2 -2 -2 -2 -2 -2 -2 -2 -2 -2 -2 -2 -2 -2 -2 -2 -2 -2 -2 -2 -2 -2 -2 -2 -2 -2 -2 -2
126.5 130.5 136.2 140.6 142.8 139.9 134.9 127.9 120.5 113.2 107.5 100.9 102.3 103 99.7 94.4 90.4 86.5 82.1 76.8 71.9 68.4 65.8 63.2 59.8 56.4 53.2 52.7 51.9 48 45.8 39.7 36.8 34.8 31.4 24.7 17.2 12.9 8.4 3.6 -2 -2 -2 -2 -2 -2 -2 -2 -2 -2 -2 -2 -2 -2 -2 -2 -2 -2 -2 -2 -2 -2 -2 -2 -2 -2 -2 -2 -2 -2 -2 -2 -2 -2 -2 -2 -2 -2 -2 -2 -2 -2 -2 -2 -2
123.2 127.9 133.8 140 145.6 141.6 137.3 133 127.9 122.5 117.2 112.9 109.4 105.1 101.8 96.4 91.1 86.1 82.3 77.2 72.7 69.1 66.8 63.9 61.1 58.2 56.4 55.9 55.4 55.2 52 49.9 49.5 41.9 35.1 31 27.7 22.5 14 8.9 3.7 -2 -2 -2 -2 -2 -2 -2 -2 -2 -2 -2 -2 -2 -2 -2 -2 -2 -2 -2 -2 -2 -2 -2 -2 -2 -2 -2 -2 -2 -2 -2 -2 -2 -2 -2 -2 -2 -2 -2 -2 -2 -2 -2 -2
119.4 125.9 131.8 137.7 140.1 139.2 137.5 133.7 131.1 126.7 121.2 115.4 111.7 107.3 103.8 98.5 93.2 87.8 82.5 77.7 70.3 68.7 68.5 66.9 64.4 65.3 65.7 65.4 65.1 65.2 62.3 61.1 63.6 61.8 60.8 50.2 41.1 36.4 27 18.9 8.9 -2 -2 -2 -2 -2 -2 -2 -2 -2 -2 -2 -2 -2 -2 -2 -2 -2 -2 -2 -2 -2 -2 -2 -2 -2 -2 -2 -2 -2 -2 -2 -2 -2 -2 -2 -2 -2 -2 -2 -2 -2 -2 -2 -2
117.9 124.6 130.3 135.1 137.8 136.7 135 134.2 132.2 129.9 124.4 118 114 109.6 105.9 100.6 95.2 89.9 84.6 81 79.1 77.5 76.9 74.8 73.4 74.4 75 74.9 75.4 75.1 73.3 73 71.5 69.1 66.3 61.6 55.6 48.7 45 34.3 17.3 7.4 -2 -2 -2 -2 -2 -2 -2 -2 -2 -2 -2 -2 -2 -2 -2 -2 -2 -2 -2 -2 -2 -2 -2 -2 -2 -2 -2 -2 -2 -2 -2 -2 -2 -2 -2 -2 -2 -2 -2 -2 -2 -2 -2
113.4 121.4 129.9 133.5 135.7 133.6 131.5 130.3 130.4 127.4 122.7 119.1 116.4 112.1 108 102.6 97.3 92 87.5 85 85.5 87.2 87.7 87.2 85.1 84.4 84.4 83.6 81.2 80.4 78.8 78.5 77.3 73 69.3 63.8 56.8 51.3 50.3 49.3 37.8 21.9 6.9 -2 -2 -2 -2 -2 -2 -2 -2 -2 -2 -2 -2 -2 -2 -2 -2 -2 -2 -2 -2 -2 -2 -2 -2 -2 -2 -2 -2 -2 -2 -2 -2 -2 -2 -2 -2 -2 -2 -2 -2 -2 -2
106.3 116 129.4 135.2 129.9 130.1 127.9 126.5 126.4 124.4 119.5 117.9 115.3 112.3 108.9 104.4 99.4 94.1 91.5 89.2 90 91.7 93 92.3 91.5 90.9 88.1 86.3 83.5 82 80.5 79.2 76.9 71.5 67 59.6 59 55.6 55 53.2 47.3 36.5 13.5 4.4 -2 -2 -2 -2 -2 -2 -2 -2 -2 -2 -2 -2 -2 -2 -2 -2 -2 -2 -2 -2 -2 -2 -2 -2 -2 -2 -2 -2 -2 -2 -2 -2 -2 -2 -2 -2 -2 -2 -2 -2 -2
99.4 106.4 116.8 124.3 124.5 122.6 124.4 122.6 121.8 120.4 118.6 116.7 114.1 111.1 107.6 103.1 98.5 94.9 93.8 91.8 93.9 95.7 97.5 95.7 92.9 89.8 87.2 84.7 83.6 82.8 82.1 80.7 76.8 72.5 68.2 63.6 61.3 58.9 57 55.1 49.7 44.5 23.8 14.9 -2 -2 -2 -2 -2 -2 -2 -2 -2 -2 -2 -2 -2 -2 -2 -2 -2 -2 -2 -2 -2 -2 -2 -2 -2 -2 -2 -2 -2 -2 -2 -2 -2 -2 -2 -2 -2 -2 -2 -2 -2
93.7 97.6 105.3 113.4 116.4 115.2 117 118.7 117.8 116.9 116.3 115.7 112.9 109.6 106.3 101.7 97.2 94.1 93.1 92.1 91.6 97.9 99.2 95.8 91.6 88.8 86.3 83.8 82 81.2 80.6 80.4 78.2 74.4 70.7 67.2 63.3 60.5 58.6 56 51.8 46.8 39.1 35.9 28.1 22.9 18.3 -2 -2 -2 -2 -2 -2 -2 -2 -2 -2 -2 -2 -2 -2 -2 -2 -2 -2 -2 -2 -2 -2 -2 -2 -2 -2 -2 -2 -2 -2 -2 -2 -2 -2 -2 -2 -2 -2
97.1 98.6 98.1 102 105.3 108.1 109.3 110.6 113.4 113.4 112.9 112.5 111.4 108.2 104.9 100.4 96.6 93.5 92.3 91.3 90.7 90.3 90.2 90.2 90.2 87.9 85.4 82.9 80.4 80 79.9 79.9 78.5 74.7 71.2 67.8 65.8 61.9 59.6 56.2 50.8 45.3 39.6 38.2 29.5 25.5 19 7.5 2.2 3.6 4.4 1.7 -2 -2 -2 -2 -2 -2 -2 -2 -2 -2 -2 -2 -2 -2 -2 -2 -2 -2 -2 -2 -2 -2 -2 -2 -2 -2 -2 -2 -2 -2 -2 -2 -2
98.7 99.8 98.8 97.1 99.2 100.9 101.4 102.4 104.4 107.5 109.3 109.3 108.2 106.7 103.4 99.1 96 93 91.6 90.8 90.4 90.2 90 89.8 89.8 87.9 84.5 81.5 81.6 81.4 79.8 79.4 78.8 75.2 71.8 68.4 64.9 63 60.7 56.5 51.9 47.3 43 38 31.4 26.8 22 17 11.8 10.4 7.9 3.9 -2 -2 -2 -2 -2 -2 -2 -2 -2 -2 -2 -2 -2 -2 -2 -2 -2 -2 -2 -2 -2 -2 -2 -2 -2 -2 -2 -2 -2 -2 -2 -2 -2
94.3 97.8 96.7 95.4 94.4 94.7 95.1 95.5 95.8 98.3 100.1 101.7 104.4 103.6 102 98.5 95.5 92.4 90.8 90.6 90.4 90.2 90 89.7 89.5 88.7 85.5 83.8 83.9 84.6 83.4 81.8 80.3 76.3 72.3 68.9 65.5 62.1 60.3 57.2 52.5 49.8 45.9 41.8 35.2 30.5 25.5 21.8 17.1 13 11.7 9.3 4.5 -2 -2 -2 -2 -2 -2 -2 -2 -2 -2 -2 -2 -2 -2 -2 -2 -2 -2 -2 -2 -2 -2 -2 -2 -2 -2 -2 -2 -2 -2 -2 -2
86.1 92.9 92.2 91.5 90.7 90.4 90.8 91.2 90.9 91.2 90.6 92.7 95.4 97.2 97.3 98.2 96.2 92.6 90.7 90.6 90.4 90.2 89.9 89.7 89.4 89.3 87.9 86.8 86.8 86.9 87.1 85.5 84 80.8 76.6 72.4 68.2 64 59.4 56.5 53.9 51.9 48.9 44.8 39.1 34.3 29.9 26.5 22.5 16.1 14.6 12.6 8.2 -2 -2 -2 -2 -2 -2 -2 -2 -2 -2 -2 -2 -2 -2 -2 -2 -2 -2 -2 -2 -2 -2 -2 -2 -2 -2 -2 -2 -2 -2 -2 -2
76 83.3 86.6 87.9 86.9 86.1 86.5 86.5 86.8 87.8 87.5 88.1 89.3 91 93.2 95.7 98.1 96.7 90.8 90.6 90.4 90.2 90 89.8 89.6 89.5 89.4 89.8 89.8 89.8 89.8 89.1 87.7 85.4 81.2 77 73.5 69.3 61.4 58.7 56.4 54.1 51.9 47.8 43 38 34.6 31.2 27.8 21.4 16.5 12.5 8.4 -2 -2 -2 -2 -2 -2 -2 -2 -2 -2 -2 -2 -2 -2 -2 -2 -2 -2 -2 -2 -2 -2 -2 -2 -2 -2 -2 -2 -2 -2 -2 -2
67.8 71.5 76.8 77.3 78.4 80.2 81.9 82.5 83.8 84.5 84.9 85.7 86.8 87.9 90 92.8 95.1 97.4 93.3 90.7 90.5 90.3 90.2 90 89.8 89.7 89.7 90 90.7 91.4 92.1 92.8 91.5 90.3 86.9 83.4 79.2 72.2 66.8 64 61.3 58.6 56.6 53.5 51.1 47.5 43.2 39.5 33.4 24.2 17.8 13.2 8.7 1.8 -2 -2 -2 -2 -2 -2 -2 -2 -2 -2 -2 -2 -2 -2 -2 -2 -2 -2 -2 -2 -2 -2 -2 -2 -2 -2 -2 -2 -2 -2 -2
61.4 64.9 68.1 69.5 71 72.4 74.5 76.1 78.6 81.8 82.4 83.2 84.3 85.2 85.5 87.5 89.6 92.3 95.3 90.9 90.7 90.5 90.3 90.2 90 90 90 90.2 90.8 91.5 92.2 96.4 96.5 95.7 93 90 83.9 78.7 74.5 72.1 70.1 68.2 65.5 63.7 61.7 57.4 52.5 48.6 38.7 28.8 19.4 15 10.1 3.2 -2 -2 -2 -2 -2 -2 -2 -2 -2 -2 -2 -2 -2 -2 -2 -2 -2 -2 -2 -2 -2 -2 -2 -2 -2 -2 -2 -2 -2 -2 -2
54.7 57.8 60.5 61.8 63.2 64.6 66.9 66.8 69 73.8 78.3 80.7 81.3 80 80.1 82 84.1 87.1 91.4 91.3 90.9 90.7 90.5 90.4 90.3 90.4 90.4 90.4 91 91.7 96.6 99.6 100.9 101 100.9 99.3 96.4 91.3 85.9 81.6 79.7 77.6 76.4 73.7 71.4 66.5 62 53.9 44 34 24.2 16.8 11 6.9 0.9 -2 -2 -2 -2 -2 -2 -2 -2 -2 -2 -2 -2 -2 -2 -2 -2 -2 -2 -2 -2 -2 -2 -2 -2 -2 -2 -2 -2 -2 -2
48.2 50.6 52.8 54 55.4 57 57.8 57.7 60 63.4 68.4 72.4 73.9 75 74.8 76.5 79 83.1 86.7 91.1 91.2 90.9 90.7 90.7 90.7 90.7 90.7 90.7 91.2 92.5 96.3 97.2 99.4 105 109.3 108.7 110 105.8 98.8 94 89.7 88.4 86.3 83.6 81 75.5 71.3 62.4 50 39.2 29.9 21.9 15.4 11.8 4.3 -2 -2 -2 -2 -2 -2 -2 -2 -2 -2 -2 -2 -2 -2 -2 -2 -2 -2 -2 -2 -2 -2 -2 -2 -2 -2 -2 -2 -2 -2
41.3 43.3 45.1 46.4 47.6 48.8 48.7 48.7 49.9 53.3 57.1 60.1 61.9 64.4 66.9 71.1 72.5 76.9 81.5 85.8 88.3 90.7 91 91 91 90.9 90.8 90.6 90.5 90.7 93 94.7 96.4 97.9 103 110.8 116.6 117.1 119.9 115.1 108.4 101.1 98.2 93.8 90.7 84.6 79 70.6 62.8 52.8 38.3 30.4 24.5 17.4 12.6 7.4 2 -2 -2 -2 -2 -2 -2 -2 -2 -2 -2 -2 -2 -2 -2 -2 -2 -2 -2 -2 -2 -2 -2 -2 -2 -2 -2 -2 -2
32.1 34.5 36.8 38.6 39.9 40.5 41.1 41.6 43.2 44.5 45.5 47.8 50.2 52.5 54.6 57.8 61 67.2 73.8 79 81.8 84.2 85.9 86.6 87.4 87.6 87.4 87.3 85.7 83.9 85.6 87.8 90.2 92.7 95.4 102.4 111.7 120.1 125.8 127.7 124.5 116.5 113.9 110.3 106 102.1 96.6 90.5 80.8 70.2 58.6 49.5 38.8 31.3 24.1 17.4 12.2 6.7 1.6 -2 -2 -2 -2 -2 -2 -2 -2 -2 -2 -2 -2 -2 -2 -2 -2 -2 -2 -2 -2 -2 -2 -2 -2 -2 -2
25.8 27.5 29.1 30.7 32.3 34 35.8 37.5 39.3 40 41 42.1 43.3 45.6 48.5 51.4 52.7 56.6 63.7 69 72 74.9 78.8 80.1 80.9 81.7 82.5 82.7 80.9 78.6 79.9 82.4 85 87.6 90 94.2 102.1 108.9 116.9 126.9 130 129.5 129.5 126.4 124.2 119.9 113.6 106.1 97.5 88.3 80.7 73 61.4 48.1 39.1 30.1 24.8 20.4 18.8 17.9 17.3 -2 -2 -2 -2 -2 -2 -2 -2 -2 -2 -2 -2 -2 -2 -2 -2 -2 -2 -2 -2 -2 -2 -2 -2
20.5 23.3 25.3 27 28.4 30.2 31.9 33.7 34.9 35.5 36.5 37.7 39 40.2 42.9 44.9 47.8 49.5 53.6 59 62 66.3 70.4 72.4 74 75 74.6 74.1 73.6 72.7 74.7 77.3 80 82.4 84.8 87.9 90.6 95.8 103.9 111.4 118.8 124.2 129.6 134.1 131.7 128.1 124.7 119.6 111.4 102.5 94.7 87.7 78.6 64.3 52.7 43.7 37.2 34.6 30.7 30.5 29.3 27.1 24 17.4 -2 -2 -2 -2 -2 -2 -2 -2 -2 -2 -2 -2 -2 -2 -2 -2 -2 -2 -2 -2 -2
17.4 20.2 22 23.4 24.7 26.3 28 29.8 30.4 31 32 33.3 34.6 35.9 37.3 39.9 42.8 45.7 46.4 49 53.4 57.6 61.8 64.4 66 67.3 66.9 66.4 65.9 67.1 69.6 72.2 74.8 77.3 80.2 83.6 86.3 88.5 93.2 100.3 107.9 114.8 121.3 131.3 132.6 133.3 130.1 124.8 118.1 110.4 103 96.4 86.3 75.8 64.9 56 49.9 46.2 42.4 39.3 36.5 34.6 29.3 22.9 16.7 8.7 -2 -2 -2 -2 -2 -2 -2 -2 -2 -2 -2 -2 -2 -2 -2 -2 -2 -2 -2
14.3 16.9 18.4 19.7 21 22.4 24.1 25.6 25.9 26.5 27.6 28.9 30.3 31.6 32.8 35.3 38.2 40.9 42.6 44.3 46 49.4 53.6 56.3 57.8 59.4 59.5 59.1 59.9 62.3 64.7 67.2 69.8 72.6 75.7 79.1 81.9 84.4 88.6 94.3 100 105.8 113.4 122.8 130.1 131.9 129.7 124.8 120 112.4 104.7 99.1 91.8 83.6 74.4 66.7 60.2 55.5 50.5 46.4 42.4 38.5 34.5 28.8 21.9 14.5 -2 -2 -2 -2 -2 -2 -2 -2 -2 -2 -2 -2 -2 -2 -2 -2 -2 -2 -2
9 12.4 14.9 16.1 17.4 18.5 20.3 21.1 21.4 22 23.2 24.6 25.9 27.2 28.9 31.1 33.5 35.4 37.3 38.9 40.7 44.2 45.9 47.4 49.2 51.2 52.2 52.7 55 57.4 59.3 61.1 64.9 68.1 71.2 74.7 77.6 80.5 84 89.8 95.5 99.8 104.9 111.1 118.1 124 125.2 119.4 116.3 112.1 106.2 100.3 96.4 89.9 83.7 76.4 69.1 62.7 58.5 54.5 50.9 48.4 42.3 38.1 29.6 22.1 14.2 2 -2 -2 -2 -2 -2 -2 -2 -2 -2 -2 -2 -2 -2 -2 -2 -2 -2
