data/NH15.asc
ncols 200
nrows 200
xllcorner 210000
yllcorner 850000
cellsize 50
[rows 140 to 174 of 200, columns 78 to 155 of 200]
323.7 323.3 324 325.1 324.7 324.4 323.6 323.5 322.8 321.7 320.7 320.3 317.8 316.6 315.6 314.9 314.2 313.5 311.4 309.3 307.3 304.8 301.4 300.8 300.4 300.4 300.4 300.5 300.6 300.6 300.6 300.3 300 300.7 301.2 300.6 300.1 299.6 299.1 298.8 297.7 296.6 296.3 297.7 298.5 298.7 298.9 299.2 299.5 300 301.7 303.4 305.3 307.2 309.1 311 312.4 313 314.4 316 318.3 320.8 323.3 326.7 329.4 332.1 335.2 338 340.9 343.8 346.8 349.9 353.5 356.4 358.8 362.4 365.6 369.2
330.8 329.9 330 332.1 332.7 332 331.2 328.8 327.9 327.3 326.8 326.2 325.1 324.3 321.2 320.9 319.6 317.7 314.7 312.9 310.8 307.6 304 301 300.9 300.9 300.7 300.6 300.7 300.7 301.5 301.7 302.3 303 303.1 302.4 301.7 301 300.2 299.4 298.3 297.1 296.5 297.4 297.5 297.2 297.3 297.5 297.9 298.9 300.7 302.4 304.1 305.8 307.5 309.2 310.4 311.1 312.2 313.8 314.9 316.7 319.1 322 324.7 327.4 330.3 333.7 337.2 338.8 342.3 345.9 349.9 354.2 356.6 360.1 364.1 368.4
337.9 338.2 340 339.9 340.2 340.9 340.2 335.7 336.9 335.9 334 333.9 334.7 332.7 328.8 326.7 324.9 322.9 320.2 318 315.1 311.2 306.7 304 302 301.8 302 302.2 301.4 301.9 302.7 304 304.6 305.1 305 304.3 303.6 302.9 302 300.6 299.3 298.6 297.2 297.2 297.1 296.8 296.9 296.8 296.7 297.8 299.7 301.4 303.1 304.8 306.5 306.9 308.1 309.3 310 311.6 312.4 313.8 315.6 317.6 320.3 322.9 326 329.1 332 334.3 337.8 342.5 346.7 350.7 354.6 358 362.1 366.4
346.7 347.8 349.7 350.1 348.8 349.9 349 347.8 348.6 346.6 345.3 347 346.8 344.4 340.8 337.3 333.3 330.5 325.7 323.2 319.9 316.3 312.2 307.5 304.7 305.7 305 305.2 304.7 304.4 304.6 305.9 307 307 306.9 306.3 305.6 304.6 303.7 302.5 302.5 301.7 299.4 296.9 297.2 297.7 298 297.3 297.1 296.6 298.7 300.3 302 303.4 303.4 303.5 305.1 307 308.1 309.3 310.1 311.5 313.6 315.9 318.4 320.4 323.5 326.6 328.9 331.1 334.2 338.6 343.1 347.5 352.6 355.9 360.1 364.4
356.6 357.7 358.5 361.1 362.2 362.5 362 362.5 362.6 361.9 360.7 359.1 359.2 358.9 355.7 352.2 343.3 340.2 335.4 329.6 325.1 321.6 317.6 313 309.5 309.2 308.9 308.2 308 307.3 306.8 308.1 309.6 308.9 308.8 308.2 307.3 306.3 305.3 304.3 304.9 304.5 301.5 298.6 298.5 299 298.7 297.9 297.3 295.5 297.7 299.4 299.9 299.8 300 301.3 302.7 304.1 305.8 307.1 308.3 310.3 312.3 314.4 316.1 318 321 323.9 325.8 327.9 331 334.6 339.2 343.7 350.1 353.7 357 361
368 368.3 369.8 372.9 376.2 376.8 376.4 378.7 380.6 380.9 377.5 375.3 377.5 379 378.5 368.4 355.3 350.9 345.4 339.9 335.5 329.8 325.8 320.5 315.9 313.7 312.9 312.3 311 310.2 309.7 310.9 312.5 312.1 311.3 309.8 308.6 307.9 308.7 308.1 307.1 305.7 302.8 300.5 299.9 300 299.3 298.5 297.1 294.4 293.9 298.8 293.9 296.7 297.9 299.3 300.7 302.1 303.5 304.8 307.4 309.5 311.5 312.5 313.8 315.7 318.5 320.8 322.6 324.6 327.9 331.5 335.4 340.2 344.9 349.4 353.6 357.4
378.8 381.7 383.9 386.4 390 391.3 391.5 394 396.1 397.7 395.4 393.3 394.5 398 395.5 385.9 373.3 363.1 356.3 351.4 347.3 340.8 334.8 329.6 324.4 320.9 320.2 317.9 317.1 316.1 314.7 313.7 315.3 315.5 313.9 311.8 310.8 311.4 314.1 313.5 311.2 307.2 304.6 303 302.7 301.6 301.1 300.6 298 294.2 293.9 293.9 293.9 293.9 293.9 297 298.1 299.4 301 302.6 306.7 308.7 309.6 310.6 311.9 313.4 315.8 317.7 319.5 321.4 324.8 328.2 332.3 336.2 340.7 345.1 349.2 353.2
392.2 395.4 398.5 401.2 404 406 408.3 411.7 412.5 412.8 411.7 410.3 411.5 415.4 410.5 404.1 391.9 378.5 368 362.7 358.3 351.6 345.6 339.9 335.1 331.2 329.7 326.8 325.1 323.3 321.3 318.1 319.5 318.5 316.1 314.9 314.1 314.7 317.9 318 315 311.8 308.5 306.8 305.7 303.8 302 300.5 297.9 295.6 293.9 293.9 293.9 293.9 293.9 294 295.5 297.1 298.7 300.3 304.9 306.8 307.7 308.6 309.9 311.4 312.9 314.8 316.6 318.5 321.2 324.9 328.8 332.7 336.3 340.4 344.6 348.7
406.6 409.8 412.7 415.4 418.9 422 424.7 428.4 429.6 428.5 427.1 425.6 425 425.5 419.9 412.1 402.2 389 379.8 375.2 370.5 363.3 357.9 353.3 348.9 345.7 344.2 340.5 334.5 330.7 326.6 323.5 322.3 321.5 319.4 319 318.2 317.9 320.4 321.7 319.8 316.5 312.7 310.1 308.4 305.3 303 300.9 298.9 296.6 294.3 293.9 293.9 293.9 293.9 293.9 296.8 297.7 298.6 298.8 302.5 305.8 306.1 306.7 308 309.7 310.7 312.4 314.3 316.2 318.3 321.3 325.2 328.7 331.9 335.7 339.9 345
421.1 424.1 427 430.7 434.1 437.3 440.1 442.6 445.1 445.2 442.3 440.3 438.3 434 429 421.2 413.2 401.7 395.3 390.7 384.4 377.8 372.3 369.2 363.3 359.5 357.6 352 344.9 338.6 334 333.5 333.1 327.2 325.8 325.5 322.3 321.1 324.8 326.5 324.7 320.5 316.5 314 310.3 306.4 304.3 302.6 300.6 298.3 296.6 294.3 293.9 293.9 293.9 297.8 298.8 299 299.1 299.1 301.7 304.7 305.2 305.2 306.3 307.9 309.4 311.5 313.5 315.1 316.5 317.8 321.1 324.3 327.5 330.9 334.6 339.6
434.9 438.7 442.4 445.8 449.2 452.6 455.4 457.9 459.6 459 457 454.9 452.8 445.8 439.8 432.7 426.5 418.3 415.2 412.1 402.9 394.4 388.3 385.6 377.6 372.2 370.3 362.7 354.5 347.7 344.5 343.5 342.5 338.6 335.4 333.2 329.7 325.5 333.2 331.3 329.6 324.4 320.1 316.9 312.7 309.8 306.8 304.2 302.3 300.6 298.7 297.1 294.3 293.9 293.9 296.5 297.3 297.8 297.9 298.8 300.3 302.8 303 303.9 305.2 306.7 308.8 310.5 311.9 313.3 314.8 316.2 318.8 321.9 324.1 327.1 330.2 334.3
449.2 453.2 457.1 460.7 464.1 467.1 469.2 471.2 472.3 472.4 471 469.6 466.1 460.5 454.6 449.8 445.6 445.5 447.3 442.5 431.2 420.3 408.2 400.5 392.4 388 382 374.3 364.9 358.4 355.4 355.6 356.1 354.4 350.1 342.9 337 336.7 337.8 336 334.4 329.4 325.5 321.6 316.4 313.4 309.9 307.2 305 302.3 300.4 298.8 297.1 296.7 295.6 295 296.1 297.2 297.7 298.1 298.7 300.7 301.5 302.8 304 305.5 307.3 308.7 310.2 311.6 313 314.4 315.9 317.8 320.3 323.3 326.3 329.5
461.1 465.7 469.5 473.5 477.2 479.6 481.8 483.8 486 486.5 486.3 484.9 482.1 477.7 474 471.5 469.9 471.9 473.4 466.3 460 447.6 429.7 414.8 405.2 402.2 395.1 384.3 376.8 371.2 369.6 371.2 369.4 367.7 361.2 352.3 344.8 347.4 344.9 343.6 343.1 340 333.4 329.8 323.3 318 315.4 311.1 309.5 307.6 304.6 302.8 300.9 299.3 298.3 297 297.4 298.4 298.8 299.2 299.4 299.4 300.4 301.6 302.7 304.1 305.4 306.8 308.3 309.5 311 313.1 314.4 315.5 317 320 323 325.6
473.1 477.8 482 486 489.2 492 494.3 496.6 498.8 501.1 501.7 500.9 498.2 496.7 495.7 497.9 498.9 497.9 491.8 481.9 478.4 464.2 447.5 427.7 417.2 415.9 407.3 395.1 387 387.7 386.1 386.6 384.1 379.3 369.8 363.7 351 365.4 364.9 358.7 359.9 360.2 350 338.7 332.4 331.1 323.6 316.5 314.9 313 309.8 307 304.8 302.3 301.2 299.8 298.7 299.5 299.8 299.8 299.8 299.7 299.9 300.9 302 303.1 303.9 304.6 305.9 307.7 309.7 311.6 312.8 314.1 315.2 317.1 320 321.8
485 489.7 494.2 498.1 501.3 504.4 507.6 510.8 513.8 516 517.3 517.3 517.3 516.5 518 520 517.2 513 506.5 499.2 487.5 477.7 463.2 438.7 434.2 430.9 417.6 405.6 399 400.2 400.9 402 397.1 387.3 379.7 367.6 373.8 387 391.5 385.3 386.6 393 380.9 365.8 356.9 348.2 336.5 324.2 321.9 320.2 315.4 312.2 308.9 305.8 304 302.5 301 300.3 300.2 300.2 300.1 300.1 300.5 300.4 302.6 304 302.7 303 304.3 306.4 308.4 310.1 311.3 312.7 313.8 314.7 316.1 317.9
495.4 500.2 504.3 508.6 512.2 516 520.8 524.2 527.6 530.6 532.5 533.5 534.3 534.9 536 534.2 530.1 524.3 517.2 508.3 498.7 489 471.4 451.2 451.5 442.1 427.7 418.4 413.4 413.7 416.2 417.3 410.6 400.9 382.4 377.7 396.5 406.2 415.5 415.6 416.4 420.8 413.2 392.8 383.3 369.2 358.9 343.8 336.7 331 323.8 318.9 315.1 310.5 307.6 306.1 304.5 303.2 302.9 302.6 302 300.9 300.5 300.3 302.7 304.9 304.6 303.7 303.4 305.1 307.2 308.6 309.9 311.2 312.4 313.2 313.3 314.4
504.7 510 514.4 518.8 522.9 527.1 532 537.1 540.6 544.1 546.5 548.8 550.6 551 549.4 546.3 541 534.6 526.5 517.3 507.5 496 478.4 464.9 460.8 450.4 438.7 431.5 428.8 429.2 429.5 428.4 422.4 412 396.7 407.6 416.4 424 436.8 445.4 448.1 438.7 430.5 415.8 407.2 396.7 387.9 364.9 354 343.3 335.8 329.1 324.6 316.2 311.3 309.5 308.1 306.8 304.9 304.3 303.7 301.8 301.5 300.4 301.2 303.4 304.8 304.2 303.7 304.7 305.7 307.1 308.5 309.8 311 311.8 311.9 311.9
513.6 519 524.2 528.6 533.3 538.2 543.1 548.2 553.4 557.8 560.8 562.7 564.1 562.6 559.7 555.9 550 543.1 535.1 526.3 515.9 502.8 486 477 468.6 457.7 449.1 444.7 441.9 443.7 440 437.4 431.9 425.2 418 425.5 432.8 440.3 449.2 460.5 464.7 453.7 448.8 438.6 433.4 431.9 405.9 382.9 371.1 364.9 352.7 343.7 335.1 324.2 317.3 314 312 310.5 308.3 306 304.5 302.7 301.4 300.6 300 302.1 303.7 304.7 305.4 306.6 304.6 304.9 306.3 307.7 308.9 309.7 310.2 310.2
522.5 527.8 532.7 537.2 542.4 548.4 554.2 559.5 564.6 569 572.3 572.9 573.2 571.7 568.5 564.2 558.2 551 543.1 533.3 521.5 508.2 493.4 485.1 476.4 466.5 459.9 454.7 456.7 455.1 450.7 445.2 439.6 435.8 436.9 437.8 443.4 451.6 460.5 472.6 479 473.8 467.9 464.5 461.2 453.2 426 401 388.9 384.1 369.2 355.3 344.8 334.9 325.9 319 316.4 314.8 313.2 309.5 306.3 303.8 301.3 300.7 300.1 300.7 302.7 305.5 307.4 305.7 303.7 303.2 304.1 305.5 306.5 307.2 307.9 308.2
531.3 536.6 541.3 545.9 551.5 557.7 564.5 569.8 574.7 578.8 581.3 581.7 581.1 579.4 576.3 571.5 565.9 558.9 550.3 539.2 526.7 512.8 500.3 493.2 485.5 479 473.6 469.3 467.8 466.1 459.4 451.9 446.3 441.4 445.4 445.9 450.5 460.7 472.1 480.5 489.2 498.2 497.4 489.9 486.4 482.7 456.6 429.5 418 401.4 384.8 368.5 356.7 345.4 333.5 325.6 321.6 319.5 317.9 313.6 309.3 306.2 303.7 300.6 299.5 300.1 301.7 305.4 306.5 304.8 302.8 301.8 302 303.3 304 304.6 305.3 305.7
539.6 544.7 549.4 554.1 560.9 567 572.8 578.1 583.3 588.2 590.1 589.6 588.9 587 583.8 578.9 572.5 564.9 556.1 544.2 531.2 518.3 507.2 501.8 496.6 493 488.6 483.9 479.5 474.9 466.8 457.9 451.2 451.4 452.1 453.4 459.9 470 481.6 489.4 497.4 507.7 507.9 509.1 514 517.3 484.9 457.4 435.8 420.4 401.8 387 369.6 354.4 342.2 333.7 328.4 324.1 321.7 317.9 313.7 309.5 306.1 301.7 299.2 299.3 299.9 301.7 303.1 302.1 301.1 300.4 300.6 300.8 301.4 302 302.6 303.2
547.3 552.2 557.1 562.6 568.9 574.7 580.8 586.5 591.7 595.8 598.1 597.8 597 594.5 591.5 586.4 578.8 570.4 559.6 547.7 534.7 523.7 516.6 512.6 508.7 505.2 501.2 495.3 488.4 481.7 472.5 462.1 456.9 457.9 458.9 462.2 469.6 477.9 487.2 496.7 504.1 511.4 517.2 525.5 536.4 538.7 508.7 479.6 457.9 438.6 421.4 405.4 388.8 370.4 352.9 340 336.7 331.9 327.5 324 320.2 316 310.2 303.3 300.5 298.1 298.3 298.8 299.8 300.8 300.9 301.3 298.2 297.8 298.1 298.9 299.8 300.6
552.2 557.4 562.1 568.4 575 581.4 587.5 593.2 599 602.7 605.4 605.6 604.5 601.8 598.4 593 582.6 573.9 562.7 551.1 539.5 531.3 526.8 524.1 520.3 516.5 510 502.6 494.8 486.5 477.9 467.1 464.3 466 467.6 472.1 478.8 485.4 494.3 505.5 513.4 519.9 526.3 540 551.8 559.3 533.4 505.6 481.9 465.2 444.7 427.9 407.7 388.4 366.8 350.6 345.7 341.4 334.8 330.3 327.1 323.1 315.8 307 302.6 301.1 299.4 297.7 297.8 298.9 300 303 297.4 295.3 294.5 295.3 296.2 297
555.2 561.3 567.1 572.1 578 585.5 592.6 599.5 605.1 608.9 611.9 612.5 611.4 609.5 605.8 599.3 588.2 577.6 566.2 555.5 545.9 540.4 537 533.9 529.1 523.4 515.4 507.7 499.5 490.8 482.7 473.7 473.5 475 476.7 482 486.8 491.2 499.9 510.1 519.1 527.2 536.5 550.8 567.4 569 558.6 538.9 523.9 501.2 475 451.2 432.9 406.5 383.4 365.9 356 351.1 343.9 337.1 333.3 328.5 320.7 314.2 308.1 304.1 302 299.4 297.1 296.4 297.5 297.5 295.6 293.8 292.1 291.9 292.8 293.2
553 561.1 568 574.7 582.2 589.7 595.6 603.1 609 614.6 617.6 618.1 618.5 618.3 614.4 605.1 592.8 580.7 569.5 559 552 549.1 545.3 541.6 536 528.5 520.6 512.8 504.1 494.2 486.1 481 480.8 481.1 483.1 487.9 493 499.1 507.9 514.5 523.5 532.2 543.6 557.8 573.8 585.5 586.1 585 571.6 545.3 512 477.6 454.7 424.3 400.4 382.6 372.7 365.9 358.7 347.9 340.1 333.4 329 322.4 314.6 308.8 304.7 302.3 298.3 296.5 295.2 297.7 294.9 293.3 291.7 290 289.1 289.3
566.6 571.3 576.5 580.6 589.1 594.5 598.4 604.5 610.8 616 620.8 622.9 624.4 624.9 620.4 609 597.7 584.8 572.4 563.2 559 556.3 553.4 548.5 541.5 533.6 525.7 517.9 508.4 498 490.7 487.1 485.9 486.7 490.4 495.7 501.7 509.1 517.4 523.3 529.3 538.1 549.2 563.2 578.5 594.4 602.4 614.4 613 586.7 542.5 503.8 469.5 434.3 422.1 406.5 390.8 382.4 375.8 365.4 353.4 342.2 336.7 330.7 321.9 313.6 308.5 304.4 300.1 297 295.1 297.3 297.3 293.2 291.5 289.9 288.7 288.3
575.7 580.8 586.8 590.6 596.1 599.3 603.1 608.6 613.2 617.7 622.9 626.1 629.1 628.8 622.9 612.6 601.2 589.9 578.4 568.9 565.2 562.3 558.2 552.3 544.7 537.4 529.8 520.8 510.6 501.3 495.6 491.8 490.3 494.7 499.3 504.1 512.2 520.1 526.8 533 538.9 544.6 554 566.3 581 597 610 619.9 625.7 609 565.5 513.4 480.9 460.7 449.1 432.5 409.2 398.9 393.5 387.5 371.2 359.9 345.6 338.2 331.5 321.7 314.3 309.2 302.5 297.9 294.7 294.1 294.7 294.1 291.4 289.8 288.6 287.6
585.1 588.4 593.8 598.7 601.9 605.1 608.3 613.5 617.8 621.8 626.1 629.1 632 630.4 624.5 615.3 604 592.5 581.4 574.9 570.1 566.5 561.3 554.7 547.7 540.4 533 523.4 512.4 505.7 499.9 496.6 495.6 501.3 506.5 511.7 519.7 527.8 535.6 543.8 547.3 552.3 559.5 569 583.4 596.7 610.4 619.8 624.9 616.4 577.8 533.2 519.9 499.1 476.7 448.4 440.7 421.3 408.7 404.3 392.4 376.2 360.1 347.9 341.2 332.3 323.7 318.1 309.8 301.2 296.8 294.3 292 291.5 290.9 289.7 289 288.4
594.8 596.8 600.2 604.2 607.5 610.5 614.1 618.3 622.6 626.3 630.5 633.8 636.8 631.6 625.9 616.6 604.8 594.1 582.9 577.4 573.6 569 564.1 557.4 550.6 543.5 535.1 525.6 517.2 509.8 504.5 500.3 503 508.7 514.1 519.3 525.9 531.9 542.3 553.8 555.3 558.8 564.8 573.5 584.5 596.8 607.6 616.9 620.8 619.1 591.4 578.6 575.5 533.2 504 487.7 498.3 476.9 435.6 421.2 409.2 391.7 379.2 366.1 357.5 351.4 340.6 330.6 320.7 309.2 303.6 302.5 299 296.1 292.7 289.9 289.3 289.4
602.1 603.9 607.2 611 612.9 616 619.8 623.7 627.4 630.7 634.9 638.3 640 633.7 625.2 614.1 602.1 593.6 585 581.4 575.6 571.6 567 560.4 553.3 545.9 538 528.8 520.4 513.4 507.9 505.6 510 516 521.4 526.9 531.8 536.8 549 563.4 564.9 564.8 569.9 577.1 586.8 596.4 606 614 618.2 616.8 608.6 614.2 593.2 561.1 541.3 534.6 543.2 518.6 474.7 443.5 421.9 407.6 411.5 397.2 379.6 367.9 357.5 341.6 333.3 321.2 311.8 316.7 307.9 303.3 299.9 296.3 290.8 290.5
608.4 610.6 614.5 618.8 620 621.8 625.5 629.3 631.8 635.9 639.7 642 640.8 636.1 626.3 614.5 601.9 593.1 585.4 579.9 577.4 573.9 569.9 563.1 555.6 547.7 539.8 531.9 523.6 517 512.6 512.5 517 522.9 528.3 532.9 543.6 550.2 561.2 574.2 577.5 574.1 575 580.5 588.1 596.7 603.6 611.3 617.3 620 625 625.7 604.7 606.1 587.1 576.2 572.5 528.6 492.9 463.2 436.7 437 438.6 425.5 407.4 392.9 374.7 359.7 344.5 332.6 325.3 321.1 316.6 314.3 312.5 303.5 296.4 292.8
615.6 616.9 621.2 625 626.4 627.2 631.6 634.2 636.1 641.2 645 645.9 643.2 637.2 627.2 615.4 604.5 596 585.5 579.6 577.4 575.5 571.9 562.9 554.9 547.3 539.2 530.8 524 519.4 516.1 519.1 523.4 528.1 533.1 539.7 553.6 565.3 573.1 583.4 589.4 586.3 582.9 586 592.4 598.5 603.9 609.4 616.2 621.1 623.3 623.7 624.7 625.6 629.1 613.4 579.6 544.3 510.9 477.1 464.3 465.3 465.7 448.6 427.7 417.9 407.2 386.8 371.3 352 345.4 335.4 331.6 327.4 323.4 312.7 302.2 296.1
622.6 622.2 626.7 630.2 632.6 631.5 630.9 636 641.9 648 651.1 651.1 646.4 639.7 629.4 619 608.8 597.9 589.2 583.6 579.5 575.4 569.2 560.9 554.4 547.4 539.1 532.1 526.2 522.1 520.3 523.5 528.2 532.3 536.9 545.1 556.8 571.2 583.1 593.5 601.4 601.5 597.8 594.4 597.4 603.5 607.3 610 616 620.9 623.3 627.1 631.7 635.9 635.4 631.6 600 555.4 524.5 491.6 496.9 494.6 492.1 476 455.2 448 476 449.4 416.6 379.9 363.8 352.3 347.6 344.1 332.9 321.3 312.1 301.9
625.8 628.7 632.3 636.3 638.3 637.4 638.3 640.9 648.3 655.1 656.2 658.2 656.9 644.4 634 622.7 610.3 600.2 596.4 588.5 582.4 575.9 569.3 562.3 556.5 550.4 542.8 536.8 531.3 526.2 524.6 528.2 532.8 536.9 541.3 548.4 559.6 573.9 590.7 601.6 611.8 613.4 612.3 604.9 603.2 607.7 611.3 612.4 616.1 620.7 624.7 629.8 635.9 639.9 638.2 635 597 554.8 527.2 520.7 527.5 529.3 531.2 508.2 498 513.4 528.4 516.7 473.3 427.6 388.9 373.6 364.8 360.7 347.5 334.5 324 312
635.5 637.2 638.2 644 647.3 645.8 644.5 644.5 652.2 662.2 662.5 663.2 660.3 651.2 639 626.5 614.8 603.9 598 591.9 587.5 580.3 572.3 564.5 559 554.7 550.8 547.5 540.5 533.6 530.1 533.1 537.1 541.9 548.6 557 568.9 590.6 611.2 622.2 630.1 634.2 629.1 621.8 612.4 613.6 615.2 615.2 617.8 622.4 627.2 633.1 639.1 639.1 637 617.2 605.6 591.9 564.3 561.3 577.1 591.1 569.2 553.4 584.8 573.4 577.2 547 503 457.4 421 398.3 384.5 376.3 363.9 348.3 337.9 324.7
