data/NH16.asc
ncols 200
nrows 200
xllcorner 210000
yllcorner 860000
cellsize 50
[rows 140 to 174 of 200, columns 78 to 155 of 200]
591 607.7 623.4 634.1 640.5 644 647.4 649.5 651.2 652.3 652.8 651.2 649.7 647 643.3 642.6 642.4 645.9 649.9 653.3 655.4 651.7 639.6 629.9 612.5 594.8 583.2 579.4 574 570.3 574.7 575.6 573.4 572.2 571.7 572.9 577.9 583.7 589.4 593.8 596.1 595 594.5 593.5 591.2 586.8 585.5 584.8 581.9 578.5 572.6 565.2 557 546.7 535.6 524.8 507.3 495.8 491.1 483.1 478.7 471 452.5 437.3 422.2 415.9 414.6 410.1 409.1 411.4 405.4 395.1 382.1 369.9 360.7 353.3 350.1 346.5
602.4 619.8 635.6 647.7 654.6 659.9 663.8 666.1 668.1 668.9 668.5 666.9 665.1 661.1 657.7 656.1 654.5 657.9 661.4 664.6 665.5 661.3 645 625.7 610.7 596.2 585.6 585 584.5 580.8 585.6 587.8 585.3 584.4 584.7 587.5 592.7 598.4 604.1 606.7 607.7 606.3 604.9 604.6 602.9 602.1 601.8 601.3 598.1 595.1 590.4 583.3 574.6 563.7 552.4 537.5 522.8 519.7 507.8 497.4 491.4 483.2 464.6 449.2 430 421.8 420 415.8 413.9 412.6 408.3 398.9 388.8 376.8 366.7 359.1 356.1 353.5
613.8 630.8 647.8 661.1 668.4 673.7 679 681.4 683.1 684.3 684.1 682.3 679.7 675.2 671.2 672.1 669.9 671.8 674.5 676.9 678 672.9 655.4 632.8 611 603.5 594.6 595.9 593.2 594.6 596.5 598.1 598.9 594.1 597.4 602.4 608.9 614.5 619 619.8 619.2 617.8 616.7 615.7 616.2 616.4 616.4 615.4 613 610.5 606.3 598.5 587.8 574.9 556.8 539 532 526 515 507 498.9 481.4 465.7 452.3 437 428.8 424.9 419.7 420.3 417.5 410.1 404.8 395.3 385.1 375.6 368.3 364.6 360.2
622 641 656.8 671.6 680.4 687.5 693.9 696.1 697.6 699 700.2 698.4 696 690.3 688 687 687.2 687.2 688.7 690.8 692.1 687 663.2 635.7 616.7 609.2 605.5 604.5 603.1 608.6 606.8 608.3 605.5 606.9 611.5 617.6 624.5 630.4 634.4 633 632 630.9 629.8 630.4 632 631.9 630.2 629.4 624.2 621.2 614.7 604.9 591.5 569.8 547.2 533.1 527.6 521.6 511.5 501.8 497.7 480 465.7 456.8 445.7 434.9 429.5 425.8 424 420.4 416.4 411.6 403.7 394 385.2 379.7 373.7 368.1
628.2 647.6 663.6 679.8 691.4 700.2 707 710.4 712.7 714.4 715.7 713.6 711.7 706.9 703.2 702.6 704.1 702.9 704.7 708.8 709.8 698.5 672.6 636.7 617.5 613.2 609.9 618.4 612.6 616.1 615.9 613.3 615.4 620.4 626.8 633.2 640.6 646 649.9 648.7 648.1 649.4 648.9 648.1 649.8 648.6 646.6 644.3 637.9 628.9 620.3 602.4 580.6 559.6 548 527.7 516.7 510.3 503.7 495.7 490.8 487.1 476.6 461.9 451.8 440.5 436.3 433.6 431.3 430.3 425.2 419.5 414.4 403.6 396.7 394.6 387.7 382.1
632.3 651.8 669.6 687.9 700.5 710.9 719.2 723.9 727.8 729.2 730.5 729.9 727.1 721.6 722.6 720.8 722.1 719.7 721.2 725.8 719 690.7 663.4 637.7 622.5 618.4 619.3 620 620.1 622.8 622 621 627.9 635.3 642.1 648.3 655.9 661.5 664.2 665 665.5 665.4 665 664.3 663.7 663.2 662.6 661.1 654.5 636.1 614.2 585.1 564.2 556 550.3 531.1 514.4 507 494.8 488.6 486.1 483.5 477.8 467.3 456 445.7 442.9 441.9 440.5 441 434.9 430.3 422.6 417.7 409.5 404.6 398.4 393.8
633.6 653.6 673.1 692.8 708.8 721.9 731.2 736.8 740.5 742.4 744 743.8 741.1 736.5 736.3 736.8 738 738.5 739.9 742.7 718.7 686.5 653.5 632.7 631.1 631.1 622.5 623 624.8 626.9 626.8 632.1 639.1 648.7 655.8 663.6 670.7 677.5 681.3 683.1 684.7 684.5 684.1 682.3 679.9 678.8 677.1 673.8 667.3 635.8 604 573.2 558 550 544 534.2 512.2 510 495.6 489.8 481.6 475.3 471.8 464.9 459.5 450.3 450.3 449.1 448.2 447.8 442.8 438.3 433 427.6 423.6 418.2 409.9 404.6
633.6 654.2 675.3 696.9 715.5 730.2 741.1 748 753 756.1 758.7 759.2 756.3 751.9 753.2 753.1 755.4 756 758.8 760.8 730.5 693.1 657.1 632.4 627.5 623.2 623.2 627.1 629.6 634.8 637.3 644.1 649.3 658.7 670.5 679.9 689 695.1 699.8 702.8 704.8 704.3 703.7 700.9 696.4 694.3 690.2 682.8 672.6 634.1 597 571.8 558.4 551.2 539.8 527.3 510 503.8 493.1 483.8 477.8 473.4 469.7 466.1 460.8 458.7 455.2 454.3 454.9 454.9 452 451.4 445.7 439.5 432.4 427.6 423.4 417.8
633.7 654.6 676.9 699.4 720.6 737 749.7 758.7 765.1 769.3 771.7 772.6 771.7 771.2 772.8 771.9 774.4 775.3 777.2 779.1 756.2 713.8 673.6 648.8 626.9 623.2 623.6 630.8 632 642.4 648.8 655.6 657.9 672.6 687.9 699.4 709.2 716.7 721.7 724.9 724.4 724.6 723.5 720.6 714.9 711.3 704.5 694.5 664.7 629.8 597.9 575.7 565.8 564.9 554.6 524.8 507.6 498.8 494.6 482.1 478.9 478.7 476.2 473.4 464.2 461.1 460.6 459.9 460.2 461.1 458.7 457.6 454.6 447 441.6 438.6 436.8 432
634.4 655.5 677.6 701.4 724.9 741.6 757.2 768.5 776 781.2 784.3 784.2 783.9 786 787.2 791.3 793.3 794.7 797.5 799.5 772.3 737 698.3 663.9 647.2 637.1 632.4 636.4 638.5 650 657.2 664.9 672 691.3 707.3 719.4 729.2 737.1 743.8 745.2 747.6 748.9 746.7 740.6 734.8 726.6 719 701.7 663.4 632.2 606 591.5 580.4 581.7 563.8 542.7 524.8 513.5 509.8 489.9 488.5 491.1 491.1 479 472.6 472 467.6 467 464.9 464.7 465.8 467 462.2 456.5 451.9 452.7 452.9 447.1
634.4 655.9 677.3 701.8 727.2 746.3 764.1 777.3 787.1 793.2 797.1 799 799 802.3 805.4 809.3 812.7 814.7 819.3 818.8 772.3 739.6 708.9 682.5 661.5 648.4 642.1 640.6 641.3 649.8 662.9 672.2 687.3 709.3 726.1 739.7 750.7 759.1 765.4 769.4 772.6 772.5 766.9 757.1 748.6 739.7 714.4 680.7 659.9 642.9 615.7 602.5 593.1 581.1 569.8 554.5 537.6 519.2 499.2 498.1 495.8 498.4 492.1 486.1 490.8 486.2 473.8 471.9 471.7 469.2 470.1 472.2 469.5 463.6 459 460.8 460.5 454.4
634.9 657.2 678.8 704.5 728.2 748.3 768.9 785 796.9 804.9 811.3 814.9 816.6 819.1 824.2 828.7 833.5 836.3 832.4 817 784.2 749 708.2 691.2 666.7 650.4 647.6 646.9 652 657.8 671.4 687.6 709.5 728.8 746.4 761.1 772.3 782.4 790.3 796.3 798.8 795 786.2 773.3 761.4 742.9 694.9 671.7 656.6 644.4 623.7 611.8 599.9 581.9 560.3 550.2 537.8 531.4 513.5 510.1 505.4 509.4 501.7 508 506.2 498.6 480.4 479.3 485 475.1 474.8 476.8 473.1 467.6 463.5 467.7 465.1 460.5
643 661.7 683 707.1 729.7 752 772.2 791 804.6 816.6 825.7 831.5 833 837.7 842.8 847.5 854.2 859 842.9 813.7 782.2 748.8 713.8 689.4 667.8 660 652.7 654.8 659 672.5 686.9 709.4 732.7 749.3 765.8 780.6 793.8 804.7 813.8 824 820.2 811.6 795.5 781.2 756.8 722.8 685.9 666.2 653.7 638.7 625.5 620 610.5 585.9 565.4 552.9 541.4 534 526.2 517.8 518.6 520.6 519.2 523.2 520 508.6 491 489.5 491.1 484.5 480.7 479.2 479.1 468.9 468.6 469.9 468.8 462.5
649.9 668 686.5 709.5 732.7 757 777.1 796.1 811.9 825.7 840.8 848.7 852.6 856.8 862.3 867.2 871.6 868.3 831.1 800.5 777.3 760.5 727.4 688.1 678.7 667.8 658.7 658.1 678.8 689.3 709.2 734.3 756.4 771.1 786.8 799.9 812.1 824 831.5 839.5 837.6 825.2 806.9 785.6 752.8 716.9 686 671.2 651.8 636.9 628.8 616.8 608.9 593.5 580 565.8 553 542.3 534.6 524.6 536.9 531.4 535.8 532.6 530.8 514.3 500.8 504.4 503.5 497.2 487 488.3 486.2 472.3 472.5 477.7 473.4 467.4
657.3 673.6 691.1 713.1 735.9 757.1 779.6 800.8 818.3 833.4 856.2 865.1 869.8 873.8 878.9 884.5 890.9 866.8 835.1 808.4 779.7 766.6 740.2 716.6 690.8 679.1 669.8 680.8 698.2 711.9 737.5 762.7 779.4 793.4 807.3 820 830.8 839.4 845.5 850.3 844.8 829.7 811.4 791.4 760.7 731.8 703.9 676.9 655.9 640.9 631.8 619.5 609.8 593.2 585.6 581.6 567.8 553.7 538.5 540.6 544.3 547.5 549.1 546 534.2 529.6 518.1 518.6 510.9 502.3 499.7 499 491.9 483.6 484.5 484 478.5 469.9
660.2 676.4 694.4 715.2 736.5 758.3 781.6 802.9 822.4 842 864.7 880.3 885.5 891.7 897.2 902.8 908.3 889.3 860.2 828.3 798.6 770.3 752.2 730.5 702.3 698 710.8 717.2 724.6 746.2 767.5 788.9 803.3 815.1 829 840 849.3 853.7 852.5 851.5 841.6 827.3 811.5 790.9 775.8 760.8 718.1 691.7 670.6 654.4 639.3 615.3 603.2 596.9 592.5 584.5 567.4 555.5 547.8 548 555.2 560.8 560 558.4 555.3 548.9 540.2 538.2 527.7 513.4 510.7 508.9 500.9 499.9 499.7 494 483.1 477.8
663.4 679.1 694.9 715 735.4 757.4 780.2 803 822.1 844.7 865 889 902.9 906.7 912.5 918 924.1 911.9 869 839 811.8 791.4 771.1 746.3 729.6 728.3 747.5 744.1 758.2 782.7 800.3 815.6 827 837.8 851 854.8 860.5 859.7 854.2 845.4 832.6 818.4 802.5 787.2 776.7 767.5 747.4 720.9 694.6 670.7 643 619 610.2 601.4 603.5 601.7 589.6 579.4 565 564.6 572 572.9 582.2 580.3 577.5 567.6 558.5 549.5 538.5 526.7 521 517.8 516.4 512.2 505.3 498.5 490.9 485.8
661.8 677.3 693 713.2 734 754 776.1 798.9 819 841 862.4 887.3 903.7 915.7 922.1 928 930.8 919.2 887.3 856.3 829.9 809.8 793.6 784.3 772.9 765.9 764.6 775.1 802.9 818.5 831.2 841 851.8 860.5 864.4 862.8 861.6 855.3 846.1 835.9 821.8 806.5 793.2 782.5 772.9 765.2 759 746 711.6 695.3 663 631.3 621.2 616.1 626.6 626.8 621.8 597.4 587.1 583.1 588.7 593.5 602.8 602.2 601.3 592.6 579.4 570 556.8 537 531.2 530.3 528.6 521.4 511.6 504.4 499.1 495.5
659.3 674.5 689.5 708.8 730.1 749.2 770.4 792 812.9 833.6 854.6 878.7 899.1 910.2 918 921.5 921 920.9 913.3 878.5 854.3 835.5 826.8 813.4 800 793.3 797.7 815.2 842.9 852.1 861.5 868.7 870.3 871.3 867.8 859.8 854 843.2 833.6 823.4 811.8 797.2 786.2 777.7 769.9 762.4 755.4 747.4 738.6 715.6 680.5 664.2 648.2 650.2 650.2 644.2 633.1 619 607.9 608.9 614.5 626.2 634.4 635.6 627.6 616.2 602.4 586.4 569.6 556 547.7 547.4 542.7 528 518.7 513.9 510.5 505.4
653.1 668.7 684.4 702.3 722.3 742.2 763.2 784.1 805.4 825.4 845.6 867.3 886.5 898.3 906.1 908.2 905.8 902.5 899.8 898.3 888.7 882.1 870.6 852.5 837.9 839.2 862.4 863.9 870.4 872.3 873.7 873.2 869.6 867.7 858.6 849.3 841.5 832 822.2 811.2 800.9 789.3 781.7 774.6 767 759.6 753 746 738.5 728.6 715 690.1 679.7 686.5 679.7 674.2 655.2 642.1 637.4 637.9 652.8 658.3 660.7 653.4 644.4 634.4 621.8 602.9 583.7 567.8 567 562.3 552.3 539.9 531.7 526.5 522.1 518.5
645.9 660.8 676.6 693.8 711.6 731.7 753.1 774.9 796.5 816.1 836.1 855.7 873.5 884.7 889.6 891.2 889.3 886.1 883.1 879 874 870.6 866.3 862 858.8 860.4 861.5 862.9 864.8 867.1 867.4 863 859.3 855.9 846 836.6 829.3 819.9 810.7 802 792.7 785 777.5 770 762.9 756.2 749.5 743.1 736.1 729.5 723.5 714.6 714.5 711.3 704.2 698.3 686.2 675.4 674.6 680.8 680.9 678.7 672.4 665.7 656.9 646 633.4 616.4 597.1 586.9 584.8 576.7 566.8 554.6 549.8 543.8 536.3 526.5
635.1 649.1 664.8 682 700.7 720.9 741.9 763.5 785.5 806.3 826.5 844.4 859.8 870.5 873.6 874.3 872.5 869.3 866.6 863.7 861.1 859 855.6 851.2 847.7 848 849.3 851.5 853.5 854.2 853.7 850.4 845.4 840.3 832.8 824 816.9 809.7 802.3 794.7 786.4 777.8 771 764.9 758 750.4 743.9 738.5 732.3 727.4 721.8 719.3 715 712.5 708.5 706.8 702.9 700.3 696.7 692.3 687.5 684.3 679.7 672.3 664.1 655.4 643.7 630.8 618.5 614.2 607 597 594.8 590.6 588.4 574.2 558.4 545.6
622.8 635.8 651.6 666.2 684.7 705 727.4 750.6 774.3 794.7 814.4 831.1 844.9 855.3 857.9 857.7 856.2 854 852.1 848.7 846.7 845 842.7 837.2 833.2 834.3 835.6 836.3 838 838.5 837.7 834.8 829.5 824.1 818.1 812.1 805.6 799.8 793 786 778.1 769.9 763 757.6 751.1 744.7 739.3 733.8 728.3 722.6 717.8 713.7 711.1 709.2 708.5 708.2 704.7 703.9 700.3 695.4 688.4 684.7 680.9 675.1 668.3 664.6 660.4 654.6 649.1 646.3 641.2 642.3 635.4 625.6 614.9 602.1 587.8 570
603.7 618.6 634.2 650.7 669 688.9 710.5 735.2 757.6 780.4 799.6 814.9 828.7 839.2 842.5 841.2 839.2 838 836.4 834 832.3 830.8 828.3 823.2 819.2 820.6 820.6 821.8 823.2 823.6 823 819.2 815.4 809.8 806.1 801.1 794.9 790.2 783.6 776.7 769.2 761.6 754.2 748.2 742.6 737.6 732.2 726.6 721 715.8 710.7 706.8 705.6 704.7 703.8 703.2 702 700.6 696.5 690.8 686.9 683 678.4 675 671.5 669.1 667.9 664.8 660.7 660.3 656.2 651.3 645.5 638.2 629 616.9 600.9 582.1
582.7 597.2 613.3 631.4 650.4 669.8 692.7 711.6 736.4 761.9 780.9 797.1 810.3 818.5 824.7 825.2 822.2 821.4 821.5 820 818.7 817.6 816.2 812.7 807 807.1 807.6 807.9 809 809.8 808.8 805.2 801.7 797.4 794.4 790.6 785.8 780.6 774.2 766.7 759.1 751.5 744 738.2 732.1 728.2 722.6 717.4 711.9 706.8 701.7 697.5 695.4 695.5 695.8 695.6 694 692.8 689.9 685.9 681.5 677.3 673.7 670.7 670.8 670 667.6 666.7 664.8 661.8 658.4 653.2 648.3 640.1 632.7 622 606 590.4
560.5 574.5 590.6 607.4 629.9 650.8 670.6 689.7 709.9 732.6 756.9 774.3 788.6 799.3 804.3 805.9 805.7 805.9 806.4 806.8 806.7 806.2 805.2 802 796.6 794.9 793.7 793.7 794.9 795.4 794.4 791.3 787.8 785 782.1 779.3 775.8 770.1 763.8 755.2 747.7 740.7 733.7 727.2 721.9 714.4 708.9 704.8 699.3 693.2 688.1 682.9 682.7 682.2 683.7 684 684.2 682.6 680 676.8 673.2 668.7 666.8 663.8 664.5 665.5 664.2 662.4 661.7 658.2 655.4 650.9 645.7 638.1 631.5 621.9 611.3 597.5
541.4 553.2 568.8 585.8 607.4 627.2 644.7 664.2 684.2 704.1 727 746.3 763 774.4 782.7 786.8 790.6 792.7 793.5 794 794.1 794.4 793.9 790.2 786.1 784.1 781.8 779.7 780.5 780.1 780 777.7 775.4 772.6 769.7 767.3 763.2 757.8 750.4 742.8 733.4 725.3 718.9 710.4 702.3 693.5 689.9 687.1 680.6 675.9 671.6 666.7 664.7 666.8 668 669.7 670 669.6 667.1 664.4 661.9 658.3 655.6 655.7 656.4 656.6 656.3 655.5 653.7 651.1 648.9 642.6 636.5 632.2 626.6 617.9 608.4 595.4
522.8 533.2 547.5 564.8 582.8 601.8 619.2 636.6 656.8 676.9 694.9 714.1 735.6 751.1 762.6 769.6 774.5 777.7 780.9 783.2 783.9 783.8 782.3 779.2 775.1 772.5 770 766.5 765.6 765.4 765.7 765.2 762.9 761.9 760.3 757.7 752.8 743.6 736.5 727.7 716.6 707 699.2 690.4 677.9 674.6 671.1 663.6 661 659 655.4 651.7 648.9 650.1 651.1 653.4 655.8 654.9 653 651.2 650.1 647.6 644.4 644.4 646.7 646.6 644.5 643.8 641.3 638.4 637.8 632.3 627.3 622.3 616.9 609.9 600.8 587.7
510.8 518.4 529.3 543.9 560 576.5 594 610.4 628.2 646.7 667.9 684.5 701.9 722.6 738.1 747.5 757.2 762.8 766.7 770.9 773.2 772.8 771.5 768.3 764.4 760.6 756.6 751.6 751.3 750.6 752.5 753.3 752.1 751.5 751.7 749.7 740.4 731.2 719.3 707.2 697.7 687.9 680.3 669.4 662.2 658.5 652.1 646 644.3 642.8 640.2 637.6 633.7 634.6 635.9 638.7 641.5 641.5 639.9 639 637.8 635.4 631.8 631.7 633.9 633.6 630.9 629.4 627.3 626.1 624.5 619.4 613 608.8 604.8 598.7 589.2 576.1
502.1 508.1 515.2 524.4 536.7 552.5 570 587 603.8 619.9 638.4 657.8 675 691.5 709.4 724 738 746.3 752.8 757.2 759.9 761.3 760.1 757.4 754 749.2 742.6 736.6 735.1 736.4 739.1 740.5 742.4 742.7 744.3 743.3 733.9 715.8 698.9 686.3 679.4 668.6 662.7 656.4 647.7 640.8 636.5 631.4 629 629.3 628.2 626.3 623.9 621.5 622 624.4 627.7 628.3 627.8 627.2 625.3 622.7 619.1 618 620.8 619.5 616.9 615 613.5 614.1 610.8 604.7 598.2 593.8 590.4 586.3 576.6 562.5
495.1 498.6 503.7 512.4 521.5 533.5 549.1 564.1 580.3 596.4 611.4 628.4 648.2 665 683 697.1 714.3 725 734.1 739.9 744.4 747.2 746.9 744.7 741.3 736.8 729.6 722.9 721 723.2 725.6 729.7 732.9 735.2 736.8 738.2 734.7 708.2 687.8 670.3 658.4 653.4 649.9 640.3 629.6 623.4 622.4 620.8 617 616 616.5 614.7 611.6 609.3 609.1 610.9 613.6 615.3 615.6 615 612.8 609.7 606.3 605.5 607.7 606.3 603.3 601.5 601.1 601.1 596.6 590.4 583.6 579.7 576.2 571.1 560.6 548.6
487.3 491.7 496.6 501.8 510 519.7 530.5 543.5 558.4 573.5 588.4 604.9 622.8 640 656.2 671 687.5 703.9 713.5 720.9 727.7 730.5 732.2 730.2 727.4 723.3 717.1 710.2 707.5 710.7 715.4 720.1 724.6 727 727.6 726.3 720.6 698.6 682.9 664.3 640.7 632.5 630.3 631.2 621.6 610.4 610.5 609.3 606.3 603.3 602.7 602.1 598.5 596.1 596.5 597.6 600.1 602.4 602.9 602.2 600.8 597.4 594.1 593.3 595.4 594.4 590.8 589.3 588 587.4 583.8 576.5 570.4 566.2 562.6 554.7 544.7 533.9
481.5 485.4 491.2 496.4 501.1 507.8 515.6 525.9 540.4 553.7 567.5 584.2 600 616.8 631.6 649.7 665.7 678.3 687.6 700.7 708.2 713.9 717.2 715.7 713.2 709.1 703.5 698.1 697.5 700 705.4 710.8 717.2 719.2 720.5 717.7 711.4 703 680.4 661.9 632.6 618.8 615 616.9 613.7 599.1 599 597.2 593.1 591.3 587.6 587.2 585.1 583.2 582.9 584 587.2 589.1 589.1 590.4 589.1 585.6 583 582.8 585.6 581.7 578.8 577.1 576.1 572.9 569.6 562 556.1 551.8 548.2 540.2 530.1 519.8
476.3 481 486.8 492.2 495.5 500.6 507.7 515.5 528.2 539.1 551.8 565.2 581.5 597.7 614.1 628.5 644.2 657.9 665.9 673.5 687.5 695 699.6 701.4 699.8 697 691.4 688.5 689.6 691.1 696.8 705.1 712.5 717.5 719 715 706.1 692.1 666.8 650.2 626.4 609 603.8 600.7 596.4 588.7 587.1 587.6 582.7 578 576 574 569.6 566.8 568.1 571.1 573.7 576.6 577.6 578.4 577.2 574.3 572.1 571.8 573.6 568.9 567.3 566.7 565.7 563.2 557.6 549.5 544.3 540.4 534.5 525.5 514.7 504.1
471 477.3 484.2 488 491.8 496.5 501.7 508.5 517.8 528 540.2 550.9 563.7 580.4 596.3 611.2 623.7 637.8 650.4 658.5 668.3 679.3 683.9 687.3 687.2 685.8 682.3 680.2 680.6 681.4 690.8 701.4 710.2 717.1 721.5 722.3 708.9 687 659.2 640.5 618.7 603.5 598.7 593.1 586.6 577.6 575.7 576.9 571.6 568.3 565.1 560.9 557.3 554.1 554.5 556.6 559.9 563.8 565.8 566.7 565.8 564 562.1 562.1 562.9 560.2 559.1 559.1 558.4 553.5 546.4 539.8 534.5 529.2 520.5 511.6 501.1 491
