data/NH22.asc
ncols 200
nrows 200
xllcorner 220000
yllcorner 820000
cellsize 50
[rows 70 to 104 of 200, columns 0 to 77 of 200]
666.2 664.2 660.4 653.6 644.4 638.6 628.6 617.5 599 585.4 559.2 553.8 541.3 525.1 498.8 475.2 457.9 441.3 434.2 428.4 418.7 407.5 407.5 397.4 390.7 384.3 378.8 374 371.2 369 366.8 369.7 370.9 370.3 366.5 363.7 362.9 362.6 364 362.7 362.4 362.1 362.9 365.6 363.4 361.7 364.3 372.1 377.3 374.3 368.1 358.7 347.6 345.1 345.6 346.2 347.1 347 347.6 343.4 340.4 336.5 332.2 331.6 328.9 330.3 332.4 334.6 334.5 338.7 339.1 337.4 335.7 335.3 330.6 328.3 323 314.3
653 653.7 648.5 644.8 637.8 630.3 621.1 609.6 591.8 570.2 552.6 551.9 536.7 518.5 489.5 456.4 432.2 420.6 410.2 406.4 397.6 393 387.1 383.6 378.5 377.6 374.7 373 369.3 366.5 364.4 366.1 369.8 367.5 364.1 360 358.9 358.2 358.2 359.6 359.4 358.2 359 357.5 356.4 354.8 361.5 368.1 366.7 355.6 353.3 349.2 347.2 346.8 346.2 345.1 343.9 343.9 337.9 343.4 344.9 342.4 346.5 350.4 351.9 355.4 352.5 350 345.5 346.1 344.2 341.5 338.5 335.1 331 326 322.2 315.4
643 641 637.1 634.7 627.9 620.8 611.2 599.5 580 558.2 541 524.4 509.3 497.8 473.6 438.8 420.4 407.8 399.3 395.9 389.7 381.2 381.3 379 375.9 374 372.5 371.3 370 365.6 364.4 362.9 361.1 359.3 359.9 362.8 362 359.6 357.2 357.4 356.8 355.6 356.1 353.7 355.5 354.9 353.6 352.8 354.2 355.2 353.7 353.1 353.4 353.8 352 356.8 356.2 355.7 356.2 357.5 358.5 356.3 356.1 356.4 358.3 359.2 358.9 356.6 353.8 352.3 350 348 344.3 339.5 333.2 327.7 322.1 320.1
626.4 626.3 623.6 619.5 613.9 605.4 594.6 580 567.7 553.8 536.5 517.3 501.3 481.4 452 423.5 404.2 394.4 386.5 385.3 381.1 376.2 376.3 374.9 372.9 371.2 371 371.3 370.7 365.8 363.8 362.8 363.2 363.6 364.7 364.5 363.4 360 358 359 357.4 355.6 355.9 359 362.5 362 361.1 365.9 369.7 369.6 366.6 370.1 368.7 369.7 369.7 368.5 367.1 365.5 363.4 361.3 359.1 360.9 365.7 364.3 363.3 364.9 365.8 366.2 364.8 359.9 355.5 354 349 343.7 337.9 334.5 329.3 323.6
604.7 606.7 607.4 606.5 602.9 596.8 585.4 575.8 558.1 550.6 536.8 515.4 494.1 462.5 429 405.1 390.6 382.6 379.3 378.2 376.2 373.4 372.6 372.1 371.4 369.4 367.8 368.7 368.6 366.4 363.3 359.9 364.8 366.2 365.1 364.1 360.9 363 364.3 363.5 362 366.7 368 369.3 375.8 375.3 375.9 380.6 383.8 387.3 387.3 387.3 389.7 387.5 387 386.5 388.1 386 384.3 382.9 376.6 376.7 375.4 369.2 368.5 369 372.2 374.2 372.8 367.2 361.7 355.4 348.7 344.4 340.7 337.1 333.8 330.1
585.9 593.4 597.9 598 598 590.4 582.2 568.3 547.8 536.4 520.7 499.2 474.4 444.2 414.4 388 378.9 374.3 372.9 371.3 370 368.9 370.3 370.3 370.1 367.7 365.4 365.8 365.9 366.5 361.8 364.8 366.5 365.7 363.6 362.6 364.7 369.4 370 369 372.7 377.9 385.4 384.6 387.9 390.2 390.1 390 394.3 398.8 402.7 407.9 413.7 415.3 415.6 412.7 412 408.2 405.5 401 394.3 393.4 393.3 388.3 382.4 379.8 378.2 375.2 370.6 366.6 360.3 354.6 348.8 346.2 343.7 340.9 334.7 327.2
561 577.5 588.6 585.9 584.4 580.7 567.5 545.9 537.1 511.7 489.5 466.3 445.2 422.9 400.5 382.2 372.8 369.6 369.6 368.4 368 368.1 368.8 369.1 368.8 367 365.4 365 364.5 363.8 366.1 368.3 369 366.6 365.2 368.3 371.4 374.1 373.9 378 384.5 392 396.6 399.2 400.4 398 400.3 406.4 408.7 414.1 419.1 424 428.7 435.8 438.1 435.3 430 425.8 421.6 418 412.8 411.4 407.7 400.3 393 389.2 383.8 376.4 374.4 367.3 357.3 353.1 349.6 346.9 343.3 339.6 334.4 328.1
524.3 538.3 555.3 562.8 566.7 564 549.1 527.2 514.7 488.9 457.6 434.5 420.7 403.5 387 376.4 370.8 369 367.1 367.2 367.2 367.3 367.3 368 367.3 366.5 365.5 364.4 364.6 365.4 367.2 370.4 371 371.1 373.7 376 376.6 380.8 384.4 391.3 397.7 400.9 402.7 407.7 412.4 415.9 416.6 421.6 426.1 429.8 433.8 438 442.5 445.8 448.6 451.3 450.4 451.1 448.2 440.2 431.4 425.5 415.3 406.1 399.9 399.1 395.2 391.4 384.6 379.5 367.9 357.2 352.1 346.2 342.4 337.2 332.9 331.5
484.3 493.2 510.6 525.6 530.2 531.5 526.1 504 481.7 455.5 432 415.1 400.2 388 377.8 372.5 371.4 368.5 366.4 366.4 366.5 366.5 366.5 366.8 365.9 365 363.8 363.8 365.7 368 370.7 374.3 377.3 379.9 381.6 381.5 382.9 389.5 395.1 403.8 408 410.7 413.1 419.8 426.2 428.3 435.3 439.5 448.3 447.7 449.9 456.5 458 458.6 462.1 464.6 464.3 461.3 455.8 445.1 436.9 427.8 418.3 412 410.3 410.6 405.9 403.7 396.9 391.6 381.6 369.5 361.3 349 343.8 336.5 329.7 321.5
454.3 458.9 467.5 476.1 488.5 488.7 489.9 475.8 452.5 431.5 415.4 399.8 386.6 378.3 373.9 372.3 370.6 368.4 366.9 366.3 366.3 366.2 366.2 365.6 365.1 364.7 365.6 367.9 372 375.1 380.7 387.6 390.8 390 385.3 386.1 392.5 399.9 407.2 414.4 420.3 425.8 430.5 435.3 440.4 446.4 453.5 457.7 460.6 466.6 473.3 479.6 481.5 483.2 483 479.3 479.9 478.5 467.1 451.8 441.5 435.3 429.9 424.9 422 419.2 415.7 414.1 405.4 401.3 391 375 364.3 353 342.5 335.9 325.3 318.3
429.7 432.5 438.3 442.7 450.5 458.2 459.4 442.2 429.1 414.1 395.4 386.1 378.6 375.4 373.3 371.6 370.6 368.8 367.6 367.9 367 366.5 366.5 365.7 366.1 367.7 370.1 374.5 382.8 388.8 393.7 398.5 400.6 402 399.6 400.8 407.8 416.3 422.3 427.9 435.2 440.7 448.6 454.9 457.9 460.8 469.8 470.2 477.6 480.7 487.7 496.5 507.7 510.7 513.9 508.9 503.3 497 491.1 477.6 459 444.1 437.6 436.6 436.8 435.9 431.1 426.6 418.5 410 397 390.4 375.5 356.2 343 331.1 318.6 307.4
413.1 414.7 415.8 418.1 418.3 422.7 419.7 412.1 405.8 399.1 389.6 380.3 376.6 374 372.4 371.3 370.3 369.7 368.3 368.7 368.9 367.9 366.9 367.7 370.9 374.4 380.1 385.7 392.5 402.5 411.3 417.8 422.5 420.9 421.5 420.7 425.8 430 439.1 448 454.6 457.8 468.9 478.5 480.3 476.9 479.4 488.5 497.1 498.5 507.6 515.9 519.3 523.8 528.9 538.4 529.8 513.9 505.4 498.3 479.5 459.4 450.5 444.7 443.2 440.1 433.6 424 412.5 399.2 382.3 378.8 365.3 350.2 335.4 322.3 313.5 304.1
397.6 397.3 396.3 398.1 398.1 397.9 395.9 393.4 388.9 383.8 378.5 374 372.4 371.5 371.1 370.9 370 369.4 369.2 369.4 369.7 369.8 370.8 373.6 378.1 381.5 391.8 401.9 414.8 427.7 435.4 442.8 449.2 445.1 447.9 449.2 446.7 452.8 458.4 467.6 474.7 477.4 485.2 494.2 498.1 494.5 497.5 505 509.6 518.1 523.1 527.2 527.8 528.1 525.3 527.5 522.6 510.2 495.5 482.8 476.6 464.8 454.2 447.5 445.1 437.6 425.9 411.5 395.9 379.9 362.8 355.4 348.6 333.7 317.5 309.4 303 293.2
385.5 386.9 387.5 388.6 389.2 388 388.5 384.6 385.2 382.4 379.8 375.8 371.4 367.6 369.6 369.9 369.5 368.8 370.2 371.1 371.2 372.1 376.2 380 384.2 394.7 410.9 426.3 436.8 451.3 459.5 468.1 480.5 483.9 478.6 473.7 468.7 472.7 475.7 484 489.5 491.8 500.1 508.9 513.6 515.7 516.3 518.1 520.1 529.5 535.3 534.9 541.9 542.5 535.8 523.9 511 502 490.6 467.2 460.1 454.7 446.1 442.1 436.7 423.1 410.6 397.1 384.1 368.7 350.6 336.6 326.5 314 304.1 295.8 289.7 280
374.9 374.5 372.6 379.7 381.5 375.4 376.5 380.5 382 378.9 375.3 373.1 369.1 367.9 368.3 368 369.5 370.1 370.7 372.4 373.2 375.4 381.4 392.7 401.7 412.8 428.5 444.8 459.2 478 486.6 499.2 521 531.7 528.7 513.9 498.8 495 496.3 502.9 510.4 519.5 525.2 526.7 533.4 535.4 531.8 530.1 530.1 532.7 544.8 551.3 549 542.1 535 532.4 521.2 504.2 487 470.3 451.5 438.5 431.2 425.7 418.4 411.1 400.6 388 379.5 361.7 340.3 325.8 314.4 304.5 293.5 285.6 276.1 269.1
368.5 367.8 366.4 366.1 367 367 368.6 371.3 374.5 373.8 372.4 370.3 368.7 366.4 367.1 366.8 366.9 368.9 370.1 371.8 378.2 385.3 391.8 405.1 416.1 432 449.3 471.7 489.4 505.8 522.9 535.8 552.6 558.8 554.4 548.5 539.7 522.7 526.8 531.4 536.6 541.7 541.7 544.8 545.1 543.9 539 533.2 539.1 541.6 542.2 546.8 546.7 539.3 532 525.1 518.4 509.5 490.4 473 461.1 443.2 427.5 416.7 407.7 397.2 386.4 376.7 358.1 343.1 330.9 324.5 312 304.5 297.5 285.7 274.9 269.2
375.4 365.5 357.3 359.5 359.2 359.4 360.7 363.9 366.1 368.6 369.2 368.6 367.8 364.6 367.8 367.8 367.8 367.9 369.7 375.9 388.3 399.4 406.7 417.3 433.4 452.1 475.7 501.4 521.6 545.5 558 567.8 577.7 581.7 586.2 579.3 572.8 558.5 556.4 552.2 555.3 553.4 552.2 548.8 548.1 543.7 542.2 549.4 546.9 542.1 540.1 538.3 537.3 530.8 524.6 517.3 510.3 500.8 489.8 477.8 453.9 432.5 421.6 409.5 393.5 384.4 373.3 360.8 349 336.8 337.4 327.4 317 307.4 298.5 290 280 269.4
375.1 374 364.9 360 356.9 357.1 354.5 356.7 358.7 363 363.3 363.4 361.1 363.4 367.4 369.4 371.3 375.4 373.5 384.2 398.1 410.2 422.2 437.4 450.8 468.7 492.9 525.8 550.5 566 576.1 584.7 588.8 594 598.8 594.4 587.2 579.2 570.7 566.7 560.6 556 554.4 552.6 550.3 552 550.8 547.1 542.5 538.7 533.9 528.6 521 516 514 503.2 493.4 482.2 470 461 449.2 435.1 415.8 396.7 378.7 369.7 361.2 344.9 335.8 331.7 327.7 320.7 312 303.2 299.4 291 280.1 270
373.8 371.9 369.5 361.1 358.2 356.1 352.8 351.3 350.8 355.4 355.1 355.9 361.6 362.1 367.2 370.6 375.9 380.4 379.2 392.8 405.6 417.2 438 457 470.9 489.1 513.6 533.7 555.7 569.1 581.4 585.1 583.1 585 593.4 607.6 604.6 607.1 597.8 580.9 569.6 564.5 561.6 561 556 553 545.9 538.8 534.2 532.4 526.9 517.4 506.3 499.8 492.5 482.1 474.6 466.1 456 449.9 436.1 429.6 416.8 399.3 376.4 356.7 344.6 329.6 322.3 317.1 312.8 304.2 299.3 292.5 288.5 282.8 276.6 272.3
376.8 371.5 369.7 367.9 364.1 358.5 355.3 351.8 347.8 348.3 351.2 352.3 358.7 360.3 367.9 375 378.9 382.9 389.5 400 414.6 432 450.4 471 485.1 507.2 524.5 534.3 550.2 566 571.6 571.8 576.3 593.6 604.1 598.4 605 606.6 597.9 587.1 577.1 572.4 565 558.4 552.8 547.7 538.5 528.2 525.3 521.3 512.1 502.9 493.4 480.8 470.1 460 456.8 448.6 438.8 430.8 425.3 418.6 412.5 396.9 377.3 358.4 341.4 327.4 312.5 302.3 296.5 290.4 285.2 281.3 275.9 269.5 264.5 260.2
380.4 376 371.2 367.2 364.8 360.8 358.2 359.8 359.2 356.3 347.4 345.1 349.9 357.3 367.5 374.7 380.6 390.5 401.5 412.2 428.1 443.6 462.5 477 492.8 508.9 519.4 532.6 545.8 555.4 560.2 562.3 579.4 585.7 588 584.9 587.1 589.7 585.1 578.3 570 562.5 553.3 547 541.6 532.7 523 522 512.8 503.7 496.1 491.8 483.3 467.5 454.7 444 439.3 430 420.5 416.1 410.3 399.4 387.9 379 367.2 354.9 341.5 327.4 311.4 299.7 290.6 281.6 272.9 268.5 266.9 266.9 267.7 263.1
384.5 381.2 375.9 370.2 367.3 364.2 361 362.3 361.6 360.9 344 342 343.9 353.9 364 374.8 383.2 397.4 410.8 424.5 441.1 461.6 475.6 485.4 494.1 500.9 509.7 521.8 535.6 545.5 548.3 560.5 566.4 569.1 571.5 570 566 568.2 570.2 566.2 555.1 545.6 538.8 533.7 525.2 516.9 508 505.5 501.4 498.2 482 474.3 466.4 457.8 440.2 426.8 422.5 415.6 408.1 399.8 392.5 380.7 372.4 365.3 356 342.8 334.1 322.8 307.9 299.3 300.2 286.2 277.5 268 257.7 257.7 253.5 246.9
390.6 387.5 382.6 374.2 370.7 367 362.5 363 362.7 361.4 353.1 340.4 338.6 352.2 363.6 374.6 386.2 401.9 420.8 438.3 449.1 476.6 488.2 492.7 497.1 498.2 505 514.4 524.6 531 540.2 550.2 554.9 557.7 557.2 554.5 549.5 545 542.4 544.8 538.9 535.3 525 520.4 510.4 500.1 491 488.5 491.9 488.1 469.5 453.7 445.5 435.9 420 404.1 396 391.2 385.7 380.5 375.4 365.5 360.4 349.4 342 325 316.5 306.1 294.6 285.3 279.1 275.8 271.3 262.8 259 252.1 244.6 232.2
394.6 390.7 384.9 378.3 372.1 369.3 365.8 364.9 363 362.2 355.7 339.2 338.6 349.8 363.5 378.2 386.9 402.7 419.6 440.9 456.1 473.4 480.7 487.1 491 494.9 499.9 506.4 515.1 523.6 532.6 537 545.3 543 538.2 531.9 528.3 527.1 523.5 527.7 525.3 514 510.1 505 496.7 481.5 473.2 469.3 467.4 463 447.3 435.9 426.3 411.7 402.2 393.2 383.9 374 367.6 363.6 357.5 351 344.8 339.1 326.9 313.7 303.9 294.9 282.5 274.9 269.5 264.7 257.5 260.2 257.3 251.6 239.4 224.4
400.8 393.8 386.7 378.3 373.3 371.8 367.9 365.7 363.6 361 355.6 337.5 335.3 346.9 363.5 378.1 386.8 402.5 419.4 436.5 450.2 469.6 476.2 481.8 487.9 492 494.5 500.9 508.3 520.2 524.8 526.9 528.3 526.7 519.7 512.2 506.9 504.9 502.3 505.7 502.4 499.2 495.5 488.6 479.4 463.4 462.7 451.5 443.1 442.3 437.6 424.7 410.2 396.1 390 379.6 370.9 356.1 349.7 343.9 340.5 334.6 328.4 321.3 312.4 303.8 295.9 287.6 273 262 253.8 250.1 251.1 253.8 248.6 237.5 219.5 217.1
402.4 397.4 388.9 379.1 372 368.8 367.3 365.8 364.1 361.5 354.8 341.4 329.9 342.8 362.1 375.1 387 404.4 419.5 433.5 453.7 466.2 472.5 475.9 483.7 487.4 491.2 498.8 504.3 508.5 519.5 526.9 530.9 525.5 517.1 508.6 498.5 493.5 488.9 487.5 482.5 480.4 477.3 467.3 459.5 450.4 444 435.3 433.7 434.6 425.6 409.1 397.6 385.1 372.1 363.8 356.3 347.1 337 329.5 326.1 322.2 314.1 308.2 305.7 296.5 287.6 279.4 268.7 255 243 234 234.5 235.4 231.5 217.1 217.1 217.1
404.2 396.8 387.9 378.7 372.8 366.8 367.1 365.7 364.3 360.4 353.6 342.1 323.7 337.3 357.7 372.2 385.2 403.4 417.3 430.7 457 461.5 463.1 468.6 475.5 478.8 486.4 491.3 495.2 505 518.6 521.9 521.2 513.5 504.3 498.3 489.5 482.2 480.6 480.2 474.1 469.9 462.6 456.1 446.9 433 430.7 427.2 420.5 414 406.8 393.2 379.8 371.4 356.4 346.3 340.7 334.5 325.5 315.1 308.7 304.3 298.7 295.9 292.8 288.2 281.8 272.7 259.7 248.3 236.6 231.3 217.5 217.1 217.1 217.1 217.1 217.1
404.2 395.9 388.8 380.7 372.9 366.3 366.4 366.1 364.5 360.1 352.2 341.7 319.9 333.9 354.1 371.1 386.4 401.7 414.3 430.5 447.2 452.7 456.6 462.9 468.1 478.4 483.4 483.9 485.8 494.8 500.8 502.8 499.4 493.4 489.1 483.7 476 468.8 466.9 468.4 466.2 464.1 455.2 446.8 438.2 429.6 422.5 416.1 409.6 400.5 386.4 379 368.7 356.3 345.3 333.4 324.7 317.1 310 302.7 296.7 290.2 285.4 283.2 280.4 274.5 270.2 261.6 250.5 236.5 217.4 217.1 217.1 217.1 217.1 217.1 217.1 217.1
405 397.4 392.6 384.9 373.9 365.8 363.1 364.6 362.5 354 347.6 340 315.5 331.1 352.2 364.1 381.3 397.2 409 427.8 436 443.3 447.5 453.5 460.1 467.9 471.2 475.2 480 485.4 487.4 485.7 481.3 477.2 472.8 466.5 461.8 454.7 452.7 455.5 457.7 455.7 447.3 442.6 440.7 433.8 417.2 401.3 392.6 382.6 368.2 364 358.3 347.2 333.8 321.8 311.7 304.6 297.4 292.5 285.7 274.7 271.6 268.8 264.1 261.5 251 245.9 232.8 217.1 217.1 217.1 217.1 217.1 217.1 217.1 217.1 217.1
406 396.1 390.7 384.7 373.7 366.1 361 360 359.1 354.1 348.1 334.8 309.2 329.3 346.5 358.1 375.1 389.3 403.5 416.5 425.1 433 435.6 441.9 447.9 456 463.4 471.3 480.1 481.3 480.4 477.3 465.6 457.9 453.2 449.4 448.6 441.2 441.1 442.3 445.4 442.5 440.9 433.4 430 423.5 408.3 389.3 371.3 363 351.6 346.8 343.2 335.1 324.7 305.4 297.7 290.5 286.7 278.7 268.7 257.9 253.8 248.3 241.7 231.7 226.3 217.1 217.1 217.1 217.1 217.1 217.1 217.1 217.1 217.1 217.1 217.1
406.9 397.5 388.2 379.6 370.7 364.1 357.9 356.5 355 352.2 344.4 332.6 308.2 327 340 354 369 380.4 394.1 403.6 411.7 420.4 425 431.2 438.9 447 460.3 466.4 473.3 473.6 471.1 464 450.2 443.4 444.2 439.5 440.2 428.6 424.3 424.5 422.8 424.9 423.8 410 401.2 392.4 376.4 361.5 348.7 339.5 327.2 318.5 312.3 305.9 303.3 299.5 295.3 286.2 281.7 275.8 266.2 253.7 242.5 229.5 217.1 217.1 217.1 217.1 217.1 217.1 217.1 217.1 217.1 217.1 217.1 217.1 217.1 217.1
403.4 394.7 386.2 378.1 370.1 363.2 358.6 352.1 348.8 344.4 335.1 323.7 312.7 322.9 337.8 350.2 361.6 374 387.4 395.2 402.9 409.6 411.7 419.2 426.3 434.4 443.3 445.4 448.9 448.6 447.8 443.5 434.6 425 426.6 429.6 425.8 412.8 407.2 405 399.4 395.4 393.6 379.2 370.6 357.7 345.7 331.7 316.9 312.6 307.9 307.2 303.9 301.1 297.7 292.9 287.4 281.7 275.1 266.2 258 245 232.7 219.6 217.1 217.1 217.1 217.1 217.1 217.1 217.1 217.1 217.1 217.1 217.1 217.1 217.1 217.1
401.7 392.9 384.3 376.3 372.1 364.2 361.5 352.9 347.7 338.5 333.1 327 308.9 320 330.8 345 357 370 382.1 387.6 393.7 393.9 398.1 408.1 416.3 426.6 430.1 431.4 431.5 427.2 423.4 421.9 416 404.7 405 407.3 402.3 397.2 389 386 382.2 376 364.7 357.1 352.9 343 330 314.2 311.5 305.3 301.8 297.6 292.4 288 286.4 281.9 276.8 267.6 260.5 251.9 241.7 229.9 225.8 218.2 217.1 217.1 217.1 217.1 217.1 217.1 217.1 217.1 217.1 217.1 217.1 217.1 217.1 217.1
402 392.7 382.2 376.7 373.8 369.8 359.9 353.4 345.5 338 329.6 324.4 310.8 313.8 327.8 339.8 349.4 360.5 371.5 373 379.1 384 386.8 392.6 397.5 410.6 412.7 408.6 412 404.2 403.5 400.9 393.5 381.9 381 379.5 378.7 377.2 370.4 365.2 360.3 359.6 355.3 349 341.4 329.6 319.9 310.6 300.9 293.1 287.5 284.4 278.6 276.8 275.9 271.7 265.9 257.9 245.7 237.8 231 229 228.5 217.1 217.1 217.1 217.1 217.1 217.1 217.1 217.1 217.1 217.1 217.1 217.1 217.1 217.1 217.1
396.2 388.3 379.7 373.3 371.6 365.3 357 349.3 344.7 332.4 324.7 316.9 309.8 305.2 324.7 336.2 347.5 354.8 359.3 366.9 368.9 371.2 371.3 375.4 381.2 390.6 391.8 389.6 393 387.3 380.2 374.8 365.9 356.3 357.2 357.9 354.8 350.8 350.3 347 342.4 342.2 337.3 333.9 326.3 316.7 308.6 295.9 284.4 273.4 272.3 273.3 267.5 266.7 265.3 258.5 250.5 243.5 241.6 238.9 227.2 217.1 217.1 217.1 217.1 217.1 217.1 217.1 217.1 217.1 217.1 217.1 217.1 217.1 217.1 217.1 217.1 217.1
