data/NH24.asc
ncols 200
nrows 200
xllcorner 220000
yllcorner 840000
cellsize 50
[rows 105 to 139 of 200, columns 0 to 77 of 200]
539.5 560.5 575.9 581.6 591.8 599.7 601.2 599.2 594.6 590.7 577.6 552 524 501.9 489.9 475.7 460.3 459.5 471.3 483.4 500.5 525.5 549.5 574.7 602.7 627.4 644.8 660.6 676.3 690.6 695 694.4 694 695.5 696 693.9 690.5 684 667.9 638.1 611 592.8 576.4 571.8 571.8 571.8 571.8 571.8 571.8 571.8 575.3 581 586 590.4 593.7 600.7 606.8 612.6 617.2 623.3 628.4 635 640.5 644.3 650.2 656.6 661.4 666.1 668.6 669.2 668.5 667.3 665.4 666.3 666 665.2 663.7 665.4
558.9 574.6 585.7 591.3 600.7 610.7 602.8 597.9 589.4 569.3 549.3 528.8 502.2 481.5 468.6 455.6 454 465.2 477.3 491 506.4 531.4 556.6 580.8 606.3 629.6 648.5 666 684 695.6 702.1 705.1 705.4 708.1 710.6 713.5 711.8 696.4 679.5 662.2 637 610.2 593 581.5 571.8 571.8 571.8 571.8 580 584.3 588.2 591 597 604 608.7 613.5 618.4 620.5 627.2 634.5 642 649.4 655.3 664.2 670.1 675.8 678.3 680.3 682.9 681.4 681.2 680.5 680.9 680 681 680.8 682.5 685.6
573 585.5 590.2 597.8 605.3 601.5 594.8 582 566.5 544.9 520.3 499.8 479.9 463.3 452.1 446.8 457.5 470.1 482.9 498.8 519.3 541 562.2 588 612.2 633.2 651.1 668.3 690 702.3 714.6 719.2 722 724.9 726.5 730.3 724.9 718.2 709.4 701.5 675.6 643.9 612.8 596.5 588.7 584.6 589 594.6 599 603.1 606.4 608.2 613.5 620.7 624.4 628.8 633.4 636.5 645.2 653 663.5 673.1 681.6 687.4 689.2 689.8 692 695.1 698.5 697.3 694.4 692.8 692.7 694.1 694.9 696.1 697.9 697.7
586.4 589.7 592.5 598.7 597.8 589.2 576 556.2 540.6 520.3 495.7 474.1 457.9 443 437.4 449.2 465.9 472.7 488.9 505.7 530.1 549 571.7 594.8 616.4 636.9 653.7 671.6 695 713.4 726.9 738.3 745.2 749.8 752.6 753 751.5 746.5 740.4 728.6 712 685 660.4 634.2 619.9 613.4 617.2 623.8 629.7 635.1 640.4 638.3 638.4 639.4 641.3 644.9 649.7 656 666.9 678.6 686.1 692.4 698.2 702.5 705.4 707.8 710.3 712.1 713.9 711.1 707.1 705.9 707.7 709.9 709.8 709.6 708.6 708.3
589.3 586.1 586 582.3 575.5 564.2 546.7 527.4 511 490.5 468.1 451.4 437.5 428.7 442.4 457 472.7 487.3 498.4 518.1 538.7 559.2 581.8 602.5 623.1 640.4 656.4 677.7 698.5 717.7 735.7 749.9 768.8 778.8 787.1 788.8 784.4 778.9 773.4 754.6 734.2 715.9 703.4 690.9 671 662.4 660.9 664.2 664.4 667.7 673.2 670 666.4 661 658.8 665.3 673 678.9 687.1 696.3 704.1 711 717.5 723.5 725.2 725.8 725.1 725.4 722.6 720.1 718.6 718.2 720 721.6 722.5 724 723.1 722.8
581.1 575.5 562.8 555.2 545.1 531.7 515.1 496.5 479.3 462.4 444.2 429 419.2 435.8 449.9 462.4 476.3 492.8 514.3 533.6 552.9 572.7 578.4 610.4 628.5 644.2 665.2 684.8 703.6 720.4 739.9 752.8 773.4 785.6 791.6 795.1 799.6 801.5 798.3 783.3 764.4 744.4 726.4 706.9 697.2 701.7 708.2 695.5 682.3 680.6 681.1 680.6 680.8 679.5 682.7 691 696.7 702.1 701.4 713.1 721.2 729.3 735.9 739.8 741.9 741.2 739.4 737.5 734.1 731.7 730.2 730.4 732.3 732.5 733.6 735.6 737.8 737.3
565.8 551.7 535.4 526.2 514.2 499.4 484.1 468.8 453.2 437.3 421.8 415.2 429.4 442.7 456.1 468.7 485.6 504.6 526.6 547.2 566.7 586.3 603.8 610.9 635 654.8 675.2 693.2 711.9 727.9 740.9 752.4 764.4 775.2 784.6 792 800.4 807.6 805.1 797.4 789.7 781.8 767.1 745.6 735.5 742.9 734.3 716.3 705.9 696.5 699 698.3 697.2 699.6 704.5 708.3 712.6 717.5 721 731 738.9 744.6 749.9 752.2 752.4 751.8 749.2 745.1 745.3 745.7 743.7 743.6 744.8 745 746.9 749.9 750.3 747.1
551.5 536.2 516.7 502.6 485 471.3 457.3 442.9 428.7 413.4 412 424.4 438.5 450.9 463.7 477.8 495.7 520.9 542 562.1 581.4 599.7 616.1 632.1 637.2 669.6 685 701.1 717.2 732.9 744.8 753.4 758.3 764 767.6 774.5 782.5 793.7 802.8 805.4 812 814.9 806.5 785.9 779.8 786.3 767.8 749.7 741.3 732 729.4 722.7 717.8 717.4 719.7 723 726.9 733.5 741.2 749 752.5 757.4 762.1 766.3 766.2 767.6 766.9 762.3 760.2 763 763.5 763.8 764.1 759.7 759.8 759.5 757.5 754.5
537.5 518.7 499.9 484.4 463.8 447.6 434.3 420.3 404.9 409 422 434.1 448 461.2 475.8 492.5 512.8 536 557.9 578.7 598.1 614.5 629.5 645.9 665.1 680 693.9 707.8 722.2 738.7 745.8 748.6 755.4 760.2 761.1 765.3 771.5 786 801.9 813 830.8 836.8 837.1 828.2 818 807.4 793.1 778 764.9 755.1 747.3 737.9 734.8 732.3 732.5 737.3 747.7 756.9 760.8 763 763.5 766.7 775 780.7 786.3 788.8 791.4 788.7 787.8 790 793.9 790.5 783.4 775.8 765.9 762.7 759.3 756.9
520.4 499.5 476 460.8 440.8 426.2 413 398.8 404.7 419.5 430.2 442.1 454.6 469.6 485.8 506.3 529.3 552.4 575.9 596.8 614.9 629.3 644.2 662.1 676.6 687.2 702.1 720 734.3 738.8 747.6 756.6 760.5 766.2 773.9 781.4 785.5 789 802.7 818.9 836.5 839.2 838.5 832.7 821.8 807.9 795 785.3 775.4 763.5 753.2 748.3 744.6 744.8 751.4 760 771.7 773.8 773.5 773.5 781.9 780.6 783.6 792.8 799.2 805.3 809.1 811.8 813.9 814.6 811.7 810 804.2 791.6 778.7 767.8 763.9 761.7
498.8 478.7 454.8 436.3 420.9 409.2 395.1 396.2 410.3 423.9 436.1 448.6 462.6 479.7 500.4 522.4 546.3 570.9 595.2 613.8 630.6 644.6 660.3 676.9 687.1 695.7 708.1 730.3 740.1 748.5 758.2 763 769 778.4 790.9 795.4 805.5 809.7 811.6 830.2 843.5 841.8 846.3 847.6 841.2 833.3 819.1 804.4 786.8 772.4 765.2 762.9 760.8 764.1 774.1 781.1 789.2 790.7 786.1 792.9 798.2 800.4 798.9 806.2 808.8 820.3 828 836.6 834.9 832.6 826.6 822.3 820.3 808.9 794.4 779 770.6 767.7
475.1 455.3 435.7 418.1 406.7 395.2 387.7 399.9 413.7 426.7 439.9 455.5 472.6 492.1 514.2 539.3 564.9 591.1 613.2 631 644.7 659 674.8 688.5 697.7 708.4 728.2 736.3 746.7 757.7 765.9 776.1 779.7 782.2 791.5 800.8 809.4 814.3 820.1 829.8 840.9 849.7 856.3 857.1 855.5 846 836.8 827.1 812.6 801.1 798.6 791 781.8 783.5 785.9 790.1 797.3 801.2 808.8 803.2 800.9 799.4 801.3 812.6 823.9 837.4 845.8 851.8 853.6 849.8 841.7 829.1 817.2 808.9 797.3 784.2 775.9 771.7
453.5 436.1 417.5 405.7 393.8 381.9 391.4 400.8 414.2 430 444.8 462.9 482.3 506.6 531.7 557.6 584.9 610.2 630.2 646.3 659 673.4 688.7 700.9 708.8 725.7 738.1 746.8 754.2 767.6 780.6 788.9 790.7 791.9 793.6 802.1 814.3 814.7 819.6 827.4 835.6 846 852.6 857.8 856.3 851.5 850.7 847.6 840.4 835.1 823.2 814.6 801.8 802.2 806.6 809.9 812.3 821 823.7 821.1 814.7 804.1 804.9 814.9 823.8 840.9 858.3 871 877 875.2 860.4 837.8 816.9 800 786.6 776.5 767.7 765.8
433.8 417.7 402.4 390.2 378.2 384 394.6 405.5 421.6 438.1 447.1 470.9 494 522.3 548.1 575.1 603.8 628.2 646.4 660.1 672.8 686.5 700.3 712 722.1 738.9 752.9 760.4 768.6 782.5 796.2 802.3 800.6 803.6 808.4 810.1 814.4 816.4 820.6 824.6 831.2 840.4 848.4 858.9 861.7 863.6 866.8 866.9 865 865.7 858.2 844.8 835.5 830.5 824.5 826.2 824.3 827.5 826.4 821 808.6 805.5 807 819 833.6 856.1 880.2 895.6 903.4 904.9 892.6 860.5 830.4 807.4 787.6 773.3 765.8 765.8
415.2 402.7 387.6 374.2 377.6 388.6 399.8 412.9 428.3 446.6 468.7 479.7 509.3 538.1 564.2 591.9 619.9 643.2 658.5 670.1 682.6 696 708.8 722 734.5 753.1 768.3 778.9 785.9 791.9 808.4 812.7 814.3 814.1 817.5 820.7 819.2 819 821.7 824.8 832 839.3 847 858 868.4 872.7 879 882.5 886 885.8 881.3 871.7 866.1 856.1 846 850.8 857.7 857.2 852 841.4 834.2 819.6 814.5 829.6 846.1 873.5 901.8 922.3 934.2 939 928.5 890.3 853.3 813.9 787.2 767 765.8 765.8
399 388 370.6 373 385.6 397.3 410.2 422.4 440 459.1 481.6 507.9 527.2 554.5 581.2 608.6 635 652.9 666.8 679.2 692.6 704.5 717.4 736.1 753.8 772.5 784.5 796.7 803.1 805.8 814.4 819.9 823.8 821.8 826.8 826 825.5 822.7 821.6 828.1 837.7 847.6 854.8 860.3 865.2 878 884.1 889.6 897.2 893.8 895.6 895.9 894.9 894.3 890.3 890.8 889.6 883.2 873.8 860.6 849.7 837.1 831.1 837.3 861.9 893.1 918.9 939.8 959.2 968.6 958.2 919.4 888.1 838.4 805.6 783.2 766.2 765.8
385.9 372.8 363.2 379.8 393.1 405 420.7 438.1 452.1 472.3 496 521.3 547.1 573.5 601 624.6 644.7 660.4 675.3 691.2 705.5 715.7 730.6 752.8 772.5 788.3 801.3 813.9 816.6 816.7 821.4 826.9 830.4 831.9 833.2 826.3 825 822.7 824.4 834.8 841 849.1 853.4 853.9 856.6 873.1 886.3 900.7 903.5 910.7 915 918.6 923.3 930 934.9 936.4 935.2 919.8 902.5 886.2 871.5 861 854 857.9 874.5 906.8 934.7 957.3 976.9 991.6 992.1 961.7 923.4 883.4 844.1 801.8 776.7 765.8
370.9 360.7 374.5 386.4 400.1 415.2 431.9 447.9 465.6 489.2 515.3 540.7 566.2 593.1 620.6 636.9 655.1 669 689.1 706.3 722.6 734.3 755.7 773.5 790.4 815.3 819 828.2 830.1 826.5 825.7 828.7 832.2 836.7 832.1 819.6 819.6 820.1 823 827.6 834.1 840.1 845.4 848.8 857.4 873 887.1 898.2 914 927.2 935.5 942.6 950.6 960.1 966.7 968.3 969.7 955.6 932.5 910 890.6 872.8 863.8 874 889.7 921.4 951.3 974.4 993.2 1008.7 1016 998 958.5 926 890.8 853.9 804 776.2
359 371.2 382.3 395 409.5 426.5 443.1 461.1 481.8 507.5 535.9 561.5 587 611.1 631.9 650.8 666.4 683.5 707.7 728.4 742.5 757.5 781.3 796.6 810.6 821.1 830.1 838.1 836 831.6 829.7 828.2 829 829.9 825.6 814.4 814.7 816.1 817.8 821.5 823.7 827.9 835.5 843.3 852.9 867.5 883.1 901.4 918.6 934.9 948.7 962.2 970.8 980.2 987 991.7 988 978.6 959.2 933.6 913.5 897.1 895.2 900.6 915.5 947.1 969.1 988 1005.1 1018.8 1030.2 1027.8 994.6 955.8 917.2 883 839.2 800.9
367.5 379.8 391.3 403.5 419.7 437.7 455.6 477.3 501 530.1 558.1 583.4 606.6 627 642.8 664.5 683.8 702.9 733.5 750 768.5 783.8 806.5 819.3 826.3 834 840.5 840.9 835.6 832 827.2 821.5 819.9 820.7 816.9 806.6 806.6 807.1 807.1 807.1 810.3 814.1 821.4 830.6 844.4 858.4 876.4 895.1 914.2 931.6 948 963.1 976.9 989.4 1001.7 1009.9 1008.2 996.7 985.2 966.5 947 933.3 930.4 937.1 951.1 969.7 987.6 999.8 1013.7 1023.7 1036.1 1045.1 1012.6 967.4 935.2 902.6 866.7 831.5
375.7 388.4 400.7 413 429.1 450.3 471.5 497.6 522.3 550.8 578.3 602.7 623.1 638.8 657.9 682.8 698.8 726.7 755.7 777.1 796.4 811.3 832.7 841 842.7 844.2 847.5 843.2 830.7 819.5 809 804 803 804.1 802.2 796 793.7 791.4 790 790 792.7 797.2 804.1 815.2 829.9 847.6 866.7 885.6 904.6 923.2 940 956.7 971.8 986.5 999 1009.3 1014.5 1011.4 1000.9 989.4 978.1 967.7 967.4 974.1 984.8 991.3 1000.7 1009 1014 1019.8 1027 1037.3 1032.3 990 952 921.2 889.1 861.5
383.6 396.5 412.5 428.6 446.3 465.9 487.2 514.5 542.4 570.8 596.1 617.5 635.6 654.7 675.2 699.2 716.5 747.4 776.1 804.1 824 837.5 854.2 859.2 855.7 848.2 835.8 828.6 819.7 805.5 794.5 784.9 784 783.1 781.5 779.3 776.2 773.4 772.4 772.6 774.3 777.6 786.8 800.1 817.1 835.3 853.8 872.9 892.6 912.5 931.1 948.7 965.2 980.4 992.1 997 997 990 981.1 977.6 979.6 986.2 991.2 996.8 998.7 998.1 1000.4 1003.1 1005.8 1006.5 1012.3 1018.9 1026.7 1012 982 941.4 909.3 886.5
392.5 406.9 423.2 443.1 462 481.6 507.4 535.1 562 588.3 610.9 631.1 649.4 673.9 692.2 712.2 734.3 765.6 795.4 821.8 841.5 853.1 863.5 852.2 845.8 833.5 817.2 807 801.8 790 780.9 771.9 767.9 764.6 763 761.7 758.3 755.1 754.8 754.9 755.3 758 769.8 785.2 803.7 822.4 841.1 859.6 881.3 902 921.9 940.6 957.1 971.2 978.7 963.9 952.3 942 938.8 938.9 943.9 956.4 971.6 981.2 988.7 992.1 992.1 991.9 990.7 989.2 993.7 998.6 1005.4 1011.8 1007 971.2 945.2 923.1
400.4 415.8 431.6 450.9 474.7 501 525.8 554.7 578.5 600.1 623.4 644.9 666.3 687.5 704.9 722.5 751.6 784.6 807.9 829.7 846.9 859.9 843.9 821.4 808.3 797.9 788.7 783.4 779.6 771.3 766.4 757.3 753.8 750.9 748.4 745.3 740.5 736.9 735.8 735.8 736.5 741 755.3 771.3 788.7 808.2 828.9 851.3 871.9 894 914 932 948.4 961.3 952.5 927.2 909.2 905.7 902.3 900.8 906.4 920.5 936.4 953 967.5 972.3 972.2 970 968.4 968.7 973.1 978.2 984.7 991.2 994.5 989.4 969 949.2
408.6 426.1 443.9 464.6 488.2 519 546.7 569.7 589.4 609.7 632.2 654.9 672.6 693.1 714.1 734 765.6 792.2 813.8 836.6 854.1 841 813.2 785.7 768.4 761.3 760.8 761.2 758.6 753.1 752.4 745.7 741.5 739.2 735.2 731 725.2 718.9 716.7 717 717.2 724 741.2 757.4 776.7 797.2 820.8 843.7 865.6 887.2 906.8 925.2 939.4 948.9 920.9 897.4 882 875.9 873.6 872.9 876.9 892.9 903.5 920.3 938.1 946.8 947.6 944.5 942.9 944.1 949.5 955.8 963.2 969.8 973.1 972.5 969.2 958.7
423.5 438.1 459.7 481.9 506.5 532.6 559 578.8 597.8 617.5 639.6 659.3 679.9 701.7 723.7 748.3 773.8 797.2 818.3 841 851 815.7 788.5 770.2 751 739.9 740 741.3 740.6 738.4 737.4 735.1 729.2 727.5 723.3 718 710.8 702.6 698.8 696.1 699 711.4 729.3 749.6 772.2 795.1 817.4 839.8 861.6 881.8 901 917.4 930.1 927.2 896.4 875.3 863.3 857.7 853.7 851.8 855.8 860.7 872.6 889.3 910.2 919 921.2 919 916.3 912.2 919.7 931.7 940.1 947.6 950.2 949.6 948.4 946.9
441.1 453.4 472.2 495.5 524.3 542.2 563.6 585.8 603.7 624.5 645.2 666 688.6 710.4 732.9 757.7 781.2 804 823.8 845.5 829.9 794.6 774.2 750.8 733.1 722.9 720.2 724.8 726.6 725.4 723.5 720.9 717 715.1 711.5 705.7 697.3 689.2 681.1 677.9 689.2 707.4 727.3 749.3 773 795.8 816.5 837.7 857.9 877.2 894.4 908.8 919.7 911.8 880.5 859.9 849.5 844.3 841.8 841.7 842.6 844.7 850.6 859.6 881.6 894.5 895.7 891.9 885.7 880 886.7 901 915.2 921.4 925.8 924.9 924.2 922.3
457 468.9 486.2 510.1 535.3 556.5 576.1 594.8 611.8 631.1 652 674.2 696.5 719.1 742.7 765.1 787.3 809.2 828.3 850.2 823.5 784.5 756.2 733.7 719 704.2 703.1 710.7 712.7 711.5 708.9 706.4 703.8 702.3 699.6 692.7 684.7 676.1 666.5 668.9 684.9 705.5 725.8 749.3 773 796.5 817.1 836.7 855.9 872.9 888.9 901.4 908.8 894.8 866.6 847.3 838.3 835 833 831.7 831.9 832 835.2 839.2 854 869.6 869.9 863.1 852.2 847.8 853.4 864 881.2 892.4 897.5 897.3 897.3 898
469.1 483.7 501 525.8 545.4 565.5 585.5 605.4 623.3 640.5 661.7 683.6 707.3 728.3 749.6 771.5 793.6 814.5 835.2 853.7 833.6 786.8 751.5 728.1 714.3 694.7 691.4 698.3 700.4 700.1 697.5 694.8 692.3 689.8 687.1 680.5 672.2 662.4 650.7 665.2 682.5 703.9 725.9 749.6 774.1 797.8 818.5 836.9 852.9 869.1 883.1 895.9 903.2 882.1 852.8 836.5 829 827.5 825.2 822.3 821.3 821.4 823.3 826.5 831.3 841.5 846.1 836 827.5 826.7 828 831.5 845.6 856.5 865.7 865.9 862 867.2
478.3 494.7 514.1 536.3 555.5 577 596.5 616 634.3 651.7 671.9 692.3 715.6 738.1 759.3 780.8 802.4 824.1 843.4 858.9 836.8 788.7 757.2 731.6 712.5 693.9 685.3 686.9 688.5 687.8 685.9 683.1 679.1 677.7 675.1 670.3 660.6 648.1 648.3 662.5 680.6 703.8 730.8 757.3 780 799.3 817.5 833.2 848.7 863.7 878.4 890.5 899.7 885.3 847.4 829.7 821.5 820.8 818 813.2 811.3 811.2 812.4 815.3 818.9 820.4 822.7 818.1 812.5 810.7 812.1 813.5 814.2 821.2 830.4 832.6 828.1 834.2
486.7 505.4 526.9 546.8 565.6 585.2 605.2 625.4 645.5 664.6 682.9 700.1 723.9 748.5 771.6 793.5 815.1 833.9 851.9 867.8 850.5 808.6 775.5 742.5 717.5 694.1 678.8 676.9 677.3 678 675.4 670 665.9 662.2 663.2 659.2 649.7 634.1 644.5 661 684.1 712.9 736.9 760.1 779.1 797 811.2 827 842.4 857.4 872.1 885.4 893.1 865 841.5 825.7 817.6 812.9 809.3 804.8 800.1 801.4 802.5 804.4 807.8 809.3 806.9 802.6 797.6 795.2 796.6 796.8 792.5 792.2 798.5 803.6 804.2 810.2
495.9 517.2 537.9 557.2 576.3 595.4 615.6 636.1 656.2 676.4 694.7 710.7 735.6 761.1 785.4 807.3 825.3 842.2 860.7 875.9 865.1 816.8 778.1 737.4 711.4 686.7 668.9 664.6 664.6 665 664.8 656.7 648.4 650.6 650.8 646.1 637.5 624.5 641.6 662.5 689.2 715.8 738.8 759.2 776.5 792 806.1 820.9 836.9 852.8 867.7 880.6 879.3 839.6 822.4 809.4 807.3 804.4 799.4 793.7 791.2 789.1 792.5 794.5 797 797.4 794 790.4 785.1 778.9 781.1 779.4 775 768.7 770.1 777.1 782.7 789.6
502.4 525.3 545.9 566.9 586.6 605.6 625 646.1 666.9 686.8 707.5 723.9 748.7 775.5 799.2 817.2 833.9 850.4 865.5 876.1 849.8 801.6 765.2 727.1 697.7 678.8 663.9 652.7 651.5 652.3 651.8 644.3 633 636.2 634.7 631.5 624.9 623.9 640.8 664.7 691.9 715.4 737.9 756.6 772.3 789.5 804.4 820 835.4 850.7 865.2 874.3 844.7 814.1 798.2 790.6 788.8 792.1 792.9 780.9 779.5 780.7 782.1 782.9 784.5 785.7 782.7 778.4 773.3 763.2 764.3 762.7 758.5 748.5 746.6 753.1 760.3 773
511.2 533.9 553.1 574.8 596.2 615.8 634.8 655.7 677.5 697.7 718.9 737.5 758.2 783.7 805.2 823.4 840.8 855.7 865.9 866.9 819.7 781.9 747.3 716.4 684.8 669.4 655.7 647.4 642.8 641.3 639.1 632.6 618.6 620 620.3 617.2 612.8 621.7 642.1 668.5 694.6 720.4 740.8 759.2 776.6 793.2 809.6 824.4 839.1 853.1 862.7 847.4 813.5 793.3 773.8 769.5 769.7 775.2 776.6 774.9 760.5 769.2 770.4 771.3 772.4 775 771.5 766.3 761.2 751.4 744.7 742 735.1 731.4 730 734.2 742.2 758.3
521.1 542.7 562.4 583.9 603.4 622.3 642 663.9 686.4 707 726.7 747.9 766.6 787.3 809.4 828.9 846.6 857.4 862.2 853.7 808.8 766.1 732.8 703.3 674 666.3 649.9 643 632.8 631 628.4 621.6 610.5 603.5 604 601.2 600.3 624.1 647.9 676.1 703.7 727.9 748.2 766.1 783.9 800.4 816.8 831.9 846.6 859.7 858.2 819.9 786.1 767.5 759.8 747.7 752.2 755.5 758 757.4 753.1 756.6 758.7 759.1 756.9 760.4 757.3 751 744.2 735.4 723 717.2 711.4 712.2 711.5 716.1 728.4 745.5
