data/NH26.asc
ncols 200
nrows 200
xllcorner 220000
yllcorner 860000
cellsize 50
[rows 34 to 67 of 200, columns 78 to 155 of 200]
820.6 837.5 855.2 871 885.6 891.4 889.4 884.2 877.8 869.5 852.4 842.3 833 823.3 811.9 802.2 792.3 779 758.4 723.9 698.1 679.7 659.2 648.6 639.8 622.1 600.8 576.6 554.3 541 524.2 496.8 466.1 447.3 442 440.5 439.9 440.5 436.5 432.2 430.6 426 421.1 417.9 413 406.7 399.2 392.1 385.8 379.7 374.3 369.5 363.3 359.6 352.5 349.8 344.7 345.5 349.8 354.4 357.9 364.8 375.6 389.3 395.5 402 415.6 426.9 435.6 444.1 451.4 458.2 464.5 472.2 481.8 497.2 514.7 530.8
827.4 843.5 861.7 879 891.6 898.9 895.4 887.6 874.3 860 843.6 835.6 820.7 807.1 793.9 786.7 772.1 753.9 728 701.8 674.3 660.2 649.5 631.1 627.9 613.8 600.8 573.4 555.2 538.4 522 496.5 468.2 452.9 446.8 440.5 441.7 440.1 436.3 431.1 428.6 422.2 420 415.5 411.3 405.7 400.7 394.3 386.8 380.5 374.6 369.4 363.2 358.1 351.1 349.9 343.6 341.4 347.6 351.2 353 359.5 368.9 378.8 387.4 396.6 410.1 420.8 431.1 439.6 448.2 456.4 463.1 470.3 480.4 495.1 510.9 525.9
831.8 851 869.7 886.7 897.5 902.6 899.4 890 874.2 857.8 842.6 825.5 796.7 780.5 770 758 744 729.6 709.4 682.8 662.6 642.4 632.9 621.2 614.6 602.1 587.8 566.5 551.3 534.6 518.5 497.7 482.8 469.5 456.6 449.1 444.7 440.1 436.9 432.1 428 422 417.8 413.3 409 404.1 399.5 394.8 388 381.8 375.7 369.3 363.7 358.7 353.3 349.3 346 340.8 345.7 345.8 351.5 354 363.5 372.9 381.2 392.8 403.9 414.2 424.3 435 444.8 453.7 462 470.2 478.8 491.6 507.7 522.3
839.2 858.3 877.3 893.1 905.5 909.4 904.1 891.8 876.8 861.4 837.9 810.1 780 765 753.3 741 726.9 711.5 688.7 665.2 653.5 637.8 622 612.7 602.1 590.3 575.4 562.5 546.6 530.3 522.3 511 498.4 484.8 472.1 462.2 451.6 445.1 438.4 432.7 428.6 422.2 416.4 411.9 407.3 401.3 398.2 393.4 388.7 382.4 375.9 369.2 364 359.2 354.6 349.4 342.3 338.6 338.4 341.1 347.3 348.9 359.8 368.6 377.3 387.7 398.7 408 418.7 429.4 441 451.4 460.6 469.5 478 489.3 505.2 521.6
846 867.1 883.6 899.4 912.2 916 909.4 898 885.7 867.3 840 809.7 783 763.4 740.3 720.9 709.8 693.9 677.2 659.3 642.4 625.8 614.5 605.2 597.8 584.7 572.3 560.1 549.6 542.1 536 529.7 517.4 502.8 489.9 473.5 462.1 451.3 442.1 434.6 428.5 420.7 412.8 410.5 403.3 401 399 393.3 386.1 380.2 374.4 369.3 364.9 360.5 355.1 349.7 346 339 333.6 333.1 344.2 348.4 356.7 365.5 372.2 383.5 392.6 402.1 413.9 425.4 437.1 448 458.7 468.3 477.4 489.5 501.9 518.6
852.3 871.9 887.9 904 915.2 920.7 911.2 899.1 890.1 874.8 851.7 820.9 792.9 762.7 740.8 725.8 698.2 678.6 663.3 658.2 649.1 638.8 620.9 607.9 596 586.2 576 569.1 561.6 553.4 548.1 543.2 533.9 521.6 504.9 479.6 471.3 459.2 446.7 436.1 427.5 419.5 411.5 406.4 400.4 397.9 393.7 389.4 383.2 376.5 370.4 366.3 362.8 360.3 356.7 351.4 345.8 339.1 337.7 329.5 339.8 348.9 350.9 360.6 367.8 378.1 387 397.6 407.8 421.2 433 444.6 456.2 467.2 476.7 488.4 500 515
856.1 874.9 892.1 907.1 914.8 916.1 906.8 895.5 886 878.3 867.9 845.3 815.3 787.4 750.8 726.2 709.5 694.7 687.7 674.6 663.4 652.5 637.5 624.5 605.5 597.3 588.3 580.2 571.9 562.9 557.9 551.7 543.8 532.9 517.9 489.8 478.7 465.9 451 439.2 429.1 419.1 409.8 402.5 398 394.5 390.7 389.9 385.3 378.9 371.7 364.7 360.4 361.3 357 352.6 347.7 337.4 334.2 328.7 332.3 342.7 351.3 356.1 363.7 372.4 382 391.8 401.7 414.9 428.5 441.6 453.2 464.7 476.1 486 497.6 509.2
858.4 877.1 894 902.9 907.2 904.6 895.5 888.4 881.8 876.3 870.8 861.2 841.1 815.2 779.2 750.7 728.4 712.1 710.8 704.1 688 671.4 655.6 636.3 620.8 610.3 600 588.5 577.2 561.9 551.6 547.9 540.6 530 518.9 497.5 484.3 470.9 455.1 442.5 432.4 418 406.5 398.2 394.6 391 386.8 383.8 381.7 378.5 373.4 366.9 359.4 354.5 351.5 352.2 344.4 334.6 328.3 323.1 327.3 338.2 344.3 351.1 359.4 367.7 376.6 386.3 396.8 408.9 422.5 435.8 449.2 461.7 473.1 486.4 496 506.3
860.6 878.6 892.8 895 893.7 887.9 880.8 877.3 871.3 869.6 866 860.2 851.1 842.6 827.8 789.1 772.1 749.6 739.2 725.5 709.6 694.3 675.5 661.2 642.7 625.2 614.3 592.1 573 559.5 545.9 541.4 533.7 522.7 511.6 495.7 483.7 468.9 456.2 440.5 431 418.4 406.6 397.8 393.4 387.8 383.1 377.6 377.4 376 372.3 366.9 361.1 354.3 346.3 349 339 330.7 323.7 318.8 331.4 335.3 339.6 346.3 354.6 363.1 371.3 382.3 393 403.8 416.6 430.1 443.6 456.7 469.5 483.6 496.3 502.3
861 876.7 887.2 882.6 876.9 871.4 867 863.3 859.6 858.9 858.7 856.4 853 850.6 845.1 836.6 819.3 801.7 782.3 755.6 732.2 721.5 710.2 691.7 667.5 641.3 623.1 596 572.3 552.6 542.5 532.8 525.2 515.3 503 484.4 474.5 461.6 448.4 437.3 431 420.5 407.3 396 388.5 383.5 379.2 374 371.9 372.2 369.6 366 361 354.8 349.7 340.2 333.2 327 320.2 314.8 329.4 332.1 336.1 341.8 350.3 359.1 366 376.6 386.8 398.5 411.7 424.8 438 452.5 466.2 480.1 492.6 497.2
859.1 871 873.8 868.6 861.4 854.9 850.3 846.2 844.1 844.4 846.1 847.7 849.7 853.1 851.8 850.2 840.2 825.5 809.9 790.7 769.1 751.2 734.4 717.4 693.3 659.9 632.7 606.1 580.6 558 541.7 524.3 514.1 505.6 494.5 479.3 459.8 455.3 448.3 438.3 433.7 422.9 406.5 392.8 384.8 378.3 374.7 368.6 365.3 367.6 365.5 363.7 360.3 354.9 348.1 341.6 334.3 325.5 317.8 311.7 325.3 330.9 331.1 338.5 346 354.2 360.7 370.2 381.2 393.5 407 420.1 433.1 448.1 463 475.8 488.2 493.2
851.9 858.5 857.6 853.8 844.8 839.2 830.8 826.4 825.8 830.4 832.4 835.4 841.4 848.2 852.9 856 855.2 848.9 835.1 816.1 796.8 775.7 752.3 727.5 702 672.5 641.3 607.1 580.4 559.9 539.1 519.7 506.5 496.7 486.8 473.8 453.3 450.5 448.5 438.7 430.7 419.4 405 388 380 372.8 368.7 363.7 359.9 362.2 360.5 359.6 356.1 352.6 346.3 339.5 331.9 322.5 314.9 308.3 321.9 326.1 328.3 335.7 342.8 349.6 355.9 364 375.5 388.7 402.3 415.3 428.4 442.2 457.9 470.4 480.7 490.3
843.7 844.7 841 836.7 828.5 820.5 815.5 812.1 812.7 815.8 818.6 823.5 830.4 839.3 847.6 854.3 858.8 861.5 854.9 840.5 817.3 789.7 763.3 737.2 710.3 680.6 641.2 608.3 578.8 555 534.7 514.3 498.6 492.6 479.6 465.3 448 439 442.9 433.7 429 413.6 399.6 381.7 373 367.5 363 360.4 355.9 355.4 356.3 354.8 351.2 347.9 342.6 336.9 329.5 322.7 313.1 308 320.7 321.1 324.3 331 337.8 344 350.4 358.4 368.8 382.4 396.1 409.5 423.5 436.6 451.5 462.9 473.3 483.6
834.1 830.9 826.2 816.7 809.1 802.5 797.9 796.1 798.7 801.7 805.2 810.5 817.2 826.7 837.1 845.6 852.4 860 863.7 856.9 831.4 800 771.6 747.9 716.1 667.8 622.5 606.9 579.5 554.2 532.4 511.3 495.7 485.8 471.1 453.9 437.3 430.3 432.7 424.4 420.5 408 391.3 375.3 367.1 361.8 357.5 358.1 351.9 350.5 350.8 349.3 344.7 341.4 337.6 332.9 327.8 321.1 310.3 305.8 318.7 318.2 319 325.5 332.6 338.1 345.1 352.7 361.8 376.7 389.4 402.5 416.6 430.8 444 454.5 464.1 469.5
820.7 818.5 809.8 797.9 792.9 787 782.9 781.3 782.9 784.9 789.9 795.8 801.7 812.1 824.6 833 842.1 851.9 860.2 858.7 839.3 809.8 779.5 746.8 687.3 624.4 594.2 583 577.7 554.7 532 509.9 491.4 478 461.3 441.6 430.3 419.9 423.1 414.6 407.6 400.8 383.9 369 360.7 357.5 353.7 352.6 348 342.8 344.8 342.6 337.8 334.1 331.5 328 323.7 317.1 306.1 300.8 311.3 310.8 314.8 320.2 328.6 331 338 345.8 356.2 369.4 382.2 396.8 410.4 426 440 449.5 452.2 450.2
807.9 807 793.6 781 774.6 771.7 768.4 765.1 765.1 768.2 773.2 780.3 787.9 798.3 808.2 817.7 828.2 838.2 847.2 847.2 822.8 786.4 736.1 677.9 627.6 589.9 570.8 555.2 546.1 532 513.2 496.9 482.3 466.5 450.3 434.8 422.6 413.3 410.1 397.3 394.2 388.8 377 364.3 356.1 352.9 349.9 346.7 341.5 337.9 338 337.1 332.3 327.7 324.8 322.7 321 316.2 307 298.6 309.5 310.1 312.8 317.1 320.8 327.6 333 339.7 348.6 362.1 375.2 390.8 404.8 420.5 433.8 439.9 438.6 434.9
796.9 790.2 774.9 762.2 756 753.1 751.6 748 747.5 747.4 752.5 759.8 769.3 782.6 792.1 802.6 813.5 823 826.3 806.5 781.7 752.1 705.9 649.5 595.5 567.1 548.2 531.9 513.2 502.1 487.3 476.1 466.2 451.7 438.1 425.8 416.1 407.3 399.4 389.7 388 380.6 370.8 360.6 352.3 349.7 346.2 341.1 336.4 333.4 332.7 330 324.9 320.2 319.2 317.9 314.8 310.5 300.8 296.2 304.2 304.1 308.1 312.2 314.7 320.5 326.2 332.9 341.1 353.3 368.3 382 397.5 413.7 421.4 424.3 423.3 421.5
779.6 771.8 760.1 749.2 738.7 734.5 731.6 727.8 726.6 728.3 734 741.6 751.6 762.8 773.8 785.4 796.5 806 797 750 729.9 707.3 672.5 622.7 569.4 548.4 527.8 508.8 493.2 480.3 469.1 461.3 449.5 439.8 429.1 421.4 412.9 402.3 393.8 385.8 380.4 373.4 365.4 359.5 350.4 347.5 347.6 340.8 332.8 328.4 327.3 323.7 319.2 315.2 313.2 311.5 308.8 307.6 298 293.3 296.3 300.3 301.7 310.1 309.2 314.9 320.1 326.6 332.8 344.6 358.2 368 389.4 401.5 401.2 402.3 403 404
764.6 755.6 746 735.4 721.4 713.5 709.6 706.6 705.7 706.5 714 723 734.9 748.6 760.6 772.2 783.4 793.3 801.7 785.9 735.6 666.3 634.6 597.8 564.3 531.4 514.1 500.5 481.8 469.2 454.7 448.9 442.9 434.7 426 414.9 405.8 397.8 389 383.3 378.7 366.4 359.7 356.9 351.2 347 346.7 337.1 328.1 323 320.2 319.9 314.4 310.5 306.8 305.1 306.8 302.7 299.1 293 291.3 295.7 300.3 302.8 307.1 311.4 315.9 319.7 324.9 332.4 340.6 350.8 364.6 379.9 382.3 378.5 377.7 378.7
749.4 740.5 731.1 719.9 704.5 694.2 688.6 686 684.4 688.4 696.1 706.7 720 733.8 747.3 758.9 769.9 779.9 786.4 778.2 704 645.8 602 574.3 550.7 522.1 504.1 489.6 477.7 463.5 447.9 438.4 432.8 427 419 409.6 401.5 394.1 384.3 377.7 373.7 368.5 359 354.4 351.1 346 336.6 329.7 325.9 321 318.6 316.1 311.6 306.4 302.1 299.8 303.9 301.3 297.9 293.3 287 291.5 293.3 296.9 303.7 307.5 310.5 313.1 316.2 320.5 325.5 330 340.3 350.6 354.7 354.6 354.9 357.3
730.6 721.5 709.1 694 681.2 671.9 669.2 666.8 665.8 670.7 678.5 688.7 703.7 719 733.3 745.5 756.5 764.5 770.4 761.5 701.6 632.7 589.5 561 537.6 512.1 490.8 478.8 471 451.9 436.9 427.8 422.3 417.2 409.6 401.9 393.9 387.5 379.2 372 370.5 366 354.7 348.3 347.4 343.3 337.7 330.4 324.8 318.7 314.4 310.2 307.3 303.1 298.3 297.9 297.6 296.8 294 292.2 283.5 286.7 290.7 296 299.2 308.3 310.4 307.1 307.5 309.1 311.9 316 319.1 322.3 326.3 329.9 333.7 337.7
706.5 695.8 676.6 666.8 658.8 652.4 650.6 648.2 647.5 653.1 662.4 671.8 688.2 704.3 719 731.9 742.7 752 761.7 763.4 710 636.8 588.4 555.5 529.1 506 485.8 467.5 455.7 442.4 430.5 419.6 415.4 410.4 403.8 395.3 385.9 378.4 372.5 367.6 363.1 356.9 350 341.7 339.6 341 339.5 331 327.4 319.5 313.1 308.1 303.6 302.5 298 294.7 290.1 288.9 289 286.4 281.3 281.8 288.7 294.2 299.7 305 305.6 305.3 301 300.3 300.7 301.8 304.1 306.7 312 315.5 319.7 324
680.5 667.1 655.1 645.7 637.7 635.3 633.9 633 628.9 638.6 647 656.2 674.1 690.7 704.8 718.7 729.5 743.4 753.9 760.7 745.5 663.6 593.4 559.1 530.5 509.6 490 473.6 458.5 444.2 433.1 421.4 413.6 407.3 400.9 389.3 377.7 368 364.6 361.5 359.4 353.9 349.5 338.8 337.5 336.1 330.9 330.5 327.2 319.2 312.8 307.6 302.4 298.5 296.6 295.1 289 287.5 286.5 285.5 281.5 279.9 283.5 288.2 295.7 301.1 301.4 299.8 297.6 294.1 293.9 293.9 293.8 297.2 302.9 306.3 310.8 315.8
652.6 644.8 638.5 630.2 622.6 619.8 619.2 615.5 617.4 625.8 633.7 646.1 662.3 679.1 693.2 707.7 720.4 735.2 747.8 760.9 742.9 697.8 629.5 576.6 545.8 524.1 499.6 485.2 476.5 462.5 451.5 433.4 417.6 404.8 395.5 384.4 372 363 357.4 352.4 352 350.7 346.6 339.6 334 328.4 323.7 321.3 318.4 313.9 310.5 309.3 302.2 296.9 291.7 292.4 287.2 284.1 283.2 282.6 281.4 281.2 279.2 281.1 288.9 293.9 295.2 293.4 289 287.5 286.1 284.1 284.8 291.2 294.1 299.5 304.8 310.7
636.3 630 624.1 617.7 610.4 606.5 605.2 599.7 606.8 616.8 625 636.4 653.3 669.4 684.7 698.8 712.4 728 742.8 756.6 765.8 747.6 691.9 616.9 580.5 553 538.8 520.6 503.1 491.1 472.6 453.1 431.4 408.3 400.6 381 367.2 359.1 352.3 348.8 346.6 343.2 338.7 334.7 330.4 324.2 319.2 315.6 312 307.4 304.9 303.2 299.4 299.3 290 289.3 285.6 282 280.1 280.7 281 278.3 274.2 272 284.4 287.6 288 287.2 284.2 281.8 279.3 276.9 277.2 280.4 286.1 291.9 299.3 305.2
625.7 616.7 610.5 604 597 592.7 587.3 588.6 599.3 607.7 615.5 627 644.5 660.7 675.4 690.1 705.1 721.2 736.9 751 764.2 773.6 741.1 698 654.7 626.9 611.3 597 579.1 559.9 524 488.6 455.1 432.7 409.1 385 364.9 356.2 348.4 343.4 339.2 337.1 333.4 329.9 326.4 320.4 315.8 312.9 308.4 303.3 299.7 293.8 291.4 287.8 286.5 287.6 284.4 278.7 279.3 276.2 276.2 272.3 270 269.6 280 283.2 284 281.4 279.2 275.8 273.4 271.2 272.1 270.7 277.1 282.3 289.5 294.9
614.7 606 597 590.6 584.1 577.9 569.4 578.9 587.9 595.8 606.8 619.5 635.8 651.6 666.1 680.5 695.1 710.6 727.2 742.5 758.1 772 782.5 765.5 741.2 704.7 692.9 677.7 654 624.7 591.2 545.6 495 455.5 417.2 388 367.3 356.3 347.4 337.3 332.4 330 326.6 321.6 319.9 315.7 311.7 309.4 305 300 296.3 290.4 287.1 283.9 279.9 278.2 275.7 275 272.6 268.4 268.5 270.7 268.9 269.5 275.6 280.7 278.4 276.5 273.5 271 268.8 266.8 266 266.1 268.8 273.5 279.3 285.9
603 595.5 586.4 578.3 571.7 565.5 559.5 567 575.1 583.9 596.3 611.8 626.7 642.4 656.4 670.9 685.4 700.2 715.5 731.5 750 765.7 780.5 793 786.4 765.1 743 719 684.1 644.9 606.5 568.9 518.2 473.1 427.6 392.7 368.7 351.1 341.2 330.8 329.2 324.1 313.8 309.6 307.5 306.4 306.1 301.7 297.9 294.2 289.7 285.2 282.1 279.8 278.6 274.6 271.5 270.1 267.9 265 265.5 265.6 264.6 267.1 271.7 275.5 272.6 269.5 268.6 266.8 264.6 263.4 262.1 261.2 263.2 266.2 271.5 278
590.6 582.3 574.5 565.8 559.9 554.3 548.3 556.6 564.5 572 587.9 603.4 618.4 633.9 647.3 660.9 675.2 688 702 719.3 738.7 755.6 768.2 781.4 762.4 750.9 735 718.8 675.9 631.3 593.1 560.2 520.4 489.6 447.2 401.8 368.6 350.9 339.8 333.8 323.6 309.4 303.5 302.7 301 299.3 296.6 294 290.6 287.1 283.4 280 276.9 274.9 272 270.3 267.1 265.5 264.7 262.6 262.6 260.9 259.9 262.6 265 265.8 266.1 263.5 262.8 262.1 260.9 259.5 258.4 257.6 258.3 262.9 267.7 272.2
577.1 568.9 561.5 553.4 546.9 541.8 540.3 548.7 555.6 565.1 580 595.6 607.6 622.4 636.1 649.5 664.2 675.1 686.8 704.9 724.9 743.9 755.9 753.8 720.8 713 705 690.8 650.5 600.9 565.3 536.4 502.2 468.9 440.4 399.3 362.9 340.5 329.1 315.9 303 297.9 294.9 297 296.4 293.4 290.6 289.1 285.3 282.2 279 275.3 272.1 269.8 266.8 265.1 262.8 260.9 259.2 260.1 259.3 258.7 260 259.7 259.8 258.8 258.2 257.7 256.6 255.8 255.8 255.6 254.7 254.5 255.6 258.2 262.3 266.4
562.3 555.7 548.2 542.9 538.9 531.7 533.3 541.2 547 559.2 573.8 588.4 599.1 611 622.7 636 649 659.3 670.8 688.7 709.2 727.2 734.2 711.4 682.5 674.6 668.7 660.6 619.6 573.2 537.4 512.3 482.9 447.6 414.9 386.7 351.6 326.9 313.8 301.1 292.2 289.4 288.8 292.9 291.9 288.9 287.5 283.9 281.3 278.3 275.3 271.5 268.2 264.6 262.2 260.7 259.1 258.3 257.5 257 256.5 256.5 258.4 259.7 260.3 257 255.1 254.2 252.7 251 250.5 251.4 251.7 251.8 252.3 254.3 258 262.1
546.5 542.5 533.8 530 527.1 520.9 525.6 533.1 540.7 554.2 567.7 581.6 589.9 597.8 607.8 619.7 632.1 644.1 655 672.5 690.2 707.6 706.9 675.1 648.5 638.4 631.9 628.3 595.8 550.7 510.1 486.3 455.5 422.1 391.6 364.8 333 312.3 301.4 292.1 286.1 284.1 284.3 286.5 287.5 284.3 282.2 279.8 278 274.6 271.6 267.6 264.1 259.8 258.6 258.3 256.5 255.2 255.7 256.1 256 255.7 256.7 256.7 256 253.7 251.8 250.9 250.5 249.5 250.8 249.8 249.1 249.9 249 251 253.7 257.8
528.3 525 520.9 517.2 515.8 508.8 516.7 523.6 536.7 549.8 563.2 571.9 578.2 585.2 593.4 603.2 615.7 627.8 639.1 653.8 671.5 683.6 665.7 637.6 616.6 604 598 593.1 571.6 532.1 489.6 462.8 429.2 393.3 366.2 339.1 315.5 299.5 291.4 285.7 281.8 279.3 279.2 280.8 282.3 279.9 277.9 275.8 274.6 271.5 268.1 264.4 260.6 260.5 258.8 255.5 252.2 250.7 250.8 251.5 253.9 254.7 255 253.9 251.7 250.5 249.2 248.5 247.8 249.2 249.9 248.8 247.9 247.1 246.7 247.7 249.7 253.3
509.7 511.4 508.2 505.8 504.9 497.7 509.1 518.8 531.9 544.4 556.5 563.1 567.5 574.5 578.9 586.4 599.2 611.5 624.1 637.4 645.9 650 628.6 601 583.1 573.6 568 565 546.5 516.2 473 438.3 400.5 367 341.6 319.8 303.8 291.3 285.1 279.8 277 274.9 274 275.5 276.7 275.6 273.6 271.6 270.7 268.8 266 263.7 261.7 259.9 255.3 251.8 249 249 250.6 251 251.2 252.6 251.7 252.3 250.9 249.4 247.1 246.2 245.7 246.6 246.9 246.8 246 245.2 244.4 245.2 246.7 249
