data/NH39.asc
ncols 200
nrows 200
xllcorner 230000
yllcorner 890000
cellsize 50
[rows 140 to 174 of 200, columns 78 to 155 of 200]
363.7 358 350.3 341.2 333.6 329.2 330 330.9 332.7 335.8 341.5 347.3 353.9 361 368.1 373.7 379.3 384.9 390.4 396 400.1 401.7 402.2 400.6 399.7 397.2 394.5 391.7 388.9 386.1 383.5 387.8 392.6 398.4 405.4 412.3 419.1 425.5 431.1 435.7 439.4 441.3 442 438.7 433.5 427.7 419.4 413 406.9 401.7 397.7 393.4 389.1 384.6 379.6 374.9 372 368.6 363.3 359.7 356.9 353 349.3 345.5 342 338.5 336.9 337.6 345.7 356.7 367.6 378.5 389.9 396.2 401.9 402.4 398 393.4
384.4 379.3 368.2 354.2 342.8 337.4 338.6 339.2 337.9 342 346.7 352.4 358.2 365.3 371.2 376.1 381.6 387.2 392.7 398.3 401 402.7 404.3 403.7 402.9 402.7 400.1 397.3 394.6 391.9 392.3 395 400 405.8 412.7 419.7 426.7 433.7 439.2 443.7 448.3 451.6 449.6 445 439.4 429.7 419.9 412.9 406.6 400.2 396.1 391.8 387.5 383.2 378.1 374.9 372 368.9 363.6 358.7 355 351.3 347.6 343.8 340.2 338.8 337.9 340.9 353.9 364.7 375.6 386.4 396.7 402.4 408.2 412.5 411.1 406.1
406 399.7 383.3 369.4 356.5 349.6 344.6 343.2 346.1 350 354.2 358.4 363.4 369.5 373.6 378.4 384 389.5 395.1 399.6 402.8 404.5 406.1 406.9 406.2 406 405.8 403 400.4 400.7 401.1 402.2 407.4 413.2 420.1 427.1 434.1 440.9 448.4 452.7 457.4 461.8 458 452.4 443.4 432.3 422.6 410.1 402.2 397.3 393.5 389.8 386 381.7 377.8 374.9 371.1 366.9 363.1 356.6 352.8 349.1 345.5 341.8 339.2 338.4 338.6 350.3 361.4 373.7 384.5 394.7 404.7 412.4 417.9 419.7 419.9 418.3
428.8 419.3 399.4 385.4 371.9 360.5 353.2 352.2 354.5 358.1 362.3 366.3 369.9 372.4 375.9 380.8 386.3 391.6 396 400.4 404.7 406.3 407.9 409.5 409.5 409.3 409.1 408.8 409.1 409.4 409.7 410.7 414.8 420.5 427.5 434.3 441.1 448.3 457.4 462.5 466.8 466.8 462.4 458 448.2 435.7 423.6 409.4 399.6 395.8 391.9 388.1 384 380.1 376.5 370.9 366 361.8 358.8 354.6 350.6 346.8 343.1 340.4 338.5 340.3 345.8 358.1 370.2 382.4 392.6 402.7 412.8 422.4 425.1 426.9 426.9 425.6
438.1 427.1 416.3 396.9 383.9 371.1 366.7 365.2 367.5 366.1 367.4 370.2 373 375.7 378.3 383.1 388 392.4 396.8 401.2 405.7 408.1 410.2 413.1 415.2 415.2 415.2 417.1 417.5 417.8 419.2 420.7 424 428.1 434.5 441.3 448 456.2 465.3 470 472.3 473.1 467.5 462.4 451.8 437.2 422.1 408 398.4 394.4 390.3 386.3 382.4 378.5 375.6 372.6 367.8 362.3 357.4 352.5 348.4 344.5 341 339.9 340.6 347.8 353.1 366.6 379.1 391.1 400.8 410.7 420.8 428.9 434.9 436.7 436.4 434.9
438.7 431.9 422.4 403.6 392 384.4 381.4 377.7 375 374.3 373.1 375.2 376.8 379.2 381.8 385.4 390 394.5 399.1 403.6 408.2 412.2 415 417.8 420.1 421.6 422.2 425.1 426.1 427.6 429.1 430.6 433.7 438.3 443.3 448.3 455 462.8 469.4 473.4 476.7 478.9 470.6 459.3 445.6 434.3 419.2 406.1 396.6 392.6 388.5 384.7 380.8 377 374 371.1 368.2 364.8 359.7 354.6 350.6 346.2 341.9 339.4 347.2 354.3 360.4 373.9 387.4 399.6 409.2 418.9 427.7 433.8 439.8 444.6 445.8 443
435 430.6 417.9 406.8 401 396.9 393.7 389.5 384.2 380.9 379.4 380.5 381.9 383.4 385.7 390.3 394.1 398.6 403.1 407.6 412.1 415.9 419.8 422.5 424.8 427.3 430.9 434.5 437.2 438.4 439.6 440.8 443.4 448.4 453.4 456.7 459.7 466.3 472.4 474.8 476.7 474.4 463.7 451.7 439.4 428.3 416.8 404.9 394.8 390.8 387 383.1 379.2 375.5 372.5 369.6 366.7 364.3 358.1 354.3 350.4 347.5 344.6 345.2 351 359.5 368.1 382.9 398 407.2 415.5 423.8 431.2 437.3 443.4 449.3 449.5 447.9
428.5 425.2 418.8 413.5 411.2 408.8 405.8 400.6 394 387.4 385.9 387.1 388.1 389.1 390.4 395.2 399 402.9 407.1 411.7 415.9 419.7 423.7 429.4 432.9 436.5 440.8 445 448.4 450.9 451.9 452.2 452.2 455.2 458.1 461 463.6 468.9 470.7 472 470.3 466.8 455.4 444.3 433.3 423.5 414.4 402.9 393.3 389.3 385.4 381.5 377.7 374 371 368.1 365.2 362.9 358.3 349.7 348.4 348 347.8 353 358.6 366.2 378.3 392.1 403.1 410.4 418.7 426.6 433.9 440.8 444 446.9 448.5 445.2
423.6 420.4 420.9 418.7 418.9 417.1 413.5 407.4 400.9 394.4 391.3 392.1 393.1 394 396.3 400.1 404 407.8 411.6 415.7 419.9 424.7 429.5 435.6 442.1 445.7 449.4 454.8 458.9 460.8 459.6 459.2 458.9 459.5 462.4 465 465.7 466.1 467.3 468.6 465.1 458.3 450.8 440.2 429.2 419.4 410.6 400.3 392.5 388.1 383.8 380 376.1 372.5 369.5 366.6 363.7 361.5 357.5 348.8 348.7 348.5 353.1 359.6 365.3 375.9 388 399.8 406.9 414 421.8 429.3 434.5 437.4 440.7 443.5 443.7 441.7
417.8 422.2 423.5 425.8 426.7 423.6 420.3 413.9 407.3 400.8 398.2 397 398 398.9 402.2 406.1 409.5 413.3 417.1 420.9 425.6 430.4 435.5 441.8 448.3 454.9 458.5 463.5 467.6 467.1 466.5 466.3 466 464.8 463.5 463.4 463.2 463.2 463.7 461 456.7 449.3 441.8 434.3 425.1 415.6 406.7 397.6 391.6 387.2 382.9 378.5 374.5 371 368 365 361.5 358 355.4 349 348.3 352.6 359.2 366.2 374 385.6 397.3 405.5 412.2 418.8 423.7 428 431.7 433.9 437.3 438.2 437.6 436.1
414.3 422.1 427.7 429.9 431.2 428.6 426.1 420.2 413.7 407.2 405 403.8 402.9 404.4 408.7 412.2 415.6 419 422.7 426.6 431.3 436.1 441.5 448 454.6 461.1 467.7 472.1 473.4 471.9 469.8 468.5 467.1 465.4 462.1 461.7 461.2 460.8 457 452.5 448.4 440.8 433.3 425.8 418.8 410.8 402 394.1 389.5 385.4 381.3 377.2 373.1 369.2 365.7 362.2 358.5 352.5 349.4 349.1 351.8 359.8 369.3 375.1 386.3 398.4 406 411.8 416.6 422.2 425.1 425.7 429.4 430.5 431.3 429.3 428.6 426.8
412.9 422 431.1 433.8 434.7 432.2 429.7 424.2 418.6 415 411.8 410.3 409.2 410.8 414.9 418.3 421.7 425 428.4 432.3 437 442.1 447.7 454.2 460.8 467.3 473.7 476.8 475.5 474.1 472 469.6 468.1 465.3 462 460.3 458.3 455.1 449.8 444.6 440.2 432.9 425.9 419.1 412.3 404.9 398.4 391 386.5 382 377.6 373.5 369.4 365.3 361.3 357.8 353 349.4 349.9 349.8 357.6 365.9 374.7 387.2 397.9 407.6 413.3 418.8 421 425.4 426.5 426.1 427.7 425.3 423.9 420.8 419.4 417.5
415 423.6 432.3 437.4 441.2 438.7 436 431.1 427.6 424.1 420.6 417.1 417.3 418 421 424.6 428.3 432 435.9 440.7 445.2 449.2 454 460.1 466.3 472.5 478.8 479.2 477.4 476.2 474.3 471.9 467.4 462.9 459 455.3 452.3 448.3 443 437.8 432.3 426.1 419.4 412.7 405.6 399.9 394.7 388 383.5 379 374.5 370 365.7 361.6 357.6 355.1 349.1 350.3 350.6 355.4 362.4 373.4 388.8 398.9 408.2 414.6 420.1 423.8 425.9 428.4 428 427.6 426.3 422.8 419 412.8 410.1 408.2
417.9 427.3 436.6 443.7 448.2 448.2 445.8 441.8 437.4 433.3 430.3 428.1 428.2 428.6 429.4 433.1 436.8 441.5 446.3 451 454.7 458.5 463.2 468.4 474.5 479.7 481.2 480.9 479.6 478.1 473.5 468.8 463.9 458.7 453.5 449.5 446.3 441.4 436.1 430.3 424.6 418.8 412.4 406.1 400.1 394.9 389.7 384.9 380.4 375.9 371.4 366.8 362.3 359.7 357.3 353.9 350.4 353.1 358 362.7 369.8 385 400.4 408.3 414.4 421.2 426.8 428.9 431.3 431.6 430.5 429.9 426.1 422.6 417.7 411 405.2 400.5
427.2 436.3 445.4 453.7 460.4 462 460.1 456.8 452.4 447.7 443.7 440 439.1 439.4 438.9 442.4 447.1 451.9 456.6 460.8 464.2 467.8 472.6 475.9 480 482.1 481.5 480.9 479 474.6 470.2 465.5 460.5 455.3 450.1 444.9 439.8 434.1 428.3 422.6 416.8 411 405.4 400.3 395.1 389.9 384.7 380.6 376.6 372.3 367.8 363.3 359.9 358.2 357.2 354.4 354.9 358.3 363.7 369.6 381.7 396.5 408.4 416.5 422.6 428.2 432.1 434.6 436.2 435.2 434.3 432.4 429 425.7 419.2 412.3 405.3 398.4
443.1 447.4 462.5 477.3 481.8 476 474.2 471.7 467 462.2 458.4 456.9 455.5 454 454.8 458.2 461.6 466 469.8 472.7 473.1 474.8 476.8 480.3 481.7 481.7 480.6 480.6 475.7 471.2 466.8 462.1 457 451.8 446 439.4 433.2 427.7 422 416.2 410.4 404.7 400 395.3 390.1 384.9 379.8 376.1 372.5 368.3 364 361.3 359.3 358.6 358.1 357.1 359.6 363.1 369.2 377.9 394.4 406.8 415.7 424.7 430 434.6 438.1 440.5 440.2 439.4 438.6 435.6 432.1 427.8 420.8 413.9 406.8 399.8
456.6 466.3 479 492.1 494.2 488.5 485.8 483.9 481.4 476.9 475.4 473.9 472.4 472 472.1 475.4 477.4 478.3 482 480.5 479.4 480.9 481.5 480.3 480.6 480.8 479.2 476.4 472.2 467.6 463.3 458.7 452.5 445.8 439.1 432.4 426.6 421.1 415.7 409.9 404.2 398.4 393.6 390 385.1 380 375.3 371.6 368 364.2 360.8 360.4 359.3 359 359.2 360.8 364.3 368.1 376.5 391.9 405.7 413.9 422.6 431.2 436.1 440.7 444.1 446.2 445.3 443.9 442.3 438.8 435.3 429.2 422.2 415.2 408.2 401.2
463.2 475.1 486.2 495.8 497 494.4 494.4 493.9 493.5 492.5 492.3 490.8 490.2 490.2 489.1 488.7 489.4 490.3 491.3 487.9 483.7 482.7 481.6 479.6 479.3 478.2 475.6 472 467.8 463.7 459.5 452.4 445.6 438.9 432.2 425.5 420 414.5 409 403.6 397.9 392.2 387.2 384.1 379.8 375 370.8 367.1 363.5 360.9 359.7 359.3 359 358.8 363.2 368.2 368.9 376.2 390.8 403.4 413.6 420.4 429.1 437.8 442.5 446.7 450 451.8 450.7 448.6 445.8 442.4 436.9 430.4 423.5 416.5 409.5 402.5
466.2 480.1 487.4 491.6 491.9 495.8 498.1 498.3 498.5 503.8 507.5 506.9 504.7 503.7 503 501.2 498.1 495.5 491.4 489.8 487.2 483.4 481.3 479.3 477.3 474.1 471 467.6 463.1 457.4 451.7 445.5 438.7 432 425.3 418.8 413.4 407.9 402.4 397 391.5 385.9 380.9 377.8 374.3 370.6 368.4 365.8 363.1 360.8 359.5 358.8 358.8 369 367.5 374.2 381.2 390.4 401.6 414.5 421.6 428.2 435.6 444.3 449.1 453 455.7 457.4 454.6 452.4 449.5 444 437.7 431.4 424.6 417.7 410.8 403.8
466.8 474 480.1 485.3 490.3 493.6 497.8 500.8 506.8 512 515.4 514.6 515.3 512 507.9 502.5 498.4 495.7 492.3 488.3 484.8 481.9 477.4 474 470.8 468.2 465.6 461.1 455.4 449.7 444 437.4 431.6 425 418.4 412.2 406.8 401.3 395.8 390.4 384.9 379.4 375.2 373.1 371.2 369.1 367.2 365.4 362.7 361 359.4 359.9 360.4 370.2 373.8 382.1 391.2 401.4 412.5 422.8 429.5 436.1 442.7 450.8 455.6 459.3 462.7 463.3 460.1 456.9 451.1 444.8 438.5 432.2 425.7 418.8 411.9 405.7
461.8 467.9 473.1 478.3 483.6 488.9 493.7 500.4 507.2 514.8 519.1 522 520.3 515.7 510 504.3 499.5 493.3 488.2 484.8 481.4 476.4 470.8 466.9 463.6 460.9 457.7 452.8 447.6 442 436.3 429.7 423.5 417.7 411.4 405.6 400.2 395 390.2 385.4 380.5 377.2 373.2 371.1 369.4 367.6 365.9 364.3 362.9 363.9 364.5 369.6 367.9 374.2 383.2 392.8 403.3 413.7 423.4 430.7 437.4 444 450.6 457.3 461.9 465.5 469.1 469.6 466.3 462.4 452 445.7 439.4 433.1 426.8 421.2 417.5 407.4
455.6 461.7 466.9 471.6 476.5 482.7 491.9 499.3 505.9 514.5 523.2 527.7 526.5 517.9 509.4 503.2 495.2 488.2 484.6 479 474.5 470.1 465.3 459.8 456.3 453.7 449.2 444.4 439.5 434.2 428.5 421.9 415.3 409.6 404.6 400.9 396.1 391.3 386.5 381.6 377.7 375.3 371.2 370 369.9 369.9 368.3 366.7 367.3 369.4 370 374.3 382.7 382.6 394.3 404.6 415.5 426.1 433.9 439.6 445.6 452.2 458.8 465.1 469.1 472.5 475.8 475.4 471.1 464.6 454.6 446.5 440.2 433.9 427.5 420.9 416.4 408.2
449.3 455.3 460.5 465.5 470.8 479.7 489.3 498 507.7 519.4 529.6 534.9 532.9 522.6 511.2 499.7 491.2 481.6 476 471.6 467.2 462.8 458.4 454 449.2 445.7 440.8 435.9 431 426.1 420.8 414.2 408.5 403.2 398.4 393.8 392.4 387.5 382.7 378.2 377.3 373.3 371.2 370.6 370.8 371 370.7 369.7 371.9 374.2 377.6 381.6 391.6 395.4 406.4 416.5 426.7 437.2 443.8 449.5 455.2 460.9 466.7 472.8 477.1 480.3 483.2 480.6 475 466.8 458.3 447.4 441.1 434.6 428 421.4 414.6 406.7
442.9 448.9 455 462.5 471.6 480.4 489.9 499.5 510.8 522.3 533.9 541.2 537.1 530 508.4 495.7 485.2 473.3 468.9 464.6 460.2 455.9 451.6 447.2 442.7 437.5 432.6 427.7 422.8 417.9 413.2 408.5 403.3 397.9 392.3 387.6 383.8 382.8 379 377.8 376 373.8 371.7 371.2 371.4 371.8 372.6 376.7 376.6 380.3 387 393.8 402.2 409.7 418.5 428.6 438.2 446.1 453.2 459.5 465.2 470.9 475.9 480.4 485.1 488.2 488.3 485.6 478.7 471.2 461.9 450.3 441.1 433.8 426.8 419.1 410.6 402.1
438.3 449.6 458.5 466.1 475.2 484.3 493.4 504 516.3 528.5 537.6 543 538.3 521.2 502.8 490.4 477.9 467.9 463.5 459 454.5 450.1 445.6 441.2 434.7 429.4 424.8 419.9 415 410.1 406.5 402.3 398 392.8 387.1 381.4 378.7 378.7 378.5 377.7 377 374.7 372.5 373.3 373 373.5 375.9 381.2 387.1 390.3 396 404.4 412.4 420.3 429 438.5 448 457.3 462.7 469.2 475.3 481 486 490 491.2 490.6 490.9 487.6 481.3 474.5 462.6 449.1 439 431.6 423.1 414.5 406 397.6
439.1 450.4 461.1 469.7 478.8 488.5 500.6 511.5 524.4 531.9 539.1 536.8 528.3 511.6 497.2 483.1 470.5 461.9 457.4 453 448.5 444.1 439.6 433.3 426.6 421.1 417.1 412.2 407.3 403.2 399.8 395.6 391.4 387.5 382 379.8 378.7 378.7 378.5 378.8 378.2 376 377.8 380.4 379.5 378.4 382.3 389.5 397.4 400.7 406.3 414.7 422.6 430.7 439 448.4 457.9 467.2 474.4 479.6 485.2 490.9 493.5 493.7 493 491.4 491.3 485.1 477.3 469.3 457.5 445.7 435.5 427 418.5 409.9 401.5 393
439.9 451.1 462 475.2 489.2 501 511.6 520.3 529.8 534.3 536.7 529.2 518 502.8 487.5 475.8 463.9 456.1 451.4 446.9 442.5 438 431.9 425.2 418.4 413.5 408.5 404.4 399.6 396.6 393.1 388.9 384.7 380.6 380.4 379.5 378.7 378.7 378.7 379.8 379.4 378.4 383.8 387.3 385 384.3 390.5 398.3 406.2 411.2 416.7 424.9 432.9 441.1 449.5 458.4 467.8 477.1 486.2 491.3 495.7 496.3 496.8 496.4 495 492.3 487.7 480 472.2 464.2 452.8 442.4 432 422.4 413.9 405.4 396.9 389.1
441.6 454.2 467.8 480.9 493.7 507.4 517.9 526.5 531.3 531.4 530.8 521.7 508.6 493.4 478.2 469.1 458.5 450.7 445.4 440.9 436.5 430.5 423.8 417.1 410.5 405.9 399.4 396.6 393.1 390.1 387.4 385 382.6 380.4 379.8 380.2 381.1 381.6 381.1 380.7 380.7 384.4 389.4 391.8 390.2 394 400.1 407.2 415 421.7 427.2 435.2 443.2 451.6 459.9 468.4 477.7 487 492.8 497.4 500.1 499.4 498.7 495.1 490.4 486.2 481.7 475 467.2 457.7 447.1 436.3 426.4 418.4 409.3 401.8 394.5 387.1
443.3 456.2 471 485.8 497.7 507.6 517.7 525.3 530.1 531.1 524 514.3 499.2 484 471.4 464 454.2 444.9 440 434.9 429.1 422.4 415.7 408.9 402.6 398.3 393.6 393.2 392.3 390.2 389.5 387.2 384.4 384.2 384.2 384.9 385.9 385.6 386.3 386 384.8 388.3 391.8 394.6 396 403.5 411 417.5 423.9 431.7 437.6 445.4 453.7 462 470.4 478.7 487.8 493.8 496.7 500.5 497.8 495.2 494.5 489.8 485.1 480.3 475.6 469.9 459.3 449.1 439.8 428.6 417.8 411 405.4 398.5 391.6 384.6
441.5 454.4 469.7 483.7 494.3 504.6 515.1 520 523.9 522.2 514 503.1 489.6 474.6 465.6 458.2 449.9 440.7 435.4 427.6 421.3 414.6 407.9 402.2 397.4 394.4 391.9 392.2 391.7 390.6 390.5 389.8 389.7 391.5 393.2 392.9 391.8 391.9 392.7 392.1 391.5 392.4 394.7 397 403.4 411.2 419 426.5 433.7 441 448.1 456 463.5 471.9 480.4 488.8 494.4 498.7 501.3 498.8 495.6 491.7 490.3 484.7 479.9 475.1 466.5 458.6 450.4 440.4 432.4 421.5 410.3 405.1 402 395.7 389.4 382.8
441.3 452.5 468.2 478.8 489 499.1 507.2 513.1 515 512.4 505.4 493.7 482 467 459.6 452.2 445 436 426.1 419.3 415 409.2 404.2 399.1 394.3 391.5 390.6 391.1 390.7 392.8 394.6 399.4 400.3 401.2 402.4 403.4 401.1 400.4 399.7 398.1 397.3 400 401.9 406.1 411.9 420 427.1 434.5 442 450.8 459.7 466.8 474.5 481.6 489.6 497.7 501.3 499.9 497.4 495 492.2 489 486 480.1 474.7 466.1 457.3 448.5 440.1 432.4 423.9 415 406.9 401.9 399.1 393.2 386.9 380.7
440.3 449.8 461.7 471.4 479.7 489.1 498.1 503.3 505.7 501.7 496 485.4 474.7 462.1 452.8 446.1 438.4 432.2 426.1 420.1 411.2 405.8 400.9 395.9 391.7 392.2 391.9 393.9 396.3 400.1 404.3 411.9 413.1 413.2 413.7 415.7 411.3 410.7 411.1 407.5 403 404.6 408.1 415.3 419.5 428.5 437.1 444.2 452.5 462.3 471.9 478.4 485.6 492.7 499.8 501.8 501.9 498.9 495.4 492 488.7 483.7 478.1 472.7 465.5 456.7 447.9 439.7 432.9 425.9 419.6 415 408.4 399.7 395.9 390.6 384.3 378.3
436.5 445.4 454.6 466.1 474.3 482.6 489.1 492.2 494.2 491.8 486.3 479.4 468.8 456 448.5 441.6 432.1 424.5 417.5 411.5 407.3 402.8 398.6 394.5 394.8 396.1 399.5 402.7 403.4 407.3 414.4 422.7 427.3 425.7 428.8 433.7 428 423.7 420.6 416.1 409.9 410.3 415.1 422.4 427.4 436.1 445.1 454.1 463.3 474 483.5 491.8 497.2 501.6 504.3 501.8 499.8 498.2 494.3 489.2 484.1 476.3 469.7 464.2 455.8 447.9 441 434.2 428 422.8 418 413.7 409.2 398.9 393.1 388 383.3 379.1
432 441 450 460.5 468.9 477.4 482.6 484 484.1 481.9 477 470.4 462.9 454.6 446.4 438.8 430.6 422.7 414 409.1 406 402.3 398.2 396.8 398.8 403.2 407.4 411.2 414.1 421.5 430 443 451.1 447 446.1 449.8 442.9 436.6 428.5 424.1 422.4 421.7 425.6 429.4 436.6 443.7 452.7 463.2 474.6 485.2 495.5 501.8 503.9 506.1 504.2 502.3 500.1 495.7 489.3 484.2 479 471.3 463.5 457.2 452.1 447.2 439.6 432.8 427.7 422.2 417.4 412.6 405.6 400.1 395.7 391.4 386.7 381.3
427.5 436.6 445.6 454.3 463.6 472.7 476.1 479 478.9 476.5 471.8 464.5 458.5 451.8 444.5 437.3 429.9 422.4 414.4 408.9 405.2 401.1 398.7 400.1 404.3 408.8 415.6 428.1 436.4 441.5 457.2 470.9 477.5 470.6 462.5 460.6 454.3 443.7 437.1 433.5 432.1 430.9 435.6 440.4 444.2 451.3 462.4 474.3 485.9 496.7 504.7 508.3 510.5 508.4 505.3 502.2 500.2 492.6 485.7 479.3 474 466.2 459.2 453.9 450.3 445.6 439.5 431.4 427 422.9 419.1 414.9 410.4 405.8 401.1 396.7 392.3 387.8
