data/NH44.asc
ncols 200
nrows 200
xllcorner 240000
yllcorner 840000
cellsize 50
[rows 108 to 143 of 200, columns 80 to 159 of 200]
206.8 205.3 203.4 197.3 196.3 203.9 203.7 201.1 196.1 199.3 203.7 206.9 210.6 213.8 215.8 219.7 222.2 224.3 228.8 238 256 264.1 263.8 261.6 258.6 253.6 248.7 243.7 237.7 236.2 224.6 215.6 206.9 198.3 189.5 180.1 171.1 163.3 156.2 149.4 145 145.5 145.2 143.7 141.6 138.8 135.6 131.8 127.5 122.9 118 113.7 110.4 105.6 98.6 100 101.4 100.6 99.2 96.9 94.3 88.9 83.3 78.5 64.6 81.9 80.5 86.6 93.8 99.9 99.2 98.3 96.9 94.8 92.6 90.4 88.2 84.5 77 73.6
211.2 209.9 205.4 199 196.3 202.7 203.7 201.1 199.4 207.3 214.9 218.4 222 224.1 224.9 226.2 227.8 229.6 236.9 247 262.3 264.4 264.6 262.7 259.7 252 243.7 235.4 229.2 224.5 216.7 207 198.3 189.5 182.3 174.9 167.3 159.7 153.3 150.1 150 148.9 148.3 145.5 142.8 139.6 134.9 130.4 126 121.3 116.6 111.7 103.5 101.6 101.8 107.8 106.8 103.1 99.4 95.1 93 90.3 86.4 82.6 81.7 60.8 82 82.9 91 98.7 98.9 98.7 98.2 94.1 91.1 88.2 85.5 81.2 74.5 69.2
216.1 211.2 205.6 199.8 198.7 201.4 202.9 200.5 203.2 212.5 223.8 231.2 235 235 234.2 233.7 234.2 235.7 243.2 253.1 264 265.5 266.2 264.2 258.2 247.4 238 227 215.8 213.9 203.4 197.1 189.6 183.4 177.5 171.1 161.8 158 155.2 154.8 154.1 152.7 151.4 148.2 143.8 138.9 133.8 128.9 124.4 119.5 114.8 108.6 105.5 110.7 110.8 110.8 108.9 103.9 98.2 93.4 90.5 85.6 85.4 83.8 82.3 55.8 79.7 79.7 84.3 93.7 97.8 99.5 98.5 93.6 90.3 87.5 83.9 77.4 70.4 63.6
215.2 210.9 204.6 203.2 204.3 202.4 202.7 201.6 208.3 216.3 229.6 240.1 246.4 246.4 243 241.7 240.1 242.3 250 256.4 263.5 266.4 263.9 255.2 247.9 240.9 232.3 220.9 210.3 200.5 196.8 191.2 183.9 178 171.6 165.4 162.4 160.6 159.2 158.3 157.4 156.1 153.1 148.4 142.8 137.5 132.7 127.8 122.7 116.8 112.4 116.2 114.8 113.3 113.1 110.9 105.9 97.9 94 93.2 89.6 88 85.5 83.6 83.7 53 46.6 49.3 69.1 84.3 92.6 95.3 97.6 93.8 89.4 85.2 77.6 68.2 60.9 49.6
215.6 211.4 206 211.5 208.3 205.1 203.6 208.9 216.2 220.5 231.8 241.8 245.3 246.5 246.4 245.2 243.4 246.1 252.8 255.3 254.3 251.3 248 245.2 239 232.6 224.9 215.7 206.6 198.8 193.1 185.7 178.7 173.4 168.4 166.1 164.5 163.4 162.7 161.8 160.8 157.2 151.9 146.5 140.8 135.6 131.1 126.3 116.8 117.3 121.9 120.6 117.7 115.3 112.3 105.6 99.7 102.5 100.4 97.2 94.1 92.7 93.8 93.8 89.5 86.2 83.5 72.1 34.1 67 84.5 84.9 92.6 91.2 86.2 77 66.9 61.9 54.6 47.7
215.4 210 213.9 215.9 213 209.7 209.1 216.1 223.3 227.8 238 245.1 248.3 248.6 247.8 246.5 245.4 246.6 250.2 247.4 245.8 244.6 242.1 237.2 230.5 224.3 218.3 213.1 205.6 197.1 187.9 180.5 175 172.2 169.2 168.1 166.6 166.7 166.4 164.5 160.1 155 149.5 144.3 139 133.2 126 119.3 122.8 125.2 126.5 120.4 120.8 114.8 106.2 109.5 113 119.8 115 111 106.7 105.5 103.7 102.9 99 94.1 88.8 84.3 76.7 31.4 55.4 71 78.8 77.2 72.7 65.9 57.2 45.5 35.5 27.5
214.8 218.7 220 219 219 217.9 212.1 222.5 228.8 230.1 237.9 244.6 247.5 247.9 248.8 247.9 246.6 248.5 248 242 238.7 239.9 237.8 231.5 224.4 219.9 217.5 213.9 204.3 192.4 184.5 180.7 176.4 173.1 170.4 169.2 169.3 169.7 167.8 162.5 158.1 153.3 148.8 143.9 136.1 124.7 128.9 130 130.6 130.4 127.6 124.5 124.8 117.6 113.8 127 130.1 133.4 131.7 128.2 124 123 118.8 115.6 105.3 96.9 91.1 85.3 81.1 71 46.1 37.7 59 59.2 56 48.6 42.9 30.4 27.1 27.1
224.7 224.2 221.3 221.8 223.1 224.1 216.6 222.7 229.7 233.8 239.1 242.5 246.1 248 248.5 249.1 248 250.8 251.5 240.9 235.8 235.8 231.7 227.3 222.2 221 218.2 211.1 197.8 200.4 189 181.8 177.1 174 171.5 170.2 169.3 167.8 163.7 162 158 152.9 146.7 137.4 128.7 134.7 137.7 136.6 135.3 133.1 128.3 129.6 129.1 120.2 125 141.5 139.9 138.8 140.1 137.8 135.1 130.2 125.3 120.3 116.3 108.4 97.7 90.7 75.6 68.9 65.2 41.3 31.5 47 41.7 29.4 26.9 27.2 29.7 32.5
230.2 223.6 222.3 224.1 226.1 225 218.9 222.2 230.3 238.1 240.7 243.4 246.6 248.2 249.2 250.9 248.8 248.7 244.2 238.2 233.4 233 226.2 222.2 223.6 221.1 214.7 205.7 198.9 197.1 190.9 182.7 176.9 172.7 169.7 166.4 165.5 166.2 166.9 166.6 157.5 149.4 142.1 132.7 137.5 141.6 140.4 139 136.7 131.5 132.3 133.7 130.1 116.8 142.1 149 146.1 145.8 145.9 145 143 137.8 130.1 125.6 123.8 115.4 102.1 83.7 68.6 61.7 56.3 46.4 38.3 29 27.8 26.8 27.4 31.9 33.1 33.1
226.5 223.2 221.1 222.3 223.6 223.4 221.3 222.2 233 240.7 241.7 243.8 246.9 250.8 252.4 251 250.2 247.5 242.1 236.4 230.7 227.2 220.2 219.2 223.7 217.7 207.8 200 194.5 192.1 187.8 181.9 174.4 169.7 167.9 166.7 171.4 173.9 168.7 158.9 152.1 146.6 141.4 140.2 144.5 143 142.5 139.4 135 135 136.3 133.3 123.5 134.4 156.8 156 153.8 151.7 152.1 151 144.3 135.3 128.3 129.3 122.9 109.9 92.8 77.2 60.4 50.4 46.7 43.7 37 28.9 26.5 26.6 32.1 33 32.6 33.3
224 222.2 221 221.8 223.9 223.7 223.3 224.1 235.8 240.8 242.5 244.1 247.4 251.8 251 250.1 248.7 245.5 239.5 232.9 224.7 218.7 210.9 213.7 215 206.2 199.9 193.8 190.2 187.5 183.6 178.1 171 166.8 166.2 167.5 176.6 168.8 159 153.1 149.8 141.7 142.6 152.2 150.7 142.4 141.1 138.8 140.2 137.3 136.7 129.3 133.5 153.7 162.4 163.5 161 158.9 156.5 150.4 144 140.5 124.9 117 108 95.9 81.8 70.4 57.5 49.1 45.9 42.2 36 30.1 26.3 27.2 33.2 33.2 34.8 36.8
223 222.5 221.4 224.6 226.1 225.4 224.6 232.5 239.1 242.8 244 245.3 248.4 251.4 251 248.9 246.8 241.4 235.5 227.9 218.8 209.5 203.2 201.1 198.6 196.2 191.9 188.6 185.7 182.4 177.5 172 165.8 161.6 158 164.5 167.2 158.4 151.1 148.1 144.1 146.2 157.8 159.5 157 152.5 149.9 145.5 142.6 138.9 130.5 135.6 153.5 167.7 172.1 172.4 167.1 161.4 155 148.2 147.1 144.1 130.5 113.1 106.4 94.2 80.1 64.9 57.1 49.2 44.3 40.9 31.5 30.5 26.9 30.4 33.3 36 37.2 38.3
222.4 222 222 224.1 224.7 225.5 225.8 238.2 244.4 247 248 249.3 251.5 251.2 251.4 249.5 246.3 238.4 230.9 222.2 213 205.3 195.7 192.9 190.3 188.5 186.5 183.3 180.3 175.1 170 166 160.6 161.4 160.7 156.6 153.9 155 154 156.3 159.7 160.6 163.1 164.6 161.3 156.8 152.6 148.4 144.5 135.2 143.8 160.6 173.3 180.1 181.2 174.1 166.4 159.2 153.9 152.6 151.6 148.1 139.2 124.6 116.8 102.3 81.5 60.3 53.8 48.5 43.7 41.1 31 26.8 27 34 37.5 39.9 40 46.8
222.1 221.6 221.8 224.1 224.5 225.1 226.2 240.9 246.1 248 254.6 256.2 256.6 251.1 253.8 252.7 245.7 236.7 225.6 215.4 207.8 200.6 191.7 187.9 185.9 183.8 181.3 178 174.3 168.3 166.4 165.5 167.4 169.5 170.1 169.9 170.1 169.7 173.5 173.8 169.2 161.6 170.4 168.9 163.4 158.8 154.7 151 143.4 141 165.4 178.4 186.4 186.7 178.8 168.6 160.7 157.9 157.3 157.5 156.7 153 144.5 133.9 124.9 113.4 94.8 76.6 56.2 49.1 43.7 34.1 28.7 26.7 33.1 40.1 42.6 45.1 48.7 55.4
221.7 221.1 221.6 223.9 224.9 225.5 232.8 240.5 242.4 241 241.3 248.6 248.6 249.5 253.1 246.6 237.5 228.7 219.6 209.5 202.5 194 186.6 184.2 182.1 179.2 175.7 173 172.5 172.7 172.9 172.6 177.9 181.8 183.1 185.6 182.2 176.2 173.4 170 172.4 176.3 174 167.8 162.7 160.5 157 152.6 137.5 159.7 178.3 189.2 193.3 182.8 172 164.7 160.4 160.6 162.1 163.7 166.4 166.2 156.8 142.8 134.1 117.7 107.2 83 67.9 45.6 42.4 31.8 27.7 31.3 41.5 46.7 49.1 53 59.9 66.2
221.3 220.7 221.2 224.4 230.3 235.8 240.1 239.6 236.1 237.9 238.5 240.2 240 243.4 242.9 235.6 226.9 219.6 211 202.1 194.3 186.3 183.1 181.3 179.5 176.1 177.2 178.1 178.6 178.3 178 186.9 192.9 195.1 195.8 195.4 190 187.8 186.8 187.7 185.1 175.7 168.4 163 159.9 158.4 154.8 149 158.2 174.6 186.7 191.7 185.1 173.8 166.9 166.1 164.8 165.6 168.6 174.9 181.8 178.2 165.4 153 137 119.4 106.8 82.6 64.4 45.4 30.2 27.2 32.7 46.4 48.8 53.7 56.2 62.8 69.1 75.4
221.5 219.1 219.8 223.3 232.8 241.3 242.9 236.8 231 231.9 233.1 233 232.4 231.4 229 223.7 217.8 209.2 199.8 192.3 186.6 182.9 181 178.5 176.9 180.1 182.3 184.1 185 188.4 194.7 199.1 202.7 203.4 204.2 202.8 196.7 189.4 194.5 189.9 179.4 171.4 171.7 170.3 165.4 159 160.8 159.7 171.5 185.8 186 183.6 173.7 169.7 168 169.3 170.5 172.2 177.2 187.7 191 185.7 167.3 153.5 135 116.3 99.8 74.1 50.9 26.8 27.1 35.8 47.6 56.7 58.6 59.9 63.1 69.2 74.8 82.6
218.8 217.5 217.1 223.6 233.3 239.8 238.3 232.6 229.5 225.8 221.1 220.1 220 218.8 214.3 209.6 202.9 194.6 190 187.3 184.8 181.4 179.3 177.3 180.5 184.2 187.5 189.9 193.6 198.6 203.2 205.8 209 210.6 212.7 213.6 209.3 197.3 186.5 185.9 177.4 176.4 175.6 174.1 169.9 162.7 161.5 167.1 177.9 182.4 179.6 175 174.8 174.4 173.5 174.5 176.5 179.5 184.3 191.1 191.4 185.6 167.1 151.8 130.5 111.2 87.7 56.9 26.4 26.3 49.6 49.9 56 61.8 63.1 65.6 69 74.6 80.3 87.8
219 216.4 214.5 223.9 234.3 236.2 233.3 229.3 227.7 221.8 211.4 207 207.4 206.4 200.1 195 191.2 187.3 187.8 186.9 183.8 181.6 180.8 182.2 185.1 188.9 192.1 195.9 202.2 206.6 209.6 212.1 213.7 216.6 218.9 213.6 205.4 197.7 189.2 185.8 183.1 179.2 177.7 171.1 164.4 164.1 166.5 170.7 178.2 178.4 181.7 182 178.8 177.9 177 179.2 181.5 184.1 187.3 189.5 187.5 176.7 162.8 143.1 127.1 101.7 78.7 39.3 32.4 48 53 51.5 57.7 64.5 68.1 71.9 76.2 80.9 85.6 91.6
217.8 214.2 214.1 219.8 231.1 231.2 226.7 224.2 221.6 214.3 204.8 198.5 195.6 193.7 190.6 187 185.4 185.4 186.3 187 183.9 184.1 184.8 186.6 190.2 193.8 197.3 205 210.2 210.5 211.7 213.4 213.8 216.8 212.4 206.8 200.7 196.2 192.2 189 182.9 176 168.3 166.5 168.1 167.6 171.2 175.4 184.4 188.8 185.7 183.8 181.5 181.4 180.6 183.4 185.3 187.7 186.9 185.2 181.6 170.7 152.8 136.1 115.4 99 70.6 43.8 42.2 55.6 54.2 56.8 63.5 69.3 73.8 78.1 82.3 86.2 90.7 96.3
216.8 214.1 214.1 218.5 224.9 224.6 221.1 217.5 212 205.7 199.9 194.6 191.2 188 185.8 184.5 184.3 184.2 184.8 187.1 185.9 187.4 189.2 191.4 195.2 200.6 204.7 211.5 212.2 210.1 209.8 211.1 212.9 211.4 206.5 202.7 199.9 196.6 193.3 185.6 176.7 171.4 170.9 170.3 170.2 169.9 173.7 181.1 188.2 189.3 185.6 185.1 183.8 183.6 184.6 186.8 188 190.9 192.9 189.2 180.3 162.8 143.4 122.3 104.6 89.5 63.8 43.6 43.6 57.3 57.6 64.2 70.2 75.9 80.9 86 88.3 92.3 96.7 100.7
216.9 214.9 217.3 219.7 220.1 218 215.2 211.9 206.4 201.8 196.6 192.2 189.1 186.4 185.4 185.4 185.7 185.6 187.6 188.5 189.9 191.7 193.2 194.7 200 205.4 209.7 211.3 208.7 207.1 206.1 208.2 208.1 205.4 204.9 202.9 200 193.2 187.1 179.3 177.4 175.6 174.5 172.9 172 172.2 175.4 182.8 186.9 187.6 187.5 186.6 186 185.7 188.4 190.1 191.3 196.5 197.3 189.5 170.9 153.1 133.9 114.3 96.4 71.7 58.6 43.2 43.5 59 62 70.3 76.4 82.4 88.5 93.4 97.3 99.7 103.6 105.2
207.2 211.5 217.9 218.9 215.7 213.7 211 207 202.9 198 193.3 190.5 188.4 187 187.6 188.1 188.3 190.2 192.2 194.1 195 195.6 197.1 198.3 203.6 211.3 210.5 209.3 207.3 205.5 204.7 204.9 204.6 205.2 203.4 200.4 192.9 187.3 183.9 183.4 182 180.1 177.3 174.9 173.7 175.4 178.1 184.1 189.1 190.2 189.8 188.2 186.5 189 190.7 192.3 193.3 195.8 192.3 181.2 160.4 139.9 120.9 102 84.4 65.3 56.2 43.5 43.2 62.5 67.6 75.4 83.3 89.7 96.2 101.8 106.4 109.9 111.8 109.8
203.6 207.2 210.4 211 209.5 208.7 206.2 201.5 196 193.8 192.1 191 190.2 190.4 190.6 191.3 193.4 193.4 195.5 197.5 197.6 197.7 198.7 202.5 206.6 209.4 210.1 208.9 207.8 205.8 204.1 203.1 201.4 199.1 196.9 192.9 192.1 192.2 190.3 188.5 184.9 180.2 177.2 176.4 175.5 176.5 185.5 191.1 194.1 194.8 192.6 188.5 187.8 190.2 191.8 192.8 194.1 190.7 184.1 168.1 149 130.1 110.2 91.7 68.7 61.4 54.3 43.5 48.1 67.2 73.2 81 91.2 98.1 105.4 111.6 115.7 118.5 116.2 112.5
201.5 203.4 203.7 203.6 204.7 203.4 199.2 195.9 193.6 192.6 192.6 193.3 193.7 194.1 195.3 197 199.2 198.6 198.2 200.2 200.2 201.8 209.4 214.8 216.1 215.9 213.8 211 206.9 204.3 202.6 200.5 197.3 199.3 201 200.4 199.4 197.4 194.6 190.7 185.1 180 179.2 177.8 178.6 180.8 189.7 195.1 197.2 197.4 192.8 188.8 189 191.1 190.9 190.7 187.5 182.1 170.2 153.6 135.7 120 98.3 77.2 64.1 55.6 44 43.5 51 69.8 78.7 87.9 97.5 107.8 116 121.4 125.5 124 119.1 113.9
203.3 201.9 200.1 200.8 201.3 199.1 196.2 195.5 195 195.7 196 197.6 199 200.9 202.9 203.9 204.9 204.7 203.8 202.9 204.5 214.6 228 226 224 219.7 213.3 208.7 205 203.4 202.4 205.8 208.2 208.8 208.2 205.5 202.4 201.9 198.3 190.3 184.2 181.6 181.8 180.4 180.8 182.8 188.9 194 196.9 195.4 190.5 188.3 188.2 189 187.8 186.7 181.4 169 156.3 143.9 127.2 109 89.6 72.4 60.5 47.8 43.6 43.7 56 78.6 91 99.5 107.1 117.6 127 131.2 129.8 126.5 120.8 116.7
204.1 202.4 200.2 198.7 198.4 198.2 197.9 197.7 197.7 199.2 201.3 204.1 206.9 209 210.8 210.7 210.2 209 207.6 207.8 212 224.5 229.2 225.1 220.2 214.1 209.3 206.1 204.8 206.3 209.9 215.8 215.9 212 209.5 209 206.9 201.4 194.5 189.4 185.1 185.5 184.8 184.5 185 185.7 190.7 192.9 194.3 191.9 189.4 187.6 187.1 186.9 185.5 184.9 177.8 164.4 148.1 139.1 117.9 91.3 74.4 73.1 57.9 43.6 43.9 53.8 71.2 89.9 105.3 114 120.3 126.6 134.4 137.3 134.4 128.6 121.6 117.6
201.8 200.9 200 199.8 200.6 201.2 200.2 201.3 203.7 207.5 210.6 213.1 215.4 215.7 214.6 214.2 213.5 212.2 211 212.4 212.9 218.2 221.5 217.1 211.8 209.7 208.3 207 206.4 210.2 217.8 218.6 212.8 211.6 213.3 209.1 200.4 196.6 193.8 191.2 188.1 188.2 187.4 188 189.4 192.3 193.7 195.4 193.9 190.5 188.1 187.6 186.9 186.6 185.9 183.9 174.6 157.1 143.2 136.3 113 77.6 62.4 59.6 43.6 43.8 55 66.8 80.6 98.7 119 127.8 131.4 136.8 139.1 138.5 136.1 131.9 125.9 121.9
201.9 201.3 201.9 203.1 203.9 203.7 205.9 211.7 216 219.4 221.6 221.8 220.1 218.7 216.4 217.6 216.7 215.4 214.6 214.7 214.2 213.6 212.5 211.7 210.6 209.9 209.2 208.4 208.2 211.7 215.4 212.6 207.5 207.8 205 200.2 197.7 196.8 195.2 194.4 191.2 190.5 190.3 193.1 195.1 197.4 197.9 198.5 194.1 189.2 187.7 187.6 188.5 188.9 187.9 184.3 169.8 151.5 137.4 117.2 97.9 68 43.5 43.7 43.1 53.2 67.6 80.3 90.4 111.2 131.2 136.7 140.3 141.2 140.5 138.4 136.2 132.2 127.9 126.4
204 203.3 204.3 205.9 206.8 208.5 217.4 223.9 227.4 229 226.8 222.7 218.5 220.1 221.7 220.7 219.1 218 217.1 217.3 217.1 217.1 215.8 213.9 213.3 211.7 210.4 209.4 209 210.3 210.3 208 205.4 203.8 202.6 199 197.6 197.7 198.3 196.5 193.2 193.7 199 199.9 201.4 203.1 202.6 197.4 192 189 188.7 190.1 192.4 195.7 193.5 182.1 167.5 146.5 127.3 100.5 72.3 49.8 43.3 45.3 54.5 67.3 79.8 90.8 99.2 116.2 131.9 142.8 144.7 143.3 139.6 137.1 134.7 134.7 131.6 133.5
206.1 205.1 206.7 209 210.6 218.3 231.8 236.3 233.3 228.7 224.4 221.1 223.3 224.5 223.3 221.3 219.2 219.1 221 221.9 221.2 219.6 217.7 216.3 215.9 214.3 212.8 211.6 210 209.6 208 205.7 203.9 202.9 200 200 201.5 203.4 200.1 197.1 197.1 201.9 203.8 204.9 205.5 205.4 201.7 195.3 190.1 189.2 191.4 193 199.4 200.5 195.2 177.5 162.3 142.8 118.9 86.2 66.1 43.6 45.9 59.3 71.2 79.5 89.4 98.3 109.5 121 135.6 147.8 148.1 142.3 137.7 134.3 133.5 134.9 137.4 138.7
207 208.2 210.5 212.8 215.5 221.2 227.1 227.7 226.7 224.4 223.5 223.7 225.2 224.9 223.8 222.7 225 225.1 225.4 224.9 223.4 221 219.5 218.9 218.4 217.4 215.4 214 211.4 209 206.5 205 204.1 204.3 204.5 206.9 206 202.4 199.5 199.9 202.6 203.8 205.4 207.6 206.7 205.2 201.7 195.8 189.4 190.1 192 197.3 206.3 209.3 196.7 175.4 158.3 138.8 98.1 73.3 51.9 43 60 77.8 80.7 87 98.4 109.4 118.9 125.4 136.3 145 146.6 140.9 136.8 131.9 131 134.5 138.4 141.9
213.4 214.7 216.3 217.8 220 222.1 224.1 225.4 226.9 225.1 226.5 227.2 226.7 226.6 226.9 229.8 231.1 230.9 229.9 227.7 224.7 222.3 221.3 221.4 220.9 220.1 217.5 214.6 212.2 209.6 206.7 205.4 206.2 206.3 206.2 206.4 205.5 200.8 201.4 205.9 209.8 211 211.3 213.1 212 207.3 202.8 195 189 189.2 193.3 201 213.3 217.5 204 177.5 153.5 118.8 86.4 64.3 43.5 45.1 79.6 88.9 86.6 90.9 104.9 113.9 121.8 123.4 130.3 135.5 139.1 138.3 136.9 131.3 127.7 132.8 137.2 140.9
220.6 221.3 222.8 224.1 225.3 226.7 226.3 226.3 226.4 228.5 231 230.8 228.8 229.8 233.2 233.9 233.9 233.9 231.1 226.9 223.7 225.9 224.8 223.6 222.1 219.4 217.4 214.9 213.3 210.4 206.7 207.4 207.7 207.6 207.2 207 203.2 203.7 209.8 214.9 217.2 216.9 216.9 217.2 214.6 209.9 203.1 192.9 188 190 193.6 206.3 219.5 218.2 203.5 178.4 150.5 111.1 80.6 55.4 43.7 69.5 86.8 95.4 85.6 89.8 100.6 112.8 123 119.4 121.7 127.1 132.2 135.6 133.7 128.6 125.8 131.6 135 136.3
229.3 228.8 228.6 229.8 231.3 231.4 230.2 230.2 229.9 232.3 233.5 231.3 231.8 234.9 237.3 237.5 236.2 234.2 231.6 227.5 222.9 221 223.4 223.4 221.4 219.1 218.8 216.8 214.2 210 207.1 208 207.5 206.7 207 207.3 205.3 208.7 219.4 224.5 224.2 222 219.4 219.2 215.4 206.2 197.3 188.1 187 190.8 195.3 209.6 219.5 217.5 204.1 179.3 149.1 116 83.4 58.9 43.2 70.3 75.9 79.5 80.1 86 103.1 123.7 121.2 115 113.4 117.7 122.9 126.1 125.5 122.1 122.2 125.9 127.7 130.1
236.5 236.7 237 237.8 237.3 235.4 233.7 232.3 234 234.9 233.5 232.7 234.1 238.2 241.4 239.6 235.6 233.9 232 227.7 222 220.9 220.5 219.1 219.3 219.6 219.9 216.1 212.5 208.2 207.6 206.7 208.7 210.6 211.7 208.9 209.1 214.8 219 218.5 218.1 219.9 219.5 218.4 213.2 200.2 187.6 184.7 186.1 190.7 199.5 211 219 216 201.6 175.7 145 119.2 86.1 65.2 43.4 43.5 51 66.1 79.5 96.9 121 120.5 116.5 106.5 105.4 109.2 112 113.8 113.7 114.3 114.4 117.7 121.2 128.1
