data/NH58.asc
ncols 200
nrows 200
xllcorner 250000
yllcorner 880000
cellsize 50
[rows 105 to 139 of 200, columns 0 to 77 of 200]
520.7 522.1 524.4 524.4 526 526.3 526.4 526.6 525.6 525.6 525.7 524.8 518.7 510.2 502.8 493.6 483.2 471.9 461.5 456.8 452.8 446.9 446.4 438.4 427.5 419.4 413.9 409.7 407.7 406.9 407.3 410.7 416.8 424 436.3 449.8 466.7 482.6 497.8 508 508.7 499.3 492.8 492.3 481.8 471.1 462.8 456.1 451.8 449.5 448.8 451 453.8 458.2 461 461.3 460.8 462 462.2 465.3 469.3 473.7 479.1 483.5 487.6 489.8 492.4 493.3 493.1 492.2 488.1 485.1 481.3 476.7 473.7 469.5 466.6 464.6
524.6 526.7 529 530.8 531.2 531.7 532.2 533.2 534.1 534.6 534.8 531.7 524.8 516.1 508 496.2 489.6 481.1 475.8 472.4 464.2 460.2 456.7 448.9 438.4 432.3 424.2 413.8 407.5 406.6 404.4 404.4 410.7 416.3 424.2 436 452.6 469 483.4 493.3 494.5 490.1 488.1 481.8 472.2 458.7 453.6 451.6 446.7 448.6 450.9 454.7 458.9 461 463.3 463.3 463.5 464.8 468 471.5 475.3 480.2 484.9 488.7 493.2 497 498.1 499.1 499.6 497.4 493.3 490.5 486 481.1 476.3 471.5 469.1 467.4
529 531 533.1 535.4 536.3 538.4 538.9 540.4 541.9 543.3 542.4 538.8 530.8 522.8 513.4 506.5 498.8 494.3 489 482.7 479.4 476 470.2 462.4 451.3 445.1 431.4 418.9 415.4 411.2 404.4 404.4 404.4 412.2 420.1 428.9 441.8 456 467.8 478 480.8 482.4 479 470.2 455.8 450.8 448.9 446.4 447.9 450.5 453.3 457.2 459.5 461.2 463.6 466.1 468.1 471.4 473.3 475.6 478.9 483.3 488.3 493.9 499.3 501.7 502.7 504.1 504.2 502.1 499.5 495.6 491.9 485.9 479.2 473.4 469.2 466.5
533.8 535.8 539 541.5 543 545.3 546.6 547.8 550.2 551.4 548.6 544.2 538.5 530 520.2 515.4 510.4 508 504.3 498.4 496.3 491.2 484.5 475.7 465.1 458 441.4 426.4 430.4 414.9 404.4 404.4 404.4 405.2 413.6 421.6 431.9 444.7 455.7 465 469.4 468.7 462.1 452.6 448.2 446.9 445 446.8 449.8 451.9 454.4 457.2 460.4 463.1 466.2 469.8 473.2 474.3 475.6 478 481.2 486.1 492.9 499.4 502.6 504.3 507 509.5 509 506.3 502.3 497.4 493 487.3 479.5 472.9 469.2 466
538.5 541.2 544.5 547.3 550.1 552.4 553.9 556.1 558.9 559.8 558.3 552.1 546.4 540 531.8 526.6 523.9 520.6 517.3 513.8 509.9 504.8 495.8 484.4 473.3 466.3 452 441.5 430.1 415.5 404.4 404.4 404.4 404.4 408.7 414.5 422.7 433.7 443.1 449.9 453.4 450.7 447 445.7 445.6 444.1 446.9 446.3 449 451 453.6 456.9 460.6 464 467.6 471.9 475.1 476.6 477.6 480 485 490.2 497.9 502.6 505.5 507.8 512.1 514.7 514.4 510.6 505.2 497.5 492.1 488.9 480.4 475.7 469.5 467.6
543.4 546.9 551 554.2 558.1 559.7 562.2 565 567.9 568.1 565.1 561.8 555.5 549.9 543.8 538.1 533.1 530.7 528.4 524.9 521.9 514.5 507.8 497.9 492.3 481.5 461.6 451.8 432.1 412.5 404.4 404.4 404.4 404.4 404.4 410.6 416 423.7 431.9 437.9 440.5 442 443.5 443.6 442.6 445.8 448.1 449.8 450.2 452.5 455.6 458.6 461.1 465 470 473.9 476.7 477.6 478.8 481.3 486.9 494 499.4 503.9 508.1 512.1 515.9 518.6 519.2 516.2 506.4 496.9 495.5 490.9 481.3 478.8 474.1 470.1
551.2 555.3 560.7 563.6 566.2 569.5 572.2 574.6 576.9 577 575.1 571.8 564.3 560.1 554 548.3 543.6 541.1 538.1 534.6 530.5 523.9 512.5 504.8 499.4 477.4 462.8 447.9 429.9 413.4 404.4 404.4 404.4 404.4 404.4 407.3 411.4 417.4 423.4 429 433.8 437.3 440.5 441.6 444.4 446.5 449.6 451.6 453.4 455.7 458.5 461.3 463.9 467.3 471.5 472.9 474.5 476.9 479.6 483.5 488.9 494.6 499.1 503.4 508.1 512.9 515.1 516.7 515.9 509.9 500.3 494.6 494 488.6 481.1 478.1 471.8 466.1
559.9 565.5 569.8 574 577.4 580.2 582.8 585.2 586.7 586.9 584.8 581 574.6 567.5 562.8 558.5 554.2 550.6 546.5 540.7 534.8 526 514.1 506.1 490.2 470.2 461.6 449.1 431.1 411.7 404.4 404.4 404.4 404.4 404.4 404.4 408.1 413.4 419.2 424.4 429.4 432.3 435.7 442.4 445.7 448.4 450.7 452.4 455.3 458.2 459.5 461.9 465.7 466.7 469 472 476.2 478.3 480.9 485 489.7 494.6 498.2 502.8 505.4 507.8 509 507.6 506.3 498.9 491.1 490.9 490 482.8 476.5 467.7 460.8 459
570.6 577.6 581.3 584.3 587.5 590.6 592.3 594.1 595.7 595.7 594.2 589.6 579.9 571.1 567.3 564.1 560.9 558.1 551.7 543.9 536.7 526.6 514.2 501.6 485.4 472.1 471.2 449.9 434.5 412.6 404.4 404.4 404.4 404.4 404.4 404.4 407.8 411.8 415.9 420.7 425.1 431.8 436.9 441.9 444.5 448.4 448.9 452 454.4 456.6 459.8 462.2 464.9 467.8 471.7 474.4 477.4 480.3 483.8 487.8 492.6 496.6 498.1 500.3 500.8 500.1 497.1 496.6 491.8 486.7 484.7 484.7 479.5 470.5 463.3 456.5 454.8 455.2
583.8 588.3 591.3 593.5 596.3 598.6 600.1 601.7 602.7 603.3 600.9 589.1 578.6 571.4 566.2 563 562.2 559.5 553.3 545.8 533.3 523.3 511.1 498.8 486.7 479.9 460.5 447.8 421.2 405.9 404.4 404.4 404.4 404.4 404.4 404.4 406.1 409.8 413.9 419.5 424.4 432 437.3 439.1 442.7 447 448.2 452.5 454.6 458.4 462.2 465.2 468.8 470.8 472.9 475.9 479.5 482.7 486.5 491.1 495.1 497.7 498.4 497.7 495.6 492.7 488.6 484.3 483 482.6 479.7 472.8 465.9 462 456.3 453.6 453.8 455
592.6 597.2 599.8 601.8 604.1 606.1 607.4 608.2 607.9 604.9 596.9 584.3 575.3 565.4 560.7 558.9 558.1 555.9 551 544.3 537 518.6 507.7 494.9 482.2 467.1 451.5 427.3 410.5 404.4 404.4 404.4 404.4 404.4 404.4 404.4 407.1 409.5 414 419 425.3 430.2 435 438.9 442.7 446 449 451.8 456.7 461 465.1 468.7 471.9 473.3 474.6 477.9 481.4 485.5 490 493.9 497.3 498.2 497.7 496.1 493.2 488.8 483.9 478 474.7 472.5 466.8 462 457.6 454.8 453.1 453.1 454.4 454.1
602.1 605.8 609.1 610.2 611.7 612.9 612.5 610.7 608.3 599.4 585.8 574.1 565 557.9 554.1 552.7 552.6 551.5 548.9 540.1 529.3 506.6 492 478.4 462.9 451.5 432.5 414.5 408 404.4 404.4 404.4 404.4 404.4 404.4 408.4 409.9 411.8 416.2 421 425.4 430 435.1 439.7 443.9 448.3 452.6 456.6 461.5 465.7 468.6 471.7 473.1 476.1 477.2 481.6 485.2 488.4 491.6 495.4 498.9 499.2 498.3 494.4 489.1 483.5 481.1 476.3 471.3 465.6 460.6 456.9 453 451.1 452.7 454.9 455.8 455.7
611 615.1 617 618 618.7 620 616.5 610.5 601.2 591.6 579.5 568.9 560 552.7 548.4 545.9 545.6 544.5 541.5 534.4 523.4 506.1 486.8 470.3 451.8 433.5 419.4 410.1 408.6 407.8 404.4 404.4 404.4 404.4 404.4 409.6 411.6 413.8 417.2 421.3 425.9 430 435.1 440.7 445.2 450 454.2 458.3 462.5 465.9 469 471.7 473.8 476.9 482.1 485.1 487.7 489.2 491.7 495.4 497.9 498.5 494.8 489.1 481.3 478.8 476.1 471.1 467.2 462.4 455.3 452.1 450.5 450.9 453.6 455.4 457.7 457.5
618.3 622.1 624.3 625.4 626.6 627.7 618.9 605.5 591.6 581.8 573.7 562.1 551 543.6 538.1 537 537.4 537 531.8 522.5 514 498.2 478.8 462.1 445.9 432.9 421.4 417.7 417.7 412.2 409.6 404.4 404.4 404.4 404.4 409.6 411.7 414.2 417.9 421.2 425 429.2 434.4 440.6 445.7 450.2 454.7 457.7 461.8 465.2 467.9 470.3 473.2 479.3 483.9 487.1 487.3 489.2 490.9 492.2 491.4 490.5 486.3 480.5 475.6 475.5 469.4 463.8 461.8 457.7 451.2 447.2 447 450.4 453.5 455.3 456.7 455.1
623 627.8 631.1 637.9 638.9 626.8 608.7 590.8 580 571.8 567.5 553.8 542.8 531.8 527.4 527.7 528.7 526.3 521 514.1 500.9 484.1 472.4 459.5 447.2 439.1 435.8 434.4 427.3 414.5 409.7 408.7 405.2 407.7 407.1 409 409.5 413.3 415.6 420.8 424.1 428.9 433.7 439.7 445.1 450.4 453 456.2 459.7 462.9 465.4 468.9 473.3 477.5 481.8 483.9 486.4 488.6 488.6 485.3 483.5 480.2 476.6 471.9 471.2 465.6 462.6 460.4 457.8 453.8 448.8 445.4 445.7 449 451.3 453.3 453.8 450.7
627 632.4 638.9 641.4 634.2 616.9 594.4 577.7 565.9 559.2 550.8 540.8 529 522.8 523.4 522.6 522.9 519.9 516.6 507.7 493.4 479 467.9 458.6 451.6 445.2 439 436.1 427.3 419.5 414.4 409.8 406 409.2 409.1 409 412 413.3 415.8 420 422.8 427.5 433 439.3 444.6 448.5 451.4 454.2 457.6 460.8 462.9 465.5 468.4 471.5 475.8 478.9 482.4 484.6 483 480.6 476.1 469.9 467.2 468 462.4 459.5 456.2 455.2 453.4 448.3 445.8 444.9 447.1 447.5 447.7 448.3 448.8 449.9
625.8 632.7 638.5 635.7 621.8 599.9 579.8 562 552.1 544 535.9 529.1 523.8 519.2 518.6 516.7 515.2 512.9 509.3 499.4 488.9 476.8 465.9 461.8 453.8 447.3 441.2 433.9 428 423.5 416.1 410.3 407 410.3 409.9 410.3 412.2 413.9 416.1 417.9 421.6 426.1 432.4 438.3 442.6 445.9 450.1 453.3 455.2 457.4 457.2 457.4 459 463.5 467.8 471.8 475.1 476 475.4 472.3 466.5 459.5 455.4 452.7 453.2 452.4 448.6 446.3 445.9 445.7 443.6 446.1 448.2 447.4 447.5 447.7 448.5 450.4
619.2 624.7 626.2 621.1 609.2 586.6 565.9 552.6 543.7 536.6 531.7 527.3 521.5 515.8 512.3 510.6 510.3 509.5 502.4 494.1 485.4 474.1 466.4 459.6 453.7 447 438.6 432.5 426.9 422 418.7 412.2 409.5 411.5 411.2 411.5 412.4 413.9 415.1 417.3 420.9 425.6 431.2 436.9 439.4 443.7 448.8 453.5 452.6 451.3 449.1 449.2 450.7 454.5 458.9 462.6 463.6 464.1 462.8 460.3 456.5 451.3 445.5 447.3 448 443.4 439.6 439.7 443.2 443 445.3 447.2 447.6 446.1 445.8 448.6 450 450.2
609.2 607.5 605.8 598.9 586.1 572 559.6 551.3 542.1 539.1 532.6 526.2 520 517.7 514 510.1 510 500.5 494.6 487.9 479.5 470.9 464.9 459 455.3 447.8 440.2 436.1 430.2 424.5 418 411.7 412.1 412.5 412 412.1 411.6 413.4 415.2 417.1 419.5 423.9 429.9 435.3 437.8 445.1 451.7 453.7 447.6 442.7 441.1 441.5 443.4 445 448.5 453 453.1 452.6 451.9 451 447.5 443.5 441.5 440.3 437.5 435.3 437.8 438.6 438.1 440.8 441.9 442.6 442.5 442.4 444.3 447 448.8 449
598.2 595.6 592.3 587.4 580.1 570.5 561.6 553.1 548.7 542.3 533.4 523.9 518.3 516 506.4 504.6 498.8 494.4 490.2 483.4 474.7 469.3 465.5 462.7 458.4 452.4 445.4 440.9 433 423.8 419.3 416.9 413.4 413.4 412.5 410.7 410.2 412.4 413.8 413.9 416.5 421.8 428.4 429.9 433.5 443 445.5 440.6 436.7 434.1 432.5 432.2 432.7 434.5 438.1 441.7 444.1 446.3 447.6 444.4 440.4 437.5 437.3 434.5 433.2 433.2 432.1 429.6 433.7 436.1 437.4 438.3 438.4 441.1 443.7 446.1 446.9 447.7
592.4 590.3 588.4 585.4 580.6 575 564.7 559.8 553.2 547.6 539.7 526.9 517.8 506.9 500.4 499.7 495.4 490.3 485.1 479.8 473.4 470.2 466.1 462.5 458.7 452.6 447.6 440.2 432.7 428 423.8 418 415.6 413.7 412.8 411.8 410 410.5 411.5 410.5 414.6 420.8 422.8 421.6 423.9 427.9 428.9 427.7 427.4 426.2 423.7 425.1 425.7 425.9 429.4 433.9 438.3 440.9 436.9 433.6 434.3 435.9 434.1 431.4 433.2 431 428.1 427.8 430.8 432.3 434.5 434.7 439.7 441 443 445.2 446.4 445.3
589.3 585.3 582.1 580.6 579.6 574.9 570.2 562.1 553.8 546.7 537.2 526.5 515.7 507.9 501 494.3 490.6 486.2 481.5 476.1 470.5 465.9 462.1 459 455.5 451 446.6 443.4 439.9 433.4 428 423.2 418.7 414.9 413.2 412.3 408.9 409 409.2 407.2 411 417.5 412.9 410.9 411.7 413 418.1 420.6 419.4 417.8 415.9 416 416.6 418.8 422.5 428.3 428.6 426.8 426.6 429.1 431.8 429.9 427.2 427.6 426.8 424.6 424.3 424.4 425.7 429 432.6 437.1 438.3 439.8 441.1 442.5 444.6 445
592.1 590 586.8 583.6 580.5 579.4 571.4 560.9 552.3 544.2 534.1 524.6 518.3 511.6 506.4 499.3 492 488.1 483.8 477.8 474.4 470.4 465.3 462.2 456.2 453.7 449.9 446.7 443.7 438 432.8 428.2 423.5 418.8 414.9 413 411.5 405.6 409.9 408.2 403.5 402.5 400.9 400.7 402.1 403.9 407.4 409.4 412.2 413.2 412.5 411.6 411.5 413.7 417.4 418.5 418.2 420 421.6 422.8 422.9 420.5 420 419.9 420.2 420.9 421.4 424.5 427.2 430 432.9 437.3 440.7 442.5 443.2 444.2 444.8 448.6
593.7 591.9 589.3 586.8 584.4 576.8 568.2 559.8 552.2 543.6 533.6 528.3 523.1 515 509.8 502.2 494.2 491.2 485.5 481.5 478.3 473.2 468.4 461.8 459.8 455.9 449.9 444.4 442.2 441.2 437.5 433.6 429 424 419.2 414.7 410.5 404.9 404.9 407.5 402.9 397.5 394.6 395.4 395.9 396.6 398.4 402 404.9 406.2 406.1 407.9 406.5 406.1 407.2 408.7 412.2 415.9 418.1 417.1 415.3 415 414.8 415.7 416.5 417.6 421 423.4 426.3 429.1 432 436.4 439.8 441.8 443.2 443.7 446.4 449.5
595.5 593.3 589.2 585.5 581.2 572 564.9 556.9 549.2 541.6 536.5 532.8 524.8 517.1 511.6 503.4 496.6 492.9 489.7 485.7 482 476.5 469.8 469 462.9 457.9 453.3 447.3 440.9 436.4 433 429.4 428.9 428.8 424.5 417.8 411.2 405.4 400.7 398.9 397.9 393.6 390.7 391.3 392 391.5 392.8 394.2 394.9 395.7 397.7 398.8 398.8 398.8 400.3 403.1 406.5 411.7 412.2 411.6 411.4 411.4 411.5 410.9 415.6 418.1 419.5 422.6 425.4 428.2 431.1 435.2 437.6 439.9 442 444.8 448 450.7
594 591.7 586.5 579.4 573 566.6 560.8 553.8 546.8 543.3 540.2 534.1 527.7 520.1 513.3 507 501.9 497.4 494.1 488.6 485.8 479.5 477.4 473 466.4 459.2 452.7 447.1 441.6 434.2 427 423.3 422 419.5 414.1 409.2 406.1 404.2 399.4 393.6 391.1 389.9 388.9 388 388 388 388.1 388.5 390.4 391.8 391.6 391.7 392 394.9 395.2 397 400.6 403.6 405.4 406.5 407.5 408 406.1 411.1 412.6 415.6 418.1 421.2 424.7 427.3 430.3 433.7 435.6 438.6 442.3 445.3 448.5 453.5
590.9 586.7 582.3 574.8 566.9 560.4 555 551.5 546.3 542.6 540.2 534.6 529.8 525 518 511.2 506.7 502.2 497.8 491.1 488.5 486.5 483.2 477 469.2 461.1 454.9 449.8 442.7 435.1 431 424.7 416.5 409.8 408.1 404.2 403.4 403.2 400.5 393.6 390.6 387.4 387 386 385.7 385.5 385.1 385.3 387 386.4 386.3 386.6 387.2 388.6 390.6 392.5 395.2 399 401.3 402.1 403 402.7 407.6 409.8 410.2 413.4 416.6 419.6 424.1 426 429.3 432.4 434.9 438.2 441.9 445.2 449.4 453
584.8 579.6 575.1 567.3 560.9 554.8 549.7 547.4 544.1 541.8 540 537.8 533.6 529 522.2 517 512.5 508 500.3 498.3 493.5 492.5 487.9 481.6 475.2 468.1 462.4 457 446.1 437 430.7 426 420.5 413 407.9 404.6 401.1 401 398.7 395.1 390.9 388.3 385.6 382.9 382.3 382.7 383.3 383 382.8 382.6 382.4 383 383.5 385 386.2 388.8 390.2 393 394.7 397.2 396.3 403.7 406.3 407.9 409 411.1 415.6 418.5 421.3 424.8 429 432.2 435.1 439.7 443 445.5 449.6 455.5
577.3 571.5 565.9 559.3 552.8 548.4 545.9 545.1 543.5 541.4 540.7 539.1 536 530.7 526.1 519.7 514.7 511.2 506.8 503.5 501.1 498.5 495.3 489.7 483.1 477.1 471.5 461.1 452.6 444.7 439.3 429.4 421.9 417 411.8 408.7 404.7 398 395 393.5 391 387.9 388.8 385.3 382.2 380.6 380.5 380.7 380.7 380.5 378.4 380.2 381.7 382.7 384.7 385.8 387.2 387.4 388.9 393.4 399.1 402.2 403.8 404.9 407.1 411.5 415.1 417.5 421.1 425.2 428.9 432.4 436.2 440.7 444.5 447.8 450.8 455.7
569.4 563.9 558.3 551.6 547.7 545.6 545.6 544.6 542.9 541.4 539.6 537.7 533.8 530.4 525.4 523.3 519.6 518.2 513.7 510.5 508.1 505.3 501.3 496.1 491.5 486.3 479.5 471.3 460.7 452.8 446.1 434.6 426.6 420.6 415.8 411.3 406.1 403.1 399.7 395.2 392 390 389.3 385.5 382.5 381.1 379 377.4 378.9 379.1 378.2 378.3 379 380.7 382.7 383.5 384 385 389.3 393 396.5 399.2 400.2 404.5 406.2 407.1 414.4 419.3 422.8 424.9 429.8 434 437.1 440.7 444.9 447 451.6 455.6
567.3 560.4 554.1 548.3 545.6 545.4 545.5 544 542.8 541.8 539.9 536.2 533.2 531.6 530.1 526.5 524.5 523.3 519.9 516.2 514.8 511.6 508.1 503.7 499.4 494.7 487.6 479.5 471.9 462.7 451.5 441.8 433.1 426.7 421.1 416.5 414.3 410.8 406.8 400.5 396.6 393.4 389.4 384.5 381.4 380.6 381.6 380.4 377 375.1 376.1 376.9 377.1 375.6 378.5 380.2 377.9 382.8 384.8 387.4 391.5 391.9 396.7 399.2 400.9 407.6 414.2 418.9 422.4 425.4 429.2 433.1 437.9 440.6 443.8 447 451.5 456.8
564.4 558 552.8 548.6 547.1 546.8 546.2 545.2 543.5 542.1 540.6 538.3 536.5 534.8 532.6 529.2 527.9 526.2 524.3 521.5 518.6 515.8 512.5 508.6 505.1 500.3 493.8 486 476.2 467.6 455.7 445.3 436.1 430.3 427.4 423.7 423 415.7 410 404.9 401.3 394.8 389 384.8 384.1 381.3 381.4 380.9 376.8 376.5 373.3 375.3 373.1 375.3 376.1 376.3 373.7 378.3 379.6 382.3 384.4 389.1 390.6 394.4 401.2 407.7 412.8 416.5 419.9 424.1 429.1 431.8 435.9 441 444.9 448.5 452.9 457
562.9 557.1 552.4 550.9 550.2 548.3 547.9 546.5 544.6 543.1 542.7 541 538.9 536.3 534.6 532.9 531.2 529.6 527.3 525.5 522.9 519.9 517 513.2 509 504.1 498.9 490.9 481.6 470.6 460.6 449.8 441.7 435.5 433.5 430 425.4 419.9 415 408.4 405 398.5 389.4 387 386.4 382 381.1 379.9 376.7 375.1 373.2 373.5 372.7 373.1 373.1 373 372.3 373.9 375.1 377.5 381.3 384.8 387.1 392.8 399.1 404.2 409.8 413.5 418.4 422 426.8 428.9 434.1 439.9 444.6 448.8 453 457.1
562.8 558.7 555.6 554.8 553.9 550.9 548.8 547.6 547 546.4 544.1 542.8 541.2 538.5 537 535.6 534.6 532.9 530.1 528 526.2 523.4 520 516.6 512.3 507.8 500.9 493.7 485.5 475.2 466 457.4 448.8 442 435.8 432.2 428 422.7 419.9 413.2 406.4 401.2 394.3 390.9 388.1 382.8 380.7 378.3 379.6 379.8 378.3 374.2 372.7 370.2 369.6 369.9 370.5 369.8 371.4 374.5 377.1 379.5 384.1 389.2 394.7 398.6 408.2 413.1 416.8 420.1 422.4 427.6 433.2 438.5 443.1 447.6 452.2 456.3
564.6 561.9 560.1 558.8 556.3 553.6 551.2 549.8 549.3 548.5 546.9 544.9 542.5 541 539.3 537.9 536.7 535.4 532.8 531.1 529.4 525.9 523 519.3 514.2 510.3 502.4 497 490.3 481 474.2 464.9 457.1 448.1 440.9 436.3 433.1 429.3 422.9 416 408.2 400.6 395.6 394.5 389.6 385.1 384 383 382.6 380.5 378.2 375.2 372.8 371.4 371.4 369.2 369.7 369.4 370 372 373.8 376.5 380.5 383.1 389.3 395.6 402.4 407.9 411.9 414.5 420.7 426.7 432.3 437 441.4 445.8 450.6 455.5
