data/NH59.asc
ncols 200
nrows 200
xllcorner 250000
yllcorner 890000
cellsize 50
[rows 72 to 107 of 200, columns 80 to 159 of 200]
227.6 228.4 231.8 231 225.7 222.6 212.5 209.8 207.8 205.5 202.3 196.8 188.6 177.2 166.6 162.1 163.8 161.9 160.2 161.9 164.2 166.1 166.6 166.6 164 160.7 158.8 156.8 151.4 148.8 143.7 138.2 138.9 134.6 129.7 125.6 122.7 120.5 117.7 113.3 107.6 101.3 96.7 93 91.7 88.9 84.4 79.4 69.4 60.6 53.4 46.3 39.1 32.3 27.9 20 15.1 14.9 14.6 14.1 5.3 -1.5 -1.5 -1.5 -1.5 13.5 8.2 5.1 10.8 13.3 13.4 13.6 13.6 13.6 11.9 21.5 30.7 36.5 41.1 44.9
233.2 230.4 229 229.4 228.7 223.9 218.8 215.2 212.7 209.6 206.7 202.1 194.9 186.2 172.6 167.3 167.9 167.1 166.4 166.2 166.5 168.3 167.9 168.5 168.3 167.4 163.4 159.9 157 152.5 147.2 143.4 144 145.5 141.7 134.6 128.9 126.5 123.7 120 115.1 111.1 107.4 103.7 101.2 98.9 95.5 92.4 83.5 71.6 61 50.1 40.4 31.8 26.7 18.9 14.7 14.4 14.3 13.2 2.3 -1.5 -1.5 -1.5 2.4 8.1 7.9 5.5 8 11.7 13.2 13.6 13.6 9.5 13.5 21.3 29.1 33 37.6 40.8
237.7 236.4 233.4 230.1 227.5 223.9 221.3 216.9 213.6 210.2 206.7 202.5 196.4 188 179 170.9 168.9 168.6 168.1 167.6 168.5 169.2 171.2 172.1 172 171.6 168.7 163.5 158.8 154.7 152.3 147.2 147.4 151 151.5 147.5 139 133.5 130.8 128.3 125.4 121.7 118 114.6 111.6 109.1 107.6 104.4 95.6 84.1 69.1 56.5 41.8 31.4 23.9 17.3 14.4 11.2 13.8 13.4 2.1 -1.5 -1.5 -1.5 2 3.2 3.5 4.7 6.3 7.6 8.9 12.7 13.7 9.2 10.1 20.2 28.1 33.4 40.6 42.1
241.4 239.3 236.9 233.9 227.9 226.6 224.8 219.7 215.6 212.1 207.5 202.9 196 190 183.4 174 170 169.7 169.5 168.8 169.5 171.7 175 175.7 174.9 174 172.4 168.6 161.1 157.4 153.6 150.9 149.9 151.1 155.9 156.2 150.8 143.7 140.4 138.1 135.7 132.2 128.6 125.5 122.6 122.2 121.4 115.4 106.4 96.4 77.2 61.3 44.7 30.4 23.6 17 10.6 9.5 11.8 9.8 2.1 -1.5 -1.5 -1.5 2.7 2.8 2.6 2.8 3.8 3.2 4.2 8.2 12.6 8.2 10.8 17.8 25.1 32.5 41.7 40
242.1 241.9 238.3 235.5 231.7 228.1 228.2 223.8 217.8 212.4 208.2 202.3 195.7 191.2 185.8 177 171.5 171 170.7 170 172 175.9 178.3 179.3 179.7 179.3 178.2 173.6 169.6 166.2 162 159.8 153.6 153 154.8 157.8 157.1 152.4 149.6 147.8 145.8 142.8 139.3 136.5 134.9 134.7 134.9 127.6 119.4 107.3 87.1 69.1 51.7 37.6 25.9 21.5 15.7 9.3 8.8 3.2 2.2 -1.5 -1.5 -1.5 2.5 2.4 2.3 2.4 2.9 3 2.5 3.3 4.1 4.7 7.8 15.5 15.1 25.5 36.5 46.1
240.9 241.3 238.9 237.5 236.6 234.3 226.9 222.6 217.4 211.1 205.8 201.4 195.8 190.6 186 180 173.5 171.5 171.4 171 175 178.6 180.9 183.7 183 183.9 183.1 179 174.9 171.3 169.8 167 162.4 156.6 155.9 157.6 160.4 159.4 156.2 154.9 156 153.3 150.2 147.8 148 148.8 147.8 141.5 133.2 118 102.9 81.9 60.9 41.5 32 30.2 26.1 20.2 7.6 3.1 2.8 -1.5 -1.5 -1.5 2.3 2.2 2.1 2 2.1 2.3 2.3 2.8 4.4 7.2 6 8.4 18.7 30.3 43.4 51
239.8 238.9 238.8 238.3 237.8 235.3 233.9 226.4 220.3 215.8 210.2 204.1 199.8 193.1 186.5 179.1 173.8 172.5 171.4 172.3 176.5 179.1 181.6 185.9 188.2 187.6 186.2 182.8 179.1 176.7 172.6 171.2 167.1 161.1 157.9 159.6 164.7 165 162.5 160.3 161.4 163.1 161.1 160.8 161.7 162.8 162.7 158.2 149.3 136.7 118.4 97.7 76.9 56.1 40 34.4 30.7 24.6 10.6 5 2.9 -1.5 -1.5 -1.5 2.3 2.2 2.2 2.1 1.6 1.7 1.9 2.2 2.9 9.5 11.2 12.6 14.4 27.3 38.3 52.9
235.6 238.1 238.8 238.6 236.4 232.3 229.9 227 221.5 216.6 211.5 205.9 200.2 194.8 188.7 180.4 175.5 173.3 172.3 171.9 175.3 179.3 182.8 186.8 189.8 189.5 188.9 185.4 180.8 177.9 173.4 172.7 170.1 165.8 160.8 160 166.8 170.8 169.4 165.7 166.7 170.4 172.1 172.3 175.5 177.2 180.7 177.4 167.8 155 134.6 113.4 93.2 72 49.7 38.5 31.5 22.9 14.1 9.5 4.1 2.6 -1.5 -1.5 -1.5 2.3 2.3 2.3 1.4 1.6 2 2 2.8 9 10.1 11.2 10.4 18.7 36.1 46.1
236.6 240.5 240.1 240.4 237.1 231.5 227 223.4 218.7 214.2 208.9 205.7 200.3 194.9 190 184.4 178.2 174.9 173.3 172.5 174.9 178.6 181.8 184.5 186.8 188.1 188.9 187 182.4 178.2 174.4 171.6 169.1 166.2 163.7 163.3 165.8 175.7 175.4 171.3 172.5 175.3 180.6 181.1 184.8 194.1 194.1 192 187 175.2 165.8 148.2 116.4 91.1 60.4 42 30.4 18.9 7.5 7.1 7.3 2.5 -1.5 -1.5 -1.5 -1.5 2.3 0.5 -1.5 -1.5 2.2 2 2.2 4.9 8.9 8.6 8.8 13.6 28.5 41.6
234.7 238.1 240.1 239.9 239.4 233.3 227.1 220.9 215.2 210.2 205.5 202.6 199.9 194.2 188.9 183.5 179 176.7 174.2 172.7 172.9 175.5 178.3 180.1 180.8 183 184 185.2 183.4 178.6 174 170.9 167.2 164.8 164.8 164.4 165.7 171.1 179.4 175.2 174.1 177 184.1 186.2 189.7 197.8 200.6 198 193.4 184.8 171.8 157.4 134.7 108 76.8 48.8 30 16.7 9.7 7 6.8 2.4 2.3 -1.5 -1.5 -1.5 -1.5 1.8 -1.5 -1.5 -1.5 -1.5 -1.5 2.3 6.2 8.3 11.1 12.9 20.9 34.5
232.6 235.4 236.7 236.9 233.5 230.4 226.1 220.8 213.5 206.9 202.4 199.6 197.1 192.9 187.7 182.3 180.4 176.3 173.9 170.8 170 171.9 172.2 172.1 175.3 175.7 177 179.5 179.9 177 171.7 168.1 165.4 164.9 166.6 164.7 164.7 166.5 170.4 177.4 176 177.2 184.8 189.4 191 194.9 200.7 200.9 197.4 190 174.6 161.2 145 119.8 87.4 62.7 38.7 19.8 13.2 11.2 8.2 4.2 2.3 -1.5 -1.5 -1.5 -1.5 -1.5 -1.5 -1.5 -1.5 -1.5 -1.5 -1.5 2.3 7 14.3 14.6 16.3 25.3
233.2 234.2 234.9 235.5 232.6 229.7 225.8 220 214.3 207.1 200.5 197.1 192.4 189.8 186.3 180.8 178.8 176.3 173.4 170.3 167.8 166.7 166.2 166.4 166.6 167.1 170.3 173.5 173.1 174.2 172.4 169.1 165 164 165.2 164.3 163.9 164.3 170.8 175.4 177.7 177.6 179.5 187.6 191.7 196.3 197.5 199.2 195 188.6 178.3 164.4 145.6 121.6 90.7 62 42.6 27.1 18.6 14.5 9.7 5.2 2.1 2.3 -1.5 -1.5 -1.5 -1.5 -1.5 -1.5 -1.5 -1.5 -1.5 -1.5 -1.5 3 12.8 14.2 12.2 18
233.6 234.3 235 235.2 234 231.7 229.1 223.9 219.2 213.1 206.8 199.2 192.5 187.9 184.7 180.9 177.5 175.3 172 168.8 165.5 163.1 161.2 159.8 159.8 159.5 162.3 164 164.5 168.5 168.4 167.1 162.5 158.2 157.4 161.1 162.7 164 169.9 175.6 178.6 179 179.2 187.5 193.4 197.8 196.6 197.4 198.5 188.4 176.2 158.7 147.2 122.8 91.3 64.1 48.6 36.2 25.3 20.2 15.1 9.3 2.7 2.7 -1.5 -1.5 -1.5 -1.5 -1.5 -1.5 -1.5 -1.5 -1.5 -1.5 -1.5 2.5 5.9 13.1 12.1 12.7
233.9 234.8 235.7 235.5 235.6 235.6 233.4 229.4 224.5 219.3 211.9 204.2 196.5 188.5 182.6 179.3 175.3 172.2 169.9 165.9 163.4 161.3 158.4 155.8 154.9 155.5 158.1 158.5 159.2 161.4 162.8 161.7 158.4 154.5 156.2 158 160.2 163.6 169.9 175.5 178.6 182.2 180.7 184.8 189.3 193.3 195 191.5 187.7 180.8 160.6 139.5 127.6 112.2 86.4 68.9 55.7 44.6 31.6 24.5 20.9 14.1 4.2 2.2 2.2 -1.5 -1.5 -1.5 -1.5 -1.5 -1.5 -1.5 -1.5 -1.5 -1.5 -1.5 3.8 10.1 10.5 11.5
237 236 236.4 235.9 235.4 235.2 233.6 231.5 229 224.2 216.6 209.8 201.5 194.2 186.7 180.7 175.4 172.6 171.1 167.6 160.6 157.6 155.7 153.7 152.2 152.1 151.7 152.6 153.4 155.2 154.8 154.9 153.1 153.4 154.5 156.6 159.7 165.2 172.9 176.5 180.2 185.1 186.2 184.3 187.1 190.5 197.8 186.8 178.5 170.2 148.5 127.6 115.2 99.7 80.6 74.8 61.5 49.3 36.7 32.9 27.8 21.6 12.9 4.9 2.7 4.7 -1.5 -1.5 -1.5 -1.5 -1.5 -1.5 -1.5 -1.5 -1.5 -1.5 6.8 11.6 10.6 11.7
243.6 242.1 242.2 239.8 237.4 235.6 233.7 230.7 227.3 223.7 220.1 213.9 206.6 198.2 190.8 184.9 178.6 173.5 171.2 169 165.6 159.7 157.6 156.2 153.9 153.5 152.5 149.8 149.6 149.3 150.3 151.4 151 150.4 149.8 153.9 159 164 167.2 171.8 178.9 184.3 189 185.7 185.6 187.5 188.6 183.3 169.9 157.8 141.2 124.4 115.7 100.1 86.6 77.8 66.6 59.7 56.1 50.4 39.5 35.5 29.9 18.6 12.8 17.1 14.8 11.2 -1.5 -1.5 -1.5 -1.5 -1.5 -1.5 -1.5 -1.5 10.6 12.8 11.2 12.8
246.8 245.9 245.4 245.3 243.9 241.8 239.7 234.7 230.6 225.4 219.9 214.5 208.7 201.2 193.2 186.4 181.2 175.3 172.4 169.6 166.5 163 159.8 158 156.1 154.8 152.2 150.2 148.9 147.5 148.3 147.5 146.5 145.4 147.8 152.3 157.4 162.6 166.5 172.8 179.1 185.3 190.2 189 185.9 182 178.6 171.2 159 143.7 132.1 123.6 117.7 102.9 88.2 81.7 76.9 75.5 71.5 64.1 54.3 52 47.4 39.5 30 26.9 26.2 18.8 -1.5 -1.5 -1.5 -1.5 -1.5 -1.5 -1.5 -1.5 15.2 11.3 11.8 16.5
246 245.3 244.6 243.6 243.9 244.6 245.6 242.3 237.2 233.3 225.3 218.2 210.3 203.4 196.4 189.7 182.4 176.3 172.7 170.5 166.8 163.8 160.2 158.8 157.5 155.8 152.6 151 148.7 147.2 147.2 145.8 145.5 143.2 144.9 149 155.9 162.3 167.7 174.7 178.8 183.6 187.2 190.5 186.9 179.6 170.6 160.3 152 140.6 131.1 120.7 114.4 104.1 93.8 88.3 85.4 81.9 76.3 70.1 64.3 62.3 58.6 53.4 46.5 39.5 37.6 37 27.9 15.5 -1.5 -1.5 -1.5 -1.5 -1.5 -1.5 12.1 10.4 13.4 18.3
242.9 242.8 242.2 241.5 241.1 240.7 241.5 241.1 240.5 238.2 230.4 222.5 215.7 206.7 199.2 192.3 187.4 179.1 174.5 171.2 168.3 165.3 162.2 159.1 158.3 156.4 154 151.7 149.1 146.8 146.2 146.4 146 144.7 143.8 144 150.8 156.5 161.7 167.9 174.3 177 180 184.5 184.7 178.3 170.3 157.4 149.1 146.7 131.7 118.1 110.5 102.6 94.9 92.7 89.1 81.4 76.3 73.8 72 70.1 66.6 62.3 56.9 50.2 48.3 49 45.3 38.1 22.6 -1.5 -1.5 -1.5 -1.5 -1.5 7.7 11 17.1 19.8
237.8 239.8 239.3 238.2 237.9 237.5 236.3 235.2 234.2 232.3 230.6 223.3 216.3 208.7 200.5 194.7 191.7 183.8 177.8 171.7 167.8 165.1 163.2 161.5 159.4 156.9 154.3 152.2 151.3 148.7 145.3 144.2 144.5 145 143.3 141.3 144.9 148.7 153.5 159.3 164.5 169.1 174.1 176.8 177 174.6 162 150 143.3 138.1 128.4 117.4 111.4 108.4 99.2 94.5 89.4 78.7 76.7 76.1 74.7 73.8 72.7 72.7 70.9 64.1 57 54 47.9 44.5 33.9 13 -1.5 -1.5 -1.5 -1.5 -1.5 8.9 17.4 20.4
231.5 235.5 235.6 234.8 234.2 233.1 233 232.4 229.5 225.8 223.4 219.3 213 206.6 199.5 193.5 189.7 187.1 181.3 174.5 167.9 165 162.5 160.5 158.9 156.9 154.9 153.3 152 149.6 145.8 141.7 142.5 143.8 143.5 141.5 138.4 140.1 144.8 152.3 158.3 164.8 169 169.6 168.4 164.3 154.4 144.1 131.7 124.1 119.4 117.7 114.7 113.9 106.6 97.3 83.1 77.4 76.6 80 81 78.3 83.1 85.7 81.6 75.1 61.8 51.6 42.5 31.9 16.3 10.1 -1.5 -1.5 -1.5 -1.5 -1.5 -1.5 13.9 20.3
222.1 227.3 229.2 230 229.2 228.2 227.4 228.2 227.3 222.4 218.1 213.1 207.8 203.4 197 190.6 184.5 181.9 180.3 175.8 169.7 163.7 159.5 157.7 157.6 156 154.3 152.6 150.8 148.7 146.5 139.2 140.1 142.5 141.6 140.7 137.6 134.5 138.5 144 148.2 154.3 161.4 166.4 162.9 156.3 148.3 138.4 124.1 112.1 108.9 111.3 114 117.8 115.4 106.3 88.5 76.3 76.2 81.9 83.4 82.1 86.7 89.6 87 79.9 62.9 49.3 36.3 26 12.8 2.3 -1.5 -1.5 -1.5 -1.5 -1.5 -1.5 -1.5 15.2
212.2 219.6 221.4 222.8 223.9 222.9 221.8 221.3 220.9 217.9 213.1 209 203.8 198.5 192.1 185.3 180.8 176.1 172.3 171 168.5 164.1 158.5 156.6 155.7 154.8 153.6 152 149.2 144.7 143.8 137.7 133.8 133.2 137.7 138.4 135.8 132.2 132 134.4 135.5 134.2 143.8 152.2 151.7 148.4 142.2 128.9 119.1 105.8 96 96.3 101.7 111.5 117.5 111.7 97.7 80.3 72 74.9 76.9 77.4 81.6 88.2 81.8 76.7 61.8 47.9 37.2 34.1 25 7.9 2.1 1.9 1.9 -1.5 -1.5 -1.5 -1.5 9.6
204.8 210.5 213.9 216.2 217.6 216.6 215 214.3 213.6 211.4 207.5 204 199 192.8 185.9 179.9 173.1 168.7 166.1 163.9 161.8 162.3 158.1 155.8 154.6 153.5 152.9 152 151.4 146 139 134 130.9 127.9 126.8 129.8 133.5 129 122 120.5 120.6 117.5 119.7 128.5 133.7 135.1 130.9 120.8 112.6 101.4 91.1 84.6 87.6 98.9 107 109.3 96.8 84.8 72.1 64.7 65.4 66.8 69.9 77.9 78.9 78.6 63.7 44.5 33.2 25.7 19.6 8.9 2.1 2.1 5.1 20.2 18.5 -1.5 -1.5 -1.5
197.2 201.5 204.2 207.3 209.7 209.3 207.5 206.9 206 204.4 201.5 196.3 191.9 187.7 181.2 173 163.8 160.9 158.8 158 157.9 158.7 155.9 154.4 153 152.1 150.8 149.4 144.7 142.2 133.9 130.2 127.5 126 123.4 121.3 121.7 122.7 115.7 113.1 113.6 112.1 112.1 112.1 118.9 122.5 119.6 114.7 107.8 97.3 87.3 78.1 74.9 82.5 92.7 98.3 91.4 81.4 69.9 59.5 53.2 51.4 54.3 59 68.8 76.1 53.3 40.5 32.2 25.7 17.1 12 5.7 3.7 18.8 19.6 19.4 -1.5 -1.5 -1.5
191.2 192.7 193.4 196.6 199.4 200.5 199.4 198.8 198.5 196.6 194.7 190.2 185.4 181.1 175.8 167 161.5 158.4 155.3 151.6 151.3 151.6 149.4 148.9 146.4 146.8 143.3 141.4 140.3 135.9 130.7 127.9 125.2 123.5 122.4 120.4 119.5 117.2 114.8 115.2 117 112.9 112.5 112.1 112.1 113.3 110.2 106.8 104.5 98.4 85.7 74.9 66.3 66.8 71.3 78.6 79.3 72.3 63.4 52.4 44.8 40.5 42.3 49.4 58.2 57.2 44.8 33.1 27 21.9 20.1 16.3 11.7 13.1 20.4 19.9 19.5 -1.5 -1.5 -1.5
190.9 190.6 189.3 184.1 183.1 185.2 185.4 187 186.8 187.6 185.8 181 178.6 175.9 171.5 163.9 159.1 155.6 151.6 148.1 146.7 147.1 145.1 143 138.6 135.2 135.8 135.3 133.8 130.2 125.6 124.4 123.2 122.4 122.1 126.8 126.5 125 123.5 118.5 116.5 114.6 112.9 112.1 112.1 109.7 104.2 101.5 98.3 93.4 83.5 71.4 63.5 59.6 57.4 59.9 64.2 64.1 60.5 53.4 42 35.4 30.9 36.8 43 42.2 31.3 26.2 22.5 19.9 19.9 17 19.6 19.3 19.8 18.5 19.2 -1.5 -1.5 -1.5
192.3 192.2 190.1 187.1 184.4 179.8 174 174.4 174.8 175 174.4 172.5 170.8 167.4 164.5 161.4 159 154 147.9 143.8 143.4 143.1 142.4 138.1 133.4 131.4 130.5 129.3 129.9 127.5 125.6 124.7 124 123.3 125.7 128.8 125.3 123.6 121.3 118.6 116.7 115.3 114 115.9 117.2 115.9 111.9 107.7 102.5 95.5 85.8 72.8 62.7 54.3 48.8 48.5 50.2 51.5 54 48.5 40.5 32.5 24.7 25.7 28.6 27.5 18.5 20.1 19.9 19.7 19.8 19 18.3 18.5 18.7 15.2 17.1 -1.5 -1.5 -1.5
193.7 191.9 190.3 187.6 185.3 182.1 178.4 171.8 168.5 168.3 166.5 165.9 164.9 163.1 161.1 158.2 154.7 151.4 149.8 144.1 140.1 139.5 139.2 134.9 131 130.3 129.7 130.3 133.1 135.4 135.2 132.1 130.3 128.7 129.2 129.8 124.9 123.3 121.3 119.5 119.1 117.4 116.4 118.5 119.3 116.4 114.9 113.1 106.1 98.1 89.2 78.6 70.7 62.6 54.7 46.3 38.2 44.7 46 42.7 39.1 31.9 24 19.1 19.9 19.4 19.3 19 19.7 19.6 19.5 19 18.4 18.8 18.7 15.7 15 -1.5 -1.5 -1.5
193.6 191.4 190.5 188.2 186.2 183.6 179.9 176.5 172.3 168.5 166.9 164.8 161 158.1 157.2 155 151.6 148 144.8 142.1 138 137.1 137 132.7 131 130.5 130.7 132.2 135.1 137.7 138.8 138.8 134.7 131.4 130 129.1 126.1 123.7 121.6 119.9 118.5 117.6 117.8 118.7 117.7 117.7 116.9 116.3 111.3 100.7 91.9 85.6 78.5 70.2 62.5 55 44.4 36.2 39.8 37.7 35.3 31.2 23.4 18 19.3 19.2 18.8 18.9 19.1 19.1 18.8 18.4 18.4 18.7 18.5 17.7 16.8 -1.5 -1.5 -1.5
193.1 190.2 190.3 188.7 187.4 184.8 182.6 178.3 175.3 172 169 168.2 165.7 162.3 156.9 153.4 151.4 150.6 149.6 144.1 139.2 135.4 133.4 132.2 131.4 131.3 132.2 134.1 136.8 138.9 139.9 138.7 136.9 132.8 131.6 130.2 127.7 125.7 124.7 121.7 118.8 117.7 116.7 116.9 117.7 118.9 117.6 118.2 114.6 104.6 94.7 90.8 85 76.8 70.1 62.1 52.4 42.6 29.5 32.2 31.4 26 19.9 18.3 18.7 19 18.4 18.2 18.5 18.8 18.8 18.4 18.4 18.3 17.4 16.6 14.1 -1.5 -1.5 -1.5
191.7 189.3 189.4 187.9 187.2 185.1 184.6 182.1 178.6 175.2 172 169.7 165.7 163.6 159.4 155.9 153.6 152.4 149.8 146.6 145.1 139.4 134.6 133.4 132.3 132.3 136.4 135.9 137.8 139.2 139.3 139.1 138.4 136.3 135.4 133.1 130.9 129 125.8 122.7 119.7 116.7 115.4 114.4 114.2 112.7 113.4 112.5 112.3 108.3 101.9 96.1 89.3 79.8 72.8 66 58.6 49.8 37.4 26.1 26 23.7 19 18.9 18.8 18.4 17.9 17.7 18 18.2 18.5 18.5 18.4 17.7 17 16.4 16.3 -1.5 -1.5 -1.5
191.3 189 188.5 187.1 186.4 184.2 182.3 181.4 180.9 178.3 174.5 172.1 168.3 164.4 162.1 159.7 155.5 152.1 149.8 147.3 145 141.5 140.8 140.1 144.3 144.3 143.8 140.3 140.8 139.7 139.4 139.2 138.8 139 138.1 135.9 132.2 129.1 125.6 122.1 119.2 115.5 113.7 112.6 111.3 108.5 107.9 108.2 109.5 107.2 103.9 100 92.3 83.1 74.1 66.3 60.7 53.7 40.3 26.1 21.7 20.3 18.7 18.4 18.1 17.8 17.7 17.3 17.7 18 18.2 18 18.4 17.6 17.2 17.6 15.9 -1.5 -1.5 -1.5
191.8 189.7 187.7 186.3 184.7 183.1 180.9 179.2 179 178.6 175.4 173.5 172.4 169 163 159.7 156.3 154 151.2 148.4 147.1 144.5 144.4 145.3 145.9 144.9 142.9 142 140.6 140 139.5 139.3 139.1 138.8 137.7 138 132.6 128.9 125.4 121.9 118.6 114.7 111.7 109.9 108.3 106.4 104.1 102.4 102.9 101.6 98.7 96 90.6 83.2 73.3 64.3 58 49.9 42.1 30.8 20.7 20.3 18.1 17.5 17.5 17.8 17.7 17.4 17.3 17.8 18 17.2 17.4 17.9 14.8 12.1 15.5 -1.5 -1.5 -1.5
193.5 190.9 188.5 186.4 184.1 181.9 180.1 179.2 178.4 177.9 174.9 172.5 170.3 168.9 165.3 161.5 158.1 155.9 153.1 150.2 147 145.3 144.2 143.7 143.5 144.1 143.9 144 141.3 140.3 139.6 139.5 139.2 138.4 136.7 133.2 130.3 128.3 125.3 121.8 118.8 115.4 111.5 109.5 107.8 104.9 101.9 99.2 97.1 95.4 93.1 90.1 85.3 78.9 70.4 61.3 54.6 48.3 41.7 34.5 27.7 21 17.8 17 17.1 17.6 17.6 17.4 16.8 17.1 17.3 16.8 14.9 20.8 17.3 13.9 16 6.4 -1.5 -1.5
196.2 192.1 189.4 187.3 184.3 181.8 180.5 179.3 178.5 177.6 175.5 173.2 170.6 170.1 167.8 162.8 159.9 157.9 155 151.8 149 146.8 144.5 144.5 144.8 144.9 144.5 146.4 143.8 140.9 140.2 141.6 139.5 136 132.8 131.3 128.6 126 124.4 121.4 118.4 115.3 110.9 109.2 107.4 104.4 100.8 97 94 91 87.5 83.9 79 76.3 71.4 61.2 52.8 46.8 41 35.3 29.6 24.9 16.6 16.4 16.3 17.1 17.6 17.1 16.5 16.7 16.8 16.8 14.1 15.5 17.1 16.6 16.9 -1.5 -1.5 -1.5
