data/NH61.asc
ncols 200
nrows 200
xllcorner 260000
yllcorner 810000
cellsize 50
[rows 0 to 34 of 200, columns 78 to 155 of 200]
676.3 681.3 686.3 690.9 693 696 699.9 701.2 704.2 707 708.9 711.2 714.4 717.2 719.6 722.1 724.6 726.5 729.1 730.8 733.2 736.6 740.1 742.2 743.3 746.5 749.7 750.1 752.5 754.7 757.7 760.9 764.6 768.6 773.1 781.2 791.4 800.1 805.6 803.3 800.2 793.9 790.4 787.8 786.6 785.9 783.6 781.3 778.3 773.6 770.2 766 762.2 759.7 757.9 756.1 754.3 752.5 750.8 751.3 751.4 751.1 750.7 749.3 744.2 746.1 749.3 751.5 754.7 757.8 762.4 766.8 771.8 778.1 784.3 789.3 792.8 796.7
676.6 680 684.2 689.5 693.7 697.1 700.4 703.1 705.5 708.1 710.9 713.6 716.2 718.5 721.5 723.1 725 726.7 728.9 730.6 733.9 737.4 740.7 742.3 744.4 746.7 748.9 749.8 752.3 755.3 758.2 761.6 765.6 769.7 776.2 785.1 795 801.4 804.2 800.4 795.5 791.8 788.2 785.6 784.6 784 783.5 781.9 778.6 774.3 769.5 764.7 760.6 758.1 756.2 754.5 752.7 750.8 750.4 750.4 749.7 749.2 749.5 749.1 748.4 749 750.7 752.2 755.1 758.9 764.1 770.4 777.7 785.5 790.1 795.8 798.5 801.1
678.1 679.8 681.3 686.3 692.3 696.1 699.2 702.2 705.2 708 710.3 713.5 716.8 719.4 720.8 722.9 725.7 727 728.8 730.9 734.5 738.1 740.9 742.9 745 747.2 749.4 750.6 752.8 755.9 758.8 762.6 766.5 772.5 779.4 787.1 794.8 799.5 800 795.6 789.9 788.5 785.8 783.7 782.7 782.1 781.7 781.6 778.1 773.5 768.4 763.4 759.3 756.6 754.6 752.8 750.9 749.9 750.1 749.1 747.8 747.3 747.9 749.1 748.4 750.3 751.4 753 756.7 761.2 767.2 774.6 782.3 789.9 794.7 800 801.8 803.1
681.3 684.3 687.6 688.9 688 692.5 697 700 703.5 706.8 709.7 712.4 716 719.5 720.4 722.8 725.5 728.2 729.3 731.5 735.2 738.8 741.3 742.9 744.8 746.6 748.5 750.2 752.7 755.5 758.5 761.3 766.9 774.3 780.6 785.5 790.7 793.4 792.5 789.8 787.2 785.4 784.1 782 781 780.4 780.9 780.7 777 772.4 767.2 762.1 759 756.1 753.3 751 749.4 749.8 748.8 747.8 746.4 745.4 746.3 747.5 748.8 751 751.9 755.5 761.5 767.4 773.4 779.7 786.3 793 798.3 801.7 803.2 804
685.6 689.1 691.1 692.9 692.4 694.2 695.2 698.5 702.1 705.4 708.6 711.5 714.9 718.6 720.2 722.6 725.3 728 730.8 733 736.2 739.3 741.2 743 744.8 746.6 748 750.9 753.3 755.5 758.2 761.2 766.7 774.8 780.2 782.6 785.4 786.6 785.4 784.7 783.4 782.4 781 779.9 780.9 780.8 779.8 778.5 774.4 770.4 765.4 761.1 758.5 755.6 752.8 750 749.6 748.5 747.5 746.5 745.2 743.5 744.8 746 748.4 751.1 754.5 759.9 765.6 771.8 778.2 784.3 789.9 795.8 800.2 801.7 802.5 801.3
689.4 691.1 693 695 696.8 699.2 700.7 700.3 703.1 705.4 707.2 710.3 714 718.2 721.1 722.3 724.8 727.6 730.5 733.5 736 738.2 741.2 743 743.9 745.7 748.9 751.8 753.9 756.1 758.2 761.6 767.1 771 776 778.4 779.9 780.1 779.8 779.9 779.4 778.9 778.4 778.2 779.1 778.9 776.5 775.4 772.6 768.2 763.6 760 757.4 754.9 752.2 750.6 747.5 746.5 745.6 744.6 743.4 741.7 743.3 745.7 748.3 752.5 758 764.1 769.7 776.1 782.6 788.7 793.5 795.5 799.5 800.5 800.4 797.4
691.1 693 694.9 697 698.8 700.9 702.9 704.8 705.5 707.5 709.2 711.3 712.6 717 720.8 723 725.2 727.8 730 732.4 735 737.6 740.2 740.6 743.6 746.7 749.7 750.9 753.5 756 758.6 761.9 765.6 769.5 772.5 775.3 777 777.1 776.7 777 777.2 777.4 777.2 776.9 777.4 777.7 775.2 772.7 770.9 765.7 760.5 758.5 755.9 753.4 750.9 748.5 746.7 744 743 742.7 741.4 740.7 743 745.7 749.5 754.2 760.7 766.9 772.5 779.7 785.8 791.2 792.8 794.6 797.1 796.1 793.8 790.7
691.8 694.9 697 698.8 700.7 702.7 704.5 706.4 708.2 709.6 711.5 714.4 716.5 719.1 720.4 722.9 725.7 728.5 730.7 732.3 733.9 736.8 738.7 740.6 743 745.8 748.8 751.3 753.3 755.3 757.5 760.8 764.3 767.6 770.3 772.5 774.3 774.4 773.7 775.2 775.8 776.2 776.1 775.6 775.8 776.2 773.9 771.4 769 763.5 758.4 756.1 754 751.4 748.6 745.9 743.7 741.7 740.7 740.2 738.8 741.1 744.2 747.4 750.2 756.2 763 769.7 774.8 781.5 789.4 791.6 792.1 792.9 792.2 789.9 787.4 783.3
692.3 696.1 699.2 700.5 702.4 704.3 706.1 707.9 709.8 711.7 715.6 717.7 719 720.8 719.4 722.5 725.9 729 731.3 733 735 737.1 739.5 741.4 743.3 745.6 747.6 749.3 751.2 753.5 756.8 760 763.2 766.1 768.6 769.5 771.5 771.6 771.5 773.6 773.8 775.2 774.6 774.4 774.5 774.7 773 770.9 767.2 762.9 758.4 754.9 751.8 748.8 746.1 743.5 740.9 739.4 738.3 737.9 737.9 740.2 743.6 746.9 750.3 757 764 770.9 776.5 782.9 790.1 791.6 791.3 788.8 785.9 784.2 779.8 773.1
695.5 696.8 700.6 702.2 704 705.9 707.7 709.6 711.7 714.3 717.8 720.6 720.5 720.4 720.4 722.6 726.5 729.7 731.6 733.7 735.9 738 740.1 742 743.6 745.2 746.8 748.3 749.7 752.8 756.1 759.3 762.5 764.9 766.9 768.6 768.6 768.7 769.5 771.1 771.8 773.7 773.2 773.3 773.4 773.8 772.8 770.5 766.3 761.3 756.3 752.2 748.8 745.6 742.9 740.3 738.2 736.5 735.4 735.6 737.2 740 742.7 747.3 752.4 759.9 766.8 772.1 777.7 783.6 787.3 788.8 786.9 781.6 778.3 774.4 767.7 762
698.4 699.4 701.2 703.9 705.7 707.6 709.4 711.6 714.2 716.9 719.8 721.8 723.3 724.2 724.9 725.6 726 729.6 730.9 733 735.2 737.3 739.6 741 742.7 744.3 745.7 747.2 749.1 751.3 755.1 758.8 761.3 763.3 765.3 767.3 767 766.7 767.8 768.9 771.3 772.2 772 772.2 772.6 772.8 772.2 770.3 765.5 760.2 755 749.6 745.8 742.4 739.8 737.7 735.6 733.6 732.4 733.3 735.2 738.3 743.7 749.5 755.6 761.7 768.8 773.7 778.4 783 783.9 782.7 779.8 774.1 766.3 759.7 753 746.6
700.2 701.7 703.2 705.5 707.4 709.3 711.6 714.2 716.7 718.9 720.3 722.9 725.4 726.9 727.7 728.7 729.4 729.1 730.2 732.3 734.5 736.8 739.2 740.3 741.9 743.7 744.8 746.4 748.4 750.3 753.5 757.3 761 763 765.2 767.9 766.9 765.3 766.6 767.7 770.7 770.7 771 771.4 771.7 771.8 771.3 768.3 764.7 759.8 753.3 747.8 743.7 739.8 737.4 735.5 733.3 731.1 730 731.2 732.8 737.7 742.8 749.8 756.9 763.5 770.1 773.8 776.8 780 776.6 773.4 770.2 763.4 754.9 745.9 739.7 733
703.5 704.3 705.7 707.1 709.1 711.5 713.8 716 718.2 719.8 722.3 724.9 727.5 728.3 730.4 731 731.4 731 730.1 731.8 733.9 736.5 738.6 740.2 741.3 742.1 742.5 745 747.7 749.7 751.8 756 760.5 763.8 766.6 769.2 768 765.9 765.5 766.8 768.4 768.8 769.7 770.6 770.9 770.2 768.5 765.8 762.4 758.2 752.1 746.2 741.3 737.9 734.7 732.2 730.7 729.6 728.6 728.9 731.2 735.8 741.8 749.8 757.6 763.9 768.1 771.2 773.6 773 771.1 767.1 761.3 753.5 744.5 735.8 729.1 723.8
706.5 707.4 709 710.8 711.5 713 715.2 717.4 719.6 722.2 724.3 726.6 729.6 730 730.9 731.9 732.9 733.9 732.6 732.3 734.5 737.1 737.7 739.2 740.6 740.9 742.1 744.2 746.3 748.7 750.9 754.9 758.9 762.6 766 768.5 769.2 766 763.6 763.6 765.7 766.3 767.2 768.1 768.4 767.4 766.1 762.9 759.6 755.2 749.6 746.1 741.9 737.5 732.9 729.8 728 727.4 726.6 726.6 731.2 737.3 742.9 750 757.2 761.8 765.3 768 767.6 766.3 764.6 759.4 752.3 743.9 734.7 726 720.4 716.7
709.3 710.6 711.9 713.6 715.7 716.4 717.5 718.9 721.6 724.3 726.3 728.4 731 732.1 733 733.8 734.4 735.2 735.5 734.5 735.6 737.6 738.9 738.4 739.8 740.7 743 745.4 747.4 749.3 751.2 754.5 758.5 762.3 765.5 767.4 766.9 764 762 761.1 763.1 763.8 764.2 764.5 764.8 764.3 763.4 760.1 756.8 752.3 748.3 745.5 742.5 738.5 734 729.9 727.1 725.4 724.6 726.6 731.8 737.7 744 750.2 755 759.3 760.2 760.8 761 759.1 754.4 749.4 741.4 731.8 724.5 717.4 714.1 710.2
712.5 713.8 715.1 716.4 718.9 720.2 721.3 722.7 725.2 727.7 729.5 730.5 731.2 733.7 734.3 734.9 735.6 736.4 737.2 737.4 737.1 738.1 739.7 739.7 739.3 742.1 744.1 746.3 748.7 750.6 752.5 755 758.1 761.9 764.1 765.9 764 761.3 758.9 756.4 758.4 760.2 758.6 757.9 759.3 759.8 758.9 756.9 753.3 750.2 747.6 744.7 741.7 738.7 735.1 730.1 726.8 723.9 722.6 727 732.4 738 744.5 750.9 752.8 755.8 755.7 754.1 752.7 749.3 743.9 738.2 730.5 723.5 716.7 712.5 708.4 704.1
715.6 716.9 718.3 719.6 719.7 721.7 724.7 727.1 729.6 731 732.2 733.3 734.1 735.9 735.4 736.1 736.9 737.5 738 738.3 739.3 739.7 740 740.1 740.1 743.2 746.4 748.4 750.4 751.9 753.8 756.3 758.8 761.6 762.3 762.9 761 758.3 754.4 749.5 750.9 752.4 752.1 752.1 753.3 754.2 753.5 752 749.4 746.8 745.6 744.6 741.9 739.2 735.7 730.2 726.2 722.7 722.1 726.2 732.5 738.6 746.2 751.4 753.1 752.3 750.8 748.1 745.2 740.3 735.1 728.5 724.2 718.2 711.7 707.2 703.1 699.5
718.6 719.9 721.1 721.1 722.2 724.6 727.8 730.6 732.5 734.3 736 737 737.8 738.8 736.6 737.1 737.8 738.5 738.6 738.7 740.4 740.8 740.2 740.7 740.6 744.3 748.2 750.7 752.8 754.6 754.9 758 760.7 761.2 761.1 760.5 758 755.4 752.4 745.4 742.1 744.4 744.3 743.7 744.9 745.3 745.1 744.9 745.1 744.8 743.8 743.2 742.5 740.1 734.9 729 724.1 721.7 720.1 725.7 732.9 740.2 747.2 751.3 751.7 751 748.6 744.6 740.3 735.3 727.9 721.1 717.1 712.8 707.2 703.3 699.7 696.2
719.9 721 721.8 723.2 725.4 728.3 730.8 733 735.1 737.5 739.9 740.7 740.7 740.3 738.6 738.5 739 739.4 739.1 739.2 741.1 740.6 740 739.6 742.1 745.5 749.8 753.5 755.2 757.4 757.6 758.7 761.1 761.1 760.9 758.9 755.5 751.7 748.9 743 731.3 733.6 734.5 732.9 733.3 735.3 737.4 738.6 740.3 741.6 742.1 741.6 741.1 740.4 734.9 728.7 722.8 720.4 719.6 728.4 735.6 742.5 748.2 751.1 751.2 748.9 745.4 741.4 737.5 730.6 722.8 717.1 712.2 707.4 703.5 700.1 696.4 692.9
721.1 722.2 723.4 725 727.3 730.2 733.1 735.9 738 740.3 741.1 741.1 741.2 741.1 740.7 739.2 740.5 740.7 739.2 739.6 740.9 740.3 739.7 741.1 743.3 747.6 752.2 755.9 758.7 759.5 760.8 759.3 760.6 760.1 758.7 755 750.5 746.4 743.8 739 727.9 721.1 720.9 719.6 722.1 726.6 730.8 732.2 734.1 736.8 740.2 741 741 740.4 734.5 728.5 721.9 717.7 723.2 730.6 738.5 742.9 745.3 748.6 746.8 744.2 741.3 737.6 732.2 726.3 719.6 714 709.2 705.4 701.6 697.6 693.2 689.6
722.1 723.8 725 726.8 729.2 732.1 735 737.9 740.6 741.1 741 741 741.6 742.1 741.4 740.7 740.2 739.9 739.5 739.6 741.2 740.4 740.3 741.7 745.4 749.8 754.5 758.9 760.4 761.6 761.3 759.9 756.8 755.8 752.7 749.5 745.3 741 737.1 730.8 722.1 714.2 712.3 712.5 715.3 719.3 723 725.5 727.4 731.4 735.8 740.1 740.6 738.5 733.6 727.9 720.7 718.3 723.2 731.1 738.3 740.9 742.9 743.4 741.3 738.1 735 731.3 726.6 721.6 716.7 711 707.2 703.6 700 695.8 691.4 686.6
721.7 724.2 726.6 728.6 730.8 733.3 736.3 739.2 741.1 740.8 740.8 741.7 743 743.2 742.5 741.8 741.3 740.3 740.8 740 739.3 739.2 741.4 742.5 746.6 751.9 756.5 760.7 761.7 762.3 761.6 758.8 753.8 748.2 747.5 743.7 739.1 733.6 727.2 720.6 712.8 709.2 707.9 706.8 708.8 711.3 714.2 717.6 722.2 726.8 731.4 735.4 736.6 735.1 731.5 726.6 720.9 716.8 721 729.4 735.5 738.4 737.9 737.7 734 730.8 727.8 723.4 721 716.5 711.7 708.9 705.5 702.1 698.4 694 689.5 684.6
721.4 723.9 726.4 729.6 732.5 734.7 737.2 739.2 739.6 740.6 741.8 743.1 744.4 744.3 743.6 743 742.4 741.9 740.9 740.3 740.2 741.3 742.3 743.2 748.4 753.8 758.7 761.3 761.3 761.9 759.7 755.1 751.2 740.1 737.6 734.4 731.2 724.3 717.6 710.5 706.7 704.3 702.5 702.1 702.4 705.1 707.8 713.6 719 723.4 727.9 730.6 731.2 730.5 727.9 724.4 718.8 715.7 719.6 727.7 730.8 730.8 729.6 729.2 727.4 723.9 720 717.6 714.7 711.2 708.5 706.1 703.5 700.1 696.5 691.7 687.5 683.2
721.2 723.7 726.3 729.6 732.9 736.2 738.6 740.4 740 742 743.2 744.5 745.8 745.4 744.7 744.1 743.5 743 742.4 741.9 741.2 742.3 742.7 745.6 750.5 755.7 760.2 761.3 761.3 761 755.9 751.2 747 741.9 731.9 723.5 719.8 713 708.7 705.5 702.6 700.7 700.8 698.9 697.9 699.8 704.7 710.9 716.1 720.3 724.3 727.2 727.1 726.2 723.3 720.2 716.1 713.5 716.8 723.4 725.8 725.5 724.3 723.9 722.6 719.5 715.6 713.3 710.6 708.7 706.6 704.7 702.3 699.8 693.4 689 684 679
720.6 723.4 726.3 729.6 732.9 736.2 739.3 741.1 741.6 743.5 745.1 745.9 747.2 746.5 745.8 745.2 744.7 744.1 743.8 742.7 742.7 743.9 745.2 747.6 751 755.4 760 761.3 761.2 758 752.7 748.1 744.3 737.9 731.4 722.7 711.1 704.7 703 700.7 699.3 699.4 697.6 695.7 695.2 697.9 702.5 708.5 713.3 717.8 720.9 723.1 722.9 721.1 718.9 716.2 713 710.2 712.5 717.4 720.2 719.8 719.1 718.6 717.4 715.1 711.8 709.8 709.8 708.5 706.4 705.1 703.1 699.4 695.2 691.2 685.8 679.1
719.6 722.9 726.2 729.2 732.3 735.4 738.5 741.5 743.6 745.5 747.3 747.7 748.3 747.6 747 746.4 745.8 745.9 746.1 746.7 746.9 747.4 748.7 750.2 752.6 756 759.9 760.7 757.7 754.2 749.3 744.1 738.8 733.1 725.9 715.1 705.5 701.9 699.8 697.3 697 696 694.1 692.7 693.8 697.2 700.4 705.7 710.8 716 720.1 719.8 718.8 717.2 715.3 712.1 709.1 707.1 707.5 711.1 714.2 714.5 713.8 713.3 712.3 710.6 709.2 709 709 709.3 707.8 706.2 704.6 701.5 697.9 692.6 686.8 680.1
719 722.9 727.1 729.9 732.6 735.4 738.5 741.5 745.9 747.9 749.6 750.6 749.6 748.8 748.1 747.8 747.7 747.6 748 749.8 751 751.3 752.2 753.9 755.3 755.9 757.5 757.3 754.2 749.3 743.1 738.4 733.1 727 716.9 706.8 702.4 699.4 696.5 694.2 694.2 693.9 692.2 690.8 692 695.4 698.7 703.3 708.5 713.7 716.9 715.8 714.8 714.3 712.6 709 705.5 703.2 702.4 704.9 708 709.6 709.7 708.9 709 709.4 709.6 710.7 711 710.3 709.6 707.4 705.7 703.5 699.8 694.3 687.7 678.9
720 722.9 727.3 730.9 733.6 736.3 739 742.1 747.6 750.2 750.9 750.9 750.5 748.8 749.6 749.1 749.1 749 750.7 752.5 754.4 755.3 755.6 756 755.6 755.5 756.2 754.3 749.9 743 736.8 731.8 725.9 715.7 708.3 702.7 699.7 696.7 694 692.8 692.6 692.7 691.3 689.3 690.6 693.4 696.7 700.8 705.7 710 712.1 711.2 711.2 711.1 709.7 705.9 702.2 699.8 699 699.7 702.2 706.5 709.4 708.9 709.2 710 713.1 716.2 716.1 713.1 711.4 710.2 707.9 705.1 700.9 695.6 687.8 676.9
722.4 724.3 727.8 731.7 734.6 737.4 740.1 743.3 747.9 750.7 750.9 750.9 751.2 750.4 752.2 750.5 751.5 753.1 754.8 756.2 757.8 759 757.8 757.9 750.5 753.2 753.9 750.5 744.1 737.2 729.5 721.2 716.1 708.9 703.4 700.1 697 694 692.6 691.4 690.8 691.5 690.4 689.4 690.4 691.7 694.6 697.7 701.4 705.7 707.3 707.7 708 707.9 706.1 703.4 699.5 697.5 696.5 697.2 699.2 703.1 708.2 709.4 712.6 715.6 718.6 720.1 720.5 717.9 714.7 711.3 707.7 704.5 700.2 693 683.2 674.5
725.4 727.3 729.3 732.6 735.7 738.5 741.5 744.7 747.9 749.9 750.7 751.1 751.6 752.2 754.1 755.4 756.8 758.2 759.6 760.6 760.9 760.9 759.1 757.1 743.5 742.8 746.4 742.7 738 730.9 722.5 715.5 708.5 704.5 700.8 697.6 694.4 692.5 691.4 690.4 689.7 689 687.2 686.1 685.9 689 692.1 695.1 698.9 702 702.6 703 703.4 704.4 702.8 700.4 696.9 694.5 693.8 695.3 698.9 705 709.7 712.3 715.5 718.8 720.6 721.2 721.3 718.7 713.5 709.2 705.9 701.9 696.2 688.9 678.3 671.3
729.9 731.8 732.2 734.5 737.2 740 743.8 747 748.9 749.5 751.3 753.2 753.7 755.1 756.7 759.4 760.4 761.1 761.1 760.4 760.1 759.9 758.4 755.3 745.3 729.1 733.1 733.9 730.3 724.3 717.6 710.9 705.9 702.1 698.6 695.4 692.5 690.4 691.1 689.4 688.1 686.3 685 682.4 682.7 684.9 689.2 692.6 695.9 697.6 697.9 698.4 699.4 700.4 700.5 697.2 694.2 691.1 692.1 695.6 700.7 705.5 710.6 714.6 716 719 720.1 721.1 718.9 714.5 709.8 704.8 700 693.6 687.1 680.5 673.5 665.4
734.5 736.3 735.7 737.7 739.6 741.9 745.9 749.1 748.7 749.9 752.9 755.3 756.5 757.7 759 761.7 765.1 765.8 765.7 762.5 760.9 759.4 755.4 751.8 745.8 737.2 723.8 725.1 722 717.9 713.4 707.9 703.5 700.1 696.6 693.3 690.8 690.3 688.6 687.3 686 684.5 682.5 680.1 679.4 681.7 684.6 689.4 691.5 693 693.5 694.2 695.3 696.4 696.6 693.1 690.9 690.6 692.8 700.1 706.6 710.2 713.4 713.6 715.3 716 716.5 714.2 711.5 707.1 701.7 695.4 688.8 683.6 677.6 672.9 667.1 658.5
740.6 741 740 739.5 741.4 743.9 747.4 749 748.7 749.5 752.9 755.7 758 759.6 760.6 764.4 768.1 769.1 768.9 766 761.2 756.5 752.6 747.3 741.8 735.2 727.2 718.2 714.9 711 709.4 706.9 703.1 699.7 696.1 692.5 689.3 687.4 686 685.5 684 682.7 680.7 681 677.7 675.9 680.3 685.4 688.4 689.1 689.3 690.8 691.2 692.3 692.4 689 686.9 685.3 693 702.5 709.2 711.8 714 713.8 713.1 712.9 709.4 705.5 701.1 697.9 691.1 683.9 678.8 673.7 668.9 664.5 657.8 652.3
743.1 742.6 741.5 739.9 740.7 742.3 744.8 746.8 749.5 752.4 754.3 758 759.9 761 764.7 767.4 770 770.9 769.7 764.9 759.3 753.8 747.9 742 736.2 730.3 724.1 719.5 713.4 710.2 707.1 705 702.7 699.7 695.4 691.7 688.3 684.8 683.4 682.4 682.4 681.1 680.1 676.8 674.1 669.7 674.3 680.5 684.3 685.7 686.5 687.4 687.9 686.7 686.9 686 681.7 688.1 695.7 702.8 708.2 710.5 712.5 710.9 709.7 707.3 702.3 697 689.7 685.8 680.4 674.8 669.9 665 660.4 656 651.2 646.3
746.7 746.2 744.6 743.8 745.4 746.9 750.1 751 752.6 755.8 757.8 760.1 762 761.9 765.8 768.3 769.9 770.2 766.8 761.7 756.1 749.8 743.5 737.5 731.6 725.9 720.7 716.6 711.9 708.2 704.9 702.1 700.8 700.1 695.6 691.1 687.4 683.9 680.6 679.1 677.5 676.5 674.6 671.6 670.6 668.8 669.9 675.6 680.3 682 683.2 684.6 683.6 681.1 679.1 680.3 679.1 686.3 693.7 701 705 707.7 706.8 704.1 701.1 696.7 692.8 686.1 681 678.1 672.1 666.2 661.3 653.4 652.3 648.5 644.9 642.9
