data/NH64.asc
ncols 200
nrows 200
xllcorner 260000
yllcorner 840000
cellsize 50
[rows 76 to 113 of 200, columns 84 to 167 of 200]
57.2 62.6 63 68 68.7 67 65.8 58.8 52.6 45.7 36.6 29.1 22.4 16.9 14.7 9.1 3.7 3.3 5.7 5.9 6.2 6.5 1.8 3.3 3 2.7 2.8 3.1 3.2 3.4 3.5 3.7 3.8 3.9 4 4.1 4.2 8.5 4.3 3.9 3.5 3.6 -1.5 -1.5 -1.5 3 3.4 3.9 3.9 3.9 3.8 3.9 4.1 4.2 4.3 4.7 4.7 4.6 4.5 4.4 4.2 4.1 4 3.9 3.7 3.6 3.5 3.4 3.2 3.4 3.6 3.8 4 5.9 3.5 3.6 2.9 3.6 6.9 7.9 7.5 7.1 6.8 -1.5
72.5 77 80.4 79.5 80.1 72.4 68.7 57.6 50.9 43.5 36.5 29 22 20.2 16.7 12.1 9.3 4.4 4.8 5.7 6.1 6.2 6.5 3.2 1.9 2.3 2.7 2.9 3.1 3.2 3.4 3.5 3.7 3.8 3.9 4 4.1 4.1 4 3.2 3.4 3.5 -1.5 -1.5 -1.5 2.8 3.3 3.7 4.1 4.1 4.1 4.1 4.3 4.3 4.7 5.5 4.7 4.9 4.7 4.6 4.5 4.4 4.2 4.3 3.9 3.8 3.6 3.5 3.4 3.3 3.5 3.7 3.8 3.6 6.6 3.5 2.8 3.1 6.8 7.3 9.4 6.8 -1.5 -1.5
84.4 89.6 90.3 88.1 78.3 73.3 67.4 57 49.6 43.2 36.2 29.3 24.2 19.8 17.4 15.6 14.7 11 5.9 5.2 5.7 6 6.3 6.4 2.1 2.3 2.5 2.8 3 3.1 3.3 3.4 3.5 3.6 3.7 3.7 3.8 3.8 3.9 3.2 3.5 -1.5 -1.5 -1.5 -1.5 3.2 3.4 3.6 4 4.4 4.4 4.4 4.3 4.2 5.2 5.1 4.6 4.5 5 4.8 4.7 4.5 4.7 4.5 4.1 3.9 3.8 3.7 3.5 3.3 3.4 3.6 3.7 3.5 3.4 7.4 4.4 5.1 7.7 7.3 7.1 6.8 -1.5 9.8
97.1 99.8 97.2 87.7 74.2 69.5 61.7 54.7 49.9 43 36.6 29.8 24.6 20.1 18.7 17 16.3 12.7 10.1 7.1 7.3 5.7 5.9 6.3 2.6 2.4 2.3 2.6 2.9 3 3.1 3.3 3.3 3.4 3.4 3.4 3.4 3.5 3.5 3 3.4 -1.5 -1.5 -1.5 -1.5 3.4 3.9 4.1 4.3 4.5 4.4 3.7 4.3 4.5 5.3 5.5 5.3 5.1 4.9 4.9 4.9 5.1 5 4.6 4.2 4.1 4 3.8 3.6 3.4 3.3 3.5 3.5 3.5 3.7 3.7 6.1 9.4 3.3 7.7 7.4 -1.5 7.4 13
103.7 103.7 98.9 90.8 78.9 65.4 60.9 56.3 47.9 42.2 36.6 32.5 27.6 24.9 21.4 18.7 16.1 14.7 14.6 10.2 7.1 4.9 5.7 6 6.4 3.1 2.5 2.5 2.7 2.9 2.9 3 3 3 3.1 3.1 3.1 3.2 3.2 2.8 -1.5 -1.5 -1.5 -1.5 3.3 3.9 4.2 4.6 4.8 5 4.9 4.1 4.6 5.1 6.3 6.3 6.2 5.6 5.2 5.3 5.5 5.2 5 4.8 4.3 4.1 3.9 3.6 3.3 3.4 3.5 3.7 3.8 3.8 4 4.3 4.5 3.8 9.9 5.4 -1.5 -1.5 8.4 9.6
105.4 104.3 98.5 86.9 75.7 69.3 65.9 59 51.1 43.1 37.2 34.7 30.9 27.5 25.1 21 18 15.6 15.1 15.5 7.7 7.9 7 6 6.5 3.3 2.9 3 3 2.9 2.8 2.7 2.7 2.7 2.8 2.8 2.8 2.8 2.9 -1.5 -1.5 -1.5 -1.5 2.9 3.7 4.5 4.8 5 6.5 5.6 5.8 6.2 6.3 7.5 8 8.3 7.1 6.1 5.6 5.8 6 6 5.8 5.4 5.2 5 4.8 4.5 4.2 4.1 4.2 4.6 4.9 4.9 4.8 4.7 4.6 4.3 4.3 10.8 11.8 -1.5 -1.5 -1.5
105.8 104 91.9 84 81.1 72.2 67.6 59.6 48.6 43.2 39.9 37 33 29.8 27.8 24.2 20.5 19.7 16.1 14.6 12.5 8.2 7 6 5.5 3.5 3.4 3.4 3.6 3.4 3.2 3 2.9 2.8 2.6 2.6 2.6 2.6 -1.5 -1.5 -1.5 -1.5 3.1 2.7 3.9 4.6 7.9 4.7 6.7 6.6 7 7.3 7.2 8.8 9.2 7.5 8.1 8.2 6.5 6.5 6.9 6.8 6.5 6.2 6 5.9 5.8 5.6 5.3 5 5.1 5.2 5.3 5.2 5 5 4.6 4.5 4.6 3.5 6.8 13.4 13.9 5.5
108.3 104.3 95.5 84.8 83.3 73.7 65.4 58.9 48.9 44.9 39.9 35.7 33.6 31.7 29.4 27.1 23.2 21.8 17.8 15.5 13.7 8.4 7.1 6.5 3.5 3.8 3.9 4 4 3.8 3.6 3.4 3.2 3.1 3 2.9 2.7 2.6 -1.5 -1.5 -1.5 3.5 2.7 3 4.2 4.4 4.3 5.1 5.4 6.7 7.8 8.5 9.6 8.6 8.4 9.5 8 8.3 8.1 8.4 8.3 8.1 7.9 7.8 7.9 8.2 6.8 6.6 6.6 6.7 6.2 6 5.6 5.3 5.2 5.2 4.8 5 6.8 8.5 7.9 8.5 14.6 15
109.7 104.9 101.2 89.1 83.6 76.8 61.9 57.5 53.2 47.3 42.3 40 37.6 35 32.2 28.6 26.1 22 19.4 15.4 14.1 8 6.6 5.7 4 4.3 4.5 4.2 4.4 4.2 4 3.8 3.6 3.5 3.3 3.2 3.1 2.9 -1.5 -1.5 -1.5 3.8 4 3.3 4.9 5.1 4.8 5.6 7 10.3 12 13.1 8 8.3 8.1 8.2 8.6 8.9 9.1 8.8 8.3 8.3 8.1 7.9 7.9 8.1 8.2 8.1 8 8.1 7.7 8.1 8 6.9 7.3 8.3 7.9 7.1 6.4 5.3 5.1 4.8 4.9 4.5
110.1 105.6 101.2 90.3 80.9 74.3 64.9 58.5 53.6 48.5 46.4 42.9 39.9 37.7 34.4 30.9 27.5 23.5 19.9 15.3 14.5 7.8 9.1 4.6 3.4 3.5 3.8 4 4.7 4.5 4.4 4.2 4 3.8 3.7 3.6 3.4 3.3 -1.5 -1.5 -1.5 6.1 4.3 3.3 5.7 6.1 6.8 9.3 9.1 9.9 8.5 6.7 7.1 7.7 7.8 8.1 8.7 8.8 8.8 8.6 8.9 8.7 8.2 8.4 8.5 8.1 8.2 8 8.7 8.6 8.3 8.1 7.8 7.1 8 9.9 9.2 8.3 5.9 4.5 4.6 4.4 4 3.3
109 102.4 95.3 89.7 79.2 71.7 68.1 59.7 57.5 52.9 49.8 46.6 43.5 39.2 37 32.3 28.6 24.6 19.5 16.1 14.4 10.6 6.4 5.7 4.4 3.8 3.3 4.2 5 4.8 4.7 4.6 4.4 4.2 4 3.9 3.8 3.6 -1.5 -1.5 -1.5 3.9 3.2 3.3 3.6 5.6 5.5 6.7 8.1 8.8 8.9 8.6 7.1 7.6 7.9 8.3 8.8 9 8.5 9.7 10.3 9.2 13.8 12.8 10.2 8.3 9.6 10.4 10.3 9.9 8.7 8.6 7.8 8.2 27.8 27.9 27.6 27.7 8.9 8.5 5.8 4.1 3.7 4.2
109.6 103.8 96.4 89.6 78 76.3 69.3 63.1 59.4 54.2 52.2 47.5 45.8 42.2 36.3 32.3 28 25.4 19.3 16.8 14.5 12.7 7.1 6.6 5.8 4.8 4.8 4.8 5 5.1 5 4.8 4.7 4.6 4.4 4.3 4.3 4.6 -1.5 -1.5 -1.5 -1.5 2.9 3.6 3.9 3.9 5.4 7.1 8.3 8.6 8.7 9 7.5 8.2 8.7 10.3 9 9.3 9.2 10 10.6 27.5 28.3 29.2 29.1 28.9 17.8 10 9.5 9.3 8.9 8.6 8.6 27.9 27.6 27.7 27.7 26.6 7.6 10.9 24.4 25.4 17.6 5.9
110.1 105.2 97.7 90.4 80.3 76.4 68.8 64.1 59 56.1 53.3 51 46.9 42.6 38.3 33 29.2 25.5 21 17 14.7 11.2 9.5 7.2 6.6 6.2 6.2 6 5.7 5.4 5.3 5.1 4.9 4.7 4.5 4.3 3.6 3.5 3.1 -1.5 -1.5 -1.5 -1.5 3.9 4.3 5.3 6.1 8.7 11.7 8.8 9.1 9.5 8.7 9 9.3 9.3 9.5 9.5 9.7 10.3 26.6 27.9 28.1 28.8 29.1 28.8 17 10.9 10.4 10.1 9.9 9 14.8 27.6 27.8 27.8 27.5 23.4 11.1 11.8 26.4 26.5 26.4 25.7
112.8 104.8 95.9 89.2 78.8 76 69.4 64.6 56.6 56.7 54.7 51.9 46.7 43.1 39.1 33.6 27.6 23.4 19.8 17.3 15 11.6 11.3 9.8 8 6.8 6.4 6 5.8 5.9 5.8 5.6 5.4 5.3 5.1 4.8 3.9 3.8 3.5 3 -1.5 -1.5 -1.5 -1.5 3.4 7.4 7.1 7.4 8 8.3 8.4 8.6 8.8 8.8 9.1 9.2 9.3 9.6 11.1 26.5 28 27.8 28.1 28.6 28.2 23.6 14.6 10.9 10.6 10.4 10.4 9.7 20.8 27.8 28 27.8 27.1 26.7 17 10.8 23.7 26.5 26.5 26.4
118.6 108 95.5 84.9 78.9 75.7 69.7 65 62 58.5 55.3 51.2 45.4 42.3 36.3 32.8 26.2 24.2 20.1 16.7 16.6 10.7 10.3 10.9 9.1 8.5 7.4 6 6.2 6.4 6.4 6.2 6.1 5.9 5.8 5.3 4.1 4.2 3.9 3.2 3 -1.5 -1.5 -1.5 -1.5 6.6 6.5 7.3 8.2 8.4 8.7 9 9.2 9.6 9.3 9.4 9.2 9.3 24.9 26.9 27.7 28.6 28.1 28 24.7 24.9 15.3 10.9 10.3 10 10.7 9.4 17.8 28.1 28.1 27.4 27.1 26.5 17.4 13.2 27.1 26 26.1 27
121.2 110.9 97.1 83.7 79.2 73.4 67.3 64.4 62.5 57.4 52.6 50.8 44.8 39.8 35.2 30.5 26.4 24 19.8 15.9 10.1 9.6 9.2 9.2 10.2 10.3 8 7.1 6.8 6.7 6.8 6.8 6.7 6.5 6.4 5.7 4.5 4.5 4.2 3.4 2.8 -1.5 -1.5 -1.5 -1.5 -1.5 6 7.6 8.5 8.6 8.6 8.9 9.3 9.6 9.4 9 9.8 20.3 26.8 26.6 26.9 27.6 28.6 27.7 27.5 24.3 15.1 13.3 11.1 9.8 10 10.7 12.3 28.8 28.3 28.2 27.7 27.6 13 21.3 26.8 26.2 27 27.4
120.3 108.2 90.9 79.9 75.4 70.5 66.8 63.5 60.5 55.4 51.3 47.1 42.2 40.3 33.8 29.4 25.8 23.3 17.1 16.4 10 9.4 9.2 9 8.9 9.4 11 9.2 8.6 8.1 7.4 7.2 7.2 7.2 6.9 6.1 5 5 4.8 5 4.6 4 -1.5 -1.5 -1.5 -1.5 5.2 7.2 8.7 8.9 8.9 8.9 9.2 9.5 9.9 10.9 16.1 28.4 28.9 27.9 28.1 29.1 29 28.8 27.8 28.5 19.2 12.7 11.1 10.5 10.7 10.8 11.8 27.7 28 28.3 28.3 27.2 15 28.5 27.5 27.3 27.4 27.5
114.7 101.4 87.3 80.2 73.8 69.7 67.5 64.6 58.7 54 48.6 44.8 41.3 37.5 34.8 30.3 27 23.5 15.5 10.4 9.9 9.2 9.1 9 8.9 9 10.5 9.6 9.4 9 8 7.4 7.8 7.1 6.6 6.1 5.9 5 5.1 5.1 5 4.7 3.7 -1.5 -1.5 -1.5 -1.5 6.1 8.5 9.5 9.7 10 10.1 10.5 10.9 13.5 28 29.2 29.8 28.7 28.6 28.9 28.9 28.6 28.4 28.5 25.6 17.3 12.1 11.3 11.2 10.2 9.6 28.1 28.2 28.2 28.2 28 17.1 21.8 27.5 27.2 27.5 27.6
102.2 92.7 81.7 75.4 72 68.1 64.3 59.7 57.2 52.3 48.4 44.5 40.5 37.8 34.6 30.6 26.6 16.1 16.2 9.2 9.4 9.2 9.1 9 8.9 8.8 9.8 9.6 9.5 9.3 9.3 8.5 8.1 7.3 6.8 6.2 5.8 5.7 5.1 5.2 4.6 3.9 3.5 3 -1.5 -1.5 -1.5 4.9 7.4 9.6 10.8 11.3 13.1 15.8 21.3 28.7 26.3 28.4 29.1 29.1 28.5 29 28.7 28.7 28.7 28.7 29.1 16.7 14.7 12.3 11.7 11.1 10.1 23 28.4 28.4 28.4 27.7 19.8 15 26.9 27.1 27.4 27.7
91 83.2 77.3 73.1 69 64.1 61.2 58.1 55 51 49 44.5 39.9 36.8 33.5 27.9 17.5 15.3 10.5 9.6 9.4 9.2 9.1 9 8.9 8.9 9.1 9.6 9.8 9.2 9 9.3 8.5 8.6 8 7.4 6.2 5.3 5.2 5 4.5 4.3 3.8 3.5 -1.5 -1.5 -1.5 5.6 8.1 9.8 12 21.5 27 28.6 28.9 29.4 28.2 28.7 28.8 28.5 28.5 29.6 29.5 29 28.7 28.4 29 17 16 14.9 13 12.1 11.4 17.2 28.5 28.5 28.5 27.9 23.7 18 17.9 27 27.3 27.6
85.2 78.8 72.3 68.5 66.9 61.9 59.7 57.5 53.4 51 48.4 44.8 38.6 34 30.9 19.2 16 15.6 9.7 9.5 9.4 9.2 9 9 8.9 8.8 8.9 9.1 9.2 8.8 9.2 9.2 8.8 8.5 8 7 5.9 5.4 5.2 5.4 4.8 4.7 4.5 4.3 4 -1.5 -1.5 -1.5 15.3 14.8 13 27.5 27.7 28.9 29.2 29.2 29.1 27.9 28.4 28.6 28.7 29.1 29.3 29.1 29.7 29.8 29.3 28 17.5 16.3 13.6 13.4 13.3 13.7 28.5 28.7 28.8 28.8 28.7 26.9 17.6 26.9 27.3 27.6
77.6 72.8 69.5 67.6 64.4 61.7 59.1 56.8 52.7 50.9 47.9 43.4 36.7 31.4 28.2 16.7 15.4 10.1 9.6 9.4 9.3 9.2 9 8.9 8.8 8.8 8.8 9 9.2 9.2 9.3 9.1 9.3 8.7 8 7.6 6.4 5.6 5.2 5.7 5.2 4.8 5 4.2 3.8 -1.5 -1.5 -1.5 26.1 25.5 14.6 27.7 28.7 29.4 29.3 29.3 29.1 28.2 28.5 28.7 28.9 29.2 29.5 29.4 29.5 29.6 29.8 27.3 23.6 17.7 15.4 14.7 13.5 15.8 28.1 29.2 29.1 29.2 29.3 29 20 26.7 27.5 27.9
75.3 71.4 69.1 66.4 64.1 61.6 58.4 56.7 52.3 49.8 44.7 39.5 33.4 28.7 27 16 15.1 10 9.5 9.4 9.2 9.1 8.9 8.9 8.8 8.8 8.8 8.9 9.2 9.4 9.4 9.2 9.4 9.2 8.6 7.6 6.1 5.2 5.7 5.5 5.6 5.4 5.4 3.6 4.1 4.6 -1.5 -1.5 24.5 25.4 20.3 28.4 28.7 29.2 29.4 29.4 29.1 28.8 28.6 28.8 29.1 29.3 29.6 29.7 29.8 30.1 30.5 28.3 28.1 18.9 16.5 15.1 14.8 15.7 28.3 29.4 29.5 29.8 29.9 29.8 19.8 27.6 27.8 28
74.4 71.6 68.8 66.3 63.5 62.7 59 55.4 51.4 46.5 42.7 37.3 30.7 27.6 24.4 15.5 16.7 9.6 9.5 9.3 9.2 9.1 8.9 8.8 8.8 8.8 8.8 8.9 9.4 9.6 9.5 9.4 9.5 9.3 8.9 8.1 7.4 6.4 5.6 5.8 6.1 5.8 5.8 4.5 4.1 4.1 -1.5 -1.5 19.6 18.8 26.9 29.3 29.1 29.1 29.5 29.4 29.1 28.8 28.7 28.9 29.2 29.5 29.8 29.9 30.2 30.2 30.1 30.1 29.6 20.9 18.3 15 14.7 22.3 29.3 29.6 29.7 29.7 29.9 29.4 21.7 28.6 28.4 28.5
75.8 71.7 68.4 65.8 63.2 61.3 58.3 54 49 44.7 39.2 33 28.1 25.4 20.4 15.3 14.2 10 9.9 9.7 9.5 9.4 9.2 9.2 9.2 9.2 9.3 9.3 9.6 9.8 9.7 9.7 9.9 9.5 9.1 8.2 7.5 7 5.9 5.6 5.6 5.8 5.8 5.1 4.6 4.6 -1.5 -1.5 14.1 17.6 29.3 29.7 29.7 29.7 29.6 29.4 29.1 28.8 28.5 29.1 29.3 29.6 29.9 30.2 30.1 30 29.9 29.8 29.4 20.8 20.1 17.2 14.9 29.6 29.7 29.9 29.9 29.4 29.2 26.2 25.5 28.7 29.5 29.8
77.3 72.4 68.6 66 63.6 60.9 57.9 52.3 47 40.9 36.3 30.5 27 23.8 16.8 15.3 13.7 10.3 10.2 10 9.9 9.8 9.6 9.6 9.6 9.6 9.7 9.7 9.9 10.1 10.4 10.1 10.1 9.7 9.2 8.4 7.6 7 6.2 5.8 6 6.1 6 5.6 5.1 -1.5 -1.5 -1.5 8.6 21 29.5 30 29.9 29.9 29.6 29.4 29.2 29.1 28.8 29.1 29.3 29.8 30 30.3 30.6 30.5 30.4 29.9 28.8 26.2 21.3 18.1 19 29.8 29.9 30 30.2 30.4 28.7 24.3 29.1 29.2 29.5 29.8
76.3 71.8 69.1 66.7 64.1 59.6 55.1 49.7 44.7 37.8 34.2 30.1 25.9 21.6 20.2 16.2 14 10.7 10.5 10.4 10.3 10.1 10 10 10 10 10 10.1 10.1 10.3 10.6 10.3 10.2 9.9 9.3 8.7 7.5 6.8 6.3 5.9 6 6.1 6.2 5.9 4.9 -1.5 -1.5 -1.5 7.5 24.4 29.9 30.2 30.1 29.9 29.6 29.3 29.1 29 29.1 29.3 29.6 29.9 30.2 30.4 30.9 31 30.7 30 28.9 27.8 22.5 16.4 21.3 29.9 29.8 30 30.2 30.5 30.6 24.9 30.2 30 30.3 30.4
74.6 71.6 68.9 66.8 62.4 57.7 52.6 47.8 42.5 37.1 34.7 29.9 26 20.1 17.8 16.2 15.4 11 10.9 10.8 10.6 10.5 10.3 10.4 10.4 10.4 10.7 11 11.1 10.6 10.9 10.7 10.1 9.9 9.6 8.1 7.6 7.1 6.5 6.4 6.2 6.1 6.3 6.2 -1.5 -1.5 -1.5 -1.5 5.9 25.7 31.4 31 30.1 29.8 29.5 29.2 29 29.1 29.4 29.9 29.7 30 30.3 30.5 31 31.2 30.9 30 28.9 26.6 22.4 16.8 21.7 29.8 29.9 30 30.2 30.4 30.2 30.4 30.6 30.6 30.4 30.2
74.7 72.8 69.5 65.9 61.1 55.4 49.9 44.2 41.8 37 34.3 29.8 24.7 21.4 16.3 15.6 16.6 11.2 11.1 11 10.9 10.8 10.7 10.9 11.1 11.3 11.5 11.7 11.6 10.8 11 10.8 10.8 9.9 8.8 7.9 7.5 7 6.9 6.8 6.7 6.7 6.7 6.7 -1.5 -1.5 -1.5 4.8 6.1 25 31.8 30.6 30.2 29.9 29.6 29.3 29 29.4 29.7 30.1 30.2 30.3 30.4 30.7 31 30.9 30.7 30.1 28.6 28.5 27.2 17.1 20.4 29.2 29.8 29.9 30.1 30.3 30 29.3 30.7 30.4 30.3 30.1
74.2 72.3 68.8 63.6 58.3 53.2 48.2 43.8 39.4 35.3 33.6 29.4 24.8 19.1 14.8 11.7 15.2 11.2 11.1 11.1 11.2 11 11 11.1 11.1 11.1 11.1 11.2 11.2 11.4 11.4 11.1 10.3 9.1 9.1 8.3 7.7 7.1 7.1 6.9 6.8 6.8 6.6 6.1 -1.5 -1.5 -1.5 5 6.6 21.3 31.1 30.7 30.3 29.9 29.7 29.3 29.1 29.4 29.7 30.6 30.7 30.8 30.9 31 30.7 30.5 30.3 30.6 27.1 28.4 19.9 17.9 21.3 28.7 29.2 29.7 30 29.9 29.4 28.7 28.6 30.2 30.1 30
71.8 69.8 67.3 61.9 56.3 51.8 46 41.1 36.3 34.7 30.3 27.9 23.4 18.7 14.5 11.4 15.9 14.8 11.6 11.7 11.5 11.2 11.3 11.4 11.4 11.4 11.4 11.4 11.5 12 11.6 11.4 10.3 9.2 8.9 8.5 7.9 7.8 7.3 7.2 7 6.8 6.4 6.3 -1.5 -1.5 4.8 5.7 6.4 16.7 31 30.8 30.4 30 29.6 29.4 29.2 29.4 30.6 30.7 31.2 31.3 31.8 31.7 30.9 30.5 30.2 29 28.7 24 20.7 19.1 22.5 26 28.2 30.1 30 30 30.1 29.7 29 29.2 29.9 30
74.4 68.7 65.4 60.2 54.8 50.4 45.5 40.4 34.7 34.2 30.2 25.7 21.7 18 15.2 14.4 14.3 15.1 12.2 11.9 11.4 11.5 11.6 11.7 11.7 11.8 11.8 11.6 11.9 12.2 12.2 11.5 10.5 9.6 8.7 8.7 8.8 8.2 7.2 7.5 7.2 6.9 6.4 -1.5 -1.5 -1.5 5.1 5.8 6.6 10.7 30.4 30.7 30.3 30 29.7 29.4 29.4 30.2 30.8 31.4 31.8 32.4 32.8 31.7 31.1 30 28.4 26.5 25.4 24.8 21.3 19.2 25.2 27.6 28.7 29.8 30.3 30.1 30.1 30 29.4 29.5 29.9 30.1
72.3 68.2 64.4 57.3 52.5 48.7 45.1 38.4 34.6 34.1 28.6 23.6 19.5 15.9 13.8 11.4 11.3 16.2 16 11.8 11.6 11.8 11.9 12.1 12.1 12.1 11.9 12 12.3 12.2 11.8 11.1 10.3 9.5 9.2 9.4 8.9 8.4 7.9 7.6 7.4 7 6.6 -1.5 -1.5 -1.5 5.4 6.1 6.8 14.3 31.4 31 30.6 30.2 29.8 29.8 30.6 30.8 31.2 31.6 32 32.4 32 31.4 29.6 27.8 26 25.4 24.4 23.8 21.4 20.3 23.9 28 29.2 30 30.1 30.3 30.1 30.1 29.6 30.4 30.7 30.7
68.5 67.9 63.6 55.6 51.5 46.8 43.6 37.2 34.1 33.5 27.2 22.2 18.2 15.8 14 12.4 12.5 11.8 15.2 12.5 11.9 12.1 12.2 12.4 12.4 12.3 12.1 12.5 12.8 12.5 11.5 10.9 10 9 9.3 9.5 9.1 8.8 8.6 8.1 7.6 7.1 6.3 -1.5 -1.5 -1.5 5.4 6.2 6.9 15.3 31.9 30.7 30.2 29.9 30.2 30.6 31.1 31.4 31.5 31.9 32.2 32.1 31.1 29.2 27.4 25.8 25.5 25.5 23.6 23 22.3 20.2 22.7 28.4 29.3 29.6 29.8 29.9 30 30.2 30.2 31.2 31.3 31.3
68.7 65.5 62.2 53.9 51.3 46 40.3 35 33.6 31.2 24.8 21.7 17.5 15.8 16.6 15.6 13 11.8 16.4 15.7 12.3 12.4 12.6 12.7 12.7 12.5 12.6 13.4 13.4 13 12.1 11.1 9.5 9.3 9.4 9.4 9.3 9.5 9.2 8.3 7.8 7.1 6.3 -1.5 -1.5 -1.5 5.4 6.2 7.2 14.8 31.9 30.9 30.1 30.2 30.4 30.7 31.2 31.8 32.3 32.3 32.3 32.3 31.2 27.2 25.4 25.4 24.9 25.1 24.8 24.3 23.1 22 24.4 28.2 29.5 29.8 30 30.2 30.3 30.5 30.4 31.2 31.6 31.6
68.1 64.6 56.9 52.4 50.2 44.8 39.7 35.2 33.6 28.8 25.3 21.1 18.3 15.9 17.2 15.6 13.5 12 11.9 15.1 14.5 13.1 12.9 13 13.3 13.6 14.9 13.7 13.8 13.5 12.5 11.3 9.8 9.5 9.3 9.3 9.2 9.1 9 8.5 7.9 7.4 6.5 -1.5 -1.5 -1.5 5.6 6.7 7.7 10.9 32 31.1 30.4 30.6 30.7 30.9 31.4 31.9 32.1 32.9 32.5 32.5 30.1 26.2 25.4 25.7 25.2 24.9 26 23.5 23.1 21.7 25.1 28.2 29.7 30.6 30.7 30.9 31 30.9 30.8 31 31.8 31.7
67.1 64.1 54.1 49.2 46.9 43.7 38.6 32.6 31 28 24.2 21.4 18.2 16.3 15.3 12.9 12.1 12.1 11.9 14.6 15.3 13.2 13.3 13.4 13.5 15.5 25.8 20.5 13.6 13.5 13.1 11.2 9.9 9.8 9.9 9.5 9.1 9.2 8.9 8.6 8.1 7.5 6.8 -1.5 -1.5 -1.5 5.6 6.7 7.8 9.3 32.7 31.4 30.5 30.9 31 31.1 31.5 31.5 31.9 31.9 31.5 30 28 25.7 25.8 26.1 26.2 25.9 26.8 26.2 23.1 23.8 26.1 28.9 30 31.2 31.5 31.5 31.4 31.3 31.2 31.2 31.8 32
64.2 61.4 51.6 45.8 43.1 40.8 36.8 32 29.2 27.4 24.2 21.5 17.8 16.2 13.7 12.6 12.5 12.6 12.4 12.4 15.7 15.8 13.4 13.6 14.1 18.5 32.6 43.1 28.1 13.7 13 10.9 10 9.8 10.2 9.7 9.4 9.5 9 8.5 8 7.6 7.1 -1.5 -1.5 -1.5 4.8 6.3 7.8 9.2 32.3 31.6 31.4 31 31.3 31.8 31 31.1 31 30.8 30.5 29.2 27.8 27.5 26.5 26.4 27.3 28.2 27.8 26.9 22.5 25 28.3 30 30.9 31.8 32 31.9 31.8 31.8 31.7 31.6 31.6 32.2
