data/NH67.asc
ncols 200
nrows 200
xllcorner 260000
yllcorner 870000
cellsize 50
[rows 105 to 139 of 200, columns 78 to 155 of 200]
276.9 274.8 275.1 271.1 265.7 260.7 256.1 250.3 243.2 236.9 228.5 218.7 211.6 212 211.4 208.9 211.1 211.4 208.1 204.3 198.9 195.5 192.1 189.2 185.1 180.7 178.2 175.2 163.4 175.1 180 182.9 188.8 194.4 201.3 209.5 219.4 230 239.9 250.5 261.8 273.5 280 284.1 286.4 285.7 288.4 291 295.6 299 303.6 310 313.7 312 312.9 315.4 316 318.2 317 312.2 306.7 302.2 298 294.8 289.7 285.9 281 275.6 276.9 283.5 291.6 297.6 303.4 310.3 312.1 311.5 308.4 305
273.6 270.1 269.4 266.9 262.6 257.5 252.9 246.6 241.3 236.8 228.1 216.6 207.5 208.3 208.3 203.2 204.1 207.2 205.1 200.3 196.2 193.7 190.3 187.3 182.9 178.7 176.1 171.8 160.5 168.9 178.5 182.5 187.1 193 199.1 207.7 217.4 226.3 235.4 244.1 254.6 265.3 272.1 274.9 277 276.5 279.6 281.4 283.8 287.9 291 296.9 303.8 303.2 304.7 308.7 308.3 309.7 309.3 306.2 300.9 296 291.5 288.6 284.2 279.6 275.7 270.7 269.7 275.9 284.8 291.2 298.2 305.4 306.6 306.9 304.2 300.3
267.5 265.3 264.3 261.6 257.7 253 247.8 242.3 237.7 235.4 229.9 215.8 205.5 202 203.5 198.9 194.8 201.5 201.1 196.8 193.8 193.3 190 185.8 182 176.6 173.6 169.3 156 167.4 176.1 181 185.5 189.6 195.2 205.3 214.7 223.3 230 238.6 247.1 256.1 264 265.7 266.1 265.1 269.9 274.4 274.5 275.4 280.2 286 289.6 294.5 296.4 300.9 301.3 300.9 299.9 299.1 295.9 290.1 285.9 282.2 278.5 274.3 270.2 265.8 265.1 269.9 279.2 286.1 293.5 300 302.1 301.9 299.5 296.2
261.8 260.9 260.6 255.2 250.8 246.6 242 236.8 232.6 229.8 225.1 218.6 205.7 199.7 198.1 195.7 191.9 192.4 197.3 195.8 192.9 191.4 186.6 181.1 179 173.4 170.1 166 155.2 162.2 175.4 180.2 184.2 186.6 192.4 202.3 212 219.3 224.9 232.6 241 247.9 255.7 260.3 259.4 253.8 258.5 264.7 266.9 266.5 271.2 275.9 279.7 283 287.6 286.4 290 291.2 289.5 289.6 288.5 285 280.6 277.2 273.8 268.7 264.4 261.6 262 266 273.6 280.5 287.4 293.6 297 297.2 295 292.5
258.6 251.8 247.4 242.1 240.6 238.4 234.5 231 227.6 223.9 220.5 214.6 205.5 197.3 191.9 190.4 188.6 187.7 193 191.7 189.3 187.2 182.9 179.7 177.3 172.6 169.6 165.4 151.8 156.2 174.3 179.9 181.5 183.7 187.9 196.4 208.1 214 220.1 226.6 233.6 240.5 247.7 253 252.2 247.8 248.7 251.6 254.5 257.7 263.2 266.4 269.1 273.2 276.5 277.1 274.7 276.8 278.5 279.6 279.1 277.8 274.6 271.5 268.8 262.3 259.9 258.6 257.6 259.9 266.2 274.3 281.4 287.8 291.3 291.6 289.8 287.4
257.6 244 236.9 231.2 227.7 226.3 226.7 224.2 220.7 216.3 212.9 208.5 203.1 195.9 188.7 184.1 182.1 182.6 186.3 186.7 185.9 183.5 179.9 178.2 176.9 175.3 170.5 165.2 160.4 150.9 170.5 176.7 177.6 179.3 183.9 190.2 199.7 208.9 214.5 221.1 227.6 234 238.2 242.8 243.1 242.3 242.2 241.3 240.4 246.5 252.1 256.2 258 261.9 264.6 267.8 267.2 266.1 266.8 268.7 270 269.7 268 265.2 262.2 257.6 255.2 254.2 253.8 254.7 259.5 268.6 275.8 282.4 285.6 285.7 284.3 282.5
250.1 236.9 225.7 219.7 216.1 215.5 215.1 215.5 213.3 209.9 206.2 203.2 199.9 194 187.6 182 177.9 175 177.6 181.7 181.4 179.9 178.6 176.1 175.5 173.6 171.6 165.6 159.1 150 165.5 171 173.2 175.5 179.3 183.6 191.3 200 207.7 214.4 221.4 226.7 229.9 233.9 236.6 236.2 235.5 234.5 234.1 235.4 241.1 245.6 247.5 251.2 253.7 257.6 259.4 256.9 259 259.6 261.8 262 261.4 258.5 255.5 252.3 249.6 248.7 247.7 249.2 253.1 261.8 269.7 277.4 280.2 279.9 279.1 278
242.6 231.6 223.5 214.2 205.8 204.4 205.9 205.7 206.6 204.7 201.4 197.7 195.1 190.7 185.9 180.8 175.6 172.2 171.9 174.6 176.3 175.8 175.4 175.3 174.5 172.9 170.9 167.1 159 150.4 153.5 163.7 168.1 170.2 174 177.5 183.5 191.1 198.7 206.1 212.1 217.9 222.2 225.3 228.8 229.8 229.6 229.3 229.4 229.8 230.9 234.3 237.2 241.2 243.3 246.6 249.9 248.7 250.3 252 254.2 254.5 254.5 252.3 249 245.6 243.8 243.6 242 244.5 248.1 255.4 265.2 272.4 273.4 273.7 273.6 273
234.3 225.4 217.4 208 201.2 195.4 197 198.2 199.9 199.4 196.2 192.9 190.8 187.1 182.5 179.9 175.4 170.1 168.1 170.4 172.1 172.6 173.3 172.9 172.1 171.4 169.9 166.9 161.1 153.2 144.1 156.3 161 164 167.6 170.5 177.2 184.1 190.4 196.9 201.7 206.7 211.5 214.6 217.2 219.4 220.2 222.7 223.8 225.5 226 226.1 229.6 231.5 233.9 235.9 239.1 239.1 240.4 243.1 246 246.7 247 244.2 240.8 237.8 237.9 238.4 237.4 239.6 246.1 254 263.2 268 268.6 268.2 267.8 267.3
228.6 220.2 210.3 201.8 194.7 189.7 187.3 190.1 192.9 193.3 190.4 187.4 185.7 183.6 179.6 178 175.3 170.6 166.3 165.1 167.8 169.9 170.5 170.7 170.2 169.7 167.5 165.7 161.1 155.5 148.5 136.5 151.6 157.3 160.6 163.3 169.7 177.1 183.4 187.4 192.1 196.6 201.2 204.8 206.3 208.7 212.1 216.3 217.8 219.3 219.5 219.1 219.7 222.2 224.8 225.9 227.7 229.3 230.4 233.4 237.1 238.7 238.4 235.4 231.5 229.7 231 232.3 233.2 237.6 245.8 253.6 259.5 263.1 263.3 263.1 262.5 260.7
220.5 214.1 206.2 196.6 189.4 184.6 182 183.9 186 186.5 184.7 182.3 181 179.2 176.7 174.5 172.3 168.8 166 162.5 161.5 165.1 167.1 168.6 168.7 166.9 164.7 163.7 160.5 155.8 151.3 143.9 137.2 151.4 153.2 159 163 168.8 174.5 178.3 182.5 186.4 190.6 195.1 198.5 201.4 204.7 207.7 210 211 211.4 211.6 212.9 214.5 216.1 217.2 218.4 219.9 221.1 221.8 225.4 227.8 228.1 226.2 222.6 222.5 226 225.8 228.8 236.6 245.4 252.1 255 257.8 258.3 258 256.7 253.5
211.2 205.3 198.6 190.6 184.1 179.4 176.7 178 180.3 181.6 178.5 178.3 177.2 175.3 173.1 170.8 169.1 165.8 163.7 160.5 158.6 161 164.1 165.8 165.8 163.8 162.2 161.7 158.6 156.1 151.7 145.1 137.9 144.1 147.1 150.5 153.5 159.7 165.3 167.9 172.1 177.2 181.2 185.4 190.4 193 196.2 198.9 200.9 202.6 203.2 205.1 206.4 207.1 207.7 207.7 207.7 209.5 211.1 211.7 213.6 215.5 216 216.2 216.2 218.3 217.8 220 225.4 235.2 243 248.5 251.1 253 253.4 252.7 250.7 246.3
199 193.1 188.8 183.3 177.8 174.3 171.6 171.6 174.3 174.3 173.2 173.4 172.5 171.2 169.5 167.1 165.1 163.5 161 159.7 157.1 157 159.8 161.6 162.7 160.3 160 157.8 155.8 155.5 151.7 146.7 142.2 133.4 136.9 145.3 148.1 151.8 155.4 158 164.2 165.6 170.5 175.3 179.7 183.5 187.4 189 191.3 193.7 195.9 197.3 198.1 198.8 199.4 198.5 198.1 198.8 200.2 201.4 202.7 204.5 205.8 206.9 208.1 209.2 210.7 216.8 224.4 233.2 239.7 243.4 246.6 248.3 248.6 246.8 242.6 235.5
189.4 186.4 182.2 176.6 171.6 168.1 166.6 166.3 166.5 166.9 167.7 168.7 168.3 167.5 165.8 164 162.2 159.9 157.9 157.3 155.4 154.3 155.4 157.6 159.7 157.5 156.6 155.7 153.6 152.3 148.7 144.9 141.7 138.2 132.5 139.9 142.8 147.4 151 152.4 154.3 157 160.4 164.4 167.5 171.5 174.7 177.8 180.8 183.7 185.9 188.2 189.8 191.3 191.1 191.2 191.3 191.5 192.8 193.1 194.4 194.5 195.9 196.7 198.6 198.4 206.2 214.7 224.6 232.2 236.8 240 241.9 243.5 242.6 240 234 226.4
181.9 178.7 175.5 171.4 167.9 163.8 162.1 161.4 161.4 161.5 161.4 163 163.6 164 162.6 161.1 160.3 158.7 155.6 154.3 152.9 152.5 151.4 153.4 155.9 154.9 154 152.6 151.1 149.5 146.4 142.9 138.7 136 130.9 133.1 134.4 138.5 141.4 145.1 147.7 149.5 151.7 154.3 156.8 159.5 161.7 166.1 170.2 173.9 175.3 178.2 179.8 181.5 182.5 182.8 182.4 182.3 183.4 183.4 183.9 184.1 185.3 187.8 190 194.4 201.7 209.6 217 224.4 228.9 233.5 235.7 237.9 237.5 232.9 222.2 213.8
174.7 171 167.7 165.6 162.5 159.4 158.3 157.8 157.7 157.6 158.4 160 160 160.4 159.7 157.6 157.6 157.1 154.7 153.8 152.3 150.6 148.3 148.5 149.6 149.2 149.2 148.8 147.5 145.7 143.3 140.5 138.1 134.3 130.4 128.8 129.6 131 133.1 135.5 138.9 142.1 143.5 147.3 149.6 151.8 153.8 157.2 160.9 164.1 165.8 168.7 170.7 171.2 171.7 171.7 171.6 170.7 171.9 172 173 174.7 176.3 180 179.3 187.2 195.2 206.4 213.4 219 223.1 223.3 225.1 225.8 221.5 213.7 205.8 197.8
167.7 165 162.3 159 156.8 156.2 155.2 154.4 154.1 154 155.5 157.4 158.9 158.8 157.5 155.5 156.3 155.6 153.8 152.8 151.2 148.9 147.6 145 144 144 143.7 143.4 143.1 141.5 139 136.6 134.2 130.3 129.3 129.3 128.1 125.7 127.7 128.7 131.4 134.4 136.8 139.5 141.8 143.9 145.7 148.8 151.9 153.6 156.1 159.6 161 161.7 162.2 162.2 163.1 162.6 162.5 161.9 162.6 164.7 167.4 171.2 175.7 181.9 189.1 196 203.5 208.2 211.8 214.6 215.6 211.2 204.5 196.1 188.2 178.4
162.3 161.2 158.3 155.4 153.3 152.6 151.9 151.1 150.7 151 152.6 154.1 155.8 155.5 155.9 154.5 154 153.6 152.5 151.6 150.2 148.1 146.7 144.8 142.9 142.6 140.2 138.9 138.7 137.3 136 134.3 131.3 128.3 128.5 128.7 128 127.3 125.8 124 124.2 126.4 128.5 130 132.7 134.7 135.9 138 140.9 143.4 146.7 150.8 147.3 150.9 152.4 152.5 152.2 153.1 153.9 153.3 154.5 157.5 160 163.7 167.8 173.4 181.2 188.3 193 197.4 200.8 203.3 202.1 195.8 188.3 180.6 172.5 163.9
160 158 155 152.6 150.2 149 148.8 148.3 147.1 147.4 149 150.6 152 152.5 152.1 151.5 150.6 151.6 151.3 150.3 148.7 146.8 145.5 144 142.1 140.9 137.8 134.9 134.5 132.5 131.6 129.7 128.1 127 127 128 126.5 125.5 125.4 124.2 122.5 121.8 123.2 122.8 123.6 124.8 126.5 127.5 129.5 132.2 136.2 139.7 138.6 143.2 143.2 144 143.7 143.6 144.3 145.2 147.5 150.5 152.8 156.4 159.7 165.3 172.3 178.9 184.3 186.2 188 188.9 185.1 179.2 172.9 165.5 157.4 149.1
157.2 154.5 151.8 149.4 147.8 147 146.2 145.7 144.5 144.5 146.1 147.4 148.6 149.8 149.7 149.3 149.1 150.2 150 148.5 146.9 145.3 144 142.6 141.1 139.3 136.8 134.6 132.4 130.4 128.9 126.9 126.1 125.8 125.9 126.3 126.1 125 124 123.7 122.6 121.9 120.2 119.5 119.8 119.7 119.6 119.1 119 120.8 122.7 126.9 129.7 132.7 134.7 136.1 136.1 135.7 135.9 138.5 139.8 143.3 145.5 147.9 151 155.1 162.4 167.7 171.9 174 174.6 172.4 169.3 164.6 156.8 148.9 142.1 135
153.7 151.3 149.4 147.9 146.4 145.3 144.3 143.3 142.5 141.8 142.7 144 145.3 145.8 145.9 146.2 147.2 148.3 148.2 146.8 145.6 144 142 140.6 140 139.3 136.3 133.7 131 128.6 126.8 125.4 124.8 124.6 124.8 125.4 124.8 124.4 123.6 123 122.2 121.4 119.9 119.2 119.3 118.7 118.3 117.8 117.8 117.8 117.8 117.8 119.6 121.7 125.4 127.4 128.7 129.1 128.1 130.7 131.5 138.4 138.6 141 143.5 147.4 150.8 155 157.4 158.6 157.7 155 151.4 148.4 140.9 134.3 128.2 120.5
150.5 148.7 147.7 146.4 144.9 144.1 143.5 142.3 141.7 141.2 141 141.4 142.4 141.4 141.6 141.8 142.3 144.1 143 143.8 142.7 141.4 140.1 139.2 138.6 137.2 134.9 132 129.1 127.6 125.2 124 123.8 123.6 123.9 124.5 123.3 122.9 122.8 122.4 121.5 120.7 119.5 119.2 119 118.5 118 117.8 117.8 117.8 117.8 117.8 117.8 117.8 118.2 120.2 122.1 124.4 125.8 125.7 126.2 131.7 132 133.9 133.7 136.8 137.1 140 141.8 141.9 141.7 139.7 135.8 129.7 125.3 120.7 114.3 109.8
148.4 146.8 145.3 144.7 143.3 142.6 141.9 141.2 140.6 140 140 140.3 140.7 139.5 139.8 141.3 142 141.4 141.3 141.9 140.5 139.5 138.8 137.9 137 134.8 132.7 131.1 127.7 125.5 123.9 123.2 123.1 123 122.8 123.3 123.1 121.9 121.5 121.5 121 120.1 119.3 119.4 119.3 118.7 118.1 117.8 117.8 117.8 117.8 117.8 117.8 117.8 117.8 117.8 119.1 120.3 121.5 123.8 124.4 125.1 125.5 125.2 123.1 123.2 122.8 124.6 122.4 121.7 119 118 115.7 112.1 108.3 107.6 106.6 106.1
144.5 143.6 143.6 142.9 141.8 141.3 140.6 140 139.4 138.8 139 139.3 139.7 139.9 139.3 140.7 141.4 140.6 140.9 141 139.5 138.2 137.2 136.5 135.4 133.6 131.9 129.2 126.6 124.8 123.3 122.5 122.7 122.6 122.4 122.2 122.4 122.1 120.9 120.5 120.3 119.6 119.7 119.1 119.5 118.9 118.4 118.3 117.8 117.8 117.8 117.8 117.8 117.8 117.8 117.8 118.6 119.6 121.4 121.3 120.1 120.4 120.1 115.6 113.6 112.9 111.5 110.1 107.7 106.9 105.2 106.7 104.7 104.1 104.1 104.4 104 103.9
140.3 140.8 140.3 139.7 139.2 139.4 139.3 138.7 138.1 137.6 138.2 139.3 139.9 139.7 139.2 140.6 140.1 139.7 139.8 139.5 138.2 137.2 136.6 136.1 135.2 133 131 128.2 126 124.5 123.3 122.7 122.4 122.4 122.1 121.7 121.4 121.3 121.2 120.7 120.6 121.9 121.6 120.1 119.6 120 119.9 119.6 119.6 118.3 117.8 117.8 117.8 117.8 117.8 117.8 118.3 119.9 120.7 119.5 117.4 117 117.8 120 117.7 111.4 114.6 108 107 107 106 105.5 105.1 105 104.5 103.4 102.2 102.4
137.2 137.4 137.3 136.7 135.9 136 136.2 136.7 136.3 137.2 138.1 139.4 139.9 139.1 138.4 139.2 139.4 139.2 138.4 138.4 137.8 137.2 136.6 136.1 134.8 132.6 130.6 128.5 127.4 126.2 124.5 125.6 127 129.1 129.9 130.5 131 129.7 129.3 131 131 130.4 129.7 128.6 126.2 126.5 124.9 123.8 123 121.7 121.4 119.3 118.2 118 117.9 118 118.1 119 118.9 120 120 120 121.2 116.9 116.6 113.3 110.8 109.4 107.7 106.6 105.9 104.7 103.6 103.3 103.6 105.2 107.3 109.1
132.6 133.2 134.3 133.7 132.8 132.8 133.2 134.7 135.1 136.2 137.3 138.5 139 138.1 137.4 137.7 138.5 138.3 138.1 137.8 137.8 137.1 136.5 136 135.7 134 133.8 133.4 140.9 141.7 140.9 141.8 142.4 142.1 143.1 143.9 144.1 142.6 141.4 140.7 139 137.7 137.3 135.2 133 131 129.3 128.4 127.4 124.8 123.6 122.2 121.5 120.1 120 119.6 120 121 122.9 122.7 122.9 120.8 118.8 118.2 116.6 116.1 115.2 110.6 108.5 108.3 108.2 108.2 108.6 109 110 110.8 112.5 114.1
129.4 129.6 130.5 130.5 131.2 130.4 131.5 132.7 133.3 134.7 136 135.6 136.6 136.9 136.9 138.1 139.1 138.8 138 137.5 137.8 137.7 138.7 139.1 139.3 139.6 141.7 148.8 152.8 153.3 152 153.5 153.8 152.2 150.9 149.9 147.6 146.1 145 143.5 143.1 142.1 141.5 139.3 137 134.7 133.1 132.1 130.1 128.3 127.8 125.7 124.7 124 122.5 122.2 124.2 124.5 123.5 123.2 122.9 121.8 120.7 120.1 119.8 118.6 116.1 117.1 117.6 116.4 114.2 113.2 113.9 114.8 116.8 118.4 119.9 118.2
125.9 126.9 127.5 128.6 129.6 132.1 133.3 134.8 135.9 137.2 138.1 137.7 138.1 138.5 139.8 140.3 140.5 140.2 140.1 140.6 140.9 142.2 142.3 144.1 144.7 149.4 155.1 156.9 157.2 157.5 157.9 158.3 155.9 154.2 153.2 151.6 150.4 148.9 147.5 146.7 147.1 146.6 145.8 143.7 141.5 139.2 137.9 136.7 134.4 133 132.2 131.5 129.7 128.3 127.8 127.9 126.7 127.7 127 127.1 126.3 124.8 124 123.2 124.2 124.4 123 125.6 122.8 120.2 121.2 122 122.2 122.4 124.2 125.3 124.3 122.1
122.7 124.1 125.9 126.7 128 131.7 135.4 139.6 140.5 141.2 141.1 140.3 141.4 142.1 143 143.4 143.7 143.9 144 145.5 147.8 148.5 149 149.6 157 162.2 163 163.1 163.2 163.1 162.9 162.5 160.5 158.6 157.7 156.2 155.4 154.5 153.2 152.4 152.4 151.6 150.5 148.4 146.3 144.3 143.4 141.6 139.9 138 136 135.4 134.8 132.8 132.2 133 129.8 132.1 131.8 131.7 132.4 133.5 132.4 131.2 130.8 132.2 131.4 130.9 129.3 128.9 128.8 128.8 128.9 128.4 128.3 128.2 126.1 124
121.4 122.7 124.1 125 127.8 131.2 133.9 137 139.7 141.5 142.3 142.8 144 144.7 145.5 146.7 147.2 147.3 149.1 151.3 153.6 155.1 157.9 164.1 168.3 169.7 170.8 169.9 170.5 170.6 169 167 165.1 163.2 162.1 161.2 160.2 159.9 158.8 157.7 157.6 156.8 155.6 154.1 152 149.4 149.1 146.9 145.2 143.4 140.7 141 139.6 139.2 139.8 140.1 140.7 140.7 141.6 142.9 142 140.9 140.5 139 138.9 139 137.9 136.8 136.1 135.5 135.6 135.6 134.7 131.8 131 129.1 125.6 123.4
118.2 119.8 123.1 125.3 127.5 130.3 132.3 134.9 136.5 138.6 140.8 142.2 144.1 145.9 147.5 149.1 150.7 150.7 153.8 159 162.3 167.6 173.7 179.6 183.3 182.3 181.3 180.2 178.9 177.1 174.4 171.6 169.7 167.8 166.7 165.9 165.7 165.3 164.3 163.1 162.9 162 160.5 159.2 158.3 156.5 155 152.1 150.4 148.2 148.5 149.2 149.1 148.9 149.8 149.9 151.1 151.9 151.5 150.8 149.8 149.2 148.2 146.8 146.8 146.7 145.4 143.3 142.2 141.6 139.8 138 136.3 134.1 131.2 128.5 125.3 123.8
115.4 117.7 121.7 123.6 125.7 128 130 133.4 135.6 137.8 139.9 143 145.3 146.5 148.5 151.1 156.7 161.2 167.5 172.7 177.6 182.4 188 188.2 186.7 185.3 184.6 183 180.4 178.7 177 174.9 172.3 171 170.6 171.1 171.2 170.7 169.6 168.6 168.1 167.6 166.7 165.7 164.9 163.7 162.1 161.5 162.2 164.3 166.1 165.2 164.2 163.1 162.2 160.9 160.2 161.3 161.8 159.3 158 156.9 155.2 154.7 154.8 154.6 152.3 147.8 143.8 141 139.3 137.6 134.9 132.4 130.1 128.2 128.2 128
113.8 116.4 119.5 122.1 123.8 126.1 129.2 132 134.9 137.9 141.5 144.3 146.4 150.2 152.6 155.6 160.7 168.7 175.7 182.2 186.2 189 188.4 188.8 189.1 188.9 187.2 185 182 180.3 178.7 177 174.9 175 175.3 175.7 176.3 175.7 174.1 173.1 173.1 172.9 172.5 171.9 172 171.3 172.5 174.5 178.8 181.7 183.1 182.6 180.8 179.4 177.9 175.5 172.2 169.5 166.9 165.6 164.6 164.1 161.9 160.4 158 155 151.1 147.6 143.6 140.7 138.4 135.9 133.6 132.6 132.4 132.6 132.6 131.7
115.2 116.1 117.3 120.5 124.1 127 130.2 133.2 135.6 139.5 143 145.8 148.9 152.9 156.1 160.6 165.9 172.4 178.4 184.1 188.4 190.9 190.5 193.6 193.9 193.7 191 188.6 186.7 183.8 180.7 179.5 178.8 177.6 178.2 178.8 178.3 177.4 176.9 177.9 178 177.9 177.7 177.5 178.3 178.9 182 187.7 189.2 189.1 189.2 187.3 185.3 184.5 181.2 178.9 176.9 175.2 172.7 170.9 169.4 166.6 161.8 158.5 155 152.4 149.4 146.8 143.3 141.1 139.5 136.9 135.4 135 135 135.5 134.7 134
