data/NH68.asc
ncols 200
nrows 200
xllcorner 260000
yllcorner 880000
cellsize 50
[rows 70 to 104 of 200, columns 0 to 78 of 200]
168.4 163.8 161.4 159.8 162 161.9 161.8 161.4 161 161.7 161.9 161.9 159 157.1 155.8 153.8 151.8 144.9 134 122.4 146.3 149.3 149.5 149.7 150.4 150.9 152.4 154.2 154.6 154.4 152.6 150.9 149.2 146.6 144.6 143.2 134.4 142.9 147.4 149.8 152.6 154.4 156.7 158.7 160.2 162.6 164.5 165.7 167.8 168.6 170.3 172.1 175.1 178.4 181.4 184.4 188.9 193.3 197.6 202.4 206.7 209.4 211.2 214.9 219.7 219.2 217.2 214.3 207 198.6 190.8 181.3 173.8 165.7 155.9 146.3 139.7 130.7 124
163.4 166 164.5 165 164.8 168.4 166.3 166.3 165.9 165.8 166.6 164.7 163 161 159.2 157.5 155.2 153.5 150.3 151.7 153.5 152.8 153.7 154 153.6 154.6 155.3 155.9 156.8 157.5 156.4 156.3 156 155.5 154.2 141.6 137.6 148 154.1 155.6 157.2 159.7 162 164.2 165.7 168.6 170.5 171.7 172.7 173.6 174.5 176 179.2 182.7 185.9 188.9 194.3 199.3 203.1 208.6 213.8 216.5 219.1 223.2 227.8 230.1 229.5 226.8 220.7 212.8 202 191.1 182 171.8 161.9 152.1 143.4 134.7 128
167.8 168.1 167 167.8 170.4 171.2 169.9 170.4 169.5 169.1 167.7 166.2 164.2 164 162.9 162.2 160.4 159.7 160.4 161.1 161.1 159.6 158 157.5 157.2 157.1 157.9 158.7 157.4 157.3 155.5 157.9 159.2 159.8 159.9 147.1 146.1 157.4 160.3 161.2 161.9 164.3 166.6 168.8 171 173.3 175.2 176.5 176.7 177.4 178.2 179.8 183.5 186.9 190.3 194.2 198.8 204.1 210 215.6 221.2 225.6 228.7 233.6 238.2 244.6 247.3 245.1 240.7 228.5 214.4 203.2 191.1 180.1 168.8 158.1 148.4 137.5 130.7
169.6 169.3 170.8 172.1 173.2 175.2 174.7 176.1 173.6 171.3 170.7 169.4 170.8 169.2 168.6 166.9 167.6 168 168.8 170.2 167.4 164.7 164.9 163 161.5 161.5 160.8 161 160 160 156.9 153.1 153.5 160.2 157.9 142.4 157 164.4 165.6 166.6 167.4 168.5 169.7 171.9 173.8 175.7 177.6 179.6 180.4 181.1 181.9 182.9 186.5 190.4 194.3 198.4 203.6 210.3 216.6 222.5 228.6 234.5 238.4 243.8 249.2 257.3 262.8 262.2 255.6 242.3 227 213.2 200.1 187.7 175.3 162.8 148 136 125.9
172.1 175.5 177.6 179.4 179.8 180.2 180.5 180.6 176 177 174.9 175.3 176.5 174.3 173.2 173.5 173.8 174.2 173.1 171.1 170.4 169.3 169.5 167.3 166.6 166.5 166.2 165.2 163.8 164.3 163.2 163.8 158.9 149.2 146.8 156.8 164.4 167.6 168.9 169.8 170.8 171.5 172.7 174.7 176.6 178.5 180.1 181.8 183.3 184.8 185.7 186.7 189.2 192.9 196.8 201.7 208.7 215.6 222.2 228 233.3 239.7 244.8 250.7 255.8 258.4 261.1 261.8 256.7 244.2 231.4 217.8 204 189.8 175.7 161.6 144.7 133.1 118.6
176.5 181.7 184.3 183.6 183.8 183.8 184.5 182.7 181.1 182.3 178.9 180.5 182.2 179.9 179.3 178.4 177.3 175.1 176.7 176.6 177.9 174.9 173.2 171.3 170.3 169.4 168.3 167.9 167.6 167 166.7 166.6 166.4 162.6 162.6 168.1 168.9 170.2 171.8 173 174 174.5 175.1 176.8 178.4 180.1 181.8 183.5 184.8 186.2 188.6 190.4 192.3 195.1 199.9 204.5 212 218.9 224.8 230.2 235.4 241.3 246.7 250.5 251.9 252.4 254.3 256.5 248 233.5 219 204.9 192.6 180.7 169.2 157 146.4 131.8 111.5
185 186.3 187.5 187.7 185.4 188 187.3 183.5 183 183.2 184.3 184.5 183.9 182.8 181.6 182.7 178.9 180.2 181.5 181.9 180.2 178.2 176.2 175.9 174.4 173.3 171.6 171.4 172.5 170.6 170.4 171 169.8 169.5 169.6 171.7 172.2 172.3 174.7 175.6 176 176.3 176.8 178.4 180 181.7 183.4 185 186.4 188.2 190.7 193.4 196.9 200.2 204.8 207.9 215 221.4 225.6 230.5 233.8 237.4 241.2 243.9 245 244.3 244.8 245.9 238.6 220.9 206.6 191.4 179.2 169.6 160.1 148.4 142.4 133.7 118.3
189.9 188.9 190 190.9 190.2 191.5 189.1 186.4 186.8 187 187.4 187.6 186.9 186 185.4 183 181.6 184.1 184.2 183.5 181.7 181 178.4 178.9 177.4 175.3 174.9 175.1 176 174.6 174.7 174.7 174.7 174 172.1 174.2 174.7 174.7 177.1 177.5 177.7 178.1 179 180 181.7 183.4 185.1 186.5 188.3 190.8 195.5 199.4 202.9 206.1 209.9 213.3 218.3 223.7 225.9 228 229 231.4 232.9 233.7 234.2 233.2 231.9 231.4 224.5 208 192.3 178.4 169.6 160.1 152.7 146.5 128.7 112.1 100.2
192.2 191.9 194.3 194.1 192.3 191.5 191.3 191.2 191.3 190.3 190.5 191.4 190.1 189.8 188.1 186.3 185 186 186 185.9 182.7 181.3 181.1 180 178 177.5 177.8 177.5 176.5 177 176.7 176.1 175.5 174.6 175.3 176.3 176.4 177.4 178.6 179.2 179.5 180.2 181.2 181.6 183.3 185.1 186.7 188.4 190.7 195.4 199.3 204.2 208.6 212 215 218.6 222.1 225.5 228 227.3 225.3 223 222.8 222.7 222.2 220.8 220.1 218.1 212.8 193.8 180 170.6 161.6 155.8 149.7 141.8 113.5 98.1 100.6
195.3 195.9 197.1 195.4 196.9 196.1 194.7 195.5 193 195.9 193.9 192.6 192.2 192.4 191.4 190.2 186.3 187.6 187.4 186.1 184.1 183.8 183.3 181.6 180 180.7 180 178.8 177.7 177.8 177.5 176.9 176.8 176.4 177.2 177.4 177.7 178.4 179.4 180.3 181.3 182 182.4 183.3 185 186.7 188.6 190.9 194.2 198.1 203.1 207.1 209.4 212.8 215.7 218.9 220.8 224 227 227.6 223.8 220.4 216.6 213.9 212.7 210.8 208 205.2 199.4 184.1 174.7 164.9 160.1 152.8 142.6 117.8 105.7 103 119
197.8 198.3 198.3 198 198.2 198 196.9 195.6 195.8 196.9 195.7 196 195.7 194.6 191.8 191.8 192.4 191.8 189.2 186.9 186.5 185.5 184.2 183.7 182.8 182.9 182.8 179.8 179.2 178.7 178.3 178.2 178.1 177.9 178.1 178.3 178.6 179.3 180.1 180.8 181.3 181.8 182.6 183.9 185.3 186.8 189.8 192.7 196.5 200.9 203.8 205.9 208.4 211.5 215.2 216.7 217.7 220.4 219.5 218.1 216.4 215.1 212.4 210.2 206.3 201.8 196.1 190.9 184 173 165 161.2 155.7 148 124 104.3 104 112 129
200.1 200.5 200.7 201.3 201.9 201.4 201 200.1 199 199.5 198.5 199.4 196.9 194.7 194.1 193.6 192.1 190.3 189.5 188.7 188 187.3 186.8 187.1 185.3 183.6 182.5 181.6 180.9 180.3 179.4 179.2 179 178.8 178.8 179.1 179.7 180.4 180.7 180.7 180.7 181.1 182.8 183.8 185.1 187 190.2 193.4 196.5 199.9 202.6 204.7 207 209.3 211.6 213.9 215.5 215.7 213.4 210.8 208.9 206.3 201.8 200.5 199 192.8 185.1 178.3 170.3 165.1 160.5 154 149.7 129.4 109.3 111.1 109.5 126.8 137.3
204.7 204.8 204.9 205.2 205.6 205 204.4 204.2 203.3 201.3 200.1 199.7 198.4 197.5 197.2 193.5 193 192.5 190.8 190.2 189.5 188.8 187.9 186.8 185.2 184.2 183.6 183 182 181.1 180 180 179.8 179.6 179.6 180 180.3 180.2 180.2 180.2 180.2 180.4 182.8 183.6 184.1 185.5 188.2 191.3 194.6 197.1 199.8 202.2 203.9 205.6 207.2 209.1 211 209.9 207.4 204.1 201.2 195.9 191.4 188.8 184.9 179.8 175.4 169.5 165.3 162.2 155.4 150.5 145.9 117.9 119.2 124.3 135.3 142.7 147.8
207.7 207.6 207.9 210.2 209.8 208.1 209.3 208.3 206.7 205.8 202.9 202.8 200.7 200 198.4 197.4 194.7 193.7 192.1 191.4 190.8 189.8 188.7 187.4 187 185.9 185.1 184.2 183.2 182.3 181.3 180.2 180.4 180.5 180.1 179.9 179.7 179.5 179.4 179.2 179.2 179.1 180.6 181.6 182.3 183.9 186.3 188.7 191.3 193.8 195.6 197.2 198.2 199.7 202.6 204.5 206.3 203.9 201.1 198 192.6 187 181.7 177.2 171.8 165.3 162 159.3 155.2 151.1 142.3 143.3 129.1 117.4 138.6 143.9 147.8 152.1 158
211.4 212 213.3 213.2 212.1 213.3 211.9 209.6 210.2 208.7 205.6 203.6 203.1 202.1 200.7 199.4 196.9 195.3 193.7 192.6 191.7 190.7 189.8 189.4 188.2 187.1 186 185.3 184.4 183.5 182.5 181.3 180.6 180.5 180 179.8 179.6 179.4 179.3 179 178.5 178.1 178.2 179.3 180.9 181.8 183.5 185.9 188.4 190.6 191.4 192.3 193.1 193.9 196.6 198.8 198 195.2 194 190.4 186.7 181.7 176.7 172.2 165.8 158.6 154.2 149.8 145.1 132.6 125.3 125.9 120.2 137.7 146.6 151.6 157.1 161.6 165.8
217.2 216.3 216.6 215.2 214.1 214.1 212.9 211.6 211.8 210.3 207.4 205.5 204.7 205 202 200.2 198.4 196.9 195.3 193.9 192.8 191.9 190.9 190.3 188.8 187.7 187 186.2 185.5 184.7 183.7 182.6 181.4 180.6 180 179.7 179.4 178.9 178.4 177.8 177.3 177.1 177 177 178.8 180.4 181.3 183.1 185.6 186.4 187.2 188.1 188.9 188.8 190.5 191.4 189.4 188.3 188 183.4 179.8 176.4 171.6 167.6 162.2 158.3 152 146.8 139.2 131.7 139.1 135.3 144.5 150.2 154.2 162.6 167.2 171.8 175.6
221.6 220.8 220.4 219.3 217.6 216.2 215.4 215.3 213.6 211.6 211.2 208.1 207.4 206.5 204.2 202.2 200.2 198.3 196.6 195.4 194.2 193 192 191 190 189.1 188 187.2 186.4 185.7 184.9 183.8 182.4 180.9 179.5 178.7 178.2 177.7 177.1 176.6 176.3 176 175.7 175.1 175.5 177.2 178.8 180.5 181.3 182.1 182.8 183.6 184.3 184.1 183.8 183.7 181.9 182 180.6 176.5 174 170 167.4 163.8 160 156.2 149.7 140.3 133.4 134.4 150.5 153.5 158.6 163.6 168.8 174.8 178.5 182 185.3
226.6 224.9 225.2 223.8 223.4 221.9 220.3 218 215.5 213.7 212.1 211 210.6 209.1 207 205.6 202.2 199.7 198 196.9 195.9 194.6 193.2 192.3 191.4 190.5 189.4 188.3 187.4 186.7 185.9 184.8 183.1 181.6 180.2 178.8 177.9 176.4 175.8 175.5 175.1 174.8 174.5 173.2 172.9 173.9 175.6 175.9 176.4 177.2 178 178.7 179.9 179.7 178.3 177.1 176.5 176.9 174.8 173 171 167.8 164.4 162.5 157.5 152.9 144.9 136.7 140.9 154.4 160.2 163 171 177.3 181.7 186.2 190.4 193.5 196.3
231 229.9 231.2 231.7 229.4 227.5 225.3 221.4 219.7 217.4 215.9 216.1 213.7 211.5 210.7 206.8 205.2 202.1 200.5 198.8 197.4 196.3 195 193.7 192.8 191.8 190.9 189.8 188.7 187.5 186.7 185.4 183.8 182.4 181 179.8 178.3 176.7 175.4 174.3 173.8 173.5 173.1 171.8 170.9 170.8 171.1 171.1 171.5 172.3 173 173.8 175.5 174.8 173.8 172.5 172.2 172.3 171.4 170.7 168.2 165.3 159.3 156.2 152 145.6 139.3 146.1 157.3 164.2 168.9 178.2 184.1 188.2 193.3 198.7 202.9 206.5 209.3
235.8 235.5 235.4 235.3 234.5 232.6 229.8 225.9 224.4 221.4 218.9 217.5 215.6 214.7 213.6 209.8 207.2 208.1 205.4 204.7 203.1 201.3 198.9 196.8 195.5 194.1 192.5 191.4 190.9 189 187.4 186 184.5 183.2 181.9 180.1 177.7 176.6 176.1 175.8 174 172.2 171.3 170.7 169.9 168.2 167 167.8 168.2 168.3 168 168.3 168.5 168.7 170.1 169.4 169.3 169.6 169.7 168.9 163.7 152 146.2 144.1 148.5 154.5 158.9 163.9 168.4 175.7 182.8 190.5 195.4 200.7 206.4 211.9 216 219.8 223
243.6 241.5 241 240.6 238.2 236.7 234.1 229.6 228.3 224.6 221.6 220 219.4 218 217 213.9 213.5 211.4 209.8 209.3 208 206.2 203.9 201.8 200.8 198.7 196 193.7 191.2 190.2 188.8 186.5 185.6 184.6 183.3 181.3 178.9 177.5 176.7 177.1 175.5 173.3 171.4 170.3 169.7 169.7 167.7 166 164.9 164.5 165.9 165.6 164.4 162.6 161.7 159.1 161.4 163 156.9 155 152.8 156.9 160.4 162.8 166.6 166.9 169.5 173.6 182.9 189.4 195.4 201.1 206.7 213.3 218.8 223.3 227.7 232.2 236
251 248.1 246.8 244 241.9 240.2 237.5 233 230.6 227.5 226.2 225.2 222.2 221.1 217.9 218.1 216.7 214.5 212.8 212.9 210.4 209 207.6 205.6 205.1 201.9 199.3 197.5 194.6 193.2 190.4 190.1 186.6 185.9 183.9 181.8 179.3 178.7 178.4 178 176.6 173.7 172.5 171.1 171.9 170.5 169.6 168.5 168.6 167.4 164.7 163.9 162.7 167.4 164.6 168.4 164.8 160.5 157.2 155.6 161.2 170.4 171 169.9 169.5 172.9 177.4 183.6 191.9 199.9 206.8 212.3 218.2 223.3 229 235.7 242.3 248.2 253.7
263.5 258.7 253 250.1 246.1 244 240.3 238 235.1 232.2 229.2 227.4 224.5 222.7 221.8 220.7 220 217.9 215.5 214.6 213.3 212.2 210.8 208.7 207.3 205.2 202.4 203.2 198 196.7 194.7 192.1 189.1 186.5 184.5 182.4 181.5 180.9 179.9 178.7 175.8 176 176 174.3 173.8 171.6 171.2 172 172.4 171.1 171.8 172.4 171.2 170.5 169.9 168.1 164.7 162.2 157 165.7 174 174.2 174.3 173.4 175.2 178.5 183.8 192.7 202.1 210 217.3 223.9 230.6 236.9 244.1 253.3 261.2 267.8 272.9
277 270.1 263.5 259 253.2 250 245.3 243.4 239.9 237.7 234.8 229.9 228.1 226.6 225.6 224.6 223.5 221.5 218.9 216.5 215.6 214.6 212.8 210.6 209.3 207.1 204.4 204.3 200.1 197.5 195.1 193 191.7 187.2 185.6 185.1 184.3 182 179.1 177.6 179.3 178.8 178.6 177.4 174.5 174.8 175.7 176.2 175.7 173.9 174.7 174.7 173.6 172 173 168.2 165.9 161.3 162.6 173.4 174.9 175.7 176.2 177.6 179.8 185.3 191.1 202.4 212.8 220.6 229.3 236.9 244.9 253 262.2 272.5 282.6 290.9 298.8
282.6 278 273.5 267.4 261.1 257 253.3 248.7 246 241.6 238.3 234.8 232.5 230.8 231.1 230 227.7 224.6 223.7 220.6 219.6 218.6 215.2 212.7 210 208.3 205.7 204.2 200.6 197.5 195.1 194.4 192.3 189.8 187.9 186.8 186.5 182.2 180.4 183.1 182 181.1 181 178.8 178.3 179.1 180.8 181 180 176.4 178.1 177.2 176.9 176.7 174.4 168.4 166.8 169.1 173 177.1 177.3 178.2 178.8 181.3 184.3 191.2 199 211 222.7 231.5 240.6 249 260.4 271.3 284 296.3 308.6 319.2 328.3
284 281 277 271.7 267 263.5 259.3 255.6 252.4 248.5 243.1 239.2 237.8 236 235.2 232.7 230.1 227.5 225.8 224.6 222.6 220.3 217.9 216.2 212.6 210.3 208.2 204.9 202.2 198.3 197.6 198 195 193.1 191.8 187.1 184.6 183.9 185.6 186.8 186 183.9 182.7 181.9 180.7 184.2 184.2 183.6 179.7 179.4 180 180.2 180 179 175.4 167.4 175.3 172.9 177.7 178.9 179.7 181.5 184.2 187.9 191.9 201.5 206.9 220.3 231.8 240.8 251.3 263.2 276.1 290.4 304.5 317.9 331.3 343.1 350.7
289.3 286.4 282.6 278.3 273.4 268.7 265.1 261.9 259 255.2 249.3 244.8 243.6 241.1 239 235.3 233.1 231.1 228.2 226.3 225.7 223 221 218.7 216.4 211.4 208.4 205.4 203.1 202.8 202 200.1 198.1 197 192.4 187.8 189.2 186.8 189.3 190.7 190 189.8 187.2 183.1 184.1 184.5 184.3 183 182.6 182.2 182.8 183 182.2 180.4 176.6 172.3 179.3 177.7 180.1 182.4 183.8 185.5 189.5 192.9 202.4 209.9 221.2 230.9 239.7 248.7 260.5 273.9 289.7 306.7 324.1 341.1 357.6 368.1 369.4
297.3 292.9 289.8 285 279.8 274.6 271 268.2 264.1 259.2 254.2 251.5 248.6 245.5 242.2 240 237.9 234.8 231.7 229.4 228.1 224.8 221.9 218.6 214.5 212.5 209 206.2 205.5 205.7 203.4 202.2 199.7 198.9 192.2 194.2 192.5 190.4 192.4 192.4 191.4 190.8 187.9 187.5 186.8 187 186 185.2 185.6 185.9 186.1 185.4 184.6 184.2 176.6 179.4 183.7 182.2 186.9 190.1 190.5 193.3 194 202 211.4 222.4 233.1 240.5 250 260.7 270.5 283.6 298.9 317.9 339.9 359.5 376.4 384.6 383.5
303.7 298.8 296.5 291.9 286.5 281.6 276.8 273 268.6 264.9 261.7 257.3 253.4 249.6 247.3 244.7 241.6 238.5 235.3 233.1 229.3 226.7 225.2 221 216.8 214.1 211.8 208 207.4 204.4 202.1 200.9 199.3 195 196.2 194.8 194.8 195.5 197.4 195.4 194.6 191 189.6 191.6 191.9 189.9 189.7 189.8 190.1 192.7 193.4 187.7 187.6 187 179.6 186.2 187.9 190.2 193.7 195.1 194.7 197.2 204.5 213.2 223.3 232.5 243.5 252.2 261.1 271.9 282.2 293.6 306.9 325.5 349.9 370.7 381.8 388 388.1
311.5 305.8 302.6 299.1 294.1 289.5 284 278.2 273.6 271.2 268.1 263.3 258.6 254.4 251.5 247.9 244.5 242.1 239 236.2 233.4 230.6 228.3 224.1 220.7 217.9 214.9 209.8 207.3 204.3 200.8 199.4 198 197.5 197.2 197.5 199.2 204.6 212.9 206 199.9 196.2 193.9 194.4 194.4 195.5 195.8 195.8 197.1 198.6 196.9 190.5 191.8 178.6 187.6 190.9 191.9 194.5 198.9 203.3 198.9 205.6 215.8 223.3 235.4 244 254 263.1 272.8 282.9 294.6 306.3 319.2 334.4 354.1 369.5 379.1 385.6 384.7
318 312.1 307.2 306 301.9 295.3 289.2 283.5 280.2 277.3 273.8 269.9 264.7 260.4 257.1 253.4 248.2 244.4 241.6 239.2 236.8 234.4 231.1 227.5 224.2 219.3 214.6 214.7 208.5 205.3 202.3 203.2 201.3 199.8 198.9 199.8 202.1 217.3 212.2 208.4 204.1 198.8 197 196.8 198.4 204.2 204.3 205.9 204.8 201 195 195.9 190.8 182.2 190.4 194.9 198.8 197.6 198.5 202.4 206.2 215.2 223.1 234.8 243.9 253.8 264.4 274.7 286.4 298.5 308.7 319.5 331.6 342.1 355.4 368.9 374.7 382.1 381.6
323 316.9 312.2 308.2 304.3 299.2 293.7 288.7 285.2 282 278.6 274.9 270.1 266.2 261.4 256.7 252.3 247.7 245.2 242.8 240.3 237 233.2 227.7 224.8 220.4 217.5 210.3 211.4 208.5 207.6 206.3 204.5 203 201.3 201.5 204.2 211.2 210.4 209.2 205.8 202 203 206.3 206.5 208.3 208.6 205.5 202.2 199.2 200.4 197.7 195.5 183.9 192.4 197.9 201.5 201.8 202.9 207.7 214.9 223.5 231.6 241.9 250.8 260.4 272.3 285.6 299.4 312.3 324.6 332.8 339.5 345.3 354 365.3 370 371.2 367.7
327.3 321.8 316.5 309.9 305.3 301.3 297.3 293.2 288.7 285 281.9 278.8 274.1 269.5 264.1 259.2 255.4 252 249 246.1 242.5 239 234.3 227.6 224.4 219 218 218.6 216 215.2 212.6 209.4 208 206.6 205.2 204.2 211.7 212.5 210.5 209.1 206.5 210.4 212.8 211.6 211.5 209.7 207.6 205.8 206.1 205 203.4 202.4 193.5 192.3 195.1 199.8 204.7 205.1 206.1 210.3 219.1 226.8 235.1 244.7 253.8 263.8 274.8 288.2 301.3 314.4 325.6 337.8 345.1 348.8 354.5 361.3 364 364.5 360.2
330.5 326.5 319.6 312.4 309.4 304.3 300.4 296 291.4 288.2 285.1 281.5 277.6 272.6 267 262.8 259 255.1 251.2 247.9 244.7 240.4 237.4 234.3 230.5 229.1 224.2 222.5 221.2 219.5 218.1 216.1 213.6 212.2 210.6 209.7 215.7 214.4 213 211.3 210.6 215.2 212.8 214.2 213.7 212.1 211.7 215 214.2 211.5 205.6 207.8 202.3 193.6 197.7 203.2 208 208.2 210.2 213.5 218.4 226.9 235.8 245.4 254.2 264.7 275.9 286.5 298 310.6 321.6 332.5 340 346.7 355.3 363.7 365.8 361.9 357.4
331.8 326.4 320.1 315.7 314.5 310.7 304.6 299.8 295.4 291 287.4 282.9 278.8 274.8 269.3 265.5 261.2 257.2 253.6 250.6 247.5 245.5 241.9 238.5 235.9 232.3 229.4 228.6 227 225.8 224.1 222.4 220.8 219.9 218.7 215.7 219.3 217.5 216.5 216.6 215.7 217 216.5 221 218.7 217.7 219.3 218.7 217.7 212 212.1 211.4 207 196.2 199.8 205.7 214.9 211 212.9 218 222.6 224.7 230.7 244.8 254.4 266 277.2 287.8 298.3 308.1 317.3 326.2 334.9 343.9 355.2 363 365.7 361.1 355.5
