data/NH71.asc
ncols 200
nrows 200
xllcorner 270000
yllcorner 810000
cellsize 50
[rows 105 to 139 of 200, columns 78 to 155 of 200]
697.4 690.7 684.2 678.7 672.7 668.2 663.3 657.6 654.5 652.9 651.6 649.1 644.3 633.7 615.9 608.5 621.1 630.2 636.7 640.4 652.2 664.6 669.2 666.3 661.2 658.2 656.2 653.9 652.3 651.7 651 651 651.6 653.2 654 656.3 658.7 661.3 662.9 664.5 666.8 669.8 674.5 679.5 683.2 685.5 688 688.3 689.7 690 686.4 681.3 674.8 665.8 655.2 645.6 632.2 620.7 625.2 623.4 620.3 611.4 603 595.2 588.7 580 572 566.7 565.1 563.5 561.7 560.1 554 556 554.2 553.1 552 550.6
700.8 693.9 686.6 678.8 673.9 670.7 665.7 660.6 658.7 657.4 655.2 652.2 647.4 640.5 628.2 610.3 620 631.3 637.4 642.9 658.3 668 672.5 667.4 665 663.1 659.7 655.8 654.1 653.3 652.6 652.6 654 655.4 656.2 656.9 658.7 659.8 661.1 662.8 664.4 667.1 671.5 676.5 680 682.4 684.8 686.5 687.1 685.5 682.7 679.5 666.9 653.6 643.6 636.1 621.9 632 632.4 628.3 622.6 613.6 606 596.6 587.7 579.9 572.7 566.7 564.2 562.4 560.8 559.2 555.7 550 551.3 550.7 550.9 549.4
704 697.1 689.3 680.9 675.9 673.1 668.2 665.5 664.1 663 658.7 655.5 650.3 643.7 633.7 621.8 613.8 628.8 639.4 646.2 662 672.1 673.8 673.5 674.3 670.9 665.9 661 655.9 655.1 654.7 655.8 656.3 657.7 658 658.5 658.9 658.9 659.4 660.8 661.9 661 665.7 671.9 675.9 679.5 681.6 682.6 682.4 680 676.8 670.1 659.3 638.2 624.1 624.7 629.5 636.2 633.7 629.8 624.6 614.7 606.1 598 590.4 583.7 576.5 567.6 564 561.6 559.9 558.2 556.3 555 550.8 551 550.3 548.4
707.4 700.2 691.3 683.9 679.9 675.5 671.8 670.6 670 667.8 663.4 659 652.7 646.4 637.9 627.1 615.1 620.6 640.1 650.2 662.1 672.1 677.9 681.9 681.4 678.4 674 669.4 664.8 657.6 658.7 659.7 658.5 659.6 660 659.4 659.5 659.6 658.8 658.8 659.1 656.8 658.5 661.3 669.5 675 677.6 678.2 675.9 672.1 656.9 656 640.7 627.8 642 647.9 646.9 642.6 637.1 632.6 627.7 619.6 613.3 603 593.8 585.9 577.3 567.7 564.7 562.3 559.8 557.4 556.1 554.3 552 542.8 548.7 547.8
709.7 702.3 692.8 686.5 681.7 677.8 676.2 675.6 674.7 671.2 666.8 660.8 654 647.6 640.1 630.8 620.3 620.4 638.2 653 664.2 672.9 679.7 685.5 687.7 684.3 681 676 671.3 668.2 664.3 663.4 661.7 661 660.6 660.4 660.4 659.8 657.2 656.8 656.3 654.5 654.8 654.4 653.1 663.9 671.6 671.5 669.5 658.8 635.6 633.2 640.9 653.7 658.5 656.2 651.5 646.5 643 638.4 633 624.9 618.8 608.9 597.1 589.2 577.5 567.9 565.1 562.1 559.1 557.4 555.4 553.1 550.8 549.3 537 546.9
710.8 703.6 693.8 688.9 684.6 681.5 680.1 679.4 677.8 673.9 669 662.6 655.6 648.9 641.2 630.7 619.2 620.5 635.2 653.4 664 672.1 679.9 687.6 690.7 689.2 686 681.3 676.1 672.9 669.8 666.5 663.9 663.4 662.1 661.3 661.6 661.4 661.8 661.1 661.3 661.9 663.5 662.8 655.8 655.9 663.8 660.5 654 641.8 647.6 662.1 666.6 666 664.8 661.7 655.9 651.8 649.3 646.2 638.5 628.7 622.1 608.5 598.2 589.1 579.4 569 564 561 559 557.2 555.2 552.4 549.8 547.8 546 534
711.1 705 696.7 692.5 688.5 685.7 683.7 682.5 680.2 676.2 670.5 664.5 657.6 649.7 642 636.9 623.2 622.1 634.2 652.2 663.3 671.6 679.7 687.6 692 692.3 689 682.5 679 675.9 672.8 668.7 667.2 666.7 665.5 663.8 664.2 664.6 665.1 665.2 665.2 665.1 666.1 664.2 658.8 651.8 646.1 645 650.2 650.7 668.6 671.2 671.2 670.8 670.4 667.4 662.4 659.1 657.4 650.6 641.8 630.5 621.6 607.2 600.2 588.8 577.9 569.1 564.2 560.6 558.8 557 555.1 552.2 549.3 546.5 543 540.7
711 706.2 701 696 692.2 689.8 687.8 685.5 682.5 677.6 672.4 666.8 659.9 653.2 649.1 645 630.2 621.8 634.7 651.2 660.8 669.5 677.6 686.4 692.3 694.1 690.2 685 681.9 678.9 675.7 671.2 671.6 671.4 671.2 670.2 670.8 670.1 670 669.6 669 668 667.3 666.6 660.2 667.7 668.1 667.5 668.5 673.6 675.8 676.1 675.8 676.1 675.9 673 670 665.6 660.2 653.5 643.7 629.2 616.8 608.3 600.2 588.2 574.8 569.5 563.7 562.1 559.9 557.5 554.7 551.5 548.3 548.1 546.6 543.9
712.9 708.2 704.2 699.4 696.5 693.9 691.8 688.6 685.2 679.3 674.1 669 661.3 657.8 656.2 653.1 639 623.3 634.8 649.4 659.1 667.8 675.7 684.9 691.1 694.5 691.2 687.9 684.9 681.8 675.2 676.6 676.1 675.9 675.9 676.3 676.7 676.1 675.6 674.4 671.7 669.9 668.3 667.6 668.7 669.8 671.6 674.7 676.5 678.7 680 680.3 681.8 682.1 681.2 678.8 675.8 669.8 663.8 656.3 644.8 628.2 614.2 609 601.1 584.7 579.5 571 565.2 563.6 559.8 556.9 553.7 550.2 550.4 549.7 547.9 545.4
714.5 710.5 706.7 703.2 700.3 697.7 694.9 691.7 687.5 680.8 675.7 669.4 664.6 662.7 661.2 659.2 651.4 636.3 629.1 644.9 656.9 665.9 674.5 683.8 691.7 695.2 693.6 690.4 687.2 684.2 678.3 681.3 680.6 680.9 681.1 681.4 680.9 680.2 679.7 678.2 675.5 672.7 670.6 668.1 670.9 672.2 675.2 678.2 680.4 682 682.5 684.2 686 687.5 685.7 683 679.7 673.4 667 658.1 642.7 626.7 613.3 607.9 599.2 585.4 581 572.4 567.1 563.9 559.8 556 552.8 553.1 553.4 552.8 550.3 546.8
719.2 714.6 710.4 707.1 704.2 701.5 698.5 695 690.4 683.7 678.2 673.6 670.1 668.2 666.2 662.6 656.5 649.9 640.8 631.6 653.5 663.1 672.2 681.9 691.9 694.8 693.3 691.4 689.4 683.4 684.7 684.9 684.9 685.4 686 686.2 685.3 684.4 683.5 682.1 679.4 676.2 672.6 670.9 672.8 675.8 678.8 681.6 684.8 686.1 687.1 688.4 690.2 691 688.8 684.7 680.4 674.2 666.6 656.4 639.5 623.9 612.1 603.1 594.9 589.2 581.2 570.7 567.7 564 560 557.3 556 556.5 556.6 556.4 552.8 548.8
723.5 718.7 715.3 712.1 709.6 707.1 704.6 699.8 693.7 687.9 683 678.4 675.8 673.9 670.8 662.7 661.7 655.5 645.5 634.8 649 660.6 669.7 679.8 690.2 694 694 692.4 689.6 688.9 689.2 689.1 689.4 690.3 691.2 690.9 689.7 688.8 687.6 685.6 682.7 679 674.5 673.6 675.6 678.3 682 686.3 689 690.8 691.9 692.5 692.4 691.2 688.4 683.4 678.4 672.6 664.4 650.8 637 622 607.1 599.6 595.5 585.3 576.1 569.6 568.1 563.6 560.9 559.9 559.1 560.3 560.3 559.7 555.2 550.8
728 723.6 720.3 717.2 714.9 712.8 710.3 704.3 698.2 692.2 687.5 683.3 681.2 678.4 672.1 665.6 664.1 660.1 648.3 635.1 646.5 660.4 669.7 678.3 687.2 693.7 694.3 693.7 691.7 691.3 693.2 692.7 693.9 695.9 697.2 695.7 694.6 693.5 692 689 685 680.7 676.3 675.7 677.8 680.4 684.5 689.2 692.5 693.5 694.7 695.4 692 687.3 682.8 677.8 673.7 669.1 660.1 643.1 630.8 618.2 604.1 603.9 598.3 587.3 573.4 570.8 568 564.1 563.1 562 562.4 564.1 564.3 562.5 557.9 553.1
732.6 728.9 725.5 723.1 722.2 720.7 716.1 710.2 703 696.8 690.7 686.5 684.1 680.9 673.7 669.5 666 654.6 642.6 637.5 645.8 658.7 669.6 679 686.6 693.2 694.7 694.2 693.7 693.4 694.1 695.6 698.1 701.1 701.9 700.3 699.5 698.2 694.9 691.1 686.1 680.1 678 677.8 680.2 682.7 687 692.6 695 695.4 695.3 692.7 686.8 681.5 673.5 669.8 665.5 658.8 647.7 632.7 623 606.9 609.7 601.5 590.9 578.8 574 570.3 565.3 564.3 563.2 563.8 564.7 566.2 567.6 565.2 560.2 555.4
739.3 735.8 733.5 731.8 730.7 726.7 721.7 714.9 707.3 701.4 695.2 689.2 686.1 680.8 676.2 670.2 664.6 655 649.1 638.3 645.7 658.2 669.8 679.6 686.8 691.1 693.8 693.2 693.3 694.6 697.2 699.2 700.9 703.1 703.8 703.2 701.9 699.5 696.8 692.4 686.8 681.8 679.6 680.9 683 685.2 689.8 694.5 695.2 694.5 691.8 686.8 680.1 670.5 660.2 654.5 650.8 645.2 637.9 623.3 607.3 605.1 600.4 594.8 584.8 576.2 572.9 567.6 564.6 563.9 563.1 565.3 566.7 567.9 569.7 567.8 563.1 557.7
748.4 745.8 742.9 739.8 737.2 732.8 726.8 718.9 710 704.1 698.2 691.5 686.6 682.1 676.2 668.7 660.4 659.5 647.2 638.8 643.8 656.1 669.3 679.3 686.4 689.7 692.7 693.3 694 695.4 697.7 700.4 703.2 705.3 706.2 705 702.8 700.4 697.9 692.2 683.6 684.9 683.1 683.9 686 687.6 690.2 693.8 694 691.6 687.2 680.1 670.7 655.2 642.5 638.3 635.3 632.7 627.6 612.9 603.8 599 591 582.9 580 576.2 571.7 564.8 564 563.4 564.6 566.7 568.4 569.6 571.8 570.7 565.1 559
755.3 752.2 749.1 746.1 742 736.9 730.6 721.7 712 705.3 698.8 692.5 685.8 680.8 668.8 661.6 662.8 657.8 645 639.8 642.4 654.6 665.5 675.6 684.2 688.1 691.4 693.8 694.9 696.3 698.4 700.9 704.5 707.6 707.9 705.8 703.3 701.3 697.7 688.9 688.6 687.9 687.1 686.8 688.4 688.9 690 691.4 690.7 687.2 681.9 673.3 659.2 642 628.8 621.9 616.4 618.1 614.9 607.3 598 591.7 589 583.9 579.5 575.2 568.9 563.8 563.1 563.1 565.3 568.2 570.1 570.9 572.3 571.1 566.8 560.5
761.5 757.9 753.8 749.6 744.7 738.1 731.6 723.8 713.2 705.1 698.3 688.4 683.3 675.1 664.8 665.5 661.5 656.6 644.5 640.9 642.7 653.5 664.8 673.9 681.6 686.3 689.6 693.6 695.7 697.2 699.2 702.1 705.7 709 708.2 705.7 702.8 700.3 696.5 693.5 690.4 690 689.6 689 688.8 689.2 689.5 688.8 686.5 682.5 676.2 665.9 647.2 631.4 617.4 611.5 609.4 607.6 605.8 599.3 591.7 589.1 585.8 580.4 575.7 572.5 566.1 563 562.1 563.5 565.3 569.6 570.5 571.5 572.3 571.6 567.7 561.5
766.9 762.6 758 751.9 745.5 738.9 732.4 723.5 712.7 704.3 693.6 686.7 677.1 667.5 669 664.7 661 656.3 647.7 641.5 644.3 654.3 664.5 673.9 681.7 686.4 690.8 695 696.8 698.8 701.8 705 708.3 709.5 708.2 705.4 702.5 699.8 697.5 695.2 692.4 692 692 691.5 689 688.5 688.3 685.8 682.6 677.1 669.1 654.4 637.6 621.3 610.1 603.5 600.9 599.4 596.9 592.2 587.5 583.8 580.1 574.9 571.3 567.3 563.4 561.7 561.3 562.6 565.3 569.4 570.1 571.6 571.3 572 569.5 560.8
771.1 767 760.8 753.6 745.7 739 730.8 721.5 711 700.8 689.2 682.7 668 671.6 668.5 664 659.4 655.5 647 643.6 646.3 656.2 664.9 674.3 682.8 688 693 696.9 698.7 702.5 705.2 707.5 709.8 709.3 707.9 705.3 702.9 700.7 698.4 696.1 694.6 694.6 694.6 693.9 690.7 689 686.3 683.5 678.2 672 661.3 646.8 628.7 614.2 604.5 599.7 596.5 593.9 591.3 585.8 582.8 579.7 575.9 572.3 569.4 565.3 562 559.6 559.1 561 564.3 567.2 569.7 571.4 570.3 571 570.3 562.6
775 769.6 762.7 755.4 747.1 736.9 728.7 719.4 706 693.1 684.1 679.6 667.7 670.9 667.8 664.8 657.9 649.8 645.3 645.3 648.5 658.7 667.7 675.5 684.3 689.5 694.8 698.8 702.3 706.1 709.2 710.1 709.9 708.9 707.6 705.9 703.7 701.6 699.2 697 698 697.5 697.2 696.4 693.2 689 685.5 681.5 674.8 665.7 652.7 638.9 619.2 608.8 600.1 594 590.7 587.1 584 581.2 578.3 575.3 572.5 570.1 567.4 563.3 560.5 557.9 556.9 559 561.2 565 568.3 570.1 568.1 568.8 568.2 564.2
777.9 771.9 764.6 757.1 747.5 736.6 726.8 714.7 704.5 689.9 687.1 678.3 669.5 671.8 667.9 663.7 650 649.3 648.7 647.5 650.8 660.3 670 677.9 684.7 690.6 695.8 701.4 705.7 709.5 712.7 713.2 711.8 708.3 708.8 706.7 704.6 702.4 700.1 700.1 700.6 702.1 701.6 698.4 694.2 688.6 683.6 677.4 669.1 658.7 647 631 614.5 604.8 597.3 590.5 584.8 581.8 579.8 578.4 575.9 572.9 570.7 567.9 565.4 561.7 559.1 556.5 554.7 555.9 558 561.8 565 566.3 565.5 564.8 563.4 564.7
780.9 774.5 767.1 757.3 746.9 734.8 724.9 711.2 700.6 690.9 686.9 672.9 672.6 670.7 657.1 653.8 657.2 654.6 651 650.1 654.5 664.1 672.9 680.3 685.1 691 696.4 702.2 707.9 713.4 716.7 715.9 712.8 711.3 709.9 707.7 705.4 703.3 702.2 702.4 703.1 704.7 703.3 699.3 693.8 688 681.2 674.1 664.6 653.7 643.2 625.7 613.1 600.6 591.6 584.5 579.8 577.5 576.7 575.3 573.5 571 568.9 566 563.3 560.2 557.6 554.5 552 551.5 553 555.6 560.2 563.3 562.9 562.1 560 559.1
781.5 774.9 768.3 758.1 744.8 734 723.5 708.4 697.8 694.9 684.5 672.1 676.1 660.3 665.6 666.5 665.1 658.9 654.8 653.9 659 668.1 676.6 682.6 685.9 691.4 696.3 701.6 706.8 713.1 717.3 718.7 717 716 710.8 707.4 705.2 703.1 703.8 704.5 705.5 705.8 703.7 699.4 693.1 684.8 677.1 669.6 659.1 649.6 638.5 623.9 610.3 597.2 587 580.2 577.2 574.6 573.5 572.1 570.8 569.1 567.1 564.2 561 557.4 554 551.4 549.6 547.6 547.4 549.1 553.7 558.9 559.7 559.2 556.3 555.8
779.9 773.7 767.4 757.3 744.7 732.7 721.8 705.8 698.6 695.5 686 682.9 675.8 660.7 671.8 673.5 671.7 666 659 657.3 663.9 671.1 679.2 684.5 686.3 691 695.4 700.7 705.8 712.2 716.9 718.8 719.9 715.8 711.2 706.6 704.2 702.7 703.3 705.1 705.8 705.8 703.6 699.4 691.3 682.5 673.8 664.8 653.6 643.3 632.2 621 607.4 594.3 583.5 578.1 575 572.8 570.3 569.1 568.2 567.1 564.8 561.3 557.7 553.7 550.6 548.2 545.9 543.6 542.6 543.7 547.5 553.4 554.8 554.5 552 552.5
778.3 772.1 765 754.4 741.8 730 716.1 709.6 701.8 691.6 690.7 684.7 665.3 671.4 678.6 677.8 675.9 669.5 661.6 658.9 664.5 674.3 681.1 684.8 686.7 690.5 695 699.5 704.7 710.8 715.3 717.4 716.9 714.5 710.7 706.8 703.3 701.5 701.4 704.5 705.7 704.9 701.2 695.6 688.5 679.7 670.2 658.7 647.3 636.6 625.8 617.1 603.3 590.1 581.3 577.2 574.3 571.6 568 566.1 565.2 563.6 561.3 558 554.4 550.6 547.6 545 542.5 539.6 538 538 541.4 545.8 549.2 549 546.6 545.2
773.8 767.5 760.8 750.2 738.4 725.4 715.4 709.2 696.6 696.7 692.4 686 664.5 681.8 683.8 680.6 676.8 670.6 661.4 662.2 668.6 676.3 683 685.1 687.1 690.8 694.6 698.5 702.7 708.1 712.4 714.4 713.6 711 706.9 702.8 699.8 698.3 697.3 698.5 699.3 698.7 696 691.3 684.9 676.9 666.1 653.9 642.2 630.3 620.7 613.8 599.4 585.8 580.5 576.4 572.3 569.2 567 563.6 561.7 559.5 557.3 554.9 551.6 548.1 544.8 542.3 539.1 535.1 532.6 532.4 535.6 538.3 541.8 542 541.5 539.5
768.5 762.3 755 742.5 733.3 720.8 713.6 700.2 702.3 699.3 694.5 681.6 666.3 688.4 687.8 681.7 677 670 660.7 665.4 672.7 679.4 684.1 686.9 688.5 690.3 694.1 698 701.8 705 708.7 709.9 709 706.7 702.6 698.4 696 694 692.8 692.4 692.9 692.3 690.2 686.8 680.6 674 662.9 651.5 637.2 625.6 618.4 612.6 593.7 583.1 578.1 573.7 569.6 566.6 564.2 561.3 557.6 555.4 553.2 550.7 548.2 545.6 542.1 538 533.2 528.8 527.1 526.6 529 531.7 534.5 535.2 535.6 538
763.3 756.7 747 736.2 727 715.5 708.2 701.7 703.7 699.9 692.9 671.1 675 691.5 688.4 682.9 678.4 668.6 661.1 668.6 676.3 682 685.3 687.1 688.2 690.8 693.5 697.1 699.4 701.3 703.7 705.4 703.3 701 698.3 694.1 692.2 690.1 687.8 686.6 686.9 686.3 685.5 683.4 678.5 671.6 662.5 650.2 634.7 623.4 616.3 604.1 589.2 581.5 575.8 571.5 567.3 563.7 561.4 558.8 554.7 551.4 549 546.8 544.6 542.1 537.2 531.8 526.7 522.9 521.1 519 521.7 525 526.5 527.1 528.5 532.9
757.6 749.3 737.3 728.6 719.9 711.4 708.1 707.9 703.9 699.4 688.7 668.2 689.5 691.9 688.3 683.2 678.6 669.6 662 670.1 677.4 681.8 684.5 687.1 688.2 689.7 693.4 695.5 695.6 697.5 698.3 697.5 696.4 694.4 692.2 687.8 685.5 683.3 680.8 679.7 680.3 680.9 680.8 680.1 675.2 669.8 660.4 649.4 634.2 623.9 613.7 602.9 588.1 580.3 574.3 569.9 565.7 561.6 558.1 555.1 551.1 547.1 544.7 542.6 540.4 537.6 531.9 526.8 520 515.3 510.4 510.6 513.6 516.4 517.4 518.5 521.2 527.4
750.7 736 727.8 717.5 709.5 705.6 706 705.1 702.5 690.3 671 684.2 691.9 691.6 687.8 683.5 678.4 672.4 668.5 668.6 675.4 679.2 681.7 683.8 686 687.2 690 691.7 691 690.1 689.7 688.7 687.7 686.6 684.7 681.3 679.3 677.3 675.8 674.4 674.2 674.9 676.2 675.3 671.5 666.6 658.7 648.6 636.4 624.3 613.6 601.1 589 579.4 573 568.6 564.4 559.8 554.9 550.4 546.6 543.2 540.3 537 534.3 531.8 525 518.6 511.2 505.7 500.8 498.2 503.3 505.2 505.9 508 512.9 520.6
739.2 726.9 717.2 709.9 706.3 702.6 700.4 699.8 700 687.2 682.8 694.7 693.5 691.5 687.9 684.1 679.5 676.1 673.4 668.7 672.7 676.3 678.6 680.2 682.5 684.4 685.9 685.3 684.1 682.6 680.8 679.3 677.7 676.6 675.6 676 674.3 673.1 671.5 669.8 669.7 669.5 668.4 667 665.6 662.2 655.3 647.2 637.1 623 613.3 598.5 587.2 579.1 572.3 567.1 562.5 558.1 552.8 547.4 542.1 533.4 531.2 526.5 525.4 521.7 513.2 506.6 498.5 492.3 488.1 480.6 487.4 490.3 492.1 494.2 499.9 507.2
726.6 716.8 710.4 705.7 700.3 698 695.7 694 694.4 680.4 694.4 695.6 693.1 691.2 688.4 684.7 682.7 679.5 675.5 670.6 669.9 673.2 674.9 676.6 678.9 681.2 679.9 677.7 675.5 673.5 670.5 668.7 668.6 668.9 669.8 670.4 669.2 669.3 667.5 665.3 665.1 663.5 660.9 659.1 657.8 655 650.4 645.4 634 622.8 616.2 594.6 586.1 578.9 572.2 565.9 561.3 555.9 550.5 545.1 539.4 531.4 512.1 510.4 512.5 507.8 499.4 489.5 478.3 470.1 465.6 460.1 470.4 470.5 472.7 474.2 484.3 492.6
718.1 711.4 704.8 699.1 693.4 689.9 687.5 686.9 686.7 687.7 688.7 690 691.2 690.8 689 687.2 684.8 681 676 669.8 666.2 667.8 670.6 672.9 674.7 675.1 671.9 669.5 667.1 664.2 662.1 661.6 662.1 663.4 664.7 665.4 665.4 665.6 663.6 660.8 658.7 656.8 654 651.2 650 647.5 645 642.6 633.5 626.2 614.4 598.5 586.8 579.8 571.9 565.2 559.2 553.7 548.2 542.5 535.7 526.4 512.7 496.2 496.3 489.4 478 466.6 455.9 455.1 454.5 455.4 452.6 450.4 452.4 454.8 457 470.2
713.2 705.6 697.7 692 686.3 680.8 679 679.2 680.8 682.9 684.2 686.1 688 689.6 690.6 688.7 685.4 680.8 675.3 669.2 664.6 662 663.4 664.8 667.4 667 664.1 661 657.6 654.8 653.4 654 656.4 658.5 660.1 661.6 662.6 662.7 661.9 659.6 656.4 653 647.1 641.6 639.9 636.8 634.6 634 631.3 623.2 609.8 599.2 591.5 582.2 572.4 564 557.8 552.3 545.9 539.2 532 521.2 506 496 479 469.2 457.8 458.6 464.3 466.9 464.1 459.8 455.6 454.1 448.3 451.1 450.8 450.2
