data/NH73.asc
ncols 200
nrows 200
xllcorner 270000
yllcorner 830000
cellsize 50
[rows 105 to 139 of 200, columns 78 to 155 of 200]
310.2 307.6 307.4 305.4 305.5 304.3 303.3 302.4 301 300.7 300.3 299.4 298.1 296.1 294.4 294.6 293.6 293 291.8 291 292.5 292.7 292 292.5 292.1 291.3 289.9 287.8 286.1 285.9 285.9 285.4 285.3 285.5 284.8 285.1 284.3 283.4 282.8 281.8 281.3 280.9 280 278.8 278.5 281.4 275.3 275 273.6 272.3 271.3 270.6 270.6 270.6 270.4 269.1 268.5 268.6 268.4 268.4 268.4 268.4 268.4 268.4 268.4 268.4 268.4 268.4 268.4 268.4 268.4 268.4 268.4 268.4 268.4 268.4 268.4 269.7
306.4 304.4 302.9 302.4 302.7 301.8 301.6 299.7 298.5 297.7 296.7 295.5 295.7 293.5 294 293.4 292.5 291.8 291.5 295 295.5 293.2 293.9 294.2 293.3 291.3 290 289 289.9 290.5 289.5 288 287.5 286.5 286 285.9 286 285.1 284.6 283.8 283.4 283 282.6 281.8 281.3 280.5 282.4 278.1 276.6 275.7 273.4 271.5 271.9 272.2 272.4 271.4 269 268.6 269.6 268.6 268.6 268.6 268.4 268.4 268.4 268.4 268.4 268.4 268.4 268.4 268.4 268.4 268.4 268.4 268.4 268.4 268.4 268.4
302.8 301.2 302.1 301.3 300.5 299.4 299.8 299 297.4 296.8 295.8 295.4 295.5 294.3 294.9 294.8 294.7 293.8 297.8 302.1 297.8 294.6 297.7 297.7 296.6 295.1 293.5 292.3 291 289.8 289.7 290.1 291.3 291.2 290.2 289 287.8 286.8 286.3 285.8 285.5 285.2 284.9 284.5 284 283.2 282.3 283.7 280.7 279 277.3 276 274.1 273.6 273.1 272.8 271.2 270 269.2 269 269 269 268.8 268.4 268.4 268.4 268.4 268.4 268.4 268.4 268.4 268.4 268.4 268.4 268.4 268.4 268.4 268.4
305.8 308 309.1 308.8 307 303.1 301.1 300.6 300.9 301.1 301.8 302.1 301.6 297.9 297.8 297.3 297.1 298.4 304.1 302.3 298.2 298.3 301.4 301.1 299.9 298 296.2 294.8 294.7 293.4 293.1 294.1 295.4 295 293.8 291.5 291.9 291.4 289.1 288.5 288.2 287.9 287.6 287.2 286.6 286 285.7 285 284.7 282.6 282 280.6 278.4 274.9 272.4 273 272.9 271.1 271.5 269.8 269.3 269.3 269.6 269 268.4 268.4 268.4 268.4 268.4 268.4 268.4 268.4 268.4 268.4 268.4 268.4 268.4 268.4
311.7 313.9 315.6 315.6 314.9 311 307.2 306.5 306.7 306 308.2 311.1 307.5 303.4 304.4 305.5 304.1 307.9 308.2 301.9 300.5 301.2 304 304 302.6 300.8 298.9 297 296.1 296.2 296.6 297.4 299.4 298.2 297.2 295.1 293.3 292.3 292.7 293.2 291.9 290.6 290.3 289.8 289.6 289.6 289.5 289.2 288.3 285 283.9 283.1 282.4 275.2 274.2 277.4 280.7 283.1 281.8 275 269.8 270 270.5 269.3 268.4 268.4 268.4 268.4 268.4 268.4 268.4 268.4 268.4 268.4 268.4 268.4 268.4 268.4
316.1 317.6 318.6 318.2 318.6 316.6 314.3 313.3 315.3 313.9 309.7 310.7 306.4 309.3 310.1 310.3 311.3 310.9 309.7 303.7 302.9 305.6 307 306.5 305.2 303.9 301.7 299.7 297.7 296.1 300.3 302.4 303.2 302.6 300.5 298.8 297.4 296.4 295.3 295.1 295.1 294.5 293.8 293.5 293.6 293.7 293.7 294.4 293.3 289.4 287.4 284.5 282.8 282.8 282.8 282.5 288.6 290.7 282.8 277.9 280.9 280 273.6 271.2 270.6 271.4 270.1 268.4 268.4 268.4 268.4 268.4 268.6 268.4 268.4 268.4 268.4 268.4
323.1 323.7 324.2 324 322.6 320 319.2 320.5 320.5 318.5 315 310.8 308.9 309.7 311.4 312 310.6 308.8 307.3 304.6 306.1 308.1 308.7 308.3 307.5 306.3 304.6 302.1 299.6 297 304.1 307.1 307.8 308 305.3 302.5 301.6 299.1 299 298.9 298.7 298.4 298.1 297.6 294.7 299.3 300 301.5 298.7 293.7 291.5 284.5 285 285.8 284.5 283.7 284.9 289.3 287.1 282.6 281.9 282.5 273.4 273.3 273 272.7 271 269.5 268.4 268.4 268.4 268.4 271.5 269.4 268.4 268.4 268.4 268.4
329.6 330.4 330.6 328.5 325.5 320.5 319 321 321.6 320.8 317.2 310.3 310.2 310.1 311.1 311.7 309.2 309.4 307.3 307.6 308.9 310.3 310.3 310 309.4 308.1 307.2 304.7 301.9 298.5 306 311.2 312.3 312.4 309.3 305.6 302.7 301.7 301.6 301.5 302.7 303.2 303.5 303.3 303.7 301.3 295.5 301.1 301.9 298.8 289 288.2 290.9 285.2 285.6 285 284.3 283.1 287.3 288.8 288.4 282.9 276.2 274 273.4 272.9 271.9 270.9 268.8 268.4 268.4 268.4 269.6 269.8 268.4 268.4 268.4 268.4
332.7 335.9 332.9 327.2 320.9 316 315 316.6 314.5 312 311.2 311.3 311.6 312.9 313.7 313.7 312.8 310.6 309.2 310.6 311.8 313 312.2 311.9 310.3 307.6 307.8 307.2 304.3 300.8 305.7 311.8 311.8 310.6 306.6 303.2 302.2 302 301.6 301.4 301.6 304.4 306.8 305.9 305.1 304.4 303.9 299.6 296.2 294.2 287.2 291.8 295.1 290.4 286.8 286.3 285.7 284 284.2 288.7 282.8 280.5 276.6 275.2 274.2 273.2 272 270.9 269.2 268.4 268.4 268.4 268.4 270.6 268.4 268.4 268.4 268.4
330.1 332.3 328.8 324 318.3 315.3 315.2 315.6 318.1 318.3 318.4 318.6 318.5 319.9 320.2 320.3 317.9 313.4 312.7 312.8 314.2 315.8 316.2 316.7 314.9 312.7 309.4 307.2 302.8 301.5 306.8 310.6 307.3 304.5 303.3 303.2 302.8 302.3 302 301.7 301.6 301 302 301.8 302.5 301.6 299.9 297.5 294.2 290.3 296.8 294.1 296.5 292 290.4 288.8 286.9 285.3 283.5 282.2 279.9 278.4 277.6 277.5 275.6 274 271.5 271 268.4 268.4 268.4 268.4 268.4 268.4 269.9 268.4 268.4 268.4
325.9 325.1 324 322.3 321.9 323.9 325.8 329.6 330.7 329.9 328.3 325.9 323.9 325 327.6 324.6 317.9 315.2 315.5 315 315.4 320.2 320.8 321.4 320.3 318.7 315.2 311.2 306.8 304.8 306.3 307.4 305.3 304.7 304.3 304.7 304.5 303.3 302.5 303.2 303 302.3 300.9 300.1 299.8 298.2 295.5 295.2 295.1 302.6 303.2 298.9 297.4 295.5 294 292.3 290.1 287.5 286.1 283 280.9 281.1 279.8 280 277.4 276.2 273.1 273.1 271.5 268.4 268.4 268.4 268.4 268.4 270.1 268.4 268.4 268.4
330.1 329.4 330.9 333.6 336.9 341.3 342.3 342.5 338.7 337.7 335.6 331.2 327.5 326 324.4 320 320.1 321.1 319.8 318.7 317.8 319.6 322.1 325.8 325.3 324.4 320 313.8 308.4 308.4 310.2 311 309.7 308.5 311.3 311.7 312 310.2 308.1 306.4 305.4 304 302.1 301.7 301 300.5 300.1 300.5 300.4 307.6 305.2 301.7 297.8 297.7 297.5 295.7 293.6 291.5 289.2 287.6 282.4 282.3 281.2 279.6 278.2 277 273.9 272.2 272.6 269.5 268.4 268.4 268.4 268.4 268.4 268.4 268.4 268.4
341.6 341.6 340.8 339.6 343.1 348.3 349.9 348.3 347 343.8 338.5 332.4 328.5 324.9 324.7 324.1 325.8 326.2 325 323.3 322.3 322.4 322.6 322.7 324.8 323.4 322.3 319.1 311.2 314.6 316.2 316.6 317.7 317.7 314 313.7 317.2 316.5 313.7 309 307.2 309.4 310.2 308.6 307.4 306 305.6 304.8 307.1 308.8 307.2 304 301.3 298.9 298.6 298.9 297.4 295.3 293.3 290.2 286.8 286.9 281.4 279.6 279.5 276.5 274.7 273.7 273.8 270.8 268.4 268.4 268.4 268.4 268.4 268.4 268.4 268.4
355.7 353.3 351.9 351.2 350.5 352.8 353.8 353.5 348.8 340.7 335.6 332.8 330.3 330.1 333.4 335.7 335.8 334.7 334 333.9 334.1 331.9 327.9 325.2 326.6 324.1 322.5 320.7 318.7 320.6 322.4 324.1 325 324.9 319.6 314.9 314.3 315.5 312.3 309.2 311.8 314.4 317.1 315.2 312.1 311.8 313.1 312.8 312.8 312.1 309.4 306.2 300.4 305 302.9 300.5 299.2 299.3 297.5 294.5 290.2 287.2 286.2 285.9 283 280.4 278.8 276.9 276.7 274.9 271.4 268.4 268.4 268.4 268.4 268.4 268.4 268.4
372.6 368.1 365 363.5 354.7 354.7 355.4 353.7 346.8 341 339.3 339.9 345.1 346.5 349.6 351 350.2 347.9 345.3 343.4 341.8 338.9 337.2 333.5 331.4 329.1 327.3 326.1 326.7 327.8 329.8 331.8 333.6 332.1 326.5 316.9 314.8 313.9 312.9 314.2 317.3 319 320.3 318.9 317.7 318.6 317.5 318.1 316.4 314.3 310.8 307.3 302.8 306.9 306.1 299.4 299 295.6 299.7 299.3 294.8 291.9 291.5 288.5 289.1 286.8 283.5 281.3 280.8 279.9 277.5 271.8 268.4 268.4 268.4 268.4 268.4 268.4
385.9 377.8 374.3 365.4 358.9 360.1 358.4 356.7 348.8 348.2 352.1 357.3 359.9 362.1 363.2 360.7 359.7 357.7 354.3 349.4 345 344 343.1 342.3 339.1 338 336.8 335 335.2 335.6 337.2 340.7 342.5 338.2 333.1 326.8 323.1 320.2 319.1 320.9 324.8 324.6 323.6 322.4 321.6 321.6 321.2 321.6 318.4 312.8 308.8 305.8 306.7 308 306.8 305.1 303.5 302.7 301.8 301.1 300.6 299.3 295.6 291 288.2 289.3 289.3 287.9 287.1 285.4 283.3 280.9 274.3 268.4 268.4 268.4 268.4 268.4
392.8 386 380.4 374.2 368.1 367.4 364.1 363.1 358.6 357.8 369 370.5 371.6 372.2 372.8 372.7 370.6 368.9 365.9 362.1 356.9 351.7 348.8 346.5 345.6 344.6 343 342.9 342.4 341.8 342.6 346.1 348.1 343.9 338.8 333.7 330.1 327.6 326 327.3 328 327.6 327.1 326.1 325.2 324.8 324.5 319.7 313 311.2 313.3 311.2 311.3 309.7 308.5 307 306.4 305.4 303.6 302.4 301.2 301.1 300.8 302 297 296.2 294.3 291.2 289.9 289.5 288.3 285.6 281.5 274.6 268.4 268.4 268.4 268.4
396.5 390.8 386.5 381.1 378.4 373.6 370.5 369.8 368 357 379 380.6 379.6 386.6 388.6 386.1 383.3 381.1 374.3 368.7 365.1 359.2 356.4 353.1 352.7 351.2 350.2 349.5 348.8 347.1 346 345.7 348.5 347.3 344.6 339.8 336.7 334.6 333.2 322.1 331.1 330.8 330.4 329.6 328.1 326.5 322.2 317 317.2 317.5 316.3 314.7 313.9 312.3 311.2 310.6 309.8 308.8 304.5 303.6 302 300.9 300.7 301.4 301.4 302.7 300.5 297.3 294.2 291.1 290.6 290.2 286.2 279.8 273.5 268.4 268.4 268.4
400.9 396.6 394.1 388.5 384.8 379.8 377.7 377.3 379.8 370 385.9 391.2 392.7 398.6 402.4 400.6 395.7 390.9 384.2 377.3 373.2 368.9 364.1 361.7 360 358.5 357.3 356.3 355.4 354 351.7 349.4 345.9 345.5 345.2 342.8 339.5 337 334.2 326.4 332.8 333 333.8 333.7 329.8 323.6 321.1 320.5 324.4 324.3 321.2 317.1 315.2 313.5 312.6 312 311.9 311.1 309.1 306.6 306.4 305.1 306.3 306.6 303.8 302.1 302.3 303.3 300.1 296.7 293.1 291.2 291 284.2 278.8 275.3 273 269.8
409.8 401.5 398.7 396 392.4 387.6 385.9 386.7 373.8 376.4 396.3 401.8 407.3 411.4 414.5 414.5 406.7 400 393.6 386.8 383.3 377.7 371.5 367.8 367.6 366.2 365.6 365.3 364.4 362 360.1 357 346.6 342 342.9 339.8 339.1 336.7 334.3 330.8 331.1 332.9 335.8 333.4 328.2 323.4 327.3 331.7 331.5 330.3 326.8 322.3 318.5 315.8 313.8 313.1 312.9 312.4 311.9 310.9 310.2 310.7 310.5 311 308.6 305.5 302.3 303.1 303.3 302.4 298.5 293.9 294.5 290.6 288.6 286 284 277.9
417.6 407.9 400.6 401.2 397.4 392.4 387.8 380.7 390.4 400.7 407.1 413 416.7 422.4 426.7 425.5 417.5 408.7 401.7 395.8 390.3 387.3 383.8 376.5 375.3 374.2 374.2 373.9 373.6 370.9 370.6 367.8 363.8 351.6 344.5 340.5 339.3 337.1 335.3 335 335.1 333.1 331.6 330.5 330 334.4 336.6 336.5 336.4 335 333.2 329.7 325.9 321.5 317.6 315.2 314.6 314.1 314 312.8 312.4 315 315.3 315.2 313.5 310 307.3 305.4 304.4 301.7 303.5 298.9 294.1 290.3 289.9 294.3 293.6 283
424 417.3 409.4 404.2 401.1 393.8 397.5 404 409 411.2 415.8 420.1 424.8 431.6 434 433.1 425 418.5 409.9 405.2 401.4 398 394.6 389.8 386.9 385 383.8 383.3 383.1 380.2 378.6 375.8 374.3 367.9 359.9 352.5 345.3 339.2 341.5 342.3 336.7 337.3 335.8 338.2 343.9 343 341.4 340.3 338.7 337.7 336.7 333.7 330.2 326.5 322.4 318.6 317.2 316.8 318 315.3 315.3 318.4 319.8 319.8 318.7 316.1 313.3 310.8 308.5 306.8 304.8 304 299.2 294.5 290.5 290.4 293.7 286.4
431.5 426.2 419.8 414.1 404.5 407.2 411.1 415.3 418.3 420.2 423.3 428.9 433 436.8 440.9 438.9 433.1 426.7 421.6 416.3 411.7 408.2 404.7 401.4 397.9 396.8 396.6 395.2 391.3 388.5 386.9 385.1 380.8 376.5 370.8 364.8 358.1 349 351 348.9 341.8 343.7 343.9 344.6 347.3 346.6 344.9 342.8 342.3 341.4 339.8 336.4 335.1 332.6 330.8 328 326.2 324.8 324.2 319.8 318.6 321.6 324.3 324.8 323.8 321.4 319.2 317 314.8 311 309.7 306.4 303.8 299.1 294.3 290.1 290 283.6
437.4 432.4 427.5 421.2 412.6 417.1 420.8 423.7 426.9 429.6 433.1 438.3 440.9 444.3 446.6 444.6 440.7 437.1 432.3 428 422 419.4 415.3 412.4 410.1 408.2 405.3 404.6 399.5 398.6 396.4 393.4 388.8 384.6 378.7 373.2 367.7 363.5 360.2 355.5 345.3 351.1 350.9 351.4 351.5 350.7 348.6 347 345.9 345.5 345.5 344.1 342.2 339.9 337.5 336 334.4 332.7 329.2 322.8 321.7 324.4 326.5 327.7 328.4 326.2 324.2 323 321.6 318.3 310.8 310.7 306.8 303.2 298.2 293.4 288.1 284.1
440.7 435.3 432 428.2 413.4 427.4 429.9 431.2 433.9 438 442.8 447.1 449.7 451.5 453.2 455 452.8 448.4 441.2 435.3 431.6 428.3 425.7 423.8 420.5 415.9 413.9 410.7 410.5 410.2 407.5 402.4 396.3 392.8 385.5 379.6 374 370.2 365.7 360.2 351.3 355.7 357.7 357.6 357.4 356.3 355.3 353.9 352.8 352.2 351.4 349.7 348 346.1 344 341.2 340.2 338.7 335.7 327.6 325 327.3 328 329.6 330.3 329.4 327.6 322.2 319.6 318.4 320.2 318.1 313.5 306.3 301.9 296.6 292.1 285.2
443.9 439.8 436.7 432.2 428.2 434.9 436.4 437.8 441.1 446.2 450.9 455.1 458.7 459.9 461.3 463.7 462.3 458.5 453.6 446.9 440.4 434.8 432.3 429.5 425.8 421.8 420.4 419.2 420.3 419 416.9 411.4 405.8 399.1 391.3 385.4 380.1 376.1 372.5 365.9 354.4 365.6 365.3 365.1 364.6 363.7 362.3 360.5 359.4 358 356.8 355.1 353.4 351.5 348.9 346.4 345.5 344.5 343 338.6 335.5 337.8 337.4 337.1 335.7 334.4 332.1 330.2 328.8 329.2 328.2 322.6 318.8 312.2 304.9 300.6 295.7 290.7
446.8 444.3 440.6 434.4 434.2 440.2 442.5 444.5 448.6 454.3 458.8 463 465.8 468.2 470.2 472 471.8 468.2 463.9 458.5 451.5 444.6 438.2 434.1 430.9 428.4 427.1 427.1 428 426.7 422.5 417.4 411.2 405.1 397.5 391.5 385.6 379.9 374.2 361.3 370.6 372.7 373 372.4 371.9 370.7 368.9 367.2 366 364.2 362.2 360.4 358.6 356.7 354.5 352.5 350.9 351 350.6 350.9 349.8 348.8 348.2 347.2 346.4 345.7 343.4 340.8 338.5 336.1 334.2 329.7 325.7 320.9 313.3 303.1 299.4 292.5
449.8 447.7 443.3 437.8 439.2 443.8 447.9 451.4 455.2 460.6 466.3 469.8 472.5 474.9 477.3 480.5 480.8 479 475.7 470.4 463.4 456.4 449.2 444.7 441.6 437.6 436.7 436.3 436.1 434.1 429.6 424.5 418.6 410.6 404 396 390.3 384.2 369 375.4 380.3 381.8 381.6 381 380.2 377.9 375.8 373.9 372.1 370.3 368.2 365.8 363.8 361.9 359.5 356.5 354.6 357 357.6 357.3 357.5 357.3 357.8 357 356.3 355.6 353.6 350.9 348.2 346 343.9 340.7 334.4 328.6 322.9 314.8 300.9 297.6
453.5 450.5 443.8 442 442.5 449.3 452.9 459.5 463.9 466.3 472.5 475.9 478.4 479.5 482.2 486.6 488.3 487.1 484.9 480.7 474.7 468.1 462 457.5 453.2 449.7 447.2 444.2 442.7 440.9 435.7 430.3 424.7 416.6 408 402.7 395.4 386.6 377.2 387.7 390.3 390.7 390.3 389.8 388.8 386.4 383.5 381.2 378.8 376.5 374.2 371.5 368.9 366.1 363.4 361.6 362.6 364.5 364.1 361.7 361.6 364.5 366.5 366.3 365.7 364.7 362.8 360.9 358.2 355.5 352.9 347.4 340.4 334.2 328.3 320.2 312.8 300.8
457.1 452.5 449.2 447.6 449.2 455.4 460.7 464.3 468.7 471.6 476.8 481.2 483.3 485.3 486.6 490.8 493.1 494.7 493.8 489.8 486.5 480.6 474.5 468.8 464.5 459.3 456 452.6 450.8 447.3 441.6 436.1 430.2 422.2 414.8 407.4 387.3 379.8 400 400.3 400.2 399.7 399.1 398.4 397.3 395.2 391.7 388.8 386.1 383.4 381.4 379.5 376.6 373.8 370.9 371 371.1 371.1 371.7 369.5 367.5 372.3 374.7 375.1 375.2 373.8 371.8 369.8 370.2 366.6 362.1 355.3 347 339.5 333.4 326 318.4 310.6
456.4 455.3 454 452.5 455.5 460.6 466 469.5 473.2 475.5 480 485.3 488.4 490.7 492.5 495 498.9 501.7 502.9 500.1 496.9 491.7 485.6 479.9 473.6 469.5 464.7 459.5 457.4 452.7 447.6 440.4 433.8 426.9 418.9 403.6 406.2 409.4 411.7 412.2 411.5 410.3 408.9 408.4 407.4 405.1 399.4 397.9 395.2 394 392.2 388.3 384.6 381.9 379.8 379.4 380.1 380.7 381.7 381.7 381.4 382.9 382.8 382.9 383.1 382.6 380.9 378.9 378.8 375.9 371.6 365.5 355.6 346.8 338.6 331.2 323.4 315.6
462.5 460.8 459 457.9 460.7 465.3 469.8 473.5 476.9 478.9 482.6 487.8 492.8 496.7 498 501.2 504.8 508 510.5 509.7 506.4 500.9 495.7 489.4 483 478 472 467.4 462.9 458.1 452.8 444.6 437.9 430.9 422.3 402.3 417.4 419.9 423.6 423.8 422.9 422 420.8 418.5 417.9 415.3 413.3 410 408.1 405.5 403.9 399 396.3 393.8 391.5 390 391 390.5 391 390.7 390.2 391.6 391.7 390.8 390.8 391.2 389.5 389.8 388.6 383.6 377.4 370.4 363.4 354.2 344.5 336 327.9 319.8
466.8 466.1 465.2 463.4 466.3 469.8 473.4 477.1 479.6 481.3 484.6 489.7 494.7 499.9 503 506.8 510.4 513.8 516.9 516.5 512.4 508 503.2 497.4 491.5 485.4 478.9 473.8 468.8 463.8 457.7 449.7 442.9 435.7 417.6 420 426.1 430.8 434.7 435.1 434.3 433.2 432.2 431.5 430.9 429.7 425.6 422.3 420 418.4 414 411.4 408.1 405.6 403 400.7 399.8 398.8 399.1 399.3 399.1 399.5 400.7 398.8 398.7 399.5 398.6 397.3 395.7 390.3 383.3 376.1 369.1 359.9 350 341.4 333.4 325.4
470.8 470.1 470 468.5 470.3 473.6 476.9 480.5 482.4 484.7 487.3 491.7 497.1 502.7 507.2 511.6 515.7 518.9 521.7 521.8 518 513.3 509 504.5 498.5 492.1 485.6 479.8 474.8 469.1 462.8 455.9 448.4 441 414.8 431.4 437.3 443.5 446.2 446 445.8 445.8 445.4 444.3 442.2 439.1 435.7 431.6 430.3 429.4 426.1 424.7 421.7 417.4 414.7 411.1 408.7 407.8 407.4 407.5 407.8 407.1 407.5 407 405.7 406 404.7 403.1 401.6 396.6 389.3 382 373.8 364.8 354.9 345.6 338.9 331.2
476 475.5 475.2 474.2 474.8 477.9 481.2 483.7 485.8 488.5 491.6 495.4 500.5 506.7 511.6 516.4 520.1 523.1 525.4 525.2 523.1 518.7 514.3 509.5 505.1 498.7 492.2 486.3 479.7 474.3 467.4 460.2 452.2 439.4 422.6 438.7 445.6 451.1 455 457.5 458.3 458.4 456.9 455.9 452.9 450.8 448.4 442.9 441.8 441.1 438.4 437.3 433.1 429.5 425 422.9 420.1 416.8 415.8 416.3 416.7 414.9 414 414.5 411.9 409.9 408.4 406 403.5 401 394.2 386.3 378.1 368.9 358.6 349 341.5 334.4
