data/NH74.asc
ncols 200
nrows 200
xllcorner 270000
yllcorner 840000
cellsize 50
[rows 105 to 139 of 200, columns 0 to 79 of 200]
41.2 41.9 43.5 43.8 45.1 46.7 48.2 49 50.4 52.1 54.5 55.6 57 58.9 60.2 62.1 64.4 66.6 68.7 70.9 73.7 76.4 78.7 81.3 84.5 84.9 88.8 91.4 94 96.6 99.5 102.2 104.9 107.3 109.8 112.2 114.7 117.1 119.6 122 123.7 125.1 126.7 128.1 129.8 131.4 133 134.6 136 137.3 138.6 139.9 141.3 142.6 143.8 144.9 145.5 146.4 147.6 148.6 149.5 150.3 150.8 150.9 150.7 150.6 151.2 151.7 152.3 152.6 152.9 153.2 153.5 153.7 154 154.3 154.6 154.9 155.2 155.5
43.5 43.5 45.2 45.6 48.6 50.2 51.6 52.7 53 54.9 57.1 56.4 59.2 61.4 63.7 65.3 67.3 69.2 71.3 73.5 76.2 79.3 81.6 84 86.5 88.5 92.3 94.8 97.2 99.7 102.6 104.8 107.3 109.7 112.2 114.6 117.1 119.5 122 123.9 125.6 126.9 128.3 129.8 131.5 133.2 134.8 136.2 137.5 138.8 140.2 141.5 142.8 144.1 145.3 146.5 146.7 147 148.4 149.7 150.8 151.8 151.6 151.5 151.3 151.4 152 152.5 153.1 153.7 154.2 154.6 154.9 155.2 155.5 155.8 156.1 156.3 156.6 156.9
45 45.9 47.2 48.3 50.8 56.2 56.2 55.2 55.6 59.6 60.1 61.3 64.3 65.4 66.1 67.9 69.9 71.8 73.9 76.4 79.2 82 84.6 87.1 89.2 94 94.8 97.8 101 103.3 105.4 107.4 109.7 112.1 114.5 117 119.4 121.9 123.9 125.8 127.4 128.7 130.1 131.5 133.2 134.9 136.6 137.8 139.1 140.4 141.7 143 144.3 145.7 146.9 147.8 148 148.2 149 150.5 152 152.8 152.6 152.3 152.2 152.5 153 153.4 153.9 154.5 155 155.6 156.2 156.6 156.9 157.2 157.5 157.8 158 158.1
48.7 50 52.3 51.7 54.9 56.8 56.6 57.1 57.4 59.3 61.7 63.8 65.2 67.4 68.7 70.3 72.5 74.4 76.5 79.3 82.3 85.5 87.7 90.2 95.4 97 99.4 101.7 104.1 106.1 108.2 110.2 112.1 114.5 116.9 119.4 121.8 124 125.9 127.8 129.2 130.5 131.9 133.3 135.1 137 138.2 139.5 140.7 142 143.2 144.5 145.9 147.2 148.5 149.1 149.3 149.5 149.4 151 153.1 153.8 153.7 153.7 153.7 154.1 154.5 155 155.4 155.9 156.3 156.8 157.2 157.7 158.1 158.6 158.8 158.9 159 159.1
50.5 53.2 53.6 52.4 56.2 57.2 57.4 58.5 59.6 61.6 63.9 66.1 67 69.6 70.8 72.7 74.8 77 79.6 82.7 85.9 89.1 91 95.9 97.3 99.8 102.3 104.8 106.9 109 111 113.1 115 116.9 119.3 121.8 124.1 126 127.9 129.6 131 132.4 133.7 135 136.8 138.6 139.9 141.2 142.4 143.7 144.9 146.2 147.4 148.7 150 150.4 150.5 150.9 151.4 153.1 154.8 155.2 155.2 155.2 155.3 155.7 156.1 156.6 157 157.5 157.9 158.4 158.8 159.3 159.7 160.2 160.2 160.2 160.2 160.1
52.1 54.5 54.2 53.5 52.5 57.6 59.3 60.6 62.3 64.7 66.7 67.3 69.8 70.7 73.1 75.5 77.7 80.1 83 86.1 89.4 92.6 97.2 97.9 100 102.5 105.1 107.6 109.7 111.8 113.9 115.9 117.8 119.7 121.7 124.1 126.1 128 129.9 131.4 132.8 134.1 135.4 136.8 138.3 140 141.4 142.7 144.1 145.3 146.6 147.8 149.1 150.4 151.5 152 152.4 152.7 153.8 155.5 156 156.5 156.7 156.7 156.9 157.3 157.7 158.1 158.6 159 159.5 159.9 160.4 160.8 161.3 161.7 161.6 161.5 161.3 161.2
53.9 54.3 55.5 55.7 58.1 60.5 61.9 63.3 65.6 67.6 69.1 69.9 71.2 71.6 76.4 77.9 80.7 83.6 86.5 89.4 92.5 95.7 99.6 100.9 103 105.3 107.8 110.3 112.4 114.6 116.7 118.8 120.7 122.6 124.4 126.2 128.1 130 131.9 133.3 134.6 135.9 137.2 138.5 139.9 141.4 142.8 144.1 145.5 146.9 148.3 149.5 150.8 152.1 153 153.8 154.2 154.5 156.1 156.7 157.2 157.7 158.2 158.2 158.5 158.9 159.3 159.7 160.2 160.6 161.1 161.5 162 162.4 162.5 162.2 162.2 162.2 162.2 162.2
55 56.7 59.7 59 60.5 61.6 64.1 66.2 68.1 70 71.6 73 74.7 76.4 78.5 81.4 84.3 87.2 90.1 93 95.9 99.6 102.5 104 106.2 108.4 110.6 113.1 115.2 117.3 119.5 121.6 123.5 125.4 127.7 130.2 131.8 132.6 133.7 135 136.3 137.6 138.9 140.2 141.5 142.9 144.4 145.9 147.4 148.9 150.4 151.5 152.5 153.5 154.2 155.2 156 156.8 157.3 157.9 158.4 158.9 159.5 159.7 160 160.4 160.9 161.3 161.7 162.2 162.6 163.1 163.5 163.4 163 162.7 162.7 162.5 162.1 161.6
58.3 61.9 62.9 62.2 62.8 63.7 66.3 69.3 70.8 72.3 74.1 76.5 78 79.7 81.6 85 87.9 90.8 93.6 96.2 98.9 101.9 105.4 107.1 109.3 111.5 113.7 115.7 117.9 120.1 122.2 124.4 126.4 128.7 130.7 132.5 133.8 134.7 135.3 136.6 137.9 139.2 140.5 142.2 143.6 144.6 146.1 147.7 149.3 150.9 152.4 153.6 154.2 154.9 155.6 156.4 157.5 157.9 158.5 159 159.6 160.1 160.6 161.2 161.6 162 162.4 162.9 163.3 163.8 164.2 164.6 164.2 163.8 163.4 163.2 162.7 162.2 161.8 161.3
62.5 62 63.1 64.9 65.9 66.7 67 72.4 74 75.4 77.5 80.4 82.9 85.3 84.7 88.3 91.3 93.9 96.5 99.1 102 105 108.4 110.3 112.5 114.4 116.4 118.3 120 121.7 123.9 126.2 128.3 130.3 131.8 133.3 134.8 136 136.9 138.2 139.6 141.2 142.9 144.4 145.6 146.7 147.8 149 150.6 152.2 153.9 155.3 156 156.7 157.5 158.3 158.5 159.4 159.6 160.2 160.7 161.2 161.9 162.7 163.2 163.6 164 164.5 164.9 165.4 165.4 165 164.8 164.8 164.8 164.5 164.1 163.6 163.1 162.1
62.4 66.3 66.1 67.6 70.4 71.2 70.2 74.2 76.5 79 81.3 83.7 86.7 88.6 90.7 92.2 96.2 97.7 99.5 102.2 105.2 108.2 111.2 113.1 115.1 117 119 120.9 122.6 124.3 126 127.7 129.6 131.1 132.6 134.2 135.7 137 138.5 140.3 142 143.7 145.3 146.5 147.7 148.8 149.9 150.9 151.9 153.6 155.2 156.8 158 158.4 158.9 159.2 159.4 160.3 161 161.3 161.9 162.6 163.4 164.1 164.6 165.1 165.6 166 166.5 166.3 166.2 166.2 166.2 166.2 166.2 165.8 165.4 164.8 163.8 162.8
68 69.1 67.7 71.1 73 73.3 74.1 76.2 77.5 81.5 83.8 86.4 89.4 92.3 94.8 93.4 99.1 100.9 103.5 105.6 108.7 111.6 113.8 115.9 117.8 119.7 121.6 123.5 125 126.5 128 129.4 131.1 132.5 133.8 135.2 136.5 138.3 140.6 142.8 144.4 146.1 147.4 148.6 149.7 150.8 152 153.1 154 155 156.5 158.2 158.8 159.4 159.8 160.3 160.8 160.9 161 162.7 163.3 164.1 164.9 165.5 166 166.6 167.1 167.5 167.5 167.6 167.6 167.6 167.6 167.6 167.4 166.9 165.9 165 164.5 163.6
70.1 69.7 70.4 72.2 75 76.4 76.5 76.7 78.7 83 86.3 89.1 92 94.8 97.5 98.7 96.7 105.8 107 109.1 112 114.4 116.5 118.6 120.5 122.4 123.9 125.2 126.4 127.9 129.4 131 132.7 134.3 135.6 137 138.6 140.5 142.7 145 146.9 148.2 149.4 150.7 151.8 152.9 154 155.1 156.2 157 157.9 159.5 160.4 160.9 161.4 161.9 162.3 162.6 163.2 164.8 165 165.6 166.3 166.9 167.5 168 168.6 169.1 169 169 169 169 168.8 168.3 167.6 167 166.1 165.2 164.6 163.5
70.2 71.6 73.6 74.9 76.6 80.6 80.6 81.6 83 86.4 89.6 91.8 94.4 97.2 100 103.3 105.5 102.9 109.5 112.3 114.9 117.1 119.2 121.2 123.1 124.4 125.7 126.9 127.9 129.4 130.8 132.5 134.3 136 137.6 139.3 140.9 142.8 145 147.2 149 150.3 151.5 152.7 153.9 155 156.1 157.1 157.9 158.3 158.8 159.7 161.7 163 163.1 163.5 163.9 164.3 165.5 166.3 166.9 167.3 167.8 168.4 169 169.8 169.9 169.7 169.4 169.6 169.4 168.9 168.3 167.7 167.1 166.4 165.8 165.1 163.9 163
73.1 76.7 76.4 77.8 80.4 82.1 82.7 83.8 86.5 90.8 93.5 96.5 98.1 99.9 102.8 105.8 108.3 110.3 105.8 114.7 117.4 119.6 121.3 123.1 124.7 126.1 127.4 128.6 129.5 130.8 132.3 134 135.9 138.4 139.9 141.5 143.1 145.1 147.3 149.3 150.4 152 153.6 154.8 155.9 156.9 157.9 158.4 159.2 159.4 159.7 160.5 162.5 164.8 165.6 165.7 165.8 166.1 167.4 168.3 169.4 169.8 169.7 170.5 170.4 170.3 170.1 169.9 169.4 168.8 168.4 168 167.5 167.2 167.1 167.3 166.5 164.9 162.7 161.8
77.3 78.9 81.3 80.7 82.3 83.9 85.1 87.1 90.6 93 96.6 99.4 101.7 103.6 105.5 108.2 110.8 113.5 116.1 110.5 119.3 121 122.9 124.6 126.1 127.6 129.1 130.4 131.3 132.2 133.8 136.5 139.2 140.7 142.2 143.8 145.4 147.3 149.5 150.7 151.9 153.5 155.1 156.6 157.5 158.6 159.2 159.6 160 160.5 161.3 162.6 164.1 165.6 167.8 168.1 168.3 169 170 170.4 170.3 170.2 171 171.3 171.1 170.9 170.8 171.3 171.5 170.9 170 169.4 169 168.8 168.5 167.6 166.5 164.7 162.9 160.5
81.2 81.5 82.8 84.8 86.1 88.3 90.3 91.9 94.9 96.6 97.8 101 103.9 106.3 108.7 111 113.4 115.6 117.8 120 116.4 119.8 124.3 126.2 127.7 129.2 130.7 132.1 132.6 133.5 137 140.1 141.6 143.1 144.6 146.1 147.7 149.6 151.2 152.2 153.4 155 156.6 158 158.6 159.2 160.9 161.8 162 162.5 163.3 164.8 166.2 167.6 169.1 170.6 171.1 171.1 171 170.7 170.5 171 172.1 172.2 172 172.6 173.2 173.7 173.4 172.9 172.2 171.4 170.8 170.1 168.9 167.8 166.2 164.5 162.8 159.6
85.4 86.9 88.3 89.5 90.9 92.9 94.5 95.7 98.9 100.5 102 103.4 105.9 108.4 110.8 113.2 115.9 118.3 120.5 122.6 122 119 126.7 128.3 129.9 131.5 132.6 133.4 134.9 137 140.2 142.5 144 145.5 146.9 148.4 150 151.6 152.7 153.9 155.1 156.6 158.2 159.4 159.9 160.9 162.4 163.2 164 164.5 165.5 166.9 168.3 169.6 170.8 172 172.1 172.1 171.9 171.3 172.2 172.7 173.3 173.8 174.3 174.9 175 174.8 174.4 173.6 172.7 172.1 171.4 170.3 169.1 167.6 165.9 164.1 162.3 160.8
88.4 89.8 91.5 93.5 94.9 96.8 97.2 98.3 102.2 104.3 105.3 106.8 108.7 110.8 112.9 115.3 118.1 121.1 123.3 125.2 127.6 119.7 129.4 130.9 132.3 133.7 134.3 135.1 138 140.7 143.5 145 146.4 147.9 149.3 150.8 152.3 153.4 154.6 155.7 156.9 158.3 159.8 161 161.7 162.6 163.5 164.1 165.2 166.1 167.1 168.2 169.5 170.7 171.9 172.7 172.9 173.1 173 173.6 174.1 174.7 175.3 175.9 176 175.9 175.7 175.5 174.9 173.8 172.7 172 171.4 170.3 168.2 166.9 165.3 163.5 162 160.2
91.1 92.3 94.9 96.6 98.1 99.7 101.4 101.9 102.9 106.5 108.5 110.3 111.6 113.6 115.8 117.9 120.5 123.4 126 127.8 129.6 130.7 131.8 133.1 134.6 136 136.6 138.3 141.1 143.8 145.4 147.1 148.6 150.1 151.6 153 154.3 155.3 156.4 157.6 158.8 160 161.5 162.9 164 164.6 165.3 166.5 166.8 167.5 168.6 169.7 170.7 171.8 173 173.4 173.5 174 174.6 175.9 176.4 176.9 177.2 176.9 176.7 176.6 176.4 176.1 175.2 174.1 172.9 172 171.3 169.2 167.6 166.2 164.8 163 161.2 159.4
92.2 95.7 96.8 98.7 100.7 102.5 104.2 105.9 106.8 105.9 111.2 113.5 114.6 116.7 118.8 120.9 123.4 126.3 128.4 130 131.6 133.2 134.4 135.6 136.8 138.2 139.2 141.5 143.9 145.7 147.4 149.1 150.8 152.3 153.8 155.2 156.3 157.3 158.3 159.5 160.6 161.8 163.2 164.6 165.8 166.9 167.6 167.4 168.5 169.7 170.8 171.8 172.9 173.9 174.4 174.2 174.7 175.3 176 177.5 178.6 178.6 178.5 178.4 178 177.5 177.1 176.6 175.5 174.3 173.2 172.1 171.2 169.3 167.7 165.9 164 162.2 160.3 158.2
95 97.7 99 101.2 103.2 105 106.8 108.6 110.4 108.1 114.5 116.4 118.2 119.7 121.8 123.9 126.3 128.8 130.7 132.6 134.2 135.7 136.9 138.1 139.3 140.5 142.3 144.2 146.1 147.7 149.4 151.1 152.8 154.5 156 157.2 158.3 159.4 160.3 161.4 162.5 163.6 164.9 166.3 167.5 168.7 169.6 169.6 171 172.2 173.2 174.2 174.7 175.2 175.8 175.5 176 176.6 178.2 179.6 179.7 179.7 179.6 179.6 179.2 178.5 177.9 176.8 175.7 174.6 173.4 172.3 170.7 168.9 167.1 165.2 163.1 161.2 159.1 156.1
99.3 101.2 102.2 103.2 105.8 108 109.9 111.7 113.4 111.3 116.4 118.7 120.9 122.9 124.8 126.9 129.2 131.2 133.1 135 136.7 138.2 139.4 140.6 141.9 143.2 144.6 146.4 148.3 149.9 151 152.4 154.1 155.9 157.6 159.2 160.3 161.4 162.3 163.3 164.4 165.7 167 168.1 169.4 170.4 170.6 171.5 172.5 173.7 174.7 175.8 176.6 177.1 177.6 177.7 178.7 179.6 180.4 180.6 180.7 180.6 180.5 180.5 179.7 179 178.3 177.1 175.9 174.8 173.6 171.8 169.9 168.1 166.4 164.6 162.5 160.3 156.8 153.9
101.9 103.9 105 106.9 108.4 110.9 113.1 115.1 116.3 115 118.6 120.9 123.3 125.1 127.3 129.5 131.5 133.6 135.5 137.4 139.3 140.7 142 143.3 144.6 145.8 147.1 148.9 150.7 151.7 152.4 153.5 155.3 156.9 158.5 160.2 162 163.2 164.1 165.1 166.4 167.8 169.1 170.1 171 171.6 172.4 173.3 174.2 175.2 176.3 177.4 178.3 179 179.4 180.6 181.1 181.3 181.5 181.5 181.7 181.5 181.4 181 180.2 179.5 178.6 177.5 176.2 174.7 172.9 171 169.2 167.3 165.6 163.8 161.7 158.4 155.1 151.3
105.4 107.7 109.1 110.8 112.3 113.8 116 118.3 117 118.2 121 123.9 125.5 127.3 129.5 131.7 133.9 135.2 137.3 139.4 141.5 143.3 144.6 146 147.3 148.5 149.6 151.3 153 153.7 154.4 155.1 156.5 158.3 160.1 162 163.4 164.6 165.7 166.6 167.8 169 170.3 171.1 172.4 173.6 174.5 175.4 176.2 177 177.9 179 179.9 180.7 181.4 182 182.1 182.3 182.6 182.9 182.7 182.4 182.4 181.5 180.7 179.9 178.9 177.8 176.3 174.4 172.4 170.5 168.6 166.5 164.6 162.5 159.9 156.9 153.6 150.4
108.2 110.4 112.6 114 115.5 117 118.5 118.6 117.8 121.4 124 126.5 127.6 129.5 131.7 133.9 136.1 137.3 139 141.1 143.6 145.4 147.3 148.7 150 151.1 152.2 153.7 155.1 155.8 156.5 157 158.3 160.1 162 163.6 164.7 165.9 167 168.1 169.1 170.4 171.5 172.1 173.9 175.4 176.5 177.1 178.1 179.1 179.7 180.7 181.5 182.2 183 183.2 183.2 183.3 183.7 184.2 183.7 183.4 182.9 182.1 181 180 178.9 177.4 175.5 173.9 172.2 170.2 167.9 165.4 163.2 160.6 157.8 155.1 151.9 148.7
109.7 112.4 114.8 116.1 117.4 118.9 119.6 118.7 121.8 124.4 126.1 128.6 130.6 132.5 134.4 136.2 138.4 139.7 140.7 143.5 145.5 147.2 149.3 151.3 152.6 153.7 154.8 156.2 157.2 157.8 158.4 158.9 159.9 162 163.8 164.9 166 167.2 168.3 169.4 170.6 171.7 173.1 174.1 175.6 177 178 179 180.1 181.2 181.8 182.4 183 183.4 184.2 183 179.1 177 182.4 184.1 178.4 178.2 180.7 181.2 180.2 179.5 178.2 175.8 173.9 172.8 171.7 169.3 166.8 164.1 160.7 157.9 155.2 152.3 149.6 147.1
111.9 114.6 117 118.1 119.4 120.2 119.4 121.9 124.9 127.4 129.1 131.1 133.6 135.6 137.4 139.2 140.9 141.8 143.3 145.4 147.3 149 151.1 153.2 155.2 156.3 157.5 158.5 159.1 159.7 160.3 160.9 161.5 163.7 165.2 166.4 167.6 168.9 170.1 171.3 172.3 173.9 174.9 176.1 177.6 178.6 179.7 180.6 181.6 182.9 183.2 183.9 184.6 184.7 182.3 179.4 182.5 176.9 177.4 176.1 174.3 176.4 175.2 172.3 178.9 178.5 177 174.2 172.7 171.7 170 168 165.6 162.3 158.8 155.3 152.8 150.4 147.9 145.5
111.3 116.9 119.2 120.3 121.8 122.8 124 126.2 128.6 130.5 132.5 134.6 136.6 138.3 139.8 141.4 143 143.5 145 146.4 148.1 150.8 153.2 155.8 157.2 158.9 160 161.4 161.4 161.9 162.5 163.1 163.8 165.6 167 168.7 169.6 170.8 172.1 173.3 173.9 176 177.3 178.6 179.5 180.3 181.1 182.2 182.9 184.7 183.8 184.7 183.4 180.8 183.9 187.6 187.7 181.8 175.6 176.4 184.8 184.2 182.8 174.5 169.3 173.3 175.3 172.7 171.6 170.2 168.3 166.3 163.6 160.5 157 153.6 150.9 148.7 146.2 144.4
113.3 119.3 121.3 122.8 124.5 126.1 127 130.1 131.1 132.9 135 137 138.9 140.6 142.1 143.7 145.8 147 148 149.5 151 152.9 155.8 157.7 159.3 161 162.6 163.6 163.7 164.4 165.1 165.8 166.5 167.5 168.8 170.2 171.9 173.4 174.2 174.8 175.6 177.9 178.6 180 180.8 181.6 182.6 183.2 183.8 185 185.5 184.5 185.9 186.5 188.5 188.7 188.7 185.5 186.1 186.6 184.9 183.7 181.6 179.9 175.8 167.2 167.7 171.5 170.5 168.5 166.6 164.2 161.2 158 155.4 152.1 148.7 146.5 145 143.1
118.1 120.4 123.5 125.3 127 128.7 130.3 131.3 133.5 135.4 137.4 139.3 141.2 143 144.5 146.4 148.8 148.3 150.4 152.7 154.1 155.4 158.2 159.5 160.4 160.5 164.1 165.3 165.3 166.2 167.2 168.1 169.1 169.8 170.8 171.8 173.4 175.1 176 176.6 177.6 179.8 179.9 181.1 182.1 183 183.6 184.2 184.8 184.1 184.9 187.7 189.8 189.7 189.6 189.7 189.3 188.5 187.8 186.6 184.7 183.4 181.9 180 177.4 170.5 163.6 165 168.2 166.3 163.6 160.9 157.2 155.7 153.2 150.3 147.1 145.8 143.8 142.6
121.1 120.5 125.6 127.4 129.2 131 132.7 134.3 136.1 137.8 139.6 141.5 143.4 145.3 146.9 148.6 149.3 150.8 153.8 155.1 156 157 159.5 159.9 160.2 162.5 164.8 165.6 166.9 167.8 168.8 169.8 170.7 171.7 172.7 173.5 175.1 177 177.8 178.8 180 180.5 180.8 181.7 183.4 184 184.6 185.2 185.5 186.2 187.2 189.6 190.7 190.9 190.5 190.1 189.6 188.9 188 186.6 184.4 182.7 181.4 179.8 177.5 175.1 168.7 163.5 161.3 160.3 157.8 154.4 152.1 153.3 150.9 148.4 146.6 144.7 143 142.3
123.8 123.1 127.9 129.7 131.5 133.5 135.5 137.5 139 140 141.9 143.8 145.7 147.7 149.2 150.3 151.5 153.1 155.6 157.5 158.4 159.9 160.6 162.1 163 164.1 166 167.2 168.2 169.6 170.5 171.5 172.4 173.8 174.7 175.5 176.8 178.3 179.8 180.6 181.7 181.9 181.7 182.8 185.1 185.4 185.7 186.2 187.6 189.5 190.5 191.4 191.3 191.2 190.9 190.5 189.9 189.2 188.2 186.6 184.4 182.2 180.8 179.2 176.7 174.1 171.3 168.4 163.8 160.3 159.3 156.2 153 150.8 148.7 147.5 146.8 144.8 143 142.6
126.7 127.3 130.3 132.4 134.3 136.3 138.3 140.3 141.8 142.9 145.6 147.6 148.8 150.2 152 153.7 155.1 156.4 158.1 159.9 160.9 162 162.9 163.3 164.9 166.5 167.6 168.6 169.5 171 172.3 173.2 174.3 175.8 176.6 177.5 178.7 180.5 181.5 182.4 183.4 184.1 185 186 186.9 187.3 187.2 188.3 190.2 192.1 192.7 192.2 192 191.9 191.5 190.9 189.9 189.2 188.2 186.6 184.6 182.4 180 176.9 175 172.9 169.6 167.5 165 162.1 159.3 156.3 152.8 151.3 149.4 147.9 146.3 144.5 143.6 143.6
129.8 131.7 132.8 135 137.1 139 141.1 142.5 144.1 146.1 145.8 149.8 151.4 153.1 154.7 156.3 158 159.6 160.8 161.9 163 164.1 165.1 164.8 166 167.7 169.3 169.9 170.9 172.3 173.8 175 176.3 177.8 178.6 179.5 180.5 182 183.1 184.9 185.2 186.2 187 188 187.9 187.8 189 191.1 193.1 193.5 193.3 193 192.6 192.5 192 191.1 190.1 189.3 188.1 186.4 184.5 182.4 180 176.4 173.1 170.7 167.9 165.9 163.8 160.9 158.4 155.9 153 151 149.4 148.1 146.4 144.8 144.3 144.5
