data/NH75.asc
ncols 200
nrows 200
xllcorner 270000
yllcorner 850000
cellsize 50
[rows 0 to 37 of 200, columns 0 to 85 of 200]
153.9 154.6 154.1 152.5 151.1 151.2 149.4 147.7 146.2 145.3 144.6 143.3 142 140.6 139.1 137.5 136.2 135.2 134.2 132.8 131.3 129.3 127.4 125.3 125 123.7 122.4 121.5 121 119.5 118.7 119.7 120 120.1 121.3 122.7 123 122.9 122 120.7 119.7 118.8 118.3 117.7 117.2 116.2 115.2 114.4 113.8 113.2 113.8 113.8 112.5 109.8 110.4 116.2 117.3 118.3 119.4 120.7 122.5 124.6 127.1 130.4 134.4 141.8 149.7 152.3 157.4 155.6 154.1 153.2 151 148 145.9 142.7 141 141 141.2 142.1 143.1 140.5 138.9 136.8 134.4 132.1
153.9 153.6 151.8 150.6 150.2 149.2 147.9 146.5 145 143.9 142.9 141.6 140.3 139.1 137.7 136.3 135.9 133.9 132.2 129.9 129 126.9 124.7 123.4 123.1 121.9 120.8 120.3 119.8 118.1 116.9 118.8 119.9 121.6 121.7 121.7 121.3 120.5 119.3 117.9 116.6 116.3 115.8 115.1 114.6 113.7 113.1 112.9 110.4 112.2 112.6 112.3 107.2 111.2 115.2 116.3 117.8 118.9 121.1 123.3 125.6 129.7 131 135.4 140.1 142.3 148.1 148.6 149.3 150 149.9 148.9 147.6 145.1 141.6 141 141 141.7 141.7 141.5 139.7 138.1 137 134.9 131.2 128.6
153.1 151.5 150.4 149.7 148.2 146.8 145.7 145 143.7 142.6 141.3 140 138.7 137.4 136.1 134.1 132.2 130.1 127.2 126.3 125.9 123.6 122.6 121.1 120.1 119.6 119.6 118 115.2 114.1 119.2 119.8 120.3 121.3 120 119.4 119.1 117.8 116.5 115.2 114.2 113.8 113.5 112.7 112 111.2 111 110.9 106.2 110 111.1 104.8 106 115 115.8 117.7 119.2 121.7 123.9 128 133.8 137 138.6 141.5 143.3 144 146 146.7 145.8 146.6 147.8 146 144.1 143 141.4 141 141 141.2 140.4 139.8 138.6 136.8 134.1 130.7 127 123.7
151.2 151.2 149.5 148.3 146.7 143.9 142.8 143.2 141.9 141 139.6 138.3 136.8 135.2 133.5 131.3 128.6 127.9 127.3 125.9 123.4 123.6 121.8 120.6 119.3 117.7 115.2 111.4 115.3 120 120.6 121.1 120.6 120 118.7 116.9 116.5 115.2 113.9 112.5 111.8 111.4 111.1 110.4 109.7 109.4 109.5 109.6 105.6 105.4 105.3 107.3 113.6 115 116.4 118.8 121.4 126.6 133.2 139 142.8 143.7 144.8 146.5 146.8 147 146.7 148 146.4 144.8 144.1 143.2 139.6 140.1 140 140.3 139.9 139.9 138.8 137.5 134.3 131.1 128 123.8 120.2 117.7
150.4 149.5 147 146.8 143.7 141.9 140.1 138.4 136.9 135.9 137.2 136.2 134.7 133.1 130.4 128.5 127.9 126.6 125.7 124.1 122.6 121.6 121.1 119.9 118.2 117.9 113.6 106.1 118.8 121.1 121 120.4 119.5 118.4 117.2 115.2 113.9 112.6 111.4 110.3 109.5 109.1 108.6 108.1 108 108.1 108 107.1 99.1 105.6 107.7 113.1 114 115.1 119.2 123 131.3 138.5 142.8 146.5 147.9 149.3 150.8 151.3 151.6 150.5 149.1 148.5 148.5 143 143.4 139.7 133.8 135.2 138.1 137.5 138 137.6 135 131.2 127.6 124.9 121.1 116.4 112.7 110.6
149.3 147.1 145.6 143.4 144.1 141.6 139.7 138.9 137.8 135.6 132.6 133.2 131.7 130.6 128.7 127.2 126.3 125.1 124.3 123.2 121.7 120.6 120.2 118.6 119.2 119.8 119.2 108.2 114.2 120.8 119.9 118.8 117.8 116.5 115.3 114 111.4 110.3 109.2 108.2 107.7 107.3 106.8 106.6 106.8 106.8 106.2 99 103.6 110 111.7 113.6 114.6 116 122.5 130.5 136.7 142.3 148.1 152.7 154.7 155.8 155.8 155.3 152.6 151.5 149.7 146.7 144.3 139.4 135.8 134.3 130.5 132.2 135 133.9 135.2 132.2 127.4 123.3 119.3 115.4 111.6 107.4 102.1 99.2
147.7 146.4 144.2 143.2 142.1 140 139 137.1 135.2 133.8 130.9 131 129.5 128.2 127.2 125.9 124.5 123.6 122.9 122.3 120.7 120 120.3 120.3 120.8 121 120.7 113.5 106.9 118.9 118.4 117.1 115.9 114.4 112.7 111.2 109.4 108.1 107 106.2 106 105.8 105.3 105.2 104.7 99.3 93.4 102.3 108.6 110.8 112.4 113.9 115.3 120.1 126.9 133 139.4 146.7 151 155.2 155.3 154 152.7 151.3 149.4 148.2 144.7 141.9 137.3 134 130.5 127.7 125.6 126.5 128 125.9 123.7 121.4 118.3 114.3 109.9 105.2 101.4 97.4 92.9 87.9
146.1 143.8 142.7 141.5 140 137.8 136 134.2 132.3 131.3 130.4 127.8 128.6 126.8 125.8 124.3 122.9 122.3 121.5 122.5 121.6 122.5 122 121.7 121.7 121.8 121.3 117.8 106.4 115.8 116.7 114.9 113.1 111.4 109.8 108.2 107.3 105.9 104.8 104.4 104.2 104 103.8 103.6 96.6 95 105.3 107.1 108.2 109.8 112.4 114.3 118 123 129.2 135.5 141.5 147.2 150.1 151.1 150.5 149.2 148.1 147.5 145 140.9 136.9 133.5 130.4 128.4 124.3 120.8 119.4 119.7 118.4 116.6 114.8 112 109.3 105.1 100.8 96.3 90.7 85.9 84.5 81.4
142.9 141.8 140.1 138.4 136.7 135.2 133.3 131.4 130 129.1 128.2 126.6 126.3 125.5 124.4 123.4 122.1 122.1 122.5 123 123.3 123.2 122.9 123.2 122.7 121.9 120.6 119.4 117.4 104.3 113.4 112.4 110.5 108.5 107.4 106.3 105.4 104.1 102.9 102.7 102.4 102.1 101.6 100.7 89.7 101.7 104.2 105.6 106.6 108.8 111.5 115.3 120.2 125.4 131.4 137.6 142.3 145.4 146.6 147.3 146.3 145.2 144.1 140.6 137.2 133.9 129.5 126.7 123.8 121.4 119.5 117 114.9 112.6 110 108.3 106.8 103.5 100.6 96.6 92.6 88.7 85.4 81.9 77 74.1
140.6 138.9 137.2 135.5 134.3 132.7 130.9 129.3 127.9 127 126.2 125.6 125.3 125.1 124.3 123.4 122.8 123.2 123.6 123.7 123.6 123.4 122.9 122.5 121.6 120.2 118.8 117.2 115.2 103.1 99.1 108.6 107.7 106.9 105.9 104.6 103.7 102.6 101 100.5 100.1 99.4 98.5 92.8 91.5 101.3 102 103.1 104.7 107.4 111.7 117.3 122.1 127.3 132.2 137.3 140.6 143.8 144.9 145.2 143.2 140.5 137.9 134.2 130.7 127.4 123 119.8 117.7 115.9 113.6 111.6 109.7 107.5 104.6 102 100.1 97 93.6 90.5 87 82.8 76.1 72.5 70.9 67.2
137.7 136 134.3 132.6 131.8 130.3 128.5 126.7 126 125.4 124.9 125.1 124.2 123.9 124.1 124 124 124.1 123.9 123.5 123.3 123.1 122.5 121.1 119.6 117.7 116.7 115.2 113.5 111.5 95.2 94.2 101.7 101 102.1 102.6 101.5 100.4 98.8 97.5 97.2 95.9 95.8 84.8 95.9 98.7 100 101.3 103.4 106.7 111.9 117.4 123 128 132.5 136.7 140.1 143.2 144.2 142.5 139 135.6 132.3 128.4 124.8 120.4 116.1 113.8 112.5 111 108.7 105.8 104.5 102.1 99 96 93.7 90.9 87.5 84.4 80.1 81.1 71.8 71.7 69.7 58
134.7 133.1 131.4 130 129.4 127.8 126.1 125.1 125 124.5 124.5 124.8 124.7 124.2 124.4 124.5 124.4 124.3 124 123.6 122.7 121.7 120.7 119.4 117.7 115.9 113.9 113 111.2 109.5 93.9 87.5 103.3 102.3 99.7 100.2 99 98.4 95.9 94.5 93 91.7 92.4 82.8 94.7 96.4 97.6 99.6 103.1 107.5 112.5 118 123.2 128 133.1 137.7 141.4 143.1 141.4 138 133.9 129.7 125.1 121.2 116.5 112.3 110 108.6 107.2 105.8 103.8 101.6 99.1 96.8 94.8 92.4 90.6 88.2 85.7 84.4 82.2 79.8 78.8 79.3 77.4 69.5
131.8 130.2 128.5 127.6 126.9 125.4 124.3 123.8 123.5 123.7 124.1 124.4 124.7 124.6 124.7 124.7 124.5 124.3 123.2 122 120.7 119.5 118.6 117.6 115.9 114 111.6 109.6 107.7 93.4 87.4 92.2 100.1 99.1 98 96.8 95.8 94.3 92.1 91.1 89.4 88.7 84.6 87.2 91.6 93.2 95.1 99.4 103.8 108.2 113 118.1 123.3 128.1 133.9 137.5 138.5 137.3 133.5 129.9 125.9 121.2 116.8 113.5 109.7 106.4 105.2 103.5 101.9 100.5 98.5 96.5 95.6 94.3 93.9 92.1 90.3 87.4 88.9 89.3 88.1 86.8 85.9 84 82.8 82.1
128.7 127.2 125.7 125.1 124.5 123.5 123 123.1 123.5 124 124.2 124.5 124.7 124.9 124.9 124.9 124.3 123.3 121.9 120.3 118.7 117.1 116 114.1 111.5 109.8 108 105.7 98.9 86.8 92.2 100.1 98.2 95.8 93.7 92.6 90.9 89.4 86.9 85.4 84.4 84.4 79.5 85.6 88.1 91.8 95.3 99.5 103.9 108.1 112.9 118.3 122.6 126.9 131.3 131.8 131.4 128.1 125.1 121 116.2 112.6 110.4 106.7 103.7 102 100.7 99.3 98.3 97.7 96.8 96.6 96.5 96.2 96.3 96.5 94.6 94.7 94.5 95 93.9 92.8 91 88.9 87 85.6
125.7 124.2 123.1 122.5 122.4 122.2 122.6 122.9 123.5 124 124.5 124.8 125 125.2 124.4 123.2 122.2 121.3 119.8 118 115.6 113.4 112.3 110.8 107.9 106 104.8 101.4 89.6 83.6 96 94.7 92.5 90.3 87.6 86.7 85.5 84.3 83.2 80.8 80.3 78.4 83.8 84.8 88.8 92.4 96.1 99.9 104.4 109 112.2 114.7 118.2 121.2 124.5 123.6 122 119.9 117.1 113.5 112 110.2 107.5 104.6 101.4 100.5 99.6 99.8 99.3 99.5 99.1 99.8 102.1 102.4 102.4 101.8 100.8 100.5 100.3 100.3 99 97.5 96 94 91.7 88.4
122.5 121.2 120.9 121.3 121.6 122.1 122.5 122.8 123.4 123.9 123.8 123.7 123.9 123.7 122.8 121.4 120.2 119 117.1 113.8 111.6 109.8 108.3 107 105.2 101.8 100 97.4 87.3 82.7 91 88.4 85.7 82.6 79.6 78.8 79.5 79.4 78.5 77.9 76.2 78.1 82.4 85.1 89 92.9 96.7 100.3 104.9 107.7 110.1 112 114 115.7 116.7 116.6 115 113.1 111.3 109.3 108.3 107.4 102.4 101.7 100.5 100.1 99.9 100 100.7 102 105.1 107.8 108.2 108.2 107.4 107 106.2 105.5 105 104.5 103.6 102.2 100.5 98.8 95.1 69.5
119.7 119.7 119.9 120.7 121.4 121.9 122.3 122.7 123.3 123.4 123.1 122.6 122.8 122.1 120.5 119 117.2 115.2 113 110.7 108.8 106.8 104.9 102.7 100.4 97.7 94.6 91.8 84.6 82.9 85.2 83 80.8 79.2 77.9 76.4 75.1 75.8 76.7 75.4 75.7 78.1 81.5 85.2 89.4 92.8 96.5 100.5 102.8 105.6 107.5 108.4 110 110.8 111.2 111.8 109.9 108 106.9 105.4 103.8 102.7 101.6 101.1 101.3 100.9 102.9 104.4 107.2 110.4 113.6 114.2 113.5 112.5 112.1 111 109.9 109.1 108.5 108.1 107.7 106.5 103.5 99.8 95.1 52.7
118.4 118.5 119 120.4 120.8 120.9 121.3 122.3 122.6 122.3 122.4 121.8 121.2 119.8 118.3 116.4 114.6 110.3 109.2 107.4 105 102 99.2 97.8 95.1 92.5 88.9 85.2 80.1 80.6 81 79.1 76.9 75.8 75.4 75.3 74.7 73.1 74.2 73.2 73.7 76.7 80.8 85.4 89.8 93.2 96.5 98.4 99 101.4 102.5 103.6 104.9 105.9 105.3 106 106.3 105.5 104.6 104.3 103.1 102.6 102.5 102.4 103.9 106.7 110.1 113.8 117.2 119.4 119.7 119.2 117.6 116.5 115.4 113.7 112.3 112.1 111.9 111.5 110 107.3 102.9 97 87.7 44.1
117.1 117.2 117.9 119 119.3 119.9 120.9 121.7 121 120.2 120.8 119.9 118.8 117 115 112.9 110.6 107.2 104.6 102.8 100.4 96.7 92.7 91.1 89.3 87.6 84.1 82 79.2 77.6 77.1 75.4 74.6 74.4 73.8 73.4 73.1 72.3 72.7 72.9 74.5 76.7 80.9 85.5 89.2 91.5 93.2 93.6 94.5 95.8 96.9 98.4 99.8 101.4 102.9 104.1 103.7 103.2 102.8 103.3 103.3 103.8 104.7 107.6 112.1 116.4 120.9 123.2 124.5 123.9 123.3 122.6 121.4 120.2 118.4 116.5 114.6 114.3 114.5 113.3 110.3 105.1 98.8 92 83.2 35.1
115.3 115.7 117 117.9 118.6 119.2 119.8 120.5 120.3 118.6 118.3 116.9 114.9 112.8 110.8 108.4 105.2 102 98.9 96.7 94 91 87.1 85 83.3 82 79.7 78.3 77.3 76.9 76.1 75.1 74.3 73.7 73 72.3 71.8 71.5 71.6 71.5 71.8 76.1 79.5 81 84.4 86.7 87.8 88.7 89.8 91.6 93.5 95.4 97.4 99.6 101 102.2 102.6 102.5 103.1 103.6 104.6 106.7 110.9 116.5 122 126.5 128.5 129.2 128.6 127.8 127.2 125.8 124.5 121.3 119.4 117.3 114.9 114.1 114.8 111.7 106.3 99.6 93 87 80.5 32.2
114.2 115.3 116.3 117.1 117.7 118.2 118.5 118.5 118.2 117 114.7 113.2 110.8 108.3 105.8 102.9 99.4 96.3 93.3 90.9 88.2 85.6 83.4 80.9 78.6 77 75.9 76.1 76.4 76.3 75.5 74.7 74 73 72.5 72.1 71.9 73.7 76 70.6 71.6 69.9 73.1 73.8 74.1 77.4 81.4 85 86.8 89.1 91.4 93.1 95.7 97.9 99.2 100.2 99 101.2 102.2 104.1 106.6 111.9 120.1 129.3 133 133.7 133.5 133 132.3 131.3 129.9 127.4 125.7 122.3 119.7 117 113.9 111 108.8 104.9 99.6 93.7 89.2 84.1 75.8 34.5
113.7 114.8 115.5 116.2 116.6 116.8 117 116.2 115.2 113.2 111.1 108.3 105.5 102.8 100.2 96.7 93.6 90.7 88.3 85.4 82.9 80.7 78.6 76.6 75.6 74.6 75 75.3 75.4 75.4 75 74.4 73.6 72.7 72.1 72.9 75.3 77.4 78.1 78.5 75.9 69.2 68.7 68.6 68.5 68.1 69.6 76.8 81.6 87.4 90.1 92.4 93.8 95.7 97.1 96.4 94.7 98.9 102.1 110 115.8 121.1 132 137 137.5 136.6 136.6 136.5 135.5 133.2 130.4 128.2 125.2 121.9 119.5 116.3 112.9 109.7 106.8 102.3 98 92.7 87.2 80.1 70.1 33.8
113 113.6 114.2 115 115 115 114.3 113 110.4 108.2 106 103.4 100.6 97.8 94.1 91.2 88.1 85.6 83.4 81.2 79.5 76.8 74.8 73.9 73.8 73.7 74.1 74.7 74.7 74.7 74.8 73.7 73.2 72.9 73.5 75.2 77.6 78.2 78.5 77.9 77 74.1 75.4 78.9 71.5 67.3 66.7 65.9 68.4 77.8 86.3 90.4 91.2 92 91.3 92.8 96 102.2 110.1 118.9 127.9 135.8 139.8 140.5 141.2 140.7 140.1 138.8 136.1 133.3 130.6 127.9 125 122.3 119.2 115.7 112.3 108.9 105.9 101.4 96 90.8 83.7 78.8 66.9 31.3
111.6 112.3 112.7 112.8 112.3 111.8 110.8 108.8 106.1 103.1 100.8 98.4 95.7 91.5 88.6 86 83.7 81.8 79.5 77.7 75.9 74.4 74 73.9 73.7 73.5 73.3 73.8 74.1 74.4 74.5 74.3 74.2 75.7 75.9 75.9 77.8 78.3 78.6 77.8 77.3 77.7 78.2 78.2 76.2 72.5 73.9 78.6 64.6 64.5 82.4 86.7 88.5 89.4 89.7 95.4 100.5 110.3 121 131.6 138.4 141.7 142.8 144.5 144.9 144 142.3 138.9 136.2 133.4 130.6 128 125.1 122.1 118.3 115.1 111.6 108.4 104.9 99.4 93 88.6 84 78.8 65.1 39.1
110.3 110.9 111 109.1 108.2 107.9 106 103.9 100.8 98 95.4 92 91.3 87.9 84.4 82.6 80 77.9 76 75 74.6 74.5 73.8 74 73.7 73.4 73.6 73.4 73.5 73.5 74.8 75.8 76.7 78.5 78.8 78.8 78.5 78.5 78.4 78.1 78.9 79.5 80.7 81.6 80.3 79.1 81.6 80.7 71.1 63.6 72.4 83.6 85.6 87.7 89.5 96.2 104.2 119 134.6 139.5 141.9 143.8 147.4 148.9 146.6 144.2 142 139 136.4 133.6 130.7 127.9 124.5 120.5 117 113.6 110.9 107.1 102 97 91.4 87.2 81.4 74.9 64.3 38.2
108.8 108.4 108 103.6 101.4 101.5 100.1 98.9 96.2 94.2 92 90.1 86.6 85 80.9 79.4 76.5 75.3 75.3 75 74.4 74.8 74.4 74.5 74.3 74.2 74.2 74.7 75.2 76.6 77.8 79 80.3 80.5 79.9 79.4 79.2 79.2 79.3 79.2 80.6 83.6 85.7 87 85.1 84.7 86.9 86.7 80.9 65.7 63.4 71.7 80.6 83.7 91.2 98.3 110.2 125.2 137 141.6 145.6 148.9 150.7 149.6 146.8 144.4 142.8 139.8 136.5 133.7 130.2 126.2 122.2 118.2 114.9 111.4 106 102 99.2 95.2 89.8 83.6 77.4 70.2 57 23.5
106.2 104.6 101.6 98.6 96.7 94.7 93.8 95.4 93.2 91.1 88.6 84.8 81.9 80.2 77.4 76.1 75.1 74.7 74.7 75.7 75.8 75.6 75.5 75.3 75.2 76 77.1 77.6 79.5 80.8 81.6 82.4 82.1 81.7 81.1 80.6 80.2 80.3 81.4 83.4 87.4 89.3 90.3 90.9 89.1 89.5 91.7 93.5 91.8 83.1 72.8 69 69.1 76.8 87.5 99.7 114.3 127.2 139.6 146.2 150.1 151.3 150.1 148.5 147.6 146.4 143.9 141 137.5 133.4 129.7 125.8 121.4 117.7 113.7 110.3 106.3 102.2 97.2 91.8 87 80 72.1 63.3 51.4 10.6
102.9 100.8 98.3 98.6 97.5 95.3 91 90.9 90.4 88.1 83 79.3 78 77.3 76.2 75.4 74.6 75.9 76.7 77 77.3 77.2 76.8 77.8 78.9 79.8 81.2 81.9 82.9 83.6 84.5 84.5 83.1 83 82.4 82.1 82.7 84.8 88.6 91.7 93.9 95.1 96.4 96 94.6 93.8 92.9 93.8 92.4 90.5 83.6 71.4 54.9 69.6 80.4 96.9 110.5 121.1 134.7 146.1 148.2 147.4 148.6 149.6 148.9 147.7 144.8 141.3 137.6 134.4 130.4 125.7 121.2 117.2 113 109.1 105.5 101.7 95.8 87.9 79 73.1 64 55.1 37 8.4
95.4 96.6 96.4 96.2 94.6 91.5 89.8 86 85.6 83.1 79.1 79 77.1 75.9 75.4 75.2 75.5 76.1 77.8 78.4 78.1 78.8 79.1 80.5 82.4 83.9 84.9 85.3 85.2 85.5 86 85.1 84.4 84.2 84.5 86.3 89.5 93.3 96.2 98.2 99.6 100.8 101.9 102.1 102.2 99.3 96.7 95 91.5 88.9 84.7 72.1 64 47.5 68.9 83 98.3 115.1 127.9 136 140.8 145.9 148.9 149.6 148.2 145.9 142.1 140 138.2 134.9 130.7 125.9 121.8 117.8 114.1 110.3 104.7 96.8 88.7 79.1 70 61.4 53.8 47 41.1 6.2
89.3 89.9 90.4 87.8 85.7 84 83.2 82.2 82 80.9 79.8 79.1 77.1 75.4 75.8 76 75.7 76.8 78.6 80 79.6 82.3 83.3 84.7 86.7 87.1 87.6 87.3 86.1 86.1 86.3 86.3 87.3 89.7 91.6 94 96.8 99.7 102.7 104 105.3 105.9 106.4 106 105.2 104.5 101.9 94.6 93.5 84.9 80.2 69.6 62.3 46.3 46.6 69.1 87.4 104.3 118.8 129 138.7 145.6 148.2 146.8 144.8 139.6 142 141.4 139.6 136.3 131.8 126.8 122 116.9 111.8 104.6 96.5 87.5 79 69.5 61.3 54.5 48.4 41.3 37.4 6.2
91.2 89.6 89.1 92.1 90.7 89.2 86.5 83.2 82 80.8 79.8 78.1 77 76.3 76.6 76.5 77.8 79.7 81.7 82.4 82.1 86.7 88.1 87.3 88.8 89.9 89.2 88.5 88.1 88.6 89.1 92.6 95.4 98.1 100.2 102.8 104.4 107.1 108.7 110.3 110.2 110.3 110.3 109.5 108.1 105.4 98.9 91.9 86.2 80.3 75.6 64.9 48.7 38.8 48.6 58.1 76.3 96.9 111.6 122.2 129.3 137.3 141.5 140.9 138.8 141.6 144.1 143.5 139.5 136 129.8 124.8 117.7 110.8 103.7 94.8 85.1 76.7 68.7 60.8 53.7 47.6 41.9 35.3 17.9 4.4
92.9 91.5 92.2 91.4 89.7 88.1 86.1 83.2 79.2 78.3 77.6 76.9 76.6 77.1 77.4 79.3 81.5 83.7 85.8 84.4 87 91 91.9 91 91.8 91.4 90.5 90 91.5 95 100.1 102.4 104.9 107.8 110.3 112.3 113.7 113.9 115.4 116.6 116 115.1 114.4 112.1 110.1 108.5 103.3 93.8 96.8 95.6 87 71.9 54.7 34.2 36.1 34.3 61.4 82 101.4 112.9 121.4 126.9 130.5 133.6 138.8 143.2 142.4 139.7 135.3 130.2 125 118.4 110.2 100.4 92.7 83.2 74.3 66.3 58.5 52.4 48 42.2 36.9 22 7.6 1.6
93.5 91.6 90.7 89.4 87.7 86.1 83.7 79.9 79.4 79.1 78.5 77.9 78.3 79.4 82.4 84.6 86.6 88.6 90.7 86.4 91.8 94.4 94.7 94.4 93.9 93.3 92.6 94.6 99.4 105.1 108.6 111.5 114.3 117.2 119.3 120.5 122.1 122.6 122.1 122.5 121.5 120 118.6 116.2 113.7 111.1 101.3 106.6 105.6 102.5 95.2 81.9 65.3 39.8 43.1 37.4 52.3 57.7 88.8 98.1 108.5 117.2 125.2 131.4 135.2 137.2 136.4 132.8 128 122.1 115.7 107 98 88.9 80.4 71.6 64.3 57.3 51.6 46.7 42.6 33.4 22.1 11.6 3.9 -1.4
92.5 90.9 88.9 86.2 84.6 82.8 81.4 80.1 80 80.5 79.6 80.3 81.8 84 87.7 89.9 91.9 93.9 93.9 88.9 96.9 97.4 97.2 96.4 96.2 96.2 98.7 105.3 110.8 114.1 116.2 119.3 122.5 125.3 127.8 129.8 130.6 130.3 129.3 127.5 125.5 123.3 121.6 119.1 116.6 108.5 111.6 111.6 110.7 107.6 101.8 94 80.1 60.2 51.3 37.8 45.6 60.9 75.5 86.2 101.1 114.5 121.8 126.8 129.3 129.3 127.7 123.7 118.4 111.8 103.3 95.3 86.6 78.4 70.5 63.9 55.9 48.9 44 39.1 31.9 23.1 17.3 7 1.5 -1.4
91.2 89.9 86 83.2 84.4 83.5 82.5 81.6 82 82.7 82.7 85.4 87.6 90.1 92.8 95.3 96.4 96.3 96 94.5 100.5 99.4 99.4 98.6 99 101.9 108.4 114.7 118.1 120.8 123.6 126.8 129.9 133 135.5 136.6 137 135.8 133.7 131.7 129.5 126.8 124.6 122.2 120.8 111.5 117.5 115.9 113.7 110.5 104.1 92.3 75.8 63.4 55.5 39.7 33.9 48.4 59.8 73.6 87.6 101.6 113.4 117.6 119.2 119.6 117.8 114 106.5 99.1 91.4 83.5 75.2 66.6 59.5 52.4 46.1 40.1 34.6 29.3 23.4 14.9 6.8 2.7 -1.4 -1.4
86.6 84.6 85.8 87.5 86.3 85.5 85.1 84.3 84.8 86.6 89.1 91.7 94.8 96.7 97.1 99.1 99.3 98.9 100.8 94.7 101 100.8 101 101.3 105.3 111.7 116.5 121.6 125.1 128.4 131.3 134.2 137.3 139.8 141.5 142.3 141.8 140.3 138 136 133.6 131.1 128.7 127.6 126.3 117.8 120.6 118.5 115.9 112.2 105.1 92.3 78 69.6 61.4 45.6 32.5 26.9 42.2 56.2 69.6 85.1 101.2 105.7 108.5 110.3 107 101 94.8 86.1 77.6 70.1 61.1 53.7 47.2 40.4 37 33.7 29.4 23.4 12.6 7.1 1.5 -1.4 -1.4 -1.4
89.1 89.4 88.8 88.2 87.8 87.1 86.8 89 91.5 93.8 96.1 98.2 100.1 101.7 102.2 101.1 102.1 103.8 102.8 100.1 99.7 102.8 103.8 108.1 115.8 120.7 124.7 128.4 132 134.9 137.7 141 144.2 146.2 147.2 146.6 146.5 145.1 144 141.7 139.2 137 134.4 132 127.8 119.2 122.9 120.9 118.3 114.8 110.6 97.3 86.1 78.7 59.6 47.8 55.4 39.9 24.5 30.3 46.1 68.7 81.7 93.2 95.8 94 90.3 86.7 79.6 71.4 61.8 54.4 47.2 41.2 37.3 33 30.6 29.3 19.1 9.7 4.4 2.3 -1.4 -1.4 -1.4 -1.4
91.1 90.5 89.6 88.9 88.9 90 92.6 95.7 97.8 100.3 102.6 103.3 105.4 106.1 106.3 104.3 105.8 105.5 102.9 97.7 102.1 105.2 111.2 117.7 123.1 127.5 131.2 134.6 137.9 140.7 143.4 146.5 150.2 151.2 151.2 151 151.1 151.3 150.3 147.9 145.2 142.4 139.1 136.6 131.9 126.1 125.9 123.5 121 118.1 114.7 100.7 86.2 77.7 70.4 76.9 73.5 58.6 42.8 25.3 26 53.5 69.9 82 83.3 84 81.8 72 63.9 54.5 52.7 44.7 40.5 39.1 36.6 33.8 26.3 16.9 5.6 1.2 -1.4 -1.4 -1.4 -1.4 -1.4 -1.4
