data/NH81.asc
ncols 200
nrows 200
xllcorner 280000
yllcorner 810000
cellsize 50
[rows 105 to 139 of 200, columns 0 to 77 of 200]
484.8 499.6 514.4 536.7 558.5 578.5 598.6 617.6 636.4 654.6 672 683.6 687 674.4 659.9 648.4 641.2 632.6 624.9 619.1 609.8 598.1 585.2 577.8 569.1 558.4 549.5 538.3 527.8 517.6 510.9 504.5 499.2 494.6 490.4 485.7 480.1 474.2 470.2 466.3 462 458.3 454.1 449.5 451.5 453 448.7 455.4 459.5 462.1 464.4 466.7 469 471.1 473.1 472.7 473.1 474.7 476.1 477.1 477.8 479.1 479.7 476.8 479.3 486.2 488.9 493.1 496.8 499.1 502 505 507.9 510.8 515.1 518.6 521.8 525
493.7 507.1 522.2 541.7 563.5 582.3 600.4 615.8 633.4 655.4 676.6 685.5 695.2 686.1 671.6 661.2 652.8 645.2 640.2 633.7 624.1 610.2 597.2 586.4 573.7 560.9 548.9 537.4 528 519.8 513.3 507.7 502.6 498.4 494.1 488.8 482.8 476.7 471.5 467.3 463 459.3 456 451.6 454.7 456.3 456.4 455.3 462.4 464.8 466.8 468.8 470.8 472.8 474.6 474.7 474.9 476.4 477.8 479.2 480.8 481.8 482.7 484.2 483.4 482.4 489 493.6 497.7 500.6 503.6 506.5 509.4 512.3 516.6 520.3 523.6 526.9
499.5 513 528.5 548.6 569.1 587 604.2 618.6 638.4 658 678.1 691.9 702 700.5 687.4 674.9 668 664.2 661.5 655.6 640.2 621.8 609.9 596 578.8 561.9 548.1 539.1 530.9 522.5 515.7 510.4 505.6 501.4 497 490 484.2 478.4 472.7 468.3 464 460.3 457.1 456 458 459.5 461.1 457.3 463.7 466.8 468.8 470.8 472.8 474.4 474.8 475.9 477.1 478.3 479.7 481.2 482.7 484.4 485.3 486.6 487.2 487.4 488 493.9 498.3 501.7 505.1 508 510.9 513.8 517.5 521.1 524.7 528.1
503.9 519 535.8 556.5 577.2 593.2 609.7 626.8 647.7 665.8 687.4 701.2 709.9 713 703.8 693 686.9 683.7 682.9 681.6 657.9 635.4 621 603.3 581.2 565.1 550.6 541.8 532.9 524 517.6 512.4 507.7 503.7 498.3 491.1 485.3 479.1 473.8 469.4 465.1 460.9 457.2 459.4 461.3 463.1 464.7 464.9 461 468.4 471.1 472.8 474.5 475.9 476.7 478.2 479.4 480.5 481.7 483.1 484.6 486.4 487.8 489 490.2 489.9 489.1 494.8 498.8 502.2 505.6 509 511.9 514.5 518.1 521.8 525.4 529.1
510.4 526.2 545.8 566.3 586.7 604.1 624.1 646.6 665.9 682.9 694.6 708.3 719.9 725.2 717.9 707.9 703.5 701.6 699.5 688.3 666 644.3 630.5 606.8 584.8 568.1 553.2 543.9 534.7 525.5 519.7 514.7 509.6 504.7 499.1 492.1 486 480 475 470.4 466.2 462 461.4 462.7 464.2 466 467.8 467.9 460 468.3 472.9 474.5 476 477.1 478.5 480 481.4 482.9 484 485 486.5 488.3 490.1 491.6 492.8 493.4 490.7 495.6 499.2 502.7 506.1 509.3 512.3 514.9 518.2 522.3 525.9 529.6
517.7 532.8 555.9 576 596.1 617.5 642.2 665 683.1 696.4 707.6 720.5 729.6 736.5 728.3 721.1 717.8 715.3 706.5 688.3 666.6 649.3 628.7 609 588.9 571.3 554.6 543.9 533.9 526.2 519.7 514 509.6 505 498.2 492.8 487 481.2 476.1 471.6 467.6 462.7 465.2 466.4 467.7 469 470.8 470.8 467.2 469 474.1 475.9 477.4 478.9 480.3 481.8 483.2 484.7 486.2 487.5 488.4 490.3 492.2 493.9 495.2 495.5 495.7 494.6 499.7 503.2 506.4 509.6 512.6 515.2 518.2 522.3 526.4 530.1
526.3 543.8 565.3 586.5 607.7 630.8 656.2 678.8 694.5 706.7 722.5 733.6 740.4 742 736.5 729.7 725.9 720.4 705.2 684.5 663.4 643 626.1 608.8 592.3 573.9 555.2 544.4 533.7 526 519.5 513 508.1 502.6 497.3 492.3 486.9 481.8 476.4 472.5 467.6 468.5 469 470.1 471.4 472.7 473.3 473.6 471 469.6 475.3 477 479 480.7 482.2 483.6 485.1 486.5 488 489.4 489.5 491.4 493.9 495.9 496.9 498 498.4 498.7 498.1 502.9 506.7 509.8 512.9 515.6 518.5 522.3 526.4 530.5
535.9 554 574.1 596 618.3 641.5 666.9 688.5 702 715.4 730.1 740.2 744.6 741.5 735.9 729.5 725.4 714.6 697.4 675.1 655.1 638.6 622.5 606.6 589.5 572 555.2 543.3 533.6 525.1 517.8 510.8 506 501.8 496.9 491.9 486.9 481.5 476.2 473.1 469.8 471.7 472.7 473.7 474.7 475.3 475.2 474.9 473.3 468.4 476.4 478.2 480.2 482.1 483.7 485.4 486.9 488.4 489.8 491.3 492.8 493.7 494.4 497.9 499.1 500.2 500.9 501.4 502.2 502.9 504.4 509.8 513.1 516 518.9 522.3 526.8 531.6
542.1 560.5 580.9 604.5 627.7 649.9 672.6 692.6 710.5 721.4 735.6 740.2 739.6 736 729.5 721.5 715.7 704.1 685.8 666.3 651.3 635.5 618 601.4 584.9 568.5 553.6 541.5 531.7 522.1 515.1 508.7 504.9 500.9 496 490.8 486.1 481.2 476.7 473.7 475.6 477.4 477.7 477.1 477.1 477.4 477 476.6 474.6 472.3 477.1 479.5 481.4 483.4 485.2 486.8 488.5 490.2 491.7 493.1 494.8 497.1 498.2 499.6 501.5 503 503.6 504.3 505 506.5 508.7 511 513.6 516.5 519.5 523.2 528 532.8
547.2 565.1 586.7 610.2 632.9 653.4 675.1 695.8 709.1 723.4 736 735.8 732.2 728.5 719.9 709.6 701 690.9 675.6 661.1 646.1 629.4 611.5 595.4 580.3 566.4 552.2 539.7 529.9 520.3 511.8 507 502.8 498.6 494.2 489.6 484.5 481.4 480.8 479.1 480.8 481.8 481.4 480.7 479.6 479.3 479.1 478.3 476.9 474.1 477.8 480.1 482.6 484.6 486.6 488.3 489.9 491.6 493.3 494.9 496.9 499.1 501.7 503 503.3 505.8 506.4 507.1 507.8 509.1 511.4 513.2 515 517.3 520.8 524.3 529.2 534.1
551.6 570.2 591.8 613.9 635.3 654.4 676.3 695.6 710.2 722.7 732.1 729.8 726.7 719.4 710.2 697.6 687.9 678.4 668 655.2 640 622.7 605.1 588.4 574.4 561.3 547.9 535.9 526.3 516.6 510.3 505.7 501.5 497.2 491.8 487.8 488.3 486.3 485.7 485.6 485.7 485.9 485.7 484.9 482.2 481.4 481.1 479.9 477.8 474.8 479.1 481.2 483.3 485.7 487.8 489.7 491.3 493 494.7 497.2 501.6 504.9 507.4 508.3 508.9 509.8 509.5 509.9 510.5 511.7 513.5 515.3 517.2 517.1 521.5 525.4 530.4 535.3
554.2 573.9 593.3 613.7 633.7 653.5 675.1 689.9 707.4 717.4 721.8 721.1 717.4 711.2 698 686.4 676.8 667.9 660.5 646.2 631.3 614.8 599.6 583.5 568.7 555.6 542.2 532 522.5 514.2 509.9 505.5 500.7 495.8 495.6 494.3 492.8 491.3 490.2 492.1 491.5 490.9 490.3 489 485.5 483.7 483 480.8 478.6 475.5 480.4 482.5 484.6 486.7 488.7 491 492.8 494.4 497.4 501.5 505.6 509.6 513.2 513.8 514.2 513.9 513.5 513.1 513.4 514.4 516 517.6 519.5 521.7 524.1 527.5 531.7 536.6
557.4 575.9 593.4 612.1 632 652.2 671 684.1 699.4 707.2 711.8 713.1 710.9 698.4 685.1 676.2 667.8 660.4 650 636.8 620.7 606.3 595.5 577.8 564.2 549.7 537.3 528.1 520 514.1 509.7 506.6 500.3 501.1 500.1 498.9 497.4 496.4 496.9 498.5 497.8 497.2 494.8 491.6 487.3 485.6 484.4 482.8 480.6 479.7 482.3 483.9 486 488 490.1 492.2 494.4 497.5 500.5 505.8 509.7 513.9 518.6 519.5 518 517.1 516.7 516.3 516.6 517.7 518.9 520.7 522.5 524.5 526.5 527.2 533.5 538
560.5 576.8 593.5 611.8 629.4 647 664.5 678.5 690.1 698.4 703.1 705.4 699.8 685.9 674.6 668.1 662.3 653.8 641.1 626.1 612 602.4 589.3 574.8 560 543.8 533.3 524.8 519.7 514.4 509.9 505.8 506.7 505.5 504.8 503.6 503.3 503.6 504.7 504.8 503.1 500.2 497.3 494 489.6 487.3 485.8 484.2 480.1 482.6 484.1 486 487.7 489.5 491.5 493.6 496.1 499.5 503.5 510.3 515.7 520.5 523.9 525.4 523.2 521.2 519.6 519 519.8 520.9 522.4 524 525.7 527.4 529.7 530.5 533.8 535.8
561.3 578.4 593 609 623.7 640 655.8 670.9 679.9 687.9 692.6 695.7 688 676.2 668.8 663.9 657.9 648.5 635.6 620.6 609.4 600.6 586.8 570.4 553.1 540.7 532.4 525.5 520.7 515.8 509.7 511.5 511.7 511.4 510.7 510.1 510.2 511 512.3 509.8 506.7 503.7 500.7 496 491.6 488.4 486.6 484.8 481.3 483.6 485.7 487.9 489.6 491.3 493 495.3 497.7 502.7 508.6 514.8 519.9 526.6 529.1 530.7 528.7 526 524.1 523.3 523.6 524.4 525.9 527.5 529.1 530.8 533.1 535.4 537.4 542.2
561.1 576.1 589.8 603.6 617 630.7 644.6 656.9 669.6 675.7 682.9 687.1 680.9 669.6 663.9 660.6 654.6 644.1 630.1 617.1 607.4 597.3 581.8 563 549.7 540.6 532.7 526.4 521.7 516.9 515.4 517.7 518.4 517.5 516.7 516.9 517.5 518.2 519.3 515.5 511.9 508.5 502.8 497.3 492.9 489.6 487.4 485.6 485.1 482.7 485.7 488.8 491.1 492.9 494.9 497.2 500.1 506.4 512.8 519.1 525.9 532.5 534.3 535.4 535.3 531.6 528 528.1 528.7 528.1 529.4 531 532.6 534.5 537 539.5 540.5 544.8
560.4 573.4 585.4 597.1 608.8 621.6 634.3 646.7 656 665 673.8 675.9 671.2 663.5 660.6 657.4 650.5 638.4 625.4 616.6 606 591.9 573.3 556.2 547.1 539.6 532.8 526.9 522.9 515.5 521.4 523.6 524.7 524.9 524.2 524.8 525.2 525.5 526 521.5 516.1 510 504.3 498.6 494.7 491.4 488.2 486.3 486.7 484.6 486.3 489.5 492.6 494.5 496.8 499.2 504.9 511.4 518 524.7 531.2 536.9 542.5 543.6 541.9 538.1 534.2 533.5 534 533 532.9 534.5 536.2 538.4 541 543.8 545.3 547.1
558.8 570.5 580.6 591 602.2 612.7 624.5 634.3 643.2 652.3 660.7 662.1 659 656.6 655.7 653.3 644.1 632.9 624.7 615.6 603 584.2 565.4 552.2 544.3 538.9 532.8 527.6 522.5 524.6 527.9 530.7 532.2 535.2 532.8 534 534.8 533.2 531.4 526.1 519.5 512.7 506.3 500 496.3 492.8 490 488.4 489.2 488.9 490.4 492.3 494.2 496.4 498.7 502.7 508.1 515.1 523.8 529.8 538 543.1 548.2 552 549.1 544.7 540.5 539.4 539 538.6 538.2 538.1 539.9 542.7 545.6 548.1 549.5 549.4
557.9 566.9 576.2 586.5 595.4 605.1 614.5 622.6 631.4 639.4 644.2 645.5 647.5 648.4 650 646.9 639.1 630.9 622.6 609.9 595.5 577.4 562.7 550.1 543.9 539 533.9 529 526.5 529.5 533.7 538.1 541.1 542.2 541.6 543 542.8 539.7 536.4 531 523 515.6 509.3 503.4 497.8 493.9 490.8 491.2 492.1 491.6 491.6 494.2 496.6 498.8 501.5 507 512.1 519.9 528.1 535.3 543.7 552.3 558.7 561 556.1 550.9 546.6 546.1 544.3 543.4 543 543.1 544.6 546.9 549.6 552.3 553.3 553.2
557.5 565.2 573.1 581.1 589.6 598.1 605.5 612.5 620.1 625.4 631 633.3 635.7 639.7 642 641.9 638.9 631.5 620.4 603.5 587.5 574.4 560.6 549.1 543.6 539.7 535 528.5 532.2 536.4 541.6 544.4 547.9 550.6 548.7 551.3 549.2 543.8 540.9 536.2 526.7 518.8 512.9 506.8 500.7 495.3 492.5 493.7 494.5 494.1 491.9 496.6 499 501.2 506.1 511.6 517.1 524.6 533.4 541.4 549.5 557.9 567.5 568 562.6 557.3 553.1 552.3 549.7 548.2 547.8 548.4 549.7 552 554.3 556.1 556.5 556.7
555.9 563.8 571 576.2 583.5 591.1 597.7 603.4 610.6 616.5 621.5 625.1 628.6 632.5 636 638.1 637.1 630.9 615.6 599 584 570.8 560.1 548.9 543.9 540 536.3 534 537.9 542.6 548.1 551.6 556.8 559 556.1 559 556 549.2 546.1 540.7 531.4 522.5 515.5 508.8 502.7 499.1 496.2 496.2 496.6 496 495.1 498.5 501.3 505.2 510.4 515.3 521.4 528.4 537.3 546.7 555.5 566.2 574.8 573.4 568.7 563.9 560.6 558.8 555 553.1 553 553.7 555 556.9 558 559.2 560.3 559.8
556.3 561.5 568.1 571.8 579.2 586.5 591.9 597.5 603.1 608.1 613.9 618.4 622.6 627.8 630.8 633.6 630 622.8 611.3 594.9 581.9 568.7 557.9 551.1 545.8 542.3 538.2 538.7 543.1 549.2 555 561 565.8 565.3 563.6 565 561.5 554.6 550.2 544.8 534.9 525.7 518.6 510.6 506.3 503.2 500.6 500.5 500 498.8 497 500.8 504.1 508.1 513.7 519.8 525.9 533 542.8 552.2 562.7 574.2 580.5 579.5 575.5 572.3 569.9 566.9 562.8 560.2 559.4 559.8 561.1 561.4 562 562.5 563.3 564.1
556.9 561.2 566.2 570.6 576.3 582.2 587.3 593.1 598 602.9 608.7 613.2 618 623.6 627.3 629.5 624.9 617.1 606.7 592.9 581.3 565.3 556.9 551.8 548 544.8 540.2 543.9 550.1 556.5 562.1 568.2 573.1 571.2 570.1 570.8 563.7 558.1 553 547 538 529.1 521.6 513.3 510.8 507.8 505.4 504.6 503.4 502 499.5 503.7 507.8 511.7 517.4 523.9 530.9 538.7 549.3 560.4 572.6 582.9 587.5 587.5 584.9 583.3 580.7 577.1 573.6 570.7 567.9 567.1 566.7 567.1 567.7 568.3 569.7 569.6
556.1 560.1 564.3 569.5 573.7 578.6 584.4 590.2 594.5 599.2 603.6 608.3 614.2 619.3 623.2 624.7 620.9 613.4 603.7 592.2 577.5 565.8 558.4 554.3 550.6 547.5 543 550.1 557 562.9 568.4 574.7 577.5 576.5 575.1 573.5 567.6 562 556.1 548.3 539.4 532.2 523.8 517.3 514.9 511.8 508.9 507.2 505.7 504.3 502.1 505 509.2 514.2 520.7 528.4 538.7 548.7 558.9 570.6 584.4 592.6 596.7 597 597.4 595.6 592 589.2 585.5 581.8 577.3 574.9 571.8 573.2 575.1 575.8 575.6 575.5
554.9 558.6 563.1 568.1 572 576.9 582.4 587.4 591.3 595.6 600.8 604.7 610.5 615.8 619.3 618.9 615.7 610.4 601.2 590 578.1 569.2 562.8 557.6 554.3 551.3 546.4 554.6 562.3 568 573.1 579.6 582 581.2 579.4 576.4 570.8 564.5 558 549.5 540.7 533.9 525.6 522.2 518.8 515.3 512.3 509.8 508 506.6 505.6 507.3 510.6 518.2 525.4 532.7 545.4 557.7 568.8 580.5 595.6 603.6 607.9 610.4 612.8 613.4 612.2 607.5 602.2 594.6 588.6 584.5 579.8 582.2 581.7 581.6 581.5 581.4
553.7 558 563 567 570.6 574.2 579.7 584.4 589 593.2 597.3 602.6 607.6 612 613.9 613.2 611.4 606.9 600.1 590.4 581.8 574.2 567.5 561 558 555.4 552.9 560.7 567 572.8 577.5 583.7 585.7 585.2 583.7 579.5 574.2 567 558 550.5 541.3 535.7 529.6 526.1 522.7 519.2 515.8 513.2 510.7 509 507.9 509.3 513.1 521.2 530.2 537.5 549.9 562.5 574.7 589.8 605.1 615.6 621.5 627.6 632.1 632 632.6 628.9 619.8 607.6 599.3 593.8 590.4 591.4 590.9 589.8 588.8 587.7
551.8 556.9 561.8 566.3 570.4 575.1 579.3 583.3 587 591.6 595.9 600.4 605.6 610.8 612.1 612.6 609.4 607.1 601.3 594.4 587.5 579.3 571.7 565.3 562.5 560 558.7 565.6 570.8 576.4 581.2 587.3 588.4 587.7 588 583.2 574.8 565.3 557.1 549.5 542.3 537.3 533.5 530.3 527 523.9 520.2 516.5 513.8 511.5 510.1 511.5 515.5 523.4 532.4 541.5 553.9 567.2 582.9 598.3 615.6 628.3 637.3 646 651.3 653.9 654.9 650.5 638.4 622.7 611.6 605.6 603.7 602.7 599.3 597.4 596.2 595
552.8 557.6 562.8 567.1 570.5 574.7 579 583.2 588.1 592.2 595.1 600.4 606.7 611.2 615.1 617.7 613.1 608.5 604.4 599 592.3 583.5 575.6 570.9 568.1 565.3 563.3 568.6 574 579.7 585 590.6 592 591.5 591.6 584.5 574.8 564.3 557.9 549.7 545.6 541.9 538.5 535.3 532.1 528.9 524.1 520.1 517.2 514.3 513.3 513.8 517.9 525.4 534.9 545.3 558.6 574.4 591 608.4 625.7 640.9 652.2 660.6 667 673.3 676.9 670.7 657.5 639.6 626.4 619.8 615 613.7 609.7 607 604.3 602.2
553.3 558.4 563.6 568.4 571.9 575.8 580.1 584.5 589.3 593.9 597.6 603.8 608.9 615.5 622.3 627.4 620.9 616.3 610.3 605 596.6 585.9 581.7 577.2 573.2 570.6 565.3 571.6 577.3 582.9 589.1 594.1 594.7 594.6 593.3 584.8 573 563.9 557.8 552.6 549.8 547 546.7 541.8 537.1 533.9 528.1 523.6 520.3 517 515.6 516.2 521.4 528.2 538.8 550 564.4 580 596.1 616.8 634.7 652.1 663.6 673.5 683.9 694.8 700.4 691.5 675.8 658.4 641.7 633.2 627.2 624.6 620.4 617.3 614.6 609.9
554.9 560.4 565.9 570.9 573.3 576.9 581.2 585.9 590.7 595.5 600.3 606.7 613.5 621.2 627.7 632.1 632.5 626.5 618.5 611.3 602.4 592.9 590.8 581.5 577 573.8 570.3 574.3 579.7 586.1 592.2 596.3 596.1 595.9 593.7 583.3 571.3 564.6 561.2 558.7 555.6 553.5 554.2 551.7 545.7 539.6 531 526.5 523.2 519.8 517.3 518.9 524.2 531.2 541.6 553.3 568.5 585.2 602.2 623.3 641.9 659.8 674.4 687.3 702.2 716.5 720.1 709.3 692 673.6 657.9 646.6 640.1 635.5 631.2 627.7 623.8 618
558.8 564.5 569.8 573.5 576.3 578.2 582.5 587.3 592.1 596.9 602.8 608.9 616.2 623.8 631.3 641.6 644 634.4 626.1 616.4 606.8 602.2 594.4 585.3 581.1 578.5 575.5 576.3 583.5 590 595.4 596.9 596.7 596.3 592 581.9 571.8 568.9 567.4 564.7 562 561.2 560.5 557.2 551.4 544.7 534.6 529.5 525.9 522.7 519.3 521.6 527.2 534.3 543.6 556.6 571.2 587.8 606.9 627.3 646.7 665.4 682.1 700.1 718.2 732.8 735.3 725 708 689.3 673.6 662.3 653.5 647.5 642.5 638.5 632.5 626.7
564.1 569.6 574.1 576.8 579.4 581.4 584.5 589.1 593.5 598.6 604.6 610.7 618.7 626.5 633.4 646.2 647 639 629.1 619.8 612.2 606.6 595.6 588.7 585.4 583.1 580.4 579 588.1 593 596.8 597.5 596.9 595.8 589 580.4 575.2 574.3 574.1 572.8 570.8 568.9 567.6 563.3 558.3 548.5 537.6 533.6 529.3 525.1 521.5 525.4 530.4 537.3 545.7 558.6 573.4 589.9 609.2 629.7 649.8 668.7 687.8 707.7 728 742 745.9 736.6 724.8 707.1 690.1 678.8 668.5 659.7 654.9 648.9 642.8 636.7
569.4 574.4 577.7 580.3 581.3 582.9 585.8 590 594.6 600.5 606.5 612.5 620 627.9 635.7 647 647.7 641.2 633.3 624.2 615.7 605.5 597.3 592.3 589.9 587.6 586.8 586.9 590.5 594.7 597.5 597.5 596.9 595.4 588.8 582.5 581.2 582.1 582.2 581 579.2 576.8 574.4 569.3 564 552.1 541.6 535.9 531.9 527.8 523.5 528.5 533.1 539.4 548.2 559.7 574.9 592 611.3 631.8 652.4 672.1 691.3 710.3 729.9 744.4 750.8 744.7 738.4 726.4 709.5 695.3 683.5 672.6 665.5 659.4 653.3 645.6
574.4 579.2 582 582.6 583.3 584.4 587 591.1 596.4 602.2 607.6 613.1 620.5 628.7 637.6 645.4 645.5 643.8 638.1 628.6 615.5 605.5 600.3 597.4 594.8 592.9 592.6 592.7 590.7 595.8 598 597.6 596.9 596 591.6 587.9 588.9 591.6 593.6 591.6 589.3 586.9 583 576.4 568 552.9 546.4 540 534.2 530.1 527 531.2 536.2 541.6 550.5 562.4 577.4 594.7 613.6 633.4 652.6 671.1 690.5 710.5 729.7 743.2 752.1 753.5 750.1 742.4 727.9 711.6 696.8 686.1 677 669.9 664.2 657.6
578 583 585.2 584.8 583.7 586 587.9 592.2 597.1 602.1 607.1 612.2 620.8 629.2 638 644.4 646 647.2 641.8 630.2 615.8 608.6 604.6 602.5 599.5 598.4 597.8 595.5 593.3 594.7 596.6 597.1 597.1 596.5 593.1 593.9 597.6 601.4 602.1 603.4 599.7 595.9 592.4 581.6 571.1 557 550 543.9 537.7 532 528.9 533.7 538.9 544.3 552.7 565.8 580.4 597.5 615.3 633.4 650.9 669.3 688.5 708.4 725.7 741 751.9 758.6 760.6 757.5 744.9 728.1 711.3 700 690.3 683 676.7 671.9
