data/NH98.asc
ncols 200
nrows 200
xllcorner 290000
yllcorner 880000
cellsize 50
[rows 114 to 151 of 200, columns 0 to 84 of 200]
-1.4 -1.4 -1.4 -1.4 -1.4 -1.4 -1.4 -1.4 -1.4 -1.4 -1.4 -1.4 -1.4 -1.4 -1.4 -1.4 -1.4 -1.4 -1.4 -1.4 -1.4 -1.4 -1.4 -1.4 -1.4 -1.4 -1.4 0 1 2.1 4.3 5.1 8.9 16 19.1 21.1 21.2 22.6 22.5 21.6 20.2 20.8 22.8 22.7 22.8 24.7 26.8 26.6 27.6 28.5 29.1 29 27.7 28.8 30 28.4 28 27.7 27 26 25.3 24.8 24.3 23.7 23.2 23.1 23 20.1 4.4 1.6 -1.4 -1.4 -1.4 -1.4 -1.4 -1.4 -1.4 -1.4 -1.4 -1.4 -1.4 -1.4 -1.4 -1.4 -1.4
-1.4 -1.4 -1.4 -1.4 -1.4 -1.4 -1.4 -1.4 -1.4 -1.4 -1.4 -1.4 -1.4 -1.4 -1.4 -1.4 -1.4 -1.4 -1.4 -0.5 -0.4 -1.4 -1.4 -1.4 -1.4 0 0.8 1.6 4.1 5.4 6.5 9.2 13.8 17.8 19.2 19.9 21.3 21.7 21.9 20.4 19.9 22.2 22.3 21.8 21.9 22.4 23.9 25.4 26.5 27.5 28.6 27.7 26.9 27.9 28.6 26.5 26.2 25.8 24.7 23.9 23.3 23 22.9 22.3 21.8 21.5 17.9 6.4 1.3 -1.4 -1.4 -1.4 -1.4 -1.4 -1.4 -1.4 -1.4 -1.4 -1.4 -1.4 -1.4 -1.4 -1.4 -1.4 -1.4
-1.4 -1.4 -1.4 -1.4 -1.4 -1.4 -1.4 -1.4 -1.4 -1.4 -1.4 -1.4 -1.4 -1.3 -0.3 0.1 0.6 0.4 0.7 0.9 1 1 0.7 0.9 1.4 2 4.7 8.4 6 6.3 9.5 15 17.1 17.7 19.5 20.5 22 21.3 21.3 21 20.8 22.2 21.7 20.7 20.9 21.4 21.9 23.5 24.5 25.7 27.9 26.5 25.1 26.9 26.2 24.3 23.9 23.6 22.8 21.2 21.5 21 20.7 21 20.5 20.6 6.9 2 -1.4 -1.4 -1.4 -1.4 -1.4 -1.4 -1.4 -1.4 -1.4 -1.4 -1.4 -1.4 -1.4 -1.4 -1.4 -1.4 -1.4
-1.4 -1.4 -1.4 -1.4 -1.4 -1.4 -1.4 -1.4 -1.4 -1.4 -1.4 -1.4 -1.4 -0.3 0.7 1.3 2.2 2.3 3.3 3.1 4.3 7.1 7.4 5.6 5.7 5.6 6.2 6.6 9.5 13.1 17 16.3 18.3 18.1 19.8 20.2 21.4 23.2 22.7 21.5 21.5 20.2 20.4 19.5 19.9 20.6 20.2 21.4 23 25.2 26.8 26.4 23.8 24.3 24.4 22.5 21.8 21.4 20.9 20 20.7 20.7 19.5 18.4 16.5 5.5 1.8 0.3 -1.4 -1.4 -1.4 -1.4 -1.4 -1.4 -1.4 -1.4 -1.4 -1.4 -1.4 -1.4 -1.4 -1.4 -1.4 -1.4 -1.4
-1.4 -1.4 -1.4 -1.4 -1.4 -1.4 -1.4 -1.4 -1.4 -1.4 -1.4 -1.4 -0.3 0.7 1.7 3.9 4.9 4.8 5.1 6.3 7.5 8.3 6.9 6.3 6.6 6.6 7.5 12.6 16.3 17.5 16.5 18 17.3 17.7 20.1 20.2 20.7 23.1 21.1 21 19 18.9 17.1 17.6 18.9 19.5 19.2 19.8 21.7 23.6 25.9 23.7 22.4 22.4 22.4 21 20.1 19.5 18.8 18.8 19.2 19.6 19.5 16.4 5.4 1.3 0.1 -1.4 -1.4 -1.4 -1.4 -1.4 -1.4 -1.4 -1.4 -1.4 -1.4 -1.4 -1.4 -1.4 -1.4 -1.4 -1.4 -1.4 -1.4
-1.4 -1.4 -1.4 -1.4 -1.4 -1.4 -1.4 -0.7 -0.9 -1.2 -1.4 -0.4 0.4 1.9 3.9 4.5 6.1 6.6 8.7 9.7 10 10.4 9.6 10.8 11.8 11.4 9.8 13.6 16.7 18 15.7 16.9 16.5 16.5 17.2 18.4 21.2 18.6 18.2 20.8 21.3 20.8 17.1 18.6 17.3 18.4 18.6 18.9 20.5 22.4 21.9 22.2 21.3 20.6 20.3 19.4 18.4 17.9 17.6 17 17.7 18.4 17.6 5.9 1.8 0.2 -1.4 -1.4 -1.4 -1.4 -1.4 -1.4 -1.4 -1.4 -1.4 -1.4 -1.4 -1.4 -1.4 -1.4 -1.4 -1.4 -1.4 -1.4 -1.4
-1.4 -1.4 -1.4 -1.4 -1.4 -0.7 -0.3 0.1 0.1 -0.2 0.3 1.1 2 3 4.2 5.7 7.2 10.3 13.3 12.1 11.9 12.9 12.4 12.8 12.9 13.6 12.5 12.5 14 15.2 14.6 15.1 15.6 16.2 16.9 16.8 17.1 19.5 23.2 23.9 24.1 23.1 22.1 19.9 18.8 18.7 17.6 18.4 19.9 20 20.2 20.4 20.3 18.9 18.3 17.9 18 17.8 17.6 16.4 15.4 16.9 7.9 5 0.9 -1.4 -1.4 -1.4 -1.4 -1.4 -1.4 -1.4 -1.4 -1.4 -1.4 -1.4 -1.4 -1.4 -1.4 -1.4 -1.4 -1.4 -1.4 -1.4 -1.4
-1.4 -1.4 -1.4 -0.8 -0.5 0.1 0.6 0.9 1.1 1.1 1.5 2.4 3.5 4.4 5.9 7.3 11.6 12 12 12.2 12.4 13 13.3 13.7 14 14.3 14.5 14.4 14 14.4 14.9 15.9 16.8 17.2 18.6 18.9 21 24.1 26 25.9 25.4 24.5 24.2 24.4 22.8 21.5 19.8 16.8 19.2 19.1 18.8 18.8 18.3 18.1 18.1 18.1 17.9 18.2 18 17.7 16.5 15.3 7.4 2 0.2 -1.4 -1.4 -1.4 -1.4 -1.4 -1.4 -1.4 -1.4 -1.4 -1.4 -1.4 -1.4 -1.4 -1.4 -1.4 -1.4 -1.4 -1.4 -1.4 -1.4
-1.4 -0.9 -0.4 -0.1 0.3 0.8 1.4 1.8 2.5 2.3 2.9 4 4.3 6.1 7.6 13.3 12.9 12.6 12.8 12.9 13.1 13.3 13.7 14.2 14.5 14.9 15.4 15.9 15.7 16 16.2 17.2 18.2 18.2 20.1 22.2 26.2 29 28.7 28 27.2 26.5 25.7 24.2 23.4 23.1 21.4 18.2 18.5 18.3 18.1 18.1 18.3 18.4 18.3 18.2 18.1 18.2 18.4 18 18.2 10.7 4.5 1 -1.4 -1.4 -1.4 -1.4 -1.4 -1.4 -1.4 -1.4 -1.4 -1.4 -1.4 -1.4 -1.4 -1.4 -1.4 -1.4 -1.4 -1.4 -1.4 -1.4 -1.4
-1.4 -0.5 0 0.5 0.9 1.5 2.1 3.9 4 3.5 2.6 3.6 5.1 6.8 12.7 13.5 13.2 13.1 13.3 13.4 13.6 13.8 14.3 14.6 15 16.2 17 17.2 17.4 17.2 17.4 18.4 19.5 21.3 26.3 28.3 30.4 30.8 30.6 30.2 28.5 26.8 25.1 23.6 22.2 21.9 21.4 18.3 17.6 17.4 17.8 18.2 18.5 18.6 18.7 18.3 18.3 17.6 18.7 17.8 7.4 5.5 1.5 -0.2 -1.4 -1.4 -1.4 -1.4 -1.4 -1.4 -1.4 -1.4 -1.4 -1.4 -1.4 -1.4 -1.4 -1.4 -1.4 -1.4 -1.4 -1.4 -1.4 -1.4 -1.4
-0.6 -0.2 0.3 0.9 1.4 2 2.7 3.7 3.8 3.3 3 4.6 6.1 9.3 13.9 13.6 13.3 13.2 13.5 13.7 13.9 14.3 15.3 15.6 16.6 17.9 18.5 18.9 19.6 18.8 18.8 20.5 25.1 30.4 32.4 32.1 30.6 32.1 31.6 29.9 28 26.2 24.5 23.2 21.8 20.4 19.6 18 17.8 18 17.9 18.3 18.5 18.8 19 18.7 18.4 17.8 18.1 7.1 5.1 1.6 0.3 -1.4 -1.4 -1.4 -1.4 -1.4 -1.4 -1.4 -1.4 -1.4 -1.4 -1.4 -1.4 -1.4 -1.4 -1.4 -1.4 -1.4 -1.4 -1.4 -1.4 -1.4 -1.4
-0.2 0.2 0.6 1.1 1.7 2.2 3.3 3.6 3.5 3.2 4.1 5.6 7.2 14.1 14 13.8 13.5 13.4 13.7 13.9 14.2 15.2 16.2 17.2 18.6 20.4 21.2 21.5 22.2 21.9 23.6 29.5 31.5 32.8 33.3 32 30.4 30.6 31.3 29.4 27.5 25.7 23.8 22.9 21.5 19.8 18.8 18.2 17.9 18.6 18.4 18.4 18.6 18.9 19.2 19.1 18.6 18.1 7.7 4.8 1.3 0.3 -1.4 -1.4 -1.4 -1.4 -1.4 -1.4 -1.4 -1.4 -1.4 -1.4 -1.4 -1.4 -1.4 -1.4 -1.4 -1.4 -1.4 -1.4 -1.4 -1.4 -1.4 -1.4 -1.4
0.2 0.7 1.1 1.5 1.9 2.3 3 3.2 3.2 4.3 5.3 7 14.6 14.2 14.1 14 13.7 13.6 13.8 14.6 15.9 17.1 19.2 21.7 23.5 25.1 25.6 26.2 28 28.4 29.8 32 32.6 32.5 32.1 31 29.8 28.9 28.8 27.7 26 24.6 24.4 22.7 21 19.4 19 18.7 18.3 19.2 19.5 19 19.1 19.3 19.6 19.2 16.5 6.6 4.7 1.4 0.1 -1.4 -1.4 -1.4 -1.4 -1.4 -1.4 -1.4 -1.4 -1.4 -1.4 -1.4 -1.4 -1.4 -1.4 -1.4 -1.4 -1.4 -1.4 -1.4 -1.4 -1.4 -1.4 -1.4 -1.4
0.7 1.1 1.5 1.9 2.2 2.5 2.8 2.9 3.5 5.2 6.4 15 14.8 14.6 14.4 14.2 14.2 14.5 15.4 16.5 18 20.2 23.2 26.3 28.4 28.9 29.3 29.7 30.3 30.7 31 32.4 32.6 32.3 31.3 30.2 29.1 28.3 28 26.5 25.4 24.6 23.6 22.3 20 19.7 19.5 19.2 18.9 19.9 20.4 20.1 19.8 20.2 20.6 17.6 5.2 2 1.1 0.1 -1.4 -1.4 -1.4 -1.4 -1.4 -1.4 -1.4 -1.4 -1.4 -1.4 -1.4 -1.4 -1.4 -1.4 -1.4 -1.4 -1.4 -1.4 -1.4 -1.4 -1.4 -1.4 -1.4 -1.4 -1.4
1.1 1.5 2 3.2 3 2.8 3 3.2 5.1 7.3 14.7 15.6 15.1 14.7 14.4 14.4 15.5 16.4 17.3 19 21.4 24.6 27.7 30.3 31 31.4 31.4 31.3 31.3 31.3 31.7 32.5 32.4 31.4 30.4 29.5 28.4 27.6 27.3 26.3 24.9 24.1 22.8 21.4 20.8 20.4 19.9 19.7 20.1 20.7 21.1 21.1 21 22.4 21.9 8 4.3 1.3 0.2 -1.4 -1.4 -1.4 -1.4 -1.4 -1.4 -1.4 -1.4 -1.4 -1.4 -1.4 -1.4 -1.4 -1.4 -1.4 -1.4 -1.4 -1.4 -1.4 -1.4 -1.4 -1.4 -1.4 -1.4 -1.4 -1.4
1.5 2 2.4 3.1 3.2 3.2 3.6 5 7.3 14.4 15.6 16.4 15.6 14.7 14.5 15.4 16.7 18.2 20 23.1 26.2 29.1 31.1 32.4 33 32.8 32.6 32.4 32.5 32.5 32.5 32.2 32.1 31.2 30.2 29.4 27.8 26.9 26.4 25.5 24.4 23.2 22.6 21.9 21.7 22 21.6 21 21 22.3 21.9 21.9 22.8 23.9 16.6 5.4 1.7 0.5 -1.4 -1.4 -1.4 -1.4 -1.4 -1.4 -1.4 -1.4 -1.4 -1.4 -1.4 -1.4 -1.4 -1.4 -1.4 -1.4 -1.4 -1.4 -1.4 -1.4 -1.4 -1.4 -1.4 -1.4 -1.4 -1.4 -1.4
2 3 2.9 3.1 3.3 3.7 5.3 8.9 14.2 15.4 16.2 16.6 15.9 15 15.3 16.6 18.2 20.1 23.2 26.5 29.7 31.3 33.2 34.2 34.1 33.9 33.8 33.6 33.7 33.4 32.8 32.3 31.8 31.1 30 29.3 27.8 26.9 26.5 25.4 24.6 24 23.7 20.9 23.2 23.7 22.8 21.9 22.1 22.9 23.5 22.7 23.4 9.7 6.1 1.6 0.9 -0.3 -1.4 -1.4 -1.4 -1.4 -1.4 -1.4 -1.4 -1.4 -1.4 -1.4 -1.4 -1.4 -1.4 -1.4 -1.4 -1.4 -1.4 -1.4 -1.4 -1.4 -1.4 -1.4 -1.4 -1.4 -1.4 -1.4 -1.4
3 3.4 3.3 3.5 3.7 5.2 7.1 14.6 15.1 15.6 16.1 16.2 15.5 15.3 16.1 17.6 19.6 22.6 26.3 30.4 32.3 33.6 34.6 35.2 35.3 35.1 34.9 34.8 34.3 33.6 33.2 32.7 31.9 31.3 30.1 29.4 28.4 27.4 26.7 25.9 25.2 24.6 23 22.1 24.2 24.1 23.4 22.9 23.4 24 24.7 25 8.2 5.6 2 0.6 -0.2 -1.4 -1.4 -1.4 -1.4 -1.4 -1.4 -1.4 -1.4 -1.4 -1.4 -1.4 -1.4 -1.4 -1.4 -1.4 -1.4 -1.4 -1.4 -1.4 -1.4 -1.4 -1.4 -1.4 -1.4 -1.4 -1.4 -1.4 -1.4
3 3.5 3.6 4 4.6 6.8 15.2 14.7 15.1 15.6 15.8 15.8 15.4 16.1 16.8 18.4 21.3 24.5 29 33.8 34.6 34.8 35.3 35.9 36 35.4 35.3 35.2 34.5 33.8 33.6 33 31.6 30.8 30.8 29.9 29 27.8 26.6 26 25.4 25.1 23.1 23.4 24.8 24.7 24.6 24.1 24.7 25.8 26.9 25.9 6.4 4.4 1.1 -0.6 -1.4 -1.4 -1.4 -1.4 -1.4 -1.4 -1.4 -1.4 -1.4 -1.4 -1.4 -1.4 -1.4 -1.4 -1.4 -1.4 -1.4 -1.4 -1.4 -1.4 -1.4 -1.4 -1.4 -1.4 -1.4 -1.4 -1.4 -1.4 -1.4
3.1 3.6 4 4.7 5.8 14 14.9 14.8 15.1 15.2 15.3 15.4 16.3 17 17.8 20.3 23.3 26.4 30.8 33.7 35.9 35.5 36.3 36.8 36.3 35.9 35.6 35 34.5 34.1 34 32.7 31.2 30.2 30.2 29.3 28.3 27.3 26.1 25.3 25.3 25.3 22.5 24.5 24.3 24.3 24.4 24.6 25.3 26.3 28.2 18.2 4.4 1.4 0.3 -1.4 -1.4 -1.4 -1.4 -1.4 -1.4 -1.4 -1.4 -1.4 -1.4 -1.4 -1.4 -1.4 -1.4 -1.4 -1.4 -1.4 -1.4 -1.4 -1.4 -1.4 -1.4 -1.4 -1.4 -1.4 -1.4 -1.4 -1.4 -1.4 -1.4
3.8 3.8 4.9 6.5 8.2 13.8 13.7 12.3 14.6 14.8 15.2 16 17 18.1 19.1 19.9 23.9 28.2 30.4 32.2 36.4 36.3 37 36.9 36.8 36.4 35.9 34.9 33.8 35.3 33 31.9 30.9 29.7 28.9 28 27 26.1 25.6 25.2 24.7 23.6 22.2 23.3 24.1 24.6 24.8 24.6 25.5 26.7 12.6 4.1 1.4 0.3 -1.4 -1.4 -1.4 -1.4 -1.4 -1.4 -1.4 -1.4 -1.4 -1.4 -1.4 -1.4 -1.4 -1.4 -1.4 -1.4 -1.4 -1.4 -1.4 -1.4 -1.4 -1.4 -1.4 -1.4 -1.4 -1.4 -1.4 -1.4 -1.4 -1.4 -1.4
4.9 5 6.3 8 14.7 15.2 14.9 15.2 14.8 15 15.5 16.5 17.6 18.7 19.9 21.1 25.1 28.3 29.3 30.6 33.9 37 36.5 36.5 36.5 36.1 35.6 35.4 34.3 34.9 33.4 29.8 29.2 29 27.9 26.7 26.1 26.1 25.3 25 23.6 22.2 22.7 23 24.8 25 24.4 24.9 25.8 19.8 5.5 1.5 0.4 -1.4 -1.4 -1.4 -1.4 -1.4 -1.4 -1.4 -1.4 -1.4 -1.4 -1.4 -1.4 -1.4 -1.4 -1.4 -1.4 -1.4 -1.4 -1.4 -1.4 -1.4 -1.4 -1.4 -1.4 -1.4 -1.4 -1.4 -1.4 -1.4 -1.4 -1.4 -1.4
6 6.4 8.1 15.2 15.4 15.8 15.9 16 16 15.9 15.8 17.4 18.9 20.1 21.3 22.5 26.2 27.2 28.2 29.2 32 36 35.4 34.6 34 34.2 33.9 33.3 33.1 32.6 32.7 29.1 28 27.9 26.9 25.8 25.4 24.9 24.3 24.5 23.2 22.7 22.8 23.2 24.3 24.7 24.6 25.4 24 6.9 1.9 0.7 -1.4 -1.4 -1.4 -1.4 -1.4 -1.4 -1.4 -1.4 -1.4 -1.4 -1.4 -1.4 -1.4 -1.4 -1.4 -1.4 -1.4 -1.4 -1.4 -1.4 -1.4 -1.4 -1.4 -1.4 -1.4 -1.4 -1.4 -1.4 -1.4 -1.4 -1.4 -1.4 -1.4
6.8 10.5 11.9 15.8 16.2 16.6 16.9 17 16.5 16 16.1 16.8 18.5 20.3 22.1 23.8 25.3 26.4 27.3 28.1 30.2 33.3 32.5 31.8 32 32.2 32.1 31.2 30.2 29.9 33.1 27.2 26.3 27.4 26.1 25.1 24.6 25.5 25 23.5 23.5 23.4 23 23.4 24.7 25 25.7 27.1 9.4 3.7 1 -0.2 -1.4 -1.4 -1.4 -1.4 -1.4 -1.4 -1.4 -1.4 -1.4 -1.4 -1.4 -1.4 -1.4 -1.4 -1.4 -1.4 -1.4 -1.4 -1.4 -1.4 -1.4 -1.4 -1.4 -1.4 -1.4 -1.4 -1.4 -1.4 -1.4 -1.4 -1.4 -1.4 -1.4
12.6 15.7 16.2 16.3 17.1 17.5 17.1 16.5 16.5 16.4 16.3 17 17.8 19.6 21.4 23.3 25.1 25.6 26.6 27.7 27.5 30.9 29.7 29.9 30.1 30.3 30.1 29.3 28.7 27.4 33.2 25.3 24.3 25.2 24.8 24.4 24.2 25.7 24.5 23.5 24.6 24.6 23.9 24.7 25.8 26.4 27 21.6 6.3 1.4 0 -1.4 -1.4 -1.4 -1.4 -1.4 -1.4 -1.4 -1.4 -1.4 -1.4 -1.4 -1.4 -1.4 -1.4 -1.4 -1.4 -1.4 -1.4 -1.4 -1.4 -1.4 -1.4 -1.4 -1.4 -1.4 -1.4 -1.4 -1.4 -1.4 -1.4 -1.4 -1.4 -1.4 -1.4
16.8 17.3 17.2 17.4 17.4 17 16.8 16.6 16.8 16.8 16.7 17.3 18 18.9 20.7 23.4 25.2 25.8 26.5 26.1 25.8 29.5 27 27.6 28.1 28.7 28.7 28.6 27.5 26.4 28.6 25.5 23.5 25 24.9 23.8 23.9 25.6 24.6 24.5 25.8 25.6 25.2 26.1 27.6 28.1 28.8 9.5 4.2 0.8 -0.8 -1.4 -1.4 -1.4 -1.4 -1.4 -1.4 -1.4 -1.4 -1.4 -1.4 -1.4 -1.4 -1.4 -1.4 -1.4 -1.4 -1.4 -1.4 -1.4 -1.4 -1.4 -1.4 -1.4 -1.4 -1.4 -1.4 -1.4 -1.4 -1.4 -1.4 -1.4 -1.4 -1.4 -1.4
17 17.5 17.5 17.7 17.7 17.3 16.9 16.6 16.8 17.1 17 17.5 18.1 18.8 20.7 23.1 25.6 25.8 25.9 25.7 25.7 26.5 26.2 26.1 26.6 27.4 28.6 27.5 26.4 25.4 25.8 25 23.9 24.5 26.2 23.9 23.8 25.4 25.1 25.2 26.4 26.6 26.8 28.2 29.4 30 19.4 5.4 2 0.7 -1.1 -1.4 -1.4 -1.4 -1.4 -1.4 -1.4 -1.4 -1.4 -1.4 -1.4 -1.4 -1.4 -1.4 -1.4 -1.4 -1.4 -1.4 -1.4 -1.4 -1.4 -1.4 -1.4 -1.4 -1.4 -1.4 -1.4 -1.4 -1.4 -1.4 -1.4 -1.4 -1.4 -1.4 -1.4
17.7 17.6 17.8 18 18 17.6 17.2 16.7 16.6 17 17.4 17.6 17.9 18.7 19.9 22.8 24.8 25.5 25.8 26.2 26.2 25.6 25.8 26.6 26 26.5 29 25.6 25 24.6 26 26.3 24.5 25.1 26.6 25.2 25.9 27.5 26.1 26.3 27 28.2 27.8 29.9 30.6 30.8 7.4 2.9 1.6 -1.4 -1.4 -1.4 -1.4 -1.4 -1.4 -1.4 -1.4 -1.4 -1.4 -1.4 -1.4 -1.4 -1.4 -1.4 -1.4 -1.4 -1.4 -1.4 -1.4 -1.4 -1.4 -1.4 -1.4 -1.4 -1.4 -1.4 -1.4 -1.4 -1.4 -1.4 -1.4 -1.4 -1.4 -1.4 -1.4
18.7 19.2 18.1 18.4 18.3 17.9 17.5 17 16.7 17.1 17.3 17.5 17.8 18.6 19.8 22.8 24.2 25.3 25.4 25.3 26.5 25.6 25.9 26.3 26.9 26.4 29 25.5 24.8 24.8 26 30 25.8 27.8 26.7 26.7 28 29.6 28.5 28.5 28.9 30.5 29.9 31.9 32.3 18.4 5.4 2 0.4 -1.4 -1.4 -1.4 -1.4 -1.4 -1.4 -1.4 -1.4 -1.4 -1.4 -1.4 -1.4 -1.4 -1.4 -1.4 -1.4 -1.4 -1.4 -1.4 -1.4 -1.4 -1.4 -1.4 -1.4 -1.4 -1.4 -1.4 -1.4 -1.4 -1.4 -1.4 -1.4 -1.4 -1.4 -1.4 -1.4
19.5 19.3 18.8 18.5 18.6 18.3 18.1 18 17.3 17.7 18.4 18.8 19 19 20.4 22.6 23.7 24.3 24.8 24.9 26.9 25.8 26.2 26.2 27.4 26.4 26.5 27 25.3 25.3 26.2 28 27.9 28.6 28.3 28.7 30.4 31.7 32.1 31.7 32.1 33.4 32.5 33.8 34 8.6 4.9 1.3 0 -1.4 -1.4 -1.4 -1.4 -1.4 -1.4 -1.4 -1.4 -1.4 -1.4 -1.4 -1.4 -1.4 -1.4 -1.4 -1.4 -1.4 -1.4 -1.4 -1.4 -1.4 -1.4 -1.4 -1.4 -1.4 -1.4 -1.4 -1.4 -1.4 -1.4 -1.4 -1.4 -1.4 -1.4 -1.4 -1.4
19.5 19.1 18.7 18.7 19.1 19.3 19.2 18.1 18 18.4 18.9 19.6 20.3 19.8 21.9 23.9 24.3 24.5 24.1 24.8 26.9 25.8 27.1 27.5 27.4 26.7 27.4 29.1 26.9 27 27.5 28.2 32.9 29.8 29.9 30.8 33.2 35.3 34 34.2 35.4 36.2 35.4 36.6 36.8 9.2 3.8 0.7 -1.4 -1.4 -1.4 -1.4 -1.4 -1.4 -1.4 -1.4 -1.4 -1.4 -1.4 -1.4 -1.4 -1.4 -1.4 -1.4 -1.4 -1.4 -1.4 -1.4 -1.4 -1.4 -1.4 -1.4 -1.4 -1.4 -1.4 -1.4 -1.4 -1.4 -1.4 -1.4 -1.4 -1.4 -1.4 -1.4 -1.4
19.7 19.5 20 20 19.4 19.1 19.4 18.9 18.7 19 19.4 20.1 20.8 22.2 24.1 25.2 25.5 25.8 24.7 24.4 26.6 26.1 28.2 27.5 27.6 28.2 29.9 30.7 29.2 29.5 29.8 30 34.6 31.9 31.9 32.1 35.4 38.6 36.2 36.4 37.1 37.9 37.4 38 32.3 6.2 1.9 0.4 -1.4 -1.4 -1.4 -1.4 -1.4 -1.4 -1.4 -1.4 -1.4 -1.4 -1.4 -1.4 -1.4 -1.4 -1.4 -1.4 -1.4 -1.4 -1.4 -1.4 -1.4 -1.4 -1.4 -1.4 -1.4 -1.4 -1.4 -1.4 -1.4 -1.4 -1.4 -1.4 -1.4 -1.4 -1.4 -1.4 -1.4
20.9 21 21.4 21.2 20.7 20.8 20.6 20.1 19.2 19.6 20 20.7 21.8 24.6 25 25.7 26.4 27 26.4 25.3 27.5 27.2 28.9 28.6 29.1 29.8 31.1 32.1 32.2 32 31.5 32.7 34.5 34.4 33.1 34 37.6 39.8 38.4 38.4 39.1 40.4 38.5 39 8.8 3.4 0.9 -1.4 -1.4 -1.4 -1.4 -1.4 -1.4 -1.4 -1.4 -1.4 -1.4 -1.4 -1.4 -1.4 -1.4 -1.4 -1.4 -1.4 -1.4 -1.4 -1.4 -1.4 -1.4 -1.4 -1.4 -1.4 -1.4 -1.4 -1.4 -1.4 -1.4 -1.4 -1.4 -1.4 -1.4 -1.4 -1.4 -1.4 -1.4
21.9 22.3 22.4 22.1 22.3 21.8 21.5 20.7 20.6 20.5 21.2 23.4 24.8 25.7 26.3 27 29 27.5 28.6 28.2 29.1 28.2 29.4 29.7 30.5 31.2 32.1 33.7 33.5 33.3 33.5 34.1 35.2 37.4 34.2 34.9 38.8 41.1 39.7 40.3 40.4 41.5 39.7 24.3 4.6 1.5 -1.4 -1.4 -1.4 -1.4 -1.4 -1.4 -1.4 -1.4 -1.4 -1.4 -1.4 -1.4 -1.4 -1.4 -1.4 -1.4 -1.4 -1.4 -1.4 -1.4 -1.4 -1.4 -1.4 -1.4 -1.4 -1.4 -1.4 -1.4 -1.4 -1.4 -1.4 -1.4 -1.4 -1.4 -1.4 -1.4 -1.4 -1.4 -1.4
23.1 23.4 22.9 22.3 22.5 21.8 22.1 22.6 23.2 22.7 24.3 24.9 25.5 26.7 27.7 28.7 32.3 28.7 28.2 29.7 32.6 29.5 29.6 30.2 31.2 32 32.7 33.8 34.6 35 35.1 35.4 35.8 38 35.5 36.5 38.9 39.8 41 40.8 41 42.1 25.6 5.2 1.4 -1.4 -1.4 -1.4 -1.4 -1.4 -1.4 -1.4 -1.4 -1.4 -1.4 -1.4 -1.4 -1.4 -1.4 -1.4 -1.4 -1.4 -1.4 -1.4 -1.4 -1.4 -1.4 -1.4 -1.4 -1.4 -1.4 -1.4 -1.4 -1.4 -1.4 -1.4 -1.4 -1.4 -1.4 -1.4 -1.4 -1.4 -1.4 -1.4 -1.4
24.4 23.9 23.3 22.8 22.7 23.1 23.9 24.3 24.9 25.5 25.8 26.2 26.7 27.8 28.7 29.7 33.2 30.5 29.6 30.3 33.3 30.8 30 30.8 31.7 32.6 32.9 33.2 34 34.7 35.6 35.8 35.9 37.2 36.7 37.1 39.3 41 42.2 42.1 41.1 31.9 5.9 1.7 -1.4 -1.4 -1.4 -1.4 -1.4 -1.4 -1.4 -1.4 -1.4 -1.4 -1.4 -1.4 -1.4 -1.4 -1.4 -1.4 -1.4 -1.4 -1.4 -1.4 -1.4 -1.4 -1.4 -1.4 -1.4 -1.4 -1.4 -1.4 -1.4 -1.4 -1.4 -1.4 -1.4 -1.4 -1.4 -1.4 -1.4 -1.4 -1.4 -1.4 -1.4
24.6 24.2 23.7 23.8 24 24.5 25.3 26.1 26.5 27.2 28.1 28.5 28.4 30.3 31.2 31.5 31.8 31.5 31.5 31.5 32.4 32.3 31.2 30.8 31.5 31.9 34.1 32.7 32.9 33.6 34.8 35.8 35.7 37.3 37.9 38.1 39.4 41.3 44.3 42 40.7 9.2 3 0.3 -1.4 -1.4 -1.4 -1.4 -1.4 -1.4 -1.4 -1.4 -1.4 -1.4 -1.4 -1.4 -1.4 -1.4 -1.4 -1.4 -1.4 -1.4 -1.4 -1.4 -1.4 -1.4 -1.4 -1.4 -1.4 -1.4 -1.4 -1.4 -1.4 -1.4 -1.4 -1.4 -1.4 -1.4 -1.4 -1.4 -1.4 -1.4 -1.4 -1.4 -1.4
25.1 24.6 24.7 25 25.4 25.8 26.9 27.3 28 28.7 29 30 30.7 31.4 32.5 32.3 32.5 32.2 31.9 31.1 31.7 34.5 31.6 30.7 30.6 31.4 34.5 32.6 32.8 33.8 34.3 35.6 35.4 37.6 39.2 39.4 40.6 41.6 44.8 41.5 8.5 1.9 0.3 -1.4 -1.4 -1.4 -1.4 -1.4 -1.4 -1.4 -1.4 -1.4 -1.4 -1.4 -1.4 -1.4 -1.4 -1.4 -1.4 -1.4 -1.4 -1.4 -1.4 -1.4 -1.4 -1.4 -1.4 -1.4 -1.4 -1.4 -1.4 -1.4 -1.4 -1.4 -1.4 -1.4 -1.4 -1.4 -1.4 -1.4 -1.4 -1.4 -1.4 -1.4 -1.4
