data/NJ34.asc
ncols 200
nrows 200
xllcorner 330000
yllcorner 840000
cellsize 50
[rows 105 to 139 of 200, columns 78 to 155 of 200]
331.3 332.2 333.1 334.1 333.1 331.9 331.5 329.6 327.7 325.3 322 318.4 315.3 311.4 306.4 301.5 296.7 291.8 286 280.3 275.4 271.8 268.7 261.9 257.2 265.1 268.6 270.4 272.7 275.2 277.2 278.4 279.2 278 276.2 274.1 271.6 269.6 266.5 262.7 258.9 255.2 251.4 247.1 243 234.5 245.9 253.4 258.5 262.4 265.5 268.3 266.2 260.8 256.5 251.9 247.4 242.1 236.6 232.5 227.2 222.4 220.8 220.5 220.3 218.9 216.4 212.5 208.1 203.9 199 194.2 189.2 184.8 181.3 178.5 176.1 173
331 333.2 334.1 333.7 332.4 331.6 331.3 330.1 328.2 325.9 322.1 318.3 315.1 310.1 305.1 300.1 294.4 288.6 282.9 276.7 271.5 268.1 264.4 259.9 251.4 258.5 265 268.5 271.3 273.9 276.7 278.9 279.4 279.1 277.7 275.5 273.2 270 265.6 261.8 257.9 254.1 250.5 246.6 242.3 233 237.3 249.7 254.9 255.3 257.3 258.1 256.7 255.5 252.5 248.7 244.3 239.8 235.4 230.5 225.6 219.2 216.6 216.3 216.1 214.4 212.4 209 205.2 201.8 198.1 192.9 188.7 183.5 180.7 178 175 171.7
329.6 333.3 333.8 332.8 331.5 330.7 330.5 329.9 328.4 325.8 322.1 318.3 313.6 308.7 303 297.3 291.2 285.5 279.7 273.7 267.9 264.1 260 256.1 252.1 250.6 260.5 265.9 269.2 272.7 275.8 278.7 279.4 279.1 277.7 275.8 272.9 269.3 263.9 260.4 256.5 252.9 250.2 247 242.1 235.6 226.6 241.2 244.6 247.2 248.4 249.6 250.6 250 247.4 243.9 240.1 235.9 232 226.6 222.2 217.1 216.1 214.6 212.6 210.8 208.7 206 202.7 199.3 195.7 192 187.4 182.2 179.4 176.9 173.5 172.4
326.3 330.4 331 331.8 330.5 329.8 329.6 329.5 327.1 324.4 320.6 316 311.1 305.4 300 294.3 288.8 282.4 276.6 270.9 265.9 261.3 256.7 253.3 251.5 241.9 253.7 262.5 267.2 271.3 274.6 277.7 279 278.8 277.5 275.4 271.3 267.4 261.8 258.3 255.3 252.7 250 247.1 242.5 236.6 229.4 222.7 227.6 231 234.4 239.1 242.8 243.4 242 237.7 234.7 230.5 227.3 224.2 219.7 216.4 214.5 213.2 210.8 208.6 205.8 203.6 199.6 196.9 192.8 189 185.3 182 178.7 175.8 175.2 176
323.2 327.5 328.2 329 329.5 329 328.8 327.4 325.6 322.1 317.8 313.4 308.1 302 296.8 291.3 285.8 280.3 274 269.1 264.2 259.3 254.5 250.2 248.4 242 248.7 258.5 265.3 269.3 273.1 276.6 278.4 278.4 277.1 274.2 270.1 264.7 259.5 256.1 253.7 251.8 249.5 246.5 241.5 236.5 231.8 227.9 226 216.2 220.2 225.5 230.8 234.2 234.4 230.4 228.2 226.3 223.3 220.5 218 215.4 213.4 211.5 209.4 207.2 205.1 202 198.5 193.7 189.4 186.1 183.3 181.3 179.4 176.1 178.1 178.5
320 324.5 325.3 326.2 327.1 327.5 327 325.4 323.5 319.7 315.3 310.8 304.4 298.7 293.5 288.3 283.7 277.9 272.4 267.3 262.3 257.1 252.3 248.3 244.7 241 246.3 254.2 262.2 266.5 270.6 274.2 277.3 276.7 275.4 272.6 268 262.4 257 254.6 252.3 250.4 248.7 245.6 241.5 237 232.6 228.3 224.2 220.8 218.8 215.3 210.4 215.1 220.4 222.4 222.3 221.5 218.9 216.4 215.2 213.2 211.3 209.9 208 205.7 203 199.9 198.5 194.7 188.3 184.7 182.5 180.6 179 178.9 180 178.9
318.2 321.3 322.6 323.6 324.6 325.3 324.5 323.2 320.9 317.5 313 308.1 300.9 295 289.9 285.4 281.1 275.6 269.7 264.7 259.5 254.7 250.2 246.6 243.2 240.4 239.4 248.5 256.4 262.6 268.1 271.5 274.5 273.8 272.6 269.9 265.2 259.3 256.7 254.3 251.7 250.1 248.5 246 242.3 238.6 235.5 231.4 226.8 224.4 222.2 219.9 216.1 207.3 206.3 206.5 212.6 214.8 213.9 212.6 212.2 210.9 209.4 208.1 206.6 204.3 201.4 198.3 195.5 191.1 187.3 183.6 181.8 180.1 178.9 180.3 180.8 177.8
316.4 318.2 319.9 321 322.2 323.2 322 320.5 318.5 315.2 310.7 305.3 298.9 293.5 288.4 283.9 279.1 273.7 268.3 264 259.3 254.4 249.8 246.3 243.1 238.9 234.2 240.3 249.4 258.3 264.5 268.3 270.1 270.1 268.7 266.6 262.8 259.6 257.7 256.5 255.1 253.2 250.9 248.8 246.2 242.8 239.2 234.9 231 226.9 224 220.8 217.5 214.7 209.7 205 197.7 203.3 208.8 208.8 208.8 208.9 207.6 206.3 205 201.8 199.5 197.2 192.9 187 184.7 182.5 180.8 179.1 178.1 180.5 180.8 175.8
312.9 314.7 316.5 318.2 319.3 320.2 319.3 317.8 316.2 312.7 308.5 302.9 297.7 292.4 288 283.5 278.4 272.5 267.7 263.8 260.1 255.6 251.3 248 245.1 241.2 239.2 232.9 243.4 254.4 259.3 263.1 265.2 266.3 265.8 264.4 262.7 260.5 260.1 259.3 258.2 256.7 254.4 252.1 249.9 246.5 243 239.1 235 230.4 226.3 222.2 218.7 215.3 212.3 208.3 203.9 193.4 198.1 205.6 206 206.3 205.3 204.4 202.1 199.6 196.9 192.6 188.2 185.1 182.9 180.6 179.2 177.8 175.7 177.2 176 171.9
308.9 311.2 313 314.8 316.3 316.9 316.5 315 313.5 310.1 306.2 301.2 296 291.5 287.4 283.2 277.5 271.7 267.4 263.3 259.9 256.4 252.9 249.5 245.8 242.5 239.2 233.5 234.2 248.3 254.1 258.6 260.6 262.4 263.3 262.3 262.7 262.2 262.6 262 261 260 258.1 255.9 253.7 249.3 245.7 242 237.3 232.8 228.5 224 219.6 215.5 211.4 207.7 204 199.2 193.5 199.6 203 203.7 203 201.2 199.7 196.7 193.4 189.4 186.5 184.1 181.7 178.9 177.4 176.2 173.2 173.2 169.4 160.8
304.6 307 309.5 311.3 312.4 313.7 314.4 313.2 311.6 308.1 304.2 299.1 294.3 289.9 286.1 281.8 276.4 271.5 267 262.9 259.2 255.5 252 248.2 245.3 242.6 237.6 233.7 230.9 243.2 248.8 253.7 256.4 259.1 260.2 260.2 261.1 263.3 264.6 264.8 264.1 263.2 261.8 260.3 257.6 252.5 247.2 242.9 237.8 232.9 228.3 223.7 219.1 215 211 206.9 202.8 200.3 191.8 188.8 196.2 199.4 200 199 196.7 193.4 190 187.3 185 182.8 180.2 176.6 176.1 174.3 173.1 163.2 160.8 160.2
300.3 302.6 305.2 307.5 309.9 310.6 311.3 311.6 309.5 305.9 302.2 297.4 292.7 288.4 283.9 279 275.3 270.9 266.6 262.4 258.5 254.6 250.9 247.1 242.9 237 232.2 232.1 225.9 236.9 243.6 246.8 247.7 251.5 255.9 257.3 259.8 262.7 264.6 266 266.5 265.9 264.8 262.8 258.8 253.6 248.5 242.9 237.3 231.9 227.2 222.4 217.3 213.1 209.6 205.8 202.5 199.7 196.9 192.7 181.1 192.6 197.1 196.5 193.6 190.6 188.3 186.3 183.8 181 176.9 173.3 172.9 170.4 166.2 161 160.4 159.7
295.7 298.3 301 304.6 308 308.7 308.8 308.9 307.3 303.8 300.2 295.6 291 286.8 282 277.7 274.1 270.2 265.9 260.3 255.9 252.4 249.3 246 244.9 243.2 241.7 238.7 226.7 226 231.6 238.2 242.2 244.1 248.7 253.8 257.2 261.8 264.9 266.2 267.5 267.7 266.4 263.5 259.2 253.8 247.8 242.1 236.2 230.7 225.6 220.6 215.5 211.5 207.9 204.6 201.8 199.3 196.3 192.9 190.1 183.2 192 191.6 188.5 188 187.2 184.9 181.4 177.8 173.6 168.6 165.2 163.5 160.5 160.8 161.6 167
292.1 294.7 297.9 301.3 304.7 308.1 308.9 307.9 305.2 301.9 298.3 294 289.8 285.7 281.6 277.7 273.6 269.3 265.2 262.1 259.2 257.3 254.2 251.4 248.9 246.8 245 242.2 236.7 226.4 222.1 223.1 230.8 237.2 242.3 247.6 254.7 260.6 264.7 266.5 267.5 268.8 267.7 264.6 259.3 252.4 245.7 239.4 233.2 227.5 222.4 217.5 212.5 208.6 205.5 202.4 199.3 196.4 193.5 190.2 188.1 179.3 187.3 188.2 186.4 187.4 183.1 180.9 177.6 174.5 168.7 165.3 163.6 162.1 160.8 161.5 162.7 173.8
289.1 291.6 294.7 297.9 301.3 304.6 306.8 305.7 302.9 299.4 295.9 292.2 288.2 283.9 281.1 278.2 274.7 271.1 268.5 266.1 263.5 261.4 258.6 256.1 253.6 251 248.5 246.4 242.6 235.3 227.5 220 218.8 222.3 226 244 250.3 255.5 261.4 263.5 266 269 268.6 263.2 255.7 248.6 241.8 235.9 230 224.2 218.9 213.8 209.1 203.9 201.1 197.9 195.7 193.2 190.5 187.7 184.2 182.4 171 181.7 182.1 180.8 177.5 175.6 172.7 169.3 163.9 163.1 162.5 161.1 162.1 162.1 169.1 182.4
285.1 287.7 290.5 294.5 297.6 300.6 303.2 302.4 299.1 295.8 293 289.8 284.8 281.2 280.8 278.8 276.3 274.4 272.2 270 267.6 265.2 262.8 260.8 258.4 256.1 253.4 250.5 246.6 241.4 235.2 229.8 221.5 212.1 217 235.2 244.1 249.3 253.1 255 260.9 265.8 265.4 257.6 250.2 243.2 237.5 231.7 225.9 220.5 215.1 209.4 203.2 196.8 190.8 190.7 190.1 188.2 186.1 181.4 169.6 170.2 168 166.1 165.6 164.6 168.2 168.1 165.3 162.8 161.8 161.5 162.1 162.6 162.8 162.7 175.3 190.6
281.4 284.1 286.7 289.5 293.5 295.7 298.1 297.2 293.7 291.7 289 285.9 284.9 283.4 282.1 279.8 279.2 277.7 275.7 273.6 271.2 268.6 266.5 264.6 262.7 260.2 257.2 254.3 250.8 246.6 242.4 237.3 231.5 221.6 209.3 218.9 230.9 239.2 242.6 245 251.8 257.3 257.7 251.1 244.2 237.6 232.5 227.4 221.6 216.3 209.9 202.3 193.4 184.6 180.5 180.2 183.8 181.7 175.9 168 166.8 165.9 166.7 166.1 164.6 165 163.9 163.4 162.9 162.8 162.8 162.8 163.2 162.9 163.2 169.3 189.2 195.4
277.9 280.1 282.4 284.6 287.4 289.6 292 290.2 288.8 287.4 286.2 284.8 284.4 284.8 284.4 282.9 282.6 281.1 279 276.9 274.3 272.2 270.5 268.1 265.9 263 260 256.7 253.4 249.8 245.6 241.2 236 229.7 218.9 205.4 209.6 224.4 231.6 234.8 240.2 245.6 248.4 242.5 237.2 232 227.3 222.6 217.2 210.6 202.1 192.8 182.4 176.9 173.6 171.2 172.4 168.2 167.2 167.2 168.4 173.5 174.6 174.6 168.4 165 164.1 163.9 163.5 163.1 163.3 163.7 163.9 163.8 167.6 179.5 192.2 197.6
274.2 276.4 278.2 277.8 280.4 282 283.7 283.8 282.9 282.8 281.3 283.7 285 285.4 285.6 285.9 285.6 284.2 282.2 280.2 278.6 276.6 275.1 271.5 268.6 265.7 262.7 259.1 255.5 251.7 247.2 242.5 238.2 233 226.1 218.3 206 208.8 216.1 223 228.1 233.9 236.2 233.8 230.3 225.8 221.3 216.6 211.3 203.3 192.4 182.4 174.9 171.7 168.5 168.4 167.5 168.5 169.6 172.1 179.8 181.4 179.2 179.1 178 176.4 171.2 165.6 165.5 165 164.9 164.3 166.4 171.3 177.5 185.8 194.7 198.1
270.9 272.5 272.5 272 273.4 274.8 276.3 277.1 278 278.9 280.2 282.4 284.6 286.6 288.3 288.7 288.6 287.2 285.2 284 283.3 280.8 279.7 276.2 272.3 268.4 265.2 261.6 257.4 252.9 247.8 244 239.7 233.6 226.8 219.5 216.6 210.5 202.4 205.1 212.6 219.7 224.9 226.1 222.3 218 214.2 209.4 203.6 193.2 181.4 174.2 170.8 169.6 169.3 168.4 170.6 178.1 184 187.8 186.2 185.1 184.8 183 181.1 177.3 174.2 175 174.9 174.4 171.1 169.7 165.4 175.6 184.8 192 197 197.8
267 267.2 267.1 265.9 266.3 267.8 269.7 271.1 272.6 273.6 278.7 280.2 285.4 289 290.7 291.1 291.5 291 290.5 290 289.4 287.4 284.5 281.4 277.4 273.1 268.6 264.5 259.1 253.5 248.6 244.7 240.5 234 229.9 225.3 221.2 216 210.5 206.6 197.6 200.1 212.8 216.5 214 209.3 205.3 200.6 190.9 181.5 170.7 170.6 170.6 169.9 169.2 175.8 186.5 189.9 191.7 191.5 190 188.6 186.6 184.7 182.5 181.1 180.1 180.8 181.5 178.7 177.5 173.4 165.5 182.1 191.7 197.1 198.3 198.2
262.5 262.1 259.9 257.2 258.9 261 263.3 264.9 268.5 275.3 279.6 282.8 287.6 291.5 292.6 292.9 293.7 294.3 294.8 294.6 294.3 292.2 289.1 285.3 281.9 277.2 272.2 265.7 259.5 254.1 249.2 243.6 240.9 236.4 234.1 229.6 225.5 221.1 216.3 211.3 207 199.8 184.5 192.4 198.3 196.7 192.5 182.7 172.7 171.9 171.4 171.1 170.8 170.9 180.1 190.5 194.6 195.3 195.6 194.1 192 190.1 188.2 186.4 185.9 184.7 183.8 183.8 183 181.5 179.9 171.2 166.1 187.1 195.5 198.5 199.1 198.6
256.5 253.2 248.9 250.1 251.8 255.4 258.3 264 269.6 274.4 275.9 283.7 289.4 293.2 294.4 295.2 296.1 296.8 297.2 297.8 297.9 295.7 292.6 288.1 283.8 278.9 272.7 266.2 259.8 255.6 251.3 248.5 243.8 240.9 237.4 233.7 229.5 226.4 221.5 215.6 211.7 206.5 201.4 192.8 177.8 176.9 174.5 174.8 173.5 172.8 172.6 172.1 179.7 187.3 196.1 199.1 199.6 199.3 198.2 196.3 193.6 191.6 189.5 189.5 188.6 188 187.1 186.8 185.2 182.9 179.3 167.4 173.7 193.3 198.2 199.8 199.4 199
246 237 241.4 246.7 250 253.3 257.7 262.3 267.5 271.3 278.5 284.7 290.6 295.1 296.8 297.6 298.4 299.3 300.8 302.2 300.9 298.5 294.4 290.1 284.6 279 273.1 267.5 262.2 257.8 253.5 250.3 246.3 243 239.1 234.9 231.3 228.1 225.2 220.3 214.1 207.3 202.7 197 182.4 178 176.5 175.4 174.5 174.2 178.5 182.2 189.9 199.3 205.4 204.2 203.4 202.2 200.5 198.4 195.7 193 192.4 191.1 190.9 190.4 189.2 189.1 186.6 183.5 175.6 167.4 180.2 195.6 198.8 200.4 200.6 200.3
228.7 237.3 243 248.2 252.9 257.1 259.9 262.3 267.4 274.7 281.7 286.7 292.5 296.7 298.5 300 300.8 303.1 304.8 304.3 302.6 299.6 295.4 290.2 285.1 279.7 274.5 269.5 264.5 260 255.2 251.4 247.5 243.3 238.6 234.1 230.1 226.2 221.3 215.6 206.9 198.2 187.8 176.4 176.4 177.1 176.9 180.9 182 183.2 186.7 193.1 200.8 207.2 206.9 206.9 206.6 204.6 202.2 198.9 196.8 195.6 193.9 192.6 191.5 191.3 190.3 189.1 188 183 170.1 177.7 185.5 189 196.9 201.2 201.3 202.6
234.2 240.2 245.2 249.5 254.2 258 260.9 265.5 271.1 278.2 283.5 288.7 294.1 297.6 299.8 301.9 303.7 306.6 308.1 306.7 304 300.5 295.1 290 285.3 280 275.6 271.3 266.8 261.1 255.8 251.6 246.5 241.2 236.5 231.6 226.2 221.2 213.2 204.5 190.1 177.8 176.4 176.4 176.4 178.7 188.8 189.6 190.8 193.6 197.3 202.7 207.4 209.2 209.3 208.8 208 205.8 202.9 200.2 199.8 198.2 196.6 194.9 193.1 191.9 190.8 189.2 187.5 183 173.6 185.2 194.9 197.4 194 201.3 203 204.7
235.8 242.7 246.9 251 255.3 259 264.6 270.3 275.9 281.8 286.1 290.5 295.1 298.5 300.8 303.8 307.5 310.4 312.1 309.8 305.6 300.5 294.7 290.3 285.5 280.4 276.5 272.4 267.8 261.1 255.1 250 244.4 239.3 233 227.3 220.6 213.6 201.7 188.3 176.4 176.4 176.4 176.4 184.2 196.3 198.1 197.8 200.4 203.5 207.2 210.3 211 212 212.3 211 208.6 206 203.8 201.9 200.5 199 197.4 195.8 194.3 192.6 190.6 188.8 187 183.9 173.8 188.5 198.1 200.9 200.9 197.4 203.6 206.3
242.2 245.2 249.4 252.8 257.4 263.5 269.9 275 280.6 286 289.8 293.5 297 300.8 303.6 306.9 310.6 313.3 313.2 309.8 305.2 300 295 291.3 287.3 282.1 277 272.9 267.6 261.1 254.7 248.6 242.2 234.7 226.1 218 212.3 202.2 187.6 176.4 176.4 176.4 177.7 186.2 200.6 204.1 203.7 205.1 208.2 210.7 214 214.6 214.7 215 215.4 213.1 210.4 207.9 205.3 203.1 201.4 199.7 198.1 196.6 195 192.9 190.9 188.8 186.9 175.8 173.4 194 200.8 202.1 202.4 204 203.7 207
247 250.2 253.2 255.8 264 269.6 275.7 279.4 284.8 290.1 293.7 297.2 300.1 304 307.3 310.6 313.1 314.6 312.9 309.4 304.5 299.9 295.3 291.3 287.7 283 277.9 271.8 265.7 259.2 253.8 245.9 235.4 226.4 216 207.4 198.8 186.8 176.4 176.4 176.4 179.3 191.7 201.7 209.5 209.2 209.1 212.3 216.2 218.4 219.8 219.5 220 219.9 218.4 215.3 212.4 209.2 206.1 203.7 202.2 200.6 198.8 197.3 195.7 193.3 191.1 188.8 186.8 175.4 175.1 196.6 201.6 203.1 204 205.5 206.9 207.1
250.3 254.4 258.5 262.4 268.4 273.9 278.8 283.4 288.9 294.3 297.9 301.1 304.8 310 311.9 313.7 314.7 314.2 312 307.9 304.2 300.2 295.2 290.4 286.3 281.1 275.2 268.3 262.5 255.9 249.8 239 227.7 215.1 204.5 196.9 183 176.4 176.4 176.4 185.8 199.5 206 209.6 213.4 213.8 215 219 223.2 227.6 225.9 225.5 225.2 224.7 221.6 218 213.8 210.3 207.3 204.2 202.5 201 199.5 198 196.1 193.6 191.2 188.9 179.5 178.7 188.4 196 200.2 202.8 205.2 207.1 209.4 210.2
255.2 258.9 263.2 268.1 273.3 277.6 283.3 288.5 294.1 298.2 302.6 306 311.8 317.9 317.9 314.7 315.2 313.2 310.2 306.9 303.2 299.6 294.8 290.1 284.8 278.5 270.8 263.3 257 251 241.2 230.4 219.8 205.7 193.3 182 176.4 176.4 176.4 195.9 210.1 211.4 212.5 215 216.8 217.5 221.1 226.2 230.8 235.6 234.1 231.7 231.2 227.8 223.1 218.7 214.5 210.7 208 205.3 202.7 201.2 199.3 197.4 195.1 192.8 190.4 184.7 178.8 185.3 190.7 195.5 199.4 203.9 207.6 210.6 213.3 214.5
259.9 264.1 268.8 274.5 278.9 284.1 289.2 294 298.3 302.6 306.9 311.4 317.2 325.1 323.4 317.8 313.8 310.8 308.2 305.3 301.7 297.8 293.3 287.4 279.8 273.9 264.7 255.9 249 239.1 229 219.2 206.9 194.1 182.5 176.4 176.4 176.9 200 213.8 217.5 214.5 216.7 219 220.8 223.5 229 234.8 238.2 242 240.7 239.3 233.9 227.9 223.2 218.2 213.4 210.2 208.1 205.4 201.9 199.9 198 195.9 193 190.9 187 181.4 185.4 188.7 192.7 197.1 201.6 205.8 210 215 219.1 219.4
263.7 269 274 278.9 284.1 289.1 293.9 297.6 302.1 306.4 310.7 317.3 322.1 324.9 322.8 318.5 313.1 309.9 305.6 302.1 297.6 293.8 289.5 281.6 274.1 265.4 255.8 245.9 233.9 223.7 214 202.7 191.4 180.8 176.4 176.4 179.1 199.4 214.1 219.1 218.2 218.6 220.7 224.9 229 232.4 237.3 242.6 246.8 248.4 247.1 243.5 238.2 230.1 223.7 218.5 214.2 212.1 209.3 205.4 202.4 198.3 195.9 192.9 190.2 185.8 181.7 182 186.7 190.2 194.2 198.6 203.2 207.4 212.5 220.4 223.1 223.3
267.1 272.7 278.7 283.2 287.8 293.3 298.8 300.9 305.1 309.7 314.3 319.6 322 322 319.2 316.2 311.4 308.1 302.6 296.4 291.9 287.7 279.9 272.9 262.9 253.6 242.4 229.7 218.1 207.6 197.3 187.9 176.4 176.4 176.4 186 192.9 208.8 216.2 219.5 219.4 222.3 225.7 230.6 236 241.9 246.7 251.4 254.1 255 252.7 248.6 239.8 231.3 224.6 219.1 214 210.7 207.4 204 200.8 197.5 193.5 187.8 185.5 185 186.2 186.5 186 191.3 195.3 199.7 204.3 209 218.7 225.9 227.9 228.1
272.6 280.5 285.3 289.5 293.1 299.9 303.6 305.5 307.8 311.8 315.4 318.3 319.1 318.2 316.1 313.1 310.1 306.1 298.3 289.9 282.9 274.9 266.4 259 246.9 235.9 223.9 214.2 201.2 190.8 182.2 176.4 176.4 176.4 189.3 203.1 203.8 209 215 218.8 222.5 225.9 233.4 238.4 242.9 250.4 256 258.6 260.2 261.9 258.8 252.7 243.2 233.1 227.8 220.6 212.9 207.7 204.5 201.8 198.8 196.2 189.2 188.6 190.7 189 189.4 189.5 189.8 190.4 195.7 200.2 205 213.4 225.9 231.6 234.2 233.4
