data/NJ53.asc
ncols 200
nrows 200
xllcorner 350000
yllcorner 830000
cellsize 50
[rows 70 to 104 of 200, columns 78 to 155 of 200]
188 189.9 193.4 197.7 204.2 208 210.1 215.6 221.7 227.7 231.3 234 236.1 236.5 235.6 235.1 236.4 237 237.4 237.1 236.5 233.6 230.1 225.2 222.1 216.9 214.3 211.1 208.4 205.9 204 203.5 203.5 203.7 203.7 202.9 205.4 208.2 209.3 213.3 217.8 224.6 233.3 241.2 246.6 253.7 261.1 267.7 275.7 280.9 281.4 278.7 272 263.8 253.7 244.2 235.8 226.4 217.3 211.9 206.8 203.3 199.3 200.4 202.3 205 206.8 207.1 205.8 205.2 205.6 206.5 207.4 206.3 208 209.3 211.4 213.7
198.4 199.4 204.5 208.1 210 212.8 214.5 219.6 224.6 228.9 232.1 234.6 236.1 235.8 234.2 233.2 234.7 235.5 236.4 236.4 236.5 235.3 231.6 229.6 225.7 222.3 219.6 216.3 213.8 211 207.3 206.1 205.5 205.8 205 204.7 205.7 208.4 209.2 213.4 217.4 222.9 231.2 237.4 242.8 248.9 256 263.8 269.6 273.2 276.3 274 269.1 261.3 252.2 243 235.7 226.4 217.1 211.6 207.3 204.2 202.8 203.5 205.2 208.1 210.4 210.9 209.7 207.9 207.4 209.1 209.7 208.7 209.8 211.9 214.5 217.6
209.3 213.3 218.4 221.7 219.9 217.9 218.5 222.1 224.8 228.6 231.6 234.2 236.1 234.4 232.9 231.1 231.8 233.8 236.1 236.2 236.1 235.1 233.3 231.6 228.6 226 223.4 221.6 219.8 216.6 212.1 209.8 208.5 207.1 206.9 207.3 205.6 208 209.5 212.1 216.3 221.3 227.6 234.2 240.3 245.6 250.2 254.2 260.6 263.9 266 265.5 260.7 254.7 247 242.7 236.4 226.9 216.6 213.8 210.9 208.7 208.9 208.8 210.7 213.2 215.3 216 214.3 212.3 211.2 212 212.1 211.2 212.8 215.8 219 222.9
220.5 222.9 228 229.6 228.2 224.6 221.3 223.1 224.7 228.1 231.1 233 233.6 231.9 229.8 228.6 228.7 231.2 231.9 232.8 233.8 233.2 232.4 231.7 231.2 228.7 226.2 224.5 222.9 220.9 217.6 213.6 210.4 208.8 208 208.7 208.7 208.7 210 212.2 214.8 220.1 225.6 231.4 236.3 241.2 245.4 249.6 253.4 256 258.1 256.5 253.7 250.3 246.7 242.8 236 225.7 223.3 222.6 220.4 216.7 216.9 219.8 221.9 222.8 222.6 223.3 223.2 221.8 218.3 218.7 215.4 214.8 217.1 220.3 224.5 228.8
230.6 234.6 237.7 236.5 234.8 229.8 223.8 223.2 224.5 226 229.5 230 229.6 228.3 227.2 226 225.4 227 227.9 228.6 229.7 231.2 231.4 231.5 231.3 229.7 228.1 226.8 225.5 222.7 220.7 217.8 214.9 211.3 209.2 210.4 210.7 210.2 210.7 213.2 216 219.4 224.2 228.7 233.6 238.8 242.4 246.6 249.6 251.8 253.6 253.2 252 250.1 246.5 242.1 233.3 228.1 232.4 232.5 230.5 230.2 231.8 233.2 234 233.6 232.7 231.7 231.6 231 228.4 224.2 220.9 220.3 222.5 225.9 230.6 235.2
240.7 242.9 244.1 242.5 239.8 233.9 225.8 221.8 221.1 221.8 224 224.4 224.5 224.9 224.5 223.1 222.4 222.3 223.2 224.7 226.5 229.1 231.1 231.2 231 229 227.8 226.6 225.4 223.8 223.2 220.8 218.3 214 211.8 212.3 212.3 211.4 212.2 214.3 216.5 219.9 223 227.7 232.5 237.3 241.8 244.7 247.2 249.7 250.9 251.8 251.6 250.4 247.4 245.3 235.6 237.1 238.9 241.7 242.2 241.4 242.6 243.3 243.8 244.2 242.6 241.6 240.8 238.9 236.3 231.5 227.8 225 228.1 231.2 235.7 240.4
247.9 249.9 249.3 245.7 241.7 234.7 225.4 220.7 217.5 217.9 218.7 218.6 219.3 221 220.6 219.8 219.4 219.5 220.2 221.7 223.6 225.5 227 227.9 227.9 227.2 226.7 225.6 224.7 225.1 224.6 222.9 220.7 217.4 214.9 214.9 214.5 214.3 214.3 214.8 216.5 219.9 222.6 226.9 231.7 236.3 241.2 243.2 246.2 248.8 250.9 251.1 251.5 250.9 250 247 244.4 245.1 246.5 249.5 250 250.3 253.1 255.6 257.6 253.9 250.5 250.7 250.2 246.6 243.6 239.1 233.9 227.4 234.4 237.4 240.7 245.7
251.3 253.6 250.3 245.9 240.7 231.8 222.4 216.2 213.9 213 213.7 213.6 214.5 216 215.9 215.9 216.7 217.1 217.9 218.9 220.7 222.1 223 223.6 223.9 224.3 224.2 224.3 224.4 225.9 226 223.5 223 221 218.7 218.9 217.8 217.3 217.5 219.3 218.5 219.9 223.2 227.4 232.6 236.2 240.7 243.3 246.3 249.4 250.5 252.6 253 253.4 252.7 251.4 250.1 251.7 253.9 256.4 258.5 259.2 261.9 264 265.9 263.7 261.8 258.3 253.6 253.4 250.8 244.6 238.5 231.5 242.4 245.2 246.6 251.1
251 250.7 247.3 241.8 235.2 228.6 219 211.7 209.7 209 208.9 209.6 209.9 210.5 210.9 212.9 214.7 214.3 215.7 216.8 217.7 218.7 219.6 220.1 220.4 220.7 221.8 222.8 223.4 224.4 224 226 225.7 225.1 223.6 223.6 222.5 221.4 220.7 221 221.8 222.3 224.6 229.2 232.8 237.2 240.9 244.1 246.8 249.6 252.4 254.9 255.3 255.8 256.9 256.3 255.9 257.1 258.9 262.2 264 265.5 268 269.5 269.8 268.7 266.6 267.5 261.9 257.4 256.4 249.5 236.6 242.8 246.6 249.1 251.9 256.3
244.3 243.1 240.5 236.7 229.5 221.7 211.5 206.6 206 205.4 206.7 206.9 207.3 209 210.4 211.3 213.1 215.5 215.6 215.4 214.6 215 216.2 216.9 217.2 218.7 220.2 221 221.2 222.2 222.5 225.2 226 226.8 227.1 228.5 228.5 226.9 225.2 224.5 225.5 226.9 227.6 231.8 235.1 239 242.6 245.7 248.2 251 254.4 257.1 257.7 258.8 260 261 260.7 261.5 263.7 266.4 268.8 270.4 273.7 274.5 274 273.8 273.5 272.5 268.5 261.2 258.2 254.5 239.3 249.2 251.8 255.3 258.3 261.9
234.6 232.4 230.7 229.9 223.1 213.9 207.2 203.3 202.9 202.8 204 204.4 205.1 207.1 209.5 209.8 211.7 214.3 214.7 214.7 212.9 213.1 213.4 214.7 214.3 216.6 218.5 219.2 219.6 220.4 221.5 224.2 225.9 226.7 229 230.5 232 232 231.1 230 231.1 232.7 232.2 234.7 238.8 241.2 244.4 248.6 251.1 253 256.7 260 261.3 261.8 263.2 264.1 265 265.6 267.1 269.4 272.4 275.1 277.8 278.3 278.5 278.6 277.9 274.9 270.9 267.4 262.5 255.6 245.6 255.1 258 261.2 264.6 268.2
226 225 223.2 220.6 214.1 208.8 203.7 201 200.4 200.6 201.8 202.4 203.2 204.7 208.5 210 211.9 213.9 213.6 212.9 211.8 211.3 211.8 212.2 210.2 214.2 215.3 216.4 217.3 218.6 220.3 223.3 224.9 228 230.2 232.2 234.9 236.1 235.9 235.7 236.8 237.8 236.8 239.1 241.9 245.9 249.9 253.7 256.8 258.4 260.6 263 264.1 266.2 266.4 266.6 267.6 269.5 270.5 273.3 275.5 277.6 280.7 281.1 281.1 281.1 279.9 275.6 271.4 267.5 263.1 255 258.6 261 263.9 266.4 269.9 273.1
219.3 218.9 217.6 213.1 208.6 204.3 200.9 199 198.9 199.1 199.7 200.6 202.7 204.8 209.2 211 212.3 213.8 213.5 212.4 210.4 209 209.9 210.2 210 211.5 212.6 214 216 218.3 220 223.2 225.2 229.5 231.6 234 237 239.3 241.2 242.3 242.8 242.1 241.6 241.9 245 250.9 255.5 259.3 262.1 264.1 265.8 266.6 267.8 269.6 270.4 270 270.6 272.8 274.4 276 277.8 279.9 280.9 281.1 281.1 281.1 278.6 274.9 271.2 268.5 265.6 260.6 263.2 265.8 267.8 269.9 273 276
214.8 214 212.1 207.9 203.6 200.2 197.9 196.8 196.1 197.2 198.7 198.9 202.1 205.5 210.2 213.1 214.4 213.8 213.5 211.5 210.1 209.2 208.8 208.6 208.7 209.6 210.7 212.5 214.4 216.7 219.6 222.9 226.4 228.8 231.6 236.3 239.8 243.7 245.4 247.5 247.6 247.5 248.2 245.8 249.9 255 260.6 264.4 266.8 268.7 270.5 271.1 271.5 272.9 273.9 273.8 274.9 275.8 277 278.2 279.5 281 280.4 281.1 281.1 280.7 277.6 274.3 271.2 269.4 267.7 263.5 265.5 267.7 270.3 272.9 275.7 277.9
212.5 210.2 207.9 204.2 200.2 197.3 196.3 195.9 195 195.2 197.4 200.6 204.3 208 213.1 216.1 216.7 215.2 213.5 211.4 209.1 207.7 207.3 207.2 207.5 208.4 209.2 210.7 211.9 214.7 217.4 220.6 224.6 228.6 231.5 236.7 242.9 246.8 251.8 254.2 255.9 256.1 255.2 250.6 257.2 261.8 266.2 269.8 271.8 273.6 274.6 275.1 275.9 276.9 277.1 276.8 277.2 277.9 278.5 279.5 280.9 280.9 280.5 280.5 280.1 278.3 275.6 273.2 271.3 270.2 268.2 266.1 266.9 269.2 271.8 274.1 276.5 278.5
210.9 208.1 205.5 201.7 198.1 195 193.9 193.6 193.9 194.4 197.4 201.5 206.2 211.5 216.3 219.6 218.9 216.9 213.8 210.3 208.1 206.5 205.9 205.8 206.2 206.5 207.1 208.1 209.2 211.7 215.4 219.1 222.7 227.2 232.1 238.1 243.9 251.1 256.8 261 263 263.4 262.2 257.5 262.5 266.8 270.9 274 276.3 277.8 278.3 278.8 279.6 279.9 279.5 279.2 279.3 279.9 280.5 280.6 281 280.7 278.9 278.1 276.8 276 274.5 273.1 271.3 270.5 268.6 268.4 269.9 270.3 272.2 274.2 276.6 279.1
210.5 207.2 203.2 198.6 195.5 193.6 192.1 190.4 192.9 196.2 198.3 203.6 209.3 214.9 220 221.7 220.9 217.9 213.3 209.1 206.5 204.9 204.1 203.9 204.5 205.2 204.6 206.3 208.3 211.1 214.7 218.8 222.5 227.1 233.1 239.2 245.6 254 261.4 265.8 268.7 268.8 267.6 263.8 265.1 270.5 275 277.4 279.4 282.3 283.8 283.3 283.3 282.6 281.8 281 280.7 281.8 283.8 282.3 281.2 279.2 276.6 275.2 274.9 274.6 273.7 272.3 271.1 269.8 269.2 268.9 270.9 270.5 272.4 273.6 276 278.4
210.7 206.2 201.4 196.5 193.5 191.5 189.9 189.3 192.3 196.3 200.6 207.3 212.9 218.1 222.9 224.5 220.6 216.7 212.2 207.8 204.4 203.3 202.2 201.7 202.4 203.5 204.3 205.5 207.7 209.9 213.3 218 222.6 227.3 233.6 239.4 246.3 256.2 264.5 269.3 272.9 272.7 271 267.2 267 271.8 276.1 279.3 282.3 285.8 286 286.2 286.1 285.3 283.4 282.1 282.1 283.5 286.1 283.8 280.7 277.6 275.4 274.4 274.1 273.3 272.4 271.4 270 269 268.8 268.8 269.4 270.8 270.8 272.9 275.2 277
211.6 206.7 199.5 195.4 191 189.3 185.4 188.3 192.4 196.3 204.2 211.2 216.7 220.8 221.9 223.1 220.2 213.6 208.7 205.5 202.5 201.4 200.3 199.2 199.9 200.9 202.5 204.1 206.2 208.6 211.9 216.6 221.5 227 232.9 239.9 246.5 257 266.6 272.9 276.1 275.5 273.6 270 269.6 272.8 277.2 281.3 285.4 286.1 286.2 286.2 286.2 286.1 284.9 283.1 282.5 284.6 285.1 283.2 280.2 277.1 274.8 274.2 273.5 272.3 271.1 270.3 269.1 268.8 268.8 268.8 268.8 268.8 269.9 271.9 273.9 275.4
211.2 205.7 198.3 192.1 187.2 186.1 183.9 187.4 191.6 197.1 206.7 213.6 218.2 220.9 221.2 220 216.5 210.3 204.7 201.7 199.3 198.8 198.1 198 198.9 199.9 201.7 203.7 206 208.1 211 215.5 220.4 226.7 233 238.5 247.7 257.6 268.3 274 276.8 276.3 275.9 272.8 273.1 275.2 278.4 281.8 285.5 286.1 286.1 286.2 286.2 286.1 283.7 282.9 282.1 282.6 283.1 281.2 279 276.5 274.7 273.8 273.1 272.5 271.8 270.4 268.8 268.8 268.8 268.8 268.8 268.8 268.8 270.4 272.5 273.8
210.6 204.4 197.1 189.8 184.6 182.2 183.2 186.4 191.7 199.2 207.2 213.6 216.2 217.1 216.5 214.1 210.5 205.4 201 199.2 197.9 196.3 195.6 197.1 198.5 199.6 201.3 203.6 205.9 207 210.8 215.3 219.9 226 232 238.1 247.2 258.1 267.4 274.3 276.4 276.5 276.6 275.8 275.8 277.7 280.1 283.4 285.6 286.2 286.1 286.1 286.1 286.1 284 282.4 281.5 281 280.8 279.8 277.4 274.9 274.3 273.4 272.6 272.1 271.6 271.1 268.8 268.8 268.8 268.8 268.7 268.6 268.7 268.8 270.6 271.2
207.3 201.4 194.5 187.2 181.1 180.4 180.4 184.9 191.3 197.2 204.1 209.8 211.4 211.1 210 207.9 204.3 200.1 198.2 196.5 195.7 195 193.8 195.9 197.6 199.7 201.6 202.4 204.4 206.7 210.5 214.2 219.3 224.5 230.7 237.3 246.7 256.5 266.6 271.9 275.7 276.6 277.4 278.1 278.4 279.8 281.9 284.3 286.3 286.6 286 286.1 286.1 284.7 283.9 282.7 281.2 280.3 279.5 278.5 276.1 274.5 273.5 273 272.2 271.7 271.2 270.9 268.8 268.7 268.6 268.5 268.3 268.2 268.2 268.6 269.2 269.8
200.7 196.8 190.6 184.2 178.7 178.4 178.8 183.6 188.6 194.5 199.2 203.3 206.3 203.7 201.8 200.2 198.3 196.4 194.6 193.2 192.6 192.6 194.8 195.1 196.5 198.4 200.8 201.8 204.3 206.7 209.4 213.1 217.2 222.9 229.6 236.8 245.9 253.6 261.7 268 273.5 277 279.1 280.4 280.9 282 283.7 285.6 287.1 287.2 286.7 285.7 285.3 284.1 283.4 282.5 280.9 279.6 278.7 277.8 276.3 274 273.8 272.6 271.8 271.2 271 270.6 268.8 268.5 268.3 268.2 268 267.9 268.2 268.4 268.6 268.4
191.4 188.9 183.6 178.3 177 175.6 177.6 180.8 185.9 190.7 193.1 196.9 198.8 195.3 194.9 194.5 194 193 191.3 189.6 189.9 190.3 192.4 194.6 197 201 200.7 201.2 203.6 206.2 209 213.6 218.5 225.6 231.2 239 243.8 250 258.6 266.3 272.8 277.1 281.9 283.4 283.7 284.6 286.3 287.7 288.4 288.1 287.5 286.3 284.5 284.3 283.3 282.3 281.3 279.3 278.4 277.2 276.1 274.5 273.3 272.5 271.5 270.8 270.6 269.3 268.7 268.3 268.1 268 267.8 267.8 268.4 268.6 268.7 268.6
174.7 175.1 174 172.9 174.3 175.6 176.6 179.3 183.5 186.2 188.8 191.7 192.1 189.6 190.3 190.2 189.2 189 188 187.8 188 189.4 190.9 193 196.8 200.2 198.9 200.4 203.5 206.5 209.5 214.5 221.4 229.3 236.1 242.4 248.9 253.9 262.6 270 276.7 281.4 286.8 289.1 289.2 289.6 289.8 290.8 290.4 289.7 288.5 287.2 284.9 284.4 283.1 282.1 281.1 279.4 278.5 277.3 276.1 274.7 274 272.8 271.6 270.5 269 268.7 268.6 268.1 267.9 267.8 267.8 268.1 268.6 268.9 269.7 270.1
170.5 170.4 173.2 173.6 174.2 174.8 176.1 178.3 181.1 182.9 185.5 186.5 185.1 186.3 187.5 186.5 186 186.4 186 186 185.8 187.9 189.2 192.6 196.3 197.2 199.1 201.5 204.9 207.9 212.1 217.8 226.7 234.9 241.9 249 255.7 262.1 269.6 277.2 284.3 289.5 293.7 294 294 294.7 294.1 294.5 294.1 292.8 290.5 288.4 286.9 284.6 283.3 281.8 280.8 278.9 278.8 277.7 276.4 275.6 274.8 273 271.7 270.5 269.2 268.7 268.2 268 267.7 267.7 267.7 268.3 269 270.8 272.4 272.7
175.9 175.1 175.5 175.3 175.7 174.1 174.8 177.1 178.7 181.2 183.9 183.4 182.7 183.8 184.4 183.6 184 184.2 184.1 184.4 184.7 186.7 188.8 190.5 193.6 195.4 198.9 202.8 206.9 211.3 215.2 221.2 230.1 240.4 248.8 257 264.5 270.9 279 287 293.2 299.4 300.1 300 298.8 299.5 298.3 298.3 297.8 296 293.8 291.4 289 286.4 284.2 283.1 281.4 279.5 279 278.3 277.8 275.8 274.4 272.8 270.7 269.4 268.8 268.4 268 267.7 267.8 267.8 267.8 269 270.7 273.3 275.3 275.3
179.2 178.7 178.9 178.1 176.6 175.6 174.1 175.3 177.3 179.9 180.9 180.1 180.7 181.9 182.2 181.6 182.4 183.9 184 184.1 185.6 188.3 188.7 189 192.2 196 200.1 203.9 208.2 213 217.3 226.1 235.5 246.7 255.7 264.7 273.8 280.5 288.9 295.8 302 305.7 306.2 305.5 304.1 303.7 302.7 302 301.4 299.2 297 294.8 292.4 289.8 286.6 285.4 283.5 281.4 280.2 279 278.4 276.6 273.9 272.6 270.9 268.7 268.3 268 267.7 267.8 267.8 267.9 268.4 269.7 272.4 276 278.4 279.3
181.9 181.3 180.5 179.9 177.3 174.9 174.4 174.2 176.3 177.6 179 179.1 179.6 180.1 179.6 180 181.7 183.4 184.5 187.4 189.7 190 189 190.8 193.6 196.9 201.2 204.6 208.4 214 219.2 229.1 239.3 252.3 262.8 272.7 282.5 290.2 296.4 302.6 309 311.1 311.3 310.1 308.9 308 306.9 306.1 304.4 301.6 299.4 297.1 294.6 292.2 289.2 287.7 285.7 283.6 282 279.9 279 277.1 274 272.4 270.9 268.8 268.4 268.3 267.7 267.8 267.8 267.8 267.9 268.6 272.6 277 281.2 282.9
183.1 181.3 179.9 177.8 176.3 175.6 175.2 175.1 176 177.5 179 179 179.1 179 179.7 180.5 182 183.5 186.7 190.2 190.5 190.2 190.4 191.5 193.8 196.7 200.7 204.8 208.4 215.2 221.5 232.8 242.9 255.6 266.4 279.6 289.9 296 301.7 308.4 312.7 313.3 313.2 312.5 311.1 311.1 310.2 308.4 306.3 304 301.7 299.4 297 294.3 292.1 289.9 287.8 285.7 283.8 281.7 279.7 277.3 274.1 272.3 271.2 270.7 269 269.8 268.2 267.7 267.7 267.7 267.9 268.4 271.1 276.5 282.5 286.2
182.1 179.8 179.6 178.4 177.3 176.5 176.4 176.3 177.4 177.9 179.1 179.1 179.1 180.1 181 182.8 185.5 187.2 189.9 191.8 193 193.1 192.9 193.9 194.6 197.1 201.1 204.8 208 213 221.3 232.4 242.8 254.3 266.7 280.5 290.8 300.1 304.5 310.7 312.6 313.6 313.6 311.8 311 311.1 311 310.8 308.8 306.4 303.9 301.5 299.3 296.4 294.1 291.8 290.2 288.6 285.9 283.9 281.3 278 274.9 273.6 272.8 272.2 270 269.9 268.6 268.2 268.3 268.3 268.5 268.8 269.3 275.5 282.2 288.4
181.2 179.3 179.1 178.9 178.1 177.6 177.2 178 179.3 180.7 181.8 181.1 180.9 181.6 183.1 185.5 188.1 190.1 192.1 193.8 195.3 196 196.2 196.7 196.5 198.3 201.5 203.8 207.1 212.8 220.4 230 240.6 252 265.4 277.9 287.6 296.4 302 307 310.1 311.3 311.9 310.8 311 311 311 310.9 309 306.9 304.7 302.3 300.2 298.4 295.8 293.4 291.2 289.7 288 285.3 282.1 279.4 276.8 275.7 274.9 273.3 273.1 272.1 271.2 270.8 269.7 269.6 269.1 269.1 268.9 271.2 281.1 288.5
180.5 180.2 178.9 178.7 177.9 178.1 178.2 179.1 180.8 184.2 185 184.2 183.1 184.1 185.5 187.8 189.6 192.1 194.1 196 198 199.3 199.4 199.1 199.1 199.2 201.4 203.6 207 212.8 219.1 227.4 237.6 248 260.7 272 282.2 290.3 296.9 302.3 307 309.6 310 310.6 310.3 309.3 309.2 309.8 308.1 306.1 304 302.2 301.1 299.3 297.1 295 292.6 290.7 289.1 287.3 284.1 281 278.8 277.7 276.5 276.8 276.9 275.8 275.4 275.1 273.3 272.4 270.3 269.6 268.8 269.5 277.6 285.1
180.4 179.2 178.8 178.4 178 178.4 178.8 180 183.4 187 188.2 187.8 186.5 186.5 187.2 188.4 190.6 194.1 196.2 198.4 199.9 200.5 200.8 199.6 199.3 199.7 201.6 203.8 207 212.1 217.6 223.9 232.7 242.7 252.2 264 275.5 284.8 292.9 298.8 303.9 308 308.1 308.5 308.6 308 307.9 307.8 306.9 305.5 303.7 302.2 301.3 299.7 297.6 295.5 293.5 291.8 290.3 288.7 286 283.1 281.4 280.2 280.4 281 280.8 280.5 280.3 279.2 277.1 275.8 273.2 272.3 269.6 268 273.6 280.3
179.1 179.1 179.1 178.4 178.2 178.5 178.9 181.2 187.1 190.6 190.1 190.9 189.5 189.1 189.2 189.6 191.2 195.3 198.7 200.9 200.9 200.6 200.1 200.8 199.2 200.9 202.1 204.1 207.3 211.3 215.3 221 228.8 238.4 246.2 260.4 274 283.4 291.1 297.7 302.4 303.7 305.1 305 304.7 304.4 305.1 305.4 305 304 303 301.5 300.5 299.2 297.7 296.2 294.3 292.8 291.3 289.5 288.5 286.5 285.7 284.8 285.4 286.5 287.4 287.2 286.1 283.2 280.9 279.1 276.6 274 271.6 262.6 262.9 274.7
