data/NJ70.asc
ncols 200
nrows 200
xllcorner 370000
yllcorner 800000
cellsize 50
[rows 36 to 71 of 200, columns 83 to 165 of 200]
143.2 142.1 140.3 137 134.2 131.8 128.8 127.2 124.7 123.4 122.1 119.9 117.5 115.5 114 112.4 111.1 109.8 108.1 106.4 105.2 104.7 104.4 104.1 103.2 102.2 101.9 101.5 101.1 99.6 98.4 96.5 98.4 99.2 99.9 101.2 109.9 117.8 123.3 124.7 123.1 120.8 120.1 118.5 116 112.9 110.6 107.4 105.3 102.8 100 98.2 95.9 95.6 94.7 93.8 91.8 89.9 88.1 86.3 85.3 84.7 84.6 84.6 84.7 84.7 84.6 84.5 84.4 84.6 85.6 87 85.9 85.6 85.6 86.3 85.4 85.4 85.5 85.3 86.6 87 86.6
142.6 141.6 141.2 138.7 136.1 133.4 130.4 128.9 126.4 123.9 122.2 120.9 117.9 115.5 113.8 112.1 110.7 109.7 108.2 106.8 105.2 104.3 103.8 102.8 101.9 101.1 100.5 100 99.5 99.1 98.2 96 99.7 101 101.4 103.5 108.7 118.4 121.7 122.8 122.5 121.3 121 118.8 117.6 115.9 111.5 108.3 106.1 103.9 101.8 99.6 98.6 97.3 95.2 93.5 93.5 91.3 89.4 87 85.3 84.7 84.6 85 85 85 84.9 84.5 84.3 84.2 84.1 84.2 84.4 84.6 84.1 84.5 84.6 85 85 84.8 84.9 85.2 85.1
142.1 141.7 141.6 139.4 136.8 134.7 132.2 130.6 128.2 125.6 123.1 121.2 119.3 116.6 114.6 112 110.7 109.6 108.1 106.7 105.2 104 102.9 102 101.2 100.6 99.8 99 98.2 97.4 96.6 96.7 98.6 101.5 102.9 104.1 110.6 118.1 120.8 121.8 122 120.6 120 118 116.9 114.1 111.3 108.7 106.7 104.4 102.2 100.1 97.9 96.5 94.8 93.9 93.2 92.3 90.5 88.9 87.3 85 85 85.4 85.3 85.3 84.8 84.4 84.3 84.2 84.1 84 83.8 83.5 83.4 83.6 84 84.4 84.4 84.4 84.2 84.2 84.2
141 141.4 141 139.6 138.2 135.8 134 132.3 129.9 127.3 125 122.3 120 118.5 116.3 114 112.5 109.8 108.1 106.6 105.3 104.3 103.4 102.2 101.5 101.2 100 99.1 98.2 97.3 96.7 96.8 98.8 101.9 104.8 107.3 113.6 118 120.8 122.3 121.4 120.1 119 118.6 117 113.5 111.7 109.7 107.6 105 102.9 100.7 98.6 96.4 95 94.2 93.5 92.8 91.4 90.1 88.5 86.5 85.4 85.7 85.6 85.2 84.8 84.4 84.3 84.2 84.3 84.1 83.8 83.6 83.6 83.8 83.8 84.1 84.2 84.2 84.2 84.2 84.2
138.5 141.3 143.2 142.5 141.7 140.2 138 135.6 132.9 129.5 127.4 125.8 123.7 120.6 117.9 115.7 113.6 111.4 110.6 108.6 108.1 106.3 104.1 104.2 102.9 102.4 100.8 99.6 98.7 98.2 97.5 97.4 99.2 102.3 105.3 110.8 115 119.8 123.5 125.1 125.1 124.2 122.1 121.2 119.1 116 113.8 110.8 108.9 105.9 103.4 101.5 99.3 97.2 95.2 94.4 93.6 92.8 92.2 91 89.5 87.6 85.9 86 85.6 85.2 84.7 84.4 84.3 84.3 84.5 84.2 83.9 83.8 84.1 84.4 84.4 84.2 84.2 84.2 84.2 84.2 84.2
136.1 140.1 148.2 149.2 148.7 147.4 145.6 143.2 138.6 135 131.8 129.7 128.4 125.1 121.2 117.6 115.1 112.9 112.1 112.3 110.9 109.1 106.3 104.8 103.9 103.5 101.9 100.3 99.3 99 98.2 97.6 99.7 102.9 107.9 113.6 118.3 124.4 127.9 129.5 129.1 127.9 126.5 124.3 121.6 118.4 115.7 112.7 109.8 106.7 103.6 102.1 100.1 97.9 96 94.3 93 92.5 92.1 90.9 89.8 88.2 86.5 86 85.5 85.1 84.7 84.4 84.3 84.5 84.8 84.4 84 84.1 84.4 84.8 84.2 84.2 84.2 84.2 84.2 84.2 84.2
135.2 140.6 150.6 152.5 153.6 152.5 150.8 149.5 146.8 139.7 134.7 133.8 132.5 129.4 125.4 121.9 118.1 115.4 112.8 113.7 113 110.7 108 106.7 105.5 104.6 103 101.4 99.8 99.7 98.9 98 100.3 104.5 110.6 116.4 122.6 128.9 132 132 132.9 131.6 129.7 127.1 124.3 120.3 116.9 113.7 110.3 107.5 104.4 102.2 100.8 98.8 97 94.7 92.7 92.2 91.6 90.3 89.6 88.1 86.7 86.1 85.5 85 84.6 84.3 84.5 84.7 85 84.6 84.2 84.2 84.5 84.2 84.2 84.2 84.2 84.2 84.2 84.2 84.2
135.5 139.1 148 152.1 155.8 155.3 154.7 153.7 149 141.7 136.7 134.2 131.9 130.8 129.2 125.2 121.4 117.4 114.1 115.5 113.6 111 109.5 107.8 106.3 104.7 102.9 100.9 99.7 98.9 98.3 98.5 102 107.4 114.2 119.8 127 133.2 136.3 135.9 135.5 133.8 130.5 127.8 124.7 121.3 117.8 114.2 110.6 107.7 105 102.2 100.6 98.4 96.1 93.7 92.5 91.7 91.3 91.1 90.5 88.8 86.9 86.4 85.7 85.1 84.5 84.5 84.7 85 85.1 84.7 84.2 84.2 84.2 84.2 84.2 84.2 84.2 84.2 84.2 84.2 84.2
134 136.1 143.3 146.5 149.3 150.3 149.8 148.5 145.6 141.8 137.4 135.7 133.9 131.5 129.1 125.8 122.2 119.9 116.1 115.9 114.4 111 109.5 107.7 105.6 103.8 102.2 100.5 99.7 98.8 98.6 99.7 103.2 109.4 116.9 125.5 132 137.3 139 138.7 137.9 136 132.8 129.7 126.5 122.9 118.9 115.1 111.3 108.1 105.6 102.9 100.1 97.2 95.1 93.5 92.2 91.3 91.3 90.9 90.4 89.6 87.6 85.1 84.8 84.5 84.2 84.1 84.1 84.3 85.5 84.7 84.2 84.2 84.2 84.2 84.2 84.2 84.2 84.2 84.2 84.2 84.2
132.6 133.8 137.4 139.8 142.5 143.6 143.7 143 140.6 139 137.3 134.9 132.3 130.3 128.2 125.7 121.8 118.7 116.5 114.9 113.4 111 109.5 107.9 105.7 104 103 101.3 99.8 98.8 98.9 100.7 105 110.6 115.6 129.2 136.1 140.8 142.7 141.9 140.6 138.6 135.5 132.5 129.1 124.6 120.4 116.6 112.8 109.1 106.6 103.7 100.7 97.9 95.3 93.1 91.9 90.7 90.5 89.5 88.6 87.8 85.7 84.8 84.5 84.2 83.9 83.8 83.9 84.2 84.5 84.4 84.2 84.2 84.2 84.2 84.2 84.2 84.2 84.2 84.2 84.2 84.2
131.3 131.7 132.1 133.7 134.3 135.8 136.9 136.5 136.8 136.2 135.3 133.9 131.2 130.5 129.8 126.8 122.5 118.3 116.2 114.7 112.5 110.1 108.8 107.5 105.6 103.8 103.7 101.9 100.2 98.9 100.9 102.7 107.1 110.1 122.2 131 136.7 142 145.7 144.8 143.6 141.4 138.7 135.2 130.7 126.2 121.9 118.1 114.1 110.1 107.4 104.4 101.4 98.5 96.1 93.8 91.6 90.1 88.7 87.8 86.8 86.1 85.2 84.6 84 83.8 83.5 83.7 84 84.2 84.6 84.6 84.2 84.2 84.2 84.2 84.2 84.2 84.2 84.2 84.2 84.2 84.2
129.8 129.8 130 130.5 131.3 131.3 131.2 131.8 132.9 133.2 133.2 132.7 130.2 130.4 129.5 126.3 122.3 118.2 115.6 113.5 111.3 109.1 107.6 106.3 105 105.4 104.5 102.9 100.2 100.7 103.2 106.9 110.6 117.1 123.8 130 135.3 140.7 143.6 144.1 144.7 143.1 141.2 137 132.3 127.9 123.5 119.6 115.5 111.3 108 105 102 99.1 96.8 93.5 92 90.5 89.3 88.2 87.4 86.3 85.1 84.5 83.9 83.3 83.4 83.7 84 84.2 84.7 85 84.6 84.2 84.2 84.2 84.2 84.2 84.2 84.2 84.2 84.2 84.2
127.3 127.4 127.9 128.3 128.8 128.8 128.9 128.8 129.5 129.9 130.6 131.2 130.4 129.3 128.9 125.9 121.7 117.4 115.2 112.9 110.5 110.2 109.1 107.7 107 105.5 104.2 103.5 103.5 103.5 105.4 109.4 113.4 118.1 122.8 128.6 133.4 136.8 140.8 142.1 143 143.6 142 138.5 133.8 129.4 125 121 116.7 112.4 107.7 105.1 102.5 99.8 96.4 94 92.4 91.2 89.9 88.7 87.5 86.1 85 84.4 83.9 83.8 83.6 83.7 84 84.2 84.8 85.5 85 84.4 84.2 84.2 84.2 84.2 84.2 84.2 84.2 84.2 84.2
124.9 125.3 126.3 128 128 127.6 127.6 128 128.1 128.1 128.9 129.4 128.7 127 127.1 126 121.1 116.7 115.5 113.8 110.9 110.1 108.6 107.7 107.6 106.2 104.2 103.5 103.5 103.5 107.2 110.9 114.2 118.6 122.7 126.6 130.9 135 138.2 140.4 142 143.2 141.1 138 134.1 130.3 125.6 121.4 117.2 112.9 108.7 107.3 103.2 99.4 95.9 94.4 93.1 91.8 90.2 88.6 87.4 86 84.9 84.6 84.5 84.4 84.3 84.1 83.9 84.3 84.9 85.2 85.2 84.6 84.2 84.2 84.2 84.2 84.2 84.2 84.2 84.2 84.2
124.4 125.8 127.5 129.2 127.5 128.5 127.5 127.9 128.4 126.8 126.8 126.9 125.6 124.5 123.2 122.2 120.7 115.6 114.7 113.3 111.5 109.5 108.2 108 106.7 105.3 103.6 103.5 103.5 106.3 109.5 111.8 114.7 118.8 121.8 125.1 129.2 132.5 135.7 138.9 141.3 142.7 140.8 136.8 132.9 129.3 125.1 120.9 116.8 112.7 108.2 106.5 102.6 99 95.9 94.8 93.2 91.5 89.8 88.4 87.3 86.3 85 85 85 85 85 84.9 84.5 84.1 84.3 84.5 84.8 84.7 84.3 84.2 84.2 84.2 84.2 84.2 84.2 84.2 84.2
124.6 128.4 129.5 129.5 130.8 131.9 131.2 129.2 128.4 127.4 126.2 124.7 123.1 122.1 120.6 118.6 115.4 113.2 112.5 112.2 108.2 106 105.7 103.8 103.5 103.5 103.5 104.1 107.7 110.9 112.8 114.8 116 117.7 120.9 124.5 127 129.7 132.9 136.2 139 140.8 139.9 135.6 131.9 128.5 124.6 120.4 116.2 112.2 108.6 105.2 102.1 97.9 95.7 94.1 92.8 91.1 89.5 88.3 87.3 86.2 85.1 84.9 84.9 84.9 85 84.9 84.5 84 84.2 84.3 84.5 84.6 84.4 84.2 84.2 84.2 84.2 84.2 84.2 84.2 84.2
128.7 133.8 136.1 137.5 137.1 136.6 134.2 132 129.6 128 126.9 124.9 122.9 121 119.3 116.9 115 113.3 110.8 109.5 108.9 107.4 106.5 105.5 103.5 103.5 105.8 109.3 113 115.7 117.6 118.1 118.8 119.8 121.1 124.2 126.3 128.1 130.4 133 135.3 137.7 136.1 132.9 130.2 126.8 122.9 118.9 114.9 110.7 106.2 104 101.3 98.7 96.4 94.5 92.7 91 89.3 87.6 86.6 86.4 85.1 84.9 84.8 84.9 84.8 84.8 84.4 84 84.1 84.2 84.4 84.6 84.5 84.2 84.2 84.2 84.2 84.2 84.2 84.2 84.2
130.3 136 140.3 142.1 140.7 137.6 135.3 133 130.5 128.7 127.4 125.1 122.9 121 119.1 117 115.8 114.2 112.6 110.8 108.8 106.9 105.7 103.5 103.5 104.5 109.3 114.2 118.1 120.6 121.1 121.2 120.8 121.8 122.8 124 125.9 127.6 129.3 130.6 132.2 134.5 132.7 130.2 127.2 124.3 120.1 116 113.1 110.4 107.6 104.9 102.7 100.6 98.5 95.9 93.5 91.8 90.5 88.6 87.7 87.7 86.3 84.9 84.8 84.7 84.7 84.6 84.4 84.1 84 84.1 84.4 84.6 84.6 84.3 84.2 84.2 84.2 84.2 84.2 84.2 84.2
130.4 136 140.2 140.5 137.9 135.5 134.8 133.5 131.4 129.6 127.6 125.4 123.2 121.1 119.2 116.7 115.6 113.8 111.8 109.9 108.3 106.5 105.4 103.8 106 109.2 113.6 118.5 122.7 123.4 123.3 123.3 122.9 123.5 124.4 124.9 125.6 126.6 127.9 129.3 130.7 131.6 130.3 128.5 124.7 123.4 122.3 119.3 116.3 113.6 111.2 108.8 107.5 104.2 101.1 98.7 96.4 94.8 93.3 92.2 91 89.2 87.5 86.9 86.7 86.3 85.7 85.1 84.4 84.1 83.9 84.1 84.4 84.6 84.7 84.5 84.3 84.2 84.2 84.2 84.2 84.2 84.2
129.5 135.4 138.6 136.7 134.2 133 130.8 129.4 128.7 127 125.2 123.4 121.4 120.2 118.4 116.1 115 113.6 110.9 109 107.3 106.7 106.7 107 109.9 113.4 116.6 120.7 123.9 125.1 124.6 124.3 124.8 124.6 125.2 125.8 125.2 125.5 126.6 128 128.9 129.7 128.5 129.6 128.9 128 126.8 125.9 125.1 122.1 118.8 116.5 114.6 110.6 107 104.5 102.1 99.8 98.2 96.8 95.1 93.5 91.8 91.1 90.9 90 89 88.4 87.1 85.8 85.3 84.3 84.4 84.6 84.9 84.6 84.4 84.2 84.2 84.2 84.2 84.2 84.2
128 132 133.3 131.8 130.6 128.9 127.1 126 124.9 123.8 123 121.5 120.5 118.9 117 115.1 113.8 113.2 111.1 109.3 108.3 108.5 109.3 109.8 112.8 116.9 118.8 119.4 121.5 122.3 122.7 123.5 124.2 124.6 124.9 125 124.8 125.1 125.4 126.1 126.8 127.9 130.8 132 131.4 134 137.7 137 133.6 131.3 127.5 123.2 119.9 116.2 112.9 110.2 107.8 105.6 103.2 101 99.4 97.8 96.2 95.9 95.1 93.5 92.3 91.4 90.1 88.9 88.2 88.1 87.3 86.4 85.6 85.2 84.9 84.6 84.2 84.2 84.2 84.2 84.2
123.1 126.3 125.8 124.8 124.8 124.8 123.8 122.6 121.3 120.8 120.8 120.5 119.5 118 116.5 114.7 112.7 112.5 111.6 110.5 110.6 111.4 111.4 111.8 111.7 115.6 117.4 118 118.6 119.5 120.1 121.1 121.3 121.3 121.3 122 122.7 124.3 123.4 124 124.8 127.3 131.7 135.5 138.2 142.5 145 142.1 138.6 135.5 131.7 127.4 124 121.3 118.7 116.1 113.4 110.7 108 105.6 104.1 102.4 100.5 100.7 99.2 97.3 95.6 94.4 93.2 92 91 89.3 88 87.1 86.3 86 85.6 85.4 84.8 84.6 84.4 84.2 84.2
117.9 120.3 119.4 118.8 118.7 119.9 119.2 118.5 118.1 118.4 118.3 118.9 119.4 117.8 116.2 115.9 115.7 116.4 113.5 112.7 113.1 114.2 113.6 113.1 114.3 116.3 116.5 116.2 116.4 116.7 117.3 117.5 117.6 117.8 117.8 118.4 119.2 120.8 120.7 121.6 123.5 127 132.6 138.7 143 146.8 147.5 144.3 141.1 137.4 133.8 130.3 125.7 124.2 121.2 118.6 116.3 113.8 111.6 109 107.9 106.5 105 103.2 101.3 99.3 97.6 96.1 94.5 93 91.5 90.5 89.1 87.8 87.1 86.7 86.7 86.1 85.5 85.1 84.9 84.4 84.2
113.7 115.6 116.1 115.5 115.1 115.5 114.8 115 115.3 115.9 116.8 117.4 118.1 117.7 117 117.3 116.7 115.1 114.4 115 115.9 116.4 115.9 115.4 115.1 116.3 115.7 115.3 115.9 115.8 115.3 115 114.7 114.5 114.4 114.9 115.8 116.3 117.2 118.2 121.2 125.6 131.6 137.3 141.5 148.2 146.7 142.6 138.1 134.2 132.5 128.1 125.1 122.4 119.6 116.2 114.3 112.4 110.7 108.8 107.3 105.7 104.3 102.8 101.1 99.4 98.2 96.4 94.9 93.4 91.8 90.8 89.8 88.8 87.8 87.9 87.4 86.8 86.2 85.6 85.5 84.9 84.4
108.1 111.8 112.9 112.4 112.1 111.9 112 112.1 113 114.8 115.9 116.5 117.3 117.9 117.4 117.1 116.2 116.2 116.9 117.7 118.7 118.7 118.2 117.5 116.6 115.8 115.4 115.4 115.2 114.6 114.1 113.8 113.6 113 112.2 111.9 112.3 113.3 114.4 115.4 117.7 123.4 129.4 133.6 136.7 139.7 140.3 138.2 133.7 131.4 128.8 125.3 122 119.3 116.5 113.8 111.8 110.1 108.1 106.2 104.6 103.6 102.1 101 99.9 98.3 96.3 95.9 95.2 93.7 92.6 91.5 90.4 89.4 89.2 88.7 88.1 87.5 86.9 86.3 86 85.4 85
109.3 105.6 109.4 109.6 109.2 109.3 109.5 110 112.1 114.7 116.6 117.7 118.7 118.9 119.6 119.3 119.8 120.2 120.1 120.7 121.5 120.7 119.7 118.7 118 116.8 115.6 115.4 114 113.4 112.9 112.5 111.5 110.7 109.8 109.2 109.4 109.7 110.8 111.9 114.3 120.1 125.9 129.7 132.7 134.2 133.4 132.3 130.5 128.4 125.9 122.7 119.4 116.1 113.4 110.1 108.3 106.8 104.9 103.3 101.6 101.2 100 98.5 97.2 96.3 94.6 94 93.5 92.5 91.6 90.8 90 89.1 89.1 88.6 88.2 87.8 87.4 87 86.5 86.2 85.9
108.8 104.4 104.9 106 106.7 107.8 108.4 109.6 112.3 115 118.5 120.3 121.7 123.6 124.1 123.7 123.6 124 123.2 123.8 122.7 121.9 121 119.9 118.5 117.1 115.7 114.3 112.8 112 111.2 109.9 109.1 108.4 107.5 106.7 106.6 106.3 107.1 108.3 110.7 115.8 121.4 126.2 129 131 130.7 129.2 127 124.5 122.1 119.6 116.6 113.4 110.7 107.8 105.5 103.5 101.9 100.3 99 98.7 97.8 96.3 94.8 93.9 92.9 92.4 92 91.3 90.5 89.7 88.9 88 88 87.7 87.2 86.8 86.4 86.1 86.1 86.2 86.2
106.6 104.7 100.7 102.6 104.5 105.5 106.8 109.4 112.4 115.9 119.9 123.8 129.8 129.2 128.7 128 127 127 126 124.5 123.6 122.2 120.5 118.8 117.4 116.1 114.8 113.3 111.7 110.3 108.6 107.6 106.8 106 105.2 104.3 103.7 103.3 103.4 104.4 106.9 110.8 117.6 122.2 125.3 127.8 128 126.3 123.5 121.1 118.8 116.1 113.5 110.9 108.4 105.6 103.3 101.2 98.9 97 96.9 96.2 95.7 94.2 93.3 92.6 91.8 91.3 90.7 90.1 89.4 88.6 87.7 86.9 86.4 86.5 86 85.6 85.5 85.5 85.4 85.6 85.3
104.9 103.4 100.9 101 102.2 103.1 104.8 107.2 110.5 116 120.9 128 132 131.9 130.3 130 129.1 128.1 126.9 125.3 123 121.2 119.6 117.9 116.4 115.1 113.7 111.5 109.3 107.6 106 104.4 104.4 103.3 102.5 101.7 101.2 100.8 100.5 101.1 103.2 107.2 112.8 117.6 121.6 124.8 125.6 122.7 120.9 118.9 116.3 113.6 111.1 108.5 106 103.4 101 98.9 97.2 95.4 94.9 94.2 93.6 92.8 91.9 91.1 90.5 90 89.4 88.9 88.2 87.4 86.8 86.3 85.8 85.3 85.1 85 84.9 84.8 84.7 84.9 83.3
103.2 102.8 101.5 99.6 100.3 101.3 103.1 105.3 108 113.3 119 125.7 128.6 129.8 129.2 128.1 127.1 126.3 124.9 122.7 121.6 119.6 117.5 115.3 113.5 111.9 110.4 108.4 106.9 105.6 104.3 102.8 102.3 101.9 100.8 100.2 100.2 99.8 99 98.8 100 104 108.3 112.5 117.7 122.3 123 120.2 118.9 116.3 113.7 111.2 108.7 106.3 104 101.5 99.2 97.1 95.5 93.9 92.9 92.5 91.9 91.2 90.4 89.6 89.1 88.5 87.9 87.5 87.6 87.3 87 86.5 85.9 85.1 84.8 84.5 84.3 84.1 84 84.3 82.8
103.9 103.4 101.7 100.5 99.4 100.7 102.2 103.6 106.1 109.3 115.5 122 125.4 125.8 124.9 124.1 123.2 122.3 121.8 119.8 118.1 116.4 114.3 112.3 110.6 109 107.7 106.3 105.1 104 102.7 101.8 101.5 100.8 100.3 99.6 99.2 99 99.1 98.1 98.4 99.9 104 107.9 110.2 113.2 115.7 115.9 115.2 113.7 111.6 109.5 107.2 105 102.8 100 97.5 95.3 93.7 92.4 92 90.9 90.3 89.6 89 88.7 88.2 87.7 87.2 87.5 88 87.6 87.2 86.7 85.9 85 84.7 84.4 84.1 83.9 83.7 83.2 82.3
105.7 104.5 103.8 102.3 99.3 101.2 103 104.1 105.8 108 113.2 117.9 122.2 121.1 120.3 119.4 118.8 118.2 117.6 116.4 114.7 113.2 111.1 109.4 108 107.9 107.7 105.4 103.7 103 102.3 101.7 101.3 100.8 99.8 99.2 99.4 99.6 99.2 98 96.9 97.7 99.7 102.2 103.6 106.8 110.8 112.8 113.1 112.4 110.2 107.8 106 103.7 101.6 99 97.1 94.9 92.7 91.5 90.6 89.6 89 88.8 88.5 88.3 87.7 87.2 86.8 87.4 87.9 88.8 87.7 86.6 85.7 84.9 84.6 84.3 84.1 83.8 83.5 83 82
107.3 106.1 104.8 102.5 98.9 100.8 103.6 104.8 106.6 108.8 111 115.6 117.9 116.3 115.5 115.4 115.2 114.4 113.5 112.6 111.4 109.9 108.3 108.2 108 107.9 107.4 105.2 104.6 103.8 102.6 101.9 101.4 100.9 100.8 100.5 100 100.2 99.1 97.8 96.5 96.4 96.9 98 97.6 100.8 105.2 108.3 109.5 108.6 106.2 105.1 104 102 98.7 98.1 96.8 94.8 92.7 90.7 89.4 88.4 88.3 88.4 88.1 87.9 87.4 86.8 86.6 87.2 87.8 88.5 89.1 86.8 85.4 84.8 84.5 84.2 83.9 83.5 83.1 82.5 82
109 107.4 105.8 103 99.2 100.7 103.6 104.1 105.8 107.6 109.2 111.2 110.7 111.2 111.7 111.7 111.7 111.1 110.7 109.5 108.9 108.7 108.4 108.2 108.1 107.9 107 106.1 105.5 104.9 103.4 102.2 101.7 102.3 103 102.3 100.7 100.2 98.9 97.6 96.6 95.8 95.3 95.5 95.3 96 100.1 101.4 102.1 102.1 101.6 100.2 98.5 97 97.2 95.5 94.8 93.1 91.1 89 87.9 87.6 87.5 87.7 87.7 87.5 87 86.4 86.5 86.4 86.7 88.3 88.6 87.5 86 84.8 84.2 83.7 83.4 83 82.7 82 82
107.2 105.7 103.9 101.5 100.4 101.2 102.5 103.1 103.6 104.7 106.7 106.9 105.2 106.2 107.2 108.9 112.7 113.6 112.6 112.5 111.5 110.3 109.1 108.6 108.7 108.2 107.4 106.4 105.6 105.4 104.7 103 103.6 104.7 104.8 103.6 102.1 101.2 100 99 98.4 97.8 96.8 96.7 94.7 93.7 94 94.3 95.4 96.2 97 97.1 95.6 94.8 94.3 92.8 92.5 91.1 89.4 87.4 86.9 86.8 86.7 86.8 87.1 87.1 86.6 86 85.6 84.9 86.5 86.4 87.1 87.3 86.1 85.6 84.8 83.9 83.2 82.7 82.2 82 82
104.6 103.7 101.6 99.7 98.9 99.1 100.5 101.2 102 102.8 103.1 102.2 102.6 106 111.8 115.9 118.2 117.1 116.3 115.6 114.5 113.1 111.7 110.3 109 108.3 107.6 106.3 105.1 105.1 105.2 104.1 103.2 104.3 103.6 102.3 101.6 101.5 101.1 99.8 98.6 97.8 97 96.3 95.1 93.6 91.9 90.7 91.4 92 91.9 92.5 93.1 92.5 91.3 90.4 90.2 89.2 87.4 86.3 86.2 86 85.9 85.8 86.1 86.4 86.3 86.1 85.7 85.4 86.2 87.2 87.5 87 85.4 86.3 85.2 84.4 83.7 82.9 82.2 82 82
