data/NJ75.asc
ncols 200
nrows 200
xllcorner 370000
yllcorner 850000
cellsize 50
[rows 111 to 147 of 200, columns 0 to 82 of 200]
59.7 62 62.2 62.3 58.3 61.7 64.2 66.9 69.7 72 74.5 76.8 78.3 79.7 80.6 80.5 80.2 80.6 81.8 84.6 87.3 88.3 89.6 90.9 92.2 93.6 94.7 95.8 96.5 97.2 98 98.9 99.8 100.1 99.9 99.6 100.1 100.7 101.3 101.5 101.5 101.5 102.2 102.3 101.9 101.4 101.1 101.3 101.2 100.8 100.1 99.4 98.7 95.7 89.8 80.8 78.5 82.5 90.3 95.4 98.8 100.5 100.4 100.4 100.3 99.6 98.9 98.3 97.6 96.8 95.6 94.8 95.3 96.4 96.8 96.8 96.7 95.9 94.6 93.2 92 91.7 91.4
58.4 61 57.3 50.1 51.1 63.2 65.7 67.8 69.9 72.3 74.6 77 78.5 80.1 81.6 81.8 82.2 82.6 83.4 86.2 88.1 88.8 90.1 91.4 92.7 94.1 95.4 96.3 97.1 97.8 98.5 99.3 100.2 100.4 100.3 99.9 100.1 100.7 101.2 101 101 101.1 100.8 100.5 100.2 99.8 99.6 99 98.7 98.6 98.1 97.4 96.6 93.8 88.7 82.6 79.2 86.1 92.6 97.8 100.6 102.5 102.5 102.5 102.4 101.7 101.1 100.4 99.7 98.1 96.7 96 98.6 99.5 99.3 99 98.6 98.2 96.9 95.5 94.9 94.6 94.5
53.6 53.6 46.9 58.6 61.1 63.3 65.6 67.7 69.9 72.2 74.6 76.9 78.6 80.2 81.9 83.6 84.1 84.6 85.1 87.9 88.9 89.6 90.5 92 93.3 94.6 95.8 96.8 97.7 98.4 99 99.8 100.7 100.8 100.7 100.3 100.1 100.7 100.7 100.5 100.5 99.6 98.7 98.3 98 97.4 96.7 96.3 96.2 96 95.9 95.4 94.2 91.3 86.9 82.2 79.7 90 96.1 100 102.4 103.6 104.4 104.6 104.5 103.8 103.2 102.5 101.4 99.4 97.8 97 101.1 101.2 100.9 100.6 100.2 99.9 99.3 98.1 97.9 97.8 97.7
51.6 39.2 52 58.2 60 62.7 65.5 67.6 69.8 72.2 74.5 76.9 78.8 80.4 82.2 84.2 85.6 86.6 87.1 89 89.7 90.3 91 92.3 93.8 95.2 96.2 97.2 98.2 99 99.6 100.3 101.1 101.1 101.1 100.7 100.4 100.6 100 99.6 98.7 97.8 97 96.1 95.8 94.5 93.9 93.8 93.7 93.5 93.4 93.3 91.9 88.8 85.1 80 79.7 91.9 98.2 100.9 103.2 104.5 105.4 106.2 106.5 105.9 105.2 104.5 102.9 100.5 98.3 97.6 102.2 102.6 102.4 102 101.7 101.4 101 101 100.9 100.8 100.7
42 44.6 51.6 55.2 59.3 62.1 64.8 67.4 69.7 72.1 74.4 76.8 78.9 80.8 82.7 84.7 86.4 87.7 88.9 89.8 90.4 91.1 91.8 92.7 94.2 95.6 96.6 97.6 98.6 99.5 100.2 100.8 101.5 101.5 101.5 101 100.3 99.6 98.8 98 97.1 96.2 95.3 94.4 93.2 91.9 91.5 91.4 91.3 91.1 91 90.9 90.1 86.9 82.9 77.9 85 93.9 99 101.2 102.9 104.2 105.5 106.4 107 106.9 106.2 105.1 102.8 99.8 96.9 97.1 102.8 102.3 101.7 101.6 101.5 101.2 101.7 102.5 102.6 102.5 102.4
34.8 44.9 50.6 54.9 58.5 61.3 64.1 67.3 70 72.4 74.7 77.1 79.1 81.1 83 85 86.8 88 89.2 90.2 91 91.8 92.5 93.2 94.5 95.6 96.6 97.6 98.6 99.5 100.3 100.9 101.4 101 100.2 99 98.3 97.7 97 96.6 95.7 94.8 94 92.7 91.5 90.1 89 89.1 89 88.9 88.7 88.2 87.7 84.9 80.4 76.5 88.1 94.8 98.5 100.8 102.1 103.4 104.7 105.7 106.2 106.5 105.9 104.7 102 99.1 96.3 95.9 100.5 101.3 101.1 100.8 100.5 101.8 102.6 103.4 104.1 104.1 104
40 45.1 50 53.3 57.8 60.6 64 67.4 70.6 73 75.4 77.4 79.2 81.2 83 84.6 86.7 87.9 89.2 90.2 90.8 91.5 92.2 93 94.4 95.5 96.6 97.6 98.6 99.4 100.2 100.3 100.3 99.8 98.9 97.5 96.4 95.7 95 94.9 94.4 93.5 92.3 91 89.7 88.3 86.8 86.5 86.7 86.6 86.4 86 85.8 82.9 78.2 79 91.1 94.9 98.3 100 101.3 102.2 103 103.9 104.7 104.7 104.3 103.1 100.4 97.6 94.7 93.8 99.1 99.9 99.2 98.8 100.3 102.4 103.2 104.1 104.9 105.7 106
37.9 44.2 48.8 52.1 57.5 60.8 64.2 67.5 70.7 73.7 75.8 77.5 79.3 81 82.5 84.1 86.5 87.8 89.1 90.4 90.3 90.3 91.1 92.1 93.7 95.4 96.5 97.6 98.6 99.3 99.1 98.9 98.8 98.6 97.5 96.1 94.7 93.7 93.1 92.9 92.8 91.8 90.5 89.3 87.9 86.5 85 83.8 84.1 84.3 84.3 84.5 83.4 80.6 75.1 82.6 91 94.7 97.7 98.6 99.5 100.3 101.2 102 102.8 102.7 102.3 101.4 98.9 96.2 93.1 93.1 97.5 98 97.1 98.7 100.8 102.7 103.5 104.2 105 105.9 106.9
35.6 42.5 48.4 53.4 57.7 61.2 64.8 68.1 71.2 74.3 76.1 77.7 78.9 80.5 82 83.6 86.3 87.7 89.3 90.7 90.5 90.4 90 91.4 93 94.8 96.5 97.5 98.5 98.1 97.7 97.6 97.5 97.4 96.1 94.8 93.4 92 91.1 91.1 91 90.1 88.8 87.5 86.1 84.7 83.2 81.7 81.3 81 80.6 80.9 81.7 76.3 75.7 82.8 89.7 94 97.2 96.6 97.5 98.3 99.2 100 100.3 100.4 100.1 99.2 97.3 94.3 91.6 92.5 94.4 96.2 97.7 99.5 101.5 102.7 103.5 104.2 105.1 106.1 107
31.9 39.9 47 51.7 57.9 61.9 65.7 69 72.3 75.1 77.1 78 78.9 80 81.6 83.5 86.1 87.7 89.6 90.9 90.7 90.1 88.7 90.6 92.3 94.1 95.9 96.8 96.4 95.8 95.6 95.6 95.4 95.1 93.7 92.4 91 89.8 89.1 89.7 89.1 88.1 87 85.8 84.3 82.9 81.4 79.9 78.2 76.9 76.3 78 78.7 72.2 77.8 83.9 88.9 93.3 96.3 96.4 95.4 96.3 97.2 97.7 97.8 97.9 97.9 97.1 94.6 91.7 90.3 91.3 93.8 96.5 98.7 100.5 101.9 102.6 103.5 104.4 105.3 106.2 107.1
27.5 36.7 44.8 51.3 57.5 61.5 65.6 69.4 72.7 75.7 77.5 78.4 79.2 80.1 81.1 83.3 85.9 87.9 89.9 91.2 90.7 89.2 86.4 89 91.6 93.5 94.4 94 93.3 92.4 92.3 92.8 93.1 92.7 91.3 89.9 88.6 87.5 87.1 87.8 87 86.1 85.2 84 82.5 80.8 78.9 77 74.9 71.7 71 72.4 71.3 73.9 80.2 84.1 88.7 93.1 95.5 96.3 95.3 94.3 95 95.1 95.2 95.3 95.4 94.7 91.9 89.2 89.6 91.5 94.5 97.2 98.7 99.7 100.5 101.2 102.4 104.3 104.8 105.4 106.1
24.8 33.7 42.6 50.7 57.1 61.3 65.5 69.5 72.8 75.8 76.6 77.2 78.2 79.3 80.3 82.8 85.5 88.2 90.2 91.1 91.4 90.6 85.4 86.8 90.3 91.2 90.9 90.6 89.9 89.2 89 89.5 89.9 90.8 89.8 88.8 87.8 86.7 85.6 85.6 84.9 84 83 82 80.1 78.3 76.4 74.5 72.3 69.3 69.3 69.7 72 76.6 81.3 84.6 88.5 92.5 95 95.3 94.8 93.4 92.7 92.8 92.9 92.9 92.7 92.6 91.6 88.1 89.4 92 93.9 95.3 96.7 98.1 99.1 99.8 101.3 102.9 103.8 103.9 104
23 30.8 40.1 48.5 56.1 60.9 65.3 69.4 72.8 75.8 76.1 76.3 76.9 78 79.4 82.1 85.1 88 90.4 90.9 91.4 90.3 85.7 84.4 86.5 87.7 87.2 87 86.8 86 85.8 86.3 87.2 88.8 88.2 87.2 86.3 85.3 84.1 83.4 82.7 81.6 80.5 79.5 78.3 76.4 74.5 72.2 70 68.9 68.9 71 74.5 76.2 81.6 84.6 87.5 91.5 93.5 93.9 92.9 91.5 90.4 90.4 89.8 89.8 90.2 89.7 89.2 87.2 88 90.3 91.3 92.7 93.9 95 96.8 98.4 99.6 100 99.9 100.6 100.7
22.3 28.5 37.5 47 54.6 60.2 64.7 69.1 72.3 74.3 75 75.7 76 76.6 78.8 81.7 84.6 87.4 90 91 91.7 88.9 84.1 82.1 83.8 85.5 85.5 85.3 85.1 84.2 82.9 83.6 84.5 86.4 86.7 85.7 84.7 83.5 82.4 81.8 80.8 79.5 78.2 77 75.9 74.5 72.4 69.6 67.7 67.6 68 74.6 76.9 77.9 80.7 83.7 86.6 89.4 91.8 92.2 91 89.6 87.6 86.7 86.8 87.3 87.4 86.9 86.4 84.5 85.4 87.5 88.7 90 91 91.9 93.6 94.9 95.6 95.7 95.3 96.1 97.4
22.4 26.4 35.4 43.7 51.9 59.3 63.5 67.7 70.8 72 72.7 73.4 74.2 75.5 78 80.8 83.6 86.3 88.9 90.5 90.6 87.3 82.5 79.9 82.1 83.8 83.8 83.6 83.4 82.4 80.9 81 82.1 84 85.1 84 82.8 81.6 80.7 80.3 79.1 77.8 76.5 75.2 73.9 72.6 69.8 67.2 66.5 67.8 71.6 74.9 75.5 76.6 78.6 81.6 84 87.3 88.9 88.2 89.1 86.8 84.8 84 84.3 84.7 84.6 84.2 83.7 82.3 84.4 86.1 87 87.1 88.1 88.8 90.3 91 91.4 91.7 95.5 98.3 100.1
21.9 23.5 32.6 41.1 49.7 57.4 62.2 66.2 69.2 69.8 70.6 72.2 73.4 74.8 77 79.7 82.5 85.3 87.7 88.9 87.9 85.6 81.8 77.2 80.8 82.1 81.9 81.7 81.4 80.6 79.3 78.5 79.7 81.6 83.6 82.7 80.9 79.7 79.3 78.6 77.3 76.1 75 73.9 72.8 70.4 68 65.7 69.3 70.1 73.4 73.5 73.8 75.2 77.1 78.7 79.8 81.7 82.5 82 83.2 83.2 82.4 81.9 82.1 82.3 81.9 81.4 80.7 82.4 84.5 85.5 86.3 86.5 86.6 87.7 89 91.1 92.9 95.7 98.9 101.9 104.1
21.5 22.7 29.5 38.9 47.7 54.9 60.7 64.6 67.1 68 69.7 71.4 72.6 74.2 75.9 78.7 81.5 84.1 86 86.2 84 81.8 78.5 75.5 79.5 80.1 79.8 79.5 79.2 78.3 77.3 76.4 77.3 79.4 81.5 82 80.4 77 76.7 77.2 76.1 75 73.9 72.8 70.6 68.3 66.2 65.5 69.5 67.9 70.7 72.3 73.9 74 74.9 75.8 76.3 77.6 77.5 78 79.2 80.6 79.6 79.8 80 80 78.9 80.2 81.7 83.8 85.8 87.1 87.7 88.6 87.6 88.2 89.5 92.4 95.6 98.5 101.6 104.5 106.3
21.2 22.9 27.1 38.1 46.4 52.8 58.5 62.2 64.5 66.7 68.8 70.6 71.8 73.5 75 77.7 80.4 83 84.6 83.7 81.1 77.7 74.5 74.6 77.8 77.9 77.6 77.2 76.9 76 75 75.1 74.2 75.9 77.8 79.8 79.6 77.4 74.3 75.2 75 73.9 72.8 70.8 68.5 66.2 65 67.8 69.2 69.4 69.1 70.7 71 73.1 72.5 72.7 73.4 74.1 74.2 74.6 75.7 77 77.1 77.3 78 79 80.2 81.7 83.3 85.3 87.2 89 89.9 90.8 90.7 90.3 90 92.9 96.4 100.2 103.9 106.3 107.5
18.6 22.1 25.5 34 43.8 50.9 55.7 60.4 63.1 65.5 67.8 69.7 71.4 72.9 74.3 76.6 79.4 81.9 82.4 80.5 77.2 73.1 67.6 73.4 74.5 75.8 75.4 75 74.6 73.7 73.3 71.5 70.5 71.6 73.5 75.3 76.8 75.6 71.8 72 72.4 72.7 71 68.8 66.5 64.7 65.7 66.9 68 67.4 67.6 72.8 69.2 70.3 70.6 71.4 73.1 73.5 74 74.7 75.2 76.2 76.9 77.9 79.3 80.6 81.9 83.4 85.6 88 90.1 91.9 93.2 94.2 94.6 94.2 92.3 93.2 97.1 100.8 104.2 106.2 107.4
20.1 20.2 23.4 31.1 43.4 48.7 53 57.6 61.7 64.2 66.8 68.9 70.8 72.2 73.7 75.6 78.4 79.4 78.2 76.2 72.8 66.6 59.8 71.7 72.4 71.9 71.8 72.2 71.9 71 69.2 67.3 66.9 67.3 69.2 70.4 72.2 72.6 71.5 71.7 71.7 71.4 69.6 67.7 65.5 64.3 65 65.7 66.8 68.1 70.1 71 71.6 71.9 72.8 73.9 75.3 76.5 76.7 77.4 77.7 78.1 78.8 79.8 81 82.3 83.6 85.9 88.3 90.7 93 94.8 96 97.2 97.7 97.3 95.6 92.9 97.2 100.6 104.2 106.1 107.3
22.2 19 18.7 32.9 39.8 46.8 50.4 55.1 59.6 63.2 65.7 67.2 69.7 71 72.1 74.8 79.1 78.2 75.7 71.1 66.8 58.7 62.1 69.3 69.5 67.5 66.6 65.9 65.1 65.9 64.6 62.1 63.3 63.7 64.9 67 69.2 70.7 71 70.9 70.7 69.8 67.8 66 63.5 63.6 64.4 65.6 67.5 69.6 71 72.1 74 75 75.7 76.4 77.4 78.6 79.5 79.9 80.2 80.6 81.4 82.4 83.1 83.9 86.1 88.5 90.9 93.3 95.7 97.4 98.4 99.4 100.3 99.6 97.3 95 96.6 100.4 104.2 106 106.9
23 22.4 19.1 22.3 34.9 38.8 47.5 53.4 56.9 60.8 64.9 67.1 66.9 69.4 70.2 74.6 76.9 73.9 72.7 69.4 59.5 49 63.5 65.7 64.4 49.1 49.4 53.8 57.5 61 58.5 61.9 61.9 62.9 64.3 66.5 68.7 69.4 70 70 69.7 68.1 65.8 62.5 63.7 64.3 65.7 67 68.5 70.4 72 74.2 76.2 78.1 79.1 80.8 81.8 82.6 83.1 82.7 82.8 83.4 84.8 86.1 86.3 86.6 88.4 90.8 93.2 95.5 98.2 99.5 100.4 101.4 102.3 102.1 99.6 97 97.1 100.7 104.3 105.5 106.1
23.8 22.5 21.3 18.9 27.2 39.7 46.7 51.5 55 58.5 61.7 63.4 67 66.8 69.9 72.1 74.2 70.3 65.7 58.5 49 47.5 46.3 47.6 49.4 51.8 50.1 49.7 49.8 50.7 60.2 61.6 62.3 62.6 63.7 65.9 67.8 68.3 68.7 68.9 68.7 65.4 63 63.2 64.8 66.2 67.1 68.4 69.6 71.5 74.5 76.6 79 82.6 84.3 86 86.8 87.6 87.7 87.3 87 87.3 88.2 89.4 89.6 89.4 90.6 93 95.4 98.1 100.4 101.5 102.5 103.4 104.3 103.5 101 98.3 99.1 102.3 103.8 104.8 105.3
25 23.7 22.2 20.9 19.4 34.9 43.8 49.1 51.8 55.1 59.2 61.5 62.8 66.2 66.1 69.8 70.9 67.5 61 45.8 48.4 53 54.7 57.7 60.5 61.2 61.1 59.2 55.3 51.5 50.9 51.3 56.5 62.2 63.4 65.3 66.6 67.1 67.4 67.8 66.8 61.9 62.6 64.4 65.9 67.4 68.6 69.8 71 73.9 77.3 80.3 83.9 88 89.6 91.1 91.9 92.7 92.3 92.1 91.7 92.3 92.9 93.1 92.4 92.2 93.1 95.3 98 100.7 102.4 103.5 104.6 105.5 105 103.9 101.9 99.9 100.3 101.4 103.1 104.3 104.6
26 24.5 23.3 22.4 19.1 31.3 39.4 44.2 48.2 52.7 56.6 60.1 61.8 63.8 66.3 67.8 68.7 63.6 52.5 47.2 60.5 60.6 61 62 62.7 63.4 63.8 64.3 62.9 61.6 59.7 58.7 52.7 53.2 60.1 64.6 65.3 66 64.2 61 60 61.2 62.8 65.4 67 68.6 70.2 71.6 73 76.6 80.3 85.1 89.5 93.3 95.3 97.6 98.4 97.9 97.1 96.8 96.4 97.4 97.3 97.5 96.3 95.7 96.2 97.9 100.6 103.3 104.4 105.8 107 105.9 105 104 102.9 102.1 101.3 100.4 102.5 103.8 104.1
26.8 25.4 24.5 23 19.2 26.9 36.1 42.8 46.7 49.7 53.2 56.5 60.4 62.1 64.6 65.1 62.9 58 40.7 47.7 61.4 62.2 62.9 63.8 64.5 65.5 66.2 66.7 67.4 67.2 66.5 67.2 63.9 60.2 58.5 58.3 58.3 58.3 59 63.9 64.5 65.1 64.7 66 68.2 70.3 71.9 73.6 75.2 78.8 82.7 88.9 94.6 98.7 102.1 104.1 104 103.2 102.5 102.6 101.5 100.9 102.1 101.7 100.5 99.3 100.4 102.3 104.2 106.6 108.2 109.1 108.5 107.3 105.9 104.7 104.6 105.3 104.1 103 103.2 103.4 103.6
27.6 25.9 23.9 22.6 20.6 24.5 32.8 39.7 44.3 46 49.1 52.8 55.6 57.4 55 48.7 45.3 40.9 40.7 50.6 60.7 63.1 64.8 65.6 66.6 67.5 68.5 69.1 69.9 70.7 71.7 71.4 71.2 69.7 69.6 69.6 68.5 68.2 69.1 66.3 68.9 68.3 67.6 68.9 70.6 72.2 73.7 75.3 77.2 80.6 85.9 91.5 99.4 105.9 108.7 110.1 110 109 108 108.4 108.6 108.6 108.3 106.9 105.5 104.1 105 106.9 108.8 110.4 111 110.9 109.8 108.6 107.4 105.9 106.2 108.1 107.2 103.8 103.5 103.4 103.4
29.2 26.6 24.1 22.3 22.4 21.7 30.8 37.8 41.8 42.3 43.5 46.4 49.4 48.3 37.8 39.2 47.1 50.9 56.5 61.2 62 64.2 66 66.8 67.8 68.7 69.7 71 71.6 72.2 73.8 75.5 74.9 74 73.9 73.5 72.8 72.7 72.2 71.9 71.2 71.3 70.6 71.8 73.5 74.9 76.1 77.3 79.1 82.5 88 94.2 103.6 109.9 113.5 115.6 116.3 115.2 114.6 114.5 114.8 114.3 112.7 111.4 110.2 108.9 109 110.4 111.4 112.1 112.8 112.3 111.1 109.9 108.7 107.5 108 108.1 107.9 105.5 104.3 103.7 103.7
30.6 27.8 25.1 22.6 22.7 20.5 28.9 36 41.6 42 40.6 40.5 42 40.7 41.1 49.5 59.8 60.2 61.6 62.9 63.9 65.3 66.7 67.3 68.3 69.2 70.2 71.8 73.1 73.6 76 78.7 78.6 77.9 77.1 76 75 74.9 74.3 74 73.7 73.9 73.6 74.7 76.1 77.3 78.5 79.7 80.8 83.2 88.8 95.7 106.2 112.5 117.8 120.8 122.8 122 121.4 121 119.9 119 116.8 115.2 113.9 112.4 111.7 112.3 113 113.7 114.2 113.7 112.5 111.3 110.1 109 109.2 109.4 108.9 106.8 105.5 104.7 104.2
31.5 28.6 25.8 23.7 22 20.6 27.7 35.2 42.5 44.3 41.4 35.7 38.1 40 47.8 55.1 59.7 61.4 62.8 64 65.2 66.4 67.4 67.9 68.8 69.8 71 72.6 74.2 75.3 78 80.5 81.5 80.6 79.5 78.5 77.5 77 76.5 76 76.1 76.3 76.5 77.4 78.5 79.7 80.9 82 83.2 84.1 87.9 95.6 108.1 115 121.2 125.4 128.2 127.9 127.1 126.6 125 123.3 121.1 118.9 117.4 115.4 113.1 113.7 114.6 115.3 114.9 114.7 114 112.8 111.6 111 111.2 111.5 110.2 107.4 106.2 105.8 105.2
32 29 26.1 24.5 22.8 20.3 25.7 33.7 42 49.7 43 32.8 35.9 45.5 51.4 61.2 60.5 63 64.2 65.1 66.3 67.4 68.2 68.6 69.3 70.3 71.8 73.4 75 76.9 79.9 82.1 82.8 82.9 81.9 81 80 79.2 78.7 78.3 78.4 78.6 78.8 79.8 80.9 82.1 83.2 84.7 86.1 87.3 90.8 96.4 108.5 116.9 123.1 127.6 131 132 131.3 130.6 129.2 127.2 125.2 122.7 120.6 117.5 115.3 115.3 116.1 116.2 115.7 115.3 115.4 114.2 113.1 113.1 113.3 113.5 111.5 108.8 107.5 107.6 107.4
34.7 28.8 26.7 25 23.2 20.2 25.2 32 38.1 42.6 39.9 32.3 37.2 39.1 39.1 39.1 57.1 63.3 64.9 66.1 67.2 68.1 68.8 69.3 69.8 70.9 72.5 74 75.3 76.9 80.3 82.7 83.4 83.3 82.3 81.3 80.4 80.7 81 80.8 80.6 80.7 81.3 82.2 83.3 84.4 86.2 88 89 89.6 92.7 98.4 105.9 115.5 124.4 128.4 133 135 135.5 134.5 132.7 130.7 128.7 125.7 122.3 120 118 117.9 118.7 117.3 116.4 115.9 116.3 115.7 114.5 115.3 115.5 115.4 112.8 110.3 109.5 109.7 109.9
34.8 28.7 26.6 24.7 22.9 20.2 23.8 29 34.6 37.7 33.5 33.6 45.7 57.3 42.5 39.5 45.6 65 65.6 66.6 67.1 68.1 68.8 69.6 70.4 71.6 72.9 74.3 75.6 77 79.9 81.7 83.5 83.4 82.4 81.5 81.5 81.8 82.1 82.4 82.7 83.2 83.8 84.7 85.8 88 90.6 91.8 93.2 95.6 98.7 104.2 109.4 116.5 123 130.6 134.7 137.2 138.1 137.5 136.2 133.7 130.8 127.8 124.6 122.5 121.6 120.1 120.8 119.5 117.6 116.7 116.8 117.2 116.4 117.4 117.7 116.8 114.3 111.8 110.8 110.8 111
30.7 28.8 26.6 24.6 23 20.2 22.3 26.5 29.4 31.7 30.3 38.7 52.9 65 63.8 57.4 65.7 66.9 66.8 66.8 66.9 68 68.8 69.7 70.7 72.3 73.5 74.8 76 77.3 78.8 80.6 82.4 83.3 82.6 82.3 82.6 83 83.3 83.7 84.1 85.3 86.3 87.1 88.9 91.6 94.2 96.8 99.6 102.4 106.3 112.2 116.1 122.2 128.5 133.7 137.2 138.8 138.8 138.5 137.2 134.6 132.1 129 126.5 124.7 122.9 122.5 122.5 120.9 119.4 117.8 117.4 117.8 118.5 118.9 118.6 117.9 115.2 112.4 111.9 112 112.2
30.8 29 26.8 24.6 23.2 21 22.1 25.1 26.1 28 32.3 39.9 47.2 58 61.2 64.8 66.7 68.2 68.6 68.5 67.9 68.2 69.2 70.1 71.2 73.1 74.3 75.6 76.8 77.9 79.2 80.4 81.6 82.6 83.1 83.6 84 84.3 84.7 85.1 85.6 86.7 88.3 89.9 92.7 95.5 98.3 101.1 104.1 108.7 114.1 119.2 123.1 129.4 133.4 136.6 138.4 139.1 139 138.3 136.8 134.9 132.3 129.1 127.6 126.4 125.2 123.4 122.6 121.8 120.3 118.6 117.6 117.8 118.3 118.2 118 117.4 115.2 113 112.6 112.9 113.3
30.8 29 26.8 24.8 22.9 23.9 20.9 24.1 26.7 29.7 32.2 39.9 47.9 58.5 62.1 65 67.1 68.7 69.4 69.6 68.9 68.6 69.5 70.5 71.8 73.7 75.1 76.4 77.9 78.6 79.8 81 82.5 83.5 84.2 84.8 85.4 85.7 86.1 86.5 87.1 88.2 89.7 91.8 95.2 98.8 102.3 105.4 108.7 113.4 119.1 123.1 129.6 133.1 135.1 136.8 137.1 137.3 137.4 136.7 135.8 134.3 132.1 129.2 127.6 126.4 125.2 123.9 122.8 122.2 120.5 119.1 117.7 117.4 117.1 116.8 116.1 115.2 114.1 112.8 112.7 112.7 112.6
30.9 28.9 26.5 25 23.6 23.7 20.6 24.1 25.8 27.8 31.1 38.6 50.9 58.6 62 64.9 67.1 69.1 69.8 70.4 69.5 68.9 69.9 70.9 72.4 74.2 75.9 77.4 78.7 79.2 80.5 82 83.8 84.5 85.2 85.8 86.5 87.1 87.5 87.9 88.6 89.6 91.1 93.4 96.4 100 103.6 107.3 111.7 115.8 121.2 126.8 131.9 134 134.7 134.8 135.2 135.5 135.7 134.8 134 133.1 131.8 129.3 127.7 126.3 125.1 123.9 122.9 121.7 120.1 118.4 116.9 116.5 116.2 115.5 114.5 113.5 112.7 112.1 112 111.9 111.8
