data/NJ93.asc
ncols 200
nrows 200
xllcorner 390000
yllcorner 830000
cellsize 50
[rows 152 to 189 of 200, columns 0 to 84 of 200]
45.3 43.6 42.5 42.8 43.4 41.8 39.6 37.9 37.6 37.4 36.9 36.3 37.2 38.4 37.8 39.1 40.8 40.8 41 43 44.6 44.5 42.8 39.8 36.5 33.1 31.7 31 31.2 30.8 30.4 27 24.8 19.7 17.1 12.2 9.4 9.4 9.4 10.5 10 9.8 11 11.2 12.3 12.7 14.8 17.8 21.9 26.7 30 31.7 33.5 35.3 38.3 41.6 45.5 48.6 51.4 53.4 55 55.7 55.2 55.4 55.4 58.3 60.8 61.7 66.8 69.4 69.7 68.1 65.2 62.2 61.3 60.9 60.1 58.5 56.3 54.1 47.6 52.9 54.8 55.3 54.4
47.3 44.9 42.8 41 41 40.8 39.8 38.2 37.8 37.2 36.5 36.5 37.6 38.9 40.4 42.5 45.1 45.9 45.5 46.7 48.1 47.6 46.9 45.8 42.4 37.7 33.1 33.2 34.3 36 35.5 32.5 30 26.8 20.2 17.6 10.2 9.4 9.4 9.4 9.4 9.9 9.4 10.2 11.1 11.1 12.9 16.8 20.5 25 27.8 31.1 33.7 35.6 37.7 40.4 44.6 48.2 50.2 52.1 53.5 54.4 54.4 54.9 56.3 59.5 60.8 61.2 64.7 66.5 66.7 66.6 64.5 61.7 60.3 59 59.1 59 57.2 55.1 52.4 50.9 53 54.1 54
49.7 46.8 44.2 41.7 39.9 39.6 38.7 38.6 38 37.3 36.7 36.9 40 43.2 45.5 47.8 48.6 48.7 50.2 50.8 51.5 51.3 51.2 49.8 47 42.1 36.5 33.9 35.6 43.3 42.4 37.4 34.7 31.6 25.3 22 15.7 14.1 9.4 9.4 9.4 9.4 9.7 9.8 10.2 11.1 13.3 17.8 23.1 25.9 28.8 31.7 33.9 36.2 38 40.2 43.1 45.9 48.7 50.2 51.5 53.1 54.1 55.1 57.1 58.4 59.1 60.2 62.6 63.9 63.8 63.7 61.8 60.9 60 59.1 57.8 57.7 56.5 55.8 53.8 51.3 50.5 51.6 51.9
52.1 48.8 45.8 42.9 40.8 39.7 40.1 40.4 39.9 40.1 40.8 41.5 44.5 47.5 49.7 51.1 52.2 52.7 54.6 55.4 54.2 53.8 53.3 51.8 48.1 43.4 37.9 34.9 36 41.7 43.2 41.2 40.2 35.5 29.9 25.5 19.1 16.9 12.2 9.4 9.4 9.4 10.1 11.4 10.2 11.4 13.2 18.8 24.3 29.2 31.7 33.6 35.4 37.6 39.6 42.2 43.6 45 46.7 48.9 50.8 52.1 53.4 54.7 56.4 58 58.2 59.2 60.5 61.3 61.4 61.3 60.8 61.8 61.3 59.9 57.4 56.9 56.6 56.2 53.7 51.1 48.9 48.5 48.7
54.6 53 49.1 46.4 43.1 40.9 40.5 41 41.5 42.5 43.4 45.7 48.3 51 52.9 53.4 55.2 56.4 56.3 57.4 57.1 55.4 53.5 51.9 48.2 43.5 38.6 34.2 35.9 40.9 33.8 36.1 39.4 37.5 35 31.1 23.6 20.6 19.7 16.1 13.3 9.4 9.4 12.2 10.8 10.5 13.2 20.3 27.6 34.3 37.3 38.5 38.1 40.2 42.5 45.4 48.7 49.6 49.6 49.7 50.2 51.4 52.8 54.4 56.1 57.8 58.8 60.3 60.8 61.2 61.3 60.7 60.7 61.6 62.3 60.7 58.1 56.9 56.7 56.3 53.9 51.3 48.9 47.8 45.8
56.6 54.9 52.8 50.7 47.3 44.6 43.7 43.1 44.3 45.8 46.3 47.5 50 53.4 55.1 55.2 55.6 57.4 58.1 59 59 56.8 53.8 50.9 48 44 38.8 33.9 35 37.2 29.8 18.3 18.6 19.6 32.6 23.2 28.2 21.7 19.5 18.8 15 9.4 9.4 12.5 10.3 10.8 12.8 23.7 31.7 38.9 42.5 44 43.6 43.7 46.1 48.8 52.4 54.5 55.5 54.4 54.2 54.1 55.5 56.7 58.4 59.2 59.7 61.5 62 62.4 62.3 61.4 61.2 62.1 62.6 60.7 58.4 56.9 56.8 56.1 53.8 51.4 49.1 46.9 44.9
60.8 58.5 56.2 53.8 51 50.8 50.5 48.9 47.8 48.2 49 49.5 51 54.3 56.6 57.7 56.8 58 59.7 61.1 60.8 58.2 54.8 50.9 47.6 44.1 39.6 35.6 35.1 33.8 33.8 31 29.3 24.8 29.1 29.6 29.6 25.1 22.8 18.7 16.9 10.9 9.4 10.4 10.6 10.5 12.3 25.6 34.8 42.5 46 47.8 47.4 48 50.2 51.7 54 57 58.5 58.5 58.7 57.7 58.1 59.4 60.5 60.3 61.1 62.4 63.4 63.5 63.1 62.2 61.3 62.2 62.1 60.8 58.6 57.4 57.3 56.3 54.2 51.7 49.1 46.9 45.2
63.8 60.9 58.9 57 53.3 53.6 54.9 55.5 56.5 55.7 54.2 53 52.9 54.2 56.7 58.4 57.5 57.3 59.2 61.1 60.1 58.1 54.7 50.7 46.8 43.6 40.1 35.1 33.6 33.2 32.9 36.2 38.9 33.4 29.5 28.8 28.9 32.6 33.1 21.3 18.2 14.4 9.4 9.2 8.4 10.5 11 22.8 34.1 41.7 46.4 48.4 48.8 50.6 52.1 53.2 54.6 57.8 59.6 60.1 59.6 59.3 59.6 60.9 62.7 61.4 60.8 63.3 63.7 63.4 63.3 63.3 62.2 61.7 61.4 60 58.6 58.2 57.9 56.4 54.6 52.1 49.4 47 45.2
65.3 63.4 61 59.1 58 58.3 58.8 59.8 60.2 60.3 59.7 57.4 55.5 56.4 57.7 58.2 58.2 57 56.5 58.3 57.9 56.9 54.4 50.1 46.1 42.5 39.2 35.1 32.7 31.9 32.3 33.3 36.2 33.8 28.6 28 29.5 27.4 22.8 20.5 19.7 16.2 10.4 9.1 10.2 10.1 11.1 18.9 29.4 37.4 43.1 46.7 48.2 51.1 52.9 53.8 54.8 57 59.2 59.8 60.1 59.9 59.6 61.6 62.2 61.7 60.6 62.3 64.2 63.3 62.6 63.3 63.3 62.8 62.3 61.1 59.7 58.7 57.7 56.4 54.4 52.4 49.8 47.4 45.5
66.4 64.9 63.8 62.1 59.8 60.4 61.3 63.6 63.9 62.3 61.6 60.2 58.1 59.5 59.9 59.2 59.1 57.5 55.9 55.7 55.4 54.3 52.1 48.7 45.4 41.8 38.3 35.4 33.3 32.4 31.3 31.9 33.6 35 28.8 27 25.9 22.6 23 20 19.7 16 12.4 10.7 10.1 9.6 11.7 19.6 25.7 33.1 38.9 43.1 45.4 49.2 52.4 54.1 55.8 55.9 57.6 59 59.5 59.8 59 59.7 61 60.9 60.6 62.5 64.3 63 61.6 63 64.3 64.7 64.4 63.7 62.5 61.4 59.4 57.3 56.3 53.4 52.1 50.2 47.3
67.4 66.3 66.2 65.6 63.2 61.4 62.6 64.1 64.8 64.1 63.4 62.5 60.6 60.5 60.7 60.3 59 57.3 55.9 54.5 53 51.9 49.4 47.2 45.5 42 37.9 36.1 36.7 34.5 31.2 31.4 31.9 32.3 33.8 31 24.8 22.1 24 28.8 17.4 13.8 10.6 10.2 10.2 10.8 15.7 21 24.3 28.9 34.8 38.3 41.9 46.3 49.5 52.5 54.3 55.2 57.1 59.1 58.4 58.5 58.5 59.7 60.4 60.4 60.1 61.2 63.2 61.7 60.9 61 63.7 65.1 64.9 65 64.6 62.8 60.2 58.9 57.9 56.6 55.9 56.1 49.6
68.1 67.1 67.1 67.5 66.4 64.9 64.5 65.3 65.4 65.5 65.2 64.4 63.1 61.7 60.2 59.6 58.9 57.2 56.2 54.5 52.4 50 47.9 46.2 44.8 40.9 38.2 41.7 43 38.8 34.7 35 33.7 29.2 31.7 30 24.9 24.6 24.2 19.3 15.4 10.7 10.1 10.1 9.3 14.5 19.5 20.9 24.5 28.7 33.5 37.9 41.2 44.4 47.8 50.7 53.2 54.3 54.3 55.7 56.1 56.2 58.4 59.6 59 59.1 58 59 60.4 60.4 60 60.2 61.4 63.7 64.2 64.6 64.3 62.9 61.2 59.7 58.4 57.1 57.2 54.5 50.5
67.2 67.3 67.2 67.6 66.9 66.8 67.5 66.9 66.8 66.5 66.1 65.1 64.1 62.2 60.8 58.9 58.3 57.2 55.9 54.3 52.7 50.7 47.8 44.5 42.8 41.5 43.3 46.6 46.8 44 41.5 39.2 35.6 30.5 37 28.7 24.3 24.8 20.1 15.9 11.7 10.5 9.9 9.6 13.8 18.8 23.1 25 24.4 28 32.9 38.3 41.5 44.6 48.8 53.2 54.3 53 53.1 53.5 54.8 55.6 56.2 58.3 58.1 57.4 56.1 56.5 58.2 58.7 57.6 57.7 59.4 60.6 61.3 62 61.3 61.1 60.2 59.4 58.3 57.1 56.2 54.1 51.3
67.9 68.3 67.8 65.9 65.9 65.9 66.3 66.7 67.1 67.4 66.8 65.7 64 62.9 61.1 59.1 57.4 56.1 54.9 54 52.7 52.1 50.5 48.1 47 46.3 48.2 50.3 49.4 45.8 44.9 43 37.5 31.9 26.8 25.8 24.7 22.3 17.2 12.9 10 10.1 8.9 10.7 16.4 23 27.6 29.8 29 27.3 31.8 38.6 42 44.6 48.9 53.2 56.2 55.7 53.5 52.5 53 53.8 54.4 55.1 56.5 57 56.2 55.3 56 56.2 55.8 55.7 57.5 58.8 59.1 59.1 59 58.9 58.2 57.6 57 56.4 55.8 54.3 53.1
69.5 69.5 68.9 66.3 64.1 64.5 64.7 65 65.4 66 66.6 66.5 65.2 63.8 61.8 59.5 57.7 56.2 54.8 54 53.5 53.1 53.3 51.9 50.7 50 50.4 50.7 48.6 46 44.1 41.9 38.7 34.1 29.1 25.2 20.1 18.6 14.2 10 9.3 9.4 10.3 10.8 19.8 29.7 33 34.6 34.5 31 29.6 36.7 41.9 45.4 48.5 52.7 55.3 57.4 56.1 54.6 52.3 51.5 52.1 53.1 54.1 54.1 55.1 54.1 53.4 53.1 53.3 54.4 56.8 58.2 58 57.6 56.9 56.8 56.2 55.7 55.1 54.6 54 53.4 53.5
70 69.8 69.4 67.1 64.4 63.3 63.4 63.5 63.9 65.6 65.6 66.2 66.1 64.8 63.4 61.1 58.5 57 55.9 55 54.2 54.2 54.4 54.4 54.9 53.7 52 50 48 46 43.4 41.4 38.3 35.1 31.3 27.2 23.2 17.4 13.9 9.3 8.5 9.8 9.9 9.4 16.9 27.9 37.4 38.4 35.5 33.7 32.3 32.9 39.8 44.1 47.7 52.2 55.7 57.8 57.2 56.3 53.3 49.6 48.2 49.4 51.2 52.2 52.6 52.6 52.3 51.6 51.7 53.3 56.5 57.1 56.5 56.2 55.9 55.2 54.9 54.1 53.6 53.2 52.4 52.5 53.4
69.5 68.9 68 66.9 64.7 62.9 62.6 62.7 63.3 65.2 66.3 66.1 66 66 65.3 64.2 61.2 59.1 56.9 56 55 55.2 54.8 54.6 55.1 53.8 51.4 49.6 47.7 46 44.4 41.7 38.5 35.9 32.8 29 24.5 19.1 13.3 9.7 10 10.5 10.3 11 14.9 23.4 33.7 35.1 35.7 34.3 34.2 34.5 36.7 42.2 46.2 51.5 55.9 57.7 57.2 56.4 54.5 50.6 46.2 46.4 48.4 49 49.8 49.7 49.3 50 50.8 51.9 53.9 54.5 53.6 53.6 54.3 54 54.4 54.3 52.7 51.9 51.6 52.6 53.2
69.8 68.4 67.7 66.9 65.2 63.2 62.3 61.8 62.2 64 64.7 65.1 65.3 65.8 66.9 67.1 65.5 62.4 59.8 57.6 55.8 55.4 54.9 54 53.7 53.1 50.6 48.6 47.3 45.9 43.9 41.8 39.6 37.2 33.4 29.6 25.8 20.2 13.9 9.9 10.4 10 9.7 11 14.7 20.8 29.5 32.3 32.5 34.3 34 34.9 36.8 39.5 44.4 50.9 55.5 57.2 57.3 56.7 55.4 51.7 46.5 44.6 44.5 44.2 44.8 45.6 46 46.7 48.7 50.5 51 51.8 51 51.9 52.3 52.9 53.4 53.2 51.8 51.3 52.1 52.9 53
69.7 67.7 67.3 66.7 64.9 63.4 62.2 61.4 60.4 61.8 62.3 62.6 63.2 65 67.6 67.4 67.1 65.5 62.6 60.1 57.8 56.4 55.1 53.1 52.7 52.2 50.4 48.3 47 46 44.4 42.9 40.9 37.7 33.8 29.7 25.8 20.3 13.8 7.9 10.3 9.7 9.2 11.8 16.2 18.9 26.3 28.1 29.1 31.6 33 33.7 36.8 39.1 42.6 48.2 53.6 55.1 55.9 55.7 56.1 52.3 47.4 43.7 41.4 40.1 39.7 39.5 41.2 43.4 45.6 46.6 48 48.9 50.3 51.5 51.6 51.7 51.4 50.8 49.5 51.3 52.6 53.7 52.3
70.7 67.7 65.9 65.4 64.4 62.9 63 61.1 59.6 59.2 59.8 60.1 61.6 63.6 66.1 66.2 65.7 64.6 62.6 60.9 58.7 56.4 54.9 52.8 51.3 50.5 50 48.3 46.8 45.9 45 43.4 41.9 38.5 32.4 29.5 27 22.8 16.7 10 9.6 10.2 9.3 11.8 16 17.1 25.9 27.6 28.8 29.9 31.3 34.8 36.2 37.9 40 45 50.6 52.7 53.4 53.9 53.3 51.7 48 43.3 39.7 37.4 36.7 35.9 37.1 39.6 41.9 42.5 44.9 47.8 49.3 51 50.5 49.3 48.9 47.9 47.7 49.9 52.2 51.5 49.7
70.4 67.7 65.3 63.7 62.9 62.3 62.3 61.1 58.7 58.1 58.9 58.9 60.5 62.1 63.4 63.2 62.9 61.5 61.2 60.1 58 55.6 53.8 53.1 52.3 50.7 49.7 48.4 47.2 46.1 45.1 43.5 41.7 37.8 34.8 33.4 31.1 26.1 20 12.4 8.2 9.8 9.6 10.3 14.2 15.7 21.7 27.1 28.3 29.2 30.4 33.8 36.2 37.9 39.1 41.8 46.2 50.1 51.6 52.4 52.5 50.3 46.6 43 39.6 37.1 34.5 32.9 33.6 35.1 37.3 39.3 41.9 44.8 47.5 48.6 48.3 46.7 45.2 44 44.8 47.7 49.6 49.6 47.2
68.3 66.7 64.5 62.4 61.4 61.2 60.6 59.6 57.2 56.4 57.5 59 60.1 61.6 61.4 60.9 60.2 58.4 57.9 57.3 57 55.4 55.1 55.1 54.2 53.1 51.8 51.2 49.7 47.6 45.8 45.1 43.3 41.9 40.8 39.6 36.8 30.3 24 19.6 9.4 8.4 9.8 10.8 12.2 14 18.9 25.2 28.2 29 29.3 32.2 36.1 37.7 38.3 39.4 42.4 45.4 48.7 50.3 49.8 48.5 45.8 42.5 40.3 37.6 34.5 31.9 30 32.2 33.7 35.3 38.6 43.2 46.9 46.3 45.1 44.2 42.8 41.3 41.9 44.9 45.4 45.6 44.5
66.8 67.2 64.7 62.1 59.8 59.3 58.7 57.6 55.8 55.3 55.7 56.4 57.5 58.6 59.1 58.6 57.4 55.8 55.5 56 55.5 55 56.1 57.1 55 53.4 54 53.9 52.3 50.4 48.5 48 46.5 46.5 46.7 44.9 41.4 34.5 28.7 25.7 14.5 8.9 9 10.2 11 13 14.8 20.9 27 27.6 28 30.6 33.8 36.4 37.6 37 39.1 42.5 45.1 46.4 46.8 46.1 44.3 41.7 40.3 37.2 34.2 31 27.8 29.1 29.6 30.6 36.3 42.1 45.9 43.8 42.1 40.2 38.5 38.8 39.4 40.6 43.2 41.8 41.8
66.3 65.9 63.3 61.1 59 57.2 56.4 55.7 54.5 53.9 55.6 56.6 56.5 56.4 57 56 54.9 53.8 53.5 54.4 54.6 54.7 55.2 56.2 54.8 53.8 55.3 55.7 54.7 53.1 51.4 50.8 50.4 49.8 50.3 46.5 41.9 36.3 32.6 29.7 23.2 9.8 7.6 8.7 10.2 12.1 13.4 16.3 23.2 23.5 26.3 29.3 33.4 34.7 36.2 36.3 35.6 38.2 40.8 42.2 44 44.2 42.7 40.4 38.8 36.3 32.9 29.3 27.3 24.8 24.2 27.5 32.6 37.4 38.7 38.7 37.8 35.9 35 35 36.4 37.7 36.7 36.3 36.4
65.9 64.7 62.5 60.3 58.3 56.1 54.3 53.4 52.7 52.4 53.5 54.7 55.3 55.3 55 54 53 52 51.4 52.6 53 52.9 54 54.3 54.3 54.1 55.1 56.2 56.5 54.5 52.7 51.7 52.3 51 49.6 47.9 43.5 38.6 32.9 28.5 24.8 19 12.9 7.7 9.1 10.6 11.8 13 16.2 20.5 24.1 27.7 30.8 33.7 34.5 35.3 36.1 36.2 37.7 39.3 40.7 40.8 40.4 39 36.7 34 31.2 27.6 24.3 21.7 20.6 23.2 27.9 32.5 32.7 32.9 32.7 32.1 32.1 32.3 32.2 33 33.7 33.3 32.5
64.6 64.3 62 59.5 57.1 54.4 52.9 51.4 50.4 51.1 51.5 52.4 53.1 53.2 52.9 52.1 51 50 49.8 50.7 51.4 51.3 51.7 52 51.9 51.7 52.2 53.9 55.9 55.5 53.4 50.3 51.3 50.8 49.1 47.2 44.9 39.9 34.4 29.7 24.4 22.1 19.1 14.1 8 8.9 10.3 11.5 12.8 18.7 23 26.8 29.5 31.4 32.2 33.6 36.5 34.2 35.8 37.5 38.1 38.6 38 35.7 34.4 32 29.2 26.3 22.8 20.5 18.9 19.8 22.8 26.2 27.2 27.4 27.6 27.3 27.6 28 29.8 29.3 29.3 28 29.3
63.2 62.7 61.2 58 55.3 52.9 51.4 49.8 49.2 50 51 50.2 50.9 50.9 50.8 50.2 48.9 48.5 48.5 49.1 49.3 49.8 51.1 50.5 49.5 49.2 50.5 51.9 54 54.2 51.7 49.6 48.8 48 47.2 45.5 44.5 41.6 36 30.8 26.2 20.4 17.1 13.2 9.3 8.4 8.9 10 11.1 15.8 21.5 25.2 27.2 29.1 30.3 30.8 32.7 33.7 32.8 34.2 35.2 35.9 33.9 31.6 30.3 28.9 27 23.8 20.5 17.2 17.9 17.9 19 20.2 20.9 21.8 22.1 23.4 24.4 24.8 25.5 26 26.2 25.8 26.1
61.5 60.6 58.9 56.4 54.3 52 49.8 48.2 48.7 50.3 51.1 49.8 48.7 48.5 48.6 48.3 47.5 46.7 47.4 47.9 47.3 48.4 48.6 48.6 47.6 47.2 47.2 49.3 51.5 50.9 49.9 47.9 45.4 44.4 44.5 42.9 42.9 41.5 38.2 32.6 27.4 21.7 16.2 12.8 9.6 9.9 7.8 9.6 10.2 13.7 19.4 21.7 23.9 26.1 28.4 28.6 28.3 29.6 30.4 30 28.2 28.6 27.6 26.8 26.7 25.1 23.9 20.8 18.2 14.6 13.7 15.7 16.4 16.2 15.4 15.6 15.8 17.2 18.4 19.3 20.8 22.8 22 22 22.5
58.9 58 56.3 54.4 53.3 51.2 48.9 48.1 48.6 49.7 50.8 50 48.5 47.4 47.6 47.6 46.7 45.1 45.1 45.6 45.2 44.5 45.3 46.6 46.1 45.7 45.2 45.4 46.3 45.9 46 44.8 43.1 41.7 41.1 39.6 38.9 40 38.3 33 28.4 23 17.5 11.9 10.6 10.1 9.1 7.6 9.7 9.6 13.4 16.5 20 22.6 24.8 24.6 24.4 24.3 24.4 25.5 24.3 24.8 24.7 24.6 23.5 22 20.2 18.3 16.8 13 9.6 10.5 10.7 10.4 10 10.1 9.5 9.9 13.9 12.9 13.4 15.1 14.8 18 17.9
55.5 54.5 53.6 53 51.9 50.6 48.6 47.8 48.6 49.3 49.8 49.4 48.8 47.7 46.9 46.9 44.8 42.9 41.8 43.1 42.4 42 41.8 42.8 44.3 43.8 43.5 42.7 41.8 41.3 41.3 40 39.9 38.8 37.6 36 34.9 33.6 34.2 32.1 27.8 22.7 17.9 13.8 12.9 10.7 9.7 9.6 7.7 8.8 10.1 13.2 16.5 20 22.3 23.2 26.5 24.3 23.3 22.3 21.8 22.1 22.9 22.7 20.7 19.7 19.6 16.5 11.3 9.1 8.5 7.5 7.2 7.2 7 8.2 6.4 7 7.3 7 6.6 7.8 7.8 9 12.4
51.4 51.5 51.5 51.7 50.6 49.1 47.7 47.3 48.6 49.5 49.5 48.4 47.6 47.4 46.7 45.1 43 41.2 39.6 39.6 39.1 39.1 39.2 39.6 40.8 41.9 41.4 41.2 39.6 38.7 37.7 36.2 35.9 34.8 33.1 32 30.9 29.4 28.4 28 26.3 22.6 15.7 19.1 20.2 13.3 10.1 8.7 8 7.6 9.2 11 13.2 15.8 17.3 18.9 20.1 20.2 21.5 21.1 20.9 20.5 19.4 19.2 18.8 18.2 16.8 8.9 7.3 8.1 7.9 6.6 6.6 7.2 7 7.7 6.7 7.1 6.4 5.9 6.3 6.7 6.6 5.9 5.3
49.9 49.4 49.6 50 49.4 47.7 46.2 45.6 46.7 48.3 48.3 47.1 46 46.5 45.6 44.6 43.5 40.2 37.9 36.9 37 37 37.1 37.5 37.9 39 38.8 37.7 36.4 35.5 34.5 33.3 32.6 32.2 30.6 28.8 28 26.2 23 21 20.2 17.5 21.7 26 23.2 20.7 10.1 9.7 9.1 9.5 8.1 9.8 11.1 13.2 14.7 16.2 17.2 17.7 18.5 18 17.6 16.7 16.3 16.3 15.4 12.4 9.4 7.4 7.3 7.5 7 6.6 7 6.3 7.1 7.4 5.4 6.8 7.7 7.4 7.1 6.8 6.5 6.3 6.5
49.2 48.8 48.4 48 48.1 46.4 44.9 44.5 44.1 45.1 45.9 45.8 44.7 44.9 45.1 44.6 43.9 40.8 37.5 35.3 34.9 35 35.1 35.5 34.2 33.7 34.3 33.5 33.1 32.4 32.2 31 29.7 29.3 27.9 26.5 24.9 22 19.8 21.2 22.7 24.4 25.7 24.7 23.2 16.7 10.7 10.6 9.3 8.9 8.9 8.5 9.8 11.7 12.5 13.3 14.1 14.8 15.4 14.5 13.7 13.2 13.2 13.5 11.5 9.6 7.4 7.5 7.5 7.7 7.5 7.5 7 6.4 7.8 8 8.5 8.7 8.7 8.2 7.9 7.8 7.2 6.7 6.7
47.3 47.8 47.8 47.3 46.8 45.2 43.7 43.2 43.6 43.4 43.2 43.1 43 43.3 43.8 44.1 43.4 41.6 38.4 35.3 34 33 33 32.4 31.6 31 30.5 30.9 30.3 30.3 30.2 29.3 27.8 26.8 24.3 22.4 21 19.5 22.5 26 26.6 26.9 26.5 25.3 21.8 17.8 13.6 10.3 9.2 8.7 8.5 8.6 9.3 10.5 11.3 11.5 11.5 11.7 12.3 11.9 12.3 12.6 12.1 10.3 8.1 8.7 7.5 6 7.1 7.9 7.8 8.4 9 9.4 10.9 11.4 9.9 9.8 9.7 9.3 8.9 8.6 8.4 7.6 6.9
45.2 45.7 46.2 46.7 46.1 44.8 43.3 42.9 42.8 42.2 42.2 41.6 41.5 41.6 42.1 42.6 42.8 41.3 39.8 36.3 34.1 33 31.7 30.3 29.8 29.4 28.7 28.1 27.4 27.1 25.9 24.9 24.4 23.1 20.5 19.1 17.3 20.8 25.1 27.1 26.6 26.3 25.9 24.9 23.4 17.7 13.7 12.4 10.3 8.9 9.2 8.6 9.2 8.2 8.2 9.4 9.4 8.8 9.3 9.3 9.6 8.8 7.4 7.4 7.1 6.2 7.4 14 18.9 20.4 15.9 15.2 13.9 13.8 14.2 14.7 12.6 12.3 12.5 12.2 11.6 10.7 9.9 8.7 7.9
43.4 44.5 45.6 46.5 46.1 45 43.3 42.3 41.2 41.2 41.1 40.3 40.2 40.2 40.4 40.9 41.3 41 39.2 36.8 34.2 32.3 30.9 28.1 28.5 28.8 27.7 27.4 25.1 21.6 20.3 18.5 16.8 17.1 17.2 17.2 16 15.5 21.1 26.1 27.2 25.4 24.4 22.6 20.8 15 13 12.6 10 9.7 9.5 9.4 9.3 8.8 7.9 8.3 8.3 7.9 8.3 8.2 8 8.4 8.1 6.3 12.2 18.3 24.4 27.1 28.1 27.6 26.5 23 20.5 17.9 17.3 17.9 16.6 15.7 15.6 15.3 15 13.1 11.8 10.5 9.5
41.7 42.9 44 44.2 45.6 45.4 43.7 42.1 41 39.8 40.4 40.5 39.7 39.1 38.9 39.2 39.5 39.2 37.6 35.2 31.4 27.6 27.1 26 25.1 24.8 25.5 21.3 20.1 20.4 18.5 18.2 18.5 16.2 16.3 14.6 14.4 13.7 15.6 22.5 26.7 24.3 20.8 13.9 13.5 11.1 9.4 9.2 9 10.7 13.4 13.6 13.2 13.6 12 9.1 8.3 8.6 8.7 8 7.5 8 10.5 19.2 25.3 28.3 31 30.8 30.9 31.2 29.9 26.6 24.2 22.3 21.4 19.3 19.2 19.1 18.7 18.1 16.7 15.2 13.6 12.3 11.1
38.3 40.4 41.7 41.7 43.1 43.3 43.4 42.1 40.8 39 38.6 38.2 37.8 37.7 37.5 37.4 36.3 34.9 31.7 28.5 25.4 25.4 24.8 26.6 29.3 27.7 28 28 27.7 25.8 23.8 22.9 22.6 20.6 21.3 21.4 16.2 14.1 13.6 13.3 12.9 12.7 12.2 11.9 11.9 10.7 9.9 11 13.3 18.2 22.9 24.3 27.4 27.4 24.2 19.9 16.4 13.8 9.7 8 9 12 23.4 28.9 31.7 33.6 34.4 34 33.8 33.8 31.7 29.4 27.9 26.6 26 23.6 20.5 21.2 21.2 19.9 18.2 17.1 15.9 13.6 12.7
