data/NK02.asc
ncols 200
nrows 200
xllcorner 400000
yllcorner 820000
cellsize 50
[rows 38 to 75 of 200, columns 0 to 84 of 200]
-0.4 -1.6 -1.6 -1.6 -1.6 1 4.6 9.7 14.6 18 17.3 17.7 23 29.6 32.6 34.2 35.8 37.2 38 38.4 38.2 37.6 35.9 33.2 30.9 29.5 29.1 28.1 28.1 29.3 31.2 32.7 34.7 38 37.7 39.8 36.4 36.8 39.3 42.7 47.2 50.6 47.3 44.1 40.6 40.5 40.7 41 41.3 41.1 41.1 42.1 41.5 49.1 42.9 41 39.1 38.9 37.2 34.9 34.8 34.7 36 37 35.8 39.7 47 47.3 45.9 45.9 43.8 42.8 40.9 22.5 -1.6 -1.6 -1.6 -0.7 -1.2 -1.6 -1.6 -1.6 -1.6 -1.6 -1.6
0 -1.6 -1.6 -1.6 0.2 3.3 9 14.1 18.3 21 22.3 23.7 24.8 30.9 33.4 34.7 36 37.2 38.1 38.6 38.9 38.2 37 35.7 33.1 31.6 31.1 31.1 31.2 32.2 33.8 34.9 37.1 36 35.5 48.3 40.5 37.3 38.8 42.3 46.5 51.1 53.3 49.4 45.2 41.7 40.9 41.3 41.4 41.1 40.6 40.3 40.2 45.2 42.2 40.2 39.3 38.8 37.1 34.9 35.3 35.7 36.7 36.8 34.1 39.7 41.5 43.1 44.7 43.1 41.9 40.7 36.4 -1.6 -1.6 -1.6 -1.6 -1.6 -1.6 -1.6 -1.6 -1.6 -1.6 -1.6 -1.6
-1.6 -1.6 -1.6 -1.6 1.3 7 13 18.4 22.4 25.5 27.4 29.1 29.5 32.3 33.9 35.2 36.4 37 37.5 38.1 38.5 38.6 37.4 36 34.7 33.5 32.3 33 34.3 35.4 37.1 37.3 35.2 35.6 36.5 40.3 47.3 38.1 38.4 40.4 44.5 49.2 53.1 53.6 49.2 45.2 42.6 41.5 40.7 40.4 40 39.7 39.5 39.8 42.4 39.9 39.6 38.8 36.8 37.4 34.8 33.7 36.1 35.2 34.6 38.8 43.6 41.9 39.6 40 39.4 38.6 6.5 -1.6 -1.6 -1.6 -1.6 -1.6 -1.6 -1.6 -1.6 -1.6 -1.6 -1.6 -1.6
-1.6 -1.6 -1.6 0.3 1.8 9.5 15.6 21.4 25.7 29.4 29.9 31 32.1 33.1 34.5 35.5 36.6 37.2 37.2 37.2 37.4 38.4 37.9 36.8 35.7 35.1 34.3 34.5 35.8 37.1 38 35.5 35.9 36.2 37.1 40.3 45.9 43.7 38.1 39.4 42.1 45.8 50.1 54.9 53.7 49.1 46.2 43.4 42.6 41.2 39.8 39.4 39.4 41.1 41.5 39.5 39.1 37 38.2 48.8 41.7 38.7 37.6 34.4 34.3 37.3 42.6 41.4 38 35.7 37 21.5 1.5 -1.6 -1.6 -1.6 -1.6 -1.6 -1.6 -1.6 -1.6 -1.6 -1.6 -1.6 -1.6
-1.6 -1.6 -1.6 1.2 5.6 11.9 18 23.7 28.1 31.1 32.4 32.7 33.4 34.2 35.2 35.8 36.5 37 37 36.9 36.9 37.4 38 36.9 35.8 36.1 36.4 36.4 37.2 37.1 36.4 36.1 36.2 36.5 37.1 37.2 38.2 44 38.2 39.1 40.9 43.1 46.9 51.5 55.1 53 49 45 43.2 41.5 39.9 39.3 40.8 41.5 39 38.4 36.5 34.5 36.7 39.1 41.4 41.3 33.2 30.1 31.2 33.3 41 38.5 33.7 32.1 34.2 11.7 1.2 -1.6 -1.6 -1.6 -1.6 -1.6 -1.6 -1.6 -1.6 -1.6 -1.6 -1.6 -1.6
-1.6 -1.6 -0.6 1.5 8 14.1 19 22.4 26.1 29.5 32.4 33.2 34.7 35.3 35.7 36.2 36.7 36.8 36.6 36.4 36.6 36.9 37.4 37.1 36.4 36.7 37 37.2 39.4 37.5 37.1 36.9 36.7 37.1 37.4 36.7 37.2 39 39.6 38.2 40.1 42 44.2 48.4 53 56.3 52.1 46.7 43.3 41.8 40.1 39.7 39.6 39.7 39.1 36.2 34.2 34.3 36.4 40.8 33.3 33.6 33 29.6 29.4 33.7 38.7 35.9 30.9 28.6 27.6 4.8 0.2 -1.6 -1.6 -1.6 -1.6 -1.6 -1.6 -1.6 -1.6 -1.6 -1.6 -1.6 -1.6
-1.6 -1.6 -0.4 1.5 10.1 14.7 18.4 21.2 24.1 28.3 30.8 32.5 34.4 34.9 35.4 35.5 35.9 36.2 36 36.2 36.4 36.7 36.9 37.3 36.9 37.1 37.2 37.4 40.5 37.9 37.8 37.6 37.3 38.2 41.2 38.2 37.1 40.7 37.7 37.9 39.6 41.4 42.8 45.4 50.4 53.7 54.5 50.5 45.4 41.4 40.2 39.8 39.9 38.7 37.4 35.2 34.3 33.7 34 34.5 32.4 37.3 31.3 29.4 30.6 34.6 35.6 33.5 29.9 26.5 24.2 4.5 0.1 -1.6 -1.6 -1.6 -1.6 -1.6 -1.6 -1.6 -1.6 -1.6 -1.6 -1.6 -1.6
-1.6 -1.6 -0.3 1.7 10 14.8 18 20.4 24 27.7 30.5 31.9 33.8 34.3 34.8 34.5 35.4 35.7 35.6 35.9 36.1 36.4 36.6 36.9 37.1 37.2 37.2 38.6 38.4 37.8 38 38.2 38 38.6 38.7 38.9 40.1 38.3 37.1 37.6 39.1 40.8 42 43.3 46.5 49.4 50.3 51.6 47.2 42.9 39.9 39.4 39.5 38.4 37.1 34.4 33.8 33.6 35.4 32.9 32.5 38.8 28.8 27.5 29.5 30.6 31.6 31.8 30 29.7 18.1 -1.6 1.8 -1.6 -1.6 -1.6 -1.6 -1.6 -1.6 -1.6 -1.6 -1.6 -1.6 -1.6 -1.6
-1.6 -1.6 -0.2 2.4 9.3 15 18.6 20.6 24.3 28.2 30.4 31.6 33.2 33.7 34 34.3 34.5 35.1 34.9 35.5 35.8 36 36.3 36.6 36.9 37 37.4 40 38.5 37.8 37.9 38.1 38.2 37.7 37 37.7 38.1 36.7 36.5 36.9 38.6 39.1 40.1 41.3 42.4 44 46.1 49 48.6 44.2 40.2 38.5 38.5 39.6 39.4 34.6 33.8 34 34 34.8 34.9 30.7 33.1 27.3 28.9 29.7 30.4 30.9 30.8 22.7 6.8 -1.6 -1.6 -1.6 -1.6 -1.6 -1.6 -1.6 -1.6 -1.6 -1.6 -1.6 -1.6 -1.6 -1.6
-1.6 -1.6 0 3.3 8.3 15 19.4 19.9 23.7 27.3 30.3 31.5 32.6 33.6 35.3 34.7 35.1 34.9 34.3 34.6 35.4 35.7 36 36.4 36.6 36.9 38.2 41.2 38.9 38 37.5 36.9 36.8 36.6 36.7 36.7 37.4 37 36.7 36.5 37.2 37.6 38.2 39.5 40.1 40.9 43.1 44.7 45.9 47.2 42.3 37.9 37.5 39.2 38.6 34.6 34 35.3 34.1 34.5 36.8 42.9 38.9 26.3 28.9 27.4 27.3 30.4 7.4 3 -1.6 -1.6 -1.6 -1.6 -1.6 -1.6 -1.6 -1.6 -1.6 -1.6 -1.6 -1.6 -1.6 -1.6 -1.6
-1.6 -1.6 -1.6 3.6 6.8 14.3 19.2 19.5 22.1 25.4 28 29.8 31.3 32.6 34.3 35.3 35.9 35.8 34.9 33.6 34.8 35.3 35.7 36.1 36.4 37.8 38.8 41 37.9 37.9 37.9 37.4 36.4 36.5 36.4 36.6 37.5 39.2 38.7 38.1 38.6 36.9 37.3 37.6 38 38.4 40 42.3 45.2 46.7 42.7 38.1 36.8 36.2 35.5 34.3 34.3 34.9 38.7 37.2 34.7 35.7 37.3 24.4 26.1 8 5.8 16.5 -1.6 -1.6 -1.6 -1.6 -1.6 -1.6 -1.6 -1.6 -1.6 -1.6 -1.6 -1.6 -1.6 -1.6 -1.6 -1.6 -1.6
-1.6 -1.6 -1.6 2.2 5.3 11.8 17.1 18.3 21.1 24 25.4 26.7 29.2 30.9 32.6 34.9 35.5 33.7 34.2 32.6 33.3 34.6 35.4 35.7 36.7 37.7 38.8 38.4 37.8 37.9 37.8 37 36.4 36.5 36.5 36.8 37.6 39.2 41.2 41.1 41.4 38.7 37.3 37.3 37.7 38.3 38.4 40.2 43.9 47 45.8 38.5 36.1 35.2 34.7 34.6 34.6 34.7 41.8 39.7 33.8 33.1 33.7 25.4 19.2 1.8 0.2 -1.6 -1.6 -1.6 -1.6 -1.6 -1.6 -1.6 -1.6 -1.6 -1.6 -1.6 -1.6 -1.6 -1.6 -1.6 -1.6 -1.6 -1.6
-1.6 -1.6 -1.6 1.8 4.5 9.3 13.6 17.1 20.3 21.6 22.8 24.7 27.7 29.8 29.5 31.3 31.3 29 30 29.7 31.2 31.8 33.5 35.3 37.1 38.5 41.2 40.7 38.2 37.7 37.1 36.5 36.4 36.5 36.6 37 36.7 37.5 37.3 37.1 39.5 40 37.9 37.6 38 38.2 38.7 38.3 40.2 43.6 44.9 39.7 35.5 34.8 34.9 34.8 34.6 34.5 39.4 37.5 33.3 28.7 31 17.4 9 0.2 -1.3 -1.6 -1.6 -1.6 -1.6 -1.6 -1.6 -1.6 -1.6 -1.6 -1.6 -1.6 -1.6 -1.6 -1.6 -1.6 -1.6 -1.6 -1.6
-1.6 -1.6 -1.6 1.1 3.6 6.1 9.6 13.3 16.7 19.4 20.4 22 23.3 25.5 25.6 25.7 27.4 27.2 27.8 29 30.1 30.4 31.3 33.8 37 38.7 42 41.4 39.2 38.9 38 36.7 36.3 36.5 36.6 36.9 35.9 36 35.3 35.5 37.4 40.4 39.6 39 38.8 38.4 37.9 37.8 37.6 40.1 41.9 40.6 37.2 34.7 34.9 35.2 35.9 36.6 38.6 35.9 17.9 9.7 10.6 1.8 -1.6 -1.6 -1.6 -1.6 -1.6 -1.6 -1.6 -1.6 -1.6 -1.6 -1.6 -1.6 -1.6 -1.6 -1.6 -1.6 -1.6 -1.6 -1.6 -1.6 -1.6
-1.6 -1.6 -1.6 -1.6 3.5 5.7 7.7 10.2 13.8 17.1 18.2 19.5 20.2 22.6 25.2 24.7 25.6 26.7 27.8 28.9 29.3 29.9 31 33.2 35.6 37.9 40.1 39.3 39.7 40 39.6 37.9 36.8 35.7 36.5 36.1 35.1 34.6 34.3 34.7 35.1 40.1 40.4 40 40.5 38.5 38.2 37.4 37.1 37.4 38.9 39.7 37.7 34.8 34.7 37.2 40.2 39.4 36.6 34.9 13 1.3 0.3 -1.6 -1.6 -1.6 -1.6 -1.6 -1.6 -1.6 -1.6 -1.6 -1.6 -1.6 -1.6 -1.6 -1.6 -1.6 -1.6 -1.6 -1.6 -1.6 -1.6 -1.6 -1.6
-1.6 -1.6 -1.6 -1.6 2.6 4 5.6 7.4 10.7 14.3 17.6 19.8 21.5 23.9 25.9 25.7 24.6 26 27.3 28.2 28.7 29.7 30.9 32.8 33.1 35.3 35.9 37.7 38.4 39.2 39.3 38.6 37.1 35.6 34.8 34.2 33.7 33.2 33.6 34.4 34.9 38.3 38.9 40.1 39.1 38.5 38.5 37.2 36.9 36.5 36.8 38 36.7 35 34.4 34.3 34.9 45 35.4 28.9 7.5 -1.6 -1.6 -1.6 -1.6 -1.6 -1.6 -1.6 -1.6 -1.6 -1.6 -1.6 -1.6 -1.6 -1.6 -1.6 -1.6 -1.6 -1.6 -1.6 -1.6 -1.6 -1.6 -1.6 -1.6
-1.6 -1.6 -1.6 -1.6 2.6 3.5 5 6.7 10.2 15.3 18.7 19.7 21.3 23.2 25.3 24.6 23.5 25.3 26.8 28 28.8 29.7 31.4 33.5 31.7 32.3 34.3 36.4 36.8 37.2 37.5 37.6 37.1 35.3 33.9 32.8 32.3 32.1 31.5 31 31.5 34.5 36.4 37.3 36.8 38.5 38.7 37.5 36.6 36 35.1 35.6 35.4 34.2 33.6 33.8 34.1 39.7 33.1 15.8 -1.6 -1.6 -1.6 -1.6 -1.6 -1.6 -1.6 -1.6 -1.6 -1.6 -1.6 -1.6 -1.6 -1.6 -1.6 -1.6 -1.6 -1.6 -1.6 -1.6 -1.6 -1.6 -1.6 -1.6 -1.6
-1.6 -1.6 -1.6 0 2.5 3 7.9 9.7 11.6 16.3 18.3 18.7 19.8 18.8 19.5 20.8 20.4 23.7 26.9 29 29.8 30.5 32.3 33.2 31.4 32.1 33.5 35.4 36 35.7 36.1 36 35.9 35.4 32.9 31.4 31.2 31.1 30.5 29.9 29.3 29.7 31.1 31.5 32.7 36.6 37.7 37.3 35.9 35.1 34.3 33.4 33 32.4 32.5 33.1 37.5 43.6 25.7 8.3 -1.6 -1.6 -1.6 -1.6 -1.6 -1.6 -1.6 -1.6 -1.6 -1.6 -1.6 -1.6 -1.6 -1.6 -1.6 -1.6 -1.6 -1.6 -1.6 -1.6 -1.6 -1.6 -1.6 -1.6 -1.6
-1.6 -1.6 -1.6 0.2 1.8 2.2 5.3 12.9 14.8 16.1 16 17.3 18.5 15.9 12.4 14.1 17.5 20.7 25.4 28.1 30.1 31.1 32.1 31.7 31.1 31.7 32.4 34.7 35.7 35.4 35.4 35.5 34.9 32.6 31.3 30.3 30.2 30 29.4 28.8 28.7 28.4 27.8 28.2 29 32.3 35.1 35.4 34.2 33.1 32.4 31.8 30.3 30.2 30.7 36.3 36.7 31.1 24.4 -1.6 -1.6 -1.6 -1.6 -1.6 -1.6 -1.6 -1.6 -1.6 -1.6 -1.6 -1.6 -1.6 -1.6 -1.6 -1.6 -1.6 -1.6 -1.6 -1.6 -1.6 -1.6 -1.6 -1.6 -1.6 -1.6
-1.6 -1.6 -1.6 -0.4 1.8 1.8 3.4 13.6 17.1 19 17 17.2 19.3 15.6 11 11.4 13.5 17 22.7 28 30.4 31.5 31.8 31 31.1 31.1 31.3 33.3 35.1 35.5 35.3 33.9 31.7 29.5 29.1 29.1 29.1 28.9 28.3 28.2 28.2 28 27.7 27.4 27.6 28.6 31 32.2 31.7 32.1 32.4 31.9 27.9 27.1 22.5 19 14.9 1.7 -1.6 -1.6 -1.6 -1.6 -1.6 -1.6 -1.6 -1.6 -1.6 -1.6 -1.6 -1.6 -1.6 -1.6 -1.6 -1.6 -1.6 -1.6 -1.6 -1.6 -1.6 -1.6 -1.6 -1.6 -1.6 -1.6 -1.6
-0.1 -1.6 -1.6 -0.2 1.8 2.3 1.8 7.2 17.1 21.3 21.5 19.5 19.4 14.3 10.1 9.9 11.1 13.9 19.7 25.1 29.1 31.3 30.9 30.5 30.6 30.5 30.5 32.3 33.7 35.3 34.9 33.5 32.1 29.1 28.6 28.3 28 27.8 27.7 27.7 27.7 27.7 27.4 27.1 27.1 28.1 29.2 30.4 31.6 31.8 31.9 32.7 28.8 25.7 10.3 1.2 -1.6 -1.6 -1.6 -1.6 -1.6 -1.6 -1.6 -1.6 -1.6 -1.6 -1.6 -1.6 -1.6 -1.6 -1.6 -1.6 -1.6 -1.6 -1.6 -1.6 -1.6 -1.6 -1.6 -1.6 -1.6 -1.6 -1.6 -1.6 -1.6
0.3 -1.6 -1.6 -0.2 1.9 3.1 3 4.2 9.5 17.2 21.4 20.3 15 9.8 8.2 9 10.1 11.9 15.8 21.1 25.4 30.3 31 30.2 30 29.7 29.7 31.8 33.8 35 35 33.2 31.5 28.8 28.1 27.4 27 27.1 27.1 27.2 27.1 27 27 26.8 26.7 28.1 29.6 30.9 31.6 31.7 31.7 33.3 30.5 26.3 3.5 0.2 -1.6 -1.6 -1.6 -1.6 -1.6 -1.6 -1.6 -1.6 -1.6 -1.6 -1.6 -1.6 -1.6 -1.6 -1.6 -1.6 -1.6 -1.6 -1.6 -1.6 -1.6 -1.6 -1.6 -1.6 -1.6 -1.6 -1.6 -1.6 -1.6
0.6 -1.6 -1.6 -1.6 1.2 3 3.5 3.5 4.1 10.8 13.9 15.9 10.6 7.5 7.7 8.3 9.2 11.1 13.7 18.5 23.5 28.6 30.1 29.5 29.3 29 28.9 30.9 33.1 34.6 35.1 33.4 31.4 28.4 26.9 25.9 25.6 25.7 26.4 26 26.4 26.3 26.3 26.2 26.4 31.7 32.4 31.3 31.5 31.7 31.6 32.6 32.3 28 3 0 -1.6 -1.6 -1.6 -1.6 -1.6 -1.6 -1.6 -1.6 -1.6 -1.6 -1.6 -1.6 -1.6 -1.6 -1.6 -1.6 -1.6 -1.6 -1.6 -1.6 -1.6 -1.6 -1.6 -1.6 -1.6 -1.6 -1.6 -1.6 -1.6
1.4 -1.6 -1.6 -1.6 -1.6 2.2 4.1 2.5 3.8 4.6 7.1 9.4 8.9 8.7 7.6 7.3 8.4 10.4 13.5 17.4 22.4 28.1 32.6 29.5 28.4 28 27.9 29.6 30.7 31.7 33.3 32.4 29.5 26.5 25.5 24.4 24.4 24.4 25.2 24.6 25.2 25.7 25.5 25.3 25.5 29.9 33.2 32.4 31.7 31.8 31.8 32.3 34.2 32 16.4 1 -1.6 -1.6 -1.6 -1.6 -1.6 -1.6 -1.6 -1.6 -1.6 -1.6 -1.6 -1.6 -1.6 -1.6 -1.6 -1.6 -1.6 -1.6 -1.6 -1.6 -1.6 -1.6 -1.6 -1.6 -1.6 -1.6 -1.6 -1.6 -1.6
4.4 1.4 -1.6 -1.6 -1.6 4.6 2.7 1.8 3.5 5.8 6.7 14.3 15.3 13.5 7.4 6.7 7.4 9.6 12.7 16.8 22.1 27.2 30.8 32.1 29 27.6 26 26.9 28.4 27.3 27.5 27.9 25.6 23.5 22.9 23.1 23.2 23.7 23.3 23.9 23.9 24.4 24.9 24.9 25.4 26.9 29.5 32 32.1 32 32.2 32.9 35.3 36.4 28.7 15.1 5.9 3.5 -1.6 -1.6 -1.6 -1.6 -1.6 -1.6 -1.6 -1.6 -1.6 -1.6 -1.6 -1.6 -1.6 -1.6 -1.6 -1.6 -1.6 -1.6 -1.6 -1.6 -1.6 -1.6 -1.6 -1.6 -1.6 -1.6 -1.6
6.3 5.2 2.7 -1.6 -1.6 1 2 1.8 1.8 3.2 6.2 15.7 17.9 10.5 6.1 6.5 7.3 9.3 11.6 16.1 21.9 26.3 32.1 36.3 36.5 31.4 25.1 24.2 25.3 25.7 24.4 23.9 23.1 21.8 22 22.1 22.8 23.1 22 22.2 23 23.2 23.6 24.1 24.4 25.2 26.3 27.7 30 29.6 30.3 32.5 34.5 35.7 32 27.4 25.9 26.8 -1.6 -1.6 -1.6 -1.6 -1.6 -1.6 -1.6 -1.6 -1.6 -1.6 -1.6 -1.6 -1.6 -1.6 -1.6 -1.6 -1.6 -1.6 -1.6 -1.6 -1.6 -1.6 -1.6 -1.6 -1.6 -1.6 -1.6
6.7 5.4 4.5 -1.6 -1.6 -1.6 0.8 1.8 1.8 1.8 5.9 13.6 18.6 6 6.1 6.5 7.6 9.7 11.5 15.8 21.7 28.2 30.7 30.6 31.3 36.8 31.8 24.1 24 24.4 23.8 21.3 22.3 22 21.1 21.2 21.9 21.4 20.5 20.7 21.6 22.1 22.6 23.7 24.6 25.7 26.4 27.3 27.5 27.6 27.9 31 31.5 31.8 32.7 30 21.6 -1.6 -1.6 -1.6 -1.6 -1.6 -1.6 -1.6 -1.6 -1.6 -1.6 -1.6 -1.6 -1.6 -1.6 -1.6 -1.6 -1.6 -1.6 -1.6 -1.6 -1.6 -1.6 -1.6 -1.6 -1.6 -1.6 -1.6 -1.6
6.1 5 5 0.7 -1.6 -1.6 -1.6 1 1.7 2.3 5.9 12.9 11.2 5.3 5.5 6.2 7.8 9.6 12.2 15.1 22.8 31.2 28.4 28.1 32.4 38.6 35.5 27.1 23.8 23.6 21.6 21 23.9 22.8 21.1 20.3 20.3 19.7 19.1 19.6 20.1 20.3 22 24.1 24.1 27.1 25.9 26.4 25.6 24.9 25.4 25.3 24.7 25.2 26 24.7 -1.6 -1.6 -1.6 -1.6 -1.6 -1.6 -1.6 -1.6 -1.6 -1.6 -1.6 -1.6 -1.6 -1.6 -1.6 -1.6 -1.6 -1.6 -1.6 -1.6 -1.6 -1.6 -1.6 -1.6 -1.6 -1.6 -1.6 -1.6 -1.6
6.5 4.8 4.2 1 -1.6 -1.6 -1.6 -0.3 0.9 1.8 7 15.7 6.7 4.7 5.3 6 7.5 9.9 12.7 16.4 25.3 28.6 28.3 28.5 28.5 37.4 34.3 28.9 24.2 24.4 21.3 20.8 24.7 23.8 22.7 22.1 19 18.5 17.6 18.5 16.1 19.3 20.4 22.9 24.7 25.2 25.1 23.7 23.1 22.4 21.7 21.1 21.2 21.5 -1.6 -1.6 -1.6 -1.6 -1.6 -1.6 -1.6 -1.6 -1.6 -1.6 -1.6 -1.6 -1.6 -1.6 -1.6 -1.6 -1.6 -1.6 -1.6 -1.6 -1.6 -1.6 -1.6 -1.6 -1.6 -1.6 -1.6 -1.6 -1.6 -1.6 -1.6
6.6 4.5 3.4 0.5 -1.6 -1.6 -1.6 -0.2 1.1 2.7 8.6 9.1 4.2 4.8 5.4 6.1 7.6 9.9 12.9 17.5 22.5 24.4 28 28.8 27.9 33.7 31.6 29.7 25.6 23 23.2 24.7 28 26.6 24.7 22.8 21 19.9 17.3 13.7 14.3 17.9 18.9 21.5 23.7 22.8 22.1 20.8 20.5 19.2 18.2 18.4 21 17.6 -1.6 -1.6 -1.6 -1.6 -1.6 -1.6 -1.6 -1.6 -1.6 -1.6 -1.6 -1.6 -1.6 -1.6 -1.6 -1.6 -1.6 -1.6 -1.6 -1.6 -1.6 -1.6 -1.6 -1.6 -1.6 -1.6 -1.6 -1.6 -1.6 -1.6 -1.6
6.5 4.3 2.4 0.3 -1.6 -1.6 -1.6 -0.1 1.2 3.2 4.2 4 4.4 4.8 5.5 6.2 8.2 10.1 13.4 20.4 21.7 23.9 27.2 29 31.6 29.4 29.3 27.9 24.5 20.7 20 23.3 28.6 31.4 27.6 23.7 22.3 19.7 19.1 15.9 11.5 16.4 19.5 19.7 20.6 19.5 19.5 18.6 14.8 5.1 1.8 2.5 1.8 4.8 -1.6 -1.6 -1.6 -1.6 -1.6 -1.6 -1.6 -1.6 -1.6 -1.6 -1.6 -1.6 -1.6 -1.6 -1.6 -1.6 -1.6 -1.6 -1.6 -1.6 -1.6 -1.6 -1.6 -1.6 -1.6 -1.6 -1.6 -1.6 -1.6 -1.6 -1.6
6.2 5 4.3 0.5 -1.6 -1.6 -1.6 -0.2 1.2 2.7 3.6 3.8 4.3 4.8 5.4 6.7 9.3 11.2 13.7 21 20.5 22.9 22.9 25.2 25.2 24.6 25.5 26.3 23.5 21.8 22.4 22.3 25.2 28.6 29.4 23.5 20.4 17.2 19.1 17.9 8.1 15.4 19.8 19 17.9 17.6 17 14.4 3.5 0.9 0.3 -1.6 -1.6 -1.6 -1.6 -1.6 -1.6 -1.6 -1.6 -1.6 -1.6 -1.6 -1.6 -1.6 -1.6 -1.6 -1.6 -1.6 -1.6 -1.6 -1.6 -1.6 -1.6 -1.6 -1.6 -1.6 -1.6 -1.6 -1.6 -1.6 -1.6 -1.6 -1.6 -1.6 -1.6
5.6 4.4 3.4 0.1 -1.6 -1.6 -1.6 -0.3 1.3 1.9 3 3.6 4.2 4.8 5.7 7.7 9.6 12.3 15 20.5 21.7 22.3 21.3 25.3 23.3 22.2 23.4 26.6 24 22.3 24.6 23.8 22.9 28.8 33.3 24.2 17.7 16.4 17.7 21 10 13.3 17.3 17 14.7 13.3 7.6 1.8 0.9 0 -1.6 -1.6 -1.6 -1.6 -1.6 -1.6 -1.6 -1.6 -1.6 -1.6 -1.6 -1.6 -1.6 -1.6 -1.6 -1.6 -1.6 -1.6 -1.6 -1.6 -1.6 -1.6 -1.6 -1.6 -1.6 -1.6 -1.6 -1.6 -1.6 -1.6 -1.6 -1.6 -1.6 -1.6 -1.6
5 3.9 2.5 -0.2 -1.6 -1.6 -1.6 0 1.9 3 3 3.5 4.1 5 6.1 8.7 11.1 13.2 15.9 20.6 20.4 20.5 21 21.7 20.6 19.7 19.6 24 25.5 25.4 24.4 23.3 22.3 26.8 28.6 26.5 17.2 15.2 15 12.1 13.4 8.3 7.5 8.6 6.7 1.7 0.6 0.2 -0.4 -1.6 -1.6 -1.6 -1.6 -1.6 -1.6 -1.6 -1.6 -1.6 -1.6 -1.6 -1.6 -1.6 -1.6 -1.6 -1.6 -1.6 -1.6 -1.6 -1.6 -1.6 -1.6 -1.6 -1.6 -1.6 -1.6 -1.6 -1.6 -1.6 -1.6 -1.6 -1.6 -1.6 -1.6 -1.6 -1.6
5.8 3.9 1.5 0 -1.6 -1.6 -1.6 0.2 3.1 3.2 3.2 4.5 4.6 5.1 7.3 11.1 12.7 14.4 17.1 18.7 19 20.2 20.9 20.7 19.3 17.8 18.3 23 23.6 26.5 23.9 21.8 22.4 24.7 29.1 24.4 16.8 13.8 14 10.8 6.7 1.5 1 0.8 1.1 0.4 -1.6 -1.6 -1.6 -1.6 -1.6 -1.6 -1.6 -1.6 -1.6 -1.6 -1.6 -1.6 -1.6 -1.6 -1.6 -1.6 -1.6 -1.6 -1.6 -1.6 -1.6 -1.6 -1.6 -1.6 -1.6 -1.6 -1.6 -1.6 -1.6 -1.6 -1.6 -1.6 -1.6 -1.6 -1.6 -1.6 -1.6 -1.6 -1.6
6.1 3.8 1.4 0 -1.6 -1.6 -1.6 0.1 2.2 3.1 4.2 4.8 5 5.3 8.4 12.2 14.9 15.9 18.9 19.7 21.2 20.5 20.9 20 18.7 16.6 16.9 15.6 20.4 21.7 23 20.3 19.7 19.5 24.7 22 18.7 13.2 14.3 7.2 1.2 0.3 -0.4 -1.6 -1.6 -1.6 -1.6 -1.6 -1.6 -1.6 -1.6 -1.6 -1.6 -1.6 -1.6 -1.6 -1.6 -1.6 -1.6 -1.6 -1.6 -1.6 -1.6 -1.6 -1.6 -1.6 -1.6 -1.6 -1.6 -1.6 -1.6 -1.6 -1.6 -1.6 -1.6 -1.6 -1.6 -1.6 -1.6 -1.6 -1.6 -1.6 -1.6 -1.6 -1.6
6.3 4.3 1.2 -0.3 -1.6 -1.6 -1.6 0 1.5 2.8 4.5 5.7 6.1 5.9 9 12.5 15.4 17.7 20 23.4 21.8 21.2 21.7 19 16.8 17.2 14.4 14.1 13.9 17.6 20.4 17.7 17 15.4 19.2 20.7 21.3 17 10.1 1.3 0.2 -0.8 -1.6 -1.6 -1.6 -1.6 -1.6 -1.6 -1.6 -1.6 -1.6 -1.6 -1.6 -1.6 -1.6 -1.6 -1.6 -1.6 -1.6 -1.6 -1.6 -1.6 -1.6 -1.6 -1.6 -1.6 -1.6 -1.6 -1.6 -1.6 -1.6 -1.6 -1.6 -1.6 -1.6 -1.6 -1.6 -1.6 -1.6 -1.6 -1.6 -1.6 -1.6 -1.6 -1.6
6.9 4.6 1.3 -0.4 -1.6 -1.6 -1.6 -0.2 0.9 1.8 2.8 6.7 7.4 7.1 9.6 12.1 14.9 18 20.3 22.2 21.6 20.5 19 17.9 17.2 15.2 14.1 14.4 14.7 14.1 18.2 16.7 14.2 15.3 15.9 16.2 11.1 12.2 1.5 0.4 -1.6 -1.6 -1.6 -1.6 -1.6 -1.6 -1.6 -1.6 -1.6 -1.6 -1.6 -1.6 -1.6 -1.6 -1.6 -1.6 -1.6 -1.6 -1.6 -1.6 -1.6 -1.6 -1.6 -1.6 -1.6 -1.6 -1.6 -1.6 -1.6 -1.6 -1.6 -1.6 -1.6 -1.6 -1.6 -1.6 -1.6 -1.6 -1.6 -1.6 -1.6 -1.6 -1.6 -1.6 -1.6
