data/NL94.asc
ncols 200
nrows 200
xllcorner 90000
yllcorner 740000
cellsize 50
[rows 152 to 189 of 200, columns 87 to 173 of 200]
15.3 21.4 11.9 19.1 13.5 13.5 12.4 10.6 9.6 8.9 8.1 7.5 7 6.9 7.5 6.9 6.3 5.7 5.1 4.5 4.1 3.9 3.9 3.9 3.9 3.9 3.9 3.9 3.9 3.9 3.9 3.9 3.9 3.9 4 4.5 5.1 5.9 7.7 10.1 11.9 12.8 13.7 14.8 15.7 16.4 17 17.6 18.2 18.8 19.3 19.5 18.9 18.2 17.5 16.6 15.9 15.3 14.8 14.5 14.2 14 14.1 15.5 16.1 14.6 13.2 12.8 12.6 12.9 13.2 14.1 13.8 13.5 13.8 13.4 12.5 11.5 11 10.7 10.5 10.3 10.3 10.2 9.6 8.7 7.8
14.6 12.9 12.8 13.9 15.4 15 13.1 11.1 10.2 9.4 8.7 7.9 7.5 7.2 7.3 6.7 6.1 5.5 4.8 4.2 3.9 3.9 3.9 3.9 3.9 3.9 3.9 3.9 3.9 3.9 3.9 3.9 3.9 3.9 3.9 4.3 5.1 5.9 7.5 9.5 11.6 12.5 13.6 14.7 15.6 16.6 17.2 17.8 18.4 18.6 18.9 18.9 18.2 17.5 16.8 16.2 15.5 14.8 14.5 14.2 14 13.7 13.5 12.7 12.8 13.2 12.1 11.7 12.1 12.4 12.7 13.2 14 13.7 14 14.2 13.4 12.7 11.7 11.4 11.2 11 10.7 10.2 8.9 7.3 6.3
12.5 15.3 14 13.2 17.3 14.7 12.7 12.1 11.1 10.1 9.2 8.4 8 7.7 7.1 6.4 5.8 5.2 4.6 4 3.9 3.9 3.9 3.9 3.9 3.9 3.9 3.9 3.9 3.9 3.9 3.9 3.9 3.9 3.9 4.3 5.1 6 7.2 9.1 11.4 12.4 13.5 14.6 15.5 16.5 17.4 17.8 18.2 18.6 18.8 19 18.3 17.5 16.8 16 15.2 14.6 14.2 14 13.7 13.5 13.1 12.4 11.7 10.9 10.9 11.2 11.5 11.9 12.1 12.4 13.5 14 14.2 14.5 14.3 14 12.4 12.2 11.9 11.2 10.2 9.2 7.7 6.7 6.2
12.2 12.7 13 13.2 14.4 13.8 14.3 12.7 11.8 10.9 10 9 8.5 8.3 7.1 6 5.3 4.7 4.1 3.9 3.9 3.9 3.9 3.9 3.9 3.9 3.9 3.9 3.9 3.9 3.9 3.9 3.9 3.9 3.9 4 4.9 6.4 7 9 11.2 12.6 13.5 14.3 15.2 16.1 17.1 18 18.4 18.5 18.8 19.1 18.3 17.6 16.7 15.5 14.5 14.6 14 13.7 13.5 13.2 12.7 12 11.3 10.8 10.9 10.9 11 11.3 11.6 11.8 12.4 13.6 13.9 14.1 15.5 15.9 13.2 12.3 11.3 10.3 9.3 8.1 6.7 5.6 6.5
12 12.4 12.9 13.2 14.3 14.1 13.7 12.9 12 11.1 10.2 9.4 9 8.4 7.2 6.1 5 4.2 3.9 3.9 3.9 3.9 3.9 3.9 3.9 3.9 3.9 3.9 3.9 3.9 3.9 3.9 3.9 3.9 3.9 3.9 5.5 6.8 7.2 8.6 10.8 12.5 13.4 14.1 14.7 15.6 16.5 17.6 18.3 18.3 18.8 19.2 18.2 17 15.8 14.6 14.5 14.7 13.7 13.5 13.3 12.9 12.3 11.7 11 10.9 11 11 10.9 10.9 11 11.2 11.4 12.3 13.4 13.3 15 13.7 12.7 12.1 11.1 9.4 8.4 7 6.3 6 5.5
11.7 12.2 12.9 13.1 14.1 14.9 14.2 13.1 12.3 11.5 10.7 9.7 9.3 8.6 7.1 6 5 3.9 3.9 3.9 3.9 3.9 3.9 3.9 3.9 3.9 3.9 3.9 3.9 3.9 3.9 3.9 3.9 3.9 3.9 3.9 6.3 7.3 7.6 8.3 10.5 12.3 13.2 13.9 14.2 15.1 16 17.1 17.8 18.2 18.7 18.8 17.3 16.1 14.9 14.4 14.6 14.7 13.8 13.3 13 12.5 11.9 11.3 10.7 11 11.1 11.1 11 10.9 10.4 10.6 10.8 11 12.6 12.8 14.1 14.3 12.2 11.7 11 10.3 8.6 7.5 6.4 5.7 2.3
11.6 12.3 13 13.2 13.8 13 15.1 13.5 12.7 11.9 11 9.9 9.6 8.8 7.3 5.7 4.7 3.9 3.9 3.9 3.9 3.9 3.9 3.9 3.9 3.9 3.9 3.9 3.9 3.9 3.9 3.9 3.9 3.9 3.9 3.9 7.2 7.4 7.7 8.8 10.2 12.2 13.1 13.7 14 14.6 15.5 16.5 17.3 18.1 18.7 18.5 16.6 15.2 14.3 14.4 14.6 14.7 14 13 12.6 12.1 11.5 10.9 10.8 11 11.2 11.2 11.1 10.7 9.9 9.9 10.1 10.2 11.4 11.7 11.8 12.2 12.1 11.6 10.7 10 8.6 6.8 6.2 3 1.7
11.7 12.4 13.1 13.3 13.9 12.7 13.5 13.8 13.1 12.3 11.3 10.2 9.8 8.9 7.6 6 4.4 3.9 3.9 3.9 3.9 3.9 3.9 3.9 3.9 3.9 3.9 3.9 3.9 3.9 3.9 3.9 3.9 3.9 3.9 4.3 7.2 7.5 8.1 9.3 10.5 12 12.9 13.5 13.8 14.2 15 15.9 16.9 17.5 18.7 18.1 16.2 14.2 14.3 14.5 14.6 14.8 13.9 12.8 12.3 11.9 11.4 11 10.9 11.1 11.3 11.3 11.2 10.5 9.9 9.4 9.4 9.5 10.2 10.6 11 12 12.4 11.6 10.7 9.7 8.5 7.4 5.6 2 0.9
11.8 12.4 13.1 13.4 13.9 13.5 13.2 14.1 13 12.6 11.5 10.5 9.9 9.1 7.9 6.3 4.5 3.9 3.9 3.9 3.9 3.9 3.9 3.9 3.9 3.9 3.9 3.9 3.9 3.9 3.9 3.9 3.9 3.9 3.9 6.1 6.9 7.6 8.4 9.4 10.5 11.5 12.7 13.3 13.6 14 14.5 15.3 15.4 15.7 16.2 14.6 13.7 13.8 14 14.6 14.7 14.2 13.4 12.9 12.5 12.1 11.6 11.2 11 11.2 11.4 11.3 11.1 10.8 10.3 9.8 9.3 8.8 9.1 9.6 10.8 11.7 11.4 10.6 9.9 9.1 9.2 8 2.6 1.4 0
11.8 12.5 13.2 13.6 13.5 14.3 14.3 16.8 12.9 15.4 11.8 10.8 10 9.2 8.1 6.1 4 3.9 3.9 3.9 3.9 3.9 3.9 3.9 3.9 3.9 3.9 3.9 3.9 3.9 3.9 3.9 3.9 3.9 3.9 5.8 7.2 7.8 8.5 9.3 9.9 10.5 11.9 12.8 13.1 13.3 13.8 13.9 14.2 14.5 13.4 13.3 13.4 13.5 13.4 13.9 14.6 14.1 13.4 12.9 12.5 12.3 11.9 11.4 11.1 11.3 11.4 11.2 10.7 10.8 10.7 10.1 9.6 9.2 8.7 8.7 9.2 9.8 10.3 9.6 8.8 8.1 8.1 5.8 2 0.6 -1.4
11.9 12.6 13.2 13.7 14.7 14.1 13.7 18.1 15 14 12.8 10.8 9.9 9 8 6.1 4.7 3.9 3.9 3.9 3.9 3.9 3.9 3.9 3.9 3.9 3.9 3.9 3.9 3.9 3.9 3.9 3.9 3.9 4.2 5.6 7.4 8.1 8.8 9.5 10.2 11.6 10.7 11.3 11.8 12.4 13.1 13.1 13.1 13.3 12.8 13 13.2 13.2 13.1 13.2 14 14.1 13.5 13 12.6 12.3 12.1 11.6 11.2 11.5 11.4 10.9 10.4 10.2 10.6 10.5 10 9.5 9 7.5 7.9 8.7 9.4 8.6 7.8 7.1 7.1 2.4 1.5 0.2 -1.4
12 12.7 13.3 12.6 13.6 13.8 12.9 16 17.1 13 11.9 10.5 9.6 8.6 7.7 5.9 4.7 3.9 3.9 3.9 3.9 3.9 3.9 3.9 3.9 3.9 3.9 3.9 3.9 3.9 3.9 3.9 3.9 3.9 3.9 5.6 7.5 8.4 9.1 9.6 10.1 10.6 10.2 11 11.4 11.7 12.4 12.4 12.5 12.7 12.8 12.8 12.9 12.9 12.8 12.7 13.4 14.1 13.6 13.1 12.6 12.3 12.1 11.8 11.4 11.5 11 10.6 10.1 9.6 10 10.3 10.4 9.9 9.1 7.6 6.6 7.4 8.4 8 7 6.1 5.1 2.2 1.3 0.1 -1.4
12.2 12.5 12.9 14 16.2 19.4 16.1 19.1 17.3 13.8 11.1 10.2 9.3 8.3 7.3 6 4.9 3.9 3.9 3.9 3.9 3.9 3.9 3.9 3.9 3.9 3.9 3.9 3.9 3.9 3.9 3.9 3.9 3.9 3.9 5.9 7.4 7.8 8.2 8.6 9 9.7 10.6 11.3 11.7 12.1 12.3 12.5 12.7 12.8 12.8 12.8 12.7 12.7 12.7 12.7 13.5 13.5 13.5 13.2 12.7 12.4 12.1 11.9 11.6 11.2 10.7 10.3 9.8 9.3 9.4 9.7 10.1 10.2 9.2 7.7 6.3 6 6.9 6.4 5.8 5.7 4.6 2.2 0.5 -0.8 -1.4
11.4 11.9 12.6 13.2 13.8 14.9 25.1 21.5 17 14 11.1 10 9 8.2 7.3 6.3 5.3 4.4 3.9 3.9 3.9 3.9 3.9 3.9 3.9 3.9 3.9 3.9 3.9 3.9 3.9 3.9 3.9 3.9 4.4 5.9 6.9 7.2 7.3 7.7 9 10.1 11 11.5 11.9 12.3 12.7 12.9 12.9 12.9 12.9 12.7 12.8 12.8 12.8 12.8 13 13 12.9 12.9 12.8 12.4 12.1 12.1 12.1 11 10.4 10 9.5 9 8.8 9.1 9.5 9.5 7.9 6.6 5.6 4 2.6 2.7 5.6 5.5 3.4 -1.4 -1.2 -1.4 -1.4
11.2 11.9 12.5 13.2 13.7 12.7 18.7 22.1 13.8 12.7 11.4 10.5 10.1 9.3 7.3 7.9 6.3 5 4.3 3.9 3.9 3.9 3.9 3.9 3.9 3.9 3.9 3.9 3.9 3.9 3.9 3.9 3.9 3.9 4.3 5.4 6.5 6.6 6.6 7.8 9.2 10.6 11.4 11.8 12.2 12.6 13 13.1 13.2 13.2 12.9 12.7 12.7 12.7 12.8 12.8 12.7 12.7 12.6 12.6 12.5 12.7 12.7 12.8 12.6 11.5 10.2 9.7 9.2 8.7 8.2 8.5 8.7 7.7 7.1 6.1 5.1 3.7 2.9 3.7 4 1.5 2 -1.4 1.3 0.5 -0.4
11.6 12.2 12.9 13.2 14.6 14.9 14.7 15.1 11.4 11.6 11.2 10.9 9.9 9.5 7.2 8.4 6.4 5.2 4.7 4.2 3.9 3.9 3.9 3.9 3.9 3.9 3.9 3.9 3.9 3.9 3.9 3.9 3.9 4.5 5.3 4.9 5.9 6.1 6.7 7.8 9.4 10.9 11.6 12.1 12.7 13.2 13.4 13.5 13.5 13.2 13 12.7 12.6 12.6 12.7 12.8 12.8 12.7 12.7 13 13.4 13.7 13.4 13.5 13.1 12.1 10.3 9.5 8.9 8.4 7.9 7.8 7.8 7.6 6.6 5.6 4.9 4.5 3.9 4.2 6.2 8.3 8.6 6.6 2.9 2.2 0.7
12.6 13.3 13.6 13.8 13.3 19.2 13.6 12.3 9.6 9.7 11 10.8 10.2 9.3 7.9 7.5 6.3 5.5 5 4.5 3.9 3.9 3.9 3.9 3.9 3.9 3.9 3.9 3.9 3.9 3.9 3.9 3.9 4.8 5.5 5.3 5.6 6.1 6.7 7.8 9.7 11.4 12.3 12.8 13.4 13.7 13.8 13.8 13.5 13.3 13 12.8 12.5 12.6 12.8 12.9 12.8 13.1 13.5 13.9 14.4 14.8 14.1 14 13.6 12.8 11 9.2 8.8 8.4 8 7.9 8.1 7.2 6.4 6 5.6 5.2 4.6 4.3 5.2 7.2 8.5 6.7 4.9 2.6 2.2
13.7 13.9 13.3 12.9 14.3 17.4 16.1 11.4 9.3 13.2 11.5 10 9.3 8.3 7.4 6 6.1 5.6 5.1 4.5 4 3.9 3.9 3.9 3.9 3.9 3.9 3.9 3.9 3.9 3.9 3.9 3.9 4 4.4 4.9 5.7 6.4 6.9 9.1 10.7 11.9 12.9 13.5 14 14 13.9 13.8 13.5 13.3 13 12.8 12.5 12.7 12.9 13.2 13.6 14 14.5 14.9 15.3 15.8 15.1 14.6 14.1 13.5 11.4 9.7 9.3 8.9 8.6 8.3 7.9 7.5 7 6.6 6.2 5.8 5.3 5 5.8 6.7 7.8 7 6.6 4.9 3.2
13.7 13.9 12.7 14.6 14.3 13.8 12.9 10.4 9.9 8.9 9.8 9.8 8.8 8.3 8.3 7 7.3 7.1 6.1 5.1 4 3.9 3.9 3.9 3.9 3.9 3.9 3.9 3.9 3.9 3.9 3.9 3.9 3.9 4.3 5.1 5.8 6.6 7.2 9.2 10.7 12.5 13.4 14 14.1 14 13.9 13.8 13.5 13.2 13 12.7 12.7 12.9 13 13.7 14.4 14.9 15.3 15.8 16.3 16.7 16.8 17.3 16.3 15.4 14.4 12.5 9.8 9.4 9.1 8.8 8.5 8.1 7.7 7.3 6.9 6.5 6 5.7 6.3 7.3 7.9 7.3 7.5 5 2.3
12.4 12.7 11.9 14.8 11.8 11 10.2 11.4 11.7 8 8.4 8.8 11.2 9.6 9.1 7.5 7.1 10 5.7 4.3 4 3.9 3.9 3.9 3.9 3.9 3.9 3.9 3.9 3.9 3.9 3.9 3.9 3.9 4.4 5.1 5.9 6.6 7.5 9.9 12.1 13.2 13.6 14 14.1 14 13.9 13.7 13.5 13.2 13 12.8 12.8 13 13.3 14.1 15 15.6 16.1 16.5 17 17.5 18 18.3 18.5 18 16.8 15.5 13.8 11.3 9.6 9.4 9.1 8.7 8.4 7.9 7.5 7.1 6.7 6.5 6.9 7.8 8.2 8.3 7 2.6 2.2
12.3 11.4 15.4 13.9 12 9.9 9.2 8.8 9.7 9.1 9 8.3 6.5 11.2 9.9 8.3 6.9 9 5.6 4.4 4.3 4 3.9 3.9 3.9 3.9 3.9 3.9 3.9 3.9 3.9 3.9 3.9 3.9 4.4 5 5.7 6.5 7.5 9.7 12.2 14.1 14.5 14.5 14.1 14 13.8 13.7 13.5 13.2 12.9 12.8 13 13.2 13.7 14.6 15.5 16.3 16.8 17.3 17.7 18.1 18.8 19.1 19.3 19.3 19.2 17.9 16.4 14.8 12.3 9.9 9.7 9.4 9 8.6 8.2 7.8 7.4 7.2 7.7 8.1 9 8.8 7.5 2.6 1.4
12.5 10.6 9.9 12.4 10.8 8.9 8.3 7.9 8.2 10.5 8.2 7.5 7.2 5.9 10.4 8.7 7.2 8.3 5.9 5.7 5.5 4.8 4 3.9 3.9 3.9 3.9 3.9 3.9 3.9 3.9 3.9 3.7 3.9 4.5 5 5.6 6.4 7.6 9.6 12.3 14.4 15.1 14.5 13.3 13.7 13.7 13.7 13.5 13.2 13 12.9 13.1 13.4 14.2 15.1 15.9 16.8 17.5 18 18.4 18.8 19 19.3 19.9 20 19.9 19.5 19.2 18.7 15 11 10.3 10 9.6 9.2 8.8 8.4 8 7.9 8.4 8.3 9.6 8.4 8.7 4.6 2.1
10.7 9 10.1 11.2 10.8 10.1 9.4 7.5 7.6 7.7 6.9 7.3 7.2 6.1 9.8 9.9 6 7.2 7.7 7 6.1 5.1 4.3 3.9 3.9 3.9 3.9 3.9 3.9 3.9 3.9 3.9 4.2 4.5 4.9 5.2 5.5 6.5 7.6 8.8 12.7 14.5 15 14.1 12.5 13.1 13.4 13.4 14.2 14 12.9 12.9 13.2 13.8 14.7 15.5 16.4 17.2 18.1 18.7 19 19.2 18.8 19.5 20.2 20.6 19.9 19.2 19.8 22.9 17.4 12.7 11.1 10.6 10.2 9.8 9.4 9.1 8.7 8.7 9.3 9.6 9.1 8.6 9.1 8.6 1.5
12.8 11.2 12.3 10.8 10.1 11.6 9.9 8.1 7.5 7.9 8.8 7.4 6.6 6.9 10.6 10.4 8.5 8.5 9.6 7.1 6.2 5.4 4.4 3.9 3.9 3.9 3.9 3.9 3.9 3.9 4 4.2 4.6 4.9 5.2 5.5 5.8 6.3 7.2 8.7 11 13.7 13.9 12.2 11.6 12.3 12.9 13 12.7 12.1 12.7 13.1 13.5 13.9 14.5 15.5 16.4 17.4 18.4 19.3 19.4 19.1 18.7 19.5 20.2 20.6 19.6 19.1 18.6 19.6 17.9 13.9 12.5 11.2 10.8 10.5 10.1 9.7 9.4 10.2 11.1 12.6 11.1 10 9.8 8.5 1.9
14.3 10.3 9.9 9.3 10.4 10.6 10.1 9.4 8.4 7.8 7.5 7.9 8.4 6.5 8.5 8.3 8.8 7.4 9.4 6.9 5.9 5 4.6 4.1 3.8 3.6 3.6 3.7 3.6 4.3 4.4 4.5 4.7 5.1 5.4 5.7 6 6.3 6.9 7.7 8.7 9.9 11.7 12.3 11.6 11.6 11.8 12.2 11.7 12.3 13.1 13.5 13.9 14.3 14.6 14.9 15.9 16.8 17.8 19.1 19.7 19.1 18.4 19.1 19.8 19.8 19.5 19.8 18.6 17.1 16.7 15.2 13.2 11.8 11.5 11.2 10.9 10.5 10.2 11.6 13.1 14 13.4 12.6 11.5 7.5 1.6
11.8 10.6 10.7 10.1 9.1 10.5 11.5 9.1 8.5 7.9 7.6 7 7.3 7 6.4 6.9 7.7 9.3 9.1 7.3 5.6 5.2 4.8 4.6 4.2 4.1 4.2 4.2 4.4 5.2 4.8 4.7 4.9 5.2 5.5 5.9 6.2 6.8 8.5 7.7 10.1 12.9 14.1 13.6 13.3 12.8 12.6 12.1 12.4 13 13.7 13.8 14.2 14.6 15 15.3 15.6 16.2 17.5 18.8 19.8 19 18.3 18.8 19.4 19.1 19.7 20.3 18.9 16.8 15.7 15.5 13.5 12.5 12.2 11.9 11.6 11.3 11.4 12.5 13.6 12.8 13.3 12.6 9.7 3.4 1
7.1 8.2 10.3 10.6 9.1 9.7 12.1 11.5 9.5 8 7.9 7.1 6 6 5.9 5.9 6.1 6.9 7.8 7.3 5.9 5.4 5 5 4.6 4.8 4.9 5 5.3 6.1 5.2 5 5.2 5.4 5.7 6 6.4 7.7 10 9.5 11.9 14.6 15.3 14.7 14.2 14 13.6 13.1 13.3 13.9 14.7 14.8 14.8 15 15.4 15.7 16 16.5 17.4 18.7 19.5 18.9 18.2 18.3 18.9 19.4 20.4 20.9 20.2 18.8 16.4 15.1 13.8 13.2 12.9 12.6 12.1 11.7 12 13 13.9 14.3 11.3 9.7 8.5 2 1.1
6.8 10.3 9.3 10.1 11.7 10.3 6.4 10 11.7 8.9 8.3 7.1 5.9 5.9 5.8 5.6 5.5 5.6 5.7 6.6 6.2 5.7 6.1 6 5.7 5.5 5.7 5.8 6.2 6.5 5.6 5.3 5.5 5.7 5.9 6.2 6.5 8.6 10.8 11.9 14.5 16.5 16.8 16.4 15.7 15.2 15.2 15 15.3 15.9 16 15.8 15.8 15.8 15.9 16.1 16.6 17.4 17.8 18.2 18.8 18.8 18.4 18.2 19.7 21.2 22 20.8 19.5 17.6 15.6 14.8 14.2 13.7 13.3 12.8 12.4 11.9 12.7 13.6 14.3 14.8 10.8 8.9 7.5 5.9 2.3
8.6 8.7 10.5 12.4 4.6 10.6 8.4 4.8 9.9 10.4 10 8.6 5.9 5.8 5.6 5.5 5.7 5.6 5.9 7.3 7.6 6 6.1 5.9 5.8 5.8 6.1 6.5 7.1 6.9 6.1 5.6 5.8 6 6.1 6.4 7.2 9.5 11.7 14.6 16.4 17.8 18 18.1 17.9 17.5 17.9 17.9 19.2 19.3 19 18.2 17.5 17.1 17.1 17 16.9 17.1 17.3 17.5 17.9 17.9 18 18.5 21 22.9 23.1 21.4 19.2 17.1 15.5 14.9 14.3 13.9 13.5 13 12.6 12.4 13.4 14.1 14.8 15.3 11.4 8.4 7.4 5.2 2.2
6.2 6.3 6.3 6.6 5 5.6 5.3 5.3 9.6 13.1 6.8 12.1 7.6 5.7 5.5 5.7 5.8 5.7 5.6 6.9 7 4.2 5.6 5.7 5.6 5.7 6.4 7.6 8.1 7.3 6.5 5.9 6.1 6.2 6.4 6.6 8.5 11 15 18.3 18.5 19.4 19.6 19.6 19.6 20.3 20.8 21.2 23 23.5 22.6 21.7 20.8 19.6 18.5 17.5 17.6 17.8 18.1 18.3 18.5 18.9 19.2 20 22.4 24.1 23.6 21.3 19 16.8 15.7 15.1 14.5 14 13.6 13.3 12.8 13.1 13.7 14.4 15.1 14.9 12.9 10.2 6.8 5.2 2.2
7.4 6.7 7.2 6.5 6.5 7.4 10.8 9.5 8.4 8.2 10.8 15.3 11.5 7.5 6.3 5.9 5.9 5.8 5.7 6.2 4.5 4.8 4.9 5 5.2 6 7.2 8.8 9.7 6.9 6.5 6.2 6.3 6.5 6.7 6.9 9.5 12.3 16.5 19.5 21.1 21 21.2 21.5 22.2 24 24.8 25.5 27.4 27 25.7 23.5 21.5 20.4 19.2 18.1 18.2 18.4 18.7 18.6 18.6 19.1 19.7 21 23 24.4 24.1 22 19.9 17.8 16.5 15.8 15.1 15.9 15 14.5 13.2 13.4 14 14.5 14.6 14.5 12.1 9.7 7.5 5.9 2.1
10.7 11.6 10.1 7.6 9.3 9.2 11.9 11.2 9.7 9.6 12.4 14.2 5.5 9.3 9.7 7.4 5.9 6 3.5 6.1 8 7.8 7.2 5.3 6.2 5.8 6.7 7.6 8.7 7.7 7.4 7.2 7 7.1 7.2 7.7 10.5 13.4 16.7 19.3 21.5 22.5 22.7 23.4 25.8 27.3 29 30.5 31.1 30.2 28.2 26 24 21.7 19.6 18.5 18.2 18.2 18.2 18.1 18.2 18.6 19.9 21.7 22.7 23.8 25.1 22.9 20.8 19 17.6 16.6 17.4 17.5 17 14.4 14.1 14.3 13.8 13.8 14.1 14.2 11.4 8.8 7.6 6.5 3.8
12.3 13.2 12.1 11.6 13 12.2 10.8 10.6 11.1 10.7 10.4 10.3 9 11.3 9 8.3 6.7 4.2 6.2 7.2 6.1 8 5.1 5.5 7.4 6.5 6.5 7.5 9.6 8.5 8.7 8.5 8.2 8 8 8.6 11.4 14.4 16.7 18.9 21.1 23.2 24.7 26 28.8 30.9 37.7 38.8 36.9 34.8 30.6 28.1 25.4 22.4 20.2 19.4 18.8 18.1 17.7 17.7 18.2 18.6 19.9 21.4 21.8 23.3 24.9 23.9 21.7 20.2 18.8 17.2 16.4 15.9 15.6 14.6 14.8 16.8 15.8 13.8 13.8 13.8 10.7 8.9 8.2 7.6 6.5
1.7 1.8 2 2.2 2.5 2.4 2.4 2.8 3.4 3.7 4.3 7.3 6.8 10.3 7.3 8.1 5.4 5.1 4.4 7.5 5.8 4.8 4.6 5.1 7.6 7.1 6.4 7.3 9.7 9.2 9.7 9.8 9.6 9.3 9.1 9.6 11.8 14.2 16.5 18.7 21.1 23.8 26.2 29.9 33 40.6 47.1 51.7 50.7 48.9 40.4 31.5 26.7 23.2 22 21.2 20.5 19.9 19.1 19.8 20.4 21 20.7 20.2 22 23.3 24.3 24.8 22.8 21.4 19.4 17.8 16.8 16 15.4 15 15.2 15.7 16 14.1 14.1 13.7 11 8.6 8.6 8.5 7.7
1.7 1.6 1.5 1.5 1.5 1.5 1.6 1.7 2 2.2 2.5 2.1 3.4 3 3.5 3.5 2.6 5.9 5.4 6.3 6 5.1 5 4.9 7 7 7.1 7.5 8 8.4 10.7 10.8 10.4 9.9 9.5 10.1 11.9 14 16.3 19 21.7 24.5 27.8 36.8 43.7 49.6 55.8 59.9 58.5 57.2 49.7 43 34.1 28.1 23.8 23 22.3 21.3 21.4 22 22.6 23.2 21.6 21.4 22.1 24 24.5 25.4 23.9 21.9 19.9 18.4 17.3 16.5 16.2 16 17.3 15.8 15.4 14.5 14 13.5 11.5 9.7 7.8 8.1 8.4
0.5 0.4 0.3 0.2 0.3 0.3 0.4 0.5 0.7 1 1.3 1.6 1.9 2.1 2.3 2 1.3 2.9 7.2 7 6.9 6.5 5.7 5.3 4.4 5.9 7.3 7.7 8.5 9.9 10.7 11 10.5 10 9.9 11 12.3 14.3 16.9 19.8 22.5 26 33.4 43.6 51.3 57.9 63.4 65.4 65.4 64.4 61.7 49.8 49.5 46.2 29.6 24.6 23.6 23 23.7 23.7 23.6 23.1 21.9 22.5 23.4 24.3 25.2 25.6 24.4 22.4 20.4 19.1 17.8 17.2 17.2 17.7 18.3 18.1 15.9 15.1 14.1 13.6 11.4 10.6 8 8.4 7.9
-0.7 -0.8 -1.4 -1.4 -1.4 -1.4 -1.4 -0.8 -0.5 -0.2 0.2 0.6 0.9 1.1 1.3 1.6 2 2.4 2.9 3.6 7.9 8.5 6.9 6.5 5.6 6.3 7.7 8.2 10.4 12.3 10.9 10.6 10.4 10.2 10.8 11.8 12.9 14.8 17.3 20.2 24.4 28.5 40.3 49.2 56.9 63.8 70.6 73.5 73.9 71.6 68.9 65.4 65.5 57.5 36.6 28.5 25.8 25.9 25.8 24.2 23.9 23 22.2 23.5 24.5 25.5 25.6 25.8 24.6 22.8 21 19.7 18.4 18 18 18.1 18.6 18.2 16.8 15.7 14.3 13.6 10.4 8.4 7.4 7.9 7.7
-1.4 -1.4 -1.4 -1.4 -1.4 -1.4 -1.4 -1.4 -1.4 -1.4 -1.4 -0.5 -0.2 0 0.2 0.5 0.8 1.2 1.6 2.2 2.8 3.2 8.1 8.2 6.8 6.7 8.3 9.4 11.2 13.5 13.7 12.8 11.6 10.6 11.5 12.6 13.7 15.5 17.9 22.8 27.4 31 43.9 54.8 63 69.6 76.3 79.6 78.9 76.9 76.1 76.2 72.5 67.2 54.7 32.6 27.8 28.7 26.6 24.8 24.1 23.2 22.9 25.4 26.4 26.4 25.6 25.9 27.4 25.9 22.3 20.6 19 18.1 18.2 18.4 18.8 18.4 17.8 16.5 15.2 12.3 9.7 8.6 7.5 6.6 6.3
