data/NM44.asc
ncols 200
nrows 200
xllcorner 140000
yllcorner 740000
cellsize 50
[rows 140 to 174 of 200, columns 80 to 159 of 200]
58.1 91.1 117.3 137.7 151.1 158.4 154.5 150 149.6 149.8 150.3 153.4 155.5 155.3 146.5 142.6 137.6 135.7 144.8 144.5 142.4 142.2 142.8 148.5 158.1 161.6 167.3 168.4 170.4 173 174.9 175.4 173.8 169.6 168.9 169.6 170.7 171.4 176.8 185.4 190.4 193.6 188.4 195.6 197 194.1 196.4 200.9 210.4 215.2 221.6 224.6 236.4 254.1 270.7 281.3 291.6 301.5 312.3 320.9 325 323 321.1 323.6 335.9 332.9 338.5 345.5 360.2 372.9 376.9 382.7 389 379 373 367.7 361.9 349.7 338.8 329.9
61.9 91.6 113.6 135.3 140.7 147.4 150.7 149.3 148.9 148.8 147.3 145.2 144.5 143.6 137.4 133 136.3 134.2 133.6 134.5 140.1 141.6 142.3 144 150.7 156.2 166.5 165.6 166.5 167 166.5 170 170.4 167.7 167.9 168.8 168.6 170.8 178 188.7 190.4 191.3 189.6 195.1 200.4 198.1 198.1 201.3 218 223.5 223.8 237.1 257.4 273.1 277.9 285.1 295.9 310.4 324.6 331 333.1 329.9 326.9 343.9 346.6 348.2 353.4 360.9 374.3 382.8 387.5 389.7 402 398.7 383.5 371.3 360.1 349.2 338.5 328
52.6 79.7 99.4 126.1 139.5 147.3 144.9 143.5 148.5 143.8 145.5 136.2 140 134.6 129.2 131 129.6 131.7 133.2 132.9 134 141.1 141.2 144.2 151.2 150.5 154.9 161.2 161.9 161.7 163.3 161.9 167.1 167.4 167.1 168.1 169.2 170.1 174.2 180.6 187.1 193.1 192.3 196.1 201.8 208.3 202.8 201.5 224.3 223.6 233.7 250.6 271.7 289 290.1 291.4 300 320 333.7 341.4 342.4 338.5 345.5 349.7 359 362.4 366.5 375.1 384.6 397.9 406.7 407.7 406.3 403.8 393.9 374.6 360.6 348.4 336.4 328.4
45.5 65.1 89.3 108.9 132.1 139.9 149.1 137.9 146 145.1 132.9 129.4 130.6 137.1 128.3 131.8 133.5 130.6 130.8 131 131.5 137.9 140.1 142 151.9 150.3 152.3 153.9 159.4 158.2 157.3 164.7 167.9 169.6 170.1 168.3 169.3 171.9 173.3 174.2 178.9 193.4 198.2 209.5 216.1 211.5 210.5 216.5 220.3 222.9 241 257.3 283.7 291.5 293.5 295.9 310.5 331.4 346.5 351.6 348.7 352.9 360 365.7 368.9 375.3 376.8 383.7 395.5 414 415.7 412.6 412.7 407.8 400.8 377.4 360.2 346 335.2 327.7
41.8 68.2 87.4 100.5 117.6 136.4 141.9 135.5 140.1 144.8 129.7 122.9 133.7 135.2 120.8 133 133.1 131 130.2 131.4 133.9 134.9 136.5 140.6 149.7 148.9 151.5 153.9 158.1 156.3 157.1 166.6 166.6 167.8 171.1 174 180.7 179.7 173.9 174.3 181.5 192.9 201.9 218.1 221.3 217.2 217 219.9 225.2 227.3 243.7 259.1 284.3 294.1 293.8 300 320.9 337.7 351.5 350.2 353.2 363.1 370.3 376.5 380.2 383.5 386.6 389.1 398.6 416.7 419.6 415.5 414.5 410.8 390 372.5 358.3 344.8 334.5 322.7
40 67 77.8 98.6 114.3 128.5 134.9 132 137.1 136.6 123.6 120.2 120.7 132.5 125.9 120.3 131.7 131.6 131.3 132.1 135.9 140.7 142.3 135.1 141.4 147.9 152 151.5 151.4 155.2 155.6 159.7 162.8 165.4 166.7 171.1 181.9 178.3 174.4 178.5 186.5 194.3 204 214.5 224.9 220.9 225.9 222.7 226.3 240.9 255.2 267.5 296 291.6 298.7 307 325.3 336.7 341.2 342.3 360.8 376.3 380.9 384.9 389.8 395.2 395.3 395.4 400.4 411.9 423.2 417.8 413.9 395.8 378.1 365 353.7 341.3 332.7 318.7
38.7 58.6 66.9 83.4 109.4 116 125.5 123.5 122 125.7 117.9 113.9 117.1 115 114.4 98.2 133 132.7 132.4 132.8 135.4 145.5 149.3 151.3 144.1 141.8 146.1 150.2 150.4 153.6 155.7 163.4 163 165.8 167.4 165.1 168.5 170.3 176.3 185.2 200 194.4 204.3 215.3 220.6 232.2 234.5 236.6 239.6 254.2 264.2 280 295.7 296.1 304.8 311.5 325.2 331.1 331.1 353 372.4 380.2 385.3 393.5 396.3 403.1 406.5 404.1 405.5 405.2 412.5 416.4 405.2 386.8 372.3 362.3 350.6 340.4 328.2 316.6
45.1 54.2 72.4 74.1 86.1 103.2 117.3 118.5 110.4 118.3 108.5 104.1 107.4 99.6 96.9 103 131.1 133.6 133.5 133.8 140.9 146.9 155.7 163.5 159.2 151.3 140.9 148.1 154 153.5 156.6 157.3 160.2 165.2 163.8 164 164.8 168.6 177.7 184.6 195.9 209.3 208.9 216.8 229.5 241.1 259.9 259.6 261.9 267.7 270 281.3 290.2 296.8 308.2 316.9 327.6 324.9 346.1 360.9 373.6 384.6 390.9 396.8 401.8 411 417.3 413.2 409 402.7 399.4 399.3 392.4 379.5 368.1 357.9 348.1 344 331.7 319.9
53.1 51.4 69.1 73.9 78.7 91 95.2 101.7 101.3 89.9 84.5 76.2 82.1 79.8 75.3 100.9 122.9 133.5 132.8 137.3 149.1 153.4 164.1 165.5 163.4 160.4 156.9 149.1 154.6 153.8 155.3 156.7 159.6 160.9 162.3 163.7 165.1 172.6 189.2 194.5 206.2 207.4 211.3 217.6 226.3 243.4 266.2 263.5 268.1 275.1 277.3 283.6 290 299.6 310.2 318 320.9 344.8 359.4 366.8 375.3 386 394.3 404.4 403.2 411.1 418.7 415.2 408.4 400.4 390.6 390.5 383.4 376.8 365 355.6 343.8 342.1 329 316.3
44.1 48.7 51.8 71.2 75.5 73.4 79.3 81.7 85.8 78.5 70 63.1 66 75.5 96.3 104.2 111 127.4 132.8 136.6 150.1 153 168.2 168 167.7 164.3 161.5 163.2 162.9 155.4 155.8 160.9 164.1 163.3 167.9 169.1 168.3 170.3 180.8 192.7 200.9 210.7 219.2 218 229.2 240.7 262.2 258.1 269.4 277.7 283.8 290.9 299.7 298.1 302.2 319.9 337.3 350.1 362.2 378.5 383 384.5 392.4 400.7 402 403.7 412.5 412.2 403.9 395.4 388.3 384.4 375 373.1 360.1 349.3 338.1 331.1 323.6 314.9
31.9 46.4 53.8 58.3 63.1 72.7 69.8 68.9 68.6 65.6 60 63.4 74.9 88.8 102.3 113.8 116.8 114.3 130 134.5 148.2 155 166.1 169.3 168.1 165.5 164.8 167.4 168.6 165.5 156.5 158.5 164 169.4 164.9 167.9 169.7 173 187.2 195.3 210.1 210.2 219.3 219.8 227.6 237.8 252.2 263.7 271.3 281.1 282.9 291.5 297.2 293.9 309.6 328.8 339.6 344.6 356.6 367.7 374.9 381.4 392.2 392.6 393.7 395.2 399.6 401.3 395.6 390.6 386.2 376.7 368.6 359.8 353.3 343.6 334.1 325 320.4 312.2
11.1 23.9 44 38.6 44.5 51.4 58.6 61.6 61 60.8 60 63.1 85.2 96.5 107.4 117.7 127.4 119.6 128.1 132.5 145.4 155.6 170.3 169 170.4 168.9 166.2 172.9 171.5 173.1 165.2 160.7 157.4 170.4 168.2 166.2 169 180.5 192.3 199.4 211 215.6 217.1 221.5 232.1 234.6 255 258.9 280.7 282.1 276.9 278.6 293 307.6 320 329.1 331 334.8 344 350.4 360.2 372.1 383.7 384.2 389 390.7 390.6 388.8 386.8 384.9 379.3 374.3 362.1 352.1 348.1 338.9 330.1 320.9 312.6 305.3
8.7 9.2 13.9 20.4 30.6 38.9 43 48.2 56.3 55.4 57.6 67.9 84 92.1 102.7 114.4 122.9 117.5 121.1 129.6 140.6 151.6 169.3 169.4 169.7 173.8 167.1 173 173.7 173 167.3 166 163.1 161.6 169.6 166.1 168 180.7 196.4 206.7 213.2 225.8 228.2 222.4 230.4 239.2 238.9 256.7 276.6 281.5 266.7 284.5 297 309.7 315.9 324.6 328 324.9 328.2 338.1 346.8 357.4 366.5 374.8 381 382 380.3 380.6 385 376.3 371.7 370.5 361.5 346.1 337.6 331.5 322.7 313.4 305 295.7
-1.3 -1.3 6.3 9.9 17.2 28.4 37.6 43.7 44.1 37.2 44.7 59.2 73.4 82.7 96 99.8 108.4 113.1 120.2 125.3 139.5 149.6 156.2 166.8 167.9 165.5 162.7 169 172.5 174 170 166.2 170.8 173.6 166.3 165.9 167.7 180.4 200.5 215.6 223.4 231.4 233.3 229 230.7 234.9 249.6 255.5 262.2 258.8 275.5 282.8 295.1 294.5 301.5 310.6 318.4 315.5 315.2 323.5 333.7 341.9 355.9 363.3 369.4 373.6 372.5 372.9 373.6 368.9 363.4 360.5 350.9 339.2 327.9 315.4 309.8 301.4 296.3 289
-1.3 -1.3 -1.3 -1.3 1.3 2.3 3.1 12.8 -1.3 37.6 41.9 43.1 57.5 69.6 79.1 91.9 98.2 108.2 119.6 131.2 144.6 146.8 150.4 154.6 163.3 162 159.7 162.4 171.7 170.9 173.8 170.4 176.4 174.6 172.6 168.4 167.9 180.4 205 219.2 229 239.4 242.3 239.7 234.2 240.9 257.8 251.1 257.4 266 270.2 275.5 283.5 284.7 287.8 293.2 299.7 310.3 303.9 308.8 321.5 334.7 342.7 347.7 359.1 364.2 364.2 364.4 363.8 362.6 355.2 349.2 341.3 333.4 322.1 302.7 297.5 290.2 283.5 276.8
-1.3 -1.3 -1.3 -1.3 -1.3 0.4 1.2 1.2 -1.3 28.5 38.9 40.5 43.4 56.2 73.1 86.8 95.6 106.4 121 133.7 143.7 150.4 149.6 151.8 151.5 155.8 156.5 156.8 163.6 166.1 168.4 170.6 174.5 173.6 174.7 174.9 173 175.1 200.6 219.4 235.2 239.9 245.4 240.1 238.1 239.4 242.5 257.8 267.8 266.9 264.7 268.4 275.5 278.9 271.5 277.4 284.5 292.5 295.2 298.8 306.9 320.1 328.7 331.7 345.7 356.7 359.1 359 352.9 352 345.8 339.7 333.9 321.9 311.6 300.9 283.9 276.7 273.3 265.2
-1.3 -1.3 -1.3 -1.3 -1.3 -1.3 0 -0.4 -1.3 1.3 10.4 29.2 40.4 46.4 64.8 81.2 91.6 103.6 118.2 133.7 140.8 147 154.2 151.8 151.1 155.3 159.2 156.2 156.7 157.3 158.8 162.1 170.9 175.3 173.8 181.4 181.3 175.4 183.6 207.8 229.4 238.4 240.6 231.4 235.7 230.5 250 261.5 269.7 262.4 260 267.1 271 271.5 268.4 268.8 275.9 285.2 288 294.1 299 306.3 317.2 324.8 333.3 346 354.9 350 343.4 341.4 338.4 334.4 324.5 316.2 304.2 293.2 278.3 264.5 259 251.5
-1.3 -1.3 -1.3 -1.3 -1.3 -1.3 -1.3 -1.3 -1.3 -1.3 -1.3 2.6 29.2 38.2 54.6 75.6 88.5 98.8 107.8 120.2 131.9 141.4 146.6 151.1 150.1 159.8 159.3 157.3 156.4 156 156.3 156.5 159.4 165.1 167.7 166 172.5 173 178.2 195.6 211.5 222.7 222.5 219.3 218.2 250.6 248.7 255 259.5 257.6 254.8 258.7 260.3 268.6 268 267.5 270.4 277.5 286.3 284.6 288 297.2 304.7 317.1 328 332.3 337.6 336.5 335.4 332.7 328.4 323.4 313.6 306.5 292.1 283.7 274.4 260.3 246.1 240.5
-1.3 -1.3 -1.3 -1.3 -1.3 -1.3 -1.3 -1.3 -1.3 -1.3 -1.3 -1.3 1.7 9.2 39.7 55.2 78 92.6 102.7 114.5 128.7 135.7 143.4 143 143.3 154.2 159.5 160.2 158.3 156.9 156.8 156.6 157.6 159.9 162.6 163.6 167.7 170.4 176.5 185.3 198.4 201.9 202.3 200.7 230 237.5 242.8 248.1 246.9 244 244.9 251 253.9 261.7 267.7 266.2 266.2 265.8 276.1 279.1 280.3 287.5 296.6 303.1 310.8 319.4 326.7 326.9 326.5 322.3 318.6 312.4 310.9 297.2 287.5 280.1 272.4 259.5 242.8 237
-1.3 -1.3 -1.3 -1.3 -1.3 -1.3 -1.3 -1.3 -1.3 -1.3 -1.3 -1.3 -1.3 1.9 16.6 40.8 58.8 77.4 90.8 109 126.7 131.3 130.2 140.6 142.3 147.7 159.5 161.9 165.9 168.9 160.9 157.6 157.6 159.5 163.9 166.8 172.1 173.4 171.1 174.7 184.1 185.3 180 207.6 228.5 234.4 235 232 232.5 230 237 238.3 243.2 247.6 254.4 262.8 265.1 263.1 261.2 274.5 274.6 283.9 282.7 295.9 301.7 309.7 318.4 321.7 316.8 314.4 309.9 304.6 295.9 290.9 286.9 278.5 264.8 251.2 238.5 233.9
-1.3 -1.3 -1.3 -1.3 -1.3 -1.3 -1.3 -1.3 -1.3 -1.3 -1.3 -1.3 -1.3 -1.3 2.4 7.4 24.1 45.2 64.6 85.5 106.8 121.3 118 115.9 140.1 144 157.3 158.9 170.4 178.4 171.3 166.3 158.8 158.7 162.8 167.9 178 178.3 175.1 165.1 170 173.6 182.5 206.8 218.2 223.5 227.7 228.4 223.8 226.3 229.8 231.1 237 241.9 238.9 241 252.3 249.4 241 250.5 260.3 267 270.5 280 290.3 303.6 312.4 309.6 311.2 305.1 300.3 296.7 292.4 287 284.2 271.5 258.9 244.8 228.8 230.9
-1.3 -1.3 -1.3 -1.3 -1.3 -1.3 -1.3 -1.3 -1.3 -1.3 -1.3 -1.3 -1.3 -1.3 0.3 1.8 4.5 16.1 31 46.4 61.4 76.8 87.4 91.5 117.7 142.8 152.4 155.2 163.5 171.2 171.4 174.3 169 161.9 159.5 164.2 176.8 179.5 176.8 162.9 158.8 158.9 178.2 197.8 209.9 210.9 219.6 220.2 217.9 217.1 221.4 219.3 222.2 233.5 231.5 230.6 230.4 234.2 235.9 235.8 235.2 244.6 255.9 271.2 277.2 285.8 292.6 296.9 296.7 298.2 294.7 291.3 292.4 281.1 279.7 267.5 252.4 238.7 223.2 224.6
-1.3 -1.3 -1.3 -1.3 -1.3 -1.3 -1.3 -1.3 -1.3 -1.3 -1.3 -1.3 -1.3 -1.3 -1.3 0.8 2.6 6.4 11.2 18.6 27.3 35.9 46.3 60.4 90.1 113.1 133.3 147.2 163.9 171.4 175.2 178.5 178.9 172.8 171.8 162 166.3 172.9 172.5 160.9 148.6 154.8 174.6 196.3 203.5 207.1 211.8 212.7 210.7 211.2 215.6 215.5 213.3 214.2 218.3 219.4 221.5 226.1 227.3 229.4 222.6 225.4 239 247.7 260 269.7 274.7 284 286.2 285.6 285.8 284.6 283.8 272.5 267.5 256.9 245.6 234.7 217.9 219.6
-1.3 -1.3 -1.3 -1.3 -1.3 -1.3 -1.3 -1.3 -1.3 -1.3 -1.3 -1.3 -1.3 -1.3 -1.3 0.2 1.8 4.4 8.9 12.4 16.1 19.8 23 32 51.5 73 107.3 131.9 155.1 168.2 174.3 179.8 171 163.4 167.1 174.2 169.2 165.7 164.6 156.9 141.9 150.5 163.9 192.4 200 205.6 207.7 208.4 207.4 206.4 209.4 209.8 206.9 203.2 206 208.2 214.2 222.1 219.4 218.6 211.2 219 229 240.6 243.7 256.3 264.6 266.6 270.3 276.3 279.1 277 271.7 263.7 256.2 247.5 237.5 223.8 216.5 216.6
-1.3 -1.3 -1.3 -1.3 -1.3 -1.3 -1.3 -1.3 -1.3 -1.3 -1.3 -1.3 -1.3 -1.3 -1.3 0 1.5 3.3 5.8 10.3 11.8 13.5 18.7 24 29.6 45.2 66.9 105.6 135.6 147.9 160.5 161.8 156.8 158.3 158.1 171.3 175.9 171.5 161.2 156.4 150.8 142.1 152.3 179.5 194.3 199.1 201 205.4 205 204.2 204.7 202.4 201.1 198.3 199.9 203.4 206.1 211.7 208.3 207.3 209 211.2 220 229.1 237.4 240.5 250.4 260.1 255.3 264 271.2 265.7 261.7 256.7 249.3 239.2 229.3 217.1 215.2 214.9
-1.3 -1.3 -1.3 -1.3 -1.3 -1.3 -1.3 -1.3 -1.3 -1.3 -1.3 -1.3 -1.3 -1.3 -1.3 0.3 1.7 3.8 7.7 9.7 12 14.6 20 25.3 29.3 33 42.8 62 80.7 96.8 131.2 142.7 144.1 155.3 159.7 163.9 172.4 172.9 164.6 154 144.5 130 147.3 161.7 175 193.1 196.9 196.9 198.7 201.8 202.3 200.9 200.9 198.5 194.3 196.4 200.8 205 202.2 205.4 206.8 210.4 213.1 215.6 221.4 222.5 224.3 230.6 236.8 240.3 247.1 249.5 245.6 243.6 239 229.9 220.7 215.4 214.1 213.7
-1.3 -1.3 -1.3 -1.3 -1.3 -1.3 -1.3 -1.3 -1.3 -1.3 -1.3 -1.3 -1.3 -1.3 -0.1 1.2 2.4 4.8 14.5 26.7 36 25.1 22.7 27.8 24.3 25.7 35.4 44 48.2 64.8 86.2 119.8 138.1 156.6 165 164.8 170.4 167.4 154.9 148.1 128.1 133 140.5 151.9 153.8 165.6 189.4 194.1 194.3 194.2 200.9 199.8 198.1 199.6 190.4 189.4 194.8 196 199.8 197.4 201.5 204.6 207.3 206.8 209.2 208.6 208.5 216.6 227.4 229.4 233.4 232.8 231.4 229.7 226.1 222.4 214.2 213.6 213.1 212.7
-1.3 -1.3 -1.3 -1.3 -1.3 -1.3 -1.3 -1.3 -1.3 -1.3 -1.3 -1.3 -1.3 -1.3 1.8 2.2 10.7 10.5 23.5 34.3 42.1 28.2 24.5 32 24.7 26.4 28.5 39.1 40.6 44.7 61.6 90.8 122.4 154 161.6 165.7 162.7 155.1 147.2 145 114.3 130.1 131.9 130.8 137.7 149.1 167.9 184.7 190.8 192 192.2 194.4 192.7 191.8 190 184.9 186.8 189 190.8 194.5 194.8 195.7 197.2 196.9 199.1 198.8 199.7 206.2 212.9 217.9 219.9 218.3 220.5 218.8 216.6 213.1 213.5 213.2 213.1 212.5
-1.3 -1.3 -1.3 -1.3 -1.3 -1.3 -1.3 -1.3 -1.3 -1.3 -1.3 -1.3 -1.3 -1.3 -1.3 8 13.8 10.9 15.3 18.7 42 47.7 37.2 25.6 25 25.3 27 31.2 35.5 40.4 48 78.7 108.5 137.1 155.1 156.4 154.9 148.2 142.6 132 99.2 110.2 105.8 122.8 133.1 128.9 150.6 165.7 183.1 184.5 185.6 187.1 190.1 189.6 185.9 186.2 182.2 180.8 183.9 183 187.1 193.2 194.4 195.7 196.2 195.1 194.4 197.3 202.1 207.3 210.3 213.1 216 218.8 217.3 214.5 213 212.8 212.7 212.6
-1.3 -1.3 -1.3 -1.3 -1.3 -1.3 -1.3 -1.3 -1.3 -1.3 -1.3 -1.3 -1.3 -1.3 -1.3 15.2 21.4 10.8 10.1 10.1 26.8 42.2 43 30 25.5 24.7 27 27.9 29.1 39.5 42.6 64 100.1 126.6 141.9 141.8 140.1 140.5 137.6 114.8 81.3 99.3 121.5 139.3 142.7 150.3 138 152.3 161.6 176.6 181.8 180.8 181.3 182 181.9 178.9 176.7 177 178.4 179.6 183.7 186.6 189.2 193.9 195.2 194.8 194.7 194.9 195.8 201.3 206.7 213 218.8 221 225.5 220.9 215.8 212.8 212.7 213
-1.3 -1.3 -1.3 -1.3 -1.3 -1.3 -1.3 -1.3 -1.3 -1.3 -1.3 -1.3 -1.3 -1.3 4.9 2.3 7.1 10.2 5.4 7.2 21.4 38.4 42.5 44.7 36.2 29.5 23 22.2 23.8 32.3 37.4 48.6 86.3 112.8 127.2 129 126.9 125 123.8 104.9 70.6 99.1 118.3 146.3 149.3 151.6 150.4 142.1 149.8 156.4 163.9 168.2 175.2 174.3 173 173.1 174.9 174.9 175.6 179.3 180.4 184.2 192.4 193.1 194.6 194.3 194.4 194.6 195.5 201.7 209.9 215 223.9 224.6 225.4 217.3 215.3 214.1 214.8 217.3
-1.3 -1.3 -1.3 -1.3 -1.3 -1.3 -1.3 -1.3 -1.3 -1.3 -1.3 -1.3 -1.3 -1.3 -1.3 -1.3 -1.3 -1.3 -1.3 12.7 20.4 24.6 36.5 48 53.1 45.2 27.5 19.6 20.7 27.1 34.6 47.4 78.7 108.4 118.4 118.9 118.2 124 117.6 98.8 65.8 94 118.2 142.6 156.3 160.6 164.1 158.6 148.7 149.1 158 159.1 164.7 168.9 170.4 166.8 171.5 174.7 176.9 176.9 179.7 182.4 189.4 194.5 194 194 194.1 194.4 195.5 197.7 203.9 211.7 220.3 224.4 221.8 216.3 215.5 215 216.2 224
-1.3 -1.3 -1.3 -1.3 -1.3 -1.3 -1.3 -1.3 -1.3 -1.3 -1.3 -1.3 -1.3 -1.3 -1.3 -1.3 -1.3 -1.3 -1.3 -1.3 4.3 22.6 35.5 42 43.1 24.9 21.5 18.6 19.6 22.7 28.1 42.4 71.7 100.6 109.4 112.4 110.9 115.2 113.9 91.1 64.5 87.4 112.1 132.5 153.3 164.4 166.3 167.1 164.6 151.7 151.7 154.5 159.1 162.8 166 169.7 173.3 177.6 179 176.8 178.8 179.8 183.1 191.8 193.7 193.6 193.7 194.4 195.2 196.4 199.3 206.4 212.8 222.3 219.2 216.4 215.9 216.8 217.7 229.1
-1.3 -1.3 -1.3 -1.3 -1.3 -1.3 -1.3 -1.3 -1.3 -1.3 -1.3 -1.3 -1.3 -1.3 -1.3 -1.3 -1.3 -1.3 -1.3 -1.3 -1.3 25.3 39 38.6 23.4 21.8 21.4 17.7 17.4 21.1 25.2 31.3 49.1 77.3 83.9 87.5 104.2 105 106.4 84.4 54.5 81.4 107.9 127.4 143.2 157.8 161.6 167.5 167 166.9 155 150.3 155.3 162.3 166.4 170.4 175.3 180.6 180.9 181 179.7 179 180.1 183.7 189.5 193.2 193.6 194.5 195.2 196.1 198.4 202.1 205.2 210.6 213.7 217.7 217.2 220.8 222.7 232.7
-1.3 -1.3 -1.3 -1.3 -1.3 -1.3 -1.3 -1.3 -1.3 -1.3 -1.3 -1.3 -1.3 -1.3 -1.3 -1.3 -1.3 -1.3 -1.3 -1.3 -1.3 5.5 28.2 33.2 33.3 31.7 17.3 24.9 15.4 18.3 21.3 26.2 30.1 42.1 61.2 64.5 73.3 76.1 93.1 69.9 54.1 73.4 101.9 117.3 131.9 146.2 155.2 163.8 166.2 164.4 160.8 155.9 156.4 160.5 165.7 170.4 174.5 179.7 182.3 181 180.8 180.6 179.6 181 188.2 189.9 193.6 194.7 195.6 200.1 204.8 203.9 204.7 206.2 215.4 226.1 232 233.2 235.8 238.7
