data/NM54.asc
ncols 200
nrows 200
xllcorner 150000
yllcorner 740000
cellsize 50
[rows 111 to 147 of 200, columns 83 to 165 of 200]
110.7 113.7 113.3 112.8 110 108.6 108.2 108.1 108 108.4 106.1 101.9 102.6 100.8 96.1 92.7 86.3 81.6 77.1 72.8 70.5 67.1 60 55.9 49.2 40.6 38.3 41 41.6 41.1 40.8 40.7 42.1 43.4 41.6 38.9 36.9 32.1 31 31 29.1 25.4 22 19.8 16 3.3 2.2 2.1 -1.4 -1.4 -1.4 -1.4 -1.4 -1.4 -1.4 -1.4 -1.4 -1.4 -1.4 -1.4 -1.4 -1.4 -1.4 -1.4 -1.4 -1.4 -1.4 -1.4 -1.4 -1.4 -1.4 -1.4 -1.4 -1.4 -1.4 -1.4 -1.4 -1.4 -1.4 -1.4 -1.4 -1.4 -1.4
116.1 115.3 114.3 113.1 111.5 109.9 108.3 107.8 107.3 110.9 110.8 106.7 104.3 102.6 97.6 93.7 88.4 82.7 77.1 73.4 72.2 69.9 62 56.4 50.5 43.2 38.7 42.6 44.4 44.5 44.2 44.4 45.2 45.3 44.2 43.1 41.5 37.1 35.5 34.1 32.1 29.3 24.9 23.1 21.3 16.3 2.6 1.3 -1.4 -1.4 -1.4 -1.4 -1.4 -1.4 -1.4 -1.4 -1.4 -1.4 -1.4 -1.4 -1.4 -1.4 -1.4 -1.4 -1.4 -1.4 -1.4 -1.4 -1.4 -1.4 -1.4 -1.4 -1.4 -1.4 -1.4 -1.4 -1.4 -1.4 -1.4 -1.4 -1.4 -1.4 -1.4
119.1 118.4 117.8 115.8 112.6 109.6 108.4 107.8 107 108.5 110.3 108.5 105.1 100.6 96.4 92.4 86.8 81.4 79.6 76.3 73.1 67.4 62.4 57.6 54.5 49.2 40.5 46.7 47.5 47.1 47.2 47.6 48.6 48.4 47 47.6 46.9 44.6 39.9 38.3 34.2 31.5 29.8 28.2 26.6 23.5 4.5 1.5 -1.4 -1.4 -1.4 -1.4 -1.4 -1.4 -1.4 -1.4 -1.4 -1.4 -1.4 -1.4 -1.4 -1.4 -1.4 -1.4 -1.4 -1.4 -1.4 -1.4 -1.4 -1.4 -1.4 -1.4 -1.4 -1.4 -1.4 -1.4 -1.4 -1.4 -1.4 -1.4 -1.4 -1.4 -1.4
123.7 121.1 120.2 117.8 114.3 111 110.1 108.3 107.2 106.5 107.5 109.2 105.7 98 93.5 89.9 85.4 81.2 79.1 76.4 73.8 71.5 66.5 61.6 59.6 55.9 48.8 49 50.9 49.7 50.1 56.3 60.1 59.7 57.5 54.1 53.1 51.7 47 44.7 40.7 38.7 33.5 31.1 28.3 25.3 20 2.2 0.5 -1.4 -1.4 -1.4 -1.4 -1.4 -1.4 -1.4 -1.4 -1.4 -1.4 -1.4 -1.4 -1.4 -1.4 -1.4 -1.4 -1.4 -1.4 -1.4 -1.4 -1.4 -1.4 -1.4 -1.4 -1.4 -1.4 -1.4 -1.4 -1.4 -1.4 -1.4 -1.4 -1.4 -1.4
130.7 124.6 119.1 116.4 112 110.6 111.3 110.6 108.5 105.9 104.3 106.8 104.7 95.8 92.2 90.2 86.9 79.8 78.7 76.8 73.9 72.4 67.6 61 60.6 58.5 55.1 53.3 51.9 58.2 62.8 67.2 71.8 75.3 67.5 58.9 58.5 58.4 53.1 48.8 44.5 38.8 34 32.2 29.7 25.6 21.7 13.1 1.6 -1.4 -1.4 -1.4 -1.4 -1.4 -1.4 -1.4 -1.4 -1.4 -1.4 -1.4 -1.4 -1.4 -1.4 -1.4 -1.4 -1.4 -1.4 -1.4 -1.4 -1.4 -1.4 -1.4 -1.4 -1.4 -1.4 -1.4 -1.4 -1.4 -1.4 -1.4 -1.4 -1.4 -1.4
125.6 122.8 115.4 112 110.4 109.1 108.7 108.1 106.8 105 102.6 100.2 98.4 94.9 92.9 91.3 88.4 79.7 78.3 76.6 73.8 71 67.1 66.4 60.7 61.6 61.2 57.7 58.3 61 63.8 67.9 71.9 74.8 72.3 66.7 67.3 64.6 59.8 54.7 50.5 43.9 35.4 33.2 28.9 26.8 23.2 17 6.1 4.1 -1.4 -1.4 -1.4 -1.4 -1.4 -1.4 -1.4 -1.4 -1.4 -1.4 -1.4 -1.4 -1.4 -1.4 -1.4 -1.4 -1.4 -1.4 -1.4 -1.4 -1.4 -1.4 -1.4 -1.4 -1.4 -1.4 -1.4 -1.4 -1.4 -1.4 -1.4 -1.4 -1.4
120.8 117.7 110.8 108 107.5 107.1 106.9 106.2 105.2 103.8 101.7 97.9 95.4 93.2 92.3 90.5 87.6 81.8 76.9 75.7 73 70.2 69.4 69.2 62.8 63.3 64.5 64.1 64.3 64 64.4 68.8 71.2 72.2 71.2 71.3 72 70.5 66.5 61.3 56.2 49.2 43.1 36.9 34 29.5 24.8 20 9 1.9 -1.4 -1.4 -1.4 -1.4 -1.4 -1.4 -1.4 -1.4 -1.4 -1.4 -1.4 -1.4 -1.4 -1.4 -1.4 -1.4 -1.4 -1.4 -1.4 -1.4 -1.4 -1.4 -1.4 -1.4 -1.4 -1.4 -1.4 -1.4 -1.4 -1.4 -1.4 -1.4 -1.4
117.9 117.8 114.9 109.4 107.8 106.6 105.6 104.9 104.4 104 102.4 99.2 94.9 91.9 90.8 89.6 86.1 83 77.4 74.8 71.9 69.5 68.8 67.7 63.5 65 66.6 67.8 67.2 68.2 68.8 70.8 71.9 72.8 74.9 74.6 77.4 77.8 76.9 71 63.4 54 48.2 43.5 37.1 32.1 26.3 20.5 11 2 -1.4 -1.4 -1.4 -1.4 -1.4 -1.4 -1.4 -1.4 -1.4 -1.4 -1.4 -1.4 -1.4 -1.4 -1.4 -1.4 -1.4 -1.4 -1.4 -1.4 -1.4 -1.4 -1.4 -1.4 -1.4 -1.4 -1.4 -1.4 -1.4 -1.4 -1.4 -1.4 -1.4
116.7 117.6 116.8 115.9 111.2 107.6 106.5 105.4 104.6 104.1 102.7 100.4 97.7 93.5 89.3 87.9 85.1 83.8 82.3 75.5 72.1 70.1 68.4 66.7 67.1 67 68.7 70.8 72.3 72.3 72.8 74.1 74.8 74.7 75.7 76.7 79 78.4 76.1 74.1 69.6 61.7 54 46.7 40.7 36.4 30.6 23.8 16.6 4.6 -1.4 -1.4 -1.4 -1.4 -1.4 -1.4 -1.4 -1.4 -1.4 -1.4 -1.4 -1.4 -1.4 -1.4 -1.4 -1.4 -1.4 -1.4 -1.4 -1.4 -1.4 -1.4 -1.4 -1.4 -1.4 -1.4 -1.4 -1.4 -1.4 -1.4 -1.4 -1.4 -1.4
116.6 117.6 116.6 115.2 114.9 114.2 108.7 107.7 106.7 105.9 105.8 104 101.1 95.3 90.6 88.3 86.3 85.3 83.6 79.3 75.9 73.8 70.5 70.7 71.6 70 71.5 74.5 77.9 78.5 78.2 77.6 78.7 77.6 78.9 78.3 78.3 77.8 76.7 75.6 75.8 70.2 63.1 54.7 48.5 41 33.1 26.8 20.4 6.7 0.5 -1.4 -1.4 -1.4 -1.4 -1.4 -1.4 -1.4 -1.4 -1.4 -1.4 -1.4 -1.4 -1.4 -1.4 -1.4 -1.4 -1.4 -1.4 -1.4 -1.4 -1.4 0 2 -1.4 -1.4 -1.4 -1.4 -1.4 -1.4 -1.4 -1.4 -1.4
119.2 118.1 117 116.6 118 120.8 118.4 111.3 113.2 110.8 107.6 105.6 101.8 97.9 94.5 91.1 89.3 86.3 83.2 81.4 79.7 76.5 73 75.6 76.5 72.8 75.2 77.7 81.2 83.9 84 83.1 81.5 80.8 81.1 80 79.1 78.2 78 77.5 77.7 75.7 70.1 62.1 53.7 44.2 36.9 30.3 25.1 9.9 1.3 -1.4 -1.4 -1.4 -1.4 -1.4 -1.4 -1.4 -1.4 -1.4 -1.4 -1.4 -1.4 -1.4 -1.4 -1.4 -1.4 -1.4 -1.4 -1.4 -1.4 2.1 2.8 1.6 -1.4 -1.4 -1.4 -1.4 -1.4 -1.4 -1.4 -1.4 -1.4
121 119.5 118.7 119.2 119.8 122.4 126.5 117.9 116.4 116.1 115.4 107.2 102.9 99.9 99.3 99.1 92.2 89.2 84.8 83.4 79.2 75.8 74.2 75.5 77.1 76.5 79.8 82.1 85.9 89.6 92 92.7 91.4 88.6 85.2 84.5 83.8 82.5 80.7 79.7 80.7 78.3 77.2 70.4 60 52.1 43.7 36.2 27.4 17 5.8 -1.4 -1.4 -1.4 -1.4 -1.4 -1.4 -1.4 -1.4 -1.4 -1.4 -1.4 -1.4 -1.4 -1.4 -1.4 -1.4 -1.4 -1.4 -1.4 0.5 3.2 6.5 6.4 2.4 2.2 -1.4 -1.4 -1.4 -1.4 -1.4 -1.4 -1.4
123.5 123 121.7 120.8 121.4 124.6 129.4 132.5 119.3 119.6 121.1 118.9 108 107.7 104.5 100.7 97.4 93.3 89.3 84.7 79.8 77 76.1 77.1 78 80.1 84.2 88 94.5 98.9 102.1 101.5 100.9 97.6 93.8 93.6 92.7 90.8 88.1 85.4 82.9 79.5 78.3 75.2 66.8 60.2 51.6 43.5 31.8 21.9 9.7 0.8 -1.4 -1.4 -1.4 -1.4 -1.4 -1.4 -1.4 -1.4 -1.4 -1.4 -1.4 -1.4 -1.4 -1.4 -1.4 -1.4 -1.4 -1.4 0.9 2.2 4.6 8.4 5.6 3.7 2.4 0.2 -1.4 -1.4 -1.4 -1.4 -1.4
123.8 126.7 127.5 126.4 126 127.2 130.3 135.7 139.2 125.3 126 124.9 116.3 114 113.2 108.1 102.5 97.7 92.3 86 82.7 78.7 78 78.3 79.6 85.7 92 96.5 101.1 107.1 109.8 108.9 110.4 108.6 104.1 102.6 99.5 96.1 93.2 88.2 85 80.7 76.7 74.1 70.3 63 55.7 46.4 37.4 27.8 20.4 3.4 -1.4 -1.4 -1.4 -1.4 -1.4 -1.4 -1.4 -1.4 -1.4 -1.4 -1.4 -1.4 -1.4 -1.4 -1.4 -1.4 -1.4 -1.4 1.3 5.1 9.6 12.1 8.3 7.5 5.5 1.5 -1.4 -1.4 -1.4 -1.4 -1.4
124.3 129.1 133.1 136.7 130.4 129.8 131.8 137.7 141.3 138.4 136 133.1 128.1 123.1 120.6 113.7 105.7 100.9 92.5 90.1 88.5 84 80.8 80.6 82.6 86.9 92.6 97.9 102 107.4 110.9 114.3 114.4 116.8 112.6 110.8 106.7 102.2 97.9 94.8 89.5 84.2 78.8 72.9 69.2 62.8 57.4 49.7 40.1 29.4 24.7 15.9 2.2 -1.4 -1.4 -1.4 -1.4 -1.4 -1.4 -1.4 -1.4 -1.4 -1.4 -1.4 -1.4 -1.4 -1.4 -1.4 -1.4 -1.4 2.2 5.4 10 11.7 10.1 9.1 6.6 4.3 1.2 -0.2 -1.4 -1.4 -1.4
124.3 129.2 138.7 142.8 142.8 138.5 137.5 140.1 143.6 144.9 146.2 141.7 136.4 130.1 128.3 122.3 117.2 108.6 101.9 94.6 92.9 90.9 87.5 84.6 87 89.2 89.1 96.9 103.8 111.2 114.9 119.9 123.1 125.7 124.9 123.3 118.4 109.6 104.5 98.3 94.4 90.6 81.3 75 71.3 67.3 60.5 54.1 46.5 37.8 27.7 19.9 7.6 -1.4 -1.4 -1.4 -1.4 -1.4 -1.4 -1.4 -1.4 -1.4 -1.4 -1.4 -1.4 -1.4 -1.4 -1.4 -1.4 2.4 3.8 7.9 11.6 11.4 12.1 10 7.8 4.7 2.2 1.2 0.1 -1.4 -1.4
126.7 128.7 135.9 144.1 148.1 150.6 147.6 143.8 146.3 149.8 152.1 151.2 143.5 139.2 139.8 132 127.5 123.1 116.3 107.7 98.9 98.1 95 88.7 88.6 90.7 92 95.1 103 111.3 116.7 121.6 127.1 130.4 135.7 132.5 125.4 118.2 111.5 105.4 100.1 94.5 88.9 81.5 73.3 71 64.8 59.1 52.3 45.1 35.4 25.6 16.1 5.6 -1.4 -1.4 -1.4 -1.4 -1.4 -1.4 -1.4 -1.4 -1.4 -1.4 -1.4 -1.4 -1.4 -1.4 2.2 6.7 9.7 13.2 16.2 13.7 11.9 12.4 9.4 6.8 5.5 3.9 1.6 0.4 0
132.4 133.3 133.1 138.8 147.3 151.2 151.2 147.5 151.9 170.2 167.1 164.1 153.5 150.4 151 147 145.2 141.2 135.6 121.5 107.8 103 98.2 91.2 88.9 90.3 96.2 99.6 99.6 104.3 114.9 124 127.2 131.2 133.1 135.2 135.3 128.5 118.1 112.6 107.6 104.2 99.6 88.9 77.4 68.2 66.6 62.6 57.3 50.2 41.8 31.9 21.5 12.6 2.4 0.7 -0.9 -1.4 -1.4 -1.4 -1.4 -1.4 -1.4 -1.4 -1.4 -1.4 -1.4 1.1 2.2 4.9 10.3 10 15.5 15 11.8 12.9 8.9 6.7 5.9 5.5 2.2 2.1 2.1
136.4 136.1 135.6 137.9 145.5 152 152.3 153.8 171.1 174.7 175 174.9 175.1 166.9 157.1 155.3 153.7 155.3 145.4 131.3 117.8 107.8 105.4 98.6 95.3 95 100.9 105.3 107.7 107.9 110.5 117.5 122.2 130.2 133.1 133.6 136 132.2 125.3 119.3 112.7 107.1 103.1 95.1 84.5 69.3 66.4 64.6 61.6 53.1 46.5 38.9 28.2 20.3 8.4 1.3 -0.1 -1.4 -1.4 -1.4 -1.4 -1.4 -1.4 -1.4 1.6 2.9 6.1 9.2 3.9 2.7 5.2 7 12.4 15.4 14 13.1 11 7.6 6.3 4.2 2.2 2.2 4.1
138.8 139.8 140.1 142.1 145.6 151 155.3 159.4 169.1 172.6 176.1 178.2 178.6 180.3 169.1 162.1 157.7 154.7 149.1 140.7 126.1 112.1 107.2 105.6 106.4 101.2 105 108.3 115.5 119.5 114.9 115.8 118.9 125.4 132.6 135.5 135.2 133.8 133.4 131.6 125.7 111.5 104.7 99.2 91 80.3 69.4 64.4 62.4 58.2 51.1 43.1 34.4 24.5 12.7 2.1 0.9 -0.1 -1.4 -1.4 -1.4 2.2 3 2.2 4.4 9.4 12.6 12.8 5.3 4.8 4.5 6 9 11.9 14 12.2 11.5 9.7 7.3 4.6 3.7 2.2 2.2
143 143.3 145.8 149.4 150.7 151.7 156.4 161.8 166.5 172.7 176.8 179.5 180.4 181.2 175.9 170.8 162.3 156.2 153.1 148.3 137.6 121 110.9 110 110 109.1 111 113.6 119.3 124.4 127.1 118.2 121.9 127.4 130.6 131.5 134.1 135 141 143.8 131.9 119.2 108.6 102.8 97.9 87.8 78.4 65.4 61.7 57.8 54.6 47.2 38.2 28.2 23.2 8.9 1.8 0.3 -1.3 -0.1 1.8 3 3.9 3.5 2.9 6.6 11.3 13.3 10.5 10.7 8.4 5.9 7 9.2 11.6 12.6 12.5 11.9 11 9.6 5.6 2.2 2.2
149.7 150.6 151.2 153.8 155 156 158.6 160.5 166.3 174.6 180.3 180.6 181.3 181.8 181.4 176.1 167.9 158.4 155.3 151.2 148 135.9 122.1 115.8 117 118.1 123.3 124.4 126.2 126.6 126.7 122.7 122.3 129.8 134.4 135.2 136.8 140.9 149.4 148.8 135 123.7 113.9 105.3 99.6 92.5 84.4 73.7 64.5 57.7 55.5 50.3 42.3 34 28 17.8 3.6 -0.2 -1.4 0.2 1.5 2.5 7.1 5.1 3.9 5.2 9.5 10.7 11 10.8 11 9.6 7.2 7.9 10.7 12.9 15.1 14.8 11.5 10.8 8.1 4.1 2.2
153.7 153 151.9 155.4 158.1 161 162.1 163.7 164.7 174.9 177.9 182.1 182.8 182.9 181.3 178.5 171.9 165.2 158.4 156 154.6 146.3 131.4 124.2 120.2 125.9 139.1 145.3 135.6 128.1 128.1 128.1 122.2 127 134.4 139.6 142.7 142.7 140.2 138.3 134.5 131.7 119.2 107.2 99.3 91.9 86 79.5 71.5 59.3 55.2 50.8 45.2 39 31 24.5 7.6 2.2 -1.4 -1.4 -1.4 2.2 7.5 9.1 6.9 6.1 7.9 9.8 10.7 8.9 8.9 9.1 6.9 7.4 9.3 12.6 15.4 16.4 13 11.5 8.8 4.4 2.2
155.4 155.4 151.9 154.4 156.7 160.3 162 165.5 168.1 169.7 180.3 181.7 182.6 183.5 182.5 178.6 175.4 172.7 171.5 163.1 161 154.6 140.3 131.3 125.7 130.2 143.9 147.9 135.6 129.2 129.3 133.1 130.5 127.2 135.1 139.7 145.2 149.1 151.1 152.5 138.9 134.1 121.7 111 101.3 92 84.9 79.2 72.8 63.9 56.7 51.2 47 42.5 34.1 24.8 13.1 2.7 -1.4 -1.4 -1.4 5.3 11.5 10.5 8.7 8 8.5 9.4 9.6 9.2 9.2 9.1 7.4 7 7.7 10.4 13.2 15 14.4 12.8 7.4 4.1 2.7
160.3 160.2 152.4 150.8 152.3 154.4 156.6 157.8 161.5 165.4 168.3 173.9 180.2 183.4 183.6 180.4 176.6 175.9 174.1 171.3 162.9 161.3 148.9 136.6 129.8 127.5 136.9 139.3 130.7 129.4 129.4 130.9 132.7 135.2 134 142.3 150.2 154.6 154.5 153.6 142.4 129 122.8 113.4 104.4 95.1 86 79.9 74.9 71.3 62.3 53.5 50.3 43.8 37.3 28.2 16 2 -1.4 0.1 -1.4 3.6 7.2 7.4 7.8 8.2 8.2 8.2 8.5 9.4 9.5 9.3 8 6.8 7.1 7.4 11 12.8 13.1 13.9 8.3 3.9 3.8
164.5 163.8 157 152.3 150.7 149.4 151.1 152.3 156.1 160.8 161.9 167.2 172.4 181.6 182.3 178.6 174.5 174 175 172.4 163.9 161.2 156 141.2 136.4 130.8 127.6 128.2 128.5 129.5 129.4 132.6 135 139.7 135.4 146 154.9 158.3 155.8 152.5 142.3 131.5 125 117.9 107.9 97.1 87.5 81.2 75.8 71.5 62.2 58.2 50.8 43.7 40.3 30.1 19.7 8.3 7.1 5.4 -1.4 4.6 4.8 4.5 5.5 6.7 6.1 7 7.4 8.7 9.1 8.9 9 7.4 6.3 5.7 6.7 8.5 10.7 10.2 5.6 4 3.8
167.2 165.3 163 154.8 150.5 149 148.3 146.4 148.3 150 153.5 160.9 168.2 167.6 166.4 165.2 169.8 172.3 174 173.3 166.8 161.9 155.5 146.5 133.8 129 122.3 123.7 128.3 128.8 129.7 133.7 135.8 139.3 141.4 146.2 153.4 154.6 154.1 150.8 139.8 131.9 126.1 121 110.6 100 92 81.7 72.5 68.6 60.9 54 49.3 42.3 34.6 27.6 21.8 11.2 8.3 8.7 9 7.9 11.3 11.4 7.9 7.7 7.8 7.6 8.6 9.5 10.2 10.7 10.6 10.6 9.5 7.3 5.1 4.9 5.6 6.5 6.7 5 3.8
168.8 169.9 166 161 154.8 149.6 148.5 144.1 143.4 144.8 147.9 149.3 149.7 154.3 154.2 149.2 165.1 170 172.8 172.3 166.8 161.9 152.3 137.5 129.3 129.7 123.2 121.7 127.7 130.3 130.3 135 135.5 138.1 140.4 147 151.1 151.5 154.5 148.3 138.9 127.5 123.2 118.4 111.5 101.5 94.3 88.9 81.5 72.6 60.9 54.3 49.3 43.1 37.5 26.4 18.6 8.6 8.3 8 8.3 9.1 9.4 10.7 11 9.1 9.5 9.3 8.7 9.3 10.3 11.3 11.3 11.3 11.4 10 8.4 6.8 5.1 4.8 5.6 5.1 3.8
172.8 171.6 170.3 167.1 158.2 152 148.2 145.7 139.5 140.4 142.6 143.6 144.6 145.4 146.4 146.6 150.3 162.8 170.2 167.6 164.6 159.6 154.5 134.8 126.1 125.1 119.5 118.1 126.9 131.2 131.3 134 135.5 137.1 136.8 141 146.8 148.8 153 145.5 135 124.5 118.9 116.3 110.9 104.2 96.4 89.4 80.4 72.1 63.3 54.5 47.6 43.2 41.6 32.8 21.2 11.5 8.2 7.9 8.2 9.4 8.9 9.4 9.6 10 8.8 9.5 8.9 9.1 10.3 11.4 11.4 11.8 11.7 10.8 11 9.3 7.7 5.8 4.1 3.4 3.8
175.3 171.4 173.5 171.8 162.4 154.4 149.4 145.1 138 136.6 138.6 139.8 136.6 140.4 138.9 138 144 155.4 158.3 161.3 161.7 149.1 142.4 132.2 122.4 119.8 115.2 115.9 123.5 130.8 131.4 132.4 132.5 132.7 132.1 135.6 137.6 139.4 139.1 138.2 131.8 122.5 114.4 117 109.3 102.2 94.9 86.5 81.2 73 62.7 56.5 49.8 39.9 36 29.4 23.4 17.9 8.6 7.6 8.3 8.9 9.3 9.6 10.2 10.5 9.6 9 9.1 9.1 10 10.8 11.7 12.4 12.4 12.8 13.3 12.8 11.1 5.7 3.1 3.2 3.5
173.7 171.9 172.8 173 168.8 159.9 150.1 143.4 136.8 133.6 132.8 129 128.5 130.6 132.7 133.9 141.6 150.8 154 156.1 152.8 145.7 135.7 129.3 120.5 116.9 111.6 114.3 122.1 130.8 133.1 130.7 128.2 127 127.7 128.2 129.1 127.9 130.3 128.9 122.3 112.2 107.8 110.2 105.5 97.8 91.2 82.2 77.2 69.6 62.4 58 51.4 40.2 36.7 32.1 26.7 20.7 11.2 8.4 8.2 9.3 10.5 10.7 11 10.8 10.6 10.6 10.7 9.9 10 10.4 11 11.7 12.5 13.5 14.3 13.5 12.1 8 5.4 6 3.5
178.9 170.2 171.5 169.6 173.4 172.2 150.7 142 138.1 136.2 130.4 126.6 125.3 125.2 127.6 130.2 139.4 147.2 150.1 145.1 147.7 140.9 130.8 125.9 118.9 111.6 109 113.5 120.6 130.9 133.5 135.4 128.5 123.6 120.7 121.1 122.1 118.7 120.3 119 112.5 104.3 98.6 93.3 93.3 92.8 85.4 80.5 75.2 66.8 61.1 59.1 51.6 44 40.9 34.7 29 21.9 13 8.5 8.2 9.8 11.5 11.6 12.1 12.2 12.1 12.2 12 10.5 11.1 11.8 11.7 12 13.9 13.7 14.9 14 13 10.7 8.9 7.9 7.1
194.2 181.5 169.3 167 165.7 170.4 155.3 144.5 139.6 136.1 132.1 126.7 123.5 123 124.5 127.6 132.5 143.3 144.6 137 140.6 137.9 126.4 121.9 121 108.8 107.3 111.1 119.2 126.9 133.6 138.6 131.8 122.8 115.9 112.8 117.3 113.2 109.7 108 101.2 100.2 93.6 87.3 85.7 83.6 76.9 74.2 71.8 68.5 59.9 58.2 49.1 43.9 37.3 35.3 30.1 22.2 13.1 8.3 8.5 9.7 12.1 13.6 13.5 13.7 13.7 13.6 13.1 11.1 11.4 12.2 12.7 14 18.2 17.9 16.6 19.3 18.5 17.8 17 13.8 11.4
195.3 182.3 169.6 167.3 165.7 160.7 154.4 148.4 143.4 137.6 132.3 127.9 122 121.4 121.7 126 129.3 142.1 134.1 132.5 136.4 130.4 121.5 118.4 114.1 107.8 103.8 108.9 114.9 121.3 130.8 133.3 132.2 125.9 113.6 107.8 110.9 108.9 102.1 98.7 95.6 91 88.3 81.6 74.2 69.8 68.9 67.9 66.7 63.4 57.8 49.8 47.7 42.6 35.6 29.4 28.6 23.1 14.8 8.7 8.8 9.6 12.3 14.7 15 15.1 15 15 14.1 12.7 13.8 14.2 14.2 17.4 21.4 24.1 27.4 30.7 32.6 30 27.5 25 18.1
193.4 186.3 167.9 164.4 164.5 162.1 159.8 153.8 147.7 139.5 131.3 125.5 120.7 121.7 119.3 123.8 124.1 133.6 132.2 131.3 131.1 121.9 116.2 114.8 110.9 106.5 100.7 105.9 109.9 115.4 119.1 124.3 129 126.4 112.6 103.5 98.7 101.1 96.9 89.4 86.9 83.4 80.9 76.8 70.3 63.7 61.8 62.4 63.1 61 56.9 50.9 45.4 40.3 35.1 27.4 24.3 20.2 14.8 9.6 8.9 9.6 12.2 14.4 15.4 16.1 16.3 16.3 15.8 15.5 17.2 19.6 20.6 24.4 30.9 38.7 48.9 51.8 47.8 43 41.4 36.1 36.5
190.6 184.5 168.5 166.7 165.5 161 163.5 160.5 155.5 145.7 129.2 125.9 120.5 120.1 120.3 121.6 120.3 123.1 125.1 124.3 119 117.5 116 107.8 110.1 104 99.8 101.7 107.6 111 113.2 117.6 123.2 120.2 109.7 101.3 94.2 94 90.9 82.5 79.1 74.1 74.8 70.9 66.5 59.4 58 57.4 57.2 58.4 53.9 50.7 45.4 39.9 34.4 23.5 19.1 17.7 14.5 8.8 9.3 11 11.4 13.5 15.4 16.2 17.4 18.9 19.4 21.6 24.1 26.9 29.6 35.2 45.9 56.5 64.4 68.7 70.3 67.3 66 56.9 45.5
187.8 181.6 170.5 171.5 165.5 160.2 158.8 156.5 152.8 146.8 130.1 122 122 120.4 117.8 118.6 115.6 112 112.8 113.8 113.9 111.1 110.9 106.2 102.4 98.4 96.3 97.8 102.4 106.4 106.8 104.5 108.9 108.2 102.6 92.4 88 86.4 87 77.2 69.9 66.7 65.9 66.7 60.1 55.8 50.7 50.4 50.9 52.1 52.2 51 41.3 37.1 31.8 24.1 16.3 12.2 10.9 10.4 10.4 11 12 13.2 15.1 16.9 18.3 21.1 24.5 27.3 33.5 43 46.3 51.3 65.5 75.9 82.2 79.6 78.6 80.2 75.5 70.7 58
