data/NM75.asc
ncols 200
nrows 200
xllcorner 170000
yllcorner 750000
cellsize 50
[rows 105 to 139 of 200, columns 0 to 77 of 200]
349.5 354.5 353.6 344.4 327.4 312.7 309.8 310.5 306 300.1 292.5 290.6 290.7 288.5 291.6 286 283.8 280.9 286.5 286.7 282.5 282.5 277.9 279.6 279.9 264.8 252.9 240.5 240.6 249 253.4 247.2 243.6 237.1 239.9 233.4 221.3 223.4 228.2 229.9 227.5 211.5 197 198.5 201.2 206 214.2 225.4 231.9 240.4 234.4 232.6 228.1 231.3 227.6 222.7 219.1 217.3 203.3 191.9 187.5 171.2 156.7 147 133.8 128 127.3 127.3 128.7 130.9 132.8 131.7 130.8 132.5 133.6 140.5 144.2 152.7
347.9 350.4 352.3 341.3 324.7 308.2 304.7 302.9 300 298.7 290.7 281.7 283.6 279.3 279.5 273.6 274.4 273.8 277.9 276.2 270.5 272.7 267.6 269.3 267.9 254.3 240.2 230.8 220.5 223.5 230.3 226.8 225.3 220.1 214.5 210.7 210.3 211.1 212 213.7 210.6 191.2 187.1 197.3 197.7 203.2 205.4 212.3 218.5 225 227.3 224.7 219.6 222.5 222.8 216.4 212.4 209.4 200.2 184.4 179.8 166.9 152.6 143.5 131.2 128 128.8 130.3 131 131.7 132.7 133 131.9 134.2 138.3 144.1 150.2 164.4
342.5 345.6 346 337.3 324.5 309.9 302.2 298.2 295.9 295.2 287.6 276.4 275.3 272.3 271.3 266 265.8 265.8 264.7 263.4 257.9 257.4 258.7 256.4 254.2 244 234.4 224.8 215.7 203.9 207.8 212.3 200.5 201.1 194.2 195.7 200 198.3 198.8 194.8 190.6 173 183.9 191.6 196.9 199.1 204.5 207.7 212.2 211.7 217.9 218 213.7 216.3 218.4 209.6 203.4 199.6 193.9 177.6 170.1 156.6 149.3 138.2 129.4 127.3 128.9 129.1 131 131.7 132.3 132.9 133.7 136.3 140.7 148.3 155.6 164.6
344.2 340.6 335.6 328.5 319 307.8 302 286.8 286.4 284.1 280.1 271.5 265.9 263.2 259.5 256.4 255.9 260.4 260.1 253.1 250.3 246.8 246.3 242.6 242.3 229.3 224.5 218.7 208.1 199 190.4 185.9 186.3 188.8 188.8 189.9 186.3 186.2 177.3 174.7 180.1 159.2 181.2 188.4 194.1 197.4 197.9 201.9 202.3 203.6 209.9 211.3 206.2 211.2 213 208.1 199.3 191.2 188.2 169.1 158.7 150.5 142.6 133.5 128.7 127.4 127.7 128.2 129.5 130.6 131.3 132.9 135 141 146.8 155.2 161.9 167.7
351.1 348.5 340.3 333.7 319.9 310.1 305.1 303.6 295.9 288.3 276.3 268.9 256.7 253.7 248.3 244.2 241.9 246.1 248.5 243.4 240.3 236.9 234.2 235.1 232.9 221.7 215.2 208.3 199.9 193 187.7 182.3 172.9 175.6 179.1 177.9 175.2 173.2 164.3 164.3 165.4 156.8 177.4 183.8 189.3 190.9 197.9 199.8 199.5 200.7 203.4 206.2 198.6 206.3 206.2 201.5 195.8 186.6 174.6 161.5 150.7 144.8 138.2 128.3 128.1 127.8 127.4 127.7 128.1 128.6 131.7 133.9 141.4 148.5 158.2 163.8 168.8 173.8
351.5 349.9 340.9 333.7 323 309.2 307.3 307.8 306.8 299.7 291.5 283.6 277.2 267.3 256.9 248.9 243.7 236.1 226.2 231.3 231 224.7 219.9 222.6 225.2 212.8 209.5 202.5 194.8 189.8 188 182.1 173.5 161.9 163 167 167.3 158.3 154.5 157.6 160.1 161.9 172.3 175.7 182.1 185.4 196 199 197.7 195.8 199.9 196.8 189.4 200.7 200.2 196 190.4 184.8 170.1 148.9 143.9 139.7 132.4 127.7 127.2 127.3 127.3 127.8 128.2 128.6 132 137.6 147 156.4 171.8 184 184.6 187
352.2 349.4 342.5 336.2 329.4 313.5 310 310.1 311 310.6 299.5 290.7 291.4 286.4 283.9 269.6 251.9 243.9 243.4 239 230 227 221.4 212.3 209.6 206.3 203.7 201.2 192.9 189.3 184.9 179.8 170.3 162.8 150 153.6 155.5 147.9 152.3 152.8 156 159.6 169.9 171.2 172.8 178.8 185.7 196.8 194.4 192.2 192.4 191.3 185.8 192.5 198.8 189.5 183 176.4 163.4 149.7 138 135.2 130.4 127.1 127.9 128.2 127.5 128.2 128.4 129.3 133.5 141.7 153.5 162.8 180.4 198.2 200.1 203.3
353.4 354.5 346.6 339.6 331.1 320.4 317.2 310.7 311.3 309.8 305.8 299 295.3 295.6 297.5 290.2 277.1 262.1 254.2 245.6 239.5 242.4 237.8 236.9 218.1 207.6 198.7 190 188.2 189.7 186.7 174.1 167.4 159.5 146.9 144.3 142.4 142.6 144.2 147.1 148.2 158.4 165.9 167.7 166.3 169.8 178.8 188.8 186.4 188.4 185.3 186.7 182.2 185.1 187.5 183.7 174.9 167.6 156.2 145.3 135 131 128.1 128.7 132 130.8 128.8 128.3 129.1 130.9 136.3 147.4 156.2 170.7 179.7 200 207.7 212.2
352.1 365.6 351.7 348.9 334.7 322.5 327.8 314.2 309.9 312.8 316.7 311.6 307.3 300.4 302.2 301.9 296.7 278.5 270.9 258.5 244.4 238 236.3 233.1 221.2 211.8 205.5 196 187.9 182 181.5 174 165.6 151.5 150.1 142.1 137.8 137.8 139.2 141.8 141.6 153.3 160.7 160.8 163.4 165.7 170.4 176.7 181.2 182.4 178.9 181.4 177.8 175.1 175.5 174.2 164.2 159.2 149 141.6 134.7 131.1 127.4 128.1 130.8 131.6 129.3 129.4 130.8 132.6 141.7 155.3 177.6 183.9 189.7 206.8 219.9 221.4
351.2 357.8 352.3 351 342.9 322.9 325.8 314.5 308.5 310.5 318.8 331 322.7 315.5 310.3 313 318.6 295.2 286.6 275.1 256 238.3 233.1 230.5 220.3 214.3 203.8 194.9 189.8 185.8 178 168.2 159.4 158.3 150.3 143.2 137.7 135.3 134 138.4 136.1 147.6 153.7 154.8 158.8 161.9 166.1 171.7 176.6 173.8 173.5 177.5 169.6 167.9 166.4 163.6 155.9 149.6 146 140.7 135.3 130.7 127.5 128 129 132 129.8 130.8 131.9 137.2 150 169.1 187.8 193 202.5 220.1 228 231.7
349.9 356.4 350.7 347.5 347.4 328.5 317.6 310.3 305.7 305.7 311.9 331.5 338.4 329.4 324.4 322.8 323.9 314.7 300.4 291.6 273.9 247.7 235.9 228.4 220.1 214.5 205.5 200.1 195.3 190.9 182.7 172.7 171.9 163.3 154.1 145.1 138.4 133.5 132.4 133.1 131.2 143.8 148.1 153.8 156.2 157.6 162.2 168.9 170.1 169.8 170 173.4 161.3 159.2 158.8 153.8 146.9 139.7 142.9 141.6 136.1 132.3 128.2 127.1 129.9 131.9 130.6 132.5 135.1 144.3 157.8 179.2 192.2 197.2 214.2 230.8 235.6 240.6
349.8 351.7 346.2 340.8 338.8 327.7 313.8 309.2 305.7 305.7 307.1 327.9 342.7 338.9 335.2 333.3 330.8 326.3 314.5 309.5 288.7 261.7 244.9 233.1 218.6 212.4 208.5 205.4 198.4 191.4 182.4 174.5 170.9 164.2 156.3 148 136.7 131.7 130.4 127.9 130.6 136.7 146.3 150.9 154 158.3 158.6 164.4 162.7 165 163.6 165.6 153.8 151.5 150 146.3 138.5 139.8 141.5 139.6 137.2 134.5 129 128.5 131 132.5 132.1 133.1 142.9 151 172.6 184.6 200 203.8 216.5 225.9 239.5 247.1
341.3 346.3 345.5 338.7 334.1 325 312.1 313.7 305.7 305.7 310.3 318 335.7 343.7 346.3 346.6 343.1 335.2 336.3 323.3 308.6 278 257.2 243.8 228.5 218.5 212.3 206.4 200.8 195.1 188.9 177.8 171.4 164.5 154.6 147.5 137.6 132.7 131.2 130.6 127.4 131.1 143.6 151.7 150 151.6 156 161.3 157.9 161.7 157.6 152.8 145.8 146.1 142.5 137.7 134.9 139.6 139.7 137.2 134.5 131.7 128.1 127.3 132.8 133.4 133.2 138.4 148.6 159.5 176.7 187.4 195.2 209.5 225.6 239.2 254.8 269.7
342.8 348.7 346.9 338.7 331.2 328 310.9 310 305.7 305.7 308.7 319.7 328 339.6 350.1 347.8 351 343.7 343.7 337.2 320.5 297.3 277.6 259.2 246.8 233.9 223.4 215.5 205.8 196.3 190.1 181.9 177.1 167.5 157.6 146.7 137.2 131.9 130.9 129.6 126.4 128.1 140.1 151.1 144.7 146.3 150.2 152.9 154.5 158.4 153.7 145.5 141.5 145.8 139.4 133.7 132.3 135.1 133.7 131.9 130.4 128.1 128 127.3 129.6 133.3 137.7 148.3 155.4 170.3 184 195.5 208.4 227.5 241.6 251.1 265.4 287.4
335.7 344.2 345.5 337.9 327.1 325.7 313.3 308.1 307.5 307.9 308.5 312.9 333.8 336.6 343.7 343.2 343.1 345.6 349.4 347.8 333.8 315.6 304.7 287.5 269.1 251.9 238.7 232.7 225.4 206.2 189.9 181.4 171 165.7 155.8 149.8 137.7 131 129.1 127.7 125.6 125.7 130.8 134 137.2 137.8 141 141.2 146.4 148.6 145.4 135.2 136.6 140.4 130.2 128.5 128.2 127 128.7 128.5 127.4 127.3 127.3 127.1 130.5 134.2 143.4 152.1 161.4 175.7 194.9 209.6 228.2 253.6 254.3 266.7 283.4 304.4
327.6 339.3 342.9 336.9 325 316.4 312.4 312.4 309 308.4 315.4 314.5 322.2 332 336.7 342 339.7 343.7 351.4 349.3 340 331 317.3 311.2 291.5 270.4 253.8 249.8 243.2 225.8 208.3 197.1 178.6 173 164.2 150.7 139.3 132.7 129.7 126.4 124.5 124.7 125.1 126.5 130.1 131.9 133.2 136.8 139 147.1 135.3 130 131.9 132.6 123.3 122.6 131 131.8 131.1 131.4 128.9 127.4 128.3 128.6 130.7 136.2 147.3 155.4 168.2 199.2 215.3 223.6 239.8 260.3 264.5 281.7 293.6 317.9
318.7 332.8 335.7 333.6 323.4 316.1 314.4 314.4 310 308 307.9 314.7 317.1 326.9 334.9 335.3 337.1 338.8 342.5 341.3 339.1 335.3 332.9 319.8 304.4 292.5 266.7 261.6 252 241.6 223.7 211.2 196.6 179.9 167.8 155.9 149 140.3 132.3 128.6 123.6 124 123.6 123.7 123.8 124.6 126.1 130 131.9 130.5 128.5 125.2 124.7 122.9 121.1 129 133.9 134.5 135.1 135.5 130.5 128.2 128.9 129.9 131 141.1 152.7 170.5 181.3 215.5 234.9 240.5 253.2 264.8 280 301.1 310.4 332.3
308.5 315.2 321 325.4 319.1 316.1 313.6 311.9 308.7 305.7 305.3 317.6 324.1 328.1 329.2 333.2 334.8 335.7 339.1 341.2 337.3 336.2 334.7 322.7 310.1 298.2 278.2 267 256.9 241.5 227.5 215.9 205.6 192.5 181.2 161.8 150.4 142.6 133.1 128.8 123.8 123.4 123.5 123.3 123.2 122.1 124.5 125 127.3 126 127.3 125.4 124.2 119.4 121.4 126.1 132 135.4 136.9 141.8 133.3 129.6 130.3 131.6 132.6 145.3 165.9 189.2 198.2 231.3 242.2 256 260.9 275.9 290.9 307.4 320 336
290.1 300.3 316 324.8 316.2 314.6 309.3 307.9 306.8 303 303.1 312.2 321.9 329 336.1 336.3 336.9 336.6 339.9 340.8 336.4 334 333.3 327.2 313.8 302.5 285.7 275.2 267 254 239.8 226.1 214.9 201.9 186.4 173.3 162 146.9 135.1 126.2 124.5 123.1 122.8 122.5 122.4 121.9 121.9 126.6 126.1 123.6 123.7 123.7 122.3 119.1 122 124 127.9 135.6 138.3 137.3 136 131.4 132.4 134 140.1 155.3 179.4 196 211.8 235.7 254.4 269 273.2 288.6 302.9 315.7 326.3 340.4
282.2 289.5 306.1 309.2 306 309.1 299.7 297.4 302.4 296.3 301.8 307.8 315.3 324.1 337.9 342.6 342.3 340.5 338.8 339.9 340.1 334.9 329.9 323 314.6 301.2 285.5 282.7 272.9 265.1 246.2 235.7 229.7 213.2 194.4 181.7 167.5 155.7 144.4 131.7 123.1 121.3 121.9 121.6 121.6 121.1 120.9 125.7 122.8 122.9 121.1 120.8 119.3 119.9 123 125.1 125.7 131.2 136.4 135.4 134.2 133 134.9 139.8 149.9 171.4 196.4 205.8 228.7 251.1 266.3 281.1 286.8 299 314.6 324.4 338.3 349.5
273.3 278.1 289 291.7 298.5 297.9 289 286.3 289.6 287.9 294.8 302.9 310.3 326.8 336.9 347.6 348.5 349.3 338.8 341.2 345.4 339.1 332.8 322.4 313.6 302.9 285.4 279.2 269.4 264.5 245.1 236 225.6 206.6 193.9 183.1 171.1 160.9 147.9 134.5 123.9 121.3 120.8 120.5 120.7 120.3 120.3 120.7 120.3 119.1 118.3 122.2 123.3 121.9 123.3 127.1 129.9 127.7 129.2 133.3 134 140.9 152.8 155.7 163.1 184.3 209.8 226.3 249.7 263 279.6 290.8 302.2 315.8 328 337.4 349.3 357.9
263.1 267.4 279.1 281.3 283.7 276.8 274.9 275.2 274.6 279.5 286.9 298.7 311.3 322.1 342.2 346.9 345.5 348 337.2 336.4 344.2 342.8 334.2 321.8 314.2 301.5 282.9 274.3 262.4 255.3 236.7 229 215.9 201.2 189.8 179.3 166.7 156.5 147.9 134.8 125 121.8 121.2 120.8 119.9 119.7 119.4 119.2 118.3 120.3 121.7 124 127.8 122.8 128.6 129.2 131 132 135.4 141.6 139.4 150.6 161.5 167.7 177.2 191.8 222.6 243.3 259.2 272 289.2 300.6 315.1 329.9 339.3 353.1 362.1 368.2
250.6 255.3 262.6 264.4 267 263.2 263.2 260.2 264.6 278.7 286.1 297.2 310.9 320.6 336.2 333.2 335 333.7 333.3 328 331.8 331.6 325.6 320.8 314.1 298.3 276.9 272.9 255.8 246.2 230.2 222.1 209.4 195.7 185.5 177.1 160.6 148.9 143.3 130.5 123 122.3 122.2 121.4 118.7 118.6 118.6 118.5 118.2 120.7 124.1 126.3 124.4 122.4 131.4 133.3 134.3 137 143.9 147.2 147 156.9 169.3 185.1 196.5 199.7 228.8 250.9 266.8 281.1 291.5 308.1 324.4 342.7 352.2 364.3 369.7 376.9
239.7 245.9 250.5 255.2 257.5 255.5 253.7 255.5 263.7 275.2 284.9 294.3 304.1 309.8 320.3 320.5 326.7 328.3 334.7 333.8 320.9 321.5 319.8 315.1 307.2 293.2 272.2 264.4 251.6 236 226.3 216.8 206.1 192.9 180.8 169.5 154 145.8 137.5 122.7 121.1 122 124.2 124.7 124.8 119.2 118.3 118.2 118.2 120.3 123.7 124.9 125.4 123.6 133.3 138.4 144.5 154.1 159.5 151.8 153.5 163.1 183.7 199.4 213.5 219.2 231.3 256.6 273.6 284.3 299.5 317.6 331.5 351.6 363.6 374.7 381 384.5
239.9 247.6 247.4 248.3 248.8 246.9 244.1 252.7 261.9 277.7 288.3 291 299.5 306.1 312.4 317.3 322.9 324.4 327.7 324.3 320.7 312.1 310.5 304.1 300.4 285.9 264.7 256.4 247.2 230.7 220.4 214.2 201.2 190.2 178.6 161 149.7 140.2 127.5 120.5 120.7 121.8 123 122.4 120.1 118.1 118.2 119.3 121.4 122.7 124 126 127.6 125.6 137.3 143.4 153.3 160.2 161.2 160.9 159.6 175 193.8 213.6 226.5 239 241.7 265.9 288.1 294.2 312 329.6 342.3 358.3 375.2 382.6 389.2 391.8
236.3 248.6 244.5 243 243.2 239.3 241.2 246.6 255.7 276.6 287.7 290.6 292.3 302.1 305.1 307.7 315.3 313.5 319.3 321.3 320.1 315.4 306.2 297.8 288.7 271.5 258 250.8 242.5 226.9 219.9 210.9 198.2 186.3 172.4 160.1 144.9 134.3 122.1 120 121.2 122.3 122.3 119.8 118.3 117.6 117.8 119.8 122 123.3 124.8 127.6 132.5 129.9 137.3 147.4 155.9 160.8 161.5 165.9 167.8 192.4 216.1 236.4 243.6 264.1 261.4 278.5 292.7 304.6 321 337.2 354.2 370 386.9 394.8 396.3 400.8
232.8 240.9 237.6 233.9 229.8 232.5 238 242.6 252.4 270.5 281.6 283.2 285 291.2 293.4 304.4 309.9 307.7 310.9 325.4 329.3 328.4 308.2 287.3 276.3 258.8 250.2 242.5 232.7 221 219.5 212.7 196.5 180.9 167.3 152.8 138.7 129.4 121.5 120.2 121.6 122.8 122.3 117.4 117.6 118.7 119.3 120.9 122.7 123.9 125.7 132.2 133.7 132.5 139.9 149.1 154 157.9 166.9 173.7 180.5 207.9 227.2 245.4 254 276.7 284.3 287.4 297.2 311.9 329.7 343 358.4 374.5 392.6 402.2 405.6 406.8
228.3 231.5 228.3 225.3 216.4 227.5 232.8 235.3 246.8 261 272 273.6 281.1 283.6 285.1 293.5 294.7 296.2 305.3 319.8 327.8 332 317.9 290.7 264.1 248.4 242.1 235.7 229.6 215.4 213.2 208.8 190.2 174.7 157 144.3 137.4 128.1 122.1 119.6 121.5 122.3 119.3 117.3 117.8 119.1 119.5 120 121.4 123.5 126.9 132 136.1 134.8 144.1 147.7 155.3 163.6 169.7 174.3 193 216.2 232.7 251.8 262.8 286.7 298.1 293.6 299.5 319.5 335.3 348.8 361.5 376.3 389.9 398.8 407.9 413.7
221.7 221.2 218.9 217.6 209.6 222.7 227.5 228.2 236.2 245.7 259.4 263.7 270.2 272.5 276.5 277.5 278.9 297.4 311.1 314.2 323.2 325.2 315.2 287.1 264.4 240.6 237.1 231.7 224.1 208.3 204 193.8 183.1 162.1 149.1 141.7 137.4 126 120.4 117.7 118.1 117.4 117.6 118.7 119.8 119.8 120.4 122.1 124.8 124.8 125.7 131.2 134.3 136.6 145.9 151.1 155.8 164.6 171.4 181.5 207 221.4 240.8 254.9 268.6 290.2 305.8 305.6 314 321.5 338.1 352.4 364.3 373.9 387.4 396.1 403.8 411.6
217.6 215.9 215.7 214.1 207.1 215.6 220.2 222 231.5 236.1 248.2 255.7 262.8 264.4 268.5 267.8 279.6 297.6 311.4 308.3 311.9 312.7 306.2 279.2 252.5 235.8 229.7 226.8 213.6 199.2 194.7 181.7 173.1 152.7 141.5 134.1 123.3 116.9 117 118.2 118.4 118.9 118.7 119.5 121.2 123.2 123.1 125.2 126.8 128.3 125.4 126.3 131.8 138.5 144.3 152.9 161.1 169.8 177.8 192.5 218.8 230.4 248.3 261.2 275.6 290.6 310.1 318.1 327.4 333.3 345.4 354.5 362.3 370 383.3 391.1 406.6 416.3
217.9 214.7 212 208.4 204.7 210 212.3 220.5 226.4 229.7 242.4 250.8 255.7 257.4 257.5 266.8 282.1 293.1 300.3 297.1 303.2 302.4 294.7 266.4 244.6 228.4 217.7 216.9 198.3 190.8 180.6 169.7 154.6 141.6 137.6 128.4 119 116.8 119.2 121.1 121.3 125.4 122.3 121.8 124.2 127.7 128 130.6 128.8 129.8 127.9 127.9 130.7 138.4 145.3 154.5 164.4 171.2 192.2 209.7 226.4 236.3 249.8 266 282.6 301.4 316.9 325.1 335.8 344.6 349.3 353.8 363.6 368.5 384.9 392.8 402.1 412.8
218.3 214.6 211.5 206.8 202.9 203.6 209.5 215.6 220 225.2 237.7 245.1 248.9 252 257.5 267.5 278.4 288.6 290.2 288.2 288.9 289.8 275.7 258.9 239.8 219.3 208.1 201.1 185.2 176.1 166.6 158 142.5 136.1 128.9 125.4 115.9 118.7 120.3 122.6 125.8 129.4 128.6 129.3 134.2 137.4 137.4 140.7 134.1 133 132.3 130.5 133.7 136.4 146 156 166.9 180.5 201.9 214.9 231.8 249.7 257.3 266 280.8 307.7 322.5 336.1 341.1 349.7 358.4 365.5 375.5 386.9 392.8 393.3 401.7 408.5
216.3 213.9 211.1 206.1 202.5 202.5 202.5 209 216.6 221.2 231.7 242.3 243.5 253.3 263.7 269.5 279.2 284.9 285.4 284.7 279.8 272.6 264.2 251.9 233.9 213.2 191.5 180.4 173.2 160.3 151.9 142.7 132.9 127.7 126 123.4 115.9 118.5 120.6 124.6 129.3 133.7 136.7 140.1 143.7 150.1 149.2 149.3 142.3 138.6 133.3 134.9 142.4 137.3 148.9 155.6 169.1 191.3 209.7 227.3 237.5 253.6 264 272.9 286.5 308.9 325.4 339.8 351.5 355.8 366.9 374.4 383.3 392.5 401.6 405.3 406.3 414.5
216.4 214.9 211.5 207.4 202.5 206.9 202.5 203.7 212 217 222.1 231.2 238.5 253.3 268 269.4 272.2 274 274.8 280.1 270.1 263.6 256.8 241.4 227.6 209.1 184 167.7 153 145.4 136.6 130 124.6 122.9 123.7 120.9 115.9 118.2 121.8 125.9 131.4 135.5 142.2 145.7 150.6 156.1 156.8 149.5 146.2 146.8 143 144.3 146.6 145.3 150.4 154.6 173.2 196.4 216.3 228.6 245.9 258 269.9 278.3 296 320.4 333.5 350.2 357.5 366.8 370.6 380.3 390.3 400.6 406 409.8 411.3 419.9
219.6 215.6 210.5 207.1 202.5 202.5 202.5 205.7 212.4 219.1 223.6 229.3 242 249.7 258.9 261.5 260.9 263.5 267.6 266.5 262.8 252.3 247.2 235.4 221.6 200.5 179.1 161.2 142.7 129.5 124.4 121.2 119.1 118.8 120 117 115.5 118.9 121.9 128.2 133.1 140.1 143.7 151.1 154.2 156.5 156.4 155.2 157.8 154.8 153.2 153.8 156.6 151.3 153 155.4 178.5 198.8 216.1 229.6 250 263.7 277.7 286.9 311 332.6 347.8 361 370.8 375.1 379.5 382.1 389.9 401.2 412.6 413.7 420 424.7
