data/NM80.asc
ncols 200
nrows 200
xllcorner 180000
yllcorner 700000
cellsize 50
[rows 148 to 184 of 200, columns 83 to 165 of 200]
159.1 154 149.9 147.4 143.2 140.3 136.8 132.6 122.4 117.4 121.3 136.6 151.3 160.4 162.6 170.2 170.8 165.9 160.3 163.5 174.5 179.3 180.4 184.6 189.1 188.9 191.2 223.8 228.9 230.8 230.7 221.8 214.5 205.7 198.3 188.7 183.2 170.2 151.5 145 137 127.3 116.9 102.6 83.8 69.8 58.4 53.2 47.6 41.9 42 42 42 42 42 42 42 42 42 42 43.2 46 48.8 51.7 54.5 57.4 63.9 69.3 71.1 103.8 100.6 98.9 115.7 120.6 129.8 138 146.1 164.4 179.2 188.6 190.8 190.3 190
156 149.7 146.9 145.1 142.8 139.4 135.1 131.3 118 115.1 120.3 132.4 141.5 153 154.9 159.9 164.9 161.6 153.3 155.6 171.9 179.2 176.9 180.9 183.9 188.4 209.9 232.9 237.2 235 238.6 225.4 207.7 199 193.6 190 182.3 167.1 150.9 150.3 141.1 129.8 119.5 103.3 82.9 69.1 55.8 51.6 46.4 41.4 42 42 42 42 42 42 42 42 42 42 42.2 45.3 48.2 51 53.9 58.4 64.5 69.8 73.5 98.2 89 104.2 112.3 118.3 128.2 134.3 144.4 164.3 183.1 188.6 188.5 189.7 171.2
155.4 148.6 144.2 142 140.6 137.5 133.4 125.6 115.8 114.1 121.9 129.8 130.8 135.8 138.9 146.3 154.5 151.7 149.3 145.4 160.3 168.6 175.4 182.1 188.5 218.9 238.5 249.9 259.7 257.5 241.3 221.9 201 193 187.8 187.5 175.9 159.5 160.6 154.3 141.5 130.2 116.5 100 79.5 62.5 52.6 49.7 45.8 40.7 42 42 42 42 42 42 42 42 42 42 42.5 44.3 47.5 50.4 53.6 56.6 62.4 67.4 70 73.9 81.8 100.3 106.5 115.7 125.8 129.6 137.9 163.6 184 188.2 183.3 172.7 148.9
152.7 145.6 141.1 139.1 137.6 134.8 130.7 116.5 114.1 116 124.9 135.5 132.4 128.5 128.1 134 140 138.9 140.2 140.3 146 162.7 186.4 189.4 201 238.6 252.8 264.1 268.4 261 240.6 214.3 193.1 188.3 189.2 181.5 166.8 161.1 162.3 148.8 136.8 125.4 112.3 94.3 75.6 61.6 54.4 49.9 45.5 42 42 42 42 42 42 42 42 42 42 42.3 43.2 45.7 48.6 51 52.4 54.3 57.9 58.9 62.1 67.7 73.4 85.6 96.7 105.9 113.2 120.2 139.3 169.1 185.3 183.4 173.6 148.6 144.1
150.6 143.4 137.7 135 132.6 130.6 124.2 114 112.2 121.1 129.3 136.6 128.9 128.4 128 128.5 129.7 130.5 133.9 139.1 141.7 157.1 180.5 191 217.3 255.2 263 277.1 270.3 252.5 227.7 203.3 183.5 185.7 191 175.8 170.3 165.7 158.1 139.7 129.2 119.7 106.7 86.1 70.6 60.7 55.4 50.8 46.2 43 42 42 42 42 42 42 42 42 40.7 41.1 44.4 48.5 49.4 50.6 52 54.1 56.1 57.7 59.7 61.7 68.7 75.9 86.6 96.8 106.4 120.6 147.3 169.9 181 173.8 151.5 140.7 141.1
148.1 139.1 133.4 129.3 128.7 125.2 116.9 112.1 115.6 125 134 130.1 127.1 127.6 128 128 129.9 137.3 140.7 141.4 148.3 156.4 176 190.1 205.5 255.7 263.4 276.1 258.6 235.4 210.1 183.5 173.1 182.2 184.6 178.2 170.7 169.2 153.6 134.7 125.7 112.6 94 81.2 72 62.2 53.9 49.4 45.8 43.3 42 42 42 42 42 42 42 42.2 46.6 48.9 48.1 51.1 49.9 50.1 51.7 53.8 55.3 56.7 58.4 60.4 65.8 73.5 82.8 92.3 105.6 129.3 150.4 165 169 150.6 140.2 134.7 131.7
143.8 137.3 129.8 126.4 124.9 119 112.6 111.6 117.4 128.5 128.2 123.5 122 122.4 126.9 133.7 143.1 152.6 153.6 161.4 171.9 170.3 175.4 179.2 184.4 209.6 239.8 255.9 237 205.3 181.9 158.7 156.5 178.7 181.3 179.3 170.6 164.7 147.1 131.5 119.6 103.8 91 80.9 73 63.7 54.5 48.5 45.2 42.1 42 42 42 42 42 41.5 39.2 48.7 51.5 50.9 52.6 51.7 50.3 49.7 51.5 53 54.4 55.9 57.4 59 62.8 71.2 79.7 87.5 109.9 137 153.4 152.1 143 139 131.1 121.1 112.1
139.2 133.2 127.8 122.7 122 115.6 111.6 110.2 117.7 126.4 117.8 120.2 118.7 123.4 131.5 145.9 160.9 159.1 160.7 179.5 184.8 188.1 184.4 171 168.6 169.2 177.7 179.1 180.3 173.3 154.2 148 149 167.4 181.4 177.6 171.9 164.6 147.9 124.3 106.5 96.1 87.9 83.6 75.8 62.3 51.4 43.7 40.1 41.7 42 42 42 42 42 40.2 45.6 51.1 51.8 52.6 52.7 51.7 50.6 49.5 50.6 52.1 53.6 55.1 56.6 58.1 59.8 68.4 77.2 83.3 112 135.9 142.8 135.9 126.9 123.8 120.7 103.4 93.9
139.5 129.8 130.7 125.2 119.3 112.3 108.8 105 112.8 109.2 111.8 110.9 120.5 130.4 144.9 156.1 160.5 160 159.4 180.8 185.7 189.1 189 180.2 173.2 162.1 155.7 149 147.9 145.9 141.9 148.7 143.7 162.4 180.6 179.2 175.6 168.9 153.5 120.4 98.4 91.5 86.8 82.2 73.2 56.5 47.1 39.9 40.5 41 41.5 42 42 42 42 40.8 50.8 51.2 51.6 52 51.9 51 50.1 50.5 50.4 51.9 53.3 54.8 56.2 57.6 58.7 65.9 73.5 82.4 94.1 115.8 126.1 117.1 110 103.1 96.7 88.3 78.3
138.1 133.2 137.5 139.3 121 114.4 107.2 99.3 96 105 108.3 109.4 121.3 135.8 143.7 150.6 155.6 158.8 158.7 174.7 190.2 191.1 186 180 176.2 170.4 159.4 150.3 148.8 143.9 138.7 139.5 135.4 160.1 178.7 188.6 174.9 166.1 126.1 95.9 96.7 94.2 87.3 76.9 63.8 53.4 42.9 40.1 40.5 40.9 41.3 41.9 41.7 41.8 42.3 44.9 50 50.7 50.7 50.1 50 50.7 50.8 51.7 51.1 51.7 53.1 54.5 56 56.6 57.4 61.7 73.2 83.6 90.1 89.7 90.8 90.8 92.1 82 74.9 68.9 60
139.3 140.6 139.6 133.8 126.3 119.3 112.6 105.6 94.6 96.7 100.6 104.1 116.9 132.6 137 142 153.3 161.4 161.4 161.2 178.6 186.5 178.4 175.2 173.2 169.3 160.4 156.8 162.4 156.8 143.2 129.9 124.9 158.4 183.5 196.7 175.5 134.6 101 89.8 96.6 98.6 86.1 69.9 57.7 47.2 40.9 40 40.2 40.6 41.8 42.2 41.5 41.4 41.8 44.3 47.5 48.2 48.9 51.2 48.9 49.5 49.4 51 52.2 51.5 52.9 54.3 54.7 55.6 56 57.6 68.9 78.4 77.4 73.6 73.2 74.9 74.2 67.2 64.8 61.2 58.2
141.1 141.1 139.1 131.5 128.3 122.1 114.3 106.2 94.4 93.1 96.8 102.4 112.9 122.9 131.5 146.9 156.8 165.4 170.9 165 171.1 174.1 172.6 172 169.6 169 166.1 168 175.6 164.9 154.3 127.1 110.7 127.9 168.9 171.1 139.4 114 82.8 72.3 93.1 98.8 81.6 65.9 52.7 40.6 40.3 40 39.8 40.7 42.6 42.4 41.2 41.1 41.2 41.2 43.8 45.8 50.6 52.3 52.8 54 49.3 51.5 52.4 52.5 52.7 52.8 53.6 54.6 54.6 54.4 60.1 67.3 64.9 65.8 63.8 62.1 62.6 58.4 58.4 57.9 58.4
143.7 146.6 138.6 133.8 131.4 124.6 118.2 105.1 92.7 96.9 95.8 99 106.3 118.6 136.3 155.7 162.8 170.2 177 173.7 169.5 169.3 169.2 169.1 169.3 169.4 170.2 177 177.6 158.8 143.1 124.2 100.5 92.2 91.8 98.8 91 76.8 66.9 60.9 74.8 85.3 73.8 58.8 43.9 39.5 39.5 39.6 39.5 41.4 43.4 42.6 40.9 40.7 44.2 50.5 51.9 52.1 52.3 53.7 54.8 52.6 49.8 51.6 53 52.3 51.4 51.6 52.7 53.8 52.2 50.7 53.4 56.5 56.5 58.2 57.9 55.6 55.2 54.5 56 58 58.5
145.8 150.7 139.1 143.7 132.4 124.2 116.7 102.1 89.2 95.5 95.5 96.5 105 114.9 129.7 160 168.5 178.4 186.7 184.6 175.7 168.9 168.6 168.9 169.7 170.6 170.6 175.6 160.1 146.3 138.8 113.3 94 79.4 69.4 66.8 61.9 58.7 50.8 48.9 52.3 59.9 54 46.3 38.7 38.7 39.3 39.8 39.7 41.7 44.2 42.8 41.2 45.8 56.5 67.5 67.1 62.8 59.8 58.3 56 54 52.6 53.3 54.4 52.3 51 51.2 51.4 51.8 51.3 50.1 49.8 49.6 50.4 51.5 52.3 51.2 52.4 52.3 53.9 58.1 59
149.4 149.7 143.8 147.8 132.2 120.2 113.1 101.3 86.6 92.3 94.1 102.8 113.9 121.8 129 151.1 169 188.1 201.6 196.3 181.2 173.5 168.4 168.7 169.4 169.9 169.5 170.7 141.2 137.5 133.4 102.2 89 89.4 73.3 62.5 56.8 53.3 48.5 43.7 40.1 38.9 38.7 38.7 38.7 38.7 41.9 40 40 45.6 53.3 46.2 50.3 59 69.5 73.7 76.9 78.6 72 66.4 63.1 58.6 56.9 56.6 55.5 53.5 51.5 51.2 51 50.6 50.6 50.4 50.1 49.8 49.4 50.5 51.4 50.7 51.3 53.7 56.3 58.9 68.4
150.2 149 153.4 144.6 131.7 120 109.9 96.8 85 92 100.5 117.8 125.5 126.7 135.4 143.8 162 193.7 207.8 205.7 190.9 177.5 170.8 169.2 170 168.6 163.4 153.1 138.1 136.9 121.7 97.6 94.1 95 75 56.9 53.7 50.2 47.1 41.9 40.1 38.7 38.7 38.7 38.7 38.7 44.2 39.8 44.3 52.9 53.3 54.8 64.5 75.2 78.5 82.5 85.9 88.4 83.7 80 74.1 63.6 60 58.7 56.9 54.8 51.9 51.5 50.9 50.7 50.7 50.6 50.5 50.1 49.5 49.5 50.5 50.2 51.9 56 59.4 65.6 75.1
149.1 151.3 160.7 138.8 127.8 116.7 105.8 93.2 83.3 91.5 100.9 129.2 133.1 131.5 137 142 156.4 190 203.3 209.6 200.5 187 174.5 170.1 168.9 164.2 157 139.6 134.4 126.8 112.2 93.8 100.1 93.1 64.8 51.9 49.7 47.6 43.5 42.1 44 41.2 39.2 38.7 38.8 38.9 41 42.9 48.8 55.1 57.2 69.3 83.4 90.4 87.1 90.8 93.6 94.6 90.5 85.8 83 74.9 66.9 61.1 58.3 56.1 53.1 52.2 50.7 50.7 50.6 50.9 50.8 50.3 49.7 49.1 49.6 50.1 54.1 57.9 61.2 73.6 79.5
149.5 154.4 154.3 135.2 118.8 110.6 100.3 87.4 79.7 94.4 115.4 144.2 144.3 137.4 136.8 141 155.1 188.6 202.3 208.8 208.3 191.7 187.7 186.2 175 160.7 150.9 135.2 131.3 114.3 99.6 88.3 91.7 73.3 56.6 48.2 47.5 45.8 43.3 45.2 48.1 47.5 41.6 41 41.5 43.2 49.9 46.8 52.7 58.3 66.8 82.4 102.9 101.6 102.4 105.3 100.2 99.6 95.9 93.5 91.2 85.2 76.6 68.3 62.5 57.1 54.5 52.1 50.5 50.2 50.2 50.7 51.1 50.5 49.9 49.3 48.7 51.8 55.3 58.9 62.4 74.8 79.1
149 151.7 140.3 130.4 111.9 103.6 93.3 80.2 84.1 111.6 122.1 143.4 148.7 138.9 135.8 140.1 163.8 193.9 204.7 211.3 210.3 195.9 191.5 188.3 180.4 164.2 146.3 130.6 122.7 106.1 93.2 82.2 70.9 58.9 49.7 47.1 46.1 46.4 44.6 46 48.8 48.8 46.4 47.5 44.5 48.6 48.9 51.8 56.8 65.4 76.3 102.5 113.8 112.8 115.5 117.7 115 105.9 102.2 102.3 98.1 90.3 83 73.9 66.8 61.1 55.8 53.5 50.9 50 49.9 50.4 50.8 50.4 49.8 49.2 48.8 51.1 55.2 59.4 65 76.1 80.5
154.8 150.8 132.8 116.8 107.9 95.9 84.9 76.5 101.2 134.5 134.8 137.6 140.1 135.5 133.2 142.8 173.3 191.6 203.1 213.9 209 200.2 195.8 187.2 178.5 165.1 148.8 129.7 119.9 103.8 87.7 70.8 51.2 51 47.3 45.5 45.3 46.3 46.1 47 47.5 47.6 46.5 48 49.3 50.9 52.4 57.7 66.2 76.4 87.3 117.6 122.7 124.1 128.1 132.8 130.7 121.9 112.4 108.6 102.6 95.9 88.4 78.1 70.1 64 57.4 54.6 51.8 50.1 49.7 50.3 50.5 50.3 49.7 49.3 49 49.7 53.9 59.1 68.3 78.7 79.7
157.5 135.4 125.1 110.9 102.3 84.9 67 81.8 104.2 130.7 139.8 140.1 140 134.9 129.8 141.5 180.2 195.9 200.9 209.4 204.5 199.3 197.2 187.5 175.2 158.6 144 127.2 116 98.5 80.3 64.5 50.3 48.3 45 45.6 46.8 46.3 46.5 47.2 48.9 48.6 47 49.8 51.6 54.3 58 64.9 74.7 86.6 99.3 119.9 129.6 135.5 140.1 140.9 138.9 130.1 119.6 112.2 105.4 98.4 89.4 80 67.6 64.9 62.4 55.6 52.2 50.4 49.9 50.2 50.3 50.1 49.6 49.4 49.1 48.7 53.1 61.2 67 71.7 77.6
142 128.8 117.1 105.9 94.5 71.6 71.5 79.2 91 113.1 137.9 139.7 135.2 129.8 127.8 134.1 170 190.7 197.3 207.8 199.5 196.3 193.6 186.4 170.2 153.6 137.3 123.5 110.2 94.3 68.2 55.7 47.3 44.4 45.2 46.4 46.6 46.7 47.2 47.5 49.5 51.6 52.3 56.2 60.5 63 64.9 73.2 83.6 94.6 107.1 128.4 135 142.5 145 140.5 138.5 132.5 123.4 114.3 107.3 99.4 90.4 80.7 71.8 64.6 61.2 54.9 52.2 51 50.3 50.2 50 50 49.8 49.5 49.2 49.2 52.8 57.4 63 66.4 79.2
123.4 118.4 110.4 96.5 81.4 61.6 70.4 76.3 81.1 99.4 136.9 134.1 126.5 125.9 126.6 130.7 170.9 187.1 195.5 197.9 197.7 196.5 190.2 183.8 167.4 149 129.9 118.4 104.8 83.8 56.1 45.9 44.8 47 49.3 58.2 65.7 58.6 49.1 47.8 49.8 52.4 59.8 65.8 70.1 73 74.8 80.9 91.5 103 115.5 130 138 146.6 145.1 140.1 139 135.5 127.5 119.3 107 98.4 88.5 79.9 69.3 63.6 58.8 53.8 51.9 51.4 50.5 50.4 50.9 50.5 50.4 50.4 50.5 51.1 55 58.9 60.8 70.3 73.6
112.2 108.3 97.7 85.2 67.5 65 70.5 76.9 79.7 108.2 130.8 125.6 117.9 110.6 114.4 127.8 167.7 184.6 185.1 182.5 191.1 191.5 183.7 176.2 158.5 139.4 123.6 114.4 95.8 73.4 55.1 44.1 48.1 49.1 57.2 72 78 66.2 59 56.9 54.4 59.4 67.2 74.4 78.7 81.6 84 87 98.1 114.4 126.5 129.9 138.9 142.5 141.6 140.2 139.7 137.9 130.5 119.3 106.2 96.2 86.3 76.7 68.1 61.8 56.3 53.2 52 51.5 51 50.6 50.7 50.5 50.5 51.3 52.1 53 56.3 58.2 60.1 71.8 76.4
103.3 99.3 90.2 74.5 56.6 67.3 68.7 73.6 88.7 136.1 133.5 123 112.8 106.3 107.4 124.1 132.8 152.9 163.8 170.1 179.1 174.7 165.4 157.2 143 125.1 120.3 108.8 83.8 60.4 44 47 49.6 49.7 60.5 73.8 81.4 74.6 73.3 72.8 70.2 69.8 75.8 83.1 86.8 89.8 93.3 94.3 110.4 130 132.9 134.8 138.9 141.7 141.1 141.1 140.7 138.6 132.8 121 107.6 95.7 85.4 75.7 66.6 60.7 56.4 53.8 52.3 51.8 51.3 50.9 50.6 50.5 50.3 51.4 52.6 54 55.6 57.6 60.5 71.8 78.7
93.3 88.2 79.7 60.5 56.4 63.1 59.3 63.8 105 140.9 136.8 122.6 106.3 101.2 95 111.4 128.7 131.7 148.7 153.8 161 158.6 151.7 143.6 126.5 108.2 112.3 98 69.7 46.3 45.1 48.4 49.5 50.2 65.6 79.8 87.4 84.3 83.1 87.3 94.3 94 92.1 91.2 95.1 99.4 103.6 104.2 120.6 135.5 139.8 140.8 140.9 140.8 140.6 140.6 140.6 136.9 130.7 120.4 109.7 98.1 86.6 77.4 66.3 59.8 56 53.7 52.6 52.1 51.6 51.1 50.8 50.6 50.5 51.6 53.3 55.2 57 59 62.1 70.3 79.3
84.7 80.7 65.6 48.7 54.2 55.8 55 58.5 100.7 137.4 136.2 113.9 93.3 86.4 71 79.9 98.5 105 124.4 141.3 152.4 151.1 141.4 127.4 110.5 94 93.3 74.1 47.9 43.4 47.2 48.9 50.6 52.1 62.8 78.3 89.1 94.7 94.7 102.5 114.9 117.7 120.1 109.4 104.2 108.2 113.2 112.8 123.9 135.1 142.5 140.9 140.8 140.4 140.1 140 138.2 135 128.6 118.8 109.6 98.5 88.1 79 71.3 60.8 56.4 54.8 53.5 52.4 51.8 51.4 50.8 50.7 50.6 52 54 56 57.9 60.7 64.4 73 80.8
75.9 68.2 54.9 41.9 50.8 54 56.4 56.7 78.5 118.1 126 107.7 76.3 65.2 54.2 45.1 50.7 73.6 94.1 129.1 140.8 140.6 132.1 120.1 97.4 82 65.2 48.6 43.4 45.9 48.1 49.1 50 51.4 55.3 71.7 90.2 102.9 109.6 119.7 131.1 139.1 138.4 125.6 114.9 116.7 121.7 119 125.2 135.6 140.8 140.9 140.7 140.4 139.9 139.5 135.4 131.8 126.4 118.3 109.6 98.6 89.3 80.4 70.3 66.9 59.5 55.8 54.5 53.2 52.1 51.6 50.9 50.7 50.8 52.9 54.9 56.9 58.8 59.9 72.8 79.7 86.2
68.9 57.3 46 44.5 49.7 56 54.9 54.7 52.8 79.6 98 79 55.3 51 41.8 39.5 39.7 52.7 99.8 128.4 129.4 127.2 123.3 105.6 87.4 64.7 53.6 43.8 44.6 47.9 49.1 49.5 50.5 51.4 62.6 77.5 92.5 106.3 122.2 133.9 139.6 146.4 148.7 139.4 125.2 125.2 128.6 124.9 121.7 133.2 140.9 140.8 140.7 140.3 139.9 139.4 133.2 130.7 130.9 122.2 110.8 97.2 86.2 76 68.7 66.4 61.4 55.5 53.6 53 52.3 51.6 50.9 50.8 50.9 52.3 54.7 56.7 59.6 67.4 77.9 84.3 92.2
58.7 47.8 40.9 46.1 52.9 41.6 39.1 42.3 48.4 51.5 50.1 43.8 40.3 38.3 39.6 41.1 41.9 40.4 66.4 97.7 114.2 111.1 100.3 77.7 57.3 47 43.6 44.8 46 48.3 49.7 50.6 51.2 59.8 74.3 89.8 107.3 113.5 129 136.9 146.1 150.5 149 138.3 132.7 130.1 131.2 129.7 127.2 129.7 139.8 140.7 140.6 140.3 139.8 139.5 138.9 140 132.7 119 108.4 91.7 82.2 75 69.1 65 60.2 56.1 54.2 53.6 53.1 52.4 51.7 51.2 51.9 50.9 53.1 55.6 62.2 72.2 82.3 89.9 98.8
51.1 41.3 42.4 54 44.1 34 34.9 35.3 35.8 37.2 37.6 37.1 38.9 41.5 46.2 46.5 44.9 42.1 41 69 81.9 83 72.8 50.1 44.1 44.3 45.4 46.5 47.4 48.6 49.9 51.2 54 66.5 83 98.7 110.2 117 123.7 131.8 150.2 155.4 149.3 141.8 138 134.6 132.3 129.5 129.8 131 136.2 140.9 140.8 140.2 139.9 139.5 144.7 142.1 130.5 114.8 100.3 89.3 79.8 72.1 69.6 67.7 60.4 55.3 55.4 54.8 54.3 53.6 52.2 51.9 53.5 51.3 52.9 57.7 64.3 74.1 85.2 96.8 105.6
45.1 37.1 38.2 40.9 34 43.6 58 57.8 53.7 53 49 45.4 44.9 51.6 57.9 53.7 47.9 44.6 41.4 42.6 51.7 53.3 46.6 43.3 44.9 46.2 47.2 47.5 48.1 48.8 50.1 52.5 58.8 71.2 84.8 99.8 110.6 113.8 119.7 139.8 156.5 157.9 138.3 138 137.6 137.1 132.7 130.5 130.6 130.7 135.3 139.3 141.1 145.3 140.6 140.1 149.3 145.8 124 108.7 94.8 85.9 76.6 73.4 70.7 65.4 58.6 55.9 56.6 56.1 55.5 54.9 52.6 52.9 52.5 51.2 54.6 60.3 66.3 76.7 89 103 112.7
44.1 38.4 34.6 33.7 40.3 67.8 84.4 84.2 81.8 78.6 68.3 59 57.5 57.7 58.1 57.8 56.8 52.7 50.2 42.2 42.5 43.1 43.6 44.7 46.8 47.4 47.6 48.1 48.5 49.3 50.3 53.8 63.6 75.9 89.5 101.6 104.4 109.5 116.8 132.4 148.4 138.9 139.1 138.6 138.8 139.1 133.2 129.7 130.2 130.3 133.5 137 140.6 147.2 145.7 145.4 150.8 133.9 120.7 98.1 89.8 81.5 77.9 78.5 73 61.6 60.4 60.9 57.8 57.3 56.7 56.1 53 52.4 51.5 51.5 55.7 62.8 71.3 79.4 92.8 107.5 122.5
41 36.3 33.8 33.2 60.6 86.6 109.1 109.3 108 98.2 82.5 74.4 69.9 78.3 73.2 77.3 80.4 71.5 65.9 52.4 43.9 44.1 45 46.1 47.7 47.9 48 48.3 48.9 49.7 50.5 55.3 67 76.9 84.2 92.7 102.9 115.8 123.1 135.8 138.4 138.6 138.8 138.9 138.9 142.5 137.7 129.8 129.9 130.3 131 134.8 141.8 148.7 148.2 144.3 139.7 121.6 107.4 95.8 87.1 79.5 79.8 80.3 70.5 60.5 64.4 68 66.5 63 59.9 56.1 53.7 52.4 51.4 52.4 58.9 65.5 74.1 83.3 102 113.9 129.3
38.5 35.1 33.6 47.9 82.7 112.8 128.8 136 128.1 107.1 97.3 90.8 89.7 92.1 86.9 99.5 106.8 99.4 82.1 67.5 62.4 51.9 52.3 48.2 50.1 52.9 52.5 50.9 52.3 54.8 58.6 67.4 77.5 85.8 92.6 105.8 123.6 134.6 137.2 138.5 138.7 138.9 138.9 141.7 146.9 149.6 138 131 130.5 129.8 130.3 134 140.9 143.6 141.7 136.1 127.5 117.2 106.1 94.2 84.7 80.8 80.1 77.5 69.2 69.3 71.6 71.8 70.1 68.3 62.8 56.8 54.3 52.4 51.8 53.7 60.9 68.2 77.5 89.8 106.7 121.1 136.6
36.2 34.5 38.5 53.4 106.4 136.5 151.5 155.1 138 116.5 111.2 103 109.1 102 96.8 113.4 123.1 117.4 97.8 88.4 83.3 68.1 67.8 73.5 76.1 77 67.5 75.6 73.8 78 83.6 84.5 89 91.5 105.6 117.7 139.5 149.7 143.1 138.8 138.6 138.5 140.2 147.9 151.6 150.1 140.3 130.8 129.8 129.4 130 139.1 140.9 140.5 137.4 131.7 123 112.9 104.1 94.1 85.5 82.7 80.2 71.2 71.8 75.1 76.9 76.5 74.4 71.7 65 57.6 54.9 52.1 51.8 54.8 62.6 70.8 81.4 92.8 107.9 126.7 144.4
32.6 32.8 41.8 59.1 113.9 145.8 158.7 150.5 139.3 126.3 123 118 123 111.6 123.9 133.9 138.9 125.6 111.4 104.6 103.8 86.3 93.8 100.6 99.2 96.6 93.1 97.3 94.4 101.5 99.6 104.1 105.1 102.2 114.3 125 144.8 149.4 143 140.9 139.1 138.9 146.9 152.2 156.8 152.2 141.1 131.8 129.1 129.3 138.7 143.1 142.2 140.6 135.2 128.7 118.6 108.4 102.3 94.8 86.5 81.6 79.7 76.6 80.2 80.5 81.6 79.6 76.8 74 67.6 58 55.3 52.4 52 57.1 64.3 73.4 83.7 96 110.4 128.4 141.2
