data/NM95.asc
ncols 200
nrows 200
xllcorner 190000
yllcorner 750000
cellsize 50
[rows 0 to 37 of 200, columns 0 to 84 of 200]
91.6 90.4 90.1 91.5 92.6 92.9 92.6 91.9 88.6 85.2 81.9 80.5 79.2 76.4 74.6 74.5 75.1 72.6 73.9 73.8 74.5 74.8 74.9 72.4 69.3 68.3 65.1 63.8 59.9 56 54.3 53 53.9 53.5 58.8 64.2 67.5 72.7 81 88.7 90.6 92.6 94 101.6 106.7 105.9 105.8 115.8 112.8 94.4 79.5 66.6 60.2 59.4 43.1 32.1 23.8 22.4 28.7 40.2 56.5 72.6 85.1 100.4 108.5 115.4 122 131.8 125.3 133.3 135.4 134.7 132.8 131 117.9 118.6 112.3 103 92 87.6 88.1 82.8 71.9 80.4 81.4
95.6 93.9 94.1 94.7 95.3 95.6 95.5 94.2 92.9 87.7 85.7 84.8 83.8 78.7 77.7 77.8 79.2 76.5 78.1 78.5 79.3 81 80.9 78.7 75.7 71.5 67.1 66.5 61.6 57.3 54.3 53.1 50.8 50.7 50.6 53.3 57.7 63.8 64.4 73.9 77.7 79.6 79.2 83.2 88.6 87.2 88.2 86 89.8 82.8 65.5 55 53 49.9 40 29.3 24.8 22.4 26.3 36.5 51.3 59.9 70.1 82.9 98.7 106.6 108 108.7 116.1 112.3 115.9 114.2 114 112.5 99.7 94.3 89.1 83.9 73.6 68.9 73.9 74.4 65.4 70.8 57.7
105.2 98.3 98.7 100 98 98.1 97.5 97.7 95.8 94.3 91.4 89.1 85.7 86.3 87.5 87.9 88.6 86.5 88.6 86.3 87.6 89.9 92.7 90.7 88.8 78.6 70.8 68.8 64.8 59.2 57.5 56.8 53.3 51.9 49.1 48.1 48.6 48.7 54.5 58.5 65.7 70.5 72.1 72.5 72.3 76.5 75.3 67.9 70.5 75.9 66.7 52.2 41.4 36.6 31.7 26 22.7 21.6 25.7 33 44.5 53.8 56.7 66.4 84.7 94.1 89.1 88.5 93 88.7 95.3 97.8 91.3 82.9 80.4 70.5 68.4 64.6 61.6 53.2 56.8 56.1 50.2 54.8 44.1
122.5 113.6 107.8 104.4 102.1 103 101.6 102.3 101.7 101 100 98.2 96.9 102.2 100.4 101.1 98.3 102.5 103.9 99.2 98.6 99.1 102.4 105.2 95.4 84.9 80.4 76.6 69.1 65.9 61.3 57.9 56.7 55 52.3 54.6 55.1 52.5 46.1 48.4 54.6 57 65.3 67 64.5 60.3 60.1 61.1 57.8 64.9 66.5 53.9 38.3 31 27 20.8 20.7 21.6 23.2 28.8 38.8 39.3 46.5 52 55 66.1 68.3 69.8 70.9 77.3 72.8 73.4 69.5 62.3 56.6 52.9 50.4 48.5 49.3 41.8 41.9 40.1 32.3 29.9 25.2
136 126.4 120.5 114.8 110.8 109.9 111.1 114.2 114.6 113.1 113.1 113.2 117.5 120.1 115.4 113.4 113.8 112.8 112.9 112.6 114.1 116.3 110.5 108.6 101.9 100.2 93.2 82.9 74.8 72.8 68 63.3 60.9 60.7 56.7 56.2 56.9 55.1 52.1 46.9 42.4 47.5 52.7 58.2 57.7 58.5 53.1 50 46.6 46.5 48.3 48.7 38.7 30.3 24.8 17 19.2 20.1 21.5 24.9 30.5 31 33.5 40.3 43 42.6 45.8 49.3 58.8 66 60.7 56.4 54.2 49.7 44.7 39 35.7 34.9 34 30.2 30.7 29.5 23.5 20.9 15.7
158 144.2 135.8 129.9 123.4 120.8 124.4 126.1 127.5 127.2 127.9 131.3 132.5 134 131.9 128.6 130.3 128 126.8 127.5 129.3 128.4 127.6 122.3 110.2 103.6 97.9 89.9 83.1 80.5 77 72.7 69.3 69.3 68 63.1 61.1 64.4 61.8 57.1 51.1 45.8 40.6 44.3 47.4 52.1 53.6 45.1 38.7 41.9 37.9 34.1 33.8 27 22.5 17.7 14.8 18.3 20.8 21.1 24.2 24.1 26.9 30.3 31 32.7 34.2 35.3 40.1 42.8 42.8 41.4 39.7 36.6 33.9 31.6 24.3 21.5 24.5 22.9 24.1 17.7 16.6 14 9.3
178.9 165.5 157.8 143.3 137.8 135.5 137.3 140.2 141.6 145.1 144.1 154.2 153.7 154.5 147.3 151.4 151.2 150.6 150.6 147.8 147.7 147.3 144.2 137.7 128.2 118.7 114.6 101.8 93 91.3 86.8 85.8 78.4 80.1 79.2 77.7 75 79.7 77.7 75.9 69 64.1 52.1 42.3 37.4 36.7 43 44.4 32.1 28.8 33.6 27 21.5 21.5 19.1 16 15.4 15.4 17.8 18 17.8 20.5 23.3 25.2 24.2 23.1 24.6 27 32.7 36.2 36.7 33.2 27.8 26.9 26.9 26.2 23.9 19.4 16.9 17.1 15.1 14.1 12.2 12.2 8.5
200 183.2 175.5 157.4 153.7 153 156.9 156.4 158.9 162.8 160.8 175.8 177.6 174 171.4 174.6 175.6 176.7 175.3 171.6 170.7 172.3 167.8 158.9 153.7 146.6 131.7 125.5 111.2 100.2 98.7 94.4 85.9 86.7 87.4 89.2 91.4 96.1 95.8 96.9 89.8 84.9 74.3 67.4 55.6 49.6 45.3 40.5 38 36 30.1 19.4 16.6 15.3 15.3 14.8 12.9 13.3 14.4 15.8 15.3 16.8 20 21.6 21.1 19.7 24.2 27.9 30.4 33.4 36.3 28.3 23.7 23.3 23.2 22.8 20.8 17.4 13.5 12.4 9.6 9.5 9.1 8.3 6.9
215.4 203.8 189.9 179.3 174.7 172.4 177.5 181.4 183.8 186.1 182.1 186.7 197 199.3 202.8 203.2 205.1 206.6 203.5 202.2 200 195.4 191.1 187.9 185.7 167.4 155.4 147.5 134.3 120.6 110.7 103.5 98.3 101.8 104.7 106.8 109.6 119.4 122.9 120.4 112.4 105.1 99.4 92.1 85.9 79.5 75.2 67.6 63.8 57.3 47.1 36.2 25.2 19.9 17.6 15.8 14 11.5 12.9 13.1 13.3 14.8 15.9 16.9 17.7 21.6 25.7 29.8 29.3 29 26.7 23 22.6 21.3 21.3 23.1 28 23.4 14.6 13.3 10.2 7.6 7.5 6.9 6.4
232.5 220 203.6 202.3 201.7 195.3 197.8 203.7 216.4 211.2 207.9 212.1 217 232.7 230.6 232.8 239.5 239.6 242 235.3 229.6 229.2 234.7 222.3 208.1 191 186.2 172.7 152.9 142.6 131.3 121.9 113.6 119.4 122.9 126.7 130.4 133.6 140.6 140.4 140.8 134.6 125 119 111.4 104.8 102.6 98.3 88.4 78.1 66.2 58.7 49.3 26.9 18.3 16.9 15.2 12.9 11.7 12.4 12.4 12.7 13 11.9 15.6 21.1 26.6 31.7 29 24.4 21.6 20.8 20.2 19.2 21.9 25.7 29.9 33.9 25.9 13.4 8.6 6.8 5.9 5.9 4.3
255.9 236.1 227.7 228.6 222.7 224.8 222.7 231.2 241.8 243.5 241.7 244.2 239.5 251.4 255 263.2 268 277.1 277.3 267.5 274.3 276 263.6 249.6 228.2 217.4 213.3 197.7 180.9 169.4 159.9 146.2 135 138.7 145.2 152.3 154.1 150.1 157.3 167.3 166.8 162.4 148.9 147.2 143.6 135.2 136.4 132.1 117.5 104.2 86.7 79.8 65.8 55.3 29.8 17.9 16 14.2 12 12.2 11.8 11.3 11.1 10.8 12.5 17.5 24.1 33.5 33.4 31.3 24.3 20.4 17.9 18 20.7 24.1 29.3 32 28.8 15.1 7.7 6.2 6 3.4 -1.2
277.8 259.4 255.4 251.5 249.9 249.2 253.2 262.1 280.6 283.9 280.7 275.4 268 268.9 280.2 297.7 299.9 305.9 306.9 308.8 311.6 307.2 296.4 273.6 257.2 246.1 243.9 228.9 221.2 207.9 197 170.4 154.3 163.2 168.3 171.4 176.8 172.2 174.2 195.5 197.6 188.1 179.7 173.5 170.5 165 164.4 161 151 129.7 111.7 102.5 91.3 74.5 52.2 27.1 16.3 15.2 10.7 10.7 10.8 10.7 10.2 10.1 10.7 12.6 18.6 26.9 28 28.3 23 16 15.9 16.9 18.5 23.7 22.8 17.6 15.1 8.8 6.4 5.4 4.6 3.2 -1.2
300.7 286.2 277.8 278.7 278.8 278.7 286.7 302.1 321.9 321.3 318 303.7 289.7 291.3 309.1 320.3 329.9 338.4 343.5 348.2 349.1 345.5 332.3 316.6 295.8 287.4 280.7 264.6 249.5 243.9 221.2 194.1 172.8 182.2 197.5 201 197.6 196.3 200.1 207.5 219.4 212.5 211.4 216.4 208 204.7 195.2 184.9 167.6 142.2 135.4 124.6 106.9 82.8 61.5 36.1 16.3 14.6 11.5 10.2 10.4 10.1 9.5 9.2 9.7 10.6 12.4 14.4 16.5 16.3 13.2 11.3 12.4 14.6 13.2 12.5 11.2 10.2 7.8 5.9 5.7 5.1 4.1 2.5 3.8
314.6 305.5 305.4 305.5 310.6 314.6 328.3 336.8 348.9 353.4 355.2 338.3 316.1 317.8 338.5 353.1 356.9 369 376.7 381.9 378.9 375.4 364.4 351.6 339.3 330.5 316.3 289.1 263.8 240.9 217.2 199.8 193.9 197.4 211 222.6 234.1 231.1 226.7 225 234.7 235 242.1 238.3 238.2 234.5 215.1 200.4 174.8 168.4 154.3 134.4 117.5 94.7 66.2 44.9 23.7 15.2 13.2 11.9 10 9.4 8.9 8.2 8 9.8 12 13 13.2 11.8 10.7 9.6 9 8.7 7 4.6 4.1 4 4.3 5.3 5.6 4.4 2.1 6.2 12.4
342.6 332.1 327 327.3 332.1 341.2 357.6 366.6 379.2 390.1 385.2 365.2 357.4 352.2 354.6 379 397.4 401.2 403.3 406.7 413.5 413 403.2 395.3 381.4 373.3 342.7 300 268 240.7 218.6 212.4 213 215.3 232.3 252.6 268.3 267.8 255.1 232.7 233 237.6 242.2 234.7 226.5 221.2 201.1 192.2 178.1 164.9 148.2 124.5 108.6 92.8 80.4 59.8 35.5 18.8 14.9 13.1 11.8 11.4 12 10 9.5 6.7 10.2 11.1 11.1 10.8 10 9.2 8.1 7.3 6.3 4.3 3.9 4 4.3 3.4 2.7 4.2 12.1 20.7 21.5
366.9 359.6 351.1 350.1 354.4 370.5 389.8 404.2 425.1 424.7 427.4 406 404.1 399.4 392.3 398.9 428.2 433.9 431.8 428.4 439.2 438.7 434.2 430 415 387.3 352.5 319.8 291.3 262.7 236.6 230.8 232.3 237.3 253.3 275.4 291.7 287 270.5 248.7 223.6 219.9 216.6 206.9 197.6 190.1 181.3 175.8 158.3 137.2 124.3 116.7 112.5 106.5 91.1 73.3 54.6 32.4 28 20.6 13.5 14 12.6 11 11.7 10.5 9.1 7.8 10.2 10.2 9.6 8 7.2 6.3 6.1 4.3 3.8 4 4.5 3 4 10 23.1 35.1 40.1
399.2 387.3 380.5 381.3 392.4 403.8 417.3 442 459.6 463 465 455.4 444.1 439.8 435.5 431 446.1 458 457.6 449.9 444.4 445.4 441.6 431.6 431.8 419.3 404.1 363.3 329.7 289.7 263.9 253.6 256.7 264.4 269.5 293.9 302.7 301.9 292.3 268.4 234.5 207.9 186.1 177.8 168.3 160.2 158.2 149.6 135.7 117.9 111.1 113.2 125.6 120.8 106.8 90.6 66.7 52.5 37.5 29.3 22.6 19.2 14.3 12 11.2 10.6 10.2 8.8 6.7 8.5 8.7 7.1 6.1 5.2 5.2 4.3 3.8 3.6 3.2 5.7 7.2 11.1 19.4 34.6 36.3
435.5 424.9 420.5 425.2 438.3 447.5 452.7 461.7 478.5 481.8 479 486.5 491.2 486.7 482.4 474 468.1 458.7 459.1 456.2 451.5 443.7 437.1 435.9 438.2 428.4 412.6 395.1 374.3 330.4 299.5 287.7 287.6 294.6 294.5 299 306.4 306.9 295.9 274.4 247.9 213.2 191.3 166.1 158.6 144.5 137.6 128.8 113.6 103.3 107.4 109.7 114.5 122.1 104.9 88.6 72.5 64.4 50.9 41.3 38.1 30.1 21.3 14.5 11.2 10.6 10.3 9.7 8 7.4 5.3 6.4 5 6.3 7.8 13.7 10.5 10.4 10.7 10.3 10.7 13.5 18.7 23 23.3
442.4 434.9 438.5 445.3 450.2 459.7 472.1 473.3 472.4 476.3 485.9 492.5 502.6 508 502.2 490.7 478.4 472.1 463.1 456 444.9 443.4 435.2 430.9 430.5 420.6 409 395.9 389 381 355.9 331.2 320.5 314.2 312.1 310.8 306.2 305.2 303.1 283.6 258.6 230 197 173.8 150.6 129.8 126.2 110.8 105.9 99.6 95.7 101.7 112.2 106.3 102.6 94.5 83.3 70.3 58.9 49.7 45.9 43.1 30.4 19.7 12.3 10.9 10.1 9 7.4 6.8 5.7 8.1 18.3 21.3 21.1 33.2 33.9 31.1 27.3 23.8 23 25.1 26.6 21.2 16.7
433.7 434.2 441.3 451.6 453.1 462 463.5 468.2 470 472.8 485.9 497.6 499.8 501.9 498.8 484.1 482.1 469.4 462.1 458.6 451.5 445.4 433 424 423.1 409.5 394.4 383.4 381.1 379.2 361 346.6 330.8 330.3 322.3 313.5 308.9 309.4 297.5 287.2 267.1 237.4 210.3 177 153.5 134.4 114 106.3 96.6 88.6 83 91.4 100.8 101.8 101.1 103.1 81.7 70.3 60.1 53.2 47.7 40.1 29.9 19.7 17.2 12.3 9.4 8 7.3 6.8 10 19.4 30.3 34.1 39.4 41.3 43.8 49 45.3 40.2 36.4 32 26.2 18.9 19.9
417.1 420.3 428 436.7 448.6 463.1 462.9 467 471.2 473 470.2 479 482.3 492.1 485.5 478 477.9 468.9 459.1 454.3 452.9 450.6 437.3 434.5 413.1 391.4 373 367.6 361.8 359.5 341.3 331 336.8 336.8 327 325.5 313.4 313.6 304.9 291.3 264.2 236.9 211.9 181.9 158.4 139.1 123.6 107 84.2 80 79.1 84.8 85.9 89.7 94.1 89 79.8 67.7 57.1 48.9 41.6 34.2 26.5 17.4 12.2 10.5 9.3 11 12 16.2 16.4 22.7 32.5 45.6 54.6 54.5 51.3 55.5 55.5 50 45 31.4 25.2 23.9 33.5
397.3 405.6 412.7 426.6 440.1 452.3 452.2 458.9 469 479 467.3 459.9 457.9 462 467 469.1 464.1 460.8 450.1 444.7 449.4 443.2 432.9 426.8 414.9 402.1 384.5 358.5 339.3 333.1 328.9 331.9 334.4 333.9 328.1 326.5 319.8 312.9 308.8 289.3 264.2 238.4 209.7 180.4 156.4 141.8 124.7 108.3 91.1 76.7 73.4 75.9 75.6 81.5 83.3 85 77.6 64.7 54.6 42.9 34.3 26.4 19.4 17.7 14.4 10.7 11.1 13 15 19.6 30.9 36.7 37.5 44.2 53.3 62.9 59.3 67.3 62.8 52.9 38.6 28.4 27.1 39.2 47.8
378.1 384 394.5 411.3 422.9 435.1 432.6 444.5 455.7 462.6 460.5 455.9 446 435.3 437 447.3 451.5 442 432.9 437 441 433.2 427.9 421.5 405.4 391.4 372.4 351.9 346.4 335.1 328.4 325.2 328.9 327.8 322.8 320.5 324.7 307.2 303.9 280.8 256.5 238.4 202.2 176 148 139 120.6 102.7 89.4 77.4 67.2 64.5 65.2 70.2 73.4 79 78.6 65.6 53.1 38.7 28.7 26.3 25.1 25.1 20.2 13.7 14.5 16.5 18.8 25.6 33.4 40.4 48.5 51.6 56.3 60.1 61.9 62.3 53.4 37.7 28.5 28 29.9 40.1 45
366.3 370.2 378.3 387.7 400.1 412.7 416.6 431.2 440.1 443.6 446.7 446 436.1 420.3 410.2 416.1 423.3 421.8 424.1 429.7 425.7 424 416.2 408.9 392.4 386.2 361.6 353.4 354.8 345.7 337 319.4 310.3 307.9 310.7 307.2 307.2 291.6 290.1 271.4 247.5 219.7 190 161.7 139.6 123.1 110.7 101.9 89 71.9 62.5 57.4 57.1 59.7 65.7 72.4 74.4 58.9 49.1 41.3 35.7 32.3 30.1 28.7 22 22.1 25.7 29.9 36.1 41.7 45.2 50.8 59.5 72.9 76 71.9 68.8 61.1 38.6 27.4 24.5 24.6 27.2 39.3 48.5
355.8 360.1 363.1 368.3 378.7 383.5 393.3 410 420.6 428.7 421.5 421.8 410.3 400 392.2 385.3 397.5 396.8 406.7 410.8 414.9 408 400.9 390.6 374.7 363.2 364.8 353.7 352.3 346.8 338.4 333.1 309.3 279.3 279.1 280.5 281.8 275.3 269.7 255.7 236.6 206.8 180.5 154 131.5 109.5 101.4 95 79.6 66.3 58.6 55.1 54.4 55 60.6 64.2 61.1 57.9 53.7 46.5 41 38.7 35.1 29.9 26.1 32.2 40.8 56.1 66.5 76.1 82.2 84.4 83 85.3 82 76.7 65.9 48.2 37 29 24.4 21.6 27.2 42.4 51.3
344.2 347.8 350.9 355.6 360.1 364.8 375.2 384.9 391 394.7 396.4 393.5 387.2 377.4 371 370.5 362.9 366 376.4 389 388.4 386.6 389.2 374.6 366.2 363.6 358.5 350 340.6 336.1 333.7 326.5 319.4 297.9 267.3 239.2 251.2 249.9 241.6 230 218.6 198.8 168 141.9 117.5 100 94.3 81.8 70.8 60.2 54.8 53.7 53.3 51.9 56.3 60.8 61 62.4 60 52.4 51.9 46.2 40.9 35.1 32.7 45.2 68 81.5 90.4 102.9 111.7 111.4 105.5 98.5 95.5 82.7 65.2 55.9 44.3 33.8 24.3 21.5 20.1 32.4 41
330.5 336.2 339.1 340.4 343.4 350.6 359.6 365 374 379.2 382.5 380.9 373.1 364.7 358.7 354.7 354 346 343.4 353.9 356.5 360.7 371.1 351.9 355.1 353.3 347.8 342.1 329.1 332.3 327.1 324.3 320 318.4 284.7 246.2 204.4 207 208.2 204.4 200.6 170.9 144.2 124.9 104.3 92.8 82.3 72.4 62.8 54.3 51 51 51 51 56.3 62.6 64.5 66.7 65.6 61.2 62.9 55.5 49.3 45.3 42.6 61.7 80.3 88.4 103.2 111.1 112.4 110.3 101.9 96.1 89.4 88 81.1 66.6 48.7 39.8 29.5 29.5 21.9 21.2 19.5
316.5 323.3 325.9 326.4 328.1 337.3 341.6 346 353 363.6 372.4 372.3 366.8 355.8 346.4 341.2 337.6 323.9 319.9 322.3 327.3 330.7 340.3 330.8 343.9 340.3 336.1 331.2 318.9 320.4 318.7 319.9 319.7 306 281.1 262.2 233.7 198 169.2 181.1 171.3 148.2 126.8 108.9 91.1 83.2 75.6 63.3 54.8 51 51 51 51 51 59.2 66.4 73.7 73.5 76.4 67.8 68.7 64 60.3 57.3 57.2 72.2 83.9 95.2 103.8 102.2 102.9 99.6 98.1 97.7 101.5 99 88.4 66.1 46.1 35.4 30.5 32.5 21.7 14.3 12.9
301.5 306.8 311.9 310.4 312.3 317.7 323.6 327 332 345.1 364.6 369.2 362.9 352.8 339.1 315.4 307.1 297.6 299.1 296.9 296.6 297.9 299.9 313.6 321.7 321.6 315.5 321.6 308.4 308.3 307.8 312.6 303.2 287.3 275.9 263.9 242.7 211.9 175.6 142 145 125.4 108.6 92.2 77 72.7 66.7 55.4 51 51 51 51 51 56.1 64.1 76.5 85.9 83.3 87.5 77.6 71 68.4 68.6 62.3 71.5 77.7 85.8 92.1 89.2 90.1 90.3 92.8 96.4 110.9 113 94.8 73.5 56.3 47.1 37.8 27.6 18.2 14.3 13.4 14.2
292.1 293.9 295.2 295.4 299 299.7 309.8 308.6 312.9 327.2 342.4 346.6 349.5 348 335.1 321 301.7 281.8 271.1 273.7 277 274 283.4 286.4 290.8 288.3 289.7 296.6 292 296.4 293.5 295.4 285.1 273.7 259.9 246.6 231.5 204.7 176.5 148.1 116.9 110.5 94.1 81.7 68.8 61 55 51 51 51 51 51 51 66.1 76.9 83.7 89.2 86.4 84.6 80.8 72.6 65.8 65.6 65.2 69.5 73.3 75.2 80.9 87.8 88.7 89.2 92.4 101.3 110.6 105.4 82.4 65.6 65.7 43.9 30.5 24.7 14 11.2 12.9 21.8
287.2 286.4 286.8 285.8 286.4 286.7 291 296.2 297.3 306.5 322.4 328.5 333.1 330.7 327.2 320.8 314.7 299.8 269 251.4 253.4 250.7 252.5 252.3 252.6 255.9 261.2 269.6 268.7 272.6 276.8 278.7 271.1 252.2 237.7 220.9 204.8 181.2 173.9 141.2 114.1 96 84.8 74.3 60.9 54.9 52.3 51 51 51 51 53.2 63.1 83.8 89.2 90.9 87.9 83.9 80.4 81.1 75.2 62.7 62.5 62.5 62.5 63.2 69.1 79.5 86.2 86.3 89.5 96.6 108 106.2 94.4 84.6 77.8 66.7 45 32.7 24.4 10.9 6 12.5 12.9
285.5 283.7 282.3 281.1 280.6 280.2 281.7 284.2 291.1 293.4 298.8 309.5 316.4 320.7 327.2 331.4 323.5 305.5 276.8 247.4 227.8 225.2 225 223.7 227.5 232.2 239.6 237.3 241.5 236.9 239.9 246.5 234.6 228.7 210.4 190.6 177.7 162.3 151 123.8 97.6 89 79 62.5 57.2 54.6 52.4 51.8 51 54.7 60 60.6 73.2 84.1 91.4 91.3 89.8 86.5 76.1 77.5 76.8 62.5 62.5 62.5 62.5 62.5 68.6 77.8 82.8 87.3 97.9 111.6 127.1 120.2 100.5 89.3 78.4 64.6 50.8 34.8 12.6 4.6 -1.2 -1.2 -1.2
287.8 286.3 283.2 280.7 278.7 279.6 278.2 278.4 282.2 282.8 286.9 302.3 311.4 317.9 324 325.5 311.8 296 280.1 246.3 225.5 212.9 196.3 202.6 202.8 206.5 205.7 206.6 214.9 205.9 209.4 210 201.6 192.2 181.7 164.4 154.4 142.4 122.8 100.5 90.6 82 72.4 62.3 57.1 54.9 53.5 51.2 53.9 58.8 62.3 61.1 73.1 86.2 98.7 90 93.6 85.6 73 70.7 62.5 62.5 62.5 62.5 62.5 66.3 72.6 78.3 89.9 102.2 116.1 129.4 129.1 122 118.1 103.6 86.7 73.6 56.8 39.7 19.3 -1.2 -1.2 -1.2 -1.2
291.3 290.4 288.2 285.7 282.3 279.1 277.2 277.7 274.8 276.3 277.4 288.7 305.4 317.7 308.1 301.1 292.4 284.2 275.4 254.5 236.2 219.7 203.8 183.1 175.5 181.4 183.5 181.1 187.8 180.4 184.3 173.5 170 159.2 152.6 140.4 131.8 122 102.1 89 87.4 79.1 72.2 58 56.3 54.7 54.2 52.7 52.6 55.9 53.6 57.4 72.7 101.2 103 83.4 84 79.2 65 62.5 62.5 62.5 62.5 62.5 62.5 71.9 76.2 88 104.4 123.1 131.9 134.3 137.1 144.3 131.4 109.2 87.8 67.6 47.8 29.2 -1.2 -1.2 -1.2 -1.2 -1.2
300.9 298.2 296.2 293.7 291.6 287.4 283.1 280 277.4 273.8 274.1 276 289.9 305.3 300 290.3 284.3 276.8 269.1 265.8 259.3 223.7 200.5 185.1 169.6 153.2 159.2 159.7 163.1 160.9 156.9 149.3 145.5 136.2 126.3 117.7 112.9 100.1 84.2 84.6 81.6 73 62.6 56.8 57.9 57.1 58.1 54.1 51.3 50.9 51.8 65.9 88.7 96.8 98.2 83.9 76.6 71.4 62.5 62.5 62.5 62.5 62.5 62.5 64.7 73.2 82.9 97.6 110.3 127.9 141 150.8 152.7 147.6 135.3 108.8 76.9 55.8 25 -1.2 -1.2 -1.2 -1.2 -1.2 -1.2
308.8 308.7 306.4 305.2 301.2 296.9 291.9 285.5 282.8 279.6 276.6 272.4 274.2 281.9 290.7 288.1 276.8 270.9 271.7 271.5 254.8 218.6 193.8 178.4 168.2 156.2 134 130.2 135 137.8 134.4 132.4 131.1 117.4 106.9 99.4 93.5 79.6 72.9 75.5 78.8 64.9 58.9 57.1 60.3 60.8 57.9 51.8 50.7 50.9 60.8 81.1 96.9 105.8 107.9 94.2 75.8 66.1 62.5 62.5 62.5 62.5 62.5 62.5 73.4 92.3 96.7 110.9 129.1 149.6 166.1 169.2 160.4 134 106.7 77.9 52.5 27.6 -1.2 -1.2 -1.2 -1.2 -1.2 -1.2 -1.2
319.7 319.4 319.5 316 311.5 306.9 301.6 295.6 289.4 283.7 282.9 279.6 275.9 269.6 272.9 266.9 261.2 257.3 268.1 260.5 245.8 213.6 185.9 166.5 159.4 150.2 137.8 121.6 109 116.2 118.3 113.9 110.3 101.1 90.7 84 75.5 66 67.2 67.3 65.9 62.1 58.5 62.9 64.9 61.3 57.3 52.4 51.9 53.6 66.8 94.7 113.2 116.4 115.3 95.8 77.6 67.5 62.5 62.5 62.5 62.5 62.5 72.5 101.8 110.4 115 130.7 155 166.7 171.6 165.3 156 123.7 78.3 65.8 34.9 -1.2 -1.2 -1.2 -1.2 -1.2 -1.2 -1.2 -1.2
331.8 330.3 328.6 327.3 323.5 318.1 311.7 306.6 300.6 289.6 285.8 286.6 279.2 274.8 267.6 258.7 248.3 247.5 239.5 236.8 224.3 201.1 177.5 165 153.5 139.1 127.7 113.3 103 99.5 105.9 107.3 96.1 84.2 75.5 67.7 60.3 58 60.4 62.1 59.5 57.3 58.2 63.7 60.7 59.3 60.9 50.8 59.5 64.3 79.9 104.5 126.1 123.3 108.1 88.3 79.1 69.8 62.5 68.8 73.1 73.4 80.7 101.9 123.8 136.1 143.6 168.1 184.1 180.7 175.4 170.1 150.5 112 79.2 37.2 8.1 -1.2 -1.2 -1.2 -1.2 -1.2 -1.2 -1.2 -1.2
