data/NM96.asc
ncols 200
nrows 200
xllcorner 190000
yllcorner 760000
cellsize 50
[rows 0 to 35 of 200, columns 81 to 161 of 200]
426.6 444.3 457 462.2 471.5 477.2 482.8 490.2 490.8 496.7 507.3 509.2 508.2 513 517.4 521.9 523.1 525.4 527.3 537.5 533.9 534.6 539.1 537.7 524.2 511.2 502.2 490.1 484 481.9 481 484.2 491.4 499.3 505.1 492.9 492.6 502.3 504.6 507.3 507.8 512.3 513.1 506.6 500.9 494.2 490.6 488 483.3 474.5 471.6 470 462.8 456 453.5 456 453.1 452.1 460.9 464.4 459.5 459.3 459.6 464.8 473.2 477.8 483.5 495.2 504.3 510.5 514.5 520.6 531.6 539.4 545.2 547.6 548 549.7 548.9 551.7 550.9
415.6 428.5 440.8 448.8 457.2 469.6 476.6 480.9 483.9 491.2 495.1 498.4 498.4 506.3 510.3 513.9 516.3 516.3 516.1 520.2 528.3 529.3 532.2 526.4 509.7 493.7 490.9 477.6 472.4 470.9 470.2 477.4 483.6 487.3 496.8 492.7 488.4 493.7 500.3 503.2 503.1 507.9 508.8 503.6 498.6 493.7 490.3 482.3 475.8 470 463.4 460.5 457.8 450.2 446.5 446.6 448 443.7 442.6 450.7 450.6 444.3 450.5 453.6 459.3 468.8 477.2 487.9 495.9 499.3 507.5 511.1 517.4 525.5 532.7 535.9 540.1 543 547.3 550.1 550.3
399.6 415.8 431 438.8 451.5 460 465 467.9 474.6 484.3 484.3 485.5 487.3 496.9 497.5 502.5 508 507.6 507.3 507.7 520.6 521.6 523.3 509.9 492.4 476.8 471.9 467.3 462.3 465 465.6 469.8 475.9 477.9 480.8 479.8 482.1 488.8 494.9 498.8 501.9 497.7 499.2 499.6 497.2 496.5 492.1 485.4 478.1 471.8 462.8 455.1 452.5 451.6 444.4 439 437.3 435.7 436.4 437.8 437 435.8 442.6 445 449 457 463.7 474.4 484.2 495.4 502.8 508.9 513.1 517.6 523 526.5 531.7 537 542.7 545.1 547.3
382.4 395.3 413.2 431.8 443.1 446 450.1 457.6 464.1 468.7 470.4 471.7 475.1 482 484.2 490.4 496.8 496.9 498.9 498 501.2 513.2 507.3 491.1 477.6 469.3 462.9 460.1 455.4 454 456.9 462.2 467.9 469.8 472.3 469 472.9 482.5 487.8 493.4 494.3 494.5 497.2 498.3 498.3 495.5 488.9 486.5 479.1 471.1 461.9 455.9 447.3 440.9 439.4 435.3 430.6 429.8 427 430.7 426.8 426.2 435.1 440 445.5 449.2 457.2 466.2 475.5 487.9 495.7 501.8 508.7 514.3 515.1 517.1 525.3 530.2 537.4 539.4 540.2
369.3 377 390.9 414.6 426.6 433.5 436.8 442.6 454.2 457.1 459 458.8 465.5 469.2 472.8 475.2 476.4 484.1 487.2 486.5 484.4 494.7 489.3 476.9 466.5 461.4 453.9 448.7 449 449.3 450.4 453.2 463 462.7 464.2 466.8 467.1 471 476.7 481.8 485 491.5 494.9 496.7 495.5 492 480.9 477.5 473.3 463.9 457.8 449.5 440.1 433.9 427.4 423.9 422 420.1 419.2 419.7 417.5 421.4 427.9 430.9 438.2 446.3 453.3 462.3 468.9 475.8 486.8 496.6 503.3 506.9 508.9 513.2 518.8 525.2 530.1 534.3 535.1
358 369.9 380.2 396 408 417.4 423.3 427.8 441.3 444.8 446.1 448.3 450.2 457.9 464.1 460.6 462.8 470.2 475.6 472.9 468.7 467.8 472.4 468.6 458.4 454.2 448.1 442.1 440 439.7 440.1 444.4 447.2 450 452.4 456.6 461.4 466.5 472.9 474.5 477.6 483.6 488.3 491.8 491.5 486 472.1 461.6 455.8 453.9 450.5 446.2 435.1 430.2 427.6 423.3 410.6 412.9 411.8 412.2 414.9 419.8 420.8 429.3 433.8 441.9 449.3 455 460.1 467 477.6 485.8 492.3 497.8 503 509.3 513.5 517 524.2 530.3 531.5
344.1 359.8 368.3 381 387.3 397.8 406 418.3 425.3 427.9 431.1 432.8 436.5 442.4 447.6 446.4 451.4 457.4 461.1 463.4 455.3 444.6 446 451 451.1 446.9 439.8 438.3 432.5 432.4 431.7 433.7 437.9 438.9 447.1 451.2 455.3 462.9 468.2 469.3 475.7 483.1 484.4 486.1 483.3 476.8 463.8 452.2 448.4 444.1 443 435.7 430.3 426.8 425.1 420.7 414.5 404.5 403 403.3 410.1 415.2 419.2 425 430.8 435 442.8 449.7 458.3 461.9 468.4 474.4 483 488.6 499.3 505.3 509.8 511.8 519.3 523.6 527.5
332.8 345.3 354.8 368.6 374.1 376.6 381.6 390.1 399.7 410.5 415.4 417.2 420.4 424.2 429 430.9 436.4 444.7 450.1 447.1 440.3 432.8 428.4 424 431.1 433.4 429.9 426.1 422.8 425.1 425.7 429.6 426.7 428.4 437.3 440.7 447.2 455.7 460.6 464.5 473.2 478.3 480.8 484.8 480 471.7 460.4 451.3 439.9 432.2 429.4 425.7 423.8 422 422.2 422.1 412 404.7 401.9 401.9 407.3 412 417.8 421.9 424.2 429.1 434.5 444.3 451.2 456.2 461.8 468.5 477.7 485 492 497.2 502.3 506.2 512.8 514.3 521.2
322.1 327.9 338.7 351.9 359.4 360.5 367.9 380 383 391.7 400.7 398.6 405.7 407.5 412 415.7 422.1 428.6 433.4 431.9 428.8 424.5 414.1 412.7 411.5 418 418.2 419 416.5 416.9 415.1 419.9 418.8 420.7 424.5 434.5 443.2 450.3 452.2 460.9 467.9 473.9 476.4 479.2 473.1 465.9 459.6 450.3 444.7 434.2 423.7 419.8 417.5 416 420.6 421 412 409.5 403.9 403.8 406.3 409.1 413.2 418.2 421.1 427.1 431.9 436.1 440.8 447.9 452 457.6 465.4 474.7 481.1 486.6 493.1 500.2 501.4 507.1 511.2
307.2 311.7 320.5 335.1 339.7 344.3 358 366 373.5 377.8 378.9 380.7 388.3 393.8 399.5 400 408.2 413.4 415.8 414.8 414.5 413.1 402.2 399.4 394.2 399.7 405.5 404.5 407.3 405.1 404.5 408.7 411.1 414.4 423.8 430.1 435.4 442.2 444.5 452.4 458 464.9 467.3 470.6 463 459 452.1 443.8 436.2 429.6 419.5 414.3 410.8 410.8 419.4 414.9 413.7 408.7 396.5 394.4 398.3 402.2 404 407.7 415.4 422.1 427.7 431.9 436.1 442.2 447.9 454.6 458.1 468.1 475 476.2 485 490.4 495.3 501.8 505.2
291.3 296.4 304.7 313.5 316.6 336.4 340.4 351.6 357.7 362.4 364 366.9 368.2 378.7 380.2 385.9 392.8 396.2 397 398.5 401 399.1 390.9 389.7 382.1 391.1 395.3 396.3 397.9 396.1 395.5 399.4 401.6 407.5 412.9 423.2 427.4 432.8 437.1 442.3 450.3 454.6 456.9 460.3 453.9 448.4 444.8 437.1 428.7 422.4 418.7 413.2 407.9 402.8 413.3 412.4 408.5 405 396.3 387.1 393.4 395.6 400.6 404.3 412.1 418.9 423.2 427.7 432.9 438.9 444.3 449.4 452.5 459.2 464.7 469.9 477.8 485.1 489.5 495.1 498.5
275.7 279.2 286.3 292 301.2 316.2 323.9 336.7 342.2 344.9 348.4 355.7 356.4 356.5 361.1 367.1 375.1 377 383.2 382.6 388.3 386.4 378 376.3 374.9 376.3 386.4 384.6 386.7 386.9 387.3 388.1 393.2 397.9 398.1 410.5 418 420.4 427.1 432.6 438.4 449 448.9 445.6 438.6 434.4 435.8 427.8 419.3 418.9 415.1 409.3 399.7 392.9 401.1 406.2 396.6 396.2 391.3 382.4 386.3 393.2 398.2 402.6 406 411.4 416.9 420 427.8 434.1 438.3 441.7 447.1 452.3 454.9 462.1 468.4 472.6 481.6 488.5 491.6
256.3 260.4 269.4 277.6 285.6 300.3 306.7 317.2 321.4 327.2 331.1 338.7 340 343.3 346.8 348.5 355.3 360.9 366.3 369.3 370.7 373 370.2 364.9 361.7 360.7 369.7 371.2 372.6 374.6 373.9 378.3 380.7 388.4 387.9 397.3 402.4 413.2 415.5 420.4 427 435.2 434.9 431 423.4 422.1 419.2 413.9 413.6 410.4 404.7 401.7 393.9 385.8 384.9 389.2 387.3 387.1 383.6 376.3 383.1 388.8 393.9 399.2 403 407 411.6 415.3 420.7 424.6 433.4 438.2 443.2 449.2 450.7 454.7 460.5 466.1 471.2 478.3 484.1
238.1 242.3 251.4 263 266 278.6 292.4 301.3 307.6 309.8 315.7 322.3 328.2 330.4 331.5 333.9 335.9 343.2 349 352.7 356.2 360.7 358.7 353.3 349.3 345.5 354.5 356.8 360.2 359.1 359.1 366.5 369 376 377.7 383.9 389.3 400.6 404.2 407.3 415.4 418.5 420.7 420.2 413.4 412.8 409.1 402.3 405.7 399.9 393.7 388.7 384.2 379.6 371.4 375 374.8 374 373.8 371.1 377.6 382.6 388.1 394.2 400 402.1 405.5 409.5 413 422.9 427.3 432.7 436.1 441.2 444.4 447 451.6 457.1 462.5 471.4 477.8
220 225.4 236.7 241.2 246.1 255.3 272.6 283.5 291.5 295.8 298.4 306.9 313.4 315.6 317.7 321.8 328.4 329.1 333.8 338.9 344.1 346.6 347.6 343 339.5 335 337.8 340.8 342.6 345.6 340.9 352.4 353.6 363.7 365.2 371.8 376.9 382.5 389.3 394.3 400.7 405.8 411.5 409 405 400.6 396.6 393.1 390.9 387 381.6 378.7 376.1 370.5 364.4 365.5 367.5 366.6 365.5 362.4 369.2 374.9 380.8 383.4 389.6 394.7 399.4 402.2 407.5 414.3 420 426.1 427.8 430.8 434.2 440.5 444.7 448.1 452.9 459.9 467.9
200.7 205.6 217.7 221 224.1 235.3 254.4 265.5 272.3 284.3 282.7 289.6 295.1 297.5 304 308.8 316.9 320.8 323.1 324.3 329.9 333.5 335.7 332.6 329.9 326.4 316 313.2 330.4 331 330.3 338.7 341.6 347.8 354.4 358.3 365.9 369.8 376.6 382.4 385.7 393.9 399.9 402.6 393.7 386.9 383.6 384 383.4 380.3 375.9 372 368.4 360.8 356 357 358.8 358.8 355.1 352.7 359.7 365.7 373.9 374.5 379.8 384 390.9 398.2 404 409.3 413.6 415 416.4 418.8 421.7 427.5 432.8 439 443.7 450.6 455
185.4 188.6 198.9 202.6 207.2 215.2 238.1 248.1 255.3 264.4 265.1 270.9 278.1 280.5 288.9 298.3 303.3 308.2 312.7 313.4 316 319.9 320.4 319.9 319.1 318.1 311 298.4 312.2 316.4 316.6 324.5 330.7 334.5 341.7 346.7 353 357 363 368.4 373.1 380.4 388.9 391.1 381.8 376.4 371.8 371.1 367.8 367.5 364.9 361.9 358.2 350.2 347.3 347.3 348.5 345 342.5 340 347.2 354 360 366.7 366.3 372.6 380.7 391.6 399.2 404.3 409.3 409.8 409.7 409.4 411.1 417.4 422.6 427.6 434.7 441.1 446.7
174.9 175.3 183.7 187 199.3 206.8 217 230.9 241.6 249.6 251.3 256.9 262.1 268.5 271.2 283.2 288.6 294.3 300.6 304.8 304.4 306.8 307.5 309.1 307.3 305.9 301.3 286.6 299.2 302.8 301.5 309.1 318.6 323.8 331.2 331.4 339 344.8 349.5 354 358.7 363.3 372.9 375 369.2 363.9 360.1 359.9 358 355.5 350.3 346.3 341.4 338.4 332.3 334.5 332.7 328.5 325.6 322.6 334.7 341.6 347.9 354.9 357.1 362 369 380.8 388.8 395.9 404.2 402.7 399.3 400.4 401 405.1 413.9 418 426.5 431.3 436
165.2 165 165 177.4 186.9 198.3 204.7 215.9 224.5 232.6 236.2 244.4 248.3 255 261 268 276.2 282.9 289.2 295.2 292.3 290.7 292.2 294 289.1 290.1 289.8 277.5 285.3 292.2 286.4 292.4 300.6 308.4 315.2 313 324.4 330.4 334.8 340.9 346.1 349.9 349.9 353.6 356.1 354.9 349.2 345.6 345.9 342.8 338.8 331.3 327.3 322.3 317.3 317.2 317 313.4 307.8 309.9 318.9 327.4 334.1 337.3 341.8 347.5 352.8 364.9 375.7 386 392 393.8 387.6 387.1 390.6 396.5 402.2 406.7 414.5 423.9 426.5
153 152.4 158.2 166 173.1 181 188.7 202.6 209 216.2 224.6 231.6 235.7 244.1 247.6 257 262.3 270.7 277.2 281.5 279.9 280.4 276.4 278.9 280.2 280.8 277.2 266.8 272.4 277.7 275.3 279.5 286.8 296.3 300.1 301.6 303.9 315.4 320.9 325.7 330.8 333.9 331.4 332.4 337.9 339.2 335.2 330.3 330 329.2 321.7 313.1 308.3 305.4 300.5 296.6 297.6 291.9 283.3 291.7 299.7 305.5 311.9 316.9 321.8 330.1 338.7 347.9 359.3 370.7 376.2 376.8 371.3 371.4 375.3 382 391.2 396 400.7 409.6 415.1
143.1 142.8 148.6 157.9 164 171.1 180.6 193.7 195.7 204 213.1 219.3 226 232.8 236.8 244.1 248.9 257.4 265.1 268 266.2 270.9 270 264.4 269.2 268.2 263.8 252.3 261.8 263.8 263.9 271.1 276.5 281.7 282.7 287.6 290.4 296.7 304.5 307 313.1 316 314.7 317.1 316.1 320.2 316.4 312.1 312.1 303.7 299.3 291.9 286.6 284.5 279.1 277.8 277.7 274 261.9 270 276.9 282 284.6 289.1 296.2 304.3 313.1 323.2 334.4 346.2 353.3 354.3 351.8 356.4 357.6 367.5 379.8 384.7 385.8 390.8 398.5
135.2 136 141.5 150.5 158.1 160.8 169.1 179.3 184.7 189.7 199.7 207.6 214.4 220.4 224.3 232.5 236.7 245.4 252.8 257.5 256.2 256.8 256.7 251.2 256.5 254.4 251.2 245.4 248.3 250.4 248.5 258.1 265 265.8 268.4 269.1 273.4 280.4 285.7 287.3 296.4 299.9 300.4 299 297.9 299.6 295.3 289.6 287.9 280.3 274.3 268.6 264.4 258.4 255.7 254.7 255.6 251.2 236.7 248.5 253.7 256.4 258.9 261 265.8 276.3 281.5 289.3 302.9 311.3 322.1 334.2 332.3 332.4 332 344.8 365.7 369.3 372.3 368.1 377.7
122 127.6 135.3 144.7 151.8 152.3 158.3 166.4 171.7 181 186.8 196.1 204.2 208.8 214 218.7 225.2 232.9 240.5 243.4 243.1 245.3 240.7 237.3 239.7 240.5 238.1 241 241.3 239.9 230.2 248.2 252.1 257.9 258.9 256.3 256.2 260.2 263.3 262.7 271.5 276.5 280.4 279.5 277.4 275.6 271.3 263.2 257.9 254.9 253.1 248.4 244.6 235.9 233.3 228.6 229.4 228.4 213.7 226.7 229.9 229.7 232.3 234.5 240.2 245.3 251.2 260.7 270.5 279.7 288.1 306.4 306.5 293.8 303.5 321.2 333.9 347.4 354.7 341.7 343.5
112.1 120.7 126.9 135.2 140.1 146 150 153.9 164.4 172.2 177 184.7 193.3 197.4 202.9 205.6 211.7 220.2 227.1 229.8 230.5 232.6 228 222.5 226.2 226.8 221 232.9 234.6 232.4 224.5 232 238 244.6 247.5 248.7 244.2 242.2 244.5 243.7 247.4 253.2 258.4 259.9 256.5 252.2 245.3 237.4 237.3 236 231.2 224.4 221.1 214 207.1 204.2 207.2 205 200.8 203.3 203.7 203.6 205.1 206.4 214.4 218.3 223.6 232 241.9 246 251.3 256.2 262.4 263.4 266.1 290 295.1 304.3 305.6 304.8 296.7
106.5 114.5 120.3 125.2 130.4 139 142.3 142.4 152.2 161.3 165.3 173.7 179.1 187.3 191.2 193 200.7 206.6 212.3 215.2 216.3 219.2 215.3 209.8 211.6 208 210 218.5 215.1 216.7 212.8 216 221.2 227.6 229.5 231.3 230.5 232.5 226.5 223.9 225.7 233.2 237.6 234.6 232.2 228.6 220.3 215.5 214.8 211.1 209.8 205.9 197.5 192.4 188.4 183.9 183.7 182 181.1 178 178.9 179.9 179.9 180.1 185.3 191.3 195.5 201.8 209.9 216.6 222.4 223 224.7 226 231.3 242.9 258.6 248.1 254.6 264.1 246.4
103.1 109.7 116.8 117.1 122.3 128.1 132.2 134.9 144.5 152.4 155.3 165.5 172.5 176.5 179 181.1 190.8 194.2 198.9 201.5 202.3 205.2 203 193.3 194.6 193.2 194.7 198.9 198.6 198.7 195.9 200.2 206.3 209.3 209.6 212.3 214.4 214 212.4 208 208.2 211.2 211.7 209.3 208.4 207.7 203 196.2 191.6 189.4 186.1 185.9 177.8 173.7 168.4 160.9 162.7 161.9 158.5 157.1 157.3 157 153.4 152.2 157.7 164.8 169.5 175.7 181.8 185.9 190.3 195 194.6 198.4 203.9 205.4 206.4 206.8 207.6 208.3 210.5
99.3 103.5 108.5 114.7 117.6 120.8 127.3 128.6 133.8 143.3 150.1 159.5 165.2 167.3 169.6 171.7 176.2 181.6 185.4 188.5 193.7 193 189.4 180 178.1 178.9 178.7 175.7 178.6 176.2 168.6 185.4 189.3 190.6 189.6 190.4 193.6 193.1 192 190.5 191.9 188.4 193.1 188.1 190.8 188.6 186 178.3 170.7 168 166.9 165.8 160.4 154.6 151.1 143.1 145.4 143.9 140.4 136 136.8 133.8 131.1 134.4 136.1 140.5 145.2 150.1 154.5 157.9 172 177.3 177.9 176.2 179.8 179.4 183 180.8 177.8 176.5 174.3
96.4 98.2 106.4 109.4 111.9 116.5 119 124.1 125.3 136.6 146.8 151.6 160.1 159.8 161.9 163.5 164.4 167.2 172.9 177.3 179.7 178.3 177.3 169.4 165.1 162.4 161.9 160.1 145.9 155.5 160.1 168.2 170.9 173.3 173 172.6 171.6 174.1 171.3 172.1 171.7 172.4 176.2 172.9 170.9 167.3 165.4 159 153.6 151 152.1 149.3 145.5 139 133.3 128.2 128 126.9 123.8 119.2 117.3 112.1 113.1 113.7 113.6 116.8 119 121 126 137.1 149.8 156.7 155.2 151.6 150.5 151.6 154.4 156.2 154.1 150.1 145.9
94.5 98.3 104.4 107.7 107.8 111 114.8 117.2 121.1 125.9 134.8 143.6 152.9 152.2 155.2 154.4 155.4 154.3 162.1 163.4 164.6 163.1 163.8 161.4 155.2 150.7 147.8 144.7 137.1 137.3 142.8 147.6 153.5 154.6 153.2 153.6 154.9 154.4 150.6 155.9 153 154.6 154.4 157.2 153.4 151 143.8 140 134.8 133 134.3 133.4 129.7 120.6 113 110.9 109.9 111.7 111 105 100.9 96.2 97.5 98 96.6 97.9 98.5 101.8 105.1 113.4 122.9 128.4 136.7 133.3 128.7 125.4 123.7 125.1 126.3 129.3 123.7
92.9 96.7 103 105.7 105.1 107.2 111.4 114.6 118 118.6 129.7 133 138.5 141.5 146.8 146.7 147.6 144.4 146.8 152.3 152.6 151.7 149.8 149.8 145.5 140 136.4 130.6 122.1 121.3 130.4 133.1 134.6 136.5 137.6 135.5 137 138.8 137.3 135.3 134.9 137.5 133 136.5 135.6 131.4 127.8 121.8 116.9 116.5 118.3 116.4 113.5 108 100 96.4 95.2 97.7 96 87.9 85.4 81.4 80.6 81.1 82.8 84.6 82.9 85.1 89.8 94.2 98.2 111.2 122.2 126.2 114.2 106.7 106.7 103.7 103.3 104.9 104.6
92.6 96.7 100.8 102.8 102.5 104.2 106.8 108 112.6 113.8 121.9 123.7 128.6 131.5 137.7 136.6 139.4 139.5 135.3 139.8 141.2 140.4 137.7 136.8 133.1 130.8 125.5 119.9 107.6 111.7 115.6 120.2 120.5 120 120.1 118.8 120.5 123 119.7 118 112.6 118.6 115.3 112.2 118 117.2 112.2 107.6 102.1 102.3 101.2 101.4 98 93.6 89.8 83.6 83.5 84.7 82.3 77 70.9 71 71.3 73.4 73.8 73.7 72.5 73.7 76.8 80.2 80.5 88.1 98.8 109.2 101 95.9 94.6 91 87.3 86.2 86.1
92.4 95.6 98.4 99.1 99.6 100.8 103 104.9 107.2 107.4 112.6 117 119.3 121.1 128.2 129.7 130.8 129.3 126.9 126.6 130.5 130.5 127.7 124.8 120.8 118.8 116.2 106.5 100.4 108.4 102 107.2 110.3 110.3 109.2 109.3 107.5 105.2 103.5 101.8 99.3 99.4 100.5 97.5 98.7 100 98.6 93.2 88.4 90.5 89.3 87.3 86.1 83 79.7 74.1 72.7 72 70.7 67.7 64.6 64 64.9 65.4 65.6 64.5 63.4 63.9 66.6 68.1 68.8 69 77.2 84.3 87.9 84.4 82.2 79.9 76.6 75.9 76.3
90.9 91.4 97 96.2 97.8 97.8 100.3 102.3 103.3 104.2 106.1 108.5 111.1 116 118.5 121 120 119.6 120 117.3 118.7 120.5 117.4 113.1 111.8 108.8 106.2 94.5 96.1 94.9 98.8 94.5 96.9 98.9 99 94.5 95.4 95.1 89.2 84.7 84.2 84.7 84.8 84.8 84.6 83.2 82.1 80.7 77.1 78.6 76.8 75.1 74.6 71.3 67.8 64 63.8 62.8 59.7 61.1 60.1 60.8 61.6 61.5 60.7 59.6 58.3 58.2 59.6 60.2 61.2 62.1 62 63.1 74.1 74.2 69.5 67.7 67.2 69.5 69.5
91.1 90.8 91.1 93.5 95.4 96.1 97.2 99.8 101.6 101.6 101.3 102.8 105 108.3 111.3 111.5 109.8 109.4 111.6 111.2 110.1 109.1 107.1 105.6 102.6 99 95.5 85.7 87.5 89.5 89.9 91.1 92.5 90.6 88 86.7 85.5 83.8 79.4 75.3 72.1 72.4 71 70.7 69.8 70.6 70.2 69.5 67.1 67.1 66.5 63.2 60.6 62.6 61.5 61.7 58.9 61.3 66 61.7 58.2 56.7 59 58.5 57.7 55.6 55.5 52.9 53.6 54.5 55.3 56.6 57.1 56.3 57.8 60.6 61.2 60.3 60.9 63.4 64.4
93.5 94 91.7 90.2 91.9 92.4 93.5 95.9 97.9 97.3 97.3 97.8 100.2 102.9 104.3 103 101.7 102.4 104.7 104.6 103.5 101.3 99.2 98.1 94.9 90.3 85.5 81.6 82.5 84.6 81.9 86.5 90.7 88.8 84.9 80 79.4 75 71.2 68.2 67.8 66.4 66 64.9 64.1 63.9 63.9 63.8 64.2 64.7 65.6 66.8 68.2 68.1 67.4 68.7 68 67.9 68.2 64.9 63.2 59.9 58.1 56.1 55.7 55.8 55.6 55.4 54.9 53.1 53.3 52.5 51.4 50.7 51.8 53.3 56.5 55.8 56.1 57.6 58.5
95.4 94.2 92.8 91.6 89.5 91.1 91.6 92.3 93.8 94.3 94.2 94.6 97.1 100.1 98.5 96.8 96.4 97 97.5 97.6 97.7 96.1 91.5 90.8 88.1 83.3 79.6 79.3 77.9 80.5 79.9 80 82.4 81.1 76.8 72.6 71.9 67.9 67 66.2 65 63.9 64.1 64.7 64.6 65.1 66.2 67.5 67.9 68.6 70 71.7 72.4 73.1 73.1 73.6 73.3 74.4 75.6 71.3 67.8 63.8 61.2 60 59.9 58.5 58.5 58.6 57.7 56 54.2 55.4 54.4 53.7 52.3 50.5 51.2 52.3 52.5 51.9 52.6
