data/NM99.asc
ncols 200
nrows 200
xllcorner 190000
yllcorner 790000
cellsize 50
[rows 0 to 34 of 200, columns 0 to 77 of 200]
169.6 162.1 169.5 170.4 169.7 175.6 203.7 215.6 212.1 210.9 209.6 220.1 223.2 250.9 266.3 261.3 259.1 257.5 269.1 276.3 263.1 246.4 234.7 237.2 244.3 251 254.3 272.4 300.2 299.3 295.8 299.1 301.4 310.6 308.4 304.5 295.2 298.8 299.7 305 303.5 300.8 298.1 296.8 299.1 299.6 309.3 314.6 311.8 316.1 318 314.7 300.7 298.6 300.9 303.5 301 296.1 300.2 306.5 313.1 312.6 314.4 313.9 314.8 323.3 323 317.8 314.6 312.6 308 307.3 310.8 309.6 322.2 315.1 331.6 346
194.4 183.7 172.1 170.7 175 170.4 176.1 197.5 203.6 192 199.8 220.1 219.6 249.6 240.3 244.4 238.2 231.9 244.1 248.9 235.7 223.7 221.9 226.6 237.6 250.6 259.6 264.4 289.3 287.1 284.6 279.6 288.1 294.6 293.7 288.9 283.3 282 283 290 288.7 287.4 280.8 281 282.3 284.6 281.3 286.3 286.3 288.6 292.5 289.3 278.8 273.5 275.9 282.7 283.3 281.5 280.9 289.5 299.1 303.7 297.4 291.3 296.1 302 302.8 294.6 291.6 290.1 280.9 286.4 292.9 293 291.6 287 294.8 304.5
223.8 211.9 187.7 192.1 208.2 206.2 178.7 168.7 169.1 176.1 210.9 212.2 215.1 247.9 234.3 227.2 219.9 221.4 226.8 224.6 216.8 210.6 211.5 211.1 233.2 240.1 242.6 254.1 269.8 281.3 279.4 274.9 273.9 272.4 277.7 277.5 273.4 271.7 265.4 264.8 267.4 268.1 268.3 268 258.7 256.1 255.5 256.8 270.5 273.5 271 268 263.9 263.1 268.6 273.6 268.7 260.1 263.6 274.8 283.5 291.4 290.4 277.5 278.3 283.8 282.5 268.7 266.5 265 256 263.3 272.6 271.1 266.6 258.6 260.9 270.1
266.4 249.1 228.3 208.9 204.1 193.1 188.6 177 169.2 184.8 200 207.2 209.2 212.3 209.6 210.7 213.5 213 211.5 196 188.9 190.4 188.7 190.4 207.7 209.7 230.1 249.3 254.8 268.3 281.6 282.9 276.3 264.8 259.8 268.4 266.2 257.8 252.2 244.5 235.9 236.2 246.8 239.1 232.1 226.5 222.7 230.4 239 251.6 249.2 251.1 255.3 259.1 253.6 257.4 249.3 243.2 251.1 261.7 274.2 280.3 276.8 267.5 259.8 260.7 250.7 242.9 243.7 241.8 235.3 237.6 243.6 247 242.9 235.5 234.3 245.4
298.2 284.6 267.3 239.4 233.2 214 197.2 185 172.5 185.7 200.1 209.3 215.6 219.7 213.3 200.4 198.8 192.9 183.7 181.8 181.2 182.7 186.1 187.3 191 199.7 226.8 242.9 260.2 269.5 282.5 272.5 259.9 254 250.4 254.5 256.2 242 243.3 225.6 215.2 230.3 216.3 212.1 203.1 194.3 203.6 223.8 227 249.5 240 240.9 249 248.2 245.6 241.8 231.6 229.5 245.7 262.1 268.4 265.7 262.5 248.2 242.6 238.2 230.4 230.4 231.8 227.9 220.2 216.1 214.3 219.5 216.9 216 219.1 228.9
325.6 314.3 289 262 259.4 242.1 239.6 228.7 201.5 176.2 170.5 176.3 177.8 184.6 177.9 179.9 180.4 181.2 177.9 180.4 186.9 192.9 197.2 196.6 191.7 200.2 213.3 235.2 237.5 234.9 228.2 228.9 220.6 227.5 227.3 238.7 228.8 226 225.6 221.2 214.4 208.8 205.7 181.2 179.3 177.8 184.3 200.1 210.4 221.8 228.2 230.8 250.4 238.1 227.9 232.5 225.9 235.1 247.1 252 256.6 244.6 237.7 225.5 218.8 213.7 219.7 222.5 222.4 214.6 199.4 194.2 192 194.4 195.1 194.6 202.4 216.6
341.3 317.8 297.3 277.5 270.8 280.4 281.5 275.4 249.3 228.9 206.4 182.5 172.5 172 174.5 176.4 182.3 181 177.6 186 198 198.7 200.6 204.5 209.1 210.3 227.5 223.3 209.9 201.2 192.8 188.4 201.8 209 205.2 206.5 206.4 206.1 195.3 188.5 180.3 177.7 174.8 197 205.9 198.5 186.7 187.8 199.7 205.1 204 211.7 235.5 229 219.7 216.2 219.1 233 240.1 231.3 221.1 219.5 216.7 207.2 192 195.4 207.2 210.6 203.7 192.4 192 192 192 192 192 192 192 201.8
337.3 320.3 307.1 302.2 309.1 311.3 319.4 318 296.2 284.9 261 245.4 230.9 220.5 203.8 190.9 174.6 174.6 174.6 174.6 174.6 174.6 174.6 179.1 190.8 197.8 193.3 196.3 200.9 177.5 174.6 174.6 174.6 176.3 180 185.4 189 181.8 177.5 176.7 174.6 182.3 199.5 209.6 213.2 201.4 193.9 183 183.4 192.8 195.6 198.9 210 215.3 211 209.7 221.2 230 225 217 204.6 190.4 191.5 203.4 192 192 192 192 192 192 192 192 192 192 192 192 192 192
354.9 346 335.7 330 343.7 349.6 344.4 334.6 326.3 313.9 297.3 278 257.9 238.5 236 219.2 200.3 189.7 185.7 174.6 174.6 174.6 174.6 174.6 174.6 174.6 174.6 174.6 174.6 174.6 174.6 174.6 174.6 174.6 174.6 174.6 174.6 174.7 174.6 177.6 197.8 221.6 223.5 219.5 212.4 202.3 190.9 189.3 184.3 183.8 187.8 191.6 199.6 198.8 197.8 207 227.7 226.6 212.9 203.1 185.2 183.3 195.3 192 192 192 192 192 192 192 192 192 192 192 192 192 192 192
375.5 369.6 361.3 360.2 371.5 366.9 353.7 350.2 334.1 317.7 296.9 275.5 268.8 270.6 259.4 245 240.9 230.1 220.6 208.7 191 174.6 174.6 174.6 174.6 174.6 174.6 174.6 174.6 174.6 174.6 174.6 174.6 174.6 174.6 174.6 174.8 177 181.3 196.6 219.2 238.4 239.3 233.4 223.9 208 193.7 193.3 192.3 187.2 183.3 189.6 197.7 192.6 193.7 211.9 222.5 211.4 197.8 185.8 183.3 189.6 201.6 194.7 192 192 192 192 192 192 192 192 192 192 192 192 192 192
402 392.9 381.5 383.2 388.8 389.4 378.7 358.2 332.1 314.2 305.2 295 294.6 292.1 281.9 281.4 276.1 269.5 253.2 252.3 241.4 227.3 202 179.6 175.7 176.1 174.6 174.6 187.5 200.3 190.4 178.1 174.6 174.6 174.6 174.6 177.1 180.6 190.5 197.3 221.1 235.5 259.4 252.8 241.4 220.8 206.9 208.6 200.8 192.8 182.4 185.8 189.8 189.3 194.4 204.5 199 193.9 183.3 184.2 197.6 215.8 210.8 192 192 192 192 192 192 192 192 192 192 192 192 192 192 192
431.3 423.7 415.8 411.6 405.8 400.9 381.5 353.6 344.1 336.5 329.6 318.5 315.4 313.7 315.7 316.6 322.8 321.6 324.8 319.1 287.6 264.4 253.3 235.2 223.2 219.2 219.2 218.2 214 208.4 206.1 206.9 198.3 191.3 183.3 183.1 184.4 195.2 203.6 201.9 205.4 215.5 229.8 248 236.6 224.1 221 230.7 215.4 198.2 186.8 187 185.4 184.9 188.5 191.2 185.9 183.3 188.8 201.5 219.2 225.5 210.6 199.7 192 192 193.4 192 192 192 192 192 192 192 192 192 192 192
455.6 458.7 460.7 443.5 436.8 410 381.6 373.4 370.9 363.2 357.7 350.1 358.6 361.7 362.1 369.5 359.3 362 359.7 351.3 327.7 313.8 289.6 276.5 266.3 255.1 251 240.1 231.3 222.8 225.1 230.2 229.1 221.3 216.1 212.4 218.6 255 252 241.2 226.5 223 220.7 216 216.5 218 219.7 223.6 213.1 201.3 196.9 190.1 186.2 188 186.6 183.9 184.1 188.9 198.3 206.2 216.3 222.4 212.2 193.5 192 192 198.6 192 192 192 192 192 192 192 192 192 192 192
477.9 473.3 470.2 461.2 451.7 426.7 401.3 402 394.6 391.1 388.7 390.5 394.9 409.1 412.6 413.9 405 395.1 376.4 369.6 362.5 351.6 333.9 316.4 293.2 275.2 261.8 256.3 257.6 256.4 251.6 256.2 259 259.4 245.8 246.2 282 285.1 266.4 259.1 248.4 255.6 238.3 228.4 221.4 214.4 202 199.9 202.9 197.4 195.2 191 188.3 186.2 185.7 188.3 192.8 207.9 211.5 212.9 215.8 226 219.9 196.2 192 192 192 192 192 192 192 192 192 192 192 192 192 192
508.8 496.7 492.8 480.2 468 440 427.2 429 427.5 426.4 424.3 425 429.3 441.2 450.5 444 438.5 427.2 419.5 404 381.6 362.4 345.7 327.9 307.7 294 292.2 297.9 294.4 290.3 296.2 287.1 292.7 288.4 272.3 311.5 326.5 319.4 300 278.4 274.1 273.5 245.7 253.6 253.7 233.5 208.9 201.6 197.3 195.6 190.3 190.4 187.5 185.9 187.5 191.2 195.9 207.2 204.5 210.3 207 214.6 216.4 192 192 192 192 192 192 192 192 192 192 192 192 192 192 192
528.9 525 516.9 505.8 478.8 464.5 465.2 469.1 460.2 458.9 457.1 457.1 460.2 477.6 486.3 480.8 488.6 479.5 467.2 453.2 413.4 393.7 375.8 359 340.7 325.7 317.2 310.1 314.5 315.5 324.9 331.6 325.8 330.7 339.9 342.8 341.3 328.9 306.2 306 289.9 267.4 265.3 276.9 267.9 250.5 229.7 216.5 207.2 206.8 198.3 189.5 187.7 185.7 186.2 188.3 189 188.3 188.3 188.3 188.3 188.3 188.3 192 192 192 192 192 192 192 192 192 192 192 192 192 192 192
561.4 560.3 544.2 518.7 503.9 501.7 513.1 498 503.8 506.5 509.4 502.7 503.4 517.2 516.9 522.8 519.9 513.2 502 474.4 456 423.4 407.4 395.5 393.3 369.8 346.2 338.4 346.6 348.7 369.2 360.8 370.6 368.7 376 362.4 343.9 331 319.8 307.7 285.8 283.8 287.1 282.8 273.4 258.6 245.1 231 223.7 220.6 206.9 199.5 199.1 198 195.8 189.4 189.6 191.5 196.2 206.8 208.8 207.3 210.5 203.2 192 192 192 192 192 192 192 192 192 198.4 214.5 192 195.8 199.2
584.8 579.2 567 556.6 547.1 539.9 541.5 538.1 544.1 554.9 553.5 541.8 545.1 552.6 552.7 546.9 542.2 540.4 523.2 503 481.4 452.9 451.5 443.3 427.5 412.3 396.2 375.3 372.7 382.2 380.1 381.4 381.5 379.5 369.8 355.2 340.7 326.8 317.8 299.6 301 301.8 303 294.2 287.6 270.4 255 241.2 238.6 226.5 222.3 222.2 221.2 215.3 206.8 205.7 200.2 195.1 207 231.5 241.4 221.8 212.2 201.2 192 192 192 192 192 192 192 192 192 208.7 218.8 212.3 221.2 214.2
614.1 611.9 606.6 597.3 584.3 577.2 573.3 576.2 589.5 592.5 588.6 585.7 586.2 597.9 599.4 592.3 586.4 577.6 551.1 523.3 501.1 483.7 472.6 456.2 445.6 429.9 416.2 410.4 414.2 404.3 415 408.5 389 377.9 363.6 349 338.2 327 315.9 310.1 316.6 310.8 313.6 299.2 298.1 281.4 269.9 257.2 249.8 246.1 243.4 250 240.8 233.1 224.1 230.4 223.7 206.2 206.5 237.4 249.4 221.9 211.7 194.2 192 192 192 192 192 192 192 192 208.8 213.6 220 220.4 221.5 231
650.1 642 637.6 625.5 614.7 608.9 607.6 609.8 614.1 617.9 615 609.3 617.5 626.4 640.4 640.7 629.9 594.9 564.2 543 530.1 523.2 508.3 498.3 469.8 456.9 447.4 445.1 438.1 433.5 436.1 419.6 401.6 380.4 366.3 358.9 345.4 334.6 326.6 321.5 325.5 320 320.5 307.4 299.2 289.8 286.3 277.3 265.6 271 273.9 271.2 271.7 250.7 261.9 267.5 253.3 223.4 217.6 220.3 225.5 213.6 205.9 192.4 192 192 192 192 192 192 198.2 220.5 220.6 220.9 227.5 230.8 229.2 228.9
683.4 670.6 651.3 646.4 639.1 638.4 638.1 641.5 641.7 637.4 637.4 645.9 661.6 682 687.8 671.3 650 617.9 595.2 570.3 574 560.8 538.6 525.9 512.3 495.3 482.1 476.7 467.1 468.7 456.5 440.3 415.1 387.9 370.9 363.9 351.2 341.2 333.9 340.3 340.2 334.7 325.7 317.5 312.8 312.9 306.1 293.4 295.9 309.8 300.3 302.5 290.8 275.1 275.8 272.1 261.5 235.4 224 219.5 216.9 207.6 197.9 206.4 207.4 203.2 200.3 195.2 192 192 219.2 226.7 229.4 234 240.5 236.7 237.2 232.2
703.4 701.2 684.2 679.5 673.2 660.8 659.9 665.4 663.2 668.5 669.3 679.7 701 710.7 703.9 669.7 651.1 637.3 628.6 615.9 598.7 593.7 561.4 555.1 537.4 524 501.8 495.1 482.7 479.3 469.7 448.1 424.2 395.2 378.8 365.9 353.6 344 345.1 350.5 350.2 344.5 338 339.9 333.7 330.4 323.4 324 330.7 336.5 342.4 334.6 317.3 309.5 302.6 288.8 269 247.2 233.6 233.6 218.1 206.1 202.5 208.9 209.5 209.4 216.3 222.4 206.4 208.2 224.2 238.4 241.3 247.7 250.7 245.5 248.4 244.7
725.6 726.4 710.8 704.6 697.4 702.5 698.4 694 702.7 705.7 715.1 723.3 727.8 709.4 670.3 645.9 624.8 624 619.2 600.4 589.9 576.9 563.1 554.5 534 508.1 498.2 492.4 477 459 451 443.2 426 401.3 388 375.2 363.7 359.8 363.6 372.3 375.5 370.4 368.9 372.9 364.2 356.1 359.1 366 397 390 373.3 375.2 368.4 340.9 319.4 303.6 284.2 257.1 243 230.5 221.8 214 203.9 206.8 212.1 216.8 225.4 237.5 220.7 222.3 238 247.6 249 257.2 263.7 271.3 264.3 258.8
754.8 750.1 739.4 737.2 736.8 739.5 733.2 739.5 756.4 759.7 754 749.6 714.9 680.2 649.8 630.3 618.3 598.9 585.5 576.8 567.3 554.7 541 524 493.7 481.2 474 465.8 452.3 440.5 427.9 414.8 404.9 397.6 387.7 382.4 381 381.1 387.9 399.2 403.1 399.1 401.8 397.3 400.2 415.6 417.8 434.6 442 430 424 408.9 380.7 346.3 322.5 303 283.1 265.9 261.4 246.7 227.7 220.5 208 208.8 212.7 219.7 224.8 230.6 231.8 233.5 252.2 267.1 263.1 271.8 276.9 281.8 277.7 268.5
789.5 775.4 768.4 773.6 765.2 773.2 767.6 785.3 784.1 767.2 762.1 754.3 694.3 660.1 637.8 619.8 603.2 584.2 569.1 555.1 540.8 530.2 518.3 501.4 477.3 463.4 457.4 444.2 440.2 424.9 412.3 405.7 405.6 402.9 406.5 413.3 412.2 415.9 423.8 424.1 427.2 435.4 434.6 429.5 430.5 452.3 459.8 462.2 463.1 460.1 448.3 416.8 381.4 357.9 333.9 309.6 290.9 290.6 278.1 267.4 243.2 225.3 212.8 208.4 215.6 223.3 232.2 239.2 240.7 246.8 269.9 283.3 278.4 292 296.6 299 296 292.3
810.4 802.7 801.8 806.1 809.7 799.9 813.8 825 809.7 790.9 766.2 730.3 689 653.9 634.8 616.1 600.4 581.4 574.3 559.5 525.8 502.8 494.5 483.7 466.3 453.3 440.4 437.5 432.2 426.3 423.5 426.2 430.1 430 439.3 435.3 437.4 436.9 451.5 455.4 460.4 457.5 453 454.2 473.5 482.4 490.7 482 478.9 470.2 452.9 431.5 401.9 381.2 354.2 328.5 311.2 304.5 289.3 273.9 251.2 231.3 223.6 210.6 219.6 229.4 238.8 249.5 256.3 266.6 286.9 290.5 287.1 301.4 316.3 317.2 316.1 316.1
841.1 835.5 836.8 840.5 838.4 819.1 811.9 792.1 772.7 758.4 735.6 710.5 684.5 648.2 640.2 621.1 600.1 592.2 579 559.7 526.6 501.9 483.1 476.1 465.2 460.2 456.1 458.5 454.8 439.6 447.6 443.8 449.9 451.7 462.8 459.3 465.9 465.9 474.5 480.3 482.4 476.7 482 493.7 507.6 510.6 511.7 504.1 487.7 477 457.6 433.1 409.1 380.6 356.7 335.2 331.5 318.8 292.8 271.7 253 236.7 228.4 219.5 223.9 238.3 247.9 259.4 268.6 279.8 292.3 295.1 300.8 316.6 331.8 334.6 336.1 340.5
860.6 860.2 845.6 832 821.8 808.6 798.1 780.5 763.7 736.4 714.5 684.1 663.2 641.5 632.4 620.2 602.4 588.6 564.8 549.8 527.5 511.4 495.1 493.6 489.1 485.4 475.4 470.8 469.5 461.8 480.3 467.7 462.4 473.7 486.3 487 490.5 492.8 503 506.9 506.2 502.9 511 520.1 525 526.1 524 519.8 501.1 481.6 462.5 429.2 399.7 376.7 356.8 336.2 329.3 310.5 285.5 266.2 247.1 237.7 233.1 218.3 235.4 248.5 260 264.9 274.2 292.1 302.1 307.3 313.5 329.5 354.5 363.6 363.6 358.2
852.7 853.8 812.1 798.8 789.1 777.7 770.3 762.4 751 739.3 714.9 685.1 664.4 657.3 650.1 649.3 629.2 604.2 579.3 554.4 535.4 537.7 535.4 529.1 523.4 515.5 503.5 495.9 485.6 478.1 485 487.1 480.1 502.2 500.1 500.2 503.5 520.7 527.7 527 523.4 526.4 530.6 539.2 544.9 540.7 528 520.8 502.2 474.7 453.1 429.3 399.4 372.5 353 337 323.7 304.9 281.5 262.5 247.1 241.4 228.8 225.7 241.2 252 263.5 272.3 282.6 296.7 307.2 315.9 328.5 350.4 370.6 375.9 374.1 375.3
826.4 807.3 782.3 778.2 784 775.1 762.6 755.4 739.1 721.6 703 686.4 680.4 669.8 661 654.3 639.9 605.4 581.7 583.8 586.8 582.9 576.2 572.1 560 554.2 534.7 518.7 502.3 499.2 505.4 500 499.9 513.3 517.6 526.2 539.6 547.9 554 548.7 545.9 551.2 551 559.5 558.9 551.4 538.2 517.9 498.9 461.4 437.1 415.7 387.6 365.9 346.1 330.1 318 299.2 278.6 260.3 248.3 243.3 237.1 226.8 242.6 258.2 271.7 282.5 293.6 306.1 316.6 327.4 343.4 362.6 379.4 392.4 396.9 402.2
774.5 763.8 755.5 758.7 763.3 768.6 769.5 760.1 740.8 694.9 673.3 678.1 679.8 673.7 664 657.6 651.8 639.8 634.6 626.2 624.1 616.7 608.5 604.6 581.6 570 553.6 533.7 519.8 528.1 524.5 525.3 525 540.9 557.9 560.3 565.3 567.7 571 575.4 579.7 581 574.7 571.2 566.2 557.3 530.6 510.7 492.2 463.1 429 402 381.1 358.1 339.5 321.4 306.4 291.8 274.8 262 249.5 244.9 244.7 230.5 244.4 267.4 283.3 292.4 304.9 316.9 326.8 338.8 359.4 378.1 398.3 407.3 415.8 418.5
727.6 724.8 712 723.8 734.9 729.8 737.9 732.8 693.4 666.9 652.4 665.2 677.7 678.4 679.2 677.7 675.3 660.2 651.2 644.5 636.3 631.7 625.1 615.8 595.3 579.8 557.1 541.2 536.6 548.4 553.9 543.1 554.5 581.5 580.6 580.4 584.9 589.3 592.5 592.5 591 590.5 582.9 576.5 572.2 561.9 533 514.5 490.2 456.5 421 394.2 368.7 345 328.6 313.4 297.9 285.5 274.3 261.4 251 245.7 235.1 241.9 254 269.8 287 302 314.8 327.4 340.1 355.5 374.7 400.3 414 427.2 435.7 434.8
676.7 677.5 678.9 691 685.6 695 661.6 660.7 649.1 638.2 634 644.7 674.1 695.8 693.6 693.6 688 675.5 667.5 661 652 644.7 637.8 625 597.3 580.6 559.9 555.3 552 572.7 573.2 563.2 576.7 595.2 599 601 603.2 608.8 614.2 608 602.8 596.2 589 582.9 575.3 563.3 541.7 519 487.5 448.4 421 390.8 363.8 339.8 321.9 309.8 295.9 280.7 265.2 256.8 247.9 237.5 246.2 259.7 268.7 278.5 295.8 307.4 324 337.7 354.4 371.3 395.2 420.6 443.6 455.5 455.3 454.1
633.6 643.9 654.6 655.1 647.1 633.3 626.9 626.6 617.8 617.8 626.1 652.4 703.5 709.6 707 704.3 699 693.5 685 677.2 672.7 666.2 653 644.1 622.6 595 575.3 580.3 579.8 586.9 582.5 582.5 590.5 605.2 619.3 618.9 623.7 632.2 639.9 635.4 623.9 610.6 594.2 585.5 579.7 559.9 546.1 522.1 485.8 448.5 426.6 396.3 371 351 327.2 311.1 298.9 281.3 264.9 254.4 243.7 244.3 253.4 265.6 277.6 290.5 307.5 322 333.5 349.1 367.3 385.8 416.1 443.1 469 477.5 479.5 483.3
602.8 610.8 620.7 625 620.1 618.5 608 599.5 609 625.4 641.6 669.8 705 703.5 707.5 690 694.2 698.3 694.7 686.7 681.9 674.7 660.9 645.6 631.4 621 615.2 601.2 606.6 606.5 610.9 606.3 616.9 634.2 657.4 656.1 655.3 656.8 655.9 651.4 650.3 633.6 610.1 594.8 580.8 562.7 548.3 530.1 494.9 464.2 440.8 412 385.5 359.6 330.8 314.9 303.3 284.8 262 252.9 243.3 254.1 264.8 273.5 285.1 300.2 317.4 335.3 348.2 360.3 377.3 402 430.3 456.7 483.7 496.4 505.7 510
