data/NN00.asc
ncols 200
nrows 200
xllcorner 200000
yllcorner 700000
cellsize 50
[rows 36 to 71 of 200, columns 82 to 163 of 200]
297.1 296.6 295.5 294.3 294.9 292.6 296.4 300.7 303.2 303 305.4 310.7 306.7 306.6 308.3 310.6 310.7 310.3 316.8 322.5 328.9 340.6 341.3 342.3 344.4 348.5 349.4 348.2 337.8 310.6 296 290 290.6 279.7 282.6 290 295.3 293.7 268.3 268 268 268 268 269.2 276.7 285.9 281.1 281.5 289.8 293.6 292.2 273.8 263.8 257.2 251 250.4 226.7 206.4 187.7 173.3 164.8 160.1 151.2 144.9 141 140.8 138.6 137.2 128.7 116.4 110 102.4 90.8 88 104 114.1 130.8 130.2 131.4 134.1 126.2 116.8
290.5 289.3 287.7 286.6 288.3 288.8 289.6 295.1 300.3 300.5 299.2 301.7 299.2 299.2 302.1 309.7 305.9 309.8 321.8 329.7 340.7 345.7 347.5 350.5 353.2 352.6 348.9 341 324.9 294.4 284.9 283.1 281 278.6 279.4 281.8 280.7 269.6 268 268 268 268.2 270 282.1 290 289.6 287 283.9 289 284 275.4 269.5 263.2 260 242.8 232.1 210.9 196.7 182.6 172 160.2 158.6 154.1 152.9 147.8 145 142.3 140.1 126.4 115.8 110.1 100 91.2 78.5 96.9 115.8 127.2 129.1 131 126.8 120.1 113.4
287 282.9 281.3 280.9 283.8 288.9 290.6 294.3 299.1 301.1 301.1 297.8 290.5 290.9 300.7 303.1 298.9 312.8 324.5 331.6 336.4 344 347.9 352.5 359.8 360.1 351.2 327.1 303.4 282.6 278.9 278.7 278.2 279.1 279.2 277 270.8 268 268 268 268.5 270.3 278.9 290.3 296.7 293.4 284.7 278.5 279.9 276.7 271.5 267.2 267.2 261.8 227.4 214.1 200.8 189.1 180.1 170.7 171.1 167.5 164.3 159.5 153.7 150.3 145 141.1 124.9 115.9 109 101.2 89.2 78.9 79.5 93.7 114.9 123.3 121.7 120.4 116 109.7
282.6 280.9 279.5 280.5 282.6 289 288.9 291 295 301 297.8 297.9 288.7 286.4 293.6 290.2 304.2 313.4 320.7 323.6 332.5 335.7 341.3 350 359.7 358.7 338 303.8 282.9 278.9 278.9 278.5 278.6 276.8 275.8 271 268.7 268 268.8 269 269.4 275.8 286 291.2 292.1 282.4 272 273.2 279.8 272.8 268 259 259.5 240.1 221.3 207.4 195.5 186.5 180.2 178.1 176 174.1 170.3 163.2 158.9 154.5 148.4 139.2 126.3 117.7 108.3 101.1 91.2 78.9 78.3 78.1 94.2 108.8 110 108.5 106.1 100.6
281 280.8 277.8 276.8 278.5 282.3 285.4 288.1 290.9 290.2 290.9 286.9 282.5 280.8 280.4 293.7 302.8 307.9 312.8 316.8 324.4 327.3 335.3 344.6 352.1 341.5 309.3 286 278.6 278.9 278.9 279.4 276.8 269.8 270 270.3 269 269.8 271.9 272.7 276.7 288.9 292.3 292.9 278.9 265.9 261.5 274.1 277.8 261.3 251.6 246.8 240.8 222.6 208.6 197.7 191.2 185.8 181.8 183.6 183.2 179 173.5 168.4 163.5 156.2 146.6 135.9 124.8 117.7 109.3 101.6 98.8 100.9 103.9 84 78.4 94.1 102.5 98.5 90.1 81.9
277.4 276.3 271.3 271.8 274.7 278.8 280 282.3 282.1 280.8 278.5 277.7 276.1 281.2 279.4 286.7 293.4 298.7 301.4 307.1 311 316.1 324.4 333.2 327.3 306.9 289.7 278.1 278.7 278.9 278.9 279.4 280.6 269 269 269.4 272.3 279.5 279.2 278.2 288.9 293.2 282.6 274.3 258.8 254.2 259.3 266.1 256 247.2 243.1 236.7 224.1 214.9 205.6 198.4 191.9 189.1 189.3 190 190.2 181.6 177.2 172.2 168.4 157.9 147.3 135.7 125 118 109.9 105 108.8 111.1 112.3 105.6 85.6 70.6 94.7 100.8 96.5 86.8
274.2 272.9 268.6 266.9 270 275.4 273.9 275.5 276.7 275 273.3 270.3 271.3 274.6 271.8 278.3 282.3 287.6 290.7 297.9 304.9 309.4 312.3 317.5 305.3 294.3 282.9 278.3 278.7 278.9 278.9 278.9 278.9 274.7 269.6 274.3 278.4 280.9 278.9 278.8 285.1 290.3 273.4 259 253.2 247.8 251.3 252.6 242.1 233.8 229.3 221.6 215.1 211.4 203.7 197.4 193.5 191.5 194.2 193.9 189.9 184.8 179.9 175 169.3 158.5 147.6 136.4 125.9 119.4 113.1 112.7 120.7 119.7 117.4 113.3 107.7 76.6 74.5 104.3 100.1 81.4
267 266.2 261.5 260.9 265.2 267.9 267.9 271.5 272.6 268.7 266 263.8 267.9 261.6 271.2 272.9 276.8 279.3 283.9 287.5 295.2 299.8 298.3 293.6 291.6 284 279.5 277.9 278.4 278.9 279.1 278.9 279.1 276.4 275.4 279 282.2 286.1 280.8 276.9 272.7 268 263.1 258.3 240.2 238.7 242.7 235.6 230.4 221.9 217.8 214.7 211.1 208.9 200.8 198.2 197.8 197.7 199.4 198.1 192.1 187.8 182.5 177 169.3 159 148 139.8 129.1 121.3 119.2 122.8 121.5 120.5 118.7 115.4 109.1 101.4 68.2 90 102.1 73.3
258.7 257.1 253.2 252.8 260.5 263.1 263.5 266.8 267.8 262.8 259.4 260.1 255.2 261 264.9 270.9 272.8 278.3 281.8 286 290.5 292.8 290.9 289.5 289.8 288.9 283 279.2 278.5 279 280.7 280.8 279 279.2 281.7 283.6 287.3 289.5 279.6 268.7 260.9 259.9 254.8 243.5 230.2 239.1 238.4 225.4 219.3 215.1 212.8 211.2 210.2 210 203.8 199 200 201.2 200.9 199.3 194.8 189.5 185.2 179.1 169.3 159.7 151.3 142 132.2 130.2 130.4 129.5 127.5 121.6 117.5 112.8 110.9 106.5 76.8 68.1 97.1 73.5
249.3 247.8 247.6 252.2 257.4 259.7 259 261.1 262.5 260.9 254.2 252 249.2 253 259.2 266.5 268.4 274.3 279 285.3 291.1 291.2 291.2 290.1 289.8 289.5 288.5 281.2 278.9 283.1 288.8 285.1 282.6 282.2 285 288.3 290.3 287.7 277 264.6 254.8 243.7 235.6 229.2 231 231.5 222.4 216.1 214.8 212.3 211.1 210.6 210.6 209.5 204.4 202.4 203.2 204.3 202.8 201 197.1 192.8 187.4 180.3 172.2 163.9 155.5 145.6 140.8 141 135.1 131 130.8 125 116.9 110.1 109 102.7 93.9 57.8 89 74.8
240.1 240.9 241.5 249.4 254.5 256.1 255.3 258.4 257.2 255.9 248 245 248.5 251.3 257.6 259.9 264.3 269.5 275.8 284.6 289 291.5 295.4 295.1 291.9 290.8 290.9 280.4 278.6 280.1 288.9 289.6 290.2 289.7 290.6 289.5 284.7 281.4 268.8 248.2 238.3 230.6 224.1 226.1 226.9 219.8 212.8 211.9 213.2 212.9 212.2 211.5 210.7 208.8 208.4 208.5 208.5 207.2 205.2 202.3 200 194.7 188.8 181.6 175.1 167.5 159.2 149.8 150.7 150.2 141 135.5 131.2 123 114.3 109.3 108.7 105.2 104.4 64.9 59.7 63.7
232.2 233.3 239.7 244.6 249.9 252.8 250.1 248.8 249.3 243.7 240.8 241.2 245.1 250 254.5 258.6 261.7 268.1 274.2 281.5 287.9 296 299.8 296.3 294 292.7 290.4 279 280.7 287.6 290.2 299.2 294.3 307.4 297.2 287.4 275 268.3 248 234.6 228.9 225 221.4 218.2 214.6 211.1 210.4 210 213.4 216 214.7 211.9 210.8 209.2 209.2 210.5 211.2 209.3 207.4 204.6 201.1 195.7 189.8 183.3 177.6 171.5 162.6 155.4 157.3 150.9 143.5 135.8 128.5 121.1 111.6 110.6 109.5 110.7 109.8 81.6 48.3 39.7
228.1 226.8 230.7 239 244.8 247.8 244.6 237 232.7 235.8 239.8 242 247 249.4 253.3 258.5 261.5 268.2 273.9 279.2 289.1 299.7 299.6 298.4 296.8 294.6 290.1 289 290.4 290.9 295.2 299.4 304.6 313.4 287.5 270.4 258.3 250.2 230.9 221.3 222.5 219.8 217.9 212 209.4 209.8 210.3 211.8 214.4 218.2 217.2 213.2 209.7 209.6 209.7 210.6 211.2 210.2 209.4 206.7 202.5 197.6 191.5 185.4 180 173.9 166.6 161.9 159.9 151.1 141.8 133.6 125.5 119.5 111.1 111 109.9 108.8 110.9 101.3 65.9 54.3
209.2 216.8 225.6 232.3 239.1 238.8 234.5 228.9 229.7 234.6 240.2 245.1 249.3 250.2 254 258.5 260.7 265.5 270.4 277.5 288 300.2 300.7 299.3 299.2 298.8 294.1 296.2 295.6 296.7 292.9 296.6 316.8 306.7 271.5 256.2 249 232 222.5 218.6 221.1 214.2 211.5 209.2 209.8 211 214 217.2 218.6 218.7 218.1 213.9 211.7 211.3 210.9 211.9 212.9 212.1 210.7 208 203.9 199.1 192.7 187.4 182 177.6 175.2 167.9 163.2 156.5 143.6 135.5 128.8 115.5 108.8 109.3 109 108.8 109.6 103.4 84.5 67.8
211.1 210 212.5 220.8 225.9 225.9 220.8 222.8 229.7 238 244.9 249.6 253.1 255.9 258.4 261.2 263.3 267.1 272.4 281.9 292.7 298.5 302.3 311.4 312.5 310.8 304 299.3 298.1 299.9 292.1 294.8 300.2 279.5 252.5 245.4 232.8 221.9 214 217.3 218.2 209.5 210 209.8 210.8 214.8 218.9 220.6 220.3 219.3 218.2 215.5 213.7 213.1 212.6 213.6 214.5 214.2 212.6 209.9 205.6 199.8 194 188.4 183.6 180.7 177.4 168.8 164 157.7 146.7 136 127.9 118.2 108.9 108.4 109.2 109.5 110.8 106 88.9 74.9
208.8 209 208.8 211.8 212.9 218.7 220 225.4 232.4 240.7 251.2 255.8 260.1 260.7 262.9 266.4 268.2 270.2 278.5 290.4 292.2 300.3 307.9 316.9 320.8 320.8 316.9 300.9 292 289.1 290.9 289.9 275.1 255 238.2 235.7 214.7 210.4 210 212.5 212.1 210.4 209.2 211.2 211 217.8 221.1 221.1 219 219.2 218.3 217.3 215.7 215.2 214.6 215.8 216.4 216.5 214.7 211.3 206 200.2 194.1 188.4 184 179.6 174.5 169.7 165.6 161.4 145.8 134.2 127.9 119.5 109.8 107.1 106.3 107.2 107.9 100.8 91.2 73.6
208 207.9 205.9 206.6 210.1 216.3 221.9 229.1 238.6 244.7 252 256.8 260.9 265 269.3 271.3 272.7 279.3 279.7 283.6 287.2 300.7 310.2 315.8 318.7 320.5 321.1 301.2 289.6 287.4 287.5 279.3 260.5 240.7 229.4 218.5 207.8 203.8 206.4 209.2 209.2 209.2 211.1 210.8 210.1 218.6 220.7 220.3 219 219 219 218.9 217.7 217.1 217 218.3 218.8 218.4 216.3 211.8 206.5 200.4 194.8 189.9 181.4 174 171 167.8 163.9 157.2 139.7 133.8 127.6 120.4 109.8 104.7 101.2 100 100.4 99.4 94.8 81.1
208.1 205.4 202.2 202.2 207.2 212.4 222.2 230.1 237.2 243.6 251.1 253.5 259.2 263.7 270.3 273.9 279.1 279.5 278.4 278.9 283.7 290.7 302.6 306.7 312.3 315.7 321.5 307.3 287.8 283 281.7 269.4 243.4 227.2 217.2 202.8 198.7 199.6 199.9 207.1 209.4 209.7 210.1 209.2 211.1 218.2 217.9 216 218.5 219.2 220.9 220.1 219 219.1 219.9 222 222.3 222.2 218.2 213.1 207.5 200.2 192.9 183.1 173.8 168.9 167.1 162.2 156.8 147.6 137.5 130 124.1 119 108.7 104.2 100.3 100.4 100.3 103 107.1 90.7
208.7 204.8 200.5 200 203.8 211.2 220 228.8 233.6 239.1 244.6 248.1 250.7 260.7 269.3 273.5 277 275.4 272.2 275.4 281.1 286.2 293 299 305.5 310 314.1 308.8 288.9 277.7 271.4 252.4 226.4 221.5 208 198.3 201 199.9 200 208.1 210.2 210.1 209.9 209.9 210.9 210.9 210.7 210.2 217.2 221.1 220.6 220.8 221.2 223 224.2 227.2 227.1 224.2 219.4 213.3 207.2 200.2 190.4 179.2 170.2 164.2 160.5 156.8 150.6 141.8 134 127.2 119.5 113.8 108.3 107.1 105 104.7 105.9 110.4 116.7 105.8
209.1 208.2 203 200.7 199.3 208.2 215.9 222.9 230.6 235.9 242.1 241.2 244.8 254.8 264 266.2 268.5 265.1 264.4 269.3 276.6 280.9 289.1 294.4 298.3 304 305.7 301 284.4 273.2 261.7 240.4 219 204.3 201.7 198.5 198.7 200.9 202.5 206.6 209 210.8 210.5 209.6 210.5 209.9 209.1 212.6 220.4 222.2 223.3 223.9 225.3 227.2 229 230.8 230.6 225.7 220.9 214 204.9 197.6 190.9 178 169.7 163 158.6 154.6 149.3 138.5 131.6 124.7 117.6 110.6 108.4 108.3 108.1 107.6 108.7 118.2 121.2 114
211.8 208.2 202.7 200.7 199.4 202.8 213.3 221.2 225.8 227.3 232.3 234.7 235.6 245.3 251.9 253.8 251.9 252.8 255.6 263.7 269.5 275.7 286.2 291.2 294 298.8 300.7 295.2 281.1 258.8 241.7 226.3 212.2 202.2 198.1 198 198.8 200.1 204.3 208.8 209.2 210.8 210.7 209.4 208.7 208.9 210.8 218.7 221.4 224.1 225.5 227.1 228.8 230.2 232.1 233.2 230.8 227.5 221.1 211.5 201 192.6 187.2 176.6 170.4 162.4 157.9 151.5 142.6 137.4 131.1 124.1 114.5 108.4 108.3 108.6 108.7 108.2 110 118.4 120.6 121.2
209.9 208.1 203.3 200.6 199.8 200.1 209.4 218.1 219.3 221.4 223.8 223 226.3 231.2 237.1 237.5 238 241.9 248.4 260 264.9 271.2 280.4 285.2 290.3 297.4 298.7 290.3 272 245 239.4 219.4 208.9 199.3 198.1 198.2 199.4 201 203.5 209.4 209.2 210.7 209.3 209.7 208.5 209.1 216.8 221 224.8 226.2 227.4 229.6 231.2 233.2 234.8 238.4 235.1 230.1 220 204.7 194.5 185.9 180.7 178.6 167.5 159.9 155 149.5 143 134.9 127.7 120.4 109.9 108.2 108.3 108.6 109.6 108.8 116.7 114.5 113.8 98.1
210.1 209.8 205.4 200.6 198.8 191.7 192.3 196.6 212.1 214.5 216.8 217.1 218.2 223.1 228.9 228.5 232.2 239 245.4 255.6 262.5 267.7 274.3 279.1 284.3 291.1 289.2 275.9 250.6 242 232.7 209.9 201.1 198.2 197.9 198.2 199 199.3 199.4 204 210.5 209.2 209.3 209.7 209.2 216.1 221.6 225.7 228.7 228.2 229.5 231.9 233.1 235.5 238.1 238.9 239.8 228.7 212.6 200.8 193.3 184.1 178.9 175.6 165 156.8 153.2 147.5 140.4 132.4 125.1 120 112.7 107.8 107.8 108.8 111.2 110.8 109.4 103.5 101.1 83.5
217.7 214.6 212 208.4 204 195.7 191.6 178.2 197.3 204.8 207.5 212.7 213.3 214 217.8 223 230.3 237.8 243.5 251 258.1 264.6 271.3 273.1 277.8 280.7 269.8 252.9 244.8 244.3 225.1 206.6 198 198.1 198 198.3 198.9 199.8 201 208.2 209.7 209.4 209.2 209.5 214.7 220.2 224.8 229.4 230.6 231.2 232.1 233.9 236.2 238.4 239 238.9 240.8 223.5 209.4 203.4 193.5 183.1 177.3 169.2 161.1 152.9 150.6 144 137.1 130.5 123.7 119.8 113.1 107.4 101.2 105.9 111.6 102.7 96.9 92.9 85.6 71.8
227 221.7 218.4 214.1 209.8 205.4 198.7 178.9 181.4 192 199.2 204.1 207.5 209.1 210.1 218.8 226 233.7 240.6 247 251.2 260.5 265.5 268.9 266.1 261.3 247.3 240.3 241.5 238 216.5 199.2 198 197.9 198 198.3 198.9 200.8 201 208.1 209.3 209.4 209.2 213.5 219.7 224.6 229.1 230.4 230.7 232.9 235.1 236.3 238.8 238.7 234.5 233.6 227.9 213.1 205 197.7 186.1 179 173.3 160.9 153.4 150.5 147.5 142.1 134.7 129.6 120.5 116 112.3 107.4 100.8 102.5 99 90.6 87.4 84.1 75.7 67.2
238.1 228.1 222.5 217.8 214.9 209.8 203.7 191.2 179 174.5 188.6 193.9 201 203.1 203.3 210.8 218.3 225.9 233.6 242.4 247.8 254.5 259.9 263.8 251.1 241.6 237.2 240.7 240.7 223 209.6 198.7 198.1 197.9 197.9 198.4 199.3 199.7 203.4 208.9 208.8 209.1 214 220.9 224.1 228.5 230.3 230.8 231.1 233.3 237.4 238.3 241 239.7 229.6 224.1 215.2 205.6 200.6 192.1 184.4 170.7 168.9 161.6 151 146.1 139.8 138.8 130.3 123.9 116.5 111.7 109.1 103 96.5 94.7 84.6 79.8 79.8 77.8 71.6 65.4
255.1 239.5 227.5 223.1 220.1 214.2 207.7 200 192.7 168.4 166.3 181.2 187.3 194.6 197.9 204.7 213.4 221.9 229.4 236.2 239.4 243.4 249.3 244 237.2 232.7 229.4 232.9 229.8 214.1 202.2 198.5 198.1 198 198.1 198.6 200.6 204.6 208.8 209.3 209.4 212.3 218.8 224.6 228.6 230.9 230.9 228.9 229.1 234.5 240.2 243.3 248.4 240.2 221.3 215.7 213.2 203.2 195.8 187.8 181.8 168.8 160.5 160.5 154.2 144.6 136.2 131.7 125.4 117.6 110 110.9 106.8 101.1 100.5 80.1 71 71.4 73.5 73.5 67.1 57
267.4 252.8 237.7 230.7 225.4 220 212.6 211.1 202.1 188.1 180.2 160.1 172.8 179.1 191 193.3 208.1 213.8 221.8 223.9 227.4 231 233.5 234.6 231.1 231.3 230.7 228.7 216.4 206.4 201 198.1 198 198 198.7 199.1 205.3 209.3 209.1 208.8 210.7 216.9 222.1 227.1 230.9 229.6 228.2 229.2 229 233.2 241.2 241 237.1 230.8 217.5 209.4 205 197.2 192.9 183.6 177.6 167.6 158.8 155.2 152.2 144.4 131.5 125.3 121.5 109.9 105.4 104.7 101.2 97.7 92.7 80.9 65.9 67.5 69.6 69 62.2 50.9
269.5 263.7 250.2 240.8 232.4 222.9 222.7 218.6 214 205.6 193.8 168.4 158.7 160.8 174.2 184.9 192.9 202.1 209 210.8 211.9 221.3 222.9 226.7 226.3 222.6 228.8 219.9 207 201.1 199.3 198.1 198 198 199.3 202.2 208.3 209.8 209.6 209.8 215.5 221.3 224.9 227.8 228.7 224.5 221.5 227.4 229.9 232.3 239.2 240.7 228.7 220.4 212.6 203.2 195.6 189.7 183.7 175.5 173.4 166.9 155.7 150.1 148.4 142.9 132.5 118.4 111.1 103.9 99.9 97 96.4 94.6 91.2 69.9 59.4 65.2 67 62.9 57.3 45.7
273.5 280.3 265.2 250.3 239.6 233.9 229.7 226.2 223.1 215.8 209.1 188.9 175.5 156.3 158.6 181.3 179.6 185.8 193.2 196.7 204.1 209.8 211.9 214.7 213.9 214.7 221.1 207.7 200.4 200.5 198.2 198.1 197.9 198.5 200 201.6 205.7 209 210.2 213.1 221.9 228.5 229.7 224.7 221.1 218.9 219.6 230.7 230.2 230.9 228.8 223.4 217.5 212.9 208.4 198.2 187.1 181.3 173.7 167.4 164.4 157.8 150.5 144.4 143.1 138.5 129.3 113.2 100.8 95.6 92.7 90.3 90.4 90 78.8 60.4 59.4 60.6 63.3 59.3 53.2 34.5
283.1 282.9 279.1 258 249.1 246.5 240.4 234.6 231.4 228.3 215.7 191.9 178.9 164.9 148 165.9 172.9 175.3 180.3 187.6 195.4 199.6 201 201.4 204.8 210.5 209.8 199 198.7 197.9 196.8 198.2 198.2 199 201 200.7 203 207.4 211.3 220.3 230.9 231 225.4 217.7 213.7 209.8 219.1 228.2 227.5 229.2 226.5 214.6 207.8 205.2 199.5 189.4 178.8 170.6 165.4 159.4 153.2 148.5 143.1 137.4 134.3 131.1 123.6 110.3 97.2 89.5 86.3 85.7 86.6 83.2 65.7 54.2 55.3 58.6 57.9 56 41.5 17.9
290.7 285.5 277 262 259.6 255.7 249.6 241.3 235.5 231.3 211.5 199.7 187 169 143.4 152.1 161.8 167.1 176.9 184.2 191.2 191.1 193.5 197.3 201 210.3 205.4 199 196.1 195.5 196 198 198.7 201 199 199.1 202.7 209.6 218.4 229.7 230.8 222.2 215.6 210.4 205.6 201.9 215.3 218.6 219.2 220.9 219.1 208.3 200.8 198.1 190.3 178.2 171.9 161.1 157.8 150.1 146.1 142 135.9 130.1 123.9 119.8 111.5 103.2 94.2 87.7 80.7 81.5 83.3 73.4 55 49.3 50.8 52.7 51.6 46 21.6 14.2
290.9 279 274.3 273.5 271.2 262.2 257.3 248.1 237 227.4 219 206.5 195 173.5 154.6 138.8 149.5 162.9 172.6 179 190.3 188.9 190.2 195.2 198.6 200.1 199.2 197.6 194.4 193.2 194.3 196.5 200 200.3 199.3 200.5 205.8 214.2 226.7 230.9 222.7 213.6 206.3 201.3 197.1 201.4 206.9 209.1 211.3 209.9 208 198.6 195.8 189.2 180.7 173.3 168.1 159.3 148.8 142.6 140.3 137.1 131.5 125.4 119.1 107.8 102.9 95.7 88.6 83.4 80 81.1 76.3 59.6 50.2 50 49.5 46.7 41.5 31.2 15.7 11.9
289.8 285.8 280.2 286.2 285.5 272.5 264.5 258 245.5 228.2 217 207 196.6 174.5 154.8 140.3 139.8 156 167.7 174.3 179.4 184.3 190.9 194.1 194.8 196.2 195.9 194.7 192 191 192.9 196.5 200.4 199.4 199.6 202.4 208.6 220.7 223.4 219.5 208.2 202.6 196 191.8 188.5 194.5 196.7 198 200.8 201.7 200.8 194.4 191.5 185 173.6 166.7 159.6 154.8 146.2 138.1 135 132.6 128.8 120.8 112.9 101.6 94.4 87.1 79.3 76.5 74.3 77.9 62.1 53.7 45.9 44.5 41.9 37.2 27.8 19.8 14.1 10.1
293.3 289.5 290.6 289.9 290.4 283.7 268.2 264.5 249.2 229.3 212.1 201.2 186.1 168.8 152.8 132.7 136.7 156.7 161.2 169.4 176.2 184.5 189.7 191.2 191.3 191.8 193.1 192.2 190.2 189.7 192.5 197.9 199.1 199 201 202.8 210 221.1 215.4 205.4 198.9 192.1 186.4 182.8 181.1 184.3 185 187.6 194.7 200.7 196.2 189.8 182.2 173.9 165.5 159.5 155.5 150.1 143.4 137.5 133.4 130.9 120.8 114.4 106.3 95.5 83.6 77.8 71.8 68.6 69.9 65.3 55.3 47.4 39.6 35.6 32 25.7 19 15.3 12.3 8.1
300.7 297.6 297.2 298 291.9 285.5 275.7 268.3 243.4 228.4 214 192.8 175.7 159.9 144 133.4 144.6 158 158.8 166.5 172.3 178.7 186.5 191.2 189.5 191 190.9 190.9 189.3 189.8 192 195.4 193.2 195.4 200.3 199.9 210.6 211 201.3 194.5 189 181.2 178.1 174.9 175.5 177.9 178.4 179.2 187.6 192.8 190.2 185.6 179.6 169.1 159.1 153.2 149.8 143.2 139.4 133.7 128.7 125.3 118 109.3 100.5 91.8 74.6 67.1 62.3 59.8 64.1 58.6 51.6 41.2 30.9 23 22.6 19 17.6 14.4 11.6 6.2
