data/NN03.asc
ncols 200
nrows 200
xllcorner 200000
yllcorner 730000
cellsize 50
[rows 70 to 104 of 200, columns 0 to 78 of 200]
404.8 420.6 434.9 454.3 468 487.4 504.6 518.8 528.9 527.7 523.5 523.1 525.4 524.1 526.2 522.8 523.6 532.9 538.5 553.1 559.5 563.7 562.6 559.1 555.1 553 551.6 551.1 546.1 543.8 541.1 537.3 536 545 551.9 557.5 572.8 590.2 601.3 625.7 644.3 642.4 645.5 637.6 623.6 602.4 585.2 576.9 577.7 592.2 591.2 587.1 579.5 563.8 552.5 550.9 545.5 536.5 526.9 508.1 483 463.5 445.7 417.5 412.3 406.9 402.7 404 400.2 404.5 394.9 376.8 359.2 347.2 333.8 320.9 307.1 285.4 259.6
407.7 430.1 447.8 465.2 482.2 488.2 497.2 510.2 513.9 510 505.6 508.3 512.3 510.8 513.5 510.6 513.6 518.2 529 539.5 548.4 547.6 547.7 542.8 538.9 535.5 529.6 525 524.6 525.7 521.6 515.2 530.1 538.3 536.7 551.1 574.1 590.6 607.7 617.8 616.3 618.9 615.2 605.2 592.2 578.8 560 571.9 572.4 574.8 572.6 559.5 543.3 533.7 529.5 527.2 531.9 525.2 516.7 501.7 470 451 427.1 431.5 443.3 443.9 437.4 432.8 421.2 420.6 420.1 401.8 390.2 373.9 359.5 343.3 309.7 280 250
415.7 434.9 456.6 467.4 478.2 482.5 488.4 497.8 498.9 494.9 490.7 496.1 502.6 502.2 499.3 497.8 499.8 506.9 520.8 527.5 524.4 518.2 524.4 528.7 522.2 514.8 507.9 509.2 501.4 500.3 496.9 503.5 511.1 524.6 542.1 552.8 567 587.4 604.5 600.9 594.1 591.1 580.3 566.2 558.3 546.3 551.7 553.4 546.6 551.9 542.5 522.9 512.8 506.4 503.8 497 505.2 513.8 501.4 476.1 456.5 441.9 451 456.4 473 468.8 450 441.9 432.7 431.4 412.9 410.1 395.7 379.2 360.3 339.1 306.7 267.4 237.2
420.3 439 455.1 465.3 470.9 472.2 477.8 484.3 483.7 479.5 476.6 483.8 489.5 492.8 485.4 485.5 481.2 493.4 498.5 505.4 503.1 498 496.5 498.6 495.9 493.2 483.7 486.2 483.3 483.4 483.2 499.1 519.3 529.8 538.9 546.2 555.7 564.2 572.3 577.6 569.7 551 535.6 523.7 515.6 532.2 539.2 529 526.1 529.5 512.4 487.6 485.1 481.7 472.3 473.5 485.2 497.1 475 460.5 455.4 463.9 470.4 479 477 472 455.5 450.4 440.7 417.9 418.1 407.4 387.2 368.1 351.5 326.3 297.4 254.4 233.1
411.6 432.4 447.1 451.3 459.3 464.2 461.1 472.3 469.5 466.6 461.9 467.4 471.8 471.9 464.8 465.4 464.2 479 481.6 484.3 478.9 475.1 474.4 473.7 473.5 469.7 463.2 463.5 465.2 465.1 477.6 489.2 505.9 516.6 532.5 539.3 548.3 558.1 551.1 538 524.7 513.2 502.4 495.7 507 509.2 507.8 510.6 506.2 498.4 483.7 469.6 460.5 456.7 455.6 453.1 475.5 469.3 456.4 457.9 475 480.2 496 491.1 479.4 466 452.8 450.1 423.4 417.7 415.8 390.9 376.6 356.2 340.9 311.3 269.9 242.4 223.4
414.4 426.6 431 443.3 445.6 442.9 443 448.2 445.7 445.5 441.9 443 446.7 449.4 441.4 441.5 452.5 455.7 462.6 460.2 457.3 451.3 448.8 452 449.2 442.9 439.1 443.7 441.6 456.7 466.1 477.6 490.2 507.1 517.5 523.5 532 531.6 523.1 515.6 498.8 483.9 476.1 475.8 483.1 484.8 482 478.9 473.7 467.3 465.1 454.9 444.4 438 436.2 443.8 455.4 450 457.5 473.8 487.6 498.6 498.6 480.5 466.5 454.1 457.1 434.5 417.5 413.1 399.3 388.4 360.3 340.7 316.3 284.4 253.3 229.1 215.9
413 423.6 423.1 422.8 418.3 417.4 419.7 423.8 423.3 424.2 419.1 417.5 420.5 415.7 421.3 422.6 431.3 435.3 439.4 438.6 432.1 430.2 428.8 427.4 428 425.7 421.5 420.9 423 445 455.9 475.3 492.7 492.4 504.1 498.8 496 498.7 497.9 485.8 470.3 465.2 467.6 458.4 461.6 461.3 457.9 454.5 448.2 447.9 445.3 438.8 429.2 425.4 424.5 425.4 429.4 450.9 478.6 488.3 492 490.3 476.3 468.4 457.8 447.4 433.8 411.2 409.2 392.8 391.5 370.5 350.3 323.1 298.7 270.9 244.4 220.6 209
401.3 413.7 416 414.1 416.6 407.4 400.4 398.7 390.7 386.5 386.8 393.2 392 388.5 386.7 399.3 408.8 415 419 419 412 407.6 405.8 408.6 409.8 407.9 404.6 406.3 420.6 433.4 449.3 459.8 471.1 469.9 472.5 472.4 464.7 464.4 457.1 449.4 454.7 451.2 450.8 448 444.4 448.8 437.9 432.2 432.6 426.5 422.7 419.8 420.1 419.3 408.5 409.4 428.2 459.1 488.7 491.3 489.3 481.1 469.7 455.6 447.7 433.3 410.9 410.9 390.9 381.6 368.5 356 328.8 303 274 267.2 237 213.3 203.7
387.5 400.6 395.8 395 392.5 392.5 384.1 377.6 379.7 378 372.9 377.5 368.5 365.7 372 384 387.3 394.8 398.7 394.1 389.3 386 387.6 389.9 391.4 389.1 385.4 389.2 403 416.7 434.3 449.7 447.2 450.4 451.7 452.2 441.8 438.3 433.9 445.4 447 447 452.6 451.6 450.1 447.5 434.7 426.3 416.5 409.9 406 404 405.7 406.4 398.8 404.2 433.3 456.6 467.6 478.5 474 468.6 460.8 447.2 436 413 404.3 388.9 377.2 362.2 346.6 341 318.9 282.3 257.7 248.9 226.8 201.2 194.1
371.9 382.2 384.5 384.7 381.6 378.2 367.9 372.6 369.7 357 350.6 347.8 353.7 349.1 359 368.6 377.1 378 369.4 368.6 364.9 362.5 363.5 363.6 370.5 368.3 374.8 378.3 389.6 401.1 416.4 424.9 422.8 426.6 423 427.8 426.5 421.4 432.1 438.5 437.2 444.8 450.7 451.1 448.9 442.3 436.5 430.1 417.6 410.8 405.6 401.1 403.7 396.8 396.8 412.2 428.1 450.1 466.5 475.5 459.7 452.3 449.2 436.8 420.1 402.9 388.4 373.3 364.4 345.1 326.2 314.9 289.2 258 237.8 226.3 208 189.7 178
358 366.1 362.7 366 362.1 362.8 359.3 358.1 351 342.2 334 327.9 328.2 341.7 345.7 350.5 353.5 348 344.1 349.6 347.5 343 344.7 352.7 356.4 359.2 361.3 368.8 375.1 387.2 398.6 396.9 402.3 406 413.2 413.9 412.2 421.3 424.3 428.2 435.2 432.3 434.4 430.7 426.5 421.4 425.2 423.7 409.4 410 403.1 396.3 392.6 397.3 412.2 428 441.9 444 452.5 453.5 444.2 442.5 436.8 420.8 408.8 389 364.8 351.4 339 318.6 303.7 289 269 245.6 223.7 206.5 188.5 173.9 155.9
342.3 348.5 344.5 346.2 347.1 347.7 343.1 344.4 336.8 331.6 330.7 322.9 312.3 323.4 332.1 328.3 334.5 329.5 327.7 329.3 335.1 339.3 345 350.4 349.8 352.1 351.4 350.7 356.1 359.3 370.3 375.9 381.9 394.1 405.9 407.1 414.1 418.6 416.4 418.8 425 417.1 410.8 405.7 405 397.6 401.4 404.4 396.9 397.4 392 378 391.3 411.3 428.2 433.8 459.5 470.7 467.9 455.4 454.1 445.2 436.3 427.8 407.9 388.2 365.7 335.1 307.2 296.1 295.8 280.3 266.4 249 225.2 201.6 191.6 170.7 145.8
325.5 331.9 330.6 328.3 333.1 331.9 324.7 325.8 316.2 317.2 308.8 305.2 302.6 304.8 302.3 302.1 310.6 307.7 307 315.4 320.5 327.3 340.3 346.9 350.3 341.9 333.3 331.4 333.4 347.8 365 379.2 390.3 403.5 406.6 411.6 415.4 408.1 406.9 408 409.5 401.8 392.2 386.1 386.2 383.3 384.4 384 382.8 376.1 363.2 381.3 400.4 418 434.2 448.3 479.2 484 476.2 465.5 451.9 443.2 449.1 440.8 419.6 406.6 387.8 364.3 336.5 314 271.5 243.2 240 228.3 209.3 189.1 175.5 161.6 139.6
306.2 314 316.4 312.3 310.9 315.2 309.4 302.8 296.2 298.2 289.2 288.9 286.3 279.9 279.7 274.7 285 288.1 294.9 289.1 295.8 310.2 323.4 338.6 328.9 324.4 322.9 321.8 322.6 329.3 348.9 366.4 377.1 386.2 405.1 412.7 405.1 399.2 392.8 389.8 396.7 390 386.6 375.6 371.9 370.1 370 373.7 365.6 352.5 370.6 394.2 415.2 426.3 441.3 459.3 466.4 483.7 485.5 463.9 456.7 453 440.8 432.4 421.9 416.5 402.9 376.3 351.5 316.9 301.4 271 240 209.2 185.8 169.2 154.9 141.3 128.4
282.8 284 288.8 294.9 296.1 294.7 289.2 280.4 278.2 274.1 267.5 271.3 266.7 265.2 266.5 261.5 262.5 263.5 273.8 278.1 285 301.7 305.9 311.3 312 307.4 310.8 310.5 314.3 320.1 329.3 338.6 352.8 371.9 383.1 382.2 384.2 379.6 376.6 377.7 375.8 370.5 364.3 363.8 362.9 363.7 360.1 351.3 344.7 356.7 369.4 387.5 407.6 425.8 452.5 463.6 470.1 479 470.4 456.2 460.9 451.3 440.8 436.4 423.6 402.9 386.2 360.1 332.3 325.8 311.6 283.9 257.8 229.1 202.5 173.8 154.2 131.6 106.5
258.9 261.1 260.9 258.5 263.3 271.2 267 260.9 257.2 258.7 253.7 255.8 256.2 255.5 257.6 250.1 249.3 252.4 258.3 261.8 275.1 286.8 288.5 296.1 292.1 292.6 298.4 306.5 303.6 309.8 315.2 321.5 329 341.7 347.6 349.7 360.6 360.8 358.8 358.9 354 349.7 350.7 347.9 347.1 352.8 343.3 338.2 342.2 350.1 355.8 383.1 407.1 421.5 451.1 455 469.8 465.1 455.3 460.1 449.1 439 431.2 427.7 415.5 390.3 370.8 335.4 316.1 312 291.8 267.5 246.2 217.4 198.1 169.2 147.1 129.8 107.3
238.4 249.8 244.3 240.7 254.5 257.1 243.9 242 228.4 225.2 233.5 237 237.7 237 234.8 242.1 248.9 248.7 244.1 244.5 254.3 267.1 274.1 279.7 276.5 281.4 287.1 290.5 295 298.2 303.2 311 323.9 329.1 329.9 334.6 339 337.9 336.6 334.8 333.6 331.4 337.9 337.8 331.2 336.6 334.7 339.5 353.8 367.8 363.6 365.8 389.4 420.1 432.9 443.8 461.6 447.7 448.2 431.2 438.2 424.4 412.3 402.1 391.3 375.5 355 330 308 283.1 261.5 246.1 225.4 206.2 185.3 160.5 145.1 126.7 104.6
220 226 227 223.3 229.8 227.1 222.5 220.6 211.8 208.8 211.4 212.4 211.8 213.8 218.6 224.4 231 237.7 239.7 238.8 245.8 253.4 257.9 260.9 265.4 272.4 277.1 281.3 285.1 286.4 294 305.3 319.3 322.7 326.4 333.3 328.9 317.7 308.2 307.4 314.1 315.3 316.5 312.2 330.7 332.2 335.8 352.5 367.9 383.4 378.6 379.2 396 407.3 408.9 433.4 433.2 430.6 443.1 423.6 408.1 405.2 387.6 379.1 370.7 363.1 336.2 316.8 290.6 275.1 255 224.3 203.3 181.2 164.6 145.5 132 114.8 93.3
194.5 198.8 199.9 196.4 195.1 195.9 195.3 194 193.1 194.8 196.2 200.7 203.5 205.8 209.1 212.5 215.1 219.8 226.5 232.1 235.6 241.7 247.3 249.4 248.4 256 264.1 265.5 270.9 276.4 283.8 294.8 304.6 305.4 311.3 319 307.5 297.5 294.6 293.7 289.5 296.4 315 333.7 335.1 334.9 341.7 358.3 374.9 381.7 390.1 394.8 395.8 392.3 403.9 410.8 409.4 421.5 416 413.8 400.7 378.2 356.8 342.8 339.4 335 319.8 303.6 273.3 252.4 234 218.5 198.1 164.9 144.2 125.6 111.8 99.6 88.7
166.1 166.8 169.7 169.3 172.4 172.1 173.1 172.2 179.7 188.2 196 202 211.5 217.1 220.6 223.6 227.8 228.4 229.6 233.6 232.5 232 234.4 235.5 238.4 241.1 243.1 247.8 248.8 257.5 268.6 272.2 279.5 283.4 286.9 288 283.9 280 279.6 279.7 286.7 298.2 307.9 315.8 322.9 346.8 354 355.9 369.6 385.4 387.3 385.2 384 382.7 378.2 386.5 394.4 403.8 402.5 392.6 382 366.5 345.2 316.9 299.3 305.4 290 274 253 228.2 202.9 188.7 174.6 150.4 130.6 113.9 105.6 96 73.9
137.2 147.8 150.5 162 171.6 180.3 186.5 196.2 201.8 209.3 214.4 222.9 232.8 236.3 235.4 244.4 246.2 246.1 248.5 250.9 253.6 254.6 255.4 256.6 257 256.8 258.1 259.6 260.4 261.9 262.6 261 257.8 261.7 261.8 266.3 268.1 271.3 270.1 272.6 275.9 289.1 297.3 298.5 317.6 328.9 347.7 357 362.5 367.6 376.5 376.3 376.9 379.8 364.3 364.1 376.8 389.4 395.4 383 359.3 335.9 316 302.2 275.7 276.7 267.6 253.5 236.5 202.2 182.7 162.5 145 130 121.8 116.5 125.6 107 83.7
158.3 166 173.5 180.1 189.8 198.3 201.7 207.6 211.2 217.9 221.8 231.3 241.3 244.4 246.4 251.7 257.8 262.6 263.1 263.6 266.8 268.1 270.4 270.1 269.5 273.8 273.5 274.5 275.7 281.7 278.7 278.6 272.8 267.6 264.8 265.1 263.5 264.9 267.6 270.3 276 285.6 288.7 301 324.1 335.2 335.4 337.9 347 347 349.8 352.3 364.2 367.4 351.3 342.2 348.4 366.9 357 348.4 326.8 303.9 297.4 272.2 256.5 238.6 229.5 218.4 196.1 175.9 156.6 141.5 136.5 129.7 120.1 122.9 115.2 97.1 75.5
170.1 178.9 189.9 200.2 210.4 223.9 231.3 238.7 240.2 244.2 243.6 252.1 259.2 260.6 265.7 275 287.3 289.9 286.9 286.6 284 284.6 289 286.2 282 283.4 286.5 287.9 293.3 300.5 296 293.8 291.6 285 282.3 282.9 285 277.8 271.4 271.4 279.7 277.6 289.1 317.2 336.2 352.9 349.1 342.1 339.6 330.9 334 333.6 334.3 337.5 337.8 330.6 317.5 315.1 319.6 308.4 299.7 281 257.8 246.3 233.4 224.8 204.1 188.5 171.9 160.7 150.3 137.8 129 122.4 120.1 107.4 90.8 69 58.4
185.3 201.3 217.7 231.6 248.6 251.7 266.2 267.5 275.5 277.5 282.4 287 288.3 286.8 291.5 299.5 309.1 312 308.5 307.5 310.9 315.3 312.3 308.4 301.4 293.9 300.1 301.6 306.7 314.1 319.1 318.5 317.9 310.2 308.5 301.2 299.7 300.6 293.9 287.5 279.1 277.1 291.9 313.5 333.4 348.9 352.7 347.7 341.2 325 312.9 316.1 312.5 312.2 319.9 312.1 301.9 289.7 278.5 269.9 260.2 246.5 228.8 218.5 214.2 210.2 192.3 178.2 171.6 166.8 156.7 133.4 123.9 116.9 115.1 95.5 71.9 54.3 46.8
197.3 223 241.8 255.3 262.5 280.1 289.5 291.9 305.6 307.9 309.6 316.9 320.3 319.1 321.8 328.3 331.6 332.4 327.1 330.6 331.9 340.7 342.2 338.1 323.7 318.2 314.4 318.3 325.1 341.9 343.2 339.4 344 346.9 346.2 334.3 327.9 318.6 309.6 302.2 295.2 293.2 291.5 290.3 300.6 317.2 324.9 335.2 326.5 326.8 311.4 301.4 293.4 287.5 286.5 287.4 279 266.1 254.3 240.3 234.5 225.7 210 198.6 193.4 188.2 185.6 179.8 166.6 160.2 141.6 122.4 112.6 100.6 87.3 72.6 58.5 42.5 33.6
200.8 239.1 257.4 265.6 282.3 293.2 314 326.6 332.8 336 336.7 340.1 334.3 337.2 345.7 350.3 348.2 344.8 353.8 353.9 358 360.6 361.3 355.3 345.9 333.9 337.9 338.5 347.8 353.9 357.2 372.6 374.6 379.3 375 365.1 349.7 331.1 331.2 316.1 312.1 308.2 305.7 303.6 304.1 302.7 303.7 308.3 314.7 319.5 306.9 296.9 287.7 279.1 273.2 265.7 255.5 248.5 236.5 222.2 212.9 203.2 197.1 192.5 189 187.6 186.9 175.6 161.9 154.8 133.6 116 104.2 84.7 69.1 58.8 42.3 32.6 22.3
199.4 244.6 266.3 280 298.2 316.8 327.7 336.9 340.6 342 347 348.3 350.5 355.4 359.3 362.8 358.2 363.9 371.6 371.6 371.9 372.1 374 370.9 356.8 363.9 363.2 370.4 360.6 362.4 376.2 391.4 396.4 399 399.8 383.9 364.1 362.2 350.6 337.6 329.7 330.9 335.7 333.9 324.4 319.7 315.4 310 305 298.4 294.7 291.2 285.7 278.8 265.5 254.5 244.4 234.9 225.5 217.4 204.9 197.4 192.1 188.3 187 180.4 170.4 160.2 156.1 151.7 137.6 115.9 91.4 77.6 65.1 47.9 38.4 26.1 19.6
190.4 229.6 263.8 279.2 308.8 323.6 338.5 350.7 353.7 356.6 355 359.2 362.2 370.4 373.6 369.2 372.6 379.6 383 384.7 383.9 380.4 372.3 361.5 360.1 368 382.8 380.3 382.3 387.4 404.5 413.3 411.6 411.5 409.4 392.4 396 381 372.3 369.1 359.5 359.6 354.3 358 350.9 350 342.5 336.4 324.5 313.6 303.1 296 292.7 281.3 270.5 260.5 250.7 241.1 231.6 221.3 207.3 191.1 184.3 179.3 174.2 166.5 156.3 147.2 143.5 133.3 119.6 107.2 88.7 72.6 58 42 29 17.9 9.5
186.4 216.1 262.8 280.7 305.2 319.3 342.8 357.6 364.9 369.4 370.7 373 374.6 380.2 380.3 378.2 389.3 396.7 391.3 390.4 380.7 369.5 366.4 366.6 366.6 372.6 382.8 398.8 400.4 399.6 416.9 425.8 426.2 420.9 405.1 412.1 398.9 405.7 401.2 403.9 400.5 391.2 387 374 370.3 363.1 363.5 358.8 346.2 337.9 329.5 317.1 306.5 295.8 284.4 271.9 259.5 247.8 233.8 217.9 206 191.3 180.9 170.8 162.5 152.7 140.3 130.4 126 116.6 105.7 93.3 80.9 69.4 50.2 35.6 21.3 11.4 2
180.9 209.5 259.7 278.8 289.2 309.9 339 363.7 373.6 384.8 382.4 387.8 385.8 388.8 385 386.5 395.4 401.1 399.4 390.9 378.6 377.9 375.3 383.2 387.4 391.6 406.4 414.4 423.5 427.6 431 434.6 432.9 417.8 418.8 428.4 432.7 437.9 448.5 445.3 433.4 420.4 413.9 403.9 403.3 396.4 387.7 381.1 376.4 373 357.2 349.6 343.1 325.1 307.5 290.6 277.7 261.2 247.1 229.5 215.7 202.5 186.8 173.6 164.9 156.6 133.2 117.6 113.7 107.3 97.4 88 79.5 68.7 50.2 28.2 15.5 6.3 -1.2
169.3 198.7 247.5 262.7 272.2 305.9 341.2 372.3 383 390.1 393.3 405.8 409.8 409.1 405.7 406.9 406.9 404.8 406.3 396.5 392.5 395.7 395 406.8 413.8 427.2 432.9 437.2 445.2 447.1 443.9 438.3 430 425.5 440 451.1 458.3 457.1 468 464.4 453.7 445 448.6 445.1 438.1 431.6 414.4 408.8 400.6 394.1 386 381.7 375.1 355.8 337.7 324.3 302.8 294.6 277.9 263.3 246.2 232.7 212.8 199.7 181 155 134.2 119.3 99.3 93.4 89 83.6 72.6 64.6 51.5 31.3 10.5 -1.2 -1.2
161.9 186.3 218.6 241.2 259.3 291.2 326.1 353.3 375.5 390.2 403.8 412.1 420.7 426.6 427.4 427.2 424.7 422.7 414.5 415.3 409 419.1 413.3 418.3 435.7 446.8 450.5 451.8 454.1 448.4 441.2 434.2 433.9 441.5 460.9 469.6 470.5 476.1 487.8 485 472.8 476.3 490.8 492.8 481.7 458.9 452.5 444.9 437.1 425.4 412.9 407.2 401.1 384.5 379 345.5 340.5 325.5 311.9 296 270.7 253.5 237.1 223.2 203.9 179.3 153.3 134.3 111.7 92.5 76.2 61.5 60.6 55.2 45.7 27.7 8.2 -1.2 -1.2
145.5 160.7 194.7 219.3 245.8 268.9 302.7 345.8 373.9 391 408.9 422 428.6 432.8 438.4 439.6 436.4 439.6 440.9 447 438.4 429.7 434.4 438.4 447.2 460 461.6 454 448 437 436.3 440 450.7 458.5 456.9 467.1 479.9 488.6 498.4 503.2 493.1 512.5 512.5 518.6 512.8 495.9 495.6 477.3 465.3 455.7 443.8 426.6 419.2 418.3 399.9 391.8 372.8 360.1 337.4 318.3 301 281.4 259.5 236.9 218.1 202 179.3 148.7 134.1 119.6 99.6 80.3 56.7 32.3 27.6 14.9 10.3 -1.2 -1.2
127.8 143.6 171.3 194.7 229 256 287.2 325 363.2 375.2 398 409.6 419.4 427.9 429.2 442.4 448.7 454.8 451.4 458.8 459.9 462 461.9 469.9 462.7 465 463.9 448.5 434.3 430.5 432.5 452.6 459.9 467.9 474 475.6 491.2 498.8 506.3 525.1 532.1 534.5 531.3 530.6 526.6 525.3 518.8 500.4 490.3 483.6 470.3 457.4 453.9 430.4 422 397 383.5 371.2 338.3 322.6 303.9 292.5 276 249.6 231.7 210.7 186.2 162.3 140.7 117.1 104.8 86.5 71 61.4 49 31 8.5 -1.2 -1.2
113 126.4 147.6 180.9 209.3 247.4 277.8 314.4 336.9 355 369.3 382 407.1 420.2 428.7 440.1 446.3 446.1 456 466.2 471.3 472.6 471.9 470.4 471.7 468 457.1 437.5 423.7 425.4 438 457.6 473.9 483.2 490.1 507.2 520.7 525 531.3 528 543.8 548.4 546.8 539.1 533.8 524.1 508.1 498.6 495.8 484.1 469.6 461.2 451.2 442.2 415.3 384.9 361.9 337.1 331.9 317.4 304.7 290.5 273.7 259 238.1 214.2 189.2 166.3 148.9 131.8 107.2 92.6 78.5 67.6 59.5 41.4 20.1 -1.2 -1.2
