data/NN06.asc
ncols 200
nrows 200
xllcorner 200000
yllcorner 760000
cellsize 50
[rows 144 to 179 of 200, columns 80 to 159 of 200]
119.5 111.5 110.9 111.1 111.9 112.5 112.2 111.8 112.1 112.8 116 114.3 115.3 119.1 120.5 123.5 132.3 137.3 142.8 146.1 147.4 151.6 156.2 165.7 171.8 173.2 166.6 165.8 172.5 183.4 187.1 195.2 201.5 204.1 205.7 204.1 199.6 192.8 189.9 174.7 165.5 164.2 165 166.2 164.4 155 139.4 135.3 133.5 133.5 132.3 132.4 133 134.2 134.4 136.5 137.8 140.1 146.8 154.2 168.6 187.9 200.9 218.6 233.4 242.1 252.2 256.3 258.9 265.7 271.2 281.1 292.1 300.1 307.2 315.9 327.2 331.8 338.5 347.9
112.8 110.8 111.1 111.3 111.6 111.8 112.4 113.8 116.3 120 122.9 119 121.2 122.5 128.7 140.4 151.7 161 165.2 166.4 172.7 180.2 184.9 199.6 208 208.6 201.2 194.4 197.1 198.8 205.3 211.4 219.4 219.5 217.8 219.4 217.2 215.4 203.6 184.8 173.8 173.2 176.2 174.5 170.4 152.6 144.2 139.3 139.4 141.6 141.3 140.9 138.4 136.8 136.9 142.9 147.9 148.8 159.2 170.8 184.7 199.5 217 229.6 239.8 245.4 251.3 257.6 267.9 273.8 279.6 288 295.1 306.6 316 333.6 343.5 349.4 355.5 365.1
114.2 111.8 112.4 112.3 112.5 114.3 118.4 135.7 139.1 137.3 134.2 131.9 131.2 140.1 152 158.7 165 166.5 174.1 181.5 192.1 208.4 216.3 225.8 230 229.7 225.8 227.4 229.8 223 229.3 235.2 236.3 238.4 239.9 244.1 241.6 227.2 215.8 200.4 189.1 186.5 185 182.8 167.4 165.3 161.1 150.4 145.7 146.2 147.9 147.5 144.4 141.9 145.9 150.9 156.6 158.7 176.3 190.3 204.6 215.5 223.3 234 240.1 250.5 259.7 266.8 271.2 279 286.9 294 306.4 317.5 329.3 347.4 358.5 362.6 365.8 378.7
121.1 116.4 116.5 116.1 123.4 134.8 146.8 151 148.4 148 145.5 151.4 158.6 168.3 177 181.3 188.2 195.4 196.4 204.5 216 231.6 243.9 251.5 251.8 261.3 260.9 258.9 256.8 251.4 250.1 247.1 251.8 260.6 266.7 258.6 248.3 231.5 221.5 213.1 204.8 199.4 192.2 179.9 181 176.7 170.1 158.2 158.4 154.9 151.7 155.6 150.9 154.2 157.8 164.5 167.7 176.4 185.3 198.8 212.1 221.4 229 237.9 249.9 258.6 265.7 271.9 277.4 285.8 296.7 306.6 318.3 330.5 343.7 356 365.4 369.3 372.7 388.3
127.6 125.6 126.8 135.7 146.1 161.2 176.4 163.7 165.1 163.9 177 182.4 187.7 195.8 202.9 209.9 219.4 222 232.4 234.9 243.8 261.1 268.7 274.3 282 285.7 287.4 283.9 270.6 265.6 264.3 261.8 270.2 281.5 275.8 265.4 251.4 238.8 229.8 225.2 218.8 210.4 204.9 200.2 199.3 192.5 180.9 170.5 167.3 166.7 168.1 168.5 161.2 170.5 173.1 179.8 184.5 195 202.2 204.3 219.2 231.1 237.3 245.6 255.5 264.3 271.1 277.8 283.9 292.9 304.3 315.3 327.8 339.2 351 364.6 374 376.5 383.4 398.4
149.6 146.9 148.4 159.1 178.8 187 183.9 181.1 181.4 189 197.9 209.2 219.6 231.1 241.2 243 245.4 251.3 256.3 261.4 269.2 282.3 294.1 307.3 307.9 312.5 310.6 296.1 286.9 286.3 279.2 279.4 287.5 289.4 287.8 272.4 262.5 249.5 240.8 237.5 225.2 219.9 219.1 217.6 213.4 201 189.6 181.5 182.6 181.3 177.2 181.1 177.8 176.9 183.7 191.9 196.7 203.1 209 218.2 224.7 235.9 243.7 252.9 259.8 267.2 274.6 282.4 291.4 302.4 314.3 325 336.5 349 357.7 371.5 385.2 382.9 394 405.3
161.4 165.1 180.5 193.9 202.7 200.8 194.3 199 202 215 227 235.6 243.3 255.6 258.6 257.2 262.2 270.4 278 284.2 293.9 309.2 320.2 326.3 330.4 331.2 316.7 302.8 302.1 300.3 297 299 304.3 302.1 294.4 283.6 271.4 260.3 247.8 237.2 234.8 235.5 235 230.1 219.8 208.2 195.1 181.3 192.8 190.5 189.2 189.2 189.8 191.5 194.1 200.2 208 213.5 219.1 226.9 234.8 241 249.4 256.1 262.8 269.4 277.7 288.7 300.1 314.2 326.3 334.4 345.5 356.9 361.8 370 382.2 391.2 413 417.6
181.3 200.7 210.5 218.6 221.8 213.8 209.8 215.7 226.5 239.7 242.8 249.4 259.3 264 264.5 270.1 281.8 287.2 293.8 300 315 330.3 338.9 344.9 342.6 333.7 325.8 324 319.6 313.3 318.3 320.4 324.5 313.8 300.4 287.6 279.9 272.4 264.5 251.9 249.3 249 241.4 234.8 223.3 212.8 205.3 202 200.3 198.7 193.4 198.4 199.7 197.8 205.8 211.6 219.6 222.4 227.4 236.1 245.2 251.2 259.7 264.8 273.3 278.1 285.8 294.3 306.9 321.8 333.1 343.8 357.4 367.1 376.1 388.4 392.6 394.4 418.9 421.2
208.8 218.5 223 227.8 226.1 210.3 217.9 230.2 241.1 245.3 249.5 257.4 262.2 266.7 279 289.8 294.3 295.7 299.6 318.8 335.6 344 351 351.7 350.6 349.1 341.4 332.5 324.9 327 332.2 337.9 326.8 310.2 303.2 298.5 297.9 294.6 282.4 267.3 268.2 261.2 250.6 238.2 230.2 220 210.7 210.8 210.1 210.1 205.6 207.2 211.8 213.1 217.7 223.8 230.1 235.4 238.1 248.3 257.8 267 270.8 273.4 282.5 290.6 299.6 301.1 312.9 330.2 343.9 356.4 370.1 382.8 390.6 398.8 402.1 404.8 427.7 430.5
217.4 226.1 233.9 240.7 227 215.4 225.9 239.2 248.7 249.2 255.9 267.7 273.3 279.2 289.9 296.7 306 311.2 324.2 335.4 352 359.4 362 362.2 361.1 360.4 349 339.4 341.2 344.6 344.4 337 332.6 333 327 324.4 317.6 308.1 287.7 281.7 281.6 274.7 264.2 247.7 235.6 230 226.9 222.4 221.4 221.8 213.6 213.6 220.2 222.9 233.4 237.1 240.1 247.4 252.2 261.4 269.2 277.1 281.2 283.3 292.2 301.3 313 314.2 324.9 338.1 352 364.6 379.1 393.9 401.6 407.6 411.4 420.9 438.9 444.3
227.9 231.1 243 244 222.1 222.7 237.3 256.9 257.5 261.5 275.5 271.5 274.9 282.6 294.8 305.4 315.9 327.6 340.8 353.5 362.7 368.3 372 370.8 373.9 366.6 349.9 353.7 348.4 354.1 357.6 356.8 356.7 354.6 345.7 342.9 326.2 328.3 301 302.7 302.4 291.6 276.2 259.2 246 246.7 243.6 236.4 234.3 233 221.8 222.1 231.1 239.8 241.1 244.7 250 256.2 261.2 271.7 282.6 288.4 295.3 296.5 308.1 308.1 319.2 325 334.2 346.3 356.3 368.6 384.9 396.2 403.7 412.7 421.7 436.2 451.6 461.1
241.7 244.9 251.9 244.3 226.2 231.5 241.6 255.9 261.8 261.8 266.5 271.1 279.6 292.3 305.2 316.5 329 343.2 353.2 361.8 370.8 377 377.3 380.9 381.6 365 357.9 355.9 360 362.9 364.4 367.1 371.6 356.5 346.1 340.6 345.2 324.2 317.4 318.7 314.1 307.8 293.8 267 264.1 264.7 252 246.1 245.4 243.2 227.9 229.5 239.3 244.4 247.7 252.7 259.1 265.7 272.9 283.5 292 302.8 310.1 314 319.1 320.9 325.6 337.2 346.3 358.3 369.7 378.9 391.5 405.1 420 432.6 436.5 449.7 464.9 476.5
248.3 254.8 267 245.5 234.2 237.9 246.4 259.9 263 268.3 270.9 278.7 289.6 302.5 317 330.5 340.8 350.8 358.4 366.2 376 380.9 382 384.5 368.7 364 363.4 358.5 361.7 364.6 370 374.2 364.4 354 352.3 350.3 341.3 333.3 334.8 332.6 328.8 321 294.7 284.3 287.5 281.7 259.4 260 258.8 252.8 236.9 243 247 255.1 259.8 265.4 268.2 275.7 286.5 292.6 301 314.8 324.6 329.1 331.8 335.2 341.8 351.7 363.4 375.3 387.9 398.2 411.8 426.3 439.3 451.9 457.2 460.6 479.2 493.5
275.3 280.4 264.1 243.7 237.7 247.1 254.4 259.5 266.8 273.2 281.2 290.2 307.4 314 325.9 342 349.3 355.7 362.7 371.2 378.4 382.6 382.6 372.6 372.5 368.1 357.2 358.8 360.8 367.7 370.9 367.3 366.8 357.9 360.7 358.9 348.3 338.4 342.2 345.8 337.4 323.9 314.4 303.6 302.5 290 276.4 274 271.7 261 248.8 254.8 261.1 269.4 274.4 275.7 283.1 291.8 304.4 310.6 314.3 327.9 339.8 343.3 346.9 352.1 361.9 373.2 386.6 398.3 409.6 421.9 438.1 450.9 459.3 471 477.6 480.3 490.2 506.4
288.8 276.4 268.4 259.1 242.4 254.5 258.7 264.9 274 284 289.8 302.1 311.2 323.5 336.5 343 347.2 352.4 365.1 371.6 376.5 377.5 367.8 369.2 366.6 361.8 353.8 357.8 362.9 370.6 366.2 366.6 365.7 366.2 371 360.7 349.1 349.9 351.3 348.5 347.6 336.8 334.6 321.1 311.8 294 290.8 289.4 284.7 273.7 268.3 273.9 287.1 290.3 292 293.1 304.1 312.2 324.9 331.5 338.5 346 363.5 365.5 368.7 374.8 386 395.5 406.5 418 430.9 443.9 459.8 473.5 489.3 498.1 503.3 505.4 515.6 537
292.8 273.3 266.9 260.1 259 255.8 265.8 268.5 268.1 280.7 292.7 301.3 312 321.9 327.1 333.8 343 354.4 361.2 367.3 371.1 361.8 358.8 361.7 362.5 351 350.9 347.1 358.2 364.6 366.3 369.3 371.7 371.2 365.4 355.3 356.2 354.9 359.2 360.3 358.2 353.4 350.2 336.1 316.4 306.9 308.2 306.2 301.5 283 283.6 291.1 304.2 311.2 318.3 322.8 330.8 341.3 349.6 358.4 368.1 373.8 380.6 382.7 388.5 395.1 401.9 413.9 427 439.5 451.1 466.1 482 499.8 515 524.6 528 529.7 530.8 556.4
285.6 263.8 262.4 256.5 256.7 261.5 269.8 265.7 264.2 278.4 294.1 302.4 307.1 313.9 318.6 327.2 336.7 346 354 358.9 350.6 346.4 348 356.8 347.8 343.5 339.3 339.7 356.5 368.3 374.4 373.7 372.2 372.3 365.7 366.3 360.4 370.8 370.2 369.7 368.2 363.4 356.1 342.5 325.4 322.5 324.6 323.1 316.8 294.1 303.8 313.4 329.8 340 350.4 356.3 358.5 364.5 371.6 377.7 390.9 395.1 397.6 402 410 414.8 421.2 433.2 445.2 458.8 473.2 487.3 505.4 524.9 539.9 553 554.1 551.3 547.3 574.1
273.7 260 250.8 252.8 252.1 249.3 249.7 255.6 266.1 276.8 282.5 291.4 297.3 297.8 308.4 317.2 322.8 327.2 331.7 332.8 326.6 327.5 343.8 347.1 341 336.9 335 352.3 369.7 377.5 377.5 371.4 380.2 374.5 371.5 366.3 372.5 377.9 377.5 378.9 369.3 371.2 365.6 352.5 344.1 337.1 342.5 339.8 321.4 313 324.2 339.5 355.7 364.3 370.3 377.3 382.7 387.6 390.7 399.8 409.1 413.8 418.9 425 429.6 435.7 443.1 456 465.3 473 488.9 504.7 528 549.4 565.2 571.8 570.9 573.8 566.2 587.3
265.8 259.8 247.6 245.3 240.2 229.5 238.3 242.8 251.5 263.3 263.8 272.5 273 279.2 288.3 299.3 305.5 312.8 308.9 299.5 308.1 330.9 338.9 337.6 334.2 330.9 347.9 362.7 372 374.8 367.8 369.4 373.5 369.3 367.6 368.9 377 379.8 381.1 386.1 375 377.4 377.9 372.8 362.6 353.5 359.4 346.8 326.1 334.2 344.3 359.2 372.8 381.9 390.3 395.9 404.9 408.5 410.3 419.7 427.8 432.8 440.3 445.6 448.7 452.7 461.5 473 478.6 491.1 506.8 525.8 549.3 572 583.5 591.1 593.9 591.6 581.4 599.4
264.2 245.4 250 233.7 214.8 212.9 222.6 225.2 234.5 241.6 245.1 247.5 258 263.1 267.2 273.7 272.7 276.9 283 298.2 315.1 322.6 324.9 326.6 326.2 337.1 349.9 356.6 360.7 365.6 363.4 367.2 364.2 367.3 368.8 372.5 381.2 383.4 388.5 387.1 382 391.6 396.7 384.2 375.8 368.5 364.6 350.4 341.6 349.8 358.2 370.3 383.7 399.3 408.7 416.2 422.8 420 429.6 438.8 445.1 451.5 456.3 459.4 459.1 465.1 478.5 489.4 497.6 508.8 527.2 541.5 565.2 586.3 597.9 605.4 604.3 604.9 600.9 604.3
238.8 246.6 234.5 215.3 202.4 196.8 197.1 200.9 209.4 218.9 227.6 233.1 237.9 243.1 248.4 252.5 269.1 276.2 284.8 291 299.6 307 315.7 317 326.5 339.7 346.9 350.3 350.2 352.3 351.1 355.1 361.8 367.1 373.5 381.6 389.1 381 376.8 378.4 387.4 403.1 404 396.9 385.7 375.1 365.3 354.5 355.5 363.9 374.1 387.2 396.8 414.5 424.2 430.5 433.3 433.9 443.3 454.9 464.3 466 470.8 474.9 477 480.8 493.5 501.8 516.4 527 538.8 551.6 576.3 593 606.9 612.1 612.9 610 604 603.2
224.1 234.5 205.2 189.6 178.4 173.8 164 168.5 188.5 200 206.5 218.9 220.6 227.9 236.1 247.1 259.9 271 278.8 284.4 292.8 303.4 306.1 314.5 319.9 320.3 326.8 332.3 335.1 338.2 346.6 353.8 362.7 368.6 376 381.8 376.9 368.9 372 384.6 396.1 405 408.4 405.2 384.3 365.6 358 361.4 366.7 372.7 387.7 397.4 412.9 426.3 433.4 437.4 436.9 439.7 450.7 460.8 468.5 471.7 474.9 483.7 485.2 493.1 504.1 518.7 533.6 538.1 553.2 558.3 573 595.4 607.4 613.2 612 604.6 597.2 595.1
208.3 199.6 174.2 171.5 158 151.5 146.2 155.1 170.3 189.9 199.2 205.3 209.5 214.4 227.2 243.9 258.8 269.4 272.6 279.3 289.1 292.8 290 290.3 292.7 303.8 312.4 312.2 319 327.9 340.1 345.6 352.5 363.5 367.6 371.2 361.9 371.6 376 383.6 398.7 409.5 411.1 388.7 358 342.5 354.8 367.3 373.6 376.8 394.1 406 418.9 428.4 434.6 437.2 438.1 452.9 452.2 461.8 469.3 476.5 480.9 488.5 496.1 502 516.3 531.1 544 555.1 559.7 561.4 573.4 597.3 604.8 606.9 604.7 593.6 580.3 584.6
180.1 159.7 156 149.3 139.8 127.7 131.8 148.6 169.6 179.8 180.9 187.2 193.4 210.4 226.2 241.4 249.2 251.1 259.6 269.3 270.2 269.2 271.1 274.9 272.3 284.7 291.4 300.7 306.7 312 324.1 336.2 348.4 353.8 361.9 361.7 359.2 374.6 372 375.6 395.5 400.1 383.3 347.2 336.4 330.9 353.1 363.1 361.3 374 390 402.1 417.4 424.8 433.8 435.6 449.3 462.6 464.7 468.9 474.1 482 488.1 495.2 507.2 511.5 521.1 538.4 553 568.8 561.9 562.6 578 598.7 603 603.7 594.4 579.9 569.8 574.5
143.3 129.8 131.5 125.5 121.1 111.5 134 145.7 150 152.3 159.7 167.3 187 197.7 209.3 221.2 222.1 230.1 238 248.3 246.6 253 257 257.3 249.3 264.7 272.3 280.8 289.4 301.1 313.3 325.4 337.1 348.1 355.5 344 359.4 353.7 362.1 376.7 379.5 376.4 350.6 320.3 317.1 322.3 341.9 336.3 346.2 363.1 378.6 396.1 410 414 426.4 438.1 458 468.2 475 475.1 480.5 482 490.3 502.5 512.7 517.5 528.7 544.4 560.8 567.5 558.9 558.1 582.4 588.4 592.2 592.5 577.5 569 559.3 561.4
107.8 97.7 104.5 99.1 96.6 119.2 127.3 125.2 124 131.5 143.3 162.8 169.7 178.4 191.5 191.9 201 209.7 221.7 218.3 234.6 234.7 234.1 227.7 222 236.9 250.4 261 270.3 287.8 303.8 315.9 329.8 328.3 333.6 332.8 336.7 342.8 345.5 355.6 352 338.9 315.4 296.3 298.8 317.5 319.4 315.7 334.8 344.9 356.8 380.7 395.6 410.3 420.7 436.3 456.3 467.4 476 475.7 481.7 482.9 489.2 500.3 510 515.9 534.5 553.5 566 556.5 553.8 555.1 581.2 586 579.8 568.9 561.1 551 545 537.1
75.2 71.6 74.7 85.3 95.6 97.4 101.3 103.1 110 126.6 132.1 141.2 153.2 162.8 167.2 178.4 182.1 191.7 195.3 191.6 203.7 203 200.5 202.5 202 214.5 229.7 245 259.5 276.5 291.4 303.7 310.7 311.4 302.2 308 314.4 320.4 327.7 325.3 315.3 306.9 292.4 274.2 290.9 304.9 297.8 302.2 309 323.7 351.3 373.1 386.6 400.1 413.5 435.9 453.5 466.9 474.4 472.1 471 475.8 484.2 503.7 517.8 522.8 537.8 552.6 558.4 542.8 546 557.6 571.5 573.1 558.7 547 538.9 535.9 535 516.4
46.1 52.6 65.3 69.5 75.4 80.7 84.8 95.3 107.6 115.1 115.3 130.7 139.3 139.4 145 152.2 161.6 168.8 170.9 175.3 183.6 172.2 178.7 182.3 176.3 195 214.8 226.2 241.9 254.3 266 274.1 276.9 276.9 270.9 277.5 289 296.9 297.7 288.7 279.2 280.8 272.9 261 280 288.7 280.5 279.3 301.3 329.1 349.9 366.3 380.9 392.6 408.1 426.2 443.4 458.1 464.6 459.4 462.7 468.1 486.8 498.9 507.9 515.5 534.8 549.7 538.5 530.4 537.1 553.9 552.8 548.3 532.8 531.9 523 520.3 511.7 489.9
31.5 39.8 48.3 53.9 59.5 69.1 78.8 88.4 92.8 97.6 108.8 112.8 118.9 124.3 132 141.2 144.9 148.7 137.5 147.6 150.1 154.1 157.7 152.2 165.8 178.7 189.7 207.3 220 233.9 244.6 250 248.5 245.2 241.1 246.5 259 257.9 255.4 251.5 255.7 256.1 257.3 245.5 263.5 269.6 263.4 270 292.1 319.2 342.9 363 376.3 386.3 402.7 417.3 430.8 440.2 448.4 446.4 454.8 463.8 479.9 491.1 496.4 509.6 523.3 534.7 519.5 517.1 526.2 534.7 528.7 517.1 514.1 509.4 505.2 507.2 493.7 466.2
26.1 29.4 37.5 51 55.5 59 65.6 75.8 89.3 96.2 98 104.9 109.1 114.3 120.7 119.9 121.5 120.3 127.2 129.3 132.9 136.2 135.7 136.5 141.6 159.4 176.9 190.4 199.8 201 219.8 216.4 204.5 212.5 199.8 211.2 217.8 220 226 228.8 231.5 235.2 236.9 218.4 242.8 247.5 234.2 257.3 280.3 306.7 332.4 353.5 363.8 378.2 391.2 405.3 416.6 427.1 432.8 431.8 442.8 455.7 467.2 477.6 484.8 496.9 512.1 515.7 504.6 502.8 515.1 515.1 504.2 501.5 489.8 487.5 487.5 485.7 467.6 445.4
8.8 10.3 26.1 37.9 40.8 52.4 65.9 75.6 81.5 90 99.6 100.6 93.5 94.1 94.7 97.7 100.8 108.4 112.5 116.6 117 117.4 118.7 119.6 122.5 134.7 154.1 161.5 161.8 166.9 173.6 168 171.6 166.8 173.6 181.9 184.9 196.9 204.9 206.3 211.3 216.6 217.8 203.2 223.1 227.7 224.4 248.7 268.8 295.6 318.8 341.5 352.9 366.3 377 391.5 404.1 411.8 415.8 420.7 430 445.9 456.3 467.4 475.8 495.7 497.5 484.9 478.8 484.4 497.8 494.6 486.8 477.8 469.7 471.6 468.1 456.8 442.3 427.7
2.2 5.8 7.7 9.6 21.6 42.5 50.3 74 90.8 93.3 82.1 78.4 73.7 77 81.1 82.4 86.3 90.5 93.7 100 99.5 101.3 100.3 94.5 101.9 111.7 119.8 115.7 120 128.7 127.2 131.2 138.6 143.2 156.3 164.3 165.8 177.6 185.1 189.8 195.2 200.2 194.7 188.6 201.3 192.1 216 237.5 261.8 288.3 311.4 327.6 341.6 353 364.7 378.6 385.4 394.1 402.5 406.9 420.2 437.2 450.5 454.5 463.2 473.7 465.3 465 461.4 473.6 481.8 480.2 470.4 459.5 452.9 450.1 445.8 435.8 418.2 411.8
-1.3 -1.3 1.8 6.2 9.4 12.9 25.1 39 56.5 54.8 53.9 50 48 47.2 57.3 59.9 64.4 66.8 64.4 72.6 72.5 74.8 73.7 74.9 67.8 79.1 79.7 85.6 97.1 100.2 98.7 106.4 117.3 131.8 138.5 132.8 151.8 159 164.2 170.8 177.9 179.6 169.4 170.7 174.9 182.6 210.9 232 256 281.3 301.8 315.8 329.2 341.3 355.1 364.8 371.3 382.5 389.6 396.9 409 420.5 433.7 442.9 450.6 455.2 444.5 447.3 446.6 460.3 469.4 458.1 453.9 440.4 439 432.7 424 411.5 405 402.9
-1.3 -1.3 -1.3 -1.3 3.3 4.5 9.4 29.1 39 32.5 14.7 12.8 15.5 21 31.6 28.1 28.2 30.6 35.7 38.9 37.5 37.1 40 38.6 35.6 49.1 64.9 67.2 77.7 75.6 73.2 82 91.2 102.1 103.6 120.5 133.6 137.8 144.7 153.7 156.7 157 146.4 155 148.1 180.4 203.9 229.4 253.8 272.4 288.8 302.5 314.2 327.4 338.3 346.8 359.8 370.2 380.4 391.8 393.7 404.9 418.8 432.1 443.2 437.4 425.1 429.5 435.5 447.2 449.5 441 435.4 421 419.5 419.4 408.5 395.3 391.2 383.7
-1.3 -1.3 -1.3 -1.3 -1.3 -1.3 2.8 8.6 10.6 9.1 8.1 7.6 7.9 9 10.3 5.9 4.4 6.7 8.6 8 10.3 8.9 12.5 14.9 27.3 36.1 36.7 43.3 48.7 51.7 56.6 62.5 73.6 80.2 89.1 107.6 118.7 124.8 129.5 135.2 135.1 134.5 123.9 120.5 151.8 175 199.2 223.8 243.8 258.9 273.1 285.5 296.9 307.7 323.5 340.2 350.1 361.6 374.3 383.1 380.4 396 413 439.3 447.1 429.3 414.3 418.3 421.7 431.3 424.6 423.1 415.3 401 397.7 393.6 382.6 374.6 372.5 363.9
-1.3 -1.3 -1.3 -1.3 -1.3 -1.3 -1.3 -1.3 -1.3 -1.3 1.1 1.2 -1.3 -1.3 -1.3 -1.3 -1.3 -1.3 -1.3 -1.3 3.2 4.9 5.7 10.2 14.6 12.1 12.4 27 34.8 34.8 39.7 46.2 55.7 66.6 83 95.3 103.8 108.7 113.5 115.8 118.3 114.9 100 122.5 150.8 173.6 198.6 217.7 234.9 247.6 257.4 268.9 278.6 295.6 311.1 320.9 334 345.4 357.6 367.9 363.7 382.8 415.8 442.9 444.4 431.6 410.5 404.3 410.1 416.7 408.8 404.5 395.2 383.7 380.7 375.3 359.7 358.6 353.7 348.6
