data/NN08.asc
ncols 200
nrows 200
xllcorner 200000
yllcorner 780000
cellsize 50
[rows 105 to 139 of 200, columns 0 to 77 of 200]
288.9 282.5 269.6 259.7 251.1 240.2 232.3 222.8 212.6 210.4 216.5 229.2 241.8 256.4 272.3 289.2 307.3 332.7 345 357.1 365.8 373.9 381.1 388.7 401.8 402 402.2 401.7 404.4 403.8 404 406.5 406.6 402.1 400.5 398.8 392.9 385.4 379.3 375.9 375.5 374.9 375 378.9 378.4 379.9 381.3 386.6 397.1 408.3 412.8 423.9 435.9 444.9 457.5 472 486.2 500.2 514.9 527.1 531.9 531.4 529.2 524.3 517.9 513.4 505.7 496.8 489.8 481.6 472.5 462.9 448.9 436.1 419.7 397.7 411 430.7
269.8 264 257.9 247.5 236.9 228.2 221.7 209.1 211.8 223.5 235.6 247.6 263.3 280.9 298.2 316.5 338.8 359.8 375.3 384.5 395 402.2 411.4 419.9 420.9 413.5 410.8 411.5 412.9 411.9 414.6 419 413.8 416.4 410.1 402 393.6 387 382.1 377.5 376.3 375.7 375.8 375.1 378.4 377 376.1 379.4 386.2 395.3 402.1 410.9 424.2 433.5 444.7 458.9 470.5 482.9 493.8 503.7 510.4 512 511.7 506.9 500.9 494.6 487.9 485.4 476.3 469 459.8 452.7 442.7 428.9 412.8 390.2 396.7 415.5
249.9 248.1 240.1 234 225.1 217.3 204.4 206.7 224.7 239.4 253.2 269.5 287 306.1 324.5 343.7 365.7 386.7 404.8 416 431.1 435.9 438.9 437.8 431.5 425.5 417.9 421.4 420.7 418 422.4 425.8 421.7 417.7 412.8 406 398.7 392.5 389.3 383.3 377.5 375.7 375 373.5 372.4 373.6 371.4 373 377.8 383.9 393.6 398.8 412.7 422.1 433.5 444.6 455.9 467 477.1 484.5 490 493.2 493 490.1 488.5 481.7 479.7 475.3 465.9 459.2 449.1 442.7 433.5 420.4 406.2 385.5 376.2 395.9
238.8 228.9 223.9 217.3 209.5 200.2 208.1 227.5 242.4 258.1 276.8 298.4 314.2 332 351.4 373.8 396.6 419.2 437.6 453.4 462.7 467.1 465.8 458.7 447.5 436.9 432.3 430 428.5 428.6 434.5 432.5 421.1 416.6 413.7 409 407.3 399.2 390.8 385.1 381.2 376.7 375.5 372.2 369.3 368 366.3 367.1 371.4 377.2 381.8 387.8 401.4 411.1 421.7 432.1 441.1 450.1 460.9 468.3 473 476.7 475.4 474.4 474 471.2 469.2 460.9 455.2 443.6 435 429 421.9 409.8 397.6 379.6 362.2 387.6
223.6 216.8 210.8 198.7 194.8 207.3 228.9 245.5 262.9 280.8 298.7 320.6 340.4 360.3 382.2 408.8 436.5 454.2 474.9 491.8 500.3 500.7 491.1 480.7 461.1 449.1 441.4 439 438.5 439.4 442.7 435.8 429.8 430.3 420.8 415 406 398.7 391.6 386.8 382.2 379.4 381.1 371.9 368.6 364.9 363.3 363.4 364.7 367.2 368.9 377.2 391.1 401 409.1 418.6 426.2 435 443.9 452.8 459.1 463.1 465.5 463 460.3 454.3 451.6 444.5 437.7 429.1 420.9 414 406.1 399.8 384.5 368.8 354.3 373.6
209.6 205 193 192.2 212.8 228.8 247.3 266.8 285.6 306.1 325 343.9 365.9 392.5 418.9 445.8 472.5 487.6 511.8 526.3 528.4 518.4 505.5 491.5 477.4 466.9 454 449.5 449.5 448 441.9 435.9 435.9 431.7 423.1 413.5 406.7 402.2 397.4 392.1 386.4 385.6 386.5 377.6 369.6 365.7 363.4 361.3 361.7 362.1 363.5 368.4 381.1 392.8 398.3 406.9 417.2 424.4 431 440.2 445.6 451.3 451.1 448.5 443.5 441.6 437.9 428.1 421.3 415.3 407.4 398.4 392.4 382.7 370.5 361.5 347.9 361
193 185.6 196 212.4 229 246.9 266.1 287.2 309.1 333.5 353.4 370.3 400.1 429.1 456.8 483.2 502.9 527.4 543.4 552.3 554.2 545.3 529 516.2 506.1 495.7 478.4 472.3 463.2 454.8 450.5 446.8 443.6 440.1 431 419.3 412.7 407.4 405.5 400.5 392.3 394.7 389 381.4 375.2 367.9 364.6 362.4 361.1 359.9 361.5 362.8 372.7 384.1 389.7 393.9 404.2 411.2 416.7 425.3 434.2 437.3 439.1 436.4 432.8 427.1 421.5 414.5 408 396.9 390.9 383.5 375.7 366.1 358.1 351.4 338.9 344.7
187.7 202.8 218.3 233.9 250.6 268.1 289.2 313 334.9 360.1 384.4 416 438.1 462.8 488.5 518 545.9 563.8 575 582.1 581.6 575 559.1 548.9 532.9 519.6 501.1 487.9 478.3 467.1 459.9 454.4 449.3 444.6 437 427.6 419.1 414.2 412.9 405 398.1 397.8 391.5 388 380.1 373.5 369 367 363.6 362.2 360 360.8 364.6 371.8 378.9 382.8 390.1 398.9 404.4 412.1 420.9 425.8 427.3 423.8 420.2 414.9 406.5 397.2 389.7 380.8 374.6 365.8 358.7 351.7 344.3 338.8 330.8 331.3
205.1 220.4 237.4 257.2 276.6 295.2 315.9 341 366.2 391.7 421.6 453.2 471.1 496.1 523.5 559.2 581.5 597.5 606.8 611.4 607.6 602.6 590.3 571.7 549.1 526 508 493.4 480.6 471.6 465.8 460.3 455.9 451 441.4 432.9 426.5 423 424 413.1 409.1 402.8 401.9 394.9 391.6 379.4 377.4 373.2 369.3 365.7 361.3 360.4 360.5 362.5 366.6 370.3 376.9 384.7 393.2 399.9 405.4 411.7 412.7 408.7 407.9 399.1 391.4 380.4 372.9 365.9 358.8 351.6 345.8 334.3 328.9 325.2 319.9 320.3
223.8 244.5 261.8 284.6 302.6 321 344.2 368.3 396.1 426.9 466.2 493.2 515.9 534.6 564.1 597.2 612.4 628.4 638.1 636 632.2 623.3 610.2 596.1 573 544.9 522.8 509.5 496.5 482.3 474.8 469.9 461 455.1 445.5 439.6 433.7 428.2 424.7 421.2 417.8 413.6 406.8 400 390.7 385.5 382 379.1 376.8 373.3 367.3 359.7 358.8 357.8 362.3 357.3 364.5 374.6 381.1 387 392 395.4 398 395.5 387.8 384.2 376.8 366.5 357.5 350.2 340.9 333.8 327 320.2 317.2 312.7 309 306.9
247.8 269.6 290.6 310 328.8 351.2 379.1 405.4 433.5 474 505.5 534.1 555.3 574.1 605 627.9 641 650 652.9 651.3 644.8 638.5 624.8 606.8 589.1 560.3 541.3 525.4 505.9 491.4 480.1 472.9 465.5 460.5 455 449.6 440.4 438.6 437.2 427.1 426.4 422.1 412.5 401.2 395.2 391.5 386 383 382.9 378.3 373.1 364.8 355.1 352.3 351.5 350.5 352.9 361.8 373.1 377.8 378.7 380.6 377.9 373.6 367.1 363.9 358.1 349.5 337.6 329.4 323.3 316.2 309.3 303.5 302 300.8 296.7 294.3
276.5 300.7 319.3 337.5 356.1 391 415.3 444.4 475.7 506.2 535.6 565.8 586.4 608.9 630.7 643.7 652.9 659 661.4 660.6 657.3 653.5 639.7 615.4 599 574.3 550 532.7 519.7 509.7 492.9 480 476 468.6 467.7 462.4 452.4 447.1 441.7 438 431.6 419.6 410.9 408.6 401.6 396.3 391.1 386.1 386.1 382.5 374.7 366.8 359.4 351.9 350.2 347 345.6 351.4 357.6 361.8 362.4 363.8 361.3 357.6 348.9 344.1 337.7 329.9 318.7 314.3 310 303.4 296.9 293.2 293.1 290.2 284 290.7
307.6 336.6 348.3 373.1 390 421.5 448.9 473.9 499.2 526.4 550 568.6 597.2 621.6 636.8 651 660.7 663.7 666.7 668.4 670.9 668.3 656.4 626.9 600.9 582.9 565.1 540 527.8 516.3 506.5 493.5 482.4 479.4 476.1 470.5 463.3 456.8 448 441.4 429.6 428 425.3 420 410.7 403 396 390.4 387.5 382.5 377.2 371.8 363.6 354.1 350.2 347.7 341.8 341.9 347.2 349.8 346 348 345.9 342.3 334.1 327 318.4 312.5 304.7 300 295 289.4 284.6 284 283.9 278.9 275.2 280.7
336.1 365.5 390.8 402.6 430.6 449.5 469.7 478.9 497.1 515.5 536.1 560 592.7 617.4 635.4 651.2 661.4 664.4 668.7 673.7 677.6 673.1 662.5 636.5 609.6 593.6 573.9 556.7 542.8 523.3 513.6 500.9 491.6 485.5 484 477.7 469.5 461.1 450.8 445 443.2 437.8 434.5 429.8 421.6 411.6 401.9 394.9 391.6 386.8 381.4 377.4 370.7 358.4 350.8 347.3 341.3 332.6 336.4 335.5 332.7 329.7 325.5 326.4 318.7 312.3 303.4 297.1 289.9 284.8 280.1 275.3 272.3 272.8 271.1 268.4 267.9 269.9
365.9 398.8 403.9 423.7 438 453.6 463.6 475.6 491.6 515 528.3 547.6 579.5 599.9 619.1 641 655.2 659.4 670.9 675.7 677.2 674.5 667.2 648 620.9 600.7 581.9 570.6 548.8 534.5 525.9 513.2 503 496 487.9 480.7 472.6 467.6 461.2 454.2 449.1 442.9 437.9 431.5 415.8 410.1 406.9 399.7 392.4 388.6 386.7 383.5 371 358.9 351.6 346.2 338.8 324.2 322 318.8 316.6 313.5 307.3 307.7 300 294 286.7 280 275.3 270.1 265.4 263.7 261.7 261.8 259.5 255.9 257.6 259.4
382.4 395.3 406.4 421 432.3 443.7 452.9 467.3 485.9 509.1 517 531.8 557.7 576.6 594.5 616.3 639 650.9 660.9 671.7 672.7 672.8 669.5 658.8 635.8 615.2 597.3 579.9 558 547 537.7 524.9 516.9 504.7 498.2 492 485.7 477.8 470.9 461.4 454.4 448.3 443.3 430.2 422.7 415.5 408.3 399.5 393.8 393 389.3 381.7 366.7 358 350.9 342.3 335.6 325 309.9 305.7 301.3 295.1 293.1 292.6 281.9 273.7 267.4 261.3 259 256.1 252.6 252.7 249.8 250.1 249.3 247.2 248.7 250
375.5 388.1 403.6 415 419.8 431.3 443.9 454.7 461.9 486.3 497.5 513.4 533.3 550.3 569.3 589.6 610.5 628.4 643.1 658.2 664 667.8 667.1 659.6 645.5 632.5 615 597.8 574.4 562.4 547.6 534.8 524.1 512.7 506.8 503.4 497.6 489 482 473.1 464.3 456.4 451.6 438.4 424.8 418 410.2 398.6 395.3 394.2 385.3 376 362.5 355.3 345.8 340.8 332.5 318.2 302.4 288.8 285.1 278.3 273.9 272.9 264.6 255.8 247.4 245.1 245.7 242.1 241 239.7 237.4 239.6 241.7 240.1 240.9 242.5
366.9 385.5 397.4 405.4 409.7 417.1 428.7 438.6 445.4 464.4 481 491.8 509.9 524.7 544.8 562 582.4 602.4 620.8 639.9 656.4 658.8 657.2 653.9 645.6 639.6 624.3 608.1 592.6 574.7 559.5 544.9 535.9 528.2 519.5 512.9 508.8 503.9 497 484.9 473.2 463.4 450.7 438.5 419.6 411.9 408 397.3 394.9 392.4 380.8 371.6 360.1 346.7 337.8 333.1 321 304.6 294.2 277.8 265.8 261 260.4 258.9 248.5 239.9 235.8 235.7 234 231.9 232.2 230.3 228.1 231.8 233.7 232.8 233 235.6
367 385.9 389.3 393.1 393.6 402.4 415 420.3 431.3 445.3 467.8 471.9 487.2 499.3 519 535.3 552.8 574.9 593 612.7 631.5 643 641.7 645.6 640.2 635.1 624.8 614.2 602 590.8 575.8 564.8 557.3 552.1 540.3 529.4 531.7 522.6 506.8 489.4 477.3 459.7 449.5 431.8 407.2 403.4 400.4 393.9 393 386 377.9 367 355.6 341.1 329.3 321.6 306.7 289.9 275.8 263 248.7 247.1 246.6 241.4 234.5 227.5 227.3 224.4 222.4 223 222.2 220.3 220 224.3 224.5 225.9 226.2 228.2
368.3 377.4 375.3 379.5 384.8 395.2 398.6 404.8 416.1 427.2 442.2 452.3 465.6 475.6 493.2 508 523.1 541.1 562.8 585.1 601.6 615.4 622.8 630.2 628.1 625.9 620.6 619.5 611 603 596.8 590.4 575.5 565.4 557.9 547.1 536.4 518.8 498.7 484.5 469.3 447.3 436.1 418.9 397.4 392.5 391.2 389.9 387.5 382.7 365.1 350.5 337.5 330.1 313.9 299.3 288.1 273.7 259 248.5 240.1 233.7 234 228.2 222.5 217.7 214.5 213.6 214.2 214.9 213.8 212.7 212.6 216.7 216.9 219.7 219.3 221.2
362.4 369.4 366.2 366.3 368.3 376.2 383.7 387.1 400 409.2 424.3 434.6 446.6 454.1 466.3 479 494.8 513.5 533.6 556.8 574.6 588.4 601.2 612.5 617.3 618.1 616 618.7 617.2 608.5 607 596.1 584.6 575.2 574.3 567.5 550.6 506.5 485.8 471.8 452.2 429.9 417.8 402 395 387.4 389.7 387.7 381.3 370.6 347.3 344 326.5 307.4 292.3 277.7 264.8 252.8 243.3 235.1 229.1 221.9 217.4 212.7 209.8 207.5 206.2 205.6 206.6 206.8 206.9 207 208.4 211.2 212.4 212.8 216.5 214.7
353.5 358.3 358.1 360.4 359.3 362.5 373.3 373.1 381.6 391.6 404 416.4 426.9 436.1 446.2 456.4 471.9 486 506.9 526.4 544.7 558.7 572 586.1 601.7 605.5 607.7 610.4 611.3 605.8 604.8 599.1 591.8 587.2 585.7 571.6 549.1 500.7 471 449.2 430.1 414.5 401.5 393.5 391.6 380.5 378.6 377 368.1 348.5 333.3 315.9 301 287.1 272.8 258 245.9 238.1 231.5 223 217.3 211.5 204.3 205.7 204.5 201.8 201.2 198.7 200.5 201 202 202 204.5 208.3 205.7 211.2 212 209.5
348.7 350.1 349.3 348.7 351 353.5 355.8 358.5 364.8 373.3 381.7 395.1 404.6 417 423.4 432.9 443.2 459 478.9 499.2 515.2 529.9 543.6 559.6 581.1 592.6 596.3 598.3 597.8 595 596.5 594.2 590.5 587.6 578.4 560.5 531.9 494.8 458 439.2 420.4 407.5 390.2 379.8 372.2 362.6 349.1 339.4 329.3 321.5 307.4 290.4 274.9 263.7 252.4 243.1 236 225.8 218.6 211.3 206.4 203.5 195.5 203.1 200.6 198 196.3 196.4 197.1 196.5 197 197.1 197.7 201.3 204.6 207 208.8 214.3
346.6 347.4 347.9 347.9 347 347.2 344.9 345.9 349.2 355.9 362.6 369.9 385.5 395.8 404.8 413.4 423.4 436 453.9 472.4 488 501.4 515.8 532.2 554.2 570.3 579.4 587.4 585.8 583.7 585.6 588.9 586.1 584.2 570.1 551.4 508.4 474.1 447.5 429 407.8 392.8 373.8 362.1 353.1 342 324.3 308.3 300.3 293.5 281.5 271.5 255.5 247.1 237.3 229.3 218.6 211.7 205.6 200.5 198.9 196.2 190 194.3 193 192.7 189.8 190.8 191.4 190.6 192.9 197.4 201.9 207.6 210.3 215.5 218.5 221.3
349.9 348.3 348.3 348.9 346.2 344.6 344.6 343.2 340.3 342.5 347 352 366.9 375.2 385.1 397.8 403.4 415.9 430.9 446.5 459.4 473.2 491.7 506.5 524.9 541.6 552.4 563.7 570.3 571.6 575.5 580.4 581.2 576.3 557 529 490.3 459.6 438.6 420.3 397.1 373.7 351.8 347.3 328.9 315.4 302.1 293.4 286 276.2 266.3 254.4 241.8 231.5 224.5 217.4 210.3 202.3 195.1 192.1 189 184.3 184.7 186.1 186.6 185.2 184.2 185.1 186.4 191 196.4 201.2 207.6 215 221.6 227.9 230.1 232.8
360.5 356.7 352.4 351.4 350 344.1 340.4 340 336.9 333.9 334 336.8 348.7 357.1 365.3 377.6 384.4 397.5 408.3 422.1 438.7 447.8 463.5 477.4 492.2 511.6 524.7 534.4 542.7 550.2 560 563.9 562.4 556.1 539.8 515 474.8 448.2 426.3 410.7 378.1 352.5 335.6 322.3 307.2 291.6 285.6 281.3 275.2 262.6 247.9 231.8 224 216.1 213.1 208.5 203 194.2 188.2 185.7 181 177.9 179.8 180.7 180.8 180.8 182.1 185.4 190 195 202.3 211.1 218.7 226.9 235 239.7 243.1 247.9
372.9 369.9 364.8 357.4 351.1 345.1 336.9 332.2 333 327.2 323.7 325.2 333.8 342.5 348.6 355.8 364.4 377.3 388 401 413.3 427.3 437.5 451.3 464.7 478.1 494.1 506.6 516.1 522.9 534 540.3 532 521.7 512 497.5 450.8 428.1 411.6 394.2 359.1 338.9 323.4 303.9 290.5 276.2 274.2 274.4 258 237.8 225.4 217.7 210.3 207 204.1 198.8 194.2 187.5 181.5 178.5 175.6 175.3 175.6 175.5 177 180.2 185.7 190 194.2 202.4 214.1 223.3 231.9 240 246.4 253.2 259.3 265.6
392.5 385.1 377.6 368.2 356 347.2 337.9 326.7 323.7 320 314.2 313.7 322.9 329.6 332.6 337.7 345.3 355.9 369.3 380.9 391 402.8 413.9 426.6 442.3 453.7 466.1 477.8 486.8 494.1 500.4 505.8 494.8 481.3 471.1 454.5 428.1 411.4 389.1 377.2 344.3 317.6 304.8 287.7 275.7 267.4 257.4 251.1 234.1 220.9 212.7 206.9 203.3 199.1 195.1 189.3 183.8 178 174.8 173.6 172.4 172.7 173.3 175.7 177.9 182.2 188.1 195.8 205 217.5 226.8 235.9 245 253.2 261 270.7 278.6 286.2
409.1 396.9 386.8 374.6 363.7 352.7 342.4 330.8 317.3 313.6 306.2 308 313.1 318.3 316.2 322.1 331.9 338.4 350.1 360.3 373.3 384 393.3 404.1 417.8 429.4 440.3 450.4 457.4 463.6 468.5 468.4 461.5 449.2 437.1 426.9 406.2 385.1 376.7 354.1 324.8 305 291.2 274.8 265.3 254.2 245.1 230.4 220 212 201.5 200.9 197.4 190.8 185.3 180.6 174.7 170.7 168.8 170 170.5 171.5 174.3 177 180.3 187.2 194.9 206.2 218.3 229.4 238.9 248.9 258 268.3 280.7 292.5 301.6 305.9
420.2 413.3 397 379.8 370 357.3 347.6 335 324.7 310.5 303.2 300.4 303.3 306.9 307.4 310.1 316.4 322.3 330.8 344.4 353.7 365 373.8 383.5 396.3 405.5 415.2 423.8 432.2 438.9 441.2 438.2 433.2 424.4 413 402.2 388.1 362.8 345.8 329.9 309.4 294.1 281.7 267.5 259.9 243.6 228.3 217 209.6 201.3 194.5 194.3 190.3 183.3 178.8 173.8 168.9 166.2 166.9 167.6 170.2 172.3 175.4 180.3 186.7 196.7 208.5 219.5 229.7 242 252.6 263 275.7 288.8 305.5 318 324.4 322.3
433.1 420.2 405.4 392.2 380.5 367.6 355.6 343.7 332.9 320.2 310.1 299.9 294.3 296.7 299 301.3 304.9 309 315.5 324.8 338.6 347.1 354.9 363.4 376.7 384.8 390.6 399.4 406.1 413.4 417 415.2 410.3 403 394 378.4 366.9 345.2 323.3 305.8 297.1 280.5 267.9 256 242.4 231.6 216.9 204.2 198.5 192 186.7 184.4 180.2 176.5 172.8 169.3 164.6 165.5 166.3 169.3 171.9 176 181.1 188.8 197.9 210.3 221.7 233.3 241.1 254.6 267.5 279.8 295.9 314.3 331.6 338 339.8 340.4
441.3 431.5 415.9 402.2 387.5 372.4 358.9 354.2 346.5 329.7 315.5 304.3 294.5 284.6 287.2 290.4 295.9 297.2 299.2 307.4 317.2 325.9 336.5 343.4 354.7 359.3 367.3 374.2 381.3 389.4 391.8 392.4 389.6 385 376.7 363.6 343.2 325.2 306.6 294.2 279.7 263.4 251.8 238.9 227.4 216.6 203.5 196.8 190.7 185.3 179.9 177 175.1 171.8 169.1 165.9 164.6 166.7 168.7 171.7 176.4 180.6 186.7 200 210.9 223.4 233.7 245.1 256 267.2 282.5 300 321.3 339.3 351.7 361 367.8 361.6
452.5 440.2 425.1 413.1 397.8 376.3 364.9 361.8 355.9 334.7 319.4 304.7 291.2 280.4 274.2 276.4 278.9 282.9 286.6 292.1 299.8 307.1 317.8 325.4 332.4 339.4 345.4 350.5 359.7 366.7 369.9 370.6 368.8 364.6 356 339.6 322 305.5 290.7 279 263.9 252 241 227.5 211.8 201.7 195.4 190.2 184 178.1 173 171.4 170.1 167.7 165.1 163.1 165.8 168.1 170.5 176.6 182.5 190.8 201.4 212.9 223.4 233.6 244.9 257.1 268.9 286.5 304.4 324.9 342.5 364.5 379.7 385.3 386.9 384.6
461.5 447.4 428.5 413.3 396.9 381.5 368.3 356.7 346.5 331.8 316.9 302.5 290.6 277.2 267.9 265.9 267.2 268.4 274.3 279.9 286.8 293.6 300.8 310.8 316.3 318.6 323.3 331.2 339.6 344.4 346.6 351.2 349.2 347.2 337.8 320.9 306.7 293.1 278.5 267.5 252.7 239 229.5 215.1 200.9 190.7 188 182.5 176.1 170 167.2 167 165 162.1 159 162.2 168.4 172.6 176.9 186 193.4 203.6 214.3 224.8 235.8 245.5 258.8 271.7 289 307.2 328.7 350.8 377.1 382.5 389 393.3 395 389.2
462 448.3 436.3 425.7 407.9 396.2 378.9 362.6 344.1 324.2 313.7 299.2 286.5 273.4 267.5 259.5 254.6 256.5 264.8 270.6 276 280.8 286 293.7 298.1 302.2 305.5 311.2 316.4 323.7 324.9 328.5 329.3 327.3 320 304.9 293.9 280 265.7 255.6 241 226.9 216 204.3 194 184.6 180.2 174 168 164 162.1 161.1 157 159.6 164.3 166.1 172.2 179.1 187.4 197.2 205.2 215 226.5 236.8 248.2 260.2 274.6 292.3 310 330.2 350.5 372.3 387.2 394 396.6 397.1 396.5 395.1
