data/NN12.asc
ncols 200
nrows 200
xllcorner 210000
yllcorner 720000
cellsize 50
[rows 36 to 71 of 200, columns 0 to 80 of 200]
773 759.8 747 737 722.3 708.1 689.2 670.9 652.9 643.3 629.8 618 611.1 609.5 609.8 606.1 601.5 605.6 608.5 605.4 610 616.9 622.2 629.7 636.9 637.2 641.8 635.4 625.4 614.4 604.6 583.9 562.7 533.3 502 487.4 477.1 450.9 425.3 399.3 370.2 344.5 318.4 308.4 293.6 271.6 261 255.3 228.3 208.3 185.4 158.5 133 116.1 104 97.3 90.1 73.8 63.5 64.9 56.7 47 43.3 45 39.1 37.5 36.9 34.7 33.8 32.7 32.7 32.7 36.7 36.3 36.8 34.6 34.5 36.7 36.1 36.3 36.4
750 733.4 729.8 720.9 708.4 687.1 676.8 660.3 647.3 636.3 622 610.4 603.6 602.7 602.5 596.2 592.5 596.9 600.9 599.9 607 612 616.9 625.2 627.9 630.2 633.1 624.5 614.4 599 582.1 559.7 536.2 502.3 480.6 457 439.3 432.4 413.2 392.2 365.6 331.8 315.3 298.7 285 265.6 254.1 245.5 217.9 186.9 168.6 146 119.9 103.7 97.2 94.8 87.5 70.1 62.5 60.1 50.2 44 42.4 39 37.2 35.9 34.3 34.1 32.7 32.7 32.7 34.6 34.3 36.5 34.6 34.6 35.5 35.9 36.4 36.6 36.9
733.2 717.8 717.9 708.9 687.3 670.8 662.9 650.4 640.9 626.3 617.4 602.9 595.5 595.9 592.4 586 591.7 593.1 595.9 596.2 603.3 606.9 614.4 619.3 616.1 615.4 611.4 601.4 583.5 569.4 550.6 531.7 500.9 482.1 451.2 430.9 419.7 404.6 391.7 377.2 358.1 332.2 308.3 295 286.7 267.9 237.8 228.6 211.9 181.7 154.4 128.8 108.2 95.4 93.2 90.1 76.8 69.2 62.9 53.6 47.1 38.8 36.6 34.8 32.7 32.7 32.7 33.5 32.7 33.5 33.9 32.7 32.7 32.7 33.4 35.9 37 38.6 37.6 36.4 37.3
710.1 697.1 691.5 689.5 671 651.2 639.1 628 624 618.6 601.2 598.2 587.8 589.4 584.1 576.8 586.9 585.3 585 590.2 597.5 600.5 606.7 605.2 598 599.3 596 582 564.3 551.2 530.3 507 476 453.5 425.3 408 394.6 388.3 370.8 362.9 350.1 324.9 311.3 297.4 274.4 248.1 223.4 213.2 195.9 170 139.6 115 96.2 91 87.4 80.2 72.5 68.7 61.6 50.2 40.3 36.3 32.7 32.7 32.7 32.7 32.7 32.7 32.7 32.7 32.7 32.7 32.7 32.7 32.7 36.9 37 37 37.7 36.1 37
687.7 678.3 675.1 667.8 652.3 637 629 616.2 610.7 606.9 594.4 582.9 581.2 582.4 577.5 573.2 578.4 577.9 574.1 584.4 587.9 594.3 592 587.9 582.7 579.2 574.4 564.2 545.5 530.6 506.4 478.5 460.8 434.1 409.4 390.4 377.4 366.7 368.8 352.3 328 307.7 301.8 283.6 266.3 244.3 221.6 189.4 174.7 153.2 125.2 103.4 88.8 82 74.9 69.7 67.3 64.3 56.7 41.8 35.9 32.7 32.7 32.7 32.7 32.7 32.7 32.7 32.7 32.7 32.7 32.7 32.7 32.7 32.7 37 37 37 37 37.3 36.9
667 663.5 654.9 648.6 639.5 622.1 612.4 602.5 596 591.9 587 580.5 581.4 579.4 567.7 567.8 570.3 574.1 568.2 576.5 579.3 579.8 577.8 575.2 568.5 557.5 553.8 540 518 498.7 470.9 450.5 425.2 414.7 400 377.5 362.3 350.2 342.2 328.4 306.3 292.1 286 264.8 247.9 229.1 209.1 188.9 161.6 131.5 110.7 87.4 82.4 73.4 65.1 61.5 58.9 58.4 50.9 34 32.7 32.7 32.7 34.8 33.6 32.7 32.7 32.7 32.7 32.7 32.7 33 33.2 32.7 37.4 37.3 37.1 37 37.1 37.1 37.8
654 643.2 637.6 626 621.4 609.2 600.6 591.9 587.3 584 580.9 576.5 580.2 577.2 565.7 558 560.7 564.6 565.3 569.7 571.1 567.3 565.6 560 550.5 538.5 527.6 511.6 493.3 463.5 440.6 422.4 408.5 395.6 389.9 369.3 341.1 334.1 315 305.4 292.4 275.6 268 243.7 221.2 206.9 189 167.2 137.1 114.9 91.9 82.9 79.2 68.1 62 59.5 57.9 52.6 39.3 32.7 32.7 32.7 34 37.6 38.3 37.5 36.8 35.1 32.7 32.7 32.8 35.7 33.8 33.6 36.8 36.7 36.9 36.7 37.1 37.7 37.4
642.2 631.9 625.2 613.7 604.2 597.9 588.8 581.4 577.9 576.5 578.5 573.4 572.5 567.4 559.8 554.8 556.1 556 557.7 559.5 559.3 551.5 546.2 539.3 527.2 514 500.5 485.3 468.4 440.9 422.5 412 399 388.1 365.6 347.8 320.8 311.2 297.1 285.8 275.2 256.2 240.6 217.7 200.4 185.6 169.5 142.9 115.4 94.6 79.7 75.4 71.1 68 67.7 61.1 54.4 40.7 32.7 32.7 32.7 32.7 36.9 38.2 37.6 37.2 36.5 36.4 36.8 34.3 34.8 37.3 37 36 36.1 36.4 36.7 36.9 35.8 37.8 36
631.1 624.1 615.3 603.6 596.2 588.1 581.3 577.2 573.3 569.4 567.6 564.3 561.9 557.7 552.6 549.5 549.7 548.8 547 548.7 548.1 535.9 528.4 515.3 503.6 486.8 472.2 454.7 440.4 427.9 399.3 397 382.6 360.3 336.6 326.1 302.3 292 282.4 252.3 245.4 232.8 205.5 197.6 181.9 166.2 144 118.4 97.5 79 72.1 69.2 68.2 66.8 63.6 57.2 37.7 32.7 32.7 32.7 32.7 34.3 38.7 38 37.4 36.8 36.5 36.2 36.4 36.5 36 36.3 35.7 35.4 35.1 35.4 35.3 35.9 37.3 37.3 37.8
619.8 615.8 605.5 596.3 590.3 579.9 574.5 570.4 566.8 563.7 558.5 557.2 553.5 549.2 544.6 541.5 542.5 538.8 532.4 530 527 514.8 499.7 484.9 475.1 459.5 435.4 427.4 438.5 427.3 385.1 377.6 362.7 340 311.9 295 295.3 269.8 257.5 230.4 220.4 201.5 184.9 177.3 163.6 142.5 118.9 98.7 82.7 70.8 64.1 64.1 66 65.9 62.3 49.9 32.7 32.7 32.7 32.7 32.7 35 37.1 38.8 38.4 36.8 36.6 36.3 36.6 36.5 35.8 34.8 34.9 34.9 35.2 36.3 36.3 36.1 36.5 37.7 38.2
607.6 604.4 595.9 589.1 578.7 570.3 564.7 564.4 561.8 552.4 548.6 548.9 545.8 541.8 539.3 536.4 535.6 533.8 521.1 512.8 502.6 479.6 461.5 447.8 434.5 423.7 415.8 427.4 424 406.7 372.5 328.6 334.4 316.3 285.8 278.5 270.3 244.9 234.9 217.8 198.3 184.1 162.8 155.2 142.4 121.8 105 83.5 69.9 64 60.2 58.9 58.2 59.2 50.4 32.7 32.7 32.7 32.7 32.7 32.7 33.2 35.4 36.4 38.7 37.4 36.9 35.8 36.1 34.6 32.7 32.7 32.7 32.7 34.6 34.7 34.6 38.9 39.3 41 38.3
591.6 591.6 583.9 575 565.6 558.2 552.3 551.3 550.1 543.6 538.5 537.5 537.1 532.9 533.2 527.1 517.2 517.4 510.6 488.2 483.2 457.4 438.3 422.6 409 406.6 411.2 414 404.4 383.6 346.2 309 296.1 282 269.1 248.5 238.2 226.6 215 200.6 180.1 171.7 150.4 135 117.7 105.9 88.9 69.3 63.2 59.2 56.6 56.6 43.8 33.6 32.7 32.7 32.7 32.7 32.7 32.7 32.7 32.7 32.7 35 36.2 40.1 36.6 34.7 32.7 32.7 32.7 32.7 32.7 32.7 32.7 32.7 41.3 43 43.9 44.2 43
571.7 570.6 567.1 556.5 549.5 548.3 541.9 538.8 536.9 531.5 527.2 526.1 527 521.5 524.7 516.9 505.8 497.9 486.7 467.3 451.8 434.3 412.7 397.5 392.2 392.7 396 396.1 386 359.7 327.3 294.3 266.7 259.9 245 234.7 207.7 197.9 186.5 178.3 163.3 154.9 137.7 118.4 102 85.3 70.5 61.4 57.8 53.4 46 36.6 32.7 32.7 32.7 32.7 32.7 32.7 32.7 32.7 32.7 32.7 32.7 32.7 32.7 32.7 32.7 32.7 32.7 32.7 32.7 32.7 32.7 32.7 32.7 36.2 40.9 47.8 46.7 46.9 47.5
547.3 546.1 540.5 536.5 534.1 536.5 534.2 527.9 524.8 521 516.3 513.2 512 509.5 511.2 501.2 485.4 472 455 438.3 419.5 405.4 384.6 385 380.7 379.7 379.9 378.2 361.1 333.3 307.2 285.4 243.1 240.6 222.3 207.9 188.3 177.2 165.1 159.7 144 127.7 116.3 98.7 84.4 71.3 58.4 54.2 50.5 43.7 32.7 32.7 32.7 32.7 32.7 32.7 32.7 32.7 32.7 32.7 32.7 32.7 32.7 32.7 32.7 32.7 32.7 32.7 32.7 32.7 32.7 32.7 32.7 32.7 34.3 37.8 42.8 51.4 50.5 51.3 50.1
529.6 529.1 527.2 522.1 524.2 527.8 523.6 518.2 515.4 509.9 503.6 498.7 497.1 498.2 497.7 481.1 460.1 440.8 433.7 407.9 382.8 374.6 370.4 366.4 367.3 361.4 360.6 348.4 330.9 307.2 290.5 268 231.2 219.1 198.7 186.7 175.8 159.5 152.7 134 122.9 104.8 92.9 79 64 59.7 55.9 50.1 42.1 32.7 32.7 32.7 32.7 32.7 32.7 32.7 32.7 32.7 32.7 32.7 32.7 32.7 32.7 32.7 32.7 32.7 32.7 32.7 32.7 32.7 32.7 32.7 32.7 32.7 37 39.3 40.9 52.2 52.2 52.5 51.2
508.7 506.3 512.4 513.8 514 520.4 515.1 514.8 509.7 501.8 491 481.1 480.2 478.8 473.2 457 434.1 413.5 395.5 371.5 361.3 360 356 352.3 352.2 342.8 342.5 323.7 308 295.1 277.7 252.6 220 189.2 176.7 166.6 156.3 146.1 129.8 117.4 99.5 88.1 78.1 66.4 54.4 53.2 53.1 44 32.7 32.7 32.7 32.7 32.7 32.7 32.7 32.7 32.7 32.7 32.7 32.7 32.7 32.7 32.7 32.7 32.7 32.7 32.7 32.7 32.7 32.7 34.3 32.7 32.7 32.7 37.8 40.4 47 53.2 53.9 53.5 54.8
498 498.8 504.6 504.7 504.3 508.2 500.2 501.6 495.9 486.8 475.4 464.5 460 456.4 445.3 427.2 405.3 380.9 359.4 352.1 345.8 342.8 335.4 328.5 326.6 313.1 303.6 297.9 285.1 270.2 262.2 237.2 201.1 170.5 156.4 146.4 135.3 121.8 107.6 93.5 81 72.1 65.7 57 49.7 42.3 38.1 32.7 32.7 32.7 32.7 32.7 32.7 32.7 32.7 32.7 32.7 32.7 32.7 32.7 32.7 32.7 32.7 32.7 32.7 32.7 36.4 38.6 37.8 35.2 34.5 32.7 32.7 35.6 39.7 45.7 51.3 54.4 54.6 55 55.4
491.7 492.5 494.5 491.3 489.9 490.1 483.2 483.3 475.4 468.9 455.6 443.5 432.6 423.9 411 397.8 376.5 356.4 335.8 333.9 329 316.9 306.5 295 289.1 282 280.5 264.8 248.4 244.6 229 208.3 187.7 154.4 137.5 124.2 114.9 102.3 90.4 81.1 72.7 63.9 55.4 48.5 42.2 32.7 32.7 32.7 32.7 32.7 32.7 32.7 32.7 32.7 32.7 32.7 32.7 32.7 32.7 32.7 32.7 32.7 32.7 32.7 32.7 36.2 42.2 42.4 38.6 37.7 38.8 38.9 41.6 41.7 46.4 48.4 51.8 55 54.8 54.1 56.3
477.2 479.4 478.7 474.9 468.6 470.4 467 457.8 449.8 443 425.8 416.3 402.1 393.4 379.1 370.6 351.7 336.4 330 328.7 318.4 295.6 284.7 274.1 269.9 259.5 249.6 240 213.7 200.3 190.1 163.3 151 136.7 122.7 110.4 98.8 89 78.6 71.2 63.5 55.5 45.2 39.9 32.7 32.7 32.7 32.7 32.7 32.7 32.7 32.7 32.7 32.7 32.7 32.7 32.7 32.7 32.7 32.7 32.7 32.7 32.7 32.7 33.7 39.4 42.9 39 39.4 40.9 41.5 43.8 46.1 48.1 48.7 49.4 52 55.2 54.2 53.4 54.8
454.9 456.7 457.5 454.9 448 444.5 437.7 427.4 418.3 408.1 399.4 387 373.5 365.3 347.5 346.1 334.3 328.1 316.9 313.4 298.7 281 266.7 255.9 246.8 241.9 220 200.2 191.2 172 154.1 138.2 123.2 115.2 107.1 93.7 84.8 78.1 69.3 61.2 53.8 46.4 39 32.7 32.7 32.7 32.7 32.7 32.7 32.7 32.7 32.7 32.7 32.7 32.7 32.7 32.7 32.7 32.7 32.7 34.3 37.6 32.7 32.9 36.1 40.7 41.2 40.6 42 44 45.4 47.5 49 50.5 51.1 51.6 52.9 55.2 54.4 53.6 56
431.4 427.7 425.8 423 423.2 412.4 407.8 404.9 400.1 391.5 377.9 369.5 351.6 334.6 326.6 325.2 323.2 321.4 308.4 289.4 272.1 256.2 244.4 237.9 233.2 217.2 196.7 173.4 161.9 145.8 130.4 120 116.2 103.4 91.6 82.3 73.8 66.8 58.8 49.6 42.8 36.9 32.7 32.7 32.7 32.7 32.7 32.7 32.7 32.7 32.7 32.7 32.7 32.7 32.7 32.7 32.7 32.7 32.7 32.7 34.6 36.8 36.4 37.4 38.9 40.5 42.6 45 45.7 47.5 48.5 49.8 51.4 52.9 53.4 53.6 54 55.8 55 54.1 54.4
430.1 423.4 416.8 415.9 413.3 404.5 395.2 396 388.8 376.3 365.2 367.3 362.1 345.6 315.3 299.6 301.3 300.7 290.3 271.8 254.2 226 218.7 212.4 195.5 179.3 168.5 160.9 149.5 133.7 122.1 113.2 104.3 92.1 82.3 73.3 64.5 55.9 48.1 39 32.7 32.7 32.7 32.7 32.7 32.7 32.7 32.7 32.7 32.7 32.7 32.7 32.7 32.7 32.7 32.7 32.7 32.7 36.7 32.7 32.7 35.4 37.8 37.9 40.5 42.6 44.4 46.2 47.1 48.6 50.8 51.8 53.9 55.1 55.4 55.7 55.9 56.4 55.9 55.3 54.5
412.9 411.4 400 399.5 391.5 387.6 376.3 377.8 363 354.8 346.3 348.9 347.7 330.2 318.2 302.4 285.9 265.7 255.6 245.1 225.5 209.1 197.5 193 184.8 170.6 157.3 147.2 136.7 127.9 118.6 104.4 90.9 83.2 73.5 64.6 56 47.8 39.5 32.7 32.7 32.7 32.7 32.7 32.7 32.7 32.7 32.7 32.7 32.7 32.7 32.7 32.7 32.7 32.7 32.7 32.7 33.7 39.8 41.9 40.8 40.9 41.8 43.4 47.1 49.5 51.4 52.9 54.1 54.1 54 54.1 60.2 58.8 56.7 57.1 57.5 57.3 57.2 56 54.8
389.1 390.7 385.5 378.6 374.1 366.5 359.3 353.9 346.8 345.3 334.5 333.2 323.4 311.5 309.8 292.3 281 267 245.8 228.6 222 208.6 201.9 191.7 174.4 157.2 146.6 133.9 125 119 106.9 91.8 80.5 73.7 64.8 55.7 47.5 40.9 32.7 32.7 32.7 32.7 32.7 32.7 32.7 32.7 32.7 32.7 32.7 32.7 32.7 32.7 32.7 32.7 32.7 33.8 40.4 44 57 58.6 59.1 53.4 52.6 54.3 55.6 57.1 58.7 59.9 61.1 62.6 59.9 58.1 64.3 62.1 60 58.4 58.5 58 57.9 57.5 56.4
372.8 364.4 358 353.7 347.1 342.8 338.5 331.8 328.9 328.5 322.4 312.7 303.9 295.3 282.8 275.5 261.2 248 229.2 226.2 206.5 198.1 192.5 181.8 169.8 151.5 140 133.8 132.9 120.2 102.9 89.3 69.8 62.7 55.3 48.1 44.1 32.7 32.7 32.7 32.7 32.7 32.7 32.7 32.7 32.7 32.7 32.7 32.7 32.7 32.7 32.7 32.7 32.7 34.6 41.9 50.2 54.6 62.6 64.5 65.1 64.3 63.3 63.4 63.7 63.8 64.7 65.5 66.4 68.6 65.2 61.1 60.2 62.7 62.9 64.6 59.2 58.6 58.5 58.4 57.5
365.4 355.9 346.8 335.5 324.4 322.3 315.8 312.6 308.2 305.9 298.6 294.9 287.1 269.3 257.4 252.4 242.8 225.6 215.2 205.6 195.6 188.9 175.5 175.3 161.7 144.5 137.9 128.7 122 107.3 93.7 80.1 68.7 58.1 47.7 43.6 38 32.7 32.7 32.7 32.7 32.7 32.7 32.7 32.7 32.7 32.7 32.7 32.7 32.7 32.7 32.7 32.7 41.1 52.3 63.6 68.8 68.2 66.6 69.2 70.1 69.3 68.2 67.9 68.2 67.8 67.3 67.6 68.1 67.3 66 62.6 62.1 60 64.8 66.4 60.5 59.4 59.2 59.1 58.6
342.5 332.7 324.3 319.6 312.9 308.7 294.7 297.6 287.7 280.1 269.8 263.2 254.3 245.7 237.8 235.4 225.7 211.7 201.3 191.8 192.5 190.8 175.5 162.4 150.2 137.9 127.1 120.6 107.8 98.3 82.6 70 60.5 55.1 49 39 36.4 32.7 32.7 32.7 32.7 32.7 32.7 32.7 32.7 32.7 32.7 32.7 32.7 32.7 32.7 42.1 50 66.9 76.4 79.6 78.5 76.5 75.6 75.3 75 73.9 72.9 72.1 72.7 72 71.2 70.8 70.5 68.7 66.6 65.8 69.8 62.9 60.5 69 65 62.2 60.8 60 60.8
317.9 308.6 304.8 299.2 289.4 280.6 274.2 272.2 264.6 259.8 255.8 245.9 242 233 235.6 233.2 220 200.7 188.7 182.1 187.9 178.7 169.2 157 140.9 131.3 117.3 108.4 95.6 87.1 74.1 62 53.3 46.8 35.7 32.7 32.7 32.7 32.7 32.7 32.7 32.7 32.7 32.7 32.7 32.7 32.7 32.7 32.7 32.7 39 49.7 69.6 88.9 93.5 88.7 84.7 83 82.6 82.1 80.9 79.8 78.7 77.6 78.2 77 75.8 74.7 73.7 71.2 68.8 66.3 66.5 63.8 61.4 71.1 65.3 62.5 61.9 63.9 65.8
295.8 283.7 280.1 281.4 263.3 254.2 247.3 242.4 248.7 247 234.9 233.1 224.9 228.1 226.7 229.2 206.1 187.1 178.6 175.2 179.4 177.5 174.8 150.9 133.7 126.1 109.7 102.4 93.7 82.6 66.4 57 48.9 32.7 32.7 32.7 32.7 32.7 32.7 32.7 32.7 32.7 32.7 32.7 32.7 32.7 32.7 42.2 41.5 41.7 45.7 63 70.5 84.2 100.2 94.6 90.7 87.7 86.9 86.5 86.2 85.6 83.9 83.6 83.8 82.4 80.8 78.9 77 74.5 71.9 69.1 68.3 67.9 63.5 63.6 63.2 64.2 65.9 67.7 68.4
272.9 260.5 255.7 247.4 237.3 233 232.2 237.5 230 225.8 221.6 212.7 215.9 218.7 221.6 211.9 190.8 179.5 166.4 167.8 171.3 179.1 161 136 124.6 108.1 101.3 89.8 80.7 69.6 58.5 52.2 38.2 32.7 32.7 32.7 32.7 32.7 32.7 32.7 32.7 32.7 32.7 32.7 32.7 32.7 32.7 42.1 49.8 45.9 48.4 65.1 72.3 78.3 94.2 97.4 97.4 92.9 90.6 91.2 91.3 90.3 89 88.9 88.7 88.1 85.5 83.2 80.3 77.7 74.8 72 69.9 69.6 67.7 66 66.6 68.1 69.7 70.8 71.1
248.5 238.3 238.2 226.6 218.5 223.6 218.8 219.1 216.5 218.8 203.2 208.8 203.8 204.3 202.2 189 178.2 165.9 157.7 170.2 166.7 172.1 143.8 122.5 111.8 99.6 89.3 80.5 68.8 62.1 53.8 40.8 32.7 32.7 32.7 32.7 32.7 32.7 32.7 32.7 32.7 32.7 32.7 32.7 32.7 32.7 39.7 49.1 49.7 47 53.7 62.3 68.5 76.5 91.4 95.4 99.2 95.7 96 97.1 97.4 96.2 93.9 94.3 93.7 92.6 89.7 86.1 82.9 80.1 77.1 74.1 71.7 70.9 69.1 69.6 70.1 71.6 73.3 74.5 74.3
237.5 224.8 221.7 209.5 208.5 217.1 214.3 208.5 204 203.2 189.8 191.5 189.2 183.6 184.2 166.5 158.7 148.9 162.2 160.7 153 148.4 128.3 115.6 104.1 89.8 80.5 72 64.7 54.5 41.6 32.7 32.7 32.7 32.7 32.7 32.7 32.7 32.7 32.7 32.7 32.7 32.7 32.7 32.7 32.7 41.7 45.3 44.5 45.5 51.3 59.4 64.7 74.3 86.5 92.1 96.3 98.5 102.7 102.9 103.2 101.4 99 98.1 93 93.3 90.6 86.7 83.7 80.9 78.2 76 73.8 71.8 71.4 73.1 74 75.4 77.2 79.2 78.7
224 209.9 209.2 197.6 203.7 204.3 202.8 197.5 197 188.7 174.6 174.6 172.8 167.5 158.1 142.2 141 150.6 151.4 144.7 132.6 127.6 111.4 103.1 94.3 79.2 72.4 66.6 62.2 43.5 32.7 32.7 32.7 32.7 32.7 32.7 32.7 32.7 32.7 32.7 32.7 32.7 32.7 32.7 32.7 32.7 32.7 34.9 41.5 46.4 54.2 59.6 63.7 67 80.8 87.5 92.9 98.4 102.5 106.6 108 104.5 101 94.5 93.5 93.5 91 87 84.2 80.7 78.4 76.6 75.5 74.6 76.4 76.7 77.7 80.2 83 85 85.1
207 195 190.7 181.1 190.1 190.9 184.9 176.4 178.4 169.4 161.9 158.3 162.2 153.5 139 131.6 140.7 143.8 135.4 126.9 116.4 108.3 101.8 95.4 83.2 72.3 66.2 65.3 43.6 32.7 32.7 32.7 32.7 32.7 32.7 32.7 32.7 32.7 32.7 32.7 32.7 32.7 32.7 32.7 32.7 32.7 32.7 34.7 42.5 48.8 54.6 59.2 62.7 65.3 69.2 80.8 86.6 92.6 96.9 98.9 101.5 100.1 95.2 95.7 96.6 94.9 91 86.9 83.4 80.6 79.5 78.4 78 81.6 83.5 84.5 85.8 87.3 88.4 90.4 91.3
195.7 184.2 180 174.4 179.2 181.5 172.2 157.3 157.5 157.3 153 151.2 144.2 140.7 131.1 125.3 130.3 129.4 122.4 120.6 109.3 95.3 90.2 81.7 71.2 63.8 65.1 40.9 32.7 32.7 32.7 32.7 32.7 32.7 32.7 32.7 32.7 32.7 32.7 32.7 32.7 32.7 32.7 32.7 32.7 32.7 32.7 39.9 47.7 50.9 54.6 55.2 59.5 63.2 70.9 75.9 82.2 87.2 90.1 91.2 92.7 92.5 93.4 99.7 100.1 97.2 94.1 89.5 85.1 91.3 92.5 93.5 95.2 98.8 96.9 95.8 94.6 94.6 94.5 96 97.4
189.2 177.8 168.3 164 161.1 163.1 161.3 148 146.8 145.3 143.2 148.5 138.7 129.7 121.1 117.5 117 117.6 116 111.3 98.8 84.8 80.2 71.5 62.1 55.6 39.6 32.7 32.7 32.7 32.7 32.7 32.7 32.7 32.7 32.7 32.7 32.7 32.7 32.7 32.7 32.7 32.7 32.7 32.7 32.7 36.8 55.1 66.3 63.4 66.7 67.7 63.8 63.9 66.6 73.2 78.9 83.3 85 85.6 85 86.9 92.3 98.4 101.7 101.2 98.6 100 103.3 105.7 106.4 107.8 109.5 110.5 108 106.1 103.8 102 100.7 102.5 101.8
