data/NN14.asc
ncols 200
nrows 200
xllcorner 210000
yllcorner 740000
cellsize 50
[rows 70 to 104 of 200, columns 79 to 157 of 200]
34.5 40.2 45 50.6 56.8 67.1 80.9 102.2 121.2 142 160.6 178.4 208.1 237.7 262.4 300.1 335.5 362.5 399.7 436.3 459.4 487.2 520.3 538.8 549.9 564.1 577.2 586.9 597.7 599.7 611.7 616.1 627.4 633.1 633.9 631.4 634.8 628.8 618.1 564.6 528.9 508 489.1 494.2 514.2 490.3 471.7 426.4 430 387.8 323.2 330.3 299.7 274.6 256.1 246.2 243 226.5 228.2 231.4 229.9 229.8 228.6 229.3 230.3 239.5 250.7 259.1 270.6 285.2 304 329.5 355.7 364 364.5 375.6 390.2 404.8 421.1
40.3 46.3 52.9 58.9 66.1 75.7 90.3 111.4 130.6 151.6 173 191.4 213.5 241 276.7 312.8 344.6 371 408.4 445.9 472.6 498.3 528.2 544.3 561.1 578.3 591.5 599.9 609.8 614.2 620.1 627.6 641.2 642 647.5 644.3 651 644.3 631.8 584.9 565.2 548.9 552.8 560.4 563.8 543.8 516.1 462.8 467.1 441.4 380.9 364.1 332.4 307 283.8 274.1 261.2 244 237.5 244.7 240.9 241.5 241.5 242.4 242 243.6 252 262.4 272.7 286 300.3 315 328.6 344.6 356.9 370.2 384.2 400.5 416.4
42.7 52 59.7 67.2 75.2 86.3 101.6 120.7 139.9 161.8 182.7 202.8 235.8 263.4 276.1 317.7 353.6 384.5 418.4 456.7 482.5 506.3 533.3 551.4 569.6 587.2 602.1 612.9 622 628.4 629.7 635.9 651.5 656 660.8 657.8 667 657.7 643.3 625.6 601.8 592.1 599.3 612.1 611.9 588.4 551.2 510.5 514.4 482.6 424.7 405.5 380.9 345 324.5 308.9 292.1 266.1 253.7 254.7 253.6 253.2 257.6 259.7 258.2 255.6 256.4 265.4 275.9 288.4 311 329.6 339.9 351 363.4 373.2 381.7 395.6 411.4
48.2 57.9 67.6 77.2 90.1 100.3 114.6 130.6 150.6 172.5 192.1 217.6 248.6 276.8 311.1 337.8 360.4 398.4 431.9 463.3 489.3 514.4 541.6 561.8 577.8 592.7 607.9 625.8 630.2 643 643.3 646.2 652.1 666.8 670.9 670.7 678.2 670.1 664.7 654.4 641 638.3 651.6 657.8 644.8 619.3 578.5 556.8 552.7 520.5 469.4 456.3 428 393.9 360.1 342.1 312.6 289.5 275.9 264.5 265.7 268.2 277.4 284.3 277.9 273.2 271.5 277.9 292.3 298.4 313.8 335.2 351.7 361.3 370.6 379.9 388.5 402.1 414
54 65.2 74.2 84.6 98.3 113.9 125.9 139.3 160 182.5 202.5 230 259.7 291.5 319.7 353.5 389.1 406.4 422.7 466.5 494.8 524.5 552.6 580.3 589.2 600.8 617.6 634.8 647.4 655.1 656.8 664.8 667.7 665.6 679.8 682.2 688.4 683.1 680.7 680.2 672.1 675.5 683.5 677.9 668.7 642.9 605.5 590.8 592.3 558.7 517 497.3 467.5 431.6 408.5 385.1 349.6 308.5 289.9 277.4 278.9 280.7 294.2 298.5 293.6 295.8 294.3 291.7 305.4 320.3 314.2 338.6 360.1 373.8 379.6 386.2 395.8 405.1 415.3
58.7 69 78.3 92.9 107 123.6 138.3 150.4 173.2 192.5 216.1 240.6 268.3 301 331.6 360.4 394.6 426.2 457.4 467.8 497.9 529.3 556.3 586.8 603.8 613.8 630.5 645.5 659 666.8 666.1 679.6 688 682.5 679.9 690.1 696.1 694.5 699 701.8 697.4 698.5 700.9 692.8 691.6 670.9 640.8 627.3 616.7 589.8 555 530.5 490.9 456.5 434.3 408.7 383 329.7 291.5 290 287.8 296.6 313.6 318.2 323.7 329.1 325.5 314.4 320.8 333.8 345.8 339.4 350.7 378.7 390.8 396.2 402.7 415 422.5
62.2 72.9 84 95.1 111.2 129 148.3 166.4 187.2 205 227.8 251.5 278 309.1 342.1 370 402 433.3 469 495.2 507.4 535.6 562.9 589.7 608.9 621.3 636.5 656.1 668 677.2 678.4 686.7 701.1 698.5 688 694.3 701.9 709.8 713.6 716.5 711.5 711.4 708.8 703.9 703.6 699.3 683.9 664.5 645.8 618.4 583.2 549.7 514.1 470.9 443 420.4 387.5 325.2 315.4 303.4 299.9 303.9 334.6 343.2 350.9 358.7 353.8 345.3 342.3 350.1 362.2 370.7 380.2 384.2 400.3 409.9 412.1 420.4 435.5
65.7 75 85.1 98.3 115.9 132.9 155 178.4 196.4 219.4 240.6 262.4 288.7 316.9 350.1 382.9 412.5 445.3 477.9 505.8 530.1 546.8 562.8 592.7 614.4 630.7 643.6 661.6 677.2 687.1 688.4 690.2 708.2 711 699 699.5 711.2 724.1 729.2 730.8 727.2 726 722.7 716.5 718 715.1 707.8 686.4 661.6 623.3 583.3 541.5 499.5 464.2 436 405.2 354.9 333.6 338.3 318.7 310.8 311.5 339.4 362.1 381.8 394 377.5 372.3 367.3 376.5 385.3 393.7 397.2 405.5 413.6 425.4 425.8 429.8 441.4
69.4 78.3 90.8 105.7 122.9 140.6 161.8 183.6 205.2 228.1 248.8 271.5 296.1 328.1 360.9 393.9 424.6 455 486.4 515.2 540.1 562.1 580.5 590.9 617.8 640.4 653.1 666.5 680.2 692.3 701.4 697.6 707.9 713.1 706.4 711.5 721.9 737.7 742.8 743.8 737.6 738.8 735.4 731 733.7 729.9 718 691.7 650.2 605.2 564.3 525.7 485.2 453.8 420.7 373.3 343.7 371.4 363.8 346.5 327.7 323.9 345.7 377.6 406.2 415.6 397.6 392.1 386.6 396.4 406.2 415.3 419.7 425 434.6 442.1 442.3 445 451
70.7 82.2 95.3 110.2 128.8 146.9 169.9 190.7 212 235.2 260.4 284.8 312.2 338.8 368.9 402.1 436.3 464.9 494.2 523 547.4 569.2 591.3 610.3 621.4 644.6 661.9 676.8 691.9 699.4 708.1 708.6 706.7 712.9 713.9 718.2 733.9 750.7 755 756 749.2 750.3 745.7 744.6 748 740.1 711 675 625.5 586.7 545.3 509.1 469.3 438.8 399.7 351.6 384.8 405.3 392.5 383.3 359.6 342.5 347.3 386 413.9 423.1 415.4 407.1 402.5 408.8 417.8 429 437.2 440.4 444.1 447 452.5 460.6 462.2
72.7 84.8 99.3 116.4 134.3 152.8 174.9 195.5 223 242.8 267.5 294.5 325.6 355.8 383.7 414.7 447.3 475 501.6 528.2 555.1 577.7 600.9 625 637 652.3 669.5 684.1 699.7 709.6 718.1 716.7 711.2 719.9 720.3 735.2 748.4 763.8 767.9 766.4 759.7 759.7 756.7 755 754.5 733.8 690.7 650.4 605.1 561.4 529.7 497.8 463.2 426.4 375.7 394.5 416 425.9 419.6 406.7 385.8 368.7 349.4 384.6 417.1 435.9 432 425 421.8 422.9 432.6 444.1 452.7 454 456.1 454 460.3 466.8 472.2
76.1 88.9 104.9 122.9 141.5 160.1 180.6 201.8 229.5 250.6 276.7 303.3 329.6 358 390.1 427.2 458.7 487.6 511.2 539 562.6 587.3 611 632.9 652.9 667 678.3 690.7 704.7 719.3 727 724.4 721.8 723.8 737.1 749.3 758 773.9 779.2 777.6 770.9 770 768.1 763.5 757 716.5 674.6 635.4 591.6 550.9 519.7 492.6 456.1 407.6 402.1 425.1 444.7 444.9 440.8 429.1 409.1 397.3 369.3 384 416.9 439.1 457.3 456.2 449.6 445.7 446.9 458.1 464.3 466.1 465 462.6 465.3 472.8 490.2
80.3 94.4 110.8 129 147.1 165.7 187.8 209.2 233.1 258.6 286.1 313.4 342 370.8 402.4 431.4 461 491.4 520.1 548.6 570.9 594.3 618.8 642.2 661.3 676.4 690.6 702 709.1 725.2 730.7 732.8 732.2 739.8 743.7 753.9 756.9 780.8 786.9 789.3 781.1 780.1 777.8 773.4 750.8 702.5 665 619.8 577.9 548.4 518.7 491.2 449.7 408.1 444.7 458.1 468.6 472.8 467.2 453.9 432.2 417.3 394.1 387.3 412.6 443.6 472.3 492.2 483.5 476.2 472.8 475.8 478.9 480.5 480.4 474.4 474.8 482.9 498.5
84.5 99.3 115.3 133.1 150.9 170.4 191.9 214.2 237.6 264 292.5 320.2 350.1 382.1 414.5 447.7 477.6 505.9 531.6 555.9 576.8 602.1 626 649.1 669.7 685.1 698.5 712.1 721.9 725.6 729.9 735.1 744.3 754.6 765.2 769.5 768.8 782.4 794.5 793.9 790 789.4 785.6 774.1 738.3 693 650.1 610.9 570.8 542.6 514.9 478.5 414.4 458.5 475.6 488.7 495.2 506.8 497.6 478 458.9 439.1 418.9 399.1 422.9 452.5 484.3 512.4 516 504.5 496.6 492.8 493.4 495.9 499.1 492.9 493.9 491.7 510.3
86 99.1 118.7 136.6 155.6 173.7 193.4 215.7 239.8 265.1 293.8 324.1 353.8 387.9 420.1 452.8 483.6 513.5 541.9 568.5 588.3 611.7 635 657.6 679.5 694.7 708.6 720.8 730 735 741.3 743.3 750.8 761.8 772.9 783.2 792.1 793.1 800.9 800.7 797.8 797.8 790.8 776.1 734 684 645.5 602.5 567.7 531.2 500.2 460.6 471.7 488.3 506.7 520.7 532.5 543.7 528.8 504.6 485.9 471.2 452.5 411.7 446.8 461.1 494.8 524.6 541 523.7 514 504.1 504.9 511.9 514.4 512.2 516.8 511.6 507.9
87.7 101.5 119.3 136.8 155.7 174 192.2 212.8 239.1 264.7 291.7 320.4 349.5 382.7 415.8 447.3 478.8 515.8 547.1 571.4 597 624.3 646.7 668.9 689.4 705.3 718.5 728.7 737.9 744.3 751.1 758.7 763.7 772.5 781.6 792.3 803.4 801.8 809.3 809.9 806.3 803.2 794.3 775.3 724.7 675.2 632.8 596.8 558.1 525.1 487.6 478.8 503 517.1 536.7 553 579 588.1 573 537.8 510.2 496.4 480.9 436.9 466.8 485.4 512.7 541.3 557.1 541.9 525.8 515.6 513.9 522.8 532.5 528 530.9 534.5 529.6
86.8 100 115.2 133.5 157.5 174.1 195.2 214.6 239.7 266.9 295.5 325.8 357.7 389.9 426.1 458.6 489.2 519.4 549.7 575.2 601.1 630 657 682.1 702.5 716.5 728.3 738.3 747.2 753 759.9 771.9 776.8 791.6 796.2 795.3 812.5 815.2 818.7 818.5 813.3 806.9 800.3 779.9 728.8 670.9 622 584.1 551.9 524.3 484 511 530.5 546.7 569.4 585.6 625.6 631.1 614.1 586.1 543.2 517.3 505 467.5 468.9 506.7 520.5 550.2 563.5 550.2 535 527.8 527.7 532.6 543.9 543.8 544.9 550.1 550.2
85.6 103.9 118.7 137.3 156.6 180.6 199.3 220.3 244 271 297.5 329 358.1 392.5 431.1 466 502.1 531.9 559 585.2 611.2 639.2 666.3 689.6 710.5 726.2 738 747.9 755.8 759.8 769.2 783.2 793.3 801.8 810 819.4 815.6 823.5 826 827.5 817.6 815.3 807 772.4 731.3 669.1 612.4 576.4 545.9 515.1 517.9 538.9 560.1 577 599.5 627.2 660.1 670.6 650.8 628.7 591.8 544.5 526.7 493.6 475.1 517.2 536.6 558.9 571.7 555.5 547.2 541.3 541.3 543.4 551.2 560 563.3 570 572.6
95 101.1 123.5 139.3 157.6 180.5 201.5 225.6 248.4 276.8 305.1 336.8 368.5 401.5 439.4 474.1 504.3 534.4 563.2 592.9 621.4 650.8 676.8 700.1 718.9 733.3 745.2 754.6 762.9 769.3 775.8 792.5 806 815.3 819.3 830.9 834.5 824.8 823.5 825.8 820.6 817.3 795.8 763.6 724.4 648 597.2 563.8 536.8 515.1 540.4 564.8 586 610.8 636.5 663.4 692.9 697.7 680.4 660.4 635 584.7 550.3 512.7 485.4 529.6 554.4 572.7 586.7 570.9 560.4 558.8 555.5 561.4 566.5 574.6 578.5 591.1 598.3
107.5 103.6 128.7 141.8 161.7 184 203.5 228.1 251.2 278.9 307.1 336.5 369 404.9 440.3 477.7 511.2 546.7 574.3 604.2 631.2 658.8 686.6 711.1 730.1 742.5 753.2 761.4 768.4 775.7 781.7 797.3 811.7 822.7 825 833.5 841.1 838.8 827.7 817.7 813.9 805.6 784.8 747.3 688.9 627.6 588.6 558.9 532.8 541.4 562 586.4 611.3 646.7 678.8 704.4 723.8 722.4 702.9 688 664 612.6 571.2 529 493.5 538.8 571.6 593.7 602.2 590.5 579.6 578.8 576.2 580.1 583.2 588.7 596.7 605 615.1
115.8 113.3 135.7 147.3 163.8 184.4 206.3 233.7 257.9 286.2 310.2 338.1 372.6 405.6 441.1 477.6 513.4 546.4 579.5 609.2 639.1 665.8 692.3 717 735.8 748.3 759.1 767.3 774 779.1 785 799.2 814.3 823.2 826.2 835.4 842.4 839.4 832.9 823.1 790.9 754.4 742.4 699.3 656.1 616.2 581.3 551.8 553 560.4 584.1 606.4 638.5 690.5 712.6 741.2 754.2 746 723 701.2 671.9 624 582.5 541.7 500.9 549.7 584.5 610.6 617.1 608.4 595 599.6 597.6 598.1 602.3 607.1 615.6 627.2 638.7
112 124.3 140.2 154.9 172.1 189.3 210 234.1 259.9 285.8 311.9 337 372.2 407.9 445.3 482 517.1 550.6 583.3 613 641.9 669.5 696 719.4 735.7 748.9 759.6 768.4 776.8 784.3 790.3 799.6 812.2 819.3 824.7 834.5 846.8 842.5 836.3 824.5 782.8 740.2 698.1 666.4 635.4 605.9 573.7 571.1 573 581 604 631.7 659.9 711 748.3 765.6 771.9 757.5 734.5 709.6 682.5 643.3 595.1 560 515.3 555.1 599.6 624.1 633.2 629.2 610.9 615.6 618 617.6 618.8 623.4 631.6 647.2 661.1
107.1 131.8 146.1 160.6 175.4 193.9 214.6 240.8 263.9 291.7 322.8 353.1 382.6 411.3 447.2 483.2 517.3 553 586.2 617.4 645.2 672 698.5 719.7 736 748 758.5 767.6 777.2 784.8 794.5 803.1 811.2 818.3 822.8 833.4 844.8 839.2 835 816.1 766.8 718.2 679.8 651 626.9 598.2 587.2 589.3 590.9 600.5 627.2 657.1 688 729 765 784.9 784.9 760.7 733.4 715 688 662.6 606.6 573.7 531.2 566.2 607.5 640.4 651.9 645.8 637.4 634.9 638 633.7 637.1 639.9 645.9 661.8 677.5
111 141 154.3 167.8 181.3 198.5 221.3 244.1 268.6 297.9 330 356.8 386.3 417.8 449.8 482.6 517.3 550.6 582.7 612.7 642.2 671.9 698.1 716.6 731.8 744.9 756.8 767.3 776.2 783.4 792.5 804.1 810.4 814.5 820.2 831.1 837.1 835.4 833.6 801.3 750.1 708.3 670.6 639.9 617.8 603.5 602.2 603.2 614 628.8 647.5 684.1 716.4 757 785.5 800.1 797.1 763.8 738.5 712.9 685.1 659 621.8 589.3 555 582.9 615.8 654.9 667.5 661.2 653.8 653.6 651.9 652.7 654.2 655.6 663.3 677.8 693.5
115.9 147.3 159.1 171.7 185.5 202.6 225.5 247.5 273.8 304.9 332.5 357.8 390.6 419.8 448.7 482.2 516.8 549.1 578.9 604.9 634 663.6 690.6 711.5 726.7 742.3 754.6 765.7 772.6 779.8 788 797.4 806.2 811.3 818 828.4 834.1 837.8 832.3 804.9 753 702.7 668.2 638 623.8 616.3 612.8 616.3 632.3 660.8 673.5 706.1 745.4 782.6 807.4 816.6 805.1 766.5 741.1 710.5 677.3 651.7 632.9 606.9 581.3 598.2 638.1 664.8 680.2 676.8 672 669.3 669.1 668.3 668.7 671.9 678.6 696.5 711.3
124.5 151.6 163.6 176.1 190.9 207.9 230.9 254.1 279.8 304.8 334.9 363.1 388.5 417.3 445.5 479.4 512.4 544.7 571.8 591.3 620.4 647.8 675 700.4 719.7 738 750.2 759.4 768.3 775.9 783.6 789.9 801.6 807.5 817.1 828.2 834.1 840 831.2 796.2 751.8 707.4 672.7 642.4 634.5 626.3 626.9 633.2 655.1 674.6 702.8 733.1 772.3 810.5 830 832.6 811.9 768 742.1 710.6 681.2 654.3 637.7 626.6 600.3 612.4 647.9 681.7 692.6 687.7 683 685.6 683.6 682.3 685 689.6 697.3 717.4 732.8
131 156.3 168.9 179.2 193.2 211.3 232.9 256.6 279.9 303.8 334.6 362 386.2 411.5 438 470.5 498.2 527.6 555.8 586.8 617.3 635.6 647.7 678.6 703 725.2 736.8 750.1 760.6 768 778.4 787.9 796.4 804.1 816.9 830.5 837.6 837.4 830.1 799.4 756.6 710.7 669 664.2 650 649.9 659.7 667.5 682.6 703.3 728.7 754.1 798.6 834.5 848.3 843 811.2 769.1 748 709.1 681.4 661.1 646.5 642.8 624.4 634.5 667 691.7 698.5 700.6 697.5 702.5 700.7 700.3 701.1 706.3 718.6 741.9 758.7
132.9 152.9 173.3 184.9 199.9 217.6 238.5 258.2 279.9 302.7 329.9 355.4 380.1 406.5 435.3 461.2 493.8 524.5 556.6 589.2 621.6 649.5 677.6 693.9 712.6 730.3 739.9 752.5 762.6 771.3 780.2 788.2 794.5 802.9 818.5 832.6 837.9 836.2 825.3 797.3 757.2 709 707.8 695.5 678.7 685 693.1 706.6 717 741.1 757 787.5 826.3 853.2 867 841.2 804.1 778.4 759 722.6 685 669.8 660.8 659.9 645.1 651.6 678.4 700.7 710.3 710.5 710 715.5 711.9 715.9 719.3 730.8 745.1 761 783.7
131.1 166.2 178.3 189.8 204.1 222.4 241.9 264 286.3 310.6 332.5 357.3 379.5 406.2 431.9 459.7 490.2 519.1 549.4 583.7 615.1 647.9 678.5 704.4 725.2 739.7 750 758.9 767.3 776.8 789.1 794.1 797 804.8 822.3 836.8 840 836.7 832.9 802.9 748.5 740.9 741.5 733.9 722.4 730 747.8 757.4 768.3 777.2 786.2 817.1 845.1 871.6 875.8 841.9 811.1 788.7 766.8 728 692.9 681.2 673.9 675.5 664.8 667.6 696.1 706.5 722 720.7 721.5 728.6 724.1 731.4 739.3 752.4 766.3 788.4 809
150.5 174.3 183.4 194.1 208.6 227.3 244.6 263.7 285 306.8 330.9 352.5 376.9 399.6 426.1 451.9 480.6 510.3 543 574 605.7 638 673.9 706.2 729.6 745 756.8 765.4 775.7 785.5 794.7 801.6 805 811.7 830.8 842.3 843.5 840.6 838.5 811 784.3 778.6 778.8 781.9 768.9 777.9 793.1 802.9 804.7 820.2 815.4 843.1 890.4 895.7 876.4 847.4 818.8 797.4 771.6 738.4 710.1 696.1 689.2 695.8 684.7 679 710.6 717.7 731.2 725.8 730.7 734.5 734 745.5 758.1 772.5 795 811.7 831.9
160.7 173.4 187.4 197.4 211.7 227 244 263 282.2 302.5 327.1 348.1 369.7 393.8 418.4 444.4 471 501.3 531.8 561.1 594 627.9 665 701.4 732.8 749.2 763.3 772.3 782 791.3 801.3 810.1 813.8 817.9 835 847.4 847.7 847.1 843.9 816 824.1 828.4 819.4 811.8 806 818.7 830.1 835.3 839.9 849 849.9 867.1 914.3 913.9 875.2 850.5 825.5 805.1 785.5 760.8 734.8 720.4 709.2 715.3 708.7 688.2 718.1 727.7 739.1 735.5 742.9 747.3 744.2 756.1 771.6 787.2 810.3 826.9 851.5
172.6 170.2 190.9 200.2 213.6 229 247.2 264.7 283.2 301.5 323.7 343.6 363.2 385.5 409.8 436.2 462.7 491.6 520.8 549.7 584 618.4 656.3 693.3 727.6 751.6 768 779.3 787.3 794.2 810 820.3 820.5 823.4 838.5 849.2 851.6 851.4 840.9 849.7 850.1 850.4 857.2 846.2 847 849.2 862.2 866 875.4 884.6 902.1 904.9 940.2 920.7 884.3 856.9 828.2 809 793.1 780 764.3 751.9 733.7 734.2 725.3 699.6 726.9 738 750.1 744.6 752 754.9 755.5 767.8 785.5 804.4 822.5 837.2 857.3
191.4 167.3 193.2 205.9 217.2 231.7 248.3 263 279.6 298.3 317.4 334.6 352.3 374.8 400 426.5 455.2 484.1 511 544 575 608.9 644.6 685.4 719 749.3 772.2 783 795.6 803.9 819.4 829.5 830 835.3 846.1 853.4 855.7 852.6 853.9 858.8 862.1 863.6 872.7 876.7 879.5 883.5 892.5 901.5 914.1 919.4 940.1 936.8 956.6 920.9 886.9 861.5 835.6 815.7 802.7 792.6 783.8 775.5 765.7 753.6 740.3 719.2 728.9 742.6 748.9 749.8 759.6 763.3 765.4 775 793.5 811.8 829.4 837.6 851.5
200.4 188.7 188.2 211 220.9 233.7 247.4 262.7 275.9 291.9 308 326.1 344.7 366.5 393.1 419.5 447.6 476.2 503.5 534 566.5 599.6 635.2 672.4 707.3 742.4 769.4 787.4 801.6 813.8 826.8 837 839.2 845.3 851.5 857.9 856.3 857.2 860.5 866.3 869.8 872.6 882.8 890.3 894.3 903 912.4 921.9 932 944.4 957.2 965.1 960.5 924.2 888.8 867.2 845.8 830.3 819.7 807.6 798.4 788.5 779.6 765.9 747.5 732.1 731.5 744.9 753.9 751.9 765.8 764.9 769.1 780.5 797.3 808.8 819.9 829.1 836.4
214.7 203.9 177 211.1 224.6 234.3 247.2 260.5 273.6 285.8 299.7 317.1 337.4 360.3 383.3 409.6 437.3 465 493.1 524.1 556.2 586.7 622.3 659.1 694 730.2 764.3 789 805.7 820.2 833.7 843.9 848.9 852.6 858.5 860.1 858.2 866.9 867.9 873 879.6 879.6 891.9 898.7 903.5 913.9 923.7 933.1 943.5 955.6 967.4 978.1 975.7 943.2 905.3 880.2 861.9 846.9 835 825.9 818.3 808.2 785 760.6 742.9 734.3 735.2 745.2 756.1 757.6 767.7 768 771.1 778.9 788 796.4 800.4 805.6 809.6
