data/NN19.asc
ncols 200
nrows 200
xllcorner 210000
yllcorner 790000
cellsize 50
[rows 70 to 104 of 200, columns 0 to 77 of 200]
313.5 314.2 316.8 321 327.9 331.4 335.6 338.1 341.9 349.3 348.1 352.9 359.1 367.9 373.5 378 383.1 386.8 395.5 398.3 401.6 404.4 407.3 409.7 411.4 412.4 412.6 412.8 411.7 410 409.4 407.8 405 402.8 398.2 395.2 393.1 392.1 391.8 391.5 391.2 388.9 387.1 386.6 386.7 386.6 386.5 386 384.9 383.4 381 377.9 375.4 372.7 370.8 369.4 368.2 366.5 364.7 362.8 361.2 359.3 356.3 354.6 353.2 350.7 348.3 346.1 342.5 342.8 341.5 340.1 339.9 340.6 342.2 346.1 349 353.2
317.3 318.5 321.6 325.3 331.6 335 340.6 345.5 349.2 354.7 355.1 359.9 367.4 374.9 379 384.8 389.4 393.5 400.2 403.3 405 407.4 410.1 411.2 413.4 412.7 411.9 411.8 410 408.2 406.7 403.7 401.5 398.9 394.7 392.4 390.2 388.9 387.6 386.3 384.8 382.7 381.8 381.8 382.5 381.8 381.5 381.6 380.4 378.7 376.9 375 372.8 370.8 369.3 367.6 366.3 364.7 362.7 360.8 359.1 357.3 355.2 353.2 352.4 350.4 346.8 345.4 345.6 345.1 345.2 345.2 345.2 346.7 349.1 353.2 357 361.1
320.7 323.6 327.1 330 336.6 341.5 345.5 349.9 354.8 360.3 362.3 367.3 376.1 383 389.1 392.9 394.1 398.7 405.6 408 409.3 410.5 412.3 412.8 413.8 412.5 410.9 410 408 406.2 403.3 400.5 398.1 396 391.5 389.7 389.1 387.1 383.8 382.6 381.3 380.5 379.9 379 378 377.8 377.4 377.7 376.3 374.7 373 372.4 371.4 369.8 367.9 366.2 364.4 362.7 361.4 360.1 358.8 357.8 355 352.7 351.8 350.2 347.4 347.3 347.8 349.3 353.6 352.7 353.3 354.6 358.5 362.4 366 370
325.1 328.9 333.1 335.1 340.1 345.5 349.9 354.5 360 365.7 370.9 375.1 383.1 389.4 396.6 398.7 401.5 404.2 410 412.5 411.6 413.3 414.7 414.4 412.4 411.3 410.1 408.2 406.1 403.9 400.5 396.8 393.8 391.2 388.9 388.2 386.4 385.2 383.1 380.5 379.5 378.7 378.1 377.1 376.2 374.7 373.5 374.6 374 371.9 370.8 370.4 370 368.8 367.5 365.5 364.1 362.4 361.1 359.7 358.3 358.8 355.4 352.3 351 349.5 348.9 348.7 349.1 353 358.3 357.2 359.7 360.9 363.5 366.1 370.9 378.7
330.3 334.8 338 339.6 343.6 348.9 354 358.8 364.1 371.4 377.1 383.1 389.5 393.7 401 404 405.4 407.7 412.5 414.1 413.8 415.7 416.3 415 411.6 409.5 408.4 406.4 404.2 401.2 397.7 394.5 390.3 386.2 385.5 385.1 382 381.8 379.6 379.2 378.5 377 376.2 375.2 374.4 372.9 371.8 371.2 371.4 369.9 370 369.8 369.6 369 368.3 367.6 364.5 362.8 360.9 359.6 359.3 356.6 356.2 356.2 353.2 350.8 350.3 350.7 351.3 354.5 360.3 360.6 362.1 363.9 366.9 370.6 376.6 382.7
334.7 338.9 343.4 345.4 347.4 352.3 358.2 364.9 370.1 375.1 383.8 389.9 395.3 399.8 405.9 408.6 410.2 413.1 415.8 415.8 416.3 418.3 418.3 414.6 410.9 408.5 406.6 404.2 401.5 398.5 395.7 392.7 388 384.4 382.5 382.1 379 378.4 380.3 377.8 375.5 376.2 375 373.5 372.6 371.4 370.6 370.1 370 370.3 370.9 371.3 371.1 369.8 368.7 367.1 365.8 364.9 363.4 362.4 361.9 360.5 360.4 360.4 355.9 352.9 352.6 352.7 353.2 356 360.7 363 364.5 367.8 373.5 381.8 385.6 390.9
338.1 342.3 347.4 349.9 350.4 356.5 364.8 370.7 374.6 381.3 387.3 395 402 405.6 410.6 414.9 417.1 417.2 419.6 420.9 417.6 418.2 419.7 415.2 410.1 407.1 405.1 401.7 398.9 396.2 393.7 390.9 387.5 383.8 381.8 379.5 377 376.2 376 375 374 372.9 373.1 373.6 373.1 370.6 370.7 370.6 370.2 370.5 371.1 372 371.6 370.3 369.1 368.9 369.9 370.2 368.9 367.2 365.8 362.5 361.3 360.2 357.4 356.4 356.9 355.9 356.7 360.6 365.6 367.6 368.5 373.2 382.4 388.4 396.5 399.9
341.9 346.4 351.3 354.3 356 362.3 369.9 374.7 379.8 386.3 392.5 398.6 406.1 409.1 415.3 418.6 420.7 421 423.6 424.6 421.2 418.9 416.2 412.5 410.1 405.8 403 399.6 396.4 393.5 392.4 389.5 387 383.6 380.7 379.8 378.5 376.7 374.5 373.9 372.8 372.2 371.8 372.2 371.3 370.8 371.3 371.3 371.2 371.8 372.7 373.7 373.2 372.5 372.7 373.3 374.4 374.5 370.9 368.8 367.2 365.2 362.8 361.6 360.8 360.1 360.8 360.1 361.3 365 369.5 373.3 376.6 383.5 389.8 396 404.5 409.7
347.1 352.5 357 358.8 361.3 367.6 376.7 379.5 382.4 391.9 397.9 403.1 410.9 414.8 417.9 422.9 425 425.6 429.2 426.6 423.4 419.3 414.9 410.8 408.4 404.8 401.7 397.5 394.1 392.7 392.2 390.1 387.8 384 382.3 381.5 379.8 377.6 374.9 373.9 373.9 373.1 372.1 371.6 372.5 373 373.7 374 373.8 374.1 374.7 374.5 375.2 376.7 377 377.4 377.6 377.3 374.4 372.6 369.2 367.2 366.2 365 365.2 367 366.1 364.4 367.1 369.2 372.1 379.8 385.4 389.5 396.5 406.7 412.3 418.3
352.6 358.5 361.1 363.9 366.2 370.3 378.7 382.1 383.9 395.9 400.1 408.4 415.4 420.3 422.3 425.9 428 429 433.5 428.7 423.6 419.5 415.2 411 407 403.9 401 398.1 395.3 393.7 393.3 391.6 388.7 385.6 383.9 382.7 381 378.9 377.5 376.8 376.1 375.8 375.3 375.6 376.1 376.4 376.7 376.9 376.9 376.7 375.8 375.9 378.9 380.6 381.3 381.6 380.1 380.1 378.6 377.2 373.4 372 371.3 371.3 370.4 370.1 368.4 367.3 368.3 373.2 383.3 388.1 393.4 397.2 403.6 413.1 417.3 427.1
357.2 362 363.1 367.7 371.2 373.9 382.1 386.5 388.6 401.4 406.3 414.6 419.9 423.5 426.6 428.5 429.3 430.8 431.6 428.1 423 419.5 415.4 411.4 408.6 405.8 402.9 399.9 396.8 395.2 393.9 391.9 388.6 387.2 385.8 384 382.5 382.8 381.6 379.9 379.2 378.6 379.5 380.2 381.6 381.9 382.2 380.4 380.7 381.1 381 381.6 384.2 385.7 386.9 387.8 385.4 386.8 383.8 377.8 379.1 377.9 378 377.9 376.8 374.9 373.7 372 376.9 385 392.1 397 401.4 406.6 413.8 419.3 427.4 433.9
361.8 365.6 368.5 372.6 375.5 382 388.2 391 394.5 407.6 411.7 419 425.6 427 429.6 430.5 429.8 433.6 429.6 426.4 423.2 420.1 415.4 413.1 410.5 407.7 404.8 401.6 398.4 396.3 394.1 392.5 390.3 389.2 388.3 387.7 387.4 388.2 386.6 384.8 382.9 383.7 385.4 386.4 387.3 388.2 387.7 385.6 384.1 386.7 386.4 387.6 390.8 393 393.2 396.6 395.7 393.5 390.5 386.9 388.2 388 387.2 384.5 383.5 381.5 380.1 379.7 380.5 388 394.8 405.4 409.7 412.1 420.6 428.4 433.8 441.1
365.6 370.4 374.1 379.7 380.1 389 393.4 395.2 402.2 411.1 416.9 422.7 431.1 432.4 433.9 432.9 434.4 431.8 430.2 427.8 424.6 422.2 417.9 414.8 412.3 409.6 406.4 403.3 400.1 399.3 397.3 395.5 393.7 391.9 391.4 391.6 393.1 393.4 391.7 390.2 389.2 391.4 392.4 393.7 394.4 394.2 392 392.4 392.6 394.3 395.9 397.5 399.4 400.3 400.3 406.2 404.8 403.4 400.3 400.2 399.7 398.7 395.8 392.8 390.4 388.2 386.4 385.1 387.7 392.8 401 413.6 417.3 418.5 427.1 437.4 441.1 447.2
369 372.6 381.9 383.7 385.1 394.4 401.3 401.1 407.5 412.6 420.8 426.6 434.4 435.7 439.1 436 437.8 433.7 429 429.5 427.4 424.6 421.4 416.5 414.1 411.5 408.9 406 402.1 401.5 401 401.2 398.3 397.3 395.6 397.3 398.3 398.7 397.7 396.6 396.6 400 401.5 401.1 400.6 399.9 400.6 401.9 404.6 408.6 409.7 407.6 408.1 410.6 411 415 415 414.4 410.9 410.7 409.6 406.9 404.8 402.1 399.2 396.1 393.4 392.9 396.2 402.4 408.3 416 421.7 427.5 432.3 442.3 448.7 458.5
372.6 378.2 384.1 387.5 391.3 398.4 405.5 408.4 411.8 416 424.7 430.7 435.5 438.9 441.3 441.6 438.2 435.6 431.4 431.8 429.8 427.1 424.4 418.9 416.6 414.2 411.3 408.2 405.7 405.4 406.8 406.7 405.8 404.6 403.9 404 404.3 405 405.7 404.7 406.3 409.8 410.1 408.4 406.7 408.6 410.1 414.6 417.7 419.2 421.8 420.3 420.3 420.6 422.8 425.3 424.8 423.2 422.3 421.3 419.4 418.8 416.7 414.6 409.2 406.1 403 402.2 409.1 417.2 417.6 422.3 429.9 438.1 443.8 453.2 458.2 465.5
376.2 381.5 388.6 392.8 399.1 403.2 411 416.1 418.1 422.9 428.7 434.9 438.8 442.7 445.8 446.1 440.6 437.9 433.6 433.7 432.6 430.8 424.9 421.9 420.1 417.3 414.5 411.4 409.4 412.1 413 413.3 413.5 412.7 413.3 414.2 411.6 411.7 413.2 414.3 418.3 421.2 418.3 419 419.9 422.8 428.6 427.9 430.7 430.7 433.2 432.8 430.8 431.8 436.5 432.6 433 433.3 432.9 435.2 429.2 429.6 427.5 425 419 415.9 414.2 415 424 428.8 435.4 440 446.3 457.4 469 469.7 470.9 472.2
382.3 383.7 393.1 399.5 404.5 410 413.1 421.8 425.1 430.3 435 442.5 442.9 445.6 451.8 446.6 443.3 441 437.8 437.1 434.2 431.5 428.4 425.8 423.7 419.9 417.8 414.9 414.5 419.6 420.9 421.2 421.7 419.9 422.4 423.6 420.4 421.4 425.1 427.1 430.4 430.8 432.6 434.9 436.3 441.3 445.4 445.3 445.5 449.6 445.3 443.7 442 442.7 446.1 443.1 441.6 442.5 447.2 446.2 441.9 437.4 436.6 434.3 429.6 427.9 428.2 431.7 437.7 447.9 453.9 461.3 465 472.3 479.8 488.3 484.5 480.9
388.8 394.9 395.4 403.3 412.5 417.4 418.1 427.2 432.3 434.9 442.5 447.8 453.9 453.2 451.7 447.1 445.1 442.6 442.6 441.4 436.7 434.8 432.4 430.1 425.3 422.1 421.7 419.9 420.7 427.5 428.8 432 430.7 428.7 430.6 432.1 433.7 434.9 437 442.7 445.9 447.5 450 453.7 459 460.5 462 463.3 468.1 469.6 463.1 458.9 454.1 453.9 453.7 454.4 452.9 457.9 455.4 455.4 453.1 446.4 445.5 443 442.2 441.8 449.4 454.1 462.8 471.4 476.6 484.3 487.8 488.8 494.6 492.6 491.1 485.8
394.5 400.6 401.1 408 416.1 422.7 423.8 431.4 437.8 441.9 447.9 453.4 458.5 457.4 457.1 448.6 446.1 445.7 446 445.8 442.2 438.7 436.1 432.3 429.6 425.7 426 426.1 429 432.8 437.1 441.2 441 441.3 441.4 443.2 447.6 449.8 453.5 461.1 465.6 467.4 471.5 477.5 484.6 483 485.5 493.4 496.9 496.8 486.5 476.5 466.5 465.6 464 470.1 468.6 471.6 467 463.4 459.5 456.6 456.8 457.6 456.2 459.2 471.6 478.7 487.6 494.9 503.5 506.6 505 500.2 501 498.8 490.2 485.3
400.9 407.5 408.6 411.1 419 426.7 431.4 435.6 441.7 447.2 453.3 455.4 461.4 461.7 459.4 452.2 448.7 448.7 446.7 445.8 446.4 443.3 438.1 434 432.1 430.9 431.7 433.7 437.2 440.2 444.9 449.6 449.8 453.7 455.6 455.1 461.1 469 476.1 483.8 489.5 492.9 499.7 507 509.4 507 517.5 525.2 530.2 530 507.7 493.5 482.9 477.4 476.9 483.7 479 479.3 478 477.1 473.9 471.2 470.2 471.2 474.1 478.2 495.6 501.4 516.2 524.2 526.4 522.6 517.7 509.4 505.8 500 490.2 484.2
409.4 413.9 416.4 417.2 422.4 429.2 434.2 441.5 447 453.2 458.8 462.9 467.1 466.3 462.4 456.2 454.5 457.3 451.3 445.9 444.8 442.7 440.2 438.4 436.1 435.3 437.3 439.9 443.3 447.9 452.5 458.7 457.4 461.8 467.3 472.6 482 492 499.6 512.9 519.6 524 530 535 531.9 533.3 542.6 557.3 558.3 548.1 525.8 507 499.4 490.4 491.9 494.4 501.7 496.5 493.5 493.2 490.2 484.8 483.9 484.7 494.8 506.1 512.4 522.3 535.4 542.9 538.5 530.6 520.3 508.1 499.1 496 488.6 484.6
415.9 419.4 422.6 423.6 424.5 432 435.8 445.3 453 461.4 465.6 467.9 469.9 470.4 463.7 462.4 458.6 461.1 455.2 450.5 446.7 443.6 440 438.6 438.1 438.5 440.4 444.3 449.1 453.5 457.4 462.3 467.1 474.3 484.4 498 512.6 521.9 533 545.8 552.5 559.4 560.7 563.8 562.9 561.9 572.5 584.6 575.7 562.6 548.7 541.2 530.9 512.8 514 514.4 522.1 512.3 509.3 506 501.2 497.3 497.7 508.2 527.6 532.9 538.3 546.3 550.6 555.1 543.8 529.5 515.3 506.8 500 492.2 490.2 485.9
422.2 424 426.9 428.9 430.6 432.7 438.9 449.1 458.4 464.2 467.8 470.3 470.2 469.1 467.1 464.5 465.9 465.9 460.1 452.8 448.2 445.3 441.8 439.4 440 442.1 445.1 449.4 454.6 459.2 464.2 471.6 479.4 490.4 503.1 520.4 535.5 544.1 554.6 568.4 573.1 578.4 585.7 589.4 595.9 596.1 608.3 601.9 598.2 594.6 593.1 576.5 568 555.3 541.8 536 532.6 522 518.3 515.1 511.4 510.8 514 529.8 549.4 556.7 560.4 565.5 567 556.9 539.2 523.3 510.7 502.6 495.9 489.5 487.8 484.5
426.7 426.6 431.1 433.4 437.3 437.6 443.9 453.9 461.4 466.2 468.9 470.6 470.7 468.9 468.8 467.3 466.5 467.1 462 454 450.4 448.1 442.2 441.8 442.7 447.2 450.6 455 460.7 466.5 472.4 480.1 492.4 504.5 517.7 533.6 548.1 557.4 568.3 578.4 584.4 590.7 603.3 607 613.5 619.2 619.1 620.1 621.8 620.6 608 604.4 581.8 572.1 560.4 552.4 539.6 532.1 527.2 523.9 524.8 528.6 532.8 545.9 564 575.3 580.5 578.4 569.1 550.6 533.3 516.8 506.8 498.2 492.2 487.7 485.3 481.4
429.6 429.9 433.2 437.3 443.2 442.6 448 456.1 463.3 467.4 471 472.5 471.5 470 469.9 470.2 467.6 465.5 465.1 455.4 450.6 446 445.2 445.8 448.8 452.4 456 461.2 467.3 474 480.5 491.1 503.9 517.5 530.1 543 557.2 566.2 575.3 584.5 591.3 597 608.6 616.4 619.5 625.3 632.2 636 636.5 633.2 628.5 613.5 595.6 583.4 572.4 560.6 548.8 543.6 538.5 539.1 547.1 552.1 566.8 574.3 587.7 596.9 590.3 579.3 564.4 543.1 526 513.1 503.8 495.6 489.4 485.1 481.7 477
432 433.3 438.4 440.6 447 445.7 450.8 458.5 464.5 469.4 470.8 472.2 471.9 470 470.8 470.8 466.4 463.6 462.5 455.4 450.4 448 447.7 447.6 451.3 455.4 462.4 468.7 474.4 480.7 489.1 500.9 517.4 528 539 551.2 563.4 571.4 579.9 588.4 593 602.7 613.9 621.9 626.8 635.5 643.6 648.7 651.6 648.7 648.2 630.3 610.3 595.4 586.3 576.4 573.2 566 559.3 566.8 570.7 582.1 597 609.9 620.7 607.1 586.5 572.6 554.8 535.5 522.1 511.1 500.7 493.2 486.6 481.5 477.8 472.8
434.9 435.6 439.7 442.6 451.1 450.7 453.5 459 463.4 468.3 470.1 472.6 472.4 471.1 471.6 469.4 465.3 462 457.6 454 451.1 450.9 449.9 449.8 455 462.5 469.3 475.9 484.6 493.3 500.9 511.6 526.3 536.1 545.6 554.6 564.6 574 581 589.4 600.9 611.3 621.5 628.6 634.3 643.5 650.4 658 661.4 663.7 656.4 642.6 627.4 615.9 614.7 616 607.5 598.7 597.7 597 598.9 609.9 631.6 644.2 625.8 609.5 582.4 564.1 546.2 527.4 515.5 508.8 498.2 489.8 483.9 478.1 474.9 472.2
436.6 436.9 440.4 445.5 449.4 452.5 456.1 459.9 463.6 466.1 470.7 472.4 472.9 472.3 470.4 467.4 464.5 459.4 456 453.4 452.3 453 451.6 454.8 463 469.9 476.3 484.7 496.5 505.2 513.2 526.2 535.9 544 550.9 557.5 566.3 575.4 583.8 593.7 607.3 617.6 627 635.7 640.4 652.3 658.6 667 672.3 676 675.9 669.9 656.3 648.4 656.2 649.7 641.4 636.8 640.6 635.2 627.8 651.7 665.1 647.9 628.7 598.9 572.6 553 532.9 517.1 507.3 500.5 492.7 485.3 479.1 474.9 470.1 468.4
439.8 440.5 444.5 448.1 451.3 456.8 459.6 463 463.8 465.5 469.7 472.4 471.5 471.4 468.9 464.1 460.6 459.9 457.2 455.1 453.1 453.4 454.9 462.5 470.8 477.1 484.5 494.4 507 514.7 524.8 535.3 546.1 549.4 551.9 558 566.5 578.1 588.3 599.5 612.2 623.4 631.9 640.3 648.1 658.8 668 678 684.7 691.3 695.3 697.4 692.2 687.8 689.4 689.1 682.3 690.5 692.7 675.7 662.9 679.5 663.9 640 614.2 582.6 556.5 539.5 521 512.3 500.5 494 485.2 480.4 475 470.2 468.3 466.9
440.4 440.8 446.7 451.7 453.9 461.3 463.1 462.9 463.4 465.6 467.6 469.8 470 469.7 467.4 461.5 458.7 458.9 456.7 455.9 454.1 454 458.3 466.4 473 481 491.2 504.3 515 521.2 528.1 536.9 547.4 553 556 562.6 568.1 579.3 590.2 603 615.4 626.5 635.5 646.1 652.9 664.1 679.5 689.6 698.8 709.2 717.2 719.9 724.1 715.8 721.9 729 730.8 725.4 715 700.9 685.2 673.2 649.8 623.2 596.8 562.6 542.1 527.2 510.7 502.1 491.8 484.2 479.2 476 472.4 468.8 468.6 468.7
440.9 444.1 448.7 453.4 456.4 460.7 462.7 463.3 463.3 466.4 467.3 467.3 467 466.7 466.1 461.1 457.2 456.2 456.1 455.4 455.1 456.5 461.1 468 476 486.2 497.6 509.8 519.3 525.2 530.9 538.4 547.1 553.8 560.7 566.5 573.4 581.4 592.9 605.4 616.9 628.8 639.4 651.1 657.9 670.7 687.7 701.3 715.1 725.5 733.7 735.4 735.5 732.3 743 745.2 738.8 728.9 720.1 702.4 666.9 644.2 621.4 597.8 572.1 543.6 527.2 516.4 502.8 493.5 485.5 478.6 474.7 471.5 470.2 469.7 471 473.2
443.6 446.4 450.4 453.5 457.5 460.3 461.8 463.9 463.2 466.5 467 465.9 465.4 463.9 463.3 460 457.6 457.5 458.4 457.6 457.5 462 466.3 471.5 478.9 489.5 502.7 513.5 521.8 528.5 532.8 540 549.2 556.6 561 568.8 577.5 587.8 596.8 607.9 619.6 631.3 644.4 654.7 663.1 680.7 697 713.8 727.8 734.3 738.9 740.5 739.1 739.7 743.1 741 734.6 722.5 711.4 690.9 657.8 622.3 596.5 573.9 553 528.2 514.4 507.2 494.8 485.7 476.4 474.2 471.4 470.3 470.6 471.6 474.7 480.8
445 447.4 450.4 453.6 456.3 461.8 463.3 463.5 463.6 465.2 464.5 463.6 461.7 460.1 460.3 458.1 459.1 461.4 461.5 460.5 461.2 466.3 470.9 475.4 483.8 496.6 508.4 517.1 523 528.1 533.4 540.6 547.5 554.2 563.7 571.9 581.3 592.1 602.7 613.4 624.2 635.5 647.3 657.3 670.8 687.3 703.6 718.8 727.9 735.4 738 736.7 734.9 733.4 734.5 730.4 721.6 709.1 693.6 670.5 641.9 604.2 579.1 557.2 535.8 520.1 504.5 498.1 488.3 480 473.4 469.8 469.7 470 471.9 476.2 480.5 488.8
443.1 447.4 450.6 453.6 456.3 460.6 463.6 463.2 463.3 463.5 461.2 460.7 458.5 456.5 457.2 458.7 462.7 465.2 464.9 464.2 465.2 469.8 472.9 477.8 486.3 497.6 506.4 514.3 520.9 527.5 533.7 540.1 546.6 552.2 564.1 572.7 583.5 594 605.3 618.2 625.8 637.1 649.4 660.8 676.1 692.5 706.3 716 724.7 729.7 730.8 728.3 725.9 723.3 721.8 715.5 704.1 691.3 672.1 646.7 617.1 582.9 560.9 540 524.5 509.9 498.5 489 481.3 472.6 470.7 468.1 469.3 471.2 476.2 482.3 488.6 496.1
440.2 444 448.8 453 455.4 457.4 459.8 461.8 461.7 461.2 458.3 456.5 455.3 454.8 456 459.8 465.7 467.3 468.4 467.1 468.4 470.6 473.7 480.9 488.2 497.9 506.1 513.8 519.1 526.2 532.9 539 545.4 555.1 565.3 574.4 586 595.2 607.6 620.2 629.6 638.3 651.1 662.6 680.1 694.8 703.1 710.8 716.8 720.6 720.8 718.4 715.8 711.4 706.6 700.1 688.7 670 647.2 623.1 593.5 566.5 545.8 527.9 514.5 501.7 491.7 481.3 473.9 468.8 468.2 467.3 470.1 474.1 482.1 488 499.4 505.6
