data/NN22.asc
ncols 200
nrows 200
xllcorner 220000
yllcorner 720000
cellsize 50
[rows 140 to 174 of 200, columns 0 to 77 of 200]
526.2 524.1 521.8 518.9 515.7 509.7 502.9 486.4 472.1 458.4 446 438.5 427.2 424 419.3 418.3 414.2 409.3 409.1 410.4 411.1 415.2 418.3 422 424.2 429 438.1 444.2 447.7 451.8 458.5 463.6 471.9 482.4 491.4 499.9 510.8 518.1 529.5 536.4 547.8 548.1 548.8 559.6 569.4 572.6 581.9 589.9 589.6 591.5 586.7 581.7 578 575.7 575.4 575.2 576.3 576.5 578.4 580.4 584.4 589.4 597.1 604.7 612.4 622.3 623 620.2 624.3 631.3 634.2 625.9 625.3 623.8 620 612.4 608.1 601.4
538.6 535 531.5 526.5 519.7 512.6 503.8 490.2 478.7 467.3 454.8 441 433 426.1 422.4 420.5 418.8 410.4 409.7 410.2 412.2 414 416.7 420.3 423.5 430.2 438.8 440.3 443.6 447.5 452.3 460.2 468.6 477.3 484.3 493.5 501.7 511.2 523.4 531.4 535 541.7 549 555.7 567.3 568.3 577.6 581.3 584.9 587.5 582.8 577.5 573.2 571.1 570.4 570.2 571.4 571.5 575.4 576.8 580.6 585.6 591.8 598.1 602.4 607.4 610.8 613.1 616.5 619.5 620.2 618 615.7 614.9 612 608.8 606.4 603.4
556.3 553.9 546.4 546.4 539 525.7 511.1 496.8 481.9 468.4 457.8 444.7 437.2 429.6 423.3 418.2 414 410.4 407.8 409.4 413 414.4 414.6 418.2 421.2 429.2 433.6 434.8 440.1 445.2 453.6 456.8 464.7 472.8 480.9 488.7 494.3 502.6 513 524.9 530.1 537.8 546.9 550.8 554.2 562.3 566.5 575.5 580.6 582.3 579.2 571.4 567.5 566.4 565.7 565.3 566.2 565.9 571.4 574.6 577.1 582 588.3 593.2 597.8 603.2 607 610.7 610.2 612 614 612.5 613.1 612.7 611.8 609.1 607.5 602.3
565.1 562.8 558.2 556.5 552.5 542.7 520.9 504.2 488 471.7 460.2 451 444.2 432 425.7 418.1 414 409.7 406.9 408.6 409 412.1 413.4 415.5 418.4 422.6 425 429.9 437.2 440.8 448.1 453.3 458.3 465.2 474 483.7 490.1 496.9 506.9 515.3 524.1 530.4 538.7 546.4 550.6 555.4 560.1 566.6 574.4 567.9 565.6 561.9 559.9 558.5 558.7 558.1 559.5 560.4 565 567.9 573.9 579.2 586.4 591.2 595.3 597.7 601.5 603.8 606.9 608.6 607.6 610 608.9 608.7 610.3 609.2 608 603
569.1 569.5 574.4 570.7 559.6 545.7 526 510.5 492.9 476.6 463.8 453 446.8 432.9 428.8 422 417.1 414.2 410.1 406.3 406.8 410.1 411.4 414.8 418.6 417.2 421.8 429.3 432.8 433.6 440.1 446.6 453.4 459 465 475.6 479.9 486.1 500.3 509.3 520 531.2 536 539.5 550 552.3 552.2 555 556.2 555.4 554 551.7 550.3 548.9 549 549.5 550.2 553 556.5 559.9 566.1 570.9 576.7 581.9 585.8 589.4 593.1 593.3 600.2 601.5 601.2 602.9 601.7 598.1 602.6 603.7 602 601.8
568.3 568.6 573 572.7 563.8 547.8 528.4 513.3 496.1 480.6 466.7 454.8 445.9 437 431.3 425.5 417.1 414.1 413.3 411.6 407.6 407.9 407.9 407.7 413 418.4 416.6 419.7 423 427.6 432.4 438.5 445.3 449.9 455 462.8 471 478.9 490.9 501.6 511.5 520.5 529.6 528.9 534.3 538.3 540.7 542.5 543.6 543.4 542.8 541.7 540.4 539 539.4 540.1 540.5 543.7 547 550.5 555.9 563 569.4 574.5 582.4 581.8 585.1 585.7 587.9 590.5 591.6 591.2 596.6 588.8 588.6 593 597.1 596.6
572.9 568.3 566.7 563.1 557.2 541.3 526.2 509.2 495.7 482 470.9 464.9 449.2 436.2 427.6 420.5 416.3 413.1 411.1 409.3 408.3 405.6 403.9 406.4 410.5 412.4 411.3 414.3 418.8 423.1 427.7 432.2 439.1 444.8 451.1 455.8 463.8 472 481.1 488.4 499.7 508.8 514.4 518 523.8 530.1 533.3 534.2 533.5 532.4 531.5 530 528.9 527.8 528.8 530.4 531.2 534 536.9 540.4 545.3 552.7 557.8 563.1 569.4 571.5 573.2 575.1 581.5 581.2 582.7 579.9 580.1 578.9 579.2 585.8 586.1 593.4
581.6 578.9 573.9 566.2 555.7 537.7 521.7 504.2 491.4 483.3 475.1 467.5 453.7 442 434.1 425.8 418.6 414.2 409.8 407.6 407.5 404 403.8 405.1 404.8 407.7 409 410.7 414.1 418.1 420.7 426.2 433.6 438.3 445.3 451 456.6 466.2 473.7 479.3 485.9 494 502 508.5 514.3 521 527.8 527.7 524 522.2 520.5 518.5 517.8 518 518.7 520.1 521.7 525.2 528.2 531.2 535.2 540.6 545.7 551.6 555.8 560.9 563.2 565.7 573.4 571.8 570.6 567.2 566.4 565.2 566.9 571.9 572.2 576.8
585.8 586.2 577.5 568 546.6 532.3 517.1 502.2 495.7 487.8 482.8 477.5 464.9 452 442.3 433.4 426.7 418.5 415.1 410.2 409.7 405.8 402.6 404.3 401.4 407.9 407.6 406.3 409.4 410.4 415.6 420.2 421.5 430.8 438.7 445.3 449.3 458.5 467.6 471.9 477.8 485.6 491.9 498.8 506.4 513.8 518.3 520.3 516 515.2 515.8 510.2 508 506.8 508.1 510.3 512.4 516.2 519 521.6 525.4 528.8 533.8 539.9 545.2 548.6 554.5 556.1 567.5 561 558.5 555.7 560.8 556.7 550.2 547.4 550.3 551.2
572.4 569.7 566.9 557.9 537.1 526.1 511.8 505.9 505.9 500.1 495.2 482.2 469.3 461.6 457.3 440.4 431.2 426.4 422.5 419.2 414.3 412.6 405.5 402.5 404.5 403.6 404.8 400.4 404.4 404.4 407.9 409.6 416.2 423.4 429.1 437.5 440.5 446.9 453.6 463.6 472.4 478.6 484.7 491.7 498.9 505.5 511.3 514.4 509.3 504.6 502.8 499.8 497.4 496.7 497.1 499.5 503.3 505.6 508.1 511.9 515 517.1 520.2 523.4 527.6 529.9 535 538.5 535.9 536.9 537.8 541.6 544.6 539.7 532.8 532.5 534.8 537
559.5 554.8 548.2 538 526.6 518.2 514.4 514.5 508 503.1 492.9 481.4 470 463.2 460.4 456.1 446.5 437.5 434.3 430.3 422.7 413.5 411.7 406.5 406.5 401.8 401.2 401.1 396.8 397.8 399.2 403.8 411.2 416.8 421.3 431 433.1 440.5 447.3 454.4 462.5 469.5 477.5 484 487.8 491.8 498.6 498.1 498.7 492.7 491.2 489 486.2 484.4 484.3 485.1 491.3 493.6 496.7 499.8 502.6 505.4 508.3 510.3 512.4 514.2 515 518.1 519 519.6 521.6 520.9 520.1 522.7 522 517.4 517 516.3
550.8 551.7 540.5 528.9 519.4 514.3 513.8 511.7 510.2 500.6 494.3 484.6 474.7 465.4 467.1 464 458.4 448.1 439.6 435.6 428.1 422.4 414.9 410.5 409.2 406.5 405.6 401.2 397.6 394.8 393.9 399.1 406.7 411.7 422.3 426.1 432.4 438.3 442.3 445.9 452.9 460.7 467.2 471.7 476.7 478.5 481.2 483 482.6 480.5 479.5 478 476.6 473.2 470.7 473.9 477.2 479.8 482.6 485.5 488.8 491.2 492.9 496.2 498.5 500 498.8 502.2 504.5 504.6 505.7 506 505.4 502.7 502.6 500 499.2 496.2
546.3 537.4 526.9 519.9 515.1 516.2 514.6 517 516.4 501.9 490.3 483.3 481.2 476.9 478.4 477.3 473.2 456.3 456.3 444.3 436.8 432.7 426 416.5 413.8 408.7 407.4 405.4 399.5 396.6 395.8 393.1 400.1 407.1 418 420.9 429.3 435.5 433.8 440.5 444.6 452 456.4 460.2 463.8 466.7 468.9 471.2 470.3 468.3 466.7 464.3 463.3 460.5 459.1 459 463 465.2 467.3 468.9 472.1 475.1 477.2 480.3 482.6 484.6 483.9 486.8 488.7 489.8 489.8 489.1 489.2 492 491.2 484.4 483.4 482.1
538 531 518.6 514.4 514 516.6 518.2 515.8 512 505.3 495.8 490.8 484.8 483.4 482.6 477.1 472.5 465.9 464.7 466.1 456.7 443.5 436.3 427.7 420.5 411.9 408.2 405.5 400.1 397.4 395.5 390.3 395.5 400.4 404.5 410.7 417.7 422.5 425.6 430.8 437 440.7 444.3 448 451.2 453.1 454.5 456.2 455.2 454 452 449.6 447.3 444.1 442.4 445.4 446.7 448.7 452 454.2 455.4 458.4 461.3 461.7 462.7 464.5 466.9 468.6 469.4 469.8 469.3 470.8 470.3 469.4 468.1 466.9 465.7 465.5
531.6 527.7 514 511.2 510.6 510.9 511.1 511.5 509.1 504.3 506.1 497.3 491 497.1 493.5 485.6 480.3 477 473.6 478 475.3 466.1 449.1 438.4 429.3 420.4 410.7 404.5 399.7 396 392.7 386.9 392.1 398.4 399.6 400.2 404.9 409 415 420.9 423.4 428.2 432.8 435.2 437.7 439.4 440.5 441 440 439.1 437.4 435 432.6 429.6 428.3 430 430.7 430.9 434.5 435.9 436.6 440.1 442.6 443.6 444.4 445.3 447.1 447.5 452 453.4 453.2 453.7 453.5 450 450.6 449.9 449.3 451
529.2 519.3 511.7 511 510.8 508.7 508 508.5 505.1 499.6 499.3 496 496.3 500.1 505.7 502.7 498.9 492.5 483.8 487.8 490.9 484.7 473.8 450.1 438.9 430.2 421 411.8 401.5 392.4 392.6 385.5 395 393.1 395.5 398.4 402 405.9 409.8 413.6 418.1 420.2 423.6 422.9 424.2 425.7 426.3 426.7 425.8 424 422.7 420.3 417.8 414.2 414.1 412.4 412.9 413.7 417.5 418 417.6 420.1 422.1 425.3 427.7 427.8 429.3 430.2 431.4 434 434.3 431.1 430.8 432.7 436.1 433.8 433.1 434.2
531.1 514.7 514.8 516.8 511.5 507.2 508.4 505.1 504.4 497.8 498.2 500.7 503.1 507.7 511.9 511.4 507.7 505.4 502 497.1 502.1 502.3 496.8 476.5 451.5 438.7 427.4 416.3 406.7 397.9 388.8 381.6 389.5 392 395.5 399 402 405.6 408.7 410.1 410.3 407.5 410.9 412.3 412.3 412.5 411 411.8 411.2 409.5 407.9 405.3 402.5 398.3 399.9 398.4 399.1 399.9 399.5 398.4 400.6 402.1 401.6 403.1 406.2 408.6 414.2 412.5 412.5 414.5 416.7 410.1 413.2 415.2 416.3 414.2 418.6 418.4
521.9 522.3 520.3 512.4 509.2 507.9 508.7 504.7 502.4 505.4 508.4 512.7 517.7 517.8 519.8 517.9 517.3 510.7 515 507.9 506 505.2 503.9 500.3 490.5 472.2 436.8 422.7 410.3 399.2 384.8 374.9 383.6 386.8 395.7 399.1 403.8 407.9 407.4 398.1 396.6 396.9 398.1 398.6 397.4 398.2 397.7 396.9 396.3 393.9 391.9 388.7 387.8 385.6 383.8 383.6 380.1 380.3 386.1 384 387.3 388.1 387.9 391.2 386.9 390.6 388.2 390.9 391.5 391 395.1 388 393.9 395.4 397.9 395.8 396.8 398.8
521.8 527.7 519.1 511.1 509.6 510.3 514.3 508.8 507.7 512.6 522.2 528.1 533 532.7 534.4 526.3 522.9 520.3 520.1 517.3 515.6 514.6 510 505.6 496.1 486.6 471.2 433.2 413.7 400.6 389.4 371.3 377.8 381.2 385.1 385.6 389 388.7 388.8 386.1 381.3 385.8 381.2 383.3 380.7 380.3 383.7 380.2 380.1 377.8 380.2 377.4 375.2 373.8 368.4 364.7 363.8 368.2 366.8 368.6 370.1 371.5 370.4 375.1 372.6 376.2 373.8 378.8 375.2 377.9 377.3 375.1 381.6 376.2 385.1 377.9 383.4 386.8
528.3 530.1 525.4 516.6 513.5 521.1 521.6 523.9 517.8 520.5 529.5 537.2 540.1 540.7 539.6 543.9 542 538.1 529.3 529.7 523.2 514.9 510.8 505.2 491.6 484.4 476.3 450.6 417.9 403.4 390.1 380.5 363.1 376.8 375 375.5 376.1 375 373.9 372.1 369.7 370.2 369.6 367.4 362.7 365.1 364.5 364.8 364.7 364.4 365.7 363.8 364.9 358.6 356.4 350.5 348.1 355.1 355.5 356.5 352.8 356.1 356.4 361 357.6 362.1 360.2 363.1 357.1 361.7 360.7 363.2 365.9 364.7 369.5 371.5 375.3 374.6
541.9 544 538.5 535.7 534.8 540.8 542.3 539.4 539.9 530.9 534.4 539.8 546.6 547.6 549.6 552.4 549.7 540.2 534.7 534.3 530.9 518 508.8 498.1 484.3 484.4 467.3 453.2 425.8 411.5 395 381.3 366.3 361.6 368.9 367.1 367.5 364.7 361.7 359.9 359.5 356.5 353 349.1 347.9 350.5 352.5 349.4 357.7 351 353.5 353.8 350.6 346.1 351.1 340.5 340.1 340 344.3 343.9 342.4 350.2 344.3 346.4 345.9 345.8 344.9 346.3 347 346.4 342.6 345.9 344.9 351 351.4 355.4 359.7 366.5
558.4 555.2 553.1 553.6 558.6 556.7 562.7 551.5 547.2 545.3 549 550.6 555.4 557.8 558.6 557.7 555.5 543.6 538.3 529.5 522.6 516.1 511 497.9 481.9 468.5 462.3 448.7 430.5 418 402.8 386.1 373.5 360.8 350.5 355.7 353.3 351.5 348.1 345.8 344.7 343.9 341.6 338.7 340.1 339.8 339.9 338.5 342.1 341 340.2 339 339.6 340.2 335.5 329.2 330.9 330 333.2 332.4 334.9 335.3 334.8 337.9 331.4 336 330.1 335.5 331.2 330.8 331.7 331.5 334.8 337.6 340.3 346.3 346.2 353.7
580.2 577.7 568.7 566.7 568.5 572.8 570.8 567.1 557.6 559.4 557.8 554.4 560.7 561.8 560.1 552.3 550.5 546.7 531.3 512.9 506.3 502.4 495.2 495.2 489.7 470 460.5 440.3 426.5 409.9 395 382.6 374.6 364.9 351.7 344.6 344.3 347.2 339.6 334.9 335 334.2 331.8 330.9 332.1 328.5 328.5 330.9 334.1 327.9 332.2 328.8 329.5 329.5 324.8 322.3 322.4 320.4 325.8 321.3 319.6 321 321.3 320.5 319.7 321.1 319.7 320.5 321.3 323.7 327.8 325.8 325.6 333 331.6 339.4 340.7 343.9
590.1 587.8 587.8 582.1 577 577.8 578.4 581.7 577 574.2 565.9 566.4 565.6 559.1 550.9 549.8 545.9 530.7 522.7 502.7 492.6 489.6 480.9 481 475.5 464.7 448 431.7 421.6 410.3 395.9 382.8 372.9 364.5 353.3 346.1 338.6 334.3 333.9 330.1 328.9 326.5 326.4 326.6 325.1 324.1 321.7 325 322.1 320.6 321 320.8 323.1 321.4 319.5 317.3 314.8 316.1 314.3 317.2 313.8 311.5 311.3 311.1 311.5 311.8 310.8 310.8 313.5 314 319 316.3 317.9 324.4 324.1 330.1 332.6 332.4
602.4 597.8 596.4 592.1 591.5 590.6 588.5 586.4 582 577.2 570 566 558.1 546.6 545.9 537.5 528 522.8 511.3 495.3 477.2 473.2 465.5 461 454.4 446.4 435.7 427 415 407.7 390.3 377.6 369.6 361.3 351.3 342.7 340.5 332 330.3 326 324.3 323.4 323 323.1 321.4 321.3 319.7 320.1 319 318.3 317.4 318.2 316.6 314.7 312.3 310.8 310.6 309.3 306.7 307.9 308.4 304.2 304.6 304.9 304 304.7 303.2 303.4 308.2 306.4 307.9 307.4 311 315.7 316.3 322.6 324.1 324.8
609.4 609.1 606.8 608.3 606.6 602.8 602.9 601.7 596.2 584.6 575.6 568.4 554.4 548.1 537.6 523.7 508.4 495.9 494.5 479.5 467.8 458.9 456 449.1 438.5 431.6 420.1 414.7 406.7 395.4 380.5 372.5 366.9 366.5 353.7 341.3 337 331.2 328.6 332.3 326.7 328.6 323.7 324.1 326.1 321.5 319.9 321.1 321.6 316.8 315.6 312.7 311.8 310.2 306.9 306.5 305.8 306.2 304.3 301.3 302.3 300 300 299.1 298.3 298.6 298.9 299.1 302.7 300.5 302.5 304.9 306.3 308.8 309.1 312.5 316.5 311.5
611.4 613.4 617.5 621.1 616.6 618.9 615.8 609.3 607.1 597.6 580.4 565.9 550.1 543.1 537.2 521.2 498.2 484.4 473.2 462.7 453.7 449.7 439.3 430.5 424.9 417.9 406.2 398.3 388.2 380.5 369.1 363.2 359.8 355.7 348.1 336.2 333.8 330.7 331.9 329.5 328 328.6 327.8 326.4 324.9 324 323 319.9 324.2 322.5 318 320.1 315.7 311.1 314.7 310 308.4 306.2 310.1 304.8 306.3 303.8 300.6 304.2 302.3 299 296.4 296.7 297.2 296.9 296.9 296.3 299.9 300 301.5 303.6 302.4 302.7
613.6 621.4 622.4 626.8 621.6 622.1 613 608.2 602.7 594.4 573.5 554 540.2 533.5 517.1 504 492.5 469.8 458.7 452.8 441.5 431.8 427 415 404.6 397 386.9 387.6 373.3 364.8 358.5 354.1 352.7 346.2 346.1 336.5 337.3 336.3 335.1 332.7 335.7 331 330.2 330.5 330.7 328.5 332.6 327.5 325.9 323.4 323 321.3 325.4 317.4 318.7 319.2 315.7 317.4 317.6 315.1 311.6 311.7 310.8 307.4 306.3 302.3 300.7 297.1 293.6 291.4 290.3 289.3 288.8 291.2 295.2 296.1 295.7 294.9
607.1 615.3 618.4 612.8 608.4 607.4 604.3 604 596.4 579.5 560.4 547.3 529.2 515.8 504.4 487.6 476.7 455.7 443.7 436.1 429.7 418.1 415.6 403.6 395.6 384.7 370.6 372.2 362 357.8 352.3 348.8 347.4 343.3 343.8 339.6 341.6 340.6 339 339 342.7 338.4 337.9 336.2 340.2 335.3 335.4 336.1 331.1 331.2 332.6 330.1 330.3 328.8 328.4 327.8 330 331 335.7 327.5 322.1 319.4 317.1 314.1 310 308.6 305.7 304.2 304.9 303.1 300.9 301.3 296.2 292.2 286.6 290.6 289.4 291.3
587.7 590.7 598.2 599.4 595.8 599.7 592.9 587.9 580.7 564.9 546.3 535.3 522.7 508.5 489.4 477.7 464.4 445.5 434.7 421.1 415.5 402.4 394 388.6 381.4 371.8 363 359.4 354.6 351.5 347.3 345.8 345.2 343.4 347.8 347.5 350.1 349.9 346.1 353.2 366.9 358.5 349.6 346.4 344.9 348.8 342.7 343.1 343.9 341.5 343.4 342 340.7 342.3 345 339.7 342.1 345.1 348.7 341.2 339.9 334.2 329.5 325.5 324.8 319.4 318.3 311.6 313.4 309.5 308.3 304.2 301.1 298.1 292.2 286 285.3 287
573.1 588.4 587 587.3 582.5 580.5 576.6 562.1 556.9 549.7 531.1 523 507.7 501.1 476.5 465.5 451 436.2 424 414.2 402 393.9 379.9 376.8 372.4 362.9 355.8 352.7 350.2 348.3 346.2 345.5 344.2 345.9 352.5 352.7 354.5 357.5 357.4 361.9 373.3 372.9 365.1 361.2 360.7 353.4 354.4 354.6 359.6 352.5 359.9 357.1 353.7 353.9 354.7 352.1 351.1 351.3 354.5 351.5 350.7 346.8 346 341.1 337.6 334.7 331.1 324.4 322.8 317.5 317.3 310.7 308.3 307 306 303.5 302.4 299.6
565.1 572 570.2 567.8 563.8 557 555.1 544.8 536.2 531.9 516.2 504.1 497 476.4 463.2 455.7 444.6 423.4 413 398.4 387.1 376.5 369.4 362 358.7 352.5 350.7 349 348.2 346.1 344.3 345.2 346.7 350.1 354.3 358.2 360.2 363.2 366.3 370 372.5 374.1 373.1 372.6 373.5 372.3 372.1 374.8 367.6 369.1 369.9 369.3 368 368.5 366.7 365.1 364.9 364 362.8 365.1 364.4 359.6 359.3 357 351 348.2 345.2 340.1 337.1 330.4 329.1 322.7 319.6 318.4 314 311 307.9 306.8
548 544.6 551 546.7 546.7 547.3 541.8 525.1 519.1 508.9 495.8 483.2 472.5 461.3 450.3 434.2 421.6 411.3 401.3 390.7 382.5 370.8 360.7 353.7 350.3 350.1 347.7 347.7 345.6 344.4 345.5 347.6 350.6 354.5 359.4 363.2 366.2 368.5 371.8 373.6 374.8 377.3 378 379.6 380.7 378.9 384.6 385.2 379.4 386.7 382.9 384 382.7 381.1 381.4 380.9 382.8 379.5 378.6 377.5 379.4 376.8 372.7 371.3 368.6 366.8 360.3 357.7 356.4 349.5 342.9 345.2 336 331.3 328.7 323.1 318.4 313.1
519.1 521.3 532.3 539.8 529.7 526.4 511.2 500.5 494 484.7 474.5 460 450.2 438.3 428.5 418.6 407.9 400.6 391.5 380.3 372.2 361.7 353.4 349.4 346.8 345.4 345.3 344.6 344.8 347.5 350.9 354 357 361.6 364.2 367.3 372 375.7 377.9 380.8 384.3 382.3 388.9 390.7 389.4 389.8 390.8 389.5 389 395.9 392.4 391.9 394.8 393.2 395.4 395.9 395.3 394 394.8 390.4 391.6 390.8 389.2 390.7 387.8 385.1 378.6 373.9 370.1 365.7 358.4 353.7 351.1 347.7 341.2 336 328.1 321.6
494.3 496.8 501.7 501.9 501.2 498 487 481.2 474.1 465.9 453 442.2 432.7 416.9 409.1 398.8 395.8 393.5 387.6 371 366.5 355.9 355.5 349.6 346.3 347.5 347.6 348.6 350.9 355.2 359.6 364.4 365.4 369.6 378.7 381.8 380.5 384.6 385.9 388.2 391.5 391.8 391.9 397.8 394.2 396.8 396.9 402.7 397.3 400.5 401.6 401 402.6 404.4 405.4 406.7 408 409.2 408.3 405.9 405.2 406.2 404.8 404.5 403.3 399.6 395.4 391.5 386.4 381.5 378 371.2 365.1 360.4 353.8 346.7 341.3 336.6
