data/NN25.asc
ncols 200
nrows 200
xllcorner 220000
yllcorner 750000
cellsize 50
[rows 0 to 34 of 200, columns 78 to 155 of 200]
346.8 340.7 335.1 329.2 322.9 317.5 312.7 307.9 307.2 306.6 307.1 313.1 319.1 320.9 321 320.6 320.6 320.6 320.6 320.6 320.6 320.6 320.6 320.6 320.6 320.6 320.6 320.6 320.6 320.6 320.6 320.6 320.6 320.6 320.6 320.6 320.6 320.6 320.6 320.6 320.6 320.6 320.6 320.6 320.6 320.6 320.6 320.6 320.6 320.6 320.6 320.6 320.6 320.6 320.6 320.6 320.6 320.6 320.6 320.6 320.6 320.6 320.6 320.6 320.6 320.6 320.6 320.6 320.6 320.6 320.6 320.6 320.6 326.3 322.4 322.5 320.6 320.6
345 337 332.2 327 320.5 317.7 314.1 313.4 311.4 309.9 311.4 317.8 324.1 323.4 320.6 320.6 320.6 320.6 320.6 320.6 320.6 320.6 320.6 320.6 320.6 320.6 320.6 320.6 320.6 320.6 320.6 320.6 320.6 320.6 320.6 320.6 320.6 320.6 320.6 320.6 320.6 320.6 320.6 320.6 320.6 320.6 320.6 320.6 320.6 320.6 320.6 322.3 324 320.6 320.6 320.6 320.6 320.6 320.6 320.6 320.7 320.6 320.6 320.6 320.6 320.6 320.6 320.6 320.6 321.2 324.4 329.7 329.2 331.3 332.1 332 328.6 324.9
338 335 330.5 324.3 323.1 320.9 318.8 316.9 314.6 313.6 320.9 321.5 323.9 325.3 326.2 320.6 320.6 320.6 320.6 320.6 320.6 320.6 320.6 320.6 320.6 320.6 320.6 320.6 320.6 320.6 320.6 324.6 328.4 320.6 320.6 326.8 320.6 320.6 320.6 320.6 320.6 320.6 320.6 321 320.6 320.6 320.6 322.7 321.7 320.6 328.1 329.7 330.3 329.3 326.7 328.7 326.5 330.6 325.1 326.1 327.4 327.9 329.5 321.6 324.4 320.6 320.6 320.6 329.7 331 329.5 332.4 335.7 332.6 332.3 331.3 333.7 332.1
338.3 335 327.2 326.1 328.2 326 324.6 323.9 320.1 318.9 321 324.4 322.4 324.4 326 322.2 320.6 320.6 320.6 321.9 320.6 320.6 320.6 320.6 320.6 320.6 320.6 320.6 320.6 320.6 320.6 329.8 331 328.1 328.7 322.7 320.6 320.6 325 322.6 320.6 320.6 327.9 327.7 327.3 328.2 331.3 332.6 332.6 332 334.3 337.3 336.5 335.9 336.8 336.3 337.1 337 333.8 334.9 334.8 335 334.4 332.9 332.2 329.3 327 332.1 331.9 331.3 333.5 335 337.9 336 335.9 335.4 337.3 339
339.1 335.9 329.4 330.5 331.3 330.9 329.8 330 325.2 326.4 328.7 326.3 322.9 324.9 327.2 325.9 322.1 325.8 331.2 328.5 328.7 324.4 328 328.3 320.6 320.6 320.6 320.6 320.6 324.5 328.3 330.1 330.4 330.2 330.6 331.2 328.9 330.6 330.8 328.5 325.1 330.2 331.4 332.6 334.7 335.6 336.4 337 338.4 337.7 339.8 340.9 341.2 341.9 342.6 343.3 345.3 343.9 342.4 343.5 342.3 341 341 341.3 341.8 339.5 336.2 336.1 334.6 334.1 338 338.8 340.9 337.8 338.8 339.1 338.6 341.1
340 336.6 333.2 334.5 335.1 335.1 334.9 334.2 330.4 335.3 336.6 328.5 324.5 327.9 329.7 328.8 330.5 333.2 337.7 334.8 334.8 334.3 333.2 329.9 325.3 320.6 326.7 323.7 321.3 331 331.3 331.6 333.9 331.1 332 332.9 333.2 333.2 332.8 333.5 331.7 334.3 338.2 339.8 340.9 342.8 342.5 344.4 347.2 345.6 346 349.7 350.5 350.1 351.5 350.3 350.7 350.4 350.5 349.9 349.6 349.7 349.1 348.3 349.2 348.9 347.3 344.9 340.7 338.7 339.8 341.2 341.3 339.2 343.3 342.9 339.9 342.5
339.7 335.2 338.6 339.9 341.6 342.5 340.4 337.3 338.9 343 343.6 336.3 333.8 332 331.7 332.5 335.3 337.8 333.9 335.5 336.4 334.9 338.7 334.1 333.5 337.8 340.3 334.7 328.8 329.9 337.6 334.9 335.1 333 333.7 335.1 336.2 335.9 335.4 335.6 338.3 339.9 343.3 345.1 346.8 347.8 348.3 351.1 354.2 354.1 356.2 359.1 359.9 359.4 361.5 358.2 357.7 358.8 362.4 358.2 360.6 358.6 356.7 355.4 355.9 355 354.1 352.4 346.2 342.6 342.2 342.6 342.4 344.6 348.4 346.6 344.9 347
339.4 343.1 343.4 345.4 347.2 348.6 347.4 344.8 346.5 350.4 348.9 347.1 341 335.6 335.1 338.8 341.8 344.1 337.9 335.5 338.9 341 343.1 338.8 340.4 344.5 342.3 337 333.2 337.1 336.6 338.6 337.1 337.2 337.5 338.5 339.6 339.5 340 342.5 343.9 346 348.6 350.5 352.3 352.6 353.7 356.1 358.4 361.5 368.1 366.1 365.8 367.1 369.4 369.7 367.6 370 371.3 370.7 374.4 370 366 363.6 362 360.8 359.9 357.7 350 346.6 346.1 346 344.8 346.8 348.6 349.4 349.9 350.5
345.9 346.8 347.1 349.7 351.1 351.5 351.7 350.5 351.9 355.4 352.4 349.9 343.4 339.9 339.6 340.5 343.3 343.7 343.7 342.9 339.2 344.6 342.3 343.1 347.7 347.4 344.3 339.6 339.5 340.8 337.5 339.3 341 340.1 341 342 343.3 343.8 345.4 346.4 347.7 351.9 355.3 356.3 358.8 358.9 363.5 367.9 368.2 371 374.4 376.8 377.8 377.2 379 380.8 384.1 382.9 382.9 385 386.3 380.4 375.4 372.3 369.1 367 365.7 362.8 355 352.6 351.3 349 348.2 349.4 351.2 352 352.7 353.4
348 349.3 350.8 352.2 352.3 353 354.3 354.5 355.3 358.5 355.9 350.5 346.5 344.5 345.8 342.9 342.9 347.5 345.5 339.3 338.2 341.9 344.6 345.5 347.6 348.6 342.4 342 341.3 340.1 340.3 339.3 341.3 344.1 345.6 345.7 346.6 348.8 350.3 349.6 352.8 357.6 362.2 361.8 364.8 369.7 375 379.6 380.5 381.7 387.4 390.8 392.6 392 393.6 395.2 397.8 393.3 388.5 391.4 394.6 389.5 385.6 383.2 381.1 376.7 372 367.4 362.3 359.2 355.4 351.9 351.9 353.2 354.1 355.3 356.2 359.1
350 351.2 351.9 352.4 353.7 354.7 355.7 356.3 358 360.4 359.2 351.6 349.1 347.4 347.7 345.8 343.6 344.1 340.3 338.2 346.9 349.5 346.5 346.6 348.9 345.3 343.7 343.6 343.2 342.4 343.1 342.3 344.5 348.3 350.4 350.9 351.9 354.2 352.2 355.9 360.1 364.2 366.3 370.2 376.2 380.9 386.2 390.6 393.6 390 397.2 402.1 405 403.5 405.6 409.3 409.9 407.8 405.9 405.2 402.1 398.7 395.9 393.8 389.8 384.1 377.3 371.6 367.4 363.8 360.1 356.8 353.9 356.1 356.6 358.2 358.1 358.6
351.8 352.9 352.9 352.9 356.6 356.9 356.9 357.3 359.4 362.9 357.7 351.5 350.9 350.1 347.9 344.2 342.8 338.2 338.2 351.9 357.7 354.4 349.4 348.3 348 346.3 345.7 346.7 346.3 346.1 344 345.9 347.9 351 355.2 356.4 357.2 356.9 358.4 362.2 365.4 367.6 371.2 377.8 384.5 390.2 394.9 398.3 401.6 399.1 404.6 414.1 416.4 416.5 418.1 419.6 419.8 418.1 415 411.4 411 411.5 404.8 404.2 398.3 390.3 382.7 377.5 373.4 369 365 361.8 358.6 358.2 359.7 359.1 358.9 358.5
352.8 353.9 353.8 353.5 358.3 358.7 358.2 357.7 358.9 360.7 354.8 351.5 351.6 348 346 343.6 340.7 339.7 345.8 357.6 356 353.3 351.7 350.3 349.1 346.8 350.7 352.2 349.1 347.7 346.5 346.7 348.4 353.1 359.6 360.5 362.2 363 361.5 364.4 369.6 374.3 378.8 384.8 391.4 397.4 402.1 405.8 409.4 409.9 413.8 419.7 424.9 427 426.8 430.2 428.9 427.8 424.4 423.4 420.6 415.5 412.2 411.2 404.3 396.3 388.2 382.6 378.2 373.8 369.5 364.9 360.3 360.9 362 361.5 358.5 357.3
353.3 354.5 354.8 354.2 358.4 358.6 357.9 357.2 356.4 355.6 353.2 351.9 348 346.6 344.3 341.8 338.2 343.3 349.1 354.4 354.6 353.2 352.2 351.5 350.8 349.2 352.4 352.8 351.9 351.3 348.8 346.9 352 354.3 357.5 359.7 364.7 369.5 364.8 370 376.2 382.4 386.1 392.3 398.4 404.5 409.3 413 417.3 422.2 420.5 429.2 428.3 430.6 431.8 433.5 436.7 436.7 433.3 430.3 427.1 421.4 419.5 414.8 407.9 399.7 391.4 385.7 381.5 377.2 373 367.4 362.4 362.8 363.6 363.5 359.8 357.8
353.9 355.1 355.7 355.6 358 358.2 357.8 357.1 357.1 358 355.6 354.9 351.4 347 341.4 338.2 340 348.7 351.6 357.3 356.1 355.8 358.3 352.5 352.6 351.5 351.8 354.1 356.4 354.7 350.9 348.8 353 355.2 358.6 361.1 364 369.2 373 376.3 380.9 387.2 393.5 399.7 405.4 410.3 416.3 420.6 425.5 429.9 436.2 437 434.5 435.4 439.5 440.3 444.7 441.2 437 434.7 431.2 424.9 421.3 418.2 411.6 403.5 395.5 389.9 385.4 381 376.8 369.2 364.3 364.2 365.1 364.9 360.9 360.2
354.1 354.9 355.7 356.8 357.5 357.8 357.6 357.4 357.9 359.1 356.6 353.7 349.8 341 338.9 342.8 349.2 351.4 353.5 357.7 357.8 358.2 357.4 357.7 355.7 354.7 353.1 353.2 355.4 354.2 352.1 352.6 354.7 358.1 361.5 364.7 368.6 374.3 378.4 383.2 387.1 391.1 397.8 404.3 409.5 412.3 419.9 427.2 432 436.6 442.5 441.8 442.7 443.7 447.1 449.1 449.4 443.7 441.1 440.1 435.1 429.6 424.5 419.8 413.9 407.5 400.1 394.5 389.7 383.8 379.3 372.1 367.5 368.4 366.4 366.9 367.3 368.4
355.8 356.8 357.9 359 359.3 359.7 359.9 358.3 357.5 357.4 354.3 350.4 347.6 341.2 339.7 342 345.9 349.5 353 354.9 356 359.8 360.2 361 357.1 358.5 356.1 354.8 355.9 359 354.5 354.6 354.9 361.7 365.2 368.7 373.2 376.5 380.9 386 390.9 395.1 401.2 408.1 412 416 424.1 430.8 437.4 441.2 445.3 446.8 448.6 449.7 447.7 450.3 445.1 445.1 445.6 440.8 436.7 432.2 427.7 420.8 413.9 408 402.3 394.6 388.3 382.1 376.4 372.2 370.4 370.9 370.5 372.9 376.6 372.5
358.4 359.3 360.2 361.1 361.8 360.6 358.7 357 356.1 354.2 351 347.6 344.3 343 342.1 346.8 349.1 349.8 352.1 354.4 354.8 358.6 360.3 360.7 357.6 359.1 356.5 357.1 358.3 360.4 356.1 355.9 357.4 362.6 369.6 371.6 375.2 378.5 383.4 388.9 392.6 396.2 404 410.4 413.8 419.2 426.9 434.5 439.6 442.2 448.3 449.8 450.7 449.1 450 448.5 447 445.5 444.1 440.8 436.5 431.5 426 417.9 411.1 406.4 400.5 393.6 387.4 382 376.8 375.3 373.3 373.7 373.5 372.6 374.6 369.4
361 361.6 362 362.5 361 359.1 357.1 355.4 355.9 353 348.2 344.8 341.2 339.9 345.8 351.1 353.9 352.5 352.6 354.1 354.9 357.5 359.2 359.9 359.7 358.8 358.3 358.8 360.6 357.4 359 362 364.5 364.2 369.5 373 376.9 380.6 385.4 389.4 393.4 397.9 404.5 410.8 415.7 422.1 430.1 438.1 441.7 445.3 450.5 450.4 450.3 450.4 449.1 447 445.3 444.5 443.8 440.8 436.2 431.4 423.8 415.6 409.7 404.5 398.5 392.5 386 381.9 381.9 381.3 378.4 376.9 376.7 373.7 371.1 370
361.5 362 362.4 362 359.5 357.3 355.6 357.9 357 351.8 346.1 341.9 342.7 346.9 352.4 357.7 358.3 355.3 353.8 358.5 358.7 358.1 358.6 359.6 361.2 362.9 362.2 361.1 360.3 362.2 364 365.4 369.4 366.7 371.8 377.2 381.3 385 387 390 394.2 399.7 406.4 413.2 417.3 428.7 434.9 440.3 443.1 446.5 449.7 451.2 455.8 453.4 449.2 446.6 445.2 444.8 445.3 442.4 437.9 431.1 424 416 410.2 402.8 396.8 394.7 391.1 389.4 389.1 385.2 384.2 382.3 380 378.3 376.7 373.6
361.5 362.4 362.1 360.4 358 355.7 356.7 359.6 355.8 350.6 342.8 346 348.6 352.9 359.5 361.9 361 358.9 357.2 358.7 358.7 359.5 360.5 361.5 362.7 364.3 365.4 364.9 364.7 365.7 368.8 370.2 372.1 370.7 377.7 381.1 386.5 389.9 390.4 392.2 396 402.9 409.3 415.5 421.3 432.8 438.8 439.7 446.1 451.2 453.3 454.7 458.6 455.8 448.6 447.5 449.1 447.8 445.8 443.1 440 432.1 425.6 420.9 415 406.9 404.1 403.3 399.8 397.5 397.8 394.4 392.1 390.7 386.4 384.8 383.2 379.1
361.9 363 362.3 359.7 357.8 356.1 358 356.4 353.1 347.8 345.3 349.2 352 355.2 362 366.7 363.6 362.1 360.3 358.6 360.1 362.4 363.3 363.1 365.2 367.2 369.1 369.3 368.6 371.4 373.7 375.7 378.4 379 383.1 385.9 389.4 391.4 392.9 397.1 399.8 406.4 412.9 417.7 428.7 435.6 439.7 442 449.4 458.1 458.8 459.3 460 457 450.4 449.9 453.1 453.1 449.2 445.9 442.2 433.9 430.4 425.5 419.5 412 412.1 411.5 410.1 408.7 407.8 405.5 401.7 397.7 394 391.5 389.7 385
363.1 364.4 362.8 360.1 356.7 356.5 354.2 351.4 349.5 345.7 350 353.6 358.3 361 368 370.9 365.2 365.4 361.7 360.2 362.9 365.3 366 365.4 366.8 369.6 372.3 370.1 370.8 374.3 377.9 381.4 383.5 386.4 387.2 390.2 390.8 394.8 399.5 399.6 404.1 410.2 417.2 424.9 434 438.3 442.1 446.2 454.3 460.8 461.7 461.6 460.6 457.3 452.2 452.3 458 457.3 454 450 444.6 438.7 435.6 428.3 421.1 423.3 424.1 423.2 421.1 419.9 420 417.4 411.1 404.9 402.7 399.8 397.1 395.3
364.9 366.1 364.8 361.2 357.8 354.1 351.2 351.3 351.9 352.6 356.4 360.1 362.8 367 372.2 371 366.2 367.3 364.9 363.5 366.1 368.1 368.5 368.6 370 371.5 373 373.8 374.7 378.1 381.5 384.4 387.2 390.5 392.8 394.4 394.7 397.1 398.5 402.7 408.2 415.3 422.5 430.2 438.5 439.3 444.7 451.3 458.8 465.3 467.3 464.8 462 459.7 455.1 455.8 460.1 459.7 456.9 453.5 448.5 445.5 441.5 434.1 432.2 434.4 436.4 434.8 432.5 431.4 431.1 427.6 420.5 414.5 412.9 410.8 408.3 407.3
367.1 367.6 366.3 363.8 359.1 352.9 351.6 354.3 355.7 357.8 360.5 363.7 365 366.9 371.2 369.6 366.3 365.8 364.7 367.1 369.7 370.7 371.5 372.3 373.6 375.1 376.6 378.5 378.7 382.1 385.6 389.5 393 396 397.2 398.5 401.2 399.8 404.6 409.3 414.8 422.3 429.6 436.8 443 445.9 454 458.8 464.3 469.9 473.1 471.2 467.3 463.4 463.7 462.9 461.4 461.8 459.1 456.7 454.6 451.1 446.6 443.8 445.6 446 446.2 444.9 442.4 442 440.6 436.9 429.2 427.3 425.8 424.1 420.5 420.3
366.7 368.1 369 366 360.2 354 352.6 355.6 358.6 360.5 364.1 367.1 368.6 367 367.7 367.7 366.5 366.2 366.4 367.8 370.4 372.9 374.7 375.9 377.2 378.7 381.7 382.1 382.7 386.6 390.6 394.7 399.9 399.5 401 402.9 404.1 405.6 410 415 422.7 430.4 437.7 443.8 448.8 455.7 464.6 467.1 471.7 477.3 481.4 479.5 475.3 473.3 470.6 470.1 470.5 466 462.8 461.3 459.1 456.1 454 454.8 454.9 454.7 454.9 452 449.9 450.2 447.3 443 445 440.7 437.9 437 435.6 431.9
368.1 370.8 368.7 366.3 362.1 356.3 351.5 354.1 358.4 363.2 367.3 369.9 368.3 368.2 371.1 370.9 369.2 369.5 369.4 372.2 374.7 376.3 377.3 378.7 380.6 383.7 385.3 385.7 387.2 390.2 393.7 397.6 402.1 405 406.7 407.7 409.2 411.6 414.4 418.9 429.1 438.5 444.6 450.7 457.7 465.2 471 476.6 481.2 486.6 488.2 488.2 482.1 478.2 476.3 476.7 473.4 468.5 468 465.9 463.5 461.3 462.9 464 464.6 464.4 462.8 459.4 458.1 458.1 455.2 457.7 460.6 454.7 449.7 448 447 442.5
368.2 368.4 367.4 367.2 360.3 355.9 352.4 354.5 359.5 364.2 368.5 370.1 371 372.3 375.3 376.4 377.4 376.4 376.2 377.2 380.2 381.3 383.4 382.9 383.7 386.9 388.7 389.8 390.5 393.6 396.8 400.5 405.6 409.6 411.9 414.4 416.6 419.5 421.5 425.3 435.4 446.8 452.9 457.8 468.3 473.6 478.7 485.7 491.9 495.4 496.6 495.1 490.1 486.3 484.4 486.1 480.5 474.8 470.7 471.6 468.9 467.6 469.2 470.4 471.7 471.9 472.7 471.7 469.4 465.3 466.3 470.4 469.8 465.9 460.3 460.2 457.5 451.8
367.4 368.3 368.5 364.1 358.1 353 355.2 358 363 364.9 369.1 372.8 375.3 377.7 379.6 380.9 382.4 384.7 380.2 383.9 385.8 386.6 390.6 391.3 392.2 396.7 395.6 396.2 398.2 400.8 403.7 407.4 411.8 416.3 419.2 421.5 424.8 428.5 430.9 434.4 444.9 456.5 462.5 471.4 478.6 484.7 489.7 496.8 501.7 503.9 506.4 504.7 502.4 500 498.1 495.8 489.1 482.3 476.5 476.8 475.8 475.2 475.3 476.7 478.3 481.2 483.9 481.3 478.8 472.5 476.4 480.3 479.9 475.9 471 470.8 467.8 462.3
368.7 368.3 361.6 357.8 355.2 354.4 358.4 362.6 368.9 370.3 372.3 376.8 379.3 382 384.5 386.8 388.8 388.2 388 390.5 391.8 394.4 395.9 397.3 401.5 401.1 401.9 403.7 405.8 408.3 410.9 414.3 418 422.4 426.6 429.2 433 437.2 443.1 450.8 461.2 466.9 477 486.1 495.2 499.8 505.9 512.2 513.5 515.5 517.1 512 513.9 508.8 508.9 503.7 496.3 488.8 483.9 482.6 482.2 481.8 481.6 483.7 486 487.4 488.5 487.8 483.8 485.4 486.6 489.5 489.4 486.5 483.7 479.1 475.1 468.9
367.9 361 357.1 352.5 354.6 358.5 364 367.7 372.2 374.7 377.5 380.8 383.3 387.3 389.8 391.2 394.6 395.3 397.4 397.4 400.5 402.6 403.5 407.2 411.4 408.8 409.3 411.1 413.5 415.8 418.3 420.9 424.1 429 433.7 437.1 442.6 447.6 455.6 465.7 473.5 481.1 492.3 503.1 509.6 519.8 528.6 534.6 531 530 531.4 522.4 523.1 520.9 516.8 508 502.4 497.5 493.2 489.1 489.6 486.9 488 490.3 490.4 493.2 494 494.3 496.5 498.7 497.1 496 496 496 492.2 486 480.7 473.7
362.4 357.2 355.4 355 359 367.4 371.9 374.6 376.7 379.2 381.9 384.8 388.6 392.6 396.4 400.1 401.3 400.5 405.1 404.7 408.9 410.9 411.6 414.5 419.8 416.2 418.6 417.7 422.5 425.4 426.6 429.1 432.6 437.4 441 445.1 451.5 459.2 469 479.6 488.5 496.4 505.7 516.2 525.8 539.3 549.3 554.4 551.1 549.6 545.9 542 537.1 532.4 523.5 513.3 507.5 504.6 500.2 495.9 494.8 492.1 493.9 495.5 497.5 498.7 499 501.5 509.2 509.5 507.5 503.8 503.5 502.8 498.2 492.5 485.5 478.6
366.2 357.9 359.8 361 366.6 373.4 376.9 380.1 382.7 385.3 388.2 392.1 396.5 400.8 404.8 408.9 409 409.6 415.1 414.6 414.2 416 418 422.6 426.2 425.6 429 428.4 433.9 435.6 435.2 437.5 440.1 444.3 448.2 452.5 462.2 469.9 482.9 492.9 500.6 511.5 523.3 533 544.7 560.8 570.1 574 573.8 578.3 574.6 564.6 552.6 540.3 531 520 518.4 514.4 508.7 503.6 501 496.9 499 501.2 502 503.1 508.1 512.8 518.2 515.6 514.7 512.8 510.1 507.2 503 498.1 491.6 484.7
365.1 369.8 368.2 367.6 372.7 377.2 381.5 384.8 389.3 392.2 395.5 400.3 404.9 409.2 413.1 417.1 417.1 421 425.1 424.5 424.1 425.1 427.7 432.4 435.1 435.8 438.6 439.3 442 443.1 443.9 446 447.2 451.6 455.8 459.6 468.9 481.2 495.7 507.2 514.9 530.8 540.6 549.7 565.6 575.9 589.6 594.1 599.4 607.4 593.3 580.9 564.3 548.9 537.8 533.9 531.9 528.2 517.5 513 507 500.4 502.8 506 509 509.9 514.7 519.1 522.4 523.1 522 520.1 516.8 512.5 508.2 503.2 497.6 491.6
377 381.7 378.6 375.1 379.4 382.7 386 390.9 396.3 399.3 403.7 408.5 413.3 417.5 421.6 427.5 429.7 433.2 435 433.7 434.4 435.6 437 442.5 443.8 446.4 448.7 450.4 452.5 452.2 454.4 455.4 456.5 460.7 463.9 472.3 480.7 494.9 509.4 522.4 530.4 546.2 556.7 567.3 584.1 600.1 607.7 610.8 621.2 618.7 606.5 586 569.9 558.8 551 546.4 541.5 536.5 527 518.4 512 506 508.2 511 513.9 516.9 521.1 526.3 530.1 530.9 529.4 527.2 523.1 518.2 513.7 508.9 503.7 496.6
