data/NN40.asc
ncols 200
nrows 200
xllcorner 240000
yllcorner 700000
cellsize 50
[rows 70 to 104 of 200, columns 0 to 78 of 200]
249.9 249 244.5 238.6 232.7 227.2 222.7 220.2 213.8 205 198.4 191.9 183.2 180.6 179.2 169.4 158.6 150.6 148.9 136.4 129.4 122.8 116.6 108.5 102.4 99.9 97.5 94.8 92 89.5 89.4 89.4 89.4 89.4 89.4 89.4 95.3 105.8 119.2 135.5 153.6 167.3 186.8 210.4 234.6 253.6 265.9 274.9 279.7 295.3 303 312.1 317.7 325.6 333.4 339.4 348.5 353.2 355.4 357 357.2 362.3 368.9 375.5 387.4 399.6 407.2 410.5 418.3 420.2 412.2 416.1 428.1 440.3 450.6 451.3 453.2 458.1 455.5
253 249.6 244.7 238.8 234.1 229.4 224.7 219.6 216 208.8 201.4 197.9 192.6 185.7 180.8 174 163.1 158.4 151.4 143.4 135.5 129.6 121.5 108.4 99.7 95.9 93.9 92 90.1 89.4 89.4 89.4 89.4 89.4 89.4 89.4 91.7 98.8 115.9 132.6 146.6 159.7 177.8 201.3 224.8 247.6 257.1 267.4 271.6 293.2 298.4 306.1 314.3 323.1 333.2 343.6 354.1 358.8 363.1 364.8 365.7 370.3 374 380.8 390.4 405.1 417.9 423.4 422.7 419.1 414 414 429.9 443.8 452.2 460.4 457.5 457.3 455
252.6 250.3 249.7 245.6 241.4 234.1 227.8 223.2 219.8 214.4 207.1 205.5 197.7 191.6 184.4 178.7 170.7 163.4 158.3 152 145.3 136.2 128.4 116 105 97.9 93.2 90.8 89.4 89.4 89.4 89.4 89.4 89.4 89.4 89.4 89.4 92.4 107.8 126.7 139.6 152.5 172.6 192.7 215.2 238.7 247.5 254.7 266.2 284.4 293.3 302.5 311.7 324.2 340.5 352 360.4 366.5 369.7 369.3 370.5 376.5 380.3 385.3 394.9 410.9 423.3 429.1 427.7 417.8 410.9 411.7 424.3 438.5 451.9 459.2 456.7 457.3 458.2
256.3 252.4 249.3 249 245.2 237.7 231.7 229.8 221.6 219.6 216.4 208.3 202.2 195.6 188.8 183.6 177.4 170.5 166.1 159.1 149.7 140.5 131.9 123.8 107.4 99.1 94.9 90.6 89.4 89.4 89.4 89.4 89.4 89.4 89.4 89.4 89.4 89.4 98.3 117.6 132.3 148.8 161.4 182.4 204.3 220.4 234.5 245.4 257 275.3 291.9 299.7 311.6 328 351.8 351 361.6 370.4 369.6 369.3 371.7 381.2 386.8 389.8 395 408.4 423.3 430.9 430.4 417.5 408.5 411.6 420.4 435.8 449.6 451.1 465.9 466.3 464.3
264.8 258.8 253.8 249.1 247.6 242.4 231.7 229.3 230.6 226.4 217.3 209.6 203.8 200.1 196.8 191.5 185.8 178.5 171.7 164.7 154.1 144 134.6 124.4 110.2 100.8 97.3 92.5 89.4 89.4 89.4 89.4 89.4 89.4 89.4 89.4 89.4 89.4 94.6 110.1 129.2 147.7 156.8 174 193.4 209.2 220.7 235.1 248.8 267.6 282.1 297.2 314.4 335.5 349.9 346.8 349.6 360.7 370.4 373 377.1 386.8 391.5 394 399 407.1 418.5 421 424.3 414.5 407.2 410.4 418.2 428.6 438.3 449.7 470.6 474.1 471.4
269 263.8 258.4 254.2 250.2 246.1 235.4 232.3 231.1 226 222.1 218.2 211.1 210.3 205.7 200 193.5 185.4 177.2 170.3 158.4 151.5 140.2 132 118.4 108.1 101 94.1 89.4 89.4 89.4 89.4 89.4 89.4 89.4 89.4 89.4 89.4 89.4 103.3 125.9 149.9 152.7 164.4 183.3 198 207.5 223.6 237.5 254.4 275.7 296.2 308.4 324.2 335 343.1 353.5 365.7 374.9 379.8 384.3 391.3 395.6 398.8 403.7 408.7 413.6 415.3 413.6 406.9 411.3 409.4 416.4 425.6 436.2 450.7 470 491 482
273.3 267.3 260.6 254.2 250.8 247.1 241 235.4 231.8 231.9 231 225.6 223.8 220.9 214.4 208.2 202.1 195.9 187 179.5 170.5 162.7 155.7 143.7 129.5 111.3 103.1 96.2 89.4 89.4 89.4 89.4 89.4 89.4 89.4 89.4 89.4 89.4 89.4 97.6 121.3 140.4 146.2 151.7 173.2 186.5 195.6 213.4 230.3 249.9 268.3 290.6 299.8 318.1 333.1 346.1 357.9 367.6 376.9 384.4 390.2 393.7 398.4 401.6 407 412 413.4 414.3 411.2 405.4 416.4 410.9 415.8 425.1 439.6 449.3 477.4 502.4 488.3
278.5 273.4 269.3 265.2 259.6 252.8 247.7 243.2 241.4 239.3 237.6 235.5 234.1 228.8 222.7 217.4 212.3 205.9 198.8 191 183.3 175.1 166.4 154.9 139.9 125.9 112.7 100.9 92.1 89.4 89.4 89.4 89.4 89.4 89.4 89.4 89.4 89.4 89.4 90.1 113.7 127.3 134 143.2 161 170.6 189.7 205.1 219.4 242.6 264.4 289.4 297.6 314.9 332 349 360.4 369.8 378.5 387.5 396.1 399.5 399.4 404.3 409.9 413.8 413.6 413.7 407.2 407.9 417.5 411.5 414.2 425.6 441.4 458.9 489.7 498.2 481.8
285.8 280.7 276.5 272.4 267.2 259.2 253.4 252.8 251 248.5 246.1 242.6 241.9 236.5 230.6 228.5 226.2 215.5 208 201.5 195.3 189.1 176.6 165.1 148.7 134.1 120.1 107.9 94.1 89.4 89.4 89.4 89.4 89.4 89.4 89.4 89.4 89.4 89.4 89.6 108.2 115.5 127 134.7 143.6 161.2 180.9 197.8 215.3 244.4 253.8 275.4 291.8 312.5 329.2 344.6 355.9 368.4 379.5 389.4 399.9 401 401.3 408 413.4 416.2 411.9 405.8 400.5 411.2 418.6 411.1 418.4 429.1 441.3 472.8 486.4 481.9 478.5
295.5 290 284.3 279.5 274.3 265.8 263.4 261.8 258 254.7 252.9 250.2 248.8 246 241.7 237.4 236.1 229.4 220.6 212.8 210.4 201.6 189.2 173.8 156.1 141.7 128.4 114.5 102.4 89.4 89.4 89.4 89.4 89.4 89.4 89.4 89.4 89.4 89.4 90.1 99.4 109.9 121.4 126.6 135 152.4 170.8 191.9 209.4 229.2 249.3 263 279.6 300.8 321.4 339.6 351.5 364.9 378.1 390.3 400 402.4 407.1 414.4 418 418.8 414.7 399.3 393.4 398.9 405.7 413 422.6 435.3 457.9 460 468.3 473.8 477.3
304.9 299.3 293.6 287.9 283.2 278.4 274.7 270.6 265.7 261.6 259.5 262 258 254 251.4 249.1 246.3 240.2 234.4 227.4 222.1 212.5 200.6 184.4 168.1 154.4 138.7 121 111.5 99.9 89.4 89.4 89.4 89.4 89.4 89.4 89.4 89.4 89.4 94.6 98.7 105.2 112.1 118.2 129.2 146.6 167.4 186.1 203.5 219.6 237.2 259.3 276.7 299.9 318.4 335.4 348 363.1 377.9 390.7 400.5 405.3 411.9 418.4 420.6 420.6 417.5 393.5 390.3 396.8 402.9 413.4 430.2 441.3 457.1 451.5 456.8 479.5 485.9
313.2 308.3 303.1 299.1 295.1 288.1 283.2 278.8 275.4 271.1 268.8 271.2 266.7 261.9 259.4 258.5 256.5 252 246.7 240.8 234.8 225.8 213.1 198.6 180.6 164.3 146.6 130.6 118 106.1 92.2 89.4 89.4 89.4 89.4 89.4 89.4 89.4 90.3 95.2 99.2 102.6 107 113.5 123.7 143.9 162.6 179.8 197.3 211 226.1 255.9 273.7 292.6 309.8 328 347.1 363.4 378.2 388.5 397.4 403.4 411.3 418.5 421.4 421.2 413.7 391.6 389.7 395.1 402.2 415.4 437 448.8 450.5 457.3 464.4 477.2 490.8
322.9 318.3 313.8 309.2 302.8 295.1 291.4 289 285.9 281.8 280.6 280.3 277.1 273 269.5 267.7 267.3 264.6 259 252.8 248.3 238.3 226 212.6 196.5 174.4 155.7 139.3 122.5 110.1 100.4 93 89.4 89.4 89.4 89.4 89.4 89.4 90.2 94.5 98.6 101.7 104.1 108.3 116.2 134.9 155.1 171.1 189.7 203 218.7 240.9 260 280.3 301.6 324.4 347.1 366.7 384 393.1 396.9 401.5 401.5 407.3 417.9 419.8 409.8 390.7 387.7 390.3 402.6 425.7 447.3 459.7 455.1 460.5 467 472.1 477.5
332.3 328.9 324.4 320 316.1 309.4 302.7 299.8 297.6 293.8 289.3 288.6 288.2 284.7 281.4 277.9 277.6 278.3 272 266.8 262 253.2 241.9 226.5 208.1 184.8 161.7 148.7 127.4 116.3 106.5 101.2 89.4 89.4 89.4 89.4 89.4 89.4 89.4 95.7 97.8 99.1 101 102.4 108 127.4 142.6 160.9 181.2 191.6 210.4 231.6 248.5 270.5 292.2 316.1 338.6 368.7 385.4 394.4 396.9 401.1 400.6 398 406.8 403.7 391.5 374.7 383.3 387.1 401.2 434 448.8 460.5 454.9 458.4 467.3 472.5 473.7
342.8 339.6 335.2 332 329.1 323.6 317.3 314.4 311.2 305.6 300.9 297.4 299.3 296.8 293.5 289.5 290.2 292.1 288.5 282.9 277.6 268.8 257.4 243.2 219.4 192.9 167.9 148.7 131.9 119.6 108.6 106.9 95.7 89.4 89.4 89.4 89.4 89.4 89.8 96.6 97.4 98.2 100.3 101 102.6 118 136.1 151.6 164.8 182.2 199.2 222.7 240.5 263.4 286.5 305.3 332.3 359.5 372.6 390.4 388.4 394.4 400.8 389.1 398.2 391.4 373.8 373.1 377.4 384.7 403.9 430.1 445.4 460.2 450.2 469.3 467.8 480.6 474
352.2 349.6 346.8 343.8 341 334 327.7 325.2 320.4 317.4 312.3 312 308.6 308.7 305.5 302.1 303.6 302.9 302.5 298.2 293 288.6 278.4 252.8 222.6 197.7 174.4 151.5 135.2 121.8 110.8 109 100.9 89.8 89.4 89.4 89.4 89.4 89.4 96.9 97.6 97.8 99.7 100.7 103.1 113.4 129.3 145 158 180.3 195.8 215.2 235.3 257 281.8 297.8 322.3 346.1 362.5 377.1 377.7 388.4 393.3 383.8 373.7 369.2 356.5 367.7 371.5 379.9 405.8 430 445.2 456.2 446.8 466.6 465.1 467.8 470.1
362.1 361.5 358.7 354.8 351 345 340.9 336.8 333.8 331.7 329.6 325.1 319.2 319.5 316.8 314.8 318.1 314.3 314.7 312.8 312.5 312.2 303.5 283.8 245.4 216 182.5 163.2 141.1 125.3 112 105.6 102.1 93.6 89.4 89.4 89.4 89.4 89.4 94.9 97.2 97.1 98.1 100.5 102.9 107.2 123.2 133.3 152.1 172.3 190.9 206 232.4 251.1 270 292.9 314.1 334.7 351.4 364.5 372.6 375.1 378.5 371.3 356.7 348.9 351.3 364.1 369.3 376.9 401.7 425.6 432.2 436.5 439.3 454.5 452.7 455.7 467.3
373.6 373.4 370.7 367.2 364.3 358.6 353.5 349.3 347.2 344 342.2 342.1 336.6 328.9 329.9 327.7 330.2 329.6 328 330.6 326.3 321.1 313.9 300.2 266.2 227.4 201.4 174.3 148.9 129.8 112.2 100.9 98.5 95.1 89.4 89.4 89.4 89.4 89.4 93.4 98.7 93.1 95 98.2 100.1 106.1 113.9 128.5 149.1 166.2 186.9 206.6 221.2 244.6 260.2 280.8 303.9 325.6 343.8 350.4 360.9 363.9 362.3 350.7 346.3 340.7 350.6 357.8 364.4 375.1 388.6 408.4 410.2 418.5 427.9 440.3 447.3 452.9 467.8
384.9 387 385.6 381.9 379 371.5 362.5 363.7 358.8 354.9 354.5 353.1 349.5 344.8 340.5 340.1 344.2 344 344.5 341.3 335.5 327.5 312.8 302.5 276 233.7 203.3 177 147.7 126.7 111.3 100.8 99.5 98.2 90.3 89.4 89.4 89.4 89.4 89.4 95.9 89.4 90.5 93.2 96.4 102.2 111.4 126.3 144.5 162.3 183.7 202.4 214.6 232.7 251.3 272.2 293.7 309.7 321.2 331.2 350.3 351.1 340 342.7 338.1 337.6 347.2 353.8 362.1 374 374.4 394.1 400.4 413.6 424.9 432.2 442.7 452.2 467.5
398.5 403.7 403.6 399.4 394.8 385.5 382.5 379.6 373.4 367.1 366.1 365.1 362.5 358.9 353.9 349.4 354 360 360.3 352.6 343.8 329.6 309.2 289.8 267.4 241.3 217.7 197.7 163.1 133.3 113.3 103.5 103.8 102.4 89.4 89.4 89.4 89.4 89.4 89.4 89.4 89.4 89.4 89.4 92.6 97.8 109.5 122.7 141.1 159.3 175.1 191 204.4 217.5 246.3 261 277.8 293.2 303.4 313.6 324.3 323 333.9 338.8 328.6 336.9 347.2 352.9 362.2 366.3 364.2 383.1 384.7 408.7 422.1 429.6 436.1 448.8 453.3
414 419.1 417.8 415.4 411.8 404.7 400 397.7 386.3 379.9 377.9 378 375.5 371.2 366.4 360 360.2 361.1 362.7 360.9 352.9 333.5 312.7 290.8 264.8 241.2 219.5 199.2 173 141 118.6 109.2 107.7 103.7 89.4 89.4 89.4 89.4 89.4 89.4 89.4 89.4 89.4 89.4 89.4 89.4 104.4 121 135.6 155.7 167.3 179.7 193.1 213 235.4 249.1 261.5 275.3 293.5 301.4 303.1 306.1 319.8 329.1 321.5 338.8 342.2 358.1 365.5 361.2 358.2 366.7 378.3 401.9 421.5 428.8 434.3 439.9 440
430.5 435.7 436.7 438.2 432.7 418.8 407.5 405.9 401.3 397.1 391.1 392.1 388.2 384.2 379 372.3 367.6 362.2 360.9 360.7 352.3 328.1 310.2 291.1 259.7 229.7 213.4 187.2 167.6 141.9 120.9 112 107.9 102.7 90.3 89.4 89.4 89.4 89.4 89.4 89.4 89.4 89.4 89.4 89.4 89.4 102.3 120.3 136.1 150.3 159.4 165.1 186.2 205 220 228.6 244.6 260.4 288.1 298 299.9 291.3 303.1 321.8 321.3 324.7 347.2 362.7 349.2 348.6 354.9 361.8 376.5 401.8 414.6 420.7 434 433.8 434.9
447.1 455.2 456.6 458.1 452.3 433.8 419.2 415 410.9 405.9 405.1 404.2 400.5 396.1 394.1 386 377.5 366.8 360.8 353.6 348.1 334.1 312.6 286.8 255.2 227.1 204.3 177 155.9 133.6 124.6 115.6 107.2 99.6 89.5 89.4 89.4 89.4 89.4 89.4 89.4 89.4 89.4 89.4 89.4 89.4 95.6 117.2 130 141.6 150.1 154.2 173.9 189.2 197.4 210 229 243.6 273.3 285.4 281.1 275.6 293.4 306.2 311.2 313.8 332.4 342.3 337.2 344.7 352.3 360.3 373.8 392.8 404.3 413.7 420.4 423 430.1
453.4 467.3 468.2 467.7 461 445 430.7 431.1 426.8 418.2 415.6 412.5 409 406.5 405.1 401.3 382.9 371 368 367.6 362.4 352.5 334.9 310.4 284.9 248.3 217.7 194.7 170.2 146.9 138.1 120.5 109.4 95.6 89.4 89.4 89.4 89.4 89.4 89.4 89.4 89.4 89.4 89.4 89.4 89.4 90.2 109.7 121.2 131.3 137.4 148.5 159.7 173 183.2 197.3 214.6 231.6 254.2 267.8 260.7 270.9 293 311.4 295.4 302.3 314.6 320 325.1 336.4 349.2 358 367.8 381.4 391.9 397.6 407.6 418.4 424.1
460.8 473.6 475.1 474.1 470.7 456.1 448.3 450.3 444.6 434.2 430.6 425.2 420.4 416.9 414.7 410.7 389.2 379.8 380.5 380.4 374.6 365.8 347.1 317.4 292.9 264 234.9 211.3 182.3 169.6 144.7 125.4 111.3 98.4 89.4 89.4 89.4 89.4 89.4 89.4 89.4 89.4 89.4 89.4 89.4 89.4 89.4 97.4 107.7 119.4 130 142.5 150.2 161.7 176.2 185.2 201.5 210.9 231.7 241.6 244.7 259.4 281.6 291.9 280 295.9 307 309.1 318.5 330 343.2 353.3 361.7 370.2 382.1 401.7 409.6 416.8 424.9
466.6 476 481.3 478.6 476 467.4 460.3 459.7 457.5 451.1 443.1 437.1 431.6 424.4 418.6 409.2 395.3 382.8 389.9 392.5 385.8 369.1 343.4 310.9 286.3 260.9 236.6 209.4 203 184.4 157.4 138.1 118.3 105.4 92.3 89.4 89.4 89.4 89.4 89.4 89.4 89.4 89.4 89.4 89.4 89.4 89.4 92.7 103.1 109.3 118.6 127 141.5 155.5 167.3 173.6 184.7 199.3 211.7 221.9 235.3 250 262.5 262.8 269.6 288.7 296.1 300.7 309.8 325 337 349.1 368.5 371.5 385.1 404.1 420 417 428.9
469 479.5 484.8 482.9 481 475.7 468.7 469.2 469.7 462.4 454.6 450.6 440.3 429 416.7 409.9 399.8 397 399.6 401.5 391.9 372.4 352 320.8 293.7 260.2 229.2 219.3 223.6 197.3 168.2 148 128.5 115.5 98.4 89.4 89.4 89.4 89.4 89.4 89.4 89.4 89.4 89.4 89.4 89.4 89.4 89.9 95.6 98.9 102.6 119.6 134.8 145.4 158.4 164.9 174.8 186.8 193.2 204 225.9 234.9 242.1 244.7 264.5 276.6 283.1 292.5 302.5 323 336.2 346.7 367.3 374.4 384.3 406 420 417.9 436.2
468.5 484.9 489 489.2 488.2 483.7 474.3 473.4 474.7 470.5 467.2 461.1 448.8 436.7 418.9 408.1 401.7 402.1 404.9 407.3 399.1 376.1 354.4 323.5 296.9 271.4 269.1 263.8 245.9 220.1 184.6 157.5 144.5 129.1 111.2 92.6 89.4 89.4 89.4 89.4 89.4 89.4 89.4 89.4 89.4 89.4 89.4 89.4 89.4 92.7 99 117.1 126.9 134.5 149.7 158.7 167.1 173 176.6 187.9 203.5 210.4 221.2 242.4 259.6 266.1 270 284.6 302 318.3 330.3 342.7 359.6 380.7 385.2 396.3 405.7 418.6 440.7
472.7 487.8 492.4 492.6 491.3 490.3 489.2 487.5 489 487.9 476.4 464.3 451.2 444.4 429.6 427.3 419.9 409.1 409.8 410.2 397.1 377.3 358.3 327.3 302.2 310.4 298.9 279.5 248.3 220.7 197.4 173.4 155.9 146.1 128.4 110.2 89.4 89.4 89.4 89.4 89.4 89.4 89.4 89.4 89.4 89.4 89.4 89.4 89.4 89.4 97.6 104 109.7 123.4 137.4 147 154.5 161.1 161.2 168.2 181.9 196 212.8 242.8 253.3 254.7 259.4 276.8 294.8 308.1 320.4 335.9 354.2 381.2 387.7 385.6 400.4 421.2 442.3
477.3 485.1 490.2 494.2 498.9 497.7 490.8 489.4 490.6 491.3 483 465 451.3 447.1 431.6 430.6 428.3 415.9 411.6 412.6 404.3 384.3 360.8 339.4 355.9 353.9 339 311.1 277.1 234.8 216.8 198.5 193.5 166.9 138.4 119.6 100.9 89.4 89.4 89.4 89.4 89.4 89.4 89.4 89.4 89.4 89.4 89.4 89.4 89.4 93.1 96.4 103.3 112.4 122.5 133.2 142.4 151.1 152.2 156.8 170.2 182.2 206.1 234.3 247 244.4 249.1 268.9 289.8 298.5 313.1 329.1 345.4 365.8 369.6 383.9 400.8 425.1 450.4
481.6 483.6 488.7 495.5 500.2 497.2 491.8 497.7 500 492.4 476.2 462 453.5 444.3 438.1 440.7 432.1 419.8 415.1 410.2 402.5 387.2 383.9 390.7 381.9 372.1 358.1 320.9 292.1 268.7 233.9 214.2 190.1 164.8 143.9 127.6 106.9 98 89.4 89.4 89.4 89.4 89.4 89.4 89.4 89.4 89.4 89.4 89.4 89.4 89.4 92.1 101.3 106.6 114.5 122.5 130.5 134.6 141.8 144.8 153.2 171.9 193.2 217.8 228 226 242.9 261.3 280.2 289.8 304.9 320.5 334.8 351.1 365.3 385.6 411.3 442 458
486.2 489.4 491.7 493.6 493.3 492.2 497.1 499.6 497.2 486.9 474.8 468.5 460.4 449.5 445 445 437.5 425.9 419.9 408.6 400.6 408.2 417.3 400 391.4 385.9 372.7 335.2 299.3 286.9 257.9 228.1 200.1 172.6 146.9 130.9 115.4 100.6 90.5 89.4 89.4 89.4 89.4 89.4 89.4 89.4 89.4 89.4 89.4 89.4 89.4 89.4 96.5 103 105.3 113 118.3 125.9 131.9 138.7 148.8 166.8 180.3 197.2 204.2 219 235 254.7 268.3 281.2 298.9 310.8 328 347.3 359.7 388.1 423.3 446.8 452.5
485.1 492.9 493.6 488.1 486.2 490.8 491.8 491.7 489.7 484.5 476.2 471.7 463 452.1 453.5 451 442.1 431.6 422.7 419.5 416.3 422.4 420.8 409.5 400.6 392.5 372.7 335.7 317.9 302.7 288.9 256.8 227.8 182.9 154.8 138.4 123.6 108.8 96.2 89.4 89.4 89.4 89.4 89.4 89.4 89.4 89.4 89.4 89.4 89.4 89.4 89.4 91.1 97.3 101.2 107.6 113.7 120.1 125 133.3 142.1 159.1 172.1 180.6 189.1 204.4 225.4 244.9 258.6 269.2 285 300.7 321.3 341.2 358.4 391.7 422 446 452.2
487.7 492 485.3 480.4 482.2 489 494.1 497.6 489.3 486.9 477.3 470.4 466.8 463.2 462.6 457.4 445.9 431.5 421.9 420.1 426.3 434.9 429.2 418.3 408.7 398.1 377.5 348.5 341.6 326.2 302.2 273.8 244.9 198.2 167.4 146.1 127.8 114.8 105.7 92.8 89.4 89.4 89.4 89.4 89.4 89.4 89.4 89.4 89.4 89.4 89.4 89.4 89.4 93 99.1 105.1 109 113.5 116 126.6 138.3 152.6 162.7 168.6 174.7 193.8 215.9 230.8 244.9 263.3 271.9 292.3 309.7 332.4 354.4 388.2 415.5 438.2 452.4
486.9 483.9 479.6 480.3 481.8 487.4 494.3 499.4 495.6 490.6 479.8 470.9 469.6 470.4 470.4 460.7 444.8 431 424.6 426 440 443.3 439.2 427.4 417.8 404.9 385.1 376.2 356.5 335.7 312.1 281.8 252.5 211 177.3 154.5 129.7 118.9 110.4 104.1 93.5 89.4 89.4 89.4 89.4 89.4 89.4 89.4 89.4 89.4 89.4 89.4 89.4 91.8 97.2 101.1 104.8 106.4 109.9 120.6 132.1 143.6 154.2 156.9 174.1 189.4 208.4 221.3 237.7 251.6 268.3 289.7 317 342.1 374.2 398.5 429.5 451.9 467.9
