data/NN46.asc
ncols 200
nrows 200
xllcorner 240000
yllcorner 760000
cellsize 50
[rows 0 to 34 of 200, columns 80 to 159 of 200]
600.2 604 608.7 611.9 616.6 620.5 622.8 628.1 637 646.7 655.5 666.4 677.9 689.6 701.8 712.5 724.2 734.8 745.1 755.4 764.5 772.4 781.5 790.3 799.2 804.4 804.4 801.9 797.5 787 770.5 747.8 725.4 708.3 695.6 684.7 679.4 668.6 662.2 657.4 653.6 650.9 653.3 654.7 658.7 660.8 660.4 660.5 659.5 655.7 653.9 651.9 650.2 647.8 644.1 641.7 637.9 632.1 626.1 618.7 610.3 600.3 590.2 580.2 560.2 545.9 532.6 521.1 514.1 507.4 503.1 501.2 498.7 499.5 499.5 497.4 488.7 484.9 486.3 490.8
605.4 609.6 615.9 619.4 621.4 623.9 626.6 634.6 642.4 651.8 663.1 675.3 687 700.3 712.4 724.9 737.4 749.3 760.7 771.8 782.3 791.6 801.9 815.6 822.3 822.9 820.3 814.9 805.4 791.3 769.2 742.9 720.3 704.2 691.8 681.3 672.9 664.9 659 655.1 651.8 650.4 651.3 654.3 658.8 660.9 660.5 659.5 657 653.9 651.3 648.7 646.3 644.3 641.3 639.8 636.3 630.9 625.8 618.7 609 598.8 588.5 578.3 563.4 549.6 535 522.2 510.9 504.2 500.8 495.3 493.4 492.9 493.6 490.2 484.3 479.4 478 480.1
613.7 615.4 620.7 623.8 626.2 628.7 631.8 639.7 647.5 656.1 668.1 681.1 695.3 708.9 722.6 734.7 747.3 761.5 773.2 787.8 799.1 809.5 820.6 832.5 837.3 834.7 828.7 819.8 809.8 793.9 767.7 741 715.8 702.1 690.1 678.6 670.8 663.9 659 655.5 652 650.3 650.5 652 655.6 657.5 657.9 656.6 653.3 650.1 647.6 644.6 642.3 640.3 639.8 637.5 635 629.9 624.3 616.6 608.2 597.6 587.3 577.3 566.8 553.1 537.5 525.6 515.8 506.6 498.6 491.2 489.2 487.8 488.8 484.6 478.9 472.5 469.3 471.8
619.7 625.2 620.1 626.9 630.8 633.1 635.4 642.4 650 659 670 683.2 696.7 713.1 728 740.6 755 767.9 782.1 796.9 810.3 823.9 834.5 842.3 845.3 840.7 832.7 822.6 810.7 792.4 770.1 743.7 718.2 701.6 687.2 676.2 668.3 663.4 660 656 652.6 650.1 649.9 650.8 649.9 650.6 652 650.8 647.7 644.3 642.3 640.5 638.1 635.7 634.4 633.2 631.9 628.7 624.5 616.9 608.1 598.8 587.3 576.2 566.3 553.8 542.1 530.4 518.7 508.7 502.6 493.8 485.7 479.8 480.6 479.4 473.3 466.7 460.8 466.3
626.8 629.3 628.4 634.5 635.3 637.4 639.5 646 652 659 669.6 680.6 694.3 711.8 729.9 744.1 757.7 770.4 784.6 799.9 814 828.8 839.4 846.3 847.5 843.2 835.6 824 810 792.9 773.8 749.6 721.6 703 689.9 679.4 670.5 665.1 660.3 657 653 650.5 649.1 649.7 647.2 647.4 648.5 644 640.8 638.8 637.3 635.4 633.4 631.2 629.9 630.1 629 626.3 622.7 616.8 608.2 599.3 588.2 576.3 565.2 554.9 546.3 535.5 524.2 511.9 508.9 500.9 489.2 480 473.2 473.3 466.4 460.9 459.7 462.5
630.7 630.6 631.1 631.4 638.7 640 640.9 645.6 651 658.1 667.8 679.5 692.5 707 725.7 739.4 754.4 767.8 782.4 801.7 814.6 831.2 841.7 847.9 849.7 846.3 838.6 826.6 812.3 793.6 775.3 751.2 728.4 710 697 684.2 674.7 669.9 664.4 659.3 654.9 650.9 648.8 647.9 645.5 642.5 640.7 639 637.1 635.2 632.7 630.6 628.6 628.4 628.3 627.2 626 623.6 621.1 614.2 607.4 598.3 587.8 576.6 564.3 555 547.3 538.3 529.8 519.7 514.8 509.5 494.1 486.2 473.7 465 461 455.3 453.5 455.6
634.3 633.4 633.8 635.7 636.7 640.9 641.2 646.1 650.8 657.6 666.4 676.7 689.3 703.5 720 734.4 749.1 765.5 781 799.4 816.1 832.3 844.3 850.3 853 849.8 841.3 830.6 815.9 797.1 775.9 754.9 733 714.4 701.2 689.1 679.9 674.2 667.5 661.7 657 652.6 649.6 645.4 641.9 640.1 639.6 638.8 635.4 633.3 629.8 628.6 628.2 627.6 626.1 624.6 623.1 621.7 617.9 611.4 604.9 596.8 587.2 578.4 567.8 557.6 548.8 542.7 536.1 528.5 522.5 510.2 508.1 495.4 482.9 468.4 459.2 451.7 450.3 448.5
640.4 638.9 638.6 640.4 641 642 641.8 646.7 651.6 656.2 664.7 675.2 687.5 699.4 714.2 729.5 744.8 763.5 779.2 798.8 816.8 832.7 845.4 854.4 857.5 854.5 845.1 835.7 821.1 800.7 780.8 761 741.1 721.6 706.6 695.5 685.3 676.9 669.4 665.6 660.1 655.6 650.7 645.9 641.2 640.1 640.3 637.9 633.9 631.7 630 628.4 627.2 626.2 624.3 623.4 621.9 618.3 613.5 607.3 601.8 594.7 585.1 578.5 569.2 561.9 553.9 547.3 541.4 535.1 531.6 524.3 515.8 504.4 491.5 476.8 465.2 454.5 444.6 439.4
640.6 640.4 642.4 642.5 641.9 642.3 642.9 647.7 652.4 656.9 662.8 671.6 683.7 696.9 712 724.9 740.4 761.7 778.3 796.9 816.8 834 847.5 857.3 860.4 859.8 851 841.5 826.3 805.9 786.4 769.1 750 730.5 714.7 703.2 692 681.1 673 668.5 661.2 656.5 651.7 646.9 642.2 640.2 639.3 635.5 630.4 630.1 629.6 628.4 626.6 624.7 622.2 621.8 619.5 614.3 609.2 604.1 599 591 583.9 577.6 570.9 565.3 557.7 550.8 550.7 547.6 540.5 533 524.5 510.6 497.5 485.2 474 460.6 450 443.7
643.6 643.5 645.6 645.6 644.5 643.8 644.8 646.8 650.7 654.6 661.7 669.6 680.2 695.1 710.1 725 741.9 763.9 780.5 800.2 819.8 836.7 850.8 859.9 863.4 862.8 855.6 846.5 834 815.9 797.4 778.6 762.4 746.1 729.8 716.5 703.5 692 681.9 673.3 664.5 657.7 652.7 648.7 644.8 643.3 639.8 637.1 633.7 629.4 628.6 628.3 622.5 620.3 620.2 617.5 615.2 611.6 606.5 601.5 597 588.8 583.3 579.3 572.5 568.8 565.2 560.9 556.7 552.8 547 540.4 531.8 520.3 507.5 494.6 482.4 469.2 456.9 448.4
647.8 648.1 648.8 648.7 648.4 647.5 647.3 647.8 649.1 653.7 660.3 666.4 677.3 693.1 709.7 726.1 742.6 766.8 784.1 804.5 823.8 839.5 852.4 860.3 864.2 862.5 858.6 850.8 840.3 826 810.7 792.6 776.9 761.6 747.4 734.4 719.2 704.9 693.1 683 674.3 667.1 659.4 653 650.5 648.3 644.7 641.1 639.5 635.9 629.9 628 625.1 621.7 619.5 617 610.6 609.4 606.1 601.1 598.9 594.7 589.9 583.3 577.2 574.7 571.6 567 562.6 557 550.7 545.4 538.4 531.2 518.5 503.7 490.5 477.1 465 454.3
651.3 652.1 652.3 652.1 652 651.7 651 650.1 652.2 656.9 662.3 669.1 678.8 693.2 711 725.5 744 767.3 787.1 807.3 826 840.6 850.9 858 860.5 859.6 857.7 851.4 843.2 832.5 820.2 806 791.4 778.2 766.8 753.1 738.5 721.8 707.6 693.6 684.6 675.8 667.3 661.4 658 654.8 652.5 650 647.5 643.6 636.1 632.5 628.9 627.1 623.5 619.2 613.4 611.4 608.7 605.3 603.1 599 595 588.3 584.4 580.4 578.2 573.3 567.7 560.9 556.1 552.8 547.5 539.7 526.4 511.3 499 485.6 472.2 460.7
656.2 655.8 655.6 655.2 655.1 654.8 654 653.7 656 660.4 664.6 670.8 680.7 693.8 710.1 727.6 743.4 762.9 788.1 808.4 823.7 838.9 847.1 851.3 853.8 855.2 854 850.6 845.1 836 826 812.7 806.3 796.4 787.5 773.2 759.5 736.8 721.8 707.4 693 683.1 675.6 669.4 663.9 660.9 656.5 654.8 653.5 652.3 646.2 640.4 636 633.4 629.8 624.6 620 616.6 613.5 610.5 607.4 603.4 599.3 593.7 590.1 586.1 583.1 578.8 573.5 568.3 563.6 558.8 554.5 546.5 535.2 519.9 506.6 495.6 481.1 468.4
659.5 660 659.4 658.5 658.1 657.8 657.2 658.7 661.3 665 669 673.1 681.5 694.2 709.6 726.3 743.2 765.5 788.2 805.8 820.6 834.6 841.1 844.8 847 849.3 849.3 847.9 843.6 838.8 831.1 824.3 819.1 814.4 809.5 800.7 783.8 754.8 736.6 721.2 703.3 691.9 683.9 676.6 670 665.2 661.4 659.7 658.4 656.1 651.3 645.6 642.2 639.9 634.8 628.8 624 621 618.2 615.5 611.1 607.2 603.3 599.8 595.8 591.1 589.6 587.2 582.2 577.1 572.2 566.5 560.1 552.2 541 529 517.6 505.5 489.5 477.1
663.3 664.7 663.5 663.4 662.7 662.3 662.9 665.5 668.1 670.5 673.8 677.6 685.1 695 710.1 726.7 743.2 767.1 787.2 803.7 818 829.3 835.5 839.1 841.1 843.3 842.6 841.3 839.6 835.4 832.4 830.8 828.7 829.4 828 821.8 804.3 781.4 756.3 736.2 712.9 702.2 690.6 683.8 677.1 671 667.6 665 662.9 659.1 654.3 649.2 645.7 642.5 638.9 633 628.8 625.3 621.1 618.5 613.8 609.5 606.2 604.9 600.9 597.2 596.4 593.7 590.4 585.4 580.5 575.1 567.4 557.8 548.8 538.8 526.9 515 498.1 489
670.7 671 669.6 668.3 667.6 668.7 671.2 673.8 676 678.1 680.6 683.5 690 699.8 711.5 726.6 743.4 765.5 785 800.7 815.2 825.5 830 833.6 835.4 835 832.6 832.1 831.7 829.9 830.1 830.7 834.7 840 847.2 843.9 829.8 807.3 781.8 753.8 730.3 713.5 701.8 689.6 683.4 676.6 672.5 669.1 666.1 662.1 658.3 653.3 647.9 644.4 640.9 636.6 631.4 626.9 622.3 619.5 615.2 611.2 609.2 608.7 605.6 602.9 601.3 599.1 595.4 591.3 586.6 580.8 575.7 568.1 559.3 547.9 535.2 522.2 508.6 497.1
677.9 677.4 677.1 676.4 677.8 678.6 679.5 682.2 683.4 685.4 687.5 690.2 694.8 704.1 714.7 727.7 744.4 764.5 782.3 795.6 809 818.6 822.9 826.7 828.1 825.5 823 821.9 821.9 823.9 823.4 825.6 828.8 836.7 841.6 843.8 835.6 824.3 802.9 771.4 746.6 729.7 710 693.9 685.5 679.4 675.9 671 668.3 662.8 658.8 653.7 649.1 645.4 641.7 637.4 631.8 627.4 622.8 620 616.9 612.8 611.2 609.8 609.3 606 604.5 602.6 599.2 595.5 592.1 587.8 583.1 576.5 568.3 556.6 545 531 517.1 504.6
685.5 684.8 684.9 687.2 688.7 689.8 690.8 692.6 692.7 693.6 694.7 697 701.2 708.6 717.3 729.9 745.9 765.2 780.1 793.9 804.6 811.1 814.9 818.8 818 816 813.4 812 812.6 813.5 814.2 816.4 818 821.6 825.2 828.8 827.4 822.5 803.1 776 755.5 737.6 718.1 703.2 691.4 683.9 678.8 672 668.8 664.2 658.8 653.6 649 645.2 641.4 637.1 631.1 626.7 622.9 619.9 617.8 614.7 612.7 610.5 609.5 607.6 606.5 603.9 600.6 598 594.9 592 589 582 575.6 565.7 554.4 542.8 526.3 510.9
694.2 695.4 697.7 699.6 701.7 701.5 702.3 702.8 702.5 702 703 704.3 708.4 713.7 722.2 734.4 747.4 764.1 777.8 791.1 800.2 804.2 806.4 808.5 807.3 804.7 800.7 799.4 798.2 798 798.6 799.6 801.5 804.9 808.3 811 808.5 804.9 798.9 778.5 760.8 745.8 725.3 711.8 699.4 691 682.7 676.8 671.2 666.4 659.9 654.5 649.9 645.3 640.9 636.1 630.7 626.2 622.3 620.1 617.4 615.4 613.4 611.1 609.9 609.3 607 604.4 601.5 599.5 597.2 594.4 591.3 586 581.4 573.5 563 549.6 534.3 519.2
707.4 712.7 715.9 717.9 718.3 717.2 717.2 713.4 712.9 711.9 712.2 712.9 715.2 719.5 726.1 737.2 750.9 764.6 777.4 787 794.1 796.7 795.6 796.1 793.1 789.9 785.8 784.1 782.8 781.9 783.2 784.9 787.4 788.8 790.3 791.8 792.2 787.1 785.1 774.5 758.4 745.6 733.2 718.2 705.4 696.5 686.9 680.4 673.9 668.1 661.5 655.9 651 646 641 636.2 630.8 626.3 623.1 620.2 618.1 616.1 614.1 611.7 610.2 609.8 609.2 606.5 604 601.4 599.2 596.2 592.6 589 584.8 579.8 570.7 556.9 540.5 525.1
725.8 731 734.8 734.1 733.9 732.6 730.6 726.7 723.9 722.8 721.9 722.9 725.1 728 733.2 741.7 754.3 766.1 775 779 782.5 784.6 781.2 782.1 778.4 773.8 770.5 769.4 768.6 768.4 768.1 771 772.3 773.2 773.5 771.7 769.4 767.1 766.7 760 751 740.8 731.5 721 708.9 700.5 691.2 683.1 678.8 669 661.7 656.3 650.9 645.4 640.4 635.6 631.2 627.5 624.2 620.9 619.8 618 616.8 615.2 612.1 612.5 612.2 609.7 607.3 604.9 601.7 598.8 595.2 591.8 589.7 585.9 579.5 566.1 548.4 531.9
744.9 748.9 752.4 752.7 750 747.2 743.3 740.1 736.2 734.6 733.4 733.2 734.4 737.4 741.8 749.8 759.1 763.9 767.6 769.2 769.6 766.7 763.1 759.1 754.2 752.5 750.9 747.1 748.5 750.8 752.5 755.2 756.6 757 755.7 753.9 751.3 747.4 746.2 741 736.6 732.4 724.3 716.8 705.5 694.8 686.9 682.2 676.3 668.6 661.3 656.4 652.3 646.7 641.1 637.2 633.1 629.2 625.7 622.7 621.6 620.8 619.8 618.7 617.4 617 616 613.4 611 608.4 605 601.7 598.5 596.1 594.6 591.4 585.4 572.8 554.8 537.9
764.3 768.5 771.7 773.1 771.9 766 759.7 753.6 749.4 745.9 744.2 744 744.3 745 749.1 753.9 758.1 759.5 756.3 753.1 750.7 746.8 741.2 736.8 732 728.1 726.8 724.3 724.1 726.8 729.6 732.5 736.6 736.9 736.9 735.3 733.6 730.1 726.5 723.8 720.6 717.9 708.5 704.3 699.7 691.1 684.6 679.6 672 667.7 660.9 656.4 652.1 649.7 643.6 639 635.5 630.5 628.7 625.9 624.3 623.5 622.4 621.2 621 620.3 619.4 617.3 614.7 611.7 610.3 605.5 602.7 600.9 599.3 596.9 591.3 580 558.7 541.7
783.8 788.5 791.7 795.8 794.7 784.9 776.5 767.5 761.4 756.4 755.4 754.9 754 753.1 756.2 758.2 752.9 745.4 741.6 735.6 732.2 726 718.2 714.3 710.3 706.9 702.1 700.9 701.6 703 706.1 709.4 709.8 710.5 712.1 710.6 711.4 708.4 707.3 709.9 705.2 700 693.2 692.4 689.9 684.8 677.9 672.8 668.3 665.3 658.7 654.1 650.1 647 643.2 639.4 636.4 631.3 629.1 627.8 627 626.1 625 623.8 622.6 621.8 621.2 620.1 618.8 618.3 617.3 612.1 608.3 606.5 605.2 603.1 597.8 586.1 564.3 544.1
804.8 810.2 813.9 817.5 814.4 804.2 791.9 782.8 777.5 771.2 767.5 766 765.6 765.2 763 759.8 745.8 734.2 724 717.5 706.4 703.7 697.3 695.5 692.3 690 683.3 683.2 679.2 682.6 685.5 684.6 687.3 688.6 686.6 688.8 689.8 688.7 689.8 691.5 686.9 684.9 682.7 680.8 678.9 673.9 669.9 666.3 662.6 659 656.1 650.9 649.8 645.7 641.5 638.4 634.7 631 629.4 628.1 627.5 626.3 624.9 623.3 624.1 623.2 622.4 622.7 624.1 624.7 623.9 621.1 616.4 613.5 610.6 606.6 602.2 591.2 564.7 544.9
826.3 831.8 836.7 839 834.2 822 805.9 802.5 795.7 788.6 780.8 777.1 776.5 772.8 765.5 756.3 739 724 709.8 700.9 689.3 684.8 681.4 677.9 675.1 670 666.1 666.9 665.2 664.8 665.4 666.2 666.2 667.1 671.2 671.5 670.1 671.4 670.7 670.1 667.8 670.1 672.8 671.4 668.2 665.2 662.2 661.2 657.9 654.1 650.3 649.7 645.7 641.3 637.3 634.1 631.1 629.7 627.4 624.7 625 624.9 622.8 621.8 622.8 623.5 623.2 624.7 626.9 628.4 629 629.1 624.6 621.4 617 611.2 603.7 590 570.4 549
844.7 852.7 858.2 860.9 852.9 842.4 830.8 825.8 815.8 805.5 796.8 788.6 785.5 779.1 763.6 744.3 729.5 713.3 699.5 687.4 675.8 670.6 667.7 662.3 659.9 659.8 655.8 655 655 651.4 652.5 652.4 652.1 652.4 653.1 653.5 653.9 654.6 652.4 651.1 650.5 654.2 658.4 657.7 658.4 657.7 654.7 653.1 652.5 651.5 650.8 644.6 641.2 636.8 633.2 629.9 624.8 623.7 621.3 618.9 619.7 620.5 619.2 620.7 621.5 621.7 622.4 626.4 629.1 630.8 633.6 632.4 629.9 625.9 621.8 612.7 599.3 583.2 568.3 547.9
856.3 863.9 869.3 874.1 871.8 866 856.4 851.1 840.5 825.7 810.5 800.5 793.9 777 755.3 734.6 717.9 702.1 690.1 678.4 666.2 658.8 655.1 653.1 652.4 653.3 652.3 651.8 650.8 647.8 643.6 643.5 643 642.5 640.1 640.2 637.4 639.1 636.5 638.5 636.5 637.7 641.4 644 645.7 647.5 643.7 646.2 646.2 645.1 640.4 636.9 635.7 630 629.6 623.9 619.8 617.9 613.2 608.7 610.6 611.6 609.7 613.1 616.7 619.2 620.6 624.4 628.1 630.8 633.3 631.3 630.4 625.7 619.2 610.2 594.9 577.6 559 540.2
862.1 869.3 878.5 884.9 888.4 886.5 882.6 874.9 861.1 837.7 815.4 799.8 779.9 766.9 745.6 725.6 708 694 681.4 669.4 659.4 652.8 649 649.5 650.7 650.8 651 649.7 647.5 643.7 640.3 639.4 639.2 638.8 636 632.2 627.5 626.2 625.7 626.4 626.3 622.8 626.3 630.4 633.3 634.7 635.1 637.1 635.6 633.5 630 626.8 623.7 621.7 618.7 615.2 610.2 606.1 601.7 596.6 599.2 599.7 599 604.4 609.6 612.4 615.3 621 624.6 627.1 627.5 627.7 625.5 622.4 615.3 605.4 590.6 572.8 552.9 539.2
866.5 874.8 884.4 893.6 899.7 903 901 891.2 870.4 842.4 822.3 796.4 776.9 760.1 734.2 717.2 701.3 686.7 674.2 662 652 646.1 644 646.7 648.6 648.7 648.6 647.7 643.9 640.6 638.2 636.5 635.6 636.1 633.9 629.1 625.8 622.5 619.5 617.5 612.1 612.2 614.2 618.6 621.8 620.2 624.4 627.3 625.3 623.8 621.3 618 613.5 609.9 607.4 604 600.6 598.3 593.3 588.1 585.2 584.1 588.7 595.1 601.9 605.1 609.5 613.3 615.8 618.4 620.1 621.4 619 613.5 606.7 596.6 584.1 566.6 547.6 534.3
870.6 879.6 889.4 898.8 907.4 912 913.7 904.3 876.9 849 825.6 801 773.2 748.1 726.4 709.8 693.5 679.1 667.3 655.7 645.1 640.9 640 642.1 646.9 646.9 646.7 645.4 642.8 640.4 638.6 636.2 633.5 632.4 631.7 627.8 624.5 620.9 613.2 610 606.7 604.3 605.5 608.9 609.6 613.5 614.8 618.8 616.7 614.7 612.8 610.6 605.3 601.6 599.3 596.4 592.4 589.1 583.7 580 576.9 574.9 578.5 584.7 592.6 596.7 601.8 604.2 606.6 609.1 609.9 610.1 607.5 602.7 597.2 587.8 575.5 560.8 543.2 532.1
874.3 883.7 893.8 903.3 912.4 919.3 921.8 909.6 880.9 854.2 827.1 809.4 775.1 745.9 718.9 701.1 685.2 670.1 657.4 648 639.5 636.6 637.3 638.6 644 646.5 646 644 641.8 641.1 639.8 636.9 633.5 630.8 628.9 624.9 621 616.9 610.1 608.9 605.1 601.6 600.9 603.3 606 606.7 607.5 609.8 608.4 607.3 606.3 603.4 598.7 594.6 591.1 589 585 580 576.6 573.7 570.5 569 570 577.3 583.4 587.8 590.9 594 597 598.9 599.2 598.1 594.7 591.6 585.9 579.5 573 556.1 539.4 527.4
874.1 885.7 895.9 905.8 913.8 921.7 923 914.8 893.5 863.3 838.3 810.7 774.8 741 711.9 693.7 677 662.1 648.4 641.9 636.6 636.4 636.4 636.4 640.1 646.6 647.6 644.4 641.2 640.8 639.7 636.2 633.5 631.3 627.9 622.7 619.9 616.4 609.4 607.1 604.1 601.8 601 601.1 601.8 601.6 601.4 601.9 601.5 600.4 598.8 596.5 594.5 590.5 586.6 582.9 580 575.6 572.8 569.9 567.2 564.9 566.7 569.8 574.5 577.9 580.2 583.3 586.2 586.8 586.1 586.4 581.5 577.8 574 568.6 563.4 554.5 535.3 523.7
871.7 882.6 892.5 903.5 911 919.9 922.7 923.1 898.5 857 830.6 809.6 775.4 737.3 707.4 687.4 668.6 655.7 643 636.4 636.4 636.4 636.4 636.4 637.8 643.7 645.9 644.2 640.1 638.4 637.3 636.1 633.6 631.9 629.1 624.6 620.7 617.7 609.7 606.8 604.2 602 600.7 600.4 599.9 596.4 593.7 593.7 592.7 591 592.2 591.1 588.9 586.7 582.9 577.9 575.3 571.7 568.9 566.1 563.4 561.6 562.3 565 568.6 571 570.1 572.5 575.4 575.8 577.1 576 574 568.3 564.3 560.3 554.7 546.7 531.8 520.4
864.1 874.3 886 895.8 904.2 912.4 918.9 915.6 889 853.4 818.3 794.4 768.8 730.2 705.2 682 662.5 649.1 638 636.4 636.4 636.4 636.4 636.4 640.2 642.5 643.5 641.9 639 636.6 634.5 633.4 632.4 630.6 628.6 625.9 622.6 618.8 610.3 606.3 604.4 602.2 600.5 601 595.1 590 588.9 585.3 583.8 584.6 587.5 585.5 583.3 581.1 579 573.4 571.4 567.8 565.1 562.3 559.8 559.3 559.6 561.1 562.5 563.2 560 562.6 566.3 566.8 568 567.2 565.9 560.6 556.3 553.3 550.6 543 530 518.3
