data/NN51.asc
ncols 200
nrows 200
xllcorner 250000
yllcorner 710000
cellsize 50
[rows 35 to 69 of 200, columns 78 to 155 of 200]
335.9 362.9 387.9 394.4 403.7 422.2 445.6 470.1 490.7 513.9 539.1 547 550.2 550.4 540.5 529.8 521 504 487.5 467.7 455.2 431.5 395.5 371.8 345.8 322.9 297.3 274.1 250.6 233.6 224.7 214.4 203.8 193.3 185.8 178.9 171.5 164 158.7 152.7 144.3 135.5 128.7 125.9 123.9 123.7 123.5 123.3 123.6 123.8 127.8 145.4 164.3 183.7 202.2 220.5 232 247.3 262.9 279.3 299.4 316.5 332.3 348.1 360 366.8 374.6 380.3 390.9 394.5 398.2 421.4 432.6 445.2 458.8 472 485.7 498.5
340 373.2 382.4 396.7 405.1 427.3 454.9 477.2 500.9 522 539.3 544.8 553 558.2 551.6 538 524 511.4 494.5 475 460.3 438.2 400.6 372.3 344.3 321.4 299 274.3 254.2 235.8 222.7 214.9 204.7 195.6 189.7 182.5 175 168.2 163.2 159.1 150.8 142.3 134.1 130.4 125.1 123.4 123.5 123.6 123.6 121 127.5 138.3 159.1 177.7 195.5 215 226.6 241.8 256.3 276.9 296.2 309.8 324.7 339.6 351.3 358 366.3 372.6 376.5 379 400.8 414.5 427.2 440.3 453.7 468 482.7 495.9
339.6 364 376 384.8 404.9 432.5 453.6 470.3 495.2 514 533.9 544.7 552.1 555.9 556.7 539.5 530.9 523.6 509.9 488.3 464.6 441.5 401.6 371.1 340.9 320.9 303.3 279.5 255.4 238.3 222.4 214.3 205.7 198.1 192.6 185.3 177 170.7 167.5 165.3 156.8 148.3 139.9 133.6 127.6 123.7 123.4 123.6 123.7 121.6 127.8 137.4 154 172 190.5 211.1 225.5 238.1 255.3 276.7 291.5 304.3 318.3 331 341.6 350.6 356.8 360.9 375.9 387.6 396.8 407.2 420.4 436 450.5 465 479.3 491.9
341.4 361.4 365.3 379.2 404.4 426.8 449.8 464 483.2 504.5 524.4 530.2 539.5 543.7 548.7 543.2 543.5 541.2 526.9 501.4 468.4 442.3 407.3 376.9 348.3 327.5 308 286.1 265 245.7 223.6 214.7 206 200 194.1 186.2 178.5 180.3 179.4 172.1 162.7 153.6 144.2 135.5 127.2 124 123.4 123.4 123.6 121.6 131.6 147 158.3 174.4 188.9 207.3 219.9 235.9 253.5 271.1 286.5 299.3 312.2 325.4 334.2 333 349 359.3 369.4 380.1 389.6 403.3 417.2 431.8 446 461.8 475.8 488.2
337.5 347.9 352.4 373.1 390.4 413.1 431.8 451.8 471.3 488.3 506.3 520.9 533.5 547 554.2 554.2 552.8 547.8 530 504.7 471.5 445.4 413 383.7 359.1 337.5 317.4 294.9 273 253.2 234.6 215.5 205.6 196 192.8 187.1 185.8 186.6 185.8 181.1 168 156.8 147 138 129 123.3 123.6 122.2 122 123.9 130.2 147.9 157.2 172.3 186.8 204.1 219.1 231.9 246.6 263.7 280.3 293.2 306.6 314.7 324.1 335.9 343.9 354.5 361.1 374.9 387.2 400.2 413.5 427.5 441.1 458 475.1 487.7
324.8 330.5 346.6 364 380.5 404.6 431.2 451.2 474.6 493.3 504.6 515 535.2 555.5 559.2 559.6 559.4 545.6 529.7 504.9 479.2 452.6 418.7 392 368.9 346.6 324.3 303.9 281.3 262.9 243.2 219.9 204.8 194.6 192.6 189.2 189 188.6 186.6 181.5 168.2 156.2 145.9 140.4 132.5 121.8 122.5 123.7 124.5 125.6 134.3 147.6 157.4 170.6 185.1 201.7 216.6 228.7 240.5 258 274 286.9 296.5 311.6 322.3 331 338.7 349.7 361.6 372.1 384.8 397.9 412.4 426.8 441.8 460.3 475.6 488.9
312.4 327.8 343.8 362.5 385.7 407.8 425 445.3 466.6 486.6 499.8 508.6 532.1 550.3 553.3 563.6 567.5 549.5 532.2 508.5 479.2 450.4 424.4 397.8 376.2 354.8 331.1 312.7 290.7 268.2 251 226 206.1 197.4 192.6 192.3 192 191.4 187.4 175.8 163.6 153.7 143 136.5 128.6 122.2 121.6 124.8 125.5 128 133.5 147.1 156.5 170.2 184.2 198.6 213.3 227 232.1 239.2 254.6 274.1 292.6 306.7 318.6 327.5 337.1 348.1 360 371.4 382.4 396.9 411.3 425.6 440.9 457.6 472.8 487.6
306.1 322.9 340.7 360.2 380.3 400.2 416.8 439.6 458.5 485.2 495.4 502.9 519.1 537.7 547.3 567.4 569.1 551.1 528.4 503.2 480.4 452.7 427.6 403.9 383 361.9 336.8 314.7 295.5 276.2 254.9 231.6 213.1 197.4 192.2 190.4 189 186.8 178.2 166.9 157.5 147.6 138.3 132.9 127.8 124 122 125 126.2 128.1 136 145.8 157.6 169.9 182.7 196.4 207.7 214.4 227.4 240 256.7 273.9 290.8 306.1 317 327.7 337.9 348.8 358.1 368.4 383.1 396 410.4 425.1 439.9 455.1 470.5 485.3
304.1 321.2 342.5 357.5 377.8 388 404.6 436.1 450.2 469.9 490 501.1 523.9 541.9 553.8 565.5 565.4 551.4 525.9 503.7 480.2 450.8 430.3 408.4 389.3 369.5 346 317 298.7 278.7 259.5 238.7 219.8 202.1 191.1 186.9 182.2 176.7 170.1 161.3 151.6 140.3 133.7 133.4 129.3 125.6 121.6 125.1 127.2 129.1 136 144.7 156.2 170.9 182.3 197.2 208.1 216.2 229 241.4 257.7 273.2 289 303 315.2 326 338.3 347.5 356.6 372.3 385.4 395.8 410.1 424.6 439.2 453.8 468 482.8
300.9 315.9 333.7 352.4 372.3 377.8 392.8 420.6 438.2 450.9 473.1 499 526.7 541.2 553.4 560.8 560 547.8 527.2 502 478.6 455.5 432.6 412.2 392.8 372.6 347.5 321.5 302.9 284.2 264.4 245.6 226.3 205.8 190.7 182.4 177.6 172.8 164.4 155.6 146.2 139.7 137 134.5 130.9 127.1 121.5 125 126.7 132 141.2 146.2 156.6 170.9 184 199.8 209.6 220 230 242.5 257 272.5 287.8 300.7 312.9 324.8 335.3 344.8 355 368.6 384.8 396.7 409.7 423.6 437.7 450.9 466.3 481.1
297.3 310.9 325.4 342.6 358.5 371.6 386.3 407.3 426.4 446.2 471.7 496 523.4 538.4 552.9 560.3 559.4 554.2 529.5 499 475.9 453.8 435.5 414.7 393.5 374.2 351.1 330.5 311.1 290.6 269.6 250.7 229.5 208 191.8 180.7 175.5 171.2 163.6 155 148.1 142.4 138.7 135.7 132.1 127.2 121.6 125.1 126.5 133.5 141.6 150.9 161.3 171.8 184.5 198.6 209.1 219.6 230.6 242.8 256.9 270.6 285.8 298.2 310.5 322.8 334 343.7 354.2 372.3 388.1 399 410 425.3 434.5 448 464.1 480.1
292.6 305.8 321.4 333.2 347.6 366.5 387.2 410 428.4 447.5 475 494.8 522.1 541.9 554.3 559.2 556 548.6 528.4 501.8 478.8 457.5 440.3 419.1 397.5 378.9 355.7 332.1 313.7 293.6 272 251.1 229.6 208.1 192.6 180 173.4 168.8 163.6 156 150.4 145.6 140.8 135 129.5 124.2 123.9 124.9 127.6 135.8 144.7 153.3 161.4 172.5 185.7 197.8 208.5 219.3 230.1 242.7 256.4 270 283.3 295.8 308.1 320.8 333.5 345.3 358 372.3 386.9 398.5 410.7 423.2 431.9 443.7 462.7 481.4
286.6 301 317 331.6 347.2 363.6 381.7 396.5 416.5 443.8 471.9 491.3 516.1 542.2 558.1 562.5 554.4 543.7 528.1 507.7 485.1 464.9 445.6 423.8 401.6 378.9 359.9 337.7 315.5 293.8 271.8 250.4 229.1 207.8 193.2 180.9 171.8 166.3 162 158 152.9 149 142.7 132 125.3 123.1 123.6 124.5 130 135.9 146.9 154.6 161.9 172.4 184.9 196.5 207.5 218.4 229.2 242.2 255.9 269.6 282.9 293.8 306.4 319.2 332.4 347.6 358.4 370.3 382.8 395.2 408.2 418 428.5 448.3 467.1 485.3
280.4 296.2 312.5 328.7 343.8 359.4 374.8 392 409.3 436.1 468.5 482.6 505.5 527.3 560.4 564.5 551.5 538.1 527.3 509.7 490.5 472.6 450.4 427.9 404.9 383.8 363.4 340.6 316.3 294.5 271.2 249.7 228.2 207 193.9 183 170.9 164.3 161.1 158.4 152.5 145.9 138.6 127.6 121.4 123.4 123.8 126.1 133.4 140.8 147.8 155.3 163.1 171.6 183.6 195.1 206.6 218.1 228.3 241.8 255.6 270.1 284.1 294.9 306.8 318.3 330.5 344 355.7 370.4 381.8 392.9 404.9 415.8 434.8 452.3 468.5 486.2
275.2 291.3 307.4 323.5 339 353.1 370.2 389.4 409.9 429.5 464.4 479.1 495.6 513.9 546.3 554.5 544.6 531.6 521.7 512.8 499.9 480.3 458.2 431.9 409.6 388.5 367.1 343.5 317.9 294 270.3 247 225.4 206.3 193.6 182.3 171.4 164.6 157.7 154.9 148.7 140 133.1 124.5 123.6 123.9 124 129.5 136.4 144.4 151.1 158.8 168.3 183 185.5 194.9 206.2 217.5 229.6 243.1 255.5 267.8 281.1 292.7 304.2 315.7 327.3 341.4 356.2 368.6 379.8 390.9 403.2 417.2 432.3 449.8 467 484.7
269.4 284.3 303.4 319.3 335.2 349.8 366.8 387.1 407.2 429.6 454.8 467.6 489.3 506.9 523.3 541.5 537.3 526.9 520.8 517.8 507.9 486.1 463 436.4 414.2 392.9 369.8 347.4 317.6 291.2 267.2 243.9 222.3 205.1 192.5 180.8 170.2 159.9 152.5 148.7 144.2 135.9 128.5 123.5 123.3 123.6 126.2 132.7 140 147.2 153 160 169.6 177.2 185.5 195.4 207.7 219.8 230.7 243.8 256.1 268.4 280.4 292.2 303.9 315.2 326.5 339.9 355 367.8 379 390.8 403.5 417.2 432.8 450.1 466.3 485.2
263.5 277.1 296.8 315.1 332.7 348.4 363.1 383.1 406.9 425.7 446.8 462.9 480.2 498.6 510.4 523.9 526.6 524.5 522.9 524.3 513.7 492 465.1 441.7 418 394.5 371.6 350.4 314.8 287 263.2 239.5 219.5 203.7 191 178.7 167.1 155.3 148.3 142.3 136.8 129.8 124.3 123.5 123.8 124.7 127.8 133.7 141.3 148.1 153.4 160.2 167.8 176.1 185.5 195.8 208 220.3 232.3 244.4 256.5 268.6 280.4 291.9 303.9 316 327.4 339.9 354.3 366.9 378.8 390.9 403 417 432.8 450 465.1 483.4
259.9 274 291.4 310.4 328.3 346.3 361.5 376.7 401.9 424 445.4 458.8 475.4 485.3 499.4 510.5 524.6 525.3 525.8 523 513.7 493.5 468.2 445 421.4 397.3 372 347.1 313 283.7 256.7 230.4 213.5 202.2 189.2 176.9 165.5 153 144.9 136 131.4 125.8 123.9 123.6 123.5 125.9 128.7 134.5 142.5 150.2 156.6 160.6 169.3 177.1 185.4 196.2 208.4 220.6 232.6 244.6 256.7 268.9 280.4 291.9 304.3 316.7 327.8 339.6 352.9 366.3 379.3 389.3 401.3 417 433.2 448.2 462.2 480.8
255.5 271.1 288.8 306.8 324.7 342.9 360.2 376 397.1 419.7 442.7 456.4 467.2 478 489.6 505 527.1 526.3 528.4 524.2 515.8 493.5 471.6 450.1 424.3 399.4 373.5 345.7 316.9 289.3 252.9 226.2 211 199.6 187.3 175.1 163.7 152.6 142.7 132.8 128.1 125.4 123.9 122.6 124.2 129 132.2 136.3 147.3 154.9 162.1 167.2 170.6 178.4 186.1 197.8 210.1 220.9 233 245 257 269 280.2 290.3 305.4 317.2 328.4 339.9 351.9 366.6 380 390.6 402.6 418 435.9 451.1 460.3 477.2
250.3 269.2 287 303.9 319.4 338.5 356.8 371.5 391.5 412.7 430 448.4 463 474.9 486.8 505.4 517.8 531 533.3 528.6 521.3 505.9 472.4 448.2 424.8 401.5 375 347.1 320.9 296.4 255 225.8 207.9 195.1 182.5 172.2 161.2 151.1 141.8 131.8 127.3 125.3 123.2 118.8 125.7 133.6 135.4 140.2 149.5 158.4 163.4 167.6 171.1 180.4 190.6 200.5 210 220.8 232.1 245.1 258.3 268.2 278.2 290.5 305.2 317.4 329.3 340.7 352.7 365.6 378 391.2 402.9 415.1 433.8 455.6 461.2 470.8
248.6 266 283.9 302.7 318.3 335.1 352.6 367.6 385.9 405.2 423.7 444.7 465.1 479.8 496.8 505.7 518.4 535.3 532.7 530.4 522.3 524 496.5 453.8 427.7 403.5 376.6 350.2 324.9 300 254.3 224.7 207.1 190.6 178.4 168.1 158.1 148.2 138.1 131.3 127.2 125.3 118.7 127.1 130 133.3 137.6 143.6 151.3 158.8 170.4 176.1 175.6 184 193.4 202.3 211.7 221.3 232.6 243.5 256.5 267.4 277.7 291.1 304.6 317.5 329.8 341.4 353.4 365 376.7 388.5 400.7 412.1 426.9 448 460.2 464.8
248.5 265.1 281.4 300.3 315.9 331.9 350.3 366.5 384.2 401.5 420.1 441.3 467.1 482.8 492.9 502.3 523.4 528.9 528.9 543 538.8 527.4 493.7 454.7 426 404.1 378.4 350.4 323 297.5 253.3 224.2 204.9 187.9 174.5 164 154.6 145.2 135.7 130.4 125.8 123.7 122.1 126.4 131.4 134.8 139.6 145.5 154.1 160.8 169.4 176.1 179.9 187.7 196.1 204.8 213.5 222.3 232.9 243.8 255 266.6 279.1 292.2 305 317.3 329.6 341.3 352.2 363.8 375.6 387.4 399.5 412.1 424.5 437.1 452.4 460.7
246.7 262.1 278.2 296.9 313.7 330.2 346.5 365.3 381.2 396.2 416.9 437.5 458.9 485.6 490.2 502.8 514.4 522.9 525.4 519.2 516.8 501.6 475.7 443.4 415.9 396.5 376.2 347.5 320.9 295.3 253.1 225.4 206.8 190.3 178.3 166.3 155 144.6 136.3 130.3 124.6 122.3 123.4 125.6 130 134.5 141.2 152.2 158.7 165 176.3 178.9 184.8 191.2 198.1 206.4 215.1 223.1 233.1 244 254.8 265.8 279.3 292.1 305 316.6 329.3 340.8 351.7 363.1 375.3 387.6 400 411.4 422.1 432.5 443.7 455.4
249.1 259.5 276.7 292.8 309.4 326.1 343 360.1 376.5 391.9 411.2 428.4 451.9 473.2 480 490.9 497.9 505.7 512.5 501.5 480.4 471 459.9 434 409.1 389.1 369.3 341.1 315.4 288.8 250.4 224.4 206.1 191.6 179.5 167.5 156.1 145.7 135.2 127.9 123.4 119.7 123.9 125.7 128.6 132.5 140 148.8 159.1 168.4 176.8 181.1 186.8 194 200.8 208.6 215.9 222.8 231.9 242.8 253.5 264.8 277.7 291.4 304.9 316.9 329.5 341 351.5 363.6 374.8 386.3 397.8 407.6 419.6 430.7 439.1 446.8
245.8 258.1 272.9 289.9 307.1 323.6 340.2 355.7 371.9 387 403 418 432.9 450.6 469.4 482.5 484.8 487.4 491.1 475.9 460.3 451.5 446.2 426.7 406.3 386.7 368.9 343 311.5 283.4 249.8 223.7 204.6 190.8 180.4 168.8 157.3 146.8 136.4 129.1 122.9 122.9 124.1 125.3 129.4 136.6 141 150.8 163.6 171.3 175.3 180.9 189 196.4 203.4 209.2 215.3 219.8 230.2 242.3 251.9 263.3 276 289.8 303.7 316.4 328.9 340.4 351.1 362 373 384 395 406.2 418.4 429.2 437.8 446.5
244.8 256.4 272.5 286.9 304.1 321.3 337.3 352.6 367.4 382.7 396.6 410.8 425.4 442.1 460.3 479 469.7 463.9 462.5 456.8 449.2 438.9 431.2 417.2 403.3 386.5 369.7 338.9 305.1 274.2 243.1 221.5 203.1 189.9 179.3 169.3 158.4 148 138.1 128.3 119.4 123.6 124.6 125.8 130.7 137.9 145.5 156.9 166.2 171.8 175.3 181.1 189.3 197.8 204.2 210 217.3 225.4 235.4 243.1 251.7 263.2 275.6 288.6 301.9 314.9 327.4 339.5 350.7 360.5 371.6 383.2 394.5 405.6 417.5 428.1 437.6 447.1
247 256.3 271.6 285.3 302.2 318.5 334.2 349.3 363.3 378.4 391.6 404.9 418.4 437.7 459.1 467.5 465.4 458.9 453.9 449 440.9 431.5 420.5 406.5 396.7 381.8 357.1 327.8 295 263.8 236.1 218.1 201.3 188.8 178.1 168 157.9 147.5 137.9 127.6 120.7 124 125.1 126.7 129.1 135.9 144 155.7 162.9 171.8 177.1 184.4 191.7 199 205.3 211.2 218.6 229.3 236.6 243.1 252.7 264 276.7 288.6 299.8 312.8 325.9 338.7 350.1 359.6 371.2 382.9 394.1 405 416.8 428.6 437.7 447.5
244.9 256.3 270 284.9 299.4 315.3 331.1 345.7 359.4 373.5 387 400.8 414.5 433.9 459.1 462.9 460 453.9 457.9 450.1 440.8 430.9 418.7 401.3 387 368.4 340.7 313.3 280.7 247.1 227.2 213.1 198.5 186.5 175.3 166 155.9 146 136.1 126.8 122.7 124 125.5 126.5 129.2 134.1 150.7 155 162.7 171.2 179.1 186.3 193.6 200.9 207.9 213.4 219.9 230.8 238.1 243.3 253.5 264.3 275.6 287.3 297.8 310.7 323.8 336.4 348 359.6 371 382.5 393.2 403.5 415 425.7 434.5 444.7
243.4 251.3 268 284.5 297.6 312.8 328.3 342.6 356.6 369.1 382.3 396.7 409.2 425.9 453.7 455 460 452.8 457.8 450.7 443.4 431.6 418.9 402 385.1 358.7 329.3 298.3 261.5 236.1 222.1 207.4 194.7 182.9 172.4 163.1 153.8 144.6 135.1 125.8 119.3 122.4 123.7 125 127.7 137.3 159.4 160.7 164.3 172.7 181 188.2 195.5 202.7 209.9 215.6 222.6 232.3 239.6 244.5 252.9 263.1 273.8 285 297 310.4 323.9 336.2 348.1 359.6 371 381.5 391.7 401.9 413.2 422.3 431.3 441.3
242.3 251.1 268.9 282.6 297.3 312.6 327.2 340.8 354 366.5 379 396.1 408.2 413.4 429.5 441 445.3 445.9 453 458.8 448.3 431.2 416.4 399 375 337.4 311.8 284.6 257.5 236.3 216 200.5 190.2 178.3 168.1 158.9 150.8 143.9 132.6 127 123.3 119.3 123.2 124.4 128 144.8 159.1 163.6 167.7 171.7 179.1 190.1 197.4 204.7 212.7 217 226.4 234.2 239.2 244 252.2 263 273.9 285 297.1 310.6 323.1 335.3 347.9 359.6 370 380 390.2 400.4 410.4 419 427.4 436.1
243.7 254.1 268.8 282 297.2 312 326.2 340 352.6 365.3 378.2 391.4 401 410.4 418.3 430.1 435.2 439.5 442.3 449.1 444.6 429.4 407.1 384.1 353.4 325.5 302.4 278.6 254.7 232.5 212.3 197.8 188.4 177.6 165.3 153.7 146.9 140.7 130.9 127.4 124.1 122.7 123.1 125.2 129.9 145.2 157.9 163.9 171.6 179.7 184.2 186.9 197.3 208.5 214.4 218.6 229.2 235.3 239.9 244.4 252.2 263 274.1 285.1 297.2 309.6 322 334.2 346.4 359.1 368.9 379.7 391 401.3 411.2 419.2 424.2 429.5
245.4 253.1 263.6 280.3 295.7 311.2 326.6 338.6 350.9 364.1 377 388.8 396.2 400.7 410.3 421.3 426.9 430.8 436.5 440.7 432 419.5 383.2 361.5 340.3 317.4 294.9 272.1 248.4 227.9 210.4 195.8 187.1 178.8 167.5 154.7 144.4 136.6 130.3 127.2 123.9 123.1 121.2 125.1 130.8 144.7 157.5 167.6 176.1 183.7 192.2 201.2 204.6 205 216.2 221.2 228.3 235.6 240.7 244.9 252.3 263 273.9 284.7 296 308.5 321 333.2 344.2 359.6 368.4 379 388.9 397.7 408.7 416 419.5 424.1
242.7 249.9 260.6 279.1 293.8 310.9 326.8 338.6 351 364 373.9 385.8 392.5 398.6 408.5 416.3 422.1 426.2 430.5 433.2 423.5 410.1 373.9 343.6 327.7 310.8 288.1 265.1 242.5 222.5 203.5 194.6 185.7 178.6 166.3 153.7 143.2 137.5 129.7 126.9 123.5 122.7 119.9 128 135 147.9 162.7 173 180.2 187.3 195.4 204.4 213.9 217.6 213.3 225 229.7 237.9 241.7 245.4 250.9 261.3 273 284.1 295.1 307.1 319.5 332.7 345.4 360.3 371.3 381.8 390.9 401.2 411.1 419.6 420.9 425
243.1 251.7 260.9 274.9 291.7 309.8 328.6 342.4 353.8 366.2 376 384.8 392.3 400.2 407.3 413.9 418.9 424.6 430.4 432 421.4 396.3 366.8 341.8 322.7 303.2 281.2 258.4 236.4 215.1 201.8 191.4 183 173.7 162.8 152.4 144.2 140.1 130.1 124.2 123 122.8 120.9 131.2 139.6 153.9 169 175.5 183.7 190.9 198.5 207.3 216.9 223.5 227.1 223 232.4 239.3 242.9 246.5 253 263 274.9 285.7 296.6 307.5 319.6 332.7 345.5 360.2 371.5 382.7 392.6 401.8 412.8 419.3 424.5 428.4
243.9 249.8 260.3 274.4 291 309.8 328.4 343.6 355.8 367.8 378.3 387.6 396.2 403.4 406.8 413 420.2 427.9 432.7 429.9 413.2 388.2 362.3 341.1 318.3 297.7 276 252.3 228.7 208.1 198.8 187.4 178.2 168.5 159.8 149.4 138.2 124.8 125.9 123.7 122.6 122.5 126.6 136.9 147.1 158.4 168.9 178 186 194.1 202.6 211.4 219.3 226.7 230.7 228.3 233.6 239.6 244 248.3 255.8 265.6 277 287.8 297.1 308.6 320.2 332.4 345.2 357 370.5 382.7 392.7 403.2 412.7 419 425.4 431.8
