data/NN53.asc
ncols 200
nrows 200
xllcorner 250000
yllcorner 730000
cellsize 50
[rows 140 to 174 of 200, columns 78 to 155 of 200]
549.8 552.6 554.5 557.1 568.2 573.8 573.6 567.3 559.5 549 538.7 531.5 522.9 515.2 515.1 515.4 512.2 504.3 497.2 497.2 493.3 498.7 504.3 506.4 507.2 503.5 498.1 491.7 495.3 495.4 492.6 494.2 497.1 494.7 485.4 480.3 494.4 505.6 495.2 487.9 478.4 472 471.7 470.9 442 416.4 409.1 398.1 373.3 356.7 340.1 333.2 321.4 309.4 284.1 238.3 218.6 195.3 174.6 162.9 154.3 144.3 136.4 130.6 122.6 118.5 115.3 114.5 114.7 114 113.3 112.8 111.6 110.2 107.9 106.8 107.1 113.5
557.6 560.4 562.4 565 577.3 585.8 586 578.2 569.4 558.3 548.4 542.4 534.4 523.3 516.1 512 508 502.5 497.2 498.1 498.8 502.7 511.9 511.8 511.3 507.1 503.9 501 502.2 500.4 495.9 496.8 499.7 498.2 485.9 486.1 495.8 499.9 503.5 503.6 494.7 479.5 473.9 467.2 442.3 430.2 426.4 399.6 374.3 350.9 337.9 324.4 300.8 285.8 257.7 231.3 209.3 189 174.1 162.3 151.3 142.8 136.3 129.5 122.7 119.2 117.3 115.3 115.3 114.5 112.9 111.9 111.5 110.2 106.3 108.5 113.7 113.4
566.4 568.7 569.3 569.7 584.3 591.5 591.5 586.9 582.1 570.6 562.8 555.9 540.8 527.8 527.8 518.4 511.5 504.9 500.7 500.5 503.3 505.3 511.9 512.3 510.9 513.6 513.6 509.7 505.4 499.6 497.8 498.2 498.3 492.7 491.1 494.8 501.5 511.2 515.4 511.4 506.3 487.1 476 462.7 430.6 428.1 406.1 390.8 372 356.1 339.3 315.2 289.9 267.2 241.5 223.7 203.1 187.5 173 160.1 147.8 141.4 136.7 130.2 125.2 122.9 119.9 116.8 116 113.5 112.1 111.4 111.2 106.6 109.8 113.7 113.3 113.1
571.9 576.5 573.9 575.3 590.8 595.2 593.9 594.7 591.6 582.5 576.1 565.3 553 533.7 527.2 519.6 510.2 505.3 502.5 503.8 510.5 506.3 510 511.5 512.9 520.1 520 516 510.5 503.8 498.2 496.7 494.5 495.7 498.7 506.2 510.1 515.5 519.6 515.4 510.1 490.7 471.5 435.6 414.2 402.8 392.1 381.8 364.4 353.9 344.6 321.9 290.6 265.7 239.9 220.8 202.9 185.2 169.8 158.1 150.6 142.7 136.3 129.9 127.6 126.1 122.8 118.2 114.2 113 112.5 112.6 106.7 111.4 113.7 113.6 113.3 112.9
575.6 577.5 574.8 577.4 592 597 596.5 600.3 600.9 591.2 584.6 573.8 558.8 538.8 527.7 517.1 510.3 503.7 502.8 504 506.4 504.3 504.3 509.6 510.8 520 521.4 519.3 514.5 507.1 501.8 497.9 496.7 498 497.9 503.3 510.1 512.4 518.2 514 499.8 473.8 450 417.4 399.3 389.3 381 369 356.4 346 332.6 309.6 276.7 257.8 239.1 215 195 181.8 167.3 155.4 148.3 146.2 136.7 131.9 129.6 126.6 121 116.1 114 113.7 110.8 107.1 111.8 113.4 113.6 113.6 113.3 113
574.5 576.3 573.7 577.4 588.9 596.1 597.5 600.8 601.1 594.2 589.1 580.3 559.9 545.6 535.3 525.8 516.5 506.6 504 506.4 507.8 503.9 503.2 504.3 505.2 515.4 518.7 517.4 515 507 502.6 500 497.5 498.3 496.3 502.1 504.3 506.8 506.2 498.5 476 450.6 424.8 406.1 388.6 379.9 367.3 359 347.6 334.7 312.1 289.7 260.2 246.4 232 207.8 189.3 174.3 161.8 154.3 149.6 142.5 137.9 133.8 130.4 125.5 119.8 115 114.1 109.2 107.4 112 113 113.5 113.9 113.7 113.4 113
571.6 572.2 572 571.7 585.3 594.8 599 597.4 594.5 588.3 586.8 583.7 568.3 555.5 550.2 536.7 522.6 513.6 508.5 506.8 505.9 502.8 501.7 500.1 502.3 507.2 511.5 513.5 512.8 506 502.6 499.1 496.3 495.3 494.1 499.6 500.9 494.1 493.1 466.7 448.3 423.7 411.9 392.4 377.3 365.1 355.8 345.2 329.6 312 293.1 267.9 245.2 239.8 223 203.9 182.3 170 159.4 150.8 149.8 144.2 139.4 132.9 128 124 118.7 114.4 109.2 108.8 114.1 115.6 114.2 113.9 114.9 114.4 113.6 116.4
570.5 570 568.8 567.7 575.9 585 590.6 589.8 586.7 580.1 582.8 588.8 574.9 562.7 561 546.1 528.5 517.2 511.2 511.1 510.2 505.1 500.6 498.7 502.7 506.3 508.6 509.3 509.7 503.8 498.5 496.3 494 489.5 490.2 489.9 482.1 468.6 458.5 442.6 422.6 404.7 391.5 376.6 363.4 349.8 340.5 326.8 307.9 290.3 272.3 250.8 235 226.6 209.3 195 184.5 169 158 149.3 147.5 144.9 138.5 130.6 126 121.4 115.1 111 111.5 113.4 118.3 117.3 117.7 115.6 115.7 118.9 121.8 119.8
566.7 566.1 565.3 563.5 566.1 572.1 575.9 574.2 572.5 570.3 570.1 566.4 564.4 560.5 560.1 547.3 529.4 517.2 512.1 511.9 512.4 505.3 499.9 498.7 504.6 507.9 505 504.7 503.6 498.7 494.2 492 488.7 483.3 479.7 472.6 460.9 448.4 434.4 416.3 401.4 387.6 376.3 361.5 345.7 332.6 320.9 310.6 291.4 273.1 256.3 233.5 227.2 213.8 201.5 187.6 177.9 167.5 157.8 150.1 144.8 139.2 134.7 129.4 124 117.7 114.6 116 116.2 119.1 118.6 117.2 120.3 127.9 124.5 126.9 126.6 121.1
562.7 562.9 563.8 560.5 560.5 562.8 564.9 565.2 567.3 564.5 561.1 560.9 560.8 552.8 552.8 540.7 528.5 525.2 509.7 505 502.6 497.6 495.1 497.9 501 498 495.5 497.9 493.2 487.7 485.5 482 481 474.1 469.9 459.3 442.7 429.5 412.5 397.8 386.6 374.8 359.8 345.6 332.5 320.4 305.6 290.6 278.1 261.2 241.8 228.3 211.3 198 187 177.2 168.4 161.3 154.8 148.9 143.7 136.7 130.5 126.2 119.5 115.2 118.5 121.1 121.4 121.6 119.1 119.3 122.2 129 126.3 127.5 127.8 126.8
557.6 556.3 556.3 554.4 553.8 556.3 556.3 558.9 562.1 559.9 555.6 562.9 560.4 548.1 544 532.4 531.1 523.3 511.2 500.7 498.4 494.9 490 489.8 490.2 486 483.8 485.5 479.3 474.7 472.1 467.6 461.7 456.7 453.6 444.9 426.9 411 396.3 383.8 373.9 361.9 345.5 330.2 317.9 308.2 291.8 278.1 264.7 253.5 227.1 212.6 203.1 190 181 172.8 161.8 154.8 148.5 145.1 139.1 134.4 127.6 123 118.3 118.2 122.3 123.2 123 124.8 123 123.4 126.6 128.2 129 130.5 129.4 131.7
550.5 550.9 551.2 548.7 548.6 551.1 550.6 552.1 553 548.2 549.1 552.9 553.2 544.1 536.4 535.4 529.3 519.9 507.5 497.7 496.8 491.6 486.3 481.7 482 480 474.6 471.1 467.6 462.5 457.4 451.5 446 440.2 432.3 422.4 409.6 393.5 380.1 369.8 359 346 329.5 312.7 295.8 287.2 274.3 264.8 246.4 221.5 206.1 196.6 193 182.6 171.7 167.3 158.1 148.8 141.2 136.5 134.4 128.9 125.6 123.2 120.6 123.1 125.6 126.4 125.4 132.7 127.1 129.6 132.4 132.8 130.9 132.1 131.5 138.5
544 545.4 545.6 543.5 542.9 545.5 547 545.2 541.8 542.5 543.6 547.2 544.2 537.5 532.3 527.8 520.1 514.2 505.6 495.7 487.9 482.8 478.4 475.7 475.3 474.1 465.3 460.2 457.2 448.7 440.3 433.5 426.9 418 408.1 395.8 385.1 373.8 362.8 351.6 338.8 323.9 307.7 291.8 277.4 257.7 250.3 238 216.7 201.5 191.9 186.3 180.3 173 166.7 159.9 154.1 146.2 136.3 131.4 129.6 126 124.8 123.2 124.2 126.8 129 129.1 127.6 130.2 135.1 135.7 138.9 136.2 135.2 134.2 137.5 144
537.4 540.4 539.8 538 536 535.6 536.7 537.1 534.8 535.5 537.3 539.7 536.5 530.3 523.5 520.4 515.7 509.7 499.2 490 481.2 473.9 470.5 469.3 466 462.9 454.6 448.2 437.7 431.1 422.6 415.1 406.7 397.3 386.8 371.6 359.9 349.4 338.5 328.1 315.2 299.8 282.5 264.3 246.3 239.3 229.6 211.8 193.9 184.8 181.7 179.5 174.9 168.5 160.5 153.1 148.4 142.6 130.5 127.5 126.3 125.4 125.7 127.8 129.4 130.3 135.6 134 132.8 137.9 137.9 139.2 139.8 138 137.6 140 143.9 148.9
529 531.9 534.3 533.6 528.9 528.8 528 529.1 528.5 529.8 529.4 528.9 527.6 522.7 517.3 514.2 509.6 502.2 493 483.6 474.2 468 462.7 461.1 455.8 451.5 442.1 435.4 423 414.3 405.6 397 388 376.4 365.1 353 339 327.3 316.9 302.8 286.8 271.9 256.3 239.5 232.1 223.6 207.9 188.3 183.9 176.9 171 168.1 162.5 162.4 154 145.7 139.1 133.7 127.9 127 126.8 129.3 129 130.6 132.7 132.5 137.9 134.8 138.9 137.1 139.3 138.1 140.1 142.5 142.4 141.5 145.9 150.9
521.9 524.3 526.1 523.6 522.2 521.8 524.2 526 523.6 521.2 520.7 520.3 517.3 516.8 511.4 507.8 502.7 494 484.8 476 467.8 460.1 454.2 449.2 445.2 440.8 428.7 418.9 406.9 394.5 384.5 375.1 364.8 353.2 343.3 332.3 315.6 301.6 290.4 277.5 260.2 240.9 231.7 220.1 210.9 199 183.5 174.8 169.4 168.5 161.6 155.4 154.4 148.3 145.3 137 132.5 128.1 127.4 130.1 132.7 134.5 132.6 132.1 135.8 137 135.5 137.2 141.8 136.1 137.2 140.8 143.6 148 146.9 145.2 151 153.1
517 518.7 518.9 516.3 516.6 516.4 518.6 518.1 516.1 513.7 513.4 513.1 510.6 509.9 503.1 499.6 494.4 485.5 476.5 469.4 460.7 453.6 446.1 435.5 430.6 419.3 411.4 395.2 384.1 374.8 364.5 354.8 344.3 329.4 320.6 308.1 291.9 274.6 261.8 251.1 234.6 217.1 206.1 199.6 190.4 176.7 167.8 170.9 163.5 158.8 151.6 147.4 145.6 141.1 137.3 134.5 129.5 128.1 130.3 133 134.4 135.2 135.4 139.8 138.2 139.1 144.5 141.1 140.6 138 138.2 140.2 142.6 148 148.8 150.9 154.1 157.3
512.4 511.8 512.7 512.3 512.1 509.6 512.1 512 509.4 509.6 508.3 506.9 504 499.9 496.2 491.3 483.5 477.4 470.7 464.1 452.1 441.9 429.8 418.9 407 396 388.7 374.3 365.5 356.9 345.8 337.4 324.5 313.2 301.8 286.8 270.5 251.5 239.8 226.7 215.4 203.4 192.7 183 176.6 171 164.3 158.5 156.5 152 145.4 141.1 137.5 133.7 130.1 128.8 128.9 129.5 132.4 136.2 139.1 142.3 138.7 139.8 137.2 137.8 137.7 147.5 146.2 140.9 141.1 139.2 141.1 144.6 147.1 152.5 155.6 158.8
506.1 506.5 506.5 506.9 506.7 505.1 504.8 506 504 503.3 503.5 499.9 496.4 492.4 487.8 483.1 475.3 469.2 463.1 456.2 441.7 428.9 414.8 400.3 384 375.9 367.9 360.2 346.6 337 324.6 313.8 302 289.2 279.1 262.7 249.8 236 224.5 216.4 205.2 192.9 184.4 176.9 172.1 165.3 161.5 156.6 147.4 141.9 138.7 133.8 132 129.5 129.8 130.4 131.4 131.4 133.5 136.1 139.9 144 142.9 144.8 140.7 142 140.6 148.6 148.6 147.3 146.5 144.5 141.9 143.8 147.8 153.2 157.2 160.4
500.1 501.5 500.3 500.9 500.3 499.9 498 499.9 498.7 498 495.4 492 489 484.9 480 473.8 466.6 461.1 455.4 448.7 431.4 415.9 403.1 384.6 366.1 357.9 349.1 338.2 325 316 305.9 294.9 284.2 271.2 260.7 245.9 236.1 224 216.3 204 192.1 183.7 177.1 171.1 164.6 160 154.9 145.3 140.8 135.4 131.2 129.1 130 130.4 131.1 132.5 136.1 140.3 138.3 136.2 140.6 145.6 144.2 144.3 148.1 145 142.3 146.5 150.9 151 150.9 150.6 148.8 150.2 154.6 157.7 160.3 161.5
492.8 495.4 494.9 494.5 493.2 493.2 491.4 492.3 490.6 488.3 486 483 479.5 475.3 469.7 464.3 457.8 450.8 443.8 434.6 418.3 399.2 386.8 372.2 345 335.9 330.1 321.4 308.5 304.6 292.6 281.9 270.9 256.9 247 237.7 228.8 212.5 201.1 187.8 176.1 171.6 166.9 162.5 160.5 154 145.5 140.3 133.4 130.9 129 131.5 132.3 132.3 133.3 137.1 141.4 140.5 138 136.8 139.1 145.8 149.3 145.3 148.8 148.1 146 149.7 154.4 156 157.4 155.9 154.5 156.4 159 161.5 163.9 164.6
489.2 487 486.3 487.1 485.5 485.4 483.6 483.1 480.9 478.7 476.5 473.6 468.9 464.7 459.2 453.6 446 437.2 426.9 412.3 398.2 380.7 373.2 352.9 323.4 314.1 311 302.3 299.1 292.8 277.1 264.1 253.8 246.4 236.3 231.3 220.1 196.8 186.4 175.3 167.3 162.3 153.4 153.4 148.5 147.8 138.4 133.2 130.7 129.9 131.5 130.3 132.3 136.1 137.4 142.4 145.3 143.9 140.6 136.8 140 146.1 150.7 150.2 149.8 151.6 151.8 154.9 160.1 162.2 157.9 159.4 159.2 160.5 162.7 165.2 167.1 168.3
479.6 480.3 478.9 477.5 476.1 475.7 475.5 472.8 470.6 468.1 465.8 462.1 457.3 453.5 448.2 440.9 431.7 423.9 411.3 391.8 376.7 366.4 349.3 324.7 302.3 293 294.5 284.8 284.7 273.7 259.9 249.1 239.7 235.7 224.8 217.6 201.6 180.1 168.9 166.2 156.6 152.8 146 143.8 138.3 134.6 132.7 130.4 129.5 131.6 131.2 131.9 132.4 139.2 140.3 144.3 144.2 145.9 143.5 142.5 142.6 148.5 152.1 150.6 151.7 156 156.3 156.2 159.8 161.1 165.4 162.5 163.8 164.9 166.4 169 170.3 171.5
471.3 470.6 471.6 469.1 467.2 465.8 464.8 460 458.8 455.8 453.1 449.2 444.5 438.3 435.8 429 415.8 406.6 394.4 380.1 363.2 341.7 324.5 301 293.7 282.3 276.6 273.9 263.8 255.4 239.1 235.9 225.9 217.8 205.4 197 180.3 162.9 155.9 154.2 153.9 150.5 144.9 139.2 136.3 133.1 130.5 128.5 131.6 132.1 133.3 135.2 133.5 143.2 141.9 147.1 147.2 147.6 148.1 146.6 149.8 155.1 154.8 154.6 155.9 163.1 162.3 160.5 162.5 166 167 163.8 166.3 169 170.5 172.3 173.5 174.7
464.8 462.9 459.7 458.5 457.6 454.1 452.3 447.9 446.8 442.7 440.1 436.8 430.1 422.1 417.4 407.7 396.2 385.2 380.1 367.5 343.5 313.2 298.1 282.9 274.9 269.9 258.8 250.9 236.9 228.8 220.5 212.6 206.6 196.2 184 172.8 159.8 151.8 149.2 148.1 143.8 139.3 138.9 136.1 134 131.2 128.4 131.3 131.8 132.2 132.7 134.6 138.3 145.1 145.1 145.3 148.7 148.9 150.4 150.3 154.3 156.4 158.5 159.4 163.4 168.8 167 164.3 167.2 173.5 169.4 167.6 168.2 172.4 173.9 175.2 175.9 177.2
455.6 455.2 450.3 450 447.7 443 441.9 437.4 433.3 430.7 426.4 423.1 415.7 409.3 397.2 388.7 380 364.5 343.4 332.2 309.9 288.9 277.9 268 258.9 253.9 248 232.2 218.9 205 197.9 196.8 186.8 176.5 165.6 161.7 152 150 144.6 143.7 138.2 135.9 135.2 133.5 131.7 128.5 131.3 131.8 132.3 132.7 133.1 133.9 139.1 146.8 148.3 144.3 148.7 149.3 153.7 155.3 157.8 162.7 164.3 167.9 170.6 170 169.3 171 173.4 172.3 173.9 173 174.4 176.5 177.7 178.9 180 178.3
446.9 442.8 440.6 438.8 436.7 431.4 428.3 422.9 418.9 415.7 408.6 403.7 399.2 393.9 378.9 374.2 368.6 339 318.9 301.1 284.6 268.3 262.1 253.9 245 236.7 225.5 216.1 204.3 193.5 182.6 175.8 171 168.2 158.8 150.5 143.7 146 140 136.1 135.5 133.4 132.6 131.2 128.6 131.3 132.6 132.6 132.7 133.2 133.7 134.7 137.2 142 148 146.3 151.3 154.6 158.4 160.1 162.6 167.2 168.2 171.8 171.1 170.5 170.3 173 176.6 175.7 176.6 177.5 179.1 180.7 181.9 183.1 184.4 183.1
435.8 432.9 428.6 424.6 423 418.7 412.6 406.6 400 396.8 390.8 384.6 378.3 370.8 359 338.4 329.9 309.3 289.7 276.4 265 257.5 246.1 235.1 230.3 214.2 207.7 194.1 186.6 181.5 173.2 174.2 160.7 158.8 155.5 145.8 137.2 136.2 132.8 130.3 130 128.9 128.9 128.2 131.8 133.4 133.9 134.1 134.1 135 137.6 137.7 143.2 148.8 151.4 153.9 154.5 158.1 162 166.7 170.9 171.5 173 174.3 175.1 175.2 173.9 174.9 179.7 180.8 181.7 182.9 183.4 185.2 187.2 188.4 189.6 189.5
424.3 421 414.8 411 407.2 401.4 395.8 391.3 381.9 378.8 372 362.3 355.5 345.9 333.2 312.2 298.3 290.2 274.1 257.5 250.1 245.2 232.7 219 206.4 197.4 184.2 172.7 169.1 170.1 165.2 161.3 159.4 148.4 142.6 138.4 134.9 132.7 130.1 130.8 131.1 130.8 130.8 131.8 133.8 133.8 134.9 134.5 136.8 140.1 141.7 148.9 157.8 160.3 161.3 160.3 158.4 161.9 170.4 174.6 174 173.6 176.6 177.5 179.8 181.9 179.8 177.1 181.2 184.3 183.9 184.6 186.2 189.3 191.5 193.7 193.8 193.3
412.1 405.3 402 397.6 395.3 389.1 379.2 374.1 366.1 359.4 357.1 348.7 333.4 324.4 313.7 294.4 274 268 256.2 238.5 227 221.3 213.4 199.1 185.6 182.8 174.5 167.2 160 156.7 158.6 157.7 148.8 146.6 140.7 137 133.6 130.4 131.9 132.3 131.9 131.6 131.4 133.4 133.9 134.9 136.3 138.5 142.8 146.8 152.5 159.1 162.1 163.9 165 166.5 166.6 170.2 176.4 176.7 175.5 176.1 181.4 181.8 184.3 186.2 183.3 182.1 185.4 185.1 187.1 187.9 191 194.2 197.2 197.8 197.8 198.4
399.1 393.7 389.1 382.4 378.8 374.1 366.6 360.2 348.4 338.9 337.6 325.5 310.6 293.3 287 275.8 261.5 246.9 235.5 225.6 211.6 206.5 196 185 177.5 174.4 168.2 159.1 155.1 150.5 148.2 144.8 146.9 140.7 138.8 135.2 132 131.6 133.2 132.7 132.4 132.1 132.7 134.2 134.9 137.8 140.2 142.8 147.6 154 158.6 161.6 164.6 167.5 168.5 171.1 174 178.2 177.7 178 178.6 180.2 187 184.6 185.4 189.8 191.1 189.7 191.6 189.4 192.4 193.7 195 198.4 200.5 202.8 201.9 204.6
384.9 381.3 379.7 374.6 366.3 355.7 345.4 337.3 328.7 315.9 310.4 302.4 287.9 271 265.3 258 249.5 235 221.8 207.7 202.3 197.2 187.9 177.9 173.8 167.9 163.9 154.6 150.5 147.8 143.6 143.8 142 138 136.9 133 131.8 131.8 133.3 133 132.7 133.5 134.5 138.4 142.7 146.1 146.4 150 154.5 158.4 161.8 164.5 167.1 170 172.1 174.9 180.5 180.6 181 181.2 181.2 184.5 189.4 187.2 191.7 193.8 193 194.6 197.7 196.9 197.3 201 202.8 204.4 205.2 208 208.3 208.4
365 363 359.9 351.1 341 333.1 325.1 318.8 307.3 297 281.7 277.7 268.9 259.7 251.5 235.7 231.3 222.1 210.9 196.8 191.1 186.6 178.3 173.5 166.4 164.1 156.1 152.1 148.2 148 141.4 139.6 136.6 134.9 132.9 131.7 133.7 133.5 133.7 134 134.6 135.4 138.4 142.5 150.1 156.3 149.9 154.1 157.9 161.4 164.8 168.2 170.8 173.3 176.6 179.3 182.1 183.3 185.1 185.5 183.2 188.6 192.8 193.7 194.5 196.9 198.2 201.2 200.8 203.3 202.4 205.5 211.4 210.8 211.6 213.9 214.9 213.9
345.8 342.6 334.3 326 318 311.9 304.6 296.3 286.2 277 264.2 262 253.3 244.5 236.7 224.4 215.4 207.9 192.2 188.3 180.8 181.3 172.4 167.1 159.5 152.2 148.6 143.2 143.1 141.2 139.7 138.6 134.9 131.7 133.4 135.3 136.2 134.2 135 136.2 138.4 137.7 141.7 148.6 152.1 153 154 156.8 160.4 164.5 167.8 171.1 174.5 177.5 181.3 183.3 185.1 187.4 192.2 192.6 187.9 194.2 196.5 203.1 201.2 200.7 203.1 204.9 207.7 210.2 213.7 217.3 218.9 217.6 215.8 216 215.4 216.5
328.7 321.9 315.8 307.3 295.5 288.7 280.9 274 268.3 261 249.7 239.9 234.9 228.5 224.7 217 200.9 192 180.6 179.4 173.3 169.2 168.9 158.8 149.6 146.4 143.4 142.2 142.4 141 139 134.4 132.3 134.7 137.9 138.1 138.7 136 136.3 137.6 138.6 139.6 139.9 152.3 153.8 156.6 158.5 157.8 162.1 169.1 172.5 175.9 178.7 181.9 185 188.2 189.6 189.6 195.7 199.4 194.3 198 202.3 205.5 205.1 205.4 204.9 207.6 214.1 218.7 221.9 222 222.7 217.8 216.6 216.8 218.7 219.9
