data/NN56.asc
ncols 200
nrows 200
xllcorner 250000
yllcorner 760000
cellsize 50
[rows 105 to 139 of 200, columns 79 to 157 of 200]
583.1 593.1 602.1 612 618.9 620.9 622.3 622.8 623 623.1 622.9 624.3 622.5 621.5 618 617 619.6 626.6 637.1 648 659.5 674.4 687.3 698.2 705 705.9 702.6 699 707.2 710.8 710.2 705.6 704.7 704.8 709.2 710.2 708.5 704.4 694.2 684.3 676.4 670.5 667 665.8 663.3 660.5 652.9 650 648.2 645.4 641.5 639.6 640.3 642 645.2 648.7 651.5 654.6 657.9 661.3 666 666 664.6 666.3 671.6 670.1 670.1 667.9 666.7 661.4 659.6 654.8 650.9 651.2 652.3 664.8 671.1 670 671
579.7 587.5 594.8 602 610.6 614.7 615.9 617.7 618.5 618.6 618.6 618.2 617.7 617.1 614.1 611.7 615.6 622.1 630.8 641.7 652.6 664 677.1 688.3 695.8 692 689.3 684.9 690.6 698.4 696.7 694.6 693.2 691.3 698.9 697.5 695.2 689.2 681.2 673.4 667.3 661.3 656.6 654.1 653.1 649.3 643.4 634.8 633.8 633.1 628.4 625.9 627.8 626.3 631.8 636.1 639 641.9 645 647.5 648.7 651 652.7 653.2 654.6 653.7 654.6 656.1 652.5 651.4 649.8 646.6 641.9 645.4 643.2 652.8 656.5 656.3 654.2
575.8 584.4 590.6 595 602.3 608.1 610.7 612.7 614.3 614.3 613.8 613.2 612.7 611.7 609.7 607.2 612.4 617.9 625.6 635.6 644.7 656.4 669 677.7 681.8 679.9 677.7 670.7 672.7 678.6 681.4 683.9 679.1 679.5 684.7 685.1 681.8 672.7 668.5 661.1 656.1 651 646.1 642.6 640.7 634.3 628.7 623.9 619.3 618.1 615.2 613.1 615.9 613.9 619.7 624.1 626.9 630.2 633.3 636.4 637.8 639.6 640.9 641.1 640.9 639.4 639.1 640.6 641 639.7 639.4 637.6 630.2 630.7 631.2 639.5 641.2 641.5 641.7
571.8 581.2 585.3 588.7 594.5 600.5 604.5 607.6 609.1 609.1 608.6 608.1 606.9 605.4 603.9 603.4 608.3 614 620.9 630.3 638.7 651.5 664 671.1 671.7 669.6 666.3 659.3 658.2 661.7 664.2 668.7 667 665.7 665.5 663.9 661.4 654.6 651.1 646.2 640.1 638.3 633.3 629.5 625.5 620.4 615.2 611 610.1 603.8 602 602.4 601.7 602.5 607.5 611.8 615.3 618.4 620.7 622.3 623.8 627.1 629 627.2 629.1 627.9 627.5 628.3 629.9 628 627.6 626.8 622.7 619.3 616.4 627.8 628.1 628.4 630.8
565.2 572.8 576.6 580.8 586 592.7 597.8 602.2 603.6 602.9 602.7 602.5 602.9 600.4 598 599.2 604.3 609.4 616.1 625.3 635.6 647.4 659.5 667.1 664 660.4 656.4 649.9 646 649.6 647.7 646.4 644 644.7 642.4 645.8 642.6 639.4 633.7 628.9 625.6 623.7 619.2 614.4 611.6 608.3 603.7 600.4 597.5 593.5 589.6 591.5 590.3 593.9 597.2 600.3 603.1 604.7 606.7 608.8 610 611.3 613.7 614 615.5 615.5 616 616.8 617.7 617.7 618.4 617.6 610.2 608.5 608.1 620.4 619.9 621.9 622
559.4 562.8 565.9 572.6 580.4 586.6 592.6 596.4 597.5 596.3 596.7 597.1 597.5 596.7 593.8 594.6 599.9 605.1 611.4 619.1 627.6 638.9 648.5 656.8 651.6 649.2 645.5 639.7 637 637 637.3 632.4 627.2 625.7 627.6 629 627.1 622.8 617.5 614.9 612.6 609.6 605 600.5 597.9 597 593.1 589.9 586.6 583.3 580 578.3 580.7 584.6 587.4 589 591.3 593.4 595.4 596.5 597.7 598.8 600.6 602.4 603.8 604.1 604.6 605.3 606.3 606.8 607.7 608.3 603.7 595.1 604.4 611.4 612.3 615.3 613.8
545.3 549.6 555.9 567 573.8 579.8 585.8 586.5 587.8 589 588.5 589.3 590.6 591.6 587.6 592.5 597.9 601.5 606.2 611.6 618.9 627.9 635.9 639 637.2 637.8 634.1 628.3 626.1 626.5 626.7 621 615.7 611.8 609.2 612.1 609.8 605.8 604.4 600.9 599.3 596.8 592.5 593 589.5 585.9 581.8 578.1 576.7 573.5 570.2 569.9 571 573.3 575.8 577.4 579.6 581.8 583 584.1 585.2 586.7 589.3 591.5 592.4 592.4 593.1 594.4 596.2 594.9 596.4 597.8 596.5 580.7 598.1 601.4 602.3 603 602.5
532.3 538.5 544.9 551.5 561.3 570.2 574.6 575.7 577 578.1 579.3 581.2 582.5 581.4 579.2 587.8 594.2 597.8 601.6 605.9 609.8 614.6 621.1 623.7 622.8 622.6 621.3 617.3 614 613.9 613.3 608.4 603.3 599.4 597 595.1 593.3 589.4 590.5 589.8 586.9 584.4 582 583.1 579.6 575.3 571.3 569 567.1 563.9 562 561.8 563.2 564.6 565.9 567.1 568.6 568.2 569.8 572.5 574 575.9 577.9 580.3 581.5 582.1 582.7 583.6 585.9 585.5 586 587 586.4 576.6 590.5 591.3 591.7 591.1 589
524.3 528.2 532.8 540.2 550.1 558.8 562.4 565.3 566.3 567.7 570.2 572.5 573.5 572.3 576.2 582.8 589.2 592.8 596.4 598.6 601.2 603.5 606.5 610 612.7 611.4 606.7 605 601.9 601.6 601.1 595.8 591.6 588.4 585.3 583.1 578.9 575.8 575.4 577 575.5 574 571.9 573.2 569 564.9 562.3 560.1 557.8 555.4 553.2 554.9 556.4 557.1 558.2 559.6 561 562.2 562.9 563.9 565 566.9 568.8 570.1 571.7 572.6 573.5 573.1 575.5 576.4 576.7 577.1 568 568.3 579.4 580.3 581 581 580
515.6 520.3 523.1 529.5 538.3 545.9 550 553.2 555.8 558.1 561 563.2 563.3 568.3 574.9 580.8 584 585.7 589.6 590.5 591.7 593.4 596.1 598.6 600.4 598.9 594.5 592.3 591.1 590.8 588.6 585.4 581 577.4 573.8 571.6 569.7 566.9 564.9 562.7 561.9 561.2 561.6 562.4 560 556.7 553.2 551.6 549.6 546.5 546.1 546.1 547.3 548.4 548.5 549.8 551.2 553.1 553.1 554.9 556 557.8 559.7 560.5 561.9 563 564.2 563.2 564.9 566.2 566.8 562.9 556.1 561.2 567.5 568.5 570 571.4 571
507.2 511.4 516.1 519.5 526.7 534.3 539.1 544.7 547.3 548.6 551.4 553.8 559.5 566.6 572.9 576.2 578.7 579.9 580.5 581.5 582.3 581.9 585.4 587.7 589.9 586.3 583.5 581.8 580.2 583.7 579.7 576.2 571.1 567.9 564.7 562.3 560.1 558.3 556.3 554.3 552.8 552.7 552.3 552.6 552.3 548.4 544.1 542.1 541.2 539.9 537.3 538 537.3 538.9 538.9 538.9 540.1 541.9 543.2 545.9 547 548.8 550.2 550.9 552.1 552.3 552.8 555 555.3 555.2 556.3 551.8 550.6 555 557.4 558.5 559.8 561.2 561.9
502.2 505 510.9 516.3 520.1 524.2 530.3 536.8 539.5 540.8 543.8 550.6 558.2 566.5 571.6 571.9 571 573.6 573.5 572.4 572.8 573.2 574.9 577.4 578.6 574.6 572.7 570.6 570 574.4 570.3 566.1 563.3 559.3 555.9 553.3 551.7 549.9 547.9 545.7 543.9 544 543.3 541.8 540.2 537.9 535.1 532.9 532.1 530.3 529 527.2 529.5 530 530 530 529.4 529.9 533.3 536.8 538.1 539.8 540.7 541.4 542.4 544 545.3 546 547.3 547.6 547 544.1 545.1 547.6 548.7 549.8 550.8 551.6 551
497.2 501.1 509.2 513.2 516.2 519.3 523.8 527.3 528.9 532.9 541.9 551 558.3 569.4 575.4 574.7 570.8 566.2 563.7 563.7 566.1 564.3 565.3 565.7 564.3 560.6 562.2 561.6 560 561.9 560.4 557.8 555.7 551.1 547.6 545.3 543.4 541.4 539.3 537.1 535 533.9 533.3 530.6 530.3 528.1 525.9 524.2 523.5 522.9 520.8 520.5 522.2 521.8 522.2 522.2 520.1 522 524.8 527.3 529.1 530.4 531.9 533.6 535.4 537.2 538.5 539.4 540.5 541.2 540.4 538.9 539 540.9 542.6 543.6 544.3 544.7 544.2
492.2 497.2 502.7 507.9 511.8 515.4 518.7 518.8 525.1 534.4 543.4 552.5 561.6 579.5 584.6 581.1 574.4 566 556.3 555.1 559.8 558.3 557.2 556.4 555.6 554.1 555 555.7 554.7 552.7 551.1 549 547.5 543.4 540.7 538.3 536.4 535 532.6 530.5 528.7 527.7 526.3 524.1 522.5 520.8 519 518.2 516.8 516.2 513.6 513.2 514.3 513.9 513.9 513.9 513 514.4 517.1 519.8 521.1 523.4 524.9 526.4 528.1 530.3 531.7 532.8 533.8 534.8 533.7 533.7 532.4 534.1 536.5 537.3 538.4 539.5 540.1
489.4 493.5 498.8 503.7 508 510.1 511.5 518 526.7 535.4 545.1 554.4 567.3 586.9 592 586.9 581.2 572.9 564.7 555.4 549.8 551.8 551.4 548.7 549.4 546.3 547.9 551.1 551 548.7 546 543.8 541.7 538.5 535.8 531.9 530.9 529.7 527.3 525.1 524 523.4 522.9 520.3 517.6 515.6 513.8 512.1 510.7 509.1 509.2 509.9 509 507.9 507.8 507.3 507 508.2 510.4 513.1 514.1 516.5 518.6 520.1 522.5 524.5 526.3 527.6 528.8 529.9 528.5 528.6 529.3 528.7 531.5 532.5 533.4 534.5 534.6
486.4 490 496.4 501.4 501.5 504.4 510.1 519.6 527 534.9 545.3 555.6 568.9 590.8 598.7 593.8 586 578.8 571.1 563.7 554.4 548.9 544.8 542 542.4 540.5 539.6 544.7 547.5 545.8 542 540.6 538.6 534.8 531.4 528.7 527.2 525.9 522.2 520.9 520.3 520.3 519.4 515.6 512.9 510.8 508.6 507.5 506.5 505.5 505.8 505.6 504.8 503.7 504 502.9 500.9 503.3 508.6 507.9 508.7 510.2 512.5 515 517.5 519.7 521.4 523.1 524.4 525.3 524.5 524.9 524.4 524 527 528 528.8 530 531.3
482.9 486.7 491.6 494.4 495.6 500.9 510.2 518.1 525 533.1 542.6 554.7 571 588 589.9 586.5 579 574.9 570.1 562.2 553.6 545.3 540.1 534.5 534.2 533.8 533.1 535.7 537.6 536.4 533.7 534 532.1 529.8 525.4 522.7 521.7 520.6 517.6 516.8 516.2 516.2 513.2 509.9 507.4 506.1 504.4 503 504.6 501.9 501.5 501.3 500.7 499.8 500.3 501.2 499.1 506.3 508.5 503.9 503.7 505.1 507.1 509.7 512.2 514.8 517.3 518.5 519.9 520.8 520.8 521.3 520.4 519.6 522.5 523.7 524.9 526 527.4
479.1 481.5 485.3 485.3 488.9 496.6 506.5 514.5 518.6 526.7 537.7 551.4 561.9 574.4 573.9 569.6 566.2 562 556.6 550.6 543.7 537.4 530.4 524.7 524 526.1 526.4 528.8 529.9 527.9 527.4 526.3 525.3 524.6 519.8 517.3 516.1 515 513.1 512.2 511.6 509.9 507.9 505.3 503.8 502.5 500.9 499.2 499.6 498.5 497.2 496.9 496.1 495.6 495.9 497.1 495.6 498.7 499.8 500.6 500.4 500.3 502.3 504.5 506.4 509.4 512.5 514.9 516.1 515.6 516.2 515.4 515.1 513.8 517 519.2 520.6 521.8 523.5
473.9 476.8 480.6 483.5 491.7 493.4 499.7 504.9 511.1 511.1 529.7 544.4 555.3 553.9 554.5 551.4 549.2 547.7 541.9 537 531.8 525.4 519.4 517 518.4 520.9 520.4 523.8 522.9 523.1 523.9 521.8 519.3 520 517.1 514.7 512.2 509.8 508.6 507.9 507.1 507 503.8 501.6 500 498.8 497.4 496.4 495.8 495.2 493.7 491.7 491.2 491.1 490.6 491.1 491.2 492.5 494 495.5 496.4 496.3 498.9 501.3 501.8 505.2 507.6 510.3 512.2 511.3 510.9 510.9 510.4 509.9 513.4 514.7 516 517.6 519.6
468.2 468.8 476.8 479.4 485.7 488.8 492.3 495.9 501.4 505.5 518.5 531.7 537 538.7 538.4 531 527.7 526.6 526.6 522.5 518.5 514.9 511.8 509.6 511.4 513.2 515.3 518.2 517.8 518.7 519.2 519.5 518.8 516.4 513.9 511.4 509 506.7 504.8 504.5 503.5 502.7 500.2 498.2 496.8 495.1 493.9 493.1 492.5 492.5 491.2 489.9 487.9 486.8 485.2 486.6 486.6 487.2 489.9 490.7 491.4 492.7 495.3 497.5 501 501.1 504.8 507.3 509.2 508.7 507.4 506.9 507 505.9 510.3 511.2 512 512.8 512.6
462.8 468.3 470.1 474 476.9 480.7 483.7 486.6 491.2 495.7 501.8 510.8 514.8 518.3 514.8 514.7 514.2 514.1 512.2 512.1 508.2 506 504.1 504.9 506.3 507.4 511.4 514.6 516.9 517.2 517 517.1 515.5 513.1 510.6 508.2 506 503.2 501 501.4 500.4 497.9 497.4 498 496.4 492.6 491.1 489.1 488.9 489.8 488.2 487 486 482.9 480.8 483.3 481.2 482.8 484.6 487.1 487.9 488.5 490.8 492.9 494.7 499.8 501.7 503.1 503.8 503.8 502.4 500.3 502.4 500.8 504.3 505.8 507 507.8 507.2
460.2 460.1 464.1 467.5 469.6 473.1 476.5 478.7 480.7 486.3 493.2 499.4 498.6 497.6 499.8 502.3 501 501.3 502.3 503 500.4 499.2 499 500.1 501.7 504.6 507.9 510.3 514.3 517 517.9 517.6 512.9 509.5 506.6 503.8 500.9 498 497.2 496.6 494.7 493.3 493.2 493 492.4 488.6 486 485.2 484.8 485.4 484.6 483.7 483 480.6 479.3 480.7 479.7 479.9 481.5 483.1 483.7 484.5 485.8 488.1 489.9 493.1 497.5 497.9 498.2 497.4 496.6 497.2 497.4 495.7 498.9 500.1 501.3 502.6 503.4
457.5 459.3 460.7 462.4 464.8 467 469.1 470.6 473 477.3 480.1 482.4 484.1 483.4 485.4 487.9 489.2 490.7 491.9 492.9 493 491.7 491.1 493.7 497.4 501.3 503.8 506.3 509.8 512 513.1 512.9 509.4 504.2 500.3 498.6 495.7 493.9 493.5 491.9 488.1 487.6 487.9 488 487.8 484.6 481.5 480.2 480.1 480.7 480.1 479.4 479.1 479.2 478.9 477.9 477.3 476.4 478.5 478.9 480.7 482.2 483.4 484.2 487.9 491.3 491.9 491.8 491.6 491.1 490.3 490.8 491.3 490.5 493.4 494.8 495.9 497.5 498.8
455.1 457.5 457.9 459.4 459.9 461.5 463.9 466.1 466.6 469.4 470.8 473.9 476.5 476.1 476 477 478.6 480.2 483.1 484.2 485 484.9 484 485.8 489.9 494.5 498.6 501.8 504.3 504 504.8 502.9 500.7 498.6 494.9 491.4 490.1 489.9 489.7 487.6 483.4 481.8 482.1 482.5 482.8 480.8 478.9 477.1 476 477.2 478.2 476.8 475.2 478.4 477.7 472.7 470.5 472.3 476.3 478.4 479.7 481.4 483 483.8 484.3 488.2 488.3 488.3 487.2 487.1 487 485.4 485.8 488.5 491.1 490.6 491.8 492 493.7
452.7 454.9 456 457.4 457.7 457.7 459.2 460.9 462.6 462.8 462.7 465.9 469.1 469.9 471.3 472 469.9 470.3 474.1 476.3 477.1 478.4 476.7 479.6 482.8 488 490.7 493.3 494.5 493.3 494 493.7 493.4 491.4 488.3 485.5 484.3 482.8 481.9 480.6 478.4 476.9 477.2 477.5 477.9 477.4 475.7 473.7 472.1 472 472.8 471.6 471.7 474.6 472.4 469.3 469.1 471.2 474.3 479.2 480.9 481.8 482.8 482.9 483 484.4 485.4 484.3 482.3 482 484 482 480.4 481.3 484.3 484.4 485.6 487 488.9
451 453.2 454.7 455.4 455.3 455.1 456 457.5 459.1 460.2 460.6 458.3 463.5 464.4 465.6 467.4 468.8 467.4 468.2 469.2 470.2 471.7 469.9 474.7 478.4 481.7 484.8 486.9 487 487.1 487.4 487.4 487 484.3 481.6 480.5 479.4 478.1 476.8 475.5 473.7 472.3 472.5 472.9 473.5 474 472.7 471.8 470.9 469.8 468.5 468.1 468.4 469.3 469.6 467.9 468.9 469.8 472.9 477.4 481.3 481.9 482.6 481.9 481.7 482.9 483.1 481.2 479.4 480.7 481.2 480.8 479.2 479.2 480.6 479.5 480 482.2 483.2
449.2 451.3 453.1 453 452.7 452.3 452.1 453.4 454.6 455.2 455.2 456.7 459.9 460.7 461.7 461.4 462.3 462.7 463.4 464.2 464.2 461.7 463.1 469.5 472.5 475.9 480.4 482 482.5 482.3 481.2 481.6 480.6 478.3 476.7 475.5 474.4 473.3 471.9 470.3 468.8 468.7 468.2 468.8 469.4 470.1 469.9 469.2 468.6 467.9 467 466.1 465.6 465.7 465.6 465.4 468.2 469.4 473.1 475.2 479.7 479.9 479.3 479.6 480.1 480.7 480.3 478.2 476.5 477.4 478.3 477.1 475.3 473.8 475.9 475.3 476.9 478.6 478
447.9 449.9 450.6 450.1 449.7 449.3 448.5 448.8 450.1 450.3 450.1 452.8 456.2 458.2 458.7 459.3 459 459.3 458.6 458 457.8 453.7 459.9 464.9 466.5 469.6 474.1 476.4 477.6 477.5 476.2 477.1 475.3 473.5 472 470.6 469.5 468.4 468.1 466.6 466.3 465.2 464 465 465.6 466.6 466.5 465.8 465.1 464.4 464.6 464.2 463.5 463.1 462.8 462.9 466.6 468.7 470.4 471.7 474.8 474.8 474.3 474.5 475.2 476.2 475.7 474 472 471.7 473.1 473.1 471.3 470.5 470.1 469.9 472.1 472.4 472.6
446.9 447.6 448.1 447.1 446.7 446.1 445.2 445.1 445.5 445.8 446.4 448.5 451.4 452.2 452.6 454.9 455.2 455 455 454.4 453 449.1 456.9 460.5 462 463.5 466.9 468.9 470.3 471.3 470.5 469.8 470.4 468.9 467.4 465.9 464.6 464.3 464.5 463.7 462.7 461.6 460.5 461.1 462 463 463.2 462.4 461.7 461.2 461.6 461.8 461.8 461.4 461 465.3 465.8 468.5 469.3 468.9 469.1 470.9 470.1 470.2 470.5 471.2 471.5 470.5 469.9 467.4 468.7 467.7 467.1 465.1 462.6 464.2 466.2 466.2 465.9
445 445.6 445.4 444.8 443.7 443.3 442.9 442.7 444.1 443.2 443.4 443.5 445.7 446.3 447.8 449.5 450.6 450.8 450.7 450.5 451 449 451.4 455.8 457.2 458.5 459.8 462 464.4 465 464.6 464.2 464.6 463.8 462.4 461 460 460.1 461 460.3 459.2 458.7 458.3 458.9 459.1 459.4 459.8 459.1 458.7 458.4 459.7 460.1 460.5 460.4 461.8 465.9 465.2 468.4 469.3 469 469.1 466.8 466.4 466.2 466.5 467.2 467.6 467.4 467.2 465.5 463.5 462.6 461.1 458.9 457.3 458.4 459.8 460.1 460.5
443 444 443.9 444.1 443.2 442.7 442.3 442.5 444.4 443.4 441.8 441.8 441.8 442.5 444.1 444.3 445.1 445.7 445.5 445.6 446.7 446.1 448.3 451.3 451.9 453.2 454.7 456.6 458.8 458.7 458.4 458.3 458.8 458.5 457.3 456.7 456.9 457.4 457.6 457.6 457.7 457.7 457.3 458.4 458.7 457.9 456.9 456.4 456.1 457 459.4 459.1 459.5 460.4 462.4 465.4 465.2 466.8 469.7 469.5 465.3 463.5 463.2 463 462.5 461.5 462 462.4 461.7 461.3 460.5 458.5 456.8 454.7 453.1 452.2 453.9 454.1 454.5
442.3 442.8 442.7 442.9 442.9 445.1 445.2 444.8 444.6 444.3 442.9 441.8 441.3 441.1 440.7 441.2 440.3 440.3 440.3 441.2 442.1 442.1 444.2 447.1 448.2 448.3 449.7 451.5 453.1 453.1 453 452.9 453.6 454.7 454.8 454.9 455 454.1 454.2 454.2 454.2 454.3 454.9 455.9 457 457.4 456.2 455 453.9 455 456.8 458.2 458.1 459.3 462.1 465.8 465.7 465.3 466.6 463.1 460.7 460.6 460.5 460.4 459.8 458.7 457.7 458.5 456.3 455.3 455.7 453.9 452.2 450.4 450.1 449.9 447.7 448.3 448.8
442.3 442.8 441.6 441.6 442.6 447.6 452.8 455.9 455.2 451.7 449.1 447.1 444 442.9 442.3 441.5 439.4 438.9 439 439.3 439.6 439.9 440.2 442 443.1 443.7 444.5 446.3 447.4 447.9 447.7 448.6 450.2 451.4 452.3 452.4 452.3 451.7 451.6 451.6 451.6 451.8 452.3 453.2 454.3 455.1 454.7 453.5 453.2 453 454.1 455.7 454.6 456.9 460.8 462.9 464 463 461.1 458.4 458.3 458.9 457.9 457.8 457.1 456.6 455.6 454.7 453.8 450.9 450.9 449.6 448.2 447 446.4 446.2 444.4 442.3 443.2
442.2 442.8 447.7 447.3 450.7 459.3 465.1 467.1 463.2 459.7 455.7 453.4 450.6 446.9 444.4 443.6 441.1 438.7 438.1 438.5 438.9 439 438.2 438.6 439.6 439.8 439.9 441 441.6 442.4 443.7 445.2 446.5 447.3 448.4 450 450.8 450.1 449.5 449.5 449.5 450.2 450.7 451.2 451.7 452.5 452.6 452.3 452.6 452.2 452 452.2 450.2 453.3 458 458.3 458.7 458.5 456.4 455.1 455.9 456.7 456.6 455.7 455 454.6 453.6 452.2 451.4 448.4 447.2 446.1 445.1 444 443.2 442.7 442.4 441.1 439
442.2 446.6 450.5 454.2 462 470.7 475.2 475.3 473.5 466.8 461 458.3 454.9 452 449.3 446.3 443.3 439.5 436.9 434.2 438.1 437.5 435.7 435.2 436 436.4 436.8 437.9 438.1 438.5 439.9 441.2 442.1 442.5 444.2 446.4 446.9 447.6 447.4 447.4 448 448.7 449.2 449.6 449.5 449.3 448.9 449.2 449.3 448.5 448.2 449.9 449.4 452 454.3 453.3 453.4 453.6 451.8 452.6 453.4 454.3 455.1 454.4 452.8 452.5 451.5 450.1 448.8 445.4 442.2 443.2 442.4 441 439.9 439.5 439.3 440 439.2
