data/NN68.asc
ncols 200
nrows 200
xllcorner 260000
yllcorner 780000
cellsize 50
[rows 140 to 174 of 200, columns 0 to 77 of 200]
732 717.8 702.4 680.3 662.4 647.5 631.7 613.7 593.9 573.2 549.9 525.7 504.5 481.5 459.6 437.1 415.8 397.2 378.1 359.8 356 356 356 356 356 356 356 356 356 356 356 356 356 358 365.1 377.9 388.5 385.5 380.6 381.8 386.9 392 398.3 399.6 400.5 402.1 404.1 405.7 406.8 408.3 408.9 409.5 409.6 412.1 414.4 416.4 418.8 421.7 424.6 426.4 427.9 430.5 433.2 436.7 442.6 445.6 440 437.5 432.9 429.7 426.2 425.3 423.3 420.3 415.7 409.2 395.4 375.4
725.7 713.9 696.6 672.5 654.4 638.6 622.5 602.6 581.7 558.5 533.9 510.4 486.8 463.7 441.1 421.2 399.4 381.1 362.3 356 356 356 356 356 356 356 356 356 356 356 356 356 356 362.1 370.9 378.2 390.5 389.6 384.7 384.8 388.2 393.9 400.4 402.3 403.4 405 406.6 408.3 409.9 412.4 414.1 414.5 414.3 415.8 418.7 420.2 422.7 425.8 428.6 430.3 432.2 434.8 437.5 439.5 440.8 441 440.1 437 434.3 431.9 430.2 428 425.4 421.3 416.7 409.4 394.7 376
717.7 702.3 684.7 663 646.2 629.4 610.5 589 569 543.2 518 494.3 470.7 445.7 425 405.5 384 367.6 356 356 356 356 356 356 356 356 356 356 356 356 356 356 356 369.8 381.2 378.6 390.7 390.3 389.4 388.9 389.8 395.4 401 405.1 406.2 408.2 410.7 413.1 415.6 418.1 419.5 420.2 419.7 420.9 423.8 426.3 428.9 431.2 432.5 433.8 435.2 438 440.6 441.9 441.7 440.9 440 437.2 435.8 434.3 432.6 430.8 428.1 421.4 415.3 403.5 390.9 377
707.7 689 672 654.3 634.8 615.7 595.2 576.5 554.5 528.1 500.3 476.5 455.3 431.4 410.8 390 373.4 356.7 356 356 356 356 356 356 356 356 356 356 356 356 356 356 363.8 371.6 379.3 386.5 391.6 390 390 391.1 395.2 397.7 403.2 408.4 411 413.3 414.8 416.6 419.6 422.6 423.6 424.5 425.7 426.7 428.8 431.3 433.8 435.2 436.2 437.6 438.9 439.8 442 443.8 444.3 443.3 441.6 439 437.9 436.6 434.3 430.9 427.1 420.7 412.6 400.9 386.5 379.4
696.6 677.2 662.4 642.4 621.3 600 582.8 561.1 536.6 508.6 482 459.9 438.8 416.8 397.7 380 363.5 356 356 356 356 356 356 356 356 356 356 356 356 356 356 361 369.9 381.3 387.1 390.3 392.2 393.1 393.9 395.5 398.6 401.2 406.9 413 416.1 419.4 420.9 422.3 423.4 427.2 428 429.3 430.5 432.1 433.7 436.2 438.7 439.3 440 441.3 442.5 442.5 444 445.7 446.8 445.8 443.6 441 439.3 438.4 435.7 431.6 426 419.6 411.5 395.5 386.1 378.9
679.6 661.8 644.3 625.9 605.1 587.4 568.1 543.4 517.5 489 465.1 443.4 422.7 402.1 383.3 365.4 356 356 356 356 356 356 356 356 356 356 356 356 356 356 356 369.2 374.1 385.5 391.1 392.5 394.8 396.6 397.3 400.8 404.1 407.5 412.1 417.5 421.5 424.5 427.2 429 430.3 430.8 432.8 434.1 435.9 437.7 439 441.2 443.4 443.4 443.8 445.1 445.9 445.9 446.1 447.6 448.7 448.3 445.5 442.5 441.2 439.4 435.6 432.4 425.1 416.3 406.3 394.3 386.3 379.7
651.6 633.2 619.7 610.4 595.8 577.8 554.3 526.9 499.5 469.8 446.1 427 407.3 388.5 368.5 356 356 356 356 356 356 356 356 356 356 356 356 356 356 356 356 369 380.9 388.1 393.8 395.7 398 400.6 401 405.1 409.8 413.4 417.4 422.1 427.5 430.6 432.8 434.2 435.2 436.3 437.9 439.8 441.6 443.4 444.7 446.1 447.4 447.5 447.6 448.9 449.3 449.3 449.1 449.3 450.6 450.4 447.4 443.7 440.9 438.1 433.7 430.1 424 416.8 405.5 393.9 383.8 379.5
632.6 623 612 602.7 584.5 563.6 533.2 507.8 477.4 451 428.9 409.8 392.6 375.2 356 356 356 356 356 356 356 356 356 356 356 356 356 356 356 356 367.1 375.6 382.2 388.4 394.9 397.4 399.7 403 405.9 408.6 413.8 419.9 423.9 428.6 433.6 436.9 438.3 439.4 440.4 441.9 443.2 444.8 447.1 449 450.5 451.1 451.5 451.6 451.6 452.7 452.7 452.5 452.1 451.7 450.8 451.3 447.8 443.9 441.1 438.1 433.1 427.6 421.5 412.5 402.4 391.2 381.1 382.2
626.4 620.6 608.4 594.3 570.3 542.1 513.2 484.5 457.5 433.7 413.8 394.6 379.5 359.5 356 356 356 356 356 356 356 356 356 356 356 356 356 356 356 356 371.8 379.7 385.1 389.4 396.1 400.4 405.2 408.6 411.7 412.4 419.1 426.4 430.4 434.2 439.4 441.7 443.8 444.6 445.9 447.2 448.6 450.4 452 454.3 456.2 455.7 455.7 455.7 455.7 456.1 455.8 455.3 455.2 454.4 451.3 449.9 446.9 443.7 440.1 435.6 431.9 425.3 418.4 410.3 400.4 388.4 380.6 383.3
625.7 617.6 602.3 579.2 550 522.5 490.7 462.3 437.7 416.8 398.6 381.6 362.1 356 356 356 356 356 356 356 356 356 356 356 356 356 356 356 356 356 373 382.1 388 393.8 399.4 404 410 412.2 415.3 417.5 424.2 431.7 438 440.4 443.7 445.7 447.8 450.1 451.6 452.8 454 455.6 456.8 458.6 460.7 459.3 459.5 459.9 459.6 459.7 459 458.4 458.5 458.5 455.6 450.4 446.9 442.9 440 435.6 431.5 421.2 414.7 408.2 398.1 388.5 385.3 384.5
622.8 606.9 587.1 555.4 524.7 498.6 469.2 441.4 417.4 397.7 382.2 365.5 356 356 356 356 356 356 356 356 356 356 356 356 356 356 356 356 356 363.2 375.6 383.4 390.8 398.8 404.2 408.3 414 415.9 419.7 424.3 429.4 436.9 443.4 447.3 449 450.9 453.1 455.9 458 459.5 457.9 459.9 461.7 463.2 464.6 465.3 465.6 465.8 466 464.6 463.6 463.6 462.6 460.3 458.4 453.2 448.3 442.1 436.9 431.6 427.4 419 414 406.6 396.8 389.5 384.3 384
604.1 583.5 564.5 529.3 501.2 477.4 448.9 424.9 400.2 380.9 364.2 356 356 356 356 356 356 356 356 356 356 356 356 356 356 356 356 356 356 370.4 382 388.4 394.9 402.9 410.3 415.2 419.8 419.1 425.6 430.5 435.7 443.8 448.4 452.4 454.3 456.1 459 461.7 463.7 464 462.8 465.4 467.8 469.9 470.5 471 471.4 471.3 471.4 468.7 468.1 469.1 467.4 464.2 458.4 454.2 449.2 442.2 433.7 428.2 420 413.1 410.7 404.8 395.4 387.7 384.8 384.3
580 565.6 536.2 507.4 481.3 454.5 430.1 407.1 385.4 366.7 356 356 356 356 356 356 356 356 356 356 356 356 356 356 356 356 356 356 362.3 378.4 388 395.3 401.3 409 416.8 421.3 423.9 425.6 433 438 443.9 449.8 453.6 457.4 459.3 462.3 464.9 467.4 469 470.1 469.9 471.4 474.1 476.8 477.2 477 476.2 475.2 474.2 471.6 471.5 472 471.2 468.4 460.8 456.3 450.8 441.9 436.3 429.2 420.8 409.4 409.6 401.3 392.5 387.4 385.4 385
553.7 538.9 514.3 488.2 462.1 433.9 411.8 390.3 369.4 356 356 356 356 356 356 356 356 356 356 356 356 356 356 356 356 356 356 356 368.4 383.6 394.9 403.1 408.5 415.8 421.6 426.5 431 437.2 445.4 447.6 451.4 457.3 458.7 462.4 465 468.7 471.3 472.3 474.1 475.9 475.9 477.5 480.7 483.1 482.8 482.5 481.3 481.5 478.5 476.3 474.7 474.8 472.8 469.6 465.2 459.6 452.4 443.7 434.6 429.6 422.4 412.9 401.8 398.7 395 388.2 386.1 385
528.4 517.4 495.4 468.8 441.9 416 395 374.4 356 356 356 356 356 356 356 356 356 356 356 356 356 356 356 356 356 356 356 364.1 376.1 391.3 401.8 409.9 415.9 422.5 429.7 434.2 439.1 446 452.9 455.5 460.6 464.3 466.2 467.7 470.8 474 476.8 477.6 478 480.1 481.6 483.5 487.1 488.9 488.5 487.7 486.4 485.7 483.2 480.6 477.9 477.1 475 471.3 465.5 458.5 452.2 442.8 433.3 428.2 421.4 415 404.5 399.2 390.5 388.5 386.7 385.9
505.6 497.6 475.9 447.9 420.4 398.1 378.3 358.6 356 356 356 356 356 356 356 356 356 356 356 356 356 356 356 356 356 358.5 365.2 373.4 387 399.5 407.5 415.7 423.2 429.1 433.9 439.7 447 453.6 459.8 462.6 468.2 472.2 473.4 474.9 476.1 479.2 481.9 482.8 483.7 485.1 487 488.6 490.9 495.1 494.7 493.6 491.9 489.6 487.7 486 482.3 479.7 476.6 472.7 468.1 459.5 451.9 442.3 430.6 423.4 411.5 409.4 402.4 395.4 392.3 388.7 387.4 386.6
498.7 476.2 452 427.9 404.4 381.6 360.8 356 356 356 356 356 356 356 356 356 356 356 356 356 356 356 356 356 356 364 375.5 382 396.7 407.4 414.3 422 429.9 436.1 441.8 446.5 453.2 459.6 464.8 469.5 475 478.5 480.6 482.6 483.7 484.9 487.2 487.3 488.5 490.8 493 495.5 497.9 500.1 501 500.9 499.9 496.5 493.6 489.5 484.6 479.3 477.3 473.3 467.8 461.1 451.5 442.5 433.4 424.3 418 406.3 399.1 394.5 391.1 391.4 387.8 386.5
489.4 460.3 435.4 409.9 389.4 369.7 356 356 356 356 356 356 356 356 356 356 356 356 356 356 356 356 356 356 363.8 373.6 381.2 389.3 404 415.7 423.7 430 437.1 443.8 450.3 455.1 461 466.5 471.3 475.9 481.8 485.1 488.5 490.3 490.4 491.8 493.6 494 495.2 496.5 498.2 500.4 502.7 504.7 505.4 505.3 504.4 501.8 498.2 492.5 486.6 481.1 479.3 473.2 466.9 460.8 448.8 440.5 433.1 423.8 414.6 405.1 400.2 399.5 391.4 390.1 389 386.8
465.4 439.5 420 396.3 378 360.3 356 356 356 356 356 356 356 356 356 356 356 356 356 356 356 356 356 368.3 373.6 381 387.8 396.7 411.9 424.7 433.9 440.2 444.5 450.8 456.8 462.1 467.7 473.4 478.8 483.1 488.1 492.4 496.3 497.1 497.1 499.5 500.8 502.8 503.9 502.2 502.8 505.4 507.6 509.5 509.7 509.6 507.6 504.9 502.3 497.1 490.7 488.3 483 476.5 468.5 459 445.1 438.2 428.9 417.9 409 407.5 399.3 394.6 392.2 390.3 389.1 388.5
436 414.7 398.6 381.7 364 356 356 356 356 356 356 356 356 356 356 356 356 356 356 356 356 356 368.3 376.3 383.1 388.5 397.2 405 420.1 434.3 442.7 448.2 452.6 458.2 463.9 468.3 475 479.7 485 490.4 495.6 499.8 504.6 506.9 508.5 510.6 512.2 512.5 510.1 511 508.4 510.6 512.4 513.8 513.9 512.9 510.6 507.7 504.5 501.9 498.7 493.6 486.4 479.7 470.4 459.5 448.1 440.2 430.3 421.4 413.3 409.4 399.3 395.1 392 389.6 389.2 390
421.1 398 380.3 365.3 356 356 356 356 356 356 356 356 356 356 356 356 356 356 356 356 356 367 376.8 384.1 391.4 397.2 405.7 415 429.5 441.5 449.6 455.2 460.5 465.8 471.2 476.7 482.8 488.3 493.9 500.5 504.3 509.4 514.2 516.7 519.5 521.4 522.5 522.5 521.7 521.5 517.6 517.7 519.8 518.3 518.6 515 511.8 510.1 507.6 505.2 502.6 496.8 489.6 481 470 458.5 447.1 437.6 429.4 422.3 414.5 407.7 400.5 395.2 391.5 390.1 390.5 390.7
406.7 387.7 370.5 356 356 356 356 356 356 356 356 356 356 356 356 356 356 356 356 356 365 374.2 383.3 391.2 398.6 405.7 415.3 425.1 436.4 446.9 454.9 462 468.4 473.7 479.7 485.6 491.9 497.8 504 510.6 514.1 519.9 523.7 526.7 529.5 531.6 531.8 531.6 531 531.6 529.6 528 526.9 523.9 522.1 519.6 519.3 515.9 512.8 509.5 503.3 497.1 490.7 480.5 467.6 456.6 446.4 437.3 429.9 421.1 413.7 406.6 399.6 394.8 392 392.3 392.4 393
394 378.7 362.9 356 356 356 356 356 356 356 356 356 356 356 356 356 356 356 356 362 372.5 383.1 390.2 397.5 405.3 414.2 424 434.2 444.7 453.3 460.9 467.7 475.3 483.3 489.5 495.2 501.2 509.9 515.7 521.3 526.7 532.2 536.2 538.4 541.3 542.3 542.5 541.9 542.3 541.8 539.1 538.7 535.4 531.4 528 525.1 521.3 520.8 516.9 510.7 503.9 497.6 488.9 478.8 465.8 454.4 444.6 436.9 430 421.4 412.8 405.4 398.1 394 393 393.4 393.8 394.3
381.5 366.8 356 356 356 356 356 356 356 356 356 356 356 356 356 356 356 356 362.7 372 380.6 391.2 398.2 405.1 414.5 423.8 433.6 444.1 451.5 460 467.6 475.9 484.5 493.1 499.1 504.8 510.9 520.5 526 531.6 539.1 545.3 547.7 549.7 553.2 554.6 553.8 552 553.9 554 552.7 548.4 543.3 538.5 533.2 530 524.3 521.4 517.3 511.5 504.6 496.5 486.3 474.5 463.1 453.5 443.8 436.2 429.6 421.3 410.3 403 398 393 393.8 394.5 395 395.9
370.8 356 356 356 356 356 356 356 356 356 356 356 356 356 356 356 356 360.7 371.2 381.7 389.5 398.3 407.8 416 425.1 434.6 445.1 453.4 460.5 468.3 477.8 487.3 494.2 502.6 509.1 516.5 523.1 531 536.3 541.9 548.4 554.6 556.7 561.4 564.7 566.3 565.8 565.3 565.2 563.2 560.4 557.1 551.9 546 539.2 534.1 527.9 522.2 516.9 510.6 503.4 494.2 483 470 460.3 450.9 441.9 435.3 428.4 418.3 406.8 401 397.1 394.2 394.8 395.9 396.3 397.8
359.1 356 356 356 356 356 356 356 356 356 356 356 356 356 356 356 357.6 368.2 377.9 387.9 396.8 406.8 417.5 427.4 436.6 447.2 458 463.6 469.6 478.1 488.6 498.1 504.2 512.7 521.4 528.8 535.6 542.2 547.1 552.2 557.3 561.2 567.1 571 574.4 576.3 575.6 575.3 573.9 570.8 567.9 564.5 559.9 553.9 545.9 537.4 530.5 524.8 517.1 509.1 502.1 491.8 479.4 467 457.9 449 439.8 432.9 425 414.7 405.7 400.1 395.4 395.9 397 397.3 397.7 397.8
356 356 356 356 356 356 356 356 356 356 356 356 356 356 356 356 365.7 376.4 387.3 399.3 409.8 420.7 430.5 444 453.2 462.5 471.1 476.8 481.3 489.5 499.2 509.4 517 526.7 534.2 541.9 548.4 552.3 557.1 561.2 566.5 570.4 576.7 579.3 581.5 583.5 583.3 582.6 581.3 579.7 577 572.6 567.9 560.4 550.5 541.5 534.4 526.5 518.3 510.3 500.8 489.4 477.3 466.4 456.7 449.1 438.6 432.8 424.7 411 404.3 400.1 396.1 396.7 397.5 398.4 400.3 400.9
356 356 356 356 356 356 356 356 356 356 356 356 356 356 356 364.4 376.2 385.7 397.2 410 424 437.2 450.2 462 471.3 478.6 484.8 490.3 496.2 502.5 510.9 521.2 532.2 542 552.1 558 564.1 566.5 568.8 571.7 576.5 584 587.8 590 590.9 590.8 589.5 589.2 586.8 585.1 582.3 579.2 573 564.5 554.6 544.7 537.1 527.8 518.2 508.3 498.4 486.7 475.7 464.6 454.6 446.7 438.7 431.7 421.9 407.4 402.1 398.5 397 396.9 398.2 400.2 400.2 403.1
356 356 356 356 356 356 356 356 356 356 356 356 356 356 360.9 376.2 388 395.9 408.2 423.3 439.2 454.6 467.4 478.2 486.5 493.6 499.8 504.7 509.3 516.2 523.2 534.7 545.6 556.6 565.4 573.1 577.5 580.7 586.2 591.1 597.2 603.1 605.5 605.2 602.3 600.2 598.4 595.5 593.2 590 586.5 581.9 575.5 565.2 554.2 546.3 538.8 528 517.6 507.6 497.2 485.8 475.6 465.4 453.7 445.1 437.7 428.7 415.3 405.8 400.7 398.6 397.5 397.5 399.8 402 402.6 405.6
356 356 356 356 356 356 356 356 356 356 356 356 356 356 375.5 387 398.6 411 426.4 440.6 457.6 473.1 484.8 493.4 501 508.8 514.4 518.1 523.9 530.7 539.7 551.3 563.8 573.3 582.2 588.8 594.5 599.9 605.2 612.3 619.7 623.8 624.6 621 616.7 611.3 608.4 604.4 600.5 594.1 589.9 584.2 574.4 563.8 554.1 545.4 536.2 526.1 516.2 505.9 495.6 485 474.9 465.3 453.5 443.9 435.4 424.9 411 404.1 400.8 399.3 398.5 398.2 400.6 404 405.6 408.8
356 356 356 356 356 356 356 356 356 356 356 356 356 369.4 387.1 399.1 412.4 428.9 442.9 458.5 477.9 492.1 500.2 507.1 514.9 520.3 526.8 533.7 539.9 546.6 556.7 568.8 582 592.2 601 607.1 613.1 620 627.3 634.3 641.2 644.9 644 639.6 633.4 626.1 618.8 613.5 606.8 598.9 592 584.5 572.6 562.1 552.1 541.6 532.1 522.8 513.7 503.3 492.9 482.5 473.4 462.4 448.7 439.4 430.4 419.3 408.3 404.1 400.7 399.1 399.9 400 400.4 403 406.5 409.3
356 356 356 356 356 356 356 356 356 356 356 356 362.6 382.6 399 412.6 428.2 444.3 462.6 484.9 497.3 507.1 514 521.8 528.3 534.3 542.1 549.7 556.1 563.7 574.9 589.1 601.4 610.4 619.3 625.8 632.7 642.2 650.5 657.6 662.6 663.6 662.3 657.8 650.2 640.2 629.5 619.4 611.7 603.6 595.2 585.1 572.8 560.1 548.3 538.9 530.5 520.8 511.1 500.7 490.2 480.6 471.8 459.7 445.7 435.5 425.2 410.5 403.3 403 400 398.6 400.7 403.3 401.8 403.3 408.5 410.7
356 356 356 356 356 356 356 356 356 356 356 361.2 380.6 396.8 413.3 430 445.3 458.9 485.3 501.6 515.1 522.2 529.7 536.3 543.3 552.1 560.3 565.9 573.4 583.4 596.1 607.8 617.2 626.6 636.2 643.8 653.8 665.9 673.9 679.3 682.1 681.9 679.5 673.1 663.3 652.7 640 626.4 614.2 605.5 596.8 586.3 574.1 558.9 546.3 537.8 528.7 519.1 507.9 496.8 487.2 478.3 468.8 457.6 443 430 419 407.5 404.7 403.2 400.2 399.1 401.3 404.1 405.1 405.8 410.5 412.9
356 356 356 356 356 356 356 356 356 356 356 377.6 394 410.6 428.4 447.2 459.5 482.2 510.1 525.6 534.7 539.7 545.7 553 562 571.3 575.8 581.5 589.2 601.8 612.1 621.3 631.4 642.3 652.9 662.7 672.8 684.5 691.6 697 696.2 696.5 693.8 684 674.6 661.8 648.3 631 617.3 608.5 599.6 588.8 573.8 559 546 536.6 526.8 516.3 504.4 492.7 484.1 475.9 465.7 454.9 440.3 427.6 415 407.2 404.5 403.2 402.1 402 402.1 403.7 404.4 406 409.8 413.9
356 356 356 356 356 356 356 356 356 356 371 390 406.3 424.4 450.5 466.3 482.6 508.3 533.1 542.4 549.8 554.7 562.3 571.3 581.7 588.1 591.4 596.7 606.6 616.6 624.1 633.3 644.2 656.5 668.5 678.6 689.6 696.6 702.4 704.6 705.2 706.3 702.1 691.9 681.5 668.2 652.9 636 621.6 611.4 601.4 589.9 574.8 558.1 546.8 535.6 524.5 512.1 500.4 489.1 481.1 472.1 462.6 451.6 436 422.9 410.8 406.8 405.4 404.5 403.4 402.1 402.7 407.4 405.5 406.8 410.5 414.7
