data/NN69.asc
ncols 200
nrows 200
xllcorner 260000
yllcorner 790000
cellsize 50
[rows 35 to 69 of 200, columns 79 to 157 of 200]
455.3 452.7 450.4 449.3 449.9 452.4 446.1 437.8 431.7 426.8 418.5 411.1 403.4 395.9 387.4 379.9 376.4 374.1 372.5 371.6 370.2 368.9 368 367.4 366.9 365 363 361.9 361.2 359.7 359.2 358.6 358.1 357.8 357.3 356.6 356.7 356.8 356.6 355.5 352.9 350.3 352.2 352.7 353 354.3 355.3 355.9 354.1 353.6 353.5 354.2 358.9 365.9 369.4 368.5 361.5 352.9 346.5 347.4 341.1 345.1 348.8 355 362.7 370.6 381.7 394 405.6 416.1 430.9 444.3 456.1 467.5 479.5 486.4 494.8 504.1 511.2
470.9 467.7 465.8 464.9 466.2 465.4 458.6 450.9 450.4 436.2 421.3 409.7 400.8 392 383.7 378.2 374.8 372.6 371 369.8 369.6 368.9 367.9 367.7 367.6 365 362.9 362 360.9 359.8 359.2 358.6 358.1 357.7 356.8 356.2 356.2 355.8 354.6 352.5 350.6 353.1 354.2 355.5 357 358.7 360.5 361.6 362.6 363.5 364.1 367.9 375.1 389.1 391.7 382.1 374.4 359.4 348.9 346.9 348.6 354.7 360.3 367.4 374.1 385.1 399 409.8 420.1 434.1 448.7 459.7 470 479.3 488.9 495.6 502.6 510.1 519.7
485.9 483.6 482 483.1 482.7 481.9 472.6 470.9 458.8 436.5 420.6 407.7 396.9 388 378.8 375.9 372.4 370.3 369.3 369.2 368.2 367.1 366.3 366.2 367 364.9 364.5 363.6 361.4 360 359.1 358.6 358.2 358.2 356.5 355.5 355 354.6 350.9 352.6 355.1 357.6 359.1 361.3 363.1 365.5 367.9 370.5 372.8 374.9 377.2 383.9 395 395.8 393.8 385.4 375.2 365.2 360.8 356.7 358.7 367 371.7 377.5 388.3 402.8 414 424.1 437.6 451.7 463.7 473.6 483 490.9 496.5 502.2 508.2 518 529.8
501.1 499.1 497.8 496.5 497 494.8 491.3 490.9 468.7 436 417.5 404.5 391.6 381.9 376 372.8 370 371.7 369.6 368.6 367.6 366.7 366.3 366.2 366.1 365.7 367.3 367.4 364.8 363.4 360.6 360.1 359.5 359.5 357.5 355.1 354.2 353.7 354.1 357 359.6 362.2 364.8 367.7 371.1 374.1 379.6 382.4 385.5 389.7 392.3 399.5 406.7 402.7 396.5 386.1 377.5 371.7 368 372.7 369.7 375 381.8 388.3 401.1 414.8 428.4 441.2 454.8 466.5 477.7 485.7 493.4 498.5 504 509.7 516.9 528.4 540.7
517.6 514.3 510 511.4 511.7 514.1 514.6 501.3 469 431.9 413.3 399.2 385.6 378.8 373.9 370.6 368.7 370 370.7 368.5 367.1 366.7 366.3 366.2 366.1 367.2 369.9 369.6 368.4 367.7 365.1 365.2 364.7 361.3 357.6 355.5 354.8 355.2 357.3 358.7 362.3 367.3 371.4 374.8 381.7 389.7 398.7 405.3 407 406.9 410.4 419.3 422.5 410.9 400 390.9 385.5 383.6 386 383.8 382.8 389.3 394.9 404.5 416.8 432.3 447.9 459.1 471 480.2 487 494.6 500.7 505.5 510.4 518.9 528.9 539.3 551.8
532.8 530.9 524.9 526.4 536.2 530.1 517.2 495 460.2 420.5 405.4 390.1 381.9 375.8 371.7 370 368.4 368.9 370.9 369.9 366.7 367.3 366.3 366.2 366.5 367.8 368.2 369.1 372.4 373.7 371.6 372.3 368.1 362.1 357.4 356.4 356.9 357.8 361.6 365.3 368.1 371.7 378 386.3 396.5 407.9 419.6 430.1 425.5 427.1 429.6 434.7 432.9 420.9 405 400.9 398.8 398 396.8 394.5 393.3 401.2 411.1 421.8 432.5 446.2 462.4 473.2 482.4 488 494.8 500.9 505.3 511.5 519 531.1 540.7 552.7 567.1
554.5 549.8 551 554.2 541.8 520.9 502.4 480.7 438.7 411.7 397.5 385.5 378.4 373.1 369 366.7 366.5 369.2 368.6 368.4 366 368.7 367.8 368.6 368.3 369.2 373.5 379.1 381.1 382.9 381.7 378.8 373.1 366 358.3 358.8 361.6 364.9 368.5 374 378.3 383.5 390.1 398.9 413.3 425.5 445.2 446 447.3 461.9 464.5 454 445.9 434.3 423.4 420.5 414.8 411.6 411.2 408.3 405.3 415.8 427.1 439 449.8 460.7 470.6 481.4 488.8 495.6 501.2 506.2 512.7 521.3 533.5 540.4 554.8 568.3 585.6
574.4 566 567.4 553.9 521.6 491.9 475.9 448.2 419.8 402.9 390.7 380 374.8 371.1 367.6 363.8 363.6 366.7 367.6 363.4 363.2 366.2 370.7 370.2 371.3 378.4 384.9 389.8 392.2 390.4 387.2 381.1 376.3 368.5 363.5 365.9 370.5 374 377.5 383.4 390.7 395.2 403.2 411.4 426.9 444.3 454.2 460.2 468.3 489.3 490.8 477.8 466.4 451.1 443.5 436.6 427.8 428.1 426.6 425.8 422.1 435.4 446.9 457.4 467.7 476.2 484.6 489.5 496.2 499.4 504.6 513.8 523.3 533.3 543 558.1 570.3 587.7 604.3
579.8 575.1 567.7 536.8 501.5 467.8 444.5 418.4 407.1 394.1 384.1 375.2 370.7 368 365.8 361.6 361.5 362.1 362.6 361.9 363.2 364.3 370.3 376.1 380.7 389.6 396.7 400.7 402.7 400 394 385.3 379.3 370 368.5 374 379.4 381.7 387 392.9 400 407 416.3 423.5 436.9 451.5 462.3 477.9 494.6 506.7 510.8 498.9 486.7 467.3 456.3 447.6 441.3 440.2 441.6 442.5 444.7 452.9 463.3 470.5 480.6 487.4 492.4 495.9 502.5 506.1 512.4 523 534.4 546.2 561.2 572.5 582.9 602.8 616.9
581.2 572.1 549.4 522.5 482.4 450.1 430.6 412 396.9 385.7 376.8 372.5 367.9 365.1 363.5 362.2 358.6 360 362.1 366.9 365 368.2 373.5 379.5 392 401.5 409.2 412.1 412.4 410.3 400.6 388.4 382.1 373.1 376.4 382.8 387 392.3 395.1 401.5 407.8 418.1 428.7 436.5 450.3 462.5 481.6 502.8 517 528.4 529.3 525.7 499.4 482.1 474.1 464.4 460.3 457.9 462.5 461.9 460.6 469.4 474.3 478.3 486.6 495.5 498.3 502.7 509.1 514.6 521 531.7 543.4 556 570.2 582.1 597.7 615.9 630
571.6 551.4 527 501.4 464.5 433.3 415.9 401.7 388.6 379.6 374.2 370 365.9 362.6 361.2 359.3 359.5 361.9 363.6 366.6 368.6 371.9 379.3 391.3 402 414.8 420.4 419.5 420.2 413 402.9 390.4 381.9 375.4 384 389.4 393.1 398.1 403 410 419.8 435.3 450.9 454.1 462.8 475.7 501.5 526.8 540.4 548.7 546.7 527.3 518.5 513.6 501.2 486.1 481 483.2 479.3 470.2 472.2 478.1 481.9 486.4 495.2 502.1 505.1 509.6 514.4 523.3 529.9 540.1 550.5 563.5 576 587.4 605.3 621 635.4
551.8 525.3 500.5 472.8 441.4 420 405.4 391.1 381.7 375.6 372 367.8 364.9 361 357.8 359.5 360.8 362 364.4 367.7 371.1 377.6 387.8 399 415.9 428.5 429.4 424.5 418.5 411.6 401.2 392.3 385.8 381.3 390.6 395 398.4 403 410 418 435.6 451.6 463.2 473.9 479.3 488.5 515.1 539.6 552.6 556.8 542.9 531.7 533.3 530.7 526.2 522.3 500.9 491.4 483.9 477.5 482.3 486.5 489.5 495.1 503.7 508.5 512.6 520.7 523 534.1 542.3 549.6 559.2 569.6 582.3 596 610.4 629.6 646.3
525.3 509.3 479 455.2 431.9 410.9 392.9 379.7 375.2 372.4 369.6 363.7 361.7 357.9 354.1 356.2 358.9 360.6 364.5 368.3 374.1 384.2 398.1 412.7 428.3 438.4 438.3 426.6 418.6 409.6 403.1 396 386.5 386.3 392.5 398.3 402.9 405.7 414.1 429.2 450.4 470.1 477.4 485.1 497.9 505.5 523.3 545.1 552.4 556 545.4 549.4 543.2 536.3 527.5 516.9 504 493.6 484.7 484.4 490.9 491.4 495.7 500.6 507.3 515.2 526.5 529.1 535 543.8 552.2 559.4 570.3 582.6 594.4 607 622.7 639.4 652.7
505.7 485.8 461.1 432.9 414.5 395.2 380.4 372.8 371.9 369.7 364.5 361.1 358.7 355.1 354 355 357.4 361.2 368.1 373 382.3 397.1 413.9 430 442.3 449.5 444.6 428.4 419.9 413.2 407.3 398.2 388.3 389.9 394.8 401.3 406.6 412.2 420.7 438.1 456.8 473.5 483.3 503.1 510 518.5 528.2 542.4 548.4 551 557.1 555.2 546.1 534 523.4 511.1 502.4 492 494.5 490.1 495.3 497.8 500.5 505 509.3 519.6 526.8 533.8 543.3 551.7 561.9 572.3 583.8 594.9 607.6 620.8 634.8 650.7 662.9
488 466 438.9 418.9 407.3 388.3 376.8 368.3 368 364.7 361.9 360.7 356.4 353.7 353.8 354 357.5 364.1 373.3 380.5 391.4 407.6 427.3 441.2 453.9 460.2 455 434.4 423.1 414.3 405.6 397.9 388.8 392.8 398.7 405.2 412.2 422.4 433.2 445.4 458.6 471.9 487.7 503.4 516.8 523.9 537 543.9 554 560.5 552.7 548.4 538.4 528.3 518.2 505.9 500.1 494 493.6 493.6 498.4 501 506.3 513 518.9 525.1 530.9 537.7 548.1 559.6 574.3 587 597.1 609.8 625.3 634.7 648 671.1 683.6
472.7 453.7 429.2 410.6 394 382.9 373.8 365.7 363.7 362.4 360.1 358.2 355 352.3 353.2 353.8 357.8 367.8 377.6 387.8 402.7 419.1 436.8 454.4 466.1 474.4 470.4 449.1 426.5 409.5 402.9 393.7 390.4 396.1 402.6 409.6 417.9 427.6 439.5 452.3 459.9 473.5 493.3 509.9 529.1 549.3 559.2 554.5 562.2 560.3 549.1 536.5 529.8 519.5 510.8 506.1 500.1 494.3 493.7 496.3 501.1 506.8 517.7 527.7 533.7 540.2 544.9 548.2 555.2 573 590.2 605.6 617 623.2 634.5 648.1 662.3 680.5 695.4
465.3 438.6 417.9 402.4 389.8 378.6 369.4 364 361.5 361.1 358.9 356.9 351.7 350.8 352.4 355.3 364.3 373.9 384.2 397.6 415.5 431 451.3 472 479.8 486.5 478.9 450.7 427.6 408.8 401.3 395.3 393.6 400.5 406.5 414.1 422.8 432.8 444.1 452.7 459.7 478.2 498.5 517 541.6 558.7 550.7 564 567.5 557.7 543.1 531.2 522.8 513.6 508 507.2 499.1 494.2 496.4 500.1 505.6 518 526.5 535.5 543.5 551.3 555.6 561.2 563.6 582.4 604.2 619.3 635.1 656.7 660.2 672.5 688 704.1 713
453.7 430.4 412.6 396.3 383.2 372.4 364.7 361.4 359.5 357.4 354.9 352.5 350.4 351.3 352.6 359.8 369.7 379.5 391.1 409.6 422.6 440.8 468.4 491 494.7 495.9 481 447.3 423.2 409.8 403.1 397.9 397.6 403.1 409.9 416.7 427.8 438 446.4 454.1 464.6 484.2 503.8 523 545.5 547.8 559.7 568.8 567.7 557.3 540.9 526.1 517.2 509.4 503.5 501.1 499.1 496.3 498.4 501.9 509.3 520.3 531.1 542.8 553.2 559.6 563.6 566.1 571.1 591.8 611.3 634.8 651.7 670.3 678.9 692.9 708.3 722.3 732.8
443.1 420.8 407 390.9 376.4 366.9 362.1 358.9 355.6 353.9 351.4 350.7 351.2 351.7 354.5 362.6 374.5 384.7 402 417.6 436 452.6 487.1 505 506.3 501.5 474.9 445.6 424.6 413.8 405.6 402.4 402.6 406.7 413.2 421.9 431.3 441.8 449.4 457.1 472.9 489.9 507.8 530.2 541.4 558.4 568.8 566.9 563.7 555.1 536.1 522.6 510.2 502.7 498.6 498.8 498 497.1 499.8 503.8 511.2 524.7 537.2 546.8 556.5 561.4 563.8 568.4 577.9 604.1 624.7 645.5 658.8 674.3 693.8 709.9 729.3 739 739.7
431.3 415.1 398.6 385.5 371.8 363.5 360.6 356.5 353 350.8 349 350.2 351.8 354.7 360.3 366.1 379 394.3 412.8 430.4 450.4 488.5 508.4 515.9 508.9 494.1 471.9 445.5 432.8 422.3 412.1 406.9 404.8 409.3 416.6 425.6 434 442.5 452.4 461.1 476.1 492.2 510.1 532.2 551.2 561.3 561.1 561.3 555.2 543.5 526.8 517.2 505.4 498.3 497.8 498.1 497.9 498.1 501.3 507.3 515.9 527.2 538.3 549.4 555.1 560.2 566.5 573.7 583.1 607 630.2 647 657.7 676.9 702.9 726.6 745.4 751.4 732.6
420.9 406.7 391.3 377.2 367.5 360.4 356 354.1 351.4 349.1 347.9 350 352.9 356.4 362.4 371.8 387.6 405.6 424.6 444.2 474.8 500.8 511.3 510.2 503.8 490.2 474.4 456.1 449.5 433.4 418.7 411.7 410.4 412 417.7 425.3 436.6 446.1 455.3 469.7 479.9 497.8 513.7 533.7 544.3 549.6 555.6 556 551.3 536.8 525 518 504.1 497.1 497.9 498.3 498.3 499 505 512.4 522.9 532.1 541.1 550.1 554.3 558.6 571 578.5 586.4 610.7 634.2 642.2 656.5 676.7 709.5 735.5 751.1 744.2 719.3
414.8 398.9 383.1 370.3 363.4 357.1 353.5 351.5 349.2 347.2 347.6 350.9 353.7 359.8 367.1 377.9 398.7 420.2 437.8 458.8 486.6 506.6 507.5 505.6 500.6 494.3 483.1 473.2 469.3 448.3 423.1 416 416.2 416 418.2 426.9 440.1 451.9 462.7 476.3 486.7 502.7 516.1 534.8 545.1 550.8 551.1 550.7 548.6 535.1 535 524.7 504.6 496.7 497 498.8 498.9 499.5 507.9 521.4 531.9 540.1 546.6 550 553.4 559.8 570.6 578.6 589.1 615.3 626.2 638 655.6 683.5 716.2 743.5 739.7 720.3 704.2
403.6 386.5 372.7 366.2 360.7 355 351.9 349 347 346.2 348.7 351.8 355.7 363.6 372.8 391.2 412.8 436 454.9 473.1 493.6 509.2 510.3 506.1 502.9 503.8 495.9 486.5 482.3 461.6 431.3 421.5 421.3 418.5 419.2 428.5 443.2 456.7 473 489.5 497.7 509.9 530.5 541.1 545.8 551.2 547.5 543.6 541.9 540.6 541.1 529.5 505.7 497.8 497 497.8 499 505.4 509.2 525 537 544.4 545.8 548.9 552.2 563 567.5 576.4 593.3 611 622.5 635.7 660.4 687.9 724.3 733.9 711.9 698.7 688.8
393.7 376.2 366.2 362.4 356.9 352.4 348.3 346.6 345.7 347.1 349 353.6 359 366.6 382.1 406.3 430.7 454.8 473.5 487.2 509.6 519.2 517 508.8 518.9 511.9 505 504.9 490.2 467 436.9 424.5 422.3 420.8 420 428.4 444.4 460 477.9 495.5 508.8 527.9 546.4 539 541.3 544.6 541.5 541.6 551.2 539.2 539.7 526.4 507 500.5 499.9 501.2 507.3 517.7 524.3 529.7 536.1 541.9 545.2 548 558.8 562.6 567.2 580.6 596.9 608.9 620 636 662 692.7 722.7 709.3 691.2 673.3 671.6
385 369.5 362.2 357.8 354.2 349.5 346.4 345.4 347.8 347.6 349.6 358.1 364.5 373.5 395 424 456.3 475.3 494.1 510.4 524.4 521 519.4 526.1 527.5 521.4 509.7 506.9 492.7 465.1 440.4 426 422.9 422.7 420.7 431.7 445.2 460.2 477.2 497.8 510.9 525.4 536.8 534.5 537.5 538.8 540 550.8 541.1 532.2 531 523.3 509.1 507.2 511.3 509.1 515.9 528.4 534.1 537.4 540.6 542.2 545.3 553.6 561.4 563.6 571.8 584.4 598.5 607.6 617.5 635 666 691.6 704.9 686.1 672.2 662.4 656.5
373.5 362.9 357.4 353.8 349.7 346.1 345.1 344.6 344.7 348.2 353.1 361.5 370.4 380.8 409 440.7 460.2 494 505.4 518.5 519.3 522.8 531 531 528.1 519.8 496.6 493.2 480.6 453.4 433.3 423.4 422.2 422.6 420 434.3 446 459.8 477.2 493.7 509.3 519.2 526.9 526.8 533.5 534.6 544.3 549.1 536.8 527.8 526.8 518 512.5 514.1 516.3 517 527.6 533.5 539.3 544.3 544.3 545.8 558.3 562.4 566 566.4 576 587.7 600 605.8 617.1 637.6 668.8 694.3 689.3 668.2 656.1 654 650.6
366.5 359.2 354.3 350 345.8 344.4 343.9 344.1 347 355.2 358.9 368.1 376.6 393.7 419.8 452.4 480.4 503.2 512.6 521.3 521.3 520.8 529.3 524 513.6 499.4 481.5 480.9 470.7 446.1 430.5 424.2 421.9 420.7 419.6 434.4 444.6 456 474.7 488.5 503 508.6 513.4 523.8 529.4 532.9 541 541.6 532.6 522.6 519.4 516.9 516.8 519 527.9 524 529.6 536.5 544.5 551.7 548.6 550.9 559.9 566.1 570.2 569.6 578.9 589.7 599.9 605 618.5 642.5 674.4 689 677.8 653.8 645.3 644.5 642.2
362.2 359 353.4 348.1 344.1 343.5 344 344.7 352.8 360.9 366.6 373.3 383.2 408.9 430.4 461.1 486.7 500.9 520.1 521.7 521.5 517.9 514.1 503.7 494.1 477.4 463.5 460.7 450.7 440.6 430.8 424.3 422.8 420.8 418.3 431.3 441.6 453.1 469.6 480.8 490.9 505.8 512.7 518.4 522.7 540.3 540 538.2 528.9 521.4 520.3 521 520.3 528.3 530.6 528 534.3 542 553.1 559.4 554.5 559.2 562.3 568.6 574.1 573.1 581.6 590.9 599.6 609.4 622.2 646.8 670.6 669.8 664 638.5 634.7 635.5 634.7
358.8 355.6 351.1 344 343.2 342.8 344.7 349.2 358.9 365.5 372.3 377.8 397.4 421.8 440.6 465.6 488 503 514.8 520.7 522.4 513.1 495.7 485.6 474.2 460.6 452.8 450.3 441.7 439 430.9 424.3 422.3 419.9 416.2 429 437.1 454.3 463.7 476.3 486.1 502.1 507.4 513.3 530.2 532.5 534.6 532.5 526.7 524.4 534.4 527 525.7 529.8 532.9 530.7 539.2 553 566.3 569.3 571.3 572.2 571.7 574.5 577.7 576.6 584 592.3 601.7 613.2 628.1 652.6 679.1 667.2 653.5 625.4 622.2 626.7 626.3
356.6 351.9 347.2 343.2 342 343.8 347.3 357.6 365.4 370.7 376.1 386.4 410.8 434 453.5 479.1 496.8 515.2 525.3 532.3 526.4 506.3 484.1 476.6 469.9 454.1 446.5 443.5 435.5 432.9 427.8 422 419.3 417.7 413 424.2 434.3 449.5 458 470.3 481.3 493.9 503.2 516.2 519.8 530.6 528.9 525.6 523.7 529.1 535.3 530.6 529.8 532.8 533.1 535 548.6 564.7 574.3 577.7 581 579.9 578.2 581.2 585 579.5 587.1 594.1 604.1 620.1 636 661.1 671.7 657.6 632.3 616.1 611.6 615.8 615.4
355.3 349.5 343.8 342.2 342 345 358.1 362.4 370.2 377 382.6 402.7 425.2 443.4 470.3 495 518.8 538.7 545.5 536.5 517 488.2 474 463.4 455.5 445.2 440.4 439.3 430.2 427.8 421.7 416.6 414.4 412.6 410.5 418.9 429 442.3 453.6 464.2 476.2 490.2 496.5 507.2 518.5 523.9 522.4 521.6 528.2 538 540 534.4 534.3 534 534.4 537.7 562.5 576.9 577.5 579.2 581.9 584.8 586 587.1 585.3 585.2 586.9 596.6 610.8 626.5 643.1 661.6 654.2 645.1 617.6 605.6 599.9 600.5 593.7
352 345.4 341.6 340 343.4 355.7 362.5 366.7 373.9 382.8 390.5 414.8 434.9 455.2 485 509.3 524.2 541.7 538.7 526.7 500.1 473.4 458.7 449.2 442.9 435.8 430.9 426.2 422 418.7 416.1 412.7 410 408.9 408.2 414.8 423.6 436.1 448.5 462.5 475.2 482.2 491 504.1 513.6 515.6 515.1 521.1 530.5 539.3 539.6 534.4 533.7 534 537.5 545.3 565.3 576.3 585.5 583.6 584.5 590.4 595 589.6 584.6 582.7 583.9 594.8 612 627.3 644.8 647.5 635.3 618.1 599.9 590.6 588.4 582.2 572.5
346.6 341.3 339.4 340.5 347.9 360.5 365.8 371.6 376.8 385.3 399.7 428.8 446.7 467.5 486.9 503.2 520.8 529.2 522.9 510.1 484.7 460.6 448 437.3 430.4 426.5 421.4 417.1 416.2 412.4 410.4 407.8 406.3 405.6 407.1 412.7 420.8 432.7 445.2 459.3 467.6 476.7 486.2 497.3 503.4 503.6 510.1 516.1 523.8 537.9 534.4 530 531.7 532.2 544.7 561.4 571.6 591.5 589.5 581.9 581.7 592.6 593.3 586 579.3 575.9 578.1 589.6 607 625.4 636.5 629.1 613.8 595.8 582.9 578.3 576 566.4 551.3
341.6 339.1 337.5 341.5 353.9 365.5 370.8 379.2 380.5 391.7 411.6 444.5 450.1 469.6 472 489.7 511.1 518 515.6 500.3 478 453.4 441.2 429.9 424.4 420.1 414.6 412 410.5 406.9 406 403.7 403.3 402.6 404 410.8 418.6 429.7 441.1 451.3 462.7 471.4 481.9 486.6 492.2 499.1 504.9 512.3 519.5 524.8 525.7 527.2 528.7 539.2 558.9 566 582.4 592.5 582.6 580.5 579.2 587 585.6 579.1 571.2 565.6 571.3 581.5 599.9 619.3 622 605.2 594.2 581.3 570.7 558.4 556.7 543.3 516
338.6 336.3 336.9 346.9 359.5 371.2 379.7 381.2 385.1 398.2 415.6 437 446.4 460.4 468 486.8 498.4 507.2 497.2 485.9 467.2 448.5 433 423.3 414.8 409.2 407.9 406.1 404.3 402.2 400.7 399.7 400.5 399.9 401.8 409 416.3 426.1 435.7 445.7 456.2 466.2 470.2 477.4 486.5 491.6 496.3 505.9 513.2 518.2 522.5 525.6 532.6 547.4 562.6 573.5 585 577.9 571.7 569.1 572 575.5 574 568.9 558.9 557.1 563.9 575.9 590.3 612.2 603.1 581.5 575.2 561.6 552.4 537.8 535.1 514 488.8
