data/NN77.asc
ncols 200
nrows 200
xllcorner 270000
yllcorner 770000
cellsize 50
[rows 70 to 104 of 200, columns 0 to 77 of 200]
654.9 647.8 641.3 633.7 627 616.5 607.2 595.5 585.7 579.1 571 560.9 550.8 540.5 530.7 521.1 512.3 505.1 497.8 489.7 482.7 478.4 474 472.4 467.9 455.8 447.2 445.5 441.2 459.6 477.6 478.1 484.2 488.4 494.1 500.3 504.5 508.8 513.2 516.1 517.7 517.5 517 517.7 518.4 519.4 520.7 521.1 521.8 523.1 524.4 525.8 528.4 531.3 534.1 538.4 543.2 547.8 548.8 549.2 547.3 542.7 531.6 519 509.3 500.2 489.4 478.3 467.5 456.7 445.9 436.6 426.5 415.2 411 411.3 416.8 422.1
650.9 644.5 638.8 633 624.1 615.4 604.5 593.7 585.1 576.7 569.9 559.2 549.2 538.7 529.9 520.5 511.1 503.8 496.5 487.4 483.3 478.3 473.3 471.9 465.4 449.2 445 445 441.1 466.3 471 478.1 488.1 489.3 492.5 498.9 503.4 507.8 511.9 514.1 515.6 516 516.2 516.7 517.1 517.9 518.7 519.3 519.8 521 522.3 524.2 527.1 530 532.2 535.8 541.3 546.8 548 548 546.4 541.9 531.7 519.5 510.5 502.2 492.2 481.4 470.6 459.8 448.9 438.5 429.4 418.3 410.7 409.8 411.5 417.1
648.7 643.1 635.9 628.8 621 612.2 603.1 592.5 581.7 572 565.2 557.5 547.7 538.9 527.3 518.2 509.4 502.1 495.2 486.3 483.2 476 469.8 467.3 459.7 443.8 438.8 439.3 447.8 464.9 476.5 481.6 486.9 487.8 492.6 497.4 502.1 506.4 510 512.2 513.6 514.7 514.9 515.1 515.4 516 516.7 517.4 517.9 518.9 520.2 522.9 525.6 527.8 529.9 533.1 539.3 544.1 547.1 546.9 545.3 540.6 531.2 521.2 513 504.3 494.5 483.9 473 462.1 451.2 440.8 431 425.5 413.2 408.7 409.6 413.9
646.8 642.9 635.7 628 620.7 611.6 602.2 591.9 580.5 569.9 562.7 554.8 546.3 538.3 527.7 517.3 508.9 501.3 495 487 481.3 476.5 472.9 468.7 453.8 438.5 438.6 439.9 454.6 476.8 481.3 479.9 484.1 489.1 492.5 496.9 500.4 504.3 507.7 509.9 512 512.9 513.1 513.4 513.6 514.3 515 515.4 516.1 516.8 518.7 521.2 523.3 525.4 527.2 531.4 537.6 541.4 544.6 545.5 543.7 539 532.3 524.2 515.6 506.5 496.4 486 475.3 464.5 453.6 443 433.5 425.9 415.7 407.7 408.4 412
645.8 641.8 635.7 627.8 619.6 609.7 601.6 591.1 580.1 569.1 561.1 553.9 544.8 536.7 527.8 517.9 508.1 500.8 493.9 486.5 482.9 480.5 476.7 467.1 453.9 437.9 437.7 441 460.6 478 478.5 485.1 484.2 489.2 492.2 495.7 499.4 502.8 505.4 507.7 509.9 511.2 511.4 511.7 511.9 512.6 512.5 512.9 513.8 514.8 516.6 518.3 520.1 521.8 523.8 529.7 534.5 538.7 542.1 543.9 541.6 537.5 532.8 525.1 517.1 508.5 498.3 487.9 477.5 466.8 455.9 445.3 435.6 427 417.6 410.3 407.7 410.4
644.9 640.3 635 627.9 619.3 609.5 600.2 589 579.2 568.5 560 552 543.9 536.4 527.8 517.7 508.6 500 492.2 484.1 483.7 482.5 479.2 470.5 454.8 437.2 436.5 443 468.3 472.5 480.9 480.3 489 490.9 492.9 494.8 498.1 501.3 503.6 505.6 507.5 509.4 509.9 510 510.2 510.2 509.6 510.6 512 513.3 514.4 515.8 517.1 518.5 521.4 526.2 531.1 536 539.7 542.4 540.2 537 532.6 525.9 517.4 509.4 500.3 489.8 479.4 468.9 458.3 447.6 436.1 429.1 422.4 414.6 405.3 407.4
642.7 638.8 633.1 626.7 618.5 608.5 600.2 589.5 578.3 569.9 560.3 552.9 544.4 536 527.8 517 507.1 497.5 493 485.6 476.9 481.8 478.5 471.3 456.5 439 435.6 439 464.8 474.1 474.3 486 489.2 491 491.5 493.5 496.8 499.4 501.3 503.2 505.1 507 508.9 508.3 508.5 509.2 509.5 509.5 510.8 511.8 512.7 514 515.4 517 519.2 522.2 526.6 532.1 536.1 540.3 539 536.3 531.8 526.1 517.5 509.6 502.2 492.8 482 471.2 460.4 449.2 441.1 431.7 424.1 414.6 408.9 404.5
640.5 637.4 631.9 624.9 614.4 610.4 602.2 589.5 576.9 570 561.2 554.3 545.1 535.9 526.8 515.8 506.5 497.2 492.2 486.1 480.2 473.3 471.5 470.7 460.6 438.9 435.3 437.5 460.2 473.3 475.5 484.8 487.4 488.1 492.7 491.9 495.9 498 499.1 500.9 502.8 504.6 506.5 506.5 507 507.7 508.3 509 509.6 510.3 511 512.3 513.7 515.8 518 520.3 523.6 528.2 532.4 536.6 537 535.6 530.2 524.8 517.6 511.3 503 495 485.6 474.6 463.6 453 443.2 434 425.7 420.1 410.7 404.4
638.4 635.1 631.1 623.6 621.1 613 602.1 588.7 578.9 571.2 562.3 552.1 543 533.4 524.8 516.7 505 497 490.8 484.4 479 474.8 462.8 461.1 453.2 439.6 434.8 435.9 459 465.9 476.1 480.9 484 490.8 492.5 492.9 495.6 497.6 498.7 499.8 500.9 502.3 504.2 504.9 505.5 506.1 506.6 507 507.8 508.7 509.5 510.6 512.5 514.7 516.8 518.7 521.1 524.9 529.6 533.3 534.8 533.6 529.7 524 519.3 513.5 505.3 497.7 489.6 478 467.6 456.8 446.4 436.9 428.3 421.9 411.1 405
636.8 633.7 628.7 624.7 621.8 613.2 601 592.5 580.8 570.5 562.8 550.9 541.1 532.1 524.3 516 506.5 493.9 487.5 484.6 477.3 477.3 469.7 455.2 444 438.7 435.4 434.8 451.3 461.8 471.1 480.7 485.8 488.9 490.9 493.1 495.5 497.3 498.4 499.5 500.6 501.6 502.7 503.1 503.5 504 504.5 505.3 506.1 506.9 507.8 509.1 511 512.9 514.8 516.7 518.7 521.5 526.4 529.9 532.3 531.7 528.4 525 521 515.6 509.5 502.4 493.7 481.8 472.7 461.5 451.3 441.2 431.4 423.2 414.8 405.7
634.6 631.3 626.1 626.9 621.9 612.5 603.5 594.2 582.8 571.8 561.9 550.4 540.8 531.4 523.8 515.6 506.4 495.3 489.1 481.4 480.5 467.8 465.2 459.3 442.2 436.2 432.1 438.9 460.7 469 478.8 482.1 485.4 488.5 490.9 493.3 495.7 496.7 497.5 498.6 499.6 500.7 501.3 501.1 501.4 502 502.8 503.5 504.3 505.1 506 507.6 509.6 511.2 512.9 514.6 516.6 518.7 522.7 526 528.3 529.5 528.4 526.1 522.7 518 513.2 506.7 498.1 487.6 476.2 466.1 456.1 446.2 436.2 427.3 417.8 408.7
634.5 628.7 630.3 627.3 621.8 610.3 604.3 595.2 583.3 571.6 560.4 550.8 541.4 533 522.6 512.5 504.8 495.9 489.5 483.5 479.8 471.7 465.6 458.6 444.9 433.3 431.1 443 463.2 472.4 476.9 482.9 485.2 488.7 491.1 493.6 495.3 496.2 497 497.8 498.7 499.7 499.6 499.4 499.5 500.2 501 501.8 502.5 503.3 504.6 506.2 508 510.1 511.7 513.6 515.6 518 520.6 523.4 524 526.9 529.4 527.4 525.1 520.7 516.5 510.4 502.4 493.7 481 470.6 461.2 450.7 441.4 431 420.2 408.5
633.1 632.4 630.1 626.2 619.4 613.1 604.5 595.5 585.1 573.8 561 550.3 541.7 530.2 521.2 515.7 508.5 499.7 489.4 481.5 475.1 473.3 469.9 454 440.7 431.4 430.6 445.2 460.8 471.7 477.9 485.6 488.4 490.4 492.1 493.4 494.9 495.8 496.6 497.3 498 498.1 497.9 497.8 498.4 499.2 499.6 500 500.6 502 503.3 504.9 506.5 508.7 511 513 515 517.3 521.2 525.3 529.5 531 532 529.5 527.1 524.1 520 513.5 506.7 499.5 488.9 475.9 466.3 454.9 444.3 434 423.6 411.8
634.7 632.3 629.3 624.9 619.1 613.2 604.6 595.5 585.2 575 562.6 552.1 541.6 530.2 521.9 514.3 507.4 498 489.9 480.4 472.1 474 462.3 449.2 443.1 431 430 443.4 461.7 471.6 482.9 487.8 490.1 490.9 492.1 493.4 494.5 495.1 495.8 496.5 496.6 496.5 496.3 496.2 497.3 498.3 498.9 499.3 500 501.1 502.1 503.6 505.9 508.5 510.9 512.9 515.3 520.1 524.4 529.2 532.7 533.9 534.6 532.2 530.3 527.1 523.3 517.8 511.1 503.9 493.7 481.7 469.6 459 448.3 438.2 428.4 417.9
634 630.9 627.7 624 618.3 612.3 604.7 595.9 585.6 575.6 564.6 552.5 541.3 530.9 521.6 513.1 504.2 497 490.7 479.4 471.1 461.7 457.6 447.7 441.1 429.6 428.2 441.6 460.1 479.3 486.6 489.7 491.2 491.5 492.1 493.4 493.9 494.3 495 495 494.9 494.8 494.7 495.1 496.1 497.1 498 498.2 498.5 499.7 501.1 503.4 505.9 508.4 510.9 512.8 517.4 522.3 526.7 532.2 535.3 537.1 537.3 535.5 533.5 530.1 526.2 520.8 515.1 508.3 498.5 487.3 475.5 464.3 453.9 443.8 434 422.8
632.5 629.2 626 622.7 617.3 610.9 603.6 595.5 585.5 575.7 565.4 553.2 542.1 530.9 521.2 513.5 503.5 497.4 490.5 480.3 471.1 465.2 455.1 442.7 438.7 428.4 427.8 445.3 464.7 477 484.7 491.4 492.4 492.7 492.9 493 493.4 493.8 493.7 493.6 493.6 493.5 493.5 493.6 494.7 495.8 496.8 497.5 497.7 499.5 501.2 503.4 505.9 508.3 510.8 514.6 519.5 524.5 529 535 537.4 539.8 540.2 538.9 536.7 533 528.9 524 518.9 512.2 503.4 492.6 481 470.3 461.1 449.4 439.2 427.9
630.6 627.7 624.5 621.2 615.3 608.9 601.6 594.6 584.5 575.3 565.2 554.1 542.2 531.3 521.6 513.7 504.1 497.5 487.5 477.6 470.8 461 451.7 441.5 432.2 427.3 430 448.6 464.2 479.9 488.7 492.3 493.9 494 493.7 493.2 493 493 492.2 492.5 492.5 492.4 492.6 492.7 493.1 494.2 495.2 496.2 497.9 499.7 501.2 503.5 505.9 508.4 511.1 516 521.1 526.2 532.3 536.8 539.8 541.8 542.2 541.2 539.1 535.6 531.8 527.1 522.4 516.1 507.5 497.9 486.7 476.5 466 455.8 445.4 434.2
628.7 626.1 623 619.2 613.2 606.7 599.8 591.8 583.1 574.2 564.4 554.1 541.9 531.7 522.6 512.5 506.5 495.9 485 475.5 469.1 461 449.6 441.5 433 425.7 433.8 451.7 468.2 481.4 489.1 492.5 494.9 494.5 494.2 493.6 492.9 491.8 490.9 491.3 491.4 491.5 491.6 491.6 491.8 492.6 493.6 494.8 496.8 498.8 500.9 503.2 505.4 507.7 511.5 515.5 520.9 527.3 533.9 538.8 542.3 544.6 544.8 543.3 540.9 537.5 533.7 529 524.4 519.9 511.7 503 493.5 483.3 472 462.2 452.4 440.7
626.8 624.2 620.8 616.6 610.8 605.1 598.2 589.9 581 573.1 563.1 552.8 541.1 531.2 522.1 510.8 504.2 492.7 483.6 474 467.1 456.4 448.2 443.9 428.5 425.1 435.5 453.4 471 482.9 489.2 493.3 496.3 495.3 494.7 493.9 492.6 491.1 490.2 490.2 490 489.9 489.9 490.1 490.7 491.2 492.1 493.4 495.4 497.7 500 502.1 504.6 507.8 511.7 515.5 522.2 528.8 535.4 539.8 544.4 547.1 547.4 545.6 542.8 539 535.2 531 526.4 522.4 515.9 507.1 498.2 488.7 477.9 466.5 457.6 447
625.1 622.6 618.6 614.6 609.1 603.7 596.7 589.3 580.3 571.7 562 551.6 541.4 531.4 521.7 511.6 502.2 491.2 482 473.5 468.2 460.6 447.3 439.5 424.9 424.4 439.2 458.8 475.1 484.7 489.4 493.9 497 497.4 495.2 493.6 492.4 490.8 489.4 489.2 488.4 488.2 488.4 489 489.5 490.1 490.6 492.1 494.5 497.1 499.1 501.1 503.5 507.2 511.4 516 523.1 530.2 536.6 541.2 545.9 548.3 548.7 547.7 544.3 540.4 536.6 532.5 528.9 524.8 519.4 511.3 502.5 493.1 484.3 473.2 462 452.6
623.3 620.2 616.1 612 607.3 602 594.9 587.3 579.4 569.2 560.4 550.4 540.5 530.9 521.4 511.6 500 492.2 482.3 472.3 467.4 460.5 450.1 438.6 424.3 425.6 441 458.5 475.4 485.2 490.1 495.1 498.4 498.6 496.3 493.9 492.1 490.6 489 487.7 487 486.6 487.1 487.6 488.1 488.6 489.2 491.4 494.1 496.1 498.1 500.1 502.4 506.5 510.7 517.3 524.4 531.5 537.3 542.4 547.3 549.5 549.5 548.4 545.5 541.8 537.8 532.9 529.3 525.7 521.6 515.4 506.7 497.8 489 479.5 468.3 459.1
620.6 617.7 613.7 609.6 604.7 599.4 592.7 585.3 576.6 567 558.6 548.2 538.8 529.7 519.9 509.2 498.2 490.4 481.7 471.9 467.1 460.5 446.6 428.1 422.9 426.7 442.4 461.2 476.1 485 490.6 495.9 499.4 499.3 497.3 495 492.5 489.5 487.9 486.2 484.5 484 484.5 485.1 485.9 486.8 488 490.8 493.1 495.2 497.2 499.2 501.7 505.8 512.2 518.9 525.7 532.9 538 543.4 548.7 550.6 550.7 548.9 546.3 542.9 538.2 533.3 529.6 525.8 522.5 517.9 509.5 502.6 493.7 484.9 475.1 464.8
618.1 615.2 611.3 607.1 601.9 596.8 590.6 583.8 573.6 565.3 556.3 546.2 537.3 528.2 518.1 507.5 497.3 487.5 479.9 471.3 465.7 458 443 423.2 421.8 426.9 445.2 462.7 476.8 485.2 491.2 496.3 499.9 499.7 498.4 496.5 493.4 489.8 486.7 485 483.3 481.8 482.7 483.6 484.4 485.3 487.4 490 491.7 493.8 495.8 497.9 501.5 506 513.4 520.1 526.8 533.6 539.4 545 549.7 551.4 552 549.1 545.5 541.6 538.5 533.7 529.9 526.4 524.1 520.5 512.5 505.6 498.7 489.8 480.7 470.1
615.7 612.7 608.8 604.4 599.3 594.2 587.9 581.3 571 562.4 553.7 544.2 535.4 526.1 515.8 505.9 497.5 488.3 477.6 469.2 464.5 458.4 443.2 424 421.2 427.9 447.6 464.3 477.7 486.1 492.1 496.7 500.3 500.4 499.4 497.4 494.3 490.9 486.9 483.9 482.1 480.3 481.2 482.1 482.9 484 486.6 489 490.6 492.4 494.5 497.5 501.8 506 513.2 521.1 527.8 534.2 540.1 545.9 549.9 551.9 552 547.7 543.9 540.4 537.2 534.1 530.4 528 525.7 523 515.4 508.7 502.6 494.8 485.9 475.8
614.1 610.6 606.8 602 596.8 591.5 585.1 578.7 568.9 559.5 550.7 542.5 533.5 525 513.6 504.8 496.7 487.9 477.6 468.3 460.1 454 440.3 425.6 420.5 428.4 449.6 465.9 479.2 487 493.1 497.5 500.5 501.1 500 498.3 495.2 492 487.8 483.6 481.3 478.9 479.8 480.6 481.5 483.2 485.7 487.8 489.4 491 493.5 497.8 502.1 506.4 511.5 520.4 528.7 534.8 540.9 544.7 548.1 550 547.9 545.2 542.3 539 535.9 533.4 531.7 529.5 527.3 525 519 512.8 506.8 499.6 490.9 481
612 608.4 604.8 599.9 594.5 588.6 582.2 575.8 566.8 557.3 548.2 540.5 531.9 521.5 511 504.8 497.1 486.8 478.1 469.2 460.3 453.7 436.9 423.1 419.7 429.3 450.7 466.9 480.8 488.3 493.8 498 500.8 501.6 500.7 499.1 496.1 492.6 488.4 484.2 481 478.3 478.7 479.5 480 482.4 484.8 486.7 488.1 489.5 493.2 497.7 502.2 506.6 510.9 519.1 528.5 535.7 541.1 543.4 545.5 547.6 545.1 542.5 539.7 536.8 535.6 533.3 531.8 530.1 528.2 526 522.1 516.9 510.8 503.1 493.5 486
609.7 606.1 602.5 597.6 592.3 586.5 580.1 572.7 563.7 554.5 545.3 537.6 529.3 519.5 509.7 503.5 496.4 488.1 479.4 469.3 460.6 451.3 435 420.2 419.7 431.6 451.5 468.6 481.1 488.6 494.2 498.6 500.8 502 501.2 500 496.9 493 488.8 484.6 481 478.3 477.4 478.1 478.1 481.2 483.4 484.2 485.8 489.5 493.1 496.1 500.2 504.7 510.2 519 528 533.7 538.5 541.2 543.3 545.1 542.5 539.9 537 535.5 535.2 533.1 531.6 530.6 528.6 526.6 523.6 518.9 513.5 507.1 500 488.9
607.3 602.6 599.2 595.6 590.3 584.4 577.6 569.3 560.3 551.3 542.2 536.9 528.1 518.8 509.5 500.8 493.7 487.2 480.3 469.9 460.8 447.6 435.3 418.6 419.6 434.1 452.9 469.6 481.1 489.1 494.4 498.9 500.9 501.5 501 500.3 497.6 493.5 489.3 484.8 481.2 478.3 476.2 476.2 477.1 480 480.7 483.5 485.6 489.3 493.1 496.4 499.3 503.8 509.9 518.8 526.4 531.6 535.7 538.9 540.7 542.1 539.8 537.2 534.6 534.2 533.9 533 531.4 530.5 529.1 527 524.8 520.4 515.1 510 503.4 496.4
604.7 599.8 596.2 592.5 588.1 581.9 575 566 557.1 548.9 541.1 534 526 517.1 507.9 498.4 490.3 481.8 475.6 468.4 458.6 443.8 429.9 417.3 419.8 437.3 455.2 470.4 480.2 488.6 494.2 498 501.1 501 500.7 499.8 497.2 494 489.8 485.2 481.6 478.3 476.2 474.8 475.1 476.9 479.5 482.7 485.3 489.1 493 496.2 498.5 502.6 508.9 518.5 523.6 528.1 531.8 535 536.9 538 537.2 534.5 533.2 532.9 532.6 532.3 531.2 530.2 529.3 527.4 525.3 522.2 517 511 505.1 499.3
602.2 597.5 593.4 589.8 585.4 579 572 564.4 556.2 547.6 539.7 531.2 523 514.8 506 498 489.6 478.6 471.2 463.6 455 439.9 422.2 416.1 420.5 440 456.5 471.5 480.6 488.3 493.5 497.2 500.3 500.3 500 499.3 496.4 493.6 490 485.6 482 478.4 475.9 474 473.5 475.3 481.9 481 485.6 489.4 492.4 495.2 497.5 501.6 507.7 514.3 520 523.9 527.8 531 532.6 534.3 533.8 532.1 532.1 531.9 531.7 531.5 531.3 530.4 529.7 528.6 526.3 524 518.4 512.5 506.9 501.3
599.6 595.4 590.7 587.2 582.4 575.6 568.7 560.9 554.1 546.7 537.7 528.4 520.4 512.4 505.6 498.7 490.3 476.7 469.1 460.4 451 436.3 422.3 417.1 419.9 441 457.5 471.3 480.9 487.4 492.5 496.4 499.4 499.4 499.2 498.1 496.3 493.4 489.2 485.8 482.2 478.6 475.5 473.7 472 475 477.6 481.8 485.6 488.5 491.3 494.1 497.6 501.3 506.1 512 516 519.8 523.7 526.9 527.7 529.5 530.3 530 530.4 531.1 531.4 531.7 531.5 530.9 530.2 529.1 527.8 525.4 520.6 515 509.3 503.7
597 593.9 589.4 585.4 579.6 572.7 565.6 558.6 551.7 543 533.3 526.8 518.2 510.7 503.3 495.6 488.7 476.8 466.8 457.9 447 433.7 423.7 415.3 421.9 441.6 457.9 471.6 480.5 486.5 491.3 495.4 497.5 498.6 498 496.8 495.7 492.5 488.5 485.5 482.4 478.8 475 473.2 471.5 473.3 476.9 481.1 484.7 487.6 490.4 493.5 497.1 500.8 505.1 510.5 515.4 517.4 519.9 522.7 523.8 525.1 527.4 528 528.4 529 530.6 531.5 532.1 531.6 530.7 529.6 528.5 526.8 522.7 517.2 511.8 506.2
594 591.7 588 582.9 577.2 570.1 562.9 555.7 548.7 540.9 530.7 523.7 515.8 508.4 500.3 492.5 487 478.5 465 455.7 444.4 431.8 421.8 415.7 424.5 441 458.6 471.6 480.4 486.2 490.5 494 495.8 497.5 496.8 495.8 494.6 491.8 487.7 485.2 482.1 478.1 474.5 472.8 471.2 471.8 476 480.4 484.1 487.1 490 493.4 496.9 500.5 504.5 508.8 513.8 516.7 518.5 520.1 521.5 522.7 524.1 525.7 526.9 529.1 530.1 531 531.9 532.2 531.3 530.5 529.7 527.8 524.4 519.4 513.9 508.4
590.3 588.9 585.3 580.3 574.7 567.4 560.1 552.8 545.6 538.6 530.5 521.4 514.6 506.2 499.3 491.8 483.8 477.5 463.7 454.1 443 429.8 419.5 413.7 423.9 440.6 457.9 470.8 479.2 485.5 490 492.6 494.2 495.3 495.8 494.8 493.3 491.1 487.7 484.4 480.6 477 474 472.5 470.8 470.3 474.7 478.9 482.9 486.2 489.8 493.3 496.8 500.4 505 509.5 513.7 515.4 517.1 518.7 520.1 521.1 522.2 523.6 525.6 527.5 529.1 530 531 532.4 532.8 532.5 531.4 528.3 525.3 521.5 515.9 510.1
586.2 584.7 582.5 578.1 571.7 564.5 557.5 550.5 544.5 537.2 529.5 522 513.5 504.8 496.2 489 481.9 473.8 462.1 448.8 436.9 428.2 411 413.8 425.8 444.7 459.6 471.2 478.8 485 489.5 490.8 492 493.2 494.4 493.7 491.9 490.2 486.9 483.6 480.2 476.9 474 471.7 470.2 468.7 472.4 476.5 480.8 484.2 488.3 492.5 496.6 500.3 505.6 510.4 512.3 513.8 515.4 517 517.3 518.3 519.7 521.7 523.8 525.9 527.8 529.1 530 531.6 533.5 532.9 532.3 530.6 527.5 523.4 518 511.9
