data/NN78.asc
ncols 200
nrows 200
xllcorner 270000
yllcorner 780000
cellsize 50
[rows 0 to 34 of 200, columns 78 to 155 of 200]
505.4 513.2 517.8 521.5 524.3 526.9 529.8 533.3 536.7 538.9 538.4 536.8 533.8 529.1 522.4 515.5 510.8 503.7 495.8 494 493 489.2 483.4 476.1 469.6 460.9 452.6 438.2 408.9 426.7 428.2 422.3 436.2 448.4 451.6 450.8 447.7 445.6 444.4 440.5 437.3 433.3 427.3 417.3 403 399.7 398.3 396.6 394 391 389.2 390.2 403.9 428.5 439.8 439.3 437.4 434.2 416.2 421.6 432.7 444.3 459.2 469.5 477.6 483.7 487.9 491.5 495.2 502.7 510 517.6 522 526.2 530.6 535 537 539.7
516.9 523.8 527.4 531.3 535.4 539.4 542.4 543.2 545.5 547 545.4 542 538.1 533.1 528.1 523 517.7 511 500.7 502.3 497 492 484.7 476.8 468.9 461.7 449.8 425.9 420.5 428.9 429.4 425.6 439.2 449.2 452.4 452 449.8 448.9 448.2 443.4 440.9 438.3 433.6 426.6 416.1 403.9 399.2 398.4 398.4 389.8 390.9 390.7 396.5 418.4 439.7 445 444.5 440 436.1 424.1 414.5 422.4 440.8 453.7 462.1 469.4 473 476.8 480.7 486.3 494.8 503 508.9 513 517.7 522.9 524.2 526.5
528.4 534.6 539 543 546.9 550.6 551.8 552.8 552.5 552.2 550.1 545.8 542 537.1 533.5 528.8 524.5 515.8 508.8 508.6 501.2 493 485.9 476.4 468.1 458.9 445.5 425.3 428.5 431 426.3 427.6 443.3 451.4 453.6 453.5 451.7 451.3 450.6 447.4 444.3 442 438.8 430 422.3 407.1 400.7 399.9 399.1 390.3 391.3 391.9 393.6 406.3 429.1 445.8 446.8 446.6 445.7 439.3 414.9 416.9 426.1 437.6 446.1 452.9 456.7 462.4 468.2 474.6 483.7 492 496 500.1 505.1 509 511.3 514
539.6 545.1 550.5 553.8 557.2 559.7 560.4 559.6 557.3 555.6 552.7 549.3 545.8 541.8 537.9 534.6 530 521.7 515.1 512 504.4 496.3 486.5 473.4 465.5 448.4 435.8 418.6 434.5 433.2 430.2 434.5 447.1 454.7 456.6 455.4 453.6 452.5 451.3 449.5 447.5 444.9 441.2 436.2 433.5 415.5 402.2 401.1 396.2 391.8 393.3 392.4 393.4 403.8 423.3 447.8 449.1 449.9 449.9 448 435.9 418.9 420.4 429.9 436.6 442.4 449.9 452.6 457 463.1 470.1 479.2 485 489.5 492.3 495.1 497.8 501.3
551.1 555.2 559.1 562.1 564.3 566.8 567.7 565.2 560.3 557 553.9 550.4 547.1 544.5 541 537.2 532.1 526.3 518.8 513.8 507.7 495.3 480.5 472.1 454.3 435.3 428.3 417.3 429.3 433.1 438.3 442.3 448.4 455.8 459.5 457.8 455.5 453.8 452.3 450.7 449.3 446.7 442 441.1 436.8 423.3 405.5 401.1 393.8 392.1 393.3 394.2 397.4 403.2 421.4 444.7 450.9 451.7 451.3 451.6 446.6 440.3 423.5 420.7 426 434.9 445.5 448.5 450.9 453.1 459.8 467.5 475.5 479.1 481.9 485.1 486.9 490.4
559 562.7 566 568.8 570.3 572.6 573.7 566.9 561.5 558.1 554.6 551.5 548.8 546.3 543.4 538.5 533.9 528.5 521 514.7 508.5 493.1 478.4 468.3 446.4 430.4 419.3 424.3 436.5 442.8 448.4 448.4 450.9 458.5 460.8 460 457.4 455.7 454.2 452.8 451.5 449 445.7 444.9 441.5 431.8 411.7 401.7 394.5 392.8 394.7 397.5 403.1 412 434.4 450.5 451.9 451.5 452 452.5 450 447.7 441.4 419.3 423 425.8 431 443.7 448.2 449.6 452.7 459.9 466 469 472.3 475.9 477.5 480.2
564.9 568.9 570 570.4 570.6 570.7 570.4 564.5 560.4 557.1 554.9 552 549 546.5 543.4 539.2 534.5 529.2 523.1 514.2 506.7 491.1 476 458.7 443.6 423.3 421.7 436.5 448.9 456 455.4 451.9 454.2 460.8 461.5 460.6 459.4 458.2 456.7 454.8 454.9 452.6 449.6 447.8 445.3 436.4 417.6 403.4 395.4 393.5 395.5 398.4 409.6 418.2 440.8 450.6 451.7 452 452.8 453.4 451.4 451 449 436 426.7 420.9 426.8 431.8 441.1 443.4 446.2 448.7 454.1 459.7 461.6 464.6 468.2 470.7
569.4 570.9 570.1 569.1 567.4 565.8 563.5 561.2 558.3 555.2 553.4 551.6 549.2 546.4 542.8 538.9 534.2 528.2 521.3 511.2 502.2 487.5 473.4 450.9 430.7 422.7 426.2 446.2 456.4 460.1 457.3 456.2 458.5 463.7 464.7 463.6 462.1 460.8 459.1 456.8 456.1 455.7 452.4 450.2 447.9 440.6 421.5 403.6 396.5 394.9 400.9 406.3 418.9 430.3 438.2 442.6 451 452.7 453.5 454.3 453.2 452.6 450.9 449.2 447.3 441 423.4 428.2 431 436.7 441.9 444.3 446.5 450.1 453.4 456.7 459.7 462.6
570.5 569.8 569 566.6 564.3 562.2 561.2 558.7 556.1 554.1 552.5 549.8 546.5 543.6 539.2 535.3 530.9 525.6 519.1 508.8 498.2 484 467.8 443 433.9 425.2 431.7 452 458.9 462.1 459.3 459.2 463.5 467.2 467.6 466.7 465.1 463.6 461.8 460.2 458.6 457.5 455.5 452.5 449.8 439.7 420.2 406.8 397.8 394.9 406.1 408.7 421.4 436.1 450.7 449.9 449.3 452.5 453.4 454.9 454.8 454.2 452.5 451.4 449.6 447.2 425.1 425.9 429.2 433.1 445.5 448.5 447.2 446.9 448.6 450.6 453.4 456.2
570.8 569.7 567.8 564.8 561.9 559.8 558.8 556.3 554 552.9 550.5 547.3 543.9 540.8 535.8 531.3 526.8 521.4 512.6 503 493.1 479.6 457 436.1 432.5 433.5 441.5 448.7 461.8 464.2 463 462.3 467.8 470.9 470.5 469.8 468.3 466.9 466.2 464 461.7 460.3 458.7 455.8 452.8 446.5 426.8 408 399.2 395.3 409.2 412.3 425 447.1 453.1 453.2 452.3 452.9 453.5 454.6 456.4 455.8 454.3 452.9 451.8 450.2 440 425.6 427.5 429.1 432.1 442.1 447.2 447.4 447.9 447.7 450 453.2
571.1 569.9 568 564.8 561.7 559.1 557.3 554.2 552.5 550.3 548.2 544.8 541.3 536.1 529.5 524.6 520.2 513.1 500.2 491.7 480.5 466.5 444 432.4 427.6 447.9 450.5 439.7 455.3 465 465.4 468.6 473.2 473.6 473.7 473.1 472 471 470.6 467.8 464.5 463.2 461.3 459.2 456.1 450.9 432.2 411.7 398.6 396.8 411.4 414.8 427.7 449.3 455.3 455.8 455.1 453.5 453.9 454.6 457.6 457.6 455.9 454.2 453.2 452.2 450.7 443.5 428.9 427.4 428 429 438.9 447.5 448.8 448.9 450.2 450.5
571.5 570 568.5 565.8 563.2 560.4 557.8 555.4 553.2 549.8 545.4 541 537 531 523 513.1 502.1 491.1 483.7 472.9 460.8 449.7 439.3 444.2 454.7 459 460.7 449.8 443.8 461.3 469.3 473.5 476.5 477.3 476.7 476.2 475.8 475.3 474.8 471.7 468.4 466 464.1 463.5 461.5 454.8 432.1 416 398.9 399.2 411.7 415.9 427.3 452.3 456.8 456.6 455.6 454.2 454.6 455.3 457.9 459.5 457.5 455.6 454.6 453.6 451.5 449.5 448.9 431.7 430.5 429.9 430.3 432.6 442.2 450.6 448.4 449.9
572.7 570.9 569.2 567.6 565.1 561.9 558.8 556.1 553.6 550.5 548.1 545 541.8 536 528.4 519.6 511.3 502.9 492.1 482.9 466 441.8 434.4 456.7 465.9 464.1 465.5 462.6 447.3 457.7 467.8 477.3 480.5 481.4 481 480.5 480 479.4 477.9 474.1 470.3 468.5 468.2 467.3 465.7 457.7 438.9 418.6 397.8 402.7 414.5 417.3 426.9 450.7 458 456.8 455.7 456.2 456.4 457.3 459.4 461.9 460.1 457.2 456.1 455 453.5 451.4 449 443.9 440.7 431.9 431.6 431.5 433.2 434.8 434.1 435.2
573.5 571.8 570.7 568.8 566.2 563.1 560 557.5 556.4 552.6 549.7 545.8 542.7 538.1 531.3 523.9 516.4 506.1 492.9 474.6 450.2 438.7 452.5 468.2 471.1 468.6 468.3 457.4 463.5 467.5 471.9 479.5 484.9 485.8 485.3 484.4 483.5 482.5 480.9 476.3 471.9 470.2 469.2 469.6 468 458 436.1 409.1 400.3 408.5 414 418.6 424.3 438.4 454.1 457.2 457.8 460.2 459.9 459.8 462.1 464.2 462.5 458.9 459.4 459 456.7 452.4 445.1 438.7 449 447.8 439.3 431.6 432.7 434.1 435 435.5
574.7 572.8 571.4 569.7 567.1 564 561.6 559.4 557.4 555.3 551.8 546.4 542 538.2 531.6 525.2 515.5 500.9 481.2 457.1 442.4 442.2 466.7 472.3 473.7 470.9 470.6 457.4 474.8 473.4 476 483.9 490.4 490.2 488.7 487.5 486.6 485.6 483.7 478.9 473.9 471.7 470.3 470 468 453.7 429.2 400.9 401.9 409.7 414.5 419.9 425.8 452.5 459.3 458.3 460.8 463.1 463.8 464 464.4 465.9 462.6 460.1 460.6 461.2 459.7 453 451.3 450.6 450 448.6 446.9 442.9 435.9 435.5 436.6 437.5
575.9 574.4 572.4 570.6 568 565.4 563 560.2 557.8 555.7 552.3 546.9 540.4 531.9 523 514.2 506.7 490 468.2 447 443.4 454.9 476.1 476.6 477.2 478.3 474.2 459.8 476.8 482.2 480.6 489.9 495 495 493.4 491.9 490.3 488.8 486.5 480.8 476.2 473.7 471.5 460.4 454.4 450.2 429.9 401.2 402.8 412 417.9 421.5 428.7 456.4 461.6 460.6 464 465.4 466.4 466.6 466.2 466.4 462.8 461.4 462.2 462.8 460.2 455.6 455.2 453.5 452.1 450.5 448.9 444.6 438.3 441.7 439.5 439.2
576.6 574.9 573.8 571.7 569.7 567.1 565 562.4 558.7 555.7 552.2 546.5 534.9 527.3 517.3 503.1 492.5 474.1 447.6 447.7 449 471.2 481.5 482.5 481.8 481.5 472.9 472.2 472.3 483.1 489.8 494.4 500.3 499.9 498.1 496.6 494.9 492.8 489.4 483.9 479.4 476.2 469.4 469.7 457 435.7 419.7 403.2 403.7 411.9 419 419.6 430.5 458.1 464.9 462.2 466.8 467.3 467.8 467.5 467.1 467.2 464.4 462.7 464.5 464.4 459.1 462 460.4 458.2 455.1 452.7 450.8 442.3 443.2 448.9 444.1 443.2
579.1 577.1 575 573.2 571.3 569.6 567.4 563.9 560.3 556.6 551.5 541.4 529.8 523.6 512.9 503.5 481.3 455.4 450.5 452.6 453.8 479.7 484.8 486.8 487.2 486.9 484.2 473.6 475.6 483.5 494.5 501.5 506.1 506.1 503.4 500.6 498.4 496 492.2 487.3 482.5 479 477.5 473.6 464.7 452.2 431.3 410.3 402.8 407.7 420.1 420.5 430.8 457.6 467.2 464.2 467.6 468.8 469.1 468.6 468.6 469.2 466.4 467.6 466.9 466.3 460 465.4 465 462.6 459.5 456.1 453.1 442.7 452.2 451.8 447.1 446.7
583.3 581.2 578 575.6 574.2 571.5 568.9 565 560.9 555.6 549.4 537.5 524.8 512.6 500.1 483.7 463.6 453 455.6 466.4 467.5 472 491 492.2 492.2 491.6 491.8 485.5 476.6 494 501.6 507.7 511.5 511 508.1 504.8 502.5 499 495.1 490.4 486.4 484 484 478.9 467.2 458.6 447.3 431.9 409.3 402.9 419.2 421.4 433.2 457.2 465.6 464.7 468.3 469.7 470.3 470.3 470.2 470.1 471.6 473.2 471.3 468.4 461.7 467.8 468.4 465.7 462.4 461 454.8 448.5 456.1 450.2 452.2 450.7
586.4 583.9 581 578.4 576.7 574 570.5 566.7 561.4 554.2 545.7 535.2 522.6 511.5 491.3 473 457.7 463.3 470 482.4 489.7 470.1 496.7 497.5 495.9 494.8 493.7 483.9 484.3 500.2 507.8 513.4 517.3 515.2 512.1 509.1 505.7 502.1 498.5 495.1 492.8 490.1 488.6 484.8 481.3 468.6 453.2 436.1 430.4 415.5 403.9 423 436.6 452.5 466.2 466.5 468.9 470.4 470.1 470.2 470.5 470.7 478.6 479.5 475 467.8 467.5 471.1 470.8 469 465.4 463.4 456.8 457.8 456 454 458.3 457.1
589.1 586.3 583.4 580.7 578.2 575.8 571.5 565.5 557.4 546.4 543.1 532.7 516.1 497.8 479.1 462.2 464.4 478.6 489.7 497.7 502 478.1 502.9 500.8 498.1 493.6 488.9 484.2 483 500.8 513.2 519.8 521.5 519.2 516.2 512.7 509 505.8 502.2 499.9 497.3 493.7 491 489.6 488.7 479.3 461.5 443.3 434.7 423.5 417.9 406.7 435.3 455.4 463.6 471.2 469.4 468.3 469.4 470.6 471 481.2 484.3 481 472.3 473.4 473 473 473 471.7 468.9 464.6 459 461.3 458.6 459.3 463.2 463.9
591.2 588.4 585.9 583.4 581.1 578.9 574.1 567.6 560.5 548.3 533.3 522.4 508.1 489.5 469.4 465 485.6 498.8 505.6 511.5 509.1 484.7 505.1 501.8 498.7 491.1 496.9 500.1 503.5 499.9 518.3 524.1 525.1 523.2 519.7 516.3 512.4 509.1 506.4 503.8 501.1 497.9 495.1 492.7 495.2 489.8 476.2 453.9 433.5 425.4 424.3 417.1 423.5 454.2 464.2 468.7 465.4 467.5 469.3 471.8 478.1 488.5 487 478.5 475.6 478.1 473.8 474.1 474.3 473.1 470.3 468.6 461.8 462.6 469 470.5 470.1 471.1
593.7 589.8 586.9 585.2 582.7 579.9 575.1 568.4 557.8 546.3 532.8 518.4 502.3 481.8 469.4 486.6 506.4 514.9 517.7 517.1 514.5 503 497.9 503 498.6 497.9 499.2 502.8 510.7 517.5 521.2 527.2 529.8 526.3 522.9 519.7 516.4 513.6 510.7 507.8 505 502.9 501.3 496.6 501.6 496 482.5 457.7 436.1 427.5 425.3 423.8 410.9 443 454.6 464.2 468.4 470.7 473.5 480.4 481 491.2 491 477.2 481.7 486.7 482.2 475.8 474.7 475.2 474.2 473.6 466 473.1 475.3 476.5 476.9 478.4
596 592.2 588.8 586.2 583 579.3 574.2 565.7 553.3 540.1 528.1 513.3 499.7 471.6 485.1 503.8 520.5 523.7 522.1 520 516.8 505 501.4 503.8 500.2 501.9 501 508 516.5 524.4 530.8 531.5 532.4 529.5 526.5 522.9 519.6 517.5 515.7 514 511.6 510.3 505 500.2 501.7 494.7 479 452.5 434.1 428.6 426.1 423.5 410.6 447.5 469.6 475.2 478.1 479.5 481.6 485.4 483.9 491.4 491.7 478.8 485.9 491.3 489.4 488.5 484.7 483 480.8 476.9 465.1 479.8 482.8 483.8 485 485.3
597.8 593.6 589.4 586.1 582.4 578.5 572.2 559.7 546.3 534.8 523.7 510.1 496.6 470.7 492.5 518.9 528.9 527.9 525.2 521.8 517.8 509 497.6 506.4 505.8 506.4 508 513.3 521.4 530 536.4 539 535.3 533.3 530.2 525.9 522.5 520.7 522.3 523.4 518.9 515.7 510.1 503.2 503.5 494.3 478.4 452.2 435.6 421.2 416.4 412.2 430.4 455.6 477.4 490.9 492.5 490.6 491 489.5 485.6 493.1 494.8 480.8 485.2 493.8 492.9 492.8 492 490.3 489.1 477.9 473.6 486.8 491.5 493 493.8 493.3
599.2 594.9 590.5 585.4 581.8 576.9 568.4 555 540.7 530.2 518.1 507 490.9 475.4 494.9 523.9 532 530.2 526.3 522.4 519.2 515.1 499.8 504 508.5 510.3 512.6 519.3 526.7 534.8 541.2 543.2 540.8 537.9 533.3 529.1 526.1 524.7 529.6 528.4 521 516.8 513 503.6 504.6 489.3 483 458.7 430.8 415.8 413.6 426.6 436.6 459.8 485.6 499.4 503.2 501.6 497.8 493.6 488.8 496.2 496.7 483.9 483.7 493.2 497 497.2 496.5 496.6 495.4 480.4 477 495.7 502.5 503.3 503.8 502
600.4 596 590.1 584.6 578.3 572.6 562.8 548.8 535.4 524.4 513.5 500.2 483.5 487.6 508.7 527 533.3 530.5 526.9 524.4 521.4 517.3 512.4 510.4 506.7 515.3 518.2 524.8 532.4 539.8 545.3 546.9 545 541.2 536.6 532.6 528.8 529.5 532.5 530.9 519.7 510.7 505.3 502.1 501.4 483.6 478.7 450.5 421.1 414.8 418.7 428.1 440.9 465.5 487.4 500.3 509.2 507.5 502.2 496.1 491.9 495.8 497.8 488.7 484.1 492.4 500.6 501.9 501 501.8 500.6 473.5 487.8 497.7 511.5 514.7 516.8 513.7
599.3 593.8 588.4 582 574.2 566.9 556.1 542.8 530.9 519.8 507.6 494 485.3 497.4 518.2 526.3 531.1 531.1 528.9 526.3 523.4 521 520.9 519 510.1 517.3 523.7 529.9 537 544.2 548.6 550.2 548.7 543.8 538.9 534.1 530.7 531.2 532.5 532 518.6 506.5 496.3 496 488 466.4 461 443.1 421.1 417.6 424.1 429.4 446.7 473.5 490.4 502 510.6 506 504.4 503 493.2 494 500.5 494 485.8 493.4 504 506.7 507.6 507.6 506.3 476.6 489.5 510.5 517.6 522.2 525 523.3
597.4 591.2 583.7 577.1 569.6 559.4 548.9 537.5 527.3 514.8 503.3 489.8 491.2 510.8 520.7 525.6 528.9 530.9 529.9 528 526.3 525.2 524.5 522.3 514.7 521.8 527.5 533.4 540.7 547.2 551.3 552.8 550.3 546 540.2 535.4 532.1 530.2 530.8 527.7 519 507.6 497.7 490.7 484.1 481.4 455.6 435.8 426 417.2 429.1 430.9 451.5 480.7 494.4 505.4 512.3 506 504.6 507.6 498.4 498.1 505.1 499.7 488.3 491.8 505 510.2 514.2 514.1 512.2 482.5 498 515.3 523.4 526.9 530 530.1
595.3 587.9 579.7 571.5 563.1 553.5 543.8 534.2 521.3 508.3 498.1 487.6 504.4 513.3 519.6 525.3 529 531.4 530.8 529.8 528.7 528.7 527.9 526.8 521.6 525.2 530.5 536.7 544.4 549.4 552.9 555.1 551.7 548 542.6 537.2 533.1 531.2 529.8 527.7 520.1 505.3 494 490.9 484.2 469.8 443.6 426.1 422 417.1 431 435.1 450.8 474.4 492.5 509.1 517.9 512.6 509.2 506.7 499.4 502.6 511.6 507.1 495.6 491.1 501.2 514.6 521.4 522 518.3 486 497 515.4 526.9 530.8 532.4 532.8
591.7 584.4 574.8 564.7 557.2 548.5 540.5 528.3 515.2 506.8 490.1 493.9 503.9 514 520.4 527.2 529.9 532.3 533.6 532.4 531.8 532.3 531.4 530.3 525.1 528.8 533.1 540.3 547.2 552.5 555.1 557.2 553.6 550 545.6 540.2 535 532.6 531 528.8 522.9 510.4 498 475.6 468.9 455.6 434.6 427.5 420.1 417.8 432.1 438 453.2 480.4 495.3 511.1 521.4 517.8 513.1 505.3 503.2 514.1 518.7 516.7 508.5 497.2 496 508.8 525.3 529.1 524.7 502.8 490.6 513.2 527.9 533.1 533.8 533.5
589 582.3 574.5 565.3 555.8 546.6 534.6 522.6 515.1 496.2 497.2 496.6 501.5 510.5 521 530.1 533.6 537 537.6 536.9 536.7 535.4 534.1 533 529.6 531.4 535.5 542.7 549.5 554.7 558.2 559.2 555.8 551.9 547.9 543.1 538.2 534.5 532.3 530.3 525.1 511.1 499.7 484.6 468.2 449.3 435.4 428.6 418.7 424.2 434.8 443.1 458.2 479.4 500.1 514.2 523.1 522.8 517.5 506.5 510.5 525.4 533 527.7 519.7 510.6 500.5 497.9 510.8 525.1 528.7 512.3 487.2 513.5 528.1 535.1 534.7 535.7
588.2 581.5 573.8 564.7 553.8 544.6 532 519.4 502 503.6 503.7 505.4 512.9 521.4 529.2 534.1 540.2 541.8 541.7 540.9 540 538.7 537.1 535.2 531.2 534.1 537.8 544.6 550.8 555.3 560.1 562 558.4 553.8 549.9 546 541.2 536 533.2 531.1 524.9 510.1 497.8 481.4 461.4 445.5 433.8 428.6 419.7 426.9 435.4 446.8 465 486.6 501.5 515.4 525.9 528.2 521.2 513.5 517.8 531.9 539.7 535 527.4 522.4 515 502 501.7 516.5 527.5 519.1 489.1 506.2 527.4 533 535.9 537.8
586.6 579.6 570.2 562.6 548.8 535.5 521.5 509.3 505.9 511.7 513.4 516.6 526.9 533.5 539 540.9 544 545.8 545.1 543.9 543 540.5 538.6 536.8 535.3 538.1 540.6 546.5 551.3 556 560.8 564.7 561.4 556.2 552.1 548.3 544 538.7 534.3 531.4 518.7 498.6 483.5 471.4 452.4 441 436.8 430.6 420.9 427.7 436.5 456.4 479.8 496.9 512.9 524.2 531.2 533.2 531.6 525.1 526.7 535.6 538.3 535.5 532.6 531.4 528.5 515.9 501.4 510 524 519.6 500.4 507.1 526 533.7 537.3 539.2
581.3 573.5 565.1 553.7 539.4 522.4 510.4 504.3 516.3 522.1 527.3 533.1 540 543.7 546.4 547.4 547.7 549.4 548.7 546.8 545.9 543.4 540.8 538.8 538.9 540.2 543.2 548.4 552.4 556.3 561.3 566.3 564 559.3 555.1 550.6 546.6 541.6 535.8 531.8 519.6 498.3 480.5 459.5 447.3 441.5 439.5 434.9 420.9 427.8 439.5 464.6 492.6 512 524.8 532.1 536.6 538.2 537.5 531.5 533.2 538.4 537.1 536.9 536.3 537.7 537.5 523.8 506.9 508.3 523.5 521.3 511.3 496.1 522.8 533 537.9 541.4
