data/NN79.asc
ncols 200
nrows 200
xllcorner 270000
yllcorner 790000
cellsize 50
[rows 0 to 34 of 200, columns 78 to 155 of 200]
225 224.8 224.7 224.6 224.6 224.5 224.3 224.1 223.8 223.6 223.4 223.3 223.2 223.2 223.1 223 222.9 222.7 222.5 222.4 222.2 222.3 222.5 222.5 222.5 222.5 222.1 221.6 221.5 221.6 221.5 221.5 221.5 221.5 221.5 221.8 221.7 221.5 221.4 221.4 221.6 220.4 220.4 220.8 221.8 221.6 226.9 221.2 220.5 220.4 220.3 220.2 220.1 220.2 220.4 220.6 220.2 220.2 220.2 220.3 220.3 220.3 220.3 220.4 220.2 220.3 220.3 220.3 219.9 220.5 220.5 221 223 225 230.2 243.4 246 247.2
225.1 225 224.8 224.8 224.6 224.5 224.3 224.1 223.9 223.7 223.6 223.4 223.4 223.5 223.3 223.1 222.8 222.7 222.6 222.5 222.4 222.5 222.6 222.6 222.6 222.6 222.4 221.9 221.5 221.6 221.6 221.6 221.8 221.8 221.6 221.4 221.5 221.5 221.5 221.5 221.5 220.4 221.5 221.7 221.8 223.8 221.3 221.2 220.8 220.4 220.3 220.1 220.2 220.4 220.6 220.6 220.5 220.4 220.3 220.3 220.3 220.3 220.2 220.4 220.5 220.6 220.6 220.5 227.2 221.7 224.8 227 236.5 233.8 246.2 241.4 247.5 247.9
225.3 225.3 225.3 224.7 224.6 224.5 224.3 224.1 224 223.8 223.7 223.5 223.6 223.5 223.4 223.1 222.8 222.7 222.7 222.7 222.7 222.7 222.8 222.9 222.7 222.7 222.5 222.2 221.8 221.8 221.9 222.3 222.4 222.3 222.2 222 221.6 221.7 221.7 221.6 221.6 220.4 221.4 221.6 221.7 226.1 221.5 221.1 220.7 220.4 220.2 220.2 220.3 220.5 220.5 220.7 220.6 220.6 220.5 220.4 220.3 220.4 220.4 220.5 220.7 220.8 221.1 229.9 242 239.2 235.9 243.2 245.4 246.5 247.5 247.7 248.9 248.7
225.6 225.7 225.7 225.3 225.1 224.9 224.8 224.5 224.1 223.8 223.6 223.7 223.5 223.4 223.3 223.1 222.9 222.9 223 223 223 223.1 223.3 223.3 223.3 222.9 222.7 222.5 222.2 223.2 223.5 222.9 223.4 222.8 222.9 222.8 222.2 222.5 222.3 222.4 224 220.4 221.5 221.8 229.2 221.5 221.4 221.1 220.6 220.8 221.6 221.3 220.3 220.6 220.9 221.1 221.2 221.1 221.1 220.9 220.7 221 221.1 221.1 220.9 221.8 227.7 242.5 244 245.1 241.5 239.3 245.3 247.7 248.8 249 249.2 249.1
226.4 226.3 226.1 226 225.7 225.3 225 224.6 224.3 224.2 223.9 223.7 223.6 223.5 223.3 223.2 223.2 223.3 223.4 223.4 223.5 223.6 223.6 223.7 223.7 223.6 223.3 222.9 222.6 223.8 225.4 225.3 224.2 223.8 223.7 223.7 223.5 223.4 223.2 223 222.6 222.4 222.7 229.1 224 223.1 222.7 222.5 222.4 222.1 236.5 231.2 222.9 221.5 221.6 221.7 221.9 222 222.2 222.2 222.1 221.9 221.8 222 223.3 227.9 227.5 244 244.8 245.2 239.9 239.3 246.7 249.1 249.8 250.1 250.2 250.5
226.5 226.4 226.3 226.1 225.9 225.5 225.2 224.9 224.5 224.5 224.3 224 223.8 223.7 223.6 223.5 223.5 223.6 223.7 223.8 223.9 223.9 223.8 223.8 223.8 223.9 223.7 223.3 223 224.5 225.1 225 224.3 223.4 223.4 223.4 223.5 223.4 223.2 222.8 222.4 223.4 226.4 226.7 224.2 223.4 223.1 223.1 222.7 222.3 222.2 233.5 225.2 223.6 223 222.8 222.9 223.1 223.8 224.2 224 223 223.1 223.6 228.4 234.1 235 238.9 241.4 240.3 239.7 241 246.9 249.6 254.4 251.5 251.1 251.2
226.6 226.5 226.4 226.2 226 225.7 225.4 225.1 224.7 224.7 224.7 224.4 224.1 223.9 223.8 223.8 223.8 223.9 224 224.2 224.3 224.1 223.9 223.9 223.9 224.1 224.1 223.7 223.5 225.1 224.8 224.6 223.9 223.3 223.1 223.4 223.5 223.3 223.2 222.7 223 230.9 230.4 225.4 224.3 223.9 223.5 223.7 223.2 222.6 222.2 224.9 231.6 232.1 226.2 225.1 224.6 224.4 224.9 224.8 224.3 225.7 235.6 230.3 239 244.5 239.5 245.5 244 240.2 239.9 245.2 247.8 256.8 261.9 261 254.2 251.8
226.7 226.6 226.5 226.3 226.2 225.9 225.6 225.3 224.9 225 225.1 224.8 224.5 224.2 224 224.1 224.1 224.2 224.3 224.4 224.4 224.2 224.1 224 224.1 224.2 224.3 224.1 224.2 225 224.5 224.2 223.5 223 223.2 223.5 223.4 223.3 223.1 222.8 233.1 235 237 237.5 232.1 224.5 223.9 224.1 224.8 224.6 227.9 233.2 236.3 236.7 232.5 228.6 228.2 227 225.9 226 229.8 237.5 234.6 245.9 258.7 254.7 246.3 246.7 243.8 244.6 243.3 246.7 248 255.2 263.3 261.7 256.5 252.5
226.9 226.7 226.6 226.5 226.3 226 225.8 225.5 225.1 225.2 225.5 225.2 224.9 224.6 224.4 224.5 224.7 224.5 224.6 224.7 224.6 224.3 224.2 224.1 224.2 224.3 224.5 224.5 224.8 224.7 224.3 223.8 223.3 223.2 223.4 223.6 223.4 231.8 231.5 233.8 235.2 235.9 237.1 237.2 237.6 237.7 226.2 224.9 228.6 232.5 235.8 237.2 237.7 237.7 237 234 234.8 233 228 227.8 234.8 239.7 252.4 260.2 260.9 254.7 248.3 247 244.9 244.7 245.6 247.1 252.5 258.9 264.2 264.2 262.1 257.3
227.1 226.9 226.7 226.6 226.4 226.2 225.9 225.6 225.3 225.4 225.9 225.9 225.9 225.9 225.2 225.1 225.2 224.9 224.9 224.9 224.7 224.5 224.3 224.2 224.3 224.5 224.6 224.6 224.7 224.6 224.5 223.9 223.3 223.3 223.5 223.5 223.3 239.8 238.1 236.3 236.2 236.7 237.4 237.3 237.7 237.9 234.7 235 236.1 237.7 238.5 239.1 240.4 240.1 239.6 240.8 241.9 230.1 231.4 238.9 246.2 256.1 260.8 261.4 258.3 250.6 249.7 248.9 247.7 246.6 249 250.3 254.7 262 265.2 265.8 263.3 260.3
227.3 227.1 226.8 226.7 226.5 226.3 226 225.8 225.5 225.7 226 225.8 225.8 225.8 225.7 225.6 225.6 225.4 225.2 225 224.8 224.6 224.4 224.4 224.5 224.5 224.7 224.6 224.6 225 225 223.9 223.4 223.5 223.6 223.3 228 239.1 237.9 237.2 236.9 237.4 237.7 237.5 237.4 237.2 236.3 238.6 240.7 242.1 244.1 245.7 248.5 248.1 247 247.6 240 232.9 245.1 252.9 259.1 262.5 262.5 259.4 255.2 251.4 251.8 252.1 253.2 251.9 254.4 254 256.5 259.3 264.1 266.7 264.5 262.1
227.5 227.3 227 226.7 226.6 226.4 226.1 225.6 225 225.9 226 225.6 225.6 225.5 225.5 225.7 225.7 225.5 225.2 225.2 225 224.7 224.5 224.5 224.6 224.6 224.7 224.6 224.6 224.3 224.5 223.8 223.5 223.4 223.3 228.7 239.9 239.7 239 238.2 237.5 237.8 237.9 237.1 236.7 237.8 241.4 244.4 247 247.8 249.9 253.5 258.2 258.3 254.2 246 236.4 247.4 256 260.2 262.6 263.5 260.3 257 253.9 254.4 255.3 256.1 257.7 259 259 258.9 260.1 260.8 262.2 263.5 265.5 263.1
227.8 227.6 227.6 226.8 226.1 225.9 225.6 225.1 224.8 224.6 227.2 230.2 225.4 225.3 225.4 225.7 225.7 225.4 224.9 224.6 224.7 224.9 224.7 224.6 224.7 224.7 224.8 224.7 224.6 223.7 224.5 226.2 230.5 231 232.1 241.2 237.1 238.8 238.4 237.9 237.6 237.4 236.9 237.7 239.4 246.2 248.7 251.7 256 253.4 255.7 258.5 262.1 264.9 261.2 239.5 249.3 260.6 260.8 263.9 265.2 261.5 258.2 256.3 257.2 258.2 259.1 259.7 262 264.4 265.1 263.6 263 263.6 264.4 264.5 265.7 267.5
227 227 227 226.5 225.6 228.6 233.4 238.5 240.7 241.9 244.1 240.3 234.3 225 225.2 225.6 226 225.7 232 235.4 226.9 224.3 224.3 224.5 224.7 224.8 224.8 224.7 224.7 222.8 236.1 242.1 240.3 241.6 242.6 238.7 238.5 238.3 239 240 241 242 240.1 242.9 246.9 251.1 253.4 254.5 256.2 255.5 259.9 263.8 265.1 267.4 264.4 248 250.7 263.8 265.8 268.1 267.3 262 258.2 259 260.1 261.3 263.4 265.4 267 268.3 270.1 268.4 266.9 267.2 268.2 268.1 268.6 270.6
225.9 226 225.9 229.1 238.2 245.9 249 250.8 252.4 251.6 250.8 241 235.5 227.8 225 226.1 227.7 235.7 247.7 246.7 240.2 238.5 223.6 223.6 223.9 224.2 224.1 223.7 223.3 223.2 239.9 245.7 245.3 244.6 244.8 242.2 244.4 245.3 244.6 244.4 245.4 245.7 245.2 247.2 250.7 254 256.2 257.7 259.5 260.2 267.1 269.3 268.4 268 267.8 262.4 252.6 268.5 269.7 267.9 266.1 261.9 263 263.5 264.4 267.1 270.3 270.7 271.6 272.1 273.1 271.6 269.9 269.6 271.8 273.1 273 271.1
225.4 231.7 241.2 251.6 255 258.3 257.9 255.7 254.2 250.7 245.8 237.3 230.5 224.9 225.6 233.5 239.6 244.8 247.7 248.4 244.8 245.3 233.4 222.9 222.9 222.8 222.4 221.9 232.4 238.1 244.6 243.1 249.7 249.8 248.6 249.5 253.1 251.4 248.5 247.8 250 249.4 250.9 252 256.9 258.6 262.7 266.1 266.4 267.8 275.1 275.1 270.7 269.2 267.7 251.3 258.8 269.6 269.3 269.9 268 262.6 267.5 268.6 271.1 274.4 275.3 275.7 276 276.1 275.5 274.8 274.2 274.2 275.7 278 278.3 276.4
235.3 252.2 260.5 264.1 265.1 262.4 258.2 252.4 250.4 250.8 243.3 233.7 225.7 229.8 237.4 240.2 237.7 242 243.7 244.4 242.7 244.2 242.4 245.7 244.6 243 245.2 240.4 241.1 243.8 247.3 253.2 257.3 254.1 252.6 255.4 254.5 254.9 253.5 253 254.8 255 254.8 260.5 263.5 264.2 270.1 273.5 278.7 270.7 276.2 276.2 271.6 270.7 262 259.8 262.6 272.1 272.1 271.7 267.1 269.5 271.9 273.5 275.8 277.5 278.4 278.9 280 281 280.2 279.4 278.6 278.9 279.2 280.8 281 276.9
257 267.8 272.6 272.6 267.9 260.9 254.3 251.2 249.2 242.1 235 228.6 225.3 233.5 239.2 241 239.2 233.2 233.9 237.7 239.4 238.8 236.9 245.1 247.6 245 246 243.1 244.3 247.4 250.1 253.4 255.7 256.2 258.8 255.6 256.4 258.3 259 259.2 259.8 260.2 262.3 265.9 268.6 270 276.5 278.2 278.2 272 274.5 270.4 267.9 260 260.5 268.7 264.8 272.9 272.8 269.2 270.7 275.4 276.9 277.9 279.3 280.3 281.2 282.2 283.4 284.2 285.6 284.9 284.3 285.6 283.5 283 282.2 278
271.6 275.4 271.5 270.9 268.6 256.9 251.9 251.1 248.8 239.1 231.9 226.9 226 227.9 234.3 241 240.6 235.5 236.9 235.8 233.4 233.4 233.7 240.1 244.6 241.7 245.8 251 250.3 252 252.7 255.5 257.3 260.3 259.2 259.1 260.5 262.5 265.2 268.1 267.5 267.8 270 273.2 274.5 277.9 277.8 277.2 275.4 273.3 271.2 263.1 266 268.6 270.7 273.4 273.6 270.4 272.7 274.5 279.2 280.7 281.6 282.4 283.1 283.7 285.2 287.2 286.8 288.9 290.4 293.2 291.3 291.3 288 286.4 283.4 278.9
275.3 275.5 269.9 269.6 261.6 255.8 252.3 251.4 251.2 245.4 232.8 225.6 228.1 228.2 233.8 246.8 241.2 241.4 237.3 233.4 236.6 233.4 239.8 240.8 242.5 246.2 253.1 257.6 260.5 257.3 259 261.5 263.4 264 264.1 266 266 268.1 272.6 273.7 273.9 275.7 278.2 281.1 281 282.2 278.5 277.2 273.8 270.6 265.3 268.7 269.1 269.3 275.1 277.3 274.5 276 274.6 278.2 283.5 284.6 284.6 286.3 287.5 288.3 289.6 290.5 291 294.7 296.9 300.8 298.6 293.8 293.2 288.8 286.3 286.3
270.4 269.6 268.4 261.8 256 252.6 251.9 251.1 250.2 239.6 226.7 228.8 230.3 233.7 233 235.8 238 238.7 239.5 239.6 240.6 238.9 240 242.6 246.4 248.7 257.4 261.9 263.9 262 266.2 267.5 267.2 269.6 270.4 271.1 271.9 274.7 278.2 277.4 278 280 283.1 283.3 284.4 279.3 277.4 276.5 273.8 270.6 267.1 270 272.2 273.9 276 278.6 272.5 280.4 278.4 280.6 287.8 288.2 287.9 290.7 292.1 291.7 293.2 294.4 296.9 301.2 304 305.9 303.2 300.4 295.9 291.4 290.3 286.8
263.6 259.1 254.9 253.3 252.7 252.7 251 248.9 240.2 228.8 229.1 229.7 233.5 236.9 237.6 242.1 241.7 237.7 236.2 241.4 245 247.5 245.2 246.1 251.7 260.2 264.7 268.1 270.4 271.6 273.1 276.2 276.1 276.6 277.3 275.7 278 280.4 279.5 278.3 280.4 282.8 283.4 282.4 279.2 273.8 271.8 271.8 271.5 271 268.7 272.1 275 275.3 276.7 275.7 282.6 284.2 281.1 288.7 291.3 291 292.2 295.6 295.9 294.9 296.3 297.3 301.5 305.9 307.9 309.9 308.3 303.2 296.7 294.3 295.9 289.2
253.8 253.2 253.3 253 251.3 249.6 247 233.9 228.1 229.1 236.3 238.5 245.2 248.8 250.9 250.6 250.8 242.8 240 243.8 247.2 249.1 248.9 249.9 257.2 266.7 271.3 274.9 277 279.6 280.6 282.5 282.7 282.6 282.9 281.1 281.6 281 280.2 281.1 282.6 281.7 280 277.8 274.8 271.1 271 270.8 270.6 269.6 271.9 274.9 276 276.6 280.1 281.5 286 284.3 284.8 291.9 294.7 295.5 296 297 297.9 298.2 300.3 304.6 306.4 309.9 312.7 312.6 310.9 304 297.3 299.3 299.4 295.7
254.7 252.9 251.9 252.1 247.9 239.8 232.6 234 235 228.2 231.3 251.7 247.4 247.1 251.2 251 251.1 248 245.7 246.8 249 249.6 250.2 256.9 268.4 273.1 277.4 281 282.4 284.4 285.1 286.7 287.5 287.4 286.8 285.6 283.3 280.9 280.8 280.2 279.1 277.6 274.8 272.3 270.8 270.9 271.1 271.2 271.5 270.7 274 278.7 281.3 279.9 282.8 286.7 285.7 285.4 291.7 295 296.9 297.7 298.3 300.6 303.1 305.4 308.6 312 312.7 312.8 319 315.5 310.1 301.1 300.1 300.8 301 296.6
252 250.2 245.1 240.6 234.6 235.9 229.4 227.7 227.8 228 229.3 249.4 248.7 251.1 251 251.2 249 250.4 250.2 250.4 250.3 250.2 253.9 262 271.7 276.3 280.7 285 286.9 288 289.4 290.9 290.8 290.8 290.1 287.4 284.5 282.5 280.3 277.7 275.2 273.2 271.8 271.3 270.7 270.7 271 271.1 271.6 271.6 275.8 278.8 281.9 284.1 288.1 288.4 287.5 293.6 298.8 297.8 298.9 300.7 303.5 308 311 313.9 316.7 319.6 319.6 319.7 316.7 316.9 308.5 303.2 301.9 300.4 301 298.1
245.2 237.5 236.2 233.1 228.7 228.4 229.2 229.1 228.4 228.6 228.6 239.3 247.8 247.3 249.1 249 249.8 251.9 250.8 251.9 250.8 252.9 256.5 263.3 272.2 279.1 286.4 289.7 290.8 291.1 291.8 291.2 290.8 290.8 290.8 289.7 285.9 283.5 279.5 275.2 272 271.5 271.5 271.2 270.8 270.7 270.7 270.9 271.7 272.4 279.5 281.8 287.1 292.3 291.8 290 291.1 298.1 298.6 301.1 303.8 307.4 311.8 317.9 320.9 322.6 326.7 323.3 319 319 320.1 316.2 309.4 303.2 301.7 300.4 299.7 299.3
235.9 230.8 230.7 230.1 228.9 228.9 229.1 229.2 228.9 229.6 230.7 235.8 239.3 242.2 245.3 251 250.8 252.8 252.6 258.1 254.9 257 258.8 267.3 278 286.1 290.5 290.8 290.8 291.9 292.2 291.6 291 290.8 290.8 288.4 284.2 281.1 277.1 272.8 271.7 271.5 271.4 271.3 271 270.8 270.8 271.2 271.7 274 283.3 283.4 291.7 295.9 300.7 296.2 297.5 299.7 301.5 306.7 311.5 317.4 324.1 328.7 330.8 330.9 330.9 326.9 319 319 319 316.9 311.8 306.4 301.9 300.6 298.9 299.1
231.3 231 230.9 231 230 231.1 229 229.1 231.2 235.9 237.2 235.1 240.8 248.9 249.1 250.3 252.1 252.5 257 262.4 264.2 264.6 268.9 275.6 282 287.2 289.4 290.3 291.3 292.4 292.4 292 291.4 290.5 288.1 284.5 280.9 277.3 273.8 272.3 271.8 271.4 271.3 271.2 271.3 271.1 271.1 271.4 271.2 278 283.9 284.8 294 300.6 299.8 299.5 299 301.4 308.6 316.6 323.1 330.3 339.3 338.8 336 336.6 338.9 333.2 319 319.5 319.4 314.6 310.6 309 302.3 301.4 298.3 294.7
231.5 231.2 231 230.6 230.4 229.9 229.4 229.7 235.3 238.4 243.2 239.5 247.6 251.1 252.2 253.3 253 252.8 257.2 266.9 269.4 274.7 279.9 284.9 286.3 289 291 292 292.4 292.1 292 291.9 291.2 290 285.9 281 277.5 274.9 272.9 272.3 271.9 271.6 271.4 271.6 271.7 271.3 271.4 271.4 271.8 279.7 283.8 285.5 294.5 297.3 297 299.8 302.3 314.7 319.4 326.4 339.8 345.1 351.1 352.5 338.4 343.2 341 332.5 320.6 320.1 319.2 313.9 307.3 305.7 302.2 300.7 299.1 295.9
231.8 231.5 231.3 231.1 230.9 230.4 230.2 230.1 234.7 244.1 249.1 248.5 250.3 254 254.1 253.6 255.1 256.4 262.8 272.1 278.4 282.8 288 290.8 290.3 290.7 292.1 292.1 292.3 291.7 290.9 291.2 290.7 287.9 284.5 280.6 275.5 274.4 272.8 272.5 272.2 271.9 272.2 272.4 272.4 272.5 272.2 272.3 273.3 278.8 285.8 285.6 290.6 297 302 307.3 317.5 324.3 327.6 333 348.3 357.7 361.4 360.8 354.9 351.7 346.1 334.6 320.8 320.2 320.6 313.5 307.4 304.5 303.1 302.3 300.2 298.5
232.3 231.9 231.6 231.3 231.1 231.1 230.4 230 235.7 248 255.8 254.7 252.7 255.7 257.1 260.6 261.7 263.1 266.8 273.9 280.7 285.2 288.9 290.6 291.3 292.1 292.1 292.1 292.1 291.5 290.2 289.6 286.3 282.7 280.3 278.1 274.4 273.8 273.6 273.8 273.7 273.5 273.4 273.6 273.1 273.6 274.1 273.6 276.3 279.1 283.8 288.8 294.7 302.9 308.1 317.9 326.3 333.6 337.7 341.2 351.2 359.9 362.5 360.7 357.3 351.1 339.5 331.3 325.1 320.5 317.8 312.1 308.6 304.9 305.1 305.3 303.8 302.9
233 232.7 231.9 231.6 231.3 231.2 233.3 235 239.8 256.1 256.4 255.5 255.4 258.1 261.1 264 266.7 268.4 271.4 276.2 283.3 290.2 292.4 293.3 293.5 292.6 292.3 292.1 292.1 290.8 289.6 285.6 282.6 279.7 277.5 275.3 274.3 274.8 275 275.2 276.8 276.5 276.8 279.3 277.5 280.1 276.4 275.1 279.2 281 284.9 290.2 298.4 306.9 317.9 326.4 334.2 342 346.3 347.5 354.5 360.1 363.6 358.7 349.7 341.8 336.6 332.1 326.4 320 315.2 311.6 308.8 306.9 307.3 308.8 309.3 309
233.4 233 232.1 232 231.7 234.5 238.9 241.8 253.9 256.7 256.8 257.7 258 260.9 263.9 266.9 270.9 274.1 279.9 285.6 294.6 297.4 297.1 295.2 293.8 293.1 292.8 292.2 290.2 289.8 287.1 282.4 279.6 278.7 276.4 275.5 276.1 277.4 277.6 278.8 280.2 280.9 281.3 283.3 281.5 280.2 279.2 277.5 279.4 283.1 289.9 297.3 303.8 311.4 322.7 338.6 342.4 349.6 354.7 354.1 358.1 362.1 360.1 356.2 360.2 345.9 337.4 331.1 324.6 319.9 316.4 312.6 310.5 309.1 310.3 312 314 314.9
233.9 233.8 236.7 237.2 237.1 239.3 241.5 250.3 257.2 257.1 257.4 258.4 260.6 263.9 267 268.7 270.8 277.3 285.8 292.4 296.5 297.1 296.4 295.6 294.1 293.1 291.9 290.8 289.6 287.3 282.7 280.2 278.9 278.1 277.1 279 280.6 280.4 280.9 281.7 282.4 284 287.3 287.6 286.8 286 283.2 280.8 282 285 289.3 299.7 309.6 318.3 330.3 347.7 346 356.2 360.8 359.1 360.6 367.5 363 360.8 358.3 350.2 335 329.5 322.9 321.2 317.5 315.2 313.3 312.7 314.6 317.4 320.1 321.5
237 238.6 240.7 240.8 242.7 244.3 244.4 254.5 258 257.9 257.9 258.6 263.7 268.3 268.9 272.3 276.1 281.4 287.2 293.7 294.9 294.6 294.7 294.2 293.1 291.3 290.6 289.9 289 285.4 282.2 280.4 278.8 279.6 280.4 281.2 282.3 283.3 285 285.8 286.3 287.1 287.8 289.7 290.3 290.8 289.1 282.1 285.5 290.8 293.1 304.5 314.8 324 335.8 346 348.7 355.5 359.6 366.4 359.5 363 363.4 359.1 357.7 344.9 336.9 330.5 322.4 322.3 320.1 318 316.9 317.1 320.2 323.6 326.2 329.1
