data/NN80.asc
ncols 200
nrows 200
xllcorner 280000
yllcorner 700000
cellsize 50
[rows 0 to 34 of 200, columns 0 to 77 of 200]
194.5 190 193 201.4 205.5 210.1 212.8 214.2 214.6 215.8 217.5 218.7 218.7 219 218.6 217.6 216.6 215.4 214.3 213.9 212.6 211.4 210.2 208.8 206.6 204.2 202.9 202 199.9 197.9 194.9 192.4 189.8 187.1 184.2 181.3 178.2 173.7 168.7 164.8 161.8 158.9 156.1 158.7 159.3 159.7 158.3 156.1 153.9 151.7 149 146.3 144 142.1 140.2 139.1 138.1 137.4 137.2 136.5 135.7 134.9 134.7 123.4 126.3 133.9 133.7 133.4 131.3 127.8 122.5 118.8 116.4 116 115.5 114.4 119.7 126.3
190.7 200 207.1 211.4 214.4 217.5 219 218.9 219.2 220.3 221.9 222.1 222 221.2 220.2 219.2 218.2 217.1 216 215.4 214 212.4 210.6 209.3 207 204.6 203 201.8 199.7 197.4 194.5 191.2 188.4 185.5 182.6 178.7 175.5 171.4 166.4 161.5 159.3 156.1 156.1 159.3 159.3 159.2 156.6 154.2 151.9 149.7 147.3 144.7 142.8 140.9 139.2 137.7 137.8 136.2 135.9 135.6 134.7 133.6 132.6 123 125.1 133.4 133.1 132.1 130.6 128.2 121.6 116.3 115.5 115 115.6 114.5 119.6 125.5
208 214 215.6 218.5 221.2 223.4 223.5 223.2 222.3 223.4 224.3 224.3 223.6 222.6 221.6 220.5 219.6 218.6 217.5 215.9 214 212.5 210.6 208.6 206.4 204.2 202.5 200.8 198.5 195.7 193.2 189.2 186.2 183.4 179.2 175.1 171.3 167.1 162.9 159.7 156.1 156.1 156.2 158.8 158.7 157.6 154.9 152.6 150.2 147.9 145.5 144.3 143.1 140.5 139 138.6 138.5 136.9 135 134.6 134.3 133.3 132.5 124.8 117.9 131.5 132 131 129.5 128.3 122.9 115.8 114.5 114.6 114.3 112.5 118.1 124.3
218.6 221.6 223.2 224.4 227 227.2 227.1 226.3 224.9 225.1 225.9 225.6 224.5 223.2 222.1 221.4 220.3 219 217.7 215.9 213.7 211.6 209.7 207.7 205.5 203.3 201 199.5 196.8 193.9 190.6 186.7 183.7 180.8 177.1 172.5 166.9 163.6 160.7 157.3 156.1 155.9 156.6 157.3 156.2 154.8 152.3 150.2 148.2 146.1 144.2 142.9 141.6 139.2 138.2 138.7 138.3 136.2 134.5 133.9 133.3 132.9 132.3 131.3 116.7 131.6 131.1 129.8 128.4 127.2 123.8 116.6 113.9 113.9 113.5 112.1 116.7 121.6
226.5 227.5 229.1 230.7 230.3 230 229.7 229 227.7 226.8 227.6 226.6 225.3 223.8 222.2 221.4 220.2 218.7 216.3 214.3 212.1 209.6 207.7 206.1 204.3 201.6 199.1 197.1 194.5 191 187.6 183.9 179.9 176.5 172.6 168.4 164.2 161.8 158.6 156.1 156.1 155 155.4 155.4 153.5 152.1 150.7 147.6 146 146.5 143.4 141.8 139.2 138.7 136.9 136.8 136.7 135.4 133.8 133.2 132.7 132.1 132.2 131.1 115.1 124.3 129.8 128.3 127.2 126.5 124 117.6 113 112.9 112.5 112.2 113.3 118.5
234.1 233.5 234.8 234.2 232.9 232 231.7 231 230.1 229 228.9 227.2 225.1 223.7 222.5 220.9 219.4 217 214.5 212.7 210.6 207.9 205.6 204.1 201.9 199 196.3 194.2 190.9 187.3 183.9 180.3 176.5 173.1 168.3 163.7 160.9 158.8 156.6 155.6 154.4 153.4 153.6 153.3 151.9 148.9 148.5 145.7 143.8 143 141.8 138.8 138.3 138 136.4 134.9 134.5 133.4 132.8 132.3 131.7 131.2 131.1 130.5 116.2 119.1 127.8 125 123.9 122.9 120.4 116.1 114.2 112.6 111.8 110.1 111.2 116.2
237.8 238.4 238.9 237 235.7 234.4 233.7 233 232.1 231.2 229.1 227 224.9 223.6 221.8 220.1 217.7 215.2 212.8 210.8 208.7 206.1 204 200.7 197.8 195.3 192.5 189.5 186.3 183.2 179.7 176 173 169.7 165 161.2 159 157.2 155.3 154.3 153.3 151.4 151 150.6 150 147.6 145.5 144.5 143.1 140.5 138.3 138.9 138.3 136.3 134.9 133.4 132.6 132.5 132 131.5 130.9 130.3 129.8 129.3 120.1 114.4 129.1 122.2 120.3 118.5 116.4 115.7 114 112.4 111.3 110.4 111.6 114.2
242 243 242.1 239.2 237.9 236.9 235.9 234.7 233.2 231.4 229.1 226.9 224.7 222.9 220.9 218 215.8 213.5 211 208.9 206.1 203.7 199.9 196.7 193.6 191.1 188.5 185.1 181 178.2 175.3 171.4 168.4 166 161.8 159.5 157.3 156.1 154.3 153.3 151.3 150.2 148.6 148.7 148.1 145.8 143.3 142.3 141.9 140 138.3 137.8 136.4 134.9 133.4 132 130.9 131.1 131.3 130.7 130 129.3 128.9 128.4 123.8 113.2 117.1 121.5 119.4 117 115.2 114.7 113.1 111.1 110.7 110.3 109.9 112
246.1 244.9 244 240.8 239.6 238.3 237 235.5 233.7 231.3 228.9 226.4 223.9 222 218.7 215.6 213 210.8 208.6 205.5 203.1 199.7 195.9 192.6 189.5 186.9 182.8 180.8 176.9 172.8 170.7 166.9 164.3 161.9 159.5 157.3 155.1 154.5 152.8 150.9 150.6 149.5 148 146.2 145.8 143.8 141 140.1 142.1 140.9 137.2 135.5 134.6 133.4 132 130.5 129.2 129.5 129.7 128.8 127.9 126.9 127 126.6 124.9 113.8 113.8 119.5 118.5 117.2 115.3 113.6 111.6 110.6 110.2 110.2 109.2 110.1
246.7 245.3 243.4 240.4 238.1 236.8 235.5 234.1 232.2 229.5 227.3 225.4 223 219.9 216.3 213.4 210.6 208 205.6 201.7 198 194.4 191.7 188.1 185.4 181.8 178 175.6 172.4 169 166.5 164.2 161.5 158.9 157.1 155.1 153.1 152.3 150.5 149.1 148.3 148.2 147.2 145.8 143.2 142.4 139.2 136.8 136.7 134.5 132.4 133 132.7 132 130.2 128.8 128 127.4 127.6 126.9 126.5 125.7 126 125.3 121.4 112.3 111.9 118.2 119.6 118.9 115.4 111.7 110.7 110.3 109.9 110.4 108.9 109.9
246.8 244.9 243 240 237 235.4 234 232.5 230.3 227.8 225.1 222.5 220.9 217.5 213.9 211.1 208.3 205.4 201.7 197.9 194.1 190.1 186.1 183.6 178.4 175.7 173.3 170.8 167.9 165.7 163.4 161 158.6 156.6 154.7 152.9 151.3 150 149 148 147.1 145.7 145.5 143.1 140.4 140.3 138.2 135.6 134.3 133 132.4 131.9 131.3 130.9 129.2 127.8 126.9 126.2 125.5 125.2 125.1 123.7 124 121.8 114.2 111.6 111.9 120 120.6 118.8 111.7 109.4 109.8 109.9 109.9 109.7 108.8 108.7
245.9 243.7 242 239.3 236.5 233.9 232.6 230.3 227.3 224.8 222.3 219.3 216.7 214 211 207.8 204.5 201.2 197.2 193.3 189.4 184.8 180.8 178.3 173 170.4 168.2 166.3 165 163.3 161.6 159.1 156.6 154.4 152.5 150.9 150 149 147.8 146.8 145.8 144.6 143.7 141.9 139.2 137.8 135.1 133.6 132.4 132.4 132.4 131.2 129.8 128.9 128.5 127.2 125.9 125.1 124.4 125 123.9 123.9 118.8 115 111.1 111.1 110.1 119.1 120.5 116.9 108.8 108.7 108.9 109 109.1 109.2 108.5 108.3
244.7 242.3 240.5 237.2 234.5 231.8 230.3 226.9 224.3 221.7 219 215.4 212.6 209.9 206.8 203.3 200.2 196.9 192.7 188.9 185.1 180.9 175.8 171.3 167.3 166.1 164.3 162.7 162.7 161.5 159.8 157.3 154.6 152.2 150.7 149.6 148.9 148.1 146.8 146.1 145 142.8 143.1 140.6 138.1 135.8 134.1 133.4 132.4 132.4 132.4 128.5 127.4 125.7 126.8 126.1 124.9 124.7 123.2 124.6 122.7 121.9 115.4 112.4 111.6 110.3 110.4 115.4 116.2 113.5 108.7 108.2 107.9 108.1 108.2 108.3 108.5 108.1
242.2 240.6 238.6 235 232.4 229.8 227.3 223.9 221 218.4 214.6 211.4 208.4 205.8 202.5 199.4 195.6 192.8 188.3 184.8 181.2 176.7 171.4 167.8 163.2 161.5 160.8 160 159 158.8 158 155.4 153.1 151.3 149 148.3 147.5 146.8 146.5 143.6 141.3 140.3 139.3 137.6 136.1 134.1 133 132.4 132.4 132.2 130.9 128.1 125.9 124 123.7 124.7 124.9 124.3 122.4 123.4 121.5 117.4 114.5 111 110.3 109.6 109.2 109.7 109.1 108.5 108.1 108 107.7 107.3 107.2 107.4 106.2 107.7
239.8 238.2 236.5 232.5 229.9 227.1 223.7 220.6 217.5 214.4 210.6 207.5 204.3 201.6 198.3 195.1 191.8 187.9 184.2 180 176.2 172.3 166.6 163.3 159.8 158.4 158.6 157.6 155.7 155.6 155.5 153.5 152.3 150.7 147.6 145.2 146.3 144.1 143.9 142 139.5 138 136.7 135 133.3 133.3 133.3 132.1 131 129.8 128.8 127.5 125.5 122.8 120.8 121.2 122.4 122.9 121.4 119.9 117.9 113.8 111.7 109.9 108.9 108.9 108.5 108.4 107.9 107.3 107.3 107.2 107 106.8 106.6 106.4 106 107.2
237.4 235.3 232.9 229.6 226.2 222.9 219.5 216 212.7 209.5 206.6 203.5 200.4 197.3 194.1 190.6 186.3 182 178.6 173.8 169.7 166.1 161.6 158.2 156.2 154.6 154.5 153.5 152.8 151.8 150.3 148.8 147.8 148.3 146.2 143.8 143 142.2 141.1 139 137.4 136 135.1 134.6 133.7 133.3 133.3 133.6 131.2 128.7 126.5 124.7 123.9 124.8 121.5 120.6 117.8 115.5 113.9 113.3 112.7 111.4 110.2 108.8 108.1 108.3 108 107.8 107.3 106.8 106.5 106.4 106.2 106.1 106 106 107.3 106.7
234.5 231 228.1 225.2 221.8 218.4 215.1 211.3 207.5 204.7 201.7 198.8 195.3 192.3 187.5 184 180.5 175.5 172.9 168.4 163.6 160.2 156.7 154.6 153.1 151.8 150.3 148.9 150.4 149.2 147.1 144.7 142.7 141.8 141.1 140.5 139.6 139.5 138.9 137.3 136.4 135.2 134.7 133.7 134 133.3 133.3 133.7 132.9 130.4 128.2 126.5 125.2 124.7 122.9 122.1 122.9 120.3 115.3 111.7 110.3 109.2 108.6 107.7 107.6 108.1 107.7 107.3 106.8 106.5 106.2 106 105.9 105.7 105.6 105.8 106.1 106.4
229.9 226.5 223.7 220.8 217.4 214 210.4 206.5 202.6 199.2 196.7 192.7 189.5 186.8 182.4 177.8 174.5 169.7 165.3 162 159.5 157.3 155.7 152.9 151.6 150.8 151.7 149 146.2 146 143.7 142.8 142.5 140.8 140.5 139.3 138.2 137.6 137.1 136.6 136.2 134.7 134.5 133.6 132 133 133.4 133.2 131.1 129.8 127.3 126.4 125.6 124.1 124.2 123.6 122.5 119.8 115.7 111.4 110.2 109 108 107.5 107.9 107.8 106.8 107 106.7 106.4 106.2 105.9 105.7 105.9 106.4 106.6 106.8 105.7
224.6 221.4 218.7 216 212.7 209.4 205.5 201.7 197.8 193.6 189.5 186 183.4 181.4 178 173.6 169.2 165.3 161.8 160.2 158.9 156 154.7 153.8 153 152 148.9 146.5 146.8 145.1 143.3 142.5 141 140.1 140.2 139 137.8 137.1 136.6 136.1 135.2 134.2 133.6 132.1 129.6 128.7 128.3 128.2 127.4 127.2 127.5 126.7 125.1 124.4 124.7 124.2 122.4 118.3 113.6 112.2 111.7 112.2 109.8 107.4 107.6 106.1 106.1 106.6 106.7 106.3 106.1 105.8 105.5 107 106.5 106.2 106.2 104.5
220.9 218.2 214.2 211.9 207.1 205.6 201.1 197.7 192.3 188.6 185.5 182.2 178.6 174.7 171.4 169.5 168.5 164.7 160.9 157.6 156.1 156.1 152.8 153.3 154.4 152.7 148.2 148.8 148 146.9 143.8 141.4 140.5 139.5 139.3 138.7 137.7 136.6 136.1 135.5 134.1 133.8 132.7 127.4 125.2 124.9 125 124.5 123.6 125.3 128.1 128.1 127.2 125.6 125.2 124.8 123.3 120.1 116.4 115.5 114 112.7 111.8 109.8 106.2 105.2 105.5 106 106.2 106.2 105.8 105.5 104.9 105.5 105.4 105.7 105.1 105.8
213 211.9 209.1 207 203.8 201.2 198.2 193.3 189.7 186.7 183.8 181.8 176.7 171.5 170.1 167.4 164.5 161.4 157.9 156.7 154.9 154.6 153.9 152.1 152.9 152 151.6 150.5 146.9 144.7 143.8 140.8 139.9 138.9 138.9 138.6 137.5 136.4 135.6 134.7 133.3 134.2 128.6 126.6 131.9 128.2 125.8 119.5 115.8 122.7 124.7 124.6 125.4 125.6 125.7 124.8 123.4 117.4 113.5 111.9 111.7 111.2 109.3 106.6 105.5 104.8 105 105.4 105.6 106 105.7 105.2 104.7 104.5 104.9 104.5 103.3 104.4
208.1 205.6 201.8 201.4 198.1 195.1 192.2 188.5 185.1 181.6 177.3 173.4 168.8 164.4 162.8 162.3 159.6 157.3 155.5 154.1 152.8 151.7 150.8 149.7 149.2 149.8 149.3 147.1 145 143.6 142.2 140.9 139.3 138.4 138.8 138.2 137.7 136.4 135.2 134.9 132.6 135.1 135.4 134.4 133.1 131.7 128.1 125.4 120.9 116.3 123.2 121.4 122.3 123.2 124.1 123.3 121.6 113.7 110 108.9 107.9 107.4 106.2 105.2 105.3 104.3 104.5 104.8 105 105.2 105.5 105.1 104.6 104 104.4 103.4 103.1 103.2
203.7 201.5 198.4 195.4 193.8 190.4 186.8 184 180.4 175.6 171.5 167.7 164.1 160.9 159 158.4 156.8 155.8 154.6 152.6 150.9 151.4 151.6 150.7 148.8 146.6 146.2 144.7 143 141.7 140.8 139.9 139.2 138.4 138.8 138.2 136.8 136.7 135 134.3 134.6 134.4 134 133.1 133.5 130.8 126.8 125.1 124.9 119.2 122.9 118.6 119 121.8 121.3 121.3 115.5 109.5 106.6 105.9 104.1 104.1 104.4 104.6 104.9 104.4 104.6 104.8 105 105.1 105.3 105 104.3 103.5 103.9 102.9 103 103.1
198.4 196.4 192.5 188.1 187.9 185.3 182.8 179.2 175 172.6 168.3 164.6 163.1 160.3 158.5 157 155.2 153.8 152.5 151.8 151.2 151.4 151.5 151.5 149.2 146 144 143.3 142.4 141.7 140.9 140.1 139.5 138.6 138.8 138.4 137.8 137.9 136.4 134.7 134.2 133.4 132.7 129.8 127.6 127.8 124.3 122.2 123.8 120.6 114.8 114.2 118 123.8 123.9 119.4 111.8 107.1 104.7 103.5 103.1 103.4 103.7 103.9 104 104.3 104.4 104.5 104.6 104.7 104.8 104.7 104 103.1 102.8 102.8 103 103.2
195.2 192.1 190.4 185.7 181.5 180.5 177.2 175.2 172 170.2 167.2 162.7 160 158.3 155.6 155.5 153.7 151.9 151.3 150.9 150.7 150.9 150.5 148.9 146.4 144.7 144.1 143.3 142.2 141.7 141.1 140.4 139.9 142.2 142.5 140.7 139.4 139.1 137.8 134.5 133.9 133.2 133.2 132.5 131.9 130.4 128.1 123.5 118.7 114.3 110.7 112.5 116.9 124 121.5 115.1 110.6 107.1 103.8 102.2 102 102.6 103 103.2 103.4 103.8 103.9 104 104.1 104.2 104.2 104.4 103.9 102.8 102.6 103 103.5 103.9
189 187.6 185.6 181.9 178.1 176 174.4 172.1 169.2 167.5 164.9 164 161.3 157 153.7 153.8 152.1 151.2 150.5 149.6 149.5 148.8 148 146.8 145.3 144.4 143.7 143 142 141.6 140.9 141.6 142.3 142.7 142.9 141.4 139.5 139.5 137.7 134.2 133.6 133.1 133 133.2 132.3 131.2 129.4 126.8 123.3 118.1 112.8 109.7 109 114.8 115.3 108.8 108.1 105.9 103.8 101.7 101.4 101.9 102.4 102.4 102.7 103.1 103.4 103.5 103.6 103.6 103.9 103.9 103.3 102.7 102.4 102.2 102.4 102.7
185.3 182.4 180.6 178.4 177.7 176.4 173.5 171.7 169.2 166.9 164.3 161.3 157.2 154 152.5 151.7 150.9 150.5 149.9 149 148 147.1 146.7 145.3 144.9 144.5 144 142.9 143.1 143.2 143.1 143 143.1 142.8 143.3 141.5 139.5 138.9 137.4 134 133.3 132.8 133.2 132.5 131.4 130.2 128.1 126.3 123 119.7 119.1 114.9 107.9 107.2 107.2 105.1 105.1 104.2 102.8 101.1 101 101.5 101.9 102.3 102.2 102.3 102.8 103 103 103.2 103.3 103.6 103.2 102.8 102.6 102.3 102.1 101.8
180.9 179.9 178.9 177.1 175 172.9 171.6 169.6 166.6 162.6 162.8 158.8 157.2 154.1 152 150.9 150.4 149.8 149.2 148.5 147.7 147 146.8 145.4 145.2 145 144.8 144.1 144.3 144.3 143.2 144 144.4 144.3 143.6 141.7 139.9 138.3 135.9 132.7 132.8 131.7 131 130.1 128.7 128.2 125.5 124.1 121.4 121.8 124.3 123.1 113.1 107.2 106.2 103.9 103 101.9 100.9 100.5 100.9 101.2 101.6 102 101.9 101.8 102.2 102.4 102.7 102.9 103.1 103.3 103.2 102.9 102.5 102.3 102.3 102.3
177.4 178.4 177.5 175.9 174.9 172.8 169.8 167.2 163.8 160 159.1 156.5 155.4 153.2 151.7 150.5 150.2 149.8 148.8 148.1 148.7 147.1 146.8 147.8 147.1 146.1 145.8 145.9 145.5 145.7 144.8 144.6 145.4 145.2 143.5 141.6 138.5 136.1 133.5 131.7 131.1 129.7 129.1 128.4 126.9 125.8 124.7 121.4 118.1 122.3 128.6 128.2 124.1 105.8 104.4 103.5 102.3 101.5 100.7 100.4 100.8 101.1 101.4 101.7 101.6 101.5 101.8 102.3 102.4 102.6 102.7 103 103.1 103.1 103.2 103.2 103.2 103.3
175 174.6 174.7 172.2 170.2 169.1 167.8 164.6 161.6 158.3 156.7 155.6 154.1 152.6 151.6 150.7 150.6 150 148.9 147.9 147 147 147.4 148.9 149.5 149.1 148.3 147.9 146.3 147.5 147.3 146.5 145.9 145.7 143.4 140.6 136.6 133.7 131.5 130.7 129.7 128.2 127.8 127.5 125.8 124.2 121.4 118.4 114.8 116.7 123.1 128.2 123.8 109.9 104 104 102.3 101.2 100.5 100.4 100.7 101 101.3 101.4 101.3 101.1 101.7 102.1 102.2 102.4 102.5 102.7 102.8 102.9 103 103.1 103.2 103.3
174.2 172 171.1 168.6 166.8 165.3 164.5 161.7 159 157.3 155.7 154.6 153.1 152.2 151.5 151.1 151.1 150.2 149.1 148.5 148.3 148.9 149.6 150.2 150.7 151 151.2 147.8 147.7 148.6 148.8 147.6 147.1 145.6 143.4 138.6 133.7 130.5 129.6 129.5 128.1 126.8 126.3 125.1 124.9 122.6 118.7 114.4 114.1 113.9 116.5 121.5 114.8 107.4 104 103.4 102.7 100.7 100.6 101.3 100.5 100.8 101.1 101.2 100.9 100.8 101.5 101.8 102 102.1 102.2 102.5 102.6 102.7 102.8 102.9 102.9 103
171.3 170.7 168.9 166.5 164.8 163.4 160.3 158.5 158.1 156.7 155.1 153.9 153.2 152.6 152 151.7 151.4 150.5 150.1 149.8 149.7 150.6 151.1 151.4 151.6 151.8 151.9 151.1 149.8 149.5 149 147.1 145.8 143.2 139.1 135.1 130.1 128 127.6 126.7 125.6 125 124.4 123.6 122.7 120.6 115.8 115.3 113.4 111.5 111 111.6 109 104.7 102.9 102.7 102.7 100.6 101 101.9 100.8 100.5 100.5 100.5 100.5 100.4 101.4 101.5 101.5 101.5 101.6 102.2 102.4 102.5 102.7 102.8 102.9 103
170.4 168.3 166.6 164.3 163.9 161.3 159.2 157.4 157.6 156.4 155.2 154.2 153.6 153 152.5 152.2 151.9 151.8 151.5 151.1 151.2 151.7 152.1 152.3 152.5 152.7 152.9 152.3 150.8 150.8 149.1 147.6 143.9 139.8 134.8 129.7 127 125.7 124.5 123.1 123.6 123.1 122.4 122.3 120.1 117.8 116 114.8 112.4 109.7 107.6 106.6 105.8 103.6 100.7 102.7 102.7 100.5 100.4 100.8 101 100.5 100.1 100.1 100.4 100.7 101.2 101.3 101.4 101.6 101.8 101.8 102 102.1 102.3 102.4 102.6 102.7
167.2 165.7 163.5 161.8 161.7 159.2 157 155.4 154.8 154.6 154.6 154.5 153.9 153.4 152.7 151.9 152.1 152 151.9 152 153.3 152.5 153.1 153.3 153.5 153.7 154 153.4 152.7 150.5 147.8 145 140.7 135.7 130.8 126.7 125.2 123.8 122.5 121.5 123.1 121.4 120.1 120.4 118.1 113.8 110.4 114 111.2 108.5 106 104.4 103.7 101.8 99.4 102.1 100 100 99.9 99.8 99.8 99.8 100 100.5 100.8 101 101.3 100.9 100.8 101 101.2 101.4 101.3 101.4 101.6 101.7 101.9 102
163.7 161.6 160.3 159.3 158.4 156.3 153.9 153.1 152.9 153.2 153.3 153.2 152.9 152.7 153.4 152.9 152.3 152.4 152.9 153.3 154 154.1 154.2 154.3 154.5 154.8 155 154.9 153.5 149.2 146.1 139.8 136.7 132 127.4 125.1 123.4 121.9 120.8 120.8 122.1 120.2 118 116.1 116 110.1 105.8 107.1 106.6 105 103.8 102.4 101.6 99.9 98.8 99.1 99.6 99.4 99.3 99 99.7 99.8 100.2 100.7 101.1 101.4 101.4 101 100.6 100.4 100.9 100.9 100.6 100.8 100.9 101.1 101.3 101.4
