data/NN81.asc
ncols 200
nrows 200
xllcorner 280000
yllcorner 710000
cellsize 50
[rows 35 to 69 of 200, columns 79 to 157 of 200]
105.8 104.5 103.2 102.1 97.2 94.6 92 88.8 86.2 84.2 82.2 80 77.2 75.2 73.1 70.5 67.9 66 64.2 62.8 62.6 62.4 62.1 60.3 60.1 58.2 58.9 58.7 57.6 57.3 57.7 57.4 56.1 56.7 55.8 54.4 55.1 56 56 55.4 53.4 52.7 51.9 51.7 51.9 52.2 51.3 50.6 49.6 49.7 48.5 48.3 47.7 45.5 44.1 43.2 42.2 41.5 40.9 40 39.8 40.5 39.5 39 39.4 39.5 39.2 39.2 39.6 39.7 39.8 40.3 38.9 38.5 39.2 39.6 40.2 40.1 38.4
108.9 108.9 106.3 103.6 100.7 98.2 96 94.4 92.6 90.3 88 86.9 85.4 83.4 81.2 78.8 77.8 76 75.2 72.5 70.7 70.5 70.3 69.4 69.7 68.2 68.7 67.1 65.8 65.1 64.7 62.6 60.5 61.4 59.4 58.7 58.5 57.8 55.5 52.7 52.7 50.9 50 50.1 49.9 49.9 49.5 47.3 45.1 43.7 43.7 43.4 43.3 41.8 40.3 39.3 38.2 38.3 38.6 38.6 38.7 38.3 38.8 38.3 37.7 37.6 37.1 37.1 37.4 37.7 38.3 37.8 37.6 35.9 35.7 36 36 35.4 34.8
113.9 113.2 110.5 109.1 107.4 106.3 104.1 100.7 98.9 97.8 98.1 94.9 93.4 91.6 89.8 88.6 87.5 86 85.7 83.5 80.9 79.1 78.7 79.3 80.5 80.2 77 73.1 70.7 66.6 65.3 64.8 64.5 62.3 59.4 58.2 57.5 53 51.6 52.8 52.9 52.1 51.6 51.3 50.8 50.1 48.4 46.2 44.6 43.4 42.1 41.3 40.5 40 39.2 38.9 39 39.4 39.6 39.8 39.4 39.3 39.8 38.8 38.1 38 37.9 37.9 38 36.9 37 37.5 35.4 34.8 34.7 36.1 35.7 35.7 35.7
119.3 119.4 115.6 114.4 116 114.7 112 108.8 109.1 111.5 113.6 109.5 104.9 100.3 99.9 97.7 96 94.3 93.9 92.5 90.2 86.2 83.7 83 79.5 76.8 73.8 71 69.5 68.2 66 63.7 61.6 59.7 58.4 57.5 57.1 54.2 54 53.2 52.3 51.6 52.1 50 50 49.2 48.6 45.4 44.1 42.9 41.5 41.1 41.1 41.1 40.5 40.5 40.4 40.4 40.6 41.3 41.1 39.9 39.8 39.8 41.5 42.5 40.9 40.2 39.4 39.7 40.6 41.9 40.7 40.4 40.3 40.8 40.2 39.8 39.2
125.2 125.3 122.8 122.9 124.4 120.3 117.1 116.8 121 120.2 117.7 108.7 103 101.3 96.7 92.9 89.2 86.9 84.8 83.6 82.9 80.2 79.1 79.5 78.5 77.2 75.1 73.6 73.7 71.1 67.7 64 62 59.9 58.3 56.7 55.1 53.5 52.1 50.8 49.9 49.4 48.4 47.5 46.7 46.3 45.6 44.7 43.6 42.4 41.9 41.9 42 42.3 42 42 41.7 41.5 41.6 42.1 43.1 42.8 43 44.1 45.8 47.1 45.6 44 43.1 43.5 45 46.1 46.6 46.5 46.4 46 44.8 43.8 42.3
131.1 129 129.9 127.9 125.1 119.9 115.1 111 107 102.8 102 100.5 99 95.2 95.4 94.4 93.7 90.1 88.1 86.1 82.9 82.4 78.3 73.3 72.3 71.5 71.7 68.9 67.8 65.8 63.1 60.7 59.1 58 56.3 54.7 52.5 50.7 50.1 48.9 48.5 47.5 46.8 46.2 45.9 45.5 43.9 44.8 44.3 44.1 44.1 44.4 44.7 45 44.2 43.6 43 42.5 42.7 42.8 45.2 46.6 47.1 48.4 50.2 51.8 50.2 48.7 48.1 48.9 50 49.7 50.3 51.4 50.3 48.4 46 43.4 42.4
131.9 129 123.7 119.7 118.1 115.1 111.4 109.2 104 102.5 101.8 99.4 97.2 95.9 95.7 92.1 89.5 86.1 83.7 79.9 78.8 76.6 72.8 71.3 69.9 66.9 67.1 64.6 62.4 60.6 59.5 58.2 57 56 55.8 55.8 53.9 52.4 52.8 51.7 50.2 48.9 48.2 48.1 47.3 46.7 46.5 47.1 47.4 47.4 48.2 47.6 47.4 47.7 46.8 45.1 44.4 43.7 44.6 46.1 48.6 50 51.1 52.7 54.5 56.3 55 54.1 52.9 51.2 51.8 50.7 50.8 50.9 50.2 48.6 44.9 42.4 40.3
126.5 122.9 119.3 115.7 113.7 110.9 108.4 107.6 105 102.7 100.1 96.2 93.4 90.3 85.9 84.8 83.2 81.2 78.9 76.9 77 76.3 72.9 69.9 68.7 66.2 64.3 63.5 64.5 62.8 62.1 61.1 60.2 59.3 58.3 58 57.1 55.1 54.1 53.9 53.5 53.2 53.5 54.1 52.7 51.6 50.3 50.2 50.1 50.6 52.1 51.9 51.3 50.7 48.8 47 46.6 47.4 48.8 50.5 51.8 51.7 53.6 56 57.5 57.3 55.9 53.8 52.1 51.9 52.7 52.8 51.5 50 48.9 47 43.4 42.1 42.9
125.1 121.7 118.1 118.1 114.7 112 107.5 103.8 101 96.8 94.1 91.6 89.6 89.5 90 89.3 88.1 84.6 82.5 81.9 81.6 79.7 77.6 75.3 75.9 73 70.7 70.3 69 66.2 65.5 66.4 64.1 63.1 62.6 61.8 60.4 59.1 58.3 58.5 58.5 58.2 58 58.5 59.2 57.6 56.4 54.6 54.3 55.6 55.7 56.2 55.3 54.3 52.6 50.6 51.1 51.6 50.6 50.8 50.2 50.2 50.2 51.4 51.5 51.2 51.2 52.2 53 54 54 53 49.8 48.2 46.4 44.6 43.4 45.2 44.6
123.9 120.6 117.5 115.1 114.7 109.7 104.5 101.7 98.6 98.1 97.5 95.3 94.8 96.2 97.2 95.4 91.2 88.5 86.6 86.8 86.4 84.6 82.2 80.3 81 79.3 76.8 74.9 73.7 71.5 70.5 69.9 67.9 67.6 67.1 66.7 65.3 64.1 63.2 63.1 63.3 62.6 61.3 61.1 60.4 59.7 57.6 55 56.6 57.7 57.5 56.3 55.7 54.7 54.1 53.4 52.9 52.5 52.1 51.2 50.1 50 50.3 49.6 48.5 48.4 48.9 49.3 49.2 49.7 50.9 52.8 49.7 47.6 46.2 44.9 46.5 47.3 45.4
123.5 120 116.5 114.3 112.9 108.5 109.1 107.5 106.6 105.9 104.7 102.3 99.9 101.3 102.3 100.1 96.2 93.5 93.6 93 91.8 90.8 89.1 87.1 85.2 84.2 83 80.3 78.3 76.9 76.3 74.6 72.6 72.3 71.5 71.2 70.3 69.1 68.2 65.9 65.2 63.6 63.1 60.9 60.6 60.9 58.3 57.5 57.9 58.2 58.2 58.6 57.9 56.3 55.7 55.2 54.9 55.6 55 53.4 51.4 51.6 50.8 49.6 49.6 49.5 48.8 48.1 47.7 47.9 47.6 50.5 49.9 48.2 47 47.3 48.7 50.1 48.2
125.4 123.5 121.5 119 114.9 114.7 113.1 113.8 113.8 111.8 110.1 107.9 105.8 104.8 104.9 104.2 102.9 102 100.6 99.3 97.4 96.1 95.1 93.3 90.2 90 88.9 86.4 83.8 83.2 82.5 80.2 77.7 75.6 74.5 73.1 71.7 69.6 67.9 65.9 65.2 65.5 66.5 65.9 65.1 64.7 61.3 61 61.1 60.6 60.3 60.7 59 58.1 57.6 57.1 56.2 55.7 54.6 53.2 52.9 52.5 50.7 50.6 50.6 51 50.7 49.9 49.2 49.2 49 49.2 50.1 49.9 49.3 49.5 50.9 52 49.9
131 128.7 126.7 123.7 120 120.5 117.3 119.3 118.3 116.9 114.6 112.5 110.3 110.2 110.1 109.6 109.6 108.1 106.5 105.1 103 101.3 99.9 98.5 96 95.8 94.6 92.2 89.6 88 86.3 83.8 81 78.3 76.3 74.5 72.4 70.6 69.6 68.6 67.8 67.4 69.1 68.5 66.7 66.9 64.7 64.1 63.5 63 62.4 62.4 61.2 60.9 59.6 58.7 57.5 56.2 55.5 53.9 52.8 52 51.8 51.7 51.7 52 51.9 51.6 50.9 50.7 50.6 50.6 51.6 52.2 51.9 51.8 53.2 53.4 51.4
135.3 133.4 131.7 128.9 126.4 125.9 125.8 125.1 123.5 121.9 119.6 117 114.7 114 116 115.9 114.4 112.7 111.1 110.1 108.1 106 103.8 102.6 101.5 100.8 98.4 94.8 93.2 91.8 90 87.3 84.4 81.1 80.1 79.2 77.5 74.5 72.4 71.4 70.7 69.5 70.6 69.9 67.5 67.2 66.5 66.1 65.7 65.3 64.8 64.3 63.3 62.2 60.8 59.4 59 58.3 57.4 56.1 55.3 53.9 54.2 54.2 53.3 52.7 52.7 53.3 53.7 53.6 53.1 52.6 53.4 54.3 54.4 54.3 55.4 54.8 53.3
140.3 138.5 136.9 135.7 131.6 131.5 132.5 130 128.5 126.8 124.7 122.2 119.6 117.7 119.6 119.6 118.9 116.8 115.2 114.5 113.4 111.3 109.1 106.9 104.6 104.9 101.7 99.1 97.1 95.6 93.5 90.4 87.1 84.7 83.8 82.6 80.8 77.7 75.7 74.3 71.8 71.2 71.1 71.2 69.1 68.6 68.1 67.8 67.3 66.9 66.3 64.8 63.6 62.5 61.2 59.8 59.7 60.2 59.4 59.1 57.5 55.9 56.2 56.5 57.1 57 57 57.2 57.1 57.1 57 56.5 55.3 55.4 56.3 56.8 57.1 57.1 53.7
148.9 146.4 144.8 143.7 140.5 138.1 136.9 134.8 133.4 131.8 129.9 127.3 124.7 123.2 123.4 122.8 123.2 121.3 119.2 118.4 117.5 115.9 112.8 109.6 106.7 106.7 104.5 102.8 101 99.3 96.5 93.1 89.8 88.5 87.2 85.4 83.4 79.7 76.6 74 73.5 72.9 72.4 72.4 70.8 70.1 68.5 67.8 68 67.8 65.1 65.2 64 62.9 61.6 60.7 60.9 62 62.9 61.3 59.6 58 58.1 58.6 59.2 60.7 59.6 59.7 59.4 59.1 58.8 58.2 56.6 56.4 57.4 58.2 57.4 56.1 55.3
153.9 151.4 148.8 147.8 145.4 142.7 141.2 139.5 138.1 136.8 135 132.4 129.8 128.1 128 127.5 126.6 125.1 122.9 121.1 120.3 118.4 115 111.8 108.9 107.8 106.4 104.6 102.9 100.9 99.1 95.8 93.1 91.9 90 87 84.1 81 77.2 76.7 75.4 74.7 74.1 73.5 72 69.4 68 66.9 67.3 67.9 65.1 65.6 64.4 63.4 62.9 62.4 62.7 63 63.2 62.8 61.8 60.2 60.1 60.8 61 60.2 59.4 60.7 60.4 60 59.7 59.4 58.4 57.3 57.2 57.1 57 55.8 56.8
153.6 152.1 151.9 152.2 149.7 147.1 145.5 144.1 142.6 141.2 139.7 138.2 135.6 133 133.2 131.3 129.5 127.7 126 124.3 122.6 120.6 117.7 114.2 111 109.6 108.3 106.5 104.6 102.4 100.3 98.5 96.5 93.6 90.7 87.8 84.8 81.8 80.4 80.5 78.4 76.7 76.2 73.9 70.9 70.1 69.3 69.8 71 70.9 70.9 66.7 66.2 66.6 65.7 63.6 63.9 64.3 64.4 63.6 62.8 62 61.7 61.7 61.5 60.1 60.9 61.5 61.2 60.9 60.6 60.4 60.1 59 57.9 57.9 58.6 59.2 58.9
153.3 153.7 154.9 155.7 154.2 151.6 149.4 147.6 145.9 144.5 143 141.5 139.9 137.1 136.6 135 132.8 131.2 129.8 127.9 124.7 122.7 120.2 116.9 114.3 111.8 110.1 108.2 105.9 103.2 101.1 99.3 96.5 93.8 91.1 88.7 86.9 84.8 82.8 82.6 80.5 77 74 74.4 72.6 71.7 72.4 72.5 72.2 71.1 70.3 68.4 69.1 69 67.1 64.7 65.2 65.8 65.8 65 64.1 63.2 62.1 62.4 61.5 60.8 61.8 62.1 61.7 61.2 61 60.7 60.4 60.6 59.8 58.8 59 58.9 58.8
155 156.5 157.7 158.9 158 155 152.4 149.8 147.7 147 146.2 144.7 143.2 141 140 138.5 136.6 133.3 132.9 131.2 127.3 124.8 122.7 119.5 117.4 114.6 111.5 108.8 106.2 103.5 100.9 98.4 96.2 94 92.2 90.1 87.8 86 83.8 81.1 78.8 77.7 77.3 78.9 74.8 74 73.7 73.5 72.5 71.3 71.4 71.3 70.3 70 67.8 65.7 66.4 67.2 67.1 66.2 65.2 64.2 63 63 62.6 61.6 62.7 62.7 62.3 61.8 61.4 61 60.8 61 61.1 59.5 59.7 60.2 60.6
156.8 158.1 159.5 160.8 160.8 156.2 153.3 150.7 148.6 147.9 147.2 146.5 145.8 144.9 143.2 141.2 139.2 135.8 134.5 132.9 129 126.6 124.5 121.9 119.3 116.2 112.8 110.4 108.1 105.8 102.3 99.7 97.2 95.5 93.8 91.5 89.4 87.6 85.9 84.1 82.5 81.2 80.5 78.3 76 74.9 74.6 73.9 72.7 71.6 71 69.7 69.3 68.1 67.2 66.4 67.6 69 68.2 67.3 66.3 65.7 64.7 64.5 63.6 62.9 63.6 63.4 62.9 62.5 62 61.6 61.1 61.2 60.9 60.2 60.7 61.1 61.6
159.2 159.3 160.5 160.7 160.4 158.2 155 151.8 149.4 148.7 147.9 147.1 146.4 145.6 143.9 142.5 140.9 138.4 136.1 133.5 130.9 128.5 126.1 123.9 121.2 118.1 115.4 113 110.7 108.3 105.3 103 100.8 98.1 96.2 95 93.2 91.5 89.7 87.9 86.3 84.4 82.5 80.5 78.1 76 75.3 74.2 73.3 72.4 71.7 71 70.6 69.4 68.4 68.5 69.6 70.9 68.7 68.4 67.6 67 66.5 64.8 63.4 63.8 64.7 63.8 63.3 62.8 62.3 62 61.8 61.2 60.7 61.2 61.7 62.1 62.5
160 158.5 159.6 159.8 159.1 156.6 153.7 151.1 149.7 149.1 148.4 147.6 146.8 146.1 144.6 143.2 141.9 140.5 137.9 135.4 132.8 130.3 128 125.7 123.4 120.4 118 115.6 112.6 109.6 108.1 107.1 104.3 100.6 99 97.1 95.6 94.5 93.5 91.8 89.5 87 84.7 82.7 80.4 79.4 78 76.3 74.9 74.5 74 72.7 71.9 71.2 70.8 71 71.9 72.1 69.9 69.5 68.4 67.5 66.5 66.1 66.1 67.1 65.8 64.1 63.6 63.3 63 62.7 62.4 61.6 61.4 62.2 62.6 63 63.4
158.4 158.1 158.6 158.8 157.8 155 152.8 151.4 150 148.9 148.5 148.1 147.3 146.6 145.3 144 143.2 142.2 139.8 137.3 134.7 132.2 129.9 127.5 125.2 122.7 119.7 116.7 113.8 110.8 108.5 106.4 104.5 103.4 101.9 99.9 97.9 96.2 95.1 94 92.1 89.7 87.3 85 84.4 83.5 82 80.4 78.8 77.2 76.3 75.6 74.1 73.4 73 73.5 76.4 75.1 72.4 73 71.6 70.3 67.7 68.3 68.7 69.4 68 65.1 64.4 63.9 63.6 63.3 63.2 63.5 62.5 63.1 63.3 63.5 63.6
158.8 158.2 158.6 157.5 156.3 154.5 153.1 151.7 150.3 148.9 148.3 147.9 147.5 147.1 146.1 145.3 145 144 141.6 139.2 136.6 134.1 131.8 129.4 127.3 124.9 122 119 116.1 113.7 111.5 109.4 107.6 106.3 104.8 102.8 100.8 98.8 96.8 95.5 94 92.3 90.9 89.6 89 87.5 86 84.5 82.9 81.9 80.3 79.3 77.1 75.5 75.1 74.8 76.1 75.4 73.9 74.8 74.1 71.4 69.5 70.2 70.4 70.8 69.9 68.4 67 66.3 65.6 64.7 64.9 64.8 63.7 63.5 63.6 63.7 63.9
158.7 158.4 157.2 155.9 155 154.5 153.4 152 150.6 149.2 148.1 147.7 147.3 146.9 146.6 146.3 145.9 145.3 143.6 141 138.5 136 133.7 131.5 129.4 127.2 124.3 121.4 119 116.6 114.5 112.5 110.9 109.3 107.7 105.7 104.1 102.6 101 99.9 98.7 97.2 95.9 94.7 92.6 91 89.4 87.5 88 87.6 84.4 82.4 80.2 77.5 77.2 76.5 75.3 74.5 74.9 74.7 73.5 72.4 71.3 71 70.7 71.3 69.9 69 69 68.5 67.9 66.6 65.3 64.9 64.3 64 64 64 64.1
158.2 156.5 155 153.7 153.5 153 152.5 151.8 150.9 149.5 148.1 147.5 147.1 147.1 146.8 146.4 146.1 145.8 145.5 143.1 140.4 137.8 135.8 133.6 131.5 129.3 126.7 124.4 122 119.6 117.5 115.9 114.3 113.2 111.3 110.7 109.2 107.7 106.1 105.1 104 102.3 100.9 97.9 96.6 94 92.1 90.3 90.8 88.9 85.8 85.5 83.3 80.5 79.2 77.5 76.2 75.1 74 73.2 72.7 72.1 72.4 72.3 71.5 70.4 70 68.9 70.4 69.9 68.8 66.7 65 65 65 64.6 64.5 64.5 64.5
156.6 154.9 153.2 151.6 151.9 151.4 150.9 150.5 149.8 149.1 148.3 147.3 147.4 147.6 146.9 146.6 146.3 145.8 144.7 143.4 140.8 139.2 137.6 135.8 133.6 131.5 129.4 127.3 124.9 122.6 120.8 119.2 118.6 117.2 115.3 113.5 113.5 112.7 111.2 109.6 107.5 104.3 101.4 100.3 99.1 97.7 95.1 94.3 93.6 91.4 89.1 88.8 86.3 83.2 81.7 78.5 78 77.3 76.5 74.9 73.1 73.7 73.7 73 71.8 70.7 69.6 70 71.8 71 69 67 65.9 65.5 65.2 65.1 65.1 65.1 65
155.8 154.9 153.4 151.3 150.4 149.9 149.4 148.9 148.4 147.9 147.1 147.3 147.8 148.1 147.1 146.7 146.2 145.3 144 142.4 140.5 139.6 138.9 136.8 135.7 133.7 131.6 129.5 127.5 125.7 124.1 123.9 123 121.1 119.2 117.4 115.6 116.1 115.6 112.8 108.7 107.4 105.9 105.3 104.3 103.8 100 99.2 97.4 95.1 93.2 92.8 87.9 87.7 84.1 80.9 81.5 79.3 78.6 78 76.8 75.2 74.2 73.6 72.1 71.1 72 72 73.2 71.3 69.6 68.1 67.8 67.3 66.5 65.8 65.6 65.6 65.5
154.4 153.6 152.3 150.5 148.8 148.4 147.9 147.5 147 146.5 146 146.6 147.2 147.7 147.2 146.5 145.7 144.7 143.2 141.3 139.7 138.4 137.4 136.4 135.6 135 133.8 132.6 131.5 129.6 127.2 127.2 126.3 125.1 123.1 121.3 119.5 117.7 116.6 113.6 111.4 110.5 109.8 108 105.6 104.6 103.5 102.3 100 96.8 96.3 93.8 90.1 88.6 85.4 85.9 85.1 81.7 80.4 80.9 79.4 77.7 76.1 74.6 74.3 74.8 75.9 74.6 73.9 72.1 70.4 70 69.3 68.5 67.8 67 66.3 66.3 66.9
152.9 151 149.4 147.9 147.6 146.7 146.9 146.5 146 145.5 145 144.4 145 145.3 144.9 144.5 144.1 143.4 141.7 141.1 139.7 138 136.8 135.8 134.9 134.3 134.1 133.2 132.2 130.6 129.3 128.8 127.4 125.6 125.5 124.2 121.9 120 118.2 118.4 113.1 111 111.6 111.8 110.4 107.9 105.3 103.1 100.9 99.2 97 95 92.5 91.2 89.2 90.2 87.9 84.2 82.5 83.6 82.1 80.9 79.7 78.5 77.9 77.4 77.9 76.4 74.5 73 72.1 71.3 70.6 69.8 69 68.3 67.6 68 68.6
150.5 148.6 146.9 146.9 146.3 145.4 144.6 144.9 145 144.6 144 143.3 142.8 142.6 142.4 142 142.3 141.5 141 140.9 140.2 138.3 136.3 135.4 134.4 133.6 133.6 132.9 131.6 130.8 131 131.2 130.6 129.3 128 126 124.1 122.3 120.6 119.5 118.4 115.5 114.8 112.9 111.5 109.4 106.6 104.8 103.9 102.7 100.5 99.9 96.8 94.5 94 92.2 89.6 86.4 86.8 87.1 85.2 84 82.8 81.6 80.7 80.1 79.6 78.1 76.3 74.6 73.3 72.6 71.8 71 70.2 69.5 68.9 69.6 69.5
147.9 146.1 145.8 145.9 145.1 144.1 143.2 142.6 142.8 142.9 142.8 142.3 142.3 142.2 142.1 141.5 140.9 141.1 141.1 140.3 140.4 137.3 135.1 134.3 133.6 132.9 133.1 132.5 132.4 132.4 132.3 132.2 131.6 131 131 128.9 126.6 124.8 123.3 121.8 120.3 118.9 117.9 116.7 115.6 112.8 108.7 107.2 105.6 104.6 102.5 100.6 101.1 99.7 98.2 96.1 93 91.1 90.5 90.9 88.8 86.7 85.5 84.3 83.7 83 82 80.4 78.7 77 75.5 74.2 73 72.2 71.4 70.7 70.4 70.6 70.3
144.5 145.1 145.4 144.8 143.8 142.9 141.9 141 140.1 138.9 139.3 139.5 139.5 140.1 140 139.2 137.6 137.1 136.1 134.5 133.5 133.3 134 133.6 133.1 132.4 132.4 133.5 133.5 133.4 133.4 133.1 132.5 132.6 133.5 131.3 128.9 128.3 126.8 125.3 124 122.6 120.5 118.5 117.2 115.5 111.4 110 109.9 108.4 106.9 106.7 105.3 103.6 102.1 100.1 97.6 95.9 94.3 94.6 92.8 90.6 88.5 87.4 86.2 85.2 84.2 83 81.1 79.3 77.7 76.4 75.2 73.9 72.7 72.1 71.8 71.4 71.2
142.5 142.9 142.3 141.6 141.3 139.7 138 137.3 137.5 135.1 134.5 134.1 133.1 133 133.2 132.7 131.6 131.7 130.5 130 130.6 131.2 131.8 132.3 131.9 131.4 132.4 133.6 134.6 134.5 134.5 134 134.1 135 135.9 133.6 132.6 131.8 130.4 128.9 128 126.6 124.6 122.5 120.4 118.5 117 114.4 114.2 113.2 112.1 111 109.9 107.9 105.9 104 102.4 100.7 99 98.4 96.7 94.5 93.1 91.9 91 88.5 86.5 85.7 83.7 82.8 82.3 81.5 79.8 78 77.2 77 75.8 74.6 73.7
