data/NN82.asc
ncols 200
nrows 200
xllcorner 280000
yllcorner 720000
cellsize 50
[rows 35 to 69 of 200, columns 0 to 77 of 200]
397.4 379.9 366.9 357 357 357 357 357 357 357 357 357 357 357 357 368 387.5 406.6 429.3 458.4 495.7 531.2 568.1 601.6 628 652.6 672.8 694.3 709.7 720.2 714.9 702.8 690.7 676.9 665.4 655.3 653.3 653 649.7 645.8 644.5 646.4 646.7 648.7 649.5 648.8 647 651.3 655.7 660 662.6 657.9 644.5 626 612 582.3 555.2 534.4 515.7 508.6 505.3 503.1 496.1 502.6 507.8 512.9 517.9 524.1 530.9 537.8 543.9 555.2 569.2 582.4 594.1 603.2 617.5 624
402.4 383.6 370.5 357.2 357 357 357 357 357 357 357 357 357 357 357 359.9 378.8 396.8 421.8 450 483.4 519.8 556 587 603 643.6 675 692.7 711.2 718.7 707.9 700.3 689 670.5 655.6 645.2 643.4 637.2 633.8 633.5 633.2 634 634 639 638.6 637.5 637.3 641.9 647.2 651.3 654.2 651 641 630.4 617.7 590.5 559.9 537.8 518.7 509 504.1 503.1 492.5 498.1 504.3 508.8 513.1 518.3 525.4 532.3 538.5 548.3 562.5 576.4 589.3 595.7 608.4 617.9
405.9 391.5 375.9 363.3 357 357 357 357 357 357 357 357 357 357 357 357 369 388.6 407.7 431.1 464.2 497.6 522.6 554 602.4 637.3 666 687.4 702.8 706.7 703.6 695.7 679.3 661.8 647 633.4 627.2 622.4 624 621.1 620.9 619.8 621.2 623.2 624.3 625.5 628 632.1 637.4 641.9 644.6 643.3 635.2 628.7 616.1 588.2 558.8 536.9 523.1 509.7 501.2 501 486.9 494.3 499.2 503.4 507.6 512.7 519.1 527 531.7 542.3 555.3 568.4 579.6 590.8 597.3 607.6
414.1 396.1 380 365.1 357 357 357 357 357 357 357 357 357 357 357 357 360.2 378.6 395.9 416.4 441.4 469.1 505.7 544 583.3 621.8 648.9 675.6 697.5 703.4 700.9 685.5 668.8 654.3 636 621.5 613.3 609.8 611 611.8 609.5 609.6 610 610.8 614.4 614.2 616.2 620.2 625.2 632.8 637.9 639.7 629.9 622.8 604.5 582.1 560.7 540.4 527.9 513 499.7 494.7 486.9 491 493.9 498.5 501.9 507.6 512.9 518.1 524.8 535.5 546.9 558.6 570.4 581.5 590 598.5
421.5 401.3 384 367.8 357 357 357 357 357 357 357 357 357 357 357 357 357 369.3 385.9 405.3 427.5 455.4 486.1 524.8 553.8 596.3 613.7 640.9 670.5 691.7 687.2 673 660.9 643.8 627.1 613.2 608.1 600.1 601 604.7 603.4 601 600.6 600.5 602.3 604.2 609.1 614.4 619.9 626 631.9 632.4 627.8 617.6 603.2 592.2 563.3 540.6 527.2 512 500.1 492.3 481.1 485.2 488.9 492 496.6 501.9 507.2 512.5 518.8 527.2 537.4 549.5 561.3 572.2 581.3 590.2
429.5 406.4 388.4 372.1 357.3 357 357 357 357 357 357 357 357 357 357 357 357 357.5 373.4 391.5 408.6 432.2 461.8 493.9 524.9 554.4 577.6 606.5 634.5 658.2 672.8 661.4 649 635.8 625.6 615.8 601.1 597.5 593.4 594.3 592.6 590.2 591 591.4 592.3 596 602.7 609.4 615.6 621.7 628.3 627.3 622.8 611.5 600 586.1 561.8 540.2 524.7 511 499.9 489.3 479.3 477.4 482.4 485.5 489.4 494.8 500.2 506 511.2 518.4 527.8 540 552.1 562.5 572.3 578.8
436.1 411.6 392.9 376.1 358.7 357 357 357 357 357 357 357 357 357 357 357 357 357 360.9 375.5 388.5 412.5 441.4 468.5 500.2 533.8 572.1 586.8 617.4 636.4 647.2 650 642 634 623.8 612.1 597.3 598.5 586.6 582.7 581.6 579.7 579.8 581.1 584.9 590.2 596.7 603.4 611.1 618.9 625.6 625.4 617.8 604.1 587.3 569.4 553 536 519.8 507.6 497.4 487.1 478.9 467.8 474.4 479.2 482.5 487.2 493.1 499.1 504.1 510 518.6 529.9 542 553.7 563 569.5
444.5 420.5 402.1 381.4 363.9 357 357 357 357 357 357 357 357 357 357 357 357 357 357 359 373.3 395 420.7 448.7 470.3 499.9 524.3 545.9 569.1 594.3 617.2 631.5 636.2 635.2 622.9 610.9 597.6 585.4 580.1 574.9 572 569.4 570.6 573.7 579.2 586 592.2 598.8 605.9 615.8 622.6 624.8 615.4 598.4 583.4 570.9 546.5 529.6 516.2 504.1 493.7 483.9 476.4 469.9 468.4 472.8 476 480 486.1 492.1 496.6 501.2 508.7 518.9 530.7 542.2 552 560.6
455.5 431.2 410.9 390.8 372.5 358.3 357 357 357 357 357 357 357 357 357 357 357 357 357 357 361 379.9 399.7 422.1 442.4 469.5 496 514.4 534.6 560.5 588.6 614.5 628.1 630.5 622.1 608.5 600.2 585.2 573.6 566.6 562.2 561.9 564.8 568.3 575 581.7 588.5 594 602.2 611.9 619.2 615.3 605.5 596.9 583.8 572.5 546.5 527.9 510.8 500.4 489.7 480.6 473.5 466.8 460.9 466 469.3 474.2 478.8 484.6 489.3 493.4 499.4 506.6 519.1 530.5 541.4 550.4
462.3 440.1 417.4 397.5 379.5 364.2 357 357 357 357 357 357 357 357 357 357 357 357 357 357 357 365.4 383 394.4 419.8 444.1 463.2 484.3 503.1 525.2 557.8 581.2 601.9 609.1 611.6 603.7 596.5 584.9 572.3 564.8 555.5 554.1 558.3 563.9 570.7 577.6 584.3 591.8 602.2 612 613.6 609.6 603.9 594.2 576.7 560.3 544.3 528.7 511.7 496.7 486.6 478 470.3 464.1 457.4 462.2 464.8 468.6 472.7 477 482.1 486.2 490.2 496.8 507.8 519.4 530.4 539.1
474.4 452.7 422.7 402.8 387.1 368.9 357 357 357 357 357 357 357 357 357 357 357 357 357 357 357 357 361.3 376.7 395.6 416.2 435.8 454.4 472.9 494.6 522.7 545.1 552.9 568.5 581.4 587.9 585.9 581.6 573 563.7 552.5 544.4 552.5 558.2 565.7 573.2 580.7 592.2 602.5 611.3 611.8 608.9 601.5 590.6 576.8 558.2 543.3 527.7 512.7 499 486.5 476.5 467.1 461.5 455.3 456.8 459.4 464.6 467.7 470.7 474.4 478.1 482.5 487 496.7 507.7 517.9 525.8
483.3 459.8 439.3 411.5 395.6 377.2 359.7 357 357 357 357 357 357 357 357 357 357 357 357 357 357 357 357 364 381.2 394.3 414.5 432.8 447.3 467.7 487.2 504.2 518.5 533.8 550.9 561.2 569.6 573.2 568.8 555.9 543.7 535.5 543.1 550.8 560.1 568 582.7 594.9 602.9 609.2 608.9 607.2 601.4 594.1 578.9 561.2 546.2 529.6 514.7 500.7 489.6 479.8 471.6 463.3 456.8 452.5 455 460.6 462.2 463.7 466.2 470.3 474.7 478.9 484 494.4 504.7 510.4
507.8 489.3 445.1 423.5 404.5 386 367.9 357 357 357 357 357 357 357 357 357 357 357 357 357 357 357 357 357 370.9 381.6 397.1 411.6 426.8 441.1 456.8 472.7 490.4 509.5 527 542.9 555.8 565.1 555.5 542.1 531.6 529 535.2 544.2 554.4 565.8 583.1 596.2 603.2 606.9 607.3 606.7 603.9 595.7 580.8 565.6 554.7 535.5 517.8 504.7 494.3 486 478.6 467.8 459.6 456.4 449.1 458.1 458 457 459.2 462.4 466.2 470.4 475.7 484.3 491 496.6
531.1 493.4 463.4 433.9 413.5 390.4 378.1 366.8 357 357 357 357 357 357 357 357 357 357 357 357 357 357 357 357 357 365.7 378.9 390.1 403.4 419.6 434.4 448.5 465.9 485.8 505.3 524.3 534.9 542.3 538.9 529.6 522.4 521.8 527.5 535.4 547.5 566.8 584 595.6 600.2 604.1 604.8 604.5 599.5 592.6 582.2 568.9 551.9 540.2 526.4 511.9 502.2 494.4 484.7 473.2 464.8 459 444.6 448.4 453.2 452.3 452.6 455.8 459.1 462.4 467.9 472.7 477.4 484.6
548.8 517.2 477.2 441.8 420.9 402.4 385.7 371.8 360.7 357 357 357 357 357 357 357 357 357 357 357 357 357 357 357 357 357 360.9 370.6 384.7 402.6 416.5 432 446.5 462.8 478.9 497 510.8 522.7 523.4 516 514.1 515 521.6 531.8 548.7 566.7 582.7 592.3 598.4 601.7 599.8 596.2 591.2 585.8 579.1 568.1 554.7 542.8 534.4 523.8 510.6 505.1 493.4 479.8 470.3 463.5 457.3 446.1 444.8 447.6 447.3 449.1 452.2 455.7 458.7 464.8 468.2 471.3
576.9 549.6 490.5 449.1 431 414.4 398.6 382.5 369 365.4 358.4 358.6 357 357 357 357 357 357 357 357 357 357 357 357 357 357 357 357 368.3 384.4 399.1 414.9 428.5 441.1 455.9 473.2 488 498.8 503.9 503.4 503.8 508.3 515.5 530.9 546.5 565.6 580.5 589 595 597.2 596 590.7 585.2 581.8 575.1 568.5 558.3 552.7 540.2 527.7 518.8 511.2 501.2 489.6 477 468 462.4 454.7 445.1 437.5 440.8 443.8 445.4 447.8 450.9 454.8 459.1 464.5
591.8 552.2 495.5 461.6 439.5 420.3 403.4 389.6 379.2 366.4 358.2 357 357 357 357 357 357 357 357 357 357 357 357 357 357 357 357 357 357 372.3 381.2 392.7 403.4 420.3 437 451 464 476.7 484.5 491.3 488.1 499.3 509.2 524.1 543.2 560.8 576.5 584.9 590.2 592.2 591.2 585.6 580 574.8 569.2 565.4 562.5 556.9 549.5 538.3 527.8 519.2 509 497.5 485.8 476.6 468 460.3 452.8 442.6 434.4 435.9 438.7 441 443.5 448 452.3 455
581.3 541.2 505.4 472.3 441.8 424.2 409.9 396.6 385.1 371.9 363.9 357 357 357 357 357 357 357 357 357 357 357 357 357 357 357 357 357 357 357 365.6 374.8 387.1 403.4 418.1 430.5 442.7 455.8 468.5 475.7 471.6 491.7 505.1 522.2 540.7 562.6 573.7 580.3 582 582.9 583.3 579.5 573.9 570.7 565.5 566.9 570.5 570.2 561.1 546.2 538.9 533.5 522.5 505.8 494.8 485.4 476.2 467.8 459.2 451.2 444.6 429.3 429.1 434.2 437.9 441.6 443.7 445.7
572 537.6 497.4 467.5 444.3 428.8 412.5 400.4 388.3 378.3 368 361.7 357 357 357 357 357 357 357 357 357 357 357 357 357 357 357 357 357 357 357 363.6 373.4 385.8 401.6 411.8 426.5 440.4 451.1 451.3 469.4 486.9 504.7 523.3 541.7 551.3 558.9 567.6 571.2 574.5 572.6 571.9 569.2 563.3 561.7 561.6 564.2 563.7 562.9 554.6 548.7 540.8 531.2 517.9 503.9 493.6 484.2 475.1 467.1 459 449.3 438.1 418.7 421.2 432.3 433 435.3 437.3
566 532.1 499.2 472.3 454.1 434.3 418.7 405.7 392.7 383.5 378.2 372.8 365.4 357 357 357 357 357 357 357 357 357 357 357 357 357 357 357 357 357 357 357 357 368.1 380.5 397 413.8 425.5 430.6 446.3 459.9 473.5 491.3 511.1 523.4 534.9 544.9 553.3 557.9 563.1 565.9 567 565.9 563.1 560 558.6 557.9 561 562 560 554 545.1 532.2 521.1 512.1 502 490.5 481.8 474 466.5 452.8 442.5 436.4 419.8 418.6 428.5 427.4 429.6
562.7 541 515.7 489.9 460.2 439.2 422.2 408.7 399.1 395.4 390.2 385 376.9 366.3 363 357.8 357 357 357 357 357 357 357 357 357 357 357 357 357 357 357 357 357 357.8 369.8 381.5 393.2 402.4 420 434.3 443.6 454.6 468.4 483.4 502.1 513.5 524.9 533.2 539.9 552.2 558 560.4 558.4 556.7 559.5 557 552 554.5 555.2 556.2 552.5 541.3 529.6 528 525.9 514.8 498.4 488.3 478.8 468.4 459.8 448.1 440.4 431.5 407.7 413.2 420.3 422.9
571.9 558.8 529.5 493.2 461.6 444.2 427.8 418.2 412 407 402 395.8 388.4 377.6 372.4 369.2 363 358 357 357 357 357 357 357 357 357 357 357 357 357 357 357 357 357 360.2 369.7 378.2 390.6 405.1 417.9 430.9 438.4 453.7 469 482.6 496.6 507.1 515.5 527.1 536.9 546.9 550.9 550.1 549.7 553.6 553.4 551.2 544.8 541.9 544.3 544.2 542.1 540.2 541.8 532.3 523.1 506.6 493.4 479.8 468.4 458.8 449.2 440.8 433.1 413 401.6 402.2 415.4
558.2 549.2 522.8 487.9 466 451.6 439.2 429.6 424 419.2 413.5 405.6 398 388.2 381.6 379.3 375.5 373.1 367.7 359.2 357 357 357 357 357 357 357 357 357 357 357 357 357 357 357 359.4 367.8 377.8 387.8 403.1 418.4 427.8 435.3 447.4 460.5 473.9 485.3 497.5 508.9 517.6 529.9 539.4 542.3 542.8 542.7 545.4 544.8 540.8 535.6 534.4 537.1 541.5 549.6 542.3 528 513.7 501.2 488.7 477.2 467.9 455.5 449.9 441.5 437 425 414 397.3 401.5
551.3 532.4 519.9 490.7 476.4 466.4 451.4 441.4 435.5 430.8 423.5 415.9 408 398.3 390.5 387.2 388.7 386.8 381.3 374.1 367.1 358.8 357 357 357 357 357 357 357 357 357 357 357 357 357 357 357.6 367.5 376.4 386.8 402.2 414.5 423.8 426.9 439.8 453.9 464.8 477.5 490.6 503.4 516.8 525.7 531.3 535.9 535.1 535.3 535.3 535.5 531.7 530.1 530.8 536 535.3 531.3 521.7 507.2 493 479.3 473.4 464 459.5 454.8 442.5 434.6 425 414.7 400.2 394.9
552.8 535.4 516.5 498.9 486 476.4 462.1 449.6 444.7 440.2 434.1 427.6 418.2 408.3 399.5 394.5 396 392.9 390.3 386.3 374.7 372.8 367.3 357 357 357 357 357 357 357 357 357 357 357 357 357 357 358.1 366.1 374.1 389.5 401.2 410.6 419.1 425 433 445.9 459.5 473.8 486.9 501.7 511.5 519.7 523.1 526.6 528.7 531.1 529.9 528.1 527.7 527.8 527 524.6 519.8 511.7 502 503.7 492.9 479.5 471.9 470.4 462.8 447 435.1 424.9 416.9 401.2 392.7
566.1 542.1 523 507.6 495.4 482.9 471.1 459.3 452.3 448.1 442 438.5 429 418.8 409.1 405 404.7 403.7 400.8 392.5 388.8 387.1 380.8 371.2 363.2 357 357 357 357 357 357 357 357 357 357 357 357 357 359.1 362.4 371.8 386 397.4 406.5 413.7 417.9 427.7 441 457.8 471.1 485 499.8 508.4 515.5 519.1 523.6 524.8 525.4 526.3 525.8 522.7 521.6 516.3 509.1 506.3 505.4 502 500.2 484 474.1 471.8 461.7 449.6 438 423.9 415.8 405 393.1
586.2 558.9 536.2 518.5 501.7 489 478.5 469.5 461.8 455.9 449.8 444.1 438.7 429.6 420.5 421.3 413.9 409.5 406.1 397.2 403.2 397.1 392.1 385 376.1 370.6 362.1 357 357 357 357 357 357 357 357 357 357 357 357 357 360.5 373.8 385.1 392.4 399.6 405.9 412.3 425.5 439.4 454.7 470.4 486 499.8 507.9 507.9 516 518 520.5 519.8 517.7 514.4 510.8 504.9 498.6 492.5 489 484.9 485.2 481.1 468 463.6 462.4 450.4 437.2 425.7 415.2 407.3 396.2
607.2 588.8 555.7 539.3 515 500.4 490.4 480.6 472.2 465.6 457.5 451.6 446 438.3 431.7 428.5 426.3 418.4 413 403 412.1 405.2 399.1 393.5 386.9 381.3 375.1 364.9 357 357 357 357 357 357 357 357 357 357 357 357 357 366.1 377.6 385.5 392.9 399.4 403.9 416 428.7 443.7 460.1 475.8 490.6 497.8 500.4 503.1 506.4 507.2 506.5 503.3 504.2 499.5 493.2 489 485.6 478.8 475.8 470.1 464.9 458.9 451.5 446.9 441.9 430.4 421.5 412.4 403.8 395.1
624.6 606.4 582.2 560.2 536.6 514.7 503.5 496.5 486.9 476.4 467.8 458.5 451.2 443.8 438.2 436 432.2 426.5 413.5 410 416.2 412.7 407.7 403.6 398.3 392.9 387.2 378.7 367.7 358.6 357 357 357 357 357 357 357 357 357 357 357 358.9 370.6 378.4 386.4 395.1 400.8 409.7 422.7 436.5 453.9 466.4 478 484.8 492 491.7 494.1 496.9 494.6 488 487 485.3 482.8 485.8 479.1 474.2 464.5 456.4 448.4 441.4 438.2 431.7 425.9 418.2 412.3 405.8 396.8 390.5
639 626 607.8 586.8 557.2 534 518.1 511.5 503.5 489.1 477.9 469 460.2 450.5 444.7 442.1 436.9 426.1 415.7 424.5 424.9 421.8 417.4 412.7 409.8 405 399.9 391.6 380.6 370.6 364.3 358.8 357 357 357 357 357 357 357 357 357 357 364.3 370.6 378.3 387.9 397.7 404.5 418 431.3 447.2 462.5 469.5 472.9 478 478.8 484 482.6 482.1 480.6 480.9 480.9 477.5 476.8 467.4 455.5 448.5 444.4 435.8 428.5 422.1 416.9 412 405.4 401.2 397.2 392 386.3
641.8 633.8 620.5 601.7 576.4 554.3 533.6 532.7 517.4 507 487.6 478.2 469.4 460.2 453.4 447.2 442.3 430.9 424.3 438 440.5 434.9 429.6 424.7 421.2 417.4 411.4 401.4 392.9 385.6 376.3 368.4 363.4 357 357 357 357 357 357 357 357 357 361.8 366.9 373 379.2 388.6 398.4 410.1 422.8 437.4 453.5 464.9 467.7 467.6 467.7 466.7 470.1 469.7 469.1 470.1 469.9 468.2 463.8 457.8 448.3 438.7 432.1 424 419.6 411.4 405.5 402.1 398.2 394.2 391.6 387.7 382.5
643.5 634.8 623.5 608.9 596.4 579.3 551.2 549.2 537.6 515.2 498.5 486.7 477.5 468.1 463 455.9 447.9 438.9 445.4 450.2 450.3 448.3 444.4 440.6 433.4 428.1 421.2 412 405.1 398.6 388.7 379.4 368.7 359.1 357 357 357 357 357 357 357 359.5 362.8 365.5 369.7 375.5 383.1 390.4 401.1 412.8 424.5 439.1 453.2 467 471.7 475.5 469.3 456.8 455.9 453.7 453.1 451.8 449.9 446 441.7 432.7 427.3 420.3 414.6 408.4 401.8 399 396 393.6 390.4 387.6 386 380
629.1 624.4 619.8 617.5 607.8 594.9 561.7 563.4 552.9 529 508.3 493.5 483.9 476.8 471.2 464.4 457.1 448.9 459.6 461.5 464.6 465.3 463.5 460.7 452.3 442.4 431.9 423.6 419.1 413.3 400.8 387.8 374.2 364.4 357 357 357 357 357 357 359.1 359.9 361.1 364.8 369 373.4 379.1 384.4 392.9 402.3 413.5 424.9 441.6 460 465.4 468.4 466.1 460.8 446.9 443.3 441.6 435.3 430.6 427.3 423 417.2 410.5 408.9 405.1 401.1 396.8 393.2 391.5 391 386.6 382.8 379.6 375.1
615.8 621.8 620.5 619.1 612.6 591.6 582.6 577.1 561.3 537.2 512.2 500.9 490.5 484.5 478.7 473 467.3 457.1 471.5 474.2 478.7 484.2 483.5 478.3 470.1 462 448.2 438.4 429.6 423.1 410.7 396 382.9 369.6 361.3 357 357 357 358.9 355.5 356 357.5 359.9 365 372.1 373.3 376 378.9 386.1 395.8 405.7 416.9 430 443.1 451.9 455.6 457.2 453.3 439.5 432.6 426.9 421.7 415.3 409.4 405.6 400.9 399.2 399.1 396.6 392.5 392.1 391.8 390.3 387.8 383.1 379.6 376 370.5
601.9 612.7 613.7 606.2 606.4 595.8 593.2 580.4 563.7 533.4 514.4 503.5 493.7 489.5 485.6 478.6 469.7 466.6 480.7 486.1 492.2 497.7 499.7 497.9 494.2 487.5 474.2 455.4 440.2 427.9 417.9 401.3 389.5 376.5 368.6 360.5 358.9 354.5 346.6 345.5 354 356 358.9 362.1 368.8 372.8 372.4 375.1 380.3 389.9 399.6 409.2 417.3 426.7 433.9 437.9 440.7 442.1 435.1 421.7 417.8 410.9 403.5 398.1 394.7 393.1 391.2 388.8 385.9 385 385.9 388.2 385.9 382.9 380.5 376.9 372 369.1
