data/NN84.asc
ncols 200
nrows 200
xllcorner 280000
yllcorner 740000
cellsize 50
[rows 0 to 34 of 200, columns 78 to 155 of 200]
207.9 205.1 193.5 180.9 165.6 158 155.8 153.8 147.3 138.3 120.8 125.7 130.8 136.4 140.5 136.6 132.1 125.4 118.9 118.5 115.4 109.7 108 108.7 113.5 115.2 111.8 107.9 100.1 98.8 100.5 101.1 99.5 96.4 91.5 89.6 97.9 101.8 101.8 100.7 98.5 92.9 90.8 89.9 88.3 87.4 87.5 87.6 86.9 84.6 83.6 83.2 82.3 81.8 82.5 82.8 82.6 81.9 81.6 84.6 90.1 102.9 111.9 115.2 116.7 118.3 119.9 122.1 122.5 124 125.2 126.2 127.5 128.6 130.7 130.3 129.9 130.6
173.2 170.9 165.2 143.8 136 131 128.5 125 117.5 107.6 107.6 109.8 113.9 117.9 117.2 114.5 116 112.7 109.2 109.1 107.3 102.7 100.1 102.4 105.3 106.1 104.4 103.9 98.8 94.3 95.6 96 92.8 89.4 88.2 89.1 97.7 100.7 99.5 99.2 95.3 90.3 89.9 88.9 87.8 87.5 87.4 87 85.6 85.8 83.4 82.8 82.7 82.3 82.5 82.1 81.7 82.8 82.2 88.7 94.5 104.9 111.8 116.6 118.8 118.8 119.9 121.5 124.7 126.6 128.6 130.2 131 132.2 133.6 135.4 134.9 134.9
139.2 137.8 134.8 127.3 122.6 117.5 111.6 106.2 95.6 95.9 96.8 98.1 99.8 100.5 102.5 101.2 96.8 99.8 101.8 99.9 98 96.1 94.9 97.6 99.6 99.2 97.9 99.1 94.5 90.6 91.4 91.3 88.8 88.4 88.7 89 96.2 99.7 99.2 97.9 94.2 89.4 89.2 88.6 87.8 87.3 86 85.4 85.5 85.6 85.7 84.8 83 83.1 82.5 81.8 81.8 82.3 87.3 95.4 102 110.1 115.8 119.1 121.5 121.4 122.2 124.4 126.9 129.3 131.2 133.9 135.1 136.3 137.6 138.9 139.7 139.3
123.8 126.4 118.8 108.3 106.4 101.3 98.1 92.9 87.5 87.1 89.3 91.4 90.7 88.3 90.6 91.9 90.1 89 92.4 93.2 91.7 89.1 90 90.1 90.4 91 91.5 91.1 89.3 89.6 90.4 89.1 88.6 88.6 88.8 89 91.6 95.4 97.2 98.3 98.5 90 89 87.8 86.4 85.4 85.4 85.4 85.5 85.6 85.7 85.8 85.6 84.1 83.4 82.7 84.1 87.9 93 100.6 107.6 113.7 118.9 121.9 125.4 126.1 125.9 127.5 129.8 132.4 135 137.6 139.3 140.4 141.6 143.2 144.1 144.3
106.7 112.5 103.2 92.8 90.2 90.4 88.5 86.2 86 85.9 85.6 86.4 85.8 85.5 85.1 85.5 85.9 86.2 87.3 88.3 87.6 87.7 87.6 87.5 87.3 86.5 87 87.5 88 87.6 88.3 88.5 88.3 88.7 88.9 88.8 89.1 91.9 94.1 96.2 100.2 90 88.1 86.9 85.7 85.4 85.4 85.4 85.5 85.6 85.7 85.7 85.8 86.5 87.9 89.3 89.2 93 100.1 108.9 113.5 119.4 119.7 124.5 129 130.8 130 131.3 133.4 136 139.2 141.7 143.8 145.3 146.8 148 149.1 149.5
92.5 89.2 87.5 87 87.4 86.5 86 85.4 85.4 85.2 85 85 85 84.9 84.9 84.9 84.9 85.1 86.2 89 85.5 85.5 85.4 84.9 85.6 84.8 84.7 85 85.7 86.3 88 88 88 88.4 88.5 88.2 88.5 90.4 91.7 91.9 90.1 88.7 87.4 86.2 85.4 85.4 85.4 85.4 85.5 85.5 85.6 85.7 85.8 86.9 88.4 91.9 96.5 100.1 110.4 119.7 120.7 123.6 124.8 127.5 130.4 132.5 134.2 135.6 137.4 139.9 143.3 145.8 147.9 149.9 150.9 151.5 152.3 152.9
87.2 86.9 85.8 85.7 85.9 85.9 85.5 85.1 84.9 84.9 84.9 84.9 84.9 84.9 84.9 84.9 84.9 84.9 85.2 87.6 85.2 84.9 84.8 84.7 84.6 84.6 84.7 84.9 85 84.8 87.8 87.9 88 88.1 88.2 87.9 87.7 88.6 89.6 89.1 88.6 88.1 86.1 85.4 85.4 85.4 85.4 85.4 85.4 85.5 85.5 85.6 87.4 89.7 91.1 94.9 100.9 106.8 121.9 126.7 127 128.1 129.9 131.7 134.2 136.2 138.3 139.6 142.2 145.7 148.5 150 151.2 152.8 153.8 154.4 155.5 156.1
86.9 86.5 85.9 85.8 85.8 86 85.5 85.1 84.9 84.9 84.9 84.9 84.9 84.9 84.9 84.9 84.9 85 85.3 85.7 85 84.8 84.8 84.7 84.7 84.6 84.7 84.7 84.6 84.6 87.3 87.6 87.8 87.9 87.9 87.9 87.7 87.4 87.5 87.8 87.9 87.5 87.8 85.4 85.4 85.4 85.4 85.4 85.4 85.4 85.7 87.8 89.6 91.8 94 96.3 102.2 123.8 131.8 132 134.5 136 136.8 137.6 138.5 139.4 141.3 144.1 147.8 150.6 152.4 153.7 154.8 155.6 156.6 157.3 158.5 159.3
86.8 86.4 85.9 85.9 85.8 85.7 85.6 84.9 84.9 84.9 84.9 84.9 84.9 84.9 84.9 84.9 84.9 85.2 85.5 85.6 84.8 84.7 84.6 84.6 84.5 84.5 84.8 85 84.9 86.5 87.9 87.9 87.9 87.9 87.9 87.9 87.6 87.3 87.2 87.3 87.3 87.2 87.6 87.9 85.4 85.4 85.4 85.4 85.4 85.7 87.5 88.7 89.5 93.1 95.1 97.8 103.7 116.1 125.1 131.5 140.5 142.7 145.2 144.2 143.6 143.1 144.9 147.7 150.8 153.1 155.3 157.2 158.1 159 159.6 159.7 161.3 162.7
86.8 86.2 85.8 85.8 85.7 85.7 85.4 84.9 84.9 84.9 84.9 84.9 84.9 84.9 84.9 84.9 85 85.1 85.1 85.1 84.8 84.5 84.4 84.4 84.3 84.5 84.8 85.2 85.7 86.4 87.9 87.9 87.9 87.9 87.9 87.8 87.4 87.1 87.2 87.2 87.1 87.1 87.3 87.7 87 85.4 85.4 85.4 85.9 87.3 87.9 89.1 93.4 96.4 97.8 102 109.8 116.2 122.1 130.6 139.1 144.8 151 150.4 149.2 147.2 148.4 150.4 152.5 154.6 156.8 160.2 162.1 162.2 163 163 164.2 165.7
86.9 86.6 85.8 85.7 85.7 85.7 85.2 84.9 84.9 84.9 84.9 84.9 84.9 84.9 84.9 84.9 84.9 84.9 84.9 84.9 84.8 84.4 84.2 84.1 84.2 84.4 84.8 85.2 86.1 87.7 87.9 87.9 87.9 87.9 87.9 87.6 87.3 87.1 87.1 87 87 87 87.2 87.7 87.9 86.5 85.8 88.5 92.4 93.8 96.8 101.1 103.6 107.4 100.8 109 112.2 117.9 123.2 131.5 136.7 143.3 148.9 151 151 151.1 151.6 152.5 154.5 156.4 158.3 161.4 165.1 165 166 166.4 167.5 169
86.9 86.8 86.2 85.7 85.7 85.7 85.3 85.2 84.9 84.9 84.9 84.9 84.9 84.9 84.9 84.9 84.9 84.9 84.9 84.9 85 84.6 84.1 83.9 84.1 84.4 84.8 86 87.4 88.4 87.9 87.9 87.9 87.9 87.8 87.4 87.1 87 87 87 87 87 87.3 87.6 87.7 88.8 94.6 100.3 102.3 105.8 109.4 111.3 110.5 111.6 110.7 108.7 111.1 120.5 126.4 131.9 136.7 141.3 147.8 151 154 155.5 156.3 156.2 157.7 158.7 160.2 163.1 166.5 167.5 168.8 169.6 170.7 172.5
86.9 86.7 86.4 86.2 85.7 85.5 85.5 85.4 84.9 84.9 84.9 84.9 84.9 84.9 84.9 84.9 84.9 84.9 84.9 84.9 85 85.1 84.5 84 84.1 84.3 85.9 87.2 88.3 89 88.5 87.9 87.9 88.1 88.2 87.9 87.6 87 87.1 87.1 87 87 87.3 88.2 89.1 94.5 100 102.5 106.7 111.2 114.2 117 118 117.1 110.9 109.3 112.7 119.4 125.6 131.6 136.2 141 146.4 151.1 156.7 159.2 160.3 160.2 159.5 159.6 162.4 165.2 167.7 170.6 171.2 173 174.3 176.4
86.7 86.4 86 85.7 85.7 85.7 85.6 85.5 85.1 84.9 84.9 84.9 84.9 84.9 84.9 84.9 84.9 84.9 84.9 84.9 85 85.1 85 84.6 84.3 84.9 86.6 88.5 89.2 89.6 89.5 88.9 88.4 88.6 89.2 88.8 88.5 87.6 87.1 87.1 87 87.1 88 90.3 89.1 96.7 100.4 103.9 108.4 111.5 115.1 119.2 120.8 119 115.2 114 113.8 120.6 125.8 130 135.7 140.7 145.6 150.1 156 160.4 160.6 162.7 163 162.5 165.5 167.7 169.6 171.2 173.6 175.4 177.9 179.8
86.4 86.2 85.9 85.7 85.7 85.7 85.7 85.7 85.6 84.9 84.9 84.9 84.9 84.9 84.9 84.9 84.9 84.9 84.9 84.9 84.9 85 85.3 85.6 84.4 86.6 89.3 91.2 91.8 91.9 90.5 90.7 90 89.2 89.9 89.6 89.4 88.8 87.5 87.4 88.5 90.2 91.2 92.5 93.9 95.8 99.3 101.8 107.1 110.7 114.5 118.3 120.8 120.6 119.9 119.6 119.2 121.1 129 131.1 137.3 140.5 145.7 150.5 154.7 159.6 161.6 165.3 168 167.8 168.7 170.9 172.3 173.6 175.5 177.5 180 181.7
86.5 86.2 86 85.8 85.7 85.7 85.7 85.7 85.7 84.9 84.9 84.9 84.9 84.9 84.9 84.9 84.9 84.9 84.9 84.9 84.8 84.8 85.2 86 85.3 88.9 91.9 92.2 92.4 92.7 92.1 92.6 89.8 91 90.5 91.3 90.4 89.6 88.8 89.4 91.5 93.5 94.1 95 96.4 98.4 101.5 105 107.5 110.6 114.1 117.4 119 121.2 122.7 122.7 120.2 119.9 130.8 134.2 138.1 143.1 148 149.9 152.7 158.5 162.6 166.4 170 171.2 172.3 173.7 175 176.1 177.8 179.6 182.1 184.9
86.5 86.3 86.1 86.2 86.1 85.7 85.7 85.7 85.7 85.1 84.9 84.9 84.9 84.9 84.9 84.9 84.9 84.9 84.9 84.8 84.8 84.8 85.4 87.1 87.8 91.3 92.3 93.1 93.2 93.3 92.9 92.2 90.1 91.6 91.9 92.7 92.2 90.7 90.3 91.6 93.9 96.8 97.5 97.9 99.3 99.8 104.8 108.5 110.9 111.8 114.3 117.2 119.9 122.5 125 127.9 129.7 128.9 130.2 138.5 140.9 145.1 149.9 150.8 155.8 158.9 162.5 167 169.6 172.4 175 176.5 177.7 178.6 179.6 182 185.2 188
86.6 86.7 86.8 86.8 86.8 85.7 85.7 85.7 85.7 85.5 84.9 84.9 84.9 84.9 84.9 84.9 84.9 84.9 84.9 84.9 84.8 84.8 85.1 87.2 89.3 92.1 93.1 94.1 94.2 94.6 94.2 93.1 89.5 92.6 93.4 94.2 93.5 92 92.8 94.2 96.5 100.2 99.1 98.9 101.6 105.7 107.6 110.8 114.3 114.6 116.3 118.5 120.9 124.8 128 131.7 134.5 133.4 129.4 141 145.3 148.6 150.8 154.5 158.4 161.1 165.3 169.5 172.1 173.6 176.5 179.1 180.2 181.2 182.7 185.3 188.4 191.1
86.8 86.8 86.8 86.8 86.7 86 85.7 85.7 85.7 85.7 85.1 84.9 84.9 84.9 84.9 84.9 84.9 84.9 84.9 84.9 84.8 85 85.5 87.9 90.3 92.6 93.7 94.8 95.6 96.1 96.3 94.9 93.7 94 95.5 96.5 95.6 95.4 96 97.1 99 100.6 99.3 101.5 108.5 109.8 112.3 112.6 115 116.9 119.3 120.7 125.7 129.1 131.6 135.9 139.9 140.6 137.9 140.1 147.6 152 155.1 156.9 159 162.7 168.9 172 174.8 177.1 178.9 179.8 181.8 183.8 185.6 187.7 191.9 193.1
87.8 86.8 86.8 86.8 86.7 86.6 85.7 85.7 85.7 85.7 85.4 85 84.9 84.9 84.9 84.9 84.9 84.9 84.9 84.9 85.1 86 87.2 88.9 90.8 92.5 94.1 95.9 97.2 98.1 98.5 98.3 98.5 96.7 96.9 99.9 100.5 101 100.1 101.7 102.6 104 106.9 108.1 111.4 112.9 115.1 116.6 117.9 120.1 123.7 126.1 129.8 133.8 136.3 139 141.3 143.5 142.9 140.5 150 152.9 157.7 160.5 162.2 166.5 169.5 172.6 176.8 180 179.5 180.3 182 184.8 187.3 190.1 196.8 198
87.9 87.4 86.8 86.7 86.6 86.6 85.7 85.7 85.7 85.7 85.7 85.3 84.9 84.9 84.9 84.9 84.9 84.9 85 85.5 86.3 87.2 88.4 90.1 91.9 93.5 95.6 97.3 98.5 99.6 101.9 103.9 100.7 98.1 100 112.9 114.9 111.2 107.2 109.8 109.9 109.2 109.2 110.6 112 115.9 119.2 120.5 122.4 124.1 129.4 131.7 134.4 137.3 140.8 142.9 145.5 147.6 149.1 147.7 149.8 155 160.2 162 165.9 169.8 170 173.4 178.9 180.9 182.2 183.2 184.1 185.8 188.3 192.1 195.6 198.7
87.9 87.9 87 86.7 86.8 86.8 86.8 85.8 85.8 85.8 85.8 85.6 85 84.9 84.9 84.9 84.9 85.5 86.2 87.2 87.8 88.2 88.6 91.3 93 94.6 97.1 98.9 102.3 102.5 102.5 105 105.3 98.8 110.7 120.5 123 118.7 114.9 114 113 112.5 112.5 113 114.7 118.6 121.3 124.8 127.4 130.4 134.4 137.1 139.4 142.4 145.1 148 149.5 151.5 153.5 152.9 153.3 157 159 161.7 168.8 171.3 173.7 176.1 179.1 181.9 184.8 186 187.1 188.6 190.3 195.5 198.3 201.3
87.9 87.9 87.9 86.9 87 87 86.5 87.7 87.2 86.4 86 86.4 86.4 85.1 84.9 85.1 86.4 87.6 88.2 89.1 89.3 89.1 89.9 93.5 94.6 95.6 97.7 99.4 106.3 105.6 104.6 105.2 105.8 102.9 112.8 121 127.8 124.5 120.8 118.1 117.1 117.5 117.4 117.9 119.2 120.6 124 128.1 131.3 136.7 140.1 143.2 146.2 148.1 149.7 152.1 154.6 155.4 157.1 158.6 158.5 160.8 161.8 162.2 170 172.6 176.2 179.4 181.6 184.2 187.4 189.6 191.4 193.3 194.5 198.4 202.4 206.1
87.9 87.9 87.9 87.9 87.1 88.2 90.1 91 89.5 88.9 89.1 89.6 89.6 88.7 87.3 88.4 89.8 89.5 88.8 94 97.4 97.2 96.4 97.1 98.4 98.5 99.6 101.7 104 106.8 107.4 108.3 107.5 107.9 113.5 124.3 130.9 129.4 125.9 123 121.6 121.3 120.7 120.7 124.5 125.8 128.4 132.3 137.4 141.6 145.6 149.3 151.9 153.6 155.3 156.9 158.8 159.8 161.1 162.7 163.9 166.5 169 169.4 168.9 173.5 178.8 183.9 186.4 188.8 189.2 192.2 197.8 199.2 200 202.1 206.6 209.3
88 87.9 87.9 88.3 90.9 94 96.6 97.9 95.8 93.8 96.8 99.3 98.3 96.9 96.6 95.1 94.9 93.1 92.2 98.4 101.1 102.2 102.4 102.3 101.8 102.1 103.5 105.9 107.9 109.8 111.6 113.7 109.3 110 115.8 126.5 130.7 130.6 129.7 127.4 126.5 124.9 123.1 124.6 128.3 130.1 134.2 138.6 143.1 146.7 150.7 154 156.5 158.9 160.8 162.5 163.7 164.5 165.7 167.1 168.6 171.5 174.1 175.1 171.8 174.5 183.2 188.7 191.4 193.7 196.6 197.6 200.7 203.6 205.1 206.1 210.3 212.2
88.3 88.3 89.7 91.7 99.3 104 102.9 101.9 103.2 109.9 106.6 105.9 104.3 104.1 108 105.1 101.4 99.6 99 99.3 104.8 106.5 106.3 107.4 108.1 107.4 108.5 110.6 113.3 120.3 120.3 119.9 110.7 113.4 118.9 128 131.5 131.7 131.1 130.3 130.9 130.1 128.9 129.4 131.8 134.8 138 142.5 147.5 151.4 154.5 157.8 161.1 163.4 166.5 168.1 169.7 170 170.4 172.5 174 176.4 178.4 180 178.7 179 185.7 193.1 196.2 198.4 200.2 201 204.6 207.9 210.9 211.6 213.8 216.5
91.6 93.7 96.7 101.8 107 110.7 110.1 108.2 108.2 112.1 113.9 112.1 112.9 112.1 114.4 111.1 106.1 105.1 105.7 108.9 111.2 111.5 109.4 111.3 111.8 109.4 109.2 111 116.6 120.8 119.5 126.2 119 118 121.5 128.2 132.5 134 134 132.2 130.6 130.7 132.4 136.3 139.8 140.5 143.1 146.8 151.7 155.4 158.3 162.2 165.8 168.2 172 173.9 175.4 176 177.2 178.5 179.5 180.8 181.9 183.6 184.6 181 187.1 195.6 200.6 203 205.8 208.5 211.6 214.3 217.7 218.8 220.4 220.6
102.9 104.6 109.4 112.8 111.7 113.6 113.9 113 111.7 119.9 120.2 121 122.7 121.9 118.5 114.9 110.4 108.6 109.8 114.2 118.4 121.1 119.7 117.1 114.7 112 110.5 111.9 115.7 120.8 131.4 130.9 124 119.3 122.2 130.1 133.9 137.5 137.5 135.6 135 135.7 138.1 140.1 143.1 145.4 148.1 152 156.8 160.3 163.4 167.8 171.7 174.1 177.4 179.4 180.4 181 181.5 182.6 183.9 183.7 183.9 187 189.7 188.4 189.1 194.4 201.7 206.2 210.2 214.6 217.9 221.4 224.1 225.1 226.2 226
119.2 116.9 121.4 120.1 116.9 117.5 118.3 119.4 118 120.9 124 125.5 127.3 125.8 122 119.3 115.9 114.7 116.4 118.4 119 121.1 119.7 119.3 118.3 115.8 113.6 113.6 117.2 120.4 131.3 138.2 124.6 118.8 122.6 131 134.6 139.9 140.3 138.7 139.1 141.3 141.6 142.3 146.2 150.6 154.3 158.8 162.6 166.8 170.9 174.8 177.8 181.4 184.8 184.2 184.4 184.2 184.7 186.2 188.6 187.7 186.7 189.5 192.5 193.4 195.1 195.8 201.9 209.5 215.1 220 222.8 227.2 230 231.3 232.9 232.2
124.8 124.3 126.8 125.5 123.8 122.9 122.8 123.1 121.4 125.2 127.4 128.4 131 128.9 126.4 123.5 121.7 120.4 121.5 122 123.5 124.1 122.4 122.3 121.3 119.2 117.7 117.3 122.7 127.3 137.5 140.8 127.2 119.7 123.4 133.3 137.7 141.3 142.9 143.6 145.6 146.9 144.5 147 151.5 156 161.2 166.6 170.2 174.1 179.7 182.6 185.8 188.1 191.1 190.6 188.6 188 190.4 191.4 193.5 195.8 195.1 197.2 199 200.1 202.9 208.4 206.7 211.3 218.5 223 226.1 230.1 234.4 238 240.1 238.3
130.9 131.2 133.2 131.9 131.1 129.7 129.1 128.7 128.5 132.4 133.8 135 134.8 133.3 131.4 128.5 126.1 126.2 125.6 125.8 128.2 128.4 126.9 126.6 125.2 123.4 121.8 121.6 132.8 141.7 143.8 140.3 128.7 124.8 127.3 140.8 142.3 143.7 146.9 147.8 149.5 149.8 148.5 152.6 157.8 162.4 168.9 173.8 178.3 183.1 187.4 190.3 192.2 194.2 195.8 196.9 196.3 196.3 198.5 199.5 203.4 207.6 207.3 207.4 210.4 211.4 211.4 212.2 210 210.7 219.4 224.9 228.7 233.3 238.5 241.2 242.7 243.2
139.2 138.2 140 139.1 137.3 137.2 139.1 138.7 138.1 140.9 141.5 140 139.6 139.1 137.1 134.1 131.1 131.8 129.7 130.6 134.2 134.5 129.9 130.9 130.1 129.4 128.8 128.7 140 148.1 149.8 141.5 130.8 129.2 142.7 146.5 148.3 149.6 152.3 154.2 153 153.5 157 162.2 165.1 169.5 175.7 180.2 183.9 188.5 193.5 196.1 198.6 201.6 204.3 205.8 203.4 203.8 207.3 211.5 216.7 220.2 220.6 220.2 220.9 220.4 218.3 216.5 212 212.1 220.2 226.8 231.4 236.1 240.5 243.6 245.9 247.1
150.8 150.3 149.9 146.8 146.2 148.3 147.9 146.3 144.6 145 145.8 144.8 143.9 143.2 142.2 140.9 138.9 137.4 135.5 136.2 139.8 140.6 136.1 135.8 139.4 140.6 135.9 140.5 147.9 151.2 151.2 141.9 132 139.1 150.4 154.4 155.5 155.9 159.5 160.1 159.3 163.3 169.7 173.7 176.9 178.6 183.3 186.9 190.6 193.9 198.3 202.5 206.7 209.8 212.9 213.9 211.5 213.9 217.7 221.7 226 228.5 228.5 228.9 231.3 231.2 228.5 226.9 220.5 219 219.6 224.5 232.9 238.9 243.3 246.6 248.6 250.2
160.4 160.2 158.7 156.9 158.3 159.1 158.4 155.4 152.1 150.5 151.6 150.2 148.2 147.8 146.9 145.7 145.8 143.5 141 140.6 140.3 142.4 141.5 138.7 139.7 142.3 143 144.4 149.5 154.8 154.6 142.7 139.2 148.1 156.7 160.6 161.8 162.4 166 166.1 168 175.9 181 183.9 185.5 188 191.4 195.1 198.5 201.7 205.8 209.6 214.7 218.4 221.8 223.5 225 229 230.1 232.5 236.2 235.8 236.9 240.4 242.5 244.6 242 235.8 227.6 227.8 226.6 227.4 232 241.2 245.8 249.6 251.4 254.2
168.3 169.4 167.2 166 168.1 170 169 165.8 162.5 161.5 158.5 157.4 155.1 153.9 152.3 151.3 151.3 149.4 147.7 144.7 144.9 146.3 147.4 146.1 145.9 148.5 148.5 149.8 154.3 159.1 156.4 144.2 151 156.8 161.3 164.9 167.9 169.2 171.9 170.9 178.4 184.3 188.6 191.4 193.8 196.5 199.5 202.4 206.1 210.2 214.3 218.6 224.1 228.6 233.2 236.8 239.8 241.2 241.9 244.6 247 246.1 245.7 249.6 251.6 256.8 259.1 249.4 239.8 238.6 234.8 231.5 229.3 240.4 248.5 252.6 255.3 258.1
