data/NN85.asc
ncols 200
nrows 200
xllcorner 280000
yllcorner 750000
cellsize 50
[rows 105 to 139 of 200, columns 79 to 157 of 200]
553.5 544.7 540.4 536.2 537.4 537.7 546.8 558 569.2 580.4 590.4 604.5 598.6 589.3 587.2 567.8 546.3 517.1 498.4 482.1 472.5 465.1 455.6 440 426.1 415.1 405.2 400 394.1 385.7 379.2 377.1 376.7 377.7 378.9 377.3 376.9 378 380.4 382.8 384.6 388.4 390 386.2 385.2 384.4 384.4 383 375.8 369 369 369 369 369 369 369 369 369 369.6 375.2 377.1 379 379.5 388.2 384.3 379.8 380.4 379.8 378.8 377.3 371.9 364.3 359.6 354.3 356.8 361.7 368.5 374.5 379.7
549.3 541.7 536 529.7 525.7 529.1 532.6 537.1 545.6 554.4 567 574.1 575.3 578.8 579.7 557.7 529.9 509.2 495.3 480.6 466.8 458 446.9 434.8 420.1 407.4 399.6 396.1 389.1 382.2 378.5 376.6 376 375.5 375.1 375 375.1 376.6 379.5 382.5 384.6 387.6 387.4 388.1 387.1 386 385.3 383 376.5 370.4 369 369 369 369 369 369 370 369.1 372.4 375.9 378.1 377.8 378.3 380.2 378.3 379.1 382.6 382.2 385.5 381.1 376.7 367.7 363.9 354.8 356.3 367.6 377.6 378.5 378.5
543.4 542.1 528.4 517.7 514.5 513.5 520.4 520.2 529.1 535.2 542.5 553.1 564.5 561.5 557.6 545.1 523.9 503.7 491.7 478.3 465.4 454.1 440.1 427.9 416.1 404.9 395.7 389.6 383.9 380 378.7 376.4 375.5 374.8 374.9 373.5 373.9 374.1 374.5 378.1 378.7 382 385.9 386.2 386.2 385.3 383.7 379.3 373 369 369 369 369 369 369 369.5 370.4 369.5 369.4 372.1 376.5 372.3 376.2 381.7 377.3 383 382.4 380.9 384.9 381.1 375 373.2 361.9 354.4 355.6 364 377.5 376.1 373.9
528.3 517.3 510.9 503.4 495.3 493.1 495.6 499.4 507 517.7 525.3 538.5 542 544.6 543.1 530.2 513.5 496.8 485.6 471.6 459.4 449 435.2 422.9 412.7 402.1 392.6 386.6 381 380.6 378.9 376.8 376.1 375.8 375.8 375.7 373.3 372.5 370.1 371.6 375 376.5 381.2 381 385.6 385 380.3 375.1 373 369.8 369 369 369 369 369 375.3 372.3 370.6 372 372.1 371.5 371.6 375.3 378.9 374.3 379.6 378.7 379.8 382.1 372 372.4 371.4 358.7 354.5 354.1 356.7 371.1 372.8 373.8
519.1 507.4 497.1 490.1 478 476.8 480.7 482.6 487.9 493.8 501.7 510.6 514.5 513.1 518.6 509.3 498.8 486.8 482.5 467.4 454.3 442.9 433 422.6 411 403.4 394.5 385.6 383 382.2 381 378.1 376.7 378.1 376.6 374.9 373.9 374.3 372.4 367.5 371 371.4 375 374.5 377.5 374.1 374.5 375.8 381.4 373.3 369.7 369 369 371.2 369 373.1 372.6 373.6 373.7 373.6 369.8 373.1 374.4 372.3 370.4 374.6 378.1 371.5 370.6 368.3 370.6 365.8 357.4 353.6 353.8 358.1 367.5 366.8 373.7
505.9 496.8 481 471.7 467.4 462.9 465 468.8 472 473.7 476.4 481.6 488.7 484.8 483.2 482.2 474.2 467.5 462.5 455.4 450.3 442.4 434.1 424.1 413.1 405.5 396.3 389.9 385.6 383.3 382.1 380.4 379 380.8 378.9 376.4 374.4 372.5 372.3 368 365.5 364.8 368.6 371 370.8 370.4 376.6 376.6 376.6 380.6 380.2 382.2 377.6 377.7 382.4 378.8 381.4 384.4 380.2 375.1 374.2 371.7 370.3 369.1 366.6 369.8 372.5 370.1 368.9 368.2 367.4 362.2 355.2 353.5 353.3 357.8 364.9 364 372.4
481.8 475.5 468 462.4 459.6 456.7 455.3 455.4 460.2 463.6 464.7 464.2 468.3 463.5 460.1 460.7 457.4 453.1 451.1 449.2 445.4 439 431.5 423.4 415.9 407 397.7 392 388.4 385.3 384.2 382.8 380.9 381.5 380.1 377.6 375.7 373 371.7 368.9 366.5 363.9 363.6 365.1 366.1 365.5 374.8 375.3 383.2 389.6 393.9 384.4 382.3 385.6 395.3 386.8 384.6 383.6 381.8 379.5 375.9 373.9 373.5 372.4 368.1 366.3 368.8 369.3 366 365.6 361.3 357 356 353.9 353.8 358.1 360.6 364.1 369.7
468.3 462.3 459.3 455.5 454.5 454.1 453 452.3 452.3 453.5 452.4 453.3 453.2 451.8 450.6 446.4 446.2 443.6 442 440.5 436.5 432.6 427.7 424.7 418.4 412 405.9 401.2 396.6 392.4 388.7 384.9 383.6 382.7 381.6 380.4 378.9 377.4 374.9 371.9 368.6 368.1 363.9 363.9 361.8 362.1 365 368.8 377.6 383.3 388.8 390.7 387.1 385.9 388.2 385.8 385.8 384.9 387.8 384.4 376.3 377.2 377.9 377.9 370.8 369 366.8 363.6 360.2 358.9 357.5 356.9 356.6 355.5 353.3 358.1 356.3 361 365.6
465.1 459.8 456.2 453.3 452.3 451.8 452 451.4 450.9 450.6 450.4 451.8 453.4 452.1 448 445.7 443.8 441.7 439.9 438.1 437.1 435.6 434.5 433.1 429.4 422.7 415.7 412.3 409.5 403.1 397 391.8 388 385.1 384.7 383.7 383.7 383 378.7 373.6 370.4 373.6 371.2 364.6 360.5 361.4 363.5 367.3 375.3 380.1 386.8 394.1 389.7 386.3 387 389.1 396.6 386.9 386.9 391.8 383.3 379.2 380.2 375.3 372.2 371.2 370.2 365.6 364.1 365.3 362.9 362.3 359.4 360.6 354.5 351.4 353.5 357.1 361.3
462.4 458.5 456 454.1 452.9 452 451.5 451.5 451.5 451.1 451.2 449.8 453.7 453.1 449 445.6 443.1 441.3 439.7 440.6 443.1 442.5 441.6 441.2 440.9 433.9 430.1 426.7 420.2 413.7 410.4 404.2 399.6 390.7 388.6 388.2 388.4 388.3 382.4 377.4 375.2 380 380 370.4 362.3 361.1 363.9 369.2 376.5 383.4 384.9 383.6 386 385.8 386.3 389 387.4 386.9 386.6 385.8 386.4 381.2 377.9 374.8 373.6 372.4 372.8 369.8 366.6 366 362.6 360.6 359.5 357.3 355.2 354.8 353.3 349.3 355.9
459.9 457.6 456.4 456.3 455.9 454.5 453.2 452.4 452.6 453 453.8 448.9 449.2 450.4 445.1 442.5 441.6 440.9 441.5 444.2 447 448.1 449.4 448.3 447.4 444.5 442.9 439.4 434.2 430.1 423.8 415.4 410.3 400.4 396 394.1 392.1 390 387.3 385.1 382.7 381 379.8 371.6 364.4 357.6 360.3 366.3 370.9 377.7 378.7 379.6 380.6 382.7 386.6 384.9 383.9 384.4 385.3 387.5 390.1 387.2 378.3 381.1 376.6 375.9 373.3 372.4 370.2 365.5 362.3 363 361 359.1 356.3 356.9 356.4 351.5 346.7
458 456.4 457.1 458.2 457.1 456 456.3 454.4 453.5 453.5 453 443.7 440.6 444.9 443.6 442.7 441.7 442.9 451.1 459.8 460.6 460.5 458.9 461.3 459.4 456.1 452.7 448.8 444.9 440.8 434.1 426.2 418.3 410.2 405.5 402.4 396.4 394 393.5 390.1 384.4 378.9 374.6 368.5 363.5 357.1 356.4 360.7 365.8 373.3 376.6 378.7 379.7 380.6 381.1 384.2 382 384.1 383.2 385.8 384.9 381.9 382.7 384.1 382.8 380.8 374.4 373.7 373.6 367.3 365 364.5 360.4 359.7 356.8 357 356.2 356.7 344.7
454.1 453.8 455.7 457.2 455.8 455.3 458.2 457.1 452.5 450.4 445.2 440 440.3 443 443.9 443.4 443.3 446.6 456.8 463.7 464.5 465.3 466.8 467 466.6 463.3 461.2 458 453.9 450.1 443.5 435.2 426 420.8 417.7 411.6 404 398.6 395.3 390.8 384.8 378.2 372.3 366.9 361.6 356.7 356.4 359.4 363.4 369.9 375.6 381 377.9 379.1 378.9 382.1 380.8 385 380.2 385.5 381 379.2 378.3 384.1 384.8 380.5 377.6 378.9 373.2 370.3 366.6 362.8 363.6 360.2 357.3 358.2 354.1 345.1 355.5
453 451.6 451.9 453.2 452.8 452.1 452 450.4 446.1 441.6 440.5 440.2 441.3 444.2 445.6 447.4 453.4 461.8 464.4 469.1 469.7 468.2 468 468.3 468.4 467.3 467 466.2 463.3 458 451.5 443.1 435.4 431.3 426.2 418.1 410.5 403.4 393.9 387.6 382.7 376.6 372.2 368.7 364.8 359.6 355.9 356.8 359.7 365.9 371.5 373 374.5 375.3 376.7 379.1 377.6 377.5 375.6 374.8 378.2 376.6 376.3 380.3 385 381.9 377.5 378.1 375.5 371.4 367.8 364.2 361.6 359.7 356.4 356.5 350.7 339 353.9
456.7 451 449.2 449.3 450.1 449.6 447.9 444.4 440.2 439.7 440.1 441.3 445.1 449.5 454.3 460.8 463.7 467.7 470.1 475.2 474.7 468.8 468.8 469.2 470 473.5 475.4 478.8 474 461.5 455.6 450.6 445 438.7 431.8 424.6 416.9 406.8 391.6 385.8 382.2 378.1 374.1 370.5 367.9 363.2 357.9 357.5 353.4 359 367.1 372.4 372.3 372.6 374.4 377.2 375.7 375.4 372.5 369.9 373.6 371.1 370.7 371.8 376.6 377.5 377.3 379.6 378.9 373.9 371.8 368.9 364.7 360.3 355.7 353.2 348.6 339.3 351
458.8 450.2 446.4 447.1 446.8 446.3 444 440.1 439.7 439.7 442.3 445.6 449.9 454.6 459.5 463.9 467.3 469.2 471.6 477.2 478.5 473.4 469 468.7 469.9 473.4 476.4 480.1 473.9 463.9 462.4 458.4 450.2 443.2 436.5 430.3 420.7 403.4 394.4 388.3 384.9 380.2 375.9 372.2 368.7 364 357.4 355.3 351.6 354.7 358.3 364.7 372.7 370.6 371.4 373.7 376.1 377.7 370.6 368.5 368.4 367.6 366.3 365.2 369 372.6 376 377.7 378.1 377.2 374.9 371.9 365.6 361 355.7 352.2 351.1 349.3 339.2
454.4 447.2 444 443 440.8 440.3 439.4 439.3 439.2 440 444.1 449.9 453.7 459 462.6 465.3 469 471.5 473.4 476.9 477.2 474.2 467.9 467.6 466.8 468.5 471.6 469.6 468.5 466.9 467.6 463.7 453.6 447.5 442.6 432 418.5 403.7 399 393.8 390.4 383.2 376.2 371 367.2 362.9 358.6 352.5 349.4 353.8 354.8 356.3 365.8 368.6 369.3 371.2 376.3 380.9 374.2 367.3 367.1 365.6 364.8 363.8 363.7 368.8 371.8 374.2 374.5 377.5 374.4 369.7 366.8 361.1 358.1 352 353.4 351.5 330.1
449.4 443.4 441.4 440.2 439.1 438.8 439 439.2 439 439.8 443.9 449.6 454.7 461.1 462.7 464.1 469.4 471.6 472.3 473.2 472.4 468.7 466 461.8 462.2 464.4 460 460.3 463.7 466.1 462.6 461.7 458.1 457.6 449.2 430.6 421.3 413.8 406.1 397.4 389.3 381.5 375.9 370.7 365.7 361.2 356.4 352.3 344.5 349.9 351.5 351.1 358 363.2 367.2 368.2 370.8 371 366.9 367 367.4 364.4 363.7 362.5 361.3 362.7 365.6 366.9 370.7 373.8 370.3 367.5 364.3 362.4 356 355 355.2 351.3 325.4
444.1 440.9 439.4 439.1 438.8 438.4 438.6 439 439.7 440.5 444 447.5 452.7 457.5 460.9 464.9 468.9 471.9 470.9 470.4 468.6 464.3 461 458.2 456.9 457 457.3 461.4 464.8 462.8 463 462.7 462.4 464 449.6 430.6 423.5 416.8 412.3 399.7 387.6 380.8 375.7 370.4 365.1 360 355.2 351.1 348.6 337.7 343.6 343.7 351.4 355.8 360.6 364.6 363.2 363.9 366.2 364.1 364.5 362.7 362.6 364 360.1 360 360.3 361.8 364.7 367.3 365.7 363.1 361.6 359.1 356.7 355 355.5 341.5 319.6
441.4 439.3 438.6 438.7 438.4 438.5 440.5 441.1 440.5 442.2 443.7 445.3 449.9 454.7 458.4 460.8 463.8 463.9 465.8 467.7 462.4 458.8 455.4 451.9 449.6 449.2 450.8 452.3 454.5 454.3 453.3 454 456.1 446.4 442.4 432.9 425.2 419 406.8 397.4 384.8 380.6 374.6 369.3 363.9 359.2 354.3 349.8 344.9 336.7 337 341.1 344.6 346.7 347.4 357 362.3 358.5 361.1 360.3 360.5 359.5 362.3 361.9 358.1 358.5 356.8 358 358.9 359.4 361.6 361.3 359.8 354.6 354.7 353.2 354.4 329.8 313.3
439.8 440.4 443.3 438.5 438.4 444 447.9 447.8 444.8 442.7 443.3 444 447.2 450.1 450.8 452.7 454.4 458 461.5 463.3 457 453.1 449.8 446.7 443.2 442.2 444 444.4 445.1 446 443.7 443.1 440.4 436.4 433.1 430.9 427.4 419 408 396.6 386.8 379.9 373.8 367.3 361.1 356.2 352.8 349.2 342.7 334.3 333.5 338.4 341.9 343.2 344.6 351.1 355.5 353.1 355.8 359 357.4 354.6 357.2 355.8 357.1 357.7 355.1 354.1 355.2 354.9 355.7 355.3 354.8 352.2 353.5 349.2 349.3 332.7 308.3
440.1 445.4 442.1 439.1 445.2 447 448.9 450.8 453.2 447.2 442.8 441.3 443.3 444.6 442.4 444.2 448.9 452.7 454.1 454.7 451 447.5 444.2 441.1 438.1 437.4 439.1 439.4 439.8 437.3 435.3 435.4 433.3 427.7 424.6 420 414.3 410.6 403 394.7 388.6 378.1 369.2 362.7 357.1 352.9 349.6 345.2 338.2 331 330.4 338 341.9 342.6 343.1 346.4 347.2 347.7 352.7 355.6 353.3 351.5 352 351.9 352.4 351.9 353.3 353 352.9 351.4 351.5 349.7 348.9 348.8 347 344.6 345.8 334.4 309.2
440.6 442.5 439.3 444.1 444.6 447.4 450 448.7 446.4 446.8 440.7 436.5 435.9 436.6 436.5 439.8 443.2 444.7 445.8 446 444.4 442.3 439.7 436.5 433.1 431.9 433.7 434.4 435.2 431.5 430 428.3 425.6 420.1 415.8 410.1 404.1 400 394.6 388.1 383.4 374.6 360.7 357.3 353.2 348.8 346.2 341.3 331.8 325.8 334.7 340.4 341.7 342.5 343.1 344.2 345.6 345 347.9 349.5 347.6 348.4 346.8 348.4 347.9 347.1 348.5 349.5 349.3 347.5 346.9 344.9 343.3 343.9 341.3 338.2 339.3 334.2 311.1
444 443 438.5 436.8 437.2 441.9 444 441.5 441.5 442.1 439.3 434.9 429.3 428.6 430.5 434.6 438 440.3 438.2 437.9 438.8 439.5 437 434.6 429.2 426.2 428.2 429.7 430.5 428.2 424.3 420.9 416.9 412.9 408.9 403 397.4 391.6 385.9 379 373.3 368.4 351.9 348.6 345.8 344 340.8 336.2 325.6 327.8 337.7 344.5 343 343.2 343.7 344.8 344.7 343.7 343.4 343.8 345.2 342.6 343.1 343.3 342 343.6 342.8 342.7 343.4 342.3 341.7 341.1 339.6 337.2 335.9 332.1 333.1 335 318.5
447.8 441.9 438.8 437.8 436.5 436 438.7 437.8 438.2 439.5 436.4 431.2 426.7 422.3 424.6 429.1 433.1 434.6 430.8 432.4 434.5 433.9 435.2 433.9 426.1 421.8 421.8 421.4 420.1 419.1 417.7 414.1 410.5 407 402 395.8 389.8 384.3 380.1 373.8 367.8 359.3 350.6 342.7 338.9 335.9 332.9 332.1 320.1 327 337.4 342.7 344.5 343.7 344.4 347.1 346.5 342.2 339.6 339.2 339.6 339.6 340.3 339 338.6 338.5 337.7 337.3 336.8 337.2 336.1 336.5 334.7 332.5 330.6 326.3 328.8 329.6 327.5
448.4 445.5 442.5 441 438.1 434.1 433.3 433.2 433.3 430.5 429 425.4 420 418.4 420.7 423.7 424.2 424.9 426.6 428.5 430.1 431.4 432 430.1 427.7 422.1 416 412.8 408.5 410.3 409.4 407.3 404.6 401 395.1 389 382.6 378.5 375.3 371.8 365.6 358.6 349.9 341.5 335.3 329.9 323.4 322.8 318.3 322.7 333.4 340.5 344.6 346.4 343.1 342.3 340.7 339.3 336.7 336.7 337 338.3 335.9 335.8 334.1 333.8 331.9 332.6 331.5 330.7 330.1 329.3 329.8 327.8 325.5 322.3 320.4 324.8 323.3
457 451.3 447 443.1 438.7 436.4 433.8 435.6 426.7 425.8 423.1 420.5 421.6 421.5 416.6 416.5 417.7 418.7 421 424.1 427.7 428.4 426.1 422.1 423.3 422.1 415.8 407.6 403.8 404.3 404.8 403.8 401.2 395.9 389.5 381 376.3 373.4 370.9 368.7 364.5 358.5 349.2 340.1 333.7 328 320 318.1 316.2 319.7 325.1 334.4 347.8 348.3 342.6 342.7 341.4 337.6 334.9 335.7 335.5 334.6 331.5 330.6 327.6 326.1 328.2 327.6 325.2 324.4 323.6 323.2 321.6 319.3 319.2 317.4 313.9 315.6 320
459.2 455.8 454.6 448.7 443.6 436.3 435.4 437 433.4 427.3 426.6 426.1 427.1 426.1 420.1 411.4 413.2 411.8 412.6 416.4 418.7 418.9 417.4 415.7 415.5 413.5 411.1 406 400.5 398.7 399.8 400.4 400.8 391.8 383 376.8 371.7 369 367 365.3 363.6 358.8 349.3 340.7 333.6 326.5 320 317.2 315.4 315.1 319.9 326.8 344.8 346.2 343.7 339.8 339.4 335.9 334.3 334.5 333.4 331.5 329 326.8 322.7 321.7 323.2 322.9 320.6 319.2 318.5 316.4 314.5 314.3 313.4 312.1 308.1 307.5 311.5
463.3 459.8 455.5 452.9 446.4 438.8 435.8 433.9 433.1 429.2 428 431 433 428.3 419.3 413.5 408.9 405.9 399 405.6 408.2 405.7 406.4 408.8 412.8 410.4 407.5 403.9 399.4 397.4 395.6 395.1 396.5 392.7 384 377.7 372.7 368 364.4 363.1 360.7 357.4 350.8 343.9 336.5 327.5 320.5 316.6 314.4 312.4 315.9 321.4 335.9 343.7 340.9 336.7 336.5 332.9 332.3 331.7 331.8 330.6 327.9 325.2 318.9 318 317.5 318.8 315.6 313.9 313.1 310.7 309.4 308.7 307.1 305.4 302.3 300.4 302.7
467.2 463.8 461.2 455.6 448.7 443.1 438.9 435.7 432.7 429 428.3 428.7 426.2 422.2 416.3 411.7 407.4 403.2 398.1 395.4 395 396.6 398.1 401.2 404.4 405.3 402.6 401 399.7 398 395 389.1 388 385.5 382.8 377 372.2 367.6 363.6 360.9 357.9 354.5 350.9 346.6 340.3 329.5 320.4 316.7 314.7 312.6 313.2 318.1 324.2 340.1 339.7 332.5 332 332.1 329.9 329.8 328.3 325.4 322.5 319.2 316 314.9 315.4 313.4 310.9 308.5 307.3 305 304 302.5 301 298.9 295.9 293.8 295.9
473.1 465.3 460.7 456.1 450.1 446.6 442.5 438 434.9 431.6 425.6 429.3 420.8 416.7 412.4 409.2 406.9 404.8 400.8 393.5 387.5 389.5 391.9 393.1 395.6 397.4 398.2 398.4 399.2 396.6 394.2 387.4 382.8 378 375.9 372.8 370 366.9 362.7 359 355.4 351.5 347.7 344.4 337.8 327.6 319.5 316.3 314.7 313 312.2 316.8 322.6 332.8 329.8 328 332 333.6 332.9 325.1 326.1 321.3 316.6 313.7 313.4 311.4 310.8 308.8 306.2 303.8 301.6 299.6 298.6 296.9 294.5 291 289.5 287.2 287.8
480.8 471.6 464.8 457.6 450.3 447.6 445.2 441.8 438.7 434.4 428.7 423.4 417.7 414.3 410.2 406.5 404.3 400.2 400 395.2 387.1 386 387.5 387.3 388.5 390.2 389.8 387.1 387 387.2 386.1 383 378.3 372.6 369 365.8 363.8 362.8 358 353.6 349.6 345.3 341.5 337.3 332.4 324.7 318.9 316.3 314.9 312.7 312 314.9 320.9 326.6 321.6 322.6 330.7 328 328.1 319.3 320.5 317.8 310.8 309.4 311.3 307.5 306.4 304.3 301.4 299.3 296.7 294.2 293.2 290.5 287.9 286.3 284.7 280.4 279.8
491.8 482.1 474.4 462.8 454.1 450.7 448 445.1 441.4 436.7 433.1 427.1 420.9 416.3 411.5 405.9 401.5 397.5 395.9 391.4 384.8 384.2 383.7 382.7 383 381.3 380.8 380 377.9 374.8 374.6 374.8 371.8 367.6 365.4 365.9 361.5 347.3 346 341.4 339.5 334.8 329.8 329.3 325.1 321.7 319.4 316.4 315.1 312.5 312 314.7 319 321.9 319.2 316.2 320 319.7 320.7 315.3 309.8 314.2 308.1 308.1 306.5 300.8 300.3 297.4 296.6 294.8 292.1 287.9 287.1 285.2 282.6 280.4 278.5 274.8 272.9
504.5 498.5 485.3 473.7 465.2 460.1 453 448.4 443.1 438.4 433.9 428.7 423.7 417.5 411.9 406.6 402.5 400.2 395.4 389.9 384.7 382.5 381.8 381.4 380.6 380.2 386.3 386.5 383.7 381.5 378.3 375 372.6 372.6 374.1 373.9 369.1 352.9 345.5 344.6 342.9 339.5 335 327.2 323 320.7 318.5 316.5 315.7 312.8 310.3 311.7 313.3 313.5 314.9 316.3 312.1 314.7 313.6 303.2 300.5 307 298.1 302.3 300.7 292.5 295.8 290.7 292.2 289.8 285.3 282.7 280.8 279.4 277 274.7 272.9 269.1 267.6
507.5 499.7 493.1 481.9 473.7 467.8 462 455.6 448 439 432.7 427.8 422.5 416.7 411.4 406.3 403.9 401 396.9 392.2 386.4 381 380.5 380.4 380.2 380.2 387.4 388.5 386.1 385.4 384.7 384.4 382.5 380.9 380 376.9 374.2 371.3 361.8 362.5 357.9 352.2 340.6 332.9 329.8 326.2 322.7 319.9 320.2 318.1 312.8 308.3 304.5 306.1 315.5 314.1 308.8 308 310.1 299.9 300.2 304.6 292.2 292.2 296 285.1 289 283.6 285.5 283.4 279.2 277.5 275.5 274.1 271.8 270 267 262.9 262.7
