data/NN87.asc
ncols 200
nrows 200
xllcorner 280000
yllcorner 770000
cellsize 50
[rows 35 to 69 of 200, columns 0 to 77 of 200]
810.9 800.9 792.2 783.4 774.8 768 760.6 753.3 744.3 739.9 731.7 728.5 730 734.5 738.3 742.5 746.6 751.7 756.5 760.9 762.4 763.3 765.9 764.8 762.1 757.5 750.5 743.4 735.2 725.8 708 674.9 644.6 616.5 591.6 570.2 551.8 533.2 514.2 501.1 491 486.2 480.1 480.1 480.1 480.2 480.2 483.6 490 507.2 527.6 557.6 595.3 631.7 670.3 696.7 715.7 728.1 739.6 745.1 749.8 754.5 761.6 761.6 761.6 762.9 764.4 764.7 766 765.5 763.3 758.1 750.6 744.5 738.1 733.8 730.2 726.6
808.3 799 790.1 781.2 772.5 764.9 758.1 751.1 743.9 737.3 729.3 730.9 733.7 737.1 741.5 745.7 750.6 756.6 760.7 764 767.7 768.7 769.2 768.3 765.2 760.9 755.4 750.1 742.9 733.5 719.4 681.1 649.3 619.1 595.8 573.4 555.9 537.6 518.7 503.3 489.5 486.1 480.7 480.2 480.1 480.2 480.3 480.5 485.2 495.7 518.9 547 589.3 626.2 665.4 694.5 714.3 727.4 739 745.4 748.2 754.5 761.6 761.7 762.4 763.6 764.4 763.7 764.7 763.6 762.1 756.9 748.2 742.9 737.4 732.1 727.7 723.2
807 798 788.3 779.9 772.4 764.2 757 749.3 741.5 734.5 731.5 732.2 737 739.3 743.2 748.2 753.9 759.7 764.4 769 770.9 770 771.5 769.4 767 763.3 760.6 753.8 745.7 737.7 725.6 686 652.7 620.9 600.1 575.7 559.1 542.2 521.9 504 490.2 483.7 482.3 480.3 480.1 480.3 480.4 479.4 478.5 492.2 511.5 541.6 578.8 617.2 657.4 691.2 710.8 724.9 737.2 744.6 748.8 753.8 760.8 761.8 762.9 764 763.8 763.1 762.8 761.7 759.7 752.4 746.9 741.7 736.1 730.6 724.2 720.3
805.8 797.7 787.4 779 772.1 763.2 753.7 745.9 739.4 735.8 733.9 735.6 740 742.9 747.9 752.9 759 762.5 767.4 771.4 771.5 770.9 770.5 770.4 767.9 764.2 760.3 755.6 749.8 743.3 727 687.1 649.8 619.4 596.4 577.3 563.8 544.8 523.5 505.6 491 483.5 481.5 481.7 480.2 480.3 480.4 478.5 478.2 488.7 505.6 531.7 566.9 606.9 648.6 687 707.7 720.7 732.5 741.4 747.3 753.3 759.1 761.4 762.6 763.7 763.1 762.4 761 758.2 754.2 748.5 744.5 740.2 735.4 729.6 721.4 714
803.7 795.8 784.7 776.1 768.4 758.1 749.6 742.9 738.8 737.4 736.6 738.6 742.5 747.3 750.9 759.9 762.2 768.1 770.7 772.2 772 771.6 769.9 768.3 766 762.6 761.4 759.4 753.4 746.3 723 684.2 647.9 618 596.6 583.8 566 548.7 524.4 507.2 492.8 484.6 481.5 481.3 481 480.4 480 477.9 477.6 484.8 499.5 525.7 553.6 596.9 637.9 676.2 703.3 714.6 728.1 738.1 746 749.6 754.1 759.5 761.8 762.6 762.3 761.6 756.8 752.6 749.6 746 742.5 738.1 731.9 726.9 721.4 711.6
801.1 793.3 780.2 772.1 761.3 754.2 746.4 740.1 739 738.3 738.7 741.1 745.4 750.5 755.2 760 766.6 770.6 773.4 774.5 773.4 771.4 770.2 767.5 764.5 760.9 761 759.5 756.8 744.6 717.9 682.1 645.8 619 599.9 583.1 566.5 550.2 529.2 509.7 493.6 484.6 481.6 480.7 478.7 478.2 477.6 477.5 477.4 483.6 496.5 519.2 546.5 580.8 616.5 656.2 687.4 706.2 717.2 732.1 743.5 746.7 751.1 757 758.9 761.6 761.2 758.5 753.3 749.4 747.6 743.5 739.5 735.1 728.6 721.4 715.6 708.7
797.2 789 778.1 767.3 756.1 750.7 744.2 740.7 739 739.6 741.4 745.1 750.2 754.4 760.9 764.7 770.5 774.1 776.5 776.7 775.4 772.8 770.2 767.2 763.2 759.8 757 755.6 751.6 735.9 708.3 677.8 646.1 620.9 599.6 585.1 570.1 552.4 532.1 513.6 500.5 485.8 479.5 479.2 477.5 477.4 477.4 477.4 477.4 479.5 489.9 511.1 534.9 567.1 601.2 639.4 670.9 693.3 707.2 722.3 735.2 744.8 749.6 757.3 761.2 761.1 760.1 758 753.6 751.1 745.8 741.9 736.2 731 724.2 716.1 707.1 707.8
793.5 784.2 773.7 763.8 753.4 748.8 743.5 740.4 741.2 741.6 745.9 749.5 754.3 758.8 766.6 769.6 773.6 778.3 779 779.3 777.2 773.6 769.9 766.3 761.9 757.6 752.4 748.4 743.5 724.6 692.7 669.6 644.6 620.9 600.6 587.6 570 552.8 535.7 521.9 503.9 489.9 478.7 477.6 477.5 477.4 477.4 477.4 477.4 478.4 488.9 502 527.4 553.6 586 618 653.3 681.9 700.6 714.6 728.7 741.7 750.2 759.8 761.6 758.6 758.6 757.3 754.2 750.5 744.1 738.6 733 727.5 720.8 708.3 699 707
790.3 782.8 770.3 761.2 750.7 745.9 743.2 741.3 744 746.1 749.5 753.5 759.3 764.4 771 775.9 778 781.1 781.5 781.5 778 773.2 769.6 765.2 760.2 754.7 749.3 742.4 730.2 711 686.7 663.4 642.9 619.7 603.6 584.5 568.7 552 536.2 520.7 503.5 491.8 479.5 477.4 477.4 477.4 477.4 477.4 477.4 477.5 481.4 494.5 517.3 543.1 570.5 602.2 633.1 662.5 687.5 707.4 721.9 737.7 749.1 758.4 759.9 757.1 757.4 757.2 754.2 748.7 741.3 736.5 731 725.2 716.5 701.5 691.7 704.6
785.6 776.3 766.7 756.1 747.8 743.6 742.4 743 746.4 749.6 752.3 754.9 763.9 771 774.4 778.6 781 781.9 781.7 781.5 777.5 772.7 769.1 764.4 760.5 752.8 745.9 739.2 724.7 707.3 683.6 659.2 639.5 618.3 601.2 582.5 568.8 555.3 540.7 523.3 505.2 492.9 482.8 477.4 477.4 477.4 477.4 477.4 477.5 477.4 478.6 490.1 507.4 530.8 557.6 583.1 613.3 640.8 674.6 696.8 713.6 730.7 746.6 755.7 757.9 757.7 757.8 756.8 753.4 748 740.1 732.6 726.9 722.1 712.3 685.5 697.3 709.8
779.4 770.2 760.1 751 745.3 742 741 743.8 748.2 752.3 755.3 760.1 769.9 774.6 778.2 781.1 783.5 784.5 783.5 780.9 779.1 773.6 768.9 763.5 758.7 751.2 744.1 733.8 722.2 703.1 683.2 658.8 641.3 618.2 604.4 585.7 573.4 557.1 543.8 529 512.6 498.3 487.6 478 477.4 477.4 477.4 477.4 477.4 477.4 477.6 484 498.2 519.4 545.3 569.7 600.9 623.2 649.2 678.1 700.6 722.2 735 745.8 753.4 757.9 758.2 755.9 751.4 742.7 736.7 729.9 721.9 716.6 701.7 669.4 697.1 709.6
774.1 765.4 755 746.5 743.3 740.7 740.1 743.9 749 753.9 758.9 766.6 772.3 775.7 781.1 786.2 787.1 786.9 784.9 781.6 779.5 773.1 767.3 762.6 756.8 748.7 743.4 732 722.9 708.6 688 661.9 644.7 624.5 605.7 590.1 576.3 560.2 548 534.7 520.1 503.6 487.4 478.2 477.4 477.4 477.4 477.4 477.4 477.4 474.3 478.5 491 506.7 536.7 556.4 581.8 604.5 630.7 654.3 680.4 701.7 717.8 731.4 745.8 751.6 753.5 752.2 748.4 740.3 732 724.8 717.9 710.4 686.4 664.8 695 712.6
770.6 761.9 751.6 742.8 739 737.5 740.7 746.4 751.8 757.8 763.9 770.4 773.6 777.6 787 789.8 789.1 788.1 785 781.7 779.1 772.5 767.8 762.2 755.1 747.6 742.2 732.6 721.4 711.3 693 663.2 647.2 631.2 611.3 594.3 580.8 562.7 553.4 545 527.5 506 490.2 478.8 477.8 477.4 477.4 477.4 475.6 470.2 471.3 476.3 485.2 498.1 523.3 547.3 564 588 612.7 637.2 661.6 686.6 702.7 716.6 729.5 739.7 741.3 743.8 736.2 730.5 722.6 716.6 708.5 696.1 674.4 659.5 695.8 719.6
767 757.9 748 738.8 732.8 730.9 738.5 745.6 753.4 759.9 767.7 773.3 776.8 781.8 791.4 791.5 791.4 789.1 784.7 780.7 778.1 771.8 767.2 761.3 755.1 748.6 742.1 733.8 725.1 713.4 701.1 679.1 650.4 635.6 614.1 596.5 586.4 571.8 558 545.5 530.1 514.5 499.9 482.6 477.5 477.4 477.4 470.1 470.1 470.1 470.7 472.8 479.9 491.7 512.3 536.7 551.3 576.2 596.4 614.4 643.4 666.9 686.8 701.2 710.2 716.9 720.5 719.9 716.7 713.7 709.9 704.4 695.9 676.6 655.8 662.8 698.2 725.8
761.7 751.7 741 731.7 726.8 726.7 735.1 743.4 750.6 759.6 768.3 774.1 778.3 785.9 791.6 791.6 791.4 788.1 784.4 780.9 776 769.5 765.7 760 755 749.9 741.6 734.3 729.9 719.9 712.8 693 657.3 638.2 614.1 602.9 588.4 574.7 559.1 546.8 536.2 521.6 504.5 488.5 477.9 473.2 470.1 470.1 470.1 470.1 470.6 471.8 477.4 483.7 502.3 526.6 543.2 559.6 574.7 599.4 622.8 647.7 670.2 683.4 687.1 695.3 698.3 699.2 697.3 693.7 694.7 688.8 676.6 655.3 638.4 672.3 706.5 731.7
756.3 745.3 734.3 725.1 719.6 723.1 731.2 740.6 748.7 757.1 765 771.3 776.4 783.5 791.4 791.4 789.1 785.7 782.2 779.5 773.7 770 764.7 759.7 752.6 748.6 743.7 739 732.7 727.9 718.9 703.5 667.4 641.4 616.2 606.7 596.6 583 567.5 551.7 543.8 522.7 504.7 490.9 480 474.3 470.1 470.1 470.2 470.2 470.7 471.6 476.9 479.9 492.1 513.9 530.9 548 561.7 583.3 605 628.2 646.8 656.2 666.5 674.3 672.9 671.6 669.8 672 673.3 666.9 653.9 632 643.3 680.5 717.6 734.6
749.8 737.8 726.9 718.9 713 717.5 727.6 737 745.6 752.9 760.4 766.8 771.7 778 785.4 787.9 785.8 782.4 778.5 774 769.6 767 762.9 760.9 753.4 749.2 746.1 742.5 738.2 729 722.9 714.1 670.9 641.4 626.5 612.8 601.4 587.7 571.4 556.1 543.3 528.2 509.2 499.7 485.2 476.4 472.1 470.3 470.3 470.2 470.3 471.3 473.2 472.9 482 501.6 521.1 535.2 552.1 568.9 588.9 605.7 622.4 633.4 647.1 652.7 649 648.8 648.8 650 648 639.4 629 618.5 657.8 693.7 722.4 741.8
742.2 730.4 719.8 713.1 705.6 710.9 720.2 730.4 740.3 746.8 754.8 760.7 764.8 770.4 778.3 781.6 780 779.5 774 769.5 766.4 763.4 761 758.8 754 749.8 749.5 747 742.4 735.4 727.8 715.4 679.7 644.5 631 618.6 606.4 591.6 574.7 559.3 545.5 534.4 517.1 504.4 492.1 477.1 471.2 470.3 470.5 469.1 468.7 468.8 470.8 472.2 478 491.9 508.9 522 540.2 556.1 570.4 584.9 603.7 612.2 621.6 626.1 623.9 625.3 627.6 628 625.9 617.8 605.4 631.9 669.4 705.9 730 746.8
734.9 724 713.4 707.8 698.2 702.7 712.8 722.1 729.6 738.2 745.5 751.2 756.9 761.9 766.6 769.9 772.1 771.2 768.6 766.2 763.2 761.7 759.2 758.9 756.6 754.5 752.2 751.4 747.1 741 733.1 720.6 686.4 649.4 634 621.2 611.5 596 580.3 565.9 551.7 540.6 528.7 507.7 496.6 481.1 471.3 468.9 468.8 468.4 468.1 468.7 469.4 472.1 475.6 485.7 499.5 508.1 525.5 544.6 558.4 569.4 582.3 592.3 601.6 602.8 601.6 602.8 605.4 606.4 599.9 586.1 610.5 641.7 680.6 719.2 744 755.8
725.9 718.1 707.3 700.3 690.9 692.7 703.4 713.2 718.5 725.8 733.3 738.7 743.8 751.2 753.5 756.9 761.2 763.4 762.3 761.5 761.3 759.6 759 760.7 761.6 759.6 757.2 754.2 751.2 746.5 739 725.2 691.7 658.4 637.9 625.7 615.2 598.7 585 570 557.7 546.5 534.7 520.6 502.1 489.8 471.3 467.6 467.7 467.8 467.8 468.1 468.8 471.9 474.2 480.2 490.1 500 514.5 533.1 551.6 561.4 568.4 580.5 580.9 582 582.1 581.5 584.1 579.7 568.6 592.4 622.6 657.3 691.7 732.2 756.1 766.2
718.7 710.5 700.2 692.5 682.4 682.8 692.3 702.3 706.8 711.6 717.3 722.4 727.5 736.3 739.7 745 750.1 752.1 754.4 755.9 756.4 756 760.7 761.8 761.9 761.8 761.7 758.8 755.3 749.3 742.8 730.8 697.9 665.4 641.7 628.7 617.8 604.4 590.1 576.4 562.3 550.5 539.7 531.4 513.2 499.2 486.1 469.2 467.7 467.6 467.6 467.6 468.8 471.3 473.7 477.6 483.7 491.6 504.3 522.7 535.9 548.5 557.4 559.4 562.6 562.6 561.4 557.2 553.1 540.8 574.5 606.1 642.4 675.3 714.4 750.3 767.8 774.9
712.1 702.7 693.1 684.4 676.2 670.4 679.5 690 695 700 704 708.7 712.8 718.2 727 731.9 737.3 742.7 745.7 749.6 750.1 751.3 758.8 761.9 762.2 762.2 762 761.3 758.4 752 746.1 734.6 703.9 673.5 648.1 634.8 621.2 609.9 594.7 581.4 568 557.3 546.7 537 521.7 507.9 491.8 478.2 468.6 467.5 467.5 467.5 468.2 470.7 471.6 475 480.9 485.6 494.2 506.3 518.7 533.2 542.4 544.4 545 542.2 532 528.7 545 565.4 594.5 629.2 662.1 693.5 729.5 764.6 774.6 778.4
705.8 694.6 685.5 674.8 665 660 667.5 676.9 682.7 689 690.5 695 699.5 708.7 715.7 719.2 724.5 730.2 735.3 740.8 741 751.6 755.5 758.4 761.2 761.7 762 762.1 760 754.4 747 736.2 717.2 685.2 659.8 641.4 627.1 613.8 601.3 587.9 576.1 565.2 553.5 542 530.3 517.9 502.6 487.1 472 467.5 467.5 467.6 467.6 468.3 468.9 472 481 480.1 486.7 494.2 506.2 518.6 531.7 535.8 528.3 518.3 522.4 549.3 570.4 594.3 622.2 656.1 684.2 713.2 745.1 767.4 777.2 779.1
698.8 689 679.3 669.3 659.4 649.9 659 664.3 671.2 678.6 680.1 684.1 689.7 697.3 702.7 706 712.1 718.8 723.9 729.4 739 745.3 749.9 753 755.8 757.2 761.6 761.8 759.4 754 747.4 737.6 721.4 701 676.8 652.2 634.5 619.6 606.8 594.2 585.1 573.3 562.4 552.5 540.9 526.6 512 497.5 484.4 468.5 467.6 467.6 467.6 467.8 468.4 469.6 477.8 479.8 480.6 486.1 497.5 505.5 517.6 516.6 508.7 524.6 544.4 568.5 592.4 617.8 645.7 675.9 705.1 734 756 769.7 777.5 779.1
691.9 683.4 674.9 665.5 654.3 646.3 648.1 653.7 659.3 663.9 667.6 672.7 676 679.4 686.1 691.4 699.5 705.3 711.5 721.2 728.7 737.4 743.5 746.9 749.7 753 758 758.5 756.3 752.3 745.8 737.3 724.2 709.6 692.4 667.6 644.3 629 616.6 603.6 592.5 581.3 571.9 562.1 549.3 534.9 519.2 508.7 494.4 477.3 467.8 467.5 467.5 467.5 468.1 470 474.8 477.8 479 482 490.9 493.4 502 499.9 512.6 529.6 548.8 576.8 607.1 636.4 664.9 695 720.7 745.5 761.7 771.7 776.4 779.6
686.8 680.7 671.8 663.1 652.7 640.9 639 640.4 646.8 652.8 656.4 658.7 660.7 668.6 672.3 679.9 687.4 692.9 701 711.1 718.9 728.2 734.4 739.2 742.9 749.1 753.3 753.1 751.6 748.8 743.1 735.7 725.9 714.5 701.1 684.9 660.7 640.4 625.3 613 600.3 590.6 581.4 569.5 556.3 544.2 530.5 518.7 505 488 470.5 467.5 467.7 467.7 468.3 469.8 472.3 475.1 478.4 481.4 485.5 490.1 494.5 500.2 512.6 526.8 549.2 580.8 615.2 649.7 679.8 707.5 732.5 751.6 765.4 773.2 775.9 776.2
682.9 676.9 669.2 661.4 651.5 641.2 632.4 632.9 635.4 639.8 642.6 645.4 648.9 656.3 663.2 670.8 677.6 682.1 692.5 702.3 710.1 718.1 724.7 729.5 734.4 741.7 746 745.8 746 743.6 740.7 732.8 725.6 716.3 706.1 695.2 677.4 656.1 636 621.5 609.6 598.9 590.3 579.1 566.6 555.8 540.8 527.1 512.6 497.3 480.6 468.3 467.9 468.4 469.3 471.5 470.6 472.3 475.9 481.4 482.9 487 491.2 498.2 508.5 525 547.8 579.6 615.9 653.4 684.9 711.9 735.9 754.3 766.1 772.4 771.5 767.7
676.7 670.4 664.3 657.3 649.1 638.1 629 628.6 627.4 628.8 631.1 635.4 641.2 646.9 653.5 661.2 667.7 674.8 683.6 692.3 700.8 708.2 715.3 720.7 725 730.8 735 736.5 737.5 737.9 733.3 729.3 724.1 716.7 710 701.4 688.8 670.9 651.5 633.5 621 610.1 600.6 589.9 579.2 565.9 551.6 537.1 522.1 506.3 490.1 473.8 467.5 467.5 468.4 468.8 470.2 471 473 478.4 480.5 484.1 489.3 495.1 507.8 523.7 544.1 576.8 609.9 645.1 675.3 708.6 730.1 751.1 761.8 767.8 763.4 754.5
669.5 666.3 660.7 653.6 646 637.7 624.5 621 621.3 621.1 623.4 626.9 632.5 639 645.7 652.2 659.2 667.7 676.3 684.3 692.7 699.3 705.5 711.4 716 722.2 725.7 727.6 728.8 731 729.9 726.2 722.4 718.7 715.4 706.3 696 685.7 670.5 651.9 634.2 622.6 611.4 598.4 588.5 575.7 559.9 545.2 532.3 513.8 496.6 480.1 470.5 468.3 468.7 469.3 468.8 469.5 471.4 475.3 477.9 479.6 484.2 490.2 503.1 519.4 538.8 570.9 600.9 633.6 664.9 697.4 720.5 741.1 752.7 758 752.6 741.7
662.9 660.1 655.5 648.4 642.8 634.7 622.5 616.8 614.2 617.4 616.8 619.8 624.1 632.7 639.2 644.7 653 661 669.9 677.9 685.2 691.9 697 701.8 708.5 713.1 717.3 719 720.9 723 721.7 722.9 721.8 721.1 718.1 712.7 706.6 693.2 682.8 665.8 651.7 638.5 625.3 613 599.7 584.9 568 552.2 539.6 523 505.4 487.1 474.4 472.1 470.3 470.5 471.4 468.8 468.8 470.7 472.8 476.3 478 483.7 498.3 514.2 535.1 561.4 589.8 620.2 651.1 684.1 708.6 726.6 740.8 745.2 738.9 725.6
657.2 654.7 650.2 643.8 638.2 631.1 622.2 611.2 608.2 609.3 611.5 612.3 616.3 622.3 630.5 638.6 647.9 655.9 663.9 671.7 676.3 682.8 689.3 693 697 702.7 707.5 710.4 712.4 715.2 716 718.9 719.8 718.4 718.9 716 710.8 702.2 690.6 679.8 666.3 652.3 637.8 625.3 610.6 594.5 577.8 561.7 546.4 531.9 513.7 495.3 477.7 471.3 470.2 470.1 471.5 471 468.8 468.9 469.7 472.5 473.2 480 494 509.9 526.7 553.6 579.5 607.2 636.9 667.7 695.7 715.1 730.7 732.4 725.9 713.4
651 649.7 644.6 638.7 633.3 626.1 618.2 610.5 603.2 600.1 604.2 607 610.8 616.5 624.6 632.9 642.6 650.7 658.4 665.2 669.6 674.2 679.6 683.5 686.5 691.8 696.7 699.5 702.4 705.5 709.6 713.5 714.5 716.7 718.9 719.1 715.1 708.8 699.8 690 677.8 664.5 648.4 636.2 622.6 607.2 588 569.3 553.1 536.7 518.8 501.9 483.4 473.2 470.3 470.3 471.1 469 468.8 468.8 468.8 471.3 470.6 477.2 489.3 504.5 519.3 545 569.7 595.5 620.9 651 677 699.2 716 720.2 714.3 698
647.3 643.9 640.6 634.1 628.2 621.5 615.5 608 599.9 597.6 597.6 601.7 607.2 612.1 620.4 627.7 637.9 645.9 652.7 658.7 663.4 667.9 669.9 673.4 676.7 680.4 685.1 687.6 691.2 695.4 702 707.7 710 713.8 718.4 718.6 719.2 714.3 705.2 694.3 683 671.8 659.4 646.4 634.6 619.3 596.9 579.4 560.6 540.7 525.1 507.7 489.5 476.4 470.7 470.8 470.4 466.9 466.4 468.5 469.7 471.5 469.4 474.2 485.4 500.6 516.3 536.2 560.2 583.9 607.2 632.1 660.1 683.1 698.5 704.1 699.2 685.1
642.3 638.7 635.8 630.3 622.1 617.5 613.3 604.9 595.6 591.7 590.4 595.7 602.3 608 615.4 624.5 634.1 641.4 646.4 651.1 657.3 661.4 661.5 664.6 668.1 670.6 675.4 678.8 681.3 687 693.6 699.5 705.6 710.4 716.5 720.9 721.1 717.3 704.6 695 685.9 675.3 665.4 653.2 641.7 627.5 603 579.3 562.4 546.6 532.8 515.1 495.6 480.6 472.5 471.6 470.1 465.9 461.7 460.4 464 465.3 467.2 471.5 482.7 495.7 510.8 528.7 549.9 573.5 595.6 618.2 642.6 666.2 683.7 687.6 682.8 668.9
638 631.4 630 623.7 618.9 615.3 611.9 600.9 591.1 589.9 589.6 589.6 597.5 604.1 612.8 620.8 630.2 637.2 641.5 646.1 651.9 652.8 652.8 654.6 658.2 660.2 665.3 668.9 669.5 678.6 684.9 693.8 700.2 707.2 711.1 718.9 726.6 714.2 704.3 696.4 688 676.4 665.3 648.7 637.1 626.3 607.5 582.8 565.1 549.9 536.5 520 501.8 485.2 474.3 471.9 470.8 466.9 461.7 459.8 458.7 459.8 462.2 469 479.3 492.1 504.7 521.8 541.5 566.2 587.2 606.8 626.4 649 666.1 671.5 667.1 653.6
