data/NN94.asc
ncols 200
nrows 200
xllcorner 290000
yllcorner 740000
cellsize 50
[rows 35 to 69 of 200, columns 0 to 78 of 200]
357.8 363.3 368.4 375.4 383.7 390.2 396 403.6 411.8 420.4 428 429 438.9 451.2 465.1 479.2 485.9 488.9 489.2 490.4 490.1 477.3 462 440 437.3 431.1 417.2 413 411.5 409 408.5 408.9 411 408.4 408.5 408.9 402.3 399.1 397.1 394.3 391.4 391.3 380.6 374.4 369 363.9 359.5 358.8 358.2 358.7 361.5 365.5 369.4 374.5 379.7 380.9 381.4 381.7 384.6 385.4 386 386.8 387.8 389.7 391.7 391.9 390.4 393 399.6 402 405.6 407.3 407.5 407.8 408 409.2 412.2 416.8 421.1
354.9 361.9 367.1 374.2 381.9 386.5 392.1 401.1 410 419.4 424.3 428.8 439.8 455.4 467.6 482.2 489.2 497.4 499 497 489.4 482.1 477.6 455.7 443.5 435.3 422.5 414.8 411.3 408.9 408.6 408.8 410.8 409.8 409.4 409.7 404.5 399.3 398.1 395.2 392.6 390.5 382.1 375.1 370.3 365.9 361.1 359.2 358.9 358.9 361.7 365.7 369.7 374.6 379.4 382.4 384.2 386.7 389.8 389.8 390.8 391.8 393.6 395.6 397.7 397.6 397.3 398.6 399.7 403.7 408.4 411 411.4 412.3 413.3 415.1 417.5 420.7 424.8
353.5 361.1 367.6 374.6 380.2 384.7 392.3 400.2 410.2 419.4 423 429.2 437.3 453.6 469 483.6 494.1 500.1 502.1 501.7 488 486.9 486.1 472.5 452.8 440.7 432.3 416 408.8 409 408.9 408.9 411 409.1 406.6 403 401 400.6 397.8 395.3 392.1 389.2 382.2 376.9 372.2 367.8 361.9 359.3 359.1 359.2 361.9 365.9 369.9 375.2 380.7 383.8 386.4 389.6 393.2 395.3 396.4 398.2 400.1 401.7 403 403.7 404.3 404.3 404.8 407.5 410 413.1 416.2 417.7 418.9 420.4 422.5 424.8 428.9
353.1 360.5 367.5 373.2 378.3 385.5 392.7 400.3 410.2 418.8 419.8 430.6 439 453.2 468.7 483.9 497 506.6 509.7 506.1 492.4 489.5 488.1 482.9 469.7 448 437.1 424 407.9 408.4 409.3 410 410.8 408.1 403.9 400 398.3 394.7 392.7 391.9 390.4 387.4 381.9 378.5 374 369.6 363.9 359.5 359.2 359.3 361.9 365.7 370.4 375.6 380.9 385.1 388.6 392.1 396.5 399.6 402 403.6 406.3 408 409.1 409.6 410.4 410.4 410.4 411.2 413.6 416.8 420.2 422.3 423.7 425.7 427.8 430.1 433.7
352.5 359.5 365.9 371.1 376.7 384.9 392.8 400.3 409 414.7 421.4 433.1 440.5 453.3 470.1 482.8 495.7 504.3 509.4 500.8 499.7 495.5 494.3 491.2 480.5 460.4 440.9 430.2 411.5 408.1 408.7 410.1 403.9 402.4 400.9 394.2 389.7 389 390.1 390.9 388.8 387.5 383.8 380.2 375.4 371.2 366.2 360.3 359.2 359 361 365.7 369.8 374.8 380.6 385.5 390.5 395.6 400.3 404.1 407.5 409.2 411.4 414.3 415.5 416.4 416.2 416.4 416.4 416.9 417.4 420.7 423.9 426.5 428.6 431 433.2 435.7 439.2
352 359.6 364.4 369.1 375.8 383.8 392.6 399.9 406.3 411.8 422.1 430.1 440.5 453.3 469.4 479.5 491.5 501.2 501.2 498.4 499.7 500.8 497.6 496 488.6 473.2 450.5 435.5 420.7 408 408.7 410.3 399.4 400.3 396.4 391.3 389 389 390.1 390.1 389 389.4 388.7 382.3 376.4 372.7 369.7 362 359.1 359.4 360.5 366.6 370.8 376.4 381.4 386.3 392.1 398.7 404.5 409.1 412.5 414.7 417.5 420.1 422.5 423.6 423.4 423.6 422.9 422.4 421.9 423.7 427.2 430.6 433.6 435.7 438.3 441.4 444.8
352 358 363.4 369 375.7 383.1 390.7 398.7 405.2 410.8 421.7 430.6 440.6 450.3 466.5 476 486.1 498.1 499 499.1 503.2 507.7 506 501 500.2 481.4 460.9 442.5 431.9 412.8 409.1 409.6 407.2 397.2 390.8 390.1 389 389 390.5 390.1 389 390.3 391.2 383.7 376.9 373.1 369.2 362.1 359 358.8 360 366.1 371.6 376.6 381.8 388 394 401.5 407.9 413.7 417.8 420.8 423.5 425.8 427.6 430.7 431.4 431.6 429.6 428.5 427.5 427.5 430.2 433.8 438.2 440.7 443 445.7 451.2
352.2 359.1 364.6 370.5 377.3 384.3 391.7 398.1 404.6 413.4 421.7 428.6 440.9 447.4 460.1 474.1 483.3 487.5 487.4 496.4 504.8 510.8 516.3 512.8 507.2 491.2 471.5 446.3 440.8 423.4 411.3 411.5 410.8 396.5 388.9 389 389 389 389.1 392 396.7 393.7 391.2 384.4 376.3 372.1 368.1 362.3 359.5 358.5 359.1 365.5 372 377.6 384.2 390.3 396.2 403.4 411.2 416.9 421.3 425.1 429 431.3 434.4 437.4 438.4 437.8 436.3 435.3 433.3 430 433.3 437.2 441.7 445.8 449 452.1 458.5
352.8 360.9 366.7 372.5 379.2 386.1 392.3 398.4 404.2 410.6 420.6 427 438.9 449 457 470.2 474.1 478.1 485.3 494.8 504.9 512.3 519.5 522.7 515.9 503.1 482.8 456.5 444.8 434.4 412.8 411.2 411.1 401.6 389 389 389 389 389.2 395.9 401.1 399.7 391.6 383.9 374.7 369.6 365.3 360.1 358.5 358.2 359.4 365.7 372.1 378.9 385.5 392.5 399 406 413.1 420.8 425.5 429.9 434.9 437.7 440.6 443.7 444.9 447.6 445.7 441.5 439.1 436.6 439.1 442.8 445.9 450.5 459.1 462.8 468.9
355.2 362.7 368.8 374.6 380.8 386.8 392.7 398.8 404.1 409.7 417 425.3 435.5 448.8 456.8 461.5 463.7 473.1 483.6 492.3 504 517.5 522.3 522.2 519.3 506.7 492 464.8 443.5 429.4 412.7 406.3 402.6 401.1 389 389 389 389 393 400.8 401.1 400.7 392.5 382.6 373.2 367.4 362.9 359.7 358.4 358.4 360.2 366.3 373.5 380 386.7 393.9 401 408.2 417.9 424.2 430.3 436.8 442.7 447.5 448.1 451.1 454.8 460.5 460.2 451.4 446.4 445.1 446.2 449.7 451.4 455.7 465.7 473.4 480.1
358.2 361 368.2 373 381.1 387.8 393.2 399.6 405.3 411.3 416.2 424.2 434.5 449.1 455.2 457.6 459 469.3 481.1 491.7 508.2 520.2 526.5 525.3 518.1 511.3 493 466.9 439.2 422.6 413.5 399 398.5 398 389.1 389 389 389.2 396.9 401 400 395.8 388.3 378.7 371 364.9 361.2 359.4 358.2 358.5 362 368.6 376.7 382.3 386.8 394.6 403 409.6 421.5 428.4 437.3 446.2 450.3 454.6 456.7 459.4 466.4 470.9 468 466.9 457.4 453.9 453 455.9 459.1 459.6 469.7 475.4 484.2
360.3 366.1 371.2 376.2 382.5 388.2 393.8 399.9 405.5 411.7 417.4 424 431.1 445.4 451.9 452 458.5 468.4 481.1 496.2 512.6 522.3 529.3 524.2 516.5 509 496.5 471.6 453.7 427 416.7 398.7 393.8 392.2 389.1 389 389 390.9 395.3 399.3 397.6 389.8 383.2 375.2 368.1 363.7 360.5 358.7 358.1 359.6 364 370.6 378.7 385.8 391 396.3 405 414.7 426.3 433.6 444.4 453.8 458.5 461.5 464.1 468.9 477.4 480.3 476.3 476.9 473.4 461.3 460 459.1 469.3 464.8 466.7 471.3 485.1
362.7 367 372.8 378.6 384.8 391.2 395.7 400.8 406.4 412.5 418.9 425.2 432.2 437.7 445.3 449 458.6 469.6 484.4 495.9 514.1 524.9 531 523.9 515.4 506.1 495.7 475 458 432.5 412.2 398.7 393 389.5 388.8 389.4 389 389.4 392.2 394.7 391 385.1 379 373.4 367.6 364.3 361 359.7 359.1 361.3 366.4 373.3 382.2 388.9 393.2 398.9 408.1 420.7 431.7 438.6 452.8 461.2 463 464.5 469.2 477.4 486.4 486.3 484.7 484.4 480.9 464.4 466.2 465.4 468.9 467.4 464.4 467.1 476.7
363.8 368.5 373.5 379.3 385.6 392.1 396.6 401.9 407.9 414.1 420.9 426.9 431.8 437.9 443.5 449.7 460 471.1 486.4 497.3 509.7 520.2 518.6 521.1 518.7 510.5 502.1 480.5 460.6 445 415 399.5 391.9 390.3 388.6 390.8 389 390.7 391.2 390.5 385.2 380.2 375.6 370.9 368.3 365.2 363.1 361.4 361.5 364.1 370 379.7 384.6 391.7 396.3 402 409.3 421.6 437.1 445.4 456.5 463.8 466.1 468.2 473.4 485.5 494.1 493.8 492.1 488.5 483 472.1 470.6 470.8 464.6 463.6 462.2 464.8 468
365.2 369.9 375 380.6 387.4 392.6 397.5 403.4 409.6 415.7 422.4 429.4 434 439.4 445.3 451.9 462 472 486.3 498.9 503.7 508.7 510.2 509.5 512.3 517.5 511.8 489.5 470.1 455.5 433.2 402.8 390.3 390.5 389.9 391.2 389 391 390.4 384.7 377.5 373.4 370.3 369.5 370.3 367.3 365.5 364 364.8 367.6 373.9 383.1 389.3 394 398 404.9 412.7 421.8 440.6 449.9 458.6 464.4 468.1 473.1 479.1 492.5 500.4 501.6 498.6 493 483.7 476.7 476.3 475 470 466.2 461.4 461.5 462.2
369.5 370.6 376.4 382.6 388.6 393.7 399 404.7 410.8 415.9 423.3 430.9 435.7 440.7 446.6 454.8 465 474.7 487.2 497.1 501.7 504.1 507 508.5 509.6 519.3 516 497.2 477.6 463.7 445.2 409.8 395 389.5 391.2 389.4 389 391.2 385.8 377.3 370.5 368.9 369.9 371.3 370.6 368.8 367.6 367.5 368.3 370.9 377.2 385.2 391.9 396.4 402.9 408.9 417.4 422 434.1 450.2 461 465.3 471.2 475.2 486 498.1 504.5 507.3 503.7 496.4 486.5 478.9 480.8 480 473.3 468.4 460.9 459 458.5
371.8 376 379.4 382.9 389.4 395.5 400.8 406 412.4 418.8 425.7 432.8 437.1 442.3 448.6 456.5 466 478.5 488.9 497.2 499.1 502.1 505.6 508.4 509.2 511.9 514.2 504.2 483.8 467.8 447.6 428.1 395.5 389.7 389.3 389.4 389 389.2 380.7 376.7 372.3 373.7 375.4 374.2 372.3 369.6 368.9 370.6 372.4 374.7 379.2 387.1 394.2 399.4 405.6 413.3 420.7 425.6 432.3 447.8 462.5 468.1 478.6 482.8 491.7 501.5 506.7 508.8 504.8 496.9 487.4 481.7 481.4 481 477.8 471.1 463.3 458.7 458
374.7 379.4 382.5 385.5 389.9 397.2 402.6 407.9 414.4 421.5 428.8 434.3 439.6 444.5 451.1 457.9 467.9 482.5 487.2 489.6 493.3 500.7 504.6 508.8 510.8 510.1 513.1 509.1 487.6 464.3 442.5 428.4 400.2 390.7 388.3 388.7 389 390.8 378.5 377.8 378.2 383.9 383.4 379.3 374.9 371.7 371.4 373.1 376.6 379.1 382.6 389.3 396.3 403.5 408.7 417.6 423.2 428.1 432.4 441.4 457.8 470.5 481.3 487.4 493.5 500.1 504 504.9 502.3 494.7 487.2 481.4 480.6 479.4 478.1 470.6 469.6 458.5 456.7
376 381.1 385.9 390.1 392.9 398.6 403.6 409.9 415.5 423.1 431.4 436.7 442.1 447.3 453.9 461 471 482.8 485 487 490.6 498.9 502.1 506.8 509.5 509.4 519.5 515.8 486.7 454.9 436.8 418.1 401.7 390.4 388.2 389.1 389.3 379.7 378.5 377.8 381.1 391.6 391.3 384.5 377.8 374.9 375.2 376.2 379.5 383.7 387.4 392.3 399 406.7 415 422.6 429.5 433.3 435.5 439.4 452.2 470.3 480.7 488.8 494.2 498.8 501.6 501.6 498.4 489.7 483.7 479.5 479.3 479.1 479.1 479.3 477.5 467.2 456.4
377.8 382.9 387.7 392.4 397.4 401.9 405.9 410.4 416.4 427.1 433 438.6 444.1 449.7 456.4 463.1 469.5 477 481.4 485.6 489.8 495.8 501 504.5 508.3 515.4 522 517 478.6 449.5 429 413.1 398.3 386.4 385.6 387.7 390.4 379.1 377.8 379.1 388.3 397.4 396.8 387.5 380.5 380.4 379.8 379.9 383.8 389.2 392.1 395.6 403.1 409.6 421.4 429.2 442.7 442.1 439 438.6 446.7 462.5 474.7 483 492.7 496.3 497.7 496.6 492 487.7 481.7 477.2 476.3 478.7 479.3 483.7 481.7 467.4 458.6
378.2 384.4 389.7 394.5 399.6 404.5 409.5 414.3 418 426.3 433.3 439.1 444.6 451 458 463.4 467.6 472.1 478.4 482.8 487.1 495.1 500.8 503.6 509.2 526.2 525.6 491.3 468.4 451.2 428.9 408.9 398.3 385.8 383.6 381.8 379.9 378.7 378.8 390.7 396.2 400.8 398.9 391 387.5 388.9 388.6 385.8 387.3 392.5 397.1 400.7 409.5 417.4 424.9 438.4 449.6 449.3 448.9 438.9 448.6 457.5 472 483 489 491.8 490.4 489.3 485.5 483.5 478.9 473.4 471.4 474.4 477.5 479.5 475.7 469.2 458.7
378.5 384.2 390.9 396.5 402.1 407.1 412 416.8 421.6 428.4 434.9 439.7 445.3 452.3 459 462.7 466.5 470.5 475.1 479.9 485.6 493.4 496.7 498.5 503.8 521.5 519.3 481.8 466.1 449.5 431.8 411.8 395.6 389.3 384.2 380.9 378.4 381.2 387.5 397.3 400.7 401 399.2 396.4 395.8 393.2 395.4 392.7 391 396.8 402.5 406.4 414.7 425.2 429.3 440.6 450.6 455.9 453.5 449.2 449.1 454.5 469.4 478.5 483.2 483.5 483.6 482.2 478.6 477 473.7 469.8 471.1 471.2 469.4 465.8 464.9 463.5 455.4
379 386.1 392.6 397.9 404.5 409.6 414.4 419.4 425 430.9 437.6 443.1 448.1 453.3 460.4 464.6 467.9 471 475.2 478.4 483.9 490.2 492.7 493.4 500.3 511.8 500.8 475.2 460.7 445.7 433.3 418.7 400.8 390 384.2 378.9 378.8 386.2 398.5 403.4 404 401.8 399.7 401.8 405 400.7 400.6 400 396.3 398.7 404.9 414.2 422.8 433.1 436.1 438.8 446.4 459.2 460.6 459.6 449.2 455.4 463.5 472.1 474.6 474.4 475.7 476.4 472.4 468.9 469.5 465.4 465.4 459 459.3 456.7 455.8 455.8 450.4
380.1 389 396.5 402 407.5 412.2 417.2 422.1 427.9 433.6 440.2 446.6 451.8 456.9 461.8 466.8 471.2 474.6 476.9 478.9 481.9 486.7 488.9 491 496.7 497.4 481.9 468 453.1 440 430.7 418.8 404.8 392.3 385.5 379.7 384.5 391.9 400.7 407.4 409 407.4 406.4 407.5 414.4 415.3 403.9 404.1 402.4 399 405.1 416.5 431.6 436.8 440.5 440.1 441.5 453.1 461.5 460.5 457.4 453.6 461.8 463.8 466.6 467 468.2 469.7 466.5 462 460.7 460.2 457.1 453.7 452.5 454 453.7 450.4 447.8
381.6 396.9 399.9 406.9 412.5 415.3 419.9 424.8 430.7 436.4 442.8 449.2 454.3 459.2 463.3 467.8 473.5 478.5 479.3 478.9 481.8 487.5 489.5 489.4 490.4 481.9 471.2 458.7 448.2 437.1 427.8 418.2 405.6 392.3 386.3 383.5 387.5 392.4 399.1 406.7 408.9 408.9 410.8 413.5 421.5 424.5 410.1 408.9 411.3 406.5 406.2 413.3 430 439.8 446.6 445 444.9 449.9 464.5 460.2 456.3 448.9 452.1 454.8 458.6 459.8 460.4 458.7 452.3 449.8 449.5 457.4 456.1 453.7 452.4 453.5 454.7 451.9 448.6
389.5 403.7 403.9 410.6 418.5 419.2 423.4 427.4 432.6 438.7 444.2 450.3 456.7 461.3 465.2 469.3 474.9 481 480.4 481.4 485.1 489.5 489.7 490.9 484.4 471 461.6 452.3 443.9 435.3 425.6 416.3 407 397.8 390.9 388.7 388.9 390.7 396.4 400 402.4 406.5 414.1 420.5 428.8 430.8 419.1 410.5 412.1 411.1 408.1 408.9 423.3 440.3 450.8 450.7 449.2 448.8 459.2 455.5 449.2 438.8 442.5 447 449.6 449.7 446.1 446 448 452.1 456.2 459.3 458.5 457 455.5 455.2 455.7 454.8 450.1
401.3 405.7 408.5 415.7 420.1 423.9 427.6 431.2 435 440.5 445.9 451.6 458.2 462.4 465.8 469.9 476.2 480.9 483.7 485.3 488.1 489.7 489.4 490.9 475.9 460.5 453.6 448.1 441.7 434.5 425 416.3 408.3 400.6 393.1 389.7 389 389.9 392.8 396.6 399.1 403.9 412.6 420.5 430.8 431 427.1 418.6 418 413.9 408.9 408.1 412.7 432.6 448.8 449.8 449.5 448.4 448.5 449.8 437.8 429.4 435.2 439.9 443.3 441.6 440.7 444.3 453.7 464.4 467.6 467.1 462.6 460.5 458.8 458 459.7 458.6 457.2
406.8 407 411.8 423.2 425.4 428.4 430.1 434 437.4 442.4 447.7 454.4 460.2 463.9 467.1 471.1 478.3 482.8 487.3 488.8 488.9 489.5 488.6 481.4 468.8 456.6 448.4 444.1 440.1 433.1 424.2 415.8 408 400.3 394.1 391.4 389.8 390.4 394 394.3 395.5 400.2 408.6 422.5 427.1 428.4 431.2 426.4 417.6 415.6 411.6 408.7 410.2 421.2 440.5 448 450.2 441.5 439.3 432.1 427.9 419.7 432.6 438.9 440.3 439.5 439.6 449.5 459.8 470.7 470.9 470.7 468.3 465.4 462.1 461.3 464.4 465.2 464.7
408.8 408.6 415.7 426.4 432.8 432.9 433.3 437.7 441.5 446.4 453.5 460.4 463.2 465.8 469.4 474.4 479.7 484.7 489 490.8 489.8 489.2 484.5 473 462 453.5 446 442 437 431.8 423.1 415 408.2 400.8 396.4 393.1 392.7 393.5 394 392.6 393.3 395.7 401.4 417.2 420.9 423.4 429.5 431.3 417.3 409.2 411.3 408.5 406.4 412.9 422.2 439.2 440.4 438.8 425.2 417 414.1 415.8 422.5 434.1 438.1 439.6 446.1 456.9 465.4 470.7 471.1 471.1 471.1 466.8 465 465.2 469.8 470.4 470.4
411.2 414.4 424.2 432.5 439.4 439.2 438.5 440.7 445.4 450.1 458.5 462.7 466.4 468.5 470.1 474.3 479.4 485 489.8 491.1 494.3 492.5 484.3 470.3 457.6 450.9 445.7 441.5 435 429.4 422.2 415.6 409 401.3 397 394.5 393.9 393.9 392.7 390.8 390.6 391.1 393.4 397.9 405.2 415 420.8 421.6 418.6 408.8 411 409.5 408.6 407.8 411.6 425.7 427.5 423.7 415.3 409.8 409.6 415.9 420.6 430.2 437 444.2 451.2 458.4 463.1 468.8 470.1 469 469.1 468.2 468 468.7 471 471.8 470.9
414.4 423.7 432.2 438.8 441.7 439.9 439.2 440.8 446.4 455.1 461.4 464.7 468.6 470.9 470.8 474.5 478.4 482.3 488.3 490 491.7 492.8 481.2 466.5 454.2 447.1 444.4 439.9 433.5 427.3 421.5 415.8 409.4 400.2 396.8 394.6 393.8 391.9 391.5 391.1 389.9 388.7 388 389.4 392.6 401 410.5 409 416.1 412.3 407.8 408.1 410.1 405.5 406.2 407.8 411 414.9 409.7 406 412.5 419.2 425 431.7 438.4 443.9 449.1 455 461.6 470.5 471.9 472 471.8 473.1 476.3 475.7 474.5 472.4 470.9
427.2 433.2 438.3 445 447.6 442.2 440 440 446.5 456.7 463.7 468.7 469 469.3 469.7 471.9 476.3 480.7 483.4 483.8 486 486.3 473.1 459.7 450.3 444.6 441.4 440.3 433.9 426.9 420.3 414.6 409.1 401.5 397.2 394.7 391.8 390.6 390.3 390.2 389.9 388.8 385.4 383.7 384.9 389.8 394.4 399.7 414 415.9 401.4 399.6 405.1 400.6 399.4 400.3 399.4 401.9 398.8 403.3 413.7 421.1 428.6 438.3 442.3 447.6 449.9 456.6 465 472.9 476.8 480.2 478.7 484 484.4 480.6 478.1 474.1 470.7
429.4 435.4 443.1 450.6 459 451.7 441.6 439 447.1 456.6 465.5 468.4 469.6 465 467.9 470.7 472.7 471.1 471 470.3 473.8 466.3 461.9 453.9 447.1 442.4 438.5 437.1 433.5 427.2 419.3 414 408.3 402.2 397.6 394.7 392.1 390.9 390.6 390.4 391.1 389.3 384.9 382 382.2 384.3 387.6 392 406.4 411.1 401 398.3 399.6 400 397.1 396.5 398 398.1 399.1 402.7 412.6 425.1 433.6 438.9 441.7 450.1 451.2 458.6 465 472.2 479.4 488.4 487.4 491.8 489.4 484.3 479.5 475.5 470.1
431.2 435 446.1 456.8 470.9 454.4 440.5 437.9 443.5 459.6 466.7 466 464.3 461.8 459.7 468.9 470.3 460.4 456.1 453.6 451 451.6 451.3 448.9 443.5 439.7 436.5 433.3 431.2 427.3 419 413 407.6 402.7 397.1 394.3 392.6 391.4 391.3 390.7 390.8 386.9 383.1 381.3 382 383.2 384.9 388 392.8 399.3 398.3 396.6 395.8 396.8 393.6 393.6 396.7 397.6 397.9 402.8 412.6 425.4 433.9 438.2 442.1 447.5 454 460.6 465 473.9 487.3 495.8 496.5 496.8 493.8 488.2 482.8 477.7 469.7
443.3 437.3 441.3 453.7 465.6 458.4 450.2 438.8 438.5 455.3 460.8 461.2 459.3 458.1 458 457.4 458.6 451 445 441.1 439.7 439.9 442.1 442.1 440.1 437.3 434.2 431.6 427.7 424.6 418.6 411.5 406.3 401.6 396.9 393.5 391 390.9 391.1 390.1 386.9 383.3 381.4 380.2 382.1 383.5 384.7 386.7 388.4 392.5 394.4 393.5 393.5 393.3 391.6 392.8 395.2 397.8 399 403.3 410.1 422.9 432.5 436.5 441.5 447 454.1 460.7 466.1 479.3 493.5 500.8 501.7 501.2 498.1 490.5 480.3 474.1 469.7
