data/NN97.asc
ncols 200
nrows 200
xllcorner 290000
yllcorner 770000
cellsize 50
[rows 35 to 69 of 200, columns 0 to 77 of 200]
840.2 849.6 858.3 864.3 869.1 871.6 871.6 869 863.5 855.9 847.8 839.1 832.1 822.1 810.4 802.5 796.9 799.2 803.2 807 811.3 811.2 810.4 802.8 793.1 775.5 758 738.3 718.1 701.1 680.2 664 658.5 652 643.6 633.7 628.6 627.4 626.3 625.4 626.4 627.6 629.7 628.8 630.6 630.9 625.7 620.4 618.1 615.8 611 607.3 601.4 598.9 610.8 623.7 635.1 648.6 663.2 677.2 693.2 713.9 731.9 746 757.8 766 771.4 776.2 779.1 780.5 784.3 788.7 790.7 792 792.3 793.6 794.7 795.7
838.7 847.2 854.2 859.8 864.2 867 865.4 863.1 856.2 850.4 840.4 832.7 824.5 814 804.5 794.3 786.5 784.6 787.7 794.5 799.9 800.6 799.5 793.6 782.3 764.7 749 729.3 709.8 694 675.7 658.4 652 645.4 638.6 629.5 633.3 634.3 635.7 635.2 634.9 636.8 638.7 639.3 637.1 635.8 630.1 624.8 621.1 619.5 612.6 610 604.5 603.1 613.3 624.8 638.1 649.8 664.8 678.3 696.7 715.8 736.4 750.2 764.2 772.3 778.6 784.3 788 789.3 792.4 796.7 798.4 799.7 800.6 800.6 801.5 802.4
837.1 843.9 850.1 854.7 859.2 861.1 857.9 854.5 847.4 840.4 830.3 822.4 812.6 801.3 791.3 778.2 771.7 761.9 763.6 770.8 781.6 787 786 782.1 772 755.6 733 716.6 702 684.9 669.5 657.4 649.3 639.2 637.3 638.9 643.9 645.2 647.1 648.6 649.8 652.7 652 651.4 648.8 643.2 636.7 633.8 627.5 620.2 615.7 612.6 608.2 607.5 611.7 622.3 636.4 652.1 668.3 681.3 698 718.8 740.4 756.7 768.7 775.4 782 789 793.7 796.4 799.8 803.5 805.3 807 808.7 809.8 809.5 810.1
833.8 840.1 845.2 849.2 853.1 852.2 849.6 844.7 837.4 829.5 818.3 808.4 795.9 783.1 770.7 764 754.3 744.8 746.5 755.4 766.8 771.3 770.8 770 762.4 740.2 721.3 705.5 693.1 677.2 662.6 653 643.4 638 640.5 650.2 658.5 659.6 663.1 666.4 668.9 671.6 671 666.9 663.5 657.7 648.5 644.1 636.5 625.7 618 612.9 609.3 608.5 611.7 621.1 636.8 651.5 666.1 682.1 697.2 718.8 737.7 756.6 771.1 775.5 781.5 789.8 796.1 801.2 804.7 809.1 812.3 814.2 815.1 816.9 817.1 817.7
829.4 835.7 840 843.1 843.7 842.1 838.6 834 824.4 813.2 803.7 790.3 776.8 763.3 755 744.5 739.1 733.6 732.3 738.8 746.9 756.9 757.3 758.7 748.6 730.9 711.3 698.4 685.6 671.4 657.4 649.4 640.7 642.2 651.4 661.4 670 673.6 681.6 684.8 689.1 690.6 690 686.5 680.9 672.6 664.2 647.9 640.3 627.6 620.7 615.3 612.4 608.6 616.4 627.3 641.1 652.1 665 680.1 695.7 715.2 732 748.5 763 770.6 776.4 784.6 794.3 802.3 807.7 812.2 817.2 820.6 820.7 821.3 821.9 821.7
824.8 830.3 833.7 834.7 834.5 831.8 827.5 819 808 799.8 786 773.9 761.8 749.2 741 730.6 725 722.3 720.7 722 730.8 738.8 743.1 741.8 735.7 718.5 704.7 690.9 680.5 666.1 652.3 647.3 646.2 653.6 661.6 673.6 682.5 686.7 698.1 705 708.2 710.1 709.7 707 698.4 688.8 674.1 657.7 645 634.3 622.8 618.7 613.4 609.6 619.4 631.2 639.5 650 664 677.7 691.1 708.7 724.6 737.7 751.5 762.5 771.3 780.4 791.9 799.6 808 814.9 820.6 821.5 821.1 821.5 823.4 825.8
815.8 822.2 827.9 827 825.5 819.9 814.8 803.5 791.7 784.7 774 761.7 748.9 740.5 728.9 722.1 718.4 715.1 714.6 718.1 721.6 724.6 730.8 728.6 720.2 709.3 697 685.8 672.4 659.2 649.8 648.2 650.7 662.3 671.9 682.6 693.9 704.7 711.5 718.6 724.3 728.5 731.1 728.6 720.6 703 685 669.1 651.7 639.4 632.7 619.9 615.2 615.4 620.3 625.7 638.7 650.3 662.4 675.7 689.6 704 716.7 728.8 744.8 754.1 764.9 777.2 791.2 797.8 807.8 813.5 819.1 821.5 820.7 820.3 823.5 827.3
806.6 813.3 818 819.3 816.5 809.2 800.7 789.7 780.5 775.1 762.8 750.4 741.2 732.7 724.2 716.1 713.4 711.2 710.1 711.5 713.7 716.7 718.8 714.5 708 700.3 689.2 676.7 666.8 657.6 650.1 650.2 658.2 668.7 680.2 692.7 706.8 718.8 725.1 732.4 739.9 744.2 744.8 741 731.7 716.8 697.9 680.6 663.3 648.7 637.9 627.2 619.8 618.2 618.6 624.6 634.8 640.7 657.6 673.9 688.5 702.7 711.6 723 733.8 748.2 760.9 773.4 786.1 796.5 806.2 812.5 817 819.4 818.6 820.3 824 828.9
800.5 806.3 809.8 811.5 808.4 801.6 792.6 781.3 772.7 766.6 755.1 746.8 740.6 731.8 722.9 714.9 710.2 709.4 708 707 708.8 709.8 709.1 705.5 700.7 691.9 682 672.7 665.3 659 651.4 657.4 666 677.1 686.9 702.5 716.1 727.6 739.7 750 757.8 758.2 756.8 752.5 735.7 722.6 704.5 692.2 678.5 659.4 645.6 634.4 624.7 618.5 619.7 623.1 629.6 640.3 656.2 673.3 686.5 696.4 706.4 716.9 733.9 746.3 759.1 773.4 786 797.2 805.7 811.5 812.9 813 814.2 818.4 823.6 829.7
797.4 801.3 804.6 805.2 802.8 796 786.7 774.6 767.5 758.5 750 743.2 737.4 729.4 720.1 714 709.6 706.6 704.6 703.1 702.8 703.4 701.5 698.9 694.4 687.5 680.2 672.1 666 659.1 657.9 664.1 673.4 685.2 696.5 710.1 723.7 738.5 751.6 763.2 769.9 770.4 765.5 757.3 740.2 723.7 708.8 695.3 681.3 671.5 652.4 639.7 630.8 622.5 619.8 621.8 628.8 637.6 655.5 670.9 681.2 692.4 703.2 714.3 733.3 744.8 756 772 785.7 797.1 804.2 807.2 808.3 808.2 810.2 816 822 826.6
794.4 797.1 800.4 799.7 798.7 792.4 781.2 770.7 763.5 757.2 748.8 741.4 733.5 725.1 718 711.3 707.6 703.7 701.9 700.8 699 696.9 694.4 693 690.3 685.3 677.5 671 668.2 661.4 660.4 670 680.5 692.2 706 718.3 731.7 748.4 763 774.9 782.9 781.3 771.5 758.9 742.3 728.1 714.8 697.9 685.4 673.5 660.3 648.7 636.5 628.3 629.3 628.1 631.2 639.5 659 667.5 678.4 689 703.3 715.6 728.6 743.2 752.2 769.1 784.7 792.8 800.2 802.1 803.7 804 805.9 811.7 817.6 819.9
791 794 798.3 798.5 796.3 790.1 779.9 768.6 761.9 752.8 745.1 737.6 729.6 720.5 715.3 710.2 706.3 702 699.7 699 694.9 691 689.5 688.7 681 679.6 676.7 677.4 676.5 673.1 668.2 672.1 684.5 698.1 712.6 726.5 743.2 759.5 773.1 787.9 791.2 786.6 775 758.9 742.2 728.8 715 701.9 686.6 675.4 664.3 655.2 643.3 637.1 630.3 628.9 632.2 645.6 655.4 665.9 676 689.8 703.2 716.8 727.3 740.3 752.3 766.3 777.3 787.6 793.8 795.6 796.7 797.4 799.5 806.8 811.4 814.4
790.5 795 798.7 798.3 796.5 790.4 779.9 765.3 754.2 744.9 736.3 729.3 721.6 718 713.8 709.8 706.3 700.6 700.9 698.9 696.6 691.9 692.5 691.4 692.1 691 691.7 691.4 689.1 680.3 670.5 676.6 688.6 702.1 716.4 731.5 749.4 767.6 781.8 793.7 793.9 787.6 774.4 757.2 740.3 724.4 709.9 699.4 685.6 676.8 668.9 660 647.6 639.1 635.9 636.7 641.8 647.8 658.5 667.4 677.3 693.2 704.2 716.2 727.7 740.4 752.5 765.6 777.5 779.5 783.5 783.9 787.2 789.4 792.5 798.1 803.5 806
794.5 798.7 800.8 798.1 795 787.4 776.6 762.6 750.6 741.5 733.3 727.2 720.7 718.6 715.1 711.8 708.1 703.3 701.9 701.5 701 701.2 702.2 702.8 706.8 706.9 705 704.3 697.9 685.4 677.7 681.6 694.2 706.7 719.3 735.5 752.5 771.4 789.4 800.7 798.3 790.6 776.7 755.8 738.4 720.3 708 697.9 688.2 679.4 671.1 661.4 649.7 647.1 643.7 648.7 654.1 657.7 662.8 668.6 684.2 695.9 705.1 720.6 729.8 742.4 752.6 764.1 773.7 774.2 773.2 774.7 775.5 777.6 781.3 785.5 791.2 796.7
802 801.2 801.1 798.6 790.6 779.5 770.4 759.7 750.6 741.4 734.9 729 723.1 720.6 718.5 711.4 709.3 708.6 708.6 708 709.2 712 712.3 715.1 720 719.5 716.2 711.7 703.1 692.1 679.8 685.6 699.1 711.1 723.4 738.3 752.9 770.4 789.1 799.5 798.7 790 778.1 753.1 735.3 718.1 705.9 697.8 690.8 681.3 671.3 662.8 658.8 656.9 649.5 660.1 668 671.8 674.4 676.1 685.3 698.4 709.8 723.9 733.6 741.8 751.5 758.8 766.1 767.1 764.4 764.7 760.7 761.6 766.1 767.7 775.6 783.8
811.5 810.1 806.1 800 795.6 785.8 772.6 762.7 752.8 744.9 737.3 730.9 726.4 721.7 718.9 715.9 716.1 717.4 717.1 718.7 720.4 722.9 726.2 727.5 729.2 729.1 723.1 717.2 709.1 700.3 687.4 691.8 703.6 715.5 727.9 741 755.1 770.3 788.2 798.3 798.6 791.2 782.5 755.9 736 719.8 706.5 696.2 689 683.7 677.6 670.1 668.1 660.8 660.3 668 677.3 681.2 683.1 685.3 689.1 702.3 713 723.7 732.2 742.3 749.7 752 752.1 754.8 749.6 744.4 741.8 744.8 749.5 751.1 757.5 767.6
817.8 816 813.1 808.1 801.1 789.1 776.8 764.5 756.2 747.1 738.5 732.1 726.9 721.4 721.5 723 724.1 724.7 727.9 728.4 731.7 735.2 737.5 738.6 740 735 729.2 723.3 716.6 705.9 694.1 695.9 707.6 717.4 730.7 744.1 758.2 770.8 784.8 798 799.1 791.2 779.1 757.4 737.7 723.9 709.6 701.5 696.1 689.3 679.3 674.1 672.2 672.3 670.3 674.4 678 683.9 690 693 698 703.1 711.9 722.9 729.1 738.1 744.2 741.9 740.5 738.5 733.7 729.1 728.4 728.6 733 735.6 740.8 749.4
824 822 818 811 803.3 791.2 778.6 766 757.9 748.5 739.3 732 729.5 727.5 730.1 732.1 731.6 732.7 735.6 738.5 741.7 744.6 746.2 746.2 744.6 741.4 735.7 729.8 719.4 707.3 698.2 699.9 710.3 721.2 734.1 745.4 758.4 771.3 782.2 795.5 798.9 789.3 774 756.7 741.5 726.3 715.1 706.5 700.7 692.5 687.8 687.2 688.8 686.5 687.2 687.5 694.3 696.6 702.3 706.9 706 708.1 713.2 721.3 727.5 734 739.9 735.4 728.5 725.1 720.9 713.9 714 716.8 717.2 721.3 725.8 735
829.9 827 821.1 812.2 801.9 788.6 776.4 766.1 757.8 748.6 739.5 733.7 730.6 734.4 736.9 739.2 739.5 742.2 747.8 750.2 752.2 753.7 753 752.2 750.8 746.2 735.7 728.2 718.5 707.4 699.8 704.5 714.6 726.6 738.8 748.3 760.4 769.6 778.1 788.6 792.3 785.5 770.5 755.5 740.1 728.4 721.9 711.6 703.8 700.1 699.2 700.7 700.9 702.8 702.3 703.4 707.4 710.5 717.2 722 726.2 724.8 724.7 724.9 726.9 726.3 730 726.3 717.9 714.4 710.7 703.2 699.7 705.4 707.7 710.6 714.4 722.5
838.1 831 822.9 811.5 798.9 787.6 777.9 767.6 758.4 749 742.3 739.8 737.5 741.9 744.5 746.8 748.9 753 756.9 759.3 760.8 759.7 756.8 755.3 752 744.8 733.6 724.7 715.4 707.6 701.3 706 716 730 740.6 751.9 761.6 767.3 774 782.8 791 780.8 769.9 754.3 739.9 732 725.6 718 710.4 709.3 712.1 712.2 713.9 715.3 718.4 718.9 721.5 724.5 729.9 735.8 739 737 736.4 731.5 721.2 720.4 721.9 716.9 708.2 705.8 702.5 696 691.1 694.6 696.7 700.5 704.2 709.5
843.6 836.7 827.4 809.4 797.9 788.6 779.8 769.7 761.7 752.6 749.4 746.5 745.8 749.8 752.9 755.7 758.8 764 765.4 767.4 767.8 764.2 760.3 756.8 751.8 742.2 733.2 724.2 716.1 709.8 708.1 710 718.7 730.2 745.3 755.5 762.9 766.9 771.7 776.8 781.2 778.3 771.9 753.9 741.3 734.5 729.8 720.6 718.3 723.6 726.5 722.3 724.9 728.7 730.9 732.9 734.6 737 741.5 745.4 749.3 750.2 747.9 740 733.8 720 708.8 706.5 700.8 699.7 695.8 691.1 688.6 686.9 687.3 691.4 697 700.4
848.4 839.7 829.4 812.6 800.6 790.1 781.7 773.6 765.4 759.5 756.1 753.6 753 756.8 759.8 763.3 769.4 774.5 776 776.3 773.5 770.2 763 758.1 749.6 740.9 733.3 727.2 718.9 712.5 710.2 713.3 722.3 734.4 745.6 754.1 761.5 764.7 769.8 773 773.1 772.9 764.5 756.2 744.3 738.6 731.6 726.2 728.7 731.8 734.8 734.4 738.4 741.4 743.4 746.3 747.8 748.1 751.5 755 756.9 759.7 759.3 752.8 743.9 729.2 719.2 715 703.5 693.1 688.7 681.5 682.2 681.2 681.8 685 689.5 691.3
853.3 842.8 830.5 815.4 803.5 796.3 786 779.8 771.3 767.1 763.3 761.4 760.3 762 766.5 771.8 778.6 783.9 784.8 783.3 779.3 771 764.2 757.5 748.8 741.1 735.1 730.2 719.5 717.8 716.9 717.9 722.7 733.2 742.7 750.9 759.8 762.1 768.1 770.9 768.6 765.3 761.5 753.7 745 739.3 733.7 730.7 733 738.4 744.1 746.6 753.1 754.3 754.9 757 758.9 760.3 763.2 767.3 768.8 770.4 770.9 766.1 759.8 744.1 734.2 726.6 713.5 704.8 695.8 684.4 678.6 678.1 675.5 679 680.2 683.3
856 846.2 833.6 819.3 808.1 800.2 792.6 786.2 780.7 776.9 771.2 769.5 769.1 769.9 774.4 779.9 786.9 791.8 793.1 790 782.9 772.5 764.6 756.9 749.9 743.3 736.7 730.2 723 721.4 721.4 720.7 724.9 734 742.7 749.6 756.8 761.8 766.8 769.1 768.3 760 759 750.2 743.9 740.4 737.2 735.1 738.4 744.1 753.6 760.6 769.3 772.3 770.6 768.9 771.9 774 777 781.7 782.3 781.3 782.2 777.7 767.5 756.6 748.2 737.1 725.4 714.6 705 695.9 688.2 679.8 670.3 671.6 673 674.1
855.8 845.7 834.5 823.7 815.7 808.6 802.1 795.6 790.6 787.6 782.3 779.1 779.6 780.2 783.3 790.7 796 799.7 801 796.7 789.6 777.5 767.2 759.3 751.7 745 738.5 732.5 729.3 729 727.9 726.8 729.3 736.4 744.2 751.7 759.9 763.4 767.6 769.8 771.1 764 760.5 756.4 747.7 744 740.3 739.8 738.9 750.1 760.9 770 780.1 789.9 792.6 790.8 791.3 790.4 792.4 795 794 793.1 792.3 785.7 775 763.6 754.1 745.7 734.7 726.2 716.1 705 693.5 684.2 678.5 669 661.4 665
860.5 850.2 839.7 833.2 825.4 820.2 814.3 808.7 805 801.2 795.6 790.1 788.7 789.8 794.1 800 807.1 811.8 811 805.3 795.4 781.1 770.2 761.8 755 748.6 742.3 740 735.1 736.2 734.4 733.7 735.8 742 748.3 755.8 763.1 766.6 770.2 772.3 772.7 770.8 768.8 765.4 757.3 746.6 743.1 742.1 742.9 754.1 765.1 776.8 788.3 800.1 805.7 810.1 815.6 816.6 815.3 813 808.3 805.5 803.6 797.2 786.3 772.9 763.3 755.6 745.9 736.9 728.2 715.4 702.8 691.8 682.3 671.8 662.5 659.3
869.1 857.7 849.7 841.8 836.2 830.9 826 823 820.4 815.8 809.3 803.8 801.8 804.7 808.2 814.9 821.1 824.1 821.8 814.3 804.3 787.2 775.8 767.3 760.4 754.7 750.3 748.6 745.2 743.8 740.7 741.4 744 747.7 754.9 760 765.5 771 774.8 776.3 777.2 777.6 775.7 773.5 766.8 758.4 745.8 745 748.4 757.4 768.6 780 794.1 802.7 810.3 820.5 833.5 833.9 831.6 833.1 828.9 820.9 815.5 803.3 794.4 784.2 772.9 766 757 746.1 738.3 725.5 709.4 697.9 687.8 677.7 667.9 659.6
875.3 869.1 860.9 854.9 849.6 844.5 841 834.8 830.5 826.3 823.8 819.4 816.1 819.5 823.4 829.3 833.7 833.8 830.8 822.6 812.1 793.5 783.8 774.4 768.3 762.8 759 757 752.6 751.2 749.4 750 752.8 755.3 760.5 766.8 771.9 777.7 780.7 782.1 783 784.2 782.4 778.7 775.8 770 760.1 752.9 749.6 758.5 769.4 782.2 794.2 808.4 815.8 823.3 831.3 840.3 841.3 850.7 849.5 841.1 830.7 816.2 803.9 792.8 783.7 775.4 765.1 754.4 743.3 731.8 716.9 702 692.9 684.2 673.6 663.7
881.2 878.1 873.9 869.5 864 859.5 854.3 849.8 846.2 842.4 838.9 833.6 831.3 832.9 840.6 843.5 845.1 843.6 837.5 828.3 818.7 802 791.8 783.6 778.8 772.5 767.7 765.5 761.6 760.2 758.1 758.1 760.5 763.6 766.9 772.5 778.8 782.6 787.2 789.2 789 790.7 789.6 789.4 788.3 784.4 778 766.1 758.3 761.9 769.3 782.3 795 810.4 813.6 819.5 826.3 831.8 833.4 839.6 853.6 858.9 847.9 833.5 816.9 802.9 791.6 784.2 774 759.3 745.3 732.9 720.2 706.8 696.2 686.8 676 666.5
884.3 885.2 884.6 882.5 878.5 872.2 865.8 861.3 858 854.1 851.3 850.2 849.7 852.6 855.5 855.3 853.6 851.2 845.5 836.7 825.5 813 801.9 794.9 789.3 782.2 777.5 774.4 771.6 769.1 767.3 767 768.8 772.7 775.4 777.7 784.6 789.4 795.9 797.6 797.2 798.1 798.3 798.2 798.6 799.9 791.2 778.3 768.2 766.3 770 777.6 787.5 798.9 804.7 807.7 816.3 820.4 825.2 831.6 846.3 858.4 855.6 843.4 828 815.2 801.4 792 782.2 761.7 747.6 735.2 723.5 711.9 700 689.4 678.7 668.6
887.1 891.5 892.7 891.6 888.9 883.3 877.1 871.1 868.6 864 862.1 862.6 864.3 866.1 866.6 866.1 862.4 858.5 853.8 844.3 834.3 824 815.8 808 800.4 793.5 788.3 785.1 783.3 780.4 778.6 777.9 778.4 780.5 784.1 788.7 793.8 800.7 805.9 808.6 810 810.3 811.9 812.1 813 815.2 805.8 790.6 775.7 771.9 772.1 777.8 782.4 789.1 792 797.7 806.8 813.9 819.5 821.2 836.8 846.8 851.5 846.9 838.2 826.7 813.9 799.3 783.4 765.1 751.1 736.7 725.6 714.1 701.9 690.1 679.8 670.8
887.2 894.1 899.5 899 895.6 889.4 884.4 879.8 876.5 872.8 871 870.4 872.9 875.9 876.8 876.1 872.2 868 864 854.6 845.2 836.8 830.2 819.5 812.8 806 799.5 797 795.3 792.4 790.7 789.8 788.6 790.2 796 799.6 805.1 814 818.4 820.1 822.6 822.7 823.1 824.5 826 825.9 817.5 798.8 783.9 778.6 780 779.5 781.8 784.4 787.1 789.9 799 808.3 807.5 811.7 826.3 836.9 844 838.9 840.8 830.5 815.7 801.1 783.1 770.9 756 739.2 723.3 715.5 703.4 691.2 679.6 671.3
887.6 895 901.1 900.7 899 892.2 887.8 884.9 881.7 878.5 875.9 875.1 877.4 880.9 882.3 881.6 878.3 876.6 873.6 865.9 857.8 848.8 839.4 832 825.2 819.3 814.2 811.5 808.9 806.6 803.6 801.8 800.7 801.6 807.4 810.5 815.3 822.1 825.6 829.1 831.8 836.7 836.7 836.2 836.1 834.8 821.8 803.9 790.4 787.1 787.1 783.1 783.1 785.3 781.9 784.8 789 797 798.7 802.1 816.3 830.3 830.9 833.6 834.5 822.6 806.8 794.9 779.9 767.9 756.2 742.7 727.1 715.2 703.6 692.4 680.8 672.9
883.6 891.6 898.1 901 900 895.9 890.7 886.8 882.7 881.2 879 878.4 879.3 881.6 882 881.7 882.9 882.2 880.6 875.7 868.3 860.2 854.4 847 840.2 834.3 830.8 829 828.1 822.8 817.5 814.8 813.1 814.2 818.1 823.9 823.8 828.4 835.1 838.9 844.8 847.8 849.2 847 845.4 840.9 825.5 810.9 798.6 793.5 790.1 788.5 786.5 786.6 780.3 781.1 783.3 786.2 790.7 798.4 804.6 810.1 821.8 828.6 817.9 798.8 795.2 792 781.8 763.4 754.9 745.6 727.8 713.7 704.2 692 681.6 673.9
877.4 886.8 892.7 897.7 897.4 892.8 890 886 882.4 880 877.8 877.7 878.4 881.5 881.7 883.2 885.8 886 886.9 883.6 878.3 872.3 867.7 861.2 854.1 850.2 848.7 849.9 848 842.8 834.3 828.1 827.1 827.3 831 834.6 836.8 840.9 846.5 850.2 854.8 857.8 858.9 855.4 854.4 847.4 836.9 820.6 805.6 799.3 795.4 792.2 790 789.7 781.2 780.9 780.1 780.4 783.3 788.3 792.8 801 806.9 809.9 791.7 782.1 786.5 783.7 768.7 756.3 752.6 744.8 726.5 712.5 703.9 691.7 681.3 673.1
