data/NO06.asc
ncols 200
nrows 200
xllcorner 300000
yllcorner 760000
cellsize 50
[rows 70 to 104 of 200, columns 0 to 77 of 200]
530.6 525.1 520.8 513.3 502.4 500.9 498.2 497.7 498.5 498.5 499.3 495.4 493 487.2 479.2 477.7 475.4 473.8 472.7 473.3 474.6 475.9 478.4 478.1 479.3 483.2 492.5 501.4 508.9 517.2 527.6 538.6 546 549 542.2 516.7 507.1 496.6 485.9 476 468 462.4 458.9 458.9 458.9 460.9 467.8 473.3 479.8 485.5 490.3 495.4 501.5 508.1 515 524.7 540.7 547.6 558.3 570.2 563.1 546.2 536.8 520.4 508.7 492.8 483.2 469.4 462.2 457.3 452.5 448.7 445.4 443.5 441.5 437 429.1 426.4
536.3 532.3 526.5 517.3 502.8 495.8 494.5 493.2 492.3 489.8 489.8 491.1 489.8 480.2 478.9 478.6 473.6 471 469.7 470.7 471.2 473.4 475.9 477.3 478.7 480.9 489.8 499.6 508.1 516.8 528.5 540.2 543.6 542.9 532.6 514.1 502.2 491.3 481.8 473 464.9 460.5 458.3 457.9 458 460.5 467.4 473.6 479.8 484.8 489.5 494.8 500.8 507.4 514.6 523.2 535.5 543.4 556.8 570.1 570.4 552.5 543.1 541.2 523 497.5 484.5 473.4 465.7 461.3 456.3 451.3 449.3 446.2 444.1 440.9 432.4 426.5
543.7 537.8 526.1 517.2 503.6 494.7 490.8 490.5 488.9 485.7 484.6 484.9 487.2 481.3 481.1 478.4 473 471.5 469.4 469.1 470.5 472.5 473.4 473.6 476 480.5 489.1 497.3 504.9 515 527.5 540 543.8 541.7 524.4 508.9 498.1 487.5 478.8 471.1 463.4 459 457.7 457.7 457.9 460.2 467.2 474 479.5 484.4 488.9 494.5 500.4 507.2 514.3 523.9 534.9 546 557.7 570.2 571.4 557.2 550.9 551.5 534.2 503.7 486 473.6 468.4 463.7 459.1 454.9 451.3 448.9 447.9 446.9 439.3 429.2
550.2 544.9 528.2 520.8 507.4 495.4 489.9 490.1 483.5 481 479.4 478.6 475.4 476.3 477.1 475.5 470.9 469.4 469.2 469.2 469.7 471.1 471 470.2 472.1 480.2 488.8 496.9 503.9 513.2 525 537.4 542.6 539.6 517.7 503.2 492.2 482.9 475.6 468.6 461.7 457.9 456.4 456.5 458.6 461.5 467.5 473.6 480 483.4 489.3 494.7 500.4 506.8 516.1 526.7 535.8 548.1 562.7 571.6 571.2 563.8 561.4 558.8 539.5 509.7 490.2 475.9 471 467.1 462.2 458 457.2 452.8 449.5 451.1 445.4 439.1
551.4 550.9 535.6 520.3 511.7 501.4 499.3 487.2 478.7 476.7 476.9 470.8 473.2 473.1 470.8 469.1 470.9 471.3 469.4 469.1 467.8 467.1 468.3 468.9 470.4 479.3 486 493.2 501.9 511.4 522.3 531.6 538.9 534.8 515.6 495.9 487.2 478.6 470.8 465 460.3 455.2 451.4 452.3 457.5 460.2 467.2 473.8 478.9 481.7 487.7 494 500.9 507.5 517 529.1 539.2 554.1 568.2 573.9 573.4 574.3 574 570.7 546.4 521 490.6 479.8 474.5 470.1 464.7 460 460.7 457 453.4 452.6 450.1 447.1
550.8 542.3 534.5 526.8 521.9 511.3 498.7 487.7 478.2 469.8 471 469.2 469.9 467.6 467.2 468.7 469.1 471.5 470.6 471.5 463.3 460 462.5 466.7 471.3 476.5 482.3 490.4 498.1 507.4 519.6 528 532.6 530.9 513.4 494.8 484.2 474.5 467.6 462.8 459.3 453.1 449.5 450.8 455.5 458.9 466.6 472.5 477.7 481.6 487.4 493.9 501.6 509 518.8 530.5 544.7 561.8 573.2 575.9 578.4 583.1 585.6 582.4 559.8 527.1 495.5 485.2 480.1 473.5 467.4 462.4 459.1 459 457.4 455.2 451.1 450.1
549.2 539.6 534.8 530.4 526 514.6 501.1 490.4 481 470.5 464.7 463 463.7 460 460.6 467.4 471.4 472 473.2 471.4 468.4 460.4 460.7 462.7 469.5 474 479.1 487.6 494.6 503.1 513.4 522 530.6 528.9 507.5 493.9 482.5 472 464.2 459.2 455.6 451 448.7 450.8 453.3 457.9 466.8 473 477.4 481.8 488.7 493.9 501.1 510.1 521.5 531.5 551.1 567.4 574.9 578.2 583.7 591 595.3 593.1 571.7 534.1 503.5 493.7 486.7 477.6 470.8 464.8 461 461.2 459.7 452.8 448.3 443.5
545.5 537.3 534.4 530.2 525.5 518.1 507.6 496 484 471.4 461.3 459.2 459.1 459.4 460.9 465.6 470.7 475.2 479.2 475.6 471.1 460.3 459.2 460.7 466.9 471.5 476.9 484 491.9 500.7 507.5 515.7 522.7 524.8 503 492.6 482.1 470.6 461.7 456.6 451.2 449.4 449.4 449.2 451.8 456.8 464.7 470.8 475.6 481.4 488.5 494.1 501.1 511.7 522.7 536.9 555.2 566.3 574.5 581.5 587.4 595.7 602 601.7 582.3 547.1 515.5 503.5 493.8 483.8 475.6 467.3 463.4 460.9 461.3 450.1 445.2 438.2
542.1 538 533.5 530.2 528.2 521.8 522.8 504.5 488 473.3 466.8 458.2 455.8 454.9 457.2 461.2 467.7 473.9 478.6 476.6 471.5 461.6 454.9 460.7 465.2 470.1 475.2 481.8 489.6 497.1 503.8 510.3 514 511.8 499.9 489.4 478.1 470 460.2 451.8 447.9 448.3 448 447.7 450.5 458.9 464.3 470.7 475.4 480.9 487.3 494.5 501.7 511.6 524.3 539.3 552.7 562.8 573.2 583.5 591.6 598.9 607.1 606.9 592.4 569.2 526.9 518.8 506 495.2 482 472 467.6 461.9 459.4 450.5 442 436.8
542.1 537.3 535.9 532.8 532.3 530.5 525.6 509.7 495.2 481.6 471.8 460 453.5 450.9 451.5 456.6 460.7 470.9 470.5 471.9 470 460.8 448.7 459.7 462.7 468.5 473.6 479.2 487.2 493.6 500.1 506.3 508.3 506 497.3 487.1 476.5 466.4 456.8 449.8 444.7 443.8 443.7 445.1 449.5 457.1 463.3 469.6 475 481 487 494.1 502 512 523.4 536.2 550 561.2 572.5 585.2 594 601.6 613.8 616.4 603.3 581.8 544.3 534.8 522.5 510.5 494.2 476 473.3 467.1 458.1 453.1 440.8 431.7
541.4 538.8 538.2 535.4 535 535.2 528.7 514.8 500.3 486.2 476.3 466.2 456.5 450.1 448.7 450.4 456.5 460.9 464.5 466.6 461.2 459.5 448.7 452.3 459.5 465.5 470.3 477.4 484.3 491 498.1 502 502.3 501.2 499.6 483.3 472 461.3 454 447.5 443 440.8 440.2 443.6 449.7 455.3 461.5 467.9 474.5 480.7 486.5 493.9 502.6 511 521.5 534.9 548.3 560.1 571 584.7 595.3 605.8 620.1 624.3 609.8 590.9 560.9 552.7 541.3 526.4 508.1 486.5 483.8 472.6 461.8 455.8 451.3 427.7
541.1 541.1 539.8 538.1 537.7 539.8 532.7 521.6 504.7 493.4 477.7 464.8 456.8 449.6 448.1 448.7 451.3 455.8 457.4 460 460.9 453.2 449.8 448.6 455.4 461 466.2 473.8 481 489.2 494.3 496.9 498.3 501.5 501.1 482.8 468.1 458.6 451.2 445.4 441 439.2 439.4 442.9 449.2 453.7 459.9 466.1 472.7 479.4 486.1 493.5 502.3 511.3 522.6 534.3 547 558.8 571.4 584.8 594.6 607.5 625.6 630.4 615.2 596 577 567.8 557.1 540.8 522.8 502.4 490.3 477.6 466.3 456.5 453.7 431
541.1 539.9 538.3 539.6 539.6 539.6 537 527.1 509.2 494.2 479.4 466.2 458.5 449.4 448.7 448 446.7 447.6 449.3 450.8 457.4 449.5 448.4 440 449.8 455.6 461.6 468.7 476.1 483 487.9 490 493.1 501 498.2 483.9 467.6 455.4 447.8 443 439.7 438.7 438.5 441.3 446.6 451.9 457.8 465.2 471.1 477.8 484.4 492.1 501.1 512 523.3 534.2 546.8 558.7 571.6 583.9 596.8 610.8 626.7 632.1 623 606.8 589.8 581.6 569.1 555.3 536.9 514 497.8 489.1 467.6 458.1 450.5 434.5
538.3 535.6 532.2 536.3 540.8 538.3 534.2 528.5 515 496.2 479.9 471.4 458.5 450.9 449.8 446.3 441.8 441.1 442.1 445.6 448.3 446.4 442.1 439.2 444.1 451.6 458.3 464.7 471.5 478.2 480.6 482.1 488.8 495.4 494.6 483 465.6 452.4 445.6 442.1 439.7 438.4 438.1 439.7 444.9 450.2 457.3 464.4 470.7 476.8 484.1 492.9 500.9 512.7 524.3 534.7 547.2 559.2 572 585.6 599.4 611.9 625.2 634.2 628.8 610.8 601.5 594.5 581.5 568.6 553.1 532.4 513.4 497.1 475.8 463.9 454.6 436.9
532.6 530.9 528.5 529.4 536.6 533 528.6 525.4 515.6 498.5 480.8 471.1 457.1 450.4 449.9 448.9 443.6 440.7 439.1 439.8 439.3 439.2 437.3 435.5 438.6 445.6 452.6 460.7 465.5 474 474.2 475.1 481.4 487.8 486.5 475.6 462.1 450.8 444.6 440.8 439.1 438.4 437.9 438.9 443.3 449.3 455.9 463.7 471.2 478.4 484.3 492.1 501.7 513.6 525.1 535.9 547.7 559.7 573.5 587.7 600.6 613.1 622.5 631.2 631 615.1 609 605.1 595.1 579.7 567.1 550.4 531.3 510.1 492.2 465.1 457.7 444.6
526.9 525.4 524.9 528.7 530 528.1 522.6 519.6 510.5 498.4 480.1 470 457.6 448.6 449.9 447.5 444 440.3 438.6 435.5 434.3 433.9 431.7 430.9 431.9 442.7 449.8 458.5 460.7 469 464.5 469.7 473.8 476.9 478.2 467.7 456.5 449.5 443.7 441 439.9 438.3 437.9 438.8 442.1 447.7 455.9 463.2 470.3 477 483.4 492 502.7 514.6 525.6 535.5 547.7 560.2 573.7 588.7 601.3 611.2 618 624.3 620 612.3 608.4 605.1 601 589.4 580.6 563.8 544.9 524.8 501.4 471.4 464 451.1
521.8 519.4 520.4 521 523.4 522 518.1 510.1 502.1 492.3 477.4 463.6 453.4 448.5 445.9 443.5 441.3 439.8 437.2 433.1 430.1 430.9 429.1 428.7 429.2 441.2 446.2 448.8 456.4 458.9 456.2 460.5 463.9 467.4 471.1 461.3 451.1 444.3 442.1 439.8 439.1 438.4 437.5 438 440.7 447.8 453.3 461.4 469.6 475.8 483.3 492.1 502.5 514 524.8 535.2 546.5 559.8 572.1 585.3 599.3 603.1 608.3 609.5 608.5 606.2 604.1 603.8 602.8 596.7 585.4 574.6 554.2 539.3 507.9 484.6 474.6 461.3
510.8 513.3 513.8 515 517.7 517.1 514.1 509.9 498.9 490.3 478.3 465.8 453.9 447.7 442.3 440.7 439.5 437.7 433.8 430.4 431 428.8 428.2 428.1 428.7 440.2 443.6 447 451.9 450.7 447.5 450.2 454.9 456.8 455.7 450.2 446.4 442 439.1 441.5 439.2 438.3 437 437.6 439.2 445.8 453 460.6 468.6 476 483.1 491.4 501.8 512 521.9 532.1 544.1 556.8 567.7 581.2 587.2 589.5 592.3 594.2 595.8 597.5 597.7 599.8 600.2 593.6 584.1 570.7 562.6 550 515.2 503.9 485.9 466.3
503.8 506.9 506.8 510.1 511.4 512.6 511 505.5 497.4 487 474.5 464.3 451.7 447.7 440.9 441.5 439.2 435.5 430.9 430.6 431.2 429.5 427.2 425.4 427.3 433.4 442 440.7 441.2 442 443.9 441.5 442.5 447.6 445.1 445.6 442.8 440.7 439.4 438.9 438.1 437.2 435.8 435.4 438.3 444.7 452.2 460.6 466.4 473.7 481.8 490.3 498.8 508.8 518.8 528.5 540 551 560.2 568.6 573.2 575.2 576.7 581.9 583.6 584.9 587.1 589.9 589.9 588.5 579.3 568.6 551.2 543.5 533.2 518.2 498.7 470.3
497.6 500.7 500.4 501.2 505.1 505.4 504.7 500.6 495.1 487.8 477.1 465 452.9 444.3 441.1 440 439.2 437.6 431.9 428.9 428.9 429.4 423.3 420.1 421.2 425.8 435.9 434.9 430.2 434.8 437.3 436.8 436.3 440.5 440 441.7 440.4 437.1 435.7 435.8 435.8 434 433.3 434.1 437.2 442.8 450.1 458.4 464.8 472 480.4 488.7 496.3 505.1 514.4 523.7 533.5 542.9 551.6 556.9 561.4 564.1 569.4 574 573.3 575.1 578.6 581.2 579.8 577.7 574.4 566.9 556 551.2 545.1 527.7 512.2 477.4
487.1 490.4 495.4 494.9 496.7 497.5 498.6 495.7 493.1 488.3 480.2 466.3 453.5 444.9 442.3 440.6 440.1 440.2 440 432.8 428.9 428.5 422.9 419.8 418.8 419.5 423.5 423.1 421.7 425.3 426.2 430.5 431.7 431.8 430.4 434.5 433.3 431.4 432.2 432.3 432.4 431.2 431.3 432.7 435.8 441.3 449.7 456.2 463.2 470.4 478.7 485.2 492.4 499.9 509.1 518.4 527.2 536 543.4 547.8 553 558.5 566.8 569 564.4 568.9 570.4 572.1 570.5 572.8 572.1 570.7 560.6 556 552.1 537.1 529.9 495.1
483.2 482.5 487.7 486.7 489.9 490.8 493 492 489.9 485.4 479.9 466.6 456 450.8 450.4 448.8 446 445.3 444.7 439.2 433.6 431.6 429.9 424.9 419.5 418.5 416.6 416.7 416.7 421.1 418.9 422.4 427 427.6 424.9 425.8 425.6 428.9 431.3 430.1 430.1 430.2 430.1 431.9 434.6 438.3 446.1 453.7 460.7 468.3 474.9 481.1 488.4 495.7 504.4 512.9 521.9 529.7 535.9 542.3 547.9 553.8 561.1 558.8 558.7 560.1 563.6 566.9 568.4 570.2 571.6 571.9 565 557.4 552 548.2 537.2 514.7
479.9 481.9 479.8 480.3 480.8 485.3 491.1 491.4 488.3 485 480.1 471.6 462.1 460.8 460.8 459.2 456 453.4 452 446.7 442.3 440.5 436.8 431.4 424.9 418.4 413.3 410.6 410.5 414.2 414.5 416.1 421 420 419.3 418.2 418.7 428.5 428.7 427.1 427.8 430 430.4 432 434 437.8 444.2 451.5 457.6 465.9 472.7 479.3 485.9 493.7 501.4 509.3 517.6 523.3 529.1 535.9 542.3 549.1 553.3 553 553.8 555.1 559.5 563 568.8 573.3 577.8 572.4 568.7 557.7 552.9 551.4 545.2 523.1
480.7 477.7 473.1 472 475 481.6 485.4 488.2 486.5 484.1 481.2 477.9 474.5 472.1 470.3 468.3 466 464.2 460.5 453.6 449.7 446.9 441.9 436.7 430.7 421.3 414.2 410.7 410.4 409.7 411.1 410.8 414.2 414.5 414.3 415 418.6 421.3 422.9 423.6 421.9 425.8 431.2 432.7 434.4 437.7 443.8 450.9 457.1 465.1 470.9 478.4 486.1 493.1 499.8 507.5 513.5 519.4 525.9 532 538 543.9 546.7 549.5 550.9 551.6 556 561.9 569.2 572.5 575.2 568.8 560.3 549.9 549.5 550.8 544.4 522.4
482.6 480.4 473.9 469.7 470.3 475.3 479.2 482.5 483.9 484.9 486.3 485.6 484.9 483.7 479.2 477.5 477.2 474.4 467.6 462.8 457.9 451.7 445.9 441.4 433.6 424 417.2 413.6 410.6 409.7 408.2 406.8 407.3 408.4 410.1 412.3 416 418.4 420 420.4 419.9 425 431 431.3 432.4 436.7 443.3 450.2 456.8 463.6 470.7 478.4 486.4 493 499.3 505.1 511 516.9 523.1 529.1 535.9 540.7 541.6 545 548.7 548.9 555 562.1 568.4 570.8 568.6 561.7 548 539.7 544.5 551.1 543.8 517.9
484.9 478.5 472.7 468.1 467.2 470.7 474.5 478.3 479.6 485.3 490.6 493.3 496.7 493.5 488.9 486.5 484.9 481.3 475.8 473 466.5 459.6 451 444.2 434.5 426.5 420.8 418.3 412.7 409.2 404.3 401.2 401.7 403.3 406.8 410.7 412.5 414.7 416.7 418.2 418.6 422.9 427.5 430 428.9 435.8 441.7 449 455.6 462.2 471.5 479 486.7 492.9 498.8 504.7 510.3 516.3 522.9 529.2 534.8 538.7 538.7 542.7 546.9 550.1 555.4 560.5 565.3 569.9 559.7 549.5 539.1 531.6 533.4 536.5 532.3 499.6
492.8 484.5 476.4 466.1 461.1 463.4 470.6 473.2 479.1 485.8 493.7 499.8 501.9 499.7 498.2 497.8 496.8 489.9 485.4 481.3 474.8 467.4 454.3 445.8 437.6 428.7 424.1 420 413.6 409.1 402.2 399.4 399 399.6 403 407.6 410 410.2 411.2 411.8 415.5 419.2 423.3 425.7 428.6 435.7 442.5 449.3 455.6 463.9 472.4 480 487.3 493.6 499.5 505.3 510.5 516.9 524.2 530.5 537.2 540 540.2 541.4 546.7 551.3 556.3 560.9 559.4 560.9 551 535.9 524.6 521.8 519 505.1 487.5 482.6
510.7 492.8 476.6 465.5 459 458.1 462 468.5 475.9 484.3 494.2 502.5 507.5 508.8 509.2 514 510.4 500.6 496.1 496 487.6 481.4 459.4 451.3 439.8 430.7 426.8 419.3 415.6 411.2 405.7 401 397.3 398.3 400.2 403.3 406.4 408.9 409.1 410.2 413.5 417 421.3 422.8 427.3 434.2 442.2 449.1 455.8 463.3 473.6 480.8 488.1 494.8 501 506.6 511.1 518.3 525.7 533.9 541.1 541.2 541.4 541.6 544.3 548.8 552.7 558.1 553.3 545.2 531.3 522.2 508.9 500.9 486.2 475.1 471.3 469.4
513.7 489.6 473.8 463.7 450.4 452.8 456.5 461.3 471.9 480.9 491 501.2 509.9 512.8 516.9 528.6 520.7 512.8 508.8 507.7 503.7 492.3 468.6 456.1 442.6 433.4 426.6 419.9 419.9 412.2 407.4 402.2 398.9 393.9 398.9 400.7 402.5 403.7 407.7 411.2 411.6 415.3 420.2 420.4 426.9 433.4 441.1 448.4 455.2 463.2 473.1 480.7 488.3 494.6 500.9 506.5 512.4 519 526.9 539 541.1 541.3 541.7 541.2 539.7 542 545.5 546.4 546.9 537.3 518.5 498.2 486.7 479 471.5 468.3 460.6 463.1
516.8 487.5 470.3 458.1 449.4 449.6 452.6 457.7 467.1 477.6 487.6 500.6 511.3 515 520.4 532.2 527.6 521.3 521.6 524.1 521.6 494.3 474.9 460 444.9 438.1 428.9 425.4 420.1 413.1 409.9 402.7 399.6 393.9 399.7 401.3 400.2 400.1 403.4 409.1 410.1 414.2 417.9 419.6 424.3 430.2 438.6 446.2 453.8 462.8 472.6 479.5 488 493 500 507 513.6 520.6 527.5 539 541.8 542.6 541.3 540.3 536.8 535.6 533.4 533.1 537 525.7 499.3 482.8 476.8 470.3 464.8 458.5 453.4 452.5
521.2 486 463.3 453.9 449.4 442.4 449.9 453.5 462.8 473.5 484.9 499.2 508.9 515.8 520.4 529.4 530 525.9 528.4 531.2 524 501.1 478.7 461.8 447.4 439.2 434.2 429.4 420.2 413.3 408.4 402.3 396.5 393.8 396.9 401 400.2 399.6 402.3 406.2 409.9 414.8 415.9 417.4 422 427.4 434.2 443.7 451.7 461.4 470.2 477.7 485.5 493.1 499.8 506.1 511.8 518.6 528.3 541 541.7 543.1 542 538.3 531.4 524.3 517.7 515.1 513.9 504.3 485.3 476.9 468.8 458.8 454.8 445 442.4 450.6
519.7 495.3 466.9 457.6 445.6 439.3 446.2 449.5 458.2 467.9 480.5 492.3 504.8 516.3 516.6 520.8 525.3 522.7 528.9 535.1 524 496.3 475.7 461.9 451 445.8 439.8 432.1 423.2 415.2 408.2 401.5 395.2 393.9 392.1 397.7 397.6 398.7 400.6 404.6 409.3 413.6 412.7 415.4 420.1 425.4 429.5 441.6 451 459.3 468.3 474.8 482.2 489.9 497.3 503 509.9 517 529.4 536.3 540.6 542 541.3 537.1 526 509.7 497 492.6 486 476.8 469.9 468.5 460.1 446.2 443.9 431.5 435.3 444.5
521.3 494.3 469.6 455.1 440.6 438.9 441 446.7 453.1 462.7 472.6 483.1 499.6 514.3 511.3 516.7 521.1 515.1 516.4 521.1 516.7 489.4 475.3 464.4 459 452.9 444.8 435.1 426.1 415.4 408 400 393.9 389.5 391.7 395.2 394.8 394.1 398.2 403.4 407.5 410.5 409.5 411.5 418.2 422.8 427.5 439.5 448.2 457.5 464.8 472.7 478.7 487.2 493.8 500.7 507.4 516 529.4 536.3 539.9 541.4 540.2 537.1 515.5 495.6 475.8 464 459.4 456.5 461.1 455 449.9 440 432.4 426.2 429.6 437.1
512.4 484.8 461.8 444.6 435.2 432.6 440.7 440.2 447.8 455.8 463.3 476.5 491.4 501.8 505.1 505.2 508.5 505.1 502.1 507 499.7 482.9 470.9 468.7 468.9 457.4 444.9 433.7 424 413.6 405.2 397.4 394.7 389.4 390.2 390.5 392.2 390.1 396.2 400.9 403.8 407.1 409 409.9 415.4 420.9 426.8 437.4 446.5 455.5 463.3 470.4 475.2 483.9 490.3 496.2 506.4 519.3 529.3 531.3 539.6 541 536.2 524.5 502.9 477.4 455.5 445.5 440.3 440.5 439.8 442.4 431 433.1 430.4 419.8 422.3 429.2
495.4 476.7 452.1 434.4 431 429.5 436.2 437.1 440.2 448 458.3 465 475.9 486.5 490.9 493.5 495 492.5 491.8 491.1 480.7 469.4 459.5 457 464.4 457.2 441.9 429.9 421.1 410.8 404.1 393.3 389 384.6 383.2 389.1 390.4 388 391.4 399.4 400.8 402.7 405.8 409 413.8 418.8 423.3 434.3 443.7 450.1 461.6 464 473.3 480.5 486.3 493.5 508.6 518.7 523.3 530.5 538.6 535.8 525.4 505.5 479.1 455.6 441.9 430.2 424.3 423.6 425.1 422.2 422 424.6 422.6 414.1 412.2 417.1
