data/NO09.asc
ncols 200
nrows 200
xllcorner 300000
yllcorner 790000
cellsize 50
[rows 105 to 139 of 200, columns 78 to 155 of 200]
527.8 510.6 494.6 478.4 465.1 458.7 453.3 448.7 447.6 454.8 467.8 479.2 489.7 501.2 514 523.4 533.7 546.8 560.2 574.4 587.5 596.6 609.5 619.6 628.9 638.1 647.3 655.3 662.6 669.3 676.2 682.3 687.6 691.9 696.4 702.3 707.4 712.6 719.2 725.9 736.8 747.4 758.7 765.6 771 773.2 773.4 772.6 772.1 766.7 760.6 752.9 741.6 727.5 713.4 695.3 678.4 661.5 647.5 634.7 622 610.5 599.4 587.6 577.7 567.2 556.7 547.2 532.8 522.8 519.8 516.2 510.5 502.6 493.5 484.6 476 469.4
525.5 504 488.5 473.5 463.2 457 450.5 445.7 445.8 450.6 465.6 481 493.5 504.3 514.8 523.5 534.4 547.8 561.6 576.7 587.7 600.1 611.2 620.6 631 640.2 649 657.4 664.2 671 677.8 682.8 688.2 692.9 697.4 702.2 705.6 709.1 715.9 722.7 731.3 741.4 753.1 759.9 764.7 765.1 766.3 766.4 764.7 760.4 755.6 749 740.9 728.3 715.3 699.8 683.3 668.8 652.8 638.6 626.4 616.5 605.5 593.9 583.4 574.4 563.1 551.2 539.1 527.9 523.1 520.2 515.8 510.3 501 492.4 484.9 475.5
520.4 499.1 482.9 469.5 460.9 454.7 448.5 445.7 445.6 449 465.1 479.7 493.1 503.6 513.3 523.5 535.4 549.8 563.3 576.1 588 600.3 611.1 621.2 631.5 641.7 650.7 659.2 665.7 672.4 678.2 682.2 687.5 693.1 697.7 699.7 702.9 706.4 712.6 719.1 727.6 736 746.2 753.9 756.8 758.2 757.3 756.4 755.5 753.7 749.9 745.4 736.5 727.4 715.2 701.4 688.1 673.9 659.5 644.7 632.4 619.7 608.6 598.4 590 582.5 571.7 559 547.2 536.3 527.5 523.8 519.5 514.3 508.9 500.6 491.2 481.7
513.7 494.7 478.9 466 458.5 451.9 446.2 445.1 443.5 448.1 463 476.8 490.9 503.1 513.5 522.9 536.3 550 562.4 575.3 587.9 600.3 611.5 620.9 632.4 641.7 649.6 658.6 664.6 672.5 677.8 681.5 686.2 692 695.6 697.5 699.6 702.5 708.6 715.6 723.9 731.7 738.5 746.2 749.3 751.1 751.4 750.3 749.4 747.1 744 739.4 733.3 725.6 716.6 703.1 690.8 678.7 663.6 650.8 637.7 622.3 612.4 603.4 594.8 586.8 576.6 566.2 555.4 545.4 534.8 528.5 522.9 517.8 513 506.2 496.7 488.4
504.8 486.2 472.9 461.4 454.9 448.5 443.8 442.9 442 446.2 462.3 478.2 490.1 503.5 512.7 523.1 537.2 549.8 561.7 574.5 587.6 600 611 620.4 631.3 639.4 646.8 655.6 661.7 670.9 676.2 680 684.1 689.5 692.3 694.7 694.4 698.5 704.2 711.6 719.5 726.6 732.8 739.1 742.2 744.9 745.7 744.6 743.2 741 737.6 732.5 727.8 721.9 714.1 703.8 692.1 679.8 666.1 655 642.1 627.9 617.7 607.9 599.5 591.1 581.5 571.3 561.1 553.2 543.5 533.9 527.3 521.4 516 510.2 503.8 495.2
496.9 480.7 468.9 457.1 451.1 445.1 442.1 441.6 440.9 448.1 460.9 477.9 491 503.4 512.4 523.1 538 550.1 561.7 573.8 586.9 598.6 609.1 619 628.7 637.2 643.9 652.6 659.1 667.3 673 677.8 681.4 684.7 687.8 689.9 690.4 693.8 699.9 708.3 714.3 720.5 726.9 733.3 735.2 738 738.4 736.1 734.5 731.9 728 724.8 721 715.2 707.8 699.4 689.3 678.1 666.9 656 645 631.9 621.1 611.2 602.5 594.4 586.5 576.6 567.4 558.5 549.8 540.4 532.1 525.5 519.8 515 509 501.1
490.4 475.5 463.1 454 448.8 443.8 441.1 440 439.4 447.7 460.8 476.4 490.3 500.9 511.5 523.5 538.2 550.1 561.7 572.5 584.9 595.6 605.6 615.2 625.2 634.1 641.3 649.6 656.3 663.4 669 673.7 677.1 680.4 682.7 684 685.1 689.7 696.3 702.5 708.8 714.7 721.2 727 728.3 731.1 730.8 728.7 726 723.2 720.4 717.5 713.6 707.6 701.3 694.6 685.2 674.6 666.3 656.6 645.9 634.4 624.7 614.2 605 597.2 590.9 586 571.7 562.2 554 545.2 536.8 528.2 522.1 516.8 512.5 504.5
488.5 470.3 459.2 450 446.9 444.7 440.3 438.9 438.8 447.6 459.7 475 489.8 499.1 511.3 523 536.8 549.3 561.2 572 584 594.3 604.2 616 623 630 639.1 645.1 652.5 658.5 663.9 669.4 672.2 674.2 675.9 677.1 679.4 686 691.7 698.2 704.3 709.8 715.5 720.8 722 724.1 723.2 721.4 718.4 715.7 713.3 710.2 706 700 694 687.3 679.9 671.6 663.4 655.1 645.8 634.1 622.7 614.7 605.6 597.7 600.3 590.4 576.3 564.9 556.8 547.9 539.2 530.5 524.8 518.5 513.9 507.6
484 469 454.5 445.3 441.5 454.3 446.6 438.5 437.6 449.8 459.2 474.6 490 500.7 510 521.6 535.9 548.4 560.6 572 581.3 591.9 601.3 613.1 620.9 628.3 636.5 642.9 649 653.3 658.6 663.1 667 668.4 669.4 670.7 677 683.2 688.7 694.3 699.8 705.3 710.7 714.7 715.8 716.9 715.6 714 710.5 707.7 705.7 702.7 698.4 692.4 687.7 683 675.4 667 659.7 652.6 642.7 632 620.3 613.6 604.7 599.4 595.6 588 581.8 567.5 559.2 549.8 540.9 533.6 527 519.8 514.1 511.1
478.8 465.1 451.9 443.1 438.5 452.3 455.6 437.8 437.2 452.8 461 473.1 489.3 498.8 509.2 522.2 535.1 547.4 560.1 570.6 580.7 591.3 598.6 609.5 615.6 624 632.5 639.7 645.2 649.4 653.7 657.8 661.8 663.8 665.2 668.9 675 680.5 685.2 690.5 695.4 700.5 705.8 709.2 710.1 709.6 707.5 705.6 702.7 699.7 696.1 693.7 690.8 686.4 682.1 677.2 670.5 663.5 657.2 649.9 639.2 626.6 617.9 608.9 600.4 595.6 590.5 586.5 582.1 574.5 562.1 551.7 543.1 536.3 530 521.7 515 512.3
476.4 460.7 449.5 442.3 436.2 438.3 442 436.8 439.5 452.4 460.1 472.1 487.1 497.6 509.6 522.5 535 545.4 556.9 567.7 579.8 588.4 594.6 602.9 612 620.7 628.7 636.2 641.9 645.1 648.6 652.6 656.9 659 661.3 666.2 671.6 676.1 680.8 686.1 691.3 696.2 701.1 703.2 703.9 702.5 700.4 698.4 695.6 692.9 689.7 686.9 684.3 680.9 676.3 671.6 665.4 659.4 651.7 642.6 629 614.4 602.4 599.5 596.3 593.5 585.7 581.5 577.7 573.6 563.9 552.3 543.7 537.4 531.2 523.6 516.1 512
472.5 457.3 447.8 442 434.8 435.2 435.7 435.6 437.7 449.2 457.6 468.3 481.9 495.4 509.2 522.3 534.3 545 555.1 564 573.7 584.9 591.9 600.3 609 617 624.8 632.6 638.1 641.8 643.9 647.6 651.4 653.6 657.4 662 665.8 670.3 675.4 680.9 686.2 691.5 695.1 696.7 697.5 695.6 693.6 691.6 689.1 686.5 684.2 680.7 677.7 674.9 670.8 666 661.2 654.5 640.9 626 624.3 619.1 608.6 596.5 586.4 582.2 577 575 572.5 567.8 558.3 548.9 540.9 534.6 528.6 522.8 517.4 509.5
470.8 454.5 445.8 441.7 433.6 433.9 433.9 433 440.5 447.4 455.3 467.5 482 496.7 506.3 519.4 534.9 544 553.1 560.9 571.7 581.3 589 597.9 606.2 614.1 622 629.4 634.8 637.5 639.5 642.5 645.5 648.7 653.2 657.4 660 664.7 670.2 675.6 681 685.8 689 690.2 690.4 688.7 686.8 684.7 682.1 680 678.5 675.3 671.9 668.9 665.5 661.3 649.8 639.3 631.1 626 620.6 610.3 596.8 592.8 585 583.5 577.5 572.6 564.8 558.2 557.3 548.4 535 529.2 525.1 520.6 515.1 507.3
470 451.9 444.7 438.5 432.5 432.4 432.4 432.5 440.4 446.7 453.9 466.6 479.1 491.7 505.5 518.7 531 541.3 551.1 557.3 566.6 576.5 584.6 596.2 604 611.7 618.8 626.2 630.8 632.6 634.1 635.2 639.3 643.7 647.8 652.3 655.5 659.4 665 670.4 675.5 679.7 682.8 683.7 683 681.5 679.9 677.9 675.1 672.7 670.1 661.9 661.2 660.2 656.2 658.2 651.4 636.6 630.3 624.1 617.1 605.7 595.2 585.8 588.8 583.7 577.2 570.8 559.5 555.1 561.1 544.9 527.9 522.7 520.1 515 509.1 502.1
469.1 451.7 442.2 433.5 431.8 432.2 432.6 431.6 438.3 443.9 450 462 477.7 493.1 504.9 517.7 531.3 539.3 545.2 553.5 562.7 574.7 585.1 594.9 602.5 609.7 616.8 621.8 627.6 627.1 628.3 630.4 634.3 638.4 642.4 646.4 648.6 655.9 660.4 665.2 669.4 673.7 676.3 676.5 674.9 673.1 671.9 668.7 661.5 665.1 664.8 665.3 663 661.4 659.3 656 648.5 641.4 630.9 628.5 621.1 610.1 594 594.5 586.9 581.4 573.3 563.7 555.8 546.8 550.5 537 527.4 513.7 510.6 505.5 499.6 492.8
468.7 451.7 438.7 431.5 431.9 431.9 431.9 430.4 433.6 440.1 448.3 460.9 473.5 488.8 502.1 516.7 532.9 543.1 544.7 552.5 560.1 572.3 582.7 592 601.8 608.1 612.2 616.4 620.3 620.7 622.5 625.3 628.2 631.4 635.4 639.4 643.7 646.7 654.9 660.1 664.3 668.2 669 668.8 667.9 668.2 663.9 663.2 660.6 660.8 661.2 660.7 660.5 660 658.1 654.1 648.4 641.8 639.5 631.9 621.5 606.6 599.6 591.9 582.8 575.5 568.2 559.1 550.6 542.4 545.9 544.6 522.7 508.2 497.7 495.3 489.7 483
463 449.8 436.8 430.9 431 431.1 429.8 429.4 429.2 436.6 445.3 458.9 471.3 486.6 500.6 514.4 531.6 537.8 542.6 552.1 561.8 573.2 582.9 592.4 600.2 606.3 610.8 613.3 614.5 616 616.9 618.5 622 625.5 628.8 632.5 636.5 641.3 648.6 655 660.1 660.9 662.8 663.8 662.9 661.9 660.9 661.5 660.5 658.7 658.5 657.9 658.9 658.5 657.1 654.4 652.3 648.4 642.9 634.5 623.9 613.9 602.1 593.2 585 576.1 566.9 557.3 548.1 538.6 532.1 531 515.2 504 494 486.4 482.7 477.8
458.2 448.4 437.8 430.8 430.1 429.4 429.2 428.9 428.8 433.3 443.5 459.8 470.1 484.4 497.6 512.1 528.5 531.3 540.9 550.6 562.2 573.5 582.1 591.8 598.5 605.8 608.1 610.5 610.4 613.1 612.3 613 616.1 620 623.5 626.6 629.8 635.2 642.4 649.9 654.1 656.2 658.3 659 658.1 656.2 656.5 655.9 654.9 653.5 653.3 654.4 655.4 656.9 657.3 655.1 652.6 650.5 644.4 635.4 625.8 616.9 606.1 596.1 586.1 576 565.8 557.6 547.3 535.2 525.9 514.4 507.1 496.8 490.2 486 481.6 474.2
452 443.8 437 431.6 429.1 429 428.8 428.5 428.4 433.1 442.7 457.7 469.4 481.9 495.3 508.9 520.3 527.6 537.9 550.8 563.1 572 579.8 591.8 599.9 605.2 609.1 609.3 608 607.8 608.9 607.1 610.1 614.3 618.1 620.7 623.3 628 635.7 643.9 650.3 652.9 654.6 654.2 653.1 651.5 651.5 650.3 649.2 648.4 648.2 648.2 650.6 653.5 654.9 654.2 652.1 649.8 644.1 634.7 627 619.1 610.5 598.1 584.2 574 565.5 560.5 554.4 536.8 523.9 511.4 500.5 495.5 490.7 485.7 479.6 471.7
445 439.2 434.3 430.9 427.7 427.8 428 428.1 428 434.2 444.1 454.7 467.2 480.7 494 507.6 514.4 526 540.5 551 564.4 572.6 580.9 593.3 601.4 605.9 610.4 611.2 606.8 603.3 601.9 600.8 603.5 607 611.1 613.7 617.1 622.1 628.8 637.4 646.2 648.4 648.5 648.3 647.3 646.8 645.6 644.1 643.4 642.3 641 638.8 641.4 646.5 650.6 652.1 649.7 646.3 641.8 635.7 628.2 619.5 608.4 594.3 581.6 571.7 563.8 556.4 541.7 525.4 510.5 502.6 496.6 494 490 485.2 477.6 469.2
437.2 433.3 428.7 425.9 426.4 426.5 426.7 426.8 427.5 434.2 446.5 458.1 468.8 480.7 493.9 502.9 511.9 522.6 534.9 548.9 559.8 570.5 583.9 594.9 601.8 606.9 609.5 609.3 605.2 602.1 600.8 600.2 601.7 603.3 603.8 606.9 611.2 616.2 621.8 630.4 639.8 641.3 641.1 641 641.3 640.5 638.9 637.4 636.2 636.7 636.8 635.2 636 640.1 641.1 647.4 645.2 640.7 636.3 631.2 625.1 616.1 604.1 590 577.8 568.2 551.3 532.9 515.7 502 495.1 492.3 488 490.3 486 478.6 471.4 465.1
431.4 427.7 425.1 425.6 425.8 425.7 425.7 426 429.8 436.8 445.9 457.3 469.5 481 490.6 499 507.9 518.3 529.5 543.7 556.9 570.2 583 594.7 598.6 606.1 607.4 607.1 604.9 601.7 600.2 599.9 599.4 603.7 603.5 604.3 605.4 610.1 614.8 621.8 630.5 633 633.8 633.9 635 635.8 635.3 633.1 633.2 633.6 633 631.9 632.1 634.5 636.4 639.4 637.9 635.1 629.2 623.7 616.1 607.3 593.9 581.4 566.2 547.1 525.6 506.6 494.3 483.4 478.6 477.3 477.9 484.4 480.3 470.2 466.2 460.6
427.7 424.8 424.8 424.7 424.5 424.4 425.1 426.4 430.2 436.4 444.5 455.2 466.8 476.8 486.9 495.4 504.4 513.6 524.7 537.1 552.5 567.7 581.9 590.2 594.7 598.2 601.1 604 604.3 601.5 598.6 598.4 598.6 600 599.5 599.5 601.2 602.7 607.1 613 620.7 624 626.1 628 629.8 630.9 627.9 626.2 625.1 624.3 624.8 624.2 627.1 633.2 634.4 632.2 628 625.4 621.8 614.5 602 585.9 570.6 556.9 540.5 519 501.2 488.8 483.4 488.7 491.2 489.9 484.1 475.4 469.3 462.5 460.2 456.4
425.1 423.9 423.6 423.5 423.5 423.9 424.6 426.5 432.3 437.8 443.8 453.2 463.5 473.1 483.1 491.9 500.9 509.9 519.9 531.7 545.8 561 575.4 585.4 591.3 594.6 597.2 598.9 599.3 598.5 597.1 596.5 594.8 595.8 594.9 592.5 592.9 595.5 597.8 603.7 610.2 614.6 617.9 620.2 621.9 620.9 619.9 617.8 613.9 614.4 611.1 610.5 619.2 631.8 632.1 632.3 627.8 624.6 621.1 606 576.2 560.7 547.4 529.6 510.1 495.7 484.6 485.8 497.8 503.7 501.9 495.2 490.6 484 478.6 469.3 465.9 463.8
423.5 422.9 422.4 422.9 423.3 423.8 424.6 429.2 433.9 438.9 443.5 450.1 460.2 469.9 479.3 488.1 496.9 505.6 515.7 527.2 540.1 555.1 566.9 578.8 587.5 593.3 593.5 593.5 594.9 591.9 590 588.5 589.7 591.7 590.6 589.5 586.7 589 592.7 595.3 599.2 605.3 609 611.7 613.5 613.8 613.1 612 603 606 607.7 611.5 609.7 627.7 633 631.3 624.1 619.8 615.2 584.3 561.9 535 516 501.4 490.4 483.8 494.5 513 517.1 517.2 512.3 504.3 497.7 491.5 486 478.8 474.7 469.1
421.8 421.8 422.6 423.9 423.9 423.9 426.7 430.2 435.1 438.5 439.7 447.1 456.7 466.3 474.1 482.7 492.3 501.1 511.8 522.8 534.1 547.5 561.5 572.9 584.6 594.7 595.9 593.6 591.5 585.3 584.1 585.1 586.3 587.9 586.7 585.1 581.7 583.7 583.9 587.8 593.5 596.6 599 601.6 604.2 604.7 603.8 597.7 589.6 585.6 588.9 592.6 609.3 619.4 621.1 620.3 614.9 605 581.3 557.5 534.3 509.8 495.3 486 485.3 498.1 518.3 526.1 527.3 526.6 521.5 513.5 506.7 499.9 493.3 485.9 480.2 474.8
421.1 421.2 421.3 423.6 426.9 425.6 427.1 430.6 435.7 439.5 439.8 444.6 453.4 461.3 468.5 477 486.5 496.9 506.3 516.8 529.4 544.3 557.5 569.6 581.5 593 597.1 595.3 590 582.4 582.2 583 584 583.9 582.4 580.6 577.9 577.6 577.9 580.8 585.4 588.7 590.9 593.5 594 594.7 593.8 593.7 596.9 578 589.5 579.7 605.9 603.7 601.1 594.1 587.8 574.6 550.8 529.8 506.2 489.3 484.7 493.6 508.7 523.1 535.6 537.3 536 535 530.5 522.4 514.5 508 501.3 493.6 487.6 481.9
420.6 420.4 421 422.7 426.2 426 426.7 429.3 435.4 440.6 440 443.4 449 455.9 462.8 471 480.9 491.2 500.8 511.5 524.5 539.7 553.1 565.7 578.2 590 597 598.9 592.4 582.2 580.9 580.9 582.4 580.9 576.4 574.1 573.3 573.2 573.5 574 577.2 578.8 581.2 583.2 585.9 588.2 590 591.2 588.7 579.9 569.9 579.2 587.3 583.4 578.6 568.4 561 543.7 528.4 501.8 485.4 484.5 496 517.8 534.7 543.3 546.6 547.2 545.8 543 538.9 531.8 522.9 516.7 508.3 501.5 495.1 489.2
420 419.7 420.2 420.8 423.2 424.1 426.2 429.7 434.7 440.4 442 442.6 446.7 451.5 456.2 463.1 475 485.2 495.4 506.5 520.3 534.9 548.7 561.6 574.3 584.8 591.4 597 594.3 582.4 580.7 579.6 580.3 578.2 566.6 569.5 569.4 569.3 569.7 569 569.8 571.8 574.6 576.1 577.5 580.1 582.1 582.3 577.4 573.9 565.5 571.2 568.4 564.9 558.6 545.5 523.1 516.1 495.6 485 487 502.9 521.9 542 549.4 554.3 557.2 556.9 554.6 550.3 545.5 540.1 533.3 524.8 515.4 507.8 500.7 495.6
422.6 422.2 421.4 418.5 419.4 421 424.5 428.9 432.9 438.4 443.2 442.6 443.7 447.7 451.6 458.8 469.5 479.5 490 500.8 514 529 543.5 557.1 569.2 576.6 582.3 585.8 586.2 582.3 579.1 578.1 576.6 573.2 568.6 566 565.7 565.5 565.8 563.8 564.1 565.4 567.8 569.6 570.7 573.1 575 576.2 571.6 567.9 551.3 559.3 556.6 552.6 538.8 523 506.4 491.6 488.6 501.8 517.9 533 547.6 554 558.4 562.8 565.9 565.2 562.8 557.8 552.4 547.2 540.9 532.2 522.4 512.9 506.1 501.9
428 427.6 426.1 424.2 419.3 417.8 423.6 428.5 431 436.1 439.6 441.7 442.6 445.2 447.1 454.4 464.7 474 483.9 494.7 508.2 522.5 538.5 552.2 564.7 570.2 574.1 576 578.9 578.1 576.8 575.6 573 570.4 567.4 564.1 561.7 561.7 560.9 558.9 559.9 561.2 562.5 562.5 563.8 566 567.9 567.2 565.9 563.4 558.7 544.2 545.9 537 530.1 509.1 492.4 494.8 514.3 531.4 544.5 552.8 559.8 563.7 567.7 570.4 571.7 573 571.5 566.2 560.9 555.7 547.5 537.1 527.3 519.3 511.9 506.5
432.9 429.5 426.5 423.8 418.9 417.2 427.2 429.9 429.5 433.6 437.2 439.2 439.7 440.7 444.3 450.6 459.9 468.5 477.7 488.2 500.9 515.1 532.5 546.6 558 565.1 569.8 573.3 575.2 577.6 579 573.4 567.4 565.6 564.9 562.2 558 559.7 557.2 554.8 555.7 556.9 556.6 556.4 557.2 559.1 560.5 560.7 559.7 554 549.4 522.4 534 517.1 500.3 492.9 504.2 522.4 541.4 553.3 561.1 564.2 568.3 571.5 574.6 576 576.9 577.9 577.2 574.3 569.2 563 555.2 543.9 533.8 525.7 515.1 510.4
438.7 430.4 427.1 424.1 419.4 416 422.3 426 427.8 431 434.7 435.4 435.9 437 440.1 447 454.2 462.7 470.5 480.8 492.2 504.6 520.4 539 549.6 559 565.6 569.1 574.8 579.5 581.2 571.5 565 561.3 557.9 556.2 553.9 556.2 553.4 550.7 551.1 550.8 550.5 550.2 551.7 552.1 554.4 555.3 539.9 520.1 513.5 504.5 507.7 493.3 493.2 515.7 533.4 548.2 561.7 568 570.3 572.5 574.9 578 579.6 580.7 581.6 582.3 581.4 578 573.7 566.7 558.3 548.6 538.3 529.1 521.3 513.4
441.6 433.5 427.4 425.6 424.1 415.7 416.5 421.5 424 428.3 431.5 431.7 432.1 432.6 435 441.3 448.4 454.9 461.3 470 480.3 492.9 505.4 520 534.6 549.1 557.2 563.3 571.7 580.2 575.1 566 562.4 560.1 558.2 551.7 549.1 549.9 549.2 546.7 544.5 544.6 544.4 544.5 546.1 547.2 545.8 537.7 512.4 510.7 516 504.4 494.1 493.2 515.7 540.7 556.4 567.3 574.4 573.4 575.5 577.9 579.9 581.6 583.2 584.7 585.6 585.2 584.6 580.8 576.7 569.5 562.2 552.5 542.4 533.7 525.5 516.1
447.7 442.3 433.2 427.2 424.3 423.5 415.8 416.3 412.7 424.9 426 427 428.5 428 429.8 434.2 442.2 447.7 453.1 460.9 469.9 481.1 492.9 505.1 516.5 528.6 536.5 545.2 557.4 563.3 561.9 560.4 558.7 557.6 554.7 551.3 542.5 546.1 542.8 540.8 536.6 536.6 536.7 537.7 540.1 542.8 530.7 516.8 503.5 527.5 533.8 522.9 511.3 519.3 539.6 558.9 570.5 576.6 579.1 579.3 580.2 581.9 583.5 585.3 587.2 588.3 588.4 587.7 586 583.3 579.1 573.1 566.1 556.7 546.7 538 529 519.1
