data/NO11.asc
ncols 200
nrows 200
xllcorner 310000
yllcorner 710000
cellsize 50
[rows 105 to 139 of 200, columns 79 to 157 of 200]
200.5 196.2 192.3 187.4 187.3 188.9 192.3 193.7 189.5 184.8 180.8 177.7 172.5 168 163.3 157.8 153.7 148.9 147.1 145.7 141.5 135.3 128.4 118.9 96 95.1 102.1 98.7 93.1 84.4 83 88.7 90.7 96.3 102.9 109.6 116.8 123.7 126.5 127.3 126.5 122.6 119.8 118.8 116.1 113.3 108.1 83.7 55.6 36.5 54.2 79.4 91.4 98.3 104.9 111.9 116.5 122.7 122.6 133.9 145.6 160.5 170.2 178.2 184.8 193.7 202.4 209.2 215.1 216.7 217.8 220.1 221.9 223.7 225.1 226.7 227.2 223.5 215.8
207.5 207.7 204.8 200.3 199.3 198.9 202 204.9 202.6 197.2 195.4 192 186.2 181.3 177.4 173.2 167.5 165.4 160.3 155.3 147.7 140.2 132.1 124.3 107.5 96 111.4 107.5 101.6 87.1 91.9 98 103.1 108.3 115.5 124.2 127.3 131.1 133.8 134.2 131.1 124.8 121.9 119.4 112.5 109.7 98.1 67.8 41.5 40.2 77 98.9 106 113 120.9 129.5 137 141.5 138 135.4 148.5 162.8 173.5 180.4 187.7 197.9 213 224.6 229.6 231.5 231 230.3 230.4 229.4 230.3 230.9 227.8 221.3 212.6
217.1 218 215.2 210.6 209.9 209.5 208.7 208.2 206.9 204.9 204.6 200.9 196.7 193.1 189.3 184.8 177.1 171.9 166.9 159.5 150.9 142.3 134.5 127.9 115.9 97.4 106.9 107.8 104.2 92.8 100.1 107.2 112.2 118.4 127.6 136.7 138.4 135.8 140.2 138.2 132.2 124.9 119.4 115 107 102.4 77.2 50.2 39.3 68.4 95.9 107.6 114.4 121.3 130.4 142.6 147.2 151.5 150.3 149.1 154.4 164.6 174.2 181.2 188.6 198.8 214 231.5 238.3 238.4 237.8 238.6 237.1 234.6 232 229.2 223.1 216.1 207.4
221.4 223.9 221.3 218.6 217.7 216.5 211.6 209.8 208.4 208.3 208.5 207.2 204.2 201 198.2 193.5 184.8 175.6 168 158.3 147.5 139.9 131.8 124.8 118.7 99.2 105.9 105.2 96.4 101.9 108.5 115.4 121.7 128.4 136.2 145.3 149.2 144.4 141.8 136.1 130 123 115.6 106.9 100.6 80 58.1 39.9 56.8 87.5 99 109.9 118.7 123.7 131.5 146.2 151.6 154.2 155.6 156.6 159.1 164.7 173 180.7 188.2 198 210.5 229.7 240.3 243.2 242.9 241.8 239.9 236.3 231.8 224.4 216.8 209.9 200.1
222.2 225.1 223.2 221.2 221.1 220.1 216.3 211.7 210 207.7 209.3 210 207.9 205.4 203.7 197.4 188.9 176.4 166.1 155.3 144 135.7 127.4 119.3 112.7 101.5 101.4 99.6 104 110.3 117.9 124.4 132.1 137.2 141.4 149.9 154.9 152.6 136.9 133.4 127.7 121 111 89.3 85.2 59.4 43.9 48.3 78.7 92.6 103.7 110.8 117.6 123.6 129.8 142.2 151.2 151.9 153.1 156.5 163.3 168.7 174.7 180.3 187.8 196.4 208.1 225.1 236.9 241.1 242.3 241.7 240 236.5 228.1 219.3 211.9 204.7 194.1
216.9 218.8 219.8 220.7 220.5 220.2 214.8 212.8 211.9 209.1 206.3 207.9 209.3 208.7 205.8 198.8 189.7 176.7 161.9 151.1 139.9 131.5 123.1 114.3 110.8 103.8 103.5 106.3 115.1 124.2 127.2 133.5 141.7 148.2 152.1 154.8 159 158.6 144.6 132 125.3 118.8 110.3 83.6 74.4 46 44.5 54.4 74.7 89.8 102.5 107.9 115.2 122.3 128.7 135.3 146.9 149.2 151.5 159.6 169.7 174.3 178.6 183.2 188.8 195.9 206 223 233.4 238.2 241 240.7 239.2 233.9 225 216 208.4 201.6 191.8
212.2 215.1 217.8 220 220.8 217.3 213.7 214.5 214.8 214.1 207.7 204.1 208.7 208.5 203.6 196.2 187.3 172.9 157.1 145.4 136.9 128.6 119.8 114.4 109.9 106 108.8 117.1 125.4 133.5 135.9 142.9 154 160.6 162.3 158.6 159.5 158.2 145.9 134 125.3 116.8 110.4 92.5 65.3 46.5 69.3 69.9 76.9 87.1 98.1 108.9 117.1 122.9 128.9 133 142.3 148.7 153.8 168.8 180.9 185.7 186.6 188.4 193.1 198.7 208.7 225.2 234.7 240 242 240.6 237.3 231 222.1 213.1 205.3 202.8 195.4
209.2 212.2 215.2 220.4 221.1 217.1 215.5 216.7 219.2 217.9 212.6 203.3 203.2 204.5 199.3 191 181.1 165.3 149.2 140.9 133.7 125.8 119 113 111.1 108.7 118.7 127.1 135.4 142.5 145.9 152.5 169.1 180.2 179.4 169.4 156.5 153.6 141.8 132.2 123.7 115 106.4 89.8 66.8 48.2 70.8 81.5 87.3 87.5 99.3 110 120 127.4 132.4 139.8 144.2 146.3 159.2 176.1 190.7 197 200.3 202.5 201 205.5 218.6 232.3 243.9 249 247.3 245.1 239.7 231.7 222.9 215.3 211.5 207.4 200
207.3 209.9 212.5 216.2 217.4 216.1 213.8 217.2 221.5 222 215.2 208.1 197.6 199.9 195.1 184.9 172.5 156.3 143.8 137.5 131.2 124.9 119.1 113 110.3 118.2 128.4 137 145.5 152.5 155.9 159.3 183.2 191.5 189.4 174.7 154.7 142.8 137 129.5 120.9 112.2 104 86.5 65 47.7 61.2 82.4 92.2 100.5 106.3 109.7 116.5 125.7 132.8 139.8 144.8 149.3 164.2 183.6 199.3 204.7 212.5 216.4 218 223.9 229.7 239.8 251 255.6 254.8 250.8 244.1 233.9 223.7 219.7 217.3 212.6 208.5
207.7 207.4 208.8 211.5 212.8 212.5 211.1 214.3 218.1 218.8 214.2 208.6 198.9 189.6 186.6 176.6 163.1 146.6 139.3 133.4 128.7 123.6 117.6 115.3 112.4 128.2 138.9 147.9 155.9 163 170 174.2 182.9 194.6 196.1 176.3 154.3 141.3 131.7 124.8 117.3 109.6 102.2 85.3 64.3 49.8 70.1 90 96.4 105.4 113.6 121.9 129.8 134 134.4 139.9 143.3 151.9 165 185.7 200.9 211.1 221.8 228.7 230.7 233.2 240.2 248.4 258.4 263.1 260.1 251.7 244 237.2 233.6 229.8 223.2 218.4 216.2
208.7 206.1 204.3 207.5 208.9 208.5 208.1 210.5 213.5 212.5 210.9 208.3 199.4 184.9 169.9 165.5 148.1 139.8 134.8 130.1 126.3 121.4 120.3 114.8 129 139.5 149.5 156.7 168.1 176.8 184.6 187 182.3 194.6 195.5 176.1 154.7 142.1 130.9 121.9 114.9 108 99.7 83.5 61 51.3 80.2 98.5 103.1 112.4 121.4 129.2 136.7 141.2 143.6 143.9 144.6 151.9 163 182.2 196.8 212.8 223.5 228.4 231.9 238.4 249.3 258.5 264.6 266.2 258.8 255 250.8 245.6 239.6 235.8 231.2 225.2 223.7
213.9 211.1 203 205 205.6 205.5 204.6 205.8 207.7 207.4 206.2 204.5 197.1 180 163.1 148.2 139.4 135.4 130.9 125.6 125.8 121.6 117.5 128.8 137.9 151.4 159.3 168.4 179.1 187.7 193.6 194.3 187.3 192.8 193.8 176.4 153.1 140.1 129.7 120.2 113.3 105.1 95.1 82.7 56.8 56.2 90.6 107.5 113 118.7 126.9 135.3 143 147.3 149.6 151.3 154.2 158.2 159.3 173.1 191.5 207.2 217.5 224.1 228.8 239.6 252.1 261.1 263.7 261.6 256.1 250.1 254.3 248.7 246.1 241.7 238 232.5 227.5
214.3 212 206.8 200.7 202.1 201.8 200.9 201 203.4 202.4 199.5 196.2 187.7 173.4 156.8 141.8 134.4 130.2 130.5 133.3 121.7 122.1 135.6 139.2 148.6 158.2 166.4 176 185.3 196.1 200.4 198.1 198.1 184.6 191.1 178 151 137.1 127.5 118.4 111.4 103.2 91.6 77.3 51.6 65 95.3 111.8 120.5 125.4 132.1 138.8 146 151.8 155.5 157.8 161.7 166.1 170.4 173 185.6 201.1 210.7 217.3 224.6 239.3 252.3 260.6 262 259.9 251.8 247.9 254.3 256.6 249.5 244.9 240.8 236.4 232.4
215 211.6 209.5 203.2 202.5 200.4 198.7 198.5 198.9 196.6 193.1 186.2 175.4 163.4 150.1 137.8 132.3 137.1 130.1 124.5 134.5 145.5 147.5 149.7 160 165.2 173.8 182.4 191.4 199.2 201.7 203.3 199.8 188.5 183.6 176.6 148.2 133.2 123.9 115.6 109.1 100.9 89.7 68.6 55.7 74.7 98.5 114 123 130.5 135.7 141.8 149 155.4 159.8 164.1 168.8 174.6 181.6 189.1 188 195.3 210.7 221 232 247.2 256.7 263 264 260.4 255.2 244.7 248.4 250.6 255.2 253.4 244.2 238.8 235.4
214.2 211.6 209.3 207.1 199.2 197 198.7 197.9 195.7 192.3 185.4 176.1 163.8 152.2 141.8 135.1 135.4 128.9 133 144.4 149.3 154.4 156.7 160.2 168.1 175 181 187.3 195.2 201.7 203.7 202.6 198.7 188.3 171.1 163.5 142.5 130.2 120.7 112.5 106.3 98.1 84.5 66 57 81.7 106.7 112.5 123.4 132.5 139.4 145.1 151.9 159.3 164.7 172.7 180.9 188.8 194.2 200.8 203.6 203.7 215.9 228.4 246.1 257.6 262.1 265.9 268.5 266 259.8 252 234.1 237.4 240.4 245.5 247.4 241.6 240.8
212.5 210.3 208.2 206.1 202.1 197.1 191.7 195.6 194.7 189.1 179.2 166.9 152.2 142.3 137.5 134.4 131.2 145.5 149.5 154.8 161.6 161.9 167.4 170.8 175.7 182.1 186.3 189.5 195.1 201.8 205.2 206 199.2 185.3 163 152.6 138.4 126.4 117.4 109.6 104 96.6 80.4 59 58.3 87.2 117.3 123.4 127 133.9 141.9 149.7 156.8 164.3 171.1 186.4 194.1 199.1 204 209.8 211.5 213.8 226.7 240.7 254.3 260.6 263.7 267.7 270.9 267.2 257.9 247 236 227.7 227.2 234.3 243.3 243 239.2
209 208 205.9 204.2 201.5 198.6 194.9 188.5 192.3 187.4 173.6 157.9 146.4 138.4 136 137.8 143.3 150.2 154.1 162.5 167.9 172 178.2 180.9 183.5 188.2 190.7 193.6 197.3 201.3 204.9 204 196.8 179.1 158.1 142.5 131.1 123.2 115.3 108.2 102 93.1 73 57.2 63.3 96.6 125.2 131 134.2 140.7 147.3 155.2 162.5 170.3 183.1 194.5 203 208.5 215.3 222.4 226.6 232.1 240.9 251.5 258.5 263.7 265.4 266.4 265.9 259.9 250.6 241.6 229.6 227.1 221.7 220.7 233.6 238.1 238.9
204.4 203.8 203.2 202.1 198.8 199.1 198.6 191.1 184.4 180.8 163.6 150.4 142.8 138.2 145.6 149.3 152.6 159.4 164.9 168.4 171.8 182.8 187.3 190.1 191.4 192.7 195.4 198 200.8 203.3 203.7 198.6 189.2 171.3 153.7 138.9 128 120.2 113.5 107.7 100.6 87.1 67.9 56.3 70.9 104.3 127.6 132.8 139.4 147.4 153.2 160.2 169.1 182.7 198.5 202.1 210.8 223.4 234.6 243.1 244.4 246.1 252.6 261.6 267.1 267.2 264 259.8 255.3 249.4 240.7 234.5 231.5 228.9 221.9 221.9 232.2 236.1 238.2
200.8 199.8 200.1 200 196.8 198.4 198.7 192.8 181.9 171.3 156.7 147.5 141.3 150.9 158 160.9 161.1 167.6 175 175.5 180.5 190.1 194.6 195.7 196.6 197.4 199.8 202 203.6 202.9 200.9 193.7 182.1 164.5 149.5 137.2 125.2 117.7 111.2 105.4 98 82.4 62.8 61.1 79.3 109.4 128.2 136.3 145.5 153.4 159.7 169.8 182.6 192.7 203.2 208.5 218.5 235.5 248.2 256.1 261.3 257.7 262.7 271.1 270.9 266.1 259.9 253.1 245.6 237.1 230.5 229.5 227.9 228.8 228.4 231.2 232.9 235.5 238.9
197.3 196.9 197.5 197.7 197.6 199.2 198.4 189.8 177.4 166 153.4 144.2 157.1 171 170.2 172.6 169.8 176 179.1 179.3 188 195.8 199.4 200.6 201.5 201.2 201.5 201 200.7 197.6 191.6 184.9 175.6 160.7 146.9 135.2 124.7 116.2 109.6 103.9 92.1 72.9 58.8 66.2 87.3 113.1 134.7 142.4 152.8 161.1 174.7 182.6 196.3 201.5 207.5 215.8 231.5 246 258 263.6 265.7 267.9 262.6 269.3 269.8 264.4 255.2 245.1 234.8 222.9 220.9 226.3 229.3 229 224.4 226.3 231.9 237.6 240.6
192.1 193.2 194.5 194.8 194.9 197.6 196.7 187.7 173.5 162.3 147.3 160 166.5 169.7 174.3 176.3 176.4 179.3 181.4 184.1 196 202.2 205 205.8 203.8 201.8 199 196.4 192.8 187.6 180.6 172.8 164.6 153.7 142.7 132.7 124.4 115.5 108.2 99.6 88.5 61.6 63.3 76.7 94.7 117.7 137.3 149.2 164.4 176.5 189.4 197 202.9 210.4 219.1 233.4 244.8 251.7 260.3 262.3 261.9 261.9 251.7 260.6 260.2 256.6 249.7 238.3 223.6 222 220.9 223.9 221.2 224.8 219.4 225.4 230.5 235.7 240.3
197.2 186 189 188.6 190 192.3 193.7 184.3 172.2 151.4 155.4 167.6 168.1 171.9 179.1 179.9 179.8 181.9 184.1 190.5 203.4 208.3 212.8 211.7 208.1 204.4 198.3 191.9 184.5 176.6 170.7 163.7 155.7 149.2 139 131.2 124.6 115.5 106.8 97.8 78.7 65.2 71.7 85.2 102 123.8 140.7 157 173.4 189.1 198.9 206.2 211 222.8 236 240.6 245.5 248.5 252.6 254.6 254.1 252.3 244.1 248 250.7 247.7 239.5 230.8 218.9 220.2 217.5 217.7 216.2 218.4 218.3 224.5 228.9 232.6 236.9
204.1 194.7 182 180.3 183.7 186.8 188.9 180.9 163.1 151 165.1 169 173.2 177.6 179 180.4 182.9 185.4 187.6 199.2 209.5 215.1 218.9 216.8 212 208.2 199.4 189 179.9 170.4 161.8 155.1 148.5 142.6 136.3 129 123 115.2 107.4 92.7 69.8 66.7 77 89.7 107.2 128.4 146.7 163.2 179.9 194.7 206.2 217.6 226.9 228.3 236.9 235 236.7 241.4 243.6 244.9 243.6 239.9 233.5 240 244.5 239.4 229.2 219.6 219.6 215.8 211.4 210.9 210.1 208.4 215.5 222.6 227.7 230 233.3
205.1 196.6 186.9 175.9 174.8 178.6 180.1 175.5 156 157.6 168.5 172.7 175.5 176.2 179.1 183 186.2 188.8 194.9 206.5 216 221.2 224.7 222.3 214.8 208.2 199.6 188.5 178.8 170.7 154.7 147.9 143.6 138.1 133.5 128.6 123.4 116.1 105.7 89.7 72 67 78.3 95 112.5 132.1 149.5 167 185.1 202.5 214.2 221.5 231.6 228.2 225.4 223.6 227.3 228.8 234.2 233 229.8 223.5 220.9 233.9 236.7 229.6 220.3 218.9 218.7 213.4 207.3 204.4 204.8 204.9 213.6 221.7 226.3 227.3 228.8
200.8 192.4 186.1 177.6 172.3 170.6 172 169.9 154.5 165 170.2 177.4 178.8 176.7 181.7 188.7 184.8 188.5 198.1 209.1 222.3 230.9 234.4 228.2 216.1 206.5 197.8 186 176.8 166.3 151.9 143.4 138.8 138.2 137.9 130.4 123.4 116.5 95.9 96.6 78.2 64.9 79.2 97 115.8 134.3 151.5 169.3 188.1 207.9 222.3 218.2 215.9 209.2 205.4 210.4 217.8 218.3 220.1 218.6 212.4 205.8 207.5 221.6 225.8 220.7 218.3 215 212.6 210.8 204.2 199 199.5 204.3 213.1 220.6 224.5 224.4 221.8
196.7 190.1 183.5 177.9 172 165.4 166 163.5 155.2 166.7 175.8 183.1 181.4 182.5 185.6 183.7 178 188.4 195.5 206.7 219.1 232.3 235 226.7 211.3 197.3 188.2 178.9 171 162.9 148.6 142 140.5 147.8 146.5 132.8 124.3 116.8 111.1 104.5 84.4 63.6 76.3 96.1 115.9 136.5 152.3 168 184.1 197.9 205.6 199.9 194.2 190.3 188.6 197.8 204.6 205.2 205.2 201.5 195 191.2 199.9 211 213.5 211.6 209.5 207.5 201 208.3 196.3 195.1 196.9 205.4 212.5 219.7 221.5 219.5 215.2
193.9 187.8 181.4 176.3 171.3 166.1 162 160.5 159 168.5 179.7 182.4 184.2 185 185.7 177.4 175.1 186.9 190.7 198.6 209.3 215.9 218 209.6 199.3 186.5 177.8 170.1 164 158.3 145.7 140.7 146.8 154.4 151.3 137.9 124.6 116.2 113.4 110.3 93.1 69.7 70.7 91.6 112.7 133 147.2 157.9 167.4 175.3 181.7 180.8 175.8 175 178.9 186.3 189.7 190.6 189.9 185.6 181.8 184.4 202.8 206.3 207.6 206.5 203.5 197.3 195.9 196.7 190.7 191.3 198.6 205.2 210.4 215.3 217.1 213.9 210.8
191.7 185.8 180.4 175.7 170.9 166.8 161.5 158.1 159.4 164.4 174 178.5 180.6 184.4 184.2 176 172.3 181.8 184.7 190.1 199.5 204.2 202.5 200.7 189.8 174.6 166.3 160.2 154.4 148.7 141.8 145.2 151.3 154.3 151.2 140.2 126.9 118 115.2 111.6 101.2 82.3 65.6 82.9 105.8 123.7 137.3 144.7 149 152.9 157.5 158.9 160 161.8 167.6 173.9 176.1 177.2 176.5 173.3 170.7 182.3 196.6 203 204.5 201.2 197.7 197.3 191.5 188.8 188.1 192.8 200.9 204.7 209.1 211.8 212.7 210.1 209.8
190.7 185.2 179.9 175.3 170.5 166.3 161.9 159.8 156.1 159.6 166.1 171.9 175.6 177.1 177.4 174.4 167.3 173.2 177.5 181 186.7 188.3 189.6 185.4 174.9 164.7 157.2 152.2 146.3 141.7 137.6 144.9 147.9 148.8 146.8 140.5 131.5 123.1 116 112.6 107.8 96.9 75.5 72.2 97.2 112.4 123 128.5 131.8 134.9 138.8 141.6 144.5 150.1 156 162.2 165.3 165.9 164.6 162.3 171.8 187.3 196.2 199 200 197.7 193.4 190.9 193 185.9 185 193.4 199.5 203.5 206.3 207.8 208.9 208.3 211.7
189.1 184.8 179.6 174.8 169.9 166.2 161.8 160.3 153.9 158.2 162.5 165.8 170 170.8 171.2 171.5 167.2 168 170 172.8 174.6 173.6 171.7 168.1 161.6 155.1 148.1 143.6 138.3 135.4 133.9 138.2 140.8 141.3 140.9 137.2 132.1 126.6 118 112.4 110.2 94.2 71.6 72 82.5 99.1 106.1 111.5 115.9 120.3 124.7 128.8 133.7 139.5 145.3 150.5 154.3 156.1 155.8 158.9 172.8 188.3 192.5 194.1 194.5 193.5 190.1 187.8 185.4 181.9 183.3 190.3 195.9 198.9 201.9 204.2 206.1 205 211
187 184.8 179.4 174.4 169.1 164.1 161 159.6 152.6 156.8 159.5 161.4 164 165.5 166.1 166.4 165 163.4 164.6 165 165.4 164.4 161.2 157.4 152.2 145.7 138.5 133.4 129.4 127.1 121.4 128.2 130.4 132.5 134.5 134.3 129.2 125.6 119.6 112.8 108.7 89 70.7 82.6 76.8 81.7 82.3 84.9 92.6 103.8 111.1 118.8 122.4 129.3 135.3 139.8 144.4 147.7 150.1 156 167.2 179.6 187.6 189.2 189.1 188.2 187 184.5 182 179.3 180.9 186.1 191.2 194.2 196.7 202.6 204 201.5 209.6
184.5 181.8 179.1 174 168.3 162.4 160 159 156.2 154.3 156.2 158.1 158.6 159.9 160.1 161.4 160.9 159.8 159.2 158.8 157.7 156.6 154.3 150.5 144.4 136.2 128.7 118.4 108.8 103.9 100 103.8 111.2 111.9 118.2 113.3 108.7 113.1 117.5 111.9 105.8 87.4 73.5 95 101.2 102.4 104.6 110 108.2 101.3 105 108.8 116.9 119.4 125.1 129.8 134.8 139.4 145.4 152.3 159.9 169.4 180.3 184.3 186.2 185.9 183.2 180.7 178.8 177.2 178 183.2 187.6 189.4 192.1 199.8 201.2 198.7 207.2
180.7 178.6 176.7 173.3 167.9 161.8 160.8 159.7 159.8 153.3 154.3 154.4 153.6 154 152.9 154.2 158.6 157.2 155.5 153.7 152.7 151.3 148.2 144 138.1 129.4 121.5 102.2 87.6 91.9 89.1 85.4 83.1 87.1 90.4 83.7 80.8 87.4 100.1 108.7 102.4 81.6 75.5 98.9 110.8 119.9 125 126.2 126.5 124.4 123.5 124.3 128.3 128.2 133.1 134.6 137.4 133.8 141.1 147.2 152.5 158 166.3 171.6 176.4 178.3 176.9 176.3 174.7 175 176.9 181.3 184.6 185.7 188.6 195.8 196.5 196.3 202.5
176.8 175 173.9 171.4 167.8 163.7 161 159.1 159.6 151.8 151.8 151.7 150.4 146.7 143.9 150.7 157.8 156 154.6 150.5 148.8 146.4 143.1 138.8 133.1 124.9 119.2 97.4 95.9 110 106.9 103.3 90.4 85.9 84.9 88.2 89 79.2 83.4 82 73.5 74.6 74.6 97.5 111.2 124.4 132.1 135.3 136 134.9 135.5 136.8 139.7 140 141.7 141.7 141 138.9 133.1 138.2 146.6 149.6 153.2 158.3 163.5 167.3 169.6 171.2 171.4 171.4 174.6 178.9 181.3 182 185.5 189.5 190.9 194.4 199.8
172.9 171.3 170.4 168.2 166 161.2 158.6 157.3 159.2 150.7 149.2 148.8 147.3 141 138.2 150.5 157.2 155 153.5 148.7 144.8 142.1 138 133.6 128.2 122.8 114 93.8 99.4 117.3 121.3 117.3 112.6 106.6 104 106.9 108.8 103 79.7 76.9 84.9 92.5 77.5 92 107.5 125.2 133.7 141 144.6 146 147.5 150.4 153.5 150.6 148.1 147.5 143.7 144.1 147.3 147 147.7 144.2 146.6 149.8 154.4 158 161.4 164.7 167.5 168.1 172.2 175.7 178.2 178.8 183 185 186 192.8 197.4
