data/NO20.asc
ncols 200
nrows 200
xllcorner 320000
yllcorner 700000
cellsize 50
[rows 140 to 174 of 200, columns 79 to 157 of 200]
157.6 155.8 155.2 154.1 152 150.2 149.7 148.7 145 141 139.9 138.4 138.3 135.5 135.5 135.5 136 135 134.6 133.8 133.3 127.9 125.5 129.8 130.2 129.6 129.7 133.6 132.8 135 138.9 142.5 147 149.1 151.8 151.2 149.9 150.7 152.2 154.8 156.6 157.7 157.9 157.7 159.2 161.1 160.7 160.2 160.6 158.9 157.3 155.9 153.9 151 148.5 146.2 144.5 143 141.4 140.1 138.7 136.9 136 135.1 132.4 128.8 122.1 117.5 112.5 106.9 107.2 107.2 107 106 106.4 106 105.9 105.6 106.1
158.2 157.3 156.2 154.6 152.4 151.1 149.9 149.3 147.7 145.9 144.3 142.4 140 137.6 136 134.3 132.9 132.7 132.8 131.6 132.9 128.1 133.3 132.7 132.4 131.1 122.1 125.9 132.9 131.1 135.2 138.6 140.8 144.4 148.1 148.5 148.7 148.8 149.6 152.1 154.2 154.9 154.9 154.3 157.2 158.9 158.6 158.6 158.7 157.2 154.9 153.7 152.1 148.6 146.1 143.7 142 140.4 138 135.9 134.5 128 124.7 122.5 117.8 114.4 109.8 108.1 108.2 110.7 109.7 109.1 107.4 106.4 106.9 107.6 108.1 107.2 107.1
156.8 156.8 155.3 153.6 152.1 150.1 148.8 147.5 146.2 144.5 142.8 141.9 140.1 138.8 136.9 135.1 133.3 133 130 128.1 129.9 128.3 135.8 135.3 134.2 132.6 131.4 119.5 118.4 120.3 132.3 136.4 136.5 139.3 142.4 143.7 144.9 146.2 147 148.7 150.1 151.6 152.6 150.6 155.1 157.7 157.3 157.2 157.3 156 154 152.6 151.8 148.1 143.7 141.2 139.1 136.7 134.3 132.1 126.7 116.6 111.3 109.7 109.9 109.4 108.8 109.6 109.9 110.8 110.7 109.6 107.8 107 107.2 107.9 108.2 107.2 106.9
154.6 154.3 153 151.7 150.2 148.1 146.9 145.6 144.2 142.7 141.1 140.4 139.4 139.2 137.6 136.3 135.7 136.7 137.1 134.9 131.6 135.1 136.5 134.8 132.6 132.2 131.7 130.9 129.9 116.8 128.6 134.7 134.3 136.5 138.8 140.3 141.9 143.7 144.8 146.2 146.4 147.2 148.7 150.2 154.6 157.3 156.1 155.9 156.1 155.7 154.2 152.8 151.4 147.4 142.5 140 137.4 134.7 132.5 129.4 126.1 124.8 114.1 110.3 110.4 111 110.4 110.5 109.1 110.1 110.1 109.6 108 106.7 106.6 107 107.1 106.3 105.6
151.6 151 149.9 148.7 147.4 146.4 145.1 143.7 142.7 141.3 139.9 139.4 138.9 138.8 138.2 138.1 136.9 137.1 137 134.4 133 134.4 133.4 131 129.8 129.5 129.5 129.9 129 124 114.5 127.7 133.1 135.3 136.9 138.5 139.4 141.6 142.6 143.2 143.2 144.2 143.8 146.6 149.8 154.1 154.1 153.4 153.2 151.8 152.1 151.3 148.7 143.5 141.3 139.3 137 134.2 131.3 129.1 126.6 123.8 119.3 111.7 110.7 111.3 113.5 109.3 108.4 109.3 109.2 108.7 108.4 106.5 105.8 105.7 106.1 105.1 104.4
148.9 148.5 147.5 146.3 145.4 144.5 143.7 143.3 142.9 141.8 140.4 139.1 138.5 138.2 137.8 135.8 135.8 137.3 136.1 132.1 130.5 131.7 129.2 127.2 126.8 126.7 127.2 127.7 128.1 124.1 112 115.3 130.7 132.5 134.1 136.7 137.9 138.6 139.7 140 139.8 141.3 141.8 143.2 143.7 145 146.5 146.3 145.3 144.7 145.2 144 140.4 139.8 138.5 137.4 136.2 133.8 131.2 129.5 127.2 124.7 121.8 112.7 112.9 114.7 118.6 113.9 111.2 111 109.8 108.1 109 106.3 105.4 104.9 105.5 104 103.7
146.9 147.6 147.3 145.7 144.2 144.2 144.2 143.6 142.9 142.1 140.9 139.3 138.2 137.6 136.9 136.2 135.8 134.6 133.6 131.8 127.5 125.7 124.5 123.7 123.4 123.2 124.1 125.4 125.5 125 110.7 115.1 127.6 128 132.2 135.2 136.5 136 136.7 137 137.2 138.9 140.9 140.6 139.9 139.7 140.4 141.1 138.1 137.1 136.9 136.3 135 135.5 135.2 135.4 134.5 133.1 131.2 129.5 127.9 126.7 123.7 115.1 115.6 119 120.3 120.1 116.4 111.6 109.7 107.8 107.5 105.9 104.9 105.2 104.5 103.6 103
145 145 145.1 144.7 144.7 144.7 144.6 143.9 143.1 142.1 140.8 136.9 136.9 136.9 136.5 131.8 130.3 130.3 128.2 127.7 125.3 122.2 121.2 120.4 120 119.7 120.2 121.8 121.6 121.3 115.4 116.7 117.5 120.8 125.6 129.8 132.1 132.2 131.4 131.7 133.2 135 138.6 139.6 138.7 138.2 138.8 138.9 137 135.7 134.5 132.7 132.8 130.6 128.9 133.3 132.9 131.1 129 127.6 127.1 125.6 119.4 115.7 119.2 118.4 118.1 116.9 113.8 111.3 108.8 107 106.6 106 105.2 104.8 104.8 104.8 105.4
144.8 144.7 144.7 144.5 144.6 144.7 144.6 144.5 143.6 142.3 140.4 136.9 136.9 135.3 135.1 130.3 131.7 126.8 128.5 124.9 122.8 120.8 118.8 116.9 115.8 115.6 116.8 117.5 117 116.2 112.7 114.6 116.3 115.7 118.1 121.8 122.6 123.2 123.2 122.9 123.3 124.7 127.4 131.8 131.3 131.1 133.5 135.3 134.3 132.4 131.1 130.6 131.4 131 131 128.2 125.7 120.5 117.5 120.6 122.9 117.1 116.4 118.8 117.3 115.9 114.7 113.6 112.3 110.7 108.6 106.6 106.5 106.5 106.4 106.3 106.2 106.4 107.6
144.6 144.5 144.4 144.3 144.4 144.5 143.9 143.1 142.1 141 139 138.7 132.3 132.3 132.8 127.5 125.9 126.7 130.9 130.9 129.1 125.4 122.7 121.1 119.8 117.5 117 116.5 115.3 112.9 108.6 111.6 112.3 112.4 112 113.6 113.9 114.5 116.5 117.2 115.8 116.3 115.9 116.6 117.4 120.7 126.4 130.2 130.2 127.6 126.6 126.8 127.5 128 128.4 128.6 127.6 123.9 120.8 113.3 114 115.8 118.6 117.3 114.8 113.7 112.8 111.9 111 109.8 108.2 106.5 106.9 107.7 108 108 107.8 107.5 111.1
144.4 144.2 144.2 144.1 144.2 143.6 142.6 141.6 140.8 139.6 137.1 136.9 135.7 133.5 131.9 131.8 132.2 135.2 134.6 133.9 132 129 126.5 124.4 120.7 119.2 118.3 117.4 115.6 111.8 108.3 110.4 110.8 110.5 110 110.1 110.6 111.2 112.9 114.8 115.2 114.5 115.3 115.5 114.2 113.1 116.4 120.1 122.5 122.7 122.9 123.1 122.9 123.8 124.4 124.9 124.5 122.2 116.5 112.9 113.5 115.3 116.6 114.8 112.8 112.1 111.2 110.2 109.3 108.5 108 107 108.5 109.4 109.7 109.7 109.4 107.8 112
144.1 144.2 144 143.9 143.1 142.3 140.3 140.1 139.5 138.4 136.7 135.3 132.6 132.3 130.2 131.3 137.6 135.9 136 139.6 133.3 130.7 126.5 123.5 120.6 118.8 118.3 117.5 115.2 112.4 106.8 108.7 109.5 109.2 108.8 108.5 108.2 107.9 108.8 110.8 114.4 114.6 115.4 116.3 114.3 107.9 108.4 112 114.9 117.1 118.9 118.4 118.8 119.6 120.7 121.2 118.5 113.3 111.3 113.2 116 116.5 114.5 112.4 111.4 110.7 109.8 109 108.6 108.1 107.7 107.3 108.1 110.1 111.3 110.5 108.6 107.5 111.7
143.4 143.8 144.1 142.6 141.8 140.4 138.7 137.6 137.7 137.4 133.3 129.1 127.9 133.8 131.9 128.8 138.3 136.3 135.8 135.1 134.3 133.8 129.6 123.9 119.2 118.5 118.2 117.7 115.8 113.2 110.7 106.4 108.2 108 107.9 107.5 107.1 106.9 106.8 107.6 108.8 110.4 112.6 113.3 117 113.4 107.2 108.8 111.6 113.8 113.1 114.4 114.8 115.1 114.4 113 109.7 108.8 113.8 115.4 115.3 114.4 112.7 111.5 110.2 109.4 109 108.6 108.2 107.7 107.3 107.2 107.2 108.8 109.1 108.4 106.5 105.7 109
142.7 143 143 141.5 140.4 140.4 140.1 138.1 138.1 131.1 130.4 129.9 129.6 128.4 127.9 128.8 132.8 136.3 134.7 135.4 135.1 133.9 129.2 120.6 120.2 119.6 119 118.2 116.4 113.9 110.9 107.1 104.7 105.3 106.7 106.4 106.1 105.7 105.5 105.3 105.6 109.5 106.7 104.9 109.8 107.7 106.7 106.4 109.9 110.6 109.9 108.5 107.8 107.8 105.8 105.7 106.5 111.4 112.3 113.6 112.9 110.9 111.4 110.6 109.4 108.5 108.3 108.1 107.8 107.3 107.3 107.4 107.4 107.3 107.7 107.1 105.6 105.8 106.3
142 141.5 140.5 136.4 135.7 134.1 123.4 128.7 129.9 129.7 131.1 132.2 130.2 136.5 128.1 125.7 134.2 139.1 134.3 137.2 134.8 132.1 121.8 120.9 121.7 120.4 119.3 117.4 117.1 114.4 110.9 109.4 107.3 104.5 102.8 102.3 104.4 105.1 104.9 105.2 103.6 107.9 109 105.5 103.2 104.7 104.9 104.1 105.9 107.8 107.1 104.4 104.3 103.4 102.4 102.1 101.4 105.6 109.6 109.6 110.7 109.6 109.5 109.2 108.9 108 106.9 106.7 107 107 107.4 107.1 105.8 106 106.2 105.7 105.6 105.9 105.9
141.6 144.3 142.1 142.4 141.5 139.2 132.5 130.6 129.5 129.2 130.4 131.5 131.1 129.7 127.9 125.7 127 134.1 134.3 134.1 132.1 125.4 122.4 121.1 123 120.6 118.5 116.5 114.8 112 109 108.9 108.5 106 103.7 103.5 102.5 103.9 104.4 104.9 103.6 106.9 109.7 106.3 103.1 103.2 102.9 102.6 103.7 103.9 102.9 102.2 100.9 100 100.5 99.5 96.9 97.1 99.8 103.8 105.2 107.2 106.8 107.1 107.4 105.9 106.1 106.4 105.9 105.7 105.6 104.3 102.7 102.2 103.1 104.2 105 105.3 104.3
142 141.5 143 143.1 143.5 141.9 140.2 136.1 130.5 129.1 128.1 132 126.7 133.5 135.4 133.3 131.1 128.7 127.1 125.8 125.6 121.4 120.6 120.5 120.5 119.1 117.5 115.6 112.3 109 108.7 107 107.3 106.3 104.9 105.1 101.6 102.8 104.6 106.2 106.8 107.7 106.6 104.7 102.5 101.1 100.6 100 100.1 99.9 99.7 100.1 97.4 98.4 97.2 96.9 94.8 95.1 95.3 97.4 101.9 104.7 103.9 103.7 103 102.2 103.4 103.7 103.5 102.7 101.6 99.9 98.5 97.2 97.4 98.5 99.2 99.6 98.8
142.3 141.8 141.6 142.1 140.5 140.9 135.9 141.4 140.5 131.9 130.4 137.6 138 130.9 125.9 123.7 122.2 121.4 120.4 119.3 118.9 118.2 117.4 117.1 117.1 116.5 115 113.3 110.8 111.6 115.6 123.8 117.5 114.4 103.1 103.9 102.6 102.2 106.6 107.7 107.4 106 105.3 104.2 102.3 100.4 99.5 98.4 97.5 97.4 97.7 94.3 95.5 96.9 95.7 94.6 94.3 94.7 96.1 97.4 98.2 98.3 98.3 98.7 99.2 97.1 97.3 97.6 97.2 97.1 96.7 95.6 94.1 93.2 92.5 92.7 93.1 93.3 94.1
140.3 139.4 139.1 139.7 138.6 140.6 141.3 134.9 136.8 140.4 139.7 134.3 126.3 124.1 122.4 121.5 121 119.5 119.2 118.7 118.5 117.9 115.5 114.5 114.2 114.4 113.6 112.2 109.6 113 127.5 127.3 125.9 123.9 118.4 99.3 101 103.9 107.2 107.6 107 105.8 105.3 104.3 102.8 101 98.6 97 96.1 96 94.1 94.4 96.5 95.1 94.7 93.6 93.8 93.8 93.4 92.8 92 92.3 94.6 95 95.4 94.5 93 92.7 92.7 92.2 92.1 91.8 91.3 90.7 90.8 90.7 90.4 90 90.4
137.4 136.1 134.5 133.5 133 132.7 131.8 130.2 129.4 128.2 126.5 124.4 124.8 122.4 120.8 119.4 120.8 120.1 118.6 118.3 118 117.3 115.3 112.8 112 112.3 111.6 110.2 110.6 112.6 124.8 125.2 123.9 123.4 118.5 102 106.5 109.7 108.5 106.8 104 105.1 104.6 103.8 103.2 101.2 98.9 95.7 95.9 95.2 94.1 95 94.4 93.2 93.1 92.9 93.2 93.1 91.5 90.1 89.3 90 91.6 91 90.8 90.5 90.4 89.3 89.6 89.9 89.3 89.4 88.9 88.9 89.4 89.2 88.7 88 87.8
136.5 134 131.3 130.7 129 128.7 128.3 128.4 127.9 127.2 126.7 126.8 126.7 126.3 124.7 123.5 123.3 121.1 118.3 117.9 116.7 116.1 113.5 112.7 113.4 112.6 112.4 110.8 110.7 113.8 123.9 122.6 120.3 117.6 114.3 109.9 95.5 96.1 99.6 100.6 99.2 101.7 103.2 103.4 102.6 99.2 96.4 95.2 95 94.9 93.7 93.3 92.6 91.5 91.1 92 93.1 92.1 90.6 89.1 87.6 87.9 87.8 87.4 86.5 86.7 86.4 86.8 87.4 87.9 87.6 87.6 88.3 88.7 87.8 86.1 85.8 85.1 85.7
135.2 133.9 133.7 131.7 131.6 133.6 134.3 132 130.4 129 128.2 128.3 128.5 128.3 127.4 125.3 123.8 120.4 118.2 117 115.6 114.3 118.6 127.1 131 127.3 121.2 119.8 119.7 123.7 122.6 120.9 117.8 111.7 109.6 106.6 101.2 92.9 92.2 94.4 95 94.9 94.6 96.5 98.9 98 95.2 93.6 94 93.3 92.4 92.1 92.1 90.9 90.5 92.6 93.1 91.4 89.7 88.2 86.2 86.2 86.3 85.5 84.3 84.7 84.7 84.9 85.3 85.9 85.7 85.6 86.2 85.6 82.6 80 79 79.4 78.7
135.4 134.4 134.3 133.1 135.4 137.1 136 134 131.9 130.6 129.7 129.5 129.2 129.1 127.8 125.5 122.6 120.6 119.5 124.2 128.3 129.1 130.4 130 129 129.4 127.6 126 124.1 122 122.5 115.8 107.8 103.3 105.2 105.7 102.5 97.4 94.7 93.3 91.2 89.3 89.5 88 88.9 93.8 92.9 92.2 92.3 92.9 92 91.6 92 90.3 90.2 92.6 92 90.7 89.7 87.2 85.6 84.5 84.6 84.1 84.9 85.3 83.2 83.1 83.4 83.8 84.2 82.9 82.5 81.3 79.2 78 76.9 76.1 75.2
136.9 135.2 134.7 136.1 137.6 137.4 135.9 134.5 133.2 132.4 130.6 130.1 129.7 127.9 125.9 123.5 121 123.8 127 130.3 130.5 130.9 131.4 130.7 130.5 129.8 128.6 127 123.9 115.3 105.6 96.7 91.2 87.7 89.5 92.1 93.9 95.1 94.9 97.5 97.7 95.6 93 92.8 83.8 85 89.2 88.9 90.2 91.4 92.3 90.2 90.2 88.7 90.5 89.7 87.1 85 85.5 85.8 85.3 83.8 80.6 86.8 86.3 85.9 82.3 81.6 82.4 83.1 83.3 77.1 73.7 67 68.9 71.7 73.2 71.8 69
136.3 137.7 138.3 139 138.5 137.3 136.1 134.7 133.6 133.6 131.9 131.1 129.2 126.6 123.8 121.2 123.8 127.2 126.9 128 128.4 128.2 129.2 130.3 130.1 129.6 125.9 121.1 109.2 99.1 91.5 83.5 81.6 79.7 77.2 76.2 76.3 76.2 77.4 79.4 82.8 85.4 88.8 94.8 93 91.1 76.9 78.5 81.8 88.7 91.7 89.1 83.1 83.7 84 79 75.4 74.8 76 78 79 77.9 80.7 88 87.9 87 80.6 80.8 79.9 76.6 66.7 64.8 62.1 62.5 62.2 61 62 61.5 61.4
137.5 137.6 137.7 138.2 137.4 136.6 136.2 135 133.6 132.6 131.7 130.3 128.1 125.3 122.8 119.2 127.7 127.5 127.3 127 125.7 125.3 125.2 125.1 122.7 121.3 111 103.7 95.1 87.1 79.3 83.6 86.6 90.5 93.7 94.7 92.2 85.9 77.7 75.4 76 76.4 84.7 93.6 91.6 90.9 89.2 83.4 75.4 79.6 88.4 85.2 81.6 80.5 73.5 73.7 71.7 69.8 69.8 69.7 70.4 68.2 74.4 84.7 82.3 80.6 79.6 78.7 72.9 64.9 64.5 63.2 65.4 67.4 67 64.5 60.6 59.8 59.6
138.2 138.3 137.6 136.6 136 135.4 134.7 133.4 132 130.4 129.5 128.6 127 124.5 121.9 124.9 126.8 126.7 126.4 125.2 124.1 123 121.6 120 114.8 102.8 98.5 92.9 84.7 81.1 88.9 95.9 99.8 104.2 104.7 105.2 103.7 98.9 91.6 81.7 74.3 75 79.7 83 83.3 86 87 85.5 79 74.4 81.7 78.6 78 77.9 76.5 69.4 68.7 69 69.5 68.3 67.4 66.1 67 74.4 79.5 78.4 77.1 75.1 66 64.4 62.5 69.1 72.3 72.5 69.1 67.7 66.1 64.2 62.3
138.9 138.4 137.3 135.8 134.8 134.2 133.1 131.8 130.4 128.5 127.2 126.3 126 123.8 121.4 125 125.2 125.9 124.9 124 123.1 121.7 117.9 111.4 101.5 94 86.8 88.4 85.7 92.3 101 106.8 111.1 111.5 110.1 109.8 108.3 105.6 104.8 99.2 89.3 79.2 76.4 74.2 76 74 75.2 76.8 77 74.9 72.8 72.9 72.9 70.4 71.8 74.4 74 73.2 71.6 71.9 69.9 68.5 68.1 67.6 76.9 75.9 74.5 70.1 64.4 64.4 63.2 75.3 75.4 75.5 71.3 69.6 68 66.2 64.9
139.3 137.8 136.3 134.8 133.6 132.9 131.7 130.3 128.8 126.9 125.3 124.6 125.2 125.5 125.4 125 125.1 125.3 124.1 123 122.1 118.1 109 101.5 92.9 88 89 90.9 99.3 104.5 111 114 114.2 113.3 112.5 111.2 109.6 107.8 105.7 105.2 101.6 89.5 82.7 79.4 78.4 78.3 76.1 73.2 73.8 74.3 72.9 70.5 73.3 78.5 81.3 79.3 78 76.7 75.4 74.2 70.8 68.4 68.2 67.6 69.1 73.5 67.9 66.1 66 66.2 73.7 78.6 78.9 77.6 72.9 71.3 69.8 68.5 67.7
137.6 136.8 135.3 133.8 132.6 131.6 130.3 128.9 127.5 126.4 126.2 126.4 126.4 126.6 126.5 125.4 124.4 124.5 124.2 123.2 119.6 111.1 101.7 91.2 85.5 88.5 94.8 102.5 108.4 114.1 115.7 116.6 115.8 114.8 113.9 112.9 111.2 109.5 107.4 105.6 103.1 97.7 91.9 85.4 84.7 82.8 80.5 75.8 76.2 78.2 79.7 81.8 83.3 84.2 83.6 83 80.8 80.6 78.4 72.4 68.8 68.2 67.7 67.4 65.4 66.7 66.5 66 75 81.4 81.2 80.5 79 78 72.8 71.9 71.9 71.2 70.4
134.9 134.5 133.8 132.8 131.5 131 130 129 128.5 128.4 128.6 128.6 127 127 126.2 125 123.1 123 122.3 119.2 107.3 101 91.3 86.1 87.6 100.3 105.3 110.8 116.3 117.4 117.7 117.9 117.2 116.2 115.3 114.3 113 111.3 109.9 108.9 107.6 101.6 104.2 101.4 99.8 97.9 96.5 90.6 90.8 91.8 91.4 90.3 89.3 87.9 86.9 87.2 85.9 85.9 83 78.3 71 67.9 67.5 67.6 67.1 65.6 65.6 70.4 80.2 80.1 80.3 80.2 79.7 79.5 78.3 72.6 72.7 72.4 73.1
130.9 132.1 131.6 130.5 130.8 130.6 130.4 129.4 128 127.2 128.5 127.2 124.3 122.8 122.6 122.4 120.9 119.8 113.3 104.7 100 91.3 85.4 92.1 102.8 108.9 113.6 118.3 118.5 117.9 118.1 118.3 117.4 117.1 116.6 115.5 114.4 113.4 113 112.6 109.3 100.9 109.4 107.7 107.3 106.6 105.5 101.2 98.9 97.5 95.6 94.9 94.2 93.5 92.7 91.8 91.6 89.7 87.8 84.8 81.3 73.8 66.9 67.1 66.8 66.6 71.1 79.5 80.4 80.8 82.5 82.9 82.7 81.7 80.7 78.3 76.5 76.6 76.2
126.4 127.6 128.1 128.3 129 129.3 128.6 127.9 127.2 126.3 123.1 120.4 118 116.9 116.2 116.2 115 111.8 107.2 96.6 90.2 87.8 98.1 104.3 108.6 115.7 118.9 120.1 119.3 118.5 118.4 118.3 117.4 116.5 116.4 116.5 115.9 115.1 114.3 113.6 107.2 110.2 109.2 108.1 108.2 107.9 106.4 103.9 101.9 100.2 99.8 98.7 97.9 96.7 95.3 94.8 93.3 92 90.9 90 87.6 83.3 80.2 78.4 78.2 79.9 84.1 86 86.1 84.9 84.8 85 83.8 82.9 82 81.6 80.3 80.3 79
120.9 121.7 121.4 121.8 122.6 123.1 124.6 123.7 122.7 120.3 116.5 114.4 112.9 112.3 111.8 110.3 107.4 107.7 107.5 89 89.3 99.1 108.1 112.6 116.9 117.9 121.2 121.2 120 119.3 118.7 118.2 117.3 116.4 115.8 115.7 115.4 115.4 114.7 113 105.5 112.6 111.4 110.3 109.6 109.3 107.6 105.8 104.1 102.8 102.5 101.6 100.4 99.2 98 96.7 95.3 93.8 93 93.2 91.4 90.4 89.7 89.1 89.1 88.6 90.6 90.1 88.9 87.9 87.1 86 84.8 83.6 83.2 83.1 82.5 81.7 80.8
114.7 114.6 114.5 114.3 114.4 114.3 116.2 114.9 113.8 112.8 112.3 111 110.9 112.8 113.3 106.1 94.7 89.2 88.3 90.2 97.9 106.4 114.1 118.4 119.2 120 121 121.1 121.1 119.9 119 118.2 117.3 116.4 115.4 115 114.8 114.3 114.3 112.3 109.7 112.7 111.1 110.4 110.2 109.9 109.1 108.1 106.5 105.1 105 103.8 102.6 101.3 100.4 99 97.3 95.9 95.9 95.3 93.9 92.9 91.3 89.8 89.7 89.2 90.5 90.1 89.3 88.4 87.1 85.8 84.8 84.2 83.8 83.4 82.8 82 81.2
