data/NO22.asc
ncols 200
nrows 200
xllcorner 320000
yllcorner 720000
cellsize 50
[rows 78 to 116 of 200, columns 0 to 87 of 200]
234.9 210.7 199.7 196.6 196.4 199.9 201.5 203.7 205.7 204 200 197.2 192.6 189.2 183.5 176.9 173.4 168.2 164.2 160 157.3 152.2 145.1 136.5 129.7 122 114.6 108 103 97 87.8 72.6 78.1 89.3 94 99.2 101 98.5 91.2 83.3 78.2 69.8 65.9 63.2 55.2 48.7 39.7 34.3 31.9 25.9 16 12.6 11.3 11.5 11.4 11.1 11 11 11 10.9 10.9 10.8 10.5 11.2 13.6 13.6 13.5 13.3 13.1 13 12.9 12.9 12.7 12.3 11.9 11.6 11.4 11.4 11.4 11.4 11.4 11.4 10.9 10.3 10.8 10.4 11.2 11.4
243.7 220 203.7 197.2 193.8 193.1 195.9 199.1 201.2 201 196.4 191.4 188.5 184.3 180.5 175.9 173.3 168.4 163.5 160.4 156.3 150.4 141.8 136.2 129.7 123.5 116.3 111.4 106.6 100.8 96.4 89.3 68.5 74.1 80.9 82.2 87.2 85.2 80.8 71.9 65.5 56.7 52.5 50.2 45.3 37.1 31 26.5 22.8 16 12.9 10.4 10.5 11.1 11 10.8 10.7 10.7 10.6 10.6 10.6 10.5 10.5 11.5 13.8 13.6 13.5 13.3 13.1 13 12.9 12.9 12.9 12.5 12.1 11.8 11.6 11.5 11.5 11.5 11.6 11.7 14 12.4 11.4 11.7 11.7 10.9
253.4 226.1 207 198 194.3 191.4 190.7 194.3 194.9 194.3 191.7 189.1 188.4 181.6 176.9 171.7 171.1 166.6 161 156.9 153.8 143.3 135.7 127.7 120.7 114.1 110.3 107.3 104 101.3 99 92 86.9 68 64.7 63 72.4 70.2 62.4 57.2 53.1 49.4 44.7 37.4 32.3 27.1 23.2 20.2 17.4 14.3 11.3 10.4 10.2 10.7 10.5 10.5 10.4 10.4 10.3 10.4 10.5 10.5 10.6 11 13.3 13.7 13.5 13.3 13.2 13 12.9 12.9 12.9 12.6 12.3 12 11.8 11.6 11.6 11.6 11.8 12 16.7 12.7 11.7 12.4 11.3 10.8
256.1 228.5 210.7 199.6 193.3 188 187.3 188.1 188.4 188.5 186.5 186.4 184.9 179.8 173.5 168.7 164.6 160.8 157.8 150.6 140.9 131.3 122.7 117.8 114.7 113.6 107 96.9 93.6 92 91.4 88.9 85.9 80.1 72.5 61.6 61 52.6 50.6 48.7 46.5 43.4 38.1 31.2 26.3 21.8 18.7 16 14.2 13 11.5 10.7 10.4 10.2 10.3 10.4 10.4 10.5 10.6 10.6 10.7 10.8 10.9 11 12.2 12.8 13.4 13.3 13.2 13 12.9 12.9 12.9 12.8 12.5 12.2 12 11.8 11.7 11.8 12 12.2 18.2 12.6 12.5 12.1 11.3 10.8
258.9 230.1 213.3 203 196 189.5 185.7 183.3 182.1 180.4 178.7 178.9 176 173.6 169.3 164.2 159.8 156.8 154.2 146.4 136 143.6 140.5 134.1 128.9 126.4 123.6 108.5 97 85.9 77.5 80.2 81.9 81 74.5 66.7 51.3 49 46.1 43 42.5 39.6 34 26.8 22 18.3 15.9 14.1 12.8 11.9 11.6 11.3 11 10.5 10.5 10.6 10.7 10.7 10.8 10.9 10.9 11 11.1 11.1 11.4 11.8 12.4 13 13.2 13 12.9 12.9 12.9 12.9 12.7 12.4 12.2 12 11.9 12.1 12.3 12.3 12.5 13.2 19.8 12.1 12.3 10.9
252.1 230.4 214.6 205.3 198.5 192.6 186.3 184.1 184.7 185.6 181.8 177.1 168.9 164.4 163.2 159.4 154.7 153.7 150.6 139.9 144.1 151.1 149.3 150.8 146 135.3 133.3 123 109.8 99.7 88.5 79 70.1 73.1 65 58.5 54.9 47.9 43.1 34.9 40.3 37.3 31.1 23.7 19.1 16.9 14.4 13.4 12.6 11.8 11.3 11.4 11.4 10.9 10.7 10.8 10.9 10.9 11 11 11.1 11.1 11.2 11.2 11.3 11.6 11.9 12.2 12.5 13 12.9 12.9 12.9 12.9 12.9 12.7 12.5 12.3 12.1 12.4 12.6 12.8 12.7 17.8 17.8 17.7 14.5 11.9
243 223.6 213.2 206.1 202.3 196.9 191.6 187.5 185.7 187.6 188 182.9 177.7 174.6 164.9 159.2 156.2 155.1 148.5 151.2 155.6 157.9 156.8 157.6 156.7 146.3 140.7 130.9 123.7 113.7 102 92.8 81.3 69 57.7 54 49.3 47.2 42.3 40.6 34.6 35.1 26.5 20.7 17.6 16.1 14.8 13.8 12.7 11.8 11.5 11.6 11.5 11.3 11.2 11 11.1 11.1 11.1 11.2 11.2 11.2 11.2 11.2 11.2 11.3 11.6 11.9 12.2 12.5 12.8 12.8 12.8 12.8 12.8 12.9 12.7 12.5 12.4 12.6 12.8 13.6 12.5 12.3 12.4 12.4 12.3 12.5
246.3 223.2 213.2 207.3 203.6 199.9 194.9 189.2 184.9 184.7 185.7 183 179.4 176.4 171.6 165.1 160.8 159.2 155.9 154.3 160.1 165.9 167.2 166.3 165.1 158.6 151.3 138.7 131.9 127.2 118 108.2 97.9 87.6 72.5 63 56.3 49.9 44.6 39.4 33.2 26.3 21.8 18.3 17.1 15.6 14.3 13.5 12.6 12 11.9 11.8 11.6 11.4 11.4 11.2 11.2 11.2 11.2 11.1 11.1 11.1 11.1 11.2 11.2 11.2 11.2 11.6 11.9 12.2 12.5 12.7 12.7 12.7 12.7 13 12.9 12.8 12.6 12.8 12.7 12.6 12.7 12.6 12.5 12.7 12.9 13.1
238 218.8 211.2 207.9 205.1 201.6 197.5 192 186.8 182.4 180.2 179.6 178.8 177 172.6 168.7 166.3 164.3 163.1 164.2 165.4 169.6 172.3 169 167.3 163.2 156.3 143.9 136.9 135.7 127.6 121.3 112.9 105 88.6 72.5 63.1 54.3 47.2 40.4 32.7 23.9 19 17.6 16.4 15.3 14 13.1 12.5 12 11.8 11.8 11.8 11.7 11.5 11.4 11.2 11.1 11.1 11.1 11.1 11.1 11.1 11.2 11.2 11.2 11.2 11.3 11.5 11.8 12.1 12.4 12.6 12.6 12.6 12.9 13 13 12.9 13 12.8 12.9 12.8 12.7 12.7 13 13.6 14.1
215.8 206.8 205.3 205.1 205 202.2 198.7 195.1 189.7 182.5 179.1 178 177.1 176 173.6 172.1 171.5 169.2 170.1 169.6 169.3 173.9 180 178.7 172.1 169.3 161 146.6 138.3 138.7 133.7 127.2 120.7 109.3 98.1 85.6 71.3 58.4 49.4 39.1 30.4 21.9 18.4 16.6 15.6 14.4 13.3 12.9 12.5 12.1 11.7 11.7 11.7 11.6 11.5 11.4 11.3 11.1 11.1 11.1 11.1 11.1 11.1 11.2 11.2 11.2 11.3 11.3 11.5 11.4 11.7 12 12.3 12.5 12.5 12.6 13 13.1 13.1 13.1 13.1 13.2 13.1 13 13.9 14.5 15.3 15.7
197 195.5 197.1 199.6 199.7 200.7 200.1 198 194.1 185.5 178.9 176 176.4 178.3 179.2 176.8 175.7 174.7 175.7 172.7 173.2 176.5 178.4 178.6 176.3 171.2 163.6 152 137.5 132.2 131.3 127.7 118.2 109.1 98.7 87.2 74.5 61.1 49 36.1 27.4 19.8 16.6 15.7 14.6 13.4 12.9 12.5 12.1 11.9 11.8 11.6 11.5 11.4 11.3 11.3 11.2 11.2 11.1 11 11 11.1 11.1 11.2 11.2 11.3 11.3 11.4 11.5 11.8 11.7 11.7 12 12.3 12.3 12.3 13 13.1 13.2 13.3 13.4 13.4 13.6 14.6 15.6 16.3 16.2 15.7
182 184.1 187 191.6 194.1 196.8 201 198.6 196.4 188.7 179.8 174.3 169.8 170.3 173.5 176.2 176.4 176.8 176.4 179.6 174.1 175.6 175.8 172.8 169.9 167.5 158.9 151 137.4 127.2 121.9 121.7 111.4 103 93.9 80.2 66.6 53.1 39.9 30.7 23.4 17.4 14.3 14.1 13.4 12.8 12.3 11.9 11.7 11.5 11.4 11.5 11.5 11.4 11.4 11.3 11.3 11.2 11.1 11.1 11 11.1 11.2 11.2 11.3 11.3 11.4 11.4 11.6 11.9 12.2 12 11.7 11.9 12.2 12.2 13.1 13.2 13.4 13.5 13.6 14.1 14.8 15.9 17 16.8 15.9 15
169.8 174.9 180.1 183.5 187.3 192.3 194 195.2 196 192.2 187 177.8 167.9 162.8 164.8 172.8 182.9 178 175 177.6 172 168.9 171.1 165.7 163.7 156.9 149.5 139.5 128.9 116.4 103.6 100.9 98 88.5 77.9 67.4 55.6 43.2 34.9 26.9 19.6 14.6 12.9 12.8 12.5 12 11.9 11.6 11.3 11.3 11.5 11.6 11.5 11.5 11.4 11.3 11.3 11.2 11.1 11.1 11 11.1 11.2 11.3 11.3 11.4 11.5 11.5 11.6 11.9 12.2 12.5 12.3 12.1 12 12.9 13.2 13.4 13.5 14.2 15.2 15.6 15.7 17.3 17.3 16.8 16.2 15.8
161.1 164 170.1 174.9 177.8 180 184.4 190.2 189.5 191 193.2 190.9 176.6 163.8 157.3 165.1 169.1 168.6 168.3 167.4 165.5 164.6 162.9 161.4 155 145.3 135.4 123.9 112.5 101.1 89.8 85.9 76.8 68.3 61.5 51.1 42.7 37.8 31.9 24.6 18.4 13.3 11.7 11.4 11.3 11.3 11.6 11.5 11.3 11.3 11.5 11.6 11.6 11.5 11.4 11.4 11.3 11.2 11.1 11.1 11 11.1 11.2 11.3 11.4 11.4 11.5 11.6 11.7 12 12.3 12.6 12.9 12.6 12.6 13.1 13.4 13.9 14.7 15.5 16.6 17.6 17.5 17.1 17.1 16.6 15.1 14.8
151.2 152.4 156.9 159.3 167.4 163 167.7 170.3 172.3 177.6 178.5 179.1 177.8 165.8 153.3 146.6 148.8 152.7 157.2 157.3 154.6 149.1 142.8 136.4 131.3 123.6 114.8 104.2 92.7 85.2 75.9 73.8 69.1 60 50.1 42.5 36.4 30.7 27 21.8 16.5 13.4 11.3 11 10.9 11.1 11.3 11.4 11.4 11.4 11.5 11.6 11.6 11.5 11.5 11.4 11.3 11.2 11.1 11.1 11.1 11.1 11.2 11.3 11.4 11.5 11.5 11.6 11.7 11.9 12.2 12.5 12.8 12.5 13 13.5 14.1 14.7 15.6 16.2 17 18.2 17.7 17 16.5 16 14.9 14.7
133.7 143 141.7 139.9 140.1 140.5 143.9 147.1 151 153.4 157.6 159.6 156.3 154.8 157.4 141.3 124.3 137.8 135.9 130.9 128.9 125.5 122.1 119.2 113.7 106 95.3 84.8 76.6 67.8 62.9 64.3 56.5 48.8 43.2 38.8 32 24.8 20.8 16.4 13.7 12.1 11.2 11.1 11 11 11.1 11.2 11.3 11.4 11.6 11.7 11.6 11.5 11.5 11.4 11.3 11.2 11.1 11 11.1 11.2 11.2 11.3 11.4 11.5 11.5 11.6 11.6 12 12.2 12.4 12.7 12.9 13.3 13.7 14.3 14.8 15.4 16.2 16.9 17.1 16.8 16.2 15.7 15.2 14.8 14.7
110.7 109.9 109.2 109.6 110.1 113.2 120.6 123 120.8 120.7 127.7 131.7 134.3 125.8 127.2 125.7 118.8 104.7 110.1 110.8 111.4 109.5 106.3 100.5 94.8 84 75.5 69.1 62.7 55.6 50.8 47.9 44.1 41.4 40.9 36.1 29.3 23.1 17.3 14.2 13.2 12.1 11.6 11.3 11.1 11.1 11.1 11.2 11.3 11.5 11.6 11.7 11.6 11.5 11.5 11.4 11.3 11.2 11.1 11 11.1 11.2 11.3 11.3 11.4 11.5 11.6 11.6 11.6 12 12.2 12.5 12.6 13 13.4 13.9 14.3 14.7 14.7 15 15.6 15.9 16.1 15.3 14.6 14.5 14.4 14.2
103.9 104.9 104.7 106.2 106.8 105.4 104 104.3 102.4 100.5 97.4 95 93.4 95.7 97.7 99.3 96.6 90.8 82.8 86 91.4 87.6 68.6 65.5 63.3 63.5 60.9 58.2 52.5 47.5 44.9 43.3 40.9 41 40.3 34.9 28.7 22.4 17.8 15.4 14.3 13.1 11.8 11.4 11.2 11.1 11.1 11.2 11.3 11.5 11.7 11.7 11.6 11.5 11.5 11.4 11.3 11.2 11.1 11 11.1 11.2 11.3 11.3 11.4 11.5 11.5 11.5 11.6 12 12.3 12.5 12.9 12.8 13.3 13.7 14.1 14 13.7 13.4 14 14.9 14.7 14 13.3 13.1 13.5 13.5
120.9 118 114 113.5 112.4 113.5 113.5 113.2 111.8 109 104.9 102.1 93.2 88.5 84.7 81.7 76.4 74.7 70.1 69.7 65.4 69.6 66.5 63.2 52.3 46.3 48.7 47.1 42.2 42 43.4 42.1 40.7 40.3 40.9 35.3 28.6 25 19.1 16.6 15.7 14.5 13.5 11.4 11.2 11.1 11.1 11.2 11.3 11.5 11.7 11.8 11.6 11.5 11.5 11.4 11.3 11.2 11.1 11.1 11.1 11.2 11.3 11.4 11.4 11.5 11.5 11.5 11.5 11.9 12.3 12.8 12.8 12.6 13.1 13.5 13.2 12.9 12.8 12.9 12.9 13.5 14.4 14 13.2 12.9 12.9 12.9
142.7 134.5 127.8 120.9 119.1 121.3 123 122.8 120.5 120.1 119.8 118.8 111.1 105.3 101.7 102.6 104.1 98.9 91.6 79.2 79.1 81.6 82.9 72.4 60.3 54.1 46.8 44.6 44.6 37.9 38.9 35.6 36.4 39.6 39.7 35.8 28.9 24.5 18.8 17.8 16.2 15.4 14.4 12.5 11.2 11.1 11.1 11.2 11.3 11.5 11.8 11.8 11.7 11.6 11.4 11.4 11.3 11.2 11.1 11.1 11.1 11.2 11.3 11.4 11.4 11.4 11.5 11.5 11.5 11.8 12.3 12.9 12.7 12.5 12.8 12.5 12.7 12.8 12.9 13 13.1 12.9 13 13.8 13.2 12.8 12.6 12.3
164 152.2 150.1 141.4 128.5 129.2 131 134.7 133.9 132.9 131.7 128.4 118.8 114.5 114.6 114.7 116.7 118.1 115 100.4 88.1 86.3 84.4 77.1 70.1 63.8 55 50.8 48.7 47.5 43.4 40.5 34.8 29.5 29.3 29.6 28.6 21.2 20.9 19.3 16.9 15.4 14.8 13.2 11.8 10.9 11.1 11.2 11.3 11.4 11.6 11.8 11.7 11.6 11.5 11.4 11.3 11.2 11.1 11.1 11.2 11.2 11.3 11.4 11.4 11.4 11.4 11.4 11.5 11.8 12.9 12.8 12.6 12.5 12.5 12.7 12.8 12.9 13 13.1 13.2 13 12.9 12.7 13.2 12.7 12.3 11.7
177.2 166.5 157.8 154.8 151.1 149.8 148.6 146.7 143.2 142.1 140.4 127.5 123 126.5 126.2 123.6 123.1 125.2 125.9 123.6 111.8 97.2 89.5 79.9 72.4 67.2 60.7 56.9 53.2 49.2 46.8 44.1 41.7 41.1 29.7 23.2 23.4 20.8 19.2 18.1 16.5 14.7 14.7 13.2 11.9 11 11.2 11.3 11.3 11.2 11.3 11.5 11.6 11.6 11.5 11.4 11.3 11.2 11.1 11.1 11.2 11.3 11.3 11.3 11.3 11.4 11.4 11.4 11.4 11.7 12.9 12.7 12.7 12.7 12.7 12.8 12.9 13 13.1 13.3 13.4 13.2 13 12.8 12.6 12.5 11.9 11.5
185.4 178.8 167.1 159.4 154.7 154.2 154.3 151.6 148.1 148 145.7 129.1 127.2 127.4 129.6 130.7 127.4 127.1 130.6 131.7 131.5 116.3 100.4 88.4 78.3 70.6 65.5 60.5 55.6 48.6 45.3 42.4 39.7 38.6 32 24.5 20.6 20.2 18.7 17.2 15.6 14.3 14.5 13.1 11.8 11.2 11.2 11.4 11.3 11.2 11.1 11.2 11.3 11.4 11.5 11.4 11.3 11.2 11.1 11.1 11.2 11.3 11.3 11.3 11.3 11.3 11.4 11.4 11.4 12.9 12.9 12.9 12.9 12.9 12.9 12.9 13 13.1 13.2 13.3 13.5 13.4 13.2 13 12.8 12.7 12.4 12.1
200.8 193.5 183.2 171.6 160.9 159.1 156.8 154.1 151.2 151 146.7 132.3 129.4 128.1 130.4 129.5 128.2 125.5 128.1 133.5 133.3 126.3 112.5 98.2 87.3 77 70.2 62.6 55.2 47.4 42.7 40.2 37.9 34.4 29.4 24 20.5 19.2 17.7 16.2 15 14.8 14.1 13.1 12 11.4 11.3 11.4 11.3 11.2 11.2 11.1 11.1 11.2 11.2 11.3 11.3 11.2 11.1 11.1 11.2 11.2 11.2 11.3 11.3 11.3 11.2 11.4 11.9 13 13 13.1 13.1 13.1 13.1 13.1 13.1 13.2 13.4 13.4 13.6 13.5 13.3 13.1 13.1 12.9 12.7 12.4
209 206.4 198.8 182.7 167.9 164.2 160.2 157.1 155.6 155 146.2 137.4 130.8 128.7 130.9 131.7 130.1 123.8 123.3 128.5 127.3 117.9 108.4 98.8 85.5 76.8 68.3 60.5 52.5 43.9 38.7 35.8 33.5 28.5 24.9 20.8 20.1 19.1 17 16.3 15.3 14.4 13.7 13 12.2 11.7 11.4 11.4 11.3 11.3 11.2 11.1 11.1 11.1 11.1 11.1 11.1 11.2 11.1 11.1 11.2 11.2 11.3 11.6 11.8 12.1 12.4 12.6 12.8 12.9 13 13.1 13.2 13.3 13.3 13.3 13.3 13.3 13.5 13.5 13.7 13.7 13.5 13.4 13.4 13.2 12.9 12.6
216 211.3 208.7 193.2 177.6 169.9 164.8 160.4 160.1 155.8 147.6 139.7 132.5 129.6 130 132.5 129.6 124.6 118.5 121.5 116.1 107.4 99.1 89.6 76.4 67.4 60.5 49.4 39.1 36 34.4 31.9 26.5 21.7 20.3 19 19.3 18 16.5 15.5 14.9 14.1 13.6 13 12.4 11.9 11.5 11.4 11.4 11.3 11.2 11.2 11.1 11.1 11.1 11.1 11.1 11.1 11.1 11.2 11.5 11.6 11.8 12 12.2 12.4 12.6 12.8 12.8 12.9 13 13 13.2 13.3 13.4 13.5 13.5 13.5 13.6 13.6 13.8 13.9 13.7 13.9 13.7 13.4 13 12.6
219.9 215.5 211.8 202.7 188.3 175.1 168.6 163.5 158.1 153.4 146 139.8 133.7 130 129.5 134.1 129.6 126.2 118.9 111.2 105.2 95.5 86.8 77.6 68.3 59.4 50.5 37.3 32.5 29.3 27.1 24 20.8 19.5 19 18.7 18.2 16.9 15.6 14.6 14.3 13.8 13.3 12.8 12.3 11.9 11.6 11.5 11.4 11.4 11.3 11.3 11.2 11.2 11.2 11.2 11.2 11.2 11.2 11.2 11.4 11.5 11.8 12 12.2 12.4 12.6 12.7 12.8 12.9 12.9 13 13.1 13.2 13.3 13.5 13.6 13.7 13.7 13.7 13.8 14 14.1 14.2 14.1 13.7 13.2 12.7
217.4 214 210 201.8 189.5 178 170.7 164.2 158.9 153 144.9 138.1 132.6 130 128.2 128.8 127.8 124 118.4 110.8 101.5 90.8 81.8 72.5 62.6 53.5 41.8 32.8 28.1 25.3 22.7 20.3 18.5 17.8 17.5 17.1 16.5 15.5 14.7 14.1 13.6 13.1 12.6 12.3 11.9 11.8 11.7 11.7 11.5 11.4 11.4 11.3 11.3 11.3 11.3 11.3 11.3 11.3 11.3 11.4 11.1 11.4 11.8 11.8 12.2 12.4 12.6 12.7 12.7 12.8 12.9 13 13.1 13.2 13.3 13.4 13.5 13.7 13.9 14.3 14.5 14.6 14.3 14.4 14.6 14.3 14 13.7
214.8 212.3 208.8 201.3 191.5 178.5 171 164.1 158.5 154.5 147.2 139.6 133.3 130.2 126.6 124.5 123.4 120.3 115.1 107.4 99.3 87.6 77.9 69.7 59.3 48.8 35.6 28.7 23.9 22.8 19.9 18.3 16.9 16.2 15.9 15.6 15.2 14.5 13.9 13.4 13.1 12.7 12.4 12.1 12 11.9 11.8 11.9 11.7 11.5 11.5 11.4 11.4 11.4 11.4 11.4 11.4 11.4 11.4 11.5 11.4 11.1 11.3 12 12 12 12.5 12.6 12.7 12.8 12.9 13 13 13.1 13.2 13.4 13.5 14.1 15.3 16.1 16.5 16.1 15.3 15.1 15.8 15.5 15.2 14.6
214 215.4 209 205 196.3 181.2 172.8 166.2 162.1 159.1 155.6 147.2 137.4 132 128.2 124.4 119.7 116 108.2 100.1 91.6 83.3 73.6 63.9 54.8 42.3 31.9 25.1 21.1 20.1 18.4 17.1 16 15.3 14.7 14.6 14.5 14 13.6 13.2 12.8 12.4 12.3 12.2 12.1 12.1 12 12 12 11.8 11.5 11.5 11.5 11.5 11.5 11.5 11.5 11.5 11.5 11.6 11.6 11.3 11.1 11.3 12 12.5 12.5 12.6 12.6 12.7 12.8 12.9 13 13.1 13.2 13.4 14.4 15.9 17.5 18.2 18.7 19.1 18.5 17.8 16.9 16.5 15.6 14.5
212.8 215.6 214.2 207.9 200.6 187.1 176.4 169.5 165.6 164.7 163.9 159.5 148.5 137.3 130.9 126.2 122.6 118 108.2 96.2 83 72.9 65.9 56.8 47.3 36.6 29.2 23.3 20.1 18.2 17 16.1 15.8 15.3 14.7 14.6 14.2 13.7 13.3 12.9 12.6 12.6 12.5 12.4 12.3 12.2 12.1 12.1 12.1 12.2 11.9 11.5 11.6 11.6 11.6 11.6 11.6 11.6 11.6 11.6 11.7 11.6 11.2 11 12.5 12.5 12.5 12.6 12.6 12.6 12.7 12.8 12.9 13 13.7 14.6 16 17.3 18.5 19.8 20.6 21.5 21 20.2 18.6 16.2 14.7 14.1
212.8 216.1 217 214 204.5 190.5 179.5 173.2 168.3 170.9 171.4 166.1 159.5 151.3 139.8 129.5 119.7 113.9 106.3 95.4 84.8 73.5 61.7 49.7 40.4 31.7 26.6 22.8 20.2 18.1 16.1 15.7 15.4 15.1 14.7 14.3 13.9 13.4 13 12.9 12.8 12.7 12.6 12.5 12.4 12.3 12.2 12.2 12.3 12.3 12.3 12 11.6 11.7 11.7 11.7 11.7 11.7 11.7 11.7 11.8 11.8 11.5 12.5 12.6 12.6 12.6 12.6 12.6 12.6 12.6 12.7 12.8 13.2 14.1 14.7 15.5 16.8 19.1 20.6 21.5 21.9 21.2 20.3 18.3 16 14.4 14
214.4 218.5 219.6 218.4 211.1 195.2 181.6 174.6 169.3 169.8 170.7 169 166.3 160.9 152.3 141.8 126.9 115.9 105.5 93.3 78.3 68 55.9 44.3 38.6 30.3 25.6 21 19.6 17.5 15.6 15.2 15 14.7 14.6 14.4 14 13.6 13.1 12.9 12.9 12.8 12.7 12.6 12.5 12.5 12.4 12.4 12.4 12.4 12.4 12.4 12.2 11.8 11.7 11.8 11.8 11.8 11.8 11.8 11.9 12 12.4 12.6 12.7 12.7 12.7 12.6 12.6 12.6 12.6 12.6 12.7 13.5 14 14.6 15.1 16.5 19 19.9 20.4 19.8 18.3 17 15.9 14.2 13.9 13.6
215.7 219.7 219 216.8 209 194.4 182.5 173.8 171.9 172.2 174.8 179.8 177 169.8 157.2 142.9 130.9 119.2 106.1 93.1 78.8 64.5 50.3 42.7 35.6 28.4 23.6 19.7 17.8 16.8 14.9 14.8 14.6 14.5 14.4 14.2 14.1 13.7 13.3 13 13 12.9 12.9 12.8 12.7 12.6 12.5 12.5 12.5 12.5 12.5 12.4 12.4 12.3 12 11.8 11.9 11.9 11.9 11.9 12 12.5 12.1 12.7 12.8 12.9 12.8 12.8 12.8 12.7 12.7 12.6 12.8 13.3 13.7 14.2 14.7 15.5 16.6 17.5 16.9 16.2 15.7 15.5 14.4 13.6 13.4 13.2
210.7 213 211.9 208.1 200 188.8 181.4 174.5 174.1 177.8 183.3 183.7 178.7 172.7 160.5 142.6 131.6 118.4 102.2 87.3 72.7 59.9 49.6 41.8 33.1 26.4 21.9 19.5 16.9 14.4 14.7 14.6 14.5 14.3 14.2 14.1 13.9 13.8 13.4 13 13 13 12.9 12.9 12.8 12.7 12.6 12.6 12.6 12.6 12.5 12.4 12.8 12.4 12.3 12.2 11.9 11.9 12 12 12.5 11.9 12 12.4 12.9 13 13 13 12.9 12.9 12.8 12.8 13 13.4 13.8 14.3 14.7 14.7 15.4 15.3 14.7 14.1 13.6 13.5 13 13.3 13.1 12.9
195 198.9 199.9 196 192.8 185.2 178.8 176.1 175.5 176.5 182.2 186 179.3 172.7 161 142.1 128.1 113 94.9 76.9 65.6 57.1 49 40.4 31.8 25.5 21.9 19.2 16.3 14.8 14.7 14.5 14.3 14.2 14 13.9 13.7 13.6 13.5 13.1 13 13 13 12.9 12.9 12.9 12.8 12.7 12.7 12.6 12.6 12.5 12.4 12.7 12.4 12.3 12.2 12.1 12 12.6 11.8 11.8 12 12.3 12.7 13.1 13.2 13.1 13.1 13 13 12.9 13.1 13.5 14 14.4 14.8 14.5 14.6 14.4 14.1 13.6 13.1 12.5 12.5 12.8 12.8 12.7
178.2 183.4 183 182.2 186.4 182.7 175 174.8 174 173.4 179.1 181 177 170.2 159.2 145.2 128.6 100.2 82.8 68.5 62 53.8 47.1 39.2 31.3 25.5 22.3 19.1 14.4 14.8 14.7 14.5 14.3 14.2 14 13.8 13.7 13.5 13.3 13.2 13.1 13 13 13 13 12.9 12.9 12.8 12.8 12.7 12.6 12.5 12.4 13.1 12.7 12.4 12.3 12.5 12.2 11.9 12 12 12.2 12.4 12.7 13 13.3 13.3 13.2 13.2 13.1 13 13.2 13.6 14.1 14.5 15 14.3 13.9 13.7 13.5 13.3 13 12.6 12.3 12.5 12.5 12.4
170.8 174.2 177.3 180.3 182.2 178.1 171.8 176.7 176.1 173.7 181 177.7 174.4 169.6 155.1 146.7 131.4 95.4 75.6 61.9 56.2 48.4 41.6 35.1 29 25.4 23.1 19 14.6 14.5 14.3 14.1 13.9 13.8 13.6 13.5 13.4 13.3 13.3 13.2 13.3 13.2 13.2 13.2 13.1 13.1 13 13 12.8 12.7 12.7 12.6 12.5 12.9 13.1 12.7 13.2 11.9 12.1 12.2 12.2 12.3 12.5 12.7 12.9 13.1 13.3 13.4 13.4 13.3 13.2 13.2 13.3 13.7 14.2 14.7 15 14.1 13.6 13.5 14 13.7 13.3 12.9 12.5 12.3 12.3 12.1
166.6 171.7 175.2 177 175.9 172 169.4 175.4 176.7 174.3 173 173.9 168 158.5 148.7 145.7 129.7 94.7 73.7 58.6 50.9 41.9 35.9 30.7 26.1 23.7 21.8 16.5 14.1 14 13.9 13.8 13.8 13.7 13.6 13.6 13.5 13.4 13.3 13.2 13.2 13.5 13.4 13.4 13.4 13.3 13.3 13.3 13.1 12.7 12.7 12.6 12.5 12.5 13.5 13.5 12.1 12.2 12.3 12.4 12.5 12.5 12.7 12.9 13.1 13.3 13.5 13.7 13.6 13.4 13.4 13.3 13.4 13.8 14.3 14.8 14.8 13.9 13.6 14.1 14.4 14.2 13.7 13.3 12.9 12.3 12.1 11.9
