data/NO23.asc
ncols 200
nrows 200
xllcorner 320000
yllcorner 730000
cellsize 50
[rows 105 to 139 of 200, columns 78 to 155 of 200]
321 330.8 345.6 345 328.9 285.8 254 235 223.9 211.6 201.5 198.2 201.3 203.8 206 208.7 212.5 216.7 222.4 227.3 230.8 224.8 219.4 215.3 219.5 234.3 243.8 250.3 258.6 268.2 277.3 284.9 289.4 294.2 294.2 289.4 280.9 276.2 269.1 263.7 257.8 256.9 253.4 249.1 242.5 236.7 233.6 232.5 232.1 232 230.3 227.9 227 226.9 226.7 230.9 230.8 230.9 234.6 231.8 229.3 229.6 227.4 225.4 225.7 223.5 222.6 226.2 231.8 230.4 221.1 218.3 234.6 240.4 250.5 251 248.8 246.9
331.5 340.4 344.8 340.7 319.1 277.7 253.2 235.9 225.9 214.9 206.8 206.3 207.2 209.2 211.5 215.8 219.6 223.5 228.7 230.5 230 224.2 219.6 214.4 203.8 218.1 234.5 244.7 252.6 268.3 277.7 291.4 291.5 285.2 279.1 270.9 266.3 260.7 254.7 248.7 243.3 239.3 239.8 239.4 235.9 232.6 228.2 225.9 223.9 223.2 222.6 222.4 223.3 224.2 223.3 222 224.9 227.2 229 229.3 231.4 229.8 228.1 224.8 222.6 221.2 219.9 219.8 229.5 230.5 227.3 217.8 220.5 230.6 239.1 242.2 240.6 239.9
335.5 342.6 342 331.1 301.5 271.3 252.6 238 226.9 218 217 214.1 214.4 216.8 218.2 222.3 226.3 230.6 233.1 235.4 235.7 229.8 216.8 208.7 201 203.1 217.6 231.3 238.1 247.8 255 265.1 265.6 268 264.9 256.8 251.7 245 238.2 233.5 228.6 225.8 225.2 224.3 224.5 225.1 222.7 221 219.2 218 216.6 218.5 218 219.5 221 220.2 220.1 221.7 224.8 225.6 226.9 228 226.1 223.7 220.5 219.6 219.3 222.2 227.9 227.3 225.6 225.6 216.1 214.5 225.7 228.8 233.2 237.1
344.3 342.1 336.7 318.2 281.1 261.6 248 236.8 227.2 226.7 223 220.4 222.2 227.4 227.9 229 232.1 236.7 240.7 242.8 242.9 230.3 217.9 209.9 202 196.9 200.9 208.6 219.3 228.8 234.8 242.3 242.1 245.4 242.6 238.9 235.8 228.4 224.4 221.8 219.1 216.1 215.2 215.9 213.3 216.4 216.8 215.3 215.5 214.3 214.9 215 214 214.4 216.2 218 218.9 218.4 220.1 221.1 221.8 221.4 220.1 219.6 219.1 218.4 217.5 217.5 222.6 223.4 222.8 223 218.4 213.5 219.4 225.2 234.6 240.1
344.8 339.4 326 298.1 271.8 254.6 244.4 236.5 233.5 234.9 230.2 231 233.2 236.3 235.3 234.2 236.7 241.1 245.7 244.8 242.1 230.9 222.9 213.2 205.2 196.2 194.1 198.6 206.3 205.2 217 218.6 221.1 223.2 221.2 219.9 216.5 214.4 212.1 210.8 208.2 208.2 207.7 207.2 207.4 208.6 210.1 209.5 207.6 208.7 211.4 212 211.2 209.5 211.1 212.5 212.6 214.9 216.7 216.3 216.9 216.6 216.4 217 216.7 216.6 215.7 215.6 215 217.3 219.6 219.6 218.9 214.2 215.2 219.9 229.7 240.8
345.6 331.9 311.6 280.3 263.8 250.6 240.1 234.4 235.8 240.3 237.1 239.4 241.9 242 241.2 240.2 241.1 245.2 245.9 245.9 238.7 231.4 223.2 215 206.5 198.4 194 191.3 193.2 197 199.8 202.3 204.4 206.8 206 203.9 202.8 201.9 201.8 202.1 202.3 203.9 204.5 202.9 203.1 204.3 205.3 205.1 203.7 203.3 206.4 206.5 205.2 204.5 206.6 209.3 209.4 210.8 213.4 213.1 212.6 212.5 212.6 213.9 214.5 215.4 216 215.5 215.5 216 215 214.9 215.9 213.8 213.3 215.1 218.6 231.5
347.8 320.8 294.9 272.3 257.8 246 239 234.3 235.6 239.3 242.7 245.7 245.6 247.4 246.8 247.7 247.4 246.5 245.8 243.2 234.3 227.7 222.1 215.4 208.4 200.7 193.3 190.2 189 191.9 193.6 194.9 196 195.3 195.5 195.7 195.3 195.8 196.7 199.1 204.5 204.9 203.9 203.8 199.8 200.3 201.2 201.6 199.5 199.9 200.3 200.2 201.7 204.7 207.5 207.7 207.2 208.4 210.1 210.4 209.8 209.2 209.8 210.5 211.1 211.6 212.3 212.1 215.4 215.8 216 215.1 214.4 214 213.5 213.4 213.6 220.3
345.6 314.1 286.9 267.7 253.6 243.7 237.8 234.5 234.7 239.5 244.4 248.8 250.5 251.6 251.6 253.5 253.8 250 247.7 243.1 232.6 222.4 216.2 211.9 207.4 201.5 194 190.3 189.4 188.7 189.8 188.4 189 189.1 188.8 189 189.8 192.5 196.1 202.9 206.9 208.6 207.5 205.6 199.6 199.3 199.2 198.5 198.2 198.2 198.7 199.1 202.3 205.5 208.5 206.8 204.8 206.6 205.8 207.1 207.2 205.9 206.1 205.3 205.7 206.3 207.3 208.7 211.2 214.2 215.6 215.9 215.8 218.4 214 213.7 213.3 214.2
338.3 311 282.5 265.5 252.8 242 238 234.8 236.2 243.1 247 251.1 253.7 255.8 255.7 257.5 255.7 249.9 246.9 238.7 230.3 221.6 214.4 210 205 200.2 194.4 193.7 197.7 197.6 190.6 185.1 184.7 185.3 185 186.8 192.6 197.4 201.3 207.7 209.6 209.3 208.2 204.4 201.4 199.1 198.6 197.1 197 197 199.6 199.8 204.4 209.7 208.9 208.6 206.9 204 201.3 202 204.1 201.3 201.8 200.7 200.5 200.9 202.7 204.9 206.7 208.5 211.9 214.1 219.9 220.8 217.7 215 214.4 214.1
340.7 308 276.8 263 254.3 244.1 238.4 236.5 238.7 244.6 254.7 255.5 259.1 259.3 258.5 259.9 258 248.7 241.9 233.8 226.6 219.8 212.7 208.5 202 197.4 195.3 196.5 200.8 203.4 198 190.2 184 183.7 186.6 194.6 201.6 203.4 207.5 211 210.2 209.4 205.8 203.1 200 198 197.6 196 200.4 201.8 201.1 201.9 203.1 205.6 205.8 206.3 204.9 201.6 200.3 199.4 198.6 198.4 199 195.4 193.6 196 198.3 200.9 202.7 204.5 207.6 211.5 215.6 219.2 220.7 217.9 216.9 217.5
333.9 297.8 274.3 262.3 252.3 247.6 242.9 239 241.2 246.3 257.6 262.2 265.3 263.3 259.8 258.9 254.8 246.8 238.3 229.4 222.7 218.2 213.1 207.7 200.3 198.8 199.2 200.6 200.8 202.6 201.2 194.5 185.3 182.9 186.8 198.2 206.1 210.8 210.7 210.9 210.5 209.2 205.1 202 199.5 197.1 195.6 195.5 197.7 200.4 204 203.6 201.8 201.3 202 201.6 201.2 200.2 200.1 198.1 196.1 194.7 191.8 189.8 188.4 189.4 190.9 194 197.2 200.5 203.7 206.7 212.2 216.5 218.1 219.1 220.8 221.2
296 275.6 267.6 260 254.9 250.9 248.7 244.6 245 248.5 257.1 263.8 268.3 265.6 260.7 254.6 249.3 242 232.8 226.5 220.5 216.6 212 205.1 200.9 199.1 200.5 200.6 200.4 199 198.1 194.6 185.5 182.1 191.4 200.3 207 211.1 211.1 208.9 206.7 204.2 201.9 200.1 198.3 196.1 195 194.3 195.6 196.6 198.2 197.9 198.8 197.6 196.1 195.6 195.9 196.6 196.6 196.3 195.1 190.3 186.4 185.1 185.4 189.3 196.2 200.3 202 202.3 200.1 202.8 209.4 214 216 214.8 216.2 221.5
268.6 257.2 252.6 250.6 252.2 254 253.8 246.9 247.4 249.6 255.4 262 265.2 262.1 256.6 250.8 243.2 234.8 226.9 222.4 219.6 214.6 208.9 203.2 198.9 198.6 200.2 199.5 197.8 196.6 195.2 190.7 184.6 180 191.9 199.1 206.4 206.5 206.7 203.5 201.1 199.4 199.6 201.5 200 197.4 198.1 195.9 194.9 195 195.2 193.6 194.3 193.4 191.2 191 190.3 192.1 192 192.2 189.5 185.9 182.5 181.5 192 201.8 207.7 210.4 209.8 209.1 209.8 204.5 204.4 211 211 210.8 210.4 210.6
249.6 246.7 247.4 248.2 249.4 254.1 253.1 247 246.3 249.6 253.5 256.2 259.5 260.9 261 257.3 243.5 229.1 222.7 220 217.5 214 206.9 202.4 197.8 195.1 196.6 194.3 195.3 193.4 189.2 188.6 185.6 178.5 178.2 183 189.5 194.6 197.7 196.3 197 200.5 203.3 205.2 202.1 198.8 200 198 196.2 194.9 192 190.3 190.2 189.5 186.9 187.4 185.9 188.2 186.9 186.4 182.8 180.4 179.7 185 201.3 209.8 215.1 217.6 217.3 216.5 217 214 210.4 205.3 205.3 206.8 206.4 205.9
234.2 235.9 242.4 242.2 241.4 241.4 239 237.8 239.3 241.5 246.5 251.7 258.7 263.7 265.8 260.6 248.1 232.9 224 218.4 214.9 209.1 205.9 200 197.6 194.7 192.7 192.3 192.2 188.7 185.6 186 184.3 177.8 168.1 171.2 174.6 182 188.6 192.3 195.8 199.3 204.3 204.5 201.9 200.3 200.6 197.5 196.4 194.8 192.8 190.2 187.2 186.3 183.9 184.4 184.2 183.8 183 182.4 178.2 176.7 177.8 188.8 202.8 210.6 215.5 218.7 222.8 223.7 222.4 220.4 219.5 214.7 208.1 205.3 205.3 206.8
223.4 226.6 227.4 227.3 230.7 229.4 228.2 227.7 232 241 250.1 256.6 264 267.6 270.9 268.5 252.5 239.8 228.8 221.9 213.9 208 201.8 198.6 196.9 195.3 191 188.3 187.3 185.9 185.3 182.8 179.9 175 167 167 171.6 173.6 180.2 185.5 189.1 194.7 199.1 202.2 198.9 199.6 198.3 196.2 194.5 192 189.5 187.7 185.8 184.4 182.8 185.1 185.7 180.9 179.4 177.3 174.3 174.3 180.1 195.8 205.1 210.5 215.4 219.2 223.3 225.8 226.6 226.6 222.6 217.9 215.1 213.5 211.7 211.5
212.2 212.5 214.3 213.7 216.5 216.2 220.5 229.5 237.7 246.9 253.6 259.9 265.2 266.4 268.2 262.6 251.6 240.7 229.5 223.1 214.9 206.6 201.8 198.6 196.4 191.7 190.2 183.5 181.3 179.4 178.4 178.8 177.3 172.2 166.2 159.3 163.6 167.9 171.8 176.4 180.8 187.5 191.5 195.2 195.2 195.7 194.4 192.8 190 188.4 187.1 186.7 185.1 185.1 183.2 186.3 184.3 180 178 175.4 173.7 173.6 181.8 198.1 205.3 210.9 215.3 218.9 222.4 226.4 229.5 230.6 227.4 221.3 218.7 217.3 215.8 215.5
201.2 203.1 205.1 206.6 205.2 212.3 219.5 229.9 236.7 241 242.7 246 247.3 248.4 247.2 241.2 239.3 235.7 225.7 217.9 211.2 205.4 201.8 198.4 194.7 190.6 187.8 182.1 177.5 174.6 172.8 172.6 171 168.3 165 154.1 156 160.4 165.7 170.1 176.9 182.2 185.7 188.1 189 190.8 191.5 190.1 187.2 185.4 183.6 185.2 184.5 184 184 184.3 182.9 180.9 177.8 174.8 173.4 174.7 184 201.3 206.7 210.6 213.3 217.2 219.6 225 231 230.3 225.6 222.8 221.2 220.5 219.6 219.8
193 195 197.2 196.5 197.1 201.7 205.6 210.7 213.3 217.2 219.3 222.2 225.6 225.2 225 221.3 219.6 218.2 214.8 208.8 205.4 199.8 198.9 194.7 191.2 188 184.1 179.3 175.6 173 170.4 166.3 165.5 163.6 160.5 155.9 149.6 153.4 158.3 167.8 175 178.5 180.9 183.2 183.9 185.6 190.6 190.6 185.4 182.4 180.6 181.5 178.9 179.9 181.2 179.7 180 178.1 175.6 173.3 173.4 173.6 182.9 199.8 205.5 208.7 211.8 214.8 214.6 216.7 219.6 220.4 221.7 221.5 220.3 221.3 221.3 221.1
189.5 189.5 191.7 190.4 189.8 190.1 190.7 191.3 193.6 197.2 198.9 202.7 205.4 207.7 207.4 207 205.3 201.7 199.7 198.1 193.3 188.7 187.5 186.8 184.5 183.2 179.2 175.6 174.4 172 168.8 164.6 160.8 158.7 156.7 155.6 149.8 146.3 151.1 163.2 169.2 174 178.5 180.5 183.5 185 187.1 187.6 185.5 181.3 178.1 175.9 173.5 174.5 174.3 175.2 176.9 175.3 174.1 180.5 174.9 174 174.1 185.9 196.3 202 204.7 205.6 206.1 208.3 208.8 208.2 210.6 212.3 212 215.7 220.8 221
187.8 187.8 188.7 187 185.5 184.2 184.2 183.8 184 183.6 184.4 183.6 183.3 184.2 184.9 185.4 184.3 181.8 179 184.4 183.6 177.6 177.4 177.1 177.3 178.9 174.4 173.4 171.6 170.2 167.4 165.1 161.7 157.9 155.6 153.7 149.9 146.3 147.7 153.1 161.7 168.7 173.9 178.2 180.6 180.6 181.1 180.2 180.9 180.5 178 175.2 171.8 170.9 167.1 167.9 169.5 170.7 178.2 187.8 179.8 175 174.3 174.7 180.8 189.4 195.9 198.6 199.9 201.1 202.2 202.3 203.1 204.1 204.6 212 218.4 218.9
186.9 186.9 185.8 184.1 182.6 180.7 180 178.9 178.8 176.8 177.2 177.5 176.4 173.9 172.3 172.2 171.6 171.5 170.8 172.5 171.3 169.9 169.9 170.2 171.1 170.5 170 170.8 170.4 169.5 167.1 165.3 163.8 159.1 156.3 153.3 150.5 147.3 144.7 144.4 153.5 164.2 170.2 174.6 175.1 174.1 175.2 176.2 174.6 173.6 174.2 172 170.7 168.9 165.1 162.3 164.4 169.1 179.6 181.4 179.2 179.5 176.9 176.4 178.4 181.5 181.4 187.6 191.2 191.6 194.1 196 199.9 200.8 205.8 214.3 219.4 218.4
186.2 185 183.5 182.5 181.5 181.1 179.5 178.9 177.8 176.3 174.6 173.9 173.9 171.8 170.7 169.4 168.6 168.1 168.2 168.2 168.2 168 167.5 167.7 167.1 168.1 168.5 169.7 169.8 169.1 168 166.7 165.4 162.4 158.9 156.4 153.2 149.9 146.4 144.7 147.8 159.1 163.6 167 168.7 168.1 170.5 172.4 170.7 168.6 167.4 168 167.2 167.1 165.6 160.1 159.4 169.7 179.7 176.6 175.6 177.4 181 177.3 177.9 178.8 179 184.6 187.9 191.7 196.2 201.3 203.4 204 211.4 217.1 221.3 219.5
187.5 186.6 185.7 184.9 184 183 181.7 181.1 180.2 178.8 177.7 176.4 173.7 172.1 171.5 170.2 169.1 168.7 168.3 168.2 168.1 167.9 168 167.3 167.6 167.4 167.6 168.5 167.1 168.3 168.4 168.7 167 165.7 162.6 159.6 156.3 152.9 149.2 145.4 147 152.3 158.9 161.6 162 163.4 165.8 165.1 165.1 164.4 163 162.5 160.8 162.1 163.7 157.8 158.9 172.7 174.9 171.8 172.6 174.9 175.1 175 176.2 177.1 181.7 190.7 195.1 198.8 202.4 205.2 207.5 209.6 215.9 218 220.5 227.1
190.5 189.6 188.5 187.5 186 185.4 185.4 185.2 185.3 184.2 181.7 181 176.9 174.2 173.4 172.5 171.7 171.7 171.7 171.6 170 169.4 169.1 169.2 169.9 169.9 169.4 170.5 170.3 166.7 166.6 168.6 169.8 169.7 166.5 162.9 159.7 156.5 153.4 150 148.2 152.2 154.1 156.9 157.2 157.3 158.5 159.4 159 158.6 157 155.1 155.3 156.3 157.8 153 159.1 165.4 165.5 168.2 170.9 170.8 170.9 171.5 173.1 172.1 182.2 195.7 194.7 199.7 205.8 207.9 210.5 213.3 215.7 219.4 223.4 228.1
193.2 192.5 191.8 190.9 189 189.2 188.7 189.4 188.8 187.3 185 183.7 178.7 178.7 177.1 176.4 176 175.6 175.4 175.2 175 174.2 172.9 172.8 177.1 175.4 172.9 172.4 172.5 171.5 167 162.2 163.2 164.7 166.5 164.1 161.3 158.2 156 152.8 148.8 148.5 150 151.3 152 152.7 152.7 152.7 152.4 152.2 152.1 150.5 151.4 152.6 154 147 157 156.2 159.3 164 167.9 166 167 167.9 167 169 179.4 192.3 195.9 201 205.5 208.2 210.9 214.7 216.2 217.4 220.3 221.7
198 196.4 195.5 193.9 192.6 193.2 192.3 193.2 192.9 193.8 191.3 185.6 186.5 185.8 183.7 181 180.6 179.7 179.8 178.7 179.7 179.6 179 181.2 185.5 179.8 176.7 175.3 176 175.1 172.3 168.5 164.6 159.8 159 159.6 158.7 156.3 155 152 148 145.8 146.3 146.2 146 147.9 148.4 148.8 149.3 149 148.1 147.1 146.4 147.9 148.8 144.8 152.8 151.3 152.3 156.7 160.1 159.1 158.8 159.3 158.8 166 177.7 184.1 191.8 198 203.9 206.8 209.2 213 215.8 216.2 217.2 216.8
203.8 203.5 199.6 197.8 197.3 198.2 197.3 198 196.5 195.7 191.5 196.3 195.7 193 189.2 185.6 184.9 184.4 183.8 183.4 185.2 185.2 185 186.1 187.1 183.4 181.5 180.4 179.5 178.6 176.4 172.9 169.2 165.2 161.2 157.2 153.6 154.1 152.2 150.6 147.5 145.6 144.9 143.5 143.5 144.5 144.9 145.8 145.2 144.1 142.9 141.8 142.1 143.5 144.7 142.1 145.4 146.9 148.2 149.7 152.3 150.6 147.5 148.5 151.2 162.1 172.9 178.7 187.2 193.9 199.6 203.3 206.7 210.3 213 214.2 214.7 214.8
205.4 205.4 204.1 202.3 201.4 201 199.2 198.2 195.5 193.6 197.5 199.3 200.4 197.2 192.8 190.9 189.8 190.2 191 193.5 190.9 189.4 190 190.2 189.7 189.2 188.1 186.4 184.8 182.8 180.6 177.1 173.6 169.7 165.6 161.6 157.5 150.5 145.9 147.2 146.5 144 142.1 141.4 141.2 140.5 139.8 142.1 140.1 137.3 135.6 136.5 139.3 141.9 141.8 139.5 140.6 142.5 143.3 144.7 145.7 144.2 141.7 143.6 155.1 164.3 172.6 179.3 186.1 191.8 195.5 198.9 203.2 206.2 209.1 210.9 213.2 213.5
207.1 207 205.8 204 204.4 203 200.8 199.6 200 201.7 200.2 201 203.1 199.9 197.8 195.9 196.6 196.6 197.3 200.1 196 194.4 195.4 195.7 195.8 195.1 194.6 191.3 189.5 187.1 184.8 181.3 177.8 172.4 169.2 165.7 161.6 155.8 149.1 145.1 142.5 141.1 139.6 138.2 139.1 138.2 137.9 140.6 140.1 135 133.7 133.8 134.3 136.7 138.4 136.9 136.9 138.2 139.6 140.2 140.7 140.7 138.8 146.8 161 172.2 177.7 180.8 183.3 190.3 195 196 197.8 200.7 203.2 203.5 205.6 209.5
208.7 208.5 207.5 207 206.8 205.4 205.1 205 203.4 205.1 205 207.4 208.9 208.4 208.3 206.6 205 202.7 203.1 202.4 199.9 201 201.9 202.4 202 201.3 200.6 199.8 197.2 193.8 191 187.2 181.3 176 173.6 169.8 165.9 161.6 155.2 150.3 147.3 142.5 139.4 135.2 131.8 131.8 134.4 134.9 134.2 132.1 131.2 133.1 133.2 131.8 132.5 132.2 133.4 135 135.8 136.7 136.7 136.6 137.2 149.4 162.1 172.5 179.6 180.2 181.9 186.1 190.4 191.7 193.9 195.6 196.1 196.8 200.2 205.7
210.3 210 209.6 209.1 208.7 208.1 207 204.4 205.6 205.8 206 208.2 210 211.6 212.8 213.8 212.1 210 209.7 208.1 206.4 207.2 208.4 209 208.2 207.5 206.7 205.8 203.7 200.9 197.1 192.9 189.5 183.4 179.3 174.9 170.6 166.4 161.3 156.7 152.1 148 144.1 140.8 137.2 133.3 129.1 129.3 130.1 128.2 126.7 125.3 126.3 128.5 128.6 129 130.3 131.2 132.1 132.9 133.6 133.6 135.2 147.1 157.2 168 174.7 178.7 181.2 181.5 182.1 182.6 187.5 191 190.9 191.9 196.9 200
212.4 212.2 211.3 210.8 210.3 209.5 208 207.6 207 207.4 208 209.2 209.8 211.1 213.2 214.8 216.6 216.4 216.1 214.7 213.8 213.9 214.8 215.6 214.5 213.4 212.5 212.4 210.4 208 203.6 198.3 196.7 195.1 187 182.2 176.9 172.4 167.9 163.3 157.9 153 148.2 144.7 141.8 137.4 131.6 129.1 126.1 124.5 124.9 123.7 123.7 125.5 126 126 126.6 127.5 128.4 129.2 130.1 130.2 135.7 142.9 154 161.8 167.9 172.9 176.1 177.8 177.9 178.7 180.9 182.9 184.2 186.1 191.2 193.6
214.4 214.4 213.3 212.5 212.2 210.8 209.9 209.6 209.1 208.8 210 209.7 209.9 211.2 213.2 214.8 215.9 218.8 220 219.8 220.2 220.1 220.8 221.7 221.5 220.2 218 218 217.8 215.5 210.7 205.9 200.3 197.3 194.7 188.8 183.8 179.2 174.7 169.6 163.9 158.7 153.5 149 145 140.8 135.6 132.1 128.8 124.4 122.3 122.1 122.5 123.7 124.1 124.2 123.9 124.8 125.6 126.5 127.5 127.8 132.5 140.2 148.4 154.8 160.6 166.3 169.9 171.6 172.7 174.5 175.7 179 179.9 180.7 185.5 190.5
216.4 216.5 215.3 214.3 214.3 212.7 211.4 211 210.4 209.8 209.3 209 209.7 210.6 212.3 214 214.6 215.1 216.1 218.1 220.6 221 221.4 224 225.2 225.3 222.8 223.5 224.1 220.6 217.7 212.9 205.9 203.3 200.9 197.9 190.9 186 180.9 175.2 170.2 164.9 160.6 156.5 149.9 143.4 140.2 136.8 132.3 127 123.2 121.7 121.4 122.1 123 122.6 122.2 122 122.9 123.9 124.9 125.1 127.5 134.9 142 148.5 155.7 161.3 163.4 164.8 168.1 174.6 175.3 177.4 177.8 178.7 181.8 186
