data/NO30.asc
ncols 200
nrows 200
xllcorner 330000
yllcorner 700000
cellsize 50
[rows 144 to 179 of 200, columns 80 to 159 of 200]
88.8 88.9 88.4 88 87.9 86.8 83.9 83.6 70.4 69.2 72.7 76.4 77.4 78.7 80.3 81.3 81.5 80.5 81.3 81.5 81.8 83.3 81.7 79.3 77.8 78.2 79.3 80.7 78.9 75.6 70.1 69.5 70 68.8 66.8 65.9 76.8 78.5 80 76.4 73.1 72.6 71.6 67.7 59 61.2 67.4 68.4 69 68.6 65.8 57.5 53 52.1 51.1 51.8 51.9 52 52.1 49.6 51.8 48.9 52 55.4 58.6 61.4 62.2 60.7 56.6 51 46.5 44.4 46.1 47.5 46.7 46 47.5 46.9 46.8 45.2
90.1 90.5 90.7 91.7 92.5 92.4 91.1 88.5 84.7 79.8 68.2 62.1 65.9 70.5 71.7 68.8 78.6 78.7 79.8 80.5 80.6 80.5 79.2 77.1 76.6 76.6 76.7 76.6 69.8 68.7 71.1 69.6 67.2 67.3 71.3 80.4 81.6 81.5 80.5 77.6 75.8 72.8 70.8 69.4 65.4 63.4 67.2 68.3 68.4 67.8 65.4 62.2 58 55.1 53.5 53.9 54.6 55.4 55.7 58.1 60.4 55.7 51.4 46.9 50.6 53.7 54.1 53.1 49.9 46.3 45.6 51.9 57.2 56.7 56 55.8 55.4 55.1 52.5 50.4
92.8 94.1 96.4 98.1 97.9 98.7 99.6 96 93.2 92.6 89.8 84.1 79.8 72.7 66.7 58.6 63.8 67.9 78 78.3 78.1 77.3 76.9 76.3 76.1 76.4 77 75.8 74.1 73.5 74.5 74.6 74.8 76.9 79.2 79 77.6 79 77.9 77.5 76.6 74.1 70.6 69.2 66.8 66 67 67.6 67.5 65.6 62.9 61.7 59.3 57.4 56.1 56 58.3 59.5 59.3 59.9 61 59.9 55.7 52.2 49.4 46.5 46.5 46.8 48.5 48 44.3 54.5 57.8 57.8 57.5 55.6 54.6 53.9 50.8 50.4
97.8 100 98.7 99.7 100 100.2 99.9 96.9 93.6 92.5 91.2 87.7 83.2 80.8 79.7 75.8 58.8 59.3 72.1 76.9 76.4 75.5 76.2 75.9 75.6 75.9 76.5 78.2 79.4 78.6 78.2 77.4 77.3 77.1 77 76.4 76.8 78.3 78.7 77.5 73.6 70.9 68.5 67.5 67.1 65.9 65.9 66.3 64.8 61.2 59 57.6 56.7 55.7 54.9 54.8 57.3 58.5 58.8 58.5 58.2 58.9 56.2 52.9 52.2 50.7 51.9 52.5 51.7 48.3 44.2 52.7 55 54.8 53.6 52.5 52.3 51 49.4 50.3
97.5 99.4 98.4 100.2 96.2 96.1 94.9 92.9 92.1 91.6 90.6 88.6 85.7 84.1 82.3 79.8 76.7 53 73.7 75.5 74.7 74.1 75.5 75.5 74.7 74.7 75.9 78.1 78.2 78.6 78.3 77 76.6 77 77.8 77.9 77.9 75.7 75.3 73.5 70.8 69.2 68.3 67.8 67.1 65.8 64.6 63.3 61 58 55 53.5 51.9 51.6 52.9 54.4 56.5 57.7 57.6 56.5 55.6 55.7 53.9 50 51.5 51.7 51.2 51.3 50 46.4 44.7 47.9 51.2 51.1 51.8 52 51.4 51.2 50.7 50.6
93.1 93.5 93.7 94.1 92.1 90.9 89.8 89.3 89 89.2 89.7 88.7 86.7 84.5 82.4 79.5 77.6 69.5 59.8 73.8 72.8 73.6 75.2 75.8 74.9 75 77.4 77.8 78.1 78.2 78.4 78.5 77.8 78.1 78.4 77.3 75.7 73.9 73.1 73.1 74.6 73.5 70.9 68.7 66.8 65.5 64 62 57.7 54.3 50.4 49.6 49 48 49.5 53.4 54.9 56.3 56.9 55.7 53.4 49.1 46.9 47 47.7 48.4 48.7 48.2 46.7 44.8 44.5 45.5 48.3 50.2 51.1 51.6 51.7 51.4 51.2 50.5
89.3 89.5 89.9 89.2 88.4 87.2 86.3 86.8 87.7 88.6 89.2 86.4 84.2 81.5 79 77.9 78 77.6 54.1 64.2 72.1 72.5 74.4 76 76.3 77.7 79.3 79.9 80.3 80.2 80.4 81.9 82.1 80.2 77.1 75.1 72.4 72.4 76.6 80.5 81.5 78.8 74.2 69.9 67.2 64.7 61 56 53.1 54.1 51.8 50 49.2 48.6 47 49 52.5 54.6 55.7 52.4 48.9 47.8 48.1 48.6 47.9 46.7 46 45.2 44.7 44.2 43.9 43.4 45.5 48.4 50.3 51.5 51.2 51 51 47.7
87.8 88 87.6 87.3 86.1 84.8 84.2 85.2 86.1 87 85.4 82.5 79.6 78.7 77.7 78.1 77.6 68.1 56.5 67.3 72.8 71.4 73.1 74.8 76.8 78.1 80.3 82.2 83.2 81.1 80.9 81.8 82 79.5 75.9 75.3 74.6 74.3 76.8 80.7 80.3 76.8 72.4 68.5 65.2 61.6 56 52.7 54.4 54 52.7 51.6 50.6 49.7 48.1 45.5 47.3 50.3 52.2 50.1 48.3 49.7 50.1 50 48.3 46.7 46.6 46.2 46.1 46.2 46.2 44.9 44.2 48 50.5 51 50.6 50.1 49.3 44.8
86.4 86.1 85.7 85 84.2 83.4 82.8 83.1 84.1 83.2 81.3 78.6 77.4 76.7 76.7 77 69.6 57.7 57.1 77.4 75.6 70.8 71.4 73.8 74.9 75.8 77.7 78.5 78.4 77.2 78.1 79.2 79.5 78.3 77.8 77.7 76.9 76.8 73.7 71.7 71.4 67.7 65.8 63.6 61 57.5 52.2 54.6 57 56.2 54.9 53.9 51.4 50.2 48.8 47 44.8 46.3 48.5 49.6 48.8 50.4 51.4 49.6 47.7 46.8 46.9 47.6 47.8 47.9 47.8 46.8 44.7 46.9 49.3 48.8 47.8 47.4 46.7 36
84.4 84.1 83.9 83.2 82.3 81 80.1 80 79.4 78.6 77.4 76.1 75 73.8 74 74.3 63.8 48.8 75.7 77.5 76.7 70.2 68.8 70.8 72.4 74 74.7 74.8 74.8 74.6 74.4 75.5 75.7 75.6 77 78.8 78.1 76.6 72.1 69.4 68 64.9 64.9 64 62.3 55.2 52 57.9 58.1 56.2 54.9 53.3 51.6 50 48.7 46.1 44.2 43.3 45.2 46.4 48.3 48.7 49.4 48.9 47 46.4 47.1 48 48.1 48.3 47.5 45.3 42.8 44.9 45.7 45.4 44.8 43.4 42.1 31.2
83 82.5 81.5 79.8 78.7 77.9 77 76.6 75.8 75 74.1 73.1 72.1 71 70.1 71.7 56.2 55.1 71.2 72.4 72.5 68.2 66.7 67.6 69.7 71.4 72.4 72.5 72.5 71.9 71.6 71.1 71.3 70.8 71.4 71.2 72.6 73 72 73.6 71.7 68.2 67.1 65.4 59 51.1 55.9 60.4 58.5 56.5 54.5 52 51.9 49.1 46 44.8 44.1 43 41.7 43.1 45.4 45.3 44.9 45.8 45.6 44.6 45.2 45.6 45.7 45.1 44.7 43.1 40.4 41.9 42.1 41.5 39.7 38.5 37.6 32.3
81.9 79.8 77 76.2 75.9 75 74.1 73.8 73.6 73.3 72.5 70.4 69.4 68.2 66.4 70 48.6 49.6 64.5 66.7 66.2 65 63.1 65.2 67.3 68.8 69.8 70.2 70.2 69.5 68.9 68.1 67.4 66.4 65.9 66 67 69 71 73.9 71.1 68.1 65.1 61.4 54.1 53.8 59.2 60 58.5 55.8 52.5 49.8 47.8 46.3 45.5 45.1 45 45.2 43.4 41.7 42.1 40 39.2 39.1 39.8 39.8 40.9 41.4 41.8 42.1 42.1 40.7 37.9 38.4 38 37.3 35.9 35.1 34.3 32.6
79.3 76.2 74.4 73.4 73.2 72.8 72.5 72.1 72.2 72.1 71.4 69.4 67.3 64.5 60.6 53.1 45.5 50.3 64.1 63.8 63.3 62 61.2 62.3 64.8 66.2 67.2 67.7 67.7 67.3 67.4 66.5 66 65.2 65 65.7 65.6 66.1 67.5 67.8 67.5 65.3 61.6 55.9 50.8 56.6 58.4 57.9 57 54.6 50.8 47.9 46.1 44.8 44.4 43.7 42.7 41.6 40 38.4 38.7 38.9 37.2 36.6 38.2 36.6 36.4 36.3 37.4 38.9 38.3 37.7 36.4 36.2 34.5 33.4 32.6 31.8 31 31.9
76.2 74 71.7 71.3 71.6 71.3 70.8 70.3 70.4 70.5 70.4 68.5 61.6 53.3 44 43.9 52.6 66.7 65.6 64.4 62 60.6 59.7 60 59.9 61.9 63.5 64.2 65.4 65.6 65.7 65.7 65 64.2 63.2 63.5 65.3 64.8 63.6 62.9 62 59.6 55.5 51.2 50.7 56.4 56.5 54.5 53.8 50.6 48.4 46.5 45.2 43.3 43.2 43.1 41.3 39.3 37.7 37.2 37.6 40.2 40.5 40.6 39.9 38.9 36.6 34.7 34.8 35.5 35.9 36.6 35.8 35.1 33.7 32.4 31.7 30.6 29.2 27.2
73 70.6 69 68 69.6 69.4 68.8 68.5 68.1 69.5 70 66 48.8 44 57.2 65.3 69.6 68.9 67.5 65.2 63 60.6 59.5 58.7 57.6 57.2 58.2 59.1 61 62.7 62.9 63.1 63.3 63.2 61 59 62.3 61.4 59.9 58.8 56.6 53.6 50.3 47 47.7 50.5 51.2 51 49.7 47.5 46.4 46.2 43.9 42.8 42.8 42 41.2 39.1 37.7 37 38 39.9 40.7 40.7 40 39.9 37.3 35.2 34.7 34.7 35 35.5 35.2 34.5 33.3 32.2 31.7 30.6 28.8 27.7
69.3 66.4 65 66.4 67.3 66.3 66.1 65.3 65.2 66 64.3 61 42.2 63.4 65.1 65.6 64.8 64.9 63.7 62.1 61.2 59 57.7 57.1 56.6 55.8 55.7 55.3 56.8 58.8 59.2 59.4 59.7 59.4 58.2 56.3 57.4 57.6 56.8 55.6 53.4 50.7 46.1 42.7 43.7 42.5 41.7 41.9 43 43.5 42.8 43.2 41.1 41.8 41.6 40.6 40.1 39 37.7 37.2 36.8 38.1 39.3 37.7 36.8 36.4 35.8 35 34.7 34.4 34.7 34.8 34.5 33.8 33.1 32.2 31.8 30.3 28.9 28.3
62.8 59.5 61 64.2 61.8 59.6 58.8 58.7 59.4 59.5 57.6 56.1 41.5 56 64.7 64.3 61.9 60 58.8 58.1 57.4 56.5 56.2 55.6 54.3 54.8 54.3 53.5 54.5 54.6 55 55.5 55.7 55.2 54.4 53.1 53.8 54.9 53.8 52.2 49.3 47.7 43.3 45.4 48.8 44.6 43.4 43.4 42.7 40 40.3 39.4 38.9 39.5 39.9 39.4 38.8 38.3 37.9 37.4 37 36.8 36.6 36.2 35.3 35.8 34.9 33.3 32.3 34 33.9 34 33.7 33 32.3 32.3 31.3 28.9 28.6 28.4
55.5 53.3 58 61 56.1 54 53.3 52.7 53.7 53.4 52.1 49.4 40.9 40.6 49 63.6 59.6 58 55.8 54.2 55.9 56.9 57.5 55.4 50.7 49.2 49.5 48.9 49.1 50.8 51.6 51.9 51.2 50.6 50.6 50.3 50.5 50.1 49.6 47.9 46.6 44.8 43.4 46.5 45.9 46.2 49.2 48.1 46.7 44.9 43 41.2 38.2 38.5 39.3 38.3 37.9 37.6 38 37.6 37.1 37 36.4 36.2 35.7 34 31.9 31.1 30.7 32 33 33.1 32.9 32.2 31.4 31.2 28.1 28.2 28.1 27.7
52.2 50.8 57.3 56.7 55 52.2 51.6 52.1 52.4 51.1 51 49.4 42.4 38.9 42.2 57.2 55.7 54 49.8 48.4 49.5 47.9 46.5 45.9 42.7 43.1 42.6 41.9 42.9 43.3 44.3 45.8 46.1 47.7 47.9 47.2 47.8 47 46.3 45.6 45.3 47 43.1 45.7 45.5 48.5 50.2 49.6 48.7 48.8 47.9 44.4 41 39.8 38.6 37.5 37 37.2 37.7 37.7 37.4 36.9 36.3 36 35.8 34.1 32.3 31.8 29.9 30.8 30.8 29.8 28.3 28 29.1 29.4 27.9 27.6 27.7 27
49.9 48.7 53.7 53.4 52.3 52.4 52.3 51.5 51.2 51.9 52.6 47.9 42 38.5 45 49.9 48.3 45.8 45.8 43.7 42.5 42.2 42.5 42.2 41 40.1 39.7 39.5 38.6 37.9 38 39.3 42.1 44.1 45 44.3 45.1 44.8 44.3 43.8 44.2 44.2 43 43.9 45.2 48.2 48.8 48.7 48.1 47.8 47.9 45.7 42 39.1 37.8 36.7 36.9 37.3 37.3 37.8 37.4 36.8 36.2 35.7 35.7 31.5 31.5 31 28 25.2 24.7 24.2 23.5 24.7 25.9 26.3 27.1 27.4 27 25.6
49.1 47.6 51.3 50.1 51 51.9 52.2 51.7 50.4 49.5 48.5 42.1 39 38.2 42 45.4 43.4 42.1 44.5 42.6 41.9 41.6 41.5 41.7 40.4 38.9 38.2 38 37.3 36.2 36.2 36.6 37.6 39.6 39.4 40.2 43.1 42.6 42.1 42.5 43.2 44.5 43.1 42.4 44.6 46.4 46.5 46.6 45.5 45.3 45.6 45.2 40.8 38.4 39.1 38.2 38.2 37.9 38.1 37.2 37.3 36.7 36.1 35.4 32.7 30.1 28.6 27.8 25.3 24.7 23.3 22.1 21.2 24.1 25.5 25.6 26.1 26.4 25.8 26.1
48.1 46.7 44.4 44 46.9 50.8 51.6 51.9 50.4 48.1 46.1 42.1 36.2 37.7 39.4 41 41.3 41.1 42.9 42.3 41.6 41.1 40.5 41.1 38.9 35.5 35.6 35.4 35.7 35.4 34.5 34.9 35.5 35.5 36.7 38.5 41.5 40.3 40.4 41.1 41.4 42 41.8 41.1 45.3 44.7 44.7 44.5 43.3 44 44.8 43.6 40 41.7 39.6 38.7 37.4 35.6 35.4 35.6 35.6 36.3 34.7 32.8 31 29.3 28.2 26.4 25.2 25 23.8 22.5 20.5 25.6 26.8 24.1 23.1 22.2 21.7 23.9
44.5 44 43.2 42.9 42.7 43.1 48.1 50 50.3 49.3 49 43.8 40.5 36.9 35.3 36.1 37.3 40.1 43 43.1 43 42.5 43 43 35.6 32.4 32.7 32.7 32.5 32.3 32.4 33.8 34.7 35.3 36.6 36.8 39.2 38.1 38.3 38.5 38.7 39.2 39.7 39.3 41.1 42.9 43.3 42.9 41.6 39.7 37 35.6 34.6 34.6 35.1 36 36.5 35.5 35.1 35.6 34.8 35.2 32.9 31.8 31 30.4 29.7 28.7 26.4 24.8 24.6 23.8 20.6 20.8 20.7 20.1 20.4 18.4 19.1 21.4
44.9 45 44.6 44.6 44.5 43.3 43.3 49.5 49.8 49.4 46.1 42.7 41.4 39.3 37.7 34.9 34.6 37 40.9 43.7 46.5 46.7 47.1 39.6 33 31.2 30 29.4 29.1 29 29.8 31.4 35.6 37.1 36.6 35.8 36.2 36.2 36.4 36.4 35.8 36.5 36.5 36.6 35.1 35 35.1 34.3 34.7 34.7 33.7 33.5 34.6 34.8 35.1 35.7 35.9 35.3 34.8 35.4 35.5 33.1 31.8 31.8 31.5 31.7 32 29.3 27 25.4 24.9 22 21.6 20.4 19.3 19.3 19.7 18.3 18.3 18.9
46.9 47.3 46.8 46.9 45.1 43.7 42.1 48.2 48.4 46.1 43.3 42 42.2 41 38.4 35.3 32.3 35.9 39.9 42.3 46.6 46.7 43.5 38.1 33 30.8 29.5 29 27.4 27.2 27.7 29.1 34.8 35.1 33.6 33.7 36.7 35.4 33.6 32.8 32.1 33.1 32.6 34.2 34.4 34.7 34.3 33.8 33.8 34.1 33.4 32.6 34.5 34.9 34.4 33.5 32.3 30.6 31 32.2 30.5 30.4 30 29 28.2 28.3 27.6 25.7 24.6 23 20.2 19.5 19.7 19.9 19.1 18.7 19.1 18.6 18.4 18
48.9 49.5 49.3 48.4 47 45.3 41.3 46.7 46 44.2 43.1 42 41.2 40 37.2 34.2 31.2 34 48.8 46.2 44.5 44 41.3 39 34.3 32.3 30.5 28.7 27.4 28.1 27.5 28.8 32.2 31.9 30.1 30.4 33.9 32.8 31.6 30.7 31.8 32.4 33.2 33.7 33.9 34 33.8 33.6 33.4 33.4 32.6 33.1 30.9 30.8 31.3 31 30.4 29.6 31.1 31.1 29.5 29 28.3 25.9 24.7 23.5 22.5 21.7 21.3 20.1 18.8 18.6 18.4 18.2 17.9 17.8 18.9 18.5 18.2 16.7
50.9 51.5 52.5 53.2 50.8 46.1 41.2 42.1 42.6 42.1 41.3 40.2 39.4 37.8 36.4 34.2 32.5 31.6 34.5 44.3 36 35.5 34.3 33.2 32.1 30.1 28.9 28.9 30 29.9 28.6 29 27.9 27.1 25.9 25.9 27.8 31.4 31 30.5 30.6 31.8 32.1 32.5 33.1 32.9 31.9 31.7 31.8 32.3 30.9 29.2 30.8 30.5 30.9 31.4 30.5 30.3 31 29.3 24.8 23.7 23.4 22.9 22.4 21.6 21.7 21.3 20.8 19.8 18.9 18.8 18.6 18.3 18.1 18.6 18.1 17.3 16.6 14.8
52.8 53.1 53.9 54.2 53.1 50.8 42.6 40.4 40.2 39.8 37.6 38.5 41.1 41.4 39 36 33.9 30.9 30.9 34.8 34 29.1 28.6 29.9 28.5 27.3 27 27.6 29 28.7 27.5 26.5 25 24.6 24.3 24.9 31.1 30.8 30.5 30.3 30.4 30.5 29.9 30.8 32.1 32.3 31.3 31.3 31.1 31.1 30.6 30.2 28.9 26.6 25.3 24.1 23.6 23.4 23.8 23.7 22.8 22.4 22.3 22.1 21.3 20.8 21 20.8 20.4 19.9 19.3 18.9 18.7 18.5 18.7 18.1 15.5 15.2 15 13.4
55.7 55.4 55 55.1 53.4 52.5 50.8 47.6 42 46 44.4 41.8 44.9 46.5 42.6 38.2 36 31.8 29.6 34.5 34.5 29 28.1 28.3 27 25.9 26.2 27.2 27.8 27.2 26.2 25.1 24.3 24.1 24.1 25 29.7 30.9 30.1 30.3 30.5 30.6 29.3 28.4 27.2 25.7 24.1 23.9 24.2 24.4 23.5 23.8 25.9 23.9 23.6 22.9 22.2 23.1 23 22.1 21.6 21.1 21 21.1 21.4 21.1 20.9 20.4 20.1 19.6 19.4 19.2 18.9 19.1 18.4 15.8 15.4 13.9 13.6 12.8
58.6 57.8 56.5 56 53.7 52.8 52.5 49.6 48.1 46.8 43.7 41.3 46.6 48.9 45.1 41 38.3 34.1 27.6 37.6 33.5 29.9 28.4 28.4 27.5 26 25.7 26.9 26.6 25.8 25 24.2 24.3 24.3 24.4 28.8 29.9 30.4 30.3 30 28.5 26.4 25.7 24.3 24.2 23.7 23.9 24.3 24.4 23.6 23.2 22.8 23.3 23.4 23.1 22.5 22.1 23 22.3 21.4 20.6 20.1 20.2 20.2 19.8 20.9 20.8 19.6 19.7 19.4 19.1 18.9 18.9 18.8 16.7 16.9 17.4 13.6 13.3 13
61 59.7 58.3 56.7 54.2 52.3 51.6 50.5 47.6 44.5 39.8 37.9 41.8 45.1 45.9 43.9 40.8 37.2 26.4 37.2 34.3 31.5 30.2 29.8 28.8 27.6 26.9 26.5 26 25.5 25.2 24.9 24.6 24.6 24.6 29 27.3 26.8 26.3 26.4 26.2 25.9 25.4 24.5 24.5 24.2 24.3 24.2 24.7 23.9 22.9 22.7 23 23.1 22.9 22.3 22.2 22.4 21.7 21 20.5 20 19.5 19.3 18.3 18.7 20.6 19.2 18.9 19 18.7 18.6 18.5 18.2 17 17.6 16.2 14.6 13 12.9
62.8 61.9 59.5 57 54.7 53.1 50.9 48.3 44.4 40.3 37.3 36.8 39 40.9 43.9 45.2 43.4 37.7 25.7 34.5 37.4 34 32.5 31.2 30.5 30.2 30.2 29.4 28.5 27.7 28.1 28.5 28.4 27.2 26.5 26.2 26.3 25.4 26.1 26.5 26.3 26 25.6 24.8 24.7 24.7 24.6 24.6 24.6 24.1 22.7 22.6 22.7 22.9 22.7 22.1 22.6 22.7 21.5 20.9 20.4 19.9 19.5 19.2 20.2 18.8 17 18.1 18.1 18 18.3 18.4 18 17.9 17.3 18.3 16.5 15.7 13.7 12.6
63 62 60.2 58.4 56.2 54.1 50.8 46 42.8 39.9 37 39.2 38.1 39.3 42.5 43.7 43.9 34.9 24.2 37.7 41.6 36.8 35.2 33.5 32 33.1 33.2 33.1 32.9 32.5 32.4 30.6 30.4 31.7 31.3 25.6 25.4 25.5 25.9 26.5 26.5 26.1 25.6 24.8 24.6 24.8 24.4 24.4 24.7 24 23.1 23.5 24.3 24.3 24.2 24.3 23.8 23 21.7 21.1 20.7 20.3 19.9 19.9 20.7 18.9 17.5 16.3 16.6 16.7 17.3 18.5 18.1 17.7 17.6 18.2 17.6 16.8 11.3 10
63 61.9 60.2 58.5 56.8 55.3 52.9 48.6 44.6 40.6 41.7 45.8 42.5 41 42.1 44.3 43.6 30.2 22.9 36.1 45.9 39.2 37.4 35.6 33.2 34.9 36.2 35.8 35.5 35.5 35.2 34.5 34.3 33.1 31.3 25.3 25.5 25.5 25.6 26.5 26.6 26.2 23.2 24.3 24.5 25.1 24.4 24.8 25.1 24.9 25 25 25 25 23.6 22.7 21.8 22.1 21.8 20.9 20.9 20.7 20.5 20.5 20 17.7 17.5 16.2 15.3 15.3 16.2 17.3 18.1 17.6 17.5 18 17.6 12.5 10.1 9
61.9 61.3 59.5 57.6 55.7 55 53.3 51.3 47.1 44 45.4 45.4 41.7 38.8 39.2 42.5 43.5 29.4 23.5 33.2 45.1 39.8 38.6 36.7 33.2 34.6 36.4 37.2 36.7 36 35 35.1 33.2 33.1 31.4 26.9 27.2 27.9 28.1 28.6 28.9 28.7 27.3 27.2 27.2 27.2 26.6 26.5 25.3 25.1 25.1 25.1 25.1 23.7 21.4 20.4 20.7 21 21.2 20.7 20.7 20.2 17.7 17.7 17.6 16.8 16.4 16.1 15.4 11.2 11.3 16.1 17.8 17.8 17.6 15.9 13.2 10.5 9.3 8.7
58.5 58.8 57.8 55.9 54 51.9 50.1 49.3 48.8 47.1 46 45 42.5 37.7 38.5 40.8 41 30.2 23.7 30.8 40.3 38.5 37.9 35.3 32.2 32.9 36.9 36.9 36.4 35.6 34.4 34.5 34.2 33.5 33 31.6 30.7 29.9 29.1 29.3 29.5 27.9 27.2 26.9 26.6 26.8 26.3 25.6 25.1 25.2 25.2 24.8 23.2 21.6 20.5 19.5 19.6 19.9 20.1 20 19.1 18.4 17.3 17.5 17.4 17.2 16.9 15.7 14.8 14.8 9.6 14 16.2 13.2 10.5 10.3 10.7 9.5 8.6 9.8
