data/NO34.asc
ncols 200
nrows 200
xllcorner 330000
yllcorner 740000
cellsize 50
[rows 36 to 71 of 200, columns 81 to 161 of 200]
49.6 49.4 49.6 50.1 50.6 50.9 50.7 50.6 49.4 49.2 49.7 47.7 50.2 48.6 49 49.2 49.9 50.6 51.2 51.3 51.1 50.8 50.7 50.9 51.1 51.1 50.8 50.8 51.2 51.9 51.4 50.8 50.4 50.2 50.3 50.4 50.5 50.6 50.7 50.8 50.8 50.5 50.7 50.5 50.2 50.2 50.4 50.3 50.3 51.1 50.2 51.3 51.6 51.4 50.9 50.8 50.8 53.6 52.7 54.3 52.3 58 53 51.8 51.2 51.5 51.9 52.7 62.5 66.3 65.5 66.1 66.7 66.9 68.3 68.2 68.2 68.1 68 67.9 67.9
49.8 49.4 49 49.5 49.8 49.8 46.6 48.6 48 49.4 49.8 49.2 48.6 49 49.3 49.7 50.1 50.8 51.4 51.3 51 50.8 50.8 50.9 51.1 51.3 51.4 51.1 51.2 51.9 51.5 50.9 50.7 50.6 50.4 50.4 50.5 50.6 50.7 50.7 50.8 50.7 50.5 50.6 50.4 50.2 50.4 50.3 52 50.3 50.8 51.3 48.8 51.5 51.2 51.2 51.2 52.8 52.1 52.4 53.1 58.1 51.9 51 50.8 51.4 52 51.7 56.3 67.3 67.8 68.1 68.3 68.5 68.8 67.5 67.4 67.4 67.3 67.3 65.5
49.8 49.4 49 48.7 50 45.2 49.6 49.8 49.7 48 49.3 49 48.9 49.4 49.7 50 50.3 51 51.3 51.2 51 50.8 50.9 51 51.1 51.3 51.5 51.7 51.5 52 51.5 51.3 51.1 50.9 50.7 50.5 50.5 50.6 50.7 50.7 50.7 50.8 50.4 50.5 50.6 50.2 51 50.2 50.2 50.5 50.7 51.1 51.8 48.3 52 52 51.5 53 52.1 52.1 52.6 51.8 50.9 50.3 51.1 51.9 50.6 50.8 52.2 62.5 69.7 69.2 69.1 69 69.4 67.8 66.5 66.5 66.5 66.4 64.5
49 48.8 47.7 47.7 49.7 49.5 50.1 50.8 50.4 49.5 49.1 49 49.2 49.7 50 50.4 50.7 51.1 51.3 51.2 51 50.8 51 51.1 51.2 51.3 51.5 51.7 52 52.1 51.8 51.6 51.4 51.2 51 50.9 50.7 50.6 50.7 50.7 50.7 50.8 50.6 50.3 50.5 51.8 50.4 50.4 50.4 50.6 50.9 51.1 51.4 48 52.9 52.5 51.3 52.5 52.1 52.1 52 51.2 51.4 51.4 51.5 48.3 49.8 52.6 52.2 52.9 60.7 69 69.7 69.7 68.8 66.9 66.3 65.8 65.8 63.5 57.5
45.8 44.3 49.5 49.6 50.8 49.7 49.7 50 49.3 49.3 46.2 49.1 49.6 50.1 50.4 50.7 51.1 51.2 51.2 51.1 51 50.9 51 51.2 51.3 51.4 51.5 51.8 52 52.2 52.1 51.9 51.7 51.5 51.4 51.2 51 50.8 50.8 50.8 50.7 50.7 50.8 51.5 50.6 50.6 50.6 50.6 50.6 50.8 51 51.3 51.5 51.7 50.9 52.6 51.3 52.1 52.2 51.4 51.7 51.5 51.8 47.9 54.6 54.7 53.2 53.5 52.4 52.5 52.2 59.1 67 66.3 64.1 62 58.9 58.8 53.3 49.9 47.5
49.2 49.2 49.1 50.2 51.2 50 49.1 49 49 49.2 49.3 49.3 49.9 50.4 50.8 50.9 50.9 51.1 51.1 51.1 50.9 51 51.1 51.2 51.4 51.5 51.6 51.8 52 53.1 52.5 52.2 52 51.8 51.7 51.5 51.3 51.4 51.5 51.5 51.6 51.6 51.7 50.6 50.7 50.7 50.8 50.8 50.8 50.9 51.2 51.4 51.6 51.8 52.7 52.4 48.3 52.4 52.5 51.3 52.9 48.5 53.5 54.6 54.9 55.3 55 54.6 54.2 49.7 50.9 52.4 59.4 60.6 59.6 57.2 55.5 50 53.2 53.5 53.6
49.5 49.4 49.3 49.7 49.6 49.3 49 49 49.1 49.2 49.4 49.8 49.8 50.7 50.6 50.6 51 51 51 51 50.9 51.1 51.2 51.3 51.4 51.5 51.7 51.8 52.8 54 53.2 52.7 52.3 52.1 52 51.8 51.8 52.2 52.3 52.2 53.1 51.6 51.3 51 50.8 50.9 50.9 51 51 51 51.3 51.5 51.7 51.8 52 51.8 51.6 51.8 52.4 53.3 53.6 53.9 54.4 55.1 55.6 56.1 56.3 55.9 55 54.3 48.8 53.3 52.5 58.8 58 54.7 48.7 53.2 53.9 54.5 54.5
49.7 49.5 49.8 49.7 49.6 49.4 49.2 49 49.1 49.3 49.5 49.2 49.6 50.2 50.4 50.5 50.9 50.9 50.9 50.9 51.1 50.9 50.9 51 51.1 51.2 51.4 52.7 54.4 54.9 53.9 53.4 52.9 52.4 52.2 52.1 52.6 53 53.1 52.7 52.4 52.2 51.7 51.4 51.1 51.1 51.1 51.1 51.2 51.2 51.4 51.6 51.7 52.3 52.6 52.6 53.3 54.2 55.3 56.6 57 57 56.9 58.1 57.6 57.9 58 57.5 57 55.6 54.7 47.8 54.7 55.8 56.5 51.8 53.4 53.8 54.6 55.7 56.2
49.9 49.9 49.7 49.6 49.5 49.3 49.2 49 49.1 49.2 49.2 48.6 48.5 49.4 49.7 50.6 50.8 50.7 50.7 50.9 51.3 51.5 50.8 50.6 50.8 51.4 52.8 54.5 57.1 56.4 55.1 54.5 53.7 52.9 52.5 53 53.4 53.8 53.6 53.1 53 53 52.5 52 51.5 51.2 51.2 51.3 51.3 51.4 51.9 52.6 53.2 53.9 54.6 55.5 56.3 57.4 58.5 59.5 60.4 60.3 60.1 60.6 60.8 60.1 59.6 59.1 58.6 58.2 57.7 57 48.3 53.1 54.4 54.1 56.1 56.3 57.3 57.8 58.3
50 49.9 49.7 49.6 49.5 49.3 49.2 49.1 48.9 48.7 48.7 48.6 48.6 49.3 49.8 49.2 50.4 50.5 50.6 51 51.5 52.4 53.5 53.1 52.5 54.1 55.9 56.8 59 58.6 56.7 55.6 54.9 53.9 53.5 54 54.2 54.2 54 53.5 53.5 53.6 53.3 52.8 52.3 51.8 52 52.2 52.4 53.1 54.8 55.6 56.3 56.9 57.7 58.5 59.5 60.5 61.6 62.5 63.2 63.5 63.4 63.8 64.3 64 62.7 62.1 61.6 60.5 60.4 61.1 59 54.7 55.7 59.6 59.1 58.9 59.6 60 60.3
49.9 49.9 49.8 49.7 49.5 49.4 49.3 49.1 49 48.8 48.6 48.4 48.6 49.6 50.6 50.5 50.6 51 50.6 50.9 51.4 54.6 57.7 56 56.2 56.7 56.5 57.5 58.8 57.4 54.9 55 55.2 54.8 54.5 54.5 54.5 54.5 54.4 54.1 54.1 54.1 54 53.5 53.1 52.9 53 53.5 53.9 55.2 56.9 58.6 59.5 60.1 60.7 61.6 62.6 63.6 64.4 65.2 65.9 66.1 65.8 66.3 66.5 66.4 65.9 65.2 63.9 63.2 63.5 63.9 63.6 63.6 62.6 63 62.6 61.5 61.8 62.1 62.2
49.9 49.8 49.8 49.8 49.6 49.5 49.4 49.2 49.1 48.9 48.7 48.5 48.6 50 51 51.1 51.1 51.7 52.1 50.9 51.9 54 57.5 56.4 56.4 55.5 54.9 56.5 56 53.5 54.2 54.5 54.8 54.9 55.2 55 54.9 54.8 54.8 54.6 54.7 54.7 54.7 54.3 54.1 54.2 54.2 54.6 55.8 57.4 59 60.7 62.3 63.4 63.9 64.7 65.5 66.3 67.1 67.9 68.5 68.1 67.8 67.9 68.1 67.9 67.4 67.2 66 65.4 65.6 65.9 66.1 65.8 65 64.6 64.2 64 63.8 64 64.1
49.8 49.8 49.7 49.7 49.7 49.6 49.4 49.3 49.2 49 48.8 48.6 48.5 49.8 51.2 51.7 51.6 52.6 54.2 55.3 51.4 51.1 53.6 53.8 53.9 53.5 52.9 53.1 53.3 54.4 54.9 55.1 55.2 55.4 55.7 55.6 55.4 55.3 55.4 55.4 55.3 55.3 55.3 55.2 55.5 56 56.4 57 58.1 59.7 61.3 62.9 64.6 66 67 67.7 68.5 69.2 69.7 70.2 70.3 70.1 69.7 69.6 69.8 69.4 69.1 68.9 68 67.4 67.6 67.8 68 68 67.6 67.2 66.7 66.2 65.8 65.9 66
49.7 49.7 49.7 49.7 49.6 49.6 49.5 49.4 49.2 49.1 48.9 48.7 48.4 49.6 51 51.5 52 53.2 54.4 55.7 56 53.4 52.1 52.2 53.3 53.1 53.3 53.5 53.5 54.9 55.4 55.7 56 56.2 56.4 56.5 56.5 56.7 57 56.9 56.9 56.9 57 57.5 58 58.5 58.9 59.5 60.5 62 63.6 65.2 66.8 68.1 69.4 70.1 70.6 71.1 71.6 72.1 72 71.8 71.7 71.3 71.4 71.1 70.9 70.6 70.1 69.4 69.6 69.8 70 70.1 69.8 69.5 69.2 68.7 68.2 68.1 68.2
49.7 49.6 49.6 49.6 49.6 49.5 49.5 49.4 49.3 49.2 49 48.7 48.4 49.5 50.8 51.2 52 53.1 54.3 55.5 56.4 57.4 58.3 57.3 52.9 53.4 53.6 53.8 54.3 55.6 55.9 56.1 56.6 57.1 57.5 57.7 58 58.2 58.4 58.9 58.9 59 59 59.8 60.5 60.9 61.4 62 62.8 64.3 65.9 67.5 68.8 70.2 71.3 72 72.5 73 73.5 73.7 73.6 73.5 73.4 73.2 73.1 72.8 72.6 72.4 72.1 71.4 71.6 71.8 71.7 71.9 71.7 71.4 71.1 70.9 70.7 70.8 70.8
49.6 49.6 49.6 49.5 49.5 49.5 49.5 49.4 49.4 49.3 49.1 48.8 48.4 49.4 50.5 51.3 52 53 54.3 55.5 56 56.9 58.7 59.7 52.9 53.7 54 54.5 55.1 56 56.5 57 57.4 58 58.5 59.1 59.3 59.5 59.9 60.8 61 61 61.2 62.1 63 63.4 63.9 64.5 65.1 66.6 68.2 69.6 71 72.4 73.2 73.9 74.4 74.9 75.4 75.4 75.3 75.2 75.1 74.9 74.9 74.6 74.3 74.1 73.9 73.4 73.6 73.5 73.6 73.8 73.6 73.3 73.1 73.3 73.4 73.6 73.5
49.5 49.5 49.5 49.5 49.4 49.4 49.4 49.4 49.4 49.3 49.2 48.8 48.5 49.2 50.5 51.3 52.1 53 54.2 55 55.6 56.2 56.5 56.5 52.2 55 54.8 55.1 55.8 56.7 57.3 57.8 58.3 58.8 59.5 60.1 60.6 60.8 61.4 62.2 63 63.1 63.5 64.4 65.2 65.9 66.4 67 67.6 68.9 70.3 71.8 73.3 74.2 75 75.8 76.3 76.8 77.2 77.1 77 76.9 76.8 76.6 76.6 76.5 76.2 75.9 75.6 75.4 75.3 75.2 75.5 75.7 75.5 75.6 75.7 75.8 76 76.4 76.2
49.5 49.5 49.4 49.4 49.4 49.4 49.3 49.3 49.3 49.3 49.3 48.9 48.6 48.9 50.4 52.1 52.2 52.9 54.1 54.5 55.1 55 54.8 55.1 51.9 55.1 55.4 55.3 56.3 57.1 58.1 58.7 59.3 59.7 60.6 61.2 61.9 62.2 62.9 63.5 64.7 65.1 65.8 66.6 67.5 68.4 68.9 69.5 70.1 71.1 72.6 74.1 75.2 76.1 76.9 77.7 78.2 78.7 78.8 78.8 78.7 78.6 78.5 78.4 78.3 78.3 78.1 77.8 77.8 77.7 77.2 77.1 77.8 77.6 78 78.1 78.2 78.3 78.6 78.9 78.9
49.4 49.4 49.4 49.4 49.3 49.3 49.2 49.1 49.1 49 49.3 49.3 48.8 48.6 50.2 51.9 53 53.5 54.1 54.5 54.9 55 55 55 53.2 55.3 56.1 55.3 57.1 57.7 58.8 59.6 59.9 60.6 61.5 62.2 62.9 63.8 64.6 65.4 66.2 67.1 68 68.9 69.8 70.7 71.4 72.2 73 73.6 74.8 76.3 77.1 77.9 78.7 79.5 80.1 80.6 80.5 80.4 80.3 80.2 80 80.7 80.4 80.2 80.1 79.4 80.3 80.5 80.2 80.4 80.1 79.3 79.8 80.3 80.6 80.8 80.9 80.9 80.7
49.3 49.3 49.2 49.1 49.1 49 48.9 48.9 48.8 49 49.3 49.5 49.3 50.3 51.2 54 53.6 53.9 54.2 54.5 54.8 55 55.3 55.2 55 55.7 56.6 56.7 57.1 56.9 57.7 59 60.1 60.8 61.6 62.5 63.5 65.3 66.7 67.6 67.9 68.6 69.7 70.7 71.6 72.3 73 73.5 74.9 75.8 77.4 78.5 79.2 79.9 80.6 81.4 82.3 82.1 82.2 82.1 81.9 81.3 82.8 83 82.8 81.9 80.9 82.6 83 83.3 82.7 82.2 81.5 81 81.5 82 82.4 82.4 82.3 82.3 82
49.7 49.6 49.2 48.9 48.8 48.8 48.7 48.6 48.7 49.1 49.4 50.4 52.1 54.8 55.4 55.3 55.8 56.4 56.7 57.1 57.1 56.2 55.1 54.8 54.9 55.9 56.2 56.7 57.1 57.2 57.6 58.2 59.9 60.9 61.5 62.6 64.2 66.5 68.6 68.7 69.2 70.2 71.4 72.5 73.3 74.1 75 76.1 76.6 77.3 80 81.2 81.8 82.5 83 83.5 83.8 83.3 83.4 84 84.3 84.2 84.8 84.4 84.4 83.9 82 83.5 83.1 82.7 82.4 82.7 82.8 82.7 83.1 83.5 83.8 83.6 83.6 83.5 83.4
49.6 50.1 50.1 49.7 49.4 49 48.6 48.4 49.4 50.6 51.3 52.1 52.4 52.6 53.2 53.4 53.9 54.1 54.5 55.1 55.3 55.2 55.1 55.4 56 56.3 56.4 56.7 56.9 57.8 58.6 59.5 60.6 61.7 61.4 62.6 64.5 67.1 69.5 69.8 70.7 71.9 73.1 74.2 75.1 75.9 76.9 78.1 79.4 79.4 82 83.8 84.4 84.6 84.7 84.9 84.7 84.3 84.8 85 85 85 85.2 85.4 85.1 84.5 84.3 84 83.8 83.3 83.4 83.6 83.9 84.2 84.6 85 85.1 84.9 84.8 84.8 84.7
49.3 50.1 50.5 50.6 50.2 49.9 49.5 50.6 51.7 51.7 51.1 52.1 53.2 53.9 54.8 54.2 54.3 54.4 54.7 55.2 55.2 55.3 55.5 56 56.4 56.9 56.9 57.1 58 58.8 59.7 60.5 61.4 63.6 63.2 62.9 63.9 67.3 70.6 71.3 72.3 73.6 74.8 76 76.9 77.7 78.8 79.6 80.9 82.5 84.4 84.8 84.7 85 85.3 85.6 85.9 85.3 85.3 85.3 85.3 85.4 85.6 85 84.8 84.7 85.1 84.7 84.4 84.1 84.6 84.9 85.6 86.1 86.5 86.5 86.4 86.2 86.1 86.1 85.8
49.1 49.9 50.5 50.8 51.1 50.7 51.6 52 52.6 52.8 53.1 53.3 53.7 55.2 55.9 55.7 55.5 54.7 54.9 55.1 55.4 55.7 56.1 56.5 56.9 57.4 57.5 58.1 58.9 59.8 60.7 61.7 63.1 65.6 68.2 68.2 66.7 66.4 71.9 72.8 74 75.2 76.4 77.7 78.7 79.6 80.6 81.5 82.4 84.8 85.2 84.7 84.8 85.2 85.5 85.8 85.7 85.3 85.5 85.6 85.6 85.7 85.3 85.4 85.5 85.8 85.8 85.6 85.5 85.5 85.9 86.6 87.3 87.8 88.5 88 87.8 87.6 87.5 87.3 86.9
49.1 49.5 50.5 50.9 51.2 51.5 51.7 52.6 53.4 53.8 54 54.3 54.4 54.9 55.8 55.6 55.4 55.2 55.5 55.7 56 56.4 56.8 57.2 57.5 57.9 58.5 59.1 59.9 60.9 62.2 63.4 64.9 67.5 70.6 71.2 70.4 66.9 71 74.5 75.7 76.9 78.1 79.3 80.4 81.4 82.5 83.1 84.8 85.5 85.5 84.5 84.8 85.4 85.7 85.8 85.6 85.3 85.5 85.8 85.9 86.1 86.4 86.6 87 87.2 87.8 87.7 87.7 87.9 88.5 89 89.1 89.9 90.2 89.4 89.1 88.9 88.5 88.2 87.6
49.3 49.7 50.2 50.7 51.3 51.5 52 53.1 53.9 54.8 55 55.2 55.2 55.3 55.6 55.5 55.9 56.3 56.6 56.7 56.8 57.1 57.4 57.8 58.2 59.6 61.4 60.4 61.4 62.6 63.8 65 66.7 69.4 71.3 72.2 71.8 69.9 68.5 74.9 77.2 78.5 79.7 81 82 82.7 83.2 83.2 85.6 85.3 85 84.4 84.8 85.5 85.9 85.6 85.5 85.7 85.9 86.5 87.2 87.4 87.7 88 88.2 88.6 89.3 89.9 90 90.5 91.2 91.9 92.3 92.3 91.6 90.1 89.4 89 88.9 89.2 88.3
49.9 50.1 50.2 50.7 51.3 51.6 52.4 53.5 54.3 55.8 56 56.2 56.1 56.4 56.5 56.7 56.9 57.6 57.7 57.8 57.9 58 58.1 58.5 59.4 59.5 61 62.3 62.8 64.2 65.4 66.6 68.5 71 71.9 72.7 74.1 73.6 70.3 72.2 78.2 79.6 80.7 81.8 82.7 83.4 83 82.9 85.2 84.7 84.3 84.1 84.8 85.7 85.7 85.9 86.3 86.9 87.4 87.9 88.5 88.7 88.9 89.2 89.4 90.1 90.7 91.5 92.4 93.1 93.7 94.2 93.8 93.5 92.3 90.9 89.7 89.1 88.9 88.8 88.2
49.8 50 50.2 50.7 51.3 51.6 52.7 53.8 54.7 56.2 57 57.2 57.2 57.4 57.6 57.6 58.6 58.7 58.8 58.9 59 59.1 59.1 59.4 60.4 61.5 62.5 64.1 64.4 65.2 66.9 68.3 70.3 71.6 72.4 73.4 74.7 75.8 73.2 69.5 78 79.9 81 82.4 83 83.5 83.2 84.3 85.3 85.5 85.6 85.6 85.9 86.4 86.9 87.4 87.9 88.4 88.9 89.4 89.8 90 90.2 90.4 90.8 91.4 91.9 92.9 94 94.9 95.4 95.6 95.2 94.6 93 92.3 91.5 90.5 89.6 88.8 88.5
49.8 49.9 50.3 50.8 51.3 52 53.1 54.2 55.1 56.6 57.9 58.1 58.2 58.5 59 59.2 59.7 59.8 59.9 60 60.1 60.4 61 61.8 62.6 63.5 64.5 65.8 66.1 66.4 67.6 69.2 70.9 72.1 73 74.3 75.6 76.4 76.6 71 74.5 79.1 81.3 82.3 83.9 83.9 84.9 85.6 86.4 87 87 87 87.4 88 88.4 89 89.5 90 90.3 90.9 91.1 91.3 91.5 91.7 92.2 92.7 93.2 94.4 95.4 96.3 97.1 97 96.4 95.7 94.9 94.2 93.3 92.3 91.2 90.1 89.1
49.7 49.9 50.3 50.8 51.7 53.4 54.1 54.6 55.7 57 58.5 59.1 59.5 59.9 60.3 61.2 62.2 62 61.9 62.2 62.6 63.3 63.5 64.1 64.9 65.8 66.7 67.6 68.2 67.1 68.3 69.8 71.2 72.6 74.1 75.5 76.9 77.7 78 75.6 76.9 80.3 81.1 83.1 84.5 85.2 86 86.7 87.3 87.9 88.4 88.5 88.8 89.7 90.3 90.5 91 91.5 91.7 92.2 92.4 92.6 92.8 93.6 94.1 94.1 94.7 96 96.8 97.7 98.6 98.6 97.3 96.8 96.5 96.2 95.1 94 92.9 91.8 90.6
49.6 49.8 50.6 51.4 52.4 54.5 56.5 56.5 56.4 57.6 59.4 60.6 61.1 61.5 62.1 63.1 64.1 64.9 64.8 64.8 65.5 66.2 66.4 66.5 67.2 68.1 69 69.8 70.3 69.3 69.1 70.5 72 73.4 74.9 76.8 78.2 79.1 79.6 78.4 75.6 79 82 84.2 85.7 86.3 87 87.7 88.3 88.9 89.6 89.9 90.5 91.3 91.9 92.3 92.6 93.1 93.2 93.5 93.7 94.2 94.7 95.9 97.1 97.4 97.4 98.8 99.3 99.9 100.1 100.4 100.4 99.8 98.9 97.9 96.8 95.4 94.2 93.3 92.3
49.4 50.2 51.1 52 53.4 55.4 57.3 60.1 60.6 59.1 60.7 62 62.8 63.3 64.3 65.3 66.2 67 67.4 67.7 68.4 69.1 69.3 69.4 69.6 70.4 71.3 72.1 72.5 71.3 69.8 71.3 72.7 74.2 75.8 77.6 79.5 80.5 80.9 81.2 78.7 78.3 82.4 85.6 87 87.4 88 88.7 89.3 89.8 90.6 91.3 92.1 92.9 93.6 94.1 94.3 94.5 94.6 95 95.6 96.1 97 98.2 99.4 100.6 100.6 101.6 102.2 102.7 102.3 102.4 102.3 101.7 100.6 99.5 98.4 96.8 95.3 94.3 93.2
49.5 50.6 51.6 52.6 54.1 55.9 57.6 63 61.4 59.5 61.7 63.4 64.3 65.4 66.4 67.5 68.4 69 69.8 70.7 71.4 72.2 72.2 72.3 72.4 72.9 73.6 74.4 74.5 73.7 72.7 71.9 73.4 75.5 76.5 78.3 80.1 81.4 81.5 81.4 82.3 78.8 81.8 86.9 88.1 88.8 89.1 89.8 90.3 90.8 91.5 92.8 94 94.6 95.2 95.7 96 96 96.4 96.9 97.5 98.1 99.3 100.5 101.7 102.9 103.9 104.4 105 105 104.7 104.4 103.7 103.1 102.3 101 100 98.2 96.4 95.3 93.9
50.4 51.3 52.3 53.4 54.8 56.6 58.4 61.3 59.6 61.3 63.3 65.2 66.2 67.3 68.5 69.6 70.5 71.6 72.8 73.9 74.7 75.2 75.2 75.1 75.2 75.7 76.3 76.6 76.3 75.6 74.9 73.6 75.1 76.8 77.7 78.9 80.7 81.8 82.6 82.6 84.5 83 80 88.3 89.3 90.1 90.5 90.8 91.2 91.8 92.6 94.5 95.7 96.2 96.7 97.1 97.5 97.7 98.3 98.8 99.4 100.4 101.6 102.8 104 105.2 106.4 107.1 107.7 107.4 107.6 107.2 106.2 105.1 104 102.7 101.4 99.6 97.8 96.1 94.7
51.4 52.2 53.1 54.1 55.4 57.2 59 59.7 60.7 62.9 65.1 66.9 68 69.1 70.5 71.8 73.5 74.6 75.8 76.9 77.9 78.2 78.2 78.1 78.1 78.5 78.7 78.8 78.1 77.5 77.4 77.3 78.7 78.9 79.3 79.8 81.1 82.1 83 84 85.8 87.5 83.6 84.7 90.2 91.6 91.7 91.7 91.9 93.2 94.4 96.1 97.1 97.6 98.1 98.6 99.1 99.6 100.2 100.8 101.6 102.7 103.9 105.1 106.3 107.5 108.7 110 110.6 110.8 111 110.5 109.4 108.3 107.1 105.4 103.2 101.3 99.8 98.4 96.8
52.4 53.2 53.9 54.9 56.1 57.8 59.5 60.1 62.5 64.7 66.9 68.9 70.2 71.5 72.8 74.2 76 77.7 78.9 80.1 81.1 81.7 81.6 81.6 81.5 81.2 80.8 80.7 80.7 80.8 80.9 80.1 80.8 81.4 82.1 83 83.8 84.3 84.3 87.7 89.6 91 88.2 85.9 87.5 92.4 92.5 92.2 93.4 94.8 96.2 97.6 98.5 99 99.5 100 100.6 101.4 102.1 102.8 104.1 105.5 106.8 108.2 109.5 110.8 112.2 113.5 113.9 114.1 114.4 113.8 112.7 111.6 109.9 108.5 106.3 104 102.2 100.8 99.3
