data/NO35.asc
ncols 200
nrows 200
xllcorner 330000
yllcorner 750000
cellsize 50
[rows 35 to 69 of 200, columns 0 to 77 of 200]
245.9 245.7 244 244.8 243.7 241.3 239.7 239.2 228.9 220.5 222 220.2 222.5 223.3 221.2 221.4 220.4 218.2 215.9 216 215.6 215.5 215.2 214.9 219.3 235.2 249.1 261 269.7 277.6 282.4 286.9 287.9 284.3 276.5 272.3 265.4 259.1 251.4 239 234.6 222.4 210.7 206.2 205.9 205.5 204.9 205.8 210.4 210.7 208.9 210 201 203.2 202.9 202.5 202.3 201.9 201.6 206.4 219.7 233.2 242.2 243.9 241.7 237.3 232.8 229.8 225.6 223.4 219.9 215.4 211.5 210.2 212.1 214.2 214.7 212.8
242.7 240.7 239.1 239.4 234.9 234 232.1 227.4 222.7 218.8 217.9 217.8 217.7 218.2 217.7 218.4 216.4 215.1 215.2 215.1 219 222 219.7 217.7 232.1 249.6 261.7 271.7 278.9 289.4 293.9 296.9 298.7 297.2 293.3 289.2 284.8 278.4 269 259.6 253.1 244.5 235.1 226.4 221.4 220.3 221.3 229.2 235.5 239.7 238.4 234.2 219 203.3 202.8 202.5 202.5 202.1 201.8 201.7 203.9 212.6 218.1 222.2 221.4 218.5 218 217.4 217.2 216.2 212.5 207.7 203.6 200.4 197.8 196.5 195.6 194.7
242 241.4 240.7 239 230.2 230.7 227.8 223.9 220.2 218.1 217.7 217.8 217.8 217.8 217.9 218 217.3 219.5 226 230.5 234.6 238.2 237.5 235.2 243.1 260.5 272.1 278.7 286.4 291.6 297.1 300.5 302 302.4 302.9 300.7 294 290.9 283 284.9 281.9 273.6 262.1 253.4 246.7 244.2 245.5 252.2 263 265.8 263.8 258.3 246.6 234 223.4 216.7 213.3 209.3 202.2 202.5 201.8 200.6 200.6 204.1 203 206.7 208.7 212.7 212.3 209.1 204.8 199.6 194.8 195.4 195.7 195.7 195.8 196.1
241.8 240 239.1 234.8 229.9 229.3 226.3 220.6 218.8 217.8 217.9 218.3 223.4 229.6 231.9 232.9 234.8 238.5 243.1 246.1 250.1 253 251.6 247.1 251.6 263.4 272.5 280.9 286.4 290.4 295.5 299.3 300.3 301 302.6 302.7 299.4 295.9 299.4 306 310.7 305 296.3 286.7 278.1 277.1 278.8 287.4 293.5 296.4 292.5 286.2 279.3 265.6 253.9 244.6 232.8 226.5 215 209 201.8 200.4 200.2 200.2 199.5 199.1 203.7 209.1 206.1 201.9 197 196.6 196.4 199.8 204.2 207 209 214.1
234.8 234 233.4 232.3 227.8 227.2 225.9 219.1 217.8 217.8 228.6 235.7 238.4 243.3 248.7 249.9 252.8 256.3 258 261.6 261.9 261.8 258.9 257.9 262.9 268.6 272.7 279.7 284.6 289.9 297 299.5 299.9 299.8 300.3 301.9 303.2 302.6 306.4 315.1 321.6 322.6 323.4 319.3 312.6 310.5 309.1 313.9 317.8 317.1 313.4 310.9 304.2 295.4 284.2 270.9 258.9 244.8 230.7 219.8 210.5 206.6 203.3 199.9 200.6 200.2 198.9 202.2 199 197.4 197.1 198.9 204.9 211.4 217.8 222.7 224.6 227.1
229.5 229.2 228.4 226.3 223.6 220.2 217.6 217.5 218.9 229.5 239.6 244.4 250.4 255.4 261.6 262.5 266.4 268.5 268.7 268 267.4 266.2 264.8 265.2 268.1 273.1 277.8 284.5 290.6 296.7 301.3 301.6 300.7 300.1 304.7 308.5 308.7 308.9 312.3 321.2 326.9 330.6 333 331.8 328.5 326 324.8 322.1 319.4 319.3 316.7 312.1 309.3 303.2 295.7 286 278.1 260.7 244.3 230.7 220.8 217.2 212.7 209.6 208.4 203.1 198.5 198.6 197.7 200.4 209.8 213.1 220.9 225.8 231.7 235.8 238.7 241.6
224 223.4 222.8 220.8 219.8 218.3 217.6 217.7 225.4 237.8 244.5 249.9 255.7 261.5 265.2 267.2 270.2 269.6 270.2 271 270.6 268.6 269.2 270.6 273.3 276.7 283 289.8 296.3 301.9 306.2 309.2 310.1 309.9 309.7 310.9 311.4 313.6 316.4 324.3 330.4 336.3 339.1 342.4 338.7 332.6 327.8 323.5 319.4 317.3 313.7 310.1 308.9 302.9 298.4 291 283.1 269.6 259.5 244.8 231.5 232.7 228.4 220.6 216.6 212.2 211.6 210.5 217.1 225.8 231.8 232.5 236.8 244.4 250.2 250.7 251.6 252.1
220.6 219.6 219.4 220.1 218.7 218.4 218.5 224.6 237.9 244.2 249.2 251.9 258.4 262.4 264.6 267 269.9 269.5 270.6 270.8 271.1 270.7 272.2 274.9 277.7 280.8 286.9 294.3 300.9 303.8 307.8 310.8 311.6 311.2 310.9 310.9 311 314.1 319 324.6 331.2 337 341.2 345.6 339.3 334.1 328.6 323.3 319.8 316.5 313.3 311.8 309.1 305.2 300.8 295.9 290.1 281.5 271.7 256 248.8 246.2 240.4 233.9 230 228.6 231.4 238.9 244.8 249.4 252.8 252.1 249.5 257.1 260.9 259.4 257.3 257.4
218.9 218.8 219 219.1 218.7 219.1 221.5 231.8 241.2 246.4 249.6 252.3 258 260.8 261.2 264 267.2 268.6 269 269.6 270.2 271 273.5 277.6 281.5 285.9 290.9 300.1 304.1 306.1 307 308 307.7 308.1 307.3 309 310.5 312.4 318.4 322.8 326.8 332.9 336.8 335.9 333.4 329.5 324.6 319.6 316.6 314.1 312.3 310.3 308.9 305 301 297.3 291.9 286.1 277.7 268.9 262.7 257.2 251 248.2 249.6 257.3 257 265.8 272.6 271.6 269.5 266.6 263 269.1 265.2 264.1 263.7 262.6
218.3 218.4 218.9 219.3 220.2 226.4 229.6 234.1 242.2 246.1 250 253.4 256.7 258.5 259.6 261.2 263.3 264.9 266.6 268 269.4 270.7 273.4 277.6 281.7 285.6 288.4 293.2 296.8 298.2 299.4 299.6 300.3 301.6 303.1 304.6 307.4 312 315.2 318.4 323.1 326.3 327.6 326.9 324.8 320.3 316 313.7 312.1 311 311 309.2 309.4 306.4 301 297.1 292.4 287.1 281.4 277.8 273.9 274.7 274.5 275.5 278 277.9 282 285.2 286.8 284.1 280 275.6 272.1 269.4 267.7 265.8 268.6 271
217.8 218.5 218.9 220 225.5 229.7 233.2 233.8 239.2 244 250.4 252.1 255.5 255.2 257.2 258.2 260.1 262.1 264.2 266.4 268.2 269.7 272.1 273.9 276.7 278.2 279.7 283.6 288.9 289.6 292.5 296.1 300.9 305.4 309.4 312.6 317.8 324.4 326.4 327.9 327.7 325.1 322.6 320.2 318.1 314 309.1 309 308.8 309.5 310.6 310.9 310.9 308.9 303.2 299.1 294.8 290 287.5 287.7 287.4 289 291.5 290.8 291.4 292.3 292.4 290.5 290.8 288.3 283.7 280.6 275.6 272.4 272.8 278.5 283.5 282.2
219 219.1 221.9 226.5 231.5 236.3 237.9 233.5 231.5 233 247.2 251.6 252.5 252.9 255.1 255.8 257.1 259.8 262 265.2 268.1 270.3 273.6 275.3 277.8 280.3 283 286.2 288.5 293.1 296.7 301 306.6 312.2 317.2 319.8 325.8 331.3 332.4 333.2 332.9 330.5 329.7 324.5 318.3 313.6 309.7 308.7 308.3 306.7 306.6 308.4 308.9 305.3 302.4 299.2 295.4 291.1 290.7 291.3 291.2 292 294.6 292.7 295.6 297.8 296.6 292.8 291.1 288.2 284.3 281.2 277.5 275.9 278.2 289.8 285.9 282
227.7 229.8 232.5 236 239.3 241.3 243.2 243.8 245.8 247.7 249.5 248 249.5 252.2 254.7 256.4 258.8 262 265.8 270 273.1 276.1 279.9 280.7 283 286.5 290.8 293.3 294.3 296.6 300.4 305.5 310.7 316.8 320.5 323.8 329.4 331.9 335.1 336.7 336.4 332.9 330.5 327.6 320.2 315.2 310.2 306.3 304.4 302.5 302 304.2 302 300.2 297.4 295.8 294.2 290.4 290.7 290.8 289.8 290.5 291 292.1 297 298 294.5 291.2 289.8 286.9 282.8 279.9 277.9 277.8 279.4 280.1 279.3 278
244.9 246.6 247.3 249.4 249 248.2 248.3 247.7 248.5 251.5 252.1 251.1 251.1 254.5 258.1 260.2 263.3 267 271.6 275.4 279.8 283.6 286.6 291.2 295.8 300 299.8 299.8 299 298.7 300.4 306.8 311.3 316.8 320.5 325.3 329.4 331.2 334.3 337.2 337.1 334.4 330.8 325.4 318.9 314.6 309.3 304.2 302.1 299.9 299.3 298 296.7 295.2 293.9 292.8 291.4 289.8 290 289.4 288.8 289.4 290 290.8 293.3 293.5 291 288.3 287.9 284.8 281.5 278.1 277.4 277.2 277.1 276.8 275.2 273.3
259.1 262.7 260.5 259.3 259.8 256.7 253.4 252 252.7 254 254.6 254.5 253.8 257 259.6 263.4 269.1 273.2 277.7 283.6 288.5 292.5 296.8 302.2 310.9 312.7 311.9 309.5 306.5 305.8 304.1 307.6 311.8 316.8 320.4 324.7 328.6 330.2 330.5 333.5 334.2 332.3 327.7 321.1 316.5 312.3 307.4 302.9 299.8 298.3 296.4 294 292 290.8 289.7 288.8 288 287.9 288.3 288.4 287.9 288.5 289.1 289.6 290 289.4 287.4 285.4 283.1 280.8 280.2 277.1 275.4 273.8 273.5 272 270.2 268.5
270.7 272.4 271.3 270.3 268.7 265.1 262.6 260.2 257.8 257.3 258 259.5 259.3 259.8 260.7 265.8 271.6 278 284 291.8 298.1 304.1 308.2 313 317.1 319.9 318.9 316.3 316 314 310.5 309.9 311.5 316.6 320.7 324 327 328.1 329.9 331.1 331.2 328.8 323 317.4 314.2 309.5 304.5 300.5 297.5 295.7 293.8 291.4 289 287.5 286.6 285.8 285.6 285.5 285.8 286.2 286.5 286.7 286.9 287.2 286.8 286.3 284.2 282.1 280.1 278.3 275.5 273.8 272 270.6 268.9 267.1 265.2 263.3
281.5 282.3 281.3 280.9 278.1 274.2 270.6 267.4 265.4 264.6 263.9 264.1 262.8 261.9 264.1 268.4 274.4 282.5 290.8 299.5 310.2 318.6 322.7 322.4 327.2 330.5 329.6 326.2 324.7 321.5 316.4 313.3 313.4 318.1 320.3 322.5 324.2 325.4 327.6 329.5 327.7 322.7 318.6 314.4 311.6 306.6 301.7 298.6 295.4 293.1 291.1 288.8 286.5 284.7 283.6 283.4 283.3 283.2 283.3 283.6 283.6 283.9 284.2 283 280 279.4 279 278.4 275.9 273.5 270.8 269.5 267.9 265.6 264 262.3 260.1 257.4
283.2 285.9 285.8 285.8 284.2 280.2 277.2 274.5 273 272.6 270.8 270.3 268.4 267.9 269 272.5 277.9 288.4 300.1 312.7 328.3 340.6 345.2 340.4 341.5 342.3 338 335.6 332.5 327.5 321.9 317.6 317.4 318.8 319.2 319.6 321.3 322.7 324.5 325.6 321.5 317.8 314.4 310.7 307 302.4 298 294.6 291.5 288.7 286.6 284.6 282.5 280.9 279.8 280 280.4 280.7 280.8 280.9 280.8 281 280.6 277.6 274.2 272.6 270.4 269.2 268 267.4 266 264.3 262.4 259.4 258.1 254.4 251.8 249.8
283.7 288 289.9 289.9 289.3 287 284.9 282.7 281 280.8 279.6 278.3 277.2 272.2 273.8 278.9 283.7 297.6 310.5 326.6 346.3 359.4 363.6 359.2 354 353.2 347.5 347.7 341.7 334.6 326.3 321.2 320.1 319.5 319 319.3 320.5 321.9 322.3 322.1 318.9 315 311.6 307.3 302.8 298.2 293.9 291.1 288.2 284.5 282.1 280.3 278.6 277 275.7 275.9 276.2 276.6 276.1 276.7 276.7 276.3 275.3 273.4 268.9 265.7 263.8 263.2 262.2 260.9 259.3 258.3 256.1 252.5 250 247.6 245.7 242.3
287.8 294.7 297.6 297.1 296.9 296.1 296.2 295.2 292.1 289.4 287.2 285.2 283.3 281.4 280.3 286.7 296.1 307.4 319.2 342.6 362.1 375.9 379.2 376.8 368.3 361.7 354.6 353.8 350.8 342.2 332 325.5 322.6 320.9 319.8 319.1 320.7 320.9 320.8 320.2 316.5 312.5 308.9 304.8 300.8 295.8 291.2 288.3 283.5 280.5 278.4 276.7 275 273.2 271.7 271.8 272.6 273.7 270.9 271 272.2 270.4 269.9 268.9 266.7 264 262.6 260.6 258.7 256.7 254.3 251.9 248.7 246.1 243.6 241.4 239.5 236.6
291.9 299.8 304.4 304.5 304.7 305 309.4 310.2 304.9 298.7 294.7 291.7 290.3 287.8 285.6 292.5 303.9 315.3 330.8 355.1 374.9 387.9 396.1 392.1 381.7 370.7 361.2 357.9 358.3 348.7 337.5 329.9 326.1 322.8 320.9 319.9 320.4 320.6 319.3 318.8 314.9 311.1 307.9 303.7 299.2 293.4 288.9 283.4 279.6 277.4 275.1 273 270.7 268.9 267.6 268.2 270.6 269.2 267.2 266.4 267.5 267.2 267 266.2 264 261.9 258.9 256.8 254.8 253 250.8 248.1 245 242.1 239.4 236.6 233.7 231.3
289.7 301.7 308.2 310.6 313 314.7 320.5 320.3 312 306.1 301.2 297.6 295.8 294.6 295.5 293.7 310.3 320 341.2 365.8 384.7 397.8 406.2 400.5 390.3 375.6 367.1 361.2 359 353.2 343.1 334.5 328.8 325 322 320.4 320.3 319.9 319.4 317.8 313.7 309.9 307.5 303 297.4 290.9 285.6 280.6 276.9 273.3 271.5 269.3 267.3 266 264.1 263 264 264 264 261.8 262.6 264.1 263.9 263.5 261.2 258.4 255.1 252.9 251.1 249.2 247.3 244.5 241.5 238.6 235.8 232.9 229.4 228
287.1 299.7 310.4 313.9 316.3 320.4 320.9 320.7 316.1 312.3 307.8 304.1 301 300.2 302.7 299.3 313.5 324.3 351.9 376.2 391 402.8 408.5 403.9 391.8 378 369.8 362.1 355.4 349.8 342.5 332.8 329.4 327.4 324.5 322.3 320.8 321.6 321.5 318.9 314 308.8 305.1 303.1 293.8 290.3 283.6 279.6 276 270.4 269.2 267.3 265.8 264.8 264.7 259.5 258.5 259.2 258.8 257.9 257.8 259.7 260.8 259.9 258.4 255 251.3 249.3 247.4 245.5 243.4 241.1 238.1 235.2 232.5 230.2 227.4 224.6
285.5 296.1 305.5 311 318.4 320.8 321 320.8 318.9 316.9 313.2 311.2 308.9 307.2 309.6 306.8 315.7 332 360.5 382.3 394.4 399.8 398 395 387.7 375.1 363.3 363.2 353.7 347.1 340.9 335.1 329.5 328 328.1 326.1 325.6 329.6 329.3 324 317.7 313.4 309.2 304.3 298.1 292.7 287.1 281.3 277.8 274.3 271.1 269.2 264.3 264 262.5 260.2 252.8 254.2 254.1 252.7 252.5 254.1 255.4 254.9 253.5 250.9 247.8 245.8 243.9 241.7 238.9 237 235 232.8 230.7 227.4 224.9 220.8
284 292.5 299.4 306.7 313.9 319.5 322.9 324.7 323.1 320.8 318.8 316 315.5 315.4 317.3 315.3 318.9 342.1 366.8 384.1 388.7 390.3 385.8 384 381.7 368 358.1 361.7 360.2 362.1 355.6 348.4 339.3 336.2 335.8 331.6 330.1 331 330.8 326.7 321.6 318.1 313.1 303.9 298.7 293.5 287.8 284.4 280.8 276.3 273.2 270.6 266.9 261.7 256.4 255.3 251.2 248.6 248.4 247.3 247 247.5 248.2 249.1 247.5 246.2 244.4 242.3 240.1 237.2 234.3 232.2 230.7 228.6 226 223.4 220.1 216.5
287.7 291 298.9 306.7 311.4 319.9 326.5 329.4 330.3 328.1 324.8 321.6 323.7 327.7 329.2 324.1 323.9 345.5 366.4 377.4 378.2 371.5 366.2 363.3 361 365.3 377.4 380.1 375.9 369.3 363.6 360.5 352 347.1 343.7 339.4 336.3 331.9 330.6 330.2 327.9 322.9 315.1 304.6 299.5 294 289.5 285 280.6 276.1 272.2 268.4 263.1 258.4 253.1 250.7 248.1 245.1 244.9 243.8 242.4 241.9 242.4 243.1 242 241 240.6 238.4 235.5 232.7 229.8 227.3 225.7 223.1 220.8 218.9 216.1 213
297.3 297.5 303 308.4 315.3 323.7 333.9 340.4 339.2 335.6 330.7 329.7 334.5 339.8 335.7 331.9 330.3 339.9 351.6 356.5 356.9 352.8 357.7 356.6 364 371.8 383.2 383.8 379.3 373.6 370.8 363.9 356.7 351.5 348.8 342.5 336.8 331.1 330 330.1 330 322.3 313.4 304.2 296.5 291.1 286.3 281.8 276.4 272.3 268.7 264.3 258.8 254.2 251.1 246 245.4 242.1 242.7 241.7 240.9 239.3 238.4 239.9 237.5 236.5 236.5 235 232.1 229.3 226.7 225.1 222.3 219.5 216 214 211.7 211.4
303.7 303.3 308.7 314.7 320.9 327 339.8 344.2 343.7 340.8 336.6 337 343.7 351.5 346.3 339.2 338.8 337.6 341.5 347.8 349.4 352.8 357.5 363.7 370.3 370.7 373.7 377.9 378.2 374.5 370.8 362.6 356.9 352.8 345.8 337.4 331.5 327.4 326 329.6 325.4 318.2 308 298.4 292.7 286.9 281.2 276.7 271.3 266.8 261.4 259.3 254.5 251 249.1 247.1 245.1 237.8 241.5 241.8 241.3 240.9 239.8 237.5 233.9 232.4 232.7 232.2 229.3 227 224.6 221.8 217.9 214.1 211.4 210.7 210.6 210.6
310.6 311 314 319 324.9 329.2 341.9 346.9 348.5 345.4 342.6 342 351.1 357.8 357.3 351.3 345.5 344.4 344.6 347.2 348.6 356.7 360.7 369.8 369.4 369.4 369.9 372.9 373.8 369.1 363.9 356.8 353.1 347.7 339.7 329.9 322.5 317.4 312.8 312.3 307.3 299.8 292.8 290.3 288.3 283.9 279.1 274.2 268.9 265 261.9 258.8 255.7 253.2 251.1 248.7 246.5 243.8 234 241.4 241.8 241.2 240.4 237.7 231.8 228 230.7 229.7 226.8 222.8 219.7 216.9 214 210.6 209.2 209.4 209.5 209
313.9 314 319.9 324.7 328 334.1 343.4 349 350.4 349.7 348.3 348.8 363.2 375.8 372.6 362.1 355.7 352.6 349.3 351 360.6 366.3 367.4 371 367.4 364.4 369.3 370.4 368.1 362.1 356 350.9 347.9 339.4 328 319.3 312 307.4 299.4 297.1 293.7 292.1 291.3 289.9 287.7 286.5 281.6 277.9 273.1 268.5 264.7 261.4 258.5 255 251.7 247.1 244 242.5 233.9 237 239.3 239.1 237.8 235.5 231.5 220.5 222.1 224.2 221.5 219.1 215.8 212.7 211.1 208.8 206.6 206.2 206.4 206.2
315.6 319 324.9 330.9 332.8 338.8 344.6 349.7 350.5 349.6 348.6 356.7 370.6 380.7 380 368.3 361 359.1 355.8 359.3 360.5 361.8 364 365.7 361.4 362.7 366.5 365.4 359.3 353.8 347.4 341 334.8 324.9 316.2 308.7 302.9 300.4 298.8 296.4 295.6 298.8 302 297.2 295.3 290.4 284.4 279.1 274 270.2 266.7 262.3 259.4 256.7 249.9 245.4 243.4 241.1 236.7 227 233.9 233.5 231.9 230.2 227.2 221.1 212.5 217.4 216.6 213 210.8 208.5 207.1 204.6 202.4 202.2 202.9 203.2
317.6 323.4 329.1 330.5 331.3 337.1 341.7 341.3 342.7 342.8 345.7 355.4 364.9 368.1 366.3 363.3 359.3 358.6 359.6 358.3 358.6 359.3 360.3 360.1 357.5 357.8 359.3 352.5 349 344 338.7 332.8 320.3 311.6 305.7 301.8 298.6 297.7 299.3 307.8 311 313.5 310.7 304.8 297.7 291.1 284.1 277.8 272.8 268.8 265.6 260.7 257.2 253.1 247.8 243.2 241 237.9 232.8 226.6 225.3 225.2 223.2 220.9 217.8 215.2 210.1 209.7 209.1 206.2 204.2 202.2 200.1 198.6 197.7 197.9 199.2 199.4
320.2 325.5 330.4 330.7 330.4 328.3 329.9 339.5 340.6 339.5 338.9 344.7 351.9 350.2 349 348.4 358.6 363.6 365.3 362.2 360.6 359.1 356.5 353.4 348.9 343.2 342.7 341 334.6 326.9 322.4 315.4 306.1 302.2 297.6 294.5 294.6 295 304 316.6 320.2 316.4 307.9 303.4 295.8 286.6 278.8 274 268.8 263.5 260 256.5 252.4 247.6 243.8 239.9 235 230.6 227.4 221.5 217.7 215.6 213.3 211.3 208.6 206.6 204.2 203.7 202.4 199.9 198.3 196.9 195.9 195 195.3 196.9 198.1 197.5
319.8 325.3 329.1 329.7 324.1 321.8 323.5 337.9 340 336.4 334.3 337.6 341.2 340.6 345.6 348.6 362.2 369.2 368.7 362.7 359.1 353 348.1 340.7 334.1 330.5 328.1 325.4 318.9 312.9 306.1 301.8 297.4 293.7 290.8 289.1 291 292.4 302.3 311.2 308.5 303.6 298.6 294.5 288.6 281.5 275 269.4 263.3 258.4 254.6 251.2 245.9 240.3 234.9 229.8 225.9 222 217.7 213.4 208.7 205.8 203.2 200.8 200.1 199.4 199.1 199.3 198.7 195.6 194 194.1 193.7 193.7 194.4 195 196.1 198.4
318 322.3 321.6 319.2 317.5 315.7 313.9 324.4 325.2 324.8 325.8 332.1 337.7 338.7 347.8 352.9 362.6 370.7 369.1 362.2 356.5 348.2 339.8 331.3 324.7 320.1 320.5 320.2 313.5 303.9 298.4 295.3 291.2 288.3 287.6 288.3 289.5 295.3 299.8 300.9 294.7 289.4 284.7 281.6 276.6 272 266.4 261.3 257.7 253.3 247.1 241.8 236.9 230.7 224.3 219.5 215.4 211.9 208.9 204.4 202.7 201.7 199.7 197.6 196.5 196.8 195.8 195.4 194.4 193.6 193 192.7 193.2 193.7 194.2 195.5 198.1 205
