data/NO36.asc
ncols 200
nrows 200
xllcorner 330000
yllcorner 760000
cellsize 50
[rows 105 to 139 of 200, columns 0 to 77 of 200]
482.7 469.8 471.2 479.4 490 497.6 504.9 508 509.8 509.6 507.6 503.7 497.7 489.7 477.8 460.8 440.6 421.3 403.3 391.5 387.8 394.8 412.4 430 446.8 463.9 478.8 491.5 500.1 505.3 506 503.6 500.2 497.5 493.9 490.5 487.5 484.3 481 475.4 469.9 462.4 453.9 443.4 431.1 418.1 407.9 399.3 392 385.2 376.7 366.4 354.8 341.7 328.7 316.8 307.1 298.8 290.5 280.7 270.7 260.4 249.2 239.5 230.9 226.6 218.7 217.6 216.4 215.2 214.5 214.2 224 229.2 237.7 244.3 253.2 264.2
476.2 465.1 461.4 472.1 484.3 493 499 502.4 504 503.9 502.4 498.7 493.1 486.1 475.2 458.2 435.2 415.2 398.8 388.2 376.7 387.7 406.1 425.4 443.6 460 474.3 489 500.2 505.6 507.8 507.6 505.8 502.8 499.3 497.2 494.3 491.2 487.1 482.6 478.2 473.2 466.1 458.2 448 435.8 425.8 418.1 410.9 402.6 393 379.1 367.8 354.1 341.4 327.2 315.9 306.8 298.8 289.3 278.9 268.5 258.7 249.3 238.9 228.7 220.1 217.1 216.4 216 214.8 214.3 212.1 223.1 231.7 239.2 248.6 256.7
468.7 454.4 453.1 466.9 478.2 486.5 492.1 495.5 496.9 496.6 495.1 492.6 487.5 480.5 471 455.5 432.5 411.4 394.8 385.2 376.6 383.5 403 420.4 438.8 455.5 470.9 485.7 497.2 504.3 506.7 507.2 505.4 503 500.7 498.3 496.1 493.2 490.4 487.1 483.8 480.2 475.4 468.7 461.7 452.1 442.9 435.9 428.5 419.4 405.9 392.6 378 364.8 350.9 337.5 325.8 315.3 305.5 295.9 287.4 278.9 270.3 259.9 248.8 239.6 232.4 217.3 216 215.3 214.7 213.9 213.2 213.2 224.4 231.7 237.2 248.4
457.5 438.3 446.5 462.3 472 479.7 484.4 486.9 487.7 487.2 485.9 483.3 480.3 474.3 465.5 450.2 430.7 407.7 390.7 381.3 369.5 377 396.4 415.8 433.1 450.4 467.3 482.5 493.8 500.5 503.3 503.9 502.5 500.5 498.1 495.7 493.2 491.4 489 486.9 484.6 482.6 480 475.9 470.9 463.2 454.5 447.2 438.6 429.9 417.4 402.2 387.7 373.7 358.3 341 332.8 323.3 312.9 303.9 294.8 286.5 277.8 269.2 260 250.1 240.5 231.3 219.1 214.9 214.4 213.7 213.4 212.9 212.3 218.9 232.6 240.5
440.8 427.9 433.5 455.6 466.6 473.1 477.2 478.3 476.4 474.9 472.9 471.7 470.3 465.4 457.2 445 428.8 404.8 387.5 377.3 365.7 371.3 390.1 409.9 428.9 445.2 461.6 477.7 488.7 494.7 497.8 498.8 498.1 495.8 492.6 490.2 487.5 485.4 483.7 482 480.8 479.7 479.1 478.7 475.1 469.9 462.3 457.3 448.7 439.2 426.8 412.2 396.5 382.2 368.1 349.7 341 331.8 322.2 311.1 301.6 293.1 285 277.5 269.1 258.5 250.9 242.8 235.7 224.7 214.8 214.1 213.4 213.4 212.3 211 225.3 232.8
421.3 418.8 425.7 448.5 460.8 466.4 467.8 465.9 459.2 451.9 451.3 456.4 457.7 455.9 449.1 439 424 403.4 383.8 373.1 361.2 362.1 382.2 401.9 421.7 439.5 454.2 468.1 481.9 488.6 491.3 492.2 491.9 489.9 485.8 482 478.2 474.7 473.2 472.7 472.3 473.7 475.7 478.5 477.8 474.2 470.2 465.2 458.8 449.4 437.2 423.1 406.7 390.7 376.1 357.7 349.6 341 331.3 319.9 308.7 299.3 293 285.7 276.7 266.2 258.1 251.8 243.9 234.9 225.2 214 213.1 213 212.9 211.7 210.5 227.2
399.9 409.8 428.3 447 455 457.2 454.4 441.2 427.4 421.4 420.6 428.7 438.9 441.3 437.6 430.3 418.2 404.7 382.8 368.9 357.4 354.9 375.7 395.4 413.7 431.2 445.7 459.6 472.2 479.7 483.4 484.5 484.6 481.6 475.9 470.2 465.4 461.9 459.8 462.1 463.7 466.2 472.2 476.8 479.6 478 476.1 473.9 468.8 459.7 447.1 433.2 418.3 401.5 383 367.3 357 350.7 341.4 329.9 319.3 308.5 300.8 293.9 285.1 274.3 265.3 257.7 250.9 241.6 232 219.1 213.6 213 212.6 211.8 210.7 222.1
392.7 414.2 429.4 442.1 446 443.8 429.8 411.9 401.1 395.7 395.3 404.5 414.1 419.8 421.9 419.5 412.6 402.2 383.3 364.8 353.4 343.2 367.6 387.8 407 423.7 438.7 451.9 463.2 470.7 474.9 476.4 475.6 471.4 466.2 458.9 452.9 447.6 444.3 445.7 450.7 457.5 466.4 474.4 479.1 481.2 480.8 479.8 476.2 467.8 455.1 441.2 425.8 410.5 392.4 379.5 369 359.6 351.7 340.1 329.6 318.8 310 302.9 293 281.4 272.8 264.1 256.9 250.4 242.7 233.3 218.8 212.5 212.3 211.6 211.4 214.1
392.4 411.5 424.3 430.5 430.5 422.4 405.2 389.5 379.7 371.4 372.1 384.4 391.1 399 404.8 406.5 404 396.1 382.6 360.3 348.4 336.1 358.9 378.3 398.2 416 430.5 444.3 454 461.5 465.7 466.5 465.4 460.9 454.8 447.4 440.2 432.9 429.7 431 439.5 450.4 460.7 470.7 477.6 481.4 482.1 480.9 477.8 470.8 461.2 449.5 435.3 420.7 405.8 393.8 381.6 370.7 360.3 350.6 339.5 330.6 320.7 314 302.9 295.9 287.2 277.4 267.7 260.9 252.4 245.2 236.3 219.5 212.1 211.1 211.3 208.2
378 399.1 409.4 412.2 409.7 400.3 381.3 366.2 358.1 344.8 345 356.7 369.1 378 385.2 389.4 391.2 387 378.9 358 343.8 331 351.5 370.3 389.4 407.3 421.4 434.5 444.8 451.6 456.8 458.5 455.9 450.9 442.8 434.2 424.7 419.7 420.2 424.5 433.2 446.6 457.5 468.1 475.5 479.5 482 481.5 478.4 473.6 466.2 456.8 446.1 434.3 420.9 409.7 396.1 383 371.7 359.8 348.3 341.6 331 325.8 319 313.1 305.1 295.2 284.7 273.6 264.5 256.2 247.9 237.5 223 210.9 210.9 210.1
355.2 366.7 380.9 383.8 383.1 371.1 354.6 338.1 330.2 324.5 319.1 331.7 345.8 355.5 359.7 368 370.6 371.1 369.7 355 338.3 323.8 345.2 365.2 382.3 400.5 413.9 425.4 435 443.6 448.8 449.5 445.8 438.5 427.6 418 411.6 410.1 412.5 418 429 442.8 455.1 464.8 472.4 477.6 479.7 479.4 478.6 474.9 469.4 462.8 454.3 445.6 435 420.7 408.3 395.1 381.6 369.6 359.1 353.9 346.4 342.3 336.2 329.9 323.9 314.5 302.9 290.5 277.9 268.6 259 247.2 239.4 223.9 210.6 209.8
369.3 347.3 349.2 355.6 356 346.1 328.5 324.1 331.7 326.3 320.6 311.7 321.9 330.7 331 340.6 349.4 353.8 357.5 352.6 332.4 319.4 338.7 358.4 377.9 395.6 407.6 418.1 426.8 433 437.6 439 433.3 426.3 414.5 403.7 400.1 400.7 403.7 412.8 427.1 440.5 452.1 461.3 468.3 473.2 475.7 476.1 475.4 474.1 470.8 466.7 461.3 453.6 445.7 434.1 419.8 407.1 393.1 377.8 367.6 362.4 361.3 359.2 354 348.5 341.4 332.3 322.6 308.7 294 281.1 270.3 259 248.7 238.8 227.9 210.2
390.3 372.6 352.6 343.5 334.2 331.1 343.6 353.3 362.2 358 344.4 322.4 308.1 305.4 307.1 315 323.7 336.8 342.2 343.4 326.4 318.1 338.2 360.6 377 390.4 400.3 410 417.2 422.4 426 425.1 421.5 412.6 403.8 392 389 390.3 393.7 409.2 423.1 436.4 448.3 457.1 462.8 466.4 467.8 469 469.2 469.7 468.9 467.2 464.5 461 454.9 445.5 432.9 418.9 403.1 392 384.9 381.1 377.5 375.4 372.2 366.7 358.9 350 340.3 327.7 311.4 296.3 282.7 271.1 260 249.8 240.6 228.9
413.3 398.1 384.4 373 364 364.8 373.7 383.6 389.1 381 366.2 347.7 330.3 320.5 308.4 299.5 303 312.9 322.1 330.7 322 309.4 336.7 360 374.8 383.9 392.2 400.3 406.9 411.7 414.6 411.6 407 402.8 390.4 381.1 379.1 379.7 386.5 404 419.2 432.8 444.6 451.5 455.8 457 458.6 459.8 460.6 461.9 462.8 463.9 464.6 464.3 460.5 453.6 443.6 430.4 418.6 408.2 401.6 398.3 395.5 391.6 388.3 383.5 376.1 367.4 357.1 346 330.9 310.7 293.6 280.3 270.3 260 249 239.5
438.1 423.6 412.1 403.9 398.3 399.2 405 410.8 411.7 403.3 387.1 371.2 355.1 343.1 331.9 320.2 301.9 294.3 302 318 313.3 310.4 336.2 355.2 365 374.6 381.3 387.5 391.8 397.4 400.4 400 396.6 388.6 378.1 371.6 369.7 364.4 379.8 397.4 415.8 429.2 438.7 443.2 446.4 446.7 446 447.4 449.5 452.2 454.8 456.8 460.4 463 461.8 457.8 450.6 442.3 434.2 426.2 418.7 413.6 410.9 407.1 402.5 397.8 391.1 382.1 371.7 361.5 348.5 327.7 306 290.8 279.6 267.5 257.8 247.2
461.9 448.6 437.1 430.8 428 428.3 431.9 432.4 429.2 419 404 390.6 374.8 361.4 351.7 340.5 326.1 308.1 291.2 298.1 300.2 309.7 328.6 343.6 353.6 360.9 365.6 369.9 374.8 381.4 385.6 387.2 385.8 377.5 368.5 362.5 358 359.3 373.1 391.6 408 421 429 433.4 435 433.5 432.4 432.1 432.4 435.4 441.1 446.8 452.9 457.3 461 460.1 455.6 451.7 446.1 439.5 434.1 428.5 423.2 417.9 412.8 406.9 400.9 392.4 381.6 370 359.6 343.3 322.2 303.3 288.2 276 265.2 255.5
480.6 470.6 459.9 456 453.3 452.6 453.4 449.5 441.6 432.2 418.3 405.8 391.9 378.3 364.7 354.8 340.5 325.7 303.7 288.7 289.3 305.8 316.4 326.5 333.7 340.1 344.5 350.1 358 366.9 372.4 373.2 372.5 366.7 358 352.9 343.4 354 367 388.2 400.6 410.6 417.9 422.4 422.2 419.1 416 413.5 412.1 414.1 422.5 434.1 444 450.9 457.5 460.4 459.3 457 451.8 445.8 441 435 426.8 421.9 417.3 410.5 402.6 394.9 386.9 374.3 363.6 351.8 335.1 315.2 297.2 283.7 272.2 263
493.8 486.4 478.3 472.8 469.6 467.3 463.5 456.2 446.5 435.5 424.4 411.5 399.8 385.8 372.7 358.2 346.9 334.8 318.5 298.7 285.5 290.9 299.3 305.9 312.4 320.7 328.5 333.9 341.4 349.8 355 357.7 357.7 353.4 345.3 341 337.4 346.2 362.9 382 393 401.3 405.3 407.8 406.6 403.8 399.2 396.7 398.7 404.2 410.6 422.8 436 446.5 453.6 457.9 458.6 456 452.4 446.4 439.8 432.9 426.8 421.3 416.7 411 401.1 392 384.9 376.1 363.6 352.7 338.6 324.2 307.8 292.3 279.2 268.7
500.8 493.7 485.7 478.5 473.9 470.2 464.5 455.4 445.2 433.5 424.8 414.1 400.4 387.4 373.1 357.7 343 329 319.1 308.5 287.7 282.7 280.9 288.7 295.9 303.6 310.5 320.1 325 334.4 338.1 341.9 341.6 335.7 328.7 325.6 332.7 345.3 361 373.9 384.4 390.3 392.8 391.3 389.2 384.4 383.7 386.8 390.6 397 405.2 418.6 430 441 448.4 452.7 454.3 452.3 447.6 441.3 434.5 426.8 420.3 414.5 411.3 406.3 398.6 387.6 379.3 368.9 360.1 348.7 338.5 328.1 315.5 300.7 285.9 274.5
505.3 497.4 489 480.2 472.9 466.9 460.1 449.7 439 430 420.8 407.5 394 377.8 361.7 345.7 330.6 318.2 305.4 294 300.2 293.6 286.3 278.7 277.6 286.5 295.9 304.5 311.3 317.5 321.8 324.8 323.8 317.8 314.7 318.5 331.5 347.2 362 368.4 373 375.3 376.2 375.1 373.2 370.9 371.5 375.5 381.2 389.1 402 413.9 425.1 434.2 441.4 445.4 446.4 443.9 438.5 431.8 424.5 417.7 411.3 407.6 404.2 396.4 388.5 378.6 370.2 363.7 355.3 349.5 340 327.7 318.1 306.4 291.2 279.8
505.3 497.5 488.5 478.2 468.4 460.6 452.3 440.7 431.7 420.8 409.1 395.3 379.1 364.8 351.4 330.7 327.6 330.2 327.2 324.8 319.7 313.1 304.9 295.6 284.4 275.3 276.2 284 291.7 299.4 305.5 309.4 309.7 305.5 303.1 319.2 336.1 348.4 357.3 362 364 363.5 363.5 362.3 361 360.5 362.1 365.7 371.2 384.6 398.9 410 419.2 427.5 433.2 436 434.4 430.7 425.1 417.8 410.7 403.9 398.5 395.4 391.5 386.6 377.9 368.5 360.2 355.6 349.8 346.2 339.7 329.8 318.7 307.1 295.3 284.8
502.9 494.7 484.5 472.9 460.7 451.2 442.4 431.4 420.9 406.3 391.5 379.7 368.2 355.3 342.6 333.6 347.1 350.8 350.3 345.9 338.7 330.3 322 314.4 303.3 290.3 274.5 271.7 274.1 284.9 292.2 296.3 295.7 290.1 303.2 320.8 336 344.9 349.9 353.6 354.8 353.6 353.3 352.5 350.7 350.7 352.8 356.8 365.2 379.9 392.3 402.2 411.5 417.5 422.8 422.9 419.9 414.9 407.5 401 394.3 388.7 384.1 380.7 375.8 373.4 365.3 355.4 351.6 350.2 343.3 338.1 333.7 327.3 316.4 307 297.5 288.8
497.8 489.5 477.9 464.4 449.7 435.8 429.2 420.3 407 390.8 379.8 369.7 358.5 345.8 347.1 355.3 364.1 367.5 366.6 363 356.4 347.4 339.7 331.5 321.8 309 293.8 283 269.6 268.7 276.9 282.1 282.4 287.7 303.7 320.3 332.4 340 343 344.1 344.9 344.3 343.1 341.5 340.5 340.7 344 350 361.9 374.7 385.6 394.3 401.5 407.5 408.6 406.3 402.1 395.4 388.4 381 375.1 372.9 368.7 359.8 354.7 351.8 345.5 338.4 338.1 337.9 334 332 328 322.4 314.1 303.4 297.8 291.9
492.2 482.9 470 454.2 437.8 420.6 412.6 405.6 393.2 380.3 371.7 360.2 360.5 360.1 359.4 372.6 380.8 384.6 383.5 380.9 373.4 365.8 356.7 347.8 337 325.5 311.8 301.3 287.8 273.2 266 267.6 270.8 283.1 300.6 314.3 325.3 333.1 335.8 336.2 335.8 334.5 332.6 332 331.2 331.6 335.8 345.3 356.2 367.1 377.6 383.9 390.9 394.7 392.7 386.1 380.6 376.2 368.9 360.6 353.2 349.9 343.1 337.3 335.6 334.3 329.3 327 326.2 324.9 323.4 322.4 318.8 315 309.1 300.8 294.8 290.1
489.5 478.4 463.7 444.2 424.5 413.8 403.1 394 384 371.9 375.3 378.3 379.6 377.1 374.1 387.4 396.8 400.8 401.2 399.7 392.9 382.1 374.9 364.5 354.7 342.4 330 319.2 306.9 293 280.1 266.6 265.3 273.8 291.5 306.5 316.8 323.1 326.8 328.5 326.4 323.3 322.6 322.8 322 319.6 327.4 335.8 349.8 358.9 367.1 373.2 380 380.7 376 370.2 364.6 359.3 350.1 342 335.4 329.8 326 324.3 320 317.8 317.3 318 317.2 316.9 315 313.3 308.4 304.4 300.7 295.5 289.9 284.8
488.4 476.4 459.9 441.3 421.9 409.8 398 387.9 382 380.6 388.9 393.5 395.1 391.3 389.4 401.6 411.2 416.5 417 414.3 410.7 402.1 392.9 381.9 370.4 358.4 345.9 333.5 318.3 305.4 290.9 278.7 262.1 264.9 278.2 294 306.9 314 316.9 317.9 316.6 313.3 311.6 311.8 311.9 312.3 318.3 329.2 339.8 346.4 354.1 362.9 367.9 366.7 362 355.3 348.6 339.7 330.7 324.4 319.4 313.9 311.8 308.1 306.3 306.2 307.8 308.7 308.4 307 307 305 299 295 291.6 287.7 282.6 277.8
487.7 476.6 462.4 443.6 423.9 408 398.5 388.9 382.6 392.4 400.4 405.6 407.5 403.3 401.4 413.6 424.8 429.4 431.7 429.2 425.9 417.6 407.4 396.9 385.9 372.7 357.6 343.2 327.1 312.5 299.4 286.1 274 260.4 264.7 280.8 295.7 303 307.2 308.6 306.6 303.8 301.9 301.9 300.3 303.5 309.7 318.6 327.8 335.1 342.8 351.1 357.4 356.3 351.2 341.3 332.6 321.3 314.5 308.9 304.1 300.5 296.9 294.8 293.9 294.3 296.3 297.6 297.3 295.9 294.2 293 289.5 286 283.2 279.1 274.4 271.6
489.2 479.5 465.8 448.5 427.7 411.1 400.6 392 388.3 401.9 411 416.5 417.5 415.1 413.1 424.4 434.2 441 444.3 443.7 438.6 431.4 420.8 409.2 399.1 384.2 370.1 351.3 335 318.9 304.7 291.3 280.8 268.6 258.6 270.6 279.8 287.5 292.3 293.3 293 293.2 292.4 291 289.3 292.5 299.1 307.7 314.4 322 330.3 335.5 343.2 344.9 334.9 327.6 319.6 308.9 302.2 295.9 289.9 287.3 285.4 282.8 283.8 284.4 284.1 285.1 285.7 285 284 283.3 280.6 278.3 275.9 271.6 267.2 263.6
490.3 481 469.2 451.7 431.7 414.8 404.2 396.8 396 410.6 421.2 426.5 428.4 427.3 426.9 436.5 444.7 451.9 456 454.6 449.8 440.4 429.5 419.7 406.9 390.5 377.6 359.3 339.7 323.5 308.8 296.5 285.5 276.4 262.3 257.4 265.2 269.3 273.6 276.5 280.1 281.8 282.4 280 278.2 281.4 287.3 293.1 301.6 310.3 317.1 322.6 326.6 326.9 322.6 314.9 307.4 298.2 290.4 283.8 279.8 277.6 276.3 275.5 274.7 274.7 273.6 274 275.8 275.3 275.3 275.6 273.1 271.6 269.1 264.7 260.3 256.6
491 482.4 470.3 452.6 433.2 419.2 409.6 401.3 403.6 419 430.4 435.4 438 437.8 440 447.9 454.7 459.8 464.3 463 457.6 449.9 437.4 424.4 410.9 395.5 381.2 361.4 343.7 328.3 311.7 298.5 288.7 278.1 262.6 259.3 255.1 258 260.3 265.1 269.5 272.5 272.6 270.8 269.4 271.7 274 279.8 288.3 294.9 302.9 308.6 310.8 312.2 308.7 304.2 295.9 289.1 282.7 277 271.4 269.2 267.6 267.5 267.2 266.3 265.3 265.5 267.6 266.4 266.5 266.5 265.3 264 261.7 257.6 253.9 250.2
491.5 483.2 471.3 453 435 423.6 415.7 409.4 411.7 427.7 439.2 444.7 447.2 449.9 451.9 457.2 463.6 468.9 469.9 467.4 462.1 455.1 442.3 427.6 410.2 395.8 380.6 361.7 346.9 329.3 313.8 301.9 290.3 274.6 273.7 270.2 264.1 257.3 251.4 250.7 255.5 260.3 261.6 262.1 260.2 263.3 264.7 267.7 270.9 277.7 284.9 292.2 297.8 298.9 297.4 295.1 287.6 280.7 275.8 270.8 264.6 260.9 259.2 260 259.8 259.5 260.2 260.6 260 258.9 258.2 257.7 256 254.5 252.5 251 247.9 244
493.2 485.1 475.4 462 444.7 430.1 422.4 419.3 423.6 437.5 448.4 453.8 458 461 464.2 468.3 472.4 474.2 473.5 469.8 463.8 454.7 441.5 427.3 409.6 391.4 373.3 357 343.5 328.1 315.3 303.8 285.1 289.5 288.9 283.4 274.4 265.5 259 251.9 249 247.9 248.3 250.5 251.1 254.8 255.6 257.3 258.8 261.3 266.9 275.5 282.8 284.7 284.1 280.2 276.6 272.5 267.8 262.8 258.7 255.4 252.3 251.7 252.3 252.6 252.9 253.4 251.7 249.9 249.2 248.7 247.5 246.3 244.7 243.5 241.2 238.1
494.7 487.8 479.3 468.9 457.6 444.2 431.7 431.2 439.1 449.1 459.2 465.6 469.6 472.7 474.9 477.2 480.4 479.9 476.9 470.7 462.8 452.1 438.7 421.3 403.9 384.2 366.8 352 338.8 325.6 313.7 301.7 304.3 307.8 301.9 294.8 287.9 279.3 271.4 265.6 258.4 253.4 246.2 245.1 244.5 245 246.7 246.4 248.8 251.9 254.7 258.7 266.1 270.5 272 269.9 267.4 263.9 259.5 256.3 253.6 250.1 244 244.1 243.7 244.7 245.7 245.6 244 242.1 241.3 240.7 240 239.3 237.8 236.1 234.1 231.9
494.5 489.2 482.9 474.3 465.9 456.2 445.4 449 455.6 463.7 470.7 476.9 480.7 482.4 483.1 483.5 485.3 483.9 478.1 469.9 459.6 447.5 433 414.6 394.6 376.5 359 344.4 333.5 321.5 306.4 310.8 319.7 320.6 316.1 309.8 301.4 293.4 286.8 281 273.6 266.6 259.8 254.4 244.4 242.4 241.3 239.6 239.2 239.5 242.8 246.4 250.9 255.6 257.6 256.9 257 255.3 252.6 249.9 245.8 241.6 239.2 238.4 237.2 236.2 237.3 237.2 236.9 235.3 234 233 231.8 230.7 230.5 229.1 227.2 225.5
491.8 488.8 483.9 477.9 471.6 467.5 466.8 467.6 470.6 476.5 481.5 486.5 489.5 491.6 491.5 490.3 488.5 484.4 477 467.3 455.9 442.5 425.9 404.2 387.4 368.9 348.8 338.1 326.2 323.5 314.3 326 334.1 334.6 332.1 325.8 317.4 308.2 300.8 295.5 289.1 282.3 274.4 269.6 264 258.2 252.6 247.3 241.7 237.4 236 234.7 236.5 242.2 243.8 246.3 246.3 246.4 245.4 242.5 239.3 236.4 232.7 230.8 230.9 230.3 230.1 229.9 228.3 227.8 227.7 225.6 223.7 223.2 222.9 222.4 221.2 219.8
