data/NO39.asc
ncols 200
nrows 200
xllcorner 330000
yllcorner 790000
cellsize 50
[rows 35 to 69 of 200, columns 0 to 77 of 200]
719.1 711.4 700.4 687.5 677.6 669.3 662.2 655.2 651.1 650.7 651.1 652.9 653.5 652.9 651 650.4 647.8 645.9 643.7 640 635.1 630.2 625.2 615.8 609.1 601.9 593.8 585.2 578.6 573.7 571.3 571.5 572.3 570.5 571.3 578.3 582.6 587.3 590.2 592.7 589.9 582.2 575.8 572.1 566.9 562.2 557.2 552.7 550.9 548.9 546.2 544.1 542.1 544.4 538.8 530 518.2 509 496.6 486.8 473 461.1 450.8 442.9 437 432.8 431.3 427.3 423 420.5 414 409.8 407.4 404.8 403.9 401.3 392.5 379.5
719.7 710.8 699.2 686.6 675.4 664.8 655.4 649.9 648 648.7 649.9 652.2 655 656.9 657.7 657.6 656.4 654.9 651.9 648.7 643.9 638.9 632 621.5 612.2 604.2 595.6 586.5 580.6 577.3 576.3 576.1 575.7 574.3 574.7 575.3 577.7 580.7 583.1 585.5 587.1 585.8 584.5 579.7 573.9 570.1 564.7 558.9 555.3 551.3 548.6 546.7 545 548.6 543.2 534.7 522.3 515.7 503.6 492 478.6 469.7 457 447.8 443.5 440.6 441.1 437.7 433.5 427 424.4 421.5 418.1 417.6 418.1 424.2 415.8 403.3
715.4 707.7 697 685.9 672.9 659.4 650.5 645.2 643.9 645.1 647.4 651 655.6 661.6 664.1 665 665.7 663.1 660 656.8 653 647.6 637.9 627.3 613.8 604.3 595.5 587.6 582.4 579.7 578.2 577.1 575.4 572.4 569.5 570.8 571 572.9 575.2 577.5 581.5 585.6 587.7 584.6 578.5 574.7 567.6 560.2 556.2 551.8 549.5 548.2 547.1 548.4 546.9 538.5 526.8 525.3 511.7 499.3 484.5 475.4 464.1 454.4 450.9 450.4 451.3 448.2 442.5 439.9 438.6 435.9 431.2 432.6 429.9 434.9 430.7 420.2
708.5 699.4 692.9 680.7 666.9 655.6 645.9 640.6 639.6 640.4 643.1 646.8 653 660.8 664.9 667.4 668.5 670.1 668.8 665.7 661.7 654.8 644.3 632.5 618.5 605.2 595.6 588 582.1 578 577 574.4 571.6 567.3 564.9 563.2 563.8 565.1 567 569.8 575 579.6 585.8 584.9 579.1 575.5 567.5 559.4 554.4 550.5 549.5 547.7 546.1 546.8 546.6 537.7 533.2 524.2 514 505.9 491.5 481.8 473.1 465.5 462.3 461.8 461.8 459.6 455.9 454.7 452.5 448.5 442.8 440.9 437.3 438.6 436.8 419.4
694.8 690.1 684.1 672.7 660.6 649.7 641.1 635.5 634.4 634.7 637.8 641.3 646.3 654.4 661.6 665.8 666.4 667.1 671.6 672 668.3 660 651.1 637.5 624.1 612 598.4 588.4 582.3 577.4 573.7 570 565.6 559.4 555.3 553.4 553.6 556.1 558.5 562.6 567.1 572.4 578.7 582.3 578 573.1 563 555.6 549 545.1 544.4 544.3 542.7 542.7 543.4 541.1 531.7 523.1 515.4 502.9 495.4 487.8 484.5 478.2 473 477 478.8 475.5 472 467.4 464.8 460.5 451.5 448.2 437.8 435.5 431.2 420.5
680.5 676.9 671.8 661.1 652.8 643 635 629.3 627.7 627.6 630.6 633.6 637.3 642.1 652.1 659.1 661.2 663.7 668.2 668.7 667 662.8 653.8 642 629.9 616.5 602.2 590.4 582.4 577.4 571.7 564.8 557.2 551.6 547.3 543.3 543.5 545.7 549.4 554 559 565.2 571.3 574.4 570.2 563.6 555.4 548.5 543.2 539.6 539 540 539.3 538.7 536.5 529.1 524.8 517.2 510.4 504.9 497.8 492.5 489.7 485.1 481.8 487.8 488.4 485.7 481.6 477 471.9 462.5 454.8 447.5 436.8 429.7 424.3 418.9
664.3 661.8 656.7 651.2 642.8 633.5 626.9 620.8 617.5 618.1 620.8 624 627.5 631.5 638.7 646 652.6 656 659.8 660.4 660.6 659.1 653.8 646 634.4 620.6 606.6 592.9 585.5 579 571 560.3 549.6 543.3 536.9 535 534.2 534.4 537 543.5 550.5 557.4 561.5 564.2 561.1 553 545 539.3 535.8 532.7 531.7 532.8 534.5 535.9 534 525.8 518.7 511.9 508.4 504.3 500.6 495.4 493 486.4 486.9 489.8 489.9 488 482.2 475.9 468.9 461.4 451.8 442.1 432.3 425.6 417.9 412.9
648.4 644.9 643 637 627.6 621.6 615.9 612.4 609.6 608.2 610.5 613.1 616.4 620 624 630.4 636.6 642.2 648.5 650.3 650.3 649.8 647.8 643.1 634.7 622.5 611.1 597.2 588.9 581.8 569.9 557.1 545.3 535.5 529.2 526.4 524.3 524.6 524.5 530.7 538.7 545.2 548.5 551.5 549.7 542.8 535.3 529.3 525.4 523.4 522 523.7 526.2 530.4 531.1 519.8 514.2 507.2 502.1 498 498 492.7 490.9 488.1 485.3 484.2 483.1 480.7 476 471.1 463.8 454.3 445.1 436.1 428.1 421.5 411.5 405
630.9 626 621.8 619.4 614.7 610.2 606.2 602.4 598.5 594.6 597.2 599.2 601.9 604.7 610.1 614.7 619.8 626.5 634.3 636.9 638.6 638.3 638.7 637.5 631.9 623.9 613.5 601.4 590.2 580.6 567.9 553.9 542 531.3 520.6 514.8 511.5 510.8 511.2 516.7 521.8 527.8 533.6 536.9 537.3 534 529 521.1 515.3 511.5 509.8 510.4 515.6 522.9 521.3 517.1 511.2 499.3 494.6 490.8 489.2 486.2 483 480.4 476.4 471.2 471 467.8 466.5 460.8 452.5 443.5 435.8 428.6 421.8 415.7 406.5 398.5
612.7 611 608.1 601.8 599.6 597.2 595.7 592.7 589 585.1 586 588.8 592.4 595.8 597 600.2 604.8 610.3 617.9 622.7 624.8 627.5 630.1 631.6 629.2 623.4 614.9 604.2 591.8 580.6 567.9 554.1 541.4 528.5 515.3 504.7 497.3 497 498.5 502.8 507 508.8 515.3 522.2 524.6 525.9 522.5 517.4 512.7 508.2 503.6 499.7 503.1 509.1 512.5 514.4 507.8 494.1 488.4 483.8 480 477.2 473.2 470.4 466.6 461.5 458 456.1 452.7 447.9 440.7 433.5 426.3 420.2 414.5 408.6 400.2 390.7
598.8 593.6 591.1 587.5 588 587.5 586.1 583.2 579 575.8 577.3 579.6 581 582.6 583.7 585.1 587.8 594.1 602.1 608.3 613.6 618.8 622.4 626.5 626.4 624.6 616.7 607.1 593.4 581.3 567.3 554.3 541.3 527.6 513.9 503 490.2 485.3 486.8 488.2 490.1 491.9 497.4 503.3 509.4 512.5 513.6 512.2 509.2 504.5 497 493.8 492.7 497.4 503.5 506.6 497.7 489.1 484.4 478.8 473.4 468.4 464.7 461 456.1 450.5 443.6 441.6 438.3 433.1 427.4 422.5 418.7 414.4 408.9 402.3 393.6 385.1
581.1 576.2 573.1 573.1 574.4 576.2 574.4 572.1 567.5 562.1 562.5 561.5 564.1 567.7 567.2 569.1 574.2 578.8 585.7 595.5 603.3 609.8 616 621.9 626.3 624.4 616.1 607.3 593 579.7 566.8 553.2 539.7 524.9 511.1 499.5 486.6 469.4 472.7 473.2 474.6 476 480.4 485 491.5 499.4 502.6 505.5 503.1 498.9 490.7 487.4 484.4 488.6 494.7 495.1 490.8 485.3 478.7 471.4 464.6 459.6 456.2 451.8 446.6 440.3 434 427.8 424.5 420 416 412.2 409.7 407.5 401.3 394.9 387.9 379.5
564.5 559 557.1 560.2 561.6 562.2 560.9 557.8 553.4 545.8 546.9 548.2 549.9 549.5 553 556.6 561.4 566.3 572.8 584.1 592.3 602.4 612 620.8 624 619.5 611 600.1 588.1 574.9 562.6 549.2 534.1 518.7 505.2 491 478.8 468 455.2 456.8 458 460.4 463.1 468.2 476.4 484.6 490.8 495.8 496.1 488.5 483.2 480.1 477.1 480.8 486.9 487.4 485.9 481 473.5 462.3 454.7 451.1 447.1 442.3 436.8 430.6 424.3 418.4 413 408.3 406.4 402.7 398.4 399.4 393.2 386.8 380.4 371.3
546.8 544.7 543.8 543.7 545.9 546 543.7 541.4 537.4 529.3 530.9 532.1 533 536.8 540.2 544.6 549.3 554.6 560.9 572.6 584.5 595.3 607.1 614.4 617 610.5 598.6 587.1 577.9 568 556.6 542.3 527.5 512.5 497.8 483.8 471.5 459.8 442.3 437.3 438.6 441.4 446.5 452.3 460.5 469.3 478.4 484.7 484.1 478.6 473.8 471.7 469.6 471.8 478.2 482.3 481.5 479.5 471.4 457.3 447.4 442.1 438.3 432.7 426.2 419.2 412.9 409.3 405.2 400.6 397.5 393.4 391.2 389.9 384.8 378.2 371.5 364.6
537.2 535 531.5 528.8 527.8 528.4 525.4 521.5 515.5 512.2 512.7 515.8 521.3 526.2 530.6 535.3 540 546.1 553.7 565.7 576.1 588.5 599.7 604.3 601.7 594.3 584.2 574.2 565.4 557.8 546.7 533.3 519.9 503.3 488 474.6 462.9 450.4 435.9 412.1 418.2 421.1 428 435.5 445 455.7 464.7 469.9 471.6 467 463.9 461.3 458.3 459.8 467.1 475 476.5 476.4 466.2 453.6 442.3 433.3 428.9 423.5 416.7 410 406.4 402.4 397 392.3 387.5 382.7 381.5 380.9 375.7 368.8 362.7 355.7
526.2 523 519.5 517.4 514.9 509.7 507.1 504.4 499.9 499.1 500.2 504.9 511.5 517.4 522.3 527.1 532.3 538.5 545.6 557.6 568.2 579.9 586.8 587.4 583.8 577.5 569.3 560.8 552.9 545.1 533.3 521.3 509.1 493.4 477.8 463.3 450.8 440.1 428.5 410.2 396.9 405.8 408.6 419.6 430.8 441.6 449.9 455.2 456.7 453.8 451.3 449 446.3 447.1 455.1 463.7 469.7 469.1 460.9 448.4 435.8 424.6 419.8 415.1 409.1 405.7 400.8 395.4 387.5 382.6 377.5 373.2 371.7 370.2 365.8 359.6 354.9 349
515.6 510.7 506.9 504.2 500.4 496.3 493.3 490.7 488.3 486.8 488.8 496.1 502.6 508.7 513.6 518.9 525 532.3 539.9 550.4 559.4 565.9 572.3 573.4 569.6 561.8 554.5 545.7 537.1 527.7 515.9 504.9 493.8 477.9 463.4 449.6 436 423.8 413.7 404.8 389.3 391.7 395.5 400.5 411.1 423.1 430.7 437.7 437.6 439.1 437.6 435.5 433.9 434.4 443.2 452.4 460.1 462.7 454.5 444.4 430 418 412.5 405.1 401.8 401 395.6 388.3 379.8 374.2 369.5 365 363.3 360.2 356.3 351.3 347.3 342.1
504.8 499.6 492.1 488.6 483.7 480.2 477.5 476.3 477.9 476.4 480.9 487.3 493.9 499.8 505.5 511.6 517.8 524.7 532.2 540.2 547.2 552.3 554.7 555.5 551.7 545.8 539.4 529.2 517.9 507.7 497.1 486.7 477.7 463.5 448.5 434.3 420.7 410.3 400.8 393.8 387.6 375.8 382.3 382 392.4 400.5 409.9 416.5 419.4 421.6 421.8 422.7 420.3 422.2 429.6 439.4 448 454.9 449.1 441.3 424.5 413.8 405.8 401 397.3 396.6 390.9 383.7 375.5 370 363.1 357.4 354.2 350.3 346.9 342.3 337.8 332.1
495.8 488.7 480.5 476.2 472.1 469 468.3 466.7 468.1 467.2 473.4 480.4 487.2 493.9 500 503.4 509.8 516 521.5 526.9 534.5 538.2 538.5 537.2 532.2 526.2 519.1 506.4 493.2 485.2 476.3 466.2 456.5 445.8 432.2 418 405.6 396.3 387.9 380.8 375.9 362.1 367.6 365.4 372.7 378.8 388.2 397 401.2 403.3 406 407.4 408.4 408.9 416.3 426.8 437.2 444.6 444.9 436.5 421.6 409.6 400.9 396.9 391.9 389.3 385.6 378.6 372.3 365 356.6 349.4 345.2 337.7 332.7 328.4 324.5 318.2
486.8 479.2 472 467.1 463.1 461 459.9 460 460.8 460.6 467.4 475 482.8 488.5 494.7 497.5 501.7 506.1 509.4 512.6 518 522.6 519.9 517.3 510 502.7 492.4 482.1 468.9 460.1 452.5 443.3 435 425.1 412.8 402.8 392.4 382.8 372.9 365.6 364.1 355.8 344.1 350.4 354.9 361.5 367.7 375.6 380.1 385.9 390 392.4 396.6 397.3 403.1 414.5 425.4 434.3 438.4 431.1 419.1 405.1 396.7 391.8 386 382.1 379.5 376 370.4 363.4 352.1 343.5 333.9 324.7 319.7 316 309.6 301.4
478.9 470.4 464 458.6 455.2 453.9 453.8 453.8 454.1 455.1 463.5 472 478.5 483.8 489.3 491.1 494.3 494.3 494.6 497.1 499 501.4 498.9 492.2 484.3 474.7 465.6 455.9 444.7 434.9 426.9 419.5 412.3 405.1 396.3 388.3 379.2 368.6 357.7 347.3 347.1 343.4 336.3 335.3 338.2 344.2 350.4 354.6 359 363.8 367.8 373 378.7 382.5 388.1 401 413.4 423.7 429.6 423.6 416 402 391.6 385.4 380.1 376.7 378.7 377.2 369.2 360 347.4 335.9 325.8 312.9 306.4 301.4 296.3 285.5
467.9 461.2 455.2 450.3 447.1 447 447.6 447.7 446.7 454.6 462.6 471.1 478.4 483 483.5 483.8 483.8 482.2 480.2 478.5 477.9 474.6 467.2 460.5 452.4 444 436 428.5 419 409.8 402.5 396 390 385.2 378.4 370.9 362.5 353.1 344.2 333.9 329.7 328.5 324.4 323 323.6 327.2 331 334.4 338.2 343.5 346.9 352.1 360.5 368.2 374.5 385.6 399.9 411.9 418 417.7 412.3 400.3 386.3 378.6 373.7 374.1 377.3 375.5 365.1 354.5 341.2 327.8 313.7 301.6 291.6 288 282.2 273.9
455.8 449.6 444.6 439.9 439.2 439.9 441.2 439.9 446.1 455.2 463 471.7 478.1 479.7 477.2 473.4 471.8 465.3 460.8 458.8 448.5 442.7 431.2 423.6 417.7 409.2 404.7 398.6 391.6 384.6 378.7 373.2 368.7 364.4 358 352.1 345 338.1 330.2 321 314.3 313.4 311.9 311.3 311.5 313.1 313.6 316.1 317.9 323 326.7 330.5 339.3 350.9 359.3 372.1 386.2 400.4 409.3 410 405.8 399 385 372.5 367.9 367.3 367.7 364.9 353.1 343.4 330.7 317.1 305 294.2 285.2 279.8 272.6 264.3
442.2 437.7 433.7 431.3 431.1 431.4 433 434.7 444.9 455.4 463.8 472.8 479.2 475.3 469.5 462.5 453.5 443.1 433.6 423.3 412.1 403.6 396.1 386.7 380.1 376.8 373.1 368.2 365 356.8 354.4 350.6 347.6 343.8 339 333.4 327.6 322.2 313.2 305.4 302.3 299.7 298.4 298.3 298.6 298 297.2 297.8 298.9 303.5 308.2 312.2 321.4 333.6 343.3 357.8 375.6 389.5 396 402.6 401.2 394.8 381.7 367.4 362.5 359.6 357.4 349.4 338.4 329.8 318.8 306.9 296.8 286.4 276.6 270.9 264.5 257.9
428.4 425.9 423.2 421.3 419.2 422.7 420.4 432.6 443.6 453.8 464.3 472.4 472.9 468.2 460.9 451.2 436 421.1 404.4 390.8 378.5 369.6 363.5 356.1 350.4 348.2 344.5 338.5 335.7 331.1 330.3 329.3 326.9 323.9 319.5 314.5 309.4 304.8 298.2 294.2 292.4 288.7 287.7 287.2 287.8 286.5 284.5 283.5 286.4 290.9 294.1 299.1 308 318 327.7 340.9 359.8 374.7 387 395 396.7 389.8 375.3 363 357.6 350.3 344.2 335.6 326.6 317.3 308.7 300 289.7 279.7 272.8 267.4 260.1 256.2
417.9 415.4 414.4 412.7 407.7 408 411.5 428.1 441.6 452.1 463.4 470.8 467.2 460.7 447.8 433.1 415.7 398.7 381.9 369 355.5 342.8 337.1 331.4 324.7 323.5 318.9 313.7 311.2 311.7 311 308.9 307.1 304.3 301.3 296 290.9 285.6 285.8 283.9 280.6 279.1 279.2 277.6 278.4 279.1 277.3 276.4 276 280.9 284.2 288.1 295.3 304.2 312.8 324.8 344.5 362.2 376.2 385.2 388.9 379.1 363.4 357.7 349.6 341.3 335.8 324.9 316.8 309.8 303.5 295.2 284.8 277.6 271.6 262 257.1 254.4
408.1 406.1 403.9 401.7 396.5 396.5 411.2 423.1 435.3 448 458.9 466 463.9 451.6 432.7 413.5 395.9 378.5 363.9 350.4 336.9 324 316 308.5 304.5 302.4 298.7 294.7 293.6 291.3 289.3 288.7 288.2 287.1 285.3 280.5 274.5 268.6 268.7 271.8 272.3 272.1 272.6 268.8 270 269.7 271.9 270.3 270.3 272.1 275.3 280.4 286.3 293 301.4 310.8 331.2 349.5 365.5 374.3 378.8 372.9 361.3 352.7 342.1 332.5 326.1 317 312.5 306.9 300.8 293.5 286.8 279.5 271 265.2 257.5 252.6
399.7 396.4 391.8 388.2 380.2 397.1 409 419.1 430.2 444.8 456.7 459 448.8 432.1 413.9 394.8 377.6 360.5 346.3 330.6 317.6 308.6 300.7 292.3 288.3 286.8 279.8 279.1 278.9 274.3 272.6 272.3 270.9 272 268.5 266 261.9 258.8 259.7 263.2 263.1 261.2 263.6 261 262 262.5 265.9 265.6 265.3 265.7 267.3 271.9 276.9 282.8 290.4 299 318.6 338.7 354.2 366.4 370.3 366.3 357.6 343.7 335.1 327.3 318 314.6 309.9 305 299.4 296.2 291.3 281.6 270.3 265 256.7 248.7
388.9 387.7 381.5 373.4 380.1 397.1 406.4 415.4 425.8 441.4 449.5 440.2 428.6 411.7 391.8 375.8 358.9 343.2 330.3 318 307.4 299.5 291.3 279.4 271.6 271.2 266.4 262 263.1 261.5 261 259.3 257.9 255.9 254.8 254.7 255.5 256 255 254.6 255.3 254.6 254.6 253.4 253.9 254.8 254.9 256 257.2 260.5 261.1 264.9 269.1 275 281.7 289.7 308.2 327.6 343.5 355.7 361.4 359.2 348.2 333.4 328.4 321.3 315.2 311.9 308.3 304.5 303.1 301 298.3 284.5 266.4 263.4 248.4 245.6
380.9 374.4 368.4 361.1 380 397 407.5 412.4 420.9 428.6 431.2 424.5 411 391.2 372.9 356.1 340.7 328.3 315.6 305.6 296.3 290.2 281.3 275.8 266.9 261.8 260.4 260.2 258 255.1 251.7 251.6 248.6 248.9 248.9 248.5 248.2 244.3 244.1 242.1 241.9 242 243.7 245.7 245.2 248.1 249.5 248.9 250.6 252.2 253.3 257.9 261.9 265.7 273.1 280.7 298.5 317.3 333.3 344.5 351.7 349.6 344.4 323.7 318.1 313.7 309.6 309.2 306.4 306.9 307.4 306.2 305.8 294.9 269.7 253.5 248.8 245
371.8 363.1 353.3 366.2 380.7 387.5 394.9 404.2 412.7 413.9 409.8 400.1 388.6 370.8 353.2 337.7 326.3 314.8 303.4 289.7 284.8 278.7 273.7 268.6 263.8 258.8 258.8 256.7 251 249.3 243.6 241.5 241 239.9 238.7 238.5 238.5 238.3 238.1 237 236.8 237.3 239.5 240.7 239.1 236.3 234.1 234.8 237.5 242.7 247 245.3 252.4 256.9 263.1 270.7 288.4 306.7 322.3 334.7 339.7 338.4 325.2 311.2 308 305.8 301.9 303.1 304.3 308.3 310.1 310.2 305.9 284.2 263.2 250.6 245 241.6
363.6 354.9 342.1 363.8 370.3 375.3 379.6 389.3 395.8 393 387.4 376.1 364.5 350.4 335.4 324.1 312.9 301.4 289.3 281.3 277.6 269.2 266.4 260.2 260.4 255 248.3 243.5 238.9 237.9 237.9 237.9 237.9 237.8 237.6 238.1 238.4 238.4 238.3 237 236.6 237.1 237.1 236 235.2 234.3 234.2 234.2 234.1 234.4 236.5 242.1 245.2 247.4 254.2 262.7 275.7 292.5 306.9 318.7 319.2 314.7 309.4 300.8 298.3 295.9 291 296.4 298.7 301.9 304.2 298.5 284.8 269.2 255.7 249.1 241 238.7
352.4 347.6 335.3 352.7 360.4 364.6 369.4 372.7 374.9 369.7 362 351.2 341.6 331.5 321.1 310.5 298.9 285.5 278.2 271.6 264.6 261.9 261.8 257.2 255.7 241.1 239.7 237.9 238 238.8 239 238.4 238.4 238 237.8 237.4 237.3 237.2 237.2 236.4 236.1 235.7 235.1 234.5 234.4 234.3 234.2 234.1 234 233.5 232.6 232.1 236.1 239.8 245.9 253.5 265.1 277.3 287.8 292.1 292.4 288.9 288.7 288.8 286.2 283.7 284.1 289.3 291.4 293.4 292.5 284.7 271.9 259.4 249.2 243.6 238.5 235.2
345 340.9 325.8 338.9 347.3 352 357.6 357.6 353.7 348.8 338.6 331.2 323.9 315.4 306.7 296.2 285.3 273.4 268.5 263.8 262.2 258 255.5 251.7 241.6 239.3 238.3 240.8 241.8 241.1 240.7 239.6 239.3 238.5 239.2 238.7 241.3 237.5 236.4 235.7 235.4 235.8 235.2 234.3 234 234.2 234.4 234.3 234.7 233.7 232.5 232.1 232 231.8 232.1 242.9 252.3 263.2 270.6 272 272.3 271.8 272.1 274 271.7 272.2 274.7 277.4 280.2 281.6 277.1 268.6 260 251.3 245.8 240.2 236 232
334.6 332 324.2 325.5 332.6 338.4 341.3 338.4 335.7 329.1 321.8 314.8 307.3 300.3 291.9 285.2 274.1 265.2 261.9 261.4 256.5 255.6 248.7 241 239.4 238.8 239.5 240.9 240.5 241.7 241.6 240.7 239.9 239.1 239.7 240.2 239.3 237.1 235.9 235 234.6 236 234.1 234.9 234.1 235.2 234.9 234.8 234.7 233.3 232.7 232.4 232.2 232.2 232.2 232 240.8 251.9 255.6 261.3 260 261.3 261.6 262.5 260.3 258.7 259.1 260.5 263.8 266.3 260.1 253.6 249.7 246.5 242 237 234.3 226.5
