data/NO45.asc
ncols 200
nrows 200
xllcorner 340000
yllcorner 750000
cellsize 50
[rows 37 to 73 of 200, columns 0 to 81 of 200]
116.2 114.1 113.2 112.7 113.2 113.1 112.5 112.4 113.2 119.5 121.5 121.3 106.2 102.4 102.2 101.6 101 100.5 100.5 100 99.9 99.7 98.9 96.9 96.6 96.5 96.9 98.6 97.3 96.2 95.3 94.1 95.2 103.2 104.7 104.2 104.4 104.1 103.5 102.3 100.7 99.9 99.7 98.8 98.6 98.5 98.8 99.8 99.4 98.9 98.6 97.1 93 99.8 96.7 101.4 102.7 102.6 103.4 104 104.5 105.5 105.4 105.5 105.2 105 104.2 104.6 104.4 105.1 105.8 106.5 107.2 106.9 106.5 106.7 106.9 107.1 107.5 107.6 107.2 106.9
115.1 117.1 117.8 115.9 115.3 114.6 113.8 112.5 111.4 114.8 118.4 119.9 120.2 119.9 114.3 109.2 106.2 106.8 109.2 110.8 111.7 104.9 99.8 99 97.9 97.8 99 98.6 98.1 97.3 95.7 94.1 93.7 95.3 103.7 103.4 103.2 102.7 100.3 99.4 98.2 97.4 91.4 88.8 95.4 95.7 97.3 97.6 97.2 97.4 98 96.2 93.5 95.6 101.4 103.9 105.1 105.2 105.1 104.9 105.9 105.9 106 106.1 105.9 105.4 104.8 104.5 104.6 104.8 106.1 107 107.6 106.9 106.5 106.7 107 107.2 107.1 107.3 107 106.8
120.4 123.4 123.8 121.5 118.3 116.9 115.1 113.1 111.1 110.9 115.6 118.3 119.6 119.2 118.9 117.9 116.6 115.6 115.1 114.8 114 110.6 102 99.5 99 99.3 99.2 98.8 98.3 97.8 95.6 94.7 95.2 93.6 93.3 97 100.9 99 96.9 96.3 95.6 89.6 90.5 94.4 90.9 87.1 91.7 94.8 93.9 89.6 86.7 85.8 89 99 99.1 103.3 105.9 106.9 106.8 106.5 106.4 106.3 106.3 106.5 106.7 107 106.6 106 105.7 105.8 106.1 106.7 106.7 106.9 106.6 106.8 107 107 106.9 106.9 106.8 106.7
125.8 125 125.1 123.6 121.1 117.9 115.6 113.8 112.1 110.3 109.3 117.9 119 118.4 117.7 116.9 115.8 114.9 114.1 112.6 111.6 111.9 108.2 98.7 99 99.6 99.3 98.7 98.3 97.8 96.2 95.5 95 95.4 94.7 93.7 92.3 92.4 96.1 95.8 94.7 92.6 90.2 94.5 100.2 95.1 89.6 90.1 89.9 92.3 95.3 98 98.3 95.8 90.5 84.3 94.1 101.4 106.2 107.5 107.2 106.6 106.6 106.8 107.1 107.2 106.8 106.5 106.7 106.9 107 107 106.8 106.4 106.6 107 107.1 107.3 107.5 107.2 107.4 107.3
127.3 126.1 125 125.3 121.8 118 116.2 114.5 112.6 110.4 109.3 117.7 118.6 117.5 116.7 115.7 113.1 111.5 110 108.3 107.7 107.9 108.6 107 100.1 100.4 99.2 98.7 98.3 97.8 96.9 95.7 95.5 95 94.4 94.8 93.3 92.6 92.2 92.1 93.7 92.5 91 92.2 97.4 99.9 97.2 99.1 97.8 98.5 100.4 102.9 102.1 102.7 94.8 90 84.2 87.9 91.3 93.8 103.8 107.1 106.7 107.2 107.6 107.3 107 107.3 107.5 108 108.3 108.3 107.3 106.3 106.6 107.3 107.8 108.1 108.5 108.2 108.6 108
126.4 125.5 124.6 123.9 121.2 117.8 116 114.3 112.2 109.4 111.2 117.1 118 116.3 113.6 110.8 107.6 104.6 104.5 104.7 102.7 103.6 103.3 102.6 103.1 105.6 99.6 99.7 99.1 98.5 97.4 96.6 95.5 94.9 94.7 94.7 93.8 93.2 93 92.1 91.3 90.8 91.4 91.9 92.5 94.7 99.4 101.8 102.6 103 105 106.1 105.7 105.2 99.5 92.6 90.4 87 84.5 90.6 92.4 103.8 107.4 107.6 107.6 107.5 107.7 108 108.3 108.6 108.6 108.3 108.1 108 108.3 109 108.7 108.4 108.8 109.3 109 108.1
125.8 124.1 122.4 122.1 120.6 117.9 115.8 114.2 112.3 109.4 108.8 113.1 110.9 106.4 107 105.6 106.4 108.9 109.7 109.2 108.4 107.3 107 104.9 101.7 100.8 101.2 100.9 100.4 99.8 100.6 102.6 104.7 97.5 94.4 94.5 94.2 93.8 93.9 93.3 93.1 92.4 92 92.3 92.5 102.3 104.6 104.7 105.4 105.7 106.4 107.4 107.2 106.7 104.1 94.8 92 89.3 88.2 84.3 90.2 91.4 100.2 107.9 108 108.2 108.4 108.5 108.5 108.4 108.3 108.1 108 108.6 109.8 110 109.8 109.5 109.3 109.4 109.4 108.1
125.2 123.4 122.3 121.6 120.7 118.1 115.5 114 112.4 110 108.6 108.2 108.2 107.4 108.8 111.6 114.8 116.3 115.3 114.8 114.3 114.8 115 114.8 113.6 110.7 108.3 106.7 106.3 105.8 106 106.1 107.4 107.8 107.8 106.1 102.4 101.2 99.8 98.3 98.2 97.7 97.9 100.4 106.6 107.1 107.1 107.1 107.3 107.6 107.8 107.9 108.5 107.6 106.1 100 93.2 91.5 91 90.4 84.2 88.3 91.3 107.7 108.5 108.3 108.7 109.1 108.5 108.3 108.2 108.1 107.9 108.3 109.3 109.5 109.8 110 109.7 109.1 109.4 108.2
124.7 123.2 122 120 118.9 117.8 115.3 112.6 111.6 110.6 109.5 109 108.2 114.8 116 116.9 117.9 118.5 119.3 119.4 118.2 117.8 117 116 115.1 114.1 113.3 112.6 111.8 110.9 109.9 109.2 108.9 108.7 108.8 108 107.7 108.2 107.8 107.3 107 106.8 106.9 107.2 107.6 108.3 108.4 108.5 108.6 109 108.3 108.7 109.1 109 107.8 106.2 95.7 92.1 91 90.1 88.7 87.3 86.6 102.9 108.7 108.1 108.5 108.9 108.4 108.3 108.2 108.1 107.9 108 108.8 109 109.2 109.5 109.7 109.2 109 108.2
118.4 117 115.6 115 114.5 113.7 113.7 113.1 112 111.4 111.2 114.1 117.6 118.2 118.8 119.8 120.7 120.7 120.2 120 118.9 118.3 117.6 116.5 115.5 114.8 113.4 113.5 112.6 111.7 110.8 109.8 109.7 109.6 109.7 108.9 108.9 109.4 109 108.2 108 107.9 108.2 108.7 108.7 109.4 109.8 110 109.5 109.3 109 109.4 109.8 110 108.9 107.4 99.9 93.4 90.7 89.2 88.3 88.4 84.4 98 108.6 108.1 108.2 108.5 108.5 108.2 108.2 108 107.8 107.8 108.4 108.5 108.7 108.8 108.7 108.4 108.3 107.8
121.9 122 121 120.8 120.1 120 120.1 119.1 118 119.1 120 120.6 121.2 121.6 121.9 122.4 122.4 121.7 121.5 120.9 119.2 118.5 117.9 116.9 116.2 115.4 114.6 114 113.5 112.6 111.7 111 110.8 110.9 110.8 110.8 110.7 110.7 110.1 109.5 109.2 109.1 109.5 110 110.1 110.4 110.4 110.3 110.1 109.8 109.7 109.8 109.4 109.8 109.7 108.5 103.3 95.8 92.5 89.8 88.7 88.2 84.8 93.8 108.7 108.8 108.4 108.3 108.3 108.3 108.1 107.9 107.7 107.7 107.9 108 107.8 107.7 107.4 107 106.7 106.3
124.3 123.3 122.8 123.9 122.5 122.3 122.6 122.8 123.2 124.6 124.6 124.6 124.5 124.8 125.1 125 124.4 123.8 123.4 121.8 119.8 118.7 118.1 117.5 116.7 115.9 115.1 114.3 114.3 113.8 113.1 112.4 112.3 112.5 112.5 112.3 112 111.7 111.2 110.8 110.4 110.6 110.8 111.3 111.3 111.2 110.8 110.4 110.4 110.2 109.5 109 109.2 109.5 109.8 109.7 106 97.7 96.7 90.4 88.6 88.7 86 92.1 106 109.1 109 108.3 108.4 108.1 107.8 107.5 107.3 107 106.9 106.8 106.5 106.1 105.6 105.1 104.8 104.4
126.4 125.9 125.4 127 126.1 126.6 126.1 126.2 128.2 128.7 128 127.9 127.9 128 128.1 126.9 126.3 125.8 124.6 122.5 120.3 118.9 118.6 118.1 117 116 115 114.4 115.2 115.6 114.7 113.8 113.9 114.1 114.2 113.8 113.4 113 112.4 112 111.5 112 112.2 112.2 111.9 111.4 111 110.7 111 109.9 108.8 108.7 109 109.2 109.3 109.2 107.2 100.6 96.8 94 88.5 89 86.9 90.4 97.6 103.4 104.6 104.7 105.7 106.5 106.8 106.2 106 105.8 105.7 105.6 105.2 104.6 103.8 103.3 103 102.7
128.3 128.2 128.1 130.2 130.7 130 129.6 130.5 132.1 131.3 131 131.1 131.1 131.2 129.9 128.9 128.2 127.1 125.6 123.9 122.1 121.4 120.7 120.1 119.2 118.2 117.4 116.7 116.8 117.3 116.4 115.6 115.7 115.8 115.7 115.2 114.7 114.3 113.7 113 112.8 112.4 112.2 112.2 111.9 111.3 111.2 110.8 110.1 109.2 108.3 108.3 108.5 108.4 108.3 108.1 108.3 103.8 97.2 95.2 88.5 88.8 87.1 88.3 92.1 96.4 96.3 97.6 99.6 102.5 104.6 104 104.3 104.6 104.5 104.3 103.6 102.9 102.2 101.6 101.5 100.6
131.3 131.4 131.6 133.9 134 134.8 135.8 135.9 135.2 134 132.8 132.3 132.1 131.9 131.5 130.6 129.5 128 126.6 125.5 124.7 123.7 122.8 122.3 121.7 120.8 120 119.4 118.9 118.3 118.1 117.5 117.4 117 116.6 116 115.9 115.6 114.7 113.8 113.2 112.6 112.3 112.2 112 110.7 110.4 109.7 109 108.4 107.8 107.5 107.6 107.5 107.3 108.1 108.4 106.9 101.1 95.4 89.8 88.5 87 86.7 89.8 95.7 95.7 95.4 95.1 96 99.3 101.8 102.7 103 103.3 102.8 102.3 101.8 101.2 100.4 100 99.3
134.4 135.5 135.8 137.9 139.7 140.5 140.8 139.2 138.2 136.6 135.2 134.5 132.8 132.3 131.8 131.3 130.4 129.2 128 126.8 126.7 126.1 125.6 125.3 124 123.3 122.6 121.8 120.8 119.4 119.1 118.6 117.9 117.8 117.4 116.3 115.8 115.2 114.9 114.2 113.6 113.1 112.5 112.3 111.2 110.4 109.6 108.9 108.3 108.2 108.2 106.5 104 104.1 104.5 107.7 108.4 108.3 106.5 98.3 92.5 88 86 87.5 88.8 93.9 95.8 94.5 94.6 94.9 96 99.9 101.3 101.6 101.4 102 101.4 100.8 100.2 100 99.6 99.3
138 139.6 141.2 142.1 144 143.5 142.1 140.2 140.2 138.4 136.9 135.1 133.4 132.9 132.3 131.6 130.9 130.3 128.9 127.7 127.6 127.6 127.3 126.8 126.2 125.1 124.1 122.9 121.7 120.8 120.2 119.5 118.8 118.1 117.2 116.3 115.4 114.6 114.2 113.2 113 112.8 112.6 112.2 110.8 109.8 109.1 108.5 108.2 108.4 108.7 108.2 106.9 105.5 103.2 99.9 107.2 107.7 106.6 101.3 93.8 89.6 86.3 86.9 87.7 90.7 94.6 94.8 95.1 94.9 93.9 96.1 97.7 99.4 100.7 100.8 100.8 100.4 100 100 99.8 99.7
142.3 144.1 145.3 146 146.6 145.1 143.1 140.6 139.1 137.6 136.3 135.2 133.9 133.2 132.2 131.4 131.1 131 130.6 128.6 128.7 128.8 128.7 128.2 127 126 125.3 123.8 122.1 121.4 121.1 120 119.3 118.2 117.1 116.3 115.4 114.4 113.3 112.7 112.5 112.6 113 112.9 112 110.9 109.7 108.7 108.5 108.6 108.6 108.6 108.4 107.8 107.3 100.2 100 106.7 106.3 103.6 96.1 90.8 87 85.6 86.4 87.7 93 92.6 92.9 92.4 90.3 90 92 93.8 97.1 99.1 100.4 100.3 100 100 99.2 99
145.9 146.9 147.6 148 147 145 141.9 140 138.3 136.7 135.5 134.8 133.9 132.9 132 131.6 131.4 131.3 131.2 130.7 129.4 129.4 128.6 128.2 127.5 126.4 125.4 124 122.4 121.3 120.8 120.3 119.3 117.7 116.9 116.2 115.4 114.6 114 113.5 113.1 113.5 114.2 113.7 113.1 112 111 109.8 109.1 109.2 109.2 109.3 108.7 108 107.4 102.8 93.8 96.7 99.7 100.2 92.6 88.5 87.4 82.3 84.8 85.7 86.4 88.6 89 87.4 85.4 84.6 84.4 84.2 90.1 92.3 94.1 93.4 93.1 94.5 95.3 95.2
147.2 147.7 147.4 146.1 144.2 142.4 140.5 138.9 137.3 135.7 135 134.3 133.5 132.5 132.2 131.9 131.6 131.5 131.2 130.9 130.2 129.4 128.8 128.1 127.3 126.5 125.4 124.5 123.3 122 120.8 119.9 118.8 117.5 116.9 116.2 115.6 115.3 114.9 114.4 114.4 114.7 114.9 114.4 114.2 113 112.5 111 109.8 109.7 109.8 109.7 109.3 108.7 108 105.4 99.7 93.6 91.3 89.5 88.7 89 87.7 85.4 82 83.7 84.5 85.3 85.5 85.1 84.6 84.6 84 83.2 86.8 87.5 86.7 86.9 88 90 89.4 83.6
147.6 146.8 145 143.8 142.6 140.6 138.7 137 135.4 134.8 134.2 133.6 132.9 132.7 132.4 132.1 131.9 131.5 131.1 131 130.3 128.8 128.3 127.7 126.7 126 125.2 124.4 123.6 122.2 120.8 119.5 118.6 117.8 117.4 116.9 116.4 116 115.6 115.5 115.7 115.7 115.6 115.1 115.3 115 113.6 112.1 111 110.2 110.3 110.1 110 109.5 108.9 108.1 107.5 103.3 100.4 104 106 105.8 100.8 94.5 88.5 81.3 82.7 84.7 85.6 85.4 83.8 84.2 83.8 82.9 79.2 78.6 78.2 78.1 77.8 76.9 76.6 78.5
145.8 144.1 142.3 140.4 139.4 138.6 136.9 135.2 134.6 133.9 133.3 132.7 132.2 132.3 132.2 132.3 131.9 131.5 131.1 131 130.1 128.6 127.3 126.5 126.6 125.9 125.2 124 123.2 121.8 120.6 119.1 119.3 119.2 118.8 118.4 118.2 117.9 117.7 116.9 116.7 116.6 116.1 116.2 116.6 116.4 114.7 113.3 112.2 111 110.8 110.4 110.1 110.3 109.7 108.9 109.5 107.5 107.6 108 108.1 108.3 107.5 105.3 98.6 93.6 86 80.8 82.4 85.1 83.6 83.3 83.1 82.2 84.9 92.3 93.3 91.6 90.4 90 94.1 100.9
143.4 141.6 139.8 138.6 137.6 136.5 134.9 134.3 133.7 133 132.4 131.8 131.4 133.1 132.8 131.9 131.4 130.7 131 130.9 130.6 130.2 129.5 129 128.6 127.6 125.9 124.3 122.8 121.7 121.6 121.5 121.4 121.4 121.3 121.1 120.8 120.4 120.2 118.7 118.5 118.3 117.6 117.3 117.2 116.7 115.7 114.5 113.3 112.1 111.3 111 110.7 110.8 110.7 110.3 109.9 109.1 109.2 109.3 109.2 109.6 108.8 107.9 107.5 107.3 104.1 90.1 85 80.2 79.9 81.5 82.5 81.1 81.9 102.1 104.4 103.2 102.7 102 102.5 101.8
140.8 139.4 137.9 136.7 135.7 134.6 134.1 133.4 132.8 132.2 131.5 130.9 130.9 131.8 131.5 131.5 131.5 130.6 131.3 131.1 130.8 130.7 130.7 130.4 129.7 126.5 124.7 123.1 122.7 123.5 124 123.8 123.8 123.7 123.8 123.7 123.2 123 122.2 120.5 120.2 119.9 119.2 118.2 117.8 117.1 116.2 115.3 114.1 113.2 112.5 112 111.6 111.5 111.5 111.6 111.2 110.9 110.6 110.3 110.2 108.7 109.3 109.3 109.1 108.6 107.7 98.3 85.6 85.1 84.6 84 79.9 83.2 83 99.4 105.3 104.5 103.6 102.2 102.4 101.9
139.2 138.1 136.5 135.6 134.4 133.8 133.3 132.6 131.9 131.3 130.9 130.4 130.8 131.2 130.7 130.8 131.3 131.5 131.7 131.5 131.4 131.1 131 130.2 129.1 125.8 124.1 125.2 126.2 126.1 125.8 125.5 125.3 125.6 125.7 125.4 124.8 124.3 122.9 122.3 120.4 120.8 120.3 119.1 118.1 117 116.4 116 115.2 114.3 113.7 113.2 112.7 112.6 112.7 112.8 112.4 111.8 111.5 110.8 110.8 110.9 110.6 110.4 110.2 109.7 108.6 107.4 95 85.6 85.2 84.6 84 83.3 86.9 103.4 105.1 104.2 103.3 102.5 102.1 101.5
137.6 136.8 135.4 134.6 133.8 133.2 132.5 132 131.6 131.4 130.9 130.5 130.9 130.9 130.3 130.9 131.3 131.8 131.9 131.4 131.3 131.2 130.8 129.7 127.4 125.7 127.3 128.3 127.6 127.5 127.3 126.3 125.3 125.1 125.3 125.7 125.1 124 122.1 121.3 120.3 120.5 120.2 118.7 117.6 117.3 117 116.6 116.1 115.5 114.9 114.3 114 113.7 113.6 113.6 113.1 112.7 112.1 111.4 111 111 111.1 111 111.1 110.7 109.9 108.9 105.5 97.2 90.1 92.5 94.5 96.2 103 105.6 104.9 104 103 102.3 101.8 101.4
136.6 135.7 134.8 134.3 133.6 132.7 132 131.7 131.6 131.4 131 130.6 131 130.6 129.9 130.7 131.4 131.7 131.8 130.6 129.9 130.6 130.2 128.5 126.8 128.9 130.1 129.3 128.8 128.1 126.8 126.3 125.3 124.6 124.8 124.5 123.7 122.9 121.5 120.6 121.2 120.2 119.3 118.7 118.3 118 117.6 117.3 116.6 115.9 115.7 115.2 114.8 114.5 114.4 114.3 113.9 113.3 112.6 111.7 110.9 111.2 111.2 111 110.7 110.2 109.3 107.6 107.3 107.3 107.3 107.1 106.5 106.3 106 105.3 104.8 104.2 103.4 102.6 102.1 101.6
136.1 135.3 134.6 134.3 133.4 132.5 131.7 131.5 131.4 131.2 131.1 130.7 130.8 130.2 129.4 130.5 131.5 130.8 130.1 129.3 128.2 127.1 127.2 128.3 130.9 130.7 130.3 130 129.1 127.8 126.6 125.9 125.3 124.5 123.9 123.1 122.4 121.6 120.8 120.7 121 120.5 119.7 119.5 119.2 118.7 118.3 117.9 116.8 116 116.1 115.8 115.4 114.9 114.8 115.1 114.4 113.7 112.4 111 110.6 111.1 111.3 110.9 110.3 109.6 108.7 107.5 107.3 107.3 107.3 106.9 106 105.8 105.5 105.1 104.6 104.1 103.5 102.9 102.4 101.8
135.6 134.8 134.2 133.8 132.9 132 131.7 131.3 131.1 131 130.9 130.7 130.4 129.7 129.1 130.2 129.2 129.3 129.3 128.9 129.2 128.2 130.6 131.1 131.1 131 130.2 130 128.7 128 127 126.2 125.2 124.1 123.3 122.4 121.5 121.1 120.8 120.6 120.8 120.8 120.5 120.6 120.1 119.6 119.1 118.5 117.7 117.2 116.8 116.4 116.1 116.2 116.1 116.2 114.2 112.9 111.7 110.5 110.4 110.9 111.2 110.5 109.8 109.1 108.3 107.2 107.5 107.5 106.7 106.2 105.6 105.3 104.9 104.5 104.1 103.6 103.1 102.6 102.2 101.7
135.1 134.4 133.8 133.3 132.4 131.9 131.7 131.1 130.9 130.7 130.6 130.5 130.1 129.3 128.8 128.7 128.7 129 128.9 129.2 129.5 130.7 131.6 131.5 131.6 131.1 130.4 129.8 128.8 127.3 126.9 125.7 124.5 123.4 122.7 122.3 122.1 121.7 121.4 121.2 121.4 121.4 121.7 121.5 121.4 121 120.2 118.9 118.4 117.9 117.2 117 116.7 116.8 116.6 115 113.1 111.3 110.4 110.2 110.2 110.6 110.4 109.8 109.1 108.4 107.8 107 107.8 106.7 105.9 105.4 105.3 104.9 104.5 103.9 103.5 103.1 102.7 102.2 101.5 100.9
134.6 134 133.4 132.9 132.1 131.9 131.6 131 130.7 130.5 130.3 130 129.7 129 128.8 128.9 128.7 128.6 129.3 129.9 130.9 131.8 132 131.9 131.9 131.7 130.9 129.7 128.9 127.7 126.7 126.2 125.7 124.7 124.2 124 123.7 123.2 122.6 122.6 123.2 123.1 122.3 122.1 121.9 121.7 120.9 119.5 118.6 117.9 117.6 117.4 116.8 116.2 115.2 113.6 112.1 110.8 110.2 110 109.9 110.3 109.6 109 108.3 107.7 107.2 106.6 105.9 105.6 105 104.7 105 104.7 104.3 103.9 103.5 102.9 102.4 101.8 100.8 100.4
134.2 133.6 133.1 132.4 132.1 131.8 131.6 131 130.6 130.2 129.9 129.6 129.3 128.8 128.7 128.8 129 129 129.6 130.3 131.5 132.2 132.4 132.3 132.3 132.3 131.5 130.4 129.3 128.4 128.2 128 127.6 126.9 126.4 125.9 125.5 125.6 124.1 124.4 125.3 124 123 122.4 122.1 121.5 120.8 119.7 118.7 117.8 117.3 116.1 115.3 114.7 113.5 112.2 110.9 110.1 109.9 109.8 109.6 109.5 108.9 108.3 107.9 107.5 107 106.6 105.1 104.7 104.6 104.6 104.7 104.4 104.1 103.7 103.3 102.9 102.5 101.8 101.1 101.1
133.9 133.3 132.7 132.3 132 131.8 131.5 131 130.4 130.3 129.9 129.4 129 128.7 128.8 129 129.2 129.5 130 130.7 132 132.2 132.6 132.8 132.9 133 132.2 131.1 130.2 129.7 129.6 129.3 129 128.8 127.9 127.1 126.5 126.8 125.4 124.9 125.9 124.5 123.5 122.8 122 120.8 120.1 119.2 118.3 117.5 116.5 115.4 114.2 113 111.9 110.7 110.1 109.9 109.7 109.5 109.4 109 108.6 108.1 107.7 107.3 106.9 106.4 104.3 104.2 104.2 104.3 104.4 104.2 103.8 103.4 103.1 102.7 102.4 102.2 101.5 101.7
133.7 133.1 132.7 132.4 132.1 131.8 131.5 131 130.5 130.8 130.7 130.4 130 129.9 129.9 129.8 129.9 130.2 131 131.7 132.4 133.3 133.1 133.1 133.4 133.8 133.3 132.7 132.2 131.6 131.1 130.4 130.2 130 128.5 127.7 127.1 126.8 126.8 126.3 125.7 124.4 123.3 121.9 120.6 119.4 118.3 118.2 117.2 116.3 114.6 113.2 111.9 111.5 110.4 110 109.9 109.7 109.5 109.4 109.1 108.7 108.4 107.9 107.5 107.1 106.7 106.3 104.5 104 104.1 104.1 104.2 104.1 103.7 103.3 103 102.6 102.5 102.4 101.9 101.8
133.6 133.2 133 132.6 132.3 132 131.7 131.5 131.3 131.4 131.3 131.1 131.1 131.1 131 130.5 130.8 132 132.9 133.5 134.2 134.3 134.6 135.4 136 135.7 134.3 133.8 133.2 132.6 132.4 131.8 130.5 130 129.2 128.4 127.4 126.5 126.7 125.2 124 122.7 121.9 120.5 119.2 118.1 116.9 116.1 115.2 114.4 112.9 110.9 110.2 110.1 110.1 109.8 109.7 109.5 109.3 109.2 108.8 108.3 108 107.7 107.3 106.9 106.5 106.1 105.2 104 103.9 104 103.9 103.8 103.6 103.2 102.9 102.8 102.7 102.6 102.4 101.9
134.5 133.6 133.2 132.9 132.7 132.6 132.4 132.9 133 132.8 132.5 132.4 132.4 132.5 132.4 132 132.8 133.9 134.7 135.3 136 136.6 136.8 137.3 137.1 136.7 135.7 134.8 134.2 133.9 133.6 132.3 131.1 129.6 128.2 127 126.4 126 124.6 123.3 122.2 121 120.7 119.2 117.8 116.7 115.6 114.7 113.8 112.7 111.6 110.3 109.9 110.1 109.9 109.7 109.5 109.3 109.2 108.9 108.4 107.9 107.7 107.4 107.1 106.7 106.3 105.8 105.2 104.7 103.7 103.8 103.6 103.5 103.4 103.1 103 102.8 102.6 102.5 102.3 102
135.4 135.3 135.7 135.7 135.6 135.5 135.5 135.4 135.1 134.6 134.1 133.8 133.7 134 134.4 133.6 135.1 135.9 136.7 137.4 138.2 138.8 139 138.6 137.8 136.5 136.3 135.8 135.2 133.7 132.3 130.8 130 128.6 126.7 125.6 124.7 123.7 122.5 121.3 120.2 119.1 118.1 117.2 116.5 115.4 114.4 113.8 112.9 111.9 111.3 110.2 109.2 110 109.8 109.6 109.3 109.1 109 108.6 108.1 107.6 107.3 107 106.7 106.4 106 105.5 104.9 104.4 103.8 103.5 103.4 103.2 103.1 103 102.8 102.6 102.5 102.3 102.1 101.9
