data/NO47.asc
ncols 200
nrows 200
xllcorner 340000
yllcorner 770000
cellsize 50
[rows 140 to 174 of 200, columns 0 to 77 of 200]
767.1 773 773.7 771.6 766.1 758.1 747.9 736.2 724.5 711.8 699.9 689.2 678.8 666.6 660.2 654 647.7 643.2 637.7 631.9 626.9 622.4 623 628.1 631.2 633.6 636.3 635 634.2 632.6 629.3 623 615.5 609.9 604.6 597.6 589.4 583.4 573.4 558.3 567.7 576.2 581.1 580.3 578.1 574.2 570 569.6 570 570.3 571.4 571.7 571.9 572 567.9 559.3 548.3 528 507.4 488.4 471.4 489.2 497.8 515 534.2 545.8 552.1 552.8 549.7 547 541.6 525.3 540.8 549.4 550.7 547.2 533.1 521.6
764.6 768.6 769.8 767.9 761.2 753.1 743.2 731 719.6 708 697.2 686.8 677 665.5 654.4 650 645 639.2 634.2 629.7 625.6 619.5 616.8 621.6 626.5 629 630.5 631.8 631.9 630 626.3 620.5 614 608.9 602.5 596.6 592.6 590.4 584 567.4 551 560.5 566.2 574 574.3 571.3 566.6 562.7 563.8 565.3 564 564.3 564.3 563.7 560 552.7 540.6 521.5 502.8 479.5 484.2 499.1 518.9 537.9 555.6 568.2 576.1 579.2 579.6 576 568.3 555.9 561.3 569.6 572.9 571.5 563.6 548.4
761.1 764.3 764.8 762.8 755.9 747.5 737.9 725.8 714.7 704.3 693.7 684.7 675.6 666.1 656.2 649.4 643.1 637.1 632.3 627.4 622.9 619.7 613.5 618.6 621.9 625.3 626 629.4 629.5 628.2 626 618.9 612 607.2 603.1 599.4 598 594 589.4 579.8 564 546.8 552.9 561.3 566.6 566.4 563.3 557.4 554.4 555.4 553.1 554.4 553 552.2 549.9 542.8 531.9 514.4 495.9 481.2 493.7 516.3 539.7 558.9 574.3 585.7 593.8 598.3 598.5 595.3 589.1 578.6 579.6 587 591.4 592.5 590.1 579.6
758.1 760.6 760.7 757.5 750.4 742.5 731.4 720.1 709.8 700 690.9 682.3 673.9 665 657.4 650.1 643.8 638.9 633.9 628.7 623.4 619.7 614.1 614.5 617.4 622.1 624.2 627.9 627.8 628.8 625.1 620.6 613.4 608.5 604.2 602.2 601.2 596.5 591.2 584.2 575.1 558.9 540.4 548.1 553.3 556.1 556.7 553 542.8 541.3 537.7 538.5 537.6 533.3 536.4 532 522.1 506.3 491.4 478.1 508.2 533.5 555.7 574.7 590.4 600.8 608.3 612.2 612.2 610.6 605.1 597.9 596.7 602.5 605.8 607.2 606.2 602.2
753.9 755.7 755.3 751.2 744.9 736.3 724.5 714.3 705 696.1 688.1 680.2 673.2 663.9 656.5 651.2 643.9 638.4 635 629.3 623 619.5 615.3 609.2 614.4 617.7 622.3 626.8 627.3 627.1 623.2 618.1 613.8 609 605.5 602.1 601.2 597.7 592 585.8 578.2 569.6 556.5 534.6 537.7 542.5 545.7 546.1 540.5 532.2 526.1 522.4 520.5 519.4 516.3 521.4 514.8 501.9 483.5 496 521.9 546.6 568.8 586.6 600.7 611.2 619.1 625.2 627.2 625.9 620.4 613.6 612.4 615.4 618.6 620.1 618.9 617.7
749.3 749.9 749.2 744.7 738.8 728.9 717.6 708.6 700 692.9 684.9 678 670 661.3 655.6 648.8 643.3 638.7 634 627.3 623.1 620.9 614.3 606.6 610 616.1 622.3 625.1 625.5 624 621 616.6 613.3 607.9 605.3 602.5 600.1 596.9 592.2 586.3 581.2 574.4 564.6 550.3 533.8 534.6 537.1 539.8 540.4 535.3 523.1 519.4 508.6 505.1 501.3 500.9 503.6 498 491.5 510.6 531.2 555.9 577.9 597.3 610.8 621.1 629.6 636.6 640.8 639.1 634.2 628.6 626.5 627.5 630.1 632.8 634 633.1
743.4 743.5 741 737.1 730.4 721.4 712.6 703.9 695.3 688.3 682.2 675.2 667.1 658.1 653.1 645.5 639.7 635.4 631.3 627.7 624.6 619.7 612.4 607 607 612.7 618.7 624.5 625.6 623.6 620.7 616 612.6 607.9 603.8 600.6 596.7 593.9 590.4 584.6 580.5 570.9 562.7 547.7 538.9 525.9 530.5 531.8 533.4 528.8 521.9 512 511.2 522.1 520.8 513.6 502.9 496.2 507.5 522.1 542.5 566.5 588.4 603.5 617 626.7 637.1 644.8 650.2 649.2 645.4 641.3 640 641.1 643.3 645.1 645.3 642.6
736 735.6 733.9 728.6 721 713.5 705.4 698.3 691 684.6 679.2 671.3 663 655.9 649.6 641.9 637.9 634.2 631.3 627.8 622.7 616.9 610.8 605.8 604.4 611.8 617.5 623.4 625.1 624.1 621.2 616.1 612.7 609 604.3 599.3 592.2 590.8 587.7 581 568.9 556.4 544.2 535.8 528 526 522.1 525.6 527.1 524.5 520.8 508.9 528.2 539.9 541.1 532.8 525.5 510 510.3 528.9 549 571.4 590 604.2 617.5 628.9 640 649.2 654.8 657.2 655.7 653.3 654 655.8 657.8 658.1 653.6 649.6
728.1 727.8 724.3 719.2 712.2 704.5 697 690.8 685.9 679.9 674.2 667 658.2 651.9 644.9 637.1 634.9 634.6 630.4 625.9 619.5 617.3 614.1 608.6 601.6 607.3 616.7 622.5 624.8 624.4 620.9 615.6 612.2 608.4 605.1 598.3 589.3 582.6 582.6 577 562.5 538 531.8 527.8 527.3 524.5 524.4 521 523.3 528.9 527.2 510.9 536.2 549.8 557.9 553.4 542.7 521.8 507.5 529 551.3 572.5 592.2 607.3 619 631 643.3 652.6 659.8 664.2 665.7 665.4 665.9 666.5 666.5 665.8 660.7 651.6
719.3 718.2 714.8 708.7 702 695 688.1 683.5 680 675.2 669.7 661.7 654.9 647.5 639.5 637.7 635.8 634.4 631.2 624.1 623.2 623.2 618.8 612.7 600.1 602.8 613.3 619.6 623.2 622 619.8 615.3 610.8 608.8 603.1 595.3 585.2 581.6 574.6 569.4 556.9 533.2 541.2 549.5 549.4 539.9 533.2 527.6 517.5 520.2 514.8 522.7 542.9 558.3 569.9 571.2 559.1 539.1 520.4 529 552.6 574.5 594.8 610.2 622.7 634.3 646.2 656.4 664.8 671.4 673.6 674.7 676.7 677.2 676.1 673.6 667.8 655.1
709 707.7 703.7 697.2 692 685.4 680.6 677.5 673.9 669.8 663.2 656.9 648.9 640.5 636.9 634.5 635.7 632.6 629.7 627.2 626.7 625.5 620.3 614.2 602.3 599 610.9 617.8 620.8 620.6 617.9 613.5 611.9 607.2 604.5 596.4 588.6 583.3 580.2 569.8 536.9 550 567 567.8 566.4 560.1 551.2 541.4 531.1 518.1 523.3 533.6 549 564.4 575.8 579 574.5 559.6 533.9 531.7 554.3 576.1 597.2 612 624.3 635.8 647.8 657.7 667.4 674.3 678.1 681.5 683.7 683.9 681.7 677 668.6 656.6
697.5 696.6 693.6 687.6 682.6 676.5 670.3 668.8 667 663.9 657.2 651.3 644.6 636.9 635.4 633.2 634.8 632.4 628.7 628.5 628.4 625.1 619 616.2 606.7 595.1 606.4 613.9 616.6 615.7 614.5 612.5 609.7 606.2 601.7 595.5 590.3 584.1 577.9 559 549.8 569.4 580.2 585.2 580.4 574.6 567.6 557.9 546.1 541.4 535.6 538.2 557 572.6 582.9 587 585.2 573.5 550.4 540.3 561.2 579.3 592.9 612.2 625.8 637.5 648.8 658.3 667.8 674.8 679.2 683.6 685.9 686.3 683.9 678.5 669.6 656.9
684.6 683.8 681 677.3 672.4 667.1 661.8 662.1 660.3 656.7 653.3 647.8 640.4 635.9 635.2 634.8 632.4 631.1 630.8 630.3 628.1 623.4 619.4 615.8 609.6 594.4 596.1 606.1 609 608.2 608 607.8 605.7 603.2 599.7 594.7 589.9 583.5 574.3 553.4 561.3 582.7 593 595.2 590.6 588.2 582.9 575.1 568 555.7 550.6 546.7 562.7 580 590.4 594.7 591.2 583 563 550.5 574.6 593.4 607.3 619.2 631.2 641.6 651.6 660.6 668.9 676.1 681.2 685.3 687.6 688.7 685.8 679.8 670.2 658.3
671.6 671 668.9 666 661.5 656.7 654.4 655 653.4 652.8 649.5 644.5 639.5 636.3 633.3 632.6 633.8 632.1 634 631.4 628.9 626.7 622.2 619.3 615.2 605.4 592 594 597.7 598.3 600 597.6 595.2 593.4 593.8 591.1 585.4 575 563.4 547.6 567.5 589.3 601.5 604.8 603.6 603.1 599.7 590.8 588 580.1 568.7 562 566.1 580.2 594.2 600.5 598.3 589.3 572 557 583 601.5 615 626 635.7 645 653.9 662.5 670.4 677.4 683.3 686.8 689.6 690.2 687.2 681.7 672.6 660.7
657.9 657.8 656.4 652.8 649.7 647.9 647 645.6 650 651.5 648.1 643.1 638 634.8 632.6 633 631.5 632.5 634.7 633.6 630.6 626.3 622.6 620 617.4 613.9 604.6 591.6 583.1 586.6 588.3 583 575.9 575.3 581.4 579 571.5 563.7 551 559.1 577.1 595.7 608.7 614.8 616.2 616.7 613.5 611.2 608.9 600.5 588.5 579.6 578 585.5 595.5 600.5 600.1 591.5 570.4 573.6 590.8 607 620.3 630.8 640.3 648.1 656.6 664.3 670.8 678.6 683.1 686.9 689.4 689.7 686.1 681.2 673.6 663.4
644.5 644.4 640.4 637.1 638.3 636.9 637 641.1 646.8 647 644.4 640.6 636.6 633.8 631.4 630.3 630.2 632 634.8 632.7 630.6 627.7 623.9 620.9 620.2 617.1 611.1 603.8 592 577.4 573.8 576.6 576.7 570 559.6 562.7 558.4 555.2 561 576.1 594.2 608.6 618.4 624.3 626.3 626.6 626.7 625.8 625.5 621.4 609.6 598.2 597.1 599.4 599.9 597.5 596.1 588.4 568.4 588 598.8 611.8 624.1 634.2 645.3 652.7 659 665.2 672.1 677.9 683.1 686.4 689 689.1 687.2 681.2 672.3 662.3
627.8 623.8 619.5 625.6 627 627.1 631.4 637.8 641.9 643 644.8 642.9 637.2 634.6 630.5 628 628.2 632.3 633 632.2 629.9 627.4 624.5 622.1 620.4 617.8 612.1 604.2 587.7 584.1 589.8 593.6 593.5 587.2 573.7 565.8 562.5 571.9 578.7 590.8 606.2 619.3 628.3 633.4 634.8 635.4 637.3 639.9 638.1 635.9 630.8 623.3 617.2 613.2 607.3 598.6 592.5 582.9 577.5 590.6 604.7 616.3 627.5 636.9 646 653.6 660.1 665.4 671.3 677.6 681.9 686.1 688.7 688.6 685.5 679.6 671.3 661.5
606.5 598.2 602.1 612.8 614.2 617 623.4 632.1 639.2 644.5 644.9 643.7 637.6 633.2 631.2 625.7 623.9 628.1 629.1 630.2 628.6 626.4 624.4 621.4 619.2 615.4 607.8 592.4 585 597.8 603 603.4 600.5 594.5 579.8 578.2 584.2 591.3 597.9 607.8 617.4 627.5 636.3 640.7 642 643.3 646.9 649.8 649.1 646.9 641.2 636 630.9 621.8 611.1 597.4 584.9 583.2 580.8 590.5 603.5 615.4 626.4 636 643.3 649.4 657.1 663.8 669.6 676.6 682.1 685.5 687.3 687.1 683.3 676.4 667.7 659.2
583.2 580.2 587 598 599.9 612.4 628.5 635.5 642.3 645.6 646.1 645.1 639.1 634.7 631.5 626.3 618.3 621.1 624.8 625.7 623.9 622 620.3 619.8 616.3 608.1 593.7 586.7 600.4 608.1 611 611 608.8 602 596.3 595 600.5 605.6 612.6 620.9 627.2 635.7 642.9 648.2 649.8 651.6 656.2 657.7 657.8 654.5 649.1 642.2 634.4 621.4 604.6 593.8 593.9 591.9 591.3 592.8 601.1 612.4 623.6 630.5 635.3 642.7 648.8 655.6 663.9 671.6 677.3 682.1 684.1 684.8 682 675.7 668 658.6
559 561.2 572.6 578.3 595.8 613.8 627.2 638.6 643.5 645.3 646.5 644.1 639 634.9 630.9 626.4 619 614.1 618.6 615.9 617 614.6 614.5 615.1 609.2 594.7 593.4 603.2 613.8 618 620 620.2 617.8 613.2 611.8 610 616.4 619.5 625.1 630.4 637.3 643.2 650 655.3 657.8 659.6 663.9 665 664.1 660.6 654.4 646.8 633.7 618 601.4 606.1 608.4 609 602.9 604.8 607.3 608.8 616.8 623.9 629 635.8 643.9 650 656.8 664 670.1 675.4 679.3 681.2 680.2 675.3 669.7 661.7
542.9 549 554.3 576.4 595.7 614.7 630.4 640.7 643.8 645.8 645.9 643.6 641 636.9 632.8 630.4 624.7 616.5 612.3 610.5 610.2 609.7 609.8 608.7 602.2 590.2 604.9 616.4 623.8 627.7 627.9 627.6 625.8 625 623.9 626.4 630.5 633.5 635.6 640.3 645.9 651.4 657 661.9 665.3 666.4 670.2 671.4 670.9 666.9 659.9 648.8 634 616.9 613.6 620.7 623.3 621.8 619.4 621.8 621.2 621.4 622.3 628.3 632.8 636.5 641.7 646.1 651 657.1 663.4 669.5 674.3 676.4 676.4 673.6 670.1 664.4
527.8 541 561.9 571.8 596.9 616.1 629.2 639.2 643.8 646.1 645.9 643.7 640.5 637.7 634 630.7 627.9 620.4 610.5 607.9 606 605.3 602.6 598.7 595.3 602.7 614.6 623.7 629.4 634.2 636.9 632.2 634.1 634.7 633.8 636.6 640.2 643.6 645 648.7 653.9 659.5 663.4 668.2 671.3 674.1 677.5 679 677.4 673.1 665 650.6 634.5 617.6 625.3 632.2 633.9 634.1 632.9 634.2 634.3 631.1 628.4 627.9 630.8 634.1 637.1 640 645.6 651.5 657.6 664.2 669.2 672.1 672.8 671.2 669 665.1
533.3 553.8 573.7 589.9 602.6 612.7 630.2 639.3 643.9 645.7 646.9 645.6 643.1 639.1 635.3 630.8 627.7 622.3 613.4 606.4 603.5 602.1 604.1 599.5 606.2 614.4 622.2 629.5 634.6 638.5 641.3 642.1 642.9 642.8 642.4 644.7 648.6 651.7 655.8 658 663.3 668.1 671.5 674 679.6 682.3 685.9 686.8 684.4 678.5 670.1 655.1 639.6 624.7 636.5 643.5 643.4 644.4 643.8 642.3 640.1 637 632.5 628.2 628.1 629.8 631.7 634 638.1 643.6 648.9 654.8 661.3 664.9 667.7 667.2 665.5 662
530.3 547 571.9 595.2 614.4 625.9 632.7 640.1 643.6 647.5 648.2 645.8 641.7 638.5 635.8 632.5 628.2 622 613.8 608.1 609.1 609.9 610.3 602.1 611.1 620.4 627.1 633.7 638.5 643 646.3 648.4 649.7 650.2 651.3 655.5 656 660.2 665.1 669.7 672.9 677.2 680.4 684.6 689.3 691.6 693.4 693.3 689.8 683.4 674.5 658.4 643.3 634.2 645.5 651.4 651.9 650.8 649.3 646.7 643.4 639.4 634.8 628.6 621 621.7 623.5 624.8 629.5 634.4 639.2 644.4 651.1 657 660.8 661.9 660.1 657.4
516.1 535.2 554.9 583.2 616.4 632.8 635.2 639.3 643.3 646.6 647.8 644.3 641.8 637.9 636.2 633 628.5 622.5 616.5 611.6 615 616.3 615.8 605.4 612 621.5 629.9 637 641.9 646.3 649.9 654.1 655.6 657.1 660.4 664.5 668.8 671.4 674.5 678.9 683.2 686.9 690.4 694.7 698.6 700.1 699.4 697.8 693.7 687.1 677.2 660.2 647.2 645 655.2 658.7 658.8 655.9 651.9 648.9 644.7 640 634.5 626.7 609.7 608.9 612 612.4 616 619.9 622.3 629.7 637.7 645.3 650.2 652.7 653.3 650.9
535.6 548.5 547.5 572.3 598.6 623.2 637 639.3 642 642.3 643 643.2 639.6 637.4 636 633.4 629.4 625.2 617.7 618.6 622.5 623.1 621.1 611.9 610.3 618.7 629.7 637.3 641.9 648.7 654.5 658 660.9 664.7 666.4 673 677.7 682.2 684.6 688.4 692.1 696.3 699.1 703 705.5 706.1 703.7 700.9 695.3 688.2 678.2 661.3 647.9 657.4 664 667 665.8 662.1 654.8 649.6 644.3 637.8 630.9 621.7 600.8 581.9 596.8 598.6 602 605.3 609.5 615.5 624.3 632.4 638.7 642.5 643.5 642.5
562.4 578.7 582.1 578.9 581.6 612.3 636.5 641.5 639.5 639.2 639.7 639.5 636.6 635.1 635.5 632.3 630.4 623.7 623.6 626 627.5 629.1 627 618.8 609.6 615.3 625.9 635.7 643.3 649.6 657 661.6 664.4 667.4 673.1 679.8 685.2 690.4 694.1 696.9 700.4 704.5 707.5 709.4 710.7 709.5 707.1 702 695.6 689 674.6 660.7 659.6 666.9 670.4 670.9 669.8 664 655.1 648 640.2 632.1 624.4 613.5 596.5 566.3 574.3 582.3 586.4 591.5 596.6 602.6 610 619.2 626 631.4 633.4 633.5
593.7 607.3 612.1 605 583.7 604.2 629.4 635.5 636.5 636.1 633.9 634.4 633 633.7 633.1 630 627.8 627.8 630.4 632.1 632.6 632.6 633.7 629.1 619.5 612.5 621.5 630.3 640.9 650 657.5 663 666.6 671.7 677.8 684.3 689.3 696.9 702 706 708.1 710.4 713.5 714.6 714.8 712.4 709.5 704.7 696.6 686.9 673.6 668.2 671.7 674.1 674.7 674.1 670.8 663.4 653 644 634.1 622.6 613.5 603.3 587 559.4 549.9 563 570.2 576.4 583.3 591 597.1 605 611.6 616.3 621.8 623.7
621.8 628.6 631.2 625.9 602.8 601.8 626.9 631.6 631.8 630.7 629 629.3 629.1 630.5 632.1 629.2 629.8 632.8 636.7 638.6 640 640.1 639.6 636.6 629 616.1 615.8 626.9 636.6 646.2 655.4 662 667.3 673.2 680.8 687.6 694.3 702.1 708.8 712.7 715.4 717 718.6 718 717.2 715 711.1 705.8 697.9 687.7 676.7 678.2 681.7 680.6 678.9 675.1 670 661.7 650.1 638.5 625 610.5 600.8 588.8 578.6 561.2 533.9 545.5 553 560.7 567.4 575.1 581.8 587.7 593.4 598.7 604.5 609.9
638.7 640.8 641 636.1 615 602 616.2 622.4 622 627.6 629.9 628.4 630.5 631.7 632.2 633.9 635 635.7 639.1 644.5 645.2 647.3 645.9 642.3 636.5 623.5 615.3 623.4 633 641.9 649 657.5 666.4 674.9 681 689 697.5 705.6 713.1 717.3 720.9 722.4 723.2 721.4 720.3 717.4 712.5 706.9 696.9 687.6 686.5 686.6 687.6 685.5 681.6 675.8 668.9 659.2 643.5 629.1 613 597.5 584.1 573.9 565 553 539.2 521.6 532.8 543.1 548.9 554.5 561.2 567.5 573.1 578.4 583.9 590.8
646.7 646.4 644.4 636.9 618.8 608.8 616.8 630.4 635.3 641 643 642.4 638.3 639.3 638.8 640 640 640.3 643 646.4 652.1 652.2 650.1 645.7 641.4 630.3 618 621.1 630.6 637.3 644 651.3 662.1 673 681.4 691 697.9 706.1 714.4 720 724.7 727 727.1 726.1 722.1 718.7 714.5 706.5 699.2 694.9 694.2 693.3 692.9 688.4 683.6 676.1 667.8 655.3 635 617.1 600.3 586.4 570.8 559.3 550.2 541.5 530.4 520.3 511.4 521.5 526.7 532.2 539.5 547.3 558.2 563.7 570.5 576.7
651.3 647.2 643.7 633 614.6 626.8 634.9 640.8 646.2 649.1 649.9 650.3 651 650.5 648.9 646.5 645.8 644.7 647.2 650.6 656.5 657.1 654.5 650.3 642.3 632.7 620.7 618.9 627.2 632.6 637.8 646.1 656.5 668.2 679.1 689.1 698.2 705.8 714.5 721.3 727 729.9 729.9 728.6 725.4 721.1 715.6 710.8 706.4 702.7 700.2 696.9 695.1 690.6 685.3 676.7 666.5 651.7 628.1 609.5 591.8 576.7 560.6 548.2 537.6 529 520.7 513.3 506.8 504.6 507.2 513.2 521.9 529.4 539.6 548.1 556.2 563
653 649.1 643.4 629.5 629.5 639.8 645.5 649.7 654.1 656.3 658 658.9 658.6 658.6 656.1 654.6 652.1 649.6 650.3 656.4 658.7 660.5 656.8 653.3 645.3 632.4 622.8 620 624.2 629.3 634.6 644.7 655.2 665.3 676.2 687 696.2 704.5 713.7 721.6 728.2 731.4 731.6 730.4 727.5 724.7 720.1 715.3 711.2 707.6 703.7 699.7 695.9 690.3 686 677.1 664.7 647.3 620.5 599.4 581.9 566 552.3 540.3 530 520.5 512 506.8 499.5 495.8 496 498.5 504.4 512.4 520.2 528.4 538.4 548.9
655.8 650.6 642.9 631.6 639.7 649 654.5 659.1 662.4 665.5 666.8 667.6 668.8 667.6 666.2 662.9 658.6 655.5 655.2 657.4 660.6 662.3 658.1 654.4 645.6 631.7 622 624.8 633.6 641.1 643.2 648.9 653.4 664.8 674 684 694.4 704.2 712.8 721.2 728.1 732 732.9 731.6 728.2 726.5 724 718.9 714.7 710.7 705.7 699.7 695.3 689.8 683.3 675.6 662.1 640.5 615.8 597.6 580.9 565.4 548.3 534.9 523.6 515.1 507.8 501.5 496.4 490.6 486.9 488.3 492.9 497.5 504.6 511.1 521 530.2
659.7 654.4 646.7 634.9 647.7 655.2 662.3 667 670.6 673.6 675.5 677.5 678.1 676.8 675.4 671.2 665 662.1 660.2 660.4 662.5 662.1 659.6 653.9 644.4 632.6 622.4 629.4 640.3 646.8 651.6 658.6 662.8 665.3 674 683.9 692.9 702.5 712.4 721.5 727.7 731.7 732.9 732.7 731.2 729.4 726.4 722.1 717.4 713 706.3 699.7 694.3 688.9 682.1 672.1 656.4 631.6 608.1 591.9 575.9 558.1 543.4 529.3 518.8 510.4 503.9 498.1 491.8 488.8 484.3 482.1 481.2 485.9 490.2 495.7 503.4 513.8
