data/NO56.asc
ncols 200
nrows 200
xllcorner 350000
yllcorner 760000
cellsize 50
[rows 108 to 143 of 200, columns 81 to 161 of 200]
140.8 142.7 145.6 148 149.1 150.3 152.6 153.2 153.4 153.9 155.1 154.8 155.2 156.7 156.6 157.4 156.2 154.7 153.8 149.4 148 147.1 145.5 144 142.1 139.9 136.9 134.3 130.8 128.1 125.5 122.9 119.8 115.9 114.5 115.3 115.3 115.7 111.2 109.8 109.3 107.5 107.1 104.8 99.2 99 99.9 99.8 96.3 95 92.8 91.9 90.7 92.2 93.6 93.6 92.7 92.2 92.8 91.3 90 88.8 88.9 87.9 87.3 86.8 85.7 84.6 83 83.6 83 82.1 80.7 79.4 78.1 74.8 69.2 70 71 68.7 66
133.5 135 137.7 141.1 143.1 145.1 145.5 145.8 145.3 146.4 147.3 146.8 148.6 149.8 150.8 152 152.4 151.4 149.9 147.3 144.7 144.1 142.5 140 138.9 136.3 131.5 125.7 123.6 122.3 120.6 118.9 119.1 118.5 118.3 118.1 115.8 114.7 112 110.4 109.6 108.2 105.2 100.3 102.1 104.8 104.5 103.6 101.8 99.4 98.6 97 95.8 95.2 94.4 93.5 93.4 92.5 91.1 91.2 90.3 89 88.7 87.6 86.2 85.2 84.4 83.4 81 80.9 80.4 79.5 77.9 75.2 72.7 72.5 73.6 74.8 74.8 72.5 71.7
129.1 129.3 132.3 134.1 136 138.2 140 140.6 140.4 140.6 141 141.2 141.5 143.1 142.9 143.2 143.6 143.6 143 141.7 139.1 138 138.1 134.1 130 128.1 126.7 127.4 127.2 125.7 124.7 124.1 122.6 120.5 119.2 117.6 115.9 115.1 111.3 110.3 108.6 105.4 103 107 106.6 104.5 104.2 103.7 102.2 100.8 98.2 97.3 97.2 95.1 93.4 92.8 91.9 91.2 89.6 88.6 88.5 86.8 85.5 83.5 80.5 79.2 79.3 79.3 77.4 75.9 75.1 74.3 73.7 74.7 77.1 76.9 76.7 74.9 73.2 72.4 72.5
122 124.1 126.1 127.5 129.3 131 133.3 133.8 133.9 133.9 133.4 133.5 133.9 135.6 136.6 137.2 137.3 137.9 137.5 136.4 134.8 134.2 132.8 132.3 134.4 132.8 130.7 129.5 127.3 125.9 124.5 122.6 120.2 118.3 117.6 116.7 114.5 111.3 110.3 108.7 108.3 108.6 108.6 108.3 107 105 103.3 101.7 101.4 99.6 97.5 96.4 95.2 94 91.4 90.2 88.8 88.5 88.4 85.7 81.4 78.5 77.8 76.6 77.4 80.8 78.6 76.5 77.2 78.3 79.6 78.5 79.1 77.9 77.7 77.7 76.2 73.8 68.9 67 67.6
117.3 118 119 120.8 123.1 124 126.1 125.8 125.8 126.4 125.8 125.4 125.6 127.5 127.9 129.2 130.8 131.8 131.8 132.5 132.9 132 131.6 131.7 130.4 129.5 127.7 126 124.2 122.3 120.5 119.3 117.8 115.8 115 113.4 111.8 109.5 110.9 111.2 109.3 108.5 107.4 106.1 104.7 102.9 100.9 98.7 98.6 95.8 94.6 93.2 91.4 90.9 88.7 87.1 85.5 83.8 85.1 82.4 78.5 81.7 82.8 82.3 82 82.2 81.2 80.2 79.2 78.5 79.3 79.1 78.3 77.4 76.7 76.4 74.6 70.5 62.2 62.1 62.3
112.6 113.1 114.9 115.2 116.4 116.6 117.8 117.7 117.4 117.3 117.7 118.2 118.9 119.8 120.4 121.4 123.2 123.2 124.4 124.5 125.5 125.1 125.4 124.5 123.3 122.9 121.9 120.2 118.7 117 115.8 115.3 114.6 113.5 112.4 109.8 108.8 109 108.4 106.7 105.7 104.7 103.7 102.5 100.5 97.7 96 93.9 93.8 91.8 91.9 90.9 88.8 86.8 86 83.7 84.2 83 84 82.1 78.7 81.1 82.6 80.9 80.9 80.6 80.5 79.6 78.6 78 77 76.7 77.4 75.9 74.8 73.9 72.3 66.7 62.3 68.3 64.9
110.2 110.2 111.2 110.9 110.2 110.8 111.9 111.4 110.5 110.6 110.6 110.4 110.4 112.1 113.4 114.7 115.8 116.3 116.9 117.3 116.6 115.7 115.5 115.3 116 115.7 114.7 114 113.2 111.8 111 110.5 108.9 107.9 106.8 104.3 104 103.4 103.6 102 101 100 98.9 97.6 96 94.5 92.5 90.3 87.6 86.5 87.4 88.4 87.1 85.4 84.3 82.5 82 80.2 79.8 79.8 80.4 81.3 80.6 79.6 79.3 79.1 78.9 78.8 77.6 77.2 76.4 75.7 76.5 75 74.3 73.8 71.8 68.2 61.7 69.8 68.7
108.9 108.6 108.3 107.2 106.4 106.2 106 105.8 105.7 105.7 105.8 105.7 105.6 105.7 106.3 107.8 108.9 109.6 109.9 109.4 109.8 107.9 107.8 107.6 108 108.5 107.8 107.3 106.6 106 105.3 103.8 102.1 100.3 99.6 98.5 98.1 97.8 98.6 97.3 96.3 95.2 94 92.6 91.7 90 88.3 86.1 83.5 84 83.9 84.2 85.5 84.2 83 81.7 80.9 79.4 81.1 79.8 79.6 79.9 79.4 78.9 78.2 77.7 77.3 77.1 75.7 75.6 75.5 75.3 75 74.2 74.2 73.7 71.8 69 63.2 68.3 71.4
105.9 105.4 105 103.8 102.7 102.1 102.3 102.7 101.9 101.3 101.1 101 100.9 100.8 100.9 101.5 102 103 103 102.6 101.9 100.2 100.1 100 100.7 100.8 100.5 100.3 100 98.7 97.3 95.8 93.9 92.7 91 89.6 91.9 92.3 93.1 92.6 91.5 90.3 89.1 88.1 87.3 85.1 81.6 78 78.9 77.5 83 81.9 82.9 83 81.6 80.2 79.6 79.6 80 79.6 78.8 78.5 78.1 77.8 77.3 76.8 76.1 75.4 73.9 73.7 73.8 73.7 72.9 73.9 73.5 73.3 72.3 69.7 63.4 69 71
102.6 102.2 101.6 100.4 99.5 98.1 99.5 99.6 98.5 98 97.6 97.4 97 96.6 96.6 96.9 97.4 97.8 97.5 97.9 96.8 95.8 95.4 95.5 94.3 94.4 93.9 93.5 92.9 91.2 90 88.6 87.1 85.4 83.4 81.7 82.4 85.3 87.8 88 86.9 85.8 84.7 83.2 80.7 79.1 78.9 81.7 81.5 75.9 79.4 81.5 81.4 81.3 80.4 79.2 78.7 78.3 78.6 78.1 77.8 77.1 76.5 76.3 75.9 75 74.2 73.3 72.2 72.3 72.8 72 70.7 70.7 70.1 70 67.3 62.7 64 69.4 70.5
99.4 98.9 98.2 97.2 96.6 96.5 96.9 96.3 95.9 95.7 95.3 94.4 93.7 93.3 93.1 93.2 93.5 93.1 93.4 93.2 92.8 92.4 92.1 91 90 89.4 89 88.3 88.1 87.4 86.3 85.7 84.8 85.4 85.9 84.7 83.3 80.5 81.9 83.9 84.2 83.3 82.6 81.9 79.6 78.7 81.7 80.8 79.3 74.7 77.1 80.2 79.8 79.5 79.1 78.2 76.9 76 75.4 76 76 75.4 74.8 74.4 73.9 72.8 71.8 71.3 70.8 71.3 71.1 69.8 68.5 67.1 65 64.8 66.8 66.6 65 69.8 71
96.7 96.3 95.8 95 94 94 95.3 94.2 93 92.2 91.4 91.5 91 90.6 90.6 90.7 90.7 90.8 90.6 91 90.7 89.9 88.9 88 87.5 87.4 87.4 86.9 86.4 86.3 85.2 84.5 85.3 85.9 85.3 83.9 82.3 81.7 78.8 80.3 81.3 82.1 81.8 81.3 79.4 78.2 80 79 77 73.4 76.1 77.6 77.3 76.5 76.2 75.5 74.5 73.8 73.1 72.6 72.4 72.3 72.3 72.3 71.9 70.5 70.2 70.2 69.7 69.6 70.6 70.1 69.1 65.8 65.5 67.5 67.8 66.6 65.2 68 70.1
94.4 94 93.7 93.2 92.8 92.5 92.4 92.2 91.6 90 89.8 89.1 88.5 88.3 88.6 88.9 88.9 88.9 89.1 89.6 88.9 89.1 88.4 87.5 86.5 86.4 86.7 86.6 86 85.5 84.6 84.9 86 85.2 83 82 80 80.1 78 77.9 78.9 80.3 80.9 80.3 79.2 78.5 78.5 78.7 76 72.7 75.2 76.3 75.8 74.5 73.7 73.1 72.8 72.4 71.9 71.6 71.3 70.8 71.1 71.2 71 69.1 69.1 69 68.7 69.5 69.1 69 66.7 65.7 67.4 68.2 68 67.3 65.5 66.1 68.8
93.3 92.8 92.4 92 91.7 91.1 90.5 91.1 90.8 89.3 88.9 89 88.6 88.2 88.4 88.7 88.5 88.3 88.6 88.5 89 88.5 87.9 87 85.9 85.3 85.7 85.9 85.2 84.9 84.4 83.3 84.1 82.3 80.1 79.5 79.4 79.3 79 78.5 77.2 78.6 79.9 79.9 79.1 78.2 77.5 76.2 74.3 72.3 72.4 72.5 71.6 71.4 72.1 72.1 72.5 72.1 71.7 71.4 71.3 70.8 71.5 70.9 70.9 69.4 67.4 67.5 66.8 67.1 66.7 66.1 66.4 67.4 68.4 68.2 67.6 67.1 66.3 65.5 66.4
92.8 92.3 91.9 91.5 91.1 90.5 90.3 90.1 89.7 89 88.4 88.7 88.6 88.2 88.2 88.3 88.1 87.5 87.9 88.9 88.4 87.9 87.3 86.5 85.3 84.3 84.8 84.2 83.8 83.7 82.8 81.2 80.1 79.8 80.1 80.4 80.6 80.2 79.6 78.7 77.7 76.7 77.9 78.2 77.9 76.5 74.9 72.8 71.4 70.4 70.3 69.2 69.2 69 68.5 69.6 72.1 71.8 71.4 71.3 71.2 70.9 70.2 69.2 69.2 67.5 68.1 68.4 68.5 68.3 67.6 67.3 67.6 67.6 67.7 67.5 66.8 66.3 66.7 66.3 66.3
92.2 91.8 91.4 91 90.6 90.1 89.6 89.2 88.7 88.2 88 88.3 88.6 88.3 88.1 88 87.7 86.7 86.8 88.2 88.1 87.6 86.9 85.6 84.5 84.6 84.8 83.7 82.7 82.1 81.3 79.6 80.5 80.8 80.8 80 80.1 80.3 79.6 78.9 77.9 77.4 77 76.5 76.4 75.3 73.2 72.8 72.5 71.4 69.7 70.2 71.9 71.5 70 68.4 69.3 71 71.3 71.2 71 70.9 68.7 68.4 68.9 69.4 69.6 69.8 69.9 69.4 69.2 68.6 68.2 67.1 67 67.2 66.3 65.4 65.5 65.6 64.6
91.7 91.4 91.2 91.1 90.3 90.2 89.7 89.2 88.7 88.2 87.8 87.6 88 87.7 87.4 87.2 86.7 85.6 86 86.5 86.4 85.5 84.5 84 84.4 84.4 84 82.5 81.4 81.3 80.3 79.9 80 80.7 80.8 79.5 78.8 79.3 78.6 77.9 77.7 77.4 77.1 76 75.1 74.3 73.2 72.6 72.1 70.6 70.3 72 72.9 72.7 71.5 69.2 67.2 70.2 71.7 71.7 71.2 69.2 68.3 68.8 69.3 70 70.2 69.6 69.4 69.3 68 66.4 67.5 67.6 67.8 66.8 65.1 63.3 62.5 62 62.5
91.6 91.5 91.4 91.1 89.8 89.7 89.6 89.2 88.7 88.2 87.8 87.2 86.8 86.2 85.6 85.7 86 84.7 83.4 84 84.5 83.8 82.7 81.6 81.4 80.9 81.2 80.1 79.6 79.8 79.1 78.1 77.8 78.6 79.6 79 78.1 78.2 77.6 77.6 77.7 77.5 76.8 76.6 75.6 75.1 73.4 71.8 70.9 70.6 71 72.4 72.8 73 72.1 70.5 67.3 67.2 69.7 70.4 70.2 69.2 68.4 68.7 69.6 68.7 67.5 63 61.6 62.4 62.6 61.7 62.4 62.1 62.8 63.5 62.9 62.3 61.7 61.2 61
90.5 91.6 91.4 91.2 89.8 89.2 89.2 89.1 88.8 88.3 87.2 87.1 86.8 86.2 85.6 85.5 85.6 84.3 85.1 83.4 83.1 82.3 83 80.7 78.7 77.6 78.9 77.4 77 77.8 77.9 76 75.7 77.4 78.8 79 78.2 77.4 77.4 77.6 77.6 77.7 76.6 76.6 76.1 75.5 74.1 72.1 70.3 73.4 73.6 72.5 71.9 72.6 70.7 70.1 68.6 66.3 67 69.1 69 69.1 67.9 66.7 65.3 64 63.3 63 62.8 62.8 62.6 62.2 61.8 62.6 61.6 61.3 61.2 61.3 60.8 60.8 60.7
91.3 91 90.9 90.2 89.2 88.7 88.7 88.6 88.4 87.6 87 86.9 86.8 86.2 85.6 85.3 85.5 85.1 85.4 85.7 86.2 84.3 83.5 80.5 78.2 77.8 77.5 77.5 77.6 78.2 78.5 77.8 76.3 76.1 77.3 77.8 78.1 79.2 77.7 77.5 77.6 77.6 77.1 75.4 75.4 73.7 70.8 70.7 72.8 75.7 75.7 73.7 71.8 71.3 70.7 70.8 71.3 69.9 65.9 66.4 65.9 64.9 64.3 63.8 63.2 62.5 63.3 63.9 63.9 63.8 63.8 63.7 63.2 62.7 62.5 62.2 61.3 60.2 60.2 60.8 60.4
91.1 90.4 90.3 88.7 88.5 88.7 88.5 88 88.2 86.8 86.7 86.8 86.7 86.2 85.6 85.1 85.4 85 85.6 84.9 84.3 83.9 82.3 79.9 78.2 78.6 78.5 79.2 78.1 78.8 78.4 78.7 78.4 77.1 76.3 76.5 78.7 80.3 78.7 77.5 77.6 77.8 76.3 73.3 72.3 72.2 72.3 73.7 76 76.2 76.4 75.5 73.9 73.4 73.1 73.2 73.3 73.1 70.2 67 65.8 65.8 66.9 68.2 62.8 63.9 64.5 64.5 64.2 63.8 63.6 63.4 63.4 63.1 62.9 62.6 62.3 61.2 60.4 60.9 60.3
90.4 90.3 89.8 88.6 88.4 88.7 88.5 88.2 87.6 86.3 85.7 86.3 86.3 86.1 85.5 84.8 84.1 84.3 84.1 83.7 83.2 82.2 80.2 78.4 78.3 78.3 79.8 78.6 78.5 78.2 77.7 77.3 77.3 76.8 76.2 74.5 75.6 78.2 78.6 78 77.3 75.6 73.1 71.7 72.8 74.9 76.5 77.1 77 77.1 75.8 75.4 74.5 74.3 73.9 73.7 73.8 73.6 73.2 72.4 71 70.7 70 63.6 64 65.1 65.6 64.6 64.2 63.8 63.5 62.9 62.9 62.8 62.6 62 61.5 61.7 61.2 61.5 61.8
90.3 90.3 89.1 87.3 88 87.9 87.3 86.7 86.7 85.8 84.5 85.2 84.9 84.2 84.7 84.6 84.2 83.2 82.5 82.3 82 80.3 79.2 78.2 78.3 78.6 79.1 79.3 78.5 78.1 77.6 77.4 76.1 74.5 75.2 74.4 74.4 75.2 75.8 75.9 74.6 73 72.8 75.9 76.9 77.6 77.4 77.2 77 76.3 75.2 74 74.7 74.2 73.7 73.2 73 73 72.7 72 70.7 69.9 66.3 64.4 64.8 65.5 65.2 64.9 64.3 63.8 63.7 63 62.7 62.4 62.3 62.4 62.4 62.1 62.2 62.6 63.3
90.1 88.7 87.3 85.6 86.4 86 85.6 85.2 84.7 83.6 83.4 82.6 82.1 81.8 82 82 82 81.3 81.4 81.2 80.8 79.7 78.4 78 77.9 78.4 78.4 78.6 78.8 78.5 77.8 77.9 76.5 76 75.7 75.3 74.7 74.3 74.1 74.1 73.4 73.4 76.9 77.4 76.6 76.5 76.6 76.3 75.9 75.5 74.5 73.1 73.2 73.4 73 72.8 72.4 71.6 70.2 68.6 67.2 65.6 64.4 63.5 65 65.5 64.8 64.4 64.1 63.7 64 64.2 65.2 63.8 64.7 64.4 63.9 63.7 64.2 64.3 64.7
88.9 86.8 85.5 84.8 84.6 84.6 83.3 83 82.4 83.1 82.9 82.5 81.1 81 81.2 81.3 81.2 81 80.6 80.9 80 78.5 77.6 78.7 78.4 78.5 78.2 78 78.3 78.4 77.4 78.5 77.8 77.4 77 76.4 75.8 75.2 74.1 74.7 75.6 76.8 77.4 76.5 74.7 74.3 74.3 74.4 73.9 74.1 73.4 71.4 71.1 69.9 69.5 69.5 69.8 68.4 68.4 68.9 68.1 66.6 64.1 64.4 67.3 67.3 67.9 66.5 65.1 66.9 66.9 68.7 66.1 66 66.4 65.4 64.9 65 64.9 64.1 63.7
86.9 85.3 84.7 84.1 83.6 83.3 81.9 81.8 82.3 82.8 82.8 82.6 81.5 80.8 80.5 80.4 80.2 80.1 79.8 79.4 78.9 78.4 77.8 78.3 79.3 78.7 78.4 77.6 78 78.5 76.6 78.5 79 78.5 78 77.5 76.9 76.5 74.9 75.5 74.7 74.5 74.2 73.4 72.6 71.9 71.5 69.4 69.4 69.4 71.4 71.3 71.2 71.8 71.7 70.9 70.6 70 71.8 70.8 70.2 68.5 63.9 64.8 69.7 70.1 69.5 66.7 66.2 67.2 68.2 67.7 67.3 66.6 67.3 66.8 65.9 65.6 64.7 63.8 63.4
85.6 84.8 84 83.5 83 82.6 81.9 82.1 82.2 82.8 82.5 82.4 81.9 81.1 80.4 80 79.6 79.5 79.3 79 78.6 78.9 78.4 78.3 78.8 78.8 77.9 77.6 77.9 78.1 78 79.4 79.2 78.7 78.2 77.9 78.3 77.5 74.9 74 72.7 73.3 72.5 72.6 72.4 70.8 70.8 70.5 70.8 72.8 73.6 73.7 73.7 73.6 73.4 72.1 70.8 71.9 72.2 70.6 70.7 70.5 63.5 67.1 70.4 69.9 69 66.4 66.4 66.7 66.9 66.1 66.9 67.7 67.6 67 65.9 65.1 64.3 63.6 63.2
84.7 84.1 83.5 82.9 82.6 82.3 83.3 82.8 82.7 82.7 81.6 81.6 81.6 80.8 79.8 79.5 79.2 79.6 79.6 79.2 78.3 78.8 78.6 77.9 78.4 78.6 77.4 77.2 77.5 77.6 77.2 78.4 78.2 77.6 77.2 77.4 78.3 78.8 77.5 76.8 74.5 72.6 71.5 71.2 71.9 71.7 71.7 71.7 71.9 72.1 73.3 72.5 71.5 71.7 71.6 71.6 71.1 71.9 72.5 71.6 70.8 69.7 64.8 68.1 69.9 68.6 68.6 67.3 67.3 67.5 67.5 66.9 67 67.8 67.2 66.6 65.2 64.4 63.9 63.8 64.1
84.3 83.7 82.9 82.7 82.7 82.8 83.5 82.2 82 82.6 81.2 80.9 80.9 80.5 79.9 78.9 79.6 79.6 79.6 79.3 78.3 78.6 78.6 77.5 78 77.5 77.6 77.4 77 77 76.9 77.8 77.8 76.6 76.7 77.2 77.1 77.5 76.5 75.2 74.4 73.2 73 72.8 72.7 72.6 72.5 72.4 71.7 71.9 72.8 72.4 71.5 72.2 71.3 71.2 71.1 71.2 71.8 72.6 70.2 68.8 64.6 69.8 69.3 68.3 69.8 69.3 68 68 67.8 67.6 67.6 66.9 66.4 65.5 64.5 64.4 64.4 64.2 64.3
84.3 84.5 84.4 83.2 82.1 83 83.4 81.9 81.9 81.3 81 80.7 80.4 80.1 80.2 79.6 79.5 79.4 79.2 79.4 78.6 78.6 79.1 78.4 78 77.6 77.7 77.7 77.1 76.7 77.2 77.4 76.6 76.4 75.6 75.4 75.7 76.1 75.3 74.6 73.6 73.9 73.4 73.3 72.5 72.6 72.6 72.5 71.9 71.3 71.7 72.7 71.4 72.4 71.1 71.1 71.3 72.1 72.7 71.9 70 65.7 64.3 70.1 70 69.9 69.8 69.5 68.8 68.6 68.2 67.8 67.4 66.8 66.2 65.3 65.2 65 64.7 64.5 64.4
84.6 84.4 84.3 82.4 82.2 82.3 83 82.5 81.2 81.3 81.1 80.5 80.1 78.8 79.3 79 78.6 78.6 79.2 79.5 79 78.4 79 78.8 78.5 78.1 77.6 77.2 76.5 75.4 75.4 75.1 74.4 74.8 74.3 73.9 74.6 74.7 74.2 73.5 72.9 72.7 72.9 72.7 72.4 72.4 72.4 72.5 72.5 72.3 72.1 72.6 72.3 72.2 71.7 71.3 71.6 71.8 72 71.6 69.8 67.6 65.3 67.5 69.3 69.5 69 69.3 68 67.8 69.2 68.3 67.5 66.8 67.5 67.3 66.6 65.8 65.4 64.9 64.8
84.9 84.5 84.1 82 81.8 81.8 81.7 81.5 81.4 81.5 81.3 80.8 80.3 79.8 79.7 79.5 79.4 79 78.6 79.7 79.2 78.9 79.1 79.1 79 77.5 76.5 75.4 74.1 73.3 72.5 72.5 72.7 73.2 72.8 72.6 73.3 74 73.8 73.7 73 72.8 72.3 72.1 72 72.4 72.5 72.6 72.5 72.3 72 72.2 72.2 72.7 73 72.2 70.7 70.8 70.9 70.4 68.4 66 64.9 65.6 67.5 69.3 69.2 69 67.2 68.1 70.2 69.4 68.8 68.3 67.8 68.3 67.8 66.7 66.3 66.2 66.4
85.1 85.2 84.3 82.2 82.1 82 81.9 82.2 82.2 82 81.8 81 80.9 80.7 80.1 80.1 80.2 79.7 78.5 79 79.1 78.8 78.4 77.3 76.3 76.1 75.2 73.3 73.3 73.3 73.3 72.7 72.1 71.6 71.6 71.8 72.7 73.5 73.5 73.3 73.2 72.9 72.4 71.8 71.4 71.8 72.2 72.7 72.4 72.2 71.9 71.8 72.1 72.2 72.4 72.3 71.9 72.1 71.1 68.3 67.6 65.3 66.1 66.5 67.7 68.9 69.2 70.2 70.8 71.6 70.9 70.6 70.1 69.6 69.1 68.7 67.9 68 68.8 68.5 68.4
83.9 85.5 84.5 83.6 82.7 82.6 82.5 82.6 82.5 82.3 82.2 81.9 81.9 81.5 80.5 80.3 79.7 79.3 78.7 77.1 76.9 77.2 77.5 76.3 75.3 74.3 73.9 73.5 73.7 73.7 73.6 73 71.8 71.9 71.7 71.2 72.4 72.2 72.2 72.5 72.3 72.1 71.7 71.5 71.4 71.5 72.2 72.2 72 71.8 71.7 72 71.7 71.6 71.7 71.9 72.6 71.1 69.6 67.4 65.6 66.1 66.1 68.5 69.5 70.6 71.7 72.2 72.1 71.3 71.4 71.3 70.8 70.3 70.8 70.4 69.9 70.5 70.5 70.7 71.2
80.6 83.3 84.1 83.9 82 82.4 82.6 82.5 82.6 82.6 82.4 81.9 81.3 80.3 79.4 79.5 79.4 77.8 77.3 77.6 77.1 76.3 76.4 76 74.5 74.1 74.2 73.5 74.2 74.2 73.9 72.3 72 72 71.2 71.6 71.6 71 70.8 71.2 71.8 72.7 72.5 72.4 72 71.6 72.3 71.7 71.1 71.9 72.4 73 71.9 71.8 71.1 69.7 69.3 67.5 66.3 66.6 66.3 66.9 68.5 70.9 72 72.3 72.4 72.1 72.3 71.4 71.9 72 71.8 72.4 73.1 72.6 72.6 73.5 73.9 74 74.3
80.4 80.7 80.1 79.7 77.8 80.3 81.8 82.4 82.4 82.3 80.3 79.9 79.5 78.9 79 78.6 78.5 77.3 78.2 77.4 76.4 75.8 75.3 74.3 74.6 73.9 74 73.9 74.6 74.6 74 72.5 72.5 72.4 71.6 70.9 70.5 70.7 70.8 70.4 70.9 72.7 73 72.6 72.6 72.2 71.9 70.8 69.5 70.3 71.1 71.2 70.6 69.4 68.2 67.9 66.1 66.1 66.8 66.7 67.2 68.1 71.7 72.9 73.2 72.4 72.2 72.3 72.6 72.7 72.8 73.6 74.1 74.7 75.3 75.4 75.4 76.2 77 77.4 77.7
