data/NR45.asc
ncols 200
nrows 200
xllcorner 140000
yllcorner 650000
cellsize 50
[rows 72 to 107 of 200, columns 0 to 80 of 200]
450.5 453.1 458.6 460.3 460.8 459.9 457.4 452.3 441.9 443 430.6 419.4 410 400.3 393.7 390.7 384.4 380.9 380.5 377 379.7 387.6 397.4 405.4 406.1 411.2 403 388.7 384.1 377.2 373.3 373 370.5 367.8 365.1 359.9 352.2 333.6 323.5 312 300 290 279.8 272.9 272.5 266 278.5 285.6 303.2 323.4 348.8 371.9 395 418 440.4 451.1 457.8 463.4 467.9 471.6 471.4 466.6 463 452.8 429.4 412.7 401.5 395.1 389.8 377.9 365.4 349.1 337.3 324.8 316.5 310.1 305.4 298.7 297.3 293.5 291.4
451.1 453.3 458 464.5 467.8 467 468.4 464.1 453.7 448.4 437.6 426.8 418 406.2 398 391.7 384.9 386.3 386.4 389.3 398 405.7 410.2 412 408 406.9 404.7 393.5 382.2 377.5 375.5 372.8 369.3 359.8 355 351 342.8 327.7 312.8 298.9 283.8 272.6 265.9 255 252 250.1 262.4 273.1 288.9 311.8 338.6 363.4 385.1 402.8 425.1 443.2 448.6 453.2 456 453.5 455.7 454.3 457.9 456.2 439.1 430.5 426.8 422.4 413.6 399.1 382.4 363.9 345.8 330.8 322.3 315.9 307.7 300.5 298.2 295.3 293
452.8 451.8 453.4 460.3 467.2 469 470.3 468.1 458.9 449.1 440 433 420.3 407.8 402.2 393.3 390.8 390.3 395.2 403.8 416.8 420.2 421.2 418 413.1 409.7 407.4 401.2 392 381.6 375.6 372.6 366.9 355 346.9 343 332.1 316.2 304.3 284.8 267.2 255 246.2 240 233.9 238.8 251.1 263.4 276.4 298.2 324.1 348.9 368.3 386.6 406.7 430 439 443.7 443.9 440 440.1 438.5 446.6 446.3 454.2 456 453.1 448.6 444.1 423.1 402.5 382.5 359.4 341 331.3 322.4 312.8 304.9 299.9 296 293.5
448.1 450.3 452.3 453.7 461.1 463.8 459.2 454.9 450.4 446.1 438 427.1 415.6 403.2 396.2 393.5 392.3 398.2 406.3 416.2 420.4 426.3 431.1 432.6 425.9 419.2 410.3 407.3 398.3 388.2 382.5 370.5 355.6 347.8 338.4 331.2 322.3 308 287.9 271.3 252.9 237.2 229.5 224.6 221.5 222 238.6 248.6 258.8 284.4 309.6 333.7 351.4 371 388.9 410.5 422.3 429.5 437.7 440.1 426.7 426.6 427.5 430.5 444.4 453 461.5 461.8 455 442.6 425.4 402.1 375.9 357.2 341 330.3 320.7 311.3 306.4 301.9 296.2
441.5 445.8 449.2 450.2 451.1 448.4 444.8 442.3 441.8 438.5 429.1 417.6 408.2 400.3 394.9 392.5 394.6 402.4 409.3 412.9 419.3 422.7 424.7 429.6 429.9 421.3 412.5 406.4 401.4 390.2 381.8 371.3 356.6 343.6 332.3 322.7 313 302.2 277.9 257.6 241.6 227.2 213.6 207.1 206.1 209.9 224 230.6 246.9 274 295.2 318 333.9 354.6 371.3 388.2 399.1 409.9 429.1 432.2 426.3 421 417.8 418.1 429.3 434.6 452.5 456.9 460 456.2 442.9 424.1 399.3 375.9 358.3 346.4 335.5 326.1 318.8 314.1 309.5
435.7 440.8 445.1 444 438.2 434.8 432.7 432.4 432 426.4 413.2 410.3 406.2 400.4 395.6 395 397.5 403 406.9 410.8 416.9 424.8 424.2 423.1 424.6 415.7 408 401.1 395.2 395 385.6 376.1 364.4 345.8 334.4 323.6 309.6 293.5 274.4 252.3 236.4 218.5 202.8 194.2 190.1 195 205.9 215.9 235.5 254.2 276.5 295.2 315.9 335 351.7 368.3 379.1 392.2 414.7 422.2 417.4 412.5 408.7 406 411.8 422.8 434.6 448.1 462 462.2 460.3 445.7 424.5 402.3 380.5 365.9 357.3 350.7 343.8 339.5 334.5
435.8 437.5 438.4 432.5 427.1 423.6 423 422 418.8 406.8 402.4 403.1 400.9 400.1 398.8 399.7 401.7 405.4 408.7 412.3 415.1 420 418.5 418.1 414.3 413.2 409 403.2 394.2 392.4 389.7 381.9 369.6 351.8 341.7 332 315.2 292.3 271.4 243.9 227.4 213.4 195.3 183.5 178.9 182.6 189.5 199.6 220 235.1 257.6 277.8 298.5 315 332.2 347.1 353.9 370.3 394.6 406.7 405.3 401.1 397.3 396.1 400.3 410 422.2 442 457.8 467.4 462.3 461.3 444.7 423 404.4 391.7 384.3 379.3 372.7 367.5 364.1
431.7 429.3 426.8 423 419 416 411.8 408.4 399.5 393.5 394.9 392.2 390.3 392.6 397.7 404.4 406.7 405.8 408.5 412.8 415.4 417.3 415.6 411.9 409.5 407.1 404.4 401.5 393 386.1 386.3 385.5 374.6 360.3 349 339.8 326.2 301.7 274.2 249.9 227.3 212.4 195.4 179.2 167.9 170.6 175.8 188.1 200.4 221.5 235.7 258.8 278.9 296.9 311 330.2 335.1 352.5 370.3 384.2 384.8 389.9 388 381.5 387.8 398.7 410.7 430.8 447.5 456.8 457.4 460.4 456.6 444.1 430 421.2 413.8 407.4 398.3 394.8 395.1
413.9 410.5 408.4 407.1 408 407.9 401.8 397.3 389.1 388.3 386.3 382.8 384.4 388.5 397.8 407.8 411 410.4 409.4 409.6 414.3 418.4 414.4 410.4 412.1 415 413.9 407.7 401.5 390.3 378.7 381 373.1 365.2 356.3 345.3 333.8 314.6 282.1 257.3 229.2 209.9 193.2 179.3 166.1 158.6 166.6 171.7 186.6 205.7 219.3 237 258.8 276.9 291.5 306.5 318.2 330.5 346 361.4 362.9 373.4 375.2 372.6 373.7 388.1 397.4 413.5 431 437.2 444.4 449.5 452.2 449.2 444.1 440.7 436 432.4 428.8 423.8 422.3
395.7 393.9 395 397.2 397.6 394.9 386.6 379.8 380.1 380.2 374.5 376.9 382.8 388.4 395.9 404.6 409.4 412.1 410.7 406.3 406.8 412 418.5 418.6 420 422.4 422 417.5 409 403.3 384.5 374 371 362.2 355.9 344.6 335.3 319.8 289 259.8 234.7 211.7 193.4 179.5 169.5 156.7 155.1 160.9 173.7 186.6 201 213.8 233.8 254.4 270.8 284.6 293.8 308.7 322.4 336.5 340 354 355 354.1 359.7 376.1 387.3 397.3 407.5 416.2 422.6 427.4 432.7 433.4 432.4 432.1 434.4 437.1 440.8 442.4 449.1
389 385.6 385.5 385.1 380.4 376.7 369.3 372.5 370.9 370.8 370.8 372.1 377 382.5 388.6 394.3 401.9 409.1 410.2 405.4 404.3 410.4 416.6 420.7 422.3 423.9 422.1 417.3 411.3 403.3 391.4 377.1 371.7 368 361.1 349.7 322.5 297.8 274 247.4 227.6 209.2 194 176.2 170.9 162.2 151.8 150.4 159.4 172.3 184.6 196.9 214 230.6 248.7 263.5 274.2 286.8 301.7 312.4 320.9 334.4 331.9 334.3 342.9 368.3 377.3 383.5 389.4 394.9 399.9 401.8 407.4 412 412.6 414 417.9 423.2 437.1 447.9 453.5
385.7 381.5 380.3 375.2 367.8 363.1 361.3 362.1 363.5 370.1 370.3 365.7 374.3 378.3 382.5 388.5 393.8 398.8 400.7 403.3 407.2 410.1 414.4 420.2 422.7 420.1 419.4 420.6 418.8 409.8 396.7 382.4 372.7 370.2 365.2 358.4 337.9 321.3 284.9 256.7 233.3 215.4 200.6 184.6 173.1 161 153.4 145.8 147.7 157.9 168.7 181.4 194.3 209.3 224.5 239.4 250.7 264 277.6 288.1 298.6 308.1 314.7 310.4 328.9 354 364.7 368.3 370.7 374.8 375.9 376.4 384 391.8 395.1 396.8 403.4 415.1 432.1 445 447.2
376.2 372 369.8 363.6 358.7 357.9 357 356.1 360 363.7 364.2 365.7 370 375.9 379.2 377.9 378.9 387 395.3 402.4 409.6 417 423.6 428.4 431.8 429.3 424.3 425 424.2 417.1 404.7 384.6 372.1 372.9 364.1 350.1 337.7 312.8 286.9 259.3 235.9 216 200.4 186.3 174.2 162.7 152.3 145.5 141.9 145.7 153.7 167.6 179.9 189.6 202.9 217 230.1 244.5 251.9 265.2 275.9 289.5 294.9 291.6 316.3 335.8 343.1 349.4 352.5 354 351.1 352.7 358.1 364.5 373.8 380.2 389.3 405.1 424.2 436.6 439.1
360.8 359.3 357.8 353.6 348.1 347.8 350.8 355 358.3 360.8 361.9 361.7 363.2 366.9 370.3 368.7 370.8 381.9 392.5 404.2 414.1 421.1 430.9 437.8 439.5 441.5 442 434.1 431.2 424.1 413.2 390 379.7 368.7 360.9 352.5 338.8 315.6 288.7 263.8 240.4 218.2 200.9 187.8 176.9 164.9 155 147.5 140.4 139 143.8 153.3 166.1 176.1 184.2 194.9 209.5 218.7 225.3 235.7 249.4 262.8 269 272.9 299.2 314.4 324.5 325.4 330.4 332.1 334.3 336 340.4 345.5 351.6 360.7 374.5 391.5 409.7 423.4 431.2
350 350.3 348.6 345.6 337.4 340.2 345.7 352.2 356.9 359.1 360.4 360.6 360.7 362.3 360.5 360.7 364.4 376.8 391.5 401.3 410.5 418.2 434.7 440.6 444.5 442.5 443 441.3 438.2 433.2 420.8 403.2 383.9 369.4 367.5 356.7 338.3 315.1 293.1 273.2 250.2 228.2 208.3 189.1 175 167 159.6 149 141.5 136.9 137.3 141.4 154.1 159.4 169.3 176.7 187.2 193.2 201 210 219.4 229.1 237.1 251 266.2 281.7 295.1 299.3 303.9 310.7 317.7 319.8 323.5 327.9 329.5 341.5 358.2 378.8 396.1 410.6 424.4
343.8 343.1 340.9 337.8 336.2 338 342 346.8 353.5 356.8 358.8 360.3 360.4 360.4 360.4 360.4 360.4 372.1 384.7 393.7 404.3 423.4 433.4 447.2 450.7 445.4 440.6 435.2 433.3 432.6 425.8 415.5 402.1 385.4 364.7 353.6 335.9 313.4 297.1 277.6 257 233 208.7 195.6 181 169 162.1 152.9 144.5 136.5 134.5 134.4 142.6 149 152.8 159 166 172.2 178.8 185.5 192.9 202.5 202.1 221.2 235.7 247.5 259.9 270 275.2 286.3 291.3 297.9 304.1 308.2 315 325.1 341.9 360.1 382.3 398.3 414.1
337.5 336.5 335.2 333.8 336.9 340.4 343.9 349.6 356.7 360.4 365.1 364.5 360.4 360.4 360.4 360.4 360.9 369.3 380.2 388.5 405.5 423.8 435.7 443.8 449.4 447.3 440.6 433.7 435.2 428.2 419.1 411.1 402.3 388 366.2 351.5 338.4 321 297.4 279.9 257.5 243.1 212 207.9 193.5 180.1 169.9 159.2 148.8 140.5 132.9 132.1 133.1 137.3 139.2 144.5 150 156.2 160.3 163.4 167.8 177.5 182.5 194.3 205.5 216.1 228.2 237 243.9 254.8 265.5 275.3 284.1 286.1 293.2 310.3 322.9 345.8 368 389.7 404.6
333.9 334.1 334 335.3 341.5 344.2 349.1 357.8 360.4 363.6 365.8 367.1 360.4 360.4 360.4 360.4 360.4 364.9 373.3 388.3 408.6 424.3 433 439.9 446.3 451.2 447.2 439.3 431.8 423.4 416.4 414.2 407.5 391.6 376.3 357.5 340.3 324.4 306.5 286.9 263.3 255.8 238.1 222.8 203.8 189.7 175.6 162.9 152.8 144 135.9 129.4 128.8 132.5 132.1 132.6 136.8 138.4 145.7 148.5 154.5 160.7 164.1 173.5 183.4 193.5 202 207.8 215.3 222.7 236.6 251.2 258.1 264.2 272.8 288 307 326.9 352.4 375.3 393.3
333.5 334.8 335.2 339 343.2 347 353.7 359.9 363.9 368.2 368 363.1 360.4 360.4 360.4 360.4 360.4 360.4 372.6 389.6 407.7 423.1 435.7 445.2 454.6 457.9 454.7 443.8 431.3 419.1 416.4 419.7 413.4 400.1 387 370.8 348.1 331.8 315.1 298.8 282 270.2 257 238.4 217.7 200.3 184.1 170.4 157.3 147 138.5 131 127.3 126.9 126.2 128.4 126.7 127.3 132.7 137.3 143.4 149.4 152.3 160 166.6 173.6 179.3 185.5 191.6 198.8 210.1 223.7 232.4 241.3 254 272.7 308.7 338.3 359.4 373.1 385.3
333.2 333.7 336.1 340.1 343.8 350.3 357 364.9 369.4 372.6 373.6 370.9 364 362.3 366.6 364.1 360.4 360.4 372.7 392.2 406.3 426.5 444.4 455.4 459.1 459.8 453.8 444.6 432.3 421.2 417 419.9 414.4 402.4 393 383.3 363.5 344 332.8 319.7 304 288.7 272.4 250.4 231 210.4 193.7 175.8 160.9 148.8 141.9 137.3 125.7 125.2 124.7 123.5 123.4 123.4 124.2 130.3 135.2 140.1 146.7 150.3 154.9 160.5 164.5 171.1 175.4 180.9 188.6 199.3 205.3 225 255.3 281.5 311.8 336.2 355.1 369 379.2
335 336.3 338 342 346.9 353.8 362.7 373.4 376.5 378.5 379.7 376.1 366.1 365.2 361.7 361.4 361.4 362.1 372.5 387.4 410.5 430.9 443.9 451 457.6 455.9 447.7 445.6 434.3 422.2 420.5 414.6 410 404.5 397.3 388.3 376.5 364.3 348.4 333.7 320 306.2 288 265.5 240.4 218.7 201.6 183.7 165.9 152.4 146.9 144.9 135.9 124.6 122.3 122.6 121.9 120.8 121.1 124.2 128.1 135.4 140.5 143.4 145.3 151.9 155.2 158.6 162.1 167.6 176 184.2 200.9 216.3 239.9 265.2 292.4 321.2 342.2 359.8 373.2
340.1 342.3 344.2 345.4 351.7 358.6 368.8 378.2 380.7 383.3 383.4 374.5 366.7 361.3 361.5 361.3 361.7 365.9 377.8 394 412.7 425.8 436.4 448.7 451.9 453.9 451.2 443.4 438.5 422.2 417.8 413.1 406.5 403.8 395 391.3 384.6 376.6 368.3 349 334.8 323.7 304.4 278.3 251.2 228.5 207.2 187.7 170 157.4 151.6 150.6 141.1 131.1 120.8 120.6 120.6 119.7 119.1 120.6 123.7 128.2 133 136.1 137.8 141.4 144.9 146.7 151.1 158.8 162.2 178 187.4 199.4 221.5 243.6 270.1 297 323.5 343.5 361.3
345.8 346.5 345.8 348.3 353.1 360.3 368 376.1 383 385.3 379.7 376 365.8 363.1 362.9 367.2 370.7 374.1 383 398.4 409 417.1 429 438.8 451.1 454.7 451.6 446.6 433.2 419.4 411.7 407.3 403.5 397.9 396 387.8 380.1 376.7 369.2 359.7 355.2 342.3 328.9 298.5 266.5 240 213.4 194 174.9 163.5 157.4 156.5 148.7 136.2 123.8 117.9 117.8 118.7 117.3 117.9 117.4 117.1 123.2 127.3 129.8 130.6 134.8 137.4 143.5 147.1 157.8 165.9 174.8 184.9 200.8 221.4 245.7 271.6 299.3 324.8 345.8
348.8 347.4 348.1 349.8 352.4 357.1 362.3 368.7 375.2 377.8 376.6 379.3 373.3 368.8 368.9 377.9 383.9 387 391.6 394.4 405.8 414.3 423.8 435.8 445.3 447.7 448.4 442 428.9 415.1 410.1 405.1 396.4 394.1 390.3 385.1 375.5 373 370.9 362.4 361.3 353.8 331.9 305.6 278.2 244.7 221.6 198.9 179.7 168.5 162.5 160.6 152.8 143.1 129.8 117.9 115.7 114.4 113.8 116.4 115.6 115.2 114.1 114.1 116.2 120.3 125 130.5 135.3 144.2 149.3 156 164.6 175.2 185.1 201.2 223 247.8 274.4 299.7 327
354.4 350.7 351.2 352.2 350.9 353.4 355.4 358.4 362 364.6 369.1 372.1 373 364.7 367 377 387.4 394.8 395.2 397.7 401.2 412.2 420.8 428.7 433.9 441.9 439.4 430.7 425.4 415.9 407.1 397.7 392.6 392.2 387.5 381.6 373.3 368.7 365.9 359.2 352.1 353.2 337.5 316.7 292.3 259.2 229.4 205.8 185.8 171.7 165.2 162.2 153.6 142.9 132.3 122.5 117.5 115.3 112.8 112.9 114.4 114.2 112.7 111.5 111 114.5 119.3 123.8 129.3 138.8 143.9 149.4 156.5 166.3 175 184.8 202.6 225.2 250.5 276.2 303.2
357.9 356.4 355.1 354.9 348.8 348.3 349.3 352.1 354 354.5 357.4 361.3 365.1 365.7 366.3 376 389.2 395.4 400.5 404.3 406.5 412.1 418.4 418.9 422.6 429.5 426.5 422.3 422.5 407.7 403.1 392.7 388.3 387.3 386.3 379.5 372.4 365 356.7 355.8 346 347.8 336.9 318.2 291.8 262.6 235.8 212 192.6 176 168.4 161.3 151.2 140.3 129.1 125.3 119.5 119.7 111 110.7 112.7 114.1 113.1 112 109.5 111.9 115.3 119 125.7 133.6 138 143.7 149.5 156.9 165.4 173.7 187.3 204.7 226.6 251.6 278.8
359.1 359 356.8 350.5 345.7 344.2 343.8 345.9 345.1 345.5 347.6 352.1 358.4 362.8 367.2 378.9 393.7 395.7 401.8 404.5 410.4 415.1 415.8 415.2 419.5 418.8 419 423.9 410.7 404.5 395.5 389.2 385 388.2 378.6 380.4 372 355.5 347.7 344.5 340.3 330.4 327.5 314.4 293.7 266.2 243 219.3 198.5 183.7 174.4 167.3 152.5 138.6 131.8 124.9 124.4 121.7 116.6 109.6 108.3 115.7 115.1 112.8 110.8 109.2 111.9 115.1 120.5 127.6 135.2 139.2 143.1 149.3 157.6 166.8 174.4 188.4 208.1 230 252.8
357.8 355.2 350.6 343 341 339.8 340.6 339.5 337.6 339.2 341.4 346.9 356.3 362.5 367.7 380.6 392.2 398 404.9 408.3 410.3 410.4 412 416.2 416.6 416.1 419.3 414.3 409.1 401.6 388.9 385.9 382.8 375.3 371.5 375.3 357.1 342.1 331.2 321.3 318.4 311.3 311.6 304.9 291.7 269.1 245.3 220.6 203.8 189.3 179.9 167.8 150.6 142.2 131.1 129.7 126.5 122.6 117.5 114.1 107.2 107.7 114.8 113.1 110.9 107.3 108.4 110.5 117 128.1 131.7 134.9 138 143 150.8 159.5 168 176.8 193.3 210.8 230.9
354 345.9 338.7 336.5 334.7 333.1 331.2 330.3 330.9 333.7 337.3 344.7 355 363.8 370 379.6 387.4 401.1 409.4 415.5 413.3 410.6 409.2 413.1 410.1 413.9 415.5 409.1 407.1 395.2 384.1 381.4 375.7 372.8 374.3 363.3 345.6 333.8 317.4 296.2 291 287.7 288 291.8 279.6 262.2 242.8 224.1 206.5 193.8 183 167.3 144.6 148.7 140.9 134.4 129.7 127.8 121.5 116.6 107.3 105.4 110.1 112.2 111.5 105.1 105.1 105.2 113.4 122.9 128.8 131.3 133.7 139.3 146.4 153.1 160 168.7 180.8 196.4 212.9
346 336.4 330.4 328 325.7 324.5 323.5 323.6 328.3 331.1 334.3 340.4 353.4 367.4 375.2 378.8 388 402.3 414.5 422.6 416.8 414 404.5 403.5 400.4 407.5 406.1 402.1 398 386.1 383.7 377.7 375.6 373.1 369 365 352.6 339.5 326 311.3 294.9 274.1 258.8 265 258.5 246.3 232.7 220.6 205.4 195.4 183 165.1 146.5 153.4 151.5 143.9 138.7 132.1 128.5 121.7 113 104.3 105.1 109.3 109.3 107.2 103.5 105.3 110.3 117.8 127.1 129.3 129.6 137.8 142.3 147.2 153.5 162.1 172.1 184.1 196.5
339 330 325.7 321.9 319.6 321.2 319.9 320.1 325.6 329.5 332.4 338.2 350.4 367.2 381.3 377.5 386.1 401.1 416.6 423.6 418.3 402.7 393.6 390 390.9 397.6 394.5 394.5 391.7 385.7 386.4 378.2 377.4 375.1 370.7 363 350.9 342.2 331.9 317.6 294.9 266.8 239 244.4 234.9 228.2 219.6 212.5 205.7 189.9 177.3 164.9 155.8 163.6 160.6 156.2 146.9 140.4 133.7 127.3 120.7 112.2 101.6 102.8 105.9 104.3 102 104.2 106.2 113.2 121.8 125.7 127.8 137.5 139.5 142.3 147.3 155.4 165.6 174.1 182.7
329.8 325.2 320.4 317.5 316.5 318.3 319.7 322.7 327.3 330.2 332.7 339.9 351.4 369.2 387 380.8 391.6 408 419.5 424.2 418.7 395.6 386.1 382.6 388.7 396.3 391.2 389 387 383.6 377.3 375.1 375.1 375.3 373.8 366 353.9 342.6 329.5 315.7 297.2 268.4 239.4 226.3 220.8 211.4 205.7 196.3 190.7 183.5 178.3 167.7 170.6 173.1 173.8 167.4 158.2 149 138.5 129.3 122.1 114.8 102.5 99.7 100.8 102.4 99.8 100.4 103.9 111.9 117.1 119.5 126.2 133.3 136.4 138.6 143 150.1 156.9 166.1 174.8
323.4 319.6 315.1 315.8 313.7 315.2 318.9 322.8 326.8 329.7 335.9 344.9 356 371.6 385.7 384.9 397.2 411.3 419.6 415.5 410.5 389.1 379.4 371.7 374.1 383.5 385.3 385.9 379.2 374.4 368.2 369.4 372.2 374.9 372 365.1 353.4 342.4 327.7 313.9 298.3 270.6 242.6 220.4 211 202.8 196.5 190.6 186.3 189.9 189.4 181.6 190.2 190.7 186.1 179.7 170.7 160.4 147.5 133.2 122.3 114.6 106.9 99.5 97.8 98.3 98.1 98.3 105.9 112.9 116 117.4 125.5 131.1 134.1 135.8 139.1 145.4 152.3 160.7 166.8
316.2 309.7 309.1 310.6 310.5 315.2 321 324 326.3 331.3 340.5 352.8 363.3 370.9 381.3 387.3 400.4 409.8 413.5 412.9 399.6 383.5 376.3 366.8 359.8 367.4 375.5 378.8 372.9 363.7 363.7 370 371.1 374 370.9 363.3 356.4 342.8 332.2 320 304.4 279.6 255.7 234.8 217.1 208.6 200.6 194.5 193.2 201.5 200 202.9 196.9 203 198.2 193.1 184.1 172.7 157.8 141.4 126.1 118.1 110.8 98.8 96.7 96.3 97.2 96.7 107 112 112.9 115.3 124.1 129.4 131.7 133.6 134.4 141 147.6 154.4 160.1
307.8 303.4 302.4 303.9 305.4 310 316.8 321 325.9 331.9 345.6 359 375 379 383.6 388.7 402.6 409.6 409.9 405.4 391.1 382.4 369.2 361.9 352.4 350.9 352.7 354.3 356.4 354.5 357.6 364 371.4 368.7 369.2 365.5 358 347.1 337.6 328.4 313.6 299 276.6 253.9 235.4 221 211.8 204.5 203.4 208.3 213.1 216.1 204.3 213 211 207.7 200.2 187.3 173.2 153.6 134.8 123.6 115.9 105.2 98.7 95.6 95.3 95.6 104.4 108 109.7 111.7 118.4 124.9 128 130 129.2 135.5 141.9 148.8 155.4
301.1 300.8 300.3 301.4 301.9 305.6 312.5 318.2 323.1 333.7 349 371.7 384 384.4 384.2 387.7 396 403.1 407 397.3 383.9 376.2 367.7 358.1 350.5 341 339.7 340 342 345.7 353.2 361.4 367.7 367.6 368 364.3 360.5 351.2 343.9 337.2 326.3 312.7 297 277.9 259.6 244 233.6 224.4 217.4 219.4 225.3 226.5 222.4 227.1 225.9 224.3 215.2 198.3 182 165.8 146.1 131 122.1 113.1 103 99.9 97.1 93.4 97.5 101.3 107.5 110.1 113.4 118.5 122.3 124.4 124.4 130.5 136.5 143.4 150.1
