data/NR49.asc
ncols 200
nrows 200
xllcorner 140000
yllcorner 690000
cellsize 50
[rows 0 to 37 of 200, columns 0 to 83 of 200]
-1.4 -1.4 -1.4 -1.4 -1.4 -1.4 -1.4 -1.4 -1.4 -1.4 -1.4 -1.4 -1.4 -1.4 -1.4 -1.4 -1.4 -1.4 -1.4 4.8 17 29.1 34 37 41.6 42.4 49.3 66.6 55.1 53.2 69.4 65.2 65.2 67.3 50.5 53.2 45.7 43.3 48.9 50.3 47.6 44.8 42.4 36.8 42 39.7 29.9 23.7 20.4 16.1 15 13.8 17.1 14.2 11.7 6.7 1.6 0.3 -1.4 -1.4 -1.4 -1.4 -1.4 -1.4 -1.4 -1.4 -1.4 -1.4 -1.4 -1.4 -1.4 -1.4 -1.4 -1.4 -1.4 -1.4 -1.4 -1.4 -1.4 -1.4 -1.4 -1.4 -1.4 -1.4
-1.4 -1.4 -1.4 -1.4 -1.4 -1.4 -1.4 -1.4 -1.4 -1.4 -1.4 -1.4 -1.4 -1.4 -1.4 -1.4 -1.4 -1.4 -1.4 1.8 13.6 20.9 28 32.2 32.2 46.8 48.2 53.1 51.5 48.9 62.7 53.5 58.6 52 45.4 44.3 42.5 42.2 45.1 45.3 43.9 42.4 37.2 28.3 33 29.8 26.9 24 22.8 20.3 18.8 18.4 15.7 12.2 9.5 8.1 4.9 1.9 -1.4 -1.4 -1.4 -1.4 -1.4 -1.4 -1.4 -1.4 -1.4 -1.4 -1.4 -1.4 -1.4 -1.4 -1.4 -1.4 -1.4 -1.4 -1.4 -1.4 -1.4 -1.4 -1.4 -1.4 -1.4 -1.4
-1.4 -1.4 -1.4 -1.4 -1.4 -1.4 -1.4 -1.4 -1.4 -1.4 0.1 -1.4 0.6 0.5 -1.4 -1.4 -1.4 -1.4 -1.4 0.1 3.9 11 17.9 22.8 32.5 36.6 38.2 42.2 41.8 42.4 50.3 46 47.3 39.6 40.2 40.9 41.5 40.8 40.5 37.6 39.4 32.7 26.8 24.2 25.2 25.5 27.4 25.4 23.5 23.9 21.8 18.5 21.9 16.4 18.2 16.9 18.3 14.7 5.6 1.7 3.1 8.6 5 3.8 -1.4 -1.4 -1.4 -1.4 -1.4 -1.4 -1.4 -1.4 -1.4 -1.4 -1.4 -1.4 -1.4 -1.4 -1.4 -1.4 -1.4 -1.4 -1.4 -1.4
-1.4 -1.4 -1.4 -1.4 -1.4 -1.4 -1.4 -1.4 -1.4 -1.4 12.6 15.9 24.4 29.1 -1.4 -1.4 -1.4 -1.4 -1.4 0.3 2.9 8.1 10.8 18.8 23.7 28.9 31.6 34 32.3 33.5 36.9 40.4 38.1 33.9 42.7 38.3 35.4 39.3 41.3 34.4 31.2 27.5 21 19.8 20.9 23.2 23.2 23 24.5 25.6 30.4 27.5 24.9 35.3 35.4 33.1 29.4 26.7 21.5 24.2 24.9 17.6 8.9 -1.4 -1.4 -1.4 -1.4 -1.4 -1.4 -1.4 -1.4 -1.4 -1.4 -1.4 -1.4 -1.4 -1.4 -1.4 -1.4 -1.4 -1.4 -1.4 -1.4 -1.4
-1.4 -1.4 -1.4 -1.4 -1.4 -1.4 -1.4 -1.4 -1.4 17.9 29.7 36.4 35.6 36.9 18.1 -1.4 -1.4 -1.4 0.5 1.3 2.2 5.4 13.2 18.3 21 23.7 24.7 25.4 24.8 23.8 26.9 30.1 39.1 29.7 34.8 41.1 34.4 39.3 36.3 31.5 25.3 15.5 15 16.4 18.7 21.5 22.1 26.2 36.1 40.1 36 38.9 37.1 41.6 40.4 41.1 38.2 37.1 30.5 28.2 24 13.6 2.5 -1.4 -1.4 -1.4 -1.4 -1.4 -1.4 -1.4 -1.4 -1.4 -1.4 -1.4 -1.4 -1.4 -1.4 -1.4 -1.4 -1.4 -1.4 -1.4 -1.4 -1.4
-1.4 -1.4 -1.4 -1.4 -1.4 -1.4 -1.4 -1.4 7.6 17.3 35.5 39.3 41.3 39.6 32.1 10 0.5 -1.4 2.4 4.6 3.9 2.3 7.4 13.1 13.1 17.8 15.2 15.6 14.7 16.1 21.7 24.3 22.2 17.2 22.1 30.9 26.8 32.9 28.9 24 15.7 13.3 13.7 18.3 30.7 28 27.8 38 39.1 42.2 42.5 43.4 41.2 43.4 42.6 39.4 40.9 41.6 33.1 30 34.5 26 14.6 -1.4 -1.4 -1.4 -1.4 -1.4 -1.4 -1.4 -1.4 -1.4 -1.4 -1.4 -1.4 -1.4 -1.4 -1.4 -1.4 -1.4 -1.4 -1.4 -1.4 -1.4
-1.4 -1.4 -1.4 -1.4 -1.4 -1.4 -1.4 2 10.6 12.4 32.9 37.4 41.6 41 37.9 27.5 19.3 4.4 11.4 13.9 7.1 3.9 3 4.6 5 9.6 8.7 8 7.9 9.7 13.4 10.2 9.5 10.6 14.7 12.8 12.1 20.8 24.4 16.4 12.8 14.1 19.4 22.4 30.8 37.2 36.3 44.1 42.8 41.6 39.8 39.4 39.6 43.3 53.7 48.2 44.4 40.6 31 24.8 22.9 18.5 9 -1.4 -1.4 -1.4 -1.4 -1.4 -1.4 -1.4 -1.4 -1.4 -1.4 -1.4 -1.4 -1.4 -1.4 -1.4 -1.4 -1.4 -1.4 -1.4 -1.4 -1.4
-1.4 -1.4 -1.4 -1.4 -1.4 -1.4 -1.4 -1.4 4.7 16.7 23 33.5 35.7 38.9 34.8 25.4 19.6 15.9 8.9 10.7 6.2 3.5 3.8 3.8 4.1 4.7 6.3 6.2 7.1 8 8.7 9.1 9.3 9.4 9.6 10.3 11.1 11.4 16.8 13.7 13.9 26.2 25.1 23.3 35.8 38.9 36.6 43.3 49.2 44.1 39.7 39.1 38.9 47.2 51 49.7 43.1 36.2 21.7 12.2 6.5 -1.4 -1.4 -1.4 -1.4 -1.4 -1.4 -1.4 -1.4 -1.4 -1.4 -1.4 -1.4 -1.4 -1.4 -1.4 -1.4 -1.4 -1.4 -1.4 -1.4 -1.4 -1.4 -1.4
-1.4 -1.4 -1.4 -1.4 -1.4 0.3 -1.4 12.3 13 14.7 22 24.2 35.5 34.2 29.3 24.9 18.7 15 9.1 6.6 4.3 4 4 3.9 4.5 5 5.5 6.4 7.2 8 8.7 9.3 9.9 10.3 10.8 11.7 11.8 12.4 12.6 12.8 22.3 28.5 25.6 30.9 40 41.4 36.7 40.1 37.8 39.1 38.2 41 39.1 40.6 40.2 42.1 37.3 28.1 13.7 -1.4 -1.4 -1.4 -1.4 -1.4 -1.4 -1.4 -1.4 -1.4 -1.4 -1.4 -1.4 -1.4 -1.4 -1.4 -1.4 -1.4 -1.4 -1.4 -1.4 -1.4 -1.4 -1.4 -1.4 -1.4
-1.4 -1.4 -1.4 -1.4 -1.4 2 19.5 14.7 13.1 15.3 16.8 19.2 23.4 24.9 25 23 17.7 12.1 7.1 4.9 4.6 4.3 4.1 4.1 4.7 5.5 6.2 7.5 7.9 8.7 9.5 10 10.6 10.9 11.4 14.9 14.3 17.2 17.6 22.2 30.4 29.2 26.9 42.8 43.3 39.6 36.2 37.1 37.8 39 39.2 35.8 39.4 37.7 30.9 26.4 19 6.9 -1.4 -1.4 -1.4 -1.4 -1.4 -1.4 -1.4 -1.4 -1.4 -1.4 -1.4 -1.4 -1.4 -1.4 -1.4 -1.4 -1.4 -1.4 -1.4 -1.4 -1.4 -1.4 -1.4 -1.4 -1.4 -1.4
-1.4 -1.4 -1.4 -1.4 -1.4 2.3 14.5 12.8 15.4 16 13.9 15.7 17.6 20.9 23.4 21.1 15.4 9.6 6.5 5 4.8 4.6 4.3 4.2 5 5.9 6.9 8.5 9.2 9.6 10.4 10.7 10.7 17.4 21.5 21.4 26.6 29 35.8 39.8 44.4 31 24.9 43.2 43.9 43 37.5 40.6 43.3 36.3 33 32.8 35 41.1 31.4 21.3 17 9.2 -1.4 -1.4 -1.4 -1.4 -1.4 -1.4 -1.4 -1.4 -1.4 -1.4 -1.4 -1.4 -1.4 -1.4 -1.4 -1.4 -1.4 -1.4 -1.4 -1.4 -1.4 -1.4 -1.4 -1.4 -1.4 -1.4
-1.4 -1.4 -1.4 -1.4 5.9 23 26.4 19.9 16.4 15 10.5 11.2 12.7 15.9 19 19.9 15.1 10.2 6.5 5.2 4.8 4.7 4.6 4.4 5.3 6.6 8.6 9.7 12 15.8 13.7 10.4 16.1 34.8 33.4 29.6 27.1 26.6 42.5 53.5 42.2 27.6 28.2 44.3 41 40.8 36.9 44.4 38.4 40.6 41.4 39.1 38.1 42.4 41.3 28.2 22.7 11.4 -1.4 -1.4 -1.4 -1.4 -1.4 -1.4 -1.4 -1.4 -1.4 -1.4 -1.4 -1.4 -1.4 -1.4 -1.4 -1.4 -1.4 -1.4 -1.4 -1.4 -1.4 -1.4 -1.4 -1.4 -1.4 -1.4
-1.4 -1.4 -1.4 1.1 14.5 21.7 35.5 24.9 16.3 11.2 6.4 8.5 10.7 11.5 15.5 18.1 16.9 12.8 8.7 5.2 4.9 4.7 4.6 5.4 6.9 8.4 11.1 15.5 22.4 32.6 44.7 44.5 39.7 37.4 35.6 26.2 28.4 47 56.2 53.5 40.8 27 30.9 30 30.8 32.4 30.3 37.9 40.6 38.1 34.9 33.5 38.5 39.4 22.6 14.8 10.4 -1.4 -1.4 -1.4 -1.4 -1.4 -1.4 -1.4 -1.4 -1.4 -1.4 -1.4 -1.4 -1.4 -1.4 -1.4 -1.4 -1.4 -1.4 -1.4 -1.4 -1.4 -1.4 -1.4 -1.4 -1.4 -1.4 -1.4
-1.4 -1.4 -1.4 0.5 24.8 27.5 25.8 18.4 13 3.4 3.4 5.7 9.2 10.9 12.9 14.8 17 15.1 11.9 8.2 6.8 5.2 5.9 7.1 8.5 10.2 14.1 30.5 41.1 45.1 52.9 51.6 46.8 41 29.7 27.1 42.7 52.9 52.6 44.6 33.8 25.4 27.1 35.8 28 29.8 37.3 42.3 39.3 31.7 31.8 32.3 27.3 22.5 17.6 6.7 -1.4 -1.4 -1.4 -1.4 -1.4 -1.4 -1.4 -1.4 -1.4 -1.4 -1.4 -1.4 -1.4 -1.4 -1.4 -1.4 -1.4 -1.4 -1.4 -1.4 -1.4 -1.4 -1.4 -1.4 -1.4 -1.4 -1.4 -1.4
-1.4 -1.4 -1.4 -1.4 12 17.7 15.2 4.3 -1.4 2 1.9 4.2 7.9 9.7 11.1 13.1 15 16.9 14.9 13.4 9.5 6.3 8.2 9.1 10.3 13.2 19 32.4 44 58.5 63.6 50.9 41.8 34.8 36.7 39.8 49.6 57.3 52.6 42.9 29.2 26.5 26.3 27.8 26.2 29.8 33.5 34.3 32.2 33 40.3 37.3 28.8 17.7 6.4 2.1 -1.4 -1.4 -1.4 -1.4 -1.4 -1.4 -1.4 -1.4 -1.4 -1.4 -1.4 -1.4 -1.4 -1.4 -1.4 -1.4 -1.4 -1.4 -1.4 -1.4 -1.4 -1.4 -1.4 -1.4 -1.4 -1.4 -1.4 -1.4
-1.4 1.1 -1.4 -1.4 -0.4 1.9 -0.3 -1.4 0 1.9 10.9 7.6 10.1 9.9 10.7 12.5 14.5 15.4 15.9 21.7 19.8 9.8 9.9 9.8 10.5 14.8 22.7 39.4 48.2 54.1 56.7 42.2 37.9 36.9 41.9 38.2 45.5 52.4 48.4 41.3 27.7 26.5 26.6 32.1 34.9 34.7 31.8 32.2 37.9 35 40 41.4 35.1 22.5 7.8 -1.4 -1.4 -1.4 -1.4 -1.4 -1.4 -1.4 -1.4 -1.4 -1.4 -1.4 -1.4 -1.4 -1.4 -1.4 -1.4 -1.4 -1.4 -1.4 -1.4 -1.4 -1.4 -1.4 -1.4 -1.4 -1.4 -1.4 -1.4 -1.4
-1.4 -1.4 -1.4 -1.4 -1.4 -1.4 -1.4 -1.4 17.2 12.4 16.8 10.3 11.5 10 10.4 12 13.1 13.3 14.3 25 24.6 13 10 10 11.4 17 21.7 37.5 47 42.5 41.2 40.6 34.7 32 33.9 43.5 39.7 45.2 40.3 30.9 27.5 26.9 27.2 28.1 28.2 32.2 38.6 42.9 45.6 45.1 41.3 34.2 29 13.1 -1.4 -1.4 -1.4 -1.4 -1.4 -1.4 -1.4 -1.4 -1.4 -1.4 -1.4 -1.4 -1.4 -1.4 -1.4 -1.4 -1.4 -1.4 -1.4 -1.4 -1.4 -1.4 -1.4 -1.4 -1.4 -1.4 -1.4 -1.4 -1.4 -1.4
-1.4 -1.4 -1.4 -1.4 -1.4 -1.4 -1.4 12.1 21.9 33.1 24.6 13.2 12.6 14.6 10.6 10.7 11.7 11.8 13.5 22 28.9 34.9 16.1 10.9 13.1 16.7 21.7 30.6 36.6 41.5 39.3 39.2 29.9 26.7 32.6 37.7 35.6 39.5 43 42.5 29.5 38 37 37.8 38.7 41.3 52 56.8 57.4 48.7 38.5 24.7 14.7 -1.4 -1.4 -1.4 -1.4 -1.4 -1.4 -1.4 -1.4 -1.4 -1.4 -1.4 -1.4 -1.4 -1.4 -1.4 -1.4 -1.4 -1.4 -1.4 -1.4 -1.4 -1.4 -1.4 -1.4 -1.4 -1.4 -1.4 -1.4 -1.4 -1.4 -1.4
-1.4 -1.4 -1.4 -1.4 -1.4 -1.4 0 2 18.6 27.3 35.6 27.2 20.9 24.9 17.4 14.1 11.4 11.7 13.5 16.4 24.9 30 22.6 16 16 22.6 24.9 33.3 34.6 37 35.2 30.4 26.7 29.1 29.5 34.2 45.1 42.6 39.7 38.1 30.7 34.2 38.3 43.6 52.8 59.3 57.3 47.9 42.3 39.9 28.8 17.7 6.9 -1.4 -1.4 -1.4 -1.4 -1.4 -1.4 -1.4 -1.4 -1.4 -1.4 -1.4 -1.4 -1.4 -1.4 -1.4 -1.4 -1.4 -1.4 -1.4 -1.4 -1.4 -1.4 -1.4 -1.4 -1.4 -1.4 -1.4 -1.4 -1.4 -1.4 -1.4
-1.4 -1.4 -1.4 -1.4 -1.4 -1.4 1.9 5.8 13.8 20.4 28.4 30.6 27 33.6 36.3 20.3 12 12.6 12.6 20.4 23.9 29.2 22.7 25 27.7 27.5 32.3 30.8 29.9 34 30.4 26 27 27.3 28.4 37.6 50.2 39.6 36.9 31.6 31.7 37.1 50.3 59.8 58.4 61 51.7 44.1 39.7 31.3 22 13.3 -1.4 -1.4 -1.4 -1.4 -1.4 -1.4 -1.4 -1.4 -1.4 -1.4 -1.4 -1.4 -1.4 -1.4 -1.4 -1.4 -1.4 -1.4 -1.4 -1.4 -1.4 -1.4 -1.4 -1.4 -1.4 -1.4 -1.4 -1.4 -1.4 -1.4 -1.4 -1.4
-1.4 -1.4 -1.4 -1.4 1.5 17.6 7.5 37.7 27.5 24.4 27.5 29.7 39 39.6 41.1 33.6 24.9 13.1 14.2 20.5 26.6 28.5 23.5 23.1 26.2 25.7 29.2 31.1 27 31.7 26.9 26.6 33.7 32.5 41.6 40.7 41.9 35.1 35.2 35.6 40 53.6 64.9 65.3 61.3 59.6 52.4 41.4 35.4 25.2 13.3 3.8 -1.4 -1.4 -1.4 -1.4 -1.4 -1.4 -1.4 -1.4 -1.4 -1.4 -1.4 -1.4 -1.4 -1.4 -1.4 -1.4 -1.4 -1.4 -1.4 -1.4 -1.4 -1.4 -1.4 -1.4 -1.4 -1.4 -1.4 -1.4 -1.4 -1.4 -1.4 -1.4
-1.4 -1.4 -1.4 -1.4 2 6.7 32.8 28.6 26.9 32.4 39.8 36.3 40.3 42.5 45.7 41.3 23.7 18.2 21.4 29 40 36.7 30.3 27.5 24.8 24.9 26.2 26.5 25.5 25.6 29.4 54.3 72.9 48.4 45.5 37.6 36.2 47.8 46.1 56.7 54.2 70.4 72.4 75.8 75.5 63.1 45.6 37.9 39.1 27.5 15.3 2.4 -1.4 -1.4 -1.4 -1.4 -1.4 -1.4 -1.4 -1.4 -1.4 -1.4 -1.4 -1.4 -1.4 -1.4 -1.4 -1.4 -1.4 -1.4 -1.4 -1.4 -1.4 -1.4 -1.4 -1.4 -1.4 -1.4 -1.4 -1.4 -1.4 -1.4 -1.4 -1.4
-1.4 -1.4 -1.4 -1.4 -1.4 4.6 9.1 28.1 35.6 38.8 36.9 34.2 36.6 40.5 44 38.6 27.7 27 33.6 37.2 38.5 36.4 40.3 43.1 30.4 30.8 34.3 29.7 49.7 42 58.8 79.5 69.8 51.8 43.9 38.2 52.7 53.7 59.7 66.5 62.4 71.8 73.1 72.3 71.9 65.8 53.3 45.7 35.4 24.2 15.3 6.1 -1.4 -1.4 -1.4 -1.4 -1.4 -1.4 -1.4 -1.4 -1.4 -1.4 -1.4 -1.4 -1.4 -1.4 -1.4 -1.4 -1.4 -1.4 -1.4 -1.4 -1.4 -1.4 -1.4 -1.4 -1.4 -1.4 -1.4 -1.4 -1.4 -1.4 -1.4 -1.4
-1.4 -1.4 -1.4 -1.4 -1.4 -1.4 2 15.1 26.7 32.6 32 38.9 42.3 41.6 38.5 36.4 34.2 40 38.3 40.5 42 45 63.9 85.7 43.1 42.8 40.3 53 85.2 67.7 88 76.1 58.8 52.2 47.1 43.2 55.9 56 60.9 66.5 67.4 78.7 79.2 81.3 84.4 71.5 45.1 31.8 29.5 25 17.8 10.7 -1.4 -1.4 -1.4 -1.4 -1.4 -1.4 -1.4 -1.4 -1.4 -1.4 -1.4 -1.4 -1.4 -1.4 -1.4 -1.4 -1.4 -1.4 -1.4 -1.4 -1.4 -1.4 -1.4 -1.4 -1.4 -1.4 -1.4 -1.4 -1.4 -1.4 -1.4 -1.4
-1.4 -1.4 -1.4 -1.4 -1.4 -1.4 1.4 30.9 44 54.7 44.2 61.9 52.7 58.4 44.9 41.7 39.4 51.5 56.3 45.4 50.9 60.8 102.3 90 52.1 54.4 82.1 111.6 115.6 107 98.8 85.5 74.8 69.5 58.2 48.7 59.5 61.6 72.2 71.9 65.1 79.8 79.2 78.9 71.3 43.7 34.3 31 24 14.5 -1.4 -1.4 -1.4 -1.4 -1.4 -1.4 -1.4 -1.4 -1.4 -1.4 -1.4 -1.4 -1.4 -1.4 -1.4 -1.4 -1.4 -1.4 -1.4 -1.4 -1.4 -1.4 -1.4 -1.4 -1.4 -1.4 -1.4 -1.4 -1.4 -1.4 -1.4 -1.4 -1.4 -1.4
-1.4 -1.4 -1.4 -1.4 -1.4 18.8 37.3 45.5 43.7 51.6 56.9 70.8 66.5 68 60.2 51.1 41 71.7 79.3 72 90.2 88.1 104.6 83.2 67.1 89.8 118.2 113.2 114 111.7 112.5 92.8 73.4 70.2 65 54.3 60.3 61 66 72.2 63.3 72.1 71.7 72.4 57.9 40.8 32 16.8 10.1 -1.4 -1.4 -1.4 -1.4 -1.4 -1.4 -1.4 -1.4 -1.4 -1.4 -1.4 -1.4 -1.4 -1.4 -1.4 -1.4 -1.4 -1.4 -1.4 -1.4 -1.4 -1.4 -1.4 -1.4 -1.4 -1.4 -1.4 -1.4 -1.4 -1.4 -1.4 -1.4 -1.4 -1.4 -1.4
-1.4 -1.4 -1.4 -1.4 -1.4 7.4 23.8 33 43.4 45.6 54.9 68.2 79.2 85.3 84.3 72.6 52.3 76 93 92 103.3 114.9 120.6 108.8 113.1 109 109.7 106.5 105.1 120.7 107.8 88.2 77.8 73.7 64.6 53.5 62 59.7 58.4 60.2 61.1 71.2 65.5 56.8 45.4 32.2 23.6 5.1 2.5 -1.4 -1.4 -1.4 -1.4 -1.4 -1.4 -1.4 -1.4 -1.4 -1.4 -1.4 -1.4 -1.4 -1.4 -1.4 -1.4 -1.4 -1.4 -1.4 -1.4 -1.4 -1.4 -1.4 -1.4 -1.4 -1.4 -1.4 -1.4 -1.4 -1.4 -1.4 -1.4 -1.4 -1.4 -1.4
-1.4 -1.4 -1.4 -1.4 -1.4 1.7 14.5 27.6 30.6 38.5 48.3 70.8 90.1 105.3 105.5 77.3 64 89.5 91.3 93.3 102.4 124.6 127.9 114 112.5 107.4 97.3 93.9 100.6 110.3 101.4 86.4 84.2 73.7 66 57.2 60.3 56.9 57.1 60.4 60.6 62.4 57.6 49 37 27.3 20.2 11.6 1.9 -1.4 -1.4 -1.4 -1.4 -1.4 -1.4 -1.4 -1.4 -1.4 -1.4 -1.4 -1.4 -1.4 -1.4 -1.4 -1.4 -1.4 -1.4 -1.4 -1.4 -1.4 -1.4 -1.4 -1.4 -1.4 -1.4 -1.4 -1.4 -1.4 -1.4 -1.4 -1.4 -1.4 -1.4 -1.4
-1.4 -1.4 -1.4 -1.4 -1.4 2.9 2 16.8 31.4 39.3 45 57.2 78.4 96.5 99.7 75 86.2 110.9 105.6 102.8 116.4 130.5 123.9 109.9 99.6 95.3 87.6 87.2 96.7 104.8 100.2 86.3 82.7 77.4 65.2 57.6 58.1 60.1 55.1 55.3 58.4 55.8 44.7 39.2 33.2 34.8 27.4 22.3 13.3 5.2 -1.4 -1.4 -1.4 -1.4 -1.4 -1.4 -1.4 -1.4 -1.4 -1.4 -1.4 -1.4 -1.4 -1.4 -1.4 -1.4 -1.4 -1.4 -1.4 -1.4 -1.4 -1.4 -1.4 -1.4 -1.4 -1.4 -1.4 -1.4 -1.4 -1.4 -1.4 -1.4 -1.4 -1.4
-1.4 -1.4 -1.4 -1.4 -1.4 -1.4 -1.4 1.2 9.9 31.3 46.8 51.1 70.4 85.1 79.5 67.9 92.5 119.9 135.8 120.8 126 125.6 111.8 100.4 83.9 86.1 86.3 87.9 99 101.3 91.5 83.8 85.7 76.9 67.3 57 55.8 57.4 55.4 54.3 54 48.6 39 33.7 30.7 28.2 24.3 16 8.7 3.2 -1.4 -1.4 -1.4 -1.4 -1.4 -1.4 -1.4 -1.4 -1.4 -1.4 -1.4 -1.4 -1.4 -1.4 -1.4 -1.4 -1.4 -1.4 -1.4 -1.4 -1.4 -1.4 -1.4 -1.4 -1.4 -1.4 -1.4 -1.4 -1.4 -1.4 -1.4 -1.4 -1.4 -1.4
-1.4 -1.4 -1.4 0.5 1 -1.4 -1.4 -1.4 1.4 11.9 33.4 45.3 51.1 66.8 58.8 63.2 106 129.6 140.4 122.4 118 115 106.3 90.9 79.3 86.1 86.8 89.9 93 91.6 90.7 79.7 81.2 73.7 65 55.4 54.9 55.3 57.2 58.4 51.7 56.2 62.3 39.2 32.7 26.8 20.6 13.6 2.9 -1.4 -1.4 -1.4 -1.4 -1.4 -1.4 -1.4 -1.4 -1.4 -1.4 -1.4 -1.4 -1.4 -1.4 -1.4 -1.4 -1.4 -1.4 -1.4 -1.4 -1.4 -1.4 -1.4 -1.4 -1.4 -1.4 -1.4 -1.4 -1.4 -1.4 -1.4 -1.4 -1.4 -1.4 -1.4
-1.4 -1.4 -1.4 -1.4 -1.4 -1.4 -1.4 -1.4 1 4.3 12.7 31.9 40.8 47.3 48.4 54.7 89.9 122.2 129.1 117 112.6 101.9 93.7 79.2 76.2 79 81.6 92.4 98.4 90.9 83.5 74.5 72.9 68.9 60.6 56.8 56.1 58.8 67.5 72.7 81.4 82.1 51.8 45.4 36.3 29.2 13.7 7.2 1.9 -1.4 -1.4 -1.4 -1.4 -1.4 -1.4 -1.4 -1.4 -1.4 -1.4 -1.4 -1.4 -1.4 -1.4 -1.4 -1.4 -1.4 -1.4 -1.4 -1.4 -1.4 -1.4 -1.4 -1.4 -1.4 -1.4 -1.4 -1.4 -1.4 -1.4 -1.4 -1.4 -1.4 -1.4 -1.4
-1.4 -1.4 -1.4 -1.4 -1.4 -1.4 1.4 5.8 6.3 6.9 10 10.7 32.2 48 39.2 48.5 83.2 101.1 110.4 89.7 95.9 94.8 80.1 73 73.9 82.8 91.4 96.5 88.7 82.1 73.4 73.2 75.5 73.9 78.6 71.1 70.3 80.9 91.1 81.7 77 68.6 48.9 43.5 43.6 34.6 26 11.3 -1.4 -1.4 -1.4 -1.4 -1.4 -1.4 -1.4 -1.4 -1.4 -1.4 -1.4 -1.4 -1.4 -1.4 -1.4 -1.4 -1.4 -1.4 -1.4 -1.4 -1.4 -1.4 -1.4 -1.4 -1.4 -1.4 -1.4 -1.4 -1.4 -1.4 -1.4 -1.4 -1.4 -1.4 -1.4 -1.4
-1.4 -1.4 -1.4 -1.4 -1.4 -1.4 1.9 2 1.9 2 11.1 14.1 12.7 30.2 29.5 57.2 55 79.6 88.2 66 76.5 78.1 72 72.8 72.8 82.1 83.2 86.9 78.9 73.1 72.5 74.4 85.7 90.6 94.3 87.6 84.9 90.7 85.9 69.7 55.9 48.8 44.5 41.7 32.1 21.1 14.4 -1.4 -1.4 -1.4 -1.4 -1.4 -1.4 -1.4 -1.4 -1.4 -1.4 -1.4 -1.4 -1.4 -1.4 -1.4 -1.4 -1.4 -1.4 -1.4 -1.4 -1.4 -1.4 -1.4 -1.4 -1.4 -1.4 -1.4 -1.4 -1.4 -1.4 -1.4 -1.4 -1.4 -1.4 -1.4 -1.4 -1.4
-1.4 -1.4 -1.4 -1.4 -1.4 1.3 2 2 2 8.8 7.4 9.6 11.2 13.7 27.5 40.2 45.6 55 66.3 53.4 56.8 66.8 69.4 69.9 72.9 73.1 77 80.6 73 72.4 77.8 93.6 96.5 92.8 88.9 89.2 81.5 72.2 61 41.5 41.2 43.1 41 33.2 24.2 18.4 9.9 -1.4 -1.4 -1.4 -1.4 -1.4 -1.4 -1.4 -1.4 -1.4 -1.4 -1.4 -1.4 -1.4 -1.4 -1.4 -1.4 -1.4 -1.4 -1.4 -1.4 -1.4 -1.4 -1.4 -1.4 -1.4 -1.4 -1.4 -1.4 -1.4 -1.4 -1.4 -1.4 -1.4 -1.4 -1.4 -1.4 -1.4
-1.4 -1.4 -1.4 -1.4 -1.4 0.7 2 2 6.3 20.1 21.2 15.3 9.2 9.7 12.7 20.5 25.3 32.7 40.4 47.5 54.7 62.3 69.1 74.8 73.8 74 70.4 73.2 73.5 77.3 79.6 87.7 92.6 92.4 88.3 84.8 61.5 53.1 43.5 36.3 36.4 32.8 23.6 24.6 20.4 11.7 1.9 -1.4 -1.4 -1.4 -1.4 -1.4 -1.4 -1.4 -1.4 -1.4 -1.4 -1.4 -1.4 -1.4 -1.4 -1.4 -1.4 -1.4 -1.4 -1.4 -1.4 -1.4 -1.4 -1.4 -1.4 -1.4 -1.4 -1.4 -1.4 -1.4 -1.4 -1.4 -1.4 -1.4 -1.4 -1.4 -1.4 -1.4
-1.4 -1.4 -1.4 -1.4 -0.3 0.8 1.9 2 17.8 21.5 22.1 23.4 17.2 12.3 11.9 12.5 17 21.1 41.9 46.5 63.9 68.4 73 67.3 62 60.4 58.3 66.5 73.3 80.4 85.8 94.1 93.8 92.4 86.7 68.5 46.7 48.7 39.1 31.8 25.2 15.1 11.9 14.3 11.4 -1.4 -1.4 -1.4 -1.4 -1.4 -1.4 -1.4 -1.4 -1.4 -1.4 -1.4 -1.4 -1.4 -1.4 -1.4 -1.4 -1.4 -1.4 -1.4 -1.4 -1.4 -1.4 -1.4 -1.4 -1.4 -1.4 -1.4 -1.4 -1.4 -1.4 -1.4 -1.4 -1.4 -1.4 -1.4 -1.4 -1.4 -1.4 -1.4
-1.4 -1.4 -1.4 -0.6 0.2 1 2 8.3 18.3 24.2 24.2 22.5 22.9 17.4 16.7 19.4 23.2 28.7 42 51.4 70.6 78.9 79.4 70 61.8 57.9 54.5 59.4 59.8 58.9 66.8 77.8 85.8 83 77.6 46.3 42.2 42 27.1 21 8.6 -1.4 -1.4 -1.4 -1.4 -1.4 -1.4 -1.4 -1.4 -1.4 -1.4 -1.4 -1.4 -1.4 -1.4 -1.4 -1.4 -1.4 -1.4 -1.4 -1.4 -1.4 -1.4 -1.4 -1.4 -1.4 -1.4 -1.4 -1.4 -1.4 -1.4 -1.4 -1.4 -1.4 -1.4 -1.4 -1.4 -1.4 -1.4 -1.4 -1.4 -1.4 -1.4 -1.4
