data/NR60.asc
ncols 200
nrows 200
xllcorner 160000
yllcorner 600000
cellsize 50
[rows 0 to 37 of 200, columns 84 to 167 of 200]
141.2 146.4 152.5 156.4 164.1 169.8 172.6 182.7 191.2 204.8 223.2 224.4 227.2 224.2 221.9 223.2 222.2 215.9 211.4 204.4 194.6 185.1 174.5 161.3 149.9 136.9 124.8 110.2 92.3 78.5 65.7 53 44 35.5 25.5 19.2 18.3 16.5 16.5 16.1 16.9 18.7 20.7 25.5 25.8 29.6 33.7 40.1 49.1 59.9 68.7 75.9 83.9 86.1 87.5 89.7 91.4 92.4 92.7 89.1 84.4 78.2 72.3 65.8 61 55.5 44.8 36 27.9 23.3 23.7 23.4 24.2 25.3 26.6 27.8 27.8 30.5 30.7 30.2 30.8 30.6 31.6 34.1
118 130 137.8 143.4 149.9 159.9 159.1 167.9 176.4 190.4 210.8 213.9 215.3 219.2 217.6 221 221.9 215.7 208.1 200.6 191.3 181.1 170.2 159 148.2 136.3 124 110.6 96.3 83.8 71.3 58.7 48.7 37.8 28.7 18.9 18.5 16.7 15.9 14.9 15.3 16 17.9 22.5 24.6 25.5 32 37.3 44.3 56.6 65.3 74.1 82 84.4 83.5 85.6 86.4 87.3 86.1 82.8 78.8 73.7 67.5 61.6 56.8 49.4 41.4 32.4 24.3 22.6 22.9 24.7 27.6 28.3 29.2 31.7 34.2 37.5 38.2 36.9 36.6 36.4 37.8 40.8
93.8 107.9 117.9 126 132.5 140.2 146.9 154.6 165.1 174.9 193.4 202.2 206 208.1 211.5 219.5 218.3 211.8 206.6 198.4 188.7 178.1 167.7 156.5 146.6 134.9 123.2 111.2 97.5 84.6 73.8 63 51.6 40.4 31.4 20.9 18.1 17.9 17 15.3 15 14.7 15.6 19.7 22.7 23.1 27.9 34.1 39.8 52 64.3 71.6 75.8 78.4 81.5 82.3 82.6 82.3 79.4 76.3 72.2 68.1 62.7 57.3 51.7 44.3 36.4 28.4 22.4 22 22.3 24.8 27.2 29.1 32.4 35.7 39.4 44 45.9 45.5 45 46.5 46.9 48.5
72.9 82.9 98.3 107.8 115.9 124.9 132.6 142.3 153.7 165.3 173.8 188.5 196.9 201.4 204 212.4 213.1 210.5 207 198.3 189 177.2 166.1 154.8 145.2 133.5 121.8 110.2 97.9 85.2 73.1 63.9 52.2 42.6 31.8 24.8 18.5 18.2 18 16.7 15.8 15.3 14.1 16.3 19.4 20 23.4 29.5 35.2 46.7 58.9 66.3 71 74 76.4 78.7 78.7 76.7 73.8 69.9 65.9 62 57.6 52.4 46.4 38.6 30.8 24.2 20.7 21.1 22.6 24.5 26.7 31 34.4 39.8 46.6 50.9 54.1 55.9 57.2 56 55.3 56.8
59.1 66.7 78 90.1 102.9 113.1 120.9 131.5 141.5 153.2 162.8 171.6 184.2 191.7 196.2 201.9 204.9 210.4 207.4 200.6 187.7 178 166.6 154.8 144.2 132 119.8 108.8 98.2 86.8 74.3 63 52.3 43.1 30.7 24.6 20.1 18.4 18 16.9 16.1 15.9 14 14.7 16.3 22.1 22.9 25.8 31 41.1 52.5 61.3 68.4 70.1 72.3 73.1 73.3 69.7 66.7 63.4 59.8 55.8 51.5 46.6 40 32.2 25.7 20.7 20.2 21.5 23.8 26.3 29.2 33.4 37.9 44 54.1 58.2 61.4 66.1 67 65.6 64.7 65.8
54.6 57 67.8 77.1 88.9 97.9 107.8 119.9 130 142.3 152.5 164.5 172.4 182.9 189.5 194.1 197.7 200.5 202.6 200.7 190.6 175.3 164.7 154.2 143.7 131.3 117.7 106.7 96.7 85.4 72.7 61.5 50.3 37.7 29.8 24.1 20.4 17.9 16.9 16.4 16.3 16.1 13 13.4 14.1 18.4 22.9 24.1 27 34 46.2 58 63.1 63.8 67.7 70 67.3 63.3 59.5 56.3 53 49.7 45.4 40.1 32.3 26.1 22.5 19.7 19.9 22.3 25.3 28.8 32.1 36.3 41.3 47.1 56.5 60.9 66.8 72.7 74.8 74.7 75 76.7
52.3 52.3 59.3 68.2 77.3 87.6 97.1 106.6 118.1 130.7 141.8 151.6 160.6 172.8 182.6 187.3 191 193.9 195 195.5 189.6 176.1 165.3 154.4 143.3 130.5 117.1 104.9 94.8 83.6 71 60 48.9 35.8 29.6 24.2 19.4 17.7 16.5 16.9 16.7 15.9 13.2 13.6 13.6 14 18.8 21.4 23.7 27.9 40.4 49.7 55.4 58.2 58.6 61.3 60.9 56.9 53.4 49.5 46.2 43 38.6 33.2 26.4 22.5 20.1 19.8 20 23.7 27.5 31.2 32.9 38.5 44.5 50.7 59.4 63.1 70.8 78.8 81.7 83.9 85 87
51.5 51 53.3 60.2 69.7 78.2 88 97.6 106.7 117.5 131.4 142.8 152.6 162.2 171.7 181.1 183.6 185.3 186.3 187.7 185.1 177.5 166.3 155.5 142.6 130 116.8 103.5 93.2 80.5 68.6 56.4 44.1 34 28.8 23.9 19.3 17.6 16.1 17.2 16.6 15.6 12.7 13 13.4 13.4 16 19.7 21 23.2 31.1 40.7 45.5 49 50.7 53.1 53.6 51 48 43.8 40.2 36.5 32.3 27.3 22.5 19.4 18.5 19 21.6 27.1 30.9 34.3 36.6 41.2 48.9 55.5 62.5 66.8 75.3 82.8 88.3 91.1 94.3 95.1
55.6 50.8 48.8 49.1 61.4 69.9 79 88.2 96.1 103.9 117.5 132.1 143.1 152.4 160.8 171.2 176.8 176.9 177.4 181.6 181 176 167.9 156.2 142.8 130 116.6 103.1 91.8 77.3 65.3 54.4 42.7 32.6 27.1 22.8 20.3 17.8 17.2 16.8 16.2 15.4 12.1 11.7 12.1 12.5 14.1 17 20.9 20.6 26.4 33 36.5 39.8 40.8 45.3 47.2 46.2 42.6 38.1 34.5 31.2 26 23 20.4 16.9 19.4 21 27.3 29.5 33.3 37.3 42.3 45.5 48.9 60.5 66 72.9 80.1 87 92.8 97.2 101.7 103.5
66.7 56.8 49.4 47.3 50 61.3 70 78.3 83.2 93.7 102.8 118.3 132.2 143 152.1 158.8 166.8 169.2 171.1 173 177.5 173.8 168.2 156.1 143.1 130.7 117.3 104.7 90.3 75.7 63.6 52.3 42.8 32.7 26.5 24.1 22 18.6 16.6 16 15.4 14.5 12 11.5 11.1 13 13.2 13.2 17.4 19.2 21.8 26.2 29.9 31.9 32.7 37.4 41.3 41 37.3 32.5 28.7 26.3 22.1 18.9 17.4 26.2 26.1 25.4 30 33.7 37.1 42 46.9 50.8 54.1 59.1 70.4 77.8 84.9 91.4 95.2 99.8 104.1 107.5
77 66.1 55.8 47.2 46.9 50.8 61.1 67.7 75.5 83.6 91.9 104.4 118.3 132.1 143.3 152.3 158 161.9 165.9 167.1 167.8 167.5 167 157.8 142.6 132.3 118.4 104.3 89.7 74.2 60.1 49.8 42.8 34.7 28.3 25.2 22.4 19.4 16.2 15.3 14.5 12.8 11.5 11 10.7 12.9 12.7 12.8 13 18 20 20.6 23.9 26 28 32.1 35.9 35.3 31.5 27 24.3 22.4 17.4 18.2 24.9 27.7 28.5 29.8 33.7 37.1 42.2 46.7 51.6 56.1 62.1 68.1 75.7 82.4 89.1 94.8 97.7 101.3 106.3 108.8
87.6 76.8 64.5 55.1 45.5 45.4 51.8 62.5 68.6 73.7 81.8 92 104.7 118.7 132.8 144.3 151 155.1 161 164.1 162.3 161.1 162 158.5 142.1 131.2 118.6 104.9 89.7 71.8 55.3 46.9 42.1 38.6 32.9 28.2 24.3 21.7 18.3 16.6 14.1 12.8 11.7 11.5 10.5 11.4 12.2 12.4 12.6 12.7 16.2 18.5 20.8 22 23.2 24.4 27.7 28.7 25 22.1 21.1 19.6 16.6 23.5 26.5 27.1 28.6 32.3 37.4 43.3 48.9 53.1 57 64 70.5 76.6 81.8 86.3 91.1 95.9 99.4 102.7 105.8 107.2
100 86.3 74.2 61.7 50.5 44.5 44.2 48.5 60.5 66.6 75 83.5 94.7 106 120 133.5 142.9 149.3 154 160.7 163.1 158.1 155.3 155 140.6 127.9 117.5 106.8 88.9 69.1 54.4 46.2 45.5 42.9 37.7 32.1 29.2 24.7 21.7 19.4 14.2 12.7 12.1 11.9 10.7 10.5 11.9 12.1 12.2 12.4 13.5 15.6 18.1 19.7 20.2 20.4 21.1 21.3 20.4 19.2 16.6 15 21.1 23 25.1 27.4 30.2 34.6 41.2 47.3 54.5 58.3 64.1 74.6 83.9 87.5 89 91.3 95.1 97.6 99.7 102.1 104 106.1
121.7 100.8 86.7 71.9 59.6 49.7 42.5 41.4 52.2 60.8 70 76.5 85.7 94.2 107.4 120.6 134.4 142.7 147.6 152.6 158.6 156 154.9 146.9 137.4 126 116.8 107.3 87.9 70.8 56.7 48.7 50.9 48.4 41.3 36.5 35 29.3 22.8 21.4 15.7 13.6 12.5 11.5 9.9 11 11.6 11.8 11.9 12 12.8 14.1 18.4 18.8 18.9 19.2 19.5 19.5 19 17.4 15.3 20.5 22.3 23.3 25.1 28 31.6 37.8 44.3 51.5 59 64.5 73.3 84.1 92.7 96.8 98.4 99.4 99.7 98.6 99.6 100.9 102.7 101.7
141.3 121.4 99.6 82.4 68.7 57.4 47.3 40.1 41.9 51.2 63.5 69.6 76.7 84.9 95.3 108.7 123 133.5 140.5 145.3 148.2 150.8 152.1 146.9 138 127.3 115 103.2 88.8 73.1 60.5 53.9 56.8 50.8 43.7 39.4 38.6 31.4 25.7 21.4 21.3 22.5 19 13.4 9.7 11.7 11.5 11.4 11.6 11.7 12 12.3 18.4 16.2 18.9 19.1 19.3 19.2 18.5 14.5 17.9 20.7 22.2 23.3 26.7 30.4 35.6 41 48 55.8 63.3 70.8 81.2 90.3 98.5 104.1 107 109.3 107.5 103.4 101.7 101.5 100.4 100.7
149.7 134.3 120.6 95.8 80.4 64.4 53.6 43.1 41.3 49.4 56.9 63.3 68.5 76.2 84.4 96.7 110.2 122 131.8 139.1 143.3 145.8 145.8 143 136.9 127.9 114.7 103 89.9 73.9 62.1 58 59.7 51 45.1 42 38.8 31.8 25.9 22.4 21.6 21.7 21.4 18.4 14.2 11 11.7 11.3 11.5 11.8 11.1 10.5 11.8 15.2 18.3 19 19.2 19.5 14 13.3 18.8 20.5 23.3 26.2 30.5 34.7 39.6 45.4 53.2 60.5 69.4 78.6 86.6 94.1 101.7 108.7 111.4 113.5 114.4 110.5 105.2 101.9 99.8 99.4
160 145.9 135.5 112.1 92.3 73.7 60.5 49.6 40 40 48.5 58.1 63.3 68.9 75.5 85.8 101 111.1 120.9 129.5 137.6 140.2 141.4 138.7 134.3 129.8 116.3 105.3 96.3 77.8 61.5 58.9 62.9 50.7 45 41.8 37.1 30.9 24.9 25.1 24.3 23.2 23.1 21.4 16.6 12.4 12.3 11.5 11.8 11.2 10.4 9.6 9.2 11.9 16.8 18.9 18.9 18.9 12.7 14.4 18.3 19.9 23.8 25.9 30.3 34.7 40.6 48.4 57.2 65 74.4 82.2 88.6 95 102.8 110.6 115 117.7 118.7 116.5 109.1 104.8 101.2 100.8
171.4 157.3 142.9 128.9 103.7 83.8 68 54.9 43.6 37.7 42.4 52.4 57.2 62.3 67.4 74.9 89.8 101 110.8 119 126.9 130.2 134.3 137.1 130.3 125.8 117.8 107.9 97.3 80 64.8 58.8 61.7 51.5 44.2 41.7 35 29.2 27.2 26.2 24.4 24 24.1 23.3 19.8 15.8 12.4 10.4 11.6 10.9 10.2 9.5 9.3 9.3 13.2 18.5 18.6 17.8 11 14.4 18.3 20.4 23.5 26.2 31.4 36.4 42.9 51 59.3 67.9 74.8 80.6 85.7 92.8 101.5 109.3 114.6 121.1 121.6 117.7 113.9 108.9 106.3 103.3
179.5 167.5 150.6 132.5 113.2 94.4 78.5 64 49.5 37.2 36.2 45.4 51.5 55.3 60.4 66.7 76.5 90.6 101.2 109.9 116.5 119.1 123.5 127.2 125.6 121.3 115.4 108.1 96 80.1 66.7 58.9 60.8 61.2 48.3 40.1 34 29.3 27.6 25.5 24.1 23.9 23.6 23.4 22.1 18.8 15.6 9 10.9 10.7 9.9 9.6 9.5 9.5 10.9 14.3 18.7 15.8 10.9 13.9 17.8 20.1 23.7 26.9 32.7 38.4 44.1 51.5 60.5 68.1 74.1 78.9 84.2 89.1 95 102.2 108.2 118.4 122.6 117.6 116.4 114 112.2 107.7
183.1 174.1 160.1 142.3 122.2 105.3 88.4 73.5 57.9 46.5 35.2 36.3 41.7 48.9 51.3 57.4 68.1 78.1 89 101.6 108.2 111.4 113.7 115.8 117.4 117.2 111.7 106.2 94.8 80 69.2 60 57.4 58.3 52.3 43 35.8 30.3 27.5 25 24.3 23.9 23.4 23 22.6 20.2 16.9 11.8 5.9 9.6 10 9.8 9.8 9.9 9.4 8.9 8.7 12.7 11.4 13.4 16.9 20 24.2 27.9 33.5 39.7 45.1 52.9 61.4 69.8 75 79.6 83.4 87.7 88.9 91.5 97.9 102.6 107.2 106.8 108.1 113.9 117.6 113
189.1 177.6 165.8 151 131.6 115.6 99 79.4 65.6 53 42 33.6 32.7 36 42.9 49.7 58.9 68.1 77.5 91.4 99.3 102.3 105 106.1 108.3 109.8 107.1 102.6 94.4 83.8 74 63.6 56.4 55.2 50.2 43.1 40.3 33.7 28.1 23.4 23.2 23 22.7 22.4 22 20.4 17.3 11.8 9.5 7.9 8.9 9.7 9.7 9.7 9.8 9.4 8.7 11.2 10.9 13.9 18 22 25.3 29.9 34.7 40.5 45.8 55 63.6 71.5 75.2 79.2 81.9 83.9 83 84.7 87 90.5 92 93.9 97.6 105.7 115 115
192.3 178.9 168.3 156.9 141.8 127.8 108.1 87.3 70.9 58.4 47.8 34.7 32.9 31.4 36 44 50.7 58.8 66.9 77 87 91.5 98 98.8 101 101.8 101.2 96.3 94.7 92.6 81.3 67.2 59.4 55 47.9 42.9 38.6 32.6 25.1 22.2 22 21.7 21.5 21.3 21.1 19.9 17.8 13.8 11.2 7.6 8.8 9.2 9.4 9.4 9.5 9.6 9.7 10.5 11.4 15 19.4 23.6 28.5 33.7 36.6 40.4 46.6 56.2 66.4 71.6 75.3 78.1 80.3 81.6 76.9 77.4 79 79.2 79.8 82.5 86.4 95.7 100.6 98.7
195.4 180 170.7 160 148.7 136.9 120.8 100.6 81.6 66.6 53.1 44.2 37.4 32 30.9 39 45.2 50.8 58.5 66.4 74.5 81.7 90.3 93.8 94.4 94.9 94.4 88.6 90 96.3 87.7 76.1 66.3 55.9 45.7 42.7 36.9 30.1 21.9 20.9 20.7 20.5 20.3 20.1 19.8 18.4 16.4 15.4 9.6 8.3 7.9 8.6 8.9 9.1 9.1 9.3 9.4 11.7 13.9 16.8 21.1 25.4 31 34.4 37 41.5 48.6 58.3 66.8 70.7 73.4 76 77.1 76.6 71.1 71.4 71.7 72 72.7 74.4 80 84.3 86.4 85.2
198.9 186 172.2 162.1 152.1 141.7 129.3 115.2 93.8 75.2 59.5 48.3 40.2 31.1 29 36.8 41 44.2 50.2 58.2 65.1 72 81.2 89.1 92.7 92.9 92.6 86.1 82 91.8 87.9 77.7 69 61.2 48.5 41.5 34.2 24.3 20.8 19.9 19.4 18.9 18.8 18.7 18.3 16.9 16.2 15.5 9.4 6.5 7.6 8 8.4 8.7 8.7 8.9 9.1 11.8 15.5 18.9 22.6 26.6 30.8 34.4 37.9 43.8 52 60.2 66.3 68.4 70.5 72.6 72 69.5 67 66.2 66.2 66 65.8 67.4 71.7 74.7 73.4 72.2
201.6 190.9 179.5 164.5 155 145.6 132.5 121.2 107 84.2 67.7 54.1 44 32.9 27.6 31.2 37.8 39.8 43.5 49.7 56 63.3 74.1 81.1 86.3 91.3 89.9 82.6 78.3 82.2 82.6 77.4 69.5 60.1 49.3 39.9 30 21.3 19.5 18.9 18.4 17.9 17.4 16.9 16.6 16.5 16.5 14.8 8.6 7.4 7.3 7.5 7.8 8.1 8.4 8.5 9 11.7 16.2 20 24.7 29.5 32.4 36.8 41.8 47.2 55.1 62.4 66.1 68.5 70.5 70.2 68.7 65.5 63.2 61 61 60.7 59.8 60.6 63.2 64.5 64 62
211.8 196.1 184.5 172.4 157.9 149.5 138.2 128 114.9 95.7 76.7 61.4 47.7 39.3 27.3 26.7 28.8 36.3 38.7 42.6 50 56.5 64.2 72.2 79.5 84.3 86.9 85.9 76.4 75.3 74.9 71.8 66.2 57.2 47.6 37.4 27.1 19.3 18.4 17.5 17 16.5 16.4 16.3 16 15.7 15.6 11.7 7.9 5.6 8.3 8.4 8.3 8.2 8.2 8.5 9.2 14.5 18.5 22.2 26.1 31.4 39.2 46.4 50.3 55.6 59 63.6 65.8 68.5 67.8 66.9 66 63.3 61.2 58.2 56 54.9 53.3 54.7 55.7 54.9 53.9 51.7
221.6 204.5 190.9 178.5 167.6 154.9 143.1 132.6 120.5 105.2 86.3 68 53.5 41.8 32.8 26.9 24.6 30.9 35.1 36.1 43.7 50.9 56.3 60.8 67 76 81.1 84 81.5 73.1 71.4 71 62.9 55.5 46 36.6 22 18.1 17.3 16.5 16 16 15.9 15.7 15.4 14.9 14.5 8.4 7.1 4.5 7.6 7.9 8.2 8.4 8.3 9.1 12.9 20.5 20.4 24.1 29.8 35.8 46.6 56 60.1 63.5 65.6 67 68.8 69.9 68.8 68.4 65.8 61.6 55.9 52.3 51.2 48.5 47.6 48 49.1 48.7 46.5 42
227.4 213.7 197.6 187.6 173.7 162.5 148.9 137.6 125.3 113 97.5 78.5 60.7 48.8 41.1 33.2 25 25.3 28.6 31.1 36.1 43.2 49.2 54.6 59 62.4 75.3 77.3 77.4 70.1 68.6 68.3 61.6 50.9 42.1 35.4 19.6 18 16.3 15.8 15.6 15.5 15.4 15.1 14.9 14.6 13.5 7.2 5.9 4.6 7 7.3 7.5 7.8 8.1 9.7 19.2 21.2 22.3 27.2 34.1 42.6 53.4 62.2 67.7 69.7 72.2 72.4 74.8 73.5 71.3 71 69.8 63.8 59.6 54.6 49.1 42 41.6 43.7 42.9 42.2 38.3 32.7
233.9 220.5 207.4 195.7 182.8 168.5 155.6 141.6 131.4 119.7 106.3 87.9 71.8 57.5 48.3 39.6 27.3 22.6 21.6 21.3 29.5 34.8 40.4 46.6 52.2 54.7 57.8 65.3 68.4 61.2 61.8 63.3 56.1 43.6 38.7 30.5 19.5 17.8 15.9 15.4 15.2 15 14.8 14.6 14.4 14.3 14 7 6.6 4.7 6.3 6.6 7 7.3 7.7 8.1 19.9 22.6 24.9 29.9 38.3 48.6 58.2 67.1 72.3 75 79 79.9 80.9 77.1 74.9 74.5 71.7 66.4 61.6 54.8 48.2 43.1 37.2 37.5 37.5 35 29.4 23.3
241.4 228.8 215.8 204.1 190.4 176.5 162.8 148.3 135 124.2 110 95.2 79.8 66.6 57.5 45 37.9 29 24.5 21.9 22.9 28.1 32.5 38.3 45 45.2 48 50.7 50.2 50 56.1 56.9 48.1 39.4 34.5 24 19.4 17.1 15.3 15.1 14.9 14.6 14.6 14.5 14.4 14.4 13.7 6.8 7 7.5 6 6.4 6.8 7 7.2 7.5 12.7 22.9 26.4 35.1 44.7 52.8 61.2 68.3 74.2 79.9 81.7 81.6 80.7 80.1 79.3 76.4 75.7 69.9 61.8 54.4 47.4 41.8 37 27.2 31.3 26.2 21.3 19.8
248.7 238.9 225.9 213.7 199.5 185.6 172.4 157 143.6 130.6 113.5 97.1 84.5 70.6 60.4 48.3 42.7 38 36.5 35.9 19.9 23.2 27 31.4 36.5 38.2 39.1 39.4 38.8 38.9 49.6 50 42.3 34.7 29.8 22.3 19.4 16.8 14.9 14.6 14.6 13.3 12 13.7 13.3 13 12.5 6.8 6.1 6.6 3.1 6.1 6.1 6.2 6.4 6.7 7.9 20.6 30.8 41.3 48.7 56.9 65.8 71.9 76.8 83.1 84.3 84.5 83.6 90.2 95.2 87.2 78.6 71.8 62.8 52.7 46.6 40.7 36.3 28.1 23.4 21.6 20.4 18.6
250.4 245.9 237.1 224.2 210.1 196.4 182.5 167.6 152.9 137.8 118 103 91.4 75.2 61.7 50.4 45.2 40.6 38.5 36.7 34.7 19.3 21.4 25.3 29 32.6 33.7 33.6 32 31.7 34.9 36.7 34.4 29.4 24.8 20.7 17.1 14.9 13.7 13.4 13.3 12.4 11.2 10.8 10.2 10.1 9.2 8.9 5.8 5.9 3.7 3.7 5.6 6.4 6.3 6.1 10.2 28 38.7 47.1 55 61.7 70 76.9 87.3 91.2 92.2 98.8 87.1 87.8 91.7 88.2 85.2 76.8 72.9 62.5 48.8 36.5 32.5 23.8 20.7 20.2 18.5 17.6
249.3 244.4 241.3 233.4 220 206.7 192.4 177.3 160.9 142.1 129.5 115.4 101.5 87.5 69.4 59.5 49.2 42 38.7 34.9 33.5 29.4 16.6 19 23.1 26.8 29 28.8 27.3 28 30.8 30.5 27.7 24.7 21.6 17.6 14.2 12.9 11.9 11.3 11 11.3 10.2 8.7 8 7.1 6.9 6.8 7.2 6.3 4.8 4.2 5.6 6.5 6.2 6.3 20.1 35.2 44.9 55.3 64.9 68.8 75.2 85.9 94.7 98.7 98.1 104.2 92.9 84.1 82.2 81.3 77.2 76.4 75.8 69.1 58.1 48.5 37.6 21.7 18.4 17.6 16.9 15.7
248.1 241.7 240.6 237.9 229 216.5 202.3 187.5 169.8 149.9 137.4 124.7 114 99.2 84.2 68.5 58 47.5 39.4 33.4 31.9 30.8 27.4 19.4 15.8 21.2 24.4 25.9 24.3 24.3 31.1 25.9 24.5 21.2 19 14.8 12.7 11.4 10.4 10.6 9.7 9.3 7.7 7.3 7 6.9 6.7 6.7 7.1 7.6 4.2 5.3 6 5.9 5.5 13.4 28.8 40.5 52 64.9 74.3 76.8 82.8 94.7 104.2 102 98.8 103 89 81 79.6 74.9 75.1 73.2 70.7 66.4 60.4 53.4 36.9 19 16.4 15.6 14.7 13.8
244.8 242.6 239.1 237.9 233.7 225.4 211.3 197 179.9 158.1 143.3 130.7 120.2 111 96.6 82.5 66.4 51.7 41.8 34.8 30.4 28.9 27.4 24.4 16.5 16 19.1 21.3 21.2 21.1 23.5 23 22.2 20.6 17.8 13.4 12 10.7 8.2 8.1 7.8 7.8 7.6 6.7 6.5 6.4 6.4 6.7 7 7.2 2.9 4 5.5 5 7.8 18.8 32.1 44.6 59.9 72.3 80.5 83 87.4 96.8 100.7 100.2 99.5 98.8 85.1 76.3 74.3 70.6 67 66.5 64.6 62.1 61.1 52.1 38.7 18 14.8 13.5 12.7 12.9
238.9 241.6 239.3 235.6 232.2 227.3 217.5 204.7 189.8 171.3 152.3 137.5 124 116.9 106.5 90.5 75.9 60.5 48.7 38.8 32 29.1 27.2 24.1 16.7 13.2 15.6 17.6 16.8 17.4 21.2 21.9 22.1 18.3 15.8 12.6 11.3 10 9.1 9.2 8.8 8.4 7.5 6.1 6 6.1 6 5.4 5 4.3 3.2 4.4 5.4 5.1 14.8 19.8 35.2 50.4 66.9 79.9 87.2 89.6 89.6 96.2 102.4 104.2 104.9 95.5 80 71.5 66.6 64.4 64.4 59.6 59.6 57.7 55.9 50 34.9 18 13.4 11.7 11.1 11
236.5 235.5 236.5 232 230.9 226.1 219.9 211.1 196.6 177.2 160.2 143.8 131.9 118.4 111 93.3 79.1 66 54.2 43.2 34.7 29.9 28.9 26.4 19.4 12.8 12.7 13 13 16.6 18.9 17.5 16.7 14.7 13.1 11.4 9.9 8.9 10.1 9.1 8.4 7.8 6.8 5.6 5.8 6.5 3.6 4.4 3.6 3 3.8 4.9 6 12.7 13.7 19.9 37.8 55.8 74.5 86.3 91.4 89.5 90.6 97.3 99.8 100.4 98.6 83.3 80.2 70.5 63.3 64.6 64.3 52.7 54.7 53.1 50.9 49.1 26.8 15.9 11.4 10.1 9.6 9.3
237.9 234.8 232.7 228.9 227.3 223 219 212.3 201 186.3 167.9 154.5 141.8 127.6 111.3 95.1 84.1 73.2 60.4 49.3 40 32.6 29.8 26.2 21.4 11.6 11.6 11.7 11.5 13 16.7 14.2 12.4 11.2 9.8 9.8 8.4 8.6 8.8 8.5 7.7 7.2 6.1 5.2 5.7 6.7 3.1 3.1 3.4 4 4.6 6.9 9.6 11.3 12.7 20.9 39.6 61.1 79.3 87.7 91.4 87.9 90.3 96.7 97.3 100 92.5 80.6 77.6 64.1 59.6 60.2 51.9 46.2 46.8 46.7 46.4 40.1 18 11.9 9.3 8.5 8.2 7.9
