data/NR72.asc
ncols 200
nrows 200
xllcorner 170000
yllcorner 620000
cellsize 50
[rows 144 to 179 of 200, columns 0 to 81 of 200]
34.6 40.5 45.7 46.9 46.3 47.8 48.8 49.1 53.4 57 59.7 58.9 63.2 66.5 68.5 72.8 73.5 74.7 78.7 79.6 79.9 76.6 69.6 58.9 48.7 55.9 58.1 63.2 68.5 73.6 78.2 84 86.8 88.7 91.4 93.6 99.9 103.7 109.7 112.1 115.2 114.2 116.1 115.5 110.5 107.9 110.4 111.3 106.7 98 97 97 97 97 107 127.6 135.8 137.1 138.6 127.4 118.3 118.8 114.9 114.9 114.9 114.9 114.9 126 139.4 154.9 159 164.1 165.7 158.1 153.3 147.8 140.6 135.2 123.6 117.2 112.7 98.3
26.2 32.9 38.1 40.4 39.4 41.1 41.1 42.7 45.9 49.2 52.1 52.6 51.6 54.8 58 61.8 67.5 75.3 81.3 85 83.9 82 73.3 61.5 46.7 54.8 59.2 60.3 64.2 68.1 72.4 79.3 85.4 91.2 92.8 93 97.3 103.1 107.2 112.9 117.7 116.7 121.4 120 118.1 107.1 108.2 110.9 107.6 97 97 97 97 97 101.8 119.1 133.1 131.5 135.3 126.2 123 118.6 114.9 114.9 114.9 114.9 114.9 114.9 115.5 126.2 143 155.7 156.1 154.1 149.2 138.9 133.6 130.6 126 120 112 96.6
20.9 25.4 32 37.8 38 35.8 35.3 38 41.5 45.4 49.7 47.8 48.8 49.4 55.1 61.6 65.3 71.1 74.9 76.3 73.8 72.8 69.6 60.6 45.9 54.9 60.7 64.9 63.9 67.4 74.1 81.3 87.7 93.2 96.2 97.9 100 105.2 110.6 117.2 121.7 124.7 129.7 130 123.8 107.7 107.6 107.6 105.9 98 97 97 97 97 97.9 115.2 129 134.3 137.6 140.2 131.1 116.5 114.9 114.9 114.9 114.9 114.9 114.9 115.7 120.9 125.7 129.3 128.6 131.3 130.7 131.4 134.6 136.5 131.3 123.4 114 100.1
16.4 19.7 26.2 33.7 38.3 37.9 33.1 33.8 38.6 41 44.5 46.1 46.9 46.4 50.7 54.5 57.6 61.8 65.1 66.7 66.1 64.6 62.3 52.5 46.6 54.3 60.2 64.8 67 72.2 78.9 85.7 92.6 97.6 101.5 103.4 106 111.2 116.2 123.9 125.2 129.8 136.6 135.6 125.4 108.8 105.7 107.7 106.4 102.1 97 97 97 97 97.2 107.9 125 131.5 135.7 134.8 119.6 114.9 114.9 114.9 118 116.8 118.1 126.6 115 119.8 123.4 129.3 124.6 120.9 122 128.7 133.5 130.3 124.8 119.4 112.3 103.8
14.3 16.2 21.7 27.6 33.1 36.6 35.3 28 32.1 35.4 38.7 41.7 43.1 43.7 45.3 46.8 48.8 52.3 55.3 57 57.3 57 55.6 44.4 46.2 52.8 57.7 62.5 69.5 75.4 81.8 88.5 95 101.2 104.4 106.5 107.6 112.3 119.8 126.7 129.9 134.5 141.2 137.7 122.1 108.4 106.3 108.3 106.2 101.2 97 97 97 97 97 102.8 116.8 122.5 123.3 119.2 120.1 117 121.4 140.6 153.8 149.2 129.7 125.1 124.6 114.1 114.1 119.7 125.6 127.9 120 125.7 128.9 125.6 120.8 116.5 107.9 113.7
13.6 13.9 16 22 26.6 28.6 29.4 26.2 25.4 28.7 32.1 35.1 36.5 39.1 40.6 41.5 40.9 42.8 45.6 47.9 49.5 49.7 48 40.8 46.5 50.7 54.7 59 63.6 71.2 77.6 83.9 90.2 95 98.6 100.8 106.9 113.7 121.5 124 129.7 137 142.5 137.7 123 107.5 109 108.4 105.1 100.5 97 97 97 97 97 97 109.2 116 116.7 123.5 131 140.7 148.9 165.3 166.9 160.8 136.9 123.2 118.2 114.8 114.1 114.1 115 116.2 118 122.7 122.8 119.4 115.8 113.1 113.1 120.1
13.4 13.7 13.7 15.1 19.7 21.6 22.6 22.1 22.8 25.1 26.8 29.2 35.1 38.6 41.8 42.4 41.7 39.9 36.7 40.8 43.4 43.7 40.7 38.1 42.9 45.2 48.5 52.8 58.9 64 70 76 81.3 87 90.6 96 102.3 110 113.8 121.4 128.5 135.4 140.2 135 123.6 108.8 114.7 111.2 112.2 102.6 99.8 97 97 97 97 97 99.8 110.7 118.6 135.5 144.9 155.2 164.6 170.7 172.9 167.2 143.3 126.6 121.7 116 115 114.4 114.2 115.9 118.2 118.4 115.6 112.9 111.3 114.7 122.3 126.2
13.3 13.2 13.1 14 15.4 17.5 18.6 18.9 20.3 22.2 23.5 27.4 30.4 33.7 37.5 40 40.2 37.5 33.4 34.9 37.7 37.9 36.7 35.2 38 41.5 43.7 47.7 53.2 58.6 64.4 70.4 74.9 79.5 84.1 88 92.6 99 104.7 107.9 115.6 122.5 127.4 130.1 120.3 108.1 115.7 108.9 113.8 104.2 99.7 97 97 97 97 97.7 102.7 111 130.1 150 160.8 167.1 171.8 176 177.8 166.8 143.7 125.5 120.4 117.4 117.4 119.8 117.1 114.1 114.3 112.8 111.7 111.7 114.5 120.2 124.2 127.6
14 13.6 13.7 14.2 14.8 16.3 17.3 19.2 20.1 23 25.3 26.3 28.1 30.5 31.4 32.8 33.3 31.9 30.4 30.1 31.8 32.8 34.5 35.7 39.2 41.7 43.1 45.7 50.5 55.6 60.7 66.6 71.1 75.6 79.4 83.3 87.1 90.9 96.2 98.3 101.3 109 108.5 108.7 110.3 100.6 97.2 99.2 100.5 101 97.7 97 97 97 104.8 109 112.4 123.6 145.5 161.6 169.5 173.8 176 184.7 179.3 167.7 139.3 126.3 122.9 118.4 119.7 120.4 116.7 114.1 112.1 111.8 111.8 111.8 114.4 118.6 123.5 130.3
12.9 13.8 14.2 14.9 15.2 16 17.1 19.1 19.9 21.7 23.1 24.2 25.4 27.1 28.2 28.4 27.9 26 28.4 31.2 32.2 34.2 36.5 38.6 40.1 41 42.2 45 48.4 52.9 57.3 62.4 67.6 71.6 74.4 79.4 84.1 89.8 94.7 103 114.2 118.9 120.6 119.3 118.8 98.6 91.2 96.1 97.1 98.9 97 97 97.3 106.4 113.1 118.5 124.3 141.6 171.3 186.9 197.9 199.2 189.7 184.4 169.7 159.9 136.9 129.9 131.1 119.6 119.4 118.1 115.9 114.5 113.8 113.3 112.6 114.2 119.6 126.7 136.6 138.9
13.5 13.9 14.1 15.2 16.8 17.7 18.3 18.7 18.3 18.2 19 20.1 21.6 23.3 25.1 24.4 23.9 27 27.5 28.2 30.1 32.2 35.3 36.5 38.1 41.1 44.5 47.5 51.7 55.5 60.2 64.4 68.4 68.9 68.8 72.9 78.6 84.8 95.8 102.7 109.5 115.1 117.3 118.8 108.4 87.2 90.2 96.9 100.3 97.1 92.7 99.7 105.3 112.2 119.4 127 141.6 165.3 190.9 205.9 211.4 204.6 190.3 173.5 155.4 144.7 134.8 130.6 124.2 120.8 121.8 121 120 118.6 116.8 114.1 115.5 120 127.1 134.2 139.7 142.9
12.9 13.3 14.6 17.4 19.3 20.3 21.4 22.2 22.7 21.1 17.9 19.4 20.1 21.8 22.1 23 23.6 25.3 26 27.6 30.7 31.2 32.4 35.2 39.4 44.3 47.6 51 54.6 56 59.1 61.7 64.2 64 65.2 65.7 68.2 72.5 77.5 84.8 92.5 98.7 102.6 101.5 85.6 84.5 92.6 95.8 93.9 87.2 95.7 103.5 111.3 117.2 128.5 146.1 164 189.2 206.5 210.1 214.1 204.6 185.5 162.6 148.6 140 132.3 128.2 123.7 124.2 124.7 124.8 124.3 123.7 120.3 115.7 111.1 114.8 122.5 130.3 136.3 141.8
12.4 12.7 15.5 17.2 19.2 21.1 22.5 23.6 24.4 23.5 24.4 24.1 20.6 19.9 21.7 22.3 23.7 25.9 26.9 29 31.7 34.5 36.5 35.9 38.9 43.9 50.2 54.6 58.7 61.5 64.2 64 61.9 60.1 59.9 61.8 63.8 64.6 64.8 68.9 71.7 77.8 79.9 73.3 78 85.4 88.3 87.5 83.3 90.3 100.1 108 116.6 128.7 141.9 155.6 168.2 186.6 200.6 204 207.8 193.7 173.6 159.6 151.7 142.4 127.2 124.8 126.8 129.1 129.2 127.8 126.5 124.3 120.9 116.6 110.1 109.4 117.3 125.4 132.3 138.3
11.8 13 15.9 17.2 19.7 21.9 23.5 24.9 26.1 25.9 26.9 27.6 27.7 27.2 26.8 26.3 27.9 30.2 32.6 35.3 35.4 38 39.7 38.9 38.5 39.6 44 49.5 55 58.8 60.4 59.2 58.2 55.1 55.3 56.5 59.1 59.7 60.2 62.4 65.7 66.5 68 69.8 73.5 76.3 78.3 81.8 89 96.5 106.1 114.2 128 146 149.4 159.8 180.4 179.2 175.5 177.4 178.7 175.3 168.3 158.8 149.6 127 120.5 121.4 127.6 132.3 131.9 130.1 127.4 123.6 118.3 113.9 109.4 105.5 112.4 120.7 127.8 133.5
11.2 12.4 16.3 19 22.8 26.4 27.9 27.9 28.3 28 28.4 28.2 28.9 28.2 28.1 29.5 32.6 35.6 36.9 41.1 38.9 41.8 44.7 44.8 43.1 43.9 42.8 42.5 46.2 49.1 51.2 51.5 49.6 49.9 52.9 56.8 58.7 59.5 61.7 63.5 66 70 73.9 78.1 81.3 82.3 82.8 87.4 95 102.7 109.1 122.6 138.7 141.9 155.5 157.5 175.7 180.3 188.3 192.8 183.5 171.7 164 155.8 143.2 118.7 116.7 119 125.5 133 131.8 129.3 125.6 122.1 114.8 112.8 110.5 103.9 108.2 116 123.2 129
10.7 11.2 14.4 18.6 26.4 31.5 35.1 35.5 34.9 34.3 32.3 29.5 28.2 28.5 29.2 30.8 34 38.8 40.1 41.9 44.9 47.5 51.8 50.5 50 50.5 50.1 49.6 49.2 48 46.3 47.6 51.9 57.6 62.5 65.5 67.3 66.8 67 66.6 68.7 71.7 77.3 82.6 86.3 87.6 90.4 96.9 100.1 107 115 121.5 130.2 141.1 152.1 164.6 175.2 179.1 184 189.8 183.9 170.6 159.4 151.4 135.4 117.4 113.7 116.6 123.9 126.2 121.1 120.5 117.5 114.4 109.7 107.5 107.5 103.1 103.6 110.3 116.9 123.5
10.5 10.6 12.2 16 23.2 30.3 35.4 38.8 39.1 38.9 38.3 35.4 33.7 30.6 28.6 29.2 32.1 36.2 39.8 41.4 45.7 45.8 49 52.8 57.6 58.8 59.4 60.5 59.7 59.5 58.6 56.2 53 57 63.2 67.8 70.6 72.3 73 72.1 72.3 75.1 80.5 87.5 92.1 94.9 100.3 106 108.6 112.9 117.8 119.7 127.3 135.4 145.3 154.7 167.1 174.4 176.1 177.1 177.5 170.9 170.4 154.9 140.2 115.7 111.3 114.3 120.4 117.6 114.7 112.8 109.8 106.9 104.7 102.6 106.6 109.1 103.8 103.1 110.1 115.9
10.3 10.4 11.4 12.9 17.7 23.7 27.5 32.2 35.3 36.8 37.7 38.1 36.4 33.4 31.3 28 29 31.3 34.6 36.9 37.4 41 43.7 48.5 52.4 56.7 61 65.6 68.8 69.8 67.1 66 64.3 65.2 70.1 73.9 77.9 82.5 83.9 83 81.9 78.9 86.8 93.8 99 102.4 106.6 110.8 114.5 117.3 120.6 123.1 124.8 129.9 134.6 144.2 154.7 168.4 172.7 178.6 178.1 173.6 165.1 155.3 135.7 115.6 110 110.3 110.6 109.7 109.4 107.2 102.8 102 100.2 99.4 104.5 107 103.5 100.1 102.6 108.2
10.2 10.3 10.7 11.3 12.8 15.9 19.7 24.3 28.9 32.6 36 38.3 39.5 37.8 35.7 31 28.4 28.4 31 33.1 33.5 34 38.6 43.2 45.8 49.3 53.8 58.4 62.5 68.8 73.9 75.1 75.5 78.6 80.4 83.8 89.7 97.1 102.7 106.1 105.4 93.3 89 95.9 105.6 112.3 116.3 119.3 122.4 124.6 125.2 126.7 128.7 130.2 134.5 141.8 149.2 164 173.4 181.8 176.9 168.1 160.1 148.3 130.4 117.1 113.6 114.5 102.5 102.1 103.2 101.5 98.7 97.9 96.1 95.3 97.4 99.8 99.6 99.5 97 99.9
10.3 11.7 10 10.4 11.6 12.9 14.9 17.8 22.4 28.1 31.8 35.2 37.5 39.3 37.9 35.8 32.2 29.8 27.6 29.2 29 28.2 30.1 34.5 37.4 39.1 42.8 49 55 60.3 65.7 70.2 78.1 84.3 88.3 92.5 97.7 105.2 114 118.5 122.5 110.4 98.9 99.2 104.8 113.6 120.9 121 119.2 118 118.7 120.7 122.9 124.8 130.3 138.1 146.6 160.3 169.4 178.1 174.2 164.1 152.9 134 121 117.3 115.3 112.9 98.4 96.9 96.7 95.7 94.6 94.1 93.4 93.8 94.9 97.9 97.5 95.9 95.5 95.3
11.8 12.5 12.6 10 10.8 12.1 13.5 13.5 15.4 20.1 23.2 25.9 28.5 30.7 33 35.3 34.1 30.3 27 25.6 28.2 27.2 25.3 25.5 27.3 28.1 32.9 36.9 42.7 48.9 55.9 63.1 70.3 78.7 83.1 87.8 93.5 100.7 109 113.3 117.8 108.6 99.3 100.7 105.5 112.5 109.6 110.3 109.6 109.4 110 112.8 116.1 119.3 125.6 133.1 146.3 158.5 166.8 175.3 172.1 154.5 141.3 121.6 117.8 118.5 111.8 106.5 97 95 95.4 93.5 93.1 93 92.3 92.7 93.9 97.2 98.1 94.8 94.8 94
11.1 12.1 12.8 10.4 10.8 12.1 12.7 12.7 12.9 13.9 15.4 18.7 21.5 23.3 23.8 26.1 27.5 27.5 26.8 27 25.6 22.9 24.2 21.5 19.8 20.5 24.3 27.3 35.8 42.7 49.6 57.9 65.3 71.2 74.8 79.4 85 90 100.6 105.8 110.1 102.7 97.5 97.9 98.7 99.6 101.4 102.2 102.2 102 102.1 104.6 107.8 113.5 120.6 128.5 142.7 154.9 159.9 169.7 168.4 146.5 126.6 114.7 118.5 115 106.8 96 95.9 97.8 97.5 92.3 91.8 95.5 92.8 94.3 98.9 105.6 100.3 95.3 97.3 96.9
10.8 11.2 13.2 12.1 11.3 11.9 12 12.3 12.9 12.8 13.7 14.6 15.1 17.9 17.9 17.2 18.4 20 21.1 21.1 20.5 17.7 18.2 16.5 15.9 15.8 16.1 20 27.2 35.4 42.2 50.5 55.9 60.7 62.8 66.4 73.2 80.3 92.6 96.7 100 97.6 94 91.2 90.1 90.1 93.9 95 95.1 94.2 94.2 96 100.5 108.1 116.7 123.7 138.4 149.4 154.9 165.1 159.3 140.3 117.8 110.6 120 111.2 95.5 92.1 94.6 96.1 94.7 91.6 91.5 91.5 92 96.3 103.6 108.5 103.1 99.1 101.5 101.5
10.7 11.1 11.5 12 11.3 12.1 13.8 15.1 14.3 13.7 13.7 13.6 13.4 13.4 13.6 14 14.4 13.9 14.2 14.4 14.1 14.4 14.4 13.3 13 14.5 15.3 16.4 21.2 28.4 35.5 40.3 44.5 50.4 54.2 58.3 63.8 71.5 80.9 89.5 81.5 88.2 85.1 82.2 80.7 80.7 86.4 87.9 88 87.1 86.3 85.3 90.7 103 108.9 117.4 130.7 136.9 140.6 150.6 148.9 130.5 107.4 102.9 102.7 99.1 92 91.2 95.3 92.4 91.1 91.2 91.3 94.9 95.2 103.2 114 111.2 108 103.4 101.6 102.1
10.6 11 11.4 12.7 16.4 16.9 17.7 17.6 16.8 16.1 16.2 16 15.1 15.9 16.1 13.4 13.7 13.8 13.5 13.6 13.9 13.3 13 12.7 12.3 13.8 13.9 15.9 18 23.1 29.7 34.5 38.8 43.1 47.6 51.7 55 59.8 67.5 74.6 74.2 74.8 71.3 70.3 70.2 74.2 79.1 82.4 81 78.7 75.9 79.2 82.1 89 98.2 105.4 114.2 121.1 124.3 122.4 123 117.2 96.7 93.4 92.1 86.4 84.8 95.5 99.6 92.1 90.4 92 98.9 109.8 108.2 102.9 105.9 104.8 105.6 105.6 103.5 102.3
10.5 11.1 11.9 12.7 19.5 21.8 22.4 20.6 19.3 18.6 19 19.3 18.6 21.3 20 19.5 18.9 18.3 17.1 14.7 13.6 12.9 12.5 12.6 12.3 12.9 13.2 15.3 17.3 18.8 24.2 29 33 37.1 41.5 45 44.3 43 45.8 49.1 51.6 53.9 56.5 60.3 63.6 67.8 73.7 76 72.6 69.9 68.7 71.4 73.9 80.4 85.9 91.8 100.1 105.1 109.4 109.9 101.6 93.3 84.5 80.6 79.7 82.1 89.4 97.2 97.1 90.9 93.3 101.9 116.4 127.7 120.2 106.3 106 108.5 102.8 103 103.4 99.8
10.5 11.2 12.3 13.3 17.2 20 23.4 26.1 25 24.3 24.8 27.1 27.9 27.1 28 27.7 27.1 26.5 24.7 22.4 19.5 13.8 13.1 12.8 12.5 12.1 12.8 14.8 16.6 17.1 20.6 26.3 32.2 34.9 37.8 38.3 36.9 36.5 37.5 40.8 42.4 46 48.9 55.4 56.5 59.2 64 67.5 62.6 62.1 62.9 64 65.7 70.6 75.9 79.8 87.2 92.2 96.8 98.5 93.7 78.7 75.7 76.1 84.9 89.1 98.8 106.3 105.1 96.1 96.1 95.8 105.4 115.7 116.7 106.6 108.1 111 100.2 100.7 100.5 92.6
10.4 11.3 12.2 14.1 16.3 19.6 24 28 30.2 32.4 35.1 37.6 38.3 37.5 37.9 37.2 35.8 34.8 33 30.7 26.8 20.7 13.6 13.2 12.8 12.3 12.3 13 13.8 14.6 18.4 27.2 34.1 38.9 40.2 31.9 29.3 31.6 35.9 40.5 44.4 42.5 45.2 51.7 51.8 53 51.4 51.1 53.5 56 56.8 58.1 57.7 61.8 66 71.2 77.5 81.2 83.6 86.1 81.2 69.9 70 80.6 91.4 96.5 103.3 108.8 108.7 104.9 94 90.8 93.5 97.4 99.2 100.3 99.4 95.6 93.7 93.7 90.4 86.3
10.5 11.1 12.2 14.1 19 22.6 27.1 32.2 37.2 41.6 45.3 47.9 49.2 49.2 47.4 46.6 44.4 43 41.7 39.3 34.8 24.7 15.7 14.3 13.9 13.2 12.6 12.7 13.2 13.9 16.1 22.2 29.4 36.5 40.1 25.4 32.7 38.6 44.5 49.4 53.6 55.2 54.4 50.4 48.3 49.1 48.7 49.2 51.3 52.6 54 53.8 53.9 54.3 55.5 57.7 62.5 66.4 67.6 67.1 64.1 67.2 76 87.7 101 113.9 124.4 125.7 113.5 110.5 98.1 91.2 89.6 91.6 95.9 98.7 92.2 88.5 89.5 92 94.6 88.7
10.8 11.2 13.1 15 19.3 24.7 30.6 36.1 40.3 44.6 48.9 53.1 56.2 59 56.7 55.7 53.5 50.9 49.8 46 37.3 24.4 16.4 15 14.3 13.6 13 13.2 13.3 13.4 12.9 16.5 21.4 28.8 30.3 29.6 38.8 42.9 48.1 53.1 57.1 60.3 62.2 62.2 58 52.4 48.6 48.3 49.6 50.8 51.5 51.4 50.8 51.8 53 55.7 57.1 60.3 63.2 62.4 66.9 74.7 85.8 95.6 104.6 114.1 124.1 130.4 125.6 114.6 110.1 94.1 91.2 89.8 89.2 92.5 86.6 87.9 90.7 94.1 93.5 89.7
11 11.4 13.1 15.5 19.4 26.7 34.2 39.3 43.5 47.7 51.7 55.6 58.2 60.6 61.4 58.8 56 52.8 46.4 41.4 34.3 23.3 17.2 15.7 14.7 14.7 15 13 13.2 13.1 12.9 13.1 14.9 17 17.7 31 40.3 44.5 46.4 47.9 51.6 55.7 59.4 62.8 62.7 60.1 56.2 54 52.8 53.5 53.7 54 56.3 59.8 61.8 69.4 74.4 78.8 84.2 80 79 85.4 92.9 99.2 107.4 115.5 122.1 130.7 133 114.9 112 98.8 93.1 94.3 92.9 81.3 77.5 83.7 90.4 89.3 81.9 81.1
11.5 11.7 13.1 16.5 19.9 27.3 36.1 42.4 46.8 50.8 53.5 54.7 56.2 55.5 54.4 51.6 48.3 45.3 40.5 36.1 30.3 20.9 18.3 16.4 15.5 16.5 17.1 14.8 13.2 12.5 12.4 12.3 12.4 12.7 15.1 23.3 30.9 39.3 47.6 51.1 49.4 48.4 49.3 52.8 55.4 55.7 54.3 54.2 55.6 55.9 55.7 56.3 58.6 63.8 68.1 75 81.4 87.1 93.5 80.8 72.9 80.5 90.1 98.1 105.8 113.6 119.2 127.9 129 109.4 104.6 96.6 92.8 97.3 93.5 79.2 69.4 74 77.3 76.3 72.8 70.7
12.1 13.2 14.4 16.4 18.2 24.8 32.9 40.3 47.8 52.3 52.4 50.4 48.9 50 48.2 44.9 42.6 38.9 32.4 27.6 22.1 20.2 18.1 16.2 17.3 19.2 21.7 20.5 18.2 15.9 13.3 11.5 11.2 10.9 11.8 14.6 22.1 30.2 37.7 39.8 46.5 46.9 44.2 45.4 48.4 48.8 48.2 50.2 51.9 52.1 52.4 55.8 58.5 62.5 66.6 71.8 74.6 77.7 78.8 66.5 65.9 73 82.8 91.5 100.3 107 111.8 117.6 106.7 103.2 98.7 93 92.1 95.6 91.6 77.3 64.4 69.3 71 67.8 63.8 62.7
14.7 16.5 16.5 16.3 17.1 21 27.1 34.5 41.9 47.6 50.9 50.5 50.2 49 46.9 44.5 41.4 38.3 33.6 28.7 24.1 21.5 18.6 18 20.2 24.2 29.4 30.1 25.3 20.2 15.1 10.4 10.6 10.8 10.4 10.7 14.6 20.9 12.3 18.5 34.9 35.5 34.4 38.6 40.5 39.6 39.6 42.5 44.4 42.9 46.7 51.6 56.4 59.2 63.4 67.8 70.3 69.8 66.9 59.8 59.5 62.8 68.8 77.5 86.5 94.7 101.9 96.3 96 93.7 88.2 84.2 85.2 84.4 80.4 74.1 52.5 61 60.7 58.3 56.1 57.3
24.6 25.2 21.9 18.6 16.6 17 20 26.9 34 39.2 45.9 50.4 54.9 55 53.2 50.9 48.3 43.9 39.6 35.4 29.8 24.2 20.7 20.3 23.3 27.1 30.7 31.8 26 19.2 14.3 10 9.5 9 8.7 8.4 10.4 11.2 11.1 13.2 25.3 24.5 22.4 21.9 28.9 30.3 31.5 33.2 32.8 34.7 38.9 42.9 47.8 49.4 54.4 57.9 61.4 61.2 60.2 55.1 50.8 53.7 57 64.2 71.6 71.9 77.4 80.1 81.9 79.6 76.4 77.8 80.8 78.9 74.6 65.8 49.9 54.4 56.5 54.2 52.1 54.5
35 34.5 30 25.1 19 17 17.4 20.8 28 33.3 38.6 43.3 49.9 55.4 58.5 57.3 53.9 49.7 44.8 39.4 33.1 27.4 22.8 22.2 24 25.8 26.2 25.1 21.8 17.2 11.7 10.2 8.6 7.3 7.4 6.7 7.5 5 6.1 8.9 9.4 9 12.9 13.2 18.1 21.3 26.5 28.6 27.4 31.2 34 37.2 39.7 43.2 47 49.5 51.6 50.6 51.2 47.4 40.7 45 49.2 55.1 60.2 65.5 70.5 72.6 71.7 68.7 66.4 69.1 71.5 72.6 70.3 58.8 43.7 48.7 51.4 48.1 48.4 48.9
