data/NR74.asc
ncols 200
nrows 200
xllcorner 170000
yllcorner 640000
cellsize 50
[rows 70 to 104 of 200, columns 79 to 157 of 200]
206.1 206.1 208.7 210.2 211.5 212.7 212.3 210.8 211.1 211.2 215.8 214.7 214.7 215.2 216.6 219.4 218.7 217.1 215.9 215.9 213.4 212 212.1 212.2 211.5 208.1 202.7 199 201.1 205 208.9 213 217.1 214.5 210.1 209.3 213.2 214.5 216.6 215.4 211.6 208.6 207.4 205.5 201.2 197.5 191.3 183.3 175.7 165.9 157.7 146.8 135.7 121.6 113.9 112.5 115 117.8 121.8 125.1 129.7 135.8 139.7 141.3 143.3 150.6 153.3 156.1 159.1 161.5 163.9 166.9 167.5 167.8 168.3 168.1 168.3 167.5 166.3
211.9 212.2 213.5 215.4 217.2 218.2 215.5 212.2 211.2 210.5 208.9 208.7 208.9 210 210.8 211 210.2 207.9 205.3 205.5 204.6 203.1 203.4 203.4 203.7 204 198.5 196.8 195.9 197.3 200.3 203.7 208.2 214.4 207.8 204 203.3 204.8 207.2 205.1 201.2 197.6 199 197.8 194.5 189.4 182.9 175.9 168.3 157.2 144.8 132.8 122.7 112.7 112.6 117 118.8 121.5 126.5 130.4 134.5 140 143.4 146.9 150.9 153.7 156.6 158.8 161.2 164 167.2 170.1 171.4 171.8 172.6 173.1 173.8 172.9 171.9
223.1 221.8 224.4 224.2 223.7 222.8 219.7 216.7 212.4 209.6 208.1 207.8 206.6 205.5 206.7 205.3 203.6 201.4 199.4 198.9 198.2 195.5 196.9 198.1 198.4 197.5 194.7 191 192.5 192.6 192.9 192.4 195.1 197 202.6 198.3 193.9 193.9 196.6 197.7 191.5 187.7 191.4 190.4 187.5 180.3 174.5 165.4 159.4 146.1 132.8 121.1 111.7 114.5 118.6 121.4 123.4 127.6 131.5 135.1 139.8 143.9 147.5 151.1 154.7 157.8 160.9 163.6 166.8 171.2 172.8 173.3 176.1 176 177.3 180 179.4 178.6 177.6
232.2 232.2 233.2 231.7 230.8 228 224.9 220.8 216.7 213.9 211.5 208.7 207.6 203.6 201.3 198.7 198.5 196.4 195.1 194.8 193.1 192 192.3 193.6 193.2 192 190.9 189.9 190.3 190.7 190.7 187.3 186.2 185.5 185.6 186.5 183.5 183.9 183 183 182.8 180.9 181.7 180.3 175.7 170.4 163.7 157.6 150.7 137.9 125.9 112.7 115.9 120.8 123.1 126.1 129.2 132.1 134.8 138.1 141.7 144.7 149.2 153.8 157.9 161.9 166.7 170.4 172.3 174.3 174.5 176.3 177.8 180.5 181.6 183.9 183.7 183.9 181.4
238.6 237.7 238.7 238.2 237 233.1 229 224.9 221.4 219.8 219.5 216.6 209.2 203.5 200.7 200.6 200.4 199.7 198.6 198.3 195.4 193.7 190.1 190.3 189.1 188.7 187.6 187.2 188.6 187.9 187.1 183.8 178 175.3 175.4 174.2 174.2 173.4 174.4 174.3 173.5 170.1 171.3 170.2 166.2 163.7 158.2 150.4 142.9 133.7 124.3 110.2 118.6 123.2 127.2 128.4 131.5 134.2 137.3 140.1 142.5 145.5 149.1 153.7 158.8 163.6 168.2 171.5 172.3 173.9 175.4 177.7 179.2 183 189.2 190.4 189 186.5 184.5
242.7 243 241.7 242.9 241.4 238.1 233.6 229.1 225.5 223.8 220.1 215.6 207.9 203.4 207 207.7 205.2 203.3 201.1 200.9 198.4 197.2 196.8 196.4 193.1 189.9 190.3 188.5 188.1 187.9 184.6 179.7 175.7 170.4 163.7 160.8 158.3 163.7 166.4 169.2 169.8 169.4 164.3 159.8 160 157.8 151.1 143.4 135.1 127.2 113.6 114.9 123.7 127.8 130.8 134 135.9 136.5 138.2 140.3 143.3 146.3 149.2 153.6 158.3 162.6 166.4 169.9 174.9 171.7 178.1 181.3 187.1 191.4 195 195.9 192.1 188.8 189.1
246.9 247.4 248.1 248.5 246.1 242 236.5 231.7 228.3 222.7 218.5 212.4 207.5 206.9 210.6 211.7 206.6 205 204.3 203.2 201.2 201 202.8 201.5 198.5 191.9 190.5 191.3 191.9 191.2 190.4 188.3 183.5 178 172.3 171.8 165.4 156.7 159.2 162.6 164 163.3 160.4 152.6 150 147.3 143.2 136.8 125.6 109.2 111.4 128 131.8 131.3 131.4 132.6 135.6 135.3 136.5 138.3 141 144.4 146.6 150.9 154.6 158.4 164.6 167.9 167.8 171.2 178.9 185.7 191.1 190.9 192.3 191.7 191.6 194.9 196.8
252.6 251.1 252.1 252 249 245.4 239.2 235.8 229.9 222.9 220.2 216.1 213.8 212.6 213.5 211 208.8 208.9 209.2 205.9 203.2 204 207 206.4 202.9 193.2 196.1 198.5 197.7 196.8 196 193.4 189.2 183.5 179.4 176.7 172.5 168.1 155 154.7 157.4 156.6 154.3 149.5 142.2 133.8 135.6 132.8 122.8 106.3 121.9 133 138 135.7 130.6 128.2 129 128.8 129.7 132.7 135.6 137.7 138.8 144.2 149.3 154.8 159.6 162.2 163 169.2 174.7 181.9 187.1 185.4 185.6 189.2 193.1 194.5 197.4
255.4 254.5 254.8 253.1 250.5 247.4 243.6 239.2 227 231.8 227.3 222.8 220.8 218.8 217.8 214.5 214.1 214.2 214.2 212.1 206.5 207.5 210.7 209.7 205.4 198.6 202.6 204.6 203.8 202.4 201.3 197.9 193.3 188.8 184.4 179.9 174.7 168.3 159.8 148.1 147.8 148.8 147.9 142.8 136.6 130.2 127 129.3 122 108 113.1 130.2 136.4 133.4 127.5 121.7 120.2 120.4 120.8 122.4 125.9 129.5 131.3 135.4 138 145.3 149.1 156.4 158.2 160.4 165.6 171.9 176.7 181.5 184.9 188.8 192.1 192.9 192.1
258.2 257.7 256.9 254.6 251.8 249.1 244 239.8 240.4 240.1 241.9 240.7 238.2 235.8 233.4 225.2 219.7 219.2 219.3 218.4 214.9 209.7 211.4 205.1 206.8 210 211 210.8 211 210.2 206.9 202.2 197.8 193.3 186.5 179.2 172.8 166 159.7 151.7 139 139.1 139.5 135.5 130.1 124.7 120.1 122.3 121.3 108.2 105.4 126 131.5 128.3 122.7 115.9 112.3 110.7 110.3 110.3 114.7 119 121.8 129.1 131.8 136.3 139.8 144.1 147.5 151.6 158.1 164.3 169.7 177.3 182.3 186.9 192 192.6 191.6
259.9 259.4 258 254.5 252 247.7 247.7 248.1 248.7 253.1 257.9 259.4 256.8 256.5 254.5 247.6 236.6 228.5 225.8 224.8 223.5 216.3 212.6 209.7 209.7 215.1 217.4 217.7 218.2 215.8 212.2 208.1 203.2 196.5 189.5 179 173.9 166.5 162 153.9 144 136.7 125.4 121.9 118 115.3 112.9 112.4 115.1 109.3 103.9 106.7 124 118.3 98.3 95.2 97.3 96.6 94 94.3 98.6 104.9 111.2 115.5 123 127.6 131.8 137.1 140.1 146.5 149.9 154.6 164 172.5 179.9 182.8 185.3 186.6 181.5
260.9 258.5 255.3 252.5 251.8 253.8 256.4 259.8 260.7 266.2 271 273.1 272.1 275.4 273 268.4 257.2 244.4 235.6 229.9 227.7 222.1 218 215.3 215.9 221.6 225 225.2 225.6 222 217.6 213.5 207.6 200.6 193.1 187.7 182.7 173.3 165.8 160.4 153.7 145 134.6 123.9 117.9 109.6 107.3 106.4 105.1 106.2 102.6 109.3 104.3 100.3 96.8 100.6 103.9 104.8 102.4 97.3 89.5 93.1 98.1 103.6 110.1 116.8 124.2 128.8 132.5 137.4 141 148.2 158.5 165.5 172.1 177.9 178.1 177.4 178.8
257.7 255.5 252.6 254.2 256.5 260.4 264 267.5 271.6 276.8 279.6 283.1 285.5 287 281 280.3 270.4 258 247.2 237.7 231.1 226.7 222.9 220.7 223.7 230.2 234.3 235.9 235.2 227.5 222 217.8 213.9 207.9 201.5 196.8 191.8 181.5 172 167.6 161.8 154.3 145.5 137.3 130.5 124 117.9 112.3 108.1 103 104.9 103.5 101.1 101.4 103.9 109.1 111.6 112.6 113.2 110.8 103.3 92.1 87.8 92 96.1 104.6 111.6 116.7 122.9 128.4 131.3 140.4 151.6 161 170 182.3 182.3 174.4 175.7
254.3 253.1 254.2 260.3 262.2 265.7 271.5 276.6 279.9 284.6 288.1 291.1 293.4 292.1 287.8 290.2 282.7 269.4 253.5 244.3 236.9 231 229 229.8 232.3 237.1 244.6 246.8 243.2 234.4 227.8 222.2 218.5 214.7 210.7 205.4 198.5 191 184.1 176.1 169.5 162.4 154.6 146.2 139.7 134.1 129.3 125.8 122.2 115.9 105.9 108.3 110.2 110.4 110.9 115 118.7 119.2 120.7 118.7 115.3 107.5 100.7 88.2 84.4 88.8 98.8 107.4 112.7 118.8 123.6 131.8 140 148.8 159.6 177.1 168 171.8 169.2
254.6 255.5 259.2 265 269.8 273.8 279.9 284.3 285.9 290.3 293.1 295.6 296.9 295.5 294.2 296 287.8 278.9 262.8 248.8 241.3 234.8 232.1 233.4 238.4 244.8 249.9 249.9 244.5 238.1 232.1 226.1 224.2 220.4 218.1 212.6 205.2 199.6 195.6 184.1 175.7 169.2 162 152.5 145.1 138.2 132.9 127.3 122.7 112 114.2 117.1 118.4 119.5 116.7 120.3 123.5 125.7 128.3 130.1 127.8 122.5 113.3 105.6 94.5 85.2 85.5 90.9 97.8 105.6 113 122 128.7 136.7 144.8 152.2 157.9 160.2 157.9
256.8 261.3 264.6 269.4 276.5 281.9 285.9 289.7 291.9 296.4 298.8 298.9 298.3 296.8 295.6 297.6 291.4 281.6 275.2 252.2 243.9 238.6 236.3 236.1 242.9 249.6 252.3 250 245.8 242.2 238.1 232.4 224.6 225.1 221.7 214.2 211 209 202.3 195.2 184 172.9 165.6 157.1 146.5 139.7 131.2 123.5 114.9 120.5 124.1 125 129.3 130.2 127.3 129.8 134.3 140.4 143.9 144.9 148 145.3 130 119.6 110.1 97.5 83.9 82.6 85.8 93.2 100.5 111.5 119 127.6 130.2 135.7 145 148.6 147.6
260.6 265.7 268.4 273.7 281.5 286.5 289.4 293.5 295.3 300.4 301.6 300.7 299.2 297.8 297.2 296.4 288.7 282.8 277.1 255.5 244.3 242.2 239.6 237.3 246.2 251.9 252.7 250.6 247.6 245.4 241.8 237 237 231.4 223.1 219.5 218 214.8 212.2 206.9 193.4 182 169.7 158.4 147.1 136.8 126.5 117.6 127.2 128.5 130 134.8 137.1 136.9 137.9 143.7 145.4 147.8 152.1 155.4 155.7 147.9 137.7 129.2 119.7 110 102.8 85.2 80.2 79.6 90 99.2 106.6 113.8 116 119.9 130.7 139 136.5
265.2 270.3 273.1 278 285.1 288.7 292.2 295.4 297.4 300.4 302.3 301.6 300.7 299.5 297.8 297.3 287.1 282.3 271.2 263.5 250 244.8 241.5 240.9 252.8 253.2 253.9 251.8 249.3 248.3 245.5 243.6 246.2 242.1 230.6 222.4 222.3 219.5 216.1 211 199.8 187.9 172.6 160.9 145 132.3 120.4 123.4 134.6 135.3 137.7 143.4 144.2 137.6 141.2 146.9 150.2 152.8 156.2 157.5 152.8 146.6 143.1 138.4 129.2 121.6 110.2 109.4 93.7 83.5 79.6 84.4 89 95.7 102.2 108.4 115 122.3 125.5
268.9 274.6 277.4 281.5 288.6 291.1 292.9 295.8 300.3 300.9 301.6 302.1 301 300.2 297.3 293.1 285.1 277.3 270.6 264.9 254 245.6 247.5 250.6 258.2 256.7 254.3 253.1 252.1 251.1 249.8 252.2 251.9 244.2 234.1 227.2 227.8 220.9 217.1 209.6 202.4 188.9 176.7 159 140.5 125.9 126.6 134.1 138.2 141.4 142.8 145.2 149.8 155 157.8 160.1 158.6 161.1 163.6 161.7 161.5 161.4 155.9 146.6 137.5 129.6 126.1 118.4 110.7 94.8 82.4 78.8 79.7 80.9 87.1 94.4 101.9 111.5 117.2
273.4 279.4 280.5 285.5 291.6 293.2 294.6 295.8 299 298.6 299.8 300.8 298.6 296.5 294.3 283.9 280.6 275.6 271.1 264.3 253.2 255.8 261.9 260.3 257.6 259.8 257.3 255.7 254.2 254.7 254 255.9 256 244.8 231.4 228.9 225.5 222.5 217.8 213 206.4 190.7 178.8 161 136.8 130.8 139.7 145 150.8 145.8 149.4 159.2 171.6 181.8 180.7 180.2 175.5 183.8 179 179.7 178.2 174 166.8 158.9 153.3 145 141.1 135.6 129 116.4 103.5 90.5 77.4 76.6 75.6 79.1 91.1 102.2 109.9
274.9 281.4 283.1 289.8 293.7 294.9 296.3 297.6 302.3 301.1 300.9 299 296.8 295.5 293.9 281.9 279.1 275.6 271.9 261.9 261.8 266.6 273.3 269.1 260.9 259.5 258.3 258.1 256.9 256.3 253.7 254.5 251.2 239.2 235.2 230.2 228.6 226.3 220.5 214.7 207.4 193.6 176.8 160.4 135 141.4 149.6 159.2 158.5 160.4 169.4 176.7 187.6 198.5 198.2 197.6 196.8 197.3 196.5 189.2 182.8 184.7 181.5 174.8 171.3 164.1 156 147.8 140.7 129.9 119 112 93.6 82.9 80.6 74.2 78.8 91.9 96.7
276.9 283 284.8 291.1 294.5 296.2 297.7 300.3 304.7 299.8 299.3 297.2 296 294.8 290 280.1 277.7 276.3 273.2 267 268.9 274 276.8 272.3 264.9 259.7 261 261.4 262.8 255.5 256.2 254.9 251.3 242.4 238.7 234.9 232.5 231.6 221.1 214.7 205.5 192.2 172.3 155.1 145.4 152.7 159.4 165.5 166.2 177.2 178.9 194 199.2 208 210.1 209.5 207.4 205.3 200.9 194.9 193.8 191.5 193 195.1 198.3 192.5 181.7 162.2 151.1 141.1 131.5 123.2 116.9 104.1 89 74.8 72.8 78.8 86.4
278.8 284.8 286.3 291.1 294.9 296.5 297.2 300.8 299.7 297 296.3 295.7 295.3 294.9 289.6 279.3 277.7 276.4 269.4 269.4 272.8 275.7 275.9 272.6 268.3 261.6 264 264.8 263.1 258.8 260.8 259.1 249.6 248.9 248.1 241.2 233.4 227.2 220.2 216.4 205.3 189.1 168.7 148.1 160.1 161 166.8 171.5 181.2 186.6 189.2 200.4 208.7 213.1 219.8 218 215.9 215.7 215.7 213.7 210.2 197.6 201.7 203.8 203.2 201.2 187.2 174.3 159.8 150.7 146.9 135.5 124.6 115.9 101.1 84.1 72.6 73 73.5
280.9 285.5 287.3 290.8 292.4 293 294.9 292.3 292.6 294.5 295 294.3 293.8 295.9 289.8 279.8 278 274.9 266.6 271.6 276.2 279 277.7 275.2 269.8 261.7 265.1 265.9 262.9 268.7 266.3 261 258.5 253.9 252.2 242.9 235.1 227.7 224.5 216.2 203.5 182.8 155.2 166.6 171.3 173.7 172.6 177.2 188.1 195.7 201.4 206 216.7 223.7 228.9 232.3 232.4 229.4 225.4 222.4 218.2 211 209.1 212.9 209.7 203.4 198.5 179.7 169.7 159.6 154.5 145.8 132.2 123.5 115.9 98.8 81.3 71.3 71.3
283.5 286.3 287.9 289.4 287.6 287.8 287.8 289.2 292.4 293.1 294.8 293.7 291.8 289.2 282.1 277 276.7 269.9 271.7 275.4 278.4 282.4 282 284.7 277.4 260.1 260.1 260.6 268.5 269.6 267.8 261.6 259.7 254.7 248.3 241.4 235.5 226.2 218.9 210.3 193.1 170.5 166.8 181.1 181.2 181.7 179.8 187.9 195.9 203.4 208.7 213.5 223.3 232.3 233.5 239 237.8 235.7 235.3 229.5 223 220 217.4 220.7 219.1 215.7 198.9 186.7 178.5 168.6 159.1 150.4 141.4 130.1 123.5 110.3 95.2 84.5 71.4
284.6 286.8 287.9 288 287.6 287.6 289.1 290.9 293 294.9 295.1 294 289.9 287.3 275 273.6 271 271.3 275.1 279.2 282.6 285.5 285.9 285.7 277.1 260.1 260.1 265.5 272.4 270.9 266.3 262.3 259.7 255.8 249.7 242.9 233.8 225.3 216 203.4 185.4 171.1 182.8 189.5 189.1 187 190.9 198.8 209.1 210.1 217.9 221.9 227 234.1 237.2 240.1 241.6 239.9 238.1 232.3 227.8 225.6 223.8 221.2 220.5 211.5 199.6 194.1 185.8 176.1 163.9 155.9 148.1 138.9 126.6 114.9 99.8 91 83.5
284.5 285.9 287.1 288.3 288.7 290.8 293.7 293.1 295.1 295.5 295.9 292.4 284.8 279.6 274.7 272.7 269.2 272.3 277.5 281.5 284.8 284.9 283 278.3 272.6 260.1 260.1 265.4 266.7 263.4 262.7 262.1 259.6 256.8 250.7 244.9 237.3 225.6 212.8 197.7 185.2 183.1 187.8 192.5 193 195.7 203.9 212.7 225.7 219.7 221.8 227.7 234.5 240.1 242.9 244 242.7 240.3 235.4 234.5 234.8 230 226.8 222.7 218 210.3 204.3 198.2 191.1 180.9 166.5 157.9 149.1 140.6 129.9 118.7 109.6 97.8 88.2
286.5 288.6 294.4 295.4 296 295.9 297.6 295.8 295.8 296.1 293.5 287.1 279.6 275.3 273.2 272.6 269.9 273.6 279.9 283.8 284.9 284.8 283.5 279.7 272.9 260.1 260.1 263 263.9 263.4 261.2 261.3 259.9 258.1 253.9 246.4 237 224.6 209.7 195.7 186.9 180.5 189.6 199.5 204.9 211.6 219.2 231.4 238.2 228.1 228.7 233.6 236.9 240.4 247.3 247.2 244 240.3 240.5 240.5 237.3 232.7 228.6 225 217.9 212.2 204.7 198.3 192.1 181.8 168.2 157 152 142.7 130.5 119.3 111.8 101.9 89.6
292.1 292.9 298.5 299.2 300.3 300.4 300.5 299 298.1 297.4 293 283.1 275.5 273.2 272.4 271.5 270.8 279.7 284.8 288.8 289.1 286.5 285.8 282.2 272.9 262.1 260.1 262.5 264.4 263 259.6 258.9 257.8 255.8 251.5 245.5 236.5 223.2 208 197.3 190.1 183.4 198.2 211.3 219 225 230.2 234.8 236.6 232.8 235.3 240.3 243.1 242 246.2 245.8 246.1 246.6 246.2 247.5 250.7 242.7 230.6 225.4 217.3 215.5 208.3 202.7 193.5 181.8 167.6 156.9 148.6 137.5 127 117.6 111.2 100.9 89.3
296.7 298.1 301.1 301.3 302.3 305.6 302.8 300.6 298.9 295.5 291 280.2 275.6 272.5 272 271.1 279.1 288.2 294.2 298.9 295 291.5 291 284.3 270.7 273.3 267.7 265.6 263.8 261.7 259.1 257.2 254.2 251.5 247.3 241.1 231.1 218.6 209.8 200.9 186.9 198.2 211.4 222 229.2 233.4 237.8 234.9 235 241 248.2 249.1 249 248.1 246.5 247.7 249 248.9 247.8 247.7 247.2 241.9 233.8 226 218.4 213.5 210.4 201 193.4 177.8 171.9 159 148.7 135.6 122.4 115.3 107.5 98.4 86.7
301.4 301.9 304.8 303.8 305 305.6 303.9 301.3 298 291.3 284.7 277.4 273.3 273.5 273.2 272.7 285.5 290.7 294.8 296.8 296.2 294.1 293.2 287.3 275.9 279.3 277.2 264.6 261 257.6 255.7 250.5 249.4 247.6 242.1 234.1 224.4 217 209.9 196.8 203.7 214.3 223.8 231.6 238.6 243 241.8 235.6 247.9 253.1 256 255.2 254.2 252.3 249 249.7 251.1 252.1 250.3 246.5 244.5 240.3 234.5 228.3 220.9 212 206.5 199.8 189.9 182.7 174 158.4 144.7 132 121.9 111.7 104.1 95.2 84.4
307.4 308.2 311 307.1 309.7 311.3 305.5 301.2 295.8 287.9 282 274.8 274.7 274.4 274.2 277.9 289.4 294.2 298.2 297.6 297.2 295.3 294.4 284.1 284.5 284.1 280.3 265.4 258.1 252.7 250.9 247.9 244.9 243.6 235 229.2 220.6 213.8 204.4 204.7 217.2 228.7 234.2 240.1 245.5 245.4 238.3 240.1 256 257.8 259.2 259.6 257.7 254.4 251.9 250.2 251.9 256.7 252.7 246.7 242.2 237.7 230.2 225.3 220.3 209.7 203.1 196.8 187.5 180.3 170.3 155.5 139.6 129.4 119.5 108.8 99.7 89.2 80.4
314.2 313.6 313.6 310.7 314.6 315.5 305.6 300.3 295.2 287 276.6 278.8 277.4 276.8 275.7 287.3 293.7 298.5 300.6 298.9 297.6 294.3 294.6 286.1 290.1 289.2 283.1 272.3 259.8 251.3 249.1 245 241.8 238.5 231 224.4 216.2 206.6 205.3 219.4 235.5 237.8 244.3 249.3 251.9 249.7 241.2 250.8 259.6 262.2 262.7 262.5 259.7 256 253.5 251.5 250.7 249.1 246.6 243.9 239.7 232.8 226.6 221.1 215 208.8 201.6 192 183.7 173.3 162.5 149.8 136.8 125.5 114.1 104.3 94.8 83.1 76.4
317.5 316.5 316.7 310.7 316.4 312.7 304.5 301 295.1 281.3 278.4 282.1 281.4 279.2 281.8 293.7 296.1 303.5 302.7 300.1 297.6 293.1 289.8 293.3 292 290.4 282.6 277.6 268 260.8 253.5 241.8 237.7 230.6 224.9 218.3 209.2 203.4 221.9 234.1 243.1 249.1 252.6 255.7 257.9 254.4 248 259.1 262.9 266.3 267.2 265.4 261.1 256.5 253.9 250.8 248.8 246.5 242.2 239.3 235.2 228.6 223 217.3 211.4 206.3 195.5 184.8 176.8 164.4 154 142.9 132.4 120.1 105.8 93 83.1 76.4 69.8
316 316.1 316.5 309.5 313.2 303.3 304.1 300.2 291.6 281.6 284.5 289.2 286.3 283 287.6 297.5 301.1 307.5 304.3 300 298.5 292.6 293.4 294.7 294.2 291 283.5 279 272.4 262.1 250.7 237.8 233.6 224.5 216.5 209.7 201.2 218.6 234.9 242 250.3 262.1 261.5 260.4 259.9 258.1 258.6 268.9 273.8 270.7 270.7 266.8 260.7 257.2 254.8 252 248.9 244.7 238.5 234.4 229.5 224.4 219.4 214.1 207.1 199.7 189.2 174.3 166.9 156.2 145.3 134.2 121.7 110.6 103.4 103.7 95.6 81.5 73.5
