data/NR77.asc
ncols 200
nrows 200
xllcorner 170000
yllcorner 670000
cellsize 50
[rows 36 to 71 of 200, columns 0 to 82 of 200]
10.7 -0.2 -0.2 -0.2 -0.2 -0.2 -0.2 -0.2 -0.2 -0.2 -0.2 -0.2 -0.2 -0.2 -0.2 -0.2 -0.2 -0.2 -0.2 6.1 11.7 16.1 19.1 24.3 34 47.3 74.5 84.5 96 94.4 83.8 82.6 95.2 107.9 139 147.6 173.9 179.9 184.3 197.6 198.8 213.4 219.2 221.5 226.2 225.2 235.5 239.9 244.5 243.7 244.2 250.7 256.6 261.6 261.4 270.6 284.4 273.3 264 252.1 252.9 258.5 282.3 275.8 276.3 263.8 273.9 269.6 259.6 246.1 222.3 222.8 223 223.3 223.6 224 224.9 225.9 230.1 235.4 241.2 248.8 254.5
7.3 -0.2 -0.2 -0.2 -0.2 -0.2 -0.2 -0.2 -0.2 -0.2 -0.2 -0.2 -0.2 -0.2 -0.2 -0.2 -0.2 -0.2 2.9 6.8 13.8 17.1 20.6 27.9 37.8 68.8 84.3 90.5 100 93.2 84.6 89.4 102.3 129.5 149.2 163.9 182.2 188.7 194.9 202 203.5 224.6 225.5 228.7 226 227 237.9 240.9 243.8 243.1 247.4 256.1 258.1 258.7 271.7 281.6 264.6 264.9 254.6 257.2 253 264 271.3 275.7 261 267.3 270.6 268 246.5 230.1 222.1 222.9 223.5 223.7 224.1 224.5 225.7 226.8 231.5 237 247.4 258.8 259.9
-0.2 -0.2 -0.2 -0.2 -0.2 -0.2 -0.2 -0.2 -0.2 -0.2 -0.2 -0.2 -0.2 -0.2 -0.2 -0.2 -0.2 -0.2 5.3 8.5 13.4 17.9 23.4 31.8 60 83.1 87.6 98.5 101.9 88.9 86.6 97.2 114.4 140.3 154.5 178.1 186.4 199.3 202.6 203.9 223.3 228.7 232.4 226.8 232.1 231.1 238.5 245.2 240.4 245.4 255.6 259 255.4 259.1 275.9 264 263 260.7 254.3 252.9 250.8 261.9 266 263.9 256.1 267.5 267.4 246 235.7 222.4 222 222.7 223.6 224.2 224.6 225 226 229 234.9 243.5 257.6 257.9 256.5
-0.2 -0.2 -0.2 -0.2 -0.2 -0.2 -0.2 -0.2 -0.2 -0.2 -0.2 -0.2 -0.2 -0.2 -0.2 -0.2 -0.2 2.1 5 7.7 13.4 18.9 27.8 45.2 77.8 85.7 95.1 98.2 106.2 89.8 90.9 103.2 132.1 145.8 171.4 186.2 195.5 208.6 205.3 206.6 226.2 226.8 231.5 227.9 233.7 234.2 239.5 237.6 248 253.6 271.5 258.2 252.8 265.7 258.9 264.9 259.6 252.1 253.5 246.3 249.3 253 257.8 253.2 258.8 264.6 244.5 232.4 223.6 222.1 223 223.7 224.3 224.9 225.1 225.3 227.6 233.1 241 252.1 257.2 254.2 252.8
-0.2 -0.2 -0.2 -0.2 -0.2 -0.2 -0.2 -0.2 -0.2 -0.2 -0.2 -0.2 -0.2 -0.2 -0.2 -0.2 -0.2 1.8 3.8 6.4 14.1 21.6 29.6 64.3 80 82.5 97.3 118.2 95.7 93.6 96.3 111.7 135.7 160.3 189.5 195.7 204.4 208.1 205.8 222.3 226 227.8 220.1 231.2 234.9 228.8 232.6 243.9 255.2 272.4 271.9 252 250.9 251.1 263 252.4 245.8 248.8 245.5 241.4 245.1 246.9 248.7 249 260.5 243.2 234.9 224 222.7 222.6 224.3 225 225.6 227.7 227.2 229.2 233.1 238.7 246.5 250.4 249.3 252.5 245.8
-0.2 -0.2 -0.2 -0.2 -0.2 -0.2 -0.2 -0.2 -0.2 -0.2 -0.2 -0.2 -0.2 -0.2 -0.2 -0.2 0.8 1.6 3.6 6.8 17.9 25.9 38.3 65.5 74.8 91.6 108.4 113.6 93 94.1 99.4 122.5 142.6 172.8 191.4 196.7 202.8 202.4 215.2 230.8 225.2 221.4 218.8 237.8 224.4 225.8 237.6 254.8 272.2 273.5 256.4 248.2 257.9 255.3 249 242.1 243.3 244 234.5 235.6 240.9 240.8 240.5 248.4 239.3 235.6 224.2 223.1 221.7 223.4 224.8 226.2 230 229.6 231.2 233.3 237.5 244.6 250.4 249.4 244.7 240 236.9
-0.2 -0.2 -0.2 -0.2 -0.2 -0.2 -0.2 -0.2 -0.2 -0.2 -0.2 -0.2 -0.2 -0.2 -0.2 -0.2 1.1 2.5 4.2 8.3 20.9 30.1 44 62.4 79 95.1 110.5 92.8 93.6 95.8 106.8 124.5 144.4 172.2 186.9 198.5 194 204.6 227.4 223.7 221.7 210.4 225 219.5 219.3 225.2 253.2 261.7 268.9 271.5 246.6 249 240.6 249.1 246.9 237.9 236.1 230.4 229.2 231.2 232.7 234.8 241.3 237.8 229.7 224.4 222.5 221.7 222.8 225.2 227.2 230.8 233.2 233.2 234.9 237.7 246.8 253.1 252.3 249.3 238.9 233.6 238.2
-0.2 -0.2 -0.2 -0.2 -0.2 -0.2 -0.2 -0.2 -0.2 -0.2 -0.2 -0.2 -0.2 -0.2 -0.2 -0.2 1.1 3 5.6 10.9 25.9 36 48.3 58.9 78.3 95.7 96 93.8 98.9 103.4 118.1 129.4 146.5 166.1 178.2 182.2 193.3 208.3 218.6 206.8 206.1 206.2 210.9 211.6 220.5 238.6 254.4 266.5 271.4 254.7 244.2 237.6 248.9 246.5 243.5 235.2 231.3 226 224.2 226.2 229.7 235.6 239.3 226.6 224 221.9 221.7 222.7 224.5 227 229.8 234.2 235.7 238.7 240.4 242.6 249.2 252 249.4 244.6 234.7 229.8 233.9
-0.2 -0.2 -0.2 -0.2 -0.2 -0.2 -0.2 -0.2 -0.2 -0.2 -0.2 -0.2 -0.2 -0.2 -0.2 0.4 1.6 4.6 7.7 17.6 28.4 39.1 49.3 59.1 77.1 87.7 83.3 100.3 104.2 115.7 124.3 142.7 150.1 160 169.5 177.1 192.5 205.5 201.2 198.6 199.5 204.7 206.2 215 223.6 243.8 257.9 264.4 262.5 244.6 238.6 236.5 246.8 249.5 238.8 233.1 232 224.2 221.2 226.1 229.3 231.4 223.1 221.8 220.7 221.4 222.8 223.8 226 228.8 234.3 237.2 239.9 242.5 244.2 248.1 246.7 243.6 237.2 232.4 225.6 229.3 236.4
-0.2 -0.2 -0.2 -0.2 -0.2 -0.2 -0.2 -0.2 -0.2 -0.2 -0.2 -0.2 -0.2 -0.2 -0.2 0.5 1.4 4.6 8.6 21.9 31.2 41.5 51.1 62.4 72.4 77.9 92.3 102.1 110.1 119.6 138.2 150.4 151.7 158.3 165.6 181.6 194.8 205.9 192.9 194.8 197.3 200.7 211.9 219.5 228 245.2 252.1 253.5 250 236.7 226.8 239.4 237.7 240.8 233.5 236.9 227.2 221.7 219.9 223.9 223.7 221.9 220.6 219.2 219.5 223.1 223.7 224.9 227.4 231.2 236.7 242.5 246.5 249.4 252.3 253.4 250.6 245.7 237.6 227.9 235.8 237.5 232.6
-0.2 -0.2 -0.2 -0.2 -0.2 -0.2 -0.2 -0.2 -0.2 -0.2 -0.2 -0.2 -0.2 -0.2 -0.2 -0.2 2.1 6.4 13.1 25.5 34.1 43.3 53 62.3 70 80 92.6 109 116.2 129.3 147 149.5 149.6 156.6 170.2 184.4 193.3 191.2 193.4 194 195.9 206.4 215 219.9 231.4 244.2 240 236.6 233.9 222.6 230.2 233.3 223.6 222.5 221.7 221.6 225.6 218.6 219.1 221.4 221.5 217.3 217.2 218.2 221.4 224.4 225.3 226.1 229.2 234.7 241.2 246.9 249.7 251.1 252.1 249.8 247 240.7 232.1 217.5 236.3 228.8 229.2
-0.2 -0.2 -0.2 -0.2 -0.2 -0.2 -0.2 -0.2 -0.2 -0.2 -0.2 -0.2 -0.2 -0.2 -0.2 -0.2 3.4 8.4 22.3 29.3 36.1 44.9 54.3 60.7 71.4 88.7 114.8 118.8 125.6 141.8 144.8 141 147.7 159.7 171 182.4 194 191.2 192.9 193.8 201.4 211.3 216.9 234.8 229.3 233.9 231.2 229.4 220.1 223.7 228.7 218.3 216.4 216 216.3 223.2 221 217.2 217.9 221.8 218.6 213.7 218.1 219.8 222.1 224.1 226 227.7 232.1 237.7 243.1 246.5 249.1 250.3 246.7 243.3 243.7 238.2 216.4 223.6 224.2 224.5 228
-0.2 -0.2 -0.2 -0.2 -0.2 -0.2 -0.2 -0.2 -0.2 -0.2 -0.2 -0.2 -0.2 -0.2 -0.2 1.3 4.4 11.5 23.5 30.9 38.3 46.6 53.6 60.1 85.4 107.6 116.2 120.1 137.2 136 136 144.9 154.8 162.6 179.2 191.1 190.2 190.9 191.7 194.2 204.3 214.2 227.1 227.8 228.8 226.3 228.5 221.4 218.6 220.4 213.9 211.5 211.7 212.7 215.5 216.7 215.8 215 220.5 216.9 211.9 215.3 220.3 221.4 223.2 224.7 227.4 229.3 233.3 235.5 240.7 243.9 245.9 246.7 240.2 240.1 233.2 226.3 223.1 212.6 214.5 219.2 222.1
-0.2 -0.2 -0.2 -0.2 -0.2 -0.2 -0.2 -0.2 -0.2 -0.2 -0.2 -0.2 -0.2 -0.2 -0.2 2.7 7.4 18.2 25.5 33.4 41 46.3 52.3 79.5 95.1 104.4 122.5 132 131.4 131.2 142 163.9 162.3 177.9 191.5 191.1 191 191 191.5 200.5 213.4 220.4 225.1 227.2 228.4 223.4 225.2 216.2 215.8 210.3 209.7 209.2 209.2 213.7 209.6 214 215.1 216.7 211 209.8 213.4 217.6 221 224.4 223.7 225.4 227.8 231.1 231.2 232.4 238.2 241.6 241.6 239.5 239.6 237.2 232.9 224.1 216 211.7 211.6 213.5 220.9
-0.2 -0.2 -0.2 -0.2 -0.2 -0.2 -0.2 -0.2 -0.2 -0.2 -0.2 -0.2 -0.2 -0.2 1.3 6.1 14.6 22 27.4 33.4 41.8 47.6 64 84 97.5 119.7 133.6 129 125.9 134.4 163.2 164.5 179 193.4 202.2 191.4 193 191.6 194.9 206.2 216.6 218.2 225.3 230.8 224.4 220.7 220.1 216.5 212.6 208.9 209.1 206.6 207.3 206.2 207.5 212.3 208.6 208.4 206.8 209.9 214.2 219 222.9 223.5 224.4 227.3 232.2 231.7 226.5 231.7 239.3 236.8 235.2 236.4 235.8 230.2 223.2 224.9 213 212.1 214.5 210.4 210.7
-0.2 -0.2 -0.2 -0.2 -0.2 -0.2 -0.2 -0.2 -0.2 -0.2 -0.2 -0.2 -0.2 1 4.9 10.9 19.7 25.2 31.5 35.8 43.7 51.1 69.4 89.5 110.1 125.1 123 124.4 127.5 160.6 163.6 171.6 193.4 205 194.6 198.5 193 202.5 199.8 211 216.6 223.6 225.9 222.5 224.6 219.1 219.4 218.7 209.8 206.6 206.7 205.3 205 204.7 204.8 205.2 204 202.9 204.8 209.3 213.8 216.9 220.5 223.1 225.6 231.9 230.1 224.8 225 234.6 234.4 230.6 230.6 231.1 219.4 219.4 222.1 214.8 213.3 217.7 223.8 223.4 208.4
-0.2 -0.2 -0.2 -0.2 -0.2 -0.2 -0.2 -0.2 -0.2 -0.2 -0.2 -0.2 0.7 2.7 7.5 15.8 23.2 27.9 32.9 39.4 45.7 54.8 79 103.8 112.8 117 117.9 122.9 147 160.1 166.8 189.4 201.1 195.4 200.7 195.5 206.4 206.5 203.9 213.3 228.2 220.8 221.9 223.3 221.4 219.7 221.7 211.8 209.4 209.3 205.2 204.7 204.3 203.6 205.4 203.1 200.6 203.6 207.4 211.8 217.7 220.5 223.4 225.1 228.6 233.2 224.5 222.1 225.2 227.8 220.4 221.5 218.7 216 214.7 223.2 216 212.8 213.8 221.3 228.9 222.1 206.7
-0.2 -0.2 -0.2 -0.2 -0.2 -0.2 -0.2 -0.2 -0.2 -0.2 -0.2 -0.2 1 4 10.6 19.1 25.5 29.4 34.4 39.9 47.9 64.9 91.2 106.4 111.3 110.7 116.8 137.5 150 163.1 180.7 200.4 192.8 192 194.7 208.5 204.3 204.3 206.5 222.9 219.8 220.8 223.5 224.2 219.1 218.5 215.3 213.4 218.3 211 205.6 204.7 203.7 202.8 200.3 198.4 202.9 205.7 212.7 221.8 225.6 226.2 226.3 227.1 233.8 225.6 224.1 218.2 225.3 222.5 213.3 210.4 207.3 205.4 213.3 211.3 205.9 220.7 215.7 219.7 224.8 218.4 202.2
-0.2 -0.2 -0.2 -0.2 -0.2 -0.2 -0.2 -0.2 -0.2 -0.2 -0.2 -0.2 2.7 8.6 20.4 23.5 27.4 29.7 34.7 41.9 53.6 73.3 95.4 103.5 106.2 109.3 129 143.2 152.8 169.9 190.2 189.9 187.9 190.5 206.5 203 202.5 204.3 213 218.2 219.1 220.4 225.2 221.2 220.2 218 216.2 217.5 224.8 209.1 206.6 205.3 204 197.4 198.9 202.3 204.4 216.5 229.8 227.2 227.7 229 229.9 229.9 228.7 225.7 224.3 214.1 220.8 215.4 208.6 208.6 208.6 203.8 206.5 204.1 210 208.9 219.9 222.4 225.6 208.9 191
-0.2 -0.2 -0.2 -0.2 -0.2 -0.2 -0.2 -0.2 -0.2 -0.2 -0.2 -0.2 5 13.7 26.7 26.9 27.9 29.5 35.7 46 62.5 81.5 94.3 99.8 102.3 117.2 134.6 146.4 161.5 185.1 184.2 188 189.3 192.2 192.1 197.3 202.6 209.5 218 218.4 220.2 223.1 221.6 220.3 220.4 219.8 218.7 226.4 218.1 210.2 207.9 204.3 198.9 195 200.7 204 214 227 230.3 231.7 230 232.2 230 230.2 227.3 224.7 219.8 211.6 211.9 207.4 208.2 208.7 205.8 201.5 201.7 204.8 210.3 208.8 214.1 212.2 205.6 194.5 185
-0.2 -0.2 -0.2 -0.2 -0.2 -0.2 -0.2 -0.2 -0.2 -0.2 -0.2 3.1 8.7 20.4 26.2 28.8 29.3 32.6 39.4 54.6 68.1 83.8 93.5 98.6 105.8 126.8 140.1 155.3 180.9 179.4 188.6 189.5 184.9 191.1 202.6 201 212.1 217.8 224.5 230.9 234.7 225.9 221.2 220.6 220.7 220.6 225.4 230.6 217 209.3 203.6 197.3 193.4 197.7 200.6 207.4 222.8 227.4 232 234.9 232.4 230.9 229.4 230.2 224.7 222.2 214.9 207.2 204.5 206.5 206.9 207.2 200.4 200.6 201.4 201.7 203.4 204.2 206.1 207.6 207.1 194.8 187.3
-0.2 -0.2 -0.2 -0.2 -0.2 -0.2 -0.2 -0.2 -0.2 -0.2 -0.2 6.7 18.2 23.6 25.9 28.4 31.1 35.5 43.8 60.3 73.2 87.6 100.4 100.3 113.7 130.1 144.9 175.9 178.3 180.9 189.5 180.3 185.6 205.4 202.9 215.5 222 233.7 233.8 236.3 226.8 221.6 221.2 221 221.3 221.5 225 219.5 212.5 200.7 194.7 190.6 194.2 195.6 202.7 217.4 225.4 234.8 234.4 233.5 232.3 231 229.6 227.9 224.9 222.4 212 202.2 202.7 207.8 210.4 199.8 200.7 210.6 203.7 203.4 203.8 204.2 213.2 213.1 206.9 194.2 195.3
-0.2 -0.2 -0.2 -0.2 -0.2 -0.2 -0.2 -0.2 -0.2 -0.2 3.2 15.4 22 24.8 26.5 28.4 31.7 37.8 54.7 62.1 77.1 91 97.7 101.5 119.7 136.5 163.3 170.9 181.9 187.1 177.6 179.2 197.3 198.8 213.4 220.6 226.6 231.8 235.8 224.9 221.4 221.7 221.7 222.5 225.8 222.3 220.9 214.9 205.5 196.4 190.8 186.9 189 195.6 210.2 221.7 232.3 233.8 232.1 231.5 231.3 230.3 230.5 231.4 220.3 216.9 199.9 198.6 204.7 209.6 196.3 199.2 201.9 209.1 205.9 206.4 203.6 204.9 209.2 204.7 204.4 195.6 192.7
-0.2 -0.2 -0.2 -0.2 -0.2 -0.2 -0.2 -0.2 -0.2 1.1 15.8 22.5 24.4 25.4 27 28.8 33.7 45.1 55.2 65 80.5 91.8 99 108.9 127.1 154.6 164.2 177.5 178.5 172.8 173.9 188.9 195.5 212.2 219.4 218.6 226.2 232.4 224.6 224.5 220.3 220.9 224.4 228.4 232.1 224.4 215.9 209.1 200.4 192.4 186.9 181.4 190.6 206 219.5 231.1 229.5 231.2 230.8 230.4 231.1 230.5 225 224.1 209.5 209.2 188.7 196.9 201.9 194.4 198.4 201.9 214.3 208.6 209.3 203.3 202.3 202.4 204.2 203.2 214 192.9 183.4
-0.2 -0.2 -0.2 -0.2 -0.2 -0.2 -0.2 -0.2 -0.2 9.4 30.2 25 25.1 25.5 27.1 30.1 35.4 47.1 55.7 69.7 82.9 94 102 120.2 139.7 156.6 165.8 173 166.9 171.2 177.2 189.5 204.9 213.3 214.2 213.5 224.2 230.9 225.1 219.1 219.4 227.3 229.6 239.1 230.3 219.1 210.4 202.4 194.2 186.5 179.8 183.5 198.4 214.8 232.4 238.9 237.3 234.4 229.6 229.8 230.4 226.6 223.9 203.8 205.2 191 183.9 188 187.7 197.8 203.3 208.7 210.7 208.3 206.9 202.2 200.9 199 199 211.9 212.8 182.4 166.9
-0.2 -0.2 -0.2 -0.2 -0.2 -0.2 -0.2 -0.2 7.3 34.7 28.3 25.4 25.4 26.1 29.1 33.9 40.7 51.7 59.5 72.2 87.6 100 114.2 132.4 145.6 160.5 165.1 161.6 163.9 166 182 199.9 207.3 209.7 205.9 217.7 234.8 223.6 221.8 218 225.2 232 240.9 234.2 223.3 211.6 204 195.7 187.3 179.4 176.4 189.5 206.9 231.6 242.7 241.2 240.8 233.3 228.7 227.9 229.4 221.2 221.1 200.6 200.8 183.1 181.4 181.1 205.5 212.9 216.2 213.6 210.3 211 199.9 201.7 196.6 192.9 204.1 211.5 195.9 172.4 162.9
-0.2 -0.2 -0.2 -0.2 -0.2 -0.2 -0.2 -0.2 21.9 37.6 26.3 25.6 27.1 29.4 32.9 37.8 47.8 58.1 66 78.1 94.8 109.3 124.5 139.3 150.8 161.8 158.3 154.8 156.7 167.2 190.1 197.8 199 204.3 202.3 225.4 233.5 218 215.9 224.4 229.3 239.1 238 227.6 214.8 203.1 196.1 187.9 180.2 170.5 181 196.9 221.7 241.2 243.7 237.7 238.7 227.4 221.7 219.9 217.7 213.3 211.2 201 194 180.5 178.1 192.5 212.3 217 219.2 223.3 208 197.9 203.7 201 194.7 191.4 200.2 197 186.4 162.5 158.5
-0.2 -0.2 -0.2 -0.2 -0.2 -0.2 -0.2 6.4 36 28.5 25.3 27 29.1 31.3 35.5 44.2 54 63.3 72.2 84.6 103.2 119.8 135.4 145.5 153.8 155.9 149.9 150.7 155.5 182.2 188.2 192.4 194.2 191.1 219.8 238.7 220.3 214.1 219.5 226.9 237.4 239.7 230.6 217.9 203.8 194.9 186.6 177.2 170.9 172.8 191 207.5 235.4 241.8 230.7 229.7 222.3 211.6 216.6 209.5 209.7 212.1 198.2 196 185.2 176.9 185.6 205.8 209.8 216.1 226.8 215.5 202.6 194.6 206.2 196.5 188.3 189.4 197.2 193.4 168 151.6 152.4
-0.2 -0.2 -0.2 -0.2 -0.2 -0.2 3 26.7 28.2 25.2 25 27.1 29.4 32.9 40.9 49.8 59.7 69.1 77.4 89.8 115.4 128.5 142.2 149.5 150.8 149.8 148.4 151.5 167.9 176 183 185.9 187 202.1 230.8 230 211 216.4 221.7 228.7 238.4 236.1 219.7 206.5 192.9 185.4 175.8 167.6 166.6 179.1 195.2 221.3 236.7 230.8 221.2 218.9 213.8 205.7 205 207.4 207.7 203.3 185.4 181.7 177 171.9 200.4 205.4 211 221.9 217.3 212.7 184.7 187.5 199.1 188.3 186.6 189.6 197.8 184.7 160 143.9 147.1
-0.2 -0.2 -0.2 -0.2 -0.2 -0.2 12.7 23.8 25.5 24.7 25 27 29.2 35.8 47 56.2 66.2 76.3 85.1 108.9 127.9 143.9 150.5 151.9 151.1 147.9 140 146.9 163 169.3 174.3 178.1 178 212.8 228.8 206.2 208.6 217.6 225.1 235.6 237 222.8 207.8 194.6 183.5 175.5 166 158.6 170.9 185 203.1 220 221.7 208.9 202.7 205.1 206.6 202.8 201.8 200 202.1 186.8 172.3 177.7 167.4 178.9 197.8 205.4 209.9 214.3 207.6 188.8 176.7 183.9 192.5 185.2 188.3 192.9 191.6 171.5 146.9 135.3 135.4
-0.2 -0.2 -0.2 -0.2 -0.2 3.5 17.6 21.6 24.3 24.5 25.6 27.8 32.9 43.2 53.3 64.2 74 83.6 93.5 111.1 128.9 145.3 150.4 148.2 148.8 139.5 134.4 143.9 159.8 162.5 163.6 166.4 185.9 213.8 203.7 205.5 214.3 217.3 226.1 230 226.1 209.2 199.5 181.1 173.6 163.5 155.7 165.5 176.2 193 207.4 207.6 198.5 198.9 214.1 210.3 201.2 199 196.4 198.8 192.5 173.1 161.5 164.8 162.7 179.6 193.8 202.2 207.1 202.2 191.4 169.9 169 186.9 189.9 185.9 190.6 186.3 181.5 153.2 129.8 127.3 125.2
-0.2 -0.2 -0.2 -0.2 -0.2 5.7 15.6 19.8 23.4 25.2 26.7 30.4 38.2 50.5 61.9 72.6 82.2 90.3 100.1 117.1 135.2 143.3 142.1 145.7 134.5 130.1 132 150.1 154.3 152 158.3 165.7 186.6 191.7 197.2 205.5 211.6 218.2 222.6 223.9 212.9 199.6 186.6 170 164.1 154.9 152.6 166.8 182.2 200.3 204 189.6 190.4 208.6 207 203.4 189.2 185.9 186.3 186 185.7 158.4 153 158 163.6 181.8 191.5 197.4 193.2 183.6 170.7 158.5 169.2 182.2 181.6 185.6 181 175.2 164.5 145.6 117.6 118.4 101.4
-0.2 -0.2 -0.2 -0.2 4.8 10.6 16.3 23.1 24.6 25.6 28.6 34.4 46 57.9 70.3 80.9 88.9 97.5 114.8 128.1 136.8 138.1 139.2 132.1 124.2 123.9 137.2 148.7 145.9 147.3 153.9 169.6 180.6 188.4 200.4 206.1 208.4 210.3 212.4 209.8 201.8 187.2 170.4 162 155.9 149 156.3 172.7 186.5 190.1 185.4 182.8 201 201.7 201.4 181.3 172.4 176.7 178.7 185.5 168.6 145.3 140.1 150.6 166.4 179.1 184.6 184.9 183.4 171.4 157.4 154.8 169.4 177.9 180.8 178.3 169.1 162.9 144.6 125.3 101 108.1 77.4
-0.2 -0.2 -0.2 -0.2 9.3 14.4 18.5 22.1 25 26.6 31.4 42 54.7 67.4 78.9 87.8 96.4 111.8 122.1 128 131 133.9 127.2 120.7 115.6 121.1 135.1 138.2 137.3 143.8 149.9 168 182.9 196.8 207.2 208.8 210.9 220.1 209.9 202.6 190.3 174.9 160.4 154.2 149.1 143 163.8 170.6 176.9 177 173 189.3 192.7 191.3 177.4 166.9 163.4 171.2 179.9 177.7 149.2 132.8 127.7 146.5 159.5 170.4 173.4 176 171.9 146.6 147.2 155.6 168.6 176.1 168.4 168.9 158.8 148.3 133.7 105 95.4 85.2 55.1
-0.2 -0.2 -0.2 7 8.2 13.5 18.8 22.6 25.3 29.8 38.9 51 63.2 75.5 85.3 95.9 110.9 120.1 126.9 127.9 126.1 121.2 113 109.2 110.2 119 129 130.2 134.3 142.4 152.6 169.7 185.1 199.3 208.2 212.8 216.2 217.3 207.8 198.1 184.2 160.7 152.4 146.6 145.7 149.4 159.5 161.3 163.4 165.5 173.4 181.8 180.2 166.7 158.9 154 156.2 174.9 174 164.6 134.2 124.3 125.4 139.4 152.7 164.6 167.5 162.6 144.2 138.6 142 155.9 166.7 166.6 162.1 157.4 143.6 127.2 102.6 96.7 78 58.4 39
-0.2 -0.2 1.4 3.9 6.4 10.6 19.1 23.5 28.2 35.4 47.2 58.9 70.2 79.9 93.5 108.5 117.2 124.3 126.8 128.4 117.7 110.4 107.5 102.9 107.9 114.4 120.7 126.2 135.2 143.1 154.5 172.7 186.6 200.9 212 215.4 222.8 216.6 201.9 185.3 169.9 150 143.7 139 143.8 157.8 156.2 145.8 149.1 159.2 164.2 161.6 152.7 150.1 148.5 147.8 164.2 173 159.7 140.2 124.9 120.7 125.2 132.5 150.2 152.2 150 140.7 129.8 132.1 143.8 157.6 161.8 167.1 157 143.7 127.1 102.4 91 84.5 58.9 34.4 44.3
